data/110000-850000.asc
ncols 200
nrows 200
xllcorner 110000
yllcorner 850000
cellsize 50
[rows 74 to 110 of 200, columns 83 to 165 of 200]
-1.9 -1.9 -1.9 -1.9 -1.9 -1.9 -1.9 -1.9 -1.9 -1.9 -1.9 -1.9 -1.9 -1.9 -1.9 -1.9 -1.9 -1.9 -1.9 -1.9 -1.9 -1.9 -1.9 -1.9 -1.9 -1.9 -1.9 -1.9 -1.9 -1.9 -1.9 -1.9 -1.9 -1.9 -1.9 -1.9 -1.9 -1.9 -1.9 -1.9 -1.9 -1.9 -1.9 -1.9 -1.9 -1.9 1.2 44.2 119.4 184.6 180.9 174.5 169.9 167.8 165.1 160 154.6 150.4 145.3 140.4 135.6 129.9 122.3 114.7 107.9 103.7 100.2 92.8 88.2 85.3 82.5 80.9 77.9 76.2 69.3 58.8 57.8 51.6 53.1 -1.9 -1.9 -1.9 -1.9
-1.9 -1.9 -1.9 -1.9 -1.9 -1.9 -1.9 -1.9 -1.9 -1.9 -1.9 -1.9 -1.9 -1.9 -1.9 -1.9 -1.9 -1.9 -1.9 -1.9 -1.9 -1.9 -1.9 -1.9 -1.9 -1.9 -1.9 -1.9 -1.9 -1.9 -1.9 -1.9 -1.9 -1.9 -1.9 -1.9 -1.9 -1.9 -1.9 -1.9 -1.9 -1.9 -1.9 -1.9 -1.9 0.7 29.5 108.7 183.7 185.1 180.7 175.5 170.9 169.3 169.2 163.3 157.9 152.5 146.4 140.5 138 131.5 124.2 117 110.5 105.8 102.7 98.4 92.1 88 85.7 83.9 83.4 78.5 71.7 63 56.5 55.5 57.4 -1.9 -1.9 -1.9 -1.9
-1.9 -1.9 -1.9 -1.9 -1.9 -1.9 -1.9 -1.9 -1.9 -1.9 -1.9 -1.9 -1.9 -1.9 -1.9 -1.9 -1.9 -1.9 -1.9 -1.9 -1.9 -1.9 -1.9 -1.9 -1.9 -1.9 -1.9 -1.9 -1.9 -1.9 -1.9 -1.9 -1.9 -1.9 -1.9 -1.9 -1.9 -1.9 -1.9 -1.9 -1.9 -1.9 -1.9 -1.9 0.2 13.6 92.6 170.5 189.9 187 182.9 178.3 173.4 171.2 167.9 164.4 159.5 153.3 147.5 142.7 137.6 132.5 126.2 119.3 112.9 107.5 104.2 100.6 95.9 91.8 89 89.2 88.7 82.9 75.3 66.1 59.3 55.8 57.7 39.8 -1.9 -1.9 -1.9
-1.9 -1.9 -1.9 -1.9 -1.9 -1.9 -1.9 -1.9 -1.9 -1.9 -1.9 -1.9 -1.9 -1.9 -1.9 -1.9 -1.9 -1.9 -1.9 -1.9 -1.9 -1.9 -1.9 -1.9 -1.9 -1.9 -1.9 -1.9 -1.9 -1.9 -1.9 -1.9 -1.9 -1.9 -1.9 -1.9 -1.9 -1.9 -1.9 -1.9 -1.9 -1.9 -1.9 -1.9 0.6 77.6 156.7 193.7 192 190.3 184.9 180.6 176.8 172.4 168.2 164.2 159.8 153.7 147.2 142.1 136.9 131.7 126.4 120.9 115.1 109.7 106.2 102.4 98.9 94.7 91.4 92.4 94 85 75.3 66.3 62.9 56.9 50.1 44.6 -1.9 -1.9 -1.9
-1.9 -1.9 -1.9 -1.9 -1.9 -1.9 -1.9 -1.9 -1.9 -1.9 -1.9 -1.9 -1.9 -1.9 -1.9 -1.9 -1.9 -1.9 -1.9 -1.9 -1.9 -1.9 -1.9 -1.9 -1.9 -1.9 -1.9 -1.9 -1.9 -1.9 -1.9 -1.9 -1.9 -1.9 -1.9 -1.9 -1.9 -1.9 -1.9 -1.9 -1.9 -1.9 -1.9 1.5 60.4 142.5 197.2 195.3 193.9 191.1 186.5 181.1 177.2 172.7 168.6 164.4 159.9 154.6 148.1 141.7 136.7 131.7 126.7 121.8 117.1 113 108.9 103.4 99.5 95.8 91.2 89 85.2 78.9 71 74.3 69.9 64.1 58 51.4 44.8 -1.9 -1.9
-1.9 -1.9 -1.9 -1.9 -1.9 -1.9 -1.9 -1.9 -1.9 -1.9 -1.9 -1.9 -1.9 -1.9 -1.9 -1.9 -1.9 -1.9 -1.9 -1.9 -1.9 -1.9 -1.9 -1.9 -1.9 -1.9 -1.9 -1.9 -1.9 -1.9 -1.9 -1.9 -1.9 -1.9 -1.9 -1.9 -1.9 -1.9 -1.9 -1.9 -1.9 -1.9 1.6 13.1 104.9 199.7 199.8 198.3 195.9 190.8 186.3 180.2 177.1 173.1 169 164.4 159.9 155.3 149 143.4 138.5 133.2 128.2 123.3 117.7 112.6 108.1 100.2 99.3 95.9 91.4 90 89.2 82.7 79 78.9 76.1 71 64.9 54.4 47.5 -1.9 -1.9
-1.9 -1.9 -1.9 -1.9 -1.9 -1.9 -1.9 -1.9 -1.9 -1.9 -1.9 -1.9 -1.9 -1.9 -1.9 -1.9 -1.9 -1.9 -1.9 -1.9 -1.9 -1.9 -1.9 -1.9 -1.9 -1.9 -1.9 -1.9 -1.9 -1.9 -1.9 -1.9 -1.9 -1.9 -1.9 -1.9 -1.9 -1.9 -1.9 -1.9 -1.9 1 36.4 46.8 126.3 200.6 201.9 201.6 198.1 192.8 187.1 180.7 176.8 173.4 169 164.4 159.9 155.4 150.2 145.4 140.7 135.4 128.8 121.7 116.7 111.6 110.2 104.8 102.8 99.1 95 92.1 89.5 84.9 83.4 82 79.7 75.8 67.3 58.8 50.4 44.9 -1.9
-1.9 -1.9 -1.9 -1.9 -1.9 -1.9 -1.9 -1.9 -1.9 -1.9 -1.9 -1.9 -1.9 -1.9 -1.9 -1.9 -1.9 -1.9 -1.9 -1.9 -1.9 -1.9 -1.9 -1.9 -1.9 -1.9 -1.9 -1.9 -1.9 -1.9 -1.9 -1.9 -1.9 -1.9 -1.9 -1.9 -1.9 -1.9 -1.9 -1.9 1.1 34.1 71.2 97.9 156.6 201.6 203.4 201.4 198.2 192 186.9 182.3 178.4 173.7 169.1 164.5 159.9 155 150.7 145.8 139.7 131.5 128.1 124.1 119.6 116.1 112.7 109.9 106.6 102.5 98.1 94.4 89.4 88.2 88 85.4 82 80.2 73.7 66.2 54.4 37.2 -1.9
-1.9 -1.9 -1.9 -1.9 -1.9 -1.9 -1.9 -1.9 -1.9 -1.9 -1.9 -1.9 -1.9 -1.9 -1.9 -1.9 -1.9 -1.9 -1.9 -1.9 -1.9 -1.9 -1.9 -1.9 -1.9 -1.9 -1.9 -1.9 -1.9 -1.9 -1.9 -1.9 -1.9 -1.9 -1.9 -1.9 -1.9 -1.9 -1.9 1.6 35.8 76.8 98 158.8 194.8 202.9 201.8 200 196 190.5 186 181.7 177.8 173.6 169.4 164.6 159 153.7 149.3 143.6 139.7 136.1 132.4 128.5 124.1 119.8 115.7 112.4 109 105 100.6 96.4 92.1 91.3 90.3 88.9 85.9 80.6 80 71.2 63.7 42.8 -1.9
-1.9 -1.9 -1.9 -1.9 -1.9 -1.9 -1.9 -1.9 -1.9 -1.9 -1.9 -1.9 -1.9 -1.9 -1.9 -1.9 -1.9 -1.9 -1.9 -1.9 -1.9 -1.9 -1.9 -1.9 -1.9 -1.9 -1.9 -1.9 -1.9 -1.9 -1.9 -1.9 -1.9 -1.9 -1.9 -1.9 -1.9 -1.9 2.3 26.6 55.7 94.6 122.9 204.1 204.1 203.1 200.4 197.5 193.1 188.5 183.7 179.8 176.1 172.1 168.2 161.1 159.9 157.8 152.5 149.1 144.6 139.5 134.7 130 125.4 120.9 117 114.2 111.3 107.2 102.5 98.4 94.8 94.2 92.5 90.4 88.7 83.4 79.3 74.9 69.1 54.2 -1.9
-1.9 -1.9 -1.9 -1.9 -1.9 -1.9 -1.9 -1.9 -1.9 -1.9 -1.9 -1.9 -1.9 -1.9 -1.9 -1.9 -1.9 -1.9 -1.9 -1.9 -1.9 -1.9 -1.9 -1.9 -1.9 -1.9 -1.9 -1.9 -1.9 -1.9 -1.9 -1.9 -1.9 -1.9 -1.9 -1.9 -1.9 4.8 24.1 72.5 85.9 109.5 156.6 206.6 204.9 201.7 199.4 194.3 189.7 185.3 180.6 177.3 174.1 170.8 169.4 165.7 163.8 161 156.4 151.5 145.3 140.2 135.5 130.9 126.4 121.9 118.3 115.5 112.4 108.6 104.5 100.4 97.6 95.4 93.4 91.4 88.5 84.2 81.3 71.4 64.1 51.1 7.6
-1.9 -1.9 -1.9 -1.9 -1.9 -1.9 -1.9 -1.9 -1.9 -1.9 -1.9 -1.9 -1.9 -1.9 -1.9 -1.9 -1.9 -1.9 -1.9 -1.9 -1.9 -1.9 -1.9 -1.9 -1.9 -1.9 -1.9 -1.9 -1.9 -1.9 -1.9 -1.9 -1.9 -1.9 -1.9 -1.9 1.6 26.3 60.2 81.1 114.2 144.8 194.9 208.8 207.8 203.3 198.9 193.9 189 184.1 179.6 176 172.5 170.4 169.8 169.3 166.4 163.3 158.3 153.5 147.5 140.9 136.2 131.5 127.2 122.9 119.6 116 112.2 109.6 107.7 103.9 98.3 96 94.1 92.1 88.6 84.4 79.2 70.5 61.4 50.7 43.6
-1.9 -1.9 -1.9 -1.9 -1.9 -1.9 -1.9 -1.9 -1.9 -1.9 -1.9 -1.9 -1.9 -1.9 -1.9 -1.9 -1.9 -1.9 -1.9 -1.9 -1.9 -1.9 -1.9 -1.9 -1.9 -1.9 -1.9 -1.9 -1.9 -1.9 -1.9 -1.9 -1.9 -1.9 -0.3 1.5 17.1 41.3 75.6 100.3 141.4 179.9 214.6 211.8 208.6 203 199.1 195.3 190.4 185.3 180.8 177.7 174.2 172 172.5 172.5 168.8 165.1 160.5 155.4 149.4 142 136.8 132.3 128 123.8 119.4 115.4 112.3 110.8 111 108.1 100.9 97.2 94.7 91.5 87.3 83.7 79.1 68.4 59.1 62.8 57.1
-1.9 -1.9 -1.9 -1.9 -1.9 -1.9 -1.9 -1.9 -1.9 -1.9 -1.9 -1.9 -1.9 -1.9 -1.9 -1.9 -1.9 -1.9 -1.9 -1.9 -1.9 -1.9 -1.9 -1.9 -1.9 -1.9 -1.9 -1.9 -1.9 -1.9 -1.9 -1.9 -1.9 0.1 2 22.1 51.3 65.6 90.6 117.3 151.3 195.8 217.1 214.1 210.1 204.9 201.1 197.2 192.2 187.5 183.6 180.1 177.9 177 176.9 175.4 171.7 166.4 160.8 155.2 149 142.8 137.4 133.2 129 124 118.6 115.7 112.9 111.3 110.9 110.8 105.7 100.2 94.5 88.9 85.4 82 74.9 66.6 62.2 63.2 61.2
-1.9 -1.9 -1.9 -1.9 -1.9 -1.9 -1.9 -1.9 -1.9 -1.9 -1.9 -1.9 -1.9 -1.9 -1.9 -1.9 -1.9 -1.9 -1.9 -1.9 -1.9 -1.9 -1.9 -1.9 -1.9 -1.9 -1.9 -1.9 -1.9 -1.9 -1.9 -1.9 0.9 8.9 37.3 60.6 74.9 88.7 116.6 145.4 179.1 221.8 221.6 219.3 216.2 211.5 205.4 200.8 195.3 189.3 184.8 181.2 177.8 176.5 175.9 173 171 165.7 159.5 154.1 148.8 143.1 137.5 132.8 128.8 124 119.9 116.2 113.2 111.2 110.9 110.2 105.5 101.3 98.1 88.6 83.9 80.3 74.6 70.1 67.7 65.5 62.5
-1.9 -1.9 -1.9 -1.9 -1.9 -1.9 -1.9 -1.9 -1.9 -1.9 -1.9 -1.9 -1.9 -1.9 -1.9 -1.9 -1.9 -1.9 -1.9 -1.9 -1.9 -1.9 -1.9 -1.9 -1.9 -1.9 -1.9 -1.9 -1.9 -1.9 -1.9 1.8 10.8 53.8 76.6 88.4 89.3 99.5 136.6 230.6 225.8 224.2 225.7 225.3 222.8 217.5 210.5 203 196.4 190.5 185.8 182.1 178.3 175.6 173.4 170.3 168.5 163.8 158.1 152.8 147.4 143.3 137.6 132.2 127.9 123 119.7 116.7 113 109.9 109.6 106.7 104.6 100.9 98.9 90.9 86 82.2 80.7 78.9 72 69.6 63.2
-1.9 -1.9 -1.9 -1.9 -1.9 -1.9 -1.9 -1.9 -1.9 -1.9 -1.9 -1.9 -1.9 -1.9 -1.9 -1.9 -1.9 -1.9 -1.9 -1.9 -1.9 -1.9 -1.9 -1.9 -1.9 -1.9 -1.9 -1.9 -1.9 -1.9 17.2 20.4 56 68.3 87.9 99.6 99.4 124.2 160.3 228.5 232.8 230.5 229.6 230 225.8 221.2 213.5 205.3 198.2 191.6 186.7 182.8 179 176.5 172.3 168.8 164 159.9 155.2 151.5 145.7 140.7 138 132.4 127.5 123.1 119.7 115.7 112.8 109.7 106.2 102.9 100.3 98.5 94.3 90.6 87.3 83.1 89.4 85.1 73 65.1 59
-1.9 -1.9 -1.9 -1.9 -1.9 -1.9 -1.9 -1.9 -1.9 -1.9 -1.9 -1.9 -1.9 -1.9 -1.9 -1.9 -1.9 -1.9 -1.9 -1.9 -1.9 -1.9 -1.9 -1.9 -1.9 -1.9 -1.9 -1.9 -1.9 -1.9 30.9 70.9 68.2 78.3 101.5 108 121.9 154.8 211.6 211 238.7 234.4 230.8 230.2 227.6 221.9 214.9 206.7 198.9 192.6 187.7 183.5 179.9 176.2 171.6 168.1 163 158.3 154.4 150.9 146.8 141.2 140.1 134.6 131 126.3 120.9 114.8 109.4 107.2 103.6 99.8 98.8 93.7 90.9 88 83.6 80.3 81 78.2 68.8 61.8 56
-1.9 -1.9 -1.9 -1.9 -1.9 -1.9 -1.9 -1.9 -1.9 -1.9 -1.9 -1.9 -1.9 -1.9 -1.9 -1.9 -1.9 -1.9 -1.9 -1.9 -1.9 -1.9 -1.9 -1.9 -1.9 -1.9 -1.9 -1.9 -1.9 -1.9 17.7 72.4 74.5 97.7 119.6 118.6 141.1 191.9 251 245.8 239.6 235.8 233.2 232.4 231 223.6 215.6 207.5 199.4 193.6 188.8 184.2 180.4 175.8 171.1 167.4 163.2 159.2 155.3 152.1 147.9 143.9 140.8 136.3 130.4 126.9 121.1 114.9 109.5 106.1 102.7 99.7 97.3 92.7 88.7 85.1 81 79.5 70.3 67.3 64 59.7 51.4
-1.9 -1.9 -1.9 -1.9 -1.9 -1.9 -1.9 -1.9 -1.9 -1.9 -1.9 -1.9 -1.9 -1.9 -1.9 -1.9 -1.9 -1.9 -1.9 -1.9 -1.9 -1.9 -1.9 -1.9 -1.9 -1.9 -1.9 -1.9 -1.9 -1.9 37.6 82.6 88.2 108.4 131.5 140.6 171.8 234.4 254.5 248.7 242.7 237.6 235 234.1 231.2 224.4 216.3 208.3 200.7 195 189.1 184.5 179.8 175.2 170.5 168 163 159 154.4 150.9 147.5 143.9 140.1 135.5 131 126.2 121.3 114.9 109.6 105.7 102.2 99.5 95.8 90.6 85.5 81.1 76.5 73.7 67 60.6 56.1 51.4 44
-1.9 -1.9 -1.9 -1.9 -1.9 -1.9 -1.9 -1.9 -1.9 -1.9 -1.9 -1.9 -1.9 -1.9 -1.9 -1.9 -1.9 -1.9 -1.9 -1.9 -1.9 -1.9 -1.9 -1.9 -1.9 -1.9 -1.9 -1.9 -1.9 1.7 31.9 76.1 104.7 120.5 146.1 169.9 227.7 266.9 258.8 251.1 245 239.9 235.9 233.7 230.9 224.6 217.2 209.1 202.3 196.4 190.3 184.4 179.5 174.4 169.7 167.2 161.4 157.2 152.4 149 146.2 143 139.1 134 130.5 126 119.5 113.9 109.4 105.7 101.9 98.1 94.2 89.8 83.2 77.6 69.9 63.8 58.6 52.4 47.2 42.1 39.7
-1.9 -1.9 -1.9 -1.9 -1.9 -1.9 -1.9 -1.9 -1.9 -1.9 -1.9 -1.9 -1.9 -1.9 -1.9 -1.9 -1.9 -1.9 -1.9 -1.9 -1.9 -1.9 -1.9 -1.9 -1.9 -1.9 -1.9 -1.9 -1.9 2.3 57.8 94.3 116 151.9 184.6 219.1 277.8 270.1 261.8 253.9 246.2 239.6 235.8 231.8 228.3 224.3 217.2 210 203.3 196.7 190.1 184.7 179.4 174.1 169.3 164.7 159.6 153.4 149.2 146.3 143.4 141 137.1 131.9 127.4 123.8 117.9 112.9 108.3 104.2 99.8 95.5 92.4 87.3 82.2 77.2 69.7 63.5 55.3 45.6 39.5 38.4 18.8
-1.9 -1.9 -1.9 -1.9 -1.9 -1.9 -1.9 -1.9 -1.9 -1.9 -1.9 -1.9 -1.9 -1.9 -1.9 -1.9 -1.9 -1.9 -1.9 -1.9 -1.9 -1.9 -1.9 -1.9 -1.9 -1.9 -1.9 -1.9 -1.9 2.5 48.9 90.1 125.3 169.3 212 264.3 281.7 272.4 264.3 255.6 247 240.1 235.3 231.1 226.4 221.3 216.5 210.9 204.9 197.1 190.1 185.2 179.5 175.2 171.5 168.2 163.3 157.5 151.4 147 141.7 138.9 132.4 129.5 124.6 120.5 115.7 109.8 105.2 100.4 97.3 92.3 89.1 85.1 80.6 75.8 70.1 63.5 57.3 51.2 39.1 15.7 -1.9
-1.9 -1.9 -1.9 -1.9 -1.9 -1.9 -1.9 -1.9 -1.9 -1.9 -1.9 -1.9 -1.9 -1.9 -1.9 -1.9 -1.9 -1.9 -1.9 -1.9 -1.9 -1.9 -1.9 -1.9 -1.9 -1.9 -1.9 -1.9 -1.9 2.6 53.4 84.5 134.1 184.6 245.1 293.1 282.4 273.5 265.9 257.8 248.1 239.8 233.9 229.1 225.4 221.4 217.1 212.5 207.8 200.2 193.4 188.4 181.7 176.7 172.6 167.6 162.5 157.5 151.9 147.8 142.7 139.2 133.4 128.6 123.7 118.5 114.2 110.8 105.9 100.5 95.2 89.1 86.9 82.5 78 73.7 70 63 54.9 48.8 40.2 10.1 -1.9
-1.9 -1.9 -1.9 -1.9 -1.9 -1.9 -1.9 -1.9 -1.9 -1.9 -1.9 -1.9 -1.9 -1.9 -1.9 -1.9 -1.9 -1.9 -1.9 -1.9 -1.9 -1.9 -1.9 -1.9 -1.9 -1.9 -1.9 -1.9 0 7.5 56.1 98.8 143.9 209 281.3 294.6 283.3 273.4 265.4 258.2 247.7 238.9 231.3 227.5 224.5 222.3 220 215.3 209.8 203.8 197.2 189.6 183.7 178.1 172.6 167.6 162.4 157.2 152 148.3 143.8 139.5 134.7 128.9 123.5 120.4 116.1 111.5 106.4 101.5 95.2 88.4 79.9 78.9 75.9 72.7 67 58.7 49.6 42 27.4 27.5 -1.9
-1.9 -1.9 -1.9 -1.9 -1.9 -1.9 -1.9 -1.9 -1.9 -1.9 -1.9 -1.9 -1.9 -1.9 -1.9 -1.9 -1.9 -1.9 -1.9 -1.9 -1.9 -1.9 -1.9 -1.9 -1.9 -1.9 -1.9 -1.9 0.2 11.4 58.3 110.7 163.1 237.6 298 292 282.8 272.3 264.8 257.2 246.8 238.4 230.7 227.4 224.1 221.7 221 220.3 214 207.1 198.5 190.6 183.6 176.7 172.1 167.5 162.7 157.5 153.8 150.9 146 139.3 134 129.7 124.3 120.6 116.8 111.1 105.3 100.5 90.6 88.1 79.2 74.3 72.5 66.8 60.4 53.4 48.6 46 38.6 21.3 -1.9
-1.9 -1.9 -1.9 -1.9 -1.9 -1.9 -1.9 -1.9 -1.9 -1.9 -1.9 -1.9 -1.9 -1.9 -1.9 -1.9 -1.9 -1.9 -1.9 -1.9 -1.9 -1.9 -1.9 -1.9 -1.9 -1.9 -1.9 -1.9 0.4 18.9 70.1 128.7 207 277.7 299.1 290.3 280.2 270.6 263.3 255.3 246.6 238.6 230.6 227.1 223.6 221 220.9 220.4 215.9 209.4 200.6 190 182 176.1 171.6 167.1 162.5 157.8 155.3 152.9 150.5 142 133.4 127.6 123.6 120.9 114.3 107.9 102.9 97.5 87.2 82.6 80.5 70.7 69 62.4 60.7 60.7 52.5 45.8 39.4 -1.9 -0.3
-1.9 -1.9 -1.9 -1.9 -1.9 -1.9 -1.9 -1.9 -1.9 -1.9 -1.9 -1.9 -1.9 -1.9 -1.9 -1.9 -1.9 -1.9 -1.9 -1.9 -1.9 -1.9 -1.9 -1.9 -1.9 -1.9 -1.9 -1.9 0.6 5.5 70.8 141.8 225.8 308.2 297.2 286.7 276.2 267.5 261.7 254.1 245.7 237.4 229.2 225.6 222.1 220.2 219.8 218.3 215.3 210.1 199.7 189.2 180.1 174.8 170 165.3 160.6 157.6 155.7 154.3 151.3 138.2 131.1 125 120.6 117.5 111.9 106.4 99 92.9 85 79.2 79.6 71.8 66.8 61.1 61.1 59.5 54 47.7 37.7 -1.9 8.1
-1.9 -1.9 -1.9 -1.9 -1.9 -1.9 -1.9 -1.9 -1.9 -1.9 -1.9 -1.9 -1.9 -1.9 -1.9 -1.9 -1.9 -1.9 -1.9 -1.9 -1.9 -1.9 -1.9 -1.9 -1.9 -1.9 -1.9 -1.9 0.8 15.5 91 160.1 249.9 299.8 291.9 283.3 272.9 265.1 259.1 253.2 245.5 237 228.4 221.2 217.9 216.6 216.5 215.8 213.1 207.8 198.5 187.3 179.3 172.2 167.4 162.8 158.2 156.7 155.1 153.8 148.8 139.8 131.6 125.1 118.6 114.2 109.3 102.4 97.1 91.4 82.2 79.1 76.8 70.9 63.8 59.6 57.5 56.9 54.9 42.5 12 28.7 32.4
-1.9 -1.9 -1.9 -1.9 -1.9 -1.9 -1.9 -1.9 -1.9 -1.9 -1.9 -1.9 -1.9 -1.9 -1.9 -1.9 -1.9 -1.9 -1.9 -1.9 -1.9 -1.9 -1.9 -1.9 -1.9 -1.9 -1.9 -1.9 0.8 15.8 88.1 185.1 290.2 292.8 285.9 277.8 270.3 263.6 256.5 250.6 244.2 237.1 227.2 219.1 215.4 213.2 212 210.8 208.5 203.2 196.5 186.8 179.4 171.7 164.2 159.7 156.5 155.2 153.6 151.3 145 137 130.6 124.1 118.7 112.1 107.3 100.6 96.9 91.8 85.9 79.9 77 69.5 60.6 57.8 54.1 51 44.7 26.8 39.4 39.1 40.9
-1.9 -1.9 -1.9 -1.9 -1.9 -1.9 -1.9 -1.9 -1.9 -1.9 -1.9 -1.9 -1.9 -1.9 -1.9 -1.9 -1.9 -1.9 -1.9 -1.9 -1.9 -1.9 -1.9 -1.9 -1.9 -1.9 -1.9 -1.9 0.5 5.8 125.2 148.1 285.2 284.4 280.8 273.3 265.5 259.2 253.9 248.1 242.8 236.9 229.6 218.6 213.3 210.5 208.6 205.1 200.8 196.1 190.6 184.5 177.1 169.4 161 157 154.5 152.6 149.6 146.2 140.4 134.8 128.8 123.2 117.6 112.8 107.2 99.7 95.2 89.9 85.3 80.2 77.9 72 64.4 57.9 48.8 41.6 39.8 46 49.5 45.5 42.4
-1.9 -1.9 -1.9 -1.9 -1.9 -1.9 -1.9 -1.9 -1.9 -1.9 -1.9 -1.9 -1.9 -1.9 -1.9 -1.9 -1.9 -1.9 -1.9 -1.9 -1.9 -1.9 -1.9 -1.9 -1.9 -1.9 -1.9 -1.9 1 15.8 104.3 193.7 266.1 278.6 274.5 268.9 261.1 255.5 251.3 246.1 241.1 235.7 229.7 218.9 211.7 206.5 204 199.3 194.2 188.4 184.1 179.5 173.4 165.5 159 154.8 151.8 148 144.4 140.9 136.7 130.9 124.8 118.7 114.4 110.2 102.5 96.2 91.3 87.1 82.7 78.6 74.6 71.9 61.6 54.8 46.4 38.5 43.8 49.3 51.6 49.8 45.5
-1.9 -1.9 -1.9 -1.9 -1.9 -1.9 -1.9 -1.9 -1.9 -1.9 -1.9 -1.9 -1.9 -1.9 -1.9 -1.9 -1.9 -1.9 -1.9 -1.9 -1.9 -1.9 -1.9 -1.9 -1.9 -1.9 -1.9 -1.9 1.2 43.3 93.3 245.1 272.7 272.1 269.7 264.3 258 253.8 249.2 244.2 239.2 233.7 227.5 218.9 211.9 204.9 198.9 192.8 187.5 181.6 177.1 173.1 167.2 161.3 155.2 151 147.9 143.2 139.6 136 131.6 127.4 122.5 117.8 111.8 106.8 98.7 93.1 88.1 82.3 78.8 73.8 70.3 68.3 56.5 47.4 38.7 44.8 51.6 56.4 53.5 49.3 46.7
-1.9 -1.9 -1.9 -1.9 -1.9 -1.9 -1.9 -1.9 -1.9 -1.9 -1.9 -1.9 -1.9 -1.9 -1.9 -1.9 -1.9 -1.9 -1.9 -1.9 -1.9 -1.9 -1.9 -1.9 -1.9 -1.9 -1.9 -1.9 2.2 84.9 175.1 189.3 267.8 269.8 265.8 261 256.1 251.6 247 242.2 237.2 231.6 226 218.9 211.2 203.5 194.2 186 179.6 174.4 170.1 166.1 161 156.5 152 147.8 144.8 138.7 134.7 130.2 127.4 123.2 120.9 116.9 110.7 104.3 98.8 92.3 90.7 84.4 75.3 70.2 64.9 60.3 50.5 49.9 53.6 53.5 56.5 60.5 56.1 53.2 51
-1.9 -1.9 -1.9 -1.9 -1.9 -1.9 -1.9 -1.9 -1.9 -1.9 -1.9 -1.9 -1.9 -1.9 -1.9 -1.9 -1.9 -1.9 -1.9 -1.9 -1.9 -1.9 -1.9 -1.9 -1.9 -1.9 -1.9 -1.9 2.4 126.2 209.5 267.5 267.5 266.3 262.3 258.5 253.9 249.3 244.7 240.1 235.1 229.6 224.3 217.8 210 201.5 191.8 181.9 174.6 168 164.3 160.5 153.6 149.8 145.6 141.7 139.7 132.8 129.5 128.7 125.3 120.8 118.9 113 109 104.5 99.2 93.3 90.2 84 73.3 68.7 62.7 62.5 62.4 61.5 62.9 60.6 62.3 64.3 60.9 57.7 54.8
-1.9 -1.9 -1.9 -1.9 -1.9 -1.9 -1.9 -1.9 -1.9 -1.9 -1.9 -1.9 -1.9 -1.9 -1.9 -1.9 -1.9 -1.9 -1.9 -1.9 -1.9 -1.9 -1.9 -1.9 -1.9 -1.9 -1.9 -1.9 6.6 120.6 211.9 263.8 261.8 260.5 257.3 254.1 251.4 247 242.5 237.9 232.9 227.9 222.6 216.7 208.9 200.5 189.6 179.5 169.7 163.3 159.2 155.3 150 146 141.6 139.1 138.7 133.7 131.9 130 125.6 121.6 119 115 110.6 108.5 101.6 92.8 90.6 88 75.3 70.8 68.4 70.7 73 72.2 69.9 71.6 70.1 68.4 65.8 62.2 57.4
-1.9 -1.9 -1.9 -1.9 -1.9 -1.9 -1.9 -1.9 -1.9 -1.9 -1.9 -1.9 -1.9 -1.9 -1.9 -1.9 -1.9 -1.9 -1.9 -1.9 -1.9 -1.9 -1.9 -1.9 -1.9 -1.9 -1.9 -1.9 36.3 140.4 242.6 260.3 259.5 256.6 253 249.9 247.5 244.4 239.9 235.5 231.1 226.2 221.1 214.7 207 198.5 188.5 178.1 169.1 161.7 157.4 152.4 148.6 144.7 139.4 139.9 139 140.9 137.1 132.6 128.6 125.7 124.6 121.7 114.3 110.4 101.3 91.2 88.6 80.8 79.2 77.7 75.8 78.4 81.3 80.3 77.3 76.2 74.2 71.6 67.5 63.2 60.3
