data/110000-840000.asc
ncols 200
nrows 200
xllcorner 110000
yllcorner 840000
cellsize 50
[rows 36 to 71 of 200, columns 82 to 163 of 200]
67.9 65.1 63.6 62.7 62.7 62.9 66.8 72.1 78.9 86.9 105.6 135.9 147.9 152.3 157.7 163.5 163.8 162.9 162.1 161.4 159.6 155.5 152.3 150.2 147.2 143.2 138.1 131.7 129.8 127.9 124.2 120.7 117.3 114 108.8 106 102.8 107.2 109.7 111.4 112.1 113.2 118.5 121.6 120.9 117.6 116.4 119.8 122.1 125.6 131.5 138.3 143.2 148.8 154.1 158.6 168 179.3 182.3 186.8 187 184.6 180.2 178.4 176.7 176.3 178.1 179 179.3 177.4 173.3 167.1 160.6 156.3 150.8 144.6 139.4 136.6 132.2 126.5 116.9 107.5
67.3 68.7 65.6 62.7 64.2 68 75.9 85.9 95.3 113.4 137.7 158.8 159.9 159.9 164.8 167.7 167.1 165.4 164.7 161.7 157.3 152.8 150.5 147.8 145 140.3 139.3 132.8 129.7 127.9 124.6 122.3 119.1 112.8 109.5 108.4 109.7 113.1 113.7 116.9 122.7 129.3 126.3 125 122.4 119.3 120 124.3 126.1 129.6 136.3 142.8 148.8 160.3 163.4 173.9 182.1 186.1 192.3 195.3 189.7 185.8 181.2 179.4 178.3 178.5 180.3 183.3 181.7 179.3 175.7 170.3 164.3 156.9 150 144 140.6 136.1 131.6 126.4 118.8 108.5
64.8 66.7 66.6 62.7 69 76.4 90 102.8 119.6 146.2 176.3 174.7 168.7 167 168.4 170.3 170.3 167.9 163.8 159.6 156.4 154.2 151.6 149.9 148.2 148.7 144.1 137.6 133.5 128.7 126.5 124.1 121.6 118.4 111.2 108.5 111.9 116.3 120.8 123.4 127 129.2 128.5 126.4 123.8 122 125.7 130.5 134.1 138.5 142.9 149.8 159 167.4 178.9 183.4 189.8 196.8 201 200.6 196.6 189.2 184 182 179.1 179.2 182.2 185.1 186.9 182.4 178.1 173.1 167 156.5 148.7 144.6 140.1 135.6 131.1 126.2 123.2 109.1
63.2 64.7 63.1 65.3 72.3 89.6 102.9 120.7 149.3 187.5 193.2 185.7 179.4 174.5 172.5 172.8 170.8 167.1 162.1 159.3 157.1 155.5 153 151.1 149.5 149.1 147.1 141.6 136.4 131.5 128.3 125.9 123.4 121 116.8 110.7 115.1 119.6 123.5 126.8 130.4 129.9 129.3 127.8 126.1 129.2 132.3 137.4 143.4 148.1 153 163.6 173.4 180.2 186.6 192.2 194.7 203.2 205.7 200.8 199.1 194.4 189 188.2 184.4 183.3 184.4 187.1 189.3 190.6 186.1 177.5 167.3 156.8 148.7 144.2 139.7 135.3 130.2 124.7 121.2 111.3
62.9 63.5 65.9 69.5 81.5 103.5 113.4 140.7 173.8 199.5 195 188.2 183.7 179.7 176.4 173.7 171.9 167 162.1 159.8 157.8 156.2 154.4 152.2 151 150.5 149.7 144.4 139.5 134.6 130.2 127.7 125.1 122.3 119.5 117.1 118.4 122.4 126.2 130 131.2 131.3 131.5 129.9 131.7 136.3 138.6 141.5 149.4 157.4 168.2 178.1 183.4 186.7 190.9 195.1 200.1 209.2 210.1 206.6 203.9 201 200.3 196.6 188.9 187.5 187.8 189.6 189.9 194.4 190.7 182.3 167.9 158.2 149.5 143.9 139.4 134.7 128.8 123.1 119.6 112.6
62.1 65.8 71.5 80.7 95.2 115.6 131.3 157.1 187.4 201.3 196.9 192 187.6 183.2 179.5 175.4 171.8 167 162.1 159.8 158.9 156.9 155.4 153.4 152.4 152 151.7 147.6 142.7 138.1 133.7 130.4 128.2 125.9 122.8 118.7 120.6 126 129.7 133.4 133.9 133.7 133.8 133.5 137.9 142.6 143.4 146.6 155.7 167.4 179 188.4 192.7 194.1 194.9 198.9 208.6 211 210.5 210.8 210 207.1 205.3 201.6 194.9 189.9 189.6 189.5 189.7 189.8 185.4 179.8 170.3 159.4 151 143.5 139 133 127.4 121.7 117.2 111.9
60.4 72.2 75.6 86.5 105.6 124.7 137.7 165 179.7 202.4 202.1 197.3 192.9 188.3 183.5 179.3 174.4 169.2 164.3 164.5 165.3 160.7 157.3 154.5 154.1 154.1 153.7 152.7 148 143.5 138.7 133.9 131.7 129.5 126.1 122.9 123.5 129.8 133 135.8 136.8 137 136.8 139.1 143.1 148.6 149.5 157.8 168.6 175.7 186.7 197.3 198.6 198.6 203 208.1 211.7 211.8 212.2 213.2 212.8 211.7 207.9 203 197.1 191.6 189.7 189.3 189.8 188.6 182.3 178.8 173.5 167.4 152.5 144 137.4 131.6 125.9 120.3 115.3 110.4
64.6 77.9 79.7 90.1 103.9 123.5 139.2 146.3 168.4 209.8 210.5 204.6 199.8 193.9 189 184.5 180.1 172.5 168.5 169.7 171.9 167.3 162.9 160.5 158.4 159.1 159.9 158.9 154 149.1 143.7 137.4 134.8 132.5 129.6 128.8 128.6 132.2 135.5 137.7 138.8 139.8 140.7 144.3 149.4 154.8 159.1 170.4 179.5 184.4 190.4 197.5 201 204.1 209.9 214.9 214.7 215.2 215.8 216.3 215.6 214.6 210 204.5 199.4 195.3 189 189.2 191.6 189.1 185.6 186.1 183.4 170.6 157.6 148.7 139.8 132.7 127 120.9 115.3 109.7
69.4 77.6 78.4 77.6 96.2 118.9 133.8 135.8 151.5 191.7 220 213.4 209 203.9 197.9 192.3 187.5 178.8 174.2 178.5 179.4 178 176 175.7 173.3 168.6 167.1 164.9 160.3 154.1 147.8 143.2 137.7 135 131.7 129 131.3 134.5 137.9 139.7 140.7 141.7 143.2 147 153.4 158.7 171.5 182.5 188.7 192.9 194.5 198.9 203.4 207.4 214.7 218.4 218.8 219.8 220.5 220.9 219.4 216.2 211.2 206.8 201.8 203.2 203.4 199.5 196 194.1 190.6 190.4 186.8 173.6 163.6 154.3 145 134.8 128.4 122.5 116.9 111.8
64.9 70.7 69.9 75 93.1 110.8 124.8 130.4 136.2 164 227.4 226.6 220.6 212.8 206.5 200.9 194.6 186.6 185 188.1 189 189.2 189.3 186.8 183.5 181.2 177.1 171.4 164.5 158.1 151.9 146.5 142 137.7 134.3 132.4 134.1 137 140.4 141.5 142.4 143.7 145.6 151 157.9 171.7 183.9 190.1 196 198.7 199.1 202.2 205.1 209.6 218 220.4 222.6 224.4 225.2 225.4 225 220.6 215.9 215 212.5 213.8 210.8 204.7 199.4 198.7 193.5 190.1 187.5 178.9 169.3 160.4 149.1 138 129.9 124 118.9 114
53 68.2 74.3 79.8 93.6 108.8 105.4 113.6 118.9 141 200.4 231 225 219 214.2 208.4 201.5 191.7 192 196.7 198.3 198.1 197.2 194.5 189.4 186.3 181 174.4 168.6 162.6 155.9 149.8 145.3 141.4 137.5 136.6 137.3 138.5 140.8 143.1 144.4 147.2 150.1 154.3 164.8 177.4 190.8 198 201.9 201.3 204 207.5 210.3 214.2 218.4 222.1 225.7 229.1 229.4 229.2 229.3 228.4 226.1 222.2 217.9 215.5 212.4 205.4 201.3 199.5 194.4 189.7 186.8 177.8 172.2 163.3 151.7 141.1 131.3 125.9 121 116.1
38.6 57.1 76.6 96.1 89.7 93.5 96.5 101 105.2 126.3 186.2 230.7 228.4 225.9 221.2 213.8 205.9 199.1 197.3 202 203.3 202.6 202.4 200.4 195.1 188.7 183.1 177.1 171.2 165.4 159.5 153.6 148.7 144.2 139.7 140 138.6 139.1 141.2 143.6 147.7 150.7 153.7 158.3 169.4 181.7 191.4 198 203.9 205.4 208.9 212.8 215.5 219.4 223.5 227.6 231.2 236.3 234.3 234 235.7 235.8 230.5 226 221.1 217 213.5 207.9 203.5 199.7 195.9 190.5 186.1 177.7 170.5 162.9 153.1 142.1 134.5 128.3 123.2 118.1
11 40.3 62.4 83.7 90.9 79.7 86 90.2 97.8 115.7 154.8 201.9 230.9 229.3 224.2 217.9 210.4 203.9 202.2 207.1 207.7 208.1 207.5 204.8 199 192.6 186.2 180.9 175.2 169.6 163.9 158.3 151.7 146.3 143.3 141.7 140 140.1 141.7 144.8 149.3 153.2 156.2 162.1 173.1 182.3 190.9 198.1 203.5 207.4 211.7 216.3 220 224.5 228.5 232.6 236.8 240.6 239.1 238.5 240.9 239 234.5 229.7 224.9 220.1 214.7 210.3 205.8 201.4 197 192.5 185.6 178.2 173 166.5 154.3 144.6 138.6 132.4 126.3 119.9
4.1 36.1 46.3 65.7 80.2 81.4 81.5 89.5 109 123.9 145.9 183.2 230.9 230.1 227 220.6 214.3 210 209.8 212.8 213.8 213.9 211.7 209.2 202.9 196.5 190.2 185.2 180.1 174.5 168.8 163.2 155.4 150 145.7 143.4 141.7 141.6 142.1 146 150.5 155 158.8 165.9 175 183.3 190.9 198.1 202.4 206.6 212.4 218.2 224.2 230.4 234.8 238.7 242.1 244.3 244 242.3 242.6 240.1 236.8 232.3 228.3 224 217.8 212.4 208 203.6 199.2 193.7 186.5 179.3 175.1 169.4 156.8 148 142.2 136.1 129.3 121.7
2.2 22.8 40.2 48 61.3 80 82.9 90.4 104.1 129.1 153.9 193 228.9 231.4 227.5 222.9 218 215.7 217.2 218.6 219.9 219.3 217.7 215.5 208 201.1 194.2 189.2 184.2 179.3 173.8 167.4 159.2 154.2 149.7 146.1 143.4 143 143.9 147.6 152 156.4 160.8 166.4 172.9 183.2 191.1 197.1 201.4 206.6 212.6 219.2 226.4 234 241.1 244.2 246.8 249 248.5 246.5 245.4 242.5 239.8 237 232.7 227.7 221.3 215 209.4 203.8 199.4 194 186.7 180.6 174.7 169.4 158.8 152 145.7 138.9 132.1 124.3
1.4 10.4 26.2 39.1 49.4 64.9 73.5 88.9 100 125.3 171.8 233.9 239.8 233.9 228 224.9 222.1 220.2 222.4 223.9 226 227.6 225.6 219.8 213.5 206.2 198.7 193.1 188.3 183.3 178.4 171.7 163 158.1 153.1 149.1 146.5 146.1 146.9 149.9 154.2 158.6 163 168.4 176.3 185 191.4 196.7 201.7 207.1 214.3 220.8 227.9 235.5 243.6 248.7 249.9 252 252.1 250.5 247.9 245.1 242.5 238.4 236.6 231.2 225 218.6 212.6 207.1 201.3 195 187.9 181.6 175.2 169.3 160.9 153.6 147.7 142.8 134.6 126.7
0.3 5.6 18.1 34.1 43.8 56.5 70.3 94.7 106.2 128.1 170.5 242.7 245.6 239.4 233.1 229.1 226.8 225.7 227 228.9 231.1 232.3 228.6 223.3 216.9 210.5 203.2 196.8 192.2 187.4 184 177.8 166.3 161.1 155.9 152.5 151 150.1 150.1 151.8 156.5 160.9 165.6 170.5 177.4 188.8 194.9 197.3 202.1 209.6 217.5 224.8 231.1 237.9 245.7 250.1 252.3 255.1 255.5 253.4 250.6 246.9 242.6 238.3 234.9 230.5 227.7 222.2 215.9 210.3 204.4 198.5 189.8 182.3 175.9 169.6 162.1 153.1 148 141.7 133.8 125.8
-1.9 2.1 16 27.8 38 51 72.5 100 114.5 139.4 192.7 253.9 251 244.5 238.1 232.7 230.3 230.3 231.5 233.9 235.7 234.9 230.8 226.7 220.3 213.9 207.5 200.9 195.2 189.8 184.2 178.2 169.6 164.4 159.3 156.8 155.2 153.5 150.7 153.9 158.4 163.1 167.9 172.3 179.2 189.9 197.3 199.2 203.4 211.8 220.1 230.5 239.4 241.9 248 250.8 254.3 257.3 258.9 255.3 251 247 243.1 238.6 234.4 231.1 227.5 223.9 218.9 211.8 204.8 197.8 190 183.4 176.5 169.7 162.2 152.5 148.3 141 133.6 126.2
-1.9 1 12.7 21.1 34.2 45.9 70.8 95 126.2 181.3 259.7 263 255.7 249.4 243.3 237.2 232.6 233.3 235.4 238 239 237.7 234 229.4 222.8 216.5 210.4 203.9 197.2 190.6 184.4 177.6 172.4 167.3 162.2 160.2 158.7 157 154 156.4 159.5 166.5 171.9 174.5 180.8 191.9 199.6 201.1 205 214 222.6 235.5 242.7 245.2 249.4 252.6 256.1 259.4 259.5 255.1 250.9 247 243.2 239.3 235 231.9 229.2 225.2 218.1 212.3 204.7 195.7 190 182 175.1 168.5 160.7 157.8 150.4 143.1 135.9 128.6
-1.9 -1.9 8.8 22.8 35.4 47.5 67.6 90 161.7 269.7 280.1 269.5 260.6 254.3 247.5 240.5 234.9 234.7 237.5 240 241 240.2 237.3 232.3 225.5 219.2 213.3 205.9 199.2 192.5 185.7 180.2 175 169.8 165.2 163.3 161.6 160.3 159.4 160.7 163.9 170.5 172.9 177.4 182.5 193.9 201.4 204.5 208.9 215.6 224.8 239.8 244.3 248.4 252.2 255.4 258.3 259.7 259.8 254.9 250.7 246.9 243.1 239.3 234.9 232.5 228.2 223.3 215.7 209.2 201.8 197.4 191.7 185.2 177.2 172.4 167.2 160 152.5 145.2 137.9 130.7
-1.9 -1.9 2.6 18.9 37.1 50.7 68.9 102.7 218.6 293.1 285.3 276.1 266.6 257.9 250.4 243.9 235.5 235.5 238.7 241.9 244.4 244.7 241.9 237.3 231.7 225.1 217.3 209.9 201.5 193.9 186.8 181.2 176.4 171.7 168.9 166.8 164.8 163.1 163.6 163 165.7 169.4 174.2 179.2 186 197.5 204.7 209 215.1 221.6 227 237 246.3 251.5 254.6 256.6 258.6 259.5 259.4 255.4 250.6 246.8 243.3 239.8 234.6 230.2 228.5 224.6 220.4 215.3 211.7 204.5 195.9 187.2 180.1 175.5 168.5 160.3 154.3 147.3 140 132.6
-1.9 -1.9 0.7 6.6 40.6 55.3 72.7 159.4 240.7 295.1 290.3 281.3 271.4 262.8 254.3 244.2 237.6 238.6 240.7 241.3 244 245.1 242.7 238.7 234 229.2 222.9 215.7 206.3 198.4 190.8 183 178.6 176.1 173.6 171.2 169.1 167.8 168.3 169.6 171.3 173.5 175.3 180.8 189.3 200.3 206.8 211.2 216.2 221.8 227.4 235.3 245.1 253.2 256.5 257.9 259.2 259.2 258.9 257.3 252 250.5 249 245.9 243 241.6 235.6 230.2 225.2 220.1 215 207.5 198.4 189.4 182.2 175.1 168 160.9 153.6 147.7 141.8 133.5
-1.9 -1.9 1.9 2.6 40.8 50.2 89 167.6 225.6 268.6 279.4 279.3 275.7 266.1 253.1 241.8 238.6 239 239.5 239.5 241.1 242.1 240.3 239.5 235.5 230.9 226.3 221.3 212.2 202.9 194.9 186.5 183.4 180.8 178.3 175.9 173.5 172.7 174.4 176.3 178.1 178.2 179 181.7 191.8 203.9 210 214.3 218 223 228.1 238.1 247.2 254.5 258.8 260 262 260.7 258.4 257.9 254.3 252.9 252.4 253.5 250.5 247.1 240.9 235.3 230.1 225 219.7 211.6 199.9 189.9 182.3 175.6 167.9 160.4 153.3 147.4 141.5 133
-1.9 1.9 -1.9 -1.9 37.7 54.2 91.7 101.3 121 140.2 154.1 168.2 196 187.4 187.1 194.8 230.3 239.2 238.9 236.4 237.3 238.8 240.1 238.9 236.9 232.4 227.7 220.4 212.9 206.2 199.5 193.3 189.7 186.6 184 181.3 178.6 178.7 180.6 182.5 183.8 182.8 184.9 188 194.8 208.7 213.1 217.3 221.1 226.7 232.7 241.1 248.5 253.6 258.6 262.4 265.3 263.4 261.1 258.8 256.6 255.9 255.3 256.4 257.7 253.7 246.5 240.4 234.9 229.3 220.2 208.6 198.2 190.3 182.3 175.6 169.3 162.3 154.6 149.1 141 132.8
-1.9 -1.9 -1.9 -1.9 36.6 52.4 66.5 61.8 56.5 55.3 48.4 44.3 62 88.4 99.1 110.7 185 235.4 234.8 231.6 232.4 234.4 238.4 237 234.7 232.8 229.4 221.2 214.2 209.2 204.2 200.8 196.7 192.9 189.8 187.2 184.8 184.2 185.7 187.2 188 192.2 198.6 203.4 204.9 210.4 215.1 220.2 226.7 235.2 239.7 243.9 249 254.4 262 267.5 268.5 266.2 263.9 261.2 260 259.1 258.3 259.6 262.3 259.9 251.3 243.2 236.5 229.4 218.9 206.5 198.8 190.8 182.8 175.3 168.9 162.6 156.2 148.3 140.5 131.9
-1.9 -1.9 -1.9 -1.9 -1.9 43.4 47.2 43.3 20.2 26.2 33.5 25.1 27.9 28.8 37.3 78.4 148.2 220.6 232 230.3 229.4 230.1 233.6 234.7 233.2 232.1 228 221.5 217 213.7 211.5 208.4 204.9 200.6 196.2 193.1 191.4 189.7 190 191.6 194.9 202.6 215.9 218.4 216.6 214.4 217.1 223.2 232.8 245.4 241.3 245.2 251.1 259.9 268.2 270.3 269.3 268.6 265.8 264.2 263.4 262.6 265.3 267.9 268.7 264.7 254.8 245.8 237.1 228.5 218.5 207.3 199.3 191.2 183.2 175.2 168.6 162.5 156 148.1 140.3 126.6
-1.9 -1.9 -1.9 -1.9 -1.9 -1.9 -1.9 -1.9 -1.9 -1.9 8.9 2.9 2.5 3.4 11.8 36.8 105.8 167.8 233.1 230.3 229.6 227.7 227.5 230.3 232.5 231.2 226.2 223.4 222.3 219.8 218.1 216.1 213 208.5 204.1 200.3 198.4 196.5 194.9 195.7 200.7 213.2 222.2 224.6 224.3 220.7 218.7 222.4 227.9 237.8 239.8 245.6 254.1 267.5 271 271.6 273 269.2 268.3 267.3 266.2 267.5 269.3 270.9 270.6 264.7 254.3 246.1 236.5 226.7 216.9 206.3 198.6 191 183.4 175.7 168.4 163.6 155.7 147.8 137 135.1
-1.9 -1.9 -1.9 -1.9 -1.9 -1.9 -1.9 -1.9 -1.9 -1.9 -1.9 -1.9 -1.9 -1.9 0.7 2.9 36.5 127.1 191 231.3 228.3 223.2 221.6 224.8 227.8 230.4 228.7 227.3 227.5 227.5 227.1 225 222 216.7 211.6 207.9 205.9 204 202 199.9 204.3 213.6 221.9 225.7 226.6 226.3 225.7 223 227.6 230.5 238.1 245.8 255.3 266.5 270.8 273.5 275 270.4 270.4 269.7 269 271.6 274 271.5 267.9 258.7 249.4 241.7 233.5 224.9 215.1 205.2 197.6 189.9 182.3 174.6 168.5 160.7 154.9 148.6 131.7 138.5
-1.9 -1.9 -1.9 -1.9 0.3 -1.9 -1.9 -1.9 -1.9 -1.9 -1.9 -1.9 -1.9 -1.9 -1.9 -1.9 1.8 32.4 124.9 207.8 224.1 220.1 219.4 219.1 222 224.9 226.7 230.3 232.7 236.4 236.4 233.8 230.7 225.2 219.7 215.4 212.6 209.5 206.3 206 208.9 214.2 221.7 226.4 228 229.7 231.2 228 229.7 232.2 238.9 244.2 251.9 262.1 268.4 272.4 271.6 274.1 275.7 274.7 271.7 271.6 273.7 271.2 263.1 254.2 246.6 239.1 230.5 221.7 213.8 203.6 196.5 188.8 181.2 175.3 169.8 161.6 153.8 141.2 145.3 144.3
-1.9 -1.9 -1.9 -1.9 -1.9 -1.9 -1.9 -1.9 -1.9 -1.9 -1.9 -1.9 -1.9 -1.9 -1.9 -1.9 -1.9 2.2 3.7 113.5 216 220.1 216.9 215.7 216.2 219.8 224.6 230.8 236.3 244.4 245.4 242.5 238.7 233.2 227.7 220.6 216.1 212.9 209.7 212 214.3 218.5 222.9 226.5 231.4 233 234.7 235.5 235.3 240.8 246.8 249.4 253.4 261.8 265.7 270.2 273.3 277 277.6 277.1 272.3 271 268.8 263.6 258.4 250.5 244.5 235.5 226.5 218.5 211.3 203.3 195.4 187.8 181.6 176 170.5 162.5 154.1 150.1 150.7 147.5
-1.9 -1.9 -1.9 -1.9 -1.9 -1.9 -1.9 -1.9 -1.9 -1.9 -1.9 -1.9 -1.9 -1.9 -1.9 -1.9 -1.9 0.1 2.6 30.3 143.7 210.8 209.7 209 209.3 215.3 225.8 232.2 237.1 246.9 250 248.4 246.5 241.2 234.8 227.4 219.4 216.4 213.1 213.7 217.3 220 222.6 226.6 231.6 236.5 238.1 239.3 242.3 246.5 251.4 255.2 258.9 260 263.7 268.9 271.8 273.3 272.7 272.2 270.1 265.9 262 257.9 255 249.8 241.1 231.2 223.2 216 208.8 201.6 194.3 187.9 182.3 176.8 171.3 163.2 155.7 152.9 152.6 153.7
-1.9 -1.9 -1.9 -1.9 -1.9 -1.9 -1.9 -1.9 -1.9 -1.9 -1.9 -1.9 -1.9 -1.9 -1.9 -1.9 -1.9 -1.9 1 2.8 84.2 177.7 208 201 204.5 211.1 220.6 228.8 234.8 241.9 245.5 249.3 250.2 247.4 240.7 232.9 223.9 218.1 214.8 214.7 217.5 219.9 222.3 226.8 231.8 236.7 243.9 249.6 250.8 250.9 255.2 259.3 260.7 261.1 262.3 267.1 268.7 270.3 269.6 268.2 265.9 263 259 254.3 250.2 245.9 236.2 228.4 221.5 213.9 206.7 199.7 193.3 187.6 181 175.7 170.3 163.2 159.6 156.2 156.7 158
-1.9 -1.9 -1.9 -1.9 -1.9 -1.9 -1.9 -1.9 -1.9 -1.9 -1.9 -1.9 -1.9 -1.9 -1.9 -1.9 -1.9 -1.9 0.7 3.2 50.6 121.3 201.4 193.3 202.1 207.6 215.2 225.6 231.6 236.2 240.8 247 252.3 253 245.4 238.4 228.3 219.8 216.2 214.5 216.8 219.1 221.4 226.2 230.9 235.6 243.1 257.3 259.2 258.9 259.7 261.3 260.7 261 263.5 264.7 265.8 267.2 266.1 264.4 261.8 259.2 256 251 246.1 240 233.1 227 220.5 213.4 204.7 197.8 193.7 188.7 181 174 168.3 164 161.6 159.1 159.3 160.4
-1.9 -1.9 -1.9 -1.9 -1.9 -1.9 -1.9 -1.9 -1.9 -1.9 -1.9 -1.9 -1.9 -1.9 -1.9 -1.9 -1.9 -1.9 -1.9 0.7 3.8 51.4 133.7 201.1 201 205.7 211.8 220.4 226.7 230.4 235.1 242.5 249.2 250.5 248.7 241.5 229.4 220 215.5 212.7 214.9 217.1 220.6 225.8 230.3 234.9 242.7 257.2 261.3 262.2 261.9 262.1 261.5 260.8 261.9 262.7 263.6 263.9 262.4 260.2 257.6 254.9 252.2 248.3 242.6 237 230.1 226.1 219.6 213 204.7 198.1 194.2 189.2 182.1 174.3 169.5 166.6 163.2 160.6 161.8 163.4
-1.9 -1.9 -1.9 -1.9 -1.9 -1.9 -1.9 -1.9 -1.9 -1.9 -1.9 -1.9 -1.9 -1.9 -1.9 -1.9 -1.9 -1.9 -1.9 -1.9 1.2 12.4 81.4 186.3 197.9 207.3 207 214.7 221.2 226.7 229.8 234.9 242.5 249.1 250.6 240.6 227.1 216.1 211.1 209.8 212.5 215 219.9 225.3 230 234.7 240.5 254.5 263.4 268.8 266 264.9 264.5 262.7 260 260.3 260.9 261.7 259.5 256 253.4 250.7 248.1 244.7 239.2 233.5 228.2 224.2 218.7 211.2 203.7 198.4 194.6 189.6 183.2 174.1 170.1 169.3 166.7 165.9 165.8 166.4
-1.9 -1.9 -1.9 -1.9 -1.9 -1.9 -1.9 -1.9 -1.9 -1.9 -1.9 -1.9 -1.9 -1.9 -1.9 -1.9 -1.9 -1.9 -1.9 -1.9 -1.9 0.5 32.9 80.4 181.2 204.6 207.1 209 215.6 222.1 225.7 227.8 231.2 236.6 237.5 232.7 222.6 212.8 207.7 206.6 209.1 210.9 218.5 223.5 228.1 232.9 238.8 250.8 262.6 271.3 270.3 268.8 266.8 264.1 260.6 258.9 259.3 259.6 256.4 252.7 249.3 246.6 244 240.3 236.2 231 225 220.9 216.2 208.7 201.9 196.2 192.3 188 180.6 176.5 172.5 171.3 171.8 171.2 171.1 171.1
