data/110000-840000.asc
ncols 200
nrows 200
xllcorner 110000
yllcorner 840000
cellsize 50
[rows 108 to 143 of 200, columns 82 to 163 of 200]
-1.9 -1.9 -1.9 -1.9 -1.9 -1.9 -1.9 -1.9 -1.9 -1.9 -1.9 -1.9 -1.9 -1.9 -1.9 -1.9 -1.9 -1.9 -1.9 -1.9 -1.9 -1.9 -1.9 -1.9 -1.9 -1.9 -1.9 -1.9 -1.9 -1.9 -1.9 -1.9 51.5 151.4 207.5 205.3 203.3 199.6 195.4 191.4 187.3 181.4 173.4 163.1 151.8 140.8 133.5 128 122.3 117.5 115.3 114.1 117.2 118.8 125.5 132.3 139.2 150.9 153.5 157 158 157.7 159 159.2 159 159.8 161.1 163 167.1 173.1 188.6 200.7 209.7 219 235.8 262.6 273.4 278.2 282.8 300.4 315.3 321.7
-1.9 -1.9 -1.9 -1.9 -1.9 -1.9 -1.9 -1.9 -1.9 -1.9 -1.9 -1.9 -1.9 -1.9 -1.9 -1.9 -1.9 -1.9 -1.9 -1.9 -1.9 -1.9 -1.9 -1.9 -1.9 -1.9 -1.9 -1.9 -1.9 -1.9 -1.9 -1.4 17.9 81.8 181.2 193.1 193.7 191.3 187.5 183.9 179.3 172.4 163.3 153.4 143.8 133.1 123.8 118 113.5 110.2 108.3 110.1 113.3 118.5 125.5 132.5 141.6 151.2 151.7 154.3 155.3 155.5 158.2 160.1 160.1 160.7 161.8 163.1 165.1 170 189 203.6 207.1 216 228.4 251 263.6 275.1 281.1 298.9 314.7 321.1
-1.9 -1.9 -1.9 -1.9 -1.9 -1.9 -1.9 -1.9 -1.9 -1.9 -1.9 -1.9 -1.9 -1.9 -1.9 -1.9 -1.9 -1.9 -1.9 -1.9 -1.9 -1.9 -1.9 -1.9 -1.9 -1.9 -1.9 -1.9 -1.9 -1.9 -1.9 -0.2 1.8 36.4 131.6 177.8 178.2 182 178.5 173.5 167.7 159.9 151.9 141.8 133.3 124.9 116.1 111.8 107.8 102.7 103.9 107.6 112.9 119.1 126 133 134.8 143.4 149.3 151.5 152.5 154.8 158 161.5 162.4 162.5 163 163.8 166.3 176.8 191.4 202.8 206.1 215 226.1 240.8 261.9 274.3 282.4 303.6 315.3 316
-1.9 -1.9 -1.9 -1.9 -1.9 -1.9 -1.9 -1.9 -1.9 -1.9 -1.9 -1.9 -1.9 -1.9 -1.9 -1.9 -1.9 -1.9 -1.9 -1.9 -1.9 -1.9 -1.9 -1.9 -1.9 -1.9 -1.9 -1.9 -1.9 -1.9 -1.9 -1.9 0.4 1.9 70.8 147.3 157.5 161.3 159.8 155.3 152 146.6 139.3 130.4 123.5 115.1 110.2 106.1 102.4 100.4 102.7 107.4 112.1 117.1 119.9 128.2 130.9 140.9 143.9 149.5 152.1 156 159.9 164.8 168 168.2 168.1 166.7 169.6 177.1 192.5 203.5 206.8 212.4 224.7 240.8 261.6 274.4 279.3 293.6 308.2 310.1
-1.9 -1.9 -1.9 -1.9 -1.9 -1.9 -1.9 -1.9 -1.9 -1.9 -1.9 -1.9 -1.9 -1.9 -1.9 -1.9 -1.9 -1.9 -1.9 -1.9 -1.9 -1.9 -1.9 -1.9 -1.9 -1.9 -1.9 -1.9 -1.9 -1.9 -1.9 -1.9 -1.9 0.7 19.7 120.2 139.5 141.6 141.7 138.3 135.1 129.9 125 118.8 113.1 108.7 103.6 100.4 98 96.7 99.1 103.5 109.2 115.6 121.8 131.3 134.5 141.1 140.2 148.5 153.3 157.2 161.1 169.3 173.7 172.6 170.6 168.8 171.1 175.8 189.4 202.8 207.8 214.1 223 240.4 267.5 271.5 274 283.1 292.1 297.7
-1.9 -1.9 -1.9 -1.9 -1.9 -1.9 -1.9 -1.9 -1.9 -1.9 -1.9 -1.9 -1.9 -1.9 -1.9 -1.9 -1.9 -1.9 -1.9 -1.9 -1.9 -1.9 -1.9 -1.9 -1.9 -1.9 -1.9 -1.9 -1.9 -1.9 -1.9 -1.9 -1.9 0.2 2.9 66.9 123.7 124.3 126.1 123.5 120.2 117.5 113 107.1 103.9 99.6 97.6 95.9 93.8 92.7 94.7 99.8 106.6 115.5 126.1 134.4 141.2 146.4 151.4 152.7 154.5 158.4 162.7 170.3 172.1 171.7 169.9 168.8 171.4 174.1 184.3 199.5 205.9 213.7 221.9 235.2 254.5 267.3 266.5 267.8 276.1 285
-1.9 -1.9 -1.9 -1.9 -1.9 -1.9 -1.9 -1.9 -1.9 -1.9 -1.9 -1.9 -1.9 -1.9 -1.9 -1.9 -1.9 -1.9 -1.9 -1.9 -1.9 -1.9 -1.9 -1.9 -1.9 -1.9 -1.9 -1.9 -1.9 -1.9 -1.9 -1.9 -1.9 -1.9 -1.9 18.6 109.9 108.7 108.2 109 106.3 104.3 98.7 96.4 94.8 92.3 92 90.8 91.2 90.7 92.1 97.8 105.3 114.7 125.7 138.3 145.4 151.3 153.5 155.2 157 159.8 164.5 170 170.1 169.1 166.8 166.1 169 169.7 179 191.1 204.5 213.5 222.1 230 241.6 254.4 257.5 257.2 262.5 268.3
-1.9 -1.9 -1.9 -1.9 -1.9 -1.9 -1.9 -1.9 -1.9 -1.9 -1.9 -1.9 -1.9 -1.9 -1.9 -1.9 -1.9 -1.9 -1.9 -1.9 -1.9 -1.9 -1.9 -1.9 -1.9 -1.9 -1.9 -1.9 -1.9 -1.9 -1.9 -1.9 -1.9 -1.9 -1.9 1.6 71.5 97.4 97 97.1 94.5 91.9 89.4 89 87.4 87 86.3 85.7 88 90.1 91.8 95.4 103.3 114.8 127.8 143.3 149.1 154 155.7 157.3 158.4 159.7 166.4 169.9 168.5 167.4 163.8 163.4 166.3 168.6 176.3 185.4 198 212.3 223.4 230.8 237.4 242.2 245.9 250 254.2 259.1
-1.9 -1.9 -1.9 -1.9 -1.9 -1.9 -1.9 -1.9 -1.9 -1.9 -1.9 -1.9 -1.9 -1.9 -1.9 -1.9 -1.9 -1.9 -1.9 -1.9 -1.9 -1.9 -1.9 -1.9 -1.9 -1.9 -1.9 -1.9 -1.9 -1.9 -1.9 -1.9 -1.9 -1.9 -1.9 1.5 68.8 82.8 85.5 87.5 86.2 84.1 84.2 83.2 82.9 84.2 83 82.2 84 87.6 91.4 94.9 101.8 112.1 130.3 146.9 153 156.1 157.2 158.2 159.3 160.4 165.5 170.3 169.6 165.7 161.9 160.2 160.9 164.1 172 180.3 191.9 206.5 219.2 225.2 230.9 236.5 241.5 246.5 250.1 251.8
-1.9 -1.9 -1.9 -1.9 -1.9 -1.9 -1.9 -1.9 -1.9 -1.9 -1.9 -1.9 -1.9 -1.9 -1.9 -1.9 -1.9 -1.9 -1.9 -1.9 -1.9 -1.9 -1.9 -1.9 -1.9 -1.9 -1.9 -1.9 -1.9 -1.9 -1.9 -1.9 -1.9 -1.9 -1.9 1.2 59.8 68.4 68.7 72.5 76.5 76.7 77.3 77.5 78.5 80 80.7 80.2 81.4 85.5 90.1 94 100.2 110 130.2 150.7 156.8 157.2 158.2 159.3 160.4 161.5 162.9 167.4 164.7 162.5 158.7 155.8 154.2 159.5 166.6 175 187.3 206.6 216.9 220.1 227.9 233.3 238.1 243 243.6 245.1
-1.9 -1.9 -1.9 -1.9 -1.9 -1.9 -1.9 -1.9 -1.9 -1.9 -1.9 -1.9 -1.9 -1.9 -1.9 -1.9 -1.9 -1.9 -1.9 -1.9 -1.9 -1.9 -1.9 -1.9 -1.9 -1.9 -1.9 -1.9 -1.9 -1.9 -1.9 -1.9 -1.9 -1.9 -0.8 1.9 50 53.3 57.2 60.1 61.8 67.1 69.7 69.4 71.3 74.4 74.7 76.6 79.9 83 88.6 93.5 99.4 108.8 129.8 148.6 158.2 157.8 159.4 160.5 161.5 161.9 161.9 162.3 160.8 159.3 155.8 152.1 150.2 152.9 159.1 168.6 180.9 204.8 217.3 221.1 225.4 230.1 234 236.9 236.1 238.4
-1.9 -1.9 -1.9 -1.9 -1.9 -1.9 -1.9 -1.9 -1.9 -1.9 -1.9 -1.9 -1.9 -1.9 -1.9 -1.9 -1.9 -1.9 -1.9 -1.9 -1.9 -1.9 -1.9 -1.9 -1.9 -1.9 -1.9 -1.9 -1.9 -1.9 -1.9 -1.9 -1.9 -1.9 -0.8 1.1 16.1 42 48.7 52.9 52.2 55.3 59.4 61.3 61.3 62.7 69.3 75.4 79.2 80.6 85.4 92.9 98.5 109.4 127.6 144.1 154.9 157.2 159.5 161.4 162 162.1 161.6 159.9 158.5 157.2 155.3 151.6 149.6 149.2 154.8 161.1 174.3 196.9 209.7 214.2 223.4 224.2 226.8 230.7 230.3 234.1
-1.9 -1.9 -1.9 -1.9 -1.9 -1.9 -1.9 -1.9 -1.9 -1.9 -1.9 -1.9 -1.9 -1.9 -1.9 -1.9 -1.9 -1.9 -1.9 -1.9 -1.9 -1.9 -1.9 -1.9 -1.9 -1.9 -1.9 -1.9 -1.9 -1.9 -1.9 -1.9 -1.9 -1.9 -1.1 0.7 2.3 37.5 42.7 46.7 45 44.6 48.9 51.4 58.5 62.8 70.5 76.8 79.9 79.3 78.7 86.9 95.9 111 125.3 139.4 150.6 154.9 157.5 160.4 162.1 161.3 160.3 158.1 156.1 154.9 153.7 151.1 149.8 148.7 152.5 158.5 170.9 185 197.5 206.3 217.2 220.1 220.4 226.3 226.2 227.6
-1.9 -1.9 -1.9 -1.9 -1.9 -1.9 -1.9 -1.9 -1.9 -1.9 -1.9 -1.9 -1.9 -1.9 -1.9 -1.9 -1.9 -1.9 -1.9 -1.9 -1.9 -1.9 -1.9 -1.9 -1.9 -1.9 -1.9 -1.9 -1.9 -1.9 -1.9 -1.9 -1.9 -1.9 -1.9 -0.5 1.1 16.3 37.5 40.9 41.1 42.8 52.2 59.9 61.5 67.5 72.6 78.3 80.5 80 79.7 83.7 94.4 111 125.1 134.4 146.2 152.7 156.1 159.1 160.4 160.1 158.5 156.3 154.1 152.5 151.3 150.9 149.2 148.8 153.7 158.5 169.2 182.4 190.5 200.3 209 216.1 221.5 226.7 222.4 223.5
-1.9 -1.9 -1.9 -1.9 -1.9 -1.9 -1.9 -1.9 -1.9 -1.9 -1.9 -1.9 -1.9 -1.9 -1.9 -1.9 -1.9 -1.9 -1.9 -1.9 -1.9 -1.9 -1.9 -1.9 -1.9 -1.9 -1.9 -1.9 -1.9 -1.9 -1.9 -1.9 -1.9 -1.9 -1.9 -1.9 -1.9 2.4 31.6 29.9 38.8 45 54.4 62.1 65.3 69.6 74.8 79.9 81.2 80.9 81.1 82.9 93.1 104.4 117 128.7 139.8 150.3 154.8 157.9 158.5 159.1 157.7 154.9 152.3 150.2 150.1 150.8 146.9 144.8 149.6 155.1 170.2 178.9 186.3 195.3 204.9 212.6 220 224.4 225 222.7
-1.9 -1.9 -1.9 -1.9 -1.9 -1.9 -1.9 -1.9 -1.9 -1.9 -1.9 -1.9 -1.9 -1.9 -1.9 -1.9 -1.9 -1.9 -1.9 -1.9 -1.9 -1.9 -1.9 -1.9 -1.9 -1.9 -1.9 -1.9 -1.9 -1.9 -1.9 -1.9 -1.9 -1.9 -1.9 -1.9 -1.9 -1.9 23.8 32.7 39.5 45.4 54.6 62.3 66.4 70.7 76.4 80.1 82.2 81.7 80.2 83 92.7 101.5 106 116.5 130.3 142.3 149.5 154.7 158.3 158.8 157.6 154.9 152.1 148.6 149.4 146.5 142.6 140.7 145.1 153.5 173.2 183.1 189.9 195.8 202.2 209.8 218.3 220.4 227.9 228.2
-1.9 -1.9 -1.9 -1.9 -1.9 -1.9 -1.9 -1.9 -1.9 -1.9 -1.9 -1.9 -1.9 -1.9 -1.9 -1.9 -1.9 -1.9 -1.9 -1.9 -1.9 -1.9 -1.9 -1.9 -1.9 -1.9 -1.9 -1.9 -1.9 -1.9 -1.9 -1.9 -1.9 -1.9 -1.9 -1.9 -1.9 1.6 22.8 31.2 38.7 44.7 52.2 60.8 64.8 69.4 71.9 75.4 78.8 79.8 78.4 79.2 88.6 98.7 104.1 107 118.7 129.6 140.1 151.6 155.7 158.6 156.3 153.9 150.4 147 146.2 142.8 138.8 135.6 139.6 143.8 158.2 180.7 189.2 196.3 202.3 210.6 216.1 219.4 229.7 229.8
-1.9 -1.9 -1.9 -1.9 -1.9 -1.9 -1.9 -1.9 -1.9 -1.9 -1.9 -1.9 -1.9 -1.9 -1.9 -1.9 -1.9 -1.9 -1.9 -1.9 -1.9 -1.9 -1.9 -1.9 -1.9 -1.9 -1.9 -1.9 -1.9 -1.9 -1.9 -1.9 -1.9 -1.9 -1.9 -1.9 0.5 2.5 24.8 29.8 36.6 42.8 49.3 57 63.1 66.3 68.8 71.1 73.4 76.4 76 76.5 82.9 91.8 99.7 102.7 108.2 118.9 129 138.8 150.5 153.7 152.8 151.4 148.8 145.3 143 139 134.3 131.1 131.8 133.8 140.9 159.2 180.1 194 207.7 218.2 218 218.3 222.2 221.9
-1.9 -1.9 -1.9 -1.9 -1.9 -1.9 -1.9 -1.9 -1.9 -1.9 -1.9 -1.9 -1.9 -1.9 -1.9 -1.9 -1.9 -1.9 -1.9 -1.9 -1.9 -1.9 -1.9 -1.9 -1.9 -1.9 -1.9 -1.9 -1.9 -1.9 -1.9 -1.9 -1.9 -1.9 -1.9 -1.9 1 8.7 25.3 30.1 35.8 41.5 46.1 51.5 59.9 63.6 66 68.3 70.6 73.6 74.3 74.5 77.3 83.7 89.7 100.5 105.1 110.1 119.2 126.9 132.9 142.1 148.1 148.1 146.1 143.7 139.2 134.7 130.7 129.6 128.5 128.2 131.7 149.4 163.2 185.2 204.7 215.1 212.1 213.8 215.6 219.5
-1.9 -1.9 -1.9 -1.9 -1.9 -1.9 -1.9 -1.9 -1.9 -1.9 -1.9 -1.9 -1.9 -1.9 -1.9 -1.9 -1.9 -1.9 -1.9 -1.9 -1.9 -1.9 -1.9 -1.9 -1.9 -1.9 -1.9 -1.9 -1.9 -1.9 -1.9 -1.9 -1.9 -1.9 -1.9 -1.9 1.6 15.1 24.9 30.4 35.7 40.5 44.4 48 54.3 61.5 63.7 65.8 68.8 72.3 72.8 73.4 75.7 76.4 80.3 89.9 102.7 106.1 110.2 116.2 121.6 128.8 138.7 141.1 138 134.6 131.8 129.9 126.5 125.3 124.6 127 129.4 145.6 158.4 177 194.9 197.4 202.6 209.6 212.5 217
-1.9 -1.9 -1.9 -1.9 -1.9 -1.9 -1.9 -1.9 -1.9 -1.9 -1.9 -1.9 -1.9 -1.9 -1.9 -1.9 -1.9 -1.9 -1.9 -1.9 -1.9 -1.9 -1.9 -1.9 -1.9 -1.9 -1.9 -1.9 -1.9 -1.9 -1.9 -1.9 -1.9 -1.9 -1.9 -1.9 2.1 18.8 24.1 29.8 34.8 38.9 43 46 49.3 58.8 62.7 63.1 67.4 71.1 71.6 72.4 74.1 74.8 75.4 83 98.2 102.6 105.1 109.5 112.2 116.3 123.8 129.3 128.7 127 125.3 123.6 122.3 121.1 123.6 125.4 127.8 142.4 153.8 165.9 181 187 207.4 211.7 214.1 216.7
-1.9 -1.9 -1.9 -1.9 -1.9 -1.9 -1.9 -1.9 -1.9 -1.9 -1.9 -1.9 -1.9 -1.9 -1.9 -1.9 -1.9 -1.9 -1.9 -1.9 -1.9 -1.9 -1.9 -1.9 -1.9 -1.9 -1.9 -1.9 -1.9 -1.9 -1.9 -1.9 -1.9 -1.9 1.5 1.4 2.4 14.2 23.1 29.1 33.4 37.7 41 44.4 47.6 53.5 59 61.3 65.7 69.8 70.7 71.4 72.4 73.1 74.3 78.7 90.9 101.5 103.2 103.8 106.5 110.3 112.2 115.5 119.3 118.5 117.4 116.5 118.3 120.7 121.2 121.6 123.9 133.4 149.9 155.4 167.8 189.8 209.3 213.3 215.5 215.3
-1.9 -1.9 -1.9 -1.9 -1.9 -1.9 -1.9 -1.9 -1.9 -1.9 -1.9 -1.9 -1.9 -1.9 -1.9 -1.9 -1.9 -1.9 -1.9 -1.9 -1.9 -1.9 -1.9 -1.9 -1.9 -1.9 -1.9 -1.9 -1.9 -1.9 -1.9 -1.9 -1.9 -1.9 5.3 8.3 10.1 11.2 21.5 26 32.2 36.1 39.6 43.1 45.9 48 52.7 60 64.3 68.8 70 71.1 72.6 74 75.3 79 86.6 93.8 102.1 102.8 103.7 104.6 106.9 109.3 111.8 111.4 110.5 109.5 114.8 121 122.3 123.8 125.1 130.3 142.6 154 159.6 173.7 196.5 208.8 212.7 214.2
-1.9 -1.9 -1.9 -1.9 -1.9 -1.9 -1.9 -1.9 -1.9 -1.9 -1.9 -1.9 -1.9 -1.9 -1.9 -1.9 -1.9 -1.9 -1.9 -1.9 -1.9 -1.9 -1.9 -1.9 -1.9 -1.9 -1.9 -1.9 -1.9 -1.9 -1.9 -1.9 -1.9 2.6 13.4 16.7 19.8 18.5 19.1 22 27.6 33.6 38.3 41.5 44.2 47.2 52.5 58.9 64.6 68.6 70.4 72 73.4 74.8 76.2 78.5 81.6 87.1 96.6 101.6 102.3 103 103.7 104.8 104.7 104.7 103.8 102.9 105.1 118.2 122 124.7 127 131 150.4 154.8 158.8 161.6 171.5 196.2 208.3 209.2
-1.9 -1.9 -1.9 -1.9 -1.9 -1.9 -1.9 -1.9 -1.9 -1.9 -1.9 -1.9 -1.9 -1.9 -1.9 -1.9 -1.9 -1.9 -1.9 -1.9 -1.9 -1.9 -1.9 -1.9 -1.9 -1.9 -1.9 -1.9 -1.9 -1.9 -1.9 -1.9 2.5 10.2 17.7 21.7 25.8 23.4 24.8 23.4 26.9 30.5 34.4 40.8 44.2 47.2 53.6 61.4 68.3 70 71.4 72.8 74 75 76.5 77.4 78.3 83.2 90.4 97.6 101.6 101.7 101.8 102.4 100.6 98.3 97.5 98.1 100.9 117.1 120.6 122.9 127.7 135.3 149.9 154.3 157.8 161.1 164.9 167.6 180.4 200.7
-1.9 -1.9 -1.9 -1.9 -1.9 -1.9 -1.9 -1.9 -1.9 -1.9 -1.9 -1.9 -1.9 -1.9 -1.9 -1.9 -1.9 -1.9 -1.9 -1.9 -1.9 -1.9 -1.9 -1.9 -1.9 -1.9 -1.9 -1.9 -1.9 2.5 -1.9 1.5 8.1 18.4 23.8 27.1 31.1 30.9 28.8 29.9 31.8 32.3 33.2 40.2 43.6 46.3 54.4 63.8 70 70.3 71.3 72.4 73.7 75.3 76.4 77.3 78.2 78.9 86.1 93.6 99.5 101.2 100.7 99.8 97.8 97 96.2 96 98.1 105.9 116.7 122.8 131.3 136.6 146.4 151.9 155.3 158.8 162.6 161.2 165.1 173.3
-1.9 -1.9 -1.9 -1.9 -1.9 -1.9 -1.9 -1.9 -1.9 -1.9 -1.9 -1.9 -1.9 -1.9 -1.9 -1.9 -1.9 -1.9 -1.9 -1.9 -1.9 -1.9 -1.9 -1.9 -1.9 -1.9 -1.9 27.9 30.2 24.5 16.3 12.7 23.8 28.9 30.1 33.2 36.3 34.1 31 32 34.8 37.6 39.9 41.1 41.7 44.2 49.6 58.6 68.7 69.8 70.9 72.5 74 75.3 76.2 77.1 77.9 78.5 81.4 87.1 91.6 97.1 100.3 99.6 95.3 94.9 94.5 94.2 96.6 101.1 114.2 130.6 133.3 137.9 143 147.9 151.3 155.4 159.6 161.9 163.4 167
-1.9 -1.9 -1.9 -1.9 -1.9 -1.9 -1.9 -1.9 -1.9 -1.9 -1.9 -1.9 -1.9 -1.9 -1.9 -1.9 -1.9 -1.9 -1.9 -1.9 -1.9 -1.9 -1.9 -1.9 -1.9 0.7 27.4 40.4 40.6 34.4 30 27.4 27.1 32.5 34.8 37.8 39.7 38.1 34.3 34.9 37.3 38.4 41.2 40.3 40.7 45.1 47.4 52.7 64.3 69.7 71.2 72.8 74.3 75.2 76.1 77 77.6 78.1 78.6 83.4 86.6 89 91.7 97.8 92.6 92.2 92.4 92.9 95 98.9 112 132.1 134.6 137.6 139.7 144.1 148.3 152.5 156.7 161.2 162.9 163.3
-1.9 -1.9 -1.9 -1.9 -1.9 -1.9 -1.9 -1.9 -1.9 -1.9 -1.9 -1.9 -1.9 -1.9 -1.9 -1.9 -1.9 -1.9 -1.9 -1.9 -1.9 -1.9 -1.9 -1.9 -1.9 -1.9 50.2 47.4 44.9 42 40.7 38.2 35.5 34.5 38.2 39.8 40.5 40.4 37.5 37 38.3 39.4 41.2 44.1 48.5 48.3 49.1 53.9 64.8 70.4 71.5 73 74.1 75 75.9 76.7 77.2 77.8 78.3 79.3 82.6 85.1 87.1 89.4 90 90.6 91.1 91.7 94 98.3 105.9 126.1 134.5 136.1 137.8 141.6 145.4 149.6 153.8 159.3 161.5 161.6
-1.9 -1.9 -1.9 -1.9 -1.9 -1.9 -1.9 -1.9 -1.9 -1.9 -1.9 -1.9 -1.9 -1.9 -1.9 -1.9 -1.9 -1.9 -1.9 -1.9 -1.9 -1.9 -1.9 -1.9 -1.9 -1.9 53.7 54.1 52 53.3 52 48.8 45.5 41 40.5 39.7 41 40.9 40.6 39.8 39.8 40.5 42.4 45.6 49.9 50.4 50.7 56 60.8 71.4 71.8 73.1 74 74.9 75.8 76.4 76.9 77.4 78 78.8 79.4 81.5 83.7 85.2 87.7 88.4 89.3 90.6 91.2 93.7 102.9 119.1 131.6 134.2 136.3 140 143.7 147.4 151 157.7 159.8 160.3
-1.9 -1.9 -1.9 -1.9 -1.9 -1.9 -1.9 -1.9 -1.9 -1.9 -1.9 -1.9 -1.9 -1.9 -1.9 -1.9 -1.9 -1.9 -1.9 -1.9 -1.9 -1.9 -1.9 -1.9 -1.9 -1.9 -1.9 -1.9 20.2 65.3 63.5 58.2 53.4 48.6 45.9 42.9 43.4 43 42.7 42.1 42.6 43.4 44.6 46.5 48.6 50.7 53.3 57 60.7 67.4 71.5 72.9 73.8 74.7 75.5 76 76.6 78.2 79.8 78.8 78.8 78.8 81.1 83.4 85.5 87.3 89.2 90.1 89.1 92.9 100.7 109.2 123.1 132.2 134.7 138.5 141.9 145.1 148.3 153.8 156.5 156.6
-1.9 -1.9 -1.9 -1.9 -1.9 -1.9 -1.9 -1.9 -1.9 -1.9 -1.9 -1.9 -1.9 -1.9 -1.9 -1.9 -1.9 -1.9 -1.9 -1.9 -1.9 -1.9 -1.9 -1.9 -1.9 -1.9 -1.9 -1.9 1.6 42.2 71 64.8 59.8 55.5 52.2 48.4 46.2 45.4 45 45.4 45.8 46.5 47.8 49.2 51.3 54.7 57.9 60.9 61.1 65 69.7 71.7 73.6 74.5 75.2 76.8 78.4 79.9 79.6 78.8 78.8 78.9 82.4 84.4 86.3 88.4 89.8 91.4 91 96.7 103.2 109.8 116 128.5 132.8 136 139.1 142.3 145.5 146.6 148.7 151.2
-1.9 -1.9 -1.9 -1.9 -1.9 -1.9 -1.9 -1.9 -1.9 -1.9 -1.9 -1.9 -1.9 -1.9 -1.9 -1.9 -1.9 -1.9 -1.9 -1.9 -1.9 -1.9 -1.9 -1.9 -1.9 -1.9 -1.9 -1.9 0.2 2.5 69.4 71.4 66.2 62.5 59.3 56 52.7 51.4 49.8 50 50.2 49.1 50.4 52.1 54.2 58 60.6 60.8 61 63.1 68.7 71.4 73.2 75.5 76.9 78.5 80.1 80.8 79.3 78.8 78.8 79.2 82.3 87.6 87.4 89.8 95.4 97.5 96.2 100.7 104 108.1 112.7 120.1 130.6 133.6 136.5 139.5 140.8 141.8 142.9 145.1
-1.9 -1.9 -1.9 -1.9 -1.9 -1.9 -1.9 -1.9 -1.9 -1.9 -1.9 -1.9 -1.9 -1.9 -1.9 -1.9 -1.9 -1.9 -1.9 -1.9 -1.9 -1.9 -1.9 -1.9 -1.9 -1.9 -1.9 -1.9 -1.9 0.6 16.4 78.2 76.9 72.7 68.5 64.4 61.1 58.6 56.5 55.4 54 52.7 51.4 54.3 57.6 59.6 61.2 61.4 61.8 63 68.5 72.4 74.9 77.7 78.9 80.3 81.9 80.4 78.9 78.9 79.5 79.9 81.2 87.6 94.5 101.4 101.1 99.8 99.4 98.6 102.7 107.7 112.8 118.8 124.7 130.9 134.3 136.7 137.4 138.1 138.8 139.1
-1.9 -1.9 -1.9 -1.9 -1.9 -1.9 -1.9 -1.9 -1.9 -1.9 -1.9 -1.9 -1.9 -1.9 -1.9 -1.9 -1.9 -1.9 -1.9 -1.9 -1.9 -1.9 -1.9 -1.9 -1.9 -1.9 -1.9 -1.9 -1.9 -1.9 4.2 81.3 89.7 82.3 76.9 72.8 69.8 66.6 64.5 60 58.4 57 55.6 58.4 61.8 63.1 62 62.3 62.6 65.3 69.8 75.8 79.7 82.4 86.2 85.4 83.4 82.4 80.5 80 80.6 81 85 90.4 95.5 102.1 101.6 100.9 100.4 100 101.9 107.5 112.8 117 121.2 126.8 131.2 134 134.2 134.9 135.6 133.6
-1.9 -1.9 -1.9 -1.9 -1.9 -1.9 -1.9 -1.9 -1.9 -1.9 -1.9 -1.9 -1.9 -1.9 -1.9 -1.9 -1.9 -1.9 -1.9 -1.9 -1.9 -1.9 -1.9 -1.9 -1.9 -1.9 -1.9 -1.9 -1.9 -1.9 1.5 66.3 102.7 95.4 88 81.3 77.8 74.5 70 65.1 63.4 62.5 62 64.7 68.2 67.1 63.3 63.5 64 67.2 71.5 80.5 86.7 92.5 93.1 92.1 88.8 86.1 83.4 81.2 81.7 82.8 88.9 93.7 98.2 102.6 102.4 101.9 101.5 101.1 100.5 105.3 110.4 114.6 118.9 123.5 128.6 132.8 132.3 131.8 132.4 128.1
