data/110000-850000.asc
ncols 200
nrows 200
xllcorner 110000
yllcorner 850000
cellsize 50
[rows 111 to 147 of 200, columns 83 to 165 of 200]
-1.9 -1.9 -1.9 -1.9 -1.9 -1.9 -1.9 -1.9 -1.9 -1.9 -1.9 -1.9 -1.9 -1.9 -1.9 -1.9 -1.9 -1.9 -1.9 -1.9 -1.9 -1.9 -1.9 -1.9 -1.9 -1.9 -1.9 -1.9 73.6 193.7 251.9 254 254.5 251.4 247.8 245.2 243.4 240.7 237.3 233.6 229.3 224.4 219.2 213.1 205.5 196.2 188.6 175.1 169.3 161.6 157.3 150.4 148.9 147.9 145.6 144.7 144.1 144.4 141.5 138.1 135.8 133.1 132.3 128.8 120.7 113.3 103.8 95.3 89.3 85.1 81.5 83.7 84.9 87.4 86 84.9 81.7 78.8 76.4 73.8 70.7 67.2 68.7
-1.9 -1.9 -1.9 -1.9 -1.9 -1.9 -1.9 -1.9 -1.9 -1.9 -1.9 -1.9 -1.9 -1.9 -1.9 -1.9 -1.9 -1.9 -1.9 -1.9 -1.9 -1.9 -1.9 -1.9 -1.9 -1.9 -1.9 -1.9 71.6 171.3 246.2 248.1 247.7 245.1 243.2 239.8 236.8 234.9 233.4 230.2 226.7 222.5 217.2 212.3 204.5 194.5 184.5 177.4 169.6 160.6 161.8 160.8 154.8 153.6 152.2 150.8 150.1 149.9 147.2 144.3 142.8 139.9 139.8 137 130 117.9 105.1 98.6 92.5 89.1 86.6 88.8 90.8 89.9 88.1 86.6 86.4 84.5 78.5 76.1 73.7 75.3 76.9
-1.9 -1.9 -1.9 -1.9 -1.9 -1.9 -1.9 -1.9 -1.9 -1.9 -1.9 -1.9 -1.9 -1.9 -1.9 -1.9 -1.9 -1.9 -1.9 -1.9 -1.9 -1.9 -1.9 -1.9 -1.9 -1.9 -1.9 -1.9 59.1 143.9 239.9 240.8 239.7 238.9 238 235.6 230.2 227.1 227.3 225.8 223.2 220.4 214.8 208.1 201.4 192.4 180 177.6 171.5 172.2 172.3 171.2 162.5 158.2 157.7 155.8 155.4 156.3 154.2 151.4 147.7 144.7 142.5 141 136.7 128.7 110.7 102.6 97.8 95.6 94.6 94 91.5 91.3 89.4 89.5 91.4 91.4 85.3 79.9 78.4 81.3 75.3
-1.9 -1.9 -1.9 -1.9 -1.9 -1.9 -1.9 -1.9 -1.9 -1.9 -1.9 -1.9 -1.9 -1.9 -1.9 -1.9 -1.9 -1.9 -1.9 -1.9 -1.9 -1.9 -1.9 -1.9 -1.9 -1.9 -1.9 -1.9 43.7 147 226.3 232.9 232.5 233 234 231.1 226.2 221.1 217.4 217.1 215 213 207.6 201.7 197.3 191.4 191.7 190.7 180 177.7 176.4 174.2 168.3 164 162 159.3 160.9 161.5 160.9 159 154.9 149.3 146.4 141 135.8 129.7 120.2 109.6 106.9 103.6 106.2 105.8 99.3 100 93.1 94.9 95.1 93.2 88.8 85.1 82.3 84.6 84.5
-1.9 -1.9 -1.9 -1.9 -1.9 -1.9 -1.9 -1.9 -1.9 -1.9 -1.9 -1.9 -1.9 -1.9 -1.9 -1.9 -1.9 -1.9 -1.9 -1.9 -1.9 -1.9 -1.9 -1.9 -1.9 -1.9 -1.9 -1.9 38.5 175.5 220.7 224 225.7 226.9 228 226.7 222.9 217.8 211.9 209.3 208.3 207.9 202.9 200.1 200.8 201 200.8 193.5 185.9 181.9 180.2 176.5 173.7 170.6 167.5 165.4 167.5 167 166 164.6 161.4 155.1 150.2 145.3 140.2 131.4 126.6 119.6 114.7 116.2 109.3 109.1 100.8 99.6 98.3 99.8 99.6 95.8 91.7 88.9 85.2 84.3 83.7
-1.9 -1.9 -1.9 -1.9 -1.9 -1.9 -1.9 -1.9 -1.9 -1.9 -1.9 -1.9 -1.9 -1.9 -1.9 -1.9 -1.9 -1.9 -1.9 -1.9 -1.9 -1.9 -1.9 -1.9 -1.9 -1.9 -1.9 -1.9 42.8 178.4 214.1 217 218.6 219.5 219.1 219.5 217.2 213.8 210.6 208.7 208.4 208 204.1 204.3 205.7 205.8 202.3 195.8 188.6 186.2 183.6 181.1 178.9 176.5 173.5 172.9 174.7 176.8 171.7 169.6 169.6 158.4 154.3 151.4 148.5 144.4 134.6 128.7 122 119.8 113.9 109.1 103.5 100.3 101.9 103.5 102.3 98.7 95.2 89 88.3 84.3 82.6
-1.9 -1.9 -1.9 -1.9 -1.9 -1.9 -1.9 -1.9 -1.9 -1.9 -1.9 -1.9 -1.9 -1.9 -1.9 -1.9 -1.9 -1.9 -1.9 -1.9 -1.9 -1.9 -1.9 -1.9 -1.9 -1.9 -1.9 -1.9 46.3 165 207.6 210.2 212.3 212.8 212.9 213 212.2 210.2 209.2 209.4 209.1 208.6 208.3 208.9 210.3 207.7 204.5 198.2 194.4 191.1 188.3 186.7 184.1 182 180.2 180.7 182 182.9 181.9 178.5 174.7 165.3 158.5 155.5 153.6 152.7 146.7 139.1 131.1 121.6 117.3 113 110.7 107.1 107.5 107.7 106.7 103.5 100.2 96.8 90.8 86.2 84
-1.9 -1.9 -1.9 -1.9 -1.9 -1.9 -1.9 -1.9 -1.9 -1.9 -1.9 -1.9 -1.9 -1.9 -1.9 -1.9 -1.9 -1.9 -1.9 -1.9 -1.9 -1.9 -1.9 -1.9 -1.9 -1.9 -1.9 -1.9 56.4 137.6 202.5 204.8 205.6 206 206.9 207.3 208.1 208.2 209.1 210.1 212.5 213.2 212 212.3 213.7 211.3 208.4 207.9 205.5 201.8 197.5 193.6 191.2 189.3 189.8 188.9 188.7 187.4 186 183 178.3 172.9 166.8 159.9 157 156.2 152.8 146.5 140.3 130.4 122.1 121.5 115.8 113.9 114.4 114.5 112.9 109.1 106.6 104.1 98.3 92.1 87.9
-1.9 -1.9 -1.9 -1.9 -1.9 -1.9 -1.9 -1.9 -1.9 -1.9 -1.9 -1.9 -1.9 -1.9 -1.9 -1.9 -1.9 -1.9 -1.9 -1.9 -1.9 -1.9 -1.9 -1.9 -1.9 -1.9 -1.9 -1.9 43.7 127.5 180.5 197.7 199.9 199.3 201.1 202.9 205.5 208.2 209.5 215 219.9 218.9 217.2 217.4 218.3 216.9 214 213.7 213.6 210 206.4 202.8 199.6 196.4 194.2 194.7 195 195.7 193.4 190.5 186.2 180.3 173.7 166 162.6 162.3 160.8 156.7 147.3 138.5 132.5 127 119.7 120.4 122.4 122.9 119.6 116.3 114.8 113.5 106.2 99.3 93.8
-1.9 -1.9 -1.9 -1.9 -1.9 -1.9 -1.9 -1.9 -1.9 -1.9 -1.9 -1.9 -1.9 -1.9 -1.9 -1.9 -1.9 -1.9 -1.9 -1.9 -1.9 -1.9 -1.9 -1.9 -1.9 -1.9 -1.9 3.9 50.8 112.5 185.8 190.6 194 196 197.9 200.6 204.2 207.4 213.2 220.2 225.3 224.3 222 222.4 223.1 222.2 220 223 222.2 218.1 215.3 212.2 209.2 207.6 206.1 207.9 208.9 208.9 204.7 200.3 194 188.7 181.8 174.4 171.5 171 169.2 161.2 151 145.7 138.5 132.7 128.3 131.9 132.9 130.1 128.7 125.4 121.5 120.7 113.2 106.1 99.6
-1.9 -1.9 -1.9 -1.9 -1.9 -1.9 -1.9 -1.9 -1.9 -1.9 -1.9 -1.9 -1.9 -1.9 -1.9 -1.9 -1.9 -1.9 -1.9 -1.9 -1.9 -1.9 -1.9 -1.9 -1.9 -1.9 -1.9 31.6 107.7 169.2 182.5 186.2 190 192.5 195.1 199.2 202.8 208.3 216.2 229 230.9 229.8 228.4 228 229.7 232.5 232.6 233.1 231.3 228.8 225.8 224.6 222 219.5 223.7 228.9 229.9 227.6 223.4 215.5 202.7 193.6 187.9 182 175.5 169.9 168.5 163.3 159.7 156.2 147.6 136.9 136.8 140.7 139.6 135.4 131.2 129 122.6 119.8 115.2 111.8 105.6
-1.9 -1.9 -1.9 -1.9 -1.9 -1.9 -1.9 -1.9 -1.9 -1.9 -1.9 -1.9 -1.9 -1.9 -1.9 -1.9 -1.9 -1.9 -1.9 -1.9 -1.9 -1.9 -1.9 -1.9 -1.9 -1.9 -1.9 54.8 162.3 181.3 181.4 183.1 186.1 189.3 192.4 197.3 203 208.8 217.3 231 232.7 233.7 235.7 239.5 244.8 247.9 248.8 247.5 242.8 240.2 237 234.1 234 238 244.2 250.3 252 249.6 239.5 231.4 217.6 203.2 195.6 187.7 180.6 173.9 170.2 165.6 162.2 160.3 151.7 140.4 138.7 140.2 139.7 134.8 129.9 125.2 120.4 118.6 115.6 113.3 110.7
-1.9 -1.9 -1.9 -1.9 -1.9 -1.9 -1.9 -1.9 -1.9 -1.9 -1.9 -1.9 -1.9 -1.9 -1.9 -1.9 -1.9 -1.9 -1.9 -1.9 -1.9 -1.9 -1.9 -1.9 -1.9 -1.9 -1.9 61.1 169.4 179.2 179.3 179.8 182.1 186 190.3 196 201.8 208.4 217.7 230 234.1 236.6 241.2 249.7 260.4 266.7 270.4 267.1 260.2 254.9 251.2 247.4 247.7 254.5 258.8 263.6 262.4 258.8 252.5 242.2 230.1 213.7 200.4 191.7 183.3 177.1 171.1 167.2 162.5 158.9 152.1 150.9 143.7 140.8 140.3 134 129.3 125 119.8 117.4 115.2 112.2 108.6
-1.9 -1.9 -1.9 -1.9 -1.9 -1.9 -1.9 -1.9 -1.9 -1.9 -1.9 -1.9 -1.9 -1.9 -1.9 -1.9 -1.9 -1.9 -1.9 -1.9 -1.9 -1.9 -1.9 -1.9 -1.9 -1.9 1.9 94.1 175.2 174.5 175.2 176.3 178.9 183 188.1 194.1 201.6 208.3 218.7 228.8 235.2 239 244 253.9 267.7 277.4 283.8 287.3 286.2 278.5 271.3 268.7 269 270 272.1 272.2 267.8 263.4 257.8 249.5 236.4 221.3 205.8 194.3 186 179.7 173.5 169.1 162.5 157.6 154.2 150.7 147.2 142.2 140 135.5 132.6 125.8 121.9 118.8 115.5 111 106.8
-1.9 -1.9 -1.9 -1.9 -1.9 -1.9 -1.9 -1.9 -1.9 -1.9 -1.9 -1.9 -1.9 -1.9 -1.9 -1.9 -1.9 -1.9 -1.9 -1.9 -1.9 -1.9 -1.9 -1.9 -1.9 -1.9 3.2 103.9 171.6 171 170.7 172.3 175.7 179.7 185.4 192.2 200.2 208.3 219.6 230.2 235 240 246.5 260 273.6 284.3 293.4 299 296.2 292.9 288.7 284.1 281 279.3 278.7 275.9 271.7 267.3 260.8 252.5 239.4 226.4 212.2 199 189.1 181.9 175.2 170.3 165 161.1 156.9 152.3 147.5 142.9 141.3 140.9 134.5 127.6 124.3 120.5 114.6 108.9 104.7
-1.9 -1.9 -1.9 -1.9 -1.9 -1.9 -1.9 -1.9 -1.9 -1.9 -1.9 -1.9 -1.9 -1.9 -1.9 -1.9 -1.9 -1.9 -1.9 -1.9 -1.9 -1.9 -1.9 -1.9 -1.9 -1.9 2.6 108.8 165.3 167.7 169.3 170.1 173.4 177.1 182.2 188.9 197.3 206.3 216.8 228.3 234.8 241.5 248.5 264.7 279.2 291.5 300.4 304.2 302.4 298.6 295.9 291.7 287.1 284.6 282.9 279.7 275.3 270.6 263.8 253.2 241.3 229.7 218.3 207.4 192.8 183.8 177.1 171.5 168.4 163.5 158.1 152.7 148.2 144.4 142.9 140.6 135.3 129.5 124.2 118 113.4 107.8 101.7
-1.9 -1.9 -1.9 -1.9 -1.9 -1.9 -1.9 -1.9 -1.9 -1.9 -1.9 -1.9 -1.9 -1.9 -1.9 -1.9 -1.9 -1.9 -1.9 -1.9 -1.9 -1.9 -1.9 -1.9 -1.9 -1.9 8.7 112.3 161.3 164.1 165.6 168.4 171.3 174.6 179.2 186.2 194.9 204.2 215.4 227.8 236.3 242.9 249.9 266.8 283.8 295.4 304.9 308.6 306.6 302.2 299.2 294.1 289.9 287.3 284.5 282.2 277.2 270.5 261.9 251.5 239.9 229.8 220.9 212.4 205 186.8 179.2 173.8 169.5 163.8 158.4 153 148.5 144.7 142 139.3 135.6 131.6 121.5 115.1 109.8 107 99.1
-1.9 -1.9 -1.9 -1.9 -1.9 -1.9 -1.9 -1.9 -1.9 -1.9 -1.9 -1.9 -1.9 -1.9 -1.9 -1.9 -1.9 -1.9 -1.9 -1.9 -1.9 -1.9 -1.9 -1.9 -1.9 -1.9 4 106.9 158.2 160.9 162.9 165.8 169 171.9 176.4 183.9 192.1 201.5 211.9 226.1 236.6 242.7 250.1 267.7 284.9 298.6 308.9 308.9 308.9 303.9 300.8 296.6 292.4 289 285.8 281.5 276.2 269 259.6 249.8 238.5 229 219.9 215.3 209.9 195 181.1 175.9 170.5 164.7 158.7 153.3 148.9 145.3 140.7 138.5 134.8 131.1 124.4 117.8 112.5 108.1 101.6
-1.9 -1.9 -1.9 -1.9 -1.9 -1.9 -1.9 -1.9 -1.9 -1.9 -1.9 -1.9 -1.9 -1.9 -1.9 -1.9 -1.9 -1.9 -1.9 -1.9 -1.9 -1.9 -1.9 -1.9 -1.9 -1.9 3.6 113.1 157.1 158.7 160.1 163.1 166.2 169.1 173.7 180.4 187.7 196.9 208.2 224.5 235.1 242.6 249 264.9 281.6 293.7 306.7 308.8 306.1 304.1 300.5 296.1 291.5 288.5 285.2 280.6 275.2 266.7 256.6 247.5 236.9 227.4 218.5 214.2 210.8 199.4 188.1 178.7 171.9 164.1 158 154.7 150.9 146.8 142.5 138.4 135.1 131.8 130 123 117.1 111.4 104.1
-1.9 -1.9 -1.9 -1.9 -1.9 -1.9 -1.9 -1.9 -1.9 -1.9 -1.9 -1.9 -1.9 -1.9 -1.9 -1.9 -1.9 -1.9 -1.9 -1.9 -1.9 -1.9 -1.9 -1.9 -1.9 -1.9 2.7 96.7 156.2 158.3 159.6 162.2 164.1 166.7 170.4 177.5 184.1 191.1 206.9 223.5 231.6 238.9 245.7 256.7 277.2 287 294 300.8 302.4 301.1 298.6 295.3 290.6 287.3 284 279 272.3 264.2 254.3 244.9 235.1 225 217.3 214.2 209.6 203.6 195.5 183.2 171.2 166.4 162.2 157.2 153.7 150 145.5 140 135.7 132.4 130.9 125.4 121.1 114.6 107.2
-1.9 -1.9 -1.9 -1.9 -1.9 -1.9 -1.9 -1.9 -1.9 -1.9 -1.9 -1.9 -1.9 -1.9 -1.9 -1.9 -1.9 -1.9 -1.9 -1.9 -1.9 -1.9 -1.9 -1.9 -1.9 -1.9 3.2 89.7 152.6 154.9 157.4 160.1 161.8 163.7 167.4 174 180.8 187.9 200.9 216 228.4 235.1 242.3 249.6 265.1 277.5 281.7 287.6 291.3 294.6 293.3 291.5 289.2 285 281.3 276.2 269.2 261.9 253 243.9 234.5 225.2 217.4 213.2 209.1 202.9 196.4 190.4 184 176.4 167.2 159.3 154.2 149.5 146.6 140.2 136.3 133.3 129.4 126 122.8 116.6 106.8
-1.9 -1.9 -1.9 -1.9 -1.9 -1.9 -1.9 -1.9 -1.9 -1.9 -1.9 -1.9 -1.9 -1.9 -1.9 -1.9 -1.9 -1.9 -1.9 -1.9 -1.9 -1.9 -1.9 -1.9 -1.9 -1.9 11.8 133.6 152.3 154.8 155.7 157.7 159.2 158.9 165.5 172.9 179.1 185.8 194.9 208.4 225.2 234 237.6 241.3 249.8 265.5 272.3 275 280.7 283.4 286 286.2 282.9 279.4 276.8 272.6 266 260.1 253.1 243.7 234.3 224 216.8 212.8 210 206 201.8 197 191.5 183.6 172.8 163.5 158.6 152.9 146.3 141.9 137.8 133.8 129.7 126.8 123.4 113.8 106.8
-1.9 -1.9 -1.9 -1.9 -1.9 -1.9 -1.9 -1.9 -1.9 -1.9 -1.9 -1.9 -1.9 -1.9 -1.9 -1.9 -1.9 -1.9 -1.9 -1.9 -1.9 -1.9 -1.9 -1.9 -1.9 0.1 13.9 149.8 152.1 154.5 155.4 156.4 158.3 160.1 166.1 172.1 177.6 184.3 191.7 200.1 215.8 226.1 231.2 235.1 240.3 247.1 257.6 262 266.8 271.9 275.6 278.8 276.6 273.7 271.6 268.1 262.2 258.1 254.1 245.6 235 223.5 217.2 214.5 213.3 210.6 206 202.4 197.1 191.4 182.1 171.6 163.6 158.6 149 144.7 140.8 136.9 132.6 128 123.9 115.7 107.6
-1.9 -1.9 -1.9 -1.9 -1.9 -1.9 -1.9 -1.9 -1.9 -1.9 -1.9 -1.9 -1.9 -1.9 -1.9 -1.9 -1.9 -1.9 -1.9 -1.9 -1.9 -1.9 -1.9 -1.9 -1.9 -1.9 25.7 143 152.1 154.4 155.5 155.9 157.6 161.4 166.5 172.2 176.3 183.1 190.4 195.5 204.9 215.5 224.1 229.2 232.1 237.8 244.1 250.3 257.4 260.9 264 266 267.3 267.4 266.1 263.3 260.5 258.2 253.5 247.7 239.4 230.7 223.1 220.1 217.1 214.1 210.2 206 201.5 196.2 190.5 178.7 167.9 160.4 152.9 149.2 144.2 139.9 133.4 127.2 123.9 119.7 109.6
-1.9 -1.9 -1.9 -1.9 -1.9 -1.9 -1.9 -1.9 -1.9 -1.9 -1.9 -1.9 -1.9 -1.9 -1.9 -1.9 -1.9 -1.9 -1.9 -1.9 -1.9 -1.9 -1.9 -1.9 -1.9 -1.9 22.2 141.9 154.3 155.5 156.3 157.2 158.9 161.6 166 170.8 175.6 180.4 187.4 192.3 198 205.3 216 223.1 225.6 229.6 234 239.3 244.5 250.1 254.9 257.3 257.6 258.3 259.3 259.7 257.7 256.4 254.5 250.8 247 242.1 232.8 225 222.6 219.7 215.6 211.8 206.2 200.9 195.3 191.5 179.4 168.3 156.7 152.1 147.5 143.3 136 128.8 124.7 121.1 115.9
-1.9 -1.9 -1.9 -1.9 -1.9 -1.9 -1.9 -1.9 -1.9 -1.9 -1.9 -1.9 -1.9 -1.9 -1.9 -1.9 -1.9 -1.9 -1.9 -1.9 -1.9 -1.9 -1.9 -1.9 -1.9 -1.9 1.9 132.9 157.9 158.1 157.6 158.5 158.1 161.7 165.5 170.5 173.8 179 183.8 188 192.2 197.2 204.2 212.4 218 221.4 225.6 229 233.2 238.8 244.4 249.5 251 251.6 251.8 254.2 254.6 254.1 254.5 255 252.9 248.2 240.1 233.8 229.2 229 226.5 221.4 215.2 206.6 198.7 193 186.9 181.7 170.1 156.5 149.2 143.4 137.4 131.6 126.5 122 117.8
-1.9 -1.9 -1.9 -1.9 -1.9 -1.9 -1.9 -1.9 -1.9 -1.9 -1.9 -1.9 -1.9 -1.9 -1.9 -1.9 -1.9 -1.9 -1.9 -1.9 -1.9 -1.9 -1.9 -1.9 -1.9 -1.9 2.4 122.2 157.9 159.3 158 158.2 156.2 159.5 164.7 170.2 173.1 177.1 180.9 184.3 187.8 192.2 196.4 201.8 208.4 214.1 217.3 220.8 224 227.7 233.3 240.4 243.5 245.1 246.5 249.6 252.6 253.8 256.7 258.8 257.7 253 247.6 243.1 245.8 245.2 241.5 237 230.4 222 213.9 206.7 199.5 192.1 189.5 176.2 157.6 145.4 139.4 132.9 129 123.1 118.1
-1.9 -1.9 -1.9 -1.9 -1.9 -1.9 -1.9 -1.9 -1.9 -1.9 -1.9 -1.9 -1.9 -1.9 -1.9 -1.9 -1.9 -1.9 -1.9 -1.9 -1.9 -1.9 -1.9 -1.9 -1.9 -1.9 1.8 107.4 153.8 154.8 156.6 156.7 155.2 157.3 161.2 167.2 170.6 173.1 176.4 179.8 183.4 187.8 191.1 194.7 198.9 205 210.2 214 215.9 219.3 223.4 226.9 232.2 237 241.7 247.5 251.4 255.2 258.5 261 261.1 257.2 252.5 253.8 256.9 257.9 257.1 255.4 250 239 226.3 219.1 214.2 207.9 198.8 190.6 176 152.2 141 134.2 129.6 121.6 117.5
-1.9 -1.9 -1.9 -1.9 -1.9 -1.9 -1.9 -1.9 -1.9 -1.9 -1.9 -1.9 -1.9 -1.9 -1.9 -1.9 -1.9 -1.9 -1.9 -1.9 -1.9 -1.9 -1.9 -1.9 -1.9 -1.9 1 76.2 149.7 156.1 158.2 155.8 154.3 156 157.8 159.6 164.6 168.4 171.9 175.2 179 182.4 185.5 189.2 191.9 197 203.3 208.6 211.5 212.8 214.8 217.3 221.8 226.8 234.3 240.5 249.2 254.3 258.6 261.4 261.6 261.2 259.8 261.5 263.2 264.8 264.8 263.6 259.9 254.7 247.2 238.2 230.5 220.6 213 199.6 189.1 164.3 143.7 135.5 128.4 121.6 117.1
-1.9 -1.9 -1.9 -1.9 -1.9 -1.9 -1.9 -1.9 -1.9 -1.9 -1.9 -1.9 -1.9 -1.9 -1.9 -1.9 -1.9 -1.9 -1.9 -1.9 -1.9 -1.9 -1.9 -1.9 -1.9 -1.9 -1.9 62.8 152.7 158.5 154 152.5 153 154.1 155.2 156.8 159.3 162.7 166.5 170.4 173.6 176.8 179.9 182.8 185.5 189 195.2 201.3 204.8 206.4 207.2 208.8 212 217.7 225.7 234.1 243.4 250.8 257.2 260.5 263 264 264.2 266.5 269 269.9 269.5 268.2 266.7 262.1 257.2 251.8 244.8 236.9 225.4 212 204.5 179.4 149.8 136.3 127.7 122.5 119.6
-1.9 -1.9 -1.9 -1.9 -1.9 -1.9 -1.9 -1.9 -1.9 -1.9 -1.9 -1.9 -1.9 -1.9 -1.9 -1.9 -1.9 -1.9 -1.9 -1.9 -1.9 -1.9 -1.9 -1.9 -1.9 -1.9 -1.9 45.4 152.4 156.2 151.9 150.8 151.7 153.1 153.9 154.6 156.3 158.4 161.9 165.5 167.7 170.2 175.4 177.8 180.5 182.9 188.1 192.5 196.5 200.2 201 201.5 205 210.1 217.6 226.6 237.5 245.3 255 261.6 265.4 268.3 268 269.6 271.8 274.4 274.2 273.2 271.4 267.3 261.9 256.1 249.5 242.9 233.9 222 208.6 202.3 168.7 140.8 129.7 123.9 121.2
-1.9 -1.9 -1.9 -1.9 -1.9 -1.9 -1.9 -1.9 -1.9 -1.9 -1.9 -1.9 -1.9 -1.9 -1.9 -1.9 -1.9 -1.9 -1.9 -1.9 -1.9 -1.9 -1.9 -1.9 -1.9 -1.9 -1.9 12.1 148.9 153 152.7 150.5 150.5 150.6 151.6 152.7 153.9 156 157.7 161.8 164.3 166.5 171.3 173.4 174.4 177.2 180.6 184.2 189.1 193.5 195 197.4 200.8 205.5 211.3 219.9 230.2 240.6 251.9 262.1 267.3 270.8 270.5 273.2 276.4 278.1 277.8 277 274.5 270.3 264.5 257.7 251.6 245.4 237.4 228.7 215.1 203.1 184.7 146.6 132.5 125.1 122
-1.9 -1.9 -1.9 -1.9 -1.9 -1.9 -1.9 -1.9 -1.9 -1.9 -1.9 -1.9 -1.9 -1.9 -1.9 -1.9 -1.9 -1.9 -1.9 -1.9 -1.9 -1.9 -1.9 -1.9 -1.9 -1.9 -1.9 2.5 141.4 147.6 149.2 147.8 147.6 148.6 149.6 150.7 151.7 153.3 154.8 158.6 161.6 163.4 168 168.8 169.2 171.8 174.4 177.4 180.1 186.2 189.9 193.2 198.2 201.7 205.8 212.6 223.1 232.7 247.8 261.2 267.5 270.6 270.3 276.9 280.7 281.1 281.5 279.2 275.2 270.2 264.4 258.6 252.8 247 240.4 232.2 220.5 203 186.8 158.3 134.1 125.3 121.8
-1.9 -1.9 -1.9 -1.9 -1.9 -1.9 -1.9 -1.9 -1.9 -1.9 -1.9 -1.9 -1.9 -1.9 -1.9 -1.9 -1.9 -1.9 -1.9 -1.9 -1.9 -1.9 -1.9 -1.9 -1.9 -1.9 -1.9 2.2 103 137 140.2 141.1 142.6 144.2 145.8 147.5 149.3 150.5 150.3 153 156.5 160.6 160.6 161.9 164.6 166.8 169.8 173.3 176.1 178.4 184.9 192.1 195 198.6 202.3 207.4 216.9 227.6 240.9 253.9 262.9 267.4 272.6 280.4 284.6 286.4 285.1 280.7 276.1 269.9 264.1 258.6 253 247.3 241.4 232.6 219 200.7 180.9 165 140.7 126.5 122.3
-1.9 -1.9 -1.9 -1.9 -1.9 -1.9 -1.9 -1.9 -1.9 -1.9 -1.9 -1.9 -1.9 -1.9 -1.9 -1.9 -1.9 -1.9 -1.9 -1.9 -1.9 -1.9 -1.9 -1.9 -1.9 -1.9 -1.9 2.3 124.7 133.3 136.8 138.5 140.2 141.7 143.4 145.1 146.6 148.6 148.4 148.5 150.4 154.2 154.5 156.1 159.2 162.6 165.5 168.8 171.3 175.5 181.2 190 193.1 195.4 199.1 204.5 211.8 221.8 233.8 245.5 256 263.4 273.8 283.4 287.3 289.3 288.8 283.5 276.6 269.8 264.3 258.8 253.1 246.6 239.9 232.1 216.3 194.6 176.4 163.1 146.6 132.2 123.5
-1.9 -1.9 -1.9 -1.9 -1.9 -1.9 -1.9 -1.9 -1.9 -1.9 -1.9 -1.9 -1.9 -1.9 -1.9 -1.9 -1.9 -1.9 -1.9 -1.9 -1.9 -1.9 -1.9 -1.9 -1.9 -1.9 -1.9 2.3 88.8 131.2 136.5 140 139.4 140.1 140.8 142.3 144 145.4 146 145.2 145.3 146.8 147.5 150.9 154 157.5 161 163.8 168.3 173.1 178.7 186.3 191.7 194.2 196.7 200.4 208.5 217.1 227.3 238.7 250.5 261.7 274.3 284 288.3 293.4 291.3 283.9 276.6 269 264.5 259.1 251.7 245.1 238.3 230.5 213.6 195.5 177.2 165.4 155.3 138.6 128.4
-1.9 -1.9 -1.9 -1.9 -1.9 -1.9 -1.9 -1.9 -1.9 -1.9 -1.9 -1.9 -1.9 -1.9 -1.9 -1.9 -1.9 -1.9 -1.9 -1.9 -1.9 -1.9 -1.9 -1.9 -1.9 -1.9 -1.9 2.2 114.2 134.9 140.4 140.9 140.3 140.6 140.8 140.8 139.6 142 143.2 141.7 141.4 140.5 141.2 145.2 149.1 153 156.6 161.1 165.9 170.8 176.3 183.4 190.2 191.7 195.2 201 209.5 216.5 224.7 234.8 248.1 260.3 269.4 279.4 284.4 290.7 288.9 282.5 275.3 268.5 264.5 259.3 250.1 243.7 237.4 227.1 209.9 193.3 178.3 165.4 155.8 141.9 126.6
