data/120000-840000.asc
ncols 200
nrows 200
xllcorner 120000
yllcorner 840000
cellsize 50
[rows 0 to 36 of 200, columns 83 to 165 of 200]
-1.9 -1.9 9.2 14.2 23.7 31.9 43.7 48.2 49.7 51.3 51 51 50.3 49.2 48.6 48.7 47.8 49 49.9 50.8 52 54.4 59.2 64.2 71 73.4 72.3 74.9 78.8 82 85.6 92 98.3 110.6 115.4 116.1 117.5 121.9 125.2 122.3 121.6 122.8 121.6 120.2 118.7 115.9 113.9 107.6 102.9 102.5 102.4 105.6 107.2 110.6 122.4 128.9 127.3 123.6 123 119.4 114.1 104.9 97.3 91.9 94.7 97 99 101.2 103.5 106.6 112 119.8 128.8 137 147.6 149.7 155.3 168.6 179.4 188.3 204 214.8 220.8
-1.9 -1.9 6.8 14.4 25.2 32.5 37.4 42.3 45.3 46.7 47.2 46.6 46.8 45.3 44.4 45.2 45.7 48.3 52.8 55.3 57.2 58.5 62.4 68.7 74.8 79.1 78.8 79 80.7 84.7 86.6 88.7 94.8 102.6 104.9 108.1 112 115.3 117.8 119.7 121.1 126.8 125.6 121.1 117.7 113.2 110.3 103.9 100.3 100.9 101.6 104.7 107.3 110.3 117 128.6 129.6 127.1 122.4 116.4 110.9 103.2 94.9 90.9 93.3 95.6 97.7 100.3 103.3 105.8 111.2 121.1 130.5 141.3 151.8 153.8 158 170.2 184.3 195.3 207.2 215.3 221
-1.9 -1.9 2.8 12.5 17.4 22.7 27.5 32.9 40.5 41.2 40.7 41.3 38.6 38.6 39.8 42.3 43.6 46.8 52.2 60.2 62.3 66.5 69.8 72.7 78.8 80.4 80.1 81 82.5 85.5 87.3 89.3 91.6 96.4 99.7 103.2 107.1 110.2 112.7 115.5 118.6 122.1 120.8 116.7 113.2 109.3 105 99.5 100.3 99.9 100 103.6 105.7 107.8 111 115.5 126.4 123.2 120.4 112.7 107.8 97.9 93.4 89.1 91.3 93.4 95.6 98.2 102 105.3 111.6 121.4 131.8 141.7 151.6 156.7 164.3 173.3 189.8 199.9 205.7 212.7 219.8
-1.9 -1.9 1.5 2.1 2 9.9 14.3 20.4 27.9 31.3 36.5 38 34 33.9 36.3 38.4 41.8 45.3 49.8 58.9 68.7 74.8 80.1 80.4 81.5 82.1 84 85.4 87.1 87.4 88.9 91.1 92.1 92.9 95.9 98.9 102 105 107.8 110.1 111.8 112.4 112.2 111.7 108.3 104.6 101 99.4 99.7 99.2 100.4 102.8 104.8 106.5 108.3 110 112.8 113.2 113.4 109.8 102.3 93.8 91.7 89 89.1 91.3 93.4 96.2 100.1 104 111.6 120.9 130.5 140.9 150.3 157.2 170.1 182.1 191.9 199.7 209.9 215.7 224.3
-1.9 -1.9 -1.9 -1.9 -1.9 -1.9 1.9 7.3 23.3 27.4 31 31.6 29.2 29.8 32.4 36.5 41.8 46.3 51.8 57.6 66.5 79.6 82.1 84.4 85.8 87.2 89.4 93.3 94.4 91 90.3 91.3 90.2 89.1 92.1 95.1 98 100.6 101.7 103.8 104.7 106.1 106.1 106.1 103.5 100.6 98.2 98.9 98.8 100 101.2 102.4 104.5 106.5 108.6 110.2 109.7 108.8 107.9 106.7 98.2 89.8 89.2 89.1 87.4 89.1 91.3 94.1 98 104 111.9 121.2 130.5 139.8 150.7 161.9 174.3 187.7 193 200.1 212.6 224 228.9
-1.9 -1.9 -1.9 -1.9 -1.9 -1.9 1.3 2.6 15.2 20.6 25.2 26 29.1 29.8 31.5 35.3 40 47.7 53.3 58.2 63.5 71.8 81.9 86.2 88.7 91.1 96.3 103.1 101.3 96.2 90.6 89.4 88.2 87.1 88.3 91.4 94.5 98 98.3 98.2 100.1 100.7 101.2 100.8 100.4 98.4 97.7 98.4 99.3 100.2 101.1 102.6 105.2 107.2 109.2 108.8 107.7 107.6 107.6 105.4 94.2 86.9 86.8 86.6 86 87.2 88.2 93.4 97.7 103.9 112.1 121.5 130.9 140.3 151.8 165.7 179.1 188.7 195.2 203.2 217.3 228.8 235.3
-1.9 -1.9 -1.9 -1.9 -1.9 -1 0.4 2 8.1 18.5 20.1 22.5 26.6 29.3 29.7 34 38.6 48.1 53.8 58.6 64.1 68.6 80.1 84.8 88.9 94 99.5 99.2 100.3 96.6 89.9 88.3 86.6 85.1 84.5 87.7 90.1 93.5 95.3 93.7 94.7 95.4 96.1 95.9 95.8 95.7 97 98.8 99.3 100.2 101.1 102.8 105.6 108 108.9 107.3 105.2 105.6 106.2 103.9 90.9 84.4 84.3 84.1 84.2 86.8 89.5 92.7 96.8 102.3 111.6 120.8 130.1 140.4 153.4 166.5 181.4 187.1 195.4 210.1 222.5 232.6 240.4
-1.9 -1.9 -1.9 -1.9 -1.9 -1.9 0.2 1.8 7 15.6 19.3 19.8 22 29 31 33.9 39.2 46.4 51.5 58.6 63.6 68.1 77.5 83.9 88.3 93.6 98.3 100.5 99.9 96.8 89.2 87.5 85.9 84.3 82.6 82 84.3 87.5 89.5 89 89.5 90.1 90.7 91.2 91.1 94.1 97.1 99.4 100 100.5 101.1 103.1 105.9 108.7 106.9 104.7 102.6 102.3 98.4 96 85.1 82.8 82.7 82.6 83.4 86.1 88.8 92.3 96.6 103.8 110.7 119.7 129 141.3 154.3 167.4 178.3 185.3 198.3 222.8 227.5 235 245.5
-1.9 -1.9 -1.9 -1.9 -1.9 -1.9 -1.9 2.5 3.7 12.7 17.9 19.4 20.1 25.7 30.3 34.1 40 45.7 49.6 57.8 63.4 68.6 77.5 82.8 87.5 92.1 96.6 99.8 94.1 91.2 88.5 86.9 85.2 83.5 81.7 79.9 78.9 80.6 82.2 83.9 85.2 86 86.9 88.6 89.1 91.6 99.1 100.2 101 101.9 102.8 103.4 105.8 106.5 104.4 102.2 100.1 97.3 93.2 89.8 87.8 84.2 82.6 82.5 83.2 85.4 88.1 91.9 98.1 105.3 111.9 119.1 128.6 139.7 151.1 163.2 175 182 199 221.6 228.6 237.6 248.6
-1.9 -1.9 -1.9 -1.9 -1.9 -1.9 -1.9 3 5.3 8.9 15.6 19.9 21.5 23.6 28.2 35.2 41.5 46.9 51.6 55.9 60.8 66.6 74.8 78.2 80.2 85.1 87 88.8 88.2 86.9 86 84.2 82.4 80.6 78.8 77.7 76.3 78 79.6 79.9 81.3 82.8 84 86.2 88.8 92.7 101.6 103.3 102.9 103.5 103.9 104.2 104.9 104.1 102.1 99.9 97.4 95.1 91.8 88.4 86.7 85.8 83.3 82.5 83.4 84.7 87.4 92.4 99.6 106.8 114 119 128.4 140.1 151.3 162.3 173.4 179.9 195.8 222.4 228.6 236.5 246
-1.9 -1.9 -1.9 -1.9 -1.9 -1.9 -1.9 4.1 8 12.2 16.2 20 22.2 25.1 29.4 33.8 41.7 48.4 51.5 53 57.7 63.3 68.4 70.3 72.2 77.6 82.1 84 84.5 83.9 83.1 81.3 79.5 77.8 76.8 75.8 74.2 75.4 76 76 77.5 79 81.9 84 89.6 93.9 108.3 108.8 106.9 105.3 105.2 105.6 105.2 103.1 101.5 96.9 94.4 92.2 90.4 87.1 85.2 84.2 83.3 82.5 83.6 84.7 87 93.9 101.1 108.3 115.5 122 129.3 136.9 147.6 158.9 168.9 179.3 191.6 214.5 223.2 232.2 239.4
-1.9 -1.9 -1.9 -1.9 -1.9 -1.9 -1.9 2.2 8.1 14.9 22.3 28.6 23.4 27.6 32.1 37.1 37.7 41.6 50.6 50.8 54.7 58.6 62.8 65.4 67.4 70.2 74.1 80.8 81.5 81 80.2 78.3 76.9 75.9 74.9 73.8 72.1 72.8 72.4 72.2 73.6 76.8 79.2 84.3 91 97.4 111 111 109.4 108.2 107.1 107 106.8 104.5 102 96.8 91.7 89 87.5 85.7 83.7 82.6 81.7 81.9 83.2 84.8 87.9 95.1 102.3 109.5 116.7 123.9 131.7 139.7 148.5 156.1 164.2 173.8 187.5 206.8 216.9 226.1 234.9
-1.9 -1.9 -1.9 -1.9 -1.9 -1.9 -1.9 -1.9 5.1 10 17.6 23.2 25.3 28.7 36.4 39.8 39.6 39.6 42.2 48.1 52.7 56.7 59 61.8 64.3 66.3 68.3 70.5 75.9 77.6 77.2 76.1 75.1 74.1 73.1 71.7 70 69.6 68.8 68.3 71.2 74.8 80.2 89.7 93.9 98.7 108.2 108.4 112.2 111.1 110 109 108.4 105.8 103 97.7 92.3 87 84.3 83.7 83 82.3 81.3 81.4 84 85.8 88.7 95.9 103.1 110.2 117.3 124.4 132.9 140.4 147.8 155.9 161.8 168.9 184.7 202.2 214 222.6 228.7
2.6 -1.9 -1.9 -1.9 -1.9 -1.9 -1.9 -1.9 -1.9 3 10.8 18.6 23.5 30.4 39.4 40.9 40.9 40.9 41.3 46.3 51.1 54.6 56.6 59.3 61.6 63.1 64.7 67.4 69.8 72.4 75 74.1 73.2 72.2 71.2 69.6 68.1 65 64.3 65.4 68.9 72.6 83.1 91.6 95.3 98.6 101.5 106.7 112.1 115.5 114.2 112.9 111.7 110.1 105.9 101.2 95.9 87.6 85.7 85 84.3 83.3 82.3 81.3 83.2 86.1 89.5 96.6 103.7 110.8 117.9 125 132.5 139.1 145.3 152.3 159.8 167.1 181.5 198.5 211.4 216.8 223.5
0.5 -1.9 -1.9 -1.9 -1.9 -1.9 -1.9 -1.9 -1.9 0.8 7.3 15.8 22.6 29.3 36.6 43.7 42.5 41 41 44.3 49.2 52.4 54.4 56.8 59.6 59.5 61.2 63.2 65.2 67.8 70.8 72 71.1 70.3 69.2 67.5 63.9 60.2 59.9 63.1 66.4 70.8 83 92 95.4 98.3 105 108.6 116.1 118.8 118.9 117.8 116.6 113.7 109.4 104.2 95 89.7 87.8 86.4 85.4 84.3 83.3 82.1 82.1 85.4 89 96 103.1 110.3 117.4 124.5 131.5 138.1 144.1 149.5 157.1 165.2 180.4 195.3 204.4 212.9 219.8
-1.9 -1.9 -1.9 -1.9 -1.9 -1.9 -1.9 -1.9 -1.9 0.9 6 13.1 18.3 25.3 30.9 38.1 42.6 41 40.9 41.8 46.2 48.6 51 53.3 56.7 60.6 60.4 59.5 60.7 63.6 66.9 71.6 71.3 70.3 65.1 62.4 61.3 59 59 60.8 65.3 73.8 83.2 93.1 97.9 112.9 117.7 120.8 122.2 121.7 121.3 120.9 119.3 117 113.4 105.6 94.8 90 87.6 85.4 84.7 84 83.3 82.1 82.2 85 88.4 95.4 102.4 109.5 116.6 124.2 130.4 135.3 140.8 146.2 152.8 159.5 172.6 187.5 202.5 210.7 218.8
-1.9 -1.9 -1.9 -1.9 -1.9 -1.9 -1.9 -1.9 -1.9 -1.9 1.4 5.1 15 21 26.7 31.4 40.2 37 38.8 39.4 40.8 43.1 45.3 47.5 50.3 54.7 58.7 60 59.1 60.2 63.8 68.5 68.2 64.6 60.5 58.4 56.8 56.2 57.8 59.1 64.5 74.9 83.9 91.6 102.2 118.6 121.6 125 125.1 125 124.6 123.2 119.8 116 112.2 105.2 95.1 89 84.8 82.4 81.7 81.1 80.6 81.1 82.5 84.4 87.9 94.8 101.8 108.8 115.8 122.6 127.1 131.8 137.3 142.8 149 157.3 172.2 188.7 201.8 208 216.4
-1.9 -1.9 -1.9 -1.9 -1.9 -1.9 -1.9 -1.9 2.1 -1.9 -1.9 7.1 10.9 17.1 22.3 25.7 29.9 32.9 33.4 34.2 35.3 37.4 39.3 41.8 43.7 45.8 47.6 48.9 48.3 49.8 56 58.4 57.1 57.4 57.2 56.7 54.1 54.8 57.8 59.4 66 77.2 84.4 92.4 100.9 114.4 120.7 126 128.4 128.3 126.7 125 121.6 116.5 110.6 103.1 95.3 89.1 84.4 79.8 79.7 80.2 80.7 82.1 83.6 84.5 86.8 93.7 100.6 107.4 113.2 119.6 124.3 128.5 133.8 140.4 147 157 168.8 181.1 196.5 204.7 212.4
-1.9 -1.9 -1.9 -1.9 -1.9 -1.9 -1.9 -1.9 -1.9 2.6 -1.9 -1.9 9.6 10.6 21.2 22.7 30.7 30.4 30.3 30.7 30.3 31.5 33.6 36.5 37.8 39.7 40.7 39.7 40 39.9 40.3 50.4 51.6 52.8 53.9 57.8 57.3 58 61.9 68 72.3 81.4 85.4 94 109.6 117.1 122.8 129.4 133.4 130.1 128.6 126.2 120.7 115.1 109.5 103.2 95 89.4 85.1 80.7 79.8 80.2 81.7 83.1 84.6 86 87.7 92 97.3 102.7 109.6 116.5 121.5 126.1 131.5 137.8 144.3 152.1 163.3 178.2 194.9 201.5 208.4
-1.9 -1.9 -1.9 -1.9 -1.9 -1.9 -1.9 -1.9 -1.9 -1.9 2.6 -1.9 10.6 10.4 15.3 20.9 24.7 26.1 28.4 30 29.6 29.3 29.9 32.3 34.7 38.4 38.9 40.2 38.3 39.7 41.9 47 48.3 48.9 54.4 60.3 64.5 71.7 73.3 81.4 86.2 87.8 90.1 99.3 121.2 134.8 133.7 136 139.9 136.3 129.4 124.5 119.2 114.1 108.1 102.5 95.8 90.6 86.1 81.7 79.9 81.3 82.7 83.8 84.9 86.2 87.7 90.1 92.8 99 105.9 112.8 119.7 124.8 130 135.4 141.5 148.7 158.1 173 190.8 198 204.2
-1.9 -1.9 -1.9 -1.9 -1.9 -1.9 -1.9 -1.9 -1.9 -1.9 5.5 6.9 9.5 11.2 11.5 19 21.9 24 26.6 29.3 29.1 29.2 30.9 34.9 39.4 41.1 43.9 47.1 49.4 50.7 50.5 53 54.4 52.9 58.2 65.3 73.8 96.9 97 102.1 101 95.9 96.6 106.7 127 142.1 143.3 142.9 141.4 138.1 129.2 122.6 118.1 114.3 108.2 102.2 96.4 91.7 87.2 83.1 79.8 80.9 82 83.2 84.5 85.9 87.2 89.8 92.6 95.5 102.7 110.2 117.4 124.4 129.6 135.1 142.3 147 155.6 165.1 184.6 194.1 199.7
-1.9 -1.9 -1.9 -1.9 -1.9 -1.9 -1.9 -1.9 -1.9 -1.9 5.4 12.2 13.7 12.3 14.8 20.1 22.2 22.5 24.7 27.6 30.3 32.4 36.7 40.5 46 59.2 59.9 62.2 61.9 62.4 62.2 62.6 65 61.4 62.7 67.8 88.6 112.7 109.9 109.3 109.4 106.7 106.1 112.8 129 142.9 145 144.8 141.4 136.1 127.9 121 117.3 114.4 108.8 103.1 97.4 92.9 89.4 85.9 82.7 80.2 81.5 82.8 84.1 85.4 87.2 89.9 92.8 97.2 102.2 107.6 114.8 121.9 129.7 135.7 140.7 145.3 153.1 162.6 176.7 189.4 195.1
-1.9 -1.9 -1.9 -1.9 -1.9 -1.9 -1.9 -1.9 -1.9 -1.9 4.1 12.4 13.9 15.3 18.1 22 24.6 26.8 27.4 31.1 35.6 40.1 44.7 49.2 56.1 64 67.6 69.3 69.2 65.1 66 69.3 72.7 75.1 77.3 76.1 87.9 106.7 113.4 112.8 115 115.6 122 117.2 125 140.8 142.6 142.9 139.4 133.6 126.1 121.1 119.2 117 111.2 104.8 97.4 95.5 92.3 88.7 85.6 82 80.6 81.9 83.8 85.8 87.8 90.1 94.2 99.2 103.6 108.8 114.8 121.7 129.8 135.4 139.5 143.7 150 158.5 170 184.4 190.3
-1.9 -1.9 -1.9 -1.9 -1.9 -1.9 -1.9 -1.9 -1.9 -1.9 5.1 12.3 15.9 18.1 20.1 25.3 29 33.7 37.5 40.7 46.4 47.3 51.8 56.3 67.9 73 75.5 77.3 79.4 75.8 78.7 80.1 84.1 91.4 93.5 90.2 96.5 108.3 118.6 120.8 120.3 119.7 124.9 125.3 124.8 131.5 139.1 141.3 139.6 132.4 126.4 123.2 120.3 119.8 112.1 103.7 96.7 94.8 92.9 91.1 87.5 83.8 80.8 82.4 84.4 86.4 88.2 90.3 94.6 99.1 105.2 111.3 117.4 122.9 130 134.4 138.7 142.9 148 156.8 166.6 179.9 186.4
-1.9 -1.9 -1.9 -1.9 -1.9 -1.9 -1.9 -1.9 -1.9 -1.9 -1.9 17 20.2 24.2 28.3 34.8 38.9 40.9 43.1 45.7 49.3 53.3 57.5 62.4 70.8 79.1 83.4 91.1 98.4 96.8 97 96.3 99.3 105.2 101.1 107 111.8 112.4 119.5 120.7 120.7 119.3 121.6 123.2 125.2 128.6 133.5 139.2 140 130.3 127.8 124.6 121.2 119.6 112.5 103.3 96.1 94.2 92.6 91.2 87.9 84.3 83.1 82.2 84.2 86.3 88.4 90.6 94.9 100.2 105.4 110.7 116 121.7 128.6 133.2 137.8 142.2 146.4 155.2 164.5 173.4 181.7
3.1 -1.9 -1.9 -1.9 -1.9 -1.9 -1.9 -1.9 -1.9 -1.9 -1.9 16.2 27.1 38.8 45.5 52.2 54.9 50 47.3 47.9 52.4 57.5 61.3 67.7 71.8 79.9 90 104.3 108.3 108.2 108.9 107.8 106.5 108.4 109.4 117.9 119.3 118.4 121 121.1 120.9 118.3 118.4 120.2 125.8 129.6 127.1 129.9 131 129.6 128.5 125.9 122.3 117.5 110.3 102.1 95.5 94.1 92.7 91.3 88.3 86.5 84.9 82.6 82.9 84.9 85.8 87.8 92.8 98.6 103.9 109.2 114.4 120.6 126.5 131.1 135.7 140.4 145.4 151.2 158.2 164.8 173.3
9.7 -1.9 -1.9 -1.9 -1.9 -1.9 -1.9 -1.9 -1.9 -1.9 2.3 22.1 38.4 48.2 58.2 65.5 66.9 63.5 59.5 52.1 57.5 60.5 64 69.1 73.7 79.2 92.7 105.1 111.8 116.6 116.7 114 112 112 115.9 121.2 122.3 126.3 127.5 123.4 119.4 116.1 115.5 117.4 122.6 123.5 122 121.6 122.3 123.9 126.4 124.8 122.1 119.6 111.1 102.2 95.1 93.9 92.7 91.4 89.6 87.6 85.7 82.9 80.1 80.1 80.8 86 91 95.9 102.3 107.6 113.3 119.4 124.5 129.5 134.5 139.6 143.8 149 155.9 159.3 164.4
14.8 8 -1.9 -1.9 -1.9 -1.9 -1.9 -1.9 -1.9 -1.9 9.6 28.1 44.5 59.9 71.3 72 71.9 68.6 64.6 60.2 59.8 64.9 70.4 71.5 71.8 77.4 85.3 103.9 110.2 126.2 119.7 116.4 115.2 117.8 121 122.9 124.8 126.7 124.3 121.6 117.7 114 112.6 113.9 115.5 118.2 118.1 115.5 120.8 122.5 124.1 122.5 120.5 118.5 110.4 101.9 94.9 93.4 92 90.6 91.1 89.8 86.8 82.4 71.1 73.5 79.2 84.2 89.1 94.1 99.5 106 112.3 118.5 124.9 129.4 134.9 139.5 141.9 146.7 150.4 153.9 157.4
19.8 11.9 -1.9 -1.9 -1.9 -1.9 -1.9 -1.9 -1.9 -1.9 12.5 28.8 45.1 58.8 73.5 74.6 73.9 71.4 69.3 66 65.3 69.2 70.7 71.8 72.6 75.1 83.4 98.9 112.9 117.1 119.7 115.2 117.5 118.6 120.1 121.7 123.1 122.7 121 120.3 117.5 113.1 109.6 110.8 109.8 108.8 111.7 109.7 119.6 121.8 121.1 122.1 121 118.6 110.5 101.8 95.1 92.9 91.1 89.8 90.7 89.6 85.1 80.3 75.7 72.3 77.3 82.3 87.3 92.3 97.3 104.5 111.1 116.7 123.2 131 133 136.3 139.1 141.9 145.4 148.9 152.2
24 15.7 5.4 -1.9 -1.9 -1.9 -1.9 -1.9 -1.9 -1.9 4.4 24.2 38.5 53.9 72.3 74.1 74.1 73.5 71.9 69.4 70.3 69.2 70.8 71.9 73.3 75.9 80.1 92.5 107.8 110.3 114.2 116.5 117.3 118.1 119.5 120.6 120.8 121.3 120.9 120.2 118.7 115 109.9 107.3 108.3 105.8 104.6 105.4 111.3 119.6 120.9 121.9 120.7 119.7 110.7 101.4 95.1 93 90.9 89.1 89.4 86.9 83.1 79.3 74.6 70.1 75.9 80.9 85.9 91.4 97.1 103.2 108.5 113.7 118.9 125.6 129.9 133.1 136.2 138.7 141.2 143.9 147.1
22.7 17.2 10.8 5.6 -1.9 -1.9 -1.9 -1.9 -1.9 -1.9 2.6 17.2 32.7 46 67.4 73 73.9 74.4 73.3 72.5 71 69.4 70.6 72.4 75.6 78.2 79.4 87.6 104.1 110.8 110.6 113.1 115.2 117.3 118.4 119.7 120.5 121 120.9 120.1 119.1 114.8 110.9 103 100.6 102 100.2 103.2 108.5 120.1 120.8 121.6 120.5 117.2 108 100 94.8 91.8 89.9 88 87.9 84.7 81.1 77.4 73.6 68.8 74.3 79.5 83.8 88.1 92.5 98.9 104.8 109.9 115.3 121.6 125.8 130.3 133 135.6 138.2 140.1 141.3
21 18.8 12.5 6.4 -1.9 -1.9 -1.9 -1.9 -1.9 -1.9 2.6 13.8 24.1 37.1 51 72.9 73.8 74 74.7 73.1 71.6 70 69.7 74.2 77.8 79.6 78.9 82 97 106.6 105 108.4 112.4 115.5 116.9 118.3 119.4 120.6 120.9 120.1 116.8 112.1 106.7 98.6 95.1 96.3 98.4 101 107 116.2 119.1 119.7 119.5 113.3 105.5 100.4 92.8 90.5 88.9 87.1 85.4 82.1 78.8 75.5 70.9 67.1 70.7 77.3 81 84.8 88.9 94.6 101.2 106.8 113.1 119.7 126.1 128.6 130.2 132.8 135.1 136.3 137.2
21.9 21.1 16.7 8.9 -1.9 -1.9 -1.9 -1.9 -1.9 -1.9 5.6 11.7 16.9 29.2 40.7 59.6 70.4 72.4 73.5 72.9 71.6 70.3 69 74.1 80 81.3 79.1 79.8 86 92.7 96 103.4 109.4 114.3 115.4 116.8 118 118.4 120.9 117.2 113.7 110.6 103.3 94 91.4 92 94.9 99.7 104.7 111.2 111.7 112.3 114.3 109.7 100.1 93.2 89.7 88.2 86.7 84.9 82.7 80.1 77.3 74.6 71.8 63.9 70.4 76 80.4 84.9 89.5 94.5 99.2 105.1 110.7 115.9 121 126.1 127.4 130 131.2 132.2 133
22.6 22.6 18 12.9 4.9 -1.9 -1.9 -1.9 -1.9 -1.9 7.6 10.8 14.2 20.4 31.1 43.9 60.5 70.5 72.3 71.8 70.9 71.3 70.4 69.9 77.1 82.9 80.1 79.3 80 83.8 90.8 99.2 105.7 112.6 115 114.2 114.6 115.2 113.4 112.5 110 107.4 100.3 91.2 88.3 90.2 94 98.8 103.7 107.3 108.1 108.5 108.6 101.5 94.3 89 87.3 85.4 83.6 81.7 79.6 77 74.5 71.8 69 62.4 68.7 75.1 79.7 84.5 89 93.2 99 104 107.7 111.6 115.8 120 124.6 126.2 127.1 128.1 128.9
21.1 20.6 17.2 12.8 5.8 -1.9 -1.9 -1.9 -1.9 -1.9 -1.9 11.3 11.7 13.9 22.5 32.5 44.4 59.3 70.5 71.4 74 73.6 71.7 69.8 71.2 76.8 80.7 80.3 78.8 79.3 86.1 93.6 103 108.2 110.7 108.9 108.3 107.1 106.1 107.7 106.5 102.5 96.4 89 80.4 88 93.1 96.5 100.6 105.4 105.6 102.5 100 94.1 90 86.3 84.1 82.3 80.4 78.6 76.5 73.9 71.3 68.8 66.2 61.7 68 74.2 78.9 83.3 87.6 92.9 97.2 101.3 104.7 108.2 112.4 116.6 119.7 120.9 123 123.9 124.9
20.7 19.4 17.6 13.7 10.4 -1.9 -1.9 -1.9 -1.9 -1.9 -1.9 2.5 5.5 11.6 14.4 24.5 36 47 63.5 73.7 75.8 74.9 72.7 69.8 69.2 71.8 75.7 78.2 76.5 76.1 79.7 86.6 96.2 102.8 103.5 101.6 100.7 99.6 99.7 100.8 101 95.5 89.6 82.9 78.5 83.8 88.9 92.4 98.7 103.1 102.9 99.4 92.6 86.9 86.7 83.7 81.4 79.2 77.3 75.5 73.3 70.8 68.2 66.3 69.4 60.2 66.6 72.5 77.2 81.9 86.3 90.5 94.6 98.7 101.7 104.8 109.1 113.3 113.6 114.2 117 120.2 121.3
21.9 20.6 18.3 16 11.8 1.9 -1.9 -1.9 -1.9 -1.9 -1.9 -1.9 2.6 9.5 11.9 15.1 26.9 37.6 50.9 69.1 75.1 73.1 72.7 70.2 69.7 68.7 69.7 72.1 72.9 73.4 73.9 79.3 85.8 90 92.7 95.2 94.5 92 92.5 93.6 92.5 88.1 82.8 78 75.9 81.3 76.9 75 97.5 102.1 102.6 94.9 87.4 81.9 82.5 81 78.8 76.6 74.4 72.3 70.2 67.6 69 68.8 68.3 60 65.9 70.5 75.5 80.5 82.8 87.8 91.9 95.7 98.7 101.7 105.7 107.5 108.9 111.5 114.2 117.8 120
