data/120000-850000.asc
ncols 200
nrows 200
xllcorner 120000
yllcorner 850000
cellsize 50
[rows 144 to 179 of 200, columns 82 to 163 of 200]
159.4 159.3 159.1 167.8 177.6 186.9 199.3 206.2 216.7 220.6 221.6 225.4 228.1 236.4 239.5 245.2 250.9 256.6 261.9 267.1 273.1 278 282 282.9 282.8 284.8 290.6 296.4 302.4 305.2 304.7 302.8 299.2 293.5 284.6 275.1 264.9 255.4 244 230.2 214.7 193 183.6 176.6 169.6 162.1 154.6 145.7 132.2 121.8 115.9 108.3 103.3 97.6 92.4 87.3 86.7 82.9 81.7 76.9 67.2 62.3 55.4 59.4 60.6 63.2 66.5 72.1 77.7 86.3 95.5 105 115.7 123.3 129.3 135.4 141.4 145.4 149.5 154.4 159.7 162.5
159.4 159 160.8 171.4 177.6 183.7 193.8 208.7 221.1 223.7 222.7 222.1 224.2 227.8 232 237.4 244.7 251.9 257 259.4 262.7 267.4 271.9 273.3 276.4 280.1 283.5 289.6 297.1 302.3 305.8 308.1 304.9 298.9 292.3 282.4 270.5 263.2 255.9 244.8 228.6 208.7 194 184.2 176.7 167.9 161.9 154.3 141.2 126.7 118.6 110.7 105 100.4 94.2 86.5 81.2 80.7 81.2 77.5 72.6 64.4 50.6 61.6 60.3 62.9 66.7 71.7 77.1 83.5 90.6 99.2 108.9 118.3 124.9 130.7 137.4 142.5 146.9 151 156.3 160.4
157 159 163.8 170.3 174.8 180.5 190.1 207.1 219.6 225.2 223.4 219.2 219.6 220.8 224.1 230.5 236.9 244.3 251 252.8 254.3 257.1 261 264.3 267.4 273 276.4 280.1 290.4 300.3 305.5 309.8 310.4 303.2 295.4 288 278.2 271.5 264.1 254.3 240.3 225 208.4 194 183.1 172.6 165 158.3 149 136.3 124.7 114.8 109.1 102 95.2 88.1 82.2 79.7 80.2 76.2 72.7 66.9 57.5 61.1 59.4 63.9 69.4 72.1 76.5 82.6 89.4 97.5 102.1 113.6 121.2 128.9 135.3 140.6 145.3 148.7 153.2 158.1
156 159.5 163.7 168.6 172.7 176.5 187.1 201.5 215 219.5 219 215.9 213.2 216.3 218.5 223.8 229.7 236.4 240.5 243.5 246 248.5 252.3 256.3 261.5 266.9 271.5 273.6 283.1 295.1 304.4 309 311 307.9 298.6 289.8 282.4 276.1 268.3 259.8 250.1 235.7 222.2 205.4 191.2 177.6 166.6 161.1 152.7 145.3 138.1 121.1 113.8 108.9 97.1 92.4 87.1 80.8 77.4 73.4 70.4 66.4 59.9 60.3 59.4 65.7 70.9 73.2 77.2 82.8 93.7 100.1 104.4 111.1 119.5 127.3 132.9 138.4 143.2 146.6 150.5 155.5
148.7 152.6 159.7 166 170.7 174.7 181 192.8 207.2 211.9 210.2 210.3 205 206.7 212 219.5 225.7 229.3 232.1 233.5 237.2 242.1 245.9 251.2 256.9 263.2 267.3 269 271.2 287.4 300.3 304.2 308 307.1 301 291.2 286.1 281.4 268.3 259.9 251.5 238.8 227.1 216.2 198 185.2 171.6 163.7 157.3 149.6 143.4 131.7 117.5 106.5 100.5 92.5 87 82.8 78.7 72 69.1 68.3 59.2 61.2 59.6 61.7 69.2 73.2 77.6 81.4 91.5 99.7 104.2 110.4 119.1 126.9 131.7 137 141.5 144.6 149.1 154.9
133.2 142.9 154.9 164.1 165.5 168.5 175.2 182.3 193.9 202.5 203.9 202.1 200.1 201.6 207.2 215.4 222 222 222.9 225.6 229.9 233.8 243.1 247.8 253 259.1 262.4 263.9 264.4 271.3 285.4 295.7 300.8 304 302 296.8 288.7 279.9 269.5 260 251.9 242.6 236.6 226.8 213.5 194.9 179.6 168.1 159.6 152.6 146.5 139.6 123.6 110.3 104 96.6 88.7 85 80.6 73.7 71 68.9 61.6 61.5 65 61.1 64.7 71.9 74.3 79.7 86.8 95.8 104.7 111.7 118.5 125.9 132.4 137.2 139.7 143.7 147.8 153.4
124.2 143.2 155 160 158.9 160 165.8 172 182.4 191.7 197.5 196.9 195 195.5 201.9 208.9 214.8 214.4 213.2 217.4 222 229.1 239.7 245.2 250.2 255 258.6 260.8 260.4 265.5 270.7 282.6 293.8 298.6 300.9 298.9 290.8 281.7 271.8 263.1 255.4 247.5 243.6 234.7 221.3 202.7 188.5 175 160 152.5 146.3 140.4 129.4 117.7 104.4 97.8 92.2 83.9 80.4 77 73.3 70.9 66.5 66.4 69.2 70.1 63.2 65 71.1 77.4 83.7 92.4 101.1 112 120 126.6 132.1 137.6 140.2 143.5 147 152.3
113.8 132 146.6 150.5 151.2 154.2 159.2 165.1 174.5 184.6 192.9 193.2 190.6 191 195.6 201.1 202.9 204.8 204.8 209 213.5 224.7 233.9 243.7 248.9 252.5 254.8 257.5 258.4 260.4 264.1 271.4 280.5 290.8 297.7 297.9 292.4 281 272.6 265.9 256.1 250.1 246.3 238.6 228.5 213 198.5 181.7 165.6 157.3 147.7 141.1 133 124 112.6 99.6 92 86.9 79.7 78.6 74.3 71.1 68.9 68.9 73.1 75.7 67 63.8 69.6 75.5 83.1 91.9 100.6 109.6 120.8 127.1 130.5 135.4 140.2 143.2 147.1 151.6
110.2 117.6 125 133.8 150.5 152 155.7 158.6 165.7 175.7 185.3 190.4 186.7 185.8 188 194.2 194.9 195.9 197.5 202.6 208.9 220.6 229.5 237.8 244.5 248.8 251.8 253.4 251.9 250.8 256.5 261.8 266.4 277.2 288.8 296.1 291.5 278.5 272.1 265.4 255.7 250.3 243.2 241.1 235.2 218.5 204.8 187.2 172.9 161.3 150.4 141.6 133.7 126.7 117.3 103.4 92.2 85.7 80.7 77 74.5 71.5 70.5 69.3 75.8 80.4 75.1 66.7 68.5 75.8 84.3 91.1 99.1 111 118.9 123.9 127.7 132.9 138.6 141.9 146.3 150.7
104.1 104.2 112.7 137.1 151.1 151.7 153.2 154.7 157.7 164.7 173.4 176.8 180.9 180.8 181.2 185.5 186.5 188.8 190.2 196.1 202.7 215.6 225.5 233.4 240.2 246.5 251.1 250.9 246.3 244.3 248.8 253.9 258.5 266.2 278.3 288.7 288.2 274.6 267.5 262.1 255.4 250.1 241 240.1 235.3 222.7 208.9 193.7 182.4 166.6 155.2 146.3 136.7 127.3 117.6 107.5 95.5 87.3 81.8 78.1 74 71 69.2 70.6 71.9 78.7 81 73.2 69.4 77.9 83 89 99 108.5 115 121 126.4 132.2 137.2 141.4 145.4 148.5
100 102.3 109.9 133.5 144.4 150.5 151.2 152.1 152.5 157.9 160.3 170.1 178.5 181.2 179.6 175.5 179.8 181.5 183 188.6 194.5 204 220.6 228.5 234.8 241.4 249.4 247.3 241.2 238.8 241.2 247.9 252.7 254.6 264.1 269.5 274.3 268.7 264.5 260.5 254.2 248.9 241.9 235.8 232 225.3 210.6 200.6 187.7 171.8 160.3 150.4 141.8 126.8 120.2 112 98 89.3 83.6 78.9 75.7 71.8 69.3 71.1 72.3 74.9 78.4 79 69.1 77.1 83.7 89 98.3 104.9 110.8 121.3 125.8 130.5 134.8 139.3 140.9 144.9
95.2 101.1 106.1 132.1 141 145.7 149 151.1 149.1 153 161.2 165 169.4 173.9 171.6 167.6 172.8 174.5 178.6 182.7 188.6 193.4 206.6 221.3 227 232.4 237.1 237.5 233.1 231.2 232.6 237.9 241.7 250.8 252.1 256.3 259.9 260.2 259.4 256.4 251.4 246.2 240.8 230.8 225.8 220.7 211.1 200.2 191.3 176.4 164.6 154 142.4 130 119.7 109.9 99.4 90.8 83.2 79.8 79.4 75.3 71.5 73.6 72.6 74.9 77.9 77.9 70 77.3 83.2 88.7 95 101.7 109.3 117.6 122.3 128 132.4 136.5 139 140.5
94.3 105.1 109.8 123.8 139.8 141 147.6 148.3 150 150.6 157.2 159.2 162.6 168 170.3 160.8 163.5 170.8 173.8 177 181 188.5 196.3 209.4 218.7 224.3 229.3 230.3 227.5 227.1 227.7 230.5 233 235.6 237.6 244.9 252.3 253.4 253.1 251.6 250.8 241.7 235.4 229.8 219.4 216.1 210.6 199.2 186.9 178.3 167.1 157 144.7 133.8 120.5 113.3 106.7 93.3 86.6 83.3 83.2 79 75.9 75.4 74.1 75.9 76.6 74.5 71.7 72.7 82.6 87.9 93.6 99.5 108.3 114.1 119.1 124.8 130 134 138.3 141.6
94.9 104.4 109.7 116.4 126.3 134.2 141.5 139.8 145.2 147.4 148.2 153.5 158 161.6 160.9 153.9 151.2 161 168.7 171.8 174.8 181.5 188.1 199.2 208.1 215 220 220 221.8 223.1 219.9 221.6 224.2 224.6 224.9 232.3 238.2 240.6 240.5 241.9 242.2 237.5 230.4 225.6 217.5 213 207.2 197.5 187.4 180.7 169 157.1 145.9 134.8 123.6 109.8 102.6 98.8 90 87.2 85.1 82 78.8 76.9 76 76.7 75.3 74.8 79 75.3 82.1 86.1 91.8 98.4 105.1 110.4 116.6 123.9 130.2 135.4 140.1 143.4
94.6 103.7 109.4 118 123.2 128.4 135.8 140.9 142 141.9 141.6 148.9 154 154.1 152.9 148.3 144 155.6 164.5 167.5 169.9 170.4 175.8 186.4 197 206.4 206.9 204.4 212.4 220.1 215.9 211.2 213.3 216.5 212.9 217.6 224.2 229.2 236.9 240 233.3 231 226.4 218.8 212.8 206.8 201.7 194.5 188.3 179.5 170.1 160.6 150.2 140.9 130 120 108.1 99.5 93.5 89 84.2 80.3 78.9 78.5 77.8 77.4 78 78.6 78.4 74.1 78.7 83.3 89.6 95.8 101.9 108 114.8 121.8 131 137.9 141.8 145.1
88.5 103 110.4 120.3 120.3 121.6 132 140.5 139.6 140.1 138.7 143 151.3 148.9 149.5 141.7 132.8 144.3 153.1 162.3 162.2 161.9 166.2 172.1 185.6 193.1 194 192.4 196.6 204.2 210.9 208.3 202.3 204.7 203.9 206.6 213 221.1 231.1 226 225.4 223.9 220.8 214.2 207.6 200.2 195.8 190.2 184.2 177.5 170.9 165.4 161.4 148.3 136.1 124 114.4 104.5 96.1 89.2 85.3 82.1 80.5 80.4 79 79.2 79.8 79.6 78.9 78 75.5 82.5 89.4 93.2 99.5 106.3 113.2 120.3 130.7 139.8 143.7 146.3
84.4 100.7 107.8 113 115.4 118.3 132.5 134.8 135.1 132.3 131.9 135.5 135.9 140.1 140.9 134.4 129 139 144.1 152 153.3 155.4 160 161 171.9 179.7 182.1 183.7 184.7 188.9 195 199.6 195.4 196.5 196.8 198.9 204.3 208.7 212.7 215.5 216.6 217.2 212.3 207.3 201.8 199.5 195.9 189.9 183.8 179.5 172.7 166 161.3 152.4 140.4 129 118.2 109.6 101.4 94.5 88.4 85 83.1 80.1 78.9 80.8 80.6 80 78.9 78.6 79 82.1 88.4 92 97.7 104.6 111.5 119.3 130.1 140.4 145 147.2
93.3 98.7 103.3 108 108.5 113.1 123.7 129.2 124.3 128.5 125.1 126.3 130.9 132.7 133.5 128.3 120.5 124.2 131.9 143.1 144.7 147.1 150.2 153.9 159.7 164.2 166.9 172.5 175.2 176.3 177.8 185.8 188.5 188.8 190.5 192.2 198.5 201.8 204.9 207 207.9 209 208.1 206.5 202.2 200.3 196.2 190.5 185.6 182.4 178.7 170.1 161.2 153.8 145.5 137.5 127.8 117.1 107.6 98.2 92.2 88.3 86 81.5 78.9 80.1 80.9 80 78.9 78.3 80 82.4 88 91.3 96 102.9 109.8 117.8 127.6 140.6 146.3 149.3
87.8 94.4 100 102.6 100.8 108.2 110.8 114.4 115.8 121.4 117.5 116.9 120.3 124.8 125.1 122.4 121.2 120.1 125.2 133.7 134.2 139.1 142.8 147.4 153 157.3 157.6 158.7 161.8 166.2 168 169.9 168.9 180.2 186.9 192.4 198.8 201 202.4 203.9 205.9 208 209.3 208.2 204.7 200.7 196.4 191.5 187.3 183.4 180.7 174.1 164.6 156.8 148.7 142.1 135.1 124.5 116.1 103.1 96.4 92.1 89 82.9 80 80.9 78.9 78.7 78.4 78.3 78.9 81.4 86.7 90.4 94.9 101.2 108.2 117 127.4 136.5 143.2 149.6
79.3 87.6 91.7 94.9 96.3 97.6 102.8 106.7 107.8 114.4 110 111.1 114.5 115.3 117.4 120.4 117.6 114 118.4 124.2 128.3 133.3 136.5 140.6 146.6 147.7 145.2 145.6 147.9 149.3 164.5 172.1 179.8 180.7 189.8 194.8 199.8 200.2 201.5 204.5 207.4 208.8 210.3 209.8 207.3 200.8 195.6 190.8 187.8 184.7 181.2 171.8 167.6 159.5 152.1 146.4 135.9 130 121.9 111.6 103.1 94.9 89.9 86.5 82.9 81.3 80 78.8 78.7 78.6 78.8 82.2 87.6 93.2 98.8 104.4 108.7 117.1 125.6 134.3 139.9 143.5
74.4 80.1 86.3 89.5 91.1 90.1 93.8 95.2 97.2 104.1 104.3 103.7 106.8 106.5 108.7 111.5 109.8 110.1 111.9 113.5 118.2 127.9 130.1 131.6 132.8 135.2 137 139.8 144.2 156.3 170 172.8 177.2 185.9 190.4 192.9 197.8 199.7 202.4 205.8 207.9 210.2 215.7 216.4 209.1 201.3 198.7 195.4 190.1 185.5 182 177 171.1 161.6 156.2 150.8 141.3 132.7 125 118.6 107.3 97.8 92.2 89.7 86.3 82.8 80.7 78.9 78.9 78.9 80 82.1 87.6 95.1 101.6 107.8 112.3 117.4 123.3 131.9 138 141.9
70.1 75.5 80.8 85.5 88.1 81.6 84.1 86.1 87.7 90.6 91.6 96.6 99.1 100.2 99.8 100.2 102.4 99.7 102.7 104.8 111 118.1 120.8 124.2 126.5 130 132.9 135.6 140.4 146.9 159.9 167.6 172.3 182.4 188.7 188.6 194.7 202.6 204 205.7 206.7 210.6 220.8 220.2 211.6 206.3 207.1 202.7 196 187.7 180.8 178 172.3 165 158.1 152.2 146.5 140.7 130.9 119.6 111.4 102.8 95.1 90.3 86.9 83.4 80.7 80.2 80.7 80 79.6 82.6 86.8 94.1 102.4 108.5 113.4 118.2 123.2 129.4 135.9 141.7
63.5 70.4 75.5 79.1 80.5 78.1 78.7 78.8 81.4 77.8 81.1 86.7 88.1 89.8 91 89.7 92.9 95 99.3 100.5 105.2 110.9 118.1 121.2 123.3 124.8 127.4 131.3 134.5 139 143.8 154.9 167.1 170.7 179.2 186.1 197.8 209.6 210.5 209.3 209 211.1 219.4 218.9 216 214.1 214.4 210.8 205.1 194.5 184.5 178.3 170.2 166 159.9 154.9 149.3 143.2 136.3 127.8 116.7 105.9 97.9 92.5 87.5 83.8 82.1 81.2 80.9 80.2 79.7 80 86.4 93.6 101.2 106.8 111.9 117 122 127 133.4 139
58.6 65.2 70.9 74.2 74.7 72.7 69.7 72.2 72.3 68.5 73 79 78.8 79.2 83.9 87.1 89.5 89.5 97.4 100.9 106.7 111.3 115.3 118.5 119.7 120.5 125.8 128.7 129.2 133.1 139.9 150.6 163.5 175.1 182.7 189.2 201.6 211.2 211.1 209.2 209 211.2 215 218.9 223.7 223.7 223.6 220.3 214.1 203.5 193.7 184.2 174.7 165.2 164 160.4 152.4 144.4 138.3 129.8 122.8 112.1 102 94.8 89.2 86.5 85.3 85.4 83.7 82.8 80 81.3 86.8 92.9 99.3 105 109.6 114 119.7 125 130.8 136.2
55.1 59.3 63.2 67.3 67.6 65.7 64.9 60.1 61.4 60.7 66.9 72.2 73.5 77.1 81.8 83.4 88.8 100.4 101.8 106.5 110.1 109.8 113.2 116 118.2 119.8 128.8 129.3 129.9 134.3 142.4 165 174.5 178.2 185.3 194.7 205.2 210.6 211.2 209.9 209.2 209 213.1 221.5 230.2 232.6 233 230.3 227.3 216.9 203.3 192.3 183.7 176.2 164 161.2 154 147.3 141 132.1 123.4 114.6 105.3 98 90.8 88.8 89.7 90.1 88.3 86.2 82.4 81.8 83.4 92.1 98.6 102.1 106.3 110.5 116.4 122.4 128.2 134.2
50.2 50.1 52.6 52.3 54.9 56.1 58.3 60.3 58.8 58.4 60.6 65.4 69.4 69 75.7 79.7 86.2 101.1 103.1 107.8 111.3 111 112.6 117.3 121 124.1 129.6 132.6 134.8 139.1 143.6 165.7 172.6 178.6 187 198.5 208.6 212 214.1 212.6 212.7 212.5 216.2 224 233.1 236.3 237.7 236.4 233.9 227.9 214.6 202.4 193.9 183.7 169.4 158.6 151.9 149.2 142.1 134.4 125.7 116.4 107 99.2 92.3 88.8 90.6 92.2 91.8 89.1 86.1 84.4 81.5 91.1 96.3 99.3 103.8 108.4 113.3 119.4 126.4 133.1
41.6 40.5 44.2 46.5 49.6 51.8 53.5 55 55.4 56.2 58.4 58.8 69.6 73 78.3 83.3 89.1 92.7 100.4 105.3 109.1 109.3 115 119.7 123.4 131.2 136 139.8 141.8 144.3 148.3 162 167.3 173.3 183.2 203.9 211.2 211.3 215.5 218.2 220.2 219.3 222 227.7 236.3 239.9 242.8 240.4 237.2 230.4 223.3 214.3 205.6 194.7 180 165.5 153.1 146.7 142.4 135.2 128.3 119.1 109.5 101.8 94.7 88.8 91.1 95.4 95.2 92.4 89.2 89.2 84.8 89.8 94.5 97.4 101.9 106.9 111.1 118.3 125.1 131.4
14.5 30 40.3 40.6 43.2 48.9 49.6 50.9 51.9 52.7 55.7 60.7 71.2 79.5 87.3 97.2 103.4 103.7 106.8 107.1 108.7 108.9 115.3 122.5 127.6 136.7 142.8 147 150.8 152.6 152.9 160.3 163.5 168.8 185.8 195.9 202.7 209.9 216.5 220.7 221.7 222.9 225.8 230.4 238.8 243.9 246.4 245.3 240.9 234.3 228.3 222.9 214.1 206.4 187.6 171.8 160.2 147.9 139.6 135.9 130.8 121.4 111.9 104.6 97.9 91 93.5 98.5 100.4 96 90.5 90.6 89.2 88.1 93.8 96.1 100.3 104.6 110.3 117.4 123.5 129.8
31.7 30.2 38.9 39 39.1 49 49.2 50.6 51.8 54.3 58.3 62.3 76.2 84.1 95.5 105.4 108 109.2 113.4 118.3 121.4 115.7 120.8 125.4 132.7 140.4 149.1 154.1 158.1 160.9 159.6 160.8 165.2 171.3 183.9 188.9 200.2 210.1 216 221.2 223.1 226 229.3 233.3 241.6 247.3 248.7 250.5 244.9 238.5 233.2 227.3 217.8 207.7 190.5 177.1 165.2 157.1 144.9 132.6 128.4 122.1 114.5 105.5 98.2 95.9 97.8 100.7 100.9 100.4 92.1 90.5 90.6 88.5 90.6 94.8 99.4 104.2 110.1 116.4 122.3 128.2
34.9 36.1 41.8 43.2 50.3 50.6 50.1 52.5 55.1 58.3 62.9 70.1 79.5 89.1 97.7 100 104.1 111.7 121.5 127.6 129 120.8 122 128.9 135.5 148 157.9 162.5 167.4 167.5 165.7 166.5 169.2 174.2 179.8 185.5 200.4 209.6 215.1 221.2 224.3 227.6 232.1 240 246.1 249.2 251.1 251.2 250.4 244 237.5 230.7 218.4 209.6 192.6 183.5 172.3 164 153.7 142.6 128.1 119.1 113.2 101.9 98.4 98.2 98.6 100.2 100.6 101 95.2 90.5 93.2 93.5 93 90.2 97 104.5 110.3 114.8 119.1 125.8
35 38.5 46.3 49.1 52.6 53.2 52.2 56.4 60.6 66.6 68.6 71 82.3 87.8 96.9 102.3 106.6 118.4 127.7 133.2 135.6 134 129.9 132.3 145.5 160.7 166.4 171.8 176.5 177.2 173.7 174.5 174.1 175.9 180.1 189 202.8 208.3 214.8 221.6 226.8 230.1 234.9 241.9 250.8 252.1 251.7 250.9 250 248 240.7 232.2 221.2 212.3 196.6 186.9 179.7 169.2 159.4 147.2 138.6 123.8 113.3 101.6 98.4 98.3 99.3 101.3 101.4 101.4 100.1 90.6 94.5 95.8 96 95.5 91.5 101.8 108.4 113 117 121.8
32.3 39.6 49.5 50.7 55.4 57.4 55.8 60.3 70.8 75.4 75.7 76.3 85.1 98.1 110.8 115.7 118.4 124.5 134.7 146.8 152.1 148.5 141 143.3 157.5 168 173 178.2 189 185 180.8 180.4 179.9 178.9 182.4 193.7 201.7 208.5 212.8 219.2 225.3 231.8 239 241.9 250.8 252.1 252.7 251.8 249.5 247 242.7 234.1 222.4 211.7 198.5 188.6 181.2 171.6 161.6 149.3 141.5 128.9 116.3 106.7 98.9 98.6 100.1 100.8 101.7 101.8 100.7 97.2 95.6 97.6 98.4 99.3 98.1 102.4 104.5 109.8 114.2 118.9
26 36.7 44.7 48.6 52.9 62.2 65 74.1 81.1 81.4 81.2 83.2 95.8 100.9 116.8 123.5 128 135.9 146.6 156.9 164 161.1 155.9 155.6 162.5 170 177 180.7 188.9 184.9 180.5 179.6 178.5 178.7 180.5 193.3 201.1 207.7 212.1 216.4 222.8 232 240.7 242.1 248.5 252.5 254.6 253.3 251.2 244.9 239.7 235.5 222.8 212.5 198.8 189.1 180.4 170.4 160.6 149.8 140.7 131.4 117.8 109.2 99.3 98.7 100.3 100.6 101.6 102.4 101.6 99.6 99.2 99.8 99.8 100.3 101.8 99.1 101.6 108 112.5 116.4
21.8 31 39.8 44.2 52.8 68 75.2 82.7 84.6 86.4 93.8 100.7 108.3 110.8 116.1 127.9 140.2 156.7 159.3 162.9 171.1 171 163.2 160.9 163 168.9 180.4 181.1 180 175.7 171.7 170.6 171 179.5 188.4 193.5 197.8 209.5 211.9 214.3 219.5 228.8 240.7 241.9 240.1 247.2 252.2 252.5 254 246.1 236.6 231.3 223.3 211.2 198.6 189.3 178 169.2 159.2 147.2 137.9 127.9 117.9 110.7 100.4 98.9 101.1 101.6 102.3 102.6 103.8 102.4 102 102.2 102.3 102.8 103 103 99.4 108.6 111.8 116.3
15.5 26.6 39.5 43.6 51.7 66.6 70.9 77 87 97.3 108.6 116.2 115.4 120.3 126.3 135.7 159.2 169 170.5 169 169.1 170.8 169.2 163.8 162.6 169.2 179.7 181.1 173.1 168.6 167.5 169 178.7 189.5 194.2 191.6 193.5 202.3 209.2 213.8 218.1 222 232.2 239.1 233.3 229 239.7 245.9 248.3 242.4 232.1 229.8 220.4 211.7 197.9 188.2 175.8 165.7 156.8 146.6 137 125.3 117 110.2 103.6 99.2 101.6 102 102 103 104.8 105.2 104.8 104.7 105.6 106.9 107.7 107 105.7 106.6 112.4 116.8
10.4 27.1 45.9 60.1 59 61.7 67 70.7 88.3 102 114.7 123.4 131.4 147.9 151.9 145.7 162.4 170 170.8 170.9 168.9 168.9 170.1 164.3 160.2 162.6 168.9 167.2 164.3 164.9 165.3 167.1 182.5 185.4 189.3 189 189.1 200.8 201.3 212.2 215.2 217.3 223.8 229.2 228.8 220.7 224.6 233.1 237.3 229.7 224.3 216.4 209.3 202.9 194.9 185.3 177.3 165 154.3 146.7 135.9 125.1 118.4 109.7 102.6 99.2 100.8 101.2 102 104.1 106.1 107.9 107.7 107.4 109.5 114 114.1 112.2 109.6 111.3 114 118.8
