data/120000-830000.asc
ncols 200
nrows 200
xllcorner 120000
yllcorner 830000
cellsize 50
[rows 0 to 37 of 200, columns 0 to 83 of 200]
123.2 116.3 109.2 100.2 92.3 84.5 72.3 58.3 43.9 39.7 38.7 40 54.3 74 89.5 96.8 99.3 100.7 102.8 106.8 111 118.6 148.5 175 180.5 198.5 204.6 210.5 212.8 213.3 210.9 203.4 186.3 184.5 175.9 167.1 160.4 161.4 158.9 160.7 165.4 169.6 182.6 204.1 217 234.3 242 249.3 254.6 257.5 267.1 286.7 290.3 292.1 297.4 305.6 324.6 337.5 346.9 352.8 350.9 344.9 332.6 318.7 304.9 292.4 280.1 269.4 260.7 255.1 251.7 250.9 256.5 262.2 266.9 267.4 263.1 259.6 262.8 260.2 252.8 242.2 231.1 223.2
111.1 104.6 99.9 94.9 88.3 80.8 71.5 56.6 40.7 35 35.4 43.8 58.4 77.1 92.5 98.1 96.8 97.6 101.2 104.7 111.4 115.7 137.5 168.9 178.5 194.9 202.2 205.2 206.9 203.5 200.1 189.9 170.7 169.1 163.4 153.1 148.1 149 151.5 158.8 161.3 167.1 177.6 197.9 217.7 231 242.7 250 254.8 258.1 266.4 277.3 282.5 286.9 294.3 302.9 316.9 327.5 334.8 338.6 338.4 328.2 320.5 309.8 296.3 286.9 271.1 264.1 259.3 257.3 256.5 261.5 268.6 271.9 283.8 286.6 284.3 279.6 281.3 275.4 265.6 258.2 251.2 238.1
101.7 97.5 93.9 89.4 85.9 78.8 70 54.1 35.4 30 32.1 47.6 61.3 77.3 91.7 93.4 90.6 95 98.6 101.5 111.5 114.7 132.6 164.7 183.8 194.1 199.3 200.4 197.3 193.3 187.9 173.6 162.6 158.7 151.1 139.5 140.8 149.9 154.3 159.4 164.1 170.4 173.9 194.6 218.2 231.7 243.1 249.5 253.8 257.9 262.4 266.5 272.8 283.3 289.9 300 312.6 322.7 329.6 330.6 319.7 314 308.5 295.8 286.3 277.6 268.7 259.5 260.2 258.8 267.4 273.9 283.9 289.4 298.3 304.4 299.6 294.5 290 286 279 271.8 262 254
94.9 93 88.2 85.4 83.5 77.4 68.7 48.9 32.8 29.3 37.1 55.4 62.9 68.8 81.1 87.8 85.7 91.6 95.6 98.1 108.5 115.8 128.2 159.3 185.3 194.8 196.5 194.1 188.1 183.1 173.5 159.7 152.6 147.8 143.3 130.2 140.9 151.7 159.5 160.9 163.8 168.7 175 192 215.3 230.1 243.8 248.2 251.6 255.1 256.3 257.3 267.5 281.2 288.1 298.1 310.5 325.6 333.8 330.7 319 306.1 297.5 288.9 280.3 271.1 263.8 261.1 260.6 261.9 273.3 279.7 291.5 302.8 312.2 316.3 312 309 301.3 297.7 292.5 288.2 282.2 272.3
91.1 88.8 86 84.5 80.6 76.6 64.2 43.8 29.6 30.2 45.9 58.1 65.5 68.8 73.2 79.8 79.4 84.9 93 95.4 102.2 112.8 121.7 144.6 173.7 183.8 183 180.2 177.1 169.4 156.4 147.4 141.4 140.6 135.9 129.2 142.7 152.2 159.4 160.8 159.8 164.6 171.3 187.1 206.1 225.7 241.5 242.7 245.8 249.5 249.8 253 266.4 280.2 293.2 303.3 322.3 338.2 340.4 332.6 318 302.7 293.7 284.8 274.1 263.6 257.8 257.8 258.4 259.6 274.8 285 296.9 307.5 317.5 324.2 323.8 321.4 312.8 307.2 303.3 300.2 294.7 288.7
89.5 86.5 86.1 83.1 77.9 70.4 55.7 41.7 28.8 31.7 46.5 57.7 66.3 70.2 70.9 70.7 69.8 76.4 89.1 94.1 97.9 110.3 119.5 129.5 147 153.7 149.9 147.1 146.5 144.3 137 130.2 132.4 136.6 121.6 135.9 146.3 151.7 157.8 160 158.9 159.9 168.7 180.7 198.8 219.1 231.4 230 240 245.8 250.7 257 272.3 287.8 303 317.6 334.5 342.5 338 329.1 316.9 301 288.3 281.9 273.1 261.3 255.5 251.9 253.2 256.7 273.7 287.9 297.9 308.8 319.8 332.3 333.2 329.7 322.5 316.1 312.4 309.5 305.5 301.9
87.3 83.2 84.6 81.4 74 64.8 48.2 38.1 28.7 33.5 51.3 58.7 64.7 67.8 69.7 69.3 69 69 85.1 93.7 95.9 102.9 112.6 123.7 133.2 136.9 134.4 133.7 133.1 130.3 120 117.9 121.1 122.1 131.4 144.5 150.1 151.1 155.8 159 158.3 158.3 165.5 175.9 190.5 209.8 221.3 232.8 240.7 246.7 257.1 273.9 280.8 301.1 318.8 329.8 338.5 340.2 334.2 325.8 314.1 299.8 288.6 280.1 267.8 258.3 252.7 249.6 251.8 255 267 282.5 297.1 309 325.7 338.6 346.2 345.9 335.2 323.8 319 315.5 312.9 308.5
84.1 81.2 80.7 77.8 69.8 57 44 30.7 28.6 42.1 51.6 57.4 60.5 63.6 65.6 67.8 70.2 71.8 82 93.4 94.4 96 103.4 114.8 126.2 130.8 131.6 131.6 128.9 113.7 110.5 110.1 110.4 121.9 140.5 150.8 151.2 152.2 155.7 159.2 158.6 158.6 162.9 173.1 187.3 210.5 226.4 238.7 250.4 264.6 279.8 287.1 300.3 318.2 326.1 330.6 334.1 333.3 329.2 322.8 312.1 299.6 291.1 277.5 263.4 253.5 248 249.5 251.1 253.6 258.8 276.4 295.1 311.5 331.3 347.1 360.9 365.8 350.5 328.9 322.3 319 315.5 310.9
84.2 80 78.7 75.6 62.9 48.1 37.3 28.4 29.5 50 56.6 59.5 59 59.8 60.2 64.8 68.2 69.3 77.2 91 92.6 93.2 97.4 105.1 116.3 122.8 124.9 119.8 110.3 101.6 99.1 110.7 116.6 127.4 140.2 150 150.9 153.4 157.8 159.5 159.5 160.3 164.3 173.9 194.4 222.2 242.1 255.9 267.6 282.8 293.3 302.7 315.9 324 326.7 329 329.3 329.6 325.5 321.5 309.7 299.3 291.1 274.5 259 249.4 248.2 248.8 250.3 252.7 253.4 266.6 289.3 310.2 331.2 354.4 367.1 368 352.8 333.9 321.1 320.5 318 310.2
80.1 76.3 70.9 63.4 52.8 40.8 29.9 25 39.4 51.4 56.5 58.5 59.4 60.5 61.4 63.8 66.2 70 77.6 86.2 90.2 92.5 94.9 99.1 104.3 109.2 107.8 103.6 91 94.9 101.6 108.7 116.8 125.5 136.7 146.9 150.8 153.3 159.8 161.4 163.6 165 166.3 178.5 205.9 241.3 259.2 267.3 275.7 285.4 294.5 306.2 321.3 324.8 324.8 326.3 330 329.9 322.2 315.7 308.2 297.7 289.8 272.4 261.2 249.4 248.7 248.4 249.6 251.1 252.7 257.5 281.2 308.2 322.5 349.2 359.6 358 350.9 339.6 323.7 320.2 316.4 308.8
76.1 75.1 60.2 54 45.5 34 22.5 27.3 47.3 53.3 56.7 57.5 59.7 61.4 62.8 65.5 68.6 72 77.5 84.4 90.5 92.9 93.5 94.7 96.6 98.2 93.8 88 87.6 96 100.5 106.6 115.6 125.1 135.3 142.7 149 158 162.9 164.6 166.7 170 172.4 181.6 213.8 246.3 260.8 269.2 275.6 283.6 292.2 303.5 316.8 322.1 322.7 325.5 328.8 328.3 320.9 308.8 302.1 294.1 285.2 272.1 262.6 251.4 249.3 246 244.1 248 252 254.9 275.5 303.6 318.8 338.8 352.7 355.4 352.2 341.2 326.1 309.7 310 306.8
63.3 59.3 53 46.1 35.9 28.1 19.4 33.4 51.6 56.9 56.4 57.6 59.4 61.8 64.9 67.8 70.8 73.6 73.6 81.4 89.9 91.4 91.7 91.8 92.2 91.3 86.8 80.5 87.1 96.5 103.7 111 118.4 126.5 137.7 148.7 158.8 168.3 168.3 168.7 169.7 173.9 179.1 186.2 212.6 246.7 261 268.2 275.5 279.4 287.4 296.7 312.1 316.2 320.1 320 322.3 319.1 310.8 301 293.8 286.4 279.9 270.2 260.7 250.5 250 244.1 239.5 244.2 248.5 257.1 272.1 301.7 317.4 336 350.2 353.4 351.7 340 323.7 308.4 299.1 301.6
53.2 50 44.2 37.1 25.8 14.8 18.4 34.9 54 59 58.2 58 61 64 67.1 69.5 71.8 73.6 73.6 78.9 89.5 90.6 88.3 87.3 85.8 84.2 80.9 84.1 93.3 101.5 107.9 113.9 122.6 132.4 141.9 152.3 164.3 173.2 172 170.3 169.3 173.2 181.4 188.9 203.9 242.7 256.9 263 269.7 275.7 283 293.2 302.1 308.5 310.2 312.5 314.8 309.6 297.4 287 282.8 282 273.6 263.9 253.9 247.2 245.4 239.6 236.1 239 245.6 259.2 272.5 302.2 316.9 333.6 346.5 351.9 345.6 335.8 319 305.1 291.4 282.2
-1.8 -1.8 23.6 20.8 13.9 6 21.3 35.9 49.3 56.2 57.1 59.9 63.4 66.7 70.7 73.2 75.6 74.7 73.6 77.8 82.9 84.6 80.1 79.2 78.3 74.2 78.4 89.7 99.9 105.6 108.7 115.4 129 138.3 146.9 152.9 162.9 170.7 169.8 168.8 167.7 166.5 174 187.4 196.8 229.1 250.2 256.4 262.6 270.4 280.5 289.8 298.7 302 304.7 304.2 303.6 295.3 289 282.7 278.1 274.4 264.5 255.7 244.6 238.1 236.2 234.7 231.3 236.3 245.7 257.8 268.5 297.3 314.7 331.3 341.2 346.1 340.7 330.4 312.3 298.2 284.9 272.7
-1.8 -1.8 -1.8 -1.8 -1.8 1.7 19.8 33.9 45.3 52.3 58.1 61.6 66 70 73.9 78.5 81.2 80.3 77.2 78.1 79.9 80 78.3 76.8 74.2 70.6 79.1 89.5 100.7 104.1 110.3 118.8 131.8 142.5 146.2 150.5 159.8 165.2 168.1 167.3 165.4 163.4 165 174.3 192.8 208.7 225.3 245 256.4 271.5 278.9 288.4 295.4 297.7 299.4 297.3 294.6 287.9 280.7 277.3 274 266.6 256.8 244.5 233 230.8 229 226.8 228.4 240.4 250.1 257.8 268 289.6 313.6 329.2 335.4 339.5 335 325.5 307.2 290.5 279.8 269
-1.8 -1.8 -1.8 -1.8 -1.8 -1.8 18.9 27.4 40.6 56.3 59.2 62.6 67.9 73.7 77.2 83.2 90.7 90.9 82.7 80.5 79.3 78.1 75.7 73.4 71.1 69.5 75.8 86.1 96.2 101.9 112.5 122.1 131.6 141.7 145.9 149.6 156.9 162.5 164.3 164.8 162.8 160.6 161.1 167.2 179.6 193.7 211.6 231.7 251.7 259.7 271.2 282.9 291.3 293.8 295.3 291.5 285.3 278.9 274 270.9 269.6 260.8 246 232.8 225.8 223.8 221 218.9 234.8 249.6 256.1 262.4 267.4 282.4 309.1 317.7 326.5 332.9 329 319.1 302.5 286.8 276.8 262.9
-1.8 -1.8 -1.8 -1.8 -1.8 -1.8 1.7 27.4 43.6 59.5 59.6 62.6 68.9 77.3 87.7 93.1 95.5 93.4 87.4 83.2 81.3 79.6 76.6 73.6 70.7 69 73.9 81.8 92.4 103.5 112.4 118.2 128.3 140.4 144.1 149.3 154.5 159.8 161.2 161.8 159.2 156.8 156.2 158.6 168 180.7 199.2 219.2 243.4 255 269.4 277.8 285.3 290.3 291.2 287.5 281.9 280.7 277.5 268.3 266.5 255.5 238 220.3 215.6 213.9 210.5 210.4 230.7 253.9 260.2 262.6 266 277.1 297.3 311.1 319.3 323.4 321.4 311.4 295.6 284.6 272.4 254.1
-1.8 -1.8 -1.8 -1.8 -1.8 -1.8 0.7 3.4 46 54.4 63.1 69 74.9 86.9 95.7 100.5 100.3 98.4 89.4 85.3 82.7 80.8 78.2 75.2 71.1 69.1 71.5 79.6 89 103.5 107.7 113.9 123.7 136.1 140.8 146.7 153.5 157.5 160.1 157.5 154.9 153.3 153.4 153.9 159.8 170.3 186.5 210.4 240.8 256.7 273.2 276.2 281.3 283 284.8 282.1 281.9 281.1 272.7 266.4 263.9 249.1 231.9 212.3 204.7 204.4 203.4 207.8 221.8 244.6 259.3 261.3 264.5 277 294.4 309.7 313.9 317 315 305.2 289.3 272.5 258.4 246.6
-1.8 -1.8 -1.8 -1.8 -1.8 -1.8 -1.8 1.7 45.1 66.1 76.1 81.1 84.5 89.6 92 98.9 102.4 102.4 92.7 87.5 85 82.5 79 74.2 69.4 63.8 64.4 76 86.2 100.4 100.9 107.9 120.1 128.6 136.4 144.3 151.1 155.3 156.2 152.9 150.4 150.9 150.6 152.7 154.6 162 178 202.1 240.5 257.4 268.5 272.2 275 272.1 275.7 274.8 271.4 263.2 263.9 262.7 253.4 237.7 224.7 205.9 198 197.3 199.3 205.4 215.3 228.5 246.4 252.2 263.9 278.8 292.8 304.3 310 313.2 309 298.2 281 261.8 248.8 242.3
-1.8 -1.8 -1.8 -1.8 -1.8 -1.8 -1.8 1.7 59 76.9 84.5 94.3 99.2 88.6 88.9 92.2 100.2 103.3 93 88.4 84.4 81.7 78.1 73.2 68.1 60.3 63.1 72.2 83.1 98 98 100.5 114.9 123.6 128.6 138.6 148.1 152.6 153.1 149.6 148.9 147.6 146.2 146.4 150.1 154.5 169 194.8 231.3 254.8 258.9 263.1 264.5 258.7 254.2 248.9 248.4 250.5 252.3 247.5 238.3 226.3 213.3 200.3 194.4 190.4 195.4 202.9 211.7 222.8 232.9 250.2 264.8 278.7 297.2 307 308.3 307.7 304 288.3 269.3 257.3 243.1 235.3
-1.8 -1.8 -1.8 -1.8 -1.8 -1.8 -1.8 -1.8 46.8 77.2 85.1 94.5 98.4 94.6 85.9 84.3 89 94.6 92 90.5 86.9 81.2 76.8 72 65.8 58.2 57.2 64.3 76.6 89.7 92.5 95.4 107.1 118.1 124.6 132.2 142.6 149 150.1 147.8 144.7 142.4 140.3 140.8 144.3 150.3 158.9 177.7 209.7 238.9 245 249.3 246.4 236.3 223.6 224.8 230.2 232.8 231.1 229.5 222.1 214.2 204.2 193.9 190.4 189.9 194.5 201.2 209.9 220 231.5 250.1 265.5 275.6 296.4 304.6 306.1 302.4 294.5 277.3 263.9 252.4 243.8 235.7
-1.8 -1.8 -1.8 -1.8 -1.8 -1.8 -1.8 -1.8 8.8 75.4 76.9 78 78.4 81.8 81.1 78.1 83.3 89.2 93.7 92.8 88.4 81.8 76.2 69.5 62.9 52.2 53.2 59.9 69.5 86.5 91.7 97.6 106.5 113.2 118.7 125.2 132.5 143.5 145.2 143.6 140.3 137.1 136.4 135.6 139.1 145.6 153.2 165.9 180.2 203.3 218.6 222.9 219.3 212.9 211.4 212.3 213.6 214.1 214.7 214 211.4 204.7 192.3 185.1 184.7 189.7 194.6 199.8 207.2 223.5 234.8 247 264 272 282.5 301.9 302.8 298.5 287.7 269.1 261.6 254.3 246 236.5
-1.8 -1.8 -1.8 -1.8 -1.8 -1.8 -1.8 -1.8 1.4 41.3 66.1 69.7 69.1 73.5 66.2 69.9 80.2 88.9 88.5 92 89.4 85 76.8 67.2 60.7 52.8 52.6 59.5 65 76.6 89.7 95.7 102.8 110.1 115.5 120.1 126 132.8 136.9 138.5 133.9 131.8 130.8 131.5 134.8 140.6 147.9 159.6 166.5 177 186.7 195.3 201.4 202.9 203.8 202.8 204 206.1 207.6 207.2 202.6 194.3 184.3 180.7 181.6 187.9 192.7 195.7 205.9 222.5 233.8 244.9 263.6 273.2 279.4 293.9 302.3 299 281.2 268.5 258.3 251.9 247.5 240.8
-1.8 -1.8 -1.8 -1.8 -1.8 -1.8 -1.8 -1.8 -1.8 -1.8 2.4 7.6 -1.8 1.9 2 1.8 4.9 83.2 86.3 88.6 88.6 84.6 76 67.4 58.2 46.8 52.1 54.5 69 74.7 83.3 93.7 101.8 109.2 115.6 120.5 124.3 127.3 131.1 131.9 128 126.6 126.8 128.2 131.7 135.5 141.5 151.4 162.1 166.1 168.5 174.2 180.4 183 188.7 191.2 195.7 199.3 201.7 198.9 193.7 186.5 180.4 178.6 181.6 188.4 191.7 194.8 203.7 217.3 236.2 250.9 274.3 276.8 280 282.7 291.8 290.9 276.2 271.2 258.6 245.7 243.2 239.8
-1.8 -1.8 -1.8 -1.8 -1.8 -1.8 -1.8 -1.8 -1.8 -1.8 -1.8 -0.5 -1.8 -1.8 -1.8 -1.8 0.1 33.8 1.4 4 25.5 1.4 46.3 68.8 56.2 37.2 48.6 55.4 66.8 77.2 85.5 93.8 103.1 106.8 112.5 117.3 120.3 123.3 124.9 124.9 122.1 122.1 122.7 124.9 128.4 132.1 135.4 141.1 152.4 160.3 164.6 164.2 164.7 165.4 166.3 170 182.3 193 193.7 189.6 184.2 175.7 169.6 175.7 182.5 187.9 191 194 201 213.6 239.4 251.9 278.2 281.3 281.1 281.2 282.1 282.9 272.9 262.4 257.4 243.1 238.7 231.4
-1.8 -1.8 -1.8 -1.8 -1.8 -1.8 -1.8 -1.8 -1.8 -1.8 -1.8 -1.8 -1.8 -1.8 -1.8 -1.8 -1.8 -1.8 -1.8 -1.8 -1.8 -1.8 0.4 35.1 47.3 13.5 48.2 55.5 66.9 78.3 88 97.6 102.4 105.7 109.2 112.8 115.9 118.5 120.3 119.1 114.8 114.5 122.3 123.6 125.1 128.7 132.8 138 147.2 160.9 163.6 163.7 163.5 162.9 162.6 162.3 167.9 180.1 184.7 177.6 173.1 169.6 170.6 175.1 180.3 185.2 189.6 193.3 198.4 210.2 232.9 249.6 271.7 280.7 280.5 280.9 280.7 276.8 265.4 255.6 249.9 239.8 240.5 242
-1.8 -1.8 -1.8 -1.8 -1.8 -1.8 -1.8 -1.8 -1.8 -1.8 -1.8 -1.8 -1.8 -1.8 -1.8 -1.8 -1.8 -1.8 -1.8 -1.8 -1.8 -1.8 -1.8 -1.8 1.1 4.8 33.3 61.9 69.7 80.5 91 96.4 101.3 104.6 106.5 108.4 111.1 113.7 115.2 114.7 111.3 108.6 116.6 120 123.3 126.5 130.8 135.2 142.2 155.2 160.5 163 163 163.4 163.2 162.5 165.8 166.4 168.3 166.7 164.5 165.7 171 170.7 176.2 181.2 185.8 190.2 196.2 206.4 225 247.7 269.1 278.3 279.5 280.5 281.6 276.3 260.5 253.8 249 246.4 243.1 244.1
-1.8 -1.8 -1.8 -1.8 -1.8 -1.8 -1.8 -1.8 -1.8 -1.8 -1.8 -1.8 -1.8 -1.8 -1.8 -1.8 -1.8 -1.8 -1.8 -1.8 -1.8 -1.8 -1.8 -1.8 -1.8 -1.8 -1.8 55.2 77.1 83.7 91.3 97.9 101.9 102.4 103.3 103.8 106 108.8 110 111 107.3 101.8 107.9 114.8 122.2 126.2 130.1 134.1 138.7 147.1 154.5 160.1 162.3 163.4 163.2 162 162.2 163.8 164.2 163.3 162.5 161.3 165.4 166.9 169.6 174.9 181.3 188.1 195.8 203.5 222.4 249.2 272.9 278.7 280.5 289.2 282.5 272.1 260.2 261.2 260 256.3 248.5 244.4
-1.8 -1.8 -1.8 -1.8 -1.8 -1.8 -1.8 -1.8 -1.8 -1.8 -1.8 -1.8 -1.8 -1.8 -1.8 -1.8 -1.8 -1.8 -1.8 -1.8 -1.8 -1.8 -1.8 -1.8 -1.8 -1.8 -1.8 2.4 81.4 90.1 94 100.6 102.2 103 101.6 99.3 101.3 101.8 103.7 104.8 100.6 94.7 100.3 106.7 121.2 125.8 129.8 132.6 135.4 140.1 147.2 153 156.3 157.8 159.5 160.9 159.6 161.3 163.1 162.7 161.3 160.8 159.6 158.5 160.5 167.9 179.4 186.1 194.1 203.1 219.9 251.4 267.8 274.7 277.1 282 278.2 273 277 280.3 274.9 263.9 254.8 242
-1.8 -1.8 -1.8 -1.8 -1.8 -1.8 -1.8 -1.8 -1.8 -1.8 -1.8 -1.8 -1.8 -1.8 -1.8 -1.8 -1.8 -1.8 -1.8 -1.8 -1.8 -1.8 -1.8 -1.8 -1.8 -1.8 -1.8 1 30.7 98.7 101.8 100.8 102.6 103.1 99.7 94.8 90.5 93.9 96.4 95.4 92.8 89.4 92.5 100.1 110.3 122.4 126 128.3 132.2 136.5 141.9 147.2 150.5 152.4 154 155.5 159.3 160.5 160.9 162.1 161.7 161.3 159.6 154.9 155.6 160.8 172.1 183.7 192.4 204.2 222.9 250.3 257.4 261.8 270 278.3 280.9 283.8 288.1 288.6 279.9 274.7 264.8 258
-1.8 -1.8 -1.8 -1.8 -1.8 -1.8 -1.8 -1.8 -1.8 -1.8 -1.8 -1.8 -1.8 -1.8 -1.8 -1.8 -1.8 -1.8 -1.8 -1.8 -1.8 -1.8 -1.8 -1.8 -1.8 -1.8 -1.8 -1.8 0.9 58.3 105.7 105.2 101.5 98.3 94.8 88.3 83.8 85.7 88.8 87.2 85.3 81.2 87 94.3 101.8 111.6 119.8 123.1 128.6 134.4 139 144 146.5 146.8 147.9 151.3 156 159.7 158.4 158.3 159.1 159 157.1 152.9 151.7 157.1 166.9 180.4 192.9 207.2 222.2 243.3 250 252.7 270.9 282.7 287.2 291.6 296.8 297.6 295.4 290.6 285.7 280.2
-1.8 -1.8 -1.8 -1.8 -1.8 -1.8 -1.8 -1.8 -1.8 -1.8 -1.8 -1.8 -1.8 -1.8 -1.8 -1.8 -1.8 -1.8 -1.8 -1.8 -1.8 -1.8 -1.8 -1.8 -1.8 -1.8 -1.8 -1.8 -1.8 0.8 98.8 100.2 99.4 82 73.3 81.3 78.3 76.9 75.5 77.6 78 76.4 79.1 85.4 94.9 104.5 111.5 116.3 124.4 131.4 137.7 140.6 141.8 141.1 142.8 147 151.2 153.6 155.3 154.5 155.5 155.7 153.6 149.4 150.4 154.5 162 181.4 197.9 208.6 217.5 233.2 245.8 257.7 280 293.3 297.7 306.4 316.7 317.9 313.9 306.2 293.5 290.1
-1.8 -1.8 -1.8 -1.8 -1.8 -1.8 -1.8 -1.8 -1.8 -1.8 -1.8 -1.8 -1.8 -1.8 -1.8 -1.8 -1.8 -1.8 -1.8 -1.8 -1.8 -1.8 -1.8 -1.8 -1.8 -1.8 -1.8 -1.8 -1.8 -1.8 56.5 49.2 30.5 55.9 1.7 3.1 8.4 1.5 1.4 54.4 71.1 73.1 74.9 78.3 91.4 97.2 102 107.4 117.3 127.3 133.8 134.4 136.1 135.6 137.5 141.5 145 146 145.9 148.9 150 150.9 149.7 149.9 152.5 155.8 163.4 178.4 190.4 212.8 233.9 252.4 259.8 272.6 291.5 304 308.9 319.4 327.8 326.4 322 315.8 305.7 299
-1.8 -1.8 -1.8 -1.8 -1.8 -1.8 -1.8 -1.8 -1.8 -1.8 -1.8 -1.8 -1.8 -1.8 -1.8 -1.8 -1.8 -1.8 -1.8 -1.8 -1.8 -1.8 -1.8 -1.8 -1.8 -1.8 -1.8 -1.8 -1.8 -1.8 -1.8 -1.8 -1.8 -1.8 -1.8 1.7 -1.8 -1.8 -1.8 -1.8 64.7 68.7 71 70.6 80.5 91.4 94.4 99.4 109.1 119.4 124.6 127.4 130.1 130.2 132.1 136.3 136 134.8 138 140.7 142.9 144.1 143.9 152.3 155.1 158.6 167.5 188.1 210.3 229.5 256.3 265.2 268.3 288.5 302.3 308.9 314.6 326.8 335 331 325.7 320.2 317.1 308.5
-1.8 -1.8 -1.8 -1.8 -1.8 -1.8 -1.8 -1.8 -1.8 -1.8 -1.8 -1.8 -1.8 -1.8 -1.8 -1.8 -1.8 -1.8 -1.8 -1.8 -1.8 -1.8 -1.8 -1.8 -1.8 -1.8 -1.8 -1.8 -1.8 -1.8 -1.8 -1.8 -1.8 -1.8 -1.8 -1.8 -1.8 -1.8 -1.8 -1.8 58.5 62.4 66.6 67 72.4 82 89.3 94.3 100.8 108.9 115.2 120 122.9 124.8 125.8 127.8 128.1 128.6 130.9 132.2 129.7 141.7 150.8 155.2 157.8 162.3 182 217.1 233 252.5 266.3 268.9 283.6 298.9 306.1 311.4 319.6 335.2 339.3 332 325.6 320.9 319 307.4
-1.8 -1.8 -1.8 -1.8 -1.8 -1.8 -1.8 -1.8 -1.8 -1.8 -1.8 -1.8 -1.8 -1.8 -1.8 -1.8 -1.8 -1.8 -1.8 -1.8 -1.8 -1.8 -1.8 -1.8 -1.8 -1.8 -1.8 -1.8 -1.8 -1.8 -1.8 -1.8 -1.8 -1.8 -1.8 -1.8 -1.8 -1.8 -1.8 -1.8 -1.8 -1.8 57.4 44.5 66 80.1 86.1 91.4 96.9 104.7 110 114.3 117.9 119.9 121.3 121.6 122.2 121 123.1 131.8 138.5 149.8 156.8 160 162.6 167.6 193.1 231 255.6 266.9 271 280.7 295.8 304.6 310.5 315.6 324.9 338.6 339.6 331.5 327.1 323 321.2 304.4
-1.8 -1.8 -1.8 -1.8 -1.8 -1.8 -1.8 -1.8 -1.8 -1.8 -1.8 -1.8 -1.8 -1.8 -1.8 -1.8 -1.8 -1.8 -1.8 -1.8 -1.8 -1.8 -1.8 -1.8 -1.8 -1.8 -1.8 -1.8 -1.8 -1.8 -1.8 -1.8 -1.8 -1.8 -1.8 -1.8 -1.8 -1.8 -1.8 -1.8 -1.8 -1.8 -1.8 -1.8 16.8 77 83.6 89.1 95.7 99.9 105.4 109.6 113 113.7 112.2 118.6 118.9 122.8 133.1 140.1 147 156.3 161.9 164.9 167.1 172.9 203.4 242.7 265.8 279.3 280.4 288.1 300.2 306.7 313.8 320.5 329.8 336.6 337.7 332.7 328.8 325.1 315.8 303
-1.8 -1.8 -1.8 -1.8 -1.8 -1.8 -1.8 -1.8 -1.8 -1.8 -1.8 -1.8 -1.8 -1.8 -1.8 -1.8 -1.8 -1.8 -1.8 -1.8 -1.8 -1.8 -1.8 -1.8 -1.8 -1.8 -1.8 -1.8 -1.8 -1.8 -1.8 -1.8 -1.8 -1.8 -1.8 -1.8 -1.8 -1.8 -1.8 -1.8 -1.8 -1.8 -1.8 -1.8 0.9 65.3 76.7 82.3 92.4 98.3 100.8 104.3 107.4 110.2 115.8 124.4 127.7 133.2 141.5 148 155.1 161.7 168.6 169.9 170.4 179.9 209.9 247.5 272.8 284.8 286.3 297.2 305.4 312.1 315.6 325 331.2 334.2 335 331.7 330.1 318.5 309.7 298.3
