data/120000-850000.asc
ncols 200
nrows 200
xllcorner 120000
yllcorner 850000
cellsize 50
[rows 36 to 71 of 200, columns 82 to 163 of 200]
-1.9 -1.9 -1.9 -1.9 -1.9 -1.9 -1.9 -1.9 -1.9 -1.9 -1.9 -1.9 -1.9 -1.9 -1.9 -1.9 -1.9 -1.9 -1.9 5.1 19.6 30.2 39.8 45.8 51.1 56.7 61.1 64 66.9 72.8 77.6 80.6 87 95.7 103.4 107 112 121.1 131.4 135.3 139.3 147.5 153.4 155.4 153.5 153.9 154.1 153.5 152.9 146.2 138.3 129.5 127.1 126.7 132.4 139.1 144.1 149.2 153.2 158.2 164.1 170 173.2 176.1 180.6 183.1 186.2 185.1 181.8 184 186.7 189.5 189.7 192.4 197.7 204.7 212.2 219.7 231 230.2 229.2 229.8
-1.9 -1.9 -1.9 -1.9 -1.9 -1.9 -1.9 -1.9 -1.9 -1.9 -1.9 -1.9 -1.9 -1.9 -1.9 -1.9 -1.9 -1.9 -1.9 -1.9 11.3 23.7 33.4 41.2 48.4 53.8 58.5 61.6 64.6 70.7 74.2 76.3 82.6 90.5 99.8 104.4 108.5 119.9 126.9 132.6 136.3 142.9 150.9 151.2 150.1 150.8 151.3 151.9 151.3 146.9 136.4 129.1 127.8 128.1 129.6 137.7 142.7 147.9 151.6 155.2 159.6 165.8 171 170.2 175.9 180.7 180.4 180.4 182.4 184.5 187 190.2 190.7 193.6 198.4 204.8 211.3 219.3 230.6 230.3 228.8 226.5
-1.9 -1.9 -1.9 -1.9 -1.9 -1.9 -1.9 -1.9 -1.9 -1.9 -1.9 -1.9 -1.9 -1.9 -1.9 -1.9 -1.9 -1.9 -1.9 -1.9 4.7 16.2 25.8 33.6 42.1 50.8 55 59.2 62.3 65.4 68 71.9 77.9 84.5 92.5 99.7 104.3 111.1 120.1 129.9 133.6 138.3 146.5 149.7 147.6 146.2 147.2 148.8 147.9 141.8 134.2 128.1 125.5 127.3 128.7 135.4 141.9 146.2 149.9 153.6 156.9 161 165.1 167.7 170.6 173.7 176.7 179.6 181.4 184.2 187.6 191.5 194.9 195.6 198.9 205.2 211.7 218.9 229.6 227.6 223.8 221.8
-1.9 -1.9 -1.9 -1.9 -1.9 -1.9 -1.9 -1.9 -1.9 -1.9 -1.9 -1.9 -1.9 -1.9 -1.9 -1.9 -1.9 -1.9 -1.9 -1.9 -1.9 9.1 20.1 27.1 36.2 44.6 50.9 55.2 58.2 60.7 62.8 67.3 73.1 79.4 86.5 94.4 99.7 106.4 112.5 121.8 128.5 131.5 136.4 141.4 140.9 141.1 142.3 144.2 142.9 137.9 132.7 126.7 122.6 124 127.7 134.1 140.9 144.6 148.1 151.2 154.3 157.4 161.1 163.7 166.8 168.8 172.2 177 181.1 184.7 188.3 192.1 196 197.3 198.6 205.1 212.1 218.1 221.1 222.8 219.5 219.1
-1.9 -1.9 -1.9 -1.9 -1.9 -1.9 -1.9 -1.9 -1.9 -1.9 -1.9 -1.9 -1.9 -1.9 -1.9 -1.9 -1.9 -1.9 -1.9 -1.9 -1.9 3.2 14.3 23.4 31.6 39.5 45.6 50.8 53.6 56.4 58.8 62.8 68.3 74.3 81.3 89.8 96.4 102.6 108.7 112.6 120 125.2 130.6 137.8 137.5 137.2 137.8 139.3 138.8 134.6 129.5 124 120.4 120.6 125.5 130.5 139.2 142.4 145.6 148.9 152.4 155.9 158.2 161.2 164.5 168.7 173.5 179.2 182.7 186.7 190.1 193.3 196.8 199.1 199.9 204 210.1 215.1 217.8 220.5 219.2 219.3
-1.9 -1.9 -1.9 -1.9 -1.9 -1.9 -1.9 -1.9 -1.9 -1.9 -1.9 -1.9 -1.9 -1.9 -1.9 -1.9 -1.9 -1.9 -1.9 -1.9 -1.9 -1.9 9.5 19 26.4 33.7 40 45.3 51.1 53.9 55.7 58.2 62.9 69.4 76.2 84.9 92.3 98.9 103.2 106.4 111.2 117.5 123 127.8 131.5 131.7 133.5 134.5 132.9 129.1 124.8 120.7 119.2 119 123.2 127.9 134.3 139.8 143.9 147.9 151.4 154.7 158.4 160.6 163.2 167.8 173.4 179.7 184 188.5 192 195.2 198.3 200 202.4 206.5 210.9 216.2 219.2 220 219.9 217.5
-1.9 -1.9 -1.9 -1.9 -1.9 -1.9 -1.9 -1.9 -1.9 -1.9 -1.9 -1.9 -1.9 -1.9 -1.9 -1.9 -1.9 -1.9 -1.9 -1.9 -1.9 -1.9 6.6 13.9 20.1 27.6 34.4 40 45.8 52.1 54.4 55.3 58 63.7 69.3 77.5 86.7 92.9 97.7 100.5 105.9 111.9 117.5 122.2 125.4 125.4 128.4 128.8 126.3 123.3 119.2 117 117 119.2 122.8 126.5 131 136.9 141.6 145.7 149.8 154.1 159 161.1 162.3 167.9 173.3 179 184.4 188.1 192.9 196.8 202.3 205.2 206.3 209.3 213 219.4 221 221.6 219.9 216.8
-1.9 -1.9 -1.9 -1.9 -1.9 -1.9 -1.9 -1.9 -1.9 -1.9 -1.9 -1.9 -1.9 -1.9 -1.9 -1.9 -1.9 -1.9 -1.9 -1.9 -1.9 -1.9 2.8 9.5 16 22.2 28.8 35.5 43.2 50.2 53 54 56 59.4 64.6 69.5 78.6 86.3 92.1 96.2 100.6 106.1 111.5 118 121 119 119.4 120.7 119.3 117.3 114.4 111.9 114.2 118.6 122.2 125.9 129.6 134.9 140.6 144.5 148.4 152.4 156 159.5 160.7 165.8 171.9 177.9 183.1 187.6 193.5 200.1 206.9 210.2 210.9 211.9 216 220.9 222 221.7 220.9 214.7
-1.9 -1.9 -1.9 -1.9 -1.9 -1.9 -1.9 -1.9 -1.9 -1.9 -1.9 -1.9 -1.9 -1.9 -1.9 -1.9 -1.9 -1.9 -1.9 -1.9 -1.9 -1.9 -1.9 5.7 13.3 19.9 24.5 32.7 39.8 45.8 50.1 53 54.5 57.4 60.4 65.1 70.7 78 85.8 91 94.9 99.8 105.8 110.3 114.4 113.3 113.6 114 112.7 110.7 110.2 110.3 113.9 118 121.8 125.5 129.3 133.5 139.4 143.6 147.1 149.5 151.4 157 160.7 164.5 168.8 174.5 181.8 188.9 195.8 203 209.7 212.3 216.4 217.9 218.6 220.6 222 221.4 220.2 214
-1.9 -1.9 -1.9 -1.9 -1.9 -1.9 -1.9 -1.9 -1.9 -1.9 -1.9 -1.9 -1.9 -1.9 -1.9 -1.9 -1.9 -1.9 -1.9 -1.9 -1.9 -1.9 -1.9 3.7 10.2 15.7 20.2 27.1 34.3 41 46.4 50.3 52.7 55.5 58.3 60.8 64.3 69 76.4 83.6 87.6 92.9 97.7 102.1 105.2 105.6 106.2 106.5 105.8 103.5 108.3 110.4 113.6 116.7 120.5 125 129.6 134 138.3 141.9 144.5 148.1 151.4 156 159.4 162.9 167 173.1 182.5 190 198.5 205 209.7 213.9 219.6 221.2 223.6 223.1 223.2 222.2 219.2 215.8
-1.9 -1.9 -1.9 -1.9 -1.9 -1.9 -1.9 -1.9 -1.9 -1.9 -1.9 -1.9 -1.9 -1.9 -1.9 -1.9 -1.9 -1.9 -1.9 -1.9 -1.9 -1.9 -1.9 -1.9 7.4 10.6 14 20.9 29.3 36.9 42.2 46.2 50.3 53.2 55.5 57.5 59.9 62 66.3 73.3 79 83.9 89.2 94.2 96.5 97.5 98.6 99 97.3 99.8 105.5 110.6 112.3 115.6 119 123.2 128.5 130.9 135.4 140.7 142.8 146.8 151.1 155.1 158.3 160.5 167.4 175.9 184.6 195 203.8 210.1 213.8 217.6 222 226.6 228.2 226.3 226 224.7 222.6 217.3
-1.9 -1.9 -1.9 -1.9 -1.9 -1.9 -1.9 -1.9 -1.9 -1.9 -1.9 -1.9 -1.9 -1.9 -1.9 -1.9 -1.9 -1.9 -1.9 -1.9 -1.9 -1.9 -1.9 -1.9 -1.9 5.1 7.7 15.9 24.7 32.6 38.1 41.9 46.4 49.7 52.2 53.6 54.9 56.8 60.7 66.8 71.1 75.8 80.4 83.7 87.9 91.7 92.8 92 89 96.5 102.4 108.3 110.9 113.5 118.1 121 125.9 130.4 133 139.7 144.3 148.8 150.7 156.2 160.3 162.9 169.8 178.2 187.8 196.8 206.6 213.7 217.4 221.5 228.2 231.8 232.6 230.5 228.8 227.6 225.7 221.2
-1.9 -1.9 -1.9 -1.9 -1.9 -1.9 -1.9 -1.9 -1.9 -1.9 -1.9 -1.9 -1.9 -1.9 -1.9 -1.9 -1.9 -1.9 -1.9 -1.9 -1.9 -1.9 -1.9 -1.9 -1.9 1.5 2.9 11.3 20 30.4 35.7 38.8 41.5 44.7 48.7 51 53.3 54.5 56.8 60.5 64.7 68.9 72.3 76.5 81.2 85.6 89.2 88.9 88.3 93.7 99 104.2 109.5 112.8 118.9 122.3 127.6 133.2 139.2 143.1 146.7 150.9 151.6 154.9 159.7 165.3 172.1 179.6 187.7 197 205.5 213.5 220.5 227.6 234.4 238.8 238.2 236.5 234.7 232.7 229.4 225.1
-1.9 -1.9 -1.9 -1.9 -1.9 -1.9 -1.9 -1.9 -1.9 -1.9 -1.9 -1.9 -1.9 -1.9 -1.9 -1.9 -1.9 -1.9 -1.9 -1.9 -1.9 -1.9 -1.9 -1.9 -1.9 -1.9 -1.9 6.2 16.7 27.3 32.3 35 37.4 39.1 42.5 45.9 49.4 52.7 54.3 57.6 60.5 64.6 68.1 72.2 76.7 80.6 83.6 80.7 88.1 92 97.8 104.1 110 113.4 117.9 123 128.8 134.3 139.7 144.2 147.8 150.5 152.9 155.7 160.3 167.8 174.7 181.7 189.5 198.7 206.3 215.3 224.9 233.6 240.5 246.4 246.7 243.2 240 236 232.7 228.6
-1.9 -1.9 -1.9 -1.9 -1.9 -1.9 -1.9 -1.9 -1.9 -1.9 -1.9 -1.9 -1.9 -1.9 -1.9 -1.9 -1.9 -1.9 -1.9 -1.9 -1.9 -1.9 -1.9 -1.9 -1.9 -1.9 -1.9 2.1 10.9 21.6 27.9 31.6 33 33.7 36 40.4 45.3 49.8 52.6 55.6 57.9 60.9 64.6 69 73.4 75.9 76.7 79.1 85.9 91 96.4 101.9 107.5 112.5 116.7 121 128.7 134.2 139.6 144.9 148.4 152.4 155.3 158.2 163.5 171.8 177.4 183.8 191.4 199.7 208.2 216.4 227.4 237.2 246.3 255.4 256.6 252.6 246.5 238.8 234.8 231.7
-1.9 -1.9 -1.9 -1.9 -1.9 -1.9 -1.9 -1.9 -1.9 -1.9 -1.9 -1.9 -1.9 -1.9 -1.9 -1.9 -1.9 -1.9 -1.9 -1.9 -1.9 -1.9 -1.9 -1.9 -1.9 -1.9 -1.9 -1.9 6.3 15.5 22 25 26.1 27.1 30.1 34.6 39.5 44.2 49.1 52.6 54.8 57.5 60.7 65.2 68.8 68.4 73.5 79.9 85.1 89.8 95.9 100.7 107.9 112.7 116.5 122.2 128.4 134 139.4 144.8 149.9 155.3 160 159.4 167.5 174.9 180.7 186.9 193.1 200.3 208.8 217.8 229.2 238.8 248.7 260.2 262.3 257.8 250.7 241.7 235.9 233.2
-1.9 -1.9 -1.9 -1.9 -1.9 -1.9 -1.9 -1.9 -1.9 -1.9 -1.9 -1.9 -1.9 -1.9 -1.9 -1.9 -1.9 -1.9 -1.9 -1.9 -1.9 -1.9 -1.9 -1.9 -1.9 -1.9 -1.9 -1.9 4.1 11.5 17 19 19.7 21.8 24.8 29 33.5 38.3 43.4 47.3 49.9 53.3 56.7 57.7 62.6 70.3 73.9 80.9 85.8 92.3 99 104.9 109.8 113.7 117 121.9 128.1 133.8 139.2 145.3 151.6 160.2 160.5 162.4 169 178 184.1 193.4 197.3 201.2 210 219.5 229.2 240.1 250.8 260.2 268.5 263.8 254.1 244.9 237.7 235.6
-1.9 -1.9 -1.9 -1.9 -1.9 -1.9 -1.9 -1.9 -1.9 -1.9 -1.9 -1.9 -1.9 -1.9 -1.9 -1.9 -1.9 -1.9 -1.9 -1.9 -1.9 -1.9 -1.9 -1.9 -1.9 -1.9 -1.9 -1.9 -1.9 8.3 13.1 14.2 15.6 16.9 20.6 25.3 28.9 33.1 38.4 42.3 45.7 49.1 52.8 55.5 64 70 74.7 80.4 85.4 92.2 98.8 105 110.7 114.4 118.4 122.6 127.7 133.5 139.5 147 152 159.9 164.1 167.3 171.2 180.5 191.2 198.3 201 202.7 209.6 219 226.8 237 251.9 259.8 265.5 266.1 255.9 248.1 240.5 236.4
-1.9 -1.9 -1.9 -1.9 -1.9 -1.9 -1.9 -1.9 -1.9 -1.9 -1.9 -1.9 -1.9 -1.9 -1.9 -1.9 -1.9 -1.9 -1.9 -1.9 -1.9 -1.9 -1.9 -1.9 -1.9 -1.9 -1.9 -1.9 -1.9 2.7 5.1 9.5 12.1 14.5 17.5 22.1 29 31 35.2 38.5 41.3 44.7 48.8 53.6 59.7 66.5 72.5 78.4 84.6 91.3 97.9 104.3 109.9 115.1 119.8 124.1 127.9 133.7 141.2 147.8 153.3 160.9 167.5 170.7 175.8 183 192.7 199.5 201.5 204.7 211.1 217.4 225.3 235.9 248.9 258.8 266.5 266.2 260.1 253.2 243.6 236.9
-1.9 -1.9 -1.9 -1.9 -1.9 -1.9 -1.9 -1.9 -1.9 -1.9 -1.9 -1.9 -1.9 -1.9 -1.9 -1.9 -1.9 -1.9 -1.9 -1.9 -1.9 -1.9 -1.9 -1.9 -1.9 -1.9 -1.9 -1.9 1.3 9 9.7 9.8 11.8 13.2 16 19.9 26.5 29.6 32.5 35.4 37.9 41 45.2 50 55.5 61.6 68.9 75.9 83 88.9 96.1 103.2 109.4 114.9 120.1 125.1 130.4 137.2 144.7 150.5 155.8 163.3 170.8 174.9 179 185.3 194.8 200.4 203.1 207 211.8 217.3 224.2 234.2 245 256.5 263.8 263.3 261.3 256.6 246.3 238.1
-1.9 -1.9 -1.9 -1.9 -1.9 -1.9 -1.9 -1.9 -1.9 -1.9 -1.9 -1.9 -1.9 -1.9 -1.9 -1.9 -1.9 -1.9 -1.9 -1.9 -1.9 -1.9 -1.9 -1.9 -1.9 -1.9 -1.9 -1.9 2.5 8.2 9.6 12.5 15 16.3 16.9 18.6 22.8 27 30.8 33.7 36.1 39.5 42.7 46.7 52.6 58.9 65.7 72 79.4 85.4 93.7 101.1 108.5 114.4 119.6 125.1 131.1 138.4 144.3 151 159 165.8 172.1 176.6 181.2 187.8 194.8 200.7 203.6 206.5 211.7 217.1 223.3 230.2 240 251.9 260 261.3 260.3 257.4 248.6 239.5
-1.9 -1.9 -1.9 -1.9 -1.9 -1.9 -1.9 -1.9 -1.9 -1.9 -1.9 -1.9 -1.9 -1.9 -1.9 -1.9 -1.9 -1.9 -1.9 -1.9 -1.9 -1.9 -1.9 -1.9 -1.9 -1.9 -1.9 -1.9 4.3 9.9 12.6 15.4 18.6 21 21.5 19.7 23.1 28.3 29.3 32 34.3 37.4 39.7 43.2 49.6 56.7 63.2 69.8 76.6 85.4 92.4 98.8 105.1 112.5 117.8 124.2 131.5 139.3 145.5 151.4 160.5 167.5 172.6 177.3 182.9 189.6 195.5 200.1 201.4 205.1 210.5 215.6 221.2 226.9 234.7 245.6 255.9 258.6 259.1 256 250.7 245.1
-1.9 -1.9 -1.9 -1.9 -1.9 -1.9 -1.9 -1.9 -1.9 -1.9 -1.9 -1.9 -1.9 -1.9 -1.9 -1.9 -1.9 -1.9 -1.9 -1.9 -1.9 -1.9 -1.9 -1.9 -1.9 -1.9 -1.9 2.8 7.5 10.5 13.2 15.9 19.4 22.5 25.3 26.3 25.9 29.4 30.7 31.6 33 34.8 37.1 40.6 48.2 55.4 63.6 70.1 77.7 86.9 94.9 101.1 106 110.9 117.2 124.5 131.8 139.3 145.5 151.5 158.9 167.5 172.6 177 181.4 189.2 192.7 196.6 199.8 203.8 208.4 213 218.8 224.6 231.1 240.9 249.1 253.7 256 257 256.6 252.6
-1.9 -1.9 -1.9 -1.9 -1.9 -1.9 -1.9 -1.9 -1.9 -1.9 -1.9 -1.9 -1.9 -1.9 -1.9 -1.9 -1.9 -1.9 -1.9 -1.9 -1.9 -1.9 -1.9 -1.9 -1.9 -1.9 -1.9 4.4 8.2 10.8 13.6 16.1 19.5 23.3 27.5 29.8 30.7 30.7 30.8 31.5 32.4 33.1 36.7 39.4 46.7 54.4 63.4 71.2 79.7 88.6 96.8 103.1 108.6 113.3 117.3 124.3 131.5 138.5 144.6 150.7 158.3 166.2 171.3 177.1 182.4 186.5 189.7 193.1 200 201.4 204.1 208.6 215 221.1 227.6 237 247 253.3 259.1 262.5 261.8 262.7
-1.9 -1.9 -1.9 -1.9 -1.9 -1.9 -1.9 -1.9 -1.9 -1.9 -1.9 -1.9 -1.9 -1.9 -1.9 -1.9 -1.9 -1.9 -1.9 -1.9 -1.9 -1.9 -1.9 -1.9 -1.9 -1.9 -1.9 3.4 8.9 12 13.2 15.6 19.1 22.5 26.4 30.6 29.1 29 29.7 31 31.7 34 37.6 39.1 45.5 53.3 62.2 71.1 80.2 89.3 97.5 105.1 110.3 114.4 117.8 123.6 130.8 137.7 143.8 149.5 157 165.1 172.1 176.9 180.3 183.9 186.4 188.7 194.6 200.7 200.1 203.2 209.8 216.1 224.9 235.5 245.4 254.9 264.1 270.5 270.6 269
-1.9 -1.9 -1.9 -1.9 -1.9 -1.9 -1.9 -1.9 -1.9 -1.9 -1.9 -1.9 -1.9 -1.9 -1.9 -1.9 -1.9 -1.9 -1.9 -1.9 -1.9 -1.9 -1.9 -1.9 -1.9 -1.9 -1.9 2.6 12.1 15 15.2 15.5 18.3 21.5 25.3 28.6 29.3 28.1 28 30.1 33.2 35.6 38.8 41.7 46.2 52.4 60.6 70.3 81.4 91.9 98.8 106.4 111.8 115.4 117.6 121.3 128.7 137.5 143.4 147.2 151.7 162.4 170.4 174.7 177.5 180.1 182.7 185.5 187.9 192.3 193.4 198 205.2 213 222.4 233.3 244.3 256.8 267.8 273.4 275 274.3
-1.9 -1.9 -1.9 -1.9 -1.9 -1.9 -1.9 -1.9 -1.9 -1.9 -1.9 -1.9 -1.9 -1.9 -1.9 -1.9 -1.9 -1.9 -1.9 -1.9 -1.9 -1.9 -1.9 -1.9 -1.9 -1.9 -1.9 -1.9 14.8 18 18 17.9 18.6 20.5 24.4 26.4 27.2 27.1 26.7 29.8 31.3 34.3 38.4 41.8 46.8 50.3 58.2 68.6 79.5 91.2 101.1 106.9 110.9 114.4 115.5 119.1 125.4 134.5 141.3 144.3 147.6 155.5 164.7 171.9 174.9 176.8 179.1 181.7 183.9 186.8 189.4 194.1 199.8 210.9 219.7 229.2 240 254.5 266.7 273.2 278.3 279
-1.9 -1.9 -1.9 -1.9 -1.9 -1.9 -1.9 -1.9 -1.9 -1.9 -1.9 -1.9 -1.9 -1.9 -1.9 -1.9 -1.9 -1.9 -1.9 -1.9 -1.9 -1.9 -1.9 -1.9 -1.9 -1.9 -1.9 -1.9 -1.9 26.4 25.3 22.7 21.9 20.8 22.6 25 25 25.3 27.5 29.7 31.1 32.1 35.3 39.3 43.8 47.7 55.8 64 74.2 87 98 104.1 109.4 112.4 113.9 116.3 121.1 128 134.6 139.1 143.6 150 158.2 165.9 171.9 174.9 176.4 178.1 180 183.3 186.5 191.5 197.5 207.1 216.1 224.4 235 248.4 260.6 270.6 277.5 282.4
-1.9 -1.9 -1.9 -1.9 -1.9 -1.9 -1.9 -1.9 -1.9 -1.9 -1.9 -1.9 -1.9 -1.9 -1.9 -1.9 -1.9 -1.9 -1.9 -1.9 -1.9 -1.9 -1.9 -1.9 -1.9 -1.9 -1.9 -1.9 -1.9 10.4 28 28.4 29.4 25.1 21.7 24 23.9 24.8 26.8 29 30.9 32.2 34 36.9 40.2 44.6 55.8 62.7 68.5 80 89.6 98.4 104.4 108.8 110.1 112 115.4 121 128.9 134.3 139.9 146.6 154.5 161.8 169 172.5 174.3 175.6 176.9 179.9 183.4 188.9 195 203.5 212.7 218.9 229.7 241.5 250.6 260.8 273 280.5
-1.9 -1.9 -1.9 -1.9 -1.9 -1.9 -1.9 -1.9 -1.9 -1.9 -1.9 -1.9 -1.9 -1.9 -1.9 -1.9 -1.9 -1.9 -1.9 -1.9 -1.9 -1.9 -1.9 -1.9 -1.9 -1.9 -1.9 -1.9 -1.9 2.2 28.7 31.6 27.8 23.5 22.2 22.7 23.4 24.6 26.3 28.7 29.6 30.1 30.3 29.8 34 38.8 48.5 56.9 63.6 72.9 82.6 91 97.7 103 104.7 105.8 111 117.1 124 131.5 138.5 145.1 152.2 159.1 165.3 169 170.9 172.9 174.3 176.7 179.3 185 191.7 199.9 207.2 213.4 224.1 233.7 243.2 251 258.9 264.7
-1.9 -1.9 -1.9 -1.9 -1.9 -1.9 -1.9 -1.9 -1.9 -1.9 -1.9 -1.9 -1.9 -1.9 -1.9 -1.9 -1.9 -1.9 -1.9 -1.9 -1.9 -1.9 -1.9 -1.9 -1.9 -1.9 -1.9 -1.9 -1.9 -1.9 4.4 16.9 23.7 22.6 21.8 21.9 22.8 22.8 26 28 27.3 26.5 26.5 25.7 26 29.6 39 48.1 56.9 66.3 75.9 82.3 90.5 97.3 100.6 100.8 106.6 112.7 119.2 127 134.8 142 148.3 155 161.6 165.3 167.2 169.1 171.1 171.9 175.9 180.4 187.3 194.4 200.4 208.6 217.7 226.5 235.8 244.8 251.7 255.9
-1.9 -1.9 -1.9 -1.9 -1.9 -1.9 -1.9 -1.9 -1.9 -1.9 -1.9 -1.9 -1.9 -1.9 -1.9 -1.9 -1.9 -1.9 -1.9 -1.9 -1.9 -1.9 -1.9 -1.9 -1.9 -1.9 -1.9 -1.9 -1.9 -1.9 -1.9 -1.9 1.3 11.9 21 18.1 19.7 20.1 23.2 23.1 22.9 22.5 21.8 21.4 21.8 25.5 29.8 38.9 50.2 59.8 68.8 76.4 83.9 88.9 92.6 98.8 104.6 109.1 115.2 122 129.8 137.5 143.9 150.1 156 160.8 163.8 164.6 166.5 168.9 172.5 176.2 182.1 189.6 196.8 202.9 211.3 220.1 229.2 238.7 245.3 249.3
-1.9 -1.9 -1.9 -1.9 -1.9 -1.9 -1.9 -1.9 -1.9 -1.9 -1.9 -1.9 -1.9 -1.9 -1.9 -1.9 -1.9 -1.9 -1.9 -1.9 -1.9 -1.9 -1.9 -1.9 -1.9 -1.9 -1.9 -1.9 -1.9 -1.9 -1.9 -1.9 -1.9 -1.9 1.5 3.3 8.5 12.1 12.4 14.8 16.5 16.6 16.4 16.4 18.7 21.2 22.9 28.6 39.4 52.2 60.9 68.7 74.3 77.9 87.4 94.6 101.5 105.5 111.6 117.7 124.9 133 138.9 144.7 149.1 154.2 157.3 159.8 161.6 165.5 169.4 173.3 178 188.7 195 198.3 205.9 214.5 224.2 232.7 239.1 244.7
-1.9 -1.9 -1.9 -1.9 -1.9 -1.9 -1.9 -1.9 -1.9 -1.9 -1.9 -1.9 -1.9 -1.9 -1.9 -1.9 -1.9 -1.9 -1.9 -1.9 -1.9 -1.9 -1.9 -1.9 -1.9 -1.9 -1.9 -1.9 -1.9 -1.9 -1.9 -1.9 -1.9 -1.9 -1.9 -1.9 -1.9 1.4 1.6 1.9 2.5 5.6 10.3 11.1 14.5 17.4 16.8 21.9 28 42.9 53.6 60.3 66.8 72.4 81 88.2 95.1 102 108 114.1 121.9 128.2 133.9 139.1 143.4 145.5 149.3 152.9 158.4 162.7 166.6 170.5 175 184.9 191.9 195 200.1 210.3 217.9 227.3 234.1 241
-1.9 -1.9 -1.9 -1.9 -1.9 -1.9 -1.9 -1.9 -1.9 -1.9 -1.9 -1.9 -1.9 -1.9 -1.9 -1.9 -1.9 -1.9 -1.9 -1.9 -1.9 -1.9 -1.9 -1.9 -1.9 -1.9 -1.9 -1.9 -1.9 -1.9 -1.9 -1.9 -1.9 -1.9 -1.9 -1.9 -1.9 -1.9 -1.9 -1.9 -1.9 -1.9 1.1 5 9.9 12.7 14.8 16.4 21 32.7 46.5 54.9 60.7 67.3 74.7 82 89.3 96.8 104.3 111.2 117.7 123.4 129.1 133.6 136.3 138.7 143.6 148.6 154.6 159.2 163.5 166.7 171.4 179.4 188.2 191.4 196.8 204.6 214.6 224.2 232.1 239.3
-1.9 -1.9 -1.9 -1.9 -1.9 -1.9 -1.9 -1.9 -1.9 -1.9 -1.9 -1.9 -1.9 -1.9 -1.9 -1.9 -1.9 -1.9 -1.9 -1.9 -1.9 -1.9 -1.9 -1.9 -1.9 -1.9 -1.9 -1.9 -1.9 -1.9 -1.9 -1.9 -1.9 -1.9 -1.9 -1.9 -1.9 -1.9 -1.9 -1.9 -1.9 -1.9 -1.9 1 6.2 9.7 12.3 13.7 15.6 22.8 30.7 47 55.9 61.6 67.3 74.3 83.1 91.1 98.7 106.3 112.9 118.6 123.1 124.5 128.9 136.8 141.4 144.3 150.9 155.4 160.6 164.3 168.1 175 180.3 186.6 193.5 203 212.1 221.3 230.3 237.3
