data/130000-830000.asc
ncols 200
nrows 200
xllcorner 130000
yllcorner 830000
cellsize 50
[rows 76 to 113 of 200, columns 84 to 167 of 200]
-1.8 -1.8 -1.8 -1.8 -1.8 -1.8 -1.8 -1.8 -1.8 -1.8 -1.8 -1.8 -1.8 -1.8 -1.8 -1.8 -1.8 -1.8 -1.8 -1.8 -1.8 -1.8 -1.8 18.2 29.1 24.3 17 13.6 6.4 4.2 1.8 -1.8 -1.8 1.8 15.6 40 63.2 74.8 85 102.4 110.6 117.9 121.4 119.8 113.3 113.2 106.4 102.2 97.9 97.7 98.7 94.8 90.8 87.5 87.5 84.6 80.5 76 71 72.6 71.2 75.6 80.7 82.6 84.6 84.5 84.3 86.9 90.3 94.4 93.5 91.2 89.6 87.4 86.7 90.4 92.8 96.6 100.4 103.7 106.8 111.2 116.7 119.4
-1.8 -1.8 -1.8 -1.8 -1.8 -1.8 -1.8 -1.8 -1.8 -1.8 -1.8 -1.8 -1.8 -1.8 -1.8 -1.8 -1.8 -1.8 -1.8 -1.8 -1.8 -1.8 -1.8 -1.8 -1.8 -1.8 2.1 -1.8 -1.8 -1.8 -1.8 -1.8 -1.8 -1.8 -1.8 11.1 38.6 64.3 77.3 86.5 101.7 108.1 115.1 110.8 102.9 98.6 96.1 92.9 87.9 90.9 89.4 86.6 83.1 80.7 78.1 71.6 68.7 68.7 69.7 72.9 77.8 84.5 88.5 90.3 92.2 93.1 94.1 96.5 98.4 101.9 103.5 99 93.8 91.3 87.9 92 99.6 100.8 105.8 110.5 110.2 111.1 117 118.2
-1.8 -1.8 -1.8 -1.8 -1.8 -1.8 -1.8 -1.8 -1.8 -1.8 -1.8 -1.8 -1.8 -1.8 -1.8 -1.8 -1.8 -1.8 -1.8 -1.8 -1.8 -1.8 -1.8 -1.8 -1.8 -1.8 -1.8 -1.8 -1.8 -1.8 -1.8 -1.8 -1.8 -1.8 -1.8 -1.8 14.2 36.9 57.4 64.3 67.7 72.3 77.8 88.6 87.9 81.8 81.7 79.3 77.6 76.5 76.3 76.1 72 70.8 69.5 67.2 68.2 68.7 72 76.6 82.2 93.6 100.8 99.7 100.6 105.1 106.1 111.4 110.9 115.5 117.7 111.2 104.4 97.4 91.3 93 99.5 101.2 104.6 110.6 109.2 110.9 114.4 116.5
-1.8 -1.8 -1.8 -1.7 -1.8 -1.8 -1.8 -1.8 -1.8 -1.8 -1.8 -1.8 -1.8 -1.8 -1.8 -1.8 -1.8 -1.8 -1.8 -1.8 -1.8 -1.8 -1.8 -1.8 -1.8 -1.8 -1.8 -1.8 -1.8 -1.8 -1.8 -1.8 -1.8 -1.8 -1.8 -1.8 -1.8 6.3 20.4 30.9 39.8 46.5 54.1 63.1 65.8 61.5 60.8 63.4 63.5 62.9 63.2 65 63.5 68.5 69 65.4 67.3 71.4 77.1 85.4 93.6 99.3 104.2 109.8 113.2 115.7 116.2 120.4 122.6 125.2 127.4 122.3 116.1 108.2 99.9 91 95.2 100 102.4 105.3 107.4 109.6 113.7 113.6
2.5 1.1 1.4 4.5 -1.8 -1.8 -1.8 -1.8 -1.8 -1.8 -1.8 -1.8 -1.8 -1.8 -1.8 -1.8 -1.8 -1.8 -1.8 -1.8 -1.8 -1.8 -1.8 -1.8 -1.8 -1.8 -1.8 -1.8 -1.8 -1.8 -1.8 -1.8 -1.8 -1.8 -1.8 -1.8 -1.8 1.1 2.5 2.5 4.4 19.5 31.1 36 42 40 40.9 48.4 50.4 60 63.4 70.4 70.8 74.3 77.9 76.8 73.6 77.7 84.8 92.7 101.5 105.4 109.9 116.3 121.2 124.3 127 131.3 130.5 132.6 135.9 134.5 126.3 118.3 110.9 103.9 101.5 98.1 101.6 104.5 104.9 107.6 113 111.9
-1.8 7 9.5 12.3 12.3 12.1 -1.8 -1.8 -1.8 -1.8 -1.8 -1.8 -1.8 -1.8 -1.8 -1.8 -1.8 -1.8 -1.8 -1.8 -1.8 -1.8 -1.8 -1.8 -1.8 -1.8 -1.8 -1.8 -1.8 -1.8 -1.8 -1.8 -1.8 -1.8 -1.8 -1.8 -1.8 0 1.8 17.9 26.9 32.6 35.2 41.7 45.9 50.9 55.7 60.4 63.1 65.1 68.5 72.7 77.4 80.9 85 86.5 81.9 86.4 97.5 109.4 114.6 113.5 116.6 124 127.9 130.6 134.2 136.7 136.3 138.7 147.5 144.6 136.4 127.2 122.6 116.1 105.9 101.4 101.2 102.8 102.3 105.4 108.2 108
-1.8 2.5 11.2 17.6 19.6 19.3 7 -1.8 -1.8 -1.8 -1.8 -1.8 -1.8 -1.8 -1.8 -1.8 -1.8 -1.8 -1.8 -1.8 -1.8 -1.8 -1.8 -1.8 -1.8 -1.8 -1.8 -1.8 -1.8 -1.8 -1.8 -1.8 -1.8 -1.8 -1.8 -1.8 -1.8 -1.8 1.1 21.9 28.9 37.8 43.9 49.1 51.5 56.1 60.5 63.9 64.8 68.9 73.7 79.1 82.7 86 93.1 95.4 91.6 99.9 107.9 118.7 125.4 126.3 127.3 129.4 130.8 134.5 138 139.9 139.4 141.6 150.6 150.5 141.6 133.6 131 127.9 114.3 105.1 100.4 100.2 101.9 104.6 107.8 110.6
2.5 4.2 12.1 17.2 16.6 15.9 14.7 14.8 -1.8 -1.8 -1.8 -1.8 -1.8 -1.8 -1.8 -1.8 -1.8 -1.8 -1.8 -1.8 -1.8 -1.8 -1.8 -1.8 -1.8 -1.8 -1.8 -1.8 -1.8 -1.8 -1.8 -1.8 -1.8 -1.8 -1.8 -1.8 -1.8 -1.8 -1.8 14 27.1 39.3 47.1 50.9 53.1 57.1 61.9 64.3 66.9 71.7 78.3 89.2 89.8 95.9 101.5 103.2 99.4 106.9 122.3 135 140 137.2 133.2 129 131.5 135.6 139 140.7 140.4 140.5 149.9 150.9 146.3 142.4 135.2 133.8 123.1 110.6 106 103.7 102.8 105.7 109.4 112.1
6.2 9.3 14.2 15.6 16.8 19.2 22 23.7 -1.8 -1.8 -1.8 -1.8 -1.8 -1.8 -1.8 -1.8 -1.8 -1.8 -1.8 -1.8 -1.8 -1.8 -1.8 -1.8 -1.8 -1.8 -1.8 -1.8 -1.8 -1.8 -1.8 -1.8 -1.8 -1.8 -1.8 -1.8 -1.8 -1.8 -1.8 -1.8 25.6 38.2 47.9 50.7 50.6 55.8 60.4 64 69 75.9 84.3 99.1 101.2 106.7 108.8 111.8 109.9 112.7 130.8 140 141.5 141.3 138.5 134.8 134 136 138.4 140.1 142.2 142.7 147.2 149.8 150.5 147.5 143.5 138 132.7 120.3 109.6 106.7 104.3 106.9 110.2 113.6
13.4 14.9 17.5 16.8 18.1 21.3 25.6 25.3 18.8 -1.8 -1.8 -1.8 -1.8 -1.8 -1.8 -1.8 -1.8 -1.8 -1.8 -1.8 -1.8 -1.8 -1.8 -1.8 -1.8 -1.8 -1.8 -1.8 -1.8 -1.8 -1.8 -1.8 -1.8 -1.8 -1.8 -1.8 -1.8 -1.8 -1.8 -1.8 -1.8 31 43.1 47.7 49.1 53.4 57.5 61.1 68 81.7 92.2 103.2 112.4 116.9 119 120.6 123.5 116.7 129.5 136.3 140.5 141.1 140.1 137.6 138.7 138.9 139.9 140.8 143.6 145.6 149.5 149.9 151.2 151.6 147.2 141.3 139.1 129.4 115.7 109.8 107.5 107.3 110.6 114.5
22 20.2 18.2 17.6 18.8 22.5 27.7 30.1 31.5 -1.8 -1.8 -1.8 -1.8 -1.8 -1.8 -1.8 -1.8 -1.8 -1.8 -1.8 -1.8 -1.8 -1.8 -1.8 -1.8 -1.8 -1.8 -1.8 -1.8 -1.8 -1.8 -1.8 -1.8 -1.8 -1.8 -1.8 -1.8 -1.8 -1.8 -1.8 -1.8 -1.8 32.9 37.7 44.9 50.1 53.7 58.3 70 83.7 100.2 113.3 124.2 126.8 127.2 129.8 133.5 129.7 125.5 133.2 140.1 140.2 138.8 138.6 138.5 139.1 139.6 140.9 143.9 147.4 149.3 150.8 153 154.8 153.7 149.3 142.4 133 122.5 112.3 110.3 108.8 111.7 117.1
26.4 22.1 19.5 18.8 19.1 21.2 28.4 35.3 31.1 27.7 -1.8 -1.8 -1.8 -1.8 -1.8 -1.8 -1.8 -1.8 -1.8 -1.8 -1.8 -1.8 -1.8 -1.8 -1.8 -1.8 -1.8 -1.8 -1.8 -1.8 -1.8 -1.8 -1.8 -1.8 -1.8 -1.8 -1.8 -1.8 -1.8 -1.8 -1.8 -1.8 -1.8 24.2 36.1 44 50 59.1 69.3 83.7 101.4 114.7 128.3 137 135.7 138.5 141.3 136.7 129.8 132.8 140.1 139.8 138.9 138.9 137.2 139.3 139.6 141.1 144.3 148 151 152.8 156.4 158.9 158 154.2 146 137.6 128.5 120 112.1 109.8 114.5 119.5
29.5 27.5 21.9 20.2 19.4 20.3 23.5 32.9 33.5 30.5 19.9 -1.8 -1.8 -1.8 -1.8 -1.8 -1.8 -1.8 -1.8 -1.8 -1.8 -1.8 -1.8 -1.8 -1.8 -1.8 -1.8 -1.8 -1.8 -1.8 -1.8 -1.8 -1.8 -1.8 -1.8 -1.8 -1.8 -1.8 -1.8 -1.8 -1.8 -1.8 -1.8 8.3 28.4 40.4 51.5 60.9 70.5 84.4 99.5 111.3 121.9 140.2 136.3 140.7 142.1 140.8 137.9 137.4 139.1 138.1 139.3 140.1 136.6 139.4 139.8 141.3 144.1 147.5 150.3 150.8 155.9 162 161.2 158.4 150.2 141.9 138.6 131.8 118.9 112.3 113.3 120.2
37.8 33.9 26.2 23.3 21.1 19.5 22.9 28.3 34.9 32.1 23.8 -1.8 -1.8 -1.8 -1.8 -1.8 -1.8 -1.8 -1.8 -1.8 -1.8 -1.8 -1.8 -1.8 -1.8 -1.8 -1.8 -1.8 -1.8 -1.8 -1.8 -1.8 -1.8 -1.8 -1.8 -1.8 -1.8 -1.8 -1.8 -1.8 -1.8 -1.8 -1.8 -1.8 22.9 38.2 48.3 63 71.7 84.1 99.4 106.2 115.6 133.1 137.9 144.6 148.8 143.6 141.1 139.6 137.5 135.9 134.8 136.9 137.7 140.3 140.3 141.3 142.8 146 149.6 151.1 149.7 157 160.2 155.3 148 143.3 141.5 137.6 124.8 116.1 116.9 120.9
38.1 36.8 30 27.4 25.5 21.9 20.8 24.7 29.8 29 29.4 25.6 -1.8 -1.8 -1.8 -1.8 -1.8 -1.8 -1.8 -1.8 -1.8 -1.8 -1.8 -1.8 -1.8 -1.8 -1.8 -1.8 -1.8 -1.8 -1.8 -1.8 -1.8 -1.8 -1.8 -1.8 -1.8 -1.8 -1.8 -1.8 -1.8 -1.8 -1.8 -1.8 -1.8 29.3 41 54.2 73.2 87.5 100.2 106.1 112.3 119.3 135.9 141.2 147.4 145.6 142.7 140.5 138.1 134.8 132.5 132.5 137.5 140.4 139.9 140.6 141.4 143.5 146.9 149.7 145.7 147.4 151.6 148.1 144.2 141.6 139.5 134.8 126.8 118.5 119.3 123.4
35.2 38.5 34.3 32.3 31.4 23.4 21.7 22.7 26.6 30.2 31.8 30.4 20.3 -1.8 -1.8 -1.8 -1.8 -1.8 -1.8 -1.8 -1.8 -1.8 -1.8 -1.8 -1.8 -1.8 -1.8 -1.8 -1.8 -1.8 -1.8 -1.8 -1.8 -1.8 -1.8 -1.8 -1.8 -1.8 -1.8 -1.8 -1.8 -1.8 -1.8 -1.8 -1.8 -1.8 31.2 45.9 67.3 84 100 104.1 108.3 116.6 130.1 137.3 139.3 136.9 139.5 138.8 136.4 133.4 130.8 129.6 132.6 135.6 137.3 138.2 139.6 142.2 144.1 147.4 144.9 143 142.4 143.7 144.7 144.9 140.3 134.3 128.7 120.6 122 124.1
31.5 34.3 34.7 34.9 34.8 30.5 22.8 22.4 25 29.1 33.3 33 30.2 10.1 -1.8 -1.8 -1.8 -1.8 -1.8 -1.8 -1.8 -1.8 -1.8 -1.8 -1.8 -1.8 -1.8 -1.8 -1.8 -1.8 -1.8 -1.8 -1.8 -1.8 -1.8 -1.8 -1.8 -1.8 -1.8 -1.8 -1.8 -1.8 -1.8 -1.8 -1.8 -1.8 -1.8 28.2 59 79.1 91.9 97.5 103.7 111.9 119.9 128 129.6 129.9 134.2 135.2 139.2 134.6 130.1 127.9 129.5 131.8 133.2 135.7 137.5 139.6 141 143.1 139 138.7 140.2 142.2 144.1 147.4 141.5 137 132.9 126.2 128.2 125.1
28.3 31.3 33.5 35 36 36.8 29.8 24.9 24.5 29.9 33.5 36.6 34.9 20.8 12.6 -1.8 -1.8 -1.8 -1.8 -1.8 -1.8 -1.8 -1.8 -1.8 -1.8 -1.8 -1.8 -1.8 -1.8 -1.8 -1.8 -1.8 -1.8 -1.8 -1.8 -1.8 -1.8 -1.8 -1.8 -1.8 -1.8 -1.8 -1.8 -1.8 -1.8 -1.8 -1.8 -1.8 40.2 67.9 82.6 89.8 98 106.3 113.2 119.4 121.5 124.3 128.8 129.8 139.9 139 129.5 125.7 124.9 129.3 131.3 132.5 133.7 135.8 136 135.3 135.7 138.1 140 142.3 144 147.2 144.1 140.2 136.6 131.1 130.6 129
25.1 29.8 33 35.4 37.2 37.5 35.8 30.2 27.2 29.8 35.9 38.2 38.5 29.6 24.8 19.4 14.8 -1.8 -1.8 -1.8 -1.8 -1.8 -1.8 -1.8 -1.8 -1.8 -1.8 -1.8 -1.8 -1.8 -1.8 -1.8 -1.8 -1.8 -1.8 -1.8 -1.8 -1.8 -1.8 -1.8 -1.8 -1.8 -1.8 -1.8 -1.8 -1.8 -1.8 -1.8 -1.8 54.5 73.6 83.4 87.9 96.4 109.5 109 109.9 114.3 120.6 127.7 137.4 140.2 132.2 126 121.4 123.9 127.3 129.2 130.4 131.1 130.8 132 136.8 139.1 140.4 143.7 147 148.7 147.8 143.6 139 135.6 131.2 129.8
25.2 27.1 31.6 34.1 36.9 38.9 39.2 30.7 28.3 29.9 36.2 43.3 46.5 43.2 41.2 34.9 24.1 23.3 21.2 -1.8 -1.8 -1.8 -1.8 -1.8 -1.8 -1.8 -1.8 -1.8 -1.8 -1.8 -1.8 -1.8 -1.8 -1.8 -1.8 -1.8 -1.8 -1.8 -1.8 -1.8 -1.8 -1.8 -1.8 -1.8 -1.8 -1.8 -1.8 -1.8 -1.8 -1.8 55.8 67.8 74.5 83.1 94.5 98.3 98.8 106.3 111.3 121.6 132 133.9 126.9 126.2 123.8 119.5 121.2 121.7 124.1 124.6 129 132.4 136.8 140.8 141.3 144.9 148.2 149.9 150.7 146.3 141.6 137.3 133.3 130.2
31.8 26.2 29.4 31.8 35.4 38.2 38.8 33.1 30.9 38.4 34.4 40.4 46.4 46.8 41.3 39.8 29 25.6 27.1 24.7 22.4 15.2 -1.8 -1.8 -1.8 -1.8 -1.8 -1.8 -1.8 -1.8 -1.8 -1.8 -1.8 -1.8 -1.8 -1.8 -1.8 -1.8 -1.8 -1.8 -1.8 -1.8 -1.8 -1.8 -1.8 -1.8 -1.8 -1.8 -1.8 -1.8 -1.8 48 61.9 70.4 77.9 85.5 92.5 99.8 104.9 111.7 119.5 126.4 125 124.1 122.1 119.7 119.1 118.7 123.9 130.8 131.8 133.6 136.6 140.2 144.7 147 149.2 150.9 150.8 150.4 144.8 139.6 134.2 129.6
43.2 32.2 27.7 32.2 34.9 37.7 39.9 39.5 37 42.8 43.2 41 40.5 40.5 41.4 40.8 39 35.2 32.3 32.1 38.5 44.6 40.6 29.6 28.5 -1.8 -1.8 -1.8 -1.8 -1.8 -1.8 -1.8 -1.8 -1.8 -1.8 -1.8 -1.8 -1.8 -1.8 -1.8 -1.8 -1.8 -1.8 -1.8 -1.8 -1.8 -1.8 -1.8 -1.8 -1.8 -1.8 13.4 44.3 52.4 61.6 73 80.7 89.1 95.9 102.1 109.4 117.3 121.4 121.5 120.6 119.3 118.3 119.8 129.2 130.7 133.2 137.6 141.4 144.7 148.6 149.2 149.9 149.9 150.8 152.8 147.8 141.8 134.2 128.7
52.6 45.8 31.5 32.1 34.9 38.9 41.3 43 44.3 47 50.7 48.1 44.8 47.5 42.9 43.2 42.2 39.8 36.8 40 43.6 49.7 55.4 51.3 52.3 42.9 24.5 -1.8 -1.8 -1.8 -1.8 -1.8 -1.8 -1.8 -1.8 -1.8 -1.8 -1.8 -1.8 -1.8 -1.8 -1.8 -1.8 -1.8 -1.8 -1.8 -1.8 -1.8 -1.8 -1.8 -1.8 -1.8 20.1 38.4 52.3 63.8 72.1 79.6 86.3 91.6 98.7 106.9 114.4 120 118.5 117.4 120.8 121.1 130.9 130.4 131.6 138.6 146.6 156.1 158.2 152.4 148.8 148.5 151.2 153 149.5 143.1 136.3 130.3
59.9 58.7 44.1 31.6 34.6 39.8 42.6 46.1 50 51.4 55.2 55.1 50.7 59.1 51.8 42.8 43.6 41.5 41.4 50.2 56.8 56 60.6 53.2 54 58.8 57.6 40.3 24.3 -1.8 -1.8 -1.8 -1.8 -1.8 -1.8 -1.8 -1.8 -1.8 -1.8 -1.8 -1.8 -1.8 -1.8 -1.8 -1.8 -1.8 -1.8 -1.8 -1.8 -1.8 -1.8 -1.8 -1.8 20.6 36.3 50.5 60.6 68.7 76.3 81.7 88.4 98 104.7 109.9 109.9 110.8 120.9 123.6 123.6 125.1 129.4 138.6 149 157.7 159 153.8 150.1 147.6 148.5 151.6 146 141.4 135.8 128.9
63.8 61.2 53.6 33.2 35.3 40.9 43.2 46.1 49.6 54 58.1 61.6 58 59.5 51.1 47.7 44.3 45.1 47 54.1 61.6 66 63.3 56.7 59.2 62.5 61.7 54.7 47.9 30.6 7.2 2 -1.8 -1.8 -1.8 -1.8 -1.8 -1.8 -1.8 -1.8 -1.8 -1.8 -1.8 -1.8 -1.8 -1.8 -1.8 -1.8 -1.8 -1.8 -1.8 -1.8 -1.8 -1.8 20 32.2 49.9 58.8 69.9 79 88.4 93.3 98.3 99.4 110.5 113.7 119.7 122.1 120.3 123.3 126.6 140.3 147.7 151.4 156.7 160.5 155.6 150 144 142.3 141.1 140.5 134.8 126.5
66.4 61.5 54.1 40.7 34 39.5 42.3 45 48.4 53 57.9 60.8 61.8 62 61.4 55.5 53.2 51.3 49.3 55.5 61.6 68.8 67.5 59.8 60.8 60.7 63.1 61.8 58.2 46.9 12.6 23.4 -1.8 -1.8 -1.8 -1.8 -1.8 -1.8 -1.8 -1.8 -1.8 -1.8 -1.8 -1.8 -1.8 -1.8 -1.8 -1.8 -1.8 -1.8 -1.8 -1.8 -1.8 -1.8 -1.8 11.7 30.2 52.9 66.2 79 89 89 94.7 106.7 112.3 116.5 121 120.6 120.9 122.7 128.7 141.1 145.5 149.2 154.3 160 159.6 153.8 147.6 139.5 137.5 136.2 130.4 123.4
67.4 61.4 56.5 44.7 31.2 35 38 41.5 46.2 52.1 57 59.7 62.1 66.4 68.3 59.7 58.1 54.5 52 54.9 61.3 69.9 70.3 62.4 60.9 61.1 62.2 65.3 62 55 22.5 42 42.3 19.4 -1.8 -1.8 -1.8 -1.8 -1.8 -1.8 -1.8 -1.8 -1.8 -1.8 -1.8 -1.8 -1.8 -1.8 -1.8 -1.8 -1.8 -1.8 -1.8 -1.8 -1.8 -1.8 20.9 41.7 56.1 68.4 79.3 80.9 92.7 106 112.4 118.6 121.1 120.4 122.1 124.2 129.4 138.3 143.7 148.1 154.6 160.5 160.2 156.8 150.8 137.3 131.4 129.9 123.1 114.5
67.9 60.8 55.7 49.3 36.2 31.5 33.1 36.3 40.3 44.9 49.5 53.3 58.6 59.8 60 57.4 55.8 54.1 53.6 54.5 60.5 66.8 70 64 62 62.3 62.6 63.6 62.4 47.5 46.9 58.8 57.4 52.9 27.1 -1.8 -1.8 -1.8 -1.8 -1.8 -1.8 -1.8 -1.8 -1.8 -1.8 -1.8 -1.8 -1.8 -1.8 -1.8 -1.8 -1.8 -1.8 -1.8 -1.8 -1.8 -1.8 27.9 43.5 54.9 63 76.3 89.5 99.5 109 117 121.1 120.7 123.2 130.7 127.2 132.7 139.8 149.1 155.9 166.1 162.3 157.4 152.8 138 123.8 118.9 115.2 107.8
69 59.3 53.4 47.8 40.2 33.4 32 33.3 36.4 39.6 43.3 51.1 54.4 55.2 54.5 54.4 53.9 53.5 53.1 54.9 57.6 62.8 68.9 66.5 63.1 62.5 63 64.7 62.3 43.5 56.2 64.2 61 57.7 53.1 32.2 -1.8 -1.8 -1.8 -1.8 -1.8 -1.8 -1.8 -1.8 -1.8 -1.8 -1.8 -1.8 -1.8 -1.8 -1.8 -1.8 -1.8 -1.8 -1.8 -1.8 -1.8 -1.8 27.6 38.3 55 73.6 87.5 96.5 103.8 112.2 116.2 117.1 129.4 131.3 138 133.4 138.3 151.1 153.5 156.3 159.8 157.6 150.5 137.1 123.4 110.1 104.8 97.9
70 56.4 51 48.8 43 36.2 32.5 32.6 34.2 37 39 43.5 49 50.8 56.3 54.1 53.5 53.5 53.7 53.5 55.7 59.2 62.8 66.1 62.9 62.6 62 61.7 60.8 56 59.7 63.7 64.4 61.5 58.1 51.7 31 -1.8 -1.8 -1.8 -1.8 -1.8 -1.8 -1.8 -1.8 -1.8 -1.8 -1.8 -1.8 -1.8 -1.8 -1.8 -1.8 -1.8 -1.8 -1.8 -1.8 -1.8 2.4 25.6 46.8 65.6 83.3 94.1 98 102.8 109.8 116.4 124.6 128.9 135 134.6 133.2 150.3 147.5 144 151 154 144.1 127.5 118.1 104.8 91.9 86.9
64 55.8 50.2 48 44.8 37.6 34.1 32.9 33.6 36 39 41.4 46 53.4 60.6 59.7 56.6 55.2 54.9 54.4 54 56.7 59.4 59.9 60.9 61.5 61.4 60.2 60.1 61.1 61.9 64.6 66.8 66 64.2 58.7 51.5 29.3 -1.8 -1.8 -1.8 -1.8 -1.8 -1.8 -1.8 -1.8 -1.8 -1.8 -1.8 -1.8 -1.8 -1.8 -1.8 -1.8 -1.8 -1.8 -1.8 -1.8 -1.8 -1.8 34.8 52.6 69.1 80.5 92 102.7 108.5 113 120.2 127.7 133 134.4 131.8 134.2 141.4 137.3 134.3 137.8 132.8 119 107.8 95.2 79 75.2
56.7 57.5 55 53.8 48.9 40.5 35.3 33.6 34 35.8 39 44 53.1 61.2 67.5 68.1 66.5 64.4 61.7 58.9 54.9 56.2 58.5 59.7 60.7 61.1 61.1 61 59.2 61 63.6 66.1 68.3 68.7 69.4 64.7 62.7 46.2 24 -1.8 -1.8 -1.8 -1.8 -1.8 -1.8 -1.8 -1.8 -1.8 -1.8 -1.8 -1.8 -1.8 -1.8 -1.8 -1.8 -1.8 -1.8 -1.8 -1.8 -1.8 -1.8 26.1 41.6 58.2 87.7 97.3 99.4 104.3 116.8 124.3 128.9 133 132 128.7 129.8 121.7 118.6 117.6 111.9 101.4 92.1 77.7 66.3 59.6
53 53.8 53.8 52.7 49.4 43.3 38.8 34.9 34.3 35.3 37.9 43.3 56.3 69.7 82.5 91.9 87 80.4 75.4 71.3 66 60.9 61.7 60.8 60.9 60.6 60.6 60.9 59 60.1 63.6 67.2 69.1 70.7 71.2 70.3 67.8 56.8 39.2 -1.8 -1.8 -1.8 -1.8 -1.8 -1.8 -1.8 -1.8 -1.8 -1.8 -1.8 -1.8 -1.8 -1.8 -1.8 -1.8 -1.8 -1.8 -1.8 -1.8 -1.8 -1.8 -1.8 17.8 37.8 56.8 78 87.5 99.4 106.1 111.2 116.3 123.1 127.9 123.8 108.5 105.6 106.8 100.9 90.7 78.5 65.4 55.7 49.7 42.6
54.1 55.8 54.3 54.4 49.7 45.8 44.7 39.3 35.5 35.6 38.8 44.6 56.9 69 79.4 96.4 103.8 100.2 93.4 87.4 76.3 69.8 69 63.3 61.4 61.8 60.6 60.2 59.5 61.1 63.4 67.8 70.7 71.3 72.4 71.6 69.2 61.6 52.4 32.5 -1.8 -1.8 -1.8 -1.8 -1.8 -1.8 -1.8 -1.8 -1.8 -1.8 -1.8 -1.8 -1.8 -1.8 -1.8 -1.8 -1.8 -1.8 -1.8 -1.8 -1.8 -1.8 -1.8 15 32.8 48.5 64.8 78.8 88.8 96.3 102.8 109.3 112.4 115.6 97.9 83.4 84 82.4 66.8 54.8 44.1 38.4 33.4 30.3
54.2 55.2 54.4 52.1 52.3 52 50.8 47.3 39.5 35.4 38.8 47.6 58.6 75.2 91.1 88 102.4 102.2 93.9 89.6 84.1 79.6 68.1 68.8 62.4 61 61.5 60 59 60.1 64.4 67.9 70.3 71.5 73.5 73.1 69.3 66.4 61.5 43.6 27.4 -1.8 -1.8 -1.8 -1.8 -1.8 -1.8 -1.8 -1.8 -1.8 -1.8 -1.8 -1.8 -1.8 -1.8 -1.8 -1.8 -1.8 -1.8 -1.8 -1.8 -1.8 -1.8 -1.8 -1.8 25.9 42.5 55.1 65 70.6 75.4 80.9 90.6 98.4 85.6 64.7 54.1 50.3 40.9 33.2 27.1 33.1 37.4 37.3
51.8 53.4 54.7 59.4 61.1 57.2 57.2 53 48.5 40.7 36.7 43.3 55.5 78.5 104.7 98.2 98.5 95.5 84 79.2 78.5 81.3 77.7 71.7 64 62.2 60.7 60.8 59.6 61 64 67.8 70.7 71.7 73.4 73.6 70.7 67.6 65.5 54.5 34.5 23.9 -1.8 -1.8 -1.8 -1.8 -1.8 -1.8 -1.8 -1.8 -1.8 -1.8 -1.8 -1.8 -1.8 -1.8 -1.8 -1.8 -1.8 -1.8 -1.8 -1.8 -1.8 -1.8 -1.8 -1.8 17.2 35.2 43.8 49.8 52.1 56.2 61 64.4 60.9 44.4 28.7 24.5 20.5 22.5 32.7 44.5 50.3 52.8
54.5 56.3 61.3 66.5 68.6 62.9 60.7 58.8 52.8 46.1 37.9 38.2 49.5 71.7 104.4 103.9 97.7 83.2 66.8 67.9 72.8 78.1 80 74 66.7 62.4 60.6 59.2 60.3 60.5 64.6 68.5 70.9 71.7 73 73.1 71.4 70 67.9 63.4 50.9 38.1 -1.8 -1.8 -1.8 -1.8 -1.8 -1.8 -1.8 -1.8 -1.8 -1.8 -1.8 -1.8 -1.8 -1.8 -1.8 -1.8 -1.8 -1.8 -1.8 -1.8 -1.8 -1.8 -1.8 -1.8 -1.8 10.9 22.2 30.6 34.7 37.4 40 40.9 35 19.9 13.3 14.7 25.2 35.3 46 52.7 61.5 69.6
55 57.4 65.6 71.1 71.1 69 64.6 60.2 53.7 46.8 39.9 40 42.6 56.4 76.8 92.9 88.1 67 59.2 59.1 65.8 73.5 76.7 74 69.3 64.6 60.7 59.7 59.4 60.5 63.9 68.1 70.5 72 73.4 73.3 72.4 71.6 68.7 66.7 62.4 54.8 40.2 24.6 -1.8 -1.8 -1.8 -1.8 -1.8 -1.8 -1.8 -1.8 -1.8 -1.8 -1.8 -1.8 -1.8 -1.8 -1.8 -1.8 -1.8 -1.8 -1.8 -1.8 -1.8 -1.8 -1.8 1.5 2.5 11.2 14.5 15.4 17.2 15 10.5 6.6 16.3 26.4 38.1 50.9 61.4 64.9 75.5 87.4
