data/130000-840000.asc
ncols 200
nrows 200
xllcorner 130000
yllcorner 840000
cellsize 50
[rows 35 to 69 of 200, columns 0 to 78 of 200]
123.1 117.4 112.4 109.1 105.7 102.3 100.5 96.1 92.1 90.8 84.3 80.1 79.8 79.7 79.4 79 80.2 79.4 81 85.2 89.2 91.5 95.4 97.9 100.8 103.3 106 108.7 113 119.7 129.7 136.1 137.4 139.8 142.3 141.8 139.6 138.8 138.6 140.1 139.3 141.1 148.2 155 160.1 164.8 168.9 173.8 178.7 184.8 190.2 193.5 196.4 198.8 200 199.5 199.9 199.1 199.1 199.1 200.7 204.5 209 214.3 218.7 220.3 219.7 214.6 209.2 206.7 203.9 200.9 198.3 195.9 193.6 191 188.2 184 181.8
121.4 116 112.7 108.6 104.6 100.9 99.5 95 91 89.2 84.6 79.2 79.3 78.6 78.1 78.5 80.2 80.3 80.5 84.4 88.3 89.3 93.6 97 99.9 102.7 106.2 110.6 114.6 122.6 134.2 139.5 140.9 142.4 144.4 144.9 145.2 144.3 143.9 143 141.4 140.7 147.3 153.6 159.2 163.8 167.7 171.7 176.4 181.3 187.8 191.6 194.3 196.6 197.5 197.5 198.4 199 199.1 199.6 203.1 207.6 208.9 215 219.8 220.9 220.8 217.7 213.1 210.4 207.3 204.3 201.4 198.9 196.4 193.8 191.3 188 185.3
119.7 116.8 113.4 109.4 104.9 101.3 99.3 96.4 91.4 91 85.2 80.8 79 78.1 76.5 77.1 79.2 80.5 80.6 84.7 88.4 90.5 91.2 97.2 100.1 103.3 108.7 110.7 118.1 125.7 133.4 139.6 143.7 145.9 147.9 148.5 149.2 149.8 149.4 149 149.5 145.2 148.4 152.4 158.2 162.7 166.7 170.6 174.6 179 184.6 189.8 192.4 194.4 194.2 194.1 196.4 198.9 199.4 201.4 206 209.6 211.7 215.3 219.9 220.8 220.1 219.6 218.1 215.3 212.7 209.1 205.5 202.1 199.5 197 194.4 190.2 188.5
119.8 117.3 113.6 109.1 105.6 102.2 100.5 96 90.2 88.5 84.2 80.4 78.5 74.3 72.3 75 79.2 80.5 80.5 83.9 88.4 90.3 94.5 99.8 102.3 105.5 111.1 115.9 120.4 126.7 132.7 139.1 144.7 148 151.9 152.6 152.9 153.8 154.2 154.1 153 149.9 149.9 150.8 158.1 161.7 165.7 169.7 173.9 178.7 183.1 188 190.7 192.4 191.4 190.8 193.9 198 201.2 203.9 208.4 212.1 214.9 218.2 221.7 223.5 224.4 224.9 223.6 219.5 217.2 213.8 210.4 206.5 203.2 200.6 196.9 193.3 192.7
118.8 117.3 113.4 109.8 106.4 102.9 99.8 94.7 90.4 88.3 83.5 80.6 75.5 71.5 69.8 74.1 77.2 79.3 80.6 82.2 87.7 91 94.9 99.9 103.7 107.8 111.9 117.6 122.7 129.2 135 138.6 143.9 149.2 153.7 156.4 156.6 157.9 158 158.3 157.3 152.8 152.1 149 155.2 160.7 164.7 169.1 173.6 178.1 182.3 188.1 190 190.6 190.6 189.6 193.4 199.9 203.8 207.3 210.8 214.5 217.4 220 225.2 227.3 228.5 228.9 230.7 226 222.2 219 215.1 211.1 207.2 204 200.6 199.7 197.1
117.2 115.6 113.9 110.5 107.1 102.3 98 94.3 90.3 87.4 80.4 77.9 72.8 68.9 68.7 72.2 75.3 77.4 79.1 81.6 88.3 92.2 96.1 100.1 103.3 107.2 112.5 118.3 124.5 130.3 134.4 138.1 144 150.2 155.8 159.8 160.2 161.4 161.2 161.2 159.6 158.6 157.8 155.2 159.1 160.4 162.7 169.2 175.3 179.6 183.9 188.4 190.7 190.1 189.4 190.5 196 201.6 205.8 209.6 213.2 216.9 220.6 224.1 228.7 230.7 232.2 233.7 235.5 233.6 226.9 223.8 220 216.1 211.7 207.5 204.9 204.2 202.6
115.5 114.2 112.9 111 107.1 102.1 98.3 94.2 90.9 85.3 80.6 77.6 73 67.6 68.9 70.3 73.4 76.1 79.4 83.1 88.1 92 96.5 100.7 105.2 109.5 114.6 119.5 124.5 129.8 134 138.3 144.4 150.8 157.2 162.1 164 164.9 164.1 163.6 162.7 163.2 163.4 163.9 163.6 160.6 160.9 165.7 174.3 180.8 183.6 184.2 188.4 186.6 188.8 193.7 199 203.3 207.7 211.8 215.5 219.2 224.2 227.3 230.6 234.4 236.1 238.8 240.4 240.6 232.6 228.2 224.7 220.8 215.2 209.5 209 209.2 208.4
114.4 113.2 111.9 109.9 106.5 102.4 96.8 91 88.3 82.2 79.1 75.5 71.8 68.1 67.7 70.3 71.6 74.8 78 81.1 85.4 90.4 95.8 100.7 105.4 110.2 114.8 119.2 123.6 129.5 136.5 140.3 144 149.5 157.3 163 167.6 168 167.4 166.3 167.6 170.1 170.7 170.7 169.9 167.5 162.5 166.4 170.9 175.9 180.3 182.6 180.6 182.9 187.7 193.5 199.1 204.4 209 213.6 217.7 222.5 228 231.3 235.2 239.5 240.3 243.2 244.3 242.3 238 231 229.4 223.4 218.3 214.5 212.3 215.1 213
112.4 111.3 110.2 107.7 104.8 101.1 95.5 89.8 87 80.5 79.1 73.7 69.7 66.7 63.5 70 70 73.2 76.3 80.1 86.4 90.8 96.3 100.5 105.2 109.9 114.6 118.9 124 130.2 136.3 139.9 143.2 148.4 156 162.7 168.6 170.1 169.7 169.7 170.8 172.8 173 173.4 174.1 172.8 170.4 167.6 170 170.6 175.6 177.7 178.9 181.5 186.1 191.8 197.3 203.5 208.7 213.8 218.5 223.6 231.6 236.7 240.4 243.3 245.8 248 247.2 245.3 242.7 236.9 232.8 228.3 222.3 219.3 218.8 220.1 217.3
110.4 109.2 107.9 106 103.3 100.1 94.5 89.8 86.1 81 78.3 74.4 71 68 62.9 65.9 70.5 72 75.4 79.6 86 89.9 95.7 101.8 105.6 109.9 113.6 118.4 123.3 129 134 137 141.6 148.1 155.2 161.1 166.8 170.7 171.5 173.2 174.2 176 176.3 176.5 177.8 177.5 174.9 172.9 172.4 169.9 169.1 174 177.8 180.9 185.2 190.2 196.1 202.4 207.3 212 216.9 222.9 231 239.4 246 248.7 251.3 252.7 251.1 249.8 248.2 241.3 236.1 233.2 229.1 222.8 221.4 221.3 220.8
108.4 107.5 106.5 105.4 102.2 99 94.3 90.9 85.8 81 76.9 73 70.2 67.3 62.7 65.3 70.3 71.9 75.7 79.6 84.3 90.2 94.9 101.2 106.5 109.7 111.8 116.5 121.7 127 132.3 137 142.3 148.1 153.8 159.6 164.8 168.5 172.3 175.4 176.7 177.8 178.8 179.8 181.2 181 178.9 176.6 174.2 171.4 171.2 177.2 180.5 180.4 184.8 190.3 194.6 200.9 205.9 210.8 216.6 222.7 230.7 244.2 251.6 254.1 256.5 257.8 256.5 254.5 252.9 246.9 241.2 237.4 231.9 227.6 227.4 226.5 223.6
106.8 106 105.2 104.3 101.9 98.9 94.1 89.9 83.4 79.5 75.2 70.7 68.2 67.5 63.2 64 69.5 70.5 71.3 75.1 81.8 89.4 93.5 100.4 105.3 108.7 111 116.1 121.1 126.2 131.5 136.8 141.5 146.9 152.5 157.7 162.9 167.4 171.8 176.3 179.2 180 180.6 182.5 184.4 183.7 181.7 179.5 178.2 175.1 176.8 179.2 180.6 179.4 183.2 190.2 193.3 199.4 204.5 209.9 216.8 224.1 233.1 245.1 254.1 258.8 262 263.4 262.3 260.5 257.6 251.7 246.9 242.3 237.6 234.7 232.1 229.3 226.5
105.1 104.3 103.6 102.8 101.2 98.5 93.7 88.4 82.2 77.4 73.6 69.8 66.3 65.9 64.3 60.7 64.7 68.6 70.9 77 81.2 88.1 92.9 99.4 102.7 108.1 111.4 116.5 121.5 126.6 131.6 136.7 140.8 146.7 152.6 157.4 162.3 167.3 173.1 178.5 181 182.9 183.3 183.7 185.8 186.3 184.5 183 181.4 177.8 178.4 179.5 180.9 180.7 182.6 189.1 192.5 198.9 203.7 209.1 216.9 225.7 234.8 244.8 254.9 262.1 266.5 270.3 268 265.3 261.2 257.7 252.9 247.2 243.1 240.6 236.3 233.2 230.4
103.3 102.9 102.1 101.4 100.3 97 92.6 87.1 81.7 76.4 72.7 68.8 65.1 63.8 61.3 61.8 66 69.8 72.9 80 82.2 88.7 95.5 102.2 105.7 109.2 111.6 116.7 120.8 125.4 129.9 135.2 140.3 146.1 151.9 157 161.9 168.8 174.2 179.3 181.5 184.1 186.7 184.8 186.8 188.1 187.2 185 182.6 179.1 179.2 179.1 180.6 181.5 184.2 187.6 191.6 198.1 204.9 211.7 218.3 225.3 233.5 243.7 254.1 262.3 268 270.3 271 268.2 265.2 262.2 259.9 249.2 248.1 245.7 242.4 237.2 234
102.3 101.6 100.6 101.2 99 94.7 91.2 86.8 81 75 71.8 67.7 63.7 61.7 62 62.8 67.2 70.4 74.7 80.4 84.8 90.9 96.7 102.2 106.5 109.7 111.4 115.7 119.3 121.9 128.7 134.2 139.7 145.4 151.2 156.5 162 168.2 174.2 178.9 182.5 186.4 187.9 187.2 188 187.7 187.7 186.3 183.6 180.4 180.4 179.2 181.6 184.2 186.1 188.9 191.1 197.2 204.2 211.9 219.6 227 234.1 240.9 250.7 259.7 266.5 268.8 270 270.8 268.8 267.8 265.1 256.4 253.5 250.6 248.2 243 238.8
102.6 101.6 99.8 99.2 96.5 93.9 90.3 85.8 79 73.8 70.1 65.8 62.5 60.4 60.6 64.7 68.8 70.7 75.1 80.4 84.6 90.2 96.1 101.7 106.2 110.7 111.5 115.6 119.7 123 129 134.3 139.9 145.7 151.1 157.2 162 167.4 173.4 180.1 183.2 187.2 189.5 189.5 188.1 187.8 187.9 187.7 184.4 180.9 179.4 179.1 181.8 184.7 187.7 189.2 190.2 196.8 204.6 212.6 220.3 227.8 234.7 240.3 248.5 256.9 263.5 267.8 270 271.1 271.7 271.5 268.9 263.5 259.6 256.2 253.8 247.9 242.7
103.1 102.1 100.9 99.2 96.3 93 90.6 84.8 78.1 70.9 67.7 64.6 61.3 59.3 60.3 64.3 70.9 70.2 75 79.2 85.5 91.3 96.1 100.9 105.4 109.5 112 116.6 120.6 124.4 128.1 134.2 139.9 145.7 151.5 158.3 163.4 167.6 173 178.4 182.5 187.2 189.5 190.8 189.6 189.3 188.8 187.9 183.6 180.9 179.4 181 183.4 186.2 189.4 191 192.6 197.7 205.1 213.2 221 227.6 233.8 240.4 249.1 255.3 259.7 264.4 268.4 271.8 272.8 272.8 271.3 267.7 263.8 261.6 257.4 249 244.9
103.7 102.3 101 99 95.2 92.1 88.9 83.4 77.6 72 66.1 61.7 60 59.5 59.1 64.8 70.7 71.2 75 80.2 87.7 93.9 98.6 100.8 105.7 110.3 113 116.3 119.7 123.2 127.2 133 139.6 145.5 151.1 156.7 162.5 167.5 172.9 177.6 181.6 186.1 190.3 190.5 189.9 189.8 189.4 187.9 183.5 180.9 179.7 183.4 186.2 189 190.8 191.1 194.5 197.9 204.9 213.4 220.7 226.6 232.4 238.8 245.9 249.9 256 260.5 265.6 271.6 274.2 276.2 274.9 269.9 266.4 262.9 257.3 251.5 247
104.1 102.2 100.4 97.7 93.5 90.3 88.2 82.5 77.4 72.1 66.3 60.7 59.1 60.2 60.6 62.4 68.3 71.2 75.3 80.5 88.2 95 99.4 102 107 111 113.6 117.1 120 122.9 126.3 131.9 138.2 145.7 151.1 156.6 162.1 167.9 173.5 177.2 181.3 186 190.3 190.6 190.1 190.3 191.1 187.3 183.1 180 183.3 187.4 188.5 189.1 192 194.9 197.4 199.3 204.8 211.1 218.6 224.5 228.9 234.7 240.7 248.5 253.6 258.6 262.7 268.6 277.3 279.9 279.8 274.7 268.6 263.7 258.6 253 248.7
104.2 102 100.4 97.9 92.9 89.5 86.3 79.9 75.4 70.7 66.4 61 59.9 61.1 60.9 61.9 66.2 69.9 74.7 80.6 88 95.2 100.6 102.6 106.7 110.5 114.2 118.3 121.2 123.4 125.9 130 137.6 145.6 151.8 156.8 162.1 168.4 173.1 176.5 180.9 185.7 189.7 190.8 191.2 192.1 192.5 187 182.2 183.8 188.2 190.2 191.1 192.9 195 198.2 201.3 202 207.4 213.9 219.3 223.3 228.4 232.6 239.1 246.7 252.2 257.6 263 268.4 276 280.8 280.8 277.8 269.6 263.8 259 254.8 249.9
105.9 103.7 101.4 97.8 93.8 90.3 87.4 78.5 74.8 70 67.7 60.9 59.1 59.1 60.5 61.8 64.9 69.1 74.7 80.1 87 93.3 99 102.3 106.3 110.1 114.5 118.5 121.9 123.9 125.9 129.2 135.5 143.5 149.8 154.6 161.4 168.1 172.6 175.9 180.5 185.1 189.3 191.5 193.7 194.5 195 190 185.3 186.1 189 190.8 192.3 194.9 198.1 202.1 207.5 209.6 210.4 217.7 222.1 225.5 229.3 233.7 238.8 245.4 252.1 257.4 263.5 269.1 269.9 272.1 275.1 276.1 271 264.1 259.7 254.9 250.7
107.5 104.5 101.1 97.2 93.1 89.5 86 80.3 78 73.5 69.4 63.5 59.6 59 58.1 61.1 64.5 69 74.5 80.6 86.3 91.6 97.2 102.6 106 109.7 113.6 117.5 121.4 123.6 125.6 128.9 133.6 140.8 146.7 153.9 160.6 166.5 171 175.5 179.6 184.1 188.4 191.5 196.5 198.6 195.8 192.4 190.3 189.1 190.1 191.4 194.8 197.4 199.9 205.9 212.1 213.9 216.2 219.9 223.9 228 230 235.8 241 247.8 252.9 258.1 264.4 270 269.1 269.1 271.9 272.4 269.8 266.1 261.8 257.4 251.9
107.8 104.3 100.7 96.6 92.5 89.4 85 80.6 77.7 74.8 70.3 65.2 62.2 59.1 53.6 59.6 62.8 67.1 74.1 81.5 86.2 90.9 96.4 101.9 105.3 108.7 112.6 116.5 120.4 123.3 125.3 128.1 132.5 138.7 146.4 153.2 159.3 164.8 169.6 174.4 179.1 183.4 187.1 190.9 195.9 199 197.5 194.5 191.7 189.4 190.6 193.6 196.2 200.8 204.2 208.9 215.1 218.5 220.7 224.1 227.3 229.4 232.9 238 243.6 249.4 254.2 257.7 262.7 269 269.6 269.7 269.2 271.1 268.6 265.5 262.1 257.7 253.2
107.8 104.1 100.1 96.2 92.1 88.6 85.1 80.9 77.5 74.1 70.9 68.8 64.3 60.8 50.5 57.5 62.4 68.3 75.1 80.8 86.1 90.6 95.7 101 104.6 107.7 111.6 115.5 119.4 122.4 124.6 126.5 130.9 137.6 144.3 152 158 163.8 168.7 173.4 177.5 180.8 183.9 189.1 194 197.5 199.2 196.2 194.2 190.9 193.1 196.6 199.5 201 206.9 212.6 218.2 222.5 225.9 228.4 230.8 232.8 236.4 239.9 244.7 250.1 254.1 256.9 261.1 265 268.4 269.7 269.6 269.1 265.3 261.9 259 256.6 253.3
107.5 103.5 99.5 95.5 91.7 89.7 85 80.8 77.5 74.1 70.4 67.3 62.3 57 50.8 56.4 60.8 66.8 72.9 78.7 84.4 89.9 95 100.1 103.8 106.8 110.6 114.6 117.9 120.4 122.8 125.1 128.2 133.6 140.1 150.8 156.8 162.6 166.7 170.8 174.9 178.3 181.4 188 191.7 195.2 197.3 197.6 198 195.9 196.6 200.4 202.3 206 210.1 215.8 220.8 225.8 230 230.8 234 237.2 240.1 242.2 245.6 250.1 254 257.9 260.9 263.7 266.9 269.1 269.6 266.8 261.9 259.2 259 253.5 250.4
106.9 101.9 98.7 94.9 90.9 88.3 84.4 80.2 76.8 72.1 67 61.4 56 52.5 49.2 52.1 58.1 64.3 70.3 76.2 82.2 87 92.4 97.7 101.5 105.1 109 113.1 115.6 118.5 121 122.8 125.8 130.6 135.4 142.4 153.1 158.3 163.2 167.5 171.7 176.6 181.6 185.3 189.2 193.7 197.8 199.2 199.7 201.7 200.9 201.9 206 210.3 213.5 218.6 223.6 228.2 231.8 234.2 236.7 239 242.4 245.1 247.8 250.6 254.5 258.8 260 262 267.2 269.1 269.8 265.9 261 260.2 256.5 249.7 248
107.5 102.2 96.8 92.2 90.3 85.9 81.9 79.2 73.4 68 62.4 57.2 53.1 50 49.1 51.5 56.6 62.3 67.8 73.6 79.5 83.6 89.2 94.7 98.6 102.6 107 110.9 113.2 115.6 119.4 120.2 123.5 128.5 132.2 136.7 146.3 153 158 162.9 167.7 173.1 178.6 184.1 189 194.2 199.5 200.9 202.2 204.1 207 206.3 208.5 213.9 217.2 221.6 226.3 230.8 233.8 237.1 239.8 243 246.2 247.3 249.8 252.2 256.5 260.6 261.5 261.4 266 269.2 268.5 262.9 256.7 251.9 249 248.9 245.1
107.9 102.5 97.1 91.7 86.6 83.3 79.5 76.1 69.9 63.8 61.2 56.4 52 49.3 49.6 53.5 57.6 60.2 65.3 71 74.5 77.4 84.7 90.8 94.8 99.2 104.1 109 110.2 112.7 117.4 119.5 121.7 126.4 130.7 135.2 140.6 147.8 151.6 158.2 164.3 167.7 173.8 180.5 188.5 194.7 200.3 203.2 205.2 207.8 211.3 211 212.6 216.2 221 225.4 229.3 235.3 238.8 240.4 244.4 247.7 250.4 251.1 252.3 255.1 259.5 262.6 265 263.8 261.6 262.7 260.3 256.9 249.6 250.5 251 248.2 244.8
108 102.6 97.2 91.2 85.7 81.8 78.2 74.4 68 62.5 60.9 56.3 50.6 49.4 51.1 52.3 54.6 55.1 62.7 70 77.2 80.7 87.5 91.8 95.9 99.7 103.1 109.7 111.8 111.4 114.4 118.6 123.7 128.5 130.2 135.6 140 146.8 149.2 155 164.1 167.5 172.6 179.7 189.7 196.7 203.2 207.7 209.9 212.6 216.4 218 220.8 224.4 228.3 230.4 235.1 238.5 243.5 247.2 249.7 251.4 253.5 254.5 256 257.6 260 261.3 262.3 261.6 259.7 259 256.2 251.7 246.9 245.8 246.6 245 242.1
107.7 102.7 96.9 90.6 85.1 80.4 76.8 73.7 68.6 63.4 58.8 55 49.1 49.1 50.6 51.7 55.5 57.8 63.7 70.5 76.2 81.3 86.7 93.3 98.9 103.2 110.2 113.1 115.6 118.8 120.4 121.4 123.7 127.9 132.5 138 145 151.8 158 162.8 171 171.9 175.9 182.2 191.7 199.2 205.7 211.6 216.6 219.5 222.4 225.5 227.7 231.8 236.4 239.2 242.5 245.4 249.1 251.5 253.2 255 256.8 258.1 259.1 259.2 261 261.3 261.1 260.1 259.2 258.7 250.9 243.8 240.6 240.1 241.3 241.3 239.4
106.4 101.5 95.8 89.7 83.9 79 75.6 72.8 67 61.7 57.2 52.5 49 49.1 49.7 51.8 55.6 59.4 64.5 70.8 76.5 81.5 88.4 94.7 99.2 105.4 112.7 116.6 119.1 120.2 121.9 123.4 125.5 127.2 131.4 136.3 143.9 150.9 156.9 163.1 168.8 173.8 178.8 184.8 191.4 198.6 205.7 212.3 219.3 223.8 227.4 232.4 233.8 236.9 241.2 245 248.5 250.8 252.6 254.8 256.7 257.6 258.9 260.4 261.8 259.3 261 261 261.1 260.5 256.7 253.6 249.1 238.7 235.7 237.4 239.6 240.4 237.6
103.9 99 94.4 88.7 82.4 77.2 73.3 69.7 64.8 59.1 53.8 49.1 48.7 48.9 51 52.5 57 61.6 66.6 72 77.4 83.5 90.4 95.6 100.7 104.8 111.2 119.5 119.5 119.7 121.4 123.9 125.8 127.5 131.6 135.7 142.7 151.5 154.9 159.6 166 172.2 179.6 185.3 190.5 196.9 206.9 214.3 220.8 227.2 232.3 237.6 240.6 243.3 245.4 249.2 251.9 254.3 256.4 258.7 259 259.2 260 260.8 261.2 259.8 259.8 260.6 260 260.5 254.6 249.7 246.1 238.2 231.1 231.5 231.6 234.1 234
101.7 96.9 91.6 86.3 79.9 75.4 71.6 65.5 61.3 54.9 50.1 48.6 48.4 49.1 50.3 53.6 59.1 64 68.8 74.2 79.1 85 91.7 97 102.1 105.3 110.5 117.3 119.1 119.1 120.5 123.1 125.9 127.8 131.5 135.9 141.2 150.1 153.3 157.8 162.1 170.9 180.1 184.3 189.8 197 206 213.4 221.7 229.2 236.7 241.6 248.2 250.8 252 252.3 254.8 257 259.4 259.1 260.3 259.1 259.4 260 260.6 259.9 259.3 259.7 259.7 258.2 252 247.7 243.7 236.4 229.5 227.8 227.7 228.9 229.1
99.4 93.6 87.7 82.8 78.2 73.7 68.7 62.2 55.8 50.3 48.7 48 48.5 49.2 50.4 54.7 59 64.7 70.6 75.5 80.5 86.8 92.9 98.5 103.7 106.4 110.1 116.1 119.8 119.2 119.6 122.4 125.2 127.9 131.1 134.8 139.1 145.7 152.2 156.2 161.4 170.9 180.5 185.6 191 199.9 206.7 215.4 222.8 231.7 238.1 243.7 250 254.9 257.8 257.5 258 259.4 260.7 261 258.7 257.3 256.4 257.3 258.1 257.5 256.7 256.6 256.1 255 249.6 245.8 242.4 236.1 228.6 223.2 222.4 223.6 223.8
96.8 89.8 83.4 78.8 76.6 71.3 65.3 57.9 53.2 49.6 48.6 48.4 48.9 49.9 53.2 56.9 60.4 64.8 70.9 76.5 83.4 89.8 95.2 100.3 104.7 107.9 111.6 115.4 119.4 120.4 120.4 122.7 125.3 128.1 131.1 137.6 140.8 145.2 150.2 154.6 160.4 168.3 177.3 185.9 191.8 197.5 205.7 216.1 227 234.1 240.6 247.9 254 257.5 261.3 261.2 259.4 259.3 259.7 258.3 256.1 253.7 252.6 253.7 255 255.3 254.3 253.3 252.5 251.4 247.8 243.9 240.7 236 228 220.4 219.5 220.5 219.8
