data/130000-680000.asc
ncols 200
nrows 200
xllcorner 130000
yllcorner 680000
cellsize 50
[rows 0 to 37 of 200, columns 84 to 167 of 200]
-1.4 -1.4 -1.4 -1.4 -1.4 -1.4 -1.4 -1.4 -1.4 -1.4 -1 -0.7 -0.4 0 0.3 0.6 0.9 1.2 1.5 1.8 2.1 2 2 2 3.5 5.6 4.7 2 2 3.3 2 2.2 2.5 2.3 1.9 1.6 2.4 2 1.7 0 -0.5 -0.9 -1.4 -1 -0.4 0.3 0.9 1.6 2.2 2.4 2.4 2.4 2.5 2.6 2.7 2.8 2.6 2.5 2.4 2 1.9 3.4 4.4 4.9 5.3 7.8 8.9 10.3 9.5 10.9 12.9 12.2 5.9 6.2 6.6 7.8 8.9 3.4 3.1 -1.4 -1.4 -1.4 -1.4 -1.4
-1.4 -1.4 -1.4 -1.4 -1.4 -1.4 -1.4 -1.4 -1.4 -1.4 -1.4 -1.2 -0.9 -0.6 -0.2 0.1 0.4 0.8 1.1 1.4 1.9 1.6 2.3 1.9 2.1 3.2 6 5.2 2.8 2 2.8 1.9 1.6 1.3 1 0.9 1.2 0.8 0.5 -0.1 -1.1 -1.4 -1.4 -0.2 -0.5 0.1 0.8 1.4 2.1 2.3 2.3 2.3 2.4 2.5 2.5 2.4 2.3 2.2 2 2.2 2 6.7 6.4 7.4 5 5.8 6.8 7.9 7.5 9.1 6.1 1.1 0.5 0.7 1.2 0.8 2 2 -1.4 -1.4 -1.4 -1.4 -1.4 -1.4
-1.4 -1.4 -1.4 -1.4 -1.4 -1.4 -1.4 -1.4 -1.4 -1.4 -1.4 -1.4 -1.4 -1.1 -0.8 -0.5 -0.1 0.2 0.2 0.2 0.4 1 1.6 2.1 2 1.9 3.3 3.9 2.2 1.5 1.2 1.1 0.7 0.3 0 0.3 -0.1 -0.4 -0.8 -1.1 -1.4 -1.4 1.1 1.8 0.7 0.5 0.6 1.3 1.9 2.1 2.1 2.2 2.2 2.3 2.2 2.1 2 2 0.8 1.1 -1.4 0.9 1.9 5.4 4.3 4.9 5.7 4.8 1.5 2 -1.4 -1.4 -1.4 -1.4 -0.4 -1.4 -1.4 -1.4 -1.4 -1.4 -1.4 -1.4 -1.4 -1.4
-1.4 -1.4 -1.4 -1.4 -1.4 -1.4 -1.4 -1.4 -1.4 -1.4 -1.4 -1.4 -1.4 -1.4 -1.3 -1 -1.4 -1.4 -1.4 -1.4 -1.4 -0.4 0.2 1 1.8 1.2 0.4 -1.4 -1.4 -1.4 -1.4 -0.4 -0.7 -1.4 -1 -1 -1.3 -1.4 -1.4 -1.4 -1.4 1.9 2.1 2 1.9 1.7 1.6 1.6 1.8 2 2 2 2.1 2 1.9 2 2 0.6 -1.4 -1.4 -1.4 -1.4 2 6.3 6.6 3.3 3.6 -1.4 -1.4 -1.4 -1.4 -1.4 -1.4 -1.4 -1.4 -1.4 -1.4 -1.4 -1.4 -1.4 -1.4 -1.4 -1.4 -1.4
-1.4 -1.4 -1.4 -1.4 -1.4 -1.4 -1.4 -1.4 -1.4 -1.4 -1.4 -1.4 -1.4 -1.4 -1.4 -1.4 -1.4 -1.4 -1.4 -1.4 -1.4 -1.4 -1.3 -1.1 -1.4 -1.4 -1.4 -1.4 -1.4 -1.4 -1.4 -1.4 -1.4 -1.4 -1.4 -1.4 -1.4 -1.4 -1.4 -1.4 -1.4 2 2.2 2 1.9 2.8 -1.4 -0.1 1.8 2 4.9 5.7 4.1 1.9 2 2 0.6 0.1 -1.4 -1.4 -1.4 -1.4 3.8 4.7 6.5 1.7 -1.4 -1.4 -1.4 -0.6 -0.5 -1.4 -1.4 -1.4 -1.4 -1.4 -1.4 -1.4 -1.4 -1.4 -1.4 -1.4 -1.4 -1.4
-1.4 -1.4 -1.4 -1.4 -1.4 -1.4 -1.4 -1.4 -1.4 -1.4 -1.4 -1.4 -1.4 -1.4 -1.4 -1.4 -1.4 -1.4 -1.4 -1.4 -1.4 -1.4 -1.4 -1.4 -1.2 -1.4 -1.4 -1.4 -1.4 -1.4 -1.4 -1.4 -1.4 -1.4 -1.4 -1.4 -1.4 -1.4 -1.4 -1.4 -1.4 1.8 0.7 1.6 -1.4 -1.4 -1.4 1.5 10.1 18.6 21 23.2 20 16.1 12.5 8.2 3.6 1.5 1.4 -1.4 -1.4 -1.4 -1.4 1.9 0.8 -1.4 -1.4 -1.4 -0.2 0.4 0.4 -0.9 -1.4 -1.4 -1.4 -1.4 -1.4 -1.4 -1.4 -1.4 -1.4 -1.4 -1.4 -1.4
-1.4 -1.4 -1.4 -1.4 -1.4 -1.4 -1.4 -1.4 -1.4 -1.4 -1.4 -1.4 -1.4 -1.4 -1.4 -1.4 -0.1 0 -0.2 -1.4 -0.1 0 -0.1 0 1.1 2 1.3 0.1 -1.4 -1.4 0.9 1.7 -1.4 0.3 -1.4 -1.4 -1.4 -1.4 -0.5 -0.2 -1.4 -1.4 -1.4 -0.3 -1.4 -1.4 1.9 15 19.6 27.6 31.1 33.1 28.5 24.6 22 16.9 15.4 13.1 8.1 4.5 0.7 -1.4 -1.4 -1.4 -1.4 -1.4 -1.4 -1.4 0.3 1.4 1.3 0.2 -1.4 -1.4 -1.4 -1.4 -1.4 -1.4 -1.4 -1.4 -1.4 -1.4 -1.4 -1.4
-1.4 -1.4 -1.4 -1.4 -1.4 -1.4 -1.4 -1.4 -1.4 -1.4 -1.4 -1.4 -1.4 -1.4 -1.1 -0.1 1.7 1.7 1.6 1.7 1.8 2.3 1.9 3.6 3.9 4.5 4.6 2 2 2.4 3.6 7 2.3 4.7 2.4 2.9 0.7 0.7 0.9 0.8 0.9 0.5 -1.4 -1.4 -1.4 9.5 16.5 18.6 23 32.3 35.7 35.7 32.9 30.5 27.3 22.9 20.3 16.7 8.1 4.6 1.1 0 -1.4 -1.4 -1.4 -1.4 -1.4 1 2 1.9 2.5 0.7 -1.4 -1.4 -1.4 -1.4 -1.4 -1.4 -1.4 -1.4 -1.4 -1.4 -1.4 -1.4
-1.4 -1.4 -1.4 -1.4 -1.4 -1.4 -1.4 -1.4 -1.4 -1.4 -1.4 -1.4 -1.4 0 0.5 1.5 0.6 4.4 10 12 10.9 11.7 20.9 17.4 13.8 10.2 11.2 10.7 4.6 4.9 8.3 7.9 8.1 7.4 9.8 9 2.8 2.4 2 2 1.4 2.9 1 -1.4 0.5 2 14.8 21.1 25.5 32.1 35.6 36.9 34.9 33.7 34 29.6 23.5 19.9 15.8 8.8 5.1 1.8 2.4 0.8 -1.4 4.2 6.8 5.9 6.7 10 2 -1.4 -1.4 -1.4 -1.4 -1.4 -1.4 -1.4 -1.4 -1.4 -1.4 -1.4 -1.4 -1.4
0.7 3.5 4.5 1.9 0.9 1.3 1.6 1.8 1.5 1.1 1.1 1.3 2 1.9 3.3 8.8 10.2 15 23.5 25.1 20.3 36 37.4 32.6 26.4 22.4 18.6 19.8 16.9 9.2 12.1 14.4 13 11.9 10.5 8.6 6.7 4.1 2 2 1.9 2 2 2.7 8.2 11 12.6 14.6 23.6 26.7 26.2 27.1 30 32.7 33.4 30 25.3 21.6 18.4 15 13 7.4 5.2 6.4 9.3 12 13.4 12.5 11 14.5 5.2 -1.4 -1.4 -1.4 -1.4 -1.4 -1.4 -1.4 -1.4 -1.4 -1.4 -1.4 -1.4 -1.4
7.7 9.9 11.9 10.2 6.9 7.7 7.1 9.8 9.6 6 5.8 7.3 6.5 10.3 14.2 20.8 23.4 32.3 28 33 39.3 41 40.1 37.6 34.8 32 27.3 18.7 21.2 18 12.9 14.6 14 13.1 11.7 9.8 8.5 7.3 4.8 7.6 1.9 3.9 5.5 10.4 11 14.9 16.5 16.5 18.2 19.1 21.8 26.2 36.2 34.2 34.2 34.1 28.8 24.1 20.3 18.3 17.4 12.7 11 16.6 20.3 19.6 17.6 15.8 14.4 14 1 -1.4 -1.4 -1.4 -1.4 -1.4 -1.4 -1.4 -1.4 -1.4 -1.4 -1.4 -1.4 -1.4
13.6 12.3 13.2 13.6 13.4 13.5 15.3 14.6 13.4 12.4 16.2 19.2 19.3 20.8 22.6 27.1 34 33.6 37.4 41.2 38.5 43.8 43.4 41.6 38.5 35.9 32.4 26.4 20 19.6 17 15.5 14.7 14.1 12.9 11.4 10.3 9.5 8.2 8 7.3 11.7 13.2 13.2 14.3 17 20.2 22.4 20.8 19 20 30.4 34.5 37.9 37.1 34.1 32 27.6 22.2 19.5 17.8 15.5 11.7 16 21.8 19.9 17.6 12.9 8.6 14.7 0.6 -1.4 -1.4 -1.4 -1.4 -1.4 -1.4 -1.4 -1.4 -1.4 -1.4 -1.4 -1.4 -1.4
14.1 17.2 15.4 13.9 15.4 16.8 17.7 19 19.1 17.9 16.9 22.2 24.8 29.4 32.7 34.7 37.7 56.1 55.4 53.2 46.8 44.9 40.8 38.4 36.8 34 31.2 27.3 23.5 19.9 18.7 17.8 16.7 15.5 14.5 13.9 13.3 12.6 12 11.9 11.8 11.2 14.4 14.6 15.6 15 20.4 25.1 25 22.1 20.6 22 37.9 35.9 33.5 28.6 27 23.1 20.2 18.5 16.8 17.6 10.6 14.1 15 13.4 10.9 6.7 6.4 13.7 0.5 -1.4 -1.4 -1.4 -1.4 -1.4 -1.4 -1.4 -1.4 -1.4 -1.4 -1.4 -1.4 -1.4
13 15.5 17.8 20.5 16.4 16.8 18.1 20 21.1 20.3 18.4 20.4 24.9 33.2 31.9 43.1 63.1 68.4 67.7 65.6 61.8 55.6 46.8 39.3 33.9 31.6 29.7 26 23.4 20.6 19 18.8 18.5 18.2 17.5 17.2 17.2 17 16.4 15.6 15.1 14.6 15 15.5 17.5 15.1 18.1 20.5 22.4 23.6 22.6 24.5 25.2 22.1 20.7 23.4 23.7 21.5 17.6 15.8 15.3 11.6 9.2 9.3 9.1 7.1 4.5 4.5 6.6 11.5 0.6 -1.4 -1.4 -1.4 -1.4 -1.4 -1.4 -1.4 -1.4 -1.4 -1.4 -1.4 -1.4 -1.4
13 14.3 14.9 17.6 17.2 17.9 18.9 17.6 19.6 19.6 19.6 18.2 22.7 24.8 40.9 61.3 72.3 79 78.1 74.2 68.2 60.6 50.9 41.7 36.1 33.7 30 23.8 21.1 20.9 19 18.9 19 19.5 19.5 19.6 19.4 19.2 19.8 19.3 18.7 18.3 17.5 16.7 18.6 19.6 19.4 19.2 21 23.3 22.5 25.5 27.3 21.1 19.6 17.7 15.5 17.2 14.5 13.3 13.2 7.8 6.9 6.8 4.8 4.2 3.6 3.7 6 12.9 0.9 -1.4 -1.4 -1.4 -1.4 -1.4 -1.4 -1.4 -1.4 -1.4 -1.4 -1.4 -1.4 -1.4
13.1 14.4 15.4 14.3 15 16.7 17.2 21.2 20.8 19.9 19.7 18.7 18.1 27.7 39.1 56.6 84.5 90.4 88.1 82.2 74.5 65.5 56.3 46 39.4 34.9 32.5 28.6 23.8 20 19.5 19.4 19.7 20.2 20.6 20.8 21 20.8 21.6 22.4 21.7 20.9 21.2 20.2 20.1 20.7 20.5 22.4 23.6 22.9 21.2 20.3 19.1 17.3 15.7 15.2 15 14.6 13.7 11.4 9.1 7.4 6.7 6.1 6 5.5 5.6 4.2 4.4 10.2 1.6 -1.4 -1.4 -1.4 -1.4 -1.4 -1.4 -1.4 -1.4 -1.4 -1.4 -1.4 -1.4 -1.4
10.9 12.5 12.3 14.8 16 17.2 17.8 18 17.8 17.8 18 17.1 17.7 18.9 28 38.8 74.9 83.4 85.7 84.6 78.1 72.8 60.6 52.5 45.7 38.8 35.2 32.2 28.8 24.2 20.6 19.9 20.3 20.9 21.4 21.8 22.3 22.5 22.8 23.2 24 24.1 24.9 26.4 28.5 30.4 30.2 28.1 24.2 22 21.9 19.2 18 16.2 15.2 14.6 14.4 14 12.6 11.6 9.1 7.4 6.5 6 5.7 5.1 4.9 3.4 3.7 7.5 9.1 0.7 -1.4 -1.4 -1.4 -1.4 -1.4 -1.4 -1.4 -1.4 -1.4 -1.4 -1.4 -1.4
5.9 9.8 12.8 14.5 15.8 17.1 17.4 16.8 16.4 16.4 16.6 17.3 17.5 18.4 27.1 33.9 36.7 44.4 70.8 73.9 75.1 70.3 64 61.3 54 40.8 39.8 36 31.7 26.4 23.4 21.6 21.4 21.8 21.4 21.7 22.3 23.8 24 24.5 28.7 30.3 28.6 25.5 29.2 28.6 29.9 29.3 24.5 16 18.4 16.8 16.8 16.9 16.2 14.9 13.3 12.8 11.7 10.8 9.3 7.7 6.7 5.8 5.5 5.1 3.9 3.6 3.6 5.6 5.5 1.7 -0.3 -1.4 -1.4 -1.4 -1.4 -1.4 -1.4 -1.4 -1.4 -1.4 -1.4 -1.4
6.9 6.1 11.2 13.8 14 14.2 14.9 15.5 15.2 15.1 15.9 16.7 17.4 17.7 22.4 28.9 33.7 38.2 39.6 47.2 62.4 62.2 60.3 56.2 49.8 50 44.3 37.3 35.2 31.5 29.6 26.1 23.3 22.2 21.1 21.1 22.6 20.4 25.3 22.7 28.9 30.6 31 31.9 30 24 21.8 21.5 17.8 13.2 12.5 12.6 15.3 12.9 12.7 12.8 13.1 13.7 13.9 11.4 12.1 12.3 9.8 5.5 4.9 5.1 4 3.6 3.7 3.8 8.1 12.3 6 -1.4 -1.4 -1.4 -1.4 -1.4 -1.4 -1.4 -1.4 -1.4 -1.4 -1.4
6.8 6.1 6.1 7.7 9.8 10.5 12.4 13.5 14.2 14.7 15.1 15.5 16.2 17.3 17.7 24.8 31.8 32.7 34.5 37.6 43.6 42.4 40.1 57.4 57.8 49.7 39.9 43.2 45.4 44.2 40.1 37.3 32.5 25.2 19.4 19.1 18.3 18.3 18 20.3 23.1 24.2 25.7 25.8 23.7 20.7 19.2 15.5 12.4 11 10.9 11.3 16.2 26.4 26.3 24.4 22.7 19.2 16.5 13.5 8.9 7.7 6.2 4.9 4.3 3.9 4.4 3.5 3.6 3.9 7.5 7.3 1.9 -1.4 -1.4 -1.4 -1.4 -1.4 -1.4 -1.4 -1.4 -1.4 -1.4 -1.4
6.2 5.7 3.8 4.8 5.8 7.1 10.4 10.7 13.1 13.4 13.6 14.3 15 16.9 17.2 17.6 29.9 31.9 35.3 34.9 34.6 36.9 37 37.7 38.3 39.9 47.6 54.2 51.2 46.5 40.8 35.5 31.6 29.1 20.2 15 14.9 14.6 15.6 19.2 19.5 18 17.9 17.3 15.3 14.2 13.3 12.1 12 12.6 11.3 14.6 24.4 32.2 29.2 22.6 18.4 21.7 18.2 10.7 8 7 5.9 4.2 4.3 2 2 2.4 5.5 4.9 4.6 4.3 0.5 -1.4 -1.4 -1.4 -1.4 -1.4 -1.4 -1.4 -1.4 -1.4 -1.4 -1.4
1.9 -1.4 1.9 1.9 1.7 5.3 4 4.9 7.3 11 12 12.7 13.4 15 15.8 16.4 16.5 20.2 21.7 22.7 24.4 31.4 32.2 32.2 30.5 31.3 31.5 30.2 28.9 31.8 31.6 26.3 26.4 23.3 18.4 13.9 13.4 13.2 13.6 15.1 14.8 12.7 11.6 12.6 13 14.6 12.3 11.4 11 11.9 13.7 12.8 11.6 14.3 14.7 16.6 24.1 19.1 13.7 7.5 6.4 4.4 4 4.3 -1.4 -1.4 0 0.8 1.5 3.3 5.1 5.4 1.1 -1.4 -1.4 -1.4 -1.4 -1.4 -1.4 -1.4 -1.4 -1.4 -1.4 -1.4
-1.4 -1.4 -1.4 -1.4 -1.4 -1.4 -1.4 0.3 1.3 4.6 9.3 10.1 11.2 12.6 13.4 14 14.4 13.8 14.3 15.2 17.6 20.1 20.3 21 20.8 21.7 21.6 21.1 21.9 21.6 19.1 18.2 18.1 15.9 14.4 13.7 13.4 12.8 12.6 13.1 12.7 11.4 11.8 10.7 11.8 10.8 8.8 9.4 11.7 10 9.3 9.9 10.8 9.4 9.6 9.7 7.8 10 9.7 5.3 2.2 0.5 2.7 0.6 -1.4 -1.4 -1.4 -0.6 0.4 1.3 4.7 5.1 6.1 1.1 1.1 1.3 1 -1.4 -1.4 -1.4 -1.4 -1.4 -1.4 -1.4
-1.4 -1.4 -1.4 -1.4 -1.4 -1.4 -1.4 -1.4 0.6 2 3.2 5.6 8.4 10.4 11.1 11.5 11.5 11.6 11.9 11.6 11.4 11.6 11.7 12 13.4 13.7 13.6 14.3 14.7 15.2 13 13.1 14 13.3 13.8 13.5 13.2 12.8 11.5 10 9.9 9.8 9.7 9.2 6.1 5.2 5.5 6.9 9 8.9 3 9.1 10.6 4.9 7.4 3.1 6.7 7 2.2 5.9 1.6 -1.4 -1.4 -1.4 -1.4 -1.4 -1.4 -1.4 -0.2 0.7 1.8 4.4 5.6 8.2 7.9 4.7 1.7 -1.4 -1.4 -1.4 -1.4 -1.4 -1.4 -1.4
11.5 8.9 -1.4 -1.4 -1.4 -1.4 -1.4 -0.6 0.6 1.9 3.3 4.9 6.6 8.2 9 9.5 9.2 9.7 9.8 10.5 10.6 10.9 11.2 10.5 10.5 9.4 9.4 9.4 9.9 10.4 11.2 11.6 12.1 13.5 13.6 13.1 12.9 11.9 10 9.3 9.1 8.6 6.9 4.9 2.3 2.3 2.2 -1.4 -1.4 -1.4 0.6 1.6 -1.4 -1.4 1.8 1.7 1.9 1.9 4.3 4.6 1.7 -1.4 -1.4 -1.4 -1.4 -1.4 -1.4 -1.4 -0.5 0.5 1.6 4.7 3.4 2.7 2 2.2 -1.4 -1.4 -1.4 -1.4 -1.4 -1.4 -1.4 -1.4
15.2 13.6 10.8 3.8 2.1 -1.4 -1.4 1.1 2 2 3.5 4.8 6 6.7 7.5 7.9 8.9 8.6 9.7 10.1 10.5 10.8 10.6 10.5 10.7 10.3 9.9 9.9 9.9 10.5 11.7 11.3 12.8 14 13.5 12.7 10.9 10.3 9.1 8.6 8.3 7.5 4.7 2 -1.4 -1.4 -1.4 -1.4 -1.4 -1.4 -1.4 -1.4 -1.4 -1.4 -1.4 -1.4 -1.4 0.9 0.9 1.5 -1.4 -1.4 -1.4 -1.4 -1.4 -1.4 -1.4 -1.4 -0.4 0.6 1.7 4.3 2 1.9 1.6 0.9 -1.4 -1.4 -1.4 -1.4 -1.4 -1.4 -1.4 -1.4
13.2 13.4 10.5 7 2.2 2 2 1.9 2 3.8 4.6 4.7 5.9 6.1 6.8 7.6 9.3 9.3 9.6 10 10.4 10.6 10.4 10.8 11 11 10.5 10.4 10.4 10.5 12.8 13.5 14.9 14.1 13.7 12 11.2 8.8 8.2 7.7 7.4 6.4 4.1 1.6 -1.4 -1.4 -1.4 -1.4 -1.4 -1.4 -1.4 -1.4 -1.4 -1.4 -1.4 -1.4 -1.4 1.9 1.3 0.2 -1.4 -1.4 -1.4 -1.4 -1.4 -1.4 -1.4 -1.4 -0.3 0.8 1.8 1.6 0.9 -0.6 -1.4 -1.4 -1.4 -1.4 -1.4 -1.4 -1.4 -1.4 -1.4 -1.4
14.4 14.6 10.8 8 5 2 2 2.9 3.9 4.9 5.9 4.4 5.9 5.9 5.7 5.9 8.1 9 9.1 9.9 10.2 10.2 10.7 11.1 11.2 11.3 11 11 10.9 10.8 12.5 14.7 15.2 13.8 13 12 11 8.5 7.8 7.9 6.3 5.1 3.4 1.3 -1.4 -1.4 -1.4 -1.4 -1.4 -1.4 -1.4 -1.4 -1.4 -1.4 -1.4 -1.4 -1.4 -0.4 -0.9 -1.4 -1.4 -1.4 -1.4 -1.4 -1.4 -1.4 -1.4 -1.4 -0.3 0.4 1 0.9 -0.3 -1.4 -1.4 -1.4 -1.4 -1.4 -1.4 -1.4 -1.4 -1.4 -1.4 -1.4
8.3 10 8.3 6.1 3.1 2.6 1.9 3.3 4.4 5.3 5 4.9 5.5 5.3 5.1 5 7 8.3 8.4 9.4 10.1 10.5 11 11.4 11.5 11.6 11.6 11.4 11.1 10.8 10.5 12.4 13.6 12.9 12.2 11.5 10.6 8.3 7.8 7.2 5.5 3.5 2.4 1.2 -0.5 -1.4 -1.4 -1.4 -1.4 -1.4 -1.4 -1.4 -1.4 -1.4 -1.4 -1.4 -1.4 -1.4 -1.4 -1.4 -1.4 -1.4 -1.4 -1.4 -1.4 -1.4 -1.4 -1.4 -1.4 -1.1 -0.5 0.1 -1.1 -1.4 -1.4 -1.4 -1.4 -1.4 -1.4 -1.4 -1.4 -1.4 -1.4 -1.4
5 4.5 4.5 2.9 2 2 2 2 5.6 2.4 6 6 3.5 4.5 4.3 4.2 5.8 7.6 7.8 8.9 10.5 11 11.3 11.7 11.8 11.6 11.5 11.6 11.5 11.2 10.9 11.1 12.4 12.5 11.4 10.6 9.4 8.6 8 6.3 4.1 2.4 1.4 0.1 -1.1 -1.4 -1.4 -1.4 -1.4 -1.4 -1.4 -1.4 -1.4 -1.4 -1.4 -1.4 -1.4 -1.4 -1.4 -1.4 -1.4 -1.4 -1.4 -1.4 -1.4 -1.4 -1.4 -1.4 -1.4 -1.4 -1.4 -1.4 -1.4 -1.4 -1.4 -1.4 -1.4 -1.4 -1.4 -1.4 -1.4 -1.4 -1.4 -1.4
2 2.1 2 1.9 1.9 1.7 1.4 1 0.9 0.6 0.8 1.3 1.7 2.3 -1.4 4 5.9 6.9 7.4 9.4 10.6 11 11.3 11.5 11.5 11.2 11.5 11.7 11.5 11.4 11.3 11.1 11.8 12.8 11.7 11.2 9.7 8.9 8.1 6 3.8 1.8 1.4 -0.3 -1.4 -1.4 -1.4 -1.4 -1.4 -1.4 -1.4 -1.4 -1.4 -1.4 -1.4 -1.4 -1.4 -1.4 -1.4 -1.4 -1.4 -1.4 -1.4 -1.4 -1.4 -1.4 -1.4 -1.4 -1.4 -1.4 -1.4 -1.4 -1.4 -1.4 -1.4 -1.4 -1.4 -1.4 -1.4 -1.4 -1.4 -1.4 -1.4 -1.4
2.5 2.1 2 1.6 1 0.7 0.3 -0.1 -0.4 -1.4 -1.4 -0.3 0.4 0.8 -1.4 4.9 7.9 7.5 8.2 9.8 9.2 10 10.8 10.9 10.9 11.2 11.5 11.7 11.6 11.5 11.4 11.4 12.1 12.4 12.2 13.1 11.1 8.6 6.9 4.4 2.1 2 2 0.3 -1.4 -1.4 -1.4 -1.4 -1.4 -1.4 -1.4 -1.4 -1.4 -1.4 -1.4 -1.4 -1.4 -1.4 -1.4 -1.4 -1.4 -1.4 -1.4 -1.4 -1.4 -1.4 -1.4 -1.4 -1.4 -1.4 -1.4 -1.4 -1.4 -1.4 -1.4 -1.4 -1.4 -1.4 -1.4 -1.4 -1.4 -1.4 -1.4 -1.4
3.6 2.7 1.9 0.4 -0.2 -0.4 -0.8 -1.2 -1.4 -1.4 -1.4 -1.4 -1.4 -1.3 -1.4 2.5 6 6.4 6.2 7 8.3 9.7 10.3 10.4 10.3 11 11.5 11.8 11.7 11.6 11.6 12.1 13.3 13.4 13.4 13.2 12.4 10.2 6.4 2.3 1.9 1.9 0.8 -0.1 -1.4 -1.4 -1.4 -1.4 -1.4 -1.4 -1.4 -1.4 -1.4 -1.4 -1.4 -1.4 -1.4 -1.4 -1.4 -1.4 -1.4 -1.4 -1.4 -1.4 -1.4 -1.4 -1.4 -1.4 -1.4 -1.4 -1.4 -1.4 -1.4 -1.4 -1.4 -1.4 -1.4 -1.4 -1.4 -1.4 -1.4 -1.4 -1.4 -1.4
1.7 1.1 0.6 -1.4 -1.4 -1.4 -1.4 -1.4 -1.4 -1.4 -1.4 -1.4 -1.4 -1.4 -0.2 1.5 3.2 6.8 4.1 8.7 6.9 9 9.8 9.7 10 10.7 11.4 11.8 11.8 11.8 12.3 12.8 14.4 14.8 13 12.1 11.8 10.9 7.2 1.9 2 1.3 0.1 -1.4 -1.4 -1.4 -1.4 -1.4 -1.4 -1.4 -1.4 -1.4 -1.4 -1.4 -1.4 -1.4 -1.4 -1.4 -1.4 -1.4 -1.4 -1.4 -1.4 -1.4 -1.4 -1.4 -1.4 -1.4 -1.4 -1.4 -1.4 -1.4 -1.4 -1.4 -1.4 -1.4 -1.4 -1.4 -1.4 -1.4 -1.4 -1.4 -1.4 -1.4
0 -1.4 -1.4 -1.4 -1.4 -1.4 -1.4 -1.4 -1.4 -1.4 -1.4 -1.4 -1.4 -1.4 -1.4 0.9 2.5 6.4 6.2 6.2 9.8 9.4 9.2 9 9.7 10.4 11.1 11.8 12.1 12.5 13 13.6 16.5 17.3 15.7 11.3 10.9 9.8 8.2 6.2 1.8 0.6 -0.5 -1.4 -1.4 -1.4 -1.4 -1.4 -1.4 -1.4 -1.4 -1.4 -1.4 -1.4 -1.4 -1.4 -1.4 -1.4 -1.4 -1.4 -1.4 -1.4 -1.4 -1.4 -1.4 -1.4 -1.4 -1.4 -1.4 -1.4 -1.4 -1.4 -1.4 -1.4 -1.4 -1.4 -1.4 -1.4 -1.4 -1.4 -1.4 -1.4 -1.4 -1.4
-1.4 -1.4 -1.4 -1.4 -1.4 -1.4 -1.4 -1.4 -1.4 -1.4 -1.4 -1.4 -1.4 -1.4 -1.4 0.4 1.8 5.7 7.2 8.1 9.5 9.1 8.3 9 9.7 10.4 11.1 11.8 13.1 13 13.5 14.3 16.8 13.2 12.4 10.6 10.8 9.8 8.8 6.9 4.2 0.7 -1.4 -1.4 -1.4 -1.4 -1.4 -1.4 -1.4 -1.4 -1.4 -1.4 -1.4 -1.4 -1.4 -1.4 -1.4 -1.4 -1.4 -1.4 -1.4 -1.4 -1.4 -1.4 -1.4 -1.4 -1.4 -1.4 -1.4 -1.4 -1.4 -1.4 -1.4 -1.4 -1.4 -1.4 -1.4 -1.4 -1.4 -1.4 -1.4 -1.4 -1.4 -1.4
-1.4 -1.4 -1.4 -1.4 -1.4 -1.4 -1.4 -1.4 -1.4 -1.4 -1.4 -1.4 -1.4 -1.4 -1.4 0.1 1.5 3.6 7.4 7.7 9.5 7.6 8.4 9.3 9.9 10.5 11.3 12.1 13.3 14.8 14.7 15.3 16 13.4 12 10.6 10.2 9.5 8.8 6.3 3.1 1.3 -1.4 -1.4 -1.4 -1.4 -1.4 -1.4 -1.4 -1.4 -1.4 -1.4 -1.4 -1.4 -1.4 -1.4 -1.4 -1.4 -1.4 -1.4 -1.4 -1.4 -1.4 -1.4 -1.4 -1.4 -1.4 -1.4 -1.4 -1.4 -1.4 -1.4 -1.4 -1.4 -1.4 -1.4 -1.4 -1.4 -1.4 -1.4 -1.4 -1.4 -1.4 -1.4
-1.4 -1.4 -1.4 -1.4 -1.4 -1.4 -1.4 -1.4 -1.4 -1.4 -1.4 -1.4 -1.4 -1.4 -1.4 -0.1 1.3 2.8 6.6 8 8.8 8.5 9 9.8 10.4 11 11.7 13 14.8 15.6 17.1 17.5 16.7 13.4 11.4 9.2 8.5 8.7 7.6 7.3 2.6 -1.4 -1.4 -1.4 -1.4 -1.4 -1.4 -1.4 -1.4 -1.4 -1.4 -1.4 -1.4 -1.4 -1.4 -1.4 -1.4 -1.4 -1.4 -1.4 -1.4 -1.4 -1.4 -1.4 -1.4 -1.4 -1.4 -1.4 -1.4 -1.4 -1.4 -1.4 -1.4 -1.4 -1.4 -1.4 -1.4 -1.4 -1.4 -1.4 -1.4 -1.4 -1.4 -1.4
