data/130000-860000.asc
ncols 200
nrows 200
xllcorner 130000
yllcorner 860000
cellsize 50
[rows 0 to 44 of 200, columns 96 to 191 of 200]
-2 -2 -2 -2 -2 -2 -2 -2 -2 -2 -2 -2 -2 -2 -2 -2 -2 -2 -2 -2 -2 -2 5.2 17.2 18.4 17.7 20.7 29.5 29.6 32.1 35.8 38.6 40 38.7 38.5 38.7 41 43.1 46.2 47.9 49.1 50.3 50.5 51.6 43.9 33.6 28 25.7 24.7 23.4 24.8 24 22.1 20.3 20.4 19.6 20.3 19.5 12 20.1 20.9 19.2 19.1 19.1 19 20.4 23.4 26.1 27.3 30.3 33.2 34.6 37.1 40.1 40.3 41.7 45.1 50.4 55.6 58.7 61.2 63.1 62.2 61.6 60.8 61.2 68.6 74.9 80.6 86.8 88.5 90.9 95.8 96.5 97.8 105
-2 -2 -2 -2 -2 -2 -2 -2 -2 -2 -2 -2 -2 -2 -2 -2 -2 -2 -2 -2 -2 -2 -2 11.8 17.8 18.2 18.6 20.9 25.9 29.5 32.2 35.2 35.3 32.9 33.1 34.5 39.3 41.5 44.4 44.8 46.6 47.9 46.8 48.1 43 33.1 26.9 26.8 29.6 24.8 21 20.1 17.9 18.2 18 17.5 18.8 20 16.3 20.6 19.6 18.9 18.8 19 19.1 20.5 25.8 28.9 31.3 32.9 33.5 33.4 34.9 36.6 38.3 39.7 43.4 48.8 54.4 58.5 61.4 63.6 63.4 63.4 61.6 61.8 66.6 70.2 74.9 80.7 87.2 91.3 95.7 97.7 97.8 108.3
-2 -2 -2 -2 -2 -2 -2 -2 -2 -2 -2 -2 -2 -2 -2 -2 -2 -2 -2 -2 -2 -2 -2 6.6 14.3 18.2 19.3 19.1 22.2 26.3 29.3 30.8 31.5 29.9 29.1 31.1 35.9 40 41.1 42.4 43.7 44 42.1 40 38.3 30.9 26.2 27.5 29.2 24.4 19.7 17.5 16.3 16.1 15.8 15.5 16.4 16.8 17.4 19.2 18.7 18.5 18.1 18.3 18.5 20.3 26.4 30.5 31.7 33.3 33.3 30.9 32.4 34.2 36 39 42.2 46.7 52.4 57.5 61 62.5 63.7 64.6 61.8 62.7 65.5 68.4 71.4 76.6 82.8 90 93.8 97.6 100.5 106.9
-2 -2 -2 -2 -2 -2 -2 -2 -2 -2 -2 -2 -2 -2 -2 -2 -2 -2 -2 -2 -2 -2 -2 4.7 10.7 14.1 19.8 19.5 19.1 22.7 25.9 28.1 29.5 30.1 29.5 29.2 32.3 35.8 39.9 41.1 40.5 41.2 40.9 39.5 34.7 29.9 25.2 25 25.1 22.2 19.3 16.4 16.3 16.1 15.7 15.3 14.7 14.4 16.3 17.4 17.8 17.4 17.5 17.6 18.1 20 24 28 29 31 30.9 30 30.3 32.5 35.2 38.3 43.3 48.9 54.3 58.2 61.7 63.9 64.6 65.3 64 63.5 65.8 68.1 70.9 74.6 80.1 87.8 90.5 94 99.3 105.3
-2 -2 -2 -2 -2 -2 -2 -2 -2 -2 -2 -2 -2 -2 -2 -2 -2 -2 -2 -2 -2 -2 -2 -2 7.6 10.8 18.5 20.1 19.1 19.1 22.3 24.5 27.3 27.7 28.1 28.2 29.4 32.8 37.2 40.4 40.3 41 41 38.1 32.2 26.9 23 21.8 21 20.8 17.8 16.5 16.3 16.1 15.7 15.1 14.5 13.9 15.3 16.1 16.6 17.5 18.1 18.5 19.3 21.7 25.6 27 27.6 27.8 29.7 29.3 29.4 31.6 34.3 38.7 43.4 48.5 53.9 58.8 62.4 64.8 65.2 65.4 65 64.8 67.3 68.9 69.9 73.3 78.1 84.3 88.7 91.3 95.5 100.9
-2 -2 -2 -2 -2 -2 -2 -2 -2 -2 -2 -2 -2 -2 -2 -2 -2 -2 -2 -2 -2 -2 -2 -2 5.8 9.1 19.7 21.2 19.7 19.1 20.4 22.3 24.5 24.7 25.1 26.9 28.6 30.2 35.2 37.7 38.6 40.7 41 37 31.4 25.5 20.9 20.9 19.1 21 18.5 16.6 16.3 16.1 15.5 14.9 14.2 14.5 15.5 16.5 16.6 17.3 19.9 21.9 22.9 25.3 29.1 31.1 32.8 32.1 30.6 29.3 30 31.6 33.8 37.5 42 47.5 52.2 56.7 61.3 65 68 67.2 68.2 67.2 68.8 69.5 69.6 72.4 75.2 80.6 87 88.7 91.1 95
-2 -2 -2 -2 -2 -2 -2 -2 -2 -2 -2 -2 -2 -2 -2 -2 -2 -2 -2 -2 -2 -2 -2 -2 5.2 8.1 17 20.4 20.9 19.2 20.4 21.3 21.5 21.8 22.8 24.6 26.4 28.6 30.7 33.3 36.9 39.4 40.4 36.7 30.6 23.7 19.5 17.1 17.6 19.3 20.9 17.6 16.4 16 15.4 14.9 14.5 14.7 15.7 16.7 17.3 18.3 20.8 24.6 28.3 31 30.7 33.9 36.5 34.1 31.6 30.2 30.5 31.6 33.6 36.6 40.1 45.1 50.3 55 59.8 63.6 68.5 69.3 70.9 71.5 71.2 70.7 70.4 73 74.4 76.8 82.8 88.3 91.1 94.6
-2 -2 -2 -2 -2 -2 -2 -2 -2 -2 -2 -2 -2 -2 -2 -2 -2 -2 -2 -2 -2 -2 -2 -2 3.8 7.8 13 20.1 20.5 20.6 19.3 20.8 19.2 19.3 21.4 22.5 24.1 26.9 29.3 31.6 35.7 38.4 37.9 35.9 29.9 24.6 19.1 16 15.5 17.2 18.8 19.1 19.5 16.8 15.6 15.2 15.4 15.2 15.7 16.6 17.7 18.8 20.6 25.6 29.7 31 30.5 34.7 37.3 34.8 32.3 30.8 31 31.9 33.3 36.3 39.4 43.8 48.7 54.2 60.2 64 68.5 70.8 70 73.4 72.9 72.5 72.8 72.5 74.1 74.8 78.7 83.7 89.8 95.4
-2 -2 -2 -2 -2 -2 -2 -2 -2 -2 -2 -2 -2 -2 -2 -2 -2 -2 -2 -2 -2 -2 -2 -2 3.1 6.6 10.1 17.3 20.8 21 20.7 20.8 19.6 18.1 19.9 20.6 21.8 25.7 29.6 31.8 34.7 37.6 38.6 38.2 30.5 25 20.2 17.1 15.2 15 16.3 18.1 19.3 17.3 15.1 15.4 17.5 18.5 19.3 19.3 18.6 19.1 19.5 23.9 27.4 29.3 30.7 34.5 37.5 35.7 32.4 31.4 31.4 32.3 33.4 36.7 40 43.9 48.3 52.7 57.9 63.4 68.9 72.7 70.5 74.1 75.1 74.6 75.4 74.4 73.3 73.8 76.9 78.3 86.4 94.3
-2 -2 -2 -2 -2 -2 -2 -2 -2 -2 -2 -2 -2 -2 -2 -2 -2 -2 -2 -2 -2 -2 -2 -2 -2 5.1 9.1 14.8 20.2 21 21 19.1 16.8 17 18.3 19.1 21.4 25.5 28.3 30.5 33.6 37.1 38 39 31.2 27.1 21.5 18.3 14.9 14.5 13.9 15 15.7 14.5 13.8 16.5 16 16.7 17.4 18.7 20.3 20.9 20.7 21.9 25.4 27.4 29.6 33.4 36.3 33.8 32.3 30.3 30.7 32.1 34.3 37.5 40.8 44 48.3 52.6 58.2 65.1 71.3 73.3 71.9 74.5 77.4 77.4 75.8 74 74 73.9 75.5 77.4 82.1 92.8
-2 -2 -2 -2 -2 -2 -2 -2 -2 -2 -2 -2 -2 -2 -2 -2 -2 -2 -2 -2 -2 -2 -2 -2 -2 4.4 8.5 14.4 19.6 20.4 20.4 16 14.7 15.2 16.9 18.9 21.4 24.1 26.9 29.7 33.4 37.2 37.8 38.7 32.5 28.9 23.6 19.6 15.9 14.4 14 13.7 13.5 13.3 13.7 14.1 14.6 15.1 15.8 16.9 18.9 20 20.2 20.5 21.6 22.8 27.9 31.7 33.3 31.6 30 30.3 31.2 32.8 35.3 38.4 41.1 44.1 48.2 53.4 59.7 67.1 73.8 74.2 73.6 74.1 76.6 75.5 74.1 74.5 74.6 74.7 75 77.6 80.4 92.3
-2 -2 -2 -2 -2 -2 -2 -2 -2 -2 -2 -2 -2 -2 -2 -2 -2 -2 -2 -2 -2 -2 -2 -2 -2 3.6 7.5 13.3 19 20.7 19.4 13.4 13.9 14.6 16.8 18.9 20.8 23 25.7 28.6 31.3 36.4 37.9 38.3 34 29.3 25.6 22.2 17.8 14.6 14.1 13.9 13.2 12.9 13.3 13.4 13.9 14.7 15.8 16.5 17.5 18.2 19.1 18.4 17.8 20.5 26.1 30.2 30.4 28.9 29.6 30.4 31.7 33.8 36.2 38.8 41 44.2 47.5 53.2 61.7 69.3 75.6 75.3 74.2 73.3 74.6 74.3 74.3 75 75.5 75.2 75.7 78.4 82.6 92.5
-2 -2 -2 -2 -2 -2 -2 -2 -2 -2 -2 -2 -2 -2 -2 -2 -2 -2 -2 -2 -2 -2 -2 -2 -2 -2 5.7 12.1 19.1 20.9 15.9 13.3 13.6 14.7 16.8 19 21 22.6 24.7 27.6 30.4 34.1 37.5 38.3 35.5 32.5 28.9 24.3 19 14.7 14.2 13.7 13 12.5 12.7 12.8 13.3 13.8 14.1 14.5 15.5 15.8 16.2 16.7 16.9 18 23 29.1 29.4 26.1 27.1 29.8 32.3 35 37.8 40.2 41.1 44.6 48.9 55 64.1 73 77.9 77.8 74.3 73.1 73.6 74.1 74.6 75.3 76.4 75.8 76.1 78.9 83.6 92.2
-2 -2 -2 -2 -2 -2 -2 -2 -2 -2 -2 -2 -2 -2 -2 -2 -2 -2 -2 -2 -2 -2 -2 -2 -2 -2 3.1 9.4 19.8 21.2 13.3 13.1 13.2 15.1 17.1 19.1 20.7 22.2 23.8 26.6 29.8 34.2 36.8 38 37.7 35.8 35.9 25.7 20.3 15 14.6 13.4 12.6 12.1 12.3 12.6 12.7 12.7 12.6 12.5 13 13.6 14.5 15.8 17 17 20.5 26.3 26.3 25.2 26.7 29.4 32.2 35.7 39.6 40.9 41.4 46.3 51.3 57 65.8 74.7 79 77.9 74.4 73.7 73.7 73.7 73.8 74.5 75.2 75.8 77.3 80.3 85.5 93
-2 -2 -2 -2 -2 -2 -2 -2 -2 -2 -2 -2 -2 -2 -2 -2 -2 -2 -2 -2 -2 -2 -2 -2 -2 -2 -2 5.7 13.2 18.9 13.4 12.4 13.4 15.3 17.3 19.3 20.7 22 23.4 25.5 28.8 32.7 35.9 37.5 39.2 39.4 37.4 28.1 21.3 15.9 14.5 13.2 12.2 12.2 12.4 12.7 12.9 12.8 12.7 12.5 12.7 12.8 13.7 14.6 15.5 16.3 18.7 22.6 23.7 23.7 26.3 28.9 32 35.6 39 40.2 42.3 44.6 50.2 58.8 68 75.1 81 76.9 74.8 74.9 74.9 74.9 75.3 76.4 78 79.8 79 79.8 84.6 92.1
-2 -2 -2 -2 -2 -2 -2 -2 -2 -2 -2 -2 -2 -2 -2 -2 -2 -2 -2 -2 -2 -2 -2 -2 -2 -2 -2 -2 7.2 10.9 9.4 11.5 13.6 15.6 17.5 19.7 20.7 22.6 23.6 24.7 27.4 30.3 32.8 36 39.4 41 38.1 32.4 22.8 16.4 14.7 13.1 12.1 12.5 12.6 12.9 13 12.9 12.8 12.6 12.6 12.6 12.9 13.8 14.7 15.6 16.7 19.6 21.9 23.4 25.1 28.1 32 35.9 39.2 41.9 44.6 47 49.7 60.1 70.8 77.3 81.6 80.8 76.5 77.5 77.3 76.6 77.8 79.5 81.2 80.9 79.1 79.1 83.9 92.2
-2 -2 -2 -2 -2 -2 -2 -2 -2 -2 -2 -2 -2 -2 -2 -2 -2 -2 -2 -2 -2 -2 -2 -2 -2 -2 -2 -2 2.9 6.5 8.3 10.4 13.8 15.7 17.7 19.5 20.3 22.4 23.1 24.6 26.4 28.1 30.7 33.7 38.3 43.1 39.6 32.9 24.4 17.2 15.1 14 12.3 12.8 13.1 13 13.1 12.9 12.8 12.6 12.6 12.5 12.6 13.2 14.1 15 16.1 19.7 20.2 21.2 23.6 27.9 31.7 35.6 40.1 43.1 45.7 48.4 50.5 58.7 71 77.5 82.5 84.9 81.3 81.3 79.9 79.6 80.2 81.3 84.1 83.3 79.6 79.1 83.4 92.4
-2 -2 -2 -2 -2 -2 -2 -2 -2 -2 -2 -2 -2 -2 -2 -2 -2 -2 -2 -2 -2 -2 -2 -2 -2 -2 -2 -2 -2 6 6.6 8.6 12.4 15.5 17.7 18.9 20.1 21.8 23.5 25.3 26.7 27.4 28.9 31.3 36.8 40.3 39.5 32.8 25 17.4 14.9 13.3 12.8 13.1 13.5 13.4 13.3 13.1 12.9 12.7 12.7 12.8 13 13.1 13.6 14.5 15.8 17.9 20.6 19.3 21.3 26.1 30.9 34.8 39.2 42.7 45.6 48.7 52.5 58.1 68.6 77.1 81.6 84.1 86.6 83.2 82.9 81.6 81.7 83.6 82.4 80.8 79.4 79.9 83.4 90.5
-2 -2 -2 -2 -2 -2 -2 -2 -2 -2 -2 -2 -2 -2 -2 -2 -2 -2 -2 -2 -2 -2 -2 -2 -2 -2 -2 -2 -2 4.3 5.8 8 10.9 13.7 16.2 18.6 19.9 21.6 23.6 25.1 26.1 26.7 28.4 29.8 33.8 39 40.6 34 25.6 17.8 14.7 13.2 13.3 13.6 13.7 13.6 13.4 13.3 13.1 13 13 13 13.1 13.1 13.4 14 15.1 16.2 17.5 17.8 19 23.7 28.5 33.9 40.8 42.3 45 48.8 54 59 70.4 79.3 84 86.5 87.1 86.8 84.8 83.1 81.1 80.9 80.8 80.7 80.5 81.4 85 88.7
-2 -2 -2 -2 -2 -2 -2 -2 -2 -2 -2 -2 -2 -2 -2 -2 -2 -2 -2 -2 -2 -2 -2 -2 -2 -2 -2 -2 -2 2.9 2.6 5.6 8.4 10.9 13.2 15.8 18.2 20.7 22.2 23.3 24.8 26.5 28.3 30.3 33.4 36.6 40 37.6 26.3 17.9 14.6 13.6 13.7 13.9 13.9 13.7 13.6 13.4 13.3 13.3 13.3 13.4 13.4 13.4 13.4 13.5 14.4 15.2 15.8 16.3 18 21.6 27.6 33.5 38.4 42.2 44.6 48.3 54.6 60.5 71.3 79.9 86.2 89.6 91.3 89.6 84.3 83.4 82 81.4 81.6 81.6 81.4 82.2 84.4 87.6
-2 -2 -2 -2 -2 -2 -2 -2 -2 -2 -2 -2 -2 -2 -2 -2 -2 -2 -2 -2 -2 -2 -2 -2 -2 -2 -2 -2 -2 -2 2.1 3 5.8 7.8 10.3 12.9 15.5 18.3 19.6 22.8 24.3 26 27.8 29.9 33 36.6 38.6 38.8 27.3 18.2 14.7 14.1 14.1 14 14 13.9 13.8 13.6 13.6 13.6 13.6 13.7 13.7 13.7 13.7 13.6 13.6 14.5 15 15.6 17.1 20.9 28.2 33.1 38.2 41.9 45.8 49.5 55.5 61.9 72.3 80.5 89 91.2 92.5 92 85.7 84.2 82.8 82.1 82.3 82.5 82.9 84.1 84.3 86.7
-2 -2 -2 -2 -2 -2 -2 -2 -2 -2 -2 -2 -2 -2 -2 -2 -2 -2 -2 -2 -2 -2 -2 -2 -2 -2 -2 -2 -2 -2 -2 0.9 2.7 4.7 7.4 10.1 13.3 17.7 20.9 22.3 23.9 25.5 27.3 29.8 32.4 36.7 39.3 37.7 27.6 19 14.7 14.5 14.3 14.2 14.1 14 13.9 13.9 13.9 13.9 13.9 13.8 13.7 13.6 13.6 13.5 13.6 13.8 14.5 15.1 16.2 19.4 24.8 32.1 38.3 42.5 46.1 50.6 56.6 63.6 72.6 81.1 88.6 91.5 94.2 94.6 88.3 85.9 84.8 84.1 84 84.8 85.5 86.4 87.2 87.3
-2 -2 -2 -2 -2 -2 -2 -2 -2 -2 -2 -2 -2 -2 -2 -2 -2 -2 -2 -2 -2 -2 -2 -2 -2 -2 -2 -2 -2 -2 -2 -2 0.6 2.8 6 9.3 11.8 16.3 20.1 22.2 23.5 25 27 29.5 31.8 37.1 40.5 38.5 31.1 23.3 15.2 15 14.7 14.5 14.4 14.2 14.2 14.1 14 13.9 13.8 13.7 13.6 13.5 13.4 13.4 13.6 13.5 14 14.4 15.2 18.7 23.5 30.9 38 42.2 47.8 51.2 57.7 64.4 73.9 82.1 89 93 96.5 94.3 89.2 87 87.2 87.6 86.9 87.6 88.1 88 90 89.7
-2 -2 -2 -2 -2 -2 -2 -2 -2 -2 -2 -2 -2 -2 -2 -2 -2 -2 -2 -2 -2 -2 -2 -2 -2 -2 -2 -2 -2 -2 -2 -2 -2 2.5 4.3 6.2 9.2 13.1 16.6 19.8 21.8 23.9 26.7 28.9 31.7 35.6 40.3 38.4 36.8 28.1 16.8 15.3 15.1 14.9 14.7 14.5 14.4 14 13.9 13.8 13.7 13.6 13.5 13.4 13.3 13.3 13.7 13.7 13.5 13.4 15.1 18.3 22.9 30 37.2 44 50.1 52.6 58.6 67.4 76.6 83.7 90.4 96.7 99.9 97.4 90.4 88.2 90.3 90.9 89.2 90.3 89.7 89.1 91.3 92.2
-2 -2 -2 -2 -2 -2 -2 -2 -2 -2 -2 -2 -2 -2 -2 -2 -2 -2 -2 -2 -2 -2 -2 -2 -2 -2 -2 -2 -2 -2 -2 -2 -2 -2 2.6 4.1 6.8 8.9 11.4 15.8 19.5 22.9 25.8 28.6 30.8 33.5 37.7 39.4 38.8 32.8 21.7 15.7 15.5 15.2 15 14.7 14.6 14.5 14.1 13.7 13.6 13.5 13.4 13.3 13.2 13.4 13.6 13.6 13.5 13.3 14.9 18 22.1 30.2 37.6 44.7 51.4 54.2 59 69.4 78.9 86 92.4 98.5 102.1 99.2 93.2 90.1 90.6 90.2 89.5 90.7 91.8 91.6 93.5 94.7
-2 -2 -2 -2 -2 -2 -2 -2 -2 -2 -2 -2 -2 -2 -2 -2 -2 -2 -2 -2 -2 -2 -2 -2 -2 -2 -2 -2 -2 -2 -2 -2 -2 -2 -2 2.9 4.4 6.3 8.6 11.4 16.6 21.4 23.9 26.3 28.9 31.2 34.6 38.6 38.7 37.5 31.5 19.5 15.7 15.4 15.2 15 14.9 14.8 14.7 14.3 13.8 13.4 13.3 13.2 13.1 13.3 13.4 13.4 13.4 13.3 14.7 17.7 21.9 29.5 37.1 45.5 52 55.3 61.4 71.2 80.1 88.6 95.4 101.2 106.5 101.6 96.2 92.2 91.6 95 94.1 92.6 94.8 95.9 98.8 99.4
-2 -2 -2 -2 -2 -2 -2 -2 -2 -2 -2 -2 -2 -2 -2 -2 -2 -2 -2 -2 -2 -2 -2 -2 -2 -2 -2 -2 -2 -2 -2 -2 -2 -2 -2 -2 2.4 4.7 7.5 9.5 12.9 18.7 21.7 24.6 27.6 30.3 34.3 39.2 40.6 37.7 35.7 24.2 17.8 15.6 15.4 15.2 15.2 15.1 15 14.9 14.5 14 13.6 13.1 13.1 13.1 13.2 13.3 13.3 13.2 14.7 17.9 22.1 29.2 38.1 47.4 53.6 57.4 65.6 74 82 89.6 98.6 103.1 103.8 98.9 95.5 92.5 91 95.3 96.4 96.8 97.4 100.1 101.4 102
-2 -2 -2 -2 -2 -2 -2 -2 -2 -2 -2 -2 -2 -2 -2 -2 -2 -2 -2 -2 -2 -2 -2 -2 -2 -2 -2 -2 -2 -2 -2 -2 -2 -2 -2 -2 -2 2.5 5.9 7.9 10.9 16 20.8 24 27.7 31.3 35.2 38.3 40.6 38.5 37 38.3 33.4 16.5 15.6 15.5 15.4 15.3 15.2 15.1 15.1 14.6 14 13.2 13.1 13.1 13 13.1 13.1 13.2 15.1 18.4 24 30.2 40.2 47.5 53.5 59.9 68.2 76.1 84.4 91 99.3 101.8 99.1 94 91.8 90.7 92.7 95.2 97.3 98.1 98.7 101.1 103 107
-2 -2 -2 -2 -2 -2 -2 -2 -2 -2 -2 -2 -2 -2 -2 -2 -2 -2 -2 -2 -2 -2 -2 -2 -2 -2 -2 -2 -2 -2 -2 -2 -2 -2 -2 -2 -2 -2 3.8 6.2 9.1 13.2 19.6 24 27.7 31 35.2 38.1 40.5 39.2 37.3 39.1 41.7 29.2 17.3 15.8 15.7 15.5 15.3 15.1 14.9 14.3 13.5 13 13.1 13.2 13.3 13.2 13.1 13.9 15.9 18.6 23.9 31.1 39.2 46.7 54.3 62.2 70.1 76.2 84.7 91.6 93.9 92 91.5 88.9 89 87.9 89.5 91.2 94.2 96.8 98.1 101.4 105.4 109.6
-2 -2 -2 -2 -2 -2 -2 -2 -2 -2 -2 -2 -2 -2 -2 -2 -2 -2 -2 -2 -2 -2 -2 -2 -2 -2 -2 -2 -2 -2 -2 -2 -2 -2 -2 -2 -2 -2 2.9 5.4 7.3 10.5 16.9 23.6 26.8 30.1 33 36.1 38.4 39.6 38.9 38.9 41.4 41.7 29.2 16.5 15.6 15.2 14.9 14.6 14.4 13.9 13.1 13.1 13.2 13.3 13.4 13.6 14 14.2 16.4 18.9 23.8 31.7 40 47.5 55.7 63.8 69.5 76.4 83.3 88.5 88.2 84.5 84.6 82.9 83 83.7 85.3 87.6 89.7 93.7 98.5 101.9 107.4 113.7
-2 -2 -2 -2 -2 -2 -2 -2 -2 -2 -2 -2 -2 -2 -2 -2 -2 -2 -2 -2 -2 -2 -2 -2 -2 -2 -2 -2 -2 -2 -2 -2 -2 -2 -2 -2 -2 -2 -2 3.9 6.2 9.2 15.2 23 26.1 29.4 31 34.5 37 38.4 39.8 40.7 42.3 48.2 37.7 26.1 15.8 15.5 15.1 14.6 13.9 13.4 13 13.1 13.2 13.3 13.4 13.6 14 14.4 16.7 19 23.8 30.1 38 46.5 54.9 62.4 68.5 74.7 81.3 83.5 83.4 79.9 78.4 78.2 78.7 79.6 80.9 83.8 85.7 90.7 99.8 103.5 109.6 117.7
-2 -2 -2 -2 -2 -2 -2 -2 -2 -2 -2 -2 -2 -2 -2 -2 -2 -2 -2 -2 -2 -2 -2 -2 -2 -2 -2 -2 -2 -2 -2 -2 -2 -2 -2 -2 -2 -2 -2 2.9 5.1 7.6 11.6 19.7 25.1 29.1 31.6 33.6 35.9 38.5 39.7 41.4 41.7 49 45.1 35 24.6 16.3 15.3 14.7 13.5 13 13.1 13.2 13.3 13.4 13.5 13.5 13.5 14.8 17.1 19.4 23.1 28.3 33.4 44.8 53.5 60.4 66.6 71.5 76.4 78.8 77.6 75.3 73.7 73.7 75.6 75.6 78.9 81.9 88.1 94.6 102.2 109.8 118.3 123
-2 -2 -2 -2 -2 -2 -2 -2 -2 -2 -2 -2 -2 -2 -2 -2 -2 -2 -2 -2 -2 -2 -2 -2 -2 -2 -2 -2 -2 -2 -2 -2 -2 -2 -2 -2 -2 -2 -2 -2 4.5 7.3 11.1 17.5 23.3 27.4 30.8 32.3 34.9 37.6 40.4 41.3 42.3 45.3 44.1 43.1 34.7 26.1 17.1 14.8 13.7 13.1 13.1 13.2 13.3 13.4 13.6 13.8 13.7 14.4 16.4 19.5 25.9 31.7 37.9 44.6 52.3 58 64.1 67.9 70.7 72.1 71.5 69.8 69.4 69.5 71.3 72.3 76.7 83.3 91.1 97.4 105.8 117.6 126.5 132.4
-2 -2 -2 -2 -2 -2 -2 -2 -2 -2 -2 -2 -2 -2 -2 -2 -2 -2 -2 -2 -2 -2 -2 -2 -2 -2 -2 -2 -2 -2 -2 -2 -2 -2 -2 -2 -2 -2 -2 -2 3.4 6.7 10.4 14.4 21.7 25.8 28.6 31.2 34.1 37 39.9 41 42.8 44.4 45.3 47.1 40.4 32.3 24 16.1 14.3 13.2 13.1 13.2 13.4 13.6 13.8 14 14.3 14.5 16.5 19.6 25 31.9 39.4 43.6 50.3 54.5 61 64 66.5 66.4 66.5 65.2 65.2 65.6 66.6 71.5 77.1 83.8 91 99.3 109.9 122.2 136.3 143.5
-2 -2 -2 -2 -2 -2 -2 -2 -2 -2 -2 -2 -2 -2 -2 -2 -2 -2 -2 -2 -2 -2 -2 -2 -2 -2 -2 -2 -2 -2 -2 -2 -2 -2 -2 -2 -2 -2 -2 -2 -2 5.2 7.8 11.1 19.8 23.8 27.6 30.4 33.3 36.4 38.8 40.7 42.5 45.1 45.8 48.2 47 38.6 29.9 21.8 15.2 14.1 13.8 13.4 13.7 13.9 14.1 14.3 14.6 14.8 16.5 20.1 25 31.2 38.9 45.8 47.3 52.8 57.6 62 62.9 62.7 61.8 61.3 62.6 64.1 66 71.4 77 83.3 90.9 98.5 112.1 128.8 144.6 151.9
-2 -2 -2 -2 -2 -2 -2 -2 -2 -2 -2 -2 -2 -2 -2 -2 -2 -2 -2 -2 -2 -2 -2 -2 -2 -2 -2 -2 -2 -2 -2 -2 -2 -2 -2 -2 -2 -2 -2 -2 -2 3.1 8.3 10 17.7 22.3 26.1 30 32.8 35.5 37.5 39.3 41.4 43.8 45.7 48.1 50.9 45.3 36.9 29.7 19.8 15.1 14.8 13.9 14.1 14.3 14.6 14.8 15 15.2 16.1 21.1 25.9 30.6 38.5 46.4 50.2 54.6 58.1 57.4 58.9 59.5 60.5 61.6 62.3 63.6 65.3 69.9 76.5 83.6 89.2 97 111 128.7 148.6 158.5
-2 -2 -2 -2 -2 -2 -2 -2 -2 -2 -2 -2 -2 -2 -2 -2 -2 -2 -2 -2 -2 -2 -2 -2 -2 -2 -2 -2 -2 -2 -2 -2 -2 -2 -2 -2 -2 -2 -2 -2 -2 -2 6.6 9.1 15.3 21.2 25.5 29.2 30.8 35 39.5 38.4 40.1 41.9 45.6 48.9 50.5 50.4 40.3 34.7 25 15.9 14.8 14.4 14.6 14.8 15 15.1 15.3 15.5 15.6 19.3 23.9 29 35.7 42.3 49 52.4 57.8 59.4 60.2 59.6 60.1 60.5 60.9 62.4 64.3 68.2 75 82.5 87.9 96.9 107.5 122.5 140.9 160.5
-2 -2 -2 -2 -2 -2 -2 -2 -2 -2 -2 -2 -2 -2 -2 -2 -2 -2 -2 -2 -2 -2 -2 -2 -2 -2 -2 -2 -2 -2 -2 -2 -2 -2 -2 -2 -2 -2 -2 -2 -2 -2 4.4 7.1 12.5 19.6 23 26.7 29.7 34.4 42.7 39.1 39.8 42.1 45.8 49.2 50.7 53.3 44.9 38.4 30.9 21.6 15 14.9 15.1 15.1 15.2 15.4 15.5 15.6 15.7 18 21.9 27.4 32.9 39.4 45.8 50.4 56.2 61 62.3 62.6 60.7 60.2 59.9 61.7 63.6 65.9 72.7 80 88.2 96.7 105.2 114.8 133.5 154
-2 -2 -2 -2 -2 -2 -2 -2 -2 -2 -2 -2 -2 -2 -2 -2 -2 -2 -2 -2 -2 -2 -2 -2 -2 -2 -2 -2 -2 -2 -2 -2 -2 -2 -2 -2 -2 -2 -2 -2 -2 -2 3.9 6.4 11.1 16.8 21.1 25.2 28.4 32.7 37.9 39.9 39.3 42.1 46 48.6 49.8 51 48.1 44.1 37.3 26.1 17.5 15.1 15.2 15.3 15.4 15.5 15.6 15.6 15.7 17.2 20.2 23.8 30 36.7 42.4 49.6 57.2 62.3 65.5 65.7 62.1 60.7 60.3 61.2 63 64.9 70.7 78.6 87.2 94.6 101.1 110.4 129.2 149.5
-2 -2 -2 -2 -2 -2 -2 -2 -2 -2 -2 -2 -2 -2 -2 -2 -2 -2 -2 -2 -2 -2 -2 -2 -2 -2 -2 -2 -2 -2 -2 -2 -2 -2 -2 -2 -2 -2 -2 -2 -2 -2 -2 4 10.1 14.5 19.6 23.6 26.6 30 33.8 36.6 39.9 41 44.7 46.9 49.1 49.8 49.1 48.6 43.9 31 20.9 15.1 15.2 15.3 15.4 15.4 15.4 15.5 15.7 16.4 18.2 21.5 28 33.8 40.9 48.2 56.4 62.8 66.5 68.9 66.9 61.3 60.7 60.8 62.7 64.5 68.9 76.2 85.3 91.7 97.9 105.7 125.2 145.8
-2 -2 -2 -2 -2 -2 -2 -2 -2 -2 -2 -2 -2 -2 -2 -2 -2 -2 -2 -2 -2 -2 -2 -2 -2 -2 -2 -2 -2 -2 -2 -2 -2 -2 -2 -2 -2 -2 -2 -2 -2 -2 -2 1.8 8.8 12.7 16.9 21.4 25.2 30.4 31.1 34.2 36.9 40.1 42.5 44.6 46.8 48.3 49.3 50.7 48 35.9 23.9 16.9 15.1 15.2 15.2 15.2 15.3 15.4 15.7 16.1 18 21 27.2 32.7 38 47 54.7 64.9 68.5 71 70.5 64.8 61.1 60.4 62.3 64.3 68.2 75.7 82.5 88 93.6 102.3 123.2 143.3
-2 -2 -2 -2 -2 -2 -2 -2 -2 -2 -2 -2 -2 -2 -2 -2 -2 -2 -2 -2 -2 -2 -2 -2 -2 -2 -2 -2 -2 -2 -2 -2 -2 -2 -2 -2 -2 -2 -2 -2 -2 -2 -2 -2 4.3 11.4 16 19.5 24 29.5 30.4 31 34.4 39.3 40.3 42.2 44.4 47.1 49.7 51 51.8 39.8 25.9 19.1 15 15 15 15.1 15.2 15.4 16.2 16.6 18 21 26.4 31.8 36.4 45.4 53.9 63.4 70.4 70.9 70.8 67 61.6 61 62.4 64.1 68.1 74.4 81.1 85.1 93.7 103.5 116.9 137.5
-2 -2 -2 -2 -2 -2 -2 -2 -2 -2 -2 -2 -2 -2 -2 -2 -2 -2 -2 -2 -2 -2 -2 -2 -2 -2 -2 -2 -2 -2 -2 -2 -2 -2 -2 -2 -2 -2 -2 -2 -2 -2 -2 -2 2.6 10.2 14.5 18.9 23.7 26.3 28.8 29.3 31.9 36 39.8 39.8 43.1 47.2 49.9 50.4 51.9 43.1 27.4 22.4 18.4 15.4 14.8 15 15.3 15.7 16.5 17.3 18.2 21.2 25.5 30.8 36.2 44.5 54.3 62.3 69 72.3 73.6 69.8 64.9 61.7 62.2 63.8 67.6 73.6 80.5 86 92.2 103.8 113.2 130.3
-2 -2 -2 -2 -2 -2 -2 -2 -2 -2 -2 -2 -2 -2 -2 -2 -2 -2 -2 -2 -2 -2 -2 -2 -2 -2 -2 -2 -2 -2 -2 -2 -2 -2 -2 -2 -2 -2 -2 -2 -2 -2 -2 -2 1 4.8 9.6 16.1 20.7 23.7 26.6 29.3 31.9 35 37.8 40.3 42.8 46.3 48.8 50.1 51 42 30.2 24.3 20.3 16.8 15.7 15.8 16.1 16.4 17 17.4 18.7 21.9 26.4 32.1 37.6 45.3 54 63.1 70.9 76.2 79.2 75.5 69.2 61.9 61.8 63.5 66.5 71.4 78.5 85.5 91.4 99.8 109.6 122.8
-2 -2 -2 -2 -2 -2 -2 -2 -2 -2 -2 -2 -2 -2 -2 -2 -2 -2 -2 -2 -2 -2 -2 -2 -2 -2 -2 -2 -2 -2 -2 -2 -2 -2 -2 -2 -2 -2 -2 -2 -2 -2 -2 -2 -2 2.7 10.2 16.1 20.3 21.6 25.3 28.8 31 33.6 35.6 39.2 42 44.5 46.9 49.5 48.7 42.3 34.1 26 21.1 18.3 16.6 16.3 18.6 19.1 18.3 18.1 18.5 20.7 26.3 32.1 38.3 45.2 54.6 64.4 72.9 79.6 83 80.4 71.4 62.3 61.9 63 64.7 70.4 76.4 83.6 90.6 96.9 106.5 116
