data/130000-820000.asc
ncols 200
nrows 200
xllcorner 130000
yllcorner 820000
cellsize 50
[rows 148 to 184 of 200, columns 83 to 165 of 200]
-1.8 -1.8 -1.8 -1.8 -1.8 -1.8 -1.8 -1.8 -1.8 -1.8 -1.8 -1.8 -1.8 -1.8 -1.8 -1.8 -1.8 -1.8 -1.8 -1.8 -1.8 -1.8 -1.8 38 46.5 49.9 51.5 52.4 53.4 56.5 55.7 53.5 55.9 60.1 64.9 69.5 71 69.2 69.9 72.4 78.6 80.9 86.6 89.5 85.1 93.2 97.4 100 112.2 118 126.7 140.5 155.3 176.5 190.1 191.2 193 198.4 202.8 208 214.4 225.2 236.2 251.6 258.8 263.8 271.2 278.5 288.9 308.4 318.8 324.7 331.4 341.3 350.6 359.8 366.6 369.7 375.2 400.6 422.9 422.2 419.2
-1.8 -1.8 -1.8 -1.8 -1.8 -1.8 -1.8 -1.8 -1.8 -1.8 -1.8 -1.8 -1.8 -1.8 -1.8 -1.8 -1.8 -1.8 -1.8 -1.8 -1.8 -1.8 -1.8 41.3 45.7 48.5 49.7 51.3 53.3 55 55.5 54.8 56.2 60 67.2 71 71.3 70.4 72.4 78.3 85 90.3 90.8 90.1 93.7 101.5 108.8 110.9 117.4 122.4 133.1 146.4 169.7 185.9 195.5 198.9 199.4 202.9 205.6 212.2 219.4 232 248.2 262.8 269.6 276.4 280.1 286.1 295.2 313.4 330.1 334.2 344.5 354.5 359.1 366.8 375 379.8 390.3 411 431.8 427.1 422.2
-1.8 -1.8 -1.8 -1.8 -1.8 -1.8 -1.8 -1.8 -1.8 -1.8 -1.8 -1.8 -1.8 -1.8 -1.8 -1.8 -1.8 -1.8 -1.8 -1.8 -1.8 -1.8 -1.8 41.1 43.9 46.9 48.5 51.5 52.5 54.1 55.2 56.2 56.9 59 66 69.5 71.8 74.8 76.4 85.7 90.5 95.2 94.3 93.1 98.3 107.2 119 127.6 126.7 136.6 143.2 159.4 176.1 190 201.2 203.9 204.1 207 210.7 217.2 227.8 239.6 259.9 269.5 277.5 283.8 288.2 291.7 299.8 314.1 325.8 337 351.1 360.9 367.6 373.1 381.3 390.3 404.5 420.9 431.8 431 424.6
-1.8 -1.8 -1.8 -1.8 -1.8 -1.8 -1.8 -1.8 -1.8 -1.8 -1.8 -1.8 -1.8 -1.8 -1.8 -1.8 -1.8 -1.8 -1.8 -1.8 -1.8 -1.8 -1.8 -1.8 43 45.7 48.6 51.3 52.7 55.1 55.8 55.8 56.8 58.5 66.6 72 76.1 77.7 80.1 84.7 90.7 95.6 97.4 97.7 108.2 118.2 132.4 139.6 140.5 142.6 151.3 164 179.5 191.6 201.5 205.8 208.1 211.4 215.2 223.4 233.3 246.6 264.5 276 282.3 288.4 293.7 298.2 305.6 318.6 329.4 337.9 351.9 365 373.1 378.8 384.6 393.3 409 423.9 429.8 428.7 416.2
-1.8 -1.8 -1.8 -1.8 -1.8 -1.8 -1.8 -1.8 -1.8 -1.8 -1.8 -1.8 -1.8 -1.8 -1.8 -1.8 -1.8 -1.8 -1.8 -1.8 -1.8 -1.8 -1.8 -1.8 42.5 46.3 48.9 50.9 52.9 55.9 54.8 55.9 57.7 59.4 68 74.4 79.7 80.8 84.4 88.4 92.7 96.4 105.2 111.6 119.5 128.7 139.2 148.7 152.8 156.1 160.1 163.2 179.6 190.7 200.3 205.2 209.2 213.3 219 227.7 240.6 254.1 266.8 281.7 285.5 291.4 296.8 301.5 311.6 320.5 329.5 340 352.8 367.1 374.7 380.4 384.1 400.7 419.3 425.6 427.3 416.6 399.6
-1.8 -1.8 -1.8 -1.8 -1.8 -1.8 -1.8 -1.8 -1.8 -1.8 -1.8 -1.8 -1.8 -1.8 -1.8 -1.8 -1.8 -1.8 -1.8 -1.8 -1.8 -1.8 -1.8 -1.8 -1.8 46.3 48.6 51.1 51.9 53.5 54.4 56.7 60.1 65.8 74 78.7 82.1 86.3 90.1 90.6 94.5 103 120.5 126.9 128 133.8 143.5 156.5 162.2 164.7 170.4 169.5 175.1 189.1 196.9 202.6 208.8 217 222.6 229.2 242.7 257 271.6 281.5 286.7 291.5 298.2 307.4 320.4 325 332.6 342 350.7 363.5 370.4 375.1 391.2 410.5 422.5 426.2 413.8 401.6 392.3
-1.8 -1.8 -1.8 -1.8 -1.8 -1.8 -1.8 -1.8 -1.8 -1.8 -1.8 -1.8 -1.8 -1.8 -1.8 -1.8 -1.8 -1.8 -1.8 -1.8 -1.8 -1.8 -1.8 -1.8 -1.8 49.7 51.1 52.6 54.7 56.6 57.1 58.4 62.3 68.5 73.3 78.2 83.2 88.6 90.8 93 98.1 116.1 133.2 139.4 142.5 143.1 154.6 161.6 165.6 169 172.4 173.1 177.4 186.8 194.7 203.1 211.8 220.5 225.7 231.9 240.1 253.4 271.1 281.7 286.3 290.2 296.3 306.3 320.2 327.4 334.7 342.5 351 358.7 361.9 373.7 390.4 405.2 419 412.1 399 391.3 387.4
-1.8 -1.8 -1.8 -1.8 -1.8 -1.8 -1.8 -1.8 -1.8 -1.8 -1.8 -1.8 -1.8 -1.8 -1.8 -1.8 -1.8 -1.8 -1.8 -1.8 -1.8 -1.8 -1.8 -1.8 20.7 43.2 54.7 58 59.8 61.9 61.7 63.8 64.4 69.9 72.3 75.6 84.1 88.3 92.1 99.4 113.3 124.5 140.4 153.2 155.8 155.1 157 165.5 170.2 173.1 178.1 181.1 183.5 187.1 194.6 203.5 212.2 219 225 231.3 239.9 248.1 261.7 274.9 282.4 289.1 295.7 305.4 318.5 328 334.4 341.3 347 351.7 355.2 376.4 387.7 398.7 404.7 398.5 387.2 380.7 375.9
-1.8 -1.8 -1.8 -1.8 -1.8 -1.8 -1.8 -1.8 -1.8 -1.8 -1.8 -1.8 -1.8 -1.8 -1.8 -1.8 -1.8 -1.8 -1.8 -1.8 -1.8 -1.8 -1.8 -1.8 48.4 40.5 63.6 66.3 66.1 70 72.9 74.4 70.3 79.9 90 92.4 91.3 92.5 97.8 114.4 123 131.1 144.9 155.1 163.5 161.3 161.8 167.3 176 180.2 182.7 187.1 191.5 195.5 199.9 210.7 211.3 216.7 225.2 230.8 239.8 245.1 252.7 270.4 280.1 289.3 296.6 305.7 320.6 327.8 333.4 338.4 342.2 343.6 360 376.1 385.9 390.6 394.5 391.2 381.2 372.6 368.3
-1.8 -1.8 -1.8 -1.8 -1.8 -1.8 -1.8 -1.8 -1.8 -1.8 -1.8 -1.8 -1.8 -1.8 -1.8 -1.8 -1.8 -1.8 -1.8 -1.8 -1.8 -1.8 -1.8 -1.8 53.7 67.7 78 81.6 80.8 91.4 94.3 89.8 79.5 93.5 100.9 103.2 104.7 98.6 98.6 115 117.9 130.2 137.3 146.6 154.8 160.7 164.2 169.1 175.9 184.6 190.9 192.2 197.5 204 209.9 210.8 214.1 218.4 225 231.8 237.5 243.4 250 261.5 273.9 285.6 296 306.3 319.6 325.3 327.2 331.7 333.7 340.1 359.9 377 383.7 385.5 386.5 381.4 373.4 362.7 354
-1.8 -1.8 -1.8 -1.8 -1.8 -1.8 -1.8 -1.8 -1.8 -1.8 -1.8 -1.8 -1.8 -1.8 -1.8 -1.8 -1.8 -1.8 -1.8 -1.8 -1.8 -1.8 -1.8 -1.8 3.6 55.8 79.6 90.4 95.5 106.3 113.1 104.5 96.8 106.9 111.4 113 111.4 107.7 110.7 121.3 129.7 136.5 142.3 148 152.6 158.8 166.1 174 184.8 194.2 201 199.3 203.2 208.2 211.6 213.6 217.2 221.3 225.8 229.2 235.8 239.9 248.5 256.5 267.4 277.4 289.5 305.7 315.7 320.4 321 323.5 323.8 339.9 355.5 362.3 370.9 370.7 370 366.7 360.2 352.1 345.5
-1.8 -1.8 -1.8 -1.8 -1.8 -1.8 -1.8 -1.8 -1.8 -1.8 -1.8 -1.8 -1.8 -1.8 -1.8 -1.8 -1.8 -1.8 -1.8 -1.8 -1.8 -1.8 -1.8 -1.8 -1.8 32.5 81.7 93.6 103.7 107.8 112.7 109.5 109.5 111.7 116.2 118.5 120.3 118.6 120.4 130.6 140.8 141.8 147.4 154.3 164.1 169.4 176.4 184.8 194.6 211.4 215 208.3 208.1 211.8 219.2 219.6 222.3 227.2 231.1 233.9 240.6 249.9 254.5 260.3 265.3 272.1 282.8 299.9 311 314.3 314.7 314.1 320 337.8 349.8 352.8 355.4 358 356.2 352.4 350.2 345.8 340.1
-1.8 -1.8 -1.8 -1.8 -1.8 -1.8 -1.8 -1.8 -1.8 -1.8 -1.8 -1.8 -1.8 -1.8 -1.8 -1.8 -1.8 -1.8 -1.8 -1.8 -1.8 -1.8 -1.8 -1.8 -1.8 21.2 84.1 96.6 110.1 109.1 111.1 116.7 116 116 122.5 124.8 126.2 127.7 131 134.9 143 146.1 150.5 156.7 170.4 174.1 181.2 190.7 198.1 207.9 216.7 211.5 211.8 214.9 220 227.8 230.2 233.4 236.3 241.5 247.1 258.9 260.3 263.2 268.4 273.9 280.1 290.8 298.2 304.2 307.2 308.6 315.5 328 343.2 347.2 348.9 349.8 349.3 345.7 342.9 339.1 335.3
-1.8 -1.8 -1.8 -1.8 -1.8 -1.8 -1.8 -1.8 -1.8 -1.8 -1.8 -1.8 -1.8 -1.8 -1.8 -1.8 -1.8 -1.8 -1.8 -1.8 -1.8 -1.8 -1.8 -1.8 -1.8 -1.8 97.1 108.4 111.2 110.8 115.8 122.2 124.5 123.9 126.3 130.8 134.6 137.1 140.9 143.3 145.5 148 151.7 156.6 167.7 178 183.5 188.7 196.7 203.4 210.3 215.4 215.1 217.9 225.3 230.4 234.2 239.3 241.6 246.8 253.5 262.7 263.1 265.7 269.5 274.9 281.4 285.6 291.4 294.9 299.1 305.2 311.4 314.7 328.6 338.5 341.1 340.5 340.5 338.8 335.9 332.5 329.8
-1.8 -1.8 -1.8 -1.8 -1.8 -1.8 -1.8 -1.8 -1.8 -1.8 -1.8 -1.8 -1.8 -1.8 -1.8 -1.8 -1.8 -1.8 -1.8 -1.8 -1.8 -1.8 -1.8 -1.8 -1.8 -1.8 92.6 113 115.1 113.7 118.1 124 130.1 126.1 128.6 137 140.9 144.3 150.1 154.9 153.2 152.8 155.5 159.5 167.1 178.6 181 189.6 197.6 203.7 211.2 220.1 219.9 220.1 226.4 232.1 236 240.7 244.4 248.5 252.9 259.3 261.5 265 269.6 274.6 280.7 283.7 284.5 288.6 297 304.9 310.6 313.7 316 319.9 322.8 324.1 325.6 327.6 328.6 325 325.1
-1.8 -1.8 -1.8 -1.8 -1.8 -1.8 -1.8 -1.8 -1.8 -1.8 -1.8 -1.8 -1.8 -1.8 -1.8 -1.8 -1.8 -1.8 -1.8 -1.8 -1.8 -1.8 -1.8 -1.8 -1.8 -1.8 -1.8 98.7 108.2 118.7 123.7 128.1 130.9 131.7 132 139.6 142 148 156.5 167.7 160.8 160.7 160 160.9 165.1 173.5 180.7 188.1 195.4 202.4 210.7 217.6 221.5 221.5 228.3 235.1 239.9 241.3 244.6 246.7 250.9 254.4 259.5 261 268.2 272.6 276.9 277 278.9 287 296 303.7 306.9 310.1 312.7 313.4 314.8 314.5 314.8 316.9 319.7 319.4 320.4
-1.8 -1.8 -1.8 -1.8 -1.8 -1.8 -1.8 -1.8 -1.8 -1.8 -1.8 -1.8 -1.8 -1.8 -1.8 -1.8 -1.8 -1.8 -1.8 -1.8 -1.8 -1.8 -1.8 -1.8 -1.8 -1.8 -1.8 -1.8 11 63.5 105.1 135 139.2 137.6 135.9 138.7 143 150.1 158.8 164.3 166.1 167.2 167.4 166.1 167.3 170.1 180.8 187.3 195.6 204.2 209.3 215.6 222.4 223.2 226.1 234 244.7 244.7 243 244.8 245.8 247.2 250.1 255.2 261.2 264.2 264.9 262.1 274.1 285.1 294.2 301 304.1 306 308.8 309.2 310.1 310.5 311.2 313.7 316.1 317.1 317.9
-1.8 -1.8 -1.8 -1.8 -1.8 -1.8 -1.8 -1.8 -1.8 -1.8 -1.8 -1.8 -1.8 -1.8 -1.8 -1.8 -1.8 -1.8 -1.8 -1.8 -1.8 -1.8 -1.8 -1.8 -1.8 -1.8 -1.8 -1.8 2.4 33.7 90.8 146.6 149.1 147.2 143.4 141.3 145.7 152.9 162.1 166.9 170.8 172.7 172.1 170.6 172.1 175.4 180.4 187.2 193.9 202.8 207.4 213.3 219.4 222.5 224.7 231.7 240.6 245 241.3 241 239.7 242.1 245.8 250.1 255.7 253.8 254.2 257.8 262.2 282.2 290.9 297.1 301.3 302.6 304.7 307.5 305.3 305.8 306.8 310.5 312.3 313.9 315.8
-1.8 -1.8 -1.8 -1.8 -1.8 -1.8 -1.8 -1.8 -1.8 -1.8 -1.8 -1.8 -1.8 -1.8 -1.8 -1.8 -1.8 -1.8 -1.8 -1.8 -1.8 -1.8 -1.8 -1.8 -1.8 -1.8 -1.8 -1.8 1.8 28.5 89.3 149.4 161 155.5 152.3 150.6 149.8 154.9 160.7 166.6 173.1 174.7 174.2 174.2 176 180 183 187.8 196.5 202.6 206.5 211.2 216.3 219.5 223.1 229.6 234.5 239 239 236.5 234.3 237 241.2 242.4 244.2 246.4 249.2 255 262.7 278.1 286.8 292.2 296.9 298.1 299.2 300.9 300.2 301.1 302.2 306 307.9 310.6 314.2
-1.8 -1.8 -1.8 -1.8 -1.8 -1.8 -1.8 -1.8 -1.8 -1.8 -1.8 -1.8 -1.8 -1.8 -1.8 -1.8 -1.8 -1.8 -1.8 -1.8 -1.8 -1.8 -1.8 -1.8 -1.8 -1.8 -1.8 -1.8 0.6 11.5 94.1 160.2 169.3 164.5 161.9 161.1 157.1 159 160.5 165.3 169.6 173.6 176.7 178.7 178.7 180.8 184.5 190 199.3 201.7 206.1 209.6 212.9 216.3 220.8 226.4 231.3 233.5 234.6 231 227.8 229.2 230.1 233.8 236.2 242 247.8 255.4 264.1 275.1 282.4 288.2 293.2 295 295.9 296.7 296.6 298.3 298.5 300.8 302.6 305.8 313.5
-1.8 -1.8 -1.8 -1.8 -1.8 -1.8 -1.8 -1.8 -1.8 -1.8 -1.8 -1.8 -1.8 -1.8 -1.8 -1.8 -1.8 -1.8 -1.8 -1.8 -1.8 -1.8 -1.8 -1.8 -1.8 -1.8 -1.8 -1.8 -1.8 49.7 163.4 173.1 174.5 169.7 168.3 168.7 164.3 159.5 161.3 164.3 168.2 175 180.1 180.3 180.3 182 186 189.9 199.8 203.9 208.3 209.1 209.9 213.9 218.3 223.1 227.4 227.8 230 225.3 221.9 222.2 221.5 229.5 233.9 241.5 252.9 260.7 266.4 272.3 278.5 283.8 289.3 291.7 292.6 292.8 293 294.3 295.9 298.5 299.1 300.4 306
-1.8 -1.8 -1.8 -1.8 -1.8 -1.8 -1.8 -1.8 -1.8 -1.8 -1.8 -1.8 -1.8 -1.8 -1.8 -1.8 -1.8 -1.8 -1.8 -1.8 -1.8 -1.8 -1.8 -1.8 -1.8 -1.8 -1.8 -1.8 -1.8 66.7 144.5 174.5 177.4 172.5 173.2 172.6 169.1 167.1 164.3 167 169.1 176 182.9 182.9 181.8 182.9 186.7 188.6 193.9 204.7 210.5 210 211.9 212 214.3 218.3 221.1 220.8 220.5 217.7 215.2 212.5 216.3 224.9 233.5 239.1 251.2 258.4 265.5 270.3 273.6 278.5 282.8 285.8 288 290.7 288.8 290 292.5 294.1 295.1 298.4 303.6
-1.8 -1.8 -1.8 -1.8 -1.8 -1.8 -1.8 -1.8 -1.8 -1.8 -1.8 -1.8 -1.8 -1.8 -1.8 -1.8 -1.8 -1.8 -1.8 -1.8 -1.8 -1.8 -1.8 -1.8 -1.8 -1.8 -1.8 -1.8 -1.8 -1.8 73 126.9 163.9 177.5 178.2 177.8 174.1 172.1 169.7 169.7 171.3 177.1 186.4 185.8 184 184.7 190.4 188.5 189.8 201.4 210.6 214.2 214.8 209.9 208.8 211.3 212.5 214 213.1 210.5 210.1 207.7 209.9 217.7 226.1 236 243.6 252.7 260 264.1 268 272.6 277.3 279.5 282.4 281.5 282.9 289.2 290.8 289.9 291 295.4 301.4
-1.8 -1.8 -1.8 -1.8 -1.8 -1.8 -1.8 -1.8 -1.8 -1.8 -1.8 -1.8 -1.8 -1.8 -1.8 -1.8 -1.8 -1.8 -1.8 -1.8 -1.8 -1.8 -1.8 -1.8 -1.8 -1.8 -1.8 -1.8 -1.8 -1.8 24.9 82.3 124.7 155.6 181.2 179.3 177.5 175.7 173.8 173.9 175 178.3 185.5 187.4 185.6 184.5 186.9 188.3 189.1 194.1 203.3 212.1 212.8 209.3 206.8 206 206 207.5 205.9 204.2 203.8 201.1 205.7 212.7 219.4 228.3 237.4 244.3 251.5 257.2 262 267.1 273 275.2 276.2 275.6 278.3 283 283.7 284.4 286.7 292.4 300
-1.8 -1.8 -1.8 -1.8 -1.8 -1.8 -1.8 -1.8 -1.8 -1.8 -1.8 -1.8 -1.8 -1.8 -1.8 -1.8 -1.8 -1.8 -1.8 -1.8 -1.8 -1.8 -1.8 -1.8 -1.8 -1.8 -1.8 -1.8 -1.8 -1.8 4.5 40.4 89.2 126 170.9 183 182.1 182.3 181 179.1 178.7 179 183.6 188.8 186.7 184.8 186.6 188.3 189.7 194.1 196.6 200.9 205.1 204.3 202.2 202.4 202 199.9 197.9 196.3 197.3 195.2 203.6 208.7 213.6 218.1 225 234.2 240.5 247.6 253.4 258.5 266.4 270.2 270.6 270.8 271.9 275.4 276.5 279.2 281.8 286.3 295.1
-1.8 -1.8 -1.8 -1.8 -1.8 -1.8 -1.8 -1.8 -1.8 -1.8 -1.8 -1.8 -1.8 -1.8 -1.8 -1.8 -1.8 -1.8 -1.8 -1.8 -1.8 -1.8 -1.8 -1.8 -1.8 -1.8 -1.8 -1.8 -1.8 -1.8 1.6 23.8 62.1 94.5 139.9 184.5 190.8 193.1 187.7 184.2 181.9 181.4 184.5 190.7 188.7 184.9 184.9 186.7 190.2 192.9 194.4 197.8 198.9 199.2 199 199.6 196.1 192.3 189.1 188 189.7 194.2 200.7 205.4 209.8 213.6 217.5 224.8 230.4 237.4 243.7 247.8 251.6 257.2 259.3 261 265.7 269.9 272.5 274.8 276.8 280.2 288.9
-1.8 -1.8 -1.8 -1.8 -1.8 -1.8 -1.8 -1.8 -1.8 -1.8 -1.8 -1.8 -1.8 -1.8 -1.8 -1.8 -1.8 -1.8 -1.8 -1.8 -1.8 -1.8 -1.8 -1.8 -1.8 -1.8 -1.8 -1.8 -1.8 -1.8 -1.8 2.2 21.8 61.6 113.2 151.4 191.8 198.5 195.7 188 187 186.4 186.3 190.5 188.3 184.3 181.8 183.3 188.7 191.4 192.8 194.6 195.3 195.9 195.4 193 188.9 185.2 182.8 184.7 189.8 195.3 201 204 206.7 210.7 215 219.1 223.3 227.9 234.8 238.4 241.8 246.9 249.4 251.9 258.2 262.9 267.6 269.5 271.2 272.3 277
-1.8 -1.8 -1.8 -1.8 -1.8 -1.8 -1.8 -1.8 -1.8 -1.8 -1.8 -1.8 -1.8 -1.8 -1.8 -1.8 -1.8 -1.8 -1.8 -1.8 -1.8 -1.8 -1.8 -1.8 -1.8 -1.8 -1.8 -1.8 -1.8 -1.8 -1.8 0.2 2.4 59.4 125.1 167 197.8 198.5 199.6 192.3 192 193.9 190.5 190.6 189.6 181.8 181.8 181.8 184.6 188.4 190 191.6 191.1 192 189.9 185 179.9 179.5 182.1 190.5 195.5 200 206.1 211.6 213.1 214.1 216.9 219.8 220.9 226.1 231.2 233.5 236.1 239.1 243.4 249.5 252.5 255.1 259.1 261.9 264.6 265.3 269.1
-1.8 -1.8 -1.8 -1.8 -1.8 -1.8 -1.8 -1.8 -1.8 -1.8 -1.8 -1.8 -1.8 -1.8 -1.8 -1.8 -1.8 -1.8 -1.8 -1.8 -1.8 -1.8 -1.8 -1.8 -1.8 -1.8 -1.8 -1.8 -1.8 -1.8 -1.8 -1.8 0.9 26.9 109.4 174.3 200.6 201.3 203.9 200.4 198.1 200.5 195.6 190.9 191.6 184.1 181.8 181.8 182.9 183.5 183.7 187.8 187.4 185.6 183 178.9 176.6 179.9 185 194 203.4 213.2 218.2 220.3 220.2 220 220.3 222.6 224.5 227 228.3 231.3 234.2 239.1 240.7 245.8 248.5 250.7 252.2 254.4 258.6 261.3 266
-1.8 -1.8 -1.8 -1.8 -1.8 -1.8 -1.8 -1.8 -1.8 -1.8 -1.8 -1.8 -1.8 -1.8 -1.8 -1.8 -1.8 -1.8 -1.8 -1.8 -1.8 -1.8 -1.8 -1.8 -1.8 -1.8 -1.8 -1.8 -1.8 -1.8 -1.8 -1.8 -1.8 1.6 42.7 105.4 166 196 207 208.6 204.9 201.5 195.8 192.5 193.1 188.2 182.3 181.8 182.7 180 179.7 182.2 180.6 177.7 172.1 173.3 179 182.8 188.4 198.9 209.1 222 227.1 228.3 228.5 226.9 227.6 228.9 229.5 230.2 230.9 232 233.4 236.2 238.9 242.1 244.3 246.4 248.1 248.7 252.5 258.1 263.1
-1.8 -1.8 -1.8 -1.8 -1.8 -1.8 -1.8 -1.8 -1.8 -1.8 -1.8 -1.8 -1.8 -1.8 -1.8 -1.8 -1.8 -1.8 -1.8 -1.8 -1.8 -1.8 -1.8 -1.8 -1.8 -1.8 -1.8 -1.8 -1.8 -1.8 -1.8 -1.8 -1.8 -1.8 1.3 47.8 123.7 160.7 200.8 209.8 208.7 203.7 198.5 194.8 194.4 191.1 186.4 185.7 183.7 186.8 180.1 174.8 173.7 170.1 170.1 174.3 181.9 186.4 194.9 208.1 219.6 226.4 232 234.4 234.2 233.9 235.6 234.5 234.9 235.4 236.1 237.5 238 238.7 239.8 241 242.8 244.8 246.7 248.7 251.3 256.7 260.9
-1.8 -1.8 -1.8 -1.8 -1.8 -1.8 -1.8 -1.8 -1.8 -1.8 -1.8 -1.8 -1.8 -1.8 -1.8 -1.8 -1.8 -1.8 -1.8 -1.8 -1.8 -1.8 -1.8 -1.8 -1.8 -1.8 -1.8 -1.8 -1.8 -1.8 -1.8 -1.8 -1.8 -1.8 -1.8 11.9 76.8 130.2 201.1 210.6 209.1 206.4 202.5 199.4 196.3 191.8 189.5 189.1 189.4 186.1 177.1 171 161.6 169.4 174.3 180.5 186.7 195.6 202.6 214.9 224 229.8 234.1 236.6 238.5 239.3 241.1 240.3 240.6 240.8 241.2 241.2 241.5 242.5 241.4 240.9 242.2 245 247.2 249.2 251.3 255.5 260
-1.8 -1.8 -1.8 -1.8 -1.8 -1.8 -1.8 -1.8 -1.8 -1.8 -1.8 -1.8 -1.8 -1.8 -1.8 -1.8 -1.8 -1.8 -1.8 -1.8 -1.8 -1.8 -1.8 -1.8 -1.8 -1.8 -1.8 -1.8 -1.8 -1.8 -1.8 -1.8 -1.8 -1.8 -1.8 10.3 50.9 115.3 167.8 210.6 207.8 203 200.6 198.4 197.8 196.2 190.8 190.2 183.3 176.9 167.4 162.4 162 169.9 174.1 181.6 193 204.3 209.7 219.1 226.7 233.4 236.3 238.7 240.9 242.7 244 244.8 244.9 246.5 248.3 246.9 246.3 246.4 245.1 244.9 245.6 247 247.8 249.5 251.4 255.1 259.1
-1.8 -1.8 -1.8 -1.8 -1.8 -1.8 -1.8 -1.8 -1.8 -1.8 -1.8 -1.8 -1.8 -1.8 -1.8 -1.8 -1.8 -1.8 -1.8 -1.8 -1.8 -1.8 -1.8 -1.8 -1.8 -1.8 -1.8 -1.8 -1.8 -1.8 -1.8 -1.8 -1.8 -1.8 -1.8 3.7 34.2 69.1 122.8 185.8 209 201.3 202 198.6 196.4 196.7 190.9 185.1 177 164.4 157.6 149.9 159.9 167.2 173.5 179.6 194 209.6 215.7 222.8 229.4 234.8 238.7 241 243 245.1 246.6 247.9 249.2 250.6 251.7 251.9 251.6 250.2 248.6 248.7 248.9 249.1 249.2 249.4 251.4 255.3 258.5
-1.8 -1.8 -1.8 -1.8 -1.8 -1.8 -1.8 -1.8 -1.8 -1.8 -1.8 -1.8 -1.8 -1.8 -1.8 -1.8 -1.8 -1.8 -1.8 -1.8 -1.8 -1.8 -1.8 -1.8 -1.8 -1.8 -1.8 -1.8 -1.8 -1.8 -1.8 -1.8 -1.8 -1.8 -1.8 -1.8 7 24.8 76.1 153.7 201.6 199.8 202 198.8 195.7 189.6 183.8 178.7 168.3 155.5 149 147.3 155.2 162.9 172.3 177.5 188.7 205 216.8 223.2 229.2 234.8 239.4 241.9 244.6 246.9 248.6 249.8 251 252.2 255.1 257.2 255.7 252.3 251.1 250 249.7 249.1 249.4 250.4 253.9 256.9 258.6
-1.8 -1.8 -1.8 -1.8 -1.8 -1.8 -1.8 -1.8 -1.8 -1.8 -1.8 -1.8 -1.8 -1.8 -1.8 -1.8 -1.8 -1.8 -1.8 -1.8 -1.8 -1.8 -1.8 -1.8 -1.8 -1.8 -1.8 -1.8 -1.8 -1.8 -1.8 -1.8 -1.8 -1.8 -1.8 -1.8 -1.8 2 34.7 117.3 179.8 199.6 197.4 197.4 197.2 188.5 178.1 171.2 160.1 144.6 131.2 140.8 148.3 157.5 170.1 176 185.3 196.5 213.1 223.5 228.5 234.8 238.7 242.2 244.4 246.3 247.7 249.1 250.2 252 257 259.9 256.1 252.9 252.6 251.2 250.5 249.4 250.5 253.5 256.8 259.5 260.5
-1.8 -1.8 -1.8 -1.8 -1.8 -1.8 -1.8 -1.8 -1.8 -1.8 -1.8 -1.8 -1.8 -1.8 -1.8 -1.8 -1.8 -1.8 -1.8 -1.8 -1.8 -1.8 -1.8 -1.8 -1.8 -1.8 -1.8 -1.8 -1.8 -1.8 -1.8 -1.8 -1.8 -1.8 -1.8 -1.8 -1.8 -1.8 11.2 74.9 139.4 183.3 203 196.1 194.5 183.1 175.9 169.5 157.6 130.2 116.2 129.6 146.4 156.1 164.7 175.6 187 193.6 202.9 220.7 228.7 234.8 238.9 241 241.8 243.8 245.5 246.8 249.1 250.6 254.6 257.9 255.5 252.4 251.8 251.9 253.5 253.8 252.9 255.9 259.1 262.3 263.1
