data/130000-690000.asc
ncols 200
nrows 200
xllcorner 130000
yllcorner 690000
cellsize 50
[rows 74 to 110 of 200, columns 85 to 169 of 200]
-1.4 -1.4 -1.4 -1.4 -1.4 -1.4 -1.4 -1.4 -1.4 -1.4 -1.4 -1.4 -1.4 -1.4 -1.4 -1.4 -1.4 -1.4 -1.4 -1.4 -1.4 -1.4 -1.4 -1.4 -1.4 -1.4 -1.4 -1.4 -1.4 -1.4 -1.4 -1.4 -1.4 -1.4 -1.4 -1.4 -1.4 14.1 5.4 23.1 31.5 64.1 108 113.6 108 99.5 92.5 88.6 85 78.7 74.6 70.5 70 73.2 68.4 58.3 63.1 68.4 74.2 75.3 73.8 74 75.2 74.7 74.2 77.4 81.1 86.5 93.9 98.9 101.4 98.5 93.5 88.6 86.2 84.6 83.8 79.6 69.3 60.6 53.6 47.8 42.8 37.8 30.6
-1.4 -1.4 -1.4 -1.4 -1.4 -1.4 -1.4 -1.4 -1.4 -1.4 -1.4 -1.4 -1.4 -1.4 -1.4 -1.4 -1.4 -1.4 -1.4 -1.4 -1.4 -1.4 -1.4 -1.4 -1.4 -1.4 -1.4 -1.4 -1.4 -1.4 -1.4 -1.4 -1.4 -1.4 3.6 -1.4 7.8 23.8 38.4 30 48.4 96.6 107.8 107.2 103.5 98 90.2 86.2 83.4 77.2 70 64.7 62.9 59.2 57.3 64.2 65 65.5 69.5 69.7 68.8 70.1 70.9 72.4 71 72.7 76.8 83.9 90 95 98.2 94.8 89.7 85 81.9 77.9 76.7 72.9 64.5 60.3 55.8 48.9 43.1 40.3 34.7
-1.4 -1.4 -1.4 -1.4 -1.4 -1.4 -1.4 -1.4 -1.4 -1.4 -1.4 -1.4 -1.4 -1.4 -1.4 -1.4 -1.4 -1.4 -1.4 -1.4 -1.4 -1.4 -1.4 -1.4 -1.4 -1.4 -1.4 -1.4 -1.4 -1.4 -1.4 -1.4 -1.4 -1.4 13 7.6 35.7 41.6 44.3 40 64.7 95.3 104.6 104 97.8 92.8 85.6 81.9 77.8 71.9 64.3 59.9 56.8 56 64.5 65.4 63.5 62.5 63.1 63.6 64.2 65.7 68 66.2 64.1 66.6 74.5 80.2 84.6 89.8 92.1 89.6 85 82.2 80.1 76.2 70.9 68.8 61.9 61.5 54.6 47.2 42.3 38.5 32.4
-1.4 -1.4 -1.4 -1.4 -1.4 -1.4 -1.4 -1.4 -1.4 -1.4 -1.4 -1.4 -1.4 -1.4 -1.4 -1.4 -1.4 -1.4 -1.4 -1.4 -1.4 -1.4 -1.4 -1.4 -1.4 -1.4 -1.4 -1.4 -1.4 -1.4 -1.4 -1.4 -1.4 2.3 13.1 43 33.8 46.9 46.1 44.9 74.6 86.5 99 98.1 92.9 87.3 79.8 76.7 72.6 64.6 57.3 53 55 57.4 62.1 64.6 63.6 61.4 61.2 60.2 59.5 60.9 60.7 58.9 58.8 66.4 71.9 75.7 79.4 85.7 87.1 84 79.3 77.5 77.2 74.8 65.5 61.4 57.5 55.2 50.2 44.8 40.8 38.9 36
-1.4 -1.4 -1.4 -1.4 -1.4 -1.4 -1.4 -1.4 -1.4 -1.4 -1.4 -1.4 -1.4 -1.4 -1.4 -1.4 -1.4 -1.4 -1.4 -1.4 -1.4 -1.4 -1.4 -1.4 -1.4 -1.4 -1.4 -1.4 -1.4 -1.4 -1.4 -1.4 -1.4 -1.4 38 39.2 39.1 50.4 49.6 59.9 74.1 75.3 79.6 90 86.9 81.5 74.2 71.1 64.7 56.4 53.4 54.2 55.1 58.6 61.1 62.7 62.9 62.8 60.1 57.9 57.1 58.3 54.3 53.8 55.4 59 62.6 66.2 72.2 77.4 79.1 77.7 74 73.2 75.5 74 64.8 56 55.2 51.5 47.2 43.5 39.5 37.6 34.5
-1.4 -1.4 -1.4 -1.4 -1.4 -1.4 -1.4 -1.4 -1.4 -1.4 -1.4 -1.4 -1.4 -1.4 -1.4 -1.4 -1.4 -1.4 -1.4 -1.4 -1.4 -1.4 -1.4 -1.4 -1.4 -1.4 -1.4 -1.4 -1.4 -1.4 -1.4 -1.4 -1.4 -1.4 36.9 31.9 42.7 53.3 51.1 60.5 67.3 69 65.7 80.2 80.4 74.9 68.3 63.2 54.5 54 54.2 54.7 59.1 67 69.8 63.9 62.8 62.1 59.4 58.6 55.3 54 53.5 53.5 52.7 49.4 51.4 56 61.4 65.7 67.4 68.9 68.8 68.2 67.9 69 71 52.9 52.8 49.8 46.7 41.9 39 37 33.4
-1.4 -1.4 -1.4 -1.4 -1.4 -1.4 -1.4 -1.4 -1.4 -1.4 -1.4 -1.4 -1.4 -1.4 -1.4 -1.4 -1.4 -1.4 -1.4 -1.4 -1.4 -1.4 -1.4 -1.4 -1.4 -1.4 -1.4 -1.4 -1.4 -1.4 -1.4 -1.4 -1.4 34.5 33.7 30.4 40.5 48.8 49.3 56.4 65.4 61.4 59 53.2 70.5 67.2 60.4 54 55.5 56.6 56.5 62 69.9 74.5 69.7 65 60.8 60.6 58.9 56.9 53.5 53.9 54.5 54.8 51.8 46 43.7 47.8 50.3 53.7 55.4 58.2 62 62.2 61.1 60.9 62.1 54.1 51 51.1 46.4 40.7 38.6 36.4 33.9
-1.4 -1.4 -1.4 -1.4 -1.4 -1.4 -1.4 -1.4 -1.4 -1.4 -1.4 -1.4 -1.4 -1.4 -1.4 -1.4 -1.4 -1.4 -1.4 -1.4 -1.4 -1.4 -1.4 -1.4 -1.4 -1.4 -1.4 -1.4 -1.4 -1.4 -1.4 -1.4 24.1 37 27.7 32.8 41.3 42.9 46 53.8 66.1 60.9 52.2 50.2 58.2 57.7 53.5 54.2 57.4 58.8 62.8 65.9 74.3 78.6 70.1 65.7 61.5 57.8 56.1 53.5 54.6 55 54.3 52.6 49.3 43.5 41.9 41.3 41.6 43.4 43.1 43.2 47.6 48.7 50.7 50.4 48.5 46.9 49.8 47 44.6 39.6 36.7 34.7 33.9
-1.4 -1.4 -1.4 -1.4 -1.4 -1.4 -1.4 -1.4 -1.4 -1.4 -1.4 -1.4 -1.4 -1.4 -1.4 -1.4 -1.4 -1.4 -1.4 -1.4 -1.4 -1.4 -1.4 -1.4 -1.4 -1.4 -1.4 -1.4 -1.4 -1.4 -1.4 2.7 33.6 34.4 25.9 27.7 37.2 37.7 42.6 49.3 57.7 55.4 47.5 47.1 46.3 50.2 52.6 54.9 56.2 60.3 63.4 66 74.7 77.4 67.1 62.6 59.4 53.8 52 55.2 57.2 55.7 55 50.6 46.5 42.8 39.1 35.3 35.6 35.8 34.8 34.7 34.8 36.7 37.9 38 38.8 38.9 43.5 40.1 39.5 37.4 36.1 33.7 31.8
-1.4 -1.4 -1.4 -1.4 -1.4 -1.4 -1.4 -1.4 -1.4 -1.4 -1.4 -1.4 -1.4 -1.4 -1.4 -1.4 -1.4 -1.4 -1.4 -1.4 -1.4 -1.4 -1.4 -1.4 -1.4 -1.4 -1.4 -1.4 -1.4 -1.4 2.2 21.5 32 28.3 24.2 25.6 34.2 30.8 37.4 44.5 49.6 48.9 44.8 42.5 43.2 46.5 51.5 54.4 56.7 58.2 61 65 72 73.4 62.9 57.2 53.8 51.9 56.7 57 57 56.1 54 51.2 45.4 41.6 37.6 33.9 33.4 30.9 29.4 28.9 28.4 29.4 30.5 30.5 29.9 31.3 32.1 33 36.6 36.2 35.2 32.9 30.6
-1.4 -1.4 -1.4 -1.4 -1.4 -1.4 -1.4 -1.4 -1.4 -1.4 -1.4 -1.4 -1.4 -1.4 -1.4 -1.4 -1.4 -1.4 -1.4 -1.4 -1.4 -1.4 -1.4 -1.4 -1.4 -1.4 -1.4 -1.4 -1.4 -1.4 7.7 17.8 26.1 21 22.2 26.8 32.7 39.4 31.3 40.2 43.6 44.5 41.4 37.8 40.2 45.1 49.5 54 56.7 55.6 57.5 63.6 65.1 61.7 56.8 51.8 52.8 55.2 57.1 57.2 56 54.3 51.7 47.7 43.7 40.3 37.1 34.1 32.1 30 28.4 27.9 27.7 27.2 27 27.1 27.6 28.2 28.7 31.3 34.2 32.2 30.3 28.4 30.9
-1.4 -1.4 -1.4 -1.4 -1.4 -1.4 -1.4 -1.4 -1.4 -1.4 -1.4 -1.4 -1.4 -1.4 -1.4 -1.4 -1.4 -1.4 -1.4 -1.4 -1.4 -1.4 -1.4 -1.4 -1.4 -1.4 -1.4 -1.4 -1.4 2.6 8.7 14.9 21.3 18.5 19.8 27.2 24.3 25.9 28.5 34.3 36.9 38.4 37.2 36.3 41 43.7 47.4 51.3 54.8 53.2 51.5 55.1 53 50.6 48.4 53 54.2 54.9 56.5 56 54 51.3 47.9 45.2 42.8 39.5 35.2 31.5 30.2 29.1 27.5 27.1 26.9 26.8 26.7 26.8 27.2 27.7 28 28 27.3 26.4 25.6 23.9 23.9
-1.4 -1.4 -1.4 -1.4 -1.4 -1.4 -1.4 -1.4 -1.4 -1.4 -1.4 -1.4 -1.4 -1.4 -1.4 -1.4 -1.4 -1.4 -1.4 -1.4 -1.4 -1.4 -1.4 -1.4 -1.4 -1.4 -1.4 -1.4 -1.4 1.5 7.4 13.3 17 18.1 19 20.9 21.5 23.3 25.8 29.3 31.9 34.1 35.7 38.6 41.2 44.5 47.2 49.4 50.1 48.2 47.1 47.4 45 47.3 49.9 51.5 53 54.4 53.6 52.8 52.7 49.6 46 43 40.4 37.4 33.1 29.8 28.1 27.3 26.9 26.8 26.7 26.6 26.5 26.4 26.9 27.2 27.8 27.3 24.9 23.9 23.9 23.9 23.9
-1.4 -1.4 -1.4 -1.4 -1.4 -1.4 -1.4 -1.4 -1.4 -1.4 -1.4 -1.4 -1.4 -1.4 -1.4 -1.4 -1.4 -1.4 -1.4 -1.4 -1.4 -1.4 -1.4 -1.4 -1.4 -1.4 -1.4 -1.4 -1.4 2 5.2 13.3 16.9 16 17.2 18.7 19.8 21.7 23.8 27.2 30.5 35.2 39.1 39.8 42.9 44.2 46.2 46.4 46.7 45.4 44.2 43.5 44.3 47.5 48.8 50.5 53.4 54.3 53 51.9 50.4 48.6 44.8 40.9 37.1 34.7 31.2 28.7 27.7 27.5 27.1 26.6 26.5 26.3 26.2 26.1 26.5 27.6 28.5 26.9 25.2 23.9 23.9 23.9 23.9
-1.4 -1.4 -1.4 -1.4 -1.4 -1.4 -1.4 -1.4 -1.4 -1.4 -1.4 -1.4 -1.4 -1.4 -1.4 -1.4 -1.4 -1.4 -1.4 -1.4 -1.4 -1.4 -1.4 -1.4 -1.4 -1.4 -1.4 -1.4 1.8 2 4.6 12.8 13.4 13.6 15.5 17 18.4 20.4 22.4 27.6 32.7 38 38.9 40.7 44.8 45.2 43.7 43.6 43.4 42.1 42.7 44.2 44.8 46.6 48.6 50.5 53.1 54.3 52.5 51.3 50.1 47 43.5 39.7 35.9 32.2 30.1 29 28.6 27.8 27.3 26.8 26.3 26 25.7 25.4 24.3 24 24.7 24.3 23.9 23.9 23.9 23.9 23.9
-1.4 -1.4 -1.4 -1.4 -1.4 -1.4 -1.4 -1.4 -1.4 -1.4 -1.4 -1.4 -1.4 -1.4 -1.4 -1.4 -1.4 -1.4 -1.4 -1.4 -1.4 -1.4 -1.4 -1.4 -1.4 -1.4 -1.4 -1.4 1.6 2 7.7 7.7 9 11.1 13.8 15.4 17.3 19.6 25.9 27.9 37.3 39.2 39.2 40.7 43.9 44.1 42.4 40.8 40.3 41.3 42.9 42.7 43.3 44.9 47.1 49.3 52.1 52.6 50.5 48.3 46.8 44.4 41.5 38.4 34.6 32.1 30.5 29.5 28.9 27.9 27.2 26.7 26.1 25.4 24.7 24.3 23.9 23.9 23.9 23.9 23.9 23.9 23.9 23.9 23.9
-1.4 -1.4 -1.4 -1.4 -1.4 -1.4 -1.4 -1.4 -1.4 -1.4 -1.4 -1.4 -1.4 -1.4 -1.4 -1.4 -1.4 -1.4 -1.4 -1.4 -1.4 -1.4 -1.4 -1.4 -1.4 -1.4 -1.4 -1.4 0.4 1.6 2.4 4.9 6.8 8.7 13.1 16.3 18.4 20.6 23.8 34 38.2 40.3 40.3 40.2 42.6 42.6 41.5 39.7 40 41.3 41.8 41.1 41.8 43.1 45 48.2 51 51.4 48.5 45.5 43.5 41.2 38.9 36.1 33.3 30.8 29 28.2 27.5 27.3 27 26.4 25.8 25.1 24.3 23.9 23.9 23.9 23.9 23.9 26 32.4 33.1 30.4 36.1
-1.4 -1.4 -1.4 -1.4 -1.4 -1.4 -1.4 -1.4 -1.4 -1.4 -1.4 -1.4 -1.4 -1.4 -1.4 -1.4 -1.4 -1.4 -1.4 -1.4 -1.4 -1.4 -1.4 -1.4 -1.4 -1.4 -1.4 -1.4 -0.3 0.9 2 4.2 6.6 10.7 15.7 18.5 20.6 22.3 24.7 30.4 37.4 39.5 40.5 40.9 42.2 43.2 40.2 39.6 40.2 41.4 40.7 39.9 41.1 42.8 45.3 48.1 50.5 50.3 46.7 42.8 39.8 37.5 34.9 31.8 28.7 29 27.7 26.8 26.1 26 25.7 26.1 25.5 24.8 24.1 23.9 23.9 23.9 23.9 28.8 37.4 42.7 44.7 48.2 55.1
-1.4 -1.4 -1.4 -1.4 -1.4 -1.4 -1.4 -1.4 -1.4 -1.4 -1.4 -1.4 -1.4 -1.4 -1.4 -1.4 -1.4 -1.4 -1.4 -1.4 -1.4 -1.4 -1.4 -1.4 -1.4 -1.4 -1.4 -1.4 -0.2 1.1 2 4.8 9 13 16.9 19.5 20.9 25.3 33.3 35.8 36.8 39.2 41.6 40.6 41.3 39.2 39.2 41.5 41.5 41.1 39.9 38.8 39.6 41.2 43.9 45.8 47.3 46.6 42.6 37.4 33.8 30.7 26.9 25.5 24.4 25.2 26.1 25.4 24.8 24.8 24.5 25.8 25.2 24.4 23.9 23.9 23.9 25.5 33.7 42.8 51.7 62.5 65.2 66.5 72.3
-1.4 -1.4 -1.4 -1.4 -1.4 -1.4 -1.4 -1.4 -1.4 -1.4 -1.4 -1.4 -1.4 -1.4 -1.4 -1.4 -1.4 -1.4 -1.4 -1.4 -1.4 -1.4 -1.4 -1.4 -1.4 -1.4 -1.4 -1.4 -0.2 1.1 3.8 8.1 9.9 13.1 16.6 20.6 21.8 32.7 36.1 36 37.2 40.5 42.3 41.5 36.8 38 43.6 43.4 42.4 41.2 40.4 38.3 37.6 38.9 40.1 42.3 44.1 41.6 37.9 31.8 27.5 23.8 23.7 23.7 23.7 23.7 23.7 23.7 23.7 23.7 23.7 23.7 23.7 23.8 24.2 23.9 24 33.7 44.9 61 74.6 83.6 87.4 91.7 91.6
-1.4 -1.4 -1.4 -1.4 -1.4 -1.4 -1.4 -1.4 -1.4 -1.4 -1.4 -1.4 -1.4 -1.4 -1.4 -1.4 -1.4 -1.4 -1.4 -1.4 -1.4 -1.4 -1.4 -1.4 -1.4 -1.4 -1.4 -1.4 -0.8 1.8 6.3 10.5 12.1 16.7 19.6 20.9 21.8 37.2 35.8 34.6 39 39.8 40.6 37.5 38 40.2 41.8 42.1 41.8 41.2 39.2 37.2 35.4 36 36.6 38.3 39 36.6 32.8 27 23.7 23.7 23.7 23.7 23.7 23.7 23.7 23.7 23.7 23.7 23.7 28.1 31.4 28.1 27 26.4 30.9 39.7 56 69.2 74.8 85.6 93.2 97.9 99.3
-1.4 -1.4 -1.4 -1.4 -1.4 -1.4 -1.4 -1.4 -1.4 -1.4 -1.4 -1.4 -1.4 -1.4 -1.4 -1.4 -1.4 -1.4 -1.4 -1.4 -1.4 -1.4 -1.4 -1.4 -1.4 -1.4 -1.4 -1.4 1.2 8.2 11.1 12.3 16 18.9 18.9 18.8 20.4 35.4 30.2 38.3 38.4 37.2 34.9 31.1 41.3 40.5 40.4 40.5 40.5 39.5 37.5 35 32.5 32 31.7 31.5 31 28.7 26.9 24.7 23.7 23.7 23.7 23.7 23.7 23.7 27.2 30.3 28.8 32.1 38.1 37.3 39 35.1 31.5 28.9 33.2 40.2 50.7 63.6 71.9 82.8 91 96.7 97.8
-1.4 -1.4 -1.4 -1.4 -1.4 -1.4 -1.4 -1.4 -1.4 -1.4 -1.4 -1.4 -1.4 -1.4 -1.4 -1.4 -1.4 -1.4 -1.4 -1.4 -1.4 -1.4 -1.4 -1.4 -1.4 -1.4 2.2 11.3 10.8 11.6 12.4 13.3 14.4 15.9 16.7 17.6 19.6 23.9 24.7 32.8 29.1 33.7 25.7 40.6 41.9 40.2 38.6 38.5 37.7 35.4 32.8 30.7 28.5 27.3 27.1 26.9 26.4 24.7 23.7 23.7 23.7 23.7 23.7 23.7 28.4 31.8 39 40.9 38.4 44 48.8 47.4 43.9 41.2 37.7 31 35 38.8 45.4 59.7 71.3 83.9 90.8 94.9 96.2
-1.4 -1.4 -1.4 -1.4 -1.4 -1.4 -1.4 -1.4 -1.4 -1.4 -1.4 -1.4 -1.4 -1.4 -1.4 -1.4 -1.4 -1.4 -1.4 -1.4 -1.4 -1.4 -1.4 -1.4 -1.4 5.3 9 12.2 9.5 12.2 11.8 12.4 13.4 13.9 14.6 17 18.5 18.9 19.3 21.8 20.5 21 26.4 39.7 39.7 39 36.4 34.3 32.7 29.9 27.9 27.2 27.2 27.1 26.8 26.5 25.3 23.7 23.7 23.7 23.7 28.2 33.8 39.1 46.1 51.2 54.8 52.2 49.5 60.5 59.2 55.6 51.1 47.6 41.3 33.8 36 37.6 42.7 55.6 66.2 77.7 88.4 88.5 91.4
-1.4 -1.4 -1.4 -1.4 -1.4 -1.4 -1.4 -1.4 -1.4 -1.4 -1.4 -1.4 -1.4 -1.4 -1.4 -1.4 -1.4 -1.4 -1.4 -1.4 -1.4 -1.4 -1.4 2 2.6 3.3 5.8 7.1 7.8 10.2 11 11.5 11.2 11.5 12.6 14.7 15.7 15.8 17.2 16.7 17.2 20 24.3 29.9 34.1 35.5 32.4 31.8 31.6 29.5 28 27.3 27.3 27.2 27.3 28.1 27.5 26.2 23.7 23.7 34 44.1 55.8 78.6 75.2 72 70.1 65 71.8 73.2 70.3 69.5 61.9 53.9 44.2 39.6 40.5 45.7 47.8 52.9 59.7 68.5 77.7 85.7 88.4
-1.4 -1.4 -1.4 -1.4 -1.4 -1.4 -1.4 -1.4 -1.4 -1.4 -1.4 -1.4 -1.4 -1.4 -1.4 -1.4 -1.4 -1.4 -1.4 -1.4 -1.4 -1.4 1.9 1.3 1.1 1.9 2.6 3.9 5.7 7 8 8.4 8.2 8.7 10.5 12.3 12.4 12.6 12.9 14 15.7 18 20.9 23.9 26 28.5 30.3 31.9 32 30.6 28.5 28 28.7 30.5 33.8 32.6 34.4 34.5 33.9 36.8 52.5 86.4 113.7 103.2 92.5 87.9 82.4 83.6 89.9 87.7 78.8 77.5 71.1 60.4 50.3 47.8 51.4 56.1 58.2 60.9 62.1 63.7 68.7 78.3 91.3
-1.4 -1.4 -1.4 -1.4 -1.4 -1.4 -1.4 -1.4 -1.4 -1.4 -1.4 -1.4 -1.4 -1.4 -1.4 -1.4 -1.4 -1.4 -1.4 -1.4 -1.4 -1.4 0.6 -0.1 -1.4 0.1 1.2 2 2.6 3.7 4 4.8 4.6 6.5 8.4 8.7 9.2 9.5 9.8 10.9 13.5 15.8 18.8 23.5 25.6 28.2 30.2 31.7 33.6 33.5 34.8 42.9 43.2 47.2 58.9 65.8 54.5 60.1 61.6 58.9 83.3 125.3 124.9 115 104.4 93.2 96.7 90.9 92.2 92.9 87.1 81.9 76.5 69.9 59.9 56.1 58.2 59.8 65.4 71.4 68.4 66.8 67.4 72.2 86.5
-1.4 -1.4 -1.4 -1.4 -1.4 -1.4 -1.4 -1.4 -1.4 -1.4 -1.4 -1.4 -1.4 -1.4 -1.4 -1.4 -1.4 -1.4 -1.4 -1.4 -1.4 -1.4 -1.4 -1.4 -1.4 -1.4 -1.4 0.2 0.9 1.6 1.1 1.5 2 2 3.2 5.3 6.2 6.4 7.4 8.7 11.1 15 18.6 23.8 27.4 28.6 30.2 32.4 34.5 38.8 46 63.9 62.9 63.3 72.4 75.4 81.6 90.5 96.9 89.5 119.4 127.4 128.4 120.6 108 97.2 100 96.7 101.6 99.4 95 88.7 84.3 75.6 66.9 64.2 66.8 67.2 69.4 72.9 73.1 72.3 73.9 75.8 78.4
-1.4 -1.4 -1.4 -1.4 -1.4 -1.4 -1.4 -1.4 -1.4 -1.4 -1.4 -1.4 -1.4 -1.4 -1.4 -1.4 -1.4 -1.4 -1.4 -1.4 -1.4 -1.4 -1.4 -1.4 -1.4 -1.4 -1.4 -1.4 -0.6 -0.1 -1.4 -1.4 -1.4 -1.4 -1.4 0.9 1.6 3.6 5 6.9 9.2 13 19 24.6 28.1 29 30.5 33 35.5 41.5 64.5 68.8 68.8 68.4 70.9 79.5 89.7 97.8 105.5 111.9 121.6 126.2 122.8 116.8 107.5 100.8 96.9 101.1 102.5 103.1 106.1 97.2 89.7 80.7 79 74 71.8 71.2 72.2 74.5 76.3 80.2 82.2 81.1 80.4
-1.4 -1.4 -1.4 -1.4 -1.4 -1.4 -1.4 -1.4 -1.4 -1.4 -1.4 -1.4 -1.4 -1.4 -1.4 -1.4 -1.4 -1.4 -1.4 -1.4 -1.4 -1.4 -1.4 -1.4 -1.4 -1.4 -1.4 -1.4 -1.4 -1.4 -1.4 -1.4 -1.4 -1.4 -1.4 -0.2 1.1 2 3.4 6.6 9.3 13.2 18.8 25.3 28.4 29.6 31.5 33.8 36.5 39.4 49.4 61.4 65.3 67.2 69.6 75.5 84 92 101.4 109.6 114.5 116.5 113.9 110.1 105.7 101.1 97.2 98.1 102.9 110.6 114.9 102.6 84.4 84.6 85 86.5 85.4 78.8 72.6 73.9 78.4 81.2 81.9 85.4 82.9
-1.4 -1.4 -1.4 -1.4 -1.4 -1.4 -1.4 -1.4 -1.4 -1.4 -1.4 -1.4 -1.4 -1.4 -1.4 -1.4 -1.4 -1.4 -1.4 -1.4 -1.4 -1.4 -1.4 -1.4 -1.4 -1.4 -1.4 -1.4 -1.4 -1.4 -1.4 -1.4 -1.4 -1.4 -1.4 -0.1 1.5 2 3.5 7.6 11.2 15.4 19.7 24.3 29.1 33.2 42.9 38.6 44.4 49.8 58.6 79.7 78.8 73.4 79.2 79 86.1 98.2 109.4 125.3 130.1 126.4 120.3 116.9 111.6 104.4 98.5 97.5 102.5 109.6 109.1 98.7 87.6 88.9 90.3 95.7 92.4 83.7 76.4 71.5 72.8 83.3 85 83 86.7
-1.4 -1.4 -1.4 -1.4 -1.4 -1.4 -1.4 -1.4 -1.4 -1.4 -1.4 -1.4 -1.4 -1.4 -1.4 -1.4 -1.4 -1.4 -1.4 -1.4 -1.4 -1.4 -1.4 -1.4 -1.4 -1.4 -1.4 -1.4 -1.4 -1.4 -1.4 -1.4 -1.4 -1.4 -1.4 0.6 2.7 3.3 4.8 8.2 12.4 17.5 25.3 38.3 43.9 43.9 53 54.9 61.5 66.9 75.3 83 84.1 81.3 83.5 81.7 83.6 91.7 103 113.9 121.3 123.7 125.1 121.9 119.4 112.8 105.2 99.7 103.9 103.1 96.1 88.3 90 95.2 92.8 91.2 85.6 78.8 73.6 71.4 71.5 72.3 75.6 78 80.6
-1.4 -1.4 -1.4 -1.4 -1.4 -1.4 -1.4 -1.4 -1.4 -1.4 -1.4 -1.4 -1.4 -1.4 -1.4 -1.4 -1.4 -1.4 -1.4 -1.4 -1.4 -1.4 -1.4 -1.4 -1.4 -1.4 -1.4 -1.4 -1.4 -1.4 -1.4 -1.4 -1.4 -1.4 5.5 5 6.4 6.9 7.6 10.6 15.6 22.5 26.8 29.8 36.3 58.1 64.2 68 68.4 71.7 76.7 82.9 85.3 85.1 83.4 83.6 83 82.3 95.4 101.8 108.7 118.6 121.6 123.3 122.3 117 108.7 101.1 95.4 93.4 90 88.8 90.7 95.1 101 98.1 91.8 81.3 77.3 75 71.9 72.4 79.9 83.5 88.1
-1.4 -1.4 -1.4 -1.4 -1.4 -1.4 -1.4 -1.4 -1.4 -1.4 -1.4 -1.4 -1.4 -1.4 -1.4 -1.4 -1.4 -1.4 -1.4 -1.4 -1.4 -1.4 -1.4 -1.4 -1.4 -1.4 -1.4 -1.4 -1.4 -1.4 -1.4 -1.4 -1.4 6.3 12.3 11.1 10.6 9.9 11.9 14.8 20.6 26 27.1 30.1 37.3 72.2 74.2 74.6 74.2 76.6 81.3 86.9 87.2 88 85.4 83.1 82.8 82.7 82.2 95.9 99.9 109.1 114.3 117.1 116.6 114 108.2 101 94.1 90.2 89.2 90.5 91.8 97.1 101 100.4 93.6 97.5 91.1 84.3 76.8 76 84 85.7 89
-1.4 -1.4 -1.4 -1.4 -1.4 -1.4 -1.4 -1.4 -1.4 -1.4 -1.4 -1.4 -1.4 -1.4 -1.4 -1.4 -1.4 -1.4 -1.4 -1.4 -1.4 -1.4 -1.4 -1.4 -1.4 -1.4 -0.6 0.2 0.2 -1.4 -1.4 3 5 7.9 12.3 16.7 14.7 14.5 16.4 19.1 22.9 33.6 47.7 73.2 60.4 70.7 84.8 83.3 81.6 82.4 83.8 89 90.6 90 85.2 83.8 83.5 83.1 83.7 95 102.6 106.3 110.9 114.1 109.4 107.9 104.3 99.8 94.4 89.8 89.9 93.4 92.5 99 100.2 99.5 99 92.2 88.2 82.5 79.6 85.5 83 83.3 84.2
-1.4 -1.4 -1.4 -1.4 -1.4 -1.4 -1.4 -1.4 -1.4 -1.4 -1.4 -1.4 -1.4 -1.4 -1.4 -1.4 -1.4 -1.4 -1.4 -1.4 -1.4 -1.4 -1.4 -1.4 -1.4 -1.4 0.6 2 3 2.5 3.5 5 7.2 11.4 14.4 18 16.2 18 21.3 24.2 41.9 50.7 86.1 87.6 88.2 87.1 87.1 90.8 87.9 85.4 84.9 86.6 89.3 88.2 87.1 86.7 84.7 83.8 84.9 94.2 104.7 109.7 113 115.7 112.8 113.9 112.6 108.4 101.2 97.1 97.1 94.7 92.3 94.2 93.9 95 98.8 97.1 89.5 83 80.4 77.2 74.7 75.5 74.7
-1.4 -1.4 -1.4 -1.4 -1.4 -1.4 -1.4 -1.4 -1.4 -1.4 -1.4 -1.4 -1.4 -1.4 -1.4 -1.4 -1.4 -1.4 -1.4 -1.4 -1.4 -1.4 -1.4 -1.4 -1.4 -1.4 -1.4 0.1 2.9 5.8 6.8 8.2 16.2 18.4 16.6 17.7 18.7 21.1 41 47.8 58.3 77.8 88.1 93.8 92.6 92.4 89.2 89.9 89.8 87.8 87.7 88.8 90.3 89.7 89.5 88.9 86.8 84.9 85.6 91.8 98.6 106.5 114.1 120 117.5 116.2 116.1 109.5 105.6 104.6 103.3 98.7 96.4 93.7 97.4 100.1 103.6 98.8 91.5 86.9 87.6 82.1 74.5 69.7 66.2
