data/130000-820000.asc
ncols 200
nrows 200
xllcorner 130000
yllcorner 820000
cellsize 50
[rows 37 to 73 of 200, columns 83 to 165 of 200]
320.3 326.2 330.9 331.5 336.1 340.4 344.9 347.3 347.5 343.4 337 325.1 311.4 296.8 284.1 271.2 259 249.6 244.5 239.7 235 229.6 221.6 216.7 212.8 208.1 202.1 200.1 192.3 189.6 189.6 187.4 182.1 179.2 169.2 170.9 170.8 170.3 171.2 176.7 182.4 191 203.2 216.8 228.3 238 248.3 261.8 273.5 274.8 283.8 292.4 301.5 309.2 315.2 317.8 321.3 325.1 325.4 319.6 314.5 290.6 271.8 261.2 250.9 236.5 216.6 192.5 175 161.2 151.1 139.2 125.5 112.8 102.1 93.1 81 68.3 57.9 44.7 50.9 57 62
323.3 324.4 327.5 329.9 334.6 338.7 341.9 342.5 341.4 338.1 330.7 317.6 302.7 289.8 278.2 267 258.9 249.2 243.6 238.1 233 227.4 220.4 213.5 209 205 203.4 201.6 192.1 190.8 190.9 191.2 178.3 175.6 172.2 173 171.5 171.2 171.9 174.3 179.8 187.2 200 215.6 228 240.6 254.1 266.1 278.6 285 291.1 299.7 309.4 316.5 319.7 321.2 326.4 333.1 332.2 332.5 321.1 299 292.6 271.5 259.6 254.7 227.2 199.5 181.4 167.8 157 144.8 132.7 117 105.6 95.3 85.4 73.8 59.6 46.4 46.4 52.8 56.9
319 320.3 322.6 330 334.8 339.7 341 341.6 341.8 337.4 328.5 313.4 296.8 285.8 275.2 266.2 257.2 249.6 243.4 236.8 230.9 224.5 216.9 210.4 205.1 201.9 201.5 200 190.3 187.4 188.3 186 179.5 179 178 177.6 174.8 172.2 171.8 173.6 177.4 185.5 197.5 214.1 230.9 244 256.6 268.1 281.4 289.8 295.4 303.7 315.4 323.1 323.6 323.6 334.1 340.3 336.8 332 321.7 307.2 296.7 278.6 271.4 258.1 236.7 209.9 187.8 172 162.9 149.4 137.1 121.5 109.2 97.6 86.1 75.1 57.5 48 40 47.5 53.2
316 317.1 324 331.5 336.2 341.4 343.7 343.2 343.6 338.5 328.4 313.1 300.4 283.8 276.2 266.2 258.7 251.9 244.8 237.5 229.3 220.1 212.8 207.7 202 199.4 198.4 193 188.5 186 187.2 187.9 186.5 183.5 183.8 182.1 179.8 176.2 174.1 177.5 178.2 180.6 192.5 209.9 228 248.7 261.8 272.6 285.8 293.9 298.4 307.1 316.4 320.8 323.3 329 341.4 347.3 344.2 337.3 326.6 314 303.8 289.3 279.8 265.1 236.6 213.9 192.4 175.5 160.3 149 134.5 123.3 111.4 99.3 90 82.6 64.7 50.6 36.5 41.7 48.8
316 318.2 324.2 333 339.7 344.9 347.2 348.5 348 342.4 331.2 315.9 302.6 286.4 278.1 268.3 261.2 254.7 246.4 237.1 228.2 219.8 210.9 206.4 200.2 197.3 192.5 189.1 188.5 188.5 190.8 190.8 190.1 192.2 190.1 187.7 184.8 181.2 178.2 177.7 178.4 181.3 189.5 205 222.9 239.6 261.2 274.6 292.4 303.8 304.6 315.1 322.2 326.1 330.8 335.7 344.3 349.3 351.1 340.1 326.7 322.5 316.8 304.7 292 269 241.1 221.1 196.7 178.8 164.2 150.7 137.9 126.2 114.3 104.1 94.1 82.5 68.4 54.3 39.7 38.1 44.7
316.5 319.9 325.4 332.4 342.2 351.1 355.3 357.8 354.7 347.2 334.4 319.5 308.3 292.4 282.6 273.4 263.5 254.8 244.8 237.9 228.3 219.6 210.5 205.9 200.4 193.1 190.5 190.1 188.9 189.4 193.1 193.8 197.2 200.4 198.1 195 190 185.5 181 180 179.9 182.8 189.5 201 214.9 235.2 251.7 273.6 297.5 312.2 312.8 317.5 327.1 333.5 337.2 342 348.3 357.7 353.3 339.6 334.7 331.8 325.2 317 302.7 281.5 250 229.4 201 180.7 164.4 152.5 140.8 128 114.9 104.9 94.3 83.5 71.9 58.6 44.1 35.2 42.6
316 321.9 328.4 339.5 354.2 363.2 370.5 371.6 361.7 351.8 338.7 324 313.7 300.7 287.7 277.5 267.4 260.3 252.4 244.1 233.9 223 213.4 205.3 200.3 196.6 191.6 190.7 190.1 191.5 196.4 199.1 203.8 208.4 207.8 203.7 198 191.8 186.7 183.9 182.2 184.2 188 197.5 209.4 229.1 251.5 269.4 295.2 314.8 320.7 324.3 330.9 339.7 346.5 354.2 363.3 354.6 348.4 354.2 353.2 347.8 337.5 323.7 311.6 285.5 256.7 234.7 201.9 180.5 164.1 152.3 142.3 128.5 116.6 104.3 91.6 81.3 74 63 48.2 31.7 39.9
316 327.4 337.4 356.9 367.8 374.4 376.7 379.4 370.6 356.5 341.7 327.1 316.8 303.5 291 279.9 277.5 267.4 259.8 250.5 239.5 227.9 215 205.5 201 198.1 194.1 191.8 190.6 192.7 197.8 204.5 209.8 215 217.3 213.3 206.5 201.1 194.6 188.4 185.6 186.5 189 195.3 206.3 221.9 241.7 260.6 282 310.4 324.9 331.7 333 347.2 358.2 365.1 364.5 354.2 349.1 363 359.7 354.6 351.3 338.1 320.2 287 259.7 236.3 201.5 178.9 163.4 151.8 142.6 129.9 121.2 102.2 91.3 84.7 80.2 66.5 49.8 34.2 35
323.1 333.8 352.6 373.5 381.7 383.4 381.9 381.7 376.3 362.6 346.8 331 318.8 305.1 293.5 295.2 286.4 277.4 269.5 257.4 245.8 233.2 220.5 208.2 203.1 199.4 198.8 198.3 193.7 193.7 199.3 207 214.2 220.6 227.3 222.9 215.1 209.8 204 197.8 192.4 189.7 190.6 190.2 200.9 211 227.2 245.8 264.2 287.4 317.7 329.1 332.4 350 361 375.2 364.6 351.6 354.4 364.3 360.9 359.6 358.4 347.5 323.7 284.5 258.5 233.9 198.7 178.1 162.5 150.7 140.4 126.7 114.9 102.4 93.3 85.5 83.8 67.9 51.3 38.3 27.1
334.5 353.9 375.5 383.1 391.9 392.8 390.1 385.6 379.4 366.6 349 335.9 322.2 307 304.6 303.2 296.1 287.6 279.9 266.6 252.5 239.5 223.7 212.7 204.7 202.7 201 198.9 193.8 194.5 201.4 208.7 216.2 223.8 231.9 231.6 224.1 218.1 212.4 205.6 199.6 195.2 192.6 191.3 194 202.9 214.7 229.2 247 265.3 285.4 310.3 329.7 339.6 355.5 366.3 358.5 351.2 359 364 361.1 358.2 359.7 346.9 310.5 280.3 255.2 225.2 196.7 176.6 160.8 147.7 137.6 124.3 115 105.8 96.3 86.2 83.7 71.4 52.9 40.4 31.3
368.2 381.5 388 393.1 396.8 399 396 389.1 378.1 369.9 351.8 339.9 324.6 314 315 312.7 304.3 295.6 288.4 276.2 260.4 239.5 232.4 216.4 208.9 204.1 202.2 200.5 196.1 195.1 202 210.1 217.1 224.5 234.6 240.6 234 227.3 221.1 214.1 205.6 200.6 196.5 192.6 189.7 195.2 205.5 216.3 229 247.7 266.9 283.7 309.7 335.5 341.8 348.9 352.1 352.8 371.9 366.2 359.7 356.4 355.7 332.2 301 271.4 247.8 217.6 192.8 174.6 157.1 144 135 124.1 115.4 107.6 100.1 88.4 81.1 69 49.7 40.5 32.5
391 399 409.4 412.1 405.6 405 400.7 395.6 384.7 370.1 355.9 341 325 329.3 327.2 325 314.8 302.6 293.6 283.1 261.7 257.1 242.6 225.2 215.5 207.5 203.4 201.5 199 197 203.6 208 214.2 222.2 229.8 240.5 239.6 235.3 228.5 222.4 214.2 206.4 200.5 194.4 188.9 190.5 197.5 206.7 217.5 231.6 249.2 265.3 284.4 313 334 342.1 349.4 366.5 376.1 368.1 355.7 353.8 346.3 322.3 293.3 263.9 234.8 210.5 189 172.1 154.6 140.6 130.7 123 114.1 104.6 100 88.8 78 63.1 48.3 39.6 32
403.2 411.1 418.3 423 420.9 416.9 407.9 402.8 392.6 372.6 356.4 340 336.7 338.2 336.7 336.1 323.9 310.2 296.6 285.8 281.5 265.7 250 234.5 222.2 212.6 205.5 202.3 200.6 199.4 200.2 204.2 211.2 220.2 226.2 236.8 247.1 243.7 237.2 228.6 222.3 215.5 204.6 195.5 191 187.8 191.2 199.3 207.9 218.7 234.9 249.9 266 287.6 313.5 338.9 349.2 367.8 376.9 370.5 358.1 345.4 329.7 307.2 284.2 253.7 226 203.9 186.8 171.6 150.1 138.2 127.7 121.4 112.1 101.8 96.2 89.4 76.7 59.7 46 38.3 31.6
407.2 410.8 420.4 428 427.6 425.8 419.2 406.5 394.6 377.6 357.7 348.1 349.7 347 346.6 339.5 330.1 312.1 310 298.1 291 275.4 256.9 242 229.8 221.2 213 207.4 201.8 202.2 202.3 204.2 208.1 216.5 224 231.1 247.4 250.9 247.8 244.1 230.6 222 208.7 197.9 189.9 187.8 188.4 192.1 199.3 206.9 220.7 237.4 255.6 275.5 303.7 329.6 345.6 372.9 375.8 370.2 361.5 332.2 313.9 290.8 267.3 240.2 217.7 197.7 184.3 169.3 147.8 137.9 127.2 119.7 109.8 100.6 94.3 85.8 73.7 55.3 44 37.8 31.4
415.8 425.5 427.8 436.4 439.6 431 426 408.3 398.8 380.1 361.9 357.5 359.7 356.5 349.8 340.5 334.9 329.8 324.2 309.9 301.7 289 267.3 248.3 235.2 226.3 219.6 213.6 204.3 207 208.2 207.2 209.1 214 221.5 230.4 242.2 253.3 256.6 252.4 245.8 229.5 214.9 201.1 190.2 184.2 184 187 191 198.1 209.7 228.4 246.7 268.5 295.4 323.5 344.7 376.5 378.5 375.2 361.9 327.2 304.7 277.6 257.3 229.8 206.3 188.8 178.5 168.1 148.1 137.2 125.5 117.3 107.2 101.7 95 83.1 67.9 52.9 43.6 38.9 29.8
425.1 433.7 434.5 439.2 437.1 430.4 428.7 412.5 402.1 384.4 371.3 364.8 363.8 359 351.9 347.5 343.7 338.4 334.3 326.2 314.1 298.9 278.3 255.4 241.1 231 223.6 216.4 208.9 209.7 210.2 208.6 209 212.3 219.1 227.4 238.5 252.9 260.9 259.7 252.6 244.7 223.6 205.6 191.7 183 182.2 184.8 187.7 195.7 204.3 219.6 237.8 259.8 286.7 323.4 348.7 377.5 381.7 373 355.6 317.6 288.8 264.9 243.7 220.5 198.8 179.7 172.8 161.6 143.6 133 122.6 112.6 103.4 102.2 92.5 75.6 60.2 50.8 44 37.6 28.5
427 433.7 438.1 434.8 429 429 430.8 415.2 402.9 388.3 378.4 371.3 369.4 367.9 361.3 356.1 351.2 345.4 340.4 334.9 326.3 307.7 289.3 266.7 245.2 235.6 228.1 219.3 216.7 212.5 209.5 209.7 209.3 211.4 217.6 226.9 239.8 253.1 262.4 263.2 259.9 255.5 231.2 209.5 194.6 179.5 180.8 183 187.5 194.7 202.8 212.4 231.2 252 281.6 323.8 345.6 371.4 381.3 375.5 340.6 303.6 272.6 251 230 208.9 192.8 176.6 168.1 154.1 139.8 130.5 119.8 108.1 101.2 102.9 85.5 68.7 57.9 48.4 41 33.5 27.5
421.3 431.1 432 429 429 430.7 428.9 420.7 405.2 390.9 384.6 379.8 376.7 376.9 368.1 365.6 359.7 353.4 351.7 343.8 332.8 312 300.4 272.5 249 241.1 232.6 222.5 221.5 216.1 212.2 211.9 209.4 212.5 218.8 227.8 236.2 251.2 263.5 267.9 263.7 257.3 233.9 212.7 197.2 179.4 179 181.3 185 192.7 200.4 208 225.2 248 276.9 314.9 350.6 365.3 372.2 358.3 325.1 290.5 260.1 235.1 217.3 195.9 184.6 174.9 160.9 145.3 135.1 127.6 116.7 105.4 98.4 94.2 76.4 64.6 54.6 45.3 38.2 31.2 25.5
418.8 427.8 429.3 429 429.1 433.1 430.6 421.8 403.7 395 392.8 392.6 392.7 388.5 381.9 377.5 369.9 363.2 361.8 351.4 335.4 315.1 301.8 276.7 256.4 247.5 238.8 223.6 226.8 221.6 217.4 216.7 212.3 215.4 221.8 226.4 235.1 250 262.7 269.3 267.8 260.9 233.6 214.5 199.3 182.7 178 179.6 182.1 189.4 196.9 205.5 222.3 247 271.8 317.5 349 356.1 353.2 340.1 306.1 277 250.4 226.2 205.7 188.7 177.3 167.1 154.2 140.4 129.1 121.7 113 103.2 100.4 80.8 69.1 58.8 50 42.7 35.7 28.8 23.9
421.9 430.9 433.9 430.6 433.8 434.1 435.9 425.5 404.6 401.4 398.9 400.1 398 396.5 391.2 388.7 382.2 369 363 354 336.9 321.9 307.5 283.8 263.1 254.3 245.6 237.1 233.5 227.6 223.7 220.6 217.1 218.8 223.1 227.4 235.8 247.9 261.5 266.8 268.6 259.2 233.3 211.7 197.6 184 178.2 178.1 179.7 186.5 196.2 206.2 221.5 247 274.2 310.8 339.3 337.5 337.2 319.1 290.7 264 243.7 218.1 196 182.8 170.9 161.4 149.7 135.6 124.5 116.6 105 102.1 94.4 77 62.2 53.1 45.2 40.7 33.4 27.4 22.2
420.4 430.6 431.8 427.7 433.9 437.8 439.1 430.7 414.4 407.1 406.1 406.7 404.3 401.2 398.2 396.3 389.8 380.3 369.8 357.8 338.2 327.1 311.4 287.6 269.9 260.1 242.9 247.3 241.7 230.7 228.3 226.1 223.4 222.1 226 230 236 242.6 254.4 262.9 262.6 246.9 224.7 208.9 192.9 182.3 178.2 178 180.5 189.6 198.9 209.6 224.2 249.5 274.4 307.1 327.5 332.1 317.5 302 274 255.8 235.9 211 189.9 177.3 165.6 157.5 143.3 132.1 120.8 119.9 101.9 91.4 80.4 66.3 56.5 48.6 42.1 38 32 25.7 20.8
419.1 420.7 419.2 419.8 434.3 441.1 440.7 437 423.9 421.8 418.4 414.9 411.8 408.3 405.3 402.3 394.7 384.7 374.4 362.5 338.8 327.2 309 292 277.7 267.4 260.6 255.3 248.5 239.2 236 232.1 228.4 227.5 229 232.5 234.2 238.6 244.8 257.5 252.5 230.1 219 209 187.5 178.3 178.2 178.5 182.6 191.3 201.5 212.5 228.4 251.3 274.2 304.4 313.2 311.4 302.8 280.4 261.9 247.7 224.4 202.3 186.6 170.7 161.4 153.1 137.2 125.7 116.7 105.4 92.9 82.7 67.4 57.8 50.2 43.8 38.5 33.8 28.8 23.6 19.3
415 415.8 413 423.3 432.3 442.2 443.6 441 437.6 434.8 423.8 424.1 420 415.7 411.3 406.6 400.3 389.8 377.9 361.8 343.2 326.1 305 289.5 280.7 267.1 271.9 265.5 257.9 248.4 243.7 237.7 233.4 232.7 233.2 234.5 235.3 234.4 236.2 242.4 231.3 219.8 213 194.8 182.2 177 177.5 178.5 183.9 192.5 201.3 212.6 231.7 252.2 272.3 299.9 301.5 293.7 279 269 255.9 239.2 211.9 194.2 181.4 167.3 157.3 148.7 133.3 118 107.3 96.2 85.8 73 60.5 51.8 45.5 40 35 29.7 24.9 20.7 17.6
410.4 409.8 416.8 425.3 436.6 440.9 440.7 438.8 443.6 432.4 428.9 430.8 426.9 421.7 416.4 410 403.9 390.9 376.5 359 340.4 317.4 298.1 284.2 280.2 280.2 281.9 275.2 267.6 257.6 249.1 243.2 238.5 237.7 236.3 236.8 236.1 233.2 230.7 229 214.9 207.8 200.8 186.6 177.4 172.3 173.2 177.2 183.4 191.5 200.1 213.8 233.3 253.4 271.7 292.3 288 276.2 269.7 262.7 251.9 228.5 204.8 187.3 174.4 163.4 152.6 147 131.8 114.1 100.5 84.9 74.4 63.5 54.3 47.1 40.7 36 31 26 21.2 17.9 16.5
409.8 414.4 420.8 425.9 437.8 441.7 441.5 435.9 439.1 429.6 429.3 430.3 429 424.6 419.1 412.2 406.2 390.6 376.3 358.6 338.5 315.3 297.3 284.9 280.5 287.4 290.6 283.4 275.5 266.7 257.4 250.1 245.1 242.8 240.2 241.3 242.3 234.4 225.4 217.4 205.9 197.1 189.6 180.5 173.7 170.2 172.2 178 184.2 191.5 199.6 216.5 234.8 254.8 270.4 282.3 278 266.2 261 255.6 243.4 220.8 201.9 182.3 170.1 157.6 149.2 144.7 124.5 107.2 92.4 78.9 67.1 56.6 48.9 42.3 36.7 32.4 27.6 22.6 18.8 16.4 15
411.9 417.6 422.3 426.7 431.9 438 435.6 431.9 431.7 428 427.1 427.8 429 426.4 421.9 414.9 406.5 397.5 379 357.4 335.5 304.4 294.3 287.7 288.4 290.8 291.1 289.2 284.2 278.7 267.2 258.2 252.5 250.3 248.1 245.1 241.9 232.4 217.3 204.7 198.4 189.2 181.4 176.5 171.2 169.4 173.5 177.9 185.8 194.8 203.9 221 239.6 255 266.7 274.8 272.8 256.6 250.8 246.3 229.2 212.2 197.4 177.3 164.1 150.1 144.7 137.5 121.8 97.3 82.8 71.1 63.2 53.8 44.7 37.7 33 28.6 24.1 20.2 17.7 15.3 13.5
419 424.6 428.8 432.2 434.6 438.1 437.9 431.5 425.3 423.2 422.1 424.2 429.4 431 426.1 417.6 411.4 400.5 370 335.8 311.9 301.8 293.8 288.5 289.3 293.4 292.8 289.3 289 285.5 274.2 264.7 261.3 255.5 253.3 251.5 245.2 231.1 218.5 202 187.4 180.1 175.5 172.4 170.2 168.8 172.5 176.7 187.4 199.7 210.3 223.9 242 252.5 265.2 271.9 269.3 246 240.1 230.7 216.8 203.4 190.4 172.6 157.7 142.4 139.6 131 112.1 87.5 72.6 64.8 58.2 50 42.4 35.4 29.6 24.9 20.4 18.2 16.1 13.7 11
425.6 431.8 434.4 437.1 439.1 440.9 442 438.7 425.4 422.6 419.1 420.6 425.8 432.9 432 418.2 406.1 381.2 341.7 318.4 304.5 297.9 299.6 292 291.4 290.8 288.7 288.6 291.3 289.6 281.8 273.5 267.8 260.6 256.1 254.9 245.3 232.6 213.4 200.9 179.7 173.5 170.4 169.6 167.6 167.7 171.5 177.3 189.1 204 215.2 228.1 244.5 254.7 261.3 270 262.1 243.2 228.4 220.2 208 193.2 180 164.4 151.6 138.4 134.6 116.7 96.1 77.1 65.6 60.7 51.3 44.2 38.1 32.3 26.2 20.8 16.7 13.9 12.3 10.9 9.6
431.2 436.1 436.9 440.1 442.2 440.9 446.8 437 424.4 421.4 419.1 419.1 419.1 426.1 426.8 416.2 396.3 356.8 328.1 306.2 295.9 291.2 301.7 290.6 291.3 286.4 279.1 282 290.5 291.3 285.6 278.5 271.1 258.1 252 250.6 236.7 223.2 207.2 195.9 180.8 169.5 164.3 162.1 161.8 166.4 171.8 178.9 191.7 207.3 220.6 234.6 251.7 259.5 261.9 267.2 256.2 238.3 217 206.5 200.7 186.9 172.4 156.7 143.3 131.5 120.4 101.7 84.2 71.5 63.6 54.7 45 39.9 34.2 29.6 23.2 19.9 11.7 10 9.6 9 7.8
433.4 436.2 436.4 438 438.5 437.4 440.5 434.5 423.9 421.2 419.1 419.8 420.8 428.1 424 415.7 370.4 341 312.3 292.8 282.7 285.1 285.5 276.7 279.5 276.6 273.1 274.4 279.8 282.6 282.6 277 268.8 255.9 243.2 232.5 223.9 212.1 202.9 193.9 182.9 172.1 160.8 157.4 159.8 164.5 170.5 179.7 194.1 208.4 228.6 241.7 253.5 261.3 264.7 259.3 250.4 226.4 208.4 195 189 183.1 167 149.9 134.2 123.5 103 89.1 76.8 68.6 57.8 47.6 38.6 35.5 32 27.4 21.1 14.3 9.1 7.2 7 7.1 6.9
433.7 438 438.2 437.6 432.7 428.4 432.4 426.3 421 419.7 419.3 421.9 423.2 423.6 420.4 391.2 346 319.3 292.5 282.7 274 277 269.2 264.6 267.9 267 265.2 267.9 270.2 269 272.7 273.7 266.8 249.8 236.1 224.5 211.9 204.4 198.2 191.5 182 171.9 161.3 149 158.2 163.4 169.7 181 193.9 208.6 232.5 250.8 256.3 258 259.2 255.5 243.2 219.3 199.5 188.9 177.3 174.1 161 144.2 127.8 108.3 95.5 79.5 71.2 63.9 51.8 40.4 35.1 32.1 29.9 26 22.5 11.5 6 3.3 4.1 4.9 5.6
434.8 439 438.5 433 425.5 416.6 417.9 416.6 423.6 418.9 418.7 419.5 420.8 422.1 407.2 363.3 328.6 297.4 282.7 274.6 267.1 264.6 257.4 254.8 254.8 256.8 256.5 258.9 258.7 259 261.8 268 262.5 244.4 229.9 217.7 203.8 200.2 195.8 188.2 180.4 171.6 161.6 141.5 153.5 160.7 169.3 181.1 192.3 206.6 225.2 245.4 253.1 251.4 253.2 249.9 236.1 212.6 189.2 181.5 173.5 162.2 149.8 137.3 116.9 101.8 84.2 73.2 64.5 57.4 45.6 37 32.5 28.7 26.6 22.5 13.9 6.3 4.7 3.4 3.7 4 4.5
429.8 435.2 432 425.5 416.2 405.2 406.3 419.1 428 424.2 413.6 409.4 408.6 396.8 366.7 334.7 299.9 287.5 273.4 262.4 261.6 250.7 248 245.4 249.8 250 246.7 249.2 249.6 247.9 251.3 254 251.7 241.1 227.4 212.8 200.7 196.8 192.6 186.1 179.5 171.1 160.3 136.6 149.2 157.5 166.5 179.9 189.9 201.4 213.6 228.1 238.9 240.6 244.8 242.4 228.4 205.8 186.8 177.3 171.4 155 141.4 119.8 106.5 92 76.3 69.9 64.4 55.4 40.4 33.5 29.8 25.7 23 14 5.2 4.6 3.8 3.2 3.7 4 4.3
428.4 425.2 422.5 415.4 406.3 402.9 406.3 418.6 428.9 427.7 411.5 381.8 375 363.5 338.5 308.8 286.8 277.2 262.9 252.6 250.5 245.7 241.3 238.8 237.8 238 238.3 238.9 240.5 240.8 242.3 242.8 239.9 233.3 226 209.8 198.3 193.7 189.4 184 175.6 165.1 156.2 136.1 141.7 153.6 163.6 175.9 186 193.9 203 206.3 209.8 222.8 229.8 230.8 221.6 198.6 183.7 171.5 164.7 150.1 133.9 110.3 96.3 81 72.1 65.3 58.4 49 36.7 30.2 25.4 21.5 17.1 8.9 4.6 3.2 2.7 3.1 3.7 3.9 3.6
421.6 418.8 413.9 405.6 402.6 404.3 409 420.5 431.3 421.7 410 382.3 350 339.2 314.6 292.8 274.5 263.8 249.3 244.6 241 238.3 236.7 235 232.8 232.3 230.9 229.6 234.5 235.2 238 234.8 229.6 225.6 222.6 207.9 196.8 191.4 184.8 178.1 168.9 162.2 153.7 135.8 138.6 151.7 161 170.8 178.1 185.3 191.4 194 194.7 204.3 212.7 219 212.8 193.7 178.7 166.1 156.9 142.8 127.9 103.2 87.4 75.6 66.5 59.2 52 42.8 33 26.7 22.4 16.8 9.2 4.6 -1.8 0.8 -1.8 2.4 3.1 2.9 3.1
402.8 406.6 400.9 402.7 408 413.2 416.5 417.3 422.9 425.1 415 374.9 351.5 314.5 294.5 279.6 265.7 251.8 244.5 238.9 234.5 233.2 232.8 231.3 226.9 224.9 221.7 215.5 217.8 220.7 231.6 221.7 217.4 215.3 212.1 207.1 195.3 186.9 180.7 172.8 164.9 160.9 148.4 130.3 138.5 149.2 158.1 163.9 171.3 176.9 181.3 184.3 187.6 195 200.9 202.6 198.3 189 176.7 163.5 149.9 135.1 115.2 99.6 83.8 70.2 61.2 52.5 44.9 38.5 29.5 23.1 17.5 9.5 5.2 3.1 -1.8 0.7 -1.8 -1.8 2.3 2.1 2.2
378.7 379.7 390 400.6 407.4 411.5 413.1 413.8 415.3 420.9 414.4 372.4 340.7 309.3 289.8 269.6 257.4 245.6 238.9 233.4 229.4 227.7 228.5 225.6 218.4 216.2 210.3 204.8 202.2 204.5 208 205.5 206.2 206.7 205.5 200.9 192.6 182.6 175.6 168.2 163 155.6 141.6 123.8 135.5 146.9 152.9 156.6 163.7 167.4 171.4 174.3 180.5 189.5 192.8 193.6 189.4 182.6 172.8 158.3 142.7 127.7 103.3 89 76.4 65.8 59 49.3 40 33.7 26.8 16.8 10.8 5.7 2.6 -1.8 -1.8 -1.8 -1.8 -1.8 -1.8 2.4 6.2
