data/130000-690000.asc
ncols 200
nrows 200
xllcorner 130000
yllcorner 690000
cellsize 50
[rows 148 to 184 of 200, columns 85 to 169 of 200]
-1.4 -1.4 -1.4 -1.4 -1.4 -1.4 -1.4 -1.4 -1.4 -1.4 -1.4 -1.4 -1.4 -1.4 0.3 9.8 16.3 32.1 32.3 31.6 23 22.2 27.4 29.6 22.2 19.6 17 15.8 17.1 22.4 29.3 34.7 35.4 39.2 38.1 38.9 39.2 43 41.7 38.7 34.9 25.4 24.3 23.7 22.3 20.3 19.6 22.7 26.4 27.3 28.8 32.8 36.9 38.8 39.7 39.9 39.4 38.8 42.6 40.2 43.3 41.6 50 57.4 62.5 59.8 50 42.6 38.7 36.1 34.2 30.9 31.5 32.3 37.2 46.1 54.6 56.5 60.3 70.4 78.5 79.5 70.6 69.7 72.5
-1.4 -1.4 -1.4 -1.4 -1.4 -1.4 -1.4 -1.4 -1.4 -1.4 -1.4 -1.4 -1.4 -1.4 -1.4 1.8 10.6 14.3 24.9 33.4 35.8 30.5 28.8 27.9 23 21.6 19.1 16.6 18.7 22.6 30.1 35.1 37.6 44.5 55.2 45.2 38.7 34.6 35.4 29 27.1 24.8 22.4 22.7 21.9 22.2 28.8 28.7 30.7 34.1 35.2 35.6 37.5 38.4 41 47.6 49.1 49.2 49.6 55.5 55.7 56.6 53.2 56.1 57.6 51.6 43.6 39.4 36.2 35.8 32.9 30.8 32.3 36.1 44 54.4 54.2 50.4 47.6 65.7 73 71.9 63.9 65.8 67.1
-1.4 -1.4 -1.4 -1.4 -1.4 -1.4 -1.4 -1.4 -1.4 -1.4 -1.4 -1.4 -1.4 -1.4 -1.4 -1.4 8 14.6 25.8 33.1 32 33 28.1 26.7 26 24.2 21.1 21 23.3 25.8 27.3 29.6 33.4 31.9 34.5 35.4 33.3 31.9 26.8 24.9 24.3 22.7 22.7 23.9 25.5 33.3 34.7 34.5 35.3 38.8 40.7 41.1 39.1 42.3 54.3 54 51.7 53.2 58.7 63 65.5 63.4 54.4 43.5 39.7 37 33.7 38 39.4 36.1 30.4 31.7 36.7 41.7 47.2 50.3 49.4 44.2 47.8 57.5 60.7 59.8 61.5 63 66.1
-1.4 -1.4 -1.4 -1.4 -1.4 -1.4 -1.4 -1.4 -1.4 -1.4 -1.4 -1.4 -1.4 -1.4 -1.4 -1.4 2 14.6 18.3 30.3 28.9 27.5 27.7 28.1 28 24.2 22.8 22.6 24 26.1 25.8 27.2 30.5 28.7 28.8 22.3 22 19.8 21.6 24.5 30.4 31.4 28.1 29.4 34.1 37 37.2 37.2 38.3 38.9 41.2 42.6 49.6 49.2 48.8 51.7 49.7 48.1 51.5 57 58.3 61.2 48 37.3 30.4 30.6 36.4 39.1 38.2 29.8 32.3 35.4 38.7 39.7 43.5 44.4 44.5 40.4 41.4 47.8 54.4 59.1 62.2 65 67.4
-1.4 -1.4 -1.4 -1.4 -1.4 -1.4 -1.4 -1.4 -1.4 -1.4 -1.4 -1.4 -1.4 -1.4 -1.4 -1.4 15 22.5 29.6 27.4 27.4 27.7 29.8 28.7 26 23.4 22.8 22.6 22.8 25.6 26.7 26.7 26.1 23.2 21.7 18.5 17.6 18.8 24.3 33.2 37.2 39.1 38.8 35.6 33.8 36.6 38.6 38.8 37.6 37 38.4 42 45.8 47.4 47.7 51.9 46.9 41.7 40.5 43.6 46.9 50.1 42.5 33.2 28.6 29.1 36.8 29.4 31 34 36.8 37 37.5 41 43 41.4 41.6 38.6 40.9 49.9 57.3 63.6 67.1 69.2 72.4
-1.4 -1.4 -1.4 -1.4 -1.4 -1.4 -1.4 -1.4 -1.4 -1.4 -1.4 -1.4 -1.4 -1.4 -1.4 -1.4 -1.4 18.8 25.4 26.8 30.9 31.7 30.2 28.2 25.5 23 22.6 22.2 22.2 24.7 24 22.8 21.6 18.8 15.9 16.5 19 21.2 28.6 36.7 39.6 41.6 44.2 41.6 39.2 37.2 37.4 37 35.4 34.6 37.5 40.1 39.8 41.5 51.7 50 43.7 38.6 35.2 35.4 37.8 39.4 33.8 29.4 28 28.9 29.1 34.1 40.1 48.4 40.5 40.4 35.5 37 38.5 39.7 37.8 39.6 44.7 53.6 63.6 71.3 72.3 75 76.8
-1.4 -1.4 -1.4 -1.4 -1.4 -1.4 -1.4 -1.4 -1.4 -1.4 -1.4 -1.4 -1.4 -1.4 -1.4 -1.4 -1.4 12.7 19.3 26.2 37.1 36.2 33.2 30 25.4 22.7 22.8 23.5 22.2 22.5 22.1 19.8 17.4 15.2 14.6 18.9 23.7 27.2 30.6 39.2 43 42.2 43.3 42.2 39.9 38 37.1 35 33.9 34.3 36 35 31.2 39.8 47.1 44.3 40.9 36 30.9 32.3 33.8 32 28.8 25.7 30.5 27.9 31 37.1 45 50.2 46.5 40.1 34.9 35.8 37.6 36.9 39.1 42.3 46.8 55.3 70.5 74.2 75.7 73.9 70.6
-1.4 -1.4 -1.4 -1.4 -1.4 -1.4 -1.4 -1.4 -1.4 -1.4 -1.4 -1.1 -0.2 -0.6 -1.4 -1.4 0.3 7.2 21.7 37.9 40.5 40.1 39.4 35 27.1 26.3 25.8 25.3 24.6 21.6 18.8 16.7 15.1 12.9 16 20.2 24.9 29.6 33.8 38.2 41.7 42.9 43.1 42.1 40 38 35.1 32.9 35.7 35.8 33.2 29.8 34.5 38.8 38.2 38 35.5 31 29.4 31.2 34.3 34 25.3 26.3 26.4 37.2 38.1 41.9 45.7 48.3 42.9 38.6 34.2 35.2 37.6 37 38.2 39.8 45.2 56.5 69.5 72.3 68.7 65.8 62
-1.4 -1.4 -1.4 -1.4 -1.4 -1.4 -1.4 -1.4 -1.4 -1.4 -0.7 0.2 1.1 0.7 -0.1 -0.1 0.5 1.9 14.5 35.5 30.5 42.4 44.8 39.8 35.6 32.9 29.1 26 22.7 19.3 13.3 11.2 13.4 19.7 21.7 21.8 23.8 28.2 33.6 37.8 40.4 41.8 41 38.8 38.1 36.3 32 29.7 32.5 33.4 30.9 34.6 37.9 39.4 36.5 30.9 28.2 25.8 25.6 33.4 27.9 26 24.8 24.8 34.6 42.8 51.8 49.5 44.6 43.1 39.2 35.7 33.3 36.3 38.1 37.7 36.9 37.2 43.3 56.9 66.6 70.4 66.9 57.7 50.6
-1.4 -1.4 -1.4 -1.4 -1.4 -1.4 -1.4 -1.4 -1.4 -1.4 -1.4 0.5 1.9 1.7 1.2 1.5 1.8 9.1 13.7 18.1 43.3 41.8 41.9 40.2 38.1 34.5 29.1 22.5 18.7 13.9 10.9 12.5 18.9 22.7 25.1 29 31.2 30.1 28.1 31.3 35.2 38.3 38.6 34.3 31.1 30.9 29 27.1 25.9 27.5 27.4 28.2 28.9 29.3 29.8 25.3 23 23 24 24.1 24.1 26.2 27.3 31.3 43.2 54.7 58.6 55.6 47.9 42.4 39.6 33.8 33.5 37.9 40.3 38.3 36.6 36.8 49.7 60.2 49.8 55.1 59.5 42.8 39.2
-1.4 -1.4 -1.4 -1.4 -1.4 -1.4 -1.4 -1.4 -1.4 -1.4 -1.4 -0.1 2 10.3 7.3 7.6 13.2 13 11.5 12.2 19.4 34.9 46.8 39.4 36.9 31.5 26.5 20.3 12.5 10.2 10.3 15.7 22.4 32.8 35.3 38.2 40.7 42.7 49 45.4 29.4 28.3 30.2 28.3 25.5 24.8 25 23.9 22 20.4 19.4 20.2 17.3 17.7 23.4 22.8 22.7 23 23.7 25.8 29.3 37.5 49.5 55.1 61.1 66 64.6 57.9 48.6 42.4 37.9 33.3 33.6 36.2 40.8 41.5 36.5 36.5 49.8 56.7 48.9 36.4 37.2 36.7 38
-1.4 -1.4 -1.4 -1.4 -1.4 -1.4 -1.4 -1.4 -1.4 -1.4 -1.4 0.2 2.4 9.5 11.1 9.8 11.4 12.6 10 18 19.7 25.4 36.7 40.9 39 31.6 24.4 17.9 10.2 9.9 12.4 18.3 23.3 30.7 34.2 37.5 37.5 36 37.1 37.9 38.4 33.3 22.3 21.5 21.9 22.6 21.8 19.5 15.7 15.4 16.3 16.6 17.8 17.2 19.2 29.7 32.3 23.3 24.9 38.3 49.7 63.2 71.8 79.4 76.4 73 62.1 53 44.1 40.9 36.8 33.2 34 37.3 38.6 36.6 36.5 36.8 38.8 37.2 36.6 36.4 36.4 37 38.5
-1.4 -1.4 -1.4 -1.4 -1.4 -1.4 -1.4 -1.4 -1.3 -1.4 0.5 1.4 9.1 11.3 12.1 10.9 8.3 11.6 5.6 9.4 14.6 17.2 25.5 36.2 34.6 28.6 20.4 13.1 9.1 16.5 24.6 24.1 25.9 27.2 27.9 29.1 32.2 30.1 27.6 26.9 24.6 20.6 20.1 18 17.7 18.8 21.5 17.8 14 14.1 15.7 18 17.7 17.9 24.8 26.2 22.4 32.5 56.8 61.3 64.9 73.3 78 76.9 73.9 68.8 56.9 43.7 36 33.2 32.6 36.2 37.4 39.8 36.6 36.5 36.5 37.3 36.5 36.4 36.5 36.7 36.6 36.9 37.4
-1.4 -1.4 -0.6 -1.4 -0.4 -1.4 -0.6 -1.4 0.4 1.1 3.3 11.3 13.7 15.3 15.9 6.5 10.2 10.2 7.1 10.6 11.6 16.4 18.1 22.4 24.9 20.2 12.8 9.8 24 36.9 34.8 30 28.4 28.1 22.7 23.2 21.5 21.2 18.1 14.3 11.5 12.7 14.9 13.5 9.8 18 16.8 14.3 13.4 14.2 15.6 17.6 18.2 19.7 29.2 44.2 52.4 54.9 64.5 64.7 65.7 75.9 75.2 69 64.8 59.2 47.1 34.6 29.2 29.2 43.4 42.8 40.9 39.2 36.5 36.5 36.5 37 38.6 36.6 36.9 37.2 36.5 35.3 34.6
-1.4 -0.8 0.6 0.9 1.3 1.1 1 1.4 3.7 10.7 11.4 12 12.7 12.8 12.9 11.4 10.6 9.2 9.5 9.3 10.8 14.6 14.9 13.9 13.6 11.9 9 15.6 24.3 32.9 38.5 32.6 27.5 26.3 22 18.9 13.7 10.7 8.9 8.1 8.3 8.2 9 8 7.8 8.5 15.9 14.3 13.4 14 15.9 17.8 27.8 36.5 42.2 51.6 59.3 61 64.5 62.2 62.8 64.6 62.5 57.7 53.8 46.5 39.6 25.7 23.5 41.5 44 45.3 44.4 39.1 36.5 36.5 36.5 37.3 37.1 36.4 37.3 38.1 37.2 34.7 34.5
-1.4 0.6 1.8 6.8 10.4 11.1 11.7 11 12.1 13.2 11.9 12.4 14 17.3 11.7 15.7 11.3 8.6 5.7 7.7 5.9 10 10.3 9.8 4.5 8.3 12.5 17.9 19.8 24 31.4 31.4 24.7 19.8 16.8 14 9.7 8.1 7.4 6.6 6.4 6.8 7.2 7.4 7.5 7.5 13.1 17.6 31 34.8 35.8 35.8 38 40.1 42.6 49.3 55 57.2 55.8 59.4 48.4 50.6 45.8 42.8 37.2 29.6 19 23.1 39.9 38.6 41.2 42 40.7 37.7 36.7 36.5 36.5 37.6 37.6 36.6 36.3 36.1 35.4 34.7 35
1.8 6.1 9.4 12.1 12.1 13.4 15.7 11.9 13.4 14.8 11.7 15.5 16.4 15.1 12.2 15.1 11.9 10.5 7.3 6.6 7.3 7.9 6.1 6.4 5.5 3.4 4.7 4.8 10 15.4 17.3 21.1 21.2 16.4 11.1 9.8 8.9 8.1 7.2 6.4 6.2 6.7 7.1 7.1 7.4 10.1 27.9 35 35.3 37.4 39.6 42.3 45.1 44.2 43.8 52.3 50.4 52.7 47.8 44.1 41.7 38.2 37.7 35.6 27.5 12 23.5 37.5 37.7 33.8 36.8 37.6 39.1 37.6 37.1 37.4 37.7 37.1 37 36.7 36.3 35.6 35 35.2 35.2
7.4 8.5 10.1 11.6 11.7 13.5 15.7 17.2 13.6 15.2 16.4 15.7 15.3 15 13.5 15 12.5 10.5 7.9 6.3 6.2 5.3 5.2 3.6 3.3 2.3 2 2 1.9 5.9 8.9 11.3 12.3 10.7 8.2 8 7.3 7.2 7 6.2 6.1 6.4 6.7 10.4 13.3 28.2 33.9 37.1 37 36.4 37.9 39.8 41.3 42.5 43 45.5 45.5 50.6 44.3 37.8 35.8 29.8 27.3 19.4 10.5 13.6 28.8 33.5 28.2 32.8 39.2 40.7 42.2 38.7 39.1 39.5 38.7 37.3 37.2 37 36.6 36.3 35.6 35.9 37.1
6.6 8.5 11 12.9 14.3 14.2 16.1 16.5 16.7 15.1 15.5 15 14.8 15.4 14.1 14.8 12.5 10.2 8.6 6.5 5 5.3 4 2 2 2 2 1.9 1.9 2 2.2 6.1 7.4 7.9 7.1 6.6 6.6 6.7 6.5 5.8 6.1 16.2 21 23.6 25.3 28.9 31.8 31.7 36 35.2 35.6 36.8 37.9 39.5 41.7 43.3 41.6 40.1 39.5 35.4 31.4 22.7 10.1 9.9 9.7 24.1 28.8 25 25.8 35.2 43.2 46.7 45.9 43.1 43 42.3 40 38.1 37.6 37.2 37.8 38.5 38.7 39.1 39.8
7.4 8.4 9.7 13.4 14.3 14.9 15.2 15.6 16.1 15.6 15.4 15.4 15.2 15 14.5 13.8 11.8 9.9 9.4 9.5 7.5 5 2 2 2 2 2 2 1.9 1.9 1.9 3.3 6.4 7.5 6.9 6.2 6.3 6.4 6.3 7.8 14.9 17.1 22.5 31.5 29.5 29.7 30.5 31 32.3 30.7 30 30.5 32.7 37.8 38.8 39 37.4 36.6 35.4 29.1 22 9.8 8 8.1 13.9 18.3 20.5 31.9 40.1 43.7 53.2 55.8 49.5 45.3 41.9 40.3 39.4 39.1 39.3 40.4 41.4 42.9 43.5 40.7 40
3.2 6.8 8.6 12.2 12.9 13.2 13.5 14 14.6 15.2 15.7 15.9 15.7 14.5 13.4 12.4 10.1 9.5 9 10.2 10.8 7.2 2 2 2 2 2 2 2 1.9 1.9 2 5.2 7.3 7.3 6.7 6.4 6.1 5.3 8 8.8 17 16.6 18.1 20.2 29.4 26.7 28.6 28.4 25.7 25.2 26.8 30.6 34.9 38.5 36.1 35 34.5 31.2 24.8 17.2 10 6.8 7.6 10 15.1 20.6 34.9 41.5 48.8 55.1 57.5 53.2 51.4 43.8 41.6 41.4 41.6 42.7 43.8 44.9 46.2 45.4 43 40.3
7.4 7.8 7.8 10.4 11.4 11.6 12.1 12.7 13.3 14.1 15.1 16.1 15.7 14.6 12.8 10.3 8.5 8.1 7.6 8 8.1 4.4 2 2 2 2 2 2 2 2 1.9 2 2.3 7.1 6.5 5.8 5.5 5.3 6.5 9 7.7 10.2 14 19.2 24.4 29.7 25.5 25.2 25.2 25.1 25.2 27.2 30.5 32.3 32.9 32.8 33.1 32.7 27.8 23.5 16.7 8.5 6.3 6.7 10.1 14.3 22.2 33.7 40.9 44.3 62.7 54 48.3 48.9 46.5 44.5 44 45.2 46.3 46.2 46 43.1 41.6 39.6 39
2.2 7.2 7.6 9.2 10.6 11.6 12.1 11.5 12.2 13.1 14 14.8 15.6 13.5 10.4 7.5 7.1 6.4 5.2 2 1.8 1.8 1.9 2 2 2 2 1.9 1.9 1.9 1.9 1.9 2 2.8 4.5 5.1 5.2 4.9 5.2 6.5 8.4 12.5 15.1 15.6 19.7 24.3 23.9 26.1 25.2 26.2 24.9 26.1 28.6 28.8 28.3 27.6 29.2 27.9 25.1 20.1 12.4 6.5 5 5.9 9.5 18.2 25.2 35.6 36.2 38.5 39.2 42.3 46 50.9 51.9 53.7 49.9 47.5 49.1 50.4 48.2 43.7 40.3 37.7 36.9
2.8 4.5 7.6 9.8 11.2 11.6 12.2 11.3 11.9 13.1 11.4 13.4 13.5 9.9 7.2 5.3 5.5 3.9 1.7 1.1 1.1 1.5 1.9 2 2 2 1.9 1.9 1.9 2 2 2 2.2 2.8 3.7 4.5 7.2 8.8 5.2 6 7.2 10.5 15.5 15 17.3 29.7 30.3 27.7 24.1 24.7 22.7 22.1 24.1 23.5 22.8 24.5 20.7 18.2 15.9 13.3 7.7 4.9 4.5 4.9 11.1 23.2 36.7 39.3 28.6 31.8 36.3 39.8 44.8 52 55.6 55.4 51.6 48.1 50.5 49.9 47.7 44.4 41.1 37.9 35.7
3.7 6.2 7 8.7 11.5 13.4 13.6 13.2 12.6 11.5 9.6 9.8 6.8 3.8 3.8 3.4 1.9 1.2 0.6 0.3 0.5 1.1 1.8 2 1.9 2 1.9 2 2 2 2 2 2.3 3 3.4 3 4.3 4.8 5.4 6 6.4 6.2 9 13 18 21.2 22 22.9 21.9 20.6 20.4 20.4 19.6 18.9 16.7 15.1 10.6 10.5 10.8 10.3 5.1 4.4 4.4 5.9 16.4 22.1 27.3 30.6 26.6 27.6 33 37.9 44.5 52.2 55.1 54.3 51.5 46.7 47.8 48.5 47 44.6 42 38.5 35.8
5.2 5.6 8.6 8.5 11.7 13.5 13.1 14.1 13.2 8.9 7.2 5.9 3.3 2 2 1.3 0.2 -0.3 -0.5 -0.4 0.1 0.7 1.4 2 2 2 1.9 2 1.9 2 2 2 3 3.7 3.8 3.8 4.1 4.6 5.1 6.2 6.4 6.9 7.7 10.6 14 16.5 17.6 19.5 19.6 18.9 17.9 18.4 13.6 10.6 8.3 6.1 5 5 5.2 4.3 4.2 4 4.4 6.4 16.4 26.8 25.2 23.7 24.5 24.5 28.6 36.2 48.8 50.9 54.2 54.6 51.6 47.2 45.5 46.1 44.5 42.7 40.5 38.5 35.7
7.9 6.7 5.8 8.6 11.4 11.4 11.3 12.1 9.1 6.5 5.5 1.6 0.9 1.1 1.4 0.4 -1.4 -1.4 -1.4 -0.9 -0.4 0.3 1.1 1.8 1.9 2 2 1.9 2 2 1.9 1.9 4 4 4 3.9 4.2 4.4 4.8 6.8 11.6 13.2 12.1 15.5 31.9 21.1 17.7 18.3 18.5 16.8 14.6 11.1 6.7 5.3 4.4 4.1 3.8 3.9 4 3.8 3.8 3.8 4.6 7.5 16.5 25.6 23.5 24.2 22.9 24.4 27.2 49.2 47.9 45.9 49.6 50.2 49.1 48.5 46.3 43.2 40.5 39.7 39.9 39.1 37.6
7 8.7 9.1 10.4 10.9 10.7 9.9 7.7 4.9 1.9 0.8 0.6 -0.5 -1.4 -1.4 -1.4 -1.4 -1.4 -1.4 -1.4 -0.7 0 0.7 1.4 1.9 2 2 2 1.9 2 1.9 2.5 3.9 4.4 4.2 4.1 4.4 4.5 4.7 5.4 6.6 12 13.7 12.6 17.7 19.6 18 16.6 16.7 16 12 6.9 4.9 4.4 4.2 3.9 3.6 3.5 3.4 3.2 3.4 4.2 5.6 10.9 20.4 21 26.8 29 27.6 24 29.9 45.1 46.2 42.5 42.9 42.6 43.2 44.4 43.4 42.6 39.6 41.1 41.8 40 38.3
10.7 11.7 12 12.7 12.2 9.7 5.1 2.3 2 -1.4 -1.4 -1.4 -1.4 -1.4 -1.4 -1.4 -1.4 -1.4 -1.4 -1.4 -1.4 -0.4 0.3 1.1 1.8 2 2 2 1.9 1.9 4.2 3.2 3.5 4.7 5 4.3 4.5 4.6 4.8 5 7.1 5.5 6.6 10.3 13.5 15.3 14.4 14.6 15.3 13.3 9 5.4 4.7 4.1 3.9 3.6 3.3 2.7 3.4 3.2 3.7 4.7 5.9 10.5 17.7 23.7 25.9 25.4 23.9 26.8 28.1 44.5 42.4 40.7 39.6 41.2 42.9 43.7 39.1 39.3 39.7 40.6 40.3 38.8 37.4
13.9 14.4 14.1 15.2 13.7 10.5 5.8 1.1 -1.4 -1.4 -1.4 -1.4 -1.4 -1.4 -1.4 -1.4 -1.4 -1.4 -1.4 -1.4 -1.4 -1.4 -0.1 0.7 1.4 1.9 2 2 3.7 4.8 5.6 4.4 4.4 4.5 5.1 6.3 4.6 4.7 4.9 5.1 5.4 5.1 8.7 10.6 13.1 14.4 12.8 14.1 14.6 11.9 8.5 5.6 4.5 3.9 3.6 3.2 -1.4 2.4 -1.4 2.9 4.8 8.4 9.7 7.3 14 23.3 25.2 24.4 26 31.5 27.3 34.4 37.3 38.3 36.9 40.3 39 34.8 39.7 37.1 36.9 38.1 38.4 37.9 36
15.4 14.7 14.7 13.1 12.7 9.2 7.3 -1.4 -1.4 -1.4 -1.4 -1.4 -1.4 -1.4 -1.4 -1.4 -1.4 -1.4 -1.4 -1.4 -1.4 -1.4 -0.4 0.4 1.2 1.9 2.8 4.5 5.6 7.1 6.2 4.7 4.6 4.7 6.2 8.6 5.5 4.6 4.7 4.9 4.7 4.4 4.7 4.9 10.8 9.2 11.6 16.1 17.5 15.3 9 6 3.9 3.6 3.2 2.3 -1.4 -1.4 -1.4 4.2 8.8 7.7 4.3 4.8 13.6 22.6 27.9 31.6 25 27.1 27.1 26.5 31.7 32.7 29.1 29.2 34.2 34.6 33.9 33.3 35.1 35.4 36.2 36.1 32.5
13.9 13.9 14.4 11 7.2 3.6 4.6 -1.4 -1.4 -1.4 -1.4 -1.4 -1.4 -1.4 -1.4 -1.4 -1.4 -1.4 -1.4 -1.4 -1.4 -1.4 0.2 0.7 1.5 5 10.1 7.6 6.4 5.7 5.1 4.3 4.3 4.3 4.3 6.5 5.2 4.6 4.5 4.4 4.1 4.3 4.5 4.8 5.4 7.9 12.1 16.7 17.2 17.8 12 5.5 2.5 2.4 2 2 1.9 1.9 -0.4 2 2.5 3.3 3.7 4.4 12.8 18.8 25.9 27.8 24.5 25.8 26.4 28.1 27.3 22.8 26.1 32 34.4 33.6 33.1 36.1 36.7 35.9 35.7 34.3 29.5
12.8 12.9 11.8 9.4 2 0 -1.4 -1.4 -1.4 -1.4 -1.4 -1.4 -1.4 -1.4 -1.4 -1.4 -1.4 -1.4 -1.4 -1.4 -1.4 0.2 1.5 1.9 3.8 9.9 14.3 11.2 7.3 4.3 4.3 4.5 10.9 9 13.2 13 11.3 10.2 7.1 3.8 3.9 4.1 4.4 4.8 11.6 12 13.7 16.2 14.4 16.8 17.4 8.2 1.9 1.9 1.9 1.9 2 2 1.5 2 1.9 2.2 3.2 4.5 6.6 14.1 20.9 26.1 20.9 24.6 28.2 27.3 22 23.8 33.1 32.1 32.4 33.5 37.7 40.3 40.1 37.1 34.3 31.8 26.8
10.8 8.7 5.8 6 -1.4 -1.4 -1.4 -1.4 -1.4 -1.4 -1.4 -1.4 -1.4 -1.4 -1.4 -1.4 -1.4 -1.4 -1.4 -1.4 -1.4 2.6 5.4 6.6 9.1 11.5 14.1 14.2 12.4 5.5 4.3 4.9 14.4 16.8 15.1 17.2 14.7 14 18.1 7.3 4.5 5 5.2 7.6 12.1 13.6 14.5 14.1 9.6 9.2 11.3 4.4 1.9 2 2 2 2 1.9 2 2 1.9 2.1 3.5 4.3 10 14.7 15.9 18.8 20.7 20.7 20.3 21.4 24.2 28.3 32.7 32.3 33.5 38.4 41.3 42.3 39.7 36.8 34 31 27.2
1.9 1.4 1.4 -1.4 -1.4 -1.4 -1.4 -1.4 -1.4 -1.4 -1.4 -1.4 -1.4 -1.4 -1.4 -1.4 -1.4 -1.4 -1.4 0.4 1.2 7.9 10 11.8 13.5 15.1 21.9 17.4 17 14.8 9.9 5.7 10.4 16.5 15 16.9 15.4 11.2 6.3 5.3 4.5 4.8 7.6 10.2 12.2 11.9 10.7 11.8 13.4 5.2 3.5 1.9 2 1.9 1.9 2 1.9 2 1.9 2 2.4 3.1 4.2 9.1 15.7 18.6 25 28.6 27.8 25.5 26.3 28.4 31.9 34.7 37 34.9 32.9 35 38.3 41.2 37.5 36.7 35.5 33.5 29.6
-1.4 -0.4 -1.4 -1.4 -1.4 -1.4 -1.4 -1.4 -1.4 -1.4 -1.4 -1.4 -1.4 -1.4 -1.4 -1.4 -1.4 -1.4 0.5 1.9 2 9.6 11.5 12.8 15.1 17.2 30.4 28.5 20.9 19.8 14 12.7 11.5 14.8 15.1 15.2 14.8 13.4 28.6 28.4 19.2 16.3 14.9 12.1 11.1 10.8 10.2 13.2 13.5 7.6 2 1.9 1.9 1.9 1.9 2 1.9 1.9 1.9 1.9 2.4 3.1 5.6 12.6 20.4 28 29.9 28.5 34.8 34.2 35.2 36.6 38.1 39.9 41.5 41.4 42.4 43.9 44.9 46.4 46 42.8 39.1 36 29.6
-1.4 -1.4 -1.4 -1.4 -1.4 -1.4 -1.4 -1.4 -1.4 -1.4 -1.4 -1.4 -1.4 -1.4 -1.4 -1.4 -1.4 -0.2 1.6 4.7 4.8 4.3 8.2 11.1 12.8 17.9 20.2 34.6 32.2 27.4 21.5 18 15.3 15.9 15.2 15.1 15.1 18.8 19.5 21.8 22.7 19.7 16 11 9.4 7.3 5.8 7.3 6.3 2 2 1.9 1.9 1.9 2 2 1.9 2 2 1.9 1.9 2 5.5 13.7 21.1 25.2 33.7 36.9 38.5 37.6 39.5 42.4 44.6 43.6 44 47.1 53.8 56.9 57 57.8 54.9 50.7 43.8 40.6 34.5
