data/130000-830000.asc
ncols 200
nrows 200
xllcorner 130000
yllcorner 830000
cellsize 50
[rows 114 to 151 of 200, columns 84 to 167 of 200]
53.6 58.1 65.1 71.1 71.5 73.6 70.2 63.9 55.8 47.2 42.2 40.7 41.5 42.3 55.9 58.6 67.2 59.8 55 54.8 59.6 70 72.8 74.4 71.5 67 63.4 60.9 60.2 61 64.3 68.5 71.8 74 75.1 74.7 74 73.2 71.4 68.7 65.5 61.9 49.4 36.2 -1.8 -1.8 -1.8 -1.8 -1.8 -1.8 -1.8 -1.8 -1.8 -1.8 -1.8 -1.8 -1.8 -1.8 -1.8 -1.8 -1.8 -1.8 -1.8 -1.8 -1.8 -1.8 -1.8 0.4 1.4 2.5 3.3 4.9 4.4 2.5 13.7 22.4 32.7 41.2 52.6 68.4 86.2 91.1 92.3 100.9
55.1 60.4 67.3 71.1 75.8 75.8 72.5 67.5 59.1 52.9 46.2 40.1 41 43.5 46.3 49 49.5 51 52.7 56.8 65.3 70 72.1 76.8 75.7 70.1 65.3 62.2 60 61.6 65 69.4 73 76.8 77 76.4 75.9 75.7 73 70.3 67.5 64.9 56.3 46.8 36.4 19 -1.8 -1.8 -1.8 -1.8 -1.8 -1.8 -1.8 -1.8 -1.8 -1.8 -1.8 -1.8 -1.8 -1.8 -1.8 -1.8 -1.8 -1.8 -1.8 -1.8 -1.8 -0.6 0.8 2.5 2.5 4.6 11.7 22.5 31.2 40.9 52.3 60.5 73.5 87.7 99.3 104.4 103.2 106.6
59.8 65.5 73.4 78.4 80.5 79.5 73.2 69.7 66.9 62.8 57.5 47.7 42.2 45.9 48.3 47.8 50.4 56.1 58.9 63.8 79.4 76.3 76.4 81.5 83.2 77.3 66.8 63.5 60.2 60.5 65.2 70.4 74 80.1 82.1 79.2 78.9 79.6 76.4 72.2 69.2 65.7 60.7 52.2 43.3 35.7 20.7 -1.8 -1.8 -1.8 -1.8 -1.8 -1.8 -1.8 -1.8 -1.8 -1.8 -1.8 -1.8 -1.8 -1.8 -1.8 -1.8 -1.8 -1.8 -1.8 -1.8 -1.8 0.4 2.8 11.1 19.3 31.7 44 54.7 64.8 74.7 81.2 90.4 101 108.2 114.4 112.1 115.1
74.9 80.3 82.7 85.9 86.3 80.9 75.9 73.7 72.7 69.7 65.6 59.8 50.1 45.5 50.4 53.2 62.9 71.8 84 77 82.6 85.6 82.1 86.5 88.7 81.9 68.6 64.1 61.3 60.3 63.4 69.8 75.3 81.7 86.4 84.5 82.1 82.9 80.6 76.2 71.8 67.9 63.3 61.6 53.5 44.7 30.6 16.1 -1.8 -1.8 -1.8 -1.8 -1.8 -1.8 -1.8 -1.8 -1.8 -1.8 -1.8 -1.8 -1.8 -1.8 -1.8 -1.8 -1.8 -1.8 -1.8 -1.8 -1.8 6 19.7 32.3 49.5 60.2 67.7 78 86.5 106.3 111 114.3 117.7 121.8 120.5 122.5
75.4 89.6 95 97.4 91.3 84.6 79.6 78.2 77.4 78 74.2 66.8 61.2 51.4 49.4 57.1 72 99.1 101.6 88.7 93.3 92.6 91.5 91.5 96.3 86 72.1 67 63.2 62.1 61.7 66.6 76.6 83.3 88.9 91.1 86.8 87.2 85 79.3 75.9 71.5 66.9 64.5 60.6 54.4 40.3 33.5 16.5 -1.8 -1.8 -1.8 -1.8 -1.8 -1.8 -1.8 -1.8 -1.8 -1.8 -1.8 -1.8 -1.8 -1.8 -1.8 -1.8 -1.8 -1.8 -1.8 -1.8 11.7 31.9 46.1 57.9 67 77.6 90.7 104.2 121.6 129.9 126.7 126.3 128.6 130.4 130
72.5 97.6 106 106.9 94.9 87.2 82 79.6 82.7 83.8 83.1 75.5 67.3 60.6 50.5 59.1 68.2 91.1 102.4 107.9 109.8 111 105.6 97.7 91.9 86.1 75 69.4 64.5 63.9 64.9 64.2 73.1 81.9 87.6 90.9 91 89.7 86.1 83.1 80.8 78.3 72.1 67.9 64.4 60 52.3 42.4 37.2 15 -1.8 -1.8 -1.8 -1.8 -1.8 -1.8 -1.8 -1.8 -1.8 -1.8 -1.8 -1.8 -1.8 -1.8 -1.8 -1.8 -1.8 -1.8 -1.8 17.1 34.2 51.3 63.1 77.7 92.8 107 115.2 129.2 142.1 137.8 135.7 137.9 136.8 132
87.4 95.2 106.3 105.6 98 89.3 84.8 85.9 89.1 90.7 90.3 86.1 74.8 67.8 60.7 55.1 64.3 76.8 100.7 120.2 120.8 121.2 116.6 102.8 92.3 84.2 76.2 71.7 67.5 67.5 69.6 68 70.5 78.2 86.4 90.9 92.9 93.8 88.8 86.6 81.5 80.3 79 75.2 70.5 65.2 55.9 46.3 44.2 34.2 18.6 -1.8 -1.8 -1.8 -1.8 -1.8 -1.8 -1.8 -1.8 -1.8 -1.8 -1.8 -1.8 -1.8 -1.8 -1.8 -1.8 -1.8 -1.8 17.8 33.3 51.5 64.2 81.5 101.2 114.2 124.1 130.8 150.7 147.8 143.8 146.2 144.3 140
95 90.6 104.4 104.2 96.2 91.9 87.4 89.9 94.6 98.1 103 100.7 86 75.4 69 60.3 60.1 69 89 116.7 124.6 125.5 120.7 105.4 92.1 83.9 77.4 72.7 69.9 68.6 71.1 71.6 69.9 73.8 80.4 87.6 91.4 91.2 90.9 87.5 84.5 84.1 83.2 81.3 76 69.8 61.7 53.3 46.6 42.6 33.8 15.8 -1.8 -1.8 -1.8 -1.8 -1.8 -1.8 -1.8 -1.8 -1.8 -1.8 -1.8 -1.8 -1.8 -1.8 -1.8 -1.8 -1.8 13.9 31.9 51.9 64.7 80.2 98.2 112.8 125.1 140.1 149.2 149.9 152.6 150.4 150.7 148.6
95.7 99.4 97.3 98.6 100.1 96.6 91.7 94.2 98.3 105.6 111.3 111.3 100 84.1 75.8 68.5 60.7 64.6 72 90.9 114.2 115.7 109.3 96.2 88.3 83.7 79 74.8 72 70.3 73 77 75.8 73.7 75.9 80.1 86.4 87.8 89.1 87.1 85.9 84.6 84.2 84.8 81.3 76.5 67.2 59.5 51.7 47.2 40.9 28.8 8.3 -1.8 -1.8 -1.8 -1.8 -1.8 -1.8 -1.8 -1.8 -1.8 -1.8 -1.8 -1.8 -1.8 -1.8 -1.8 -1.8 -1.8 26.8 46.6 61.3 75.6 97.8 115.1 125 139.7 146.8 150.6 157.4 158 158.6 156.3
97 100.4 98.3 99.5 100.9 101 96.4 97.4 102.4 109.6 116.9 116.9 109.3 95.9 84.1 75.6 68.3 60.6 65.7 72 87.2 97.1 96.2 92.2 87.3 82.6 80.3 77.4 74.9 75 77.3 80.4 83.1 77.2 78.9 80.6 85.2 86.1 87.9 88.6 88.1 86.7 87 86.7 84.4 81.1 71.2 61.7 55.7 49.9 44.6 39.1 22.4 -1.8 -1.8 -1.8 -1.8 -1.8 -1.8 -1.8 -1.8 -1.8 -1.8 -1.8 -1.8 -1.8 -1.8 -1.8 -1.8 -1.8 15.7 38.5 55.2 67.6 88 118.5 134.2 143.7 150.2 156.3 161.5 169.5 167.4 163.7
95.7 98.9 97.8 97 101 100.9 99.7 98.5 106.4 115 121 122 118.7 108.1 96.2 85.1 76.4 67.8 62.5 67.2 73.5 82.9 91.5 88.1 85.2 82.3 80.5 78.8 77.4 77.8 79.7 81.3 82.8 80.9 78.3 80.3 81.9 84.1 88.1 89.9 88.8 88.7 87.9 87 85.7 83.3 76.1 67.3 60.1 54.1 47.8 44.7 35.2 17.4 -1.8 -1.8 -1.8 -1.8 -1.8 -1.8 -1.8 -1.8 -1.8 -1.8 -1.8 -1.8 -1.8 -1.8 -1.8 -1.8 -1.8 28.9 49.3 61 77.3 109 137.5 147.4 154.5 161.3 166.3 170.9 171.1 167.8
98.4 99.9 98.2 97.5 98.8 100.6 104.7 107.4 109.4 112.4 122.4 125.8 125.8 118.5 108.6 97.3 85.6 74.9 67.3 64.8 69.1 76.6 82.8 82.9 82.3 80.8 80.7 81 80.9 81.3 79.7 80.8 83.1 82 77.8 81 81.3 83.2 88.4 90.5 90.2 90.4 89.6 88.3 86.8 85.5 82.2 75 65.6 58.2 51.8 48 41 26.9 -1.8 -1.8 -1.8 -1.8 -1.8 -1.8 -1.8 -1.8 -1.8 -1.8 -1.8 -1.8 -1.8 -1.8 -1.8 -1.8 -1.8 15.7 39.7 57.1 71 97.3 129 145.8 158 167.3 171.2 169.6 173.1 178.9
100.2 98.8 98.5 98.9 98.1 101.5 117.3 124.7 123.2 120 122.2 130.6 133.9 127.8 120.4 110.1 97.2 86 75.3 72.6 68.5 71.3 76.6 79.9 80.4 81.2 82.1 83.3 84.2 82.4 81.2 80.9 84.3 83.3 80.4 82.1 83.7 85.4 87 92.9 98.3 95.4 92.2 90.5 89.3 89 85.9 80.1 73.2 64.6 58.4 53.6 47 37.6 20 -1.8 -1.8 -1.8 -1.8 -1.8 -1.8 -1.8 -1.8 -1.8 -1.8 -1.8 -1.8 -1.8 -1.8 -1.8 -1.8 -1.8 25.9 49.7 65 92.3 120.4 147.3 162.7 172 176.4 176.6 177.6 180.5
103.2 104.3 101.4 112.1 108.7 106.9 127.7 134.3 130.8 129.3 128.6 132.7 140.1 139.1 127 122.4 109.3 95.9 84.6 81.1 76.5 71.5 72.6 75.7 78.9 80.2 84.9 87.6 89.2 86.7 85.6 86.4 86.2 84.5 83.2 81.8 83.2 86.3 88.6 92.5 97.7 99.7 94.8 93.5 92.8 92.3 88.9 83.9 78.3 72.6 66.1 58.5 50.2 38.4 30.5 -1.8 -1.8 -1.8 -1.8 -1.8 -1.8 -1.8 -1.8 -1.8 -1.8 -1.8 -1.8 -1.8 -1.8 -1.8 -1.8 -1.8 13 39.3 58.3 85.7 111.7 144.9 157.3 171.4 176.3 179.2 178.9 181.9
107 106.6 112.6 120.8 117.1 114.7 136.3 140 138.5 135.6 134.3 136.6 140.4 142 137.1 129.4 122.5 104.8 92.9 89.5 84.6 77.2 71.3 75 79.6 83.8 91.7 98.9 103.6 96.8 91.2 88 85.1 85.2 85.2 83.4 83.3 86.2 89.2 93.3 97.8 99.3 99.6 98.3 97.4 94.9 91.2 88.3 84.1 79 72.1 62.9 55.5 42.3 34.2 22.1 -1.8 -1.8 -1.8 -1.8 -1.8 -1.8 -1.8 -1.8 -1.8 -1.8 -1.8 -1.8 -1.8 -1.8 -1.8 -1.8 -1.8 28.8 50.5 76.7 102.8 139.5 154.7 167.4 172.4 177.9 180.4 183.5
108.5 112.6 119.1 125.9 121.5 129.1 138.4 140.7 142.2 141.8 138.2 139.2 139.4 144.2 143.9 136 128 114 100.2 95.1 91 83 77 75.9 80.5 87 98.3 103.5 110.2 109.7 98.2 88.4 85.8 88.6 88.9 88.2 84.7 86.5 89.8 93.9 97.3 100 100.3 100.6 100.9 96.9 94.6 92.1 89.7 85.8 77.8 65.9 56.7 49.2 37.9 30.2 -1.8 -1.8 -1.8 -1.8 -1.8 -1.8 -1.8 -1.8 -1.8 -1.8 -1.8 -1.8 -1.8 -1.8 -1.8 -1.8 -1.8 8.8 41.2 62.7 94.4 128.2 151.7 164.5 168.7 174 180.7 182.1
111.3 116.7 124.4 131.1 126.9 130.3 134.7 139.6 141.1 153.9 148.2 142.9 143.2 149 150.2 141.1 136.8 126 111.4 100.1 95.6 88.6 82.8 77.3 83.7 90.6 101.3 106.6 109 110.8 102.1 94.5 89.9 90.6 93.9 91.4 88.1 86.8 90.4 94.4 96.3 99.3 100.9 102.5 102.9 100.5 98.2 95.9 93.6 90.9 82 70.2 58.6 49 38.5 31 22 -1.8 -1.8 -1.8 -1.8 -1.8 -1.8 -1.8 -1.8 -1.8 -1.8 -1.8 -1.8 -1.8 -1.8 -1.8 -1.8 -1.8 24.5 52.5 79.5 115 145.7 158.5 165.8 168.5 173 178.2
113.7 119.2 129.7 136.7 133.7 131 132.9 136 139.8 153.6 155 153 152 149.6 151.9 147.1 148.1 142.8 124.2 107.7 100.6 94 87.4 81.8 83.1 89.8 97.5 103.1 107.6 108 100.7 98.4 95.1 93.2 94 94.6 92.4 90.1 91.9 94.8 98.5 100.6 104.8 107.8 107.6 104.9 101.6 98.8 94.4 90.2 84 72 60.8 54 41.2 33.5 26.9 -1.8 -1.8 -1.8 -1.8 -1.8 -1.8 -1.8 -1.8 -1.8 -1.8 -1.8 -1.8 -1.8 -1.8 -1.8 -1.8 -1.8 9 39.7 62.8 100.6 129.7 152.3 161.1 167.3 170.4 174.9
121.5 121.2 138.9 151.8 146.9 138.3 135.2 137.8 138.6 151.8 160.3 163.5 160.5 156.2 158.3 152.5 154.9 159.4 137.9 115.5 105.3 98.5 92.3 87.4 83.9 87.8 94.7 100.4 106.6 107.7 100.9 100.1 99.4 97.1 95.8 97.9 97.8 95.4 95.8 95.8 98.4 102.5 107.6 111 109.3 108.6 105.3 102.1 96.7 90.6 86.1 73.9 63 57.1 48.2 37.4 30.4 20.8 -1.8 -1.8 -1.8 -1.8 -1.8 -1.8 -1.8 -1.8 -1.8 -1.8 -1.8 -1.8 -1.8 -1.8 -1.8 -1.8 -1.8 22.5 51.4 79.5 108.4 135.9 156.1 165.5 171.2 173.2
129 128.4 144.4 169 160.2 152.3 140 138.3 138.4 150.9 165.7 163.4 163.9 163.6 161.3 156.2 153.5 154 146.3 125.2 109.3 103.4 98.3 93.5 90.2 85.6 92.9 99.7 107.9 109.4 103.6 102 101.1 100.9 99.8 101.3 100.6 99.4 98.8 98.6 98.4 102.7 107.6 109.5 111.3 112 108.8 105.5 100.4 94.8 89.2 78.3 65.7 59.7 53.4 44.4 35.9 24.1 -1.8 -1.8 -1.8 -1.8 -1.8 -1.8 -1.8 -1.8 -1.8 -1.8 -1.8 -1.8 -1.8 -1.8 -1.8 -1.8 -1.8 -1.8 34.4 61.9 84 110.4 140.3 157.4 166.6 169.1
126.1 129.6 148 162.4 159.1 167.1 158.8 140 138.7 152.3 168.3 171.3 170.1 167.3 163.4 159.8 154.7 149.1 143.6 132.4 117.6 112.8 106.3 101 96 90.6 92.2 100 105.2 108.6 109.2 108.4 107.6 112.5 111.4 102.3 102.2 102.3 102.5 102.5 101.9 101.8 106.7 110.2 113.1 115.1 111.1 107.8 103.3 97.9 91.9 83.5 70 62.3 56.1 48.6 40.4 31.6 10.4 -1.8 -1.8 -1.8 -1.8 -1.8 -1.8 -1.8 -1.8 -1.8 -1.8 -1.8 -1.8 -1.8 -1.8 -1.8 -1.8 -1.8 8.6 42.1 65.4 86.1 113.9 140.4 155.8 162.2
129.3 131.7 149.9 161.5 163.8 172.1 163.8 148.3 147.7 155.5 168.4 171.1 169.7 170.1 169.1 164.2 156.4 151.6 145.9 136.7 127.1 120.6 111.8 104.5 100 96.8 95.2 94 100.8 110 114.1 116.7 112.3 115.6 115.7 113.2 109.7 106.2 106.7 106.6 105.4 104 105 108.2 110.4 116.3 113.7 108.9 105.9 100.5 95.6 89 74.5 65.2 60.7 53.2 43.6 35.3 12.3 -0.9 -1.8 -1.8 -1.8 -1.8 -1.8 -1.8 -1.8 -1.8 -1.8 -1.8 -1.8 -1.8 -1.8 -1.8 -1.8 -1.8 -1.8 26 47 67.8 91.2 117 142.8 153.5
131.6 135.5 150.7 165.5 169.4 176.8 164.5 155 154.7 159.8 170.2 171.9 172.5 174.2 174 171.8 160.8 152.4 147.6 139.9 132 124.4 115.2 107.4 103.5 100.2 97.1 99.2 100.2 108.9 117.3 120.9 123.9 127.4 127.1 117.2 117.3 110.9 112.4 110.3 109.2 107.8 105.8 107.4 109.5 110.4 110.8 109 106.9 103.9 97.9 89.6 77.2 67.1 62.3 58.2 46.7 33.9 24.4 2.5 -1.8 -1.8 -1.8 -1.8 -1.8 -1.8 -1.8 -1.8 -1.8 -1.8 -1.8 -1.8 -1.8 -1.8 -1.8 -1.8 -1.8 4.4 29 51.9 72 96.2 120.1 139.5
134.6 137.3 148.6 168.1 171.1 178.8 167.7 159 158.7 161.5 171.1 173.9 175.1 177.7 180.4 176.6 168.2 157.8 150.6 143.4 135.5 127.4 118.8 111.7 108.3 103.9 98 100 101.4 105.7 117.4 123.8 124.2 128 135.6 128 120.6 121 118.7 115.6 113.3 111.7 109.5 108 108.8 110.5 110.5 107.8 105.9 102.1 97.8 89.4 79.1 69.6 66.5 63 41.5 39.8 36.1 22.4 -1.8 -1.8 -1.8 -1.8 -1.8 -1.8 -1.8 -1.8 -1.8 -1.8 -1.8 -1.8 -1.8 -1.8 -1.8 -1.8 -1.8 -1.8 11.2 36.5 59.8 81.1 102.9 119.8
138.1 140.2 148.3 167.6 175.4 179.9 177.6 164.7 166.7 172.8 177.2 185 180.4 180.9 182.5 180.6 172.4 162.5 153.4 149.7 141.7 132.3 122.2 115.2 111.3 111.3 107.3 101.9 105.8 107.9 116.4 124.6 129.4 132.8 141 139.2 129.9 130 122.5 122.1 118.2 115.8 113.7 112 110.3 111.2 108.8 107.6 105.2 102.4 97 91 79.6 71.3 67.7 59.5 48.4 45.1 39.7 31.8 -1.8 -1.8 -1.8 -1.8 -1.8 -1.8 -1.8 -1.8 -1.8 -1.8 -1.8 -1.8 -1.8 -1.8 -1.8 -1.8 -1.8 -1.8 -1.8 20.7 48.3 68.6 91.5 109.9
141.6 145.8 151.2 165.1 176 178.4 179.9 170 177 191.7 203 203.1 191.7 188.5 184.3 183 174.4 166.7 159.5 154.5 146.4 133.9 126.2 119.5 114.3 114.1 112.4 107.8 105.3 109.6 116 124.6 132.1 137.2 139.8 140.7 140.8 139.7 134.9 127.1 123.5 120.5 119 116.1 112.2 109.6 108.8 106.9 104.6 101.4 97.2 91.3 80.9 72.7 68.5 64 63.4 52.8 47.5 36.7 27.5 -1.8 -1.8 -1.8 -1.8 -1.8 -1.8 -1.8 -1.8 -1.8 -1.8 -1.8 -1.8 -1.8 -1.8 -1.8 -1.8 -1.8 -1.8 9.4 31.5 59 76.1 95.5
146.2 149.4 152.3 170.6 177 180.4 179.8 177.7 192.5 207.7 209.8 209.5 208.5 199.4 194.9 188.4 180.7 172.6 164.2 157 148.2 136.8 131.4 123.5 116.8 116.2 115.1 109.7 106.8 109.5 114.6 122.1 131.3 135.9 138.9 141.5 145.6 147.4 146.2 136.1 129.7 126 123.7 121.1 118.4 111.6 107.2 105.7 103.4 99.7 96.1 90.4 79.3 74.2 72.9 72 68.2 61.1 52.3 40.4 34.2 18.9 -1.8 -1.8 -1.8 -1.8 -1.8 -1.8 -1.8 -1.8 -1.8 -1.8 -1.8 -1.8 -1.8 -1.8 -1.8 -1.8 -1.8 -1.8 17.6 41.1 67.4 78.5
153.7 153.5 164.5 174.9 179.3 181.7 178.9 179.6 201.4 208.5 209.2 208.9 210.6 205.4 200.4 188.8 184.4 178.5 167.1 160 153.2 146.3 137.4 127.9 123.1 120.4 118.1 115.3 112.8 108.9 114 121.6 130.1 134.7 137.5 141.5 148.9 149.8 149.1 144.7 139.2 130.4 126.6 124.5 122 115.8 109.1 105.9 101.7 98.6 94.5 91.3 79 78.5 76.6 75.7 71.6 64 55.5 46.3 37.5 27.9 -1.8 -1.8 -1.8 -1.8 -1.8 -1.8 -1.8 -1.8 -1.8 -1.8 -1.8 -1.8 -1.8 -1.8 -1.8 -1.8 -1.8 -1.8 11.1 28.8 52.2 72.9
164.4 168.8 174.1 178.3 182.3 182.5 180.4 185.5 203.9 210.8 211.9 211.2 211.8 206.7 196 188.8 185.2 179.4 175.1 168.6 158.4 150.7 142.5 132.3 127.6 126 122.5 120.4 119 112.2 115.9 121.1 127.4 131.6 135.5 141.6 152.2 153.4 152 151 143.4 131.1 129.2 126.7 123.6 119.3 111 106.5 101.5 98.1 94.4 89.7 87.9 85.3 81.1 77.6 74.4 69.3 59.6 50.7 41.3 33.5 16.5 -1.8 -1.8 -1.8 -1.8 -1.8 -1.8 -1.8 -1.8 -1.8 -1.8 -1.8 -1.8 -1.8 -1.8 -1.8 -1.8 -1.8 8.1 18.8 34.7 53.2
183.6 192.7 191.2 193.6 193.8 187.2 184.4 188.2 208 215.5 218.7 220.7 216.3 213.1 206.7 192.7 188.2 184.3 182.1 175.3 167.4 155.8 149.4 140.1 131.5 129.6 125.4 123 120.6 117 118.1 122 124.8 129.9 136.6 146.6 156.5 158.1 153.5 150.1 137.4 135.8 128.6 126 122.7 118.6 112.8 107.8 102.7 98.7 95.6 92.2 90.5 88.8 80.9 78.9 78.9 79.8 66.2 55.6 45.4 36.9 27.5 -1.8 -1.8 -1.8 -1.8 -1.8 -1.8 -1.8 -1.8 -1.8 -1.8 -1.8 -1.8 -1.8 -1.8 -1.8 -1.8 -1.8 7.7 20.3 36.4 50
188.8 194.5 200.6 203.4 201.4 202.1 197.2 199.7 213.1 217 219.9 221.6 219.8 218.4 211.6 195.8 194.4 191.3 185.5 178.9 171.9 161.6 154.9 148.9 137.4 131.8 127.5 123.8 121.7 119.4 116.4 121.9 125.5 131.4 138.4 149.3 160.9 160.7 159.8 146.7 140.5 136.4 130.2 125.6 121.3 117.8 114.3 109.7 104.5 99.4 96.2 95.2 93.5 90.3 86.5 79.5 80.3 81.5 76.7 62.3 49.9 42.3 31.7 12 -1.8 -1.8 -1.8 -1.8 -1.8 -1.8 -1.8 -1.8 -1.8 -1.8 -1.8 -1.8 -1.8 -1.8 -1.8 -1.8 -1.8 17.5 34.5 53.3
184.8 195.9 203.9 202.6 214.4 221.1 212.9 207.9 209.9 218 222.6 224.5 220.8 220.2 216.2 209.1 203.9 207 209.7 183 174.9 168.4 161.4 154.4 142.1 135 130.2 125.9 124 122 119.3 122.3 126.6 132.4 139.8 151.3 160.9 163.3 164.6 149.9 142.4 135 129.9 125.5 121 118.7 115 111.1 106.2 99.9 98.7 97.6 96.6 94.5 92.1 89.6 88 86.7 83.6 67.6 54.7 46.5 37 25 -1.8 -1.8 -1.8 -1.8 -1.8 -1.8 -1.8 -1.8 -1.8 -1.8 -1.8 -1.8 -1.8 -1.8 -1.8 -1.8 -1.8 -1.8 25.8 48
193.6 197.9 206.2 215.4 221.2 219.2 223.1 223.4 219.6 218.9 220.2 219.1 220.1 221.3 219.9 218.7 214.1 211.3 213.9 203.3 182.5 173.3 166.2 159.9 145.8 137.9 131.5 128.8 127.8 125.1 122.8 124.3 127.7 133.3 141 153.6 161.3 164.8 164.4 153.9 140.5 135.4 129.8 125.3 122.1 120 116.2 112.4 109.4 103.6 102.2 101.4 100.7 99.8 97.3 94 92.9 89.8 90.9 72.2 58.2 50.8 43.8 32.3 -1.8 -1.8 -1.8 -1.8 -1.8 -1.8 -1.8 -1.8 -1.8 -1.8 -1.8 -1.8 -1.8 -1.8 -1.8 -1.8 -1.8 -1.8 14.2 36.2
202.5 202.8 209.4 228.7 221.9 228.2 234.3 229.4 224.1 220.1 219 219.1 220.4 224.2 225.8 227.6 225 213.7 213.9 211.4 183.7 177.9 170.9 161.9 150.2 142.4 133.2 129 131 129 126 125.4 129.9 134.5 142.2 159 161.6 161.3 160.3 151.4 143.1 136.6 131.5 125 123.3 121.2 117.4 113.3 110.9 107.3 105.3 104.6 104.2 103.1 100.9 99.8 97.7 92.1 87.4 76 65.8 56.1 49 39.1 21 -1.8 -1.8 -1.8 -1.8 -1.8 -1.8 -1.8 -1.8 -1.8 -1.8 -1.8 -1.8 -1.8 -1.8 -1.8 -1.8 -1.8 5.2 23.5
209.3 208.3 212.1 219.5 225.9 240 236.5 232.7 228.9 225.1 221.2 222.5 232.3 233.9 232.5 231 225.9 214.1 213.1 211.6 189.6 182.3 174 163.3 153.5 144.8 136.1 130.1 130.5 131.1 127 126.9 131 135.8 143.6 154.7 161 161.1 156.8 153.8 147 138.5 133.2 128.2 123.9 122.2 118.2 114.6 112.5 109.6 108.4 108.1 108.4 106.5 105.4 105.2 104 97.8 87.3 80.2 73.6 65.3 53.5 43.2 29.5 -1.8 -1.8 -1.8 -1.8 -1.8 -1.8 -1.8 -1.8 -1.8 -1.8 -1.8 -1.8 -1.8 -1.8 -1.8 -1.8 -1.8 -1.8 12.6
219.7 220.2 221.2 229.9 242.5 248.2 238.2 234.4 232.9 231.6 230.6 224.5 228.1 238.2 238.9 232.9 221.8 217.9 218 218.1 199 183.5 175.2 165.7 155.6 146.6 139.7 135.2 130.8 129.3 127.2 129 132.9 138.1 144.6 150.5 160.3 161.1 156.9 159.3 151.4 140.5 134.7 131.7 124.9 121.6 118.8 117.6 116.7 115.5 113.1 113 111.7 109.6 108.8 109.4 110.5 106.9 94.5 84.8 77.8 70.2 60.9 49.3 35.9 -1.8 -1.8 -1.8 -1.8 -1.8 -1.8 -1.8 -1.8 -1.8 -1.8 -1.8 -1.8 -1.8 -1.8 -1.8 -1.8 -1.8 -1.8 -1.8
222.7 221.4 223.1 237.1 251.3 251.3 244.2 236.8 235.9 234.5 232.9 230.9 231.3 231.8 235.2 229.4 220.5 221 221.4 219.5 202.5 182 176.3 167.6 158.6 148.8 143.2 138.5 133.5 130.1 129.8 131.1 136.7 141.4 146.4 154.4 158.9 158.9 160.2 162.4 160.6 141.7 135 131.5 127 123.5 120.3 117.9 118.6 118.5 120.1 118.4 114.8 112.8 112.6 115.1 115.2 113 102 91.1 83.1 74.9 66.3 55.4 43.7 25.7 -1.8 -1.8 -1.8 -1.8 -1.8 -1.8 -1.8 -1.8 -1.8 -1.8 -1.8 -1.8 -1.8 -1.8 -1.8 -1.8 -1.8 -1.8
225.6 223.7 228.4 250.9 254.8 254.8 251.6 241.6 245.7 237.5 235 232.6 232.7 234.3 229 227.1 220.6 222.5 221.7 217.7 199.3 183.9 178 170.1 162.4 154.1 145.4 141.4 133.6 132.1 131.6 132.4 140.5 144.2 150.1 160.6 159.8 159.6 160.8 161 155 141.5 136.1 132.7 129.3 124.8 122.7 120.6 120.2 121.8 124.2 120.6 117.8 116.5 116.1 119.5 119.8 115.8 108.4 100.2 89 80.2 72.1 60.6 49.8 36.1 -1.8 -1.8 -1.8 -1.8 -1.8 -1.8 -1.8 -1.8 -1.8 -1.8 -1.8 -1.8 -1.8 -1.8 -1.8 -1.8 -1.8 -1.8
