data/130000-840000.asc
ncols 200
nrows 200
xllcorner 130000
yllcorner 840000
cellsize 50
[rows 140 to 174 of 200, columns 0 to 78 of 200]
2.6 -1.8 -1.8 -1.8 -1.8 -1.8 -1.8 -1.8 -1.8 -0.5 1.7 3.6 4.8 5 4.9 7.8 11.7 13.3 13.1 16.2 17 18.8 20 20.9 21.4 21.9 24.4 24.5 27.8 31.7 31.3 31.1 30.2 31.1 31.8 34 35.9 38.7 40.5 41.4 42.3 43.8 45.4 46.7 47.8 51.4 53.6 58.9 62.2 68 70.8 69.8 70.8 77.1 81.2 73.9 60 57.9 59.6 63 66.7 70.2 73.7 78.2 82.8 85.8 88.6 90.8 90 88.2 87.6 88 88.7 88.4 87.9 86.9 86.7 85.2 84.1
1.7 -1.8 -1.8 -1.8 -1.8 -1.8 -1.8 -1.8 -1.8 -1.8 -1.8 0.6 1.5 2.1 2.5 6.4 10.7 10.3 10.9 12.4 12.8 16.3 20.1 22.5 25.2 27 29 32.1 32.3 32.8 32.2 33 33.5 34.4 34.4 36.7 38.8 41.8 44.9 43.9 44.9 46.8 48.8 50.1 54.1 58.8 61.7 65.8 70.3 71.5 71.9 70.6 73.7 78.8 82.7 73.6 59.9 58.9 60.4 64.8 68.5 72.1 76 79.8 83.8 85.7 87.5 89.7 91.2 88.7 88.5 88.8 89.9 88.4 85.8 84.6 83.3 81 82.9
1.3 -1.8 -1.8 -1.8 -1.8 -1.8 -1.8 -1.8 -1.8 -1.8 -1.8 -1.8 -1.8 -1.8 -1.8 3.8 7.6 -1.8 4.8 13.7 15.7 20.4 24.1 26.8 30.9 33.8 36.1 37.4 36.8 36.1 36.8 37.6 36.8 37 37 39.9 41 47.2 49.9 49.3 48.5 50.2 54 57.5 58.9 61.8 66.1 69.2 70.7 71.1 71.2 73.5 76 77 78.5 73.5 63.8 59.7 61.7 66.7 71.1 74.5 78 81.1 82.3 84 85.8 88 89.9 89.2 88.8 89.1 89.4 86.5 83.8 82.5 81 79.7 75.6
1 -1.8 -1.8 -1.8 -1.8 -1.8 -1.8 -1.8 -1.8 -1.8 -1.8 -1.8 -1.8 -1.8 -1.8 -1.8 -1.8 -1.8 10.7 15.7 20.9 23.8 31.5 38.8 41.8 43.4 42.3 42.9 41.4 42.1 39.9 40.9 40.2 39.1 39.3 40.4 44.5 48.9 50 49.3 49.2 54.8 60.2 61.5 63.9 66.5 69.1 69.3 70.3 71 71.3 73.5 75.1 74.3 73.1 71.6 68.3 61.2 64.2 68.8 72.7 76.2 78.3 80.8 81.8 82.7 84.2 86.8 89.2 86.2 83.6 83.6 83.3 82.6 81.7 80.4 78.8 73.7 66.4
0.9 -1.8 -1.8 -1.8 -1.8 -1.8 -1.8 -1.8 -1.8 -1.8 -1.8 -1.8 -1.8 -1.8 -1.8 -1.8 5.3 15.1 17.4 22.2 29.2 37.9 46.6 52.3 54.4 55 53 53.3 51.6 48.6 49.6 49.6 46.1 41.4 40.6 41.9 45.3 47 48.1 49.8 52.2 57.6 61.2 62.1 66.1 70.1 71 69.8 70 69.7 70.6 72.2 74.4 74 73.5 72 70.6 68.5 69 69 71.9 75.6 78.7 80.5 81.6 81.8 82.8 85.4 84.7 81.8 79.8 80.3 79.2 78 77.9 76.3 73.6 68.9 62.9
0.7 -1.8 -1.8 -1.8 -1.8 -1.8 -1.8 -1.8 -1.8 -1.8 -1.8 -1.8 -1.8 -1.8 -1.8 2.2 12.4 19.5 25.9 32.2 36.7 43.7 53.1 59 61 61.1 62 61.9 61.3 56.9 54.4 53.7 50.8 47.7 43.9 43 43.7 44.5 46.9 49.4 53.2 57.8 59.5 61.6 65.5 69.3 70.8 71 70.9 69.8 69.1 70.9 71 72.1 73.5 72.4 70.8 69 69.6 68.7 70.4 74 77.5 78.5 80 81.3 81.8 80.7 80.2 79.2 77.8 77.3 76.6 75.2 73 70.4 67.8 64.1 61
2.2 -1.8 -1.8 -1.8 -1.8 -1.8 -1.8 -1.8 -1.8 -1.8 -1.8 -1.8 -1.8 -1.8 2.2 13.9 18.6 24.1 34.4 39.3 43.9 50.2 54.8 59.7 61.4 63.2 65.6 69.2 66.5 60.2 58.7 57.7 52.8 49 45.3 42.5 42.1 43.1 45.6 48.2 51.4 53.8 57.5 60.1 61.9 66.3 69.8 71 70.2 69.2 69.3 70.2 73.1 72.4 73.6 71.3 71.1 73.7 71 68.3 68.8 70.6 73.4 76.3 77.9 79.4 79.7 77.6 77.1 76.1 75.4 75 74.5 72.6 69.6 66.8 63.7 59.9 58.4
2.8 -1.8 -1.8 -1.8 -1.8 -1.8 -1.8 -1.8 -1.8 -1.8 -1.8 -1.8 -1.8 -1.8 8.2 17.5 23.9 31.1 39.7 48.7 49.4 51.5 57.6 60.9 62.5 64.4 65.9 64 61.1 60.1 59.5 59 53.1 48.1 44 41.5 41 41.9 44.3 46.9 49.6 50.3 55.5 59.6 59.6 60.4 65.9 69.1 70.7 70 69.4 69.6 74.3 76 73.1 72.1 76.9 80 77.8 69.4 68.5 70.3 71.4 73.3 75.5 76.8 76.5 75.2 73.9 73 73.5 73 72.2 69.7 66.5 63.4 60.2 56.3 52.6
2.6 -1.8 -1.8 -1.8 -1.8 -1.8 -1.8 -1.8 -1.8 -1.8 -1.8 -1.8 -1.8 4 13.4 24.2 28.5 36.9 42.7 48.9 49.3 52.8 59.1 60.2 61.8 63.2 64.7 62.7 60 59.2 55.4 53.9 50.5 49 42.7 40.5 39.9 40.8 43.7 46.6 49.6 51.6 59.1 59.9 59.9 59.4 62.7 63.9 66.2 64.6 67.4 69.5 72.2 71.8 71 75.7 79.5 81.7 81.2 73.6 68.4 69.2 69.7 70.7 72.6 73.6 73.1 72.1 70.3 71.1 71.4 70.9 69.2 66.1 63.8 59.5 55.1 51.6 48.7
-1.8 -1.8 -1.8 -1.8 -1.8 -1.8 -1.8 -1.8 -1.8 -1.8 -1.8 -1.8 2.3 10.3 17.5 24 29.3 35.5 39.7 45.8 52.8 59 59.1 59.8 61 62 62.4 61.6 60.4 60.7 49.9 50.7 50.9 50 42.8 39.1 39.2 40 42.6 45.5 49.2 52.5 56.7 58.2 58.3 59.1 60.4 60 59.9 60.6 62.8 66.2 70.8 70.8 78.4 81.2 85.3 85.8 81.7 74.8 68.4 67.2 67.4 69.9 71 70.5 69.6 70.6 69.8 68.4 68.5 66.9 65.1 64 60.9 56.4 50.7 48.6 45.6
-1.8 -1.8 -1.8 -1.8 -1.8 -1.8 -1.8 -1.8 -1.8 -1.8 -1.8 -1.8 6 14.9 20.3 26.2 29.9 33.8 39.5 49.2 55.8 60.7 61.1 59.4 60.6 60.9 60.3 60.3 59.7 60.2 52.3 51.2 51.1 49.6 40.2 39.8 39 39.4 41.8 44.3 47.7 50.5 52.2 51 53 53.9 54.9 54.7 54.7 58.6 60.9 62.4 70 79.4 85.2 90.9 90.4 89.3 83.3 76.5 67.9 64 63.4 65.7 67.3 66.9 67.9 68 65.3 63.5 63.1 62.7 60.7 60.8 56 51.7 47.4 44 42.3
-1.8 -1.8 -1.8 -1.8 -1.8 -1.8 -1.8 -1.8 -1.8 -1.8 -1.8 -1.8 14.9 18 24.4 28.7 30.6 33.4 40.7 48.9 53.4 59 63.1 60.1 59.7 58.8 59.5 59.6 55.6 54.5 45.7 49.3 47.9 43.6 39.1 39.1 39.1 39 41 43.4 45.9 47.7 48.8 49.5 50.6 50 50.6 50.6 50.3 56.9 64.1 72.2 76.7 79.5 85.3 90.5 90.9 88.2 83.2 77.1 66.9 60.1 60 60.8 62.5 63.7 63.7 62.1 60.1 59.3 57.9 57 55.3 53.9 49.5 46.7 43.5 39.8 39.1
-1.8 -1.8 -1.8 -1.8 -1.8 -1.8 -1.8 -1.8 -1.8 -1.8 -1.8 -1.8 15.9 26.4 28.3 29.7 30.8 34.8 40.2 48 53.4 58.3 60.5 58.3 54.3 54.2 53.2 54.4 51.8 47.2 42.9 43.9 41.4 40.1 39.5 39.2 39.2 39.5 40.2 42.4 43.3 44.1 43.5 44.8 46.9 49 49.1 49.2 55.5 63.1 72.2 80 81.9 80.1 86.8 90.5 90.9 87.1 80.9 73.7 63.7 59 58.2 56.4 58.5 61 59.4 56.7 54.9 54.6 53.4 51.6 49.8 48.5 45.9 42.6 39.3 38.9 39
-1.8 -1.8 -1.8 -1.8 -1.8 -1.8 -1.8 -1.8 -1.8 -1.8 -1.8 7.5 21.2 26.6 29.2 31.1 31.6 35 41.7 50.6 54 55.1 55.7 53.5 49.2 50.4 50 48 48 46.2 40.3 39.8 39.8 39.4 39.3 39.3 39.5 39.9 39.3 40.2 40.7 40.9 40.7 39.4 43.8 49.5 51.4 59 62.1 68.2 74.9 80.1 85.8 90.3 86.6 88.5 89.6 79.8 76.6 73.2 67.6 59 55.3 51.7 49.3 54.1 53.8 51.4 50.5 50.2 49.5 47.9 46.2 44.6 42.4 39.2 38.7 38.3 38.8
-1.8 -1.8 -1.8 -1.8 -1.8 -1.8 -1.8 -1.8 -1.8 -1.8 -1.8 11.5 21.1 26.2 29.1 30.1 32 34.8 41.7 48.1 51.2 52.4 51.5 49.4 48.8 48.1 45.8 43.6 46 41.2 39.6 39.7 39.1 39.1 38.9 38.9 38.8 39.2 39.3 39.9 39.5 40.2 39 41.1 45 50 55.8 61 62.7 68.4 74.3 79.2 82.1 83.9 81.1 79.9 76.7 75.1 74.8 71.5 70.9 60 54.6 50.7 46.6 45.7 46.9 45.5 45.3 45.1 44.5 44.3 43.1 41.8 40 39 38.7 38.5 39.4
-1.8 -1.8 -1.8 -1.8 -1.8 -1.8 -1.8 -1.8 -1.8 -1.8 2.2 8.6 19 26.3 30.3 30.5 32.3 34.8 39.7 44.3 48.2 49.7 48.4 46.8 45.6 44.5 42.6 41 40.6 39 39.3 41 39.5 39.2 38.7 38.5 38.4 38.5 38.7 39.7 40.4 39.2 40.5 42.6 46.7 49.4 55 59.6 62.7 67.8 73.3 76.6 77.1 77.5 77 74.2 70.5 70.5 72.1 71 67.7 62.4 49.2 42.4 39.6 40.4 40.7 40.5 40.2 40.2 41.6 41.1 40.8 40.9 40.8 38.9 38.7 38.8 40.1
-1.8 -1.8 -1.8 -1.8 -1.8 -1.8 -1.8 -1.8 -1.8 -1.8 11.8 15.2 20.5 23.8 28.8 29.9 32.4 35.8 40.5 44.2 46.3 47.3 47 46.3 44.4 42.6 40.8 39.8 39.1 39 39 39.1 39.8 39.2 38.7 38.2 38.1 37.6 37.5 38.8 39.7 39.8 40.7 43 46.5 49.3 54 59.4 61.7 66.5 70.1 71.9 72.5 73.6 73.1 69.6 67.2 69 66.6 63.9 60.8 56.5 42.8 36.3 33.4 33.7 36.6 38.4 39 39 39.3 39 39 39.2 39 38.9 39.3 40.3 44.1
-1.8 -1.8 -1.8 -1.8 -1.8 -1.8 -1.8 -1.8 -1.8 9.3 16.6 20.4 20.6 24.7 29 30 33 36.9 41 42.9 44.8 45.3 44.9 44.6 43.4 41.3 40.2 39 39 39 39 39.1 39.7 37 36.6 36.9 36.4 35 35.1 37.7 39.7 41.1 41.5 44 47.5 50.1 55.6 60 63.1 68.1 67.7 67.4 67.9 69.9 66.1 63.2 61 62.4 59.3 57.1 52 44.6 35.3 30.8 29.3 30.5 33.8 39.2 39 39.1 40.3 39.2 40.1 39 39 39 41.3 44.1 48.7
-1.8 -1.8 -1.8 -1.8 -1.8 -1.8 -1.8 -1.8 -1.8 14.2 18.4 21.5 23.9 26.9 29.3 31.3 33.8 37.5 40.2 42.1 43.3 43.6 43.2 43 41.9 40.2 40.6 39 39 39 39 39.1 40.3 38.2 34.7 32.4 32.4 32.5 33.6 37.7 39.2 40.6 43 45.5 48.4 50.9 58.1 62.3 65.3 67.3 65.9 64.3 63 60.7 58.7 58.9 59.3 56.6 53.9 51.2 44.8 35.4 29.4 32.2 36 36.7 38.1 41.8 40.4 39 40.9 39 40.7 39.5 41.3 42.4 44.6 47.8 52.5
-1.8 -1.8 -1.8 -1.8 -1.8 -1.8 -1.8 -1.8 6.6 15.3 21 23.7 26.1 28.6 30.1 31.8 34.4 37.8 39.4 40.9 41.6 42 41.9 41.9 40.2 40.6 41 39 39 39 39 39 39.1 40.9 37.8 32.7 31.8 31.3 34.1 39.3 40.1 41.8 44.8 47.3 47.8 50.5 55.3 60.7 61.2 63 62.2 61.2 57.9 54.8 54.2 55.4 54.1 51 47.2 42.1 36.5 28.5 30.1 35 40.5 41.7 44.5 48.6 45.9 44.6 41.5 39.8 41.3 43.8 46.6 48.9 49.5 51.9 56.8
-1.8 -1.8 -1.8 -1.8 -1.8 -1.8 -1.8 -1.8 3.5 13.2 19.5 22 26.3 28.4 30 32 34.5 38.2 40.8 41.1 41.1 41.2 40.8 40.4 39 39 40.7 40.5 39 39 39 39 39 40.7 38.2 33.7 33 31.1 33.9 38.3 40.4 42.7 45.5 48.1 48.6 49.3 51.9 58.4 59.2 59.2 58.7 56 50.5 51.2 49.9 48.6 49.6 43.7 38.3 32 29.2 28.4 34.3 41.4 46.3 48.6 48.3 50.7 51.8 49.1 45.9 40.9 42.3 47.7 51.3 53.7 56 60.2 62.8
-1.8 -1.8 -1.8 -1.8 -1.8 -1.8 -1.8 -1.8 2.2 12.7 16.5 21 25.6 28.6 29.4 31.2 34.6 38.8 41 41 41.1 41.1 40.8 39 38.3 40.6 40.5 39.4 39.1 39 39 39.3 40.2 41.4 36.9 33.9 32.7 31.2 34.6 38 39.4 40.9 43.7 47.5 49.4 49.9 52.9 58.9 56.1 54 53.7 51.4 45.9 45.2 45.1 43.1 39.7 35.4 30.6 29.2 35.1 40.3 45.7 53.5 62.1 57.7 56.2 54.3 54.7 51.6 47.3 45 46.9 50.6 54.1 57.6 60.5 63.5 66.5
-1.8 -1.8 -1.8 -1.8 -1.8 -1.8 -1.8 -1.8 8.2 13.7 17.3 20.8 28.9 30.3 29.6 31 33.8 38.7 40.4 41 41 40.1 37.9 35.8 34.3 36.2 37.3 35.8 37.9 39.7 40.3 40.4 47.1 47.8 38.8 32.3 32 32.3 34.7 36.7 38.6 40 42.2 44.6 48.1 49.9 50.9 51.8 50.4 50.5 48.8 44.4 40.6 38.7 36.9 35.1 30.9 28.4 28.9 33.4 42.4 49.2 55.8 62.7 69.9 71 64 58.6 57.5 54.2 49.9 49.5 49.8 52.5 56.7 59.9 62.4 66.2 69.2
-1.8 -1.8 -1.8 -1.8 -1.8 -1.8 -1.8 -1.8 6.1 12.4 17.1 20.5 21.9 25.9 28.5 30.4 33.7 37.4 40.8 40.9 41 39.9 36 33.1 30.9 30.6 30.9 32.3 35 38.8 41 40.7 40.8 43.5 37.5 32.3 31 31.4 33.8 35.4 36.9 39.4 40.8 41.5 46 50.8 49.9 50.2 46.2 44.8 41.5 37.7 34.3 32.3 31.4 29.2 28.5 29 35.1 41.8 49.7 57.9 67.3 78.9 80.8 79.5 71.8 61 57.6 53.5 50.7 50.4 50.8 53.9 58.5 60.9 64.6 68.2 71.8
-1.8 -1.8 -1.8 -1.8 -1.8 -1.8 -1.8 -1.8 12 17.3 19.3 20 20.7 23.4 28.4 30.3 34.3 38.8 44.8 40.7 39.1 37.6 34.8 32.4 29.6 28.5 28.5 30.1 32.6 38.6 40.9 40.8 40.6 40.3 36.1 31.5 30.1 30.6 32.6 34.1 35.7 37.5 40.2 39.2 44 47.4 48.4 47.1 41.6 39.1 36.5 31.6 28.9 28.4 28.1 28.2 29.2 33.9 42 49.6 57.2 67.1 78.6 83.4 85.3 82 73.9 60.6 56 52.9 51.1 49.2 51.3 54.9 58.7 61.6 65.8 69.6 73.4
-1.8 -1.8 -1.8 -1.8 -1.8 -1.8 -1.8 -1.8 10.8 15.8 17.3 18.2 19 22.8 31 38.9 39.3 37.7 40.8 40.7 38.2 35.3 32 29.1 27 26.6 26.9 28.8 33.7 38.9 39.8 40.5 40.9 37.5 33.7 31 29.4 30.4 31.1 32.5 33.9 35.8 39.7 40.1 39.5 42.4 43.5 41.1 36.9 32.7 28.8 27.3 27.9 27.9 28.2 28.5 34.1 41.9 49.1 57.3 67.2 73.7 80.3 87.3 89.6 83.1 75.2 59.4 56.8 53.2 51.6 50 51.1 53.6 57.2 61.3 65.1 69.7 75.3
-1.8 -1.8 -1.8 -1.8 -1.8 -1.8 -1.8 -1.8 6.3 8.9 11.6 16.8 20.7 29.3 37.2 40.3 41.1 39.1 37.4 38.2 36 33.1 29.7 26.2 23.6 22.4 29.6 32.6 35.6 39.2 40 40 36.4 31.3 28.2 27.5 31.7 33.7 30.4 30.6 32 34 36.9 37.5 37.7 38.5 37 34 31.4 29.5 26 24.5 25.3 27.4 28.4 31.4 40.3 48.3 57.1 65.1 71.6 77.8 80.6 88.2 89.8 81.6 74 66.3 60.1 57.1 53.3 51.9 52.1 53.9 56.9 60 65.2 70.8 76.3
-1.8 -1.8 -1.8 -1.8 -1.8 -1.8 -1.8 -1.8 -1.8 2.5 6.3 12.6 20.4 32.5 37.4 40.6 42.1 42.5 39.5 36.5 34.3 31.8 30.1 24.4 20.3 25.4 28.8 32.5 34.9 37.2 36 34.9 30.1 29 30.7 36.3 37.4 36.5 29.7 28.8 30.3 32.1 34.5 34 35.1 34.4 30.7 28.7 28 26.7 24.8 22.7 25.6 27.8 31.4 38.1 46.1 53.9 59.9 67.1 72.4 78.8 82.8 87.4 86.6 81.5 75.6 72 64.7 57.9 55.2 52.9 55.3 54.9 57.8 61.4 65.9 71.4 77.8
-1.8 -1.8 -1.8 -1.8 -1.8 -1.8 -1.8 -1.8 -1.8 -1.8 -1.8 7 19.1 30.2 38.1 41.5 45.6 47.9 43.8 37.7 34.5 31.5 26.9 19.8 20.8 24.4 28.1 31.3 32.5 34.6 33.1 30.7 27.6 29 31.9 33.2 39.4 39 30.8 27.5 28.2 30.7 33.5 32.9 30.7 29.5 26.5 25 23.6 21.9 20.6 22.6 27 31 35.8 43.8 51 57 60.4 67.7 73.4 79 82 83.7 82.4 81.1 79.9 74.9 67.7 58.3 55.1 52.6 55.2 57.4 58.2 61.9 67 72.4 79.7
-1.8 -1.8 -1.8 -1.8 -1.8 -1.8 -1.8 -1.8 -1.8 -1.8 -1.8 7.2 15.2 31.3 36.7 40.5 45.8 50.5 49.6 42.3 33 30.2 24.1 19 20.2 22.9 25.9 28.3 29.9 31.6 30.6 28.9 26.8 28.6 31 31.6 34.8 35.4 31.5 24 27 29.4 29.9 29.5 26.1 24.1 22.6 21.6 19.8 20.6 20.7 24 28.5 32.7 38.8 46.5 52.7 60.5 65.8 71.7 77.3 80.1 82.2 82.1 82 81.4 81.1 79.5 70 58.2 54.7 52 57.3 58.5 59.5 63.6 68.3 74.1 81.4
-1.8 -1.8 -1.8 -1.8 -1.8 -1.8 -1.8 -1.8 -1.8 -1.8 -1.8 8.9 18.5 30.2 35.7 39.4 44.2 48.4 48.8 44.1 33.2 28.4 21.2 19 19.6 20.8 21.6 23.9 25.9 27.2 26.6 28.9 29.2 28.9 29.7 29 30.1 29.8 31.6 23.7 26.2 27 23.3 22.3 20.4 19.1 19 19.4 19.7 20.5 24.5 29.4 32.2 36.3 42.8 51.9 58.7 64.6 71.4 76.9 81.2 81.9 82.5 82.4 81.9 81.5 79.8 78.7 67.5 58.7 55 54.1 55.9 58.1 60.9 64.4 69.5 75.6 82
-1.8 -1.8 -1.8 -1.8 -1.8 -1.8 -1.8 -1.8 -1.8 -1.8 -1.8 10.4 17.8 28.7 35.2 40.9 41 44.8 44.8 42.3 36.5 25.9 21.1 19.8 19.7 19.9 20.3 20.9 20.5 20.6 22.6 26.6 30.3 34.6 31.6 29.4 26.3 24.4 22.9 24.2 23.7 22.5 21.8 20.7 17.2 17.1 17.5 18.4 20.4 23 28.3 33.9 39.3 44.3 54 62.3 66.2 70.4 77 81 82.8 83.6 88.2 81.3 82.7 79.9 80.2 72 64.2 58.6 55 54.2 54.7 57.6 60.1 64.7 69.5 76.5 82.6
-1.8 -1.8 -1.8 -1.8 -1.8 -1.8 -1.8 -1.8 -1.8 -1.8 -1.8 7.7 18.4 26.9 33.2 36.7 39 40.8 41.1 41 35.2 26.9 20.8 19 19.9 20.3 20.8 19.4 19.5 19.5 20.4 25 29 30.3 29 26.7 23.3 19.1 20.5 22.2 20.7 19.3 19.6 19.3 16.7 19.3 20.5 20.1 22.1 26.1 31.2 37.7 43.9 52.4 60.4 65.8 71.1 72.6 76.4 79.5 81.3 82.7 83.7 81.4 80.7 77.7 74.2 68.4 62.9 59.5 56.5 55.1 55.6 58.5 61.7 66.4 71.3 78.8 84.8
-1.8 -1.8 -1.8 -1.8 -1.8 -1.8 -1.8 -1.8 -1.8 -1.8 1.4 7.8 17.6 26.9 30.7 31.7 33.4 36 37.1 35 30.1 26 19.8 15.7 18.3 19.1 19.8 17.8 17.9 18.5 20.2 22.6 25.1 25.9 24.1 21.8 20.6 17.8 19.9 20.9 20.6 19.4 17.4 14.8 17.2 20.9 20.7 22.1 24.6 28.6 34.1 41.1 48.1 55 60.7 64.8 70.1 73.7 76.3 79 79.9 79.6 80.6 78.7 77 74 71.1 67.6 62.8 59.4 57.9 56.5 56.8 59.1 63 67.8 73.2 80.6 88.2
-1.8 -1.8 -1.8 -1.8 -1.8 -1.8 -1.8 -1.8 -1.8 -1.8 2.4 10.3 16.5 23.1 27.3 28.9 30.1 31 30.8 29.1 24.3 20.4 22.1 14.5 17.2 16.9 16.7 16.3 16 16.6 18.3 19.9 20.9 20.1 18.9 18.8 17.2 15.4 17.7 16.8 17.8 16.9 12.7 13.3 17.4 20.4 20.6 25.2 28.1 29.9 39 43.3 51.4 55.3 59.3 64.7 70 71.7 73.8 75.8 75.4 75.8 78 74 71.5 70.6 71 66.3 62 59.2 57.9 56.8 57.4 59.1 63.8 68.5 75.3 83.3 90.5
