data/130000-850000.asc
ncols 200
nrows 200
xllcorner 130000
yllcorner 850000
cellsize 50
[rows 120 to 159 of 200, columns 0 to 89 of 200]
185.7 187.9 189 190.7 193.9 196.8 197.8 197 193 190.4 188 184 178.8 175.4 171.9 169.4 166.5 163.6 160.1 159.5 159.2 155.6 152.2 148 144 138.5 136.8 136.9 131.8 125.9 118.7 113.5 109.5 104.9 100.5 97.9 90.1 83.1 80.6 78.4 78 75 66.4 59 55.1 46.7 36.5 28.5 16.7 10.7 16 32.3 38 39.6 40.8 44.3 50.2 56.5 59.4 58.7 52.9 51 56.1 54.5 52.1 49.9 50.2 44.4 33.9 25.5 25.5 25.5 33.8 37.4 30.2 32.8 38.4 41 42.9 36.2 26.2 20.2 21.6 26.9 17.4 -2 -2 -2 -2 -2
190.1 192.9 193 195 197.8 198.7 200.8 200.7 196.4 194 191.2 188.1 182.6 177.6 174.2 171.9 168.7 164.9 161.1 158.8 158.4 154.8 151.4 145.3 143 136.3 130.5 132.8 130 124.3 116.6 111.5 107.1 104.6 100 96.7 89.3 80 77.2 74.1 68.6 62.1 58.7 60.9 59.7 44.9 34.2 22 13.6 14.5 24.2 39.7 45.6 46.5 47.2 49 52 55.2 55.3 55.2 52.5 51.3 50.9 52.4 52.4 51.1 50.7 46.9 37.6 25.5 25.5 25.5 25.9 28.5 31 30.3 35 40.4 40.2 33.9 24.9 19 17 17.7 -2 -2 -2 -2 -2 -2
194.6 197.7 198.7 200.1 201.2 202.2 202.1 201.4 199.9 197.1 194.3 191.6 187.5 182.9 179.2 174.9 168.6 165.2 162.4 159.7 156.9 154.1 149.9 142.6 142.5 135.3 131.2 129.6 126.8 122.3 114.5 110.7 108.1 103.9 99.1 94.5 87.1 78.6 74.5 70.9 67.9 67 63.6 60.8 51.5 34.9 25 16 13.5 23 29.3 44.3 49.7 49.6 50.8 50.5 50.4 52.5 53 52.5 55 57.2 55.8 55.7 53.8 49.4 43.9 38.6 34.4 26.2 25.5 25.5 25.5 25.5 26.2 29.9 32.6 33.8 35.5 33.4 24.7 14.9 10.4 5 -2 -2 -2 -2 -2 -2
201.1 203.4 206.3 207.8 206.7 206.1 204.7 203.4 202.3 199.9 197 193.5 190.1 187.1 183.4 178.8 174.6 171.4 168.7 162.1 160 157.1 151.7 143.2 139 134.4 128.7 122.4 122.5 117.5 110.8 107.1 104 101.1 99.3 92.9 89.1 81.2 74.3 71.1 70.7 67.1 62.9 53.6 39.3 33.3 25.6 12.5 23.4 30.3 36.7 47 49.8 49.2 49 49.6 51 52.5 55.2 62.4 70.2 64.3 59.9 60.3 51.4 46.3 40.3 37.7 33 30.1 27.4 25.5 25.5 26.3 29.2 32.7 37.9 40.1 39.1 34.1 25.8 15.1 -2 -2 -2 -2 -2 -2 -2 -2
208 209.4 212.9 215.8 215.8 212.3 207.2 204.8 203.8 202.2 199.1 195.3 192 190 187.1 183.5 179.3 178.4 177.3 164.6 160.3 159.7 152.7 146.9 142.1 138.3 132.2 124.2 117.6 114.9 107.7 102.4 101.2 100.7 97.8 94.3 90.2 80.8 75.7 70.7 68.9 62.1 57.6 49.5 39.7 31.6 19.4 23.9 33.6 35.5 39.9 46.2 54.1 53.7 52.6 52.5 52.2 53.1 58.8 67 68.6 62.8 57.2 55.2 49.9 45.8 40.1 38.3 35.7 32.1 30.4 29.1 27.7 26.1 30.4 37.9 43.3 46.1 41.7 37.2 26.8 15.7 -2 -2 -2 -2 -2 -2 -2 -2
215 217.1 220.2 224.1 226.4 220.1 213 208.4 204.9 203.4 199.8 195.9 194 192.1 189.5 186 181.8 181.2 180.9 168.9 158.5 157.1 153.2 148.4 144.2 140 132.7 124.5 111.1 111.4 105.9 99 98.9 99.1 96.3 93.1 89.8 87.5 80.9 71.4 71 67.6 60.3 48.6 37.5 25.3 20.1 38.2 39.6 39.5 40.5 45.5 48.8 61.1 59.4 56 53.9 55.6 60.7 63.5 63 58.4 54 53.2 51.5 50.8 46.1 40.6 37.8 33.9 33.1 32.6 33.2 29.3 30.9 39.6 45.1 48.1 47.4 41 30.3 14.2 -2 -2 -2 -2 -2 -2 -2 -2
223.4 223.9 225.7 228.7 231.4 231.1 224.7 215.4 207.1 203.4 199.2 197.9 195.8 193.7 191.1 188.1 184.7 182.3 181.6 173.2 158 155.6 153.4 149.9 146 139.7 131.6 123.3 115.1 110.7 105.2 98 96.3 98.8 94.9 91.3 91 90.4 81 72.4 71.2 67.7 55.9 37.6 25.5 17.7 30.7 43.9 40 39.6 44.7 50.9 52.9 61.1 61.1 58.6 56.5 58.6 59 61.4 59.6 59.1 58.4 57.2 53.9 50.6 48 42.2 38.5 36.4 37 36.8 39.6 34.3 30.2 34.9 41.8 45.1 45 38.8 24.1 -2 -2 -2 -2 -2 -2 -2 -2 -2
233.9 236.5 232.2 233.2 233.7 232.8 231 223.7 212.1 206.4 202.7 199.6 197.4 194.5 191.5 189.5 185.7 181.7 177.9 171.4 159.9 156 153.9 150.5 145.2 137.4 130.1 122.9 114.8 109.4 105.2 99.6 91.9 95.8 94.9 89.3 90.9 84.1 75.2 69 68.7 62.8 47.4 26.7 20.1 33.1 44.3 48.2 46.5 47.6 52.7 56 59.1 61.1 61.1 59.4 59 59 59.2 61.9 62.9 62.6 61.3 58.8 55.1 51.7 50.3 43.1 40.7 38.8 39.5 41.6 42.1 37.9 33.8 31.4 35.9 39.3 38.3 27 14.3 -2 -2 -2 -2 -2 -2 -2 -2 -2
243.1 250.1 245.2 235.5 235.4 234.3 230.6 225 218.5 209.2 205.6 201.3 197.6 194.4 191.9 188.1 183.4 180 175.4 168.7 160 155.5 152.8 149.3 144.2 137.5 129.3 122 114 100.4 101.3 95.3 89.5 92 92.2 85.6 82.6 77.5 71.2 64.6 58.9 48.8 28 26.2 32.5 47.4 55.8 55.4 58.3 57.4 57.1 60.8 59.1 61.1 61.1 59 59 60.2 60.4 63.6 67.2 66.6 63.2 60.5 56.8 53.3 49.5 46.3 42.9 41 41.5 45.6 48.8 41.3 35 29.6 28.6 28.8 24.8 17.2 -2 -2 -2 -2 -2 -2 -2 -2 -2 -2
248.8 250.1 248.9 239.7 236.5 235.4 233.5 228.5 220.4 212.3 206 201.7 198 194.5 190.6 187.5 182.3 178.5 173.5 165.5 157.5 153 151 147 142.4 135.6 128.5 123.1 114.7 104.9 99.5 89.3 88.7 89.4 86.4 80.6 76.5 71.9 66.8 50.8 37.2 28.4 30.1 37.4 47.1 63.1 66.4 66.2 64.2 61 59.1 60.9 60.6 61.1 59.1 59 59 60.4 59.9 64.9 70.8 69.9 65.5 60.9 58.3 55.2 50.4 47.4 45.2 44.4 45.9 48.4 50.7 41 33.1 27.7 21.8 20.7 19.5 9.8 -2 -2 -2 -2 -2 -2 -2 -2 -2 -2
249.8 249.7 249.9 245.7 238.9 238.6 238.3 231.5 220.4 214.1 207.7 202.1 197.8 192.6 188.7 184.9 181.3 176.8 171.7 164.6 155.4 149.5 145.9 142.9 140.8 134.2 127.2 120.7 114.3 105.2 94.8 91.8 84.4 84.6 80.9 75.1 71 65.3 49.1 47.4 32.6 29.6 37.7 45.8 61.3 70.4 74.2 74.4 69.7 66.6 62.2 60.3 59.3 61.1 61.1 60.1 59.7 61 63.3 72.7 72.5 68.9 63.2 60.5 59.3 57.3 51.3 48.4 47.9 47.4 48.6 50 52.5 40.1 31.7 24.6 18.5 18.9 11.6 -2 -2 -2 -2 -2 -2 -2 -2 -2 -2 -2
248.8 250.1 249.9 246.7 240.5 240.4 243.8 234.5 221.9 214.5 207.7 200.9 197.6 192 187.3 183.5 179.9 175.1 170 163.8 154.5 147 142.8 137.6 134 130.9 128 119.9 111.8 104.4 96.7 90.9 84.1 82.2 79.2 69.2 61.7 51 50.6 49 29.4 37.2 48.6 52.6 63.4 71.2 76.5 72.8 70.8 69.9 66.3 63.1 60.4 60.6 63.7 64.3 63.7 65.2 66.3 69.6 67.5 66.1 66.2 65.2 63.5 60.4 53.5 50.9 49.1 49.1 49.4 50.1 55.3 39.5 30.9 20.9 13.9 12.7 -2 -2 -2 -2 -2 -2 -2 -2 -2 -2 -2 -2
248.4 249.4 249.8 244.1 242 241.1 247.7 238.6 223.6 214.9 207.3 200.5 194.8 191 186.8 182.7 178.4 173.3 168.2 163 152.5 143.8 138.9 134.1 130.1 127.6 123.3 115.3 109.1 103.6 97.7 89.8 75.3 80.6 71.8 61.9 59.1 60.6 53 44 35.4 49.3 58.4 64.7 65.1 70.3 74.7 75.8 73.6 71.1 69.5 66.3 63.9 65 67.2 68.2 71.6 73.1 70.7 68.9 69.1 69.3 70.2 69.4 66.7 60.8 55.4 50.4 48.5 49 49.4 49.6 52 38 27 16.7 9 -2 -2 -2 -2 -2 -2 -2 -2 -2 -2 2.6 2.6 6
247.4 248.5 248.3 246.1 244 242.7 241.8 237.1 224.7 214.5 208 201.6 193.3 189.4 185.4 180.9 176 171.9 167.7 162 153.3 141 135.8 130.7 126.5 123 117.1 110.8 104.1 100.7 94.3 87.3 77.9 71.7 63.3 62.8 61 59 49.3 38.9 47.1 62.2 65.5 70.3 69.6 70.5 73.8 78.2 75.1 71.1 71 68.6 68.2 68.5 66.8 67.4 74.2 73.8 70.1 68.9 69.8 70.9 71.9 71.7 68 60.4 55.1 50.4 47.7 48.3 48.1 47.4 46 37 24.9 12.3 6.5 -2 -2 -2 -2 -2 -2 -2 -2 -2 -2 1.9 6.2 9.8
247.4 249 248.7 247.1 245.3 241.7 238.4 232.4 223.9 215.2 208.2 201.4 193.3 186.8 182.3 178.6 173.7 169.5 165.5 163 152.3 138.2 132.3 127.1 122.5 117.3 111 105.8 102.3 97.4 90.9 81.3 74.3 72 68.7 68.8 63.9 58.7 49.2 40.1 56.1 67.9 71.8 70.8 69.9 69.6 72.4 74.9 74.1 71.5 70.1 68.8 67.5 65.8 62.2 64.3 69.6 74.7 71.6 69.1 70.4 71.5 71.8 71.3 69.9 60.4 54.4 50.6 47.2 45.4 44 43.6 40.3 32.4 21.2 8.8 -2 -2 -2 -2 -2 -2 -2 -2 -2 -2 6.4 10.3 9.8 9.1
249 247.9 248.1 247.7 245.8 242.4 238.4 229.6 223.1 214 208.2 199.9 193.1 186 179.2 174.8 171.3 167 164.7 159.2 146.8 135.1 129.6 124.4 119.3 113.8 109.2 106.5 102.4 90.3 81.4 79.8 81.1 76 71.4 68.3 63.5 59.2 47.6 49.1 62.7 71.7 74 74.8 70.9 70.7 70.8 72.2 71.6 70.5 69 66.8 65.3 63.8 61 62 63.4 68.9 72.8 70.6 70.4 70.3 69.9 70.2 68.8 61.8 55.2 50.1 44.9 42.2 40.2 39.5 34.4 26 13.1 -2 -2 -2 -2 -2 -2 -2 -2 -2 -2 -2 9.2 14.4 10 10.6
247.1 246 246.5 246.4 244.5 241.2 235.3 226.3 220.5 213.8 206.7 199.2 193.4 182.7 176.3 171.9 168.7 164.9 161.5 154 141.7 133.4 127.9 122 116.5 112 107.5 103.9 89.8 86.8 88.1 82.9 78.9 74.1 69.3 66.1 62.5 52.8 51 60.3 69.7 72.1 73.9 74.5 74 71.5 70.3 70.6 71 69.8 68.6 66.1 63.6 61.5 59.9 61.1 62.4 68.9 75.5 75.2 74.1 71.1 68.9 70.1 68.2 60.4 53.1 48.7 42.8 39.9 37.6 32.9 26.8 19.7 3.8 -2 -2 -2 -2 -2 -2 -2 -2 -2 -2 -2 9 10.9 10.5 10
246.1 244.3 244.9 244.5 242.5 240.5 232.4 221.2 215.9 211.3 204.4 200 193.5 178.9 173.3 170 167.2 163.1 159.1 149.5 138.3 131 125.9 118.7 112.2 106 100.3 96.6 98.3 91.2 87.2 81 76.5 71.9 68.6 63.3 57.4 49.7 66.7 68.4 70.8 71.6 72 73.4 72.5 71.7 69.2 69.3 70.5 68.9 68.3 65.9 63.5 61.1 61.4 61.8 62.1 71.6 78.4 77.6 74.5 71.1 69.2 65.4 65.9 57.5 49.4 45.7 39.7 39 35.3 28.2 20.2 11.3 -2 -2 -2 -2 -2 -2 -2 -2 -2 -2 -2 -2 10.4 10.1 10.1 10.5
245.8 242.5 242.3 242.4 240.5 237 231.5 223.8 213.2 209.4 205 199.1 191.3 178 169.7 167.9 165.3 162.1 155.5 145.7 135.2 128.7 123.9 118.9 109.6 103.6 100.3 100.5 96.6 90.4 85.2 79.5 75.8 72.1 68.5 60 53.7 54.9 67.1 71.9 73.6 71.2 71 71.2 71.4 70.6 68.9 68.9 68.9 70.4 68.8 66.5 64.1 61.7 63.4 63.6 63.6 77.2 77.9 76.2 71.2 67.4 62.5 60.6 57 50.9 46.1 42.5 39.4 38.1 33.1 26 14.6 -2 -2 -2 -2 -2 -2 -2 -2 -2 -2 -2 -2 2.9 9.2 11.5 11.2 10.9
245.6 242.3 240.5 239.9 236.2 232.5 230 222.9 210.8 206.4 202.3 196.7 183.4 172.6 167 163.9 163.2 159.6 152.2 143.2 132.9 127.1 122.5 115.8 108.3 104.9 102.9 100.4 94.9 88.9 83.5 78.6 74.2 70.9 65.1 56.3 61.4 65 71 74.6 76.2 75.3 72.5 70.5 70.4 69.6 68.9 68.9 68.9 69.1 69 66.8 64.5 63.2 64.1 65.6 65.2 72.2 71.5 68.6 62.9 61.5 60.5 56.6 52.5 48.6 43.7 40.6 38.6 34.4 29.5 21.9 11.1 -2 -2 -2 -2 -2 -2 -2 -2 -2 -2 -2 -2 10.7 13.9 19.5 14.4 13.6
245 239.4 238.5 235.9 231.9 228.6 226.2 220.1 208.6 203.1 197.3 189 180.6 172.4 164.2 159.5 161.1 156.5 149.5 140.4 131.8 126.5 121.2 115.5 110.7 110 105.5 99.8 95 89.4 82 77 72.8 68 59.3 62.8 70.4 69.6 72.7 75.4 76.8 75.9 74.4 71 69.4 69 68.9 68.9 68.7 69.1 69.2 67 64.6 63.7 64.3 66.6 67.9 69.1 69.7 67 63.2 60.4 60.7 56.4 49.4 46.7 42 38.8 33.9 30.4 27 19.4 -2 -2 -2 -2 -2 -2 -2 -2 -2 -2 -2 -2 -2 13.5 18.3 21 15.5 16.3
243.7 237.8 234.5 231.8 227.9 224.9 222 221.3 210.9 200.2 191.6 185.5 180.1 171.7 163.6 159.3 152.7 151.6 149.7 136.7 129.8 124.3 119.1 116.1 111.7 108.8 104.3 98.9 93 86.5 80 75.5 71.6 65.1 61.9 69.5 71.9 72.7 74.5 76.3 77.7 77.3 75.5 72.7 70.7 70.6 68.9 68.7 68.4 68.9 69.5 67.5 64.8 64.4 65.3 67.4 69.3 70 70.7 68 64.5 61.1 59.4 54.2 48.7 44.8 39.9 38 32.2 26.5 20.4 5.3 -2 -2 -2 -2 -2 -2 -2 -2 -2 -2 -2 -2 1.6 18.3 19.1 18 17.8 18.6
243.4 237.6 231.8 227.6 223.6 221.2 218.4 220.4 210.2 197.5 189 181.9 174.4 167.7 160.7 155.2 148.9 148.5 143 133.6 127.5 121.9 116.9 113.4 110.9 106.6 102.2 96.7 92.5 86.2 80.1 75.5 74 66.3 68.1 75.4 75.6 76.3 77.9 78.4 79.8 79 77.6 78.3 76.8 72.3 69.4 68.5 68.2 68.8 69.4 69 66.9 66 67.6 69.6 69.2 68.1 69 67.2 63.6 61.3 57.6 53.1 49.3 45.2 41.2 39.1 33.2 20.9 10.2 -2 -2 -2 -2 -2 -2 -2 -2 -2 -2 -2 -2 -2 3.3 19.7 18.3 20.4 19.6 18.9
243.2 237.3 230.8 223 220.1 216.2 210.5 209 202 193 184.1 177.2 169 161.7 155.3 149 144.3 140.5 136.6 131.6 126.1 118.6 110.1 106.9 107 101.9 95.7 91.9 85.6 86.2 80.9 74.5 68.2 72.7 79.3 81.6 81.2 80.5 80.2 80.8 80.6 79.5 80.2 79.5 79.7 74.3 70.5 68.8 68.4 68.7 69.2 69.4 68.3 68.7 70 67.7 64.4 63.1 64.2 63.9 63 61.4 57.7 53.4 50.2 43.6 39.9 36.8 27.8 12.8 1.6 -2 -2 -2 -2 -2 -2 -2 -2 -2 -2 -2 -2 -2 6.2 16.5 21 21 20.9 18.9
244.5 238.1 228.9 222.9 218.2 212.5 205.7 199.7 193.9 186.4 176.4 170.1 161.9 154 148.9 145.8 141.4 138 132.2 129.8 123.1 109.4 110.4 108 100.8 99 99.6 99 92.9 88.5 80.7 74.3 72.1 83.9 87.5 91.2 89 85.6 84.6 86.6 84 81 80.5 79.4 79.2 75.1 73.7 71.1 68.8 68.7 69 69.8 69.3 69.8 70 67.8 61.4 60.1 61 60.8 60.8 61.1 57.7 52.3 48.5 42.4 39 32.7 18.9 5.8 -2 -2 -2 -2 -2 -2 -2 -2 -2 -2 -2 -2 -2 -2 9.4 17.2 21 21 21 19.9
244.8 237.8 228.7 223.7 216.3 209.9 202.3 194.9 186 175.6 168.5 163.9 159.7 152.3 148.6 145.7 141.9 135.6 130.2 125 117.5 110.8 110.9 110.6 104.9 102.5 100.7 99.5 91 86 80.4 79.3 83.7 90.1 97.9 101.3 97.6 92.6 90.5 91.6 87.9 84.4 82.5 82.2 80.4 78.9 77.4 73.6 71 69.2 70.2 70.4 69.8 69.7 69.1 69.1 63.9 60.9 60.2 61.1 61.1 61.1 57.3 51.2 46.8 42.3 33.8 22.5 10.8 2.7 -2 -2 -2 -2 -2 -2 -2 -2 -2 -2 -2 -2 -2 -2 9.5 16 20.6 21 20.7 20.4
246.1 241.7 233.4 225.6 218.7 208 197.9 196 190.4 185.8 174 166.8 159.2 151.4 147.6 144.4 141.3 135.2 129.4 119.1 118.2 113.4 111 109 106.3 102.7 100.8 99.9 90.6 82.2 79.1 83.5 87.8 96.9 104.9 109.2 108.1 103.5 101 98.9 93.9 88.5 87.3 88.2 87.3 84.5 80.4 76.4 72.9 70.6 70.4 70.7 69.8 69.6 69.4 68.2 64.1 60.2 59 61.1 61.1 61.1 58.5 51.3 44.7 37 27.4 15.5 7.6 1.8 -2 -2 -2 -2 -2 -2 -2 -2 -2 -2 -2 -2 -2 -2 7 15.2 18.8 18.5 18.3 19.9
250.4 246.2 239.9 229.9 221.7 214.3 207.8 201 195.2 191.3 177 165.8 158.1 151.1 147 143.7 138.7 129.6 119.1 120.3 119.7 116.1 111.6 109.2 105.5 102.5 99.9 98.3 90.1 84.2 87.7 90.2 95.3 104.1 110 114.9 114.7 112.5 113.1 108.8 102 98.9 93.8 99.3 93.1 88.4 82.9 78.7 74.6 72.3 71.8 70.9 69.7 67.7 65.8 64.1 62.3 60.1 59.1 60.6 61.1 61.1 57.4 50.4 43.9 30.5 20.3 13.3 5 1 -2 -2 -2 -2 -2 -2 -2 -2 -2 -2 -2 -2 -2 -2 3.6 19.5 16.8 15.8 16.5 18.3
258 253.4 244.4 236.2 227.5 217.8 210.3 201.8 194.2 189.1 178.5 167.5 159.3 151.3 146.7 142.5 136 126.7 122.7 120.1 120.3 116.6 111.3 108.2 104.6 100.9 98.7 92 89.4 93.4 90.9 94.7 101.5 106.2 115.8 121.5 119.3 120.9 120.1 117.5 113.9 111.7 104.9 102.8 97 90.2 84.1 79.3 75.3 73.7 72.4 71 69.5 67.1 64.3 61.8 59.6 60 59.4 59.1 60.6 59.1 55.4 49.4 39.6 25.5 17 10.7 2.3 0.6 -1.1 -2 -2 -2 -2 -2 -2 -2 -2 -2 -2 -2 -2 -2 2.3 18.8 14.5 14 16.4 19.2
262.2 260.4 250.3 241.4 233.2 222.2 210.7 204.5 194.6 186.5 178.2 168.8 159.1 151.5 146.8 140.1 133.2 128.5 124.4 122.8 121.4 118.2 111.6 107.5 103.9 100.2 95.2 91.1 98.3 96.3 93.1 97.4 103.7 110.5 121.1 122.7 121.9 126.8 130.3 128.5 130.5 126.6 115.3 109.8 97.6 90.1 84.3 79 76.2 73.9 72.5 71 69.2 66.9 64.5 62 59.5 59.3 57.7 57 56.4 55.3 52.6 44 32.1 22.7 15.6 6.2 1.7 0.1 -1.6 -2 -2 -2 -2 -2 -2 -2 -2 -2 -2 -2 -2 -2 1.9 12.8 12 14.6 17.3 20.2
266.2 263.2 258.5 245.2 235.6 225.6 213.6 203.8 193.1 183.6 173.3 167.8 159.2 152.9 146.9 140.3 133.8 130 127.7 125.3 122.3 118.8 112.4 107.9 104.1 99.2 91.3 98.7 100.2 100.7 95.7 100.3 108.7 116.5 127.1 128.1 126.7 129.6 136.7 138.2 140.6 133.5 120.6 108.1 99.1 92.1 86 80.4 77.6 75.2 72.4 70.8 68.9 66.6 64.4 61.9 59.5 57.2 55 53.4 53.4 49.7 42.7 33 26.4 18.8 12.8 3 0.5 -2 -2 -2 -2 -2 -2 -2 -2 -2 -2 -2 -2 -2 -2 -2 2 8 10.8 13.5 16.2 20.9
267.6 265.2 261.1 247.9 237.7 229.2 215.5 205.3 194.4 183.4 176.4 168.9 161.7 155 148.1 140.4 135.7 131.9 129.3 126.9 123.3 119.4 115.2 110.4 101.8 99.5 99.5 102.3 101.4 100.3 99 104.7 113.7 122.5 130.8 129.2 129.8 129.6 137.9 140.4 141.8 130.1 118 109.2 101.7 94.3 87.5 82.1 78.6 75.2 72 70.5 68.5 66.3 64.1 61.1 58.3 55.3 52.4 49 50.5 41.1 32.7 30.7 23.8 15.7 10.5 2.5 0 -2 -1.5 -1.6 -1.6 -2 -2 -2 -2 -2 -2 -2 -2 -2 -2 -2 1.9 5.9 8.6 12.3 16.3 23.3
268.7 265.8 260.6 248 241.4 231.4 216.6 206.9 194.1 184.3 177.3 171.1 164.1 155.6 147.5 140.2 137.5 133.9 131.1 128.5 125.2 119.5 115.3 109.9 99.3 104.2 104.8 104.4 103.3 102.4 102.8 109.2 116.2 125.2 134.1 130.1 129.7 131.8 134.3 147 141.2 126.6 125.2 114.1 104.9 96.9 89.6 83.6 78.3 75 71.6 70 69.1 66 63.5 60.3 57 54 51.2 48 40.7 31.5 30.2 28.1 20 14 8.5 2 -0.3 -0.9 -0.6 -0.6 -0.6 -0.7 -2 -2 -2 -2 -2 -2 -2 -2 -2 -2 -2 3.6 6.5 12.7 18.4 25.9
268.9 264.7 259.2 247.5 240.2 233.2 219.5 206.4 195.6 186.1 179.5 172.8 165.3 156.4 149 142 138.6 134.6 131.2 129.7 125.6 119.6 113.3 104.8 110 110.6 108.8 107.2 105.8 106.4 108.7 112 116.6 124.8 130.3 130 129 130.5 132.5 140.5 139.9 138.1 130.5 120 107.2 101.8 94.2 85.9 79.6 76.3 72 68.8 68 67 65 62 52.9 52.4 48.1 41.3 33 30.5 28.1 23.3 17.5 11.7 5.8 1.7 0.5 -0.1 0.1 0.4 0.4 0.2 -0.5 -2 -2 -2 -2 -2 -2 -2 -2 -2 -2 1.4 4.7 11.7 19.8 28.3
268.1 262.2 255.6 246 238.1 232.7 217.7 208.6 198.1 186.7 179.5 172.2 164.3 154.5 147.6 142.2 137.8 133.3 130 128.8 125 119.7 109.3 113.2 114.5 114.7 113.5 110 108.6 109.9 109.3 112 116.4 123.6 130.9 130.2 129.5 129.2 130.3 139.6 140.1 140.5 132.3 120.6 110.8 103.6 97.6 87.6 80.9 78.3 73.1 68.4 66.8 65.7 65.5 65.3 49.6 46 40.9 34.7 32.3 29.7 26 21.2 16.9 12.1 6.3 2.3 1.3 0.8 0.9 1.3 1.3 1.4 0.6 -2 -2 -2 -2 -2 -2 -2 -2 -2 -2 -2 2.7 10.7 18.7 28.7
262.9 258.7 253 243.2 234.7 230.2 216.6 207.4 198.5 186.8 178.5 169.7 161.8 153.7 146.5 143.2 139 134.2 130.8 127.5 121.8 119.6 120.1 121.8 121.5 120 118.5 115.2 111.1 109.9 109.5 112.4 115.5 118.9 126.2 129.4 129.5 129.6 128.4 133.1 141.1 141.2 131.4 125.4 112.7 102.4 94.8 88.4 82.1 76.8 71.1 67.6 66.2 64.9 64.2 63 47.7 39.9 35.8 32.2 30.7 27.4 23 18.5 15.6 11.9 2.6 2.6 2.1 1.6 1.7 2 2.3 2.5 2.6 1.8 -2 -2 -2 -2 -2 -2 -2 -2 -2 -2 1 13.5 21.2 29.5
257.3 252.5 249.4 241.1 230.5 220.6 214.5 207.1 197 187 176.4 166.6 159.1 152.3 146.4 143.5 140.4 136.1 131.5 123.1 119 120.5 123.8 127.9 127.4 122.9 121.2 119.1 114.4 110.7 110.3 111.6 113.7 117.2 122 130.1 128.5 126.8 126.7 129.3 139.5 138.5 129.8 126.8 115.9 101.2 93.6 88.1 81.8 75.4 69.9 65.8 63.7 63.1 60.9 53.3 44.5 38.3 32.4 29.7 28.1 23.6 19.4 15.2 11.9 -2 1.1 3.5 2.6 2.5 2.6 2.7 3.7 4.4 4.1 2.3 1.6 1.7 -2 -2 -2 -2 -2 -2 -2 -2 0.4 14.1 23.5 29.8
252.2 246.1 244.5 237.2 227.9 217.5 212 202.9 193.2 183.2 173.2 164.4 156.2 150.7 146.4 143.1 139.9 134.2 130.6 124 123.9 125.4 128.4 129.8 129.3 124.6 121.3 121 117.1 111.7 110.3 112.4 114.7 117.4 120 125.4 125.6 123.5 123.6 125.5 131.9 139.2 132.6 128.5 116.5 102.7 93.6 86.4 80.5 74.7 69.4 64.8 61.2 56 51.5 46.5 39.6 33.4 30.9 28 24.4 20.9 17.5 13.1 4.4 -2 8.1 9.7 8.5 4.7 3.1 4.2 5.8 7.9 6.6 4 2.9 3 3 -2 -2 -2 -2 -2 -2 -2 0.6 14.2 23.8 29.5
244.8 237.8 236 232.8 229.6 217.6 208.4 199.6 189.5 179.6 169.7 161.8 155.6 150 146.6 143.3 140.1 134.9 129.9 130 129 129.1 129.4 129.6 127.8 123.9 120.5 118 117.7 111.4 110.7 111.9 112.8 115.7 119 120.9 121.3 121 119.5 121.3 123.2 132.7 132.4 127.7 118.7 100.2 91.6 85 78.1 72.9 67.9 63.7 61 49.9 45.3 41.3 34.5 32.6 30.1 26.6 23.2 19.7 17.3 14.5 12.2 12.3 11.5 10.3 10.3 7.6 6.2 6.7 8 10.7 9 6.1 3.4 2.6 2.8 -2 -2 -2 -2 -2 -2 -2 1.9 16.4 24.1 29.1
234.1 230.4 229.6 227.2 223.5 214.3 204.4 195.1 186.4 177 167.5 160.9 154.3 149.6 148.3 144.1 140.1 135.5 130.1 130.4 129.6 129.4 129.3 127.4 124.9 122.4 118.9 115.6 110.7 109.4 108.5 109.6 109.9 113.5 117.6 120.2 120.8 120 118.7 117.8 117.2 120.7 121.5 116.9 105.4 94 86.3 81.3 75.2 70 65.3 60 53.6 43.3 38 35.4 33.7 31.9 29.1 25.7 22.4 19.8 19.1 18.5 17.8 16 15 13.1 11.1 9.3 8.8 9.3 9.1 11 10.3 7.6 5.4 4 2.4 2.4 -2 -2 -2 -2 -2 -2 1.3 19 27.7 30.2
