data/140000-870000.asc
ncols 200
nrows 200
xllcorner 140000
yllcorner 870000
cellsize 50
[rows 152 to 189 of 200, columns 0 to 85 of 200]
26.5 37 44.8 48.4 54.5 60.8 63.7 82.8 98.8 108.5 110.7 111.7 114.4 116.7 120.5 116.5 104.6 88.9 83.5 80 79.6 81.7 84.2 86.4 86.8 85.8 87.7 88.4 88.7 88.9 90.1 90.6 91.1 92.4 90.9 88.1 85.2 83 83 82.6 82.5 82.5 82.4 82.2 82.3 82.4 81.7 81 79.3 75.6 76.5 81.1 81.1 82.1 83.3 83.6 84 84.1 83.7 83.8 84.3 84.7 85.2 85.9 87.1 87.8 87.5 84.7 84.4 84 88 89.8 90.9 90.9 90.6 91.4 93 92.9 93.1 92.8 92.5 92.1 92.5 93.3 93.9 93.7
35.8 49.7 57 77.6 97.1 99.1 92.7 98.9 100.2 112.8 117.7 118.2 117.8 118.7 118.1 114.9 108.7 95.2 85.2 83.2 84.4 83.9 86.9 88.9 89.1 87.1 86.6 87.7 87.9 88.1 88.2 89 89.7 90.9 90.3 86.4 83.3 81.7 81.4 81 80.6 80.4 81.1 80.2 81.4 81 80.1 79 77.5 74.5 77.8 81.5 82.6 83.1 84 84.8 85 84.8 84.7 84.7 84.9 85.4 85.9 86.8 88 89.2 88.2 86.1 86.9 87.7 89.2 89.1 89.7 90.6 90.1 90.8 92.1 93.4 94.7 94.8 94.6 94.5 95.4 96.3 96.9 96.1
54 60.6 79.2 105.4 128.8 136.5 127 117.4 109.7 116.5 120.1 117.8 118.8 118.3 119 117.5 113.3 102 87.3 85.4 89.1 90.4 90.4 90.7 90.1 88.7 86.8 86.9 87.1 87.3 87.3 86.9 87.4 90 87.9 84.2 81.5 80.8 80.1 79 80.9 79.2 79.5 79 78.7 78.6 78.5 77.4 75.8 77.2 79.1 81.2 82.4 83.6 84.9 85.9 85.8 85.8 85.7 85.7 85.8 86 86.6 87.7 88.9 90.1 89.5 89.9 89.4 89.1 88.9 89.4 90.6 89.9 91.8 93.1 94.4 94.7 95 95.3 95 96.2 97.7 98.8 99.7 98.8
63.4 64.7 91.5 116.3 141.2 152 149.3 131.8 117.4 117.4 117.7 119.1 118.9 119.7 119.9 119.2 120.5 112.2 96.9 87.7 89 90.2 89.9 89.8 89 88 87.1 86.2 85.6 85.3 85 84.6 84.3 86.9 84.3 80.6 80.7 81.2 79.4 79.2 79.5 79.5 79 78.4 77.9 77.7 77.6 76.6 76.9 77.7 78.6 81 82.5 83.7 85 85.6 86.8 86.8 86.7 86.7 86.8 86.9 87.5 88.5 89.6 90.7 90.7 90.9 90.8 89.3 90.2 91.1 92.1 92.7 93.9 94.2 94.5 94.9 95.2 95.5 96.3 97.9 99.6 101.1 101 100.5
90.9 88.4 99.8 113.7 135 153.1 153.4 144 128.7 116.3 117 116 118.1 118.1 118.8 119.8 120.8 115.2 105.7 95.7 89 89.5 88.5 88.9 88 87.2 86.3 85.8 85.4 83.8 82.6 82.3 81.7 83.2 81.9 79.8 79 78.7 78.4 78.9 79 79 78.5 77.7 77 76.8 76.5 76.6 77.3 78.2 79 81.1 82.8 83.9 84.2 85.2 86.5 87.5 87.7 87.7 87.8 87.8 88.7 89.5 90.4 90.5 90.4 90.6 90.8 91.2 91.4 91.9 92.6 93.2 93.9 95.1 95.5 95.8 96.1 96.5 98 99.2 100.7 101.1 101.4 101.5
108.8 105.4 100 107.3 122.4 144.2 153.1 148.7 141.1 124.6 118.3 116.8 116.5 117.3 118 119 120.8 117.8 110.1 102.1 92.4 89.1 88.1 87.9 87.3 86.5 85.8 85.4 84.9 84.5 82.9 81.3 80.4 80.2 80 79.9 79 79.1 78.7 77.8 77.4 77.4 77.4 77 77 77 77.5 77.3 78.1 78.7 80.5 82 82.7 83 83.4 84.7 86.2 87.2 88.2 88.7 88.7 89.1 90 90.8 91.7 92.1 90.7 90 90.4 89 91 91.5 91.9 92.6 93.5 94.7 95.8 96.9 97.2 97.8 99.7 99.5 99.9 100.3 101.7 103
110.4 108.8 103.5 104.5 115.1 131.1 150.2 152.1 146.6 135.7 122.9 117 116.7 116.5 116.5 119.7 122.8 121.2 113.9 107.4 98.5 90.4 87.8 86.9 86.1 85.7 85.7 84.9 84.5 84.1 83.7 83.6 82.8 80.5 79 79.3 79.7 81.2 81.1 78.6 78.1 78 77.8 77.8 78.2 78.4 79.7 78.9 78.8 79.4 79.5 80.9 81.4 82.2 82.9 84.3 86 87 88 89.4 89.5 90.6 91.8 92.8 93.7 94.4 93.8 92.9 91.1 89.2 90.3 90.7 91.2 92.1 93.1 94.3 95.4 96.6 97.8 99.4 100.5 101.8 102.7 102.7 103.2 104.5
107.4 110.2 108.8 105.6 109.6 122.3 146.1 153.6 152 144.4 133.7 119.8 115.9 115.7 115.2 116.1 121.9 122.2 119.4 111.3 102.8 94 90.1 87.1 85.4 85.4 85.6 86.3 85.8 85 85.4 85.6 83.6 80.1 79 79.8 80.7 81.5 80.9 80.3 78.9 78.9 78.9 79 79.3 79 79.6 79.7 80.1 79.7 80.2 79.6 80.4 81.3 82.4 83.9 85.6 86.7 88.1 89.9 92.6 94.2 95.3 96.3 96.6 97.9 97.6 95.7 93.1 91.3 91.5 91.9 91.2 91.9 92.9 93.8 95 96.2 97.8 99.3 101.2 103.9 105.5 105.6 105.6 106.1
102.4 106.5 111.1 112.4 110.9 116 132 146.2 150.2 147.8 141.2 129.6 115.5 114.6 114.1 114.6 117.4 121.5 119.2 113.9 107.2 99.5 91 88 85.7 85.1 85.3 85.6 86.1 86.6 86.7 84.2 81.7 79.8 80.1 81.4 82.6 84.3 85.7 82.4 80 80.3 80.2 79.7 80.5 80.4 80 79.9 80.2 79.9 81 80.2 80.9 81.5 82.1 83.4 85.1 86.7 89.2 91.1 94.4 97.6 98.8 99 98.9 101 100.4 98.4 95 93.2 94 93.1 92.1 92.1 92.9 93.3 94.6 96.3 98.3 101.1 103.6 106.5 108.4 108.7 108.7 108.8
101.2 103.2 108.4 116.9 116.5 113.6 121.1 136 149.3 149.8 145.9 137 129.4 122.4 114.1 114.2 114.2 115.2 115.1 116.2 112.4 105.2 91.9 88.9 86.5 84.8 84.9 85.3 85.4 86 85.2 83.4 80.8 80.6 82.7 87 88.8 90 90.9 90.1 84.7 84.1 82.1 82.9 84.3 83.6 82.7 81.5 80.4 79.8 81.3 82.1 82.1 82.1 82.7 83.7 85.1 87.4 90.1 93.7 98.3 100.9 101.6 101.1 102 103.4 103.5 101.6 98.8 98 98.2 95.3 92.6 92.2 93 95.8 97.1 98.2 98.7 101.4 105.4 109.4 110.8 112.1 114.2 113.4
102.1 104.5 107.3 114.9 119.4 116.1 118.5 129.5 140.1 148.8 146.6 143.9 142.9 138.1 127.5 114 115.6 113.7 114.5 115.8 112.7 109.8 99.7 89.5 87.2 85.3 84.6 84.9 85.3 84.8 83.3 81.8 81.1 82.8 86.9 88.7 90.9 91.4 91.9 91.6 90.5 90.8 89.2 85.3 86.2 84.9 83.6 82.3 81.1 81.2 83 84.4 84.6 84.6 84.5 85.3 87.2 89.4 92.3 96.7 100.7 102.4 103.8 106 106.2 106.9 107.7 107.1 114.2 116.7 109.5 103.4 96.7 92.8 93.3 93.9 95.4 96.9 98.6 100.4 105.7 111.2 112.4 114.8 118.2 119.5
103.8 106.4 110.9 120.5 120.6 118.3 121.1 133.6 139.5 144.4 147.1 147.9 147.3 145.8 139.9 129.5 119.2 113.9 114.3 114.5 114.2 111.9 107 95.3 87.9 86.1 84.3 84 84.4 83.7 82.9 81.2 82.3 83.8 89.4 90.8 91.4 92.5 92.8 92.4 92.9 95 94.9 90.3 87.1 86 84.7 84 82.1 82.7 84.2 85.1 86 87.8 88.4 87.4 88.9 92.6 96.1 98.7 101.8 106.3 109.1 114.2 116.5 116.1 122.5 127.4 124.5 121.1 116.3 111.3 103.3 95.9 93.9 94.2 94.6 95.8 97.7 100.5 104.2 109.6 113.1 116.9 120.8 120.7
96.6 101.5 113.1 120.9 120.8 125.3 131.6 144.2 150.5 146.9 149.9 148.9 148.4 147.4 146.3 143.3 131 117.2 113.1 112.7 114.2 113.2 108.6 101.7 90.2 87 85.1 83.4 82.8 82.5 81.9 83.4 84.8 85.5 87.7 89.7 90.8 92 92.2 92.4 93.4 93.6 94.4 94.5 90 88.1 87.4 85.2 83.2 84.1 85.1 86.1 89.5 89.7 88.8 88.9 90.8 95.6 99.7 101 107.7 113 121.3 128 131.8 131.4 139.5 137.1 132.2 126.1 120.9 118.8 111.6 104.3 96.2 95.1 95.6 96.2 96 98.7 100.8 107.5 111.3 115.2 120.2 122.5
92.1 95.9 103.9 116.2 128.4 134.1 139.1 147.9 152.5 154.1 152 150.3 149.1 149.3 149 149.7 144.9 130.5 118.4 112.9 116.5 113.6 110.1 104.4 95.3 88.1 85 83.8 82.7 82.9 81.9 85.5 87.4 87.6 88 88.6 90.2 90.3 91 92.7 93.7 94.7 94.9 95.1 94.7 91.9 88.8 86.6 86.1 86.2 87.1 88 90.1 90.6 90.9 92.6 95.1 98.1 102 107.1 114.5 124.3 132.9 138.5 144.9 149.3 150.7 142.5 134.2 128.9 124.1 120.9 119.5 109.4 107.3 104.4 102.6 99.2 98 98.9 100.3 106.3 109.1 115.2 119.3 122.8
88.6 91.7 99.1 109.6 124.1 142.4 143.1 149.5 156.1 155.9 154.5 151.4 150.4 149.5 149.6 150.7 146.4 141.5 131.1 117.1 110.6 113.3 109.2 102.7 96 88.2 84.3 83.4 82.7 82.3 82 86.2 87.3 86.8 87.7 88.6 89.6 89 89.9 92.7 93.8 95 95.7 95.5 95 92.7 89.8 89.5 89.2 88.9 89.6 88.9 91.5 94.3 96 97.7 100.5 103.4 108.2 115.7 125.6 137.2 144.6 151.7 151.5 150.3 147.5 141 134.9 129.1 125.9 122.1 119.6 118.2 118.2 117.1 112.8 111 104.3 98.9 100.4 107.3 111.3 119.6 118.8 120.9
87.5 90.5 93.7 100.6 117.7 149.6 151.3 149.5 158.9 157.6 153.9 154.1 152.1 150.9 150.9 150.7 147.8 145.7 140 126.5 111.8 107.8 108.9 102.7 95.4 87.8 83.8 83.1 82.5 82.3 82.5 84.6 86.5 86.1 87 87.9 88.6 88.5 89.9 92.6 94.5 95.7 95.6 95.4 94.4 93.2 91.2 91.1 91 89.8 90.7 92.2 95.1 98 100.6 102.6 105 108.4 113.6 121.5 131.9 143.9 150.3 152.1 150.7 148.7 145.9 140.2 136.7 131 128.9 125.6 122.6 122.8 122.5 122 117.9 113.3 109 101 101.4 106 110.4 115.9 115.1 118.4
87 88.6 90.8 96.8 110.5 136.7 153.6 151.1 154.8 153.9 149.4 152.2 154.8 152.2 150.2 148.7 147.1 147 143.7 134.5 116.9 103.1 106.2 99 91.7 86.7 84 82.9 82.6 82.6 82.6 83.1 85.1 85.4 86.3 87 87.6 88.2 89.8 92.2 95.2 95.6 95.5 95 93.9 92.9 92.6 92.5 92 92.6 93.9 95.8 98.7 101.6 104.6 107.4 109.5 113.2 119.3 126.7 137.2 149.5 154 154.9 152.5 150.7 148.2 143.3 138.6 135 135.4 131.8 131.7 129.5 128.1 124.8 122.5 113.5 109.2 104.8 102.7 105.9 109 109.1 112.1 115.9
86.2 87.8 89.9 94 107.1 122.4 147.3 153 155.2 150.9 149.9 147.7 153.7 152.9 149.9 148.8 148 146.8 142.7 131.7 117 104 96.8 94.2 88.7 87.5 87.9 83.4 83 83 83.1 83.3 83.6 84.7 85.4 86.1 86.9 87.7 88.7 90.6 93.9 93.1 92.7 94.2 94 93.4 93.6 94.1 94.7 95.4 96.1 99.7 103.2 106.3 107.7 110.2 114.9 119.5 126 135.6 148 158.3 156.9 156.1 155.4 153.5 148.2 145.8 142.8 143.8 146.6 147.1 155.2 157.8 156.1 148 138.9 128.6 121 112.8 107.3 108.5 109.8 110.5 113.3 116.1
86 87.9 89.4 93.6 101.5 111.3 129.2 142.9 154.3 151 150 146.8 147.5 150.5 150.7 148.9 146.1 142.9 136.6 124.6 114.4 104.1 97.4 93.3 90.8 89.1 89.4 84.8 83.5 83.5 83.6 83.7 84 84.7 85.5 86.4 87.3 88.2 88.4 88.8 90.5 90.4 92 93.6 94.4 95.2 95.7 96.5 97.1 97.6 98.7 103.6 108.1 110 112.4 117.3 122.2 125.9 131.4 142.4 150.1 152.1 158.7 159.1 160.1 153.1 148.7 151.2 151.8 154.6 163.7 172.7 189.8 200.9 213.9 193.3 175.1 156.2 142 123.9 116.3 113.6 116.2 114.9 116.3 118.5
86 86.5 88.7 92.1 96.4 103.6 115.2 129.9 145.6 151.2 149.7 145.1 141.6 142.7 150.9 149.3 146.3 140.4 129.9 119.3 109.9 101.4 96.1 92.3 90.3 90.7 89.8 84.5 83.3 83.7 83.9 84.6 85.1 85.6 86.2 86.9 87.8 88.7 88.9 89.7 90.2 90.7 92.4 94.3 95.5 96.5 98 99 99.5 99.8 104.4 110.2 113.2 114.7 117.1 120.9 125.9 130.4 134.8 140.6 147.7 157.1 161.1 160.4 158.5 156.7 156.3 164.1 169.8 176.9 190.8 213.5 236.1 246.7 258.6 253.7 216.3 187 178.6 156.2 139.5 132.6 126 123.4 123.7 126.9
87.9 85.7 87.4 89 93.5 100.2 106.8 122.5 137.7 146.3 148.1 143.6 140.2 138.1 143 145.9 144.8 136.9 123.1 114.1 105.8 98.6 93.8 90.8 89.5 88.9 87.8 83.8 83.5 83.5 85.9 87 86.2 86.8 87.3 87.8 88.3 89.1 89.3 90.4 90.4 90.9 92.8 94.7 96 97.3 99.2 100.6 100.9 104.4 107.7 112.1 115.9 120.6 119.4 123.6 128 132.5 136.6 141.6 151.1 159.8 163.2 162.8 163.4 169.5 176.4 185.2 201.1 225.5 242.7 251.8 263.1 277.9 284.7 276.4 249 229.4 211 183.3 163.7 149.3 137.3 134.4 133.6 138.7
85.8 85.7 87.4 88.9 92.7 98.7 104.1 118.3 135.9 144 147.1 144 140.9 137.9 136.3 141.2 141.4 133 120.4 112.6 104.5 96.2 92.6 90.6 89.1 87.6 85.6 83.8 83.9 85.7 88 88.7 87.7 88 88.4 88.9 89.4 89.5 90.7 92.4 92.3 92.3 93 94.3 95.9 99.3 99.7 102.3 104.9 106.3 110.8 113.4 117.7 120.6 123.3 126.4 130.1 134.7 139.7 146.8 154.8 162 169.3 173.9 181.5 190.3 204.5 229.6 242.6 255.4 269.2 282.7 292.2 307.4 310.5 296.3 279.4 261.5 230.6 203.7 179.7 164.5 154 148.9 145.8 157.4
84.4 85.3 86.8 87.8 90.6 96.8 104.2 115.7 132 144.4 149.2 146.5 141.2 136.8 130.1 137 135.5 125.3 117.6 109.9 101.6 95.8 91.5 89.3 88.3 87.6 87.5 85.3 84.4 87.7 89.1 89.5 88.9 88.6 89 89.2 89.1 88.9 90.7 96.5 98.8 95.5 98.3 100.3 106.2 107.7 107.9 109.2 109.7 109.1 110.6 114.1 118.4 122.1 126.4 130.3 133.8 138.4 145 153.4 162 172.2 180.9 189.5 201.5 218.6 241.2 256.9 270.8 284.6 297.9 307.6 322.4 337.4 329.6 311.2 297.6 269.8 248 230.8 198.6 179.7 173.7 167.1 169.4 177.8
84.8 85.1 85.9 86.9 89.6 97 104.7 118.4 139.2 151.4 153.9 149.8 143.8 138.7 130.2 120.9 124.4 120.1 112.7 106.4 100.4 94.4 90.1 88.4 88.3 88.5 88.3 87.1 84.9 88.9 90.3 89.9 88.7 88.7 88.8 88.8 88.8 88.8 89.1 94.7 100.9 100.7 103.2 109.7 113.2 113 115.1 113.7 113.8 116 112.2 115.9 118.7 123.7 127.1 135.2 139.4 142.7 149.2 160.7 173.7 184.1 195.5 211.5 232.6 248.8 266.3 282.9 300.2 314.5 327.4 339.6 353.1 365.4 355.3 330.8 314.9 299 276.4 252.7 231.5 203.5 196.2 187.3 189.7 190.8
85.8 86 86.8 87.5 90.7 96.1 107.3 128.8 159.7 162 157.2 152.5 147.3 140.5 133 124.2 111.7 111.4 106.3 101.1 96.6 92.2 88.9 88.7 88.6 88.7 90 89.1 85.7 89 91 89.7 89.6 90.8 90.1 88.9 88.8 88.9 89.3 92.5 99.8 103.4 108.5 112 115.2 118.3 120.6 120.3 119.8 119 115.6 118.5 122.3 126.1 132 140.2 145.4 149 153.5 167.3 184 199.1 218.8 236 252.7 273.2 295.3 313.9 329.8 342.5 355.9 378.2 390.9 396.9 389.8 359.6 337.8 322.1 311.1 284.7 264 243.1 224.2 207.3 207.3 203.7
87.8 90.7 92.1 89.1 91.5 99.9 118.4 154.6 165.6 166.7 161.7 156.4 149.8 139.1 131.4 123.9 115.9 103.9 98.4 96.2 94.4 90.6 88.9 90.6 89.1 90.5 91.4 91.2 89.8 89 91 90.1 89.5 90.4 90.7 90 89.1 88.7 88.7 91.2 97.4 103.2 110.3 114.6 118.3 122.8 127.3 126.1 124.5 122.5 119.1 120.6 125.8 129.2 136.7 147.2 149.7 152.7 158.2 179.2 196.5 218.1 237.5 258.2 277.2 295.4 315.7 335.9 354.7 375.1 390.8 404.2 407.9 412.6 418.7 389.5 369.4 347.6 336.3 327.9 316.1 285.9 270.6 251.4 230.6 233.9
91 95.7 94.8 92 96.6 111.8 135.5 162.8 168.2 170.5 164.9 157.8 147.2 137.1 129.5 121.9 113.6 107.2 100.4 96.3 92.8 90.9 90.5 91 90.3 91.1 92 91.4 89.8 88.2 89.7 90.4 90 90.6 91.4 91.3 91.3 89.6 90.8 96.9 100.1 106.9 112.6 118.4 123.6 128.5 131.7 131.8 131.4 132.8 128.6 127.3 129.2 132.4 141 148.9 153.8 158.1 171.1 195.4 218.3 236.6 255.3 278.8 300.5 318.2 331.7 350.9 368.7 386.1 400.9 408.3 415.5 421.5 430 437.7 404 379.8 368.6 355.9 349.7 332.4 310.8 276.3 261.6 263.2
95.9 96.3 94.8 99.8 110 123.9 155 165.5 169.8 171.9 165.3 156.4 146.5 137 127.5 119.1 112.1 105.6 102.5 97.5 93.1 92.4 94.1 94 92.8 92.7 92.6 91.7 90.7 89.9 89.1 90.5 91 92.4 93.7 93.9 93.7 93.7 96.7 102.8 109.6 113.3 118.5 123.9 128.6 132.9 134.4 137.3 144.4 149.8 144.4 139.9 137.6 138.6 139.6 146.3 155.7 169.8 188.5 215.1 236.9 254.6 272.4 293.1 313.8 330.3 344.4 359.4 375.9 392.2 404 413.7 421.5 429.9 441.8 452.2 455.1 442 420.5 396 385.3 367.1 352.6 321 302.6 288.1
100 98.7 102.1 115.2 126.8 146.2 156.1 163.9 169.5 170.1 163 154.9 144.6 133.7 125 116.9 109.8 107.8 105 98.2 93.4 92.9 99.4 96.3 94.1 93.7 93.3 92.5 91.7 90.9 90.7 91.5 92.7 94 95.4 96.7 97 99.3 105.1 109.1 113.6 116.9 122.9 130 134.8 135 138 145.6 157.8 164.7 163.9 151.9 151.6 146.3 142.6 147.3 166.6 182.3 199.7 229.3 250.5 268.9 286.3 300.9 316.8 334.4 352.2 367.4 382.4 396.3 407 417.2 427.9 444.5 459 466.8 473.1 478.2 475.7 464.9 446.5 417.8 395.8 368.8 334.9 313.2
101 103.4 120.5 131.9 141.1 153.6 160.7 163.4 169 166.6 158.6 151.5 141.5 131.2 120.6 110 105.3 102 101.3 95.8 94.1 93.2 98.1 97.8 94.8 94.2 93.8 93.6 92.9 92.3 92.2 93 94.7 96.1 97.5 98.7 101.4 105.7 112.7 115.1 116.7 121.5 129 135.1 139 138.9 148.4 152.5 159.9 165.6 163.6 165.1 168.7 170.2 162.3 158.2 160.4 194.5 218.5 242.8 261.2 279.9 294.4 305.9 320 337.1 357.7 371.2 385.1 399.8 411.5 422.4 437.6 458.9 467.5 474 479.5 484.3 488.1 489.8 485.9 480.1 460.8 439.9 395.7 337.5
101.8 114.3 133.7 146.6 154.6 160.6 166.3 166.5 166.6 162.2 154.8 147.3 140.3 128.2 117.9 108.8 103.8 99.2 97.4 95.8 94.8 94.4 95.4 97.8 95.6 94.7 94.8 94.8 94.2 94 93.6 94.8 96.6 98.2 99.6 102.3 106.4 108.9 114.2 119.3 118.8 122.2 130.5 131.6 135.9 141.3 150 153 158.4 166.6 173.9 180.9 192.9 200.2 194.1 178.2 164.5 191.9 231.5 252.4 270.2 286.5 299.4 311.3 325 343.3 360.9 373 389 402.5 414.7 430 449.1 461.7 470 475.6 481.6 485.9 489.9 492.8 492.2 487.4 477.3 462.6 436.6 376.9
106 119.5 138.9 153.6 160.5 167.2 170.2 169.3 163.4 156.8 149.8 142.6 138 128.9 119.3 111 109.4 107.4 103.5 97.8 95.4 95.6 95.9 101.2 99.5 103 97 96.1 96 95.8 95.5 97.3 99.5 100.8 105.2 108.6 110.8 113.1 115.9 117.5 116.1 115.7 121.7 128.7 135.6 141.5 148.9 158.6 171.7 187.4 200.2 213.5 221.6 226.9 225.4 212.8 179.8 191.8 233.5 255.3 273.8 291.5 304.1 316.6 328.9 347.6 362.6 374.6 390.3 403 418.1 435.6 454 463 469.6 475.7 481 486.1 490 493.4 493.4 490 479.9 467 451.9 401
109.5 119.8 136.4 150.5 162.3 170.7 167 162.3 158.9 153 147.9 143 140.9 130 120 113.8 109.9 108.7 105.5 100.8 95.7 96.5 98.9 104.1 104.3 106.6 102.1 98.5 98.1 97.9 97.4 98.8 102.1 104.6 109.1 110.5 110.7 112.4 110.9 110.8 112.5 114.1 122 135 145.1 150.2 162.7 178.9 194.1 208.7 226 237.9 242.5 245 243.7 233.3 184.2 204.9 231.7 254 275.1 293.6 305.6 320.2 331.9 349 364.8 377.8 391.1 403.6 418.8 437.1 451.9 461.1 468.2 474.3 479.8 485.1 489.6 492.9 492.9 489.2 481.7 468.7 456.6 411.7
115.1 119.1 129.9 144.8 162.3 170.2 165.6 159.4 155.8 149.1 148.7 149.3 142.6 128.4 119.1 113.3 110.5 111.2 106 99.4 96.5 99.8 104.5 105.8 106 105.8 105.2 102.6 99 98.1 98.7 101.9 109 111 110.7 109.3 109.5 110.8 111.1 110.8 115.3 125.3 138 144.8 151.9 164.5 181.7 198.9 212.7 227.6 242.3 246.2 250.3 254.2 254.6 243.7 206.5 213.4 230 253.8 274.3 294.2 307.3 324.1 334.5 349.3 365.5 382 392 403.1 418.1 436.4 449.8 458.7 466.6 472.9 478.8 484 489 491.3 490.9 488.8 481.2 469.7 458.8 429.3
120.6 121.8 127.1 139.3 157.3 163.9 159.9 155.3 150.3 149.8 150.5 150 138.9 125.3 117.2 113.2 110.7 109.6 103.5 97.9 100.6 102.3 103.9 107 106.8 106.7 106.6 104.6 100.2 98.6 99 102.5 111.2 110.9 109 109 109 109.8 110 113.3 123.4 134.5 144.7 152 163.6 180.3 198.8 212.8 228.6 242 247.8 253 256.8 261.8 264.2 260.6 242.7 236.2 219 245.8 270.9 293.1 309.1 323.2 336.8 351.4 367.3 380.9 392.1 403.6 418 434.8 447.8 456.4 464.4 471.5 477.6 483.1 487.5 489.4 489.2 487 481.5 470.2 457.8 442.5
121.2 123.3 125.1 136 148.5 156.7 154.1 152.5 157.2 156.1 149.5 141.2 133.2 123 115.8 111.2 109 103.9 99 103.9 107.6 102.8 103.4 106.9 108 109.2 109.4 108.6 105.7 100.7 98.6 101 109.3 109.1 109 109 109.5 109.9 111.2 118.6 129.4 141.1 151.3 163 180.6 198.1 213.2 226.1 239.5 248 253.3 259.8 264.3 269.2 271 268.9 265.7 260.8 249.8 231 262.4 285.9 308 324.6 338.5 352 366.8 379.8 391.7 403.4 416.9 431.8 445.3 453.7 461.7 469.3 476.1 481.2 484.8 487.2 487.5 485.6 480.1 470.2 457.5 445
120.1 122.9 124.9 132 141.6 146.5 148.8 154.2 160.4 154.2 145.9 138.7 130 122.4 114.1 109.6 105.8 102.2 104 110 110.4 106.6 106.8 107.8 109.3 110.8 112.8 112.6 111.3 107.7 99.1 100.2 106.3 110.7 109.4 109 110.4 112.6 116.3 123.9 134.8 146.4 159.9 175.8 192.9 210.4 225.5 237.5 245.8 252.2 259 266.1 272.1 276.8 280.4 280.4 279.5 278.8 273.6 267.1 257.5 279 298.8 322.8 339.9 353.4 365.2 377.9 389.3 401.6 415.6 429.7 442.3 451 459 466.5 472.8 478.7 482.7 484.5 486.1 483.8 478.7 469.9 458.7 448.3
104.5 108.7 113.4 122.5 135.4 141.8 148.2 152.4 156.5 148.9 143.7 137.1 129.8 119.7 111.1 107 104.5 104.3 107.5 111 111.2 108.8 111.1 114.3 116.7 119 119.4 117.7 114.3 107.7 102 100.9 107.7 110.8 110.8 110.3 111.8 114.7 119 128.3 135.7 149.3 167.3 188 204.3 220 233.4 243.3 249.7 256.5 269.4 275.8 281.9 285.4 287.2 287.9 290.5 289.4 288.6 285.5 275.8 270.6 291.1 315.1 335.3 353.2 363.6 375.5 386.8 399.3 412.7 426.7 439.5 449.1 456.8 464 470.7 476.7 480.4 482.3 484 482.4 477.6 470.8 458.5 450
