data/140000-850000.asc
ncols 200
nrows 200
xllcorner 140000
yllcorner 850000
cellsize 50
[rows 105 to 139 of 200, columns 79 to 157 of 200]
197.1 192.6 188 182.9 178.6 174.6 171.2 168.4 164.4 162.8 160.9 158.3 153 157.2 161 160.4 160.5 160.1 156.3 158.2 162.8 163.5 165.2 167.8 168.8 166.5 167.6 168.2 165.9 168.6 168.1 169 172.4 177.6 183 191.3 196.5 205.7 213.5 222.5 231.6 241.7 249.2 256 262.3 269.7 275.8 283 290.3 297.7 305.3 319.7 334 345.2 356.8 367.1 375.9 384.9 395.3 408.3 423.1 442.4 461.2 479.1 498.2 517 531.3 542.6 550.6 558.5 566 573.7 580.2 584.7 588.5 591.3 594.7 596.7 598.9
178.5 174.6 172 167.9 165.9 162.6 160.1 156.8 154.7 153.1 151.9 149.4 148.2 150.1 151.1 150.5 151.3 152.9 149.9 151.1 154.6 156.6 159.2 161.8 160.9 162.9 165.3 161 161.5 165.2 168.8 173.2 177.8 182.6 188.5 199.4 204 211.1 218.9 227.7 237.8 247.6 253.4 262.5 269.4 276.5 284.1 291.5 298.7 305.1 314.5 329.1 346.3 356.8 364.1 371.8 380.9 390.3 400.4 413.1 427.5 444.9 464.4 480.4 498.4 513.7 525.9 539.9 549.8 557.2 564.3 571.9 578.9 583.8 586.3 588 591.1 593.4 593.9
160.5 158.3 157.2 155.3 153.5 150.6 149 145.7 143.4 143.5 142.4 141.1 142 142.3 142.5 143.2 143.8 145.6 145.4 147.2 149 149.1 149.9 152.3 153.4 155.8 159 161.9 169.1 170.1 174.8 179.8 185.9 194.3 202.1 208.4 213.5 220.1 225.9 235.5 244.5 253.6 260.7 268 276.1 283.6 291.3 300.8 308.1 314.8 322.8 331.7 350.8 363.1 370.1 377.5 385.5 393.5 407.1 418.2 432.9 449.6 465.7 481.2 498.8 516 527.3 538.3 549 556.2 563.3 570.3 575.9 581.7 584.2 585.3 587.6 587.9 586.1
147.8 148 146 144.5 141.7 138.1 137.8 136.8 135.4 135.4 135.5 136.1 137.4 138.3 138.1 139 138.9 140.8 141.8 145.4 148.1 149.3 152.1 153.2 157.8 165.5 168.1 168.1 173.7 177.9 183.5 189.5 195.9 203.9 210.9 217.8 223 228.2 237.4 243.2 251.8 260.4 267.8 274.7 281.2 289.4 301.1 309.4 313.9 320.9 330.1 336.1 352.1 363.7 372.9 381.1 388.8 396.8 409 424 438.2 452.1 467.3 483.4 500.3 516.9 530.2 538.2 549 556.2 562.7 568.1 573.9 579.5 581.6 581.9 582.5 582.7 576.7
137.2 136.6 134.9 133.9 133.3 132.9 131.5 131.1 129.6 130.1 131.5 133.2 134.9 138 137.9 137.8 138.6 141.4 145.2 148.6 152.8 155.1 159.8 164.5 169.9 170.9 174.9 180.6 186.8 191.4 196.1 200.7 205.8 212.6 219.4 226.1 231.8 237.4 242.1 250.1 259.5 268 275.2 284.1 288.8 297 305.1 313.6 317.6 324.6 333.6 340.5 354.8 366.7 375.4 382.8 391.7 400.1 412.2 426.4 442.6 456.2 469 486.2 504.3 520.7 530.6 538.3 550.3 558.3 563.5 564.5 570.5 575.6 577.1 574.2 573.6 567.5 560.3
128.2 127.3 127.1 127.2 127.5 128 128.3 127.8 127.8 128.8 129.8 131.4 134.2 137.9 138 138.6 141.7 148 152.5 158.7 162.8 166 167.9 176.1 180.1 182.4 188.4 194.3 200.3 205.1 208.8 212.9 217.5 221.3 227.9 234.4 240.9 247.1 253.2 261.3 269.2 277.3 283.3 291.4 295.6 302.7 309 315.4 321.5 328.7 337.1 346.5 357.2 369.3 378.3 384.8 393.4 403 413.6 428.1 443.3 457.6 472.1 490.1 508.7 524.4 532.8 541.9 553.4 560.6 564.1 564.6 566.8 569.3 569.9 563.2 553.8 544.5 537.7
122.6 122.5 123.2 124.1 125 127.5 128.2 128.4 128.7 129.6 129 133.1 137.7 138.9 143.2 146.7 150.6 157 163.4 169.5 174.6 180 181.9 187.2 191.5 194.7 201.2 206.1 211.2 215.2 218.8 221.9 226.7 232.4 236.8 242.6 248.2 254.9 262 272.8 278.7 285.1 291.3 295.6 301.4 307.5 313.4 318.8 326 333.3 341.6 351.8 362.5 371.7 380.3 387.1 395.4 404.8 414.4 428.2 443.5 458.9 476.4 493.9 512 528 535.5 545.8 555.8 561 562.6 561.1 560.3 558.6 552.2 543.1 533.3 524.2 515
120.4 120.5 121.6 124.3 127.2 129.2 129.8 130.1 132.5 133.5 133.5 139.3 142.7 146.2 152.3 157.9 161.6 165.8 172.2 178.5 184.5 189.6 192.9 196.6 202.1 206.3 211.7 215.8 219.1 222.9 226.3 230.4 233.6 239.8 245.7 251 256.2 262.7 270.7 279 283.3 287.8 293.1 299.7 303.9 310 316.3 322.6 330.9 339.4 348.8 358 366 373.2 381.1 390.1 398.5 406.5 414 424.7 440.1 457.7 476.2 496.5 516.1 528.7 537.6 552.2 557.7 560.4 561.4 556.1 551 540.6 531.1 521.8 512.3 502.8 494.1
118.5 119.5 121.1 125.7 129.7 130.3 131.5 133.7 137.7 140 140.2 146 151.5 155.4 160.7 168.7 172.8 176.3 180.7 186.9 193.1 198.3 201.8 205.5 210.3 215.1 219.4 223.3 226.7 230.1 233.5 237.4 241.5 246 252.7 258.1 264 270.3 276.1 281.6 287.2 290.8 296.1 301.2 307.7 313.3 319.9 328.5 337.7 345.5 351.4 358.8 366.7 374.3 382.8 391.9 400 404.3 410.1 419.8 437.1 454.7 474.3 496 517 529.7 538.3 551 556 558.9 555.2 542.3 529.3 518.8 509.7 500.4 491.9 481.2 473.3
118.8 119.1 120.6 124.9 129.5 131.2 134.6 138.8 142.8 146.6 148.9 152.2 159.1 164.5 167.7 176.4 183.7 187.1 190.5 195.4 201.5 206.5 209.8 214.4 218.3 223.1 226.7 230.2 233.5 236.7 240.7 244.3 248.5 252.2 258.9 265.2 270.9 276.4 280.7 285.8 290.1 294.2 299.3 306.9 314 320.1 326 334.7 342.8 347.5 353.5 360.9 368.7 377.3 385 390.6 397.6 401.9 406.8 413.8 429.5 448.1 469.1 491.2 513.1 527.6 535.8 544.9 550.2 549.2 538 521.8 510.1 498.5 488.5 480.9 471.4 463.7 457.9
121.4 122.1 123.8 128.3 132.3 137 140.9 145 148.9 152.4 155.6 160.2 166 170.7 176.1 182.3 187.3 198 200.8 205.6 210.4 215.5 220 223.9 227.8 231.1 233.2 236.2 239.3 242.3 246.5 251.3 254.9 259.2 264.7 270.4 276.2 280.9 285.2 289.7 293.6 297.1 302.3 310 316.8 323.6 329.3 338.2 343.8 348.4 353.5 362.1 370.4 377.4 383.6 389.8 395.2 396.8 403.9 412.2 420.4 438.8 458.6 480.6 499.7 514.6 528.1 533.1 533.2 528.4 515.5 500.4 489.3 478.3 467.3 460.8 454.9 448 441.8
126 127.6 131.1 135.1 140.2 142.8 147.5 152.1 155.4 158.9 162.9 168.1 174.5 178.7 182.2 188.2 195.5 205.7 211.2 216.2 222.4 226.7 229.8 233.3 236.1 238.6 240.2 242.8 245.6 248.3 255.7 263.5 263.8 267.1 271.4 278.1 281.7 285.5 289.9 293.3 296.8 299 304.1 311.6 318.7 325.5 331.3 341 345.5 349.6 353.2 359.9 367.5 375.8 380.7 386.2 390.7 390.1 394.9 402.1 407.7 425.3 441.3 460.5 479.8 492.2 504.8 508 509.5 497.6 484.4 474.3 465.6 456.8 448.9 442.9 437.1 431.9 426.9
135.4 139.7 142.2 145.3 148.3 150.9 154.7 162.3 163.9 167 171.4 176.5 182.5 188.5 193.1 199.6 204.5 216.5 221.9 227.7 233 236.1 239.2 242.2 246.8 250.3 252.5 254.6 257.4 259.3 265.5 273.4 275.2 274.5 278.4 284.1 286.5 289.9 292.5 295.5 298.5 301.3 307.9 314.2 319.4 325.5 331.2 340.2 348.9 351.2 352 358 362.7 368.9 373.8 379 380.8 382 385.3 392.6 395 403 418.1 433.6 447.1 459.6 469.7 473.1 474.3 467.3 461.9 454.3 446.6 437.9 431.2 426.4 422 419.4 412
147 149.6 151.3 153.9 157 159.3 163.8 169.1 173.1 175.8 180.9 186.9 192.8 197.9 206.8 216.5 224.3 228.2 232.3 238 242.2 245.4 249.4 253.6 259.5 264.1 269.1 271 272.5 275 278.5 283.1 284.5 284.6 285.5 289.3 290.9 292.1 294.3 296.9 300.6 304.1 309.8 315.8 319.7 325.7 330.7 338.5 345.1 348.5 350.4 353.3 356.7 361.4 367.4 371.1 371.9 372.2 376.5 381.7 387.2 390.8 397.9 408.4 420 429.9 436.1 442.8 446.7 443.7 440.4 434 427.2 419.9 415.3 410.6 407.2 402.6 396.8
155.9 159.6 161.5 163.3 165.3 166.9 170.9 174.9 180.3 186.6 194 202 209.4 214.5 223.7 230.5 233.2 236 242.9 247.3 252.2 256.7 260.6 266 271.9 277.6 281.1 284.4 287.2 291.9 294.3 294.3 293.5 294 294.1 291.1 291.5 292.3 294.7 297.3 302 304.9 310.1 316.7 320.4 324.4 329.3 334.8 339.1 343.9 347.2 350.3 352.8 354.9 359.7 361.6 362.6 362.4 367 373.8 378.3 379.9 384.1 394.3 404.1 410.6 414.5 418.9 422.7 422.9 418.8 414.3 411.2 406.1 400.1 397.7 392.8 385.9 379.8
165.6 168.9 171.2 173.7 177.4 179.2 184 186.8 193.6 201 208.1 215.1 222.9 231.2 237.6 242.3 242.5 248.6 255.1 259.6 264.1 268.3 273.7 279.3 284.7 290.4 296.9 302 307.4 309.5 311.3 307.4 302.9 301.3 299.9 295.7 293.2 292.9 292.1 295.9 301.5 305.7 311.8 317.2 321.6 324.6 327.4 332.6 337.6 341.8 344.3 346.9 350.3 349.2 353.5 354 354.1 354.4 358.2 365 371.5 369.3 372.6 378.9 387.8 392.2 395.6 399.3 400.9 403.3 403.2 400 396.6 392.2 386.4 384.7 376.4 370.5 363.9
178.5 181.5 184 187 190.5 195.2 197.2 201.9 208.9 215.8 224.1 232.1 240.2 248.5 254.1 257.6 259.9 266.9 267.5 270.5 274.8 282.6 292.2 295.9 303.5 312.1 320.3 327.6 328.8 329.4 327.4 321.4 313.7 306.6 302.8 300.3 294.9 291.4 290.4 293 298.9 304.5 309.4 314 317.6 319.8 324.5 330.7 335.8 339.8 343.8 346.6 347.6 346.4 346.6 347.7 348.3 346.6 349.1 354.6 357.5 361.8 362.2 367.1 371 373.9 379.4 382.1 383.9 386.7 388.1 384.6 381.2 377.8 370.9 365 357.5 354.2 350.9
192.2 195.1 198.1 201.2 204.4 207.7 211.6 216.9 224.3 233.8 243 249.8 257.6 266 266.2 272 276.5 279.1 281.8 284.9 291 300.4 309.9 319.2 330.9 338.7 344.5 348.6 347.7 345.6 337.1 331.7 322.4 309.3 303.7 300.7 294.6 285.8 282.5 287.5 293.4 298.6 304.1 309.1 312.8 315.7 319.9 326.9 333 337.6 342 344.9 344.5 340.6 341.3 342.3 339.8 340.3 343.2 343.9 347.5 357.1 354 351.8 352.5 356.4 362.2 365.5 370 374.9 376.1 370.8 367 361.2 352.8 347.4 341.8 341.6 337.4
206.2 209.4 212.3 215.5 217.8 220.7 225.8 231.8 239.8 252.5 262.5 271.5 273.8 272.9 281.2 288.7 295 296.8 300.4 304.9 312.2 323.8 330.8 341 349.6 356.3 359.7 364.8 362 355.6 347.4 333.4 321.9 310.4 301.9 296.1 288.9 281.2 278.3 281.2 285 290.8 298.1 302.6 307.1 310.6 312.3 323.3 329.6 335 338.8 340.8 338.4 333.5 334.8 333.6 330.5 326.1 329.4 329.6 331 334.8 335.7 333.2 335.2 339.5 343.8 350.4 358.3 366 363.4 355.8 352.6 345.3 334.7 330.5 328.7 328.2 328
223.6 229.9 228.3 228.4 229.1 233 239 243 255.7 268.2 277.2 282.6 279 286.4 298.4 307.9 315.2 314.9 321.1 326 330.6 338.3 348.8 360 368.9 371.1 372.1 376.3 370.5 361.3 347.2 331.8 320.2 307.6 298.7 291.2 284.6 277.4 271.7 274.4 273 278.5 289.7 295.8 302.5 301.6 300 312.3 319.9 327.8 335.1 334.3 325.2 317.5 315.5 316.1 314.8 313.4 316.8 319.2 319.3 319.5 317.9 318.9 321.4 323.8 324 325.2 335 336.6 333.6 328.7 325.7 322.6 319.8 317 318.4 317.8 322.7
241.9 242.5 243.3 242.3 242.6 244.8 250.6 257.3 266.5 280.1 291.1 291 291.8 305.8 317.1 325 332.4 336.6 341.9 347.2 351.3 356.6 364.2 372.7 377.8 376.2 379.3 381 372 357.6 340.1 327.5 315.8 303.3 293.6 285.7 277.7 273.2 262.4 263.5 259.9 259.1 264.5 273.4 285.3 279.7 280.3 285.9 291.2 294.9 300.2 302.9 303 302 303.2 304.9 305 302.3 305.7 308.1 306.6 301.4 301.6 305.5 308.4 311.5 310.8 309.8 312.1 312.3 314.9 313.6 309.7 308 305.8 305.6 306.8 312.7 323.5
262.3 257.2 253.5 253.9 253.6 255.6 260.6 270.6 281.4 291.1 296.7 297.2 308.3 323.4 338.4 339.5 346.1 350.3 355.2 362.5 368.9 368.6 376.4 373.4 373.2 373.4 376.4 372.6 359.1 343.9 330.7 318.4 307.1 296.9 287.5 279.4 271.3 264.7 255.7 252.1 251.1 252.7 255.9 260.4 262.4 265.5 269.1 273.3 278.1 283.3 286.4 287.4 287.8 289.3 291.1 293.5 295 290.7 295.9 295.9 295.4 290.9 292.4 296.5 300.1 299.8 299.8 300.9 302.5 303.2 302.8 299.9 296.6 296.6 293.1 292.1 300.7 314.4 323
280.7 273.9 268.9 267.4 266.1 267.5 274 286 297.4 302 302.4 304.3 319.3 336.5 344.9 351.7 358.6 364 370.2 374.9 377.7 376.9 372.5 369.1 369.3 367.4 363.3 352.4 340.6 328.5 318 307.8 299 289.3 279.5 271.8 264.2 257.4 249.6 243.3 244.2 246.2 248.2 251.6 255 256.9 261.2 265.5 268.9 273 275 276.7 276.3 278.4 281.5 283.8 284.3 282.5 282.6 283.4 284.7 281.8 283.6 288.6 293 294.5 294.6 295.4 294.3 293.6 290.8 288.5 289 289.9 289.2 293.2 301.5 312.6 318.8
293.9 289.2 284.3 280.6 281 280.7 285.5 295.2 304.6 306.7 308.7 316.1 332 339 349.2 356.4 364.1 368.7 371.5 374.3 375.7 378 370.4 364.9 363.3 359.2 342.8 333.1 320 311.6 305 297.4 291 281.2 270.2 263.2 256.7 250.4 244.2 238.8 238.7 240.6 242.7 245.8 249 251.2 254.5 257.1 259.4 262 263.6 265.3 266.7 267.1 270.6 274 273.7 273.1 272.2 272.9 273.8 275.1 277.8 284.8 290.2 290.9 291 291.1 288.4 285 281.6 282.3 281.2 281.5 288.6 297.9 302.7 310.2 316.8
308.3 301.2 292.5 293.5 292.8 291.9 294.5 298.9 306.4 308.6 319.4 323.8 330.6 340.5 350.1 357.1 363.7 369.7 371.2 373.3 375 372.6 366.8 357.9 349 338.8 327.3 317.7 311.4 302.8 293.4 287.2 281.1 268 261 253.9 248.6 243.6 237.9 234.4 234.5 236.4 238.7 242 244.5 246.6 248.6 250.3 252.7 255.2 255.9 257.4 258.7 259.3 259.9 263 264.2 263.8 266 269.4 271 269.7 275 281.2 285.1 285.4 284.7 286.1 280.7 277.6 272.3 278.9 280.6 287.9 295.3 301.9 306.3 314.5 322.4
317.3 312 304.8 303.5 301.3 299.5 298.8 301.8 307.7 311.6 320.2 324.7 331.3 339 348.5 355.9 362.1 370.4 373.4 376 375.4 368.8 361.9 347.6 330.4 323.1 313.9 304 296.9 286.9 282.3 273.5 261.7 255.2 251.7 245.1 240.3 235.6 232 230.7 230.9 233.2 235.5 238.1 240.2 242.1 243.3 245 246.7 248.1 249.1 250.1 250.6 250.8 250.6 253.1 254.7 257.8 261.8 264.5 265.8 268.2 272.2 276.9 276.7 278.8 276.5 277.5 272.2 269.2 273.2 282.8 288.9 293.8 301.6 309 319.1 320.2 325.3
324 319.5 313.9 312.8 310 305.8 302.2 300.1 304.7 308.5 313.7 319.1 326.8 337.3 345.9 354.7 363 369.7 374.8 376.7 373.9 359 346.3 333 317.5 310.2 300.1 290.3 283.3 277 269.3 257 250.1 242.9 239.5 236.3 232 228.2 226.1 224.9 226.7 230.1 232.3 234.4 235.7 237.5 238.1 239.7 239.4 240 240.9 241.3 240.8 243.1 243.9 246.6 250.5 254.4 257.8 259.6 261.5 264.6 267.7 269.1 269.6 266 264.4 263.6 267.6 277.3 285.3 290.3 297.3 301.9 306.1 314.4 321.1 323.9 329.5
326.3 324.3 320.3 319.4 314.6 309 302.3 298.8 299.1 302.8 305.7 310 319.4 332.8 341.2 349.4 356.7 363 370.4 372.3 359.6 344 328.3 317.3 308.1 296.6 287.5 276.5 269.4 260.1 251 244.5 238.3 232.7 228.9 225.2 221.7 222.6 221.4 220.5 221.7 225.4 228.3 229.3 230.1 231 231.5 231.2 231.5 232 233 233.4 234.5 236.1 240.1 243.5 249.6 254.4 252 255.1 259.5 260.5 257.5 257.2 257.8 257.6 259.3 267.5 274.7 283.7 293.4 297.6 303.6 309.5 312.7 319.5 320.6 327.4 332.8
329.2 327.2 322.1 319.6 312.5 307.1 302.1 295.4 293.7 296.8 300.6 300.8 307.9 322.5 334.6 343.5 350.4 356.1 357.2 351.1 340.7 326.5 313.5 304.5 296.5 283.7 271.7 263.1 255.6 245.9 238.7 232.5 226.3 222.1 218.7 215.5 213.9 215.5 214.9 212.4 216.8 221 221.6 221.5 223 223.2 221.5 222.7 223.8 225 226.2 228.1 229.6 232.3 235.9 241.5 243.6 247.5 249.1 249.8 252.7 255.2 250.1 252.6 255.3 262.3 269.6 276.1 284.1 292.3 299.9 304.8 310.4 315.4 319.9 323.8 327.7 331 337.2
334.2 329.9 325.5 318 311 304.5 300.1 292 287.9 290.8 294.1 291.7 297 309.1 320.1 330.9 339.9 342.8 342.3 332.3 322.1 310.4 300.7 291.7 281.3 270.6 259.9 251.2 242.4 234.3 226.4 220.8 216.5 213 210.2 207.3 207.4 208.2 207.2 207.4 211.4 214.9 213.2 213.8 214.3 214.1 213.4 215.3 218.1 220.8 221.7 225.1 227.9 228.7 230.6 233.5 239 243 242.6 245.3 245.9 247.9 256.1 262.5 264.5 271.9 279.1 285.3 290 298.6 304 310.4 315.3 319.8 324.7 328.9 333.1 337.2 341.3
338.9 334.1 328.2 318.8 309.8 304.1 296.7 288.1 281 283.4 283.3 282.7 288.5 296.6 307.1 312.2 318.6 322.7 321.7 313.4 303.3 295.8 286.9 276.5 265.7 256.2 247 239.7 232.1 225.1 216.2 210.9 208.7 205.8 202.3 200.6 201.3 199.7 200.4 202.9 204.9 207.8 206.7 205.5 203.7 208.4 207.7 210.6 213.8 217.2 218.4 223.8 229 230.6 234 238.9 237.6 242.1 251.2 255.6 260 264.1 268.8 275.3 276.8 281.2 289.3 294.6 298.5 303.2 308.3 315.3 320 324.1 329.3 333.4 337.7 342 346.3
340.4 336.6 328.9 318.5 307.8 298.6 290.9 283.1 276.1 271.9 272.3 270.2 276.2 286.8 287.7 292.2 297.2 299 297.6 293.9 285.8 279 269.9 259.6 250.9 244 233.2 224.9 221.5 215.5 208.2 204.7 202.2 198.5 194.8 194.2 193.8 193.3 195.2 198.1 199.9 200.6 197.1 197.2 202.8 206.7 211.4 217.2 223.8 226.8 230.4 235.3 239.3 243.2 247.6 251.8 254.1 258.5 264.1 267.9 272.8 277.8 281.8 286.2 289.8 294.1 299.2 304.4 307.5 312 317 321.6 324.2 328.3 332.2 337.6 341.9 345.7 349.5
342.2 337.2 328 313.6 303.1 293.9 284.9 276.3 267.7 260.1 261.4 260.2 259.9 263.9 266.2 269.9 271.2 273.1 271.6 268.4 262.8 255.9 253.7 243.9 237.6 231 223 214.1 210.6 206.7 200.7 197.9 191.6 188.7 188 189.3 189.8 190.6 190.1 191.2 190.6 190.7 197.7 205.1 212.6 219.8 224.1 229 235.1 239.6 243.7 247.5 251.3 254.6 259.5 264.4 267.6 273.7 277.7 281.9 286.4 290.9 293 294.9 298 304.5 308.9 314.1 317.5 320.7 324.8 328.5 328.9 332.5 335.5 340.6 344.9 348.7 352.5
341.5 337.5 322.8 309.1 296.5 286.7 277.2 268.7 260.9 253.9 250.5 247.9 247.3 247.9 247.8 247 244.7 246.2 245.6 245.5 243.1 239.8 235.4 229.6 223.7 217.5 210.6 206.7 202.7 198.3 193.5 189.3 185 182.3 184.9 187.4 185.5 186.8 187.8 186.4 191.8 200.2 208.2 217.3 224.9 232.1 237.5 243 247.9 249.8 253.8 258.1 261.3 265 269.7 275.2 279.7 284.5 289.7 293.2 297.2 301.3 305.2 307.5 311.5 314.9 320.2 324.3 327.6 329.3 331.6 333 333.8 336.1 339.1 342.4 347.1 351.9 355.7
336 331.5 317.8 303.3 291.1 278.6 268.8 260.4 252.2 245.8 240.8 237.6 236.8 238.1 236.3 233.8 234.2 234.7 234.9 230.4 226.6 222.9 217.5 212.8 209.7 203.7 200.3 196.6 193.7 189.8 184.1 179.5 177.2 179.4 182.5 180.6 178.9 183.1 190.1 198.3 205.9 214.1 222 229.3 237.1 243.4 247.2 251.6 256.1 258.7 263 267.2 271.3 275.4 279.9 285.3 288.9 293.6 298.9 303.1 307.2 311.5 315.8 320.2 325.1 329.4 330.7 332.9 334.4 333.9 331.8 331.9 332.2 335.1 338.8 343 348 353.5 358.9
