data/140000-820000.asc
ncols 200
nrows 200
xllcorner 140000
yllcorner 820000
cellsize 50
[rows 70 to 104 of 200, columns 80 to 159 of 200]
232.1 234.8 237.8 240.4 241.9 247.2 253.8 260.6 266.1 273.9 284.2 301.7 317.8 328.4 345.9 372.4 399.3 434.2 467 486.6 496.7 486.8 478.4 475.1 478.7 482.4 489.2 496.1 503.9 510.7 514.5 515 516.9 512.2 508.8 495.8 479.7 499.4 513.6 521.6 530.2 535 539.9 559 603.8 626.1 632.9 621.9 580.1 545.6 506 478.6 458.3 440.5 428.9 420.8 416.4 412.2 409.5 411.1 409.1 429.9 443.8 435.9 419.6 392.3 358.2 318.8 300.8 284 271.2 262.6 249.4 229.1 223.4 219 216.8 217.5 215.8 219.5
228.4 229.9 234.3 235.8 237.8 242.5 249.3 255.7 261.8 267.9 276.9 295.1 312.9 325.2 343.8 373.4 398.4 434.9 467.7 499.7 509.3 501.5 492.9 489 484.8 493.7 499.9 503.1 508.5 518.1 520.8 523.1 521.5 533.6 531.7 518.1 505.4 513.4 523.1 532.5 540.2 543.8 549.1 562.4 596.4 620.1 629.2 622.6 584.6 544.5 507.2 479.8 461 447.1 434.7 426.4 419.7 415.7 415.8 415.5 413.8 433.4 447.7 439 417.2 373.8 344.2 305.2 284.6 270.3 260.9 258.6 254.5 229.3 226.3 224 223.1 226.8 224.9 222.6
226.9 229.3 231 232.1 233.8 238.9 245 250.9 255.8 262.2 272.2 288.9 308.9 322.3 338.9 364.9 390 419.6 463 496 511 511 503.4 501.2 496.5 498.3 504.4 508.2 514.5 527 530.1 535.3 545.1 556.8 552.8 536.2 523.5 531.7 537.4 543.4 550.2 554.4 557.7 573.5 593.8 619.9 622.4 603.5 578.3 544.7 516.4 491.1 469.4 453.3 442.7 434 425 420.4 423 427.8 427.5 434.4 448.8 445.7 420 369.9 331.7 298.3 278.5 261.3 258.6 260.3 256.8 247 243.7 234.8 227.2 228.5 238.4 244.3
224 224.9 224.7 228 231.4 235.5 240.5 247.9 252.3 257.9 266.2 279.2 297.7 317.5 333.3 352.7 379.6 410.4 449.3 485.7 508.8 511.3 510 506.4 506.1 507.1 512.4 519 528.3 538 545.2 555 571.9 575.2 562.1 548.9 544.7 550.8 556.9 558.2 559 565.3 573.3 584.4 599.3 617.4 615.7 589.2 568.8 545 517.6 497.8 480.3 471 456.1 442.9 435.1 432 438.4 440 434.7 434.2 460.6 449.1 414.5 365.3 324.1 295.7 273.7 262.9 260.5 261.6 262.4 252.1 249.8 244.3 235.1 236.5 245.4 251.2
218.8 218.2 220.1 224.6 229.2 232.1 238.2 242.8 248.4 254.2 262.2 272.3 286 305 322.3 341.3 367.3 399.1 431.5 468.2 500.9 512.4 515.2 519.9 519.3 517.9 525.1 529.3 544.2 551.8 560.2 569.2 580.5 583.1 563.1 556.1 561.6 565.9 568.6 568.4 568.9 577.2 582.8 589.1 600.7 618.3 615.9 585.9 570.3 549.4 527.8 509 491.7 492.1 482.1 463.2 454.5 454.1 460.3 458.2 452 435.2 480.8 450.3 415.9 358.2 322.3 297.9 278.3 275.8 264.7 272.7 276.3 265.7 248.9 243.8 240.6 238.4 241.6 245.8
208.7 213.2 217.5 221.3 224.7 229.7 232.3 237.2 245.2 253.2 259.5 265.6 275.7 294.2 311.4 330.4 355.2 383.6 415.1 448.5 476.9 501.9 517.4 532.7 536.8 533.4 536.9 545.9 554.7 563.8 571.2 577.9 578.5 578.5 563.9 562.6 569 574 577.7 577.8 579.4 584.1 587.4 590.6 604.9 622.6 625 601 581.2 564.8 549.1 537.1 519.7 525.5 539.1 519.9 489.5 491.8 500.9 486.7 476.7 447.9 485.6 464.2 415.5 370.9 333.9 306.4 287.7 280 273.3 278.5 281 269 249.7 253.7 245.4 247 247.3 238.1
202 209 213.5 217.6 221.1 224.9 227.5 233.6 239.4 249.6 254.6 260.2 264.6 278.3 298.7 319.4 341.3 367.4 396.2 422.9 453.5 481.7 508.8 534.1 548.8 555.5 552.3 555.3 563.7 573.1 584.3 590.4 581.8 573.3 568.5 570.8 576.3 581.6 585.9 586.3 585.7 590.1 593.9 601.1 614.4 637.7 648 626.4 604.6 591.4 576.5 567.3 550.2 551.7 576.8 566.6 550.2 527.6 537.1 529.5 509.9 451.4 504.4 480.6 431.1 393.1 357.2 330.5 303.8 287.5 283 280.4 284.8 283.2 285.8 288.1 264.4 261.7 251.6 240.9
200.6 205.4 210.7 213 217 219.6 222.6 225.6 231.2 239.8 246.1 252.2 257.6 266.9 285.8 301.8 325 351 371.9 401.2 431.9 461.2 493.1 522 552.9 575.1 576.8 572.6 575.2 586.3 599.8 609.6 595.5 578.2 570.4 573.4 579.9 586.2 593 595 594.8 597.3 603.9 615.9 633 671.1 685.1 662.6 638.8 624.2 612.9 614.3 602.1 594.5 607.2 592.1 577.1 567.9 564.8 552.7 531.3 473.5 515.8 510.4 461.8 411.6 371.5 343 319.1 300.1 294.4 291.5 296.7 310.3 314.9 309.9 302.8 276.5 259.1 245.6
195.1 200.2 204.9 206.6 209.2 210.6 214.1 220.3 223.1 230.4 235.6 244.1 251.5 258.2 273.2 288.5 308.6 331.7 356.7 380.5 414.8 441.7 470.7 500 538.1 577 584 587.1 587 598 615.4 626.2 611.3 583 574.5 576.1 582.9 592.6 600.3 602.2 601.5 606.4 615 632.3 657.1 705 725.1 699.4 689.7 668.7 663.8 660.9 648 638.4 660.2 660.6 633.1 600.7 583.1 553.6 527.6 489.6 531.4 536 480.4 439.7 394.3 368.2 341.3 318.9 308.4 306.6 316.8 324.9 324 316.7 314.3 303.3 277.8 255.8
190.2 193.2 196.9 199.7 203 205.6 209.5 214.4 219.6 224.1 230.2 235.1 242.6 251.8 261.5 275.6 294.1 314.4 336.7 362.9 395.1 423.4 449.6 480.9 514 551.3 581.2 590.8 601.7 615.3 632.2 644.6 626.2 596.1 579.4 580.6 586.6 597 600.1 607.8 613.7 623.9 638.5 654.9 680.7 724.8 754.3 737.2 725.7 718.4 703.8 691.1 679.7 689.6 686.5 675.5 637.5 609 583.5 553.8 526.8 504.9 515.5 531.7 508.1 460.7 412.4 387.7 381.2 354.1 334.2 336.2 351.1 339.9 350 340.5 343 352 307.3 274
182.8 187.9 192 195.8 198.3 200.8 207 210.6 214.1 219.2 223.8 229.9 237.6 244.2 254 266 282.7 302.7 324.1 348.2 376.3 404.2 434.5 465.6 500.4 531.2 568.7 593.9 614.8 636.1 654.2 668.3 654.5 617.3 598.7 595.5 598.3 604.1 607.9 613.9 619.9 640.2 653.5 669.3 696 730.7 780.4 771.9 757.3 753 748.3 738.6 724.5 726.8 702 679.4 645.6 610.8 581 554.4 533.1 508.8 518.8 553.5 521.8 481 440 415.4 402.5 393.9 370 365 364.6 363.1 371.9 374.3 374.5 384 345.8 299.5
180.3 184.9 189.7 192.5 194.2 199 204.4 211.1 211.7 216.6 221.6 227.5 233.8 240.6 249.7 257.8 273.6 292.7 312.5 336.6 363.1 390.6 422.6 452.9 486.6 516.3 555.2 590.1 631.1 656.2 674.6 691.7 675.3 641.1 619.1 610.8 613.2 616.1 616.7 620.8 631.3 643.7 659.8 676.6 703.9 733.1 781.3 803.5 795 787.4 784.8 775.5 755.4 717.6 674.2 659.3 634.6 608 577.9 543.2 530.3 520.8 526.7 561.1 558.6 511.9 472.7 452.7 438.5 439.6 424.6 407.6 397.7 395.2 401.3 405.2 398.8 392.7 379.6 369.7
178.2 181.5 184.3 187 189.9 193.7 200.1 206.7 209.5 214.4 218.8 224.3 228.4 235 241.4 254.1 268.9 286.6 300 324.9 352.6 380.2 411.5 439.6 472.6 505.4 538.8 575.6 612.7 646.2 685.6 711.7 703.9 679.8 661.8 649 643.2 634.2 626.3 630.4 643.9 647.3 663.2 681.3 708.6 744.2 775.9 823.5 832.4 829.3 825.2 781.2 730.4 682.7 648.8 632.3 616.1 599.2 577.7 552.8 532.4 533.3 542.2 562.5 572.7 547.2 537.6 515.5 495.9 494 484.4 454.5 439.5 438.2 426 417.2 410.5 402.2 397.5 386
173.2 177.1 180.1 181.3 186 189.6 198.7 202.4 207.6 212.7 216.1 220.9 225.7 229.5 237.4 250.3 262.3 275.1 293 316.9 341.4 368.6 401.1 428.5 461.2 494.8 525.1 560.4 595.9 629.9 672 712 733.3 713.8 694.1 687.8 670.6 648.4 637.9 645.5 650.6 654.7 669 683.1 707.8 737.7 791.6 840 865.2 859.7 822.3 784.4 742.3 679.5 637.9 612.9 601.3 597.6 580.5 570.8 556.8 546.9 555 577.2 593.8 603.8 600.3 574.3 551.4 530.8 519 497.9 466.9 456 441.1 426.3 417.2 410.8 408.5 409.8
169.5 172 177 180 184.4 188.2 193.7 199.6 204.9 209.8 212.5 217.1 221.8 228.2 235 244.2 255.1 266.6 287.9 309.7 330.3 357.2 390.2 420.3 449.7 484.3 514 548.1 578.1 611.7 648.1 693.9 729.4 743.7 714.9 694.9 682.7 672.6 667.8 657.1 660.7 664 672.8 688 711.6 745.9 803.3 850.6 892.6 861.7 822.5 767.2 719.2 670.5 630.2 601.7 597.8 597.6 587.3 589.8 585.5 580.8 578.7 601.3 619.1 667.1 661.3 607.8 586.8 571 549 517 484.9 467.2 455.5 441.1 429 424.8 421.9 425
166.9 169.4 173.9 178.4 182.8 187.4 192.2 196.2 199.8 203.7 207.6 211.3 218.2 225.9 233.3 240.1 249.8 260.4 280.9 299.8 320.1 343.6 375.1 407.3 437.9 472.4 502.5 530.7 561.1 597.9 638.5 683.9 723.2 762.3 755.9 716.9 696.9 690.8 684.8 676.1 679.6 679.9 682.4 696.7 723.8 751.3 806.8 855.5 891 862.9 826.5 784.7 719 665 631.5 601.7 597.8 598.2 599.5 603.6 614.2 613.6 609 621.7 645.1 679.6 722.2 672.1 648.1 614.8 573.8 538.5 505.6 482.3 467.4 456.3 440.5 434.5 428.8 428
164.2 169 172.3 176.8 181.2 186 189.4 190.8 194.4 197.8 202.6 207.8 215.9 222.3 228.5 237.4 247.3 256.4 273.8 290.7 310.2 335.1 363.9 394.8 426.5 456.7 486.6 511 550.2 595 635.6 681.5 721.1 761.9 777.6 740.5 714 698.2 703.4 707.7 702.5 706.6 701 711.1 735.6 766.1 814.9 864.7 891.3 854.9 816.9 782 722 683.5 633.6 605.2 599.5 605.5 622.1 634 639.2 645 645.9 648.6 673.2 716.2 753 719.3 674.5 626.9 579.2 546.5 519.5 497.9 482.3 469.2 456.5 441.1 430.1 417.1
160.9 164.9 169.4 174.7 179.5 182.1 184.8 186.7 189.5 193.8 198.5 203.7 210.4 219 225.7 233.4 239.1 251.2 261.1 281.9 300.8 325.2 356.1 383.4 413.9 440.8 474 509.2 546.7 600 641.6 674 716.4 748.1 782.1 767.3 742.1 719.3 713.8 715.8 713.5 721.3 719.4 719.2 740.4 770.7 810.6 859.4 880 846.3 795.8 762.7 707 674 643.5 618.1 606.7 618.5 639 667.3 669.5 672.7 678.7 682.1 721 777.5 756.9 727.1 693.9 656.8 610.2 565.7 534.4 513.1 495.7 484.1 472.5 453.7 437.1 411.3
158.8 161.3 167.1 171.6 176.5 179.5 180.8 181.8 186.4 191.2 194.1 200 207.3 214.5 222.2 230.7 233.6 245.7 257.2 273.8 295.7 319.7 346.4 374 398.4 433.9 472.3 513.5 544.9 597 633.8 656.9 692.1 724.7 768.2 789.7 760.1 740.1 722.9 713.6 720.4 725.9 723.5 727.8 743.9 772 818.1 855.1 873.6 839.8 788.3 754.2 715.8 682.4 646.6 625.5 622.9 639.6 660.3 684.7 709.5 702.4 705 723.1 782.9 800.4 764.8 731.1 701.3 673 634 588.7 548.6 516.8 497.9 487.4 479.5 466.9 448.7 417.9
160.5 160.1 164.1 168.1 171.8 176.1 179.1 180.9 185.8 189.4 193.4 199 205.2 211.8 217.6 229.1 234.1 243 257.3 268.8 288.9 314.2 336.7 359.8 389.5 425.1 465.1 505.8 536.6 578.1 607.2 634.2 665.2 707.5 750.5 794.9 791.3 768.9 743.5 731.9 732.2 736.6 734.9 740.5 753.2 775.4 812.7 847.6 871.2 820.3 783.9 754.7 731.5 710.1 686.8 646.8 656 671.5 694.2 703 717.8 733.7 749.4 777.9 834 801.5 764.8 734.7 702.8 667.5 632.4 597.3 567.6 535 496.7 486.5 479.9 467.1 451.6 418.8
161 160.4 159.6 165 168.8 173.1 180.8 182.8 187.6 189.5 192.7 199.9 205.8 211.3 216.9 225.4 232.6 240.4 252.2 264.9 280.3 302.3 321.7 349.2 380.3 417.2 458.9 491.3 523.3 555.6 587.2 617.1 650 692.8 735.2 780.5 803.6 801.2 785.5 776.3 758 753.6 754.1 753 760.1 782.3 812.3 844 865.9 824.2 786.4 758.6 741.6 717.6 703.2 688.8 691.1 706.8 716.1 724.9 735.2 759.5 811.5 849.3 850.7 793.3 766.5 735 700.5 656.3 624.2 597.3 570.8 540.6 502.6 500.3 491.1 471.2 443.9 403.4
165.4 165.1 164.4 168.6 170.1 174.8 178 180.5 188.1 190.6 196 199.8 206.8 211.8 216.7 221.6 227.9 235.1 244.2 259.6 272.5 290.5 310.3 339.8 374.8 413.1 449.7 475.2 510.9 541.4 575.2 604.6 638.6 675.4 720.6 766.2 806.3 842.3 844.7 829.5 805.4 789.2 776.6 770.3 780.1 794.1 815.1 839.8 861.1 836.5 802.4 783.4 752.4 736.1 724.6 725.9 731.1 735.1 754.7 757.1 759.3 776.3 828 907.8 833.9 794.1 768.3 732.9 682.9 656.5 616.9 587 563 532.8 509 499.8 486.8 467.1 442.6 395.8
172.5 170.6 170 169.2 175.8 179 180.1 180.4 189.6 193.3 199.1 200.7 206 209.7 215 220.1 224 229.6 237 250 264.3 282.2 309.9 336.6 367.1 398.8 428.7 463.3 499.6 533.4 562.9 598 632.4 670 710.1 756.7 796.4 832 879.5 868 842.8 824.2 811.9 810.3 810.6 818 822.6 842.9 866.7 854.3 824.6 800.2 778.6 761.6 754 760.4 764.8 770.7 782 787.5 795.4 831.1 849.3 868.1 831.9 789.8 753.5 725.8 687.6 658.5 627.1 579.3 548.5 526.3 507.6 499 486.4 465.4 455.3 413.7
180 179.8 177.4 178.3 179.3 180.4 184.7 183.5 189.3 194.5 201.9 204.2 207 210 214 218.6 223.1 228.3 234.7 245.6 262.3 286.5 309.3 336.4 363.5 393.4 418.8 454.3 493.4 526.8 555.4 587.4 630.9 667.4 706.6 749.3 791.6 828.1 864.3 896 867.3 859 863.2 852.5 845 844.7 840 849.2 878.3 865.1 840.1 825.9 824.7 819 811.4 803.7 805 799.9 808.1 816.2 843.6 900.1 925.3 917.4 844 781.2 739.5 710.2 685.4 667.2 638.5 604 555.5 537.8 528.5 522 501 479.6 461.1 426.3
185.6 186.9 186.7 184 185.5 185.4 191.3 192.5 192.2 189.9 201.8 208.3 209.6 212.5 216.5 219.8 223.6 228.5 233.5 245.7 262.7 283.2 305.4 330.6 360 386 415.6 448.2 489.3 519.4 547.7 576.7 620.8 660.5 702.7 745.4 782 819 852.7 885.9 919.1 909.9 909.1 896.4 882.5 873.8 867.6 870.6 893.6 885 894.7 898.4 879 873 866.7 847 836.4 839.4 839.7 852.5 877.2 909.5 917.5 955.6 883.9 815.5 753.1 719.1 687.5 665 641.1 605.2 577.6 565 567.7 559.6 535.5 499.1 465.3 437.7
191.1 193.1 191.8 190.1 191.6 193.7 193.6 198.6 201.7 202.3 199.1 208.3 212.5 217.8 219.3 220.4 223.5 228.4 235.9 245 260.7 280.7 300.8 326.5 354.2 383.4 415.4 446.4 488.9 518.8 545 577 612.3 652.2 697.1 736.2 771.6 801.5 835.8 870.5 908.5 945.4 948.4 934.4 913.9 899.9 901.2 906 916.5 852 824.8 813.5 805.5 799.4 795.5 796.4 794.2 806 844.7 820.2 795.9 804.2 868.9 916.8 905.9 858.9 806 764.3 736.6 685.6 652.5 625.1 623.4 612 611.4 616.7 608.7 538.3 483.6 455
198.2 199.3 198.1 196.6 197.1 198.3 199.5 200.4 203.8 207.7 207.4 209.8 213.9 220.9 219 219.9 223.8 229.8 238.9 248.6 258.3 274.7 301.4 322.1 348.6 381.1 415.7 447.5 483.1 514.9 538 565.7 604.3 647.9 681.3 718.1 748 785.9 826.2 862.3 902.2 948.9 929.7 915.5 892.2 874.5 876.9 865.2 895.5 845.2 805.3 775.5 763.6 755.2 747.2 743.6 748.1 757.7 773.4 779.7 759.3 759.1 816.6 862.9 883.4 849.2 811.8 774.9 744.6 713.7 685.3 657.3 649.3 646.4 649.6 650.7 637.7 575.2 511 489.2
206.3 205.5 205.3 202.8 201.5 203.1 203.3 205.1 207.3 210.5 210.6 210.6 211.3 215.8 219.9 220.7 223.5 228.8 237.2 258.7 270.1 277 289.8 310.2 340.9 384.2 417.2 443.3 469.8 498.2 522.4 553.1 596 634.5 662.8 693.5 728.3 774.1 813.9 851.4 899.5 913.1 892 881.7 862.4 842.1 825.4 817.4 817.2 819.4 806.9 757.9 736.6 732.1 716.8 717.6 722.4 729.2 725.2 727.6 728.1 727.7 794.1 824.6 837.3 845.8 816.2 780.4 746.8 715.5 688.2 675.2 672.6 671.1 670.1 659.7 642.4 599.1 549.5 528.5
217.2 214.2 210.8 209.7 207.9 208.2 206.7 209 210.2 210.3 211.3 211.4 213 216.1 219.4 219.7 223 234.7 254.5 272.8 297.7 301.8 298.5 302.4 332 374.9 418.1 435 454.1 478.8 507.7 537.6 574.9 621.1 636.2 668.7 706.1 751.4 794.6 841.3 885.3 899.7 863.5 841.7 840.8 820 801.3 790.4 779.2 778 781.4 757.8 719.6 689.8 677.6 692.7 696.2 699 697.8 689.7 694.7 697.9 745.7 773.6 789.6 801.2 813.7 786.2 754.2 724.4 701.9 694.3 693.7 686.1 672.7 642.6 612 581.1 556.3 525.7
231.2 225.1 221 217.6 214.3 213.3 211.9 212.6 215.4 215.9 214.4 214.8 215.7 218.1 219.5 221.2 223.8 242.8 268.4 292 322.8 341.7 344.5 331.8 329 358.6 398.8 416 440.9 465 498.2 524.9 549.6 590.3 616 653 696.5 742.6 787.2 832.2 887.4 897 846.8 809.3 789.8 780 780.1 757.1 744.8 739.4 728.7 721.5 700.9 671.3 649.2 659.4 665.2 667.1 654.2 651.4 659.6 670.4 707.4 704.7 736.9 754 777.2 791.4 764.4 741.6 723.9 717.3 705.5 683.2 658.4 622.6 587.9 553.9 530.1 508
247.1 239.6 233.4 232.7 229.1 222.7 219.5 218.9 220 221.1 217.5 218.8 219.6 220.1 221.7 226.4 228.3 240.5 281.2 323 336.4 369.4 380.9 360.2 326.6 352 370.7 392.4 421.1 450.7 483.7 510 535.1 570.7 617.4 647.1 693.6 731.3 780.9 821.3 865.5 884.4 837.3 791 761.5 739.3 734.1 723.5 716.3 711.6 699.1 685.4 674.9 669 647.9 615.5 623.7 620.8 617.8 625 624.7 648 676.2 671.1 693.4 714.7 742.3 768.5 781.1 766.9 748.4 727.9 699.7 671.1 641.4 605.7 564.3 531.6 509.1 485
269 259.1 252.2 247 247.4 239.1 229.9 229.6 229.3 227.2 223.7 224.2 224 224.3 227.7 234.9 240.3 254.6 302.9 366.3 374.5 387.9 400.5 391.7 357 347.1 363.3 381.3 405.4 440.5 466.8 484.7 517.2 568.1 608.6 645.5 680.3 716.5 759.3 801.9 844 852.9 816.1 769.8 743.4 722.7 698.6 682.8 686.1 689.2 678.2 659.4 642.4 645.6 636.2 608.2 575.7 570.9 585.1 591.5 591.2 620.1 653.9 641.2 642.9 665.9 703 731.4 757.6 773.2 756.2 716.8 680.7 650.4 624.1 590.1 546.3 514.9 491.3 473.1
292 284.6 276.1 267.2 266.6 255.8 248.2 240 239.7 237.9 235.4 230.2 231 228.8 232.1 242.8 255.7 271.3 316.2 413.7 417.3 408.7 411.9 415.3 403 374.7 360.7 374.1 398.1 427.1 448.5 473 503.4 554.1 605 639.1 664.5 693.9 728.5 774.5 823.2 849.8 804.9 763.5 737.6 714.5 688.5 663.6 651.6 656.8 656 638.7 628.4 617.9 607.5 597.5 575.7 548.9 543.5 548.7 557.4 575.9 608 616.5 600.6 621.2 648.6 686.2 725 754.1 758.6 709.3 674.4 638.9 608.6 578.5 544.5 517.5 482.7 460.5
315.4 310.8 302.2 292.3 285.3 277 269.4 262 258.1 255 249.1 241.8 239.1 234.1 238.3 250.3 265.1 285.5 316.7 427.9 458.9 437.7 431 438.2 436.5 412.8 392 384.9 383 412.2 433.9 462.4 491.8 533 583.8 615.8 636.1 666.3 697.8 741.9 803.3 847.7 816.2 772.5 728.8 704.2 682.2 659.7 639.4 617.6 615.6 607.2 605 602.5 593.6 567.8 552 536.8 519.7 515.6 526.9 538.2 547.3 567.8 578.7 578.2 608.1 652.5 697.1 740.6 766.1 719.2 678.6 640.8 608.2 581.7 558.2 526.2 493.3 459.5
347.7 341.4 331.1 321.9 310.7 302 298.3 296.8 289.8 291 261.1 252.2 250.7 247.4 251 260.2 280.5 299.7 338.7 406.1 480 481.1 471.5 470.9 467.6 454 425 408.2 397.4 406.2 424.5 446.5 478.7 531.8 571.4 595.1 614.2 638.1 667.1 715.8 769.7 825.2 845.3 787.7 734.2 708.1 684.2 658.1 633.6 612.1 596.2 581.9 577.4 568.5 570.1 566.6 545 523.2 508.6 505.9 518.8 520.1 521.4 527.5 539.4 537.4 563.7 611.8 672.7 713.6 742.1 742.8 692.3 648.8 612.2 585.2 563.8 532.7 500.2 473.3
