data/140000-840000.asc
ncols 200
nrows 200
xllcorner 140000
yllcorner 840000
cellsize 50
[rows 111 to 147 of 200, columns 0 to 82 of 200]
142.3 144.6 146.9 148.7 149.1 146.5 141.4 143.3 144.5 143.9 149.9 152.7 153.7 155 157.1 159.1 158.2 160.8 159.7 161.2 164.9 167.9 167.1 167.1 167.1 167.1 167.4 167.1 158.6 152.5 146.2 140.2 139.2 130.3 123.1 114.3 105.9 101.6 91.3 82.1 73.6 68.9 76.2 82.8 88.3 96.5 103.6 108.6 112.1 115.5 117.4 119.7 119.7 119.4 120.4 121.1 121.6 123 124 122 121.3 116.3 122.9 128 131.8 136.6 143.2 152.2 159.1 163.9 170.7 181.2 187.7 191.8 190.9 189.6 182.2 180 163.9 152.9 148.1 137.3 131.7
140.4 142.8 145.1 146.8 148.1 147.2 145.9 148.8 151.4 151.6 158.2 159.7 159.1 159.1 159.6 161.5 162.1 164.3 162.8 163.7 165.8 168.5 169.1 167.1 167.1 167.1 167.1 167.9 170.6 155.4 147.1 140.2 134.6 130 124.4 118.5 107.9 101.8 95.6 86.6 78.5 69 75.6 83.6 90 97.6 102.7 109.1 112 115 117.5 119.5 120.3 120.4 119.2 121 123.3 127.2 129.9 127.1 125 123.4 123.1 129.1 132.4 136.6 140.7 150 159.6 165.7 171.4 181.9 189.4 195.7 192.7 189.6 191 195.5 185.7 164.8 154.4 145.2 137.4
139.4 141.1 143.3 144.8 146.3 147.8 149.6 154.7 160 161.8 159.7 168.9 168.9 168.9 165.1 165.8 166.5 168 167.9 168.6 168.8 168.7 169.9 171.2 167.1 167.1 167.1 167.1 168.5 160.2 151.1 140 135 131.9 124.1 116.5 106.7 99.7 99 88 79.1 72.6 73.6 82.7 94.1 99.3 104.5 109.9 112.2 114.4 117.3 119.3 121.5 121.2 120.6 120.1 124.8 129.1 129.8 130.6 130.6 130.7 128.8 129.1 130.8 136.5 140.9 149.6 159.9 169.4 173 182 189.5 192.5 195.3 194.2 199.1 201.1 198.4 183.7 162.4 153.6 145.6
138.8 141.2 143.9 145.9 148.7 151.4 154.2 160.6 165.4 168 168.7 170.3 173.2 177.9 172.9 168.7 169.2 169.3 171.1 169 169 169 170.7 171.2 167.6 167.1 168 169.3 164.9 159 152.4 142.6 136.3 130.7 122.4 113.9 106.2 98.6 94.5 88.1 80.4 74.5 72.6 87.7 100.1 105.3 108.8 111.4 113.7 116 118.2 119.5 122.3 123.6 122.6 121.5 126.3 128.9 129.6 131 132.6 131.6 130.7 129.8 132.1 137.6 143.3 147 158.9 170.6 175.3 182 190.5 195 197.9 203.1 206.1 208.3 209.7 198.2 176.9 160.7 152.9
139.8 142.6 145.7 148.5 152.1 156.4 161.3 167.8 173.1 174.6 172.7 172.3 175.9 179.1 177.5 169.3 169.1 170.9 171.2 169.7 169 170 171.2 171 170.9 172.5 171.1 170.4 164.1 159.1 153.5 144 136.9 130.5 122.2 114.6 106.3 98.5 93.2 90.2 79.8 72.5 70.6 88.2 104.9 110.3 111.2 112.5 115.1 117.4 119.9 120.8 123.4 125.3 125.5 122.9 127.6 130.6 130.3 132.1 134.3 134.2 132.3 130.9 133.9 139 144.4 148.3 152.9 165.1 172.1 179.7 189.9 195.8 201 207.9 210.9 215.9 217.8 211 189.9 172.5 161.5
141 143.9 148.2 152.3 157.5 162.2 168.5 174.4 179.8 181.6 180.5 176.7 179.2 178.8 176.1 169.6 170.7 171 171.2 171.2 169 169.4 170.5 171.3 171.7 174.6 170.7 168.8 160.4 159.3 151.8 144.9 138.5 129 122.4 113.6 105 98.2 91.6 89.7 80.2 73.6 73.7 95.3 108.9 113.7 111.3 112.1 116.7 118.9 120.4 122.1 124.6 125.8 125.4 125.4 128 130.9 131.5 133.7 135.8 137.3 135.9 132.5 136.4 140.5 145.3 149.3 155 159.7 168.3 177.7 191 198.5 203.4 208 213.3 222.2 221.7 213.8 204.6 187.8 170.3
142.1 145.4 150.3 155 161.4 168.7 176.4 182.9 186.6 187.8 189 182.8 179 179 175.3 171.1 170.7 170.8 170.2 170.5 167.8 168.2 168.7 170.1 170.7 170.9 166.9 163.8 158.6 155.5 151.6 148 139.9 128.5 120.8 110.8 103.7 97.5 90.8 85.1 77.9 74 84 100.3 111.1 113.5 110.2 111 115.6 121.1 122.3 123.8 125.8 126.5 126.7 127.6 129.4 129.3 130.9 133.5 135.7 139.4 139.9 134.8 138.1 141.9 145.8 149.8 153 155.9 165.5 176.2 188.7 201 208.3 211.8 216 225.4 227.7 222.5 215.5 203.7 179.6
142.6 148 153.4 159.6 166.4 175.2 183.9 192 198.3 193.5 194.4 191.9 186.5 181.2 177 173 170.5 166.3 164.3 167.3 163.8 163 165.1 166.7 168.8 167.5 163.4 159.5 156.5 153.6 151.2 149.2 141.6 128.9 117.4 109.5 103.5 99.4 90.5 85 77.1 74.3 86.5 100.1 112.7 111.3 109.1 110.4 115.3 120.2 122.8 125.7 127.8 128.7 129 128.9 128.8 128.8 130.3 133.3 136.4 140.3 141.1 138.4 138 142 146.2 150.7 153.3 155.7 161.2 171.4 185.9 201.1 210.8 213.1 219.1 229.6 230.6 227.8 221.5 212.8 194.3
144 150.3 157.2 163.8 171.3 180.1 188.1 194.5 199.1 200.8 201 195.9 191.3 179.4 174.7 169.1 166 160.1 159.7 159.4 158.1 158.3 161.4 163.1 162.2 162.7 159.7 156.5 154.3 151.4 150.8 148.3 140.8 127.9 117 109.7 104.1 98.3 90.7 85.6 77.1 76.9 83.6 97.2 108.7 104.5 106.7 110.9 115.6 120 122.4 126 129.7 130.7 130.2 129 131 130.5 129.3 132.9 137.3 140 141.1 141.1 139.5 142.6 147.6 151.2 153.4 155.5 161.3 168.2 181.9 194.9 207.3 212.8 222.8 229.8 229.8 228 222.3 216.9 204.6
145.8 152.9 159.8 167.6 176.1 183.2 188.9 194.1 198.2 201.3 203.6 198.8 193 180.8 169.3 163.2 159.5 156.3 154.6 154.2 153.5 155.2 161 159 158.5 159 157.6 154.6 152 150.1 146.6 144.9 139.8 126.9 116.4 109.6 104.7 100 91.5 85.3 78.9 76.3 80.7 92.7 99.7 100.8 106.3 110.5 114.9 119.1 121.7 125.3 128.9 131 131 129.8 131 130 132.5 134.4 137.7 140.4 141.1 141.1 140.7 143.6 148.2 150.4 152.2 156.7 161.7 167.5 177.7 190.1 201.9 211.1 219.4 228.5 231 229.6 225.2 219.7 211.4
146.3 153.4 161.3 168.1 176.4 182.6 187.8 191.8 195.8 199.2 199.6 195.4 187.9 181.9 166.5 159.2 155.4 153.1 150.6 148.7 150.2 150.2 155.1 154.9 155.5 156 154.9 152.5 150.2 147.1 143.8 140.8 136.4 126.3 115.7 109 105.6 101.9 94.1 85.7 78 76.7 79.2 88.3 90.3 98 105.6 110.1 115.2 118.9 120.5 124.1 128.1 131 131 130.9 129.7 132.7 135.7 138.4 139.7 138.9 140.9 140.4 141.7 144.3 147.8 149.8 152.5 156.4 161.3 167.6 174 185 197.9 209.8 222.1 228 232.2 235.3 228.6 224.5 215.8
145.1 153.1 161.1 167.1 173.7 180.1 184.4 188.3 192.3 195.7 196.7 194 187.7 179.5 167.3 156.8 155.2 152 147.1 142.5 142.2 145.2 150.1 150.3 151.6 152.8 151.7 150.1 147.9 145.6 142.6 138.7 131.9 124 116.7 111.2 106 102.2 100.1 91.3 80.4 77.4 77.5 79.9 90.3 98 105.1 110 115.8 120 122.1 125.3 128.8 131 130.8 130.5 131.5 134.8 138.2 140.3 141.1 139.8 141 140.8 142.9 145.5 148.1 150.4 153.6 157.6 160.4 163.9 170.7 179.7 193.8 206.9 218 223.9 229.7 234.7 229.4 222.4 212
143.3 150.3 157.3 163.2 169.5 176.3 180.6 184.5 188.4 191.9 193.8 191.2 186.5 176.7 165.6 155.1 152.9 150 144.1 137.7 136 139 143.1 146.4 148.5 149.5 148.6 147.5 145.3 143.1 141.6 137.7 129.5 122.8 115.6 109.8 108.1 105.7 103.1 96.1 87.1 80 78.3 79.5 89.9 98.2 104 109.7 115.3 120.6 123.5 126.4 130.2 131 130.8 132.7 134.5 136.3 139.6 141 141 140.5 139.8 141.9 144.3 146.7 149 150.8 154.7 158.6 160.4 163.9 168.9 175.9 186.2 200.2 211.5 218.4 224.6 228.8 225.2 217.6 210
140.7 146.5 153.6 159.1 165.5 171.8 175.5 178.9 183.3 187.3 190 188.5 183.3 172.6 161.8 151.3 149.6 143.1 137.5 132.4 129.5 133.8 139.1 142.7 144.7 145.8 145.2 145 142.7 140.5 140.3 135.3 127.8 120.7 115.8 110.6 110.5 107.8 103.1 99.4 92.1 84.9 80.3 78.3 85.1 97.3 102.8 108.4 114 120.1 123.1 125.9 128.6 130.5 133.4 135.9 137.5 138.2 139 140.6 141.4 141.6 142.8 144.6 146.3 149.3 149.9 151.1 154.5 157.8 159.9 163.2 167.9 173.8 180.4 194 205.7 213.1 220.6 223.9 223.6 220.3 212
138.2 143.7 149.8 155 161.5 166.3 170.2 173.8 177.7 181.8 182.7 180.9 178.1 169.9 159.8 149.4 140.7 135.3 131.6 128.1 130.4 133.6 135.6 139.3 141.3 141.3 141.1 141.9 140.5 138.7 135.2 133.6 124.7 121.7 116 114 109.9 107.7 104.1 100.5 94.6 89.8 84.5 79.4 85.8 99.2 103.7 108.7 111.7 118.6 123.3 127.6 130.8 132.1 135.5 138.4 139.6 140.9 140.4 142.5 143.5 144.4 146.4 148.3 148.5 150.3 150.1 151.6 154.8 159.2 160.5 164.9 169.3 174.8 180.6 187.1 198.7 207.1 216.1 219.7 221.5 220.7 213.9
138 142 146 150.7 156.9 160.7 164.3 167.9 171.8 173.5 173.1 173.7 171.1 170.2 156.5 147.4 137.1 128.8 125.3 124.5 129 132.3 134.1 135.6 136.6 136.8 136.7 137.9 136.7 134.1 131.5 130.3 129.6 123.1 117 113.2 109.4 107.3 104.9 101.7 96.6 90.7 87.8 79.6 83.8 104.2 107.1 109.5 114.5 119.3 123.5 127.8 129 132.5 136.4 140 139.7 140.8 142.6 144.5 146.1 146.7 149.2 150.7 150.3 151.3 152.6 155.5 157.2 159.8 161 166.2 170.2 177 181.9 185.8 193.2 203.3 210.9 217.5 220.2 216.9 213.9
135.3 138.7 141.4 144.9 151.1 155.3 158.5 162 164.4 162.3 165.2 166 165 161 151.1 142.7 136.1 128.9 121.7 120.6 125.9 129.6 130.4 130.8 132.4 132.2 132.5 133.7 132.2 130.5 130.6 130.9 131 129.1 116.5 113 109.4 106.5 103.9 101.5 98.4 91.9 87.7 80.2 89.3 106.1 110.5 112.4 116 119.9 123.3 127.5 129.1 132 136 139.9 141.2 142.5 144.5 146.5 149.1 148.9 150.1 151.4 152.4 153.3 156.5 159.4 159.7 160.3 162.9 166.5 169.6 178 183 186.1 189.8 200.8 207.8 214.5 215.6 216.5 217
132.9 134.9 137.2 140.7 145.2 149.2 152.8 155.8 156.4 152.7 157.3 158.5 158.2 152.7 146.5 140.5 134.4 126.1 120.4 119.1 122.9 125.4 123.9 125.3 128.2 129 129.4 131.3 129.5 129.3 129.5 130.1 129.6 127.3 119.7 113.2 108.1 105 102.4 100 97.4 91.5 87.9 81.2 94.8 105.8 109.6 115.6 118.3 121.7 124.5 127.2 129 131.4 136.7 140.5 142.3 144.7 146.5 148.6 150.5 150.9 152.2 153.4 154.4 156 158.3 159.5 160 161.8 164.7 168.3 172.7 179 183.6 187.9 189.9 197.3 205.7 211.9 213.2 219.3 221.6
130.3 132.4 134.5 136.6 139.1 142 145.5 147.7 146.2 142.5 147 149.3 145.3 141.2 138.2 136.8 131.3 122.7 117.8 116.6 118 120.5 120.4 120.8 124.8 126.4 128.9 129.1 128.4 126.8 125.7 126.3 125.6 124.9 120.7 110.3 106.4 103.8 101.2 98.9 94.9 90.4 88.5 86.1 96.3 102.9 108.9 119.4 121.1 124 126.7 129.5 129.5 134.5 139.7 142.1 144.8 147.4 148.3 149.2 152.1 153.6 154.3 155.5 156.8 158.8 158.7 160.1 162.1 164.8 167.3 170.2 175.8 181.5 186.6 190.9 193.9 197 203.7 210.8 219.1 223.9 229.3
129.4 130.1 131.9 130.8 133.1 136.4 137.1 135.7 135 132.9 135.3 135.4 133.9 131.6 130.8 128.8 124.2 118.1 114.2 111.9 114.3 116.9 117 119.1 122.1 124.4 126.6 126.9 126.4 124.4 122.5 122 122.2 122.7 117.6 108.9 106.3 103.8 101.4 99.4 94.7 90.7 85.7 86.4 94 100.4 108.2 117.9 122.4 126.1 129.9 130.1 133.2 136 141.2 144.8 147.5 150.7 151.5 154.4 155.7 157.6 157.8 158 159.4 160.9 159.9 162.6 164.9 167.2 169.9 172.6 176.6 183 188.6 194 197.6 200.9 205.9 212.8 220.5 227 233.6
129.7 130.8 129 128.2 127.9 128.9 129.3 128.2 127.1 126.7 127.3 126.7 126.4 125.2 122.9 121.9 119.5 116.2 110.8 109.4 111 112.8 113.3 116.6 120 121.9 124.4 125 124.5 122.5 120.5 121 121 120.5 114 109.6 107 104.5 102.4 100 95.2 90 85 88.3 93.3 99.5 106.9 115.2 122 127.5 129.6 131.6 134.9 138 141.9 145.9 150.1 153.6 155.3 159.3 160 160.7 160.3 161.1 162.1 163.8 164.3 165.4 167.7 170.3 171.6 174.7 178.4 184.2 190.2 196.3 201.1 205.5 208.5 212 220.2 227.3 240
128.3 128.4 126.6 125.6 124.6 125.1 123.8 122.7 122.4 122.5 122.9 123.4 123.7 121.2 121 121 119.5 114.8 111.3 108.9 109.6 110.9 111.1 112.9 118.1 120.6 122.3 122.8 122.4 120.9 119.3 119 119.6 118.4 114.5 111 107.7 105.6 103.5 100.9 96.8 91.2 86.2 87.1 92.6 98.3 106.4 114.1 120.4 127 132.4 134.6 136.7 139.6 142.8 146.9 151.5 156.5 159.2 161.4 160.9 162.4 164.7 166 166.2 168.3 169.5 168.1 169 171 174.1 177.4 180.4 186.6 192.3 198.2 207 211 210.3 211.5 218.9 227.1 236.1
125 123.5 123.9 122.5 121.4 122.3 120.1 118.9 117.7 119.4 120.6 121.1 121.9 120.8 121.2 121.2 119.6 114.8 110.2 108.3 107.5 107.5 108.7 109.4 114.6 119.4 120.5 121.5 121.3 120.5 119.1 119.1 119 117.6 112.9 111 107.8 105.7 103.5 101.1 98.3 92 88.6 85.8 92.4 97.8 104.6 111.3 118 126.1 131.8 135.1 138.1 139.8 143.5 147.9 152.9 159.2 162.3 164.3 165.2 169.1 169.9 171.1 171 171.1 172.5 173.4 171.3 171.1 175.4 179.1 184.1 189.9 194.1 199.6 208.8 211.1 213.9 214 218.4 228.8 239.7
121.4 120.5 120.9 120.5 119.1 119.1 116.8 113.8 113.6 115.4 117.3 118.4 119.5 119.8 120.5 121.1 119.4 114.1 108.9 107.5 106.3 105.3 104.2 106.4 110.5 113.7 119.3 121.2 121.2 117.5 117.7 119.3 119 117.5 112.6 110 107.3 105.2 103 100.5 97.8 91.8 88 88.5 97.9 98.8 103.2 108.9 117 124.9 129.6 134.5 137.9 141.1 145.1 148.9 154.9 160.8 164.7 167.8 169.7 172 175 176.2 176.4 175.9 176.6 177.8 176.3 176.1 178.6 181.2 186.8 192.2 196.2 201.4 209.6 213.7 217.8 219.5 219 227.6 245.6
120 120.1 121.1 118.6 116.5 115.1 113.1 110.8 110.5 111.7 112.8 113.2 114.8 115.4 114.9 114.3 112.9 108.8 106.9 105.3 104.1 103.2 100.4 103.2 106.7 108.6 111.9 118.3 118 112 112.5 117.7 120.4 118.3 113.8 109.8 106.8 104.7 102.6 100 96.5 94 88.6 97 99.8 98.8 103.2 108.2 116.1 121.3 126.7 132.9 137.4 141.6 145.6 150.9 157.2 162 166.5 170.4 173.8 176.1 179.2 180.7 182.5 181.1 181.6 181.9 180.9 179.9 179.2 183.2 188.3 193.7 199.3 205.2 210.1 214.8 219.4 221.8 222.6 226.3 243.5
121.6 121 118.5 117.1 114.1 112.2 111.4 109.6 108.9 109.4 110.3 109.7 109.7 109.7 110.4 108.9 108.9 107 104.7 103 102.2 101.6 100.6 99 102.4 105.2 107.1 111 110.2 109.1 110 114.7 116 115.4 112.5 110.7 108.9 106 102.5 99.3 94.7 89.7 89.8 97.4 98.8 100.4 103.7 107.8 113.4 118.7 125 131.3 137.6 142.1 146.1 150.9 158.6 164.7 168.8 172.9 176.5 179 181.9 185.1 188.4 187.3 186 184.9 184.1 183.7 180 184.6 189.5 194.8 201.2 209.9 211.8 216.8 221.6 225.8 230.9 229.1 238.3
120.9 120.1 117.2 114.7 112.5 110.4 111.2 108.9 109.4 109.4 109.2 108.6 108.5 108.4 108.9 108.2 107.8 105.9 103.7 102.3 102.1 101.4 101.6 100 99 102 103.4 104.8 106.1 106.5 109.1 112.4 112.1 111.1 111 111 110.7 107.5 103.3 99.5 94.7 90.8 88.8 91.7 96.4 100.2 104 109.4 112.9 118.2 123.8 130 135.9 141.7 147.6 153.6 161.2 167.7 171.5 175.3 179.5 180.7 184 187.4 189 191.1 189 188 188 189.1 188 188.2 190.9 196.1 202.9 211.2 214.3 220.2 225.6 229.3 232.4 233.1 236.5
120.3 118.9 118.4 116.1 114 111.8 110.6 110 110.1 110.2 109.8 108.9 108.2 107.9 107.8 107.8 106.5 104.7 103.6 102.7 101.7 101.4 100.4 100.5 101 99 100.4 101.7 102.1 103.5 107 109.3 109.9 111 111 111 111.1 108.3 104.1 99.8 95.2 91.3 90.6 90.8 94.5 98.1 102.6 107.9 112.8 118.1 123.6 129.2 134.8 139.8 147.1 153.6 161.1 168.9 175 177.8 181 184.7 188.1 189.4 191.6 192.2 192.1 191.2 191.3 193 194.5 192.9 190.2 196.2 204.4 210.7 215.3 221.1 232.4 238.4 241.8 242.4 240.9
120.8 119 118.9 118.1 117.3 115.1 113.4 112 111 111.1 110.4 109.7 108.6 108.1 107.9 107.8 106.7 105 103.7 102.6 101.3 100.6 99.5 101 101 99.4 99 99.7 100.3 100.7 103.7 107.4 109.4 111.1 111.1 111.1 109.2 108.1 104.1 99.8 96.7 92.5 90.2 89.8 93.1 97.4 101.9 106.8 112.1 117.8 123.1 128.6 134.5 140.2 146.6 153.1 160.6 170.5 177.4 180.5 183.7 187.6 191.7 192 192.4 193.8 194.8 194.8 195.5 197.1 198.8 199 195.9 199.2 204.7 210.2 216.8 222.2 230.7 241 248.9 251.5 250.2
121.1 119 121.2 121.2 120.1 118.7 117.1 115.5 114.1 112.4 111.1 110.4 109 108.6 108.4 108.2 107.7 105.6 103.8 101.8 99.6 98.8 98.8 100.1 101 100.2 98.5 98.1 98.9 99.2 101.8 105.4 108.8 111.1 111 111 110.7 108.4 103.8 99.7 97.1 93.2 90.7 90.8 92.3 96.8 101.3 106.2 111.6 116.8 122 127.2 133 138.8 145.8 153 160.1 170.2 176.9 181.6 185.9 190.3 196.1 195.7 195.5 195.9 196.9 198.6 199.7 201 202.1 202 200.9 200.1 206 212.9 218.7 224.4 230.5 239.1 247.7 253.8 255.8
119 120 120.4 120.9 121.6 121.9 121.1 119.7 118.6 116.8 115.1 113.4 112.7 109.9 108.8 108.5 109.1 108 105.7 104 102.2 100.6 99.8 99 99.4 98.6 97.1 97.3 98.3 99.4 100.8 103.5 106.8 109.6 110.7 111 114.6 108.1 103.5 99.7 97 92.6 91.4 91.5 93.1 96.4 100.8 105.2 110.2 114.6 119.9 125.8 131.7 137.8 144.2 151.3 158.6 168.7 175.3 181.8 187.5 194.1 200.5 199.5 199.2 199.5 198.6 199.3 202.2 204 204.9 205.8 204.8 204.6 209.7 215.4 220.7 227.3 234.6 243 249.6 255.6 259.7
120.1 120.4 121 122.6 124.4 124.4 124.5 124.1 123.1 121.2 119.5 118.4 116.3 112.6 111.7 110.8 110.6 110.4 108.9 107 105.1 103 101.2 99.4 99.1 98.7 97.9 97.9 98.8 99.2 99.9 100.6 103.5 106.9 109.7 110.8 112.4 109.1 103.4 99.7 96.6 93.2 91.2 91.8 93.8 96.4 99.7 103.8 108.4 112.2 117.7 124.3 130.7 136.9 143.2 149.5 158.5 166.6 173.7 180.8 186.8 196.3 201.3 203.3 205.2 205.6 203.8 201.5 203.9 206.2 208.4 209.4 209.1 208.4 213.6 219.2 225.1 230.6 236.6 244.8 252.5 257.5 261.2
120.9 122 122.8 124.3 127.1 127.2 128.5 130 129.6 126.3 124 122.6 121.2 117.4 116.2 115.4 114 113.3 111.7 109.5 107.4 105.2 102.5 100.8 98.8 100.6 99.5 98.8 99.6 99.2 99 98.9 100.6 104 107.7 109.7 110.7 108.5 102.4 99 95.9 92.8 91.3 91.4 94 97.1 100.3 103.5 108.1 112.6 117.2 123.3 129.3 134.6 141.3 147.4 160.1 166.3 172.9 177.9 185.4 194.5 202.2 207.5 210.5 213.5 211 207 206.6 208.2 209.7 213 212.6 212.4 216.8 222.7 228.7 234.6 240.5 247.4 254.1 259 262.9
124.3 125 126.1 127.7 129.3 131.5 134.4 136.4 137 134 130.2 126.6 125.4 123.4 121.2 120.3 118.9 117.7 114.9 111.7 109.6 107.3 104.6 102.6 101.2 102.1 101 100 99.9 99.4 99.2 99.1 98.9 100.9 104.3 106 107.2 104 100.4 98.3 95.7 92.6 91.3 91.8 94.6 97.4 100.6 103.7 108 112.6 117.2 122.5 130.1 136.1 141.8 148.2 159.9 166.2 170.3 175.7 183.3 192.4 200.9 208.5 214.6 219.1 217.3 208.8 210.2 211.9 214 218.4 217.3 215.4 218 224.8 232 239 243.6 250.9 255 260 265.1
126.3 127.2 129.2 131.1 132.8 138.1 142 146 151.2 144 136.5 132.1 131.7 130.2 128.6 126.3 123.5 122.2 118.6 115 111.8 109.4 106.5 104.9 103.6 103.4 102.3 101.1 100.3 99.6 99.4 99.3 99.2 99 101.2 101.3 102.2 102 99.4 97.1 94.9 92.4 91.3 92.4 94.2 97.1 100.3 103.9 108 112.3 116.8 121.9 130.2 136.1 141.5 148 161.5 168.8 170.4 176 184.1 190.6 197.7 205.6 213.5 219.2 221.1 215.4 213.2 216.3 219.6 219.6 219.4 218.6 221.1 226.9 234.7 240.3 246.9 251.3 257 264.4 271
128.3 129.9 132.1 134.1 136.2 141.3 149.4 151.5 156.2 147.6 141.7 138.7 137.3 135.5 134.4 133.1 129.1 125.9 122.3 118.6 115 111.4 108.9 107.1 106.4 105.2 103.5 101.8 100.6 99.8 99.7 99.4 99.2 98.9 98.5 100 99.6 98.8 98.4 96.4 94.1 91.7 91.4 92.2 93.7 96.4 99.7 103.7 108.6 113 117.3 122.7 130.7 136.2 141.2 147 161.2 167 171.1 176.4 182 187.9 194.5 202.3 211 215.4 219.5 219.4 217 221.2 221.8 221.5 220.9 224.7 228.6 230.9 236.5 242.7 248.5 251.7 258.4 265.9 274.1
130.4 132.7 135.1 137.3 138.8 140.1 146.8 148.8 150.1 148.6 145.7 144.5 142.4 141.2 140.1 139 135.3 129.2 125.5 122 118.3 114.3 111.2 109.6 109.5 108.1 106.1 103.3 101.5 99.8 99.6 99.3 99 98.7 97.7 96.8 98 98.9 97.8 95.5 93.2 91.2 91.3 91.8 92.9 95.6 99.5 104.8 109.8 113.5 118.3 123.2 129.2 137.2 143.3 148.5 158.8 164.7 170.1 175.9 181.3 187.1 193.2 199.8 207.8 212.9 217.3 219.2 220.7 224.6 227.3 225.5 224.7 230.4 234.1 236.7 240.4 241.2 251 254.9 259.8 267.4 275.7
