data/140000-820000.asc
ncols 200
nrows 200
xllcorner 140000
yllcorner 820000
cellsize 50
[rows 140 to 174 of 200, columns 80 to 159 of 200]
602.1 628.9 643.9 657 675.9 731.8 771.7 814.4 855.8 899.2 951.3 931.9 884.8 822.2 774.6 728.1 683.4 655.9 641 607.8 571.8 535.2 499.3 462.2 472.8 490.5 485.1 454.2 409.6 356.4 330.7 280.5 256.9 246.9 243.3 254.3 271.8 295.6 328.7 366.7 396.3 414.1 457.9 492.7 502.7 534.3 562.4 552.3 521.3 480.9 449.2 413.6 382.3 357.1 346.2 324.2 303.1 287.7 263.5 241.5 222.4 205.4 200.1 194.3 188.1 183.2 188.4 192.7 196.7 186.4 181.2 178.1 179.9 175.9 177 167.4 147.3 135.1 129.3 124.7
640.2 645.4 655.7 671.2 697.7 738.2 772.1 818.9 863 904.8 948.3 933.5 888.3 824.7 754 709.5 678.4 665.1 644.4 600.6 572.1 531.7 490.5 451.2 417.5 437.7 460.9 451 407.4 309.4 319.7 253.2 240 227.6 226.6 237.4 253.4 272.9 298.6 328.4 365 382.6 425.9 454.5 465.5 472.4 503.7 528.9 525.4 500.3 464.8 439.1 410.3 390.9 372.7 352.4 326.2 302.8 287.1 269.2 245.4 226.4 220.7 210.1 201.6 196.7 199.1 203.7 203.8 202 194.9 189.5 189.1 185.4 186.5 180.1 171.3 151.5 147.8 150.8
676.9 678.2 685.7 705.3 724.4 760.8 805.4 869.5 898.5 930 920.1 906.6 874.7 806.3 747.5 688 657.8 646.9 644.1 607.8 571.8 523.4 479.6 447.1 414.6 369.1 394 412.8 345.9 272.9 247.6 226 219.3 212 208.6 220.8 235.3 248.9 273.6 293.7 336.3 354 389.2 418.9 420.7 432.2 444.7 462.8 488.2 497.3 471 454.2 438.8 419 402.4 382.5 351.3 331.2 302.7 293.1 272.8 247.6 240.2 223.6 212.2 205.8 209.9 210.7 217.2 218.1 208.9 200.1 200.8 201.2 206 193.1 190.4 179.8 176 185.4
712.6 718.1 724.2 738.3 764 789.6 825.5 884 895.2 889.5 875.9 862.4 838.2 818.3 737.7 690.3 656.9 634.6 607.1 582.7 558.4 511.5 468.6 433.7 399.9 369.3 329.8 292.8 273.1 247.9 221.1 205.4 197.1 198.5 193.9 201.7 215.1 229.1 241.6 266.8 291.9 311.6 340.7 366.9 387.2 389.1 396.6 413.8 441.9 459.7 460.3 459.6 452.9 439.6 419.6 401.5 380.1 353.4 333.8 322.3 296.4 277.6 264.1 247 224.9 215.6 222.1 217.8 227.8 229.2 229.6 216 217.6 218.3 226.1 209.7 208.6 205.3 201.1 207
755.4 750.5 765.2 800.2 834 835.3 849.8 846.2 830.2 840.5 823.5 802.2 772.7 745 731.3 708.9 662.4 634.9 606.4 571.1 535.4 496.9 457.6 425.6 382.7 345.4 321.3 280.6 250.5 232.4 211.3 191.8 178.9 175.1 174.4 180.7 194.7 205.7 222.9 241.5 255.5 272.6 310.9 320.8 328 364.2 366.2 363.4 387.9 408.6 437.8 442.1 447.8 450.4 442.9 428.3 412.7 383.2 365.6 340.2 322.9 303.3 292.1 274.3 247.6 227.9 228.8 223.9 232.3 233.9 231.5 230.1 229.7 229.7 231.8 226.7 228.7 231.9 226 230
789.2 781.9 812.6 853 879.5 851.2 796.7 777.7 739.1 747.1 754.1 770.6 739.7 717.9 690 676.6 656.7 645.6 615.9 577.8 536.4 488.4 427.8 374.1 365.1 333.6 299.1 274.1 242.7 219.5 203 185.9 169.9 165.2 162.2 163.6 171.6 186 201.9 215.9 227.5 237.6 269.6 279.2 281.2 309.8 321.4 318.3 339 380.3 401 407.1 415.5 436.5 447.2 448.8 442.8 421.8 398 373.2 352.2 327.1 309.2 292.4 266 247.1 244.7 238.1 244.6 242.7 238.3 236.3 236 238 240.3 242.5 246.3 250.5 234.2 235.5
836 824.6 848.6 885.3 835.3 778 750.2 721.7 693.9 712.6 732.3 728.5 716.2 700.9 656.7 625.6 610.8 600.8 588.2 568.9 517.4 454.6 396.7 357.6 331.7 305.1 279.5 259.4 233.8 211.3 191.4 177.2 165.3 150.7 149.4 146.6 155.9 164.8 178 190.1 200.9 197.2 219.2 231.6 240.7 241.2 256.7 266.8 300.1 331.5 349.4 373.6 381.9 400.4 423.2 445.6 456.1 448.6 424.7 401.3 380.4 357 332.5 309.2 287.6 275.8 259.2 243.9 249.5 249.7 244.6 242.6 243.9 247.7 247.9 250.5 250.3 250.8 247.9 246.8
883.2 905.3 905.7 835.3 745.4 719.6 693.8 666.2 649.4 663 692.5 698.3 700.9 682.1 661.9 615.8 563.1 529.8 501.6 499.5 463.5 414.3 372.9 341.6 310.4 281.5 263.6 249.7 225.4 202.7 184.2 167.4 156.9 149.2 131.8 130.1 134.4 143 155.8 165.7 174.1 167.1 170.5 178.4 180.2 199 214.5 242.5 256.1 278.5 303.9 320.1 329.8 361.1 382.2 411.8 439.9 466.8 453.1 435.2 424.5 410.5 389 355.6 331.6 300.1 283.1 265.8 257.5 256.3 252.4 250.5 250.9 254.6 258.7 261 258.2 255.8 254.6 257.2
915.1 844.2 811.4 761.6 735.5 704.2 675.1 644.8 621.3 597.8 593.4 616.1 638.1 631.8 631 609.9 537.2 488.2 443.3 436.5 413.8 374.8 352.1 326.1 294.9 269.6 251.5 229.3 216.6 193.6 173.8 159.3 148.1 134.1 121.8 114.4 115.1 121.5 128.2 144.1 154.5 141.7 140.6 140.3 147.8 160.1 181.6 207.9 216.5 241.1 264.6 285.9 280.5 306.2 337.2 370.2 401 428.2 449.3 455.2 458.1 446.1 425.2 399.3 376.5 339.2 309.3 291.2 272.5 273 265.3 259.9 261 265.5 272.3 272.6 266.4 262.6 263.2 267.5
930.4 871.1 802 767.5 731.4 696.6 659.4 628.3 593.5 572.6 559.2 540.5 537.8 537 525.7 502.6 481.4 442.5 415.5 388.8 374.6 351.9 329.2 304.1 278 255.5 238.1 222.4 210.1 193.3 170.2 155.9 141.1 126.3 111.9 104.3 100.2 102.8 106.7 112.3 117.8 118.5 107.8 110.2 117.6 124.9 143.9 171.8 179 194.2 221.8 238.9 222.3 247.7 305.6 328.5 360.2 382.5 402.3 437.9 458.1 461.5 444.6 426.3 405.1 379.3 338.8 317.2 297.5 295.4 284 272.2 274.5 276 280.8 280.3 274.2 271.4 271.8 276.7
957 895.8 822.3 769.8 733.4 696.5 663.8 631.2 593.9 553.8 523.6 509.5 507.7 490.9 491.9 475 432.9 413.6 395.9 374 354.2 328.9 306.4 282.2 258.3 238.7 224.3 209.6 199.2 183.2 165.8 149.4 132.7 118.9 105.9 96.8 89.3 88.4 88.6 89.9 89.7 86.2 88.3 84.9 90.7 96.5 103.2 131.5 151.7 149.6 170 171.5 180.6 203.1 247.2 281.2 315 347.7 365.5 398.4 432.9 450.6 454.9 443.8 426.7 412 374.1 346.7 332.8 323.2 310.4 287.6 287 286.2 290.5 288.9 282.6 280.6 281.6 283.8
945.7 930.8 836.3 784.8 753.3 697.4 660.2 627.1 584.6 537.8 507.6 493.2 478.9 462.7 449.8 434.6 412.6 396.9 381.3 365 350.6 322 292.4 265.7 249.1 234.6 221.9 206.3 193.8 177.7 160.2 145.5 128.4 115.4 104 91.3 81.5 79.3 77.4 76.6 72.8 69.9 70.4 68.8 74.6 67.7 73.8 82.6 98.2 105.6 116.9 122.1 126.4 151 191.8 227.4 269.1 288.7 305.9 344.5 396.3 411.4 445.1 449.7 447.9 430.9 399.6 378 365.1 352.5 352.9 320.7 306.3 300.7 302.5 303.2 298.1 297.1 299 296
916.9 949.2 890.5 799.8 758.9 699.2 656.5 616.7 565.2 537.8 512.2 490.5 473.3 460.3 439.7 416.7 402 386.4 367.6 355.1 344.9 308.9 286.5 267.1 244.9 232.7 219.8 204.5 193.7 178.2 164.6 149.6 131 116.1 103.6 93.5 80.5 76.9 70.3 66.3 63.7 61.2 59.8 55.4 52.9 46.8 44.7 48.6 55.8 67.7 74 83.1 96.2 120.4 139.9 183.1 219.4 239.2 271.4 311.6 358.8 384.5 413.5 442.2 448.2 446.6 433.1 419.9 416.6 391.4 395.8 372.6 334.5 322.4 323.9 317.4 314 317.9 315.9 311.2
890.5 920.8 872.4 808.1 773.3 722.6 663.5 618.6 579.4 549 533.9 506.4 494.5 482.8 465.4 435.2 408.8 387.6 359.7 339.2 324.4 306.5 287.5 268.2 248.8 226.4 214 208.7 201.7 188.8 172.7 163.7 143.8 124.6 105.9 95.8 85.2 77.5 67.4 59.9 57.5 58.2 49.4 46.8 40.9 36.1 31.7 32.5 35 40.1 50.2 62.4 74.1 93 115.3 142.6 169.8 186.4 220.2 255.6 306.4 338.4 382.7 412.5 433.9 451.3 455.4 456.5 455.4 441 430.8 417.6 385.8 356.5 347.3 338.5 338.4 346 337.8 332.4
863.4 900.7 920.5 812 789.1 752 709.1 639.7 603.3 578.9 569.3 547.4 528.2 511 487.2 455 428.3 394.3 370 345 325.3 307.6 288.9 270.2 251.5 238.7 230.7 222.4 210.1 200.3 193.6 187.8 174.2 145.5 117.8 104.8 90.6 80.4 68.8 60.5 49.4 48.3 43.9 38.2 32.4 29.1 24.2 21.6 21.8 24.1 32.1 38.1 53.7 74.1 94.4 111.2 130.9 150.1 175.2 209 268.5 319 362.6 390.5 411.9 433.8 457.5 468.4 470.6 466.6 451.2 445.2 417.8 396.6 379.8 369.2 370 373.4 371.8 362.4
833.6 867.5 906.7 847.7 806.7 773.4 704.9 646.1 619.1 600.7 586.9 575.9 565.5 540 505.8 475.8 445.3 410.4 383.3 355.3 336.8 315.2 293.8 275.5 262.2 252.6 241.9 227.6 217 208.7 204.4 202.7 189.2 156.1 121.3 106.6 94.7 85.4 73.4 64.6 57.5 48.1 41.1 35.3 30.8 29.4 25.1 20.5 20.4 19.7 21.7 25.9 35.5 55.9 81.7 88.8 104.7 120.6 144 187.5 246.6 303.8 341.8 375.8 391.7 416.7 439.1 462.8 470.3 478.4 468.3 458.8 447.6 430.9 417.4 412 396.4 400.5 403.8 398.1
809.3 850.4 888.5 913.7 842.7 776.1 697.2 660.5 647.9 646.9 622 605.5 591.5 580.5 560.1 522.3 492.2 446.5 402.3 376.3 355.1 332.7 310.1 285.6 268.3 257.4 243.7 232.3 223.3 217.1 213.8 215.8 201.5 159 136.6 120.4 105.4 92.9 78.3 70.2 62.7 49.5 42.7 37 31.2 28.7 25 21 20 19.4 18.6 18.8 22.3 34.3 57.4 70 83 100.2 133.2 166.7 221.2 265.7 314.3 345.2 366.9 395 419.9 451.7 467 476.8 478.2 466.8 459.1 455.5 449.3 440.9 431 423.2 424.6 427.5
796.3 830.3 867.6 909.2 871.4 808.3 709.7 691.9 678.7 673.3 660 638.6 627.6 612.8 590.2 568 546.2 506.7 452.7 402.8 376.9 353.1 328.6 300.4 277.7 261.5 247.6 240.4 233.7 226.7 220 216.9 204.6 175 158.6 137.4 120 107.6 95.6 80.7 68 56.5 48.9 44.5 37.7 29.8 25.3 21.1 19.9 19.6 18.4 16.9 16.7 18.1 29.7 44.2 59.4 78.5 107 128.8 163.6 189 211.3 264.1 317.7 347.7 403.7 425.6 448.2 467.8 471.4 470.3 460.9 469.2 463.4 462.1 453 446.2 441.1 439.7
774.9 813.3 848.5 886.9 892 816.6 756.2 733.8 734.6 740.5 699.6 680 673 657.7 615.5 599.9 589.3 541.4 485.8 432.5 398.4 371.7 344.9 319.5 292.1 282.2 262.4 251.9 239.3 236.7 230.9 227.1 224.6 214.6 195.7 163.9 137 126.5 114.1 95.1 81.9 73 64.7 54 44.5 32.6 24.4 21.8 20.2 19.8 17.8 16.1 16.3 15.9 15.7 28.3 35.6 45.9 71.8 99.4 113.8 136.6 162.5 220.7 281.6 302.1 339.5 378.6 422.2 453.4 464 469.1 474.2 478.4 474.3 473 468 463.7 454.9 450.6
741.9 782.1 825.7 858.3 879.1 843.3 808 766.4 759.3 759.4 754.7 721.3 704.6 682.7 644.2 608.1 594.2 562.5 506.6 462.2 425 396.5 369.3 337.3 305.3 295 274.5 261.8 255.9 250.4 243.3 247.2 252.3 260.8 240.8 195.4 155.6 143.6 134.5 119 103.9 95.6 84 71.7 61.9 43.5 32.8 25.4 20.7 19.5 16.9 15.9 15.6 15.3 15.1 14.8 18.8 31.8 44.8 64.8 86 106.9 131.5 175.6 232.7 268.5 291 338 400 435.9 449 458.8 476.9 483 484.7 479.4 479 475.1 470.6 466.6
696.5 746.1 793.8 822.7 848.1 863.4 835.5 800.9 789.9 792.5 788.1 745.3 700.1 678.5 640.5 604.1 590 564.8 522.8 480.1 448.3 419.1 387.1 355.1 323.1 306.9 291.4 281.4 276.9 273.3 274.2 283.8 294.3 303.3 271.5 220.9 180.7 164.7 151.5 138.3 125.5 118.7 108.2 95.9 89.1 73.6 55.5 43.1 30.8 20.9 18.7 16 14.9 14.5 14.3 13.3 10.8 18.6 28.6 36 62.5 83.6 113.5 142.1 187.4 235.5 253.6 297.3 367 412.4 429.6 441.8 472.7 483.2 491 487.4 483.5 481.8 482 472.9
683.9 723.3 774 793.9 814.8 841 871.1 845.5 808.9 790 775.6 716 678.1 644.1 615.5 595 584.4 556.4 517.2 489.5 465.2 432.8 402.1 371.4 340.5 320.7 317.3 319.1 309 307.9 313.9 319.6 327.1 321.8 290.6 246 205.8 185.9 173.1 158 142.4 132.9 124.9 113.7 120.6 108.1 91.1 72.4 54.4 41 26.7 18.4 17 15.5 13.9 10.5 12.2 13.3 18.1 29.1 43.2 59.1 84 121.1 155.6 196.7 224.7 262.2 319.7 368.4 406.1 422.8 462.5 466.5 489.4 491.7 489.9 489.5 488.3 479.4
655.7 708.5 746.5 766.5 793 827.1 862.4 824.7 780 749.6 715.2 680.1 646.8 615 599.7 589.6 572.1 552.3 522.4 494.8 463.9 431.8 402.1 371.2 347 337.9 343.5 367.8 341.8 350.1 354.8 352.8 346.8 334.3 299.1 263.7 227.2 212.9 199.4 194.8 171.2 146.6 145.3 142 142.8 151.3 143.3 107 81.7 70 52.2 33.3 16.9 13.9 11.9 10.4 10.3 10.3 11.6 17.4 27.3 39.5 56 90.6 133.5 159.2 201.1 242.3 301.5 342.9 379.5 392.5 424.7 418.7 461.4 486 491.8 494 490.4 482.9
680.8 726 763.6 779.5 802 831.7 855.8 796.6 758.8 723.7 696.1 657.6 623.8 604.6 592.4 583.8 568.8 547.3 523.8 492.5 459.9 424.3 400 373.2 364.2 355 367.6 387.3 371.1 380.1 385.9 372.5 365.8 337.6 309.2 283.3 258.9 242.3 234.4 225.1 205.4 183.1 171.5 164.7 159.7 168.6 154.3 130.4 89.7 88.6 94.7 69.1 34.4 19.2 10.7 10.6 10.3 10.8 9.1 9 15.1 24.6 38.8 66.2 95 137.3 182.7 231.4 278.5 316.5 345.9 360.7 373.6 377.3 441.5 460 483.1 494.2 492 485.9
692.4 730.9 772.4 800.9 831.8 861.1 850.5 793.4 757 723 688.3 656.7 631 611.3 601.1 584.9 567.7 551 533.7 509.9 462.6 433.8 409.2 390.8 381.6 382.1 394.8 405.4 399.7 402.4 405.7 389.4 378.2 350 324.9 304.7 287.4 267.5 256.1 241.2 234.6 226.5 198 183 179.4 176.7 173.3 141.3 108.3 98 111.8 86.2 50.5 37.3 24.6 19.3 13.2 10.2 9 9 10.9 19.5 32.2 50.5 80 121.3 159.5 202.1 246.4 287.2 302.5 313 323.5 346.2 401.7 434.2 460.2 490.2 494.3 492
718.2 749.1 772.9 811 850.3 872.8 846.2 842.2 803.6 724.3 697.4 674.6 654.2 634.8 626.1 601.1 576.4 554.1 540.4 518.9 484.5 451.2 429.3 411.9 406.4 414.2 429.6 438.7 426.9 434.7 434.7 418.8 396.4 369.9 348.5 328.7 309.6 285.4 271.9 259.3 250.6 241.7 225.8 213.2 200.3 187.3 197.3 189.1 163 119.7 101.7 87.6 64.1 56.9 40.5 32.4 23.8 18.4 9.1 9 9 13.3 21 37.1 69.8 116.6 145.8 173.9 217.5 248.8 260.3 263.8 280.1 328.9 375.5 408.1 438.4 470.7 492 500.2
711.7 752 778.7 811.1 859.2 894.7 916.2 916.3 898.1 800.1 732.1 707.6 685.4 668.8 648.6 626.8 600.2 571.3 553.7 524.2 499.5 471.6 450 437.8 433.7 447.4 463.3 468.3 471.6 474.8 470.5 462.1 436 402 375.9 352.6 336.2 311.7 295.6 282.4 283.8 281.7 262.3 248.3 233.8 212.9 200.2 200 178.5 145.7 116.2 108.3 91.3 74.7 64.9 49.1 35.2 30.1 26.6 18.8 13.2 9.2 13.5 27.3 48.7 92.4 136.6 143 185.3 205.5 221.6 221.9 249 302.2 340.5 360.8 414 440 478.2 499.2
715.7 748.8 776.9 810.1 863.4 909.9 939.5 965.5 956.8 907.7 829.2 770.4 728.2 700.9 697.5 681.5 634.7 588 566.8 544.8 520.5 501.1 486.1 467.1 473.5 493.6 519 508.8 510.1 538 547.3 517 480.6 438.2 394.7 374.9 357.7 348.4 340.2 329 322.4 317.9 307.4 300.5 279.6 251.1 223.4 205.5 187.5 158.3 136.5 132.8 134.8 114 94.5 75.7 50.9 37.8 40.2 41.6 22.2 9.3 10.7 23.2 37.9 72.2 106 117.9 148 171.1 180 183.7 219.8 249.9 300.9 330.7 375.2 385.7 425 477.7
740.8 765.4 781.2 807.4 841.9 898.2 942.2 971.5 958.2 916.7 866.8 794.1 753.1 737.3 739.5 727.7 682.1 615.9 589.9 567 545.3 528 518.2 496.4 498.2 530.5 554.2 550.3 529.1 556.2 640.4 591.2 533.5 485.2 434.6 397.5 380.4 374.3 369.8 371.1 355.4 338.7 336.4 330.8 306.9 284.1 253.6 239.8 228.1 182.3 161.4 149 162.4 146.1 129.3 101.1 68.3 44.3 47.7 48.3 36.6 11.6 11.3 10.8 22.8 40.8 58.5 88.8 116.4 138.5 148.5 154.9 185.9 219.3 268.9 297.6 337.6 342.2 387.6 427.2
763.1 776.5 794.9 813.2 841.1 899.5 944.5 965.8 930.6 939 928.1 845.1 801.9 777.8 786 779.6 704.6 640.5 612.2 584.4 558.3 546.6 538.6 522.3 539 576.7 589.8 571.1 553.9 651.7 689.5 640.5 573.5 511.7 472.9 434.4 442.5 430.7 411.8 410.5 392.4 371.2 355.9 351 332.4 306.3 282.8 255.4 250.3 229.1 185.1 167.8 170.4 168.5 149.6 117.1 83.2 50.3 28.7 36.6 29.8 10.7 9.1 9 9 17.2 27.3 45.8 93 102 113.1 115.4 141.5 190.5 239.9 257 294.5 299.7 351.4 385.1
833.7 852.3 860.9 839 855.4 905.2 948.9 927.1 897.4 888.6 876.6 852.1 834.6 819.2 823.8 804.7 690.3 663.4 633.1 600.3 580.5 573.2 576.2 551.7 565.2 597.5 609.3 601.2 595.4 709.8 713.8 668.6 598.6 532.3 508 482.5 476 462.2 441.5 425.5 414.9 399.2 384.7 373.9 359.8 340.5 307.7 265.3 244.8 231.9 201.3 185 172.5 177.8 170.2 135.5 97.3 59.4 25.1 25.3 15.2 13 10.6 10.5 9.1 9.1 14.3 21.4 48.8 71.8 73.6 83.7 103.9 149.6 204.8 226.5 212.2 248.3 303.6 344.9
869.1 900.7 910.2 900.8 921.4 924.1 910.5 895.8 888.3 844.1 844.2 814 786.2 782.2 789.9 805.3 731.8 725.1 696.9 657.7 627.5 612.9 611.5 592.5 597.1 622.6 628 618 629.6 725.4 699.7 638.2 590.8 548.7 521.9 503.4 500.2 484.6 465.8 447.6 432 419.1 411.5 395.1 385.9 362.6 327.3 275.1 245.9 231.7 221.1 201.9 191 194.2 179.1 148.4 108.4 70 27 19.8 17 14.4 12.4 9.9 7.7 7.7 7.7 7.7 22.6 35.5 49.6 53.7 66.3 95.5 159.2 199.8 164.1 194.9 256.9 277.6
857.4 891.9 919.5 911.2 891.1 881.3 882.9 851 865.7 825.6 804.2 775.4 750 744.5 747.5 791.7 820.7 814.7 742 698.6 682 655.6 637 619.5 636.5 651.9 652.5 645.7 666.8 745.4 718.9 664.9 600.1 555.2 545.9 533.6 523.9 507.1 495 474.5 461.2 443.5 435.7 428.4 407.5 390.3 354.1 295.1 265.6 249.1 242 223.2 199.7 184.8 169.5 150.5 112.4 72.9 34.4 28.9 24.1 17.9 14.5 12.3 7.7 7.7 7.7 7.7 8.6 14.9 25.4 30.1 37.1 51.4 92.6 139.4 126 142.9 188.5 212.1
830.4 853.8 873.2 871.3 857.6 831.5 831.5 801.7 834.3 811.1 783 727.1 714.2 709 709.8 756.3 803.2 862.8 854.6 739 724 687.1 662.1 646.2 665.8 669.7 668.8 672.4 688 751.9 723.7 676.2 598.5 565.4 562.8 554.3 545 528.4 508.5 493.5 481.4 471.9 464.8 446 429.2 412.1 380.8 327 283.3 258.1 250.1 230.4 207.8 183.9 164 149.3 118.5 92.7 54.6 45.2 30.2 22.9 22.3 17.9 7.7 7.7 7.7 7.7 7.7 7.7 9.4 14.2 15.9 26.5 44.8 72.4 84.1 100.7 136.8 145.4
796 798.5 826.5 825.6 820.9 794.5 786.9 762.8 774.6 760.4 723.3 692 683.3 673.1 676.8 723.2 767.9 814.4 872.1 835.2 793.1 747.7 699.8 699.5 687.5 676.7 676.5 698.5 715.2 750.3 725.8 678.8 587.9 574.7 574.9 561 554.3 541 524.2 515.3 512.6 502.8 490.5 473.9 452.2 424.8 396.8 358.3 313.1 275 251 234.6 208 191.1 173.4 161.7 135.8 100 75.4 65 53.6 35 23 21.5 13.2 10.4 7.7 7.7 7.7 7.7 7.7 7.7 7.7 11.5 26.5 39.3 53.5 60 97.8 87.3
