data/140000-860000.asc
ncols 200
nrows 200
xllcorner 140000
yllcorner 860000
cellsize 50
[rows 35 to 69 of 200, columns 80 to 159 of 200]
290.4 280.4 269.9 262.2 251 212.1 193.1 188.3 186.7 194.3 184.7 179.1 180 172.2 171.3 171 166.7 165.9 170.5 171.2 169.5 172.7 176.6 173.3 167.3 161.1 153.5 150.8 149 145.1 145.6 149.2 146.3 142.8 138.4 134.5 134.7 128.3 121 119.8 122.5 127.3 127 121.2 117.7 113.7 110 97.7 88.9 84.3 84.9 77.1 64.8 62.8 58.3 51.2 47.9 46.5 48.6 46.2 43.2 34.6 27.4 18.5 16.4 15.3 16.8 16.9 10.8 11 12.4 13 12.8 12.9 13 13.2 13.3 13.4 12.8 12.1
276.3 270.7 262.1 251.8 215.6 192.8 177.7 170.9 168.7 168.2 169.5 170.9 162.3 165.7 169.3 170.6 166.4 157.1 164.8 167 161.6 158.4 155.9 150 144.7 141 138.1 139.5 142.7 143.1 143.3 140 139.8 138.7 136.9 132.3 130.8 126.4 121.4 111.9 108.8 109.9 110.2 112.4 113.5 111 104.8 87.5 82.8 76.9 77.2 66.2 62.6 61 52.4 49.2 48 50.3 48.3 44.2 37.8 28.4 19 17.1 16.3 15.5 16.7 17.3 12.7 10.5 12.7 13.5 14 14.1 14.2 14.3 14.4 14.3 13.7 13.5
267.6 262.4 255.4 219 193.2 175.5 165.2 163.1 163.5 163.9 163.2 163.2 157.6 156.9 162.7 164.8 165 160.9 151.5 153 147.8 143.7 140.3 136.6 132.3 133.7 137.4 138.5 138.1 137.1 134.8 135.9 135.1 133.1 133.3 129.2 127.2 121.9 117.9 107 105.3 107.4 107.9 111.2 109.9 105 98.6 83 79.5 72 65.6 62.4 59.2 58.4 57.1 51.2 46.7 46.7 46.5 42 31.1 21 19 18.5 17.5 16.5 15.2 14 11.5 11.8 13.7 14.7 15.1 15 15.1 15.2 15.3 15.3 14.9 14.9
263.9 259.5 259.5 201.3 182.7 172.5 163.9 159.3 158.5 160.3 159.4 159.6 154.8 151.4 150.7 149.2 152.7 147.9 143.5 139.9 139.1 134.5 129.6 129.1 131.6 134.4 136.8 134.6 133.8 132.6 129.6 128.8 128 128.7 129.4 126.5 122.1 112.6 105.9 101 107 105.1 106.2 107.9 106.3 101.2 92.4 81.4 75.8 69.8 65.8 67.5 66.6 63.3 58.3 49.7 42 41.1 40.5 35.7 29.3 20.6 19.1 19.4 20.5 19.2 15.6 12.9 12.6 13.4 14.8 15.7 16.6 16.4 16.2 16.2 16.3 16.3 16.3 16.3
264.5 260.8 224.4 193.5 181.7 170.2 162.7 158.7 156.7 153.7 151 152.3 144.9 144.7 145.8 143.2 139.6 137.7 134.3 139.2 136.9 130.3 128.5 127.2 129.8 131.4 133.9 133.1 130.7 127.8 124.4 121.8 122.4 124.1 124.5 124.1 119.1 106.2 102.2 93.6 98.9 92.3 95.5 96.1 94.2 90.8 84.2 77.8 75.8 72.6 70.5 69.6 67.7 60.7 53.5 47.8 40.8 37 32.7 30.9 25 21.7 20.1 22.5 19.7 15.6 13.6 12.8 13.2 15.3 16.3 16.8 17.6 17.8 17.6 17.4 17.6 18 18 17.9
260 243.9 210.3 195.3 183.5 170.7 165.9 162.1 159.9 154 149.8 148.9 143.8 138.7 133 131.2 131.9 131.7 129.8 130.6 131.2 131.1 127.2 124.3 126.1 128 127.6 127 127.2 124.2 121.2 119.4 120.2 121.4 120.8 119.3 108.8 103.4 98.9 94.3 83.5 76.8 74.7 78.3 78.3 77.7 75.7 73.4 72 70.3 67.3 64.7 61.6 58.4 39.6 40.3 35 33.9 31.5 25.9 24.7 20.8 21 19.9 15.3 14.7 13.5 13.6 14.1 16.1 17.5 18.2 18.7 19.2 19.2 19.2 19.2 20.8 23.7 23.4
255.1 230.8 211.4 201.1 184.7 172.5 168.8 167.5 165.2 164.1 157.6 161.5 161.4 156.1 150.5 147.4 132.5 127.5 125 125 123.7 125.8 125.4 122.8 124 126.1 124.3 121.6 121.4 121.2 119.1 116.8 119.6 121.4 118.7 112 106 99 94.3 88.1 84.3 76.9 70.2 70.7 72.9 73.4 72 70.4 68.8 68.1 64.6 61.4 61.2 48.3 39.8 37.7 32.7 32.5 31.4 29.2 27.2 21.9 18.8 16.7 15.7 14.9 14.9 15.2 15.8 17.8 20.2 22.3 23 24.5 26 26.9 28.6 29.3 30.3 31.7
257.2 235.4 215.4 208 187.2 172.2 169.3 170.4 169 170.3 171.2 166.6 159.8 153.7 145 136.1 125.6 122 120.5 121.1 120.4 119.5 125.4 124.8 127.9 126.9 122.3 120.1 118.8 117.2 114.7 112.8 115.2 116.2 117.9 107.5 101.5 97.1 88.8 82.1 77.5 74.9 68.9 68.3 69 69.4 68.1 66.8 67.5 68.5 63.4 59.4 50.6 43.3 42.4 42.1 39.3 36.6 33.9 30.5 27.9 19.9 22.6 19.4 16.7 17.5 18.1 18.5 19.7 23.7 25.9 25.9 26.2 27 28.3 29.7 30.2 31.7 32.3 33.6
264.9 258.6 220.4 228.9 191.4 178.4 169.4 171 170.4 169.7 166.4 160.5 155.3 150.9 150.2 142.3 124.2 118.2 118.4 118.7 118.7 118.7 119.7 123.2 124.3 124.2 121.5 120.2 118.1 112.8 110.1 109.5 112.2 110 105 106.3 93.3 89.1 84 77.4 73.5 72.1 68 63.4 64.6 64.3 63.8 64.7 67.7 68.5 62.8 60.8 50 50.2 44.3 42.7 41.8 39.3 36.4 32.3 23.7 29.8 28 22.7 19.6 18.8 21 23.4 26.7 27.6 28.4 27.8 28 27.7 28.9 30.1 31 31.8 33.3 35.1
261.6 261.9 228.6 237.6 212.2 185.8 178.6 172.9 170.5 163.7 159.2 151.3 147.2 145.9 148.8 146.9 135 118.1 117.9 117.5 117.1 117.2 116.1 117.5 119.1 120 120.6 118 115.8 112.5 108 107.6 107.7 104.1 99.2 97 87.7 81 76.4 73.6 69.7 67.7 65 59.1 62 63.9 62 62.1 63.4 62.9 61.8 57.2 45.6 44.5 44.3 40.3 41.5 40.1 38.2 34.5 25.9 32.1 29 27.5 27.7 26.6 27.2 29.5 29.6 29.6 29.7 29.7 30.5 29.3 30.1 31.8 34.4 35.1 36.2 37.9
271.6 268 240.1 240.6 225.4 200.8 189.7 179.1 173.1 172 159 148.4 142.8 142.8 148.5 147.1 138.5 118.3 117.4 116.5 115.4 113.2 113.8 111 115.7 113.9 112.1 117.7 118.1 112.5 112.9 103 97.9 94.8 94.2 90.4 83.5 77.8 72.6 68.8 66.8 66.5 63.8 57 56.2 57.7 58 57.1 57.8 57.8 51.9 48.7 48.2 47 42.8 43.2 39.8 37.1 35.3 29.8 32.5 30.2 30.5 30.8 31.6 31 28.7 31.3 31.7 31.9 32 32.5 33.1 32.9 33.8 34.8 37.7 38.3 38.9 40.8
271.4 278.3 256.4 245.5 235 215.2 199.9 187.7 177.7 164.8 156.8 144.6 142.8 142.8 147 148.1 134.2 117.7 115.9 115.3 114.2 113.8 114.3 113.6 112.1 111 106.2 106.4 110.4 104.4 107.8 101.4 94.7 90 86.9 85 81.1 74.9 67.7 66 65.1 62.2 57.9 57.2 56.4 55.3 53.9 53 54.5 51.5 53.4 50 50.9 49.5 46 44.3 44.5 44 39.3 38.3 36.3 34.3 34.3 34.1 34.5 33 31.6 33.9 34.3 34.5 34.7 35.8 36.3 36.9 37.9 38.9 40.2 41.2 42 41.4
279.7 286.6 281.7 261.5 252.4 223.8 203.3 191.3 181.6 171 157.2 142.8 142.8 142.8 142.8 148.1 128.6 125.5 116.5 114.4 114.5 115 115.4 115.4 115.3 114.3 112.1 108.5 101.6 91.4 91.3 94.1 93.4 87.5 84.8 83.4 78 71.6 68.4 64.6 66 59.2 58.4 58.1 57.4 56.1 54.4 53.4 53.1 53.5 53.5 52.9 50.5 50.3 49.2 47.5 47.5 45.1 41.9 40.7 39.3 37.4 37.4 37.5 37.3 37.5 37.1 36.6 36.8 37.2 37.8 39 38.4 40 40.8 41.3 42.3 42.7 42 41.1
288.6 291.3 293.9 291.8 259.7 226.6 205.5 195.1 187 181.4 160.4 142.8 142.8 142.8 142.8 142.4 131.9 124.4 124.7 118.4 116.9 116.3 117 117.8 118.2 116.8 111.6 106.4 99.3 92.9 84.3 85 85.7 81.9 81.7 78.3 72.7 68.4 66.5 60.6 60.9 59.6 60.1 58.8 58.4 56.9 55.2 55.8 57.1 57.4 55.8 54.3 53.5 51.8 50.5 49.2 47.7 46.7 45.5 44.7 42.9 40.9 40.7 39.8 40.1 40.2 39.9 39.2 40 39.3 39.8 40.7 41.2 42.3 42.8 43.4 42.9 41.4 40.3 40.4
292.9 298.7 306.1 315.2 262.3 226.2 208.4 199.3 193.5 186 163.7 143.4 142.8 142.8 145.4 151.7 149.1 139.1 137.6 125.1 120.2 117.7 117.6 117.7 117.3 117.4 108.9 99 92.9 89.8 79.6 77.5 76.4 76.4 75.8 71.9 68.6 64.4 61.9 63.1 63.3 62.4 62.9 62.5 60.1 57.4 55.4 58.7 59.7 58.3 57.2 55.9 54.8 53 51.5 50 49.4 49.1 49.1 48.1 46.9 45.9 44.3 44.1 44.4 43.9 42.6 41.5 41.6 40.9 41.5 43.4 44.1 44 43 41.9 41.5 40 39.6 38.7
300.9 308.6 316.5 324.9 262.1 222.4 212.6 205.9 194.5 185.8 168.9 148.1 147.6 149.3 154.2 157.7 161 149 145.1 134.9 123.4 120 118.4 117 115.5 111.3 102.4 99.8 100.4 92.9 77.5 75.1 75.2 75.2 73.3 68.8 63.5 63.5 63.6 64 64.2 63.5 63.2 63.3 61.7 59 58 61.3 60.3 60.3 58.9 57.5 56.2 55.2 53.8 53.4 53.1 53.1 52.7 51.2 49.3 50.1 47.9 48.6 47.9 46.6 45.4 44.8 44.3 43.1 43.4 44.5 43.5 43.2 41.8 41.3 41.6 41.3 39.2 37.5
309.6 317.3 324.1 330.6 264.1 227.1 221.2 212 196.9 191 176.1 162.5 153.8 156.1 166.7 168.3 165.4 160.5 152.2 144.9 134.6 123 119.1 116.4 113.9 112.5 108 105 104.4 91.9 78 73.8 72.5 70.4 68.1 67 65.3 65.2 65.2 65.1 65.2 64.6 63.7 64 62.4 58.7 61 64 62.2 61.2 60.2 58.6 57.8 57.7 56.9 56.4 57.5 57.3 57 55 52.9 52.5 51 51.1 50.4 49.2 48.6 48.1 46.8 45.3 44.9 43.5 42.6 42.3 41.9 42.3 42.2 41.3 38.7 37.6
317.3 324.6 330.8 327.4 277 238.6 220.9 210.5 197.3 190.7 176.9 161.1 159.6 160.8 173.3 179 171.1 168.6 162.9 158.5 145.9 128.2 124.2 119.8 115.9 116.3 113 109.6 109 95.9 84.5 78.3 73.5 70.5 70.2 68.2 66.9 66.8 66.8 66.8 66.4 65.7 64.4 63.6 60.4 60.8 64.1 65.4 64.5 63.8 63 61.8 60.8 61.1 60.8 61.8 61.6 61.4 61.2 59 56.9 55.4 54.6 54.6 53.6 52.3 51.1 49.7 48.2 45.9 44.2 43.3 43.4 43.4 43.4 43.6 43.5 42.6 40.4 38.8
320.4 331.5 338 345.5 298.4 242.9 219.1 213.5 200.5 184 173.4 159.4 159.7 159.7 170.6 185.9 176.1 171.3 168.8 163.7 153.8 134.8 125.5 121.1 118.5 118.5 115.3 111.5 112.6 103.3 91 82.7 78.2 74.1 70.5 69.8 68.2 68.2 68.4 68.3 67.7 67.2 66.8 64.4 60.5 61.8 65.8 66.6 66.3 65.8 65.3 65.4 65.5 66.4 67.2 66.1 65.7 65.5 65.1 63 61 59 57.9 57.9 57.4 54.7 51.1 49.3 47.3 45.2 44 44 44.1 44.3 44.7 44.9 44.7 44.3 41.2 39.2
331.9 338.8 347.3 353.9 320.1 253.3 220 214.8 196.5 179.5 170.6 161.4 159.7 159.7 164.8 180.7 178.6 174.6 178.7 173.8 164.9 143.3 123.9 120.9 120.3 117.2 113.1 112.4 111.7 97.9 87.2 83 78.4 74 70.2 68.8 68.7 69.4 70 69.6 69 68.3 65.9 62.3 60.1 63.7 67.1 68.5 68.6 68.2 67.7 68.7 70.1 70.7 70.6 70.1 69.8 69.6 69 66.9 64 60.8 60 60.1 60.8 57.2 52.5 49.1 46.3 45.9 45.5 45.1 44.9 45.4 45.9 46.2 45.9 45.5 43.2 40.9
344.3 348.1 357.1 364.2 354.3 265.6 230.1 209.1 192 181.1 172.3 166.7 158.8 159.7 159.7 171.4 175.5 177 180.7 179 170.5 145.4 120.6 119.1 120 116.3 112.6 109.1 98.9 89 84.4 80.3 76.2 72.7 70.2 68.8 68.9 69.1 70.5 70.2 69.7 67.5 66.3 63.6 63.9 62.8 66.1 69.9 70.1 69.1 71 72.1 73.4 74.9 74.1 73 72.7 71.2 70.9 69.1 66.1 64 64 61.6 59.2 57.4 51.9 48 48.5 48.5 47.2 46.5 46.4 46.8 47.1 47.4 47.3 46.6 44.3 43.5
353.7 361.9 369.4 372.3 375.5 282.6 238.4 204.5 193 187.3 184.6 177.1 167.8 159.6 159.7 160.2 167.8 175.6 181.3 177.3 161.7 147.7 122.2 116.7 119.5 114.3 111.1 109.6 99.4 89.5 83 78.2 75.4 72.7 70.8 69.1 68.9 70.9 70.8 69.1 69.5 68.3 68 66.5 64.9 63.5 64.4 67.6 68.3 69.9 71.5 74.5 77.6 78.5 77.3 76.3 74.8 72.8 70.8 68.5 66.5 64.5 62.5 61.4 59.4 56.9 53.3 51.1 50.6 49.5 48.7 47.9 47.8 48.7 49 49.6 48.8 47.8 47 46.3
362.3 372.8 383 385.2 366.9 274.1 233.1 201.2 196.2 205.6 207.6 196 181.7 169.7 159.4 160.9 165.4 174.7 183.3 179.2 157.8 152.4 126.4 111.6 110.7 109.3 108.7 110 100.5 91.3 84.3 79.6 77.1 75.6 73.6 73.1 69.9 71 71 70.2 72.2 69.6 68.9 67.4 65.6 66.4 67.3 66.7 67.7 69.8 71.3 75.7 79.5 81.2 80.1 78.5 76.8 74.4 72.1 69.9 67.2 65.8 64.5 62.6 61.3 59.8 56.6 53.6 52.6 51 50.1 49.3 49.2 50 50.5 51.2 50.7 49.5 48.7 47.9
368.8 373.8 374.8 380 343.1 262.4 226.4 200.4 201.6 222.3 240.2 226.4 207.8 181.3 165.1 163 168.5 174.3 180.9 183.9 167.2 164 134.6 111 108.8 108 107.9 106.8 102.5 89.3 81.7 79.7 79.2 78.9 79.4 80.4 79.4 72.7 73.2 75.3 75.9 72.5 69 67.9 66.6 68.5 69.8 70.4 70.2 69 71.6 75.5 79.1 81.1 81.2 80.2 78.6 76.4 74 71.5 69.3 68.9 67 65 64.2 61.9 58.4 56.4 54.7 53 51.7 51.1 51.3 52.1 52.1 52 51.5 50.4 49.7 48.4
380.5 379.9 356.5 341.1 281.5 250.2 221 206.1 213.5 238.1 269.1 268.4 235.6 203.8 175.5 168.7 164.4 169.8 177.1 180.9 174.8 164.5 136.4 112.1 108.1 108.7 109.7 106 95.8 85.2 79 80.7 79 82 84.6 83.8 82.7 74.4 73.7 78 80.3 75.9 68.9 68 67.9 69.9 72.7 73.8 72.7 72.2 75 76.7 79.5 80.7 81.3 81.4 80.4 78.4 75.9 73.5 71.4 70.9 69.4 67.4 66.9 63.5 60.4 58.7 56.9 55.2 53.6 53.3 53.5 54.3 53.7 53 53 51.9 50.9 50.2
379.7 354.2 335.7 289.6 263.3 233.5 220 209.2 230.8 269.8 296.1 305.6 279 233.9 204.4 181.8 167.3 167.5 168.8 171.1 172.2 160.3 131 110.9 108.1 109.2 109.7 107.8 94.5 85.2 83.3 82.7 80.4 88.4 90.1 87.9 85.6 82.5 74.5 78.8 83.8 79.3 72.6 68.8 69.1 72 74.8 77.2 76.6 76.1 77.2 79.1 81.6 83.5 84.8 84.4 82.5 80.6 78.1 75.7 74.7 74.7 71.9 70.2 69 66 63 61.3 59.4 57.1 55.5 55.5 55.6 55.8 55.2 54.6 54 53.4 52.1 50.9
368.5 333.3 298.5 268.3 242.7 226 219.2 217.8 235.9 268.3 295.5 323.3 323.5 278.3 230.5 199.2 177.9 165.9 161.1 163 161 150 128.4 114 106.8 107 106.3 104.7 96.2 88.6 89.3 89.8 87.4 87.3 90.4 89.7 85.5 80.3 76.8 80.3 80 79.3 75.7 72.7 71.8 74.5 78 80.9 80.7 80.2 80.7 83 85.7 87.5 88 87.6 85.5 83.3 80.6 78.7 77.8 78.4 75.2 74.1 74.1 69.7 65.6 63.4 61.1 58.9 57.4 57.5 57.8 57.4 56.8 56.2 55.6 54.9 52.5 50.5
361.8 325.8 286.2 257.7 231.2 221.8 218.9 218.9 232.7 246.8 269.8 292.6 326.9 301.4 253.7 224.6 194.4 172.6 154.9 153.2 151.8 140 123 111.4 105.8 102.9 103.5 101.3 101 90.8 91.7 91.4 89.8 89 89.9 90.6 87.3 81.1 79 83.4 79 78.4 78 77.2 77.1 79.3 81.9 84.7 84 82.9 84.6 87 89.8 91.3 91.1 90.7 88.6 87.8 85 82.3 80.6 80.4 78.6 78 79.2 75.5 70.5 66.3 63.4 60.6 58.8 59.1 59.6 58.9 58.3 57.6 57 55 52.5 50.2
377.5 323.4 275.6 247 226.6 218.6 216.4 213.1 217.9 229.6 243.2 259.2 276.6 296.6 270.9 245.5 213.8 180.8 151.5 146.5 142.9 127.7 118.7 110.8 101.2 100.1 101.2 100.9 97.1 93 92.6 93.1 92 91 88.9 90.1 90.1 81.1 79 88.2 80.6 79.6 81.1 82.3 86.9 88 89.6 89.2 87.4 87.6 89.9 89.9 93.5 93.7 94.2 94.2 91.8 90.8 90.2 88.2 86.1 85.4 87.8 86 85.7 80.8 74.9 69.3 65.1 62.3 60.4 62.1 60.1 59.8 59.3 58.7 57.6 55.7 53.4 51.1
388.9 348.2 275.5 241.4 229.1 218.7 216.6 210.8 208.4 210.8 222.9 229.8 242.3 254.4 257.6 247.5 222.1 183.9 152.1 142.1 132.9 123.4 114 108.3 100.2 97.8 97.8 96.9 94.8 92.1 93.6 95 94.2 92.7 89.1 87.6 85.3 81 88 88.6 84.7 86.3 88.4 92.7 99.3 102.4 101.5 99 97.4 97.5 97 96.2 96.6 97.2 98 97.7 96.4 95.5 96.3 93.9 91.7 93.4 97.6 94.6 92.9 85.7 77.4 70.6 65.1 64.5 63.3 63.6 61.3 60.5 59.5 58.2 56.7 55 52.9 51.1
417.7 330.8 266.4 257.6 243.7 228.7 224.2 217.4 209.7 208 205.3 208 214.5 222.8 230 221.9 209.9 178.8 153.2 137.7 127 120 112.4 106.4 99.4 98.1 95.7 95.3 93.8 96 95.2 96.3 96.3 94.3 89 84.6 82 87 89.7 88.5 89.8 91.6 95.7 100.7 108.2 112.2 109 108.1 109.8 108.2 104.7 103 102.5 102.7 102.2 101.6 100.6 99.4 100.9 98.7 99.5 101.4 102.8 100.1 103.3 84.9 75.6 70.6 67.7 66.8 65.4 63.7 60.8 58.8 59 57.4 55.8 54.2 52.3 51.9
398.8 311.4 283.4 298 263.4 242.2 231.1 218.7 212.6 204.7 200.4 200.3 200 201.9 206.1 200.4 188.7 168.3 152 131.5 125.1 116.7 110.5 104.8 100.3 97.3 94.6 94.4 95.5 97.4 97.3 97.8 98.6 95.4 87.9 85.5 88.5 89.5 90.3 91.4 92.9 96.1 102.1 108 115 119.7 116.6 115.6 114.8 113.8 111.8 110.2 111.3 109.6 107.9 107.2 104.7 104.6 106.9 111.6 108.9 106.5 107.6 108.4 115.9 88 75.1 71.3 69.3 68.2 66.1 64.7 63.1 61.6 59.7 57.7 56.1 54.3 52.9 55.2
342 310.3 319 324.7 289 264.5 237.4 222.8 216.8 209.4 194.1 192.6 192.2 192.6 194.4 182.7 171.6 161.5 145.7 126.9 122.1 112.8 106.8 102.1 99.9 96.8 95.3 96.2 96.7 98 97.4 97.1 97.3 95.5 87 89.6 91.7 91.6 92.9 94.6 99.4 103.1 109.5 115.4 121.2 126.1 125.2 122.3 120.7 118.7 117.5 115.9 115.8 114.6 113.5 111.8 110.3 109.6 116.6 120.6 114.6 110.4 110.8 111.9 113.5 88.3 80.1 76 72.5 70 68.1 67.5 65.7 63.9 61.4 59 57.1 55.3 54.6 55
340.1 324.2 339.9 349 314.7 281.2 255.2 232.7 216.3 203.6 194.9 188.7 190.1 190.7 191 175.1 154.2 143.9 135.1 117.7 114.5 110.2 107 100.4 99.1 96.6 96.7 98.1 98.5 100.2 97.2 96.4 96.2 95.8 92.1 90.6 90.7 94.2 96.1 98.7 104.5 110.3 117.1 123.5 129.5 131.1 131 127.6 124.3 122.9 120.9 119.6 120.5 120 119.1 117.7 118 114.2 118.3 119.1 118.7 115.7 115.9 114 107.1 86.9 82.9 79.9 76.1 73 70.9 69.9 68.2 65.8 63.2 60.7 58.5 56.7 55.7 56.5
339.7 340.7 365.7 336.2 306.6 272.2 244.8 224.5 210.3 204.1 193.9 188.4 187.9 185.5 189.7 164.9 150.1 135.3 124.2 116.4 111.7 111.2 105.1 99.9 98.4 97.3 100.2 100.4 99.8 100.8 98.1 96.7 96.2 96 93.5 89.1 91.4 97.9 101.2 104.7 110 116.1 120.9 126.8 129.8 131 131 129.8 126.7 124.3 122.4 121.4 123.7 125.5 124.2 122.4 122.3 119.7 119.2 120.3 120.1 119.2 120.1 117.5 102.6 88.8 85 83.1 79.3 76.8 76.7 75.8 71.3 67.9 64.9 62.4 60.2 57.9 56.7 58.2
