data/140000-810000.asc
ncols 200
nrows 200
xllcorner 140000
yllcorner 810000
cellsize 50
[rows 0 to 37 of 200, columns 85 to 169 of 200]
671.2 687.2 709.7 729.4 743.3 752.3 754.1 719.2 670.6 650.5 612.5 607.8 599.3 597.2 610.3 638 641.3 657.8 674.5 700.1 729.4 764.9 801.7 840.6 849.4 818.5 792.7 766.1 744.2 726.5 703.2 673.6 654.2 612.2 578.3 550.5 512.5 480.1 461.4 447.8 439.3 410.3 393.5 378.6 368.9 366 362.7 359.2 352.5 347 320.9 298.1 276.5 258.7 248.5 240.4 224.2 218.5 197.3 188 182.2 179.2 178.9 179.1 180 180 179.1 170.8 173.4 184.3 186.8 169.2 162.6 163.9 157.9 152.5 156.9 158.8 158.7 169.6 164.3 153.2 135 102 82.6
651.9 670.6 691.6 712.5 730.7 742.5 749.5 741 670.1 604.7 583.8 569.1 574 576.7 586.6 592.5 619.2 650.2 670.7 699.6 736.3 777.5 815.2 854.8 877.3 848.5 808.9 778.4 759.3 736.6 707.8 687.5 659.8 626.6 595.7 569.5 517.7 486.9 463.9 440.8 433.8 420 401.1 387.4 374 369.4 369.8 362.5 359 350.5 320.4 292.3 271.7 256.3 242.9 235.8 224.3 215.4 198.8 191.9 186.2 180.9 178.6 178.6 182.8 190.1 182.7 170.4 170.9 171.7 176.2 172.3 171.2 170.2 167.6 158.8 159.2 157.3 158.7 168.4 174.6 173.8 161.2 144.8 114.1
633.6 650.7 671.6 693.9 715 733.2 741.8 722.3 664.8 585.6 564.3 547.3 538.6 551.8 566.5 575.8 599.1 636.3 669.5 698.1 734.8 771.6 808.3 849.8 898.6 881.7 819.7 796 769.8 745.8 721.8 696.6 667.7 636 613.4 575.3 528.1 501.5 480.7 454.6 431.6 419.4 411.6 396.7 389.8 383.2 384.4 382.3 377.9 372 324.8 299.8 280.6 265.1 253.6 245.8 237.6 221.5 208 196.7 188.7 184.6 179.9 178.7 179.5 183 179.3 169.4 168.5 168 160.8 164.5 173.4 180.1 171.2 167.9 151.6 149.9 154.2 169.9 178.2 178.8 172.5 156.8 128.6
613.2 629.5 649.6 675.8 696.8 707.3 708.8 676.5 626.5 560.7 541.1 531.9 518.2 514.5 546.6 561.1 585.9 611.2 658.6 696.6 735.8 776.6 817.3 859.3 901.5 884.5 840.9 809.5 782 757 732.2 706.9 675.6 647.1 624.5 596.6 540 514.2 494.8 470.2 452.2 437.8 428.1 423.9 416.1 413.7 415 411.4 400.9 387.4 354.5 315.8 296.1 282.4 268 255.6 245.9 229.4 216 208.5 198 191 187.8 180.7 180.3 179.9 182.7 177.5 168.8 169.4 168.7 163.6 156.3 166.6 166.5 157 152.7 150.2 141.8 134.8 153.8 147.9 143.2 129.1 84.3
590 611.9 633.4 658.7 675.5 658 639 620.8 574.5 535.3 522.7 507.1 495.4 500.6 508.5 550.2 575.7 591.3 649.5 700.1 742.5 785 828 873.1 908.5 909 861.4 828.8 798.7 778.1 751 719.1 682.1 660.3 636.2 608.2 595.7 555.5 509.1 487.2 482.5 464.8 461 465.3 453.5 455.5 453.4 448.6 444.2 421.1 384.9 340.2 314.5 302.8 286.7 265.1 251 240.4 227.5 218.1 202.9 197.3 190.7 184.7 185.6 187.8 189.8 188.8 179.7 169.8 176.8 170.9 161 154.5 139.4 139.1 145.5 148.2 141 115.8 86.1 96.6 89.8 71.5 34.5
571.7 597.5 618.8 640.1 651.5 620.5 593.9 573.5 530.1 514.1 506.1 474.5 479.7 490.1 495.6 530.5 560.9 595.3 640 687.2 732.6 779.6 828.6 882.1 907.3 918.9 888 859.2 818.6 788.2 764.5 738.4 701.8 675.1 650 624.8 608.2 587.6 558.3 518.7 512.9 503.1 500.1 502.3 497.6 491.9 493.2 483.4 470.4 444.2 416.9 375 338.7 325.2 308.9 291.2 271.1 258.9 244 230.4 219.3 212.7 203.4 196.5 195.4 196.4 200.6 200.4 187.2 178.4 173.7 159.8 150.9 149.6 139.5 134 120 127 122.4 118 77.5 42.9 35.3 25.5 9.1
560 587.8 605.5 619.1 628.1 590.8 558.1 532.2 499.1 504.7 472.9 449.2 465.4 462.5 498.3 535.9 559.2 600 649.4 696.5 744 791.3 838.6 881.9 899.5 911.6 915.9 882 861.3 811.3 782 752.3 725.3 699.7 670.1 639.1 619.7 597.5 580.3 557 547.8 540.1 543.9 547.1 535.2 533.5 531.5 524.3 496.8 459.9 432.8 408.3 378 352.4 329.4 314.9 296.2 281.2 265.1 254.5 249.5 239 218.1 211.1 209 210.7 209.4 206.6 194.5 191.9 180.9 157.9 140.4 135.4 120.3 116 113.8 102.7 71.8 59.7 25.5 2.4 1.9 -1.8 -1.8
542.3 567.4 583.8 594.1 585.5 554.8 513.4 483.7 481.1 472 437.9 440 443.6 451.2 490.9 530.1 561.4 608.8 658.8 702.8 743.7 784.6 825.5 866.4 882.7 895.2 911.1 910.7 884.2 860 797.9 771.7 746.1 724.8 695.3 668.2 638.8 609.2 600.5 588.1 588.3 573.2 574.1 573.3 575 583.9 574.6 545.7 521.8 475.1 449.9 430.5 413.7 386.5 354.5 338.1 321.9 306.5 291.4 280.9 278.7 265.6 244.9 234 224.8 225.5 223.9 220.6 219.5 209.9 191.5 177.3 161.3 141.1 119.1 100.9 94.1 84.1 73.9 35.7 6.8 -1.8 -1.8 -1.8 -1.8
509.5 539.1 558.2 565.3 563.9 516.9 473.7 455.2 440.3 426.3 411.9 411.8 420.8 439.2 469.5 520 566.2 612.9 655.7 696.7 733.6 770.5 807.3 843.9 859.3 873.2 891.3 909.7 910.6 893.2 870.6 828.8 771.7 749.8 726 688.1 664.7 634.5 631.3 633.9 627.6 626 609.8 612.9 607.9 619.7 597.2 565.1 546.9 504.6 476.9 449.7 437.8 418.7 380.1 363.5 351.4 331.5 317.2 307.5 293.4 281.2 271 254.3 244.3 248.2 247.5 243.7 240.2 233.3 231.8 211.5 186.3 167.1 135.7 99.1 79.8 64.8 50.1 26.2 3.8 -1.8 -1.8 -1.8 -1.8
472.1 493.4 509.7 519.8 518.3 494.2 451.1 428.2 415.1 402.8 399.6 400.9 405.7 426.2 458.8 508.2 569.7 603.9 655.1 694.4 727.7 761 792.3 822.1 837.7 851.6 867.1 887.7 907.7 918.2 895 873.2 805.1 779.3 747.6 729 708.1 682.9 671.8 671 662.7 675.4 651.9 655 662.8 639.7 620.2 588.4 568.3 532 505.1 481.9 468.1 444.4 419.1 401.3 393.4 365.2 340.9 325.4 318.9 308.2 298.2 287.7 272.2 267.6 276.7 277.4 262.9 250.5 246 244 225.6 203.3 159.8 116 81 50.2 27.6 13 4.7 -1.8 -1.8 -1.8 -1.8
436.6 451.7 464.1 476.5 477.2 462.9 431.7 406.6 395.6 384.6 385.3 388.5 395.4 413.7 449.7 500.4 548.1 586.2 635 674.9 704.6 734.4 764.1 793.9 813.9 831.4 846.9 866.4 883.9 905.6 912 890 870.7 854.6 790.9 758.3 732.4 725.8 721.6 707.2 696.6 708 703.9 700.5 688.5 661.2 634.9 604.7 582 559.2 544.6 526.6 506.8 480.2 458 443.6 433.3 399.1 369 346.9 338.5 326.2 319.4 306.9 301.9 297.1 300.3 314.4 294.9 279.2 261.2 251.8 251.8 217.4 146.5 120.3 106.3 67 23.4 5.5 -1.8 -1.8 -1.8 -1.8 -1.8
399.1 409.9 437.7 444 434.1 426.1 405.3 391.9 377.1 366.5 368.3 368.7 384.3 403.6 442.5 486.7 535.3 572.2 615.9 650.1 679.4 709.3 741.1 766.4 785.3 802.8 824.8 845.9 865.5 888.1 877.6 857.6 840.9 827.4 812.1 785 765 768.4 789.3 787.8 778.8 761.9 744.3 729.3 706.9 675.7 642 617.6 605.5 590.2 594.3 591.5 548 539.5 525.9 506.1 478.2 434.8 398.4 368.2 354.6 343 336.7 328.6 324.5 323.5 323.8 352.1 343.5 320.8 284.4 241.9 206.6 169.6 132.2 106.3 77.8 55.1 22.8 7.3 -1.8 -1.8 -1.8 -1.8 -1.8
369.9 379.9 398.7 400.6 400.6 404.8 393.1 384 354.8 349.9 349.3 355 371.8 395.5 429.4 481.5 526.6 561 598.9 637.8 665.7 688.4 711.1 733.7 754.5 773.8 798.8 820.7 847.9 872.3 843.5 816.8 812 788.7 784.1 771.1 762.2 763.4 771.1 782.6 794.8 798.7 783 755.5 719.8 683.6 651.7 642 647.6 648.9 645.2 627.9 601.8 579.9 539 510.7 484.2 451.1 420.2 393 370.4 358.1 353 351.5 354.2 354.4 353.1 365.8 367.9 343.5 285.4 237.8 205.1 175.1 133.2 104.9 74.6 48.5 25.7 8.4 -1.8 -1.8 -1.8 -1.8 -1.8
336 345.9 351.3 367.7 374.8 384.8 364.7 367.3 342.9 337.1 339.6 346.7 359.8 382.3 413.3 470.4 514.6 553 588 618.5 639.9 661.2 682 702.5 725.4 748 770 794.2 824.2 824.4 796.2 768.2 765.7 744 736.1 735.4 735.9 742.2 739 754.8 781.5 803.1 809 802.2 753.2 712.4 681.9 672.5 682.1 694.5 688.3 659.4 623.3 574.7 538.1 513.8 492 458 427 398.4 379.8 374.2 368.9 370.1 381.5 396.4 375.6 371.3 379.8 358.8 290.4 244.5 215.3 179.5 142.7 106.9 76 51.3 27.5 8.9 -1.8 -1.8 -1.8 -1.8 -1.8
314.6 321.2 326.2 330.2 333.3 332.8 334 335.6 331.4 325.9 327.1 339.9 354.5 372.7 393.3 464 494.7 530.3 565.8 593.8 613.9 634 654.1 674 697.1 720.1 743.4 766.5 793.5 771.1 743.4 723.3 712.5 701.1 697 695.4 694.9 719.1 721.7 736.1 759.5 787 818.5 830.1 802.8 770.1 747.8 714.2 717.2 739.6 714.3 658.2 599.7 560.7 536.3 516.7 493.5 460.8 439.2 414.4 400.5 394 390.4 392.9 407.3 416.7 394.4 375.1 369.7 349.3 311.6 265.3 225 193.9 161.3 128.2 88.6 59 39.2 13.7 -1.8 -1.8 -1.8 -1.8 -1.8
296.4 302.7 306.9 307.5 310.9 307.6 312.3 313.8 310.9 310.3 317.3 329.6 343.8 363.1 392.1 424.6 465.5 510.5 540.2 565.8 586.1 606.5 626.8 646.7 667 691.3 715.3 739.1 754.5 729.2 692.9 674.9 659.4 653.3 648.6 639 647.4 664.6 684.4 718.7 733.2 759.2 793.2 826.9 858.3 823.2 785.8 778 750 754.1 680.8 628 591.2 565.6 541.3 529.9 515.2 481.8 453.8 440.4 430.2 423.2 416.8 417.6 425.9 424.9 403.9 374.5 368.4 338.5 317.8 289.2 256.9 230.5 181.5 154.5 105.5 71.7 67.7 38.3 13.5 -1.8 -1.8 -1.8 -1.8
280.8 285.1 283.4 289.6 292.6 280.4 281.2 288.3 280.9 289.4 304.5 316.6 333.7 355 383.9 413.8 453 486.5 512.7 532.9 553.9 574.8 595.8 616.7 636.9 659.5 686.9 710.2 717.5 689.8 657.2 639.1 618.7 600.7 598.9 591.2 593.3 606.1 626.4 668.1 697.8 727.6 769.9 804.1 837.5 870.1 850.4 825.9 757.6 693.8 642.3 615 591.9 572.5 555 539.9 532.2 514 483.5 481.4 476.5 464.5 452.9 447 442.6 435.7 408 378.3 355.7 336.7 321.2 307.2 275.1 257.1 220.3 181.4 124.1 89.7 75.5 47.5 21.9 -1.8 -1.8 -1.8 -1.8
259.8 266.1 266.9 272.3 277.4 262.1 261.8 264.3 259.9 270.5 288 306.5 323 347.3 374.8 400 434.1 458.2 481.1 503.6 524.6 545.6 566.6 587.1 608.4 631.4 656 676.3 676.5 653.4 618.5 601.8 581.4 569.2 557.9 549.9 563.9 573.1 600.7 636.7 671 716.5 740 774.2 813.6 846.2 870.5 825.8 736.8 670.1 634.8 611.4 592.3 577.7 561.1 552.9 547.8 534.9 526.7 521.1 505.7 489.5 476.4 467.8 458.4 448.6 420.6 383.2 352.2 335.2 324.3 318 293.9 261.5 215.5 173.6 134.5 97 64.8 42.4 19.9 6.3 -1.8 -1.8 -1.8
241.7 250.9 254.3 259.3 256 248.6 246.4 246.3 245.3 256.1 273.1 292 318.9 342.2 363.9 384.2 413.5 432.1 456.1 475.2 494.7 514.4 534.7 555.1 576.4 602.9 623.6 639 638.7 617.4 581.3 559.8 548 543.4 534.2 525.9 526.7 541 574.6 613.8 645.8 674.7 700.4 732.4 784.2 816.3 845.8 776.3 704.6 655.6 630.1 621.1 616.4 606.7 581.8 573.3 571.7 580.3 571.6 539.8 516.3 498.4 486.7 480.4 473.6 456 421.5 383.5 353.6 335.2 324 316.6 296.7 269.9 234.3 167 135.7 101.1 67 39.9 27.6 23 19.3 -1.8 -1.8
240.1 235.8 238.4 245.2 240.9 231.6 233.7 232.4 239.4 250.3 261.5 275.4 309.8 338.4 352.9 365.4 388.3 406.3 425.2 449.8 469 489.1 509.4 529.8 551 570.9 595.7 600.5 595.5 568 524.2 510.7 505.7 508.1 509.7 503.4 511.2 519.1 541.7 574.7 599.9 625.8 664.8 713.6 754.3 799.4 839.7 763.7 695.5 661.8 637.1 639.6 653 645.7 617.9 614.6 619.6 612.4 572 532.8 512 499.3 494.2 489.6 481.5 455.9 408.4 374.9 350.8 334.3 321 309.9 302.9 276 234.7 173.5 137.6 99.9 72 55.4 41.8 31.9 29.7 17.8 -1.8
234.9 230.3 228.1 225.2 217.8 216 216.7 222.5 233 241.7 250.2 266.3 302.2 328 338.4 352.1 366.9 379.7 404.5 422.3 441.7 461.8 482 501.5 520.9 542.2 562.9 567.8 557 513.7 489.6 476.8 473.3 473.1 478 481.8 488.7 496.7 512.7 537.4 565.4 598 636.8 692.8 741.4 792.8 823.5 771.8 709.9 678.9 664 663.2 674.6 672.5 668.2 662.7 630.6 592.2 570.4 543.9 526.1 512.8 505.7 502.2 484 446.9 403.6 367.1 344.6 330.5 317.9 311 307.3 268.5 224.5 184.6 154.5 104.9 73.6 71.5 56.8 24.9 25.2 21.4 -1.8
227.6 227.5 223.3 221 211.9 206.2 206.8 209.6 220.6 228.2 240.9 254.7 304.4 315 327.8 336.7 349.3 362.6 382.1 401.1 418.4 437.7 457.1 474.5 491.4 516 525.7 532 509.1 483.4 461.9 449.7 448.8 446.7 445.8 452.5 466.1 478.1 498.5 525.2 549.9 580.8 623.2 664.7 733 787.4 832.7 810.6 741.2 703.9 691.9 688.9 703 708.8 704.5 666.2 621.7 593.8 574.5 554.2 545.4 535.8 525.6 516.5 496.3 439.4 394.7 368.4 345.3 331.2 320 311.9 302.1 270.7 223.5 189.1 161.9 107.2 82.1 73.7 56.5 31.4 18.5 -1.8 -1.8
219.8 216 211.2 205.2 204.6 198.9 200.1 200.6 205.2 215.9 231 248.9 286.2 302 319.9 322.1 331 345.2 359.5 378.5 395.4 412.3 429.2 446.1 463 483.9 495.8 497.2 487.8 459.9 439.2 431.6 431.7 428.9 427.9 438.5 451.6 465.9 484.5 508 537.6 576 617.2 661.9 719.3 774.8 822.8 839.2 776.4 738.5 728.7 721.6 745.4 747.4 714.6 650.1 617 598.4 578.5 567.1 562.8 554.4 547.8 498 457.2 436.3 399.6 368.4 347.4 329.2 321.2 312.7 296.8 264.4 224.3 184.8 146.3 107.8 87 72.9 58.4 41.6 25.8 -1.8 -1.8
211.9 207.4 198.8 194.3 194.4 191.3 191.2 193.3 195.8 210.1 219.7 237.4 255.9 286.7 301.1 304.7 314.7 327.4 338.8 352.2 367.8 384.5 401.3 418.1 435 458.5 475.6 480.9 470.3 441.1 419 414.8 414.9 411.4 417.1 427.5 440.9 457.4 476.2 498.5 534.1 570.5 614.2 651.4 696.8 762.8 817.1 849.9 837.4 776.3 762.2 761.7 784.4 773.3 698 652.8 621.4 603.2 587 571.4 555.6 538.3 513.6 473.1 447.2 430.2 395.5 370.4 345.6 331.5 329.2 321.2 299.3 268 214.1 176.3 143.2 107.4 86.8 68.6 55.5 47.1 29.7 -1.8 -1.8
203.3 197.4 189.4 191.1 188.5 185.4 184.6 186.2 190 198.5 209.2 224.4 236.9 271.1 281 284.9 302.5 309.4 319.8 331.4 344 361.7 379.5 397.2 413.5 434.2 452 460.8 452.1 429.3 411.8 405.1 401.1 399.7 407.1 420.3 433.2 449.3 468.8 496.4 529.7 562 616.9 655 697.5 751 803.2 838 860.8 821.9 804.5 827.7 820.1 764.1 697.9 667.3 639.6 614.3 577.8 554.2 539.4 522.8 498.3 467.8 441.2 415.4 389.1 365.5 350.7 335.9 328.8 330.8 302.3 260.6 217 182.8 143.4 113.6 88.3 65.5 42.8 41.4 -1.8 -1.8 -1.8
191.5 187.2 184.7 183 182 180.3 180.9 179.3 183.7 189.9 201.2 214.1 225.6 240.2 256.1 268.1 288.3 297.5 301.6 309.8 323.8 340.7 356.2 372.7 387.3 406 423.6 431.8 426.7 405.2 396.9 392.5 389.8 393 403.3 417.7 430.9 445.9 465.7 495 530.7 565.7 615.2 659.3 702.5 746.2 781.2 814.1 843.1 860.5 871.4 889.7 818.9 748 710.2 684.8 666.9 598.4 571.3 554.8 539 515.3 475.5 442.5 421.2 405.6 387.5 365.6 352.2 340.7 334.7 331.7 314.8 269.2 225.9 175.1 152.9 128.8 100.9 62.7 37.8 15.6 -1.8 -1.8 -1.8
183.3 179.6 178.5 176.5 176.7 175.5 175 175.5 179.7 185.2 194.2 204.2 213.6 226.6 234.9 252.8 267.1 275.8 282.7 290.5 303.2 318 332.6 347.1 361.7 379 397.8 406.4 401.7 391.7 384.3 377.5 377.4 384.1 397.1 413.6 427.9 444.7 465.7 495.1 533.7 572.2 613.7 661 704.8 732.9 764.9 788.6 812.2 828 843.5 861.3 820.8 771.6 735.5 713.6 695 627.6 586.8 566.5 538.2 503.7 469.2 444.5 428.4 408.6 388.2 369.4 358.1 347.3 341.7 339.5 318.3 277 226.9 182.4 166.6 135.8 103.6 72.2 37.2 15 5.2 -1.8 -1.8
176.7 173.4 172.2 169.4 171.4 170.6 169.4 171.9 176.7 181.7 188.5 197.1 206.4 217.2 223.6 235.1 248.2 255 261.5 270.2 281.7 293.2 307.3 321.5 336.1 353.2 372.2 383.5 385 368.9 363.7 359.4 364.9 371.8 386.6 403 419.2 435.4 465.1 504.7 546.2 580.9 621.9 655.8 686.1 717 740.8 762.5 780 795 809.1 823.4 831.9 804.6 764.4 752.5 729.8 653.8 608.4 580.5 543.2 505.9 478.4 463.3 446.6 429.3 411.6 392.6 375.5 362.9 346.5 341.6 320.6 275.9 231.1 191.9 173.1 137.1 104.2 69.3 45.8 22.7 15.2 12.7 3.1
169.7 168.8 166.6 163.4 165.7 166.3 165.7 170.4 173.9 178.4 182.7 190.3 199.4 207.3 214.5 221.4 225.2 237.8 242.5 251.1 260.5 272 283.8 297.8 312.2 325.3 342.6 361.3 355.2 348.8 344.1 343.8 348.2 360 379.4 395.9 403.4 420.3 461.2 501.9 541.1 577 610.5 640.7 667.1 694.1 716.1 734.4 749.6 761.3 774.6 785.3 798.2 807 801.8 790 759.2 696.7 631.1 613 571.5 529.6 508.5 492.1 472.2 459 438 426.1 405.6 384.5 356.7 345.7 326.2 266.6 233 204.8 180.8 136.8 102.6 81.3 61.2 40.3 18.3 20.9 -1.8
164.1 160.8 159.6 159.3 160.1 161.2 159.1 165.8 170.4 174.7 179.5 186 191.9 198 205 213.2 217.7 221.9 227.9 233.4 240.6 251.7 262.9 274.9 289.8 303.5 313.4 328.8 328.2 328.2 326 326.6 333.1 345.6 361.7 383.5 395.3 413.4 452.2 488.2 522.9 557.3 590.2 618 643.8 667.1 689 704.9 719.6 731.4 740.8 751.3 763.3 770.6 778.5 785.7 784.9 734.2 678.6 658.3 620.3 561.1 540.8 524.5 513.3 513.9 496.4 484.6 455.8 422.4 383.2 346.1 322.1 278.2 245.2 216.3 181.1 144.2 107.8 81.9 61.3 50.3 -1.8 -1.8 -1.8
157.9 156.2 155 154.3 155.4 156.7 157.5 161.5 166.5 171.3 176.6 182.3 187.8 189.8 192.4 201.1 207 212.1 220.8 222.6 224.3 235.1 245.3 256.3 271.1 283.9 297.7 304.9 312.4 308.1 309.2 310.3 321.2 331.7 347.4 367.5 383.1 410.1 443.3 474.9 505.3 536.6 565.2 591.1 614.5 637.5 656.8 673.2 686.6 697.4 707.2 716.9 726.8 731.8 741.5 745.9 756 752.8 733.7 704.8 647.1 596.6 574.6 567 577.3 580.7 549.4 531.7 504.7 461.9 415.7 362.2 334.5 298.2 257.4 226.1 185.4 149.5 109.2 84.4 55.8 25.8 -1.8 -1.8 -1.8
153.6 152.4 151 151.3 151.6 152.4 154.4 158 162.4 167.7 169 173.2 181.4 183.5 184.8 191.6 196.6 201.6 207.5 212.7 214.8 222.2 229.6 237.9 250.3 264.4 279.9 285.6 289.3 288 292.7 298.5 310.5 321.2 335.5 353 375 400.8 428.7 457.4 484.8 511.7 539.5 564.1 585.4 604.7 620.8 641 652.8 662.5 672.4 684.4 689.9 692.7 699.5 706.2 715 726.1 728 732.1 667.3 635.5 617.9 619.9 634.4 627.8 592.8 557.2 515 477.8 431.7 369.5 329.9 307.4 270.8 236.7 194.1 159.4 105.1 84.1 57.4 24.8 -1.8 -1.8 -1.8
148.8 150.1 149.2 149.2 151.1 151 150.6 154.4 157.1 160.2 161.2 163 173.5 180.3 181.4 185.6 189.4 190.7 195.2 200.3 203.8 208.4 213 220.2 235.3 249.6 257.5 269.1 270.7 273.3 277.9 286 298 310.1 322.1 340.2 361.7 385 410.4 442.4 463.9 485.6 509.1 533.6 553.5 570.2 587.7 602.4 614.6 625.8 636.8 643.3 649.6 656.8 660.7 668 676.4 683.7 687.6 696.7 697.5 692.6 669.4 680.1 667.3 647.8 597.5 559.8 523.9 480.8 438.7 381.4 330.8 304.8 275.6 249.7 213.8 179.5 113.2 84.6 36 5.2 -1.8 -1.8 -1.8
146.5 144.9 146.8 147.3 148.2 149.2 151.4 151.4 151.3 151.1 155 157.7 163.7 171.7 175.4 176.3 177.5 179.8 181.8 185.5 189.9 196 202 209.7 219.6 234.2 244.7 251.8 253.1 256.1 263.2 273.8 287.4 299.3 309.9 325.3 343.8 365.4 390.1 421.3 447.8 467.2 485.1 502.3 520 538.5 553.6 565.2 582.1 587.5 597.3 603.5 607.2 611.1 614.7 620.8 631.4 634.3 641.6 654.6 656.7 663 659.5 647.9 644 630.9 588.4 559.4 518.2 481.1 435.6 377.2 333.4 303.7 280.2 258.4 226.4 201 125.6 79.9 34.1 5 -1.8 -1.8 -1.8
140.7 142.4 144.3 145 145.9 146.9 147.9 147.1 146.2 148.2 149.8 154.1 159.7 164.8 169.8 169.3 168 170.6 169.8 174.2 177.2 185 192.2 200.8 209.9 218 227 232.4 236.7 240.4 250.1 259.6 276.6 286.8 299.1 312.6 329 347.6 367.3 403.4 431.7 454.1 468.4 477.6 492.9 509.3 521.6 531.1 541.7 541.2 547.2 552 557.8 564.8 569.4 578.5 587.6 591.5 596 599 605.5 611 611.5 607.7 603.8 595.6 567.6 545 511.7 475.5 434.7 386.3 342.3 312.6 281.7 273.4 230.6 173.9 121.2 77.9 40.6 9 -1.8 -1.8 -1.8
139 141 141.7 142.7 143.4 144.3 141.8 142.2 144.1 146.6 149.8 150.6 155.2 157.1 159.6 162.5 161.7 162.9 162 164.5 165.8 173 180.2 188.4 197.3 205.7 212.9 217.6 221.3 226.9 235.3 249.2 262.5 275.7 288.7 303.5 317.3 334.5 355.6 381.1 410.1 431.1 445.5 451.2 461.2 469.8 483.3 498.7 508.3 506.6 512.2 517.1 525.6 530.6 536.2 544.8 549.7 554.8 559.4 563.2 568.9 572 576.7 570.1 564.9 554.4 541.4 520.8 496.9 463.6 430 389.2 350.2 311.9 285.6 272.7 236.4 168.2 124.4 85 50.1 19 -1.8 -1.8 -1.8
138.3 140.5 139.7 140.7 141 140.5 138.9 140.6 142.5 144.9 148.2 151.2 152.2 153.6 155.1 155.7 155.4 155.7 154.4 154.8 157 161.3 166.9 174.4 182.5 188.2 196.1 205.6 210.9 216.3 221.3 234.7 251.2 264.3 280.1 293.1 309 326.4 348.5 363.5 378.5 401.2 413.1 418.5 428.4 438.1 454.2 469.8 470.8 474.1 477.8 484.2 492.2 493.5 498.4 504.2 513.9 518 523.1 532.7 535.1 535 535.9 532.7 527.3 523 514 498.2 479.3 454.5 430.1 389.8 357.7 311.2 293.3 272.9 244.9 206.6 155.6 91.5 59.1 26.4 -1.8 -1.8 -1.8
136.5 138.1 138.4 139.5 139.8 140.4 139.1 139.2 141.1 143 144.6 146.8 149.8 151.2 152.4 152 150.7 149.1 148 146.2 147.7 153.1 157.6 161.8 166.3 171.6 177.1 187.4 198.4 205.9 211.6 222.9 238.3 251.7 264.2 278.9 298.8 317.1 336.3 349.8 360.7 376.1 389.6 402 405.5 414.2 426.4 439 440.3 442.4 446 452.5 460.2 465.2 469.7 473.3 480.7 482.9 488.2 494.1 494.2 501.9 503 497.4 493.8 489.5 481.6 471.3 458.5 439.5 428.7 399.1 359.8 319.8 291.6 269.1 237.5 207.1 166.4 114.1 67.9 26.8 -1.8 -1.8 -1.8
