data/140000-850000.asc
ncols 200
nrows 200
xllcorner 140000
yllcorner 850000
cellsize 50
[rows 140 to 174 of 200, columns 79 to 157 of 200]
328.1 321.9 311 296.5 282.2 270.4 260.5 251.9 244.4 240.2 234.2 230.7 227.7 227.9 227.4 225.3 225.2 222.7 220.2 216.7 213.3 209.8 205.3 199.2 194.1 192.1 189.8 186 181.9 177.1 172.6 171.3 172.3 177.9 174.1 180.4 186.6 193.1 201.9 212.1 219.1 228.8 236.1 240.9 245.1 250.2 254.6 258.9 263.4 268.1 272.5 276.9 282.5 286 290.1 294.6 300.6 305.8 309.7 312.5 317.8 322.3 326.7 330.5 332.6 334.9 335.2 335.5 335.6 334.6 332 331.1 330.5 334.1 339.3 343.6 348.6 356.1 362.1
319.8 311.5 297.3 284.4 271.9 261.7 251.8 242.7 236.1 232 226.5 224 220.2 220.1 217.5 215.3 213.7 212.3 209.4 205.9 202.2 198.4 193.8 187.3 182.5 179.9 176.8 173.5 170.4 166.5 167.3 169.1 172.8 177 185 191.3 197.2 202.6 210.3 219.5 229.5 237.7 244.1 248.5 252.6 255.9 260.9 267.6 273 277.8 282.4 287.3 293.2 298.7 301.4 307.4 313.1 317.9 320 320.7 325.8 333.4 336.1 334.9 332 334 334.4 334.2 334.1 331.6 329 329 329.6 332.2 338.9 344.4 349.3 356.9 363.2
307 298 284.8 272.4 261.4 251.5 242.3 234 228.4 222.4 218.1 214.7 213.6 211.5 207.9 205.1 202.8 200 197.4 194.8 191.2 186.7 180 175.3 171.4 166.9 163.3 161.5 163.1 168.8 175 180.1 187.5 191 194 199.2 204.3 209.3 215.1 223.1 233.2 241.9 248.8 253.8 255.3 261.2 268.3 275.1 282.5 288.6 294.2 299.3 304.6 309.5 313.9 317.7 321.4 324.3 322.6 321.9 329.4 340 340.3 333.4 331.4 331.7 331.8 331.2 330 326.9 324.8 321.3 324 329.4 335.6 341.1 349.2 357.7 364.4
290.5 281.3 270.3 258.9 249.7 241.7 233.4 225.1 218.7 213.5 209.6 206.9 203.5 200.2 199.5 194.9 191.9 189 184.5 180.5 178.7 174.7 169.1 165.9 162 158.9 159 166 174.4 180.9 185.7 190.4 192.5 196.7 199.8 205.5 211 214.2 218.5 229.3 239.3 245.9 252.6 257.1 261.4 267.7 277.1 285.6 293.4 300.3 306.1 310.5 313.7 317.6 320.7 322.9 327.3 327.6 324.7 320.8 322.2 328.4 330.3 328.7 328 326 327.5 324.6 323.5 321.1 319 318.8 322.4 326.1 331.7 338.2 349.6 359 366
273.8 264.4 254 244.5 237.7 232.1 223.3 216.3 210.7 204.7 201.7 199.4 193.8 191.6 188.7 184.4 181.6 178 173.6 169.9 167.2 163.3 159.6 158.1 155.5 157.3 167.8 176.5 184.6 189.8 193.2 195.5 197.1 201.5 205.6 210.4 215.4 219.1 225 234.2 242.7 248.8 253.9 261.3 270.4 274.3 284.8 296 306.4 313.1 317.4 321.4 324.2 323 324.9 324.7 325 324.5 322.5 318.8 317.3 319.3 317.5 316.2 317.1 316 317.3 315.9 316.1 315.3 313.1 315.6 319.2 323.6 327.7 334.9 348.1 360.1 367.8
257.2 248.3 241.2 233 226.2 221.5 213.5 207.7 202.6 196.9 191.9 190.8 184.9 180.3 177.3 174.8 172.5 167.9 163.7 160.5 157.5 154.1 153.2 155.2 162.5 168.8 177.6 186.8 193.2 196.1 195.7 198.7 202 205.4 209 214.5 219.8 227.5 230 234.4 240.9 247.1 257.6 268.6 278.4 283.2 293.4 308.3 321.1 326.9 328.3 330.8 331 328 325.1 323.6 322.7 321.1 319.2 312.7 310.8 310.1 307.1 306.9 307.5 308.4 309.7 308.4 308.9 309.5 308.9 311.8 317.3 320.7 324 330.7 339.3 351.8 365.1
242.8 234.1 227.5 223.3 218.1 212.2 205.9 198.3 194.2 188.7 183.1 181.3 174.7 169.6 166.7 165.6 163.6 158.1 152.3 148.8 150.8 155.2 159.8 165.6 172.2 179.8 186.3 192 196.5 197.9 198.1 200.7 204.1 207.7 211.2 216.4 222.8 228.6 233.3 237.2 242.6 252.6 266.2 276.6 286.4 293.3 304.7 320.8 335.2 337.7 338.2 335.7 331.7 328.5 324.4 320.8 317.1 312.6 310 305.2 304.6 303 300.2 300.2 299.5 301.2 302.7 301.6 300.3 301.5 305.1 310.5 314.5 317.8 321 326.2 331.4 341.3 356
229.9 221.5 217.7 214.5 209.3 202.1 196.9 191.7 185.9 180.2 174.4 169.7 164.5 160.2 157.5 157.8 151.7 143.8 146.5 151.8 157.4 161.8 166.5 171.6 177.5 184.6 191.3 194.3 198.1 199.6 200.7 202.7 206.3 209.9 213.5 218.4 223.7 228.2 235.2 240.1 244.5 258.5 273.3 283.4 294.7 301.2 309.6 325.8 337 340 340.3 335.8 330.3 325.9 321 315.8 309.9 305.4 301.1 301 300.6 296.9 293.2 293.7 294.8 295.4 295.5 293.4 292.2 295.7 301.9 307.5 310.8 315.2 318.2 321.2 325.1 330.9 342.9
218.3 211 207.3 204.2 199.9 192.2 186.6 181 176.6 170.8 164.1 157.9 153.4 148.5 144.8 139.2 142.2 149.9 152.7 159.1 162.6 167 171.9 177.7 183.2 187.7 192.7 195.6 199.3 199.9 200.7 205.1 209.1 212.7 215.8 219.9 223.1 227.7 236.2 241.2 245.8 258.4 272.5 288 300.7 306.4 315.1 318.8 332.9 340.6 337.8 330.5 325.2 321.2 314.1 308.8 302.4 297.4 295.8 294.9 293.6 290.1 286.6 285.7 287.2 286.8 286.8 284 284.4 290.6 297 302.9 307.3 312.1 315.2 316.9 321.1 329.5 335.6
207.7 202.4 196.1 192 186.6 181.2 175.5 169.9 165.1 157.6 151.5 145.1 139.1 135.7 138.4 147.8 151.3 152.7 155.2 160.6 165.3 169.4 174.1 179.8 184 188.9 192.6 196.6 198.5 199 203.7 208.4 212 215.6 217.7 221.3 224.8 229.3 234.4 239 243.9 253.2 271.4 289.3 301.2 313.5 320.6 321.7 331.2 335.7 331.5 324.8 320.7 311.1 305.8 298.9 294.1 291.4 289.7 288.3 285.8 282.1 281.4 279.5 279.4 277.6 275.8 276.7 278 284.8 290.8 296.2 301.4 306.5 309.3 313 316.9 328 336.1
196.6 192.5 185.5 179.7 174.7 169.8 164.8 158.6 150.9 146.1 137.5 131.5 135.1 144.9 150.4 151.1 153.5 155.3 159 162.8 167.9 171.5 175.8 182.2 187.2 190.7 194.2 197.9 199.7 202.6 206.5 211.3 215.5 217.6 219.6 222.7 226.6 231.2 233.3 237.8 241.8 252.2 270.5 288.1 301 310.2 320.2 320 322.1 322.2 320.2 312.5 306.1 298.9 294.3 289.8 286.4 284 281.4 279.5 276.9 274.6 274.2 273.4 272.6 270.5 269.7 270.8 271.6 277.9 283.5 288.7 293.8 298.4 302.3 307.1 312.6 326.1 333.1
183 180.1 176.5 171.3 164.7 158.6 153.8 146.3 142.9 131.5 129 138.3 143.8 145.2 148.5 151.6 155.5 159.2 162.9 166.6 170.4 175 180.2 185.2 189.5 193 196.7 199.7 203.1 206.4 209.9 214.1 216.2 220 221.2 223 225.5 227.9 231.3 234.5 240.4 248.9 264.2 280.2 299.6 302.6 308.7 311.8 308.2 306.8 303.2 299.4 291.6 286.3 282.6 279 276.1 274.9 270.6 269.7 268.1 268.3 267.5 267.2 266.4 265.2 264.2 267.1 270.3 273.2 276.1 280.6 285.1 290.2 294.2 301.7 307.1 317.1 325.7
170 166.2 163.6 158 152.1 145.9 139.4 136.2 133.6 128.6 131 139.6 139.9 143.2 149.1 152.6 158 162.7 166.8 170.5 174 177.5 181.6 186.6 191.4 195.2 198.7 201.7 205.1 208.8 212 214.5 216.1 221.2 221.2 221.9 222.7 224.5 228.6 232.6 235.2 243 255 268.5 280.7 288.3 294.8 300 296.2 295.3 288.5 284.9 277.4 274 270.8 267.5 264.8 262.3 261.2 261.3 260.5 262.4 262.1 261.1 261.4 260.8 259.2 261.4 264.5 267.8 270 271.8 276.9 282 287.8 293.3 300.7 309.3 316.3
157 153.4 149.2 143.5 137.6 130.7 121 123.8 125 128.3 139.3 140.4 140.3 145.1 150.7 155.6 159.7 164.9 169.4 173.9 177.1 180.6 184.7 188.8 193 196.2 200.1 203.7 207 209.8 211.6 213 214.3 217.9 221.2 221.2 220.1 221.7 226.1 229.5 232.1 238.7 247.1 257 266.3 273.4 277.3 279.9 278.4 275.1 271.6 269.7 265.3 262.1 258.2 256 253.4 250.9 250 249.6 252.9 256 256.2 255.7 255.5 255.3 253.5 255.9 258.6 262.4 264.8 266.8 269.1 273.5 279.8 286.8 293.7 300.5 307.4
145.1 141.3 136.5 129.9 124 119 124.3 127.4 134.3 141.5 144.5 148 146.5 148.7 153.5 158.3 162.6 166.8 171.6 175.7 179.6 182.9 186.1 189.4 193.1 196.7 200.2 203.5 206.4 209.2 211.2 212.5 212.6 215.1 218.2 217.4 216.6 219.2 223.2 226.4 229.5 238.5 243.9 247 253.7 257.2 259.1 261.8 261 259 259.2 254.9 252.1 248.1 244.1 244.5 242.1 239.5 238.8 239.5 245.4 250.7 250.1 248.7 249.5 249.3 248.9 251.9 255.2 259 261.9 263.4 263.8 266.2 270 278.4 285.3 292.1 298.4
134.6 132 126 116.8 117 122.3 132.2 138.2 141.1 142.5 147 150.7 150.9 151.8 155.5 160.6 165.2 169.5 173.2 175.9 179.2 182.2 185.4 189.2 193 196.3 199.5 202 204.8 207.5 209.2 210.9 210.5 211.5 213.8 213.3 211.4 214.9 218.7 222 224.7 232.9 237.7 237.3 239.8 241.4 241.5 242.7 243.9 243.7 243.3 239.3 237.2 234.6 233.3 232.1 228.2 226.3 226.6 232.4 240 244.6 241.9 239.9 242.5 246 246.7 249.7 253.8 257.8 260.6 259.8 261.2 262.5 263.6 271 276.9 283.7 290
124.3 121.2 115.1 124.5 128.8 131.4 131.2 137.4 139.8 141.7 145.5 149 150.4 154.3 157.7 162.7 168 171.8 174.9 177.8 180.2 182.2 185.9 189.4 192.4 195.6 198.5 200.2 203.1 204.2 205.5 205.8 206.4 207.7 209.1 208.6 206.3 208.1 211.3 215 217.3 220.8 222.3 224.3 227.5 228.2 227.2 225.9 224.9 225.3 225 223.9 222.4 222.5 220.1 218.5 214.6 211.5 213.7 220.7 227.7 231.8 232.4 231.9 235.8 243.1 244.7 246.4 250.7 255.2 257.3 257.8 257 258 259.4 263.1 268.8 275.3 281.7
115 110.5 110.7 118.9 119.1 122.5 128.8 132.8 136.5 141.2 144.7 147.5 152 156.4 160.7 164.5 169.7 173.6 176.6 179.7 182.4 184.8 187.4 190.6 191.9 194.8 196.7 198.5 199.8 200.2 200.8 201.5 202.2 203.1 202.7 201.9 201.5 202.7 204 205.9 207.5 209.2 210.2 211.1 212.7 212.9 213 211.9 210.9 210.2 210.1 211.9 211.1 209.9 206.9 205.4 203.4 202 205.1 208.5 212.4 216.3 221 226.1 231 239.4 240.5 243 246.9 250.3 251.4 252.7 253.7 253.9 254.2 256.8 261.4 266.9 272.9
104.4 112.8 121.7 123.5 121 123.6 127.7 131.5 136.8 142.2 146 150.3 154.8 159.6 164 167.7 171.1 175.8 178.7 180.8 183.4 184.7 188 189 190.7 192.7 194.4 195.6 195.9 196.3 196.7 197.4 196.9 197.1 196.8 195.2 194.7 196.2 196.4 196.3 198.9 199.8 200.5 201 200.6 200.2 201.8 201.6 201.1 200.5 201.6 202.4 200.3 199.5 198.9 198.1 195.3 194.5 197.5 200.8 203 205.7 213.7 220.1 227.9 235.4 239.2 240.3 243.2 243.3 243.2 245.4 247.9 249.6 250.5 250.8 256.2 261.6 266.7
115.5 131 130 127.9 124.7 126.3 129.6 135 140.7 144.3 147.5 152.7 157.3 162.1 166.5 171.9 175.3 177.7 179.4 181.1 183.7 184.7 185.8 187.5 189 190.4 191.8 191.7 192.2 192.6 192.2 192.9 191.8 191.2 190.8 189.2 187.7 187.9 187.9 188.9 190.2 191.3 191.7 191.9 191.8 191.6 192.1 192.7 191.8 190.9 191 190.7 190 191.2 191.9 190.8 188.9 191.2 193.7 195.9 196.7 200 208.5 216.9 224.7 229.2 234 235.4 236.3 235.9 235.8 238.4 241.3 244.1 245.3 248.6 251.4 256.8 261.6
121.1 125.5 124.6 126.3 127.5 129.8 131.7 137.2 142.5 146 149.2 152.9 159.4 164.1 168.5 175.7 180.9 186.3 187.3 186.9 183.6 184 183.4 185.1 185.8 185.8 186.9 186.6 187 187.6 186.8 187.3 186.7 185.6 184.9 183 180 180 179.7 181.6 182.3 183 184.1 185.1 184.9 184.3 184 184.1 183.4 182.5 182.7 182.2 181.7 182.9 184.1 184.6 184.6 187.5 190.7 191.9 193.3 196.3 204.7 214 219.6 224.1 228 229.9 228.7 228 229.1 231.6 234.7 238 239.4 243.6 248.1 252 256
115.5 118.8 119.2 122.8 128.8 131.6 133.9 138.4 143.1 146.7 150.3 154 158.6 163.4 168 173.5 178.3 184.5 187.7 189.2 187.3 182.2 181.9 180.7 179.9 179.7 181.1 181.2 180.5 180 179.2 180.1 180.3 179.3 178 175.1 172 172.2 171.3 173.4 175.7 175.5 177 177.6 176 176.8 176 175.1 174.2 172.6 172 173 173.4 175.5 177.4 179.5 181.7 184.1 187.1 187.9 190.5 194.1 199.5 205.9 212.3 216.6 220.5 223 221 221.8 222.6 224.9 228.4 232.4 234.1 238.1 242.7 246.8 253.6
111.9 115.5 119.1 123.9 130 132.6 136.2 140.9 142.9 146.6 150.1 153.4 156.8 161.6 165 168.8 172 175.3 177.1 177.8 179.4 178.1 178.3 176.1 174 173.6 174.3 174.2 172.5 171.4 170 170.6 170.2 169.5 167.6 167.3 164 164 163 165.7 167.6 166.1 167.3 168.4 167.6 165.8 166.2 164.9 162.7 161.9 162.2 164.7 167.3 169.9 171.5 173.9 177.6 180.6 181.7 183.3 187.1 191.2 194.7 197.6 204.4 208.1 209.9 212.5 212.3 215.5 214.7 219.1 223.1 223.6 229.9 230.2 235.6 240 250.2
107.8 112.9 118 123.6 131 132.4 135.8 139.9 142.3 145.7 149.4 152.3 154.9 158.8 162.1 164.7 166.8 167.7 168.8 169.2 171.7 171.4 170.9 168.5 167.3 167.5 167.1 167.1 165.4 163.1 161 160.5 157.6 155.4 154.4 155 154.7 153.6 156.6 157 157.1 156.4 157.3 155.7 155.5 154.9 153.3 152.8 152.7 152.7 153.7 158.4 160.9 162 166.8 169.3 172.5 177.9 180.5 180.4 185.5 189.1 189.1 190.1 192.2 199 201.6 208.2 208 208.7 211.7 218 219.5 223.7 229.6 237.4 241.1 245.5 250.9
105.9 111 115.3 119.4 126 130 134.1 138.2 141.9 144.9 147.8 150.4 152.8 156 158.6 161.1 162.5 163.2 163.7 163.9 163.8 163.7 162.7 161.7 160.7 161.2 160.8 158.9 156.3 153.4 150.9 148 143.7 139.9 141.7 141.9 142.8 145.8 147.7 148.7 147.1 143.9 144.5 142.9 144.1 143.5 146.3 147.6 147 148.8 151.3 153.1 157.8 161 168.3 172.5 177.1 179.6 182.7 185.9 188.3 190.2 191.4 197 201.4 205.6 210.9 212.6 214.1 218.9 222.6 226.6 230.1 233.9 232.2 241.5 250.8 252 253.9
104.5 108.3 112.3 116.3 120.9 125.6 130.9 135.9 140 143 145.7 147.1 149.9 152.4 153.9 154.7 155.3 156.8 157 157 156.3 155.4 153.9 152.4 151.9 150.8 148.6 147.7 145.3 140 136.1 133.5 131.3 129.4 130.4 132.3 130.3 134.8 138.3 137.8 135.7 131.9 130.1 138.4 138.5 142.8 148.2 151.3 154.4 157.2 161.4 165 168.8 172.5 178 182.5 187.1 190.9 193.1 194.3 196.4 201.7 207.9 210.4 214.2 216.9 219 220.9 224.3 227.6 231.2 235.3 238.6 241.6 240.4 246.4 252.5 258.5 259.1
100.3 102.7 108.1 112.6 115.6 121.1 125.5 131.2 135.5 138.5 140.6 142.3 143.3 144.5 146.1 147.8 148.1 148.4 148.9 148.6 147.8 146.3 144.7 143.1 141.6 138.5 134.7 133.3 130.7 124.7 121.2 121.3 119.8 119.7 121.5 119.7 119.4 120.3 122.7 121.1 127.5 133 139.9 145.5 151 155.8 159.1 163 166.2 169.6 173.5 177.3 181.1 184.6 189 193.4 197.5 200.3 202.8 201.9 203.3 207 211.8 217.5 220.8 223.3 223.6 227.2 231.6 234.1 237.9 241.3 243 245.3 247.6 250.2 256.7 261.1 262.4
93.7 96.8 101 105.7 110.2 114.7 119.6 123.2 127.7 131.7 132.1 133.2 133.5 134.3 136.4 138.1 138.5 137.5 136.7 136.7 136.9 135.7 134.5 133.3 129.4 125.4 121.4 118.7 115.9 110.4 108.1 108.1 108.1 109.9 111.8 117.5 122.7 126.3 129 135.4 140.7 145.8 150.2 155.7 161.2 166.6 169.9 173.1 176.4 179.2 183.6 187.8 192 195 199.1 203.1 204.8 207 208.5 208.6 208.2 210.7 214.1 217.9 222.1 225.5 227.5 232.3 237.1 239.5 242 245.5 248.5 248.8 252.8 256.6 259.7 264.2 269.5
88.2 90.5 94 97.6 101.4 106 110.7 113.9 117.1 120.2 122.6 122.7 123.3 125.5 126.2 127 127.3 127 126.1 126 125.8 123.2 120.7 118.2 114.2 110.3 106.9 103.9 100.2 105.6 109 112.5 113.1 118.6 123.1 128.2 133.5 137.1 142.1 147.6 152.3 157 161.1 165.8 171.3 175.7 179.2 183.7 186.2 188.2 192.9 197.7 202.2 205.5 208.9 209.7 210.7 212.1 213.3 213 212.1 215.2 218.5 221.8 224.2 227 233 237.8 242.6 245.2 246.9 249 251.9 251.9 256.7 261.8 264 266.5 271.1
82.6 84.1 88 89.9 92.2 96.9 101.3 105.1 108 110.3 112.5 113 113.7 116.2 117.8 118.2 117.5 117 115.9 114.1 113.3 109.2 106 103.3 99.3 94.3 96 102.7 111.5 116.3 119.7 123 126.7 130.8 134.6 139.5 144.4 149.8 155.5 160.2 164 168.2 171 176 180.8 184.7 188.4 192.6 194.2 196.1 200.4 203.9 208.3 211 214 216.5 217.4 218.2 216.9 216.5 216.9 220.1 223.3 225.7 228 232.8 238.8 243.5 248.2 252.2 254.8 255.2 258.8 259.9 263.6 267.5 269.7 271.8 273
75.9 78.5 81.9 83.7 85.7 88.2 92.4 96.2 98.3 100.8 103 102.2 103.1 105.1 106.5 107.1 108 106.1 104 101.8 97 95.5 91.7 90.7 98.2 105.1 110.8 116.2 121.9 126.4 129.4 132.1 136.7 141.7 146.3 151.2 156.2 162.8 168.5 172.7 174 177.1 180.1 184.1 188.4 192.6 196.9 200 201.9 204.4 207.7 211.1 214.9 217.6 220.4 223.1 224.4 224.5 221.8 221 221.9 224.7 228 231.2 234.5 241.1 246.8 255.3 261.7 264.8 265.9 265.3 267 269.3 270.7 273.1 275.9 278.6 279
71 73.3 75.9 78.2 80.5 81.5 84.8 86.4 89.2 91.8 94.3 91.3 90.6 92.3 94 96.4 98.5 95.2 91.6 89.2 83.5 86.5 98 104.8 109.3 115.2 120 124.2 129.3 133.3 137.3 141.4 145.8 151.4 156.1 161.1 166.4 171.3 175.8 180.3 183 185.3 187 189.6 193.5 199.5 204 205.6 207.9 211.9 215.1 218.4 223 225.7 226.7 229.4 231.4 230.2 227.6 227.1 227.6 230.3 234.1 237.2 240.7 247.9 257.9 269.5 276.8 277.1 277 275.5 274.5 276 277.6 280.5 283.2 284.7 284.3
65.9 69.3 73.6 75.5 75.3 74.3 75.9 78.2 81.8 85.1 86.9 85.1 82.6 82 83.8 87 85.8 83.4 78 82.2 88.4 94.4 98.2 105.9 114.9 123.3 127.9 132.2 135.4 139.2 143.6 147.9 152.5 158 162.8 168.4 173 177.2 182.1 187.4 191.9 192.6 194.6 195.5 199.1 203.3 208.9 211.8 215 219.3 222.8 225.8 230.3 234.1 234.9 236 238.1 236.7 234.7 234.3 236 240.5 245 246 250.6 258.9 269.1 279.6 288.7 291.2 287.2 283.7 283.3 284.3 286.9 288 290.5 291.8 292.1
59.4 55.5 64.2 70.5 68.5 65.8 68.3 71 76 79 79.8 79.4 74.5 73 73.2 73.8 75.5 78.8 82.2 87.2 93.6 100.3 109.4 112.2 113.2 125 130.1 136.3 141.1 144.9 149.9 154.3 158.5 163.9 168.5 173.4 177.9 181.7 185.6 190.9 196.5 200.3 201.5 202.4 205 208.1 212.5 217 221.6 226.3 230.2 232.9 237.3 241.8 244.4 245.6 246.6 246.5 244.1 244.2 247.2 250.8 258 259.7 263.9 269.1 280.2 287.7 295.2 298 295.5 292.6 292.2 293.9 296.6 297.2 299.6 299.7 299.4
49.8 51.6 52.9 55.4 56.2 59 61.6 63.8 67.8 70.4 68.9 67.6 68.7 69.6 70.3 73.2 78.6 82.2 88 97.2 107.4 106.9 113.8 124.4 124.9 124.5 131.2 140.6 144.4 150 155 160.1 164.9 169.8 173.9 178.3 182.2 185.9 190.3 195.6 199.9 203.9 206.1 208.2 209.5 213.7 218.5 223 227.7 232.3 236.2 240.5 244.8 249.3 253.5 254.6 255.4 255.1 256.7 256.8 259.6 262.1 267.8 270.1 274.8 280.6 287 295.6 301.5 304.1 303.9 302.1 301.5 303.3 304.7 306.4 307.6 307.7 308.3
