data/140000-690000.asc
ncols 200
nrows 200
xllcorner 140000
yllcorner 690000
cellsize 50
[rows 0 to 37 of 200, columns 0 to 83 of 200]
-1.4 -1.4 -1.4 -1.4 -1.4 -1.4 -1.4 -1.4 -1.4 -1.4 -1.4 -1.4 -1.4 -1.4 -1.4 -1.4 -1.4 -1.4 -1.4 4.7 16.8 28.7 33.3 36 40.7 43 46.4 66.3 51.4 50.1 67.6 65.3 66.4 65 49.2 51.5 45.5 44 48.3 47.7 45.9 44.9 42.2 36.6 40.6 37.7 28.2 22.4 18 14.4 12.4 11 14 12.7 9 5.8 1.6 0.3 -1.4 -1.4 -1.4 -1.4 -1.4 -1.4 -1.4 -1.4 -1.4 -1.4 -1.4 -1.4 -1.4 -1.4 -1.4 -1.4 -1.4 -1.4 -1.4 -1.4 -1.4 -1.4 -1.4 -1.4 -1.4 -1.4
-1.4 -1.4 -1.4 -1.4 -1.4 -1.4 -1.4 -1.4 -1.4 -1.4 -1.4 -1.4 -1.4 -1.4 -1.4 -1.4 -1.4 -1.4 -1.4 1.8 12.1 20.5 26.2 30.7 31.4 45.1 45.7 54.2 50.7 46.4 60.1 51.4 56.4 52.5 44.2 43.4 41.1 40 44.2 44.9 43.3 41.3 35.3 27.2 32.4 28.3 24.7 22.8 20.3 18 15.6 15.2 13.8 11.5 5.7 6.3 3.9 1.9 -1.4 -1.4 -1.4 -1.4 -1.4 -1.4 -1.4 -1.4 -1.4 -1.4 -1.4 -1.4 -1.4 -1.4 -1.4 -1.4 -1.4 -1.4 -1.4 -1.4 -1.4 -1.4 -1.4 -1.4 -1.4 -1.4
-1.4 -1.4 -1.4 -1.4 -1.4 -1.4 -1.4 -1.4 -1.4 -1.4 0.1 -1.4 0.6 0.5 -1.4 -1.4 -1.4 -1.4 -1.4 0.1 3.1 8.2 17.7 22.8 31.6 35.7 37.7 42.1 42.1 43.3 50.3 45 47.2 39.3 37.8 39.9 40.8 39.1 38.4 35.5 37.7 30.7 25.9 23.2 24 25.3 25.8 24.1 22.4 22.1 19.5 17.2 20 14.9 16.7 14.7 13.9 10.7 7.6 3.4 2.4 6.6 3.3 1 -1.4 -1.4 -1.4 -1.4 -1.4 -1.4 -1.4 -1.4 -1.4 -1.4 -1.4 -1.4 -1.4 -1.4 -1.4 -1.4 -1.4 -1.4 -1.4 -1.4
-1.4 -1.4 -1.4 -1.4 -1.4 -1.4 -1.4 -1.4 -1.4 -1.4 16.3 21.3 25.5 27.7 -1.4 -1.4 -1.4 -1.4 -1.4 0.3 1.9 7.6 11.1 19.2 23.6 29.4 31 33.1 32.6 34.3 36.8 40.2 36.2 33.2 42.4 37.2 34.6 38.1 40.1 33.3 31.6 27.7 20.9 18.7 19.8 21.5 22.1 22.6 23 24.6 30 25.6 23.5 32 32 29.7 26.3 21.9 18.9 20.1 22.5 14.4 6 -1.4 -1.4 -1.4 -1.4 -1.4 -1.4 -1.4 -1.4 -1.4 -1.4 -1.4 -1.4 -1.4 -1.4 -1.4 -1.4 -1.4 -1.4 -1.4 -1.4 -1.4
-1.4 -1.4 -1.4 -1.4 -1.4 -1.4 -1.4 -1.4 -1.4 18.6 29.6 35.6 36.4 35.8 17.6 -1.4 -1.4 -1.4 0.5 1.3 0.9 4.2 11.7 17.4 20.2 22.6 22.9 23.9 23.8 22.3 27.5 28.1 37.3 27.8 34.2 40.5 32.6 36.9 35.1 29.4 23.5 12.4 14.3 15.6 17.1 19.5 20.8 25.8 36.4 39.4 34.6 35.4 34.7 38.8 38 38.3 35.4 33.6 28.1 26.8 21.6 12.3 5.9 -1.4 -1.4 -1.4 -1.4 -1.4 -1.4 -1.4 -1.4 -1.4 -1.4 -1.4 -1.4 -1.4 -1.4 -1.4 -1.4 -1.4 -1.4 -1.4 -1.4 -1.4
-1.4 -1.4 -1.4 -1.4 -1.4 -1.4 -1.4 -1.4 6.1 17.9 32.1 38.2 40.5 38.9 29.3 16.1 0.5 -1.4 2.3 7.4 3.3 1.8 7.2 12 14 17.3 14.9 14.9 14.7 15.3 19.7 21.1 22.4 16.7 21.9 29.8 26.9 33.3 29.1 23.1 15.8 12.5 12.5 17.6 29.2 27.2 26.1 37 38.7 39.8 42 39.6 40.2 42.6 40.4 37.3 42.7 40.5 30.8 29.9 32.8 24.4 13.4 -1.4 -1.4 -1.4 -1.4 -1.4 -1.4 -1.4 -1.4 -1.4 -1.4 -1.4 -1.4 -1.4 -1.4 -1.4 -1.4 -1.4 -1.4 -1.4 -1.4 -1.4
-1.4 -1.4 -1.4 -1.4 -1.4 -1.4 -1.4 2 11 11.3 32.5 36.2 41.7 39.9 36.1 24.4 19.3 2.5 9.9 12.8 5.2 2.1 1.9 4.4 6.1 10 7.9 7.8 7.7 9.8 13.5 9.3 8.9 10.5 10.9 10.8 10.4 21.8 23.6 16 11.7 13.4 15.5 23.3 30.5 35.9 34 40.5 40.6 40.5 38.7 37.8 37.9 43.6 52.2 45.8 41.4 40 28.9 23.7 20.9 16.1 7.4 -1.4 -1.4 -1.4 -1.4 -1.4 -1.4 -1.4 -1.4 -1.4 -1.4 -1.4 -1.4 -1.4 -1.4 -1.4 -1.4 -1.4 -1.4 -1.4 -1.4 -1.4
-1.4 -1.4 -1.4 -1.4 -1.4 -1.4 -1.4 -1.4 3.1 16.4 22.7 32.5 36.5 37.1 33.7 25.4 19.2 14.5 8.2 9.2 4.1 2.7 2.4 2.4 3.1 3.9 4.9 5.8 6 6.9 8 7.9 8.3 8.6 9.1 8.9 9.2 9.8 16.7 11.5 12.9 22.8 22.7 23.1 34.7 37.1 34.1 41.4 47.8 43.8 37.6 37.7 38 46.4 50.8 47.8 41 33.8 20.7 11.3 5.5 -1.4 -1.4 -1.4 -1.4 -1.4 -1.4 -1.4 -1.4 -1.4 -1.4 -1.4 -1.4 -1.4 -1.4 -1.4 -1.4 -1.4 -1.4 -1.4 -1.4 -1.4 -1.4 -1.4
-1.4 -1.4 -1.4 -1.4 -1.4 0.3 -1.4 10.7 12.7 16.1 22.8 23.4 34.2 33.5 28.7 23.8 18.3 12.8 8.1 6.3 3.9 3.1 2.9 2.8 3 3.7 4.8 6.4 6.5 6.8 7.9 8.7 8.7 8.8 9.1 9.9 10.4 10.8 11.5 12 20.4 27.1 24.3 32 38.8 37.7 34.6 38.2 38 37.5 37.4 38.5 38.3 39.5 40.4 40.2 35.2 25.9 11.8 -1.4 -1.4 -1.4 -1.4 -1.4 -1.4 -1.4 -1.4 -1.4 -1.4 -1.4 -1.4 -1.4 -1.4 -1.4 -1.4 -1.4 -1.4 -1.4 -1.4 -1.4 -1.4 -1.4 -1.4 -1.4
-1.4 -1.4 -1.4 -1.4 -1.4 2 19.1 13.7 13.2 13.7 16 19.4 23.8 24.5 24.7 21.7 17.2 11.5 6.8 4.5 3.4 3.3 3.3 3.1 3.1 4.3 5.6 6.9 7.4 8.2 9 9 9.5 9.7 11 13 13.6 15.8 16.3 20.5 31.3 29.6 25 42.4 40.8 38 34.6 35 36.7 36.9 35.8 34.7 37.3 36.4 30.7 28.2 18.1 5.4 -1.4 -1.4 -1.4 -1.4 -1.4 -1.4 -1.4 -1.4 -1.4 -1.4 -1.4 -1.4 -1.4 -1.4 -1.4 -1.4 -1.4 -1.4 -1.4 -1.4 -1.4 -1.4 -1.4 -1.4 -1.4 -1.4
-1.4 -1.4 -1.4 -1.4 -1.4 2.4 14.5 13.6 14.5 15 13.7 15.4 18.5 20.5 22.6 20.5 15.3 10.4 5.3 3.9 3.5 3.4 3.4 3.3 4 5.1 6.1 7.4 8.7 10.1 9.8 9.6 9.9 16.3 22.1 19.9 24.4 29 34.3 39.2 42.3 30 24.5 44.9 41.7 40.8 36.6 37.3 41.6 35.6 31.6 29.9 34.2 37.6 29.6 18.7 14.7 5.1 -1.4 -1.4 -1.4 -1.4 -1.4 -1.4 -1.4 -1.4 -1.4 -1.4 -1.4 -1.4 -1.4 -1.4 -1.4 -1.4 -1.4 -1.4 -1.4 -1.4 -1.4 -1.4 -1.4 -1.4 -1.4 -1.4
-1.4 -1.4 -1.4 -1.4 5.1 24 24.9 19.2 15.6 14.2 10.5 10.9 13.2 16 19.4 19.3 15 9 5.1 3.9 3.6 3.5 3.5 3.5 5.3 7.8 8.4 8.8 10.4 14 12.7 10.9 15.7 35.2 30.7 28.1 26.5 27.8 40.1 53.2 39.9 28.3 26.3 44.5 40.4 38.7 35.7 44.9 38.3 38.5 39.2 35.6 36.5 40.1 38.9 26.3 21 9 -1.4 -1.4 -1.4 -1.4 -1.4 -1.4 -1.4 -1.4 -1.4 -1.4 -1.4 -1.4 -1.4 -1.4 -1.4 -1.4 -1.4 -1.4 -1.4 -1.4 -1.4 -1.4 -1.4 -1.4 -1.4 -1.4
-1.4 -1.4 -1.4 1.1 13.3 23.7 35.6 24.4 15.4 12 6.4 8.1 10 11.9 15.4 16.9 15.4 11.4 6.9 4.3 3.8 3.8 3.9 4.3 6.1 8.9 11.5 14.4 21.8 33 42.5 43.2 39.2 37.1 35.9 25.8 26.4 45.6 55.8 52.1 39.4 26.4 27.5 30.4 30.1 32.6 28.3 37.5 38.3 37.3 34.3 32.3 35.1 37.7 21.8 13.6 7.6 -1.4 -1.4 -1.4 -1.4 -1.4 -1.4 -1.4 -1.4 -1.4 -1.4 -1.4 -1.4 -1.4 -1.4 -1.4 -1.4 -1.4 -1.4 -1.4 -1.4 -1.4 -1.4 -1.4 -1.4 -1.4 -1.4 -1.4
-1.4 -1.4 -1.4 0.5 25.2 26.7 24.9 17.9 12.4 3 3.2 5.8 8.3 10.2 13 15.3 16.3 14.6 11.8 7.9 4.7 4.5 4.6 5.8 7.6 9.5 13.2 31 38.6 43.2 50.9 50.6 42.5 38.2 29.1 27.3 41.1 49.9 51 43.4 33.2 25 25.6 28 27.8 28.8 35.3 39.3 37.9 31.8 30.3 31.5 25.7 22 15.9 7 -1.4 -1.4 -1.4 -1.4 -1.4 -1.4 -1.4 -1.4 -1.4 -1.4 -1.4 -1.4 -1.4 -1.4 -1.4 -1.4 -1.4 -1.4 -1.4 -1.4 -1.4 -1.4 -1.4 -1.4 -1.4 -1.4 -1.4 -1.4
-1.4 -1.4 -1.4 -1.4 12.9 17.9 16.9 5.7 -1.4 2 1.9 4.3 7.7 9.9 10.7 13 14.6 16.1 14.4 12.6 9.8 5.4 7 8 9 11.4 17.3 33.9 43.1 55.1 60.2 50.2 40.8 34.3 35.8 39.9 48.5 55.7 52.2 43 29.7 25.1 25.3 25.1 25.6 27.1 30.1 35 31.5 29.8 38.7 35.7 27 14.5 5.3 2 -1.4 -1.4 -1.4 -1.4 -1.4 -1.4 -1.4 -1.4 -1.4 -1.4 -1.4 -1.4 -1.4 -1.4 -1.4 -1.4 -1.4 -1.4 -1.4 -1.4 -1.4 -1.4 -1.4 -1.4 -1.4 -1.4 -1.4 -1.4
-1.4 1.1 -1.4 -1.4 -0.4 1.9 -0.3 -1.4 0 1.9 9.6 6.5 8.4 9.4 9.7 11.4 13.1 14.2 15.5 20.7 17.5 9.8 8.7 9.3 9.8 13.8 21.9 36.3 46.7 53.4 54.3 41.3 36.7 35.5 40.1 37.6 45.2 51.5 49 40.2 27.3 25.6 26.7 31.8 34.3 34.1 31.3 30.1 34.8 33.9 39.6 40 31.1 21.3 7.6 -1.4 -1.4 -1.4 -1.4 -1.4 -1.4 -1.4 -1.4 -1.4 -1.4 -1.4 -1.4 -1.4 -1.4 -1.4 -1.4 -1.4 -1.4 -1.4 -1.4 -1.4 -1.4 -1.4 -1.4 -1.4 -1.4 -1.4 -1.4 -1.4
-1.4 -1.4 -1.4 -1.4 -1.4 -1.4 -1.4 -1.4 10.9 14.3 14.9 9.4 9.4 9.9 10 10.2 11.5 12.5 14.2 24.7 23.7 12.8 8.3 9.6 10.8 15.7 22.1 36.2 42.6 43.2 39.5 39.4 33.8 32.4 33 43.9 41.5 43.6 40.1 30.2 27.6 26.4 25.1 25.3 26.8 30.6 36 40.5 41.8 45.2 39.6 30.8 25.6 12.3 -1.4 -1.4 -1.4 -1.4 -1.4 -1.4 -1.4 -1.4 -1.4 -1.4 -1.4 -1.4 -1.4 -1.4 -1.4 -1.4 -1.4 -1.4 -1.4 -1.4 -1.4 -1.4 -1.4 -1.4 -1.4 -1.4 -1.4 -1.4 -1.4 -1.4
-1.4 -1.4 -1.4 -1.4 -1.4 -1.4 -1.4 12.4 22.8 26.5 22.2 12.5 11.7 13 10.6 10.6 10.3 11 12.8 20.9 30.6 33.2 14.8 10.2 12 16.1 20.8 29.6 33.5 39.1 39 37.2 29.4 26 33.2 37.8 37.2 38.4 40.2 38.5 30.5 34.9 36 36.7 38 40.1 52.8 55.3 56.7 47.3 37.2 23.8 14.4 -1.4 -1.4 -1.4 -1.4 -1.4 -1.4 -1.4 -1.4 -1.4 -1.4 -1.4 -1.4 -1.4 -1.4 -1.4 -1.4 -1.4 -1.4 -1.4 -1.4 -1.4 -1.4 -1.4 -1.4 -1.4 -1.4 -1.4 -1.4 -1.4 -1.4 -1.4
-1.4 -1.4 -1.4 -1.4 -1.4 -1.4 0 2 20.2 27.3 32.8 24.4 19.8 23.9 17 12.3 10.9 10.9 12.6 17.7 26.7 27.2 21.2 14 14.9 18.7 26 32.3 34.4 35.9 35.1 30.2 24.5 29.5 29.1 33.1 45 41.2 38.9 36.4 30.6 34.2 37.7 42.3 52.5 57.1 56.2 46.2 39.1 40 28.1 17.3 6.3 -1.4 -1.4 -1.4 -1.4 -1.4 -1.4 -1.4 -1.4 -1.4 -1.4 -1.4 -1.4 -1.4 -1.4 -1.4 -1.4 -1.4 -1.4 -1.4 -1.4 -1.4 -1.4 -1.4 -1.4 -1.4 -1.4 -1.4 -1.4 -1.4 -1.4 -1.4
-1.4 -1.4 -1.4 -1.4 -1.4 -1.4 1.9 5.3 12.1 21.2 29.3 27.5 27.2 31.2 30.4 19.5 12.9 11.5 12.7 18.8 24 29.9 20.2 23.3 26.3 25.8 29.7 29.5 31.2 34.5 30 25.7 25.8 27 27.9 37.5 49.5 39.1 36 32.4 31.8 37.6 50.1 56.2 57.1 59 49.9 43.5 38.4 30.2 21.4 13.7 -1.4 -1.4 -1.4 -1.4 -1.4 -1.4 -1.4 -1.4 -1.4 -1.4 -1.4 -1.4 -1.4 -1.4 -1.4 -1.4 -1.4 -1.4 -1.4 -1.4 -1.4 -1.4 -1.4 -1.4 -1.4 -1.4 -1.4 -1.4 -1.4 -1.4 -1.4 -1.4
-1.4 -1.4 -1.4 -1.4 1.5 16.8 7.7 37 28.3 24 27 30.5 37.4 39.5 39.9 31 22.3 12.8 13.9 20.2 24.7 27.1 23.1 22.2 25.5 25 28.4 29 27 30.3 24.9 26.9 30.8 30 42.2 37.8 40.5 34.9 34.9 35.5 39.8 54.5 62.8 63.6 60.6 58.5 50 40.5 35.1 25.6 10.6 4.5 -1.4 -1.4 -1.4 -1.4 -1.4 -1.4 -1.4 -1.4 -1.4 -1.4 -1.4 -1.4 -1.4 -1.4 -1.4 -1.4 -1.4 -1.4 -1.4 -1.4 -1.4 -1.4 -1.4 -1.4 -1.4 -1.4 -1.4 -1.4 -1.4 -1.4 -1.4 -1.4
-1.4 -1.4 -1.4 -1.4 2 3.6 35.1 29.1 27.3 31.4 37.9 33.6 39.3 41.5 44.4 39.4 24.1 17.1 21 29.8 37.2 35.9 28.8 26.1 23.4 21.8 25 24.7 25.7 25.2 29.5 48.2 72.3 46.8 45.1 37 36.9 44.7 44.4 55.1 53.8 68.9 71.9 75 74.4 60.8 44.3 38.4 38.4 26.9 12.3 2.1 -1.4 -1.4 -1.4 -1.4 -1.4 -1.4 -1.4 -1.4 -1.4 -1.4 -1.4 -1.4 -1.4 -1.4 -1.4 -1.4 -1.4 -1.4 -1.4 -1.4 -1.4 -1.4 -1.4 -1.4 -1.4 -1.4 -1.4 -1.4 -1.4 -1.4 -1.4 -1.4
-1.4 -1.4 -1.4 -1.4 -1.4 5.7 14.4 30.2 34.7 38.1 37.1 32.7 37.2 39.7 42.2 37.1 26.2 26.8 31.2 37.1 37.8 34.5 37.2 36.1 29.6 31.7 34 29.8 39.9 38.9 57 78.7 69.9 49.2 42.8 37.6 48.6 52.4 61.1 65.5 63.7 70.6 72.6 72.3 69.8 63.8 51.1 44.9 34.9 22.6 15.1 7.4 -1.4 -1.4 -1.4 -1.4 -1.4 -1.4 -1.4 -1.4 -1.4 -1.4 -1.4 -1.4 -1.4 -1.4 -1.4 -1.4 -1.4 -1.4 -1.4 -1.4 -1.4 -1.4 -1.4 -1.4 -1.4 -1.4 -1.4 -1.4 -1.4 -1.4 -1.4 -1.4
-1.4 -1.4 -1.4 -1.4 -1.4 -1.4 1.9 14.6 28.7 27.7 31.9 36.9 40.6 40.2 38.3 36.4 33.1 37.7 38.1 40.3 40.6 45.3 64.5 83.6 43.5 41.9 41.2 52.5 77.8 69 86.9 75 58 50.6 47.5 44 53.6 55.2 60.5 65.8 66.8 77 76.2 81.3 83.2 69.4 45.5 31.4 27.3 23.8 16.7 10.3 -1.4 -1.4 -1.4 -1.4 -1.4 -1.4 -1.4 -1.4 -1.4 -1.4 -1.4 -1.4 -1.4 -1.4 -1.4 -1.4 -1.4 -1.4 -1.4 -1.4 -1.4 -1.4 -1.4 -1.4 -1.4 -1.4 -1.4 -1.4 -1.4 -1.4 -1.4 -1.4
-1.4 -1.4 -1.4 -1.4 -1.4 -1.4 1.4 31.7 42.9 55.1 41.5 57.2 51.7 54.7 44.6 40.9 38.4 50.8 50.6 46.1 50.7 62.2 98.5 90.6 52.6 54.8 74.9 110 115 107.3 97.5 84.9 70.8 64.9 57.3 48.8 58.2 60.6 71.8 71.1 64.1 77.9 78.9 78.4 71.4 44.7 34.3 30.3 23.5 13.5 -1.4 -1.4 -1.4 -1.4 -1.4 -1.4 -1.4 -1.4 -1.4 -1.4 -1.4 -1.4 -1.4 -1.4 -1.4 -1.4 -1.4 -1.4 -1.4 -1.4 -1.4 -1.4 -1.4 -1.4 -1.4 -1.4 -1.4 -1.4 -1.4 -1.4 -1.4 -1.4 -1.4 -1.4
-1.4 -1.4 -1.4 -1.4 -1.4 17.8 38 43.8 43.4 50.8 51.9 69.6 64.9 67.1 58.5 49.5 42.8 70.9 80.7 76.6 89.9 88.9 102.6 85 67.3 89.1 116.8 111.8 112.2 111.9 111.1 92.7 73.6 68.9 63.3 53.5 61.3 61 65 71.9 61.8 71.9 71.1 73 58.5 40.8 31.6 17.2 10.8 -1.4 -1.4 -1.4 -1.4 -1.4 -1.4 -1.4 -1.4 -1.4 -1.4 -1.4 -1.4 -1.4 -1.4 -1.4 -1.4 -1.4 -1.4 -1.4 -1.4 -1.4 -1.4 -1.4 -1.4 -1.4 -1.4 -1.4 -1.4 -1.4 -1.4 -1.4 -1.4 -1.4 -1.4 -1.4
-1.4 -1.4 -1.4 -1.4 -1.4 9 24.2 34.1 42.8 45.2 53.3 68.5 79.4 83.3 82 68.9 50.6 75.6 91.8 91.8 101.7 111.5 119.1 107.8 111.7 108.3 109.7 105.9 103.7 119.7 108.1 88.1 78 72.9 63.4 53.7 64.1 60.8 62 59.9 61.3 72.2 65.6 57.6 45.4 33.6 23 4.6 2.2 -1.4 -1.4 -1.4 -1.4 -1.4 -1.4 -1.4 -1.4 -1.4 -1.4 -1.4 -1.4 -1.4 -1.4 -1.4 -1.4 -1.4 -1.4 -1.4 -1.4 -1.4 -1.4 -1.4 -1.4 -1.4 -1.4 -1.4 -1.4 -1.4 -1.4 -1.4 -1.4 -1.4 -1.4 -1.4
-1.4 -1.4 -1.4 -1.4 -1.4 1.7 16.5 26.1 32 35 49.9 71.1 90 105.8 104.6 75.9 64.6 85.5 91.3 93.9 102.9 123.2 128.5 113.9 112.1 105.3 97.5 94 99.5 108.9 100.3 86.5 82.5 73.7 64 56.4 59.7 57 57.4 60.3 61.2 62.3 56.6 48 37.6 27.8 16.5 13.1 2.4 -1.4 -1.4 -1.4 -1.4 -1.4 -1.4 -1.4 -1.4 -1.4 -1.4 -1.4 -1.4 -1.4 -1.4 -1.4 -1.4 -1.4 -1.4 -1.4 -1.4 -1.4 -1.4 -1.4 -1.4 -1.4 -1.4 -1.4 -1.4 -1.4 -1.4 -1.4 -1.4 -1.4 -1.4 -1.4
-1.4 -1.4 -1.4 -1.4 -1.4 2.8 2 17.2 30.9 40.4 46.1 57.8 78.3 95.8 98.8 73.5 84.8 113 104.3 101 114.7 129.7 123.4 109.6 100.6 94.4 88.3 87.4 95.1 104.3 99.4 85.4 80.5 75.2 65.2 58 59 58.4 55.3 54.9 57.9 55.4 46 38.8 34.3 33 25.9 21.1 11.6 3.8 -1.4 -1.4 -1.4 -1.4 -1.4 -1.4 -1.4 -1.4 -1.4 -1.4 -1.4 -1.4 -1.4 -1.4 -1.4 -1.4 -1.4 -1.4 -1.4 -1.4 -1.4 -1.4 -1.4 -1.4 -1.4 -1.4 -1.4 -1.4 -1.4 -1.4 -1.4 -1.4 -1.4 -1.4
-1.4 -1.4 -1.4 -1.4 -1.4 -1.4 -1.4 1.2 12.8 32.2 47.9 50.5 70.1 84.5 78.5 67.5 92.8 119.6 136.1 122 126.2 125.8 113.3 100.8 85.6 85.2 85.9 87.5 97.5 101.3 91.8 83.9 82.9 76 66.3 57.4 55.4 58.4 54.8 54.1 53.6 48.2 40 34.2 31.5 29.4 25.5 16.4 10 2.9 -1.4 -1.4 -1.4 -1.4 -1.4 -1.4 -1.4 -1.4 -1.4 -1.4 -1.4 -1.4 -1.4 -1.4 -1.4 -1.4 -1.4 -1.4 -1.4 -1.4 -1.4 -1.4 -1.4 -1.4 -1.4 -1.4 -1.4 -1.4 -1.4 -1.4 -1.4 -1.4 -1.4 -1.4
-1.4 -1.4 -1.4 0.5 1 -1.4 -1.4 -1.4 1.4 14.6 34.9 46.5 52.3 67.8 58.3 63.9 103.6 129.9 139.6 123.9 118.7 114.4 105.6 91.4 79.5 82.6 86.2 88.2 92.8 91.5 91.1 80.7 80.7 72.8 64.2 55.8 54.7 54.9 56.3 58.4 52.2 56.2 60.5 38.4 32.5 27.2 20.7 13.1 3 -1.4 -1.4 -1.4 -1.4 -1.4 -1.4 -1.4 -1.4 -1.4 -1.4 -1.4 -1.4 -1.4 -1.4 -1.4 -1.4 -1.4 -1.4 -1.4 -1.4 -1.4 -1.4 -1.4 -1.4 -1.4 -1.4 -1.4 -1.4 -1.4 -1.4 -1.4 -1.4 -1.4 -1.4 -1.4
-1.4 -1.4 -1.4 -1.4 -1.4 -1.4 -1.4 -1.4 1 5.4 10.7 34.2 43.2 48.6 47.8 54.8 94.7 123.8 128.9 116.4 112.2 103.8 93.1 79.2 75.3 79.6 82.5 91.6 97.9 89.7 82.4 74.6 73.2 68.3 60.9 57.1 56.4 60.2 67 74.9 80.6 79.8 52.4 43.7 36.1 27.8 14.7 6.3 2.3 -1.4 -1.4 -1.4 -1.4 -1.4 -1.4 -1.4 -1.4 -1.4 -1.4 -1.4 -1.4 -1.4 -1.4 -1.4 -1.4 -1.4 -1.4 -1.4 -1.4 -1.4 -1.4 -1.4 -1.4 -1.4 -1.4 -1.4 -1.4 -1.4 -1.4 -1.4 -1.4 -1.4 -1.4 -1.4
-1.4 -1.4 -1.4 -1.4 -1.4 -1.4 1.4 7.1 6.4 7.3 10 10.6 32.1 48.4 39.3 50.3 83.1 102.9 109 93 96.6 92.3 80 72.5 75.1 83.2 90.3 95.4 87.6 80.4 73.7 73.4 74.5 73.5 79.3 72.2 69.7 81.4 91.1 81 77.6 67.3 47.4 43.4 40.7 34.8 26.3 11.3 -1.4 -1.4 -1.4 -1.4 -1.4 -1.4 -1.4 -1.4 -1.4 -1.4 -1.4 -1.4 -1.4 -1.4 -1.4 -1.4 -1.4 -1.4 -1.4 -1.4 -1.4 -1.4 -1.4 -1.4 -1.4 -1.4 -1.4 -1.4 -1.4 -1.4 -1.4 -1.4 -1.4 -1.4 -1.4 -1.4
-1.4 -1.4 -1.4 -1.4 -1.4 -1.4 1.9 2 1.9 2 11.3 14.3 11.7 29.9 29.3 56.6 55.4 78.5 87.7 66.3 75.8 78.8 73.3 71.5 74 80.8 83.5 86.2 79.5 74.5 72.2 74.3 86.2 89.9 95.5 88 83.5 90.6 84.1 69.8 55.4 48.6 43.6 41.4 31.9 20.5 11 -1.4 -1.4 -1.4 -1.4 -1.4 -1.4 -1.4 -1.4 -1.4 -1.4 -1.4 -1.4 -1.4 -1.4 -1.4 -1.4 -1.4 -1.4 -1.4 -1.4 -1.4 -1.4 -1.4 -1.4 -1.4 -1.4 -1.4 -1.4 -1.4 -1.4 -1.4 -1.4 -1.4 -1.4 -1.4 -1.4 -1.4
-1.4 -1.4 -1.4 -1.4 -1.4 1.3 2 2 2 9 7.5 9.9 10.9 15 33.8 40.1 46.6 55.1 66.4 54.7 55.4 65.5 67.6 68.7 71.6 74.5 76.9 79.3 72.8 72.6 77.6 94.2 95.6 91.7 88.9 89.1 80.4 73.8 60.2 43 39.7 41.5 41.1 34.5 26.1 18.8 9.9 -1.4 -1.4 -1.4 -1.4 -1.4 -1.4 -1.4 -1.4 -1.4 -1.4 -1.4 -1.4 -1.4 -1.4 -1.4 -1.4 -1.4 -1.4 -1.4 -1.4 -1.4 -1.4 -1.4 -1.4 -1.4 -1.4 -1.4 -1.4 -1.4 -1.4 -1.4 -1.4 -1.4 -1.4 -1.4 -1.4 -1.4
-1.4 -1.4 -1.4 -1.4 -1.4 0.7 2 2 7.2 18.5 19.3 15.5 7.8 10 13.3 20.8 28.7 31.9 38.7 47.7 53.5 61.5 68.7 72.8 73.5 73.1 72 72.8 73.3 75.8 79.7 86.8 92.3 92.6 89.1 83.8 63.9 54.1 45.6 37.9 33.4 31.5 26.2 23.9 21.2 12.6 1.9 -1.4 -1.4 -1.4 -1.4 -1.4 -1.4 -1.4 -1.4 -1.4 -1.4 -1.4 -1.4 -1.4 -1.4 -1.4 -1.4 -1.4 -1.4 -1.4 -1.4 -1.4 -1.4 -1.4 -1.4 -1.4 -1.4 -1.4 -1.4 -1.4 -1.4 -1.4 -1.4 -1.4 -1.4 -1.4 -1.4 -1.4
-1.4 -1.4 -1.4 -1.4 -0.3 0.8 1.9 1.9 16.9 21.6 22.7 22.2 17.6 12.3 11.5 12.5 16.6 20.9 42.8 46.3 63.2 67.1 72.2 68.6 62.8 61.7 58.3 67.1 73.4 78.8 86.9 93.8 93.7 92.5 86.5 69.1 46.7 48.4 40.6 32 25.7 16.1 13.1 14.7 12.6 -1.4 -1.4 -1.4 -1.4 -1.4 -1.4 -1.4 -1.4 -1.4 -1.4 -1.4 -1.4 -1.4 -1.4 -1.4 -1.4 -1.4 -1.4 -1.4 -1.4 -1.4 -1.4 -1.4 -1.4 -1.4 -1.4 -1.4 -1.4 -1.4 -1.4 -1.4 -1.4 -1.4 -1.4 -1.4 -1.4 -1.4 -1.4 -1.4
-1.4 -1.4 -1.4 -0.6 0.2 1 2 10.4 18.7 24.9 26.3 24.6 22.2 17.3 16.1 18.8 23.3 27.4 39.2 51.7 68.8 78.1 80.2 69.9 59.9 57.4 54.1 59.3 60.4 58.6 66.9 77 85.1 83 76.2 47.6 41 40.2 30.4 22 9.9 -1.4 -1.4 -1.4 -1.4 -1.4 -1.4 -1.4 -1.4 -1.4 -1.4 -1.4 -1.4 -1.4 -1.4 -1.4 -1.4 -1.4 -1.4 -1.4 -1.4 -1.4 -1.4 -1.4 -1.4 -1.4 -1.4 -1.4 -1.4 -1.4 -1.4 -1.4 -1.4 -1.4 -1.4 -1.4 -1.4 -1.4 -1.4 -1.4 -1.4 -1.4 -1.4 -1.4
