data/140000-830000.asc
ncols 200
nrows 200
xllcorner 140000
yllcorner 830000
cellsize 50
[rows 70 to 104 of 200, columns 79 to 157 of 200]
292.6 298.9 300.9 298.4 293.9 291.6 290.5 286.9 284.2 278.3 268.9 259.9 258.8 239.7 229.3 220.6 211.8 200.3 190 183.3 176.8 174.2 171.7 169.5 168 168.2 168.9 168.2 168.5 161.3 159.1 160.4 159 154.8 151.6 152.4 151.5 149.7 147.4 145.1 145.3 144.9 144.9 148.1 152.1 156.8 161.4 166.9 171.1 171.9 171.7 170 162 156.7 153.3 148.6 145 140.4 135.7 130.8 128.6 125.2 119.6 110.3 104.5 97 88.5 82.3 77.4 72.3 64.3 59.4 60.3 71.1 76 81.5 86.1 92.3 96.2
299.5 299.7 300.9 299.8 299.7 297.6 296.8 294.8 289.3 282 273.3 268.8 267.8 251.4 238.3 225.8 217.4 206.4 199.4 195 187.7 184.1 180.7 179.3 176.2 175.4 175.2 173.6 170.8 169.2 166.4 165.2 162.7 159.4 160.6 159.1 157.1 154.1 150.7 149.5 149.7 151.7 152.5 155.3 156.2 158.9 161.9 165.7 168.4 169.9 168.4 165.6 161 156.6 152.7 148 144.7 142 138.6 136.6 132.7 129.4 121.8 111.8 105.1 99.2 89.8 84.5 80.4 73.3 60.9 60.5 63.2 72.4 78.5 85.6 89.8 91.6 96.4
301.9 300.3 303.8 304.6 304.8 303.8 302.6 300.2 294.4 285.3 279.3 275.7 275.5 264.9 246.2 234 228.8 216.8 210.2 205.1 198.4 194.6 189.6 182.6 183.9 184.1 180.3 179.1 175.8 175.4 174.1 172 171.9 172.4 171.4 168.1 163.7 158.9 155.1 156.1 160.6 165.2 168.9 167.7 164.9 166.3 166.4 167.9 168.8 168.2 165.7 163.3 158.6 156.3 155.6 153.3 148.3 145.4 144.2 141.9 138.2 131.1 122.5 113.1 106.5 100.8 96.7 90 82.9 72.6 62.3 61.2 66.2 73.6 80.5 88.7 94 94.8 98.4
307.8 302.6 306.6 309.1 310.7 310.5 308.1 305.7 300.1 290.6 284.7 282.1 278.6 265.9 251 241.9 235.5 225.5 218.9 213.2 207.1 201.8 194.2 194 193.3 193.4 191.9 189.2 185.3 182.1 182.1 178.1 180.4 181.7 179.2 175.4 172.6 167.9 166.2 167.9 169.7 174.8 178.2 178.7 175.2 173.8 172.6 173.4 171.4 169.7 166.8 166.3 163.8 161.3 160.8 158.1 150.6 152.2 150.1 145.4 138.2 130.2 122.1 114.1 107.9 100.9 98.1 90.2 82.1 72.1 65.1 61.6 67.3 74.1 82 89.6 95.2 97.7 102
312.2 307.3 306.8 309.2 315.7 320.6 316.6 312.8 309.4 298.3 292.5 289.2 284.6 270 260 250.9 243 235.4 228 222.4 217.9 207.8 199.3 196.2 201.2 203.4 202.9 200.4 201.7 195.2 191.2 187.1 190.3 191.4 188.4 185.5 183.4 175.8 178.3 177.4 179.1 183.3 186.4 188.2 191 185.8 182.4 180.1 177.1 173.5 171.2 169.5 168.5 165.2 162.1 161.1 157.8 154.2 151.4 145.7 137.6 128.5 121.7 115.1 112.7 110.7 101.3 91.2 79.6 72.3 66.2 62.9 69.1 70.6 80.2 87.1 94.7 100.5 104.8
311.1 310.7 310.4 312.7 319.8 328.3 322.6 323.4 318.3 307.1 298.9 295.3 289.8 279 266.8 257.4 250.6 243.6 234.6 230.3 221.6 211.6 202.7 204 211.8 214.9 214.4 213.3 217.7 213.5 203.3 196.6 200.5 200.8 198.2 201.3 193.8 183.3 186.4 188.5 187.7 192.3 197.4 202 201.9 196.5 191.5 188.3 182.3 177.6 175.1 172.7 170.6 168.1 164 161.3 159.9 156.5 152.6 145.5 136.1 126.1 120.2 116.1 113.1 111.7 101.3 87.4 76.3 65.6 64.2 65.1 73.1 79.3 86.3 91.9 95.7 98.1 106.7
310.5 314.4 315.5 315.5 320.7 324.6 332.4 336.7 334.1 317.8 305.7 301.1 293.8 286.9 274.5 264.7 257.2 253.8 241.8 233.6 224.1 213.9 208.3 212.1 219.7 222.9 226.1 224.9 227.2 225.8 216.4 211 213.9 208.2 203.1 204.7 203.8 192.7 198.8 204.4 203.1 203.7 213.9 228.5 217.1 210.1 202.4 195.9 187 181 176.7 173.5 170.5 169.2 167.3 165.1 160.9 157.1 151.5 142.2 132 122.4 117.7 115 112.1 106.6 95.3 82.7 73.5 64.4 64.8 68 75.9 83.4 90.8 96.5 102.2 105.5 103.5
314.2 318.8 319.3 318.1 322.4 326.3 334.1 339.7 343.8 329.1 310.2 304.7 298.9 288.3 278.9 271.5 264.8 261.4 251.4 237.1 228 219.9 219.9 219.7 223.3 231.1 234.5 235.5 238.3 237 228.5 224.2 226.4 222 216.3 211.9 211.5 209.2 211.9 215.2 220.1 217.6 227.1 239.9 240.3 223.7 212 203.1 193.1 185.8 178.6 174.3 169.6 170.1 170.6 167.1 162.5 157.7 151.3 143.7 133.9 122.5 112.9 108.8 103.9 97.2 88 80 71.2 65.5 66 70 78.2 84.6 92.8 99.9 105.8 111.2 111
315.8 320.8 323.7 325.4 326.6 329.5 336.1 341.8 347.7 341.2 318.1 309.4 300.3 289.8 283.2 276.6 271.2 263.6 252 242.5 235.6 227.1 229.3 227.2 230.1 235.8 239.3 243.7 241.7 246.4 242 240.4 243.3 232.2 228.7 222.1 223.9 220 214.1 217.6 222.3 225.5 232.7 244.4 249.3 236.4 223.3 208.2 198 189.2 181.2 175.9 171.8 172.6 170.7 168.8 163.7 159.5 153.4 145.4 135.9 127.1 115.1 109.4 99.6 90 86.5 80.1 71.5 67.8 65.8 73.9 81.3 86.7 93.4 100.6 107.3 112 113.3
309.7 318.7 331.8 338 334.6 335.6 340.3 345.1 350.8 344.2 323.3 312.5 303 294.8 287.1 281.1 274.6 266.3 262.9 249.4 241.7 239 237.4 235.7 238.3 239.1 244.7 247.8 247.3 248.1 248.8 247.5 248.7 244.9 237.6 230.6 229.8 228.6 218.3 223.1 230.1 241.2 238.6 251 251 246.5 228.2 213.3 200.5 191.3 183.5 176.6 174.1 174.7 173 170.3 166.4 161.2 154.8 146.7 137.7 129.2 117.8 111.1 102.7 96.4 91.9 83.6 73.2 67.9 66.6 74.4 82.3 89.6 95.8 102.4 107.1 111.9 115.5
310.2 321.1 332.4 344 346.5 343.3 346.5 346.7 351.8 343.6 324.2 314.4 306.7 298 287.8 283.5 276 272.6 268 257.9 248.5 249.7 245.9 247.6 246.2 246.3 246.1 249.7 251.2 252.9 254.3 253.8 252.5 251 244.9 236.4 231.6 229.2 226 226.3 231.4 239.1 247.5 251.3 254.3 249.6 234.5 220.9 201.8 192.6 184.6 177.9 175.9 176.6 175.5 172.1 166.4 161 155.6 147.4 139 129.7 119.2 109.5 103.9 98.4 90.7 81.1 72 68.3 67.8 69.6 81.3 91.2 99.4 103.7 107.4 111.2 116
313.6 322 332.7 348.5 356.5 351.3 349.2 347.4 350.7 339 327.1 317.1 306.5 297.5 288.7 283.5 278.5 279.6 276 267.8 255.6 257.5 256.3 258.7 254.7 252.4 251.4 253.3 254.7 256.8 258.1 259.4 258.1 257.2 255 245 237.1 231.5 228.2 228 230.3 235.8 242.8 252 254.2 249.1 242.2 225.4 203.5 194.6 186.8 180.4 178.8 178.4 178.9 176.1 167.6 161.1 155.3 146.4 138 129.9 119.2 109.5 103.9 99.8 92.4 80.8 74.7 71.1 68.7 68.3 80.5 89.3 99 103.8 109.2 112.5 116
313.6 321.2 331.7 347.3 362.1 356.9 349.1 349.1 351 338.7 327.8 318.2 309.3 300.7 291.6 285.2 284.4 283.2 283.2 275.7 262.6 264.6 265.7 263.9 262.4 260 256.6 256.8 258.6 260.6 262.2 263.4 262.2 259.3 255.9 251.7 240.7 233.1 230.1 230 235.1 237.5 242.6 248.3 251.5 248.6 240.8 224.5 209.5 197.4 189.3 184.1 181.1 180 180.6 177.2 171.2 162.9 154.7 146.4 138.6 129.7 119.4 109.9 102.9 101.1 92.6 82.5 74.9 70.5 70.1 69.8 85 93.8 99.1 105.8 110.9 114 117.2
317.1 323.5 331.7 346.8 361.8 359 349 353.9 350.4 337.9 328.1 318.7 311.6 303.6 295.8 287.9 289.2 286.7 288.2 281 272.9 269.1 270.7 270.9 270.6 269.1 262.1 261.5 262.6 264.5 266 267 265.4 261.4 257.3 252.4 243.5 236.7 232.6 233.7 236.5 237.9 242.5 248.6 249.8 250.1 242.3 227.7 214.1 203 193.2 187.5 183.5 181.3 179.1 175.6 170.4 164.3 154.9 147.5 139.6 130.1 121 109.3 102.5 96.2 91.1 82.1 73.9 69.3 69.8 77.4 83.3 95.5 100.6 107.1 112.2 115.5 118.7
324.3 329.5 333.7 344.7 358 353.5 348.9 349.3 351.7 337.8 331.4 319.9 311.3 306.2 301.5 293.6 293.2 291.9 291.8 290.5 281 272.9 273.7 276.5 276.7 273.2 268.5 265.9 266.3 268.5 269.8 270.4 268.7 264.2 258.3 253.3 247.6 239.9 235.2 236.4 237.8 240.6 242.4 251.6 253 251.8 245.6 233.9 220.7 210.9 197 190.7 185 181.2 178 175.5 170.4 163.6 155.7 148.6 140.1 130.4 120.6 110.1 103.4 95.9 87.4 76.7 70.7 70.2 74.2 82.5 92.7 94.9 99.5 106.9 111.5 116.3 121.8
333.7 339.9 343.9 346.5 351.8 349.5 344.6 349.2 349.7 337.3 333.1 321 313 307.5 302.7 299.8 297.5 296.5 296.2 294.6 286.4 274.7 276 278.4 280 278.9 276.5 273.4 271.2 272.9 274.2 274.3 271.7 267.7 259.5 254.6 250.2 244.5 241.2 238.2 237 239.3 241.9 249.7 259.5 255.1 252.7 239.7 227.4 217.8 200.8 191.1 184.1 180.6 177.3 174.7 169.3 162.9 156.2 149.1 139.9 130 120.5 111.9 103 93.9 83.5 75.2 74.3 73 79.3 86 91.4 98.2 105.4 109.1 110.6 117.1 123.4
331.9 341.1 351 346.4 342.5 342.7 339.2 342.3 341.7 339.7 334 324.1 315 310.3 304.4 300.5 299 299.2 299.9 299.2 289.2 278 277.9 282.1 285.7 285.6 284.4 283.9 279.9 278 277 276.4 275.8 269.5 259.9 255.5 251.4 248.7 243 239.7 236.3 238.7 241 244.6 254.2 260 259.6 244.4 234.3 224.4 206.4 193.5 185.1 180.6 176.5 173.5 168.3 161.6 155.1 148.1 139.6 129.7 119 111 100.5 90.2 78.8 74.4 75.1 76.6 84.8 91 98.3 101.3 109.9 115.9 114 118.8 125.1
331 342.4 351 341.5 336 333.6 333.6 338.2 336.2 336.9 336.7 327.5 316.9 312.5 308.5 302.5 300.5 300.5 300.6 300.8 291.5 281.8 279.6 285.5 292.6 291.2 291.8 295.1 285.9 280.6 277.6 276 276.5 269.7 260.8 256.1 253.1 251.5 247.5 240.1 236.6 238.1 241.2 244.5 250.5 256.7 257.7 244.3 242.6 227.7 211.2 195.2 183.3 181.5 177.9 173.6 168.5 159.9 150.7 143.7 137.4 128.3 117 109.4 97.4 88.9 90.8 73.8 75.3 81.8 88.6 96.9 104.4 108.2 115.9 120.3 118.1 122.9 129.2
326.5 337 343 335.5 330.4 328.9 331.4 336.7 332.2 333.4 334 326.6 318.8 313.6 308.6 304 300.6 300.8 300.9 300.9 293.1 286.5 280 288.5 297.1 298.2 293.6 299.2 285.7 280.1 276.7 275.2 272 267.3 261.1 256.5 253.3 250.8 251 238.7 235.7 236.5 240.4 244.1 249.5 250.1 252.7 243.3 240 229.6 214.8 197.1 183.5 182.3 177.3 173.6 168.7 160.4 152.3 143.3 135.4 124.4 114.9 107.4 98.3 91.3 91.2 87.1 74.6 84.2 92.1 101.3 108.9 111.8 119 123.2 126.2 128.4 128.9
326.4 333.7 335 330.6 328.2 324.2 331.7 333 329.2 328.4 330.8 325.6 319.4 311.9 307.6 303.3 300.1 300.1 300.2 300.8 291 286.9 282.8 290.2 298.3 299.5 292.3 294.5 284.8 279.3 276 273.3 269.5 264.8 259.9 255.1 252 249.1 247.5 238.3 235.1 234.2 238.7 243.3 249.3 250.6 249.2 243 240 231.3 216.8 202.9 188.7 182.5 176.6 171.1 165.3 158.5 152.3 143.1 133.9 123.3 111.7 105.1 100.3 98.7 94.9 88.9 77.5 86.7 96.3 105.9 112.3 117.4 119.1 123.5 129.3 134 132.8
323.4 327.5 327.1 325.2 325.1 320.4 324 324.7 325.3 324.7 325.2 321.4 317.8 311.6 306.8 302.6 300.6 299.4 300.1 300.9 290.8 287.3 285.3 287.9 295.2 296.2 291.1 288.2 282.9 278.7 275.6 270.6 266.9 262.2 257.3 252.5 249.1 245.2 240.9 236.3 233.7 232.6 238.5 245.4 251.1 257.4 252.5 243.4 240.5 231.4 218.5 203.5 190 182.2 176.5 168.8 163.1 157.9 149.8 140.9 129.2 120.3 109.8 107.1 101.9 101.1 97.1 86.2 77.9 89.7 98 107 114.4 121 121.1 124.3 129.9 134.7 136.2
317.9 319.5 320.4 320.6 322.1 319.2 316.7 319.5 318.6 320 321 317.7 313.7 309.4 305.4 301.2 298.8 296.6 299.1 299 292.3 288.8 287.7 288.2 291.8 293.8 288.1 284.8 281.1 277.2 273.4 269.3 264.4 261.1 257 253.4 247.6 243.1 240.1 235.8 232.2 234.5 239.4 245.5 252.4 258.1 254.4 245.6 251.1 234.1 219.1 203.3 189.9 178.2 172.5 167.3 161.7 154 145.7 138 128.6 121.7 116.3 110.1 109.3 101.9 93.8 80.3 80.5 91.2 99 107.6 115.2 120.8 122.9 125.6 129.1 132.9 136.5
310.8 311.3 313.1 316.5 319.6 316.5 310.3 313.5 312 314.2 314.5 309.7 310.2 306.9 302.6 298.6 294.5 292 292.9 293.6 293.2 288.9 287.3 286.9 288 290.2 285.2 282.6 281.9 277.4 274.9 272.2 268.8 266.2 257.8 255.1 250 245.7 241.5 237.9 231.6 231.5 239.4 250.4 252.4 254.7 251 245.7 250.8 231.1 218.1 202 186.8 176.2 169 164.8 159.3 150.9 143.6 135.3 127.5 122.4 118.2 113.8 111.2 101.1 88.8 80 83.8 91.7 98.9 107 115.3 120.7 124.5 127.3 129.7 134.1 138.4
305 304.9 308.7 313 315.3 313.6 309.3 306.3 305.6 307.5 308.1 305.2 304.7 302.4 300.6 295.3 290.7 288.7 289.2 291.5 293.1 288.9 287.9 287.1 288 286.1 284.1 283.7 283.6 281.1 277.4 274.7 272.4 269.9 261.6 257.4 252.8 248.1 243 239 231.6 232.2 241.2 252.1 255.5 251.5 247.8 246.4 250.5 225.8 213.2 200.1 185.9 174.1 166.4 160.9 156.1 148.7 141.3 132.7 127.3 122 118.9 116.3 108.5 94 86.8 80.9 85.3 92.7 101 107.6 114.6 120.1 124.3 128 131.6 136.3 140.8
300.3 300.1 304.9 309 310.8 310.7 304 300.6 299.9 301.2 301.1 299.6 299 297.9 295.5 292 286.7 283.7 286 290.6 290.3 287.4 286.5 292.2 285.4 284.8 284.6 283.4 283 281.5 278.7 276.2 275.3 270.9 267.9 261 256.1 249.2 243.7 238.4 232.8 231 239.1 249.4 250.6 247.5 241.8 240.3 232.3 221.9 207.5 194.8 183.2 172.1 163.9 157.5 153.9 141.6 137.3 132 126.6 121.6 121 113.6 100.5 89 84.6 82.1 85.6 94.4 102.6 108.2 114 121 125.4 129 131.7 136.9 142.4
294 295.5 299.9 303.9 307.1 305.3 301 296.9 295.5 296.5 294.6 292.8 293.3 293.2 290.5 287.7 282.8 277.8 281.3 289.4 288.4 286.5 287.4 288.6 285.2 285.3 285.1 284.1 282.2 279.4 276.7 277.7 279.4 274.6 273.5 264.2 259.5 252.4 242.1 236.9 233.2 228.1 236.1 243.8 243.9 240.8 239.3 232.8 224.3 215.9 201.1 191.9 179.8 170 160.8 155.3 151.7 139.3 134.5 130.6 123 120.8 111.9 101.2 92.2 87.5 84.5 82.8 86.2 96.5 102.5 108.3 113.9 121.7 126.4 129.6 132.3 136.7 142.2
289.3 290.2 294 298.1 300.3 298.8 294.9 290.7 288.5 290.3 289.1 288.1 288.8 290.2 283.1 281.1 277.3 270.8 275.3 280.4 280.5 284.7 287.3 284.9 285.8 285.3 286 286.6 282.6 278.2 275.8 277 279.5 278.7 280.2 270.5 263.2 254.5 240.7 236.7 233 227.2 232.3 239.6 237.8 236.1 235 229.3 219.4 207.9 198.9 188.2 176.3 167.2 158 153 148.5 137.8 132.7 130.1 121.7 120.7 108.9 97.8 88.9 86.9 84.1 83.4 87 98.2 103.8 108.3 113.8 122.5 127.4 130.3 132.9 136.4 140.4
283.6 285 287.3 290.6 292.5 292.3 289.5 285.8 282.4 284.2 283.7 283.2 283.7 282.3 276.8 274 270.3 267.4 270.5 273.3 276 280.6 284.5 284.2 285.5 285.6 289.4 290.7 286.5 278.5 274.7 274.5 276.1 277.9 287.3 273.4 260.4 252.1 243.3 236.8 231.9 226.1 225.4 228.8 231.1 230.7 231.2 225.5 217.1 204.5 194.1 182 172.4 164.3 155.5 149.8 145.8 137.6 131.7 130.3 129.4 120.5 108.8 94.9 88.5 87 84.8 84.1 86.2 97.9 102.8 106.8 112.6 123.2 128.3 130.6 132.3 137.1 139.7
275.6 278.9 279.8 281.9 283.6 284.5 283.7 282.7 280.7 279.2 279.5 278.5 278.5 276.3 271.3 269 266.5 264.6 267 269.3 272.3 276.6 284.4 283.9 283.6 286.3 290.4 290.5 286.5 278.9 274.1 274.4 273.4 275.7 285.1 271.4 258.6 249.3 243.9 235.7 232.4 225.5 222.4 223.5 226.9 228.7 227.1 222.3 219.9 201.4 188.2 178.1 168 160.8 153.7 147.1 141.6 136.3 131.4 131 123.4 115 103 91.7 86.6 86.1 85.1 87.2 89.6 92.6 101.3 110.6 120.3 117.8 122.4 128.6 132.6 137.2 139.4
267 270.5 273.6 275 277.4 277.3 278.4 278.4 280.6 280 274.7 274.4 273.7 270.4 267.8 265.5 262.9 261.3 261.7 265.7 269.5 274.8 278.7 282.3 283.2 284.5 289 290.3 285.7 281.5 277.7 275.7 271.7 270.4 269.8 262.5 257 249.1 240.2 231.5 227.4 222.8 217.9 220.4 223.9 224.6 223 219.3 214.9 195.5 182.1 171.9 164.6 157.4 150.8 146 140.5 136 131.7 126.8 118.3 108.6 96.1 89.6 91.6 92.2 93 93.9 97 96.6 102.3 110.6 119.1 126.1 129 125.3 129.9 133.2 136.6
266.2 265.5 268 267.9 269.2 271.1 273.1 275.8 277.1 274.9 270 270.5 270.9 264.3 262.6 260.7 259.7 260.3 260.8 263.5 267.3 271.3 274.3 277 280.3 281.6 284.8 286.5 286.9 280.6 273.1 269.1 266.3 263.8 261.5 257.2 251.7 245.5 234.9 228.2 221.5 215.2 212.8 218.8 219.9 221.1 218.4 210.7 200 187.9 177.1 167.9 160.2 152.6 147.7 142.9 138 133.2 129.1 120.4 113.1 105.2 95.3 91 96 97 97.9 97.9 98.6 97.4 101.6 109.2 116.8 123.1 127.4 127.6 130.7 133.4 137
262.7 257.4 259 261 261.9 264.4 268.1 272.5 273.4 271.2 266.9 264.4 259.5 258.7 258.4 257.9 257.9 258.4 260.9 261 263.7 266.5 268.9 271.6 274.8 277.5 280 283.9 287.3 280.7 275.6 269.6 262.7 258.7 255.3 251.4 244.9 237.8 228 223.4 219.1 212.1 212.2 215.1 216.2 215.5 212.7 204.9 190.2 182 173.5 163.9 155.9 149.7 144.7 139.5 135.1 130.5 124.7 119 111 103 93.2 94.7 98.8 100.4 101.8 101.6 100 100.2 104.2 110.3 116.4 123.7 127.9 131.3 137.6 139.2 139.3
257.5 251.2 252.6 254.3 253.6 256.6 263.2 268.6 268.6 267.3 263 257.5 253.8 253.2 253.6 252 252 254.1 260.8 260.8 259.9 262.3 264.6 267.4 270.2 272.2 277.1 280.8 283 281.9 278.8 270.5 263.8 257.8 249.5 245.1 239.4 229.9 223.7 219.8 215.6 207.9 206.3 211.3 211.8 210 206.8 199 186.1 177.2 169.3 161.9 152.6 146.3 140.6 136.2 132.3 127.3 119.9 116.7 110 99.9 91.2 96.1 99.7 103 104.5 103.7 100.6 101 105.4 112.1 118.3 124.1 129.1 135.2 139.2 139.4 139.8
249.1 246.1 246 248.6 248 251.6 258.2 262.2 262.1 261.4 258.5 252.4 250.5 250.9 250.9 248.3 248 252.2 259.4 260.3 258.7 259.8 261.8 263.7 268.2 272 275.9 281.2 283.5 285.8 282.9 273.8 264.8 256.6 248.1 241.4 231.6 224 219 215.8 212 204.2 199.9 205.2 206.6 204.2 199.9 192.4 182.9 174 166.4 159.3 149 143.2 136.8 133 128.9 123.7 117.7 112.5 108.9 96.8 90.7 96.5 99.3 101.6 102.5 101.5 100.7 101.6 105.8 111.8 119 124.1 130.5 135.5 139.1 139.9 140.5
242.1 241.4 241.4 241.7 243.5 248.7 253.8 254.2 255.4 254.3 252.5 247.9 242.7 243.8 244.2 242.6 245.2 250.6 257.6 260 256.4 257.1 258.3 261 265.5 271.8 274.8 279.1 283.1 286.6 286.8 276.2 262.5 254.6 245.6 238.5 231.8 226 216.6 212.5 207.7 200.5 195.8 198.2 200.6 199.1 194.1 188.2 180.4 170.7 163.1 156.7 148.4 141.2 133.7 130 126.7 122.4 116.5 112.5 107.7 98.4 95.1 95.8 97.2 99.6 99 100.2 99.4 99.8 106.7 110.1 117.3 123.3 129.6 135 139.6 140.2 141.3
