data/140000-860000.asc
ncols 200
nrows 200
xllcorner 140000
yllcorner 860000
cellsize 50
[rows 0 to 34 of 200, columns 0 to 79 of 200]
147.2 154 163.8 166.6 165.7 162.7 159.8 156.3 155.8 154.3 151.5 147.5 143 139.4 139.5 138.7 137 137 138 141.1 139.1 138.5 137.4 136.7 136.7 136 134.6 130.9 121.5 115.1 126.6 122.7 120.8 123.3 127.3 134.7 139.9 140.4 143.7 153.2 163 175.3 192.9 210.8 229.9 251.6 254 267.7 289.7 315.6 336.2 348.1 359.3 369 376.4 382 388.3 396.1 399.3 401.4 400.3 398.7 398.2 397.9 396.8 396.8 394.2 392.9 384.9 387.2 395.9 403.1 409.4 416.5 424 431.3 438.4 445.2 452.1 457.1
159.8 162.9 164.3 165.7 164.8 163.8 161.6 158.4 155.2 153.9 151.8 149.1 144.1 141.7 139.6 139.8 139 138.9 141.7 145.7 144.9 142.3 139.1 140.6 140.4 137.9 135.3 132 125.5 114.4 117.7 117.9 118.5 118.6 119.4 130.3 136.2 139.2 142.8 150.9 162.9 175.7 196.4 219.1 239 255.7 260.2 264.1 276.4 319.8 340.4 351.9 365.6 375.1 384.1 392.8 399.4 405.3 407.2 407.3 406.4 404.8 403.1 401.5 400.6 400.5 400.2 398.5 392.2 387.1 396 402.9 409 415.5 422.8 430.1 437 443.5 450 454.6
164.1 163.2 164.5 164.5 163.6 162.6 161.6 160.4 157.4 154.6 153 149.9 146.5 144.3 143.4 144.4 144.5 145.3 148.2 151 150.3 147.5 144.9 145.2 145.6 140.9 138 133.9 129.5 120.7 116.8 115.7 117.2 117.9 118.5 123.8 133.7 138.8 144 149.4 161.4 175.5 198.9 223 239 252.4 253.2 259.6 290.3 324 345.8 358.2 371.2 380.5 388.6 396.7 404.8 409.9 409.7 409.2 408.7 408.1 406.9 404.9 404.4 403.6 403.2 403.3 399.8 398.4 397.3 402.5 408.2 414.6 421.7 428.9 435.5 442.1 448.3 453.2
163.4 162.6 165.3 164.3 164.4 164.7 164.5 161.8 158.8 156.2 154.7 151.4 149.2 147.2 147.6 148.5 149.9 150.6 151.4 152.5 152.5 152.6 151.4 151 149.2 144.2 139.9 133.7 128.2 122 119.2 117 116.5 117.6 121.5 124.8 131.4 135.8 139.8 147.8 160.1 176.6 200.7 225.5 234.3 243.2 242.3 268.6 311.5 336.7 354.5 366.1 375.5 384.4 392.6 400.6 408.7 411.5 411.6 411.2 410.7 410.1 409.2 408.4 407.5 406.7 406.4 406.3 406.2 406.1 405.1 406.1 407.2 413.8 420.7 427.5 434.1 440.7 446.5 451.7
165 163.4 163.4 164.9 165 165.9 166.2 163.9 160.3 157.7 156.1 155.5 153.5 151.9 152.8 153.6 154 154 154.2 155.5 157.6 158 154.5 150.2 145.5 140.2 136.3 131.3 125.1 120.8 120.1 118.7 118.6 118.2 121 123.8 126 130.1 137.7 146.5 160 179.8 203.1 228.2 234.6 234.8 244.1 274.1 313.8 342.1 358.5 367.5 375.4 383.7 392.7 401.6 408.6 411.2 411.6 411.7 411.9 411.5 410.3 408.9 408 409.3 408.7 407.7 408.6 410.3 412.8 413.6 414.4 418.1 423.8 428.4 434.8 440.7 445.7 450.9
165.5 164.3 164.2 166.7 167.6 167.9 169 167.6 163.6 158.9 158.9 160.4 157.9 156.9 158.5 159.7 157.1 156.3 156.9 158.2 159.6 157.7 153.1 150.9 141.7 136.9 133.7 128.6 123.4 119.2 118.8 119.3 119.6 118.4 120.9 121 120.3 127.5 135.9 145 161.3 187.1 206.6 232.3 232 227.8 239.8 276 313.3 338.6 354.4 367.5 375.3 382.9 391.2 399.2 406.1 410.3 411.5 412.1 412.8 410.7 410.1 408.7 406.6 408.5 409.4 408.9 410.2 411.5 414.2 417.3 420.5 421.8 425.6 429.7 435.6 441.5 446.5 450.6
165.9 165.1 165.1 168.5 167.8 169.1 170.3 170 165.9 161 158.9 161.1 157.9 156.7 159.6 161.1 157.9 157.5 156.9 157.1 155.2 153.7 150.3 150.1 140.3 134.3 130.7 127.1 121.8 118.8 121.2 119.4 120.3 118.6 119.4 118.5 118.4 124.7 133.5 141.3 155.6 195.3 209.9 225.1 224.9 227.1 244.3 281.3 308.5 333.1 350.9 363.6 373.1 379.6 387.5 394.6 401.2 407.1 409.7 410.2 410.3 409.7 408.6 406.9 405.1 407.8 408.5 408.5 410.8 412.1 415.2 418.3 421 424.3 427.4 432.4 438.5 444.5 449.3 454.2
166.9 167.1 166.1 166.3 167.9 170.8 171.2 169.4 165.6 159.9 156.3 152.2 149 149.4 153.1 157.4 155.6 157.4 155.7 154 151.9 150.2 149.7 141.4 134.7 130.9 127.8 123.8 119 119.3 127.7 122.5 119.6 118.4 118.2 118.2 118.2 121.8 133 140.9 148.7 189.6 210 217.4 217.2 231.4 248.7 275.5 302.6 325.9 346.1 356.6 366.3 375.2 381.7 389.2 397.1 402.9 404.2 405.1 405.2 405.5 404.8 403.5 403.1 405.1 406.8 407.9 409.1 411.7 415.5 419.3 423.1 426.9 430.3 435.9 442.6 447.9 452.3 457.6
168.5 168.7 165.5 165.8 168.6 171.2 170.2 168 164.7 159.6 154.5 151 145.1 145 147.4 149.4 150.8 154.3 155.5 153.7 150.6 149.5 146.6 139.8 129.7 127.9 126.3 122.4 120.2 120.4 125.3 124.4 120.4 118.6 118.7 118.6 118.7 118.7 126.8 133.4 143 182.9 203.4 204 212.5 228.7 249.4 270.8 301.5 318.9 338.5 349.9 358.6 366.1 375 382.4 391.1 396.5 397.7 398.7 399.6 400.8 400.1 398.7 399.1 402 404 407.3 410 412.2 416 419.5 425 428.9 434.7 441 446.6 451.1 455.5 460.4
169.2 167.7 166.4 167.3 169.3 169.1 168.7 166.3 163.4 159.3 157 155.6 145.1 143 142.7 145.3 149.2 150.5 152.2 149.4 148.6 146.3 144 139 130.5 128.7 128.5 127.1 122.1 122.4 125 129.4 131.1 128.6 118.9 118.8 119.4 120.3 121.5 127 137.8 160.9 171.3 193.6 217.2 235.6 250.8 277.4 300 310.8 327.4 342.6 351.2 357.6 365.7 375.6 382.9 388.4 390.3 391.3 392.8 393.9 393.5 393.1 395.3 397.5 400.9 405 408.7 410.8 414.6 419.5 426.2 431.2 439 444.5 449.8 454.4 458.8 465.1
170.4 170.1 169.4 171.1 170.1 168.2 167.2 164.7 161.7 159.1 157.1 151.9 144.3 140 139.5 141 144.4 147.4 150 147.8 145.7 143.8 141.6 140 140 139 133.8 130.4 128.1 124.9 125.8 126.9 130 123.3 120.2 118.8 119.2 121 122.5 127 134.7 141.5 161.4 195.6 220.6 236.2 253.9 273.9 294.3 304.7 317.3 329.8 343.3 350.5 358.2 367.1 374.4 380 383.1 384.2 385.1 385.8 385.1 385.5 388.7 393.3 397.8 402.5 407.1 409.8 413.9 420.3 427.1 433.5 439.9 446 452 457.6 462.9 470
173.9 171.1 170.7 174.4 171.8 168.1 166.1 163.4 160.4 156.4 149.3 145.9 140.3 138.8 138.7 139.1 141 142.9 143.5 144.9 143.1 141.2 141 139.1 141.2 138.7 130.5 129.2 127.4 132 127.9 126.9 126.5 120.6 120.2 120.5 121.1 122.6 123.9 126.4 132.2 142.7 168.3 197.3 217.4 237.7 251 267.8 285.9 299.9 308.8 317.8 329.9 342.2 350.3 356.8 363.9 371.5 374.5 375.9 375.7 376.7 376.9 376.8 381.2 387.7 394.1 399.2 404 408.6 414.3 421.1 428 434.5 440.7 446.9 453.1 459.4 466.1 473.1
173.3 170.2 171.2 172.7 170.8 169.2 160.9 160.5 158.9 149.8 144.6 142.4 139.7 138.9 138.2 138.9 139.4 139.6 139.2 140.9 140.4 140.8 138.9 135.7 133.8 128.6 128.6 128.9 128.2 129.8 133.7 127.2 127.7 123.5 120.4 120.7 122 124.1 124.1 123.9 128.1 147.6 184 209.2 219 238 252.3 268 288.3 298.3 302.8 309.3 319.9 330.1 341 347.8 354.4 359.2 364 365.7 367.7 368.3 367.6 371.1 377.8 383.3 389.5 395.1 401 406.5 412.9 422.1 428.5 436.6 442.8 449.1 455.3 462.7 469.5 475.6
170.8 170.2 171 169.7 170.3 166.4 158.9 160.5 155.1 147.7 143.7 141 140.4 140.3 139.8 139 138.4 138.3 138.6 140 137.7 137 135.4 136.2 128.6 128.6 128.6 128.6 127.1 127.4 133.7 136.6 134.2 142.2 141 134.3 122.7 124.2 124.1 123.9 129.8 152.3 187.1 208.2 220.2 247.1 254.9 267.8 286 292.4 298 303.9 310.9 319 329.2 338.1 345.3 350.3 354.6 357 359.2 358.4 359 365.9 372.8 379.7 384.6 391.1 397.7 404.3 412.4 422 429.8 437.6 445 451.2 457.6 466.7 472.8 479
171.1 170.1 167.5 166.7 165.7 161.6 158.9 160.2 155.3 149.2 144.6 144.6 145.8 146.7 146.9 144.7 145.6 138 138.2 138.2 136.1 133.1 134.8 128.6 128.6 128.6 128.6 128.6 127.3 127.5 128 135.4 148.2 162.1 164.2 157.7 133.5 124.5 124 125.2 135.7 162.6 191.1 208.3 221.8 244.9 255.8 267.4 283.6 289 293.8 301.1 306.6 313 319.7 328.6 336.4 341.9 346.5 349.1 350.2 349.7 353.3 359.6 367 374.6 379.5 386.5 395.5 404 412.5 420.5 430.5 438.8 446.8 453.3 461.7 470.1 476.3 482.6
171.2 169 171.3 171.4 165.1 162.8 162.9 162.7 160.6 153.6 149.8 149.8 152.4 152.3 153.6 158.4 163.9 160.6 147.2 145.3 141.1 133.3 127.6 128.6 128.6 128.6 128.6 128.6 128.6 128.6 128.6 136 156.5 177.3 186 177.6 153.1 133.5 127 128.2 144.3 182 198.6 210.2 227 249.5 260.2 269.1 283.7 288.5 293.4 299.8 304.6 308.4 312.2 319.4 327.6 333.7 338.1 341.9 342.4 343 347.4 353.9 361.6 369.6 376.3 383.9 393.6 403.3 412.7 422.9 432.1 441 448.4 456.2 464.8 474.1 480.2 485.1
168.8 171.6 177.5 179.8 175.1 169.6 171.2 174.9 173.5 167.2 161.7 158.1 158.6 160.7 166.4 174.2 176.1 175.9 169.6 161.9 154.1 143.3 128.6 128.6 128.6 128.6 128.6 128.6 128.6 128.6 128.6 144 182.3 197.2 192 180.2 187 151.3 129.5 132.5 154.1 186 201.8 214.5 230.5 248.1 262.3 271.2 280.5 284.3 289.6 294.8 299.6 303.5 306.1 311.1 319.8 326.7 330.8 333.1 333.7 337.7 342.9 348.7 356.6 365.6 373.2 382.1 393 402.9 414 424.6 433.4 442.1 450.3 457.9 467.1 476.6 482.8 487.3
167.8 175.3 183.7 189.2 187.5 186.4 185.9 189.7 189.1 185.1 176.7 174.4 176.4 177 182.9 188.6 195.3 198.6 195.3 193 183.1 163.2 142.8 128.6 128.6 128.6 128.6 128.6 128.6 128.6 137.4 171.8 239.6 221.4 204.4 203.3 195.3 168.5 140.9 139 166.8 191.6 204.8 216.1 233.2 247.2 258.8 266.8 272.6 280 285 288.7 292.2 297.4 301.8 305.5 310.7 318.2 321.9 323.9 321.2 330.1 335.9 345.4 353.9 361.8 371.1 381.2 392.9 404.5 415.7 425.5 434.1 442.8 451.6 459.4 469.7 478.6 484.8 489.5
169.7 180.4 190.3 199.2 203 205.2 205.8 206.7 204.9 203.9 196.7 196.3 198.7 195.1 201.1 214.3 225.9 231 234 235.1 231.3 221.6 187.9 149.9 136 128.6 128.6 128.6 128.6 132.6 153.6 234.5 242.3 233.6 220.8 209.2 197.5 179.4 137 150.1 177.9 191.7 205.7 219.2 235.4 248.4 258.9 264.5 266.4 273.6 280.3 283.5 287.4 291.2 296 298.1 302.7 307.7 310.5 311 316.2 327.9 333.5 342.8 350.8 360.6 370.6 379.9 393.5 405.8 417.8 426 434.7 443.5 452.3 461.3 473.3 479.9 485.3 490.8
175.6 187.6 203.2 214.4 223 226.2 227.3 226.2 226.5 224.3 221.1 222.5 223.8 225.5 242 255.7 272.6 284.4 288.9 290.5 289.7 289.4 277.9 229.5 180.4 149.7 132.2 130.1 133.6 142.5 174.4 248 240.2 230.6 220.4 207.8 198 181.9 171.1 149.9 183.3 195.7 207.4 219.8 233.7 245.1 254 261.7 265.3 270.6 275.6 279.2 282.2 286.2 289.3 291 294.8 298.3 301.1 300.5 312.5 321.8 329.3 338.8 348.4 357.7 370 379.5 393.5 405.8 418.2 426.6 435.2 445.2 454.6 465.2 475.1 481.3 486.2 491.1
181.2 199.8 219 231.1 244.3 252 255.8 250.3 253.1 253.9 255.4 254.7 270.7 284.5 315 333.2 348.2 344.5 345.6 345.1 342.3 328 326.6 302.2 265.6 228.5 181.3 164.2 156.1 165.5 227 242.6 236.7 226.7 218.5 206.9 198.9 192.7 176.5 166.2 186.4 199 207.5 218.8 230.1 240.3 247.7 254.4 260.6 267.2 271.1 274.9 277.1 279.2 282.5 283.1 286.1 291.1 292.5 298.1 308 317.3 327.4 336.9 345.8 355.2 366.9 379 393.5 406.1 418.5 426.8 436.7 447.1 457.3 468.7 478.2 483.5 488.1 491.7
187 213.2 231.5 248.6 268.1 281.2 288.7 284.5 297.8 290.6 308 309.7 335.4 345.5 352.3 354.2 356.7 354.5 351.5 348.2 340.6 334.5 328.4 327.6 318.7 311.3 300.8 276.8 261.9 251.6 243.2 239.8 231.6 224 214.9 206.9 199.7 195.8 173.6 180.5 187.3 192.4 204.4 212.8 223.2 231 241.4 248.7 255 262.2 266.2 269.9 271.8 273.3 275.7 275.6 277.3 284.1 292.5 300.8 308.5 317.7 326.8 336.5 344.7 353.2 365.6 378.1 392.1 406 418.7 427.4 437.6 448.3 460 473.1 482 485.8 489.4 491.5
195 223.4 245 266.3 291.3 303 307.2 303.3 315.2 321.5 326.1 332.3 341.3 351.1 354.2 354.7 356 355.9 351.5 345.6 337.3 331.7 327 323.6 317.5 309.7 300 287.1 270 258.9 245 236.2 228.5 220.7 213.7 206.6 199.7 192.6 177.4 187.6 192.1 201.3 206.9 216.4 222.3 230 240.7 245.3 249.9 255 258.8 263.7 267.6 269.2 270.4 279.4 282.7 290.9 296.8 303.9 309.2 318 327.5 337.5 344.4 351.5 363.3 375.3 391.4 405.2 417.1 427.1 438.2 448.4 460.4 472.2 480.3 485.8 489.2 491.3
199.9 231.6 257.6 284.6 307.8 315.8 317.5 319.7 322.9 327.8 332.4 338.8 344.8 350.9 354.3 354.7 354.3 352.1 347.7 340.4 332.8 328.4 324.8 319.7 313.2 304.6 293.8 283.1 268.8 258.3 246.4 234.8 227 219.4 212.2 204.9 199.7 182.3 187.8 192.5 197.9 204.8 211.2 220.8 230.6 239.2 240.9 246.3 251.1 252.8 253.9 260.6 263.2 266.2 271.1 279.5 285 290.9 298.3 304.2 309.9 318.6 328.1 338.1 346.5 352.4 362.7 375.5 389.9 404.8 418.5 427.9 437.7 447.6 459.7 470.9 478.6 483.8 486.9 490.2
210.7 241.3 270.3 299.4 321.8 327.2 328.1 327.8 329 332.3 337.3 342.1 345.9 349.9 351.8 352.7 351.6 348.1 341.6 335.3 329.3 325.1 321.3 315.3 308.8 299.2 288.8 277.7 266.5 255.4 244.6 233.7 224.7 217.5 210.4 203.9 195.3 192 191.3 198.2 204.8 210 218.7 226.4 234.5 242 246.8 251.5 257.5 261.5 261.9 262.1 265.2 268.8 270.9 278.5 283.5 288.4 295.9 302.3 309.1 317.8 328 341.1 349.8 356.9 364 375.6 389.7 404 417.8 426.5 435.8 445.7 456.8 467.3 474.5 478.9 481.8 484.9
220.9 251.6 283 314.1 335 338.6 337.4 335.3 334.8 337 340.6 343.7 347.5 349.8 351 350.2 347.5 342.8 336.3 329.9 325.9 321.9 316.7 310.2 303.2 293.5 284.9 274.5 263.5 252.1 242 232.2 223.1 216.1 209.3 202.8 193.8 193.3 196.5 203.8 213.3 221.1 226 235.6 239.6 246 252.9 259.2 259.9 264.1 265.3 268.7 271.2 272.9 275.8 281.3 287.1 289.7 295 301.8 309 317.3 327.5 341.3 351.7 357.8 365.7 375.2 390.3 405 415.1 424 432.4 442.1 450.3 459.2 465.9 470.8 473.8 476.1
224.6 259.5 298.6 327.6 339.2 342.9 341.9 340.1 339.7 340.6 342.1 344.8 346.4 347.6 348.7 346.9 343.4 338.4 333 327.5 323.1 317 310.9 304.7 297.3 290 281.3 270.2 259.8 249 239.4 230.4 222.8 215.1 207.8 201.3 194.6 200.1 202.6 211.1 218.1 225.9 233.1 244.6 251.6 256.2 261.2 266.5 270.4 270.9 271.3 272.8 273.9 277.3 280 284.4 288.4 291.3 297.9 303.4 309.8 316.8 326.8 340.1 351.3 361.8 369.2 377.3 389.1 402.6 412.1 420.4 428.6 436.1 442.2 449.6 455.9 461.7 464.2 464
224.9 263.6 302.7 333.2 341.6 344.3 344.5 343.8 342.9 342.8 343.8 345.6 347.1 346.5 345.8 343.6 340.5 335.5 329.2 322.9 317.7 311.6 305.4 299.1 292.2 285.3 276.7 265.3 254.7 244.4 236.7 228.4 222 214.3 207.8 200 199 203.3 207.4 214.8 222.3 231.6 238.5 249.4 258.8 263.8 268.1 275.1 281.7 281.6 280.8 277.3 276.3 278.5 281.3 285.7 289.1 290.3 297.8 303.1 310 317.4 327.4 340.8 353.3 362 372.4 380.2 388.9 398.3 407.7 415.3 422.1 429.6 435 440.6 446 452.2 455.4 455.1
228.6 257.1 290.4 325.2 343.9 346.5 347.1 346.3 346.4 345 345.4 346.5 347.2 345.8 343.6 340.5 337.6 332.2 325.6 318.5 312.4 306.4 299.8 293.7 287 279.8 271.1 260.3 249.8 239.7 233.2 227 221 213.3 208.4 203.9 203.4 207.2 211.6 219.3 227.6 235.5 242.4 254.9 263.8 268.2 272.8 280.7 286.4 287.1 281.1 278.3 276.2 278.9 282.8 287.6 290.8 294.4 299.2 303.7 310.4 317.5 326.4 339.3 351.5 361.6 373.4 382.2 387.9 393.6 400.2 406.9 411.8 417.7 424.9 431.9 437.2 440.9 440.5 441
234.5 258.4 284 311.7 342.2 348.4 350.5 347.4 347.2 345.9 345.4 346.4 346.2 344.7 342.5 339.4 334.9 328.7 321 313.9 308.5 301 294.4 288.2 281.5 273.3 265.2 255.2 245.9 237.3 231.1 224.7 218.7 210.2 208.3 207.8 210.1 213.2 219.2 223.7 232.2 238.5 244.8 255.8 266.2 271.8 276.3 279.9 286.5 281.7 278.7 276.1 275.3 279.5 282.9 286.3 290.1 293.6 296.7 303.7 311.3 319 329.6 341.1 351.4 364 374.6 382 385.9 389 392.4 396.5 400.3 405.5 412.1 418 422.1 425 426.1 422.7
239.8 262.9 280.3 308.2 336.7 345.8 348.8 347.1 346.4 345.3 345 345.7 344.6 343.5 341.7 338.1 332.6 326.4 318.8 311.1 304.9 297.6 290.3 283.3 275.8 267.5 259.3 252 242.8 235.6 229 222.6 216.3 209.1 209.1 209.6 213.1 219.7 228.8 231.3 235.3 241.5 248 256.7 265.3 272.7 276.9 278.7 280.8 279.4 274.8 273.6 275.7 279.5 281.5 285.7 288.6 291.9 296.2 302.4 310.4 319.3 328.3 342.4 350.6 362.2 371.8 376.3 378.9 381 383.4 386.2 388.9 392.9 398.4 402.5 405.8 406.8 406.4 402.6
247.8 266.4 285.5 309.8 331.3 341.3 344.8 343.2 343.4 344 343.5 343.3 342.9 341.9 340.3 335.8 330 323.8 316.5 308.8 301 293.8 285.7 278 270.6 262 254.5 247.8 240.6 234 227.9 222 213.2 210.5 214.6 215.3 218.6 224.8 229.8 233.3 238.9 245.3 250.8 257.7 265.7 271.5 273.7 275.9 276.2 275.9 271.6 270.9 275.1 279.5 281.3 284.3 287.1 290.9 297.4 303.5 309.8 318.9 328.9 337.7 345.1 355.7 363.3 367.9 369.6 371.1 373 375.1 377.5 380.6 384.5 387.6 390.7 390.7 389.5 386.1
254.7 271.3 290.9 311.4 326 337 339.9 339.4 339.9 341.3 341.4 341.8 341.7 341.3 339.3 333.4 327.4 321.1 314.3 306.2 297.3 289.1 281.2 273 265.3 257.4 250.4 242.7 237.6 231.3 225.3 220.2 216.9 215 218.7 219.5 223.3 229.4 231.6 235.9 242.4 251.1 254.5 259.8 266.1 270.7 271.2 270.5 271.9 270.8 269.6 274.2 275.7 278.7 280.2 281.2 285 292.2 300 302.8 308.4 316.4 326.2 333.8 339.6 348.1 353.6 359.7 362.8 361 360.6 362.8 364.5 367.4 371.4 374.5 375.4 374.9 370.8 365.7
262.8 277 295.7 311.2 327.9 335 335.3 335.6 335.8 336.8 338.4 340.3 340.5 338.8 335.2 330.6 324.9 318.5 312 302.9 293.7 285.5 277.3 269 260.6 253.9 247 241.7 236.3 230.2 225.5 221.2 219.1 219.1 221.5 226 230.3 233.1 235.5 238.7 245.9 250.9 257.8 261.2 264.6 268.1 269.2 267.2 267.3 267.9 268.8 270.6 272.8 274.7 274.5 277.1 280.6 291.3 298.8 302.7 306.4 312.9 319.5 324.9 330.7 338.1 344.2 348.1 348.9 348.8 347.8 349 352.2 354.4 354.7 355.9 354.5 352.9 350.4 340.7
265.1 281.6 295.5 306.8 329.1 332.4 330.9 330.6 331.6 331.4 333 334.9 335.4 333.7 330.4 326.8 321.6 315.7 308.8 299.4 290 281.6 273.3 264.5 256.2 250.2 244.7 239.2 235.2 230.5 226.8 223 220.3 219.1 222.7 228.7 234.6 237.4 239 239.8 247.4 253.3 259.9 261.2 261.2 263 263.8 262.9 261.8 262.5 264.2 266.3 268.6 269.6 268.8 274.5 280.1 286.7 293.1 297.6 302.3 307 311.8 317.7 323.4 325.9 330.7 334.1 334.3 336.2 336 336.1 337.6 337 337 337.4 336.9 334.2 327.1 316.1
