data/150000-830000.asc
ncols 200
nrows 200
xllcorner 150000
yllcorner 830000
cellsize 50
[rows 40 to 79 of 200, columns 90 to 179 of 200]
-2 -2 1.5 11 12.5 13.9 15.7 16.8 19.9 28.6 65.1 80.7 81.7 79.1 92.6 98.3 96.5 95.7 99.9 103.4 121.6 146.2 165.7 168.3 166.5 166.2 171.4 179.7 188.6 208 220.8 230.4 242 251.1 260.7 262.1 248.2 246.7 250.8 246.3 234.8 219.9 220.1 222.5 229.1 237.6 252.6 271 284.6 291.8 298 297.7 282.1 289.6 300.5 292.9 293 288.2 282.7 268.7 260.9 250.1 264.4 280.3 282.6 285.1 288.5 299.8 294.4 301.9 302.3 302.2 308.4 309.4 304.7 295.3 288 286.1 284.3 272.4 266.8 270.1 270.9 265 256.6 239.1 211.7 199.1 190.2 174
-2 -2 2.9 7.3 11.2 13 15.1 16.9 19.8 24.3 61.2 81.1 90.5 84.5 90.8 99.3 99.8 100.1 106.8 124 132.7 146.8 169.1 173.6 169.3 174.8 177.2 178.2 188.4 209 224.6 233.9 244.9 254.3 260.4 259.4 249.4 244.1 242.4 237.8 226.9 213.7 217.5 219.8 224.9 232.5 243.1 256.1 272.7 284.5 291.5 296.3 283.9 281.7 293.2 290.5 278.6 276.7 262.5 258.8 252.4 248.7 262.2 273.9 278.9 278.7 283.7 287.7 288.4 292.1 291.7 300.5 302.8 303.3 300.5 293.4 286.9 285.6 286.1 281.8 268.4 270.3 269.8 264.1 257.4 245.2 220 207.3 195.7 180.4
-2 -2 3.1 3.2 8 10.8 14.6 17.2 19.3 23.4 56.4 79.8 91.6 91.1 92.2 100.9 100 104.4 113.8 129.2 145.7 160.2 172 177.3 174.3 180.1 178.3 179.1 192.3 206.8 223.1 236.8 246.6 255.8 260.9 257.1 249.5 240.3 235.3 232.7 221.6 213 213.4 217.7 222.7 228 236.2 248.3 262.2 277.5 284.9 288.9 281.4 274.3 285.9 282.5 267.6 257.1 249.6 251.8 250.9 246.7 258.3 258.8 257 261.3 274 279.1 279.8 282.7 290.3 295.1 295.9 297.4 297.1 294.7 285.9 284.9 285.1 286.1 275.9 270.3 270 259.7 258.6 251.2 228.8 213.2 205.1 191.3
-2 -2 1 2.7 2.6 9.3 14.3 16.7 20.3 25.6 48.1 81.2 97.7 98.2 95.9 101.4 107.2 107.6 112.6 130.4 145.8 162.7 175.1 183.3 183.1 185 180.1 179 196.6 208.6 221.9 236.7 247 254.7 257.6 256.6 247.2 238.6 227.1 225.7 215.2 209.5 209.6 213.1 219.9 223.6 229.9 242.1 257.5 271.7 281.7 286.5 279.2 268.9 281.5 279.6 263.5 252.1 240 243 246.9 245 252.7 250.8 247.1 251.7 262.3 270.2 277.6 281.1 280.9 283.2 289.8 290.6 292.3 291.7 285.5 283.7 284.4 286.8 289.3 269.5 269.8 260.5 262.2 256 235 216.2 209.4 198.8
-2 -2 -2 1.7 2.7 7.7 14.5 16.3 21.7 26.8 39.2 69.6 96.3 102.3 99.7 101.9 108.5 115.6 113.7 129.8 145.7 162.6 180 190.4 187.3 188.6 184.7 181 196.8 211.8 222.4 234.8 246.4 250.6 253.3 259.7 248.5 229.1 220.9 217.6 210.1 211.9 209 209.7 216 220.6 226 238.2 252.1 266.2 275.9 280.9 274 263.5 272.4 278.2 269.3 242 230.4 241.6 240.5 246.2 249.2 244.6 242.6 255.2 263.9 270.5 274 268.5 271.3 277.9 283.8 287.1 289.4 292.7 286.6 283 284.5 287.5 287.1 271.8 269.9 264.5 265.3 258.1 243.9 218.9 211.1 201.6
-2 -2 -2 1.8 5.4 9.6 14.9 17.6 22.6 38.6 39 53.2 85.8 106 103.4 109.4 113.4 120.2 117.3 124.2 144.5 160.9 178.7 194.9 188.4 196.1 188.6 187.3 197.7 214.6 224.5 232.8 244.9 249.6 253.2 260.7 254.8 231.6 213.1 212 207.8 216.8 208.1 206.9 213.5 218.3 223.7 235.3 249.1 261.6 270.3 273.2 268.8 260.2 267.8 271.6 263.4 248.4 231.7 230.9 242.4 245 237.4 237.6 246 257.7 255.1 255.6 260 264.4 268.2 272.7 276.8 281.6 286.3 289.3 286.5 282.3 285.1 287.2 289.2 280.8 270.4 268.3 268.6 261.2 249.5 224.8 211.8 204.9
-2 -2 -2 2 8.9 12.6 14.7 19.2 24.2 43 52.1 50.4 72 108.1 104.6 109.9 117.5 122.3 127.1 124.6 142.3 157.4 175.5 192.8 191.5 203.7 197.4 188.4 196.4 216.1 227 234.8 244.3 249.8 254.1 262.9 251.6 234.2 211 200.9 201.3 209.7 200.3 202.2 210.7 217 222.7 232.3 245.8 260.3 270.8 269.5 266.8 259.7 260.6 266.2 258.9 246.8 234.4 231.4 237.9 231.7 229.7 237.8 251.4 256 247.4 251.3 260.6 266.6 267.1 268.8 274 278.5 283.4 287.9 289.1 281.6 283.6 285.5 288 284.9 279.2 266.5 268.4 262.3 248.8 228.7 214.7 205
-2 -2 -2 -2 10.9 14.2 17.5 20.9 27.7 48.6 61.2 58.3 63.9 104.2 108.3 113.5 121 123.8 129.9 133.1 141.7 157.4 175.2 195.4 205.3 196.3 204.5 188.3 194.3 213.9 225.1 230.9 243.3 249.5 254.2 258.5 240.6 230.9 220.3 192.9 194.5 206.2 200.5 199.1 206.4 214.5 221.7 230.9 243.5 258.3 269.9 269.9 262.6 253.9 249.5 256.6 251.6 241.7 229.6 230.4 228.3 227.3 231.2 241.8 252 246.1 247.8 253 261.5 263.3 265.4 268.4 270.7 276.1 281.3 286.5 289.5 282.5 282.6 285.5 288.4 289 284.3 280.8 270.8 258.9 246.4 233.3 215.5 205.3
-2 -2 -2 -2 12.2 16.4 20.1 23.1 30 48.6 65.9 60.1 55.6 95 113.2 119.6 126.9 129.3 130.8 137.5 141.6 159.1 177.3 196 210.9 200.5 211.2 195.4 188.6 201.8 214.7 223.6 238.8 243.7 246.6 246.1 235.4 230.2 217.6 189.6 187.1 201.5 205.4 198.9 199.8 209.2 221 231.3 242.6 253.9 262.5 267.3 254.1 245.8 233 245.9 240.6 232.5 230.1 235.6 227.9 224.7 236.6 244.4 243.7 238.3 246 250.2 254.4 257.5 262.3 264.9 268.1 272.8 278 284.2 286.5 281.4 282 286.6 289.4 290.4 286 285.5 281.7 259.9 245.2 232.7 214.3 202.8
-2 -2 -2 4.6 13.6 18.5 22.9 29.3 40.5 57.9 68.6 59.4 54.8 80 113.2 119.9 128.4 130.6 133.6 139.8 139.5 160 180.4 198.1 212.9 203.3 213.5 208.1 189.6 189.3 204.6 219.4 235.2 240 239.1 235.8 230.1 229.4 213.7 184.6 179.3 197.3 206.7 199.6 198.5 205.9 219 230.8 241.1 249.2 258.1 250.8 233.7 228.5 218.9 227.6 224.7 214.2 222.7 224.4 227.7 226.4 237.2 233.5 233.3 239.7 245 248.5 248.8 254.6 260.1 259.7 264 269.9 276.9 281.6 283.3 280 280.7 284.7 290.6 290.5 288.8 288.8 280.8 264 246.3 231 212 205.8
-2 -2 -2 12.7 15.3 20.6 27 32.6 48.5 74.1 80.8 61.9 55.9 70.2 109.7 123 132.1 135.4 137.7 141.8 147.3 160.6 182.1 200.4 210.8 199 209.1 210.6 198.6 189 195.9 216.5 232 235.5 231.9 227.4 226.3 223.5 210.1 182 172 190.8 198.6 194.9 193.1 204 216.7 228.3 237.8 245 249.9 234.3 220.3 212 204.1 203.4 203.6 202.9 207 213.9 226.8 231.1 226 226.8 237.4 239.9 241.2 244.5 249.8 256.6 256.3 256.5 263.3 270.4 275.6 279.1 280.6 280 279.6 284.4 289.4 290.7 291.6 292.5 285.4 267.7 247.4 227.9 223.4 215.2
-2 -2 10.9 10.6 17 24.3 32.9 40.4 59.3 79.5 92.1 65.1 56.5 66.1 106.4 124.6 132.7 140.2 138 141.8 152 159.2 181 199.3 202.1 192.2 206.3 207.6 199.4 190.2 188.1 207.3 226.8 231 227.1 223.6 220.3 217.2 203.4 176.1 167.5 183 189.8 187.6 189.8 202.7 215.7 227.1 236.1 240.3 231.9 220.1 209.7 202.6 194 189.7 191.1 196.1 205.1 214 223 232.5 223 225.1 231.4 238 236.9 242.7 248.2 253.4 254.4 257.6 265.7 270.6 274.8 277.7 280.5 280.2 279.5 282.8 288.8 290.4 295.6 294.6 285.7 266.3 246.9 232.3 233.1 224.7
-2 13 10.4 13.2 19 24.5 50.9 55.5 63.5 82.7 94.7 69.8 57.7 64.2 103.4 122.8 129.8 139.5 138 140.3 153.1 159.1 177.6 193.4 194.2 188.7 200.9 208.4 200.3 194.7 190.5 192.6 214.8 226.3 227.7 221.4 213.4 202 193.4 169 159.4 174.9 180.4 179.2 187.6 203 214.9 226.9 233.1 226.9 214.8 212.1 199.1 194.5 190.9 188.8 188.8 196.6 205.4 213.6 224.3 231.8 225.8 224 227.2 232.3 238.4 243.8 248.6 249.1 251.9 258.9 266.6 270.9 274.4 277.3 278.5 279.6 279.4 281.9 287 290.6 293 291.4 281.4 266.6 252.8 244.5 240.6 231.4
-2 -2 -2 5.1 16.4 29.7 57.6 70.7 71.8 85.3 104.1 73.3 58.4 63.7 97.3 118 126.7 140.4 138.5 137.7 151.7 159.1 174.9 189.4 188.2 184.3 199.9 210 200.7 196.2 189.2 189.9 202.1 221.8 230.9 218.7 209.7 189.6 169.1 157.5 150.2 171.5 173 175 185.2 201.4 214.3 224.9 231 205.6 205.6 200.6 193 197.6 187.8 179.2 183.7 194 204.8 216.5 222.1 222.6 223.4 221.3 227.7 231.1 240.1 246.8 248.2 248.7 254 259.2 266.3 271.8 273.7 275 276.3 276.4 277 279 283.8 290.7 289.8 286.3 280.3 270.7 258.8 248.3 238.5 229.8
-2 -2 -2 1.6 14.6 32.7 61.2 75 82.5 91.9 104.3 78.2 59.8 65.7 92.3 115.7 125.5 142.1 137.4 134.3 153 162.6 170.6 185.8 181.8 178.6 198.2 204 199.8 195.6 194.3 191.8 199.2 213.7 224.7 213.8 196.9 175.3 160.3 140 139.7 163.5 168.7 171.3 183.1 198.4 211.5 220.3 219.9 198.1 188.2 187.1 188.4 190.3 178 181.1 186 193 205 210.1 210.8 213.1 219.2 222.2 235.5 239.9 241.2 250.4 246.7 248.8 256.2 261 266.3 271 271.8 272.9 273 273.2 273.7 273.5 281.5 290.5 283.2 280.6 275.6 268.5 258.5 247 238.4 239.1
-2 -2 -2 -2 20.7 35.4 65.7 80 91.2 98.4 108.2 80 62 68.5 81.4 109.2 124.3 139.5 135.7 133.2 150.7 163 167.5 182.9 182 174.1 194.3 201 201.2 207 209 197.2 200.7 204.7 210.8 203.1 182.1 159 150.1 131.3 132.8 145.5 160.2 167.1 179.7 194 209.6 213.7 203.2 185 176.5 179.2 182.7 177.5 177.5 185.3 193.7 203.5 215.6 209.6 215 222 230.3 230.6 238.8 245.5 240.2 248.4 246 249.3 258.8 263.1 267.5 270.9 271.1 270.6 271.3 271.9 272.4 268.4 285.6 285.5 279.8 276.1 272.2 265.3 256.3 248.4 243.8 261.5
-2 -2 -2 1.7 25.8 53.7 72.1 85.5 96.7 100.7 111.1 80 64.8 67.1 76.7 93.9 117.3 129.8 130.2 129.8 148 159.5 161.7 174 179.1 176.7 181.6 195.6 201.1 210.1 208.5 195.9 194.7 197.5 188.6 183.3 165.5 149.6 134.9 129.2 137.5 134.3 153.1 162.7 177.8 190.3 201.6 196.1 183 168.5 170.5 172.2 170.6 175.4 181.7 190 199.2 208.9 219.4 219.1 222.8 227.9 235.2 238.7 241.6 247.2 243.3 243.4 246 250.6 260.2 264.7 268.5 270.9 270.2 269.5 270.2 270 266.7 264.2 278.3 281.7 277.3 272.6 268.2 261.7 256.6 249.7 259.7 280.5
-2 -2 -2 12.8 35.5 64.3 76.2 89.4 102.7 109.2 111 83.3 66.4 71.9 80.2 92 103.4 117.3 128.9 130.1 146.7 160.2 161.2 164.1 175.4 178.1 172.5 186.9 197.6 210 205.3 194.4 182.7 178.8 167.3 157.9 150.9 139.8 128.1 128.4 122.8 124 146.5 156.2 171.7 184.5 184.7 175.9 169.5 160 166.1 169.3 170.3 181.7 191.7 196.2 203.3 213.8 223.1 226.3 229 232.5 240 241 243.4 249.2 248.3 245.3 248.1 254.1 260.9 264.9 267.6 270.9 270.7 269.8 270.9 268.7 265.8 261.5 268.9 277.8 273.3 267.7 263.3 260.1 257.7 254.8 270.2 289.4
-2 -2 -2 20.9 60.9 67.5 80.4 91.8 104.1 108.8 102.3 85.7 71.4 74.4 83.7 90.6 95.4 103.2 122.4 130.5 144 155.7 164.2 159.2 170.5 172.5 172.3 182.1 193.4 202.7 200.7 187.8 168.2 158.9 146.2 142.2 136.7 127.8 124.8 127.9 111.6 114.7 133.6 149.2 163.3 172.4 161.4 159.9 164.1 168.8 174.3 179.1 173.9 185.9 195.4 199.1 206.8 216.8 224.1 228.1 231 235.6 240.9 245.7 248 249.8 249.3 245.8 250.6 256.3 261.3 264.3 267.9 270.5 270 270.2 270.8 269.4 263.9 259.6 264.4 273.5 269.2 259.6 256.9 256.7 258.4 275.6 279.3 295.1
-2 -2 3.1 27.5 60.5 72.6 82.2 94.2 107.1 107.1 96.3 81.5 73.7 79.4 85.9 89.2 93.6 94 110.9 128.1 140.8 154.7 163.5 160.6 166.7 166.9 170.6 182.1 188.9 195.1 190.9 171.9 156.4 142.8 129.4 124.2 123.7 121.1 118.7 110.9 109.4 110.4 128.7 141.3 154.1 152.6 148.7 158.4 171.4 180 184.6 190.8 178.3 189.5 199.1 202.6 211.3 219.9 227.5 230.5 233.9 237.6 242.7 247.4 250 251.2 250.4 247.5 252.2 257.2 260.2 263.8 267.9 270.4 268.2 268.7 270.8 268.2 262.9 257.4 260.5 269 264.7 255.7 249.3 251.6 265.3 279.5 288.5 295.6
-2 -2 9.1 35.1 60.5 75.2 84.1 96.5 103.1 102.2 94.7 79.2 75.8 79.7 82.7 87.8 90.4 91 92.1 120.1 135.1 148.6 159.9 160.2 166 153 166.6 177 184.5 186.9 171.1 163 148.6 133.8 120.8 117.5 118.9 113.5 109.3 101.3 105 108.9 121.9 135.2 139.8 148.4 159.3 170.9 179.1 186 191.5 195.7 187.6 192.6 200.6 207.2 216.5 225.2 231 234.7 237.9 240.3 244.1 248.7 252.8 254 253.1 249.7 255.3 260.8 260.9 265.6 268.6 269.4 267.2 267.2 269.9 267.5 262.1 258.3 256.5 264.4 257.6 249 248.4 251.1 270.9 285.1 295.4 301.9
-2 -2 13.4 42.1 60.7 75.6 85.2 95.8 101.2 101.1 87.4 79.3 77.2 80.4 78.2 80.3 81.3 89.4 83.5 103.1 130.6 146.8 156 163.9 161.3 146.6 160.7 172.9 180.6 169.7 153.3 149.1 141.6 129.5 114.2 109.5 109.9 106 97.9 106.6 109.8 115.6 128 141.9 152.6 161.8 170.1 178.3 182.6 190.7 197.2 200.7 196.6 197.5 202.6 210.5 220.5 228.5 233.9 238.5 240.6 242.9 246.2 250.3 254.4 256.8 256 253 257.5 261.5 264 268.2 269 270.7 267.9 265.8 261.9 264.5 262.7 259.3 251.8 259.5 251.8 248.4 248 258.2 279.7 289.1 301.2 309.1
-2 -2 10.1 38.2 64.1 75.3 86 95.8 102 98.9 80.7 77.8 77.6 75.5 68.4 71.3 70.4 75.7 74 87.8 122.4 144.7 150.3 165 152.9 142.2 156.4 168.1 170.9 146.8 143.1 138.4 133.8 120.3 108.5 103.5 99.5 93.9 98.4 107.3 112.5 118.1 129.7 142.9 157.2 167.6 176.5 183.9 187.3 194.6 202 207.7 204.9 200.8 205.1 211.6 222.3 230.6 235.4 239 241.8 245.5 248.5 251.4 256.6 259.2 259.1 256.6 261.3 264.4 267.3 269.9 270.3 270.6 268.8 265.3 262 260.7 261.8 259.1 249.1 250.2 248.9 246.5 248.3 273.6 285.7 297 307.5 309.1
-2 -2 11.9 35.9 66.2 73.4 81.2 91.8 97.3 86.1 72.5 75.6 73 70.1 58.3 63.4 60.5 59.5 64.6 75.2 104.4 129.6 145.4 154.2 145.6 142.6 155.9 160.7 157 142 134.5 129.6 125.1 111.7 104 98.7 91.4 90.4 100.4 110.7 115.4 121.1 126.4 141 158.8 170.2 179.4 185.6 189.7 196.1 202.2 209.8 207.7 206.8 209 214.1 225.6 231.8 236.1 239.2 242.8 247.5 250.6 253.5 259.1 260.7 258.4 259.1 263 266.9 269.7 270.7 270.7 270.8 270.2 266 261.5 257.4 254.2 255.4 247.9 247.6 246.5 244.3 250.2 276.4 288.5 300.7 307.4 304.5
0.6 4.5 19.3 31.4 67.4 70.9 70.1 85.7 88.9 69.4 65 70.8 70.8 68.4 58.3 59.3 58.3 60.2 64.2 72 85 108 132.7 140.7 134.2 141.2 149.1 146.3 142.9 131.6 126 121.2 117.2 108.6 101 92 85.8 88.7 105.8 112.9 118.4 119.4 124.1 139 158.3 170.9 179.6 186.4 190.8 195 202.2 209 204.4 210.2 212.1 215.4 225.1 230.8 234.8 239.9 243.8 248.3 251.4 255.6 260.3 264 260.8 262.1 264.3 267.7 270.6 270.9 270.9 270.9 268.5 264.3 260.2 258.8 246.7 251.4 244.9 243.3 243.8 249.1 265.3 277.7 292.2 309 312.9 301.7
8.6 15.8 21 27.9 52.7 57 62.7 69.6 67 59.6 61.7 69.1 70.7 70.5 61.8 58.3 58.9 60.8 65 69.9 72 85.7 117.4 124.1 119.4 130.1 130.2 125.1 124.6 124.9 118.2 111.4 110.8 108.6 94.5 84.9 81.2 93.5 102.8 112.7 118.5 121 122.4 137.2 157 168.5 177.6 186.2 190.8 189.2 196.2 202.9 205.4 213.4 213.5 213.7 225.4 228.4 234.2 239.9 244.4 248.7 252.1 256.1 260.1 261.4 262.1 263.4 265.8 269.4 271.5 274.1 272.4 271 267.6 264.3 261 259.5 247.9 244.2 243.8 241.8 252 258.4 267.5 288.7 301.6 308.7 311.4 298.1
15.4 16.6 19 23.1 28.9 32.3 45.3 49.7 53.6 50.3 59.4 64.9 68.5 67.9 58.4 58.3 60.7 63 67.5 70.1 68.4 68.1 92.6 102.7 107.3 120 117 115.6 121.3 121.7 115.3 109.7 111 106.1 89.6 80.7 85.9 93.4 101.1 110.2 116.5 122.1 123.8 133.1 151 165.5 174.4 183.9 190.8 188.3 190.4 199.4 205.8 211.2 216.7 215.1 219.6 229.6 234.2 239.5 244.3 248.8 253.5 257.6 259.3 261.8 262.9 265.1 267.9 270.5 274.4 277.5 276 272.6 269.8 266.2 262.1 256.2 247.7 242.5 240.1 247.3 263.4 276 271.9 287.9 302.3 310.7 304 296.3
14.2 15.6 18 21.4 23.4 25.7 28.7 34.3 39 48.2 55.7 60.1 61.5 59.5 59.1 63.6 68.2 68.7 69.2 69.2 67.3 63.1 73.4 85.5 92.7 100.3 107.1 114.1 122 121.7 116.3 109.1 109.6 97.3 84.8 80.9 83.1 91.5 103.9 109.2 115.4 123.2 124.1 130 145.6 162.6 173.2 181.5 188.9 187.5 188.6 198.5 203.8 208.6 212.8 215.7 219.4 227.5 232.7 238 243.4 248.9 253 256.8 259.9 261.7 262.7 266.3 269.2 272.1 278.3 281.3 278.7 276 270.8 266.2 261.6 255.2 246.9 240.1 239.6 251.7 279.4 287.7 276.2 292.2 304.5 309.3 298 293.9
9.6 11.5 15.2 17.8 20.1 20.6 22.6 26.6 33.7 49.9 52.9 54.2 52.8 58.1 60.3 68 71 71.9 71 68.9 65.6 61.5 63.1 76.3 83 84.9 97.8 110 116.5 120.6 115.1 107.5 103.4 90 83.6 79.7 78.5 86.7 98.6 107.1 114.4 122.9 125.7 128.3 137.5 160.7 171.3 179.4 183.9 182.4 187.2 193.9 201.7 207.1 211.6 214.7 218.9 225 231.3 236.3 241.6 248.2 252 255.3 258.4 261 261.8 265.3 268.8 273.7 280.7 285 281.4 278.5 272 265.5 259.1 253.1 245.2 239.4 243.2 266.8 289.3 291.3 290.2 294.7 301.6 300.3 295.7 291.5
6.5 8.3 11 12.7 14.6 15.3 19 23.5 27.1 43.5 48.8 42.2 46.4 54.8 63.1 70.6 74.9 77.8 77.1 70.2 63.8 59.9 57.6 67 76.5 76.6 83.7 100.6 110 121.2 118.8 106.7 99.7 87.5 80.7 69.7 78.8 89.3 98.4 102.5 111.8 119.3 125.7 128.2 131 147.7 168.5 175.9 178.1 180.7 185.6 189.9 197.7 202.4 208.7 213.6 216.9 222.9 228.9 235.7 242.5 248.2 249.8 252.7 255.6 259 261.5 265.6 269.2 276.1 281.3 287.8 284.6 278.5 272.4 264.6 253.6 245.9 241.6 238.2 248.6 272.1 281.7 290.1 290.6 290.1 298.3 296.6 291.2 285.6
4.1 5.7 7.2 8.3 9.9 11.5 15 20.8 25.7 35.2 39.3 41.1 48 56.7 65.3 73 78.3 80.2 81 69.2 64 57.3 53.1 53.8 65.3 60.5 74.8 92.9 104.7 121.6 131.1 109.8 95.6 82 74.8 68 75.8 90.5 102.7 109.3 114.5 120.1 124.8 126.5 129.9 140.6 157.2 166.6 169.8 179.9 182.8 186.1 190.6 196.4 203.6 211.6 213.1 219.9 227.6 235.8 240.9 245.4 248.7 250.5 253.9 257.3 261 265.3 269.6 276.1 282.9 288 283.9 277.5 270.7 260.8 250.6 241.3 238.6 244.4 262.3 269.4 279.4 289.2 290.8 290.6 292.1 291.7 288.6 278.7
2.7 3 4.9 5.7 6.2 8.7 11.9 18.6 24.5 31.1 35.6 43 49.2 57.6 65.6 75.2 83.9 89 90.2 77.2 64.3 54.8 51.8 50.2 55.6 56.7 73.8 89.1 98.7 117.1 126.7 112.9 95.3 78.6 73.3 69.4 80.8 94 107.2 112.9 114 122.4 124.6 126.1 130.4 135.3 146.1 158.1 168.1 174.8 178.2 180.6 185.1 190.9 198.2 203.5 209.7 216.2 225.3 233.4 239.4 241.9 245.4 250.2 252.6 256.7 260.6 265.2 270 275.3 280.2 283.9 279.6 273.4 266.5 256.4 245.6 238.9 238.7 243.1 271 281.9 274.7 281.1 286.5 290.5 285 281.6 282.5 272.3
2.7 3.5 5.9 5.9 6.8 7.3 11.7 15.9 21.8 25.9 30.8 39.7 49.4 58.5 66 75.7 87.5 89.9 90.6 78.8 64.5 50.4 46.8 45.2 46.5 54.5 70.7 86.2 96.3 105 113.8 110.9 89.1 74.4 63.6 72.3 84.3 95.5 110.9 121.3 115 122.4 128.8 127.6 129.7 135.2 143.1 155.5 163.1 169.8 173 174.9 179.5 185.2 191.6 199.3 206.4 213.4 221.9 229.5 233.4 239.4 242.3 246.4 250.1 254.5 258.7 262 266.6 270.8 275.2 278.6 274.2 269.6 260.9 249.6 240.9 232.6 243.7 256.6 270.9 283.2 276.5 278.7 280.3 282.1 274.2 254.7 252.8 265
4.4 4.6 2.5 2.3 3.1 5.5 9.6 13.4 18.6 25.5 31.6 42.1 48.3 58.6 66.5 75.1 82.4 86.1 86.8 77.9 60.2 46 46 46.9 41 48.7 61.2 78.8 92.9 99.8 103.1 105.2 87.9 72.9 58.7 72.5 83.7 100.5 115.3 125.5 120.1 122.1 127.7 127.4 128.9 133.1 138.5 149.5 158.5 164.6 168.1 169.9 175.1 180.4 186.8 193.9 201 208.9 216.5 222.2 230 234.4 239.2 243.6 247.7 252.5 256.4 259.5 262.7 264.7 267.3 269.6 266.9 264 251.6 240.9 232.5 231.3 244.8 270.8 270.7 281.4 282.4 273.9 278 274.2 256.6 235.5 229 232.7
4.5 3.5 0.5 -0.3 -0.2 0.4 2.3 5.8 17.7 25.2 31.1 39.7 48.8 58.1 65.6 70.8 77.7 79.6 80.5 63.9 43.3 39.9 44.4 49.4 42 41.2 47 66.2 83.9 91 93.7 92.9 88.1 73.5 58.6 75.3 89.3 102.3 114.5 130 125.1 122.5 127.4 130.1 129.2 130.9 136 143.5 151.9 158.1 163.2 165.7 171.1 176.8 182.8 190.1 195.4 202.9 209.8 220.2 225.5 229.2 234.4 239.2 242.9 248.4 253 254.7 256.4 258.1 259.6 259.9 256.8 246.6 225.8 219.3 237.8 239.5 251.6 269.6 271.1 274.9 281.6 269.8 270.2 259.7 236.5 222.2 217 212.9
-2 -2 -2 -2 -2 -2 -2 2.1 17.9 23.7 29.9 39.7 46.9 56.3 63.5 68.5 71.6 71.6 67.2 55.2 41.5 37.5 38 46.6 46.9 37.2 40.6 52.9 64.7 80 84.5 81.1 74.8 60.4 60.8 82.2 93.8 105.4 113.9 130.7 131.9 127.3 127.5 129 130.3 130 134 139.4 146 152.2 158.5 161.9 165.7 170.5 176.6 185.5 192.5 197.3 205.6 212.3 216.1 223.1 228.7 234.3 236.6 240.6 246.2 246.1 247.7 249.6 246.4 244.4 228.6 216.8 212.8 225.9 241.7 234.3 243.9 259 271.8 274.4 270.1 266.1 252.3 226.7 218.5 208.5 202.2 192.3
-2 -2 -2 -2 -2 -2 -2 -2 13.7 23.9 29.2 40.7 44.7 54 61.5 64.3 65.8 63.1 58.4 51 30.2 28.2 29.9 38.4 40.5 34.8 35.7 40.3 45.6 63.7 64.8 63.1 57.7 55.1 72.7 86.1 98.9 106 113 125.3 136.2 131.6 129.3 133.7 136 135 132.1 136.4 141.6 147.2 153.4 157.3 159.6 163 169.5 175.4 182.6 181.4 192.6 195.4 191.8 210.3 217 224.4 223.4 226.1 234.4 232.5 234.1 233.3 228 226.7 207.5 199.4 216.1 233 235.8 232.9 245.9 257 268 270.2 260.1 253.9 235.1 203 195.1 193.4 187.7 176.6
-2 -2 -2 -2 -2 -2 -2 -2 2.7 21.5 28.1 40.2 41.8 48.1 55.3 58.2 58.4 57 53.9 42.1 29.6 26.5 26.9 24.4 30.1 28.5 31.3 32.9 41 46.4 48.1 46.6 48.3 57.3 74.8 88.8 99.5 101.1 107.9 120.9 134.4 137.2 132.3 131.9 134.9 138.6 136.3 135.6 138.8 143.5 148.6 151.6 150.9 156.5 161.1 166.2 171.8 168.5 175 174.9 182.1 191.4 197.4 204.9 203.8 207.2 220.7 220.7 217.3 216.1 211.6 211.4 191.2 200.8 217.2 235.3 235.7 231.5 238.4 250.3 260.1 259 249.2 244.6 219.9 193.1 188.4 188 183.6 172.7
-2 -2 -2 -2 -2 -2 -2 -2 -2 19.8 26.7 36.9 41.1 40.2 44.3 46.2 46 43 36.8 29.7 27.1 23.5 22.2 24.6 28.1 26.7 27.9 30.4 34.4 36.9 37.3 41.1 55.3 68.3 78.1 87.7 96.4 99.5 101.4 111.2 123.5 135.2 137.9 128.7 130.6 139.9 139.5 140 139.3 139.3 141.8 143.4 144 148.5 152.1 155.2 160 159.6 163.7 162.4 171.4 175.7 181.2 186.2 187.8 192.2 199.4 203.7 202.8 200.2 198.5 196.5 179 191.5 200.4 224.7 228.7 227.6 229.2 237 247.3 241.7 232.2 228.7 207.6 182.9 175.2 180.3 173.8 166.8
-2 -2 -2 -2 -2 -2 -2 -2 -2 14.3 25.4 28.2 36.3 34.4 33.3 35 30.2 28.8 27.4 25.8 22 16.9 23.6 30 32.5 35.8 35.5 35.9 36.8 36.2 36.6 40.1 59.9 70 78.3 86.4 93.7 99 98.8 105.8 112 126.3 131.2 129 132 141 144.4 141.4 139.4 138.2 140 138.7 139.5 141 144.9 147 148.8 149.3 152.8 151.7 160.4 160.1 166.9 174.4 177 179.7 183.9 186 186.6 185.1 185.5 182.8 171.7 185.5 192.9 209.4 209.1 211.5 212.7 216.2 221.5 221.6 212.5 205.5 193.7 166.5 161.3 167.4 154 145.6
