data/150000-830000.asc
ncols 200
nrows 200
xllcorner 150000
yllcorner 830000
cellsize 50
[rows 0 to 39 of 200, columns 90 to 179 of 200]
-2 -2 -2 -2 -2 2.4 -2 -2 -2 -2 -2 -2 3 8.8 16.2 21.4 26.8 35.4 42.9 46.6 51.7 55.3 62 75.1 88.1 100.6 109.3 115.2 99.1 88.4 100 111 121.3 125.6 131.5 141.2 156.7 168.9 178.3 187.5 198 211.3 220.2 228.9 239.7 243.6 248 260.4 267.9 282.6 295.1 305.9 324.5 340.8 329.3 323.1 323.1 323.1 331.8 347.8 357.4 362.2 369.5 369 360.8 363 359.1 362.8 372 374 373.6 359.1 328.8 311.7 296.1 291.5 247.6 170.8 132.6 112.5 92.6 79.3 76.3 54.3 17.6 -2 -2 -2 -2 -2
-2 -2 -2 -2 -2 -2 -2 -2 -2 -2 -2 -2 -2 3.2 13.2 20.6 25.5 35.1 42.1 47 51.1 54.7 59.3 73.2 86.8 101.5 108.4 113 105 95.3 97.9 112 119.7 125.8 131.8 142 156.4 170 178.4 187.5 198 209.5 220.6 227.8 240.8 250.6 251.8 259.2 269.5 286.7 299.5 306.2 320.2 337.2 333.4 323.1 323.1 323.1 326.7 346 360.9 366.1 370.8 360.9 365.6 371 363.6 359.3 366.3 370.6 374.5 356.1 329.6 312.9 295.6 286.4 227 166 136.7 116.4 99 90.8 98 83.9 35.3 -2 -2 -2 -2 -2
-2 -2 -2 -2 -2 -2 -2 -2 -2 -2 -2 -2 -2 0.8 8.9 20.1 25.8 36.2 43.3 47.9 52.1 54.6 60.5 73.8 86.3 99.9 110.3 115.6 112.8 99.3 99.5 111.1 118.1 126.6 133.7 142.4 157.2 171.4 177.7 184.7 196.4 207.7 217.8 226.9 238.6 250.2 256.5 262.3 269.6 288.1 299.6 305.3 319.3 329.9 337.2 329 323.1 323.1 323.1 336.7 360.3 369.5 369.8 363.1 373.7 373.5 368.8 366.4 368 371.8 373 352.5 329.9 311.8 294.6 286.8 218.7 162.2 135.7 119 106.7 102.9 112.6 103 67.1 -2 -2 -2 -2 -2
-2 -2 -2 -2 -2 -2 -2 -2 -2 -2 -2 -2 -2 -2 4.5 18 23.6 38.2 45.8 50.3 53.2 55.2 60.6 72.1 85 98.4 111.1 114.1 114.4 109 98.7 110 117.2 126.8 134.2 143.4 156.9 171 176.4 183.3 196.4 205.6 214.2 227.6 238.6 251.4 260.3 265.9 273.8 285.3 292.6 302.6 315 323.9 327.9 333.6 323.1 323.1 323.1 328.5 352.6 370.6 369.3 364.9 379.4 375.6 372.7 370.5 369.3 370 363.7 347.5 327.5 311.2 294.2 282.4 205.4 161 133.5 121.6 112.4 113.5 121.5 114.9 81 19.3 -2 -2 -2 -2
-2 -2 -2 -2 -2 -2 -2 -2 -2 -2 -2 -2 -2 -2 4.7 17.7 23.2 39.5 46.2 51.8 53.6 55.4 60.9 73.3 85.8 98.6 109.8 116.2 115.4 111.4 100.8 116 119.6 127.1 136 144.5 156.1 171.7 180.3 183.9 197.9 203.9 211.3 225.2 237.5 251.8 265.7 271.7 274.1 280 292.6 303 311.4 316.6 320.9 326.5 328.6 323.1 323.1 323.1 332.7 352.1 364.4 370.1 384.1 377.1 372.9 378.8 373 371.2 362 344.5 324.4 306.8 292 274.8 197.7 160.9 132.7 123.1 115 123 130.4 116 76.7 28.6 -2 -2 -2 -2
-2 -2 -2 -2 -2 -2 -2 -2 -2 -2 -2 -2 -2 -2 7.3 18.4 25.8 40.5 47.5 52.6 55.4 59.2 62.1 74.7 86.5 98.1 107.8 115.7 120 110.2 105.6 121.2 127.5 128.3 136.8 145.7 157.2 171.7 181.4 182.7 197.5 200.8 206 216.8 234.4 249.9 271.4 280.8 277.8 281.6 292.6 300.4 307.6 310.9 314.4 322.8 335.5 323.1 323.1 323.1 331.1 338.9 343.3 370.6 380.1 374.4 376.5 381 378.8 375.3 360.7 343.4 323.3 304 289.9 264.1 188.5 157.5 134.7 123.1 119.2 126.6 133.4 114.7 89 36.8 1.4 -2 -2 -2
-2 -2 -2 -2 -2 -2 -2 -2 -2 -2 -2 -2 -2 -2 7.7 19.3 27.9 39.3 48.5 55.1 57.8 60.5 65.2 74.4 85.8 96.7 106.5 115.3 121 120.9 110.5 122.8 133.7 131.7 137.8 147.9 159.3 170.9 182.1 183.3 189.8 195.1 201.6 210 227.4 247.5 270.5 287.4 285.9 284.9 291.3 298.8 306.8 309.5 313.2 321.9 333.7 345.3 323.1 323.1 323.1 347.9 342.6 358.6 370.8 371.1 379.3 388.7 386.8 374.8 357.4 339.9 320.5 304.7 291.4 248.2 180.9 154 136.1 126 121.2 130.1 144.3 125.2 102.8 42.5 1.5 -2 -2 -2
-2 -2 -2 -2 -2 -2 -2 -2 -2 -2 -2 -2 -2 -2 10 21.2 29.5 40.7 51.2 58.2 60.3 62.5 66.6 74.9 86.3 96.4 105 113 121 126.1 117.2 114.4 133.5 139 140.7 148.9 160 171.7 181.8 185.3 186.6 191.6 199.8 206.9 221 241.5 263.8 288.3 290.6 289.2 294.6 299 307.2 311.6 315.7 320.1 329.3 347.7 336.9 323.1 323.1 337.6 351 350.8 359.5 371.2 388.7 401.1 403.8 378.5 349.4 330 320.7 303.1 287.8 230.3 173.5 149.7 135.4 128 126 134.1 140.3 131.2 112.6 46.9 11.1 -2 -2 -2
-2 -2 -2 -2 -2 -2 -2 -2 -2 -2 -2 -2 -2 -2 12.9 23.6 33.5 43.7 55.2 60.5 62.5 64.3 68.2 76.6 88.4 95.5 104.3 112.8 121.1 129.2 124.2 123.1 124.6 140.1 144.7 151.6 162.2 174 182.8 186.8 188.4 193 201.9 209.2 216.8 234.4 259.2 280.4 289.8 290.4 298 299.5 306.1 314.6 319.1 319 327.4 341.6 352 326.7 323.1 330.4 356.7 359.9 364.9 375.6 394.9 421.1 421.8 383.7 358.6 332.7 310.9 292.7 276.5 209.8 161.3 147.3 134.2 128.5 128.8 133.8 149.8 136.5 114.7 59.9 24.8 1.4 -2 -2
-2 -2 -2 -2 -2 -2 -2 -2 -2 -2 -2 -2 -2 -2 14.2 24.9 36.3 47.4 58 64 67.3 67.4 69.5 79.2 88.9 96 103.4 112.7 123.4 130.1 127.8 127.7 120.7 134.5 146.9 155.5 165.8 176.4 186.3 190 189.2 196.3 204.5 213 221.5 231.4 253 269 283.1 289.8 298 302.9 304.8 315.1 321.1 319.6 325.2 336.1 350.5 347.8 323.1 323.1 348.3 361.7 369.2 381.2 404.4 433.7 422.8 384.4 356.4 330.6 309.7 289.6 267.1 189.4 153.7 145.7 135.3 130.5 130.9 133.9 152.9 138 128 70.8 35.7 3.6 -2 -2
-2 -2 -2 -2 -2 -2 -2 -2 -2 -2 -2 -2 -2 -2 17.8 25 41.2 49.6 60 67.5 69.3 69.1 69.4 80.7 90.1 98.7 104.7 112.3 125.4 131.8 135.4 125.1 124.6 130.1 145.8 159.1 170.3 178.6 188.6 191 192.8 201.2 209.6 218.2 226.5 234.4 248.3 264.9 278.8 287.3 295.3 308 305.1 312.4 324.7 319.6 324.6 330.7 345.8 358.4 330.1 323.1 335.6 354.3 364.1 382 404.5 434.6 417.3 381.6 353.4 329 307.7 273.1 238 181.2 159.9 146.4 134.6 127.8 130 128.5 155.2 145 133.4 81.5 49.3 9.3 0.3 -2
-2 -2 -2 -2 -2 -2 -2 -2 -2 -2 -2 -2 -2 -2 20.4 25.2 44.7 52.6 62.6 68.9 70.6 69.9 71.9 81 89.6 99.8 107.3 113.4 125.4 136.2 140.3 133 131.8 137.5 147.5 160.8 172.2 180.3 189.5 194.5 198.5 205.1 213.1 220.8 230.5 239.1 252.6 266.9 278.6 287.1 295.5 306.8 306 309.1 320.6 320.5 323.8 330.4 342.3 354.9 347.3 324.1 328.3 345.7 356.2 361.3 377.2 395.8 402.9 374.6 348.9 326.1 296.1 250.3 219.1 186.5 163.7 149.7 132.2 127.8 129.8 128.6 153.7 151.3 133.2 95.5 62.7 22.3 1.7 -2
-2 -2 -2 -2 -2 -2 -2 -2 -2 -2 -2 -2 -2 -2 19.9 27.4 39.7 55 62.7 69.6 72.2 72.2 74.1 81.3 90.5 101.6 110.8 116 124.4 137.3 143.8 140.7 141.6 141.1 140.8 158.7 172.4 182 191.1 198.4 202.7 209.9 216.5 223.2 233.9 242.5 254.5 269.6 279.5 287.2 293.8 303.9 303.8 307.7 314.8 319 324.1 331.2 338.4 349.4 353.1 330 329.4 340.2 349.6 348.8 354.1 368.8 374.4 363.8 342.6 322.7 295.8 257.7 209.2 179.5 163.4 148.1 135.4 127.8 129.3 129.7 152.1 159.5 135.6 105.1 72 40.1 3.1 0.1
-2 -2 -2 -2 -2 -2 -2 -2 -2 -2 -2 -2 -2 6.9 19.1 32.4 47.7 53.4 63.5 70.2 75.3 77.4 76.7 82.7 92 100.7 110.3 114.4 124.8 138.5 147.2 143 152.1 147.6 156.6 155.4 171.6 182.2 191.5 201.3 206.6 212.7 219 226.8 236.2 244.5 257.6 272.7 281.5 288 292 299.2 302.9 307.1 311.9 318 325.3 332.2 337.3 340.6 347.8 348.3 327.2 337.5 343 340.1 348.7 354.7 362.9 368 339.8 322.4 295.2 270.8 230.6 181.6 161.6 148.2 136.8 127.8 129.8 130.3 149 162.9 145.4 109.3 78.6 59.6 11.7 1.2
-2 -2 -2 -2 -2 -2 -2 -2 -2 -2 -2 -2 -2 15.5 26.7 40.9 53.4 51.6 67.5 73.6 79.1 79.9 78.5 83.4 92 101 106.3 112.8 125.5 140.2 148.8 145.3 158.2 150.8 159 164.9 165.5 183.7 192.8 202 209.6 213.5 220.1 228.5 237.8 249.7 263.5 278.6 283.9 289.7 291 296.5 302.2 306.8 312.3 319.5 326.4 331.3 336.4 339.6 347.9 353.8 336.1 330 334.9 333.6 337.2 352.9 361.8 370.9 342.8 323.5 297 280.4 253.6 203.4 165.3 142.5 129.7 127.8 127.9 132.7 145.3 164 156.2 117.5 82.9 65.8 16 1.6
-2 -2 -2 -2 -2 -2 -2 -2 -2 -2 -2 -2 -2 19.2 30 45.2 57.8 61.3 63.3 76.2 80.5 80.9 78.7 84.6 93.2 100.4 106.8 112 123.1 139.1 149.7 150.2 162.3 160.1 162.4 173.7 173.9 188.2 196.2 207.3 210.8 215.1 221.9 230.3 241.5 252.6 270 283.1 287.4 290.4 292.1 298.1 302.5 306.6 313.5 322.3 329 331.6 336.7 343.6 346 350.3 343.3 320.8 324.3 324.5 333.9 342 364.1 366.3 341.4 324 300.3 285.1 256 215.4 184 154.6 128.9 127.8 127.8 133.3 142.2 168 161.3 139.2 95.2 81.9 22.4 2
-2 -2 -2 -2 -2 -2 -2 -2 -2 -2 -2 -2 7.6 22.3 33.9 49.5 62.4 65.8 60.2 75.3 81.1 81.5 80.2 86.5 94.5 104.8 110.1 112.2 120.4 138 151.4 155.7 168.2 169.8 165.4 179 184.8 182.6 199 209.1 216.4 218.7 223.9 231.3 243.9 253.3 272.9 287.2 289.6 289.6 293.8 300 302.2 306.3 315 325.4 331.3 335.1 339.4 346.4 343.1 343.7 348.1 320.4 314.6 315.8 318.9 325.1 337.2 344 333.9 321.2 301.2 296.1 255 209.8 193.3 171.3 137.4 127.8 127.8 129.5 137.6 167.3 169.6 154.8 110 95.6 36.1 6.7
-2 -2 -2 -2 -2 -2 -2 -2 -2 -2 -2 -2 15.4 27 37.1 52.1 63.9 69.4 63.4 75.1 83.5 84.9 83.2 88 99.5 110.1 109.5 112.5 118.9 139 152 157.6 170.7 173.9 171.2 181.5 191.5 190.7 202.9 208.9 220.4 223.4 226 233.4 244.7 256.2 272.5 286.6 291.5 290.7 295.4 301.1 306.6 308.1 316.2 327.3 335.1 338.5 342.4 345.3 339.9 340.7 345.9 330.4 310.6 309.6 311.5 314 331.9 332 328.6 319.7 305.7 301.1 271.2 218.8 191.3 169.8 141.8 127.8 127.8 128.1 133.2 163.8 174.6 165.1 119 105.7 55.9 14.5
-2 -2 -2 -2 -2 -2 -2 -2 -2 -2 -2 -2 17.8 27.4 40.1 53.6 63.5 72.2 67.7 76.5 85.5 89.7 88 91.2 103 113.2 116.3 116.4 121.5 139.6 153.3 160.8 174.4 180.7 176.4 184 195.5 200.2 197.6 209.8 219.9 226.5 230.3 235.6 246.2 258.1 272.4 285.4 296.7 292.3 296.3 305.4 308.8 310.3 316.9 326.7 338.1 339.8 344.1 345.7 338.8 338.6 343.3 337.1 308.6 308.8 314.1 314.8 324.5 333.2 327.2 319.5 317.8 306.9 277.7 235.4 201.4 178.4 144.7 129.5 127.8 128 131.1 157.9 167.1 161.8 129.9 104.3 81.6 33.9
-2 -2 -2 -2 -2 -2 -2 -2 -2 -2 -2 11.2 21.6 31.1 43 54.7 65.5 73.2 70.4 76.4 86.5 90.8 89.6 95.8 106.5 116.7 124.4 121.7 125.1 141.7 157.5 165.8 176.7 186.2 180.8 183.7 197.5 204.7 202.1 205.8 219.7 226.5 233.1 237.1 247.7 258.8 271.8 285.9 297.1 295.9 297.1 307.8 311.2 313.1 318.7 327.7 339 340.6 339.8 340.6 339.4 335.3 338.3 344.2 313.9 309.6 322.7 321.1 320.8 334.7 326.9 321.9 326.6 328.4 296.8 260.2 223.8 194.7 160.8 131.7 128.7 128.6 132.9 150.4 159.4 160.5 135.3 103 83 57.8
-2 -2 -2 -2 -2 -2 -2 -2 -2 -2 -2 15.2 25.6 36.3 47.7 56.6 66.1 74.2 74.3 79.8 87.2 90.7 91.5 100.4 110.8 120.1 129 130.1 129.6 145 159.8 169.7 177.9 189.9 186.4 182.5 196.5 208.5 212.6 210.2 219.6 226.1 233 240.3 249.6 260.2 270 282.9 296.3 295.3 297.2 307.8 314.2 315.9 319.1 326.1 333.7 336.1 334.4 338.2 337.5 333.3 334.7 340.3 335.8 310.1 319.1 323.9 328.7 336.9 327.7 321.9 326.1 325.1 305.8 261.4 230.9 195.3 176.2 139 131.8 130.5 137.1 158.8 152.9 154.8 137.1 103.6 87.6 67.3
-2 -2 -2 -2 -2 -2 -2 -2 -2 -2 -2 19.1 30.2 41.5 51.1 59 67.1 78.7 77.6 77.8 85.9 92.4 96.2 100 113.4 123.5 131.5 133.3 136.7 146.9 160.5 172.3 180.6 191.4 192.9 184.2 193.5 210.5 217.3 212 215.3 224.8 233.6 242.2 250.6 260.2 271.9 282.8 291.6 299.2 298.9 306.4 316 318.9 320.1 324.3 329.2 330.9 330.8 333.8 332.7 329.4 332.3 338.4 342.5 309.1 305.9 313.1 324.5 333.5 328.4 319.9 326.4 324.8 312.3 273 241.3 208.1 184 153.8 134.2 136.1 143.7 151.4 156.1 159.9 145.2 117 91.1 65.2
-2 -2 -2 -2 -2 -2 -2 -2 -2 -2 6.3 24.2 33.7 45 54.1 61.5 69.5 80.4 81.5 77.4 86.5 94.6 99 106.5 116.1 126 131.7 138.1 140.2 149.8 164.4 175.9 185.7 194 199 189.3 190.6 211.7 219.5 222.2 219.3 227.6 233.9 242.1 250.4 260 271.4 282.3 295.6 299.9 300.4 304.2 317.1 321.4 323.7 325.7 327.8 326.9 327.8 332.9 331 329.3 331.4 336 342.5 317.4 303.8 306.5 317.2 331.9 330.2 318.5 323 326.1 320.2 294.9 262.1 232.5 195.3 166.3 138.2 144.1 141.4 148.2 154.3 158.3 143.5 125.7 100 66.4
-2 -2 -2 -2 -2 -2 -2 -2 -2 -2 13.6 24.9 36.4 48.5 56.9 64.4 72.2 80.8 84 78.3 88.5 96.4 103.9 112.7 121.4 127.9 136.6 143 147.6 157 166.6 178.6 189.7 196.5 205.8 199.1 188.8 210.1 222 225.4 219.3 229.2 236.1 241.6 251.6 260.1 271.1 283.2 296.9 300.4 298.7 303.2 317.3 323 324.9 326.8 328.2 327.2 327.4 329.8 328.8 329 330.2 333 342.1 324.6 303.8 303.8 311.2 325.5 323.9 320.2 323.7 328.3 321.9 314.1 279.5 237.5 203.3 181.6 153 149.7 145.3 138.3 142.4 152.5 147.4 144.1 101.7 65.1
-2 -2 -2 -2 -2 -2 -2 -2 -2 -2 16.6 28.6 39.9 49.5 58.9 67.8 74.8 84 88.8 79.6 90.6 96.8 107.6 117.7 126.3 131.9 138.4 146.6 152.8 161.9 172.2 183.7 192.9 199.8 210.2 210.8 206.9 200 219.6 223.6 218.3 230 238 243.8 251.5 259.6 271.5 279.6 294.2 300.1 298.9 301.8 320.7 323.9 327.6 330.6 333.8 331.5 329.2 329.2 328.8 325.3 330 332.5 335.7 332.3 303.8 303.8 303.8 315.4 320 319 322.1 327.7 324.3 318.2 302.4 245.2 211.9 191.5 168.3 149.8 143.4 135.2 135.3 144.5 148 143.2 103.2 73.8
-2 -2 -2 -2 -2 -2 -2 -2 -2 8.8 19.9 30.4 41.9 53.8 62.6 70.5 77.8 88.3 91.7 84.9 92.7 97.7 110.4 122.6 129.6 135.4 141.1 149.8 157 166.7 177.6 187.7 196.7 200.9 212.8 218.5 220.8 219 214.3 220.5 218.3 230.3 239.4 246.3 251.4 263.2 271.5 282.1 293 301.9 303.8 306.9 320.9 325.9 330.7 335.8 338.1 337.8 329.4 327.4 327.8 323.2 325 330.5 336.9 331.2 308.1 303.8 303.8 309.5 314.9 318.4 323.4 327.1 324.6 321.5 303.1 246.2 222.9 204.2 182.6 160.5 145.7 137.7 137.9 138.6 139.6 141.2 145.4 88.1
-2 -2 -2 -2 -2 -2 -2 -2 12 17.3 25.1 32.5 44 57.2 66.3 72.3 79 90.1 93.8 93 94.4 102.7 111 126.4 136.3 139 144.9 152.9 160 171.1 182.1 192.4 200.7 211 215.2 221.1 225.6 232.3 223 219.1 218.3 230 240.7 250.4 254.3 262.7 272.6 285.2 299.3 308.6 308.3 309.5 324.8 327.2 330.4 337.3 339.2 342 334.1 328.3 325.7 320.7 323.3 330.6 337.1 329.3 312.7 303.8 303.8 303.8 313.8 319.2 323.1 321.3 325.5 322.1 301.4 269.6 229.8 215.5 200.2 172.2 154.1 142.1 139 138.8 140.1 139.9 150.8 130.6
-2 -2 -2 -2 -2 -2 1.8 11.3 20.5 24.4 27.6 35.2 46 57 68.7 74.5 79.8 91.3 99.3 98 97.1 108 115.1 130 137.6 143.3 149 154.4 160.9 175.1 186.1 195.1 204.8 219.1 220.9 223.3 226.7 234 232.2 220.1 218.3 228.8 239.1 250.8 256.4 264.3 273.9 289.8 303 312.5 311.7 312.7 329.7 328.8 330.1 337.4 341.1 345 339 329.6 325.1 319.6 321.3 330.9 336.7 329.3 315 304.8 303.8 303.8 310.5 319.7 321.5 319.1 322 319.6 313.7 287.7 256.5 233.4 207 184.7 158.1 145.4 140.3 140.4 140.5 140.2 146.1 140.7
-2 -2 -2 -2 3 5.9 9.7 19 26 30.6 29.8 36.7 45 55.6 66.9 74.3 79.4 91.2 101.5 100.1 96.1 111.4 120.5 133.9 139.7 146.3 151.3 153.8 161.1 176.9 188.4 197.3 206.3 222.4 227.8 226.4 226.3 237.5 238.9 225.9 218.3 226.3 238 247.9 258.5 270.5 279.3 291.7 308.7 316 316.3 313.7 331.8 332.6 334.3 336.7 340.7 346.9 340 329.9 325 317.9 318.5 326.2 328.5 318.8 310.6 304.8 303.8 303.8 309.3 320.4 324.3 322.6 326.2 328.8 314.5 292.8 280.3 242 216.1 199.4 177.2 153.8 147.9 145.5 141.9 141.5 143.2 138
-2 -2 -2 5.4 13.2 14 17.3 21.4 33.2 40 33.5 41.6 48.8 56 62.6 73 78.5 89.2 98.9 109.2 97.1 111.7 126.3 137 143.2 150.3 151.9 154.5 163 176 191.5 201.1 210.1 224.2 231.2 229.4 227 234.9 240.8 232.2 218.8 224.5 232.2 242.8 255.2 269.4 281.8 290.9 306.5 316.9 316.8 315.7 331.9 335.9 334.6 337.1 339 342.4 337.8 332.1 327.7 319 314.3 319.3 314.9 310.7 306.8 304.8 309.4 303.8 306.5 316.3 324.1 324.2 328.2 330.3 316.7 301.9 297.3 281.3 230.1 213.3 197.4 166.5 160.3 163.5 151.2 145.3 144.4 137.7
-2 -2 -2 10.2 20.7 20 22.2 27.2 39.3 42.8 37.9 43.8 51.5 53.2 53.9 70.7 77.6 87.8 102.5 110.8 106 112.5 128.9 142 149.7 150.2 155 159.1 164.8 175.8 188.5 201.6 214.9 224.5 231.7 230.2 227.6 231.2 241.4 235.4 221.9 219 229.6 240.8 253.1 267.9 279.3 288.3 301.1 317.2 318.2 319 318.5 335.7 334.1 333.9 334.7 336.8 337.2 331.6 328.5 318.3 308.2 310.9 310.5 309 305 302.5 309.8 308.5 304.1 316.7 321.4 321.2 325.4 326 313.6 308.7 303 295.6 255.8 225.4 209.9 188.9 169 170.8 168.9 153 150.1 135.9
-2 -2 -2 12.3 22.4 24.5 25.2 32.5 46 50.2 43.5 42.6 50.6 53 50.2 62.8 77.3 89.1 103.6 115.8 115.8 106.9 131.6 143 152.1 151 157 161.5 166 172.8 183.1 198.5 213.6 225.6 231.6 231 229.1 231.5 244.5 238.1 226 219.3 230.9 239.1 251.8 265.2 281.3 288.7 297.8 317.5 320.5 316.1 310.2 336.9 331.5 330 330.4 333 335.7 331.8 327.1 319.4 308.2 309.4 319.2 309 302.2 300.4 309.3 315.8 304.9 313.9 319.5 319.2 323.2 323.8 310.1 307 303.7 297.3 284.2 239.4 214.6 199.7 176.7 176.4 181.2 160.1 160.2 156.7
-2 -2 -2 17.9 22.7 24.6 27.2 39.2 49.1 51.1 48.7 44.1 50.1 57.3 51.3 66.1 78.1 92.3 106.3 119.2 123.1 112.2 127.9 144.2 157.2 154.9 158.8 162.8 166.3 172.5 180.7 196.9 212.6 226.9 233.8 230.5 229 233.5 246.6 245.9 233.1 221.4 226.9 236.4 250.4 263.7 280 293.4 296.7 310.2 320.6 315.7 311.2 331 331.3 329.4 329.4 328.6 327 321.5 324.9 318.1 310 304.6 309.6 307.5 301.9 299.5 306.2 317.8 309.8 315.2 318 315.5 315.9 319 302.9 301.4 303 298.3 283.5 255.7 223 211.9 189.8 177.9 178.6 163.8 159.9 169.9
-2 -2 6 18.5 19.8 22.4 28.2 45.4 50.9 55.6 52.1 45.4 53 59.4 60.9 71 75 96.5 109.6 120.9 128.8 126.2 122.2 146.4 161.2 159.3 156.7 162.9 169.7 175.7 183.6 198 214.3 228.6 239.4 234.5 230.5 233.5 247.3 252.2 245.8 231.2 235.2 237.4 247.2 259.8 273.7 289.7 301.8 304.4 315.4 313.4 311.2 322.3 328.7 323.1 321.9 320.3 317.9 317.1 322.9 315.8 306 300.7 302.7 303.5 299.8 299.5 302.6 314 317.8 311.9 313.6 314.7 308.6 309.7 296.5 300.1 301.6 294.8 280.7 268.1 242.1 221.2 197.1 180.5 170.2 162.7 164.4 173.7
-2 -2 7.7 13.3 16.5 19.1 28.7 43.4 50.8 61.2 54.7 48.7 55.1 61.7 68.1 76.3 71.3 98.6 113 125.2 133.3 138.2 122.6 145.3 163.6 163 159.7 164.7 173.6 180.6 189 200.5 216.4 232.5 241.2 234.1 231.4 237.2 247.8 255.8 253.8 238.5 237 241 246.9 256.9 270 282.6 296.6 301.2 308.7 310.9 310.6 325.4 328.2 322.3 320.1 313.5 312.5 314.9 316.9 308.7 302.1 298.3 298.5 299.2 299.3 301.4 306.8 311.8 319.2 313.3 312.3 314.8 307.1 303 296 298.3 299.2 291.6 279.8 276 259.6 232.6 213.3 194.1 174.8 165.7 164.5 169.5
14.4 5.9 7.4 10.7 12.5 17.3 24.8 45 50.4 58.8 59.5 54.9 57.2 66.4 69.8 78.2 81.1 96.5 116.5 128 138 143.2 134.7 140.5 161.4 169.9 163.1 167.2 175 186.7 195.6 202.8 217.5 235.1 247.3 235.4 232.4 239.9 250.4 259.3 257.2 242.6 237.2 240 244.9 253.5 270.3 281.2 290.1 296.4 299.2 305.1 311.2 325 324.4 320.5 318.3 311.9 309.4 309.3 306.4 301.1 297.6 295.2 292.5 295.5 300.4 303.5 309.9 310.7 314.2 314.8 312.9 312.5 305.8 300.1 300.2 292 293.3 290.1 279.6 276 267.9 247 225.7 208 186.1 173 165.9 164.8
18.8 9.4 6.4 7.8 10.9 15.9 23.7 44.2 41.3 48.5 56.6 60.4 60.7 70.3 75.1 77.9 90 104.5 118.3 129.6 138.2 150 144.8 140 157.5 169.9 169.3 173.1 177.3 189 202.7 209.1 222.1 240.8 252.5 241.6 234.3 243.1 252.2 260.7 255.4 239.8 229.5 238.8 244.6 250.9 268.4 277 281.9 289.3 294.9 300.5 307.6 322.1 320.7 321.4 318.2 313 309.7 298.6 295.3 292.3 291.8 295.5 286.5 291.1 299.1 303.4 308.7 313.3 312.1 319.3 318.2 315.7 308.3 297.3 301.1 288.1 284.6 280.1 277.6 275.4 269.3 255.6 235.2 219.8 194.6 182 170.7 161.6
10.7 4 3.9 6 9 15.1 24 26.4 30.5 38.3 59.9 64.6 66.1 70.4 83 82.1 87.8 105.4 117.5 112.3 120.5 145.8 154 144.9 153.9 170.7 174.1 178.2 183 190.5 209 216.6 227.7 244.1 251.7 245.8 236.3 249.9 251.6 259.5 252.4 236.4 229.5 236.3 241.9 251.6 269.4 277.8 280.7 288.8 298.3 299 303.2 319.2 318.5 319.4 313.9 312.3 303 290.9 285.2 283 280.1 281.6 282.6 286.5 299.4 300.1 306.9 312 310.3 317.6 319.5 320.6 314.9 295 293.9 291.5 278.8 278.2 275.4 274.2 270.2 260.5 243.6 224.7 200.5 187.5 175.2 164.2
-2 -2 -2 8.8 12.4 14.9 17.1 19.7 26.6 34.2 63.3 70.7 73.1 72 85 87.9 84.4 98 101.9 101.1 101.6 129.1 159.9 155.2 154.9 160.8 174.2 179.6 186.2 197.8 210.2 221 231.8 246.3 258.3 251 238.7 251.9 256.2 255.7 248.6 232.8 227.5 229.6 236.8 249.1 270.3 283.6 284.5 290.2 301 299.1 296.6 309.3 312 312.8 314.9 306.5 298 284.9 276.3 275.3 267.7 273.1 280.2 285.5 295.8 299.7 303.8 310.4 310 309.6 315.6 316.2 312.6 296.5 288.1 285.5 277.8 275.1 272.5 272.7 269.7 261.4 249.4 229 211.3 192 183.9 174.2
-2 -2 -2 11 14.5 14.9 15.6 16.5 22.6 32.1 63.5 76.8 79.8 78.2 90 94.3 91.1 89.9 90.3 100.3 118.6 143.3 162.2 162 163.4 162.3 171.2 181.3 190.5 202.7 213.8 225.4 237.2 249.2 259.9 262.7 241.9 248.7 257.2 251.6 243.2 225.9 220.7 226.2 232.8 243 263 284.9 289.8 290.9 299.4 299.5 289.5 297.9 304.5 302.7 304.9 300.7 294.4 278.5 263.7 265.6 261.4 277.5 280.9 284.6 290.4 303.9 300.9 309 308.1 305.3 311.4 313.8 309.4 296.8 290.1 287.8 277.9 273.5 269.8 270.6 269.7 263.5 254.4 236.3 211.1 201 182.3 171.7
