data/150000-820000.asc
ncols 200
nrows 200
xllcorner 150000
yllcorner 820000
cellsize 50
[rows 0 to 34 of 200, columns 79 to 157 of 200]
98.2 107.9 123.4 137 149.2 159 169.7 172.7 182.6 191.9 191.7 188.4 180.4 175.1 170.9 164.4 153.6 142.8 128.5 115.9 105.9 96.5 88.9 79.7 74.2 75.9 81.4 84.4 83.5 83.8 82 82.1 80.6 78.2 73.7 69 68.8 70.1 73.9 71.8 67 62.2 57.7 49.7 43 35.4 28 25.7 22.2 19.5 16 12.6 7.8 -2 -2 -2 -2 -2 -2 -2 -2 -2 -2 -2 -2 -2 -2 -2 -2 -2 -2 -2 -2 -2 -2 -2 -2 -2 -2
108.6 117.6 134.6 146.4 161.9 169 178.1 182.8 191.3 197.6 194.4 189.5 181.3 174.6 166.2 157.9 146.1 134.9 124.3 111.7 98.1 90 81.5 78.3 81.4 86.5 92.3 95.7 95.1 94.9 92.8 93 88.2 88.7 84.2 82.7 86.1 89.7 89.7 88.4 82 74.4 64.3 55.5 49.3 42.3 32.8 32.6 28.7 24.1 21 16.8 11.5 -2 -2 -2 -2 -2 -2 -2 -2 -2 -2 -2 -2 -2 -2 -2 -2 -2 -2 -2 -2 -2 -2 -2 -2 -2 -2
117.5 127.7 150.3 170.7 182.1 183.2 182 184.3 191.9 196.5 194.8 190.1 179.5 169.8 160 149.5 139.3 126.4 117.9 108.3 96.3 88.2 78.9 82.7 88.8 95.1 100.2 104 106.9 103.9 102.4 101 100 99.2 98.5 100.9 108.2 111.5 108.6 106.8 97.4 85.3 72.2 64.5 59.9 49.3 43.9 38.6 34.5 29.3 24 19 10.4 -2 -2 -2 -2 -2 -2 -2 -2 -2 -2 -2 -2 -2 -2 -2 -2 -2 -2 -2 -2 -2 -2 -2 -2 -2 -2
129 146.3 159.7 177.5 192.6 191.3 190.9 194.9 193.9 191.5 188 183.1 174.2 164 152.8 141.8 131.9 122.3 112.3 102.9 93 86.1 82.3 91.5 99.8 105.9 110.5 115.4 116 113.4 112.5 110.6 111.3 111.1 113.8 118.8 129.1 131.8 126.7 119.2 104.9 92.4 81.3 74.3 66.1 55.9 48.6 45.1 39.1 33.5 28.7 18.5 6.4 -2 -2 -2 -2 -2 -2 -2 -2 -2 -2 -2 -2 -2 -2 -2 -2 -2 -2 -2 -2 -2 -2 -2 -2 -2 -2
141.8 154.9 173.4 189.2 195.5 194.9 194.8 199.6 193 187 182.3 176.7 167.5 156.7 146.4 136.2 125.5 117.5 106.4 98.6 89.4 90.6 88 97.8 109.3 117.1 128.9 137 130.7 134.2 129.2 125.9 124.6 125.4 129.7 137.6 140 141.1 132.3 119.4 107.7 97.3 88.2 84.6 76 63.3 50 49.9 42.7 35.6 30.8 20.8 6.4 -2 -2 -2 -2 -2 -2 -2 -2 -2 -2 -2 -2 -2 -2 -2 -2 -2 -2 -2 -2 -2 -2 -2 -2 -2 -2
173.7 169.8 184 196.7 200 197.2 198.2 197.2 190.1 181.8 175.2 168.5 158.2 149.5 139.4 128.4 121.6 112.6 102.7 97 91.7 85.8 96.5 106.6 117.6 130.7 141.6 144.4 148.9 156.4 149.9 144.5 145.9 149.2 157.3 161.8 154.8 147.9 136.2 124.3 111.3 101.4 92.9 90.8 78.4 63.4 52.7 48.2 40 33.2 26.7 17.1 -2 -2 -2 -2 -2 -2 -2 -2 -2 -2 -2 -2 -2 -2 -2 -2 -2 -2 -2 -2 -2 -2 -2 -2 -2 -2 -2
195.7 203 207.6 211.2 207 201.1 196.9 198.5 189.1 178.2 168.7 158.7 151.1 143.9 134.1 124.7 113.7 106.5 99.2 93.3 89.4 96.6 102.8 111.6 122.2 135.2 146.9 154.9 165.5 181.7 189.3 185.4 181.9 184.9 185.1 176.3 168.1 159.4 150.6 136.5 119.5 102.6 91.9 85.3 76.1 63.6 53.6 45.6 40.9 31.2 23.1 -2 -2 -2 -2 -2 -2 -2 -2 -2 -2 -2 -2 -2 -2 -2 -2 -2 -2 -2 -2 -2 -2 -2 -2 -2 -2 -2 -2
207 222 229.6 222.3 211.7 202.3 196.9 196.9 188.2 174.8 164.8 154.8 145.3 135.2 127.4 121.6 112.2 102.1 95.6 91.7 97.6 101.3 107.8 116.3 128.5 144.3 157.4 165.1 176.8 189 200.6 210.9 205.8 205 197.9 182 172.3 165.5 155.5 141.9 131.4 113.4 94.6 82.8 74.5 63.6 52.7 44.5 36.5 28.5 -2 -2 -2 -2 -2 -2 -2 -2 -2 -2 -2 -2 -2 -2 -2 -2 -2 -2 -2 -2 -2 -2 -2 -2 -2 -2 -2 -2 -2
211.9 227.2 231.8 225.2 213.2 201.4 195.1 191.1 181.6 170.8 161 151.7 143.3 132.1 122 116.8 108.5 100.6 95.5 97.1 101.5 106.6 114.4 124.2 138.3 156.2 163.8 175.7 191.8 204.1 207.5 209.6 209.4 209.5 194.2 176.7 163.6 154.2 150.7 145.3 131.8 114.5 102.1 81.5 71.4 60.3 50.8 39.9 29.9 -2 -2 -2 -2 -2 -2 -2 -2 -2 -2 -2 -2 -2 -2 -2 -2 -2 -2 -2 -2 -2 -2 -2 -2 -2 -2 -2 -2 -2 -2
228 229.7 231.1 224.6 213.1 198 191.8 185.2 175.1 164.7 155.3 147 139.2 128.5 117.3 107.8 103.1 98 97.5 101.7 110.5 117.9 124.1 135.5 147.9 161.7 171 185.5 203 217.2 215.7 209.4 206.6 199.1 185.5 170.4 155.2 144.8 141 135.6 120 103.9 93.9 78.3 66 53.5 41.8 31 -2 -2 -2 -2 -2 -2 -2 -2 -2 -2 -2 -2 -2 -2 -2 -2 -2 -2 -2 -2 -2 -2 -2 -2 -2 -2 -2 -2 -2 -2 -2
231.1 230.3 227.3 218.5 204.9 194.2 187.1 180.6 171.9 161.6 150.5 140.2 130.9 122.5 114.6 106.4 100.8 100 103.3 108.9 119.2 128.9 139.3 147.4 159.3 172.8 186.6 197.4 207.8 213 211.8 200.8 189.9 186.8 182.4 163.7 145.5 133.1 126.1 120.6 106.7 93 77.8 66.6 54.9 39.3 29.8 -2 -2 -2 -2 -2 -2 -2 -2 -2 -2 -2 -2 -2 -2 -2 -2 -2 -2 -2 -2 -2 -2 -2 -2 -2 -2 -2 -2 -2 -2 -2 -2
231.4 232.1 223.1 212.1 198.3 189.8 183.8 177.6 169 159.2 148.9 137.8 126 117.7 110.7 106.7 101.3 103.6 108.4 119.4 126.8 139.1 149.6 156.1 168.5 188.1 199.3 199.2 198.3 197 196.7 187.5 179.5 171.4 160.7 147.8 134.8 123.6 110.6 98.9 89.9 75.2 58.6 47.1 37.4 24.4 -2 -2 -2 -2 -2 -2 -2 -2 -2 -2 -2 -2 -2 -2 -2 -2 -2 -2 -2 -2 -2 -2 -2 -2 -2 -2 -2 -2 -2 -2 -2 -2 -2
229.1 224.9 217.5 206.1 195.2 187.3 181.3 173.6 164.7 156.6 146.7 136 125.3 115.3 108.5 108.1 106.5 109.7 114.4 127.2 141.5 147.4 159.2 176 185.9 196.1 201.4 195.8 185.1 175.9 170.9 166 156 152.2 144 130.6 122.5 118.9 103.2 82.7 66.2 55.8 43.9 31.6 16.6 -2 -2 -2 -2 -2 -2 -2 -2 -2 -2 -2 -2 -2 -2 -2 -2 -2 -2 -2 -2 -2 -2 -2 -2 -2 -2 -2 -2 -2 -2 -2 -2 -2 -2
220.7 217.1 211.1 198.7 189.8 184.9 178.8 171.5 162.4 152.9 142.3 132.3 122.5 112.2 109.6 109.6 111.3 115 122.4 139.5 151.5 157.2 172.3 189.6 190.8 193.6 193 187.1 176.2 165.2 155.6 149.6 144.6 138.5 128.8 117.8 111.2 99.8 83.3 62.7 45.8 36.6 25.4 6.3 -2 -2 -2 -2 -2 -2 -2 -2 -2 -2 -2 -2 -2 -2 -2 -2 -2 -2 -2 -2 -2 -2 -2 -2 -2 -2 -2 -2 -2 -2 -2 -2 -2 -2 -2
212.3 208.8 202.2 193.2 186.4 181.2 176.5 169.2 161.3 150.8 139.1 127.2 119.2 119.3 115.5 116 119.7 121.6 129.8 146.2 167.5 175.4 181.4 196.8 193.5 188.5 184.9 180.3 170.3 154.3 143.3 135.9 129.9 122.7 114 102.1 90.7 75.2 59.6 43.1 29.9 16.5 -2 -2 -2 -2 -2 -2 -2 -2 -2 -2 -2 -2 -2 -2 -2 -2 -2 -2 -2 -2 -2 -2 -2 -2 -2 -2 -2 -2 -2 -2 -2 -2 -2 -2 -2 -2 -2
205 201.9 197.5 189.9 183.7 178.3 173.6 167.6 159.6 148 136.9 130.5 127.9 126.4 124.2 124.1 127.6 133.4 147.4 167.2 185.3 187.3 188.3 190.1 187.2 185.2 176.2 166.8 157.1 140.6 127.9 118.5 111 103.8 96 86 71.9 56 40 25.8 10 -2 -2 -2 -2 -2 -2 -2 -2 -2 -2 -2 -2 -2 -2 -2 -2 -2 -2 -2 -2 -2 -2 -2 -2 -2 -2 -2 -2 -2 -2 -2 -2 -2 -2 -2 -2 -2 -2
199.5 195.7 191.7 186.8 181.2 178.6 174 168.5 159.3 148.1 141 140.1 137.9 133.8 133.1 134.4 143.6 160.6 175.3 189.1 192 188.9 189.3 183.8 179.3 175.1 160.8 151.9 142.1 128.2 114 101.8 95.2 89.3 78.4 70 56.6 43.5 26.1 -2 -2 -2 -2 -2 -2 -2 -2 -2 -2 -2 -2 -2 -2 -2 -2 -2 -2 -2 -2 -2 -2 -2 -2 -2 -2 -2 -2 -2 -2 -2 -2 -2 -2 -2 -2 -2 -2 -2 -2
193.8 191.8 187.5 183.5 178.9 177.5 172.9 166.6 158.7 151.1 149.5 149.2 147.5 144.2 147.8 154.2 169.9 186.5 193.7 193.1 189 188.9 185.3 174.9 164.8 156.1 147.2 138.2 127.6 115.8 105 91.6 78.4 71.4 58 54 42 24.4 -2 -2 -2 -2 -2 -2 -2 -2 -2 -2 -2 -2 -2 -2 -2 -2 -2 -2 -2 -2 -2 -2 -2 -2 -2 -2 -2 -2 -2 -2 -2 -2 -2 -2 -2 -2 -2 -2 -2 -2 -2
190.1 187.4 183.8 181.1 177.9 173.5 170.8 165.6 162.6 163.8 161.7 158.5 160.1 163.6 177.7 190.4 202.6 207.3 204 197.2 190.1 186.8 178.9 155.4 148.2 142.9 133.3 119.5 111.8 104.2 92.4 80.6 61.9 47.5 44.5 38.5 20.5 -2 -2 -2 -2 -2 -2 -2 -2 -2 -2 -2 -2 -2 -2 -2 -2 -2 -2 -2 -2 -2 -2 -2 -2 -2 -2 -2 -2 -2 -2 -2 -2 -2 -2 -2 -2 3.5 3.5 3.1 2 -2 -2
186.4 182.3 178.9 176.3 172.1 170.2 168.8 167.3 173.9 181.4 179.9 176.1 184.3 189.6 209.3 217.3 211.8 207.8 199.8 191.1 180.4 173.7 158.2 142.2 132.2 126.9 117.5 106.4 92.8 84.3 71.8 57.9 44.9 30.6 27.9 12.3 -2 -2 -2 -2 -2 -2 -2 -2 -2 -2 -2 -2 -2 -2 -2 -2 -2 -2 -2 -2 -2 -2 -2 -2 -2 -2 -2 -2 -2 -2 -2 -2 -2 -2 -2 5.3 12.4 15.8 10.6 10.9 9.6 7.6 -2
179.6 176.7 172.6 169.9 166.6 164.9 165.3 169.7 183.7 192.4 197 202.3 207.1 219 219 219.7 210.8 197 184.9 174.7 161.6 152 139.4 126.7 116.4 112.7 104.3 90.7 74.3 64.5 49.9 38.5 27 13.6 -2 -2 -2 -2 -2 -2 -2 -2 -2 -2 -2 -2 -2 -2 -2 -2 -2 -2 -2 -2 -2 -2 -2 -2 -2 -2 -2 -2 -2 -2 -2 -2 -2 -2 -2 -2 7.7 12.8 17.3 20 17.4 16.9 17.4 12.3 6
173.6 168.5 165.1 163.2 160.4 158.8 161.6 179.1 192.5 206.6 219.5 227.1 228.5 219.3 213.2 209.3 201.4 182.2 165.6 153.9 141.5 133.5 121 113.5 102.7 94.4 87.3 70.2 52.7 43.8 27.7 13.1 -2 -2 -2 -2 -2 -2 -2 -2 -2 -2 -2 -2 -2 -2 -2 -2 -2 -2 -2 -2 -2 -2 -2 -2 -2 -2 -2 -2 -2 -2 -2 -2 -2 -2 -2 -2 -2 1.7 9.6 15.1 19.3 25.1 24 23.5 23.7 23.5 20.1
167.6 162.8 157.9 156.2 156.1 158.1 165.4 183.7 198.7 212.9 222.5 227.6 227.3 212.1 201.8 195 184.3 163.3 148.4 136.6 126.9 116.5 104.7 97.4 88.9 75.3 64 48.8 37.1 19.9 -2 -2 -2 -2 -2 -2 -2 -2 -2 -2 -2 -2 -2 -2 -2 -2 -2 -2 -2 -2 -2 -2 -2 -2 -2 -2 -2 -2 -2 -2 -2 -2 -2 -2 -2 -2 -2 -2 -2 5.7 13.6 22.8 32.4 36.2 33.7 32.4 31.6 29 26.4
159.2 157.9 153.2 150.5 150.9 154.4 165.1 183.2 199.7 212.1 220.8 220.1 217.5 204 187.2 177.5 160.2 141.2 129.2 120.7 111.7 97.5 89.9 78.5 68.2 56 44.7 28.8 10.1 -2 -2 -2 -2 -2 -2 -2 -2 -2 -2 -2 -2 -2 -2 -2 -2 -2 -2 -2 -2 -2 -2 -2 -2 -2 -2 -2 -2 -2 -2 -2 -2 -2 -2 -2 1.5 2.4 2.9 4.1 9 13 16.9 29.8 39 47.4 46.6 44.6 39.7 35.9 32.6
151.4 150.6 147.2 147.4 149.8 158.1 165.4 180.8 195.9 210.3 214.1 206.7 197.7 188 173.8 153.7 140.6 125.1 112.3 100.7 94.8 83.4 73.6 59 46.5 37.9 24.4 2.4 -2 -2 -2 -2 -2 -2 -2 -2 -2 -2 -2 -2 -2 -2 -2 -2 -2 -2 -2 -2 -2 -2 -2 -2 -2 -2 -2 -2 -2 -2 -2 -2 -2 -2 -2 2.5 6.8 8.4 12.3 14.6 18.5 23.5 29.4 36.8 45.4 53.3 53.8 52.1 45.6 38.1 35
144.4 142.3 141.2 141.5 147.4 159.1 167.5 178 190.7 200.1 196.4 187.9 179 167.8 153.9 136.8 125.7 112.5 96.9 87 75 65.9 55.3 38.7 29.1 14.4 -2 -2 -2 -2 -2 -2 -2 -2 -2 -2 -2 -2 -2 -2 -2 -2 -2 -2 -2 -2 -2 -2 -2 -2 -2 -2 -2 -2 -2 -2 -2 -2 -2 -2 -2 -2 4.4 8.8 14.2 16.4 20.6 25.3 30.1 32.3 38.1 42.2 53.3 61.2 61.4 61.8 54.1 52.7 50.8
138.5 139.2 138.9 139.2 148 155.6 164.9 178.2 185.1 187.5 178.3 170.2 159.9 147.4 133.8 120.6 107.7 97.6 83.2 71.7 58.6 44.8 34.2 18 4.7 -2 -2 -2 -2 -2 -2 -2 -2 -2 -2 -2 -2 -2 -2 -2 -2 -2 -2 -2 -2 -2 -2 -2 -2 -2 -2 -2 -2 -2 -2 -2 -2 -2 -2 -2 -2 2.7 9.1 14.1 21.1 26.7 32.1 36.5 43.7 45.9 48.9 54.3 62 69.9 69.3 66.1 64 61.5 59.2
129.9 138.2 139.2 141 149.2 153.3 160.2 169.5 175.3 170.5 161.5 154.7 140.5 127.3 115.6 103.7 91.2 80.8 68.7 51.6 39.2 27.7 13.2 -2 -2 -2 -2 -2 -2 -2 -2 -2 -2 -2 -2 -2 -2 -2 -2 -2 -2 -2 -2 -2 -2 -2 -2 -2 -2 -2 -2 -2 -2 -2 -2 -2 -2 -2 -2 1.5 5.4 10.8 17.5 20.8 30.5 37.2 42.4 48.8 54.6 59 61.1 62.3 70 79.9 79.6 72.5 70.1 67.3 62.7
130 135.4 139.2 139.2 144.4 151.4 157.7 157.6 156.9 151.5 146.2 139.2 126.6 110.2 96.8 87.5 75.8 61 46.8 34.7 20.1 -2 -2 -2 -2 -2 -2 -2 -2 -2 -2 -2 -2 -2 -2 -2 -2 -2 -2 -2 -2 -2 -2 -2 -2 -2 -2 -2 -2 -2 -2 -2 -2 -2 -2 -2 -2 -2 2.5 8.1 17.2 25.8 29.8 34.3 42.9 51.1 56.9 63 65.6 71 77.5 77.5 80.4 86 86 83 75.3 71.4 67.4
126.2 130.8 136.1 139.2 140.3 149.3 148.4 146.5 140.5 138.9 132.5 124.6 109.1 93.4 84.7 73.3 59.1 43 29.9 16 1.8 -2 -2 -2 -2 -2 -2 -2 -2 -2 -2 -2 -2 -2 -2 -2 -2 -2 -2 -2 -2 -2 -2 -2 -2 -2 -2 -2 -2 -2 -2 -2 -2 -2 -2 -2 -2 4.1 10.9 18.5 28.8 37.5 43.1 50.7 58.4 67 73.8 78 80.1 82.2 86.2 86.1 93.1 95.4 94.7 89.3 81.8 79 74.5
121.2 126.6 130.7 135.2 134.5 139.2 136.6 133.1 130.5 126.9 117.4 104.6 88.4 77.4 66.4 55.9 41 27.3 12.2 -2 -2 -2 -2 -2 -2 -2 -2 -2 -2 -2 -2 -2 -2 -2 -2 -2 -2 -2 -2 -2 -2 -2 -2 -2 -2 -2 -2 -2 -2 -2 -2 -2 -2 -2 -2 -2 2.7 12.5 22.7 32.8 43.7 50.4 57.1 64.2 73.3 82.2 89.4 94.5 98.6 101.2 101.6 101.1 104.7 103.9 101 94.7 90.8 86.9 81.2
119.1 122.9 124.7 130.8 127 126.2 126.5 122.1 120.2 112.9 96.4 84.4 73.4 60.7 48.9 37.1 23.9 9.4 -2 -2 -2 -2 -2 -2 -2 -2 -2 -2 -2 -2 -2 -2 -2 -2 -2 -2 -2 -2 -2 -2 -2 -2 -2 -2 -2 -2 -2 -2 -2 -2 -2 -2 -2 -2 -2 1.4 5.4 19.3 33.3 47.3 58.7 65.9 73.9 80.4 87.2 95.6 103 107.6 113.4 117.8 116.2 114 115.4 112.2 108.1 101.4 96.9 93.1 86.8
111.4 114.1 117.7 120 116 117.6 117.6 113.1 104.7 90.9 80.8 66.6 55.8 43.3 31.1 19.3 6.4 -2 -2 -2 -2 -2 -2 -2 -2 -2 -2 -2 -2 -2 -2 -2 -2 -2 -2 -2 -2 -2 -2 -2 -2 -2 -2 -2 -2 -2 -2 -2 -2 -2 -2 -2 -2 -2 -2 3.7 13.7 27.1 43.3 59.4 71.2 80.6 90.9 96.2 100.5 108.8 117 122 127.9 132.4 131.8 126.9 127.2 119.7 116.4 109.4 105.4 98.8 90.8
99.4 104 106.2 108 109.2 106.9 100.3 95.9 83.8 70.9 59.8 49.2 39.1 25.8 15.1 2.8 -2 -2 -2 -2 -2 -2 -2 -2 -2 -2 -2 -2 -2 -2 -2 -2 -2 -2 -2 -2 -2 -2 -2 -2 -2 -2 -2 -2 -2 -2 -2 -2 -2 -2 -2 -2 -2 -2 -2 5.4 16.7 36.4 50.7 67.3 84.1 95 105.6 111.8 116.4 126.5 134.1 141.3 145 155.2 155.4 146.3 143.3 137.3 126.4 121.8 113.1 104.5 95.6
88.4 92.3 93.3 94.1 95.1 87.6 82.1 74.3 60.1 49.6 39.5 30.2 20.8 11.3 2 -2 -2 -2 -2 -2 -2 -2 -2 -2 -2 -2 -2 -2 -2 -2 -2 -2 -2 -2 -2 -2 -2 -2 -2 -2 -2 -2 -2 -2 -2 -2 -2 -2 -2 -2 -2 -2 -2 0.2 3.7 10.8 25.3 43 57 72.3 92.2 108.1 119.9 127.2 132.6 142.5 151.4 160.7 166.3 169.4 171.4 169.4 164.6 156.1 140.8 131.7 120.4 110.1 100.5
