data/150000-820000.asc
ncols 200
nrows 200
xllcorner 150000
yllcorner 820000
cellsize 50
[rows 70 to 104 of 200, columns 79 to 157 of 200]
21 20.8 20.4 19.6 20 20.7 23.3 24.9 31.1 33.8 40.1 47.7 50.4 54.7 61.5 70.3 81.2 95.9 105.7 115.1 131.5 147.8 163.6 181 203.1 223.1 248 272.9 294 317 339.8 359.7 378.3 395.1 414 432 436.3 423 399.3 370.5 340.8 307.6 273.3 236.4 212.4 185.4 150.5 121.6 95.4 77 63 50.1 39.5 29.2 22.4 17.9 16.5 17.7 19.7 19.5 21.1 22.7 24.9 28.2 32.1 39.6 40.6 40.7 38.7 46.2 52.8 60.5 70.1 72.3 77.3 84.9 89.2 101.9 114.8
21.1 22.7 23.9 23.6 24.4 26.1 29.8 35.2 42.5 44.4 47 52.9 59.5 63.2 73.5 83.7 99.7 109.2 118.9 134.5 150 168 185.3 202.1 223.1 247 270.2 294.4 321.7 344.6 367.1 387.7 403.6 418.8 433.7 444 444.4 432.9 407.7 376.6 346.4 308.7 273 238.7 211.4 181.4 150.8 119.5 94.3 76.1 64.4 51.1 37.7 28.2 21.4 16.6 15.7 16.8 19.2 20.7 21.7 23.5 25.9 28.5 34.1 40.4 44.1 45.9 41.1 41.7 43.8 58 68.4 69.1 71.9 79.9 86 98.3 116.6
24 26.2 27 28.1 30.1 33.1 38 46.6 52.6 52.2 55.9 60.4 66.9 72.9 81 98 117.5 128.2 135.6 150.6 170.8 190.8 208.6 227.9 252.6 274.5 294.2 317.9 347 370.1 394.8 413.2 426.9 439.2 447.5 451.7 448.5 439.8 410 373.7 339.6 303.8 269.3 234.9 206.2 176 145 116.6 92.2 75 62.1 48.1 36.2 28.8 20.5 15.7 15.3 17.7 19 21.9 21.9 24.4 27.8 31.2 37.6 45.4 48.2 50.4 49.2 50.5 50.8 48.5 61.4 66 69.4 81 93.5 108.8 123.4
27.7 30.6 31.4 34.7 37.6 41.5 43.2 54.9 59.9 62.2 62.4 69.7 76.7 84.2 96.1 108.9 128.5 143.3 152.7 171.6 195.3 213.9 236 258 282.5 299.9 324.2 348.3 370.6 394.5 420.3 437 447.3 454.4 460.3 456.7 449.9 433.2 401.5 364.1 330.9 296.1 260.8 229.2 197.4 167.4 137.3 110.7 90.2 72.4 59.7 46.3 34.1 24.7 18.4 14.9 14.8 15.7 19.2 21.8 23.8 26 29.7 35.5 42.8 50.8 50.8 50.1 49 50.9 56.1 59.8 61.4 65 74.9 83.6 97.6 113.4 127.6
28.5 33 37.5 40.4 43.6 48.6 52.6 59.9 66.8 69.9 71.5 79.2 87.3 94.6 108.2 124.3 142.4 150.5 169 192.5 215.1 238.9 263.6 287.3 307.6 330.2 353.7 375.2 396.1 422.2 444.1 459.3 467.6 471.8 471.2 462.3 449.3 422.7 389.2 353.2 319.2 286.2 252.1 217.5 191 159.6 130.4 104.9 87.9 70.1 60.1 45.6 29.8 22 17 14.1 14.1 14.8 19 23.1 27.5 29.9 33.3 39.3 46.7 52.8 50 49.6 49.2 55.9 62.3 62.4 63 70.3 76.8 87.9 104 121.3 134.2
31.8 37.1 41.2 45.1 52 55.4 61.8 64.3 73.3 76.9 81.5 87.4 97.1 106.4 120.5 132.7 149.9 166.7 184 205.7 231.4 255.9 280.2 305.1 335 357.8 380.3 400.9 425.1 448.3 465.8 477.3 484.2 487.8 479.7 463.7 444.2 409.4 376.4 342.7 309.2 274.4 240.2 208.9 178.4 152.2 123.2 99.6 81.5 66.4 54.7 42.9 28.8 22 16.4 13.7 13.8 14.7 17.4 25.6 31.2 31.8 36.4 44.1 51.1 50.9 50.3 50.9 52.9 61.2 67.1 70.1 68.2 72.7 83.1 96.8 111.7 125.6 139.9
36.4 40.6 45.1 51.3 59.5 62 66.6 70.9 80.6 85.6 91.4 96.7 104.2 117.6 129.7 144.5 159.7 178.4 193.7 217.1 241.8 266.3 292.2 318.6 347.2 375.2 400.7 424.3 448.4 471.7 485.2 496.1 501.9 499 483.7 461.7 431.7 397.6 364.4 330.5 297.7 261.1 232.6 199.5 168 143 116.1 94.7 74.7 59.1 48.9 37.5 25.4 20.9 16 13.2 13.8 14.6 18.4 22.1 28.9 33.8 38.4 48 52.8 52.6 51.4 52.2 55.2 69.2 75.1 74.7 69.8 82.2 89.4 97.8 111.7 127.9 144.2
41.7 44.2 49.1 58.2 63.6 70.2 74.3 81 84.3 99 98.4 104.1 110 121.9 138.1 154.1 169.3 190.6 208.3 218 250.9 277.1 301.7 329.3 358.7 385.9 417.3 444.5 471.2 490.9 505 516.5 518.2 506.8 482 453.5 420.5 386.8 352.1 317.1 284 252.3 222.9 192.5 163.2 134.9 109 90.4 69.2 55.5 43.1 31.7 24.1 18.4 15.7 12.9 13.4 14.9 16.7 20 24.7 31.8 37.8 45.4 52.8 53.8 52.2 54 57.4 66.3 69.6 77.9 82.2 87.8 96.2 104.5 117 134.2 149.9
45.2 46.6 52.2 61.8 69.7 76.5 82.9 88.3 91.4 97.4 102.4 110.4 119.9 128.7 141.4 158.2 179.6 199.6 218.4 240.4 259.1 277.9 309.3 340.5 375 405.6 438 465.4 492.7 513 528.9 539.3 530.8 503.9 473.3 442.3 409.2 374.9 338.9 303.8 270.7 239.8 209.7 182.2 154.5 130 103.7 84.1 65 51.8 39.7 28.7 19.7 16.8 14.6 12.7 13 14.7 16.3 19 23.9 32 40.3 45.1 50.8 54.9 55.7 59.4 60 73.9 83.6 87.6 88.6 92.7 102.7 110.3 121.2 139.4 156.9
49.5 51.6 58.6 67.2 73.3 80.4 88.6 95.4 99.9 104.7 109.3 113.9 125.2 136.1 149.5 168.6 187 207.8 230 252.4 277.8 301.1 323.4 352.6 387.6 425.5 458.5 489 514 533.5 546.3 550.1 528.6 492 459.7 429 394 360.3 324.3 290.8 258 228.2 196.9 167.6 140.9 119.4 94.1 75.9 57.9 47.2 35.2 25.7 18.1 14.7 13.1 12.4 12.8 14.3 16.3 19 24.2 32.2 40.2 46.6 56.2 59.8 62.9 66.7 72 89.1 96.3 95.5 95.8 105.8 111.1 117.5 129.7 151.5 164.9
56.6 58.4 67.1 76.2 80.8 83.7 93.9 101.1 105.5 111 115.9 118.7 129 143.2 160.8 180.6 193.4 216.6 242.6 269.8 297 324.3 349.1 377.6 402.7 444.6 477.2 507.3 531.5 548.3 558 549.3 515.1 479.2 446 410.8 377.1 343.4 310.8 277.5 244.6 214.9 184.2 156.1 134.8 108.6 85 69.1 54.4 41 29.5 22.9 16.5 12.8 11.9 11.9 12.9 15.2 19.9 23.5 26.2 33.1 42.6 51 61.7 67.4 73.3 79 92.7 107 106.1 104.6 100.6 111.8 118.1 125.1 143.2 156.8 171.9
62.9 63.7 73.8 81.6 88 90.1 94.3 102.9 109.4 117.6 122.7 126.7 137.9 152.8 171.6 195.7 209.5 231.1 255 282.2 309.7 340 369.3 401.6 436.3 460.9 492.9 520.3 541.2 557.7 562.7 538.3 501.1 465.6 432.4 395.5 361.6 328.7 295.4 264.1 230.5 202.4 173.2 143.8 121.8 98.8 81.5 62.6 47.6 38.6 28.7 23.2 14.1 11.7 11.4 11.9 13.7 17.8 21.1 23.6 27.7 34.5 46.3 56.3 65 76.1 85.7 97.8 108.7 118.1 117.6 113.3 111.2 118.9 119.2 132.2 146.4 159.8 176.2
72.5 69.7 74.5 82.5 88 92.7 96.9 104.8 112.4 121.5 131.3 138.3 150.2 162.4 182.9 199.4 220.3 243.8 273.2 301.5 323.9 353.4 385.4 416.5 449.5 479.1 504.6 530.6 549.2 561.6 559.2 525.7 488.2 453 416.2 380.9 348.8 315.4 282.1 247.2 217.1 189 162.3 137.2 112.2 92.5 72 62.3 48.6 35.6 28 18.6 12.3 10.3 10.5 11.9 15.7 18 22.6 26.8 31.6 39.1 47.3 57.5 69 84.2 99.5 114.2 127.3 135.8 144.2 126.2 125.2 126.4 122.7 140.5 152 166.6 183
81.7 78.5 76.6 82 88.2 93.9 99.5 108 119.5 128.7 140.3 150.1 159.8 174.5 191.8 206.6 230.8 257.8 287.2 314.8 339.1 364.6 395.8 431.2 460.6 488.6 514.7 540.3 558 564.4 547.8 512.2 476.8 440.3 403.4 367.8 334.8 301.3 267.9 234.1 205.4 176.4 148.9 126.1 102.9 86.8 70.2 54.6 50.1 35.4 24.1 13.3 9.8 10.1 10.1 11.3 15.3 18.8 23.1 31.1 39.9 45.5 54.1 65 77 91.9 113.1 127.5 143.3 146.6 151.8 144.9 145 140.9 129.7 147.5 159.5 173.4 189
90.4 87.2 83.6 86.6 92.7 98.6 107.8 115.7 129.8 138.6 148.9 155.4 169.3 183 202.5 216.2 239.5 267.6 297.5 320.7 348.7 374.1 405.3 439.1 469.3 495.2 523.8 549.3 565.2 561.9 531 498.3 463 431.3 390.6 354.8 320.9 288.2 256.7 221.9 192.4 160.9 137.7 116.1 95.6 81.1 61.9 44.2 41.6 28.2 18.1 9.3 10.1 10.1 10.1 13.3 17.1 20.7 25.7 34.1 43.3 51.3 60.1 73.4 91.4 110.8 124.8 146.3 156.9 159.1 161 156.8 154.4 146.9 140.1 156.1 167.9 180.8 195.9
99.2 96.8 95.4 89 98.9 104.7 113.9 125.9 137.7 144.9 159.4 169.5 176.5 193.6 210.7 224.2 243.3 272.9 303.9 328.9 355 380.9 413.9 446.1 473.3 500.2 531.7 553.5 566.6 550.8 517.3 483 448.6 414.6 377.6 341.9 308.1 275.5 243.8 210.5 180.8 151.6 130.3 107.5 91 73.5 55.9 44.4 29.1 23.6 13.9 10.1 10.6 10.1 12.7 16.5 20.8 23.7 28.5 37.7 46.9 57.6 69.3 79.8 100.3 125.7 141.4 154.7 163.7 173.3 173.2 171.9 160.1 146.4 151.8 166.6 176.9 187.8 202
109.5 108.3 103.4 94.9 98.9 106.8 120 132.4 145.7 158 170.1 180.2 185.8 201.8 217.9 234 249.8 275.7 306.1 332.5 360.7 389.1 417.8 447.9 477.2 505.9 535 555.2 561.9 536.5 502.6 466.4 434.6 395.7 362.6 328.8 295.4 261.4 229.2 196.4 169.6 140.7 118.5 98.1 78.8 64.2 48 37 26.4 16 9.4 11 11 11 13.6 17.7 23 28 34.3 42.8 51.1 63.9 80 95.2 117.8 135.1 152.4 161.5 169.7 186.1 190.1 190.8 171.7 149.7 160.8 175.5 183.1 194.8 208.7
121.9 118 112.3 100.2 104.6 113.9 123.3 139.6 154 165.2 176.2 187.1 198 208 226 237.6 255.5 276.4 306.3 333 361.4 388.1 420.2 448.3 478.9 508.4 535.7 558.9 552.6 519.1 488.4 453.6 415.9 379.8 347.5 314.8 282.7 247.9 213.8 182.9 154 125 104.7 85.2 67 54.9 42.6 29.4 19.7 11.4 9.5 9.5 9.2 10.7 12.9 20.1 25.3 33 40.3 48 57.9 69.3 82 101.7 120.2 142 160.4 174.4 185.2 194.4 201.5 194.7 180 160.7 167.2 181 189.8 202 216.3
129.2 123.7 120.2 105.4 109.7 123.2 137.4 146.4 161.3 173.2 182.1 193.4 205.3 216.2 232 244.1 259.8 276 302.2 331.5 361.5 389.4 418.2 446.8 479.3 509.4 537.9 557.7 538.1 505.3 468.3 436.6 401.3 363.5 330.9 299.4 267.1 231.1 202 171.4 140.9 115.8 96.1 75.4 60.1 47.5 34.9 23.5 13.2 7.3 7.3 7.8 8.7 11.4 14.4 20.4 27.6 35.4 43.3 52.5 64.9 78.8 93.8 106.8 132 153.3 170.9 194.5 206.8 214.4 209.8 199.9 187.2 165.6 169.5 186 195.2 208.5 224.9
140.7 133.1 126.3 113 117.4 135.4 148.4 161.8 169.6 180 187.7 198.8 209.7 222.8 233.3 246.5 263.8 282.1 299.2 326.9 360.5 385.5 414.3 443.7 477.3 507.1 537 548.3 520.3 487.6 453.6 419.6 382.9 346.9 317.5 284.7 252.3 217.2 187 157.8 131.9 106.3 84.8 67.5 54.6 42.8 29.5 17.9 10.4 7.3 7.6 7.4 8.3 10.4 15.7 24.4 31.2 38.7 48.1 59.3 75.8 89.9 107.6 125.3 145.8 167 191.7 211.4 222.8 232.2 221.4 208.5 192.1 178.2 178.4 190.9 202 214.4 229.7
150.3 138.6 129.5 130.5 128.9 141.3 156.2 171.1 177.6 188.4 194.1 201.1 211.3 220.9 237.3 250.6 268.2 283.2 303.4 323.1 355.9 382.1 409.3 440.2 471.8 499.4 530.2 536.5 500.9 469.4 438.6 399.3 366.1 333.4 301.5 269.8 238.2 207.6 175.3 148.9 122.1 95.6 75.8 60.4 45 32.2 24.1 11.2 7.3 7.3 7.4 7.9 9.4 14.7 19.7 29.7 37.4 45.1 53.7 64.7 82.5 100.7 117.7 141.8 164.6 189.8 208.9 225.1 241.1 255 233.6 218.2 199.7 189.6 185.3 201 210.1 219.8 235.3
157.9 148.3 140.8 140.9 140.8 149 162.4 175.8 186.7 192.3 197.7 207.6 217 229.3 242.1 256.3 271.5 286.6 303.3 325.8 352.3 374.8 402.3 432.2 463.2 493.3 517.1 524.6 491.2 448.7 417.8 386.4 351.1 316.5 287.9 254.7 223.7 192.3 163.4 134.9 110.2 88 68.7 51 36.3 25.6 15.7 7.8 7.3 7.3 7.3 8.6 11.5 17.3 24.6 34.5 44.2 51.2 62.8 73.4 90.6 108.7 128.9 155.9 180.2 206.7 228.2 244.6 261.7 277.2 254 227.5 211.2 198.4 190 205.6 219 229 243.6
173.4 159.4 151.1 151.3 153.1 161.6 169.8 176.2 184.7 194 202.9 211.6 222.2 234.1 247.8 262.4 274.7 286.4 302.1 320.1 348.4 366 394.9 422.3 455.5 483.1 505.6 507.6 475.1 432.4 393.9 364.6 334.6 302.5 270.7 239.2 208.2 178 151 127.1 100.5 75.7 62.8 46.9 32.5 19.9 10.6 7.3 7.3 7.3 8.8 10.5 14.1 20.6 30.4 40.1 47.8 60.5 73.3 86.3 103.4 121.8 141.3 170.8 196.4 226 246.2 266.8 286.4 292.4 268.7 237.8 220.3 210.2 199.5 214.1 222.8 236.1 249
182.8 175.3 169.3 165.7 166.4 168.7 171.3 180.8 184.7 193.9 206.7 216.4 228.1 239.8 252.4 265.9 274.8 285 298.5 314.3 335.4 357 384.5 413.1 443.7 473.2 492.6 486.2 455.8 417.4 382.8 345.9 310.4 284.9 254 222.1 190.4 162.1 134.5 110.4 88.3 70.4 53.9 40.5 28.5 15.6 7.3 7.3 7.3 8.2 11.1 12.5 16.9 27 37.3 48.8 59.3 67.9 82.7 99.6 119.9 142 165.7 189.7 212.4 240.2 266.1 289.8 303.6 299.9 275.3 244.3 229.3 217.9 205.9 219.3 229 242.3 256.2
192.2 190 185.4 180.9 178.3 179.9 181.1 184.4 189 191.9 203.5 217.3 231.8 241.2 254 264.3 273.8 285 299 316 329.4 353.4 377.3 403.2 432.3 462.2 483.4 463.2 427.6 396.3 364 331.2 297.9 265.4 233.5 203.6 178.8 149.4 123.4 99.9 77.7 63.5 47.9 33.7 23 11.9 7.3 7.3 6.9 10.3 13.9 17.7 24.1 38.4 46.6 57.7 69.6 81.1 95.1 113.1 135.3 158.2 184.5 211.5 237.6 262 285.1 309 319.9 304.8 282 252.5 236.3 222.8 215.8 225.6 236.1 248.1 259.9
202.4 200.8 201.1 198.3 198 197.5 195.5 196.4 192.4 195.2 200.1 211.2 222.4 237 244.4 258.6 270.9 283.4 299.9 313.5 331 349.4 370.7 390.8 421.1 452.8 470.2 450.2 413.5 377.8 332.7 312.5 282.4 253.8 217.7 190.6 162.7 138.1 111.5 90.2 72.3 54.6 40.4 27.9 19.9 8.6 7.5 7.5 8.2 10.7 17.6 27 35.8 46.6 57.8 68.5 77.1 96 109.7 128.8 152.4 175.6 204.6 232.3 263.3 288.2 308.2 331.3 329.9 312.5 285.8 265.7 250.3 235.2 222.2 232.2 241 251.6 262.2
216.7 213.5 213.8 214.1 216 216 212.8 208.6 206.2 203.6 201.8 213.7 226.3 241 251.1 260.8 270.7 285.4 298.9 314.9 331.1 346.9 369.6 393.3 414.5 439.2 453.5 431.6 398.1 361.8 325.1 290.3 258.3 230 202.9 179.3 152.7 129.4 105.4 83.1 63.9 47.6 33 23 13.8 8 9 9 10.7 15.9 25 33.3 51.1 56.1 67.2 77.8 92.3 103 124.4 148.8 172.4 197.3 223.5 254.9 283.7 313.6 339.7 354.8 341.8 318.8 293.5 274.3 258.9 244.7 233.4 237 246.2 252.8 266.6
234.5 229.5 226.3 229 230.4 231.8 229.9 225.8 222.9 222.1 221.9 215.5 230 246.1 259.6 269.5 280.9 286.2 304.1 313 329.9 353.9 372.6 394.3 412.3 431.9 437.5 413.4 382.2 350.3 315.9 280 245.8 210.7 188.2 163.7 138.4 114.9 95.3 77.5 58.4 42.6 31.5 21.3 11.4 10.9 12 12.9 14.7 27.2 39 47.5 56.3 63.5 74 88.5 103.6 119.7 137.9 162.8 191.5 222.2 249.5 280.4 304 337.8 367.6 368.6 350.7 324.1 300.7 280.1 265.5 252.9 242.3 241.5 251.5 260.5 271.2
249.6 246.9 246.9 242.1 239.4 241.7 243.2 241.2 238.9 238.1 238.5 231 234.7 242.4 259.5 272.6 281 297.5 311.7 323.4 343 359.7 378.3 395.1 412.6 421.7 414.7 392.2 365 334.5 304.5 266.7 232.3 202 174.1 150.3 127 105.8 84.5 68 53.3 39.1 24.4 16.1 10.1 11.3 13.5 15.7 20.6 37.1 48.8 60.2 65.8 74.7 84.6 97.6 112.9 131.1 151.5 177.9 210.8 238.7 271.9 297.6 328.1 361.4 385 374 351.7 329.6 307.1 283.6 271.1 257.6 249.1 248.7 253.9 263.1 272
261.3 259.6 260.6 256.8 256.5 260.2 262.2 262.8 258.5 254.9 252.7 245.7 252.8 253.8 268.3 281.3 293.8 311.4 325.6 336.4 351.3 368.2 387.3 394.6 406 404.6 394.7 373.2 347.2 315.3 286.1 251.6 220.4 191 164 140.5 117.2 96.5 76 60.9 49 33.6 22.9 14.7 8.6 10.3 13.9 18.1 25.5 39.1 50.8 64.2 73.5 83.9 95 108.4 124.9 142.6 167 196.8 229.3 257.8 285.3 317.6 350.8 383.6 389.7 371.2 351.5 329.2 309.1 288 275.3 261.5 249.4 253.5 258.6 264.8 272.1
273.8 276.7 277.6 279.3 283 283.4 287.5 289 281.1 272.6 270.6 259.9 269.3 268.5 275.6 291 302.7 317 333.7 350.5 361.3 375.3 389.2 395 395.4 382.5 373.3 353.7 331.3 303.6 269.7 237.6 208.1 181.4 156.8 131.3 105.9 85.4 67.9 54.8 41.2 29.7 17.7 11.5 7.7 9.6 12.7 19.8 31.7 45.2 55.9 70.5 81.1 96.7 106.5 118.3 141.8 155.4 178.3 208.5 242.3 272.6 306.2 336.6 368.8 395.6 387.3 369.7 349.5 328.7 309.4 291.3 280.8 267.8 257 259.4 263.9 266.2 269.5
289.2 293.1 296.5 301 301.5 300.9 305.6 308.7 296.8 290.5 287.9 275.3 280.8 278.7 286.6 298.3 313 325.5 343.5 363.1 377.5 387.5 388.2 387.9 380.4 357.9 343.7 334.6 310.8 287 258.9 226.4 196.7 168.4 145.2 122.2 98.9 81.4 62.9 47 38.4 22.9 14.2 9 7.7 8.8 14 23.9 37.3 51.4 66.9 77.5 90.1 105.1 119.1 135 154.4 173.6 189 212.9 252.4 282.6 320.3 357.1 390 399.9 383 365.4 346.4 330.2 312.6 296.3 281.2 271.2 267.7 265.9 269 269.2 270.3
298.9 305.8 313.5 321.2 321.3 326.2 342.6 341.6 322.8 312.2 301.5 292.3 293.6 292 296.2 306.4 320.3 335 352.6 367.1 387.3 393.2 380.5 370.9 365.8 336.6 312.1 305.1 291.8 268 243.4 213.3 182.4 155.4 132.8 110.5 89 71 56.9 45.6 32.2 18.5 10.5 7.4 7.6 11.6 18.1 29.6 45.4 61.9 78 90.2 100 112.6 125.3 146.5 164.6 184.2 202.2 227.9 255.1 289.4 324.2 365 399.7 400.1 379.3 361.2 344.1 330.3 315 298.5 285.3 276.9 269.9 271.6 273.9 269.9 268.8
307 316.6 326.3 335.9 342.2 356.5 364.3 360.4 352.9 339.8 320 307.9 305.7 308.9 309.4 317.3 328.3 342 361.2 376.6 388.8 386.8 363 346.4 337.5 310.7 292.4 278.4 264.4 248.1 221.5 192 166.7 142 120.1 98.1 79.4 63.5 52.1 43.1 27.6 16 7.9 6.5 8.3 15.3 24.8 38.1 53.6 71.6 87.2 103 119.5 132.8 140.8 144.7 174.5 200.7 229.5 258.1 280.4 304 329.2 368.8 405.5 393.9 375.2 356.9 343.9 330 315.4 301.3 290.6 283.7 278.3 276.8 272.9 269.2 261.3
314.9 325.4 336.6 346.5 362.3 378.3 391.1 397.8 387.5 364.7 341.6 331.5 330.5 326 324.3 327.7 337 347.9 364.9 379.7 390.2 380.8 355.8 332.1 317.2 296.1 278 261 234.9 226.8 200.5 175.6 151.1 127.8 107.5 90.4 73.3 57.5 46.3 33.2 20.2 11.9 6.2 5.8 8 15.9 29.7 44.1 61.9 79.3 97.2 116.4 134.3 152.9 171.3 178.3 185.1 205.8 240 273.9 306 329.8 360.4 385.6 408.9 389.7 373 355.9 340.9 327.4 314.1 303.8 295.1 287.6 280.7 275.8 272.4 265.9 254.1
