data/150000-800000.asc
ncols 200
nrows 200
xllcorner 150000
yllcorner 800000
cellsize 50
[rows 111 to 147 of 200, columns 84 to 167 of 200]
-1.8 -1.8 -1.8 -1.8 -1.8 -1.8 -1.8 -1.8 -1.8 -1.8 -1.8 -1.8 -1.8 -1.8 -1.8 -1.8 -1.8 -1.8 -1.8 -1.8 -1.8 -1.8 -1.8 -1.8 -1.8 -1.8 -1.8 -1.8 -1.8 -1.8 -1.8 -1.8 -1.8 -1.8 4.4 12.8 24 29.4 30.6 36.9 47.6 59.7 69.7 80.1 85.7 85.2 93 95.8 91.8 81.8 74 79.3 78.5 77.4 69.3 68.5 63.3 64.3 67 70.9 83.4 106.8 107.1 108.9 110.2 112.6 111.1 118.1 137.6 134.4 135.8 138.8 144.6 160.5 149.4 146.1 135.9 155.4 175.9 167.7 179.8 192.5 194.9 202.2
-1.8 -1.8 -1.8 -1.8 -1.8 -1.8 -1.8 -1.8 -1.8 -1.8 -1.8 -1.8 -1.8 -1.8 -1.8 -1.8 -1.8 -1.8 -1.8 -1.8 -1.8 -1.8 -1.8 -1.8 -1.8 -1.8 -1.8 -1.8 -1.8 -1.8 -1.8 -1.8 -1.8 2.5 9.8 20.1 29 32.8 36.4 37 52.9 54.5 58.3 69 72.7 78.9 87.2 92 91.4 86.2 80.8 87.1 90.6 87 81.9 80.8 80.4 86.2 84 94.1 79.3 92.4 110.7 107.1 111.7 117.5 117.2 120.2 140.6 145.4 144.2 144.9 148.3 168.1 155.5 150.1 141 157.8 191.7 187.2 186.5 202.9 200.3 194.8
-1.8 -1.8 -1.8 -1.8 -1.8 -1.8 -1.8 -1.8 -1.8 -1.8 -1.8 -1.8 -1.8 -1.8 -1.8 -1.8 -1.8 -1.8 -1.8 -1.8 -1.8 -1.8 -1.8 -1.8 -1.8 -1.8 -1.8 -1.8 -1.8 -1.8 -1.8 -1.8 2.5 19.2 29 36.3 39.2 43.2 50.1 55.4 60.5 72.3 73.8 80.4 85.3 88 92.9 100.8 101 99.2 96 93.1 99.7 96.1 95.3 98.1 104.4 101.3 104.3 111.3 97.5 91.7 101.4 107.8 110.2 123.7 125.2 120.6 130.2 148.3 144.6 150.2 149.4 166.9 160.8 158.9 162.6 172.2 207.1 198.7 190.8 199.1 199.7 192.3
-1.8 -1.8 -1.8 -1.8 -1.8 -1.8 -1.8 -1.8 -1.8 -1.8 -1.8 -1.8 -1.8 -1.8 -1.8 -1.8 -1.8 -1.8 -1.8 -1.8 -1.8 -1.8 -1.8 -1.8 -1.8 -1.8 -1.8 -1.8 -1.8 -1.8 -1.8 5.8 16.6 26.4 33.9 41.7 47.9 53.4 62.4 72.1 66.2 76 86.1 89 89.7 91.6 93.5 103.8 105.8 104.6 104.2 98.7 102.9 106.3 105.9 108.6 108.9 108.4 109.7 122.4 111.3 101.5 105.2 105.4 108.3 118.3 124 119.8 133.2 147.8 145 149.6 157.6 164.8 171 171.5 181.8 191.1 213.8 206.6 199 195.8 187.6 188.2
-1.8 -1.8 -1.8 -1.8 -1.8 -1.8 -1.8 -1.8 -1.8 -1.8 -1.8 -1.8 -1.8 -1.8 -1.8 -1.8 -1.8 -1.8 -1.8 -1.8 -1.8 -1.8 -1.8 -1.8 -1.8 -1.8 -1.8 -1.8 -1.8 -1.8 1.9 10 23.7 32.9 40.2 49 56.8 65.1 77 83 84 82.1 96.1 91.7 91.7 94.1 96.2 97.5 100.7 104.7 109.4 104.3 109.2 115.1 117.6 116.1 113 110.8 111.2 119.9 116.9 107.2 116.9 116.5 112.9 111.1 114.5 115.9 122.9 145.6 144.2 148.8 162.3 168.9 169.4 173.9 193.3 199.1 207 200.8 190.8 181.3 180.1 179.6
-1.8 -1.8 -1.8 -1.8 -1.8 -1.8 -1.8 -1.8 -1.8 -1.8 -1.8 -1.8 -1.8 -1.8 -1.8 -1.8 -1.8 -1.8 -1.8 -1.8 -1.8 -1.8 -1.8 -1.8 -1.8 -1.8 -1.8 -1.8 -1.8 0.3 5.4 20.5 35.4 38.7 48.5 58.7 67.7 75.3 86.6 89.9 95.7 91.4 100.3 99.1 97.9 99.6 100.4 103 105.8 104.6 111.2 113.6 118 123.8 126.5 121.2 118.1 116.2 112.7 117.2 115.9 111.4 119.6 126.1 126 121 116.1 114.5 116.3 132.7 144.7 152.9 159.7 171.2 174.2 182.3 205.2 213.9 211.8 204.2 190.4 176.1 169.8 169
-1.8 -1.8 -1.8 -1.8 -1.8 -1.8 -1.8 -1.8 -1.8 -1.8 -1.8 -1.8 -1.8 -1.8 -1.8 -1.8 -1.8 -1.8 -1.8 -1.8 -1.8 -1.8 -1.8 -1.8 -1.8 -1.8 -1.8 -1.8 -1.8 0.9 13.7 29.7 37.4 44.4 51.1 57.3 66.2 75.1 86 88.6 97.5 99.5 109.7 113.7 104 102.8 103.7 107.1 110 114.1 118.1 122.4 127.7 132.3 132.8 127.1 123.2 120.9 115.2 123 115.4 111.2 114.7 127.3 135.6 126.4 117.9 115.1 116 128.4 147.7 158.1 161.6 171.8 183.2 191.9 215 213.9 208.1 199.1 188.9 177.3 169.7 169
-1.8 -1.8 -1.8 -1.8 -1.8 -1.8 -1.8 -1.8 -1.8 -1.8 -1.8 -1.8 -1.8 -1.8 -1.8 -1.8 -1.8 -1.8 -1.8 -1.8 -1.8 -1.8 -1.8 -1.8 -1.8 -1.8 -1.8 -1.8 -1.8 4 12.9 34.2 41.6 50.2 56.7 60.3 63.5 68.5 75.8 83.8 89.1 95.4 101.2 106.9 105.7 103.3 104.3 105.9 109.1 112.7 121 127.1 130.2 133.6 136.6 128 128.2 125.1 118.6 116.9 115.7 114.5 122.7 133.4 138.3 131 119.3 116.6 118 132.8 155.3 169 175.8 174.8 180.9 197 206.8 212.5 202.8 192.4 183.4 175.8 170.9 170
-1.8 -1.8 -1.8 -1.8 -1.8 -1.8 -1.8 -1.8 -1.8 -1.8 -1.8 -1.8 -1.8 -1.8 -1.8 -1.8 -1.8 -1.8 -1.8 -1.8 -1.8 -1.8 -1.8 -1.8 -1.8 -1.8 -1.8 -1.8 3.2 22.6 23.8 37.7 48.6 54.4 57.1 62.2 66.5 69.1 76.3 87.7 91.8 99.6 103.2 104.4 114.1 113.1 110.1 105.4 106.5 109.7 121.9 128.5 132.2 134.6 138 132.8 130.3 126.1 120.7 119.2 120.1 119 130.5 135.8 133.3 129.9 119.5 117.5 122 131.6 156.7 178.4 188.8 183 191.1 198.8 200.6 205.8 197.6 187.7 177.3 170.3 168 169
-1.8 -1.8 -1.8 -1.8 -1.8 -1.8 -1.8 -1.8 -1.8 -1.8 -1.8 -1.8 -1.8 -1.8 -1.8 -1.8 -1.8 -1.8 -1.8 -1.8 -1.8 -1.8 -1.8 -1.8 -1.8 -1.8 -1.8 -1.8 8.9 26.1 27.5 31 47.6 52.8 58.9 65.8 70.6 72.9 82.4 89 93.5 103.9 107.7 108.5 113.1 121 119.4 117.5 111.6 113.6 122.5 126.9 137.7 139.8 141.2 141.9 136.1 130.3 128.7 121.4 119.4 133.9 138.5 139.7 133.9 124 119.7 119.2 133.2 148.4 161.3 176.2 189 190.1 189.8 194.7 192.8 191.1 189.9 182.7 169.2 165.2 161.7 159.6
-1.8 -1.8 -1.8 -1.8 -1.8 -1.8 -1.8 -1.8 -1.8 -1.8 -1.8 -1.8 -1.8 -1.8 -1.8 -1.8 -1.8 -1.8 -1.8 -1.8 -1.8 -1.8 -1.8 -1.8 -1.8 -1.8 -1.8 -1.8 2.5 17.7 25.6 33.8 42.1 52.2 62.6 70.5 80.3 86.7 91.8 96 98.3 102.4 102.5 108.6 104.3 116.5 117.5 118.9 118 120.7 124.6 127.5 132.4 139.5 149 144 143.1 139.4 130.8 124.8 124 136.1 140.7 144 138 125 122.2 129.2 143.6 155.4 164.4 175.3 184 187.4 183.5 181.3 182.9 176.2 178.1 176.9 167.4 158.7 153.9 156.6
-1.8 -1.8 -1.8 -1.8 -1.8 -1.8 -1.8 -1.8 -1.8 -1.8 -1.8 -1.8 -1.8 -1.8 -1.8 -1.8 -1.8 -1.8 -1.8 -1.8 -1.8 -1.8 -1.8 -1.8 -1.8 -1.8 -1.8 1 16 22.5 28 38.3 51 54.9 62.1 69.2 76.4 86.9 91.7 95.5 99.4 99.5 97.7 99.9 101 106.7 113.5 119.5 127.6 132.3 131.3 131.4 134 140.4 148.8 147.1 143.8 142.3 133.9 130.3 131.7 131.7 136.1 140.5 137.7 127.5 125.7 128.9 144.5 151.7 162.7 169 173.3 173.3 169.8 167.8 176.2 169.1 169.1 163.4 158.5 150 145.5 152.8
-1.8 -1.8 -1.8 -1.8 -1.8 -1.8 -1.8 -1.8 -1.8 -1.8 -1.8 -1.8 -1.8 -1.8 -1.8 -1.8 -1.8 -1.8 -1.8 -1.8 -1.8 -1.8 -1.8 -1.8 -1.8 -1.8 -1.8 -1.8 9.7 24.2 37.4 42.1 52 59.4 64.5 74.5 79.1 86.3 93.3 95.1 94 92.6 90.7 89.8 93.7 98.8 105.5 119.2 130.1 138.2 140.5 137 134.2 141.8 148 146.8 139.9 137.2 132.7 138.8 137.2 134.1 136.1 135.4 131.1 133.7 131.2 130.7 139.4 145.1 154.5 162.1 158.1 158.2 158.7 160.4 164.7 162.9 155.1 146.1 141.8 137 138.9 146.8
-1.8 -1.8 -1.8 -1.8 -1.8 -1.8 -1.8 -1.8 -1.8 -1.8 -1.8 -1.8 -1.8 -1.8 -1.8 -1.8 -1.8 -1.8 -1.8 -1.8 -1.8 -1.8 -1.8 -1.8 -1.8 -1.8 -1.8 -1.8 3.6 24.2 33.5 45.7 53 56.8 63.9 76.6 81.7 88.7 97.9 99.6 94.1 87 85.1 84 88.1 97.4 99.8 117.1 127.6 136 136.6 133.5 133 140.8 143.5 137.2 130.2 132.8 144.5 143.3 138.3 136.3 139.6 130 129.4 132.9 130.6 130.7 132.2 135.1 140.2 150.5 146.2 148.5 151.2 157.4 155.7 157.3 148.4 137.6 135.6 135.6 135.6 145
-1.8 -1.8 -1.8 -1.8 -1.8 -1.8 -1.8 -1.8 -1.8 -1.8 -1.8 -1.8 -1.8 -1.8 -1.8 -1.8 -1.8 -1.8 -1.8 -1.8 -1.8 -1.8 -1.8 -1.8 -1.8 -1.8 -1.8 -1.8 1.6 7.6 27 35.2 43.6 54.7 57.7 72.7 78.4 78.9 86.5 85.9 83.6 81.4 79.9 80.1 83.1 88.7 90.2 105.6 116.5 126.8 128.3 125.6 129.2 130.4 133.6 126 125.5 131.2 142.2 138.2 142.2 134.1 135 128.3 126.3 125.4 123 124.1 124.6 126.6 132.3 137.5 139.9 146.3 146.2 145.3 146.3 147.2 141.9 135.6 135.6 135.6 135.6 145.3
-1.8 -1.8 -1.8 -1.8 -1.8 -1.8 -1.8 -1.8 -1.8 -1.8 -1.8 -1.8 -1.8 -1.8 -1.8 -1.8 -1.8 -1.8 -1.8 -1.8 -1.8 -1.8 -1.8 -1.8 -1.8 -1.8 -1.8 -1.8 -1.8 14.4 24.6 28 34.9 46.8 52.1 55.8 65.8 69.2 72.8 68 74.1 77.3 79.2 80.9 80.8 79.8 80.7 86.9 93.9 99.9 112.2 113.1 116.5 117.3 118.2 118.7 119.1 125 135 130.7 133 129.2 126.1 122.4 121.3 119.4 118.8 122.4 131 139.5 139.7 132 140.1 143.3 141.5 139.8 140.2 138.2 138.2 135.6 135.6 135.6 135.6 146.8
-1.8 -1.8 -1.8 -1.8 -1.8 -1.8 -1.8 -1.8 -1.8 -1.8 -1.8 -1.8 -1.8 -1.8 -1.8 -1.8 -1.8 -1.8 -1.8 -1.8 -1.8 -1.8 -1.8 -1.8 -1.8 -1.8 -1.8 -1.8 -1.8 13.6 14.9 28.3 32.3 37.5 47.7 45.8 51.3 52.5 55.3 62.7 68.4 71.3 78.1 79.2 75 79.6 79.2 82.7 83.8 88.7 92.7 99.7 104.2 105.9 106.8 108.8 109.3 110.8 115.2 119.4 117.9 118.9 116.5 117.5 119.2 118.5 119 125 138.2 146.8 148.6 136 136.5 137.5 136.6 135.6 135.6 135.6 135.6 135.6 138 139 139.2 155.3
-1.8 -1.8 -1.8 -1.8 -1.8 -1.8 -1.8 -1.8 -1.8 -1.8 -1.8 -1.8 -1.8 -1.8 -1.8 -1.8 -1.8 -1.8 -1.8 -1.8 -1.8 -1.8 -1.8 -1.8 -1.8 -1.8 -1.8 -1.8 21.8 48.4 37.1 23.6 30.9 30.4 32.2 44.2 50.1 46.7 49.5 57.7 68.1 71.7 74.9 73.5 76.3 84.5 82.5 81.5 83.3 90.1 92.7 93.8 96.8 100.5 104.4 104.7 102.9 106.1 110.1 111.2 111.5 114 117.8 117.9 123.4 126 137.8 142.8 144.6 148.5 152.3 139.4 135.9 136.9 138.9 139.2 135.7 135.6 135.6 136.6 141.1 146.2 149.7 160.5
-1.8 -1.8 -1.8 -1.8 -1.8 -1.8 -1.8 -1.8 -1.8 -1.8 -1.8 -1.8 -1.8 -1.8 -1.8 -1.8 -1.8 -1.8 -1.8 -1.8 -1.8 -1.8 -1.8 -1.8 -1.8 -1.8 -1.8 2.4 50.2 54.7 41 27.6 25.2 30.3 37.2 48.3 53 55.3 57.7 60 60.9 71.9 70.5 73.7 78.2 84.9 82.6 82.1 85.6 95.7 99.6 99 98.9 96 96.8 103.4 107.5 114.4 125 133 136.4 131.1 134.2 131.3 127.3 133.9 152.2 158.6 152.6 149.3 149 140.9 137.8 138.5 145.7 150.4 150.1 143.1 137 139.1 148.6 153.8 156.4 160.5
-1.8 -1.8 -1.8 -1.8 -1.8 -1.8 -1.8 -1.8 -1.8 -1.8 -1.8 -1.8 -1.8 -1.8 -1.8 -1.8 -1.8 -1.8 -1.8 -1.8 -1.8 2.5 -1.8 -1.8 0.5 1.5 4.2 28 52.2 57.4 41.9 29.3 29.1 33 40.6 49.8 57.8 72.2 70.5 72.4 70.2 71.5 73.5 78.7 81.2 81.6 79.5 84.9 92.7 99.5 99.8 96.2 95 97.3 98.7 105.1 109.5 118.9 134.4 148 153.1 143.6 143.4 149.3 138.9 137.3 151.4 161.3 157.3 148.7 144.9 139.2 138.5 140.5 143.1 151.3 148.4 143.2 139.8 141.6 159.5 170.8 168 171.7
-1.8 -1.8 -1.8 -1.8 -1.8 -1.8 -1.8 -1.8 -1.8 -1.8 -1.8 -1.8 -1.8 -1.8 -1.8 -1.8 -1.8 -1.8 -1.8 -1.8 -1.8 10.3 4.5 9.1 12.2 33.3 34.9 40.8 51.2 51.2 37.7 32.3 30.8 37.4 47.9 54.7 65.9 82.9 85.6 78.4 75 78 79.1 82.8 83.1 80.1 81.1 89.7 93.2 90.9 94.1 94.9 98.9 99.6 101.3 105.2 113.4 122.6 138.8 156.7 153.3 157 148.8 155.8 150.6 143.4 151.1 163.7 159.3 147.5 142.1 139.2 137.3 138.5 139 145.6 146.3 144.1 144.2 152.3 163.4 177.8 185 183.8
-1.8 -1.8 -1.8 -1.8 -1.8 -1.8 -1.8 -1.8 -1.8 -1.8 -1.8 -1.8 -1.8 -1.8 -1.8 -1.8 -1.8 -1.8 -1.8 -1.8 -1.8 6.8 8.8 25.3 35 39 35.6 39.6 42.2 35.1 35.4 35.9 40.2 55.1 58.3 59.8 73.8 85.1 84.6 87.2 96.9 102.9 89.2 89.3 85.3 80 82.5 92.8 92.9 87 88.3 92 102.5 107.4 102.5 107.3 121.2 131.1 147.2 162.2 162.4 161.4 151.7 152.9 153.2 146 148 158.1 155.5 148 144.4 137.8 135.6 135.5 137.5 139.2 149.5 146.8 147.4 158.7 173.5 184.9 192 192.4
-1.8 -1.8 -1.8 -1.8 -1.8 -1.8 -1.8 -1.8 -1.8 -1.8 -1.8 -1.8 -1.8 -1.8 -1.8 -1.8 -1.8 -1.8 -1.8 -1.8 -1.8 8.8 13.1 24.2 34.9 41.2 35.6 30.9 29.3 31.8 34.3 38.8 49.6 58.8 64.3 68 79.9 86.5 86.2 89.8 106.6 106.9 84.8 83.9 81.4 79.7 83.8 91.1 90.4 85 84 88.3 101.2 105.1 103.9 113.1 129.6 141.5 153.5 169.2 169.7 161.1 148.2 148 151.6 143.6 143.7 151.6 148.2 147.8 143.3 138.8 139.2 138.5 135.5 135.5 144 150.6 152.1 162.7 179.8 189.7 198.7 199
-1.8 -1.8 -1.8 -1.8 -1.8 -1.8 -1.8 -1.8 -1.8 -1.8 -1.8 -1.8 -1.8 -1.8 -1.8 -1.8 -1.8 -1.8 -1.8 -1.8 -1.8 7.8 19.3 22.4 31.2 32.9 23.3 21.9 25.1 28.4 31.7 42.4 51.1 57.5 67.6 78.3 78 88.7 88 94.3 108.7 90.6 83.5 83.1 81.8 80.2 84.8 84.4 84.5 83.7 83.4 88 94.2 106.9 105.6 115 130 144.6 150 164.3 170.3 162.4 147.7 143.7 144.1 139.4 140.5 141.5 139.9 138.4 138.7 136.7 137.2 141 135.5 135.5 140.7 145.9 155.2 165.8 179.2 193.8 205.2 217.8
-1.8 -1.8 -1.8 -1.8 -1.8 -1.8 -1.8 -1.8 -1.8 -1.8 -1.8 -1.8 -1.8 -1.8 -1.8 -1.8 -1.8 -1.8 -1.8 -1.8 -1.8 3.1 18.3 16.2 21 16.9 18.2 19.5 22.1 25.8 37.1 41.2 49.1 56.6 66.2 73.7 75.6 84 90.2 94.7 88.7 84.2 82.9 83.2 81.2 80.6 87.3 87.8 85.9 83.5 84.2 87.9 100.3 103.1 108.3 117.5 127.6 135.9 144.7 158.1 169.6 158.7 147.6 145 140.3 138.9 138.8 138 135.5 135.5 135.5 135.5 135.5 135.5 135.5 137.7 139.3 144 150.5 161.9 180.8 199.5 214.7 229.3
-1.8 -1.8 -1.8 -1.8 -1.8 -1.8 -1.8 -1.8 -1.8 -1.8 -1.8 -1.8 -1.8 -1.8 -1.8 -1.8 -1.8 -1.8 -1.8 -1.8 -1.8 7.6 16.1 9.6 9.5 12.9 16.8 16.7 19.5 27.3 41.2 50.4 49.5 58.4 67.7 74.7 76.9 80.8 90.3 89.9 88 85.4 83.3 81.5 80.2 80.6 83 83.5 83.1 83.2 85.2 92 103.6 110.2 117.4 129.6 147.8 149.7 146.9 155.7 173.7 171.9 153.4 156.1 148.6 138.7 138.2 135.5 135.5 135.5 135.5 135.5 135.5 135.5 135.5 135.5 138.2 140.5 148.6 159.1 183.9 209 223.4 238.6
-1.8 -1.8 -1.8 -1.8 -1.8 -1.8 -1.8 -1.8 -1.8 -1.8 -1.8 -1.8 -1.8 -1.8 -1.8 -1.8 -1.8 -1.8 -1.8 -1.8 -1.8 -1.8 5.2 5.4 7.6 10.6 14.9 15.5 18.9 27.1 31.8 44.8 51.6 66.8 71.1 72.1 75.1 80.2 87.6 92.3 93.2 91.3 90.4 86.5 80.5 80.3 81 83.1 83.2 83.6 86.7 95.4 104.5 118.2 124.9 138.9 160.2 157.7 149.4 153.7 165.1 168.4 159.4 160.8 151.1 139.6 138.9 137.5 135.5 137 135.5 135.5 135.5 135.9 135.5 135.5 135.5 138.5 145 154.2 177.3 205.9 222.9 235.9
-1.8 -1.8 -1.8 -1.8 -1.8 -1.8 -1.8 -1.8 -1.8 -1.8 -1.8 -1.8 -1.8 -1.8 -1.8 -1.8 -1.8 -1.8 -1.8 -1.8 -1.8 -1.8 3.5 3.8 8 10.6 14.5 17.2 18.7 21 28 40.6 50.3 55.2 62.6 66.9 73.4 81.4 90.1 92.3 92.3 91.3 90.8 83.8 85.4 84.9 83 82.9 91.6 88.9 86 92.5 102.8 116.1 125.2 142.1 159.9 159.3 155.8 156.4 156 163.7 157.7 159.4 147.5 139.9 138.2 137.5 137.9 143.8 142.4 141.9 146.5 146.9 137.3 135.5 135.5 140 146.6 155.3 175.4 202.9 223.8 233.7
-1.8 -1.8 -1.8 -1.8 -1.8 -1.8 -1.8 -1.8 -1.8 -1.8 -1.8 -1.8 -1.8 -1.8 -1.8 -1.8 -1.8 -1.8 -1.8 -1.8 -1.8 2.4 5.5 4.9 8.7 16.5 18 25.1 22 27.2 29.5 37.5 43.3 44.8 49.3 57.6 69.4 80.4 87.8 90.7 90.9 89.2 83.5 86.7 96.3 101.8 87.7 97.1 106.5 102.9 94.9 101.7 103.2 107.8 118.9 132 146 150.9 152 158.1 159.2 166.6 158.2 153.3 148.1 142.3 140.8 138.3 138.4 144.1 152.6 155.8 161.6 160.3 152.5 144.3 137.9 139.1 143.6 154.6 172 202.8 233.1 243.1
-1.8 -1.8 -1.8 -1.8 -1.8 -1.8 -1.8 -1.8 -1.8 -1.8 -1.8 -1.8 -1.8 -1.8 -1.8 -1.8 -1.8 -1.8 -1.8 -1.8 -1.8 -1.8 -1.8 0.7 7.5 17.9 20.1 27.4 26.1 36.8 40 48 58.7 56 55.3 56.3 57.7 71.9 82.9 88 91 83.4 82 90.8 96.6 102.2 93.9 99.5 110.6 106.6 108.7 117.4 120.7 113.5 118.9 124.9 134.2 140.1 145.7 150.3 150.1 162.5 158.6 152.8 147.7 147.8 146.1 138.9 138.3 146.6 161 165.7 169.1 171.2 160.7 152.5 145.8 141.5 144.2 153.5 169 194.5 234.7 245.7
-1.8 -1.8 -1.8 -1.8 -1.8 -1.8 -1.8 -1.8 -1.8 -1.8 -1.8 -1.8 -1.8 -1.8 -1.8 -1.8 -1.8 -1.8 -1.8 -1.8 -1.8 -1.8 -1.8 -1.8 7 18.6 23.4 25.6 29 35.9 41.3 54.7 62.5 63.7 63.3 62.1 58.9 63.8 75.5 82.1 85.6 78.7 82.5 91.4 96.2 100.4 102.5 111.7 105.7 106.9 115.2 123.9 137.2 131 127.3 128 127.7 134.9 139.4 142.6 145.4 149 153.3 151.2 148.1 146.3 144.4 139.4 139.3 150.8 165.1 172.1 175.3 175.6 167.2 158.2 151.3 144.7 146.4 154.6 169 191.7 220.2 240.2
-1.8 -1.8 -1.8 -1.8 -1.8 -1.8 -1.8 -1.8 -1.8 -1.8 -1.8 -1.8 -1.8 -1.8 -1.8 -1.8 -1.8 -1.8 -1.8 -1.8 -1.8 -1.8 -1.8 0.9 9.4 24.2 26.5 28 31.4 38.5 49.5 55.4 58.8 62.6 67.1 67.4 64.6 62.2 69 74.6 80.9 75.3 82.3 92.6 98.8 105.4 108.4 117.1 119.7 113.9 116.6 123.9 139.7 144.3 142.6 134.7 137 147.8 140 141.9 142.3 148.1 152.9 149.6 147.9 145.2 142.5 141.8 144.7 157.7 170 176.9 180.3 177.4 170.1 162.8 156.5 148.3 147 155.8 169.6 197.7 212.1 227.4
-1.8 -1.8 -1.8 -1.8 -1.8 -1.8 -1.8 -1.8 -1.8 -1.8 -1.8 -1.8 -1.8 -1.8 -1.8 -1.8 -1.8 -1.8 -1.8 -1.8 -1.8 -1.8 -1.8 0.5 11.9 27.5 32.3 30.2 32.2 38.6 49.9 57.3 63.3 69.2 71.9 73.4 72.7 67.4 63.6 68.3 76.5 76.9 86.1 97.3 105.2 116.5 120 120.7 128.1 128.2 122.1 120.3 134.7 148.8 147 137.2 136.7 151.2 145.1 146.7 147.6 149.2 154.8 150.6 150.3 148.1 145.8 143 146.7 160.3 170.8 175.6 181.2 175.9 167.9 161.7 156.7 150.9 149.6 157.1 166.5 199.6 208 217
-1.8 -1.8 -1.8 -1.8 -1.8 -1.8 -1.8 -1.8 -1.8 -1.8 -1.8 -1.8 -1.8 -1.8 -1.8 -1.8 -1.8 -1.8 -1.8 -1.8 -1.8 -1.8 -1.8 -1.8 10.1 29.5 33.9 34.4 34 37.9 48.3 56.8 63.9 72.2 77.6 78.7 79.9 78.2 71.1 68.5 73.7 83 91.1 98 110.6 122.1 130.2 130.8 136.1 139 138.2 124.2 121.3 131.7 145.2 139.7 139 146.8 152.5 151.3 149.9 152.6 154 156 151 150 149.2 145.8 151.3 157.2 171.5 172.8 177.5 178.2 167.2 158.5 154.6 150.9 154.7 159.2 166 186.1 204.1 212.6
-1.8 -1.8 -1.8 -1.8 -1.8 -1.8 -1.8 -1.8 -1.8 -1.8 -1.8 -1.8 -1.8 -1.8 -1.8 -1.8 -1.8 -1.8 -1.8 -1.8 -1.8 -1.8 -1.8 -1.8 2.5 25.3 34.5 38.5 38.6 40.2 45.5 50.9 56.5 62.4 71.3 74.3 76.7 78 78.4 74.5 78.3 93.8 100 98.4 110.9 122.9 129.1 132.7 138.1 141 142.6 140.4 124.1 122.2 128.6 136.4 136.3 140.5 160.5 155.6 154.4 156.5 162.5 158 157.1 154.4 153.5 148.6 158.1 167.5 167.1 167.7 170.8 174.1 164.6 157.6 154.1 153.2 157.2 161.4 168 193.6 207.9 211.4
-1.8 -1.8 -1.8 -1.8 -1.8 -1.8 -1.8 -1.8 -1.8 -1.8 -1.8 -1.8 -1.8 -1.8 -1.8 -1.8 -1.8 -1.8 -1.8 -1.8 -1.8 -1.8 -1.8 -1.8 2.5 19.1 26.7 36.3 40.1 42.1 46 47.8 52.8 57.7 63.9 70.6 74.6 75.8 76.4 77.9 78.9 91.3 96.3 100.1 106.6 117.4 127.1 134.1 139.9 144.5 148.8 147 129.9 124.8 126.1 126.9 129.1 133.7 150.4 154.8 154.7 156.5 160.8 158.6 162.2 159.4 154.7 157.8 162.4 177.4 178.4 176.7 169.3 165.2 160.2 155.3 153.2 154 157.2 160.2 166.3 195.1 202.3 206
-1.8 -1.8 -1.8 -1.8 -1.8 -1.8 -1.8 -1.8 -1.8 -1.8 -1.8 -1.8 -1.8 -1.8 -1.8 -1.8 -1.8 -1.8 -1.8 -1.8 -1.8 -1.8 3.7 4.3 14.1 19.8 23.2 29.2 38.4 42.9 47.2 44.7 49.5 54.8 58.2 64.8 71.2 74 79 80.9 77.8 82.7 98.7 99.8 102.8 110 121.1 130.1 139.4 139.2 147.8 150.5 139.1 134.7 137.7 134.1 129.5 131.7 146.8 154.1 155.4 153.3 153.7 155.4 158.5 160 157.4 168.4 169.9 183.7 189.5 180.1 173.2 167.8 159 154.9 153.8 153.2 156.6 158.6 165.4 188 199 199
