data/150000-860000.asc
ncols 200
nrows 200
xllcorner 150000
yllcorner 860000
cellsize 50
[rows 148 to 184 of 200, columns 0 to 84 of 200]
107.7 109.8 108.2 107.9 108.4 107.2 107.8 107.5 106.3 108.3 121.4 127.8 112.8 108.8 108.8 109.8 112.2 114.9 117.6 121 121 121 122.3 118.9 113.1 112.4 112.4 105.3 85.2 75.8 77.7 78.9 79.6 81.7 78.3 70.9 68.9 62.6 35.2 21.6 17.9 15.7 47.4 52.2 50 49.6 51.1 49.3 50.9 55.1 52.7 28 25.2 -1.9 -1.9 -1.9 -1.9 -1.9 -1.9 -1.9 -1.9 -1.9 -1.9 -1.9 -1.9 -1.9 -1.9 -1.9 -1.9 -1.9 -1.9 -1.9 -1.9 -1.9 -1.9 -1.9 -1.9 -1.9 -1.9 -1.9 -1.9 -1.9 -1.9 -1.9 -1.9
105.5 105.6 105.6 106.6 108.7 108 108.7 109 108.8 108.9 109.3 116.3 108.6 108.1 108.3 108.7 110.3 113.3 118.1 120.4 121 121.1 120.2 119.5 118.7 116.5 114.5 110.2 88 75.6 75.9 77.5 78.4 75.4 67.5 64 59.3 51.9 34.8 20.9 18 21.4 44.8 52.9 51.6 54 52.8 53.4 54.3 59.4 60.7 36.3 2 -1.9 -1.9 -1.9 -1.9 -1.9 -1.9 -1.9 -1.9 -1.9 -1.9 -1.9 -1.9 -1.9 -1.9 -1.9 -1.9 -1.9 -1.9 -1.9 -1.9 -1.9 -1.9 -1.9 -1.9 -1.9 -1.9 -1.9 -1.9 -1.9 -1.9 -1.9 -1.9
101.2 101.4 101.4 103.3 107.4 108.7 110.4 109 109 109 109.7 109.2 108.3 108.4 108.4 108.7 109.2 113.9 118.9 122 125.6 124.6 120.7 120.5 119.8 118.6 115.1 109.2 86.7 75.5 73.1 76.2 71.6 67 59 52.6 45.5 38.5 28.9 21.1 18.3 24.8 33.7 53.3 54.2 55.5 55.3 56.7 55.8 57.1 62.7 47.2 1.7 -1.9 -1.9 -1.9 -1.9 -1.9 -1.9 -1.9 -1.9 -1.9 -1.9 -1.9 -1.9 -1.9 -1.9 -1.9 -1.9 -1.9 -1.9 -1.9 -1.9 -1.9 -1.9 -1.9 -1.9 -1.9 -1.9 -1.9 -1.9 -1.9 -1.9 -1.9 -1.9
100.1 101 100.8 100.9 105.1 109.6 110.4 109.8 110.8 108.8 108.5 108.2 108.8 108.8 108.7 108.9 110.4 115.5 119.8 125.5 128.9 130.4 121 121.8 121.4 119.8 116.7 101.6 84.1 75.7 73.7 75.1 72.2 64.3 58.9 41.6 36.8 27.4 25.8 20.6 21.3 24.4 28.8 42.9 55.1 60.5 57.4 57.4 56.9 58.5 61.8 63.3 2.3 -1.9 -1.9 -1.9 -1.9 -1.9 -1.9 -1.9 -1.9 -1.9 -1.9 -1.9 -1.9 -1.9 -1.9 -1.9 -1.9 -1.9 -1.9 -1.9 -1.9 -1.9 -1.9 -1.9 -1.9 -1.9 -1.9 -1.9 -1.9 -1.9 -1.9 -1.9 -1.9
98.9 99.3 100.2 100.6 106.8 110.7 111 110.9 111.5 109.9 109.4 110.2 109.3 109 109 110.4 112.7 117.4 121.9 128.7 131 129.7 121.8 121.7 121.8 119.3 111.2 100.1 83.8 76.8 74.9 74.3 73.3 66.5 58.6 44.4 48.6 39.3 30.1 26.6 27.1 29 29 30.8 52.3 59.9 59.3 59.2 59.6 59 61.6 69.3 12.1 -1.9 -1.9 -1.9 -1.9 -1.9 -1.9 -1.9 -1.9 -1.9 -1.9 -1.9 -1.9 -1.9 -1.9 -1.9 -1.9 -1.9 -1.9 -1.9 -1.9 -1.9 -1.9 -1.9 -1.9 -1.9 -1.9 -1.9 -1.9 -1.9 -1.9 -1.9 -1.9
96.5 99.2 100.2 100.8 105.3 110.5 110.9 111.8 112.8 111.7 112.5 111.8 110 109 109.3 111.4 114.3 118.1 124.4 130.7 132.5 126.9 120.2 121.3 122 118.5 109.6 94.2 81.6 77.4 75.6 73.4 71.8 64.5 57.3 61 54 43.9 36.8 34 33.8 31 31 31.3 41.8 62 60.2 61.1 60.9 60.9 64.9 67.4 13.1 0.9 -1.9 -1.9 -1.9 -1.9 -1.9 -1.9 -1.9 -1.9 -1.9 -1.9 -1.9 -1.9 -1.9 -1.9 -1.9 -1.9 -1.9 -1.9 -1.9 -1.9 -1.9 -1.9 -1.9 -1.9 -1.9 -1.9 -1.9 -1.9 -1.9 -1.9 -1.9
93.7 97 98.7 99.2 99.5 105.9 111.3 112.1 114.1 113.8 118.2 117.6 112.8 111.1 111 112.6 116.5 120.5 127.1 130.2 129 121.9 119.2 119.8 120.9 113.2 105 87.6 80.5 77 74.7 72.6 69.6 62.5 59.2 61 59.2 52.9 42.4 39.6 38.8 35.4 33.5 32.7 37.4 59.6 64.2 65.3 63.9 65.5 64.9 44.1 2.4 -1.9 -1.9 -1.9 -1.9 -1.9 -1.9 -1.9 -1.9 -1.9 -1.9 -1.9 -1.9 -1.9 -1.9 -1.9 -1.9 -1.9 -1.9 -1.9 -1.9 -1.9 -1.9 -1.9 -1.9 -1.9 -1.9 -1.9 -1.9 -1.9 -1.9 -1.9 -1.9
91.3 94 97.1 97.3 97.5 99.2 109.6 113.9 116.5 113.4 119.3 120.3 116.4 112.8 112.5 114.5 118.7 124 129 130.7 128.2 121.9 118 121 111 110.3 91.7 84.9 77.8 76.3 75.8 72.6 67.9 61.8 60.6 63 65.1 56.9 49.2 44.2 40.2 39.1 38.1 37.8 39.4 50.1 68.8 70 68.7 66.4 65.2 9.6 -1.9 -1.9 -1.9 -1.9 -1.9 -1.9 -1.9 -1.9 -1.9 -1.9 -1.9 -1.9 -1.9 -1.9 -1.9 -1.9 -1.9 -1.9 -1.9 -1.9 -1.9 -1.9 -1.9 -1.9 -1.9 -1.9 -1.9 -1.9 -1.9 -1.9 -1.9 -1.9 -1.9
90.5 93.5 94.2 95 96.8 98.3 101.6 107.9 113.1 112.8 120 119.8 116.9 113.7 113.2 115.2 120.2 127.4 128.5 127 123.2 118.1 120.4 110.5 106.4 92.9 87.6 83.2 77.5 73.6 72.4 67.1 64.7 61.5 63.7 67.7 71 60.4 56.7 48.1 43.3 41.1 41.8 42.4 42.3 47.3 71 69.6 69.7 67.5 37.6 -1.9 -1.9 -1.9 -1.9 -1.9 -1.9 -1.9 -1.9 -1.9 -1.9 -1.9 -1.9 -1.9 -1.9 -1.9 -1.9 -1.9 -1.9 -1.9 -1.9 -1.9 -1.9 -1.9 -1.9 -1.9 -1.9 -1.9 -1.9 -1.9 -1.9 -1.9 -1.9 -1.9 -1.9
91.2 92.8 94.3 95.7 97 98.5 100.5 102.6 104.9 110.6 114.2 114.5 114.5 113.2 114.1 115.3 121.5 125.4 128.2 120.9 118.4 114.9 108.5 101.9 93.6 88.6 84.4 81.7 77 73.6 65.3 68.1 63.8 64.5 67.4 70.5 71.9 67.8 65.4 52 46.2 45.8 46.5 47.2 49.1 49.1 65.9 73.8 71 67.2 1.2 -1.9 -1.9 -1.9 -1.9 -1.9 -1.9 -1.9 -1.9 -1.9 -1.9 -1.9 -1.9 -1.9 -1.9 -1.9 -1.9 -1.9 -1.9 -1.9 -1.9 -1.9 -1.9 -1.9 -1.9 -1.9 -1.9 -1.9 -1.9 -1.9 -1.9 -1.9 -1.9 -1.9 -1.9
90.3 92.2 94.3 96.3 97.4 98.3 100.2 102.1 104.4 107.8 110 109.7 112.9 113.8 115.1 116.4 121 126.5 131 119 116.2 110.4 103.1 94.2 90.3 88 84.5 81.2 75.5 68.5 69.7 69.4 66.8 66.1 69.2 72.4 76.6 78.2 71 57.4 49 50.2 51.3 52.4 53.5 54 58.7 74.6 76.8 8.8 -1.9 -1.9 -1.9 -1.9 -1.9 -1.9 -1.9 -1.9 -1.9 -1.9 -1.9 -1.9 -1.9 -1.9 -1.9 -1.9 -1.9 -1.9 -1.9 -1.9 -1.9 -1.9 -1.9 -1.9 -1.9 -1.9 -1.9 -1.9 -1.9 -1.9 -1.9 -1.9 -1.9 -1.9 -1.9
90.8 91.8 93.1 95.4 97.5 97.5 100.1 101.1 104.4 107.6 109 109.8 112.8 116.8 117 118.2 119.3 120.5 120.6 117.5 111.3 104 94.7 91.6 88.9 86.9 88.2 86.3 78.5 70.9 72 75.6 70.9 66.3 69.9 74.9 80 81.4 77.3 63 54.8 54.2 56.1 57.9 59.4 61 59 74.7 21.7 -1.9 -1.9 -1.9 -1.9 -1.9 -1.9 -1.9 -1.9 -1.9 -1.9 -1.9 -1.9 -1.9 -1.9 -1.9 -1.9 -1.9 -1.9 -1.9 -1.9 -1.9 -1.9 -1.9 -1.9 -1.9 -1.9 -1.9 -1.9 -1.9 -1.9 -1.9 -1.9 -1.9 -1.9 -1.9 -1.9
91.4 92.2 92.6 94.2 95.5 97.8 100.5 102.4 105.6 108.6 111.8 113.6 115.9 120.7 119.6 121.4 121.9 121.7 117.6 111.7 104.2 96.5 93.7 91 88.7 89.3 90.4 90.9 82.8 73.3 71.7 77.5 75.9 68.6 69.5 74.2 79.9 81.5 82.3 67.6 58.9 58.3 60.4 63 64.5 65.5 62.7 68 -1.9 -1.9 -1.9 -1.9 -1.9 -1.9 -1.9 -1.9 -1.9 -1.9 -1.9 -1.9 -1.9 -1.9 -1.9 -1.9 -1.9 -1.9 -1.9 -1.9 -1.9 -1.9 -1.9 -1.9 -1.9 -1.9 -1.9 -1.9 -1.9 -1.9 -1.9 -1.9 -1.9 -1.9 -1.9 -1.9 -1.9
91.9 92.5 93 94.8 97.1 99.3 101.6 104.6 107.8 110.2 113.8 117.6 120 122.3 122.4 122.1 123.5 124 114.6 104.4 97.4 95.1 92.8 90.6 90.2 90.8 93 92.1 83.8 75.3 72 76.9 79.7 73.4 68.4 73.2 79 80.8 82.9 72.9 63.9 62.3 64.5 67.1 69 71.5 71.6 2.8 -1.9 -1.9 -1.9 -1.9 -1.9 -1.9 -1.9 -1.9 -1.9 -1.9 -1.9 -1.9 -1.9 -1.9 -1.9 -1.9 -1.9 -1.9 -1.9 -1.9 -1.9 -1.9 -1.9 -1.9 -1.9 -1.9 -1.9 -1.9 -1.9 -1.9 -1.9 -1.9 -1.9 -1.9 -1.9 -1.9 -1.9
92.5 93.6 94.5 96.4 98.7 100.9 102.8 106.1 108.6 112.2 115.9 119.2 122 124.5 125.9 123.1 124.3 123.3 112 101.2 96.4 94.2 92.6 91.5 91.5 92.6 92.9 88.3 82.7 74.4 73.2 77.5 80.6 77.5 69.1 70.9 77.8 80.4 81.3 79.2 67.7 66.6 67.5 69 71 74.2 54.7 -1.9 -1.9 -1.9 -1.9 -1.9 -1.9 -1.9 -1.9 -1.9 -1.9 -1.9 -1.9 -1.9 -1.9 -1.9 -1.9 -1.9 -1.9 -1.9 -1.9 -1.9 -1.9 -1.9 -1.9 -1.9 -1.9 -1.9 -1.9 -1.9 -1.9 -1.9 -1.9 -1.9 -1.9 -1.9 -1.9 -1.9 -1.9
94.1 95 96.4 98.3 100.4 102.2 104.1 107.2 110.1 114.5 118.8 122 124.9 127.4 127.9 123.3 123.3 120.3 112.2 100.7 96.1 94 92.5 91.7 93.1 94 87.6 83.1 79.2 74.7 75.2 77.6 80.6 77.9 70.7 73.9 76.6 79.9 82.4 85.2 70.2 68.9 69.4 71.2 72.8 74.7 27 -1.9 -1.9 -1.9 -1.9 -1.9 -1.9 -1.9 -1.9 -1.9 -1.9 -1.9 -1.9 -1.9 -1.9 -1.9 -1.9 -1.9 -1.9 -1.9 -1.9 -1.9 -1.9 -1.9 -1.9 -1.9 -1.9 -1.9 -1.9 -1.9 -1.9 -1.9 -1.9 -1.9 -1.9 -1.9 -1.9 -1.9 -1.9
96.5 97.4 98.4 100.4 101.9 103.7 105.5 108.1 111.7 115.7 120.3 120.4 122.5 125 127.1 121.5 121.1 119 111.2 99.9 96.2 94.2 92.5 93.8 95 91.3 84.6 79 76.9 75.2 77.8 80.4 80.3 75.9 72.3 76 79 79.1 82.5 85.2 77 69 70.6 72.2 75.9 76.1 9.4 -1.9 -1.9 -1.9 -1.9 -1.9 -1.9 -1.9 -1.9 -1.9 -1.9 -1.9 -1.9 -1.9 -1.9 -1.9 -1.9 -1.9 -1.9 -1.9 -1.9 -1.9 -1.9 -1.9 -1.9 -1.9 -1.9 -1.9 -1.9 -1.9 -1.9 -1.9 -1.9 -1.9 -1.9 -1.9 -1.9 -1.9 -1.9
99.3 100.5 100.5 101.9 103.4 105.2 106.7 108.2 109.8 116.3 120.9 120.1 120.6 122.4 123.4 119.8 121.3 118 108.1 99.3 95.7 94.1 92.2 91.6 92.9 90.6 79.6 77 75.9 78.1 80.3 82.8 82.2 77.5 74 77 79.1 79.4 82.5 84.4 84.7 69.1 70.4 74.2 78.7 78.9 1.8 -1.9 -1.9 -1.9 -1.9 -1.9 -1.9 -1.9 -1.9 -1.9 -1.9 -1.9 -1.9 -1.9 -1.9 -1.9 -1.9 -1.9 -1.9 -1.9 -1.9 -1.9 -1.9 -1.9 -1.9 -1.9 -1.9 -1.9 -1.9 -1.9 -1.9 -1.9 -1.9 -1.9 -1.9 -1.9 -1.9 -1.9 -1.9
101 100.4 101.9 103.5 104.9 106.6 108 109.4 111.6 116.4 120.5 120.2 119.1 121.1 119.3 119.2 118.9 115.1 107.6 97.5 95 93.7 91.8 88.7 87.9 85 78.1 77 80 80.5 83.1 86.6 89.7 80.4 76.4 75.4 80.5 81.2 83.7 84.4 84.8 73.1 70.5 74.4 79.2 78.6 1.6 -1.9 -1.9 -1.9 -1.9 -1.9 -1.9 -1.9 -1.9 -1.9 -1.9 -1.9 -1.9 -1.9 -1.9 -1.9 -1.9 -1.9 -1.9 -1.9 -1.9 -1.9 -1.9 -1.9 -1.9 -1.9 -1.9 -1.9 -1.9 -1.9 -1.9 -1.9 -1.9 -1.9 -1.9 -1.9 -1.9 -1.9 -1.9
100.1 101.5 102.8 104.5 106.3 107.7 109 110.3 112.3 114.8 117.6 116.9 118.3 120.9 119.6 116.4 116.1 112.2 103.4 96.4 94.2 92.8 90.4 87.1 81.1 78.2 77.4 79.3 81.2 82.3 86.1 90.7 92.2 83.2 80 75.6 81.6 83.1 85 86 85 80.2 70 77.1 78.5 51.4 0.8 -1.9 -1.9 -1.9 -1.9 -1.9 -1.9 -1.9 -1.9 -1.9 -1.9 -1.9 -1.9 -1.9 -1.9 -1.9 -1.9 -1.9 -1.9 -1.9 -1.9 -1.9 -1.9 -1.9 -1.9 -1.9 -1.9 -1.9 -1.9 -1.9 -1.9 -1.9 -1.9 -1.9 -1.9 -1.9 -1.9 -1.9 -1.9
102.7 103.6 103 104.1 105.7 107.2 108.7 110.1 111.9 113.5 114.3 114.5 119.7 120.6 115.1 113.4 112.8 109.5 101.1 95.8 92.3 90.8 91.1 87.8 79.9 77.5 78.7 80.3 83 83.5 87.1 91.4 92.9 86.3 82.7 78.3 79.1 84 87.3 89.4 86.3 87.6 69.5 71.1 79.3 15.3 -1.9 -1.9 -1.9 -1.9 -1.9 -1.9 -1.9 -1.9 -1.9 -1.9 -1.9 -1.9 -1.9 -1.9 -1.9 -1.9 -1.9 -1.9 -1.9 -1.9 -1.9 -1.9 -1.9 -1.9 -1.9 -1.9 -1.9 -1.9 -1.9 -1.9 -1.9 -1.9 -1.9 -1.9 -1.9 -1.9 -1.9 -1.9 -1.9
104.6 104.2 103.7 103.1 104.5 105.9 107.5 108.9 110.5 110.7 111.2 113.9 117 112.8 111.4 111 110.3 105.6 98.7 94.5 90.3 88.4 87.7 83.3 78.5 78.6 80 82 84.2 89.2 90 92.2 91.4 88.8 83.8 80.3 78.2 82.5 88.1 90.1 89.6 87.9 71.5 61.6 35.5 1.6 -1.9 -1.9 -1.9 -1.9 -1.9 -1.9 -1.9 -1.9 -1.9 -1.9 -1.9 -1.9 -1.9 -1.9 -1.9 -1.9 -1.9 -1.9 -1.9 -1.9 -1.9 -1.9 -1.9 -1.9 -1.9 -1.9 -1.9 -1.9 -1.9 -1.9 -1.9 -1.9 -1.9 -1.9 -1.9 -1.9 -1.9 -1.9 -1.9
104.8 104.4 104 103.6 103.2 104.3 106 107.7 108.7 109.4 109.7 110.8 110.5 110.2 109.5 109 108.2 102.3 96.1 91.7 88.4 84.8 82.8 80.4 78.4 79.7 81.3 83.2 87.4 92.1 96.5 95.2 90.1 87.4 84.8 82.3 79.4 81.1 87.6 89.9 91.2 88.3 67.7 35.6 7.4 -1.9 -1.9 -1.9 -1.9 -1.9 -1.9 -1.9 -1.9 -1.9 -1.9 -1.9 -1.9 -1.9 -1.9 -1.9 -1.9 -1.9 -1.9 -1.9 -1.9 -1.9 -1.9 -1.9 -1.9 -1.9 -1.9 -1.9 -1.9 -1.9 -1.9 -1.9 -1.9 -1.9 -1.9 -1.9 -1.9 -1.9 -1.9 -1.9 -1.9
105.1 104.6 104.1 103.7 103.2 102.8 103.8 105.3 106.9 107.6 107.5 107.3 106.4 106.7 106.1 105.4 103.4 98.3 92.8 88.1 84.7 82.7 80.8 78.9 79.7 80.9 82.5 84.7 90.4 95.2 98.3 96.3 91.1 88.1 87.9 86.2 83.9 84.3 87.2 90.6 91.9 93.2 63.8 23.5 1.1 -1.9 -1.9 -1.9 -1.9 -1.9 -1.9 -1.9 -1.9 -1.9 -1.9 -1.9 -1.9 -1.9 -1.9 -1.9 -1.9 -1.9 -1.9 -1.9 -1.9 -1.9 -1.9 -1.9 -1.9 -1.9 -1.9 -1.9 -1.9 -1.9 -1.9 -1.9 -1.9 -1.9 -1.9 -1.9 -1.9 -1.9 -1.9 -1.9 -1.9
105 104.6 104.1 103.7 103.2 102.8 102.6 103.4 105.1 104 104.4 103.8 102.6 102.5 102.3 100.1 98.3 96 91.2 86.6 83.9 81.8 79.5 79.6 81.4 82.9 84.1 87.8 93 96 96.8 93.2 90.7 89 89.8 91.1 89.7 85.2 89.1 91.1 91.8 94.5 60.7 5 -1.9 -1.9 -1.9 -1.9 -1.9 -1.9 -1.9 -1.9 -1.9 -1.9 -1.9 -1.9 -1.9 -1.9 -1.9 -1.9 -1.9 -1.9 -1.9 -1.9 -1.9 -1.9 -1.9 -1.9 -1.9 -1.9 -1.9 -1.9 -1.9 -1.9 -1.9 -1.9 -1.9 -1.9 -1.9 -1.9 -1.9 -1.9 -1.9 -1.9 -1.9
104.9 104.5 104.1 103.6 103.2 103.1 103.1 103.1 104 101.6 101.9 101.6 99.7 99 98.3 96.4 94.5 92.1 88.6 84.7 83.6 80.6 80 81.6 83.5 84.9 86.4 91.9 95.9 98.1 94.5 93.4 90.9 90.1 90.8 91.9 92.5 85.5 88.4 91.2 96.9 98.5 49.6 7 -1.9 -1.9 -1.9 -1.9 -1.9 -1.9 -1.9 -1.9 -1.9 -1.9 -1.9 -1.9 -1.9 -1.9 -1.9 -1.9 -1.9 -1.9 -1.9 -1.9 -1.9 -1.9 -1.9 -1.9 -1.9 -1.9 -1.9 -1.9 -1.9 -1.9 -1.9 -1.9 -1.9 -1.9 -1.9 -1.9 -1.9 -1.9 -1.9 -1.9 -1.9
104.7 104.4 104 103.7 103.7 103.7 103.7 103.6 103.6 99.9 100.4 98.9 97.3 96.2 93.7 93.7 91.3 89.8 86.2 83.1 80.9 81.2 82.6 83.4 85.9 89.6 91 95.7 100.5 97.8 93.8 91.3 91 91.3 91.9 94 92.4 87.5 87.6 90.6 95.9 100.8 56.2 8.3 -1.9 -1.9 -1.9 -1.9 -1.9 -1.9 -1.9 -1.9 -1.9 -1.9 -1.9 -1.9 -1.9 -1.9 -1.9 -1.9 -1.9 -1.9 -1.9 -1.9 -1.9 -1.9 -1.9 -1.9 -1.9 -1.9 -1.9 -1.9 -1.9 -1.9 -1.9 -1.9 -1.9 -1.9 -1.9 -1.9 -1.9 -1.9 -1.9 -1.9 -1.9
103.8 103.5 103.2 104.3 104.2 104.2 104.2 104.1 104.1 102.2 98.2 97.6 96.2 95.3 94.3 91.1 89.2 86.9 84.5 82.2 81 80.9 83.8 84.9 85.9 87.2 89.2 92.2 97.7 96.4 92 90.7 90.8 92.3 93.6 97.6 93 91.4 89.3 91.3 94.8 99 75.9 11.9 0.6 -1.9 -1.9 -1.9 -1.9 -1.9 -1.9 -1.9 -1.9 -1.9 -1.9 -1.9 -1.9 -1.9 -1.9 -1.9 -1.9 -1.9 -1.9 -1.9 -1.9 -1.9 -1.9 -1.9 -1.9 -1.9 -1.9 -1.9 -1.9 -1.9 -1.9 -1.9 -1.9 -1.9 -1.9 -1.9 -1.9 -1.9 -1.9 -1.9 -1.9
101.9 102.5 103.2 104.8 104.8 104.7 104.7 104.6 104.3 103.5 100.1 98.3 97.5 98.7 97.5 94.5 91.6 89.2 86.9 84.5 82.8 80.3 82.7 85 85.6 85.9 86.5 88.1 89.7 90.9 89.2 90.2 91.2 92 96 99.4 93.8 93.6 91.9 93.5 96.1 98.9 100.9 19.4 1.6 -1.9 -1.9 -1.9 -1.9 -1.9 -1.9 -1.9 -1.9 -1.9 -1.9 -1.9 -1.9 -1.9 -1.9 -1.9 -1.9 -1.9 -1.9 -1.9 -1.9 -1.9 -1.9 -1.9 -1.9 -1.9 -1.9 -1.9 -1.9 -1.9 -1.9 -1.9 -1.9 -1.9 -1.9 -1.9 -1.9 -1.9 -1.9 -1.9 -1.9
99.5 101.4 101.9 103.8 104.9 104.9 105 105.2 104.6 104.1 100.8 100.1 100.6 100.9 101.1 97.8 93.8 91.4 89 86.8 84.9 83.9 82.1 83.4 83.9 84.3 84.9 86.3 86.2 87.6 88.4 89.7 90.6 91.8 99.4 97.7 93.2 96.6 92.9 94 97.3 98.9 101.4 30.3 2.7 -1.9 -1.9 -1.9 -1.9 -1.9 -1.9 -1.9 -1.9 -1.9 -1.9 -1.9 -1.9 -1.9 -1.9 -1.9 -1.9 -1.9 -1.9 -1.9 -1.9 -1.9 -1.9 -1.9 -1.9 -1.9 -1.9 -1.9 -1.9 -1.9 -1.9 -1.9 -1.9 -1.9 -1.9 -1.9 -1.9 -1.9 -1.9 -1.9 -1.9
98.4 99.6 100.6 102.3 104.3 104.5 105.4 105.9 105.9 104.9 103 102.7 101.6 101.9 102.7 101.3 96.5 93.5 90.9 89.1 89.5 89.4 88.7 86.3 85.2 84 84 84.5 85.3 86.9 88.9 89.7 90.3 91.1 96.3 97.4 98 93 91 92.3 97.3 99.2 101.6 52 11.6 -1.9 -1.9 -1.9 -1.9 -1.9 -1.9 -1.9 -1.9 -1.9 -1.9 -1.9 -1.9 -1.9 -1.9 -1.9 -1.9 -1.9 -1.9 -1.9 -1.9 -1.9 -1.9 -1.9 -1.9 -1.9 -1.9 -1.9 -1.9 -1.9 -1.9 -1.9 -1.9 -1.9 -1.9 -1.9 -1.9 -1.9 -1.9 -1.9 -1.9
96.6 98.6 100.2 102.5 104.1 105.6 106.5 106.5 106.1 105.3 104.4 106.1 104.9 104 104.5 103.9 99.5 95.6 93.2 90.8 92.3 93.5 95.1 90.3 88 86.8 85.3 85.1 85.9 88.3 90.1 91.3 91.1 91.6 93 95.8 100.6 90.1 89.5 92.3 95.4 99 101.7 102.3 15.2 -1.9 -1.9 -1.9 -1.9 -1.9 -1.9 -1.9 -1.9 -1.9 -1.9 -1.9 -1.9 -1.9 -1.9 -1.9 -1.9 -1.9 -1.9 -1.9 -1.9 -1.9 -1.9 -1.9 -1.9 -1.9 -1.9 -1.9 -1.9 -1.9 -1.9 -1.9 -1.9 -1.9 -1.9 -1.9 -1.9 -1.9 -1.9 -1.9 -1.9
93.9 96.6 98.7 102.1 104.7 106.7 108 108 107.2 107 107.1 107.6 107.2 106.3 105.6 102.7 99.5 96.9 94.7 92 92.8 95.6 98.8 91.9 88.4 86.4 85.3 85.2 86.6 88.7 90.3 91.1 90.8 92.1 92.6 95.1 97.4 89.5 89.3 92.5 94.6 97.4 100.7 78.8 14.6 -1.9 -1.9 -1.9 -1.9 -1.9 -1.9 -1.9 -1.9 -1.9 -1.9 -1.9 -1.9 -1.9 -1.9 -1.9 -1.9 -1.9 -1.9 -1.9 -1.9 -1.9 -1.9 -1.9 -1.9 -1.9 -1.9 -1.9 -1.9 -1.9 -1.9 -1.9 -1.9 -1.9 -1.9 -1.9 -1.9 -1.9 -1.9 -1.9 -1.9
90.7 92 94.9 98.5 102 106 108.8 110.1 110.5 110.1 110.5 109.5 104.9 101.1 98.4 96.6 94.8 95.4 95.6 94.3 95.2 95.8 96.7 90 87.5 86.1 85.3 84.9 86 87.8 90.4 90.5 91.3 92.8 92.7 94.1 96.5 87.9 88.6 90.7 94.2 95.6 98.7 43.1 10.7 -1.9 -1.9 -1.9 -1.9 -1.9 -1.9 -1.9 -1.9 -1.9 -1.9 -1.9 -1.9 -1.9 -1.9 -1.9 -1.9 -1.9 -1.9 -1.9 -1.9 -1.9 -1.9 -1.9 -1.9 -1.9 -1.9 -1.9 -1.9 -1.9 -1.9 -1.9 -1.9 -1.9 -1.9 -1.9 -1.9 -1.9 -1.9 -1.9 -1.9
90.3 89.4 91.5 94.9 96.1 100.3 104.1 107.2 110.7 111.1 110.8 108.9 104.3 96.7 93.1 91.8 91 92.3 93.2 93.6 93.8 94.5 92.3 88.3 86.7 85.9 85.6 85.4 86.1 87.1 88.7 89.8 91 91.9 92.4 93.6 94.9 94.1 88.4 90.5 92.1 95.2 68.7 31.4 3.3 -1.9 -1.9 -1.9 -1.9 -1.9 -1.9 -1.9 -1.9 -1.9 -1.9 -1.9 -1.9 -1.9 -1.9 -1.9 -1.9 -1.9 -1.9 -1.9 -1.9 -1.9 -1.9 -1.9 -1.9 -1.9 -1.9 -1.9 -1.9 -1.9 -1.9 -1.9 -1.9 -1.9 -1.9 -1.9 -1.9 -1.9 -1.9 -1.9 -1.9
91.2 89.5 88.7 91.7 92 94.4 97.2 99.4 101.9 103.1 102.9 100.2 97.4 93.2 90 88 87.8 88.9 90.7 91.7 92.7 92.1 90.1 88.3 87.4 86.5 86.2 86.3 87.5 88.7 89.1 91 90.3 91.2 91.4 92.6 94 98.5 88.7 92 93.8 94.2 44.5 12.4 -1.9 -1.9 -1.9 -1.9 -1.9 -1.9 -1.9 -1.9 -1.9 -1.9 -1.9 -1.9 -1.9 -1.9 -1.9 -1.9 -1.9 -1.9 -1.9 -1.9 -1.9 -1.9 -1.9 -1.9 -1.9 -1.9 -1.9 -1.9 -1.9 -1.9 -1.9 -1.9 -1.9 -1.9 -1.9 -1.9 -1.9 -1.9 -1.9 -1.9 -1.9
91.2 89.7 88.3 88.2 89.2 91.2 93.6 95.2 95.7 96.4 96 94.9 92.6 90 86.5 83.6 82.4 84.1 86.9 90.5 92.1 92.3 90.4 89 88 87 86.5 87.8 90.1 89.8 91.2 91.3 91 90.6 90.9 91.5 93.1 97.9 83.6 90.8 89.1 60 22.7 -1.9 -1.9 -1.9 -1.9 -1.9 -1.9 -1.9 -1.9 -1.9 -1.9 -1.9 -1.9 -1.9 -1.9 -1.9 -1.9 -1.9 -1.9 -1.9 -1.9 -1.9 -1.9 -1.9 -1.9 -1.9 -1.9 -1.9 -1.9 -1.9 -1.9 -1.9 -1.9 -1.9 -1.9 -1.9 -1.9 -1.9 -1.9 -1.9 -1.9 -1.9 -1.9
