data/150000-810000.asc
ncols 200
nrows 200
xllcorner 150000
yllcorner 810000
cellsize 50
[rows 111 to 147 of 200, columns 0 to 82 of 200]
-1.8 -1.8 -1.8 -1.8 -1.8 -1.8 -1.8 -1.8 -1.8 -1.8 -1.8 -1.8 -1.8 -1.8 -1.8 -1.8 -1.8 -1.8 -1.8 -1.8 -1.8 -1.8 -1.8 -1.8 -1.8 -1.8 -1.8 -1.8 -1.8 -1.8 -1.8 -1.8 3.8 36.6 65.7 82 93.9 105.6 118.2 121.9 126.3 133.1 134.9 128.1 110.1 108.6 108.1 108.3 102.4 99.1 98.4 97.7 99.3 96.4 96.9 96.3 96.3 97.3 98.8 100.2 92.4 87.5 85.6 85 86.2 88 95.8 103.1 108.1 108.8 109.2 101.2 95.8 99.6 101.2 101.3 96.8 94.8 95.6 89.1 88.4 87 86.2
-1.8 -1.8 -1.8 -1.8 -1.8 -1.8 -1.8 -1.8 -1.8 -1.8 -1.8 -1.8 -1.8 -1.8 -1.8 -1.8 -1.8 -1.8 -1.8 -1.8 -1.8 -1.8 -1.8 -1.8 -1.8 -1.8 -1.8 -1.8 -1.8 -1.8 -1.8 -1.8 2.5 38.7 61.5 78.6 94.8 107.7 122.8 127.9 132.1 139.3 140.4 130.6 117 109 109.1 107.5 98.7 97.6 97 96.1 95.3 95.9 95.5 95.2 95.5 97.7 101.3 104.4 87.8 85.7 87 85.2 86.8 93 98.1 106.5 111.1 111 110.5 108.3 104.3 92.2 84.8 78 73.5 70.5 74 77.7 76.6 80.2 77
-1.8 -1.8 -1.8 -1.8 -1.8 -1.8 -1.8 -1.8 -1.8 -1.8 -1.8 -1.8 -1.8 -1.8 -1.8 -1.8 -1.8 -1.8 -1.8 -1.8 -1.8 -1.8 -1.8 -1.8 -1.8 -1.8 -1.8 -1.8 -1.8 -1.8 -1.8 -1.8 1.7 39.1 56.7 73.4 90.5 108 120.8 127.3 132.5 142 140.2 134.8 124.1 113.4 113.2 107.2 97.6 96.5 95.6 95.2 95.3 97 96.5 96.8 97.9 100.4 104.1 95.4 86.6 85.3 86.4 88.1 93 99.9 104.3 109 110.9 111.3 112.1 110.6 110.4 103.4 97.6 92.1 86 74 57.8 52.7 64.7 70.7 66.1
-1.8 -1.8 -1.8 -1.8 -1.8 -1.8 -1.8 -1.8 -1.8 -1.8 -1.8 -1.8 -1.8 -1.8 -1.8 -1.8 -1.8 -1.8 -1.8 -1.8 -1.8 -1.8 -1.8 -1.8 -1.8 -1.8 -1.8 -1.8 -1.8 -1.8 -1.8 -1.8 -1.8 9.8 57.6 70.5 85 100 112.7 123.5 134.6 134.7 134.4 134.9 125.9 118.5 113.5 100.1 96.7 96.1 94.9 94.6 95.4 101.4 95.8 98.3 100.7 103.6 107.6 89.1 86.5 84.8 86.9 91.4 98.7 102.2 107.2 110.9 110.9 111.3 112.8 112.3 110.5 108.6 101.1 96.2 93.8 86.4 68.7 54.4 44.5 51.4 57.1
-1.8 -1.8 -1.8 -1.8 -1.8 -1.8 -1.8 -1.8 -1.8 -1.8 -1.8 -1.8 -1.8 -1.8 -1.8 -1.8 -1.8 -1.8 -1.8 -1.8 -1.8 -1.8 -1.8 -1.8 -1.8 -1.8 -1.8 -1.8 -1.8 -1.8 -1.8 -1.8 -1.8 1.7 32.4 67.9 79 96.6 110.5 121.9 130 133.4 129.7 128.8 123.4 118.3 112 96.4 97.2 96.1 94.6 93.9 93.2 93.1 96.6 98.7 102.9 109.6 102 88.1 84.5 84.8 88.5 94.2 100.4 103.9 109.2 110.3 110.4 111.4 112.8 113.5 111.1 109.4 104.1 100.5 94.7 91 68.6 60.1 51.7 38.3 42.2
-1.8 -1.8 -1.8 -1.8 -1.8 -1.8 -1.8 -1.8 -1.8 -1.8 -1.8 -1.8 -1.8 -1.8 -1.8 -1.8 -1.8 -1.8 -1.8 -1.8 -1.8 -1.8 -1.8 -1.8 -1.8 -1.8 -1.8 -1.8 -1.8 -1.8 -1.8 -1.8 -1.8 0.6 13.9 56.6 75.3 88.5 104.2 117 123.4 129.5 129.1 124.4 118.8 110.8 103.7 95.9 97.8 95.8 94.3 93.2 92.9 94.7 97.6 101 106.1 115.1 95.8 86.3 84.7 86.9 90.9 97.2 101.8 105.5 108.5 110 110.9 111.6 113 115.2 115.5 113 109.5 101.4 96 88 79.8 61.9 57.9 40.7 27.9
-1.8 -1.8 -1.8 -1.8 -1.8 -1.8 -1.8 -1.8 -1.8 -1.8 -1.8 -1.8 -1.8 -1.8 -1.8 -1.8 -1.8 -1.8 -1.8 -1.8 -1.8 -1.8 -1.8 -1.8 -1.8 -1.8 -1.8 -1.8 -1.8 -1.8 -1.8 -1.8 -1.8 -1.8 4.3 46.2 73.6 86.4 100.4 109.7 117.5 122 125.9 122.3 116.9 109.3 98.2 94.1 96.3 98 96.9 93.3 92.9 96 98.2 103.3 109.9 104.7 87.6 84.5 87.1 89.4 93.6 99 102.9 105.7 107.8 108.6 109.3 111.8 115.1 115.5 119 120 116.9 110.2 97 91.6 82.4 67.8 59.3 46.6 30.6
-1.8 -1.8 -1.8 -1.8 -1.8 -1.8 -1.8 -1.8 -1.8 -1.8 -1.8 -1.8 -1.8 -1.8 -1.8 -1.8 -1.8 -1.8 -1.8 -1.8 -1.8 -1.8 -1.8 -1.8 -1.8 -1.8 -1.8 -1.8 -1.8 -1.8 -1.8 -1.8 -1.8 -1.8 2.9 37.8 72.4 85.1 96.2 105.1 115.4 120.6 121.3 121.1 117 111.1 101.7 93.9 94.9 96.8 98.9 96 93.1 97.5 99.6 106.7 104.9 89 83.7 87.6 91 94.3 97.4 100.7 102.9 104.6 106.8 106.7 107.8 112.3 115.2 117.9 120.3 120.8 119.2 112.5 104.4 89.1 82.5 72.9 59.5 51.7 40.3
-1.8 -1.8 -1.8 -1.8 -1.8 -1.8 -1.8 -1.8 -1.8 -1.8 -1.8 -1.8 -1.8 -1.8 -1.8 -1.8 -1.8 -1.8 -1.8 -1.8 -1.8 -1.8 -1.8 -1.8 -1.8 -1.8 -1.8 -1.8 -1.8 -1.8 -1.8 -1.8 -1.8 -1.8 2.5 30.5 66.4 83.4 93.3 101.5 111.6 117 119.6 121.1 113.9 110 103.1 95 94.5 96.9 98.9 95.6 96 99.8 96.8 96.1 85.7 84.4 86.1 91.9 94.8 94.2 97.7 101.2 101.1 103.6 105.5 107.7 110.5 112.5 115.4 118.4 115.4 119.1 116.4 111.3 105.1 92.7 84 76.8 69 52.5 41.2
-1.8 -1.8 -1.8 -1.8 -1.8 -1.8 -1.8 -1.8 -1.8 -1.8 -1.8 -1.8 -1.8 -1.8 -1.8 -1.8 -1.8 -1.8 -1.8 -1.8 -1.8 -1.8 -1.8 -1.8 -1.8 -1.8 -1.8 -1.8 -1.8 -1.8 -1.8 -1.8 -1.8 -1.8 2.5 21.7 59.3 75.5 93.2 98.4 103.6 109.5 109.3 111.4 113.1 107.6 101.5 96.2 92.9 95.8 97.6 92.3 99.2 104.2 92.7 81.3 81 87.4 91 95.4 95.4 95.2 99.8 101.6 103.3 104.9 106.2 107.1 109.6 111.6 113.9 117.7 113.5 114.4 111 111.5 108.5 99 82.3 80.8 71.5 60.8 44.7
-1.8 -1.8 -1.8 -1.8 -1.8 -1.8 -1.8 -1.8 -1.8 -1.8 -1.8 -1.8 -1.8 -1.8 -1.8 -1.8 -1.8 -1.8 -1.8 -1.8 -1.8 -1.8 -1.8 -1.8 -1.8 -1.8 -1.8 -1.8 -1.8 -1.8 -1.8 -1.8 -1.8 -1.8 9.6 31.2 53.5 70.7 89.6 93.7 94.1 100.1 102 101.5 103.6 108.1 97.8 93.1 91.4 93.2 96.8 98.6 98.8 88.7 81 78.8 84.2 89.7 91.5 93.7 96.2 97.9 101.4 103.9 106.6 108 108.2 106 108.2 110.6 111.9 113.7 112.3 110.6 110.6 111.3 111 104.6 90.4 79.4 76.8 68.3 47.9
-1.8 -1.8 -1.8 -1.8 -1.8 -1.8 -1.8 -1.8 -1.8 -1.8 -1.8 -1.8 -1.8 -1.8 -1.8 -1.8 -1.8 -1.8 -1.8 -1.8 -1.8 -1.8 -1.8 -1.8 -1.8 -1.8 -1.8 -1.8 -1.8 -1.8 -1.8 -1.8 -1.8 5.5 20.8 35.6 54.2 68.6 80.8 90.1 91.2 86 88.6 88 87.8 93.7 96.6 91.2 93.8 96.5 97.2 86.1 79.6 78.4 79.5 83.7 89.8 91.5 93.1 96.3 100.3 100.2 103.1 105.9 106.1 110.4 110.5 110 105.7 109.6 111.5 111.5 111.5 115.4 109.5 112.7 111.2 105.1 94 80.8 75.9 71.7 55.2
-1.8 -1.8 -1.8 -1.8 -1.8 -1.8 -1.8 -1.8 -1.8 -1.8 -1.8 -1.8 -1.8 -1.8 -1.8 -1.8 -1.8 -1.8 -1.8 -1.8 -1.8 -1.8 -1.8 -1.8 -1.8 -1.8 -1.8 -1.8 -1.8 -1.8 -1.8 -1.8 3.2 14.8 22.7 34.5 49.7 62 72.2 82.5 81.6 79.2 76.3 77.4 79.2 82.7 88.5 95.3 97 87.9 78.9 78 78 79.5 82.6 88.4 94.6 96.1 95.6 101.1 105.2 102.4 104.1 107.3 106.5 109.4 111.2 111.7 109.8 108.8 110.9 110.9 111 112.7 111.8 110.3 110.8 106.1 92.8 82.2 75.6 69.2 57.3
-1.8 -1.8 -1.8 -1.8 -1.8 -1.8 -1.8 -1.8 -1.8 -1.8 -1.8 -1.8 -1.8 -1.8 -1.8 -1.8 -1.8 -1.8 -1.8 -1.8 -1.8 -1.8 -1.8 -1.8 -1.8 -1.8 -1.8 -1.8 -1.8 -1.8 -1.8 -1.8 1.7 20 26.8 37.7 48.2 58.9 66.6 76.2 76.8 72 72.7 77.1 83.1 88.3 94.6 98.7 99 84.2 78.1 78.3 79.2 84.3 89.5 93.9 100.4 106.7 104.9 106.5 109.1 105.4 107.5 109.2 109.4 109.7 111.2 115 112.2 110.9 110.9 110.9 110.9 112.1 111.5 104.9 105.8 101 93.2 83.4 75.9 66.4 52.8
-1.8 -1.8 -1.8 -1.8 -1.8 -1.8 -1.8 -1.8 -1.8 -1.8 -1.8 -1.8 -1.8 -1.8 -1.8 -1.8 -1.8 -1.8 -1.8 -1.8 -1.8 -1.8 -1.8 -1.8 -1.8 -1.8 -1.8 -1.8 -1.8 -1.8 -1.8 -1.8 0.6 5.8 32.9 38.8 45.9 54.4 60.2 65.8 67.8 71.2 75.6 82.5 87 92.6 97.5 104.2 101.5 82.3 78.7 80.3 84.7 91.3 95.3 99.6 105.9 111.5 118.8 111.1 106.2 105.4 106.1 107.1 108.9 108.8 110.9 114.5 110.9 110.9 110.9 110.9 110.9 110.8 107.2 106.2 99.6 100.2 95.8 85.2 78.7 67.9 46.7
-1.8 -1.8 -1.8 -1.8 -1.8 -1.8 -1.8 -1.8 -1.8 -1.8 -1.8 -1.8 -1.8 -1.8 -1.8 -1.8 -1.8 -1.8 -1.8 -1.8 -1.8 -1.8 -1.8 -1.8 -1.8 -1.8 -1.8 -1.8 -1.8 -1.8 -1.8 -1.8 0.1 4.5 27.6 38.1 41.4 45.8 56.3 67.2 74.4 77.8 79 85.6 91 95.9 99.6 98.7 82.9 76.6 79.7 86.4 91.2 95 99.6 104.1 110.1 112.6 111.8 105.8 104.6 104.6 105.3 106 107 107.8 109.3 109.5 110.9 110.9 110.9 110.9 109.7 109.3 106.6 100.4 98.1 98.7 98.5 87.4 79.1 65 49.7
-1.8 -1.8 -1.8 -1.8 -1.8 -1.8 -1.8 -1.8 -1.8 -1.8 -1.8 -1.8 -1.8 -1.8 -1.8 -1.8 -1.8 -1.8 -1.8 -1.8 -1.8 -1.8 -1.8 -1.8 -1.8 -1.8 -1.8 -1.8 -1.8 -1.8 -1.8 -1.8 -1.8 3.5 12.7 20.3 30.2 45.2 57.6 69.7 78.3 81 84.7 86.3 91 94.6 90.3 78 76.1 80.8 86.1 91.3 95.3 98.8 104.8 108.9 112.3 109.1 106.1 103.7 105.5 106.6 108.1 107.9 106.5 107.1 108 108.1 109.4 110.4 110.8 109.9 106.9 108.6 105.5 100.4 98.1 96.4 94 83.5 75.6 58.6 42.4
-1.8 -1.8 -1.8 -1.8 -1.8 -1.8 -1.8 -1.8 -1.8 -1.8 -1.8 -1.8 -1.8 -1.8 -1.8 -1.8 -1.8 -1.8 -1.8 -1.8 -1.8 -1.8 -1.8 -1.8 -1.8 -1.8 -1.8 -1.8 -1.8 -1.8 -1.8 -1.8 2.6 -1.8 8.6 20 29.2 40.9 51.7 62.9 68.3 73.9 79.4 82.5 82 78.1 72.3 77.1 81.5 85.8 90.9 95.7 100.4 104.5 109.5 111.6 116.2 104.4 100.6 104.5 107.4 107.8 109.4 109.7 108 107.9 107.7 106.7 107.9 108.8 109.3 108.7 106.1 101.2 99.8 98.1 95.3 91 90.7 82.2 70.1 62.6 46.1
-1.8 -1.8 -1.8 -1.8 -1.8 -1.8 -1.8 -1.8 -1.8 -1.8 -1.8 -1.8 -1.8 -1.8 -1.8 -1.8 -1.8 -1.8 -1.8 -1.8 -1.8 -1.8 -1.8 -1.8 -1.8 -1.8 -1.8 -1.8 -1.8 -1.8 -1.8 5.9 8.9 14.4 16.6 20.3 26.7 32.8 43.3 46.9 54.4 59.3 60.6 64.5 63.2 67.4 74.6 81.7 84 88.3 93.3 99.2 104.5 109.2 109.9 113.3 103.5 96.4 101.2 108 106.7 109.4 113.3 106.9 107.5 107.4 105.7 105.3 106.7 105.3 105.8 104.8 103.2 101.5 96.7 94.6 91.4 86.1 77 75.2 67.8 60.1 42.8
-1.8 -1.8 -1.8 -1.8 -1.8 -1.8 -1.8 -1.8 -1.8 -1.8 -1.8 -1.8 -1.8 -1.8 -1.8 -1.8 -1.8 -1.8 -1.8 -1.8 -1.8 -1.8 -1.8 -1.8 -1.8 -1.8 -1.8 -1.8 -1.8 -1.8 -1.8 17.3 19.2 21.6 25.8 29.2 30.9 34.4 35.7 39 45.3 51.5 58 60.4 67.2 72.2 80.8 81.1 87.8 91.9 94.7 100.4 107.9 110.5 114.3 103.9 96.5 96.7 103.7 111.6 112.1 108.8 110.4 106.3 105.1 105.9 104.4 103.8 102.8 101.5 102.1 101.9 101 101.5 100.9 90.5 86.3 80.7 72.1 69.9 67 51.5 44.1
-1.8 -1.8 -1.8 -1.8 -1.8 -1.8 -1.8 -1.8 -1.8 -1.8 -1.8 -1.8 -1.8 -1.8 -1.8 -1.8 -1.8 -1.8 -1.8 -1.8 -1.8 -1.8 -1.8 -1.8 -1.8 -1.8 -1.8 -1.8 -1.8 -1.8 0.9 15 28.1 30.3 33.5 34.9 35.8 37.9 40.8 45.2 49.7 56.1 61.5 67.6 71.6 78.1 83.6 86.5 91.1 95.8 98.3 103.4 106.2 113.2 107 95.3 90.4 96.6 104.6 110.8 109.8 109.5 109.9 107.1 106.1 105 105.9 101.6 100.2 99.2 99.6 100.8 101.7 102 99.5 88.3 81.8 80.3 72.5 61.1 60.8 45.2 41.3
-1.8 -1.8 -1.8 -1.8 -1.8 -1.8 -1.8 -1.8 -1.8 -1.8 -1.8 -1.8 -1.8 -1.8 -1.8 -1.8 -1.8 -1.8 -1.8 -1.8 -1.8 -1.8 -1.8 -1.8 -1.8 -1.8 -1.8 -1.8 -1.8 -1.8 3.7 23.3 32.8 37.7 38.2 40.1 40.7 43.4 46.4 50.5 54.4 61.8 65.7 73.3 77.8 80.4 87.6 89.5 94.2 100.8 105 110.2 104.1 102.4 97.1 86.7 91.5 100.8 109 109.2 106.2 106.5 102.7 103.6 106.2 106.8 106.5 98.6 94.5 95.5 98 100.4 101.2 101.2 97.1 89.8 86.1 79.9 73.5 55.7 49.8 45.3 38.4
-1.8 -1.8 -1.8 -1.8 -1.8 -1.8 -1.8 -1.8 -1.8 -1.8 -1.8 -1.8 -1.8 -1.8 -1.8 -1.8 -1.8 -1.8 -1.8 -1.8 -1.8 -1.8 -1.8 -1.8 -1.8 -1.8 -1.8 -1.8 -1.8 -1.8 8.7 30.2 37.4 41.7 44 43.4 45.3 48.6 51.1 55.5 59.9 65.1 70.7 76.3 82.1 83.4 89.4 92.7 97.7 101.3 108.3 110.4 103.1 95.4 85.1 88.5 96.6 102.6 107.8 105 103 105.4 103.4 100.7 102.4 104.9 102.6 97.7 91.8 91.7 94.1 98.8 100.8 100.5 94 88.7 85.6 76.3 71.4 53.9 41.3 39.6 36.6
-1.8 -1.8 -1.8 -1.8 -1.8 -1.8 -1.8 -1.8 -1.8 -1.8 -1.8 -1.8 -1.8 -1.8 -1.8 -1.8 -1.8 -1.8 -1.8 -1.8 -1.8 -1.8 -1.8 -1.8 -1.8 -1.8 -1.8 -1.8 -1.8 4.4 27.8 35.7 39.6 44.3 48.6 51 52.3 52.5 55.6 60.9 62.2 67.8 75.1 80.2 84.2 87.6 90 94.6 99.4 103.4 105.7 108.5 102.8 85.6 88.3 91 94 99.3 99.5 100.5 103.2 102.9 103.4 100.3 99.6 99.8 98.4 96.1 90.6 89.5 90.6 98.7 100.7 97.1 88.8 88.6 85.3 75.1 68 47.5 32.7 38 38.1
-1.8 -1.8 -1.8 -1.8 -1.8 -1.8 -1.8 -1.8 -1.8 -1.8 -1.8 -1.8 -1.8 -1.8 -1.8 -1.8 -1.8 -1.8 -1.8 -1.8 -1.8 -1.8 -1.8 -1.8 -1.8 -1.8 -1.8 -1.8 4.2 11.1 24.9 34 42.8 48.1 50.1 51.7 53.3 56.2 60 63.2 66.3 70.3 79.2 82.8 86.2 90.3 91.7 95.1 100.4 98.6 99 97.4 80.6 83.7 90.8 92.8 91.2 95.2 96.4 100.7 103.5 101.8 102.7 103.6 100.2 98.5 100.1 92.9 88.1 88.1 91.4 100.1 98.9 88.7 82.9 84.7 83.3 73.5 67.2 45.4 30.9 35.6 23.4
-1.8 -1.8 -1.8 -1.8 -1.8 -1.8 -1.8 -1.8 -1.8 -1.8 -1.8 -1.8 -1.8 -1.8 -1.8 -1.8 -1.8 -1.8 -1.8 -1.8 -1.8 -1.8 -1.8 -1.8 -1.8 -1.8 -1.8 2.1 12.1 20 23.6 33.1 43.6 49.4 50.8 52.6 54.8 57.5 61.9 65.7 68.6 71.3 81.6 86.4 89.3 91.5 95.3 98.2 96.2 90.1 94.6 82.4 79.7 81 84.8 89.3 87.5 89 95 100.8 101.3 99.6 102.9 107.7 104.4 102.1 100.7 97.3 86.4 88 95.1 100.8 89.2 81.2 83.8 81.3 79.2 72.5 66.3 48.3 36.8 12.4 -1.8
-1.8 -1.8 -1.8 -1.8 -1.8 -1.8 -1.8 -1.8 -1.8 -1.8 -1.8 -1.8 -1.8 -1.8 -1.8 -1.8 -1.8 -1.8 -1.8 -1.8 -1.8 -1.8 -1.8 -1.8 -1.8 -1.8 -1.8 2.8 18.9 24.3 26.9 33.8 37.7 41.9 49.6 58.4 60.7 60.4 66.3 68.8 73.5 76.8 82.3 88.1 89.4 92.1 93 94.9 90.7 88.2 77.7 71.5 74.3 81 76.9 82.1 82.9 87.1 92.5 96.8 97.5 100.5 104.3 110.5 114.2 105.2 89.6 84.8 83.7 87.9 89.2 87.1 76.5 77.8 80.8 80.1 72.9 71.2 61.4 40.8 35.9 2.3 -1.8
-1.8 -1.8 -1.8 -1.8 -1.8 -1.8 -1.8 -1.8 -1.8 -1.8 -1.8 -1.8 -1.8 -1.8 -1.8 -1.8 -1.8 -1.8 -1.8 -1.8 -1.8 -1.8 -1.8 -1.8 -1.8 -1.8 -1.8 4.4 20.7 26.1 28.2 33.4 40.1 44.1 50 59.9 61.5 65.6 70.3 73.2 79.6 78.9 78.7 87.5 84.1 77.4 86.4 88.4 81.4 70.2 69.8 65 67 70.7 68.9 74 80.3 84.9 88.7 91.6 97.9 102.6 103.7 109.7 110.9 100.1 83.1 82.3 83.8 87.6 89.4 71.9 72.3 73.4 73.9 72.6 68.7 63.4 54.1 38.9 30.5 -1.8 -1.8
-1.8 -1.8 -1.8 -1.8 -1.8 -1.8 -1.8 -1.8 -1.8 -1.8 -1.8 -1.8 -1.8 -1.8 -1.8 -1.8 -1.8 -1.8 -1.8 -1.8 -1.8 -1.8 -1.8 -1.8 -1.8 -1.8 1.4 12.2 21.1 24 29.8 37.1 41.1 44.8 48.9 57.5 68 71.2 70 77 80.3 85.2 75.7 75.5 75.9 79 83.1 76.1 61.8 66.1 59.5 60.1 60.8 62.6 67 71.7 80.5 82.3 85.6 91.1 97 100.4 101.2 102.1 105.4 100.7 83.6 81.8 84.8 84.6 80.6 69.6 69.8 69.6 69.5 67.9 65.4 53.9 41.8 37.5 27.6 -1.8 -1.8
-1.8 -1.8 -1.8 -1.8 -1.8 -1.8 -1.8 -1.8 -1.8 -1.8 -1.8 -1.8 -1.8 -1.8 -1.8 -1.8 -1.8 -1.8 -1.8 -1.8 -1.8 -1.8 -1.8 -1.8 -1.8 -1.8 2.6 6.5 22.1 27.5 29.2 38.8 44.4 48 52.1 61.3 71 77.5 76.2 74.7 81.4 79.6 73.5 73.4 72.2 71.7 67.5 58.8 54.5 53 49.2 50.5 59 62.9 70.6 71.1 76.8 79.7 84.3 89.1 93.7 95.4 96.7 94.5 98.9 100.1 88.2 82.9 86.1 83.6 76.1 70.6 64.3 66.8 66.2 66 63.8 54.3 35 35.6 24.2 -1.8 -1.8
-1.8 -1.8 -1.8 -1.8 -1.8 -1.8 -1.8 -1.8 -1.8 -1.8 -1.8 -1.8 -1.8 -1.8 -1.8 -1.8 -1.8 -1.8 -1.8 -1.8 -1.8 -1.8 -1.8 -1.8 -1.8 -1.8 2.4 7 21.4 25.7 31.2 40.3 46.9 50.3 54.9 60.9 71.9 75.2 74.3 75.2 72.1 73 72.7 65.9 62.6 56.6 52.9 49.6 45.6 45.1 42.9 48.8 57.9 66.3 71.7 72.8 71 74.8 80.9 86.3 87.3 87.8 88.2 90.7 91.7 94.7 89.9 80.1 83.6 78.7 67.5 67.3 62.5 61.1 63.2 58.4 48.7 38.2 34.4 31 -1.8 -1.8 -1.8
-1.8 -1.8 -1.8 -1.8 -1.8 -1.8 -1.8 -1.8 -1.8 -1.8 -1.8 -1.8 -1.8 -1.8 -1.8 -1.8 -1.8 -1.8 -1.8 -1.8 -1.8 -1.8 -1.8 -1.8 -1.8 -1.8 -1.8 16 22.6 27.6 36.2 40.8 49.7 54.4 58.6 59.3 62.5 63.5 64.3 66.8 64.7 59.2 61.8 57.9 49.5 44 41.6 39.7 38.9 39.6 43.4 50.4 59.6 66.9 70.7 72.3 70.9 71.2 82.1 83.2 81.4 83.5 85.6 84.4 78.5 80.4 81.8 73.2 74.3 64.8 64.8 64.2 57.4 55.4 54.1 37.4 31.6 32.3 32.6 -1.8 -1.8 -1.8 -1.8
-1.8 -1.8 -1.8 -1.8 -1.8 -1.8 -1.8 -1.8 -1.8 -1.8 -1.8 -1.8 -1.8 -1.8 -1.8 -1.8 -1.8 -1.8 -1.8 -1.8 -1.8 -1.8 -1.8 -1.8 -1.8 0.9 2.2 18.8 24.5 33.6 40.8 44 48.2 53.8 60.2 60.3 58.9 61.5 63 60.8 57.6 52.6 45.5 42.9 33.4 35.8 36.2 34.4 36.2 39.6 45.5 51.5 58.2 64 68.3 70.6 70.5 69.6 70.8 78.5 80.3 78.4 78.9 74.3 72.3 72.6 80.3 81.1 56.4 56.5 61.2 57.8 50.7 46.7 36.7 29.9 3.1 29.7 -1.8 -1.8 -1.8 -1.8 -1.8
-1.8 -1.8 -1.8 -1.8 -1.8 -1.8 -1.8 -1.8 -1.8 -1.8 -1.8 -1.8 -1.8 -1.8 -1.8 -1.8 -1.8 -1.8 -1.8 -1.8 -1.8 -1.8 -1.8 -1.8 -1.8 -1.8 8.1 20.6 26.1 33 43 47.6 50.2 52.2 57.4 57.9 58 58.4 56.8 51.9 45.5 39 33.5 30.3 27.8 32.1 32.2 31.4 34.7 38.9 44.6 51.3 58 62.8 68 71.5 72.3 68.3 72.5 75.9 79.5 77 75.7 70.7 65.5 68.1 67.9 69.7 52.7 51.7 53.9 49.1 36.4 26.6 25.2 20.5 18.9 -1.8 -1.8 -1.8 -1.8 -1.8 -1.8
-1.8 -1.8 -1.8 -1.8 -1.8 -1.8 -1.8 -1.8 -1.8 -1.8 -1.8 -1.8 -1.8 -1.8 -1.8 -1.8 -1.8 -1.8 -1.8 -1.8 -1.8 -1.8 -1.8 -1.8 -1.8 -1.8 18 20.7 29.2 37.1 45.8 49.3 50.9 50.3 50.6 51.1 50.3 45.9 41 35 37.5 29.3 25.8 22.9 23.7 27.4 30 29.1 32 39.7 45.1 51.8 58.6 64.5 66.9 73.1 76.7 73.5 70.8 73.5 75.1 71.1 66.8 64.7 64.3 67.5 59.4 54.1 53.4 39.5 44.8 44.5 28.3 23.2 6.3 -1.8 -1.8 -1.8 -1.8 -1.8 -1.8 -1.8 -1.8
-1.8 -1.8 -1.8 -1.8 -1.8 -1.8 -1.8 -1.8 -1.8 -1.8 -1.8 -1.8 -1.8 -1.8 -1.8 -1.8 -1.8 -1.8 -1.8 -1.8 -1.8 -1.8 -1.8 -1.8 -1.8 1.1 19.3 25.4 30.9 39.3 47.1 50.9 50.8 49.2 47.6 50.1 41.8 35.1 28.1 26.9 25.9 25.9 22.6 20.4 19.9 21.5 26.5 29.5 34.4 42.2 45.9 51.8 59.3 65.9 67.8 71.8 73 70.2 61.3 66.5 72.4 72.3 62.1 62.2 65.6 64 56.8 52.6 51.2 50.5 37.5 34.4 22.5 18.2 -1.8 -1.8 -1.8 -1.8 -1.8 -1.8 -1.8 -1.8 -1.8
-1.8 -1.8 -1.8 -1.8 -1.8 -1.8 -1.8 -1.8 -1.8 -1.8 -1.8 -1.8 -1.8 -1.8 -1.8 -1.8 -1.8 -1.8 -1.8 -1.8 -1.8 -1.8 -1.8 -1.8 -1.8 -1.8 20.5 27.4 30 35.8 44.7 50.8 51.6 49.9 46.7 41.6 32.5 23.9 23 23.3 20.6 21.6 20.6 21.6 19.9 20.9 26.9 30.6 34.1 40.6 46.5 50.4 61 61.9 67.6 67.8 65.8 65.2 60.6 63.8 69.1 71.8 59.1 61.1 62.4 65.2 55.7 54.8 51.4 49.7 27.2 28.3 21.7 16.1 -1.8 -1.8 -1.8 -1.8 -1.8 -1.8 -1.8 -1.8 -1.8
