data/160000-820000.asc
ncols 200
nrows 200
xllcorner 160000
yllcorner 820000
cellsize 50
[rows 152 to 189 of 200, columns 85 to 169 of 200]
75.6 73.5 65.3 55.5 49.1 45.6 40 44.3 44.9 46.2 45.3 46.3 47.8 49 48.6 49.3 49.1 49.6 51.2 51.3 50.1 49.6 48.6 47.3 45.6 43.5 41.4 41 41.4 38.6 34 31.5 28.8 26.1 24.3 24 23.5 23.2 23.2 23.1 24.1 23.3 22 19.9 18.9 18.9 19.2 19.7 20.4 23.1 24.4 21 20.8 19.8 21.8 25.5 29.8 32.7 33.6 31.4 29.1 28.4 29.9 35.1 40.2 42.6 44.7 49.4 49.6 49.5 54.2 59.7 60.2 59.9 59 59.4 61.1 60.8 62.9 66.4 69.7 68.9 69.2 62.2 62.9
74.1 70.4 62.2 55.2 50.3 43.9 46.4 46.9 47.8 48.4 50.1 49.9 51.4 50.8 48.2 53.6 51.9 53.9 56.3 56.7 54.6 55.4 54.3 52.7 51 48.7 47.9 46.6 43.6 44.5 36.8 32.7 30 27.4 25.8 24.6 23.6 24.6 24.3 24.7 25.4 25.7 20.8 20.1 20.6 21.2 22.4 22.5 23.4 25.1 26.3 20.7 21 21.8 24.2 26.7 30 34.1 33.6 29.9 29.5 30.6 35.1 39.5 42.6 45.2 50.1 54.6 53.8 53.3 51.8 56.1 57.1 58.4 58.9 60.2 60.7 62.2 64 66.4 69.2 69.6 70 66.5 63.4
71.9 66.9 60.2 55 47.8 48.4 50.8 50.8 51.5 52.3 55.1 51.1 53.8 53.1 52.5 57.3 56.4 57.8 59.3 59.4 59.5 60.2 59.9 58.3 56.1 54.1 52.1 51.8 48.8 48.2 43.8 33.6 30.8 28.8 27.2 26.1 25 26.1 25.2 25.3 26.8 22.2 22.2 22.6 23.1 24.1 25.1 25.5 24.8 25.6 24.9 21.2 20.6 22.3 25.3 27.1 30.3 34.9 31.9 30.4 32 36 38.7 43.2 44.3 48 52.2 53.8 53.3 55.2 56.6 53.9 55.2 59.3 60.7 61.1 61.4 62.8 65 67.5 69.2 69.9 70 69.7 64.3
70.6 65.2 59.5 53.8 46.5 55.5 55.3 53.7 54.4 54.9 55.9 54.9 55.2 54.5 56.3 60.4 58.9 62.9 65.5 65.4 66 65.9 65.8 63.4 60.7 59 56.2 56 53.9 51.6 49.8 38.3 33.9 30.1 28.8 29.2 27 27.3 26.3 26.5 27.5 23 24.2 24.7 26.4 27.4 27.6 28 26.8 25 23.5 21.9 21.4 22.3 24.6 26.7 28.2 31.7 29.8 30.8 34 40.3 40.7 44.6 48 51.7 54.5 54.1 55.3 56.2 55.4 55.1 56.4 57.3 61.2 62 62.6 63.3 64.9 66.7 68.4 69.6 69.7 69.4 66.4
69.7 64.1 56.3 47.5 54.6 59.4 60 57.1 58.7 59.4 58.9 56.6 57.5 57.5 58.8 60.7 61.6 67.5 71.1 72.2 74.4 74 71.2 68.3 65.2 62.7 59.6 60.2 59.2 57.3 52.9 44.8 38 33.7 30.4 30.3 29.1 28.6 28 28.4 25.6 24.8 26.4 26.8 28.2 28.3 28.6 28.5 27.9 25.3 24.4 22.5 22.2 22.4 23.7 26.4 31.8 31.5 30.7 32.3 35.1 41.4 43.8 49 50.6 55.5 58.6 53.8 57.2 59.4 57.7 58.8 58.6 59.1 60.7 63 63.3 63 64.3 65.8 67.3 69 69.2 69.9 68.7
69 63.2 54.4 56.8 60.2 61.8 62.6 61.6 63.6 64.9 60.7 58.9 59.3 60.6 62.6 63.9 66.2 69.8 76.6 81.1 81.9 81.8 79.3 74.5 68.8 66.8 65.2 64.6 63.2 61.7 57.4 50.9 41.6 38.1 31.6 32.2 31 32 29.3 27.6 26.8 27.1 27.8 28.9 29.2 28.9 29.2 29 26.5 26.9 25.1 23.5 23.1 22.6 24.6 28.9 35 36.6 38.8 35.3 36.1 41.6 45.7 51.2 51 54.9 52.4 56.4 59.4 60 59.1 59 60 61 59.4 60.6 61.5 62.7 63.9 65.3 66.8 68.3 68.8 68.9 69
69.8 61 51.4 60.8 65.8 67 66.8 66.3 68.3 69.2 65.5 62.2 60.9 64.8 66.7 67.4 70.2 77.9 82.8 86.3 88.2 88.1 87.1 81.7 73.3 70.1 70 70.1 66.6 63.9 60.7 55.7 45.5 41.9 33 32.8 32.8 34.2 29.3 27.6 27.8 28.8 29.7 30.5 30.6 30.2 30.1 29.3 27.3 28.8 29.1 27.4 27.2 24.3 27.5 32.2 36.6 37.1 41.7 39.9 38.9 41.7 46.7 49.8 51.3 52.4 56.2 59.2 59.6 61.4 59.3 58.9 58.9 61 60.5 59.8 61.2 62.4 63.5 64.8 66.1 67.5 69.4 68.9 68.9
67.5 57.8 59.1 64.7 68.9 69.5 68.4 71.8 75.9 73.7 73.1 68.2 64 68.6 69.4 71.1 76.1 83 88.4 90.5 92.9 93.4 93.1 91.2 82.6 72.8 73 73.3 72.4 67.6 64.6 61.5 51.2 44.6 36.3 34.7 35.1 35.9 29.7 28.7 29.2 29.9 30.9 31.4 32.2 31.8 31.5 30.7 29.9 30.4 31 31.4 30.4 28.4 29.1 34.6 38 40.5 42.5 42.6 42.2 42.8 45 51.3 53.3 55.1 57.4 59.3 59.7 61.2 61.5 62.4 61.9 61.8 60.8 59.8 60.9 62.1 63.4 64.6 66 66.2 68.7 69.3 68.9
65.7 52.8 65.3 70.6 71 70.6 72.9 77.9 84.7 81.9 75.1 72.1 68.7 65.9 71.5 75.3 83 88.2 90.1 92 96.2 97.8 98.5 96.2 91 80.2 76.9 77.1 75.5 71.7 69.2 65.4 57.8 48.1 42.1 37.2 36.3 34.2 31.6 31.3 31.7 32.4 32.9 33.4 34.1 33.4 32.8 32.4 32.1 32.5 32.5 32.8 32.6 32.7 29.2 35.8 37.5 42.3 42.3 43.6 46.6 44.7 45.6 48.3 53.7 56.1 57.9 59.4 62 62.1 62.4 63.1 61.5 61.7 62.5 60.9 61.3 62.4 63.5 64.6 62.6 62.6 66.3 69.2 68.9
66.5 54.2 69.4 73.3 74.4 74.9 76.9 85.7 92.5 89.5 76.9 73.6 71.4 67.8 73.7 80.3 86.9 91.9 94.5 96.9 100.5 99.8 101.3 101.4 98.3 89.1 82.1 80.9 78.9 75.7 73 69.7 64.5 51.8 47.8 40 37.8 35 35.5 35.7 35.1 35.5 35.5 35.5 36.2 35.5 34.7 34.6 34.4 33.9 33.9 34 33.7 33.6 30.9 37.8 37.8 41.9 44.1 44.8 48.3 48.7 44.3 50.8 53.1 56.2 59 61.1 63.3 62.8 62.4 61.8 61.1 61.2 61.2 61.8 61.7 62.8 63.9 64.6 62.6 62.6 64.6 68.4 69.2
69.5 58.7 71.1 75.4 77.6 80.6 86.8 92.2 96.8 94.8 81.2 78.9 76.8 76.4 79.3 85.5 90.9 94.8 98.5 99.8 100.6 102.3 104.1 104.8 104.6 98.6 86.3 87 82.5 78.2 76.1 73.1 68.6 58.3 52.5 46.9 39.5 36.8 36.6 38.5 38.1 38.1 38.2 38.2 38.1 37.5 36.9 36.7 36.3 35.2 35 35.1 35.5 34.3 34 38.3 38.6 42 44 45.6 48.6 49.4 47.4 50.7 53.5 56.3 59.6 61 63 63.1 62.5 61.3 60.9 61 61.1 61.4 61.9 62.7 62.7 64.2 65 64.9 66.3 68.3 69.8
68.3 63.4 71.7 79.2 83 86.3 89.8 96.9 101.7 99.5 85.3 82.8 80.3 80.7 83.4 88.9 93.1 96.9 100.9 100.3 100.6 103.3 106.7 107.8 107.7 102.8 89.3 90.1 88.5 81.6 76.4 74.1 70.6 63.7 57.2 51.3 43.4 38.9 39.9 40.5 40.8 40.3 40.4 39.9 40.6 39 39.1 38.4 37.4 36.7 36.3 36.5 36.9 36.1 34.5 39.2 38.9 41 43.2 45.3 48.2 51.2 50.6 51.3 54.9 53.8 59.4 60.8 61 62.9 62.1 60.9 61.1 61.4 61.4 61.6 61.5 61.5 63 64.5 65.3 66.1 67.5 69.2 70.9
61 66.5 76.8 85.1 88.8 92 95.2 100.3 108.7 103.6 89 89.1 85.6 79.8 90.2 90.1 95.2 99.7 100.8 101.1 103.2 106.1 109 110.9 111.7 109.3 99.9 92 91.8 87.3 79 77.8 74.4 69.8 63.8 56.2 50.3 45.6 41.1 42.1 43.5 43.9 42.1 41.5 41.3 40.4 40.9 39.2 38.7 38.2 37.7 37.9 38.5 38.2 41.1 37.6 39.3 41.3 43.4 44.7 48.4 50.3 52.1 51.6 55.6 58.4 57 61.2 61.8 62.3 61.7 61.8 62 62.3 62.1 61.5 61.5 63.8 65.3 66 66.6 67.5 68.7 69 71
67.7 74 85.1 91.6 94.6 97.6 99.3 105.7 110.2 107.5 93 90 90.1 89.1 90.2 94 98.3 100.7 103.6 106.5 107 109.2 110.7 113.3 116.6 114 104.2 98.4 97.7 91.2 84.3 82.1 79.3 75.6 70.9 58.7 53.1 50.2 46.1 46.5 48 47.6 44.9 43.5 42.8 41.6 40.2 39 39.6 38.9 38.5 38.7 39.8 40.9 41.1 40.2 39.9 41.8 44 44.1 48.8 50.9 53.4 55.3 52.7 57.8 59.8 57.4 59.5 61.9 62.7 62.8 63.1 63 62.9 61.5 61.5 64.9 66.8 67.5 68.2 68.8 69.2 69 69.8
70.1 81.7 91.1 97.9 100.6 103.1 105.7 110.4 109.5 108.9 94.9 89.5 90.1 89.5 91.1 97.9 100.6 101.9 104.9 107.6 110.9 111.7 113.9 116 119.3 118.6 106.4 98.3 98.9 96.3 90.4 87 84.1 80.3 76.4 62.4 56.4 53.4 49.9 49.2 49 49.9 47.2 45.4 44.2 42.9 41.6 40.2 40.5 39.5 38.9 39.9 39.5 39.5 40.4 41.2 40.9 42.5 43.6 48.2 49.3 51.6 53.8 55.1 51.8 55.8 58.2 57.5 58.4 59.4 62.5 63.8 63.8 63.8 64.4 61.5 64.2 65.9 67.9 68.9 69.7 68.9 70.3 70.9 71.5
76.7 87.2 97.8 103.7 107.2 109.6 109.6 113.2 113.7 109.2 97 94.3 92.6 91.3 92.6 96.7 100.1 103.4 106.4 108.7 112.3 115.1 118.1 119.3 119.6 120.1 111.6 99.5 100.8 99.9 91.6 90.9 87 83 79.7 70.2 61.9 60 53.8 49 50.1 49 47.9 47.6 46.1 44.8 43.6 42.1 41.1 40.1 39.3 37.8 40.1 40.7 42.8 42.4 43.6 44.7 44.9 44.5 49.7 51.3 52.7 53.3 52.1 52.6 53.7 56 58.8 59 61.4 64.5 66.8 66.9 65.7 63.5 65.2 68.4 69.8 70.9 68.9 69.7 71.6 73.2 74.4
83.9 93.4 103.7 108.9 112.2 114 113.7 118 118.7 109.2 98.4 96.2 94.7 93.2 94.9 98.1 100.5 103.1 107.8 111.1 112.9 116.3 119.6 120.6 121.1 119.1 115 101.1 101.1 100.3 96.6 95.3 90.5 86.1 80.3 74.2 66.3 61.2 59.1 53.7 51.5 50.6 50.6 50.1 48.4 48.6 46.3 43.4 39.6 40.4 39 40.2 41.2 42.6 44.5 46 46.9 47.2 49.9 46.6 50.2 51.9 51.5 52.4 53.7 54.2 53.1 55.3 57.8 60.9 62.4 65.1 68.4 69.9 70.4 69.3 68 69.4 70.3 70.2 70.8 72.2 73.4 75.2 77.1
89.5 99.5 109.5 114 115.4 117.7 118.4 119.8 117.8 110.2 99 98.7 97.3 95.9 96.7 98.6 98.9 104.1 110.9 111.4 114.4 117.5 120.8 121.3 120.9 120.1 119.5 109.1 99.5 100.8 99.6 100.2 96.7 93.5 84.4 79.3 75.4 68.5 64.2 59.7 57.3 54 54.2 53.6 51.5 51.3 49.3 46 44.8 41.8 39.5 42.6 44.5 46.1 47.2 46.3 48.1 46.6 48.5 49.1 47.6 51.9 52.6 53.3 54.4 54.9 53.8 54.5 56.1 60.5 64.5 65.9 68.5 70.4 71.1 69.7 70.7 71.6 72 72.6 73.2 74.3 75.7 76.8 79.4
95.3 105.5 113.6 116.5 118.5 119.6 119.9 121.1 119.5 109.9 103.7 104.7 99.7 99.2 98.6 98.7 101.6 108.6 110.8 113.2 116.4 119.3 121.2 121 121.2 121.4 122.3 115.4 99.1 104.3 108.5 105.7 101.9 102 89.4 82.1 78.9 76.7 70.6 65.4 60 58.2 57.2 57.9 54.9 53.1 51.6 50.3 49 42.9 42.2 46.6 47.8 48.2 49.3 47.8 46.9 47.5 49.8 50.3 48 49.7 53.3 54 54.5 54.8 54.7 54.3 54.6 58.6 64.4 66.6 68.4 69.1 71 71.1 71.1 71.4 73 74.6 75.6 76.3 77.8 78.7 79.1
100.5 110.6 115.8 119.4 121.2 121.3 121.5 121.2 119.4 109.3 108.9 111 107.2 104.1 103.5 105.4 106.8 109.1 112.5 115.3 118.5 120.7 121.5 122.4 121.9 121.9 120.5 119.9 106.9 108 110.9 112.6 109.3 107.4 95.7 85.2 79 80.5 75.9 70.2 63.8 60.8 60.2 60 58 54.9 53.2 51.9 50.6 47.5 43.8 47.9 50.2 49.6 49 48.4 48.2 47.7 49.9 50.9 50.1 50.6 51.9 52.2 53.2 54.4 55.6 55.7 57.3 57.9 61.4 66.3 67.3 69.9 69.2 70.5 69.3 71.1 73.1 76 77.9 78.7 79.9 80.2 80.2
105.6 113.7 118.5 124.2 125.3 125.9 124.6 120.8 120.2 110.4 109.9 112.1 116.5 108.9 111.4 110 109.8 111.4 113.8 117.8 119.6 121 121.5 122.8 124 122.3 119.3 115.7 109.5 112.7 117.3 117.1 113.9 109.3 100.5 94.4 84.9 85.4 82.8 75.8 69.1 65.5 64.8 61.4 59 56.8 54.8 53.3 51.9 48.4 44 48.1 50.7 51 51.1 51.1 51.1 48.6 49.4 50.4 50.8 50.5 51.3 52.2 53.4 54.5 55.7 57.2 59.3 57.9 58.9 63.2 65.8 67.6 69.1 69.2 68.7 70.4 73.3 76.5 80 81.1 81.8 83.6 85.3
110.1 116.9 122.1 128.8 129.2 129.6 128.3 123.9 119.1 119.4 118 117.9 121.1 119.9 120.2 116.6 116.9 116.8 117.5 119.9 120.6 121.4 120.9 120.7 121.1 121.5 119.8 117.8 115.8 118.9 121.6 120.7 115.4 108.9 111.5 106.4 89.7 91.2 90.8 84.1 77.4 68.8 70.5 68.5 63.3 58.3 56.7 54.6 53 51.2 45 48.5 51 50.6 51.7 51.1 50.6 49.6 49.7 50.6 50.1 50.5 51.5 52.5 53.6 54.7 56.4 57.2 58.6 59.4 58.4 61.1 62.9 64.6 66.1 67.6 68.7 70.3 73.4 76.7 79.5 81.4 83.9 86 88.4
115.8 121.3 125.1 129.5 128.9 129.9 130.8 124.3 119.1 119.9 121.2 120.8 120.6 120.9 120.4 121 121.7 121.2 121.7 121.9 123 124.2 123.9 122.7 120.9 120.1 119 118.7 119.1 122.2 127.1 128.8 119.4 117 120.4 115.9 97.7 98.4 97.2 90.2 83.3 70.5 71.8 70.3 66.5 60.8 59 56.8 56.4 54.3 50 49.7 50.5 52 52.6 51.8 50.9 50.2 49.7 50.5 50.3 50.5 51.5 52.7 53.7 55.4 56.5 57.6 58.9 59.9 58.2 59.3 63.7 62.9 64.1 66.4 68.9 70.3 73.5 76.8 79 82 85.5 88.4 90.6
120.7 125.9 129.1 131.4 131.3 130.6 128.9 125.9 121.2 123.7 128.1 128.2 123.9 121.5 124.3 127.1 126.4 124.5 123.9 124.8 125.8 127 126.8 125.8 122.1 120.2 121.1 119 119.3 126.8 131.1 135.7 126.1 126 127.7 122.3 105.1 101.7 101 98.5 90.7 78.1 77.9 74.6 70.6 65.8 62.2 60.2 60.4 59 53.6 52.2 53 54.5 53.9 52.5 51.6 50.9 50.2 50.1 50.3 50.7 52.4 53.6 54.9 56.6 56.7 58 59.1 59.6 59.1 59.2 60 63.4 62.7 65.2 68.1 70.3 73.9 77.4 79.5 82.9 86.5 90.1 90.5
125.3 130.8 133 134.9 135.4 132.1 129 128.4 124.4 128.4 129.3 127.9 125.8 124.8 128.6 131.1 130.9 128.4 126.6 127.7 128.6 130.4 128.1 125 121.8 120 119 119.3 122.4 130.1 135.4 140.3 133.7 133.5 135.8 133.3 116.4 105.1 103.5 100.8 95 78.7 81.1 78.5 74.5 70.8 67 64.4 60.4 58.9 56.9 56.5 57 56.4 55.3 53.7 52.3 51.6 50.7 50.1 51 54 55.8 55.9 56.6 56.6 56.9 58 59.2 59.9 59.6 58.9 59 64.1 61.7 65.3 68 71.1 73.1 77.7 81.2 83.5 87 90.3 91.5
129.9 134.6 135.4 136.7 137.3 132.9 131.6 128.7 124.6 128 128.5 127.5 126.4 126.8 130.2 136.2 134.9 132.8 130.6 129.9 130.9 130.3 128.3 125.1 123.9 121.8 120.8 123.4 126.7 132.8 138.6 140.9 140 139.2 139.2 141.3 127.3 109 108.9 107.2 98.9 83.4 80.6 81.4 78.1 74.6 71.4 67.1 62.2 60.5 61.2 60.7 59.7 58.5 56.7 55 53.5 52.1 51.1 50.9 53.9 56.3 56.6 56.6 56.5 56.5 56.8 57.9 59 59.2 59.7 59.3 59 60 64.4 65.4 66.9 69.1 71.9 76.8 80.6 82.7 86.8 88.6 91.5
132.1 137.2 139.4 137.9 136.1 133.8 134.7 130.8 125.9 125.8 128.7 126.8 127.9 130.8 137.3 141.4 140.7 137.8 135.3 134 133.5 133.2 131.3 128.6 123.7 123.5 123.4 125.6 129.9 135.7 141 142.4 140.8 141.6 143.5 143.3 133.9 122.4 109.6 112.8 102.5 93.6 89 86 82 78.2 73.7 69 68.1 65.7 67.2 66.7 63.6 60.8 58.2 56.5 54.7 53.4 52.1 50.7 55.2 56.4 56.5 56.6 56.4 56.1 56.4 57.2 56.8 57.1 58.1 59.4 59.5 58.2 63.6 64.1 65.8 69.8 71.9 75 78.6 84.3 87.2 88.5 91.4
134.5 138.3 141.3 141.1 136.9 137.5 139.2 136.1 127.5 133.2 136.4 133.1 130.2 136.3 146.4 148.2 148.6 144.4 142 140.3 137.8 135.1 133 130.2 124.6 124.1 125.1 128.5 132.2 139.7 146.5 145.1 144.9 146.7 148.5 147.4 141.9 133.9 116.7 109.6 108.9 99.7 93.4 90.5 87.6 82.3 75.2 71.8 72.3 71.1 69.3 69.5 67.3 63.6 59.6 58.5 56.6 54.4 53 52 55.7 56.4 56.6 56.5 56.3 52.5 53.2 56.5 56 55.2 55.8 56.5 57.3 56.3 60.4 63.8 65 67.3 70.6 73 76.1 81.9 87.4 87.3 90.9
136.1 140 145.8 144.8 141.1 141 141.5 135 131.2 139.3 142.2 140.3 133.1 146.2 153 156 157.8 152.1 149.1 145.7 141 138.8 134.4 130.7 125.3 129.9 128 130.1 135.7 142.4 148.9 146.9 148.6 149 151.5 150.6 146.1 138.9 127.3 114.4 115 104.3 97.9 94.2 92 85.4 79.3 76.9 77.5 76.1 73.1 70 69.6 67.2 62.3 59 58.1 55.9 53.8 54.4 55.5 55.9 56.3 56 56 52.3 52.3 52.4 56.2 55.3 53.6 54.3 55.9 56.9 57.8 63.4 65.5 67.3 68.5 69.5 74.6 79.5 84.2 87.5 89.3
138.4 144 149.6 148.7 146 147 147.7 139.4 137.6 143.5 147.4 146.6 140.6 154.1 160.5 160 160.7 159.7 157.5 151.5 145.5 142.6 137.5 132.7 128.6 128.8 130.7 132 138.5 146.4 147.8 148.7 150.7 153.7 156.7 157.9 150.9 145.5 134.9 118.6 119.5 107.5 101 96.3 92.9 90.8 85.4 81.1 80.9 79.8 76.5 73.9 71.7 68.8 64.7 60.4 59.7 57.3 54.5 53.9 55.2 55.6 55.3 52.4 52.3 52.3 52.3 52.3 55.5 54.6 53.1 52.6 56.4 55.8 53.3 58.8 63.8 63.7 66.8 69.9 74.5 80 84.6 87.6 91
141.8 150.7 152 149.3 149.6 149.4 152.3 144.4 143.2 146.4 149.3 148.7 147.2 156.8 165.4 164.2 163.5 161.9 161.5 158 148.2 143.5 137.1 134.7 132.9 131.1 133.4 135.6 140.7 146 150.3 152 156.1 158.5 160.5 161.2 156.6 148.3 141.7 125.5 115.8 109.6 103.7 95.9 94.8 93.4 91.2 86.5 84.9 82.4 79.7 76.4 73.4 70 66.6 62.1 59 58.7 56 53.1 54.9 55.5 55.3 52.3 52.3 52.3 52.3 52.3 52.3 52.5 52.3 52.3 53 56.6 52.3 57.1 63.6 64.2 65.4 69.8 73.7 79.2 84.4 88.2 89.8
148.7 154.6 157.1 153.5 154.9 154.1 153.1 149.7 149.2 151.4 153.4 149.1 159.4 158.5 168.8 168 167.4 165 162.5 160.4 154.1 145.5 139.4 138.4 135.5 133.8 135.7 138.2 141.3 146.6 153.8 157.7 161.5 161.9 164.8 169.1 159.7 151.5 145.5 137.8 120 111 107.9 99 98.5 95 94.3 91.4 89 86 83.3 79.4 75.7 71.8 68.2 65.2 61.6 59.3 57.3 54.4 55.1 55.6 55.4 52.3 52.3 52.3 52.3 52.4 52.3 52.3 52.3 52.3 52.3 54.6 52.3 52.3 62.1 63.4 64.8 69 72.8 78 82.1 88.2 90.2
153.4 159.8 161 159.6 159.8 158.4 154.5 154.1 157.6 154.9 152.7 152.9 162 159.9 169.9 170.9 169 168 164.4 160.2 155.2 149.2 142.1 140.6 140.4 136.9 134.9 138.3 141 151.3 159.3 165.2 171.1 166.3 168.1 169.7 163.7 154.9 148.9 143.7 129.8 112 111.8 102.6 100.1 98.8 97.1 98 93.2 89.8 86.8 83.2 78.1 74.4 71 69.3 65.4 59.7 59.5 56.5 55.5 55.7 55.1 53.4 52.3 52.3 52.3 55.5 52.3 52.3 52.6 52.4 52.6 52.3 52.3 52.8 57.4 62.7 65.3 69.8 71.7 75.6 79.3 86.4 90.7
156.9 162.3 162.2 161.5 161.3 160.9 158.3 156.8 155.4 153.2 153.7 155.6 167.2 169.3 172.5 175.2 169.8 167.9 166 161.6 157.6 150.1 145.5 144 139.1 140.1 137.9 138.2 143 153.3 163.6 169.8 172.3 169.7 169.6 171.1 165.9 159.3 151.6 147.4 140 122.5 110.8 108.5 103.5 101.7 101 101.2 98 94.1 91.3 87.7 81.3 77.8 74.3 70.7 67.7 62.6 60.3 58.4 56.6 55.2 54.9 53.3 52.3 52.3 52.3 55.1 55.2 52.5 52.7 52.9 52.3 52.3 52.3 52.3 54.4 60.7 63.4 67.1 70.7 73.7 76.5 82 90.4
158.1 161.8 162.1 163.1 166.4 166.2 163.7 160 156.5 154.2 155 158 170.3 174.1 166.8 175.6 171.6 169.1 167.2 162.9 160.5 156 152.6 147.9 141.2 140.9 139.2 141.8 147.3 155.9 165.4 172.6 176.3 174.6 171 175.1 171.5 162.4 154.1 152.7 151 138.7 112.7 119.6 109.1 105.1 104.2 103.8 102.2 98 94.3 90.2 85.2 80.1 76.7 73.2 69 67.1 60.3 57.9 56.2 55.2 54.9 52.9 53.7 52.3 52.3 55.2 55.3 55.4 54.7 53 52.3 52.3 52.3 52.3 52.6 58.6 61.5 64.4 67.5 70.8 73.4 78 85.7
158.6 162.2 163.1 168.5 171.2 171 168.1 163 159.3 155.6 156.2 164.9 172.9 176.2 172.8 176 175.8 169.4 166.7 165.5 163.7 160.7 154.7 148.9 144.5 146.9 142.9 146.3 152.8 159 168.1 175.7 177.3 179.1 172 175.4 176.3 163.9 157.2 155.6 153 148.4 116.3 117 111.1 106.2 107.1 107.2 106.7 104 100.8 95.4 88.4 83.1 79.3 75.3 72.5 68.6 63.5 58.6 57.1 55.4 54.8 54 53.5 52.3 54.6 55 55.4 56.3 52.3 52.3 54.2 52.3 52.9 55.8 55 57.1 60.7 62.3 65.7 70.6 71.9 76.3 79.3
149.6 160.7 163.9 170.1 171.8 171.8 169.7 165.8 160.4 158.2 158 168.1 174.9 177.4 175.6 174.7 178.8 171 168.3 167.7 167.3 164.7 159.4 154.2 147.7 148.9 144.6 148.9 159 166.7 173.3 179.7 178.8 176.1 173.3 175.7 171.9 167.5 161 157.3 157.5 151.7 126.1 115.8 119.4 107.9 109.7 110.8 110.8 109.3 104.8 100.7 97.1 91.3 79.9 78.3 73.5 71 65.8 59.7 57.1 56.9 56.1 55.3 53.7 52.3 54.3 54.6 54.6 53.6 52.3 53.5 52.3 52.3 53.3 55.4 57.2 54.5 58.1 60.6 64.4 68.2 70.9 75.5 79.7
148.5 155.4 165.4 171.4 172.7 172.3 171.4 169 164.6 164.9 161 171.1 176.5 179.2 178 175.5 177 175.6 170.5 168.9 171.2 168.1 162.5 156.6 155.4 152.5 149.1 154.6 164.8 172.4 177.7 182.7 179.1 177.2 175.9 176 173.2 170.7 164.4 159.4 155.4 148.9 132.4 113.8 120.3 109.5 112.4 113.3 113.8 112.2 108.1 104.6 101.4 96.8 86.9 79.8 74.7 69.7 64.9 62.5 60.1 58.7 57.8 56.8 56.2 55.4 55 55.2 53.3 52.3 52.3 52.3 52.3 55.5 52.3 56.7 55.9 53.5 56.1 61.2 62.1 64.5 72.1 72.4 75.5
