data/160000-690000.asc
ncols 200
nrows 200
xllcorner 160000
yllcorner 690000
cellsize 50
[rows 72 to 107 of 200, columns 81 to 161 of 200]
60.4 72.5 81.9 71.1 50.1 25.9 15.3 12.5 11.8 11.2 19.9 31.9 23.7 22.1 23.7 31.7 35.4 38.6 55.5 64.3 77 83.9 102.4 107 111.4 107.5 117 137.9 145.5 152.3 148.5 152.7 145.5 147 148.5 142.6 136.7 149.8 155.1 155.6 161.3 157.4 157.7 155.1 157.9 148.7 139.4 123 119.1 119.3 118 122.7 126.9 133.6 133.6 126.9 122.6 128.2 149.6 147.5 149.5 156.5 169.6 173.3 183.7 200.8 210.8 218.1 227.2 231.8 226.7 224.8 223.7 225.2 219.4 219.1 226 228.6 223.1 212.8 202.5
63.8 67.7 82.8 69.2 50.1 28.4 17.8 13 12.4 12.6 26.7 27 21.6 20.6 22.1 23.5 30.5 34.2 50 59.8 64.5 70.3 85.6 96.3 94.6 95.4 113.5 126.9 135.2 133 134.5 133.2 134.3 137.2 135.9 127.5 126.8 142.5 148.9 157.2 160.4 157.9 155.1 155.8 164.6 148 134.8 120.5 117 117.6 118.7 121.7 124.2 127.8 136.6 126.3 120.7 121.2 136.5 139.5 146.4 165.1 179 183.5 193 210.4 221.7 225.9 233.4 238.5 231.9 230.2 228.9 232 225.3 218.8 221.9 222 216.7 206.1 197.9
68.6 67.9 64.4 56.2 51.9 34.3 22 13.6 12.4 17.9 22.7 21.7 19.8 19.7 20.9 21.9 24.5 30.5 41.3 57.9 62.5 75.9 80.8 91.4 81.9 98.2 107.4 115.6 126 118.6 119.7 113.5 121.1 118.8 111.5 116.5 125.9 143.5 155.7 158 158.8 155.1 155.1 155.1 163.1 156.9 132.6 123 116.5 116.5 117.8 118.2 122.8 121.7 131.2 125.5 119.2 119.2 125.7 135 150.3 180.2 187.1 187.4 195.1 213.6 230.6 239.2 244.9 242.1 238 234.2 235.1 235.8 227.7 219.3 216.3 214.6 209.5 202.8 192.3
64.1 63.6 55.3 54.8 50.4 37.1 24.5 17.5 13.8 20.8 16.2 16.3 18 19.6 20.4 21.6 23.3 29.7 38.5 48.8 62.9 69.9 74.7 72.4 75.2 103.8 106.3 109.9 113.5 103.9 100.8 100 98.2 92.2 96.1 106.2 124.6 143.7 153.5 157.9 157 155.1 156.7 160.4 162.1 152 134 125.2 120.8 116.5 116.1 116.4 119.6 116.7 115.7 115.7 115.7 115.8 120.7 134.3 164.9 185 187.6 188.9 194.3 215.9 234 242 249.5 248.4 246 242.5 237.3 234.9 228.4 218.1 212.4 209.5 207.7 200.3 190.7
73.9 71.8 58 55.1 56.3 53.7 35.7 26.3 13.9 17.1 16.2 17.2 18.8 19.9 20.6 21.7 22.8 35.1 39.2 42.8 51.8 58 70.6 64.6 78.1 96.7 102.2 106.8 99.9 87.7 84.8 86.4 81.6 81.4 87.7 101 123 142 151.7 157.9 157 156.7 161 164 163.7 155.8 133.8 124.7 120.9 118.2 117 116.2 115.7 115.7 115.7 115.7 115.7 115.7 116.6 134.6 165.3 184.5 189 192.7 195.1 217.3 232.3 244.1 253.4 253.7 255.4 252.6 243.9 237.3 232 218.5 210.8 208 206 200.6 195.6
96.2 89.5 83.8 71.4 69.5 54.4 41.7 28.9 16.2 18.3 18.3 18.6 19.1 20.1 21.8 21.9 22.4 33.4 38.6 43.1 46 54.2 58.3 57.7 80.3 88.8 98.8 95.7 87 79.4 79.8 78.9 72.3 76.4 87.2 103.7 122.1 135.2 148.4 161.3 156.9 157.1 162 162.2 166.3 155.3 137.1 125.9 123.4 120.9 117.6 119.8 121.9 115.7 115.7 115.7 115.7 115.7 115.8 129.6 159 180.9 195.4 198.8 197.4 214.5 232.2 245.3 259.4 259.3 260 256.9 245.1 239.6 233.7 219 208.8 207 204.9 204.3 197.2
122.5 111.1 105.9 90.8 76.3 55.7 44.2 39 25.1 23.5 23.7 21.9 21.1 22 25.8 22.6 23.8 34.1 39.7 44.9 51.2 52 47.7 65.7 76.8 83.5 91.9 87.6 79.3 77.6 81.9 69.3 68.9 79.2 87.6 104.4 119.3 131.3 142.7 149.1 153.7 157.6 159.5 162.2 171.7 161.3 141.7 128.8 125.3 122.8 119.7 124.3 135.6 127.5 121 115.7 115.7 115.7 115.7 127.8 146.3 178.8 195.5 197.3 197.5 214.3 233 245.8 264.1 263.7 263.3 261.7 247 238.5 234 222.4 207.8 204.9 206.8 201.9 196.5
138.1 130.5 123.5 106.3 85.5 59.2 50.1 38.9 33.5 31.8 32.6 27.6 29.5 40.6 38.4 25.9 23.2 40.2 41.3 49.3 51.1 41.5 40.8 69.7 76.3 81.7 79 76.3 73.7 84 74.7 66.8 68.9 76.6 88.1 102.5 117.7 130.1 140.7 143.8 153.3 156.9 158.4 165.2 170.9 154.1 141.3 131.2 125.8 122.6 122.2 127.4 138.5 145.2 135.7 118.6 115.7 115.7 115.7 128.5 137.9 167.8 186.1 193.1 197.5 215.5 232.2 243.6 265.6 267.5 265.8 260.4 247.5 237.4 231.7 221.5 203.4 200.7 210.3 206 198.3
166.1 146.3 126.1 111.7 87.7 80 65 46.7 39.3 36.3 37.8 47.3 46.7 39.6 43.4 30.8 26.6 38.2 40.1 49.2 39.1 37 37 64.8 81.8 79.9 72.6 70.8 72 73.4 66.8 66.8 72.4 79.6 90.5 100.3 115.5 127.5 137.2 145.9 151.5 155.5 157.5 166.3 171.3 152.3 139.7 127.9 125.6 124.1 124 124.2 136.6 141.1 132.7 119.7 115.7 115.7 115.7 130.8 137.4 160.5 180.7 189 198.4 220 225 237.4 259.2 262.5 274 263.7 251.7 236.8 230.3 216.5 199.5 199.4 211.4 209 202
172.4 152.1 129.6 120.5 110.9 96.7 78.8 58.8 48.7 42.2 49.7 55.2 53.4 61.5 51 38 32.2 29 36.9 37.7 35.1 35 37.1 63.9 79.1 78 69.5 69.3 79.1 76.3 66.8 66.8 70.8 79.6 90.8 100.5 111.7 123.3 134.9 143.8 150.3 154.5 157.5 161.5 162 144.9 133.6 128 125.9 125.4 125 124.9 135.2 141.1 134.5 120.2 115.7 115.7 115.7 127.1 140.6 153.4 178.6 183.4 195.1 217.5 217.8 232.6 247.8 264 271.2 265.8 251.4 232.7 228.3 212 199.7 199.4 205.9 210.7 204.9
174.4 162.8 142.1 130.6 117.8 104.5 86.2 76.6 55.7 48.8 63.4 74.9 70 66.1 56.6 48 40 26.6 28.6 31.8 32.1 32.5 37.5 66 76.1 73.3 66.8 75.2 89.4 70.7 66.8 66.8 68.6 78.9 89.5 97.3 106.4 120.7 130.8 138.8 145.3 151.7 158.4 158 145.7 131 126.3 128.8 123.9 125.4 125 125.2 131.3 140.2 128.8 119.9 115.7 115.7 115.7 122.5 144.3 150.2 172.6 180 190.8 206.4 206.5 221.2 235.7 264.9 267.5 261.2 250.3 231.9 223.4 207.4 199.7 199.4 200.4 206.5 205.2
171.8 156.2 146.3 134.2 127.3 110.4 106.3 93.6 66.5 55.1 70.2 77.8 68.4 67.1 68.7 51.1 36.5 28.7 30.6 30.9 35.2 43.1 38 55.8 68.4 65.9 66.6 70.7 77.7 66.8 66.8 66.8 72.5 77.1 87.6 93.8 102.9 118.1 126.5 134.4 139.6 143.8 155.1 150.9 138.5 127.6 126.2 124.1 121.6 123.8 124.6 124.5 126.4 134.5 124.9 119.8 115.7 115.7 117.5 122 132.9 152.5 164.6 173.1 186.3 198.7 198.9 212.6 232.3 261.5 267.8 260.9 244.1 231.4 215.3 210.6 203.7 199.4 199.4 204.9 201.4
169.4 155.1 152.3 149.5 145.2 139.8 123.7 106.8 79 63 71.2 72.6 69.5 65.6 53.9 45.4 40.9 31.2 31.3 33.7 48.7 60.3 48.2 53.8 66.7 68.4 67.9 73.1 67.3 66.8 66.8 66.8 75.8 77.5 83.2 87.8 101.4 114.5 123.7 131.2 135.6 136.8 146.1 144.2 130.9 127.8 126.9 125.4 119.4 124.6 127.2 123 123 126.9 124.3 117.8 118.7 117.8 125.6 125.7 129.2 140.6 159.4 165.1 175.6 188 187.9 209.8 225.6 247.4 259 255.7 240.9 225.2 217.7 213.8 207.3 199.4 199.4 204.5 200
175.4 159.4 151.6 153.6 157.7 153 132 110 85.2 70.1 70.4 71 65.4 54.9 51.2 47.6 37.7 33.3 36.4 49.3 69.7 64.2 55.3 58.8 67 74.8 75.9 66.8 66.8 66.8 66.8 67.3 74.6 80.7 83.6 85.7 99.1 110.7 123.2 134.1 132.1 131 136.4 133.5 128.3 131.4 121.4 121.6 118.8 124.5 124.9 121.3 119.9 121.7 123.9 114.1 122 124.4 132.7 137.2 133.1 136 143.7 161.1 165.5 176.5 184.4 202.2 224.2 240.7 249.1 246.5 232.8 226.5 224 215.8 209.6 202.3 198.9 204.1 198.7
167.8 156 151.7 156.3 155.8 136.7 125.8 114.7 91.5 72 68.7 65 58.2 53.6 45.5 40.2 34.9 41.6 57.2 83.5 78.1 83 75.1 60.8 70.8 71 79.5 68.2 66.8 66.8 66.8 68.7 77.1 85.9 80.3 92.6 99.7 105.5 120.4 130.2 128.2 128 128.5 124.1 129.3 130 120 119.2 116.8 125.8 120.5 118.6 115.5 115.3 119.3 115.5 123.5 124.4 139.1 140.9 143.2 139.6 140.4 148.2 157 165 173.6 192.6 217.8 235.2 243.8 238.5 232.5 230.5 223 218.1 209.5 205.5 196.7 202.1 196.9
163.8 156.8 160.6 145.6 139.4 133.4 121.6 107.4 95.6 73.8 63.1 58.8 58.3 51.6 43 38.1 43.5 68.4 83 92.5 95.6 102.8 93.6 80.3 76.6 69 68.5 66.8 66.8 66.8 66.8 70.6 79.4 79.6 87.7 95.5 110 116.6 113.7 117.7 121.8 120.6 118.2 120.8 128.2 123.6 118.3 115.1 115.7 121.5 114.7 113.7 111.3 110 113.4 116.8 118.1 120.2 138.7 144.5 145.9 145.2 141.9 143.1 149.7 155.2 169.7 186.9 206.2 228.2 230.5 227.8 228.8 229.3 220.7 220.9 210.5 204.2 194.1 192.5 189.3
171.9 166.7 162 146.6 131 120.7 112.5 105.8 95.1 70 58.2 54.7 52.5 47.3 41.3 45.8 68.8 86.5 95.4 103.8 113.2 113.5 105.6 91.8 80.4 68.2 67.4 66.8 66.8 66.8 71.9 74.9 79.2 81.5 85.6 100.7 113.4 126.2 123.8 114.8 113.8 113.8 113.8 122.6 123 122.7 121.8 112.4 113.4 117.7 110.7 112.2 109.2 107.2 103.8 111.2 111.1 117.3 137.2 144.6 145.4 146.3 151.4 145.8 146.3 153.4 161.2 179.1 195.1 216.4 218.4 219.8 228.8 229.2 218.1 217.6 209.7 206.3 191.2 183.9 180.6
173.1 172.8 161.3 137.5 123.3 117.8 117.1 103 93.4 69.5 57.9 52.1 47.9 44.4 46.7 63.2 86 92.4 105.3 115.7 121.1 119.3 117.2 100.5 78.6 69.6 67.7 67.2 67.2 68.2 76.4 79.1 84.3 88.9 92.8 105 116 126.9 129.6 123 113.8 113.8 115.6 124.5 123.7 123 120 109.8 111.5 107.9 108.2 112.5 109.8 106.5 102.5 101.2 102.6 112.3 131.5 140.6 148.3 156.1 160 151.3 150.4 155.3 163.2 172.3 181.7 201.6 203.2 211.9 223.8 221.6 212 217.5 208.7 200.4 187.8 177.9 171.8
174.6 166.6 148.2 138.2 127.9 121.2 114 103.2 86.8 67.5 57.3 52.2 55.6 48.8 52.3 78 100.4 109 113.2 123.9 124.5 131 127 105.5 82 70.9 69 69.2 68.5 70 81.2 83.7 90 97 102.5 110.6 115.6 127.5 129.6 122.4 113.8 113.8 117.6 128.9 128.9 125.1 116.5 109 106 104.9 107.5 113.5 114.6 107.9 103.4 100.3 99.6 105.7 122.7 146.4 153.3 151 153.6 158 160.6 159.3 165.8 170.4 174.6 182 186.8 201.5 209.8 205.8 205 210.6 206 199.4 183.5 172.6 167.1
169.1 157 150.3 144 131.7 118.9 108.9 98.5 84.9 65.3 57.2 57 65.1 59.1 60.4 86.6 104.5 120.7 129.7 127.7 127.1 137.4 122.4 113.6 93.6 73.4 71.8 71.9 69.6 71 85 91.9 98.6 101.7 112.5 121.6 118.1 124.2 126.3 118 113.8 113.8 116.6 131.7 138.6 132.8 118.5 107.9 104.6 103.4 104.8 112.3 112.7 109.4 106.6 101 98.3 100 115.4 137.2 145.1 145 147.4 156.8 165.6 167.1 168.7 170.5 171 176.2 177 180.7 193.6 191.7 198.4 204.7 205.8 198.3 181.4 167 162.6
167.9 159.9 153.6 144.4 132 117.7 108 98.2 80.5 63.5 61.2 65.9 75.1 73 64 92.7 102.6 124.1 136.6 136.4 144.8 130.6 122.2 115.6 115 86.1 78.4 78 73.1 72.8 88.1 100.8 105.4 104.2 113.8 124.3 124.1 123.5 119.6 120.7 113.8 113.8 116.1 132.1 138.1 133.2 118.3 108.7 104.6 102.3 103.6 106.5 110.1 109.5 107.2 102 97.7 97.8 108.7 129.5 137.3 138.5 143.4 152.4 165.5 173.5 172.7 173.1 169.8 168.5 171.6 177.9 175.3 182.3 194.2 200.5 203.6 189.6 173.1 161.2 158
168.4 163.5 153.1 140.5 127.1 117.7 106 92.2 72.9 74.9 79 81.9 85.9 92.9 75 93.9 114.1 128 145.1 155.3 151.7 143.5 128.1 130.4 115.2 97.3 90.7 81.9 73.7 74.9 93.5 109.1 109.2 108.5 112.2 127.6 132.2 124.6 119.4 113.8 113.8 113.8 116.3 128.4 134.7 132 122 110.3 105.7 101.5 102.7 104.7 108.2 108.2 106.7 102 95.8 96.6 103.6 124 132.9 134.7 138.6 148.8 167.1 176.2 174.3 173.3 167.3 164.3 168.2 172.3 168 173.2 183.8 193.9 194.7 182.2 166.7 155.5 152.4
173.6 162.2 157.3 138 126.5 117.2 111.8 106.5 92.8 108.9 102.5 95.6 104 111.1 89.3 103.5 118.7 132.3 160.3 172.1 160.5 146.5 134.2 129.4 111.7 99.3 89.9 84.6 76.7 78.3 98.2 112.2 113.4 112.2 115.9 131.4 132.4 125.5 121.9 113.8 113.8 113.8 114.5 120.9 127.1 131 119.5 109.4 104.6 102.3 101.1 103 106.3 109 106.2 96.5 95 97.1 102 119.8 126.8 131.8 135.1 145.6 165.5 175.4 171.6 170.2 163.9 161.6 162.1 164 163.2 174.1 175.5 180.9 184.4 172.5 158.9 150.2 149.3
179.4 169.7 147.4 134.4 127.4 130 135.8 129 107.8 116.3 121 113.8 116 125.9 102.8 108.1 127.4 149 170 172.9 160.4 144.6 134.8 125.3 108.3 98 93.8 85.4 78.2 83.5 99.5 111.2 113.7 116.6 124.4 134 129.6 125.2 117.6 113.8 113.8 113.8 116.3 121.4 124.2 133.1 124.1 111.6 104.2 102.1 100.9 102 106.5 110.9 105 96.1 94.6 100.2 103.3 107.7 121.9 128.6 131 140.7 160.4 169.7 165.8 162.8 159.1 159 158.5 156 159.4 172.4 171.7 170.2 172.1 164.2 150.5 146.7 144.9
184.6 167.5 149.5 144.7 143.5 146.7 139 119.5 112.9 124.6 138 143.4 132 126.8 110.5 111.1 142 157.7 174.6 169 156.9 150.3 134.9 122.9 102.1 98.2 99.8 87.9 84.8 87.6 100.4 112.1 113.9 122.6 136.7 137.3 134.1 125.2 115.6 113.8 113.8 113.8 119 120.3 122.5 126.7 126.8 112.3 104.2 102 100.8 102.3 106.8 107.5 99.1 96.1 96.5 102.9 105.9 106.1 117.2 123.1 129 137 151.1 157 158.5 155.5 155.2 156.1 155 150.3 152.1 159.5 164.2 166.1 159.8 152.2 145.1 140.7 139.8
186 165.1 160.2 164 154.7 144.5 144.1 141.6 137.6 134.4 154.2 151.4 140.5 135.6 120.4 122.6 144 161.5 170.7 169.6 165.2 148.2 136 118.3 103.7 100.2 106.9 99.7 92.9 92.9 104 110.6 119.2 129.5 143.8 145.9 141.4 129.9 120.5 117.2 113.9 113.8 115.2 120.6 123.5 120.5 119 113 105.7 102.5 101.2 97.9 104.5 105.3 98.9 95.2 94.4 102.1 103.6 104.5 107.1 118.1 127.9 133.5 144.8 153.7 151.2 149.9 148.5 154.6 151.2 145.9 149.9 154.7 157.8 164 159.6 146.1 138.7 133.2 131.9
181.2 179.8 183.8 176.7 160.4 161.5 170.4 177 164 150.6 156 163.6 167.1 161.6 141.1 126.1 144.8 153.4 163.4 170.7 157.3 152 143.4 123.4 107.3 102.7 109.1 103.7 98.5 102.7 109.5 114.6 119.3 135.2 148.7 152.3 147 129.6 124.9 117.7 119.1 114 114 121.5 123.9 119.7 116.9 114.1 106.6 104.6 103.5 98.5 101.7 102.6 99.7 94.6 94 99 101.9 103.9 105.6 107.2 124.1 129.9 141.4 145.2 144 142.5 142.5 146.4 145.1 142.3 148.1 153.2 153 153.5 150.5 145.3 133.5 127.9 125.4
196.3 198.6 191.8 190.3 186.2 185.8 179.2 173.9 164.4 161.1 160.4 177.9 190.3 178.5 151.1 127.8 142.5 148.6 158.6 159.6 157.5 158.9 149.7 136 118.5 106.4 114.3 108.2 104 107.5 112.7 118.7 123.4 139.7 152.7 157.5 149.3 127.6 124.7 122 123.9 122.7 127.5 126.8 123.5 119.7 116.2 114 108.3 105 104.2 96.4 101.6 103.1 98.9 91.8 94.5 99.7 102.9 104.6 105.2 106 108.7 125.9 139.8 138.3 136.2 137.4 139.1 140.1 139 138.8 146.9 152.2 150.8 148.1 144.1 139.8 130.6 125.7 118
206.9 202.8 210.9 216 211.8 207 194.5 182.1 182.1 190.6 181.8 175.3 193.7 184.7 161 136.9 138.9 145.3 154.8 159.2 159.3 162.9 153.3 137 122.6 115.1 116.2 112.9 114 112.9 114.2 119.8 124.8 140.7 153.1 155.8 148.9 136.1 130.2 126.2 126.5 128.9 138 135.5 125.1 120 115.4 113.3 111.2 108 104.7 97.4 95.4 103.8 98.8 88.9 94.1 100.6 103.4 103.9 104.7 104.6 106.7 122 130.7 131.3 131.9 131.6 134.9 134.3 132.6 139.7 147.5 152.6 149.3 143.9 138.9 133.3 127.4 123.4 114.1
208.5 214.5 225.8 222.2 219.1 215.5 212.6 203.3 203 196.1 189.6 181.9 188.3 180.6 166.6 140.9 141.8 146.6 154 159.5 166.1 162.9 149.6 133.3 123.6 115.4 116.5 118 128.5 124.7 118.1 120 125.6 138.1 154.7 155.2 150 144.5 133.7 128.2 133.4 132.4 137.7 138.7 134.3 123.6 115.8 113.4 111.6 109 104.1 97.2 95 96 96 85.8 94.4 99.5 101.8 102.6 102.2 102.5 105.1 116.9 123.1 125.5 127.3 126.9 131 128.9 132.3 140.1 146.2 150.4 146.5 142.8 138 131.8 125.3 117.7 114.6
215.8 227.8 230.2 228.2 228.5 229.3 236 231.2 216.6 211.8 197.8 186.8 184.1 186.5 170.7 149.6 146.1 151.7 159.2 163.4 168 159.3 144.1 133.9 123.4 119.2 121 132.1 136.6 125.5 121.5 121.6 125.5 138.8 154.3 155.8 154.3 148.7 140.9 133 143.5 142.5 144.3 141.5 142.8 136.7 120.2 113.9 112.1 110.1 104.2 99.1 93.7 91.6 86.5 84.7 90.3 99.4 101.7 101.4 102.1 103.8 106.6 112 119.2 122.4 120.5 121.5 124 122.1 132.7 139 149.6 144.5 143.4 145.4 138.2 135.3 122.8 113.5 112.1
231.8 233.3 236.7 237.3 236.6 243.4 242.3 231.2 218.9 211.4 209.3 199.3 187 195.6 183.3 159.9 155.8 160.1 161.7 167.1 165 154.6 145.1 135.1 126.3 120.6 127.9 139.5 134.8 126.6 124.7 127.3 130.6 136.8 149.4 154.4 155.5 151 145.5 140.2 152.1 150.4 152.7 147.4 146.6 139.8 123.8 114.7 112.5 109.4 104.7 99.3 93 88.9 83.1 84.5 88 100.9 101 101.7 106.7 106.9 108.4 109.7 113.9 118.2 116.1 116.6 117.5 121.7 132.4 137.1 146.3 139.5 140.2 141.5 136.1 138.4 118.3 109.8 107.4
238.2 242.1 250.4 250.5 256.5 259.4 244.8 227.4 218.3 228.3 222.8 208.7 198 194.2 187.2 166.7 167.5 166.1 163.8 164.4 161.2 156.8 148.2 135.4 129.3 125.2 128 136.6 136 130.9 129.4 132.6 143.2 146 147.1 154.4 157.6 156.2 148.9 148.9 155.8 159.4 156.7 151.9 149.6 138.5 125.3 117.8 111.4 107.2 102.7 96.2 91.2 88.6 84.1 83.3 87.1 96.4 98.2 104.3 108.7 109.2 109.7 109.9 110.2 112.4 110.6 110.2 113.2 120.2 128.6 137.5 145 133.9 135.5 133.9 132.7 127.4 114 105 100.2
245.2 257.5 262.7 264.6 268.6 265.8 269.5 253 243.5 233 231.2 228.6 216.6 198.9 189.1 177 175.3 172.3 181.2 175.5 162.7 149.6 142.7 135.5 136.4 129.6 129.3 145 148.9 138.5 141.4 150 154.6 158.2 158.3 166.9 166.6 159.2 155.5 157.3 164.3 163.8 157.3 151.3 150.1 143.4 128.4 119.8 109.2 105 99.5 93.4 90.8 89.4 84.2 82.8 88.3 91.6 96.2 104.9 109.7 111.2 111.7 111.4 109.1 107.4 106.9 105.1 110.7 115 124.3 135.3 138.9 130.1 129.9 128.4 129.3 125.2 108.4 99.3 94.9
258.3 267.6 270.5 274.6 273 274.4 277.6 263.3 252.2 239.8 240.5 236.3 224.5 206.9 193.4 184.7 177.6 181.9 187.8 187.9 169.9 151.5 144.1 148.7 144.7 141.1 135.8 146.6 150.2 146.2 154.5 156.7 157.5 162.4 166 180.3 172.2 164.3 160.2 167.6 177.7 176.4 164 154.2 146.4 138.1 131.2 121.3 107.5 104 97.5 92.7 90.7 88.8 83.6 82 85.3 89.4 99.4 106.7 109.8 111.8 114.9 112.8 108.8 106.5 103.9 101.7 105.9 111 120 130.8 128 125.6 124.8 124.1 124.9 114.3 105.2 92.4 92.5
271 274.4 284.2 282.6 276.8 283.1 278.8 275.7 260.3 250.2 243 232.9 228 212.4 194.5 189.5 182.4 187.8 193.9 185.1 166 156.4 157.8 159.1 157.4 149.1 143.7 150.1 155.8 156.7 159.4 158 163.6 165.8 176 189.1 175.8 167.6 165.1 174.9 179.1 176.8 170 153.1 148.2 139.4 128.9 117.5 107.5 103.2 96.3 92.5 90.8 88.5 83.4 81.3 83.9 87.7 97.8 105.1 108.8 114.9 118.3 113.2 110.5 105.5 101.4 99.8 102 105.8 115.9 124.7 122 122.7 121.1 121.3 119.4 106.7 102.8 90 90.3
