data/170000-710000.asc
ncols 200
nrows 200
xllcorner 170000
yllcorner 710000
cellsize 50
[rows 0 to 36 of 200, columns 84 to 167 of 200]
-0.7 -0.7 -0.7 -0.7 -0.7 -0.7 -0.7 -0.7 -0.7 -0.7 -0.7 -0.7 -0.7 -0.7 -0.7 -0.7 -0.7 -0.7 -0.7 -0.7 -0.7 -0.7 -0.7 -0.7 -0.7 -0.7 -0.7 -0.7 -0.7 -0.7 -0.7 -0.7 -0.7 -0.7 -0.7 -0.7 -0.7 -0.7 -0.7 8.9 11.2 13.2 5.6 5.2 5.5 -0.7 -0.7 -0.7 -0.7 -0.7 -0.7 -0.7 -0.7 -0.7 -0.7 -0.7 -0.7 2 -0.7 -0.7 -0.7 -0.7 -0.7 -0.7 -0.7 -0.7 -0.7 -0.7 -0.7 -0.7 4.8 6.2 1.8 1.6 1.5 -0.7 -0.7 1.3 3.7 5.9 8.8 26.5 41.6 50
-0.7 -0.7 -0.7 -0.7 -0.7 -0.7 -0.7 -0.7 -0.7 -0.7 -0.7 -0.7 -0.7 -0.7 -0.7 -0.7 -0.7 -0.7 -0.7 -0.7 -0.7 -0.7 -0.7 -0.7 -0.7 -0.7 -0.7 -0.7 -0.7 -0.7 -0.7 -0.7 -0.7 -0.7 -0.7 -0.7 -0.7 -0.7 -0.7 9.4 18.2 12.5 11.5 17.1 10.4 7.1 4.5 -0.7 -0.7 -0.7 -0.7 -0.7 -0.7 -0.7 -0.7 -0.7 -0.7 4.4 -0.7 -0.7 -0.7 -0.7 -0.7 -0.7 -0.7 -0.7 -0.7 -0.7 -0.7 -0.7 1.6 1.6 6.5 3.1 1.6 4.1 4.7 4.4 6.4 8.6 22.2 36.1 43 42.1
-0.7 -0.7 -0.7 -0.7 -0.7 -0.7 -0.7 -0.7 -0.7 -0.7 -0.7 -0.7 -0.7 -0.7 -0.7 -0.7 -0.7 -0.7 -0.7 -0.7 -0.7 -0.7 -0.7 -0.7 -0.7 -0.7 -0.7 -0.7 -0.7 -0.7 -0.7 -0.7 -0.7 -0.7 -0.7 -0.7 10 22.7 18.9 27.4 17.6 12.6 14.3 16.9 15.3 8.8 5.6 4 4.6 4.1 -0.7 -0.7 5.1 1.6 5.4 -0.7 -0.7 -0.7 -0.7 -0.7 -0.7 -0.7 -0.7 -0.7 -0.7 -0.7 -0.7 -0.7 -0.7 -0.7 2.1 4.1 6.1 4.2 5.9 7.4 7 6.8 8.7 11.2 27.5 26.8 28.7 33
-0.7 -0.7 -0.7 -0.7 -0.7 -0.7 -0.7 -0.7 -0.7 -0.7 -0.7 -0.7 -0.7 -0.7 -0.7 -0.7 -0.7 -0.7 -0.7 -0.7 -0.7 -0.7 -0.7 -0.7 -0.7 -0.7 -0.7 -0.7 -0.7 -0.7 -0.7 -0.7 -0.7 -0.7 7.6 8 17 29.5 12.9 32.5 29 12.9 15.3 13.8 12.8 10.8 7.8 8.1 8.3 5.4 -0.7 -0.7 1.5 1.6 1.6 -0.7 -0.7 -0.7 -0.7 0.6 -0.7 -0.7 -0.7 -0.7 -0.7 -0.7 -0.7 -0.7 -0.7 4.1 6.4 5.6 7.3 21.2 10.4 9.7 9.2 8.8 11.5 24.7 37.3 33.4 22.4 23
-0.7 -0.7 -0.7 -0.7 -0.7 -0.7 -0.7 -0.7 -0.7 -0.7 -0.7 -0.7 -0.7 -0.7 -0.7 -0.7 -0.7 -0.7 -0.7 -0.7 -0.7 -0.7 -0.7 -0.7 -0.7 -0.7 -0.7 -0.7 -0.7 -0.7 -0.7 -0.7 2.4 4.3 8 16.4 23 27.6 22.7 31 23.2 13.1 13.3 13.4 10.5 9.5 14.1 11.6 7.1 5 3 1 0.3 0.7 -0.7 -0.7 -0.7 -0.7 -0.7 6.4 -0.7 -0.7 -0.7 -0.7 -0.7 -0.7 -0.7 -0.7 -0.7 2.1 4.3 9.3 28.6 32.2 28.5 19.1 11.9 14.1 26.3 38.2 45.7 41.9 24.9 16.7
-0.7 -0.7 -0.7 -0.7 -0.7 -0.7 -0.7 -0.7 -0.7 -0.7 -0.7 -0.7 -0.7 -0.7 -0.7 -0.7 -0.7 -0.7 -0.7 -0.7 -0.7 -0.7 -0.7 -0.7 -0.7 -0.7 -0.7 -0.7 -0.7 -0.7 -0.7 2.6 7.9 9.1 12.1 13.8 29.3 26.3 21.3 18.1 17.4 16.4 13.2 13.1 12.8 12.6 18.7 10.9 6.5 3.7 1.6 0.9 -0.1 -0.7 -0.7 -0.7 -0.7 7.9 7.1 1.6 4.5 -0.7 -0.7 -0.7 -0.7 -0.7 -0.7 -0.7 -0.7 0.7 5.6 12.1 37.5 34.9 31.9 26.5 24.5 36.6 50.2 49.9 40.9 37.8 25.1 20.2
-0.7 -0.7 -0.7 -0.7 -0.7 -0.7 -0.7 -0.7 -0.7 -0.7 -0.7 -0.7 -0.7 -0.7 -0.7 -0.7 -0.7 -0.7 -0.7 -0.7 -0.7 -0.7 -0.7 -0.7 -0.7 -0.7 -0.7 8.6 10.6 1.8 9.2 16.5 23.7 22.2 16.7 13.6 14.7 16.2 18.4 19.6 18.3 15.2 13.1 13.1 13.1 19.5 20 10.4 5.6 1.6 4.2 1.2 0.4 -0.7 -0.7 -0.7 4.2 7.6 5 4.6 5.8 -0.7 -0.7 -0.7 -0.7 -0.7 -0.7 2.3 1.6 1.3 5.9 25.2 29.9 32.6 33.2 31.2 46.7 56.6 59.3 55.3 41.5 26.1 27 24.5
-0.7 -0.7 -0.7 -0.7 -0.7 -0.7 -0.7 -0.7 -0.7 -0.7 -0.7 -0.7 -0.7 -0.7 -0.7 -0.7 -0.7 -0.7 -0.7 -0.7 -0.7 -0.7 -0.7 -0.7 -0.7 -0.7 -0.7 10.1 19.6 13.3 31 40.9 35.1 30.2 33.1 15.7 16.3 18.9 22.9 27.3 23.8 17.5 13.1 11.9 18.3 18 16.6 12.7 3.7 5.9 5.4 4.2 1.2 0.6 0.8 2.2 3.7 4.6 5.7 7.9 -0.7 -0.7 -0.7 -0.7 8.7 -0.7 -0.7 1.6 1.6 6.8 11.6 27.8 26.7 29.3 31.5 51.1 57.5 59.3 58.9 46.5 33 32.1 23 10.7
-0.7 -0.7 -0.7 -0.7 -0.7 -0.7 -0.7 -0.7 -0.7 -0.7 -0.7 -0.7 -0.7 -0.7 -0.7 -0.7 -0.7 -0.7 -0.7 -0.7 -0.7 -0.7 -0.7 -0.7 5.2 3.5 10.9 20.4 27.7 35.6 43.2 59.7 47.5 41.1 45.3 25.8 23.7 23.1 29.4 30.5 33.2 18.4 13.1 13.1 16.4 19.5 16.2 6.7 3 5.8 7.6 4.9 1.6 5.2 5.8 7 5 4.3 4.2 -0.7 -0.7 -0.7 -0.7 -0.7 2.6 1.6 0.9 2.6 8.8 26.2 35.2 32.2 29.4 26.4 31.4 43.7 55 53.3 48.4 35 34.8 31.9 22.2 8.9
-0.7 -0.7 -0.7 -0.7 -0.7 -0.7 -0.7 -0.7 -0.7 -0.7 -0.7 -0.7 -0.7 -0.7 -0.7 -0.7 -0.7 -0.7 -0.7 -0.7 -0.7 -0.7 -0.7 4.6 10 9.8 32.3 39 36.1 46 48.3 61.5 47.3 52.5 53.2 46.2 25.6 27.7 32.1 42.2 39.8 18.3 15.7 19.6 18.4 17 8.7 5.6 4.1 5.6 4.5 1.6 2.6 7.2 9.6 6.7 5.7 6.7 -0.7 -0.7 -0.7 -0.7 -0.7 1.6 1.5 2 4.6 9.4 40.1 41.4 35.3 40.9 30.5 27.1 39.5 38.1 44.5 43.3 38.7 34.8 31.9 26.9 17.3 8.4
-0.7 -0.7 -0.7 -0.7 -0.7 -0.7 -0.7 -0.7 -0.7 -0.7 -0.7 -0.7 -0.7 -0.7 -0.7 -0.7 -0.7 -0.7 -0.7 -0.7 -0.7 -0.7 -0.7 6.6 14.6 23.1 40.6 40.2 44.9 45.2 46.2 51.2 52.1 68.2 64.1 47 33.9 35.1 33.7 48.9 34.4 21.6 19.1 20.3 25 21.2 6.6 3.5 3.6 6.3 2.3 5 6.4 9.4 8.4 7.3 6.4 3.4 -0.7 -0.7 -0.7 -0.7 -0.7 0.3 1.5 5.7 17 37.8 44 41.7 40 34.6 29.1 33.5 38.4 37.3 41.7 30.5 26.4 31 27.3 20 8.5 6.1
-0.7 -0.7 -0.7 -0.7 -0.7 -0.7 -0.7 -0.7 -0.7 -0.7 -0.7 -0.7 -0.7 -0.7 -0.7 -0.7 -0.7 -0.7 -0.7 -0.7 -0.7 2.1 7 8.3 34.6 27.3 39.4 44.5 53.8 47 52.8 56.5 64.5 76.6 74.6 52.2 42.7 46.9 40.2 46.3 47.5 22.3 19.4 22.1 28.2 10.6 6 4.3 3.4 4.1 5.7 8 8.3 8.2 8.3 7.6 3.6 -0.7 -0.7 -0.7 -0.7 -0.7 -0.7 0.3 1.8 8 34.7 40.9 39.8 38.8 37.5 37.1 32 43.5 41 41.6 37.3 23.2 18.9 22 16.4 8.9 6.2 3.7
-0.7 -0.7 -0.7 -0.7 -0.7 -0.7 -0.7 -0.7 -0.7 -0.7 -0.7 -0.7 -0.7 -0.7 -0.7 -0.7 -0.7 -0.7 -0.7 1.6 6 8.9 24.8 24.1 37.7 36.2 35.3 50.7 49.3 50.2 57.5 64 72.3 82.5 82.7 54.7 47.8 44.2 44 38.3 25.4 22.2 21.4 19.8 13.7 9.2 6.1 4.4 3.5 5.7 7.2 10.7 7.7 6.9 8.1 7.2 1.2 -0.7 -0.7 -0.7 -0.7 6.2 1.6 1.6 4.1 11.1 29.8 36.2 35.6 38.5 40.1 38.3 49.6 53.7 52.3 45.4 32.8 22.3 19.3 8.4 7.3 4.5 3.4 -0.7
-0.7 -0.7 -0.7 -0.7 -0.7 -0.7 -0.7 -0.7 -0.7 -0.7 -0.7 -0.7 -0.7 -0.7 -0.7 -0.7 -0.7 -0.7 17.6 10.1 9.1 22.6 24.6 36.8 38.2 42.9 36.1 40 49.5 57.2 61.9 65.5 72.7 86.3 86.5 57.9 52.7 53.9 47 30.9 22.9 19.9 17.4 13.3 9.6 7.3 6.4 3.6 4.9 8 8.8 8 3.7 4.2 4.6 1.4 -0.7 -0.7 -0.7 -0.7 2.2 2.4 1.6 1.6 6.4 21.2 26 30.2 43.5 41.8 40.9 49.1 58.9 61 51.2 44.4 39.2 30.3 25 8.1 4.8 2.5 1.6 -0.7
-0.7 -0.7 -0.7 -0.7 -0.7 -0.7 -0.7 -0.7 -0.7 -0.7 -0.7 -0.7 -0.7 -0.7 -0.7 -0.7 -0.7 10.5 22.2 27 20.3 23.6 29.1 33.5 48.5 50.4 41.5 39.8 54.5 60.3 69 74.7 80.7 87.3 90.9 55.9 56.8 54.3 44.6 33.8 30.1 21.2 12.4 9.7 8.7 6.7 6.7 3.5 6.2 9.5 7.6 1.6 1.6 1.6 1.6 -0.7 -0.7 -0.7 0.9 1.2 5.9 4.4 1.6 1.6 6.4 12.3 33.3 50.8 45.8 43.8 40 52.3 62.8 55.4 49.4 48.1 40.1 32.7 24.5 9.5 5.6 3.3 2 0.6
-0.7 -0.7 -0.7 -0.7 -0.7 -0.7 -0.7 -0.7 -0.7 -0.7 -0.7 -0.7 -0.7 -0.7 -0.7 -0.7 7.4 22.4 33.6 30.9 26.4 31.2 32.7 42.3 48.4 56.7 45.3 49.2 56.6 64.7 74.7 81.4 87.8 93.4 74 56 59.4 62 44 34.2 30 22.9 10.1 9.5 7.2 6.7 8 4.2 5.1 4.1 1.6 6.1 5.7 -0.7 -0.7 -0.7 0.7 1.6 4.7 6.7 9 5.9 1.6 1.6 5.2 16.5 54.8 54.8 51.7 52.2 44.9 59.2 58 54.2 53.2 46.2 41.3 33.2 27.3 19.7 7.8 4.1 2.1 1.6
-0.7 -0.7 -0.7 -0.7 -0.7 -0.7 -0.7 -0.7 -0.7 -0.7 -0.7 -0.7 -0.7 -0.7 -0.7 5.9 14.3 24.8 28.8 27.1 37.5 39.5 53.1 53.4 56.6 54.3 51.3 59.8 62.5 67.6 76.3 85.7 95.8 100.1 65.4 59.3 63.5 65.6 54.9 40.2 30.7 22.1 12.5 9.5 6.7 6.7 6.7 4.5 1.6 1.6 6.6 7 1.6 -0.7 -0.7 0.6 2.6 3.7 8 9 7 1.6 1.6 1.6 11.7 42.8 50.4 54.7 58.5 53.5 64.9 58.8 57.4 55.3 49.8 46.2 38.8 33.5 34.1 23.7 10 4.2 0.9 -0.7
-0.7 -0.7 -0.7 -0.7 -0.7 -0.7 -0.7 -0.7 -0.7 -0.7 -0.7 -0.7 -0.7 -0.7 -0.7 8.3 23.8 20.7 21.8 25.5 43.1 49 60.9 65.6 63.3 61.7 57.3 67.4 71.7 72.8 78.8 88.7 101.4 80.7 60 61.5 70.9 70.1 61.2 38.8 29.8 20.2 14.2 9.8 6.7 6.7 6.2 4 1.6 3.5 5.3 1.6 2 0.4 -0.7 1.5 7.9 6.1 15.7 19 1.8 1.6 1.6 4.7 29.6 62.8 56.8 55.9 52.8 66.5 64.3 58.1 51.8 48.9 46.6 45.1 47.9 38.4 38.2 26.6 9.1 4.6 -0.7 -0.7
-0.7 -0.7 -0.7 -0.7 -0.7 -0.7 -0.7 -0.7 -0.7 -0.7 -0.7 -0.7 -0.7 -0.7 -0.7 8.8 21.9 19.9 28.4 32.1 44.2 52.9 65.3 73.1 71.1 63.4 68.5 70.1 79.9 78.8 83.9 92.2 92.9 70 64.4 68.4 74 73.9 61.5 39.9 26.3 19.8 13.2 8.7 6.4 4.9 2.9 1.6 2.3 3 1.6 4.8 -0.7 -0.7 -0.7 5.8 7.1 10.2 21.2 6.9 1.6 1.6 3.2 9.5 49 63.3 63 52 52.4 56.9 57.1 56.5 48.9 46.8 47.9 44.6 41.7 39.5 33.5 24.9 8.1 1.6 -0.7 -0.7
-0.7 -0.7 -0.7 -0.7 -0.7 -0.7 -0.7 -0.7 -0.7 -0.7 -0.7 -0.7 -0.7 -0.7 7 20.2 26.2 21.9 53.7 50.6 51.9 62 65.3 70.3 74.9 79.1 78.7 76.9 84 88.9 88.5 95.4 91.1 69.5 70.2 75.2 75.2 78.6 55.4 41.3 28.8 22.7 17 8.2 5 6.4 2.8 1.6 5 3.3 -0.7 -0.7 -0.7 -0.7 1.2 5.8 9 18.5 15.7 5.2 4.1 6.9 14.7 36.2 65.4 70 53.1 52 57.1 53.8 56.3 52.7 53 46.8 47.9 44.3 41 35.4 29.3 21 5.8 -0.7 -0.7 -0.7
-0.7 -0.7 -0.7 -0.7 -0.7 -0.7 -0.7 -0.7 -0.7 -0.7 -0.7 -0.7 -0.7 -0.7 5 35.8 38.4 45.3 57.1 62.5 68.9 68.9 74.6 74.3 75.7 82.6 83.8 83.9 86.8 88.4 91.1 95.2 80.4 74.8 80.7 79.1 80.1 71.8 48.2 37.5 32.8 23.7 17.7 8 5.1 4.4 1.7 1.6 3.2 -0.7 -0.7 0.5 0.6 1.1 1.9 7.1 18.1 17.9 8.5 4.9 7.1 20.6 51.3 61.7 61.3 55.5 51.8 58.8 62.4 63.7 57 52.2 49.3 48.5 53.3 42.9 37.7 30.2 23.2 10 3.7 -0.7 -0.7 -0.7
-0.7 -0.7 -0.7 -0.7 -0.7 -0.7 -0.7 -0.7 -0.7 -0.7 -0.7 -0.7 1.6 11.6 19.6 19.3 44.9 60.1 65.7 64.3 69 74.4 80 81.4 84.2 86.2 87.2 90 93.7 96 95 96.8 77.1 79.9 83.5 82.9 84.3 63.1 43.1 36.4 32.1 26.5 15.2 7 3.7 2.5 3.6 2.2 5.8 -0.7 -0.7 4.5 2 5.4 5.7 9.2 16.6 8.4 5.6 6.4 16.2 49.6 70.5 67.7 54.1 53 60.3 63.7 69.4 67.7 55.1 51.8 49.5 47.6 45.1 41.7 38.7 32.6 14 7.1 -0.7 -0.7 -0.7 -0.7
-0.7 -0.7 -0.7 -0.7 -0.7 -0.7 -0.7 -0.7 -0.7 -0.7 -0.7 -0.7 4.3 24.3 44.8 46.2 58.6 66.6 75.7 77.1 80.2 72.1 86.4 93.7 93 91.1 91.9 93.1 98.4 97.5 98 80.8 80.4 83.5 84.8 83.5 88.8 58.3 42.8 36.2 26.3 19.5 8.4 4.3 7.8 7 3.9 3.1 3.1 -0.7 3.3 7 6.9 7.5 7 8.3 8.8 6.8 5 9.1 33.3 71.7 73.4 67.2 55.1 65.2 64.8 67.3 69.6 66.7 55.1 54.2 53 51.3 49.4 34.5 32.5 24.1 17.2 -0.7 -0.7 -0.7 -0.7 -0.7
-0.7 -0.7 -0.7 -0.7 -0.7 -0.7 -0.7 -0.7 -0.7 -0.7 -0.7 -0.7 10.7 42.5 53.7 56.5 61.8 68.8 81.4 88.6 93.1 81.5 87.8 98.2 97.1 94.4 93.9 97 100.3 99.7 86.8 90.3 88.1 83.4 84.3 84.3 81.1 56.1 42 33 20.2 8.4 6.9 11.3 9.5 5.4 3.1 3.1 3.1 3.1 4.7 7.6 9 9 9.7 9.6 7.5 6.8 5.7 9 43.3 70.3 68.5 63 59.4 67.2 70 70.6 66.4 58.5 58.2 60.3 57.2 53 45.5 38 20.1 12.8 7.8 -0.7 -0.7 -0.7 -0.7 3.2
-0.7 -0.7 -0.7 -0.7 -0.7 -0.7 -0.7 -0.7 -0.7 -0.7 -0.7 18.8 38.8 52.7 57.9 62.8 69.4 69.5 77.1 96.5 95.3 88.5 84.6 98.7 97.8 97.6 97.3 99.8 102.2 103.7 87.7 94.3 88 83.5 84.4 86.6 64.2 46.6 38.8 27.9 9.5 7.8 13.2 17.1 10.5 3.8 3.1 3.1 3.1 2.2 2.5 5 8.2 18 18.8 8.3 6.7 5.5 6.2 9.4 51.4 66.4 66 60.3 78.6 67 78.3 72.9 60.4 61.6 66.1 63.1 62.7 53.2 44.7 33.6 22.3 10.4 4.9 -0.7 -0.7 -0.7 -0.7 0.2
-0.7 -0.7 -0.7 -0.7 -0.7 -0.7 -0.7 -0.7 -0.7 -0.7 10.9 32.6 50.9 59.6 65.7 69.5 73.6 82.7 76.4 90 93 91.9 88.5 96.9 100.1 99.5 103 108.3 108 95.7 87.3 92.5 89.7 84.7 76.4 65.8 50.9 41.7 30.1 16.5 9.2 15.3 21 20.7 8.6 3.8 3.1 3.1 0.7 5.7 4.1 3.7 12.6 23 19.6 7.8 6.7 6 7 25.7 57.5 63.2 59.1 71.7 80.7 74.6 77.4 66 62.1 73.5 73.1 68.2 57.7 51.7 45.4 27.8 18.9 11.7 6 -0.7 -0.7 -0.7 -0.7 5.1
-0.7 -0.7 -0.7 -0.7 -0.7 -0.7 -0.7 -0.7 -0.7 -0.7 18.4 45.6 57 62.2 67.5 68.8 80.7 85.6 87.7 93.1 95.6 95.6 92.4 102.9 103.5 107.5 109.4 112.9 112 96.2 90.8 90.8 84.7 70 58.3 56.2 41.4 36.8 25 20.2 24.9 24.3 21.4 9.1 6.7 4 3.1 3.1 7.2 6.7 4.5 5 11.3 18 16.3 9.3 6.4 7.5 20.4 47.4 52.6 56.3 63.4 83.3 82.4 72.2 68.8 63.5 78.9 80.1 77.3 66.5 56.7 54.5 39.2 27.5 19.9 11.5 7.3 1.6 -0.7 -0.7 -0.7 5.6
-0.7 -0.7 -0.7 -0.7 -0.7 -0.7 -0.7 -0.7 7.7 10.9 17.7 48.1 59.9 67.7 68.1 68.4 88.9 94.1 97.7 93.8 96.7 97.3 98.8 103.5 108.2 110 114.2 110.6 112.1 90.4 90.6 78.9 73.1 67 61.1 45.6 35.3 29.4 25.6 22.9 26.4 19.5 10.3 6.8 4.5 1.9 3.1 3.1 2.1 5.7 9.6 10.2 9 11.4 15 12.4 6.7 18.9 54.7 40.8 53.7 49.4 78 84.9 81.9 74.4 67.7 76.1 79.4 79 71.3 64.6 60.3 43.7 35.3 27 20.2 10.6 3.3 -0.7 -0.7 -0.7 3.4 8.4
-0.7 -0.7 -0.7 -0.7 -0.7 -0.7 -0.7 -0.7 17.2 26.5 43.2 60.4 62.2 78.9 80.4 86.1 95 100.7 102.7 97.4 98.8 101.6 105.2 108 108.5 113.8 119 118.3 103.3 86.1 81.1 76.5 74.7 58.9 43.9 36.1 35.9 28.9 24.3 21.8 19.4 15.3 7.4 4.7 3.2 2.4 3.1 3.1 3.1 10.2 19.8 8 6.7 7.9 9.7 7.4 12.2 48.6 44.2 40.1 45.7 62.4 77.9 80.1 77.7 75.2 69.4 75.8 79.3 74.6 66.4 59.8 51.7 39.7 32.2 24.9 11.6 6.8 -0.7 -0.7 -0.7 -0.7 7.2 21.6
-0.7 -0.7 -0.7 -0.7 -0.7 -0.7 -0.7 -0.7 7.3 40.6 47.3 60.7 73.9 80.6 89.3 96 102.8 109.7 117.1 108.8 113.9 110.3 113.7 109.7 108.5 117.4 126 131 102.1 84.6 79.6 72.5 64.1 46.4 37.5 35.9 36.1 32.5 27.5 18.3 10.5 8.5 6.4 6 7.4 4.3 3.1 1 3.1 8.4 8.4 8.4 6.4 6.3 7.5 9.2 35.9 36.4 45.5 39.3 47.1 72.6 75.5 77.2 73.7 73.6 73.7 72.3 75.6 69 63.2 54.4 43.3 35.7 29.1 19.1 8.3 -0.7 -0.7 -0.7 -0.7 1.8 21 31.2
-0.7 -0.7 -0.7 -0.7 -0.7 -0.7 -0.7 -0.7 8.5 50.4 57.3 80.1 85.8 95.4 97.7 102.1 112.1 118 118.2 116.8 123.1 118.3 121 115.8 113.5 119.2 128.1 124.3 94.6 88.6 70.5 54.9 49.5 48.4 40 38.1 36.3 33.5 29.5 21 7.7 6.7 9.4 13 9.2 3.1 3.1 1.2 2.8 6 8.8 20.2 7.3 5.9 6.1 8.8 30.9 33.5 39.1 41.4 54.9 70.3 72 70.5 69.8 78.3 74.1 68 65.6 60.7 57.1 45.8 36.2 28.4 19.6 10.9 -0.7 -0.7 -0.7 -0.7 1.6 7.4 31.5 24.4
-0.7 -0.7 -0.7 -0.7 -0.7 -0.7 -0.7 -0.7 34.8 61.6 69.8 88.4 97.5 98.4 109.9 117.9 116.2 121.6 116.2 120.1 121.7 122.1 124.2 122.3 118.1 121.8 130.1 110.2 89.2 76.6 61.6 49.6 40 38.4 43.3 42.4 34 28.2 26.3 17.2 11.8 21.3 16.2 9.9 5.8 3.1 3.1 1.9 1.9 3.6 8.8 8.7 5.5 6.8 4.1 8.1 26.2 31.3 35 50.1 55.8 64.4 66.6 73 79.5 75.6 69.1 56.9 52.5 50.3 45.5 37 29.7 23.4 11.1 7.2 -0.7 -0.7 -0.7 6.1 1.8 10.4 30.3 25.8
-0.7 -0.7 -0.7 -0.7 -0.7 -0.7 -0.7 -0.7 13.5 75.9 79.7 96.3 104.6 117 111.2 117.2 121.8 116.9 118 123.6 120.2 124.4 124.8 125.9 125 128.1 122.9 93.8 75.5 60.9 54.5 41.8 38.5 41.5 37.7 35.7 34.4 24.7 21.6 22.8 26.5 29.1 16.6 6.4 3 3.1 1.4 3.1 0.8 2.2 5 4.9 4.1 4.9 2.5 7.4 23.3 28.7 38 55.6 58.4 57.5 69.2 78.5 75.2 69.8 57.9 48.3 50 42.3 40.5 29.4 21.8 20.1 9.2 -0.7 -0.7 -0.7 2.1 6.9 2.2 14.8 31.2 25
-0.7 -0.7 -0.7 -0.7 -0.7 -0.7 -0.7 49.8 38.9 83.4 80.8 101 113.8 122.7 123.4 113.6 111.8 115 120.8 121 121.8 124 127.9 131.9 130 132.5 125.8 98.1 69.4 54.7 48.4 39.3 36.2 38.7 33.2 30.7 28.2 23.6 32.2 30.8 35.6 29.9 8.2 8.4 3.5 3.1 3.1 3.1 3.1 3 3 1.5 1.8 1.7 1.8 4.3 15.5 27.7 43.2 49.8 57.1 55.1 69.2 71.9 69.4 59.6 49 41 39.8 37.4 28.6 20 19.3 19 -0.7 -0.7 -0.7 -0.7 1.5 3.2 1.6 18.8 27.9 22.4
-0.7 -0.7 -0.7 -0.7 -0.7 -0.7 70.1 80.3 81.3 89.3 84 103 115.6 124.6 129.5 121.6 114.4 114.9 118.4 121.9 122.1 124.4 128.2 131.5 132.7 132.6 117.9 86.8 70.9 52.9 43.9 37.7 34.1 32.9 30.7 28 24.5 27.7 30 37.8 32.1 23.9 7.5 5.9 8.2 2.2 3.1 3.1 3.1 2.7 1.9 1.7 1.7 1.9 2 6.6 16.1 32.5 47.2 53.6 51.7 54.6 64.8 65.4 57.9 49.4 37.6 32.7 33 27.7 21 16 10.9 6.5 -0.7 -0.7 -0.7 0.2 1.2 1.6 1.8 17.4 25.7 21.5
-0.7 -0.7 -0.7 -0.7 -0.7 -0.7 82.1 88.9 84.2 94.8 84.1 103.1 120 124.6 127.8 114.9 116.7 117.1 117.9 121.3 122.8 126.9 127.2 130.1 132.7 128.3 120.5 80.9 59.2 51.8 42.6 38.8 35.9 35.1 29.3 27.4 24.7 25.4 35.8 39.1 16.8 11.2 6.9 16.6 7.4 2.8 2.1 3.9 3.8 2.4 2.2 2.3 2.3 1.8 2.8 9.9 22.8 32 47.7 52.9 48.8 53.2 61.6 56.8 49.5 38.1 33.2 25.3 28.7 21 17 12.4 6.8 3.6 3 -0.7 -0.7 0.1 1.1 1.6 1.6 9.8 22.8 20.3
-0.7 -0.7 -0.7 -0.7 -0.7 71.8 87.5 92 90 96 84.6 96.5 118.7 120.1 111.8 112.7 117.9 121.2 120.6 120.6 128.7 135.4 133.1 130 130.2 129.2 112 78.5 55.2 47.2 41.4 36.8 36.8 29.7 27.6 26.3 25.9 26.9 33.1 25.5 8.6 7.9 14.1 13.9 6.5 3.9 4.4 10.9 8.5 4.9 3 3 2.8 1.9 5 15 32.6 30.1 42.7 48 48.5 51.1 53 43.9 37.7 29.2 24.2 19 18.2 16.8 17.6 11.1 7.4 4.4 3.9 -0.7 -0.7 -0.7 -0.7 -0.7 4.2 8.7 20.1 17.9
