data/170000-850000.asc
ncols 200
nrows 200
xllcorner 170000
yllcorner 850000
cellsize 50
[rows 0 to 34 of 200, columns 0 to 78 of 200]
-2.1 -2.1 -2.1 -2.1 -2.1 -2.1 -2.1 -2.1 10.1 18.5 20.2 17.2 13.7 23.3 33.4 32.5 28.7 34.3 40 42.8 45.9 45.9 46.1 47.5 49.4 51.6 50.9 50.9 48.4 49.3 50.8 49.9 49.8 43.6 39.6 35.6 32.1 33.6 42.4 57.8 60 62.5 62.9 63.1 62.5 57.2 58.9 52.6 49.7 45.4 49.5 59.5 65.4 59.2 60.9 58.5 62 50.1 35.3 33.9 37.5 39.7 47.4 41 28.6 16.3 9.2 17.1 20.2 19.4 12.3 17 21.4 18.2 -2.1 -2.1 7.8 20.4 23
-2.1 -2.1 -2.1 -2.1 -2.1 -2.1 -2.1 -2.1 8.6 13.8 18.7 20.1 13.7 23.4 36.3 31.7 31 37.5 42.2 46.7 48.5 49.6 49.2 51 53.8 56.3 56.9 53.9 51.2 49.4 51 48.9 49.4 44.9 36.1 32.6 31.5 31.5 44.4 61 67.1 68.5 70.2 68.8 62.7 60 59 55.8 50 49 49.4 58 63.3 60.4 60.7 61.7 61.1 51.7 36.5 39.6 42.8 45.1 51.2 45.3 28.9 20 13.2 19.1 21.1 21.2 16.2 21.6 26.8 20.3 -2.1 -2.1 13 22.8 23.6
-2.1 -2.1 -2.1 -2.1 -2.1 -2.1 -2.1 -2.1 -2.1 -2.1 14.2 13.2 15.8 24.2 31.4 29.9 32.4 39.9 44.9 49.4 50.3 49.4 49.8 53 58 60.4 59.8 57.2 52.5 49.9 50.1 48.9 48.9 43.1 35 31.5 31.5 31.5 42.1 61 70.2 76.8 74.4 71 62.9 61.1 59.5 55.6 50.5 49.9 52.3 61.1 63.5 63.3 65.3 66 63.3 53.3 38 43.9 51.8 58.4 59 49.2 28 22.5 16.1 17.8 21.3 27.1 20.3 27.7 36.1 21.6 2.7 2.7 15.3 21.8 21.4
-2.1 -2.1 -2.1 -2.1 -2.1 -2.1 -2.1 -2.1 -2.1 -2.1 -2.1 -2.1 8.8 25.1 29.9 29.5 34.6 41.8 47.4 51.1 51.1 51.7 53 56.9 60.6 64.1 68.7 59.8 54.4 49.4 49.6 48.6 49.5 42.6 35.1 31.5 31.5 31.5 39.4 58.1 68.6 74 73.9 69.8 69.3 62.4 60 60.2 58 51.3 52.4 60.2 66 67.9 70 68.1 63.8 50.7 39.4 47.1 58 59 59.8 50.8 34.7 29.6 18.6 21.5 24.3 25.6 24.1 30.4 32.7 20.2 9.8 8.8 16.7 24.6 18.1
-2.1 -2.1 -2.1 -2.1 -2.1 -2.1 -2.1 -2.1 -2.1 -2.1 -2.1 -2.1 -2.1 10.8 20.9 28.9 35.9 42.3 49.2 51.1 51.4 53.3 56 59.4 64.5 69.2 70.7 63.7 55.5 49.3 48.3 48.1 47.8 43.1 46.1 31.5 31.5 31.5 33.5 54.9 63.8 70.3 71 69.1 69.1 65.7 60 62 63.3 51.1 55.1 59.7 68.6 70.9 71.8 69 62 44.9 40.4 48.1 58.3 59 60.9 46.8 36.2 31 26.3 30 27.2 27.4 28 29.6 27.5 19.2 11.1 11.2 21.3 20.3 -2.1
-2.1 -2.1 -2.1 -2.1 -2.1 -2.1 -2.1 -2.1 -2.1 -2.1 -2.1 -2.1 -2.1 14.4 19.4 28.2 35.8 42.8 49.4 51.1 53.1 56.7 59.2 61.6 67.1 70.2 70.7 68 55.8 49.3 47.5 45.7 43.1 44.1 47.1 31.5 31.5 31.5 31.5 50.8 57.9 69.4 70.5 69.6 69.2 61.1 60 66.5 66.5 56.2 58.5 63.1 71.4 76 76.4 71.8 55.5 46.3 45.9 48.3 56.8 59.4 61.2 47.9 40.2 34.8 38.9 37.9 33.2 29.6 28.5 28.1 25.7 16.9 11 10.7 16.7 14.3 -2.1
-2.1 -2.1 -2.1 -2.1 -2.1 -2.1 -2.1 -2.1 -2.1 -2.1 -2.1 -2.1 -2.1 15.9 23 28.2 35.7 40.5 44.7 51 55.9 59.9 59.1 63.1 68.6 69.9 69.7 66.8 56.9 49.5 45.8 43 41.1 43.8 41.6 31.7 31.5 31.5 31.5 41.8 50.9 60.1 63.9 67.8 68.9 64.1 60.6 68.5 67.2 61.5 60.9 68.4 73.1 79.6 80.9 70.1 61 48 48.4 48.9 55.2 60.9 59.9 52.4 39.9 38.9 47.8 46.7 39.5 35 30.4 27 25.1 17 10.6 9.5 9.3 -2.1 -2.1
-2.1 -2.1 -2.1 -2.1 -2.1 -2.1 -2.1 -2.1 -2.1 -2.1 -2.1 -2.1 -2.1 17.3 23.7 29.8 35.7 38.8 42 51.4 59.7 61.5 64.8 67.7 70.6 73.8 76 65 54.9 48.1 44.3 41.4 41.4 41.9 38.5 31.5 31.5 31.5 31.5 37.3 46.1 52.7 60.6 64.1 68.5 69.3 68.4 70.6 70.9 70.7 68.9 72.2 78.8 80.5 81 75.8 58.5 48.1 48.8 50.7 57.6 60.9 58.5 49.8 42.5 42.7 51.3 58.1 57.3 52.7 40.8 29 28.8 17.2 12.6 9.1 9 -2.1 -2.1
-2.1 -2.1 -2.1 -2.1 -2.1 -2.1 -2.1 -2.1 -2.1 -2.1 -2.1 -2.1 -2.1 7.9 20.7 28.5 35.3 37.3 45.3 53.5 59.1 65.2 69.1 71 71 69.2 70.6 64.1 52.4 46.5 44.3 43.2 41.7 40.2 36.1 31.5 31.5 39.4 32.1 36.2 42.6 50 61.2 65.1 69.5 74.9 78.2 70.9 73.1 77.3 74.7 77.1 81 81.2 80.7 73.1 53.6 48.8 50.4 58.6 64.2 69.2 66.2 52.3 48 48.6 56.6 68.1 65.9 57.4 46.6 37.7 29.8 18.4 17.8 15.1 10 -2.1 -2.1
-2.1 -2.1 -2.1 -2.1 -2.1 -2.1 -2.1 -2.1 -2.1 -2.1 -2.1 -2.1 -2.1 4 23.5 30.4 35.2 37.7 42 50.9 56.8 67 69 70.3 71.4 70.1 66.3 60.1 55.7 46 44.1 43.6 42.1 40.3 39 34.4 34.9 46.8 48.4 39.8 43.4 51.6 64.1 69.8 69.5 74.7 81.3 74.7 77.2 80.5 80.7 79.2 80.8 81.2 81.3 68.9 57.1 56.2 65.3 65.6 70.1 69.8 69.9 59.5 53.5 49 59.6 67.3 69.7 63.4 50.6 36.8 25.2 24.4 28.3 26 17.6 -2.1 -2.1
-2.1 -2.1 -2.1 -2.1 -2.1 -2.1 -2.1 -2.1 -2.1 -2.1 -2.1 -2.1 -2.1 14.3 27.8 31 34.8 37.3 41.8 48.3 57.7 64.8 68.6 69.7 78.6 65.8 60.6 59.8 57.1 48.3 45.8 44.3 44.2 41.1 40.6 40.4 45.5 51.9 51.3 48.6 47.7 55 65.9 69.5 69.4 74.4 79.1 79 79.1 81.3 81 79.3 80.2 81 72.7 59.6 59.9 66.7 74.6 78.8 74.5 76.7 71.5 67 61.4 57 60.1 69.4 69.8 62 45.1 34.4 29 28.1 34.2 37.7 33 27.2 -2.1
-2.1 -2.1 -2.1 -2.1 -2.1 -2.1 -2.1 -2.1 -2.1 -2.1 -2.1 -2.1 -2.1 23.5 28.1 32.6 35.5 37.3 41.9 48.1 53.2 57 62.6 66.8 70 62.2 69 61.1 59 50.7 46.4 48.5 48 45.6 45.2 43.8 50.4 55.4 50.4 48 49.7 60 68.6 70.3 72.5 77.5 79.5 79.4 80.9 84.5 80.3 79.3 80.2 81 69 67.3 65.5 71.9 78.1 81.1 80.4 82.4 76.7 70.5 67.3 59.7 61.2 69.3 68.3 58.7 44.5 37.3 33 35.8 42.7 47 48 42.4 -2.1
-2.1 -2.1 -2.1 -2.1 -2.1 -2.1 -2.1 -2.1 -2.1 -2.1 -2.1 -2.1 -2.1 19 25.5 32.9 36.3 38.5 41.8 48.7 49.3 49 58 61.4 60.5 62.4 69.7 70 61.1 48.9 47.4 50.7 51.2 49.7 49.5 50.1 54 61 57.8 54.8 51.1 62 71.6 73.9 76.9 79.4 80.2 79.6 81 89.9 85.6 79.2 80.9 72.4 74 81.5 74.9 75.8 82.8 86.6 89.1 89.1 80.8 74.3 69.5 66.7 66.7 66.6 62.9 58.8 45.7 38.8 38.5 41 47.8 54.5 55.1 43.7 -2.1
-2.1 -2.1 -2.1 -2.1 -2.1 -2.1 -2.1 -2.1 -2.1 -2.1 -2.1 -2.1 -2.1 17.6 26.5 33.3 37.3 40 43 45.6 48.7 50.3 50.6 50.3 58.2 63.6 70.1 69.4 56.1 48.3 47.2 55.6 52.9 50.7 49.7 48.9 55.2 62.1 66.7 65.1 67.7 81.6 84 78.2 78.6 81.7 84.4 80.1 79.5 88 84.9 79.2 79.9 81.6 85.5 88.5 85.6 80 87.4 92.3 94.9 96.2 89.3 75.3 72.2 70.6 69.5 66.6 63.4 59.1 47.4 40.9 39.3 46.9 49.8 50.8 51.7 24.2 -2.1
-2.1 -2.1 -2.1 -2.1 -2.1 -2.1 -2.1 -2.1 -2.1 -2.1 -2.1 -2.1 2.8 24 30.9 36.3 39.9 41 41.5 43 45.5 48.7 47.3 46.9 53.8 61.3 64.8 61.2 59.1 47.8 47.5 57.6 53.3 52.6 48.5 49.2 55.8 65.4 71.8 77.9 81 83.7 90.9 88.1 87.6 90.3 90.3 87.2 83.2 82.7 81.1 79 78.2 86 94.1 97.3 97.9 93.1 89.1 96.6 100.7 101 92.9 79.3 75.4 73.1 70.5 68.9 68.1 64.6 55.3 47.5 49.4 49 47.2 45.1 39.7 30.3 10
-2.1 -2.1 -2.1 -2.1 -2.1 -2.1 -2.1 -2.1 -2.1 -2.1 -2.1 -2.1 6 27.2 36.5 38.4 39.4 41.1 41.2 40.4 41.5 45.1 43.2 43.8 51.4 59 55.1 55.2 59.7 47.4 49.9 58.8 52.5 50.2 48.5 49 55.5 67.9 77.3 85 89.2 89.1 91.1 89 93 99.5 95.7 92.2 88.5 86.9 80.7 83.8 96.7 102.7 100.4 107.9 108.4 103.4 95.1 89.8 101 101 99.5 83 76.2 73.6 72.1 70.9 70.7 71 59.9 54.2 51.5 49.4 48.5 51 50.8 39.6 17.9
-2.1 -2.1 -2.1 -2.1 -2.1 -2.1 -2.1 -2.1 -2.1 -2.1 -2.1 -2.1 6.7 25.7 36.6 39.5 39.4 40.8 40.7 40.2 39.4 43.4 49.4 50.7 50.9 48.7 46.6 53.7 51.8 44.8 54.2 62 52.6 51.8 49.1 50.8 56.8 67.3 79.2 86.4 91.3 94.3 100.7 101.9 98.6 99.6 99.5 93.3 90.7 89.4 88.8 89.2 102.1 110.9 112.1 109.8 111.9 109.1 102.3 92.7 100.1 103.8 102 84.9 78.5 77.3 76.6 74.3 73.3 73.5 65.2 58 53.6 50.6 49 49.9 52.6 30.4 22
-2.1 -2.1 -2.1 -2.1 -2.1 -2.1 -2.1 -2.1 -2.1 -2.1 -2.1 -2.1 19.5 31.5 39.6 40.7 40.9 40.6 36.5 36.7 39.1 47.7 50.8 49.4 50.6 47.7 46.6 46.5 45.9 44.2 58.2 62.6 52.6 52 50 51 54.7 66.7 79.3 86.9 93.4 100.7 110.8 111.8 102.4 99.8 96.3 96.1 93.4 90.8 89.4 90 105.5 114.4 120.9 115.6 117.3 113.1 104.7 101.6 102.3 109.5 104.6 85.8 83.1 80.9 81 78.1 77 74.6 69.6 60.8 57.1 50.4 48.7 45.3 38.4 29.7 20
-2.1 -2.1 -2.1 -2.1 -2.1 -2.1 -2.1 -2.1 -2.1 -2.1 -2.1 -2.1 20.5 31.1 39.8 41.7 40.5 33.3 37.3 38.8 39.1 48 50 50.4 50.8 51 46.6 46.9 46.2 44.2 56.7 58 52.7 51.3 49.3 53.2 58.7 67.9 78.7 85.2 95.7 110.9 111.8 111.8 107.5 100.3 93.5 92.7 92.2 91.9 89.8 92.3 106.9 117.1 121 119 119.8 115.6 108.9 107.9 109.2 109.5 103.3 92.8 86.9 84.3 82.4 80.9 79.3 77.4 72.5 68.2 60.6 50.8 44.3 39.9 32.8 25.6 24.3
23.4 16.1 -2.1 -2.1 -2.1 -2.1 -2.1 -2.1 -2.1 -2.1 -2.1 -2.1 18.2 30.2 40.4 42.4 32.5 35.4 38.4 34.2 40.1 50 50.2 54 50.8 50 46.6 47.3 44.2 44.2 47.3 53.1 53 51.7 51.1 58.4 62.4 70.6 80.8 89.9 103.1 110.8 112.3 111 110.2 102.2 97.1 98.7 98 99.9 98.9 97.5 109.3 116.5 121.4 121.3 121.4 120.8 111 111 109.1 108.5 100.9 93.7 89.3 86.7 85.1 83.4 81.6 80 78.2 75.4 66.8 56.1 43 37.5 33.4 30.1 29.2
21.3 24.9 19.3 -2.1 -2.1 -2.1 -2.1 -2.1 -2.1 -2.1 -2.1 -2.1 24 28.4 32.9 29.4 30 37.5 39 34.2 38 47.1 54.1 58.7 55.7 49.3 46.6 47.4 44.2 44.2 47.2 51.7 52.5 52.2 54.8 61 69.3 75.1 86.4 94.8 103.2 110.9 111.7 111.1 109.5 100.5 99 100.6 101 100 98.9 98.8 111.7 118.3 122.1 122.4 122.5 120.3 114.9 112 110.8 107.5 100.2 94.3 91 89 87.2 85.6 84.9 84.9 85.7 79.6 72.2 63.7 49.5 38.7 34.9 32.9 33.3
26.7 30.2 27.2 11.7 -2.1 -2.1 -2.1 -2.1 -2.1 -2.1 -2.1 -2.1 19.9 22.6 23.2 28.5 33.1 42 38 34.2 34.2 45.4 57.6 60.7 57.2 50.5 46.6 48.3 45.1 44.2 49.1 51.3 55 59.2 65.6 70.3 71 77.4 88.9 96.4 104.7 111.6 111.4 109.7 109.4 103.8 103 101.4 100.6 99.2 98.7 98.4 112 120.9 124.3 122.9 121.6 120.2 116.7 112.1 109.1 105.3 100.5 96.5 92.2 90.9 88.8 88.6 88.9 89.5 91 87.2 77.3 66.6 50.7 42 37 35 37
28.5 30.5 29.2 22 15.3 -2.1 -2.1 -2.1 -2.1 -2.1 -2.1 -2.1 3 11.8 17.7 26.2 33.2 38.9 40.3 34.2 37.5 46.3 49.3 53.3 55.5 56.1 53.5 50 46.1 44.2 50.1 55.8 66 69.5 74.5 79.7 76 79.2 90.3 97.6 107.1 112.2 112.3 111.3 109.8 109.4 110.1 107.3 105.4 102.4 100.7 98.9 113.5 121 124.2 128.9 122.8 119.4 116.3 112.1 110 104.6 100 96.5 93 90.4 89 88.8 89 92.3 96.3 91.1 77 65.1 53.7 45.7 39.7 38.9 41.7
27.8 30.4 30 29.8 22.1 8.8 -2.1 -2.1 -2.1 -2.1 -1 0.3 1.5 6 14.7 22.5 31.6 39.9 38.6 33.7 37.6 42.9 47 49.6 59.6 67.7 60 52.3 44.6 44.2 56 65.9 70.9 72.1 78.3 81 79.7 79.9 88.1 95.2 110.2 112.4 112.5 111.6 110.2 109.2 109 109.2 109.7 106.6 100.4 98.9 107.5 117.9 122.2 129.1 125.7 119.1 116.8 112.7 108.2 103.7 99.4 97.5 95.8 92.1 89.7 89.2 89 89.9 89.8 84 69.4 62.7 54.3 47.6 42.1 39.5 43.2
29.3 29.5 31.9 34.1 26.7 18.3 -2.1 -2.1 -2.1 -2.1 -0.6 0.5 1.7 4 13.2 22 32.6 37 34.6 34.8 39.4 40.4 44.8 49.8 59.7 61.3 59.2 50.8 45.2 46.8 62.8 66.2 69.9 75.1 80.5 82 83.1 85.4 88.9 90.3 111.1 112.1 112.2 111.4 109 110.7 106 106 110.1 108.4 101.7 97.7 105.7 113.9 119.4 128.4 121.9 119 119.3 113.3 107.8 100.9 97.2 94.5 94.2 92.3 91.4 91 88.7 88.4 85.3 76.9 65.7 60.5 54.1 48.4 44.1 40.6 39.3
30 30.1 36.1 37.7 29.1 21 11.6 -2.1 -2.1 -0.8 0.1 0.9 1.9 4.8 16.5 25.1 31.1 30.8 30.7 35.5 39.3 39.3 43.1 54.2 59.5 61.3 58.6 49.9 44.2 54.9 67.2 69.2 69.9 76.9 82.6 85.8 87.2 89.9 91 88.2 104.2 111.6 111.1 111 109.8 107.5 104.1 104.5 109.3 104.8 100.5 94.7 102 112.4 117.4 121.7 119.9 119 119.9 116.9 107.7 102 95.5 91.8 89.6 89.4 88 85.8 83.2 82.7 79.8 73.9 65.2 58.5 52.2 49 47.5 41.8 39.2
29.6 30 32.3 31.8 31.8 27.6 22.2 -2.1 -2.1 -1.2 1 1.8 2.5 5.7 21.1 27.2 27.8 30.2 29 37.1 40.4 39.7 43.6 59.1 61.8 61.4 59.5 56 49.6 55.8 67.6 71.9 72.9 80.3 85.8 89.9 90.9 90.3 90.8 91 99.9 110.8 111.2 110.3 107 104.5 104.5 105.3 107.3 102 99.5 94.7 100.3 110.9 114.2 119 120.5 119.5 123.9 121 110.2 103.9 95.9 88.5 85.8 85.1 84.4 82.1 79.7 79 76.6 73.3 65.2 58.3 52.8 51 50.2 41.3 37.9
29.4 29.3 29.2 36.2 38.4 34.4 27.7 -2.1 -2.1 -2.1 1.3 2.6 2.7 8.9 16.2 18.5 23.6 29.6 29.2 38.9 40.7 40 47.4 57 61.4 63 62.1 60 56.3 56.2 70.2 76.6 80.3 88 89.2 90.9 93.3 93.7 92.7 94.1 99.3 103.9 108.9 109.3 108.8 104.5 105.9 111 109.8 105.1 99 95.3 97.1 108.5 110.6 112.7 114.9 119.5 120.8 118.5 113 105.6 97 85.7 81.4 80.2 80 80.2 80 75.7 72.8 72 64.5 57.2 52.8 50.4 48 40.1 36.7
27.6 30.2 29 35.1 40.5 38 31.2 9.8 -2.1 -2.1 3.1 10.8 11.8 9.4 13.2 18.6 19.3 25 30.4 40.1 40.9 41.1 49.3 58.4 62.2 65.4 66 60.3 58.9 58.9 74.1 81.9 85.9 90.8 91.5 95.7 98.8 99 97.6 98.4 99.4 101 104 106.8 108.4 107.2 113.3 114.8 111.7 110.8 98.9 97.3 98.6 106.4 111 110.3 109.9 115.8 118.9 114.7 110.2 105.7 98.8 84 77.7 75 76.7 76.1 76.5 74.3 69.9 69.4 60.7 57.3 53.1 49.8 46.8 41.7 39.4
25.7 27.2 28.8 30.9 37.3 35.7 31.1 12.3 -2.1 2.4 8.1 16 18.7 16.2 18.9 20.2 19.2 21.9 31.6 41 40.6 45.3 52.8 60.5 64.9 69.2 70.2 63.1 60.2 64.4 79.8 84.6 86.3 88.9 91.6 97.1 99.9 99.2 100.2 98.9 99 99.1 100.7 102.3 107.4 119.4 121.3 118.6 116.1 111.3 101.6 100.6 100.3 99.9 103.4 105.6 111.8 117.5 118.1 113.3 108.7 104 95.6 79.2 74.4 74 74 74 75.1 79 73.9 65 61.7 58.8 53.5 49 48.7 45.6 41.4
22.9 25.5 27.2 29.3 31.2 32.4 29.6 21.7 -2.1 12.5 15.3 19.4 23.9 22.4 20.1 19 19.1 22.1 30.1 36.9 38.6 47.2 55.4 62.8 67.9 70.4 71 67.9 65.8 68.3 80.8 85.5 87.2 88.5 91 96 99.6 99.1 100.9 99.8 94.4 95.1 98.9 104 110.4 122.7 122.6 118.6 113.8 110.2 103.4 99.1 98.8 95.6 95.6 102.1 119.7 120.2 118.5 113.1 108 103.6 98.8 79.3 75.1 74.4 75 76.2 77.7 79.4 79 67.1 64 60.1 56.1 52.3 50.5 49.2 43.3
17.6 22.5 25.3 28.5 30.4 31 29.1 21.2 -2.1 13.9 18.8 22.4 28.4 25.2 21 19 19.3 23.6 26.9 29.5 37.9 46.7 55.3 66 73.6 71 71 69.5 69.2 69.2 82 85.7 88.3 89.4 90.1 94.2 99.6 99.3 101 94.4 89.8 93.6 97.5 102.7 110 119.6 119.2 117.5 111.8 108.9 103.9 99.4 99.6 95.6 95.6 105 117.4 119.3 115.4 109.6 108.6 105.9 102 86.6 76.8 76.5 78.4 80.5 77.7 73.7 69 68.1 67.3 64.5 62 58.3 55.6 50.9 43.9
13.7 18.6 23.2 26.8 29.9 31.8 31.1 26.5 -2.1 18.9 21.1 24.4 29.3 24.4 20.3 19.5 20.5 21.4 24.2 29.6 37.2 46.7 58.4 66.8 69.6 71 71 69.7 69.9 75.7 82.3 85.9 88.9 91.6 89 91.1 98.8 100.6 101.2 97.8 89.8 92 97.3 101.2 110.8 113.5 114.4 113.2 108.9 108.7 104 100.3 97.7 95.6 95.6 111.5 120.2 120 118.5 110.4 109.3 108.3 104.7 89.8 78.1 78.4 81 89.8 83.9 75.6 70.4 68.7 68.7 69.4 67.7 62.4 60.7 54.4 47.2
6.4 14.6 20.1 24.1 29.9 31.2 29.4 26 -2.1 -2.1 22.8 26.3 29.9 28.9 27 19.8 20.5 20.9 24.4 28.4 33.6 44.3 53.6 61.5 67.2 71 70.9 69.3 70.8 74.3 80.5 85.5 89.9 89.9 89 89 93.6 100.6 104.2 96.7 89.8 89.8 92.7 100.1 108.6 111 109.4 109 111.9 108.8 104.9 100.5 96.9 95.6 95.6 117.8 122.6 121.5 119 111.5 109 110.6 105.6 93 81.6 79 86.6 91.1 89.1 83.3 74 70.3 71 74 71.7 69 67.5 57 51.7
2.7 9.3 15.6 21 25.8 28.4 26.6 23.1 10.2 -2.1 22.8 27.9 29.7 34.5 32.4 27.2 21 22.5 25.5 27.7 29.8 38.9 47.1 55.1 62.7 70.6 69.1 69.8 71.1 73.8 78.9 87.9 89.8 90 89.2 89 94.4 100.9 100.8 96.3 89.8 89.8 93.6 100.7 111 109.3 109.6 110.5 112.4 108.7 104.1 99.4 95.6 95.6 100.7 121 125.5 122.1 118.4 114.9 112.1 110 107.8 96.5 91 80.4 90.3 94.8 89.2 90.3 77 74.7 77.1 80.8 78.6 74.1 71.8 64.7 56.7
