data/170000-630000.asc
ncols 200
nrows 200
xllcorner 170000
yllcorner 630000
cellsize 50
[rows 70 to 104 of 200, columns 79 to 157 of 200]
321.5 325 328.4 331.7 335.1 338.4 341.4 348.1 353.3 352.7 353.5 354.1 354.8 357.5 361.3 365.8 370.1 371.5 374.1 382.4 391.4 398.1 396.3 389.5 388.7 387.7 383.4 379.8 370.8 361.5 353.6 346.5 343 339.7 337.7 338.4 341.7 341.1 336.1 332.2 328.5 325.3 325 322 324.3 325.5 326.4 328.9 327.9 321.6 315.2 307.3 305.9 300.3 293.6 287.2 287.7 289.6 291 289.1 283.9 277.3 264.9 263.7 264.5 265.1 264.3 256.5 247.5 237.3 233.1 231.9 234 239.4 245.3 247.8 242.6 236.9 217
319.8 323.5 327.3 330.6 333.8 337 341.1 344.5 348.3 347.4 348.8 350.9 354.1 356.8 362.2 368.2 374.3 378.1 379.9 389 395.1 399.5 399.8 400.3 397.7 395.5 391.9 388.2 382.1 371.8 362.8 357.8 354.4 351.1 348.5 348.2 348.2 346 342.6 338.7 334.8 334.2 334.6 334.1 335.7 336.8 334.2 334.1 331.3 324.2 318.7 303.7 300.3 300.3 303.4 299.3 295.8 298.2 299 296.2 289.5 283.2 273 257.4 252.8 254 253 243.6 237.2 232.5 227.3 227.4 232.7 237.3 243.3 247.2 243.7 236.6 223.1
318.1 322 326.3 329.8 333 335.6 337.5 340.2 342.6 344.4 346 347.6 350.2 354.7 360.4 366.3 370.4 374.7 381.8 389.6 396.8 401.7 405.4 407 408.3 409.8 409.6 403.5 397.5 388.6 380.7 371.3 365.9 361.7 358.7 355.7 354.4 352.7 349 346.1 344.6 343.5 344.5 341.9 345.4 346 341.6 338.9 331.3 322.6 315.6 299.6 296.1 298.1 301.7 304.9 300.6 303.9 305.9 297.3 288 282.6 275.3 262 249.3 245.4 243.4 235.6 230.2 225.4 221.7 222.4 225.8 229.3 234.5 235 231.2 228.7 218.8
316.1 319.9 324.8 326.8 329 332.6 334.1 335.9 338.1 339.8 341.4 343.4 345.6 350.4 356 362 367.4 373 380.4 388.4 396.4 403.3 410.9 414.4 420 425.7 421.6 416.3 412.9 403.2 395.5 387.9 378.9 377 373.6 362.8 360.8 361.1 361.6 361.4 354.8 350.3 352.6 347.1 349.5 349.7 347.5 342.7 333.2 323.2 315 296 293.7 293.6 295.1 295.9 297 300.6 298.1 289.9 281.1 278.2 273.4 268.4 250.5 235.8 227.1 221.9 221.3 215 212.7 215.8 218.8 221.7 224.5 225.5 224.1 223.1 212.2
310.7 314.4 318.7 321.8 323.9 326.2 328.9 331.6 333.4 335 336.5 338.7 342.4 346.4 351 357.8 364.8 371.4 378.8 387.7 396.7 407.2 417.3 424.1 428 432.6 429.5 427.1 423.9 417.8 414.7 406.5 392.3 385.6 382.8 370 369.1 368.2 371 367.3 358.4 352.9 352.8 349.9 352.2 351 346.3 341.8 331.5 324.2 308.8 293.9 288.3 287.7 288.3 289.2 290.5 290.1 286 281 275.6 271.1 266.7 260.3 247 230.3 219.8 211.7 203.4 200.9 205 209.2 212.9 213.2 213.5 214.5 213.7 206.7 199.9
305.7 309.1 312.9 315.7 318.3 321.2 323.8 326.6 329 330.6 332.4 334.9 338.6 342.7 347.6 355 362.7 369.7 378.5 389 398.9 410.7 422.7 428.6 437.4 440.2 439.1 441 436.5 436.5 434.9 424.5 407 393.2 387.7 378.6 377.5 373.5 372.3 367.4 359.4 354.7 353.1 351.4 352.6 355.2 344.8 337.1 326.1 315.9 304.1 285.6 280.4 280.1 281.5 282.6 283.6 282.3 278.9 275 270.8 266 260.9 251.8 237.2 222.2 209.9 202.6 195.9 192.9 195.9 198.4 200.7 201.1 201.6 202.7 198.8 195 193.1
300.8 304.1 307.4 310.6 313.7 316.4 319 321.6 324.7 326.5 329.3 332.7 335.1 339.2 345.4 352.5 360.2 369.1 378.5 389.6 402.6 415.2 429 438.5 447.2 453.1 448.9 446.6 440.9 446.9 444.3 432.2 414.7 401.3 392 385.7 383.5 377.1 374.6 369.8 360.3 356 354.2 351.7 350.3 347.2 340.5 329.7 316.1 303.6 297.2 283.3 274 274 276.6 278.3 277.2 275.7 273 269.9 266.3 262 253.7 242.2 227.4 212.6 200.1 193.7 188.3 184.6 186.8 187.5 189.1 190.3 191 190 189.1 188.7 186.7
296.1 299.1 302.5 306 309 311.6 314.2 317.4 320.9 324.3 327.6 331.2 334.6 338.9 345.5 352.3 359.5 369.4 379.4 390.3 404.2 417.1 430.3 442.7 451.6 452 449.7 448.5 446 448.6 444.6 435.2 422.5 418.6 404.9 394.2 391.7 382.8 376.9 368.5 360.2 356 353.4 349.1 345.7 339.1 329.6 319.5 310.7 301.4 293.9 279.2 270.7 269.7 271.1 271.5 270.8 270.6 267.7 264.3 261.4 256.2 244.2 232.1 217.9 203.4 192.2 187.2 181.7 178.2 179.4 180.5 180.4 180.3 180.3 181 181.8 181.2 179.9
293.1 293.1 295.7 300.2 304.6 308.8 312.4 315.3 318.6 322.3 326 329.7 334.1 339.1 345.4 352 358.9 369.9 380.4 391.1 402.4 413.1 424.3 436.6 444.7 445 444.5 443.7 445.4 447.1 446.3 434.3 426.3 421.5 408.8 399.5 393.5 384.2 377.3 370.1 360.6 355.2 351.6 345.5 338.9 330.4 322.4 313 302.2 291.5 284.1 273.3 265.1 263 262.5 261.2 261.3 262.7 261.9 257.8 254.7 247.4 235 221.7 209.3 197.3 187.1 179.3 175.7 172.3 173.5 174.7 174.1 173.4 173.2 173.6 174.2 173 170.3
299.5 301.5 303 303 306.4 308.7 312.9 316.6 320 322.7 326.3 330.1 334.6 340.1 345.6 352.5 362.3 373.3 382.8 392.5 402.5 412.8 421.4 428.5 435.4 439.6 441.3 442.6 443.2 445.9 443.5 433 426 419.9 408.7 400.7 392 382.9 376.2 367.7 359.1 356.6 350.4 343.9 335.7 326.2 316.8 308.6 304.2 299.2 288.4 278.1 269 259.4 251.8 251.1 251.8 252.7 251.4 248.8 244.9 237.8 228.4 216.1 206.4 189.9 179.7 174.7 170.9 168.8 167.7 168.9 167.8 166.7 166.2 166.5 166.6 165.8 164.1
307 307.4 308.7 307.7 309.6 312.1 312.9 318.6 321.8 325 328.4 332.6 337.4 342.9 348.6 355.8 366.3 376.3 386.3 396.4 407.1 418.2 427 433 437 439.2 440.4 442.4 441.1 440.6 436.9 429.9 422.1 413.7 404.6 396 388.9 381.3 373.3 364.2 358.6 354.9 348.7 341.7 334.2 324 323.4 319.7 311.8 302.6 293.9 281.9 272.2 262.4 251.9 241.4 241.9 242.4 241.1 238.6 235.8 230.4 221.5 213.1 203.6 193 183.3 176.5 171.1 167.1 165.1 163.9 162.3 161.5 160.2 158.6 159 160.2 159.9
312.2 313 313 311.6 312.3 314.4 317 318.2 324.1 327.3 330.6 335 340.9 346.6 352.4 358.2 368.7 379.3 390.2 401 411.7 422.2 430.6 436 438 437.9 436.8 439.3 440.9 439.6 436.5 426.1 415.8 411.4 401.4 386.9 379.7 374 368.4 364.7 356.6 352.8 351.3 346.4 340.5 337.5 330.8 324.6 317.1 308.5 295.9 285.6 275.5 265.1 254.7 244.4 234.8 231.8 230.9 230 228 224.5 217.1 210.2 200.8 193.5 185.4 175.2 175.4 169.7 166 169.5 168.3 168.6 167.1 164.7 161.4 159 156.1
317.6 317.2 316.3 314.8 314.8 316.9 319.8 321.8 324.2 324.1 331.2 335.9 341.7 348.4 355.2 361.9 370.6 381.6 390.9 403 413.4 422.5 426.7 428.5 429.8 429.9 429 433.3 432 427.2 420.8 412.5 405.3 399 390.4 382.2 375.9 380.4 374.7 371.5 371.6 366 361.9 354.1 344.8 343.5 335.9 327.6 318.4 310.4 297.9 289 278.1 267.6 257.5 248.1 241 234 225.7 221.2 221.2 218.1 212.7 205.1 197.9 191.5 187.9 186.3 182.3 170.1 173.6 176.6 180.8 180.9 179.5 173.3 169.1 162.8 158.4
325.5 323.4 321.2 319.4 319.1 319.8 322.7 324.9 327.6 330.3 333.1 336.3 342.3 348.8 355.4 362.5 370.9 376.8 388.3 401.9 411.4 419.7 419.1 419.7 421.4 421.3 422.8 425.8 425.7 422.9 413.6 409.4 405.4 407.5 406.1 394.1 388.8 386.4 378.2 375.2 377.5 376.6 366.9 359.9 347.3 345.4 336.6 330.1 318.2 306.7 295.8 289.2 281.2 271.5 261.5 250.8 243.2 235 228.7 221.9 218 211.4 206.9 199 194.9 195.7 193.7 186.9 180.3 174.6 180.6 186.2 190.7 195.4 192.3 185.2 177.3 168.7 162.7
334.4 332.8 331.3 328.8 326.6 326.9 328.9 331.2 332.6 334.3 338.2 341.7 345.3 349.1 355.2 362.1 368.4 373.2 389 399.1 407.5 411.1 410.3 412.3 415.1 418.9 420 422 423.3 420.7 418.5 415.3 409.3 404.8 401.4 391.3 388.1 383.8 378.4 376 376.9 378.9 368.9 359.1 347.4 343.9 336.7 330.3 322.1 311.1 299.1 287.3 278.7 270.2 261.1 249.8 244 237.9 235.6 228.9 223.9 219 211.9 208.4 205.1 203.6 191.6 183.3 182.7 184.5 188.6 192.1 197.7 203.8 201.7 194.4 183.8 175.2 169.7
344.1 343.8 342.5 342.4 340.4 340.9 341.4 341.2 341.3 342.6 343.8 346.8 350.5 353.8 358 363.3 369.8 378.2 385.5 390.8 395.8 399.7 405.4 409.5 415.7 421.6 424.8 422.8 423.8 421.2 415.4 407.3 406.4 400.2 396.2 383.5 380.9 377.7 372.7 370.6 371.5 371.2 364.5 353.1 347.5 343.5 337.8 331.5 321.3 312 301 289.3 277.8 268.3 259.1 255.4 252.9 250 246.1 236 231.7 224.9 219.9 216.5 214 208.1 194.1 196.7 197.4 198.6 202 199.6 198.6 203.8 208.7 214.4 200.3 192.8 178.4
351 350.3 349.2 349.9 349.7 349.8 349 348.3 348.3 348.9 350.6 352.2 355 358.3 363.6 369 376.7 385.5 393.6 401.4 404.1 406.4 411.2 411.5 418.8 425.2 426.8 424 422.4 414.5 406.9 401.1 398.4 393.1 385.8 374.9 373.1 370.9 368.1 362.7 364.4 362.6 359 352.6 348.8 343.8 338.6 332.5 320.2 315 303.3 292.7 278.5 272.7 263.3 264.7 262.5 260.7 252.8 245.6 242.8 236.7 229 224 219.3 214.1 203.7 214 212.5 212.9 216.6 217.2 215.8 215.3 211.3 218.7 214.7 207.7 193.2
355.4 355.6 355.8 356.3 355.8 356.2 356.1 355.8 355.5 355.7 356.9 358.3 360.4 364.2 368.8 374.8 381.9 389.2 397.6 404.2 409.7 413.1 413.9 412.6 418.1 422.5 423.1 420.5 416.9 404.9 396.9 396.1 393.8 383.8 373.4 364 363.3 360.2 361.4 355.8 355.7 355.6 355.2 351.4 348.4 344 339.7 330.1 319.7 312 302.3 292.2 279.7 277 273 274.7 272.7 269.4 262.7 257 256.5 251.1 238 231.3 225.3 216.4 217.9 223 228.5 227.5 231.8 233.5 238.5 233.1 222.8 219.1 219.6 211.2 207.1
357.6 358.8 361.2 362.7 362.1 362.4 362.7 363.3 364.4 364.2 365.6 366.4 367.7 370.4 374.8 378.6 383.9 390.1 396.2 401.7 407.6 411.3 410.5 412.7 418.6 422 419.5 412.3 404.4 398.9 390.7 386.7 380.7 368.6 358 353.4 349.8 352.5 353.6 349.3 349.5 351.3 352 349.6 345.6 339.7 334.9 328.2 320.8 308.5 299.6 289.8 287.8 281.4 280.6 282.3 277.8 272.6 267.9 262.8 258.3 253.9 245.4 236.5 225.7 218.6 222.3 228.8 236 241 244.4 245.9 245.5 238 231.5 236.8 223.7 220.9 226.3
358.8 360.3 362.9 364.3 365.6 366.4 367.8 368.8 369.7 370.3 371.5 373.1 374.6 376.3 379 382.1 386.3 390.1 394.8 399 402.1 406.5 407.4 410 415 416.9 409.4 405.2 396.8 392.2 386.6 378.3 374.9 365.5 357.4 350.8 345.4 346.3 347.5 346.1 346.8 348.9 350.8 348.2 345.2 340.7 337.4 333.6 328 319.8 306.7 294.1 290.1 287.4 284.6 284.8 283.3 277.3 272.3 267.4 259.3 256.1 252.8 241.5 232.5 222.2 220.4 232.1 241.1 248.7 251.5 253.1 253.9 250.1 245.7 246.2 240.8 225.1 225.4
360 362 364.5 365.4 366.7 368 369.4 370.8 372 372.9 374.3 376 378.2 380.5 382.7 385.4 388.5 391.8 394.6 397.8 399.1 401.7 403.9 407.3 411 412.1 408.6 403.7 397.9 391.6 388.9 383.6 377.4 363.7 353.6 348.3 340.9 340 339.9 340.2 342.1 346.2 347 347 345.1 341.9 340.6 339.7 333.4 321.7 310.7 302 296.7 293.6 289.7 286.4 282.8 278.3 277.1 274 270.8 265.2 260.8 254.7 248.2 234.9 232.5 238.8 244.7 252.8 257.9 258.6 258.6 256.9 255.5 251.5 247.8 234.3 229.4
355.5 358.1 361.2 362.9 363.5 364.4 365.6 367.6 369.6 371.6 372.8 374 377.4 380.5 381.6 386 389.2 390.2 391.9 396.4 396.7 398.1 401.5 406.2 410.5 408.6 404.7 398 392.8 388.7 387.8 383.1 374.6 357.5 349.3 341.5 334.4 333.5 332.6 331.9 335.1 340.8 341.5 340.4 340.2 340.6 343.5 343.1 335.7 321.1 312.3 308 304.5 297.4 294.1 287.8 281.4 278.6 279 275.1 271.7 267.8 268.8 267.8 257.6 240.8 241.7 243.7 248.8 260.1 263.4 261.6 261.3 263.5 261.4 256.7 251 243.8 246.9
349.5 353.1 355.8 357.7 358.1 360.1 362.2 364.3 366.2 368.2 370.1 372.1 375.4 379.3 383.4 387.1 389.9 391.2 390.3 391.9 393.2 393.3 398.2 402.8 406.2 400.1 395.2 390.1 386.7 383.3 383.5 380.3 370.8 354.2 345.6 335.6 325.3 325.4 323 322.1 325.8 325.8 327.4 326.9 328.3 334.8 338.2 340 332.3 313.8 306.4 309.1 302.3 296.2 293.1 285.6 280.1 274.7 273.7 270.1 269.3 267 270.6 268.2 255.4 245.3 244.6 245.5 253 267 270.3 267.3 266.9 266.9 265.4 261.6 253.9 250.8 259.3
344.5 348 350.5 352.3 354.5 356.9 358.8 360.9 362.8 364.6 365.9 368.6 372.6 376.5 380.8 384.7 387 388 388.4 391.6 389.8 389 392.6 395.9 397.4 393.1 386.2 381.8 376.4 377.4 377.7 374 364.7 348.8 340.3 330.9 322.8 318.1 316.1 314.5 313.6 311.2 311.5 313.9 316.4 319.6 328 324.8 321.3 296.7 295.2 296.9 294.7 290.1 289.2 282.5 275.5 270.7 265 262.9 262.6 262.5 264.6 261 248 247.7 247.5 247.8 255.5 264.9 268.4 268.4 268.5 269.7 269.1 266 259.9 257.6 259.9
339.1 342.9 345.1 347.8 351.1 354 355.7 357 358.4 359.8 361.6 365 369.4 373.8 377.9 380.3 382.9 381 383.1 384.7 381.9 380.9 385.7 391.2 392 386.3 379 373.2 368.1 368.9 369.6 365.7 358.2 344.1 336.9 321.3 316.6 307.9 305.3 304 302.2 297.5 294.4 294.3 303.3 295.1 291.9 291.4 281.4 278.6 284.7 286.3 287.2 282.7 282.1 274 269.4 264.2 257.6 253.7 256 253.6 251.6 243.1 242.1 243.8 245.8 247.5 251.8 259.5 266.6 269.2 269.5 270.4 268.6 264.5 264.9 263.4 258.4
333.6 338.4 341.9 343.3 347.3 349.8 352.6 355.1 355 355 356.7 359.7 364.7 368.7 372.5 375.3 377.5 372 375.5 375.8 371.4 373.4 379 384 384.5 379.7 372.5 369.5 363.5 361.5 365.4 361.9 354.6 338.1 333 318.5 313 305.7 298.2 294.9 291.1 286.1 278.9 271.2 262.4 260.9 255.5 251.2 252 263.5 270.4 272.7 269.5 266.6 266.3 262.5 256.5 252.4 250.6 243.7 245 242.7 239.9 234.9 234.7 238.2 241.7 244.4 247.5 253.8 260 264.6 267.1 268.3 266.5 265.3 266.7 265.1 254.5
328.4 333.2 337.1 337.1 340.4 343.2 346.4 350.4 351.9 350.3 350.4 353.8 357.4 359.8 363.7 364.9 363.8 358.5 361.6 361.7 364.1 368.7 376.4 383.8 387 373.7 365.6 363.7 359.2 357.2 359.7 354.9 341.5 331.5 327.4 318.7 309.9 302 294.1 285.2 279.8 271.1 261 246.7 238.5 229.9 227 230.2 234.4 240.8 249.1 253.7 252.5 245.9 245.7 240.3 239.2 238.7 237.5 233 235 233.6 228.9 226.5 229.7 233.8 235.3 237.7 241 245.2 249.6 254.9 259.5 262.6 262.8 262.7 264.3 255.2 250.5
322.2 326.1 328.9 330.7 333.4 336.6 339.9 345.1 346.2 344.9 344.6 346.9 349.6 351.5 353.5 353.4 349.8 350.4 352 354.6 357.6 362.9 371.6 378.2 379.6 367.7 358.2 356.3 347.8 352.9 357.1 351.8 332.9 322.3 319.5 312.8 304.3 297.5 289.7 283.3 262.7 246.5 235.4 222.2 210 202.5 205.5 206.6 209.4 217.9 223.8 226.6 227.8 221.6 222.3 221 220.1 218.7 217.9 217 219.4 218.5 221.3 222.3 225.6 228.3 228.8 230.1 231.4 234.6 239.5 244.2 248.5 253.2 253 252 252.7 246.7 247.8
316.1 318.8 322.1 324.3 327 330.1 333.4 339.1 339.9 338.3 338.3 339.7 341.8 343.8 345.6 345.2 342.6 344.9 344.8 347.7 350.3 355.4 363.8 370.6 370.3 362.6 350.1 344.1 338.7 347.5 348.2 341 330.7 317.8 310.5 304.6 297.6 292 285.5 275 248.5 226.3 209.8 199.1 183.2 179 184.4 180.1 183.4 194 200.1 197.7 199.9 200.4 198.8 202 201.2 200.1 201.9 204.9 208 211.1 210 220.5 224 225.6 225.8 225.3 223.7 224.1 226.9 231.1 234.7 237.8 239.1 240.3 241.8 242.8 245.4
310.9 314.5 316.9 319.1 320.8 323.5 327.1 333.8 333.3 331.7 332.9 332.3 334.2 336.1 337.8 336.2 334.3 336.9 338.4 340.7 343.1 347.8 357.5 362.1 361 354.6 337.6 334.4 327.9 336.8 338.3 328.4 320.2 311.4 303.7 295.3 288.2 282.9 275.2 266.6 236.5 213.4 188.2 181.1 170.6 159.1 163.4 158.6 160.1 169.8 170.1 174.2 178.7 181.7 176.2 175.5 180.9 179.2 179 189.4 196.6 200 203.5 218.4 222.2 223.1 223.1 220.8 216.5 215.7 215 216 214.8 224.9 226.3 230.7 233.4 238.1 241.3
306.1 309.6 312.1 314 315.3 315.4 320 326.2 324.4 325.8 327.3 326.2 327.8 331.4 328.7 326.5 326.2 327.7 330.9 333.2 336.8 341.2 346.4 349.9 342.5 341.1 327.1 327.1 321.8 328.6 330.6 320.9 311.9 302.3 297.7 289.7 278.4 270.2 263.4 245.6 221.8 200.9 177.1 162.9 153.7 142.8 142.4 141.9 143.4 143.7 147 151 158.1 160.5 154.1 154.7 157 158.6 163.6 172.4 179.5 182.1 198 210.8 217.1 219.7 218 215.2 206.5 205.1 201.5 201.2 205.5 210.3 215.4 220.7 226 229.2 229.8
301.8 304.8 307.7 308.9 308.6 307.8 311.8 312.4 315.8 319 320.3 319.8 321.4 323.2 320.8 316.2 318.2 320.7 323 326.7 331.2 335.7 338.7 338.1 331.8 330.4 316.7 315.7 316.7 321.3 326 309.3 300.7 294.5 290.3 282.7 267.8 261 248.7 233.1 210.6 188.7 163.8 146.9 141.6 140.7 131.4 125.4 128.5 125.5 126 129.8 135 134.4 129.9 133.1 137.3 140.6 149.2 155.6 161.8 174.2 186.4 198 204.7 209.4 209.1 204.8 200.4 193.1 188.7 191.7 194.9 199.7 206.7 212.4 218.6 222.3 224.8
299.1 300.6 302 302.5 302.6 303 306.5 305.3 308.1 309.5 311.5 314.2 315.2 315.8 313.2 308.5 311.5 314.3 316 319.8 326 329.1 331.1 329.8 325.7 323.2 310.9 306.4 309 311 309 300.7 297 291.2 288.2 273.9 255.2 242.8 231.4 216 189 181 182.4 181 172.7 160.8 151.4 137.5 121.7 112.5 105.2 106.4 108.9 110.3 106.3 111.4 118.1 123.3 132.8 136.5 151.8 162.6 173.2 183.5 191.3 196.4 195.4 193.4 189.8 181.7 178.4 180.1 184.8 190.5 198.3 207.1 213.9 218.9 223.4
296.3 297.8 298.8 299.1 299.6 299.9 301.8 300.8 301.6 302.9 302.7 308.9 309 308.5 310.5 304.9 306.9 308 308.7 311.9 316.9 319.1 319.6 316.7 317.4 311.6 299.8 293.2 300.2 300.6 298.1 292.5 289.5 284.7 280.9 266.1 249.5 230.9 209.5 208.5 212.9 211.5 203.7 205.7 199.6 182.4 172.6 156.1 139.6 124 111.4 97.5 87.5 88.7 88.6 89.8 97.3 105.9 113.1 123.6 137.7 149.4 160.5 168.8 176 183.2 184.8 181.6 179.5 172.5 167.3 168.8 173.2 185.3 192.6 201.7 211.3 216.3 223
296.6 298.2 298.4 298.3 298.8 297.7 298.8 296.6 297 297.6 298.5 301 302.5 304 303.7 300.8 303.6 302.2 298.3 299.2 305.6 308.2 306.4 302.6 300.8 296.1 290.5 287 290.5 287.5 283 279.2 274.2 269.4 263.2 249.1 224.5 214 230 233.7 232.9 231.4 228.6 230.2 226.1 204.8 193.6 179 161.9 143.9 128 107.4 91.9 80.9 74.6 78.2 82 87.4 94 111 126.1 136.4 145.4 153.2 162.2 168.2 171.2 170.6 171 164.2 150.3 156.7 166.2 180.6 190 199.2 205.8 210.8 218.1
