data/170000-680000.asc
ncols 200
nrows 200
xllcorner 170000
yllcorner 680000
cellsize 50
[rows 74 to 110 of 200, columns 0 to 82 of 200]
-0.3 -0.3 -0.3 -0.3 -0.3 -0.3 -0.3 -0.3 -0.3 -0.3 -0.3 -0.3 -0.3 -0.3 -0.3 -0.3 -0.3 -0.3 -0.3 -0.3 -0.3 -0.3 -0.3 -0.3 6.1 22.1 -0.3 -0.3 -0.3 -0.3 -0.3 -0.3 -0.3 -0.3 -0.3 -0.3 -0.3 -0.3 -0.3 -0.3 -0.3 1.5 16 21.5 27.1 34.9 54.4 63.1 46.1 46.6 45.8 39.2 44.8 60.4 55.9 60.5 62 66.1 69.4 62.8 50 28.5 28.2 32.5 42.8 52 38.4 46.9 43.1 39.3 41.7 40.9 31.2 15.6 27.6 61.6 81.6 91.1 92.9 84.3 66.3 49.1 45.1
-0.3 -0.3 -0.3 -0.3 -0.3 -0.3 -0.3 -0.3 -0.3 -0.3 -0.3 -0.3 -0.3 -0.3 -0.3 -0.3 -0.3 -0.3 -0.3 -0.3 -0.3 -0.3 -0.3 -0.3 9.6 -0.3 -0.3 -0.3 2.3 -0.3 -0.3 -0.3 -0.3 -0.3 -0.3 -0.3 -0.3 -0.3 -0.3 -0.3 -0.3 6 18 23.2 30.2 48.2 64.3 60.3 52.9 51.4 50.4 42.6 49.2 64.8 55.9 59.7 66 72.7 67.5 63.8 40.3 27.5 28.1 31.7 48.2 40.6 37.4 39.2 34.4 35 39.9 30.5 15.4 14.6 53 86.8 88.1 97 91.8 79.1 60.6 44 39.2
-0.3 -0.3 -0.3 -0.3 -0.3 -0.3 -0.3 -0.3 -0.3 -0.3 -0.3 -0.3 -0.3 -0.3 -0.3 -0.3 -0.3 -0.3 -0.3 -0.3 -0.3 -0.3 -0.3 -0.3 -0.3 -0.3 -0.3 10.6 -0.3 -0.3 -0.3 -0.3 -0.3 -0.3 -0.3 -0.3 -0.3 -0.3 -0.3 -0.3 1.3 5.8 15 34.8 46.2 58.3 57.8 57.5 53.8 48.4 46.7 50.7 53.6 66.9 55.9 61.4 68.5 70.4 65.2 50.2 27.9 27 29 41.4 48 28.2 36.1 30.4 29.6 28.4 23.2 11.2 12.8 35.7 82.3 89.1 91.3 100.4 98.7 71.6 54.7 37.1 37.4
-0.3 -0.3 -0.3 -0.3 -0.3 -0.3 -0.3 -0.3 -0.3 -0.3 -0.3 -0.3 -0.3 -0.3 -0.3 -0.3 -0.3 -0.3 -0.3 -0.3 -0.3 -0.3 -0.3 6.1 -0.3 -0.3 10.4 -0.3 -0.3 -0.3 -0.3 -0.3 -0.3 -0.3 -0.3 -0.3 -0.3 -0.3 -0.3 -0.3 1.3 7.1 22.7 40.9 52.4 49 60.6 55.2 48.3 49.9 47.8 55.2 57.5 58 55.9 68.4 66.5 64.2 53.6 33.2 26.7 27 30.5 43 33.9 22.7 25.7 22.2 27 18.6 10.7 10 18.3 63.6 89.4 91.4 98.7 99.1 94.1 73 44.4 37.5 41.1
-0.3 -0.3 -0.3 -0.3 -0.3 -0.3 -0.3 -0.3 -0.3 -0.3 -0.3 -0.3 -0.3 -0.3 -0.3 -0.3 -0.3 -0.3 -0.3 -0.3 -0.3 -0.3 6 -0.3 -0.3 -0.3 14.7 -0.3 -0.3 -0.3 -0.3 -0.3 -0.3 -0.3 -0.3 -0.3 18 13.2 1.3 1.3 1.3 12.3 28.5 42.1 45.4 66.8 65.2 58 51.7 56 51.9 62.7 56.7 60.9 61.3 61.1 58.4 57.1 39.3 27 26.6 28.4 39.5 40.6 23.5 16.7 12.7 20.1 17.9 6.1 6.8 8.4 33.8 85.7 89 93.5 101.2 96.4 84.6 67.4 39.1 36 42.4
-0.3 -0.3 -0.3 -0.3 -0.3 -0.3 -0.3 -0.3 -0.3 -0.3 -0.3 -0.3 -0.3 -0.3 -0.3 -0.3 -0.3 -0.3 -0.3 -0.3 -0.3 -0.3 4.5 -0.3 -0.3 6.7 -0.3 -0.3 -0.3 -0.3 -0.3 -0.3 -0.3 -0.3 -0.3 24.9 26 12.7 6.8 0.8 2.4 8.5 44.8 38.7 53.6 70.4 72.9 72.3 63.4 58.1 65.2 62.9 55.5 56.2 56.3 52.1 52.4 47.2 28.5 26.7 29.1 27.9 33.1 23.7 16.9 10.1 12.2 16.4 7.2 2.7 4.6 17.8 59.3 87.1 90.2 101.7 95 92.2 70.7 54.6 38.3 35.5 27.4
-0.3 -0.3 -0.3 -0.3 -0.3 -0.3 -0.3 -0.3 -0.3 -0.3 -0.3 -0.3 -0.3 -0.3 -0.3 -0.3 -0.3 -0.3 -0.3 -0.3 -0.3 -0.3 7.8 -0.3 -0.3 7.6 -0.3 -0.3 -0.3 -0.3 -0.3 -0.3 -0.3 -0.3 22.2 35.8 33.7 17.1 4.8 3.4 11.4 16.1 31.8 40.6 64.3 68.5 70 79.1 70.6 61.1 72.6 66.7 54.7 54.9 52.6 45.2 46.1 30.4 28.2 26.1 26.3 29.4 23.1 19.7 15.6 7.9 13.9 3.9 -0.3 1.8 4.6 38.1 73.7 82 92.4 99.7 87.2 82.2 58.2 46.2 36.9 31.7 23.2
-0.3 -0.3 -0.3 -0.3 -0.3 -0.3 -0.3 -0.3 -0.3 -0.3 -0.3 -0.3 -0.3 -0.3 -0.3 -0.3 -0.3 -0.3 -0.3 -0.3 -0.3 -0.3 -0.3 -0.3 -0.3 -0.3 -0.3 -0.3 -0.3 -0.3 -0.3 -0.3 -0.3 11.8 38.5 45.2 34.3 11.7 9.5 6.6 22.2 33.7 44.2 59.7 66.6 67.4 69.9 74.7 74.2 70.7 72.9 67.7 54.5 51.9 47.1 41.8 38 28.5 27.6 22.6 20.8 21.2 16.4 21.3 15.8 5.6 4.3 -0.3 -0.3 1.7 19.3 55.7 71.7 79.9 94.7 88.4 88.4 71.6 53.5 42 32.9 26.5 20.9
-0.3 -0.3 -0.3 -0.3 -0.3 -0.3 -0.3 -0.3 -0.3 -0.3 -0.3 -0.3 -0.3 -0.3 -0.3 -0.3 -0.3 -0.3 -0.3 -0.3 -0.3 -0.3 -0.3 -0.3 -0.3 -0.3 -0.3 -0.3 -0.3 -0.3 -0.3 -0.3 8.3 39.7 51.3 48.9 20.5 14.2 13.9 23.9 29.9 53.9 84 84.5 94 67.6 69.6 71.9 74 73.2 73.2 68.4 51.4 49 38.5 38.2 31.1 28.2 26.1 17.5 16.4 16.7 16.1 18.9 19 3 -0.3 -0.3 -0.3 5.5 33.7 58 65.9 82.5 87.3 83.5 77.8 60.9 53.8 35.6 28.4 20.5 18.8
-0.3 -0.3 -0.3 -0.3 -0.3 -0.3 -0.3 -0.3 -0.3 -0.3 -0.3 -0.3 -0.3 -0.3 -0.3 -0.3 -0.3 -0.3 -0.3 -0.3 -0.3 -0.3 -0.3 -0.3 -0.3 -0.3 -0.3 -0.3 -0.3 -0.3 -0.3 -0.3 29.8 43.1 56.1 32.5 21.6 21.9 29.2 35 48.6 83.3 102.3 98.7 93.2 67.5 64.9 68.6 72.6 70.8 75.4 65.1 49.3 43.1 33.4 29.4 32.5 25.4 16.9 15.6 14.6 14 20.8 16.7 16.5 -0.3 -0.3 -0.3 -0.3 18.7 42.4 54.2 67.6 82.1 79.8 77.1 67.5 69.9 56.3 27.3 20.6 17.9 18.1
-0.3 -0.3 -0.3 -0.3 -0.3 -0.3 -0.3 -0.3 -0.3 -0.3 -0.3 -0.3 -0.3 -0.3 -0.3 -0.3 -0.3 -0.3 -0.3 -0.3 -0.3 -0.3 -0.3 -0.3 -0.3 -0.3 -0.3 -0.3 -0.3 -0.3 -0.3 -0.3 34.6 55.5 54.5 28.9 28.2 32.2 44.8 69.6 90.4 102 99.6 93.1 92 66.6 64.9 69.3 72.6 70.7 79 61.6 46.1 35.4 30.3 28.3 27.3 22.1 14.6 14.5 15 15.4 18.4 14.9 6.2 -0.3 -0.3 -0.3 11.8 30.8 44.6 53.8 69.5 81.2 81 75.5 79.3 86 63.6 21.9 16.7 16.7 17.3
-0.3 -0.3 -0.3 -0.3 -0.3 -0.3 -0.3 -0.3 -0.3 -0.3 -0.3 -0.3 -0.3 -0.3 -0.3 -0.3 -0.3 -0.3 -0.3 -0.3 -0.3 -0.3 -0.3 -0.3 -0.3 -0.3 -0.3 -0.3 -0.3 -0.3 -0.3 18.4 42.1 57.8 36.4 35.5 41.1 54.1 74.3 93 100.3 105.6 89.7 84.8 86.3 67.7 64.9 70.6 74.3 71.9 75.8 58.2 41.3 31.1 31.5 25 22.3 16.2 13.7 13.9 12.9 15.3 11.5 3.7 -0.3 -0.3 -0.3 -0.3 19.8 34.8 44.1 53.8 69.1 80 85.1 87.3 108.8 98.7 56.7 16.7 16.7 16.7 16.7
-0.3 -0.3 -0.3 -0.3 -0.3 -0.3 -0.3 -0.3 -0.3 -0.3 -0.3 -0.3 -0.3 -0.3 -0.3 -0.3 -0.3 -0.3 -0.3 -0.3 -0.3 -0.3 -0.3 -0.3 -0.3 -0.3 -0.3 -0.3 -0.3 -0.3 28.1 26.5 47.3 39.8 43.2 55 70.5 91.7 90.7 102.4 105.8 103.2 81 77.3 74.1 67.7 64.9 73.6 75.1 70.7 72.7 53 33.8 30 22.9 21.5 18.1 12.3 12.3 14 13.7 14 8.7 -0.3 -0.3 -0.3 -0.3 10.3 33.2 43.4 52.9 61.9 73.2 88.5 95 110.2 113.4 80.2 39.4 16.7 16.7 16.7 16.7
-0.3 -0.3 -0.3 -0.3 -0.3 -0.3 -0.3 -0.3 -0.3 -0.3 -0.3 -0.3 -0.3 -0.3 -0.3 -0.3 -0.3 -0.3 -0.3 -0.3 -0.3 -0.3 -0.3 -0.3 -0.3 -0.3 -0.3 -0.3 -0.3 20.8 28.6 31.5 35.7 43.1 61.4 76.9 88.3 87.7 97.1 105.8 103.9 96.1 78.3 73 68.4 69.8 65.4 70.1 75.1 70.1 70.1 45.6 30.8 29.4 19.5 17.6 15.6 11.8 16 12.4 12 10.8 -0.3 -0.3 -0.3 -0.3 -0.3 19.7 42.4 52.1 66.2 75.6 87.2 97.1 114.3 121 95.6 60.9 22.4 16.7 16.7 16.7 16.7
-0.3 -0.3 -0.3 -0.3 -0.3 -0.3 -0.3 -0.3 -0.3 -0.3 -0.3 -0.3 -0.3 -0.3 -0.3 -0.3 4.8 -0.3 -0.3 -0.3 -0.3 -0.3 -0.3 -0.3 -0.3 -0.3 -0.3 -0.3 -0.3 26.4 30.7 32.9 40.8 64.4 78.5 83.7 87.3 85.6 91.6 94.8 94.7 89.2 75.6 69.8 67.3 71 69.2 69 74.2 69 65.5 38.1 29.3 29.5 20.9 14.1 11.6 11.3 14.9 11.2 11.6 -0.3 -0.3 -0.3 -0.3 -0.3 -0.3 30.9 50 66 78.7 82.4 94.4 112.5 124.2 111 77.9 44.9 16.7 16.7 16.7 16.9 16.7
-0.3 -0.3 -0.3 -0.3 -0.3 -0.3 -0.3 -0.3 -0.3 -0.3 -0.3 -0.3 -0.3 -0.3 -0.3 -0.3 -0.3 -0.3 -0.3 -0.3 -0.3 -0.3 -0.3 -0.3 -0.3 -0.3 -0.3 -0.3 17.4 35 29.6 35.3 60.5 83.6 93.1 97.2 92.5 83.8 86.5 89.1 84.5 80.4 74.2 69 68.3 82.6 68.5 69.6 74.4 67.8 59.8 35.4 29.3 24.6 21.3 11.9 10.9 17 11.7 11.9 6.9 -0.3 -0.3 -0.3 -0.3 -0.3 23.6 42.4 56.1 77.7 82.3 83.8 99.7 117.7 117 94.3 62.1 29.9 16.7 16.7 16.7 16.9 16.7
-0.3 -0.3 -0.3 -0.3 -0.3 -0.3 -0.3 -0.3 -0.3 -0.3 -0.3 -0.3 -0.3 -0.3 -0.3 -0.3 -0.3 -0.3 -0.3 -0.3 -0.3 -0.3 -0.3 -0.3 -0.3 -0.3 -0.3 -0.3 20.4 25.5 29.7 47 80.3 92 102.7 101.8 92.2 83 83 85.1 86.9 78.5 73.2 67.2 75.6 80.2 64.9 69.7 71.6 62.2 46 30.6 28.1 21.6 13 11 10.5 13.1 11 11.9 5.2 -0.3 -0.3 -0.3 -0.3 -0.3 30.8 52.9 61.4 85.3 85.5 86.6 104.1 110.9 107.8 75.8 44.4 17.1 16.7 16.7 16.7 17.7 18.2
-0.3 -0.3 -0.3 -0.3 -0.3 -0.3 -0.3 -0.3 -0.3 -0.3 -0.3 -0.3 -0.3 -0.3 -0.3 -0.3 -0.3 -0.3 -0.3 -0.3 -0.3 -0.3 -0.3 -0.3 -0.3 -0.3 -0.3 6.7 11.1 21.7 36 70.2 90.8 101.6 104 96.8 86.3 80 80.2 79.7 86 74.2 68.8 67.8 85.4 77.5 63.7 69.6 60.6 47.7 38.6 29.6 25.6 14.4 12.3 13.1 10.7 11.4 11.1 9.9 1.9 -0.3 -0.3 -0.3 -0.3 19.5 45.6 64.7 79.6 88 86.4 88.9 104.1 107.3 89.7 33.3 29.1 16.7 16.7 16.7 18 19.8 28.8
-0.3 -0.3 -0.3 -0.3 -0.3 -0.3 -0.3 -0.3 -0.3 -0.3 -0.3 -0.3 -0.3 -0.3 -0.3 -0.3 -0.3 -0.3 -0.3 -0.3 -0.3 -0.3 -0.3 -0.3 -0.3 -0.3 -0.3 5.3 7.9 24.3 56 80.4 94.9 96.9 100.2 95.4 86.9 78.5 77.3 79.8 81.1 73.7 68.4 73 86.5 77.4 62.4 66.1 54.2 40.6 33 31.1 20.2 13.2 14 17 9 13.1 11.1 5 -0.3 -0.3 -0.3 -0.3 -0.3 29.5 58.1 73.1 85.3 85.5 86.3 98.1 103 106 66.7 39.7 18 16.7 16.7 17.1 19.1 28.2 44.7
-0.3 -0.3 -0.3 -0.3 -0.3 -0.3 -0.3 -0.3 -0.3 -0.3 -0.3 -0.3 -0.3 -0.3 -0.3 -0.3 -0.3 -0.3 -0.3 -0.3 -0.3 -0.3 -0.3 -0.3 -0.3 -0.3 1.2 6 17.8 45.9 77 87.5 89.3 98.6 96.4 91.3 84 76.6 74.3 75.3 75.1 72.3 67.2 80.7 86.7 79.3 61.2 63.5 46.1 34.9 29.8 31.2 15.2 13.5 19.1 18.5 7.6 9.8 13 -0.3 -0.3 -0.3 -0.3 -0.3 13.9 43.4 68.1 85.3 90 87.3 92.2 109.7 104.9 74.2 43.5 23 19.6 16.8 18.5 19 35.5 32.5 41.1
-0.3 -0.3 -0.3 -0.3 -0.3 -0.3 -0.3 -0.3 -0.3 -0.3 -0.3 -0.3 -0.3 -0.3 -0.3 -0.3 -0.3 -0.3 -0.3 -0.3 -0.3 -0.3 -0.3 -0.3 -0.3 -0.3 6.3 26 44.9 72.3 82.9 83.1 85.8 93.7 93 89.4 76 71.4 71.4 70.4 68.1 67.4 72.8 80.4 85.6 76 59.3 58.5 38.4 30.6 32.5 29 15.3 17.2 26.6 19.7 7.3 8.7 8 -0.3 -0.3 -0.3 -0.3 -0.3 25.8 53.3 75.9 90.7 92.9 96 111.8 113.9 84.9 57.9 30.9 20.2 22.2 17 21.2 24.9 36.9 33.3 31.3
-0.3 -0.3 -0.3 -0.3 -0.3 -0.3 -0.3 -0.3 -0.3 -0.3 -0.3 -0.3 -0.3 -0.3 -0.3 -0.3 -0.3 -0.3 -0.3 -0.3 -0.3 -0.3 -0.3 -0.3 -0.3 -0.3 6.6 38.4 62.9 79.5 89 80 80.6 86.3 90.1 86.3 72.6 65.8 67.9 60.6 61.9 63.1 72.5 80.5 86.9 72.8 53.9 52.1 32.8 28.6 35.2 20.3 16.2 31.1 31.4 14.1 6.3 7.2 3.7 -0.3 -0.3 -0.3 -0.3 -0.3 36.7 63.2 91.4 102.1 104.9 108.2 111.7 86.8 60.5 34.2 19.5 20 17.1 17 20 33.7 33.4 23.5 18.9
-0.3 -0.3 -0.3 -0.3 -0.3 -0.3 -0.3 -0.3 -0.3 -0.3 -0.3 -0.3 -0.3 -0.3 -0.3 -0.3 -0.3 -0.3 -0.3 -0.3 -0.3 -0.3 -0.3 -0.3 -0.3 2.9 27.7 56.2 68.5 88.1 88.8 74.7 74.3 84.1 87.8 88.2 74.4 63.3 58.3 55.5 55.3 61.7 72 80 88.5 71.8 53.1 45.7 28.6 27.5 29.9 19.8 25.1 37 24.1 8.3 6 5.7 -0.3 -0.3 -0.3 -0.3 -0.3 14.1 47.5 73.5 94.2 102 108 111.1 95.8 63.7 33.9 19.8 18.7 22.4 17 17.2 25.9 29.3 26.4 14 -0.3
-0.3 -0.3 -0.3 -0.3 -0.3 -0.3 -0.3 -0.3 -0.3 -0.3 -0.3 -0.3 -0.3 -0.3 -0.3 -0.3 -0.3 -0.3 -0.3 -0.3 -0.3 -0.3 -0.3 -0.3 1.4 7.3 31 58 73.8 84.1 78.4 71.3 72.9 86.3 90.4 88.4 77.1 61.8 57.7 53.9 53.6 59.6 69.7 83 87.7 68.5 53.3 36.2 28.3 24.8 22.5 23.5 30.7 30.9 17.1 6.6 6.4 4.8 -0.3 -0.3 -0.3 -0.3 -0.3 22.3 54.3 82.8 97.4 102.6 106 95.3 68 40.7 19.6 18.6 17.7 17.2 17 19.1 27.3 23.6 19.8 6.2 -0.3
-0.3 -0.3 -0.3 -0.3 -0.3 -0.3 -0.3 -0.3 -0.3 -0.3 -0.3 -0.3 -0.3 -0.3 -0.3 -0.3 -0.3 -0.3 -0.3 -0.3 -0.3 -0.3 -0.3 3.9 15.1 30.4 38.8 60.8 75.5 84 70.9 75 75 86 91.3 86.5 68.4 62.3 58.1 54.1 54.1 59.8 69.5 84.1 81.1 65.1 51.5 32.9 26.1 20.6 20.8 27.3 32.9 21.2 6.5 6.5 7.1 -0.3 -0.3 -0.3 -0.3 -0.3 -0.3 27.1 55.6 80.4 97.4 105.4 99.3 70.4 45.7 22.5 17.7 17.5 19.7 17.5 17.3 23.1 21.5 17.7 5.8 -0.3 -0.3
-0.3 -0.3 -0.3 -0.3 -0.3 -0.3 -0.3 -0.3 -0.3 -0.3 -0.3 -0.3 -0.3 -0.3 -0.3 -0.3 -0.3 -0.3 -0.3 -0.3 -0.3 -0.3 2.4 9.6 31.5 59.9 60.5 48.9 72.2 69.5 75.1 71.8 73.2 82.8 92.3 81.6 62.7 56.8 54.6 51.7 58.4 59.2 73 85.2 73 61.4 46.4 28.5 23.3 17.1 22.3 27.8 28.3 6 5.4 11 9 -0.3 -0.3 -0.3 -0.3 -0.3 4 32.9 57.9 80.7 100.2 94.6 74.3 44.9 28 18 17.9 18.2 18.9 17.5 18 20.4 14.5 8.3 0.4 -0.3 -0.3
-0.3 -0.3 -0.3 -0.3 -0.3 -0.3 -0.3 -0.3 -0.3 -0.3 -0.3 -0.3 -0.3 -0.3 -0.3 -0.3 -0.3 -0.3 -0.3 -0.3 -0.3 0.4 6.7 27 55.1 76 61.4 50.2 61.1 77.5 76 73.4 74.8 89 91.8 66.7 57.7 54.3 52.1 51.8 58.3 60.5 74.7 76.1 70.6 57.7 40.1 23.9 15.5 15.4 21.7 26.2 15.8 4.7 6.6 13 3.7 -0.3 -0.3 -0.3 -0.3 -0.3 8.1 36.9 60.3 74.5 77.8 64.3 48.7 26.5 20.3 17.7 17.7 18.8 21.5 18.4 18.6 11.6 9.4 -0.3 -0.3 -0.3 -0.3
-0.3 -0.3 -0.3 -0.3 -0.3 -0.3 -0.3 -0.3 -0.3 -0.3 -0.3 -0.3 -0.3 -0.3 -0.3 -0.3 -0.3 -0.3 -0.3 -0.3 -0.3 4.3 21.2 49.4 56.4 70.7 59.1 49.3 55.5 75.2 81.8 86.1 82.3 89.6 85.5 61.1 52.7 49.2 48.9 51.2 58.1 67.3 70.1 70.5 62.9 46.7 34.5 19.7 11.7 14.6 21.5 21.3 4 4.1 11.1 11.5 -0.3 -0.3 -0.3 -0.3 -0.3 -0.3 16.7 40.3 58.8 65.6 57.3 40.9 21.8 18.8 17.5 18.1 20 20.9 19.8 13.7 9.8 6.2 3.1 -0.3 -0.3 -0.3 -0.3
-0.3 -0.3 -0.3 -0.3 -0.3 -0.3 -0.3 -0.3 -0.3 -0.3 -0.3 -0.3 -0.3 -0.3 -0.3 -0.3 -0.3 -0.3 -0.3 -0.3 1 9.4 35.6 53 66.1 65.2 56.4 48.7 55.2 69.8 84.7 93.7 87.4 95.6 78.8 56 49.1 45.7 49.5 49.4 54.2 67.2 64.4 62.9 52.2 39 29.4 18.8 11.1 12.8 20.1 15.7 3.8 5.2 12.9 5.5 -0.3 -0.3 -0.3 -0.3 -0.3 -0.3 18.7 37.2 43 40.3 34 19.3 20.4 17.5 17.6 18.1 24.7 21.7 16.5 6.7 6.6 2.3 -0.3 -0.3 -0.3 -0.3 -0.3
-0.3 -0.3 -0.3 -0.3 -0.3 -0.3 -0.3 -0.3 -0.3 -0.3 -0.3 -0.3 -0.3 -0.3 -0.3 -0.3 -0.3 -0.3 -0.3 -0.3 2 12.6 37 53.3 65.1 59.1 52.8 48.7 56.3 69.5 85.7 98.6 96.7 95 74.3 53.8 46.2 45.4 48 47.4 58.4 63.9 57 54.2 43.2 34.3 23.6 16.6 7.4 8.1 12.2 12.1 2.6 8.8 10.7 -0.3 -0.3 -0.3 -0.3 -0.3 -0.3 5.5 18.4 28.5 27.3 23.4 21 21.6 19.5 17.5 19.2 23.2 23.7 21 5.4 3.7 -0.3 -0.3 -0.3 -0.3 -0.3 -0.3 -0.3
-0.3 -0.3 -0.3 -0.3 -0.3 -0.3 -0.3 -0.3 -0.3 -0.3 -0.3 -0.3 -0.3 -0.3 -0.3 -0.3 -0.3 -0.3 -0.3 -0.3 1.4 25.6 40.9 56.4 60.5 54.8 55.2 48.7 55.6 72.8 88.9 101.2 97.8 85.3 64.4 51.1 45.7 45.1 46.7 48.2 60.6 58.7 59.2 48.6 41.4 26.9 19 10.6 4.6 5.6 7.2 2.7 2.7 9.3 9.6 -0.3 -0.3 -0.3 -0.3 -0.3 5.2 15.4 32.2 31.3 22.6 22.9 26.3 27.1 17.3 17.7 19.4 26.2 23 9 3.4 -0.3 -0.3 -0.3 -0.3 -0.3 -0.3 -0.3 -0.3
-0.3 -0.3 -0.3 -0.3 -0.3 -0.3 -0.3 -0.3 -0.3 -0.3 -0.3 -0.3 -0.3 -0.3 -0.3 -0.3 -0.3 -0.3 -0.3 -0.3 7.5 29.7 48.9 64.3 54.6 55 70.9 54.6 55.8 71.8 95 109.7 94.5 73 60.8 50.1 44.8 44.2 44.7 55 57.4 58.7 54 46.7 39.7 19.3 21.3 6.7 2.8 2.6 1.3 1.2 3.9 8.4 4.8 -0.3 -0.3 -0.3 -0.3 17 24.1 25.7 32.4 22.5 22.3 24.2 30.8 17.5 17.4 21.1 28.4 27.4 20.4 3.5 2 -0.3 -0.3 -0.3 -0.3 -0.3 -0.3 -0.3 -0.3
-0.3 -0.3 -0.3 -0.3 -0.3 -0.3 -0.3 -0.3 -0.3 -0.3 -0.3 -0.3 -0.3 -0.3 -0.3 -0.3 -0.3 -0.3 -0.3 -0.3 18.5 31.4 52.7 53.5 58.3 66.7 79.5 53.2 57.8 69.3 101.3 103.8 86.2 66.3 57.7 49.4 44.4 43.7 46.2 55.2 58.1 53.9 49.5 46.5 31.9 14.2 21.4 3.1 1.3 1 1.3 2 2.6 5.4 -0.3 -0.3 -0.3 -0.3 4.4 19.6 29.4 35.2 24 21.5 22.4 32 20.6 18.2 20.1 25.2 31.7 30 9.1 5 2.4 -0.3 -0.3 -0.3 -0.3 -0.3 -0.3 -0.3 -0.3
-0.3 -0.3 -0.3 -0.3 -0.3 -0.3 -0.3 -0.3 -0.3 -0.3 -0.3 -0.3 -0.3 -0.3 -0.3 -0.3 -0.3 -0.3 -0.3 19.1 22.2 46.8 59.3 61.8 72.2 80 77.8 55 52.2 69.2 104.2 90.7 74.8 62.7 56.1 47.2 43.3 44.4 56.2 56 52.8 49.1 45.9 44.4 26.5 12.6 12.3 1.7 0.9 0.3 -0.3 -0.3 -0.3 -0.3 -0.3 -0.3 -0.3 -0.3 6.6 21.8 32.4 26.5 22.2 23 34.7 22.9 17.4 19.2 23 36 28.7 16.4 7.7 3.3 -0.3 -0.3 -0.3 -0.3 -0.3 -0.3 -0.3 -0.3 -0.3
-0.3 -0.3 -0.3 -0.3 -0.3 -0.3 -0.3 -0.3 -0.3 -0.3 -0.3 -0.3 -0.3 -0.3 -0.3 -0.3 -0.3 -0.3 8.2 14.6 33.5 52.2 61.1 70.6 73.3 70.6 66.7 62.9 53.8 77.3 96.6 79.3 60.5 66.9 53.6 45 43.8 49.3 54 52.1 50.5 48.9 44.7 35.3 13.5 13.6 5.6 3.8 1.3 -0.3 -0.3 -0.3 -0.3 -0.3 -0.3 -0.3 -0.3 -0.3 8.6 23.8 21.7 20.8 21.8 31 29.9 17.5 17.4 27.2 33 34.9 23.9 14.6 9.3 3 -0.3 -0.3 -0.3 -0.3 -0.3 -0.3 -0.3 -0.3 -0.3
-0.3 -0.3 -0.3 -0.3 -0.3 -0.3 -0.3 -0.3 -0.3 -0.3 -0.3 -0.3 -0.3 -0.3 -0.3 -0.3 -0.3 5.4 9.5 22.8 38.6 47.9 67.4 69.1 66.5 64.6 60.6 62.2 73.1 77.4 86.3 68.5 56.7 63.9 48.2 41.5 45.8 49.4 50.8 49.8 49.3 44.3 38.5 26.2 8.9 4.5 15.8 -0.3 -0.3 -0.3 -0.3 -0.3 -0.3 -0.3 -0.3 -0.3 -0.3 -0.3 12.1 21.6 18.5 17.7 29.6 33.8 20.6 17.4 28.3 29.1 42.3 38.5 17.4 14.1 6.3 -0.3 -0.3 -0.3 -0.3 -0.3 -0.3 -0.3 -0.3 -0.3 -0.3
-0.3 -0.3 -0.3 -0.3 -0.3 -0.3 -0.3 -0.3 -0.3 -0.3 -0.3 -0.3 -0.3 -0.3 -0.3 4 7.3 8.5 15.9 26.2 35.9 49 52.8 58.7 58.5 57.4 60.1 66.7 79.4 72.3 74.8 56.5 59.1 56.9 43 40.6 44.9 47.5 46.2 47.4 43.4 45.3 35 20.4 5.3 4.9 11.5 -0.3 -0.3 -0.3 -0.3 -0.3 -0.3 -0.3 -0.3 -0.3 -0.3 8.1 14.3 14.7 15.7 22.1 35.4 27.9 17.5 17.4 36.3 37.6 45.9 33.2 17.7 7 2.9 -0.3 -0.3 -0.3 -0.3 -0.3 -0.3 -0.3 -0.3 -0.3 -0.3
