data/170000-840000.asc
ncols 200
nrows 200
xllcorner 170000
yllcorner 840000
cellsize 50
[rows 105 to 139 of 200, columns 0 to 79 of 200]
-2.2 -2.2 -2.2 -2.2 -2.2 -2.2 -2.2 -2.2 -2.2 -2.2 -2.2 -2.2 -2.2 -2.2 -2.2 -2.2 -2.2 -2.2 -2 -1 -0.3 -2.2 -2.2 -2.2 -1 0.4 1.5 2 8.1 16 29.7 38.1 39.4 44.6 50.7 54.7 56.7 64.9 69.5 77 84.3 88.8 89.8 91.6 98.2 105.6 111.9 120.9 129.6 134 139.7 149.8 154.2 158.1 159.5 162.4 166.5 179.8 193.5 201.3 206.3 206.4 207.7 210.5 212.2 220.2 228.2 239.9 246.2 249.2 246.1 243.5 240.1 236.4 232.8 226.8 221.2 217.9 213.3 205.9
-2.2 -2.2 -2.2 -2.2 -2.2 -2.2 -2.2 -2.2 -2.2 -2.2 -2.2 -2.2 -2.2 -2.2 -2.2 -2.2 -2.2 -2.2 -1.6 -0.6 0.4 -0.2 -2.2 -2 -0.7 0.7 2 7.6 23.1 32 31.5 40.1 43.9 47.7 53 58.7 62.8 69.7 75.3 82.8 88.2 92 93.5 97.1 101.5 109.9 119.2 130.4 137.7 145.9 154.5 162.7 163.5 164.1 165.1 167.4 174.3 187.3 200 205.8 204.8 209.3 213.5 216.3 219.2 228.2 245 256.8 257.5 257.8 256.4 251 246.6 242.2 240.4 233.6 229.1 228.9 224.9 220.4
-2.2 -2.2 -2.2 -2.2 -2.2 -2.2 -2.2 -2.2 -2.2 -2.2 -2.2 -2.2 -2.2 -2.2 -2.2 -2.2 -2.2 -2.2 -1.3 -0.2 0.8 1.6 -0.2 -1.5 1.1 2.2 7.6 14.4 26.4 36.2 38.8 41.7 47.3 51.6 56.5 62.4 68.3 74.8 83.9 91.2 93.1 95 96.2 101.7 106 112.9 128.8 138.9 149.2 159 170.7 171.7 171.7 171.9 171.5 175.4 183.5 192.7 199.1 205.9 210.5 215.1 219.7 222.1 227.3 245.4 259.4 263 262.8 265 265.2 259.4 253.6 252.1 247 239.2 237.5 235.6 232.7 228.8
-2.2 -2.2 -2.2 -2.2 -2.2 -2.2 -2.2 -2.2 -2.2 -2.2 -2.2 -2.2 -2.2 -2.2 -2.2 -2.2 -2.2 -2.2 -2.2 -0.1 1.1 2.2 4.3 4.3 5.4 8.7 20.6 29.4 21.9 30.2 35.4 44.4 49.5 55.4 61.1 64.2 72.6 81.1 93.9 100.1 101.3 99.1 103.8 108.7 113.5 118.3 127.9 135.5 147.5 157 171.8 176.8 177.5 178.6 180 183.1 189 195.2 202.7 209.9 217.7 223.1 224.8 228.9 242.1 263.3 266.9 266.4 267.2 269.6 271.9 267.3 259.7 255.6 250.8 249.3 246.3 242.9 239.8 235.4
-2.2 -2.2 -2.2 -2.2 -2.2 -2.2 -2.2 -2.2 -2.2 -2.2 -2.2 -2.2 -2.2 -2.2 -2.2 -2.2 -2.2 -2.2 -2.2 -0.2 1.7 4.1 5.9 17.3 15.6 16.1 26.8 31 33 38.7 44.6 45.6 53.7 56.9 62.7 68.4 83.5 91.2 98.5 107.2 109.8 111.5 115.7 125.5 126 129.2 135.2 143 154.3 166 174.1 180.3 181.7 184.6 188.3 189 191.9 197.7 204 209.7 217.6 223.2 227.6 242.6 261.1 267.3 272.2 273.7 278.2 281.2 276.9 272 264.6 258.8 256.8 259.1 257.5 253.6 249.1 242.1
-2.2 -2.2 -2.2 -2.2 -2.2 -2.2 -2.2 -2.2 -2.2 -2.2 -2.2 -2.2 -2.2 -2.2 -2.2 -2.2 -2.2 -2.2 -2.2 0 2.4 13.8 25 28.3 25 21.9 20.8 25.3 38.1 43.3 48.4 52.6 54.1 65.3 76.8 83 94.1 97.2 102.1 107.7 116 122.4 125.1 133.1 141.2 142.9 148.6 154.8 167 175 180.5 183 184.5 188.2 191.8 195.6 197.7 202.2 206.7 209.7 218.3 228.1 237.2 260.5 267.2 271.8 276.8 282.5 288.1 290 283.9 275.7 269.2 266.7 267.2 267.3 265.9 260.1 256.3 251.4
-2.2 -2.2 -2.2 -2.2 -2.2 -2.2 -2.2 -2.2 -2.2 -2.2 -2.2 -2.2 -2.2 -2.2 -2.2 -2.2 -2.2 -2.2 -2.2 0.2 5.2 28.8 29.8 30.4 31.9 30.8 30.4 28.7 36.9 47.9 60 65.5 65.7 75.7 82.3 88.8 95.2 101.2 103.7 109.5 118.5 123.3 128.5 135.8 145.8 152.2 160.7 167 172.7 184.3 187.7 187.5 189.3 192.9 197.8 201.4 206.5 211 214.1 217.7 225.6 240.8 259.6 267.8 273.8 278.5 283 289.6 292.5 293.3 288.3 279.3 275.8 277.4 278 276.7 272.6 268.2 263.4 260
-2.2 -2.2 -2.2 -2.2 -2.2 -2.2 -2.2 -2.2 -2.2 -2.2 -2.2 -2.2 -2.2 -2.2 -2.2 -2.2 -2.2 -2.2 -2.2 0.7 11.4 27 33.8 34.2 32.4 33.6 32 32.8 35.8 48.6 62.8 73 76 80.2 84.8 90.6 96.8 102.1 106.7 110.1 117.1 124.3 130.9 140 149.9 159.9 171.5 178.5 185.9 190.3 191.6 194.1 197.3 201.8 206.5 211.8 216.2 217.6 222.2 230.8 248.7 264.5 269.8 273.1 278.6 280.4 285.7 292.6 296.2 294.2 289.8 284.4 283.3 284.4 282.6 282 277.1 272.2 268.2 265.5
-2.2 -2.2 -2.2 -2.2 -2.2 -2.2 -2.2 -2.2 -2.2 -2.2 -2.2 -2.2 -2.2 -2.2 -2.2 -2.2 -2.2 -2.2 -2.2 1.9 24 32.1 34.2 40.3 36.5 35.9 33.6 34.5 37.9 50.8 62.9 74.6 81 83.9 89 93.7 99 106.3 110.6 115.6 120.8 123.9 129.5 136.7 152.8 169.3 183 192.2 204.5 206.1 204.7 206.5 210.9 214 218.9 222.3 224.2 226.6 235.8 259.1 266.4 272.1 276.6 277.5 279.2 283.4 287.7 290.9 294.3 296 291.2 291.9 289.4 288.8 287.8 289 282.5 277 272.1 270.6
-2.2 -2.2 -2.2 -2.2 -2.2 -2.2 -2.2 -2.2 -2.2 -2.2 -2.2 -2.2 -2.2 -2.2 -2.2 -2.2 -2.2 -2.2 -2.2 5.1 32.2 33.7 35.7 39.8 41.5 39.1 34.9 37.6 39.6 54.6 66.9 78.3 83.9 89.2 93.8 98.6 104.7 110.4 114.5 119.7 122.4 126 131 135.3 152.7 176.1 194.1 206.5 216.4 225.8 232.4 241.8 243.5 250.6 247.1 240.6 238.5 246.8 262.7 267.2 271.1 274.1 274.9 278.8 281.7 285.4 290.6 295.4 296.9 300 300.3 298.6 295.7 292.8 289.9 290.4 289.8 282.3 275.1 273.8
-2.2 -2.2 -2.2 -2.2 -2.2 -2.2 -2.2 -2.2 -2.2 -2.2 -2.2 -2.2 -2.2 -2.2 -2.2 -2.2 -2.2 -2.2 1.3 18 33.7 37 40.1 42.7 41.5 40.1 38.3 38.6 43.1 58.2 70.3 80 90.6 95.4 102.4 106.6 110.9 116.3 117.7 120.9 125 129.1 134.3 139.4 150 183.6 207 221.2 225.6 232 238.4 246.8 251.1 259.6 268 268.9 271.4 276.2 277.6 276.8 278.4 274.1 275.6 280.5 285.7 294 300.7 301.5 301.3 302.3 302.7 304.2 303.5 298.5 295 293.2 292.1 289.3 280.4 280.2
-2.2 -2.2 -2.2 -2.2 -2.2 -2.2 -2.2 -2.2 -2.2 -2.2 -2.2 -2.2 -2.2 -2.2 -2.2 -2.2 -2.2 -2.2 3.4 23.4 34.6 38.6 44.5 45.9 43.7 41.2 39.4 40.9 46.9 59.4 77.4 86.7 93.6 101.5 110.1 115.6 120.8 121.8 122.7 124.4 128.2 134 140 148.9 171.9 196.4 216 226.7 234.2 240.3 247.3 252.3 257.7 263.6 269.3 274 278.9 282.5 285.7 285.1 287.3 290.4 290.5 291.1 296.1 303 305.2 306.3 306.2 305.1 306.6 308.8 311.9 304.9 299.6 297.4 296.3 294.8 288.8 283
-2.2 -2.2 -2.2 -2.2 -2.2 -2.2 -2.2 -2.2 -2.2 -2.2 -2.2 -2.2 -2.2 -2.2 -2.2 -2.2 -2.2 1.3 12 29.3 40.5 39.6 48.6 51.6 46.8 44.5 42.7 44.1 52.6 64 80.9 92.7 97.3 103.9 111.5 119.8 122.3 125.6 126.1 128.7 132.8 140.1 148.2 164 188 208.4 222.2 233.1 240.2 247.2 254 258.1 261.9 268.9 270.6 276.4 284 287.8 290.3 290.8 293.1 299.5 300.2 304.8 312.2 314 310.9 310.1 309.4 308.9 308.7 310 309 308.6 304.5 301.5 300.5 298.8 293.7 288.9
-2.2 -2.2 -2.2 -2.2 -2.2 -2.2 -2.2 -2.2 -2.2 -2.2 -2.2 -2.2 -2.2 -2.2 -2.2 -2.2 -2.2 3.5 24.5 33.5 40.9 42.2 50 49.5 51.7 48 45.5 47.5 57.5 67.5 79.6 97.5 102.1 107.2 112 118.6 126.8 129.8 129.8 133.9 140 146.9 155.3 177.1 204 218.8 230.9 241.7 245.3 250.9 260.4 259.3 262.9 270.6 274.6 280.7 288.9 292 294 295.9 299.3 302.4 305.1 310.3 317.8 320.2 316.7 313 310 310.7 309.8 310.1 309 309.1 307 305.6 305.6 301.6 295.9 291.2
-2.2 -2.2 -2.2 -2.2 -2.2 -2.2 -2.2 -2.2 -2.2 -2.2 -2.2 -2.2 -2.2 -2.2 -2.2 -2.2 1.9 15.3 28.3 35.5 40.9 44.9 48.5 50.7 52.9 51.3 48.1 50.3 61.5 71 80.8 93.6 104.4 112.1 119 124.5 129.8 133.2 136 141.5 145.3 154.6 167.3 189.8 213.1 226 236.8 245.4 246.9 249.7 257 259.1 263.8 269.2 276.3 283.8 291.4 296.4 298 299.9 301.2 305.3 308.6 314.2 319.9 319 319.6 317.2 315.5 313.2 312.3 312.9 311.6 310.9 311.8 312.7 309.2 304.9 298.5 295.8
-2.2 -2.2 -2.2 -2.2 -2.2 -2.2 -2.2 -2.2 -2.2 -2.2 -2.2 -2.2 -2.2 -2.2 -2.2 -2.2 7.3 24.7 29.1 34.4 40.2 41.8 44.2 49.5 51.4 53.9 49.2 53.8 65.2 73.6 79.3 88.8 103.1 120.8 125.5 134 139.2 141.7 145.5 151.9 150.7 162.6 177.5 204.1 222.2 230 237.7 243.4 247 250.6 259 260.4 269.5 270.7 279.2 286.4 293.8 299 299 300.3 301.7 306.3 309.4 314.3 318.9 319 319.2 320 320.4 317.2 315.6 315.6 314.8 317.8 320.4 321 316.1 308.8 309.6 304.9
-2.2 -2.2 -2.2 -2.2 -2.2 -2.2 -2.2 -2.2 -2.2 -2.2 -2.2 -2.2 -2.2 -2.2 1.8 6.9 14 25.9 29.4 32.3 40.5 40.8 40.2 46.6 49.2 54 50.1 55 65.7 71.1 77 84.3 99 124.5 132.4 141.4 147.9 151.4 160.1 160.1 162.3 169.6 190.2 214.4 228 235.2 241.1 244.5 247.1 251.2 257.5 263 271.8 275.3 282.6 288.5 294.5 299.2 300.2 300.6 302.8 306.2 310.5 317.1 318.9 318.9 318.9 320.7 321.1 321.2 319.5 319.2 319.5 319.1 321 321.8 322.3 314.4 309.2 310
-2.2 -2.2 -2.2 -2.2 -2.2 -2.2 -2.2 -2.2 -2.2 -2.2 -2.2 -2.2 -2.2 2.1 8.8 11.5 16.5 27.5 30.4 34.8 39.2 39.2 39.1 45.9 50.7 55.1 54.7 57.4 63.4 69.4 74.5 81.2 93.2 115 137.6 149.7 154.3 159.7 164 162.6 166.3 173.8 199.5 219.4 231 237.2 242.3 244.5 246.2 251.8 258.8 267.7 273.3 278.2 286.3 292.1 296.7 298.8 299.4 299.9 302.9 306.3 313.3 320.5 319.9 319.6 319.3 321.5 323.2 324.8 323.6 320.7 319.9 320.5 322.6 326.6 326.5 321.7 313.6 312.9
-2.2 -2.2 -2.2 -2.2 -2.2 -2.2 -2.2 -2.2 -2.2 -2.2 -2.2 -2.2 -2.2 4.2 11.1 13.3 19.5 26.7 36.4 39.3 39.6 40.6 42.3 50.9 51.8 57.1 60.2 59.2 61.3 68.4 78 85.7 94.1 101.6 124.9 142.9 156.3 163.6 167.4 170.6 173.9 183.1 202.3 219.9 232.1 239.7 240.2 243.9 248.1 253.9 261.2 266.6 272.3 279.1 288.3 292.4 295.2 297.1 297.3 299.5 304 307.8 314.9 320.8 322.5 323.2 323.4 325.7 325 324.6 324.7 324.4 322.5 324.1 327.2 330.4 328.8 327.3 321.2 314.9
-2.2 -2.2 -2.2 -2.2 -2.2 -2.2 -2.2 -2.2 -2.2 -2.2 -2.2 -2.2 -2.2 8.3 12.5 13 18.7 26.8 39.5 41 40.4 42.2 46.3 50.4 55.2 60.4 66.9 62.4 59.3 69.2 76.4 90.8 98.2 112.8 122.2 136.3 147.5 159.3 171.2 171 181.3 195.2 209.5 221.7 232.2 237.8 239 244.5 250.4 258.4 260.9 264.9 270.5 279.5 288.8 290.5 293.5 294.8 295.9 298 303.5 308.3 314.6 319.9 323.9 324.8 324.6 324.8 324.6 324.6 325.2 327.4 327 329.6 331.3 332.9 330.8 329.7 327.7 320.1
-2.2 -2.2 -2.2 -2.2 -2.2 -2.2 -2.2 -2.2 -2.2 -2.2 -2.2 -2.2 -2.2 10.5 12.5 12.7 21 28.5 38.4 42.9 41.9 44.3 48 52.1 57.8 66.5 70.9 69.5 59.1 69.1 80.5 93.7 109.5 121.9 137.3 148.4 160.5 162.8 170.6 172.4 188.8 201.2 212.3 224.1 230.8 234 240.5 245 250.6 258.2 259.2 265.6 272.3 283 287.3 289.2 291.4 293.4 296.3 298.8 302.8 309.5 316.6 321.6 325.1 325.2 325.3 327.4 326.4 324.6 326.1 328.5 328.8 330.3 335.6 338.5 332.7 331.1 329 325.9
-2.2 -2.2 -2.2 -2.2 -2.2 -2.2 -2.2 -2.2 -2.2 -2.2 -2.2 -2.2 1.9 12.9 12.5 12.5 17.7 24.3 30.6 36 41.1 45.6 49.9 54.5 59.7 70.3 79.8 72.9 66.5 70.9 81.3 98.6 126.1 140.7 153.7 158.7 172.5 178.3 183.9 186 185.7 199.5 217.8 224.8 229.7 235.2 240.6 246.4 253 260.8 265.2 270.3 275.3 282.7 287.1 290.3 292.6 294.7 300.5 304 307.4 314 320.6 322.7 325.3 325.7 326.2 330.1 326.6 328 330.5 330.6 329.7 331.1 333 336.5 332.9 332 327.1 325.8
-2.2 -2.2 -2.2 -2.2 -2.2 -2.2 -2.2 -2.2 -2.2 -2.2 -2.2 -2.2 9.9 12.5 12.5 12.5 12.5 19.3 25.4 31.2 38 44.8 52.4 57.3 61.7 66.3 72.2 68.8 69 79.2 83.1 100.3 133.8 160.5 172.4 180.8 188.1 189.6 191.7 195.5 201.1 205.4 215.3 224.3 231.3 236.7 241.5 248.8 256.2 262.6 267.3 272.8 278.6 283.8 287.6 291.4 294.5 296.2 304.7 304.7 309.6 317.2 320.9 324.4 326.5 326.7 328.8 329 328.5 331.5 334.6 331.7 331 330.1 330.8 332.9 333.2 333.1 328.2 326.4
-2.2 -2.2 -2.2 -2.2 -2.2 -2.2 -2.2 -2.2 -2.2 -2.2 -2.2 -2.2 10.1 12.5 12.5 12.5 12.5 16.1 22.2 28.4 35.1 44.1 53.8 60.3 61.9 67.6 70.2 69 72.7 81 87.3 108.6 143.7 168.5 182.4 191.6 198.1 204 203.7 204 208 215.9 218.6 226 233.4 239.5 245.6 251.7 256.1 261.4 267.7 275.6 281.8 284.8 288.5 291.9 295.9 300 304.2 303.5 310.6 317.2 318.9 321.8 326.3 327.6 329.6 330.5 329.7 333.6 335.8 331.5 331 329.5 330.3 331.6 329.9 328.7 326.4 328.6
-2.2 -2.2 -2.2 -2.2 -2.2 -2.2 -2.2 -2.2 -2.2 -2.2 -2.2 1.4 13.6 12.5 12.5 12.5 12.5 16.6 21.7 28.1 35.9 45 53.9 59.3 60.9 66.5 69.9 69 72 82.3 95.2 124.4 151.4 175.1 189.1 196.3 202.7 209.5 210.9 210.1 212.9 222.4 225.6 232.7 237.9 241.9 248.4 252.2 256.2 261 269.1 277.5 283.8 284.8 287.3 290.9 295.8 301.3 304.1 304.8 310.6 314.7 318.6 319.7 322.3 322.7 330.3 329.8 329.8 332 334.2 330.6 329.9 328.5 327.5 330 329.5 325.8 325.8 329.2
-2.2 -2.2 -2.2 -2.2 -2.2 -2.2 -2.2 -2.2 -2.2 -2.2 -2.2 4.8 14.4 12.5 12.5 12.5 13.7 18.1 22.5 28.5 37.2 44.1 56.3 60.3 62 67.3 70 69.2 75.9 90.2 110.1 134.5 163.3 182.2 194.4 199.5 206.5 210.4 211.2 216.2 222.4 227.9 231.1 239.5 244 247.3 249.8 252.8 257.8 263 272.6 279.9 283.3 283 286.1 292.2 296.8 301.8 304.1 304.9 308.3 312.2 317.2 320 320.3 321 326.5 328.2 329 329.6 329.8 329.5 330.3 331.1 327.1 329.2 330.6 325.8 330.7 329.9
-2.2 -2.2 -2.2 -2.2 -2.2 -2.2 -2.2 -2.2 -2.2 -2.2 -2.2 11.1 16.9 12.5 12.5 12.5 14.3 20 25.3 31.6 40.1 48.5 58.7 63.7 67 70.7 70.9 71 75.8 92.7 118 142.9 169.4 186 199.8 205.1 210.6 209.3 213 221.6 230.8 234.2 238.2 242.6 247.9 250.5 255.7 257.9 260.2 266.2 275.4 281.5 285.9 283 289.4 293.8 298.2 302.7 303.2 304.2 307.7 311.2 313.7 316.3 318.9 323.8 325.7 326.8 327.9 326.8 328.9 329 329.9 328.5 327.5 329.2 325.8 325.8 332.5 336.6
-2.2 -2.2 -2.2 -2.2 -2.2 -2.2 -2.2 -2.2 -2.2 -2.2 1.1 16.4 18.4 12.7 12.5 13.7 18.2 25 30.4 37.1 45.4 54.7 66.3 72.8 77.5 76.4 74.6 73.3 78.5 87.4 115.2 149.4 165.8 181.6 200 207.7 209.6 211 217.3 227.7 237.3 241.2 244.2 247.5 249.8 255.2 259.8 259.1 261.2 266.7 274.5 281 283.9 283 289.4 293.7 299.7 302.7 303.5 304.9 308.6 311.5 314.1 316.2 319.8 324.2 326 327.3 327.5 325.8 328.6 326.6 326.6 327.8 328.1 329.4 325.8 327.5 333.8 338.2
-2.2 -2.2 -2.2 -2.2 -2.2 -2.2 -2.2 -2.2 -2.2 -2.2 1.2 20.9 21.9 20.5 16.4 16.9 22.7 30 38 44.9 53.9 63.8 76 86.8 93.2 89.9 79 77.9 78 85.1 113.3 151.6 172.7 185.8 193.4 202 210.3 214.1 222.7 235.9 240.6 244.6 248.4 250.8 255.3 260.3 259.1 259.7 262.6 268.6 273.7 284.3 283 283.5 288.3 293.6 300.9 304.2 305.9 305.8 309.1 311.9 313.5 317 320.7 324.4 328.5 327.2 327.2 325.8 326.6 326.8 326.8 330.9 330 330 329.4 330 335 338.4
-2.2 -2.2 -2.2 -2.2 -2.2 -2.2 -2.2 -2.2 -2.2 -2.2 1.3 20.8 27.5 27.3 20.8 19.8 25.8 35.6 44 51.6 60.3 70.5 82.8 92.9 101.5 100.8 85.3 78.2 79 84.3 115.2 151.7 177.6 193.3 200.9 205.4 210.2 216 227 239.8 244.8 247.4 250.7 254.6 260.3 259.1 259.4 262 265.9 272.4 280.4 283 283 284.7 287.7 291.8 300.3 305 307 305.3 307.1 310.8 313.7 316.6 319.8 323.8 326 326.5 325.8 327.3 326.6 331.5 331 331.9 332.5 332.9 331.9 333.4 337.8 339.5
-2.2 -2.2 -2.2 -2.2 -2.2 -2.2 -2.2 -2.2 -2.2 -2.2 6.4 24 31.2 29 24 23.2 31.2 40.4 49.1 55.1 64 75.5 86.4 96.4 108.2 110.7 91.2 80 81.3 91.1 114.9 146.4 180.3 189.8 199.6 211.2 213 220.7 230.7 242.5 249.2 253.1 254.8 257.3 260.1 260.1 261.6 264 268.2 276 282.4 283.1 283 286 288.9 292.9 298.1 303.4 305 302.3 302.3 308.2 312.1 316.4 319.4 320.6 323.9 326.2 325.8 329.3 328.5 330.9 333.2 334.1 336 339.1 339.2 338.1 342.6 343
-2.2 -2.2 -2.2 -2.2 -2.2 -2.2 -2.2 -2.2 -2.2 2 27.2 29.9 38.3 32.5 25.8 26.7 34.6 42.6 50.3 57.8 68.2 78.6 88.8 99.9 109.9 109.4 87 79.2 82.4 91.4 118.6 151.7 180.1 187.8 201.3 209.5 216.2 225.2 235.8 246.8 256.2 260.6 259.6 259.4 260.7 262.8 264.3 266.3 270.4 277.9 281.5 283.8 286.2 289.2 290 295.6 300.1 302.5 303.2 302.3 303.1 308.9 318.1 316.9 319 321.5 325.8 327.1 326.8 331.1 329.5 336.3 336 337 339.3 343.6 344.3 344.4 346.4 347.1
-2.2 -2.2 -2.2 -2.2 -2.2 -2.2 -2.2 -2.2 -2.2 22.7 32.8 38 42.3 31.4 27.8 30.8 36.8 43.9 51.2 59.1 68.6 79 89.8 99.9 107.2 97.2 79.3 80.5 85.6 97 123.2 158 192.1 199.9 207 213.3 218.3 228.7 240.7 251.3 258.9 264 261 260.4 263.2 266.3 267.3 268.8 275.5 280.4 283 287 289.5 289.4 292.1 296.8 301.7 303.8 302.3 302.3 304.3 311 318.1 315.5 317.8 321.7 325.6 326.6 328.6 334.4 334.2 339.6 338.8 340.2 342.6 346.8 346.4 346 347.4 349.7
-2.2 -2.2 -2.2 -2.2 -2.2 -2.2 -2.2 -2.2 5.2 30.1 37.6 39.6 43.4 29 28.2 31.8 40.7 46.3 53.1 60 67.5 76.6 86 95.1 99.9 87.4 78.5 79.9 85.6 101.7 133.2 164.5 195 209.2 215.5 218.4 225.1 232.1 243.8 256 261.7 262.2 259.2 262.3 266.7 269.2 270.5 272.2 275.6 280 285.3 290 290.8 290.8 293.3 297.2 302.1 304.7 302.3 302.3 303.5 312.3 312.1 313.1 316.7 322.9 324.2 324.1 328.2 335.8 334.9 338.7 339.5 346.3 345.1 348.7 346.7 347.1 348.2 350.5
-2.2 -2.2 -2.2 -2.2 -2.2 -2.2 -2.2 -2.2 8.2 31.2 37.3 41.1 37.7 28.8 28.3 31.1 41.1 46.2 52.5 62 70.2 80.4 87.4 90.9 98.6 85.1 76.9 81.3 89.6 108.4 141.9 172.8 198.5 211.2 223.8 227.9 231.3 236.3 246 259.9 261.5 259.4 261.8 266.4 269.1 270.2 273.1 276 279.5 282.3 287.1 291.3 293.4 294.6 298.6 299.3 303.1 303.8 302.3 302.3 303.9 306.6 309.6 314.2 318.5 324 322.9 322.9 328.7 332.9 333.4 336.2 339 343.2 349.9 349.2 349.4 348.9 349.9 350.5
