data/170000-830000.asc
ncols 200
nrows 200
xllcorner 170000
yllcorner 830000
cellsize 50
[rows 38 to 75 of 200, columns 84 to 167 of 200]
239.4 235.4 229.9 224 224 224 227.3 230.1 242.8 264.5 282.2 298.4 314.9 319.7 319.1 318 318.7 319.1 319 316.8 312.2 309.3 309.8 306.5 308.3 308.1 307.3 305.9 307.1 306.2 305.4 302.4 299.9 301.1 300 305.4 307.2 300.2 287 280.1 271.8 271.6 269.3 270.8 278.3 284.3 287.2 291.8 286.4 284 292 291.7 292.1 295.7 296.9 294.8 294.3 290.3 293.9 293.2 271.5 241.9 236.2 234.5 225.2 221.4 221.9 225.1 223.5 216.3 198.5 186.4 174.5 156.1 132.8 113.6 89.7 81.7 79.1 72.5 56 38.7 20.6 15.7
228.3 224 224 224 224 224 226.9 237.7 256.7 275.4 287.4 294.6 308.9 312 315.3 312.8 312.8 314.9 317.3 311.3 306.4 298.6 299.5 290 293.3 291.3 292.6 298.4 296.9 292.5 278.5 277.5 274.6 281.4 291.5 293.4 290.9 280.8 276.1 266.2 261.6 269.5 270.7 265.7 277.4 281.3 278.8 275.4 270.1 265.5 270.5 273.6 283.1 288.2 289 285.5 288 284 289.1 274.7 251.8 228.8 226.4 219.2 212.1 205.4 204.9 197.6 198.3 195.4 181.5 167.5 145 127.3 113.3 90.2 80.7 74.7 65.9 57.7 44.8 29.3 9.4 2.2
224 224 224 224 224.9 229.8 232.9 246.8 266.6 285.2 298 300.1 310.4 313.4 315.5 313.3 316 315 310.2 307.8 298.5 291.8 289.5 285.7 287.4 287.3 288.5 291.2 296.5 284.5 272.4 266.6 264.7 271.1 277.5 276.4 273.9 267.1 261.7 249.2 254.3 264.8 261 258 267.7 271 268 269 261.9 260 256.8 270.7 275.2 276.1 274.7 276 279.9 276.2 273.9 255.9 235.6 218.2 212.4 210 200.5 190.1 182.4 182 179.4 171.4 158.1 143.8 126.4 110.2 90.1 78 74.4 67.9 61.2 49.3 36.3 16.4 -2.2 -2.2
227.4 224 224 226.5 230.2 235.7 244.9 253.4 276.6 292.2 305.4 307.8 309.9 315.3 314.9 312.7 310.7 309.2 304.9 299.5 298.6 289.4 286.8 279.7 280.3 280.9 285 289.3 284.8 273 260.4 256.2 258.9 263.2 259.5 262.2 261.1 249.4 239 231.1 234.6 246.6 245.6 243.1 247.6 257.3 260 260.1 254.8 250.1 247.4 254.5 264.6 269.2 263.4 269.8 271.7 266.3 261.6 251.6 226.6 202.7 199.9 202.7 189.8 174.9 165.4 162 152.1 144.1 137.2 127.1 114.7 91 75.9 66.6 65.1 60.4 53.2 35.2 15 -2.2 -2.2 -2.2
238.2 225.3 224 229.8 229.1 241.8 249.1 256.1 278.7 297 308.3 310.8 309 313.7 311.5 309.8 310 305 304.9 299.4 290.3 290.8 283.1 277.8 270 270.9 274 273.5 262.7 257.7 251.6 249.7 251.1 250.4 247 248.3 237.2 230.5 229 222.5 219.6 229.3 231.2 236.2 242.1 246.9 254.3 254.3 246.2 236.8 234.8 240.9 250.7 255.7 258.9 261.9 267.7 259.5 249.3 236.5 213.1 193.8 195.6 181.3 171.7 154.3 144 137.6 133.2 126 118.8 109.1 99.7 81.4 69.7 58.8 54.5 50 30 5.7 -2.2 -2.2 -2.2 -2.2
240.9 231.8 227.9 232.8 233.9 241.4 247.5 256.6 278.8 302.4 315.5 312.4 309.1 307.3 310.2 309.2 314.5 309.4 308.7 300.7 288.2 284.5 282.4 270.8 264.3 258.5 257.3 253.9 252.2 248.6 245 248.2 245.8 235.9 235.3 221.3 221.4 220 220.3 212.2 211.4 221 227.1 231.9 236.2 238.8 243.7 246.5 241.8 231.5 229.7 237 244.9 249.3 253.9 260.3 259.5 249.2 240.3 223.3 202.8 187.5 181.1 169.2 153.6 138.9 127.8 123 110.9 104.9 101.3 94.7 85.9 70.9 55.2 46.6 37.5 22.2 2.3 -2.2 -2.2 -2.2 -2.2 -2.2
241 230.6 229.4 229.8 231.6 237.4 243.8 251.4 283 299.6 311.1 310.9 306.4 305.2 308.2 315 316.5 309.4 303.6 296.3 291 280.9 273.8 266.7 260.4 252 248.4 248.5 249.3 248.6 239.9 239.2 231.9 223.1 217.2 214.3 214 211.5 200.9 199.9 206.4 218.4 225 230.4 231.6 233.2 233 236.3 237.7 229.9 229.2 236.1 241.4 247.8 250.3 249.9 245.8 237.1 227.7 209.5 190.3 177.5 166.6 147.4 134.6 122.5 109.2 106 99.4 90 87.6 90.5 83.9 74.9 59.9 49.4 40.8 20.9 0.4 -2.2 -2.2 -2.2 -2.2 -2.2
237.8 227.8 223.4 224.4 227.3 233.9 249.4 266.5 295.1 300.5 302.5 303.7 304.2 307.3 309 312.6 308.3 302.4 294.6 293.6 286.9 277.3 269.7 264.6 259.4 250.4 245.4 244.1 249.2 239.4 229.9 224.4 219.6 220.9 209.6 202.3 202.6 198.1 192.4 197.4 210.7 218.2 224.5 227.7 224.7 227 227.2 231.5 239 232.7 228.8 235.3 240 243.8 237.3 236.4 232.8 224.8 210.8 194.6 179 165.1 148.8 130.1 118.9 119 110.5 102 92.2 82.4 81.9 80.9 74.4 66.3 53 39.6 26.9 12.6 -2.2 -2.2 -2.2 -2.2 -2.2 -2.2
222.3 222.3 222.3 222.3 223.3 237 255.8 278.8 290 291.3 297.7 299.8 304.2 310.3 309.5 304.5 299.2 296.1 293.6 295.2 283.4 274.1 267.7 262.6 257 249.8 243.5 239.3 234.7 229 227.9 223.8 216.2 211 196.9 192.4 198.8 193.1 190.1 196.2 212.7 217.8 219.1 219.9 219.7 222.4 226.2 229.7 234.8 231.2 223.8 235.3 239.9 232.5 223 219.5 214 204.7 190.9 177.2 166.8 155.6 130.9 128.6 122.6 120.9 107.2 93 86.1 79.1 72.6 68.3 58.9 53.7 43.2 33.4 17.7 1.7 -2.2 -2.2 -2.2 -2.2 -2.2 -2.2
228.4 224.2 222.3 222.3 222.3 236.9 257.2 273.2 285.5 291 297.6 300.8 302.6 306.2 303.9 298.1 292.1 291.8 290.6 282.8 276.5 270.8 265.6 258.3 250.3 250 240.8 236.3 230.5 229.2 228.7 219.7 200.3 195.6 189.7 185.2 185 184.7 180.5 186.8 196.1 205.9 211 213.8 216 222.3 219.7 223.7 229.4 226.2 217.1 227.1 225.6 218.9 208 200.2 196.7 188.2 177.2 169.2 157.9 157.6 151.5 134.9 129 109.5 97.4 90.1 83.2 76 70.6 68.4 54.3 41.3 28.1 16.5 6.9 0.5 -2.2 -2.2 -2.2 -2.2 -2.2 -2.2
228.7 227.1 222.3 222.3 222.3 228.6 253.5 270.5 285.4 294.6 300.5 300.6 301.1 301.8 301.1 294 288.7 285.5 281 273.4 267.8 268.1 261.7 251.5 249.6 242.1 238.7 234.8 231.6 226.1 220.7 205.4 191.2 189.4 181 180.6 177.9 170.7 169 171.2 185.4 193.7 200 204.7 209.7 221.6 221.8 217 213.2 214.6 209.2 213.3 206.5 206.8 199 195.1 188.2 181.9 178.6 172.2 170.9 158 146.9 133.9 115.4 101 92.4 85.3 79.8 78.5 70.7 58.6 46.6 31.9 20.4 11.9 -2.2 -2.2 -2.2 -2.2 -2.2 -2.2 -2.2 -2.2
229.5 222.3 222.3 222.3 222.3 227.8 251.6 268.5 285.8 297.6 300.8 298.6 295.9 291.7 292.3 286.5 284.1 277.8 272 266.2 263.2 260.6 255.5 249.9 250.1 249 238.3 233.1 228.3 220.1 213.3 200.8 191.4 187.4 177 174 173.1 170.4 167 167.9 177.6 178.4 180.8 189.1 203.6 217.8 217.5 209.4 203.4 202.2 201.2 200.7 201 199.3 197.9 191.5 183.7 184.6 180.5 177.4 165.5 147.7 137.6 121.5 102.8 92.9 87.4 80.2 77.6 73.5 64.4 50 43.8 35.3 25 -2.2 -2.2 -2.2 -2.2 -2.2 -2.2 -2.2 -2.2 -2.2
224.6 222.3 222.3 222.3 222.7 235.3 254.2 272.6 286.3 296.1 298.5 288.4 286.8 286.8 284.1 278.9 272.7 266.9 261.8 255.9 259.6 251.9 255.5 248 242.6 238.6 233.1 224.7 220.5 214.4 209.4 204.6 198.4 185.9 179.4 173.7 167.4 162.6 159.9 158 162.4 168.5 172.3 179.3 187.5 201.3 199.5 197.1 193.9 189.7 188.8 190.5 189.1 189 181.4 178 180.8 191.2 177.5 166.9 152.4 137.3 131.6 111.1 99.1 87.2 82.2 76.6 71.5 58.7 58.6 50.1 37 23.7 -2.2 -2.2 -2.2 -2.2 -2.2 -2.2 -2.2 -2.2 -2.2 -2.2
231.6 228.6 222.3 222.3 233.5 249.9 264.2 277.3 283.2 289.4 291.1 289 286.8 286.8 284 277.6 268.2 261.9 253.8 247.5 244.7 244.2 244.1 239.1 229.5 229 226.6 218.3 217.1 213.8 210 204 200.6 191.5 184.1 176.9 168.1 153.8 148.9 144.8 146.9 151 153.3 155 166.7 175.6 180.3 183.8 184.6 180.9 189.1 183 179.8 178.3 179.6 180.7 181.3 174.1 165.5 154.9 140.2 130.6 116.3 103 90.9 81.6 73.8 67.6 61.3 54.2 46.7 34.9 15 -2.2 -2.2 -2.2 -2.2 -2.2 -2.2 -2.2 -2.2 -2.2 -2.2 -2.2
243.7 233 225.3 232.9 261.2 274.1 280 279.6 285.9 289.2 292.7 292.3 289.8 291.3 280.9 273.8 262.8 260.4 249.4 244.1 242.4 241.4 241.5 234.6 231 230.3 229.7 220.5 217.3 214.5 210.2 205.5 198.9 193.9 194.9 186.7 172.9 163.9 151.2 141.3 137.9 138.5 140.8 144.6 153.1 161.3 169.5 172.8 174.2 170.2 177 173.2 176.6 178.9 177.7 170.4 170.1 158.2 147.9 141.4 133 122 106.7 96.7 77.9 71.6 65.5 61.9 56.5 50.1 38.8 16.2 -2.2 -2.2 -2.2 -2.2 -2.2 -2.2 -2.2 -2.2 -2.2 -2.2 -2.2 -2.2
250.3 234.4 234.4 248.7 264.6 276.7 284.4 287.8 292.5 289.6 289.8 289.3 291.1 287.7 274.2 265.4 255.5 251.3 247.4 243 240.1 238.8 236.8 230.5 230 230.3 232.6 227.5 219.7 219.5 215.9 208.9 204.3 204.4 205.2 196.9 180.5 166.3 154.3 144.1 135.6 131.4 133.7 136 141.9 147.5 153.2 157.6 163.4 159.7 161 168.2 170.4 169.8 167.8 160.5 151.9 143.7 135.4 132.1 128.6 114.6 104.7 86.1 74 67.3 65.6 61 57.9 47.4 15 -2.2 -2.2 -2.2 -2.2 -2.2 -2.2 -2.2 -2.2 -2.2 -2.2 -2.2 -2.2 -2.2
248.4 233.4 249.6 259.6 269.2 280.3 286.6 290.8 295.6 290.2 283.8 285.1 286.3 274.5 266.5 257.9 250.1 249.2 249 244.7 239.8 240.8 238.6 235.1 233.5 237.5 241.6 237.8 226.5 222.1 216.7 209.9 205.3 208.3 208.1 197 183 168.2 157.2 147.4 137.4 129.7 125.7 126.4 129.5 132.7 135.6 138.8 144.2 148.1 161 164.5 162.8 159 161.6 153.9 139.5 129.7 130.5 124.1 115.3 107.1 94.7 75.4 65 63.1 68.1 64 54.5 35.7 -2.2 -2.2 -2.2 -2.2 -2.2 -2.2 -2.2 -2.2 -2.2 -2.2 -2.2 -2.2 -2.2 -2.2
240.4 239.7 260.4 265.9 274.8 279.2 285.3 292.3 290.8 289.2 284.3 279 271.5 265.3 259.5 251.3 248.8 250 252.9 248.6 240.9 240.8 239.5 239.9 238.6 238.8 242.3 240 230.7 219.9 215.6 209.7 207.7 204.5 202.4 199.5 183.1 174 161.4 149.1 132.1 126.6 120.3 116.3 116.2 120.9 126.5 131 137.8 155.3 159.7 156.6 152.4 147.9 145.4 134 126.8 122.7 122.3 119.2 111.9 95 82 60.9 59 59.1 61.3 58 32.4 -2.2 -2.2 -2.2 -2.2 -2.2 -2.2 -2.2 -2.2 -2.2 -2.2 -2.2 -2.2 -2.2 -2.2 -2.2
238.2 250.6 260.1 263.5 270.5 280.6 286.1 294.7 288 285.5 281.8 268.9 270.2 264.1 256.5 252.5 249.6 251 253 250.6 239.2 238.6 238.9 239.3 238.8 236.9 237.5 231.2 226.4 219.3 215.1 212.1 207.9 205.6 201.6 197.5 192.2 185.5 170.6 149.9 137.3 130.9 125.1 110.4 110.7 113.1 119.2 122 136 148.4 149.3 145.1 142.7 136.1 126.6 119.9 113.5 110.4 106 106.6 98.3 78.8 56.7 54.4 59.9 58.5 44.2 24.2 -2.2 -2.2 -2.2 -2.2 -2.2 -2.2 -2.2 -2.2 -2.2 -2.2 -2.2 -2.2 -2.2 -2.2 -2.2 -2.2
241.6 249.2 260 269 269.8 278.3 288.2 289 283.5 275.7 270.2 270.1 269.6 263.6 255.8 259.4 258.2 249.6 249 243.1 241.9 237.5 238.7 240.5 240.9 239.5 240.5 232.2 232.8 237.8 239.3 222.9 222.1 220.5 211.6 208.1 196.5 190.7 174.6 154 141.9 136.8 132 126 109.8 107.5 109 120 126.9 135.8 137.7 130.5 124.5 118.7 117.4 108.4 98.9 91.5 92 88 82.3 61 46.6 51.2 48.9 29 -2.2 -2.2 -2.2 -2.2 -2.2 -2.2 -2.2 -2.2 -2.2 -2.2 -2.2 -2.2 -2.2 -2.2 -2.2 -2.2 -2.2 -2.2
253.1 252.3 257.4 258.1 261.8 271 281.2 277.7 272 270.7 271.3 268.5 263.5 259.3 258.7 260.3 261.5 265.8 267.6 268.8 262.5 256.2 251.1 247.3 244.3 241.1 238.8 238.8 243.7 252.1 244.9 232.3 231 225.5 219.6 215.9 206 202.5 179.3 159.2 142.4 139.9 134.6 123.8 110.8 103.9 105.9 113.8 121.5 122.8 120.6 115.1 112.3 105.4 104.1 93.6 83 80.1 76.4 66 61 43.2 41.4 40.5 20.9 -2.2 -2.2 -2.2 -2.2 -2.2 -2.2 -2.2 -2.2 -2.2 -2.2 -2.2 -2.2 -2.2 -2.2 -2.2 -2.2 -2.2 -2.2 -2.2
258.9 255.9 250.9 250.9 261 257.6 261.1 262.8 261.8 261 250.9 257.5 258.7 260.8 265.4 281 290.4 287.3 280.5 275.3 270.3 266.2 258.7 252.9 249.9 240.7 240 240.6 247.7 248.8 242.1 237.2 235.2 228.5 225.5 220.6 215.8 206.8 178.4 157.1 143.3 140.1 140.4 123.9 107.8 99.3 102.4 110 114.8 112.4 108 100.4 89.1 88.1 85.2 80 62 61.2 55.9 48 40.5 30.7 28.8 7.8 -2.2 -2.2 -2.2 -2.2 -2.2 -2.2 -2.2 -2.2 -2.2 -2.2 -2.2 -2.2 -2.2 -2.2 -2.2 -2.2 -2.2 -2.2 -2.2 -2.2
255.6 256.7 250.9 250.9 250.9 250.9 250.9 250.9 250.9 250.9 253.4 260.2 263.6 271.4 285.1 299.2 295.2 288.1 281.1 281.4 278.3 269.3 261.3 257.9 257.6 249.7 246.9 243.9 248.3 249.2 248.1 238.3 240.5 232.9 230.9 224.8 213 197.1 173 158.2 144 139 138.2 122.9 101.7 94.8 95 101.1 104.8 102.3 96.9 86.9 82.3 76.5 66.9 59.6 48.3 42 36.4 33.4 27.5 9 -2.2 -2.2 -2.2 -2.2 -2.2 -2.2 -2.2 -2.2 -2.2 -2.2 -2.2 -2.2 -2.2 -2.2 -2.2 -2.2 -2.2 -2.2 -2.2 -2.2 -2.2 -2.2
250.9 250.9 250.9 250.9 250.9 250.9 255 255.7 255 262.1 275.5 278.6 281.8 298.2 309.6 312 310.9 304.4 298.7 291 286.4 277.4 269.1 264.1 261.8 256.3 250.8 254.9 246.3 248.9 250.8 256.8 249.9 237.2 230.7 221.9 204.7 183.8 167.1 155.4 143.6 137.9 135 116.6 106.5 93.2 87.7 89.3 90.7 88 85.8 77.1 71.8 65 54.1 46 41.8 27.2 21.2 18.4 11.9 -2.2 -2.2 -2.2 -2.2 -2.2 -2.2 -2.2 -2.2 -2.2 -2.2 -2.2 -2.2 -2.2 -2.2 -2.2 -2.2 -2.2 -2.2 -2.2 -2.2 -2.2 -2.2 -2.2
250.9 250.9 257.2 260.9 267.7 271.6 281 274.9 279.1 285.9 289.8 297.7 313.7 318.7 319.4 319.5 321.3 315.1 305.6 298.8 300.6 286.7 276.3 269.9 262.3 256.3 250.6 253.9 247.4 252.2 256.2 247.7 237.1 221.6 215.2 213.1 198.5 179 167 159.1 146.2 136.9 126.4 115.9 107.9 92.6 80 76.7 76.5 74 70.7 64.4 57.6 53 43.3 30.2 23.2 13.8 12.8 -2.2 -2.2 -2.2 -2.2 -2.2 -2.2 -2.2 -2.2 -2.2 -2.2 -2.2 -2.2 -2.2 -2.2 -2.2 -2.2 -2.2 -2.2 -2.2 -2.2 -2.2 -2.2 -2.2 -2.2 -2.2
253.2 269.9 287 290.4 295 287.3 293.9 291 290.4 298 305.4 321.7 328.4 322.7 324.9 327.1 324 315.6 306.6 301.5 295.4 286.5 275.7 265.5 255.3 250.8 249.4 251 245.3 247.5 241.5 230.2 223.1 213.5 218.5 212.3 200 180 167 159.7 150.4 128.6 118.5 112.8 105 88.8 76.8 64.9 66.8 63 56.6 50.8 47.2 41.5 32.7 23 14.7 8.3 1.8 -2.2 -2.2 -2.2 -2.2 -2.2 -2.2 -2.2 -2.2 -2.2 -2.2 -2.2 -2.2 -2.2 -2.2 -2.2 -2.2 -2.2 -2.2 -2.2 -2.2 -2.2 -2.2 -2.2 -2.2 -2.2
270.1 289.7 301.2 303.5 300.6 299.4 296.8 296.2 302.1 310.2 322.7 329.4 330 321.4 321.6 331 321.1 311.8 306.3 301.6 294.7 289.5 272.8 261 247.6 245.2 250.3 256.8 243.2 236.4 229.2 222.5 219.3 216.2 210.6 207.8 196.4 180.4 172.4 156.5 134.1 118.8 122 111.9 102.5 84 76.9 61.5 54.1 53.4 46.9 41.5 36 30.9 23.1 16.1 8.5 -2.2 -2.2 -2.2 -2.2 -2.2 -2.2 -2.2 -2.2 -2.2 -2.2 -2.2 -2.2 -2.2 -2.2 -2.2 -2.2 -2.2 -2.2 -2.2 -2.2 -2.2 -2.2 -2.2 -2.2 -2.2 -2.2 -2.2
299.4 311.6 310 310.2 311.3 310.2 308.5 305.8 316.8 327 333.1 331.1 331.2 321.4 321.4 325.5 318.5 310 306.6 298.1 291.4 282.1 267.5 251.8 242.6 239.5 241 238.3 231.4 228.8 221.5 219.3 217.7 219.7 218.2 215.2 195.8 181.1 161.4 152.3 133.3 115.1 120.7 104 93.1 84.1 72.5 56.7 42.7 42.2 37.1 29.2 23.2 19.4 11.9 8 1.2 -2.2 -2.2 -2.2 -2.2 -2.2 -2.2 -2.2 -2.2 -2.2 -2.2 -2.2 -2.2 -2.2 -2.2 -2.2 -2.2 -2.2 -2.2 -2.2 -2.2 -2.2 -2.2 -2.2 -2.2 -2.2 -2.2 -2.2
308.8 310.5 310.9 320.8 323.7 323.9 329.7 317.8 308.4 323.5 333 326.4 323.5 321.4 323 322.8 315.1 309.9 304.8 296.7 288 276.3 262.4 250 243.4 238.8 236.5 233.1 231 229.1 221.4 218.6 210.9 214.5 215.5 206.8 187.2 169.6 153.9 140.4 124.6 108.8 104.8 92.3 84.4 70.2 60.4 51.1 38.2 27.9 29.1 12.7 2.9 2.1 -2.2 -2.2 -2.2 -2.2 -2.2 -2.2 -2.2 -2.2 -2.2 -2.2 -2.2 -2.2 -2.2 -2.2 -2.2 -2.2 -2.2 -2.2 -2.2 -2.2 -2.2 -2.2 -2.2 -2.2 -2.2 -2.2 -2.2 -2.2 -2.2 -2.2
309.9 313 326.3 329.2 334 331.8 334.5 329.8 322.7 315.1 326.4 322.7 322.4 318.9 318.4 316.2 311.7 305.7 299.5 291.8 280.8 268.6 261.1 249.2 241.5 235.9 229.8 230.6 235.6 224.3 215.6 208.5 210 206.6 207.7 189.7 171.9 156.7 143.3 126.7 113.6 100.8 97.9 82.4 66.7 51.4 45.5 37.1 32 11 2.1 -2.2 -2.2 -2.2 -2.2 -2.2 -2.2 -2.2 -2.2 -2.2 -2.2 -2.2 -2.2 -2.2 -2.2 -2.2 -2.2 -2.2 -2.2 -2.2 -2.2 -2.2 -2.2 -2.2 -2.2 -2.2 -2.2 -2.2 -2.2 -2.2 -2.2 -2.2 -2.2 -2.2
318.6 324 335.2 340.2 339.4 337.4 339.3 330.2 335 323.2 318.3 322.6 322.7 318.6 314.8 310.3 304.6 299.5 292.1 284.6 272.9 262.7 254.5 249.1 247.6 239.3 229.9 227.4 223.9 215 208.5 206 201 196.3 184.6 176.4 162.1 149 137.3 122.3 106.4 96.4 87.4 72.5 53.6 45.9 34 25 20.1 -2.2 -2.2 -2.2 -2.2 -2.2 -2.2 -2.2 -2.2 -2.2 -2.2 -2.2 -2.2 -2.2 -2.2 -2.2 -2.2 -2.2 -2.2 -2.2 -2.2 -2.2 -2.2 -2.2 -2.2 -2.2 -2.2 -2.2 -2.2 -2.2 -2.2 -2.2 -2.2 -2.2 -2.2 -2.2
323.5 329.3 343 349.6 340.5 337.9 334.2 330.4 328.4 328.5 315.8 313.6 319.4 313.1 306.3 299 292.2 287.2 284.2 272.8 261.5 258.9 252.6 252.1 249.8 241.6 233.3 226.3 221 214.9 210.6 205.3 200.3 193 187 177.1 157.9 145.8 136.3 121.2 103.7 88.8 73.9 59.8 48.3 40.5 29.2 11 -2.2 -2.2 -2.2 -2.2 -2.2 -2.2 -2.2 -2.2 -2.2 -2.2 -2.2 -2.2 -2.2 -2.2 -2.2 -2.2 -2.2 -2.2 -2.2 -2.2 -2.2 -2.2 -2.2 -2.2 -2.2 -2.2 -2.2 -2.2 -2.2 -2.2 -2.2 -2.2 -2.2 -2.2 -2.2 -2.2
327.3 334 342.2 341.2 338.8 334.9 328.8 327 329.1 330.6 323.4 310.7 305.7 304.1 294.8 285.6 274.8 267.8 268.8 265.1 264.1 260 261.4 260.9 252 241 233.4 224.4 215.7 208.8 206.4 201.5 195.7 187.4 178.5 172 150.4 141.6 130.6 112.2 93 73.5 65.4 55.3 49.8 40.8 28.1 -2.2 -2.2 -2.2 -2.2 -2.2 -2.2 -2.2 -2.2 -2.2 -2.2 -2.2 -2.2 -2.2 -2.2 -2.2 -2.2 -2.2 -2.2 -2.2 -2.2 -2.2 -2.2 -2.2 -2.2 -2.2 -2.2 -2.2 -2.2 -2.2 -2.2 -2.2 -2.2 -2.2 -2.2 -2.2 -2.2 -2.2
331.6 337 343.8 340.9 334.3 330.9 325.5 323 323.9 321 314.5 302.5 287.8 285.5 288.6 278.2 270 268.2 269.5 266.6 262.6 260.8 260.4 258.3 248.2 235.9 226.9 219.4 208.4 201.5 198.8 191.5 181.5 172.2 161.5 151.5 131.2 127.4 116.2 95.2 77.4 68.8 68.7 58.5 47.2 35.2 20.7 -2.2 -2.2 -2.2 -2.2 -2.2 -2.2 -2.2 -2.2 -2.2 -2.2 -2.2 -2.2 -2.2 -2.2 -2.2 -2.2 -2.2 -2.2 -2.2 -2.2 -2.2 -2.2 -2.2 -2.2 -2.2 -2.2 -2.2 -2.2 -2.2 -2.2 -2.2 -2.2 -2.2 -2.2 -2.2 -2.2 -2.2
332.2 334.7 342.1 338.4 330.1 329 320.5 317.5 313.2 311.4 304.3 300.9 289.8 281.9 287.2 280.9 275.8 268.9 270.3 268.3 261.5 260.6 257.5 252.7 246.7 236 220.9 214.7 208.8 198.7 186.7 177.9 174.1 163.5 156.8 140.9 129.1 119.8 93.6 81 73.7 63.6 60.3 50.2 40 25.2 -2.2 -2.2 -2.2 -2.2 -2.2 -2.2 -2.2 -2.2 -2.2 -2.2 -2.2 -2.2 -2.2 -2.2 -2.2 -2.2 -2.2 -2.2 -2.2 -2.2 -2.2 -2.2 -2.2 -2.2 -2.2 -2.2 -2.2 -2.2 -2.2 -2.2 -2.2 -2.2 -2.2 -2.2 -2.2 -2.2 -2.2 -2.2
327.6 331 332.4 326.7 321.8 321 315.3 310.1 309.9 310.4 307.8 297.3 289.2 280 279.2 280.8 278.4 272.9 275.9 267.7 261.8 254.7 250.3 245.9 236.3 227.2 218 210 204.3 186.9 178.7 167.9 159.1 149.2 138.3 128.8 119.1 96.9 82.9 75.1 64.3 48.8 44.8 34.2 24.3 -2.2 -2.2 -2.2 -2.2 -2.2 -2.2 -2.2 -2.2 -2.2 -2.2 -2.2 -2.2 -2.2 -2.2 -2.2 -2.2 -2.2 -2.2 -2.2 -2.2 -2.2 -2.2 -2.2 -2.2 -2.2 -2.2 -2.2 -2.2 -2.2 -2.2 -2.2 -2.2 -2.2 -2.2 -2.2 -2.2 -2.2 -2.2 -2.2
317.9 321.6 319.9 317.8 318.7 318.4 311.5 307.5 306.7 304.9 300 289.9 289 285.6 282.7 282.4 288.9 279.2 275.7 266.2 257.8 248.6 240.5 237.4 230.3 223 214.7 203.6 191.5 181.1 168.9 152 140.8 126.3 124.8 107.5 94.4 84.5 76.1 60.6 52.5 37.3 31.9 17.3 -2.2 -2.2 -2.2 -2.2 -2.2 -2.2 -2.2 -2.2 -2.2 -2.2 -2.2 -2.2 -2.2 -2.2 -2.2 -2.2 -2.2 -2.2 -2.2 -2.2 -2.2 -2.2 -2.2 -2.2 -2.2 -2.2 -2.2 -2.2 -2.2 -2.2 -2.2 -2.2 -2.2 -2.2 -2.2 -2.2 -2.2 -2.2 -2.2 -2.2
317.6 319.1 316.5 314.9 315 312.9 306.6 302.3 301.3 300.2 298.6 295.6 290.6 291.1 279.9 272.2 282.3 278.8 270.1 257.4 251.8 241.8 235.3 229.8 224.7 216.2 207.2 195.5 181.1 168.6 150.9 130.3 117.5 107.9 94.4 92.7 79.6 73.5 68.3 58.8 41 28.8 23.5 -2.2 -2.2 -2.2 -2.2 -2.2 -2.2 -2.2 -2.2 -2.2 -2.2 -2.2 -2.2 -2.2 -2.2 -2.2 -2.2 -2.2 -2.2 -2.2 -2.2 -2.2 -2.2 -2.2 -2.2 -2.2 -2.2 -2.2 -2.2 -2.2 -2.2 -2.2 -2.2 -2.2 -2.2 -2.2 -2.2 -2.2 -2.2 -2.2 -2.2 -2.2
