data/170000-630000.asc
ncols 200
nrows 200
xllcorner 170000
yllcorner 630000
cellsize 50
[rows 140 to 174 of 200, columns 79 to 157 of 200]
299.7 298.5 298.6 297.9 297.1 296.2 295.6 296.3 297 297.6 298.2 298.6 298.1 296.8 295.1 287.9 287.8 288.7 286.9 279.4 256.3 235.1 213.1 195.9 177.4 158.4 142.2 125.5 115.6 107.5 102.4 97.9 90.5 87.3 88.9 92.2 94.9 97 101.6 105.6 116.1 124.5 132.7 141.6 150.8 161.3 170.6 178.4 186.4 195.9 200.9 205.9 205.8 208.4 214.7 214 215.3 216.8 216.4 215 203.3 206.4 205.2 199.5 195.3 192.5 183.5 163.9 145.4 116.5 86.4 81.1 67.1 54.9 46.2 39.9 34.1 25.1 17.1
306.7 305.9 303.7 303.1 302.2 301.3 300 299.1 299 298.6 298 297.6 296.5 294.3 292.7 287.8 281.4 278.7 271.2 259.6 240 221.2 199.5 186.1 166.4 148.2 131.6 116.9 109.6 102.7 98.4 95.8 92.7 94.2 96.4 102.3 105.5 110.8 119.7 122 118 135.7 145.8 161.2 168.2 175 184.2 192 199.4 206.4 212.9 216.5 218.1 219.7 223.3 227.5 228.1 225.6 220.8 218.6 213.1 220.8 219.2 213.7 212.1 208.4 198.8 178.3 157 133.8 113.1 113.4 86.8 72.5 59.4 49.4 42 35.4 24.9
314.1 311.8 309.4 308.1 306.8 305.5 304.2 303.2 302.5 301.5 301.1 299.2 297.3 296.5 293.8 288.3 279.5 269.3 256.2 246.3 226.4 207.9 190 171 152.4 136.8 123.7 115.3 106.5 100.5 101.3 103.6 98.7 103 106.1 113.2 120.9 126.8 133.3 138.2 131.7 151.2 165.8 171 180.3 187.9 196.6 203.6 209.6 216.5 219.9 222.9 226.9 227.5 231.6 237.1 238.8 235.1 228.8 221.8 223.2 228.1 228.2 226.5 224 212.8 202.9 186.7 167.2 152.6 145.5 143.2 128.4 99.1 81.2 64.9 51.3 42.2 32.9
321.4 319.2 316.3 312.7 311.2 309.7 308.3 307.2 306.5 305.9 304.9 303.3 301.3 298.4 296 287.8 277.2 263.9 251.5 235.5 215.6 196.7 177.9 159.8 143.4 128.3 118 113 111.8 114.3 113.8 112 107.8 118.6 120.5 127.2 135.8 139.7 146.6 155.1 152.5 163.2 173.7 183.1 191.3 199.2 208.8 216.2 222.3 229.3 235 237.5 234.7 237.1 239.5 241.1 241.4 238.2 235.6 239.8 233.8 234.9 234.7 234.8 228.1 211.7 206 198.7 177 168.8 170.5 167.5 151.1 132.5 107.8 86.6 68 52.1 41.3
329.5 326.5 322.4 318.3 316.1 314.5 311.9 311 308.9 308.5 306.2 303.9 301.2 296.3 291.6 284 273.1 260.1 244.7 230.1 210.4 186.4 164.5 150 136.7 123.4 117.6 121.2 124.4 125.9 127.5 124 122.9 127.2 132.9 141.2 148 154.6 160.4 166.5 165.8 177.4 182.9 195.2 204.9 214.1 220.3 227.4 234.2 238.5 240.7 243.5 244.6 248.5 248.6 249.1 241.8 238.9 240.5 240.9 237.8 238.7 238.4 233.9 225.7 211.8 206.5 197 182.4 184.4 188.8 189 186.4 166.1 129.4 106.1 86.6 69.5 52.5
336.6 332.7 328.9 325 321.7 318.3 315.1 314.6 311.6 309.1 306.1 302.6 299.9 293.3 286.9 279.3 269.7 255.9 240.3 226.1 206.6 189.6 173.5 154.9 137.6 123.9 125.9 131.2 133 133.8 133.7 133.4 137 133.6 143.9 152.2 161.5 167.2 171.5 177.7 182.6 184 191 205.6 214.4 222.4 229.6 236.5 242.8 246 247.3 249.6 252.2 254.2 254.2 252.4 246.5 242.4 243.9 241.8 239.8 240.5 238.2 229.3 221.9 217.7 215.9 199.8 190 197 200.3 202.5 194.7 189.3 158.5 126.8 105.8 89.7 71.2
344 340.5 336.6 333.2 330.5 327.7 325 319.1 315.1 312.6 309.5 303.7 295.3 289.1 282.6 275.1 266 253.1 241 222.4 205.5 187.6 169 149.7 136.5 130.7 136.9 143.1 149.2 158.4 158.6 159 155.3 148.4 153.6 164.8 173.6 178.7 180.6 189.6 195.3 198.8 203 210.6 220.8 229.8 235.6 242.6 247.7 251 253.1 255.8 258.4 258.5 255.2 251.1 249 248.3 248.2 247.3 245.5 242.5 236.1 233.4 233.3 222.3 213 203.2 201.3 205 209.8 210 203.1 201.7 189.2 149.6 123.8 106.2 91.8
351.5 346.8 342.4 338.1 335.7 332.5 328.1 323.4 319.7 316.8 311.5 303.8 294.5 284.5 278.4 269.9 260.3 248.9 235 218.2 205.4 186 166.2 150 142.8 146 152.1 156.4 165.9 170.8 177.1 177.7 173.9 167 158.7 176.8 185.7 190.5 194 199.7 204.8 209.4 216.5 224.4 231.1 233.2 240.6 246.1 250.8 254.9 257 259.6 260.9 257.5 254 252.1 251 250.4 250.9 248.8 245.4 243.9 240.7 240.7 236.3 224.1 214.8 206.5 206.4 207.1 208.8 206.9 204.8 199.3 188.6 171.3 143.8 122.6 105.1
356.6 350.6 345.9 341.7 339 334.2 329.6 326.1 323.3 317.6 310.8 303.7 297.2 287.1 278.1 270 257.2 241.8 226.7 212.4 197.6 178.7 161.9 148.1 158.9 163.3 171.6 176 182.5 185.8 187 186.6 186 183.4 181.3 184.5 198 203.8 207.7 210.9 217.2 224.2 231.3 236.5 239.6 241.8 242.4 248.4 253.2 257.8 260.2 261.8 260.6 257.1 253.3 252.6 253.1 252.3 251.1 249.3 247.9 244.1 244.1 242.8 239.1 234.8 222 211.8 209.7 207.4 205.4 202.5 199.5 193.5 184.8 175.7 165.6 139.6 119.8
362.2 355.4 348 343.8 340.5 336 331.6 325.8 321.7 315.4 308.5 301.6 294.3 286.7 278.3 270.5 256.4 242.7 230.9 216.7 199.2 179.8 162.5 163 172 178.3 184 190.1 195.8 200.7 203.2 203.6 206.4 210.2 208.5 204.6 208.4 216.6 221.1 226.2 231.9 237.9 241.4 244.5 248.4 250 249.8 251.1 254.3 257.7 259.7 261.2 259.1 256.9 255.1 254.1 252.8 252.3 251.3 250.7 247.7 246 245.8 243.9 241.1 237.3 227.6 215.2 212.6 207 202.5 198.5 194.5 189.5 184.7 179 170 151.5 131.5
363.3 356.8 350 345.5 341.1 334.8 329.2 324.1 318.9 312.7 306 298.5 290.9 283.2 275.5 265.7 254.2 244.7 234.8 216.2 195.7 178.4 173.2 177.3 183.2 191.3 195 203.5 211.6 218.1 226.6 228 232.3 233.8 230.1 229.4 229.8 232.5 237.7 241.7 245.3 248.3 251.1 253.8 256.3 256.8 257.3 257.8 257.7 260.3 260.3 260.9 259.7 257.7 255.8 254.9 253.7 252.2 251.4 249.6 249.1 245.2 243.7 243.1 239.9 235.5 228.9 221.8 217.8 207.5 202.2 197.4 193.4 189.4 183.3 179 170.5 156.3 137
362.4 356.7 351.1 344.4 337.9 331.5 325.6 320.5 315.8 310 302.7 295.1 288.3 279.9 273.4 262.5 251.4 239.9 224.8 210.3 195.3 188.8 189.2 191.6 197.7 205.4 212.1 219.9 225.4 236 241.1 249.8 250.5 248.8 246.2 246.9 246.5 247.4 250.4 253.5 256.7 258 260.1 262.4 262.8 264.1 264.6 263.9 262.8 262.3 262.3 262.2 260.3 258.6 257.4 255.8 254.7 252.6 250.5 248.5 245.7 242.9 241.4 239.9 235.8 232.9 230.5 226 220.1 209.8 203.3 197.5 192.7 189.3 184.8 176.9 167.3 154.6 142
359.1 354 346.6 340.5 334.4 327 321.1 316.2 312.3 307.4 300.7 295.4 288.2 279.9 272.4 265.8 256.2 244.6 230.4 218.1 210.6 207.3 208.7 208.4 215.7 221.7 228.1 235.7 240.5 244.5 249.4 255.8 259 256.8 257.5 261.3 259.9 259.7 262.4 264.9 267.3 268.1 269.3 271 270.8 270.2 269.7 268.5 266.8 264.2 264.2 266.8 265.9 266.6 264.2 263.2 257.8 254.5 250 248 245.3 241.5 238.7 237.8 234.8 233.4 231.6 229.1 220.5 212.3 205.5 198.8 190.9 186.2 180.1 173.1 164 154.7 145.3
352.8 347 339.7 332.8 327.5 321 314.2 310.7 306.7 303.3 298.9 294.5 290 285.4 277.7 271.1 264.1 248.8 242.4 235.4 227.6 227.3 227.9 222.5 228.7 235.6 239.4 243.7 247.8 251 255.6 259.9 261 261.7 266.2 269.7 270.8 272 273.6 275.8 277.4 278.2 279.1 279.7 278.5 276.3 275.2 272.5 270.8 270 271.5 270.8 271.4 269.8 269 266.7 260.7 256.7 251.2 247.6 244.9 240.5 235.6 235.2 233.6 233.5 233 230.6 222.9 214.4 204.7 195.6 186.3 181.3 175.2 168.7 161.2 153.2 145.7
341.7 335.1 328.2 321.4 317.5 312.5 306.4 303.6 301.6 299.6 296.7 293.3 290.3 285.2 280.9 276.9 266.9 257.5 251.9 247.6 242.9 240.1 238.8 235.6 237.1 240 243.7 247.3 250.8 254.1 257 261.4 265.3 266.4 272.4 275.9 277.1 279.1 281.1 282.9 283.2 286.1 287.8 286.4 284.9 281.9 280.5 278.8 277.2 276.6 276.6 276.7 276.4 274.8 272.1 267.2 263.9 258.3 253 247.1 244.3 238.2 233.6 231.3 232.4 231.8 231.2 230.2 223.8 213.4 203.8 192.6 183 176.5 170.5 164 157.7 151.3 143.7
328.9 322.8 317.5 308.7 305.7 301.2 299.7 298.9 297.1 296.6 294.5 293.2 290.3 288.3 286.5 281.5 275.7 269.4 266.2 257.2 249.6 244 241.9 241.2 241.6 242.8 245.8 248.5 251.9 255.3 258.5 263 268.1 271.3 277.5 284.5 287 287.7 289.4 290.6 294.4 295.5 296.5 294.6 292.7 290.6 288.6 285.9 283 283.2 282.1 282.1 280.9 278.1 275.2 271.3 268.5 262.4 254.7 248.6 243.2 237.9 232.7 228.5 229.4 229.9 229 228 223 213.3 201.8 190.4 180.7 170.6 164.1 158 151.6 145 139.6
313.7 307.4 300.4 297 295 294 293.7 293.1 293.6 294.1 292.8 292 291.9 291.2 288.7 286.3 280.6 272.7 267.6 261.3 251.9 245.6 244.2 242.6 240.9 241.9 245.9 249.5 252.9 256.3 260.1 265.8 274 278.9 286.5 291 292 294.9 297.4 298.9 302.7 303.8 302.7 301.5 300.5 298.5 297.3 294.6 292.4 289.9 288.3 287.2 285.5 282.6 279.2 275.2 271.7 266.8 257.6 249.1 241.7 236.5 231.2 226.4 224.7 224.9 225.6 224.4 220.4 211.1 197 187.1 176.6 164.2 154.8 147.7 142 136.3 130.1
296.2 291.6 288.1 287.3 287.3 287.7 287.8 288.1 289.6 290.1 289.9 290.4 289.7 288.1 285.1 281.7 277.7 270.5 265.4 259.7 250.5 244.8 241.9 238.3 240.1 242.7 245.5 250.2 253.8 258.1 262.7 269.4 277.8 284.5 292.4 295.7 297.5 301.3 303.9 307.2 308.7 310 310.7 310.6 309.4 308.4 307.1 304.5 302.1 298.6 295.6 292.4 290.2 287.1 283.2 279.2 275.5 263.9 256.1 248.8 241.6 235.5 228.6 224.2 208.4 218.5 217.9 215.1 211 202.1 190.1 179.5 161.3 154.7 145.2 133.5 127.9 123 118
280 280.4 279.7 280.3 280.6 281 281.7 284.5 285.7 285.7 285.9 286.2 285.7 283.9 280.5 277 272.7 265.3 258.6 250.3 244.1 237 235 234 236.8 240.5 244.1 248.5 255.2 260.7 265.3 272.4 281.3 287.7 294.7 299.5 302.2 305.9 309.8 313.4 314.9 316.3 317.7 318.7 319.5 319.2 316.7 314 311.3 306.4 302 298.8 295.1 290.4 286 282 272.5 264.3 257.4 250.6 244.5 238.7 232.4 225.6 209.1 198 208.4 205.4 198.4 188.2 177.4 160.1 146.5 135.2 132.5 122.7 118.8 113.8 105.6
271.4 272.2 272 272.9 273.7 274.2 278.1 280.4 281.4 281.6 282 281.4 279.8 277.1 274.8 271 264.2 256.7 249.5 242.8 237.9 232.4 229 230.1 233.8 237.7 242.8 248.6 255.5 262 267.1 275.8 282.7 288.1 293.4 298.3 301.6 307.8 313.6 318.8 321.3 322.9 325.1 326 327.6 326.9 325.9 322.6 317.8 313 308.7 305 300.1 295.5 290.8 285.3 278.1 270.6 263 254.7 248.2 241.9 235.5 228.3 218.3 206.7 186.7 185.8 184.9 164.3 151.7 146.5 138.4 130.5 115.6 106.6 103.8 99.2 89.1
263 264.6 262.9 264.4 265.4 267.9 273 274.1 275.7 277.5 276.1 274.6 272.3 269.4 266.5 261.3 255 247.5 240.7 236.8 233.6 228.2 220.4 223.2 226.9 233.5 242.2 249.9 256.1 262.6 269.4 278.7 283.7 287.2 292.4 297.4 302.1 309.2 316.2 322.7 326.1 328.8 331.3 331.9 331.7 332 332.3 329.1 324.4 319.9 314.6 310.7 306.2 301.5 296.8 291.4 283.9 277.1 267.7 258.1 252.5 246.1 239.3 228 216.6 209.1 200.4 192.1 187.2 184.5 178 174.7 164.7 150.9 134.6 123.5 113.7 104.8 93.5
254.6 256.1 253.8 255.8 257.2 260.1 264.3 267.5 268.6 268 267.8 267 264 259.6 254.8 249.1 242.7 237.5 233.6 230.6 226.8 218.7 212 223.1 229.3 236.1 244.3 251.9 257.8 263.9 270.8 276.8 282.1 287 292.1 297 302.9 310.4 317 323.4 327.7 331.7 332.8 333.2 333.4 336.1 336.4 334.9 330.3 323.3 317.9 315.5 312.3 307.6 302.9 297.7 290.5 283.8 276.9 269.7 257.6 248.4 240.3 228.6 218.7 210.6 207.8 203.3 201.6 199.7 192.3 186.5 180.4 167.4 148.6 141.7 127.9 111 109.8
246.1 246.3 243.6 245.1 245.7 250.2 254.2 256.1 255.8 255.8 256 254.8 251.9 247.7 242.3 236.2 232.1 228.3 226 223.5 219.6 208.9 217.4 223 229.2 237.2 244.7 252 259.2 266.3 273.4 279.5 284.7 289.7 294.5 299 304.8 310.1 317 324 326.9 331.2 333.3 333.9 335.5 338.6 339.2 338 335.5 327 323.9 323.5 317.6 312.8 308.1 306.5 300.3 293.1 286.4 276.4 263.2 251.1 242.1 233.2 223.3 216.3 213.5 211.1 212.5 213.9 211.8 199.9 190.6 177.6 158.7 150.6 134.7 116.1 125.5
235.9 236.3 231.4 233 234.3 232.8 238.6 238.4 243.3 243.5 243.3 242.2 239.7 235.3 230.8 226.1 222.5 219.9 216.9 214.6 212.2 206.8 214.9 222.2 228.5 236.9 246.6 254.7 262.7 270.1 276.8 282.4 287.2 293 299.9 304.7 307.5 311 315.5 322.5 325.8 329.9 332.1 334.6 336.8 337.3 341.5 341.1 335.8 328.4 325 321.9 318.1 314.7 312.5 310.6 307.6 301.8 292.9 280.5 265.7 256.2 249.1 242.7 234.9 224.4 216.4 218.6 222 219.2 213.8 203.9 195.5 181.1 164.1 155.2 138.6 128.5 141
224.6 225.1 222 222.3 225.6 225.3 227.3 229.2 230.2 231 230.6 230.2 227.6 224.9 221 216.1 212.9 209.5 206.4 204.9 201.3 210.3 215.3 220 231 242.8 251.5 260.7 269.8 276.2 280.7 285.7 291.3 298.2 303.2 308.6 309.9 310.5 312.9 317.9 320 323.7 328.6 333.1 333.6 333.1 334.7 334 330.7 325.2 322.7 320 317.2 315.5 312.6 310.8 307.4 302.3 297 285.1 271.1 262 252.8 245.9 237.6 227 223.7 223.9 223.9 222.3 217.4 206.8 195.2 184.1 168.8 157 135.8 143.8 149.3
213.8 213.9 213.9 210.3 211.8 215.6 215.4 215 216.2 216.4 217.6 217.4 216.4 214.4 210 208 202.6 199.4 197.2 200.6 210.1 217.1 224.2 232.5 240.8 248.1 256.2 265.4 273.2 279.7 285 290.5 296.6 300.6 304.8 306.2 307.5 309.5 309.4 311.5 313.5 319 324.3 327.7 327.2 325.1 325 325.3 324.4 323.2 321.5 318.9 316.1 312.8 309.8 308.3 305 301.2 295.7 285.7 276.1 266.8 257.6 247 237.9 231.7 226 223.9 224.6 224.6 218.1 205.7 197.6 185 168.3 155.8 153.6 152.8 156.5
203.6 203.2 205 195.4 201.6 206.4 205.9 205.5 205.1 204.5 204.7 204.8 203.9 202.4 199.9 196.2 193 196.7 202.9 209.5 216.9 224 232.6 240.9 248.8 255.2 261.2 268.9 275.8 282.7 287.3 294.4 299.7 303.2 303.1 303.2 304.6 303.1 301.4 303.9 307 312.5 317.4 319 317.2 315.9 314.6 316.9 318.5 321.7 321.1 319 311.3 306.9 303.9 304.2 302.7 299.8 295.1 289 280.3 271.6 260 249.7 239.9 232.1 226.9 223.9 222.4 220.8 216.1 205.8 200.2 180 174.1 167.8 161.7 160.8 163.1
191.5 193.4 193.1 188.3 192.4 197.1 196.6 196.1 196.8 196.8 196.5 196 195.2 193.9 190.9 190.4 197.1 201.2 209.6 216.2 222.8 231.9 241 249.3 256.1 262.6 268.7 270.8 281.8 288.1 292.1 298.2 302.3 302.9 302.9 302.8 302.3 298.5 293.7 295.6 298.8 301.6 304.6 309 307.6 306.2 306.2 310.1 313.3 314.7 313.7 310.9 302.2 296.7 296.3 297.3 297.5 296.9 294.7 288.8 280.8 272.9 262.7 252.4 242.1 235.2 227.2 222.7 219.7 215.1 210.8 205.1 191.2 191.7 191.6 179 170.1 169.5 172.5
182.7 178.9 182.1 178.5 184.7 186.7 187.4 187.1 188.4 189.5 189.3 188.8 189.2 188.2 188.3 196.2 202.2 208.7 213.7 220.5 228.7 236.9 245.1 253.7 260.7 269.9 277.2 280.4 284.9 291.4 299.9 304.6 306.7 304.7 302.9 302.8 300.3 296.1 290.9 287.4 289.5 292.2 294.8 297.2 298.1 298 298.5 302.1 305.7 306.4 302.9 298.8 292.2 286.7 287.4 288.7 290.2 290.4 291.5 284 278.2 272.3 262.2 252.9 246.1 240.7 228.9 221.5 216.1 211.5 206.1 195.9 194.1 193.9 195.2 185 174.6 176.3 179.3
170.4 169.1 170.8 172.6 176.3 177.8 177.4 178.9 180.1 182.4 182.5 185.3 185.7 189.8 194 198.9 206.9 213.3 220 226.8 234.8 244.6 252.4 260.1 267.3 275.7 281.2 289.5 294.3 294.4 296.5 303.7 308.3 306.5 303.8 301.4 298.3 294.6 289.7 285.2 281.4 283.5 286.5 287.3 287.9 289.2 291.1 292.8 295.3 294.9 292 287.7 281.7 277.8 278.7 280.2 282.7 284 284.2 279.4 273.5 268.4 259.5 250.6 245.4 241 231.4 220.2 214.3 208.9 201.4 202.2 199.9 196.3 191.1 185.3 184.7 185.5 189.3
170.1 178.3 176.8 183.4 184.9 187.9 189.7 190.7 191.2 189.2 192.8 194.8 195.9 195.2 197.1 205.1 212.5 221.3 229.1 237.1 247.9 257.2 264.5 273.1 280.6 284.8 294.8 296.4 300.8 303.4 305.7 302.4 306.2 308.1 306.6 303.3 299.6 296.2 291 285.8 279.6 277 278.9 279.6 281.4 282.8 284.9 286.3 287.6 285.7 281.6 276.8 274.1 271.5 270.9 272.9 273.1 273.4 274.3 273 268.4 263.3 256.5 250.2 245.2 241.5 235 222.8 212.3 206.5 208 211.7 206.6 202.5 194.6 187.4 188.1 191.2 197.4
184.2 187.5 188.7 191.5 193.4 195.3 197.7 199 198.9 196 198.7 201 202.4 204.4 208.6 216.1 226 234.2 247.7 256.5 260.3 263.5 270.5 281.4 289.6 297.7 307.3 313.5 311.8 307.5 306.7 304.2 304.3 308.8 307.5 304.4 300.9 297.5 292.3 286.4 280.6 275.6 271.2 273.2 274.7 276.2 278.4 279.2 279.7 276.9 272.4 268.6 266.1 264.9 262.5 262.5 262.5 263.6 265 265.1 262.1 259 254.6 250.9 243.6 238.5 233 223.6 211.4 211.8 206.8 215.9 209.8 205.4 199.2 192.8 192.5 195.1 196.3
196.2 199 200.6 202.6 204.1 203.2 205.4 206.5 206.1 202.6 204.3 206.4 209.5 213.1 218.2 223.1 231.7 244.5 253.3 261.8 265.2 272.2 279.4 283.4 291.6 298.6 306.9 312.4 315.9 315.2 312.3 307.3 307.1 307 309.2 308.8 305 300.7 293 286.4 280.6 275.4 270.9 267 268 270.3 271.8 272.8 272.2 267.1 263.5 260 257.6 255.7 253.4 251.5 252.8 254 255.8 255.1 256.5 255.6 251.9 248.8 242.5 237.7 232.5 228 221.9 218.7 218 216.2 210.4 205.7 200.9 197 195.4 196.8 196.9
206.1 208.5 210.2 211.4 210.6 210.6 212.1 211.9 210.1 208.4 208.8 212 216.7 225 230.3 233.4 239.4 248.7 255.4 266.4 272.9 281.3 288.8 298.4 300 307.9 311.8 313.8 318.6 318.2 318.5 314.2 312.5 311.6 312.3 312.3 309.4 304.5 296.9 288.8 280.8 275.9 270.9 265.1 262.3 264.2 265 264.6 262.7 259.3 255.2 252.1 249.5 246.2 242.9 242.3 243.3 244.4 246.3 247.9 249.7 249.9 248.6 246 241.5 238.1 236.7 235.5 232 223.4 219.6 216.2 210.5 206.7 202 198.9 197.4 197.7 197.5
212.3 213.4 213.3 214.4 213.8 213.8 215 213.7 214.2 216.4 221.1 230.2 232.1 238.9 243.4 250 254.8 257.8 259.9 262 273.7 286.1 298.5 307.9 311 310.4 316.2 316.5 317.7 321.5 321.3 317.4 316.1 316.7 315.5 314.8 313.1 308.3 301 293.6 286 277.7 272.2 266.7 261.1 254 256.3 256 253.1 250.3 248.3 244 238.5 233.4 231.4 232.1 233.4 235.1 237.1 240.3 243.5 246.1 245.5 243.4 243.9 244.7 243.4 241.8 233.9 223.4 220.3 217.3 214.1 209.3 204.1 200.4 198.9 198.5 198.6
