data/170000-850000.asc
ncols 200
nrows 200
xllcorner 170000
yllcorner 850000
cellsize 50
[rows 140 to 174 of 200, columns 0 to 78 of 200]
179.8 188.6 193.2 199 209.4 215.4 217.2 220.8 227.8 235.7 241.9 246.1 253.4 259.4 260.9 260.5 260.2 259.4 259.8 260.3 260.8 262.9 267.3 272.6 277.4 283.1 288.9 295.9 301.1 305.4 309.7 315.9 320.9 320.9 325.6 334.2 340.7 340.1 357.5 371 379.5 389.5 390.6 396.4 408.6 419 431.1 443.1 460.5 472.9 476.2 477.6 479.7 477.2 473.3 468.9 456.7 440.8 422.3 404.4 374.2 368.6 351.6 342.5 338 331.3 318.3 306.6 301.4 294.7 284.3 275.5 270.2 270.6 270.5 269.4 277.2 280.8 289.8
183.3 191.6 195.1 199.8 208.6 213.9 216.7 221.3 228.2 237.3 241.8 246.6 253.8 262.2 264.9 264.4 262.1 260.8 260.7 262.5 264.1 265.8 269 271.8 276.5 281.4 287.6 294.7 300.2 304.5 309 316.5 322.1 324.6 327.8 330 338.6 340.2 351.2 364 378 386 390.4 395.6 406.1 417 429.2 441.2 460 476 480.6 480.8 490.2 486.7 481.4 474.8 459.3 446.8 423 408.8 383.2 368.3 358.3 347.7 343.9 337.6 321.3 311.1 308.8 301.9 286.5 278.3 273 276.7 280.5 290.2 295.2 298.7 304.4
185.9 192.4 197.2 202.2 208.1 213 217.6 223.3 232.5 243 245.7 248.9 254.7 263.5 269.2 269 266.6 263 263.9 265.3 266.8 268.8 269.2 271.7 275.6 280.1 285.8 293.3 299.3 304.1 309.1 314.8 320.5 326.8 329.6 329.1 334.3 341.1 349.4 357.7 372 383.8 389.6 394.2 400.6 412.5 424.7 437.8 453.7 471.3 481 481.7 490.9 492 488.3 477.7 463.4 453.7 428.4 406.5 386.8 374.4 365.1 355 345.4 344.4 327.7 320.4 320.1 303 294.6 289.4 289.8 294.4 299.6 306.8 313.5 311.1 319.6
189.1 192.3 197 200.7 207.7 214.8 220.9 226.5 239.8 246.8 250.4 250 256.1 264.8 271 271 269.5 266.4 267.7 269 270.3 270.6 270.2 272.1 275.2 279.1 284.9 292.2 298.7 304.6 309.7 314.9 319.5 325.9 332.1 332.3 335 340 347.5 355.9 366.7 379.3 387.5 393 398.1 409.6 423.9 434.7 447.3 457.7 469.3 478 485.7 491.3 491.3 479 463.1 452.7 432.2 407.2 385.3 379.5 373.9 365.1 352.7 345.6 340.2 325.7 320.4 313.6 315.4 323.6 313.2 310.1 313.3 318.4 326.2 333 345.8
189.5 193.2 196.8 199.1 204.3 219 224.1 229.1 240.5 247.5 250.9 254.1 257.1 265.2 271.5 271 270.7 269.9 271.4 272.8 273.2 273.6 274.6 276.2 275.7 278.9 284.6 291 297.5 303.8 309.4 314.4 318.4 324.4 331.1 336.6 337.4 339.7 345.6 353.8 363.2 375.1 384.4 392.2 397.4 406.2 420.9 433.1 444.2 454.1 465.3 473.8 481.2 487.3 485.7 479.5 462.9 450.2 432.8 411.3 385.4 379.9 377.7 370.4 357.5 347.4 341.2 331.6 323.8 334.9 339 334.5 324.7 327.6 335.5 342.5 347.4 365 382.4
189.7 193 195 200.2 209.2 221.8 225.8 231.6 239.3 248.9 253.8 257.8 260.3 265.3 272.8 277.9 276.7 273.8 275.4 276 276.7 277.4 279.3 278.4 278.4 279.2 281.9 288.9 296.6 302.6 307.7 312.4 316 322.9 329.2 336.1 339.8 339.4 342.6 350.9 361.3 371.4 378.7 386.1 392.9 401.4 414.5 430.1 441.4 453.4 463.7 472.8 480.1 481.4 478.9 472.8 458.4 450.6 434.1 413.7 393.2 387.5 380.7 378.6 361.2 352.1 345.3 342.4 345.3 346.5 349.3 346.7 336.2 341.3 346.5 352.3 360.1 387.3 402.1
190.6 193.1 196 205 213.6 222.3 227.7 234.2 242.1 251 259.3 261.3 262.8 267.7 274.7 281.1 280.3 278.3 280.3 280.5 280.7 281.2 282.2 280.1 279.4 280 282.1 287.6 294 301.4 306.5 310.9 314.6 319.6 326.3 333.7 340.3 340.3 341.9 348.5 359.8 368.8 375.6 380.8 387.5 396.4 405.3 424.1 437.6 450.9 463.2 469.1 478 482.3 475 470.6 459.2 449 427.2 412.3 402.2 396.3 381.6 380 365.8 358.3 362.3 366.8 361.1 356.5 349.6 350.8 343.6 351.1 350.8 356.9 381.4 405.9 412
190.4 193.2 197.5 211.6 216.3 221.6 228.5 238.1 245.4 254.1 261.6 263.4 264.3 268.2 275.8 281.9 282.2 282.4 284.8 286.7 286.5 286 284.1 282.2 282.2 284.2 286.4 288.3 290.1 298.5 306 310.6 313.8 316.8 323.1 331.7 339.4 340.4 341.2 345.7 359.6 367.6 372.8 376.8 383.2 390.9 398.4 413.7 432.2 445.5 454.5 462.2 471.4 475.9 471.1 467.8 456.8 445.6 428.5 409.8 410.3 402.7 381.7 377.1 372.4 368.4 370.8 372.8 367.9 367.4 362.8 355.4 351.9 360.2 358 372.8 402.4 412.7 418.3
189 193.2 199.4 213.4 221.6 226.6 235.5 243.8 251.5 260.3 261.1 263.4 264.5 268.3 276.3 283.8 286.5 287 287.6 290.9 291.6 289.9 288.2 286.7 286.1 288.7 289.6 290.3 290 294.6 302.6 309.5 313.8 316.7 322.3 328.8 337 341.7 343.3 346.4 354.5 366 370.7 372.1 378.2 383.2 393 406.2 426.1 441.1 447.9 457.4 465.6 468.9 469.3 465.3 454 442.5 431.2 418.4 406.8 401.4 383.9 384.4 381.9 375.8 374.5 379.6 373.1 369.2 371.2 367.1 359 363.9 360.7 393 408.2 418.4 421.9
184.3 193.2 202 215.6 223.6 232.1 238.9 244.7 250.1 258 259.7 262.3 265.3 269.4 278 284.8 288.9 290.4 291.1 292.9 295.7 294.5 292.5 290.8 291.3 290.2 291.2 291 292 294.2 300.5 308.2 313.5 317.3 321.5 325.7 331.8 338.8 342.8 345 350.6 363.8 370.5 369.5 373.2 377 386.7 400.9 418.5 431.3 443.6 454.5 462.7 469.4 470.6 465.7 451.7 442.6 432.7 423.4 410.2 400.3 397.1 389 385.6 379.4 381.2 380.9 376.6 373.3 372.2 368.1 365.9 375.7 386.5 398.3 418.1 427 428.8
185.2 190.5 202.4 217.6 227.5 234.8 241.1 246 249.7 252.7 255.1 262.1 267.2 271.7 279.7 286.7 291.6 292.5 294.7 296.8 298.9 298.9 297 295.8 293 291.2 293.5 294.4 295.1 296.4 299.5 306.6 312.4 316.4 320.7 325.3 330.3 336.6 340.6 347.8 351.1 358.4 361.7 365.9 369.3 371 383.2 397.4 405.1 425.6 437.4 452.1 457.8 463.5 467.8 465.2 452.5 445.3 438.9 421.3 411.3 407 403.2 397.5 389.6 380.4 380.2 380.3 380.6 383.8 381.2 374.4 375.7 382 393.7 407.7 420.8 430.1 430.7
196.2 197.6 200.7 220 228.8 236.6 242.4 245.1 250.1 252.8 250.4 260.8 269.1 274.6 280.5 287.2 292.7 295.3 297.4 299.8 302.8 304.5 303 302.1 298.7 297.5 299.8 298.8 298.8 299.1 299.1 303.4 310.7 315.9 320.5 325.2 329.8 334.3 338.6 346.2 351.8 354.8 356.8 359.6 362.1 367.1 380.7 388.5 398.6 412.2 427.9 440.9 452 456.2 460.9 460.2 449.6 444.8 440.4 421.6 417.2 412.4 406.8 404.3 396 383.6 382.5 384.4 386.3 389 388.8 387.5 385.4 393 400.4 411.5 424.2 429.3 430.6
200.9 204.9 206.5 219.1 227.6 236 240.5 241.2 244.5 246.7 246.8 260.9 268.7 274.4 281.1 287.9 293.2 297.7 300.6 303.3 307.1 309.2 310 308.7 305.3 303.8 306.4 304.7 302 300.5 299.7 301.3 310.2 314.9 320.3 324.2 328.3 332.6 336.9 341.8 347.7 351.6 353.4 356 359.9 364 371.6 381.7 394.9 408.2 423.5 439 439.7 448.8 458.8 460.8 448.4 442.7 434 425.8 420.6 416.2 410.1 404.8 394.5 388.3 386.5 387.6 389.3 390.7 390.5 389.1 389.2 394.8 406.2 420.7 428.8 430.7 430.3
206.6 210.8 216.7 221.9 229.3 235.6 239.9 242.1 240.1 240.1 246.6 258.6 267.3 275.2 282.3 289.2 294.9 300.4 303.3 306.2 309.4 311.6 314.1 315.2 312.4 311.5 313.9 309.6 304.2 302.8 300.8 299.4 308.4 313.5 316.9 320.9 326.2 331 335.2 339.3 344.9 348.1 350.2 353.3 358.2 363.5 370.8 379.4 392.2 406 418.6 428.7 433.6 445 453.8 453.6 446.8 443.8 440.6 429.3 425.7 423.4 416.9 409.6 396.1 390.5 388.8 390 389.2 390.1 388.9 388.8 397.2 407.2 409.9 421.4 428.9 431.1 431
213.2 217.9 221.2 228.1 232.9 236.1 239.4 239.7 241.4 240.1 246.7 257.4 267 276.4 283.4 290.3 296.9 302.4 305.7 309.2 312.3 315.1 318.2 321.1 321.6 320 321.3 320.1 311 303 300 299.1 307.3 309.3 313.4 317.2 321.9 327.7 333 337.6 341.3 344.7 347.8 350.3 354.5 359.2 371 379.2 390 405.5 415.7 421.3 429 437.7 447.4 449.9 448.9 448.7 446.2 435 429.3 429.3 421 411.4 398 392.9 390.5 390.2 389.2 389.2 388.7 391.1 398.3 412 421.2 426.2 429.4 430.7 431.1
216.6 223.4 226.7 230.8 235.5 239.2 240.1 245.1 246.8 240.1 248.1 256.4 264.6 274.4 282.9 290 299.1 303.7 307.1 311.2 316 318 320.8 326.8 331.5 330 330.2 327.9 319 310.1 301.1 299.1 305.8 306 309.6 312.5 317.6 323.8 330.2 334.5 338.1 341.7 344.7 346.9 350.6 354.8 365.4 376.4 389.4 399.5 411.2 418.7 427.4 436.6 441.2 445.2 449 453.3 450.7 439 433.1 432.5 424.7 412.1 398.2 396.1 395.9 395.7 395 391.7 388.8 401.6 410.5 418 425.8 430.9 432.9 436.3 432.9
218.8 226.6 233.7 237.9 237.9 239.3 241.1 247.3 252.4 240.1 249.5 255 263.3 273.2 281.8 289.5 298.3 305.8 310.1 313.7 318.3 323.8 326.9 331.1 336.4 337.4 337.9 338.2 325.2 316.9 309.8 299.6 300 308.7 309.3 309.9 313.7 320 326.5 331.3 335 338.7 342 343.9 346 351.8 360.4 372.2 387.7 401.9 409.3 417.3 429.5 437.8 442.1 446.4 451.4 459.5 453.8 445.4 438.2 433 425.5 415.1 402.2 399.1 398.9 400.6 400.8 398.7 396.5 409.1 413.2 419.6 426.5 430.7 439.1 439.9 437.2
220.4 228.3 236 243.3 245 245.1 244.2 248.1 251.4 240.1 248.9 253.4 261.5 274.6 282.1 289.7 298.4 307.2 312.5 317.5 322 327.1 331.8 335.4 341.4 343.3 342.3 341.7 331.1 321.5 314.6 304.6 303.2 310.1 310.7 309.6 309.9 314.6 322 328.8 332.4 335.9 339.5 342.3 344 347.9 356.1 366.1 382.8 399.8 407.6 417.1 427.7 439 447 450.9 451.8 459.7 457 450.6 443.4 436 425.8 414.6 404.8 403.3 401.2 401.5 402 401.2 408 409.7 415.9 421.1 427.6 429.3 433.9 436.9 431.6
222.7 230.7 238 246 250.8 249.8 249.6 249.2 251.7 242.2 247.5 252 260.6 272.6 282.4 290.3 299 307.8 314.7 320.4 326.5 330.8 334.1 339.1 343.8 346.9 347.9 344.6 340.7 326.2 319.7 315.3 308.8 311.4 312.2 310.3 309.6 310.3 318 325.1 330.5 333.9 337.6 341.5 343.2 345.4 352 360.5 375.9 389.2 397.8 409.5 420.7 433.8 445.1 453.6 457.4 460.1 459.5 456.9 452.1 442.3 430.4 416.6 408.2 409.5 407 405.3 405.7 409.5 418.3 421.6 420.6 429.5 429.6 429 431.3 431.7 423.1
224.4 232.2 238.7 247.6 249.7 250.2 251.3 251.6 252.3 242.4 248 252.7 262.8 273.9 282.7 292.5 298.6 308.6 316.8 323.6 329.8 332.7 337.5 342.4 346.3 349.6 351.1 349.3 345.9 334.1 324.6 320.6 315.2 317.5 318.4 317.7 312.9 313.7 316.8 320.9 326.7 331.8 335.5 339.2 343 344.4 349 356.5 368.5 379.9 390.6 402.3 414.2 429 439.9 450.7 456.7 459.4 460.2 459.7 461.1 452.5 439.8 421.5 411.8 409 410 408.1 408.4 413.4 423.6 430.8 427.6 430.1 431 431 428.8 425.3 415
224.2 232.8 241.2 249.7 249.1 248.2 250.5 251.6 251.4 242.1 248.2 254.3 265.1 273.4 281.3 292.7 301 310.1 318 323.7 328.7 336 340.9 345.4 348.4 350.3 351.7 351.4 346.5 338.4 333.3 326.9 322.7 323.9 325.3 322 319.1 318.4 318.4 319.7 321.2 328 332.6 337.1 341.6 344 348.5 355.5 364.5 372.4 385.5 396.1 410.2 423 434.4 444.7 450.8 454.6 459.2 464.3 462.3 459.5 446.3 427 417.1 412.5 415.1 409.2 409.1 416.7 426.5 431.1 434.8 432.6 434.6 435.6 432.8 423.1 414.9
223.8 232.6 242.9 250.7 248.6 245.7 246.6 248.6 250.5 242.1 246.3 256.4 267.3 275.7 283.3 294.3 302.7 311.2 319.3 324.3 329.1 338.8 344.9 349 350.9 351.9 351.6 351.2 349.2 344 340.5 333 331.3 330 331.2 328.7 324.3 321.2 319.7 319.2 319.4 322.5 329.3 333.3 338.5 342.7 347 353.8 361.5 371.6 381 393.7 405 418.5 430.5 443.4 447.7 452.4 458.3 464.5 460.8 457.4 447.3 431.4 420.2 418.1 418.4 412.1 415.2 419.7 427.8 435.5 440.2 439.1 439.6 439.8 439.2 430.2 421.9
220.6 231.2 242.3 249.8 250.2 245.7 245.7 245.7 246 242.1 247.6 257.9 265.8 275.3 284.6 295.1 303.2 310.8 321.2 326.6 332.2 342 348.7 353.8 356.9 357.8 355.7 353.1 349.6 350.6 346.3 341.1 339.5 338.4 335.6 335.7 332.7 325.5 322.2 321 319.4 319.8 324.6 329.6 335.7 341.7 345.4 350.8 357.8 367 376.4 389 402.1 414.2 428.8 439.7 445.4 450.4 457 458.1 460 454 443.8 432.3 422.5 420.1 420.4 419.1 418.3 426.3 429.6 435.4 440.6 439.4 439.2 440.4 440.6 431.4 422.6
218.8 225.7 242 249.8 250.8 246.1 245.7 245.7 242.1 242.1 251.7 260.2 262.6 273.6 283.5 294.6 305.1 312.9 321.3 329.3 336.8 344.6 352.5 357.7 361.5 363.2 357.8 356.7 355 354.7 352.6 347.8 349.6 346.4 343.6 344.3 341.6 332.4 328.8 325 322 319.9 320.3 325.7 331.8 336.9 341.4 347.7 354.1 361.9 370.9 381 394.8 407.6 420.6 430.6 439.3 451.1 454.6 453.9 451.1 449.5 446.3 433.7 427.2 420.1 419.9 419.3 420 431.9 432 436.6 440.3 441.5 444 443.1 441 435.2 425.8
223.6 227.4 243.1 248 250.3 250.7 250.5 248.5 242.1 242.1 253.2 260.4 260.8 272.5 282.7 293.2 303.4 313 321.7 330.6 338.9 348 355.3 361.6 366.2 367.3 362.7 359 359 358.6 358 349.5 352.5 356.2 351.6 350.1 347.3 342.7 335 328.3 324.4 321.9 322.6 322 328 333.4 340 345.3 351.8 358.4 365.1 374.9 384.8 397.9 411.8 422.5 431.9 442.9 447.7 448.9 448.2 445.2 439.4 436.5 429.1 423 420.3 419.7 423.9 432.3 436.2 439 439.5 445.8 449.6 448.8 443.6 438 427.9
229.9 234.6 245.4 249.7 254.9 257.8 250.8 250.8 242 242.1 253.4 260.3 262.5 268.9 281 291.6 302.1 312.6 323 332.8 342 352 357.1 367.4 371 370.9 368 359.6 360.9 362.8 360.6 350.8 354.9 360.7 357.8 357.7 355.4 346.8 339.3 333 326.9 325.5 323.5 320.4 325.2 332.3 338 343.5 349.5 354.8 360.9 371 380.7 390.1 400.6 412.1 421.6 429.5 436.3 438.2 439.2 438 435.7 434.4 431.2 427.4 420 419.8 422.8 431.2 438.7 441.3 444.5 449.1 452.9 453.6 444.4 439.4 432.5
231.9 238.5 249.2 254.5 260.3 260.3 252.1 249.2 244.1 248.8 253.1 260.1 264.5 269.1 278 291.4 301.9 312.5 322.1 332.4 345.8 354.1 360.5 370 373 374.1 371.2 363.3 367.2 368.5 363.3 360 359.4 360.4 364.8 363.8 365.4 358.1 346.4 337.6 330.9 327.8 322.3 320.4 321.3 331.7 337.1 342.2 346.7 352.2 358.6 367.5 376.1 386 395.6 404.2 411.6 417.2 421.5 425.7 429.7 430.8 429 430.9 430.5 427.5 421.3 419.7 422.2 430.1 438.5 440.5 445.1 450.4 450.8 453.7 447.1 438.2 432.3
234 241.2 249.2 254.1 259.8 261.8 257.5 248.2 249 252.1 256.2 261.7 266.8 271 275.6 287.2 300.4 310.3 320.1 331.7 345.8 356.6 363.7 371.7 377.5 377.9 373.2 369.7 370.4 372.3 370.4 366 362.3 363.8 370.4 370.5 370.3 370.5 353.4 343.8 334 325.6 320.4 320.4 323.9 330.5 334.8 339.5 343.5 349.3 355.3 362 370.1 379 387.1 395.7 402 405.9 407.6 413.9 420.6 422.2 424.3 425.4 425.6 423.6 420.9 420.2 426.4 433.1 437.9 439.7 443.7 449.2 450.8 450 444.1 432.9 423.7
234 241.5 247.5 251.1 259.6 262.7 257.9 244.5 249.6 257.4 260.6 266 268.9 274.3 278.5 284.2 295.1 307.3 319.1 330.8 345.1 356.7 366.6 374.2 379.8 380.9 375.9 375.8 378 379.4 377.2 370.2 368.7 369.7 369.5 371.2 372.4 373.4 366 350.9 336.5 329 320.4 320.4 324.7 329.9 330.7 335.7 340.5 346.2 351.5 357.6 363 368.9 377.7 385.1 392.2 396.1 398.3 402.7 406 410.5 413.7 410.7 417.3 420.6 421.4 426.9 429.3 434.9 439.2 439.7 448 449.1 449.1 446.9 437.8 429.5 418.4
233.4 237.9 243.6 249.3 256.5 260.7 257.1 245 248.9 259.7 262.7 269 273 278.8 280.3 284.9 290.5 302.6 317 328 341.5 354.5 365 374 380.7 381.1 379.5 381 382.1 380.8 379.5 374.6 371.9 370.3 369.4 373.4 379.6 378.6 374.9 356.2 338.2 333.4 323.6 322.2 327 330.6 330.1 332.8 337.1 340.5 345.9 353.7 356.2 360.6 367.5 375 380.8 384.5 388.6 397.6 401.8 407.3 408.5 409 411.8 416.4 425.8 432.8 437.3 439.3 440.5 443.2 448.6 449.1 448.5 443.3 437.3 428.7 414.3
233.7 237.8 242.4 247.8 254.3 259.3 256.3 246.8 245.3 256.3 266.3 271.4 275.3 279 283.6 288 291.4 300.1 313.6 325.6 338.2 351.6 362.3 372.8 380.1 381.3 380.1 384 388.2 387.3 384.6 379.4 377.2 375.3 370.6 376.2 384.2 379.9 365.8 356.9 343.8 340.6 332.8 329.1 329.4 329.2 330.8 331.1 334.4 338.2 340.1 349.2 351.7 356.3 362.8 370.3 375.6 383.3 391.3 399.3 406.9 410.5 409.1 409.7 416.7 423.4 431.1 437.5 440.8 441.8 443.6 447.2 450.2 449.5 449.4 439.2 434.7 428.3 418.8
232.6 237.8 242.4 247.3 254.1 260.3 259.6 246.5 245.3 254.3 267.4 273.5 276.7 279.1 284.8 290.2 292.7 299.1 310.2 325.1 343.6 355.3 363.1 372.1 378.9 383.4 379.3 384.5 392.5 394.8 389.8 385.2 381.7 381 378.2 377.6 381 372 366.2 359.5 351.7 345.2 340.8 331.8 330.2 334.9 335.3 333.7 334.8 338.8 339.1 345.6 350.2 353.4 358.6 367.2 377.2 387.6 395.7 402.7 409.2 413.5 420 423.7 420.5 427.3 432.6 440.2 443.9 447.9 448.7 451.4 453.8 451.9 450.2 444.8 437.9 430.3 416.9
236 240.1 241.3 246.3 254.1 260.8 260.7 246.6 245.3 253.8 267.9 275.5 278.5 280.7 281.7 290.8 297.2 299.1 309.9 326.4 345.8 360.5 370 375.3 378.3 389.3 384.3 388.1 394.2 400.2 396.9 392.2 384.4 380.2 380.8 371 365.1 368.8 370.6 365.5 360.6 348.8 344.1 339.3 337.2 339.6 340.1 340.2 340.3 340.4 341.4 341.3 346.6 352.3 359.2 368.4 377.8 385.7 394.6 402.7 412.2 418.2 421.4 427.9 427.2 431.5 438.5 442.1 447.5 450.6 452.3 449.9 459.9 461.7 449 446.6 438.8 433.8 423
233.9 240.4 242.7 246 252.8 260.3 258.8 248.7 245.3 254.2 271.8 277.8 280.3 280.9 286.9 292.5 298.4 301 310.1 328 342.9 357.2 372.3 380.9 380 386.3 392.3 394.6 399.1 400.7 403.5 397.4 389.3 381.1 377.4 365.1 365.1 377.6 380 370.6 364.1 351.1 344.2 341.3 343.7 341 346.2 346.3 347.2 347.2 347.1 346.2 348.3 353.1 359.6 368.9 376.9 382.4 389.5 396.8 408 423 427.2 429.4 429.6 432.4 439.7 450.8 453.6 455.7 459.2 452.9 457.5 459.8 460.7 455.1 446.7 436.1 423.6
234.6 240.8 245.3 248.9 251.7 260.4 260.6 254.6 245.3 253.7 269.8 278.7 280.8 279.4 287.7 294 298.2 302.2 309.9 324 338.8 355.3 369.6 379.9 383.9 390.9 399.2 402.9 401.9 405.7 409.4 399.2 399 383.5 365.1 365.1 365.1 380.9 381.7 378.8 373.4 357.8 347.7 346.9 350.8 347.9 350.1 350.4 351.5 351.2 351.6 351.8 350.4 358 360.8 368.4 379 384.5 390.3 397.8 411.7 422.5 431.1 431.2 434.6 435.2 438.5 449.9 459.9 460.7 459.7 460.2 459.3 459.3 462.6 467 457.7 439.5 428.4
