data/170000-880000.asc
ncols 200
nrows 200
xllcorner 170000
yllcorner 880000
cellsize 50
[rows 78 to 116 of 200, columns 88 to 175 of 200]
74.2 82.2 88.7 95.3 102.5 113.8 123.5 132.4 142.5 151.7 159.5 166.4 171.8 176.7 180.3 182.5 184.6 185.7 186.8 190 192 193.9 195.9 198.6 200 201 201.7 202.6 203.7 204.9 206.3 207.6 208.6 209.8 211.2 212.9 214.6 215.6 216.1 216.5 217.3 218.1 219 220.6 221 221.7 222.1 223.3 223.8 224.6 225.5 226.3 227.3 229 230.7 231.3 231.7 231.6 231.6 231.9 232.5 232.4 231.6 229.8 229 228.1 226.2 226.3 226.3 225.7 224 223.3 222.1 219.4 216.5 214.5 211.8 207.6 203.5 200.3 198 195.9 195.6 195.1 194.5 193.5 191.3 189
74.6 84 91.6 99.7 110.4 119.2 128.7 137.2 147.3 154.4 161.3 167.2 172.4 176 178.4 180.7 182.5 184 186.1 189.7 192 194 197.1 200 201.5 202.4 202.8 203.8 204.9 205.8 206.8 207.9 208.9 210 211.4 213 214.6 215.4 215.7 216 216.6 217.2 217.7 218 218.5 218.9 219.4 221.5 222.1 223 223.4 223.8 224.4 225.3 226.5 227.6 228 227.9 228.6 229.3 229.6 228.9 228.2 227.5 226.8 225.8 224.4 223.5 223.4 222.7 221.8 221.1 221 217.5 214.4 212.1 209 206.3 202.4 199.4 197.5 195.9 195.5 195 194.3 193.8 191.3 188.8
73.3 85.2 96.3 104 115.6 122.9 130.7 138.1 148.7 155.1 161.4 167 170.9 173.6 175.5 178.1 179.3 181.7 185.3 189.3 191.9 194.9 198.1 201.2 203 203.6 203.9 204.5 205.2 205.9 206.9 208 209.1 210.2 211.6 213.2 214.3 215.1 215.6 215.8 215.8 216.3 216.8 216.6 216.4 218.3 219.6 220.5 221 221.3 221.6 221.3 221.3 221.5 222.4 223.5 224 224.4 224.7 225.1 225.2 224.8 224.9 224.5 223.5 223.1 221.5 220.6 220.2 219.9 218 216.7 215.5 213.8 211.6 208.9 206.3 204.2 201.6 198.3 196.6 195.6 195 194 193.1 192.3 189.2 187.6
73.1 84.4 96.2 103.4 115.9 125.2 132.8 137.9 146 152.4 158.6 162.8 166.8 169.4 172.7 175.4 177.3 180.7 184.6 188.5 191.9 195.6 199.3 202.9 203.6 203.2 203.1 203.7 204.4 205 206.2 207.5 208.8 210.1 211.4 212.7 213.7 214.7 215.3 215.3 215.3 215.2 215.5 215.6 217 217.1 218.2 218.7 219.4 219.7 220.2 219.9 220 220 220.4 220.4 221.4 221.9 222.3 222.5 222.2 221.9 221.9 221.4 221 220.3 219.5 219.5 218.4 217.6 215.9 214.4 213.3 212.3 210.4 207.6 205.2 203.7 200.9 197.2 195.9 194.9 193.6 192.5 191.1 189.6 187 186
72.8 82.1 93.6 101.8 111.3 118.7 127 135.1 141.1 147.4 153 158.5 162.7 166.2 170.1 173.4 176.6 180 183.7 187.7 191.9 196.6 200.1 202.1 202 201.9 201.5 202.2 203.1 203.7 205.1 206.3 207.5 208.9 210.6 212.1 213 213.6 214.2 214.7 214.7 214.4 214.1 214.1 215.7 215.5 216.4 216.9 217.8 218.1 218.8 218.8 219.3 219.2 218.9 219.7 219.7 220.1 220.5 221.1 220.8 220.2 220.6 220.3 221 221.1 219.5 218.6 218.6 216.9 214.6 213.2 212.3 211.5 209.2 206.4 204 202.1 198.6 196 194.3 194.1 191.9 190.5 189.1 188.2 186.8 185.5
73.5 81.3 89.6 97.6 106.6 114.2 121.2 130.2 137.3 143.6 149.7 155.4 160 163.7 167.6 172 175.9 179.4 182.9 187.3 191.4 194.9 196.4 197.8 198.8 199.3 199.6 200.1 200.7 201.5 202.5 203.9 205.5 207.2 208.7 210.2 211.2 211.9 212.4 212.9 213.2 213.3 213.6 213.2 213.5 213.9 214.4 215.1 216 216.6 217.4 217.7 218 217.9 217.9 218.1 218.4 218.7 219.1 219.7 219.7 218.8 218.9 219.1 219.9 220.7 220.1 219.2 219.2 218.2 216.5 214 211.7 210.3 207.7 205 202.7 199.9 195.5 192.3 191.1 189.4 188.8 188.6 187.6 187 187 184.3
73.5 81.5 86.3 96.5 105.5 112.8 118.5 127.4 135.2 141.1 147.6 153.4 158.3 162.3 166.5 170.7 174.9 178.9 182.6 187.3 191.2 193.3 194.8 195.2 195.3 196.3 196.9 197.5 198.8 199.7 200.6 202 203.8 205.3 206.7 208.1 209.3 209.5 209.9 210.2 210.8 211 211.1 211.1 211.6 212.5 213 213.7 214.4 215.3 216.2 216.6 216.9 217 217 216.6 216.9 217.2 217.6 217.7 217.2 216.8 216.8 216.7 217.3 217.9 217.4 216.7 216.1 215.4 213.4 211.2 209.1 207.8 206 203.7 201.1 195.1 188.4 187.3 187.1 187 187.2 187.2 186.1 184.9 183.3 182.4
70.1 79.8 86.1 93.4 102.8 112.1 118.6 124.6 132.1 139 146.2 152.3 157.3 161.4 165.6 169.7 173.7 178.3 182.7 186.6 189.8 191.3 191.9 191.9 192 192.7 193.3 195.2 197 198.6 199.7 201 202.5 204 205.5 206.9 207.7 207.7 207.9 208.2 208.8 209.3 210 209.5 210.1 210.8 211.7 212.5 213.2 214.4 215.2 215.9 216.3 216.6 216.6 215.8 214.9 215 215.2 214.8 214.4 214.1 214.3 214 214.9 215.3 215 214.2 213.3 212.4 210.2 208 206.2 205.6 204.4 201.9 195.3 188.8 193.2 191 187.9 186.5 186.7 187.5 187 185.3 182.5 181.1
65.5 75.9 85.5 90.1 101.8 111.2 118.9 123.7 131.3 138.6 143.9 149.9 154.8 159.2 163.5 167.5 171.3 176.2 181.2 184.2 186.7 187.2 187.1 188.3 189 189.6 191.3 193.2 195.1 196.7 199 200.4 201.6 202.9 204.3 205.6 206.1 205.8 206.3 205.7 207.3 208 208.9 208.6 208.7 209.5 210.5 211.3 211.8 212.3 213.5 214.6 214.9 215 214.7 214.3 213.7 212.6 212.2 211.9 211.5 211.4 211.4 211.1 211.1 211.4 211.7 211.2 210.3 208.5 206.7 204.7 203.4 203 201.4 197.4 189.4 198 195.1 191.7 188.3 186.8 186.9 187.5 185.1 184.3 182.4 180.6
60.5 71.1 78.9 89.8 97 107.3 115.8 122.9 129.5 137.1 142.6 146.6 150.8 155.4 159.4 162.8 166.3 170.7 175.4 177.2 178.2 180.5 182.9 184.9 186.3 187.7 189.6 191.3 193.1 195 198.1 199.5 200.5 201.5 202.6 203.5 203.4 203.9 204.7 204 205.8 206.9 208.1 208.3 208.1 208.6 209.1 209.3 209.6 210.2 211.5 212.7 213.2 213.2 212.7 212.1 210.1 209.5 209.2 208.9 208.5 207.9 207.9 207.6 207.4 207.8 208.3 207.4 205.3 203.7 202.1 201 200.7 199.9 198.2 192.3 192.3 197.2 194 190.3 188 186.4 186 185.7 184.1 182.7 181.5 180.5
60.2 65.4 72.6 85 93.1 100.5 110.3 120.2 127.7 134.8 139.9 144.1 147 151 155.1 158.7 162.3 165.4 168.3 171.8 174.2 176.5 178.8 180.9 183 185.2 187 188.3 191 191.7 195.4 197.2 198.6 199.6 200.6 200.8 200.6 201.5 202.6 202.7 204.4 205 205.6 205.4 206.4 206.8 207.1 207.2 207.4 207.9 208.9 210.3 210.8 210.6 209.7 208.2 207 206.3 206.2 205.7 205.1 204.6 204.4 204.2 205 205.7 205.3 203.7 201.9 200.5 199.4 198.7 198.8 198 196.2 194 190.3 192.3 191.4 188.9 186.2 184.7 184.1 183.4 183.6 182.1 181.3 180.4
54 57.1 63.2 73.2 84.2 94 100.7 112.1 120.2 128.4 135.3 140.1 143.5 147.7 151.4 154.7 157.4 160.3 163.1 167.3 170.1 172.1 174.5 176.7 179.1 181.7 183.3 184.3 186.3 188.6 191.6 193.7 195.7 196.9 197.5 197.8 198 198.4 197.7 200.8 201.8 202.9 203.4 203.5 204.2 204.8 204.9 205 205.2 205.8 206.5 206.2 206 205.7 204.9 204.5 204.2 204 203.8 203.1 202.4 201.8 201.5 201.6 202.6 203.7 203.3 201.1 199 198.1 197.9 197.4 197 196.2 194.3 192.9 190.1 189.7 189.2 186.9 184.9 184.1 183.5 182.8 182.3 181.8 181.2 180.8
45.5 48.7 52.5 62 72.1 82.6 90.7 98.7 111 119.2 126.7 132.8 138.1 139.9 144 149 152.3 155.2 158.7 162.5 165.7 167.9 169.2 170.2 172.9 176.4 178.7 180.5 182.9 185.4 187.7 190 192 193.6 194.2 194.5 195.8 196.7 196.7 197.6 199 200.6 201.3 201.6 202.1 202 202.6 202.9 203 203.7 204.1 203.6 202.8 202 201.9 201.7 201.7 201.6 201.4 200.3 199.5 199 198.3 198.8 199.1 198.8 198.7 198.4 197.2 196.6 196.3 196 195.5 194.5 192.5 190.9 190.6 190.2 188.7 185.9 184.5 183.8 183.1 182.8 182.6 182.3 181.6 182.2
38.8 40.8 47.3 48.5 54.6 68.9 78.8 88 91.4 103.9 112.2 118.4 122.7 131 136.8 141.4 146.1 150 153.4 155.9 158.9 162.1 164.4 166.1 168.7 172.4 174.9 176.8 179.2 181.6 183.9 186.1 187.7 189 189.7 191.3 193.1 193.7 194.5 194.7 196.5 198 198.9 198.9 198.9 198.9 199.9 200.4 200.7 201.1 201.1 200.9 200 199.5 199.5 199.3 199.1 199 198.1 197 197 195.9 195.2 195.8 196 196.3 196.5 196.4 196.1 195.5 195 194.6 194.1 192.5 191.7 191.5 191.4 190.3 188.6 186.3 184 183.7 183.3 183.2 183 182.8 182.7 183.3
55 53.6 63.2 61.4 64.4 57.6 61.7 62.3 62.5 79.3 89.2 98.8 108.6 118.2 125.7 129.9 131.9 136.6 144.9 148.1 151.1 155 158 162 165.9 168.6 170.8 173 175.1 177.2 179.4 181.4 182.8 183.8 185.4 187 188.7 189.2 191.3 192.2 192.8 193.4 194.4 194 194.5 194.8 196.2 196.4 197.2 197.6 197.3 197.7 197.3 197 196.9 196.2 195.5 195.1 194.8 194.2 193.5 192.8 192.3 193.2 193.6 194.1 194.3 194.4 194.8 194.5 194.1 193.7 193.2 192.7 192.7 192.5 192.4 191.3 190 186.1 184.5 184 183.6 183.5 183.3 183.4 183.9 186.1
56.6 59.5 65.8 67.2 70.1 73.3 71.1 76.2 80.7 82.8 82.5 83.5 92.7 101.6 115.6 116 109.5 119.2 127.4 135.9 139.4 145.5 150.8 156.7 159.8 162.6 165.6 168.1 170.1 171.9 174.1 176 177 177.8 179.9 181.2 183.3 182.7 186.1 186.5 186.8 186.6 188.3 188.2 189.4 190.6 191.9 192 193.1 193.6 193.7 194 193.8 193.5 193.3 193.3 192.7 192.1 192.3 191.8 190.9 190 190 190.9 191.5 192 192.2 193.2 193.8 194.1 194 193.8 193.6 193.6 193.8 194 194.2 193.4 191.5 189.1 187.7 185.9 185.2 186.1 187.2 188.3 189.3 192.3
58.4 65.2 66.5 70.8 73.2 76.7 81.2 83.9 85.9 98.3 103.4 105.8 105.8 101.3 95.3 104.6 110.8 110.4 115 121 122.2 130.7 143 147.7 151.9 155.2 159 162.3 164 165.8 168.5 169.7 170.7 171.8 173.4 175.7 177.1 177.9 179.4 180 180.7 180.7 181 181.7 182.9 184.8 186.8 187.3 187.9 188.9 189.6 189.4 189.3 189.5 189.6 190.2 190 189.3 189.8 190 188.8 187.6 187.4 188.3 189.1 190.2 191.3 192.4 192.8 193.7 194.6 194.7 194.4 194.6 195.3 195.4 196.5 196.6 195.3 194.1 192.3 191.4 191.6 192.8 193.9 195 196.1 198.4
57.7 65.6 71.1 73.3 78.5 79.9 85.9 91.3 98.4 103.6 107.7 110.1 112.5 114.7 115.3 118.3 123 121.6 119.9 119.8 117.7 118.9 130.1 138.6 140.8 145.7 151.3 155.4 157.4 159.7 161.5 162.9 164.2 165.9 167.5 168.8 169.8 170.9 172.8 173.9 174.8 175.3 176.3 177.7 178.9 179.7 181.2 181.7 182.4 183.8 184.4 185.3 185.7 185.9 185.7 186.5 186.6 186.7 188 187.5 186.6 185.1 185.7 186.9 188.2 189.4 190.1 191.3 192.4 193.7 194.9 195.6 195.5 195.9 196.8 198.2 200 200 199.8 199 198.1 198 199.3 199.8 200.7 201.7 203.9 205.7
58.9 64.6 72.2 76.9 79.6 83.4 89.7 99.9 103.7 108.6 112.7 114.6 116.2 119.2 122.8 125.5 127.1 129.2 132.9 135.9 138.2 137 133.3 131.6 134.4 132.4 134.4 141.8 146.9 147.6 151.5 153.5 154.4 159.5 161.1 161.6 163.8 164.8 164.9 169.7 170.9 171.9 171.7 172.9 173.7 175 175.9 177.7 178.6 179.9 181.5 181.7 182 182.2 181.8 182.6 181.2 181.7 181.3 182.5 182.4 184.6 186.9 187.6 188.9 189.6 191 191.9 193 194.7 196.5 196.9 198.1 199.7 201.3 202.3 203.9 205 204.6 204.6 204.6 206 207.4 207.8 208.9 210.5 212.3 213.1
59.8 65.3 71.1 80.3 81 85.1 92.6 100.5 107.2 111.6 115.6 118.5 121.2 124.8 128.8 130.6 131.7 135.1 140.1 144.3 146.9 149.5 151.6 152 152.1 151.5 153.1 150.3 145.6 144.3 144.5 144.3 143.3 147.7 155.5 150 153.7 151.5 156 161.3 164.8 166 166.3 164 163.6 162.4 169.2 173.7 176.6 176.8 177.9 178.5 178.6 177.7 176.7 176.5 178 181 182.2 183.8 185.7 187.6 188.9 189.6 190.4 191.1 191.9 192.8 193.8 195.9 198.4 199.7 201 203.3 205.8 206.8 207.4 209.3 210 209.7 212.3 214.3 215.7 216.9 218.2 220.4 220.9 220.1
55.1 64.6 71.5 81.1 84.4 86.7 92.4 101.2 109.1 113.4 117 120.9 124.4 129 132.8 134.5 135.8 138.8 143.2 147.4 154 157.2 157.7 158 155.9 155.5 155.6 155 154.7 154.5 154.3 152.4 152 150.7 147.2 149.5 150.4 156.3 158.4 157.6 159.5 158.2 160.1 162.2 166.8 168.3 165.2 167.3 170.7 171.5 169.9 170.8 172.8 174.3 176.7 179.2 181.5 183 184.2 186 188.1 190 190.8 191.5 191.9 192.7 193.5 194.3 195.5 197.8 200.4 201.9 204.2 206.8 209.3 211.2 211.9 212.8 213.8 216.6 220.4 221.5 223.3 224.9 228 228.4 228.4 228.5
59.8 56.7 71.3 78.8 84.6 88.3 92.9 98.4 109.4 114.9 118.4 122.3 126.9 131.4 134.7 136.3 137.4 139.1 143.4 150.1 158.7 159.1 158.7 159.2 157.9 157.4 157.3 156.9 156.4 156.1 156 155.5 155.4 155.6 155.3 157.1 159.4 160 162.8 163 163.7 163.7 165.4 166.2 167.5 170.3 170.8 169.8 168.2 171.5 173.6 174.8 177.7 179.1 180.9 182.6 184 185 186.2 188.2 190.3 192.1 192.6 192.9 193.3 194.2 195.4 196.7 197.9 199.7 202.8 205.6 208.9 211.5 213.8 215.9 217.8 217.7 218.9 222.1 226.2 228.1 231.5 235.2 236.3 235.3 234.7 235.5
65.6 66.4 63.9 73.1 84.4 86.2 91.3 98.2 105.8 114.3 119 124.2 128.4 132 133 133.7 134.3 135.7 140.7 147.7 151.7 154.4 156.6 157.5 158.4 157.8 157.8 157.7 157.2 157.1 157.4 158 158.2 158.6 159.5 160.3 161.6 162.9 164.5 165.8 167 167.7 167.7 169.4 170.9 172.3 173.9 174.2 176 176.4 175.3 178.4 180.4 182.2 183.9 185.1 186.4 187.8 188.8 190.5 192.2 193.6 193.9 194.5 195.4 196.7 197.9 200 201.2 204.2 207.2 209.9 213.9 216.9 218.3 222.7 223.9 224.5 225.8 232.2 235.9 236 239.8 243.8 245 244.2 242.3 242.7
68 72.6 69.4 71.3 74.2 80.4 90.6 97.5 105.3 110.8 118.7 124.2 128.6 130.2 130.2 130.8 131.2 133.5 136.2 140.2 143.5 149.9 153.4 155.6 156.8 157.9 158.3 158.2 158 158.2 158.7 159.3 159.8 160.7 161.9 163.1 164.3 165.9 167.4 168.5 169.6 170.8 171.2 172 173.5 174.7 175.6 177.7 179 178.7 179 180 182.2 184 185.3 186.7 188.3 190 191.3 192.8 194.3 195.7 196.6 196.8 198 198.8 201.3 203.9 206 208.9 212.4 215.4 217.2 219.3 221.3 223.9 227 229.4 233.8 241.3 242.5 243.7 246.7 249.8 250.3 249.7 249 248
69.7 73.4 75.7 76.5 82.2 89 85.9 95.2 104.3 107.2 112.6 119.1 123.7 125.5 125.6 125.1 129.2 132.5 135.2 139.9 143.8 149.3 152.2 154.5 156.1 157.4 157.9 158.2 158.5 159.3 159.9 160.5 162 164 165.5 166.5 167.9 170 170.8 171.8 172.2 173.7 174.4 174.4 175.8 176.6 176.9 179.3 180.1 180.2 179.5 181.6 183.6 184.8 186.1 187.9 189.5 190.9 192.7 194.5 196.3 197.7 199 200.2 201 202.3 204.5 207.4 209.5 211.7 214.8 216.8 219.9 221.6 223.4 226.5 232.5 234.3 238 244.4 246.2 249.5 252.4 254.2 254.3 253.3 252.8 251.5
64.1 74.8 76.4 81.2 84.9 91.8 95.2 99.8 107.5 111.7 113 112.2 118.5 119.4 121.4 125 129.1 130.7 135 139.6 143.4 148.6 151.6 154.1 155.5 156.9 157.3 158 158.9 159.8 160.5 161.8 164.1 166.6 169.2 170.6 172.7 173.5 174.2 174.8 174.9 176.5 177 177.2 177.6 177.9 177.9 180.4 181.5 181.8 181.4 182.8 184.2 185.6 187.4 189.3 190.9 192.3 193.8 195.7 198.3 200.9 203.3 205.7 207.3 207.6 208.7 210.5 212.4 214.5 218 220.3 223.7 227.2 229.1 231.6 235.3 236.8 242.4 247 250.7 254.3 257.4 258.7 258.7 257 255.1 253.6
65.6 77.5 80.7 84.6 89.1 95.3 99.2 101.4 107.3 111.1 113.6 115 116.5 119.5 124.2 128.7 133.3 137.5 141.7 144.6 147.9 147 151.7 154 155.7 156.9 157.7 158.6 159.6 160.4 161.5 163.4 165.5 168 170.6 172.8 175.1 176.6 177.6 177.6 177.6 179 179.3 179.2 179.2 178.9 178.8 181.3 182.4 183.2 183.3 184.2 185.6 186.9 188.6 190.6 192.3 194 196.3 198.3 201.8 205.2 206.6 209 211.3 212.4 213.1 213.5 215.1 217.7 221.3 224.3 227.7 230.2 231.8 232.8 235.9 238.9 243 250.4 254.5 258.3 261.8 263.1 262.2 260.9 258.8 255.9
70.4 79.5 83.7 88.3 89.7 98.2 102.6 105.6 108.1 112.2 115.3 117.4 120.1 125.3 129.7 133.9 138.2 142.5 146.5 149.6 152.4 152.1 153 155 156.5 157.4 158.2 159.1 160.3 161.2 163.2 165.3 167.5 169.9 172.2 174 176.4 178.8 179.4 179.5 179.5 180.4 181 180.8 180.5 180.4 180.3 181.8 182.9 183.9 184.5 185.6 186.8 188.1 189.7 191.6 195.2 198 200.7 203.9 206.1 209.3 211.1 212.7 215.6 216.7 217.4 219.5 220 223.4 225.6 228.7 232.1 233.9 234.6 234.5 235.3 240.9 246.3 250.7 259.4 262.6 264.8 265 263.4 261.1 259.6 256.9
72.4 78.7 85.1 91.2 95.6 101 105.4 108.8 109 114.8 119 121.8 124.7 130.3 135.2 139.1 143.5 148.5 151.7 153.3 154.4 153.5 152.7 156 157.1 157.9 158.5 160 161.1 163.1 165 167.1 169.5 171.9 173.9 175.5 178.1 181.2 180.6 179.6 180.9 181.5 182.1 182.1 182.1 182 181.8 182.3 183.5 184.5 185.3 186.5 188.1 189.4 190.9 192.9 197.8 202.1 205.6 207.9 210.5 213.4 216.2 218.9 221.5 227.3 235.4 242.7 246.2 245.3 247.7 243.5 238.6 238.9 239.5 239.2 237.2 244.5 251.1 258.3 263.9 267.3 267.6 267.6 266.1 262.8 260.4 257.3
73.5 81 84.9 92.3 97.2 101.9 107.6 111.2 113.4 117.3 122.3 126.1 130 135.6 140 143.5 147.8 151.9 154 156.4 156.4 156.1 155.3 155.9 157.6 158.4 159.4 161.1 163.2 165.2 167.2 169.3 171.6 173.5 175.2 176.7 180.5 181.6 180.8 180.5 181.6 182.6 183.2 183.4 183.6 183.5 183.7 183.9 184.3 185.3 185.8 186.6 188.3 190.1 192.2 194.4 198.3 203.2 206.4 209.1 211.7 215.7 219.6 222.5 225.8 238.8 249.3 254.1 254.5 255.8 256.4 254.3 249.2 246.5 245.3 245.7 244.3 249.3 250.9 262.9 266.4 269.8 270.2 269.6 268.6 266.5 260.2 259.6
71.3 81.8 83.1 90.4 95.2 102.4 107.8 112.9 116.1 118.9 126.7 130.1 133.2 137.8 142.4 145.9 149.6 154.7 158.4 159.9 158.8 157.7 157.2 156.6 157.9 158.7 160 161.9 164.1 166.7 169.3 171.8 172.9 174.5 175.4 177.4 179.8 181.9 182.2 181.9 182.4 183.5 184.4 184.9 185.2 185.3 185.7 186.1 186 186.6 187 187.7 189 191.6 193.9 196.8 200.3 203.3 206 208.6 212.8 217.6 221.7 225.9 230.5 245.3 253.1 258.9 259.1 261.1 261.3 259.5 258 253.2 251.2 251 249.3 250.5 257.4 261.6 267.1 269.8 271 270.7 270.2 267.8 264.8 264.7
70 74.8 81.6 90.5 95 101.6 108.1 113.8 117.5 123.1 129 132.8 136.1 140 144.2 148.6 153.4 158.4 161.4 161.7 160.5 158.8 158 156.9 157.6 158.6 160.2 162.2 164.9 167.5 170 171.4 173 174.5 176.6 178 179.6 182.1 183.5 183.2 183 184.1 185.4 186.4 187 187.4 187.8 187.4 188.2 188.8 188.9 191 192.9 194.2 196.3 199.2 202.9 206.1 209 211.9 214.6 218.5 223.4 229.4 233.6 248.1 254.1 258.8 261.3 263.3 263.6 264.3 262.1 259.2 255.3 254 254.6 252.4 260.1 262.9 265.6 268.3 269.5 270.2 269 268.8 270.6 270.5
72.1 79.8 84.1 87.7 96.6 101.2 107.4 114.6 118.4 127.3 133 136.8 141.6 144.7 148.4 152.8 158.3 160.5 162.7 162.2 161 159.9 158.7 157.6 157.6 158.7 160.1 162.3 165 167.7 169.3 171.3 173.8 176.1 178.7 180.3 181.7 182.8 184.7 184.5 184.3 183.8 186.4 187.8 188.7 189.6 189.9 190.1 191.6 191.8 192.2 195.5 198.3 200.8 201.9 203.3 205.9 208.8 212 216.2 219.7 221.9 225.3 232.2 238.2 249.9 256.1 260.2 263.7 264.9 266.4 266.2 263.7 260.8 258.5 258 257.9 259.3 262.2 268.3 268 269 269.1 269.2 269 269.9 271.4 271.7
74.2 76.5 86.4 94 99.4 102.6 108.5 115.3 121.8 132.4 141.1 143.5 149.1 151.7 153.5 158.3 162.1 162.8 163.1 162.4 161.3 160.5 159.6 158.7 158.4 158.9 160.1 162.2 165.3 168.4 170.2 172.1 174.6 177.5 180.4 181.8 183.3 184.8 186 186.1 186.1 185.6 187 189.3 190.2 191.3 192.6 193.9 196.1 197.3 199 203 205.6 207.4 207.8 208.8 210.8 213.6 217.3 221.5 225.5 227.7 225.4 233.8 241.2 250.1 256.9 262.8 265.5 266.9 267.4 266.7 266.6 265.3 263.5 263.1 263.4 264.7 266.1 268.8 270.9 270.4 270.2 269.6 269.1 269.6 270.8 269.5
77 82.3 81.3 95.5 100.5 107.6 113.4 117.7 124.2 134.7 142.8 147.7 152.9 156.6 157.8 162.1 164 163.7 163 163.2 162.9 162.1 161.2 160.1 159.3 159.6 160.3 162.2 165.5 168.9 170.9 172.9 176.1 179.4 182.1 183.2 184.5 186.6 187.6 187.8 188 186.4 189.6 191.3 191.7 193 194.9 197.4 199.9 201.9 204.5 208.6 210.9 212.1 213.7 214.9 216.6 219 222.2 227.2 231.3 232.4 233 235.7 241.2 247.6 257.8 265 268.1 268.4 268.7 268.6 270.6 271.7 271.5 270.2 268.8 269.4 269.7 270.5 272.9 270.7 270.4 269.8 269 269.9 270.7 267.3
80.1 82.6 87 99.6 105.2 113.2 123.3 128.9 133.6 135.9 137.1 147.3 153.2 156.1 158.5 162.1 163.1 163 163.7 164.1 164 163.7 162.7 161.8 160.8 160.9 163.1 164.4 166.6 169.3 171.5 173.8 178 181.2 183.5 184.8 186.2 188.9 190.4 190.5 190.3 189.2 192.2 193.7 194.4 195.8 197.3 200.4 203.9 207.3 210.3 214.1 216.1 217.9 220.6 222.1 222.2 223.6 226.8 232.3 234.2 235.5 236.1 236.5 242.7 248.5 254.7 262.1 265.5 267.5 269.6 272.3 277 281.9 280.8 277.6 274.3 273.2 273.4 272.2 272.3 269.6 269.7 267.4 267.1 266.4 266.3 263.7
84.4 88.5 94.2 105.9 111 120.8 129.5 138.2 143.1 146.5 148.7 145.5 144.7 148.8 154.3 159.4 162.1 162.9 164.2 166.2 166.7 166.9 165.6 164.5 163.7 165.1 166.4 167.8 170.3 171.4 173.4 175.3 179.9 182.7 184.6 186.2 188 190.7 192.6 192.8 192.3 192.1 194.4 195.8 197 198 199.9 202.9 206.7 211.2 215.1 220.4 223.1 227.4 229.8 229.8 229.5 231.9 235 236.7 237.7 238.1 238.8 239.5 243.5 247.7 253.1 261.3 263.9 266.4 268.5 272.8 279.5 285.3 286.5 282 279.5 276.9 275.5 273.8 271.3 269 267.3 265.7 264.4 263.2 261.6 261.1
87.2 91.3 100.7 110.3 116.7 128.9 137.8 147.7 151.9 155.6 158.8 156.1 152.6 150.7 154.8 159.7 162.7 164.6 167.3 169.3 170.6 170.4 169.4 168.1 167 169.4 170.3 171.5 173.5 173.9 175.2 178.5 183.2 185.7 186.1 187.3 190.1 192.3 194.2 195 195.6 192.7 195.7 197.1 198.6 200 202.5 205.2 208.6 213.8 219.7 225.7 230.9 234.5 236.3 237.2 237.9 240.4 241.2 240.4 240.7 241.1 241.5 242.4 243.8 248.8 255.1 258.7 261.9 264.8 268.4 273.8 280.4 286.5 289.8 283.6 280.1 278.3 275.9 273.5 270.6 268.5 266.6 264.3 262.4 261.1 260.3 258.9
91 93.6 104.6 114.2 124.8 136.3 145.5 151.7 158.1 162.3 165.9 163.8 159.9 154.3 159.2 164.4 166.9 170 172.4 173.6 173.6 173.2 172.4 171.5 172.4 174 175.3 175.6 176 176.3 177.6 180.7 185.1 188.6 188.4 189.1 192.2 194.5 196 196.6 197.2 197.1 195.4 196.2 197.7 199.8 203 206.8 210.3 216 221 227.9 232.1 236.1 238.5 240.2 241.3 242.3 242.9 243.7 244.1 244.8 245.9 246 246.2 250.4 255.4 258.4 261.2 264.4 269.2 278.8 290.3 291.5 289.6 285.7 281.1 278.3 275.7 272.8 270 268 266 263.4 261.2 260.6 259.4 258
