data/170000-870000.asc
ncols 200
nrows 200
xllcorner 170000
yllcorner 870000
cellsize 50
[rows 148 to 184 of 200, columns 85 to 169 of 200]
-2.1 -2.1 2.6 7.7 4.8 11.2 8.9 8.4 13.1 14.8 15 16.7 18.2 18.3 18.2 18.4 19.2 19.5 19.4 19.5 19.6 19.9 19.8 19.4 19.1 19.7 19.9 20.6 21.8 22.2 23 24.1 25.1 25.6 26 26.2 26 26.6 27.2 28.1 28.7 26.2 33.9 30.1 33.7 36.4 39 41.8 47.4 51.9 56.5 64.9 74.1 81.1 83.1 80.2 82 87.5 94.8 102.2 102.4 92.5 86.7 85.4 88.2 91.7 94.6 98 92.1 93 90.8 90.5 88.8 87.4 80.2 72.3 73.5 67.7 63 58.2 44.4 32.5 30.5 29.9 35.7
-2.1 0 2.3 9.1 13.4 15 14.7 9.7 13.9 15.8 17.1 17.6 18.2 18.4 18.4 18.7 19.4 19.6 19.7 19.9 20.1 20.4 20.3 20 19.7 20.3 21.1 21.9 21.7 21.9 22.9 24.1 25.3 26.2 26.7 26.7 26.3 26.7 27.6 29.1 33.8 32.7 28.4 31.6 33 37.1 38.9 40.6 47.1 51.7 56.1 62 70.1 76.1 80 80.5 80.5 86.8 96.1 106.2 105 95.6 88 84 84.6 90.3 91 93.6 93.4 93.1 89.1 93.6 90.7 80.9 73.6 65.8 66.4 63 59.3 52.1 47.6 37.7 30.6 30.9 33.1
-2.1 0.1 2 9.2 14.1 16.2 15.4 12.3 15 17.2 18.1 18.5 18.6 18.8 18.9 19.1 19.7 20.1 20.2 20.4 20.8 21.2 21.2 21 21.6 23.2 23.2 22.9 22.7 22.7 23.4 24.1 25.3 26.6 27.1 27.2 27.2 27.5 28.7 34.5 37.9 39.6 35.2 40.1 34.9 38 39.9 40.6 44 51.1 56.9 60.5 65.8 72 77.7 79.1 80.3 80.3 93.8 103.9 101.2 92.3 87.3 82.9 82.6 84 87.8 90.9 89.8 88.3 87.3 87.8 83.9 76.7 69.5 64.9 62.7 57.2 53.7 49.7 44.6 38.1 34 32.1 33.4
-2.1 0.1 2 8.9 15.4 17.1 15.9 15.2 16.8 18.6 19 19.5 19.5 19.6 19.8 20 20.7 21 21.5 22.1 22.2 22.4 22.8 23.5 23.9 25.7 26.4 24.7 23.9 23.8 24.2 24.6 25.9 26.6 27.6 28.1 29 29.9 31.6 34.2 36.2 37.4 41 46.7 42 36.3 40.8 42.1 43.3 50.8 57 59.1 62.4 67.4 73.4 77 81 75.4 84.8 92 91.3 90.7 86.6 80.6 80.8 81.1 83.1 82.8 83.1 82.9 81.7 77.9 74.5 71.1 66.4 64.9 62.4 57.7 53.3 48.1 42.9 39.4 37.6 36 31.3
-2.1 0.4 2.3 7.7 15.9 17.3 16.9 15.5 17 19.4 20.1 20.4 20.3 20.6 20.7 21.6 22.4 23.2 24.1 24.1 24.3 24.5 25.1 25.6 26.7 27.7 29.4 29 25.6 25.8 26.4 27.2 28.9 30.1 30.6 32.6 33.3 33.1 32 34.9 37.6 39.2 44.5 48.2 45.8 39.9 40.6 44 45.4 51.7 56.2 57.9 60 64.6 68.7 73.3 78.9 75.2 76.1 79.9 85.7 89.1 82.1 72.8 73.2 72 69.8 73.3 74.2 73.8 72.6 71.8 69.9 68.4 67.1 66.9 64.7 57.6 52.4 48.7 44.1 40.5 40.7 40.8 33.9
-2.1 0.9 3.5 9.3 14.3 17.4 16.6 16.3 18.2 20.3 20.9 20.9 20.8 23.4 23.5 26.3 26.3 26.1 27.9 29.4 29 27.6 27.4 27.6 29.2 30.6 34.4 38.1 34.8 35 33.9 35.6 39.4 39.3 37 38.5 40.6 37.9 33.6 37.1 39.5 42.2 45.1 48 47.8 42.6 43.6 46.5 48.2 53.3 56.6 56.7 58.4 64.8 67.9 62.3 69.5 68.9 66.3 69 72.1 73 69.1 63.7 63.9 61.6 61.2 65.1 65.6 65.6 68 69.7 70 69.3 69.4 70.4 67.2 59.6 53 49.4 45.3 42.2 42.4 43.6 36.8
1.3 2.5 6 13.3 15.7 16.7 16.7 18 19.9 21.7 22.3 22.4 22.8 28.9 31.6 37.9 33.1 32.5 35.5 39 38.3 34.7 31.5 31.6 33.4 36.2 46 51.8 50.8 51.5 44.8 46.5 50.7 48 44.3 44.5 46.5 43.7 41.8 36.8 42.8 46.9 46.8 47.6 47.7 43.8 45.2 47.5 48.7 49.8 51.8 54 58.4 63.3 63.6 52.1 56.9 58 59.3 58.3 61.1 61.9 58.5 56.5 55 52.6 52.6 55.7 59.3 63.8 69.5 71.3 72.7 70.6 69.8 69.9 67.9 58.1 53.2 52.9 52.6 44.1 44.4 46.9 42.5
2.5 6 9.8 14.3 16.4 17.7 19.4 20.9 22.9 22.8 28.4 24.1 24.6 30.8 43.6 46.8 42.1 43.1 47.5 48.5 48.6 44 41.7 42.5 43.9 44.7 42.4 48.4 56.2 63 60 57.3 55.4 54.7 53.2 50 51.4 50.8 48.9 36.7 47.9 48.9 47.7 47.9 47.8 46.5 45.4 47.6 48.6 49.5 49.6 49.5 53.9 57.2 56.1 48.6 47.6 48.4 49.8 45 44.5 51.9 49 47.5 45.5 44.5 47.6 53 58.2 66 73.4 77.1 77.4 75.4 70.9 66.2 62 57.5 55.3 55.8 55.5 47.4 50 48.6 49.2
3.9 9.3 16 18.1 19.2 21.2 23.5 24.3 31.8 32.7 40.8 35.3 33.4 31.2 39.6 45 48.9 50.5 52.8 56.3 57.1 53.6 51.8 51.7 50.8 52.4 53 47.9 56.5 61.7 64.3 65 65 66.2 67 59.7 56.9 56.3 57 45.2 49.3 51.1 49.8 49.4 49.3 48.9 48.1 47.7 48.2 49.3 48.7 46.1 46.1 49.6 48.5 47.2 44.5 44.5 44.5 44.5 44.5 44.5 44.5 44.5 44.5 44.5 47.7 53.9 61 73.7 80 80.9 80.1 79 71.9 64.7 62.3 61 59.6 60.6 60 52.5 53.5 52.1 52.2
5.9 13.9 18.7 20.9 21.8 22.8 31.4 34 37.3 40.3 44.2 41.1 39.2 34.6 39.1 43.9 46.8 49.5 53.5 61.1 66.3 67.2 62.2 63.6 63.4 62 57.8 54.6 57.6 63.7 64.8 67.3 68.5 70.4 74.5 68.9 64 62.6 62.7 52.2 44.5 51.4 50.4 50.3 50.9 52 46.6 49 46.1 46.1 46.1 46.1 48.4 49.6 49.1 48.5 50.5 44.5 44.5 44.5 44.5 44.5 44.5 44.5 44.5 44.5 49 56.6 70 79.8 84.8 87.5 85.9 83.1 71.9 64.3 61.9 63.4 64.4 65 62 58.5 58.9 57.1 54.4
10.9 16.8 20 22 22.9 24.1 32.1 40.6 40.8 40.7 44 43.9 43.4 39.8 42 47.7 48.6 49.9 53 56.9 60.2 61.1 61.2 61.5 61.2 65 61.4 61.8 56 61.6 64.3 68.8 70 72.6 74.8 74.1 71.5 71.8 68.3 60.4 41.2 51.8 51.2 50.8 51.7 53 49.6 46.4 46.1 46.1 46.1 48 52 52.9 51.6 50.2 50.5 44.5 44.5 44.5 44.5 44.5 44.5 44.5 44.5 44.5 53.9 64.6 71.6 79.3 84.5 91.7 91.8 84.3 71.9 65.3 65.7 67.9 67.6 67.9 68.5 64.4 63.7 61.7 54.9
16.2 19.2 21 23.1 23.6 24.6 35.6 44.1 43.7 41.8 44.9 45.6 46 45.2 44.5 47.8 49 51.6 58.3 61.4 61.2 62 61.2 62.8 61.2 61.2 61.1 63.1 61 60.5 63.7 66.1 71.6 74.8 76.1 76.9 76.8 76.4 72.4 64.9 49.6 51.7 51.5 51.4 52.3 52.9 50 46.1 46.1 46.1 48.1 51.1 54 54.1 51.6 49 44.5 44.5 44.5 44.5 44.5 44.5 44.5 44.5 44.5 44.5 54.9 62.6 71.9 78.2 84.1 92.2 88.3 80.2 70 65.6 68.9 71.6 73.4 75.3 75.6 71.4 67 62.4 58.4
19.3 20.2 22.4 24.1 24.6 25.1 34.5 46.8 51.5 45.6 48.9 48.6 48.4 48.7 47.5 48.9 50.1 54.9 65.3 66.9 65.4 62.7 61.2 61.2 63.4 61.2 60.8 63.5 64.1 62.1 63.3 66 72.1 75 77.6 77.1 77.3 74.9 73.1 69.8 59.6 47.5 50.8 51.2 52.9 52.3 48.2 46.1 46.1 46.1 49.9 52.1 54.3 50.6 44.8 44.5 44.5 44.5 44.5 44.5 44.5 44.5 44.5 44.5 44.5 44.8 52.8 60.8 71.6 76.2 81.7 85.7 79.1 74.1 68.3 67.2 72.1 75.9 77 78.7 78.3 77.4 69.6 64.9 69.2
20.4 21.2 22 25 26 25.4 35.6 49.6 55.2 51.1 50 50.3 50.8 51 49.3 49.9 51.2 56.6 66.2 70.6 66.7 61.2 61.2 61.2 65 61.2 61.6 64.6 65.1 63.3 63.2 66 72.1 73.8 76.1 79.2 76.7 74.4 70.8 67.6 60 49.8 49.5 51 51.5 51.3 50 46.1 46.1 48.2 49.8 51.3 52 45.5 44.5 44.5 44.5 44.5 44.5 44.5 44.5 44.5 44.5 44.5 44.5 44.5 52.7 61.1 69 74 78.2 78.3 74.8 70.8 69.5 69.8 76.3 83.5 79 78.5 78.9 80.3 72.5 77.5 80.3
20.8 21.3 22 23.5 25.8 25.9 37.2 49.6 56.2 54.4 51.6 52.8 54.9 55.1 51.6 50.8 51.8 57.8 64.3 68.6 70.8 70.7 61.2 61.2 61.2 61.2 61.9 66.4 65.4 64.1 62.8 64.4 70.5 74.6 76.4 78.3 72.5 72.3 67.7 63.2 58.5 51.9 49.8 50.7 51.3 51.1 50.9 49.6 48.6 48.6 49.9 50 45.9 44.5 44.5 44.5 44.5 44.5 44.5 44.5 44.5 44.5 44.5 44.5 44.5 44.5 47.3 56.7 65.1 71.3 74.5 74.5 72.5 70.4 69.6 70.7 76.2 87.5 86.9 79.3 78.8 93.6 92.8 91.2 80.2
20.7 21.3 22.1 22.9 26.3 27 38.3 47.6 54.5 55.9 53.8 55.2 59.7 61.5 55.6 51.3 52 58.9 64.9 71.1 74.8 74 61.2 61.2 60.8 63.7 62.7 65.9 65.4 64.1 63.2 64.2 69.6 74.3 72.3 69.5 67.4 66.4 65.1 63.9 59.8 52.7 51.6 51.6 51.2 51.1 50.8 50 49.5 49.7 49.5 47.4 44.5 44.5 44.5 44.5 45.1 44.5 44.5 44.5 44.5 44.5 44.5 44.5 44.5 44.5 44.5 57.1 62.7 66.8 71 72.4 72.3 71.1 70 69.4 69.2 75.6 83.3 73.8 72.4 83.9 92.3 85.7 72.2
20.5 21.3 21.8 22.4 24.2 30.7 38.7 45.5 53.1 57.7 55.5 55.7 60 62.7 59 51.9 55.2 60.9 65.9 70.8 74.7 72.8 65.8 61.2 62.4 65.9 65.8 65.3 65.2 64.3 63.2 64 65.5 67.5 68.3 67.8 67.4 66.2 65 63.7 58.2 53.2 53 51.6 50.7 50.5 50.4 50.3 48.3 47.3 47.9 47.9 46.1 44.5 45.3 46.6 45.1 44.5 44.5 44.5 44.5 44.5 44.5 44.5 44.5 44.5 44.5 52 58.6 62.4 64.8 69.3 72.7 72.9 70.7 69.5 68.5 67.5 67.2 62.9 58.1 62.1 81.2 85.8 75.8
20 20.6 21.2 21.9 23.4 28.3 35.6 41.3 48.9 56.9 56.9 56.6 59.2 62.8 62.1 57.7 59.1 63.9 69.5 73.7 73.1 71.8 68 64.8 63.6 68.4 72.3 66.1 65 64.1 63.6 64.2 65.3 67.1 68.4 68.6 69.8 69.2 65.3 63.6 57.2 53.7 53.2 51.6 51.4 49.9 48 47.3 46.8 46.8 46.7 47.9 48.2 47.8 46.8 44.5 44.5 44.5 44.5 44.5 44.5 44.5 46.1 45.6 44.5 44.5 44.5 48.9 55.6 59.3 61.5 65.6 69.8 72.2 70.6 69.2 67.4 65.2 63.4 59.4 53.5 50.8 62.1 78.9 81.9
19.5 20 20.5 21.4 23.3 26 34.4 36.5 43.9 52.6 59 60.5 60.9 62 63.3 64 62.4 67.1 72.8 77.1 73.2 73.7 71.4 68.2 64.6 68.9 74.1 67.8 64.7 63.7 63.5 64 66.6 68.4 69 69.3 69.8 72.4 72.1 66.7 59.9 54.5 52.6 53.1 53.4 52.4 49.9 47.1 46.8 46.8 46.6 48.1 48.9 48.6 45.7 44.5 44.5 44.5 44.5 44.5 44.5 44.5 47 50.4 48.1 44.5 44.5 45.9 56.6 59.1 59.4 62.1 65.5 69.3 69.2 67.6 65.2 61.6 57.9 53.1 48.4 42 47.6 63.3 68
19.3 19.6 19.9 21.1 23 24.9 29.9 36.6 44.4 52.3 58.3 62.1 61.6 61.4 64.4 67 65.3 71 75.8 78.4 77.4 75.9 73.8 70.4 70.1 67.3 73.3 68.5 64.9 63.8 63.8 65.5 68 69.7 70.1 70.6 71.2 71.9 72.7 68 62.9 59.6 53.5 53.6 55.5 55.7 54.5 49.8 46.9 46.8 46.8 46.6 48.1 48.8 49.8 44.6 44.5 44.5 44.5 44.5 44.5 44.5 45.6 51.4 50.8 47.7 46.5 45.4 54.6 57.3 56.9 58.3 62.6 65.8 67 66.1 61.8 57 52.9 48.6 42.7 37.2 37.8 44.1 44.6
20.3 20.3 20.2 21 22.2 23.9 26.2 33.4 43.9 50.4 55.9 59.1 57.2 59.9 64.9 69.1 68.8 71.2 76.6 77.2 79.2 79 78.7 72.2 71.3 68.2 69.8 68.5 65.6 64.1 64.3 67 69.4 70 70.8 71.3 72.2 71.9 72.2 66.4 63.6 58.9 56.5 57 57.7 59.3 59 56.7 54.7 52 47.2 46.8 47.6 47.8 47.8 44.5 44.5 44.5 44.5 44.5 44.5 44.5 44.5 50.7 53.5 51.6 48.8 45.6 50.3 53.3 54.1 54.4 59 61.3 62.4 60.7 55.4 50.7 44.7 39.5 36.3 35.7 36.2 36.7 35.9
20.4 20.4 20.3 21.2 22.3 23.5 25.5 27.6 39.5 47.5 49.8 51.4 53.4 57.9 63.7 68.3 69 67.7 70.2 72.6 75.8 78.3 75.9 72.8 72 69.6 69.3 69.5 69.4 67.5 68.3 71 71.1 70.9 71.5 73.7 75.1 77.3 77.1 75.8 72 69.8 66.8 65.1 64 64.1 64.5 63.9 61.9 60.2 57.2 55.6 52.2 49.7 49.7 48.8 46.9 44.5 44.5 44.5 44.5 44.5 44.5 49.7 53.5 51.7 50.7 47.3 42.6 46.5 49.9 50.9 53.1 56 56.6 53.8 47.9 40.5 35.1 35.1 35 35.1 34.8 34.7 34.4
20.1 20.2 20.4 21.5 22.2 23.1 24.9 26.6 31.9 36.4 39.6 43.2 47.8 52.7 60.6 66 66.4 66.3 65.8 66.3 67.4 70.5 73.6 74.6 74.9 70.9 70.8 70.8 72.3 70.8 73.1 76.7 76.8 76 75.2 79.4 82.4 85.3 87.1 86.7 85.1 85.1 78.8 73.9 70.7 70.3 69.3 69.7 67 67 62.9 61.9 59.2 54.9 50.2 49.8 45.1 44.5 44.5 44.5 44.5 44.5 45.1 49.6 53 51.8 50.7 50.6 46.1 41.1 42.6 43.8 45.7 44.6 43.5 41.1 35.6 35.2 35.3 36 35.7 37.8 36.3 38.6 35.5
14.7 15.4 18.4 19.5 20.4 22 23.1 25.4 25.9 29.5 34.8 40.4 43.6 46.2 52.4 57 58.7 59.7 58.9 59.8 63 68.6 74.7 78.3 74.2 71.9 72.3 72 73.3 74.2 75.7 86.3 85.5 85.1 84 83.3 85.4 89.4 92.1 96.4 94.8 91.3 86.5 82.4 78 76.9 74.6 74.4 72.7 74.3 66.8 63.5 61.6 57.8 52.3 45.5 44.5 44.5 44.5 44.5 47 46.9 49.3 51 51.2 49.8 52.9 53.7 47.4 41.8 36 35.4 35.4 35.5 35.6 35.9 35.9 35.1 35.9 35.9 35.4 40.4 40.8 39.5 38.4
14.7 15.7 16.2 17.4 18.7 21.4 22.5 23.9 24.1 25.3 29 34.8 39.9 40.9 44.3 47.7 50 51.4 52.4 54.4 58.4 64.6 70.2 73.6 74.7 71.9 72.8 75.7 77 78.2 79.3 80.7 83.7 88.3 90.3 87.2 88.8 94.2 97.4 102.2 104.2 97.1 90.5 90.2 83.1 82.5 78.2 76.9 75.2 73.6 67.1 65.3 64 60.2 47.5 44.5 44.5 44.5 44.5 47 50.1 50.7 51.2 51.6 50.4 48.6 48.1 48.1 42.1 38.4 35.9 35.9 35.9 35.6 35.9 35.9 34.7 35.2 36 35.9 35.9 39.7 36.9 38.2 39.4
15.8 15.1 15.8 17.1 18.7 20.6 22.2 23 23.9 24.9 25.3 28.7 33.4 32.9 36.2 38.2 41.4 43.8 46.7 49.6 55.1 59.1 64.3 67.5 71.3 72 75.4 78.2 80.2 81.1 82.3 83.1 85 87.1 88.8 95 96.6 99.3 104.4 109 107.7 100.1 93.5 93.5 89.2 86.8 84.9 79.1 76.7 75.9 70.8 69.5 69.2 69.8 56.2 44.9 44.6 44.5 44.5 44.5 54.8 54.3 51.7 51.6 52.8 47 42.6 39.2 35.8 35.7 35.9 35.9 35.9 35.9 35.9 35.9 35.5 34.5 35.7 35.2 38.6 38.2 36.9 38.8 36.9
19.4 16.4 16.5 16.7 18.3 19.8 21.3 22.2 23.8 24.6 25.6 26.3 27.4 27.5 27.7 30.3 34.8 38.3 42.1 48.4 50.1 54.5 57.2 62.2 66.6 70.3 74.2 77.3 79.7 81.2 83.8 85 86.7 88.3 88.9 89.9 95.1 103 110.9 113.5 110.3 105.2 99 97.7 92.7 90.8 89.9 81 79.7 76.9 72.5 71.6 73.2 74.5 79.8 68.9 56.3 44.6 44.5 44.5 47.5 50.3 49.9 50.9 51 45 39 37.4 36.6 35.9 35.9 35.9 35.5 36 36.1 36.1 35.5 34.5 34.2 35.4 34.8 36 36.1 36 35.5
21 21.2 21.6 16.7 17.6 18.1 19.8 21.7 24 25.1 25.8 26.5 27.3 27.8 28.6 29.2 31.4 34.8 40 44.4 49.6 48.8 50.1 54.4 60.7 66.7 71.6 76.2 78.9 81.7 85.2 86.8 88.4 89.1 89.6 91.7 95.2 100.2 113 118.3 114.1 107.9 102.7 99.8 94.8 93.4 91.5 83.5 82.4 76.1 73.2 73.7 76 77.1 76.5 71 65.8 61.7 58.5 54.8 49 47.1 49.3 50.9 50.9 47 39.3 38.7 37.4 36.5 36.1 36.5 36.3 36.3 36.3 36.4 36.8 37.9 36.1 34.7 35.8 34.8 35.7 37.7 37.4
18.7 21.5 22.2 22.5 22.2 19.6 19.6 22.1 24.6 25.4 26 26.8 27.5 28.2 28.7 29.2 30 31.8 35.8 41 43.8 43.9 45.9 50.1 56.4 61.5 68.8 72.3 77.7 83.3 87.5 88.9 89.1 89.6 91.1 94.1 97.1 99.3 106.5 117.7 119 113.1 106.5 103.3 97.1 95.6 93.9 86.7 83.5 79.8 78.2 80.3 79.2 80.1 79.1 74.5 70.2 68.6 65.6 62.8 61.2 54.5 51.7 53.8 52 50.7 48.9 48.2 46.7 43.6 36.9 37.3 38.1 37 37.7 39.1 42.9 46.6 39.5 37.9 37.9 37.5 37.2 39.3 40.5
20.4 20.4 22 23.1 22.5 20.5 19.9 20.8 23.5 25.4 25.7 26.7 27.7 28.2 28.7 29.3 30.6 31.6 32 35.8 37.7 40 43.3 48 52.3 56.9 62 68.9 75.4 81.7 86.2 88.6 89 90.1 92.4 96.3 98.7 101.1 102.4 112 119.3 117 111.7 107 103.2 99.2 98.2 97.3 90.1 84.2 84.2 86.2 86.2 84.6 83.4 80.2 76.4 73.4 71.3 69.5 66.9 61.2 57.8 64.2 62.1 54.6 53.8 54.3 52.9 50.7 45.3 45.1 42.1 40.7 42.1 44.3 47.5 47.3 43.3 40.1 39.8 38.5 40 42.5 42.1
22.2 22.5 22.1 23.6 23.8 23.8 24.4 20.4 22.3 23.6 23.1 26.2 27.1 28.1 28.7 29.9 31 31.8 32.6 33.8 35.2 37.8 42 46.5 50 55.7 61.7 67.1 73.7 78.4 83.7 86.7 88.3 90.5 92.6 96 99.7 104.4 104.9 109.4 114.1 111.8 110.9 111.9 110.6 105.5 102.6 103.2 98.1 90 87.7 89.2 92.1 91.6 87.9 85.6 82.5 80.1 78.2 76.7 73.3 69.8 65.2 64.4 63.9 58.3 58.4 63.8 56.3 53.6 51.1 49.5 44.8 45.4 47.5 52.7 56.7 55.5 52.6 49.8 48.9 46.3 43.9 45.3 46.6
22.5 23 23.6 24.1 24.4 24.4 25.5 25.7 25.9 22.6 26.2 25.8 26.4 26.9 28.8 29.7 30.9 31.1 32.3 33.5 34.5 35.8 39.2 43.3 48 53.9 60.7 67.1 71.4 77.1 81.2 83.5 86.6 88.5 91.2 94.7 98.6 101.6 103.1 103.7 109.6 109.7 107 104.9 108.1 112.4 110.7 107.1 103.2 98.2 92.6 92 93.8 96.5 91.4 91 88.6 85.8 83.9 83.2 80 75.7 72.9 71.4 66 62.9 63 71.4 65.3 56.6 52.5 47.8 48.6 51.9 53.3 56 58.6 60.9 63.1 60.7 53.4 49.3 47.1 48.3 48.3
22.8 23.3 24.3 24.8 25 25 25.7 26.4 26.4 26.8 27.2 27.7 27.8 28.6 28.7 29.7 30.1 31 32.2 33.2 34.2 35.4 37.1 39.5 43.1 50 55 61.7 65.7 71.3 74.9 77.5 80.4 84.5 88 92.2 95.4 98.2 101.1 100.7 101 107.6 108.7 104.9 105.3 110.2 112.5 109.2 104.1 100.7 96.7 95.6 98.4 100 97.7 97.1 94.3 92 90.6 90.1 88.6 85.5 81.9 77.6 71.8 69.8 64.8 69 63.5 56.9 50.7 48.1 50.9 55.2 56 58 60.5 62.5 65.2 61.5 55.7 52.3 50.3 49.7 49.8
23.7 24.1 25.2 25.7 25.8 26.2 26.3 26.9 26.9 27.2 27.4 28.3 28.4 29.2 29.6 30.3 30.7 31.1 32.1 33 34.5 35.5 36.5 37.8 40.1 44.5 50.4 55.9 61.5 64 68.1 71.6 76.3 80 84.1 88 91.5 94.5 96.3 96.6 98.4 104.6 106 104.9 104.9 106 110.8 109.4 106.2 102.9 101.3 99.8 101.9 103.1 102.5 100.5 98.6 95.6 96 96.6 94.9 93 90.1 84.2 80.4 75.7 71.9 60.1 59.7 53 50.3 51.1 53.4 55.2 59.5 60.9 62.4 62.3 66.4 60.2 57.4 56.3 53.4 51.8 51.4
25.1 24.9 30.4 32.3 34.3 34.2 37 35.7 33.9 33.4 27.5 28.5 28.9 29.8 30.1 30.7 31.1 31.8 32.5 33.6 34.6 35.6 36.2 37.3 38.7 42 47.7 51.3 55.2 58.3 62.7 67.5 72.1 77.6 80.3 83.7 87.1 90.8 92.1 95.3 98 103.1 106.2 105.5 104.9 104.9 104.9 107.6 106.6 105.7 105 103.1 103.9 103.9 103.1 102 100.6 98.6 99.5 99.1 97.8 97.9 96.9 89.9 83.1 72.9 66 63.2 53.7 51.9 51.3 55.6 61.2 57.3 59.7 63.4 65.3 64.3 63.2 58.4 57.3 56.4 56.2 54.4 53.3
40.5 36.9 40.8 43.1 43.2 43.5 44.9 44.1 43.2 40.9 38.6 34.8 38.1 36 30.6 31.2 31.9 32.5 33.2 34.5 34.6 35.3 35.9 36.9 38.2 40.4 44.2 46.4 50.4 53.8 59.6 64.1 68.2 72.2 76.3 79.8 82.9 86.7 91.6 95.3 97.7 100.8 107.8 107.8 106.1 106.3 105.2 105.5 107.1 107.3 106.7 106.4 107.1 106 105.1 104.2 103.7 103.8 104.6 100.8 100.9 101.2 98.8 90 77.2 72.1 65.1 59.7 54.3 51.4 51.6 54.9 64.4 65.2 64.8 64 64.2 63.8 62.2 57.9 56.5 57.3 61.7 58.9 59.4
49.7 48.1 43.5 49.1 51.1 51 54.1 52.7 49.3 48.1 43.8 41.7 41.9 41.9 31.9 32 32.6 33.3 34.6 36.5 36.9 36 36.4 36.5 37.2 39.2 40.9 46.1 51.5 52.6 55.9 62.3 66.5 70 73.6 76.8 80.9 85.3 90.1 94.2 98.2 102.1 107.4 109.9 109.5 108.8 108.1 107.9 109.4 109 108.5 108.6 111.2 111 108.5 107.1 106.2 107.2 107.6 103.1 102.1 101.7 100.6 87.3 78.1 71 64.6 58.6 55.8 52.5 52.2 53.1 58.9 65.3 66.1 64.8 63.7 63.9 63.1 58.7 57.6 63.5 63.9 64.3 65
