data/170000-810000.asc
ncols 200
nrows 200
xllcorner 170000
yllcorner 810000
cellsize 50
[rows 0 to 36 of 200, columns 0 to 83 of 200]
135.2 141.9 150.5 154.6 150 147.1 144.1 142 145.3 147.2 148.8 149.6 150.5 154 155.9 158.5 162.1 166.6 170 173.5 176.9 183.6 191.1 193.7 195.2 196.1 204.2 214.3 221.3 228.1 226.8 226.3 228.3 232.6 234.7 232.6 238.5 241.4 244.9 246 248.2 255.6 263.1 270.5 278.9 279.1 275.8 278.8 281.5 284.8 283.7 279 280.4 282.3 280.2 282.4 291.6 302 307 313 319 324.6 326.7 327.2 326.2 323.1 318.7 314.5 306.4 298.4 296 292.3 289.4 289 291 293.9 298.3 304.3 313 323.2 330.1 339.1 352.8 364.8
137.3 145.3 150.5 151.4 149.8 146.7 142.8 143.5 148 150.1 150.3 150.9 149.8 152.3 157.9 160.2 163.4 168.6 172.3 177.2 182.9 191.4 195.2 199.1 200.2 199.8 211.8 219.6 226.7 231.6 230.5 229.2 233.1 237 240.1 236.9 240.1 244.6 247.5 250.7 256.1 263.1 270.5 279.2 289.7 284.4 285.4 290.7 293 298.8 296.6 292 293 298.1 292.4 289.3 294.2 301.6 310.3 319.2 326.7 330.3 329.2 331.3 331.4 330.7 327.8 320.2 311.7 303.1 300.8 296.8 292.5 291 294.7 297.3 301.4 306.2 309.2 317.8 326.9 334.9 346.5 359.6
136.5 141.9 146.8 150.3 147.2 143.4 140.4 145.1 150.2 151.8 150.6 151 152.2 155.3 159.5 159.8 165 170.7 176.6 182.4 188.5 193.9 198.7 203.1 205.6 203 216.3 225.6 231 233.5 232.5 233.7 236.6 241.6 243.7 241.4 244.7 251.8 254.7 259.6 264.5 270.9 278 287.9 290.7 293.2 298.3 303.2 306.5 304.8 303.5 303.3 304.1 306.5 307.6 298.6 300.3 307.8 316.4 325 331.5 335.3 336.8 338.2 338.4 340.3 332.4 325.3 318.8 311.9 309 303.6 300 298.5 297.7 300.5 299.6 305.3 309.8 316.4 325.3 331.7 341.4 351.4
134.6 139.1 143 145.7 143.1 140.5 143.4 149.2 155.8 151.2 151.2 152.9 154 156.2 158.7 162 167.9 173.7 179.5 185.3 189.4 194.8 200.9 206.6 209 208.3 218.1 227.8 232.7 235.3 237 238.8 240.5 241.1 240.9 241.5 247 258.1 262.3 267.3 273.1 279.6 285.9 288.7 291.4 302 310.3 316.4 318.4 309.2 310 312.1 313.2 315.1 313.8 309.2 309.8 314.4 323.5 332.5 337.3 340.1 343 344.1 347.7 343.5 335.7 331.4 326.8 320.3 314.9 309 307.7 304.8 301.4 300.7 301.3 305.2 309.4 314.8 321.6 328.8 337.8 347.8
131.7 136.8 140.4 139.9 140.6 142 146.5 150.7 153.9 151.5 151.2 152.2 151.1 154.1 159.2 164.5 170.9 176.6 182.3 188 192.3 197.7 203.9 209.5 213.9 214.9 221.7 230.2 231.7 234.9 237.7 240.4 242.5 244 242.6 242.2 250.8 261 270.1 275.6 282 288.5 293.5 294.2 302.3 311.9 320.6 327.6 331.6 321.5 317.2 320.8 324.2 328.6 319.7 319.3 319.7 323.2 331.3 340.4 345.9 349.8 349.3 350.5 355.7 351.6 342.5 338.4 334.3 328.8 323.4 317.2 312.4 309.9 307.6 306.4 305.9 308.2 310.1 317.4 321 324.9 331 341.7
128.6 132.8 136.7 139 140.3 143.1 147 149.8 149.9 150 149.6 150.1 149.5 153.8 159 165.2 173.3 177.8 183.7 191.1 195.2 200.2 206.7 211.8 217.1 222 224.9 227.8 229.6 233.2 236.7 239.1 245.2 250.4 248.1 246.3 256.4 268.4 278 284 291 296.4 295.2 302.2 318.8 324.6 331.9 340.2 343.6 335.7 331 332 335.4 332.8 327.9 329.3 332.9 334.3 338.9 348.2 355.6 360.2 362 361 359.6 359.1 350.5 345.9 341.7 336.4 331.4 325.6 320 316.8 313 311.5 310.4 309.6 311.5 318.9 321.8 326.1 333 338.9
125.4 129.6 130.2 135.4 139.9 141.8 145.4 146.2 146.2 148 149.3 149.9 151.5 155.7 160.1 163.2 171.4 179.2 185.4 191.9 199.4 202.3 208.1 212.2 216.5 219.4 221.7 224.5 227.5 231.3 236.5 244 249.8 250.2 249.1 250.1 259.6 271 282.1 290.9 296.8 294.7 301.7 314.1 330.5 334.5 344.2 349 349.7 343.6 340.2 343.1 345.6 341.3 336 339.8 342.5 348.6 347.6 353.5 363.9 369.1 372.4 372.3 368.4 364.9 359.1 353.8 348.7 343.1 337.5 331.8 327.6 324.6 320.4 317.2 315.3 314.5 315 318.5 322.3 330.2 339.5 343.7
120.6 126.5 129.5 133.8 139.2 140.8 141.5 142.7 141.5 143.6 148.7 150 154.9 160.5 166 169.3 173.5 179.5 187.2 189.6 196.9 201.3 206.4 210.5 214.7 218.7 221.1 223.8 227.1 231.3 240.8 248.9 249.7 249.5 249.5 255.3 264.6 273.9 285.7 294.5 294.1 297.7 309.6 324.4 331.2 343.2 351.3 358.3 358.5 353 352.5 354.8 353.3 349 344.2 348.8 351.7 357.8 356.9 359.1 371.9 378.6 380.2 378.7 373.8 370.6 366 360.8 355.8 350.6 345.4 340.1 335.6 333.2 328.3 320.6 320.7 320.4 319.1 319.6 326.3 332.6 339.4 340.3
119.7 124.3 127.9 131.9 134.6 135.7 136.7 139.4 139.4 142.3 149.8 151.7 158.8 164.4 169.7 174.4 177.9 181.8 189.9 190.1 196.6 200.4 204.8 209.9 216 219.7 223 226.5 229.5 231.9 240 246.6 250.7 250.6 253.9 260.7 270.1 279.1 286 291.1 294.2 303.6 314.3 327.6 336.2 347.1 357.2 361.4 361.2 362.3 364.1 367.4 360.4 353.8 350 353.8 361.5 362.8 367.3 366.1 376 382.5 385.9 383.9 378.2 375.1 371.9 367.6 362.6 357.7 353.7 348.6 344.1 340.8 335.8 329.3 329.1 324.5 320 322.7 329 331.9 338.2 339.9
120.6 125.1 128.7 130.4 130 130.2 133 139.4 142.7 145.7 150.7 156.1 162.6 168 173.6 179.2 182.1 183.4 189.4 194.8 199.3 203.3 207.8 213.3 218.7 223.3 226 229.2 233 236.9 240.4 244 250.5 251.6 258.1 266.1 276.1 283.5 286.3 290.1 299.9 310.3 320.6 331.3 341.7 352 360.4 360.9 364.5 369.5 372.6 373.1 365.4 358.8 356.5 362 366.1 368.5 373.7 378.7 375 384.1 392.4 388.2 383.4 380.7 379.1 373.8 369.2 367.9 361.8 357.2 353 346.7 340.5 333.3 329.1 327 323.9 326.9 330 330.3 336.7 340.6
123.5 127.4 130.4 130.5 130.6 130.4 134.5 141.2 144 148.9 155 160.7 166.3 171.8 177.6 182.5 185.4 187.4 190.1 196.9 202.4 206.3 211.5 216.1 223.2 228.8 229.9 232.3 236 240.5 241 242.1 248 255.2 262.4 271 280.7 282.5 285.1 292.9 305 315.1 326 336.9 346.7 353.3 359.4 364.2 369.2 374.6 378.9 375.9 368.1 365 364.6 368.8 370.7 373.7 378.9 384.7 385.2 387.5 396.3 390.4 388.9 386.2 386.5 380.5 377 372.1 370.4 368.8 360.7 352.5 345.1 339.3 335.7 335.3 332.7 336 336.4 337.3 339.3 340.9
125.1 129.7 132.3 130 129.3 130.7 137.3 142.2 146.7 152.3 158.6 162.8 168.3 173.8 179.3 183.4 186.8 189.8 193 199 205.5 209.9 213.8 218.2 225.8 230.9 231.1 232.5 235.9 238.5 239.8 244.7 250.7 256.9 261.2 273.2 280.7 283.3 290 295.9 309 320.3 331.2 340.2 350.5 358.1 360.8 369.5 374.9 380.6 386.8 378.3 371.6 369.9 371.7 373.9 375.3 380.4 384.7 388.6 390.6 389.3 389.8 389.3 390.8 390.7 388.4 383 379.1 376.4 370.7 369.9 365.4 357.8 349.8 342 346.7 345.6 343 344.5 343.7 342 341.3 343.4
127.3 130.5 128.8 123.3 127.8 131.5 138.6 142.7 149.3 155.5 161 165 170.2 175 179.8 183.9 188 191.1 195.6 201.1 207.9 211.8 215.4 219.1 227 231.1 231.7 233.1 234.9 238.1 241.2 247 254.5 262.4 270.5 270.6 278.3 284.7 293.3 302.3 313.3 320.2 332.7 341.5 349.9 357.9 365.9 371.7 379.7 384.1 384.9 379.1 374.4 372.2 376 378.4 379.8 386.2 390.5 396.3 397.2 391.8 391 390 389.3 389.4 389.5 385.1 379.9 379 372.7 370.2 367.2 361.9 356.6 355.1 358.9 355.1 352.1 350.9 349.4 349.9 349.5 352.4
123.8 122.9 118.7 121.8 126.4 129.4 139.2 145.6 150.5 155.3 160 166.6 171.5 175.7 180.2 184 187.8 192.4 197.1 201.6 208.1 210.9 216 220.6 227.9 231 231.2 232.4 234.6 238.4 242.9 249.2 256.5 261.8 269.9 271.5 277.9 288 298 305.6 312.7 318.8 325.6 336.6 347.8 358.6 369.8 376.2 383.6 379.5 381.8 379.6 379.3 379.2 381.8 379.9 386 397.1 399.7 400.2 399.5 394.7 394.1 393.6 391.4 390.8 391.5 388.3 384.9 384.8 381.4 378.9 373.1 368.4 366 363.2 367.1 363.1 358.9 355.5 355.9 356.8 355.3 359
116.1 114.3 119.7 122.8 129.9 133.2 141.9 146.9 151.3 156.9 160.6 167.5 174.3 178.9 181.6 184.2 187.2 191.6 199.2 202.5 207.8 210.7 215.5 220.6 226 230.2 230.4 231.8 235.3 238.6 243.7 249.2 252.8 260.4 266.3 273.8 282.3 292.8 299.8 305.6 312 322.3 331.2 340.7 350.8 361.3 373.3 384.4 385.5 378.8 379.1 379.5 382.7 385 387.3 385.2 387.7 392.3 394.9 395.7 397.7 397.7 397.2 396.8 397.3 397.9 398.2 394.9 393.4 392.4 388.7 384.1 379.7 375.9 373.3 370.5 370.8 368.2 364.6 360.4 361.6 362.8 362.6 365.2
109 113.2 118.4 122 131.9 138 142.6 147.3 151.9 156.4 162.2 169.4 176.6 180.6 182.9 185.5 188.6 192.2 196.8 200.4 204.8 207.3 211.8 217.3 221.3 225.8 227.5 230.5 232.9 234.8 242 248.5 251.5 258.3 264.2 276.4 286.2 295.9 300.4 306.5 316.5 326.7 337.2 345.2 351.1 360.2 376.3 388.9 379.6 377 378.7 382.9 387.7 387.6 389.4 390.4 390.7 390.8 396.8 399 399.8 401.4 401.3 402.3 403.8 408.1 405.8 403 403.6 400.8 394.6 390.6 386.8 384.5 381.3 377.4 373.9 372.9 371.2 368.9 368.5 369.7 369.5 371.4
108.9 112.8 118.1 122.7 131.8 138.5 141.7 145.8 150.3 157.4 164.7 171.2 176.5 180.3 182.9 185.8 189.6 191.8 195.1 198.5 200.9 203.2 207.7 210.7 216.2 220.6 223.2 224.1 228.8 231 238.9 246 249.4 253 264.1 274.3 283.5 293 301.8 311.8 321.8 331.5 330.8 334.2 339.3 347.4 356.4 363.9 366.5 369.2 374.3 380.2 382.3 389.3 389.7 390.9 392.6 395.2 399.1 400.7 402.3 404.9 408.1 409.6 411.9 413.5 412.4 414.9 411.4 406.5 400.5 396.3 392.5 389.3 386.2 381.5 377.8 376.3 374.7 372.2 373.7 375.1 377.7 381.4
111.4 117.1 120.4 122.6 127.1 133.2 140.6 146.9 151.5 158.2 166.7 170.8 176.7 180.3 182.9 185.6 188.6 190.7 193.4 196.6 199.3 199.9 202.6 207.8 213.3 218.4 220.4 221.6 225.5 230.6 231.9 237.5 241.2 249.4 257.3 264.6 280.9 294.8 307.4 317.3 321.3 320.3 322.5 330.5 337.7 347.4 352.4 358.2 363.3 367 374 383.5 390.9 392.9 393.7 396.1 398.2 399 399.9 402 404.1 409.2 412.7 417.8 422 421.6 421.3 422.5 418.2 411.9 406.7 403.1 397.9 393.6 391.8 388.3 383.9 379.8 378.1 378 378.8 381.5 385 389.6
112.1 119.1 121.9 125.6 128.5 134.4 141.7 149.1 153.8 159.3 164.8 169 175.4 180.2 183 185.8 187.3 189.3 191.7 193.6 199 200.9 201.7 204.8 209 213 220.6 223.7 229.7 233.9 236.6 241 245.2 253.5 263.8 271.8 283.6 297.4 309.1 309.8 311.4 314.4 322.3 329.5 336.9 348 349.9 354.8 362.4 370.8 382.2 389.1 394.3 398.2 400.8 400.7 400.7 400.9 399.7 401.2 407.7 413.1 417.2 424.9 428.8 429.5 429.8 427.7 424.1 418.4 416.2 410.8 404.1 399.2 395.7 392.6 388.5 384.4 381.5 381.6 384.1 388.4 390.4 395.1
113.5 118.2 122.1 125.9 129.6 136 143.2 150.2 154.5 159.5 165.1 171.3 175.6 179.6 183.7 187.7 188.2 188.6 189.4 189.4 198.2 200.3 201 201.6 206.6 212.6 220.2 225.2 230.3 229.9 233.4 244.7 253.3 259.6 270 281.6 288 292 293.1 299.9 306 316.7 326.7 336.6 340.3 344.8 352.3 363.2 370.4 373.7 387.3 392.5 400.2 401.2 404.5 404.6 404 403.3 402.6 403.3 408.8 416.1 423.5 430.4 434.8 435.8 435.8 434 428.9 426.1 424.5 418.9 410.6 404.8 399.2 395.1 390.8 387.5 385.1 385.2 388.1 392.2 396.3 403
115.2 119.5 122.8 126.3 130.1 136.8 143.4 149.1 155.4 160.6 166 170.7 174.8 179.2 182.9 183.9 185.2 185.6 186.9 190.7 190.8 195.8 200.6 204 207.7 213.3 216.9 224 228.1 230 241.9 253.9 264 269.1 276.3 289 296.4 304.3 310.4 314.4 315.3 315.1 328.5 338.9 348.6 355 364.9 372.7 379.5 380.7 387.9 395.3 400.2 401.4 407 406.7 406 405 405.4 407.1 411.7 419.8 425.7 431.1 436.4 441.1 441.1 443.4 444.7 437.8 432.4 428.6 418.8 411.2 404.4 399.3 394.6 390.6 389 388.7 389.8 393.6 397.7 408.6
115.4 120.5 123.3 125.5 130.3 136.5 142.7 148.6 155.8 160.8 164.5 170.6 174.8 178.6 180 181.3 183.2 182.2 182.9 190.8 190.8 196 201.4 205.2 209.1 214.5 219.2 222.2 224.2 237.7 250 259.2 270.8 270.9 279.3 288.1 302.3 309.8 316.7 321.3 325.3 327.4 331.2 349 359 363.4 371.2 378.7 386.1 388.8 389.3 397.1 402.1 405.2 409.8 408.8 407.7 406.7 408.3 410.3 413.2 420.4 427.6 434.6 440.5 445.2 448.7 453.5 463.6 460.5 446.8 435.9 425.8 417.4 409.2 402.3 396.4 392.1 389.7 390.1 391.6 395 400.2 411.5
111.6 120.7 121 124 128 135.4 142 147.5 152.2 157.3 164 170.4 174.3 175.6 176.9 173.7 179.2 180.5 181.8 188 190.7 193.4 200.4 206.3 210.2 215.7 215.1 216.5 230.3 244.7 255.4 262.8 268.3 274.1 284.8 297.7 305.7 313.8 320.6 324.5 329.5 339 346.8 347.6 362 370.5 379.7 386.8 394.3 394.7 396.1 399.7 404.5 408.6 409.2 409 408.7 408.8 409.8 410 416.2 423.5 432.1 438.6 445.4 449.8 455.7 461.9 469.5 469.8 456.2 441.7 431.5 421.5 413 405.5 398.1 392.8 391.4 391.1 392.7 396.2 402.7 410.8
112.4 117.9 120.6 123.4 127.7 133.2 140.8 147.7 153.4 157.8 164.2 170.4 171.1 171.6 168 171.3 177.9 179.4 179.5 181.7 186.6 191.3 197.7 204.3 211.1 212.3 214.4 222.5 236.2 247.3 256.1 265.4 272.4 282.3 291 304.3 311.9 319.6 322.8 329.9 340.5 347.4 357 358.6 362.9 377.6 387.5 395.6 399.5 400.5 399.4 400.1 402.9 407.2 408.5 408.9 408.9 409.1 409.9 414.6 420.5 426.9 434.1 443.5 449 454.6 462.6 468.7 479 473.7 462.4 446.3 437.8 427.4 418 408.8 401.1 394.2 392.8 393 393.4 396.5 401.2 411.8
112.4 116.4 119.2 121.9 126 131 141.7 148.8 151.9 154.2 159.3 165 165 161.3 168.7 171.3 173.5 174.9 176.5 180.7 184.5 190.9 197.7 206.5 211.1 203.3 217.7 233.5 238.7 245.4 255.2 267.3 279.5 284 298.1 309.9 320.3 330 335.2 342.6 347.9 353.4 360.3 370.4 373.7 379.4 391 398.9 399.9 399.4 400.2 399.9 402.2 406.3 409.1 409.9 411 412.5 416.5 420.3 425.8 432 438.2 445.3 453.4 460.3 469.8 472.2 472.3 471.9 467.8 456.2 444.4 435 425.9 415.4 405.5 396.6 394.6 394.6 393.8 394.4 397.7 407.7
110 113.8 116.8 120.5 124.8 130.4 139.7 145.2 146.9 151.2 154.1 153.4 154.1 160.3 165.1 166.2 164.1 161.7 170.5 178.3 183.4 190.4 195 202.4 199.5 201.5 221 237.3 249.5 253.6 258.4 269.5 277.8 292.4 309.6 321.7 329.6 338.2 342 347.9 352.8 359.6 367.3 377.2 381.7 384.9 390.2 398.4 400.7 400 400.6 402.6 405.4 408.9 410.5 413.9 418.6 417.7 423.2 427 429.5 434.9 440.3 446 453.7 461.6 469.6 471 473.2 475.8 472.4 464.8 455.1 441.8 430.7 418.4 409 399.5 394.7 393.4 392.3 393.5 397.4 401.2
108.4 110.5 113.4 117.2 122.8 128.5 133.9 138.2 140.5 141.6 139.3 139.1 151 154.5 154.4 153.9 154.9 159 167.6 172.4 180.4 176.2 179.9 189.7 189.3 208.7 231.2 244 249.3 258.6 265.5 272.3 284.1 301.4 317.3 328 335 342.7 347.6 352.9 358.2 363.7 372.7 381.7 390 391.9 391.8 394.9 400 400.5 401.9 405.9 408.3 411.7 417.8 419.3 421 422.6 429.7 430.5 433.7 438.5 443.7 447.5 453.6 461.6 468 471.3 475.8 480.6 478.3 469.2 458.4 446.1 434.1 423.4 413.4 403 395.7 392.3 391.4 393.2 397 400.8
104.1 107 110.3 112.9 119.1 121.9 125 130.4 129 127.8 127.2 133.5 143.8 144.6 143.5 144 150.2 156 162.7 168.8 166.6 181.1 189.6 194 204.8 221.6 240.6 246.1 253.4 262.4 274.4 277.8 296.8 310.1 316 329.1 339.7 343.1 350.6 359.9 365.7 373.8 382.9 391.9 399.4 398.8 398.7 396.4 398.6 400.2 404.8 410 413.6 417.5 421.8 422.8 424.6 430.9 434.1 436.3 438 441.8 445.1 448.3 455.9 463.9 469.3 476.4 482.1 484.7 481.3 474.3 466.9 459.2 444.4 431 418 406.9 396.3 392 390.5 391.9 394.1 396.3
99.1 103 106.4 107.8 111.8 112 114.7 113.4 119.3 118.8 125.8 130.6 133.3 137 135.3 139.8 147.8 158.8 168.8 157.4 171.4 182.7 191.6 201.2 214.6 234.1 245.6 249.9 258.9 270.6 279.1 282.6 297.8 305.5 318.4 329.8 339.7 345.3 353.5 364.4 375.1 384 392.9 402 404.6 403.2 401.6 401.6 405.9 407.4 409.5 415.2 419.1 421.3 420.9 425.6 429.1 433.9 438 443.8 442.5 443.5 447 449.1 456.9 465.8 473.8 484 490.6 494.9 491.3 486 477.6 466.3 448.2 436.2 423.6 410.1 397.7 392.3 389.7 389.4 390.9 391.1
94.8 98.1 100.8 100.9 100.4 105.5 107 105.9 110 119.3 126.4 127 121.5 128.1 136.6 144.1 154.6 161.4 163.5 156.2 176.3 189.7 196.4 210.6 227.3 241.2 245.4 251.4 259.9 271.1 280.3 289.3 296.6 310.1 319.5 327.8 336.3 346.2 355.3 367.5 377.7 390.7 402.7 405.2 408.2 408.2 410.2 414.4 413.9 416.4 419.3 424.6 426.4 426 428.5 428.4 432 437.1 441.4 449.2 448.8 446.8 449.7 452.9 459.1 466.6 477.8 491.3 497.5 500.6 500.3 496.8 490.6 474.6 455.8 439.3 426.5 411.9 399.4 394 389.8 388 387.6 388.5
91.3 93.8 94.7 93.9 97.1 92 98 104.6 111.8 116.2 118.4 117.7 119.6 128.9 139.5 150.1 154.7 155.2 144.5 170.6 184 193 211.6 227.9 229.9 236 245.1 255.6 268.6 274.1 284 294.1 299.7 309.9 318.1 325.7 331.7 344.2 351.5 369.1 387 399.3 407.2 414.2 415.4 415.5 420.9 420.9 422.4 425.4 426.9 430.7 429.6 431.8 434.8 436 433.9 439.3 441 445.2 448.7 452.8 454.7 458.8 463.2 469.6 480.4 493.1 502.5 508.1 506.8 504.6 499.8 483.9 463.9 445 429.1 416 403.3 395.1 388.9 386.4 386 385.5
88.3 90.6 90.8 88.2 82.4 90.9 99.7 103.4 106.4 106.5 108.5 113.6 122.5 129.5 141.4 145.4 144 142.4 168.3 179.8 189.5 207.5 220.6 221.7 228.5 238.5 249.6 259 271 280 286.6 296.2 299.3 305.7 318.3 326.9 337.4 344.2 355.7 372.1 390.2 408 417.7 423.9 425.3 425.7 428.2 432.3 432.6 431.9 431.4 432.7 433.4 436.8 440.4 440.6 438.9 440.6 443 447.2 450.8 457.2 460.3 464.7 468.9 476.4 483.7 495.4 506.9 513.2 515.2 512.4 507.7 492.7 470.7 452.6 434.6 418.2 405.5 395.6 388.4 384.3 383 382.5
84.3 88.1 86.2 79.8 89.6 93.2 95.5 97.8 100.6 101.5 101.2 116.2 121.7 124.7 127.5 122.5 126.5 156.5 174.1 185.9 202.7 209.4 211.7 225.5 233.7 243.8 256 262.5 271.7 288.9 290.5 294.9 299 305.8 315.6 326.4 338.3 347.2 364.1 382.4 403.5 422.6 427.7 431.2 434.1 435.7 434.8 438.1 438.6 437 435.4 436.9 440 443 445.7 444 448.6 449.3 449.6 451 455.7 462.4 467.7 471.3 475.9 483.1 490.2 497.4 509.3 517 523.1 524 518.6 503.4 478.9 459.5 435.8 421.1 407.5 397.6 390.3 383.7 379.9 379.8
79.3 80.9 81.4 78.5 85.4 88.8 91.6 93.8 96.3 94.7 97.1 105.9 110.5 105 114.1 125.6 143.3 158.9 171.2 193.7 199.8 206.7 219.4 228.7 238.7 249 259.9 265.8 275.4 284.3 290.2 294.4 300.6 308.6 310.4 320.9 335 351 367.9 385.6 410 424.8 429 434.3 440 440.7 441.5 442.3 441.8 439.2 439 441.9 447.8 453.7 458.1 455.9 455.4 456.3 460.2 460.7 461.8 468.7 476.1 476.8 479.7 486.1 493.8 501.8 510.6 518.9 531.5 531.7 528.2 514.7 488.1 461.2 438 422.8 409.7 399 389.4 383.4 376.1 374.3
76 77.6 80.5 70.2 78.9 83 88.1 90.6 91 88 91.2 93.8 95.6 112.5 123.4 135.6 154.6 171.7 184.8 198.8 204.6 214.3 224.6 230.7 239.6 250.8 260.6 268.6 274.3 280.8 289.9 294.8 302.8 312 315.9 320.7 330.8 346.4 366.3 382.2 401.7 414.9 420.9 433.4 439.8 445.6 448.7 448 446.7 444.2 444.5 448.1 456 464.6 470.3 470.9 463.5 463.7 470.9 473.8 473.7 478.9 480.6 480.2 482.9 490.6 498.3 506.4 512.2 521.6 536 538.9 537 523.2 493.7 462.3 439.3 422.1 410.9 400.1 389.1 380.9 373.2 370.3
72.9 74.6 79.6 76.7 74.8 80.6 84.5 85.1 70.9 78.3 87.3 90.6 99 110 125.6 140.3 156.4 177.7 181.1 196.8 210.5 219.9 223.2 227.3 234.3 241.3 255.3 263.1 271.4 277.3 286.9 295.9 307.1 315.8 321.7 327.7 338.3 352 366.4 381.4 394.8 406.5 422.3 435.1 443.7 449 452.5 451.5 449.1 451.4 451.2 453.9 463.1 471.2 475.5 477.7 474.6 471.4 478.4 481.9 483.5 483.4 486 489.8 490.7 496.3 506.8 511.7 517.2 526.6 540.6 541.2 541.6 529.6 499.1 465.3 439.2 421.2 411 400.3 389 379.8 370.6 362
70.5 70.9 72.5 61.9 75.8 81.4 84.9 72.4 82.8 98 96.9 100.2 108.5 105.9 124.9 145.1 162.7 175.2 180.7 193.5 207.1 217.2 219.2 223.3 231.3 240.7 252.4 260.7 267.9 274 283.1 294.6 304.2 314 324.7 334.6 341.9 358.4 372.9 384.9 400.9 411.3 424.8 438.2 446.5 453.1 456.7 456.7 455.4 457.4 457.2 458.5 467.6 472.6 478.3 478.9 485 486.4 483.6 486.7 488.6 492.5 497.5 500.2 504.4 509.7 518.4 520 518.6 525.7 539.7 544.2 546.7 534.9 503.3 469.1 439.3 420.9 409.2 399 388.4 377.8 367.7 359.5
