data/170000-880000.asc
ncols 200
nrows 200
xllcorner 170000
yllcorner 880000
cellsize 50
[rows 156 to 194 of 200, columns 88 to 175 of 200]
107.2 111.7 121.5 133.8 144.7 152.7 162.1 170 174.6 177.8 182 185.7 188.3 188.2 184.3 178.6 178.6 178.2 177.1 175.9 174.5 173 173.2 172.7 172.1 170.9 170 167.6 165.1 162.8 160.5 155.3 151.8 149.7 149.3 150 151.8 153.4 156.8 160.9 165.2 169.5 170.6 169.5 166.9 165.2 164.2 162.9 161.9 160.9 160 159.4 158.4 156 158.4 160 161.7 163.5 166.1 167.3 169 171.9 171.7 171 170.2 170 170.3 170.5 171.1 172.4 172.5 173.1 174 176.9 180.3 185 179.2 179.2 179.2 179.2 180.6 184.4 190.7 194.2 196.4 198.4 199 200.8
106 109.3 116.1 126.7 141.3 151.1 159.1 166.4 171.6 174.7 177.3 179.9 181.3 181 176 174.2 174.7 173.8 172.7 171.1 169.2 168 167.5 166.7 166.2 164 163.6 163 161.9 160 157.7 153.4 150.5 148.1 148.5 149.3 150.7 152.4 154.2 157.2 160.2 161.6 163.3 163.5 163.6 162.9 162.1 161.6 160.7 159.8 158.8 157.9 157.1 153.4 155 157.1 158.9 160.8 162.5 164.4 166.2 170.8 169.1 167.3 167.2 166 165.4 165.3 165.8 166.2 166.9 167.4 167.9 173.4 178.5 183.4 186.4 180.6 179.2 179.2 180.8 187.9 192.4 194.8 195.3 198.2 195.4 198
104.8 106.4 113.1 120.4 130.9 145 154 161 165.9 169.6 173.1 172.2 171.6 170.8 170.1 170.9 170.8 169.4 168.1 166.3 164.1 163.4 162 160.5 160.1 159.3 160.6 160.7 160.1 158.6 155.5 152.2 149.3 146.4 149 150.6 151.4 152.2 154 156.7 158.8 160.5 161.3 162.3 162.2 162 161.6 161 160.4 158.9 157.7 156.5 155.9 153.4 151.5 155.1 157.3 159.5 160.3 161.3 163.2 164.7 164.8 163.3 162.7 162.6 161.8 161.3 161.3 161.8 162.5 163.4 164.4 167.5 173.4 179.5 185.9 183.2 179.2 179.2 185.9 190.8 197.6 193.4 194.1 194.2 193.7 195.9
104 103.7 105.5 113.3 124.6 131.3 144.8 152.8 156.8 159.6 160.2 163.4 164.3 165.6 165.5 166.8 166.8 165.9 162.7 161 159.4 159.2 157.8 157.2 157 157.9 159.5 159.8 158.4 156.1 153.7 150.6 148.4 147.8 149.7 150.8 151.7 153.1 154.5 156 158.2 159.5 160.4 161.2 161.3 161.5 161.1 160.5 159.8 158.2 157.3 155 154.1 151.4 150 154.4 156.2 157.5 158.6 159.7 161 161.3 161.6 160.5 160.1 160.2 159.2 158.7 158.4 159.1 159.7 160.6 162.7 165.3 168.7 174.9 179.6 181.1 179.2 179.8 187.4 191.2 191.8 191.3 190.6 191.9 192.1 195.1
98.7 99.4 100.3 105.2 114.9 124.4 131 136.4 140.8 143.8 149.1 153.2 156.4 157.9 158.2 160 161.3 157.4 153.7 154.9 155.4 155.3 155.4 154.8 155.8 157.7 158.6 158.6 156.6 153.7 150.8 148.7 145.1 148.2 149.3 150.9 152.3 153.7 155.8 157 158.3 160 161.7 162.3 161.8 161.4 160.6 160 159.5 158.6 156.3 154.1 151.8 149.1 149 152.5 154.4 156.3 157.5 158.6 158.9 158.9 158.8 158 158.1 157.9 157.4 156.8 156 156.5 157.8 159.7 161.2 163.6 167 172.2 177.5 181.4 181 181.4 182.7 191.1 187.6 188.8 188.9 188 189.3 193
92.3 93 94.2 98 105.3 114.2 120.1 126.7 130.6 135.7 142.3 146.7 149.7 152.7 151.8 150.5 148.3 146.2 147.2 149.4 151.1 151.4 151.9 153.6 156.8 159.8 159.6 157.3 154.4 151.5 148.4 146.1 143.3 147.6 149.2 151.3 152.7 156.1 157.8 159 160.2 160.6 162.2 164.3 164.8 162 160.7 159.6 159.1 157.7 155 152.8 150.4 147.3 149.5 151.4 153.1 154.9 155.7 156.1 156.7 157.3 157 156.4 156.3 155.5 154.9 155.2 154.2 154.8 157.4 159 160.7 162.7 166 172.1 177.5 182.6 181.9 181.4 180 183.3 185 187.9 190.5 183.9 186.2 189.8
87.4 87.7 89.6 92 98.7 108.1 113.2 120.2 124.1 128 134.2 139.7 143.8 145.8 143.2 137.2 136.8 139.5 141.6 142.9 144 148.4 152.1 155.4 158.4 161.6 159 155.8 152.5 149.1 146.2 143.7 142.6 147 149.5 151.7 154.9 158.9 161.5 161 161.5 161.9 163.6 165.8 166.5 162.9 160.8 159.7 158.5 156.8 154.5 151.4 147.4 147 150 151 152.3 153.1 154.3 154.7 154.4 154.7 155.1 154.9 154.3 153.2 152.3 153.7 153.9 155.3 156.9 158.5 160.2 162 165.9 171.9 178.6 182.3 181 179.7 178.6 177.1 181.5 185.3 187.9 180.7 182.8 186.7
82.4 83 84.8 88.4 93.7 99.8 106.4 112.9 118.3 121.8 127.2 132.3 136.7 137.1 130.6 131.9 133.5 135.1 137.5 139.4 143.8 149 154.7 158.6 159.7 161.1 158.6 154.1 150.6 146.9 144 140.8 143.2 147.1 149.7 153.4 157.1 161.4 162.5 162 162 162.3 163.9 166.5 167.3 162.9 160.2 159.2 157.8 155.8 152.7 148.9 144.5 148.2 149.7 150.7 150.8 151.1 152.5 153.2 153.6 152.1 152.5 152 151.2 151.5 152.6 152.8 154.4 155.2 156.2 157.7 159.4 162 165.9 171.5 177.9 180.5 178.5 176.8 175.9 175.2 178.2 183.1 186.6 181.7 179.2 183.1
78.8 80.6 81.8 86.4 91.5 95.8 99.9 104.8 109.1 113.3 117.8 121.7 123.9 122.2 123.8 127.6 130.4 132.1 134.6 138.6 144.7 150.4 155.9 160.3 161 160.1 155.9 151.4 147 143.8 141.1 137.6 143.8 147.7 152.1 155.6 158 162.1 162.2 162.6 162.4 162.8 164.1 166.6 167.2 161.6 159.2 157.9 156.2 153.8 151.3 148.3 144.1 147 149.2 149.7 149.8 149 150.4 151.8 152.2 151.5 152.3 153.6 154.4 155 155.2 155 154.9 155.1 155.8 156.8 158.4 162.2 165.1 170.1 175.4 177.4 176 175.5 174.1 173.7 174.2 183.3 183.1 177.8 175.7 178.2
77.5 78 79.6 83.9 88.1 92.4 99.8 103.3 106.6 109.3 109 109.5 110.9 113 118.2 124 127.3 131.8 135.3 140.1 147 152.9 156.4 158.3 158.5 155.6 151.7 147.4 142.4 140 137.6 138.8 143.8 149 153.7 155.9 158.3 160.7 161.3 161.7 162.9 163.3 162.8 163.6 164.1 159.5 156.8 154.8 152.5 150.8 149.1 146.3 143.8 145.8 146.6 147.1 147 149.1 149.4 150.6 152.5 152.9 153.2 154.4 155.2 155.8 156.5 156.7 155.5 155.1 155.2 155.8 157.3 159.8 163.3 168.4 171.8 173.3 174.4 174.1 172.5 172.2 171.9 180 177 172.5 171.4 173.2
74.4 75.4 77.4 81.4 83.9 86.1 90.1 96.8 102.9 104.7 104.7 107.5 110.2 113.2 116.7 119 126.1 130.9 136 143.8 147.9 151 153.6 154.5 153.8 151.5 147.5 142 138.7 136.8 134.2 138.6 144.3 149.1 154 156.5 158.5 158.6 158.7 159.7 161.5 163.2 160.5 160.4 159.5 155.1 153.4 151.8 149.6 147.7 146 144.2 141.7 143.3 146.5 148.4 149.5 150.4 151.5 152.5 153.3 153.9 154.5 155.1 155.9 156.6 157.6 159.1 156.3 154 153.8 154.1 154.8 158.3 161.5 165.3 169 170.8 172.9 172.4 171 170.3 169.6 169.4 168.6 167 167.7 167.7
71.2 72.9 76.6 77.4 80.5 84.9 88.3 90.2 94.6 100.6 105.2 109.6 113.7 119.3 122.7 124.8 127.7 133.7 139.1 143.9 146.9 149 150.4 150.3 148.9 146 141.7 138.4 135.8 134.9 133.5 138.2 142.8 147.2 151.6 155.1 156.9 156.2 155.7 156.3 157.6 157.9 157.1 155.3 153.3 151.4 150 148.5 147 145.5 144.2 141.4 141 145 148.1 148.3 149.6 151 152 153.5 154.2 154.4 155.1 155.5 157.4 157.4 156.7 157.8 154.3 151.7 150.9 150.9 151.6 154.7 157.6 160.4 164 166.6 170.6 169.7 167 166.4 165.5 164.1 161.7 160.8 162.5 167.1
67.6 68.5 73.4 77.4 78.5 86.8 93.6 98.4 102 107.7 113.1 121.5 124.9 129.3 132 132 132.6 137.9 143.2 144.6 145.4 146 147.5 146.1 142.1 138.2 136.3 135.1 134.5 133.9 133.6 137 141.7 146 149.3 152.5 154.1 153.8 152.6 153 152.8 152.2 151.6 151.3 150.1 148.8 147.6 146.7 145.3 144.4 142.6 139.6 142.1 144.6 146.7 148 149.5 150.9 152.4 154.2 154.7 154.4 154.4 155.9 158.1 157.5 153.2 151.1 149.5 148 147.1 147.3 148.5 150.7 152.2 155 157.6 159.2 160.4 163.4 161.3 160.8 160.3 158.6 158.3 158.6 163.2 168.1
62.4 60.6 63.7 68.5 75 85.9 95.9 103.8 110.5 117.9 124.7 133.6 139 143.9 139.2 138.8 135.5 138.8 144.5 144.7 143.8 142.7 141.9 138.8 134.7 133.5 131.4 133.7 133.1 132.5 133.6 137 140.6 144.6 147.7 150.9 151.8 151.5 149.4 149.3 149.1 148.8 148.9 148.5 146.9 145.3 145.1 144.6 143.9 143.1 141.5 137.2 140.7 144.4 146.2 147.3 148.5 149.9 151.3 152.6 153.6 153.9 154 154.5 154.4 151.7 148.5 146.4 144.6 143.8 142.7 142.2 144 145.4 146.8 148.8 151.1 151.2 151.5 155 156.3 156.6 155.7 156.3 156.6 159.5 163.4 168.4
54.2 54.7 55.3 58.7 68.5 82.4 93.3 104 118.1 126.6 134.6 141.1 146.9 147.4 141.4 138.2 137.5 138.4 140.5 140.7 138.3 137.8 135 130.6 127.1 127.3 127.9 130.5 131.8 132.1 133.8 136 139.1 142.1 145 147.3 148.5 147.4 147 146.4 146.2 145.8 145.6 144.4 142.9 142.4 142.1 142 141.8 141 139.3 136 139.8 142.9 145.4 147 148 149 149.9 150.5 151.7 152 152.7 152.6 150.7 149.3 145.8 142.8 141.3 139.7 137.7 136.7 135.6 138.5 138.9 140.6 142.5 144 145.2 148.6 150.9 150.6 153.1 156.8 157.8 161.2 163.5 166.1
51.1 53.6 52.8 54.6 62.3 75.8 90.2 101.5 120.6 129.9 136.5 141.2 146.4 145.7 141.4 139.2 138.1 136.9 134 133.4 131.4 129.6 125.8 123 121.3 125.1 128.9 128.8 130.4 130.6 132.6 134.2 137 139.9 141.6 143.6 143.9 144.3 144.1 144 143.6 143.5 143.2 142.3 140.9 139.7 138.9 138.7 138.6 137.9 137.8 135.4 137 141 144.3 146.4 147.8 148.3 148.6 149.2 149.4 150.2 150.7 148.8 147.7 146.9 143 139.1 137.8 135 131.7 128.8 125.1 127.3 130 131.8 135.1 137.4 139.3 143.4 143.8 158.5 156.6 156.2 154.3 160.2 163.8 164.3
48 49.7 49.4 51.6 60.3 70.8 82.1 96.6 109.7 125.2 131.4 139.7 142.9 138.2 136.7 134.5 133.6 131.4 126.6 125.6 123.3 122.1 119.8 117.2 122.2 124.4 124.5 125 125.9 127.2 129 130.6 134 139.7 138.3 139.9 140 140.6 141.8 142.5 142.5 142.3 141.4 140.6 139.4 138 137 135.7 134.8 134.3 133.3 128.8 134.4 139 142.5 145.4 147.5 147.4 147.3 146.9 146 144.8 143.6 143.4 143.5 143.5 139.5 135.5 134.3 129.8 125.9 122.9 121.7 120.9 120.6 124.5 129 131.4 132.6 136.3 151.5 155.5 154.5 153.5 153.8 152.7 160.1 162.7
44.2 47.1 45.2 47.9 54.6 64.4 75.2 87.6 99.6 113 125.3 133.6 135.2 126.7 123.1 121.9 121.8 121.8 120 120.2 116.9 112.7 114.4 118.7 121.6 122.1 122.5 122.8 124 125.4 125.8 127 129.4 133.1 135.5 136.3 137 138.1 140 141.3 141.6 141.3 140.7 140 138.4 136.8 135.2 133.7 132.3 131.1 127.7 129.7 133.6 137.5 140.7 144.5 146.1 146.3 145.5 145.1 142.6 140.8 139.2 139.4 139.8 139.4 135.9 131.5 130.4 124.9 121.2 120.2 119.8 119.2 118.3 117.7 123 126 125.1 136.6 143.9 148.5 149.7 150.3 150.2 150.4 154.1 158.5
40 44 42.4 42.6 48.8 57.6 67.1 79.5 89.4 99.1 111.4 119.9 120.9 115.1 112.5 107.1 109 106.5 108.3 107.2 109.4 113.3 115.8 118.7 121.2 120.6 120 120.4 122.2 123.2 123.4 124.8 126.9 130.7 133 134.7 135.3 136 138.2 139.6 140.3 140.8 140.1 139.2 137.5 135.4 133.1 131.4 129.7 127.8 123.4 128.3 132.4 135.7 138.4 141 141.9 143 143.4 143.2 139.5 137.5 136.1 136.2 136.2 135 131.3 127.1 125.6 121.2 118.2 118.1 118.3 117.8 116.8 115.3 118.4 118.4 127.8 134.8 137.4 140.7 143.3 145.8 147.9 148.2 147.7 153.2
35.9 36.3 38.4 39.6 44.2 50.8 58.8 68.2 77.8 84.6 96 104.2 100.3 101.7 101.2 100 92 104 108.6 112.7 116.8 118 117.7 120.7 121.3 118.7 115.5 114.7 117.7 120.3 121.2 123.1 126 130.5 132.6 133.5 134.5 134.6 135.8 138.3 139.5 140 139.6 138.8 135.6 132.8 130.3 128.3 126.4 124.5 121.9 127.7 131.2 134.2 136.9 138.9 140 141 141 140.9 137.1 135 133.5 133.1 131.3 128.3 124.9 122.8 120.8 118.3 117 116.9 116.9 116.4 115.1 112.6 113.2 120.2 125.1 130.3 132.6 135.3 139.4 144.1 146.8 147.3 144 143.8
33.2 33.9 35.2 37 41.6 44.8 50.9 57.5 62.6 71.4 77.9 83.4 86.2 85.2 87.3 87 83.2 99.3 105.5 110.2 113.8 112.7 109.2 110 116.3 112.6 109.9 108.5 112.8 119.6 120.7 123 126.9 130.2 132.3 132.8 133.8 131.9 133.5 135.9 138.6 140.3 140.7 139.2 134 130.2 127.2 124.6 123 121.1 121.1 126.2 129.8 133.2 136.1 137.3 138.2 138.3 138.1 138 135 131.8 129.9 128.5 125.8 123.1 121 118.7 117.6 116.5 116.4 116.2 115.4 114.5 112.6 111.1 113.5 117.4 123.2 127.2 130.8 133.5 135.9 146.5 144.2 148.3 141 138.8
30.2 31.2 31.6 33.7 36.6 41.5 45.1 49.7 54.4 60.6 66.5 72.3 72.2 73.9 78 80.4 75.6 89.3 93.6 99.1 100.5 101.6 102.9 103.6 105.1 106.8 108.2 110.3 113.9 117.7 121.9 125.5 127.4 128.9 129.9 132 129.2 128.1 131.6 134.2 137.3 139.1 139.9 138 133.4 129.4 125.8 121.6 120.1 119.2 119.7 123.7 127 130.3 133.2 134.7 135.3 135 134 132.9 131.9 130.1 126 124.7 122.5 119.9 117.4 116.3 115.8 115.5 115.3 115.2 115.1 112.5 110.4 108.6 111.8 115.9 120.7 125.4 127.8 131.5 137.1 138.5 136.5 139.3 141.3 131.8
28.8 28.8 28.8 30.5 32.6 37.3 40.6 43.7 48.4 54.5 62.4 64 60.7 64.1 64.2 64.7 70.3 76.4 81.8 91.5 99 102.4 101.6 104.6 107 110.5 113 114.6 117 119.5 123.5 125.8 128 128.6 127.5 127.5 127.5 127.5 129.4 131.5 135.7 138.1 136.3 134.4 134.8 132.1 127.3 120.6 118.4 117.8 119.9 121.4 123.4 125.8 128.3 130.9 131.3 131 130.6 128.9 128.1 126.5 121.9 119.9 118.8 116.4 113.7 113 112.6 112.8 113 113.5 112 108.3 107.4 107 109.9 114.8 118.5 123.1 125 126.9 129.7 128.4 126.2 125 126.1 128.1
25.1 25.6 25.5 26 26.7 31.7 35.7 37.9 42 48.4 52 52.3 50.5 50.4 51.2 56.9 61.5 63.3 69.9 81.1 90.3 95.5 99.1 106.6 112 117.7 121.7 121.9 122.4 123.4 126.2 128 128.1 127.5 127.5 127.5 127.5 127.5 127.5 129.1 131.6 133.1 133.1 135.1 138.7 136.8 131.7 121 118.5 117.3 117.5 119.1 120.3 121.3 121.8 123.8 123.6 122.8 122.5 121.4 121.1 118.9 118.1 116.8 115.7 114 110.3 108.2 107.8 109.3 110.1 109.9 107.6 104.2 104.6 107.1 109.7 113 117.1 122.7 121.6 118.4 118.9 117.6 116.1 120 125.2 125
21.1 22 22.9 23.5 24.1 24.2 28.7 30.4 34.8 41 45.6 46.1 43.5 41.1 44.4 50.9 57.3 56.3 62.8 71.6 75.6 85.2 98.9 112.2 119.8 125.5 127.6 128.7 128 128.2 129.4 130 126.9 127.5 127.8 127.5 127.5 127.5 127.5 127.5 127.5 127.5 132.2 136.2 140.5 142.9 131.5 120.8 119.5 118.3 118.3 115.4 116.1 117.6 117.6 118.1 117.5 116.2 114.8 114.9 115.5 114.6 115.2 114.6 113.2 109 105.2 102.6 102.4 104.1 105.3 103.3 100 103.1 106.1 108 110.4 112.8 114.6 118.8 115.6 113.6 115.2 107.5 110.4 116.8 119.2 125
20.2 20.5 20.8 22 22.5 22.8 23.9 25.1 28.2 33.1 37 36.7 33.9 36.2 40.3 46.4 49.1 50.5 52.6 60.8 70.6 81.5 91 110.5 126.6 137.9 138.6 133.8 133.2 132.5 134.9 133.8 133.3 132 130.8 127.5 127.5 127.5 127.5 127.5 127.5 127.5 132.7 136.7 141 145.3 133.8 124.6 120.9 120.2 119.8 118.7 116.3 110.9 112.2 114 112.3 111.6 112.1 112.2 112.3 112.4 112.4 112 108.6 105 101.4 98 97.2 99.2 100.2 94.7 104.2 105.5 105.7 108.1 113.6 112.5 110.6 108.6 105.3 103.7 102.1 102.2 104.3 108.6 117.4 125.6
20 20.3 20.6 21.5 21.9 22.2 22.7 23.1 24 26.1 29.7 29.7 30.2 32.4 34.7 38.6 45.4 46.3 47.9 54.2 62.6 71.2 85.3 103.8 124.9 148.4 147.7 140 139.8 134.6 138.7 143.6 137.2 134.6 131.9 127.5 127.5 127.5 127.5 127.5 127.5 127.3 133.5 137.5 140.1 141.8 130.9 124.9 122.8 121.4 120.9 119.1 116 112.8 108.1 108.6 109 109.7 110.8 111.1 111.4 111.4 110.4 108.5 105.8 102.4 98.9 95.5 92.5 91.8 91.3 101.1 106.5 105.2 104.7 106.6 108.1 105.8 103.7 99.7 96.4 92 91.6 91.3 93.2 103.2 116.5 123.1
19.8 20.1 20.4 21 21.4 21.7 22.2 22.9 22.8 22.8 24.3 25.7 28.8 30.3 32.9 35.1 36.1 39.7 41.6 47.9 56.5 68.1 81.1 102.4 119.4 132.9 132.1 134 143.4 133.3 136.9 150.3 155.9 146.4 136.2 128.5 127.5 127.5 127.5 127.5 128 133.3 136 137.6 140.4 132.1 129.2 127.4 125.3 123.4 122.7 120.8 116.4 113.1 108.3 105.4 106.2 108.4 109.5 110.2 110.7 110.5 109.6 107.7 103.3 99.3 96.7 92.1 88.8 87 90.9 95.8 98.5 104 103.4 103.6 103.3 104.3 95.5 93.5 99.9 92.1 88 85.2 86.6 96.9 107.9 114.7
20.2 20.2 20.4 20.6 21 21.4 22.1 22.6 22.6 22.7 23.3 24.3 27.1 29 29.9 33.3 38.1 37.9 38.8 40.6 52.8 66.4 78.5 86.6 105.6 108.4 113.8 124.8 124.5 131.5 132.9 142.1 144 148.2 144.8 132.2 127.5 127.5 127.5 129.6 133.6 138.4 139 138.5 135 130 129.7 129 128.1 128.9 126.8 122.6 117.2 111 106 100.3 104.1 104.9 106.5 108.3 109.3 109.1 110.5 108.8 104.1 97.6 92.4 86.2 84.9 87.5 90.9 93.3 96.4 97.7 103.5 100.8 99.8 98.9 88.9 82.5 79.5 82.2 82.9 84 77 89.2 96.4 99.7
22.4 22.2 21.8 21.8 21.8 22.1 22.3 22.3 22.5 22.6 23 23.5 24.1 24 26.8 29.7 31.8 34.7 36.2 37.7 43.3 59.2 76.9 77.3 80.5 89.5 97.3 106.3 110.9 128.7 121.4 126.7 138 143.7 149.2 132.3 128.2 127.5 127.6 132.9 140.5 141.9 138.7 134 130.6 130.3 130.5 130.5 131.2 133.3 133.7 123.9 116.7 109.4 103.8 94.7 99 100.4 102.1 104.7 106 107 109.5 110.5 102.2 93.1 83.1 80.8 80.7 86.1 87.8 90 93.1 94.6 96.1 98 93.2 88.8 84.5 78.5 75.4 70.5 70.9 73.5 75.1 77.3 83.1 89.5
29.9 29.1 29 25.7 24.6 25 24.4 24.1 23.8 24 24.2 24.9 26.3 27.5 28.5 29.5 31.1 33.2 33.2 34.5 36.6 44.6 56.1 62.5 69.5 75.7 84.3 100.1 95.6 107 101.7 115.9 128 128.1 143 131.3 129.5 127.8 127.5 133.9 142.5 143.3 132.3 130.4 130.3 130.5 132 133.9 134.2 131.3 128 122.1 115.2 109.3 103.8 98.6 92.5 95.7 97.4 100.3 101 101 102 98.5 87.1 81.4 75.2 74.9 78.1 80.9 82.9 85.4 88.8 90.8 89.7 86.8 82.8 80 75 73.1 70.5 70.5 73.5 73.8 75 75.9 79 83.4
37.4 35.6 35.9 34.4 31.7 31.4 31.4 31.1 29.6 29.5 30.2 30.2 30.5 31 31.5 32.4 33.5 34.4 34.9 35.3 35.5 37.8 39.1 45.2 53.1 60 70.2 74.7 77.4 82.4 90.4 94.8 105.4 115.3 133.4 121.7 120.2 122.9 123.6 129.2 138.2 128.2 128.4 128.7 129.5 130.5 132.4 135.8 137.2 129.6 126.7 122.6 116.2 110.2 104.8 100.7 95.9 84.6 90.8 94.3 94.5 91.1 88.4 86.1 76.9 73.6 70.3 67.6 74.5 77.3 79.3 81.9 84.3 84.4 78.1 75.9 70.7 66.9 66.9 67.1 68.1 70.2 77.6 79.3 80.6 76.6 77.6 79.9
50 46.1 44 41.9 39.6 40 41.3 41.2 40.2 38.5 38.7 39.6 38.4 37.8 37 36.3 35.9 36.2 36.5 37.2 37.4 37.3 38.1 39 40.4 45.8 53.9 60.8 67.2 73.3 81.5 85.9 93.1 101.3 114.8 112.8 111.8 115.6 117.5 121.4 125.2 124.4 123.6 126.5 129.5 130 130.4 132.3 135.2 126.3 123.4 119.7 114.5 111.7 107.5 103.6 100 91.1 82.8 85 82.2 79.1 77.4 73.9 71.3 67.6 67.6 62.3 68.8 68.6 68.5 71 69.3 65.6 66.5 67 64.8 65.7 65.7 66.3 68.6 75.8 84.8 90.7 91.6 82.4 78.2 80.3
61.5 59.6 54.3 51.5 51.1 53.2 52.9 53.8 54.4 51.2 50.1 50.5 50.9 50.1 49.7 49.6 49.5 47.9 46.2 41.5 40.1 41.3 41 40.7 40.4 40.3 41.5 47.1 53.7 60.8 70.4 75.3 81.5 91.1 98.4 100.3 107.9 114.1 112.8 120 115.5 114 118.1 124.4 130.1 131.1 126.3 125.2 124.1 119.3 116.4 114.4 113.4 111.5 108.3 105.8 102.5 95.2 85.1 71.9 71.9 70.7 73.2 66.5 66 63.4 63.1 61 63.4 62.4 58.8 59 60.2 59.6 60 61.2 63 63.8 64.9 69.5 74.6 80.1 86.7 91.9 92.2 85.5 79.5 80.4
74.9 69 62.4 62.9 65.6 68.4 68.8 67.5 69.4 67 64.7 65.7 66.9 65.6 65.4 66.2 64.9 63.9 60.4 58.7 56.4 53 50.6 47.3 45.8 48 48.5 44 43.5 50.1 57.4 64 70.9 82.2 85.7 93.7 104.9 102.3 105 108.7 104.6 105.9 112.5 119.9 124.9 129.4 120 116.2 114.9 113 111.2 110.4 109.5 108.3 104.8 100.9 98.9 94.9 82 75.9 72.9 64.8 61.3 63.3 61.7 59.2 58.8 56.3 56 56.8 56.6 56.1 57.2 59.7 60.6 62.3 65.4 68.6 71.3 73.3 78.8 83.9 88.1 91.7 91.7 89.3 84.4 80.3
84.4 79.5 70.7 68.6 75.3 81.4 81.7 83.8 83.2 84.2 83.8 81.5 82.2 80.5 81.6 82.2 80.7 78.8 76.2 73.4 71.2 68.4 64.8 62.7 60.2 58.2 57.4 55.8 53.1 46 46.1 53.7 61.9 70.7 75.6 82.3 92.4 93.3 94.8 95.3 95.6 99.3 104 110.8 116.7 118.3 112.4 108.4 106.7 107.2 103.5 104.6 105.1 101.4 98.4 95.6 93.3 89.6 77.2 72.9 70.6 67.2 57.7 58.7 57.9 56.5 55.8 54.9 54.8 55 56.4 58.5 60.3 61.9 63.1 64.6 68.4 72.9 75.8 79.3 85.9 89.6 92.8 93.7 92.6 90.8 88.9 86.2
93.9 90.8 83.8 76.6 80.4 87.4 92.7 97.1 96 101.1 102.6 97.6 93.4 94.5 95.6 96.6 96.3 94.2 92.1 87.9 85.3 81.8 78.6 74.9 71.3 69.8 67.9 66.5 64.5 57.8 49.3 49.6 49.9 57.4 64.2 69.9 78.6 81.7 83.6 85.5 86.9 90 94.9 98.8 104.9 106.4 103.4 100.1 98.1 93.7 94.6 96.2 95.4 90.5 90.3 87.9 84.7 78.6 72.1 69.7 66.8 63 55.7 55.4 54.4 54.4 54 54 53.8 54.6 57.3 60.9 62.5 64.1 66.7 71.2 77.1 82.2 86.7 91.2 94.3 97.2 97.6 96.4 94.8 93 92.4 90.2
103.6 98.7 95.7 86 84.6 91.9 102.8 110.1 105.7 111.2 109.3 106.9 105.8 106.5 105.7 106 105.6 102.5 99.3 95.8 93.1 90.4 87.7 85.6 82.5 79.3 76.4 75.6 74.3 71.2 65 59.7 55 51.9 52.2 55.4 65.5 69 72 73.9 77.7 82 84.8 87.3 87.4 89.3 91.2 86.9 83.6 84.5 83.9 86.1 82.4 79.8 79.2 77.4 74.2 71.2 64.6 61.9 59.9 56.8 54.5 54 53.3 52.9 53.2 53.2 54 55.3 58.2 61.8 65.2 67.7 72.2 77.2 80.9 85.9 90.5 94.1 98.5 102.8 102.1 98.8 96.7 94.3 93.8 93.6
109.4 105.4 102.6 93.5 89.2 91.8 107.4 111.6 108.2 114 114.6 116 116.2 116.4 113.2 112.3 109.9 108 105.5 102.6 100.8 98.3 94.5 91.9 89.2 86.4 84 81.6 79.6 77.4 75.7 73.3 70.8 65.7 60.8 55 54.7 54.5 57.2 62 67.1 70.2 71.5 74.8 75.6 77.2 73.3 72.6 70.8 70.5 74.7 72.3 70.5 71.5 70.5 69 66.4 61.5 54.1 54.3 53.5 52.4 52.8 52.9 53.1 52.4 52.8 53.7 54.8 56.2 59.3 63.2 67.1 72.4 76 79.6 83.5 88.5 93.1 98.1 100.8 103.6 103.6 100.1 97.5 95.2 94.9 95.2
