data/170000-680000.asc
ncols 200
nrows 200
xllcorner 170000
yllcorner 680000
cellsize 50
[rows 74 to 110 of 200, columns 83 to 165 of 200]
43.9 50.9 46.6 43.9 53.4 68.2 58.1 45.3 59.9 73.6 68.8 61.6 53.2 22.9 -0.3 -0.3 -0.3 -0.3 -0.3 -0.3 -0.3 -0.3 -0.3 -0.3 -0.3 -0.3 -0.3 -0.3 -0.3 -0.3 -0.3 -0.3 -0.3 -0.3 -0.3 26.7 14.2 -0.3 -0.3 -0.3 -0.3 23.1 15.8 16.6 29.9 38.9 35.4 13.1 -0.3 -0.3 -0.3 -0.3 -0.3 -0.3 -0.3 -0.3 -0.3 -0.3 -0.3 -0.3 -0.3 -0.3 2.4 1.3 1.3 1.3 2.6 10.9 28.9 41.4 53.9 69.4 83.4 92.1 96.7 75.6 86.2 87.8 89.6 95.2 99.5 104.5 106.2
39.6 37.9 36.3 42 57.9 61.6 50.7 41 71.2 66.6 57.7 56 43.9 6 -0.3 -0.3 -0.3 -0.3 -0.3 -0.3 -0.3 -0.3 -0.3 -0.3 -0.3 -0.3 -0.3 -0.3 -0.3 -0.3 -0.3 -0.3 -0.3 -0.3 -0.3 22.7 -0.3 -0.3 -0.3 -0.3 -0.3 12.9 17.9 38.8 35.3 26.9 14.7 -0.3 -0.3 -0.3 -0.3 -0.3 -0.3 -0.3 -0.3 -0.3 -0.3 -0.3 -0.3 -0.3 -0.3 -0.3 -0.3 1.3 1.3 1.3 3.2 12.9 30.5 43.4 62.9 70 81.2 87.8 69.6 74.8 90.5 87.5 86.4 95.1 104 101 103.4
39.7 32.4 31.9 40.2 53.1 47.4 39.7 52.3 62.4 57.8 50.9 48.6 18.8 6.8 -0.3 -0.3 -0.3 -0.3 -0.3 -0.3 -0.3 -0.3 -0.3 -0.3 -0.3 -0.3 -0.3 -0.3 -0.3 -0.3 -0.3 -0.3 -0.3 -0.3 14.5 -0.3 -0.3 -0.3 -0.3 -0.3 11.9 15.8 33.5 24.9 9.4 -0.3 -0.3 -0.3 -0.3 -0.3 -0.3 -0.3 -0.3 -0.3 -0.3 -0.3 -0.3 -0.3 -0.3 -0.3 -0.3 -0.3 0.5 1.1 0.1 1.5 3.9 14.7 30.8 50.8 60.1 68.4 74 62.9 70.3 75.3 84.4 86.6 91.4 99.7 95.2 93.5 101.1
41.6 28.8 30.2 37.1 41.6 44.4 37.6 59.7 58.5 47.9 41.7 34.1 12.6 -0.3 -0.3 -0.3 -0.3 -0.3 -0.3 -0.3 -0.3 -0.3 -0.3 -0.3 -0.3 -0.3 -0.3 -0.3 -0.3 -0.3 -0.3 -0.3 -0.3 -0.3 -0.3 -0.3 -0.3 -0.3 -0.3 7.5 9.6 18.4 16 5.6 -0.3 -0.3 -0.3 -0.3 -0.3 -0.3 -0.3 -0.3 -0.3 -0.3 -0.3 -0.3 -0.3 -0.3 -0.3 -0.3 -0.3 -0.3 -0.1 -0.3 0.9 1.5 5.5 17 37.2 51.8 59.4 68.3 51.4 55.7 69.2 67.6 82.2 86.6 95.2 92.6 84.5 96.3 109
31 27.7 28.6 34.9 37.1 35 45.7 54.2 51.8 42.7 44.4 21.7 -0.3 -0.3 -0.3 -0.3 -0.3 -0.3 -0.3 -0.3 -0.3 -0.3 -0.3 -0.3 -0.3 -0.3 -0.3 -0.3 -0.3 -0.3 -0.3 -0.3 -0.3 -0.3 -0.3 -0.3 -0.3 -0.3 3.9 3.2 7.1 4.8 -0.3 -0.3 -0.3 -0.3 -0.3 -0.3 -0.3 -0.3 -0.3 -0.3 -0.3 -0.3 -0.3 -0.3 -0.3 -0.3 -0.3 -0.3 -0.3 1.2 0.7 -0.3 2.2 3.2 6.6 26 42.8 53.9 62.8 41.7 46.3 58.6 65.2 74.8 79.6 85.2 85.3 82.2 91.4 107.6 115.5
25.5 25.1 31.2 33.3 33 30.9 45.2 47 42.7 45.3 32 13.5 -0.3 -0.3 -0.3 -0.3 -0.3 -0.3 -0.3 -0.3 -0.3 -0.3 -0.3 -0.3 -0.3 -0.3 -0.3 -0.3 -0.3 -0.3 -0.3 -0.3 -0.3 -0.3 -0.3 -0.3 -0.3 -0.3 -0.3 5.8 5.5 -0.3 -0.3 -0.3 -0.3 -0.3 -0.3 -0.3 -0.3 -0.3 -0.3 -0.3 -0.3 -0.3 -0.3 -0.3 -0.3 -0.3 -0.3 -0.3 -0.3 0 0.6 1.7 2.7 5.5 8.4 31.7 41.3 46.7 40.8 39.7 48 59.3 65.1 72.1 78.9 79.6 78.5 88.4 102.2 109.7 117
23.2 23.2 30.3 27.6 25.3 29.1 41.9 38.9 43.3 42.7 17.8 -0.3 -0.3 -0.3 -0.3 -0.3 -0.3 -0.3 -0.3 -0.3 -0.3 -0.3 -0.3 -0.3 -0.3 -0.3 -0.3 -0.3 -0.3 -0.3 -0.3 -0.3 -0.3 -0.3 -0.3 -0.3 -0.3 -0.3 -0.3 2.3 -0.3 -0.3 -0.3 -0.3 -0.3 -0.3 -0.3 -0.3 -0.3 -0.3 -0.3 -0.3 -0.3 -0.3 -0.3 -0.3 -0.3 -0.3 -0.3 -0.3 0.7 0.6 0.8 1.9 3.7 6.9 13.4 28.7 30.8 36.1 31.1 42.2 52.3 59.7 66.7 70.5 73.7 78 82 97.4 102.3 108.5 109.2
20.6 28.4 22.2 21.5 21.4 32.1 36.9 35.6 37.6 23.8 -0.3 -0.3 -0.3 -0.3 -0.3 -0.3 -0.3 -0.3 -0.3 -0.3 -0.3 -0.3 -0.3 -0.3 -0.3 -0.3 -0.3 -0.3 -0.3 -0.3 -0.3 -0.3 -0.3 -0.3 -0.3 -0.3 -0.3 -0.3 -0.3 -0.3 -0.3 -0.3 -0.3 -0.3 -0.3 -0.3 -0.3 -0.3 -0.3 -0.3 -0.3 -0.3 -0.3 -0.3 -0.3 -0.3 -0.3 -0.3 -0.3 -0.3 1.2 2.5 1.6 1.2 4.5 7.5 15.3 23.1 26.7 31.2 38.2 47.8 55.8 59.9 63.5 66.6 74.7 78.9 81.3 82.6 93.7 100.4 109
21.1 18.3 18.5 19.2 21.4 32 34.3 30.6 26.5 -0.3 -0.3 -0.3 -0.3 -0.3 -0.3 -0.3 -0.3 -0.3 -0.3 -0.3 -0.3 -0.3 -0.3 -0.3 -0.3 -0.3 -0.3 -0.3 -0.3 -0.3 -0.3 -0.3 -0.3 -0.3 -0.3 -0.3 -0.3 -0.3 -0.3 -0.3 -0.3 -0.3 -0.3 -0.3 -0.3 -0.3 -0.3 -0.3 -0.3 -0.3 -0.3 -0.3 -0.3 -0.3 -0.3 -0.3 -0.3 -0.3 -0.3 -0.3 0.9 3.2 4 4 2.9 8 13 23.8 29 35 43.7 51.4 55.8 55.1 61.3 66.5 65.5 74.7 84.4 95.1 104.8 105.5 105.7
21 16.7 16.7 16.7 26.7 31.1 25.6 26.3 13 -0.3 -0.3 -0.3 -0.3 -0.3 -0.3 -0.3 -0.3 -0.3 -0.3 -0.3 -0.3 -0.3 -0.3 -0.3 -0.3 -0.3 -0.3 -0.3 -0.3 -0.3 -0.3 -0.3 -0.3 -0.3 -0.3 -0.3 -0.3 -0.3 -0.3 -0.3 -0.3 -0.3 -0.3 -0.3 -0.3 -0.3 -0.3 -0.3 -0.3 -0.3 -0.3 -0.3 -0.3 -0.3 -0.3 -0.3 -0.3 -0.3 -0.3 -0.3 1.1 3.5 6.2 7.8 8.2 9 9 24.9 31.3 38.7 44.6 49.6 48.4 57.9 59.1 60.8 70 80.6 86.7 93.8 95.7 105 108.2
16.7 16.7 16.7 16.7 28.1 24.1 22.5 16.6 -0.3 -0.3 -0.3 -0.3 -0.3 -0.3 -0.3 -0.3 -0.3 -0.3 -0.3 -0.3 -0.3 -0.3 -0.3 -0.3 -0.3 -0.3 -0.3 -0.3 -0.3 -0.3 -0.3 -0.3 -0.3 -0.3 -0.3 -0.3 -0.3 -0.3 -0.3 -0.3 -0.3 -0.3 -0.3 -0.3 -0.3 -0.3 -0.3 -0.3 -0.3 -0.3 -0.3 -0.3 -0.3 -0.3 -0.3 -0.3 -0.3 -0.3 -0.3 1.2 3.6 5.5 7.6 17.5 14.3 17.2 19.5 27 27.8 39.4 43.2 44.1 50.3 51.7 60.9 67.3 75.7 84.5 90.6 99.1 101.5 111.2 126.9
16.7 16.7 16.7 17.7 20.6 16.9 11.9 -0.3 -0.3 -0.3 -0.3 -0.3 -0.3 -0.3 -0.3 -0.3 -0.3 -0.3 -0.3 -0.3 -0.3 -0.3 -0.3 -0.3 -0.3 -0.3 -0.3 -0.3 -0.3 -0.3 -0.3 -0.3 -0.3 -0.3 -0.3 -0.3 -0.3 -0.3 -0.3 -0.3 -0.3 -0.3 -0.3 -0.3 -0.3 -0.3 -0.3 -0.3 -0.3 -0.3 -0.3 -0.3 -0.3 -0.3 -0.3 -0.3 -0.3 2 2.9 4.5 7.7 9.6 19.4 19 17.4 20.8 27.3 34.3 35.2 36.1 38.6 46.8 49 58.1 65 73.4 82.1 92 100.7 108.8 113 118.3 120.6
16.7 16.7 16.7 22.5 20.1 19.3 -0.3 -0.3 -0.3 -0.3 -0.3 -0.3 -0.3 -0.3 -0.3 -0.3 -0.3 -0.3 -0.3 -0.3 -0.3 -0.3 9.6 -0.3 -0.3 -0.3 5.7 0.9 -0.3 -0.3 -0.3 -0.3 -0.3 -0.3 -0.3 -0.3 -0.3 -0.3 -0.3 -0.3 -0.3 -0.3 -0.3 -0.3 -0.3 -0.3 -0.3 -0.3 -0.3 -0.3 -0.3 -0.3 -0.3 -0.3 -0.3 2.8 6.6 7.3 5.9 9.1 13.7 24.4 21.9 18.4 20.9 27.1 34 40.4 39.4 34.9 47 48.7 55.6 62.3 72 82.6 93.8 102.3 110.4 114.5 119.3 125.4 127.7
16.7 16.7 28.4 26 21.3 9 -0.3 -0.3 -0.3 -0.3 -0.3 -0.3 -0.3 -0.3 -0.3 -0.3 -0.3 -0.3 -0.3 -0.3 -0.3 -0.3 -0.3 -0.3 -0.3 -0.3 4.1 3.8 4.5 4.6 -0.3 -0.3 -0.3 -0.3 -0.3 -0.3 -0.3 -0.3 -0.3 -0.3 -0.3 -0.3 -0.3 -0.3 -0.3 -0.3 -0.3 -0.3 -0.3 -0.3 -0.3 -0.3 -0.3 -0.3 4.3 7.2 10.8 8.6 12.2 19.5 28.9 26.6 25.5 22.7 28.2 36.7 43.6 43.7 42.1 40.9 46.2 56.3 65.1 73.7 83.9 95.6 105.3 111.8 117.5 123.5 129.7 129.3 129.8
16.7 33.1 37.3 25.3 15.3 -0.3 -0.3 -0.3 -0.3 -0.3 -0.3 -0.3 -0.3 -0.3 -0.3 -0.3 -0.3 -0.3 -0.3 -0.3 -0.3 -0.3 -0.3 -0.3 -0.3 5.5 3.9 5.3 12.4 10.9 -0.3 -0.3 -0.3 -0.3 -0.3 -0.3 -0.3 -0.3 -0.3 -0.3 -0.3 -0.3 -0.3 -0.3 -0.3 -0.3 -0.3 -0.3 -0.3 -0.3 -0.3 -0.3 1.8 8.3 13.3 16.1 14.7 18.4 25.2 32.9 31.2 30.1 31 29.9 37.3 47.4 49.4 46.7 39.9 45.6 53.4 62.4 73.1 83.6 94.6 107.1 119.8 121.6 129.4 137.1 136 133.4 136.2
18.6 39.1 32.5 26.5 -0.3 -0.3 -0.3 -0.3 -0.3 -0.3 -0.3 -0.3 -0.3 -0.3 -0.3 -0.3 -0.3 -0.3 -0.3 -0.3 -0.3 -0.3 -0.3 -0.3 2.4 4.1 4.4 11.4 19.7 2.6 -0.3 -0.3 -0.3 -0.3 -0.3 -0.3 -0.3 -0.3 2.9 -0.3 -0.3 -0.3 -0.3 -0.3 -0.3 -0.3 -0.3 -0.3 -0.3 -0.3 6.4 8.1 14.8 20.3 22.9 21.4 28.6 31.7 37.7 36.3 37.1 44.7 41.6 41.7 45.9 53.7 54.6 52.6 45.7 54.7 63.7 70.5 82.2 96 108.2 121.2 126.9 134.4 143.9 150.9 141.4 142.3 142.2
41 43.2 28.9 12.8 -0.3 -0.3 -0.3 -0.3 -0.3 -0.3 -0.3 -0.3 -0.3 -0.3 -0.3 -0.3 -0.3 -0.3 -0.3 -0.3 -0.3 -0.3 -0.3 -0.3 3.1 3.6 7.9 19.6 14.1 2.3 -0.3 -0.3 -0.3 -0.3 -0.3 -0.3 5 7.3 9.1 3.9 -0.3 -0.3 -0.3 -0.3 -0.3 -0.3 3.5 3.6 4.6 6.5 14.8 22 29.4 30.6 31.5 36.9 37.2 43.9 45.5 50 57.5 56 53 53.2 56.6 61.7 60 50.1 56.4 64.5 74.4 81.7 92.1 108.4 122.8 131 138.1 146.8 157.4 148 147.1 149.2 144.5
51.4 38.4 21.1 -0.3 -0.3 -0.3 -0.3 -0.3 -0.3 -0.3 -0.3 -0.3 -0.3 -0.3 -0.3 -0.3 -0.3 -0.3 -0.3 -0.3 -0.3 -0.3 -0.3 -0.3 2.5 6.5 20.3 25.4 8.2 9.2 -0.3 -0.3 -0.3 -0.3 -0.3 5 10.3 11.7 12.5 5.7 4.4 5.6 5.5 5.4 13.7 6.5 5.1 6.4 11.8 17.8 27.9 35.7 38.7 41.5 48.8 42.7 48.1 55.8 61 71.5 70 64.6 63.5 63.3 66 64.7 58.3 59.3 64.5 73.2 83.6 93 109 124.2 134.9 142.1 147.6 157.9 163.8 155.1 154.4 154.9 150.5
39.3 25.3 6.5 -0.3 -0.3 -0.3 -0.3 -0.3 -0.3 -0.3 -0.3 -0.3 -0.3 -0.3 -0.3 -0.3 -0.3 -0.3 -0.3 -0.3 -0.3 -0.3 -0.3 1.8 3.3 12.5 26.3 17.5 5.2 9.3 -0.3 -0.3 -0.3 -0.3 -0.3 11 15.6 20.6 11.6 7.2 18.5 18.5 24.4 21.8 26.3 20 13.5 20.5 26.3 30.5 37.5 46.4 50 55.3 51.2 57.3 65.4 71.6 80 81.9 76.5 72.9 71.5 69.9 71.7 62.7 61.4 65.9 74 82.3 93 106.1 121.1 134.3 142.7 148.2 157.2 165.9 159.7 161.2 159.7 155.8 153.2
27.4 12.8 -0.3 -0.3 -0.3 -0.3 -0.3 -0.3 -0.3 -0.3 -0.3 -0.3 -0.3 -0.3 -0.3 -0.3 -0.3 -0.3 -0.3 -0.3 -0.3 -0.3 1.7 1.7 4.8 19.7 23.1 4.8 -0.3 -0.3 -0.3 -0.3 -0.3 -0.3 6.2 15.8 25.7 17.6 14.4 22 24 37.3 35.3 32 32.8 29.8 30.9 34.1 35.1 37.1 50 56.1 59.5 62 67.8 74 78.8 88.9 95.2 90.6 80.7 77.8 74.7 71.6 66.7 61.3 67.4 72.1 78.4 91.1 101.5 116.9 132.6 140.4 150.5 157 169.9 160.6 161.6 159.1 161.9 155.7 154
17.2 -0.3 -0.3 -0.3 -0.3 -0.3 -0.3 -0.3 -0.3 -0.3 -0.3 -0.3 -0.3 -0.3 -0.3 -0.3 -0.3 -0.3 -0.3 -0.3 -0.3 -0.3 3.8 1.6 12 21.4 8.6 1.8 -0.3 -0.3 -0.3 -0.3 -0.3 4.4 11.9 19.1 22.7 22.7 27.2 29 42.1 48.5 50.5 41.2 38 37.5 36.7 37.7 38.5 46.5 55.1 63.7 68.6 74.7 79.5 85.1 93.8 98.8 96.3 86.3 82.2 77.3 72.7 68.1 62 59.5 66.4 75.6 85.1 94.2 109.1 125.7 137.8 147.6 160.4 171.2 155.9 157.4 157.4 161.7 160.7 158.1 158
-0.3 -0.3 -0.3 -0.3 -0.3 -0.3 -0.3 -0.3 -0.3 -0.3 -0.3 -0.3 -0.3 -0.3 -0.3 -0.3 -0.3 -0.3 -0.3 -0.3 -0.3 -0.3 -0.3 2.8 14 14.3 -0.3 -0.3 -0.3 -0.3 -0.3 -0.3 -0.3 11.9 19.2 25.4 26 30.9 32.1 43.7 48.5 52.6 50 41.5 40.6 38.7 40.5 40.7 44.4 52.6 60.9 68.5 77.1 82.9 90.2 97.4 106.7 106.6 91.2 86.2 80.4 75.4 71.2 65.5 62.2 67.2 72.1 79.3 89.3 100.3 112.8 131.6 146.5 156.1 167.6 150.9 152.4 154.5 162.8 168.4 166.5 165.5 164.8
-0.3 -0.3 -0.3 -0.3 -0.3 -0.3 -0.3 -0.3 -0.3 -0.3 -0.3 -0.3 -0.3 -0.3 -0.3 -0.3 -0.3 -0.3 -0.3 -0.3 -0.3 -0.3 -0.3 5.4 11.1 -0.3 -0.3 -0.3 -0.3 -0.3 -0.3 -0.3 16.9 19.6 29.8 29.5 31.3 35.8 45.6 49.3 52.5 52.8 49.3 45.7 43.5 48.1 43 51 58.6 65.1 64.5 71.7 79.8 91 98.3 105.2 105.9 91.9 88.5 84.5 79 76.3 67.8 65.7 71.8 77 81.5 92 101.3 106.2 113 124.3 140.4 152.8 143.9 147 153.6 164 173.2 179.1 176.2 171.8 169.5
-0.3 -0.3 -0.3 -0.3 -0.3 -0.3 -0.3 -0.3 -0.3 -0.3 -0.3 -0.3 -0.3 -0.3 -0.3 -0.3 -0.3 -0.3 -0.3 -0.3 -0.3 -0.3 -0.3 4.5 -0.3 -0.3 -0.3 -0.3 -0.3 -0.3 -0.3 15 24.6 28.6 32.2 32.5 34 45 52.7 52 51.9 52.3 53.3 50.3 52.8 51.4 54.4 62.4 67.9 73.1 76.5 75.2 78 93.1 99.1 99.1 90.9 88.4 86 86.9 74.9 69.6 68.5 71.4 78 82.8 90.3 111 109.8 110.3 116.3 126 134.5 134.8 143.1 157.5 160.4 178.1 190.1 187.1 186.1 181.4 180
-0.3 -0.3 -0.3 -0.3 -0.3 -0.3 -0.3 -0.3 -0.3 -0.3 -0.3 -0.3 -0.3 -0.3 -0.3 -0.3 -0.3 -0.3 -0.3 -0.3 -0.3 -0.3 -0.3 -0.3 -0.3 -0.3 -0.3 -0.3 -0.3 -0.3 10.2 21.8 30.2 29.7 32.3 35.3 43 48.5 53.1 55.2 56.3 56.9 56.3 55.9 57.6 57.4 66.8 71.3 75.1 82.2 87.2 91 80.3 80.1 87.3 88.5 86.6 85.2 83.3 77.4 72.2 72.2 71.6 74.9 84.5 94.6 114.3 119.8 108.4 108.8 114.9 119 126.8 135.6 145.5 156 172 185.2 191.3 190.7 188.6 189.1 188.6
-0.3 -0.3 -0.3 -0.3 -0.3 -0.3 -0.3 -0.3 -0.3 -0.3 -0.3 -0.3 -0.3 -0.3 -0.3 -0.3 -0.3 -0.3 -0.3 -0.3 -0.3 -0.3 -0.3 -0.3 -0.3 -0.3 -0.3 -0.3 -0.3 7.5 17 26.4 30.2 29.4 33.3 40.7 54.7 56.4 58.5 60 60.8 61.4 61.2 62.2 63.6 70.3 76.6 83.3 88.3 95.4 105 113.3 110.2 97.9 89.6 87.1 89.1 89.6 87.5 84.3 90.3 82.4 79 74.5 79.2 86.6 109.7 101.1 94.6 96.4 98.9 105.7 116.7 127.8 137.6 151.6 168.1 180.9 189.6 190 189.5 195.2 196.1
-0.3 -0.3 -0.3 -0.3 -0.3 -0.3 -0.3 -0.3 -0.3 -0.3 -0.3 -0.3 -0.3 -0.3 -0.3 -0.3 -0.3 -0.3 -0.3 -0.3 -0.3 -0.3 -0.3 -0.3 -0.3 -0.3 -0.3 -0.3 -0.3 13.6 22.5 30.9 28.9 30.8 35.8 49.4 57.2 60.9 63.5 65.2 66.1 67.9 70.6 68.7 78.6 85.8 89.9 95.6 103.7 113.8 124.4 128.9 129.7 117.3 111.3 112 112.3 113.3 110.3 107.7 105.4 101.8 95.7 92.1 92.2 98.4 88 93.2 94.4 95.9 96.5 99 105.5 115.4 131.4 141.6 157 173.2 187 193.8 188.1 191.7 195.9
-0.3 -0.3 -0.3 -0.3 -0.3 -0.3 -0.3 -0.3 -0.3 -0.3 -0.3 -0.3 -0.3 -0.3 -0.3 -0.3 -0.3 -0.3 -0.3 -0.3 -0.3 -0.3 -0.3 -0.3 -0.3 -0.3 -0.3 -0.3 10.1 19.6 28.6 30.6 30.5 32 43.3 59 64.8 65.5 68.6 70.9 73.4 81.3 84.6 80.4 93.5 99.1 99.3 112.9 119 127.9 136.4 140.4 138.1 137.9 133.6 138.3 145 139.5 131.1 126.5 123.2 120.9 117.5 116.4 112.9 114.2 113.4 113.2 111.3 109 106.1 106.4 107.8 106.6 117 133.3 144.7 162.6 175 184.5 192.2 195.6 203.6
-0.3 -0.3 -0.3 -0.3 -0.3 -0.3 -0.3 -0.3 -0.3 -0.3 -0.3 -0.3 -0.3 -0.3 -0.3 -0.3 -0.3 -0.3 -0.3 -0.3 -0.3 -0.3 -0.3 -0.3 -0.3 -0.3 -0.3 -0.3 12.7 22.8 28.4 30.9 31.9 35.7 51.7 64.6 67.3 74 77.6 77.6 83 90.8 95 94.4 98 104.6 116.4 125.1 135.1 145.1 152.2 155.4 153.6 155 156.9 163.2 162.1 157 151 146.2 142.6 139.1 136 133.6 131.4 129.7 131.7 131.8 130.8 126.3 124 124.8 123.5 121.7 114.5 129.6 138.9 150.2 168.5 181.2 198.6 208 184.8
-0.3 -0.3 -0.3 -0.3 -0.3 -0.3 -0.3 -0.3 -0.3 -0.3 -0.3 -0.3 -0.3 -0.3 -0.3 -0.3 -0.3 -0.3 -0.3 -0.3 -0.3 -0.3 -0.3 -0.3 -0.3 -0.3 -0.3 7.7 16 24.9 27.8 30.3 33.7 46.8 58.9 63.8 74.6 82.1 84.9 87.4 93.4 100.7 106.4 107.7 114.2 122.5 134.2 142.3 150.4 160.2 165.7 165 167.2 178.5 187.9 185 178.2 172.8 167.8 163.2 161.1 159.1 158 155.7 152.6 150.1 150.6 151.2 149.9 149.7 150 148.1 145.2 142.1 128.7 130.2 124.9 132.1 147.9 160.4 167.2 169.6 161.3
-0.3 -0.3 -0.3 -0.3 -0.3 -0.3 -0.3 -0.3 -0.3 -0.3 -0.3 -0.3 -0.3 -0.3 -0.3 -0.3 -0.3 -0.3 -0.3 -0.3 -0.3 -0.3 -0.3 -0.3 -0.3 -0.3 -0.3 12.8 19.3 23.3 27.3 32.8 39.3 51.5 60 73.2 85.3 93.7 99.7 102.5 107.3 114.4 117.5 122.2 128.9 134.9 144.7 155.3 161.4 169.8 174.6 173.6 186.6 199 204.8 197 192.6 189.2 181.6 176.4 173.4 176.1 177 178.6 175.4 168.3 169.4 170.5 170.4 168.7 170.8 167.8 162.6 155.1 150.7 147.9 147.6 146.4 144.1 143.9 149.6 152.3 153.6
-0.3 -0.3 -0.3 -0.3 -0.3 -0.3 -0.3 -0.3 -0.3 -0.3 -0.3 -0.3 -0.3 -0.3 -0.3 -0.3 -0.3 -0.3 -0.3 -0.3 -0.3 -0.3 -0.3 -0.3 -0.3 -0.3 6 13.7 19.1 24.9 30.9 37.5 49 58.2 71 85.6 101.4 108.1 112.2 118 121.9 126 128.8 141.6 146.5 149.3 157 163.4 171.7 179.5 182.3 190.1 204.9 215 210.8 204.6 201.1 195.7 190.3 186.1 185.5 187.3 192.1 187.9 186.3 182.2 184.2 186.5 187 186.5 189.2 190.1 187.1 179.4 162.4 157.3 156.3 153.5 151.8 150.8 154.9 150 150
-0.3 -0.3 -0.3 -0.3 -0.3 -0.3 -0.3 -0.3 -0.3 -0.3 -0.3 -0.3 -0.3 -0.3 -0.3 -0.3 -0.3 -0.3 -0.3 -0.3 -0.3 -0.3 -0.3 -0.3 -0.3 5.6 10.7 16.3 22.2 29 36.9 48.1 58.2 64.5 85.2 103.3 112.7 117.2 126.7 134.9 140.4 139.4 151.5 157 159.1 159.5 163.4 171.1 178.7 186.7 192.7 206.8 216.7 225 213.9 211.5 206.7 201.1 195.5 192.8 192.6 195 195.7 192.5 190.6 192 193.4 196.5 200.5 200 205 208.5 209.4 207.3 191.8 174.8 165.8 162.6 155.9 158 161.4 159 151.3
-0.3 -0.3 -0.3 -0.3 -0.3 -0.3 -0.3 -0.3 -0.3 -0.3 -0.3 -0.3 -0.3 -0.3 -0.3 -0.3 -0.3 -0.3 -0.3 -0.3 -0.3 -0.3 -0.3 -0.3 3.1 6.2 12.9 19.3 25.4 35.2 42.7 56.4 63.4 77.3 95.8 112 120.6 128.9 139.9 150.4 154.2 159.9 166.1 166.5 166.5 166.8 170.7 179 187.8 195.7 205 217.4 227.9 222.6 219.3 217.5 211.5 205.9 200.3 198.3 197.6 197.5 197.4 195.4 196.5 198.8 202.2 205.8 209.4 217.5 222.3 227.2 227.3 217.2 208.7 194.8 181.2 171 166.7 163.1 161.5 157.2 154.8
-0.3 -0.3 -0.3 -0.3 -0.3 -0.3 -0.3 -0.3 -0.3 -0.3 -0.3 -0.3 -0.3 -0.3 -0.3 -0.3 -0.3 -0.3 -0.3 -0.3 -0.3 -0.3 -0.3 -0.3 4.6 7.7 17.1 22.7 29.1 39.4 51 60.8 73.9 92.3 107.7 119.1 126.2 141.7 155.2 160.7 160.3 172.2 173.4 174.2 175 178.6 178.2 187.8 195.8 204 214 225.9 230 223.2 223.5 220.9 215.4 209.5 204.4 203.5 201.2 200 199.8 200.5 202.2 205.6 209.7 213.5 219.1 229.6 237 240.1 236.7 231 227 213.3 197.7 185.9 178.5 170.2 162.2 163.3 171.6
-0.3 -0.3 -0.3 -0.3 -0.3 -0.3 -0.3 -0.3 -0.3 -0.3 -0.3 -0.3 -0.3 -0.3 -0.3 -0.3 -0.3 -0.3 -0.3 -0.3 -0.3 -0.3 -0.3 -0.3 7.3 14.2 22.5 25.1 33.1 45.3 57 65.4 86.4 104.4 117 124.8 136.5 154.3 163.1 161.7 175.5 177.1 178.9 180.6 182.3 187.1 185.9 194.3 202.1 210.2 218.7 224.1 223.1 225.4 224.9 222.3 217.7 212.6 208.4 206.3 204.1 202.6 201.8 204.5 207.6 212.4 216.3 221.7 231.6 240.1 244.2 248.3 243.1 244.7 246.6 232.1 209.1 194.3 184.7 175.2 172.2 174.4 175.8
-0.3 -0.3 -0.3 -0.3 -0.3 -0.3 -0.3 -0.3 -0.3 -0.3 -0.3 -0.3 -0.3 -0.3 -0.3 -0.3 -0.3 -0.3 -0.3 -0.3 -0.3 -0.3 -0.3 6 10.9 18.7 24.9 28.9 39.4 51.1 60.4 80 98.2 113 126.6 133.9 145.8 156.3 162.6 171.8 179 181 182.8 185 189.1 189.6 191.6 198.7 206.1 212.3 217 221.2 224.1 227.2 226 228.2 218.7 212.6 209.3 210.3 207.9 205.5 204 206.6 210.1 216.2 221.2 231.3 237.1 244.5 247 249.8 251.1 255.7 246.9 236.4 206.3 193.3 185.5 180.3 174.8 176.7 177.3
