data/170000-860000.asc
ncols 200
nrows 200
xllcorner 170000
yllcorner 860000
cellsize 50
[rows 37 to 73 of 200, columns 82 to 163 of 200]
43 48.9 57.9 64.3 67.6 66.1 67.4 74.5 80.2 86.8 91.9 95.5 99.5 103.3 106.6 109.8 111.9 124.6 129.7 133.5 135.4 136.8 138.6 141.6 143.7 146.4 150.8 154.3 155.6 157.3 160.1 162.2 164.7 167.6 170.4 173.5 177.5 181.6 184.2 186.7 188.9 190.7 192.5 194.4 196.3 197.6 198.8 199.6 200.1 200.2 200 199.6 199.1 198.7 198.2 197.7 196.9 196 195.4 195.2 194.9 194.6 193.9 193.4 193.5 193.3 193 192.2 192.9 193.6 192.9 185.9 182.6 191.8 189.3 183.6 182.3 181.5 180.4 179.1 177.9 176.7
42.8 47.7 53.8 60.6 64.5 61.8 64.5 70.9 78.7 86.4 89.7 93.9 97.3 101.8 105.5 107.5 109.8 117.4 124 129.8 134.8 135.7 136.9 140.6 143.8 146.3 147.9 151.2 153.3 155.5 157.7 159.9 162 164.9 167.8 170.5 173.8 177.7 181.7 184.6 187.6 190.2 192 193.9 195.7 197.7 198.8 199.8 200.9 201 201.8 201.4 201.4 200.9 200.5 200 199.4 199 197.8 197.5 197.3 196.9 196.3 195.9 195.8 196 195.7 195.2 195.1 195.5 195.9 192.7 184.5 187.2 189.3 187.1 186.4 184.8 184.4 183.1 182 180.5
43.3 50.2 52.7 57.4 62.3 55.4 64.9 70.8 76.2 85.3 84.9 92.4 98.3 98.1 103.7 106.2 107.8 114.1 118.3 124.1 130.5 133.2 133.6 140.4 143.6 145.6 147.3 149.1 151.2 153.3 155.4 157.6 159.6 162.3 165.1 167.8 170.6 174 178.4 182.5 185.7 188.8 191 192.8 194.9 197.1 199 200.3 201.5 202.1 203.3 203.3 203.4 203.2 202.7 202.2 201.7 201.4 200.7 199.9 199.6 199.2 198.8 198.2 197.9 198.1 198.4 197.6 195.4 195.1 197.1 196 190 186.3 189.3 189.8 189.7 189.2 188.4 186.9 185.3 183.8
43.8 47.3 51.2 53 50.1 48.2 57.2 69.6 72.9 75 77.2 88.6 96.9 94.7 99 106.8 106.5 112.9 117.6 120.9 125.2 129.2 128.1 136.2 141.7 144.8 146.7 148 149.7 151.9 154.2 156.3 158 160.6 163.3 165.6 168.5 171.5 174.2 179 183.5 187.3 189.8 191.8 194.3 196.5 198.2 199.9 201.7 203.1 204.3 205 205.3 205.3 204.9 204.5 204.2 203.9 203.1 202.3 201.9 201.5 201 200.6 200 200.2 200.7 200.1 197.6 196.8 198.8 199.6 195.6 187.6 190.6 191.3 191.1 191.4 190.7 189.7 188.6 187
40.9 41.7 41.9 41.6 37.5 44.8 50.4 65.6 67.4 68.8 74.6 82.5 89.2 92.8 98.8 103.5 104.9 110.9 115.3 119.4 121.3 124.7 124.5 131 139 142.3 144.6 146.5 148.3 150.6 152.9 154.8 156.7 159.7 162.5 164.8 167 169.1 171.6 174.3 179.3 183.7 187.4 190.4 193.2 195.5 197.2 198.9 200.9 202.6 204.1 205.7 206.2 206.7 207.2 206.8 206.4 205.8 205.2 204.8 204.3 203.9 203.5 203.2 202.6 202.2 202.7 202.4 201.3 199.8 199.7 198.1 194.7 191.4 192.4 193.9 193.7 193.4 192.6 191.6 190.9 189.9
29.3 30.3 30.7 30.7 41 49.2 52.3 61.8 65.7 69.2 72.8 79.7 86.6 95 94.3 99.4 100.3 106.6 110.5 112.7 115.1 118.4 121.3 129.5 134.8 139.6 142.1 143.9 146.2 148.6 151.1 153.7 155.6 158.2 161.4 164.1 166.3 168.5 170.6 172.3 175.2 180.1 184.1 187.4 190.3 193.4 196.3 198.2 200.2 202.1 203.7 205.7 207 207.6 208.6 208.8 208.6 208.1 207.7 207.3 206.8 206.4 206.1 205.9 205.4 205 204.6 204.6 204 202.6 202.6 199.8 199.2 196.6 193.4 195.5 196.3 195.4 194.8 194.3 193.9 192.6
29.1 30.3 32 34.6 42.2 51.5 52.2 63.4 66.6 73.2 75.1 80.3 87.1 89.7 93 94.1 93.5 101.4 109.3 110.6 112.6 115.2 118.6 127.7 131.2 135.3 139.5 141 142.2 145.2 148.8 151.6 154.1 156.7 159.8 163.1 165.6 167.8 169.7 171.8 174.7 178.3 181.4 184.5 187.9 191.2 194.4 196.7 199 201.3 203.3 205.3 207.2 208.5 209.5 210.4 210.6 210.5 210.1 209.7 209.3 209.4 209 208.6 208.2 207.8 207.4 206.8 205.8 205.7 203.8 200.6 200.7 201.2 195.8 199.1 199.7 197.8 197.4 196.8 195.8 195
28.9 30 32.1 34.2 42.5 55.6 54 61 67.2 70.2 72.6 81.1 87.6 88.8 90.9 92.2 88.5 91.6 103.1 106.4 110.2 113.8 115.4 123.9 128.4 131.4 135.3 138.4 138.2 139.5 144.5 148.9 151.6 154.4 158 161.3 164.6 167.1 169.2 171.6 174.2 177.4 180.7 183.6 187 190.3 193.4 196.1 198.5 200.8 202.8 204.8 206.7 208.9 210.1 211 212.3 212.5 212.3 212 211.6 211.6 211.1 210.8 210.4 210 209.6 209.2 208.8 208.2 207 201.7 200.8 202.3 197.1 201.2 205.2 200.1 199 200.1 201.2 197.1
28.7 29.6 31.1 32.7 38.2 47.5 54.4 63.8 66.1 72.5 76.5 83.7 88.3 87.7 85.6 84.5 88.1 90.5 95.2 100.4 107.6 112.6 114.7 120.2 125.8 129.6 133 135.4 134.5 136.5 140.6 144.6 149.1 152.1 155.7 159.4 162.4 165.1 167.8 170.2 173.8 176.6 179.9 183 186 189.2 192.3 195.4 198 200.3 202.3 204.3 206.2 208.5 210.7 211.6 213 214.1 214.3 214.2 213.9 213.5 213.2 212.8 212.4 212 211.6 211.3 210.8 210.6 209.5 206.9 202.8 201.6 201.6 201.7 209.4 207 201.4 200.7 200.9 199.8
28.9 29.2 30.7 33.2 44.6 49.2 53.7 57.8 65.6 76.3 84.6 82.7 87.7 82.8 87.6 90.2 87 89.7 92 93.9 104.5 111.9 111.4 116.1 122.5 127.3 130.8 132.6 129.2 132.9 136.9 141.8 145.1 147.9 151.8 157 161.1 164.6 167.8 171 174.4 176.6 179.4 182.8 185.4 188.1 191.2 194.3 197.4 199.7 201.7 203.8 205.8 208 210.2 212.2 213.6 214.9 216 216.2 216 215.6 215.3 214.9 214.5 214.1 213.7 213.2 212.8 212.9 211.8 211.1 210 203.3 204.6 200.5 205.5 208.5 207 203.1 203.5 202.3
29.2 29.2 30.4 31.9 44.9 55 54.7 58.7 68.7 79.2 86.7 81.5 86.2 84.3 88.7 91.5 90.7 87.6 90 91.9 97.8 107.2 106 113.6 119.2 123 126 126.2 123.8 128.6 135.2 138.1 140.7 144 149.1 154.9 159.4 164.1 168 170.9 174.3 177.8 180.2 182.7 185.2 187.6 190.2 193.3 196.3 198.9 201.3 202.8 204.9 207.3 209.5 211.9 214.3 215.6 217.2 217.8 217.9 217.7 217.3 217 216.6 216.2 215.7 215.1 214.8 215.1 214.6 213.5 213.1 211.7 208.2 207.9 203.7 209.8 214 211.7 206.3 205.6
29.7 29.2 31.1 32.1 36.4 50.6 55.9 59.8 69.8 78.5 77.3 78.9 80.4 86.8 89.2 92.2 91.7 93.1 90.2 91.7 92.2 96.3 97.4 110.4 116.3 117.4 118.4 118 118.9 124.1 129.8 133.7 136.6 141.2 146.8 152.2 157.7 163.1 167.1 170 174.3 177.8 180.9 183.4 186.2 188.7 190.8 193.1 194.7 196.9 199.4 201.1 203.7 206.2 208.6 211.3 214.2 216.4 218.3 219.5 219.6 219.5 219.4 219 218.6 218.2 217.6 217 216.8 217.1 216.9 215.9 215.4 214.8 214.3 212.8 210.1 210.8 216.2 216.5 214.7 211.1
29.2 29.8 30.9 32 34.1 40.1 50.8 65.4 70 70.4 74.2 76.8 84.1 86.7 90.3 91.6 93.3 96.5 95.8 91.4 91.8 92.5 94.7 106.3 113.6 114.8 115.9 116.8 115.7 121.9 128.2 130.9 133.4 138.8 143 147.6 155.2 160.6 165.1 169 173.3 177.6 180.9 183.8 186.2 189.4 191.3 194.7 196.7 198.2 198.7 199.9 202.2 204.2 206 210.9 213.5 216.7 219.4 220.6 221.3 221.2 221.2 221.1 220.7 220.1 219.5 218.9 218.7 218.9 219.2 218.6 218.1 217.4 216.3 215.8 214.6 212.4 213.9 217.7 218.3 218.5
30.3 30.6 32.4 33 35 45.8 44.7 62.3 66.8 72.2 76.4 79.2 83 83.7 90.4 92.2 96.6 100.7 101.9 92.3 91.7 92.2 95.3 104.5 111.8 113.7 114.7 116.3 113.1 119 125.7 127.4 132 137.1 140.8 145.7 151 156.2 162.7 167.7 172.5 176.8 180.1 182.6 186.2 189.7 194.2 198.2 201 203.2 205.4 206.8 208.1 209.1 210.4 212.1 213 216.5 220 221.8 222.9 222.8 222.8 222.7 222.7 222.2 221.6 221 220.7 220.9 221.1 220.7 219.4 219.2 218.9 218.4 217.3 216 213.8 216.4 217.9 220.7
33 30 30.9 33.6 33.4 33.9 36.7 52.5 62.6 61.5 73.5 83.8 83.4 83.9 91.7 97.2 101.8 103.8 104.3 104.9 91.7 92.8 94.6 102.7 109.8 111.8 113.6 111.7 111.9 118.3 122.5 125.6 131.4 135.4 139.7 144.3 149.2 154.3 159.4 163 169.1 174.1 179.5 183.7 188.2 194.1 199.3 202.5 205.4 208.2 210.6 212 212.7 213 214.3 215 216.4 217.8 220.8 223.2 224 224.3 224.2 224.1 224.1 224.1 223.8 223.2 222.6 222.8 222.5 222 221.5 221.9 221.5 220.2 219.3 218.1 216.4 215.4 217.8 222.5
35.4 31.3 23.8 22.8 29.7 34.7 31.8 44.3 50.7 56.4 75.8 81.1 82.8 85.4 94.5 101.6 105.6 107.2 106.6 101.3 93 92.6 94.2 101.4 109.4 106.9 106.5 106.9 110.3 115.9 120.8 125 129 133.1 137.7 141.7 147.3 152.3 156.1 162 171.4 178.1 183.2 187.5 192.5 197.6 202.4 205.5 208.1 210.4 213 214.5 216 216.7 217.4 218.1 219.9 220.7 222 223.4 225.2 225.7 225.6 225.5 225.4 225.5 225.6 225.3 224.6 224.2 223.8 223.3 223.1 223.6 222.8 222 220.7 219.4 219.1 217.5 218 222.1
34.9 30.9 18.9 18 19.2 26.2 28.6 30.7 44.8 56.4 65.4 75.8 82.7 86.2 95 102.9 110.6 112 109.9 103.8 93.8 93.6 94.7 99.5 107.7 100.6 101.9 107.4 109.7 115.3 119.8 122.9 126.6 133.2 136.6 138.9 143.3 147.4 154.9 164.3 172 180.9 186.3 190.8 195.4 199.7 205.1 207.3 209.5 212 213.6 215.2 217.6 218.3 218.7 220 221.7 223.2 224.1 225.6 226.1 226.6 227 226.9 226.8 226.9 227 227.1 226.7 226.2 225.2 224.9 224.9 224.8 224.4 223.9 222.6 222.6 222.6 219.4 219 222.7
30.7 21.9 17.6 16.8 16.6 19.2 24.3 32.2 44.6 56.1 64.2 77.5 83.3 89 100 105.2 112.2 115.1 107.2 111.1 97 94.3 94.1 100.3 105.3 108.1 109.2 110.4 113.8 116.8 116.6 119.1 124.9 129.2 128.6 128.4 140 148.5 156.9 165 172.4 179.2 184.9 191.3 196.8 200.3 205.2 207.7 210.6 212.9 214.3 216 217.8 219 219.5 221.9 223.4 225 225.8 226.5 227 227.5 228 228.2 228.2 228.3 228.7 228.7 228.6 228.4 227.5 226.7 226.5 225.4 226.2 225.7 225.4 224.6 224 222.4 219 223.1
19.8 17.5 15.4 15 15.9 18.7 21.5 30.3 42 54.8 60.4 73.5 83.6 91.5 101.7 107.8 111.2 111.4 111 113.3 101.3 97.1 94.9 96.9 107.5 111.8 112.2 111 114.3 112.9 113.1 116.1 123.6 122.7 123.5 131.9 141.1 148 153.4 163.1 170.5 176.3 182.7 188.5 193.3 198.3 205 208.4 211.3 214 215.3 215.6 217.3 218.5 219.6 223.3 224.8 226 226.3 226.7 227.4 228 228.7 229.4 229.6 229.8 230 229.9 229.9 229.9 229.3 228.4 228.1 228.3 228.1 227.7 226.6 225.8 225.7 224.3 219.6 223
16 14.4 14.7 15.9 16.9 22.7 22.6 22.1 30.1 44.4 54.9 70.4 83.2 91.6 101 108.9 112.3 111.7 114.3 114.2 107.8 105.1 95.8 94.5 107.4 113 111.9 111.5 112.2 112.9 111 111.6 112.5 113.3 124.5 135.2 139.6 146 150.5 160.3 168.5 174.7 178.2 182.4 188.7 196.3 201.9 205.6 211 214.7 215.6 216 216.8 218.1 218.9 222.5 225.2 225.9 226.5 226.8 227.5 228.2 228.9 229.9 230.6 231 231.3 231.3 231.3 231.3 230.9 230.1 230.2 230.3 230.5 229.8 228.6 227.4 227 226.2 222.8 222.2
11.4 12.5 14.5 17 18.2 23 22 22 23.3 32.1 55.1 68.4 82.6 90.9 101.7 109.1 111.8 111.8 115.7 109.9 108.8 111.9 96 95 108.5 115.1 112.4 112 111.4 109.7 107.3 105.3 106.9 112.4 124.4 130.8 138.1 142.8 147.5 156.5 164.9 169 173.5 177.7 183.6 190.3 196 202.8 208.9 213.9 215.8 216.4 216.7 217.7 219.2 222.1 225.3 226.5 226.7 227.1 227.7 228.5 229.6 230.6 231.3 231.7 232.5 232.6 232.7 232.7 232.5 232 232.4 232.4 232.1 231.5 230.3 229.2 229.1 228.7 226.8 224.4
9.8 12.6 14.7 18.4 23.1 19.5 19.4 20.5 22.3 24.5 41.8 69.1 77.2 88.4 96.3 104.6 107.7 111 112.4 111.6 113.3 113.4 97.5 95.6 106.3 112.9 115.2 114.5 106.1 104.4 103.6 104.2 106.2 114.2 120.5 127.7 135.1 141.4 145.4 149.9 156.4 162.3 168.4 173.6 180.1 185.9 192 199.3 205.5 209.3 212.6 214.6 216.5 217.5 219.7 222.4 225.9 227.8 228.9 229 228.4 229.2 230.5 231.3 231.9 232.7 233.6 233.8 234 234.1 234.1 234.1 234.3 233.9 233.6 233.3 232.1 231.1 231.1 231 229.9 227.8
4.8 8.9 9.1 18.5 27.2 19 17.3 19.7 22.7 23.7 30.3 50.9 67 80.9 86.7 98.4 105.5 113.5 120.2 121.1 122.2 109.9 99.3 96.2 104.9 114.9 117.8 114.6 102.7 101.5 103.2 105 110 112.9 119.2 125.2 134.6 138.5 142.1 144.1 151.3 155.8 165 170.4 176.3 181.9 188.1 195.8 200.4 205.2 210.1 213.3 215.5 216.1 218.5 222.7 226.5 229.4 230.2 230.9 229.8 229.9 231 231.9 233 233.8 234.7 235 235.2 235.3 235.4 235.5 235.5 235.5 235.1 234.8 233.8 233.1 233 233 232.9 231.4
-2.1 -2.1 -2.1 9 25 19.1 15.5 17.6 22.7 23.4 23.1 35.6 54.2 66.9 73.6 87.5 102.1 117.1 126.5 127.2 125.1 110.6 102 96.4 103.4 113.3 115.6 109.6 99.7 102.4 105.6 107.1 112.6 117.1 120.9 123.1 131.6 129.7 136.6 139.5 145.8 153.5 159.7 165.2 170.4 177.9 183.8 190.7 196.9 202.2 207.3 211.6 213.5 214.7 216.8 221.5 226.2 227.6 228.8 231.7 231.2 230.8 231.4 232.2 233.2 234.9 235.8 236.2 236.3 236.5 236.6 236.6 236.6 236.6 236.6 236.3 235.6 235.1 235 234.9 234.7 234.5
-2.1 -2.1 -2.1 -2.1 14.3 14.8 12.5 15.8 20 21.6 22.2 27.9 38.1 53.8 66 75.5 92.4 121.6 129.3 128.6 120.3 118.4 106.9 95.5 98.4 103.6 100.9 98.5 100.6 102.9 111.7 114.6 117.7 122.2 117.5 122.2 126.4 130.6 131.8 135.7 140.4 149.2 151.1 159.5 164.1 172.9 179.8 186.1 192.9 198.1 202.7 206.6 208.4 210.3 212.2 216.8 223 221.7 225.1 231.8 231.3 231.2 231.7 232.4 233.2 234.9 236.7 237.4 237.7 238.4 237.7 237.7 237.8 237.8 237.8 237.8 237.4 237 236.9 236.7 236.4 235.6
-2.1 -2.1 -2.1 -2.1 -2.1 5.8 4.9 12.9 16.9 19.8 20.5 22.1 26.9 38.6 55.4 69.4 84.5 102.9 120 117.4 125.2 126.7 123.4 94.5 94.1 95 95.7 97.6 107.2 112.4 115.3 119.8 121.5 121.9 120.7 121.8 125.9 130.7 128.5 128.5 133.7 140.5 144.5 151 159.6 166.9 174.6 180.6 186.6 192.6 196.1 199.2 200.9 203 206.3 211.5 215.4 217.9 219.2 226.6 230.1 231.2 232 232.7 233.4 235.4 237.4 238.4 238.9 240.5 239.9 238.9 239 239 239 239 239 238.8 238.6 238.3 237.8 236.9
-2.1 -2.1 -2.1 -2.1 -2.1 -2.1 -2.1 -2.1 12.4 17.2 17.6 19.1 22.5 30.5 41.1 60.8 84.5 96.2 105.5 118.8 121.7 126.7 130.8 99.1 93.4 92.1 95.7 104.8 112.5 119.8 119.9 121.3 122.4 122.4 122.1 121.7 124.9 127.5 123.7 123.9 125.4 134.1 139.8 148.1 156.8 162.3 169.3 174.5 179.2 185.2 189.1 188.9 193.3 196.8 198.8 206.3 211.4 216.2 216 221.9 228.2 231.8 233.2 233.2 233.2 234.8 237.9 238.7 239.5 241.2 241.4 240.9 240.8 239.8 240.1 240.4 240.5 240.6 240.3 239.7 239.1 238.5
-2.1 -2.1 -2.1 -2.1 -2.1 -2.1 -2.1 -2.1 -2.1 9.9 8 15.6 19.3 24.4 31.4 48.2 70.8 89.2 96.5 110.1 115.5 125.6 119.3 101.7 91.1 92.4 98.7 112.2 116.1 122 126.5 122.7 122.6 124.1 126.4 122 124 123.4 121.3 123 123.6 126.9 135.3 144.3 151.5 156.3 163 168.1 174.2 178.2 180.4 182.8 184.2 188.2 192.7 201 204.9 208.9 213.1 219.8 227.4 232.6 232.5 231.7 232.7 234.2 236.2 237 238.3 240.9 241.7 242.8 241.9 241.1 241.2 241.3 241.1 241.1 240.9 240.5 240.5 240.7
-2.1 -2.1 -2.1 -2.1 -2.1 -2.1 -2.1 -2.1 -2.1 -2.1 -2.1 5.4 15.7 20.8 26.4 36.3 55.5 80.2 91.8 97.4 103.8 108.5 103.4 97.5 90.3 92.6 103.4 114.4 120.6 123.9 127.1 123.6 122.9 124.8 126.6 122.9 121 120.2 120.8 122.6 123.7 125.2 132.6 140 146 151.1 153.8 162.4 169.5 171.1 169.5 173.2 177.2 181.5 187.1 194.9 203.5 206.8 212 219.3 226 230.2 228.7 227.7 230.6 232.6 234.8 234.8 235.1 239.9 242.3 243.9 244.4 243.9 243.4 242.6 241.9 241.6 242 242.5 242.5 242.4
-2.1 -2.1 -2.1 -2.1 -2.1 -2.1 -2.1 -2.1 -2.1 -2.1 -2.1 -2.1 5.7 14 20.3 28.4 42.4 66.6 82.4 88 91.8 90 91.7 89.5 90.3 94.8 108 116.8 126.1 128.5 128.5 124.1 122.7 123.2 124.3 118.6 118.8 119.4 121 122.6 123.9 124.7 130.2 135.7 142.6 147.8 151.2 155.2 159.8 163.1 164.5 166.5 171.8 177.9 187.7 195 201 205.1 210.7 218 224.1 228.3 222.3 220.1 224.4 227.7 229.3 230.4 232 236.8 241.6 243.4 245.9 245.8 244.1 243.4 243.1 242.8 242.7 243.3 243.9 244.2
-2.1 -2.1 -2.1 -2.1 -2.1 -2.1 -2.1 -2.1 -2.1 -2.1 -2.1 -2.1 -2.1 1.9 14 19.7 32.4 55.8 68.7 77.5 83 83.1 82.6 88.5 91.7 98.2 113.7 121.4 130.8 132.7 130.9 124.7 120.7 118.8 117.8 116.3 116.7 118 120.3 124.3 124.2 125.3 127.9 132.4 137.4 144.6 146.6 150 155.6 155.5 158.1 169.2 172.6 177.6 189 196 199.6 204.4 208.2 214.9 219.9 222.4 217.1 217.5 219.7 222.1 225.5 226.6 231.2 235.5 241 243.5 246.5 248.5 245.4 244.1 243.8 243.4 243.7 244.2 244.7 245.3
-2.1 -2.1 -2.1 -2.1 -2.1 -2.1 -2.1 -2.1 -2.1 -2.1 -2.1 -2.1 -2.1 -2.1 -2.1 6.6 18.6 36.5 47 58 63.8 73 77.8 94.1 92 100.4 118.7 124.6 133.1 135.7 130.9 127.1 119.8 116.6 114.4 112.4 116 112.1 118.4 123.3 128.1 127.6 126.4 127.2 131 136.6 142.1 146.6 148.6 149.8 157.1 166.1 172.4 176.9 186.7 196.4 200.2 204.4 207.8 211 215.4 216.5 218.7 220.8 224.5 225.8 227.4 227.2 231.7 236 239.3 242.1 245.1 246.6 245.2 244.2 243.8 244.4 244.9 245.4 245.9 246.4
-2.1 -2.1 -2.1 -2.1 -2.1 -2.1 -2.1 -2.1 -2.1 -2.1 -2.1 -2.1 -2.1 -2.1 -2.1 -2.1 -2.1 14.2 39.5 38.2 60.9 71 68 82.8 90.4 100.1 122.4 125.7 131.1 133.6 131.5 128.6 124.7 116.8 111.8 112.4 111.8 112.3 119.5 125.7 128.4 128 128.7 126.1 126.6 129.9 137 137.1 142.9 149.1 157.4 163.6 170 177.8 186.2 195.8 201.7 203.8 206.2 208.9 215.5 219.2 222.8 225.7 226.7 226.2 228.9 230.4 231.4 235.3 237.2 238.8 241.8 244.2 243.4 244 244.7 245.6 246.1 246.3 246.6 246.9
-2.1 -2.1 -2.1 -2.1 -2.1 -2.1 -2.1 -2.1 -2.1 -2.1 -2.1 -2.1 -2.1 -2.1 -2.1 -2.1 -2.1 -2.1 10.1 41.5 57.3 61.6 62.9 81.4 87.7 98.6 118.6 123.3 127.2 128.5 127.3 128.4 124.9 119.5 113.3 111.8 111.8 115 120.5 126.5 126.6 130.3 131.9 125.4 124.9 127 129.1 134.7 142.4 141.8 156 161 168.3 177.5 185.1 193.5 201.9 197.4 198.2 207 216.3 220 223 224 223.6 225.2 228.3 230.9 232.7 235.7 237.4 236.7 238.8 240.9 242.7 243.3 246.8 246.2 246.5 246.7 247.1 248
-2.1 -2.1 -2.1 -2.1 -2.1 -2.1 -2.1 -2.1 -2.1 -2.1 -2.1 -2.1 -2.1 -2.1 -2.1 -2.1 -2.1 -2.1 -2.1 28 45.4 50.6 56 72 78.6 88.5 109.1 119.7 123.2 121 123.9 125.2 121.5 115.4 110.7 115.2 118.8 118 120.1 122.9 125.4 129.6 133.4 126.6 124.7 124 125.8 128.1 132.4 137.3 157.4 159.2 166.8 173.3 176.6 183.9 189.8 188 194.8 203.4 211.1 218.1 222.4 223.2 223.8 223.3 223.6 223.5 230.9 235.8 239.4 239.2 237.3 238.8 241.1 242.2 243.7 246.1 247.3 247.3 248.2 249.5
-2.1 -2.1 -2.1 -2.1 -2.1 -2.1 -2.1 -2.1 -2.1 -2.1 -2.1 -2.1 -2.1 -2.1 -2.1 -2.1 -2.1 -2.1 -2.1 -2.1 28 35.4 46.8 59.8 67.2 75.4 96.2 109.4 114.4 116.8 119.3 120.1 113 107.3 107.5 110.5 116.3 118.5 117.6 119.4 123.4 126.4 126.7 123.8 125.2 121.1 119.9 123.6 132.4 139.9 157 157.7 165.2 168.2 173.8 182 182.7 179.5 186.7 195.3 203.3 209 216.2 223.3 224.9 224 224 224 230.5 235.1 240.3 241.3 239.1 240.7 242.4 242.7 241.8 245.1 246.8 247.2 249.1 251.1
-2.1 -2.1 -2.1 -2.1 -2.1 -2.1 -2.1 -2.1 -2.1 -2.1 -2.1 -2.1 -2.1 -2.1 -2.1 -2.1 -2.1 -2.1 -2.1 -2.1 -2.1 16.9 32.3 50.6 61.9 69.3 86.3 96.9 101.5 102.9 106.2 111.7 104.8 101.6 104.2 109.1 114.2 116.6 114.7 117.2 120.5 121.5 122.1 122.6 123.9 119.4 118.5 123 132.3 139.6 146 156.6 164.9 171.2 171.3 175 176.4 177.4 185.9 194.5 202.5 207.6 215.4 221 223.6 224 224 224.3 231 235.2 240.3 237.7 239.5 242.9 244.2 243.8 242.8 244.5 245.1 245.9 248.6 251.6
