data/170000-830000.asc
ncols 200
nrows 200
xllcorner 170000
yllcorner 830000
cellsize 50
[rows 38 to 75 of 200, columns 0 to 83 of 200]
-2.2 -2.2 -2.2 -2.2 32.4 45.3 51.5 64.9 70.2 67.1 64.5 62.3 47 39.6 38.6 39.3 37.4 29.2 25.4 9.3 3.1 0.7 -2.2 -2.2 0.1 7.5 33 46.9 52.2 57.4 65.7 76.8 80 79.6 85.5 80 78 81.8 94 100.7 96.9 96.9 102.2 108.5 109.7 98.2 97.8 118.4 136.2 150.6 154.3 159.2 173.6 191.3 201.8 207.9 212 210.5 216.9 219.4 226.4 235.8 238.7 237 222.8 202.7 172.7 165.8 159.6 179.6 191.1 208.9 218 223.2 231.1 236.3 238.8 239.2 252.1 262.4 261.2 258.6 252 250
-2.2 -2.2 -2.2 -2.2 18.8 42.3 55.3 65.7 69.5 60 70.7 69.3 43.3 38.2 40.9 35 31.5 28.4 14.9 6.6 10.3 1.4 -0.7 -2.2 0.4 3.9 34.4 47.5 53.7 60.2 69.8 81.6 85.7 89.6 93.2 86.2 83.1 92.1 103.6 107.2 100.9 101.7 109 112 115.1 110.6 94.3 110.6 123.7 141.1 148.6 157.9 171.6 178.1 191.8 202.1 206.1 208.1 220.7 225.4 220.8 227.4 233.8 227.1 198.3 160 148.1 157.1 174.5 185.4 195.3 200.6 213.8 220.5 232.1 240 243.8 242.2 246.9 251 255.8 252.6 245 235.8
-2.2 -2.2 -2.2 -2.2 3.3 28.5 49 61.4 57.2 55.9 63.7 54.8 44.2 37.8 41.5 43 27.8 20.8 12 3.9 2.5 0.6 -2.2 -2.2 1.3 11.5 44.9 50.3 55.1 66 70.1 83.1 90.8 96.8 107.1 107.5 99.9 100.3 100.7 103 103.8 109.4 116.1 116.9 119.6 116.2 104.1 90.5 110.5 121.1 133.9 154.7 172.2 179.2 185.1 193.7 199.5 212.1 219.5 219.5 220.3 221.3 214.9 198.8 171.1 148.6 168.8 173.2 175.9 182.9 196 204.5 212.4 220.2 232.4 241.3 241.9 242.4 246.8 247.9 248.1 246.4 236.5 225.6
-2.2 -2.2 2.4 4.1 6.8 12 30.5 44.5 47.3 38.9 41.7 47.9 38.7 39.2 38.8 36.9 22.9 11.8 7.3 2.5 0.7 -0.7 -2.2 -0.2 2.3 33.5 53.7 53 58 69.6 77 89.2 98.3 109.3 121 120 113.2 107.4 106.8 106.1 108.2 112.2 119.1 118.9 123.5 125.8 113.6 112.8 100.3 100.9 118.5 135.7 156.5 169.8 178.9 186.4 203.1 220.7 221 216.5 216.3 212.5 192.1 171.9 139.1 170.5 174.1 174 174.6 185.2 201.3 212.5 213.9 220.6 231 236.3 237.2 240.6 238.8 240.9 236.2 236.9 229.1 227.7
-2.2 -2.2 12.8 20.8 17.3 11.3 11 12.8 22.9 35.9 43 51 39 46.6 43.7 31.7 23.3 15.9 8.6 2.4 -2.2 -2.2 -2.2 0.7 11.5 38.9 54.7 53.2 58.1 69.2 82.2 95.8 105.9 117.2 126.8 122.2 119.2 110.7 107.7 110.4 109.1 111.1 120.1 120.3 129.1 131.7 124.4 127.9 124.9 116 105 119.8 147.4 166.4 179.1 189.4 193.5 205.6 213.6 209.2 205.4 194.1 167 138.5 164.3 173.1 174.5 173.3 175 190.2 207 216.1 219.4 218.7 225.3 228.4 231.2 232 227.6 228 221.9 219.7 229.2 237
-2.2 -2.2 16 27.3 28.8 20.8 9.5 10.8 18.2 42.2 45.1 42.4 42.5 50.9 47.8 29.6 20.6 12.6 3.3 3.1 -2.2 -2.2 -2.2 -2.2 21.1 48.8 53.9 53.5 62.3 74 85.1 99.1 113.1 120.7 124.5 124.3 119.3 119.4 109 113.8 118.6 120.3 124.8 128.9 129.9 130.8 132.2 137.1 147.4 140.8 121.4 115 131.2 150 166.5 178.6 185.7 190.9 198.9 198.8 189.5 169.4 141.5 157.5 168.7 174.3 175.3 177.1 183.8 200 209.9 218.5 216.8 216.1 218.3 219.2 224.7 222.7 215.4 216.7 220.5 225.9 231.2 238.9
-2.2 -2.2 2.1 30.5 37.5 36.6 38.9 18 14.1 22.1 36.8 38.9 47.9 51.1 49.3 27.6 26.3 2.5 2.5 5.5 -2.2 -2.2 -2.2 -2.2 25.5 44.6 58.1 50.7 59.1 82.2 97.2 99.5 110.2 120.9 124.7 126.4 120 119.1 116.5 111.8 122.5 123.4 124.7 132 135.5 132.5 140.8 148.1 148.5 151.7 158.6 126.1 121.2 134.1 162 177.2 182 189.8 185.1 176.4 160.3 136.7 154.4 167 175 176.5 178 181.8 203.4 213.2 220.8 218.7 216.8 216 211 204.5 205.7 209.5 213.2 211.3 222.4 225.4 230.5 240.2
-2.2 -2.2 -2.2 24.7 40.4 44.3 47.1 39.8 15.2 18.2 22.5 34.1 47.7 51.4 49.3 28.8 27.3 -2.2 -2.2 -2.2 -2.2 -2.2 -2.2 19.5 33 44.1 49.5 49.7 65.6 78.7 97.6 98.8 102.9 113 119 118.9 120.9 119.8 118.8 117.9 120.9 123.5 130 129.2 130.9 134.3 143.4 149.6 149.1 156.3 166 164.1 128.6 128.5 145.2 159.3 166.2 173.3 163.1 154.3 129.8 151.5 166.9 174 179.5 180.7 184.4 195.9 215.7 220.2 224.1 215 212.5 210.9 198.3 195.3 196 201.6 203.5 212.2 220.1 220.7 223.4 239.2
-2.2 -2.2 -2.2 9.9 33 47.8 50 49 26.7 17.2 17.6 17.4 31.8 51 39.7 31.2 21.3 -2.2 -2.2 -2.2 -2.2 -2.2 -2.2 9.4 35.9 42.4 38.8 51.7 74.3 84.8 90.9 91.4 90 99.7 107.5 113.2 116.4 115.6 117.9 119.8 119 126.6 129.5 129.2 130.5 135.1 147.6 153.5 153 164.2 173.7 169 151.2 130.2 127.8 137.5 147.7 153 150 125.6 154.9 168 174.2 179.3 186.9 188.5 188.3 202.2 218.6 219.6 218.9 204.5 198 190.3 192.8 194.8 197.5 200.3 204.8 209.9 214.8 219.1 228.3 233.6
-2.2 -2.2 -2.2 1.9 24.3 45 50.4 40.6 30.8 19 17.9 16.5 20.7 35.2 32.6 27 -2.2 -2.2 -2.2 -2.2 -2.2 -2.2 -2.2 12.5 28.6 30.6 43.4 53 76.1 83.8 86.8 84.2 85.5 91.1 96.2 99.9 103.5 109.7 114.4 121.6 122.1 132.1 130.1 130.9 131.6 134.9 149.4 155.7 157.7 167.7 168.7 167.3 159.4 150.6 125.1 126.9 140.6 141.6 126.8 157.2 170.8 175.2 180.6 185.8 184.4 182.5 182 196.4 211.5 205.8 193.7 188.9 189.2 193.1 201.6 208.3 211.5 207.8 218.2 221.8 222.3 223.4 236.2 236.5
-2.2 -2.2 -2.2 -2.2 19.2 33.3 40.2 41.9 36.3 34.2 26.2 16.8 10.3 13.6 21.9 24.1 -2.2 -2.2 -2.2 -2.2 -2.2 -2.2 -2.2 -2.2 -2.2 25.9 43.4 60.6 76.3 77.8 80.5 79.5 79.8 84.7 88.1 92.2 100.3 105.7 111.4 122.3 123.6 139.6 131.8 134 131.6 140.5 143.7 151.5 158.5 161.8 162.7 170.1 164.2 145.4 131.6 119.3 123.1 130.8 154.4 160.9 169 175.1 175.9 177.1 175.1 174.9 175.1 182.9 179.3 181.5 191.9 193.1 202.3 206.9 214.9 222.6 237.9 230.4 227.7 233.3 228.4 224.7 235.8 230.5
-2.2 -2.2 -2.2 -2.2 23.1 39.4 40.1 40 39.3 40.8 37.9 26.5 8.4 1.3 -2.2 -2.2 -2.2 -2.2 -2.2 -2.2 -2.2 -2.2 -2.2 -2.2 -2.2 16.3 33 52.1 67.8 71.7 75.4 79.6 78.1 79.9 84.3 87.9 94 99.7 110.7 115.7 119.7 130.3 131.8 130.7 129.8 137.9 138 143.7 149.2 153.6 157.3 162.7 156.9 142.5 129.9 121.5 132.2 153.5 165.6 177.1 176 178.5 179.1 178.3 172.8 172.9 175.5 177.9 186.2 197.9 202.4 202.9 215.3 227 233.8 239.9 249.4 250.7 229.6 229.6 227.5 224.7 224.7 226
-2.2 -2.2 -2.2 1.2 24.7 36.7 40.1 39.7 39.2 40.8 40.5 30.6 17.5 2.3 -2.2 -2.2 -2.2 -2.2 -2.2 -2.2 -2.2 -2.2 -2.2 -2.2 6.6 20.7 34.3 45.4 58.3 63.4 68.8 69.1 71.2 74 80.7 85.9 87.2 95.9 107.6 109.9 119.9 129.1 118.4 120.8 126.6 129.4 135 141.1 143.1 140.5 147.3 148 142.4 132.9 135.2 138.8 147.9 165.6 174.1 178.8 183.3 178.5 172.4 171.3 171.9 175.7 185.8 201.1 209.9 219.2 211.4 222.8 233.3 243.3 259.3 265.9 265.4 259.2 239.7 228.8 224.7 224.7 224.7 224.7
-2.2 -2.2 -2.2 -2.2 29 36.1 38.5 40.5 39.7 41.4 41 36.6 24.3 15.1 -2.2 -2.2 -2.2 -2.2 -2.2 -2.2 -2.2 -2.2 -2.2 -2.2 12.9 26.6 41.4 48.8 53.9 57.7 62.6 67.4 66.4 70 73.5 77.2 84.5 87.4 97 106.6 114.6 112.8 111.6 120.1 123.1 125.8 130.8 142 140.7 136.8 140.7 135.2 133.9 137.9 142.8 148.2 156.6 166.6 177.9 182.8 176.3 171.7 169.6 173.3 184.3 193.3 198.1 219.9 228.8 231 228.2 235.4 250.5 262.3 272.3 274.2 279.5 267.2 249 240.2 224.7 224.7 224.7 224.8
-2.2 -2.2 -2.2 1.3 27.1 36.7 39.6 42.3 43.3 47.4 51.7 50.4 39.1 21.1 -2.2 -2.2 -2.2 -2.2 -2.2 -2.2 -2.2 -2.2 -2.2 -2.2 13.1 25.9 41.1 52.3 51.1 58.6 60.9 58.4 60.8 59.4 66 75.6 80.9 80.3 91.3 99.2 104.6 100.7 110.2 118.7 120.2 123.1 128.2 130.3 130.8 129.2 129.1 133.8 133.1 137.5 144.2 151.9 158.5 167.9 169.9 169 170.7 180.5 185.8 188 197.9 203.7 220.9 239 240.7 238.6 239 250.4 266.6 277 278.8 284.9 280.5 273.8 256.4 241.2 236.1 230.5 226.5 236.9
-2.2 -2.2 -2.2 -2.2 30.7 39.2 44 47.5 46.9 53.7 62.7 61.7 50.6 29.8 13.4 -2.2 -2.2 -2.2 -2.2 -2.2 -2.2 -2.2 -2.2 -2.2 15.2 33.6 45.1 49.3 54.3 60.3 53.3 51.8 55.5 60.6 63.9 69.4 75.6 79.9 88.2 93.3 99 101.1 115.5 113.6 116.8 120.3 127.5 130.3 129.2 129.2 133.2 139.6 139 139.4 144.7 150.8 150 156.1 158.9 164.8 177.8 188 195.4 196.5 207.8 215.6 233.7 252.9 251 249.2 251.4 261.2 274.7 286.9 294.9 290.2 282.7 276 264.5 260 261.9 258.2 237.8 243.6
-2.2 -2.2 -2.2 -2.2 29.2 41.3 47.9 49.3 49.5 61.7 71.1 68.5 58.3 37.9 25.7 -2.2 -2.2 -2.2 -2.2 -2.2 -2.2 -2.2 -2.2 -2.2 17.8 33.8 46 51.1 57.1 52.2 45.2 46.2 50.9 57.7 59 65 70.9 81 86.3 93.5 102.4 103.1 106 108.5 112.1 119.5 122.1 127.5 132.4 135.7 135.6 135.2 138 138.7 139.1 144.6 151.7 162.9 172.2 183.3 194.2 203.2 211 211 216.9 226.7 244.3 255.6 251.7 253.8 256.7 267.8 277.7 289.7 294.5 292.9 287.2 277.4 283.8 279.8 274.9 271.4 261.1 240.4
-2.2 -2.2 -2.2 -2.2 17.8 31.4 39.6 45.6 52.3 65.1 73.7 77.1 65 47.8 25.8 -2.2 -2.2 -2.2 -2.2 -2.2 -2.2 -2.2 -2.2 -2.2 17.1 33 43.8 49.4 46.8 45.2 45.2 47.7 55.3 58.1 58 59.9 65.6 78.7 87.2 99.8 103.1 100.2 105.6 98 98.6 108.6 116.3 125.7 134.3 131.9 129.6 135.2 137.8 140.9 144.9 157.5 163.8 171.3 184.5 194.3 206.4 215.6 220 219.3 223.8 236.3 249.8 255.1 253.8 253.3 255.4 267.4 276.6 278.7 284 295.6 296 295 295.3 299.1 292.8 285.4 274.2 250.3
-2.2 -2.2 -2.2 -2.2 11.6 26.3 37.7 48.3 57.6 69.2 72.1 71.5 65.4 50.2 31.3 -2.2 -2.2 -2.2 -2.2 -2.2 -2.2 -2.2 -2.2 -2.2 6.6 25.4 34.7 39.3 50.1 46.1 47.4 50.2 57.7 59.6 59.1 58.6 59.4 79.3 80.1 86.6 93.5 95.8 99 85.9 85.8 99.1 114.8 123.2 126.6 119.5 134.6 141.7 144.6 149.6 154.2 162.8 167.3 181.4 195.6 206.3 216.9 219.3 221.1 222.6 225.5 241 250.9 250.3 251.1 251.3 253.9 262.3 273.6 286.8 296.9 302.3 304.3 300.9 304.7 312 304.9 296.3 282.7 262.5
-2.2 -2.2 -2.2 -2.2 3 19.3 35.7 49.8 61.3 68.8 71.3 71 61.8 53.2 34.5 -2.2 -2.2 -2.2 -2.2 -2.2 -2.2 -2.2 -2.2 -2.2 9.9 27.7 38 46.6 56.2 50.4 53.6 59.1 59.2 59.7 58.4 51.4 54.9 67.7 72.9 78.3 82.4 81.8 80.1 77.1 81.5 96.9 113.7 120.3 118.9 133.6 142.3 147.1 153.3 160.8 168 171.2 173 184.3 202.9 216.3 221 223.7 226.6 226.9 228.8 239.7 245.5 248.7 248.7 246.9 259.4 273.1 283.6 293 300.2 305.4 307.2 304.6 307.7 320.6 313.3 305.2 287 258.9
-2.2 -2.2 -2.2 -2.2 0.8 23 40.7 51.3 60.5 59.8 70.3 65.8 59.1 55.5 37.3 16.8 -2.2 -2.2 -2.2 -2.2 -2.2 -2.2 -2.2 1.3 15.7 31.3 41.5 51.1 50.9 50.2 54.3 53.3 59.2 58.3 53.9 49.2 53.7 70.7 75.1 76 74.2 73 68.4 69.1 80.7 103.4 109.2 116.9 130.2 138.8 147.3 155.9 165.1 173.1 178.2 180.5 179.3 188.5 205.3 216.7 223.5 227.6 229.8 229.1 228.4 230.3 238.9 239.9 245.6 255.4 270.2 283.5 291.9 301.2 306.3 307.9 309.5 307.5 307 318.2 315.9 304.1 282.4 256.2
-2.2 -2.2 -2.2 -2.2 -2.2 14.6 41.8 48.7 54 60.9 62.4 60.4 59.1 57.4 38.4 25.8 -2.2 -2.2 -2.2 -2.2 -2.2 -2.2 -2.2 9.6 19.8 18.5 32.2 40.2 47.1 47.8 48 50.8 58.3 53.4 49.8 39.6 52.2 65.2 71.6 76.2 73.1 67.7 67.5 83.9 98.9 104.6 115.4 127.4 137.4 147.7 155.2 163.4 175.1 184.1 186.9 184.4 188.2 199 211 220.2 226.3 230 229.8 229.4 226.9 226.5 233.3 242.7 255.1 264.9 276.6 290.9 297.1 310.8 309.5 310.5 312.2 306.1 305.4 314.3 318.2 297.9 271.6 257.2
-2.2 -2.2 -2.2 -2.2 -2.2 -2.2 23.7 40.6 50.9 58.1 60.2 61 60.5 52.7 38.9 22.2 -2.2 -2.2 -2.2 -2.2 -2.2 -2.2 -2.2 4 26.1 27.4 30.1 33.3 33 38.8 38.9 39.2 47.9 51.1 41.3 38.6 54.1 57.6 66.3 69.3 70.5 60.4 69.5 88 99.6 108 123.8 134.7 138.3 154.2 162.8 170.1 181 188.9 191.2 191.6 194.7 201.2 213.3 220 224.4 232 227.5 222.2 218.4 230 244 251.6 259.2 271.4 278.6 292.3 300.7 312.2 316.6 314.1 315.6 305.4 305.4 309.6 297.2 279.7 272.1 250.9
-2.2 -2.2 -2.2 -2.2 -2.2 -2.2 7.1 29.6 48.5 50.5 57.2 58.8 55.3 46.4 36.7 17.4 -2.2 -2.2 -2.2 -2.2 -2.2 -2.2 -2.2 7.3 18.8 27.7 32.8 39.6 49.6 44.3 38.7 38.5 39.5 40.9 39 41.5 50 54.6 60.1 68.1 68.4 59.6 77.1 90.5 98.7 114.5 126.1 134.4 151.2 160.6 167.1 175.7 185.5 192.8 194.7 197.1 200.2 201.3 209 217.1 221.7 214.9 215.3 216.3 226.8 239.3 246 251.3 261.7 275.1 281.2 290.2 310.7 312.7 312.3 307.5 304.2 303.5 304.2 296.7 283 273.4 263.9 250.9
-2.2 -2.2 -2.2 -2.2 -2.2 1.3 9 19.3 41.1 50.5 49.6 51 47.7 42.1 31.3 15.9 -2.2 -2.2 -2.2 -2.2 -2.2 -2.2 -2.2 -2.2 14.6 32.5 40.6 45.1 51 50.9 42.4 38.9 38.7 38.9 38.8 40.8 50.7 55 66.3 63.6 58.6 61.9 86 96.9 105.5 120.5 132.5 142.9 155.6 164.6 170 179.4 186.9 191.2 197.7 199.4 199.4 201 206.1 210.6 209.9 208.7 208.9 217.3 229 241.1 245.2 253 269 272.1 278.6 291.6 298.4 303.2 301.5 296.8 292.7 292.7 295.3 293.4 298.4 278.3 263.4 250.9
-2.2 -2.2 -2.2 -2.2 0.1 3.5 10.8 22.4 29.8 43.9 50.3 48.9 39.8 36.6 28.5 19.9 -2.2 -2.2 -2.2 -2.2 -2.2 -2.2 -2.2 -2.2 -2.2 26.3 39.3 43.8 41.8 45.2 42.9 40.4 38.5 38.9 38.8 38.9 43 48.4 62.3 58.9 54.3 75.5 91.3 103.4 111.9 129.2 143.2 152.3 160.6 165.4 169.5 179.9 188 199.2 202.5 204.8 204.4 203.2 201.3 201.3 203.3 201.3 206.1 216.4 227.9 235.8 240.9 247.5 254.2 259 268.2 280.5 290.5 296.5 300.1 298.9 301.1 300.3 317.4 305 301.8 282.3 266.5 259
-2.2 -2.2 -2.2 -2.2 -0.9 1.7 6.8 22.8 35.1 38.1 44.2 38.9 39.6 31.7 29.2 18.5 -2.2 -2.2 -2.2 -2.2 -2.2 -2.2 -2.2 -2.2 -2.2 7.2 32.7 40.8 44.8 53.3 55.6 50.4 39.8 39.7 38.9 39.7 41.9 44 50.9 53.9 67.7 90.4 106.2 114.6 121.9 142 158.8 170.1 172.4 181.3 182.5 186.8 193.7 200.1 206.1 209.7 208.6 208 202.6 201.3 201.3 201.3 206.3 218.8 224.4 233.8 240.6 246.1 250.7 259.7 280.2 292.7 301.1 304.8 312.1 312.4 313.4 315.5 313.9 303.3 297.5 286.7 273.3 266.2
-2.2 -2.2 -2.2 -2.2 -2.2 -2.2 4.1 20.7 29.8 33.5 35.2 33.2 36.3 29.4 29.7 -2.2 -2.2 -2.2 -2.2 -2.2 -2.2 -2.2 -2.2 -2.2 -2.2 8.4 26.8 35.1 50.6 61.3 61 53.2 42.1 41.6 39 42.1 44.3 51.4 59.6 69.5 85.7 104.1 121.8 119.5 129.8 151.3 165.5 181.3 189.5 186.6 189.4 190.6 191.3 198.7 210.2 211.2 211.1 211.5 209.6 205.9 203.7 206.2 207.2 219 233.9 247.5 250.7 255.2 265.1 281.3 291 300.7 311.2 313.4 320.9 320.9 313.7 309.4 308 310.6 306.6 289.3 274.6 281.7
-2.2 -2.2 -2.2 -2.2 -2.2 -2.2 4.4 11.5 19.1 25.1 30.3 29.5 30.2 29.5 29.5 -2.2 -2.2 -2.2 -2.2 -2.2 -2.2 -2.2 -2.2 -2.2 -2.2 3.6 17.4 36.3 54.9 64.3 61.8 52.5 44.1 49.8 41.4 42.3 50.5 52.2 60.8 81 101.3 116.7 121.4 118.4 134.4 155.9 174.1 187.9 197.3 190.8 190 189 191.6 200.1 208.4 211.3 211.2 211.1 209.9 210.9 213 211.8 215.9 239.3 255.4 264.3 267.6 270.4 282.1 292.4 296.6 311 319.8 317.9 321 319.3 319 320.7 317.1 315.8 303.9 288.7 289.4 293.4
-2.2 -2.2 -2.2 -2.2 -2.2 -2.2 3.4 9 17 21.5 28.3 29.9 25 21.2 18.5 -2.2 -2.2 -2.2 -2.2 -2.2 -2.2 -2.2 -2.2 -2.2 -2.2 6.4 28.8 44.4 61 61.6 59.6 55 47.8 50.7 39.4 36.6 39.1 50.8 64.5 89.1 110.8 119.1 118.4 118.1 139.8 158.1 178.2 187.6 196 195.5 191.8 189.7 191.9 199.5 209.6 211.1 211.1 210.2 211.7 214.3 219 224.3 240.7 256 263.3 273.7 276.3 282.8 288.4 298.4 299.4 312.2 312.3 311.1 314.5 317.4 319.1 319.4 318.3 309.9 302.9 293.1 291 294.9
-2.2 -2.2 -2.2 -2.2 -2.2 -2.2 1.3 7.4 9.8 18.8 25.2 27.2 18.2 2.1 -2.2 -2.2 -2.2 -2.2 -2.2 -2.2 -2.2 -2.2 -2.2 -2.2 -2.2 12.9 33.7 44.3 59.2 60.2 60.6 56 49.8 41.9 33.9 30.1 35.8 51.5 69.8 94.3 108.8 116.1 117.7 131.1 149.4 166.5 180.5 190.1 196.5 192.6 185.7 189.6 194.6 200.6 208.5 207.8 207.6 210 213.6 217.8 225 235.2 250.7 261.5 268.6 275.5 283.3 289.3 294.7 300.4 301.2 300.1 298.8 306.8 310.6 314.7 318.6 319.6 320.2 307.4 296.5 290.8 290.8 304.9
-2.2 -2.2 -2.2 -2.2 -2.2 -2.2 1 -2.2 3.8 13.2 19.2 11 -2.2 -2.2 -2.2 -2.2 -2.2 -2.2 -2.2 -2.2 -2.2 -2.2 -2.2 -2.2 -2.2 26.8 41.1 52 60.8 59.8 61 59 53.4 43.4 27.6 25.6 32.4 47.1 76.1 89.5 108.5 117.8 123.9 139.2 153.6 167.8 180 187.2 191.2 190.6 181.2 189.3 195.1 200.9 203.7 205.5 210.3 216 220.3 226.8 236.5 249.3 255.3 262.3 268.8 267.8 283.4 292.1 298.4 294.8 294.8 294.8 300.6 307.9 310.4 316.8 319 319.8 318.4 310.4 295.4 293.3 296.7 316.2
-2.2 -2.2 -2.2 -2.2 -2.2 -2.2 -2.2 -2.2 -2.2 1.9 -2.2 -2.2 -2.2 -2.2 -2.2 -2.2 -2.2 -2.2 -2.2 -2.2 -2.2 -2.2 -2.2 -2.2 -2.2 -2.2 30.5 50.1 56.6 58.6 66.8 61.2 57.7 40.9 23.6 23.3 36.6 50.3 68.6 92.3 104.5 117.8 126.7 138 158.6 166.4 177.5 183.3 185.8 180.6 180.7 189.3 190.6 193.2 206.4 210.7 213.7 221 223 231.7 246.9 260.2 260.7 264.2 261.7 264.1 286.1 295.7 294.8 294.8 294.8 298.4 304.5 316.3 318.2 320.6 318.1 315.3 315.3 312.6 303.5 298.4 300.6 318.7
-2.2 -2.2 -2.2 -2.2 -2.2 -2.2 -2.2 -2.2 -2.2 -2.2 -2.2 -2.2 -2.2 -2.2 -2.2 -2.2 -2.2 -2.2 -2.2 -2.2 -2.2 -2.2 -2.2 -2.2 -2.2 -2.2 22.7 48.1 54.7 58.9 59.1 59.6 57 34.9 21.9 25.7 45.7 61.8 77.4 92.4 105 120.7 132.6 133.6 154.4 160.3 169.6 180.9 176.9 171.7 180.1 181.8 183.6 194.6 208.1 212.8 211.1 219.2 222.1 238 243 261.6 262.3 258.7 257.8 269 285.9 294.1 298.1 294.8 294.8 297.3 314.4 330.5 323.5 320.6 319.6 315.3 312.4 307.4 298.9 297.4 307.3 320.2
-2.2 -2.2 -2.2 -2.2 -2.2 -2.2 -2.2 -2.2 -2.2 -2.2 -2.2 -2.2 -2.2 -2.2 -2.2 -2.2 -2.2 -2.2 -2.2 -2.2 -2.2 -2.2 -2.2 -2.2 -2.2 -2.2 29.3 47.3 50.8 59.1 57.7 55.6 50.7 29.4 19.6 35.5 56.2 73.4 87.5 104.2 125 136.7 138.1 136.8 149.1 155.6 165.8 167.1 168.1 170.9 174.7 179.3 192.1 200.3 211.1 211.1 206.9 210.1 224.5 236 242.8 249.4 258 256.2 257.3 272.1 285.8 290.1 299.5 296.8 296.2 304 319.6 327.5 325.6 315.6 319.4 317.4 309.9 298.3 290.7 289.4 303.2 322.3
-2.2 -2.2 -2.2 -2.2 -2.2 -2.2 -2.2 -2.2 -2.2 -2.2 -2.2 -2.2 -2.2 -2.2 -2.2 -2.2 -2.2 -2.2 -2.2 -2.2 -2.2 -2.2 -2.2 -2.2 -2.2 3.8 19.8 32.8 49.4 58.3 58 52.2 38.5 19.4 24.5 46.2 64.1 79.8 90 106.4 129.5 141.9 134.1 132.4 143.5 156.6 157.7 163.2 170.3 165.3 172.3 193.6 201.8 206.7 206.5 204.4 208.4 214.6 236.6 248.6 245.5 247.7 258.3 256.1 254.8 276.8 293.8 305.7 310.5 306.8 294.8 305.1 317.8 327.8 329.2 313.7 313.5 310.1 300.9 289.8 288.1 283.8 302.1 319
-2.2 -2.2 -2.2 -2.2 -2.2 -2.2 -2.2 -2.2 -2.2 -2.2 -2.2 -2.2 -2.2 -2.2 -2.2 -2.2 -2.2 -2.2 -2.2 -2.2 -2.2 -2.2 -2.2 -2.2 -2.2 7.3 23.9 37.9 53.7 60.3 59.3 47.2 25.6 18.3 39.5 55.6 73.8 85.2 100.4 114.7 128.1 132.1 122 130 133.9 149.8 159.7 164.9 164.6 163.9 177.5 187.6 200.3 199.6 201.4 205.1 218.8 226.3 241.9 248.5 248.8 251.8 260.6 254.3 259.4 282.8 301.3 309.5 319.1 303.9 294.8 300.6 324.6 331.1 324.9 313.4 309.6 300.5 290.6 285.3 283.8 283.8 307.1 319.1
-2.2 -2.2 -2.2 -2.2 -2.2 -2.2 -2.2 -2.2 -2.2 -2.2 -2.2 -2.2 -2.2 -2.2 -2.2 -2.2 -2.2 -2.2 -2.2 -2.2 -2.2 -2.2 -2.2 -2.2 -2.2 -2.2 27.2 41.6 59.1 58.1 50.4 33.8 18 29.7 48.9 64.9 81.1 99 109.8 117.8 118.1 119.6 117.1 121 141.7 155.8 161.5 163.8 161.4 171.5 179.7 185.9 191.3 197.5 209.4 225.5 233.9 239.2 239 245.8 249.3 249.6 258 254.3 274.2 287.2 301.3 310.6 311.8 297.5 294.8 312.8 328 325.7 318 302.8 296.1 290.8 284.3 282.6 283.8 294.7 316 315.3
