data/170000-820000.asc
ncols 200
nrows 200
xllcorner 170000
yllcorner 820000
cellsize 50
[rows 108 to 143 of 200, columns 83 to 165 of 200]
106.6 113.2 118.8 124.1 130.1 134.8 140 146.1 148.6 153.4 156.1 156.2 158.6 160.1 160.5 164.1 173 184.1 185.2 200.5 197.5 193.6 182.1 176.8 174.2 168.9 161.8 164.7 174.8 170.7 163.8 157.8 154.4 151.2 140 145.1 150.7 165.8 181.6 192.4 201.2 197.6 190.1 181.6 171.4 162.1 171.1 182.9 194.3 204.2 206.8 213.7 220.4 224.8 235.7 243.9 248.3 247.1 240.2 238.3 232.7 232.7 231.6 234.8 227.8 235.4 249.8 252 251.7 256.5 272.7 298.8 332.4 353.2 364.6 358.6 346.1 351.3 351.2 346.1 340.1 321.9 294
116.9 125.5 129.4 134.9 143.2 146 149 153 158.8 164.5 164.7 163.5 164.7 167.2 171.4 175.2 182 190.7 202 206.8 203.8 194.9 183.8 180.4 179.8 176.5 170.9 178.2 182.1 174.9 167.9 161.3 157.6 149.8 152.7 157.3 158.5 177.3 201.1 209.4 215.3 211 203.1 194.3 187.9 181.4 190.6 198.2 204.8 209.7 213.8 220.6 229.1 234.7 242.9 246.2 247.4 246.7 246.9 243.5 246.2 249.2 252.2 253.2 249.2 255 263.2 268.8 276.6 290.7 302.5 325.2 351.4 369.7 369.7 368 367.7 374.5 369.7 356.5 342.9 328.2 316.5
107.6 126.3 135.4 143.7 149.7 153.9 155 159.7 165.6 170.3 172.7 174.1 174 176.3 181.6 186.4 197.2 206.9 215.5 214.3 206.9 196.5 188.6 187.7 185.9 181.8 190 194 187.8 179.6 172.1 164.1 160.6 161.5 164.1 168.5 174.2 200.6 220 231 230.2 222.4 213.2 207.3 205.2 203.3 205.8 213.7 218.8 220.2 222.5 231.1 238.2 241.9 245.7 252.4 256.2 259.3 262.8 262.6 265.6 266.6 268.1 271 273.2 275.9 284.2 286.7 295.5 313.5 321.5 333.1 346.8 361.2 363.3 368.7 375.7 381.1 381 373.6 355.1 337.4 324.2
108.3 115.8 132.7 150.4 157.2 160.2 161.6 166.5 171.6 175.3 178.3 181.2 183.9 186.9 193.7 199.9 206.3 214.7 221.1 217 208.7 198.7 193.2 194 191.4 192.3 203.8 200.7 190.8 184.3 178.2 171.4 166.5 174.7 176.9 182.3 192.4 214.1 233.2 240.2 240.7 233.3 221.3 218.9 218.7 219.5 221.7 229.3 229.6 232.2 238.1 245.7 252.2 258.8 264.9 273 277.9 292.6 287.8 281.7 282.9 285.7 285.9 288.5 290.6 291.7 305.7 302.3 311.9 332.1 344.5 357.1 362 365.5 364.9 370.3 374.4 380 379.4 372.9 362.3 349.2 332.9
129.3 125.7 121 144.4 158.9 162.3 167.1 171.3 173.9 177.3 181.3 185.9 190.6 196 202.6 209.1 211.9 216.9 217.1 212.4 208.7 202.6 199.3 200.4 200.1 200.6 200.9 199.4 193.4 190.2 184.3 180.2 174.7 187.7 189.7 201.4 211.1 223 240 248.1 250.3 241.5 233.4 234.3 235.7 233.4 230.9 233.3 240.3 243.4 251.4 262.8 272 287.2 288.6 290.9 292.6 302.2 298.8 293 296.2 299.6 301.5 304.7 305.7 308.3 315 316 330.8 342.1 366.6 374.3 379.2 378.8 377.2 378.8 379.2 387 382.3 374.1 365 355 334.3
137.5 136.4 134.3 132.4 144.2 161.7 168 170.7 175.1 179.1 184 189.9 195.8 200.8 205.5 209.9 210.5 211.7 211.7 209.1 207.6 205.6 203.7 205.3 204.9 203.4 201.3 199.9 200.4 198.1 193.8 175 187.3 200.3 207 221.7 231 239.9 255.2 261.9 258.2 251.7 248.7 254.3 256.2 252.9 246.9 249.3 251.7 254.6 263.8 279.7 288.5 296.5 304.2 302.7 308.9 313.3 306.8 305.8 308.8 314.5 318.9 322.6 322.8 323.6 321.6 325.1 335.5 354 371.3 378.8 385.6 388 387.7 385.9 387.7 390.3 388.6 378.4 367.3 358.9 341.8
144.3 145.2 148.2 146.1 143 143.1 168.3 176.3 176.1 180.5 188.1 194.9 200.9 201.5 203.5 206.7 208.2 208.4 210.8 210.5 209.3 208.8 208.7 209 207.5 206.3 205 204.3 207.5 208.7 203.5 189.4 201.4 208.1 217.2 243.9 258.4 265 273.9 278.8 265.9 263.9 262.9 268 270.3 267.2 261.7 261.4 262.5 268.5 279 294.7 297.8 314.5 319.9 315.6 325.6 320.6 317.3 320.1 323.5 328.7 331.8 334.6 336.4 334 332.4 331.4 339.6 360.5 377.7 387.2 394.1 401.6 399 394.5 394 396.8 398.7 386.9 375.4 362.2 348
152.1 159.4 162.4 159.5 159.1 152.2 139.8 170.4 175.9 184.5 191 200.9 201 201.5 200.9 203 203.8 203.4 206 207 209.3 208.4 208.6 212.6 210.7 208.9 209.3 211.4 211.7 213.8 213.3 206.4 212 221.1 234.1 268.3 278.2 283.7 286.7 283.9 278.5 282.1 281.4 281.5 284.2 276.7 273.2 275.9 279.7 287.1 294.1 304.8 310.4 317.6 320.2 327.2 336.3 329.6 326.3 331.9 335.7 342 347.3 348.8 345.2 344.8 345.3 344.5 355.7 375.7 388.8 397 405.9 404.9 399.7 400.1 406.9 412.4 408.5 397 381.9 367 352.7
162 171.7 174 170.9 169 166.3 162.9 152.5 166.5 183.9 190.8 193.8 196.1 195.4 195.1 196.8 195.8 197.2 200.2 204.3 207.8 207.7 211.3 219.4 216.8 215.1 215.1 218.8 220.4 222 222 221.6 224.2 231.6 251.8 276 283.5 290.2 292.4 290.9 297.3 298.3 293.9 290.7 291.8 288.9 292.1 299 302.5 305.6 307.9 316.8 322.9 329.4 329.9 336.7 345.2 336.6 339.4 345 348.4 364.8 368.1 365.8 362.9 365.5 365 365.6 374.8 397.5 402.2 412 420.6 408.9 403.9 409.8 427.1 430.4 418.2 400.6 382.5 368.5 355.8
173.4 178.9 178.8 176.9 176.7 176.1 171.7 168.4 167.7 169.4 178.3 181.5 183.5 185.7 187.3 194.6 195.9 201.2 203.8 206.2 210.9 214.4 218.8 221.7 224.1 221.8 220.8 225.4 227.5 227.6 230.9 233.9 232.1 238.7 246.5 272 281.7 282.2 286.4 304.3 310.2 308.3 303.5 308.2 309.3 308.5 312.9 317.3 321.2 325.3 324.5 332.5 336.8 343.8 346.9 352.3 361.2 356.3 353.2 360.4 379.5 388.8 386.2 391.5 391.2 387.2 377.7 386.7 394.4 397 409.1 418.8 430.1 418.4 428.5 447.6 440.4 430.4 415.7 400.8 383.2 365.8 355.5
180.6 186.1 185.5 180.6 180.2 179.6 178.4 175.3 176.4 180.6 184.8 184.8 183.2 187.5 194.5 202.8 202.5 212.7 218.2 218.3 224.6 227.5 227.8 233.8 239.4 237.3 234.4 239.3 241.4 247.2 251.1 248.9 247.6 251 260.1 262.7 265.2 273.1 299.3 310.3 312.1 315.4 314.5 323.6 326.5 328.8 329.5 336.5 343 344.8 343.8 349.5 352.2 357.2 363.6 371 380.6 370 368.7 381.2 396.8 406.2 409 411.7 412.7 400 394.9 402.1 408.1 405.3 417.4 424.8 429.9 428.6 452.6 459.3 446.6 437.5 420.5 401.9 386.3 368.6 351.5
188.6 191.1 189.8 184.2 179.4 179 179 183.1 182.4 183.6 189.8 189.3 190.6 198.5 205.8 214.7 216.4 220.6 233.4 232.3 237.5 241.3 247.4 253.6 257.7 259.5 258.8 257.7 259.1 267.7 267.4 264.9 260.7 266.3 275.9 280.9 279.9 286.7 291.4 302.2 316.1 322.7 328.7 337.1 337.9 343.1 350.2 358.4 363.2 358.4 360.6 363.2 367 375.9 380.7 387.1 396.1 388.9 392.4 402.9 411.4 420.3 424 425.1 422.7 409.5 407 405.3 408.9 411.8 422.7 427.8 429.2 431.7 453.9 457.5 450.8 435.1 417.5 396.4 378.6 362.4 346.4
189.5 190.5 188.5 186 184.5 187.6 187.9 190.2 190.6 189.6 193.8 203.4 206 209.3 218.8 230 237.5 238.8 246.7 249 251.2 257 263.7 271.5 276 277.4 278.4 278.8 281.2 286.4 285.8 287.7 282.6 286.4 291.1 294.7 298.8 300.2 306.2 311.9 322.9 333.3 340.6 349.7 354.2 362.7 371.5 375 377.2 373.3 373.1 376.5 386.2 399.7 406.5 412.1 412.3 410.6 422.9 433 433.6 444.9 458.5 443.3 430.9 420.5 415 411.5 415.5 412.8 422.2 425.2 428.6 433.8 450.6 451.9 446.9 434.9 419.2 396.3 377.5 359.8 344
191.3 192.5 192.1 193.1 196.2 201.9 199.4 200.7 197.6 199.3 198.5 210 216.5 219.9 231 243.5 249.5 255 261.5 264 268 274.3 281.1 291 298.8 299.7 300.7 301.7 304.9 306 303.6 305.6 308 308.6 305.7 313.6 313.6 316.3 321.8 326.4 331 342 351 358.8 370 384 390.1 390.2 391.2 392.1 396.2 396.1 415 425.5 433.2 432.1 430.8 425.1 436.2 449.9 469.3 479.7 489.8 467.3 442.5 431.7 425.6 419.9 419.5 418.6 421.2 425.5 432.9 442.1 448.4 448.3 441.5 427.9 410.9 391.5 372.7 357.2 342
198.7 201.1 203.3 206.1 211.3 210.2 210.5 210.6 207 209.4 212.2 223.1 229.7 232 249.5 254.1 259.8 267.1 278.3 282.5 286.4 292.9 302.1 310.3 316.1 316.7 317.7 316.4 322.6 322.7 318 327.8 331.9 324.9 329.1 329.2 328.1 332.3 336.8 341.5 344 351.6 360.5 366.6 379.8 398 402.1 403 405.1 407.7 419 417.6 428.5 439.4 450.1 453.1 450.5 443.7 451.6 466.9 486.9 498.2 495.7 472 454.5 441.7 434 427.2 424.3 420.8 424.2 428.7 438.4 440.7 448.1 451.4 441.7 421.9 403.1 383.8 368 350.8 335.3
207 212.6 218.1 221.4 217 214.4 214.7 217.9 217.6 219.3 226.4 238.8 250.9 255.5 264 273.1 275.9 285.4 295.3 300.9 300.8 308.2 319.4 325.5 332.3 328.9 329.6 331.4 335.2 334.6 337.1 346.4 344.7 342.1 342.5 343 347.5 348.2 354.2 354.6 355.8 359.4 368.5 377.4 386.8 398.3 408.4 412.8 416.9 420.1 427.3 434.6 440.8 446.5 458.2 463.9 469.5 472.4 480.1 491.5 489.6 491.6 485.8 472.3 456.6 445.4 438.1 431.5 428.9 424.5 427.5 430.6 438.9 439.7 448.2 458.9 443.7 423.7 402.4 381.4 361.6 346.7 329
217.2 227.1 229.3 220.8 219.4 222.4 224.8 226.7 230.7 235 243.9 255.7 264.2 272.9 278.7 287 291.3 296.5 306.4 310.4 308.9 315 325.2 328 329.1 330.6 338.8 350.9 356 357.6 362.9 363.6 357.2 354.5 352.5 358.8 364.2 365.4 371.2 367.7 365.6 363.7 373.2 386.1 401.5 412.1 421.4 426.2 428.2 432.5 436.2 443.9 452.4 460.7 463.8 476.6 484.9 488.2 492.1 495.8 494.4 489.7 480.3 467.9 457.1 448.8 440.2 433.2 428.9 427.6 428.2 431.1 438.7 447 452.6 444.3 430.2 411.8 397.5 383.1 366.2 348.1 327.5
222.8 225.4 223.3 226.7 232.2 236.1 238.3 240.1 244.2 251.8 263.8 278.1 287.1 283 279.9 288.1 297.4 309.8 319.7 319.5 321.3 327.4 331.6 333.8 335.5 342.1 353 363 373.9 379.4 388.2 376.6 369.3 365.1 369.1 376.1 379.4 379.2 380.3 381.4 379 373.3 377.9 394.2 408.8 421.7 441.7 444.2 443.3 445.1 448.6 453.7 463.9 480.5 491.6 506.9 510.1 508 509.5 510.6 505 499.6 492.1 479.6 461.6 451.7 447.1 440.6 434.9 432 431.9 436.1 440 448.3 452.7 445.9 433.5 410.1 384 373.7 362.4 347 329.7
226.9 230.4 236.9 246.3 246.1 246 251.4 254.8 262.1 272.9 283.2 288.5 288.3 284.6 290.1 295.7 303.4 308.8 319.3 322.3 327.6 329.3 333.3 336.8 340.8 341.2 354.6 367.1 379.6 401.7 397.5 390.3 384.2 384.8 391.6 392.4 393.7 390.6 394.9 399.1 392.2 384.3 386.1 394.8 410 422.6 450.3 453.8 456.9 461.2 470.3 474.6 483.8 499.8 510.4 521.5 523.5 525 527 524.9 516.2 504.5 493.5 479.9 467.4 463.2 456.5 448.2 442 437.7 438.8 438.5 440.9 444.6 448.4 445.9 429.4 405.5 380.2 362 353.9 341.9 327.4
236.5 244.2 254.2 260.8 257.7 261.5 261.7 269.8 278.4 286.4 289.7 290.8 289.7 291.3 292.9 297.3 305 308.1 320.2 328.3 333.1 335.6 338.3 344.9 351.4 356 366.8 376.3 394.6 416.5 406.6 398.8 401.8 404.6 407.2 405.3 407.1 409.8 411.2 409.6 403.3 397.3 400.7 410.4 416.3 429.4 448.1 456.2 464 479.7 486.3 493.2 504.2 518.3 525.3 532.9 536.8 533.3 529.4 526.3 521.3 511.7 501.7 489 480.4 475.5 464.2 456.8 452.5 444.8 440.4 439.7 441.1 440.3 440 436 423.3 398.9 376.9 360.4 347.1 334.4 319.4
251.5 260.4 263.5 260.9 264.1 270 272.7 279 284.9 288.3 290.2 293.7 293.9 297.1 302 308 315.8 320.3 327.7 332.9 337.9 339.6 347.2 352.1 359.7 365.2 378.7 392.8 408 420.4 408.4 409 416.4 417.3 419.5 423.8 427.1 429 424.5 418.9 415.9 415.1 412.6 427 431.8 439.3 451.4 457.7 468.8 487 495.8 502.1 514.4 527.1 538.3 547.7 552.4 550.6 543.3 532.2 524.2 523.3 513 499.5 491 481.6 472.7 466.9 460.7 450.8 446 441.2 438.9 434.2 429.2 416.9 407.6 387.6 367.4 352.7 340 325.8 311
268.3 270.1 268.4 269.7 275.4 283.3 285 287.1 290.8 294.4 295.6 298.9 303.2 306 311.3 318 322.6 328.7 331.5 337.4 344.7 349.3 354 364.5 370.1 373.1 383.9 401.8 413.4 419.9 420.2 422.7 427 427.9 432 443.1 444.8 440.8 432.3 427.9 428.6 430.7 429.3 438.9 449.4 450.4 455.5 460.9 474.1 490.8 502.7 507.7 518.8 535.4 560 568.1 571.2 569.4 561.5 549.9 538.8 523 513 502.5 491.9 483.6 479.2 475.9 463.9 453.8 446.8 440.4 430.4 426 416.2 405.2 388.6 369.8 358.4 346.9 329.2 310.4 299
270.1 270.2 273.4 277.1 285.6 292.3 294.9 297.5 301.9 302.5 306.2 312.9 316.6 322.5 322.4 321 321.6 328.3 332.3 340.3 348.6 348.9 357.6 364.9 372.5 378.3 389.6 404.1 417.2 426.5 432.4 437.5 440.4 445 448.9 455.9 458.6 452.6 446.6 447.7 444.5 441.6 441 441.7 446.9 455.4 461.7 467.3 481.5 495.6 506 511.7 517.9 538.1 572.1 582.6 587 581.6 574.4 566.4 551.2 533.5 518.8 507.7 499.5 491 482.3 475.9 465.3 456.9 451.6 440.3 436.9 427 423.3 407 390.8 374.7 356.9 340 331 316.9 291.2
269.1 277.6 280.1 282.8 288.2 295.8 300 303.6 307.3 312.2 316.6 320 323.5 327.8 329.5 327.4 333.1 332.3 339 344.9 350.9 354 361.7 367.1 372.9 384.8 397.9 412.2 419.2 429.3 440 450.1 463.5 465 466.5 469.3 470.1 470 473.3 462.8 453.7 451 450.8 449.2 450.5 459.5 467 474.7 484.8 496.8 509.3 518.3 527.8 551.2 572.7 587.8 598.4 598.7 587.4 573.3 555.8 540.6 526.1 513.3 503.1 497.7 488.8 479.3 468.7 468.3 472.7 459.7 447.1 438.7 427.8 409.8 390.2 371.9 357.1 340.7 326.8 308.5 286.9
270.6 278.8 284.7 288.9 293.6 297.9 304.3 308.3 316.7 320.2 324.4 329.3 331.3 333 337.7 344.2 344.3 340.8 345.9 350.7 355.5 361.1 367.9 376 381.1 388.1 400.4 410.6 431.4 442.5 452.6 463.5 476.5 483.1 489.5 490.5 486.4 493.9 486.8 470.7 461.9 457.7 455.5 451.7 453.7 461.7 469.5 481.4 489.9 500.5 512.2 521 531.6 549.6 576.6 595 607.1 608.9 600.5 594.2 575.7 551.8 535.5 520.1 512.8 502.9 495.4 485.9 475.7 481 480 466 454.6 443.3 424.4 404.3 383.8 367.3 352.9 337.3 323.2 305.5 287.3
276.6 283.3 289.9 295.9 300.8 309.1 315.5 320.8 325.2 328.9 331.2 335.7 347.2 353.3 361.6 357.8 353 351.8 352.5 350.2 353.9 365 374.8 385.3 389.6 398.2 404.9 420.1 440.6 457.4 468.1 479.6 487.8 498.3 506.9 507.8 504 501.5 499.5 490.1 475.6 464.5 461.1 458.6 458.1 461.6 469.9 479.8 493.1 504.8 511.9 523.1 535.7 554.4 579 612 624.8 626.2 615.9 603.7 589.2 569.2 548.1 533.7 524.1 512.9 503.5 494.7 488.4 483.9 483.5 472.1 453.5 439.3 424.4 404.2 385 366.1 352.3 338.2 319.3 303.2 285.7
283 289.9 298.1 309 312.5 314.9 321.6 327.8 335.7 340.4 344.2 352.8 361.3 366.5 369.7 369.8 365.1 360.9 360.1 357.2 358.1 361.9 369 379.6 388.3 401.7 413.4 428.2 448.3 460.9 476.1 491.1 504.4 511.9 519.4 520.5 513.2 512.5 510.8 497.7 482.8 471.5 465.7 460.9 459.3 458.9 465.7 475.8 490.7 506.2 515.3 526.8 538.1 559.6 584.7 617.1 643.7 647.9 638.8 624.5 608.7 587.3 566.7 547.5 532.3 521.7 516.3 507.4 497.2 489.7 486.8 472.2 456.3 440 420.3 401.8 381.4 362.1 344.1 332 321.9 305.8 286.5
287.6 294.3 303.1 318.4 319.3 324.5 332.9 342.4 351.3 354.4 359.1 369.2 378 383.1 382.8 381.1 375.3 369.1 364.2 359 359.9 364.1 370.7 378.6 386.5 398.7 410.7 430 446.9 462.7 481.8 498.1 520.7 522.5 524.9 525.8 524.8 518.5 510.8 501.2 488.3 475.2 467.8 461.7 459.7 458.1 463.7 473.2 486.1 498.7 513 528.1 540.5 565.4 602.1 626.6 649.9 660 656.6 644.4 631.4 604.7 583.6 565.8 550.2 539.5 526.6 514.6 506.3 495.9 478.3 470.2 455.7 435.9 414.5 393.6 371.5 355.6 340.3 329.9 316.1 302.5 288.1
297.7 300.6 309.8 324.7 329 334.6 343.8 356.5 365.6 368.5 377.7 392.8 398.5 399.3 391.2 394.2 384.8 376.4 368.9 364.2 364.8 368.1 372.3 376 382.8 394.3 405.8 423.7 441.2 458.1 476.9 498.1 516.4 531.2 532.1 533 529.3 522.3 515.2 504.6 491.7 479 469.9 463.4 460.4 458.9 461.8 470.4 482.2 496.5 517.2 530.7 544.7 575.6 607.4 636 664.5 675.1 666.9 652.6 634.3 613 596.3 582.3 569.5 559.6 539.4 521.3 508.7 498.6 483.8 456.3 446 427 405.8 386.5 369.5 359 343.3 324.6 311.8 299.7 287.2
311.3 315.5 320.2 329.7 335.4 342.4 351.2 361.3 372.9 379.4 388.6 399.8 400.8 400.1 403.1 403 393.7 384 374.7 370.2 368.9 370.8 375 378.5 380.1 387.4 401.6 417.7 435.1 453 471.9 492.5 514.1 529.1 533.4 537.3 534.3 527.2 518.4 510 495.9 483.1 473.2 466.9 462.1 460.3 463.6 471.6 479.5 495.6 520.8 535.1 551.1 579.2 611.9 641.4 680.3 698 690.9 671.7 642.4 620.9 609.3 595.1 579.5 566.7 551.2 529.6 508.9 495.7 483.3 455.4 432.7 419.2 400.6 382.3 367.9 351.2 337.2 319.4 309 296.9 284.8
317.3 323.3 329.8 339.4 345.3 353.8 362.6 371.3 380.2 388.8 400.1 407.4 409.5 405.8 408.8 412.8 405.5 392.3 386.7 380.8 374.2 375.7 378 381 383.3 387.7 397.4 411.9 431.3 453 469 488.3 514.2 526 536.4 541.2 538.9 532.3 524.9 516.9 507.4 493 484.3 474.3 468.1 465 467.1 474.2 484.4 498.4 520.8 535.5 553.1 578.5 614 651.8 683.2 710.7 705.2 693.3 665.3 647 622.9 601 583.7 569.9 554 535 513.1 490.8 476.2 451.7 427.9 412.2 395.3 378.7 361.3 346.2 331.7 320.3 310.1 296.4 281.4
332.2 336.1 342.2 345.9 356.3 366.5 376.1 388.9 396.6 405.7 418.6 424.2 424.4 420.2 426.9 429.4 418.3 408.7 400.8 392.5 384.8 383.3 384.2 387.1 388.1 391.8 399.4 408.2 426.8 447 464.3 483.9 503.9 521.5 535.4 540.4 541.1 537.5 532 525.1 517.5 508.4 499.4 486.5 479.3 471.3 474 481.5 491.4 503.8 521.9 538.1 552.6 584.8 622.2 662.5 696 720.3 717.1 709.1 689.1 667.1 637.5 614.4 590.7 575.1 553 534.7 511.6 487.4 469 450.1 424.8 403.5 384.3 365.4 351 340.3 329.3 318.5 308.6 292.5 278.4
344.1 351 357.8 362.7 373.1 382.2 393.6 402.3 411.1 425.4 438 437.7 439.9 444.3 445 439.9 433.6 429 415 404.5 396.6 393.4 394.2 396.2 398.3 400.8 401 405.3 420 437.5 457.4 477.6 495.5 513.3 531.6 538.5 542 545.1 540 534 528.1 520 510 501.8 493 485.3 482.3 487 500.4 515.5 528.3 537.9 554.9 589.9 626.3 663.7 706.2 726.6 726.5 711 692.8 666.9 646.2 619.6 594.7 568 544.8 523.8 503.8 477.6 458 440.7 415.7 394.9 378.1 360.1 347.8 337.2 326.9 315.3 303.8 289.8 277.2
357.4 364.8 372.3 379.9 387.5 398.9 409 418.8 429.6 440.7 443.5 449.3 454.2 462.3 464 457.8 458.9 446 432 419.3 408.9 406.1 406.2 408.7 408.6 408.6 408.1 409.4 416.1 432.6 450.4 470.3 487 505.1 525.2 536 542.1 549.9 547.6 543.6 542.1 537 529.2 518.3 508.4 499.6 494.5 498.7 512.5 524 532.7 542.3 555.7 590.7 624 664.6 704.4 722.3 716.9 701.4 681.4 660.3 636.6 609.7 583.5 561.3 532.5 511 491.1 470.1 453.1 435.8 417.3 398 380.8 362.3 348.7 338.3 328.6 312.8 297.7 287.2 274.5
374.8 383.8 388.3 395.7 403.2 413.4 425.6 437.6 450.8 454.3 461.7 463.5 468.7 472.7 474.5 472 470 464.8 452.2 438.8 427.8 423.6 423.2 424 420.6 417.3 416.7 416.8 421 431.6 446.2 464.4 482.4 500.8 518.4 532.9 538.4 547.1 548.8 555.1 555.3 553.1 545.4 535.3 523.6 515.5 510.9 519.4 525.8 528.6 536.4 544.3 556.3 589 620.7 657.9 702.7 716.5 702.9 692.5 675.1 652.1 626.6 598.1 572.2 546.1 520.6 498.7 478.2 460.6 445 428.7 414 399.6 382.1 366 351.2 340.4 330 312 293.9 283.9 271.9
391.3 398.8 403.4 411.5 420.1 428.3 438.1 450 462.5 470.6 473.5 475.4 476.2 481.7 485 486.9 487.5 485.3 470.5 458.9 451.9 449.2 441.1 437.3 434.2 428.3 424.3 426.5 433 438.2 447.3 460.8 477.9 496.4 511.3 524.3 538.2 549.1 553.1 562.5 567.2 562.7 558 552.4 546 540 529.9 528.5 530.8 535.5 539 547 557.5 587 614.4 648.8 685.2 703.8 699.7 678.2 662.3 643.1 617.7 588.1 560.2 535.4 512.1 489.2 465.9 447.7 434.7 421.4 407.2 392.5 379 364.7 350.4 339.2 326.5 306.8 291 278.1 263
