data/170000-860000.asc
ncols 200
nrows 200
xllcorner 170000
yllcorner 860000
cellsize 50
[rows 0 to 36 of 200, columns 82 to 163 of 200]
109.3 111.6 113.4 114.4 115.2 115.8 115.5 115.6 114.3 113.1 112.3 111.4 110.8 110.8 111.4 112.2 113.2 113.9 114.7 115.5 116 116.3 115.1 113.7 112.6 111.4 109.9 108.5 107.2 106.7 106 105.1 104.1 103 101.9 100.5 97.6 93.4 87.9 82.5 77.1 73.3 70.1 66.7 67.3 77.3 80.2 84.7 87.6 89.2 91.7 96.6 99.9 104.8 116.4 119.2 123.9 122.2 120 120.3 120.8 122.2 124.2 126.2 127.5 127.5 128.5 129.7 130.5 130.1 129.2 128.2 127.8 127.5 125.7 123.2 120.6 117.9 114.3 112 108.4 107.1
110 113 115 117 118.1 118.6 118.6 118.7 118.6 117.4 116.5 115.5 114.5 114.1 114.1 114.8 115.7 115.8 116.6 117.4 118.1 118.8 118.6 117.7 116.7 115 113.2 111.9 111 110.5 109.5 108.6 107.6 106.6 105.6 105.2 103.1 99.4 94.9 89.8 84.8 79.9 75.4 71.5 67.5 72.8 80.6 85.7 89.5 92.9 94.6 97 100.6 103.5 108 117.1 120.6 124.2 128.9 125.6 124.9 125.6 127.5 129.5 131.5 131.2 131.5 131.5 131.5 132.3 132.2 130.1 129.3 129 127.5 125.2 123 119.8 116.7 114.8 113.1 113.2
110.4 113.4 116.2 118.3 120.2 121.2 121.7 122.1 122.3 121.5 120.6 119.7 118.8 118 117.7 117.6 118 118.1 118.5 119.3 120 120.9 121.3 121 120.3 118.5 116.7 115.2 114.8 114 113 112.1 111.2 110.1 109.4 109 107.5 104.3 102.3 98.3 92.3 86.1 82.1 76.7 71.6 68.1 77.6 84.6 88.6 92.8 95.4 98.6 102.5 105.5 109.7 113.5 118.2 121.5 126.6 133 131.3 129.8 131.1 132.8 134.8 136.1 137.4 136 136 136.9 136.3 135.2 134.2 133.3 131.7 129.6 128.3 124.8 122 120.3 118.3 118.4
110.7 113.8 116.9 119.5 121.7 123 124.2 124.9 125.1 124.8 124 123.1 122.5 122.1 121.8 121.5 121 120.6 120.5 121.2 121.9 122.9 123.7 124 123.8 122 120.2 118.6 118.4 117.5 116.5 115.6 114.7 113.7 113.1 112.5 111.9 109.9 108.7 105.6 98 92.9 89.4 83.7 79.1 72.5 71.9 80.7 86.1 91.2 95.3 100 104.2 108.6 111.8 113.8 118 122.2 126.9 132.7 133.9 134.8 136.2 138 138.4 139.2 141.4 142.4 142.5 141.3 140.4 140.2 139.2 137.7 136.5 134.8 133.8 132.9 129.9 126.7 123 123.1
110.5 113.8 117.1 120.1 122.7 124.8 126.2 127.2 127.8 128 127.4 126.8 126.2 125.8 125.5 124.9 124.5 124.1 123.6 123.8 124.6 124.9 125.6 126.4 126.3 125.3 124.1 122.6 121.7 120.8 119.9 118.9 117.9 116.7 116.6 116 115.4 115.2 113.8 110 101.4 101.3 98.4 91.9 86.8 81 79.1 76.2 83.2 89.7 94.4 99.3 103.6 109.2 112.9 118.2 119.6 122.9 129.6 131.7 134.6 136.9 139.8 141.1 141.9 142.4 144.1 146.4 148.7 150.1 145.4 144.1 142.8 141.7 141.7 140.2 139.3 138.8 137.7 136.6 132.4 128
109.4 113.3 116.8 120.1 123.3 125.5 127.7 129.1 130.2 130.6 130.6 130.5 130 129.6 129 128.4 128 127.4 126.7 126.7 127.1 127.4 127.7 127.9 128.4 127.9 127.1 125.1 124.5 123.3 122.1 120.9 119.7 119.7 119.7 119.5 118.9 118.7 117.7 114.3 110.7 107.9 100.5 101.5 93.4 88.3 84.6 80.2 79.3 83.4 91.9 96.5 101.3 106.3 111.8 116.2 119.1 123.7 128.8 132.8 136.6 139.6 142.7 143.9 143.2 143.3 145.4 147.5 150.3 154.3 152.9 149.3 147.2 147.5 147 145.3 145.2 145.4 145 144.6 143.6 137.7
107.8 112.1 116.1 119.7 123.2 125.9 128.3 130.6 131.9 132.7 133.3 133.5 133 132.8 132.4 131.8 131.2 130.5 129.9 129.4 129.7 130.1 130.4 130.5 130.7 130.4 130 128.6 126.8 125.7 124.5 123.4 122.4 122.2 122.1 122.3 122.3 121.9 121.4 119.1 117.5 114.2 107.5 108.2 102.6 97.3 91.3 87.8 83.8 83.6 87.2 93.5 98.4 103 107.3 111.7 115.4 120.4 125.3 132.5 136.6 141.9 143.7 143.9 144.6 145.2 147.3 149.3 150.7 153.8 154.5 159.1 156.1 153.8 153.8 153.5 150.6 150.1 149.7 150.8 151.5 146.6
106 109.9 114.9 118.9 122.4 125.6 128.7 131.1 133.1 134.4 135.4 135.9 135.4 135.4 135.2 134.8 134.2 133.5 132.7 132.3 132.4 132.7 133 133.2 132.9 132.5 132.2 131.8 130 128.8 127.6 126.5 125.5 124.7 124.6 124.6 124.8 124.5 124.2 123 122 120 110.2 114.5 111.1 106.1 100.4 93.6 90.4 88.3 87.2 88.9 95 98.9 103 107.2 112.1 117.2 122.6 129.9 137.3 140.2 142.6 143.2 144.2 145.7 148.6 150.8 152.1 153.5 154.6 157.5 161.9 158.6 159.4 162.1 159.1 156.6 156 156.6 157 155.1
105.5 108.6 113 117.5 121.3 124.7 128.2 131 133 135.2 136.5 137.6 138 137.8 137.7 137.5 137 136.2 135.8 135.3 135.3 135.4 135.6 135.4 135.1 134.8 134.4 134.1 133.2 132 131 130 128.9 128 127.1 126.6 127.2 127 126.8 126.5 125.6 123.8 116.2 120 117.6 113.1 106.9 101 95.5 92.5 90.8 88.2 92.4 95.8 100.3 104.9 108.9 113.5 118.4 123 132.2 136.9 139.9 142.1 142.8 144.8 148 150.3 151.4 153.1 154.7 156.8 159.5 160.6 165.9 163.9 162.4 161.8 161.2 161.1 161.5 159.9
105 107.7 110.6 115.6 119.5 123.2 127.1 130.5 133.1 135.5 137.3 138.2 139.1 139.6 139.7 139.6 139.6 139.2 138.8 138.3 138.2 138.2 138 137.7 137.4 137.1 136.8 136.5 136.1 135.4 134.4 133.4 132.3 131.1 130 129.6 129.8 129.6 129.4 129.1 128.7 127.9 125.7 125.6 124.4 119.7 114 107.9 101.9 96.2 94.3 91.9 91.6 94.8 97.8 102.5 106.6 110.3 114.3 119.3 126.1 132.1 135.5 138.1 141 143.2 147 149.3 151 152.7 154.4 157.8 158.8 160.8 165.1 165.9 165.5 164.1 164.1 163.9 164.1 163.1
103.4 106.8 109.7 113.1 116.9 121.4 125.3 128.6 132.3 135.3 137.5 138.6 139.7 140.8 141.5 141.6 141.6 141.7 141.8 141.4 141.2 140.9 140.6 140.4 140.2 139.9 139.5 139.2 139 138.8 137.7 136.6 135.5 134.2 133.1 133.1 132.5 132.3 132 131.7 131.7 131.4 130.9 129.8 128.5 125.7 121.9 116.2 110.6 105.8 98.3 95.5 91.8 93.8 96.9 99.4 103.3 108.1 111.8 116.6 121.6 126.8 131.3 135 138.4 141.9 145.4 148.5 151.1 154.1 156.3 159.2 159.5 161.3 163.5 166.8 166.6 167.3 166.7 166.4 166.6 166.2
100.8 104.4 108.1 111.7 115.1 119.5 123 125.9 130.1 134.1 137.2 139.2 140.5 141.9 142.6 143.4 143.6 143.6 143.7 143.9 143.9 143.5 143.2 143 142.8 142.5 142.3 142 141.8 141.4 140.8 139.7 138.5 137.2 136.3 135.7 135.2 134.9 134.8 134.8 134.7 134.5 134 133.2 132.2 130.5 128.3 124.2 118.4 112.2 105.2 98.8 97.2 96.3 95.7 98.5 99.9 102.8 108.8 114.1 119.2 124.8 128.7 131.8 135.2 139.8 146.7 146.7 149.5 150.9 153.4 156 158.4 160.9 163.4 166 167.7 169.1 169.2 168.8 168.6 168.9
99 102.1 106 109.8 113.6 117.2 120.8 123.8 128.2 132.3 135.7 138.3 140.5 142.4 143.6 144.4 145.1 145.4 145.7 146 146 146 145.8 145.6 145.3 145 144.8 144.6 144.4 143.9 143.4 142.8 141.8 140.8 138.8 138.2 137.8 137.3 137.5 137.7 137.7 137.5 137.2 136.7 135.8 135 133.4 130.5 125.4 120.6 114.5 108.5 102.2 99.9 98.6 99 99.7 100.1 104.3 111.2 117.8 121.1 125 128.4 133 136.5 143.7 144.2 148 149.4 151.5 154.1 157.1 160 161.9 164.4 166.8 169.1 170.2 169.3 169 169
98.3 99.6 102.8 106.7 110.9 114.8 118.5 121.8 125.5 130.1 133.7 136.9 139.7 142.2 144 145 146 146.8 147.2 147.7 148 148.2 148 147.8 147.6 147.5 147.4 147.2 146.9 146.6 146.1 145.7 144.9 143.3 141.9 141 140.6 140.1 140.3 140.4 140.2 140.1 139.9 139.7 139.3 138.5 137.7 135.9 131.8 127.3 122.8 116.6 110.2 106 102.4 101.2 102.6 104.1 102.8 106.3 113.3 118.4 121.9 125.3 129.3 133.9 137.3 141.8 145.6 148 149.7 152.2 155.2 158.8 162 164.9 167 168.6 168.9 169.1 169.2 169
98.9 99.9 101.1 103.6 108 112 115.7 119.8 123.7 127.8 131.8 135.1 138 140.9 143.2 145 146.5 147.5 148.5 149.1 149.6 149.9 150.3 150.4 150.2 150.1 150 149.8 149.5 149.2 148.8 148.4 147.7 146.2 145 144.2 143.4 143.1 143.1 142.9 142.6 142.6 142.6 142.4 142.2 141.8 140.9 139.9 137.8 134.3 130.8 123.7 120 116.1 110.7 105.9 104.5 106.6 107.2 106.3 108.2 112.7 118.1 121.3 125 128.8 132.8 137.6 142.6 145.4 147.8 150.4 153.2 156.7 161.3 165.8 168.1 168.3 168.8 169.3 169.4 169
96.8 98.8 100.1 102.1 105.1 109.5 112.6 116.3 120.9 125.5 129.6 133.2 135.9 138.8 142 144.7 146.4 147.9 148.8 149.9 150.7 151.3 151.8 152.3 152.6 152.8 152.6 152.4 152.1 151.7 151.4 151.1 150.4 149.5 148.1 147.2 146.5 145.8 145.6 145.3 145.1 145 145.1 145.1 144.9 144.8 144.1 143.8 142.6 140.4 137.5 132.2 128.7 122.9 118.9 114.9 108.7 110.2 112.5 110.1 110.1 112 115 117.5 121.5 125.7 130.3 133.6 138.5 142.3 145.6 148.5 151.3 154.8 158.9 164.4 166.5 167.7 168.3 168.9 169.4 169
92 95.4 99.3 101.3 103.7 106.9 109.5 112.7 117.5 122.2 126.9 130.7 133.8 136.7 140.1 143.3 145.3 147.4 149.2 150.3 151.5 152.3 153.1 153.8 154.3 154.6 154.9 155 154.8 154.5 154.1 153.7 152.9 152.1 151.2 150.3 149.8 149 148.4 147.8 147.6 147.4 147.2 147.3 147.5 147.4 147.1 146.8 146.2 145.5 143.6 140.5 136.6 131.1 125.9 122.5 115.1 112.8 115.7 113.8 114.1 112.6 116.4 117.5 120.1 122.6 126.1 130.5 135 139.1 142.1 146.6 150.2 153.4 158 162.4 165.1 167.1 167.7 168.2 169.1 169.1
92.1 93.2 95.7 99.2 102.6 104.8 106.9 109.4 114.2 119 123.9 127.4 131.1 134.8 138.2 141.4 143.9 146 148.8 150.3 151.7 153 154.1 155 155.7 156.3 156.8 157.2 157.2 157 156.7 156.3 155.4 154.6 154.2 153.7 153.2 152.2 151.6 151 150.4 149.8 149.2 149.4 149.6 149.8 149.8 149.4 148.9 148.4 147.8 146.3 143.9 139 135.5 130 124.8 118.1 118.5 118.6 119.4 118 118 118.7 120.1 121.7 124.3 128.2 131.8 136 139.5 144.3 148 151.8 157.2 161.5 163.8 166.1 167.4 167.4 167.2 169.6
93.2 93.4 94.2 96.6 99.9 103.6 106 108.2 111.2 116.2 120.5 124.3 128.1 132.3 136.3 139.5 142.6 145.4 148 149.9 151.4 152.9 154.2 155.9 156.7 157.4 158.1 158.8 159.4 159.3 159.1 158.9 158.4 157.9 157.4 156.9 156.2 155.3 154.6 153.9 153.2 152.3 151.3 151.5 151.6 151.8 151.9 151.7 151.6 151.1 150.7 150.3 148.4 145.7 143.6 139.7 130.1 124.5 122.2 123.9 123.3 123.1 122.4 125.2 123.1 122.9 123.5 126.7 129.3 132.8 136.8 142.2 146.5 149.5 152.9 158.7 162 165.3 168.1 166.2 166.4 169.5
92.1 92.6 94.4 96.5 98.3 100.8 104.8 107.3 110.2 114.1 117.3 120.9 124.7 128.9 134.2 137.7 141 144 146.6 149.2 151.2 152.7 154.1 156 157.8 158.5 159.2 160.3 161.5 161.7 161.7 161.5 161.1 160.6 160.1 159.6 158.7 158 157.3 156.6 155.9 154.8 153.8 154 154.2 154.3 154 153.9 153.7 153.4 153 152.9 152 150.1 148.9 146.8 137.3 130.2 127.6 126.9 127.2 127.6 127.3 128.4 128.9 126.7 125.1 125.6 128.1 131.3 134.2 138.9 142.5 145.4 148.9 153.2 159.1 164.7 168.5 168 166.4 169.1
88.4 89.6 92.2 95.8 97.8 99.6 102.1 106.1 109.5 111.9 114.6 117.9 121.3 125.2 130 134.7 139 142.3 145.4 148.1 150.7 152.6 154 156 158.1 159.7 160.9 162 163.1 163.3 163.6 163.9 163.7 163.3 162.8 162.1 161.4 160.7 160 159.3 158.6 157.4 156.6 156.6 156.8 156.4 156.1 156 155.7 155.5 155.1 155.7 155 154.3 153.2 151.7 146.9 136.6 136.9 131.8 133.8 132 130.2 131.2 131.8 130.9 126.5 128.7 127.9 130.1 132.3 135.8 139 142.9 146.8 151 154.4 161.2 166.6 166.5 166.2 167.8
86.7 88.2 90.7 94.6 97.4 99.2 101.6 105.6 108.7 110.9 113 115.8 119.2 123.3 127.8 131.8 136 140 143.8 147 149.6 152.2 154.1 156.1 158.2 160.1 161.5 163 164.4 164.8 165.5 166 165.9 165.9 165.5 164.8 164.1 163.4 162.7 162 161.3 160.3 159.3 159.3 159 158.6 158.2 158 157.8 157.6 157.5 157.9 157.5 156.9 156.3 155.4 153.6 145.7 143.7 140 138.8 140.2 135.5 135.6 136.3 133.7 130.8 132.5 131.3 130.9 130.8 133.4 137.3 141.7 145.8 150.3 154 157.7 168.3 172.6 166.2 166.4
88.2 89.6 90.6 92.8 96.3 99.3 101.9 105.1 107.8 109.9 112 114.3 117.6 121.3 125.7 129.7 133.6 138.2 142.3 145.7 148.7 151.2 153.8 155.8 157.9 160.4 162.2 163.8 165.2 166.5 167.3 167.9 168.2 168.1 167.9 167.7 166.9 166.2 165.4 164.7 163.9 163.2 162.4 161.8 161.6 161.1 160.7 160.6 160.5 160.1 159.7 159.8 159.7 159.1 158.5 158.1 157.6 153.7 147.1 148.4 145.4 146.3 145 140.2 141.5 136 131.5 134.7 132.5 133.6 133 131.9 135.2 140.5 144.8 149.5 154.3 159.1 161.4 169.6 169.8 168.3
85.9 90.4 90.7 91.2 93.5 97.3 101.8 104.8 106.9 108.8 111.1 113.6 116.3 120 123.5 127.4 131.3 135.5 140.6 144.2 147.5 150.5 153.1 155.2 157.6 160.3 162.6 164.5 166 167.3 168.7 169.8 170 170.3 170.1 170.1 170 169.2 168.5 167.7 167 166.3 165.5 164.6 164.2 163.8 163.4 163.3 162.9 162.4 162.1 161.8 161.9 161.3 160.8 160.6 160.2 157.2 150.6 153.7 150.6 148.9 149.9 148.8 143.7 140 136.3 136.4 135.1 134.8 135.2 134.4 133.6 137.4 142.7 147 155.7 157.5 157.9 161.3 168.9 168.5
81.2 84.9 88.3 89.7 92.4 95.2 99.8 103.7 105.9 107.8 110.6 113.4 115.9 118.7 122.3 125.3 129.1 132.9 138.2 142.9 146.2 149.5 152.5 154.9 157.6 160.3 162.8 164.8 166.4 167.8 169.1 170.6 171.9 172.2 172.3 172.3 172.4 172.3 171.5 170.9 170.2 169.4 168.5 167.8 167.1 166.5 166.1 165.7 165.3 164.8 164.5 164.2 164 163.6 163.4 163.1 161.8 156.3 157.4 159.2 160.5 154.1 157.3 154.9 147 147 142.3 140.9 141.3 136.5 137.3 137.7 137.1 136.4 140.2 145.3 149.7 154.2 156.5 159.4 165.8 165.7
79.4 82.3 84.6 87.1 91.5 94.5 97.1 101.3 105.6 108.1 110.4 112.9 115.5 118 121.1 124.1 127.6 131.4 136.2 141.1 144.9 148.4 151.6 154.6 157.4 160.2 163 164.9 166.6 167.9 169.3 171.1 172.8 174 174.4 174.5 174.5 174.6 174.6 174.1 173.5 172.7 172 171.2 170.5 169.6 168.8 168.1 167.6 167.2 166.9 166.6 166.4 166 165.7 165.5 163.6 159.1 162.2 161.7 165.1 160.3 165 161.1 151.3 153.3 149.4 145 142.8 139.8 140.6 140.6 141.1 139.1 140 144.3 147.9 151.7 157.9 158.4 159.8 161.5
78.8 83.1 86.1 88.8 91.7 94.4 96.9 99.3 103.1 107.3 110.1 112.5 115 117.6 120.1 123.4 126.8 130.9 135.6 139 142.8 146.7 150.7 154 156.8 159.6 162.7 165 166.7 168.1 169.8 171.6 173.3 175.1 176.2 176.7 176.7 176.9 177.2 177 176.6 176.1 175.2 174.3 173.4 172.6 171.8 171.1 170.4 169.9 169.8 169.4 169 168.6 168.2 167.8 165.3 163.7 165.1 165.8 167 166.4 168.6 167.6 155.5 161.2 157.6 151.5 146.8 144 141 142.9 145 142.5 142.9 141.5 143.7 146.3 152.5 155.4 157 159.7
78.1 83.7 86.4 89.1 91.6 94.2 96.7 99.1 101.6 105.1 108.7 112.1 114.8 117.8 119.8 122.7 126.1 130.4 133.9 137.1 140.6 144.7 149.5 152.9 156.2 159.3 162.5 165.1 166.9 168.6 170.4 172.2 174.1 175.9 177.4 178.7 179 179.3 179.5 179.7 179.3 179 178.1 177.3 176.4 175.6 174.8 174.1 173.4 172.9 172.5 172.1 171.6 171.2 170.8 169.9 169.3 165.1 167.1 167.5 168.5 170.3 171.4 169.2 161.3 165.2 164.2 157.7 153.2 152.8 146.6 146.3 146.3 145.4 145.3 144.9 145 146.4 147.1 150.4 155.1 157.9
76.4 83.4 85.5 87.7 90.4 93.7 96.5 98.9 100.6 102.5 106 110.2 113.8 116.6 119.5 122.4 125.4 129 132.2 135.5 138.7 142.6 148.3 152 156 159.4 162.4 164.9 167.1 169.2 171.2 173.2 175 176.8 178.3 179.7 181.1 181.5 181.9 182.1 182.1 181.7 181.1 180.2 179.4 178.6 177.8 177.1 176.4 175.6 175.1 174.7 174.2 173.8 172.8 172.4 172.7 172.4 168.3 169 171 172.5 170.5 173.5 162.9 166.2 169.1 165.9 158.7 160.4 152.5 148.9 150.3 148.5 147.8 147.5 147.5 150.3 149.7 149.7 153.7 156.6
68.6 77.4 83.5 86.4 88.6 93.5 96.6 98.6 99.9 101.3 103.9 107.5 111.1 115.2 118.5 121.4 123.9 127.5 130.9 134.2 137.2 141.1 146.6 151.2 155.3 159.1 162.2 164.6 167 169.1 171.2 173.2 175.3 177.3 179.1 180.5 181.9 183.5 183.9 184.3 184.7 184.4 184 183.2 182.3 181.6 180.8 180.1 179.2 178.5 177.8 177.3 176.9 176.5 175.4 175.5 175.7 175.4 173 171.4 172.5 173.4 170.8 174.5 174 166.9 172.5 172.1 163.2 166.2 158.3 155.5 154 151.8 151.7 150.9 150.9 150.7 152 152.5 152.5 154.5
69.2 76.2 81.6 85 88.9 94.1 97.1 99.1 100.8 101.8 102.8 106.6 109.8 112.9 116.2 119.5 121.2 125.3 129.3 132.8 135.8 139.7 144.5 149.1 153.7 158.3 161.9 164.5 166.9 169 171 172.9 174.8 176.9 179.2 180.9 182.7 184.2 185.8 186.3 186.8 187.2 186.8 186.1 185.3 184.6 183.8 183 182.1 181.3 180.6 180 179.5 179.1 178.7 178.5 178.1 177.4 176.1 173.3 174.2 174.6 173.1 174.6 177.2 169.1 172.6 171.7 170.8 168.3 164.2 162.4 160.5 158.2 156.5 154.6 153.6 152.5 154.7 154.4 154.2 155.1
70.8 77.1 80.4 83.3 88.1 93.9 96.9 99.4 101.7 102.8 103.7 106.2 109.2 112.9 116.5 119.8 122.5 123.9 128.3 131.5 134.8 138.7 142.9 147.7 152.4 156.9 160.4 163.2 165.8 168.3 170.5 172.4 174.5 176.7 179 181.2 183 184.8 186.4 187.9 188.5 189.1 189.4 188.9 188.1 187.3 186.5 185.7 184.9 184.3 183.6 182.9 182.2 181.4 181.2 181.3 180.4 179.4 179.6 179.5 178.1 175.5 174.1 176.1 178.8 176 174.1 176.1 175.2 168.9 168.3 168.7 164.3 163 161.5 159.6 159.1 157.9 156.8 156.5 157.2 158.3
69.9 77.9 79.4 81 87.6 92.4 95.6 98.3 101.9 103.3 104.3 105.7 108.3 112.4 116.5 119.9 123 125.3 127.9 130.5 133.7 137.7 141.6 146.3 151.1 155.5 158.8 161.7 164.5 167 169.3 171.7 174.3 176.6 178.9 181.2 183.3 185.2 186.7 188.3 189.8 190.6 191.3 191.3 190.6 189.9 189.2 188.4 187.8 187.3 186.6 185.9 185.1 184.5 184 184.1 183.1 182.4 182.2 182.8 182.7 182.1 177.8 175.5 180.3 180.4 180.3 181.9 180.5 173.7 171.8 170.5 169.3 167.2 165.9 164.6 162.8 161.6 161.2 159.8 159.6 160.3
67.7 73.4 76.2 77.3 82.8 85.2 91.9 97.4 101.1 103.3 104.7 105.5 106.8 110.9 116.4 120 123.1 126.5 128.5 130.5 132.7 136.5 140.4 145 149.6 153.8 157.4 160.3 162.8 165.1 167.6 170 172.7 175.4 178.2 180.9 183.1 185.3 187.1 188.6 190.1 191.1 192.1 193.1 193 192.6 191.9 191.2 190.7 190.2 189.6 188.9 188.1 187.6 187.1 186.8 186 185.1 184.8 185.1 185 185.2 182.2 176.2 180.2 182.8 183.2 184.4 184.9 178.4 175 174.9 171.9 171.5 170.5 169.4 168.4 166.8 165.3 163.3 161.9 162.8
60.7 72.9 74.8 77.3 77.5 79.2 88.4 96 99.3 100.7 102.6 105.5 106.3 108.5 115.6 120 123.1 127 129.3 131.1 133 135.6 139.3 143.3 147.8 152.1 155.8 158.4 160.6 162.9 165.5 168.3 171.2 174.1 177 179.9 182.8 185.1 186.9 188.7 190.5 191.6 192.6 193.7 194.6 194.8 194.6 194.2 193.7 193.1 192.6 191.9 191.3 190.8 190.2 189.6 188.7 187.8 187.2 187.1 187 187.4 186.1 182.8 178.8 182.4 184.8 186.4 187.3 180.5 176.7 180.2 176.7 174.6 174.1 173.4 172.7 171.6 169.3 168 166.3 164.5
59.5 69.1 74.6 78.4 74.9 73.6 83 89.3 93.9 94.4 100.6 103.7 104.7 107.2 112.1 119.1 120.9 126.3 130.4 132.3 134.2 135.8 138.4 142.2 146.2 150.3 154.3 157.2 159.1 160.9 163.1 166.3 169.2 172.1 174.9 177.8 182 184.3 186.3 188.1 189.9 191.8 193.4 194.4 195.4 196.3 196.6 196.5 196.4 196.1 195.6 194.9 194.4 193.5 192.8 192.3 191.5 190.5 190 190 189.7 189.3 189.5 188.5 184.4 181.5 184.8 188.6 189.9 186.5 183.3 178.8 178.8 178.7 177.2 176.2 175.5 175.2 174.4 172.6 170.5 168.8
53.8 65.8 68.4 71.4 69.8 68.6 73.4 77.6 85.2 89.7 95.6 101.2 102.9 105.7 110.8 114.4 116.5 127.3 131.7 133.6 135.3 136.8 138.4 141.6 144.7 148.7 152.8 156.1 157.9 159.5 161.4 164.2 167.2 170 172.9 175.8 180.2 183.4 185.6 187.6 189.4 191.2 193.1 194.9 196.3 197.3 197.9 198.4 198.4 198.4 198.2 197.6 196.7 196 195.5 195 194.2 193.3 192.8 192.6 192.4 192 191.7 191 190 188.2 187.6 189.5 191.4 191.8 189.7 180 182.7 186.8 181.6 179.6 178.8 178.1 177.5 175.7 174.1 173
