data/170000-810000.asc
ncols 200
nrows 200
xllcorner 170000
yllcorner 810000
cellsize 50
[rows 37 to 73 of 200, columns 0 to 83 of 200]
63.3 64.8 59.8 69.9 76.9 80.1 82.2 64.9 94.1 101.9 106.4 107.9 115.2 122.4 119.6 138.8 157.4 169.1 176 181.9 192.7 204.9 210.3 222.4 235.5 244.3 250.4 261 270.9 280.7 289.3 298 309.6 319 329.1 339.1 350.5 359.6 375.1 390.3 407.7 418.6 426.4 440.3 447.3 455.5 460.3 459.9 459.1 460.7 459.8 461.6 469.7 474.6 478.5 482.3 491.3 497.4 503.1 501.5 509.2 508.6 514.4 514.6 518.8 523.1 528.7 528.3 524.9 529.8 537.5 543.1 543.9 531.9 499.3 467.5 439.6 420.4 407.3 396.5 386.2 375.2 365.1 356.5
59 61.1 68.8 69.7 67.5 67.9 59.9 74.9 95.4 104.1 111.5 111.2 119.7 124.5 134.5 141 144.7 159.9 166 170.8 182 199.2 212.2 226.6 241.5 253.8 262 267.9 273.5 289.9 298.1 306.9 315.9 324.8 333.9 344.1 356.1 367 374 392.1 404.6 414.5 425.2 440.1 450.3 459.8 461 460.8 463.5 463.1 460.5 464.1 470.3 477.8 486.6 491.6 499.6 504.7 509.8 515.2 515.2 521.8 526.2 531.7 537.2 533.6 531.6 527.4 528.6 527.6 532 536.6 533.4 520.8 492.7 460.3 436.7 416.8 404.5 393.6 383.4 373.1 364.6 355.7
60.4 63.3 68.5 66.2 62.7 60.5 72 87.8 99.1 108.3 118.7 118.9 120.5 123.2 133.6 141.9 150.5 160 171.9 183.6 192.5 187.4 213.9 229.2 240.9 252.3 265 275.8 283.6 291.8 303.8 312.3 319.4 329.4 340.6 352.8 361.6 370.7 378.5 389.6 401.2 415.8 431 440.5 448.9 456.7 461.3 465 468.3 468.3 466.7 470.1 474.7 483.4 492.8 502.2 507.9 511.3 515 522.5 528.2 532.5 533.2 540.5 546.5 538.1 528.2 518.3 518.2 520.3 520.4 521.8 519.4 507.2 480.9 449.7 428.2 410.7 400.5 391 380.8 371 364.3 356.8
61.3 60.8 50.4 52.4 60.6 69.4 81.6 92.8 105.4 109 116.5 119.2 126.6 132.5 134.6 148.1 162 174.1 180.9 188.9 202 208.3 200.6 229.8 242.9 255.3 264.3 278.7 288.5 297.1 305.5 312.7 322.4 333.7 344.9 357 364 371.6 380.2 391.4 400.8 415.9 433.3 442.7 448.1 453.3 459.2 467 470 470.8 471.6 473.7 480.3 489.8 499 508.1 517.6 522.8 525.2 533.9 538.6 540.9 538.1 539.2 547 544.3 526.1 514.7 507.6 508.3 509.5 511.7 507.8 496.8 464.6 440 418.9 405.2 396 386.8 378.2 368.9 361 354.4
60.7 55.2 55.4 66.4 72.7 79.7 87.3 97 110.7 109.5 115.7 123 131.3 143.7 152.9 159.8 171 183.8 193.3 201.4 207.2 214.6 219.6 216.2 245.4 258.1 265.6 279.4 290.8 300 309 313.8 321.7 333.7 342.9 351.4 358.1 366.1 377.1 388.8 400.4 412.9 429.1 437 442 450.6 456.6 464.1 470.7 471.6 475.4 478.1 485.5 496.9 506.4 515.9 525.8 533.5 542.1 547.9 545.5 544.7 544.3 546 548.9 545.3 528.2 512.5 501.6 498.2 500.1 502.1 499.6 478.5 450.3 427.6 411.1 400.3 391.4 382.5 374.4 365 357.6 350.2
61.5 39.8 62.1 72.3 81.2 87.1 91.4 99.1 105.1 112.7 120.1 129.3 139.3 151.7 164.6 172 178.8 189.8 200.3 209.2 216.8 221.5 227.3 236 235.2 251.1 267.7 280.3 292.1 301.8 309.4 315.7 322.6 331.5 342.1 348.5 353.3 361.4 372.6 384.8 397.2 406.2 418.4 426.4 433.5 440.7 450.1 460 469 473.9 478.9 482.3 490.4 501.6 515.1 525 535.1 545.1 554.3 554.5 550.8 549.5 549.4 547.3 545 537.2 521.6 507.6 493.2 482.7 486.6 487.2 482.1 460 435.7 419.3 402.9 394.9 387 378.3 368.5 360.3 352.7 344.4
39.5 51.3 66.6 76.1 83.9 89.4 96.3 102.7 108.2 117.8 124.3 133.4 147.3 159.7 170.2 178 186.5 196.4 206.9 216.1 221 229 235.8 242.2 248.1 245.8 272.5 283.1 294.1 305.6 312.4 317.7 323.4 328.7 334.2 340.9 350.3 359.2 370.1 381.9 392.4 397.9 408 416.6 424.5 431.7 437.2 449.6 460.8 469.6 476.9 484.7 492.2 501 515.7 527.2 539.8 551.6 558.5 555.2 552.8 550.9 549.4 545.9 540.3 530.1 516.8 501.1 484.3 465.8 468.5 466.7 458 440.9 423.5 407.9 396.7 387.5 379.3 370.6 360.5 350.8 344 337.2
48.6 58.4 69.2 77 83 90.1 99.8 109.2 117.2 123.8 126.4 138.1 154 165.2 174.5 183.6 193.1 206 214 222 229.4 237.2 243.2 249.1 256 262.3 255.8 283.6 293.8 303.2 312.2 320.2 323.7 330.1 337.1 349 355.6 365.2 371.2 384.5 391.3 396.6 400.2 409.8 415.8 421.2 430.6 441.2 451.3 463.1 475.2 485.4 493.8 505.2 515.5 532.8 542.1 551.3 557.6 554.8 550.5 548.3 546.1 542.7 538.3 522.8 509.9 496.9 479.3 459.2 450.4 449.9 440.1 424.4 411.9 401.2 390.7 381.2 372.6 361.5 350.7 342.3 335.3 329.2
52.9 58.8 66.8 71.3 82.8 94.6 106.1 117 123.6 129.5 129 143.1 161.1 170.5 179.9 189.1 198.4 209.1 218.7 229.4 237 245.6 252.6 258.4 260.1 265.5 273 274.8 293.3 304.9 312.4 318.8 324.5 332.1 340.7 350.6 355.2 363.3 370.4 378 387.7 396.4 400.4 405.4 411.6 418.5 428.9 445.1 455.3 463.6 477.2 487.3 497.6 510.9 519.8 526.7 536.8 545.1 548.6 547.7 543.6 542.6 535.3 526.7 518.4 510.8 502.7 491.1 476.1 454.9 433.3 432.3 422.5 412.1 402.8 393.7 384.9 375 363.8 352.7 343.8 335.5 327.3 321.2
54 59.3 68.9 74 83.8 99.6 112 121.2 126.7 129.1 131 146.7 162.5 173.8 185.2 194.4 203.3 211.2 223.7 234.7 244.6 253.8 261.2 266.7 269.7 272.6 277.7 283 288.6 303.3 311.1 317.3 324.6 333.1 342.9 348.8 351.4 358 367.9 376.5 383.6 388.6 394.7 400.7 406.6 415 425.8 440.3 453.3 467.7 479.6 490.7 501.1 506.5 510.5 515.8 524.6 541.6 544.9 536.9 525.7 518.4 508.5 503.6 499.4 494.9 491.8 480.7 466.9 449.5 429.9 416.1 410 402.3 393.6 385.6 378 366.7 354.9 345.4 335.9 326.9 319.3 313.4
55.6 60.1 68.6 72.2 87.3 102 118.6 121.7 128.9 129 134.4 150.6 166 179.3 189.8 198.9 208 217.3 230.4 240.7 252.3 262.8 269.4 272 278 282.8 283 289.4 293.4 297 306.4 315.3 322.7 330.9 340.6 346.4 349.9 352.9 362.5 375.9 381.1 383.8 389.6 395.8 400.3 409.3 419.4 433.2 446.9 464.2 483.3 493.6 500.5 506.5 509.1 511.4 509.8 518.8 520.8 518.3 505.2 494.4 491.5 484.7 478.9 476 474.1 463.4 452.9 441 425.7 410.5 398.1 389.2 384.3 375.2 366.3 355.2 345.8 336.7 327.3 318 310.3 304.4
58.2 63 69.8 77 90.3 104.2 114.7 121.5 119.3 130.9 139.4 149.7 165 179.5 194 203.7 213.8 226.9 239.9 248.5 258 270.9 277.5 277.5 285.3 291.8 294.4 293.5 296.8 300.6 299 312.2 319.8 328.1 337.8 342.5 344.4 348.7 357.2 368.1 376 379.6 384.5 391 400.9 408.5 419.1 430.1 440.8 461.3 478.9 492.7 501.7 505.1 504.3 501.8 490.8 491.9 495.4 486.9 475.8 469.8 467.6 465.5 461.8 460.1 456.1 449.1 442.3 433.2 421.7 406.9 392.3 375.4 373.8 363.1 353.7 343.7 336.3 327.6 318.1 309.8 303.1 298.2
59.4 66.4 74.2 81.5 89.9 103.6 108.7 112.6 121.1 134.9 143.9 155 168.1 183.9 193.2 207.3 219.5 234.4 247 257.7 259.4 268.6 275.6 282.8 291.1 296.3 300.7 301.3 299.3 306.3 309.9 308.3 317 325.7 334.4 337.6 341.6 344.5 350.3 357.3 366.1 373.2 379.9 391.1 403.6 411.8 421.6 432.5 443.2 459.2 472.6 488.1 494.3 499 492.9 484.4 473.6 468.7 458.6 454.9 449.6 445.6 442.6 442.7 444.8 443.4 439 435.4 431.7 425.9 415.2 404.2 390.9 373.8 360.5 351.5 342.2 333.7 326 317.5 309.5 302.8 296.1 292.3
60.1 68.9 74.1 80.5 89.4 94.9 103 114.1 122.6 130.9 147.7 160.5 172.8 183.6 192.7 205.1 218.9 233.9 250.2 264.2 268.7 271.2 277.4 285.9 292.9 298.3 307.6 309.8 307.6 310.9 316.6 312.8 318.1 324 331.7 336.3 338 339.9 344.8 351.9 359.9 369.3 376.2 387.8 401.8 414.2 419.2 428.2 437.9 449.8 459.8 475.7 480.4 484.1 478.4 466.5 451.8 442.8 437.1 432.9 427.9 423.4 419.2 421.1 423.6 425.1 422.7 422.2 421 417.7 408.1 397.7 387.6 372.3 355 342.4 332.9 323.7 315.7 309.2 302.2 294.9 289.4 286.9
63.8 70.3 76.2 83.2 89.5 94.8 100.6 117.1 122.5 136.2 150.8 166.9 178.5 189.2 195.9 208.7 221.8 231.3 247.6 265.5 271.2 273.3 283.5 292.7 297.5 301.9 311 316.5 317.3 316.6 321 321 319.5 325.4 331.2 333.3 334.8 338.5 342.6 348.7 354.7 363.5 375.7 386.6 400.6 409.8 416.2 421.6 428.5 437.5 445.9 457.6 468.5 470.2 466.9 448.9 431.9 423.8 418.8 416 411.8 405.1 402.1 403.9 405.5 404.9 407.5 409 408.4 408.2 400.6 391.3 380.9 367.6 351.6 336.6 320.8 313.6 306.4 298.5 294.5 287.6 281.5 280.6
62.4 71.7 76.3 85.9 95.5 101.7 105.5 111.3 125.7 138.7 153.9 168 180.2 185.9 192.2 206.2 221 233.8 244.9 260.5 272.3 279.1 289.6 295.4 298.4 306.1 314.1 320.8 320.2 319.8 319.9 321 319.8 324 329.1 330 333.2 335.5 338.4 342.1 349.2 357.7 371.4 387.2 396.8 405.1 409.3 414.8 419.9 424.1 430.7 442.4 450.7 452.7 452 434.8 416.7 405.8 403.1 402.6 395.7 389 386.8 388.3 385.7 385 388 393.6 396.6 396 396.6 388.2 371.4 358.7 346 331.7 318.7 305.3 294.1 288.5 287.1 280.3 272.9 272.2
58.8 70 76.9 87.2 95.9 99.2 107.7 119.6 127.6 135.6 153.7 164.7 175.9 183.3 189.1 202.6 220.3 234.6 248.2 256.4 269.5 284.4 291.9 298.7 303 307.9 314.8 320.7 322 321.7 322.4 326.1 324.9 326.3 328.8 330.3 330.8 332.7 335.6 339.7 346.6 356.2 366.5 380.6 393.5 398.7 402.9 406.2 410.6 413.4 416.3 420.4 426.2 429.3 429.4 415.7 403.6 393.8 388.8 386.8 380.4 373.6 371.9 371.8 368.8 367.4 368.7 374.1 380.5 384.2 384.6 375.8 363.4 350.1 340.4 329.8 316.7 302.8 292.4 275.2 274 270.7 264.9 262.7
50.7 60 70.9 85.4 90 97.6 112.3 121.4 130.5 137 149.2 160.1 170.9 183 192.3 204.1 219.3 233.8 248.1 260.1 269.1 279.1 290.5 303.9 309.5 312.8 318.2 322.9 324.9 326.2 327.8 331.6 331.3 328.4 329 329.8 330.1 331.8 335.1 339.6 345.9 355.3 366.9 376.9 390 392.6 395.1 398.2 402.5 406.1 409.2 409.2 410.7 412.9 411.6 402.9 391.1 381.6 371.1 368.2 363 358.7 355.2 355.7 356.2 352.9 354.6 359.2 364.1 370.5 372.2 373.1 363.3 349.4 334.6 325.4 313.1 300.8 287.9 276.7 255.2 259.3 255.1 251.4
40.8 57.9 60.8 79.8 88.3 101.1 115.6 128.2 130.2 137 150.1 158.1 170.8 185.1 193.9 205 216.2 230.1 246.7 261.8 272.5 284.5 294.6 300.6 309.6 315.6 322.3 327.2 327.7 328.4 332.1 336.3 338 335.2 330.7 330.9 331.1 333 336.5 339.7 342.3 355.4 367.8 376.6 386.4 389.5 387.9 391.3 396.5 399.4 409.4 404.6 398.5 399.1 396.1 387.6 377.6 367.4 358.4 350.9 345.7 344.3 342.6 341.4 341.9 340.1 343.6 347.4 350.4 352 355 355.8 348.9 343.7 329.3 317.2 306.8 294.3 281.7 269.8 248.6 243 246.2 241.8
49 58 60.7 77.3 91 104.4 116.3 127.9 134.3 139.7 149.5 162.5 172.5 184.6 195.1 208.6 217.9 230.4 246.3 258.4 270.1 282.9 294.1 302.4 310.8 317.2 321.4 329.2 329.3 330.6 335.4 339.3 339.8 339.5 335 333.5 333 335.5 339.2 342 347.8 355.6 366.5 373.6 378.8 379.9 382.1 386.6 394.5 399.4 398 396 388.3 385.3 380.5 372.1 363.2 353.7 345.3 336.4 329.1 328.9 327.1 325.3 325.2 326.4 329.3 333.2 333.5 335.6 336.2 333.9 330.8 328.5 321.3 307 296.5 287.3 275 264.1 251.5 231.8 230.3 231.2
53.3 58.8 61.9 78.3 89.9 101.8 113.1 124.8 134.4 141.1 149 158.2 173 186 197 207.1 217 231 245.4 258.7 273.4 282.7 293.9 303.2 311.7 321.7 326 330.1 329.1 332.3 336.6 339.2 340.3 341.4 341.3 338.5 336.1 338.6 341.7 351.1 354.8 355.1 362.6 372 377.6 379.1 379.2 382.3 389.3 394.9 393.4 385.9 378 375.2 368.9 361.2 350.3 342.2 334.3 327.7 319.3 311.2 314.9 311.7 312.9 314.8 315.7 317.9 317.8 321 320.9 316.6 317.1 316.4 307.7 297 286 276.3 266.6 261.3 249 231.7 212.1 219
50.8 55.5 66.7 79.4 87.3 98.9 111.1 123 133.8 141.2 148.5 157.9 170.4 186.4 199.7 206.7 219.7 231.3 242.9 254.7 266.6 277.3 290.1 300.2 313.7 328 330.9 332.9 334.7 336.8 339.2 340.6 343.3 345.5 348.4 343.9 338.9 339 343.9 351.8 359 360.1 362.8 369.4 374 377.3 378.2 377.7 383.5 382.9 377.6 371.3 370.4 371.6 361.3 348.5 339.4 332 324.6 319.5 315 297.8 297.1 298.6 300.7 302.7 305 304.8 305.8 307.9 305.4 305.6 307.6 309.5 299.4 289 277.8 267 257.8 252.9 245.8 232.6 207.3 206.1
49.9 51.5 67.1 77.9 91.6 98.3 110 121.5 133.8 142.2 151.3 157.8 170.5 187.1 200.7 208.1 218.4 228.3 238.8 251 261.2 272.3 286.3 296.4 308.9 325.4 332.1 336.4 338.9 340.4 339.5 344.8 347.6 350.7 355.8 353.4 346.3 339.3 343 350.3 360.4 367 369.4 369 370.7 374.5 377.9 375 374 370.4 367.4 362.7 360.3 357.2 346.8 336.9 329.9 321.7 313.9 307 301 289.6 281.6 286.6 288.9 288 289.9 290.8 292.9 293 289.5 288.8 290.9 293 289.4 280.9 269.5 257.9 251.7 245.2 238.5 218.9 199.1 188.5
47.4 57.2 67.2 78.3 89.4 99.1 105.8 118.1 128.1 137.7 148.9 157.9 169 183.4 199.5 208.1 214.7 223.6 234.1 246.9 256.2 264.1 280.8 294 303.7 320.7 329.2 333.6 339.4 340.3 343.8 348.8 352.8 357.7 365.4 365 355.6 349.7 350.4 356.9 363.4 371.1 372.9 371.2 371.9 375.2 376.5 373 370.7 370.8 363.6 357 351.2 346.1 336.8 327.9 320.1 313.5 304.5 298.5 290.7 283.2 269.6 266.9 271.7 272.6 274.2 275 277.2 279.8 280.3 279.4 281.4 277.6 275.9 270.4 258.8 251.6 248.5 239.3 224 201.7 186.5 174.4
47.2 58 68.2 72.8 84 94.3 104.8 112.6 122.4 133 146.2 156.8 169.5 176.8 189.5 200 209 218.2 227.4 238.9 250.1 256.5 273.3 286.3 300.5 318.9 330.7 333.7 339 340.8 347.3 353.8 360.7 363.5 370.1 369.7 363.4 361.8 358.2 363.8 371 378 380.7 377.2 376.9 378 377.4 376.5 371.2 366.9 359.3 349.5 343.1 337.9 327.9 319.2 310.9 302.5 296.7 290.5 284 276.8 267.8 252 249.2 254.3 257.5 259.2 264.5 269.8 271.9 270.4 270.3 263.3 256.5 249.5 247 237.4 226.2 214.1 197.4 184.9 171.8 161.7
41.4 52.6 61.5 67.1 77.4 87.8 97.8 107.3 115.9 123.2 137.9 152.2 163.4 173.3 180 191.6 203.5 212.6 221.7 233.2 244.6 253.4 264.8 282.2 300 317.6 329.2 335.4 343.8 350.7 356.4 362.6 368.7 369.3 369.3 371.5 377.6 377.9 370.5 375.5 376.6 388.4 382.1 381.9 382.4 386.1 386.7 382.4 375.6 364.4 352.8 341.3 334.2 328 318.7 309.7 302.2 295.9 289.7 282 275.2 268.2 259.7 247.5 233.8 233.1 238.6 244.4 250.1 256.6 257.7 256.8 254.7 245.8 236.3 229.5 222.9 213 202.2 194.3 181.4 169.8 161.1 153
38.9 48.6 56.2 62.6 69.4 81.1 91.6 99.6 111.8 116.1 127.5 143.2 154.4 164.1 171.9 184.9 198 206.9 216 227.1 238.2 249.5 259.4 275 294.5 313.8 329.6 342.4 352.5 359.8 369.2 372.1 371.1 370.6 374.2 385.2 395 397.3 383.2 384.6 385.1 384.5 384.3 384.9 389.5 393.6 399.8 393.9 376.8 361.2 352.2 346.7 333.5 320.8 309.3 300.7 296 290.8 284.4 275.7 266.5 259.1 251.3 240.1 229.4 216.8 216 227.2 233.6 239.6 239.7 236 234.7 227.7 218.1 209 199.7 195.7 188.3 183.4 170.8 160.8 152.4 145.5
39.2 44.6 51.5 57.9 62.9 73.6 84.2 90.8 103.7 115.6 124.7 134.4 145.6 158 167.2 176.3 188.3 200.1 209.7 220.6 231.9 244 256.5 269.7 288.4 308.4 327.9 345.2 360.1 362.5 371 375.5 382.2 388.6 394.7 402.5 409.1 408 391.9 390.4 391.3 390.4 389.7 391.9 396.3 397.8 399.4 395.1 382.5 366.6 353.7 345.1 335.1 323.4 310.6 299.8 292.7 285.3 277.2 267 258.2 250.8 243.4 233.4 224.1 214.6 197.6 204.3 212.8 218.4 220.3 220.1 214.1 210.9 202.8 195.9 188.1 183 176.2 169.5 157.8 150.4 142.9 137.1
37.5 41.1 41.3 50 58.5 60.7 76.1 86.4 95.2 106.3 116.7 123.5 137.7 151.1 159.3 167.3 180.1 189.3 202.7 213.9 225.5 236.9 252.3 265.5 283.4 303.8 322.9 342.1 351.5 359.1 372.8 385.3 397.6 406.3 412.7 415.6 417.1 413.9 399.7 394.7 395.1 393.1 391.3 399.1 401.7 393.6 393.6 393.9 388.7 368.9 352.1 341.3 332.8 325.3 311.4 297.7 289.6 282.2 268.3 258.4 249.9 242.5 235.9 229.1 219.8 210 197.4 180.5 189 198 199.4 201.3 199.9 194.7 187.3 182.6 177.2 170 161.2 152.5 144.2 138.6 133.4 127.5
32.3 35.8 36.7 44.5 51.7 54.6 66.3 78.4 89.8 102.3 111.1 117.9 129.7 141 149.8 159.3 172.2 181.7 192.1 207.5 218.1 230.2 245.4 261 279.3 298 320.7 336.8 350.8 363 377.5 396.6 412.9 419.8 422.6 424.2 423.2 416.6 406.4 401.8 398.9 397.7 398.7 401.5 401.4 393.6 405.9 404 389.2 366.5 350 340.3 329.3 321.9 311.5 296.7 287.9 279.4 268.1 254.4 244 237.1 229.5 220.7 213.6 202.8 194.3 181.9 172.3 180.6 184.9 190.4 189.8 179.3 171.3 165.3 162.1 157.3 147.1 139.6 132.8 126.6 123.3 120
30.2 30.1 30.7 37.6 45.9 51.7 57.7 70.1 82.2 94.3 105.4 113.6 121.6 129.3 138.2 149.3 162.5 174.4 186.7 203.6 215.3 228.5 242.7 257.3 274.1 293.1 318.1 340.9 352.9 366 382.7 401.2 415.7 419.8 424 429.2 428.4 421.9 415.8 407 399.4 398.5 401.3 407.6 400.6 400.5 406 399 380.6 362.1 348.1 339.6 330.9 321.2 308.6 295.1 284 274.4 265 253.9 242.9 235.6 236.5 232.1 228.4 208.8 192.1 178.9 162.8 163.3 172.8 175.2 171.3 162.1 154.7 148.5 148.3 143.6 136.9 129.3 122.3 116.9 116.8 114.4
26.3 26 28.2 32.1 39.7 46.4 54.3 62.1 71.5 84.7 96.3 107.9 110.5 117.3 129.6 140.7 150.8 166.3 183.3 199.9 215 227.5 240.2 258 280.2 296.5 309.8 337.9 355.3 364.9 377.6 392.8 403.3 413.3 420.6 424 430.4 426.3 417.3 412.1 404.8 402.3 405.4 408.1 403.7 399.1 400.4 395.8 377.8 358.6 348.2 341.4 334.8 324.5 310.5 293.3 281.2 273.2 266.7 258.9 249.1 236.2 232.3 230.3 219 207.3 190.7 175.1 160.3 141.7 158.3 157.7 152 146.1 140.3 138.3 135.6 130.9 125.7 118.9 112.8 113.5 111.9 108.3
20.3 22.5 25 28.3 33.7 41 48.6 55.6 62.8 74.3 90.2 101.9 100.2 107.7 119 134.4 151.2 164.6 181.5 196.7 211.3 229.5 243.3 260.4 281.6 301.2 312.9 326.2 347.4 356.9 364.7 377.4 391.9 404.3 413.6 423 430.8 425.4 417.3 415.5 410.6 407.9 409.3 410.6 409.6 400.5 391.4 386.5 368.9 353.1 342.9 337.7 331.5 326.6 317.8 304.4 290.6 278 274 270.9 253.9 235.7 229.3 224.5 211.6 199.1 184.9 171.2 156 140.5 142.1 140.3 134.8 130.6 126.6 125.9 122 117.9 114.8 112.8 106.2 105.4 102.5 101.3
15.8 18.8 21.2 23.9 29.6 36.9 42.5 49.3 58.5 70.1 82.3 89.3 97 108 117.8 131.8 145.7 164.3 185.6 203.8 212.7 226.1 242.7 260.4 277.8 297.2 313.8 318.2 334.2 349.1 356.8 364.7 376.4 390.3 403.5 415.3 429.2 427.7 419.8 417.5 414 410.4 409.7 409.4 409.6 401.9 385.8 369.9 358.5 348.8 340 335 331.1 329.2 320.2 313 303.7 298 284.3 270.1 254.5 235.6 225.1 214.9 201.6 188.4 175.3 161.8 150.8 136.3 123.8 125 121.4 116.9 113.4 111.1 108.3 106.3 104.7 101.1 95.5 90.8 91.8 99.7
13 16.2 17.9 22.4 28.4 32.2 38.6 46.2 52.8 59.8 69.7 79.9 90 103.4 118.1 128.1 139.6 160 179.1 199.7 223.5 230.5 242.3 261.4 276.6 291.6 303.8 313.4 321.1 336.1 348.6 356.4 364.6 378.9 395.9 408.9 425.8 431.2 418.5 412.6 415.9 410.4 406.2 402.5 401.8 389.7 373.9 361.7 350.1 338.9 332.1 328.5 330 326.3 320.7 319.9 310.6 302.6 286.5 267.3 256.8 234 214.6 199 186.6 174.6 165.2 152.7 143 132.3 115.2 113.1 109.8 105.9 102.9 100.5 95.4 94.1 92.7 87.6 81.8 82 91.7 99.9
10.4 13.1 15.4 20.8 25.6 28.7 33.3 39.8 45.3 48.9 56.9 72.5 85.9 99.3 114.8 126.8 142.7 158 181.2 210.6 238.3 248.4 250.2 254.8 271.2 281.1 293 305.6 317.6 328.5 338.8 347.2 354.8 368.9 385.4 396.9 407 414.8 409.3 410.9 408 409.5 403.8 396.6 390.1 378.2 362.9 355.3 341.5 330.5 320.9 313.2 324.8 321.8 313.8 312.3 305.7 292.3 275.6 253.5 233.2 218.4 203.9 190 179.9 170.5 161.4 147.9 139.3 126.4 109.6 98.8 99.2 95.3 93.8 91.4 85 81.8 80.5 75.8 73.2 78.7 87.7 96
8.8 9.7 13.4 18.5 22.9 25.9 27.4 33.8 40.1 44.4 51.5 64.2 77.6 87.7 103.9 125.3 143.1 165.1 188.5 214.1 247.6 263.1 264.7 263 271.4 282.1 292.8 302.8 317.3 322.4 328.2 337.4 344.7 357.4 372 385.1 396.9 396.5 395.2 400.5 391.5 389.7 395.2 386.5 373.7 368.3 351.3 344.1 330.3 320.2 312.1 302.7 305 299.9 298.1 290.6 282.3 269.5 254.4 238.1 224.1 209.4 195.6 182.1 172.8 166.1 156 144.3 134.7 116 96.7 86.8 88.9 86.9 85.6 81.3 76 70.3 66.7 63.4 66.4 75.3 83.4 91.6
