data/170000-820000.asc
ncols 200
nrows 200
xllcorner 170000
yllcorner 820000
cellsize 50
[rows 72 to 107 of 200, columns 83 to 165 of 200]
28.6 28.4 28.2 27.6 24.7 20.4 15.7 -1.9 -1.9 -1.9 8 9.3 9.5 8.6 7.8 7 6.1 5.3 4.9 4.1 3.9 3.3 2.6 2.8 1.5 -1.9 -1.9 -1.9 -1.9 -1.9 -1.9 1.4 -1.9 -1.9 -1.9 -1.9 -1.9 -1.9 -1.9 -1.9 -1.9 -1.9 -1.9 -1.9 -1.9 -1.9 -1.9 -1.9 -1.9 -1.9 -1.9 -1.9 -1.9 -1.9 -1.9 -1.9 -1.9 -1.9 -1.9 -1.9 -1.9 -1.9 -1.9 -1.9 -1.9 -1.9 -1.9 -1.9 -1.9 -1.9 -1.9 -1.9 -1.9 -1.9 -1.9 -1.9 -1.9 -1.9 -1.9 -1.9 -1.9 -1.9 -1.9
29.8 29.6 28.8 28.2 24.5 19.6 14.2 -1.9 -1.9 -1.9 8.6 9.2 9.5 8.2 7.7 7.2 5.1 -1.9 -1.9 -1.9 -1.9 -1.9 -1.9 -1.9 -1.9 -1.9 -1.9 7.1 9.1 -1.9 1.1 2.6 6.5 11.5 15.2 9.9 4.5 -1.9 -1.9 -1.9 -1.9 -1.9 -1.9 -1.9 -1.9 -1.9 -1.9 -1.9 -1.9 -1.9 -1.9 -1.9 -1.9 -1.9 -1.9 -1.9 -1.9 -1.9 -1.9 -1.9 -1.9 -1.9 -1.9 -1.9 -1.9 -1.9 -1.9 -1.9 -1.9 -1.9 -1.9 -1.9 -1.9 -1.9 -1.9 -1.9 -1.9 -1.9 -1.9 -1.9 -1.9 -1.9 -1.9
45.5 39.1 29.8 27.7 24.5 18.7 10.7 -1.9 -1.9 6.4 7.4 9 9.4 7.9 5.6 -1.9 -1.9 -1.9 -1.9 -1.9 -1.9 -1.9 -1.9 -1.9 5.7 8 14.9 20.6 16.6 6.7 2.6 2.6 18.4 12.5 16.1 18.3 14.7 -1.9 -1.9 -1.9 -1.9 -1.9 -1.9 -1.9 -1.9 -1.9 -1.9 -1.9 -1.9 -1.9 -1.9 -1.9 -1.9 -1.9 -1.9 -1.9 -1.9 -1.9 -1.9 -1.9 -1.9 -1.9 -1.9 -1.9 -1.9 -1.9 -1.9 -1.9 -1.9 -1.9 -1.9 -1.9 -1.9 -1.9 -1.9 -1.9 -1.9 -1.9 -1.9 -1.9 -1.9 -1.9 -1.9
46.8 41.4 29.7 26.4 22.8 16.6 4.4 -1.9 2.2 6.8 6.3 7.3 7 3.1 -1.9 -1.9 -1.9 18.3 18.2 18.3 19.9 16.6 13 17.3 21.8 25.8 32.6 31.7 22.3 8.4 8.2 10.8 16.5 17.5 15.7 15.3 13.8 -1.9 -1.9 -1.9 -1.9 -1.9 -1.9 -0.7 -1.9 -1.9 -1.9 -1.9 -1.9 -1.9 -1.9 -1.9 -1.9 -1.9 -1.9 -1.9 -1.9 -1.9 -1.9 -1.9 -1.9 -1.9 -1.9 -1.9 -1.9 -1.9 -1.9 -1.9 -1.9 -1.9 -1.9 -1.9 -1.9 -1.9 -1.9 -1.9 -1.9 -1.9 -1.9 -1.9 -1.9 -1.9 -1.9
50.5 41.4 28.1 25.2 21.4 13.8 2.9 -1.9 -1.9 -1.9 -1.9 -1.9 -1.9 -1.9 -1.9 18.4 23.2 27 26.4 27 25.6 23 23 33.4 39.9 42.8 50.5 39.1 25.5 15.1 14 14.9 20.2 22.2 21.9 13.6 6.4 -1.9 -1.9 -1.9 -1.9 -1.9 6.2 9.3 -1.9 -1.9 -1.9 -1.9 -1.9 -1.9 -1.9 -1.9 -1.9 -1.9 -1.9 -1.9 -1.9 -1.9 -1.9 -1.9 -1.9 -1.9 -1.9 -1.9 -1.9 -1.9 -1.9 -1.9 -1.9 -1.9 -1.9 -1.9 -1.9 -1.9 -1.9 -1.9 -1.9 -1.9 -1.9 -1.9 -1.9 -1.9 -1.9
49.7 40.7 28.6 24.6 20.3 10 3.3 -1.9 -1.9 -1.9 -1.9 -1.9 -1.9 15.4 19.9 24 24.8 28.1 30.9 31.2 29.8 28.9 38.9 46.3 50.3 60.2 57.8 41.6 28.2 20.3 20 20.2 23.5 25.4 23.2 14 13.6 3.7 -1.9 -1.9 -1.9 -1.9 14 9.1 -1.9 -1.9 -1.9 -1.9 -1.9 -1.9 -1.9 -1.9 -1.9 -1.9 -1.9 -1.9 -1.9 -1.9 -1.9 -1.9 -1.9 -1.9 -1.9 -1.9 -1.9 -1.9 -1.9 -1.9 -1.9 -1.9 -1.9 -1.9 -1.9 -1.9 -1.9 -1.9 -1.9 -1.9 -1.9 -1.9 -1.9 -1.9 -1.9
50.6 39.4 29.5 24.3 18.5 10.3 4.6 2.5 0.3 1.7 4.1 10.6 13.7 20 24.6 24.1 25.9 28.2 29.7 30.6 29.5 38.6 49.2 55 58.2 61.4 53 40.2 27.7 25.4 24.7 26.6 31.1 30.2 19.2 18.3 14.9 14.4 -1.9 -1.9 -1.9 8.1 9.6 -1.9 -1.9 -1.9 -1.9 -1.9 -1.9 -1.9 -1.9 -1.9 -1.9 -1.9 -1.9 -1.9 -1.9 -1.9 -1.9 -1.9 -1.9 -1.9 -1.9 -1.9 -1.9 -1.9 -1.9 -1.9 -1.9 -1.9 -1.9 -1.9 -1.9 -1.9 -1.9 -1.9 -1.9 -1.9 -1.9 -1.9 -1.9 -1.9 -1.9
50.6 41.1 32.2 24.7 19.4 14.1 6.8 7.1 7.8 9.2 15.6 20.8 21.4 24.5 23.2 23.9 24.9 25.6 26.4 28.6 37.7 43.6 53.6 60.7 65 58.6 48.2 36.9 31.4 34.1 29.1 30.6 26.8 20.2 18.6 19.3 20 15.7 8.3 2.6 2.6 6 -1.9 -1.9 -1.9 -1.9 -1.9 -1.9 -1.9 -1.9 -1.9 -1.9 -1.9 -1.9 -1.9 -1.9 -1.9 -1.9 -1.9 -1.9 -1.9 -1.9 -1.9 -1.9 -1.9 -1.9 -1.9 -1.9 -1.9 -1.9 -1.9 -1.9 -1.9 -1.9 -1.9 -1.9 -1.9 -1.9 -1.9 -1.9 -1.9 -1.9 -1.9
52 43 34 25.5 18.6 14.4 14.6 15.1 16.7 20.1 23.7 27.5 29 25.3 24.1 24.6 24.7 24.9 27 31.3 38 40.4 50.5 54.1 52.6 46.6 40.2 34.9 34.6 32.8 29.3 23.4 20.4 19.6 18.8 19.2 16.5 5.8 2.6 2.6 0.1 -1.9 -1.9 -1.9 -1.9 -1.9 -1.9 -1.9 -1.9 -1.9 -1.9 -1.9 -1.9 -1.9 -1.9 -1.9 -1.9 -1.9 -1.9 -1.9 -1.9 -1.9 -1.9 -1.9 -1.9 -1.9 -1.9 -1.9 -1.9 -1.9 -1.9 -1.9 -1.9 -1.9 -1.9 -1.9 -1.9 -1.9 -1.9 -1.9 -1.9 -1.9 -1.9
54.5 45.6 36.6 27 22.3 19.9 23 22.8 24.1 31.1 34.5 36.9 34.8 32.4 31.8 28.9 28 27.8 29.8 35 38.6 41.7 40.9 41.1 40.6 40.1 38.6 38.3 40 40.2 32.9 22.9 20.4 19.5 20.3 21.5 15.8 5.2 10.6 0.6 -1.9 -1.9 -1.9 -1.9 -1.9 -1.9 -1.9 -1.9 -1.9 -1.9 -1.9 -1.9 -1.9 -1.9 -1.9 -1.9 -1.9 -1.9 -1.9 -1.9 -1.9 -1.9 -1.9 -1.9 -1.9 -1.9 -1.9 -1.9 -1.9 -1.9 -1.9 -1.9 -1.9 -1.9 -1.9 -1.9 -1.9 -1.9 -1.9 -1.9 -1.9 -1.9 -1.9
58.9 48.9 39.1 29 23.1 23.6 28.4 32.3 35 45.7 50.2 46.3 44.1 43.3 38.5 34.3 32.6 32.4 33.2 37.9 39.6 43.8 40.4 40 39.8 40.5 43.7 48.2 47.1 42.7 33.2 25.1 20.8 19.6 18.5 16.3 14 18.5 11.3 -1.9 -1.9 -1.9 -1.9 -1.9 -1.9 -1.9 -1.9 -1.9 -1.9 -1.9 -1.9 -1.9 -1.9 -1.9 -1.9 -1.9 -1.9 -1.9 -1.9 -1.9 -1.9 -1.9 -1.9 -1.9 -1.9 -1.9 -1.9 -1.9 -1.9 -1.9 -1.9 -1.9 -1.9 -1.9 -1.9 -1.9 -1.9 -1.9 -1.9 -1.9 -1.9 -1.9 -1.9
65.5 47.9 36.2 30 29.5 33.3 40 45.9 56.8 57.2 56.2 52.4 51.4 48.5 44.3 37.5 36.3 36 38.3 39.8 39.2 42.2 40.2 39.9 40.3 43.2 51.9 57.4 52.8 42.6 30.9 26.2 21.2 18.8 17.6 16.4 21.4 23.9 -1.9 -1.9 -1.9 -1.9 -1.9 -1.9 -1.9 -1.9 -1.9 -1.9 -1.9 -1.9 -1.9 -1.9 -1.9 -1.9 -1.9 -1.9 -1.9 -1.9 -1.9 -1.9 -1.9 -1.9 -1.9 -1.9 -1.9 -1.9 -1.9 -1.9 -1.9 -1.9 -1.9 -1.9 -1.9 -1.9 -1.9 -1.9 -1.9 -1.9 -1.9 -1.9 -1.9 -1.9 -1.9
58.9 47 38.3 38.4 41.2 42.8 49.6 57.2 63.9 61.2 57.8 59.3 57.9 51.9 45.9 40.1 40.8 39.7 39.9 41.8 40.1 39.7 39.7 40.1 41 45.7 56.6 64.4 59.8 39.3 32.4 27.3 20.7 17 17.6 21.5 21.4 -1.9 -1.9 -1.9 -1.9 -1.9 -1.9 -1.9 -1.9 -1.9 -1.9 -1.9 -1.9 -1.9 -1.9 -1.9 -1.9 -1.9 -1.9 -1.9 -1.9 -1.9 -1.9 -1.9 -1.9 -1.9 -1.9 -1.9 -1.9 -1.9 -1.9 -1.9 -1.9 -1.9 -1.9 -1.9 -1.9 -1.9 -1.9 -1.9 -1.9 -1.9 -1.9 -1.9 -1.9 -1.9 -1.9
56.2 49.5 48.6 49.7 51.5 53.5 60.5 68.4 68.9 61.7 61.5 62.1 61.1 54.9 49.2 43 42.7 41.8 41.6 42.7 42 39.3 39.1 40.1 41.7 46.7 58.7 65.7 52.7 41.3 38.1 29.3 16.3 12.8 24.3 21.3 -1.9 -1.9 -1.9 -1.9 -1.9 -1.9 -1.9 -1.9 -1.9 -1.9 -1.9 -1.9 -1.9 -1.9 -1.9 -1.9 -1.9 -1.9 -1.9 -1.9 -1.9 -1.9 -1.9 -1.9 -1.9 -1.9 -1.9 -1.9 -1.9 -1.9 -1.9 -1.9 -1.9 -1.9 -1.9 -1.9 -1.9 -1.9 -1.9 -1.9 -1.9 -1.9 -1.9 -1.9 -1.9 -1.9 -1.9
57.9 54.8 56.7 59.5 57 63.3 67.9 70.7 70 66.9 71.1 67.2 59.6 54.9 50 45.6 45.9 43.9 42.4 40.8 39.9 38.8 38 38 38.6 44.2 56.1 57.6 53.6 50.5 40.1 22.4 -1.9 -1.9 -1.9 -1.9 -1.9 -1.9 -1.9 -1.9 -1.9 -1.9 -1.9 -1.9 -1.9 -1.9 -1.9 -1.9 -1.9 -1.9 -1.9 -1.9 -1.9 -1.9 -1.9 -1.9 -1.9 -1.9 -1.9 -1.9 -1.9 -1.9 -1.9 -1.9 -1.9 -1.9 -1.9 -1.9 -1.9 -1.9 -1.9 -1.9 -1.9 -1.9 -1.9 -1.9 -1.9 -1.9 -1.9 -1.9 -1.9 -1.9 -1.9
61.3 60.4 60.3 60.4 61.7 68.7 71.5 72.4 71.5 71.1 71.1 63.6 56.5 53.1 49.2 47.4 45.6 44.5 43.2 41.3 37.3 35.9 34.6 37.1 32.1 39.9 54.1 62.7 61.5 50 32.6 -1.9 -1.9 -1.9 -1.9 -1.9 -1.9 -1.9 -1.9 -1.9 -1.9 -1.9 -1.9 -1.9 -1.9 -1.9 -1.9 -1.9 -1.9 -1.9 -1.9 -1.9 -1.9 -1.9 -1.9 -1.9 -1.9 -1.9 -1.9 -1.9 -1.9 -1.9 -1.9 -1.9 -1.9 -1.9 -1.9 -1.9 -1.9 -1.9 -1.9 -1.9 -1.9 -1.9 -1.9 -1.9 -1.9 -1.9 -1.9 -1.9 -1.9 -1.9 -1.9
62.2 63 62.9 64 68.7 72.9 74 74.4 73.9 72.5 66.7 58.5 52.8 50.6 49.6 48.7 47 48 46.3 41.9 33.4 31 30.6 30.7 21.5 27 41.3 45.7 38.3 -1.9 -1.9 -1.9 -1.9 -1.9 -1.9 -1.9 -1.9 -1.9 -1.9 -1.9 -1.9 -1.9 -1.9 -1.9 -1.9 -1.9 -1.9 -1.9 -1.9 -1.9 -1.9 -1.9 -1.9 -1.9 -1.9 -1.9 -1.9 -1.9 -1.9 -1.9 -1.9 -1.9 -1.9 -1.9 -1.9 -1.9 -1.9 -1.9 -1.9 -1.9 -1.9 -1.9 -1.9 -1.9 -1.9 -1.9 -1.9 -1.9 -1.9 -1.9 -1.9 -1.9 -1.9
63.3 63.9 66.6 75.3 82.2 81.8 77 77.8 80.2 74.6 64.1 56.9 50.8 50.7 50.6 49.8 51.2 53.4 48.3 42.4 30.6 27.7 27.7 18.2 -1.9 -1.9 -1.9 -1.9 -1.9 -1.9 -1.9 -1.9 -1.9 -1.9 -1.9 -1.9 -1.9 -1.9 -1.9 -1.9 -1.9 -1.9 -1.9 -1.9 -1.9 -1.9 -1.9 -1.9 -1.9 -1.9 -1.9 -1.9 -1.9 -1.9 -1.9 -1.9 -1.9 -1.9 -1.9 -1.9 -1.9 -1.9 -1.9 -1.9 -1.9 -1.9 -1.9 -1.9 -1.9 -1.9 -1.9 -1.9 -1.9 -1.9 -1.9 -1.9 -1.9 -1.9 -1.9 -1.9 -1.9 -1.9 -1.9
66.8 71.4 77 87.1 93.2 94 86.3 86.1 84.9 77.2 65.2 56.5 51.6 51.4 52.3 51.8 54.9 53.5 48.3 40.4 31.5 24.3 10.1 -1.9 -1.9 -1.9 -1.9 -1.9 -1.9 -1.9 -1.9 -1.9 -1.9 -1.9 -1.9 -1.9 -1.9 -1.9 -1.9 -1.9 -1.9 -1.9 -1.9 -1.9 -1.9 -1.9 -1.9 -1.9 -1.9 -1.9 -1.9 -1.9 -1.9 -1.9 -1.9 -1.9 -1.9 -1.9 -1.9 -1.9 -1.9 -1.9 -1.9 -1.9 -1.9 -1.9 -1.9 -1.9 -1.9 -1.9 -1.9 -1.9 -1.9 -1.9 -1.9 -1.9 -1.9 -1.9 -1.9 -1.9 -1.9 -1.9 -1.9
80.6 80.2 86.6 88.9 96.3 99.2 95 90.4 84.1 74.7 64.4 58.2 54.9 56 55.5 55.9 56.4 52.7 48.8 44.4 30.2 -1.9 -1.9 -1.9 -1.9 -1.9 -1.9 -1.9 -1.9 -1.9 -1.9 -1.9 -1.9 -1.9 -1.9 -1.9 -1.9 -1.9 -1.9 -1.9 -1.9 -1.9 -1.9 -1.9 -1.9 -1.9 -1.9 -1.9 -1.9 -1.9 -1.9 -1.9 -1.9 -1.9 -1.9 -1.9 -1.9 -1.9 -1.9 -1.9 -1.9 -1.9 -1.9 -1.9 -1.9 -1.9 -1.9 -1.9 -1.9 -1.9 -1.9 -1.9 -1.9 -1.9 -1.9 -1.9 -1.9 -1.9 -1.9 -1.9 -1.9 -1.9 -1.9
92.2 92.9 93.6 94.3 96.2 96.4 92.8 87.3 81 73.7 65.7 60.6 58.1 58 60.5 64 64.6 56.7 49.4 38.6 -1.9 -1.9 -1.9 -1.9 -1.9 -1.9 -1.9 -1.9 -1.9 -1.9 -1.9 -1.9 -1.9 -1.9 -1.9 -1.9 -1.9 -1.9 -1.9 -1.9 -1.9 -1.9 -1.9 -1.9 -1.9 -1.9 -1.9 -1.9 -1.9 -1.9 -1.9 -1.9 -1.9 -1.9 -1.9 -1.9 -1.9 -1.9 -1.9 -1.9 -1.9 -1.9 -1.9 -1.9 -1.9 -1.9 -1.9 -1.9 -1.9 -1.9 -1.9 -1.9 -1.9 -1.9 -1.9 -1.9 -1.9 -1.9 -1.9 -1.9 -1.9 -1.9 -1.9
96.5 99.1 97.8 102.3 100.1 95.3 89.3 83.4 78.3 72.8 68 64.4 61 59 62.4 62.3 56.4 54.1 44.6 -1.9 -1.9 -1.9 -1.9 -1.9 -1.9 -1.9 -1.9 -1.9 -1.9 -1.9 -1.9 -1.9 -1.9 -1.9 -1.9 -1.9 -1.9 -1.9 -1.9 -1.9 -1.9 -1.9 -1.9 -1.9 -1.9 -1.9 -1.9 -1.9 -1.9 -1.9 -1.9 -1.9 -1.9 -1.9 -1.9 -1.9 -1.9 -1.9 -1.9 -1.9 -1.9 -1.9 -1.9 -1.9 -1.9 -1.9 -1.9 -1.9 -1.9 -1.9 -1.9 -1.9 -1.9 -1.9 -1.9 -1.9 -1.9 -1.9 -1.9 -1.9 -1.9 -2 -1.9
97.9 100.4 100.9 102.7 99.1 91.7 85.5 79.6 76 73.4 67.6 61.7 56.7 53.9 56.1 54.5 53.2 43.5 25.1 -1.9 -1.9 -1.9 -1.9 -1.9 -1.9 -1.9 -1.9 -1.9 -1.9 -1.9 -1.9 -1.9 -1.9 -1.9 -1.9 -1.9 -1.9 -1.9 -1.9 -1.9 -1.9 -1.9 -1.9 -1.9 -1.9 -1.9 -1.9 -1.9 -1.9 -1.9 -1.9 -1.9 -1.9 -1.9 -1.9 -1.9 -1.9 -1.9 -1.9 -1.9 -1.9 -1.9 -1.9 -1.9 0 0.5 0.4 -1.9 -1.9 -1.9 -1.9 -1.9 -1.9 -1.9 -1.9 -1.9 -1.9 -1.9 23.2 15.5 11.2 1.8 8.4
100.7 101 99 97.5 91.4 87.5 81.2 74.8 73.9 69.3 58.4 49.4 45.9 46.1 49.2 40.2 32.2 -1.9 -0.8 -1.9 -1.9 -1.9 -1.9 -1.9 -1.9 -1.9 -1.9 -1.9 -1.9 -1.9 -1.9 -1.9 -1.9 -1.9 -1.9 -1.9 -1.9 -1.9 -1.9 -1.9 -0.2 -0.6 -1.9 -1.9 -1.9 -1.9 -1.9 -1.9 -1.9 -1.9 -1.9 -1.9 -1.9 -1.9 -1.9 -1.9 3.5 6.6 4 3.1 2.6 8.2 8.7 6.3 4.6 2.6 3.2 1.9 -1.9 -1.9 -1.9 -1.9 -1.9 -1.9 -1.9 26.9 43.6 50 41 55.8 40.8 30.5 34.6
96.7 92.7 90.8 87.2 79.7 72.3 67.7 62.1 55.2 52.7 46.1 35.9 22.7 23.3 17.8 5.8 -1.9 -1.9 -1 -1.9 -1.9 -1.9 -1.9 -1.9 -1.9 -1.9 -1.9 -1.9 -1.9 -1.9 -1.9 -1.9 -1.9 -1.9 -1.9 -1.9 -1.9 -1.9 -1.9 1.3 2.7 1.6 2.1 1 1.3 2.2 -1.9 -1.9 -1.9 5 20.2 37.2 30.8 11 7.1 15.6 22.8 22.4 24 24.4 29.9 32.9 24.4 20.1 14.8 14.2 11.6 11 5.1 1.3 -1.9 -1.9 5.6 24.7 44.2 62.5 68.1 77.5 79 71.2 43.8 50.8 43.8
84.9 77.6 73.6 66.5 57.8 53.9 49.5 43.5 41.9 33.7 24.9 8.4 7.8 7.9 3.1 1.9 2.6 2.6 0.6 -1.9 -1.9 -1.9 -1.9 -1.9 -1.9 -1.9 -1.9 -1.9 -1.9 -1.9 -1.9 -1.9 -1.9 -1.9 -1.9 -1.9 -1.9 -1.9 6.4 19.7 15 7.1 7.9 8.2 7.7 8.3 14.5 23.3 23.6 26.3 46.8 51.5 46.2 33.3 29.6 29.5 33.6 38.6 42.5 47.3 53.7 46.7 39 32.2 33.6 29.8 29.5 31.7 32.2 26.8 20.7 35.1 50.1 61.1 74.2 85.9 96.4 99.6 94.1 73 69.4 63.3 53.9
61.5 53.1 46.2 41.7 34 35 31.3 24.8 20.4 16.4 10.7 8.6 8.5 9.4 9 10.5 8.4 5.1 4.3 1.5 -1.9 -1.9 -1.9 -1.9 -1.9 -1.9 -1.9 -1.9 5.7 12.9 6.3 3.3 2.1 1.2 1.9 11 7.7 19.7 43.4 53.7 40.5 18.7 23.7 25.2 24.3 23.1 28.8 37.3 33.7 40.9 53.8 56.2 55.3 48.5 43.6 42.9 51.8 56.6 64.5 68.1 66.2 61.8 60.5 58.4 46.8 43.3 44.4 49.3 53.1 59.3 64.7 73.8 78.3 88.4 103.3 112.9 122.4 115.5 95.9 82.2 80.6 72.4 71.9
38.9 35.4 29.5 27.9 28.3 28.8 21.2 20.6 20.3 15 15.6 19 25.3 29.2 28.1 31.3 33.2 28.1 19.3 12.4 11.1 11.6 5.7 11.7 7.5 8.7 19.7 24 26.7 28.8 27.9 24.4 24.5 18.1 25.9 35.1 46 58.2 69.6 60.6 37.7 32.4 46.7 40.7 38.4 34.6 44 43.3 44.7 50.9 57.2 60.1 60.8 62.2 61.5 63.2 68.4 76 86.3 95.3 102.9 88.1 79.5 78.3 80.3 68.6 57.1 66.3 75.5 87 98.9 111.2 116.2 114.8 117.7 137.1 139.9 127 96.2 100.7 97 84.9 80.9
34.5 31.1 29.6 28.5 30 34.6 31.2 31.8 36.8 35.2 37.6 47.8 53.5 55.2 56.2 62.7 62.5 52 41.5 31.2 35.8 37.3 41.3 55.3 43.3 35.4 42.2 45.6 41.7 42.5 46 40.2 36.8 36.9 48.5 62.1 76.4 88.9 81.5 67 61.3 63.9 61.8 56.1 52.9 48.3 51.2 50.1 55.6 61.7 63.9 66.7 74 78.9 76.6 79.6 87.8 96.9 106 120.6 120.4 110.1 97.1 102.1 102.4 90.6 62.3 81.5 101.3 113.3 131.7 142.6 141.3 146.4 155.2 147.3 140.5 121.4 117.4 114.7 108.5 101.1 94.5
40.4 40.2 34.9 32.5 35.6 38.9 45.6 50.8 58.1 63.9 64.2 67.5 70.8 73.6 77.7 88.5 85.9 73.6 64 52.3 58.8 70.6 70.6 95.3 81.6 72.4 74.6 72.9 61.1 61.3 65.9 56 52.4 57 70.1 82.8 98.4 103.9 89.4 65.7 76.3 74.1 72.8 67.8 63.2 59.4 58.3 60.6 68.1 71.8 72 77.6 84.3 88.3 88.1 97 108.7 118.3 127.1 142.6 134.1 124.7 125.3 137.8 141.1 113.4 78.3 101.3 116.4 134.3 154.9 160.2 166.6 170 162.6 149.4 140.1 134.4 132.1 136.5 134.7 131.6 123.5
39.5 40.3 40.2 40.3 44.2 49.8 57.9 70.1 77.8 82.6 87 88.5 91.2 93.7 99.5 103.8 97.4 87.3 80.4 80 87 105.5 101 112.1 113.4 107.8 99.5 89.8 84.2 93.5 87.3 74.3 69.2 76.6 91.1 101.8 112.6 112.1 86.1 94.6 88.5 84.8 83.7 78 73.7 72.6 72.4 76.9 84.8 88.1 88.8 94 100.6 107.9 106.8 115.4 130.1 137 152 160.8 155.4 148.6 149.4 158.1 160.1 134.1 98.9 120.7 140.8 155.7 169.7 175.2 180.3 178.9 167.2 157.6 156.7 161.8 173.7 177.1 169.8 168.3 155.6
47.3 52.4 52.5 53.8 59.1 64.7 71.9 79.4 87.7 98 106.2 110.2 111.8 113.2 118.4 118.9 111 103.5 96 109.5 114.1 115.7 117.9 127 127.7 120.3 113 102.5 101.8 109.1 102.8 86.8 85.6 102.6 106.9 118.2 128.9 124 104.9 106.1 101.1 98.1 95.9 91.5 87.2 89 96 96.3 100.2 106.8 109.5 115.3 123.2 123.7 126 141 154.9 157.2 165.7 173.7 175.6 170.7 165.4 176.5 178.5 141.1 131.6 147.3 163.5 168.9 176.1 189.6 194.8 185.5 182.1 186.7 192.8 207.5 215.2 206.2 197.5 191.8 183.4
60.3 68 71.2 72.5 76 82.2 90.3 97.2 101.9 109.5 111.8 118 119.7 123.8 127.2 129.7 124.7 117 117.6 133.1 135 129.3 131.7 143 137.9 131 124.2 120.7 118.5 118.3 111 103.3 117.3 125.8 122.6 135.3 139.1 127.7 120 123.3 119.7 114.5 109.1 106.6 104.9 108.6 115 115.9 121 127.5 131.1 133.9 141.7 142.6 150.6 169.2 183.1 193.3 194.2 200.1 205.5 191.6 188.7 193.1 176.8 138.7 161.6 173.4 177.8 182.5 188.3 197.7 205.7 212.1 215.5 229.2 248.1 242.8 248.2 236 221.8 210 196.6
73 79.1 84.1 87.5 91.6 96.9 106.1 113.3 118.3 120.9 127.1 129.3 130.1 132.2 136.5 141.6 134.7 130.6 137.6 147.9 151.4 149 147.3 155.1 151.3 142.9 138 137.9 132 130 120.9 130.6 137 132.9 137.7 141 133.4 127.2 134.2 141.9 143.4 133.8 129.1 126.3 125.1 126.1 131.3 137.3 141.9 148.7 149.9 153.4 157.8 162 181.1 203.1 215.2 219.2 215.4 217.3 215.1 207.3 200.1 198.2 169.3 155 175.5 195.8 189.3 202 207.8 220.6 235 245.4 261.6 273.5 274.6 267.9 274.5 266.7 252.2 238.1 224.3
84.7 89.8 95.4 99.9 105.2 110.5 117.7 122.7 126.9 130.2 135.7 138.7 140.4 142.6 143.3 149.7 152.6 151.7 156.6 162.6 167.5 166.9 164.3 164.5 160.7 155.2 151.3 146.6 148.6 153.4 146.8 143.2 142 145.1 147.3 135.7 130.2 139.4 150.4 159.3 162.1 155.5 152.8 150.9 145.8 140.4 142.6 152.3 162.7 166.8 170.7 175 180.2 189.1 206 217.3 224.8 230.9 228.7 227.3 222.1 213.6 208.8 197.9 173 178.8 197.8 215.3 224.7 224.5 233.1 244.7 272.2 285.3 309.1 310.7 301.7 301.9 305.9 298.7 283.3 273 261.9
95.9 100.5 106.8 112.3 117.6 122.7 128.7 133.7 136.2 141.2 144.7 148.1 149.8 151.4 151.8 152.8 159.8 165.3 168 179 181.5 179.1 173.6 171.4 168.3 162.2 156.8 154.5 160.9 162.6 158.2 154.1 151.7 150.6 148.2 135.8 139.1 152.6 166.2 177 184.6 177.9 175.1 173.4 168.9 152.7 158.5 167.6 178.6 187.9 193.6 197.9 206.1 209.8 220.7 230.5 241.1 242.7 237.5 232.3 227.4 222.7 220.4 211.6 206.3 210 229.3 239.5 243.6 241.9 251.4 270.4 295.7 335.1 338 326.7 318.3 331.7 329.2 323.1 317.3 293 276.7
