data/180000-660000.asc
ncols 200
nrows 200
xllcorner 180000
yllcorner 660000
cellsize 50
[rows 0 to 35 of 200, columns 0 to 81 of 200]
242.1 234 234 235.2 235.3 235.8 233.7 232.1 228.6 227.1 227.1 228.9 231.1 229.9 227.7 224.6 217.7 212.2 208 203.8 199.1 193.9 187.7 182.9 174.4 165.5 162.8 159.4 153.7 154.4 154.3 151.2 148.2 152.1 152.9 153.2 155.5 161.3 159.1 161.9 163.3 164.8 164.5 161.3 164.1 167.4 168 167.8 159.4 159.8 169.5 181.4 193.3 210.8 218.2 223.9 226.5 231.5 237.6 246.9 252 268.9 278.6 279.5 276.1 283.7 288.7 287.8 290.7 307.3 313.2 309.5 303.7 295.3 290.1 283.6 279.4 277.3 280.4 271.3 263.4 260.7
241.9 232.2 238.7 239.8 242.8 242.6 241.6 236.8 234.8 233.3 235.9 235.7 234.8 234.6 232.7 229.2 221.8 214.2 209.8 205.5 199.5 191.7 184 179.7 173.7 166.3 160.8 155.7 153.4 152.5 152.1 152.4 152.5 151.7 149.5 150.8 153 153 155.3 158.3 159.5 160.1 156.9 157.6 160.1 162.3 164.2 158.3 154.5 158.8 169 182.4 195 207.7 214.7 221.9 227.7 233.2 242.4 248.1 259.2 268.6 272.3 274.4 276.4 278.5 282.2 283.9 296 317.1 318.2 310.9 303.8 295.6 292.8 283.5 277.1 275.6 276.2 270.6 264.5 262.3
239.8 240.7 245.6 248.8 249.1 248.2 243.7 242.1 244.2 245 243.9 241.9 240.4 239.6 237.9 233.1 225.6 217.8 211.4 207 199 189 182.3 177.1 172.7 167.6 162.4 157.1 154.7 153.8 154 153.8 153.8 152.7 148.5 144.7 148.1 150.4 152.1 154.4 153.7 148.5 151 154.7 156.4 157.2 154.8 150.5 151.6 158 167.2 181.8 196 207.7 217.4 223.9 226.5 235.2 245.3 251.5 262.8 269.5 272.2 276 280.5 280.8 281.9 282.7 305.2 323.6 319.8 309.5 301 295.6 289.2 282.9 275.1 272.9 273.8 270.8 267.9 263.5
244.5 251.9 251.4 252 251.7 249.8 251 252.6 254.5 252.7 250 246.1 245 244.9 241.1 236.3 229.6 222.3 214.9 208 200.5 192.2 186.3 180.5 175.9 169.6 164.3 158.5 156.5 155.5 154.6 154.9 154.7 152.1 147.6 145 145.9 148.2 149.9 150.4 147.5 146.6 147.4 150.7 151.6 151.4 144.4 147.6 148.2 156.3 165.2 183.7 194.8 206.1 215.1 219 225.2 237.6 246.6 256 262.9 271.9 275 275.9 278.3 278.3 277.4 287.8 310.7 325.5 321.4 304.1 302.6 293 290.4 282.1 275.6 272.1 276.9 269.2 264 264.7
256.9 257.8 257.4 256.3 257.2 257 258.1 260.3 259.8 256.5 256 252 250.3 248.9 244 239 232.8 225.1 218.3 210.7 203.1 196.3 190.5 184.7 177.4 170.8 167.6 160.1 157.8 156 155.3 155.2 153.5 149.5 146.2 144.8 144.5 145.9 146.5 146 145.8 145.3 144.3 146.3 144.8 142.4 141.6 143.2 145.3 154.1 170.3 184.3 196.1 204.5 209 213.9 225.8 235.9 245.3 255.7 264.1 272 275.6 274.9 273.9 273.5 274.8 291.1 311.5 318 307.4 301.4 300 294.2 290.4 283.3 276.1 273.2 268.2 260.4 260.9 265.8
261.7 262.3 263.2 265.9 264.1 263.4 264.8 265.8 264.1 260.5 261.4 257.7 254.5 251.9 246.8 241.1 233.6 226.8 220.7 211.8 207.1 200.6 194.8 187.5 180.3 174.1 168.2 161.4 156.7 154.6 154 154.1 150.8 145.9 144.5 143.9 143.9 144.8 144.5 144.4 144.2 144 142.9 139.8 139.4 139.9 140.7 142.3 144 152 166.8 184.3 195.4 201.1 205.9 212.5 222.8 234.5 244.9 257.1 265.1 271 274.3 274.1 269.4 268 273.4 294.9 308.7 294.5 286.5 303.8 295.6 296.7 293 285.5 274.4 266.6 258 251.8 257.5 265.9
265.4 269.2 271.9 271.7 271.3 270 270.1 270.3 268.6 265.6 266 262.3 258.4 254.6 249.6 243.8 235.8 230 224.4 219.4 212.3 204.5 197.4 190.5 183.3 176.6 169.3 161.1 157.1 153 152.2 151.9 146.4 144.3 143.7 143.2 143.8 143.5 143 142.9 143.1 144.1 141.6 140.7 139.4 138.8 140.5 141.9 143.5 148.4 161.2 172.7 189.4 193.5 198.8 206.9 218.1 227.7 237.8 253.7 266.3 269.4 270.6 266.8 261.8 263.9 274 274.7 282.4 276.4 283.5 287.7 294.7 298.2 292.2 285.1 272 265.3 253.7 247.8 253.8 254.7
273 276.8 277.6 278.4 277.9 276.4 275.5 275 271.8 271.6 269.8 265.5 261.1 257.9 253.3 246 238.8 233.4 228.6 224.7 217.1 207.3 199.7 192.1 185.1 178.5 170.2 162.3 157.9 153.8 149.8 147.8 146.5 144.4 143.1 143.3 143.3 142.7 142 141.4 142.1 142.7 141.8 142.2 141.5 139.2 140.5 141.5 142.7 142.2 150.1 154.4 167.7 180.9 189.8 196.8 207.4 217 226.1 241.9 251.9 264 262.2 252.6 252.9 264.2 268.4 266.6 265.6 269.3 274.2 281.3 289.8 292 285.1 282.6 269.7 264.1 251.7 243.7 251.4 245.4
279.8 282.5 283.3 283.3 283.1 283.5 282.6 279.8 276.5 276.2 273 267.1 264.2 260.3 255.4 248 241.8 236.1 233.7 228.2 220.3 210.1 202.1 194.5 186.3 179.9 171.3 164.3 159.4 155.7 147.4 147.1 147.5 145.6 143.1 143.1 142.7 142.2 141.7 142.8 141.6 141 143.5 144.4 142.9 140.3 140.4 142 139.8 140 141.2 143.2 147.4 164.8 179.7 182.7 192.9 202.7 212.7 228 241.5 250.8 244 240.3 255.6 265.2 264.3 261.3 260.8 264.9 267.2 273.4 281.2 281.1 274.2 269.4 265.4 257.7 249.2 239.8 242.8 239.7
285 288.1 288 288.2 288.5 288.9 287.2 282.3 282.5 280.6 275.8 269.4 265.6 262.3 254.8 247.5 243.8 240 235.9 228.9 218.1 210.9 202.8 194.7 186.6 178.5 167 163.6 159.1 156.2 148.1 146.9 145.5 144.8 143.2 142.8 142.4 145.7 148.8 146.1 145.2 146.8 146.7 145.6 144.5 141 137.5 139.3 139.1 135.6 135.1 134.3 140.9 146.6 159.1 164.5 171.4 182.8 197.9 212.5 217.8 223 223.5 239.8 255.5 260.5 259.7 259.8 258.3 257.8 261.2 263.1 269.9 267.6 265.1 264.4 258.4 250.6 242.4 236.7 241.5 234
290.7 293.5 293.9 294.1 294.8 293.7 289.8 288.6 286.3 283.6 281.4 275.6 267.4 265.8 259.7 253.1 247.7 243.8 239 232.5 221 213.2 200.5 192.9 185.1 178.5 173.5 164.9 156.1 155.7 151.7 153.1 150 146.1 143.5 144.9 151.8 153.1 151.1 148.9 149.6 150.2 149.5 148.3 147.1 145.4 144.7 144.1 143.5 142 140 135.9 134.3 136.7 140.6 144.5 150.4 162.2 176.8 189.4 197.9 201.6 223.7 240.2 247.7 254.9 254.4 256.9 254.4 256.4 257.3 257.7 260.5 262.4 264.5 264.6 253.4 244.4 235.8 234.2 241.6 232.5
295.4 297.8 298.8 299.7 300.4 297.3 296 293 288.2 286.7 286 282.2 272.1 270.2 265 256.2 254 245.1 240.8 229.1 226.2 216.8 201.6 189.8 184.3 179.1 173.8 163.5 160.1 158.5 156.7 157.4 155.3 153.4 150.6 153.2 153.7 153.5 152.2 152.6 152.7 153.3 152.3 151 149.9 149.2 149.5 149.8 149.2 148.6 146 142.5 139.8 133.9 128.2 132.8 138.6 145.7 156.9 170.9 181 197.3 219.7 227.9 237.7 243.4 249.3 249.4 254.2 255.6 255.3 255.4 256.8 261.9 263.7 258.3 246.8 241.1 231.2 232.4 233.7 228.3
298 299.8 303.2 304.7 306.1 299.1 300 295.8 290.6 291.6 292.3 290.4 275.4 278.5 270.8 261.5 256.1 246.9 237.3 231.9 223.8 212.4 198.7 189.9 185.5 180.4 173.7 161.7 159.5 160.9 160.6 160.1 158.7 155.6 157.8 156.1 155.1 154.5 154.1 156 156 156.4 155.1 153.8 152.7 154 154.6 155 154.4 153.2 151.1 147.8 143.8 139.1 131.8 127.5 132.1 135.4 141.8 156 168.2 186.6 205.4 227.1 232.1 233.6 238.8 245.6 250 252.6 253.4 253.4 256.9 260.2 256.4 250.2 240.7 237.4 230.7 223.2 227.9 219
299 302 308 314.1 313.9 304.4 301.9 298.9 293.9 297.2 299.8 294.3 281.2 282.5 271.9 266.3 259.7 248.8 240.3 234.9 222.4 208.4 196.7 190.1 185.8 180.5 176.3 168 163.3 164.4 164.5 163.9 162.8 164.8 162.1 158.4 156.9 156.1 156.5 158.6 159.2 159.2 157.9 156.8 157.4 158.9 158.8 158.6 157.9 156.9 155.1 150.9 147 142.7 135.9 129.6 127.4 130.6 133.5 141 162 176.4 195.8 220.9 220.7 222.4 226.9 242 245.6 250.5 252 254.2 253.4 256.1 250.1 240.8 238.2 236.4 228.7 219.3 218.2 212
302.2 307.4 311.9 321.2 316.6 308.2 306 301.3 299.3 303.9 305.7 298 285.1 279 271.3 267.7 262.1 252.3 239.6 232.9 222.6 210.3 200.5 189.5 185.3 180.5 176 169 168.9 169.2 169.3 169.2 168.5 167.6 164.8 160.9 158.4 157.9 158.4 161.1 162.3 162.2 161.1 161.5 162.1 162.5 161.3 161.1 160.8 160.1 157.4 153.9 150.1 145.7 139.8 133.1 125.8 126 128.3 135.8 152.5 169.5 183.2 197.2 199.1 207.8 229.9 237.3 241.9 246.7 249.1 252.4 251.2 247.2 239.7 235.4 242.9 236.9 225.2 217.2 210.1 206.3
304.1 313.6 332.6 326.7 319.9 310.3 311.3 304.1 308.5 310.6 311.8 298.1 291.3 274.6 272.2 269.8 261.2 252.5 242.2 233.8 223.9 213 202.7 192.6 184.2 179.1 174.1 168.9 173.4 173.8 174.1 173.1 171.7 170.1 165.7 160.8 161.2 163.2 162.4 163.8 165.5 164.6 164.2 164.2 164.3 163.4 162.6 162 162.5 161.5 158.9 156.4 153.3 148.7 143.6 135.5 130.7 126.1 122.6 130.7 144 157.5 165.5 174.3 179.9 197.8 225.9 233.2 239 242.8 245.4 252 246.2 236.8 228.1 243.7 244.1 235.6 222 217.2 207.3 199.4
311.4 328.3 335.8 329 323.8 313.4 312.4 307.9 319.1 317.4 309.4 300.2 286 276.2 274.5 267.6 261.6 251.8 241.6 231.1 222.3 212.7 203.5 194.6 186.3 179.5 173.9 173.7 175.1 175.4 175.7 174.7 174.3 172.8 165.2 164.7 168 169 166.3 166.3 166.2 166.2 166.8 165.5 165.5 164.5 163.9 163.3 163.9 162.9 160.4 157.8 154.5 150.5 145.7 139 133.7 128.8 124.2 125.1 138.2 147.4 152.7 162.2 172.5 200.9 216.1 225.8 230.5 237.3 244.9 245.2 238.8 226.5 222.4 248.2 241.6 231.1 220.5 213.5 202 194.3
319.8 340.3 336.1 332.4 326.5 314.6 315.7 321.4 327.5 322.2 310 298.3 287 276.3 273.6 268.5 259.7 251.2 239 226.5 218.8 211.4 203.5 195 187.1 180.9 175.4 177 178.4 177.7 177 177 176 175.2 172.6 173.2 172.7 172.3 171 166.9 167.3 167.8 168.6 166.7 166.3 165.7 164.6 164.6 164.9 164.3 161.3 158.4 155.5 151.6 146.9 141.3 136.2 131.5 126.3 120.2 128.4 138.5 147.1 156.4 175 195 207.9 212.8 221.5 234.2 234.5 232.5 222.1 213.6 228.5 248.1 239.8 232.1 218 207.2 197.2 191.3
337.8 341.5 339.3 335.2 330 320.2 320.4 332.2 333.1 321.9 307.4 296 286.2 274.4 269.7 263 255.6 247.6 235.2 223.1 215.5 209.1 202.7 195.1 187.7 181.4 176.8 177 178.3 177.3 176.9 177.3 178 178.8 177.6 178.1 177.1 174.8 173.8 169.9 168.1 169.2 169.7 168.1 166.5 165.5 164.7 164.3 164.4 163.8 162.2 159.5 156.4 152.5 147.7 142.9 139 134.3 129.3 123.7 119.2 128.2 134.3 151.3 168.2 182.1 195 198.5 205.2 214.9 225 219.3 207.8 216.9 239.9 243 239.2 232.8 218.5 196.6 192.2 185
339.4 336.5 339.3 334.1 331 323.2 321.2 336.4 333.6 317.2 300.8 289.5 278.8 271.9 265 258.7 252.5 242.1 231.2 220.9 212.7 206.6 200.5 194.4 188.8 179.9 177.5 177.4 177.7 176.9 177.3 178.2 178.8 179.3 179.4 179.6 178.2 176.8 175.3 171.4 168.2 170.8 170.9 167.8 167.8 166.4 164.8 163.4 163.4 162.7 161.4 160 156.3 151.9 147.2 142.5 137.6 134.2 131.7 126.3 116.2 117.3 123.7 144.9 154.5 165.1 178 181.8 186.3 192.1 205.1 200 192.3 232.4 241.8 241.5 237.4 229.5 209.5 190.8 186.1 178.1
323.3 336.3 334.6 334.9 329.5 313 330.5 335.4 330.2 312.8 295.3 277.4 269.9 265.8 259.7 253.3 245.7 236.2 228.5 218.1 210.6 205.1 198.6 192.4 184.8 179.4 179.1 179 178.9 177.7 177.9 179.4 179.8 180 179.9 180.5 179.1 177.7 175 170.3 168.2 170.8 170.3 168.4 167.6 165 163.2 161.9 161 160.6 160.7 159.8 155.3 150.5 145.3 140.5 136.1 133.5 131.5 125.5 118.6 114.3 113.6 125.1 130.4 144.4 153.9 162.3 164.8 168.9 176 177.2 201.3 235 244.8 243.4 233.1 222.2 200.2 184 177.9 171
326.8 330 330.7 331.8 321.3 310.3 327.8 329.8 316.1 301.3 283 266 265.3 259.7 254.2 248.5 239.5 231.9 224.6 215.3 208.3 202.6 196.8 192.4 187.2 181.4 180.8 180.8 180.2 179 180.1 181.4 181.5 181.2 182.6 181.7 180.2 178.1 175.1 171 167.7 168.8 168.8 168.1 167.6 165 161.7 159 157.4 157.2 159.6 156.7 153.7 148.6 143.4 138.5 135.3 133.1 131.1 126.2 121.4 116.3 110.7 109.1 117.5 124 138 143.2 145.4 152.1 154.2 173.2 213.2 238 243.1 237 229.1 209.9 194.4 178.8 173.4 163.3
321.8 321.5 330.3 324.5 309.8 307.1 322.1 319.9 306 284.6 274.7 260.7 260.9 255.3 249.8 243.5 235.6 228.1 220.6 211.4 206.1 201.3 196 191.5 186.6 182.9 182.6 183.2 184.6 182.1 183.1 184.4 186.6 187.2 187.3 186 183.8 181.6 177.4 172.1 167.3 166.8 167.7 167.6 167.4 165 159.5 155.5 154.5 155.5 157.1 153.2 151.1 146.8 141.6 137 135.4 132.8 130 126.3 123.4 120.2 110.7 102.6 105.8 110.7 119 121.7 125.5 132 146.6 191.6 228.7 238.7 240.6 230.6 217.8 199.3 180.5 173.6 167.2 153.5
312 322.3 322.5 314.3 300.4 301.1 312.1 311.2 293 282.6 267.4 257.5 255.8 251.4 246.7 240.5 232.3 225.9 217.1 209.3 204.6 199.9 195.5 191.3 188.2 186.7 186.2 186 185 184.9 186.8 190.6 192.1 192.7 192.6 191 188.3 184.6 179.9 174.6 165.5 164.8 164.7 165.5 163.9 160.5 154.6 151.7 151.3 152.6 152 149.3 147.9 144.8 139.7 135.4 135 134.6 133.4 128.2 125.6 119.4 113.7 108.5 101.2 103.8 107.5 111.6 119.9 128.9 147.5 190.8 229.2 235.5 231.8 220.8 204.8 187.7 173.4 166.2 156.6 143.7
305.3 314.1 306.5 294.2 292.5 296 304.9 299.4 287.7 276.4 257.5 254.2 250.4 246.9 242.9 236.9 231.8 220.4 213.4 209.9 206 200.6 195.8 192.2 189.3 188.4 187.6 187.3 186.2 186.9 191.5 195.9 196.9 199.7 198.5 196.1 192.4 188.7 183.7 178.4 169.8 160.4 161.7 162.5 160.9 155.5 150.9 147.9 147.2 147.1 147.1 149.2 145.2 140.7 135.9 136.3 136.6 135.7 134.2 130.6 126.7 120.4 113.9 108.4 102.3 100.2 104.6 110.1 118.7 126.2 147.9 192.8 220.8 224.4 217.8 206.8 191.8 175.6 166.2 157.6 149.9 136.5
300.7 300 291 285.6 288.7 295.9 302 298 282.4 268.6 246.9 247.9 246.5 242.8 238.8 233.9 226.5 216 212.3 209.3 205.2 201.7 196.9 192.6 189.6 189.8 189.1 188.6 187.8 190 197.5 200 202.8 205.6 204.6 200.8 196.8 192.9 187.3 180.2 173.6 164.6 158.4 158.8 158.2 152.2 147.3 142.1 140.5 141.9 148.4 143.8 138.4 135.6 135.7 135.9 137 135.5 133.7 132 128 121.1 114.3 107.8 102.4 96.2 107.1 109.1 115.4 125.7 155.8 190.4 207 209.5 207.2 194.7 179.4 164.6 153.3 148.9 140.3 129.7
293.7 288.1 278.4 282.7 288 297.1 298.2 290.6 273.7 253.1 243.4 245.2 242.8 239.1 235 227.8 219.7 214.2 211.2 208.2 204.8 202 196.5 192.3 188.4 189.4 189.4 192 185.1 193.8 200.1 205.1 208 211.9 210.7 206.2 202.9 198.7 192.9 184.9 177.2 167.8 158.9 153.4 152.8 148.8 143.1 138 135.3 138.2 146 136.9 131.8 132.8 136 136.8 136.5 134.3 132.5 130.7 127.2 123.3 118.5 109.6 103.7 95.6 94.4 106.6 111 130.2 167.7 195.4 200.9 206.7 197.4 183.8 170.2 159.4 146.9 139.2 131.4 121.9
288.6 273.7 276.8 276.8 287.2 292 292.7 279 262.8 248.2 241.7 242 238.9 235.1 228.2 222.6 218.1 213.5 210.3 207.3 204.2 199 193.5 190.4 188.1 188.1 189.8 189.5 184 190.6 201.5 211.7 214.2 215.6 213 213.1 210.5 205.5 199.3 192 181.7 170.4 163 154.1 149.8 145.4 138.9 132.9 130.7 133.2 138.6 130.3 128.7 130.4 133.1 134.9 134.1 133 131.5 130 129 127.5 119 109.9 103.6 96.8 85.4 100.4 108.4 134.2 177.8 191.3 193 196.3 187.5 171.4 159.8 151.8 142.2 133.2 125.7 118
272.9 272 273.6 274.9 281.2 287.9 291.5 271 252.3 242 238.8 238.8 235.8 230.1 224.6 220.5 217.9 213.6 209.7 206.8 203.9 197.1 191.8 188.5 187 188.6 191.9 184 184 189.5 205.2 211.6 213.8 215.2 221.1 224.1 222.1 218.6 211.3 199.5 188.3 176.1 165.9 158.2 149.5 139.2 134.3 127.5 128.7 128.8 126.9 127.1 125.2 127 130.7 133 132.1 130.7 129.4 130.6 130.6 126.6 119.7 108.4 100.1 90.4 83.3 90.1 108.6 127.8 172.3 178.8 178.9 178.1 170.4 158.9 153.7 147.7 135.2 124.1 121.5 115.6
266.5 269.8 274 275.4 278.7 294.3 291.1 263.7 239.1 235.2 234.4 234 231.2 226.8 222.1 219.9 216.6 213 209.6 206.3 201.7 195.5 191.1 189.3 188.1 184 184 184 184 192.3 207.7 215.8 213.8 223 227.2 226 227.5 226 217.4 207.7 194.9 184.6 174 162.1 153.3 143.7 133.3 128.5 127.2 124.9 120.1 121.5 122.2 123.7 127.9 131 131.3 127.9 127 134 131.7 127.3 116.2 102.7 95.5 86.9 74.7 96.9 111.9 124.3 157.6 162.3 160.1 152.8 152.2 154.8 152.2 141.9 128.5 121.4 118.2 112.9
265.8 269.2 272.5 275.7 289.4 296.4 275.7 249.8 234.8 232.5 232.1 231.7 229.2 223.5 221 219.3 214.5 210.2 208 205.6 200.2 194 189.8 189.2 185.7 184 184 184 184 192.9 204.9 210.6 217.2 225.2 228.1 229.1 232.3 228.9 221.6 210.3 203.1 190.4 176.5 166 157.9 149.7 138.1 128.7 126.7 124.1 120.8 117.9 116.6 121.4 125.6 127.6 129.1 125 125.1 125.7 131.2 125.6 107.6 94.2 87.1 80.1 70.9 107.2 116.4 122.6 135.6 143.3 143.4 143.6 144.5 150.6 146.8 135.4 126 119.5 115.5 107.4
265.4 268 270.7 274.5 286 281.9 255.8 235.1 231.3 231.2 229.9 229.1 225 221 219.4 218.2 210.3 209.8 208.2 205.9 197.1 194.9 191.7 192.7 185.6 184 184 184.6 188.2 194.6 202.2 208.8 219.1 228.4 230.3 231.6 229.6 223.7 216.3 209.3 205 197.1 182.7 167.3 161.8 153 142.1 130.7 126.9 124.7 122.8 119.4 116.5 118.4 120.3 123.1 122.1 118.8 120.7 121.3 128 112.5 97.3 88.2 80.6 64.5 85.9 116 121.8 122 128.6 137.1 143.5 137.2 138 145.1 139.4 131.1 123.2 118.3 108.8 101.5
261.9 264.6 267.8 271.3 270.4 258.6 239 231 230 229.5 230.1 227.3 220 217.3 215.6 211.5 209.5 209.3 207.7 202.5 199.3 200 195.6 195.6 185.8 184 186.1 187.2 190.4 194.7 203.1 216 221.7 226.7 232.3 232.7 229.2 221.2 218.9 213 208 200.9 190 178.8 165.5 155.8 145.1 134.5 132.1 127 123.9 118.4 114.1 114.2 113.5 114.8 113.5 115.3 118.5 119.3 111.8 104.8 88.6 81.6 65.3 69.4 101.6 124.1 121.7 122.1 131.9 133.4 135.6 131.4 136.4 141.2 135.4 125.9 118.8 112.9 106.7 99.3
258.7 261.1 262.4 265.3 256.8 242.2 230.5 229 228 227.7 227.9 222.7 217.2 213.5 211.4 208 208.2 207.6 205.6 201.7 201.1 197.8 195.8 192.4 184.8 186.1 186.3 188.6 190.5 193.9 204.6 217.5 219.9 225.9 232.7 237.3 229 223.6 218.7 214.8 210.3 202.1 198.6 182.1 169.8 158.4 147 140.9 136.3 132.7 122 118.8 116.8 110 108.4 110.4 111 111.2 114.1 109.6 100.9 85.5 79.6 74.7 63.7 86.8 113.7 126.3 122.8 124.1 124.1 125.6 123.6 124.3 132.5 134.3 130.1 119.3 114.1 108.1 101 95.1
255.5 256.3 257.8 255.2 243.7 231.8 228.2 227.2 226 225.8 225.4 219.6 213.8 211.3 209.5 208 207.9 205.7 202.8 202.1 201.3 197.4 193.1 184.7 184.7 186.9 188.5 189.7 191.5 193 203.8 213.6 218.8 226.3 230 234.8 230.1 225.3 219.1 212.6 207 207.5 202.8 187.2 173.8 158.9 151 144.2 136.6 128.1 122.3 118.1 115.8 110 100.1 104.4 105.5 105.5 106.2 98.3 88.2 78.5 71.9 58.6 75.3 109.7 127.5 127.4 125.8 125.8 122.4 119.3 123.1 118.6 122 124.4 123 114.3 116.5 106.1 94.5 93.4
252.5 251.5 254.5 244.9 232.1 225.8 226.6 225.3 224 221.7 219 215.6 210.9 209 208.4 208.5 208.3 204.7 204.2 202.5 200.1 191.3 186 183.9 185.1 187.3 189.2 191 196.1 194.2 200.7 211.4 221 227.9 222.4 232.4 229.8 230 220.5 214 211.6 211.9 200.7 184.8 169.7 160.6 154.3 146.2 133.4 126.2 121.1 119.3 111.9 104.5 99.7 98.2 98.6 99.4 96.8 85 76.3 72 59.4 66.3 95.4 126.3 133.9 129.4 130.7 127.4 121.5 115.1 112.9 110.2 112.6 113.2 110 115.2 112.5 100.3 89.2 85.1
