data/180000-660000.asc
ncols 200
nrows 200
xllcorner 180000
yllcorner 660000
cellsize 50
[rows 0 to 35 of 200, columns 82 to 163 of 200]
257.8 251.9 246.4 238.2 226.2 218.5 214.1 211.1 208.9 206.5 201.4 190.7 180.5 166.1 166.5 179.3 182.2 177.2 162.3 154.3 144.3 134.1 119.2 110.7 89.8 79.5 69.4 57 49.5 43.9 52.1 76.1 96.9 108 127 129.3 134.8 135.5 137.8 132.8 128.1 122.6 124.5 131.1 142.7 135.6 132.2 114.4 107.4 85 70.5 60.9 57.2 52.5 46.6 42.7 46.8 46.2 46 39.8 33.3 27.1 20.9 -0.5 -0.5 -0.5 -0.5 -0.5 -0.5 -0.5 -0.5 -0.5 -0.5 -0.5 -0.5 -0.5 -0.5 -0.5 -0.5 -0.5 -0.5 -0.5
260.9 256.2 248.9 233.3 220.7 217.6 214.4 212.1 208.8 206.5 200.3 187.3 174.6 161.3 163.5 179.1 176.5 160.4 152.7 144.8 134.4 121.5 111.3 98.1 83.4 73 61.3 52.6 43 40 56.7 75.9 89.4 118.3 132.1 138.6 140.9 138.8 145.5 137.1 130.7 126.7 129.4 139.7 147.6 143.9 141.3 117.4 103.8 88.4 79.3 61.7 59.2 52.9 44.9 35.6 36.7 35.6 36.9 38.6 31.8 26.7 30.9 11.5 -0.5 -0.5 -0.5 -0.5 -0.5 -0.5 -0.5 -0.5 -0.5 -0.5 -0.5 -0.5 -0.5 -0.5 -0.5 -0.5 -0.5 -0.5
264.9 258.9 243.5 227.9 218.9 215.5 212.4 209.9 205.6 201.5 195.5 184.6 169.3 154.9 159.1 166.1 160 148.4 141.4 131.5 122 110 103.2 94.4 76.6 64.3 52.6 47.1 39.2 45.4 61.6 79.3 99.5 128.5 147.4 152.2 142.9 144.9 142 137 131 131.5 135.3 150 142.7 148.8 140.1 117.3 103 86.3 77.1 61.4 56.2 50.8 43.8 43.8 38.4 38.4 31.5 32.1 28.6 23.7 25.3 8.4 -0.5 -0.5 -0.5 -0.5 -0.5 -0.5 -0.5 -0.5 -0.5 -0.5 -0.5 -0.5 -0.5 -0.5 -0.5 -0.5 -0.5 -0.5
269 253.3 239.1 223.7 219 214.1 209.9 208.1 203.8 199.1 198.6 183.4 166.7 144.1 151.6 163.6 153.5 143.7 133.9 123.9 115.3 106.3 97 79.9 66 57.8 48.1 40.1 38.4 49 66.2 86 110 138.9 152.7 155.2 146.6 149.4 144.4 138 129.8 134.3 141.2 146.5 141 138.7 131.5 113.1 99.8 83 71.9 69.2 58.6 51.7 42 43.9 37 38.6 42.3 27.7 27 19.1 15 10.3 11.1 20.5 -0.5 -0.5 -0.5 -0.5 -0.5 -0.5 -0.5 -0.5 -0.5 -0.5 -0.5 -0.5 -0.5 -0.5 -0.5 -0.5
257 242.7 231.6 222.4 216.9 212 210.8 207.4 203 196.1 189.3 176 156.8 137.4 139 161.1 149.7 139.9 129.9 119.1 112.5 103.8 95.2 70.5 58.2 50 42.7 35.8 39.6 53.9 71.3 90.9 121.5 153.4 161.3 163.4 156 154.5 145.1 137.8 133.9 140.1 144.2 142.3 140.8 140.8 135.9 113.3 95 80 71.3 65.7 58.1 47.4 41.4 41.3 35.3 41.8 46 27.9 22.8 24.5 14.1 16.7 27.4 27.1 8.3 -0.5 -0.5 -0.5 -0.5 -0.5 -0.5 -0.5 -0.5 -0.5 -0.5 -0.5 -0.5 -0.5 -0.5 -0.5
250.9 238.5 230 221.6 216.4 214.1 211.4 208.5 202.8 195.8 183.3 169.5 153.2 135.7 130.6 151.3 145.7 134 125.6 116.1 104.5 99.2 79.3 62.9 52.9 43.8 35.7 34.8 44 60.8 77.2 100.1 138 166.3 169.6 161.1 158.7 152.3 148.6 136.4 141.7 148.4 147 144.7 146.3 144.9 131.5 111.1 91.9 78.3 68.2 63.6 55 42 39 35.4 37.9 43.4 40.1 22.8 22.7 17.8 14.5 17.7 30.3 28.1 15.8 -0.5 -0.5 -0.5 -0.5 -0.5 -0.5 -0.5 -0.5 -0.5 -0.5 -0.5 -0.5 -0.5 -0.5 -0.5
244.2 235.8 226 219.9 214.7 211.3 217 214.1 208.8 198.8 180.9 166 146.6 132.7 117 129.2 132.7 125.8 116.6 108.2 95.3 86.8 69.3 56.3 46.4 38.4 33.4 39.3 50.8 68.3 86 116.7 152.3 176.6 167.3 158.6 155.3 148.3 143.5 141.8 147.7 151.7 150.8 151 149.7 141.7 121.1 110.5 90.4 75.5 66.9 61 51.9 40.1 37.8 34.3 42.4 41.4 35.5 22.7 23.1 15.6 12.9 17.2 19.8 18.5 8.9 5.3 -0.5 -0.5 -0.5 -0.5 -0.5 -0.5 -0.5 -0.5 -0.5 -0.5 -0.5 -0.5 -0.5 -0.5
238.9 229 220.9 218 214.4 210.7 217.4 220.2 212.3 195.5 179.4 164.4 143.3 129.9 110.5 110.7 123.2 121.3 107.7 93.4 85.2 71.3 57.6 48.4 40.4 33.2 31.4 49.7 57.9 77.3 100.3 128 168 174.2 164.6 157.8 151.1 149.1 146.5 145.8 149.5 161 159.7 160.7 145.3 129.1 114.9 105 85.8 72.3 65 57.7 50.9 39.8 38.4 32.8 42.1 38.5 24.2 21.7 15.9 21.7 13.1 11.5 16.7 27.7 33 21.5 -0.5 -0.5 -0.5 -0.5 -0.5 -0.5 -0.5 -0.5 -0.5 -0.5 -0.5 -0.5 -0.5 -0.5
230.4 222.9 217.8 213.8 211.7 209.2 212.7 219.1 209.6 191.6 174.5 159.1 144.5 127.3 110.8 99.5 105.7 114.3 100.3 79.7 72.5 61.1 50.5 42 35.1 28.2 37.2 55.5 64.7 83.7 110.3 142.7 171.7 168.8 166.3 162.3 150.2 148 148.7 148.4 156.9 163.5 160.4 160.1 133.7 119 105.8 95.1 78.2 66.1 62.4 55.5 46.2 38 31.3 32.8 39 33.3 17.3 17.3 13 19.6 11.6 13.1 29.2 49.1 45.7 35 -0.5 -0.5 -0.5 -0.5 -0.5 -0.5 -0.5 -0.5 -0.5 -0.5 -0.5 -0.5 -0.5 -0.5
226 219.2 215.2 212.9 209.4 207.5 207.5 209.3 203.5 187.3 172.9 161.1 143.8 123.5 104.4 89.1 94.4 90.8 81.7 71.7 63 51.9 42.8 36.8 29.3 27.6 44.5 60.6 71.4 96 124.8 157.9 170.3 170.4 160 159.6 146.9 148.9 146.3 149.9 159.4 162.4 164.6 160 128.3 107.4 95.3 81.5 71.1 65 56.6 53.6 41.8 35.8 23.8 35.5 32.3 19.5 11.7 8.6 12.7 9.6 11.7 21.2 25.9 47.5 51.5 24.2 8.1 -0.5 -0.5 -0.5 -0.5 -0.5 -0.5 -0.5 -0.5 -0.5 -0.5 -0.5 -0.5 -0.5
222.8 215.4 213.6 209.9 208.1 205.5 204.5 203.6 192.6 182.3 172.6 159.8 139.1 119.3 99.5 82.5 87 78.7 67.3 63.6 54.4 44.1 36.7 30.9 20.6 30.6 46.2 61.9 79.7 104.9 134.1 160.4 164 163.2 160.7 152.5 144.8 143.7 148.4 151.1 159.8 160.9 167.3 153.3 127.2 102.6 88.8 75.2 65.9 63.8 54.1 49 35.9 24.7 18 32.2 24.2 2.3 2.2 3.5 6.4 7.7 13.6 19.8 20.5 30.2 39.3 14.4 11.3 -0.5 -0.5 -0.5 -0.5 -0.5 -0.5 -0.5 -0.5 -0.5 -0.5 -0.5 -0.5 -0.5
218.4 212.9 211.1 208.5 207 204.1 207.2 199.3 189.8 181 170.5 153.6 133 114.9 95.1 76.4 75.6 67 60.1 53.8 43.3 38.1 31 25.3 21.9 32.1 50.9 66.5 91.5 118.4 144.1 161.3 163.1 153.2 154.3 144.6 147.2 141.1 146.9 150.8 156.3 156.7 164.1 152 120.8 105.1 83 71.2 66.4 57 52.8 39 31 17.5 13.8 18.9 9.3 0.6 1.3 8.8 11.6 11.4 16.2 19.1 10.9 11.8 12.4 7.6 5.9 -0.5 -0.5 -0.5 -0.5 -0.5 -0.5 -0.5 -0.5 -0.5 -0.5 -0.5 -0.5 -0.5
210.4 214.3 208.5 207.5 204.7 203.2 207 196 188.4 180.7 170.2 149.2 128.6 107.5 89.5 66.4 65.2 58.4 51.3 41.5 37 31.6 24.8 18 19.6 35 53.6 79.1 105.4 128.1 149.8 157.6 155 150.5 141.3 142.4 142.7 135.7 140.9 155.7 154.4 149.8 158.4 138 113 105.6 80.6 63 62 52.1 46 33.5 24.6 14.5 15.4 15.3 -0.5 -0.5 -0.5 7.3 13.7 18.1 26.3 26.2 5.3 -0.5 -0.5 2.5 8.7 10.8 8.1 -0.5 -0.5 -0.5 -0.5 -0.5 -0.5 -0.5 -0.5 -0.5 -0.5 -0.5
208.4 209.5 206.6 206.2 202.2 201.5 199.8 192.2 188.3 178.3 162.9 142.8 122.5 102 85.7 64.8 51.6 49.4 43.9 33.7 29.6 23.6 15.3 14.8 23.1 42.2 59.6 87.3 111.3 135 153.2 155.4 140.7 138.5 134 142.6 133.6 132.5 141.4 154.3 145.7 153.5 146.3 118.4 109.6 95.9 77.6 53.5 45.2 42.7 33.3 26.5 21.4 9.6 7.6 12.9 -0.5 -0.5 -0.5 3.8 17.6 21.5 27.3 34.1 10.4 -0.5 -0.5 -0.5 6.7 7.5 11.1 -0.5 -0.5 -0.5 -0.5 -0.5 -0.5 -0.5 -0.5 -0.5 -0.5 -0.5
203.5 200.1 208.3 206.2 197.4 194.5 192.3 189.5 184.3 173 157.3 136.6 116.8 97.1 76.6 61 49.1 35.2 34.4 28 21.4 16.7 13.9 14.7 28.5 51.2 70.6 93.5 121.7 148.7 157.9 148.6 137.5 125.4 131.5 135 127.9 127.9 142.1 146.1 140.8 145.4 133.7 100.3 92.2 81.3 61 45 35.2 30.5 25.6 31.7 17.6 6.5 4.7 -0.5 -0.5 -0.5 -0.5 9 22.5 18.1 20.3 16.3 1.3 -0.5 -0.5 -0.5 -0.5 -0.5 -0.5 -0.5 -0.5 -0.5 -0.5 -0.5 -0.5 -0.5 -0.5 -0.5 -0.5 -0.5
200.7 195.9 208.2 207.5 195 186.1 179.7 179.1 178.1 169 149.4 128.2 112.7 93.2 71.2 57.4 48.5 37.3 25.9 20.2 16.2 13.9 13.5 19.7 35.1 61.6 82.5 105.5 131.9 150.9 146.2 130.2 123.1 123.8 125.5 123.8 122.5 120.3 138 132.5 133.3 134.5 119.4 90.6 77.7 66.2 49.4 40 32.2 24.2 24.1 33 15 3.3 1.7 -0.5 -0.5 -0.5 -0.5 14.1 13.3 11.8 17.1 11.5 5.1 -0.5 -0.5 -0.5 -0.5 -0.5 -0.5 -0.5 -0.5 -0.5 -0.5 -0.5 -0.5 -0.5 -0.5 -0.5 -0.5 -0.5
191.5 192.6 200.9 203.1 186.7 173.3 171.7 167.7 170.9 163.6 138.1 118 104.7 89.4 67.4 52.8 43.6 34.8 23.6 16.6 14.1 12.6 13 25.3 47.6 70.5 91.2 117.1 140.2 153.3 131.1 121 115 116.7 118.1 118.7 117.3 111 123.1 125.3 127.8 115 87.8 79.9 67.3 55.6 44.2 39.5 32.1 21.7 23.3 24 9.7 -0.5 -0.5 -0.5 -0.5 -0.5 4.5 -0.5 -0.5 -0.5 7.3 -0.5 -0.5 -0.5 -0.5 -0.5 -0.5 -0.5 -0.5 -0.5 -0.5 -0.5 -0.5 -0.5 -0.5 -0.5 -0.5 -0.5 -0.5 -0.5
186.3 183.8 188.1 182.2 178.1 164.5 159.5 161 160.5 141.7 123.6 112 98.8 83.9 62.2 48 40.7 31.6 22.9 14.5 12.7 11.8 15.2 38.1 56.2 77 102.6 129.5 141.9 135.6 115.9 111 102.9 107.6 115.1 112.1 110.3 104.3 115.9 120.5 116 95 81.7 73.1 58.2 48.9 42.8 36.3 26.4 19 19.3 12.2 -0.5 -0.5 -0.5 -0.5 -0.5 -0.5 2 -0.5 -0.5 -0.5 -0.5 -0.5 -0.5 -0.5 -0.5 -0.5 -0.5 -0.5 -0.5 -0.5 -0.5 -0.5 -0.5 -0.5 -0.5 -0.5 -0.5 -0.5 -0.5 -0.5
178.5 173.5 170.3 165.9 163.7 153.5 150.2 153.3 145.8 124.6 114.8 108.6 94.9 79.6 57.8 44.3 36.8 30.1 19.4 11 10.5 10.6 23.5 45.3 65.2 83.7 114.1 139.5 132.2 118.6 108.4 100.5 93.1 106.6 105.1 110.6 97 102.9 111.1 117.3 107 83.5 72.4 56.8 50.1 43.5 41.3 31.9 23.4 16.4 11 -0.5 -0.5 -0.5 -0.5 -0.5 -0.5 -0.5 -0.5 -0.5 -0.5 -0.5 -0.5 -0.5 -0.5 -0.5 -0.5 -0.5 -0.5 -0.5 -0.5 -0.5 -0.5 -0.5 -0.5 -0.5 -0.5 -0.5 -0.5 -0.5 -0.5 -0.5
169.6 162 161.9 159.3 152 140.3 140.1 143 132.4 115.6 106.8 103.2 88.9 76.1 59.1 42.3 32.6 23.6 14.3 9.6 10 12.4 37.6 58.7 72.9 94.4 123.3 127.9 118.9 99.7 95.1 87.4 90.6 102.2 99.1 96.7 88.3 102.3 104.6 113.6 97.5 72.4 58.1 51.2 42.8 39.8 35.2 25.4 17.8 8.7 -0.5 -0.5 -0.5 -0.5 -0.5 -0.5 -0.5 1.9 -0.5 -0.5 -0.5 -0.5 -0.5 -0.5 -0.5 -0.5 -0.5 -0.5 -0.5 -0.5 -0.5 -0.5 -0.5 -0.5 -0.5 -0.5 -0.5 -0.5 -0.5 -0.5 -0.5 -0.5
159.3 151.8 155.4 149.6 142 129.9 129.3 130 120.4 105.8 99.7 97 82.8 68.9 52.3 34.9 27 15.9 10.2 8.7 9.2 18.3 43.6 57.5 76.6 109.2 117.1 120.9 99.2 92.7 83.4 77.9 90.7 85.7 90 86.3 87.7 106.1 94.8 100.8 83 62.9 49.4 42.1 37.4 35.7 31.2 14.5 10.2 5.5 -0.5 -0.5 -0.5 -0.5 -0.5 -0.5 -0.5 -0.5 -0.5 -0.5 -0.5 -0.5 -0.5 -0.5 -0.5 -0.5 -0.5 -0.5 -0.5 -0.5 -0.5 -0.5 -0.5 -0.5 -0.5 -0.5 -0.5 -0.5 -0.5 -0.5 -0.5 -0.5
145.5 144.1 148.4 142.5 137.4 122.9 120.3 118.6 109.4 97.6 89.7 91 76.4 58.4 41.2 29.1 20.6 10.7 8 8 10.1 25.3 45.3 64.5 84.6 105.8 114.3 103.7 92.2 83.2 73.2 78.9 75.1 82.3 80.7 75.8 92 90.1 83.3 91.1 68.2 57 42.2 31.4 31.6 32.8 23.8 8.4 2.7 -0.5 -0.5 -0.5 -0.5 -0.5 -0.5 -0.5 -0.5 -0.5 -0.5 -0.5 -0.5 -0.5 -0.5 -0.5 -0.5 -0.5 -0.5 -0.5 -0.5 -0.5 -0.5 -0.5 -0.5 -0.5 -0.5 -0.5 -0.5 -0.5 -0.5 -0.5 -0.5 -0.5
138.7 137.8 139.9 133 123.5 115.7 112.6 108.1 99.6 90.1 82.9 76.4 66.9 48.4 33.5 20.6 12.2 7.8 7 7.4 16.1 33.7 53.7 65.3 89.2 99.1 102.1 85.3 84.6 70.1 65.8 70.7 72 73.6 67.8 80.9 76.7 73 74.4 75.9 63.9 47.1 31.5 27 31.6 28.9 16.3 -0.5 -0.5 -0.5 -0.5 -0.5 -0.5 -0.5 -0.5 -0.5 -0.5 -0.5 -0.5 2.1 3.2 1.5 -0.5 -0.5 -0.5 -0.5 -0.5 -0.5 -0.5 -0.5 -0.5 -0.5 -0.5 -0.5 -0.5 -0.5 -0.5 -0.5 -0.5 -0.5 -0.5 -0.5
132.1 130.4 125.6 122 115.7 107.3 104.5 96.9 90.4 82.8 74.5 65.6 54.7 38.3 25 13.2 8.3 6.9 6.4 8 20.8 45.8 59.9 67 79.4 91.7 82.8 75.5 65 56.6 58 60.1 73.4 71.1 65.6 77.3 63.3 65.1 74.1 54 51.4 31.3 25 27.1 32 28 6.3 -0.5 -0.5 -0.5 -0.5 -0.5 -0.5 -0.5 -0.5 -0.5 -0.5 5.1 16.4 20.1 22 13.3 9.4 7.3 4.1 2.6 -0.5 -0.5 -0.5 -0.5 -0.5 -0.5 -0.5 -0.5 -0.5 -0.5 -0.5 -0.5 -0.5 -0.5 -0.5 -0.5
129.5 128.5 122.4 113.5 106.9 98.3 91.3 85.8 80.7 75.2 68.2 57.9 46.4 32.2 20.4 8.1 6.4 6 6 12.9 30.2 55.6 56.3 65.3 71.2 76.3 69.2 62.4 50.3 48.7 49.7 65.4 70.1 59.2 58.8 64.4 55.7 77 67.7 43.4 30.3 22.3 23 28.6 26.3 19.1 3.8 -0.5 -0.5 -0.5 -0.5 -0.5 -0.5 18.7 16.5 11.2 8.9 13.1 24 43 41.2 30.5 22.5 21.8 19.9 15 17.1 14 6.4 -0.5 -0.5 -0.5 -0.5 -0.5 -0.5 -0.5 -0.5 -0.5 -0.5 -0.5 -0.5 -0.5
124.6 123 115.6 106.7 99.2 89.4 82.3 77.9 73.1 67.8 60.1 45.9 35.1 26.3 13.3 6.3 5.8 5.3 6.1 22.3 36.2 47.7 47.1 57.1 65.3 58.9 57.1 43.8 41.4 42.2 47.6 71.7 62.9 51.7 53.8 48.2 51.9 55 43.1 26 18.8 17.3 21.6 22.5 17.1 9.5 1 -0.2 -0.5 -0.5 -0.5 7.5 23.1 27.1 25.7 19.3 16.4 19.9 32.9 50.6 42.4 34.1 28.9 30.7 31.9 37.5 33 29.1 25.2 13.8 13.6 -0.5 -0.5 -0.5 -0.5 -0.5 -0.5 -0.5 -0.5 -0.5 -0.5 -0.5
116.8 114.2 108.6 102.4 92 83.1 74.5 69.3 64.6 59.4 48.6 35.1 26.9 17.4 7.8 5.4 4.9 4.3 13.8 24 46.9 35.7 43.6 50.1 51.2 47 38.4 33.1 36.7 29.9 42.3 53.9 55 44.1 40.1 38 43.7 42.7 22.6 14.5 13.5 12.1 11.7 11.3 10.6 3.3 0 -0.5 -0.5 -0.5 7.5 20.8 34.1 32.4 25.9 26.3 25.3 28.6 46.9 47.1 41.5 35.2 37.6 39.4 43 48.6 42.9 38.6 32.3 23 17.9 11.1 -0.5 -0.5 -0.5 -0.5 -0.5 -0.5 -0.5 -0.5 -0.5 -0.5
111.5 106.4 99.8 93.2 84.1 74.1 68.4 59.4 57.1 48.2 38.1 28.6 19.1 8.8 5.4 5 3.4 5.4 12.6 30.2 31.7 28.3 38.1 37.6 44.8 37.9 29.4 26.4 25.8 29.5 39.4 43.3 47.5 33.6 31.8 33.8 38.8 25 13.8 9.9 10.2 10.4 10.1 8.6 5.3 2.6 2.6 2.2 2.4 7.1 17.4 24.7 29.3 26.9 28.5 33.3 32.2 40.7 54.4 50.4 42.9 37.6 44.6 53.4 50.8 54.9 45.9 38.8 33.7 33.5 26.3 18.9 2.9 -0.5 -0.5 -0.5 -0.5 -0.5 -0.5 -0.5 -0.5 -0.5
110.1 101.4 93.6 86 76.7 66.9 60.7 52.5 49.3 41 30.6 22.5 10.7 5.2 4.9 4.2 2.6 5.8 10.4 29.6 19.7 28 30.4 31.7 32.8 30.4 21.5 18.5 21.2 32.9 34.1 36.3 38.9 28.6 26.4 31.9 25.8 14.7 9.8 9.2 9.6 10 11.2 16.4 8 3.9 4.2 4.8 7.3 19.2 20.7 24.9 25.7 26.3 36.3 44.5 36.6 44.5 47.4 45.7 40 40.1 49.9 55.5 57.6 61.7 53.6 43.8 36.8 35.8 30.6 24.6 7.5 1.3 -0.5 -0.5 6.7 -0.5 -0.5 -0.5 -0.5 -0.5
104.4 96.7 88.9 81 70.1 58.3 50.9 45.4 42.5 35.2 25.2 17.2 6.4 4.2 4.1 2.9 2.4 5.1 7.5 12.2 14.8 23.2 24.8 27.9 25.6 23.1 15.8 12.5 20.6 29.6 27.6 30.6 29.4 28.7 21.7 17.9 11.7 9.5 9.4 9.7 10.1 14 16.7 13.5 5.5 7.1 8.3 8.6 14.9 21.1 20.6 24.6 25.3 29.4 41.7 38.8 39.4 44.9 49.6 47.5 40.5 43.4 51.8 60.3 64 66.9 61 47.8 41.5 40.5 37.1 29.2 19.5 8.5 4.8 13.2 17.7 11.2 7.6 5.1 -0.5 -0.5
98 90.5 83.6 73.9 62.2 49.9 42.6 38 36.6 28.6 19.5 10.8 3.9 3.4 3.2 2.2 1.5 3.7 5.3 7.5 13.9 19.1 21.1 23.3 21.9 16.2 10.2 10 19.8 17.7 22.4 23.4 27 23.2 19.8 12.5 10.1 9.4 10.9 13.7 15.1 19.4 18.9 7.9 7.5 12.4 11.1 13.2 15.9 19.4 21.1 25.3 26.9 34.1 43.9 41 44.4 47.7 51 50.2 42.1 46.7 57.1 63.2 64.9 67.5 63.8 51.3 50.8 49.1 50.3 36.7 25.8 15.2 13.4 23.9 23.2 34.8 35.9 35.8 39.4 22.2
96.5 87.9 80 69.4 54.5 42.8 34.3 31.1 27.5 21.5 12.8 5.5 2.8 2.5 2.4 1.4 1.3 1.7 2.7 3.8 12.1 13.7 22 20.1 16.8 10.3 8 8.7 12.2 16.4 25.8 23.7 20.7 14.2 13.3 12.5 11.7 11.6 13.8 15 17 27.4 14.4 6.5 6.9 9.2 11 13 15.3 16.9 21 27.7 29.6 36.9 37.6 41.5 46.8 51.3 50.4 45.6 47.5 56.9 70.3 80.6 75.7 77.7 76.1 68.3 64.3 55.7 59 49.4 35 20.9 21.4 29.5 38.8 46.4 48.2 50.6 53.3 43.6
93.6 85.6 73.2 60.6 47.6 36.6 29.5 26.5 21.8 15.4 7.9 3.7 2 1.5 1.6 1.5 1.4 1.4 2 5.1 7.4 15.1 18.3 15.5 10.7 8.5 7.2 8.2 12.6 16.8 19.8 20.1 15.3 13.1 12.8 11.4 13 13.8 14.8 15.9 17.2 12.2 7.9 7.1 6.9 7.9 12.6 12.9 15.6 18.2 29.1 29.9 33.2 37.1 38.2 43.2 49.6 58.4 59.6 56.7 68.9 72.3 87.7 95.9 99 93.8 94.3 80.8 78.8 71.3 76.6 64.6 47.2 28.9 28.2 39.8 49.9 52.3 53.4 52.9 57.4 53.7
90.2 79.9 65.8 52.7 39.3 33.3 28.1 22.3 17.1 11.3 5.5 2.5 1.3 1.3 1.3 1.3 1.3 1.5 1.4 2.3 6.4 14.1 12.4 11 7 7 7.2 8.5 12.9 16.8 16.2 16.4 12.4 12.5 11.9 14.1 14.7 16.1 16.1 15.9 12.7 8.3 8.6 7.9 7.5 12.9 15.9 14.8 16.8 22.7 28.8 32.6 36.7 45.4 54.7 67.8 80.1 71.8 73.2 71.9 84.4 90.9 104.8 115.5 118.8 107 108.8 96.7 90.8 85.8 90.8 71.6 55 35.9 36 49.5 62.3 79.8 71.5 63.8 46.3 45.8
86 72.6 58.7 45.2 36.4 31.5 26.7 20.6 11.1 6 3.9 1.5 1.3 1.2 1.1 1.2 1.3 1.3 1.4 3.4 7.7 10 10 7.7 6 6.7 8.5 8.9 11.1 14.4 13.1 13.7 14.4 22.3 32.1 27.5 25.8 28.9 25 18.6 12.6 9.1 9 8.6 10.8 17.9 17.6 21 23.4 33.6 37.6 42.5 49 62.5 71.9 80.6 86.1 86.3 87.8 95.6 99 109.1 120.1 130.9 132.7 123.2 108.9 104.4 93.5 99.7 97.2 76.8 57.6 40 46.3 62.1 74.6 86.7 72.8 65.6 53.8 34.2
75.3 64.5 53.2 40.9 34 29 23.2 14.9 6.6 3.8 2.1 1.1 1 0.9 0.8 1 1.3 1.3 1.3 8.3 13.6 10.2 6.4 5.8 5.9 8.6 10.8 10 12 13.9 15.7 28.5 40.2 41.8 41.6 37.8 36.1 33.9 26.4 17.2 11.3 11 12.1 14.2 16.1 21.5 30.4 33.3 41.8 49.4 51.8 59.9 57.4 74.5 90.2 91.8 93.7 94.5 103.2 110.2 110.6 124.6 131.8 136.6 135 128.6 112.9 112.9 97.8 107.3 107.3 76.6 60.5 57.1 54.2 69.5 86.9 81.3 72.1 63.4 54 47.5
