data/180000-820000.asc
ncols 200
nrows 200
xllcorner 180000
yllcorner 820000
cellsize 50
[rows 148 to 184 of 200, columns 83 to 165 of 200]
156.3 157.2 158.8 154.7 158.4 164.8 172 184.8 203.6 238.8 269.9 284.3 311.6 324.5 348.6 360.3 362.1 371.1 379.8 377.3 377.4 369 379.2 378.4 375.4 375.4 378.2 386.5 396.9 397.1 395 386.3 386.1 382.8 376.4 389.7 395.6 391.9 394.8 405.2 413.1 422.1 418.6 413.4 430.4 414.2 398.2 394.3 401.4 408.2 412.5 421.4 432 438 445.4 453 458.4 463.2 460.2 465.1 462.1 465.8 457.9 456.3 456.8 458.3 454.2 449.6 449.4 449.2 442.1 432.5 416 400.2 379.6 374.9 369.1 356.9 343.9 318.4 291.4 264 242.1
170.7 171.9 175.3 171.4 167.7 170.7 180.3 190.3 213.2 250 276.4 308.9 346.8 360.7 367.8 372.1 378.1 387.1 390.8 394.6 390.8 387.6 390.2 389.2 394.1 395.5 401.6 406.6 402.5 404 408 399.8 399.5 396.9 400.9 402.6 409.6 400.6 398.2 409.6 424.5 430.7 436 439.5 448.8 442.6 429.6 414.2 414.2 422 424.6 433 441.5 454.6 459.4 469.8 479 478.6 477.8 479.2 476.2 472.7 466 471.3 467.9 461.3 461.3 456 450.1 448.1 450.8 452.4 441.6 413.8 387.4 369.2 345.8 332.4 322 301.1 278.7 259.3 241.6
188.3 189 190.5 184.7 181.4 177.9 183.5 198.9 222.6 253.5 293.5 318.6 339.4 362.3 376.4 380.5 382.6 390.3 389.6 387.6 386.6 383.1 387.3 393.1 400.5 400.8 403.2 409.6 409.6 421.4 428.9 424.3 420.7 421.2 422.8 422 429.4 416.8 416.8 415.4 425 435.9 437.7 440.2 447.2 438.8 433.6 433.6 432.8 448.6 452.2 455 469.4 478.4 480.4 478.1 490.4 488.9 484 490.2 490.8 485.4 482 481.6 480.2 471.2 466.2 463.4 456.3 453.4 464.2 464.2 453.1 437.6 410.6 380.4 351.2 325.5 299.6 283.2 267.4 254.8 240.6
203.3 207.5 206 204.9 201 196 189.5 203.5 224.5 259.8 294.6 316.5 338 360.8 372 381.1 381.2 376.4 370.8 370 379 380.4 382.1 387.2 389 393.6 400.5 408.5 420.2 424.2 430.8 426.8 430 431.1 433.2 445.7 449.3 448.5 443.7 457.7 459.4 463.4 463.1 456 449.4 448 451.2 460.6 462.4 469.2 475.9 463.3 471.6 479.9 483 487.4 487.4 484 484 490.1 492.4 495.4 490.8 488 480.5 477.3 472.5 474 469.8 469.5 472.8 473 463.9 452.7 432.1 398.7 368.6 330.9 305.1 278.8 261.7 245.7 230.8
209.4 221.2 223.3 223.8 220.2 214.5 206 199 220.3 246.4 279.3 310.4 338.8 353.1 367 376.5 375.2 365.6 363.7 364.8 376.9 380.8 379.1 381.2 391 399.2 409.7 420 426.5 427.1 429.3 429.1 429.1 432.1 438.1 456.5 462 468.2 464.4 472.2 478.8 481.6 486.3 481.5 480.1 479 482.2 496 503.4 505.9 503.4 501.6 491.9 486.4 482.8 486 484 484 484 497 500 500 492.7 488.1 480 478.8 471.7 471.7 475.4 480 480 474.6 468.8 453 446.4 428 384.8 354.9 324.4 292.8 267.8 251.2 244.7
220.4 224.6 231.8 241.4 251 248 233.5 226.6 222.8 237.9 270.3 312 334.8 346.7 350.6 358 355.9 353.9 352.4 359.2 366.4 368.5 375.4 383.5 400 408.8 410 412.3 418.7 427.9 424.7 423.9 425 439.9 445 453.3 459.8 469.2 470.8 479.6 483.2 486.6 492.6 496.5 500.8 516.6 513.1 522.6 530.6 540.2 540.8 532.5 520.8 524 521.4 514.2 499.6 484.8 490 499.9 498.1 493.4 491.1 490.8 479.8 480.6 475.1 471.1 472.4 475.6 472.8 470.8 457.2 446.9 431.5 424.1 406 377.4 340.3 306.4 276.8 267.3 250.2
223.7 234.5 252.4 269.4 296.6 289.8 269 261.7 258.4 253 283.8 307.4 325.4 333.7 338.7 337.7 342.4 343 345 365.6 360 362.9 369.7 384.2 400.4 400.7 401.3 403.4 406.6 414.4 420.2 416.7 420.1 427.3 438.3 441.3 450.8 457.6 474.3 486.6 491.4 497.7 505 518.1 518.5 520 525.2 541.2 547 553.4 557.4 551.6 545.2 544.8 540.9 532.8 520.8 519 511.6 505 496.4 488.5 481.7 479.1 479.2 472.6 469 461.8 463.2 463.4 460.8 453.1 442.6 431.5 424.3 402.2 386.4 355.8 334.4 314.8 296.4 279.4 272.4
224.8 241.3 268.9 290.2 307.9 314.5 317.6 317.5 298.8 286.6 295.9 295.1 306.6 322.8 328.7 332.8 339 339 343.7 356.5 360 363.8 365.8 380.8 392.8 397 397.2 399.9 401 409.3 408.4 409.3 416.3 424.3 432.2 440.3 452.1 468.2 477.3 490.3 499.5 501.7 513.1 526.9 532.7 538.9 548 557.4 561.7 570.2 573.6 564.9 562.8 565 563 546.6 542.5 543.3 536.9 534.8 523.5 501.2 491.6 494 485 481.8 477.1 465.2 462.2 457.2 451.8 439.9 431.8 428.6 424 399.4 388.9 375.6 357.4 338.4 319.2 307.4 303.4
235.3 255 281.6 311 345.3 347.7 351.9 354.9 348.6 336 332.3 323.8 335.4 341.2 341.2 331.1 336.5 339.1 340.4 349.6 359.8 369.4 369 378 390 392.7 392.8 398.3 410.8 401.8 404.5 410 417.1 423.9 433.9 442.9 454 467.2 475.4 492.7 500.2 501.5 508 530.9 546.8 559.4 560.5 566.6 570 573 573.6 563.2 569.8 570.5 568.7 576.6 574.3 565.4 562.6 554.7 548 539.8 529 520.6 521.2 510.8 500.4 496.4 491.1 479.6 460 458.6 457.8 470.2 464.2 444 429.6 405 383.8 361.8 345.5 335.6 335.1
248.5 267.2 309.5 343.2 357.4 367.2 371.5 372.2 368.9 365.7 354.2 352.8 347.5 345.6 345 348.6 348.5 343.5 342.2 342 351.3 362.6 366.3 376.3 385.1 387.6 388.3 393.3 398.7 399.2 410.6 410.9 412.4 422.1 441.6 458.8 468.2 469.2 476.7 488.5 494 498.2 510.7 530.5 545.2 557 566.2 569.3 570.2 569.4 565.7 563.2 568.3 570.8 567.1 570.2 581.4 579.4 576.7 571.2 568.6 566.8 557.2 546.2 540.3 529.2 519.2 500.6 492.2 487.4 479.2 475 478.1 477.8 471.2 469 452.9 434 405.6 387.6 379 368.4 360.3
258.3 282.7 335.1 345.5 360.7 371.6 380 380.9 376.4 371.4 370.6 361.4 351.9 348.7 352.5 356.1 355.2 350.9 348.4 357 360.8 361 363.5 368.8 378.1 383.8 385.3 386.9 389.6 393.6 402 402.8 410.9 425.6 441.5 462.2 471.6 479.4 479.1 485.6 497.1 513.2 525 545 553.1 565.4 570.4 568.8 570.8 569.2 565.9 563.4 572.2 567.9 567.1 567.1 582.3 590 586 580.9 571.2 570.2 557.9 547.4 539.7 533.4 522.9 499.4 498 489.3 489.8 489.8 486.5 479 478.2 470 456.8 442.1 432.4 417.4 419.2 412.6 404
267 304.5 334.6 349.2 358.1 369.1 371.6 377.4 377.8 376.2 370 365.2 358.5 355.9 356.8 366.3 358.4 355.4 358.8 364.3 365.9 366.1 370.3 370.6 370.3 378.4 381.2 381.8 385.9 389.6 396.8 399.7 408.8 422.4 441.3 459.9 476.8 489.2 484.4 494.6 526.8 542.9 555.2 567.1 577.8 581.2 580 570.5 568.8 568.3 565.4 564.5 580 571.4 567.1 580.4 598.6 589.4 588.5 576.5 569 557.5 544.9 538.4 532.1 527.2 511.6 519.6 511.8 493 486 490.4 490.8 479.2 479.6 471.2 455.2 453.9 450.8 445.5 440.4 432.5 425.7
288.1 311.7 338.4 351.1 360.7 372 377.7 375.4 377.7 374.8 371.8 370.3 368.7 365.2 367.3 361.6 364.5 363.6 368.2 371.9 369.8 374 377.6 372.5 372.4 377.2 377.2 379.2 385.7 394.8 407.8 413.2 408.8 423.7 442 459 473.2 489.9 494.6 512 540.4 549.6 555.8 561.2 567.9 575.9 576.8 569.2 569 567.7 564.1 565.7 569.5 567.1 574.6 590.9 592.6 599.6 596.2 582.4 568.9 560.4 556.9 546.6 541.6 536 532.8 527.6 510.5 502 491.3 485.6 479.2 479.2 470.8 468.9 464.8 460.6 463.2 465 454.8 449.4 440.8
317.1 339.8 340.8 349.4 359.6 368.2 368.9 370.9 377.5 375.6 379.6 377.3 371.1 373.9 372.6 370.7 373.2 375.4 376.7 379.7 379.2 380.5 381 378.8 382.1 382.5 380.8 380.3 389.8 401.6 413.6 420.5 417.7 426 439.4 461.3 473.3 502.2 521.2 536.8 546.8 549.8 549 553.7 563.4 569.2 578.2 576.5 574.8 573 572 573.4 573.8 582.2 591.2 591.2 589.2 589.5 588.6 579.9 581.2 575.6 570.5 558.1 550.9 546.8 548.4 533.9 528.6 518.6 502.2 492.7 484.2 475.1 469.6 470.5 468 469.6 467.8 469.8 452 449.2 440.3
329.5 338.8 346 352.1 362.7 363.2 369.3 370.7 375.9 384.5 385.8 379.5 380.8 381.8 385.7 388.7 390.2 388.2 384.5 380.8 378.6 380.2 391.3 400.2 396.4 388.2 383.2 386.3 397.6 409.3 419.7 420.8 419.3 425.9 444.5 465.6 493.8 520.8 539.6 541.8 543.3 543.4 546.5 554 572.4 570.3 580.1 587.7 590.8 581.6 580.3 579.4 583.6 590.8 591.8 589.4 589.8 590 592 589 585.6 572.7 561.8 558.9 558.4 550.4 542.4 538.8 528.3 515.6 514.2 505.5 489.2 479.7 478.9 479.2 476.9 470.8 464.8 458.4 448 446.4 443.4
326.1 339.8 358.2 366.8 359.9 358.7 362.3 365.7 379.4 383.2 382 387.4 393.7 398.3 400.5 400.8 400.8 398.9 395.2 386.3 382.6 387.1 400.2 406.4 402 391.8 391.5 399.7 395.8 416 420.2 422.4 422.8 430 453.3 493.4 510.8 528.5 533.6 538.2 535 530.8 534.2 543.5 565.1 569 587.6 587.7 580.9 577.3 578.6 580.8 590 590.7 597.8 599.2 585.6 588.4 588.7 580.6 575 562.6 559.2 559.2 554.8 545.3 540.8 535.6 521.9 511.9 509.7 498.8 490.4 488.8 481.2 480.1 480.3 468.3 470.4 454.7 448.4 452.6 460.9
334.3 351.8 360.9 361 358 353.9 355.2 360 373.8 380.8 378.5 396.4 404 410.3 409.4 408.4 400.8 399.2 399 390.4 400.8 400 401.5 401.9 398.5 399 403.5 414 415.9 410.3 417.9 423 429.2 439.8 480 489.6 517 525 529 522.6 521 517.6 526.8 540.6 559 575.5 582.2 576.3 580.8 580.8 576.1 570.4 578.4 588.8 589.7 586.2 579.4 580.3 582.3 579.2 570.3 559.6 560.8 556.4 549.4 542.1 540.1 527.2 516.5 506.6 498.4 500.4 496.1 490.8 489.1 489.8 480.3 466.9 459.9 456.2 460.6 480.8 477.7
335.6 347 352.9 355.6 353 351.1 350.3 353.6 363.2 371.6 384.8 404.3 407.3 407.9 404.5 401.6 399.4 398 393.8 389.5 398.8 405.2 406.4 407.7 406.6 409.7 412.6 419.2 419.6 416.4 419.1 425.2 438.2 455.3 475.2 491.6 502.2 508.8 519 504.5 509.1 511.6 525.8 543.8 558.6 560.2 556.4 559.8 570.8 569.8 567.5 565.3 574.2 587.8 582.3 577.9 571.5 566.7 570 567.7 563.7 560.8 555.4 544.4 540.8 534.5 533.3 519.4 511.2 520 517.4 512.5 503.4 490.7 494 497.5 487.9 480.7 472.3 476 484.4 486.8 480.8
336 342.5 350.3 350.9 349.3 348.2 347.8 347.8 347.8 357.6 380.4 386.3 394.2 397.1 395.5 394.1 394.4 392.1 389 389.5 389.8 400.9 407.9 415.3 417.5 415.6 413.3 416.6 419.7 419 423 424.2 449.8 459.5 472 479.6 491.6 496.8 502.4 491.6 511 517 543 546.7 546.2 546.9 545 552.6 561.4 559.7 560.7 564.1 571.2 579.2 572.2 569.5 565 550.4 554.8 565.9 555.6 552.4 544 530.7 526.6 523.8 521.4 523.6 534.3 532.9 523.4 513.9 505.3 496.6 498 494.7 500.8 492.1 481.7 481.2 488.3 489.9 480.4
342.1 349.1 349.4 349.8 349.1 348 349.1 347.8 347.8 347.8 373.3 375.9 379.3 384.6 388.9 387.7 390.7 389 388.3 388.7 395.3 404.7 411 416.7 419.1 416.5 416.2 416.9 425 431.4 455.6 455.4 450.5 456.2 465.4 470.3 475 487.2 486.8 487.8 508.8 522.5 526.9 530 526.7 530.8 542.3 551.8 552.9 560.9 559.7 564.2 569.9 568.6 568.3 559.2 550.2 543.4 551.1 549.5 543.4 538.6 529.2 523.5 522.1 532 535.2 537.8 539.6 530 523.4 507.3 500.7 495.6 493.2 507.9 500.4 493.9 489.7 484 489.7 486.8 478.9
353.6 352.4 351.3 349.5 349.1 350.2 352.9 353.6 347.8 353.8 362.4 366.7 366.9 371.3 377.8 379.9 380.7 385.5 385.4 389.3 396.4 403.9 410.3 411.2 410.9 410.8 415.5 422.8 440.6 453.2 460.6 462.5 459.7 460 460 468.6 469.6 476.5 478.6 485.2 503.4 504 508.7 513.2 518.4 528.7 547.9 570.8 575.2 576 568.2 580.4 578.8 574.7 568.3 559.6 546.8 540.8 543.6 540.5 537.3 531.9 524.7 528.8 539.4 546.7 545.5 544.3 538.2 526.4 511.5 498.3 494.9 497.5 502.5 502.5 501.4 498.6 490.3 488.9 489.4 483.1 474.3
351.8 351.4 349.2 351.3 351.3 356.4 354 351.5 351.3 359.6 358.8 361 358.8 364.7 370.4 376.8 379.8 384.8 391 396.1 400.3 408.1 410.6 411.7 409.5 413.8 424.3 447.2 459 470.2 470.9 471.2 469.4 464.3 463.5 469 475.9 484.6 480.6 490 494.1 499.5 515.4 519.2 528 561 571.8 577.7 577.6 574.6 570 574.5 573.4 569 564.7 548 539.4 548.4 535.9 529.8 529.7 526.6 540.8 540.8 543.2 545.4 540.2 533.6 526.6 518.6 507.9 499.2 494.6 503.4 502.1 507.8 504.9 499 490.9 489.4 487.6 477.5 465.6
342 341.6 342 345.5 345.1 350.2 350.2 349.3 349.1 352.3 357.4 359.8 361.4 367 370.9 378.8 385.8 394.5 402.4 403.2 407.9 409.7 410.9 410.4 415.3 427.7 449.9 465.2 467.8 468.7 472.3 471.2 472 467.9 473 476 480.7 486.3 481.3 490.4 500.4 510.2 514.8 523.4 544.3 554.7 563.4 564.8 565.4 564.1 563.2 566.7 564.7 559.8 550.7 530 530 541.3 529.2 528.7 529.6 540.3 540.8 540.8 540.9 539.3 532.9 525.5 520.8 514.6 499.6 492.8 499.8 508.3 500 509 503.7 494.3 487.5 485.5 482.7 473.2 462
331.7 333.4 336 339 339 341 347.5 345.4 349.1 353.6 358 367.5 369.8 372.9 375.8 381.7 391.6 404.3 412 416.6 415 412.1 416 427.6 440.2 458 465.7 468.8 469.2 468.4 470.3 468.5 488.7 491.8 499.6 494 485.1 481.2 481.8 491.3 503.7 509.2 519.4 528.7 541 549.2 550.1 554.7 560 559.2 551.8 555.4 550 543.3 538 529.1 531.9 530.5 528.9 537.6 538.7 540.8 540.8 539.6 528.8 525.1 519.3 516.7 514.2 501.1 494.2 488.8 501.2 501 501.1 500.8 496.9 490.8 486.3 481.2 475.5 469.1 456.1
328.9 328.9 331.8 335.9 339.4 335.1 338.9 341.4 351.2 359.1 366.4 374.1 378.2 381.1 382.1 392.6 397.2 410.5 426 427.9 421.8 437.7 446.6 457.4 466.6 472.8 480.7 477.7 470.5 468.2 468.2 490 499.7 499.9 500.8 499.4 494.8 492.1 485.1 491.8 500.6 507.8 517.2 537.2 550.4 550.2 550.8 550.4 550.8 550.1 549.8 550.2 541.3 535.5 530.9 521.2 523.6 525.2 537.8 535.4 538.8 540 536 530.3 517.4 510.5 503 503.5 499.6 484.8 482.8 486.2 494.7 491.6 501.3 501.1 493.9 483.1 481.9 476.7 471.4 461.2 452.3
329.6 330.3 331.1 328.9 328.9 330.2 335.7 344.1 355.5 363.2 370.5 379.1 386 387.8 390.7 399.6 401.1 406.9 420.3 431 434.7 443.2 452.8 459.8 471.3 481 485 489.4 482.4 486.4 491 499.6 501.4 506.9 518.4 515.4 508.6 508.4 498.8 503.1 508.3 508.2 517.3 534.8 542.6 539.6 547.6 550 545.2 542.8 540.7 539.2 539.7 533.4 521 513.6 519.6 537.2 541.2 535.4 539.8 536.1 529 520.2 507 493.1 486.5 486.6 485.5 481.1 478.6 479.3 480.2 490.9 494.4 490.4 486.2 479 476.1 470.6 465.5 451.8 447.7
331.1 328.7 327.4 328.7 328.9 335.1 339 355.3 372 381 383.8 391 395.6 399.7 401.7 403.5 400.2 404.4 414.4 428.8 445.1 463.1 465.9 488.2 501.6 507.5 506.9 504.8 501.5 502.4 511.2 519 519.3 531.2 532.8 530.3 523.5 520.3 517 522 528.6 525.6 530.2 530.3 529.6 531.8 540.2 541 539.7 536.4 530.4 534 534.4 530 517.6 512.1 520.3 531.8 539.4 539.6 533.8 526.4 514.8 504.6 493.5 483.2 478.7 479.1 479.1 474.5 471.2 474.6 477.7 487.3 489 483.5 478.4 475.6 472.1 462.5 455.3 439.2 433.6
324.8 320.2 323.6 329.3 336 341.2 346.5 360.9 373.7 385.3 399.6 398.8 401.9 409.3 410.1 409.8 399.9 402.4 417.6 457.2 474.6 488.7 491.6 505.8 509.2 513.4 524.6 527.6 531.3 529 528.9 537.2 535.2 537.4 540.4 539 540.2 532.4 529.6 531.4 539.1 537.2 537.2 539.2 538.1 539.4 536.2 535.3 530.1 525 519.4 526.3 529.2 522.2 512 515.6 519.2 528 539.3 538 526.6 514.2 505.4 492.5 481.7 470.6 470.1 474 472.1 467.8 468 470.4 477.1 484.5 486.6 480.8 477.9 475.2 471 459.7 442.8 427.1 421.6
316.4 321.3 326.1 332 338 340.3 349.1 358 368.2 379.3 391.1 395.4 398.3 409.4 405.6 401 397.7 408.7 431.9 463.8 485.4 495.8 505.4 514 520.5 521.1 529.4 531.1 539.4 539.6 531.4 538 542.3 538.6 529.1 535.7 537.4 533 522.2 527.8 535.6 529.1 532.4 528.8 524.6 527.1 530.5 529 520.5 513.6 509.5 509.2 509.4 507.6 513.5 520.4 519.8 524.3 531 530.4 520 508.2 494.1 476.4 465.8 460 466.4 469.1 464.9 459.6 464.3 468.8 473.3 480.4 474.4 479.5 479.5 476.7 464.7 449.2 433.9 421 413.7
315 322.1 329.6 333.6 342.5 353.6 350.2 358.4 359.1 370.9 382.4 389 388.1 393.9 392.9 389.6 405 418.4 448.2 470.2 482.1 498 509.6 510.8 519.5 523.3 520.8 515.6 523.4 528 516.8 523.4 533.6 531.4 518.3 515.1 519 513.5 511.2 508.2 513.5 509.4 509 516.3 513.6 507.4 513.7 519 510 499.8 496.8 491.8 498 513.4 519.8 519.3 518.8 529.1 528.4 523.6 513.4 497.7 484 467 456.7 452.1 454.2 453.6 451.5 455.6 460.6 465 471 473 469.1 474.4 475.8 468.8 458.2 437.9 425.5 412.9 406.8
313.1 319.3 323.9 331.4 345.7 351.1 357.9 358.8 359.3 363 365.3 370 371.9 374.4 376.8 396.3 414.7 436 446.5 467 477 487.6 507.6 510.5 509.6 498.3 497.1 497.7 494.1 495.6 488.5 490.8 498.8 500.6 496.7 490.6 491.5 490.8 496.4 489.6 492.7 496 490.7 490 495.8 492.3 488.7 490.2 487.1 482 473.2 475.6 510.8 518.2 518.8 518.4 518.7 520.4 512.7 501.4 492.6 485.5 476.6 462.5 451.9 446 445.3 445.7 444.2 452.6 459 461.8 459.6 459.5 460.8 465.8 464.1 458.8 443.4 428.1 417.2 408.5 402.5
305.2 309.2 316.7 328.8 336.3 341.4 348.5 354.2 352.9 348.4 353.6 357.1 358.5 358.6 365 376.5 400.6 436.6 451.3 458.4 464.2 474.9 493.6 499 499.2 495.5 479.6 473.2 473.7 468.9 467.6 459.9 468.8 466.2 461.5 458.8 464.2 467 466.4 467.5 468.3 470.6 470.9 470.1 472.8 480.8 477.1 467 461.9 454.8 454.4 485.6 509.3 511.2 506.7 498.8 496.2 493 486.3 478 473.6 475.6 468.2 457.3 447.9 441.3 440 441.4 441.6 454.1 455.8 456.7 449.6 448.9 450.4 451.9 460.8 444.1 428.9 419.1 411.2 408.2 403
292.6 296 307.6 319.3 325.2 325.9 332.2 335.7 335 333.1 326 331.2 340.3 342.4 352.9 364.9 384.1 397.2 412.8 430 441.2 452.1 463 472 464.3 467.8 464.1 459.2 445.6 435.6 432.5 430 436.2 443.1 435.4 433.7 436 442.4 444.6 440.6 446.3 453.5 449.3 451.9 445.4 455.6 451.8 442.3 431.2 432.2 458.2 487.2 500.8 499 489.5 479.4 476.8 466 459.6 462 458.9 453.9 448.4 442.9 436.2 432.1 434.6 428.4 440.3 449.5 451.4 447.5 439.2 438.5 443.6 450.8 445.2 430.2 422.2 415.4 411.3 408.4 405.4
276.4 280.3 289.5 299.8 305.4 310.6 312.2 309.2 306.9 305.2 304.5 305 313.3 334.4 342.6 355.8 374.1 400.4 411.4 420.5 427.8 438.6 440.8 449.4 443.6 438.7 441.6 432.4 415.6 413 409 408.8 412.8 414.8 406.8 409.5 410.3 415.3 421 421.2 422 429.2 428.8 433.2 426.9 426.3 423.2 415.6 404 437.5 469.4 479.7 480 475.3 469.4 458.8 448.6 450 446 440.4 444.3 442.1 435.7 431.5 427.8 423.9 426.7 419.8 429.6 438.8 440.2 439.4 433.7 433.8 434.2 436.6 429.1 422 419.3 411.9 410.4 406.1 404.6
257 262.4 260.9 275.7 282.4 291.5 289.9 290.8 285.1 281.8 280.2 280.5 294.2 321.4 334.5 344.3 362.6 367.2 392.2 404.8 413.3 424.6 423.9 422 420.8 414.9 410.4 406.4 397.4 391 384.2 379.5 386.8 386.6 389.3 393.8 390.6 392.4 399.1 398.4 397 402.8 415.2 417.8 405.9 401.1 394.2 381.2 420.2 448 459.2 460.6 462.8 456 447.4 439.8 436.7 436.9 434.6 431.1 428.2 428.1 426.3 425.2 420.5 415.6 418.3 415.4 424.1 425.4 425.8 428.4 425.1 419.2 415.6 422.6 420.6 419.2 413 406.1 406 399.7 400.8
239.4 242.4 244.6 253.4 262 264.9 263.3 260.7 259.3 254.6 256.4 255.2 266 296.2 307.2 309.3 330.2 352.4 354.1 376 388.2 393.4 390.2 388.9 388 381.4 381.8 374.2 365.1 361.4 349.1 343.9 349.2 356.6 357 366.6 372 375.2 380.4 385.5 379.3 382.2 387.4 394 386.8 369.4 359.2 402.8 431.6 447.6 446.2 444.8 446.2 440.4 429.1 426.3 427.1 430.2 425.9 423.8 423.2 421.7 419.9 415.9 409.9 405.2 402.4 406.6 413.9 413.3 413.9 415 411 402 404.3 408.4 414 414.1 408.9 400.6 399.3 399.4 389.6
223.6 225.1 227.1 230.1 246.5 251.3 245.2 235.7 228.7 231.4 235.1 234.3 235 267.6 272.9 273.8 283.6 313 324.4 333.7 349.8 351.4 360.2 355.6 349.4 350 347 338.8 335.6 326.4 318.3 315 317.4 323 330.8 337.6 341.4 348.4 358.4 361.8 358.7 356.4 359.4 368.7 360.9 334.6 376.8 395.6 410 422.4 435.4 440.2 428.8 422 418.8 416.5 416.4 418.5 417.6 418.8 417.1 419.4 415.1 408.1 401.4 395.8 393.2 400.8 400.7 402.4 400.7 397.1 396.2 387.4 392.4 408.4 409.5 410.9 403.3 396.6 391.6 390.2 384.5
