data/180000-890000.asc
ncols 200
nrows 200
xllcorner 180000
yllcorner 890000
cellsize 50
[rows 123 to 163 of 200, columns 93 to 185 of 200]
15.6 18.5 22 23.4 25.1 26.5 27 28.7 31.4 32.9 32.5 32.4 31.8 30.7 31.9 31.9 31.9 31.9 31.9 31.9 31.9 31.9 31.9 31.9 31.9 31.9 36.4 38.4 41.3 42.8 43.7 48.4 51.1 52.3 52.6 48.7 43.2 39.9 38.2 39 42.1 46.7 50.5 53.7 51.8 51.4 51.7 54.6 52.1 48.1 44.6 46.4 46.5 43.2 41.9 45.1 52.3 50.7 51.9 42.6 37.6 38.6 42.3 42.4 38.1 31.8 23.2 15.9 13.5 12.3 12.7 12.2 11.8 11.8 11.9 18.1 23.5 23.7 22.5 21.9 23.3 26.7 29.7 29 26.7 25.9 26.6 27.3 27.5 28.3 28.6 26.7 23.6
22.5 22.3 23 22.4 22.7 23.8 24.5 26.4 28 29.2 29.7 29.7 30.1 31.5 31.7 31.5 31.9 31.9 31.9 31.9 31.9 31.9 31.9 31.9 31.9 32 38.1 43.9 43.3 43.4 44.1 47.8 52.5 53.1 50.5 47.8 45 42.8 41 43.4 47.6 49.3 60.7 58.5 55.9 54.7 56.6 60 54.9 51.1 55.1 57.6 59.4 53.5 47.9 55.6 57.2 54 50.8 46.7 46.7 48.2 53.1 56.7 58.5 51 51.8 43.2 36.8 32.3 26.5 22.8 22.1 16 11.8 11.4 11.7 11.7 12.6 12.2 12.1 16 18.5 18 17.1 17.3 18.5 18.3 19.8 22.3 22.4 20.6 20.1
41.3 37.2 36 36 32.8 33.2 31 27.7 24.9 24.8 25.7 26.4 27.2 29 29.8 31.8 31.3 31.9 31.9 31.9 31.9 31.9 31.9 31.9 31.9 32.1 39.1 42.1 43 44.4 45.9 49.7 54.2 52.2 48.7 47.8 47.6 46 45.5 47.9 52.5 66.6 64.1 62.5 62.5 61.1 62.7 60.3 56.8 57.3 61 65 62.5 56.6 53.5 63.2 59 63.7 63.9 56.3 56.4 60.6 64.8 67.1 63.2 62.5 57.1 51.6 44.4 42.8 40.5 38.8 34.6 29 18.7 12 11.7 11.7 11.6 11.7 11.6 11.8 10.7 10.7 9.6 9.4 9.2 10.4 13.5 15 15.5 14.6 15.4
57.9 57.5 53.9 52.6 49.3 51.1 45.1 38.1 35 35.7 36.3 33.1 30 29.5 28.3 27.1 29.5 31.9 31.9 31.9 31.9 31.9 31.9 31.9 31.9 37.6 38.9 40.1 41.8 43.8 44.9 50.1 52.1 51 48.3 47.6 47.6 47.6 47.4 48.8 57.8 64.1 67.8 63.4 62.5 62.5 61.7 61.1 60.5 66.6 65 74.9 67.6 60 63.7 64.2 62.3 72.3 71.7 62.8 61.5 64.6 71.6 69.3 66.1 63 57.4 51.6 45.7 44.5 44.3 42.7 43.3 40.2 30.1 21.8 14.1 12.7 12.3 12 11.9 12.6 11.4 10.5 10.2 9.9 9.5 9.3 10 11.5 11.4 11.5 14.1
76.9 76.6 72.2 69.8 69.8 66.5 57 53.1 52.8 53.2 52.2 46.5 40 36.9 35.7 34.4 35.1 33.1 31.9 31.9 31.9 31.9 31.9 31.9 31.9 40 46.9 50.1 46.8 45.3 44.2 45.8 49.6 52.2 53.6 47.6 47.6 47.6 47.7 49.7 59.8 65.6 66.8 63.3 62.5 61.9 68.8 70 67.7 70.5 68.2 71.4 67.6 64.3 65.2 65.6 72.9 77 74.4 66.1 65.4 66.6 72.4 70.5 69.7 66 55.7 50.7 47.5 46.5 45.8 44.6 46.5 42.9 37.4 31.7 26.5 21.3 17.1 12.6 13.2 13.5 11.6 11.8 11.3 10.9 10.5 10.5 10.7 9.9 9.4 10.1 12.1
88.4 85 82.6 83.6 79.4 72.1 70 70.3 71.3 70.3 64.2 56 49.4 45.9 45.3 43.8 44.6 45.2 39.6 34.5 31.2 31.9 31.9 31.9 31.9 44.4 52.8 55.5 53.4 50.3 47.4 47.2 50.3 55.8 59.4 53.2 47.6 46.4 47.3 53.5 61.6 65.9 68.9 68 70.7 76.7 78.2 74.9 75.6 78.1 78.8 72 67.6 66.1 66.4 68.2 80.3 79.8 72.5 68.2 67.2 67.5 69 68.1 69.4 62.4 53.6 50.4 48.3 49.5 49.5 48.6 49.9 44.9 39.9 38.2 36.5 32.5 27.4 23.3 19.3 16.1 13.7 13.6 13.9 14.3 15.7 15.6 12.5 12 10.9 10.1 10.1
93.2 89.4 88.1 89.9 82.8 79.2 81.4 82.5 84.8 82 73.8 64.9 57.8 53.1 53.6 54.8 54.6 54.2 50.2 45.3 37.2 31.9 31.9 31.9 33.4 41.4 51.8 56.4 54.8 51.3 50.8 52.2 54.6 55.4 52.1 48.1 45.7 46.5 53.6 60.2 65.5 71.1 73.2 73.2 77.1 79.9 77.9 79.7 80.8 84.7 80.9 76.1 69.6 67.2 68.4 78.1 82.2 79.9 69.3 68.9 68.1 67.5 66.6 65.2 63.1 57.6 52.9 50.5 49.8 50 51.2 56.8 56.9 47.6 42.8 41.7 40.5 38.5 33.9 29 24.7 20.4 15.8 18 21.4 22.7 24.5 23.6 20.1 17.4 14.8 13.2 14.4
97.1 96.4 95.5 88.8 83.2 86 91.3 94.9 94.6 86.2 76.5 69.5 64.3 61.8 62.3 63.3 62.2 60.2 60 56.2 47.2 35.2 31.9 31.9 31.9 33.9 41.9 47.1 47.3 46 47.8 48.5 49.5 49 48.5 45.9 47.8 55.7 60.2 64.3 67.4 69.8 70.2 73.1 74.5 77.5 79.9 81.8 85.3 85.3 82.5 77.9 70 68.5 75.2 78.9 80.5 75 69.3 69.1 70.8 75.5 67.8 64 61.8 57.6 53.3 50.6 50.5 50.7 53.8 62.6 55.3 48.4 45 44.7 43 40.5 36.8 31.1 26.9 23.4 20.4 20.3 23.3 26.3 29.6 29.5 26.6 24.8 22.5 20.5 16.9
95.7 97.7 94.5 88.1 82.7 92.1 101.9 103.5 95.8 85 78.5 71.8 69.4 67.9 69.1 72.4 71.2 69.3 70.3 64.5 54.3 42.9 35 31.1 30.8 31.9 31.9 33.3 35.2 37.5 37.9 37.4 39.5 40.7 43.9 48.7 55.3 62.4 67.5 73.2 78.6 76.6 73.8 73 74 77.1 84.4 89.4 88.7 86.3 83.9 79.1 75.2 71.7 69.2 75.9 72.7 70.5 69.3 72.6 77.8 71.6 68.6 64.5 60.4 56.2 52.3 51 51.2 51.3 57.4 61.5 54.7 48.6 46.2 45.7 44.8 42.1 38.5 33.2 28.6 24.7 20.6 22.1 24.7 28.6 32.6 32.6 31.5 31.3 31.6 30.6 29.2
96.4 93.7 91.7 89.2 87.7 101.5 109.5 104.5 93.6 86.4 81.7 76 74.3 75.1 76.5 80.3 80.2 77.4 75.8 69.3 55.7 45 37.8 41.3 41.5 40.8 38.2 38.1 36.4 36.4 36.4 36.4 36.4 36.4 40.2 52.5 59.8 62.6 68.4 74.7 78.8 77.4 75.4 74.2 76.7 79.7 88 88.1 89.3 87.7 86 86.1 86.5 90.7 80.3 72.4 70.5 68.2 67.3 75.9 74 68.3 66.2 61.6 58.4 54.8 52.3 51.4 51.7 53.7 56.3 57.2 52.2 47.9 46.9 46.3 45.3 43.6 39.5 34.2 29.8 24.9 23.7 25 26.9 30.5 34.2 35.2 35.5 36.3 38.8 39.6 39.7
96.7 90.8 93 93.8 97.7 105.9 108.9 102.8 95.1 86.7 82.7 80.6 80.3 83.3 86.3 92.4 88.9 84.1 82.7 73.1 52 43 41.2 47.9 50.6 50.9 47.5 44.6 39.9 35.5 36.3 36.4 36.4 36.4 36.4 44.8 54.4 59.1 65.2 70.2 72 72 74 75.7 77.7 77.4 81.6 84.1 85.4 87.7 87.8 92.6 98.6 98.3 92 87.4 77.2 72.7 68 64.4 62.7 62.2 61.2 59 56.7 55.1 52.6 51.6 51.8 53.1 53.8 52.5 50.2 47.8 47.3 46.7 45.8 44.2 40 35.8 30.9 25.9 28 29.3 32.8 35.6 38.4 41.2 41.3 42.6 46.1 48.1 48.2
95 92.7 94.6 100.1 108.8 109.1 103.6 99.1 95.2 89.3 85.8 85.4 87.4 92.2 95.7 98.9 94.8 91.1 87.9 74.6 53.1 43.7 46.6 50 55.1 58.1 52.8 47.2 41.9 40.7 36.9 35.2 36 38.5 38 37.3 38.8 39.6 50.2 61.4 60.5 66.8 73.5 77.6 76.2 75.9 78.8 81 83.4 83.9 83.6 101.3 101.5 98.5 95.4 89.7 85.1 81.6 78.4 67.8 56.9 54.2 54 55.4 54.7 53.5 51 51.4 51.5 55 57.3 52.1 49.8 48.2 47.7 47.2 45.9 44.6 42.4 39.4 32.5 32.4 33.6 35.1 38.6 40.2 42.8 46.5 46.7 48.7 53.4 56.4 56.1
94.7 92.8 95.9 108.3 109.1 104.6 97.8 96.4 96.2 93.5 89.7 88.8 94.9 100.9 103.8 105.6 101.2 99 95.6 81.5 60.5 47.3 47.7 47.9 60.3 62.8 58.9 50.9 46 46.6 44.2 44.8 43.8 50 54.4 51.4 47.9 46.8 54.4 51 51.5 61.7 70.8 72.4 72.4 70.6 73.9 74.5 75.7 75.7 83.6 98.3 96.5 95.2 93.9 90.6 87.5 82.8 75.4 65.1 58.7 53.9 48.5 47.3 50 50.1 49.1 50.3 53 57.1 58.6 57.7 53.7 51.9 49.4 48.7 47.7 46.7 45.4 43.1 37.9 38.4 40.4 41.5 42.4 43.2 44.3 47.4 50.8 54.3 57.6 61.7 63.4
94.7 92.7 99.5 107.5 105.1 99.8 94.8 95.8 96.4 94.5 90.6 91.5 99.8 106.3 111.7 110.5 101.5 104 100.5 86.3 69.8 59 56.3 54.4 62.5 66.2 64.3 58.2 53.2 53.6 52.8 50.8 48.9 55.1 63.9 69.6 66.9 61.1 61.8 61.4 58.1 53.3 51.9 54.9 60.7 62.7 67.9 68.2 65.9 65.7 74 85 90.7 91.7 90.9 89.5 87.3 80.6 71.8 64.8 59.8 56.1 51.4 49.1 48.8 48.4 48.3 49.8 50.2 53.6 59.9 59.8 56.4 54.1 51.2 48.8 48.3 48.3 47.5 45.4 40.8 41.8 44.1 45.4 46.2 47.3 46.7 50.6 55.2 58.2 63.1 66.7 72.8
92.4 92.2 97.7 102.4 98.9 94.1 92.5 92.3 92.5 92.1 91.5 95.8 104.2 111.1 114.6 108.1 99.6 100.9 97.2 83.5 70.8 62.6 65.4 62.9 65.3 69.1 74.5 72 68 60.6 55.6 55.7 54.6 59.7 76.5 76.6 73.4 63.6 64.7 73.1 69.8 63.8 61.2 65.2 62.3 54.5 54.5 54.7 57 61.9 72.5 80.8 88.8 84.7 86.2 86.3 84.9 76.2 68 64.4 62.7 59.1 54.6 52.4 53.6 52.2 48.4 47.9 48.1 52 54.5 54 54.5 53.5 51.1 48.7 48 47.9 47.5 45.6 40 42.4 44.4 45.8 48.9 49.8 50 54 57.8 60 67 73.1 74.7
89.3 89.6 92.6 96.1 93.4 91.1 89.7 90.8 90 91.3 93.5 100.9 109.4 114.6 115 105.7 97.2 90.4 86.5 77.4 69.2 68 70.2 66.4 68.2 71.7 83.9 86 82.8 68 60.4 62.3 66.8 73.4 78.4 76.6 72.7 65.5 62.1 70.2 69.9 68.1 65.1 67.3 66.9 59.2 54.5 54.5 54.5 58.2 69.1 81.5 80.7 82.9 85.7 80.5 76.3 69.7 66.3 65.5 63.9 59.5 57.5 57.4 56.8 53.9 52.1 52.4 49.6 48 46.9 47 48.8 49 48.1 47.4 47.1 47.1 46.8 45.5 41.8 42.6 44.5 46.1 48.6 49.8 53 54.9 55.8 63 73.4 80.5 79.2
84.5 83.8 88 90.6 91.3 90.6 88.1 87.7 89.9 91.9 97.9 105.8 112.4 116.9 112.6 105.1 94.5 85 75.5 75.4 77.7 74.6 71.4 66.8 67.2 78.3 91.7 97.4 88 70.2 70 74 82.5 85.7 84.4 80.3 78.8 74.4 72.1 72 69.8 66.3 64.8 69.5 68.3 69.1 61.1 54.5 54.5 54.5 54.5 64.2 72.8 78 81.3 79.7 75.8 70 66 64.5 62.1 59.5 57.8 58.7 56.7 54.8 55.1 55.5 53.4 59.5 61.1 52.7 45.4 45.7 46.3 46.4 46.3 46.2 45.9 44.7 43.2 42.9 44.4 45.8 47.1 50.3 53.7 53.9 57.4 65.4 72.9 83.9 82
79.2 77.5 80.2 84.9 87.3 90.2 88.4 89.1 89.6 95.9 103.1 111 118.1 116.8 111.1 101.3 92.2 81.7 75.5 78.3 86.3 82.7 71.2 67.2 69.2 86.3 99.7 100 83.8 81.8 84.1 87.8 96 99.5 92.5 81.3 86.6 84.9 80.6 78.2 72.2 67.5 66.6 73.4 72.8 75.1 64.7 55.7 54.5 54.5 54.5 54.5 54.5 63.4 72.4 75.4 74.2 70.2 65.6 63.7 61.9 59.9 58.2 57.7 56.5 56 56.6 55.8 56 65.1 63.6 57.4 53.6 50.6 49.4 43.7 44.3 44.3 43.1 42.7 42.5 42.8 44 45.9 46.3 47.2 50.5 53.9 58.3 69.8 77.9 83.7 85.5
77.5 77.5 77.5 81.7 84 88.4 86.5 87.9 92.5 98.7 107.1 116.2 118.9 117.4 109.4 98 87.4 76.2 75.5 81.6 84.6 82 73.3 75.7 88 99.1 104.2 94.3 96.4 98.4 99.3 102.6 110.9 111.9 101.9 96.1 101.2 92.1 87.8 87.1 78.6 74.9 73.4 78.2 79.4 78.3 66 62.2 59.7 54.5 54.5 54.5 54.5 54.5 54.5 65.4 68 65.5 64.7 64 62.4 60.9 59 57.7 57.3 56.7 56.4 55 56.6 63.9 62.1 58.2 56.7 59.8 59.3 50 44.5 42.8 43.1 45.8 44.6 43.9 45.3 47.2 47.1 47.6 47.6 49.7 57.7 74.8 73.9 75.2 79.9
77.5 77.5 77.5 78.7 80.2 83.5 83.9 85.7 91.1 97.4 115.7 119.6 117.5 114.9 106.2 93.7 79.6 75.5 75.5 83.9 84.5 83.8 84 94.7 103 105.7 104.7 100.9 108.2 121 120.7 120.3 116.3 115.6 113.5 116.5 112.1 101.3 97.5 85.9 81.5 82.1 80.1 82.5 85 74.9 68.9 69.6 68.3 55.9 54.5 54.5 54.5 54.5 54.1 54.5 57.4 59.2 61.7 63.1 62.8 64.2 58.7 58.1 57.9 58.3 56.6 55 56.1 61.9 61.8 59.1 58.6 60.1 58.5 53 46.6 43.3 48.9 49.8 47.6 46.1 48.2 50 49.4 48.2 47.6 47.6 51 57.7 63.8 63.5 64.7
77.5 77.5 77.5 77.5 77.5 80.3 80.8 82 90.3 101 115.6 120.6 117.3 110.7 98.6 86.7 75.7 75.5 75.5 82.9 85.3 88.5 98.5 104.2 105.2 104.7 99.2 103.9 120 142.2 133.4 124.6 118.3 121.5 124.6 130.8 129.1 117.3 103.2 89.8 89.2 90.1 83.8 82.4 79.1 68.5 69 75.1 71.8 60.1 57 54.8 55.7 62.8 59.2 56.2 54.7 54.5 58.4 61.5 63.1 61.3 59 59.3 60.9 58.7 56.5 56 56 58.6 60.2 59.8 59 58.5 55.4 50.9 43.5 49.4 55.8 52.1 49.3 47.2 49.3 51 51.2 49.9 48.2 48.5 51.2 52.7 54.4 56 58
77.5 77.5 77.5 77.5 77.3 79.5 78.7 81 89.9 99.9 112 118.4 115.7 105.1 88.3 77.3 75.5 74.9 76.5 82 88.1 96.5 107 106.4 104.6 98.6 95.7 106.4 136.9 153 140 131.5 121.1 127.2 135.8 142.1 135.1 121.4 109.2 97.6 98.1 95.5 86.8 84.1 82.8 80.7 81.8 78.3 69 58 57.2 58.2 61.7 65.2 59.9 60.7 62.5 62.4 56 57.4 60 60.3 59.5 62.2 65.6 58.9 57.6 58.2 60.6 60.2 60 58.9 57.8 55.9 52.6 45.1 44.7 54 57.3 50.7 47.9 47 47.8 50 50.8 50.1 50.5 51.3 52.7 53.1 54.3 56.2 59.6
77.5 77.5 77.5 77.6 77.3 78.1 78 80.1 90.3 100.5 105.6 112.7 110.2 96.9 77.8 75.5 75.5 75.5 77.6 88.2 93.8 104.3 109.4 104.9 99.6 91 100.1 122.6 143.9 149 141.1 132.3 128.8 137.5 148.5 148.1 134.9 120.7 114.5 105 103.9 97.6 92.9 90.5 82.8 84 81.5 76.3 68.7 57.6 58.1 60.8 68.8 64.6 62.3 63.8 69.2 74.2 72.5 54.8 54.4 57.5 61.4 63.1 61.2 59.3 59.1 63 63.7 61.9 59.7 58.6 57.8 56.4 53.4 49 44.6 45.4 48.4 48.7 46.7 46.2 46.4 47.6 50 50.9 52.3 53.7 54.1 53.2 53.9 55.4 60
77.5 77.7 79.2 78.9 78.5 77.8 78 77.4 89 96.1 100.3 105.9 102 88.9 75.6 75.5 75.9 78.1 81 90.7 98.5 106.6 106.9 103.4 93.6 86.5 112.6 132.6 140.6 144.8 135.9 130.2 136.6 145.2 149.5 146.2 137 121.7 115.3 113.3 111 110.6 106 98.4 83.4 83.4 81.1 74.4 64.5 57.4 57.7 62.6 64.9 63.7 63.5 70 76.2 82.2 71.9 58.9 54.2 56.2 59.8 61.3 61.8 60.6 60.6 63.3 62.4 61.5 59.6 59.1 58.5 58 56.5 56.1 56.6 55.1 47.2 45.3 45.2 45.4 45.9 46.2 48.5 50.4 51.9 54.5 54.1 52.2 52.8 55 58.9
80.1 82.6 82 80.9 80.5 78 78.1 79.7 84.1 88.5 92.3 96.3 91.1 83.5 80.3 77.9 80.4 85.5 83.8 93.7 100.4 103.8 104.7 97.7 92.1 88.6 111.4 124.5 138.4 140.8 134 137.4 146 151.2 145.2 139.6 135.7 121.6 123 124.3 124.7 117.7 110.7 95.2 86.6 86.6 85.7 76.1 68.7 62.3 59.5 60 62.6 63.6 67.6 82 85.4 79.2 70.3 64.6 63 55.7 56.5 60.1 61.9 61.3 63.9 64.1 61.6 61.2 60.1 59.5 58.9 58.4 57.2 60.6 62.7 63.1 61 55.7 51.2 49.1 49.1 47.8 46.7 46.8 48.6 49 49.4 50.4 51.5 53.1 56.8
80 83.9 83.8 81.1 79.7 78 77.9 77.5 77.2 81.9 86 86.8 77.4 82.8 83.8 86.3 86 94.8 91.9 95.8 98.2 98.7 100 88.8 83.3 85.1 104.9 117.5 127.5 134.1 137.1 143.5 152.3 148.9 143.6 143 139.2 126.1 126.1 134.8 124.4 115.5 107.5 98.7 93.5 84.2 86.1 83 77.1 73 65 64.1 64.3 75 83.9 88.5 85.4 78.2 69.6 68.6 66.4 60.6 56.7 56.1 59.8 62.5 63.4 63.1 62 61.3 60.7 60.3 59.1 57.9 56.9 60.8 66.9 67.7 64.4 61 57.6 54.2 52.1 48.8 47.3 47.3 47.1 47.1 47.6 48.3 50.6 52.7 54.4
78.5 78.7 78.7 78.7 80.7 78 77.6 77 77 78.6 80.5 78.4 78.4 82.1 88.8 89.4 87.7 100 96.1 97.3 97.2 97.7 92.1 82.4 82.4 91 106.4 118.2 126.5 136.6 143.8 149.9 146.5 148.1 146.3 142.4 134.9 127.1 130.3 133.7 119.6 117.2 103.3 97.9 90.5 88.6 88.8 88.8 86.9 79.4 74.8 67.1 77.3 86.1 89.1 89.5 83.2 76.5 74.2 72.2 69.1 65 57.1 55.8 59.4 61.7 61.7 62 62.2 62.2 61.3 60.1 58.9 57.8 57.2 63.2 68.1 67.1 65.5 60.8 57.2 54.4 52.1 50.9 49.1 48.7 49.3 48.7 48 48 49.1 51.8 54.6
78.7 78.7 78.7 79.5 84 80.8 77.9 78.4 77.1 77.1 78.4 78.4 80.9 82.9 88.3 85.7 93.4 102.2 97.3 97.8 97.5 91.8 85 82.1 85.5 95.4 105.8 118.2 137 140.4 149.1 147.2 143.8 147.5 143.5 139.2 131.6 126.3 129.3 121.9 115.4 107.1 101.5 95.6 87 91.4 92.4 93.1 92.6 90 81.8 79.9 88.5 89 87.6 87.5 82.5 79.7 77.9 75.9 73.9 64.9 55.9 57.3 59.6 60.8 61.1 61.1 60.8 60.7 61.1 59.9 59 58.6 59 60.5 64.4 62.5 59.3 57.7 57.3 56.1 54.9 54.7 53 53.4 54 52.4 50.2 48.6 49.5 51.4 54.1
85.3 91.5 91.9 87.3 84.2 80.9 78.2 78.4 78.4 78.4 78.4 78.4 82 84.5 85.4 85.4 100.4 101 99.4 98.9 97.9 84.9 81.1 81.7 86.6 95.3 105.8 123.4 133.1 139.8 144.6 141.3 141.8 142.3 139.6 133.2 126.2 126.8 125.2 121.3 115 102.9 101.1 97.4 96.6 95.3 96.2 95.6 96.1 92.6 86.9 88.9 92.6 88.4 85.7 84.4 82.2 83.9 85.8 83 74.5 61.6 55.9 59.5 61.4 61.9 61.4 61.7 61.2 59.6 60.4 60.2 59.8 59.5 59.4 59.4 59 58.1 57.1 57.2 58.2 59.4 58.8 57.9 57.6 58.6 58.4 57.5 55.5 52.9 52.7 52.8 53.7
88.3 96.3 94.4 89.6 85.9 83.2 79.7 77.9 78.4 78.4 78.4 80.2 83.8 85.3 85.4 88 98.8 103.1 103.3 101.1 90.2 80.2 80.1 82.4 88.9 98.2 115.3 128.9 129.4 142.4 137.8 135.9 134.6 135.6 132.5 128.3 126.7 126.8 126.8 125 112.3 97.1 100.7 105.2 100.9 95.9 95.9 95.5 94.7 94.7 96.1 95.5 91.6 87.8 85.7 85.2 87 91.7 88.3 82.8 71.1 63.2 57 60.4 62.4 62.5 62.9 63.3 64.4 64.9 62.6 61.5 61.2 60.3 59.5 58.3 58 57.2 57 58.4 64.6 64.8 63.6 62.3 62.4 61.9 62 61.5 60.3 58.2 58 58 55
89.6 93.2 91.5 88.4 85.2 84.2 80.7 78.4 78.4 78.4 78.4 86.4 85.4 85.4 85.4 86.1 97.7 99.6 103.7 96.4 84.5 79.6 79.6 83.2 91.7 100.8 118.6 125.4 127.5 133.5 131.5 127.5 127 128.7 128.7 126.1 126.8 124.9 127.8 119 109.4 108 110.7 105.7 100.7 95.9 95.9 96.2 94.7 95.3 100.1 98.1 91.1 87.8 86 90.6 92.3 93.1 86.1 77.6 73.3 66.3 59.7 60.9 61.8 62.4 64.1 65.1 68.6 74.8 72.4 67.4 64.4 62.8 62.3 60.4 57.5 57.2 57 62.9 66 66.1 64.9 64.3 66.1 66.7 65.4 63.9 64.4 62.4 62.3 62.7 57.5
90.2 91.1 89.4 86.5 84 83.6 78.4 78.4 78.4 78.4 82.3 85.1 85.4 85.4 85.4 85.3 93.7 96.2 97.9 89 78.3 78.6 79.2 86 93.5 101.8 113.2 118.9 120.5 122 120.4 118.3 125.4 128.1 126.2 125.2 123.8 126.2 121.7 113 112.7 110.8 109.1 108.8 103.9 101.3 98.1 96.8 97.4 97.4 102 97.8 94.4 90.1 91.7 95.8 94.9 92.4 82.7 77.3 75.1 63.8 59.3 60.9 61.4 62.3 64.1 66.6 70.2 79 77.1 70.5 65.9 65.8 67.2 62.2 60.2 59.8 61.5 65.1 66.3 66.4 65.7 65.4 66.9 66.7 64.1 64.3 65.7 63.5 63.5 63.4 60.1
87.3 87.5 87 85.4 82.3 79.4 78.4 78.4 78.4 78.4 84.3 84.2 85.3 85.4 85.4 90.4 95.7 92.7 86.7 80.9 79.7 78.7 79.8 86.9 91.1 96.4 107.1 113.2 114.9 114.6 114.6 116.6 123.6 123.3 126.2 124.5 120.6 117.5 115.2 115 108.2 106.5 105 105.8 107.4 104 101.1 100.6 102.3 105.7 102.1 98.3 96.8 95.3 99.2 96.7 93.2 88.7 81.1 75.4 70.1 61.7 59.7 60.7 61.2 61.9 63.3 68.3 70.8 79.5 80.1 74.4 68.6 68.9 71.6 66.7 64.6 65 66.6 65.8 66.5 66.7 66.3 66.2 65.7 64.8 62.9 64.6 64.7 62.3 61.8 60.9 59
83.2 83.7 85.6 83 79.6 77.9 78.1 78.4 78.4 79.5 83.3 86.1 87 85.4 86.4 92.7 92.9 85.5 79.7 79.7 80.2 79.5 84.8 88.9 90.1 93.2 105.3 109.8 113.2 114.6 114.6 120.9 124.4 123.7 122.3 119 111.6 107.6 112.7 112.8 109.2 104.7 104.7 106 107.5 105.3 103.7 106.1 109.2 105.5 101.4 98.1 98.3 97.7 97.3 93.9 90.9 86.3 80.2 70.8 65.5 62.1 61.1 60.4 61.2 61.4 62.8 66.3 69.6 77.5 81 76.2 71.6 71.7 70.6 68.2 67.2 67.1 67.2 67.3 68.4 67.9 67.2 65.2 64.2 62.5 62.1 64.5 64.1 62.6 60.4 59.5 58.2
81.2 82.8 81 76 73.4 74.7 80.5 90.8 92.1 96.3 97.5 94.9 92.3 87.8 97.2 95.8 89.9 81.1 79.7 78.4 80.7 81.6 89.2 91 91 95.1 103.6 109.3 113.8 114.7 117.8 120.7 122.1 121.2 116.5 111.9 105 104.4 109.1 109.2 112 104.7 107.4 106.7 106.9 105.2 110.6 109.3 108.5 104.8 101.5 98.5 97.4 96.3 93.4 90.7 88.4 86.2 80.8 69.8 64.7 62.9 62.1 61.2 61 61 63.7 66.4 68.7 72.7 77.6 75.8 73.2 72 70.8 69.8 69.5 69.4 68.7 69.2 71.6 68.5 65.6 63.9 62.5 61 63.1 64.7 65.3 65.1 61 58.8 58.2
79.5 78.4 72.8 71.1 71.2 72.5 79.4 98.4 105.2 110.5 104.5 97.7 93.9 97.3 103.4 99.3 91.4 81.1 79.7 86 85.7 88.1 90.5 95.2 91 95.1 104.6 113.7 114.9 119.3 123.7 121.3 119.7 116.4 109.9 104.9 101 101.7 105.8 109.1 110.8 107.6 107.1 106 106.2 110.8 110 109.6 107.8 104.8 101.9 99.3 96.7 94 89.7 87.6 88.2 82.9 74.7 67.1 64.6 63.5 62.5 61.4 61.1 60.9 62.8 64.9 67.7 70.7 74.2 75.4 74.2 73.1 71.8 71.2 71.1 70.5 69.9 69.4 69 67.1 65.1 63.4 61.8 59.7 59.7 61.8 65.1 66.4 60.3 57.7 56.8
73.1 71.7 67.8 69.1 70.5 71.2 81.7 100.1 115.9 114.8 102.8 96 95.4 97.8 102.5 97.7 86.9 77.6 88.8 92.3 90.3 91.9 93.7 96.5 91.8 95.9 105.6 114.3 113.3 125.7 124.9 121.2 115.8 112.7 111.3 104.2 98.7 101.1 104.4 107.2 108.6 104.8 107.3 104.7 107.9 110 108.5 107 106.7 104.7 101.2 97.8 93 88.9 86.4 83.8 83.1 76.7 70.4 67.4 65.5 64.1 62.7 61.7 61.2 60.8 62.4 64.5 67.6 70.4 73.1 75.2 74.9 74.1 73.3 73.6 72.9 71.4 71.4 68.5 67 66.4 65.2 63.8 62.2 59.5 57.2 57.3 60 62 58.5 56 55.5
66.9 68.4 66.3 66 67.9 69.3 83 106.9 116.3 110.1 101.3 97.3 96.6 97.3 97.8 94.6 78.1 75.5 97.6 94.6 96.2 97.6 97.1 98.9 92.1 96.9 105 103.6 115.3 125.7 120.4 114 109.4 110.5 111.1 101.4 95.9 98.4 103.3 105.6 104.8 101.7 103.3 106 107 107 105.9 105.2 104.4 99.6 97.5 93.2 89.3 85.9 82.7 79.3 76.3 72.2 69.9 68.1 66 65 63.8 62 61.6 61.7 62.5 63.9 67 69.5 71.7 73.3 75.7 75.5 76 76.1 74.6 72.6 73.1 69.2 67.5 66.6 65.4 64.1 62.7 59.8 54.9 54.3 55.1 55.8 54.8 53.8 54.4
57.2 62.2 63.8 62.9 63.6 73.7 82.1 105.1 108.8 107.1 100.4 98.4 94.5 95.1 92.2 83.9 73.2 77.9 95.6 93.4 100.3 97.9 101.6 99.6 92.1 99.3 99 97.5 106.7 118.4 111.4 105.6 104.5 108.3 102.6 98.5 93.8 96.8 101.6 102 101.7 101.9 103.9 104.5 105 104.3 103.2 102.5 97.3 90.2 93.7 90.5 86.7 83.9 80 77 73.9 71.3 69.2 68 66.3 66.1 65.2 63.3 62.2 62.1 62.2 63.2 65.2 68.1 71.3 74.2 76.5 77.8 80.3 80.8 77.8 74.5 73.4 70.4 67.9 66.7 65.5 64.3 62.4 58.8 53.6 53.4 53.1 52.9 52.7 52.8 53.5
47.1 50.4 56.8 55.1 60 68.9 76.9 88.8 100.6 103.5 99.4 96.1 93.4 93 87.3 79 73 77.2 90.1 93.9 98.9 97.7 104.5 96.9 94.9 98.8 96.8 96.5 100.5 106.4 103.7 101.8 101.2 101.7 96.2 97 93 95.5 97.9 97.5 98.2 100.2 98.6 98.6 100.6 102.5 102.2 98 89.5 87 86.6 85.1 83.6 81.9 80.2 78 73.3 70.7 68.7 67.8 67.3 67.1 66.3 64.3 63.9 63.8 63.3 63 65 68.8 72.6 74.7 76.9 80.9 83.5 85.1 82.9 80 75.7 72.9 69.4 66.8 65.6 64.4 61.6 56.9 53.5 53 52.8 52.7 52.6 52.7 52.7
40.8 43.2 47.6 49.9 53.5 63.7 73 83.4 97.2 94.4 94.5 93.2 94.1 90.7 84.5 77.8 73.2 72.6 82.4 89.6 95.4 97.7 97.9 91.6 97.8 97.8 96.4 95.9 95.9 98.6 99.3 100 100 95.4 93.6 92.3 90.4 92.6 95.1 94.2 95 93.7 92.3 92.6 96.4 99.1 98 87.6 86.2 86.7 83.1 81.3 80.3 80.1 80.3 80.5 76.6 70.8 68.3 67.6 68.3 68.3 67 65.1 65.6 65.3 64.8 64 66 70.9 73.6 74.9 78.4 81.5 83.4 89 86.3 81.9 79.5 75.2 70.7 67.4 66.4 65 62.1 58.2 55.4 53.9 52.9 52.6 52.5 52.4 52.1
