data/180000-870000.asc
ncols 200
nrows 200
xllcorner 180000
yllcorner 870000
cellsize 50
[rows 108 to 143 of 200, columns 0 to 82 of 200]
-2.1 -2.1 -2.1 -2.1 -2.1 -2.1 -2.1 -2.1 -2.1 -2.1 -2.1 -2.1 -2.1 -2.1 -2.1 -2.1 -2.1 -2.1 11.2 43.6 57.6 57.5 52.3 39.7 32.1 37.3 45.4 54.3 71.4 87.8 89.6 71.6 56.8 48.6 43.9 45.8 53.9 62.1 64.7 58 61.6 59.5 55.6 59.1 63.4 70.5 78.4 85.8 99.4 127.7 154.9 177.3 193.3 188.4 199.5 232.7 241.9 243.6 235.7 230.6 222.1 221.6 204.6 189.6 190.2 195.9 169.8 156.5 154.2 157.3 145.8 142.1 132.5 133.4 133.9 135.2 143.3 152.9 163.2 173.7 183.9 207.5 223.7
-2.1 -2.1 -2.1 -2.1 -2.1 -2.1 -2.1 -2.1 -2.1 -2.1 -2.1 -2.1 -2.1 -2.1 -2.1 -2.1 -2.1 -2.1 11.7 34.8 56.9 56.6 56.2 46.7 35.5 44.4 55.5 55.8 68.2 83.6 89 79.6 62 52.2 44.6 47.8 57.1 68.2 76.6 64.8 59.1 61.1 58.6 63 70.4 77.9 84.8 90.8 115.3 149.7 159.5 171.5 184.3 185.8 204.2 224.5 239.1 239.5 236.9 228.5 221.1 230.4 232.5 225.5 217.2 217.9 199.2 185 190.4 193.7 180.5 170.2 161.6 148.5 142.2 135.2 134.7 136.2 146.9 157.7 167.5 182 208.1
-2.1 -2.1 -2.1 -2.1 -2.1 -2.1 -2.1 -2.1 -2.1 -2.1 -2.1 -2.1 -2.1 -2.1 -2.1 -2.1 -2.1 -2.1 12.9 24.8 45.3 55.7 56.5 53.8 40.5 41.2 59.7 61.6 64.8 76.8 85.8 86 64.5 52.7 47 49 58 74.7 83.9 78.6 65.1 61.2 61.9 66 75.3 82 87.4 100.4 131.6 151.7 155.3 158 169.4 177.7 196.1 216.3 225.2 228.9 234.3 220.7 223.1 236 258.9 259.7 243.6 236.4 232.1 216.7 223.9 228.2 224.7 209 198.1 189.1 184.5 170.2 146.4 136.1 134.9 141.9 151.9 165.2 184.9
-2.1 -2.1 -2.1 -2.1 -2.1 -2.1 -2.1 -2.1 -2.1 -2.1 -2.1 -2.1 -2.1 -2.1 -2.1 -2.1 -2.1 -2.1 8.2 14.1 32.4 51.6 56.4 52.8 45.1 36.5 57.1 65.6 61.5 71.3 81.5 84.2 65.3 58.7 52.3 55.9 58.1 72.4 85.5 88 79.6 67.7 65.3 71.3 80.5 86.4 90.8 112.3 132.5 141.5 143.8 143 156.5 169.8 185.5 201.6 211 218.8 219.7 218.2 240.9 251 281.7 290.4 272.4 260.5 254.9 241.4 259.8 270.6 269.6 259.2 241.4 236.3 233.9 213.8 176 154 146.2 143.2 139.8 148.8 168.1
-2.1 -2.1 -2.1 -2.1 -2.1 -2.1 -2.1 -2.1 -2.1 -2.1 -2.1 -2.1 -2.1 -2.1 -2.1 -2.1 -2.1 -2.1 -2.1 14.3 24.8 38.8 47.1 49.5 50.5 41.2 40.2 58.6 61 67.6 74.8 73.6 66 61.1 70.2 58.9 64.2 68.8 81.6 93 88.2 75.5 69.8 76.9 84 88.5 98.3 122.3 125.7 130.7 134.9 136 149.3 159.1 174.2 190.8 195.4 201.6 203.8 221.3 242.7 276 308.6 314.5 299 278.4 271.6 265.2 291.3 306.3 305.7 288.8 278.5 277.7 272.3 243.2 204.4 175.3 163.8 156 149.1 148 148
-2.1 -2.1 -2.1 -2.1 -2.1 -2.1 -2.1 -2.1 -2.1 -2.1 -2.1 -2.1 -2.1 -2.1 -2.1 -2.1 -2.1 -2.1 -2.1 -2.1 14.9 18.7 38.7 47.3 57.4 54.5 40.7 48.2 56.8 63.4 65.9 66.1 61.4 60.5 78.9 67.8 74.2 76.1 77.4 87.1 96 81.9 73.5 78.4 86 89.3 107.2 122.4 125 126.2 126.8 127.3 141.2 154.9 165.5 179.3 180.5 183.4 192.8 222.4 254.9 299.1 329.9 329.7 313.8 297 289.4 287.5 324.2 330.9 321.4 309.4 307 299.1 295.8 267.5 232.7 198.7 182.3 170.6 161.2 167.1 164.9
-2.1 -2.1 -2.1 -2.1 -2.1 -2.1 -2.1 -2.1 -2.1 -2.1 -2.1 -2.1 -2.1 -2.1 -2.1 -2.1 -2.1 -2.1 -2.1 -2.1 -2.1 7.3 28.4 44 62.8 63.3 53 43.6 53.5 56.9 58.3 58.6 54.9 64.4 95.7 79.4 72 90 94.1 80.6 86.2 87.4 78.9 78.7 83.5 94.5 108.5 120.1 122.7 123.4 124.1 125.8 137.2 150.2 159.5 165.3 169.4 175.5 203.7 238.5 273 309.4 332.1 338.9 329 312.7 316.5 313.5 338.1 345.2 332.6 325 319.5 311.6 304 288.6 261.4 225.9 198.2 183.7 177.7 187.6 185
-2.1 -2.1 -2.1 -2.1 -2.1 -2.1 -2.1 -2.1 -2.1 -2.1 -2.1 -2.1 -2.1 -2.1 -2.1 -2.1 -2.1 -2.1 -2.1 -2.1 -2.1 10.2 23.3 37.4 59.3 66.8 57.5 46.6 45.4 47.5 48 47.7 46.4 56.6 87.7 96.3 82.7 80.4 97.4 92.3 83.1 83 82.6 81.4 82.3 95.7 109.9 115.8 118.6 121.7 123.5 124.5 135.5 143.8 154.7 165.6 168.4 187.5 220.4 249.2 278.2 303.7 321.9 335.2 337.1 325.7 343.1 339.4 343.4 352.1 342.1 336.5 324.7 317.8 313.2 304.9 284.7 251.3 222.3 201 191.1 189.6 204.1
-2.1 -2.1 -2.1 -2.1 -2.1 -2.1 -2.1 -2.1 -2.1 -2.1 -2.1 -2.1 -2.1 -2.1 -2.1 -2.1 -2.1 -2.1 -2.1 -2.1 -2.1 -2.1 16.3 33.6 43.3 55.2 54.6 43.9 39 36.4 36.1 36.6 41.9 51 73.3 112.8 97.4 84.2 87.6 98.4 85.5 83.6 84 83.3 82.7 96.9 109.1 110.5 112.1 118.6 120.6 122.9 130.8 138.2 157.6 168 170.5 202.7 232.6 256.5 268 286.5 303.7 322.4 333.9 335.7 346.7 352.4 350.4 353.2 350.6 341.1 331 328.7 327.2 315.2 301.4 274.5 241.4 220.8 207.7 197.4 208.5
-2.1 -2.1 -2.1 -2.1 -2.1 -2.1 -2.1 -2.1 -2.1 -2.1 -2.1 -2.1 -2.1 -2.1 -2.1 -2.1 -2.1 -2.1 -2.1 -2.1 -2.1 -2.1 -2.1 21.7 48.5 40.1 43.6 39.7 33.1 28.2 27.1 31.9 38 47.4 66.3 107.1 113.4 95.7 90.2 93.2 92.3 84.9 84.5 84.8 83 95.6 108.1 117.6 118.9 120.6 121.8 126.6 131.9 138.2 150.4 161.5 182.4 215.1 234.7 251.5 264.9 275.4 288.8 309.5 329.3 336.8 362 365.8 358.7 354.1 350.5 346.6 344.9 343.3 336.4 326.5 310.9 292.5 263.3 236.2 217.7 207.3 203.1
-2.1 -2.1 -2.1 -2.1 -2.1 -2.1 -2.1 -2.1 -2.1 -2.1 -2.1 -2.1 -2.1 -2.1 -2.1 -2.1 -2.1 -2.1 -2.1 -2.1 -2.1 -2.1 -2.1 5.2 26 34.9 41.6 36.5 28.8 21.2 20 26.2 38.5 45.2 62.5 94.7 120.7 103.3 104.6 87.4 96.8 91.2 84.6 84.9 85.7 93.7 109.1 122.2 122.4 122.4 124.9 132.2 135.4 138.6 148.7 165.5 195.4 220.7 235.6 249.5 260.2 271.7 279.9 297.5 307 320.6 346.1 363.8 352 354.9 351.7 357.9 362.4 344.8 342.2 332.9 316.6 308.3 286.4 255.4 229.1 217.1 212
-2.1 -2.1 -2.1 -2.1 -2.1 -2.1 -2.1 -2.1 -2.1 -2.1 -2.1 -2.1 -2.1 -2.1 -2.1 -2.1 -2.1 -2.1 -2.1 -2.1 -2.1 -2.1 -2.1 2.5 12.2 27.2 33 33 26.8 18.8 18.2 21.5 32.2 39.6 54.8 81.8 105.2 100.8 104.5 96.1 88.2 94.8 86.4 86.7 87.8 91 99.9 112.4 120 120.1 125.8 130.5 133.2 137.7 155.7 183.1 201.9 220.8 236.5 246.4 252 263.7 274.5 285.1 288.8 299.4 315.4 335.7 338 342 356.9 376.5 372.8 353.9 343.1 334.3 325.9 317.5 297.7 270 242.7 228.5 217.6
-2.1 -2.1 -2.1 -2.1 -2.1 -2.1 -2.1 -2.1 -2.1 -2.1 -2.1 -2.1 -2.1 -2.1 -2.1 -2.1 -2.1 -2.1 -2.1 -2.1 -2.1 -2.1 -2.1 6.7 11.9 16.2 20.6 18 11.9 39.3 28.2 20.1 28.4 31.8 43.4 63.1 80 89.1 120.9 108.3 94.1 85.5 87.8 86.6 89.5 87.1 86.6 92.4 107.2 110 120.4 124.9 125.3 140.2 166.5 183.3 197.7 213.3 225.1 235.1 243.5 256.4 268.4 275.4 276.4 278.3 290.6 308.6 312.7 344.3 353.2 360.9 376.4 364.4 342.8 348.5 332.9 319 300.2 267.9 250.5 234.7 223.3
-2.1 -2.1 -2.1 -2.1 -2.1 -2.1 -2.1 -2.1 -2.1 -2.1 -2.1 -2.1 -2.1 -2.1 -2.1 -2.1 -2.1 -2.1 -2.1 -2.1 -2.1 -2.1 -2.1 5.8 -2.1 -2.1 -2.1 9.9 35.7 57.6 40.6 18.6 23.2 25.5 31.5 46.9 61.8 83.9 112.6 114.8 100.7 85.5 81.4 80.8 84.6 84.2 84.5 83.3 94.9 99.6 112 115.3 121.1 145 164.9 182.8 193.7 205.4 215.8 226.5 239 248 256.2 260.9 266.3 268.2 278 278.7 298.4 321.6 347.7 343.2 344 356.7 350 337 335.1 323.5 298.1 275.4 257.2 242.9 226.7
-2.1 -2.1 -2.1 -2.1 -2.1 -2.1 -2.1 -2.1 -2.1 -2.1 -2.1 -2.1 -2.1 -2.1 -2.1 -2.1 -2.1 -2.1 -2.1 -2.1 -2.1 -2.1 -2.1 -2.1 -2.1 -2.1 -2.1 44 56.5 64.6 53.3 32.9 18.4 20.6 24.2 34.5 47 68.8 97.4 116.4 105.6 91 78.9 76.5 72.1 78.9 82.6 80.9 80.5 92.6 100.7 110 129.2 146.7 158.6 174.4 187.6 199.7 210 219.3 231.8 235.4 238.5 247.7 255.9 261.1 261 268.7 279.1 299.3 319 319.6 324.6 334.7 340.5 327.7 329.6 321 285.1 277.4 262.4 245.4 238.6
-2.1 -2.1 -2.1 -2.1 -2.1 -2.1 -2.1 -2.1 -2.1 -2.1 -2.1 -2.1 22.1 15.4 -2.1 -2.1 -2.1 -2.1 -2.1 -2.1 -2.1 -2.1 -2.1 -2.1 -2.1 17.9 37.3 71.6 79.2 68.2 68.4 51.2 28.4 18.7 20.9 28 44.2 63 80.8 99.5 109.7 91.3 74.5 71.8 68.4 65.2 73.9 75.1 79.8 87.8 95.4 113.5 137.3 157.1 168.6 176.2 178.1 189.5 200.3 209.1 218.4 223.8 231 241.1 248.6 252.4 256 263.4 273.1 277.6 278.3 287.1 310.4 301 313.1 320.8 308.9 304.7 279.5 262.4 251.7 246.1 249
-2.1 -2.1 -2.1 -2.1 -2.1 -2.1 -2.1 -2.1 -2.1 -2.1 -2.1 27.6 30 23.2 -2.1 -2.1 -2.1 -2.1 -2.1 -2.1 -2.1 -2.1 -2.1 -2.1 9.2 29.6 35.4 75.4 88.6 81 84 79.7 52 27.9 19.6 22.3 39 58.5 67.5 78.2 103.8 95.3 75.9 65.4 64.4 63.2 63 70.1 76.9 83.4 90.4 107.9 134.1 155.2 167 180.6 188.4 195.1 203.9 213.3 221.7 226.3 231.2 236.8 240.3 246 251.4 259.1 265.6 260.5 258.5 263.3 277.7 284 297.6 307.3 301.7 276 259.2 252.9 242.4 238.9 245.5
-2.1 -2.1 -2.1 -2.1 -2.1 -2.1 -2.1 -2.1 -2.1 -2.1 34.6 45.1 36.5 24.1 21.5 -2.1 -2.1 -2.1 -2.1 -2.1 -2.1 -2.1 2.5 3.9 26.5 32.6 40.7 65.7 93.6 90.7 95.6 102.4 71.8 45.3 21.6 19.9 30.5 46.8 56 64.9 82.4 94.8 76.2 59.7 54.6 58.6 59 72.3 76.6 82 95.5 101.1 121.7 143.1 159.5 169.7 183.2 196.8 204.3 212.3 220.8 224.8 231.4 237.5 239.4 240.3 246.9 256.3 257.7 254.1 251 252.3 251.8 251.1 271 275.9 270.8 256.4 241.3 239.2 233.2 229.5 235.9
-2.1 -2.1 -2.1 -2.1 -2.1 -2.1 -2.1 -2.1 15.4 37.8 51 52.5 40.1 38.2 31.1 21.3 7.3 -2.1 -2.1 1.3 11.8 15.3 17.4 9.6 26.4 35.2 39.5 51.9 81.8 83.4 89.5 112.5 94.9 65.2 34.2 19.2 22.8 34.6 44.9 56.1 67.2 83.1 75.1 60.5 47.2 55.2 67 78 86.5 83.5 90.6 96.8 102.2 129.1 146 158.2 172.6 187.8 196.2 205.5 211.9 213 216.6 224 230 228.6 236.2 249.7 251.2 246 239.9 235.3 234 233.2 233 242.1 250.1 240.1 235.6 233.8 231.3 229.5 229.1
-2.1 -2.1 -2.1 -2.1 -2.1 -2.1 -2.1 -2.1 30.2 57.9 58.2 56.5 51 45.5 37.1 28.9 17.4 6.2 5.4 8.6 16.5 18 21.3 16.7 18.7 37.3 41.1 40.8 56.3 65.5 90.9 105.3 102.5 84.4 53.3 27.5 18.5 26.9 37 46.7 57.2 68.9 72 56.5 43.9 51.5 70.7 81.4 96.7 89.2 89.9 105.1 111.8 122.8 137.5 152.8 167.5 176.5 183.9 192.8 200.6 201.7 204.7 212.1 218.2 213.7 216.9 225.3 227.2 227.5 229 231.5 232.9 233.3 232.6 231.3 237.3 235.4 232.1 230.7 231.1 229 232.1
-2.1 -2.1 -2.1 -2.1 -2.1 -2.1 -2.1 -2.1 48.2 64.5 59.7 59.3 55.9 51.3 48 39.7 33.5 26.1 20.2 23.8 27.3 21 23.3 24 19.8 29.6 37.5 39.9 39.1 56.8 94.2 95.2 101.7 92.1 68.3 45.9 26.5 18.9 28.1 37.4 45.6 52.8 55 50.5 43.3 44.7 59.8 74.4 90.5 97.4 99.7 103.6 116.7 123.5 126.9 141.4 155.9 164.2 172.1 181.1 188.9 192.3 196.1 200.7 200.6 200.6 202 204 207.4 215.1 220.1 229.2 234.1 235.8 235.9 231.8 231.1 231.1 232.9 251 240.4 228.6 227.9
-2.1 -2.1 -2.1 -2.1 -2.1 -2.1 -2.1 -2.1 39.7 52.5 60.8 67.8 66.5 63.9 60.9 53.8 52.3 45.8 34.5 30.9 34.3 26 31.3 33.6 29.9 26.6 36.2 33.2 33.8 67.9 91.9 88 96.6 93.3 79.6 62.8 43.9 23.3 17.9 26.7 32.9 36.8 40.1 41.9 37.2 36.2 45.7 59.5 75.4 92.7 110.4 103.8 106.4 111.4 113.3 123.7 133.5 144.4 154.2 164 172.8 181.7 188 190.8 192.9 196 198.9 204.3 210.9 216.6 221.7 226.1 234.4 233.6 234.6 231 229.4 230.6 242.5 256.3 249.4 228.1 227.3
-2.1 -2.1 -2.1 -2.1 -2.1 -2.1 -2.1 -2.1 29 57.2 71.5 78.6 79.5 77 77.1 67.1 62 55.8 43.3 33 38.6 34 36.1 43.7 41.3 29.3 40 33.2 33.2 55.8 65.2 67.6 75.1 88.1 84.6 68.8 61 38.8 17.2 17.5 21.6 23.7 23.3 26.5 30.3 30.4 34.3 45.1 59.6 76.1 87.4 99.8 95.3 97.4 99.9 104.8 114.8 130.4 139.4 151.1 158.9 168.3 176.1 188 197 204.6 207.4 213 215.5 221.8 226.3 228.9 230.8 229.9 227.4 223.6 220.7 219.5 223.6 233.8 223.7 211.8 237
-2.1 -2.1 -2.1 -2.1 -2.1 -2.1 -2.1 -2.1 17.3 40.4 68.9 82.3 81.3 82.9 76.6 70.4 59.8 52.2 38.1 36.5 39.3 36.8 40.8 52 49.8 40.6 44.1 37.3 33.2 33.2 37.2 44.1 61.2 85.3 87.1 73.8 65.4 52.7 30.3 17.6 17.6 19.7 21.9 22.7 24.8 27.7 33.7 39.6 48 58.6 67.9 75 83 96.6 110.4 118.9 120.3 123.2 134.2 153.3 169.9 181 186.5 190.7 197.2 202 204.6 205.9 211.9 219.7 223.6 226.6 224.3 226.1 221.1 217.6 210.3 207.7 203.4 202.3 198.5 207.2 238.2
-2.1 -2.1 -2.1 -2.1 -2.1 -2.1 -2.1 -2.1 -2.1 34.9 61.4 71 70.3 75.3 65.9 59 49.9 42.5 43.5 38.6 38.9 38.7 47.3 58.8 54.7 49.6 39.3 33.2 33.2 33.2 33.2 48.8 63.1 84.7 83 75.6 63.9 60.5 38.6 24.2 17.5 19.4 21.7 22.7 23.3 41.3 44.8 45.9 55.4 64.2 74.8 88 101.5 117.6 139.9 146.6 142.8 138.1 140.9 151.2 163.3 169.8 175.5 179 187.8 195.3 200.2 195.5 200.3 205.2 207 208 209 209.9 208.2 207.9 201.8 197.9 193 193.3 194.3 205.4 218.1
-2.1 -2.1 -2.1 1.7 -2.1 -2.1 -2.1 -2.1 -2.1 19.4 45.7 53.3 53.6 49.8 49.5 50.6 51.5 49.2 48.1 43.4 40 48.7 54.7 65.7 61.3 58.4 49.5 40.3 33.6 33.2 33.2 45.3 60.3 72.8 73 66.9 57.3 54.8 41.2 27.2 21.4 19.7 21.2 22.2 24 42.2 49.6 52.5 54.6 59.2 71.4 92.8 102.2 122.2 141.3 159.7 155.7 146.6 149.3 147.1 149.7 153.8 158.1 161.4 170 179 181.5 180.6 186.1 185.9 186.1 186.7 188.9 191.3 190.4 188 190.5 188.2 187.7 196.8 197.2 192.9 195.5
-2.1 -2.1 -2.1 5.3 -2.1 -2.1 -2.1 -2.1 -2.1 -2.1 19.3 22.4 24.6 33.6 48.5 60.3 58.8 60.1 55.2 47.6 41.3 52.8 58.4 66.9 65.9 63.1 55.1 39.7 36.5 33.2 33.2 42 62.2 66.2 63 56.7 51.4 52 38.1 25 22 19.8 21.3 21.5 21.3 34.9 47.8 55.9 59.3 62.1 69 81.4 99.2 110.2 124 148.1 147.7 145 147.1 151.7 148.6 142.7 144 150.2 156.5 162.3 162 163.8 167.1 167.5 166.5 168.8 170.3 178 188.1 190.4 190.5 187.1 178.4 178 182.4 179.3 195.5
-2.1 -2.1 -2.1 8.8 -2.1 -2.1 -2.1 -2.1 -2.1 -2.1 -2.1 -2.1 16.6 28.3 47.2 63.8 66.1 64.2 59.4 45.5 39.7 50.1 55.5 66.9 66.9 61.9 53.7 40.8 36.7 33.5 33.2 39.1 61.5 58.2 56.4 53.7 45 45.3 33 23.8 21.3 20.4 20.9 20.9 21.1 27 41.4 54.9 59.2 69.3 72.3 77.9 87.9 101.6 112.5 127.4 125.9 124.8 132.5 141.5 139.4 134.3 131.1 139.2 152.2 152.6 149.3 152.5 146 144.6 145.3 160.7 178 185.9 178.5 180.7 180.9 177.5 166.1 164.8 165 198 222.8
-2.1 -2.1 -2.1 -2.1 -2.1 -2.1 -2.1 -2.1 -2.1 -2.1 -2.1 -2.1 12.1 21.6 38.1 51.4 60.5 59.8 44.3 43.2 37.6 43.5 47.3 60.9 62.2 57.9 52.6 45.8 39 37.1 45.3 42 47.1 55.2 56.7 53.1 43 38.4 28.5 23.7 21.5 20.3 20.6 20.7 22.1 23.6 48.1 57.8 56.6 61.6 66.8 75.1 78.6 86.9 101.6 103.9 105.8 107.2 113.8 120.7 133.8 129.8 123.6 125.3 130.6 132.8 130.7 130.8 130.9 130.5 143 149.3 157.8 158.8 160.2 170.3 175.1 169 163.2 161.2 174.3 213.6 249.5
-2.1 -2.1 -2.1 -2.1 -2.1 -2.1 -2.1 -2.1 -2.1 -2.1 -2.1 -2.1 -2.1 14 27.6 40.1 50.7 44.9 44.6 37.3 36.2 35.7 39.8 49.5 68 68.6 61.4 52.6 44.9 39.4 46.8 48.3 55 66.9 63.3 48.7 36.8 34 25.8 23.3 22.3 21.1 20.3 21.8 23.3 24.6 31.9 44.9 45.6 50.3 57.1 62.5 69.2 70.5 77.5 85.4 82.6 85.8 93.9 101.9 108.2 109.7 111.4 112 115.5 120 121.6 121.7 123.9 124.7 129.5 132.4 146.7 162.8 170.6 167.1 169 159.5 160.1 159.2 172.7 202.8 222.8
-2.1 -2.1 -2.1 -2.1 -2.1 -2.1 -2.1 -2.1 -2.1 -2.1 -2.1 -2.1 -2.1 -2.1 18.7 28.7 34.5 36.7 37.3 36.3 35.1 35.4 38.5 51.1 74 88.1 74 63.4 52.3 40.8 45.5 61.8 66.3 69.6 55.1 37.6 29.9 26.9 24.7 23.6 22.7 21.3 20.2 20.6 21.6 26 31.3 32.9 35.7 40.1 44 50 51.6 52.9 56.8 60.7 64.3 69.2 76.3 83.1 91.4 93.4 97.5 106.5 112.7 114.4 105.2 117.8 123.3 128.8 142.7 149.4 155.5 157.1 155.6 152.5 162.4 175.5 167.4 176.1 174.8 193.6 208.2
10.8 -2.1 -2.1 -2.1 -2.1 -2.1 -2.1 -2.1 -2.1 -2.1 -2.1 -2.1 -2.1 -2.1 7.5 18.2 19.2 25.4 31 33.4 33.9 33.8 36.5 49.2 67.1 77.9 75.7 73 63.2 50.4 42.2 53.9 60 48.8 42.8 28.7 28.8 26.6 24.4 23.8 22.4 21.2 20.5 24.1 26.6 27.5 27.6 30.2 31.4 34.7 35.6 37.6 42.8 58.3 61.2 64.5 72.2 79.9 86.7 75.1 73.5 81.8 87.1 91.7 96.6 113.4 132.4 144.2 134.6 129.2 129.4 133.4 137.1 146.5 152.7 171.2 179.2 176.5 172.4 175.2 185.3 210.1 209.7
11.3 -2.1 -2.1 -2.1 7.3 6.8 6.1 -2.1 -2.1 -2.1 -2.1 -2.1 -2.1 -2.1 -2.1 9.9 13.6 18.5 26.6 30.2 33.4 37.4 38.5 52.7 63.4 74.5 81.2 77.5 64.2 56.6 47.8 46.9 46.5 48.5 48.5 32.3 29.6 28.2 24.8 22.9 21.2 22.1 20.7 26.7 28.5 28.8 29.1 30.1 35.3 43.4 41.6 42 41.6 59.6 73.1 80.7 82.5 85.1 88.2 85.3 80.5 84.6 82.2 91.3 105.2 119.8 135.4 132.2 128 128.3 128.6 132.5 141.2 152.3 167.9 177.9 180.1 175.4 174.2 178.1 195.5 213.6 214.4
-2.1 -2.1 -2.1 -2.1 2 2.5 5.3 4.8 -2.1 -2.1 -2.1 -2.1 -2.1 -2.1 -2.1 9.7 12.5 17 22.9 30.2 37 43.6 43.3 54 61.2 66.7 77 75.1 62.8 58.2 50.4 46.7 49.6 51.8 50.4 42.6 33.8 28.4 24.3 21.8 22.1 22.6 26 34.5 32.6 30.4 30.6 36.3 49.7 56.3 47.3 44.6 43.6 43.7 61.2 72.7 75.6 76 80.6 83.3 87.6 93.1 98.1 92.5 91 101.3 109 112.1 114.1 119 125.3 133.9 138.1 162.6 184.9 193.4 188.1 178.6 183.9 187.4 199.9 223.4 217.1
-2.1 -2.1 -2.1 -0.5 0.9 1.3 1.6 -2.1 -2.1 -2.1 -2.1 -2.1 -2.1 -2.1 -2.1 -2.1 12.6 16.8 24.3 33.9 41.5 48.1 51.7 48.1 60.7 60.1 64.3 61.7 57.8 60.6 61.5 58.9 52.8 52.4 45.6 41.5 35 26.1 21.9 23 22.7 22.3 35.5 46.6 43.8 44 41.4 40.8 47.6 52.7 46.1 45.5 44.5 46.4 51.7 53.7 61.4 79.3 98.7 116.7 117.5 113 116.8 111.1 107.5 97.8 99.4 106.8 108.2 114.3 126 133.9 150.1 165.6 174.4 182.8 184.6 190.4 194.2 202.7 204.8 222.5 223.4
9.9 -2.1 -2.1 -1.6 -0.4 0 -0.3 -2.1 -2.1 -2.1 -2.1 -2.1 -2.1 -2.1 -2.1 -2.1 11.7 24.9 30.7 40 45.4 49.5 53.3 48.1 51 54.8 53.1 55 62.3 66.2 66.2 65.4 63.7 51.3 45.6 37.6 31.3 22.1 23 23.8 23.2 25 35.7 43.1 63.1 55.7 58.2 49.4 48.1 49.4 48.8 48.1 47.9 46 49.1 58.2 68.8 71.3 79.3 99 126 134.2 135.4 138.4 138.6 140.9 130.1 119.4 119.6 116.5 121.5 137.2 154.4 167.7 175.6 176.6 185.1 193.5 196.6 200.3 204.6 217.4 221.5
