data/180000-680000.asc
ncols 200
nrows 200
xllcorner 180000
yllcorner 680000
cellsize 50
[rows 74 to 110 of 200, columns 0 to 82 of 200]
213.4 214.7 216.1 212.7 202.8 200.1 196.5 198.9 211.5 221.7 233 243.3 249 250.4 248.4 244.9 243.6 241 248.1 252.4 250.8 242.1 234.5 234.5 240.8 242.6 244.3 255.3 267.8 268.2 275.6 275.5 274.7 279.6 285.2 294.4 303.1 314.1 326.9 338.8 330.4 326.5 306.4 294.7 290.5 294.5 289.1 284.5 285.8 274.9 259.3 254.5 254.5 263.5 243.2 237.9 232.2 232.7 221.3 217.1 217.1 217.1 217.1 217.1 217.1 214.1 214.3 218.6 221.5 221.5 220.8 221.5 229 227.4 217.7 216.2 210.6 199.3 178.7 170.7 174.6 170.9 158.2
216.1 223.5 215.7 207 201.9 198 196 205.3 216.3 229 236.8 243.6 248.1 246.5 243.1 242 241.3 243 248.6 250.2 248.2 242.7 240.8 237.8 239.5 242.8 252.4 268.8 274.1 279.1 277.2 275.8 275.7 280 285.5 294.5 304 316.4 333.8 324.1 313.2 304.2 294.2 285.5 287.6 285.9 282.8 281.5 274.3 265 257.3 255.1 269.1 247.5 240.4 232.9 230.2 229.3 217.1 217.1 217.1 217.1 217.1 217.1 217.8 218.7 219.2 224.5 223.4 224.4 224.9 226.6 234.8 220.4 218.8 217.6 211.2 193.5 173.1 176.6 175.1 162.5 165.5
229.4 223.7 213.1 201 198.9 196.1 199.5 208.2 218.3 224.2 232.7 240.2 243.9 237.6 240 238.8 237.1 239.5 248.1 250.2 247.3 249.5 248.3 244.4 242.4 249 266.9 279.7 287.2 286.6 276.5 275.4 273.8 277.1 285 293.8 304.6 318.6 326.5 309.8 297.5 291.6 281 281.2 281.6 281.2 279.8 267.6 265.3 257.5 256.7 267.2 249.8 238.5 237.2 232.8 230.3 220.7 217.1 217.1 217.1 217.1 217.1 219.6 222.2 221.6 222.8 226.5 228.7 224.8 224.4 230.8 227 221.1 221.4 219.9 203.6 183.2 175.4 174.5 170.3 168.2 166.8
224.7 218.4 205.4 197.9 196.4 197.9 209.3 216.1 221.3 221.4 224.5 228.1 228.4 229.9 231.8 233 232.6 234.3 240.2 243.7 253.2 254 252 248.9 244.5 259.3 273.2 284.7 289.4 277.8 275.3 273.8 273.8 274.2 282.7 296.9 308.9 312.8 301.4 292.3 289.5 274.9 273.2 276.2 279.1 280.1 273.3 260.3 259.9 258.6 264.4 255 235.3 237.4 231.4 231.1 228.7 221.8 217.1 222.7 217.1 217.1 217.1 225.8 226.7 223.7 224 225.2 226.9 225.3 225 224.9 222.3 220.9 220 212 196.2 179.4 176.7 172.8 175.2 172.5 170.4
210.6 205.2 199.5 197.1 196.7 210.2 217.5 225 232.1 229.7 227.6 225.7 226.2 227.8 229.8 230.7 232.4 232.1 238.2 246.3 256.2 260.1 255.4 250.7 253.8 267 272.9 280.8 278.2 275.6 274.4 273.8 273.8 277.6 291.3 304.5 307.9 294.3 286.8 280.6 280.5 266.3 269.1 276.2 282.4 274.8 263.1 257.8 258.9 261.2 255.1 233.9 232.7 233.2 233.4 225.5 222.7 217.4 217.1 224.5 217.1 217.1 217.1 230.6 230.8 225.8 228.2 226 223.7 223.6 225.8 221.2 222.4 221.9 218.4 205.1 186 182.1 174.9 175.8 178.7 177.3 177.4
206.7 208 200 198.3 211.2 213.8 219.6 223.2 228.6 232.9 235.8 232.5 231.5 231.5 231.9 230.9 230.6 233.8 236.6 243.4 254.2 254.4 258 256.2 285.1 280.8 279.3 274.3 273.8 273.8 273.8 273.8 273.8 291.8 303.9 314 305.4 282.9 272.7 269.6 263.1 263.1 270.4 279.7 279.2 266.8 256 256.2 261.7 254.2 234.1 235.2 231.7 238.6 229.6 219.3 219.4 217.1 219.9 219.7 217.1 217.1 223.6 230.7 229 227.9 234.5 225.6 222.1 220.6 218.5 222.2 222.9 223.5 213.4 193.6 185.7 178.3 176.3 178.2 180.4 183.5 184.5
213 202.4 199.4 210.7 216.1 218.2 222.2 224.5 227.2 234.8 237.6 235.7 235.6 235.8 233.1 231.2 233.4 231.5 232.6 236.5 244.7 251.5 262.4 279.9 290.7 290 288.1 273.8 273.8 273.8 273.8 273.8 294.1 302.9 311.7 302.3 285.9 270.5 263.1 263.1 263.1 263.1 275.7 274.6 270.1 255 252.9 254.9 253.3 232.2 228.7 229.8 231 232.9 218 217.1 217.1 220.7 227.9 217.1 217.1 217.1 227.2 229.2 230.5 236.1 236.4 223.6 218.4 216.7 218.7 221.8 222.8 218.8 203.5 190.4 185.4 177.6 178.5 182.4 184.4 186.8 191.3
208 199.8 209 216.5 221.2 223.6 226.6 229.8 233.5 237 240.1 241.5 246.8 244 236.6 233.5 239.1 235.5 233.3 240.2 246.7 256.3 273.9 287.7 293 293.7 280.7 277.3 277.3 273.8 273.8 287.6 299.3 305.4 295.6 279.1 268.6 263.1 263.1 263.1 263.1 269.2 269.3 265.9 252.7 249.3 249.2 244.6 228.3 226.2 226.7 229.5 227.2 219.2 217.9 217.1 218.9 225.7 222.8 217.1 217.1 225.3 227.4 228.7 230.4 234.3 231.4 222.9 216 215.6 217.6 219.2 217.5 204.6 194.4 189 179.2 177.8 181.2 186.8 188.9 191.9 196.8
205.9 203.1 214.1 219.3 223.7 233 235.3 242.1 246.2 243 245.2 250.5 254.5 248.8 241.2 237.4 237.3 236.4 240.3 237.4 244.9 258.3 280 282.4 290.2 278.7 275.7 281.5 273.8 273.8 273.8 290.7 302.4 291.5 272.2 265.1 263.1 263.1 263.1 263.1 263.1 267.8 266.6 256.3 245.2 245.5 245.9 230.2 225.5 228.7 235.9 233.4 220.6 219.9 217.5 217.1 222.4 230.4 218.7 217.1 217.1 223.8 226.5 225.9 226.3 226 226.8 223.3 215.9 213.5 213.4 209.5 203.6 195.6 190.3 184.9 181.1 185 189.4 192.3 193.8 198.4 201.5
203.5 208.7 217.1 222.4 235.9 241.5 242.6 248.4 250.3 247.6 254 266.1 262.5 252.6 242.7 238.8 238.7 238.2 243.3 242.9 248.4 273 283.4 278.1 270.1 270.6 282.9 273.8 273.8 273.8 283.2 294.2 287.3 267.8 263.1 263.1 263.1 263.1 263.1 263.1 264.7 265.5 259.1 240.3 238.8 239.9 230.2 225 224.2 241.7 242.5 224.8 219.3 218.5 217.1 220.6 232.9 230.8 218.1 217.1 222.1 224.9 225.7 224.4 224.2 223.9 223.8 218.7 214.7 211.2 209.2 204.2 199.8 194.5 189.8 182.4 186.9 190.5 193.5 196.3 200.1 200.9 200.3
207.7 214.2 220.1 233.1 249 247.9 250 253.2 252.2 253.8 262.8 270.7 270.2 257.1 249.6 243 241.7 249.6 254.8 250.8 261.1 278.7 270.3 270.1 272.7 285.8 283.4 273.8 273.8 273.8 281.3 277 266.4 263.1 263.1 263.1 263.1 263.1 263.1 264.1 261.4 252.2 242 234.1 231.4 229.8 224.1 224.7 236.4 238.3 230.1 219.7 218.5 217.4 217.1 229.9 229.9 225.3 218.5 219.9 224.1 225.7 225.4 222.8 221.7 219.7 216.9 214.8 211.6 207.1 204.1 200.6 198.9 190.7 186.6 189 191.5 194.4 197.5 200 201.7 202.1 202.1
209.1 215 223.7 243.2 258 259.5 258.9 256.2 258.4 268.4 271 275.3 274.8 259.2 260.1 254 247.2 251.7 258.5 260.4 274.4 270.1 270.1 272.6 282.8 286.5 276.7 274.9 273.8 282.4 274.3 268 263.4 263.1 270.1 263.1 263.1 263.1 264.5 269.4 263.7 249.4 232.3 227.7 225.1 224 224.5 225.4 230.3 229.1 220.9 219.3 217.9 217.1 225 236.1 226.4 222.5 225.5 221.9 225 225.2 222.9 222.1 220.3 219.3 215.9 213 208.7 204.7 200.8 197.6 191.8 190.7 192.4 193.8 196.1 198.7 200.7 202.1 202.2 202.5 203
211.3 218.6 226.9 248.1 260.5 259.5 258.1 260.5 270.4 280.3 285.8 278.5 272.6 265.2 264.9 258.7 255.2 255 264.5 278.1 280.7 270.1 270.1 281.1 288.4 279.5 275.7 273.8 284 277.7 269.5 267.7 271.6 277.3 272.7 265.4 263.1 268.9 272.2 270.7 262.4 248.9 237.6 225 223.8 224.8 223.8 222 224.4 221.3 218.9 218.4 217.2 223 232.7 227.8 226.9 231.9 228.7 224.7 224.4 226.9 227.3 223.9 222.1 221.6 217.1 213.3 209.5 204.8 200.1 195.1 193.3 195 196.7 198.4 199.3 200.6 202.3 202.1 201.8 201.5 202.2
213.8 220.4 229.7 239.8 250.4 256.4 265.4 276.5 282.6 293.1 297.3 290 273.1 275.8 267.3 267.2 268.8 262.8 267.9 276.3 270.1 270.1 272.8 277.9 276.1 274.7 273.8 280.8 281.4 272.7 273.7 279.7 277.7 274.2 271.3 269.1 270.6 272.5 270.8 266.1 256.8 244.4 233.6 223.3 223.2 226.7 224.3 221 219.4 218.1 217.5 217.1 219.7 230 228.5 228.5 235 233.8 228.7 226.3 231 232.9 232.6 228.5 225.9 222.5 218.9 214.5 210.3 203.2 198.3 195.4 196.8 198.5 200.2 200.6 200.8 201.4 202.3 203.5 203.1 202.1 199.8
219.7 220.6 231.6 238.6 249.7 268 282.4 291.6 294.4 302.2 301.1 285.2 278.7 282 274.9 277.7 278.4 269.9 271.2 270.1 270.1 270.1 270.1 270.1 270.1 276.1 279.3 285.5 275.8 280.8 283.4 281.4 276.5 273.6 271.7 271.3 272.7 272.5 265.1 258.8 247.6 233.3 223 222.6 230.6 232.5 223.2 220.3 218.5 218.2 218.7 219 221.9 226.7 229.3 240.7 237.8 233.9 232.2 237.5 239.5 239.9 238.5 232.9 227 223.5 219.9 214 209.1 202.8 198.6 198.4 200.2 201.9 202 202.1 202.2 202.8 203.6 204.5 205.5 204.8 197.2
223.7 224.7 232.5 246.8 265 281.5 298.5 303.3 312.3 318.9 304.3 289.2 287.4 284.7 286.4 284 278 276.4 277.1 270.1 271.3 270.1 270.1 270.1 275.5 278.4 279.9 278.4 280.6 288.2 288 284.4 279.2 271.7 269.2 270.1 269 264.2 256.7 251.2 237.9 222.9 221.9 224.7 227.1 225.9 224 220.9 218.3 218.8 219.6 220.5 225.4 230.8 236.4 243.1 241.3 242.6 247.3 247.2 244.9 246.7 243 236.5 229.4 224 220.5 212.4 206.7 202.5 201.2 202 203.2 203.3 203.5 203.6 203.7 204.2 204.9 205.1 206.6 203.2 193.5
235.3 229.5 239 259.2 276.8 298.9 307 312.6 323.8 321.1 301.1 295 292.7 294.6 291.7 284.9 281.4 288.8 278.2 275 275.3 273.5 270.1 270.1 278.7 281.6 281.6 285.4 289.6 290 289.4 284.5 276.8 271.8 265.1 260.4 256.3 252.1 248.3 237.5 224.7 222.6 222 222.2 223 222.5 222.5 220.9 218.9 222 223.9 226.5 230.6 235 240.1 244.1 248.8 255.7 263.2 256.4 250.2 247.2 243 236.2 230.2 223.9 217.7 211.7 207.1 204.1 203.6 204.6 204.9 204.9 204.7 205 205.2 205.8 206.8 206.7 203.9 200.1 189.9
235.9 237.3 254.1 269.9 291.1 310.2 313.8 315.7 321.4 309.9 299.6 294.3 291.6 299.7 295.9 286.5 296.2 295.2 275.8 276.3 281.1 275.9 272.4 277.2 285.8 282.7 286.1 291.9 291.4 290.6 287.1 281.9 277.7 273.1 271.8 269.4 257.3 244.5 236.9 229.7 228.6 237.8 221.7 220.6 221.2 223.1 219.1 219 223.3 228.6 230.3 231.3 234.1 238.5 246.7 254 259.5 270.7 267.9 257.4 251.7 246.4 241.6 235.6 230.2 224.2 222.3 213 208.3 205.8 206.2 206.3 206.6 206.6 206.3 206.1 206.4 208.5 208.1 206 202.8 195 185.4
238.7 248.3 263.5 283.4 300.8 313.1 318.3 316.7 309.6 299 296.9 294 294.6 294 288.4 299 301.1 284.2 280 277.5 280.6 279.3 276.8 283.2 283.6 284.4 294.1 293.9 292.2 289.9 286.3 281.7 278 277.3 276.4 273.7 265.1 246.3 236.3 233.2 238.4 233.9 224.3 220.6 220.2 219.9 220.9 225.6 229.5 234.3 237.6 241.1 244.9 248.7 256.1 260.6 263.6 263.5 261.3 257.1 252.3 245.6 239.8 235.4 232.8 232.3 224.2 212.7 210 207.9 209.1 208.2 208.2 208.3 208.1 207.8 211 212.6 209 206.9 199.2 187.8 178.8
246.1 261.1 271.2 297.4 300.8 313 312.9 309.7 304.9 298.1 295.7 296.4 295.7 292.1 295.1 308.3 292.5 280.5 277.8 279.5 283.3 283.1 282.3 281.8 285.6 292.6 293.3 293.1 292.1 290.9 287.9 282.5 282.1 281.8 280.2 276 263.4 241.4 234.6 244.7 242.3 234.5 230.3 222.8 221 220.7 224.3 232.5 240.9 245.5 246 250.7 255.3 265.7 260.1 261.9 263.4 262.1 260.3 257.5 251.2 244.2 240.2 238.8 238.6 235.6 228.5 217 212.1 210.5 211.7 211.1 210.1 209.9 209.8 212.6 213.9 210.9 210.7 206.2 192.8 182.1 179.5
256.8 267.6 281 299.4 303.4 310.7 305.9 302.5 302.9 294.9 295.7 298.6 294.2 293.1 300.6 296 285.8 280.8 279.5 281.1 283.6 287.4 290.6 284.2 292.2 294.4 293.2 292.3 290.9 287.6 285.2 283.8 284.5 283.4 279 265.6 250.8 240.4 238.1 245.8 244.8 239.5 230.6 224 221.3 225.8 232.7 242 248.1 254.5 254.4 256.1 258.5 258.7 260 263.4 261.3 261.3 259.1 257.2 251.2 246.7 245.1 245.3 243.8 238.1 230.4 218.4 216.2 217.4 216.6 213.8 210.8 211.9 214.6 215.2 212.8 209.9 207 198.6 185.9 184.4 180.4
263 267.9 282.6 295.9 301.4 297.3 298.9 295.3 289 290.8 296.9 299.2 295.6 313.1 307 291.5 290.7 282.4 282.8 283.7 289.5 292.4 285.6 290.9 296.9 295.5 294.3 293.3 288.8 285.7 284.3 284.3 283.3 279.3 270.5 257.2 247.2 246.8 245.3 248.1 248.2 240 232.2 227.3 225.3 233.4 239.8 246.8 251.5 256.3 255.7 255.1 255.4 257.2 259.2 262.3 260.7 261.3 259.1 256.9 253.7 251.3 249.1 248.6 243.5 238.5 234.1 221.4 224.7 222.5 219 216.1 214.1 214 213.4 213.8 211.2 206.6 200.7 193.4 187 185.2 180.3
266.7 272.3 280.7 289.9 289.5 290 290.1 289 290.1 291 294.5 300.9 311 313.4 297.8 297.9 292.6 287.7 287.1 288.4 292.7 288.2 289.8 296.3 298 296.4 297 296.1 289 283.4 281 278.8 275.4 268.5 259.5 252.2 257.4 257.2 250.8 258.4 252.4 241.5 233.3 228.6 232.5 237.7 244 248 249.7 250.1 249.7 251.1 253.7 255.7 258.2 260.9 261.3 261.8 260.4 260.8 258.8 258.6 262.7 253.9 244.5 241.8 233.9 229 230.1 227.2 223.3 216.8 214.7 213.1 212.3 210 206.5 201.6 195.1 188.3 186.1 182.3 177.2
275.8 278.9 280.7 283.8 282 280.9 282.7 283.2 286.3 289.8 294.3 300.1 302.8 297.9 298 298.4 293.5 292.2 295 292.3 290 289.7 295.7 299.4 301.4 305.8 304 300.9 288.4 281.7 275.5 270.9 267.6 261.5 259 260 260.3 257.6 255.3 260.2 252.6 241 236.3 239 234.5 238.7 242.1 243.9 245 245.1 246.1 247.3 250.7 255 257.6 262.5 264.6 263.7 267.5 275.7 271.2 263.1 258.4 253.8 247.8 247.6 236.5 235.9 236.6 236.4 228.6 218 214.5 214 211.1 207.2 202.8 195.4 188.4 183.4 182.3 178.2 173.2
287.7 279.3 276.6 278.4 277.6 275.9 279.5 285 287.6 290.2 294.9 309.9 302.7 297.3 298.2 298.2 298.5 301.5 303.7 299.1 292.6 295.3 299.7 303.6 305.9 307.6 306.3 299.8 287.6 278.4 269.3 266.9 264.6 263.3 267.9 263.2 261.2 265.2 274.2 267.1 250.3 244 240.5 239.2 237.4 236.4 239.6 241 241.2 242.1 243.2 246.9 251.2 255 259.5 262.5 264.4 270.5 272.1 273.7 269 266 257 252.5 248 243.5 241 242.4 241.8 238.6 229.2 219.2 216 217.7 212.1 206.8 200.7 194 186.3 180 173.8 171.2 166.5
280.6 273.2 270.6 271.9 271.4 279.2 289.8 295.4 292.6 300.3 313.7 313.6 298 298.5 301.4 304.1 305.7 305.7 303.9 294.3 292.7 298.6 302.2 305.9 308.2 307.3 298.7 291.8 281.1 271 267.5 265.1 264.5 267.5 265.6 262.1 271.5 271.5 269 257.9 250.7 249.7 248.5 245.1 240.8 240 240.2 241.2 243 240.6 242.5 245.8 250.9 255.1 259.4 266.8 269.5 269.6 269.9 271.5 272.8 264.5 262.7 253.6 250.5 248 244.6 244.3 238.1 231.8 224.6 224.5 222 217 210.4 202.3 195.9 190 184.1 178.1 171.4 165.3 159.5
267.1 263.5 265.1 267.6 277.3 284.2 290.9 293.5 297.3 311.9 315.3 304.2 295.3 297.8 305.8 308.4 309.6 312.8 297.5 295.8 296.3 300.7 302.7 303 303.1 298.7 290 282.8 274 268.8 267.2 268.9 275.4 267.2 263.6 268.6 270 266.9 265.8 260.5 263.1 255.2 255.1 251.4 245.6 245.9 248.6 249.6 247.5 241.7 242.1 243.5 251.7 257 260.4 264.5 267.5 269.4 272.4 273.9 271 270.2 269.1 257.7 255.2 251.1 246.5 241.8 235.6 232.5 232.7 229.4 222.7 212.4 206.8 197.3 191 186 181.1 173.7 168.7 162.8 156.8
262.7 262.4 264.1 274.1 287 292.6 290.7 292 302.1 317.2 314.6 294.2 294.6 301.9 308.9 309.8 311.1 301.7 299.5 297.9 299.4 299.2 299.8 293.1 289.4 287.4 281.1 274.3 271.8 278 270.7 272.4 271.6 265.5 271.5 272.2 270.4 270.8 272.8 273.1 275.1 265.4 264.7 263 249.3 253.8 257.6 259.4 256.7 244.8 241.8 241.9 250.6 252.7 258.1 263.6 267.1 271 272.6 273.4 272.9 272.2 264.1 260.7 252.6 250.1 245.1 238.7 240.3 243.5 239 231.9 221.5 210.9 201.8 193.9 187 181.1 174.1 171.8 168.4 165.9 161.3
260.6 259.7 266.8 274.8 283.2 288.4 288.7 294.1 303.1 318.5 312.1 292.3 295.4 302.6 307.2 311.7 302 300.4 302 300.3 298.7 299.6 294.5 287.8 283.4 279.9 275.3 276 282.1 272.7 271.4 269.7 267.8 279.9 277 273.2 280.7 285 278.1 282.9 283.3 272.6 268.1 262.4 256.3 262 263.5 263.5 257.9 246.6 247.8 242.4 246 254.2 259.6 265.3 266.7 273.7 275.2 275.5 276.4 268.6 266.7 260.7 252.1 249 245.3 244.9 246.3 245.3 238.3 229.2 219.2 207.6 197.8 188.6 184.8 181.2 177.7 173.3 171.3 169.6 165.1
256.5 258.5 269.3 275.1 280 283.9 289.2 298.4 312.4 326.1 295.5 290.1 303.5 302.4 306 302.7 300.6 301.4 303.8 298.1 293.1 290.9 288.8 287.7 279.2 276.4 281.6 291.3 276.4 273.6 272.4 270.3 279.2 279 276.7 275.7 277 282.2 289.5 289.5 284.4 273.3 267 261.4 260.9 261.8 259.9 255.3 249.7 247.2 243.6 242.5 245.4 254.8 261.2 264.8 270.3 273.2 276.1 273.8 270.4 268.3 266.2 257.9 250.8 248.5 249.1 249.2 246.5 242.6 235.5 224.8 214.5 203.3 196.4 193.3 189.3 183.6 178.8 177.5 174.9 171.5 165.7
253 258.6 266.1 274.1 278.4 285 292.8 301.4 311.5 295.2 287.8 300.8 308.5 306.7 297.9 300.1 303.8 303 300.5 295.9 288.5 287.3 287.6 280.3 278.5 286.4 293.9 279.8 274.7 272.2 270.7 280.2 286.2 275.8 275.7 279.4 288.1 291.6 292.2 288.9 283.8 279.2 270.3 266.6 265.3 264.4 255.4 251.4 248.5 244 243.1 242.6 248.7 257.2 260.4 267 269.6 272.2 273.5 271.6 272.7 271.6 264 253.7 251.9 252.5 251.5 249.1 245.2 239.1 229.5 217.7 208.7 203.9 200.8 197 191.3 185.1 183 182.7 179.4 174.3 163.7
251.1 256 261.5 270.3 277.1 284.1 291.5 298.9 293.6 283.8 291.8 302.8 307 293.6 295.7 303.4 302.4 298 296.5 292.6 285.8 283.2 280.7 280.5 293.2 288 281 276.4 272.7 272.6 278.8 278.3 274.3 271.4 275.7 283.5 297.5 301.5 294 290.5 290.7 283.6 278.7 270.1 270.4 272.2 258.2 248.5 245.3 243.1 242.6 243.4 253.2 258.4 265.6 266.6 268 271.4 274.3 273.8 271.4 266.9 260.9 253.8 254.1 253.9 252.1 250.1 244.7 235.3 225.1 214.9 212.2 211.5 204.8 196 192.8 191.5 189.6 188.7 183.5 175.2 163.6
247.8 253 257.9 266.4 273.3 280.2 288.7 278.9 276.7 283.4 294.7 302.3 291.8 288.7 300.3 299.7 301.2 293.5 294.4 287 283.1 279.5 284 297.3 288.6 284.2 279.3 273.9 273.5 283 286 276 271.4 274.2 276.5 285.8 303.8 299.9 298.3 298.9 298.6 292.5 278.6 272.6 276.4 265.8 253.7 249 245.2 245 243.2 249.4 256.2 262 265.6 267.1 270 276.1 276.5 282 273.9 265.7 259.6 257.3 256.9 255 253.2 248.1 241.4 231.8 222.4 221.2 219.6 214.5 203.8 198.6 198.4 197.1 195.2 192.6 187.5 179 167.8
244 249.4 254.5 258.3 263.7 262.6 259.4 265.7 272.1 279 278.8 277.5 285 295.3 294.5 295.8 290.5 291.1 281.7 281.1 277 285.9 288.3 283.8 283.5 284.5 276.4 274.4 284.5 290.6 281.4 272.4 275.2 277.5 283.8 291.4 297.5 300.2 303.1 306.4 306.4 302.3 282.4 274.9 274.8 265 257.5 252 246.9 244.7 250.7 250.1 252.3 260.4 264.8 267.3 274.1 278.7 284.9 293.2 286 267.4 258.4 266.7 262.8 258.3 255.2 247.1 240 228.7 228.8 227.6 221.2 212.8 203.5 204.7 203.3 201.7 199.7 195.2 187.9 178.4 165.1
237.8 241.8 244.3 242.5 243.3 250.8 256.6 261.4 264.8 268.1 273 280.5 286.6 291.1 288.7 285.8 284.5 277.4 273.7 272.7 283.8 285.5 284.9 285.5 283.7 284.6 275.7 284.9 297.3 293.1 277.4 272.6 272.7 283.2 288.3 291.7 298.7 302 309.1 312.6 313.7 305.4 284.5 285.2 275.1 268.7 257.4 252 249.1 255.4 257.6 250.9 252.9 260.5 267.2 271.5 276.3 281.4 285.8 284 276.4 263.3 265.8 268.4 264.9 261.1 257.9 246.4 238.1 235.1 233.1 225 218.8 211.2 208.1 208 206.5 203.7 200.2 194.5 187.2 173.9 165.1
233.4 236.8 233.6 237.6 244.9 248.8 251.6 256 260.3 266 272.5 279.1 284.2 286.7 285.8 280.9 275.6 266.6 269.4 282.3 275 281.9 281.8 276.8 283.2 275.6 285.3 297 292.5 279.4 271.5 271.8 277.6 293.2 304.8 298.4 300.8 308.7 313.5 312.6 309.9 301 284.5 280.7 276.6 275.3 263.3 254.4 259.3 258.9 251.7 251.6 255.1 266.1 271.2 273.6 277.1 280.8 286 285.1 272.2 265.8 271.5 268.8 266.5 262.9 254.5 244.1 241.2 238.5 232.7 223.1 215 215.9 213.5 211.3 208.5 204 199.4 193.2 182.1 172.4 172.3
229.4 231.2 233 237.8 241.3 244.1 247.9 252 257.7 263.4 270.1 277.7 281.5 283 283.4 274.4 261.5 260.4 274.8 265 272.3 280.1 269.4 271.4 272.5 276.6 297.7 292.2 275.6 271.4 272.1 276.9 287.8 305 300.6 298.5 308.6 315 315.3 308.9 301.7 294.5 283.5 281.4 281.3 270.1 264.2 263.5 262.1 255.1 252 252.5 256.9 264 269.9 276.8 283.6 283.4 282 280.2 270 272.3 279 269.4 266.3 259.7 252.3 247.7 249.3 241.4 230.4 228.8 224.1 221.5 218 213.4 208.8 204.2 199 191.3 181.5 177.5 177.1
