data/180000-850000.asc
ncols 200
nrows 200
xllcorner 180000
yllcorner 850000
cellsize 50
[rows 156 to 194 of 200, columns 0 to 85 of 200]
201 186.5 172.4 175.8 173.5 167.5 159.1 149.3 149.3 147.8 143.8 135.2 147.5 148.8 146.8 141.8 134 124.2 117 114.7 107.3 110.6 112.2 109.8 100.1 97.8 92.5 75.8 59.3 63.1 43.8 25.9 25.8 26.9 28.5 30.5 33.1 39.8 42.3 41 41.2 33.2 26.4 19.2 31.9 39.1 48 69.4 89.8 102.7 125 156.7 161.9 198.9 239.4 251.7 282.5 302.2 325.8 349.5 375.6 387.6 399 416.5 439.9 455 473 496.6 507.8 513.4 518 517.9 514.7 507.8 488 442.2 411.3 389.5 372.9 359.2 340.3 321.5 303.4 288.5 273 261.1
220 208.9 188.2 181.1 178.5 170.2 163.1 158.5 159.4 157.8 157.2 149.2 159.8 159.1 157.1 149 142.9 131.5 122.2 119.7 118.8 126.2 125.4 123.5 117.3 108.5 98.2 81.2 63.3 61.9 53.1 28.5 27.3 30.3 34.4 36.9 39.9 39.2 39.6 39.3 39.2 36.1 30.8 27.9 24.4 40.4 44.1 59.5 90.3 94.7 107.1 131.5 152.1 176 208.6 231.3 250.1 271.4 307 327.2 352.8 371.7 382.5 399.5 438.1 459.6 467.9 491.3 496.9 503.8 510.6 511.4 511.2 505.8 479.5 436.8 409.6 388.2 372.5 361.2 343.9 327.5 316.8 301.7 287.5 278.4
237.3 227 202 189.3 187.9 175.9 168.4 168.8 169.4 167.1 165.2 164.7 170.6 168 163 157.8 148.9 144.9 129.2 124.4 130 133.2 135.4 133.2 127.2 119.7 107.7 90.7 68.2 62.7 58 38.2 28.6 38 41.7 43 43.2 42 42.9 42 39.7 37.6 33.5 28.2 25.3 32.6 42.6 55.3 85.4 92.4 99 119.7 138.1 160 189.4 214.5 229.3 251.3 284.6 303.3 325.9 348 374 398.6 437.2 451.7 460.3 472.9 486.5 490.2 499.3 503.1 502.9 494.4 469.6 435.2 408.2 389.9 373.3 366.1 355.9 337.8 325.4 312.1 299.4 290.1
252.1 235.8 222.5 198.7 192.5 188.4 186.8 186.2 178.6 173.6 170.1 171.3 181.6 178.4 166.8 162.7 158.1 148.8 136.2 131.1 139.4 140.3 143.7 142.3 137.9 132.5 118.5 97.1 79.1 69.9 63.9 48.6 31.6 43.1 48.9 51.1 47.8 47.5 49.8 47.5 42.9 40 36.2 32.7 30.2 28.9 34.2 46 64.7 80.3 91.5 105.9 121.6 147.3 163.8 198.5 211.1 245 276.2 295 313.4 336.8 362.8 386.2 420.8 438.6 448.1 460.2 473.8 485.7 489.2 493.5 493.2 483.6 467.9 439.7 408.1 389.7 379.1 381.6 374.7 357.7 341.6 325.2 309.3 302.1
257.9 243.8 234.8 211.7 197.5 194.4 194.9 199.5 193.3 175 173.2 179.9 184.1 180.6 173.8 168.3 167.5 155.3 144.1 147.5 147 146.2 150.4 152.3 147.5 139.3 130.5 106.2 99.6 74.3 70.4 53.1 39.9 54.7 62.9 62 55.3 49 49 49.1 46.8 43.9 41 38 34.3 30 28.9 34.6 40 63.7 80.5 88.1 104.7 124 148 177.3 195.2 228.5 255.9 275 289.8 316.8 352.6 370.5 390.5 426.6 438.9 446.8 454 464.4 475.8 481.3 484.8 481.5 465.9 447.2 421.8 405.5 396.5 397.6 390.1 381.5 373.9 356.8 336.7 324.1
265.4 252.9 244.3 223.5 206.3 200.6 203.1 215.6 210.4 198.3 178.7 179.6 182.2 182 179.1 181.1 174.5 161 159.6 163.5 161.7 156.7 157.7 159.8 154.6 147.6 141.3 126.1 101.3 82.1 71.1 57.9 43.7 56.8 68.5 70.9 62.6 51 48.4 50.9 48.2 45.8 43.5 40.8 38.7 38.7 35.1 26.2 27.9 43.2 67.5 77.5 97.4 109.3 128.2 152.8 176.2 202.6 234.4 255.6 267.3 297.2 319.7 351.2 369.6 386.5 421.2 429.8 440.5 448.7 456.9 464.8 468.2 470.1 464.5 451.4 428.9 423.2 416.3 416.5 408.2 403 396 384.4 367.4 354
282 267.4 256 235.1 222 208.4 209.5 228.3 231.3 214.7 186.6 181.7 188.1 186.9 184.1 181.2 174.8 172.4 181.6 179.9 177.2 171.6 167.6 164 161.7 155.8 149.6 135.3 118.7 92.5 74.5 69.5 54.8 53 68.1 71.7 69.8 59.2 52.3 51.7 49.2 46.7 44.3 41.6 38.1 36.8 41.1 32 25.4 26.1 52.7 65.4 87.5 97.2 110.6 131.1 158.9 174.3 202.7 235.8 249.3 269.2 300.5 323.8 344.4 367 382.2 403.9 420.1 433.3 441.6 446.2 450.6 453.6 453.7 446.4 437.2 437.7 431.4 433.6 428.9 431.7 407.8 392.5 383.9 372
291.5 281.2 264 246.5 235 223 225.5 232.7 239.6 230.5 199.9 189.1 193.5 194.1 189.8 185.3 179.2 186.4 193.3 193.3 190.8 186.3 184.9 180.9 169.7 160.9 154.9 144.5 131.1 123.7 90.8 85.9 61.4 51.3 71.5 74.4 70.7 69.6 59.1 55.6 52.2 49.1 46.6 43.1 39.6 35.7 35.6 39.6 25.4 25.4 29.5 46.4 62.3 83 97.1 113.7 134.6 157.3 175.6 207.2 232.2 252.3 267.8 293.8 317.3 336.6 360.9 375.6 400.3 416.6 427.8 434.4 443.1 443.3 441.1 442 439.1 441.9 442.9 444.1 440.3 441 432.2 417.4 405.2 403.1
299.6 293.3 276.5 257.2 240.8 228.5 232.8 239.6 242.3 236.4 215.9 200.1 199 198.1 201.3 196.3 196.3 201.3 202.9 204.2 201.4 200 198.5 194.4 183.3 168.6 160.8 152.9 150.2 142.9 122.7 88.1 66.8 57.7 72.9 75.9 72.1 71 67.2 58.8 53.8 49.7 50.6 47.6 42 37.2 34.5 36.1 28.2 25.4 25.4 30.5 44.3 71.9 83.7 97.5 116.6 137.7 157.1 190.3 210.3 233.4 253.1 272.3 295.9 307.7 325.5 340.1 355.4 369.2 392.5 414 423.1 426.2 425.3 440.4 439.4 439.2 440.8 446.1 444.4 447.9 440.7 443.4 445.2 437.1
299.6 295.9 285.7 275.7 249.7 241.3 245.2 246.9 248.3 241.3 224.8 211.5 205.1 202.6 209.3 210.7 214.1 218.5 220.3 219 214.3 211 205.4 201.7 192.9 187.5 175.7 161.8 161.4 153.4 138.9 95 70.2 59.7 66.5 72.7 71.4 71.2 69.4 59.3 53.9 50.5 50.5 51 45.1 38.2 36.3 40.7 31.3 25.4 25.4 25.4 29.5 48.2 66.2 83.5 104 118.4 137.2 160 182.2 199.8 221.9 245.1 267.9 285.3 298.5 321.1 336.1 351.8 370.9 386.3 398.7 406.5 414.5 425 427.3 431.8 440.4 448.3 457 460.9 461.7 460.2 457.7 455.7
306.2 303.1 301.4 291.4 269.3 248.6 259.3 259 257.8 252.2 236.7 218.3 211.1 205.3 214.8 233.1 235.5 235.2 236.5 235.9 238.4 233.2 223 212 205.1 201.1 191 183 175.5 163.6 149.4 109.3 75.1 60.6 64.2 70.6 70 68.5 65.2 59 55.8 52.3 51.4 51.1 49.1 41.5 36.7 40 35.3 25.4 25.4 25.4 25.4 31.3 53.9 68.3 83.6 100.5 121.4 137.3 151 168 191.1 218.4 238.9 262.5 273.1 290.6 313.6 330.9 350.9 367.7 385.5 392.6 410 411.6 414.7 419.2 430.6 449.6 468.6 462.8 467.2 468.8 464.5 459.3
307.1 309.7 310.4 304.4 288.3 264.4 259 259.2 265.2 263 247.1 226.3 216.8 209.5 228.7 251.3 249.8 247.3 247.7 247.2 246 237.8 236.2 225.8 214.7 207.3 202.7 194.2 192.4 176.4 164.3 122.6 85.6 63.2 59.8 63.4 68.1 66.7 62.1 59.2 57.4 55.1 54.3 52.1 49.2 42.5 40 41.2 41 40.3 25.4 25.4 25.4 25.4 33.9 55.9 61.8 79.9 96.5 107.7 122.5 142.9 159.5 187.4 208.9 235.3 253.4 274.3 290.6 309.2 330 343.1 361.4 372.8 380.8 392.1 402.9 410 423.4 446.5 464.3 462.6 466.6 470.6 464 456.6
307.9 309.9 310.7 307.5 297.4 287.5 266.7 262.9 266.9 267.9 256.7 233.5 221.9 218.7 242.4 259.3 262.5 263.3 263.3 261.6 256.7 247.9 239.9 230.8 222.7 213.2 206.1 208.9 204.8 193.4 174 142.8 96.2 71 61.7 63.2 66.6 66.2 61.9 60 58.4 55.9 54 52.8 50.9 46.1 42 41.7 41.5 41.2 33.4 25.4 25.4 25.4 25.4 36.4 51.5 58.1 70.1 84.4 96.7 114.1 138.4 162.3 185.1 213.7 235 257.8 279.2 295.6 311.1 320.4 335.6 347.9 368.5 382.6 395.9 405 419.5 445 457.1 460.6 462.8 463.2 460.4 451.2
308.9 310.5 311.7 309.7 297.8 291.5 277.9 273.9 269.3 269.9 258.8 242.6 230 230.7 248 259.4 265.7 268.5 268.3 265.5 262.1 257.1 247.1 235.7 228.4 218.3 208.8 209.5 211 198.6 181.4 147.6 121.3 87.7 68.4 68.3 69 67.9 65.7 65.7 61.8 56.8 55.2 57.2 52.1 47.2 44.2 42.4 42 41.5 37.9 25.4 25.4 25.4 25.4 25.4 34.7 45.4 55.9 61.5 75.2 91.1 109.6 139 162.5 194.6 219.6 231.9 256.4 276.1 285.6 293.6 307.8 329.9 356.2 373.4 390.7 403.5 417.4 445.2 457.6 467.8 467.4 469.4 462.9 456.5
309.2 310 311.7 311.9 304.6 297.6 290.7 288.7 273.3 267.1 256.6 248.1 234.9 235 251.9 264.4 268 270.4 271.3 268.2 262.8 261.1 252.2 243.6 234.1 225.1 214.4 211.4 212 201 187.9 159.2 137.6 106 78.4 72.1 71 68.1 68.9 72.9 71.9 62 58.2 59.2 56.5 48.5 45.4 43.2 41.9 40.3 39.6 25.4 25.4 25.4 25.4 25.4 25.4 28.8 44.6 51.6 57.9 69 87.3 107.7 141.5 172.1 201.1 212.3 224.6 246.3 263 277 289.3 312.3 332.7 357 377 399.5 412.2 432.4 451.1 460.3 475.4 473.9 474.7 475.6
309.9 310.8 311.2 313.6 315.7 308.2 306.5 308.9 288.6 268.3 257.3 251.4 236.9 237.6 255.5 263.9 265.4 265.6 267.3 263 260.6 260.3 255.2 250.4 242.1 229.3 219.1 218.4 214.8 207.7 192.2 165.7 150.4 127.6 93.2 82.1 83.3 71.9 70.3 79.2 80.8 78.5 66 57.8 53.9 48.7 45.3 42 40.1 40.2 40 29.4 25.4 25.4 25.4 25.4 25.4 25.4 30.5 41.6 47.8 54 64.9 83.6 106.2 139.8 158.4 178.3 196 219.4 234.3 254.5 272.5 289.2 311.2 333.7 358.7 387.6 401.9 424.7 438.1 454.9 471.5 473.1 475.1 473.2
308.8 309.2 314.1 317.4 315.4 313.6 314.9 318.2 304.1 274.3 261.3 252.3 242 241.3 253.6 262.4 261.5 260.1 256.2 254.8 256.8 252 249.9 245.8 242.2 229.7 223 219.6 216.3 211.3 198.1 170.9 155.6 137.6 110.4 95.7 97.6 87.3 76.4 82 79.8 78.5 73 62.1 52.2 48.6 45.6 41.6 40.7 39.4 40.5 33.9 25.4 25.4 25.4 25.4 25.4 25.4 25.4 31.3 39.2 46.4 54.4 64.2 83.2 106 127.8 147.4 169.4 191.7 213.6 234.4 253.5 272.2 287.5 320.8 346.9 375.1 390.9 416.5 429.3 452.7 469.6 475 481.7 478.5
310.7 315.3 317.2 320 319.2 323.3 319.2 320.2 311.7 292.1 269.9 260.6 247 251.2 260.2 265.8 267.8 264.1 254.8 254.8 257.6 258.8 251.3 239.6 239.8 231.2 222.1 221 218 213.6 206.5 178.2 173.5 153.2 121.9 109.7 109.2 95.8 79.9 78.9 80.6 80.8 76.4 69.2 60.2 53.1 48.6 43.9 38.8 38.8 38.1 34 27.5 25.4 25.4 25.4 25.4 25.4 25.4 27.8 34.2 41.2 45.1 52.5 68.6 89.5 112.3 134.5 149.4 169.7 196 216.3 231.9 254.8 269 306.3 330.8 361.1 381.2 411.9 430.5 464.7 480.2 489.5 490.5 486
318.7 323.6 320.5 319.3 326 332.7 323.5 325.5 316.5 303.4 277.6 266.7 256.4 263.8 274 280.1 285.7 281.6 275.8 270.1 280.1 277 276.2 261.9 250.1 238.1 229.1 227.3 221.7 215 208.3 191 183.9 166.5 128.3 110.7 110.5 102.1 86.2 79.3 78.9 79.8 80 74.3 68.8 69.6 62.3 52.7 45.1 39.1 36.1 32.8 29.3 25.5 25.4 25.4 25.4 25.4 26.1 28.3 30.9 37.7 42 47.1 56.6 74.5 96.7 113.2 135.2 155.4 175.3 199.1 213.6 238.8 254.5 273.6 306.9 341.2 366.3 399.3 431.6 449.8 469.7 484.8 493 491.2
331 330 326 325.8 335.4 334 333.5 333.6 321.8 306.7 282.7 282.2 268.3 276.1 279.6 282.4 293.3 298.9 299.8 306.1 305.8 294.9 285.5 279.6 270.6 258.8 252.6 247.6 235.2 221.5 204.8 196.4 188.7 175 143.8 114.9 109.9 103 94.6 79.2 78 78.4 78.8 73.6 70.6 71.1 69.1 58.1 50.7 45.8 40.3 33.4 31 25.4 25.4 25.4 25.4 25.4 29.9 31.5 31 38 45.3 46.3 51.1 63.3 82.2 102.4 125.7 142.8 160.2 178.4 201.8 221.4 238.1 257.8 279.4 315.7 350.7 380.7 417.4 435.2 445.6 468.7 487.1 485.2
334 336.1 331.4 336.4 343.5 340.8 334.5 332.3 325.8 310 296.7 300.4 282.9 284.2 286.4 286.5 298.8 305.2 312.4 311.7 307.3 302.5 293 281.1 284.5 280.6 274.9 272.5 254.9 235.6 211.7 203.2 190.3 179.2 148.5 121.2 121.2 115.6 107.8 94 83.5 78.7 79.2 77.3 73.7 71.8 70.2 70.5 65.5 54.1 47.6 40.7 31.9 25.8 25.4 25.4 25.4 29.9 35.1 37.4 36.8 39 39.6 41.9 48.2 55.1 69.3 90.2 115.9 132.7 145.5 164.7 189.6 206.3 225.6 243.4 262.3 289.7 325 353.3 384.2 410 423.9 447.1 473.5 472
335.1 340.4 339.1 350.5 347.1 347.1 334.6 331.4 323.6 313.3 309.9 303.4 290.7 291.3 295.3 295.1 303.4 311.4 317.1 318.3 309.8 305.4 300.8 289 280.9 283 287.6 289.7 271.9 250.8 223.6 215.6 197.8 179 156.6 133.7 131.2 132.2 126.1 124.1 113.4 94.3 84.7 88.2 90.8 91.5 86.9 84.4 82.8 73.1 62.7 52.3 43.5 38.2 33.3 28 28.4 28.6 35.2 40.1 43.3 41 39.3 41.4 44.1 49.9 56.8 73.7 101.6 120.2 134.7 153.1 175.1 191.7 212.2 230.4 245.7 266.7 304.4 331.6 357 390.5 403.5 419.6 442.8 455.9
338.6 338.9 341.6 350.3 352.8 348.2 335.3 329.7 323.3 322 318 312.7 304.4 296 303.9 311.2 307.6 314.6 321.7 325.6 326.9 318.4 319.1 311.4 294.9 280.9 289.3 293.9 287.5 269.3 234.7 223.5 208.8 197.7 172.4 149.7 130.6 135.9 134.7 136.5 128.1 120.6 100.4 101.2 110.2 109.8 109.8 94.8 84.3 79.3 68.7 60 59.5 60 53.5 45.7 37 28.7 31.2 40.1 48 51.1 46.2 41.7 43.6 46.6 50.6 61.1 82.2 106.9 126.1 141.6 160.5 177.3 200.5 215.4 229.2 247.1 272.2 302.7 337.3 368.6 389.8 400.8 417.7 444.3
339 338.8 343.8 350.8 351.6 349.5 344.1 334.9 323.2 324.3 320.3 330.8 321.3 304.8 309.9 311.8 320.1 320.2 324.2 329.6 331 332.5 324.5 325.9 315.5 298.6 291.7 298.6 296.8 281.9 250.9 238.9 221.2 208.9 188.1 161.9 140.9 146 145.5 140.6 138.2 134.3 124.3 106.4 108.2 108.9 109.7 110 102 91 75.6 67.6 65.7 63.5 63.9 56.2 49.1 35.6 28.8 34.2 47.3 51.2 51.4 50.1 46.6 45.7 50.7 56.4 66.9 89.9 112.8 131 147.1 164.3 183.9 199.6 213.8 234.1 262.7 282.8 313.2 344.1 376.2 390.3 403.5 418.6
339.4 341.1 345.2 350.3 354.2 344.2 341 334.9 322.9 321.6 323.7 335 331.8 316.7 316.5 321.4 329.5 338.8 343.3 335.9 331 332.2 331.9 326.3 325 310.2 301.5 298.5 293.6 279.9 264.6 257.1 238 221.6 197.4 171.8 155.1 152.1 152.5 148.2 147.1 146 136 122.7 112.3 108.8 108.5 111.1 111 108.4 102.2 77.3 82.1 73.1 66.4 63.6 59.3 50.9 42 29.8 40 51.5 54.8 57.1 54 48 47.8 51.6 59.6 75 98.4 117.8 131.7 150.7 169.7 183.6 196.6 215.7 244.7 265.3 303.8 318 350.7 374.5 390.4 409.4
331.7 338.9 342.7 348.2 350.8 341.6 339.1 336 324.5 322.5 327.8 339.3 337.1 334.8 344.2 349.1 361.1 356.3 354.9 351.1 339.9 334.2 335.4 332.6 327.3 321.5 310.7 304.1 293 277.9 276.5 273.9 247.9 240 204.2 178.6 163.3 164.8 171 169.9 165.1 162.3 151.6 137.9 129.4 122.5 116.7 109.3 111.2 111.8 107.1 92 91.1 88 79.5 77.3 67.8 61.5 53.9 39.7 31.5 44.8 58.1 60.6 59.1 53.7 48.5 48.5 50.6 62.2 82.7 102.8 118.7 136.5 156.4 169.7 180.6 201.4 229.3 250.5 289.1 303.3 329.2 360.4 375.8 389.2
325.5 332.6 339.3 345.3 347.2 342.7 338.8 336.2 327.9 327.9 334.5 340.9 341.1 346.5 351.8 360.7 376.5 375.9 368 364.9 357.4 345.8 337.4 337.9 332.4 325.4 320.6 309.9 295.6 282 286.9 284.9 263 244.8 218 189.8 172.6 168.9 169.3 178.9 181.2 180.2 167.8 153.4 139.4 141.4 135.5 123.7 109 111 109 98.9 100.2 95.8 91.8 91.1 87.2 73.3 63 49.3 36 34 53 61.8 60.9 60.6 54.8 50.6 49.6 53.3 64.7 86.8 105 120.7 140.9 156.7 168.9 189.4 213.1 235.7 267.1 295.9 309.1 339.9 362 371.6
320.2 326 334.8 341.1 342.4 341.3 338.8 337.3 332.9 331.9 335 342.7 348.9 350.5 360.7 365.7 378.9 379.8 378 373.3 375 366 346.2 337.1 333.5 325.6 320.5 313 301.2 289.2 297 296.5 274.6 250.2 233.8 208.9 187 176 171.6 190.1 192.2 188.5 181.7 171.7 159.3 149.4 147.3 140.3 130.5 114.4 112.1 107.5 105.3 103.5 106.7 104.7 98.8 96.8 82 65.2 47 34.2 38.7 60.4 62.2 61.8 58.9 52.6 51.9 52.9 56.9 74.5 93.3 109.9 126.6 142.1 157.6 176.8 205.2 226 261.6 290 312.7 320.2 351.3 359
315.8 319.3 330 337.9 340.9 339.7 340.9 335.2 339.5 336 331.8 337.9 349.7 354.4 361.6 368.6 375.7 382.3 378.5 379.1 376.7 370.1 360.9 351.4 341.7 324.4 317 312.4 295.7 292.7 299.8 300 286.6 264.9 248 221.6 204.5 183.5 177.1 187.8 197.2 199.2 194.8 183.2 172.4 165.5 160.9 147.8 141.5 131.3 121.9 119.1 115.6 109.2 115.3 115 106.5 104.5 100.9 82.6 60.6 43 32.6 43.8 60.5 61.4 61.1 55.9 56.7 58.4 55.4 61.4 79.8 99.7 115.6 128.6 148.7 166.9 193.9 222.9 258.7 273.8 302 311.5 327.7 349
309.1 315.2 324.5 330.3 337.9 336.9 339.8 331.7 340.9 340.6 333.2 337 345.3 352.1 365 368.6 372.4 379 378.9 377.4 378.9 372 363.8 360.3 350.8 332 314 310.9 298.8 297 299 298.5 287.9 276.2 266.6 235 218.6 189.3 180.4 186.3 195.1 199.1 197.4 195.1 193 178.8 167.8 161 151.7 146.7 140.5 127.5 122.5 121.7 123.1 123.5 119 111.1 106.2 101.8 78.6 54.8 39.9 33.5 46.9 60.7 68.3 59.4 56.7 57.2 56.1 59.9 71.2 87.6 104 120 139 158.7 178.4 203.6 233.2 249.5 275.1 304.9 322.1 338.3
306.7 312 317.9 324.6 329.3 330.3 329.9 330.1 341.9 341.7 331.3 334.9 340.7 354.7 369.7 372.1 372.8 375.7 379.5 375.4 373 370.3 369.9 365.3 355.6 348.3 326.9 311 310.2 302 298.5 292.6 282.5 277.7 272.7 250.9 229.2 205.2 187.2 187.9 193.9 201.2 201.1 202.5 198.7 193.6 177 176.2 165.2 161.6 155.6 139 133.3 130.2 128.4 128.9 123.5 116.7 109.2 106.5 95 75.2 54.6 35.9 33.4 46.9 59.5 60.1 58.7 58.1 56.9 58.9 64.8 76.3 92.3 109.7 129.1 148.2 168.5 185.2 206 229.2 259.3 285 315.2 330.5
303.3 308.2 310.6 320.3 324.8 326.4 325.9 329.5 337.5 339.3 331.3 336.4 339.2 350.4 365.4 374.8 375.1 373.2 373.7 370.9 371.3 371.2 370.5 368.1 360 350.8 339.4 317.8 312.8 307.5 301.6 295.6 284.5 282.7 287.4 268.6 241.2 225 202.2 210 213.3 228 224.1 217.6 225 218.4 197.9 187.3 183.3 176.2 166.6 159.9 156.2 151.7 143 133.9 128.8 122.5 115 108.4 101.8 91.4 82.1 53.7 33 33.9 46.2 61 59.9 60.2 58.6 57.3 60.6 68.2 81.2 99.9 118.4 137.5 159.3 175.2 195.7 229 269.7 302 332.1 347.6
296.7 301.8 305.9 317.1 319.7 321.4 319.9 323.7 330.9 334.6 333.6 338.5 338.2 350.6 364.5 372.1 374.6 374.9 373.4 368.8 368.8 368.8 369.8 369.1 370.4 353 337.3 325.8 329.9 317.8 309.1 302.1 291.4 288.4 290.7 276.5 257.6 245.1 222.9 243.7 238 244 245.9 241.6 245.6 240.5 227.9 208.3 204.7 195.8 192.4 181.9 172.7 168.4 159 146.5 135.8 126 122.2 114.7 103.3 96.5 86.6 63.7 42.4 33.6 34 50.3 57.6 59 59.6 58.2 59.6 66.7 79.9 92.7 107.1 126.4 150 166.7 190.5 223.8 264.9 291.1 306.9 349.3
286.8 293.5 303.1 311 312.7 312.6 312.4 323.2 332.7 332.2 333.3 336.2 336.2 353.6 365.5 371.6 374.3 375.7 377.3 371.9 368.8 373.7 369.8 369.6 361.9 352.1 335.5 346.5 353.3 337.8 323.7 315.4 298.7 291.4 291.7 284.5 276.3 259.7 248.7 251.4 242.1 245.2 250 259.1 262.9 254.2 248.8 236.8 228.9 222 212.4 202.4 190.6 184.6 179.2 152.9 147 133.6 127.3 120 106.6 96.6 87.2 72.8 54.6 36.2 35.5 35.1 50.5 60.5 59.1 59.4 61.4 66.9 75.8 86.6 101.9 121.7 138.9 156.7 180.4 209.1 249.4 284.5 293.4 329.4
277.9 287 296 304.1 304.7 303.6 305.2 317.7 330 329.9 331.5 338.4 339.2 351.8 363.6 372.8 377.5 379.1 378.4 379.4 370.9 373.2 370.4 369.1 359.8 350.2 346.4 354.9 356.2 350.2 330.1 318.5 307.9 293.9 294.8 290.7 282.3 273.6 257.7 258.6 249.7 249.7 254.2 263.8 273.7 267.7 255.2 248.3 242.6 234.4 225.1 217.4 204.6 191.1 184.3 170 154.2 143.2 134 125.3 115.4 101.1 83.6 75 61.1 44 35.6 33.4 39.4 58.9 61.2 61 62.8 65.9 75 86.4 98.7 113.7 130.7 145.6 169.1 192.9 223.7 263.8 284.3 312.7
266.8 276.5 282.8 292.5 295.5 295.4 297.5 309.6 321.5 325 329.5 337.3 340.7 354.9 366 372.6 378.3 380.6 380.9 382.9 380.1 375.1 369.4 357.7 355.2 349.8 354.7 365.7 362.2 356.4 339.8 322.9 318.4 302.8 299.2 297.9 288.8 277.6 268.7 272 255.6 250.3 254.5 260.1 271.6 274.8 264.2 254.7 246.8 241.2 232.9 225.2 213.2 201.2 189.6 176.4 163.3 147.7 138.8 130.2 120.6 106.4 100.9 82.9 63.2 52.4 40.9 33 33 45.6 57 63.5 69.4 66.8 72.5 83.3 94.7 107.1 123.8 138.5 155 178.3 206.9 253.8 274.5 300.9
258.2 267.2 272.4 277.2 279.4 283.5 287.8 294.5 312.6 314 319.5 334.6 339.4 350.9 359.8 371.1 376.9 378.1 380.7 384.9 379.9 374.7 369.5 358.3 355.7 352.4 369 379.5 372.9 364 348.6 325.7 322.5 309.3 305.3 305.5 299.8 286.2 271.7 276.6 269.2 264 260.1 262.9 269.8 281.1 275.7 271 257.6 250.9 243.1 232.3 222.6 213.9 201.6 187 173.3 163.7 143.1 131.9 125.3 123.6 110.8 90.9 71.5 60.5 57.8 36.3 33.8 33.8 45.6 65.3 77 70.4 69.8 78.9 93.6 103 117.6 130.6 146.7 168.7 195.2 241.7 259.2 286.3
250.2 259.3 264 269.3 260.8 268.7 285.1 291 299.3 305.1 313 325.9 333.5 345.8 355.2 362.3 367.7 369.8 376.9 380.1 378.5 370.9 365.6 362.1 358.9 363.3 376.5 381.4 381 373.8 359 347.5 328.8 320.1 316.9 307.9 305.6 299.7 275.8 274.3 272.5 275.4 281.3 284.1 279.9 284.8 290.3 286.5 275.4 263.2 254.6 240.1 232.7 227.6 216.8 202.5 180.7 170.3 146.6 137.3 131.2 125.3 116.1 97.6 79.7 69.2 63.6 45.2 37 34.8 36.1 57.5 70.3 67.1 64.2 72.9 86 97.9 111.6 123.8 135.3 157.3 183.8 231.1 250.4 267.9
242.9 252 257 260.5 260.3 267.9 283.3 290.4 300.1 299.7 309.1 319.3 327.4 338 347.6 355.4 360.7 366.1 370.6 372.6 371 370.6 369.1 365.6 362.1 369.2 379.7 386.8 378.6 374.6 362.5 355.5 343.5 332.3 325.6 323.4 314.5 297.7 280.1 275.7 277.1 287.9 289.9 294.6 293.7 296.2 295.9 295.4 285.8 272.9 263.1 251.8 238.1 235.1 224.9 210 192.4 171.3 150.3 149.1 140.2 127.8 119.7 103.1 88.5 72.2 66 55.4 44.8 34.6 34.4 44 62.5 63.6 63.1 64.7 76.7 90.3 102.7 116.2 131.7 146.6 171.9 213.4 238.8 252.7
