data/180000-830000.asc
ncols 200
nrows 200
xllcorner 180000
yllcorner 830000
cellsize 50
[rows 111 to 147 of 200, columns 0 to 82 of 200]
-2.2 -2.2 -2.2 -2.2 -2.2 -2.2 1.9 1.6 1.9 4.7 -2.2 0.7 1.7 5.3 -2.2 -2.2 -2.2 -2.2 -2.2 -2.2 -2.2 -2.2 -2.2 -2.2 -2.2 -2.2 -2.2 -2.2 -2.2 -2.2 -2.2 -2.2 -2.2 -2.2 -2.2 -2.2 -2.2 -2.2 -2.2 -2.2 -2.2 -2.2 -2.2 -2.2 -2.2 -2.2 -2.2 -2.2 -2.2 -2.2 -2.2 -2.2 -2.2 -2.2 -2.2 -2.2 -2.2 -2.2 -2.2 -2.2 -2.2 -2.2 -2.2 -2.2 -2.2 -2.2 -2.2 -2.2 -2.2 -2.2 -2.2 -2.2 -2.2 -2.2 -2.2 -2.2 -2.2 -2.2 -2.2 -2.2 -2.2 -2.2 -2.2
-2.2 -2.2 -2.2 1.5 0.5 2.2 2.5 3.3 13 11.9 9.2 2.5 2.5 10.3 12.1 1.5 -2.2 -2.2 -2.2 -2.2 -2.2 -2.2 -2.2 -2.2 -2.2 -2.2 -2.2 -2.2 -2.2 -2.2 -2.2 -2.2 -2.2 -2.2 -2.2 -2.2 -2.2 -2.2 -2.2 -2.2 -2.2 -2.2 -2.2 -2.2 -2.2 -2.2 -2.2 -2.2 -2.2 -2.2 -2.2 -2.2 -2.2 -2.2 -2.2 -2.2 -2.2 -2.2 -2.2 -2.2 -2.2 -2.2 -2.2 -2.2 -2.2 -2.2 -2.2 -2.2 -2.2 -2.2 -2.2 -2.2 -2.2 -2.2 -2.2 -2.2 -2.2 -2.2 -2.2 -2.2 -2.2 -2.2 -2.2
-2.2 -2.2 -2.2 -2.2 -2.2 -2.2 -2.2 -2.2 4.4 3.8 2.5 2.5 2.5 2.5 2.5 2.5 -2.2 -2.2 -2.2 -2.2 -2.2 -2.2 -2.2 -2.2 -2.2 -2.2 -2.2 -2.2 -2.2 -2.2 -2.2 -2.2 -2.2 -2.2 -2.2 -2.2 -2.2 -2.2 -2.2 -2.2 -2.2 -2.2 -2.2 -2.2 -2.2 -2.2 -2.2 -2.2 -2.2 -2.2 -2.2 -2.2 -2.2 -2.2 -2.2 -2.2 -2.2 -2.2 -2.2 -2.2 -2.2 -2.2 -2.2 -2.2 -2.2 -2.2 -2.2 -2.2 -2.2 -2.2 -2.2 -2.2 -2.2 -2.2 -2.2 -2.2 -2.2 -2.2 -2.2 -2.2 -2.2 -2.2 -2.2
-2.2 -2.2 -2.2 -2.2 -2.2 -2.2 -2.2 -2.2 2.5 2.5 2.5 2.5 2.5 2.5 2.5 2.5 -2.2 -2.2 -2.2 -2.2 -2.2 -2.2 -2.2 -2.2 -2.2 -2.2 -2.2 -2.2 -2.2 -2.2 -2.2 -2.2 -2.2 -2.2 -2.2 -2.2 -2.2 -2.2 -2.2 -2.2 -2.2 -2.2 -2.2 -2.2 -2.2 -2.2 -2.2 -2.2 -2.2 -2.2 -2.2 -2.2 -2.2 -2.2 -2.2 -2.2 -2.2 -2.2 -2.2 -2.2 -2.2 -2.2 -2.2 -2.2 -2.2 -2.2 -2.2 -2.2 -2.2 -2.2 -2.2 -2.2 -2.2 -2.2 -2.2 -2.2 -2.2 -2.2 -2.2 -2.2 -2.2 -2.2 -2.2
10.1 5.8 7.6 11 2.7 1 -2.2 -2.2 7 9.9 9.4 2.5 2.5 2.5 5.6 12 19.9 2.2 -2.2 -2.2 -2.2 -2.2 -2.2 -2.2 -2.2 -2.2 -2.2 -2.2 -2.2 -2.2 -2.2 -2.2 -2.2 -2.2 -2.2 -2.2 -2.2 -2.2 -2.2 -2.2 -2.2 -2.2 -2.2 -2.2 -2.2 -2.2 -2.2 -2.2 -2.2 -2.2 -2.2 -2.2 -2.2 -2.2 -2.2 -2.2 -2.2 -2.2 -2.2 -2.2 -2.2 -2.2 -2.2 -2.2 -2.2 -2.2 -2.2 -2.2 -2.2 -2.2 -2.2 -2.2 -2.2 -2.2 -2.2 -2.2 -2.2 -2.2 -2.2 -2.2 -2.2 -2.2 -2.2
9.3 9.2 8.9 8.1 2.5 2.5 2.1 2.5 16.6 26.2 30.9 23.7 7.4 3.8 8.3 10.9 14.4 1.4 -2.2 -2.2 -2.2 -2.2 -2.2 -2.2 -2.2 -2.2 -2.2 -2.2 -2.2 -2.2 -2.2 -2.2 -2.2 -2.2 -2.2 -2.2 -2.2 -2.2 -2.2 -2.2 -2.2 -2.2 -2.2 -2.2 -2.2 -2.2 -2.2 -2.2 -2.2 -2.2 -2.2 -2.2 -2.2 -2.2 -2.2 -2.2 -2.2 -2.2 -2.2 -2.2 -2.2 -2.2 -2.2 -2.2 -2.2 -2.2 -2.2 -2.2 -2.2 -2.2 -2.2 -2.2 -2.2 -2.2 -2.2 -2.2 -2.2 -2.2 -2.2 -2.2 -2.2 -2.2 -2.2
10.4 9.3 8.9 4.7 2.5 2.5 2.5 12.5 26.1 29.9 31.2 23.9 16.1 11.5 11.1 11 9.7 1.4 -2.2 -2.2 -2.2 -2.2 -2.2 -2.2 -2.2 -2.2 -2.2 -2.2 -2.2 -2.2 -2.2 -2.2 -2.2 -2.2 -2.2 -2.2 -2.2 -2.2 -2.2 -2.2 -2.2 -2.2 -2.2 -2.2 -2.2 -2.2 -2.2 -2.2 -2.2 -2.2 -2.2 -2.2 -2.2 -2.2 -2.2 -2.2 -2.2 -2.2 -2.2 -2.2 -2.2 -2.2 -2.2 -2.2 -2.2 -2.2 -2.2 -2.2 -2.2 -2.2 -2.2 -2.2 -2.2 -2.2 -2.2 -2.2 -2.2 -2.2 -2.2 -2.2 -2.2 -2.2 -2.2
13.4 14.9 18.1 17.1 19.9 10.9 2.5 16.6 27 30 27.8 24.8 21.1 17.4 13.9 11 10.5 3.2 -2.2 -2.2 -2.2 -2.2 -2.2 -2.2 -2.2 -2.2 -2.2 -2.2 -2.2 -2.2 -2.2 -2.2 -2.2 -2.2 -2.2 -2.2 -2.2 -2.2 -2.2 -2.2 -2.2 -2.2 -2.2 -2.2 -2.2 -2.2 -2.2 -2.2 -2.2 -2.2 -2.2 -2.2 -2.2 -2.2 -2.2 -2.2 -2.2 -2.2 -2.2 -2.2 -2.2 -2.2 -2.2 -2.2 -2.2 -2.2 -2.2 -2.2 -2.2 -2.2 -2.2 -2.2 -2.2 -2.2 -2.2 -2.2 -2.2 -2.2 -2.2 -2.2 -2.2 -2.2 -2.2
20.2 25 32.7 29.7 23.4 7.5 3.2 12.5 21.6 22.6 22.1 22.8 23.2 21.5 13.1 2.9 1.4 -2.2 -2.2 -2.2 -2.2 -2.2 -2.2 -2.2 -2.2 -2.2 -2.2 -2.2 -2.2 -2.2 -2.2 -2.2 -2.2 -2.2 -2.2 -2.2 -2.2 -2.2 -2.2 -2.2 -2.2 -2.2 -2.2 -2.2 -2.2 -2.2 -2.2 -2.2 -2.2 -2.2 -2.2 -2.2 -2.2 -2.2 -2.2 -2.2 -2.2 -2.2 -2.2 -2.2 -2.2 -2.2 -2.2 -2.2 -2.2 -2.2 -2.2 -2.2 -2.2 -2.2 -2.2 -2.2 -2.2 -2.2 -2.2 -2.2 -2.2 -2.2 -2.2 -2.2 -2.2 -2.2 -2.2
31.4 40.6 42 26.1 12.2 4.9 3.7 12.6 18.7 16.3 16.2 21.1 21.9 20.8 14.5 -2.2 -2.2 -2.2 -2.2 -2.2 -2.2 -2.2 -2.2 -2.2 -2.2 -2.2 -2.2 -2.2 -2.2 -2.2 -2.2 -2.2 -2.2 -2.2 -2.2 -2.2 -2.2 -2.2 -2.2 -2.2 -2.2 -2.2 -2.2 -2.2 -2.2 -2.2 -2.2 -2.2 -2.2 -2.2 -2.2 -2.2 -2.2 -2.2 -2.2 -2.2 -2.2 -2.2 -2.2 -2.2 -2.2 -2.2 -2.2 -2.2 -2.2 -2.2 -2.2 -2.2 -2.2 -2.2 -2.2 -2.2 -2.2 -2.2 -2.2 -2.2 -2.2 -2.2 -2.2 -1.8 -1.3 -0.8 -2.2
31.3 32.1 26 19.3 16.4 11.1 8.6 19.9 19.2 12.7 11 18.8 17.6 15.7 10.6 -2.2 -2.2 -2.2 -2.2 -2.2 -2.2 -2.2 -2.2 -2.2 -2.2 -2.2 -2.2 -2.2 -2.2 -2.2 -2.2 -2.2 -2.2 -2.2 -2.2 -2.2 -2.2 -2.2 -2.2 -2.2 -2.2 -2.2 -2.2 -2.2 -2.2 -2.2 -2.2 -2.2 -2.2 -2.2 -2.2 -2.2 -2.2 -2.2 -2.2 -2.2 -2.2 -2.2 -2.2 -2.2 -2.2 -2.2 -2.2 -2.2 -2.2 -2.2 -2.2 -2.2 -2.2 -2.2 -2.2 -2.2 -2.2 -2.2 -2.2 -2.2 -2.2 -2.2 -2.2 -0.4 0.4 0.7 0.6
2.5 9.2 12.2 19.4 20.3 21.3 22.8 22.9 21.2 12.1 5 3.2 1.9 -2.2 1.3 -2.2 -2.2 -2.2 -2.2 -2.2 -2.2 -2.2 -2.2 -2.2 -2.2 -2.2 -2.2 -2.2 -2.2 -2.2 -2.2 -2.2 -2.2 -2.2 -2.2 -2.2 -2.2 -2.2 -2.2 -2.2 -2.2 -2.2 -2.2 -2.2 -2.2 -2.2 -2.2 -2.2 -2.2 -2.2 -2.2 -2.2 -2.2 -2.2 -2.2 -2.2 -2.2 -2.2 -2.2 -2.2 -2.2 -2.2 -2.2 -2.2 -2.2 -2.2 -2.2 -2.2 -2.2 -2.2 -2.2 -2.2 -2.2 -2.2 -2.2 -2.2 -2.2 -2.2 -2.2 2 2.2 2.3 2.5
17.4 21.1 18.1 21.9 22.6 23.8 25.3 23.7 22.1 13.9 3.7 2.5 2.5 -2.2 3.1 -2.2 -2.2 -2.2 -2.2 -2.2 -2.2 -2.2 -2.2 -2.2 -2.2 -2.2 -2.2 -2.2 -2.2 -2.2 -2.2 -2.2 -2.2 -2.2 -2.2 -2.2 -2.2 -2.2 -2.2 -2.2 -2.2 -2.2 -2.2 -2.2 -2.2 -2.2 -2.2 -2.2 -2.2 -2.2 -2.2 -2.2 -2.2 -2.2 -2.2 -2.2 -2.2 -2.2 -2.2 -2.2 -2.2 -2.2 -2.2 -2.2 -2.2 -2.2 -2.2 -2.2 -2.2 7.1 7.2 7.1 -2.2 -2.2 -2.2 -2.2 -2.2 -2.2 19.7 33.3 44.7 38.4 35.1
17.9 29.1 33.5 30.1 27.4 27 27.7 24.9 22.5 15.9 6.6 5.7 6.4 7 8.7 -2.2 -2.2 -2.2 -2.2 -2.2 -2.2 -2.2 -2.2 -2.2 -2.2 -2.2 -2.2 -2.2 -2.2 -2.2 -2.2 -2.2 -2.2 -2.2 -2.2 -2.2 -2.2 -2.2 -2.2 -2.2 -2.2 -2.2 -2.2 -2.2 -2.2 -2.2 -2.2 -2.2 -2.2 -2.2 -2.2 -2.2 -2.2 -2.2 -2.2 -2.2 -2.2 -2.2 -2.2 -2.2 -2.2 -2.2 -2.2 -2.2 -2.2 -2.2 -2.2 -2.2 15.9 38.1 39.3 39.9 42.3 41.7 39.9 30.9 29 32 48.3 67.1 86.1 82.6 84.1
25.7 39.6 40.1 29.6 29.9 29.8 28.9 26.6 22.2 16.3 5.7 4.4 5 4.6 4.7 -2.2 -2.2 -2.2 -2.2 -2.2 -2.2 -2.2 -2.2 -2.2 -2.2 -2.2 -2.2 -2.2 -2.2 -2.2 -2.2 -2.2 -2.2 -2.2 -2.2 -2.2 -2.2 -2.2 -2.2 -2.2 -2.2 -2.2 -2.2 -2.2 -2.2 -2.2 -2.2 -2.2 -2.2 -2.2 -2.2 -2.2 -2.2 -2.2 -2.2 -2.2 -2.2 -2.2 -2.2 -2.2 -2.2 -2.2 -2.2 -2.2 -2.2 1.2 8.9 31.1 39.3 53.9 60.3 67.2 74.1 79.9 86 80.7 74.2 68.5 77.3 83.2 92.5 101.1 102.3
19.6 31.7 40.9 31.2 29 30.6 29 25.9 21.9 8.6 3.9 2.5 3.4 2.5 1 -2.2 -2.2 -2.2 -2.2 -2.2 -2.2 -2.2 -2.2 -2.2 -2.2 -2.2 -2.2 -2.2 -2.2 -2.2 -2.2 -2.2 -2.2 -2.2 -2.2 -2.2 -2.2 -2.2 -2.2 -2.2 -2.2 -2.2 -2.2 -2.2 -2.2 -2.2 -2.2 -2.2 -2.2 -2.2 -2.2 -2.2 -2.2 -2.2 -2.2 -2.2 -2.2 -2.2 -2.2 -2.2 -2.2 -2.2 -2.2 -2.2 2.5 3.6 25.2 39.2 45.3 59.9 79.6 94.3 116 132 151.4 159 144.1 136.1 136.2 134.6 123.2 107.8 108
16.8 33.8 40.2 30.5 30 31.4 29.9 24.9 12.8 3.9 2.5 2.5 4 2.5 -2.2 -2.2 -2.2 -2.2 -2.2 -2.2 -2.2 -2.2 -2.2 1 -2.2 -2.2 -2.2 -2.2 -2.2 -2.2 -2.2 -2.2 -2.2 -2.2 -2.2 -2.2 -2.2 -2.2 -2.2 -2.2 -2.2 -2.2 -2.2 -2.2 -2.2 -2.2 -2.2 -2.2 -2.2 -2.2 -2.2 -2.2 -2.2 -2.2 -2.2 -2.2 -2.2 -2.2 -2.2 -2.2 -2.2 -2.2 20.5 8.7 9.5 14.3 29.8 48.5 63.5 91.1 134.1 146.8 164 189.7 209.5 205.7 197.8 186.6 176.4 174.9 168.6 153.5 135
20.3 23.9 32.5 31.3 30.9 29.7 27.1 11.6 2.5 2.3 2.1 2.4 2 -2.2 -2.2 -2.2 -2.2 -2.2 -2.2 -2.2 -2.2 -2.2 -2.2 1.1 -2.2 -2.2 -2.2 -2.2 -2.2 -2.2 -2.2 -2.2 -2.2 -2.2 -2.2 -2.2 -2.2 -2.2 -2.2 -2.2 -2.2 -2.2 -2.2 -2.2 -2.2 -2.2 -2.2 -2.2 -2.2 -2.2 -2.2 -2.2 -2.2 -2.2 -2.2 -2.2 -2.2 -2.2 -2.2 -2.2 7.6 18 22.5 25 32.7 50.5 64.2 77.3 94.4 136 178.9 215.8 258.4 272.7 276.1 265.4 257 248.4 236.5 222 217.6 209.1 181.5
27 25.8 33.1 39.1 33.8 27.8 24.3 3 2.5 2.5 0.7 0.3 -0.4 -2.2 -2.2 -2.2 -2.2 -2.2 -2.2 -2.2 -2.2 -2.2 -2.2 -2.2 -2.2 -2.2 -2.2 -2.2 -2.2 -2.2 -2.2 -2.2 -2.2 -2.2 -2.2 -2.2 -2.2 -2.2 -2.2 -2.2 -2.2 -2.2 -2.2 -2.2 -2.2 -2.2 -2.2 6.5 6.9 -2.2 -2.2 -2.2 -2.2 -2.2 -2.2 -2.2 -2.2 14.1 20.7 15.6 21.5 28.6 32.1 42.9 71.9 93.7 104.3 106.9 142.5 165.8 223.9 278 290.3 299.5 306.4 290.5 283.1 272.3 263.4 254.8 240.2 223.9 213.2
30.4 35.1 35.5 38.1 30.2 27.2 13.6 2.6 2.5 2.5 1.1 -0.8 -2.2 -2.2 -2.2 -2.2 -2.2 -2.2 -2.2 -2.2 -2.2 -2.2 -2.2 -2.2 -2.2 -2.2 -2.2 -2.2 -0.1 -2.2 -2.2 -2.2 -2.2 -2.2 -2.2 -2.2 -2.2 -2.2 -2.2 -2.2 -2.2 -2.2 -2.2 -2.2 -2.2 -2.2 -2.2 4.7 -2.2 -2.2 -2.2 -2.2 -2.2 -2.2 -2.2 2.8 25 34.1 38.4 38.4 39.4 41.3 49.9 71.6 112.8 127 147.8 158.8 174.4 181.4 227.5 286.7 289.5 295.6 298 293.9 282.8 276.4 269.3 260.8 250.2 233.9 218.5
33.4 38.2 36.8 39.1 23.9 21.9 8.2 2.9 2.5 2.5 1.4 -2.2 -2.2 -2.2 -2.2 -2.2 -2.2 -2.2 -2.2 -2.2 -2.2 -2.2 -2.2 -2.2 -2.2 2.5 4.2 2.3 5.2 6.7 6.3 15.2 16.3 2.1 -2.2 -2.2 -2.2 -2.2 -2.2 -2.2 -2.2 -2.2 -2.2 -2.2 -2.2 -2.2 -2.2 -2.2 -2.2 -2.2 -2.2 -2.2 -2.2 -2.2 7.3 18.7 30.8 45.3 54.4 59.8 55.7 51.3 68.3 103.5 136.9 159.9 182.2 219.7 236.6 265.8 267 286.5 286.9 284.5 283.5 280.9 274.5 270.2 270.4 259.6 251.1 236.8 226
38.1 39.4 28.4 32.8 15.6 11.1 6.9 4.7 2.5 4.6 2.4 -2.2 -2.2 -2.2 -2.2 -2.2 -2.2 -2.2 -2.2 -2.2 -2.2 -2.2 -2.2 -2.2 3.3 12.7 13.7 19.6 23.7 24.4 27.1 31 23.6 11.4 6.6 6.7 13.8 16.6 17.8 25.5 7.3 10.6 5 -2.2 -2.2 -2.2 -2.2 -2.2 -2.2 -2.2 -2.2 -2.2 -2.2 17.6 32.1 46.2 49.9 59.6 70.1 72.7 68.1 72.8 97.2 129.1 170.6 210.5 273.5 306.2 311 307.8 299.8 291.2 285.6 279.9 279 277.1 268.1 263.4 262 258.8 250.2 236.9 225.7
40.9 33 24.5 17.6 10 8.6 7.8 2.5 2.5 2.3 1.4 -2.2 -2.2 -2.2 -2.2 -2.2 -2.2 -2.2 -2.2 -2.2 -2.2 -2.2 -2.2 2.3 9.5 24.8 25.2 23 21.5 24.3 30.1 42.9 35.3 28.4 23.6 21.4 26.9 36.7 38.8 33.5 27.7 16.9 7.7 2.5 -2.2 -2.2 -1.4 -2.2 -2.2 -2.2 -2.2 6.1 23.8 44.2 54.2 56.8 66.2 74.2 80.5 83.4 91.1 107.7 134.5 163.2 201.6 232.7 302 312.5 312.4 312.1 306 304 296.3 287 278.5 279.7 269.9 261.7 259.6 254.1 246.9 234.7 225.7
39.3 30.1 14.5 7.2 8.2 7.2 2.4 1.6 0.8 0.5 -2.2 -2.2 -2.2 -2.2 -2.2 -2.2 -2.2 -2.2 -2.2 -2.2 -2.2 -2.2 -2.2 2.2 6.9 31.6 27.3 22.1 20.3 22.9 29.9 42.3 39.7 41.4 36.6 30.2 36.7 51.6 52.5 43.3 31.3 20.4 4.7 5.4 -2.2 0.4 1 2.5 3.1 4.7 12.5 34.3 56.9 65.5 69 73.3 84 87.3 88.9 101.4 118.9 145.6 168.2 188.5 231.5 264.9 314.5 325.2 331 326.4 322.1 316.7 313.3 306.4 300.2 281.2 274.7 270 259.7 252.2 240.7 230.6 224.8
19.2 11.9 5.1 4.6 4.8 2.5 1.6 0.7 -0.1 -1 -2.2 -2.2 -2.2 -2.2 -2.2 -2.2 -2.2 -2.2 -2.2 -2.2 -2.2 2.5 2.5 1.9 7.4 13.6 16.4 17.6 20.3 28.7 47.3 54 46.3 55.3 48.5 47.4 57.8 62.9 59.1 45.9 34.6 22.2 6.5 2.5 -2.2 3.3 7.1 7.2 14.8 21.6 34.2 53.3 69.9 79.8 85.3 92.7 101 107.7 120.1 124.2 148.2 177.7 229.6 281.4 317.6 318.8 321.6 335.2 340.4 338.4 331.6 327.1 319.1 312.5 306.1 299.5 283.8 275.2 267.1 257 248.6 234.1 220.8
20.5 15 7.8 2.5 2.5 2.5 2.3 1.1 0 -1.1 -2.2 -2.2 -2.2 -2.2 -2.2 -2.2 -2.2 -2.2 -2.2 -2.2 -2.2 2.1 2.5 6.2 2.5 9.5 22.9 25.6 27.1 46 56.7 58.7 69.4 59.7 62.6 69 65.4 62.3 60.9 40.1 26.7 22.5 11.7 5.8 6.2 10.8 14.2 20.2 32.4 38.2 49.6 72.5 90.1 96.3 98.3 111.3 116.6 125.7 141.7 167.9 200.8 223 261.8 313.8 347.3 348.3 343.8 338.9 339.6 340.8 336.5 330.6 323.3 313.8 307.2 297.6 284.9 276.4 267.8 260.1 253.7 242.4 229.1
16 6.3 5.5 2.5 2.5 2.5 2.5 2.2 1.1 -0.1 -2.2 -2.2 -2.2 -2.2 -2.2 -2.2 -2.2 -2.2 -2.2 -2.2 1.7 5.6 6 2.5 2.5 11.9 26 29.8 42.1 59.1 54 51 60.2 60.4 69.7 69.2 59.7 59.1 46.8 38.7 29.9 25.7 23.9 21.4 24.4 31.2 32 27.4 41.7 53.8 64.8 82 106.2 113.5 114.9 124.6 127.3 140.4 176.9 210 241.7 274.7 305.1 303.8 334.8 349.7 350.3 343.4 339.6 338.7 332.1 328.1 319 310.6 302.8 297.1 289.3 278.3 269.2 266 257.4 251.5 244.6
2.5 2.5 2.5 2.5 2.5 2.5 2.5 2.5 2.1 0.9 1.2 3.2 13.2 18.9 17 11.7 6.6 6.8 5.9 12.2 20.3 13.5 6.9 4.5 10.6 13.9 25.7 38.8 48.3 46.9 43 43.7 48.2 51.5 57.9 60.4 65.8 71 70.4 59.8 47.5 45.4 40.1 39 44.5 49.3 41.8 41.9 53.7 62.7 73.6 99.2 113.9 120.4 126.5 137.6 148.3 171.2 213 269 308.4 329 349.8 350.6 340.8 341.4 343.4 341.4 338.9 332.7 327.8 319 309.7 303.7 298.9 299 297.8 284.3 273.2 266.4 257.1 255.6 247.6
2.5 4.5 2.5 2.5 2.5 4.7 2.5 2.5 2.5 2.5 10.5 22.7 28.8 32.7 32.3 28.1 21.1 3.4 1.5 24.5 23.6 19.9 19.8 24.9 21.4 22.8 22.3 34.7 38.2 39.4 40.5 43 54.3 67.8 79.7 101.7 106.2 103.5 100.4 84.6 71.5 63.3 58.5 57.7 58.8 52.9 47.2 51.7 62.3 74 84.8 101.3 113.2 125.7 140.4 161.8 179.8 204.5 245.2 306.5 329.6 350.1 350.5 352.1 350.2 351.1 339 339.5 338.7 331.6 324.4 320.8 313.3 310.2 301.9 298.7 295.1 286 280.2 267.3 262.2 256 249.8
22.8 21.5 21.7 21.5 18.1 17.5 17.9 14.4 16.5 14.6 23.5 24.3 37.7 48.6 38.9 30 21.4 21.3 27.3 45.1 48.2 45.5 40.5 34.6 31.6 30.8 31.4 35.8 36 40.1 49 60.3 86.2 103.5 120.6 125.6 125.8 125.4 115.1 100.4 89.9 79.4 70.8 65.3 62 54.8 50.4 56.9 67.2 80 95.3 108.9 121.8 137.7 162.6 187.8 209.8 228.7 260.2 305.4 312.8 324.4 336.6 332.5 332.7 331.6 332.3 328.2 327.8 323.1 314.4 312.7 313.1 311 307.6 298.8 292.4 290.4 281.4 282.9 285.3 277.8 260.9
43.2 40.6 48.3 51.6 47.8 54.3 58.5 57.2 54.5 37.3 37.7 34 44.6 45.6 40.9 43.1 31.9 32.3 56.2 59.9 58.6 52.5 46.1 42.7 43.3 39.8 38.4 41.2 43.4 49.8 61.5 82.6 103.7 115.5 130.5 137.5 139.5 128.5 115.5 113.1 104.1 88.9 76.8 71.5 68.6 60.5 58.3 66.5 76.8 92.3 112.3 124.6 135.2 158.6 185.1 208.4 227 258.5 284.6 309.6 313 314.5 316.1 310.7 310.3 303.5 306.2 310.3 309.6 303.4 300 301.1 306.9 306.8 301 298.7 291.7 289.6 291.4 291.5 290.5 280.4 264.4
58.2 69.2 84.3 77.3 81.3 87.1 88.9 82.3 85.3 62.2 53.5 44.4 48.6 58.2 52.6 42.9 39.7 41.9 54.7 57.3 52.7 49.6 56.1 58.4 48.8 49.7 48.4 49.8 52.5 61.5 74.8 91.8 101.3 118.2 132.5 141.6 143.7 133.4 125.1 131.1 133.7 110.1 91.4 80.2 74.8 69 68.3 79.5 94.9 121 132.7 147.3 171.8 194.8 212.5 237.2 254.3 281.4 312.3 317.9 310.8 303.3 302 302 302 302 302 302 303.5 302.4 304 301.2 299.6 299.4 300.7 300.5 304.3 301.3 297.9 290.9 282.7 272.3 261
80.1 102 105.9 111.3 109.8 113.2 106.6 101 88 73.8 73.7 83.3 82.4 77.5 59.8 48.1 44.5 43.2 48.3 51.6 49.9 54.5 57.6 59.2 65.3 62.3 63 65.8 68.6 72.8 79.2 91.2 98.1 110.4 119.8 131.3 140.6 145 143.9 142.7 141.8 115 101.4 86.9 82.7 81.2 80.9 95.2 118.8 143 153.7 183.3 209.3 230.6 246.7 268.1 274.1 296.2 303.6 309.2 310.3 302 302 302 302 302.5 307.1 304.1 300.2 297.9 296.6 303.5 299.9 302.5 302.9 305.7 304.6 303.8 300.8 286.6 269 256 248.7
109.9 132 131 130.3 129.4 126.3 115.5 106.8 101 88.3 91 90.3 84.2 72.8 65 57.9 50.6 47.1 49 50.3 55.8 61.7 67.2 74.9 75.6 76 76.5 76.1 76.3 78.5 82 90.4 97.9 108.4 118.7 133 150 156.4 148.7 140.9 129.5 115.6 104.4 90 94.6 96.6 102.1 116.3 141.5 157.2 177.9 225.2 251.2 253.6 261.8 270.2 289.9 306.4 299.9 298.3 300.5 306.1 306.5 310.9 308.8 309.9 310.7 305.9 298.7 295.1 293.3 300.1 301.9 306.3 305.7 305.4 300.9 296.4 288.1 272.6 257.4 249.9 250.3
134.7 141 131 129.4 128.9 125.6 121 109.8 99.3 90.9 90.2 86.9 75.9 73.2 67.9 62 56 54.5 55.9 60.8 66.1 73.7 81.7 83.3 82.1 84.3 84.9 84.5 83.7 86.5 89.4 92.6 100.7 108.7 119.3 136.7 150.6 154.3 152.1 140.6 126.8 118.1 105.6 102 106.3 115.4 128.5 137.9 150.4 175 208.6 250.2 270.8 260.5 259.6 268.8 277.7 297.5 303.2 305.1 311.7 311.1 310.9 310.9 308.6 301.8 301.6 299.2 299 296.9 294.1 296 304.8 309.6 304.8 302.2 294.9 286.7 285.4 270.7 251.4 256 254.9
113.8 121.6 114.2 120.3 114.2 108.5 101.8 95 86.8 83.1 83.2 79.8 77.5 75.5 70.7 65.1 60.8 60.9 64.1 68.8 77.4 83.8 90.4 89 88.1 89.2 90.5 91.2 88.9 92.9 96 100 103.4 110.1 119.4 133.5 146.8 159.9 156.4 137.1 127 119.1 115.7 113.9 119.7 128.7 144.1 157.2 162.6 174.9 211 229.5 242.3 249.1 268.1 289.3 284.8 297.8 309.7 321.1 314.1 311.5 308.9 308.8 301.1 298.7 299.5 305.1 304.4 298.3 292.9 291.3 292.6 291.5 289.1 291.2 293.3 288.4 285.1 266.4 257.2 251.4 251.4
90 91.3 88.7 91.1 92.5 81.2 78.6 79.4 82.2 83.2 84.1 84.7 86.9 87.3 79.7 69.4 67.2 66.8 71.7 76.9 84.3 88.7 89 91.9 92.2 92.3 94.3 99.9 101.9 105.7 108.4 109 110.1 114.6 120.8 129.3 135.4 143.5 141.9 130.6 124.7 119.7 121.5 123.1 133.8 144.3 153.7 163.1 169.8 178 195.8 220.9 263.2 295.7 310.9 309.3 305.7 306.5 309.1 311 315.2 313.7 308.2 300.9 299.3 299.5 299 311 311 300.3 297.5 291.2 288.4 284.9 284 288 293.2 285.8 273.9 258.7 251.4 251.4 251.4
