data/180000-700000.asc
ncols 200
nrows 200
xllcorner 180000
yllcorner 700000
cellsize 50
[rows 0 to 36 of 200, columns 0 to 81 of 200]
-0.6 -0.6 5.2 8.8 16.5 32.5 51.2 76.5 96.7 113.1 128.1 144.1 157.4 172.2 179.8 181.8 193.1 194.3 190.3 191 202.3 220.4 230.8 236.6 241.2 238.5 233.6 230 225 233.6 237.7 239.1 242 245.5 244.8 245.5 239.3 229.5 243.1 255 257.2 254.6 255.5 260.2 261 258.9 252.2 250.3 244.7 227.6 219.7 213.7 215.5 219 230.8 242.9 252.5 257 262.6 263.1 264.8 265.5 273.7 276.9 284 292.9 295.1 300.2 303.8 301.3 303.2 307.9 320.3 322 321.9 327.2 337.9 344.4 343.9 342.1 343.7 350.5
-0.6 -0.6 -0.6 5.1 12 31.5 60.6 88.4 112.6 129 142.2 153.5 166.8 187.2 192.9 196.5 202.6 203.2 194.4 194.7 191.9 210.4 227 232.5 240.7 236.4 235.8 236.8 241.3 238.9 237.1 231.4 230 232.6 228.5 229.7 225.8 239.8 248 251.9 253.1 252.6 253.6 257.6 256 243.7 238 227.5 220.8 219.9 208.6 206.4 207.8 216.7 238.2 255.4 257.2 255.3 266.2 282.2 280.6 280.6 283 284.6 291.4 298.5 298.1 302 302.1 302.9 305.1 307.7 319.9 322.2 324 328 330.9 338.7 338.6 338.6 342.3 351.7
-0.6 -0.6 -0.6 3.2 10.5 41.6 72.1 102.3 125.9 139.6 150.3 159.4 174.1 186.1 197 202.5 206.3 209 204.4 196.7 199.2 197.8 219.2 224.1 230.3 230.9 235.1 234.6 236.5 232.4 227.5 223.1 221.3 218.6 210.8 208.8 220.3 236.7 243.6 251.2 253.4 253.8 250.8 245.5 232.3 220.2 218.7 214.8 207.2 205.4 203.6 204.9 209.4 217.9 229.6 237.9 249.1 274.5 289.5 291.5 288.1 286.8 289.6 290.6 300.6 296.7 289.1 288.4 296.6 303.2 306 309.4 312.7 314.1 324.9 329.4 328 330.8 333.7 335.4 343.5 351
-0.6 -0.6 -0.6 3.4 18.6 50.4 81.9 118 133.8 143.9 153.2 164.8 185.4 193.5 202.2 207.2 210.8 211.5 214.4 206.8 205 197.3 209.9 219.8 222.8 223.5 224.4 226.8 226.9 222.9 214.7 209.8 207 202.7 202.9 201.4 210.4 222.9 234 241 244.2 237.9 231.9 218.4 203.8 207.1 205.5 202.4 202 201.4 202.8 207 209.5 212.8 224.8 240.4 265.3 281.4 291.4 297.2 290.7 296 295.4 293.7 296.9 292.3 287.4 286.1 297.7 302.9 306.7 309.2 309.1 308.2 318.4 326.7 324.7 327.1 335.3 339.6 344 347.5
-0.6 -0.6 -0.6 4.8 19.6 54.6 87.9 119 131.4 143.8 158.1 173.8 190.3 197 201.7 209.5 211.8 212.2 215.3 214.2 208.8 206.9 201 211.9 213.8 211.5 212.3 210.7 210 209.4 201.9 197.5 201.4 196.1 191 204.5 209 212.9 217.4 217.5 213.9 210.8 206.1 195.7 195.8 198.5 201.5 200.6 200.9 202.2 204.8 207.2 217.4 220.1 227.8 253.8 273.3 279.6 288.7 297.1 298.5 299.8 299.7 298.8 295.5 290.5 285.9 284.8 302.7 304.4 307 308.9 309.2 307 309.1 317.7 329.6 328.5 331.4 337.4 338.1 335.5
-0.6 -0.6 -0.6 5 30.1 59.5 88.7 111.6 124.5 143.5 158.4 175.5 185.4 193.7 202 208.7 209.7 209.2 214.6 217.5 208.2 208.5 202.9 204.7 203.9 192.7 190.8 193.9 193.7 188.6 190.9 198.8 193 184.3 209.1 210.8 204.5 205.2 205.3 203.5 196 194 194.5 205.7 208.2 205.6 205.8 205.3 211.2 212.6 213 212.4 223.6 225.1 231.6 254.1 279.1 286.3 291.7 299.1 302.6 303.2 301.7 295 293.8 285 282.1 284.8 297.7 306 309.2 311.1 307.6 302.2 307.7 310.9 313.3 313.9 317.4 329.7 331.2 321.7
-0.6 -0.6 -0.6 9.8 42.2 63.5 84.9 102.5 117 139 154.1 167.7 182.3 193.8 200.2 202.2 204.5 204.5 209.6 212.3 210.2 203.5 204.4 188.8 190.1 188.5 176.7 178.2 170.4 186.1 192.1 189.3 182.5 183 199.6 204.4 192.8 197 201.3 191.4 188.8 193.7 197.8 202.9 204.1 207.4 211.5 212.3 217.1 217.4 220.3 224.6 222.1 228.5 238.9 251.7 274.6 287.2 297.8 301 299.8 300.6 299.2 292.5 277.7 274.4 273.3 281.9 294.9 304.7 309.9 307.5 302.1 298.9 299.5 300.7 306.4 310.2 309 314.3 312.7 303.8
-0.6 -0.6 -0.6 7.2 34.6 59.9 81.4 95.8 107.7 129.6 150.1 164.9 179.9 189 192.7 194.3 196.9 194.3 201.8 202.7 200.5 196.2 200.2 191.3 176.4 168.5 159.5 157.9 171.6 176.5 171.3 174.1 173.4 174.6 171.6 177.1 182.5 196.3 193.7 185 185.5 192.3 195.2 200.6 203.8 208.1 207.1 206.7 209.9 218.2 224.8 228.4 227.1 229.9 247.5 259.4 272.3 278.2 290.6 293.8 295.2 297 294.3 288.3 271.4 270.5 262.7 277.7 295.5 298.3 301.1 304.4 299.9 297.2 293.2 293.6 298.3 309.3 307.7 299.8 294.7 298.9
-0.6 -0.6 -0.6 6 20.7 49.5 75.8 92.6 104.3 122.5 137.4 152.6 170.1 177.8 180 187.9 189.3 187.2 188.5 188.1 192.2 192.5 184.2 176.5 176.2 160.5 146.9 152.1 154.5 152.6 152 148.5 162.3 161.7 171.8 184.6 190.8 191.4 178.3 179.4 185 188.8 192.8 197.9 198.2 205 198.2 198.8 202.4 212.4 217.5 226.2 232.2 236 249.2 253.2 259.6 265 278.8 286.6 291 291.6 287.1 280.5 267.9 263.5 254.2 266.7 289.5 295 296.5 301.7 298.7 297.6 295.7 293.2 299.4 300.6 296.8 295.2 281.6 278.9
-0.6 -0.6 -0.6 1.7 11.4 45.6 77 94.7 101.4 115.4 124.3 135.8 152.3 168.4 172.9 179.8 182.6 180.2 168.5 169.7 184.6 183.6 175.1 168.6 162.3 152 141.4 142.9 143.2 143.6 144.7 145.6 154.4 167.9 181.4 190.1 183.4 172.6 171.8 177.6 182.7 188.4 191.6 191.8 198 198.7 197.3 198.4 200.7 205.9 213 224.9 233.4 237.7 250.9 253.3 258.9 270.5 285.6 286.5 286.4 278.6 271 265.7 255.7 253.5 243.4 256.8 283.7 287.8 289.4 292.3 295.7 300 299.4 286.7 290.9 292.6 285.8 283.8 278.2 259.9
-0.6 -0.6 -0.6 3.4 8.1 43.6 70.6 84.4 95.8 110.8 119.8 128.8 139.2 154.5 161.4 163.7 161.8 166.9 155.2 157.6 158.1 158.1 151.9 149.7 144.2 133.9 140 139.9 138.5 140.1 141.9 147.2 159.7 171.8 183.2 177.1 170.5 172.2 171.4 175.8 180.3 186.3 188.5 189.3 195.4 195 197.5 199.6 205.3 204.8 210.2 221.8 235.9 244.3 251.8 258.7 265.1 268.6 276 280.6 271.9 261.2 253.8 241.2 236.6 238.7 238.3 246.2 262.8 268.8 274 279.6 286.2 293.2 287.7 282 283.2 283.1 274.5 270.9 267.1 236.9
-0.6 -0.6 -0.6 -0.6 7.7 37.9 61.9 72.6 81.1 99.9 106.2 116.9 130.6 136.3 138.7 145.5 150.1 149.8 146.5 141.8 134.8 129.6 129.8 127.4 134.3 143.4 145.4 145 145.8 151.6 152.8 158.8 165.3 172.9 172.7 168.5 170.2 168 168.8 171.6 175.5 178.5 182.1 187.4 188.3 193.2 194.9 198.9 203.4 200.4 209.5 221.4 239.4 254 261.1 258.3 261.5 263.4 261.3 260.8 254 247.3 239.8 225.9 231.1 230.6 238.8 244.5 255.9 256.7 255.5 259 266.8 274.5 276.2 273.5 273.2 272.2 264.8 260 247.5 234.8
-0.6 -0.6 -0.6 -0.6 8.6 39.7 49.9 53.1 57.6 77.3 90.3 102.3 118.4 124.1 129.5 134.9 141 133.5 129.8 127.6 120.9 117.3 114 123.6 130.9 141 148.8 149.9 153.6 158.1 165.6 168.1 171.1 167.9 167 166.9 166.5 161 164 169.1 172.1 168 172.8 186 186.7 189 191.6 192 190.4 192.9 206.3 219 240.8 254 260.7 260.3 260.7 261.1 254.5 250 238.8 228.8 227.5 220.4 226.3 228.2 239.7 239.8 242.2 249 249.2 256 260.3 266.1 270.5 267.4 260.8 261.3 247.7 235.2 235.3 224.8
-0.6 -0.6 -0.6 -0.6 6.3 36.2 38.8 40.6 55.8 85.4 90.5 101.2 109.5 114.9 120.4 121.2 126.1 115 113.5 105.7 103.9 103.3 114.1 127.9 141.6 148.8 151.3 154.4 159 161.5 165.1 169.9 169.7 168 166.2 165.8 160.4 158.6 166.2 167.3 166.6 165 176.5 178.5 184 184.7 181.6 183.1 182.4 187.1 202.1 220 240 254.6 262.5 260.2 260 253.9 241.3 230.4 220.3 213.3 212.1 221.7 222.3 225.3 240.9 235.1 234.3 238.1 240 247.6 251.8 264.7 267.7 264.3 248.2 238.3 227.9 221.8 216.3 208.4
-0.6 -0.6 -0.6 -0.6 6.1 30.9 32.8 38.5 61.8 76.6 87.9 97.3 103.8 104.2 110.1 112.3 106.6 102.9 95.1 87.8 105.6 115.3 133.3 141.4 147 150.3 149.2 152 154.9 163.9 169.7 171.2 166.4 164.7 166.9 168.2 162.7 159.1 161.2 159.9 159.9 172.3 177.2 173.9 175 173.1 170.3 174.8 174.2 184.1 197.7 218 237.5 247.7 249 251.6 246.8 239.3 225.8 217.4 205.4 204.1 198.5 216.7 212.4 221.6 235.4 228.8 230.7 226.5 226.6 235.3 254.6 263.3 257.8 253.3 236.7 218 211.1 208.5 206.3 199.4
-0.6 -0.6 -0.6 -0.6 6.4 22.2 22.8 36.9 53.9 63.1 68.7 85.2 95.2 95.9 93.3 86.9 83.2 79 79.8 97.3 114.7 134.7 143.7 147.8 150.4 148.5 148.6 149.7 149.9 156.2 159.2 157.8 155 157.6 158.2 156.4 153.8 157.3 155.6 156.2 159.9 167.8 172.3 171.5 175.7 169.8 163.8 167.3 168.2 177.5 192.8 207 232.2 234.3 227.9 231.9 224.2 224.8 214.6 200.9 192.3 193.8 191.8 214.9 200.4 213.6 228.2 220.2 218.6 211.6 210.9 228.9 246.1 251.8 242.8 231.6 218.3 200.6 193.8 194.2 197.3 194.5
-0.6 -0.6 -0.6 -0.6 -0.6 5.3 13 31.1 42.1 44.3 50.4 78.6 82.6 83.7 87.5 76.7 68.9 75.1 89.1 110.3 131 144.5 149.8 151.5 154.6 146.1 147.4 145.8 145.6 149.7 151.3 149.6 149.9 155.5 157.9 154.1 148.3 150 149.4 153.9 160.8 165.7 170.8 168 169.7 159.4 151.2 159 161.8 174.4 186.2 200.5 222.8 214.8 204.3 198.2 196.7 198 190.6 177.1 182 179 188.4 195.8 187 206.4 215.7 203.6 210.1 201.8 206.7 221.2 228.4 234 224.2 205.2 196.3 184.6 185 186 191.6 188.5
-0.6 -0.6 -0.6 -0.6 -0.6 1.8 7.8 16.2 28.6 34.1 40 66.7 75.7 72.6 67.5 55.1 72.1 85.4 94.5 119.3 137.9 147.7 150.9 148.2 147.1 144.8 143.6 143.4 145.9 148.8 152.5 149.1 149.5 154.3 156.7 152.4 146 137.6 142 151.3 162.7 164.5 162.6 166.7 154 146.9 149.4 152.9 157.8 167.7 188.6 212.3 212 196.1 182.6 176.1 176.1 168.1 161 156.6 163.8 158.8 174.5 177.1 184.2 200.5 204.5 187.2 191.7 196.1 195.3 209.7 210.2 202.4 195 183 175.8 181.2 179.5 179.4 183 183.5
-0.6 -0.6 -0.6 -0.6 -0.6 2 6.9 13.6 20.6 35.4 37.4 45.9 59.2 50.3 58.1 74.8 89.8 101.8 103.6 121.3 134.2 142.9 145.3 140.4 141.9 145.1 141.7 147 149.6 149.7 157.6 151.4 149.5 151.8 148 144.4 139.3 126.6 134.8 148.9 160.7 156.3 151.8 154.1 149.2 136.9 140.4 149.3 155.1 170.2 194.5 211.2 201.8 183.9 164.5 158 157.7 147.2 143.7 142.7 139.9 147.2 163.2 158.9 167.1 185.5 183.1 173.7 178.8 179.6 182.9 185.7 191.6 175.2 167 166 170.7 174.8 171 170.5 173.1 172.8
-0.6 -0.6 -0.6 -0.6 -0.6 4.1 8.1 21.6 27.1 27.6 30.4 32.6 32.3 46.1 68.4 84.5 102.3 106.1 112 118.5 122.1 136.5 134.3 135.6 137.7 140.3 148.5 149.4 150.9 150.9 151.2 153.8 148.8 148.8 144.2 134.1 125.2 124.9 126.6 147 146.8 143.6 143.3 142.8 138 127 141 145.8 156.5 173.4 199.6 199 187.5 170.5 158.3 143.9 140.2 133.7 131.6 130.2 131.2 143.1 147.6 139.9 154.9 167.6 162.5 164.6 168 160.1 167.2 169.3 167.8 164.1 161.6 163.2 168.8 169.3 151.1 158.6 164.2 162.4
-0.6 -0.6 -0.6 -0.6 -0.6 10.4 32.5 18.2 21.2 26.4 23.8 27.3 32.2 48.1 76.1 89.4 102.8 104.5 111.9 114.7 118.7 127.1 126.5 132.2 137.2 149.1 151.4 156.9 163.3 152.9 152.4 153.2 139.4 137.2 133.8 132.9 123.7 112 120.2 135.2 133.5 139.9 137.2 130.7 124.1 122.6 130.2 143.3 155.3 172.6 197.2 189.8 178.6 158.3 151.6 137.2 127.3 118.9 120.6 129.3 129.3 136.4 134.7 129.1 136.9 147.1 140.8 149.4 150.2 145.4 147.1 155.7 160.6 160.7 158.8 160.2 157.7 156.5 146.7 146.7 154.1 149.2
-0.6 -0.6 -0.6 -0.6 3.1 22.5 31.6 14.9 16.3 18.3 21.8 24.8 28.5 54.8 74.3 81.3 93.9 99.8 107.4 108.6 115.8 120.3 130.8 138.2 144.2 152.9 156.7 170.2 158.7 160.5 158 150.6 137.4 128.4 127.6 126.1 121.4 117 112.8 120 123.1 122.6 124.9 114.8 112.1 116.9 125.9 142.4 149.8 167.6 169.1 163.5 154.7 146.6 139.6 127.7 116.7 109.8 118 134.2 120.4 132.7 122.5 119.6 123.2 131.8 122.1 125.7 133 131.9 139.3 147.2 157.8 162.4 161.7 158 151.6 149.9 143.5 139.8 139.7 133.8
-0.6 -0.6 -0.6 -0.6 5.9 26.7 13.2 13.5 14.7 27.7 22.8 23.4 25.8 40.9 56.9 71.7 90.1 97.2 104.3 99.6 110.5 126.9 136.3 146 155.7 162.5 158.7 165.7 147.3 149.7 149.4 146.8 131.2 118.8 111.9 114.5 117 115.4 111.1 106.6 103.4 100.2 106.1 103.6 99.5 108.4 121.1 137.3 144.9 155 145.7 139.1 134.4 136.3 123.8 114.5 103.6 110.7 125.2 125.3 109.2 115 106.8 110 115.3 119.4 114.9 109.1 116.8 117.2 129.7 134.3 136.1 157.4 169.6 175.6 160.3 145.7 144.9 127.2 127.4 125.6
-0.6 -0.6 -0.6 -0.6 4.8 10.3 10.6 11.7 14.4 19.1 20.6 19.5 20.9 27.5 37.6 60.3 80.5 98 91.2 99.2 109.3 132.8 141.4 154.5 158.9 157.2 150.9 150.8 134.2 135.3 147 141.8 136.3 118.3 110.7 105.1 103.8 105.9 98.2 98.8 85.5 84.4 87 86.2 95.1 100.4 114.8 127.5 132.9 134.1 126.2 118.8 123.1 114.7 100.3 94.3 93.3 124.8 118.6 106.8 103.6 90.7 89.4 104 106.4 101.5 98.7 115.1 104.5 104.1 111.5 118.1 115.5 124.9 150.6 153.1 150.5 136.8 129.3 128 121.3 119
-0.6 -0.6 -0.6 -0.6 5.3 19.3 10.2 11.1 14.5 14.3 13.7 14.4 22.3 26.4 28.3 51.2 65.7 77.6 83.4 90.7 105.2 125 127.9 138.5 145.6 139.9 136.6 125.3 119.3 128.4 144.2 135.4 134 130.2 112 102.8 96.7 98.6 99.2 80.6 76.9 78.5 77 70.8 82.9 94.8 106.9 116.1 120.3 117.2 106.9 108 111.3 94.7 83.9 78.6 83.6 110.3 107.8 99.3 87 80.3 87.4 99 91.4 89.3 95.3 103.9 95 86.9 93.2 97.6 96.9 95.3 107.8 124.1 131.1 117.2 106.5 106 105.1 102.2
-0.6 -0.6 -0.6 -0.6 4.4 16 7.9 9.5 15 10.9 9.1 9.8 22.4 25.1 26.1 31.3 51.2 60.1 69.4 76.2 99.3 118.4 115.8 121.6 116 117.7 119.2 106 107.6 117.3 135.6 130.6 141.4 135.8 119 102.5 93.7 86.9 78.1 77.7 73.2 72 66.8 66.2 78.1 88.6 101.9 107.6 108.2 92.2 84.9 91.3 93.2 79.8 71.5 60.7 73 89.5 95.6 87.2 77.7 72.2 91.4 96.3 86.4 89.9 85.9 80.4 72.8 69.4 66 76.8 82.9 78.7 87.1 90.2 86.4 85.7 86.9 86 90.7 100.5
-0.6 -0.6 -0.6 -0.6 3.5 5.3 4.8 8.3 9.4 8.4 6.2 6.4 7.5 12.1 21.4 20.2 19.3 37.6 46.4 62.2 74.4 99.9 96.8 110.1 100.2 89 90.2 88.7 85.3 103.7 123.9 131.5 151.1 134.5 119.3 110.8 94.3 76.5 62.9 67.8 68.8 60.7 57.6 64.2 69.7 79.9 89.6 88.2 78.5 66.3 67.8 73 68.7 65.2 59.7 53.1 67 76.4 85.6 75.2 65.5 76.8 87.6 85.7 90.7 92 75.4 61.2 54.6 51.3 60.6 72.1 76 72.6 68 65.2 67.1 56.2 55.2 52 70.4 79.6
-0.6 -0.6 -0.6 -0.6 1.3 2.8 3.9 5.3 5.8 5.5 4 5 5.5 7.6 9.5 16.8 10.4 10.5 30.9 41.3 53.4 75.3 78 79.2 76.4 63.4 61.7 67.8 68.6 97.5 111.7 129 142.1 122.7 113.4 109.1 92.9 69.6 52.6 59.1 58.8 56.6 51.7 57.2 57.9 60.2 63.5 69.4 60.9 50.9 57.4 63 58.1 57.9 50 49.1 57.8 64.7 64.7 57.1 74.1 87.1 85.4 87.3 96 78.5 64.3 54.3 40.7 40.6 55 64.2 66.2 61.6 51.3 50.1 49 42.7 44.9 44.8 52 53.1
-0.6 -0.6 -0.6 -0.6 0.5 1.5 2.4 2.9 3.4 3 3.3 4 4.5 6.1 6.4 8.1 7.9 6.8 7.8 24.6 42.1 44.7 54.4 58 50.5 39.4 39.2 47.2 61.1 85 101.6 121.5 124.8 105.4 106.2 102.9 82.6 71.5 48.4 47.5 49.8 53.4 48.9 46.1 45.8 49.6 52.1 53.4 47.4 44.6 49.9 53.6 51.4 45 42.9 49.4 64.3 59.9 54 59.6 78.4 82.9 85.4 95.2 82.6 68.1 61.7 40.4 35.4 37.4 44.8 50.6 49.4 46.8 42.2 42.7 40.2 40.7 42.6 41.4 42 42.1
-0.6 -0.6 -0.6 -0.6 0.1 0.9 1.8 2.7 2.3 1.5 2.3 3.1 3.4 4.3 4.8 5.9 6 5.9 6.5 7.8 20.8 29.6 36 41.8 40.1 36.7 35.5 33.7 48.3 68.7 85 106.3 102.9 94.7 99.4 92 75.6 56.2 46.7 38.2 39 48.6 47.1 44.7 43.2 46.2 47.8 46.6 43.1 41.3 42.6 47.7 47.9 38.7 43 58.4 58.3 50.1 50 71.4 82.9 84.8 100.1 90.5 63.8 63.3 43.1 31.4 34.9 37.5 39.1 39.9 38.9 38.9 36.2 36.8 37.9 38 38.9 39.1 39.6 38.7
-0.6 -0.6 -0.6 -0.6 -0.6 0.4 1.1 1.4 2.1 -0.6 0.4 2 3.1 3.7 3.3 4.1 4.5 5.2 6 6.2 6.9 9.1 19.1 35.7 36.8 34.2 33.3 30.7 28.9 52.3 64.8 66.3 69.3 79.4 88.2 76.5 64.4 50.1 39.8 29 28.3 34.5 46.8 43.8 41.8 48.5 53.3 44 44.3 44.3 46.2 58.7 38.9 37.7 42.6 56.3 48.8 47.7 50.5 70.2 79.4 91.4 94.4 76.8 67.7 45.6 30.4 29.8 34.9 37.9 39.1 39.6 39.4 35.3 36.2 40.3 36.6 37 37.5 37.7 38.1 38.2
-0.6 -0.6 -0.6 -0.6 -0.6 0 0.3 -0.6 -0.6 -0.6 1 2.1 3.1 3.7 2.4 3.2 3.5 4.5 6 5.5 5.8 7.2 9 28.3 31.5 29.2 26.7 28.1 27.9 33 46.5 49.7 52.5 66 65.9 60.1 48.8 45.4 33.3 24.4 21.6 24.7 34.8 47.8 40.8 51.3 45.1 38.5 39.1 43.4 51.8 54.4 36.5 37.2 45.3 50.8 50.8 47.2 51.4 70.1 82.6 91.8 78.4 69.6 54.7 33.1 27.4 26.4 31.4 37.7 39.9 39.9 38.6 34.3 35.4 37.3 35.3 35.2 36.9 37.1 37.1 41.3
-0.6 -0.6 -0.6 -0.6 -0.6 -0.6 -0.6 -0.6 -0.6 -0.6 0.3 0.4 1.7 2.9 2.6 4.7 4.8 4.7 5.9 6.9 6.5 5.9 8.6 18.1 24.1 20.7 21.4 25.1 25.8 27.4 28.6 39.4 41 51.1 44.6 38.6 35.1 29.7 27.5 27.1 20.4 19.4 23.9 29.9 39.8 44.4 34 37.5 32.2 41.3 53.5 38.6 34.6 36.8 44.9 51.2 53.5 50.3 54.1 72.8 93 88.6 65.9 59.8 38.5 25.8 25.8 25.7 31.5 37.8 39 43.3 37.2 33.1 34.1 34.8 33.6 34 34.9 36 36.6 36.8
-0.6 -0.6 -0.6 -0.2 -0.1 0 0.3 1.1 2.5 2.3 1.1 2 1.4 2.1 3.5 5.5 5.8 7.7 8.7 8.3 8.4 7.2 7 10 17.3 11.5 16.2 20 16.1 11 12.9 22.3 28.4 31.2 29.8 27.7 29.5 25.9 22.1 22.9 25.9 17.2 17.7 28.6 28.3 30 28.6 27.6 24.2 32.6 42.1 34.1 32.9 37.3 41.9 51.3 49.7 49.4 46.7 64.7 76.5 76.9 58 46.9 25.4 23.9 23.9 24.6 30.7 36.5 39.4 40.1 34.2 32.8 32.5 33 32.3 33.4 34.6 35.4 38.5 35
-0.6 -0.6 -0.2 0.4 0.6 0.8 1 1.3 2 2.6 2.3 2.4 2.9 4.2 5.7 6.2 8.1 16.8 17.5 17.7 15.2 11.9 9.3 7.7 7.5 8.5 8.9 9.4 9.3 9.2 10.2 15.3 27.3 25.3 21.5 20.4 21.9 17.4 15.7 15 17.4 14.9 15.8 20.3 27.3 25.5 25.8 24.5 17.3 19.7 30 26.9 32.4 39.2 49.9 40 40 36.6 42.7 52.8 71.7 61.6 50.9 34.5 23 22.8 21.9 22.4 25.8 31.6 39.5 44.9 36.3 33.7 32.3 30.7 31.7 34.3 33.9 35.3 35.4 35.7
-0.6 -0.6 0.1 1 1.3 1.6 2.4 2.5 2.8 3.3 3.4 3.7 4.6 6 6.6 6.6 9.8 19 21.6 24.2 27.7 35 33.4 23.1 9.9 7.7 8.4 8.8 9.4 9.6 9.9 10.5 18.2 18.7 13.9 11.8 11.6 11.3 11.5 12.3 13.3 13.9 15 15.6 19.8 25.7 23.8 27.2 18.9 14.9 14.7 15.7 24.2 33.4 40.2 36.4 34.5 29.4 38.1 55.3 65.3 47.3 42.5 28 21.6 22 23.6 24.2 26 32.4 38.8 42.4 42.4 40.5 34.1 29.4 31.1 32.7 34 34.1 35 35.5
-0.6 -0.6 -0.6 1.4 4 6.1 5.4 5.3 5.6 5.8 5.9 6.8 8.4 8.4 8.3 15.1 22.8 25 27.7 29.4 29.1 32.2 32.7 29.6 19.1 10.7 8.2 9.4 9.6 10.1 9.1 10.6 10.5 11.1 11.1 10.4 10.9 11 11.3 11.9 12.6 12.9 13.4 14.1 15.7 13.1 19.9 15.7 13.4 13.6 14 14.7 16.5 23.9 31.7 32.2 30.3 25.5 34.4 51.9 51.1 36.7 30.3 21 21.7 23.1 25.4 25.1 29.4 34.5 38.3 45.6 50.3 46.7 40.1 29.5 31.6 34.5 35.3 35.1 34.7 36.1
