data/180000-890000.asc
ncols 200
nrows 200
xllcorner 180000
yllcorner 890000
cellsize 50
[rows 82 to 122 of 200, columns 93 to 185 of 200]
51.4 49.2 41.3 46.2 53.5 56.3 58.6 61.3 65.9 69.3 70.1 70 70 70.1 70.3 69.3 72.2 73.7 72.4 72.9 79.1 80 77.7 77.5 77.4 77.2 76.7 76.5 77.5 79.7 85.9 88.9 93.4 98.5 101.2 98.9 96.9 105.4 119.8 130.5 129.5 135.9 137.1 128.1 121.2 111 111.4 113.8 90.1 77.8 66.9 65.8 67.1 75.8 81.5 76.4 77.2 82.9 83.9 82.1 80.2 80.4 80.5 72.8 64.4 57.3 57.6 54.3 45.2 43.3 46.7 46 43.8 31.1 25.4 21.5 23 29 30.4 27.8 21.9 17.1 12.9 11.1 9.2 7.5 7.1 6.6 5.4 5.7 1.4 1.6 -2
51.3 46.5 47.4 53.8 60.1 62 61.2 62.4 64.6 68.1 69.3 70 70 70 71.2 69.9 72.9 75 73.9 73.2 81.2 81.2 77.5 77.9 77.9 76.6 77 76.5 76.3 79.3 83.2 88.1 94.3 98.4 99.1 97 96.9 107.5 119.5 128.1 129.6 134.1 132.8 126.3 120.4 115.5 115.7 109.1 87.5 76.5 66.7 67.5 69.8 76.5 82 80.2 93.8 92.3 91.3 91.1 82.8 82 81.3 73.7 67 63.2 63.8 52.3 45 44.5 47.4 39.1 34.5 26.6 23.3 21.5 25.2 34.8 41.3 39.7 30.7 24.3 19.7 15.8 13 10.3 8.7 7.6 6.8 4.8 2.2 2.3 1.1
48.6 46.6 51.9 58.6 65.5 64.3 63.2 64.1 66.1 69.1 69.2 70 70 70 71.3 71.4 74.3 76.5 75.2 74.6 79.5 81.6 78.5 79.8 78.8 76.8 76.9 76.5 76.5 79 82.1 88 96.2 97.4 94.2 94.7 101.4 109.8 115.9 120.7 124.8 127.8 124.7 120.2 116.4 115.4 111 96.5 84.6 73.1 68.2 68.7 75.8 82 82.9 94.1 104.7 98.5 99.9 94.6 84.2 82.7 82.3 76.9 69.8 63.4 60.6 50.3 44.9 42.3 39.8 33 30.3 26 21.5 21.9 31.9 42 48.9 48.7 37.9 28.6 25.8 22.8 18.7 13.7 8.8 8.2 8 7 2.5 2 2.4
49.5 50.5 60.1 64.8 67.7 66.2 65.3 66.9 69.4 69.6 70 70 69.9 71.2 72.3 72.6 75.8 78 75.7 74.4 77.3 77.4 82.7 81.4 79.9 79 77 76.5 76.5 77.5 83 90.3 94.6 90.8 90.9 97.7 105.6 110.7 111.9 113.7 117.6 120.2 117.9 114.1 111.2 109 98.5 87.6 78.3 74.9 78.5 82.9 85.2 85.4 86.9 103.4 107.5 107.7 103.9 93.7 87.6 88.4 86.6 80.8 71.2 64.3 56.6 50.8 46.3 40.7 36.4 32.5 31 27.1 22.1 26.5 40.5 52.2 57.5 52.4 34.1 31.7 30.2 28.4 23.5 17.2 11.3 9.1 9.3 8.7 7.1 5.3 2.3
49 57.3 64.9 68.8 68.9 68 66.7 68.2 69.5 69.5 70 70 70.6 72.5 73.2 73.8 74.7 75.6 76.1 75.4 75.5 77.8 80.2 79.5 79.4 78.1 76.5 76.5 76.5 76.5 81.7 85.8 87.6 89.6 91.5 96 104.5 108.7 109.4 110.3 112.8 115 113.4 109.4 103.1 97.9 89.7 81.2 78.9 86.8 94.9 93.1 89 88.1 95.3 108.6 113 116.5 106.8 93.9 95.8 101.1 92.8 85.9 77 68.4 58.8 53.9 49.8 44 36.5 32.8 31 25.7 22.3 31.2 47.2 57.5 60 49 35.8 36.2 36.2 32.3 26.9 20.6 15 13.3 11.6 11.7 10.3 7.7 3.6
47.3 59.9 66.6 69.2 71.4 70.7 68.5 69.2 70.3 70 70 70 71.8 73.4 74 74.4 75.3 76.7 77.6 77.3 77.5 83.6 79.8 77.5 75.4 74.7 76.5 76.5 76.5 78 81.9 84.9 87 89.3 91.8 92.3 103.7 106.9 107.3 107 108.6 110.8 109.8 104.5 94.3 88.8 82.9 81.7 90.4 99.7 98.5 93.4 89.2 91 100.2 106.4 118.1 116.8 108.3 97.9 104.1 105.7 97.2 88 80.3 70.3 60.3 55.7 51.8 45.8 39.1 33.8 29 22.9 22.4 31.6 45.9 57.6 56 37.4 36.9 48.8 46.8 35.6 30.3 26.8 21.8 19.4 16.2 15.2 13.8 12.6 13.5
46.6 59.4 66.2 69.1 71.8 73.4 70.6 70.2 71.4 71.5 71.1 72.9 76.9 76.4 75 75 75.9 76.9 77.6 76.5 77.6 81.7 78.5 77.2 75.8 76.5 76.5 76.5 76.5 77.5 81.5 84.4 87 91.3 92.3 98.3 108.4 110.8 105.9 102.4 100.8 104.2 103.9 98.2 87 81.7 81.7 85.5 99.6 98.9 91.6 86.1 90.8 91.7 94.6 106.1 114.4 110 102.2 99.7 108.5 106.7 98.4 87.6 81.6 70.5 61 55.9 50.9 45.2 39.3 33.6 27.6 22.8 22.4 29.4 41 47.5 42.3 36.1 45 58.6 56.3 42.4 34.5 34.8 31.7 24.7 19.7 20.7 21.5 18.7 17.5
47.2 57.9 65.1 68.6 71.5 73 71.5 70.4 71 72.2 72.7 73.5 75.8 75.8 75.1 75.6 76.6 77.6 76.6 75.5 76.5 76.5 77.5 76.5 76.5 76.5 76.5 76.5 76.5 78.4 80.9 83.3 86.2 88.7 91.3 99.6 110.4 109.2 103.8 96.5 89.9 88.8 85.5 81.4 81.7 81.7 81.7 86.3 95.6 91.1 80.7 81.8 86.7 88.8 90.9 99.1 103.7 102.5 97.8 97.9 108.8 108 97 86.2 79.7 69.2 59.7 55 50.3 44.3 38.6 33.6 30.2 25.8 23 27.4 34.9 37 33.4 39 51.9 65.1 53.5 41.9 39.9 43.5 41.2 30.1 21.8 25.7 29 26.8 25.1
54.3 58 67 69.3 70.7 72.2 71.9 69 68.2 71.2 72.4 73.5 73.9 72.9 73.3 76.7 77.7 76.9 76.5 76.5 76.5 76.5 76.5 76.5 76.5 76.5 76.5 76.5 76.5 79.8 82.5 84.5 85.4 86.1 86.9 94.9 103.9 105.1 101.3 93 82.5 81.5 81.7 81.7 81.7 81.7 81.7 81.7 84.9 81.7 81.7 84.2 87.8 89.1 92.3 98.4 101.7 100.9 98.4 101.2 105.3 104.7 94.6 81 74.4 64.9 58.6 54.1 49.6 43.9 39.6 35.8 32.2 28.7 24 25 27.2 29.5 33.2 43.6 58.2 64.6 49.9 43.7 44.9 50.3 44.7 34.8 28.9 32.8 37.5 40.3 41.7
60.1 62.7 66.7 71 71.5 72.2 71.1 69 68 69.5 70.7 72 72.1 69.5 72.3 78.3 77.1 76.6 76.5 76.5 76.5 76.5 76.5 76.5 76.5 76.5 76.5 76.5 76.5 83.3 87 86.6 85.2 85.8 85.8 87.9 95 99.5 98.3 89 81.7 81.7 81.7 81.7 81.7 81.7 81.7 81.7 81.7 84.3 91.3 89.8 90.5 93 96 102.5 106.6 104.3 103.1 106.3 105 99.1 89.5 79.1 69.7 63.4 58.8 54.6 49.5 43.7 39.6 35.8 32.7 29.5 25.2 24.8 26.3 29.1 35.4 44.9 56.3 57.8 48.3 46.5 51.9 54.9 48.2 43.4 41.7 41.9 48 54.4 60.7
61.8 64.6 66 69 72.8 73.2 70.9 67.8 66.3 67.6 68.8 69.9 68.5 63.7 72.6 78.5 76.5 75.6 76.5 76.5 76.5 76.5 76.5 76.5 76.5 76.5 76.5 76.5 77.8 88.6 90 88.1 86.5 85.8 85.7 88.5 89.9 88 91.8 83.7 81.7 81.7 81.7 81.7 81.7 81.7 81.7 81.7 87.9 93.4 94.1 91.4 92.7 96.1 99.8 106.1 109.9 106.8 105.1 107.1 104.4 96.4 87.4 77.1 68.8 63.5 60.8 56.7 50.8 43.3 38.8 34.4 31.3 28 25.3 25.4 26.4 30.3 36.5 42.3 48.9 50.3 48.2 51.2 64.1 58.7 55.1 57.4 55 54.5 61 67.4 60.5
60.3 63.4 65.1 66.7 68.6 69.2 68.9 62.9 63.1 66.7 67.6 67.3 65.7 62.9 70.4 76 76.4 76.5 76.5 76.5 76.5 76.5 76.5 76.5 76.5 76.5 76.5 76.5 84.7 92.1 91.4 88.9 85.8 87.8 88.8 88.6 89 87.7 85.6 81.7 81.7 81.7 81.7 81.7 81.7 81.7 81.7 86 92.3 94.8 96.6 97.6 96.4 98 101.4 106.9 109.5 105.6 104.9 106.3 101.8 91.8 82.9 75.3 69.1 65 61.5 57.3 49 42.5 38.9 35 30.2 27.2 26.4 27.1 29.2 32.6 37.2 42.1 45.2 45.9 51.9 56.8 67.8 63.2 70.5 75.9 66.1 67.9 75.5 75.9 66.7
56.9 62.7 64.5 66 67.4 67.4 63.5 62.9 62.9 64.9 65.4 63.7 61.7 63.4 70.7 76.2 76.9 74.9 76.5 76.5 76.5 76.5 76.5 76.5 76.5 76.5 76.5 76.8 93.2 96 94.4 92.7 87.3 88.6 89.8 89.6 88.9 87.9 84.4 81.7 81.7 81.7 81.7 81.7 81.7 81.7 81.7 88.4 93.7 97.6 102.5 100.3 100.9 100.4 102.6 106.7 108 104 104 105.4 97.7 86.7 79.2 72.8 69.4 65 60.2 55.2 48 42 37.2 33.4 29.6 27.5 27.7 29.6 33.6 36.1 39 42.3 44 46.8 52.2 62.2 69.7 78.5 90.2 85.8 75.8 81.8 92.5 82.5 79.7
54.4 61.5 64.1 64.7 65.6 65.5 62.9 62.9 64.4 63.7 63.7 61.6 61.4 66.6 72 75.8 77.8 76.5 76.5 76.5 76.5 76.5 76.5 76.5 76.5 76.5 76.5 87.6 97.8 99.6 98.2 92.9 88.1 88.8 89.8 91.9 90.3 86.4 81.7 81.7 81.7 81.7 81.7 81.7 81.7 81.7 81.7 89.2 94.7 98.1 99.9 102 104.4 100.1 102.5 105.4 106 102 101.3 101.5 94.7 83.6 77.2 72.7 68.9 63.8 59 53 45.9 39.8 33.2 29 28.2 27.8 29 32.3 37.2 40.1 41.7 43.4 44 49.7 54.7 72.8 75 95.2 101.9 89.2 79 96.1 104.3 88.3 88.8
53.6 59.6 61.4 61.9 63.6 63.3 63.1 63.4 63.8 64.3 63.2 61.3 61.7 72 73.7 76.1 77.5 76.6 76.5 76.5 76.5 76.5 76.5 76.5 76.5 76.5 83.2 97.1 102.3 102.9 99 90.8 88.2 91.3 93.1 94.1 92.3 88.2 83.1 81.7 81.7 81.7 81.7 81.7 81.7 81.7 82 86.8 92.9 95.6 98.4 104.1 106.1 100 101.9 103.3 103.6 99.7 97.2 95.3 88.4 81.9 75.5 71.7 66.2 60.7 56 50.3 43.3 35.1 29 28.1 28.1 28.5 30.8 34.6 39.5 42.9 44.5 44.3 44.4 49.8 56.6 77.1 81 99.4 99.6 87.7 97 108.8 104.6 100.2 99.2
50.3 56.5 58.7 60.3 61.2 60.9 60.4 61 62.2 63.1 60.5 60.7 60 70.2 76.1 78.5 78.6 77.2 76.5 76.5 76.5 76.5 76.5 76.5 76.5 78.1 93.9 103.1 104.8 105.6 97.1 91.2 93.1 96.5 96 95.1 91.2 85.2 84.9 82.2 81.7 81.7 81.7 81.7 81.7 81.7 81.7 86.2 90.8 94.7 98.1 108.4 107.1 100 101.6 102.3 102.4 96.7 91.2 87.7 83.8 78.3 73 67.7 62.6 57.8 55.7 51.7 42.2 30.3 29.3 28.7 28.3 30.1 33.7 37.3 41.4 44.6 46.5 45.2 44.6 49.1 62.4 74.9 90.8 101.1 98.4 93.8 111.6 115 103.8 107.5 109.2
49.5 55.4 57.3 58.6 59.9 58.1 60 60.5 61.5 59 58.8 59.1 59.3 67.1 76.2 79.8 80.6 79.2 76.5 76.5 76.5 76.5 76.5 76.5 75.4 87.4 100 105.7 105.5 101.6 94 91.2 98 99.3 94.8 93.1 90.2 86 84.4 81.7 81.7 81.7 81.7 81.7 81.7 81.7 84.1 88.2 90.7 94.1 98.8 107.5 106.9 100.9 101 102.1 100.3 92.8 87.4 83.5 79.1 74.8 69.8 64.6 59.9 56.7 53.8 49.1 39.1 31.3 29.6 28.9 29.6 33.1 37 40.8 43.6 45.9 46.3 45.1 44.8 51.9 67.7 76.1 98.7 102.5 95.1 106.3 115.7 115.8 107.7 113.5 123
52.2 56.2 57.7 57 56 55.6 58.6 60.7 59.4 58.1 58.2 58.4 59.5 65.8 73.7 81.2 83.9 82.9 79.4 76.2 76.5 76.5 76.5 75.9 83.7 96 106.1 108.3 101.4 94.2 92 98.6 101 95.6 91.3 90.4 91.1 88 81.3 81.7 81.7 81.7 81.7 81.7 81.7 81.7 85.7 90.4 94.2 96.3 102.4 108.1 107 101.6 100.9 101.9 99 88.8 83 79.4 74.9 70.8 66.6 61.4 57.6 55.1 49.6 43 36.3 31.5 29.9 30.2 32.7 37.3 42 45.1 46.1 47.3 46.4 44.9 44.8 54.3 67.7 81.2 101.7 105.8 101.8 116.8 120.1 106.6 115.3 124.5 126.3
54.3 57.6 57.6 56.2 55.6 55.6 59.3 60.7 56.4 55.1 56.1 56.4 57.5 62.4 71.8 80.3 85.7 86 84.8 80.9 76.9 75.4 76.7 84.2 96.8 103.5 105.1 102.4 98.1 95.2 97.7 100.8 97.3 91.4 86.2 83.1 89.7 82.6 81.7 81.7 81.7 81.7 81.7 81.8 81.7 83.6 91.7 96.9 98.3 102.8 105.2 107.8 106 100.4 100.6 101.4 95.3 83.4 78.4 75.1 70.9 66.7 62.5 59.3 56.4 51.9 45.3 39.2 34.1 30.6 29.7 31.3 35.6 42.4 47.8 52.2 51.9 51.5 49.7 44.7 45.8 56.2 69 89.4 105.1 103 110.1 125 114.9 106.6 116 132.8 128.9
53.8 56.2 55.4 54.5 55.2 55.6 55.4 55.6 53.9 51.2 51.2 50 53 59.5 70.4 80.6 84.2 87.7 90.7 86.9 82.1 77.2 77.8 83.9 108.4 109.6 101.8 97.5 97.9 98.7 101 99.5 93 87.1 82.1 81.7 82.8 81.7 81.7 81.7 81.7 82.2 81.7 82.8 82.7 89.6 97 99.8 103.3 107.6 106.3 106.5 104.5 99.8 98.9 98.1 91.9 80.3 74.6 70.9 67 62.8 60.1 59.1 56.4 50.6 43.3 37.7 33 30 29.4 31.4 38.4 48 58.7 63.5 58.4 55.5 53 46.8 47.7 62.4 79.6 100.8 106.8 109.1 116.1 125.9 107.8 110.6 123.5 137.7 133.9
54.1 54.5 54.8 53.9 53.3 54.3 55.2 54.3 52.4 47.5 47.1 50.3 53.1 60.7 74.2 79.4 83.4 88.2 92.3 91.7 86.4 78.5 79.2 88.4 100.5 99.8 96.9 96.9 99.3 103.3 102.9 98.7 89.6 84.7 81.7 81.7 81.7 82.5 82.8 81.5 81.6 82.5 82.7 82.4 82.3 89.9 100 102.4 108 108.1 106 103.3 98.2 96.9 96.1 94.4 88.2 75.4 70 66.1 62.9 60.4 59.4 58.6 56.2 49.6 41 35.4 31.3 29.5 29.8 33.2 41.4 54.7 74.9 75.9 62 58.8 55 49.9 54.8 72.2 90.8 103.8 105 113.4 115.9 111.2 108.6 110.9 129.9 141.1 134.4
54.7 55.1 54.9 53.1 52 53.2 54.3 52.5 50.6 47.1 47.1 49.3 54.3 60.7 71.7 76 80.1 87.3 92.9 93.3 88.2 80.9 79.9 87.4 92.6 95.9 95.9 99.4 105.9 105.9 104.9 98.4 89.3 81.7 81.7 81.7 81.9 87.7 86.1 84.6 86.4 85.5 82.1 82.2 82.2 89 101 109.5 108.6 107.5 106.1 100.3 97.9 96.7 94.4 91.6 84.2 70.4 65.2 63.1 61.1 59.1 57.6 57.1 54 47.5 40.2 33.1 30 29.5 30.9 38.5 52.7 67.5 83.5 72.5 60.1 55.6 55.6 52.7 59.5 85.4 103.5 107.1 103.6 115.4 115.4 104.4 108.2 112.6 136.3 139.1 127.8
54.8 56.1 56.4 52.6 50.2 52.3 52.2 59.3 49.3 47.1 47.1 50.3 55 59.5 65.5 71.1 78.7 88.1 92.3 91.8 87.8 83.8 84 90.8 94.4 96.3 98.4 106.4 109.1 107.7 104.3 97.1 87.7 81.7 81.7 81.7 86.4 88.7 86.5 86.5 88.6 87.5 82.2 82.2 82.2 87.3 98.6 109.2 109.2 105.4 103.7 98.7 97 95.3 92.1 87.1 79.3 69.4 64.3 61.9 59.9 57.9 56 54.7 51.3 46.6 38.2 32.3 30.5 30 32.7 49.7 66.4 77 81 62.2 55 55.3 61.4 54.2 65.1 87 105.1 107.3 99.7 112 108.2 100.4 106.1 124.1 130.2 130.7 116.3
55.6 55.3 56.5 52.5 48.9 51.7 53 61 47.1 47.1 47.1 50.4 55.4 58.9 62.9 68.7 77.2 84.7 88.5 88.9 86 84.8 87.9 92.6 95.8 98.9 104.1 109.8 111.3 108.8 101.8 93.5 84.3 81.7 81.7 85 88.9 90.9 86.7 86 86.3 82.1 82.2 82.2 82.2 86.1 94.3 100.9 101 100.3 98.8 96.3 94.4 93.2 89 81.8 75 67.7 63.4 61.1 58.8 56.9 55.3 53.5 50.2 45.9 40.1 34.7 31.5 32.1 38.6 59.3 73 78.7 69.7 57.3 53 65.2 57.3 54.7 68.1 81.7 103.1 98.9 101.4 107.9 95.4 97.8 99.4 117.3 119.1 114.3 103.7
55.2 54.7 55 53.8 51.2 51.4 50.7 51.7 48.4 47.7 47.1 49.4 53 57.4 62.1 68 74 78 82.5 85 84.8 85.4 89.3 94 98.8 101.7 104.4 109.6 110.9 105 98 89.2 82.4 81.7 82 86.5 90.5 93.1 89.5 87.5 87.2 82.4 82.3 82.2 82.2 83.1 87.3 92.1 96 96.5 95 93.3 92.8 90.4 85.6 81.4 75.4 70 65.2 62.9 60 57.8 55.6 53.2 51.4 49.5 45.7 40 35.9 37.8 45.6 63.4 72.4 71.9 62.6 52.3 51.1 61.2 52.9 60.2 70.9 81.9 93.3 87.7 94.6 99.2 91 91 94.3 103.5 104.9 101.7 95
53.2 53.3 53.8 53.2 52.5 52.5 50.1 50.1 47.8 45.7 46.9 48 50 52.6 60 66.2 71.5 74.1 76 78.8 80.7 84.5 88.9 94.4 101 101 99 106.2 107 100.9 92.5 85.7 84.6 85.1 85.1 87.6 89.5 90.4 88.5 88.9 86.3 83.9 82.2 82.2 82.2 85.4 90.7 95 96 96 95.8 95.4 94.5 90.5 87.1 82.9 76.8 72.3 67.3 64 61.1 58.9 56.7 54.9 54 55.1 51.8 45 40.4 42.1 50.9 62.9 69.6 67.1 57.1 51.2 50.3 51.5 48.3 58.4 67 78.3 80.7 79.9 91.2 86.5 86.9 87.8 91.1 95.4 98.2 98.5 96
48.7 50.8 52.5 52.5 52.1 52 51.3 48.8 48.3 46.2 45.4 45.9 48.3 49.3 53.6 61.3 65.5 68.2 69.6 71.9 74.8 80 84.8 92.8 98.4 97.1 95.8 98.7 96.1 92.2 87.7 84.7 86.7 86.9 87.3 88.3 86.6 83.1 82.7 85.7 82.6 83.7 82 82.8 87.4 89 93.4 97.3 96.6 97.3 98.7 98 94.7 92.2 89.8 82.7 76 72.8 69.1 65.9 62.6 60 58 55.4 55 58.5 54.6 47.9 44.6 45.5 50.9 55.8 60.4 59.7 51.5 47.7 45.6 44 45.4 50.3 60.5 70.1 71.7 71.4 75.7 77.8 80.8 84.3 89.7 93.8 95.7 98.4 100.2
46 47.7 49.7 51.1 51.3 50.7 48.4 45.9 43.4 44.1 46.1 44.7 45.8 47.4 50.6 55 58.2 61.1 64.3 67.2 69.8 73.7 80.1 86.7 93.1 93 93.3 92 90.4 89.7 85 87.4 87.1 88.9 88.7 88.6 85.3 80.6 78.4 78.1 76.1 81.2 83.7 92.1 91.3 94.5 95.8 96.1 96.8 98.3 99.9 96.3 95 92.6 90.7 81.5 74.1 72.8 70.8 67.1 61.5 60.4 59.5 57.7 56.4 57.3 54.2 50.6 46.7 47.3 49.4 52 51.7 49.3 45.7 42.2 41.2 40.6 40.8 44.8 51.3 58.8 61.9 63.3 67.1 71.1 75.8 82.5 87.9 93 96.3 97.9 95.7
42.4 43.4 46.7 48.4 49.3 48.3 44.5 44.3 43.1 41.4 42.2 41.9 41.1 41.3 43.2 47.6 50.8 56.2 59.2 62.6 62.3 66.8 72.3 77.8 83.4 87.2 88.9 88.8 86.5 84.3 84 85 88.9 89.8 87.4 89.3 89 81.5 74.8 73.8 70.8 77.6 88.4 96.2 94.9 98.3 97.9 96.5 96 97.3 96.9 95.3 97.1 93.4 87.2 76.6 71.4 71 70.5 67.8 62.8 60.6 59.9 61 59.2 55.3 52.8 49.7 46.6 46.3 48.7 48.4 45.8 43.1 40.2 38.3 36.8 35.9 36.3 38.9 44.5 50.5 55.1 60 63.6 67.9 74.4 83 88.1 95.1 96.2 95.4 93
41.5 41.9 43.2 45.9 47.6 48.2 44.4 41.8 41.6 40.7 40.8 39.2 38.1 37.9 39.4 41.8 45.3 49.3 53.2 55.7 55 58.1 64 69.3 76.2 81.9 82.5 80.2 77.3 77.4 80.9 82.4 86 84.9 85.1 89 90.1 81.6 69.8 68.7 67.4 75.1 92.4 98.1 98.8 101.2 100.1 97.1 94.2 93.9 93.2 93.9 97.1 90.5 82.9 73.2 68.9 68.9 68.6 67.3 62.9 60.8 60 59.3 57.7 53.4 51 48.2 45.3 43.1 42.1 41.6 37.6 34.7 34.9 32.1 30.5 31.7 31.6 35.1 40.1 46.1 52 57.3 61.9 66.7 73.8 81.8 85.9 93.4 92.7 92.7 91.1
39.4 38.6 39.7 42.5 45.7 45.4 42.1 41.9 41.8 41.4 40.8 38.8 36.2 34.8 36.1 38 37.9 39 43.6 45.6 45.7 49.7 56.5 62.6 69.2 76.3 67.6 68.8 74 76.7 78 79.9 80.8 80.5 82.6 84.8 82.7 78.1 67.4 66.2 65.3 71.4 88 94.9 97.6 98.6 96.1 91.8 90.3 89.4 90.7 90.7 91.9 84.6 74.8 67.8 66.4 66.4 66.3 66.2 61.3 58.1 58.4 57.3 56.6 49.5 50 48.9 45.4 39 35.5 32.7 31.7 31.7 31.7 31.7 31.7 31.7 31.7 31.7 36.5 41.7 49 55.7 61.3 66.2 71.2 76.7 82.1 88.1 88.7 87.8 84
36.3 36 37.1 40.4 42.9 44.9 43.3 42.3 45.4 42.3 40.4 38.3 36.2 33.1 34.1 34.8 33.5 35.1 36.9 37.5 38.5 41.9 47.8 54.1 59.2 60.6 60.6 67 71.7 73.9 73.7 74.1 74.9 76 81.5 78.9 74.3 70.2 65.3 62.9 64 70 83.5 89.9 92.5 91.3 90 85.8 84 84.1 86.3 84.6 82 74.9 67.4 64.8 64.4 63.1 62.8 62.7 58 54.6 55 56.8 52.8 45.9 44.2 44.2 39.1 33.9 31.7 31.7 31.7 31.7 31.7 31.7 31.7 31.7 31.7 31.7 32.4 40 45.1 52.5 58.1 63.9 68.9 72.4 75.7 78.6 80.1 79.2 78.5
35.5 35.3 35.8 39 40.2 42.5 44.5 44.6 43.6 41.4 38.7 36 35 32.8 32.3 31.2 31.9 33.1 35.2 35.8 36.7 37.6 39.3 42.4 46.2 50.2 55.2 61.5 65.7 68.7 68.6 67.1 68.5 71.3 72.9 71.5 70.5 65.5 61 61.6 64.1 65.6 79.9 88.1 88.5 88.1 88.1 81.1 79.8 79.8 77.5 73.9 66.9 60.3 59.3 60 60.7 59.1 58.2 57.6 54.6 52.3 53.3 53.8 48.6 42.7 41.7 39.4 36 32.3 31.7 31.7 31.7 31.7 31.7 31.7 31.7 31.7 31.7 31.7 32.4 38.3 43.5 49 54.7 60.7 64.3 67.6 70 71.2 72.9 73 72.5
34.7 34.4 34.6 36 38.2 40.1 42.7 45 44.2 40.6 37.8 35.6 35.1 32.5 31.9 31.9 31.9 31.2 34.3 34.6 35.8 37 38.1 38.3 39.7 41.9 44.9 50.4 55.1 57.8 56.7 57.9 63.6 65.9 65.4 64 60.9 56.4 56.1 58.4 58.1 62.9 75.2 82.4 83.2 84.4 81.1 76.4 75 72.2 66.4 60 51.8 52.2 53.7 53.7 54.9 56.1 55.4 54.9 52.7 51.2 49.5 46.4 41.6 38.4 37.2 36.4 33.7 32.5 31.4 31.7 31.7 31.7 31.7 31.7 32.3 31.7 34.5 33.7 34.9 37.6 42.3 47 51.7 56.2 58.6 62.2 64.3 65.3 66.7 66.7 66.1
32.2 32.1 33.3 35.4 37.7 40.5 42.1 44.5 43.8 40.7 38.5 36.2 35.7 33 32.9 31.9 31.9 31.9 31.9 33.5 35.1 36.6 37.6 37.8 38.3 36 36.4 41.3 41.6 41.5 42.5 43 47.7 50.9 54.8 55.3 52.8 49.5 52.3 55.2 53.8 58.2 69.6 75.5 77.7 77.2 73.9 71.5 65 58.9 54.7 46.7 45.7 47 49.3 51.8 52.9 52.9 57.9 53.9 51.5 50 44.9 39.7 35.3 32.6 32.4 32.3 31.6 31.7 31.7 31.7 31 38.9 36.4 31.9 31.7 34.7 41.9 35.7 36.4 38.4 45.2 46.5 51.1 53.6 54.2 57.3 59.6 60.5 60.8 60.6 59.6
29.1 29.9 31.2 32.9 36.1 39.5 40.4 41.1 41.9 40.6 38.4 32.9 33.3 31.9 31.3 31.9 31.9 31.9 31.9 31.9 33.6 35.3 37.1 37.7 36 36 39.9 40.6 42.1 43.8 47.1 47.5 42.9 40.7 42 42.3 44.2 43.9 45.8 48.6 50.4 53.5 57.8 66.1 65.5 65 62 59.3 54.9 50.3 45.8 42.8 42.5 43.6 46.6 48.2 47.8 47 50.9 51.2 49.8 45.7 40.6 37.2 33.9 32.7 32.3 32.2 31.8 31.7 31.7 34.1 41.8 44.8 37.1 33 31.7 33.6 37.2 36 37.9 38.6 44.7 45.1 52.4 52.1 52 53.6 54.7 55.2 55.3 54.9 54.1
27.3 28 28.9 30.8 34.3 37 37.7 39.2 40.3 40.8 37.5 31.9 31.9 31.9 31.9 31.9 31.9 31.9 31.9 31.9 33.2 33.9 36.1 36.2 36.4 37.1 43.6 41.2 43.7 45.3 46.1 47.5 45.2 41.3 38.2 36.4 35.8 34.7 34.3 34.7 36.1 39.3 46.4 51.5 54.8 55.3 54.8 53.2 49 45.1 41 38.9 38.6 38.5 39.2 38.2 38.3 37.2 40.3 42.1 40.7 39 37.6 36.9 34 33.2 32.7 32.5 32.8 34.5 35.1 39.5 45.3 42.2 35.2 33.2 32 31.3 34.3 37 39.4 39.5 40.2 41.1 49.7 49.1 49.3 50.9 51 50.3 49.6 49.2 48.7
25.9 26.4 27 28.9 31.3 34.1 35.5 36.8 38.9 39.7 36 31.9 31.9 31.9 31.9 31.9 31.9 31.9 31.9 31.9 31.9 32 35.3 34.2 35.1 38.3 44.1 52.4 51.8 45.5 45.2 43.7 42.1 40.3 37.8 36.1 34.1 32.1 28.8 28 27.8 27.4 27.9 35 39.3 45 45.1 43.9 41.7 37.3 32.9 30.3 28.1 26 23.9 22.5 22.3 22.4 23.2 24.6 27 30.8 32.5 33.8 35.6 35.8 34.8 33.8 33.9 35.3 36.5 39.5 40 36.7 34.3 33.1 32.2 31.3 32.8 37 36.7 37.1 34.6 36 40.3 43.6 46.7 49.3 48 45.7 43.9 43.5 43.3
24.9 25.9 26.9 28.7 30.2 31.7 33.2 34.3 38.5 39.9 36.2 30.7 31.9 31.9 31.9 31.9 31.9 31.9 31.9 31.9 31.9 31.9 32 31.2 39.7 37.7 38.1 44.3 55.8 54.5 48 42.8 42.6 41.6 40.4 39.5 37.6 36.2 35.7 32.2 30.3 28.6 28.5 29.5 28.8 25.8 24.3 21.6 22.6 21.1 20.1 20 19.9 19.9 19.9 19.9 19.9 19.9 19.9 19.9 20.1 23.4 26.4 31.6 35.2 38.3 34.8 32.7 32.5 34 35.7 37.7 35.4 32.9 32.1 32.5 32.1 31.3 31.7 33.7 32.4 32.2 32.2 33.1 36.4 38.3 42.1 45.9 46.5 44 40.3 38.7 37.9
23.4 25.2 26.3 27.4 29.2 31 32 32.4 36.2 38.4 36.9 32.6 31.9 31.9 31.9 31.9 31.9 31.9 31.9 31.9 31.9 31.9 31.9 31.9 34.7 35.7 36.9 37.4 45.3 54.5 57.8 48.9 44.4 46.2 46.1 43.7 40.5 36.3 35.5 34.9 34.6 36 37.2 42.2 44.7 41.4 35.7 30.9 26.1 20.8 20.5 19.5 19.9 19.9 19.9 19.9 19.9 19.9 19.9 21.1 22.9 19.3 20.5 24.2 25 27.5 27.4 27.9 27.9 28.6 30.9 32.8 30.5 28 30.4 31.4 31.8 31.2 30 29.9 29.8 30.9 31.5 31.4 33.7 34.7 37.7 41.8 41.9 39.8 37 34.6 33.2
21.3 23.6 24.8 26.1 27.3 28.8 29.5 31 34.1 36.5 35.4 32.7 31.9 31.9 31.9 31.9 31.9 31.9 31.9 33.2 31.9 31.9 31.9 31.9 31.9 32.4 35.8 37.1 39.9 45.1 50.5 50.2 47.4 49.1 49.8 46.5 42.3 37.7 36.2 35.8 37.4 42.5 45.9 49.1 49 50.1 46.6 46.7 46.4 41.2 34.5 32.3 31.9 30.1 30.8 33.2 36.4 37 40.2 39.8 33.7 29.3 26.3 21 14.5 13.6 13.9 15.7 18.3 20.8 22.1 20.9 17 16.2 20.8 27.2 29 28.9 27.5 27.2 27.4 28.4 29.8 30.4 30.2 31 32.8 34.1 35.6 35.4 33.1 31 28.8
