data/180000-880000.asc
ncols 200
nrows 200
xllcorner 180000
yllcorner 880000
cellsize 50
[rows 120 to 159 of 200, columns 90 to 179 of 200]
-2 -2 -2 -2 -2 -2 -2 -2 -2 -2 -2 -2 -2 -2 -2 -2 -2 22.7 30.3 28.7 22.5 26.2 30.4 27.8 35.1 48.5 58.4 63.1 73.1 69.2 48.1 26.9 16.6 -2 -2 -2 -2 -2 -2 -2 -2 -2 -2 -2 -2 -2 -2 -2 -2 -2 -2 -2 -2 -2 -1.1 0.4 1.8 4.4 5.6 11.3 15.1 17.3 24.1 30 36 38.9 37.9 36.2 41 36.1 29.2 30.1 29.6 30.6 35.2 41 54.9 68.1 79 93.7 105.6 111.9 110.7 111.5 120 124.5 128.4 129.7 129.4 128.6
-2 -2 -2 -2 -2 -2 -2 -2 -2 -2 -2 -2 -2 -2 -2 -2 10.7 17.8 22.7 25.1 26.7 28.4 32.4 28.6 44.8 61.4 72.5 79.6 78.9 66.1 51.4 42.5 28.6 -2 -2 -2 -2 -2 -2 -2 -2 -2 -2 -2 -2 -2 -2 -2 -2 -2 -2 -2 -2 -2 -1.7 -0.2 1.3 4 5.5 7 12.2 17.5 23.3 29.4 35.6 40.8 41.5 38.6 40.1 33 28.3 28.3 28.6 30.5 36.1 42.7 54.7 67.7 80.6 98.9 105.3 106.7 108.2 109.9 113.3 120.2 126.7 129 129.1 128.4
-2 -2 -2 -2 -2 -2 -2 -2 -2 -2 -2 -2 -2 3 6.7 12.9 19.1 23.9 30.4 33.2 34.7 31.3 30.6 32.4 47.1 63.9 76.1 80 70.9 66.8 58.9 44.3 26.6 -2 -2 -2 -2 -2 -2 -2 -2 -2 -2 -2 -2 -2 -2 -2 -2 -2 -2 -2 -2 -2 -2 -0.7 0.6 2.2 2.3 6.9 11.4 15 20.6 27.4 35.1 42.4 45.1 43 37.2 32.8 27.9 27.3 27.7 29.6 35.3 42.8 54.8 71.4 88.7 100.3 102 104.8 110.9 111.4 111.5 119.9 127.4 129.1 128.8 128.1
-2 -2 -2 -2 -2 -2 -2 -2 -2 -2 -2 -2 -2 11.4 15.1 17.8 20.3 24.9 29.1 32.6 35.4 33.2 27.3 25.6 37 47.2 52.4 64.7 71.5 73 51 43.2 23.5 -2 -2 -2 -2 -2 -2 -2 -2 -2 -2 -2 -2 -2 -2 -2 -2 -2 -2 -2 -2 -2 -2 -2 -2 -2 2.3 7.9 11.1 14.1 18.8 27.4 36.3 42.4 48.6 50.6 43.5 32.7 28.6 26.7 27.1 29.9 37 46.8 59.3 75.2 87.2 95.9 105 106.5 116.6 118 111.8 115.9 125 127.8 128.2 127.8
-2 -2 -2 -2 -2 -2 -2 -2 -2 -2 -2 9.1 15.5 16.9 26.1 21.5 20.3 21.5 25.7 27.8 27.5 26.3 27.5 24.7 37.2 43 44.1 64.1 66.9 62.2 50.2 39.9 23.2 -2 -2 -2 -2 -2 -2 -2 -2 -2 -2 -2 -2 -2 -2 -2 -2 -2 -2 -2 -2 -2 -2 -2 -2 -2 0.9 5.5 10.3 14.1 17.6 25.3 34.4 42.2 48.4 46.4 44.9 34.5 26.7 26.2 26.5 28.7 38.6 49.9 59.9 69.5 88.6 103.9 108.8 113.6 120.3 116.9 113.2 114.6 120.7 125.3 126.6 127.4
-2 -2 -2 -2 -2 -2 -2 -2 -2 -2 -2 13 17.9 17.7 19.9 20.1 20.1 20.7 21.1 26.5 26.4 25.4 24.7 23.8 30.7 31.8 36.7 47.2 57.9 54.7 40.9 38.4 24.4 -2 -2 -2 -2 -2 -2 -2 -2 -2 -2 -2 -2 -2 -2 -2 -2 -2 -2 -2 -2 -2 -2 -2 -2 -2 0.6 5.5 12 13.3 15.1 22.9 31.8 37.9 41.3 43.1 41.5 31.5 26.2 26.1 27.2 33.1 41.3 52.4 59.9 72.1 87.2 104 114.4 122 117.8 115.4 115.9 115.8 117.4 120 125.2 127.1
-2 -2 -2 -2 -2 -2 -2 -2 -2 -2 -2 6.7 13 14.6 15.5 18.6 19.5 19.1 19.2 22.7 25.2 23.5 25.5 23.6 21 22.6 32.2 43.4 50.5 46.4 36.1 25.9 13.3 -2 -2 -2 -2 -2 -2 -2 -2 -2 -2 -2 -2 -2 -2 -2 -2 -2 -2 -2 -2 -2 -2 -2 -2 -0.7 1.5 6.8 12.3 13.6 15.4 20 32 35.1 38.6 39.7 37.4 29 25.9 25.4 27 31.9 41.8 53.9 63.4 70.2 85.5 101.4 121.8 130.4 121.2 122.5 120.3 115.4 116.3 119 123.2 124.7
-2 -2 -2 -2 -2 -2 -2 -2 -2 -2 -2 3.3 8 10.5 12.4 14.6 19.3 19.5 15.6 19.2 21.2 20.7 25.9 22.8 15.9 15.2 20.6 41.7 40.9 43 28.9 14.6 -2 -2 -2 -2 -2 -2 -2 -2 -2 -2 -2 -2 -2 -2 -2 -2 -2 -2 -2 -2 -2 -2 -2 -2 -2 0.3 3.4 9.5 12.5 13.5 16.5 26.9 29.8 31 34.1 35.7 32.5 26.7 25.6 25.2 28.3 36 46.6 55.2 63.5 71.9 84.4 100.8 118.9 127.2 121.2 121.5 115.9 115.2 114.8 117.5 121.9 123.5
-2 -2 -2 -2 -2 -2 -2 10.3 10.8 14.5 11 6.9 6.8 7.6 8.7 9.8 12.3 12.7 13.7 15.6 16.7 17.8 18 16.6 12.7 11.2 20 22.9 33.4 26.4 18.3 -2 -2 -2 -2 -2 -2 -2 -2 -2 -2 -2 -2 -2 -2 -2 -2 -2 -2 -2 -2 -2 -2 -2 -2 -2 -2 1.3 6.6 13 13.2 14.1 14.6 20.3 24.2 25.1 26.7 27.8 27 25.7 25 24.6 25.8 38.9 48.6 56 62.7 71.5 80.5 96.1 109.3 111.5 114.8 113.7 112.2 111.4 113.5 115.6 120.5 122.1
-2 -2 -2 -2 -2 -2 -2 18 21.6 28.4 19.5 10.2 7.3 7.2 8.4 9.7 10.1 11.6 13.8 15 16.3 17.6 15.2 13.2 9.6 4.8 1.9 12.7 18.9 21.4 10.4 -2 -2 -2 -2 -2 -2 -2 -2 -2 -2 -2 -2 -2 -2 -2 -2 -2 -2 -2 -2 -2 -2 -2 -2 -2 -2 4.7 12.5 12.8 13.8 14.1 13.6 12.8 14.9 16.8 18.2 18.5 20.7 22.7 23 24.3 27.8 39.2 49.9 57.6 63 71.4 79.6 85.8 92.1 100.6 107.2 109 108.9 111.4 113.5 117.1 119.3 120.7
-2 -2 -2 -2 -2 -2 -2 12.6 16.9 28.3 24.6 10.8 9.1 9 9 9.5 10.4 13.8 17.3 20.5 32.3 25.3 16.8 10.8 6.7 1.9 -2 -2 9.8 9.5 -2 -2 -2 -2 -2 -2 -2 -2 -2 -2 -2 -2 -2 -2 -2 -2 -2 -2 -2 -2 -2 -2 -2 -2 0.8 3.3 -2 9.1 13.6 14.8 10.9 12.4 12.3 9.4 10 10.5 12.2 14.7 17.3 20.2 20.9 22.1 27.7 39.3 49.3 58.6 63.8 71.3 79.9 87.3 95.9 99.6 101.5 106.7 106.1 113.3 113 116.2 118.1 120.2
-2 -2 -2 -2 -2 -2 6.7 11.8 18.2 29.6 29.6 16.7 12.5 9.8 9.5 10.6 26.4 26.1 22.3 22.7 39.7 40.5 34.8 13.1 7.7 4.2 -2 -2 -2 -2 -2 -2 -2 -2 -2 -2 -2 -2 -2 2.2 2.6 3 -2 -2 -2 -2 -2 -2 -2 -2 -2 -2 -2 1.3 7.6 10.5 10 7.7 9.1 10.9 13 13.6 12.6 13.6 12.3 10.2 10.2 10.2 14.2 17.7 20.2 21.2 29.5 36.7 47.5 56.8 63.2 69.2 80.3 88.8 92.1 92.9 99.4 106.1 108 111.3 110.1 113.6 116.1 119.8
-2 -2 -2 -2 -2 -2 2.9 15.7 21.5 22 27.8 21.7 22.6 28.8 23.3 15.1 23.7 29.2 23 22.9 31.3 50.4 50.7 41.9 13 5.7 -2 -2 -2 -2 -2 -2 -2 -2 -2 -2 -2 -2 -2 8 19 17.9 -2 -2 -2 6.1 -2 -2 -2 -2 -2 9.6 8.6 11.4 12.5 15.4 15.4 15.2 16 27.9 28 26.4 13.6 11.9 10.2 10.2 10.2 10.2 10.8 16.2 19.2 22.7 25 30.3 35.8 54.4 69.3 71 81.3 89.4 89.5 92.3 101.1 106.6 107 107.3 107 110.3 114.4 115.4
-2 -2 -2 -2 -2 -2 -2 10.9 16.5 14.9 17 14.4 33.4 45.4 47.3 45.7 45 43.5 28.6 26.7 24.4 36.9 41.6 36.7 19.9 8.8 -2 -2 -2 -2 -2 -2 -2 -2 -2 5.3 -2 -2 -2 13.1 33.4 25.8 23.5 4.5 5.7 11.9 10.6 10.4 8.4 9.3 11.6 18.8 14.3 14.7 22.4 26.1 27.6 18.2 17.6 28.5 30.6 24.9 13.8 10.2 10.2 10.2 10.2 10.2 10.2 11.8 14.7 19.2 19.3 27.5 40.3 57.4 64.9 70.6 76.2 81.7 86.1 90.7 96.8 99.3 101.4 103 104.2 107.1 108.5 107.8
-2 -2 -2 -2 -2 -2 -2 12.5 12.5 12.4 -2 -2 17.9 41.5 58.2 61.1 56.1 53.3 40.6 33.8 26.9 27.5 34.6 32.3 24.8 16 -2 -2 -2 -2 -2 -2 8.4 8.2 15.3 9.9 -2 -2 -2 23.4 38.8 38.3 28.2 15.6 14.4 18.3 22.3 24.2 21.9 18.3 18.2 26.3 29.1 30.5 26 29.3 23.9 19.1 22.5 24.5 25 22 10.2 10.2 10.2 10.2 10.2 10.2 10.2 10.2 11.8 15.5 18.5 26.7 36.8 46.9 57.5 60.6 67 75.9 80.2 85.4 89.6 94.1 97.9 100.4 99.2 100.9 100.7 101.9
-2 -2 -2 -2 -2 -2 -2 -2 -2 -2 -2 -2 -2 24.8 46.2 62.3 61.2 60.9 52.9 32.5 23.9 27.1 26.1 22.8 20.8 13.2 -2 -2 4.3 8.5 16.4 19.6 27.4 21.8 28.1 23.5 -2 -2 4.8 33.7 43 41.4 24.9 18.5 16.9 26.7 34.8 36.4 25 21.7 25.4 33.7 39.8 37.6 28.3 23.1 22.7 23.9 31 24.8 24 17.7 10.2 10.2 10.2 10.2 10.2 10.2 10.2 10.2 11.9 14.9 20.9 24.7 30 38.8 43.6 52.6 59.3 68.4 73.1 79.7 83.7 84.9 89.9 94.6 97.3 100.9 97.1 98.8
-2 -2 -2 -2 -2 -2 -2 -2 -2 -2 -2 -2 -2 -2 18.6 38.7 56.3 54.4 50.8 34.2 24.1 18.3 21.3 21.2 14.6 9.3 6.5 12.1 13.7 17.9 29.5 31.7 40.9 40 36.9 29.3 10 4.4 10.3 31.3 40 34.2 20.8 19.9 21.9 34.7 42 41.5 32.4 27.9 32.3 39.2 42.5 41.7 29.6 22.8 24.9 26.1 30.1 28.2 28.8 14.5 11.6 10.2 10.2 10.2 10.2 10.2 10.2 11.1 12.9 15.5 20 22.4 26.1 32.7 38.7 44.4 52 58.6 67 73.4 80.5 86.3 90.4 92.5 94.4 91.7 93.8 98.1
-2 -2 -2 -2 -2 -2 -2 -2 -2 -2 -2 -2 -2 -2 -2 9.8 25.4 33.1 38.1 31.2 34.5 25.6 15.9 15.4 15 18.3 18.5 18.5 18.3 17.5 37.9 44.2 52.3 57.6 52.4 40.5 26.3 12.1 13.3 25.3 27.6 27.2 20.4 23.4 34.7 45.2 49.1 45.2 36 38.7 40.5 40.9 41.3 37.3 27.3 24.6 32.1 31.2 32.3 23.3 15.2 12.8 14.9 10.2 10.2 10.2 10.2 10.2 12 12.2 13 14.4 18.2 21.5 27.2 31.9 36.8 43.9 51 56.8 64.6 74.4 80.4 83.7 85.2 85.3 85.7 91.5 94.4 96.8
-2 -2 -2 -2 -2 -2 -2 -2 -2 -2 -2 -2 -2 -2 -2 13.4 11.9 12.7 15.2 25.5 36.9 24.8 16.5 16.7 17.6 20.7 23.2 18.2 18 18 38.9 51.3 60.6 64.8 65.9 50.5 31.5 18.9 30.4 30.2 28.4 24.7 21.4 29.9 41.8 54.1 60.7 47 43.3 43.4 44.1 39.3 32.4 29.4 24 25 26.8 34.6 27.7 15.5 15.3 22.1 18.8 10.2 10.2 10.2 10.2 10.2 12.4 12.5 12.7 14.1 17.3 21.6 26.1 34.5 42.1 44.2 51.1 58.3 65.4 71.8 77.3 79.8 80.7 82.2 85.6 92.4 95.2 98.9
-2 -2 -2 -2 -2 -2 -2 -2 -2 -2 -2 -2 -2 -2 -2 15.3 19.5 20 22.1 24 24.6 22.7 21.2 20.9 19.4 18.4 17.6 17.2 17.3 20.4 39.8 52.1 72.1 72.7 77.6 52.5 39.6 29.6 36.1 37.1 36.2 31.8 28.7 31.5 42.6 64.9 76 58.4 49.8 49.6 44.8 34.8 32.1 27.7 26.4 30.3 25.3 28.3 22.7 19.7 27.7 25.2 17.8 10.2 10.2 10.2 10.2 12.2 12.7 12.9 13.1 13.8 17.5 22.2 27.4 31.4 39.4 44.8 54.1 58.3 66 67.9 73 75.7 81.8 84.8 91.1 92.3 97.3 100.5
-2 -2 -2 -2 -2 -2 -2 -2 -2 -2 -2 -2 -2 -2 -2 12.1 16.4 21.2 25.8 27.1 29.1 28.5 30.3 32.3 28.3 20 17.9 17.8 20.4 21.8 41.4 60.7 82.9 83.3 75.5 57 48.3 32.8 39.1 44.5 42.8 45.1 29.9 32.8 39.2 66.3 71.8 65.4 54.3 51.1 41 33.5 33.9 36.5 30.5 30 19.5 19.4 21.9 31.5 30.2 23.3 15.8 10.2 10.2 10.2 10.1 11.9 12.7 12.7 12.8 13.7 16.1 22 27.3 29.8 37.2 45.8 53.3 57.6 62.9 68.7 74.3 81.1 85.1 90.2 96.3 95.9 97.9 95.8
-2 -2 -2 -2 -2 -2 -2 -2 -2 -2 -2 -2 -2 -2 -2 7.7 14 20.2 27.4 28.8 31.1 37.8 44.1 44 43.3 26.3 21.5 23.2 26.4 32.9 44.6 64.7 85.3 92.3 80.5 63.1 57.1 39.1 40.7 54.8 47.8 49.4 33.3 35.3 43.7 67.8 78.7 67.5 57.8 52.4 43.6 36.6 34 30.6 21.2 18.9 18.9 26.2 28 30.6 29.1 22.2 12.2 10.2 10.2 10.2 10.2 10.8 12 12.1 13 13.8 17 21.2 24.2 32.3 38.5 48 55.3 60.8 63.3 67.7 76.4 84 85.8 93.5 96.7 97 97.1 92.3
-2 -2 -2 -2 -2 -2 -2 -2 -2 -2 -2 -2 -2 -2 -2 -2 15.8 31.1 31.7 32.1 38.5 47.6 49.9 49.2 50.3 36.8 32.9 34.6 36.8 43.3 48 69.1 93.2 102.5 83.7 75.6 66.2 48.2 45.5 55.9 53.3 48.2 38 38.6 45.1 63 78.5 67.8 53.8 42.5 35.8 32.5 31.6 22.8 18.9 18.9 31.9 36.9 34 30.8 26.3 15.4 10.2 10.2 10.2 10.2 10.2 10.4 12 12.7 13.3 14.1 16 21 25.1 30.9 36.6 46.4 54.9 61 63.1 67.7 73.2 79.6 83.6 94.2 96.1 95 94 86.1
-2 -2 -2 -2 -2 -2 -2 -2 -2 -2 -2 -2 -2 -2 -2 -2 12.3 27.9 35 37.3 45.3 53.2 53.3 48.2 51.7 44 39 48 51.4 56.1 56.9 70 90.5 102.4 93.1 79.8 69.5 66.9 70.3 55.6 50.4 46.9 44.4 42.9 47.2 57.5 69.9 58.3 46.2 35.6 30.6 26.2 21.3 18.9 18.9 25.2 34.1 38.3 35.9 31.5 23.2 11.4 10.2 10.2 10.2 10.2 10.2 10.2 11.2 13.4 13.9 14.6 16.7 18.8 24.6 28.2 35.8 42.5 48.9 55.9 63.1 67.2 70 76 78.6 85.4 90 91 84.6 77.7
-2 -2 -2 -2 -2 -2 -2 -2 -2 -2 -2 -2 -2 -2 -2 -2 11.6 23 31.8 38.2 46.7 54.6 56 48.2 47.2 44.4 45 53.7 60.3 63.9 66.8 69.5 80.2 98.2 96.2 83.8 79.4 88.2 87 70.3 51.6 52.7 48.3 50.7 50.2 60 52.9 51 42.4 30.4 20.6 18.9 18.9 18.9 23.1 31.4 34.1 36.9 34.3 26.8 19.4 10.2 10.2 10.2 10.2 10.2 10.2 10.2 10.1 13.8 15.4 17.6 19.2 22.3 22.7 25.7 33.4 37.1 44.5 54.8 58.6 63.1 67.7 72.9 74.3 77.9 79.3 81.9 77.2 70.5
-2 -2 -2 -2 -2 -2 -2 -2 -2 -2 -2 -2 -2 -2 -2 -2 5.5 15 24.5 34.2 42.4 47.3 47.7 46 45.9 50.7 51 58.6 71.2 72 73.6 76.5 84.4 96.5 87.2 87.2 92.4 98.3 91.9 84.4 54 54 50.3 49.5 48.2 56.3 52.7 44.2 35.6 26.8 19.5 18.9 18.9 23.9 26.2 30.2 35.2 38.7 31.2 26.3 15.2 10.2 10.2 10.2 10.2 10.2 10.2 10.2 10.2 17.2 20.2 21.4 22.4 21.9 22.7 23.6 27.9 31.9 41.1 46.6 53.4 58.9 62.5 68.2 70 69.5 71.1 75.5 73.7 65.4
-2 -2 -2 -2 -2 -2 -2 -2 -2 -2 -2 -2 -2 -2 -2 -2 -2 9.1 17.8 27.6 35.8 37.9 38.6 41 45.1 49 52.3 63 73.9 80.2 77.6 84 97.3 100.4 87.2 87.2 96.1 98.9 91.7 90.3 72.4 56.5 51 48.4 49 47.9 43.3 35.2 29.2 23.5 21.4 20.4 26.1 25.5 26.8 31.6 37.8 38.9 29.6 20.4 11.9 10.2 10.2 10.2 10.2 10.2 10.2 10.2 12.9 19.5 24.3 26.1 24.3 22.8 23 23.6 25.5 30.5 37 42.7 48.7 54 56.1 57.1 58.9 62.7 64.4 67.9 67.7 63.9
-2 -2 -2 -2 -2 -2 -2 -2 -2 -2 -2 -2 -2 -2 -2 -2 -2 -2 10.9 20.4 27.5 31.3 33.4 37.2 41.5 46.5 52.6 63 71.7 77 83.9 87.3 103.8 109 98.3 95.4 94.8 96.2 89.6 87.4 82.5 71.2 62.2 56.2 50.1 41.3 33.2 28.3 24.9 22.9 22.1 27 30.4 23.1 22.4 31.8 36.5 31.8 18.2 13.5 11.5 10.2 10.2 10.2 11.8 13.2 11.9 13.3 15.2 18.8 26.1 26.6 25.9 24.5 24.2 23.4 25.1 29.1 34.3 38.6 45.1 48.6 48.9 49 55.3 57.9 59.5 63.3 64.8 64.7
-2 -2 -2 -2 -2 -2 -2 -2 -2 -2 -2 -2 -2 -2 -2 -2 -2 -2 3.3 14.5 21.3 25 28.4 32.5 38 44 51.3 58.7 71.2 81.2 84.4 92.8 104.4 112.5 103.9 100.4 99.6 92.8 87.5 82.8 81 79.2 69.5 59.9 48.1 34.7 27.1 24.2 24.3 28.4 24 30.2 20.4 17.5 18.2 26.3 23.3 16.5 12.7 11.5 10.7 10.2 10.2 10.1 13.2 13.7 14.2 14.9 17.7 21.4 26 27.5 26.7 25.9 26.3 25.5 24.6 28 32.1 34.9 37 39.8 42.5 47.4 50.9 51.9 56.8 62.3 64.4 62.6
-2 -2 -2 -2 -2 -2 -2 -2 -2 -2 -2 -2 -2 -2 -2 -2 -2 -2 -2 -2 16.6 20.4 22.7 27.6 32.8 39.5 46.9 55.8 65.1 72.4 89.9 94.5 111.3 115.7 110.2 104.6 100.9 94.5 87.9 81.2 78.8 73.8 63.6 54.5 39.8 28.9 25 23.4 24.2 36 28.4 19.3 17.6 16.4 13.5 12.7 13 12.7 12.1 10.9 10.2 11.2 10.9 13.1 14 14.7 15.3 16 17.5 21 21 29.5 30.2 32.2 29 28.5 27.4 28.3 30.9 32.1 33.1 35 35.8 39.7 41.5 47.5 54.7 61.3 62 55.2
-2 -2 -2 -2 -2 -2 -2 -2 -2 -2 -2 -2 -2 -2 -2 -2 -2 -2 -2 -2 13.1 16.5 20.1 24.5 29.2 33.7 39.9 49.6 59.3 63.7 76.3 92.5 112.1 111.1 109.4 108.8 106.9 99.4 96.1 89.2 78.9 67.8 53.4 44 34.5 28.4 24.7 24.2 23.5 28.5 27.7 19.3 17.9 13.6 12.9 12.9 12.4 12.1 11.7 11.3 11.1 12 12.3 12.7 14.3 15 15.5 15.8 16.8 17.4 21.4 34.1 38.6 37.6 36.8 33.1 30.2 29.2 31.2 32 32.4 33.9 34.7 35.8 38.1 45 50.5 54.8 53.7 51.3
-2 -2 -2 -2 -2 -2 -2 -2 -2 -2 -2 -2 -2 -2 -2 -2 -2 -2 -2 -2 7.9 13.1 17.4 22.1 28.2 31.2 35.6 42.2 48.4 62.2 78.1 86.7 101.7 106.7 110.7 111 106.7 105.8 103.6 91.8 70.4 58.5 49.6 40.3 31.6 27.8 24.8 23.7 22.6 24 23.8 18.1 15.8 18.8 15.1 13.1 12.8 12.4 12.3 12 12.3 14.6 14 15.2 13.8 14.3 15.3 16.1 16.7 16.8 17.2 25.2 36.4 42.9 42.6 34.8 32.5 30.9 31.2 31.4 32 32.7 33.7 35 36.3 40.1 42.9 47.3 49.7 51.2
-2 -2 -2 -2 -2 -2 -2 -2 -2 -2 -2 -2 -2 -2 -2 -2 -2 -2 -2 -2 4.6 11.7 16.9 20.2 24.7 28.8 32.4 37.5 44.4 57.6 80 87.6 97.7 106.9 109.6 109.5 107.3 104.5 96.1 76.8 62 53.6 46.4 38.8 31.5 25.7 23.8 22.5 22.4 21.9 20.8 17.5 21.1 31.2 28.4 19 13.2 12.9 14 13.4 20.9 27.1 24.1 23.8 24.3 18.6 16.8 16.7 16.9 17.4 18.8 18.7 21.1 23.8 26.4 35.1 34.8 32.6 30.7 31.1 31.5 32 33 33.7 34 35.1 38 43.1 49.3 50.3
-2 -2 -2 -2 -2 -2 -2 -2 -2 -2 -2 -2 -2 -2 -2 -2 -2 -2 -2 -2 -2 6.3 15.9 18.1 21.3 25.3 30.4 36.6 43.5 52.6 73.8 87.2 97.8 102 104.6 102.8 102.7 92.7 81 66.4 56.6 50.8 45.7 37.7 28.3 23.4 21.7 22.2 22.1 21.4 21.2 20.2 23.6 38.6 34.8 27.7 20.4 20.4 24.2 24 31.8 37 32.5 29.3 26.8 23.8 22.5 27.3 17.9 23.6 19.8 21 22.7 30.6 39.1 44.7 49.2 32.9 31.6 31.8 31.6 31.9 32.2 32.6 33.3 34.6 36.8 40.8 44.7 42.7
-2 -2 -2 -2 -2 -2 -2 -2 -2 -2 -2 -2 -2 -2 -2 -2 -2 -2 -2 -2 -2 -2 10.7 12.7 16.9 21.7 27.6 35.1 42.9 51.7 64.3 80.9 92 92.8 92.3 95.3 88.7 76.5 69.1 59.9 53.9 48 43.5 36.6 25.6 22.2 21.9 22 22.3 26.2 23.9 26 29.5 42.3 50.8 44.8 44.5 41 40.1 38.7 39.7 38.3 37.2 45.2 38.5 43.3 37.8 37.7 20.6 28.8 24.8 29 31.8 38.9 46 49.3 42.5 34.2 35.1 37.6 35.2 31.7 32 32.4 33 33.6 37.1 38.5 38.5 38.1
-2 -2 -2 -2 -2 -2 -2 -2 -2 -2 -2 -2 -2 -2 -2 -2 -2 -2 -2 -2 -2 -2 -2 3.6 10 16.3 22.7 30.7 39.3 48.3 60.7 73.2 83.3 84.5 83.1 78.8 73.6 65.6 57.5 52.7 47.3 43.5 39.1 32.1 24.6 23.3 22.7 22.8 23.5 30.8 29 34.1 35.9 52.1 67.4 67.9 67.8 75 59.2 51 45.8 52.8 53 59.2 58.9 59.1 60.3 44.5 30.4 31.4 34.7 36.7 38.7 44.1 49.8 45.9 45.5 42.4 43.2 47 38.8 33.3 32.2 32.5 33.4 33.9 34.6 35.4 35.8 37.9
-2 -2 -2 -2 -2 -2 -2 -2 -2 -2 -2 -2 -2 -2 -2 -2 -2 -2 -2 -2 -2 -2 -2 -2 8.2 13.8 20.8 28.8 38.9 46.9 56.7 67 73.6 74.8 74.6 69.7 65.9 59.1 51.5 46.9 41.8 38.4 36.2 33.4 27.9 28.1 25.8 23.2 24.1 37.9 41.7 38.1 42.6 52.5 79.4 92.4 86.8 93.4 88.6 74.5 65.1 55.6 63 66.3 65.9 71.4 65.5 45.1 37.7 51.9 45.5 45.1 43.9 45.7 47.6 46.8 52.2 48.8 51.9 52.3 41.3 35.6 32.4 32.6 33.8 33.9 34.3 35.1 36.3 37.6
-2 -2 -2 -2 -2 -2 -2 -2 -2 -2 -2 -2 -2 -2 -2 -2 -2 -2 -2 -2 -2 -2 -2 -2 7.7 13.5 22.4 30.4 39.5 48.2 53.9 62.9 66.7 67.9 67.3 64.4 59.5 53.8 44 39.2 35.2 35.3 35.6 38.5 36.1 34.4 29.6 25.4 33.2 41.9 52.1 40.8 50.4 57.1 73.6 87.3 107.7 107.1 102.2 88 77.2 59.2 67.9 76.1 76 78.8 72.6 50.2 50.2 61.1 52.6 45.7 45.2 47.3 47.4 53.3 57.2 56.6 60.7 55.6 44.8 35.5 33.1 34.8 36 36 36.1 35.7 36.8 40.1
-2 -2 -2 -2 -2 -2 -2 -2 -2 -2 -2 -2 -2 -2 -2 -2 -2 -2 -2 -2 -2 -2 -2 -2 1.9 10.1 20 27 35.2 44.7 49.7 53.5 57.6 58.7 58.8 55.6 52 46.2 39.4 33.6 34.8 35.4 39.8 42.3 41.8 40.6 39.8 36.8 32.6 35.4 46.4 49.3 58.7 67.1 73.5 97.2 120.6 111.4 102.3 95.5 71.5 80.8 87.6 84.6 86.7 84.2 71.6 60.8 62.1 62.1 53.2 49.1 47.2 54.6 59.4 61.9 59 61.1 61.1 56.3 48.1 37.2 34.5 38.4 39.8 37.9 35.6 36.3 37.4 38.1
-2 -2 -2 -2 -2 -2 -2 -2 -2 -2 -2 -2 -2 -2 -2 -2 -2 -2 -2 -2 9 -2 -2 9.7 9.1 13.8 18 22.4 28.1 35.1 41.1 43.3 46.2 48 48.5 45.4 42.6 39.2 30.5 34.3 35.9 39 44.2 46.9 47.1 47.3 48 46.6 41.7 36.5 37.8 50.8 69.5 81.4 79.6 109.4 117.6 106.1 104.5 82.8 74.9 96.3 91.8 95.3 93.1 77.6 76.2 70.3 77.7 68.7 66.8 58.7 60.6 65.2 71.6 73.4 63.7 62.2 60 55.6 52.7 43.7 38.4 42.4 42.5 42.8 37.7 35.6 36.6 36.9
