data/180000-840000.asc
ncols 200
nrows 200
xllcorner 180000
yllcorner 840000
cellsize 50
[rows 140 to 174 of 200, columns 0 to 79 of 200]
173.3 171.7 169.9 164.7 158.1 150.2 142.9 140.5 138.8 141.6 146.1 156.9 165.9 171.1 174.7 179.9 185.8 192.1 198.7 210 223.8 240 255.3 273.5 299 321.4 345.3 375.5 401.7 433.1 473.6 506.1 541 576.1 611.1 609.5 590.5 566.3 544.8 524 504.2 479.8 455.4 437.1 415.1 392.1 369.4 348 330.7 315.3 297.7 278.2 258.8 238.8 221.5 208.4 196 181.3 163.8 151.2 137.2 118.1 107.5 91.9 88.1 81.1 70.3 58.4 48.6 46.1 39.7 28.4 15.8 9.8 8.2 7.3 6.4 5.5 4.6 4.8
175.3 171.7 167 163.2 158.3 149 141.5 139.6 138.2 138.4 145.9 154.3 162.4 164.9 170.6 177.4 181.8 185.9 193.3 199.8 213.6 226.7 242.2 258.1 281.7 304.6 326.9 352.5 382.1 412.8 444.7 481.5 516.5 551.8 582.8 597.8 582.1 562.1 539.6 517.5 501 474.6 452.8 433.7 410.2 387.9 366.3 344.7 327.3 309.2 292.5 271.3 251.3 234.7 214.3 199 186.3 175 158.8 145.4 132.1 114 106.5 91.7 82.6 72.4 64.5 56.1 43.5 40.5 35.2 26.7 12.7 8 7.4 6.7 6.1 5.4 4.5 6.1
181.1 173.7 166.9 162 157.7 148.6 142.7 138.1 135.6 136 142 151.3 155 159.6 165.5 173.3 176.1 179.9 186.2 193.3 204.3 216.8 229.7 244.5 264.7 285.7 311 334.3 361.7 392.8 425.2 455.1 493.9 520.4 559.7 587.4 578.2 556.3 533.8 510.6 496.4 468.3 448 427.6 405.1 383.2 361.4 337.9 318.6 301.2 283.4 263 243.5 226.1 208.7 193.5 176.1 167.8 152.1 140.5 127 112.2 103.5 91.4 74.7 67.4 63.4 54.7 42.1 32.4 30.8 19.7 10.5 7.4 6 5.5 5.1 4.6 4.1 7.9
193.2 182.9 174 166.5 161.7 151.3 143 136.8 133.1 133.3 138.4 146.4 151.8 156 159.9 168 170.6 172.9 179.6 187.3 199.6 208.6 219 231.8 244.5 267.3 293.1 314.6 341.7 374.7 403.6 435.5 463.7 498.7 538 567 570.2 550.7 526.8 503.5 487.4 463.1 442.7 421.3 399.9 378.3 357.8 332.5 311.6 291.6 268.9 252.1 232.1 216.4 200.1 186.3 168.9 157.4 147.8 134.4 119 107.9 99.2 87.8 76.2 62.5 61.1 53.1 41.6 29.2 21.6 13.4 8.1 6.1 4.5 4 4 4 4 12.3
206.6 193.7 181.5 172.9 165.8 157.1 143.6 134.2 131.2 131.4 135.9 143.7 150 151.9 156.5 160 163.8 166.4 172.7 181.6 188.5 199.8 209.1 220.1 232.9 247.9 270.5 297.9 322.8 350.6 384.9 414.2 445.2 474.3 508.5 543 558.9 543.1 517.8 498 479.9 458.3 436.8 412.3 392.7 374.9 353.8 332 311.4 286.9 262.6 240.8 221.1 205.3 190.1 178.7 163 148.8 138.9 127.4 111.8 101.7 92.5 84.2 75 59.3 51.3 48.1 38.1 28.3 16.5 8.3 6 4.4 4 3.9 3.9 3.9 5.2 13.1
221.5 206.3 192.5 180.2 170.6 158.6 149.3 141.2 132.1 128.7 128.7 138.4 142.6 147.7 150.8 153 158.7 162.3 167.1 172.9 180.8 189.8 198.9 208.7 220.3 235.3 251.6 275.6 303.9 330.8 362.3 394.6 423.4 452.7 484 518.7 540.1 532.4 508.7 492.5 468.9 448.5 429.1 407.9 387.5 368.6 347.9 327.8 305.5 282.5 258.5 240.8 218.2 197.6 181.3 169.7 157.8 143.4 131.4 120.5 108.6 97 88.1 78.8 72.1 58.8 45.6 39.1 34.6 27.5 10.7 6.9 4.3 3.8 3.6 3.8 3.8 3.8 5.9 16.8
236.5 219.9 205.6 191.2 176.5 162.5 151.9 143 134 129.9 128.7 131.4 137.9 140.4 144.3 146.6 151.6 158.6 159.8 166.9 173.3 181.7 190.8 200.8 210.1 221.7 238.1 256.7 282.2 310.3 338.9 369.7 401.2 431.2 461.8 496.9 517.8 513.4 496.9 483.5 460 442.1 420.5 398.7 379.4 359.8 340.6 323.7 302.4 279.1 254.9 237 219.3 200.6 180 163.2 151 137.8 122.5 108.2 98.9 94.2 86.5 77.8 71.4 55.9 44.2 35.3 29.4 22.3 7.1 4.7 3.5 3.4 3.2 3.4 3.5 3.7 7.4 17.8
250.9 233.4 216.5 199.6 181.5 171.5 157.9 145 135.7 132 128.7 128.7 128.7 130.7 138.5 141.7 145.6 150.7 154.3 160.1 166.4 175.7 182.2 191.1 200.4 209.5 224 240.2 260.3 285.3 314.7 344.5 374.9 406.3 437.8 469.6 494 496.7 484.7 470 450.8 429.9 411.6 392.3 375.2 355.6 333.2 319.4 298.9 273.7 252.4 234.3 216.2 197.9 179.7 158.7 144.4 133.1 118.4 104.6 91.1 88.9 85.1 78.7 68 55.2 42.9 30.7 22.5 13.8 3 3 2.9 2.8 2.9 3 3.2 3.9 9.9 23.4
263.4 245.6 227.5 209.4 188.4 177.4 168.1 152.5 138.8 134 130.1 128.7 128.7 128.7 131 137.2 140 144.6 148.6 153.7 160.6 167.6 174.9 181.4 190.1 197.8 209.2 223.6 241.1 263 289.7 320 348.7 380.2 412.7 447.7 472.4 475.9 471.9 461.6 439.7 424 403.8 385.5 368 349.8 326.6 311.6 291.1 268.9 251.6 227.2 209.3 193.7 175.5 159.1 140.6 124.9 112.8 103.3 89.7 84 80.4 70.6 67.6 54.6 36.8 24.7 11.9 7.1 3.2 3.5 3.3 3.1 3.2 3.3 2.9 4.6 13.6 26.4
276.7 254.5 239.2 220.3 204.1 182.7 171.4 157.5 141.5 135 130.3 126.7 128.7 128.7 128.7 130.2 134.6 139.6 144.2 148.7 153.6 157.9 166.7 173.6 177.9 183.7 195.2 210.4 227.5 244.2 265.8 294.9 322.4 354.6 381.5 421.6 450.5 460.1 459.1 450.5 431.2 415.1 395.7 377.6 362.1 342.4 322.7 303.8 282.2 262.4 245.6 223.7 206.5 188.9 170.4 154.9 137.9 120.9 106.4 98.1 88.8 79.9 69 69.2 66.1 51.2 37.7 26.7 8.6 3.1 3 2.9 2.7 2.6 2.6 2.8 2.7 6.2 21.7 39.7
285.4 272.9 250.8 233.6 212.6 192.6 178.4 163 150.7 137.6 132.2 128.7 128.7 128.7 128.7 128.7 130.4 134.4 137.9 143.5 148.8 152.8 158.6 163.3 168.1 177 186.3 197.3 214.9 227.4 245 271.6 298.7 323.5 355.7 387 419.5 442 443.3 437.3 418.2 403.3 385.9 368.1 355.7 335.6 318.1 296.5 273.5 256.2 239.6 219.7 201.5 184.4 166.5 147.7 136.2 118.4 102.2 92 85 75.5 64.4 61.9 58.3 49.7 36.1 22.1 -2.2 -2.2 2.3 2.6 2.1 2.1 2.1 2.1 2 12.8 34.6 49.2
297.9 284 267 248.1 228.1 205 187.7 173.1 156.9 145 134.4 128.7 128.7 128.7 128.7 128.7 128.7 129.5 133.8 139.7 145.5 150.2 151.2 156.8 164.5 172.6 180.8 190.2 200.4 214.1 230.5 245.3 273 299 324.4 356.2 387.5 414.7 423.6 417.4 407.4 391.8 373.3 359.4 344.6 328.9 312.9 291.2 268.4 250.6 234.8 215.6 197.9 181.6 161.7 144.9 129.4 113.2 94.4 82.5 78.2 68.5 59 60.4 54.4 45.6 34 19.4 -2.2 -2.2 2.5 0 2.1 2.1 2 1.9 4 23.9 44.1 55.2
309.5 294.6 278.5 262.3 243.2 217.7 196.1 184.4 166 150.4 136.7 128.7 128.7 128.7 128.7 128.7 128.7 128.7 130.1 136.3 143 146.1 150.8 154.2 160.6 168.5 176.5 186.2 195.2 205.6 215.9 235.6 253 276 298.7 326.6 351.4 384.3 403.4 401.1 394.2 381 364.5 349.5 337.8 321.6 303.3 283.5 263.3 246.6 237.9 213.9 191 174.6 157.2 141.9 124.3 106.9 88.1 77.4 72.8 66.5 55.7 53.7 49.4 40.8 30.3 15 -2.2 -2.2 2.4 2.1 2.7 2.8 2.7 2.5 6.8 31.3 50.5 61.2
322.4 309.6 296.5 279.1 252.2 226.7 203.5 190.9 173.5 153.2 138.3 129.9 128.7 128.7 128.7 128.7 128.7 128.7 128.7 134.3 140.9 142.9 147.9 152.8 158.6 167.6 173.5 179.9 188.8 199.8 209.9 225.8 239.6 251.6 275 299.7 324.9 352.4 378.8 388.4 383.6 372 357.5 345.3 331.6 312.5 294.5 276.5 258.2 241.1 229.6 208.9 185.2 171.5 152.9 134 116 103.5 83.9 76 67.8 60.4 53.8 47.4 42.1 34.4 24.1 12.1 -2.2 -2.2 -2.2 3.1 2.9 3.5 3.5 3.5 10.9 34.4 52.6 63.6
328.2 318.4 310.3 289.8 268.2 238.4 214.2 194 178.7 158.7 146.5 134.1 128.7 128.7 128.7 128.7 128.7 128.7 128.7 130.1 135.9 141.7 147.8 152.7 157 165.4 169.7 175 182.7 192.6 201.1 214.2 226.5 236 255.7 277.3 299.7 324.1 352.3 367.4 368.7 360.9 347.7 333.1 318.6 303.4 288.7 269 254.8 237.3 219.5 203.8 176.2 167.4 151.7 130.6 113.6 98 80.2 70.8 63.5 57.8 50.4 44.4 36.3 29.8 18 7.1 -2.2 -2.2 -2.2 3.7 3.9 4.2 4.4 6.8 15.8 34.1 52.2 59.3
332.5 321.9 314.9 300.7 279.3 248.3 225 201.5 185.1 167.5 153.2 138 128.7 128.7 128.7 128.7 128.7 128.7 128.7 128.7 133.1 140.4 146.9 149.2 156.6 160.5 164.6 172.3 179.3 184.4 189.6 198.1 213.3 226.5 237.9 254.2 276 300.5 325.5 344.8 348.9 346.2 336 324 310.2 295.6 279.5 263.7 248.9 231.5 211.9 191.6 174.7 162.3 150.6 131.3 112.5 93.9 78.1 67.7 59.2 50.7 48.3 39.8 30.9 22.4 9.1 -2.2 -2.2 0.9 3.1 4.4 4.7 5.4 5.9 7.4 21.1 37 54 56.2
356 336.3 322.9 310.3 289.5 264.4 237.3 215.1 193.3 175.7 159.7 143.9 130.9 128.7 128.7 128.7 128.7 128.7 128.7 128.7 131.9 139.7 143.9 147 151.9 155.8 161.1 169.9 173.4 177.5 180.9 187.1 195.3 205.6 218.7 233.4 253.6 277.9 302.1 322.3 327.5 327.2 323.9 313.3 298.2 287.7 272.4 255.7 241.8 229 207.8 185.3 170.1 154.2 145 127 109.7 92 76 65.6 56.4 51.6 42.3 33.8 22.4 5.9 -2.2 -2.2 -2.2 2.1 3.7 5.1 4.6 5.2 7.2 8.8 25.6 39.5 48.7 41.5
374.2 349.9 332.2 316.8 303.6 282.1 256.5 226.3 202.9 180.7 165.4 150.8 138.2 128.7 128.7 128.7 128.7 128.7 128.7 128.7 130.1 140.2 140.3 145.6 150.1 154.6 161.1 165.5 170.4 173.3 175 179 187.3 196.6 205.6 217.2 231.3 254 278.9 301 310.2 312.5 308.6 297.5 288.3 281.1 270.1 247.8 235.7 232.9 205.6 183.4 163.2 146.1 138 122.1 106.2 86.5 72.9 60.8 50.6 44.3 38.2 29.1 20.8 6.5 -2.2 -2.2 2.5 2.8 4.3 5.7 5.7 5.8 6.5 9.7 24.5 17.8 32.1 48
403.5 370.9 346.3 326 319.2 304.3 269.5 236.8 212.2 192.9 174.3 157.6 147.6 138.7 128.7 128.7 128.7 128.7 128.7 128.7 128.7 132 135.7 140.8 147.7 154.7 158.9 162.6 168.7 169.3 169.1 173.8 180.6 190.3 199.1 204.9 216.2 235.1 254.8 282.7 294 299.5 292.5 288.7 279.3 272.3 264.2 245.6 229.2 222.5 198.2 177.9 153.1 139.4 127.3 113.9 100.9 83.4 69.6 54.6 46.3 37.1 30 22.7 14.4 4.6 -2.2 -2.2 2.9 3.7 5 5.6 6.2 6.7 7.3 9.3 23 37.7 45.5 58.6
435.9 402.1 367.5 346 329.7 319.7 283.7 244.2 221.9 204.6 181.7 163.4 153 145.6 134.6 128.7 128.7 128.7 128.7 128.7 128.7 128.9 132.6 138 144.3 150.3 155.4 159.6 165.7 169.4 167.1 169.5 172.9 179.8 186 196.4 204.7 216.5 237.3 258.5 275.3 282.9 280.3 276.9 270.6 260 251.4 237.6 224.8 214.2 189.3 173.2 150.8 132.3 122.2 108.3 96.4 82.1 68.8 53.1 40.2 32.6 22.8 16 6.7 2.5 -2.2 2.5 3.1 4.1 4.7 5.4 6 6.6 7.4 13.5 25.8 36.8 49.8 63.5
512.1 456.3 400.6 368 347.4 332.2 295 258.7 233 213.3 192.9 172 159.3 153.7 142.4 128.7 128.7 128.7 128.7 128.7 128.7 129.9 131.7 136.9 140.5 146.2 152.7 156 160.4 161.6 163 164.7 167.3 169.4 174.9 179.9 186.8 200.8 217.4 232.9 251.9 259.6 265.8 263.1 260.5 250.3 237.6 226.5 215 201.5 181.7 166.6 147.1 128.9 115.2 104.7 92.9 80 65 48.7 34.9 26.7 18.2 9.4 -2.2 -2.2 -2.2 2.6 2.3 3.6 4 4.7 5.3 5.9 6.3 15.9 27.8 42 56.3 66.1
580.4 518.4 463.1 403.8 368 337.6 303.2 266.4 236.8 218.3 201.8 182.3 167.4 156.7 152.4 143 131.3 128.7 128.7 128.7 128.7 128.7 131.8 134.9 137.6 142.8 148 152.9 157.9 161.1 161.3 159.8 161.8 162.3 164.8 169.2 174.2 184.5 199.3 212.7 231.7 241.4 247.5 246.5 250.4 240.3 227.7 215.9 208.7 193 176.1 157.7 140.4 122.5 111.1 99.8 87.4 77.3 61.1 45.9 28.7 21.7 11.1 -2.2 -2.2 -2.2 -2.2 2.5 2 3 3.5 4 4.5 5 7 16.1 30.1 45.6 59.9 70.9
616.9 558.3 501.4 464.3 409.1 357.8 323.7 281.8 250.9 227.6 213.6 199 181 166.4 161.1 150.9 141.7 135.3 128.9 128.7 128.7 128.7 131.4 133 135.5 140.3 144.7 150.6 152.5 156.3 156.7 158.4 161.4 156.9 156.5 161.3 168 171.2 178.9 190.1 211.3 225.3 237.6 242.9 244.3 234.8 222.8 208.7 201.7 185.3 168.7 153 135.1 114.9 106.2 93.7 84.1 70.5 55.8 40.4 25.9 17.5 4.5 -2.2 -2.2 -2.2 -2.2 1.9 2.2 2.4 2.9 3.4 4 4.5 9.8 22.5 34.8 48.3 63.7 73
644.3 587.8 545.7 492.5 437.9 390.2 347.6 306.7 268.9 243.4 225.2 208.9 192.3 180.2 167 162.6 151.2 143.9 136.5 128.7 128.7 128.7 128.7 131 133 137.9 141.7 146.4 149.3 151.3 151.5 152.8 153.6 151.8 151 154.9 157.7 157.8 163.7 177.3 189.9 208 221.4 224.7 230.5 227 214 199.3 193.6 175.4 162.7 147.7 130.8 110.9 100.2 89 80.6 66.6 49.3 35.8 20.8 10.2 -2.2 -2.2 -2.2 -2.2 -2.2 2.1 2.3 2.6 2.9 3.4 3.9 6.1 17.3 29.8 43 55.2 68.2 73.6
678.1 619.6 575.6 515.9 465.1 418.8 372.6 334.9 292.5 258.8 238 218.5 203.5 195.3 185.1 172.1 158.4 153.3 144.3 130.1 128.7 128.7 128.7 127.3 130.3 134.6 141.2 142.2 145.1 149.1 149.2 149 147.4 146.1 146 145.2 147.1 149.5 153.9 163.2 176.1 188 198.1 208.8 215.9 215.8 208.2 187.9 179 166.7 154.9 141.4 125 106.6 94.6 84.7 77.5 65.1 45.9 32.1 17.8 4.5 -2.2 -2.2 -2.2 -2.2 -2.2 0.4 2.3 2.8 3.6 4.1 4.4 10.7 27.5 39.8 52.3 63.2 74.1 73.3
702.1 657.8 607.3 543.5 490.9 445.8 398.4 357.6 319.6 278.8 253.3 228.6 216.4 204.4 196.5 187.2 171.4 160.3 150.4 139.2 128.7 128.7 126 127.3 128.2 131.7 135.4 139.8 140.8 142.6 145.4 145.7 143.8 142 139.5 138.8 139.4 140.5 144.7 151.5 161.4 176.9 187.5 203.2 202.3 209.6 200.4 178.9 166.3 158.1 147.9 135.4 120.4 99.7 85.7 82.1 73.7 59.3 40.2 29.2 15 -2.2 -2.2 -2.2 -2.2 -2.2 -2.2 -0.1 1.8 2.2 2.8 3.4 10.5 27.3 43.8 57 66.4 75.5 84.2 80
707.3 676.2 627.9 571.8 516.1 470.6 424.8 381.6 349.5 310.3 269.2 243.2 227.7 211.7 201.3 195 183 168.2 155.7 147.1 136.5 127.8 127.3 124.8 126.4 129.2 133.3 137.6 137.9 139.1 142 142 141.2 138.2 131.6 131.7 130.8 130.8 135.7 142.3 149.6 162.8 173.2 180.7 185.7 190.6 176.2 168.5 155.1 150 138.2 126.8 115.5 95.5 84.1 80 62.8 50.1 35.1 23.8 9.1 -2.2 -2.2 -2.2 -2.2 -2.2 -2.2 -2.2 0.9 2.3 2 3 22.5 43.1 64.6 75.6 77.6 84.1 94.5 90.9
705.8 682.4 644.4 597.2 541.1 495.1 452.7 406.7 368.5 328.6 287.9 261.1 238.2 219.3 211.4 203.3 195.5 180.6 160.9 151.4 139.8 130.9 126.2 122.7 122.7 127 131.1 133.8 135.3 137.5 139.1 138.8 138.5 135.8 127.8 124.9 123.6 123.2 126.7 131.8 139 149 159.2 165.6 170.3 165 163.2 156.9 143.3 139.5 129.6 118.6 105.8 89.6 79.2 73.7 56.9 46.4 29.4 19.6 2.4 -2.2 -2.2 -2.2 -2.2 -2.2 -2.2 -2.2 0.1 2.4 2.3 12.6 35.6 57.3 82.1 89.6 88.6 91.4 103.2 100.9
701.6 680.3 651.2 607.6 566.3 520.4 476.3 428.7 384 346.1 309 273.1 247.7 228 219.2 213.3 204.2 191.6 169.2 153.7 143.4 133.5 127.3 121.1 121.1 123.2 128.2 130.5 133.3 134.8 135.3 135 134.1 132.5 127.2 120 119.8 118.5 119.5 125.9 130 136.6 141.8 148.1 154.4 152.5 150.8 146.6 132.4 128.3 119.4 111.7 99.7 84.3 72.5 67.3 55.1 41.2 25.4 14.3 -2.2 -2.2 -2.2 -2.2 -2.2 -2.2 -2.2 -2.2 -1 2.4 -2.2 18 43.8 69.1 88.1 91.3 90.2 100.6 110.6 111.5
686.4 660.2 643.5 618.8 584.5 539.5 496.4 444.5 399.3 359.3 328.7 294.6 261.3 240.3 226.6 219.5 212.4 196.1 177.6 161 146.1 135.7 126.3 120.6 118.4 118.6 122.1 127.1 130.9 133.2 132.5 129.2 130.7 130.5 122.2 113.9 111 110.7 116.2 120.7 121.7 123.8 130.3 136.9 142.4 144.3 143.2 135.3 122.2 120.5 113.6 104.8 91.8 79.4 67.3 57.8 51.7 35.8 22.2 8.4 -2.2 -2.2 -2.2 -2.2 -2.2 -2.2 -2.2 -2.2 -2.2 -2.2 -2.2 22.1 51.9 72.4 87.8 89.6 97.4 111.9 120.1 117.1
640.9 621.5 611.3 615.3 586.2 545.8 496.5 451.5 411.9 375.7 348 317.7 285.2 253.3 234.3 221.5 214.1 202.2 186.7 168.2 154.4 138.8 129 122.1 117.4 117.8 121 122.1 129.2 131.4 131.1 126.7 122.8 120.4 117 110.5 105.6 105.1 109.6 116.4 117.7 116.4 119 124.1 128.5 134 127.9 123.8 113.6 110.7 102.3 93.6 84.2 72.6 62.3 50.9 44.1 30.5 17.8 6.9 -2.2 -2.2 -2.2 -2.2 -2.2 -2.2 -2.2 -2.2 -2.2 -2.2 9.5 37 62.2 78.9 91.4 97 105.6 124.6 124.9 118.4
589.1 584.6 583.1 595.7 579.8 536.9 491.9 450.3 411.8 380.7 353.1 324.8 306.2 266.1 238.7 221 215 203.8 192.4 177.4 159.7 145.6 129.8 122.8 118.7 116.7 117.5 118.8 123.8 126.9 126.8 123.4 118.2 116.5 109.9 105.7 101.3 100.3 102.7 109.4 108.5 108.7 109.8 111 116 117.6 121.1 114.9 107.4 102.9 92.2 84.4 78.5 66.9 54.2 43.7 36 25.4 15.9 -2.2 -2.2 -2.2 -2.2 -2.2 -2.2 -2.2 -2.2 -2.2 -2.2 1.7 12.2 43.5 67.3 90.2 94.3 106.7 112 129.9 128.3 120.4
535.6 539.6 549.4 559.3 551.4 519.2 482.2 442.7 410.6 381.6 355 333.1 317.7 287.8 251.8 229.4 218.6 209.4 196.8 183.6 168 152.2 133.2 123.9 119 115.6 114.3 113.3 117.2 121.8 121.1 119.2 115.2 108.9 110.3 103.3 97.6 91.7 91.3 98.4 99.2 102.2 104.2 100.6 99.4 101.4 103.2 108.4 98.9 94.9 85 75.9 71.5 66.9 48.9 38.7 29.6 21.8 10.6 -2.2 -2.2 -2.2 -2.2 -2.2 -2.2 -2.2 -1.6 -0.9 0.4 4 32.6 62.3 80.5 90 95.6 114.5 120.7 128.7 130.2 125.4
491.2 496.9 504 507.4 507.6 493.8 462.9 433.4 405 377.2 355.5 333.9 322 305.4 267.1 242.8 226 213.3 201 187.3 174 159 143.7 129.1 118.5 113.3 110.3 108.6 109.7 116.7 117.2 115 110.9 105.6 105.4 101.7 93.8 84.3 85 88.2 90.4 93.4 94.9 92.2 89.2 88.3 93.4 98.5 94.1 86 75.8 69.7 68 59.4 43.9 32.1 23.3 14.5 4.4 -2.2 -2.2 -2.2 -2.2 -2.2 -2.2 -1.3 0.1 1.1 4.6 22.4 50.3 72.8 81.8 89.8 98.7 109 124.6 131.2 131.4 126.4
453.1 460 467.6 469.3 469.2 462.5 440.1 414.4 393.5 371.6 353.3 332.6 323.6 310.9 279.3 253.9 236.7 221.1 205.2 191 178.8 166.7 153.1 131.1 121.7 113.6 111.6 108.5 108.9 110.7 112.3 112 106.7 101.4 98.2 94.8 88.7 80.4 76.5 81 83.6 87 88.3 89.2 82.9 83 85.7 83.7 82.3 79.3 68.8 64.4 61.8 53.1 36.2 24.9 19.3 6.7 0.4 -2.2 -2.2 -2.2 -2.2 -2.2 -2.2 -1 0.7 2.2 18.4 46 61.9 74.4 81.2 91.1 97.9 108.4 127.7 134.4 132.2 128.2
