data/180000-880000.asc
ncols 200
nrows 200
xllcorner 180000
yllcorner 880000
cellsize 50
[rows 160 to 199 of 200, columns 0 to 89 of 200]
188.8 187.4 186.8 186.9 185.2 182.7 178.5 171.9 169.8 170 175 182.5 189.7 198.6 204.4 207 210.6 206 201.2 197.4 190.6 186.9 182.2 177.4 171.8 166.2 159.9 155.3 152.9 151.9 149.9 149.9 159.1 167.3 166.2 160.1 153.7 152.6 151 149.5 148.8 147.1 146.5 145.4 142.9 139 135.9 133.8 132.3 130.2 126.3 124.4 124.2 123.2 123.8 125.7 126.6 125.4 125.8 128 136.8 131.6 124.9 124.7 124.7 124.7 124.7 124.7 124.7 133.8 152.3 162 160.3 142.1 129.4 120.2 93.2 64.3 38.2 20.7 15.2 5.9 -2 -2 -2 -2 -2 -2 -2 -2
186.8 185.8 185.4 185 182.7 178.9 172.7 168.8 168.8 168.8 174.2 184.4 191.3 201.2 206 207.6 209.7 206.2 201.8 199.4 194.6 189.9 184.1 176.7 169.7 165.3 160.5 156.2 153.3 150.4 149.9 151.6 160.9 166.3 162.7 157.2 155.3 154.1 153.3 153 153.1 151.9 153.5 149.4 146 141.9 138.1 134.8 130.4 126.9 123.4 122.2 121.3 122.2 123.1 123.9 124.3 124.6 125.2 126.2 129.4 130.3 124.8 125 124.7 124.7 131.4 124.7 124.7 125.2 143.8 149.8 155.2 145.6 148.5 139.3 108.2 77.1 52.3 31.3 17.4 8.5 -2 -2 -2 -2 -2 -2 -2 -2
184.8 184.6 184.2 183 179.1 174.5 168.8 168.8 168.8 170 177.2 186.4 194.6 202.7 207.2 208.7 208.7 207.6 204.4 203.2 202.5 195 184.8 176.5 170.9 164.5 162.9 161.2 155.2 149.8 149.9 152.1 157.6 159.4 158.3 156.9 156.2 155.3 156.2 156.9 161 160.4 154.9 150.3 146.6 142.9 138.2 133.1 128 124.1 121.6 120.1 119.2 120.3 122.3 123.3 123.6 123.5 123.4 123.5 124 125.8 133.3 139.2 144.2 142.5 136.8 124.7 124.7 125.2 138.2 146.5 154.6 155.3 151.1 138.1 116.6 89.7 70.8 48.4 29.7 15.1 -2 -2 -2 -2 -2 -2 -2 -2
182.5 183.1 182.6 179.7 174.9 169 168.8 168.8 168.8 170.6 180.6 189.6 199.2 206.5 210.7 210.8 211.5 209.2 206.8 204.7 199.7 191.8 184 178.5 173.5 168.8 168.5 165.8 158.7 152.5 149.9 153.3 157.4 158 158.1 157.7 157.5 158.5 162.6 165.8 162.9 160.3 157.6 150.3 146.1 141.2 137.4 132.1 127.2 122.9 120.6 118.3 117.1 118.3 121.4 123.7 123.4 122.9 122.5 121.9 123.1 126.1 136.1 142.4 140.8 139.4 132.5 124.5 126.9 138.8 151.9 156.9 155.1 164.8 151.1 144.1 127.1 108.3 86.8 65.3 42 24.9 11.1 -2 -2 -2 -2 -2 -2 -2
181.2 180.9 179.7 174.6 168.8 168.8 168.8 168.8 168.8 171.4 181.2 193.2 203.3 211.4 215 213.2 212.3 212 210.8 203.2 193.4 189.5 183.2 181.3 174.7 167.5 168.7 165.2 160.4 158.6 158.2 157 158.6 158.1 158.1 159.7 165.5 166.3 163.7 162.7 160.9 158.7 155.3 149.5 144.8 139 135.1 131.5 127.7 123.1 120.5 117 116.5 116.5 119.6 124.1 123.8 122.9 122.2 121.4 122.9 132 148.7 141.2 137.7 134.3 130.9 128.1 137.2 154.2 173.4 170.1 177.2 155.5 153.3 148.1 142.4 132 99.7 77.8 54.1 33.6 20.2 7.5 -2 -2 -2 -2 -2 -2
180.9 178 176.1 169.3 168.8 168.8 168.8 168.8 168.8 170.8 180.8 193.5 205.7 210.3 216 215.9 213.3 213.8 212.7 202.9 188.5 189.8 185.7 190 182 169 166 167.7 166.2 163.7 163.3 162.8 159.4 157.9 159.3 165.3 173 170.7 164.7 161.3 158.7 155.3 151.1 145.8 141.6 136.2 133.3 130.8 128.1 124 120.9 118.4 115.1 116.5 116.7 120.7 122.2 123 122 120.7 122 128.8 134.2 136 135 133.3 134.9 144.1 151.2 160.7 169.6 176.8 174.9 166.4 162.4 156.7 143.2 133.9 105.9 87.9 67.5 46.9 30.8 16.6 2.2 -2 -2 -2 -2 -2
179 178.1 175.5 170.6 168.8 168.8 168.8 168.8 168.8 171.9 181.9 189.7 200 209.2 218.4 220.1 215.2 213.3 210.3 198.2 184.9 188 191.3 191.5 177.3 169.3 166 168.4 168.2 165.5 164.4 162 156.6 158.1 161.4 166.1 167.9 164.8 159.3 155.5 153.3 150.8 145.7 140.5 134.9 132.1 130.5 129.1 127.4 125.5 123.8 120.5 117.4 116.5 116.5 116.8 119.5 121.8 121.2 119.9 120.3 121.6 124.7 127.7 128.6 131.8 145.8 168 167.7 171 177.3 171.5 171.4 179.1 168.9 161 147.3 123 110.8 104.6 98.1 66.9 44.1 26 12.6 0.7 -2 -2 -2 -2
180.3 179.7 175.2 169.5 168.8 168.8 168.8 168.8 168.8 169.2 177.6 185.6 195.7 208.7 218.5 218.3 215.4 212.4 208.5 197.1 184.2 191.1 190.5 177.9 173.6 167.4 166 169.2 169.3 163.5 158.9 156.1 155.4 158.6 164.4 164.8 163.3 157.2 150.6 147.5 144 144.3 139.5 136 131.5 128 127.5 127.6 127.9 127 125.5 122.3 118 115.7 116.5 116.5 117.3 120 120.2 118.7 119.2 119.8 120.8 122 123.4 128.1 144.5 167.3 168.3 168 168.9 167.9 172.2 175.2 162.4 152.7 139.8 129.5 140.9 131.7 124.8 87.7 58.6 36.2 21.3 6.9 -2 -2 -2 -2
181.7 180.3 176.1 170.6 168.8 168.8 168.8 168.8 168.8 168.8 173.7 183.3 194.2 207.5 218.3 216.1 216.1 215.8 207.1 194 182.9 185.1 185.3 174.7 171 167.2 164.8 165.6 162.3 156.8 155.1 154.6 155.3 156.5 158 155.8 154.8 147.5 142.1 138.1 139.2 138.8 134.7 131.7 128.9 127.5 127.5 127.5 128 128.1 126.7 123.3 120.7 118.5 116.3 116.5 116.9 118.2 117.2 117.2 118.1 120.9 122.3 123.4 125.1 128 133.6 147.7 161.1 156.2 161.8 162.1 159.6 155.9 149.3 142.7 136.7 141.7 154.4 142.4 119.1 97.5 69.1 43.3 27.7 13.5 -2 -2 -2 -2
184.4 181.7 179.2 174.5 168.8 168.8 168.8 168.8 168.8 168.8 172.7 181.4 189.5 199.9 209.4 215.4 217.1 213.9 205.3 192.2 179.5 175.5 176.4 172 168.3 163.5 159.8 161.2 157.4 154.1 153.3 154.3 153.3 152.5 153.6 146.4 142.5 140.4 134.3 132.9 137.9 134.3 130.8 127.9 127.5 127.5 127.5 127.5 127.5 127.5 126.9 124.6 122.3 120.1 117.3 116.3 115.9 115.8 115.9 115.9 117.1 121.7 124.3 133.7 137.3 145.8 136.2 141 144.3 149.7 153.2 154.2 147.8 143.9 138.5 140.6 145.2 147.5 155.3 143.1 121.4 108.8 79.4 53.4 34 20.2 14.3 -2 -2 -2
186.1 182.7 180.4 175.4 168.8 168.8 168.8 168.8 168.8 168.8 170.8 178.5 188.3 199 212.9 218.9 218 214.2 203.8 190.3 178.7 174.1 177.8 170.6 168.1 158 156.8 157.3 155.7 152.7 152.2 151.8 147.6 143.4 139 135.7 131.8 130.5 130.8 132.6 135.2 133.1 130.7 128.8 127.5 127.5 127.5 127.5 127.5 128.5 127.8 126.4 123.8 121 118.3 116.8 115.3 114.5 114.5 114.6 115.9 116.8 119.8 132.5 142.4 138.3 139.4 143.4 138.2 136 138 136.7 137 134.9 134.7 147 142.9 141 141.9 133.8 121.2 115.2 86.2 59.7 41.5 27.6 19.3 12.6 2.3 -2
188.8 181.9 178.9 173 168.8 168.8 168.8 168.8 168.8 168.8 171 177.9 188.2 200.3 215.6 219.2 216.9 208.6 198.6 183.8 175 173.5 173.2 166.9 158 156.6 155.1 153.4 151.1 149.5 145.6 142 137.6 131.7 128.5 127.6 127.6 127.4 132.7 134.7 134.8 133.4 131.8 130.7 129.5 127.5 127.5 127.5 127.5 128.5 128.9 127.5 125 122.1 119.3 117.6 115.9 114.4 113.4 113.3 113.8 114.7 117.2 121 127.3 127.8 130.6 131.8 129.4 129.8 130.4 131.1 131.9 133.3 137.1 149.4 144.4 136.1 132.5 123.2 112.5 102.6 82.3 60.7 46.2 33.7 24 18.2 6.7 -2
187 179.4 174.5 169.1 168.8 168.8 172.8 168.8 168.8 167.8 176.5 185.5 192.7 206.3 218 219.9 216 205.6 193.6 180.2 174.1 173.5 171.5 159.3 155.8 155.8 153.1 150.7 146.6 141.8 136 131.3 127.7 127.6 127.6 127.6 127.7 132.2 134.8 136.1 135.5 133.9 132.7 131.6 131 129.5 127.4 126.9 129.4 130.1 129.8 128.9 126.7 123.5 120.6 119 117.3 116.2 114.3 112.8 113.1 112.5 114.5 115.9 117.4 119.2 121.1 123.3 124.1 129.6 137.6 135.2 135.2 139.6 147.4 144.6 137.1 129.6 125.5 120.4 113.2 98.9 74.1 59.2 45.5 30.1 27.4 21.8 15.5 -2
184 176.6 171.7 168.8 169.1 173.8 180.5 185 180.4 181.1 188.8 193.9 199.3 211 218.6 218.7 213.1 200.3 188 174.2 174.4 176.6 166.8 156.7 152.7 151.3 148.3 144.7 139.2 134.1 130.1 127.6 127.6 127.6 127.6 127.6 127.5 132.3 136 135.9 135.3 134 134.6 133.7 132.7 131.5 131.4 135.3 131.5 131.5 130.7 130 128.3 125.2 122.4 120.4 118.9 117.8 116.3 115.4 113.7 111.7 110.9 112.2 113.8 114.9 116.7 119.8 122.6 130.1 134.8 138.5 139.5 155.2 145.5 137.1 129.8 126.5 138.2 138 125 96.6 71.2 56.6 44.2 45.6 40.5 30.5 20.3 8.6
181.7 174 167.6 169.5 172.7 179.5 188.8 192.2 189.2 191.7 198.5 203.1 208 217 216.4 214.7 207.9 194.1 178.5 172.1 173.2 170.4 158.4 154 150.8 148.2 143.5 136.8 132.9 130 127.4 127.6 127.6 127.6 127.6 127.6 128.1 132.9 135.3 135.7 135 134.7 136.9 146.4 140.9 136.2 135.3 139 135.3 133.2 132 130.9 130 126.8 124.4 122.3 120.2 119 117.8 116.7 115.2 113.2 111.6 109.9 109.7 111.4 113.2 116.7 120.7 126.4 128.5 131.3 145.3 144.4 139.9 129.9 124.7 121.3 119.7 128 117.3 90.5 71 54.2 57.2 60.9 53.6 45 28.9 14.9
177.5 171.2 167 170.5 176.8 184.6 189.3 193.8 193.6 195.9 203.9 214.6 215.5 215.4 210.6 205.4 196.6 182.3 169.8 168 165.2 158.5 156.4 155 151.2 141.9 135.5 131.6 128.5 127.6 127.6 127.6 127.6 127.6 128.4 128.2 127.8 131.8 134.2 135.4 135.1 135.6 137.6 138.9 139.7 139.4 139.7 139.6 138.5 137 134.3 133.2 131.1 128.6 126.2 123.8 121.2 120 118.8 117.6 116.3 114.7 112.6 109.7 107.2 108.1 110.2 111.4 117 121.6 122.3 121.8 124.8 129.4 130.1 129.6 126.1 120 115.2 110.4 105.4 90.6 72.8 58.7 73.2 82.7 62.7 45.1 35.2 23.1
175.3 169.1 165.1 169 173.8 180.7 187.2 191.6 194.9 199.6 210 217.5 211.7 205 198 192.8 182.2 172.8 165.8 159.2 158.1 158.6 164.5 156.3 147.9 138.8 133.1 127.4 127.6 127.6 127.6 127.6 127.6 127.5 131.3 131.1 130.4 132.2 132.9 133.1 131.8 134.6 136.8 139.1 139.8 139.7 140.7 140.9 140.8 139 136.4 133.9 131.5 129 126.5 124 122 120.7 119.4 118.1 116.7 115.6 112.5 109.9 107.4 105.3 106.5 107.8 109.6 114.3 114.2 114 117.8 121.6 132 141.4 132.1 125.6 118.2 110 102.7 90.7 71.9 72.6 89.1 93.7 72.2 67.4 52.5 33.5
173.1 168.8 165.2 167 172.2 178.9 184.9 190 196.8 205.4 206 204.3 197.1 192 186.6 180.3 173.7 167.6 158.1 152.5 158 158.9 154.9 150.4 142.6 136.1 130.9 127.6 127.6 127.6 127.6 127.6 127.6 127.6 130.6 130.9 131.2 130.2 129.7 127.6 127.6 133.4 137.1 138.8 140 140.2 141.8 141.9 142.4 141.1 137.3 135 131.9 129.3 126.6 124 122.1 120.7 119.3 118.2 117.6 115.5 112.1 109.2 107.3 105.4 104.1 104.5 103.9 104.7 107 109 116.7 131.2 141.8 154.8 154.2 140.6 133.1 119.2 99.9 84.5 75.7 82.2 92.2 95.7 80.4 77.2 66.2 47.8
172.5 168.2 165.1 165.2 171.3 178.4 185 191.4 198.9 205.1 198.2 194 189.9 183.4 176.5 171.8 164.2 157.4 148.2 154.8 159.3 156.5 153.7 150.4 141.7 133.4 127.6 127.6 127.6 127.6 127.6 127.6 127.6 127.6 129.5 129.5 127.9 127.6 127.6 127.6 133.3 136.1 137.2 138.4 140.1 141.1 142.8 143.1 144 142.1 138.7 136 132.7 129.6 126.8 124.1 122.2 120.6 119.5 118.5 117.2 115.6 112.5 109.5 106.8 104.9 102.9 101.8 101.8 102.3 103.7 106.9 116.2 135.1 152.4 172.3 160.4 140 132.2 120.3 102 83.9 80.1 80.7 83.2 87.8 81.1 74 71.8 57
173.6 168.8 163.3 162.9 169.3 177.3 187.1 199.2 202 200.4 192.3 187.1 182.4 176.8 168 164 152 144.1 144.9 153.3 152.9 154.6 159.3 156.6 144.7 133.8 127.6 127.6 127.6 127.6 127.6 127.6 127.6 127.5 127.6 127.6 127.6 127.6 127.6 129.2 136.7 137.7 139.2 139.3 140.4 143.6 146.9 148.7 148.2 144.8 140.7 137.1 134.8 130.6 127.6 124.6 122.4 120.6 119.4 118.2 117 116 113.4 110.5 106.9 104.4 102.5 101.3 99.6 99.5 101.8 105.8 119.5 137.9 152.5 167.2 149.2 134 124.6 113.4 100 84.9 82.2 76.9 72 71.2 70.6 64.2 55.4 43.2
177.1 168.5 161.1 161.4 168.7 179.9 191.8 196.8 199.9 194.5 184.3 178.8 174.1 163.4 157.2 152.2 144.7 140.3 141.1 146.1 149.1 155.3 168.3 161.8 149.7 140.2 130.7 127.6 127.6 127.6 127.6 127.6 127.6 127.6 127.6 127.6 127.6 127.6 128.9 127.6 131.5 136.6 140.2 142.4 145.5 148 153.5 157.7 153.3 148.1 143.8 139.6 137.3 133.6 129.2 125.3 122.5 120.7 119.5 118.4 117.5 116.6 115.1 112 109.8 106.3 103.2 101.7 100 97.7 100 103.2 114.8 134.4 139.7 142.5 138 130.8 121.7 111.4 99.3 84.5 81.3 67.9 64.6 59 58.8 55.6 55.3 62.4
179.8 165.7 156.9 160 167.5 176.9 186.8 191.7 193.7 182.4 171.8 164.5 157.5 152.8 148.1 146.4 144.4 142 137.7 139.7 142.9 165 169.9 166.2 158.1 145.6 137.2 128.2 127.6 127.6 127.6 127.6 127.6 127.6 127.6 127.6 127.6 127.6 127.6 127.6 127.6 132.9 142.6 150.2 156.9 167.5 172.2 166.9 160.9 151.2 146.6 142.9 139.3 136.2 131.6 127.6 123.7 121.2 119.9 119 118.1 117.2 116.5 114.5 114 111.6 107 103.7 101.4 98.6 96.2 100.3 107.7 122.7 131.4 130.4 127.9 122.7 116.9 108.8 98.4 77.9 69.6 79.1 75.7 67 62.2 63.9 67.8 69.9
173.1 162.2 154.1 159.8 164.3 170.2 177.8 179.6 177 169.4 158.5 152 147.1 144.4 144 143.5 142.6 137.3 134.2 132.4 139.5 154.4 172.2 170.6 164.5 153.1 144 136.6 129.1 127.6 127.6 127.6 127.6 127.6 127.6 127.6 127.6 127.6 127.6 128.1 127.6 128.3 143.8 156 166.6 176.1 183.9 175.8 164.7 155.5 149.5 148.2 143.1 140.5 136.8 130.4 126.6 122.8 120.3 119.5 118.6 117.8 117.2 117.4 115.6 113.5 109.9 106.4 103.2 99.4 96.1 96.1 100.4 107.9 115.6 116.5 116.3 113.8 105.9 96.2 92.1 77 81.2 90.4 89.7 75.5 71.1 71.4 83.4 79.6
165.2 156.3 151.4 157.4 158.7 160.2 164.6 164.1 163.2 153.4 147.4 143.9 141.8 141.3 140.7 138.8 136.7 134.9 131.7 130.4 132.8 145.8 165.4 168.8 163.3 153.1 145.7 137.4 128.3 127.6 127.6 127.6 127.6 127.6 127.6 127.6 127.6 127.6 127.6 131.4 128 133.1 142 158.4 171.1 186.9 187.3 178.8 170.7 159.3 152.3 151.5 149.5 143.9 137.9 133.3 128.9 125 121.8 120 119.2 118.8 118.5 118.6 118.6 117 114.1 111.7 107.9 102.6 97.3 94.9 94.4 97.2 105.6 106.7 102.9 99.9 94.4 87.5 81.6 81.7 86.4 89.3 92.3 86.2 81.9 80.5 80.1 79.7
158.5 151.5 148.3 151.9 150.8 152.3 154.3 156.2 149.6 141.3 136.8 135.9 135.4 136.3 132.8 133.1 135.7 133.5 131.1 130.3 129.7 134.3 151 154.7 148.4 148.7 141.2 133.8 129.7 127.6 127.6 127.6 127.6 127.6 127.6 127.6 127.6 127.6 127.4 131.3 131.5 137.5 147.7 160.2 171.5 184.8 184.5 177.6 173.2 166.4 158.7 155 147.8 142.1 136.6 133.4 131.1 129.8 125.9 122.7 120.9 120.6 120.8 120.9 120.9 120.5 118.2 114.8 111 106.2 100.5 96.8 94.5 92.5 92.9 96.1 93.4 90.8 88.1 82.2 79.9 85.8 89 89.8 91.3 94.5 95.5 91.7 92.8 96.9
151.5 148.5 150.6 150.3 146.4 144.9 144.6 140.5 134.8 130.7 129.4 128 128.7 126.6 127.3 134 138.4 132.9 131.1 130.5 130.4 128.4 130.2 134 135.1 138 132 126.6 125.9 133 129.8 127.6 127.6 127.6 127.6 127.6 127.5 127.5 127.6 131 134.3 143.2 153.9 164.3 172.4 179.4 176.1 172.1 168.7 164.1 158.8 153.6 146.9 141.2 137.6 135.1 136.6 135.3 131.4 127.7 125.2 123.1 123 123.2 123.2 123 120.8 117.5 114 110.1 103.9 99.1 95.8 93.4 91.4 88.7 89 87.6 85.4 80.5 83.3 87.6 89.7 90.8 93.1 93.3 96.9 100.1 132.8 137.1
148.5 146.2 147.3 146 142 138.3 135.3 131.8 128.5 126.6 125.3 123.2 122.8 124.4 127.9 131.7 133.8 132.8 132.3 128.9 126.3 127.4 125.5 125.5 125.5 125.5 125.5 134.4 141.9 138.8 133.7 132 130.8 127.6 127.6 127.6 127.6 127.6 127.8 132.7 138.6 147.8 153 160 165.4 163.4 164.5 164.8 164.9 164.7 163.3 155.1 150.3 142.5 138.1 140 139.5 138.8 132.6 129.4 127.7 127.2 126.3 126.1 125.3 124.8 122.7 119.8 116.5 112.6 106.5 100.8 97 94.3 92.4 90.5 87.3 85.5 84.1 81.2 81.7 86.2 89.8 94.8 95.1 95.9 100.6 105.3 115.4 133.3
148.2 145.5 143.6 141.1 137.7 135.5 133.2 129.6 125.5 123.5 121.9 120.4 121.4 125.8 129.4 133.3 141.6 140.5 129.3 123.4 121.8 122.8 125.8 125.5 125.5 125.5 124.9 134 138.5 135.6 129.7 131 128.2 127.6 127.6 127.6 127.6 127.6 128.5 134.9 143.2 149.7 153.1 158.2 160 161.3 165.2 167 170.2 167.8 162 155.2 153.1 145 142.6 144.2 145.7 143.2 137.8 131.5 131.6 131.2 130.6 129.7 128.2 126.2 123.9 121.3 116.8 113.3 108.2 102.6 98.2 95.3 93.4 91.6 89.3 86.6 82.7 81.7 81.3 83.7 86.9 94.7 104.7 104.4 108.7 111 119.1 130.4
148.4 145.7 143.1 138.1 135.7 134.4 132.1 128.4 123.6 120.2 118.4 118.9 122.2 127.3 131.9 140.7 143.2 136.9 124.4 119.9 118.8 122.5 128.6 127.4 125.5 125.5 125.5 128.4 132.4 129.7 129.7 129.6 127.6 127.6 127.6 127.6 127.6 127.6 131.3 136.1 144.8 148.5 152.9 157.6 160.6 164.3 174.1 175.4 180.3 170.3 162 154.5 153.9 157.8 152.1 143.9 145 146 142.6 138.8 135.8 135.1 134.8 135.6 132.4 128.7 125.2 122.1 118.5 113.9 107.9 103.2 99.4 97.8 97.3 96.6 93.5 91 84.1 81.4 81.4 82.1 83.7 89.4 102.6 119 124.8 127.4 124.5 143.9
148.3 145.6 140.8 136.4 133.7 132.6 130.5 126.2 122.2 117.3 116.5 118.1 121.9 127.4 130.9 135.4 137.2 127.4 120.2 117.9 118.1 121.9 126.6 126.7 125.5 125.5 125.5 125.2 129.2 130.1 130.9 131.8 127.5 127.6 127.6 127.6 127.6 127.4 133.5 138.7 142 147.7 154.5 157.8 163.4 166.5 173.1 175 171.6 164.3 155.8 161.6 174.5 179.4 169.4 147.3 148.8 154.9 155.1 147.7 140.8 138.3 138.4 138.2 134 128.4 125 121.5 118.6 114.3 108.8 105.1 103.1 101.2 101.3 103.8 102.1 95.2 85.5 83.4 83 83 85.3 98 117.6 145.9 142.6 133.9 140.3 165.6
149.6 142.6 137.8 135.1 132 128.2 126.6 124.6 120.9 116.8 115.7 116.9 119.6 126.1 128.4 130 125.5 119 117.2 116.5 118.4 122.3 125.5 125.5 125.5 125.5 125.5 125.5 129.6 133.2 133.7 133.5 130.8 127.6 127.6 127.6 127.6 129.4 136.3 140.3 143.6 148.2 155.4 159.9 163.9 165.9 166.7 167.8 165.3 160.5 160.1 167.3 174.7 178.3 173.4 154.7 155.9 160.4 162 150.6 143.8 142.1 140.4 137.6 134 128.3 124.8 121.2 117.4 113.9 110.2 107.9 105.6 103.5 101.6 102 97.7 92.8 90.5 85 83.5 84.2 91.4 104.5 130.8 145.6 154.4 137.2 151.1 169.4
146.8 137.5 135.6 134.8 129.8 125.1 123.2 122 120.4 116.9 115.3 114.6 115.8 120.2 122 122.8 118.7 115.8 115.4 116.4 119.3 123.7 127.9 126.5 125.5 125.5 125.5 125.5 129.1 133.1 134.5 133.6 129.7 127.6 128.2 129.7 136.2 136 136.5 141.7 146.4 149.8 158 161.8 162 164.4 162.7 160.4 158.8 159.6 163.9 167.1 169.6 170.7 166.6 158.7 159.8 162.6 162.5 152.4 145.4 143.6 141 137.5 133 128.6 124.9 120.5 116.7 112.8 109.8 108.3 106.6 104.1 100.1 95.9 100.2 101.7 99.4 91.3 85.6 87 97.2 110.8 118.3 135.3 159.9 162.5 164.4 165.6
140.7 133.6 132.4 131.3 127.4 122.2 121.4 120.2 119.5 116.4 113.9 113.2 113.3 115.8 117.6 117.9 115.5 114.3 113.7 116.6 120.9 125.9 130.6 131.1 131.1 125.5 127.9 125.5 129.2 130.6 131.1 131.7 131.4 134.1 136.4 137.3 138.3 138.1 137.9 149.4 150.1 152.4 159.7 161.8 158.8 162.2 158.8 158.8 158.8 163.8 169.3 173.5 174.8 175.4 170 162.3 162 162 159.4 150.6 145.8 143.2 140.2 137.7 134.4 130.3 126.4 121.2 116.8 112.5 108.9 107 104.9 101.8 103.5 108.9 109.8 108.6 110.2 107.6 91.6 88.8 100.5 108.8 115.3 135.8 153.4 168.5 179.2 184.3
136.7 131.3 130.1 127.6 124 118.7 119.1 117.8 118.9 116.4 113.7 112.3 111.6 111.5 113.3 113.8 111.9 111.6 111.2 116.6 122.1 129.1 134.4 135.8 133.3 125.5 125.5 125.5 129.7 130.2 130.9 131.9 134.5 136.8 141.6 149.9 153.7 161.5 166.2 154.8 157.5 156.7 160.8 161 159.5 158.8 158.8 158.8 160.7 170.6 177.4 180.9 176.7 176.2 172.5 164.4 162.4 160.9 158 150.3 145 141.8 139.9 138.2 135.6 132.1 127.6 123.2 118.4 114 108.2 105.7 103.2 105 108 113.6 118.3 116.6 117.9 115.2 104.6 93.9 97.2 105.7 121.2 127.5 144.2 166.6 175.5 192.5
132.6 126.9 126.6 124.2 119.3 115.4 113.6 116.6 118.4 117.1 113.4 111.7 109.6 107.2 108.3 109.4 107.6 106.7 108.3 116.2 125.4 131.1 135.9 137 133 125.5 125.5 128.5 132.2 130.5 131 133.5 136.3 139.8 152.8 161.3 172.9 175.4 178.2 170.5 162.3 162.4 162.5 158.8 158.8 158.8 158.8 158.8 161.8 170 176.1 180 174.8 175.2 174.5 168.1 163.6 160.8 157.9 147.7 142.3 141.5 139.6 137.9 136.5 132.7 129.2 125.6 120.4 115.1 108.9 106 104.6 108.2 112.3 116.1 128.7 126.2 125.2 120 112.7 101.6 105.9 104.4 114.5 128.6 134.5 149.9 165.1 181.3
128.4 124.4 123 119.2 113.9 110.6 108.3 115.7 118.5 116.4 113.8 111.4 107.9 104.5 103.3 103.9 104.1 104.1 108.6 114.7 125.1 130.3 138.3 141.9 138.5 126.4 127.3 129.7 130.9 131 132.2 136.8 139.2 147.6 165.4 182.7 189.3 187.8 190 183.4 168.5 167.7 163.8 158.8 158.8 158.8 158.8 158.8 159.1 170.8 174.2 172.2 170.7 172.5 174.5 168.6 163.5 159 152.2 144.7 141.6 141.3 139.4 137.8 135.4 132.8 130.8 127.8 123.6 118.1 111.8 109.1 105.4 110.5 114.9 119.6 136.2 139 136.3 128.3 119.9 112.6 113.1 113.8 107.7 115.5 128.7 135.6 160.4 171.2
120.1 119.6 115.4 112.6 108.7 106.8 107.3 113.8 116.5 117 114.3 111.7 107.8 102.8 100.8 99.5 99.8 102.4 106.9 115.2 126.2 133.3 137.2 136.3 131.5 127.8 132.9 132.7 132.7 140.3 143.5 146.7 152.9 164.3 182.8 197.6 203 207.5 202.2 195.5 176.4 171.5 162.8 158.8 158.8 158.8 158.8 158.8 158.8 168.2 169.4 167.5 167.1 170.8 173.6 169.5 161.3 156.9 152.5 145.1 141 139.8 138.4 138.5 136.7 134.7 132.5 129.6 125.4 121 116.1 112.1 110.2 113.5 117.6 124.2 142.6 146.8 140.3 133.2 124 119.8 117.3 116.2 113.1 111 113.9 121 137.8 160.2
115.4 113.5 110.1 108.3 105 103.3 106.5 109.7 115.7 118.1 114.6 111.9 108.3 103.3 100.3 97.5 98.4 101.1 106.7 120 125.7 125.2 125.2 124.9 126.5 126.1 133 143.2 155.8 159 168.2 176 177 191.5 202.3 219.7 207.9 209.8 212.4 197 171.9 159.1 158.8 158.8 158.8 158.8 158.8 158.8 158.8 162 166.1 165.6 165.2 165.7 166.4 164.6 157.4 156.8 151.4 146.5 142 141.2 142.3 142.3 140.9 137.2 134.6 131.6 127.7 124 120.4 115.9 113.4 114.5 118.5 129.8 148.3 148 142.1 136.4 128.7 124.5 123.1 124.8 122.5 119 116.4 116.8 122.9 145.6
110.3 108.1 106.6 105.4 101.7 100.4 103.1 108.2 115.4 116.9 114.1 111.7 109.2 104.6 101 96.3 96.4 98.9 105.5 110.8 118.3 120.2 117.6 118.3 118.3 131.6 148.2 157.2 181.7 189.9 193.7 193.8 207.5 206.8 222 215.7 212.3 214.3 210.9 182.8 163.1 158.8 158.8 158.8 158.8 158.8 158.8 158.8 158.8 161.8 163.4 163 164.5 163.6 156.7 156.7 156.7 156.9 151.3 145.9 143.5 144 145.6 146.1 145.3 142.5 138.3 133.4 129.1 125.1 122.3 119.1 117 115.1 122.8 132.7 146.6 144.5 140.8 136 132.1 127.5 125.9 126.9 127.2 123.8 122.4 119 119 124.9
106.7 105.6 102.8 99.9 98.2 100.4 99.8 105.9 113.8 111.2 114 110.9 108.3 105.1 99.9 94.7 94.1 95.8 100.8 108.9 114.5 112.5 112.7 122.8 140.2 154.1 156.7 175.6 191.5 200.6 198.2 205.4 218.5 226.1 221.8 212 213.3 205.4 193.1 171.3 163.3 158.8 158.8 158.8 158.8 158.8 158.8 158.8 158.8 158.8 159.8 161.2 163.6 161.4 156.7 156.7 156.7 156.8 154.8 149.1 145.9 145.5 148.5 149.3 148.8 145.7 140.3 134.6 129.8 126.9 124.1 121.4 119.3 116.4 121.4 127.4 136.6 138.7 138 134 130.6 128.5 126.9 127.4 127.6 126.9 126 123.9 121.2 120.8
