data/180000-700000.asc
ncols 200
nrows 200
xllcorner 180000
yllcorner 700000
cellsize 50
[rows 74 to 110 of 200, columns 82 to 163 of 200]
169.9 160.8 147.7 146.8 155.8 160.7 170.2 170.5 171.8 171.4 179 179.1 187.7 193 188.4 197.2 199 221.3 230 236.4 238 229.9 230.9 235 247.4 246.7 254.9 259 258.4 252.9 243.7 235.2 229.3 219.2 215.9 203.9 200.6 194.2 191.9 189.1 187.8 188.2 191.2 202.3 208.2 208.4 214.4 215.1 227 240.3 254.6 252.1 258 283.7 290.1 299.6 301.7 291.3 273.5 267.7 258.8 248.5 238.5 229.2 227.9 226.5 226.7 228.7 248.4 262.9 267.2 256.5 239.1 222.9 211 212.6 227.9 227.5 227.6 226.6 216.2 210.4
160.4 149.4 146.6 152.1 147.4 159.3 170.9 174.9 172.4 174.2 182.7 182.8 199.1 199.9 191.5 191 195.1 209.6 221.8 229.5 229.2 230.7 233.5 234.2 236.3 245.6 251.7 251 256.8 248.5 241.6 238 227.8 220.1 215.4 199.5 198.1 197.4 195.6 188.2 188.7 190.8 193.8 208.4 215.4 221.2 224 231.1 238.8 239.6 252.6 261.3 258.3 274.3 278.3 294.9 302.2 295.1 272 270.7 256.6 247.4 233.1 227.1 225.6 226.1 226.5 237.6 260.3 270 264 250.5 233.4 219.1 210.3 218.3 236.5 231.3 242.4 232 219.9 206.9
161.7 149.2 147.3 146.5 157.8 174.2 178.7 176.5 173.9 177.2 183.4 195.4 198.9 198.8 195.9 187.8 189.7 210.1 219.6 226.1 228.8 232.3 235.8 236.6 237.5 242.8 246.4 245.9 250.5 247.6 241.3 238.6 228.4 220.6 210 201 202.5 199.7 195.3 187.5 189.9 195.8 195.6 209.1 222.8 232.8 238.3 241.1 254.5 260.6 257.1 256 261.7 264.1 273.1 284.1 299 284.4 271 264.1 255 244.3 228.4 225.3 225.2 225.7 231.3 249.4 263.6 265 257.2 241.7 227.1 211.1 210.2 229.9 239.9 236.6 240.3 230.8 221.5 207.1
163.8 152.2 145.5 152.5 171.7 178.3 183.6 177.2 176 181.9 187.4 197.4 200.2 199.4 198 187.2 189.4 215.6 226.6 229.9 235.8 235.2 235.8 239.5 240.8 237.4 237.9 241.4 243.3 244.2 236.4 232.2 227.3 220.7 207.9 204.8 202.2 199 193.3 187.7 190.5 193 197.7 212.1 229.8 237.4 244.8 247.8 265.4 275.5 278.3 264.8 257.3 260.9 272.7 281.7 288.4 279.2 268.8 262.9 253.7 238.6 226.5 224.7 225.6 230.4 241.8 256.8 263.7 261.5 249.6 232 213.3 206.7 216 241.7 241 248.4 241.1 230.3 219.5 206.9
152.4 144.6 150.1 169.8 181.9 192.1 193.4 199.2 188 185.9 199 197.7 200 199.7 198.6 187 188.1 210.8 236.6 235 237 235.9 233.4 238.9 242.9 239.8 235.2 236.9 239.4 243.1 234.3 230.4 227.5 220.2 207 204.7 202.8 198.6 189.8 188.3 190.5 193 198.5 215.8 226.1 238.4 246.8 256.2 278.6 291.6 287.2 274.7 268.1 259.8 266.4 279.9 286 272.6 268.2 261.3 250.1 233.9 224.8 224.9 227.4 243.3 255.7 262.2 270 257 240.2 221 210.7 207.9 233.2 249.5 245.7 247.9 234.2 224.1 215.7 205.4
143.1 146.6 152.9 167.8 190.5 188.9 200.3 203 191.8 193.6 200.3 198.1 199.3 199.6 195.7 185.8 185.3 198.2 230.8 234.2 233.5 232.5 232.6 240.4 240 238.7 234.2 233.7 231.7 234 231.8 228.9 225.2 214.5 207.4 207.2 204.7 194.9 185.6 188.7 192.2 200.3 215.1 216.4 218.7 225.9 245.6 263.5 275.5 298.5 289.5 276.1 276.6 265.2 263.8 280.5 283.3 267 264.2 258.5 244.9 230 223.6 226.1 238.3 254.6 268.4 276.3 262.8 249.9 231.4 207.9 205.2 216.9 242 247.2 239.6 236.6 223.6 215.3 221.9 203.6
141.6 144.4 152.6 161 173.7 189.8 205.2 199.6 202.4 197.2 197.4 200.6 197.8 195.4 192.9 190 181.9 189.9 197.6 214.5 226.5 224 232.9 237.1 232.5 232.5 233.8 233.4 238.8 231.1 226.7 224 218.2 211.3 210.7 209.6 200.8 190.3 189.9 189.1 199.7 212 228 233.2 232.3 235.9 238.1 251.3 267.9 280.1 288.5 277.7 274.9 274.6 275.7 285.2 271.8 259.3 256.9 254.9 236.9 224.2 223.9 236.6 246.3 260.2 266.4 268.5 251.6 239.2 223 201 201.3 227.4 240.5 238.6 236.5 219.7 210.8 219.5 217.1 201.4
146 144 157.1 161.4 163.9 182.2 198.6 203.4 199.6 187 195.6 200.9 198.4 191 192.6 192 182.7 199.5 215.8 215.4 204.6 213.1 226.6 230.5 226.4 227.2 235.8 237.2 235.5 233.5 229.3 234.1 225.2 210.2 210.4 205.6 196 182.9 187.5 193 208.9 226.7 236.5 241 241.4 239.7 243.9 254.8 257.7 258.1 265.7 275.2 272.8 278.8 272.8 266 255.4 248.7 245.7 241.9 230.5 222.8 226.3 245 248.4 244.9 245.7 238.3 232.5 227.3 212.5 194.7 202.8 231.6 228.5 227.1 216.8 203.8 208.5 210.4 206.3 196.7
157.6 155.5 154.1 157.9 160.2 160.6 181.5 206.4 188.1 177.9 189.1 198.7 191.1 189.4 189.1 189.8 181.9 202.2 225.9 224 216 216.8 214.8 219.5 224.7 224.4 230.1 238.8 235.5 233.2 232.1 225.6 220.7 208.5 198.8 193.7 186.7 178 186 202.3 218.2 234.1 238.4 245.7 252.1 262.4 263.9 256.9 267.1 276.4 263.4 263.5 274.1 287.2 289 275.9 258.1 256 252.6 238.6 225.6 223.5 233.7 245.5 237.4 230.5 224.1 223.4 220.7 220.7 205.8 192.9 205.1 219.7 218.2 207.7 195.1 199.2 195.8 196.7 194 194
165.6 170.8 171.2 168.7 161.5 158.3 159 168.9 170.5 173.7 174.6 178.5 187.5 194.4 190.4 181.7 178 203.4 219.1 219.5 218 224.5 230 224.2 220.2 229.8 237.1 234.2 232.8 229.7 231 221.9 214.6 206.7 196.9 184.9 179.3 178.9 195.2 204.6 212.4 230.6 243.1 248.7 253.8 268 275.8 275.2 275 270.7 275.1 263.9 273.8 287.3 291.8 278.6 268.4 259.5 251.9 242.2 235.4 230.7 218.9 231.5 224.4 221.3 217.7 217.5 220.1 217.9 203.4 185.7 207 202.7 200 192.4 189.2 186.9 181.9 189.4 197.1 191.8
170.6 174.5 178.1 181.4 170 164.1 164.1 164.3 165.9 171.3 175.8 178.4 189.4 198.6 193.5 181.7 176.8 207 215.4 216.8 213.9 221.3 231.7 228.6 224.6 230 239.8 236.1 226.8 220.5 214.5 208.9 208.4 200.8 195 183.6 173.1 183.1 195.7 202.7 223.1 231 242.3 254.1 262.7 274.8 278.7 289 286.3 282.6 274.5 268.2 278.8 295.8 286.9 280.4 270.5 257 248.3 240.1 242.3 245.8 237 221.1 206.4 212.2 208.4 208.4 210.1 202.4 189.1 188.9 196.6 188.6 186.5 182.7 179.7 174.7 183.6 194.6 189.4 186.1
178.2 190.1 201.4 194.3 184 176.6 178.2 177 172.1 175.9 181.7 182.5 181.8 189.5 189.9 177.3 173.8 202.2 208.7 214.1 211 212.8 227.6 231.1 231.1 241 237.3 235.8 226.4 217.4 202.6 198.9 199.8 193.8 188 177.2 172.7 184.7 197.5 208.1 229.1 239.5 241.1 259.2 271.7 291.9 295.9 295.3 288.9 292.8 280.4 273 277 284.2 277.9 273.7 258.6 248.6 238.1 239.7 247.6 258.8 255.3 234.7 215.9 195.2 199.7 200.7 203.8 191 177.4 184.2 181 184.8 183.5 174 167.7 180.2 196.1 193.5 191.3 176.9
206 216.8 213.4 207.9 199.1 191.2 202.2 189.5 181.1 179.7 187.8 188.7 187.9 183.1 183.5 174.8 171.7 191.8 203.6 206.5 204.7 207.7 219.1 232.9 242.8 248.5 236.8 231.5 226.3 214.8 200.7 192.5 186.7 183.8 180.6 170.8 173.1 187.2 196.2 212.2 228.5 241.5 258.1 262.3 281.3 289 294 293.8 293.9 293.8 286.6 275.2 274.7 271.4 269.7 263.8 246.9 243.9 235.2 240.5 257.2 272.6 254.8 233.4 216.7 203.5 189.8 191.3 195.1 182.1 171.3 175.5 179.6 186.7 175.2 164.5 170.8 185.2 192.9 191.8 186.9 172.3
218.4 225.4 221.2 215.7 209.2 200.4 209.9 205.7 187.4 188.1 193.2 197.4 199.3 188.5 179.9 168.5 169.1 184.8 201.3 203.1 201.9 201.5 215.4 229.5 240.3 241.4 233.9 223.9 220.8 210 200.3 187.2 177.3 177.3 174.3 167.2 173.7 185 196.3 214.8 237.2 248.5 263.6 278 289 301.7 307.8 302.1 302.5 298.4 297.9 283.4 276.8 267.9 259.3 250.3 241.3 240.1 233.8 254.2 265.2 254.1 240.5 224.8 215.5 207.9 200.5 186.5 182.6 180.5 170.6 174 183.4 178.1 167.5 152.4 166.3 186.8 187.2 190.3 177.4 168.1
217 226.2 224.8 213.6 207.5 206.7 207.2 201.3 196.8 197.4 196.9 196.6 195.6 186.7 175.5 167.4 167.4 182.1 192 198.1 200.5 204.9 214 225.6 238.4 233.3 228.9 225.9 213.4 206.6 198.4 182 173.2 173.9 168.8 166.5 178.7 181.8 196.4 220.9 243.8 260.5 276.6 291.2 299.4 299 309.1 301.7 304.1 303.3 299.2 278.7 273.7 263.7 259.8 248.4 235 235.9 233.2 256 251.5 237.7 229 213.5 210.8 209.6 196.1 186.2 180.6 171.6 160.7 162.2 164.6 162 150.1 145.8 167.7 188.4 178.8 179.2 171.3 165.1
214.7 215.3 213.5 216.1 202.2 209.5 205.7 196.5 200.3 205.9 201.9 195.6 189.9 180.9 171.8 168.4 166.5 184 200.5 201.7 207.7 210.9 212.5 219.1 227 224.4 221.4 219.9 208.6 199.6 193.7 176.8 169.2 171.3 164.9 169.6 180.5 183 198.9 226.2 251.6 272.8 290.5 311.4 303.7 294.1 289.3 291.5 296.4 298.2 295.4 274.5 264.8 260.3 254.8 243.5 227.5 232.1 231.6 233.4 229.2 226.2 216.3 211.3 206.9 202.3 191.6 185.9 177.3 164.5 155.2 146.8 139.4 141 135 149.2 176 183.8 163.9 167.7 164.9 169.7
199.2 201.2 203.8 194.5 200.7 202.2 201.9 191.3 197.2 205.4 201.6 197 192.8 181.5 170.4 166.7 166.8 180.6 207.5 208.2 214.2 215.4 216.9 218 216.4 212.9 210.9 205.1 200.5 196.7 189.7 175.1 165.8 166 165.1 173.7 180.2 186.9 208.1 234 262.3 287.6 299.9 310.7 304.8 297.8 286.1 282.5 286.8 295.6 286.7 269.8 258.9 252.7 245.7 232 222.3 221.1 221.4 221.2 214.8 210.6 213.4 208.6 202.1 197.3 188.4 184.6 174.5 166 148.6 136.6 134.9 128.8 132.2 158.8 170.1 169 155.1 167.3 163.2 171.5
184.8 185.6 182.2 192.2 202.3 195.8 190.3 188.3 202.1 210.1 201.2 198.7 198.2 187.7 175.8 169 165.6 174.1 206.8 216.8 215.3 215.7 215 213.9 211.4 205.5 202.1 197.6 195.1 190.9 180.3 166.6 164.3 163 167.4 178.6 182.8 196.9 215.4 241.7 272.4 297.6 308 305 304.7 294.2 287.7 285 276.9 282.3 278.3 258.9 251.7 248.1 239.9 225.5 214.9 213.7 216.1 210.2 201.1 198.4 203.8 202 199.7 192.4 187.6 170.5 165.8 155.8 143 124.9 125.5 122.4 137.7 153 154.3 151 154.3 158.6 166 166.4
182.5 174.2 180.5 194.8 197.8 192.8 187.3 186.4 195.9 201.6 200.4 197.8 198.3 191.1 180 169.4 165.2 176.6 207.6 214.4 213.7 213.5 212.3 207.4 203.5 201.7 197.6 194.5 192.9 188.6 182.3 170.8 162.4 163.4 170.9 186 190.9 203.6 218.8 241.5 268.2 286.9 295.5 295.6 296.3 285.6 279.6 280.1 276.3 267.7 253.4 247.7 248.2 240.3 237.8 221 211.1 208 211.1 201.6 187.7 184.3 187.2 190.9 193.8 193.2 177.3 166.3 154.8 146.8 137.2 124 119.4 121.5 138.6 138.4 141.4 142.9 150.8 148.5 158.3 152
177.1 168.5 185.1 192.7 194.4 189.8 185 185.9 195 199.7 197.2 195.4 194.2 191 181.8 169.3 164.4 177.2 206.2 210.6 209.8 210.8 210.2 206 201.8 199.9 196.8 195.5 195.4 191.6 181.1 168.9 162 165 176.4 191.9 202.7 208.4 220.7 241.9 265.7 279.3 281.8 285.6 285.4 274.2 263.7 263.6 258.3 247.2 244.6 240.6 238.4 234.8 229.8 211.2 205 203 200.9 190.3 180.3 179 182.1 184.2 183.7 182.4 172.3 159.5 148.5 143.7 126.5 113.1 112.4 116 127.5 131.8 133 141.7 142 140.7 143.4 125.7
163.5 173.3 185.5 192.1 189 185.9 181.7 185 191.7 192.5 194.4 194.6 195.8 195.4 184.3 172.5 165.2 171.5 189.9 205.7 203.6 205.8 208.2 207.8 202.1 199.7 198.7 196.9 194.6 190.1 181.6 169.9 161.8 166.4 185.4 195.6 207 219.4 241.3 258.1 275.8 287.2 283.5 281.5 274.4 268.9 261.9 258.1 250.2 242.6 240.4 236.1 232.2 228.7 220.9 203.6 197.7 198.4 188.4 179.8 176.9 176.1 175.8 175.6 176.6 170.1 165.9 156.3 148.3 133.5 116.6 103.8 105.9 113.1 128.4 126.5 135.4 141.9 137.8 121.2 115.6 107.5
163.8 175.4 185.6 188.7 188.9 192.2 180.6 178 178.6 181 188.8 195.9 198.6 191.9 184.1 176.8 166.6 167.2 180.4 194.4 197.7 200.5 207.9 208.2 206.4 200.7 199.7 197.4 195.9 192.6 180.8 171.8 161.4 173.3 190.2 202.5 211.3 227.9 252 255.3 258.2 275.8 276 273.2 270.1 270.9 266.7 253.9 243.9 237.2 236.1 235.2 230.4 229.2 220.2 200.6 195.8 184.2 180.3 177.7 175.5 175.1 175.2 171.3 168.4 162.9 162.5 152.1 141 125.6 108.7 101.6 108 117.2 124.2 124.3 144.9 141.4 126.3 112.7 97.1 100.9
165.5 176.3 184.9 189.7 193.1 193.2 181.4 172.7 164.4 168.4 178.5 190 193.2 189.9 184.6 178 166.5 168.6 178.6 191.7 198.2 200.5 203.5 206.2 205.4 200.8 198.3 198.2 196.9 192 178.6 167.5 162.2 172.6 183.2 189 197.6 211.7 233.8 241.7 248.6 248.3 255.4 255.1 256.4 261.7 259.3 253.6 244.5 235.5 238.3 232.1 220.4 217.8 212.9 196.9 192.6 180 177.7 176.3 174.7 175 176.8 170.3 161.7 159.2 159.3 150.8 132 120.1 97.2 101.2 105.8 118.3 116.7 124.8 133.2 127.7 108 95.4 92.7 93.1
167.6 172.5 179.8 190.2 192.7 192.2 175.4 166.8 159.7 161.9 170.1 182.7 186.9 188.2 185.6 179.4 166.6 169 185 196.4 201.7 203.2 202.8 202.4 203.4 199.7 197.3 197.2 192.3 185.2 176.5 164.3 161.8 170.4 177.5 179.4 183.4 189.4 198.9 218.8 235.5 237.3 233.8 242.3 251.9 256.3 254.3 253.7 244.4 233.9 244.8 244.7 232.2 209.2 195.5 190.8 184.8 176.5 174.2 175.6 176.9 174.2 174.3 165.5 156.9 156 151.1 143.4 124.6 109 97.6 93.3 102.6 111.9 108 109.8 110 99.1 87.5 81.8 85.7 80.6
163.9 167.9 176.4 186.6 184.3 175.8 163 159.7 159.7 159.7 169.4 180.9 186.7 189.7 187.6 178.4 166.8 169.3 190.2 201.2 205.2 204.8 203.9 201.9 200.1 199.2 198.9 195.7 190.2 184.2 176.3 161.1 161.2 163.4 167.7 167.5 169.6 174.9 181.8 194.8 214.3 222 226 230 240.2 249.9 253.7 262.6 245.5 230.6 240.2 242.2 230.8 209.4 188.9 179.2 177.2 175.9 173 170.8 168.8 164.3 165.3 158.9 152.5 152.6 143.3 127.2 114.9 104.3 96.6 86.1 91.4 96.3 93.5 96.1 89 78.2 71.1 72.6 75.4 68.8
159.8 162.2 173.2 179.7 174.8 162.7 159.7 159.7 159.7 166.8 177 186.1 191.2 189.4 186.3 175.9 162.8 176.3 194.8 205.1 207.9 206.8 204.7 202.7 198.4 198.6 199.9 198.1 190.6 182.4 173.4 164.3 161.2 163.8 163.7 163.1 164.3 166.8 170.4 177 193.5 203.2 214.6 223.6 230.8 242.2 254.7 260.5 239.1 225.4 231.6 231.6 220.2 205 187 177.9 174.6 175.4 175.9 174.3 168.4 168 167.6 166.3 161.7 150.5 126.7 117.7 106.4 98.8 92.8 80 82.1 85.2 79.5 81.7 73.6 65.5 61.5 63.6 62.5 74.9
157.2 153.7 157.7 164.7 159.7 159.7 159.7 159.7 171.3 181.4 189.7 193.1 191.7 189.9 186 170.1 164.3 182.2 198.2 207.4 210.3 208.9 206.1 202.9 197.1 196.3 195.3 195.1 187.8 177 167.8 163.2 162.4 164.3 164.5 165 165 166.4 166.8 169 173.6 184.7 195.9 206.5 223.6 229.1 251 257.6 229.2 220.3 220.7 220.1 211.7 196.6 180.6 177.4 181.9 185.7 181.8 175.2 172.2 175.2 177.7 180.5 164.8 150.1 125.9 105.4 98.2 87.9 82.6 79.3 71.6 73.3 71 66 63.9 58.7 58 57.7 66.7 76.5
142.9 143.4 151.3 161.7 162.8 159.7 159.8 172.3 179.1 185.3 189.4 191.6 191.7 190.5 181.8 163.4 168.7 185.4 200 208.3 210.9 209.7 207.4 202.7 194.6 189.8 186.9 184.7 180.1 170.6 162.9 160.6 161.3 164.2 165.1 166.4 167.5 169.1 169.5 168.9 167.7 170.5 175.6 184.5 201.6 218.8 229.5 240.1 222.7 212.1 217.9 212.1 201.2 185.8 177.5 180.2 198.3 196.6 186.5 176 173.2 176.3 179 170.3 156.9 136.4 112.5 103.3 95.7 83.3 76.9 80.3 67.2 67.7 61.9 61.3 59.7 55.8 61.9 63.3 68.4 75.6
135 146 160.4 174.1 171.1 165.9 169.1 173.7 179.1 185.3 191.4 200.7 196.4 189.3 173.4 158.8 168 182.7 196.1 204.7 208.4 208.1 206.5 199.5 187.6 184.1 180.9 179.2 175.3 167.3 163.4 160.7 162.2 164 166.5 172.8 179.3 180 180.4 177.1 172.8 171.6 171.9 174.1 184.2 205.5 219 225.3 209.1 202.4 211.7 201 191.4 176.5 172.7 185.9 205.7 206.3 193.6 174.5 172.2 174.4 177.7 170.8 154 127.1 104.1 93.2 90 77.2 72.4 75.4 66.6 55.3 56.7 57.8 56.8 55 68.2 70.7 84.2 88.7
145 149 162.5 175.9 174.8 167.2 167.5 171.3 178.3 182.2 192.1 202.5 193.2 183.3 165.7 157 153.1 165.7 178.6 186.7 192.5 195.6 196 189.1 182.5 179.8 177.5 175.4 172.7 168.4 160.8 160.6 163.4 165.6 171.1 182.3 193.6 198.9 198.9 200.4 192.9 174.8 173.3 173.2 176.7 197.9 210.4 204.4 191.1 190.9 195.6 188.5 174.3 174.9 175.7 185.2 200.3 199.1 185.5 176.3 171.9 169.5 164.6 157.3 144.7 118.8 101.3 90.3 73.8 68.1 67.1 70.3 60.4 56.1 52.6 54 50.3 57.1 68.7 79 90.2 95.3
142 150.2 159.8 173.2 168.6 163.4 164.8 166.3 173.7 178.9 183.1 186.2 185.3 175.3 160.6 152.5 153.7 163.4 175.9 184 183.8 182.5 181.9 181.6 183 179.6 177.7 174.1 169.1 167.4 159.8 161.7 165.3 171.2 181.1 201.9 218 219.3 222.9 218.6 218 194.2 181.5 176.3 175.6 191.5 204.9 194.1 180 176.2 175.1 168.4 166.9 171.4 176.7 187.6 196 192.4 179.3 175.1 174.6 169.7 157.7 145 129.3 105.6 98.1 89 77 57.5 56.9 54.2 51.7 51.8 48.9 52.8 48.4 55 70 96.1 87.3 90.2
139.9 152.3 158.8 158.7 159.4 157.3 160.4 159.2 165.6 166.6 172.9 171.3 169.8 166 155.2 148.5 152.5 161.9 175.1 183.4 182.1 180.9 183.1 192.7 181.8 179.7 178 174.1 166.4 161.8 160.7 163.7 170.4 185 198.6 228.4 235 241.5 243.4 246.5 233.1 208.9 190.6 181.1 178.6 180.4 193.1 179.9 168.2 158.6 156.2 157.2 174.2 168 174.1 188.3 194.2 186.3 171.2 174.7 174 172.6 163 144 119.5 99.8 88.8 78.9 70.2 58.3 44.4 46.9 47.8 46.8 52.5 48.9 45.9 55.2 71.8 88.5 79.9 73.1
142.4 148.1 156.3 159.9 150.7 151.5 150.1 151.7 156.6 160.6 165.6 167.2 161.6 157.7 150.7 149.3 152.5 160.4 173.2 182.3 179.5 176.7 185.1 190.5 186.7 180.3 175.5 173.1 165.6 161.8 160.2 166.4 178 197.4 218.1 230.4 246.4 259.9 260.9 277.2 261.4 234.1 207.1 189.3 182.4 179.6 176.6 170 158.7 148 147.9 159.4 172 167.2 164.9 180.6 188.9 182.7 162.2 165.7 169.6 174.4 166.7 144.9 115.1 94.1 76.6 66.5 59.7 49.6 40.8 41.1 42.7 42.8 45 43 48.2 55.6 60.6 64.1 70.1 67.4
140.5 143.4 148.8 151.3 145 143.3 140.6 147.1 157 151.9 156.5 159.6 155.1 152.1 147.6 152.6 159.1 166.3 168.8 178.7 174.1 173.6 183.4 189.9 187.7 179 172.9 170.2 164.1 161.3 160.5 169.1 187 209.6 235.5 239.5 242.1 254.4 276.7 292.7 275.7 253.5 230.5 201.5 188.7 181.4 171.6 160.7 153.4 144.8 142.7 155.4 154.5 153.6 157.6 167.1 172.7 167.6 147.8 149.5 158.5 165.3 157.7 136.3 110.3 87 65.2 56.3 47.3 38 38.8 39.2 39.6 40.6 41 45.4 46.9 56.7 66.8 71.6 62.1 52.1
129.5 136.4 142.8 141.1 143 135.3 137 138.1 145 141.8 145.2 150.2 153.3 151.2 150.1 160.8 169.3 175.9 169.8 169.8 169.2 171.8 178 186.4 179 173.1 176.1 173.3 165.6 162.1 158.6 175.3 191.9 217.9 240 246.9 262.7 262.1 284 290.4 288.6 279.2 259 219 193 178.5 167.9 156.4 149.2 140.6 142.7 148.9 140.6 139.4 143.6 146 146.2 146.4 139 137.3 139.4 143.1 134.6 119.3 98.5 70.6 51.1 43.6 38.1 37.3 38.5 37.8 38.5 39.3 43.3 46.3 47 57.7 62.7 70.2 52.4 47
118.2 119.7 126.3 127.8 125 124.6 126.5 127.2 129.4 134.1 138.5 145.2 151.3 148.8 153.7 164.4 174.7 176.2 175.2 162.6 163.9 168.9 169.9 173 170.7 169.7 178.3 173.2 168.8 163 159.9 170.8 186.3 204.2 230 252.2 276.2 283.5 273 279.7 294.7 296.4 270.8 240.3 207.9 186.7 166.1 154.4 145.2 133 138.6 142.1 127.2 122.8 127.5 130.5 131.6 131.2 128.1 125.6 125.7 119.8 109.4 98.7 78.9 52.8 45.4 37 37.2 37.2 37.2 37.9 37.1 41.8 44.4 46.4 49.3 55.8 56.5 61 51.8 47.3
127.9 118.5 120.2 125.4 133.3 139.6 145.9 147 146.1 141.6 133.5 135.3 142 144.7 153.6 164.3 170.7 178.3 177 162.7 159.2 161.9 160 164.8 166.1 171.4 174.3 173.2 170.5 162.5 153.6 163 174.9 184.2 211.2 228.7 253.3 272.5 270.4 271.6 290 292.1 270.2 247.1 216.1 191.2 167.4 151 138.3 127.5 137 129.3 115.7 119.3 121.9 123.7 122.4 117.7 113.2 111.1 112.5 101.8 89.2 79.8 59 51.5 39.5 37.2 37.2 37.2 37.2 37.2 36.4 39.7 37.4 33.2 45.8 56 53.5 58.5 52.3 46.7
