data/180000-860000.asc
ncols 200
nrows 200
xllcorner 180000
yllcorner 860000
cellsize 50
[rows 70 to 104 of 200, columns 78 to 155 of 200]
271.3 271 272.2 276.7 280.2 281.4 284.4 289.3 294.6 297.2 299.8 301.2 303.3 306 306.7 305.5 304.8 302.9 304.7 306 307.2 308.4 310.4 315.1 316.5 314.2 313.5 315.5 319.7 325.5 331.6 338.8 351.4 368.5 381.5 392.7 405.6 416.5 429.9 444.6 459.7 473.6 496.8 532.1 561.7 603.3 636.7 697.3 748.5 750 744.2 734.8 726.8 718.2 709.9 701.2 685 661.6 635.4 615.2 600.8 594.7 585.6 575.9 564.5 550.1 541.2 535.3 526.9 518.7 510.8 504.5 502.1 496 487.1 482.2 475.7 468.7
275.7 276.1 275.5 278.5 282.3 284.5 285.5 288.9 294.9 297.4 299.9 301.8 304.7 307.6 308.6 308.5 306.9 305.4 304 305.9 307.9 309.2 311.2 313.1 313.9 311.5 312.7 314.4 318.7 325.1 330 335.5 343.7 359 373.9 384 396.2 402 414.2 428.6 445.1 461.4 488.6 517 547.1 583.5 641.1 702.9 742.3 738.8 738.4 732.1 726.2 718.4 710.5 703.8 688.9 669.8 641.6 620.6 608.8 601.6 591.1 580.8 569.3 561.3 551.7 538.9 527.6 518.6 509.9 505.2 502.3 494.6 488.7 481.6 477.1 469.4
277.9 279.2 280.7 280.4 286.1 288.6 289.2 290.7 295 297.7 300.5 303.8 306.7 308.8 309.9 310.3 308.8 307.1 305.6 304.6 308.2 310 311.6 312.5 310.4 309.5 311.1 313.3 315.8 325 331.1 336.1 342.7 351.3 362.5 374.8 389.3 395.4 404.9 415.3 431.1 452.4 473.4 501.5 529.8 563.5 610.6 684.8 681.1 723.5 732 729 725.4 718.6 711.2 705.6 692.2 674.8 647.9 628.2 619.4 608.1 596.1 589.8 580.5 567.3 554.8 537.9 527.2 520.4 510.8 506.1 503.8 498.8 492.8 486.4 477.3 470.6
280.3 282.7 285.3 283.7 290.1 292.4 293.2 294.2 297.7 299.2 302.9 305.9 308.7 310 311 311.7 310.6 308.8 307.1 305 307.7 310.5 311.2 311.3 309.1 308.4 309.8 312 314.5 319.4 328.2 338.2 343.5 349.7 354.9 365.3 377.4 389 399.5 411.1 425.1 441.3 458.7 482.5 510.3 541.9 584 620.5 654.7 703.4 714.1 726.5 725.4 719.8 713.7 707.7 695.8 678.9 652.2 637.1 627.8 615.1 608 601.2 587.1 571.6 553.2 540.2 532.7 526.3 517.4 508.5 504.7 500.3 493.6 490.3 484.5 475.3
285.6 286.3 288.5 286.8 292.7 294.9 296 297.9 300.4 302.2 304.8 308.1 310.3 311.9 312.2 312.5 312.4 310.5 309.2 308.6 305.7 308.8 310.3 311 311.5 308 308.9 311.1 314 318.5 324.3 332.6 345 349.2 354.1 360.2 367.7 379.9 393.4 407.1 419.1 433 449.5 468.6 493.7 526 560.4 591.6 641.6 659.6 701.7 724 725.7 721.5 716.5 711.6 700.4 680.4 656 644.9 632.8 623.9 619.6 606.1 588.1 581.2 573.5 561 559.1 545.6 527.3 515.1 508.4 503.5 494.4 489.7 485.9 479.8
290.8 293.2 293.3 292.4 293.3 295.3 297.5 300.2 302.8 305.3 308.1 309.9 312.4 313.7 314 313.5 313.4 312.6 311.8 310.5 309.3 306.7 308 308.9 307.6 307.7 309.4 311.5 313.3 316.1 320.7 327.1 339.1 346.1 350.3 357.7 366.3 376.5 386.4 400.6 413.1 427.7 442.6 459.1 480.9 509 537.6 578.2 605.2 651.2 686.4 718.4 724.4 722.7 719.6 714.6 701.8 676.9 657.9 647.9 639 631.2 618.9 608.6 604.2 597.7 591.1 588.6 587.1 581.7 557.5 528.8 514.5 506.1 498.8 491.9 486.5 482.6
292.8 295.8 297.3 295.1 293.2 295.4 298.1 302.3 304 307.7 310.5 311.2 313.9 315.7 315.8 314.7 314.5 314.3 312.9 311.5 309.9 307.7 307.7 307.7 307.7 307.7 307.7 310.7 312.8 314.8 316.4 320 330.3 340.1 346.7 352.7 361.4 374.3 385.8 399.6 415.6 426.7 440.3 454.9 471 490 515.7 550.7 589.3 629.8 656.8 700.6 720.7 722.4 720.9 714.5 694.9 667.5 655.2 647.8 642.3 634.4 626.2 621.4 618 613.4 617 622.8 621.6 614.9 600.7 562.4 526.2 510.7 501.9 497.5 489.3 485.2
299.2 296.3 296.2 297.4 295.2 294.8 297.2 302 304.3 308.9 312.3 312.9 314.5 316.3 317.6 317 315.7 315.2 313.7 312.3 310.5 308.6 307.7 307.7 307.7 307.7 307.7 307.4 311.2 310.9 311.3 315.2 319.9 327.1 336.2 343.6 350 363.5 382 401.4 419.3 430 439.2 449.7 464.3 485.3 504.7 532 565.3 603 637.4 675.3 714.5 721.5 721.1 710.8 688.2 665.7 655.9 648.7 644.2 645.2 639.7 634.8 628.4 629.5 641.9 646.8 650.4 646.1 629.3 587.8 547.6 518.5 506.4 500 493.4 486.9
308.9 303.9 298.8 297.8 297.2 296.8 296.4 299.6 301.5 306.8 311.6 315.1 315.6 317.9 319.4 321.2 317.8 316.4 314.6 312.9 311 308.3 307.7 307.7 307.7 307.7 307.7 307.7 307.7 307.7 311 313.2 316.3 320.6 325.1 335 345.2 356.8 373.8 391.6 415 430 435.8 447.1 461.3 479.1 496.6 519.1 547.6 583.7 619.8 655 700 724 722.7 706.1 680.7 666.1 660 648.2 651.1 653.1 653.2 650.8 646.4 653.8 662.7 665.6 664.4 661.2 636 596.9 558.2 524.4 508 500.3 493.9 489.6
314.7 310.3 305.5 301.2 299.1 298.4 298 298 300.3 307.4 313.8 317 318.3 321.8 325.2 326.4 322.1 318.3 316.5 313.8 311.3 309.5 307.7 307.7 307.7 307.7 307.7 307.7 307.7 307.7 307.7 307.7 310.8 316.5 323 329.5 339.8 355.9 372.7 391.3 402.4 427.5 439.9 446.4 458.2 473.5 488.7 508 532.2 564.9 601.6 635.6 683.5 707.5 724.1 703.9 679.3 667.7 661.1 652.9 655 659.1 662.1 664.7 671.7 681.1 682.5 681.1 675.2 663.2 631.6 596.6 557.8 526.5 509.1 501.5 499.4 490.2
320.4 318.5 312 306.9 302.2 300.6 299.9 299.3 301.4 306.2 314.5 320.2 321.3 325.1 332.3 332.2 329.4 321.3 318.4 315.7 312.9 309.5 307.7 307.7 307.7 307.7 307.7 307.7 307.7 307.7 307.7 307.7 307.7 308.5 316.2 323 333.7 352.5 374.7 397.3 406.4 415.7 427.2 445 461.1 467.5 479.9 494.7 517.8 545 577.6 613.4 654.2 674.9 720.9 709.7 684.6 673.2 671.2 666.6 664.1 665.9 667.9 679.4 690.4 696.2 696.1 694.2 683.5 652.6 619 586.8 553.9 529.1 512.5 502.8 500.7 492.5
327.1 324.2 319.9 312.4 306.7 303.4 302.7 301.4 300.7 304.3 313.5 321.5 325.6 328.7 335.9 334.9 332.9 330 320.7 317 312.8 309.4 307.7 307.7 307.7 307.7 307.7 307.7 307.7 307.7 307.7 307.7 307.7 307.7 308.7 317.9 335 352.6 374.2 398.2 410.1 417.6 426.9 438.5 453.3 463.3 467.9 476.7 496.6 526 559.6 590.9 624.6 661.2 696 721.4 695.4 686.1 691.5 681.1 678.4 676.6 680.2 695.4 702.6 706.4 707.9 702.7 672 640.7 609.5 578.1 550.6 530.2 517 506.4 499.8 489.9
335.2 330 323.9 316.8 311.6 307.8 305.1 303.2 302.1 303.7 311.1 318.5 329.4 334 335.3 336.5 334 331.1 324 319.6 315.1 310.2 307.7 307.7 307.7 307.7 307.7 307.7 307.7 307.7 307.7 307.7 307.7 307.7 309.8 318 335.4 356.1 371.9 396.8 416.5 427.9 431.4 429.5 434 443.9 455.5 470 487.4 510 542.6 574.8 609.9 650.1 680.7 715.9 733.7 715.8 713.4 703.9 695.7 694.7 698.6 709 713.8 716.5 717 701.6 663.4 628 597.9 569.5 545.4 530.6 519.8 508.6 497.4 491.2
341.1 337.5 330.3 321 314.9 310.2 307.1 304.7 304.2 305.1 311 316.5 327.2 334.6 336.1 336.2 334.5 332.8 328.8 322 316.8 312.3 309 307.7 307.7 307.7 307.7 307.7 307.7 307.7 307.7 307.7 307.7 307.7 307.7 316.3 335.5 360.1 376.2 395.5 415.4 436.8 444.6 436 434.6 444.6 454.8 469.6 484.4 504.7 531.9 564.9 600.8 638.1 676.8 716.9 765.8 756.8 753.1 737.4 724 718.5 718.1 722 725.7 726.6 718.9 687.1 650.5 616.5 584.3 561.4 543.1 531.4 519.9 509.6 499.6 491.4
347.8 343.8 337.2 327.3 320.6 314.9 310.5 307.4 306.1 306.1 312 316.3 325.5 333.9 336.3 335.8 334.6 333.5 330.8 324.8 318.7 314.7 311.4 309.7 307.7 307.7 307.7 307.7 307.7 307.7 307.7 307.7 307.7 307.7 307.7 312.3 330.7 353.6 375.9 409.5 428.9 440.8 450.7 448.6 445.9 451 457.7 467.9 478.9 494.7 521 555.7 590.8 625.8 662 743.5 808.3 797.5 788.1 768.2 751.8 738.4 733.6 734.4 737.3 736.8 715.1 675.3 638.2 606.1 577.5 556 539.1 527.3 518.9 510.1 501.6 492.6
352 348.3 338.9 338.1 330.2 322 316.7 311.5 309.6 307.9 312.7 318.1 323.5 330.9 336.1 336.4 335.9 334.8 332.8 326.1 320.1 317.1 314.1 311.2 307.7 307.7 307.7 307.7 307.7 307.7 307.7 307.7 307.7 307.7 307.7 311.5 320.1 337.5 369 419.1 440.8 450.4 452.9 448 443 447.5 454.5 461.2 472 486.9 511.9 543.7 577.1 613 650 718.7 812.1 834 823 794.8 770.3 754.4 746.2 748.6 751.2 747.2 712.6 672.8 634.2 596.8 570.7 550.8 536.1 524.6 516.8 511.2 504.3 496.9
358 352.3 345.2 342.6 336.6 329.2 322.4 316.1 314.1 309.9 310.1 318.1 323.1 329.6 335.2 337.1 336.6 336 335.2 328 320.5 318.5 316.1 313.4 309.7 307.7 307.7 307.7 307.7 307.7 307.7 307.7 307.7 307.7 307.7 310.8 318.3 331 359.5 406.3 446.4 452.4 460.2 443.6 440.2 441.6 449.9 458.1 467.9 480.5 499.9 531.9 565.3 600.6 635.6 671.8 770 806.7 834 808.5 781.6 766.6 762.3 763.3 764.7 756.3 720.1 672.1 628.4 588.6 562.2 545.7 534.5 523.2 516.9 512.6 508.2 501.8
360.5 356.4 352.2 346.5 343 336.4 330 322.7 316.4 312.1 311.5 315.7 323.3 328.1 333.7 338.2 338.9 340 338.8 331.9 323.2 320 317.1 314.2 310.7 307.7 307.7 307.7 307.7 307.7 307.7 307.7 307.7 307.7 307.7 311.5 319.6 330.1 349 382.2 424.7 457.7 457.8 441 434.7 436.4 443.1 451.4 458.8 470.2 490 518.9 551.7 586.4 621.7 665.9 720.5 763.8 787.1 802.5 799.6 787.8 782.4 781.1 779.1 744.2 697 659 617.3 586.9 565.5 549.1 534.4 523.6 518.2 515.4 513.1 509.2
363.7 360.9 356.6 352.3 347.3 342.4 334.6 330.3 319.5 315.1 313.4 316.6 324.3 329.1 332.7 337.3 340.3 340.6 337.5 332.2 324.4 320.7 317.8 314.7 311.5 307.4 307.7 307.7 307.7 307.7 307.7 307.7 307.7 307.7 307.7 313.5 319 329.6 349 379.1 404.2 443 450.3 438.6 428.6 430.1 433.5 437.9 448.1 460.3 479.8 505.7 538.4 574.4 603.8 644 697.9 721.7 751.8 820.9 826.9 807.6 803.7 800.7 779.9 735.3 687.6 648.6 614.3 590.2 567.7 552.6 536.4 526.9 522.1 523.2 519 517.5
366.9 363.2 361.6 358.8 352.2 345.2 339.8 336 329.7 319.9 316.8 318.4 324.3 332.2 333.8 336.1 339.7 340.2 338.1 333.8 325.4 321.5 318.4 315.3 312.2 309.7 307.7 307.7 307.7 307.7 307.7 307.7 307.7 307.7 309.3 313.5 320.7 334.8 352.6 384.8 413.3 435 439.1 434.4 427.9 425.5 425.1 430.4 439.2 447.9 468.8 494.6 526 559.1 592.7 630.2 665.8 701.3 758.5 808.8 851.8 832.2 829.1 806.3 781.9 743.5 696.1 651.8 622.2 587.6 564 548.1 539 534.6 535.6 542.7 544.5 537.1
367.1 365.4 364.7 363 357.4 349.6 343.6 339.4 333.5 326.1 320.9 321.6 326.9 332.4 335.1 336.7 339.7 340 337.2 333.5 328 323.6 319.2 316.2 313.9 312 309.5 307.7 307.7 307.7 307.7 307.7 307.7 307.7 307.7 311.8 323.6 340.9 362.9 399.1 442.5 440.8 433.8 429.7 423.3 419.9 418.2 424.8 432.5 441.5 459.4 485.8 515.1 547.2 582.1 617.9 657.9 722.8 765.3 790.1 818.2 850.3 859.4 847.5 823.6 759.6 714.1 680.8 642.5 588.5 560.6 552 551.2 552.6 565.5 586.4 594.4 573.8
366.2 368.6 368.6 364.1 359.2 353.1 346.9 344.4 337.9 330.8 326 322.9 328.6 332.9 336 337.8 339.6 340 338.5 335.1 330.1 325.2 321.1 318.2 316.4 314.6 312.8 310.6 307.7 307.7 307.7 307.7 307.7 307.7 307.7 310.6 324.5 352.9 390.7 445.7 456.5 442.8 424.7 422 416.7 416.3 417.7 419.5 424 433.3 450.7 472.5 506.8 539 572.3 598.2 633.7 683.5 736 775.8 811.8 847.7 874.5 874.4 845.3 790.8 746.4 728.7 690.1 620.4 579.3 568.6 572.3 577.8 596.8 634.5 664.2 606.6
368.9 370.3 370.5 364.7 360.4 357.1 352.6 347.7 341.6 335 331.2 326.4 330.7 334.2 336.7 338.7 339.9 340.4 340 337.1 331.1 326.4 323.3 320.7 318.9 316.3 313.5 312 309.9 307.7 307.7 307.7 307.7 307.7 307.7 308.8 325.6 365.3 435.5 461.3 457.3 439.5 419.1 417.5 416.2 417.3 418.1 415.9 420.2 427.7 440.3 466.8 490.7 525.1 558.1 596.1 655.1 707.4 751.5 777.6 798.1 829.1 867.7 870.1 852.5 824.5 789.8 748.9 684.8 637.4 602.1 589.7 597.5 611.5 639.8 672.3 696.4 646.7
366 365.8 365.2 363.1 359.1 359 356.4 351 346.8 341.2 336 333.4 331.2 335.5 336.8 338.8 340 341.3 340.9 337.4 331.4 327.3 325.1 322.6 319.8 317 314.5 313.4 310.8 307.2 307.9 306.8 307.7 307.7 307.7 310.2 318.1 358.2 415.9 449 452.4 428.1 407.5 412.7 415.4 413.7 412.8 412.7 416.8 424.1 438.7 455.9 483.7 510.3 553.1 596.7 653.8 698.7 751.1 747.7 772.1 803.7 841.9 849.5 834.1 826.4 789.1 747 702.9 659.5 625.1 615.9 626.4 645.1 679 725.9 732.6 690.5
366.6 363 361.8 358.9 358.1 357.3 357.1 352.8 349.6 344.5 340.2 339.1 334.7 335.9 336.3 337.5 340.4 341 341.3 337.6 332 327.8 326.4 323.6 320.5 317.7 315.5 314.3 312.9 309.5 310.1 310.3 309 307.7 307.7 315 325.6 338.1 386.3 439 444.6 427.7 401.7 399.9 405.2 408.7 409.1 408.4 411.6 418 429.3 451.2 469.4 495.8 545.9 583.6 624.4 670.8 708.7 720.3 749 787.8 821.9 827.8 811.6 800.2 791.1 774.4 739.8 684.2 653.4 651.7 684.3 696.5 710 745.5 759.8 731.9
365.5 362.2 357.7 357.4 356.9 356.7 357.3 354.1 350.6 347 343.7 343 340 337.7 336.9 337.5 338.3 338.8 338.6 337.4 334.4 329.1 326.6 324.8 321.8 318.5 316.3 314.7 312.8 311 312.4 312.5 311.7 310.6 312.8 324 337.4 350.4 360.4 408.3 439.9 423 400 396.3 389.3 388.2 398.9 399.6 403.8 409.7 419.7 442.8 463.7 483.5 519.7 553.5 597.4 644.9 667.1 692.1 736 761.5 794.5 800.2 784.6 774.7 763.5 748.4 732.2 710.3 704.2 697.1 733.1 738.4 767.3 774.1 785.5 765.1
369.7 365 358.6 357.3 357.1 358.5 360 354.6 351.6 347.5 343.7 346.7 342.7 338.5 336.3 336.6 336.1 336.5 335.7 334.7 335.4 335 327.5 325 322.1 318.9 317.3 315.5 311.8 311.9 313.4 313.9 314.8 314.2 320.7 341.3 349.6 354.4 361.3 374.9 424.9 422.5 396.3 391.7 383.2 373.1 382.2 386.5 392.7 406.4 417.9 432.1 453.7 477.7 503.5 526.7 553.4 611.2 624 689.2 707.5 731.8 762.6 771.3 758.3 744.6 732.6 721.3 709.4 700.4 702.7 718.2 741.1 766.6 793.8 804.8 798.9 776.4
374.8 368.2 361.6 359.5 358.1 359 361.1 356.9 352.7 348.1 348 346 342 337.8 336.3 336.7 336.3 334.8 333.6 332.3 333.3 333.9 331.6 327.3 322.4 319.4 317.7 316 313.3 310.2 312.2 313.8 315 317.1 330 357.7 369.6 360.6 366.4 376 400.3 417.9 390.3 385.8 379.8 370.3 374.6 381.6 390.9 402.1 416.5 425.6 436.7 456.9 481.6 506.1 527 553.2 594.2 631.8 674.2 707.8 728.1 741.6 732 718.5 704.7 693.5 686.7 687.2 697 718.4 744.2 770.8 792.7 800.2 785 765.8
383.4 384.6 371.5 360.3 358.7 360.1 352.6 357.2 355 348.9 349.9 345.3 340 337.5 336.8 337.5 335.1 332.6 331.5 330.2 330.5 331.5 331.3 329.4 325.6 319 317.7 316 313.8 307.7 308 310 314.2 316.7 329.8 363.3 371.7 368.4 371 380.5 409.5 413 380.7 376.3 369.5 369.7 373.7 381.3 389.4 396.7 407.2 419.6 428.8 436.7 454.9 489.4 504.4 521.9 556.8 588.4 636.1 678.2 698.8 717.5 705.7 691.1 679.4 668.4 664.2 671.2 690.9 718.1 745 771.1 793.6 796 772.3 751.6
384.4 387.5 387 374.8 363.2 361.6 352.6 352.6 352.6 355.8 345.3 342.4 338.7 336.3 335.7 334.8 332.6 330.3 329.2 328.2 327.6 328.5 329.1 328.7 328 322.9 317.5 315.7 313.6 307.7 307.7 307.7 312.6 317.2 322.8 345.7 358 365.5 366.8 374.1 393.1 406 371.3 363.9 364.4 369.8 377.5 383.6 393.8 397.9 401.7 412.1 422.7 429 442.1 460.2 479.3 502.3 527.9 563 600.5 628 682.2 680.4 679.7 667 653.3 644.5 641.6 657.6 683.7 712.7 741.2 771 797.6 785.5 759.6 734.4
383.1 388.3 392.5 390.5 378.4 363.8 352.6 352.6 352.6 355.8 345.2 340.7 336.5 335.4 333.6 331.7 330.2 328.6 328.5 327.1 323.9 324.8 326.1 324.9 325.8 326.9 320.5 316.1 311.9 308 307.7 307.7 313.4 319.2 319.9 332.4 345 352.7 355.1 361 380.9 386.6 357.3 352.7 361.4 371 379.7 384.2 389.7 393.4 394 401.3 414.1 427.8 436.9 447.7 460.4 477.1 500.9 533 562.5 593.1 625.2 631 652.7 640.4 627.6 621.3 626.4 642.5 672.3 705.1 738.3 772.2 789.3 773.1 747.2 718.5
385.5 390.4 391 386.7 384.8 371.3 358.4 353.6 357.7 367.2 353.2 343.9 337.2 335.5 333.3 331.1 328.8 326.4 323.3 317.1 317.4 316.4 317 321.1 322 324.8 322 319.2 314.1 307.7 307.7 307.7 314.5 316.1 317.8 324.5 334.2 338.9 342.7 347.2 374.7 366.5 346.1 347.2 355.7 367.3 376 382.7 389.9 390.6 389.5 391.4 400.4 422.6 428.8 433.3 443.8 455.6 475.7 507.2 536.1 559.6 576.2 601.3 615.4 606.7 596.8 600.1 613.7 630.7 659.9 697.1 735 774 782.1 762.1 731.3 704.5
388.4 392.5 391.9 385.9 382.9 376.9 362.9 358.8 361.3 360.5 355.6 345.8 337.8 332.2 332.4 329 325.5 322.5 316 315.8 315.6 315.3 315.1 316 318.2 321.2 323.5 322.4 314.2 313.2 307.7 307.7 307.7 307.7 307.9 315.7 324.2 330.8 332.5 347 368.8 353.1 340.7 344.4 351 356.5 369.7 381.6 384.7 384.4 385.9 386.5 389.9 396 408.3 413.8 426.3 436 454.9 481.3 503.3 524.5 538.3 564.4 576.2 567.9 564.7 582 598.4 617.5 644.5 674.5 713.3 750.6 773.7 758.1 725.8 695.7
392.1 394.9 395 391.1 383.1 376.3 368 359.7 357.7 356.6 355.9 349.6 343.1 336.2 320.5 320.9 320.5 316.6 315.6 315 314.7 314.7 313.8 314.1 316.2 317.4 319.3 321 319.9 316.2 315.6 315.3 307.7 307.7 307.7 307.7 316.6 323.4 324.3 341.7 358.8 338.4 337.1 340.3 346.2 350.8 357 370.2 372.3 375.6 377.4 378.8 380.9 385.2 392.9 401.4 409 422.4 436.4 455.1 472.4 488 501.9 528.7 540 525.3 539.8 550.4 573.2 595.5 631 672.7 712.5 746.5 761.7 755.2 722.8 693.9
397.9 398 395.5 393.9 389.1 378.5 372.7 361.4 356.1 356.1 359.6 360.3 351.8 341.3 321.6 317.5 316.9 316.3 316 315.6 315.1 313.7 311.8 313.4 315.5 314.9 315.6 317.2 320 318.7 318.9 318 313.6 307.7 307.7 307.7 313.6 314.2 318.2 334.6 342.3 336 334.4 336.9 341.7 344.7 350.3 357.7 363.2 366 367.4 368.9 373.2 377.6 384.1 388.7 397.5 406.1 417.3 429.9 444.9 457.4 467.8 485.1 498.6 492.8 495.9 518.9 540 578.1 613.7 656.2 700.8 722.9 733.6 747.7 719.9 691.1
