data/180000-830000.asc
ncols 200
nrows 200
xllcorner 180000
yllcorner 830000
cellsize 50
[rows 148 to 184 of 200, columns 83 to 165 of 200]
288.8 295.8 299.9 294.3 273.1 273.1 273.1 277.4 271.3 268.1 271 270.9 260.6 253.5 249.9 249.2 237.4 228.2 222 217.8 196.2 188.6 188.2 183.4 168.6 160.7 155.4 150.2 142.9 139.4 133.7 129.7 122.6 113 103.2 93.2 85.2 77.4 65.9 56.8 50.3 35.5 26.6 23.6 27.2 27.9 27.8 27 28.3 32 39.3 48.1 54.2 60.2 66.8 70.4 70.1 68.9 67.9 68.5 71.4 75.5 76.3 78.5 78.5 77.2 74.2 69.6 61.5 58.7 52.7 43 39.6 38.6 43.7 52.3 64.6 78.3 85.4 96.3 115.3 126.4 143.3
289.9 299.8 298.9 289.6 276.7 273.1 273.1 277.4 276.7 275.8 275.2 272.1 265.4 258.3 251.5 248.2 239.5 235.1 228.9 225.3 207.4 197.3 195.1 190.7 176.4 168.3 162.5 155.2 148.3 139.9 135 129.3 122.2 113.7 104.4 97.4 88.8 77.8 67.6 59.4 50.3 36 38.9 26.4 29.5 30.3 30.4 30.4 35.8 41.9 49.2 54.4 61 69.5 77.7 77 76.3 75.5 73 75.6 77.9 80 84 86.7 89.9 89.4 88.8 83.3 74.6 65.1 57.5 48.9 49.5 47.7 51.9 58.8 72.2 81.8 95.3 109.6 127.9 143.7 153.7
289.4 295 295.6 289.7 281.9 280.6 277.6 280.2 280.6 281 283.2 281.5 274.1 267.6 261.2 252.9 247.9 245.5 241.6 229.4 213 201.7 200.8 198.2 191.3 180.9 170.6 164.2 157.7 146.7 139.6 134.4 130.1 116.5 108.7 98.8 87.7 80.3 72.3 59.9 57.4 49 39.9 27 33.9 35.9 35.8 35 41.4 48.5 52.2 58.7 66.7 80.4 84.9 84.8 83.5 83.7 77.7 81.9 88.2 87.8 91.6 93.8 95.8 97.3 96.7 95.4 89.3 76.1 67.8 58 58.4 63.3 68.3 66.8 74.3 93.4 108.5 115.5 132.1 151.1 159.9
278.3 276.7 276.1 287.2 283.6 280.8 280.8 279.5 281.8 285.6 288.7 289.2 282.1 276.6 270 261.4 261.8 258.8 249.3 241.4 229.1 216.5 213.7 205.5 196.7 188.1 179 172.3 161 151.9 144.5 137.4 132.1 124.6 110 99.4 90.9 81.2 77.6 70.9 64.6 55 46.7 36.1 29.9 40.6 43.8 43 42.8 48.3 55.9 64.7 71.8 83.2 87.8 87.6 90.4 91 86.1 88.7 92.6 94 101.1 102.1 101.8 102.3 102.3 101.3 98.5 88.7 81.6 74.1 68.7 78.6 84.6 88.5 85.8 94.6 109.6 118.6 135.6 152.2 179.8
270.2 265.5 266.9 273.9 275.4 277.9 280.7 280.7 285.5 289.5 289.8 291.3 288.7 283.2 274.7 266 263.8 260.9 254.9 246.6 233.9 224.5 222.8 213.7 201.5 193.6 185.5 175.2 164.5 154.7 144.9 135.6 127.9 118.7 109.4 99.3 90.2 90.4 87.9 80 70.6 63.9 58.4 47.9 38.8 40.3 49.6 49.3 51.9 54 60 67.8 76.7 86.3 91.1 95.6 96.8 99.1 93.7 94.3 96.8 101.1 106.4 106.3 106.1 104.8 105 104.8 102.9 100.4 94.8 92 83.7 100.5 98.1 104.4 107.9 113.5 114.4 115.7 137.9 155.1 189.7
263.9 260.8 264.7 266.8 262.8 269.6 272.9 273.6 283.9 291 296.7 294.5 289.6 288.8 282.4 275.3 268.4 267.9 263.4 253.9 241.9 231 228 222.1 214 200.6 192 183.3 172.4 159.1 145 135 127.4 119.2 108.8 101.5 100.6 98.2 92.6 86.1 80.9 75.6 68.2 61.1 50.8 44.4 51.1 54.3 57.3 59.9 65.3 72.5 81.6 89.9 98.6 107 109.1 108.5 106.8 105.7 107.4 110.3 112.2 110.7 109.3 107.5 108.8 109.6 109.3 110.9 107.3 104.2 99.6 105.7 108.2 120.4 123.4 131.6 129 117.8 144.1 160.1 188.7
259.6 259.6 259.6 259.6 259.6 259.6 270.9 264.1 269.7 277.3 283.5 288.1 288.5 290.4 299.1 292.4 281.8 280 271.4 261.9 259.5 246.2 237.3 231.1 225.4 214 197.7 187.8 176.8 163.5 150.9 138.1 127.5 119.9 113.3 107.3 103.5 101.3 97.4 93.5 89.7 85.5 78.2 68.4 58.3 51 56.1 60.1 62 65.7 72.2 79.7 87 95.1 103.8 115.4 119.3 117.2 118.1 122 120.4 122.5 119.1 118 114.5 113.3 112.7 112 114.9 117.5 115.8 109.9 111.7 118 126.8 130.4 143.5 144.2 145.6 134.9 147.9 175.5 188.7
259.6 259.6 259.6 259.6 259.6 259.6 259.6 259.6 259.6 266.9 275.1 280 282.1 290.8 296.6 295.1 290.8 289.2 283.6 273.2 263 258 249 243 234.6 222.9 201.2 189.4 180.1 172.1 156.9 140.6 131.5 124.1 117.3 110.6 108.1 105 100.5 99.5 96.5 92.2 88.2 76.6 63.3 53.9 59.6 62.5 65.4 69.2 77.5 85.7 92.5 98.1 109 120.4 125.9 127.4 132.3 131.8 129.8 131.3 128.6 123.7 123.9 123.4 122.4 122.8 123.9 127.7 123.9 123.3 119 134.7 142.6 154 161.4 167.4 172.3 156.4 149.4 172.5 188.4
259.6 259.6 259.6 259.6 259.6 259.6 259.6 259.6 259.6 259.6 260.8 271.5 285.1 290.5 292.9 292.6 294.8 296.2 299.2 292 275.8 263.2 254.4 251.5 240.1 226.9 206.2 192.5 181.6 169.9 155.3 141.6 133.9 125.7 119.3 115.6 113.3 107.6 104.4 101.8 97.8 94.8 90.9 76.7 63.9 58.4 60.6 64.2 69.3 73.4 83.5 91.6 102 107.1 117.1 126.9 134.5 139.9 142.6 138.4 138 137 137.8 138.5 141.6 144.7 144.5 139.2 138.6 135.2 131.3 131.1 131 143.4 158.4 170.8 178.6 181.9 190.1 184.2 156.8 160.5 182.2
259.6 259.6 259.6 259.6 259.6 259.6 259.6 259.6 259.6 259.6 259.6 269.5 280.5 285.4 280.3 285.4 289.1 299.8 299.1 291.1 290.2 273.2 261.3 253.9 245.2 231.2 212.6 196.9 183.9 168.2 155 147.1 135.8 130.2 124.3 121 117.7 111.9 106.6 102.5 98.5 94.9 89.7 82.4 60.4 62.6 66.8 70.2 82.9 86.8 95.8 103.7 113.8 119.2 123.7 132.8 141.1 146.3 149.3 147.1 145.1 143.9 148.7 154.5 162.2 163.3 162.4 157 155.5 150.1 141.1 139 140.2 149.4 164.4 177.5 190.5 200.5 207.2 193.9 184.5 158.8 160.4
259.6 259.6 259.6 259.6 259.6 259.6 259.6 259.6 259.6 259.6 259.6 266.7 278.4 283.2 280.3 285.2 289.9 300.4 294.4 288.1 282.1 279.3 261.8 251.8 240.4 227.1 214.1 197.9 185 173.1 162.2 152.4 143.1 137.6 132.6 128.3 122.6 116.9 110.3 104.5 101 93.7 89.8 73.7 70.6 69.3 78.3 82.8 91.2 99.4 105.9 118.1 125.8 133 135 141.3 149.7 153.8 154.4 151.9 153.9 160.4 167 178.2 192.9 197.1 185.5 182.8 172 165.9 153.3 154.2 152.3 154.9 163.2 178.5 191.7 204.2 213.5 218.7 207.4 197.3 175.4
261.2 259.6 259.6 259.6 259.6 259.6 259.6 259.6 259.6 259.6 275.4 289.3 297.6 310.5 308 303.3 301.4 301.7 290.7 283.1 271.8 271.4 262.6 249.7 232.3 223.3 217.4 198.1 184.2 173.4 167.2 160.5 155.1 148.6 142.4 136.9 129.4 120.1 112.6 102.5 98.7 94.6 91.7 84.6 81.3 74.7 86.7 99.8 106.5 105.8 123.2 127.5 135.8 141 143.4 151 159.4 160.3 155.9 156.5 165.2 173.1 177.4 187.4 203.5 208.9 198.9 191.7 184.5 177.7 171.4 167.8 167.5 166.3 171.7 179.6 191.3 203.5 216.2 228 229.4 223.1 207.7
267.1 267 262.2 260.1 259.6 259.6 259.6 259.6 259.6 268.5 282.3 293.1 299.3 307.4 315.5 323.4 323.8 319.1 304.8 289.3 273 269.3 266.4 259.7 238.7 223.6 209.7 201.9 188.7 178 170.3 170.8 163.5 153.5 145.3 141.3 135.9 128.4 113.4 106.9 106.4 104.4 100.2 92.2 87.3 83.3 91.1 110.3 117.2 116.3 131.1 140.1 143.1 146.5 148 155 161.8 163.6 164.1 166.8 177 183.9 189.3 201.6 213 212 198.3 195.8 190.9 181.8 181.6 178.4 183 182.8 186.9 195.5 198.6 211.7 227.5 233.8 233.6 226.6 207.3
274.6 272.3 271.5 269.4 271.9 272.1 272.1 271 268.9 280 288.1 296.2 302.1 309.5 318.8 321.1 326.6 319.3 305.3 292.5 277.2 264.4 257.2 246.3 233.6 225.6 215.8 195.6 186.2 175.9 167.4 168.9 161.3 147.5 136.5 132.3 126.6 118.7 119.2 116.1 113.8 107.6 105.1 97.6 90 92 93.6 111.5 116.1 126.5 140.3 144.1 147 151.4 154.6 159.7 166.5 169.4 178.4 187.1 194.7 197.8 204.7 216.1 218.3 208.3 203.6 201.1 193.9 191.6 190.7 191.1 193.8 203.3 216.3 213.9 209.2 226.3 238.6 238.7 235.1 226.5 210.5
280.1 275.9 273.5 275 278.5 278.5 278.9 279.7 286.9 293.6 302.2 304 304 306.9 309.6 309.6 308.2 300.8 299.8 290.2 273.9 259.7 252.7 240.5 230.7 220.6 206.5 193.4 183.6 171.3 158.8 153.6 144.7 138.9 137.4 139.1 137.5 132.5 128.7 126.5 120.7 112.3 105.6 99.7 97.4 99.5 97.2 109.9 115.8 128.6 137.6 144.6 148.5 154.5 159.5 162.5 169.2 182 206.5 212.8 217.5 219.2 217.6 218.8 212.1 209.6 210.6 206.9 203.5 204.9 208 213.1 219.5 226.3 231.6 230.5 230.9 227.9 236.5 234.1 229.7 221 213
289.8 285.4 281.2 285.8 293.2 298.3 297 298.1 301.5 306.1 314.1 316.2 312.9 313.3 317 319.5 318.7 311.6 309.8 304.9 284 272.3 265 256.3 238.9 223 210.2 191.2 181.6 172.9 168.9 161 149.1 141.9 139.9 145.7 150.4 144.8 138 134.2 130.7 121.5 109.8 103.3 101.4 106.4 107 109.9 119 128 134.6 143 150.1 158.3 162.5 165.6 173.9 187.3 207.7 216.5 217.5 219.1 220.8 219 212.7 212.6 214.9 211.8 217.1 222.9 236.9 251.8 263.3 261.1 253.3 248.5 239.7 227.4 224.5 228 227 223.4 219.5
309.6 298.4 297.2 297.8 307.9 309.5 306.1 309.9 317.7 327.3 333.5 338.4 336 337.4 335.2 329.5 336.1 341.8 339.2 326.6 311.4 287.3 276 260.1 242.4 227.1 218.7 205.2 193.8 184.2 178.7 167.7 158.6 148.7 147.3 149.2 150.2 150.5 141.8 138.5 130.7 126.7 120.7 109.1 109.3 110.4 109.5 109.1 121.6 127.4 133.3 142.2 150 159.8 164.1 168.2 177.3 192.3 209.4 216.4 219 222.3 223.2 220.2 217.8 217.5 220.3 220.5 231 244.8 266.6 276.7 274.7 273.9 270.5 262.1 249 234.1 218.6 218.7 220.7 219.1 209
334.4 325.7 319 314.4 320.7 323.2 320.8 322.7 328.2 343.8 354.8 369 374.9 365.7 366.1 347.3 349.9 361.9 362 356.7 338.3 318.1 288 268.4 255.1 237.8 224.8 215.1 207.9 193.9 182 172.1 164.9 160 150.1 149.6 150 150.5 144.8 139.7 130 127.4 120.2 113.3 116.7 117.2 116.4 114.5 123.3 128.4 132.2 143.8 151.6 158.1 162.8 167.3 174.6 195.8 211.9 217.7 219.2 229 232.1 231.3 226.5 222.8 226.2 236.3 245.7 267.9 288.4 288 282.7 283.4 274.4 263.4 255.5 243.6 221.3 212.4 212.5 210 201.6
357.6 343.4 340.7 343.2 345.6 354.6 347.1 339 349.5 356 358.9 372.5 384.9 370.6 365.5 359.7 360.1 364.8 368.5 365.5 352.5 326.7 301.8 288.9 275.5 251.8 236.4 224.5 213 202.1 190.2 174 162.8 159.2 155.2 154.2 153.5 151 149.2 141.8 135 130.1 119.9 123.4 123 123.6 128.8 128.9 128.3 132.5 136.8 145.1 151.9 157.1 161.4 166.4 176.1 193.8 208 218.7 229.1 237.8 239.4 238.4 233.4 234.1 245 262 280.2 289.2 293.5 294 293.2 288.3 279.4 271 263.4 245.3 224.7 210.4 203.1 199.8 195.1
377.7 373.2 366.5 358.6 367.3 383.1 379.1 377.1 374.7 368 362.8 372.6 374.2 363.4 359.5 359 369 365.8 368.7 367.7 351.3 326.7 308.9 295.4 284.1 265.1 253.8 236.8 219.3 210.7 198.6 189.9 172.5 167.3 162.4 160.6 156.7 154.1 152 145.6 135.8 128.6 128.3 131.7 129.8 131 134.4 134.1 134.7 136.9 138.9 143.9 149.4 155 157.9 160.6 176.4 196.1 211.9 223.1 238.4 247.1 245.6 241.5 247.4 259.1 281.8 292.3 301.2 306.5 300.4 300.8 300.1 287.8 284.1 282 266.8 245.8 230.7 214.2 204.1 201.3 193.8
394.6 388.7 387 377.7 380.5 391.6 392.2 395.2 396.4 382 377 375.9 374.7 362.9 359.2 361 371.4 369 365.8 363.1 341.2 329.5 320.2 299.3 287.7 274.7 264.8 247.5 232.1 223.7 209.2 198.3 188.8 178.8 171.7 162.2 159.4 155.1 152.4 150.4 143.4 134.6 139.1 141.1 143.3 140.4 139.5 139 138.6 142.4 140.7 144.8 148.7 151.6 154 162.2 180.2 203.2 215.8 222.5 242.3 251.2 253.9 263 279.7 285.5 300.6 311.3 315.5 317.9 310.7 303.9 300.7 294.9 297.7 295.8 283.7 266.3 248.8 224.9 211.8 204.8 200.2
391.5 388.8 379.8 380.2 384 392.8 398.3 401.8 402.6 400.8 396.8 388.8 380.6 369.5 358.3 360.9 371 371.2 369.8 350.7 342.7 333 318.8 296.6 281.5 273.7 260.4 248.6 239.5 227.6 214.7 206.3 201.1 192.7 179.7 163.9 158.8 154.7 150.5 148.9 145.8 142.5 147.1 149.5 150.8 149.7 144.9 142.2 143.7 147.4 144 149 148.9 151.9 157.1 169.8 183.1 204.8 214.6 223.1 244.6 253.1 258.6 277.9 290.9 300.2 307.8 311 313.2 319.3 311.5 307.7 305.4 302.4 301.5 304.5 287.8 268.8 243.9 226.4 212.2 205 198.9
367.1 373.5 374 374.2 378.1 388.7 391.3 404.3 408.3 404.7 405.4 401.7 394.3 381.8 362.2 356.8 356.4 353 350.4 350.8 345.8 328.6 314.2 298.1 285.6 280.3 265.7 254.8 240.3 229.2 219.1 209.3 199.3 192.8 180.7 176.9 162.5 156.4 150.2 144 144 144.9 152.8 155.6 154.8 151.5 148.3 146.5 149.4 150.8 147.7 150.1 149.1 155.1 165.6 180.2 196.8 202.5 211.8 225.2 244.7 255.1 265.7 290.2 298.5 305.7 308.1 309.5 310.5 311.5 309.2 305.1 305.4 302.4 299.1 295.7 281.8 264 239.2 222.5 212.6 204.1 196.6
359.6 360 370.9 368.9 370.5 379.8 385.8 393.4 401.4 408.8 415.8 416.3 407.6 393.9 372.2 365.9 356 351 348.6 345.2 344.5 325.3 314.5 309.9 290.3 274.7 267.1 256.8 243.4 232 225.6 212.4 206.2 202 195.6 186.4 175.8 167.9 155.1 148.7 146.2 149.4 157.2 161 159 155 151 151.2 152.4 154.1 152.3 151.9 155.7 163.4 178 189.4 206.5 208.3 215.7 228 248.2 253.9 277.5 292.7 301.7 305.1 306.5 307.8 308 306.7 303.5 305.1 304.5 301.3 295 285.9 274.4 254.4 233.7 216.1 206 198.3 190.7
360.8 358.6 357.3 359.5 363.3 368.2 377.6 386.8 402.5 413.1 419.9 422.3 416.8 404.6 385 367.3 359 351.7 346.4 338.9 330.2 317.8 309 302.3 295.9 280.5 264.6 254.2 244.7 239.5 232.3 224.9 219.8 207.7 198.2 189.5 183.5 174.5 164.9 161.6 155.5 152.6 156.7 163.1 161.5 159 155.6 156 157.1 157 155.9 159.7 171.6 179.9 188.1 196.3 206.1 208.8 216.3 233.8 246.1 259.2 286.1 297.2 301.7 305.3 305.7 305.4 304.5 301.4 298.2 301 303.5 300 292.2 278.3 263.2 248.3 227 210.3 201.1 193.2 186
358.2 352.8 350.6 356.2 360.2 361.7 368.5 379 399.1 419.7 420.1 428.5 429.8 420.1 402.7 385.3 367.2 355.9 348.7 340.8 326.2 321.2 316.6 302.7 298 285.9 271 260 255.6 248.5 247 240.6 227.1 219 207.1 197.8 194.7 188.9 178.5 175.8 171 170.7 169.5 163.4 168 163 162.5 163 161.9 159.8 161.6 169.6 182.8 191.2 198.4 202.9 204.7 209.2 217 233.3 247 273.3 291.7 299.6 302.4 303.2 303.3 301.5 300.6 297.5 295.3 296.2 294.5 289.7 284.4 272.6 259.7 242 222.6 208.9 197.7 188.8 182.6
346.6 346 349.2 351 355.4 357.1 366.2 388.5 396.3 418 425.5 430.5 437.1 431.2 416 406.2 378.1 366.1 357.2 347.3 330.5 323.2 319.1 303 289.6 282.6 282 278.4 273.7 275.8 266.4 255.7 237.6 231.5 215.8 207 201.6 197 190.6 184.8 179.2 179.4 176.8 167.9 170.7 170.2 170.4 170.4 168.5 163.7 175.4 182.7 192.9 201.2 205.5 205.2 207.5 213.1 229.1 238.7 265.5 288.4 292.2 298.7 301.3 301 299.9 298 296.6 290.2 289.5 291.2 290.6 284.6 277.6 268.1 251.6 232.2 216.2 204 192.7 183.9 179.1
333 338.4 345.7 350.5 351.3 353.4 363.1 392.5 401 419.4 431.6 437.3 441.5 440.9 424.9 409.4 399.3 386.8 367 348.6 333.9 322.4 321.4 310.2 302.5 293.5 285 281.1 288.5 295 277.5 265 246.2 233.7 222 212 204.6 204.2 200.3 190.2 186.3 186.1 181.7 176.2 175.3 175.7 177.6 174.9 169.7 168.4 184.8 188.2 194 200.4 204.9 206.4 210.6 219.5 240.2 257.9 287.7 294.3 298 290.3 295.1 295.5 297.4 295.1 289.4 286.3 288.6 290.2 288 280.7 270.8 262.3 245.2 228.4 212.2 200.9 188.9 179 178.1
321.3 336.3 341.1 344.1 348.7 352.8 359.4 380.9 398.3 414.8 429.6 434.7 441.8 439.3 430.5 414.7 409.2 401.7 373.8 358 346 333 333.9 328 312.6 298.2 289.2 285.1 288.1 298.7 285.6 278.1 262.4 242.5 230.3 215 208.4 204.7 200.7 198.3 196.1 191.2 185 178.8 178.5 178.8 182.5 179 172.3 186.2 191.6 192.9 195.6 198.9 204.6 210.5 220.3 233.3 253.6 280.9 297 293.2 281.7 276.5 279.3 287.6 290.5 286.7 283 280.2 280 281.6 281.7 275.4 263.4 252.1 233.2 220.9 212 197.7 182 178.1 178
318.6 322.6 330.5 339.9 343.9 349.6 353 366.2 389 409.2 431.4 435.6 439.8 431.4 419 417.1 411 401.3 385.1 365.5 357.3 344.2 337 330.4 322.4 314 300.1 292 291 292.6 285.6 276.3 269.5 250.1 230.2 219.9 214.1 207.4 205.9 206.6 204.2 199.5 186.6 178.5 178.1 179 180.9 177.9 180.4 191 192.9 193.2 196.4 200.6 208.2 213.9 226.8 239.3 264.5 286.4 284.6 277.3 270.2 264.4 270.6 278.1 278.7 280.2 276.9 273.4 276.3 276.9 272.8 264.5 252.9 241.7 226.9 214 201.4 186.3 177.4 176.1 177.4
320.4 318.5 323.9 330.2 336.8 341.5 342.2 354.5 374 394.3 424.7 434.5 434.4 428.5 419.5 418 412.9 407.3 395.4 376 364.8 348.4 342.4 339.8 336.8 327.3 316.3 302.3 298.3 307.2 297.8 276.3 268.6 255 237 226.9 219.2 217 215.8 213.7 211.3 203.8 189.6 186.4 189 188.1 183.6 180.4 181.9 194.1 192.5 192.5 196.9 203.2 211.3 219.6 231.3 250.1 266.8 279.3 275.4 263.4 258 258.8 271.6 273.3 273.2 275.8 268.8 269.6 274.9 273.1 262.7 250.8 240.5 228 215 200.6 184.7 177.4 175.9 174.9 175.1
331.4 321.8 320.6 323.9 329.6 332.1 335.3 343.2 363.6 381 406.5 430.8 428.1 429.9 425.3 422.3 414 412 412.1 398.2 380.8 360.3 349.2 349.5 341.8 331.2 323.5 314.5 314.1 312.1 298.1 285.8 277.3 263.2 246.3 238.2 232.7 230.3 225.5 218.9 212.8 204.7 199.2 193.8 200.9 197.3 186 180.5 183.4 190 192.6 192.8 197.2 205.4 215.8 230.5 256.3 261.9 266.5 269.7 263.6 255.5 252.3 256 265 266.7 268.3 263.7 257.9 266.5 268.8 265.2 251.7 237.2 221.4 211.7 200.9 186.4 176.6 176.2 174.8 173.4 175
344.1 330.7 323.8 321.3 325.9 329.7 329.1 335.6 348.3 365 394.3 424.2 420.2 421.5 426.4 431 420.6 414.1 406.4 399.9 389.7 370.6 352.4 347.1 342.2 342.8 335.1 327.1 329.1 314.5 301.1 293.8 277.6 267.2 258.6 249.6 241.2 236.4 229.6 218.6 214.4 210.3 205.8 199.2 200 193.9 186.7 182.3 185 188.8 188.7 192 198.4 207.8 218.7 243.2 261.4 260.4 258.1 260.6 257.8 252.8 247.4 246.1 254.4 258.9 258.5 250.2 246 254.1 252.2 242 238.5 226 210.7 192.3 182.6 178.7 178 176.5 173.9 174.3 176.1
349.1 329.9 325.4 321.1 324 324.7 325.4 329.3 332.7 352.2 381.3 406.2 406.4 416.1 425.7 433.2 431.3 422.1 402.3 391.3 383.2 373.6 360.4 357.1 346.3 343.7 339.2 339.7 341.2 317.9 307.8 296.1 278.6 273.5 264.6 253.9 243.4 236.4 228.7 221.4 214.6 210.8 207.1 202 200.6 192.7 186.7 187.2 190 191.8 194.1 196.8 200.5 208.1 218.1 232.8 256 251.5 251.1 254.6 254.6 247.8 240.7 237.1 239.1 242.8 245.3 238.9 233.2 235.8 237 227.9 220.6 209.2 193.8 183.2 176.8 175.9 175.9 173.3 171.8 176.2 176.2
339.2 329.3 322 321.6 319.8 320.1 321 322 325.5 342.9 365.9 383 398.3 426.1 430.7 429.9 434.5 428.6 402.3 379.6 373.2 373.4 364.7 356.6 349 339 338.2 340.6 345.2 330.2 310.7 297.8 283.8 283.9 273.9 263.6 253.9 240 232.2 221.1 213.8 209 206.1 202.3 200.5 193.1 191.4 192.7 201.9 206.2 205.8 204.4 205.7 211.9 218.9 228.6 241 240.8 242.3 244.5 248.8 240.5 235 230.4 231.8 230 228.4 226.3 220 221.7 218.6 209.7 197.7 187.7 179.3 173.9 173.3 174 172.8 171 172.5 177.1 177.2
336.2 322.2 317.7 316.1 316 319 319.5 321 322.3 333.7 353.1 375.8 397.8 415.9 421.6 423.6 431 432.6 396.7 372.6 363.8 357.9 367.3 353.6 348.2 337.6 335.5 339.7 352.1 336.9 321.2 303.6 302.8 294.6 281 269.6 259.7 248.3 234.7 225.6 220 213.4 207.1 202.2 198.8 196.2 195.7 201.2 207.7 211.2 212.6 211.2 212.9 223.8 228.9 229.9 228.8 231.6 233.2 232.7 236.1 229.4 224.1 220.7 218.7 217.1 215.1 214.5 212.8 208.7 197.7 192 182.7 176.4 172.7 170.8 171.7 172.4 171.7 173.1 174.8 176.3 178.8
321.3 314.3 311.3 309.8 310.9 317 320.5 321.1 322.5 327.3 350 361.3 386 397.7 406.8 414.6 416.7 422.4 390.1 363.7 353.1 347.8 349.5 351.2 337.7 332.8 330 330.4 344.5 342.2 326.2 320.8 310.4 296.2 282.9 270.7 260.7 249.7 239.8 234.9 224.2 212.8 208.7 204.8 200.7 198.6 202.9 210.1 212.1 214.5 216.8 215.9 215.8 220.3 228.6 228.3 228.6 230.8 227.7 224 222 217.1 214.5 212 210.1 206.7 204.9 202.1 199.8 193 186 180.4 174.8 171.3 171.5 170.9 171.6 171.8 172.6 175.6 177 178.5 180
