data/180000-850000.asc
ncols 200
nrows 200
xllcorner 180000
yllcorner 850000
cellsize 50
[rows 117 to 155 of 200, columns 0 to 85 of 200]
20.3 20 16.6 8.3 -2.1 -2.1 -2.1 -2.1 -2.1 -2.1 -2.1 -2.1 -2.1 -2.1 -2.1 -2.1 -2.1 -2.1 -2.1 -2.1 -2.1 27.9 23.7 -2.1 -2.1 -2.1 -2.1 -2.1 -2.1 -2.1 1.2 6.1 10.6 20.3 20.4 20.8 23.1 24.1 25.3 26.6 28.7 33.7 42.7 41.4 36.6 35.3 29.8 24.6 22.6 30.2 22.9 11.2 -2.1 -2.1 -2.1 -2.1 -2.1 -2.1 -2.1 -2.1 -2.1 -2.1 -2.1 -2.1 -2.1 -2.1 -2.1 -2.1 -2.1 9.5 20.4 25.7 30.2 41.6 50.6 50 53.9 58.9 66.9 75.5 69 64.9 66.3 70.2 65.8 60.6
26.2 26.5 22.4 21.4 3.7 -2.1 -2.1 -2.1 -2.1 -2.1 -2.1 -2.1 -2.1 -2.1 -2.1 -2.1 -2.1 -2.1 -2.1 -2.1 -2.1 16.7 22.9 -2.1 -2.1 -2.1 -2.1 -2.1 -2.1 -2.1 3.5 7.7 20.9 20.1 21.1 21 23 23.7 26.5 32.8 40.6 39.5 50.7 44.9 38.8 35.7 30.9 26 24.7 24.1 18.3 12.1 -2.1 -2.1 -2.1 -2.1 -2.1 -2.1 -2.1 -2.1 -2.1 -2.1 -2.1 -2.1 -2.1 -2.1 -2.1 -2.1 -2.1 7.7 21.6 27.1 32.7 41 49.1 54.6 64.2 72.6 68.6 66.7 67.2 70 71.9 65.1 62.5 57.1
28.8 29 31.2 30.3 23.5 -2.1 -2.1 -2.1 -2.1 -2.1 -2.1 -2.1 -2.1 -2.1 -2.1 -2.1 -2.1 -2.1 -2.1 -2.1 -2.1 -1.3 -2.1 -2.1 -2.1 -2.1 -2.1 -2.1 -2.1 -2.1 4 10.2 19.8 21.1 20.9 22.3 23.2 31.4 42.6 43.8 61 54.7 54.9 50.8 44.1 37.4 32.6 37.3 38.1 30.4 20.5 8.5 -2.1 -2.1 -2.1 -2.1 -2.1 -2.1 -2.1 -2.1 -2.1 -2.1 -2.1 -2.1 -2.1 -2.1 -2.1 -2.1 -2.1 9.3 21.3 26.9 36.5 49.7 62.7 68.7 88 81.3 74.4 67.6 67.8 72.7 85.3 74.3 60.6 52
30.6 28.8 30.9 31.1 22.7 23.7 19.9 18 -2.1 -2.1 -2.1 -2.1 -2.1 -2.1 -2.1 -2.1 -2.1 -2.1 -2.1 -2.1 -2.1 -2.1 -2.1 -2.1 -2.1 -2.1 -2.1 -2.1 -2.1 -2.1 4.8 8.6 20.3 20.1 20.9 23.4 27.5 40.7 46.9 59 63.6 74.6 64.8 59.4 49 41.7 45.8 41.6 38.3 33 18.3 -2.1 -2.1 -2.1 -2.1 -2.1 -2.1 -2.1 -2.1 -2.1 -2.1 -2.1 -2.1 -2.1 -2.1 -2.1 -2.1 -2.1 -2.1 12.9 23 29.4 44.8 59.6 71.5 91.7 110.7 87.8 77.4 73.1 68.3 70.7 78.4 76.3 62.8 52.3
39 29.7 29 29.7 31 33.8 31.8 28.4 -2.1 -2.1 -2.1 -2.1 -2.1 -2.1 -2.1 -2.1 -2.1 -2.1 -2.1 -2.1 -2.1 -2.1 -2.1 -2.1 -2.1 -2.1 -2.1 -2.1 -2.1 2.9 5.5 14.9 19.4 19.6 20.2 22.9 33 44.7 49 56.2 75 78.7 67.7 58.9 51.4 56.5 50.8 42.8 26.6 16.7 9.1 -2.1 -2.1 -2.1 -2.1 -2.1 -2.1 -2.1 -2.1 -2.1 -2.1 -2.1 -2.1 -2.1 -2.1 -2.1 -2.1 -2.1 -2.1 16.6 24.6 36.2 51.7 66.9 84.9 107.7 119.3 96.5 90.5 80.5 79.5 71.4 66 67.3 63.4 58.4
45.5 40.4 30.6 28.9 39.9 41.5 41.9 40.2 30 -2.1 -2.1 -2.1 -2.1 -2.1 -2.1 -2.1 -2.1 -2.1 -2.1 -2.1 -2.1 -2.1 -2.1 -2.1 -2.1 -2.1 -2.1 -2.1 1.7 4 8.6 20.1 19.1 19.6 20.2 22.7 29.1 40.5 50.6 59.7 86.5 82.4 76.4 63.9 57.7 58.7 48.6 36.8 27.3 18.9 11.8 -2.1 -2.1 -2.1 -2.1 -2.1 -2.1 -2.1 -2.1 -2.1 -2.1 -2.1 -2.1 -2.1 -2.1 -2.1 -2.1 -2.1 -2.1 16.6 28.6 45.5 59.6 76.6 100.3 109.9 108 106.3 97.1 85.9 82.5 80.8 70 64.5 60.5 57.4
59.2 51.7 44.8 34.1 41.8 45.5 45.5 45.7 37.3 -2.1 -2.1 -2.1 -2.1 -2.1 -2.1 -2.1 -2.1 -2.1 -2.1 -2.1 -2.1 -2.1 -2.1 -2.1 -2.1 -2.1 -2.1 -2.1 4.5 8.4 17.4 20.3 19.1 19.5 20.2 21.7 26.9 42.7 60.3 66.7 86.5 85.5 78.7 68.2 68.7 63 53.4 46.7 40.7 32.7 26.3 15.6 10 -2.1 -2.1 -2.1 -2.1 -2.1 -2.1 -2.1 -2.1 -2.1 -2.1 -2.1 -2.1 -2.1 -2.1 -2.1 1.7 18.7 35.6 54.1 71.5 93.3 113.5 114.1 119.9 122.7 112.2 96.5 86.3 82 77.3 68.5 63.3 60.6
60.7 57.7 55 48 45.7 50.2 49.1 50.4 41.6 9.2 -2.1 -2.1 -2.1 -2.1 -2.1 -2.1 -2.1 -2.1 -2.1 -2.1 -2.1 -2.1 -2.1 -2.1 -2.1 -2.1 -2.1 -2.1 4.7 9 16.2 18.4 18.9 20.8 21.7 23.9 25.4 46 61.4 72.8 85.8 90.9 82.6 78 74.9 69.3 61.4 54.8 50.3 48 44 36.1 29.7 25.2 20.2 18.3 16.3 14.5 10.8 3.5 1.1 -2.1 -2.1 -2.1 -2.1 -2.1 -2.1 -2.1 6.6 21.4 41.3 63.8 83.1 102.3 128.8 133.6 141.3 124.5 115.1 110.8 100.1 95.8 93 79.9 67.9 57.2
64.4 61.1 61.8 61.1 50.1 55.2 56.9 55.7 51.8 22.3 12 -2.1 -2.1 -2.1 -2.1 -2.1 -2.1 -2.1 -2.1 -2.1 -2.1 -2.1 -2.1 -2.1 -2.1 -2.1 -2.1 -2.1 7.9 8 13.8 17.9 20.1 20.9 23.6 25.6 27.3 41.9 62.4 85.8 90.5 90 93.2 90.3 81.1 74.4 70.1 66.3 63.3 58.6 55.3 53.3 47.4 43.5 43.2 42 37.5 32.6 27.8 22.9 16.4 10.5 2.4 -2.1 -2.1 -2.1 -2.1 -2.1 11.7 26.2 44.6 70.7 93.3 108.7 135 144.7 132.7 129.1 124.8 114.7 119.9 115.9 99.8 92.3 80.7 57.3
60.5 61 61.4 64.2 62.7 56.8 58.2 52.4 49.1 36.9 28.5 24 12.4 -2.1 -2.1 -2.1 -2.1 -2.1 -2.1 -2.1 -2.1 -2.1 -2.1 -2.1 -2.1 -2.1 -2.1 -2.1 5.3 6.1 5.8 18.9 21.9 23.3 24.9 26.8 28.9 40 64.4 80.5 93.1 99.6 105.1 89.9 84 82.6 82.9 82.2 80.7 81.5 78.6 75.4 72.8 69.9 69.3 66.8 63.6 58 49.4 42.5 38.6 32.2 21.2 5.6 -2.1 -2.1 -2.1 8.5 22.8 35.3 55 80.5 104.7 124.5 145.9 154.5 141.7 137.1 124.1 128.2 134.4 116.6 102.2 94.1 76 60.6
59.7 60.1 61 60.6 59.5 56.9 62.8 66.7 67.3 63.8 45.4 31.2 18 -2.1 -2.1 -2.1 -2.1 -2.1 -2.1 -2.1 -2.1 -2.1 -2.1 -2.1 -2.1 -2.1 -2.1 -2.1 -2.1 3.4 3.7 16.9 24 26.5 36.8 39.5 44.9 55 72 88.6 104.7 108.4 107.6 104.8 104.4 106.1 107.5 107.2 114 122.8 116.6 106.1 104 106.2 107.4 108 110 107.7 104.5 94.2 78.1 58.3 40.6 28.1 14.1 7.1 10 17.7 32 45.3 62.2 92.2 117.3 140.2 156.2 168.1 163.4 144.7 136.6 144.8 152.3 124.5 102 92.1 77 61.2
59.4 60.1 60.5 61.1 60.6 57.5 60.9 63.9 68.5 65.5 56.2 33.8 16.1 -2.1 -2.1 -2.1 -2.1 -2.1 -2.1 -2.1 -2.1 -2.1 -2.1 -2.1 -2.1 -2.1 -2.1 -2.1 -2.1 -2.1 1.4 6.9 19 39.2 57.4 68.4 73.4 77.7 88.3 102.2 118.8 126.7 125.8 129.4 137.6 147.6 151 156.4 164 167.2 169.6 162.5 151.3 142.1 137.6 146 153.7 157.1 148.1 136.8 127 114.5 84.1 58.9 40 30.9 25.6 26.9 37 55.6 71.2 98.8 125.1 148.3 163.2 171.3 162.6 144.9 153.5 150.9 147.1 120.4 113.5 101.7 86.3 61.8
70.7 70.6 68.7 64 58.9 56.5 54.2 59.4 60.9 59.2 55.2 36 17.5 -2.1 -2.1 -2.1 -2.1 -2.1 -2.1 -2.1 -2.1 -2.1 -2.1 -2.1 -2.1 -2.1 -2.1 -2.1 -2.1 -2.1 -2.1 5 20.6 38.5 60.3 83.3 94.1 103.5 110.9 123.3 142.9 148.4 160.7 177.8 185.8 193.1 210.4 210.5 213.8 213.8 202.8 195.6 182.1 168.5 167.6 187.5 188.8 181.4 170.5 164.7 164.7 151.7 139.8 111.8 87.7 68.4 50.8 42.5 44.3 64.7 84.9 110.4 136.9 155 159.7 159.2 160.8 150.1 154.3 146.4 136.2 127.5 121.2 111.7 95.5 66.2
79.8 78.2 77.1 76 67 51.7 48 47.7 52.2 52.3 43.2 42.3 19.8 -2.1 -2.1 -2.1 -2.1 -2.1 -2.1 -2.1 -2.1 -2.1 -2.1 -2.1 -2.1 -2.1 -2.1 -2.1 -2.1 -2.1 -2.1 -2.1 15.8 37 62.6 94.6 101.3 107.8 125.1 144.9 165.6 178.4 185.9 206.5 232.7 238.9 234.9 242.8 239.8 233.5 228.5 214.5 207.2 207.3 227.9 230.5 228.1 226.4 216.4 207.3 199.8 182.4 166.1 152 136.5 111.3 97.8 82.8 69.9 73.6 96 128.5 152.5 169.2 158.6 160.1 162.1 157.1 152.3 149 141.1 134.7 127.8 117 98.2 75.5
86.6 80.2 79.5 81.2 73.1 53.1 41.6 41 43.5 41.8 34.1 25.7 16.1 11.5 -2.1 -2.1 -2.1 -2.1 -2.1 -2.1 -2.1 -2.1 -2.1 -2.1 -2.1 -2.1 -2.1 -2.1 -2.1 -2.1 -2.1 -2.1 11.1 33.7 61.7 87.5 109.7 113 129 155.2 183.6 196.6 215 244.2 249.2 257.5 259.9 262 261.1 256.7 244.2 244.4 250.6 256.2 256 252 246.2 241.4 240.6 240.2 229.7 222 211.8 192.4 174.1 158.8 130.5 124.6 110.6 92.5 109 139.7 164.5 175.8 173.4 164.7 158.7 159 161.9 168.5 161.6 145.4 129.5 122 105.4 77.6
90.1 88.1 83.9 80.6 68.8 51.9 37.4 35.6 30.1 25.8 31.2 16.7 11.6 7.5 -2.1 -2.1 -2.1 -2.1 -2.1 -2.1 -2.1 -2.1 -2.1 -2.1 -2.1 -2.1 -2.1 -2.1 -2.1 -2.1 -2.1 -2.1 7.8 33.1 59.1 80.5 99.6 112.6 129.2 155.9 186.2 213 251.5 264.2 272.1 279.3 293.2 300.6 299.2 284.3 266.8 278.6 286.3 292.1 298.5 291.8 270.5 263.3 263.1 262.5 257 251.5 247 228.3 209.5 187.1 165.4 162.9 146.6 122.3 118.6 150.3 162.9 170.6 182.6 170.9 161.8 167.1 181 186 169.5 145.4 133.1 121.1 102.5 84.3
89 89.2 87.9 79.5 64.4 56.9 33.5 22.1 15.4 14.6 19 15.9 12.2 6.5 -2.1 -2.1 -2.1 -2.1 -2.1 -2.1 -2.1 -2.1 -2.1 -2.1 -2.1 -2.1 -2.1 -2.1 -2.1 -2.1 -2.1 -2.1 6.3 35.7 57.7 75.4 89.3 110.1 127.4 153 186.3 226.9 269.2 277.2 304.9 341.6 349.9 347.3 338.1 319.6 314.5 313.9 310.8 321.1 331.9 332.7 319.4 300 292 290.5 282.7 272.9 266.3 257.4 244.7 225.5 191.9 187.1 173.7 150.1 133.1 151.6 157.9 169.9 179.5 179.9 185.9 184.7 188.6 189.9 170.9 152.2 143.4 130.9 105.4 90.9
91.1 89.3 86.8 76.3 68 54.7 36 27.1 23.1 20.4 10.4 11.4 15.3 -2.1 -2.1 -2.1 -2.1 -2.1 -2.1 -2.1 -2.1 -2.1 -2.1 -2.1 -2.1 -2.1 -2.1 -2.1 -2.1 -2.1 -2.1 -2.1 -2.1 32.5 62.6 77.9 94.3 104.3 119.6 147.3 182.9 237.9 269.9 295.9 364.3 378.8 378.5 373.4 364.1 359.7 364 368.3 369.1 367.6 365.1 360.6 356.6 350.7 332.2 324.9 309.3 302.8 294.3 289.2 270.2 251.9 231.9 232.1 211.9 175.8 155.8 158.5 162.4 171.1 182.9 199.8 213.2 219.4 205.5 198.3 174 177.9 161.5 137.1 109.8 97
92.4 88.9 87.4 80.8 69.2 57 46.5 37.2 30.8 33.8 23.3 14.3 4.6 -2.1 -2.1 -2.1 -2.1 -2.1 -2.1 7.4 -2.1 -2.1 -2.1 -2.1 -2.1 -2.1 -2.1 -2.1 -2.1 -2.1 -2.1 -2.1 -2.1 22.2 58.3 83 91.1 96.8 109.2 140.7 175.5 232.3 266.7 297 365.4 397.6 409.8 407.9 417 433.5 433.5 428.5 418.9 413.5 414.1 408.5 404.9 398.1 372.2 362.5 346.6 334.8 324.1 319 302.8 269.5 254 249.6 235.6 210.3 180.2 181 193.8 195.5 192 204.9 224.7 225.5 204.8 194.3 188.4 186.4 181.4 153.9 123.4 113.1
97.5 88.9 87.6 81 71.8 63.8 53.6 48.7 41.3 40.5 36.5 26 9.6 7.8 12.7 1.5 -0.5 0.4 7.8 24.8 24.6 -2.1 -2.1 -2.1 -2.1 -2.1 -2.1 -2.1 -2.1 -2.1 -2.1 -2.1 -2.1 5.4 46.8 70.2 78.3 87.3 99 126.2 173.5 206.7 259.3 283.7 342.9 377.9 407.9 419.2 439.3 447.3 447.6 445.2 444.8 445.4 446.9 452.5 459.3 445.8 435.3 432.3 404.1 382.3 362.4 346.8 325.7 298.3 269.9 258 251.8 235.3 213 214.5 212.6 206.8 200 198.4 206.2 214.9 208.9 205.6 206.9 204.8 192.5 164.7 142.9 135.3
95.9 88.6 88.3 82.6 73 66.5 61.8 54.5 48.4 46.4 42 36.7 23.8 17.8 20.4 2.7 2.1 3.1 16.2 31.2 30.8 22.2 8 -2.1 -2.1 -2.1 -2.1 -2.1 -2.1 -2.1 -2.1 -2.1 -2.1 -2.1 33.9 47.4 56.3 68.9 84.6 111.4 160.4 195.1 232 271.1 308.7 356 383.5 414.5 438.9 448.9 451.8 457.5 463.4 474.3 477.3 486.3 491.8 489.4 482.1 472.6 459 445.5 420.6 395.2 365 331.6 300.7 282.2 265 254.8 245.7 232.8 227.7 215.7 213.9 206.7 200.7 209.8 216.8 218.3 219.2 209.7 188.5 165.7 161.5 152
95.4 88.9 89.8 79.2 72.3 69.5 63.3 53.5 49.1 50.9 46.2 41.5 40.5 25.6 19 9.1 13.2 18.9 30.1 29.4 31.4 28.4 27.3 -2.1 -2.1 -2.1 -2.1 -2.1 -2.1 -2.1 -2.1 -2.1 -2.1 -2.1 13.2 30.4 39.4 55 73.8 97.5 150.9 207.1 219.7 252.7 289.6 337 364.3 393.1 426.4 446 453.8 465.1 482.2 489.7 489.2 494.7 498.7 497.7 492.5 485.7 474.3 460.7 448.7 438.5 408.5 377.5 342.5 324.9 324.2 295.6 274 267.2 257.6 245.6 232.6 221.6 214.8 212.5 219.4 220.6 221.2 208 186.8 172.9 172.3 169.1
105.6 93.4 91.9 79.8 75.6 70.9 62.9 56.9 49.7 53.1 53.5 42.2 38.2 31.3 16.6 21.7 25.8 38.3 33.4 30.7 31.9 30.1 30.8 31 -2.1 -2.1 -2.1 -2.1 -2.1 -2.1 -2.1 -2.1 -2.1 -2.1 2.1 19.1 35 46 67.2 89.3 139 215.8 228.1 244.9 272.9 310.1 340.3 369.4 400.8 443.2 456.6 465 483.4 490.5 497 503.7 510.6 508.5 500.7 493 484 474.5 459.3 452.1 443.1 422.1 374.1 377.9 374.3 325.7 313.5 296.5 288.3 273.9 264.7 246.9 233.2 227.5 226.5 229.9 235.9 212.7 192 181.9 179.1 179.1
112.9 99.7 99.8 89 79.7 71.4 59.7 59.1 55.5 51.1 51 47.6 37.6 28.8 28.8 31.8 33 39.8 45 43.2 33.3 29.6 30.9 31.2 26.8 -2.1 -2.1 -2.1 -2.1 -2.1 -2.1 -2.1 -2.1 -2.1 0.1 3.7 36.5 43.6 64.1 84.4 121.2 200.9 237.3 246.5 257.8 281.9 308.8 337.8 382.1 434.5 456.3 459.3 479.8 494 501.2 508.7 513.1 514.3 505.5 498.9 492.4 484.3 474.8 457.7 453.5 444.3 418.2 413.9 394.1 374.1 362.7 340.8 330.6 312.9 291.5 270.3 260.8 254.1 245.1 241.8 249.1 231.6 201.5 188.3 186.8 189.7
116 108.8 106.4 97.8 84 76.7 63 59.7 58.9 50.5 45.3 40.9 30.3 35.3 41.8 40 43.3 47.2 51.4 50.9 40 30.9 29 31.2 29.8 -2.1 -2.1 -2.1 -2.1 -2.1 -2.1 -2.1 -2.1 -2.1 -0.1 2.7 26.6 40.6 62.7 85 115.6 185.4 231.9 243 247.4 263.7 289.8 318.2 370.1 422.7 447.2 457.8 470.7 488.1 499.1 505.2 513.7 519.3 510.2 504.3 495.2 491.7 482.7 464.2 457.2 450.1 437.1 428.3 419.6 407.5 403 384 366.5 343.2 321.4 303.5 284.2 281 277.4 270.6 258.1 250.3 220.2 202.9 199.2 194.7
118.8 120.9 115 106.6 89.7 82.4 71.2 60.8 56.3 49.8 41.7 40.4 49.9 41.9 50.4 53.1 55.8 61.3 59.5 56.2 50.2 43.3 34.1 29 23.4 7.7 -2.1 -2.1 -2.1 -2.1 -2.1 -2.1 -2.1 -2.1 0.4 2.4 23.5 39.9 65.8 91.2 115.1 178.8 216.4 228.9 226.2 243.5 261.9 301.6 351.9 396.5 421.7 451.4 463 478.5 488.6 497.9 507.7 514.7 511.9 511.5 500.9 498.6 499.3 490 475.6 457.4 461.7 460.9 443.8 448.1 446.1 427.5 414.6 390.3 367.2 350.4 333.2 319.1 306.9 299.4 293.7 279 240.9 222.4 213.7 210.2
120.7 120.7 118.3 112.8 95.6 84 71.6 62.5 54.4 57.5 51.5 46.9 50.2 52.4 53.3 64.2 64.2 66.1 64.6 61.2 60.8 60.8 44.7 30.6 18.5 14.3 -2.1 -2.1 -2.1 -2.1 -2.1 -2.1 -2.1 -0.8 0.7 2.4 21.4 38 61 89.1 111.5 146.9 197.2 206.1 200.2 219.1 245 291.1 333.4 389.4 412.8 428.2 451.9 465.2 476 484.3 491.8 499 512.6 522.1 518.5 509.6 507.5 502.2 484.9 475.7 474 472 465.8 464.4 461.8 458.7 449.9 430.1 412.7 394.2 380 368 360.6 337.9 317.2 292 256.4 226.9 217.9 209.1
130.3 126 121.3 114.1 100.7 80.8 76.1 71.5 61.7 74.4 68.6 60.2 61.7 70.2 66.4 70.9 75.9 76.5 72 67.7 70.9 70.8 58.2 38.2 22 17.1 13.4 -2.1 -2.1 -2.1 -2.1 -2.1 -0.8 0.1 1.1 2.5 19.9 36.4 54.2 69.5 94.3 128.8 180.3 190.9 184.8 204.2 225.2 281.4 325.3 371 397.2 417.1 436.5 456.9 465.9 471.9 479.7 484 506.2 526.6 527.8 513.8 508.1 503.3 490.3 484.6 480.3 476.2 475.8 483.9 480 474.9 473.5 465.8 453.5 450.3 444.6 439 410.4 376.4 334.5 298.1 259.2 233.3 220.5 196.4
130.4 128.1 124 115.8 104.2 86.8 88.8 86.9 79.8 69.7 69.1 59.9 67.4 74.4 76.4 81.7 80.8 81.6 79.7 73.6 69.8 72.7 66 43.6 27.1 26.2 15.3 -2.1 -2.1 -2.1 -2.1 -0.6 0.4 1 1.8 4.2 19.9 35 46.3 59.9 78.3 111.4 154.4 163.7 166.1 185.9 212.2 269 300.6 345.1 373.9 402.7 422.7 435.8 450 461 471.5 481.8 504.3 518.5 522.8 518.2 510.2 501.3 489.6 489.1 489.2 489.3 480.6 487.5 491.2 488.2 484.7 479.2 474 464.4 454.3 444.1 430.2 396.1 346.7 300.5 273.8 245.3 220.2 198.2
129.9 124.9 120.7 113.2 103.9 96.6 93.4 98.7 87.6 77.8 69.3 68 70.1 79.1 79.5 87.1 91 88.5 89.1 83.1 78.1 75.1 64.7 46 36.6 32.7 20.1 7 0.7 -2.1 -2.1 0.2 1.6 2.2 2.7 8.6 19.7 31.7 37 56.3 70.1 92.7 114.5 128.9 148.8 173.5 192.6 249.2 282.2 319.6 352.8 390.7 406 421.5 431.2 448.1 457.5 470.2 489 510.1 515.8 514.5 515.1 504.3 496.1 495.3 500 498.6 490.9 492.9 491.1 491.1 488.4 485.6 480.8 469 458.4 446.1 429.9 397.9 343.1 300.8 282.5 255 225.6 200.6
129.3 124.3 119.6 108.6 110.1 110 100.8 102.7 97.3 82.8 72.3 76.6 79.2 81 82.4 90.1 92.2 97.7 95.7 91.1 83.6 79.8 66.5 61.2 52.4 45.4 35.1 7.2 0.4 -2.1 -0.5 1.3 2.7 2.7 2.7 8.9 21.9 22.3 26.2 45.5 70.8 81.5 91.8 112.5 131.9 158.4 179.7 212.2 254.1 288.6 328.4 363.3 385.7 397.7 418.9 431.7 443.6 459.5 477.3 502.3 507.4 509.5 508.8 505.2 501.9 496.7 497.8 497.8 491.3 491.2 492.9 492.3 489.4 486.6 481.4 471.7 458.7 447.8 426.8 388.1 340.8 306 285.8 256.8 230.4 211
131.7 127.6 127.2 130.9 118.7 114.6 108.8 100.3 94.9 88.9 78.5 84.3 88.4 82.9 87.3 90 91.5 95.2 98.1 95 91.1 85.4 70.6 67.9 64.3 50.6 47.2 24.7 1.8 -0.3 1 2.7 6.4 7.3 5.2 2.7 12.9 16.9 17.9 28.5 53.6 71.8 78.2 90.7 112.6 140.2 168.4 202.2 239.8 266.3 292.5 318.6 353.7 379.7 405.5 421.2 429.8 447 467.2 489.9 498.7 500 503.3 501.1 500 501.6 498.8 491.2 491.5 491.2 491.2 491.2 491 494 489.2 477.6 461.3 449.1 420.6 378.5 339.3 314.1 292 266.9 237.3 216.5
128.9 128.7 134.7 140.9 130 123.2 115.5 97.8 92.9 90.6 89.4 93.4 91.8 88.4 90.9 97.6 97.9 94.8 95.4 97.6 99 92 76.5 73.5 71.1 57.8 53.1 46 11.3 2.7 2.7 6.7 13.9 14.1 19.7 16.8 3.9 12.4 8.4 16.7 29.3 52.2 68 75.7 96 121 152.9 199.6 235.9 255.2 280.4 315.5 350.6 366.8 386.8 400.3 414.7 425.7 450.2 473.9 485.7 490.3 495.6 494.8 500.3 502.2 501.1 491.2 491.2 491.2 491.2 491.2 494.2 496.7 493.6 479.3 458.2 439.6 410.7 371.4 338.4 317.8 297.9 269 240.8 218.6
132.1 130.8 141.2 141.3 137.3 129.8 119.7 101.2 101.4 97.1 101.9 104.2 99.4 92.4 97.4 103.9 105.6 100.1 95.3 99.7 99.2 89.2 82.5 81.2 75.6 68.4 54.7 48.4 35.2 2.7 2.7 13.9 19.3 19.2 20.6 20.7 18.3 5.5 9.6 8.9 11.8 34.5 55.1 69.5 75.1 99.6 135.5 176.6 224.1 239.8 262.8 303.7 339.1 349.8 365.4 379.5 398.6 410.1 438 457.8 472.5 486.1 487.6 487.7 499 505.9 512.6 507.3 491.9 491.2 491.2 492.1 492 491.4 486.4 467.3 450.6 427.4 398.8 361.5 339.9 319.9 299.4 270.9 245 224.9
148.7 137.7 140.1 140.7 140.2 131.8 117.7 113.5 118.6 115.1 110 110.7 107 99.4 106.9 111.3 110.1 109.9 94.9 93.8 91.8 83.8 89 86.9 77.9 72.7 62.7 51.8 37.9 2.7 3 12.5 23.8 21 20.9 22.2 22.6 20.1 12.3 11.4 10.6 21.8 35.3 65.4 70.5 81.3 112.3 134.2 187.6 215.9 235.9 273.9 301.6 321.6 337.9 364.1 387.8 399.4 421.6 441.4 455.3 466.9 475.8 481.8 491.2 504.1 528.9 527.7 519.2 506.9 507.1 506 502.2 491.7 484.3 455.7 433.3 410 382.8 359.9 338.9 319 297.1 273.3 248.5 227.7
160 147.5 144.6 142.8 144.3 138.9 139.6 129 127.9 122.9 115.6 110.5 109.7 108.8 112.4 115.9 114.7 112.2 102.5 89.8 89 90.4 88.8 86.5 81 74.7 66.8 53.2 36.9 11.4 5.7 10.6 20.4 22.4 23.3 24.2 26.4 27.9 24.1 13.3 11.5 16.4 23 46.2 64.6 69 85.1 113.4 132.4 163.1 207.3 234.8 265.7 292.4 317.1 350 371.1 393.4 405.7 424.4 436 447.8 456.7 473.7 482.6 507.3 527.9 531 527.8 521.8 515.2 511.6 508.1 496.4 484.3 462.5 432.4 404.5 384.1 363 340 317.5 295.7 274.5 251.6 229.2
167.7 158.2 148.9 148.5 155.8 155.3 148.9 137.8 131 128.7 119.3 114.1 116 119.6 118.6 120.7 118.4 116.1 108.3 94.2 89 99.8 92.2 90.4 84.6 76.4 70 59.6 36 25.5 16.7 11.6 20.4 22.3 28.8 27.2 26.8 30.9 31.2 28.1 17.6 18 20.6 29.5 50.3 59.1 66.8 87.9 110.8 135.6 176.9 205.4 238.7 260.2 289.3 322.4 346.8 369.5 392 407.7 424.5 436.4 445 460 473.5 500 518.6 525.7 529.5 526.6 518.2 510.6 508.7 507.6 488.4 458.4 426.4 401.7 382.9 364.6 340.2 316.1 295.7 278.7 258 238
179.6 160.8 148.4 156 165 162.7 150.6 139.3 133.1 128.4 128.6 123.7 120.9 139.7 134.7 127.1 121.2 118.4 112.4 95.1 94 100.5 98 93.2 88.4 80.6 73.8 65.9 45.7 40.6 25.9 17.8 20.6 23.8 26.9 30.8 27.8 30.2 31.3 32.7 25.5 18.7 19.4 26.4 35.6 46.9 56.4 70.7 88.9 117.7 148.9 188.1 211.9 232.3 259.8 291 316.5 344.2 370.3 393.8 409.2 424.6 431.8 448.3 466.2 478.8 500.4 518.7 523.7 522.5 519.5 516.6 510 507.5 490.2 452.9 418.5 396.6 378.5 358.6 338.8 319.7 301.3 281.3 257.9 238.9
181.6 168.7 158 168.9 169.6 166.7 155.7 150.5 137.8 136.1 132.3 126.9 129 141.6 142.3 133.8 126.9 120 113.1 102 98.4 100.5 100.7 97 92.4 90 77.8 68.7 50.9 50.7 30.8 22.9 22.6 23.9 28.3 29.4 28.6 36.7 40 40.2 35.9 25.9 18.9 22.7 30.5 36.3 47.9 66.5 79.4 110.8 136.2 164.8 189 211.7 250 270.4 295.9 321.9 348.4 377.2 393.4 408.3 417.2 435.8 452.9 465.4 477.3 501.2 516.5 518.3 521.1 519.8 516.7 508.7 489.3 449.5 412.7 392.6 374.4 357.4 339.6 320.6 302.9 282.6 257.9 243.5
