data/180000-680000.asc
ncols 200
nrows 200
xllcorner 180000
yllcorner 680000
cellsize 50
[rows 74 to 110 of 200, columns 83 to 165 of 200]
159.4 152.8 146.1 139.9 134.4 127.5 122.1 116.4 108.8 99.2 90.2 79.1 71.5 66.1 57.3 50 40.1 34.2 28.1 23.9 19.1 13.9 9.6 -1.3 -1.3 -1.3 -1.3 -1.3 -1.3 -1.3 -1.3 -1.3 -1.3 -1.3 -1.3 -1.3 -1.3 -1.3 -1.3 -1.3 -1.3 -0.8 -0.3 0.3 0.9 1.5 2 5.4 9.2 9.7 12.2 15.3 18.4 21.4 25 28.5 30.5 34.5 37.1 39.8 42.1 44 45.1 50.3 51.9 59 60.1 59.3 61.3 64.2 69 72.7 75.3 76.7 76.1 75.2 75.1 75.1 78.3 81.9 85.5 80.1 71.9
160.1 153.3 146.6 140.6 135 128 122.8 118.6 106.9 98.5 90.2 80.1 72.9 65.3 56.7 46.5 40.4 33.9 27.6 23.1 18 12.9 6.2 -1.3 -1.3 -1.3 -1.3 -1.3 -1.3 -1.3 -1.3 -1.3 -1.3 -1.3 -1.3 -1.3 -1.3 -1.3 -1.3 -1.3 -1.3 -0.8 -0.2 0.4 0.9 1.5 2.9 5.8 8.5 10.4 10.7 12.9 15.9 18.8 21.9 25.3 28.7 32.4 36.2 39.9 39.5 41 39.7 45.2 54.2 59.6 56.7 55.6 59.9 64.3 69.3 70.7 72 73.2 73 72.1 71.4 71.3 73 72.8 70.7 66.3 64.6
163.9 160.4 160.5 156.9 143 129.2 123.2 116.1 106.6 99.3 92.5 80.8 74 62.8 54.4 45.7 40.1 34.3 26.7 21.6 16.6 10.1 3.5 -1.3 -1.3 -1.3 -1.3 -1.3 -1.3 -1.3 -1.3 -1.3 -1.3 -1.3 -1.3 -1.3 -1.3 -1.3 -1.3 -1.3 -1.3 -0.8 -0.2 0.3 0.9 1.5 3 5.5 7.9 9.7 11.2 13.2 15.8 18.7 21.5 24.5 28.3 33 36.8 43.6 46 38.8 39.1 42.5 49.2 50.2 49.9 54.1 59.4 62.4 65.5 68.3 68.9 69.6 70.3 69.1 69.1 69.1 68.9 65.5 63.6 58.6 57.7
171.9 175.9 173.7 164.1 151.4 135.6 124.4 116.5 110.6 100.7 92.2 81.8 71.6 61.5 54.6 45.9 39 31.5 25.6 20.2 14.1 7.5 1 -1.3 -1.3 -1.3 -1.3 -1.3 -1.3 -1.3 -1.3 -1.3 -1.3 -1.3 -1.3 -1.3 -1.3 -1.3 -1.3 -1.3 -1.3 -0.8 -0.3 0.3 0.8 1.4 2.3 4.2 6.2 8.5 11 13.4 15.8 18.1 21.1 25.8 29.9 34.9 41.8 52.3 50.6 38.2 40.3 41.3 44 46.9 48.7 53.8 58.8 59.8 60.3 61 62.4 64.4 67.4 69.6 71 73.7 70.6 60.2 55.6 50.9 52.8
180 179.5 179.5 174.8 153.4 141.8 127.3 120.3 111.6 100.4 88.6 79.3 70.8 63.2 53.8 46 38.6 29.2 23.7 17.9 11.6 5.2 0.6 -1.3 -1.3 -1.3 -1.3 -1.3 -1.3 -1.3 -1.3 -1.3 -1.3 -1.3 -1.3 -1.3 -1.3 -1.3 -1.3 -1.3 -1.3 -0.9 -0.4 0.2 0.7 1.3 1.9 4.1 6.4 8.9 11.7 14.8 17.4 19.8 24.4 29.5 32.3 37.7 42.5 51 42.4 38 38.8 39.7 40.7 44.1 48 54.8 63.4 66.1 62.7 60.3 60.6 63.6 66.1 69.5 71 70.2 63.9 52.3 47.4 47.9 52.5
186.8 189.1 190.7 178.9 156.4 141.6 131.1 123.9 107 96.9 89.2 79.9 70.6 61.9 52 43.6 34.6 27.1 21.7 15.4 9.1 2.7 -1.3 -1.3 -1.3 -1.3 -1.3 -1.3 -1.3 -1.3 -1.3 -1.3 -1.3 -1.3 -1.3 -1.3 -1.3 -1.3 -1.3 -1.3 -1.3 -1 -0.4 0.1 0.7 1.3 1.7 3.8 6 9.1 12 15.2 18.5 22.4 27.4 30.7 31.8 36.1 38.7 39.2 38.5 38 38.5 39.8 41.9 47.5 51.8 62.7 70.7 71 67.7 61 60.5 62.6 63.2 67.6 69 62.8 55.8 47.6 43.9 45.9 49.9
194.8 199.7 196.5 179.3 156.2 144.7 133.5 120.7 106.2 97.7 89.4 79.6 70.1 60 50.5 43 32.7 25.2 19.1 13.2 7.3 1.6 -1.3 -1.3 -1.3 -1.3 -1.3 -1.3 -1.3 -1.3 -1.3 -1.3 -1.3 -1.3 -1.3 -1.3 -1.3 -1.3 -1.3 -1.3 -1.3 -1.3 -0.7 -0.1 0.6 1.2 1.7 4.9 8.2 10.7 13.8 16.9 20.1 25.1 29.5 30.5 31 33.5 36.2 34.5 37 38.3 39.7 41.4 47.1 51.9 56.7 64.3 69.8 69.4 66.9 62.2 61.2 60.9 60.3 63.2 62.9 54.2 51.6 43.8 40.2 45.5 52.5
202.9 198.9 187.2 169.9 159.7 147.1 130.3 116.4 105.2 98.3 88.5 80.1 70.2 59.2 45.6 39 33.6 24.6 17.8 11.8 5.9 1 -1.3 -1.3 -1.3 -1.3 -1.3 -1.3 -1.3 -1.3 -1.3 -1.3 -1.3 -1.3 -1.3 -1.3 -1.3 -1.3 -1.3 -1.3 -1.3 -1.3 -0.8 -0.1 0.5 1.2 2.5 6.6 9.8 11.5 14.7 18 21.5 26.5 30.5 29.6 31.2 32.9 32.7 31.6 34 36.5 40.7 47 52.5 56.8 59.7 61.2 62.7 63.2 62.3 60.9 59.9 59.1 56.7 55.4 52.9 43.1 42.5 39 39.5 48.8 53.4
199.6 191.7 182.3 171.5 158.7 143.7 125.9 115.4 105.5 97.8 88.8 80.5 69.1 56.6 47.9 37.8 31.2 23 16.5 10.5 3.9 -1.3 -1.3 -1.3 -1.3 -1.3 -1.3 -1.3 -1.3 -1.3 -1.3 -1.3 -1.3 -1.3 -1.3 -1.3 -1.3 -1.3 -1.3 -1.3 -1.3 -1.3 -0.8 0 0.7 1.4 8.7 10.2 10.4 11.9 14.4 17.7 21.7 26.2 30.6 30.2 30.4 31.1 30.6 30.7 33.4 37.6 42.9 49.8 56.9 60.5 60.9 59.5 59.3 60.8 59.8 56.4 55.5 53.4 51.2 51.6 46.7 39.8 38.3 38.6 42.1 49.2 54.7
198 191.3 181.4 170.4 157.2 138.7 126.7 118.1 109.1 98 89.7 77.2 65.1 57.8 48.8 39.6 29.2 21.7 15.7 10.3 3.8 -1.3 -1.3 -1.3 -1.3 -1.3 -1.3 -1.3 -1.3 -1.3 -1.3 -1.3 -1.3 -1.3 -1.3 -1.3 -1.3 -1.3 -1.3 -1.3 -1.3 -1.3 -0.8 0.1 0.9 1.7 6.8 10.4 9.8 12.2 14.5 17.2 21.6 26 28 29.3 29.5 29.6 29.9 30.8 35.8 40 44.7 50.6 56.1 59.7 59.6 59.4 60.1 60.1 57.5 50.9 51.2 51.1 51 50 46.8 40.3 39 38.9 41.8 50.7 56.6
199.8 191.3 179.5 168.2 154 137.8 128.7 120.8 112.4 98.5 87.6 75.8 67.2 57.6 48.3 39.9 28.9 21.6 15.8 10.3 4.8 -1.3 -1.3 -1.3 -1.3 -1.3 -1.3 -1.3 -1.3 -1.3 -1.3 -1.3 -1.3 -1.3 -1.3 -1.3 -1.3 -1.3 -1.3 -1.3 -1.3 -1.3 -0.8 0.1 1 2.4 6.3 9.4 9.1 11.4 14.5 17.2 19.7 22.8 24.6 26.4 27.6 28.7 29.1 31.8 37.2 41.4 44.8 49.5 51.7 52.6 52.6 60.3 60.9 59.4 50.3 49.3 51 51 51 50.9 47 41.1 39.3 39.1 43.7 50.7 56.2
199.7 187.3 174.4 162.9 146.5 138.3 129.9 120.6 107.6 95.8 84.3 74.8 67.7 60.1 53 42.2 33.2 23.8 16.6 11 5 -1.3 -1.3 -1.3 -1.3 -1.3 -1.3 -1.3 -1.3 -1.3 -1.3 -1.3 -1.3 -1.3 -1.3 -1.3 -1.3 -1.3 -1.3 -1.3 -1.3 -1.3 -0.8 0.1 1 2.5 6.1 9.3 9.2 11.2 14.9 17.4 19.5 21.2 23.3 24.6 26 27.4 29.5 32.4 38 41.6 45.1 47.5 48.4 49.1 49.7 62.2 61.1 51.6 49.1 49.5 50.9 50.9 50.9 48.9 43.7 40.4 39.1 41 45.8 51.2 55.6
197.4 182.5 169.6 158.2 147.9 138.2 129.9 122.5 108 94.1 84 76.3 68.8 62.8 52.5 41 32.6 25.1 17.4 11 4.7 2.2 -1.3 -1.3 -1.3 -1.3 -1.3 -1.3 -1.3 -1.3 -1.3 -1.3 -1.3 -1.3 -1.3 -1.3 -1.3 -1.3 -1.3 -1.3 -1.3 -1.3 -0.8 0.1 1 1.7 6.7 9.2 9.5 11.7 15.3 17.5 19.7 20.2 21.5 22.9 24.2 25.6 28.3 31.6 38.4 41.9 44.8 45.9 46.4 49 51.5 61.1 52.8 48.7 49.2 50.9 50.9 50.9 49.9 43.5 40 39.5 39.1 39.4 43.4 49.7 51.4
192.3 179.2 167.5 158.6 148.5 140.4 131.4 122.3 107.6 94.5 86.2 78.7 70.7 60.9 50.7 40.8 33.5 27.7 19.7 13.6 6.8 2.2 -1.3 -1.3 -1.3 -1.3 -1.3 -1.3 -1.3 -1.3 -1.3 -1.3 -1.3 -1.3 -1.3 -1.3 -1.3 -1.3 -1.3 -1.3 -1.3 -1.3 -0.8 0.1 1 2.8 7 8.9 10.1 13.9 16.9 17.6 19.9 19.7 19.8 21.2 22.5 23.8 27.7 31.1 37.5 41.7 43.8 44 44.2 46.4 48.7 49.7 43.1 44.3 49.9 50.8 51.1 50.9 47.7 40.1 39.1 39.1 39.1 39.1 41.1 43 44.4
187.1 173.1 165.7 157.6 156 143.5 132 122.5 107.4 96 88.1 81.4 72.8 63.1 53.5 45.9 37.8 29.5 22.1 15.6 9 3.8 -1.3 -1.3 -1.3 -1.3 -1.3 -1.3 -1.3 -1.3 -1.3 -1.3 -1.3 -1.3 -1.3 -1.3 -1.3 -1.3 -1.3 -1.3 -1.3 -1.3 -0.7 0.1 0.9 2 4.4 6.9 9.1 12.6 19.4 19.4 20.7 18.1 18.8 20.5 20.5 22.3 26.8 30.8 36.1 40.2 41.8 40.9 41.4 42.3 40.9 38.9 39.6 43.7 50.1 50.9 50.9 50 42.4 39.1 39.1 39.1 39.1 39.1 39.2 39.8 38.9
182.1 170.8 168.1 163.4 155 145.1 133.3 123.4 107.1 96.8 90.1 83.6 72.9 63.4 54 46.4 39.6 31.2 22.8 14.6 10.5 4.3 -1.3 -1.3 -1.3 -1.3 -1.3 -1.3 -1.3 -1.3 -1.3 -1.3 -1.3 -1.3 -1.3 -1.3 -1.3 -1.3 -1.3 -1.3 -1.3 -1.3 -1.3 -0.6 0.2 1.6 4.1 6.7 9.1 14.7 20.5 20.8 20.4 19.6 18.7 19.5 19.6 21.2 25.1 29 34 39.9 40.8 40.8 39.4 39.1 39.1 39.5 42 46.7 50.3 49.4 47.7 42.9 39.5 39.2 39.3 39.1 39.1 39.1 37.1 39.1 35
178.4 172.7 172.3 163.1 153 143.6 132.1 120.5 107.6 100.7 95 85.3 70.4 62.1 53.4 44.5 36.9 26.8 19.4 14.1 9.5 7.8 4 -1.3 -1.3 -1.3 -1.3 -1.3 -1.3 -1.3 -1.3 -1.3 -1.3 -1.3 -1.3 -1.3 -1.3 -1.3 -1.3 -1.3 -1.3 -1.3 -1.3 -1.3 -0.2 1.4 4.2 6.8 9.5 15.7 19.5 16.4 18.1 17.5 16.7 17.9 18.6 20.6 24.2 27.7 31.8 38.4 40.3 40.2 39.2 39.1 39.1 40.3 47.2 50.1 48.7 46.2 42.4 38.9 38.7 39.2 39.5 39.7 39.7 36.1 34.4 34.5 30.6
176.3 175.8 171.6 162.6 151.9 140.6 130 118.2 110.7 105.1 98.2 84.4 71.1 62.6 54.1 45.7 31 26.1 20.6 19 10.8 7.2 3.9 -1.3 -1.3 -1.3 -1.3 -1.3 -1.3 -1.3 -1.3 -1.3 -1.3 -1.3 -1.3 -1.3 -1.3 -1.3 -1.3 -1.3 -1.3 -1.3 -1.3 -1.3 -1.3 1.1 3.9 7.4 11 11.9 15.2 10.7 14.6 13.9 14.8 16.1 17.4 20.8 24.8 28.6 31 35.7 37.5 39.1 39.5 39.3 39.1 41.4 49 49.9 45.4 41 38 33.2 31.1 40 40.6 41.3 43.7 41.7 36.6 31 29
178.9 175.3 167.6 158.4 148.6 136.5 127.7 119.5 111.5 105.7 95.8 83.1 69.7 62 54 45.8 32.3 27 20.9 18.7 10.2 6.6 4.4 -1.3 -1.3 -1.3 -1.3 -1.3 -1.3 -1.3 -1.3 -1.3 -1.3 -1.3 -1.3 -1.3 -1.3 -1.3 -1.3 -1.3 -1.3 -1.3 -1.3 -1.3 -1.3 0.8 3.2 6.1 9.1 9.5 9.8 10.1 11.6 11.8 12.8 14.1 17.4 20.4 24.4 28.4 31.3 33 34.8 36.6 38.3 39.9 39.4 40.6 45.2 43.8 40.1 37.8 31.4 29.4 31.3 38 40.5 41 40.7 40.4 34.7 29.9 28.9
177 173.1 167 157.2 144.1 132 126 119.7 111.6 103.4 93.3 78.2 70.4 63.6 53.5 47.4 37.2 25.3 19.2 13.5 8.2 5.1 2.1 -1.3 -1.3 -1.3 -1.3 -1.3 -1.3 -1.3 -1.3 -1.3 -1.3 -1.3 -1.3 -1.3 -1.3 -1.3 -1.3 -1.3 -1.3 -1.3 -1.3 -1.3 -1.3 0.6 2.4 5.4 9.7 7.1 7.3 8.6 10.7 10.2 11 14.4 17.8 20 24 27.6 30.5 31.2 32.8 34.5 35.6 36 38.7 41.1 41.1 37.7 34.2 31 28.4 30.6 32.4 36.1 38.8 40.1 37.8 33 29.1 26 27.4
176 170.6 162.5 152.5 140.2 133.7 125.8 118.1 110.9 102 92.5 80.9 72.4 63.5 53.9 45.3 31.9 23.4 16.7 12.5 9 5.9 1.7 -1.3 -1.3 -1.3 -1.3 -1.3 -1.3 -1.3 -1.3 -1.3 -1.3 -1.3 -1.3 -1.3 -1.3 -1.3 -1.3 -1.3 -1.3 -1.3 -1.3 -1.3 -1.3 -0.1 1.3 5.3 8.7 4.7 5 7.2 9.4 10 10.1 14 17.8 20.6 22.3 25.2 28.1 30.9 31.1 31.4 31.7 32.1 36.2 38.3 34.5 32.5 30.4 27.7 27.5 29.8 31.6 33.4 34.7 34.5 30.7 28.8 28.1 27.2 29.1
173.5 165.2 157 148.2 140.6 134.2 126.8 120.1 112.2 102.1 92.3 80.7 72.6 61.1 50.4 37.6 30.5 22.5 14.6 10.8 6.1 2.7 -1.3 -1.3 -1.3 -1.3 -1.3 -1.3 -1.3 -1.3 -1.3 -1.3 -1.3 -1.3 -1.3 -1.3 -1.3 -1.3 -1.3 -1.3 -1.3 -1.3 -1.3 -1.3 -1.3 -1.3 1.2 1.7 1.7 2.1 3.1 5.8 8.1 8.7 9.3 12 15.7 18.9 20.6 22.7 25.7 28.7 29.2 27.8 28.3 28.5 27.6 28.7 28.5 27.9 27.2 25 26.6 28.8 29.8 30.8 30.7 28.9 25.8 26.6 28.6 29.7 29.7
169.5 161.5 153.2 146.6 140.7 132.7 124.5 118.8 110.9 101.5 91.3 81.2 67.8 55.8 45.2 35.2 28.9 19.2 10.5 6.3 1.8 -1.3 -1.3 -1.3 -1.3 -1.3 -1.3 -1.3 -1.3 -1.3 -1.3 -1.3 -1.3 -1.3 -1.3 -1.3 -1.3 -1.3 -1.3 -1.3 -1.3 -1.3 -1.3 -1.3 -1.3 -1.3 1.7 1.7 1.7 1.7 1.7 4.5 6.9 8.9 10.6 11.6 15.8 19.6 19.3 21 23.3 25 25 23.5 25.1 24.2 23.3 24.5 23.8 23.2 22.8 23.5 25.5 27.6 28.8 27.1 26 23.3 23.8 27.1 30 30.2 30.4
165.5 157.8 151.1 144.8 136.9 129.6 124.9 119.3 112.7 101.7 92.3 79.5 65.4 55.4 45.9 35.1 24.7 13.8 5.7 1.5 -1.3 -1.3 -1.3 -1.3 -1.3 -1.3 -1.3 -1.3 -1.3 -1.3 -1.3 -1.3 -1.3 -1.3 -1.3 -1.3 -1.3 -1.3 -1.3 -1.3 -1.3 -1.3 -1.3 -1.3 -1.3 -1.3 1 1.1 1.7 1.7 1.7 3.5 5.5 7.6 9.6 12.1 14.7 17.1 18.7 19 19.5 20.3 20.5 19.4 19.4 20.5 20.1 19.8 19.5 19.3 19.1 20.8 25 29 29.6 27.2 20.8 21.4 24.1 28 31 31.2 30.6
160.9 153.5 149 142.4 135.9 131 125.3 120.3 111 100.3 89.2 73.2 62 53.7 44.8 33.6 24.9 13.6 2.3 -1.3 -1.3 -1.3 -1.3 -1.3 -1.3 -1.3 -1.3 -1.3 -1.3 -1.3 -1.3 -1.3 -1.3 -1.3 -1.3 -1.3 -1.3 -1.3 -1.3 -1.3 -1.3 -1.3 -1.3 -1.3 -1.3 -1.3 -1.3 -1.3 -1.3 0.8 1.7 5.6 7 8.4 9.7 10.9 13.4 14.7 15.4 18.4 20.9 19.1 19.4 19.9 19.5 20 20.8 19 19.1 19.1 20 22.5 26.3 29.9 30.1 23 19.5 21 25 29.1 31.2 31.3 30.4
154.9 148.5 144.9 144 137.1 131.6 125.7 117.5 109.2 99 80.5 66.9 58.8 50.9 41.3 32.8 23.9 9.5 0.4 -1.3 -1.3 -1.3 -1.3 -1.3 -1.3 -1.3 -1.3 -1.3 -1.3 -1.3 -1.3 -1.3 -1.3 -1.3 -1.3 -1.3 -1.3 -1.3 -1.3 -1.3 -1.3 -1.3 -1.3 -1.3 -1.3 -1.3 -1.3 -1.3 -1.3 -0.1 1.7 7.6 9.6 10.6 10.8 10.9 11.6 11.8 12.2 15.4 18.5 19.5 19.1 20.2 19.5 19.3 18.9 19 19.1 19.1 22 27.8 29.7 29.9 28.8 22.3 19.5 21.3 26.4 29.8 31.2 33.2 32.9
154.4 153.2 147.3 136.2 129.2 130.2 123.3 114.7 105.9 89.3 76 67 58.8 50.5 41.2 29.3 16 5.3 -1.3 -1.3 -1.3 -1.3 -1.3 -1.3 -1.3 -1.3 -1.3 -1.3 -1.3 -1.3 -1.3 -1.3 -1.3 -1.3 -1.3 -1.3 -1.3 -1.3 -1.3 -1.3 -1.3 -1.3 -1.3 -1.3 -1.3 -1.3 -1.3 -1.3 -1.3 -0.3 1 2.1 4.4 8.1 8.9 9 9.6 10.5 9.9 12.2 13.5 17.8 19.1 20.1 18.5 17.8 18 18.1 18.7 20.9 26.6 30 28.8 27 23.1 19.5 19.2 21.9 27.5 30.9 32.9 35 37
159.6 151.8 144.8 139.7 133.6 127.6 109.9 104.4 92 81.2 74.1 64.2 56.5 48.5 35.3 19.2 7.8 1.3 -1.3 -1.3 -1.3 -1.3 -1.3 -1.3 -1.3 -1.3 -1.3 -1.3 -1.3 -1.3 -1.3 -1.3 -1.3 -1.3 -1.3 -1.3 -1.3 -1.3 -1.3 -1.3 -1.3 -1.3 -1.3 -1.3 -1.3 -1.3 -1.3 -1.3 -1.3 -1.3 0.2 1.6 1.8 3.4 3.7 5.8 6.3 7.2 8.5 9.1 9.7 12.6 20.9 16 13 13.5 13.7 14.1 17.7 22.2 29.1 30.5 22.8 20 18.7 19.1 19.4 22.5 29.1 32.2 34.6 36.7 38.6
158.2 150.2 142.6 136.4 131.5 122.9 107.4 91.3 86.5 78.8 70.2 62.4 52.1 40.6 28.9 10.3 4.7 -1.3 -1.3 -1.3 -1.3 -1.3 -1.3 -1.3 -1.3 -1.3 -1.3 -1.3 -1.3 -1.3 -1.3 -1.3 -1.3 -1.3 -1.3 -1.3 -1.3 -1.3 -1.3 -1.3 -1.3 -1.3 -1.3 -1.3 -1.3 -1.3 -1.3 -1.3 -1.3 -1.3 -0.6 0.2 0.7 0.8 1.6 2.9 3.4 4.2 4.7 5.7 7.3 9.4 9.3 8.8 9.6 9.6 10.5 11.3 17.6 22.9 27.7 23.5 19 17.2 17.8 18.3 19 24.1 29.3 31.7 34.3 37.3 40.1
156.2 148.4 140.6 134.2 126.6 116.4 105.3 92.8 85.1 77.3 67.4 59.7 49.7 38.3 25.6 9 2.2 -1.3 -1.3 -1.3 -1.3 -1.3 -1.3 -1.3 -1.3 -1.3 -1.3 -1.3 -1.3 -1.3 -1.3 -1.3 -1.3 -1.3 -1.3 -1.3 -1.3 -1.3 -1.3 -1.3 -1.3 -1.3 -1.3 -1.3 -1.3 -1.3 -1.3 -1.3 -1.3 -1.3 -1.3 -1.3 -1.3 -0.7 -1.3 1.2 1.8 1.9 2.1 2.9 4.4 7.1 8.9 9.5 6.5 7.7 10.1 11.9 17 20.4 20.7 19 14.9 12.5 15.6 17.5 20.7 25.3 28.9 31.3 34.4 37.6 40.9
152.6 146 138 129.7 121.5 111.3 99.8 90.2 75.7 71.1 65.4 54.9 44.9 35.7 23.2 11.5 4.5 -1.3 -1.3 -1.3 -1.3 -1.3 -1.3 -1.3 -1.3 -1.3 -1.3 -1.3 -1.3 -1.3 -1.3 -1.3 -1.3 -1.3 -1.3 -1.3 -1.3 -1.3 -1.3 -1.3 -1.3 -1.3 -1.3 -1.3 -1.3 -1.3 -1.3 -1.3 -1.3 -1.3 -1.3 -1.3 -1.3 -1.3 -1.3 -1.3 -1.3 1.7 1.8 2.3 1.8 4.1 7.9 5.4 3.2 5.5 8.3 9.5 13.2 14.5 15.7 14.1 11.1 9.4 11.4 16.1 21.1 24.3 27.5 30.5 33.7 35.4 39.6
152.9 143.7 135.5 126.4 116.5 106.9 94.6 89.3 78.7 67.4 52.7 44.8 39.4 32.1 22.8 11.2 4.5 -1.3 -1.3 -1.3 -1.3 -1.3 -1.3 -1.3 -1.3 -1.3 -1.3 -1.3 -1.3 -1.3 -1.3 -1.3 -1.3 -1.3 -1.3 -1.3 -1.3 -1.3 -1.3 -1.3 -1.3 -1.3 -1.3 -1.3 -1.3 -1.3 -1.3 -1.3 -1.3 -1.3 -1.3 -1.3 -1.3 -1.3 -1.3 -1.3 -1.3 0.6 1.8 1.8 0.2 0.9 1.4 1.7 2 3.7 6.5 8.1 9.8 9.8 10.7 10.2 9.7 9.7 12.3 16.4 18.9 22 25.5 28.7 30.6 33.2 35.9
155.9 142.9 134.1 126 116.6 107.8 100.1 91 80.4 72.6 59.5 49 38.2 27.7 13 7.8 3.7 -1.3 -1.3 -1.3 -1.3 -1.3 -1.3 -1.3 -1.3 -1.3 -1.3 -1.3 -1.3 -1.3 -1.3 -1.3 -1.3 -1.3 -1.3 -1.3 -1.3 -1.3 -1.3 -1.3 -1.3 -1.3 -1.3 -1.3 -1.3 -1.3 -1.3 -1.3 -1.3 -1.3 -1.3 -1.3 -1.3 -1.3 -1.3 -1.3 -1.3 -1.3 -1.3 -1.3 -1.3 -1.3 -1.3 0.4 1.7 3.2 4.8 7 9.3 9.4 9 9 9.7 10.6 13 16.6 19.4 19.1 21.2 23.4 25.8 27.4 28.8
156.3 145.5 133.1 124.7 114.3 106.4 99.1 90.1 88.4 74 60.4 47.4 34 23.7 11.2 6.7 1.5 -1.3 -1.3 -1.3 -1.3 -1.3 -1.3 -1.3 -1.3 -1.3 -1.3 -1.3 -1.3 -1.3 -1.3 -1.3 -1.3 -1.3 -1.3 -1.3 -1.3 -1.3 -1.3 -1.3 -1.3 -1.3 -1.3 -1.3 -1.3 -1.3 -1.3 -1.3 -1.3 -1.3 -1.3 -1.3 -1.3 -1.3 -1.3 -1.3 -1.3 -1.3 -1.3 -1.3 -1.3 -1.3 -1.3 -1.3 1.5 2.3 5.2 7.7 9.8 12 9 8.9 8.7 9.7 12.5 16.4 19.5 19 19 19.1 21 23.2 24.5
162.1 146.6 133.4 122.7 115 108.2 101.2 92.8 83 72.6 65.6 48.1 32.6 22.3 9.5 6 1.9 -1.3 -1.3 -1.3 -1.3 -1.3 -1.3 -1.3 -1.3 -1.3 -1.3 -1.3 -1.3 -1.3 -1.3 -1.3 -1.3 -1.3 -1.3 -1.3 -1.3 -1.3 -1.3 -1.3 -1.3 -1.3 -1.3 -1.3 -1.3 -1.3 -1.3 -1.3 -1.3 -1.3 -1.3 -1.3 -1.3 -1.3 -1.3 -1.3 -1.3 -1.3 -1.3 -1.3 -1.3 -1.3 -1.3 -1.3 1.4 1.9 3.5 6.8 9.9 10.3 8.4 7.2 6.7 7.9 10.1 13.2 19 18.9 19 19.1 20.6 20.8 20.3
170.6 147.1 128.7 120.6 116.6 109.1 100.2 90.9 82 74.6 62.5 49.4 39.9 28.2 12.8 7.2 3.5 -1.3 -1.3 -1.3 -1.3 -1.3 -1.3 -1.3 -1.3 -1.3 -1.3 -1.3 -1.3 -1.3 -1.3 -1.3 -1.3 -1.3 -1.3 -1.3 -1.3 -1.3 -1.3 -1.3 -1.3 -1.3 -1.3 -1.3 -1.3 -1.3 -1.3 -1.3 -1.3 -1.3 -1.3 -1.3 -1.3 -1.3 -1.3 -1.3 -1.3 -1.3 -1.3 -1.3 -1.3 -1.3 -1.3 -1.3 -1.3 -1.3 1.7 3.4 3 3.8 3.4 3.1 5.4 7.6 9.1 10.5 16.3 19.1 19.1 19.1 19.3 19.6 13.4
163.8 143.9 124.8 122.7 118 110.2 98.5 88.8 80.8 74.7 65.5 51.9 41.5 31.1 19.9 8.4 5.3 1.3 -1.3 -1.3 -1.3 -1.3 -1.3 -1.3 -1.3 -1.3 -1.3 -1.3 -1.3 -1.3 -1.3 -1.3 -1.3 -1.3 -1.3 -1.3 -1.3 -1.3 -1.3 -1.3 -1.3 -1.3 -1.3 -1.3 -1.3 -1.3 -1.3 -1.3 -1.3 -1.3 -1.3 -1.3 -1.3 -1.3 -1.3 -1.3 -1.3 -1.3 -1.3 -1.3 -1.3 -1.3 -1.3 -1.3 -1.3 -1.3 -1.3 0.3 1.2 1.7 1.7 1.7 4.9 7.4 9.3 14 20.7 20.6 20.1 19 14.2 13.6 8
