data/180000-710000.asc
ncols 200
nrows 200
xllcorner 180000
yllcorner 710000
cellsize 50
[rows 70 to 104 of 200, columns 0 to 78 of 200]
154.7 156.1 153.5 151.9 161.1 166.4 170 168.7 153.1 155.3 157.4 163.4 166.8 170 178.6 189.1 196.7 201.6 195.9 198.7 193.2 185.4 185.3 182.5 188.3 179.4 198.7 207.8 214.8 224.5 235.7 234.4 219.9 220.5 223.2 222.3 210.1 204.1 201.3 192.3 189.5 202.7 214.2 217.6 238.2 264.9 273.1 275.3 259 245.6 246 255.9 266.9 263.3 253.6 249.6 240.6 236.5 230.7 215.8 208 206.6 201.7 191.5 185.8 181.4 181.3 176.3 174.9 173.5 173.5 177.1 181.6 189.5 198.7 192.2 169.4 164.6 164.7
140.2 135.9 136.9 139.3 146.3 151 151.7 143 158.1 165 159 163.3 165 169.2 178.6 190.4 196.2 200.4 196.2 195.8 189.9 185.2 193.8 187.8 176.2 178.7 195.8 206.3 213.4 214.3 218.5 218.8 214.9 218.2 216.9 214.2 205.9 199.8 193.4 189.4 193 206.1 214.5 215.2 230.3 259.2 265.5 255.7 241.8 243.7 253.7 262 275 271.1 259 251.7 241.2 231.6 224.5 213.2 206.7 205.2 195.4 191.9 186.9 188.6 185.8 179.9 177.4 172.6 174.5 177.7 184.3 191.1 193.7 182 166.3 169.4 167.1
120.1 123.6 124.3 129.1 132.3 132.8 132.7 146.1 164.9 170.8 166.2 164.6 167 169.9 177.4 186.3 186 186.6 187.1 190.5 188 182.9 185.4 183.4 171.7 180.8 198.7 208 202.7 211.1 209.1 212.3 213.5 209.4 205.7 209.4 206.3 196.2 186.6 202.7 201 202.8 214.6 215.9 221.1 241 251.8 238.5 239.8 253.6 259.2 264.8 281.2 282.4 263.6 255.7 243.2 231.3 227.9 225.1 206.9 194.2 194.7 189.3 190.9 188.2 185.9 182.6 180.4 175.3 173.7 177.6 184.3 190 188.6 168.4 169.3 172.2 169.8
102.3 107.2 113.2 123.1 125.9 127.3 133.2 146.7 162.3 176.2 183.1 171.2 171.8 178.9 179.2 178.1 180.8 181.7 179.9 184.6 185.1 183.6 179.6 175.9 174.4 195.2 205.4 207.2 203.1 201.1 208 213.9 208.2 199.8 201.6 202.3 199.6 186.2 196.9 215.8 215.9 213.5 205.9 213.8 216.7 219.5 226.4 236.8 251.3 259.2 255.7 261.2 268 268.1 257.2 256.4 241.5 235.6 235.2 223 205.9 194.8 184.2 186 188.4 185.3 185.1 182.3 182 176.9 175.2 180.2 182 187.7 174.3 168.5 171.8 169.1 165.8
84.7 94.4 108.8 114.6 115.6 118.7 132.3 145 161.4 179.2 191.1 180.6 175.9 179.4 182.8 189.5 180.6 178.2 173.7 175.5 185 186.7 176.2 165.8 183.9 210.9 214.6 202.5 198.8 194.8 201.6 202.6 196 190.3 194.8 199.4 185 191.9 209 221.8 223.3 228.6 223.9 223.7 227.2 218.9 223.3 235.6 244.4 247.5 258.4 257.3 255.8 255.5 255.6 250.4 243.1 243.2 237.2 221.6 208 196.4 186.4 180.5 181.7 182.3 182.2 183.1 178.8 175.9 180 182.1 181.5 180.5 168.2 170.9 172.9 168 164.5
104.3 90.5 97.2 106.2 108.3 116.1 128 147.8 163.3 178.3 194 183.1 183.3 181.2 185 189.3 185.5 184 171.6 170.8 177.4 182.5 166.9 165.1 184.5 205.3 207.6 198.1 197.3 195.9 189 186.9 178.5 184.6 192.7 190.2 185.6 210.4 223.9 222.8 234.3 240 239.7 235.2 230.8 220.2 220 222.9 237.4 252.1 259.2 269.8 257.8 255.2 255.9 258.1 247.6 247.2 236.1 221.9 211.1 202.5 188.9 178.6 177.9 178.6 179.5 179.9 175 178 183 181.1 173.9 167.5 169.3 174 174.3 168.8 166
120.6 115.1 91 101.7 103.9 108.8 121.8 146.2 167.5 179.9 181.8 186.7 188.2 189.2 183.2 180.7 183.1 182.6 171.4 164.2 168.4 164.8 160.8 169.4 180.6 190.6 197.5 198.3 197.1 192.2 186.5 180.4 177.7 177.4 184 180.5 201.3 221.6 231.7 230.5 239.1 250.9 255.2 248 235.3 224.8 220 220.8 239.2 254.4 254.4 258.3 255.9 255.6 257.2 252.3 248.8 249.3 234.4 215.5 211.6 203.5 192.5 181.6 182 177.5 176.3 175.9 175.3 178.5 179.4 182.9 170.2 168.7 171.6 175 173.5 169.2 167.4
129.6 136.9 119.6 93.4 97.8 107.7 118.6 140.4 166.3 182.1 187.7 189.4 190.8 189.8 188.4 183.3 174.8 176.7 170.6 164.9 158.3 158.5 164.6 173.7 181.8 189.2 196.7 199.3 199.9 196.2 186.6 182 176.4 174.1 175.9 185.4 208.5 231.3 237.2 238.1 244.6 261.7 264.3 258.7 248.7 235.6 224.2 223.7 231.2 242.7 246.9 247.6 253 263.8 261.9 250.9 252.8 250.9 230.6 219.5 215.8 207.4 193.5 182.9 182 179.4 176.5 175.7 176.4 177.2 181.1 184.5 169.6 170.1 170.1 172.7 171.8 171.6 170.7
134.2 143.4 147.1 122.4 110.9 107.1 118.5 135.9 157.6 175.2 195.3 195.9 192.2 190 188.4 186.5 176.7 170.2 164.7 159.9 156.3 161 168.2 175.4 183 192.1 201.7 203.9 197.5 193 188.1 182.4 173.9 175.4 181.1 187.5 207.3 230.9 238.7 243.7 245.6 265.3 269.7 266.7 257 244 233.8 234.8 236.6 239.3 245.7 246.2 255.4 261.9 258.6 252.1 256.2 242.8 225.5 224 221 207.5 192.8 186.4 185.9 180.5 178.4 177.7 177.1 177.9 184.8 174.9 173.5 172.1 169.5 166 169.3 172.7 171.8
127.7 141.2 150.8 141.6 125.3 108.7 117.8 132.9 152.2 167.7 180.1 195.3 191.1 188.6 186.7 181.2 175.9 167.3 158.9 156.9 156.6 163.2 173 185.1 182.6 192.5 206.5 204.7 197.2 193.4 191.1 180.4 172.3 177 183.3 194.5 207.6 222.5 239.3 240.5 264 270.4 274.8 274.9 266.7 255.7 246 235.5 244.4 246.6 248.4 248.8 249.1 255.7 251.9 254.3 251 229.4 229.2 233.3 220.6 205.6 190.9 191.3 191.9 183.3 182.4 180 178.8 180.6 186.3 175.7 175.2 172 165.9 159.8 166.1 170.2 169.5
140.1 136.3 142.5 148.8 131.1 120.2 108.8 131 146.4 162.2 177 189.5 192.9 188.2 180.4 176.2 172 165.6 157.8 156.2 156 163 172.6 183 181.6 188.5 192.5 197.2 199.7 194.4 183.1 171 175.6 185.3 187.9 200.1 207.1 219.6 232.7 252.2 271.6 275.8 275.8 276.5 274.6 272.2 258 244.9 250.8 250 249.7 249.9 250.7 251.1 251.4 255.7 238.9 228.5 229.1 228.7 212.6 199.8 192.9 202.3 197.2 189.1 187.3 183.6 180.8 181.7 175.5 173.8 171.4 168.4 162.8 161.1 157.4 164.6 158.2
156.6 143.1 141.3 143.2 134.7 131.7 116 122.9 148.3 168.8 178.1 189.5 192.9 188.8 180.8 169.6 166.3 165.9 162.1 155.3 155.6 158 165.6 172.5 176.1 173.8 174.4 181.9 187.6 189.5 171.2 173.2 181.8 192.9 197.6 202.5 210.8 220.7 233.2 253.1 278.4 280.4 278.9 280.5 282.4 278.7 268 247.7 245.8 253.3 248.4 250.7 252.9 251.2 253.5 249.6 231.6 229.7 225.2 218.3 206.1 200.4 207.7 214.5 202.6 204.8 200.3 188.9 180.3 176.7 173.5 170.1 167.2 164.9 163.4 162.9 150.2 146.1 136.6
162 159.7 152.6 141.9 144.4 146 133.6 133.9 149.3 163.1 174.5 187.7 189 186.8 175.7 170.8 163.7 160.3 156.8 154 161.9 163.3 157.5 161.7 162.2 165.1 166.7 169.4 178.6 172.5 172.4 178.4 190.1 198.6 206.3 218.3 220.2 230.3 243.9 245.6 261.9 280.7 284.7 282.7 286.6 279.8 270.8 254.4 244.1 247.3 245.9 252.4 253.8 251.5 254.6 234.9 231.8 228.9 223.3 213.8 207.3 221.2 221.9 221.2 207.4 213.1 213.8 201.8 189 178.2 170.9 170.9 168.4 166.3 163.3 160.2 147.6 128.1 131.9
169.7 169.9 169.8 159.9 155.5 151.2 140.1 138.2 150 155.9 167.7 178.1 176.6 171.8 168 168.7 159.9 152 153.4 164 188.6 185.3 177.6 162.6 161.5 163.5 164.3 165.6 168.3 169.4 175.6 186.4 199.6 213.2 224.4 228.5 236.6 242.5 253.6 247.3 253.3 273.5 286.5 283 281.4 277 260.1 253.6 249.3 244.6 245.6 253.4 249.9 249.6 239.3 234.2 231.6 228.1 219 209.6 215 231.2 230.7 224.7 213.7 219.4 220.9 209.7 210.5 191.8 174.1 168.6 167.3 164.7 158.1 154.6 141.9 125.6 138.9
177.7 182.7 179.8 178.3 175.6 164.5 151.1 141 139.4 152.9 158.6 162.7 163.6 161.6 163.3 166.4 157.9 152.1 162.2 178.3 190.9 194.4 201 180 166.7 164.2 167.8 169.9 170.9 175.1 182.9 197.6 213.1 229.3 241.8 241.1 243.9 249.4 259.7 259.8 258.9 262.6 277.9 280.9 279 271.1 256.8 253.7 259.4 247.4 245 248.3 248.1 250.5 239.2 233.7 230.7 228 215.1 212.4 220.4 233.8 236.3 224 221.6 222.9 218.4 217.3 223.1 210.6 188.6 164.9 162.8 160.2 154.3 151.3 133.9 130 135.7
182.5 190.4 192.7 194.1 189.3 180.5 168.4 154.6 148.3 141.2 151 152 152.8 155.5 160.3 160.7 153.6 156.3 178.5 189.7 191.1 197.4 207 197.6 177.5 167.1 168.1 170.8 174.3 179.6 185.2 200.7 220.5 240.3 249.3 253 255.4 253.2 260 261.8 270.6 270.4 266.6 275.1 278.2 267.3 256.9 260.2 264.1 263 252 246.4 248.6 254.9 239.6 233.6 227.6 220.6 213.6 220.1 228.3 238.1 236.9 226.7 224.5 216.7 215.3 221.2 226 220.6 198.6 162.7 156.2 155.4 150.9 148.9 129.5 117.4 127.3
191 197.7 203.6 206.1 201.7 194.3 185.2 169.3 159 157.9 156.8 156.3 151 152.3 154.3 151.5 155.5 179.6 189 191.7 193.8 203.2 204.7 207.7 193.7 182.2 170.5 171.2 176.3 182.2 194.5 208.8 221.2 241.6 247.9 259.3 267.2 262 259.4 266.1 279.9 278.6 273 270.2 272.4 278.5 262.1 273.3 285.5 280.9 264.6 251.9 249.3 246.5 235.3 230.6 224.6 215.6 225.3 233.9 236.7 241.1 233.9 229.4 221.4 216.6 218.3 223.8 228 223 188.4 159.3 154.3 152.5 148.2 145 122.4 116.1 124.4
194.7 199.5 205.4 210.9 210.7 207.7 198.8 184.8 173.8 162.6 163.1 158.9 150.7 150.6 151.3 158.8 165.5 181.9 191.5 188.7 199.9 206.1 202.9 203.2 197.8 191.4 174.3 172.7 179.9 191.3 205.7 222.2 227.2 239.4 252.2 266.1 272.9 272.5 273.7 275.4 280.2 281.1 274.9 270 270 270 280 296.2 296.6 292.6 278.7 259.6 248.7 231.2 228.4 224.2 222.1 227.5 235.3 244.3 236.5 244.7 235.7 226 217.3 218.2 222.7 231.3 227.5 213.2 174.8 157 158.4 159.9 151.1 140.1 123.8 113.8 123.5
198.1 203.8 208.2 212 212.6 210.5 209.7 193.2 185.2 174.8 162.5 155.1 151.7 151.3 153.2 160.5 169.8 183.7 187.5 191.1 200.7 202.1 203.8 211.6 201.5 193.7 183.6 174.5 183.8 196.5 211.5 223.7 230 240.6 249.1 264.4 276.4 281.6 288.1 288.2 280.2 278.3 280 274.8 270 270 285.4 293.1 298.4 296.5 286.8 263.2 245.7 233.7 225.2 224.9 236.8 229.3 243.7 250.7 246.9 240.3 235.2 221.1 217.2 222.1 231.8 233.1 219 197.4 162.6 156.5 161.4 164.1 156.6 143.9 128.9 107.4 120.1
197.2 211.8 210.9 215.5 216 216.9 212.6 202.6 196.8 179 167.9 159.3 152.3 152.6 154.9 157.3 164.2 181.2 175.4 186.6 193.4 198.8 206.3 209.6 203.1 197.8 186.9 177.8 183.4 196.2 211.8 223.8 231.2 242.9 250.2 261.9 278.4 288.4 294.6 286.4 277.8 278.1 283.6 270 270 270 279.3 287 298.4 302 289.8 269.2 249.3 231.9 225.7 224.3 227 236 252.9 256.2 249.1 239 231.8 219.6 219.2 228.4 237.6 223.8 205.8 173.7 160.8 165.5 168.7 167.1 159 145.5 131.6 113.3 99.7
201.4 209.2 210.4 217.8 219 219.5 206 198.7 195.9 179.7 170.8 156.6 151.4 152.4 154.7 156.4 159.6 164.7 178.9 186.3 190.5 200.1 206.1 201.3 206.8 199.7 194.2 189.2 182.4 191.3 204.5 217.8 231.3 236.8 248.1 260.8 273.2 283.5 284 275.6 277 280.6 279.5 270.2 270 277.8 277.9 278.4 296.1 306.3 292.4 273 241.6 226.5 224.4 224.6 227.8 240.1 260.5 256.6 242.4 241.6 228.7 223.7 227.8 237.2 235.3 213.4 188 165.1 165.6 171.4 171.8 167.9 159 140.9 130.9 122.5 111.6
199.2 206.4 213.8 219.4 217.3 208 199 198.5 195.4 183 173.8 153.2 151.2 152.3 154 157.3 157.9 167.3 182 182.7 190 200.3 198.5 203 205 205.7 205.1 196.8 202.3 195.8 191.8 209.1 218.5 228.1 241.6 257.3 268 271.7 271.5 275.4 277.7 281.8 275.2 270.3 278.1 287.6 287.8 289.7 285 290.4 283.7 265.8 234.9 227.2 225.3 225 234.2 248.3 254.2 258 243 243.8 228.7 229.4 235.8 240.2 231.4 208.2 176 166.2 169.2 173.9 174.9 170.9 160.4 147.3 137.9 130.8 120.7
195.8 204.6 211.6 212.5 204.5 201.7 201 206.1 190.5 183.5 176.4 158.7 158.4 171.6 182.6 166.1 160.3 163.5 165.7 179.8 188.9 191.2 197.5 205.2 209.7 220.5 210.8 206.7 219.2 219.2 210.3 205.2 203.7 218.5 228.5 246.1 262.5 269.4 272.3 279.9 280.9 278.2 275.7 287.8 297.6 294.5 291.9 306.6 292.6 288.4 279.1 247.4 230.1 237.3 234.9 227.5 239.8 256.3 255.2 244.2 244.2 241.5 234.2 239.3 242.1 238.1 225.2 194.5 166.2 167.6 170.2 173.7 174.7 172.4 164.9 156.8 150.8 145 132.4
194.3 200.2 204.8 204.3 203.3 203.7 205.1 203.4 191.9 182 180.5 166.2 175.4 199.7 191.2 181.2 171 169.1 168.7 173.8 179.4 185 198.7 208 218.6 227.9 215.8 212.1 224.4 230.1 233.3 218.6 218.8 218.8 228.4 239.9 254.1 260.5 274.3 280.9 285 280.5 279.7 294.1 296.3 296.7 297.2 304.1 296.4 282 258.1 238.4 234.7 239.5 246.5 230.2 244.4 257.4 247.1 246.9 237.1 233 234.6 245.1 246.9 239.2 220.9 176 163 169.2 169.9 171 172.9 170.7 164.8 161 157.4 155 147.2
189.1 193.1 197.2 200.9 204.1 205.8 206.8 198.8 188.5 184.8 181.1 182.6 196.7 203.7 195.7 188.7 191.7 191.2 184.3 177.5 176.6 187.8 197.1 207 222.2 229.8 215.5 221.3 228 238.2 248 245.9 231.2 237.1 233.5 239.7 245 256.4 268.8 275.6 273.6 272.8 282.3 297.4 299.3 298.5 299.9 296.4 289.7 277.2 250.8 235.4 237.5 249.2 252.5 240.8 238.9 244.9 246.7 243.7 221.7 220.9 238.4 244.6 245.5 228.9 193.3 163.6 163.7 169.6 170.4 169.2 169.6 166.1 166.1 164 161.8 158.3 151.9
180.6 187.1 195.2 199.3 206.4 209.4 207.4 193.2 185.8 169.8 165.8 177.1 200.5 206.5 198 209.5 214.6 206.1 205.2 186 193.6 189.5 193 206.4 224 227.3 217.8 223.3 233.3 245.9 257.8 271.6 252.6 252.4 254.7 238.1 248.7 253.5 258.7 260.3 261.5 272.2 289.9 304.5 300.8 303.9 300.7 297.5 289.9 273.2 246.7 236.8 241.9 253.1 254 246.2 235.1 240.6 243.5 228.4 215.1 224.3 239.2 245.3 234.8 210.9 172.4 158.8 162.2 167.7 168.7 169.7 169.5 166.7 168.8 167 160.8 157.2 150.5
175.6 180.7 196.8 202.4 206.9 213.6 212 175.4 155.4 147.9 160.4 178.2 200.8 204.5 198.6 215.2 220.4 212.8 203.3 196.7 203.1 208 201.2 205.3 218.7 222.7 222.6 227.7 238.3 249.3 258.8 268.3 268.7 261.6 261.2 261.7 255.7 254.6 253.1 255.5 258.7 273.4 290.5 298 302 311.3 320.9 313.2 307.4 277.5 248.8 243.3 251.8 248.5 252.6 249 236.3 226.3 225.9 211.9 216.5 226.4 229.5 228.7 215.7 182.3 161.4 158.9 161.8 165.7 169.8 169.8 170 169.6 172.6 169.5 159.4 154.1 149.6
178.7 180.8 193.7 200.6 206.6 211.1 201.7 161.9 145.3 144.7 157.3 179.9 195 196.1 203.4 217 221.1 214.9 212 208.5 213.7 225.3 229 221.9 217.1 223 227.2 230 240.8 249.9 256.9 263.1 270.6 272.2 265.2 274.6 271.7 261.8 254.9 257.3 264.7 273.4 284.3 293.4 300.2 320.4 330.3 318.2 306 272.5 247.7 246.5 249.6 253.1 253.6 250.8 239.2 222.9 215.5 207.7 216 225.5 225.2 208 183.1 165.2 156 155 160.3 162.3 164.6 166.7 167.3 167.9 177.1 171.7 160 153.1 149.4
184.6 182.7 185.7 196 203.6 203.8 190.6 156.5 142.5 145.2 151.4 176.2 190.2 193 210.2 218 214.9 213.3 225.6 225.5 217.7 231 238.6 241.6 236.8 227.8 230.8 235.8 236 246.5 251 256.2 267.3 279 272.4 273.2 271.6 267.8 265.5 262 267.2 274.1 287.5 291.8 300.9 316.5 322.2 315.9 286.6 264.1 256.5 262 257.2 256 255.7 252 242.7 226.1 215 201.7 210.1 222.4 213.6 198.1 161.8 146.3 145.2 153.9 158.6 158.5 161.6 165.6 159.5 161.1 167.7 172.1 156.4 148.8 144.2
181.3 184.4 183.3 188.1 196.7 187.8 168.6 148.5 141 144.3 150.5 187.8 189.6 189.4 200.8 211.5 213.8 216 227.5 222.9 228.5 238.7 242.3 249.3 253.4 252.4 241.9 237.7 242.6 239.4 246.6 250.8 259.5 266.6 271 272.1 272.5 274.6 283 281.9 270.3 272.6 275.9 286.5 302.9 318 316.9 302.2 270.3 258.3 263.5 275.1 268.1 264.2 257.8 247.7 238.7 236.2 223.5 201.8 192.4 194.1 190.7 171.3 147.8 138.2 139.7 150.7 154.1 153.7 165.4 158.5 149.5 147.6 158.1 165.4 154.5 144.3 139.2
180.6 178.7 181.9 183 181.6 183.6 166.9 139.8 143.4 142.4 163.4 190.7 188.6 194.6 207.2 209.7 210.4 215.3 220.5 226.9 234.6 237.5 246.9 260.4 268 267.2 261.9 245.2 243.8 250.7 246.9 256.4 263.9 266 276.1 278.8 281.3 295.5 296.1 293.3 288.5 275.3 272.4 276.1 295.5 308.2 307 292.8 268 266.9 271.7 274.5 266.8 270.3 257 239.2 243.7 237.9 226.8 211.1 188 152.6 157.8 145.2 142.6 143.4 112.4 136.8 143.6 150.2 137.8 140.1 135.9 133.8 145 157.6 149.9 138.1 138.1
170.6 172.1 174 178.2 176.2 173.1 151.6 134.4 143.6 140.7 175.7 189.9 184.2 202.1 210.5 214.3 216 225.9 226.7 228.6 236.8 242.5 247.7 260 275.2 271.9 270 259.5 249 252.8 258.7 257.2 263 270 273 275.3 295.5 301.9 304.2 298 292.5 282.3 280.5 276.7 281.6 295 305.8 277.8 270.5 274.5 271.2 266.2 266 263.6 242.8 238.3 247.3 234.2 222.9 201.1 176.9 152.5 127.3 118.4 122.9 128.9 114.1 97.9 114.2 111 107.5 110.4 124.4 126.5 150.1 152 142.8 135.2 135.2
161.3 166.7 173.6 177.5 168.3 144.7 131.6 136.3 137.8 145.4 164.8 179.4 190.7 214 219.9 216.1 218.6 232.2 233.9 232 239.1 250.4 252 255.4 263.4 270.2 274.2 266.4 257.9 255.7 264.8 265.6 264.4 268.1 266.3 271.5 291.7 306.2 304.3 304.9 301.2 293.9 294.3 282.8 284.8 290.8 280.6 265.3 280.1 276.9 277.6 264.5 259.1 239.6 233.1 236.4 238.5 231.3 210.8 178.7 155.7 143.2 118.8 104.1 90.3 95.7 93.8 73.9 75.3 80.9 86.1 88 106.4 123.7 144.5 139.1 133.8 123.8 120.3
159.1 165.1 170 171.5 148.3 131 132.2 134.5 135.7 159.9 166.7 178.2 199.2 220.1 220.6 217.6 223.9 231.7 234.6 235.3 244 256.3 257.5 254.5 255.6 251.6 264.7 264.4 254.9 257.1 269.7 270.7 260.3 259.6 263.7 281.3 299.3 304.2 299.1 307.2 308.2 302.8 295.7 290.9 282.6 289.7 266.1 265.7 274.9 277.9 277.7 259.3 238.2 220.7 209.1 214.7 218.8 216.4 192.9 168.3 148.7 126.4 106.4 90.9 78.5 65.1 68.9 62.2 52.9 58.5 61.8 75.3 93.1 120.7 129.2 120.9 104 96.4 116.3
156.1 160.8 158.5 151.1 137.8 131.2 133.5 134.1 147.2 165.3 161.6 188.6 205.8 217.3 226.1 221.2 236.2 233.5 236.6 237.1 245.9 254.6 253.4 254.3 248.8 246.5 255.2 254.4 257.3 261.7 253.4 263 252.2 253.3 257.8 282.2 293.8 289.7 294.6 308.9 308.7 303.8 298.9 288.3 269.3 276.7 261.4 263.5 267.4 269.8 255.3 230.6 218.5 208.8 190 195.5 188.7 184.5 177.8 159 136.1 111.8 92.2 74.3 68.1 60.4 50.7 51.8 46.9 42.1 54.2 72.8 86.2 98.7 102.1 86.9 75.8 83.4 86.8
