data/180000-690000.asc
ncols 200
nrows 200
xllcorner 180000
yllcorner 690000
cellsize 50
[rows 156 to 194 of 200, columns 88 to 175 of 200]
29 26.3 24.8 23.8 23 21.6 18.9 16.4 16.1 15.7 17.3 21.2 25.3 26.3 28.4 32 32.2 36 39.8 43.7 46.8 51 55 59.5 64 68.2 71.7 77.4 82.1 86.7 92.1 108.6 112.1 120.3 124.4 130.8 134.1 126.2 118.7 115.8 113.1 111.2 110.2 111.3 115.9 124.7 122.5 112.3 101.2 94 93.2 108.6 116.4 120.2 123.2 128.9 135.9 138.1 124 124.2 129.6 134.9 138.4 144.9 152.4 159.9 170.1 183.9 188.2 192.3 192.9 200.5 206.4 211.1 211 209.1 210.2 206.3 201.7 201.7 201.1 204.5 201.9 197.1 187.4 177.4 171.9 168.6
31.7 30.2 26.1 20.5 19.2 17.9 16.5 16.4 16.4 16.4 17.8 22.2 27.9 29.2 31.6 34.9 34.2 37.9 38.7 41.4 44.4 50.7 56.3 61.7 66.5 71.7 78 85.5 89.7 92.5 116.4 116.2 123.5 127.7 136 137.4 133 123.8 119.6 116.1 114.6 113.8 113.7 122 131 141.9 136.7 122.8 111.1 102.1 101.2 119.8 121.8 118.2 116.6 118 118.2 117.9 120.6 128.6 133.1 137.4 142 148.1 156.8 168.6 177.2 178.9 183.7 191 202.7 205.6 211.8 220.2 220.2 213.4 211.7 203.2 201.9 202.4 203.6 205.7 203.2 197 183.4 170.9 168.6 167.3
34.5 29.5 24.4 19 18 16.9 16.8 16.9 17.1 17.1 19.3 26.3 30.6 32.5 33.8 35.9 36.8 38.9 40.9 41.6 44.7 48.7 57 64.4 70.2 76.9 84.1 90.7 96.6 115.9 122.8 128 134.5 140.5 147.6 137.7 129.3 120.1 119.8 118.5 118.9 118.9 123.5 129.9 145.1 146.5 143 138.3 121.1 112.2 114 126.9 129.7 122.5 109.8 111.7 114.4 121.3 129 134 135.6 139.3 143.1 150.9 160.4 166.6 170.3 175.5 185.7 196 205.2 210.4 220 229.3 219.2 214.5 211.6 203 202.2 202.7 204.9 205.1 199.9 192 174.9 166.7 167.6 167.2
34.9 27.7 22.6 19.7 17.7 17 17.6 17.7 17.8 18 20.9 27.1 28.1 28.8 32.7 35.1 38.2 40 43.3 44.2 47.9 51.8 59.4 66.7 73 80.9 89.4 94.9 101.8 113.2 130.3 138.1 144.8 150.2 144.8 130.6 121.2 120.5 121.2 121.5 122.3 123.4 132 146.1 151.2 151.9 147.2 142.4 133.7 122.2 123.7 129.2 127.2 118.1 107.4 112.1 116.8 126.6 132.7 136.7 134.9 137.8 143.8 151.8 159.2 165 168.4 181.5 193.4 207.6 213.9 217.8 230.2 229.5 214.6 212 205.2 202.4 201.5 202.7 205.6 202.7 197.3 187.8 168.3 160.5 160.3 163.9
32.6 27 23.2 21.3 17.8 17.5 18.3 19 20 19.7 23.5 25.4 25.1 26.2 29.8 33.2 36.4 37.6 40.4 40.2 45.5 50.5 57 63.3 69.9 77.7 84.9 93 99.2 107.2 123 137.8 144.4 145.3 134.6 117.4 118.4 120.9 127.9 121.5 124.7 133.9 150 156.9 159.5 156.6 152.1 144.6 136.2 130 130.7 128.4 121.8 114 106.5 110.9 119.3 130.9 133.6 130 132.3 136.9 142.6 151.1 159.9 163.8 172.1 187.3 205.4 207.9 215.1 224.6 236.3 221.5 210.7 203.8 202.1 199.8 198.9 205.8 203.9 198.7 192.1 179.6 162.1 156.2 156.5 165.2
31.2 27.4 24.7 23.7 18.4 18.1 18 19.9 21 21.8 23 24.7 28.5 29.8 27.6 29.7 34.2 35.6 35.1 36 40.1 44 50.6 57.3 64.5 71.3 78.2 84.1 91.1 95.2 105 116.6 126.1 119.9 109.4 110.3 114.7 123.2 120.5 123.5 133.5 152.4 161.3 164 161.2 157.2 155.6 144.9 144.3 138.3 142.9 138.2 122.1 109.6 105.3 109.2 118.3 127.5 125.9 125 130.4 136.8 143.6 152 159.2 166.1 174.1 188.5 199.8 209.4 215.8 234.9 221.8 211.7 203.8 196.9 197.3 194.4 198.9 201.8 196.4 192.1 175.6 159.8 149.5 149.6 159.9 166.3
31.8 32.3 29.9 26.5 21.1 19.1 22.9 22.2 21.7 21.2 22.3 26.6 28.3 29.6 29.2 29.6 31.8 32.4 35.2 38.8 39.3 40.7 45.6 51.3 59.5 66.7 70.9 76.4 81.3 86.2 90.3 96.4 101.4 101.6 103.9 109.8 117.3 116.8 121.6 134.1 148.9 161.7 164.4 166.3 162.8 157.4 153.4 144.5 140.7 144.5 148.3 152.1 128.2 108.7 102.6 105.2 110.6 118.2 119.8 130.4 135 139 146.3 153.8 160.8 166.8 177.6 188.1 196.2 206.2 218 227.4 212.8 201 192.2 191.6 192.5 187.1 187.9 182.1 178.1 165.3 158.3 148.8 145.6 152.5 156.1 159.6
36.7 36.2 33.6 30.6 21.6 19.4 21.1 21.6 22.8 23.6 25.3 26.7 29.5 31.1 32.6 34.5 36.1 37.4 40.9 43.4 47.2 53.3 58.9 56.4 55.7 62.8 67.3 69.2 74.8 79.7 84.5 88.3 92.2 96.5 102.4 106.5 112.7 120.8 128.5 147.8 162 164 169.8 169.2 158.5 156.6 146.1 141.3 141.2 147.4 149.5 143.7 123.4 108.8 103.1 103.5 108.2 115.4 124.2 131.3 137.1 145.7 151.6 160 166.7 173.1 180.1 187.2 193.4 205.5 209.5 203.4 198.6 191.8 189.1 190.1 183.6 177.4 173.9 168 164.4 159.9 152.4 143.4 145.6 150.4 154.3 156.2
40.5 37.5 34.9 32.1 28.2 19.6 20.9 22.4 25.2 27.8 30.7 32.1 35.4 38.3 38.5 41.9 43.7 47.1 50.7 54.3 57.8 62.5 68.1 67.7 55.7 59.8 62 66.3 71.4 75.6 81.3 84.8 89.8 95.1 100.9 108.1 115.1 123.9 138.6 154.9 160.5 160.5 164.8 159.8 156.6 148.8 144.6 139.1 142.1 146.3 139.2 128.6 109.8 104.1 99.3 105.1 109.2 117.1 125.4 132.6 140.7 148.7 155.4 161.7 166.8 172 178 183.6 191.3 205.4 200.3 189.7 189.8 186.7 185.6 182.2 175.3 166.2 163.7 161.6 159.9 154 140.7 143.1 146.3 147 148.2 149.3
40.1 36.3 34.1 31.6 23.5 18.8 22 23.6 27.3 31 33.7 40.4 42.1 45.7 55.5 50.6 53.8 55 58.1 62.4 66 68.8 70.7 67.7 57.8 59.3 63.5 70.5 75.7 79.3 84.8 90.2 95.2 100.3 104.3 110.9 116 128 140.4 151.7 157 158.1 152.9 149.5 149.3 147.4 137.7 139.3 145.9 139.1 122.9 111.3 105 99.8 99.3 105.5 110 117.8 123.9 132.6 138.7 146.4 152.2 156.8 162.1 168.5 174.3 186 194.6 195 191.5 183.1 182.3 182.2 176.3 175.2 165.3 160.1 158.7 157.4 153.6 141.8 138.3 143.3 143.9 142.6 142 143.4
38.4 35.2 33.2 28.6 18.2 21.4 23.2 25.2 30.2 35.7 41.6 45.5 48.1 54.4 60.3 62.3 74.5 80.2 78.5 77.8 76.9 72.3 71 65.7 59.5 61.5 67.6 69.3 78.4 82 85.8 91 95.4 99.3 103.6 106.8 114.8 122.3 131.3 138.5 142.3 138.5 139.5 143.7 145 141.1 136.7 143 139.4 122 109.3 105.3 99.7 96.7 100.6 106.7 111.8 118 123.8 130.9 136.9 143 148.1 152.6 157.6 165.6 178.5 185 185.5 181.1 174.9 180.7 175.4 173.6 171.8 168.1 162.1 156.1 155.3 150.6 142.4 137.5 137.1 140.3 139.4 139.5 139.1 139.4
36.4 34.1 34.8 19.9 18.4 23.6 24.3 26.7 34.2 40.9 46.6 51.5 58.5 63.1 64 72.6 76.4 89.6 82.2 83.3 80.8 76.8 76.2 68.9 61.5 65.7 72.8 76 77.5 80.6 84 88.7 92.7 97.7 100.4 102.7 106.8 114.9 119.2 124.1 129.9 135.4 138.2 139.4 140.6 141.3 133.6 123.6 116.5 109.1 104.7 99.3 95.5 96 100.6 105.5 112.1 116.3 121.9 127.1 132.9 138.4 142.3 147.8 153.8 161.8 173.3 180 174.4 165.5 173.1 172.7 173.7 167.8 168.4 162.4 156.7 152.1 150 143.3 135.7 134.3 133.2 135 135.5 137.3 136.8 136.9
34.4 32.4 26.2 16.7 24.3 25.6 26.1 29.6 36 44.3 50.2 56 60.7 63.9 67.7 73.2 80.2 83.5 82.3 82 81.4 91.7 83 76.8 63.3 67.3 75 79.1 78.1 79.9 82.1 86.9 91.7 98.9 105.5 106 108.9 112.8 114.5 119 124 130.5 136.1 140.2 141.9 138.2 123.5 114.4 109.1 104.5 99.6 96.2 93 94.7 98.1 103 107.2 111.9 117.5 122.8 127.1 131.9 135.4 141.7 151.6 160 168.7 179.9 165.7 160.1 160.5 170.5 171.2 166.3 164.8 158.5 150.6 147.4 139.9 133.2 131.4 131 130.5 132.3 133.5 135.5 135.4 134.7
36.1 26.7 16.3 18.7 26 25.6 27.3 31.6 38.3 46.2 52.6 56.3 58.8 64.1 69.4 74.8 78.4 78.7 79.9 82.8 88.4 90 77.7 73.7 66.9 69 77.2 81.6 82.5 83.7 87.6 92.5 97 104.1 109.2 118.3 120.7 117.3 116.2 116.4 120.2 126.2 133.5 134.3 132.6 122.9 117.4 110 104.7 101.9 99.6 96.5 93 92.2 94.7 98 100.9 105.9 111.2 116.6 120.8 126.2 131.6 139 151 159.3 176.6 170.8 160 154.1 166.3 170.9 157.6 162.9 158 147.7 139.1 135.3 133.2 130.1 128.8 128.5 128.5 130.7 132.9 135.4 135.6 133.8
35.7 16.4 15.1 26.5 23.8 25.4 27.8 35.2 43.5 47.3 52.1 56.2 59.3 66.7 74.7 78.5 80.5 81.1 83.9 87.3 89.3 89 76.6 73.1 70.8 82.8 82.7 83.3 86.3 88.8 91.1 98.7 105.7 113.3 125.8 128.1 130.3 133.9 120.7 119.1 122 133.8 145.5 139.9 126.8 119.4 112.4 106.4 102.6 98.6 96.7 97 91.1 91.7 93.5 98.5 107 109 112.4 115.2 119.4 123.6 129.1 136.4 151.2 159.2 160.7 153.4 146.8 156.9 163.1 158.5 153.4 151.8 142.9 135.8 132.2 130.1 128.2 127.1 127 126.9 128.5 131.2 137.3 137.7 135.8 129.4
18.5 14.3 28.1 24 22.6 24.7 28.4 37.9 46.2 50.8 51.1 54 59.2 66.8 75.2 83.6 83.1 86 92.8 92.3 89.6 84.5 76.9 74.1 75.7 83.7 85.2 87.6 90.5 93.5 97.1 104.4 111.9 130.8 136.8 141.6 145.8 137.8 130.6 122.3 126.6 132 135.9 127.9 121.1 114.6 107.4 102.6 97.2 95 92.7 91 90 90.7 98.5 106.8 112.9 117.5 118.3 120.3 126.3 127.4 129.9 131.6 137.7 142.6 143.9 140 148 153.5 153.5 143.6 141.8 133.9 129.7 128.9 128.5 126.9 125.4 124.2 124.8 127.9 130.5 133.4 137 137.1 135.1 124
14.6 19.3 28.2 19.2 20.9 24.7 29.2 39.5 44.8 48.7 49.7 52.9 57.7 64.4 71 77.7 82.2 88 91.4 86.7 83.7 81 77.1 76.2 80.2 83.9 87.5 89.9 94.7 98.8 103.9 110.2 122.1 137.1 149.4 155.8 147.8 142.7 134.7 141.5 140.1 131.3 129 122.1 117.3 112.4 104 96.7 92.4 89.9 89.5 87.8 89.6 96 104.7 113.4 123.3 129.3 126 129.3 129.9 129.9 129.8 131.4 137.2 134.8 136.4 139.3 144 145.1 144.4 136.4 128 127.2 125.4 125.2 124.9 124.9 123.8 123.2 125.3 128.1 130.1 132.9 134.3 134.3 123.9 115.1
13.5 16 16.6 18.6 22.1 27.1 31 39.7 44.3 48.4 48.6 53.8 59.5 64.7 71.5 76.3 81.7 85.5 87.6 83.1 80.8 78.6 75.1 77.5 81.6 85.6 89.2 91.3 97.1 102 107.6 113.6 124.5 138.3 150 150.3 148.5 140.4 146.5 154.6 153.7 142 126.4 117.6 113.5 107.4 96.4 92 89.5 88 85.9 87.8 93.4 100.9 112.4 123.2 133.4 135.1 133.3 133.6 130.8 129.5 130.1 133.3 141.5 134.8 135.5 136.3 138.6 135.5 126 123.8 123 121.7 121.4 122.4 122.3 122.2 122.9 122.7 124.4 125.3 125.9 126.3 126 123.4 119.1 110.8
12.9 18 19 20.3 23.1 28.8 32.5 39.2 45 48.5 50 53.8 59.6 65.6 71.2 76.3 83.2 88.9 89.6 81.6 76.7 75.3 72.9 75.8 81.1 84.4 88.1 92.3 96.3 101.4 107.8 113 117.4 126.4 138.8 148.5 140.3 145.5 154.9 159.1 154.8 149 126.8 112 109.8 97.8 91.4 88.4 87.6 87.4 87.9 91.4 100 111.2 125.5 132.2 135.3 136.5 138.1 133.5 131.6 131.1 131.6 133.8 140.7 134.4 134.6 135.9 129.4 123.7 120 120.3 119.2 118.1 118.3 118.5 119 120.6 121.4 122 122.3 122.2 122.1 122.1 121.7 116.3 114.1 108.3
13.4 19.7 21.5 22.9 23.1 28.4 32.2 36.6 41.8 47 50.4 55.8 59.5 64.7 68.9 76.5 84.1 94 99.2 83.8 70.1 71.6 71.4 75.1 79.2 82.3 86.4 90.5 94.5 99.9 105.2 110 115.6 119.8 124.5 133.4 142 151.6 157 159.6 153.9 142.8 116.6 107 101.3 90.7 88.2 86.6 88.6 85.1 87.6 98.2 111.9 123.6 131.1 136.1 137.7 137.7 134.8 133.6 133.5 133.1 134.6 132.8 133 128.3 124.1 122.1 120.2 118.8 117.6 117.5 116.2 115.7 116.6 117.3 118.4 118.7 119.3 119.1 118.7 118.6 117.8 117.2 114.9 110.1 105.7 111.6
15.2 19.5 22.6 22.3 22 25.8 29.8 34.7 37.3 41.8 46.9 51.3 55.7 61.7 66.3 73.8 78.9 86.7 86.4 72.1 64.9 66.3 68.9 72.2 76.1 80.8 85.6 90.1 93.5 99.9 103.7 108.1 111.5 117.1 119.8 122.9 129.2 138.8 138.8 136.5 126 111.8 102.6 99.2 89.9 87.7 86.4 85.1 84.3 85.3 94 107.7 120 129.2 134 138.2 140.1 137.7 135.6 135 135.5 140.2 146.9 145.4 129.8 124.3 121.1 120.3 118.7 117.6 116.7 116.1 115.3 113.8 114.5 115.2 115.9 115.3 114.9 114.6 114.7 114.6 113 110.5 107.7 105.3 103.7 109.3
10.5 16.4 20.2 19.9 20.5 22.7 25.7 26.9 30.9 35.4 39.7 45.9 49.4 52.8 62.2 69.1 73.4 74.5 72.5 58.5 60.1 63.5 66.6 72.1 76.3 80.5 87.1 92 97 101.4 99 104.7 109.7 113.9 115.6 116.6 114.6 111.6 109 107.1 100.1 99.4 95.6 91.3 85.8 85.2 86.6 81.7 85.1 90.8 101.2 112.4 122.9 129.1 137.3 141.4 147.4 140.5 135.7 136.3 139.2 148.3 156.4 147.5 128.9 122.8 119.5 118.5 117 116.6 116.5 116.7 115.9 112.3 111.8 111.6 111.9 111.6 111.7 110.4 110.7 109.1 107.3 104.1 102.4 101.1 99.9 101
10.2 11 14.3 15.4 18.7 17.5 20.2 20.4 22.2 25.7 32.6 37 42.4 46.2 53.6 58.4 61.5 58.6 51.4 52.7 57.4 63.6 70.1 74.5 78.2 82.7 88.5 95.5 101.4 95.7 97.2 101.8 107.3 111.4 111 107.8 101.6 100.5 99.9 99.9 99.3 93.5 88.7 82 81.5 83.4 80.1 82.6 90 95.6 104.3 113.3 120 126 135 142 145.5 133.7 133.2 136 141.3 148.5 146.6 130.2 124.5 119.2 117.1 116.3 115.9 115.9 115.8 115.6 113.7 109.5 109.8 110.5 111.3 111.4 109.7 107.5 106.4 104.9 102.4 100.8 99.2 97.7 97.8 101
9.9 10.3 11.4 18 17.6 16.6 17.6 18.1 18.5 20.3 22.4 28.7 34.8 38.3 45.1 48.8 51.4 51 45.2 50.2 57.6 65.3 70.3 74.1 77.8 84.6 92.2 95.8 91.3 90.5 94.7 99.5 106.8 107.8 100.8 93.4 92.2 93.6 92.2 77 83.4 81.4 79.2 78.6 76.8 78.9 78.8 84.4 88.6 95.2 102.3 111 117.5 121.9 127.7 129.6 129.4 130 131.8 134 136.1 135.4 131.6 128.5 122.4 116.7 114.6 114.1 114.3 114.7 114.5 111.4 109.3 108.9 109.9 110.9 111.9 111.1 109.8 107.6 105.5 101.9 99.9 97 94.2 96.3 100.4 105.5
10.5 10.4 12.2 17.9 17.5 17 17.4 18.3 18.5 18.9 20.2 23.6 27.3 32.5 35.9 37.5 37.6 38.3 42.3 48.2 55.6 65.3 70.1 71.3 73.7 80.9 86.7 88.9 91.2 91.2 89 100.5 98.1 91.5 87.5 87.4 87 83.6 77.9 77.7 73.5 72.4 72.8 75.9 79.1 81.2 83.5 87.9 91.5 96 102.8 109.5 117.1 126.4 135.4 132.6 129.2 128 128.6 129.9 129.5 126.7 124.7 120.9 116.3 114.5 112.6 112.4 112.3 111.7 109.7 107.8 109.4 109.4 110.7 112 112.9 112 111.1 109 105.9 101.8 101.9 99.1 92.9 94.5 96.3 98.7
10.6 11 15.4 20.7 19.8 17.7 17.7 18.6 18.8 19.4 19.6 21 23.5 24.8 27 30.8 33.9 35.6 41.8 47.1 54.4 60.3 64.5 68.6 72.5 76.8 80.9 86.5 89 84 82.5 81.7 80.6 81.3 82.2 83.5 83.4 83.3 69.8 71.1 74.1 84.8 86.2 86.4 89.1 86.8 87.8 90.4 93.9 97.7 102.6 108.6 124.9 139.5 129.2 127.6 124.3 125.9 126.5 126.2 125.1 124.5 122.2 119.6 113.1 112.3 111 110.1 109.3 108.8 107.4 106.7 108.7 110.9 112.3 113.7 113.7 112.5 111.1 109.6 107.6 109.2 112.5 107.8 91.4 93.6 100 104.2
11.5 16.5 18.3 23.4 19.5 18.2 17.7 18.6 19.3 20.1 19.9 21.3 23 25.3 27.1 26.7 30.6 35.2 39.9 49 53.8 59.1 65.8 72 75.3 78.1 79.4 83.4 86.7 82.8 79.3 76.2 74.8 76.8 78.4 80.6 80.9 74.3 62.8 72.3 78 81.4 88.4 94.6 90.7 90 91.3 93 96 100.1 103.2 113.6 125.4 122.8 124.5 120.6 122.6 126.2 125.1 125.3 124.4 123.9 122 114.9 111.4 110.4 109.4 107.6 106.4 105.6 106 108 109.4 112.2 114.5 116.1 115.5 113.8 112.6 112.9 119.8 115.3 111.7 99.2 91.4 103.2 106.4 103.2
16.5 17.1 18.7 19.1 18.9 18.1 18.1 19.3 19.5 18.9 19.8 21.5 24.2 27.4 30.1 32.3 35.5 36.3 36.4 42.5 51 60.3 68.7 75.1 77.7 77 79.6 85.9 85.4 83.2 78.6 74 72.5 74.2 77.6 78.7 75.2 61.8 66.4 73.9 78.5 83.7 89.8 91.7 90.7 90.7 92.3 95.2 98.2 98.9 102.4 111 122.4 121.9 117.4 118.9 123.4 124.6 124 123.6 121.6 120.8 116.4 110.8 109.6 108.8 107.9 107 104.7 104.6 106.6 109.1 111.5 115.8 118.4 119.8 120.1 116 115.9 118 117.4 110.9 106.1 89.3 91.2 105.6 107 101.2
16 16.7 18.4 20.4 19.8 18.7 19.3 21.2 20.8 20.6 22 24.1 27.9 33.2 35.8 39.7 44.7 41.8 35.4 39.6 47.7 61.5 68.5 72.7 74.1 76.5 83.7 85.1 88.6 91.8 82.8 71.1 68.7 71.8 74.7 71.7 59.8 58.6 68.6 75.1 84.4 100.9 101.2 93.5 90.9 90.2 92.2 95.3 97.8 99.1 103 107.7 119.6 112.3 112.3 117.3 120.5 121 123.3 123.9 118.4 115.3 109.4 108.1 108 106.9 105.7 104.4 103.2 105 106.9 109.9 113.4 118.2 121.2 121.4 120.2 117.7 116.9 113.4 109.5 106.2 93.8 89.2 93.3 97.1 99.1 106
13.1 14.5 17 19.1 19.3 19.3 20.7 23.9 23.6 24.7 26.8 30.3 35.3 39.4 47.1 53.7 53.6 44.7 38.4 39.3 44.6 58.3 66.9 72.7 73.5 78.1 83.5 85.5 92.5 92.1 74 65.5 65.3 58.8 57.8 55.3 56.6 63.4 71.1 80.5 91.8 94.1 94.5 91.7 88.9 89.3 91 93.8 96.6 98.6 99.1 101 102.6 105 109.5 113.4 117.9 119.1 123.2 126.2 115.3 110.2 106.9 104.4 105 105 102.7 103.6 102.6 104.5 107.4 111.4 115 117.9 120.5 120.2 119.1 116.4 111.3 108 104.4 98.7 88.6 87.6 90.3 98.2 101.4 107.9
8.8 10 13.2 17 19.6 20.4 22.2 25 24.1 25.9 29.6 33.3 35.5 39.3 43.9 52.4 60 43.1 39.2 39.8 45.1 54.7 62.6 68.3 73.5 78.4 81.8 83.7 89 78.2 62.7 61.4 56.1 51.7 53.6 56.1 56.8 70 77.8 87 93 92.8 92.8 89.1 87.7 88 87.4 92.3 94.6 96.1 96 97.8 100.4 103.6 107.9 110.8 113.6 116.6 122.9 114.7 110.4 106.2 102.4 100.3 103 101.5 101.4 103 106.1 108.2 110.8 113.1 115.4 116.7 117.2 117.3 117.1 115 110.1 103.1 95.2 88.6 88 88.7 96.7 101.6 111.8 113.9
7.8 7.8 8.2 12.6 16.6 18.5 21.2 23.5 22.7 23.7 28.6 30.7 32.3 35.8 40.4 49.6 54 35 36.4 39.2 47.2 52.7 58.3 64.5 69 72.5 75.1 78.1 77.1 60.7 56.5 50.7 42.4 38.1 43.7 57.1 67.7 76 80.5 89.9 90.4 90.6 88 86.4 86 85.1 85 87 90.9 92.9 94.6 97 99.1 101.3 105.4 107.6 111.1 114.9 111.4 107.4 104.8 100.8 99 95.8 96.6 99.7 103.7 106 108.2 109.9 112.6 113 114 114.7 114.9 115.5 115.9 115.1 110.5 95.2 87.4 86.3 88.4 92.8 103.2 107.9 115.2 116.3
7.2 6.8 7.7 9 13.2 15.1 17.6 17.3 17 17.8 20.6 24.3 28.1 31.9 34 42 37.2 32.6 34.8 38.5 44.1 49.9 55.2 59.1 63.7 67 67.7 70.9 61.3 51.8 44.7 39 33.6 43.6 53.9 63.9 69.8 75.4 82.5 83.4 83.7 85.7 86.4 86 85.8 83.3 83.9 85.3 87.4 92.5 96.4 100.4 103.9 102.8 102.8 105.2 108.9 112.4 105.1 102.4 99.5 97.1 92.8 94.6 99.3 102.2 104.6 106.5 107.8 108.5 109 109.6 111.1 113.2 113.5 114.8 116.4 116.5 104.3 88.2 87.3 90.7 97 98.3 108.4 115.9 118.3 126.6
7.3 6.8 6.7 8.4 9.9 10.7 9.8 9.5 11.4 12.1 14.7 17.6 21.2 26.3 28.5 31.3 32 31.9 33.3 36.8 39.6 45 47.4 52 55.8 58.6 60.5 55.8 47.7 41 34.9 30.6 39.8 45.2 54.3 62.1 69.6 77.3 80.1 76.9 80.3 83.2 85.2 87.5 82 81.4 83.4 85.4 87.1 90.6 94.8 100.8 103.3 100.5 99.6 101.5 105 101.2 99.3 98.1 95.3 92.3 88.4 97.6 100.2 101.3 103 104 105 105 104.8 105.6 108.6 111.5 112.8 115.3 116.5 112.3 95.5 85.7 93.2 100.5 102 103.4 114.7 119.9 125 135.5
7.5 6.5 7.1 6.2 7.5 8.4 8.2 7.9 8.9 9.4 11.5 15.1 18.4 22 23.1 23.8 24.4 26.9 29.4 33.2 36.9 39 42.9 45.8 47.1 50.6 51.4 43.3 40.4 32.6 27.5 36.5 38.8 44 53 58 66 70.9 71.4 72.7 76.4 79.7 80.3 78.9 78 79.3 81.2 83.2 85 87.7 91 94.5 92.9 94.6 95.6 96.8 98 97.3 94.5 93.4 91.3 89.2 85.9 94.6 96.7 97.5 98.2 98.8 99.9 100.4 101.8 103.7 105.6 107.2 109.9 111.8 109.4 100.2 87.2 89.6 98.6 105.9 103.8 106.5 119.9 125.9 132 138.6
7.4 7.5 7.3 7.1 6.8 7.3 7.5 7.7 8 9 10.6 14.3 17.5 20.4 18.2 16.5 18 20.9 24.3 27.9 31.5 36.1 43.9 45.4 40.6 40.4 40.2 42.4 32.2 24.4 30.1 35.9 37 41.9 48.4 54.5 62.6 64 65.6 69.2 73.4 75.5 82.8 76.9 74.9 76.7 77.6 79.2 80.7 82.8 85.8 89 101 95.2 94.2 95 95.2 95.6 94.5 90.9 86.9 83.7 86.1 89.4 92.3 93.3 94.4 95.2 97.2 98.9 101.2 102.9 103.9 104 103.5 99.2 94.6 86.4 88.7 95.3 104.2 105.6 103.8 110.9 122.2 127.9 134.3 142.1
7.9 7.6 7.2 7 7.3 6.5 7.1 7.4 7.8 8.5 12 14.8 17.9 21.1 20.1 11.6 13.2 16.8 20.2 23.2 25.9 29.3 34.8 34.5 33 33 34.7 27.9 22.5 22.4 30.5 34.7 35.5 41.3 45.3 49.6 51.8 55.9 60.7 66.8 70.2 72.6 72.1 71.8 71.4 72.5 74.3 78 81.5 85.2 92.2 100.6 105.1 102.2 102.8 102.4 106.4 96.2 96.5 91.9 83.9 82.7 83.6 86.3 88.5 90.7 92.4 93.7 95.5 97.9 101 102.2 103.3 100.6 94.6 86.9 83.9 88.9 95.6 102.4 105.6 101.7 105.4 114.9 121.4 129.7 138.1 145.9
9.2 7.2 7 7.1 6.9 6.5 6.8 7.1 8 10.2 15 17.6 24.2 27.1 14 10.4 14.5 15.3 15.6 19.6 23 26.2 27.5 27 26.3 25.6 21.8 20.5 20.2 21.9 31.1 30.6 36.4 40.5 45.3 49.3 49.3 52.7 58.4 63.5 67.3 76 68.1 68.4 68.1 72.6 76.1 80.1 83.3 87.5 96.5 106 107.7 103.4 102.5 104 109.8 97.9 92.7 90.7 83 81.6 82.5 84.2 87.1 89.4 91 92.6 94.2 95.1 97 99.6 101.2 96.6 93 82.8 90.9 94.9 99.5 101.8 98.8 101.7 111 122.5 123.2 131.5 141.8 154.2
17.5 11.5 9.2 7.2 7 7 7.4 6.8 7.3 7.9 16.3 21.1 26.5 24.7 8.6 10.9 12.7 14.3 12.8 15.4 19.8 20.8 19.7 20.5 19.8 17.3 17.4 18.2 28.3 28.4 29.3 29.9 35.8 41.2 45.2 43.8 46 49.8 54.7 58.2 63 64.4 63.3 65.1 70 74 77.9 81.2 86.3 93.1 102.9 109.6 109.1 105.3 101.7 106.6 111.4 97.6 91.1 83.9 83 80.3 81.5 85 86.6 88.4 90.3 92 93.5 92.4 91.3 91.4 93.5 86.3 82.5 89.7 92.1 93.7 94.6 96 100.3 110 119.6 124.6 128.1 136.1 147.8 161.5
