data/180000-840000.asc
ncols 200
nrows 200
xllcorner 180000
yllcorner 840000
cellsize 50
[rows 140 to 174 of 200, columns 80 to 159 of 200]
13.6 29 39.4 42.2 45.2 51.3 66.3 68.8 69.4 74 79.5 88.1 93.2 100.2 109.8 120.4 137.1 146.1 153.7 161.7 162.8 145.3 131.5 156.5 160.4 165.4 167.3 170.4 177.8 202.9 217.6 232.3 243.9 251.2 256.3 261.9 278.8 289.5 297.3 308.5 311.7 315.6 330.5 345.1 357.8 373.7 388.9 417 417.6 413 405.4 407.5 413 415.6 420.3 437.1 450 447.4 454.3 473 486.6 491.9 498.6 508.8 519.8 520.1 526.6 518.6 536.6 544.9 533 514.5 494.9 480.2 466.5 456.9 449.9 462.4 461.2 458.6
20.7 33.9 42.4 50.6 49.9 54.8 62.4 69.4 70.8 78 85.8 93.9 100.3 106.3 118.5 128.3 145 149.5 161 164.4 153.6 131.3 148.3 162.4 167.2 172.2 178 180.2 183.6 194.2 216.8 238.2 252.6 260.3 262.9 265.8 269.5 283.2 294.3 312.1 320 321.7 334.9 354.2 364.8 378.1 396.2 421.1 432.1 425.9 413.5 413.1 429.7 430.5 429.2 436.6 447 455.3 468.6 485.4 493.8 499.6 504 509.6 508.5 510.6 515.2 514.1 547.7 554.6 538.8 516.9 501.5 483.6 468.7 457.4 451.2 449.6 454.5 453.7
31 38.8 47.7 51 52.4 57.3 62.6 67.8 77.8 89.7 96 98.5 106.2 113.1 123.3 135.5 148.6 156.2 162.1 161.5 140.8 134.3 155.6 164.7 173.6 178.1 183.1 185.6 195.8 205.8 216.8 232.2 259.8 266.4 269.6 272.2 275.2 281.4 299.5 324.4 334.9 340.5 350.5 364.6 376.7 392.9 419.1 433.7 439.6 437.4 426.7 423 434.2 446.1 445.7 448.8 467.6 481 483.7 499.6 506.3 511.6 511.8 501.7 499.1 499.1 499.1 511.4 542.8 545 531.1 517.7 501.1 482.9 470.1 462.8 454.9 450.9 449.1 449.1
32.8 41.2 50.3 51 54.7 58.4 64 70.6 80.2 91.7 101.4 103 110.4 117.9 128.3 141.5 153.2 161.4 164.2 157.5 126.1 145.8 156.9 165.5 179.4 183.6 183.5 189.3 206.9 210.7 229.7 231.4 250.2 268.6 277.2 284.2 290.1 298.9 322 343.4 359.3 365.8 367.6 371.5 376.5 392.9 417.6 436.8 447.9 455.7 445.2 436.2 454.9 453.9 458.3 465.7 481 480.8 491 497.6 507.9 505.2 499.4 499.1 499.1 499.1 499.1 515.2 524.4 522 517.9 508.1 493.8 481.1 468.6 464.4 460.8 454.8 449.2 446.5
32.6 41.3 48.7 49.4 57.5 61.3 68.7 75.7 89.6 99.3 104.1 110.5 116.3 125.7 138.7 149.7 156.4 161.4 160.1 134.5 136.5 147.7 158.2 167.9 179.7 183.6 185.4 191.8 209.7 219.7 232.3 240.7 252.5 263.3 282.3 291.8 298.1 322 347.2 365.8 374.9 376 374.6 374.7 382.5 401.7 425.9 438.5 450.4 458.8 462.5 452.8 459.3 463.4 467.4 472 478.1 478.5 478.7 486.1 491 498 504.9 499.1 499.1 499 500.6 506.4 511.5 511.3 507 496.2 488.6 478.4 469.2 464.5 461 456.9 451.1 446.9
31.7 40.4 44.7 50.9 58.3 62.9 72.9 82.1 93.4 107.6 108.6 118.2 120.3 128 144.8 151.2 155.6 158.1 143 118.1 148.3 155.7 163.5 166.5 176 182.3 191.3 200.4 213.2 227.5 241.6 250.8 260.6 273.3 289.5 304.5 323.9 347.1 376.8 383.3 389.1 391.4 384.8 383.6 393.2 424 447.4 453.4 457.1 465.3 471.3 468.8 468.8 466.9 471.4 478.8 478.1 484.9 487.9 492.7 497.6 510.8 509.1 508.8 504.6 498.8 499.1 497.8 501.8 502.3 497.5 488.8 477.7 474.6 465.7 462.7 461.8 452.8 447.6 444.6
31.1 38.9 44.3 49.6 57 59 75.3 93.6 101.2 113.2 118.6 118.6 121.6 129 151.7 152.2 151 147.7 108 144.2 147.6 156.8 160.7 169.2 179.7 189 198.9 209.5 218.6 234.8 253.4 263.4 269 279 303.2 320.8 343 368.3 377.8 389.7 395.6 401 395.6 396.4 423.2 448.6 466.4 474.5 476 477.5 476.6 476.7 477 476 484.2 490.5 496.1 498.4 498.4 500.8 509.1 508.1 509.2 504.3 498.9 497.6 495.2 490.5 491.7 494.7 486.3 478 470.1 464.6 459.3 460.6 457.4 445.7 440.6 440.5
33.4 43 49.3 56.2 61.3 69.4 86.1 101.8 108.7 114.3 121 122.3 126.6 136.2 152.2 148.2 141.3 120.7 107.7 132 140.9 150 156.6 169.2 184.8 193.3 205.2 221.7 227.6 248.2 266.4 274.7 276 294.7 318 337.4 361.3 381.3 386.5 388.2 393 398.6 407.4 426.4 440.4 463.1 480.3 484.7 487.2 484.7 485.1 484.2 485 487.3 499.8 499.3 499.8 498.6 496.5 494.4 493.7 495.9 501.4 499.9 499 492.2 484.8 477.7 488.4 486.8 478 470.2 461 454.8 451 456.9 449.2 437.6 434.2 439
38.9 47.7 55.3 63.9 73.8 81.6 99.7 108.9 114.6 117.6 121 124.1 128.7 135.2 138.1 123.7 108.3 124.9 141.2 140.1 142.4 150 159.2 168.7 183.1 195.8 208 225.4 238.1 253.9 275.9 280.9 288.3 308.5 328 356.8 375.1 405.9 414.5 416.6 411.4 409.3 416.5 428.3 439.6 461.1 479.6 481 488 491.9 496.5 492.1 490.8 491.8 499.4 498.1 495.9 492 485 481.3 478.6 482.8 490.6 490.6 483.8 480.2 473.5 466.2 474.7 473.9 466.4 458.7 453 445.7 439.3 438.7 435.9 429.2 428 438.4
47.4 50.8 57.6 65.9 74.6 83.6 102 111.5 112 116.6 121.2 121.2 126.8 127 104.3 109.2 133.5 141 151.7 157 156.3 155.5 160.5 168.5 182.8 194.9 214.4 229.6 254.5 272.9 278.1 287.2 304.3 323.7 343.7 364.9 386.8 409.5 419.5 421.7 419.6 418.6 422.5 431.5 438.7 453.7 467.6 480.2 484.9 493.7 499.3 496.8 496.1 494.3 494.2 491.6 484.9 476.3 473.8 472.3 466.6 470.1 475.4 477.6 470.1 467.7 462.9 456.6 459.4 455.6 448.8 449.9 441.2 439.8 431 423 423.7 418 423.2 424.6
54.8 56.3 60.4 66.2 74.1 82.6 100.6 109.4 110.1 109.8 113.5 116.8 113.8 98.2 119.3 129.1 134.7 148.1 168.5 169 167.4 166.6 166.3 172.8 181.9 196.3 220.2 241.3 269.4 286.1 294.5 302.4 315.6 334.9 359.5 380.4 390.8 394.2 413 426.8 431.2 427 427.1 434 443.9 458.7 471.2 476.1 479.1 487.2 492.7 492.6 498.8 498.2 490.1 482.9 471.4 469.1 465 462.8 458.6 461.6 467 462.9 456.6 455.1 450.6 447.4 445.3 445.7 438.9 435.2 430.6 429.4 419.3 412.6 406.6 405 409.1 415.8
60.4 62.8 64.2 65.9 73.4 85 97.5 102.4 102.9 104.6 107.1 101.2 100.2 111.8 121 130.3 140.1 159.8 170.3 173.2 175.9 177 176.7 183.8 187.3 199.1 223.2 246.1 277.8 298.5 318.2 318.2 330.5 338.8 364.4 383 389.2 397.8 409.2 420.8 440.8 438.6 435.4 443.4 456.5 467.6 473.2 476 478.8 481 492.4 491.8 498.7 500.8 482.5 472.8 469.2 469.8 460.9 452.6 449.3 447.5 447.9 445.9 445.8 445.4 440.7 438.4 435 434.1 427.8 425.1 424.4 421.8 411 401.4 396.4 391.4 397.8 411
66.2 69.2 67.8 68.3 76.5 84.9 90 92.2 96.4 97.3 89 96.7 106.4 112.5 119.1 129 148.6 165.2 170.3 178.3 185.8 184.4 189.3 193.6 194.7 204.2 225.2 248.5 271.9 307.3 322 328.1 332.2 344 362.8 381.2 390.7 397.7 407.6 421.2 437.9 449.6 459.2 471.6 482.4 489.2 487.2 479.1 478.3 481.3 491.7 491.7 490.3 492 480 474.2 476.4 475.7 471.4 455.7 444 439.4 435.5 433.8 434.4 436.6 427.4 426.8 422.2 418.9 416.5 415.5 417.6 410.1 399.4 391 385.6 381.7 389.9 398.2
70 71.2 68.8 71.2 78 84.9 91.4 91.4 94.1 83.1 98.2 109.3 113.8 119.2 125.3 137.4 155.5 167.9 175.3 181.9 190.9 193.9 203.6 204.3 208.8 213.2 235.8 253 273.2 304.4 319.5 341.2 339.6 353.3 366.1 383.3 402.8 413.9 418.9 424.8 432.4 445.9 466.2 481 488.6 491.1 494.3 487 478.8 479.3 486.9 499 493 489.5 482.8 477.5 476.2 473.3 472.2 460.5 444.3 434.7 428.5 423.5 422 419.4 411.3 410.3 405.3 402.5 400.6 406.1 412.6 408.1 390.8 380 375.1 371.7 386.1 388.1
70 68.8 60.8 66 77.6 91.8 91.9 90.1 76 95.8 105.9 112.4 115 127 134.4 152.4 165.8 177.6 183.5 187.9 192.2 214.6 214.8 219.1 224.8 223.8 240.2 253.1 266.3 299.8 321.9 333.5 343.7 355.5 369.2 390.7 406.1 416.6 423.7 428.9 430.1 429.4 443.2 468.5 480.1 484.1 494.4 490.8 480.3 479.5 483.3 492.1 497.6 494.7 492.9 489.7 481 474.6 468.4 455.4 439.6 427.5 422.4 414.5 406.6 401.6 398.9 398.3 391.2 386.4 388.5 395.6 400.1 391 379.2 372.9 365.4 363.8 374.8 381.3
56.4 52.2 49.2 61.4 62.3 76.2 77.7 61.7 88.7 100.2 107.4 114.6 122.2 137.4 140.9 162 175.4 184.9 189.2 191.3 205.2 218.2 223.5 235.4 239.3 235.6 248 264 283.6 316.6 331.2 335.8 350.9 366 377.9 397.2 416.1 420.6 427 434.8 429.5 427.8 432.3 446.3 465.3 468.9 475.7 481.8 470.5 475.8 478.6 484.4 491 494.8 495.5 490.3 481.8 468.3 464.9 460.8 446.2 425.3 412.3 404.3 398.8 395.2 390.4 381.4 374.7 373.9 374.3 380.7 385.5 375.1 370.1 361.3 351.5 349.3 352.7 383.9
44.8 51.3 65 71.2 77.7 67.6 77.7 84.7 96.6 105.3 110.8 118.1 128.1 139.4 148.3 168.5 181.5 188.5 194.1 200.2 220.5 224.5 231.1 241.4 245.9 246.2 254.1 268.4 294.6 331 343.1 346.1 365.6 379.8 392.7 409.6 425.8 429.2 432.1 442.8 442 433 439.1 439.1 438.3 454.1 458 462.8 459.9 467.4 469.2 470.7 474.7 483.3 479.9 475 465.7 463.3 460 452.6 445.3 431.9 416.7 401.5 396.9 390.4 379.9 369.3 366.1 361.4 362.8 366.2 366.3 365.4 356.2 349.4 339.8 341.4 350.3 375.1
62.4 64 62.3 68.9 80.1 91.5 88.9 90.5 100.9 110.7 116.4 118.1 126.8 137.8 158.6 173.7 182.2 187.2 197.6 204.9 219.2 226.6 237.5 248.2 251.3 253.2 260 280.9 304.9 340.2 355.9 371.9 379.1 414.7 409.8 412.3 424.9 432.2 438.1 450.1 448.7 439.4 440.8 440.8 436.2 433 440.7 445.2 450.9 451.8 449.8 451.3 452.3 456.8 463.2 462 457.4 455.2 451 445.2 440.8 427.2 418.7 402.7 391 388.6 379.9 373.8 364.4 359.8 354.7 351.6 351.3 347.6 343.5 338 332.3 336.9 343.9 359
66.4 60.9 68.5 71.4 84.4 91.3 89 89.6 104.9 114 118.6 118.7 127.9 139.7 166.8 180.4 182.3 191.2 210 215.9 220.8 232.9 241.3 251 259.7 259.4 268.3 289.3 326.1 363.2 381 390.3 392.2 417.6 422.1 425.9 429.9 432.9 435.9 447.4 449.1 440.2 438.5 439.1 435.5 427.7 424.7 432 439.2 436.1 433.7 434.6 439.3 446.9 446.9 449.8 449.8 443 437.9 433.7 431 418.1 405.2 396.9 389.2 374.2 369.2 367.6 360.5 357 352.8 347.9 343.4 341.2 335.6 329 328.6 331.2 340.3 339.8
65.5 65.2 70 72.7 85 91.3 89 94.4 108.9 121.5 118.6 119.1 128.1 144.2 170.4 176.6 179.8 194.6 218 218.8 223.6 240.5 243.2 250.8 259.8 265.7 278.5 301.2 339.1 371.7 387.7 394 397.3 425.1 428.9 429.5 432.7 435.8 437.5 442.2 449 449.3 437 426.7 422.9 418.8 420.3 418.8 423.9 420.4 423.1 423.1 428.8 432.8 433.8 431.5 425.4 426.7 426.7 424.7 420.9 410.3 397.1 385.2 380.3 370.5 362.2 351.8 350 350.2 349.3 344.6 341.2 332.7 328.6 321.7 322.5 328.1 333.7 332.4
64.6 64.1 69.6 77.4 83.1 91.3 91.2 103.3 119.7 121 120.1 120.6 127.4 144.2 162 169.5 182.4 196 209.4 215.3 222.9 238.9 246.2 256.3 263.5 273.6 292.9 321.5 356.7 373.5 386.8 400.5 409.2 431.5 433.4 435.4 438 439.1 440.7 446.7 452.4 451.3 438.7 420.5 412.1 411.3 417.3 420.8 418.2 415.4 414.4 412.2 414.9 423.3 425 421.8 418.7 417.2 416.6 415.5 408 399.9 387.3 375.6 368.1 360.8 354.8 344.8 340.1 338.2 338.5 336.7 335.1 331.6 330 322.6 320.2 324.4 321.7 322.9
65.3 67.6 73.6 78 82.7 90.9 93.5 108.7 126 122.7 119.3 120.1 125.9 139.4 153.8 169.9 181.3 193.1 209 209.7 228.4 241.7 248.8 259.9 269.6 278 304.7 337.1 363.2 378.8 384.2 398.4 411 419 432.6 436.6 440.6 439.8 438.8 445.1 450.1 451.1 439.5 423 408.3 404.1 409.2 420.8 420 414 409.6 410.5 409 409.3 412.6 418.4 418.3 414.9 409 401.1 395.2 387.3 375.6 367.4 354.7 345.2 337.4 333.5 331.6 329.5 326.9 327.2 328.8 325.2 327.7 324.2 316.6 310 314.6 315.7
66.1 68.5 71.7 74.7 79.6 83.3 92.8 107.7 127 122.5 118.5 127.7 129.3 139.2 157.5 168 180 189.9 204.7 215.5 239.3 245.7 254.2 263.5 275 287.7 314.7 348.5 365.3 381.9 386 391 405.6 415.1 426 430.1 429.9 431.8 440.5 448.9 451.8 451 437.8 421.2 407.2 398.2 402.9 424.4 430.3 421.7 413.6 404.6 398.3 401.8 397.9 398.2 401.2 404.7 402 391.4 387.1 380.4 368.3 358.5 343.8 332.8 325.9 321.7 317.1 322.2 322.2 320.4 321.1 316.4 320.2 321.2 313.2 313.3 311 310.8
68.4 69 69.4 71.2 75 80.9 91.4 103.3 113 108.6 126.7 135.9 139.1 139.9 153.8 164.5 175.6 187.6 202.2 221.9 235.2 249.1 260.8 266.3 278 293.4 315.6 354.4 365.4 379.8 385.2 392 405.9 418.1 422.6 429 429.6 436.3 440.8 445.5 444.7 437.1 432.7 423 406.7 398.2 398.2 404.2 415.2 419.9 420.8 412.4 402 388.5 390.8 386.2 382.5 384.3 386.4 383.2 379.9 370.5 362.7 346.7 331.7 324.2 317.3 307.1 306.5 310.5 310.6 311.9 313.9 309 307.7 308.1 310.3 313.1 313.3 299.2
68.7 69.1 71.2 72.8 74.9 78.8 89.4 94.3 110.3 114.4 131.1 131.8 138.5 146.1 157 170.6 178.4 189.8 204.4 220.2 236.7 247.9 258.3 264.9 274.2 289.2 311.2 348.8 371.4 377 383.8 395.9 410.3 420.8 424.7 429.3 429 434.1 433.4 430.3 438.6 426.4 412.2 406.6 403.1 398.2 398.2 401.2 412.5 418.8 422.2 422.1 417.7 404.3 392.2 380.1 377.7 373.2 369.1 371.8 369.3 361.7 351.6 340.1 326.7 316.2 306 299.7 299.6 302.2 303.9 306.1 307.3 307 306.2 308.4 310 318.7 320.8 301.7
74.7 72.1 74.1 74.4 75.9 80.4 82.6 94.6 109.5 112.7 124.9 131.5 143 157.5 160.9 168.2 177.5 193.2 207.2 220.5 235.5 248.2 261.2 264.9 272.2 283 308 340.7 378.1 378.9 387.3 401.3 411.4 418.5 417.5 423.5 428.4 427.7 425.9 420.9 420.6 419 414.3 404.4 396.9 393 395.8 400.2 405.9 413.9 418.2 420.8 419.3 421 403.4 381.5 369.3 363.4 353.8 355.2 343.7 346.3 340.3 326.3 318.3 309.5 300.6 298.9 299.9 305.3 309.3 308.9 308.1 305.4 307.5 308.9 309 319.3 320.4 313.6
83.1 80.7 77.9 77.3 77.9 79.5 84 95.1 101.9 110.5 122.6 136.6 151.6 164.4 168.5 172.7 180.8 197 208.7 222.2 238.8 252.8 260.5 264.6 272.1 282 302.4 328.3 362.9 385.1 392.9 400.8 409.3 410.5 411.4 413.1 416.3 418.1 418.5 416.3 413.1 412.7 411 403.7 394 387.8 390.5 398.3 404.1 407.8 411.3 411.5 408.8 404.4 393.8 375.7 369 367.8 351.5 339.3 329.3 325.4 322.7 312.5 310.5 301.3 299.4 299.6 301.5 305.2 309.5 307.5 303.3 306.2 316 325.2 331.3 333.5 330 328.2
92.8 88 81.6 78.8 78.4 79.1 83 89.3 100 113.4 126.4 146.8 160.8 172.5 177.3 178.6 184 201.5 216.3 233.3 241.8 251.7 260.3 263 272.2 284.6 299.9 321.8 355.7 377.7 387.4 393.7 402.2 408.7 411 411 406.3 411 411.3 410 406.4 399 399.6 403.4 391 382.5 383.3 400.7 401 403.4 396.9 394.9 400.1 387.6 378.1 365.6 370.5 372.9 364.3 347.5 331.7 317.5 309.5 306.8 298.9 297.8 294.3 296.1 301.2 301.1 300 298.2 299.7 305.3 315.4 328.2 337.1 339.9 331.8 325.2
100.8 94.1 87.3 80.5 78.9 79.5 86.5 89.7 102.7 123.4 137.9 152.7 172.9 180.5 186.5 188 192.3 205 223.4 238.3 247.1 254.2 259.2 266.6 274.7 284.6 300.7 321.8 359.3 371.5 385.8 391.7 406.1 411 410 407.8 402.9 404.3 410.3 403.7 399.8 390.1 386 393.5 390.3 384.7 377.8 383.6 388.6 395.6 385.1 371.7 362.3 356.1 355.7 361.7 363.3 367.7 362.6 351.1 333.4 319.3 311 306.2 301.2 296.4 293.1 290.9 295.3 294.8 293.1 290 296.1 304.7 320 335.5 342.4 343.8 342.4 340
108.6 94.5 87 82 81 83.5 90.9 95.7 107.7 126.4 152.3 161.2 177.2 190.2 191.3 197.5 200.1 210.4 232.2 243.8 250 259 260.9 266.4 275.6 293.2 314.4 342.5 364.4 387.9 394.8 401.2 406.1 409.1 408.1 402.8 399 393.9 399.5 395.4 394.4 388.3 380.5 381.5 383.5 386.4 372.2 374.4 375.9 368.8 362.4 350 345.5 343.7 345.2 353.3 354.9 355.4 350.7 343 328.7 319.7 309.6 306.5 300.2 297.7 293.8 290 288.5 288 289.8 288.5 288.6 295.7 311.6 337.6 344.5 348.8 346.6 342
105.7 95.2 91.7 88.8 87.4 87.8 94 103.2 111.4 132.3 149.2 162.9 177.3 183 189.3 202.4 210.3 216.7 236.4 245.2 251.5 261.1 263.1 267.4 281.9 303.9 334.3 356.6 363.3 386.6 398.5 410.1 414.9 413.8 414.3 412.6 402.5 390 385.4 379.6 379.9 381.4 373.3 372.3 371.9 365.7 361 361.5 359.3 350.7 344.1 331 332.9 333.7 334 340.8 349.4 350.8 350 337.5 321.2 318.9 313.3 314.5 313.2 307.3 301.1 294.4 289.2 287.6 285.5 284.1 282.3 282.5 297.5 319.9 330.1 336.2 337.1 336
109.6 102 101.4 95.5 91.3 92.9 100 108.8 113.6 131.9 145.8 161.3 169.7 175.4 190.1 205.9 212.7 219.3 232.7 243.3 250 259.8 265.4 272.7 286.7 307.3 335.5 358.8 373.2 385.6 396 406.1 419.2 422.5 420.7 419.3 412.8 399.6 391.2 378.8 376.9 372.3 368 358.2 361 348 344.3 341 345.4 340.8 334 320.6 313.6 318.6 327.6 340 346.9 343.2 339.2 329.9 322.8 320 319.6 321.1 322.3 322.4 318.5 308.5 293.1 288.5 282 280.5 278.7 275.3 287.7 306.8 318.3 321.6 324.4 324.2
114.7 105.3 101.3 98.6 96.6 97.7 109.3 114.2 116.5 127 150.2 158.7 164 175.2 188.8 204.6 213.1 222.6 235.7 249.2 253.6 259 264.4 273.5 285.4 314.4 335.1 364.1 370.1 390.3 397.8 398.3 411 418.4 418.4 415.8 410.4 401.5 396.3 385.8 373.8 369.2 360.3 349 342.9 333.4 325.1 319.8 318.5 319.4 312.7 310.3 309.8 319.6 336.5 352.2 360.3 353 344.7 330 324.2 323.6 320.3 322.1 327.4 332.3 338.5 325.6 310 294.1 283.4 271 273 268.5 274.7 291.2 298.9 308 311.5 313.6
117.4 107.6 106.2 99.1 99.1 100.7 109.6 112.5 118 129.2 149.2 154 156.8 172.4 186.7 197.3 211 228.2 235.8 246.4 255.5 260.9 264 273.3 284.5 309.7 340.5 358.6 367.1 394.7 401.3 399.2 409.6 412.9 413.4 410.8 404.7 399 395.5 390.3 381.4 361 353.3 341.2 331.1 326.1 315.3 307.5 307.7 306.6 308 308.5 310.2 315.8 325.4 342.6 348.5 358.4 354.4 340.9 328.9 327.6 322.9 323.3 329 333.9 344.2 338.8 321.2 306 289.3 270.7 266.7 260.5 261 263.9 276.5 286.3 297.8 304.1
124.5 115.1 112.2 106.3 100.9 104.8 110 112.1 117.4 123.1 130.8 137.6 149.4 165.8 176.2 195.5 213.6 230.5 232.2 239.7 250.7 261.2 262 269.8 281.2 308.1 331.7 358 373.7 391.5 404.3 403.6 404.8 405.6 401.2 403.4 394.9 389.9 382.3 384.2 379.7 372 357.1 342.8 330 319.9 313.6 310.6 308.3 302.3 310.3 311 309 307.8 318.7 326.4 333.4 343.7 347.6 351.5 345.6 334.9 323.6 323.1 326.3 330.9 335.9 330.2 323.3 313.8 303.5 287.5 270.8 261.6 259.1 254.3 257.2 267.8 288 300.4
