data/190000-690000.asc
ncols 200
nrows 200
xllcorner 190000
yllcorner 690000
cellsize 50
[rows 36 to 71 of 200, columns 0 to 81 of 200]
298.1 311.2 319.2 302.7 312.5 318.5 319.3 308.8 300.1 296.8 293.3 292 293.5 299.6 304.8 305.6 307 306.3 306.6 305 297.8 287.2 279.6 272.6 264.4 258.1 255.5 261.7 263.5 262.3 257.3 236.6 236.3 232.4 227.6 226.2 221.4 219.9 219.5 217.2 215.8 213.8 211.4 207 195.8 188.9 186.7 181.9 174.4 168.7 165.7 167.9 166.1 167.3 167.4 167.1 164.8 162.4 160.7 160.3 157.4 153.9 148.8 140.6 138.7 142.1 145.4 146.8 147.4 150.7 150.7 150.8 156.6 161 165.6 165.7 161.8 159.5 158.9 158.7 159.2 160.5
304.6 310.8 302.4 303 312.2 313.1 306.6 298.8 296.3 293.5 291.8 291.5 295.5 301.4 304.1 305.4 305.8 305.3 304.4 301.8 295 287.3 276.5 267.3 260.1 256.2 255.5 259.9 259.8 256.7 238.8 234.5 231.3 228.3 224.7 220 218 215.9 217.5 216.2 211.9 210.4 211.9 197.6 187.4 186.3 181.4 170.5 166.5 164.3 161.6 163.2 165.1 163.5 163.6 164.2 163.4 161.6 161.2 160.9 159.2 155.9 144.4 138.8 140 141.5 142 143.5 143.2 148 151 155.2 157.6 161.3 163.1 162.2 161.7 158.5 159.2 160.9 161.9 164.1
302.5 300.9 298.4 302.2 305.1 301.7 296.7 295.1 293.2 292.6 291.6 290.1 295.8 299.6 302.7 305.2 305.8 306.6 305.5 301.6 296.4 291.1 275.6 263.7 253.6 251.2 255.5 258.2 257.7 245 229.2 229.1 226.5 224.9 220 218.8 219 219.1 210.2 209.6 207.3 209.2 204.1 187.2 183.7 179.2 170.5 165.2 161.3 159.2 158.5 160 162.2 161.3 161.3 161.2 160.3 159.8 166.6 158.7 154.5 150.6 139.8 137.8 138.5 141.2 140.4 142.1 145.9 149.2 151.9 155.4 156.3 157.5 158.6 158.8 159.4 157.1 162.5 166.2 167.9 172
294.2 295 297 299.9 298.2 296.1 296.6 296.5 296.1 294.8 294.5 286.9 292.9 298.9 303.1 307.5 314.6 317.7 312.8 307 298.4 290.9 277.4 257.2 247.8 246.8 253.2 253.9 250.9 225.8 225.7 224.6 222 219 216.9 216.3 213.7 210.4 205.9 204.5 206.9 201.9 188.9 178.7 176.8 171.8 165.7 161.3 157.2 154.2 155.6 157.4 159.5 159.6 160.1 159.5 157.3 166.5 156.3 151.4 147.9 142.2 138.5 137.6 136.9 140.4 138.7 141.5 146.6 149.6 152 152.8 152.2 153 152.1 154 158 164.5 171 170 172.7 179.3
298.2 302.1 299.8 300.6 293.3 294.6 301.8 300.2 300.3 298.6 292.9 284.8 291.9 295.2 300.7 309.8 320.7 320.4 317.3 314.3 299.5 288.4 275 256.6 244.1 245.6 247.5 245.9 232.8 220.3 221.3 219.4 218.1 216.6 214.1 211.2 207.8 204.6 198.5 201.1 201.1 190 181.2 176.3 170.6 165.4 161 157.3 155.7 152.5 154 155.5 157.6 158 158.8 153.8 157.5 153.1 151.4 148.8 145.7 139.9 137.3 137.5 137.5 136.6 139.8 143 144.2 146.2 148.8 147.5 149.6 154.5 158.7 163.4 173 176.6 177.3 177.6 178.3 180.1
304.6 300.6 297.1 289.5 293 298.3 301.3 303.6 302.7 295.4 285.8 285.1 291.1 296.8 305.3 315.6 317.6 318.5 314.8 312.4 305 285.7 275 261.4 243.7 242.2 244.1 242.9 222.1 217.9 220.6 217.1 214.8 213.2 209.6 205.2 201.2 198.8 197 192.4 184.8 178.9 175.9 171.6 166.6 163.6 160.3 157.1 154.7 152.1 150.5 154.8 155.8 155 152.6 156.3 153.4 149.4 147.2 144.4 140.3 137.1 137 137.3 136.8 136 136.8 138.5 141.6 144.2 146 149 155.7 160.7 164.4 173 179.7 181.6 180.8 179.3 177.6 179.6
299.7 294.1 286.3 287.5 299.9 306.2 310.8 310.4 304.8 291.9 284.4 286.1 294 298.3 303.9 309.9 310.1 309.9 307.7 304.1 295.6 279.4 272.4 256.1 243.3 240.2 238.4 227.8 218.2 215.4 216.5 213.4 212.9 205.5 201.7 198.6 195.3 193.2 189.7 181.3 179.2 175.8 171.1 168.3 166.3 163 159 156 153.2 150.3 149.9 150.1 151.4 146.8 152.1 148.9 144.8 140.9 140 138.8 137 136.8 136.6 136 135.5 135.4 137.1 139.8 143.2 146.1 149.7 155 161 165.6 168.9 178.3 185.2 186.6 182.7 179.9 177.8 178.5
286.9 281.9 283 300.3 315.6 326 315.7 310.3 302.4 288.5 289.1 288.8 290.2 295 298.5 302.5 302.9 300.7 299.4 293.5 283.1 273.1 260 249.6 242.8 240.9 233.5 221.5 220.2 213.9 212.4 209 205.7 199 197 194.5 191.5 189.1 181.2 178.4 178.3 174.1 170.1 167.9 165.6 161.2 157.1 154.3 152.1 146.9 144.4 145.6 146.7 145.7 143.2 140.7 139.4 138.4 137.5 136.6 136.5 136.3 136 135.4 134.9 137.6 138.4 141.5 145.4 148.7 154 161.5 164.6 169.5 177.1 187.7 195.9 190.3 183 180.8 179 179
278.3 277 284.7 308 318.7 321.3 315.3 302.7 304.9 284.8 287.9 288.9 292.8 301.2 297.2 298.6 296.4 294.9 284.3 273.2 266.9 261.5 258.3 255.1 245.4 238.4 224.8 217.6 214.3 211.7 205.1 202.6 200 197.2 194.6 192 188.7 183.5 176.2 176.8 173.7 169.9 168.3 165.5 161.9 158.3 154.2 150.2 145.1 141.1 142.5 142.4 140.9 138.5 137.1 137.1 137.6 136.8 136.7 135.9 135.2 135.3 135.6 134.8 134.4 141.8 142.4 146.1 148.6 153.9 157.9 165.2 172.4 176.5 184.1 190.4 193 186.4 182.5 180.4 179.1 180.8
269.7 275.2 287.8 304.1 310 309.4 306.6 303.6 296.5 283.1 283.1 289.7 300.3 308.6 298.3 295.6 288.4 282.7 272.5 269.7 267.3 264 263.5 260.8 247.2 231.5 220.9 217.1 199 197.7 197 197.4 197.4 196.1 192.8 189.9 184.7 177.8 171.9 169 167.2 166.3 165.2 161.7 157.2 153.8 149.3 145.7 140.1 139.9 140.3 138.5 137.4 137.2 135.5 132.4 133.1 133.7 133.9 134.5 133.8 133.8 135.4 134.1 139.3 145.9 146.7 151.7 155.4 159.4 164.1 171 180.1 184.6 187.7 191.5 188.5 183.9 181.3 179.8 181.3 183
264 276 287.6 300.6 311.8 309.3 292.4 295.8 283.7 281.1 283.8 294 299.1 302.4 297.6 292.2 289.2 281.6 273.4 277.6 285.1 281.2 274.3 267.2 248.1 232.6 218.9 212 200.3 188.6 193.4 197.2 195.2 191.4 187.2 180.4 177.3 173.6 169.3 165.8 164.3 163.4 160.6 154.5 151.6 149.3 146.1 143.6 135.7 140 138 136.3 136.6 136.5 137 132.7 132.8 135 132 132.6 132.6 135.5 141 143.2 150.6 154.9 155.8 158.3 160.8 165.7 170.1 180.4 191.8 192.3 195.3 193.4 188.1 186.3 187.9 187.5 184 185.9
266.5 280.7 287 292.5 291 283 285.4 274.5 276.3 280.8 282.6 287.2 289.1 295.1 296.3 292.8 294.9 278.2 273.6 289.9 288 283.4 283.7 273.4 243.7 234.1 220.3 208.4 195.1 182.2 194.7 189.3 187.4 183.3 179.8 176.3 175.3 171 167.3 163.5 162 160.1 164.3 150.5 144.7 145.7 144.8 143 132.4 136.2 134.8 135.4 136.5 137.1 136.2 130.2 139.3 137.2 132.2 138.1 143.2 144.8 151.2 153.6 158.9 162.9 163.4 160.4 165.5 170.8 177.5 189.8 201.4 202 201.3 193.9 189.6 194.4 197.3 191.1 186.5 188.1
267.4 274.5 277.4 274.3 273.7 279.8 273.1 273.5 279.4 282.1 283.7 289.3 289.2 293 292.1 293 280.6 272.6 272.6 285.7 289.8 287.3 295 274.4 242.6 232.4 219.7 205.6 193.6 181.9 181.1 185.5 185.5 179.9 176.1 173.7 170.3 167.9 165.2 162.7 162.3 162.7 151.1 144.6 140.4 143.3 144.1 135.1 131.9 133.2 134.7 135.1 135.7 135 130.7 133.7 140.3 139.4 146 155.4 156 154.5 158.8 161.8 166.9 170.2 168 168.1 170 175.5 183.8 196.4 207.5 212.3 203.5 195.4 198.2 198.8 197 189.2 188.5 190.1
264 262.1 257.1 261.4 271.5 275.9 272.8 278.1 282.9 285.5 288.7 286.6 288.2 289.9 289.7 279.4 271.8 269.3 275.7 285.1 286.2 297.1 297.5 270.1 242.2 228 212.3 200.7 190.5 181.4 176.1 178.4 172.1 174.5 170.8 170.2 167.6 165.5 164 164.5 161.1 148.4 144.5 144.7 141.1 138.7 133.1 128.1 132.3 133.2 133.6 132.9 133.6 130.4 132.6 136.2 140.5 146.2 159.4 166.4 163.7 165.5 164.3 169.3 175 174.6 172.7 174.1 175.4 181.2 186.2 199.5 213.7 210.5 200.1 199.9 200.7 196.7 192.5 191 190.4 193.6
258.1 251.9 261.9 266 274.1 272.7 272.8 289.8 286.7 287.3 292.6 290.8 289.2 290 287.2 271.5 266.3 268.8 278.7 282.8 290.9 307.5 291.8 268.2 241.7 225.8 207.7 192.7 184.5 181.8 177.9 177.6 176.1 165 167.2 168.1 167.3 163.1 160.8 158 147.3 142.6 141.3 139.1 134.9 132.5 128.8 125.6 123.2 127.6 127.7 130.5 129.7 131.2 137.6 142.9 147 163.6 164.3 165.4 168.3 169.6 170.1 174 177.3 177.9 176.8 179.3 182.7 188.2 192.4 198.2 200.7 197.9 199.4 206.1 206.3 200.8 194.5 192.8 191.7 192.8
246.7 257.9 261.8 267.9 273.3 274.9 277.5 290.1 288.9 288 292.2 296.3 290.9 286.7 277.9 267 266.7 271.2 281.5 285.9 307.9 305.8 282.5 255.2 237.2 222.2 203.8 189.4 183.1 180.7 179.7 178.5 174.7 170.6 164.5 162 159.8 157.6 154.4 146.4 141.7 140.6 140.2 137.8 136.2 134.3 127.2 132.7 131 131 130.8 132.7 131.9 137.7 143.2 149 156 160.2 163.5 166.4 169.7 170.4 173.5 176.7 179.3 181 181.2 184.2 188 191.3 192.5 194.4 195.5 198.9 205.9 208.4 204.4 199.7 194.9 192.7 191.2 191.3
257.3 256.5 267.8 273.3 281.4 281.7 282.8 293 288.7 287.2 290 294.5 297.5 286.2 268.5 266.3 274.9 277.8 282.4 294.1 304.8 287 271.3 244.3 228 217.9 195.3 182.8 178.4 179.3 181.8 180.3 175.3 170.4 164 156.5 145.8 148.1 147 142.1 138.6 138.9 137.2 137.6 136 131.9 123.5 132.6 133.1 132.7 133.3 136.3 141.9 146.6 148.8 152 156.2 160.6 165.4 168.6 171.1 173.6 176.5 180.1 182.6 183.4 184.9 187.4 195.3 201.8 202 200 201.1 205.8 210.3 212.5 203.3 198.8 195.6 191.5 188.5 189.1
253.1 257.5 267.9 281.8 288.5 281.9 290.4 301.6 289.9 284.1 288.2 289.9 296.2 271.6 260.3 276 289.7 283.4 294.3 303.6 285.3 279.6 268.4 237 219.9 205 191.4 176.7 176.1 178.3 176.6 172.9 169.2 165.6 160.3 153.4 141.1 143.9 139 136.5 135.9 135 135.4 135 134.1 130.2 131.9 132.9 132.7 134.9 138.6 143.9 148 151.1 152.4 153.1 157.5 164.4 172.7 175.3 175.2 178.9 181 182.1 183.7 184.6 187.6 194.4 198.9 204.2 209 209.5 207.1 213.6 217.8 210.2 203.7 201 196.9 195.7 192.4 184.1
247.5 259.9 272.5 278.4 284 283.1 296.6 299.3 287.2 282 280.3 290 285.4 259.3 262.5 290.8 292.7 286.5 305.5 297.7 286.4 267.6 254.1 232.6 207.6 197.6 187.4 178.1 174.3 173.1 171.1 167.2 166.9 167.4 162.9 149.6 138.7 135.2 135.1 134.5 133.9 132.6 133.1 132.9 131.6 123.3 129.2 131.7 135.3 139.6 144.5 148.2 151.8 153.4 154.2 156.3 159.4 169.3 177.7 180.8 180 180.2 180 181.4 183.9 186.7 191.2 200.5 201.3 209.1 214.2 217.2 216 218.5 217.8 207.9 205.7 203.3 201.8 200.6 187.9 180.7
246.2 270.9 280.5 287.8 284.4 292.4 295.8 293.7 286 275.1 275.5 281.2 257.1 251.3 269.2 282.7 283.9 304.4 305.5 288.3 270.3 261.7 237.8 215.3 201.1 195.3 191 179.7 174.9 174.7 178.9 171.8 168.5 162.8 154.4 141.8 132.9 129.3 133.8 132 132.2 129.9 130.9 129.3 122.6 125.5 129.6 134.9 139.1 144 146.8 150.4 152.8 153.9 155.5 159.4 166.5 174.3 185.6 181.7 180.7 179.3 178.8 180.9 184 189.2 196.5 207.5 206.9 210.8 212.8 212.9 213.5 214.5 211.6 208.5 207 205.1 201.5 193 182.7 180.1
255.4 275.9 288 291.1 276.2 290 288.5 286.1 279.8 273.4 274.2 261.4 248.8 253.4 268 276.6 287.3 297.4 293.9 271.9 263.9 248.8 227.5 207.7 194.2 195.4 197.8 179.9 176.6 186 193.3 187.9 177.1 171.3 157.6 143.3 135.2 132.9 126.4 128.3 131.2 129.9 127.8 126.5 117.7 128.7 134.5 139.6 142.9 145.9 148.3 150.8 152.9 154.9 161.5 174.5 178 184.6 184 180.5 180.1 177.9 177.4 180.3 185.2 195.2 202.9 209.4 210.6 210.6 213.1 212.8 212.1 211.4 210.4 207.1 205.7 205.3 202.7 189.9 183.5 180.5
264.1 282.1 286.4 265.5 268.3 270.4 285.3 279.4 273.3 271.1 267.4 249.8 249 257.1 273.3 283.1 285.2 282.7 270.4 261.9 257.1 242.7 216 201.6 187.7 191.2 189 183.3 184.2 193.7 200.6 198.5 185.2 174.5 161.3 146.5 139.8 136 131.5 124.7 126.9 125.8 125.1 123.8 118 129.8 137.7 142.4 145.6 148.1 150.2 152.1 154.7 158.1 166.8 186.5 189.4 180.8 176.9 176.4 176.8 176.6 180.3 184.7 192.5 201.2 207.4 214.6 212.3 212.5 217.8 215.7 211.2 209.3 207.9 204.8 202.4 198.6 196.1 191.6 188.1 181
266.1 277.5 262.3 258.7 263.9 268.1 279.8 274.8 272.7 269.4 250.8 243.7 252.9 267.1 283.8 284.6 283.6 278.9 267.6 260 248.7 226.8 210.7 197.3 187.1 184.3 186.8 185.5 188.3 187.5 186.6 183.9 177.9 170.5 159.4 149.4 144.3 138.3 128.7 123 124.1 123.2 123.4 114.3 122.9 132.3 136.9 141.9 146.1 149.3 151.3 154.4 157.4 165.4 174.3 178.7 174.3 174.1 174.8 175.7 177.1 179 182 191.1 200.1 209.3 220 221.4 214.8 214.4 215.5 212.1 210.5 209.1 207.7 200.8 194.3 191.1 190.4 189.7 184 178.4
264.7 262.3 252.6 265.5 265.2 262.2 273.3 268.6 273 261.9 231.2 245.9 253.8 276.7 284 285.2 288.5 274.5 267 257.9 238.7 219 206.9 189.5 184.6 182.8 183.2 191.8 190.8 188.8 183.6 182 184.6 180 161 151.9 143.6 136.2 124.9 120.9 120.7 120.1 120 115.6 128.6 133.2 136.9 140.3 145.4 149.4 153.1 156.1 161.5 163.8 168.6 172.2 173.2 175.2 177.1 178 182.1 182.4 188.3 198.1 210.3 222.3 228.5 218.5 213.4 212.6 210.9 211.7 212.2 207.7 200.2 196.3 191.6 187.5 184.7 184.8 179 175.1
256.7 248.9 260.7 269.2 264.2 259.7 260.3 268.8 261.4 238.3 226.8 242.9 256.5 279.8 286.1 286.3 277 270.8 256.8 245.1 226.1 214.4 198.7 186.9 183.8 181.5 183.9 197.5 194.9 192.6 184.4 182.9 180.7 171.4 165.1 154.9 142.8 133.6 124 119.4 118.2 114.9 114.8 116.8 130.3 132.1 134.6 140.6 146.4 151.1 154.2 157.8 159.9 167.4 171.9 173.4 176.1 178.6 180.3 181.4 184 186.5 194.6 205.3 215.5 219.8 215.5 213.4 210.7 208.8 209.7 211.2 209.5 204.6 199.4 193.9 188.8 181.4 182.5 178.3 174.3 174.6
246.4 269.1 278.4 274.3 263 258.5 254.5 252.1 240.9 230 225.6 245.1 261.2 274 288.1 282.4 274 262.9 243.9 228.1 221.2 204.7 190.1 185 182.8 180.8 185.3 194.1 194.3 193.9 187.6 186.9 190.8 169.1 164 158.8 144.5 133.5 130.9 129.9 122.9 115 110.4 123.9 129.6 132.2 135.1 140.9 148.1 152.8 156 158.9 164.7 179.1 179.2 177.6 178.5 177.4 180.6 183.6 190.7 193 199.5 208.3 212.8 210.7 204.9 203.6 205.6 206.9 208.3 205.8 204.6 202.9 199.2 189.3 179.5 178.1 177.4 171.8 174.8 178.9
263 271.8 275 265.5 261.1 257.9 255.6 241.8 235.8 222.3 231 249.6 266.1 282.2 283.5 274.8 270.5 247.7 228.1 219.8 212.6 198.6 187.1 184.1 181.5 180 181.8 186.2 187.2 188.2 188.7 196.8 195.3 166 163.6 160.2 147.4 140.6 138.2 131.9 125 114.3 115.9 126.5 129.2 130.4 134.2 141.7 148.5 154.3 158.9 163.2 177 185.5 178.9 174.6 173.5 182.8 190.6 196.3 197.8 199 199 198.6 198 197.8 199.9 203.7 203.5 203.4 201.8 203.7 204.9 198.2 188.5 178.9 175.7 171.8 171.4 176.6 181.1 185.4
261.9 268 266.3 261.2 262.5 263.5 254.7 234.2 224 222.4 239.2 256.9 268.8 273.8 273 267.2 257.9 233.7 228.2 220.1 207.7 193.9 183.8 182.6 180.5 179.4 181.2 184.7 189.2 189.9 189 192.5 171 164.3 162.1 158.2 151.3 148.8 144.5 136.7 124.4 112.2 120.9 125.6 126.5 129.9 139.2 146.4 152.9 157.2 161.8 181.3 185.2 178.8 169.7 170.5 181.8 193.3 194.6 190.2 200 204.9 199.3 196.3 195.3 197 199.8 197.9 197.6 199 201.8 206.6 203.9 180.8 177.8 171.7 169.2 170 175.3 181.7 189.4 190
265.9 269.8 258.5 259.4 269.8 266.1 244.8 225.9 211.4 229.3 245 256.8 261 264.8 266.3 257.8 242.8 232.3 230.7 212.6 203.2 185.1 181.8 180.8 179.7 179.7 181.4 189 194 193.9 189.3 181.5 169.4 163.7 159.8 159.1 159.2 154.6 146.3 138.5 129.5 110.7 117.4 125.2 123.1 132.2 138.6 146.1 152.3 159 165.5 171.5 168.7 166.6 169.3 177.6 181.4 182.4 183.4 198.5 208 214.2 200.2 196.1 193.9 196 194.5 193.5 196.7 199.9 202.4 203.5 191.4 173.4 172 169.5 169.9 173.6 179.9 187.2 187.8 180.5
254.8 254.3 257.5 265.7 264.7 245.7 232.5 218.3 214.4 231.9 242.9 249.1 252.3 252.8 247.1 236.9 235.5 230.3 222.8 207.7 191.9 180.8 179.8 179 179.2 180 182.2 185.9 193.9 200 188.9 181.8 171.7 166.4 163.8 164.8 161.7 159.1 149 138.8 130.1 108.1 117.8 117 124.6 129.5 138.2 146 157.3 157.1 157.8 160.2 164 170.8 172.6 175.2 178.2 181.2 194.2 212.7 220.3 215.7 196.7 194.5 193.1 192.2 191.1 193.7 198 199.9 199.3 183.3 171.1 171.5 170.8 167.2 172.1 179.7 185.2 183.9 175.1 167.7
249.7 259.3 274.9 273.2 243.1 235.3 221.2 206.5 216.7 230.7 236.8 240.2 242.2 242.2 235.7 230.5 228.3 222 212.5 197 182.5 179.3 178 178 178.8 181.6 187.1 188.5 190.8 191.1 188.3 186 182 174.4 172.7 167 162.2 156.2 145.5 136.1 128.1 108.7 108.9 117.4 123.7 128 135.6 144.4 148.3 154.6 160.3 165 167.4 168.9 171.7 174.3 177.7 188.7 206.2 220 216.1 199.8 198 196.3 190.4 186.1 189.6 191.6 190.2 179.8 171.2 167.9 167.7 166.8 168 168.1 173.7 182.6 177.9 171.2 164.3 156.6
255.8 271.9 270.5 242.2 229 216.5 205.1 206.8 218 224.9 229.3 231.6 231.8 228.4 223.9 224.5 222.1 210.1 199.7 185.9 180.2 178.6 177.7 178.1 180.3 192.2 192.6 191.7 192.8 196 194.2 185.7 182.5 181 182.2 165.7 157.5 148.4 140.8 132.3 127.7 120.4 110.7 108.3 121.4 126.6 133.2 142.1 147.2 155.1 162.6 166.1 168.5 172.7 175.3 179.2 190.6 197.6 211.2 204.7 201.4 200.7 199.5 192.8 177.2 182.7 183.7 181.5 171.6 165 163.5 164.5 162.8 164.4 170.3 172.3 171.8 165.9 163.4 157.2 153.1 149.2
257.1 251 233.1 228 215.8 207.9 200.3 204.3 215.3 220.6 220.6 219.9 220.3 218.9 217 213.2 209.1 200.7 192.2 180.4 178.3 177.5 177.8 178.6 194.4 200.5 196.1 197.8 200.2 206.9 204.2 192.8 182.8 180.9 179.2 165.2 153.8 146.4 137.2 129 123.9 123.2 111.5 109.1 115.2 122.7 129.2 140.8 147.7 151 161.5 168.4 173.7 175.9 178.3 182.3 196.5 206.5 205.1 207.2 204 204.2 186.5 177.5 171 175.1 170.7 163 161.5 159.6 159.9 163.6 166.7 166.6 167.6 167.4 161.8 156.2 152.9 148.7 145.8 142.9
217.2 219.1 219.9 218.4 212.6 203.7 197.7 202.1 209.7 209.9 209.9 211.7 209.6 206.8 205.7 203.3 201.2 190.5 180.5 177.7 177.5 177.8 178.4 183.5 197.4 201.2 201.2 205 209.6 213.9 217.2 209.2 190.3 174.2 166.1 156.3 148.8 141.2 131.7 124.6 122.2 121.2 118.2 108.7 111.4 120.8 130.6 139.4 143 156.8 166.4 169.9 172.3 174.5 176.8 185.7 199.3 206 208.8 205.5 207.7 189.4 174.9 167.4 165.6 162.3 161.4 158 156.6 160.6 163.2 164.4 165.9 164.6 162.6 156.9 152.2 149.8 145.8 142.6 140.9 137.4
217.2 216.3 217 212 200.8 195.6 197 202.6 202.6 199.3 199.8 199.1 198.2 198.5 198.4 193.1 187.1 182.9 178.9 178 178.6 178.9 181.7 189.1 201.5 212.4 208.7 209.6 213.7 218.9 217.8 207 179.7 167 153 146.9 139.2 133.9 127.1 121 120.1 119.5 118.6 107.1 114.4 120.2 126.5 132.3 149.2 158.4 162.5 166.4 169.9 171.3 174 184.8 198.6 205.7 201.8 203.7 191.1 177.8 166.6 159.9 157.6 157 154.6 157.1 159.5 160.5 161.1 161.6 160.7 154.9 153.1 149.1 145.5 143.3 138.9 137.2 134.9 132.7
210.1 207.6 205 199.1 195.6 195.2 195.3 198.6 195.1 194.5 193.2 191.7 192.4 190.2 188.5 184.6 182.8 179.9 177.4 178.2 179.5 181.3 183.9 198.2 207.1 216.3 216.4 213.5 219.3 228.1 226.7 186.4 168.2 152.9 144.5 136.9 133.3 129.5 124 118.7 117.4 117.3 116.9 110.1 104.4 119.5 130.5 142.2 150.3 154.9 160.2 162.2 164.2 168.1 172.6 181.8 190.6 192.3 201.4 201.3 182.4 170.4 161.2 154.7 151.8 152.4 155.7 156.8 157.6 157 156 154.1 150 147 144.5 142.2 137 134.8 131.8 130.1 129.7 129.1
