data/190000-680000.asc
ncols 200
nrows 200
xllcorner 190000
yllcorner 680000
cellsize 50
[rows 0 to 35 of 200, columns 82 to 163 of 200]
-1.1 -1.1 -1.1 -1.1 -1.1 -1.1 -1.1 -1.1 -1.1 -1.1 -1.1 -1.1 -1.1 -1.1 -1.1 -1.1 -1.1 -1.1 -1.1 -1.1 -1.1 -1.1 -1.1 -1.1 -1.1 -1.1 -1.1 -1.1 -1.1 -1.1 -1.1 -1.1 -1.1 -1.1 -1.1 -1.1 -1.1 -1.1 -1.1 -1.1 2.7 10.3 18.7 24.2 31.2 40.5 50 53.7 57.8 65 68.9 79.6 80.9 81.6 87.8 95.8 107.6 122.5 125.2 107.1 77.6 110 114.6 134.2 154.9 170.8 177.8 180.8 180.4 179.7 182.4 185 188.3 194.5 200.2 202.8 208.8 210.2 220.9 230.1 231.7 237.2
-1.1 -1.1 -1.1 -1.1 -1.1 -1.1 -1.1 -1.1 -1.1 -1.1 -1.1 -1.1 -1.1 -1.1 -1.1 -1.1 -1.1 -1.1 -1.1 -1.1 -1.1 -1.1 -1.1 -1.1 -1.1 -1.1 -1.1 -1.1 -1.1 -1.1 -1.1 -1.1 -1.1 -1.1 -1.1 -1.1 -1.1 -1.1 -1.1 2.5 10.2 24 33.5 39.4 45.2 51 57.8 61.7 66.7 75.4 80.1 84.6 87.1 89.1 89.1 102.2 117.2 124.2 127.7 123.2 85.3 119.3 128.9 140.6 150.6 160.1 169.5 174.7 179.9 183.3 185.9 188 189.7 195.6 201.2 206 212.4 216.1 218.5 225.5 230.4 234.5
-1.1 -1.1 -1.1 -1.1 -1.1 -1.1 -1.1 -1.1 -1.1 -1.1 -1.1 -1.1 -1.1 -1.1 -1.1 -1.1 -1.1 -1.1 -1.1 -1.1 -1.1 -1.1 -1.1 -1.1 -1.1 -1.1 -1.1 -1.1 -1.1 -1.1 -1.1 -1.1 -1.1 -1.1 -1.1 -1.1 -1.1 -1.1 3.7 10.4 21.9 34.7 43.6 49.8 57.4 62.4 66 67.4 73.2 80.4 87.4 89.4 93.2 96.6 97.1 105.9 119.6 126.8 129.2 129.7 105.4 110 136.3 145.2 159.9 173.7 175.1 178.2 183.5 187 189.3 190.5 194.7 202.2 210 210.9 216.2 223.4 227.3 227.4 230.7 235.4
-1.1 -1.1 -1.1 -1.1 -1.1 -1.1 -1.1 -1.1 -1.1 -1.1 -1.1 -1.1 -1.1 -1.1 -1.1 -1.1 -1.1 -1.1 -1.1 -1.1 -1.1 -1.1 -1.1 -1.1 -1.1 -1.1 -1.1 -1.1 -1.1 -1.1 -1.1 -1.1 -1.1 -1.1 -1.1 -1.1 2.5 7.9 13.9 23.2 28.1 43.7 51.3 61.3 67.3 71.9 75.4 78.3 78.4 83.4 87.8 93 99.3 102.8 105.3 112.1 118.4 129 136.2 140.4 123.6 99.5 133.2 144.3 156.7 170.3 176.7 180.2 185.4 190.9 190 194.1 201.6 211.3 215.6 218.1 221.1 227.9 230.7 231.8 234.6 239.9
-1.1 -1.1 -1.1 -1.1 -1.1 -1.1 -1.1 -1.1 -1.1 -1.1 -1.1 -1.1 -1.1 -1.1 -1.1 -1.1 -1.1 -1.1 -1.1 -1.1 -1.1 -1.1 -1.1 -1.1 -1.1 -1.1 -1.1 -1.1 -1.1 -1.1 -1.1 -1.1 -1.1 -1.1 -1.1 -1.1 8.9 16.8 25.4 33.3 36.4 49.4 58.9 70.9 79.7 79.9 87.5 90.5 91.4 89.8 90.9 95 101.2 106.2 113.6 120.3 123.9 131.6 139.4 142.3 129.4 130.3 144 153.1 160.6 166.7 172.9 181 186.7 189.6 189.7 195.7 201.7 211.6 220.1 223 225 229.7 235 238.4 240.4 244.4
-1.1 -1.1 -1.1 -1.1 -1.1 -1.1 -1.1 -1.1 -1.1 -1.1 -1.1 -1.1 -1.1 -1.1 -1.1 -1.1 -1.1 -1.1 -1.1 -1.1 -1.1 -1.1 -1.1 -1.1 -1.1 -1.1 -1.1 -1.1 -1.1 -1.1 -1.1 -1.1 -1.1 -1.1 -1.1 6.9 17.2 26.7 34.9 41.2 45.3 55.6 67.7 76.9 83.1 87.2 98.1 106.5 106.4 108.3 104.9 102.5 104.7 111.4 120.9 126.7 130.4 136.6 143 146.6 126.6 134.8 152.1 164.4 171.5 172.4 175 182.3 187.6 190.2 195.1 202.1 209 210.8 219.8 223.9 227.1 231 238.3 243.4 245.9 249.1
-1.1 -1.1 -1.1 -1.1 -1.1 -1.1 -1.1 -1.1 -1.1 -1.1 -1.1 -1.1 -1.1 -1.1 -1.1 -1.1 -1.1 -1.1 -1.1 -1.1 -1.1 -1.1 -1.1 -1.1 -1.1 -1.1 -1.1 -1.1 -1.1 -1.1 -1.1 -1.1 -1.1 3.6 8.2 17.2 26.5 33.5 38.7 45.1 54.8 65.7 73.7 83.5 88.3 96 106.7 116.1 119.1 122.2 122 115.6 115.6 120.1 126.4 132.7 136.8 141.6 147.1 151.2 120 147.1 162.3 172.5 177.5 181 182.6 185.7 190.2 195.4 201.2 207.5 213.8 215.9 222 226.5 232.3 235.5 243 248.7 250.8 254.4
-1.1 -1.1 -1.1 -1.1 -1.1 -1.1 -1.1 -1.1 -1.1 -1.1 -1.1 -1.1 -1.1 -1.1 -1.1 -1.1 -1.1 -1.1 -1.1 -1.1 -1.1 -1.1 -1.1 -1.1 -1.1 -1.1 -1.1 -1.1 -1.1 -1.1 -1.1 -1.1 5.8 10.8 15.2 24.2 36.3 47.6 51.6 54 62.3 73 77 86.2 94.6 102.4 111.8 122.1 127.6 133.3 134.4 132.3 130 133.2 136.5 143 151.2 152.5 156.2 157.1 146 148.6 166.9 177.3 182.9 187 188.8 191.7 196.4 202 208.6 214.4 219.1 223 227.6 232.4 238 242.2 246.8 254.3 256.1 260.7
-1.1 -1.1 -1.1 -1.1 -1.1 -1.1 -1.1 -1.1 -1.1 -1.1 -1.1 -1.1 -1.1 -1.1 -1.1 -1.1 -1.1 -1.1 -1.1 -1.1 -1.1 -1.1 -1.1 -1.1 -1.1 -1.1 -1.1 -1.1 -1.1 -1.1 -1.1 3.6 11.1 16.3 21.3 31 44.1 58.7 65.3 66.7 73.1 78.1 85.8 93.8 101.7 108.9 119.3 132.1 136.7 143.2 146.7 146.3 144.9 144.8 147.4 155.2 163 163.8 165.4 160.9 162.7 166 171.3 180.6 187.3 192.2 196.3 198.8 204 209.2 214.5 220.7 226.7 231.6 236.8 242 245.5 250.5 256.5 260.1 263.2 267.1
-1.1 -1.1 -1.1 -1.1 -1.1 -1.1 -1.1 -1.1 -1.1 -1.1 -1.1 -1.1 -1.1 -1.1 -1.1 -1.1 -1.1 -1.1 -1.1 -1.1 -1.1 -1.1 -1.1 -1.1 -1.1 -1.1 -1.1 -1.1 -1.1 -1.1 3 8.7 14.3 21.1 28.6 39 51.3 64.4 70.8 78.5 84.2 86.8 95.5 105.1 109.8 122.6 132.5 145.4 150.7 155.1 156.1 157.9 157.6 157.5 159.2 164.5 169.8 174.1 177.8 173 148.9 179.1 178.9 185.7 191.9 197.4 201.8 205.5 211 216.7 222.2 230.6 236.6 240.3 245.4 250.4 253 257.7 262.8 264.6 268 271.5
-1.1 -1.1 -1.1 -1.1 -1.1 -1.1 -1.1 -1.1 -1.1 -1.1 -1.1 -1.1 -1.1 -1.1 -1.1 -1.1 -1.1 -1.1 -1.1 -1.1 -1.1 -1.1 -1.1 -1.1 -1.1 -1.1 -1.1 -1.1 -1.1 1.9 6.5 10.3 16.1 25 33.8 44.8 58.4 68 73.4 79.4 85.9 92.6 103.6 114.6 120.5 132.1 141.3 155.1 159.6 165.3 167.3 167.3 170.4 171 171.6 174.1 176.7 181.8 186.8 184.1 176.7 184 186.1 192.8 198.8 203.2 207.7 212.5 218.7 224.7 231.2 238.9 242.8 248.1 253.9 258.7 261.6 267.2 270.5 268.8 271.9 277.2
-1.1 -1.1 -1.1 -1.1 -1.1 -1.1 -1.1 -1.1 -1.1 -1.1 -1.1 -1.1 -1.1 -1.1 -1.1 -1.1 -1.1 -1.1 -1.1 -1.1 -1.1 -1.1 -1.1 -1.1 -1.1 -1.1 -1.1 -1.1 -1.1 2.9 6.5 10 15.5 21.5 28.6 40.3 59.2 66.8 69.5 78.2 88.3 95.5 108.9 119.8 123.1 137 146.2 156.1 166.8 173.5 175.1 179.4 184.3 186.1 184.3 184.3 185.5 190 192.4 192.4 190.3 168.7 195.3 198 206.3 209.9 215.3 220.7 227.8 234.4 241 247.2 251.8 256 262.1 266.9 270.7 276 277.3 275.9 276.4 283.1
-1.1 -1.1 -1.1 -1.1 -1.1 -1.1 -1.1 -1.1 -1.1 -1.1 -1.1 -1.1 -1.1 -1.1 -1.1 -1.1 -1.1 -1.1 -1.1 -1.1 -1.1 -1.1 -1.1 -1.1 -1.1 -1.1 -1.1 -1.1 3.9 5.7 9.9 16.5 23 29.7 37.3 41.5 52 61.5 67.8 76.3 92.8 97.1 114.2 120.9 128.3 139.7 149.7 159.1 168.9 176.8 184.3 190.3 196.7 197.6 193.9 192.1 195.9 198.3 201.1 201.2 199.5 190.2 202.5 205.2 212.3 217.5 222.9 231.5 239.2 244.1 252.1 258 263.1 266.6 271.2 274.6 279 283.1 281.4 279.9 281.4 289.1
-1.1 -1.1 -1.1 -1.1 -1.1 -1.1 -1.1 -1.1 -1.1 -1.1 -1.1 -1.1 -1.1 -1.1 -1.1 -1.1 -1.1 -1.1 -1.1 -1.1 -1.1 -1.1 -1.1 -1.1 -1.1 -1.1 -1.1 2.6 9.6 10.5 16 21.9 29.3 37.8 43.2 52 58 66.4 74.1 88.8 92.3 102.5 110.9 119.9 128.7 138.7 151.3 163.3 172.4 180.3 188.4 197.5 206.4 207.3 205.2 201.5 208.6 212.6 213.4 212.5 210 206.1 194 211.1 217.5 224.4 233.2 243.6 248.8 253.4 261 263.9 268.1 274.1 279 282.3 287.2 289.8 287.4 284 288.4 299.7
-1.1 -1.1 -1.1 -1.1 -1.1 -1.1 -1.1 -1.1 -1.1 -1.1 -1.1 -1.1 -1.1 -1.1 -1.1 -1.1 -1.1 -1.1 -1.1 -1.1 -1.1 -1.1 -1.1 -1.1 -1.1 -1.1 -1.1 6.4 17.6 20.7 24.3 27.8 37 44.1 50.5 58.6 66.7 73.7 87.6 103.6 110.1 108.5 115.1 122.3 133.1 144.8 155 168.2 176.5 184 192.4 202.5 212.3 215.9 214.5 209.4 215.3 220.7 223.1 222.8 220 216.7 202.8 218.9 225.7 232.4 244.1 251.5 256.8 261.2 264.8 268.3 272.8 282.3 289.3 291.3 295.3 296.7 292.7 288.8 294.4 305.6
-1.1 -1.1 -1.1 -1.1 -1.1 -1.1 -1.1 -1.1 -1.1 -1.1 -1.1 -1.1 -1.1 -1.1 -1.1 -1.1 -1.1 -1.1 -1.1 -1.1 -1.1 -1.1 -1.1 -1.1 -1.1 -1.1 3.2 10.4 18.7 26.6 32.6 35.3 43.4 52.3 61.5 74 81.7 88.8 92 114.4 123.3 120.8 126.9 130 139.8 154.8 160.1 171.9 180.4 189.2 198 206.8 214.5 220.4 218.7 215.3 219.8 225.1 230.5 231.1 229.4 228.2 222.8 222.3 233.2 241.7 249.3 257.4 261.9 266.1 269.4 272.7 278.6 287.8 296.4 301.5 304 300.9 296.4 295.6 300.7 309.3
-1.1 -1.1 -1.1 -1.1 -1.1 -1.1 -1.1 -1.1 -1.1 -1.1 -1.1 -1.1 -1.1 -1.1 -1.1 -1.1 -1.1 -1.1 -1.1 -1.1 -1.1 -1.1 -1.1 -1.1 -1.1 -1.1 5.9 14.2 23 31.9 38.6 43.2 50 62 71.5 83.7 99.7 105.2 103.7 124.9 132.8 129.9 136.2 137.7 149 161.3 170 174.7 183.8 191.9 200 208.1 213.8 219.6 219.1 220.3 224 228.9 235.2 239.3 237.1 237.5 239 225.6 231.7 249.2 260 263.3 265.7 270.7 275.2 278 283.3 291.4 300 306.6 309.4 307.1 299.1 300.9 313.2 316.9
-1.1 -1.1 -1.1 -1.1 -1.1 -1.1 -1.1 -1.1 -1.1 -1.1 -1.1 -1.1 -1.1 -1.1 -1.1 -1.1 -1.1 -1.1 -1.1 -1.1 -1.1 -1.1 -1.1 -1.1 -1.1 2.7 7.5 15.6 25.2 35.2 44.4 45 52.2 67.5 82.3 96 111.6 122.1 120.8 122 139.9 139.6 142.9 150.7 159.3 165.5 173.2 181.9 188.3 193.7 199.9 207.5 211.7 217.3 220.1 224.6 228.5 233.4 239.7 246.7 247.2 247.1 249.2 252.2 229.9 253.4 265.7 269.7 270.5 275.4 281.2 284.4 288.9 295 303 311.1 310.6 309.1 304.9 309.7 323.9 324.8
-1.1 -1.1 -1.1 -1.1 -1.1 -1.1 -1.1 -1.1 -1.1 -1.1 -1.1 -1.1 -1.1 -1.1 -1.1 -1.1 -1.1 -1.1 -1.1 -1.1 -1.1 -1.1 -1.1 -1.1 1.9 5.9 10.9 17.3 25.3 35.9 51 51.1 57.5 75.7 93.7 108.8 124.8 134.9 136.3 133.2 139.2 141.1 149.8 158.5 166.4 174 180.1 187.9 194.2 199.6 205.5 210.3 214.4 218.7 223.3 228.1 232.6 237.9 244.4 251.6 254.5 254.5 262.2 268.2 265.2 241.2 265.4 274.5 279.5 281.3 287.8 293 297.4 299.7 306.9 311.8 309.5 309.2 309.1 320.3 331.3 330.6
-1.1 -1.1 -1.1 -1.1 -1.1 -1.1 -1.1 -1.1 -1.1 -1.1 -1.1 -1.1 -1.1 -1.1 -1.1 -1.1 -1.1 -1.1 -1.1 -1.1 -1.1 -1.1 -1.1 -1.1 5.9 13.2 18.9 24.3 29.1 39.8 54.2 61.1 65.8 81.4 101.9 120.9 134.5 149.5 146.9 147.2 148.1 147.6 156.7 168.4 175.9 181.7 187.5 193.3 200.4 205.5 211.9 216.7 220.7 223.9 228.2 233.2 237.1 242.7 248.6 256.8 259.8 260.4 274.2 280.3 278 267.7 249.5 269.9 282.7 285.6 289.1 294.7 300.8 301.4 307.4 309.6 311.2 311.5 316.3 328.7 335.7 336.4
-1.1 -1.1 -1.1 -1.1 -1.1 -1.1 -1.1 -1.1 -1.1 -1.1 -1.1 -1.1 -1.1 -1.1 -1.1 -1.1 -1.1 -1.1 -1.1 -1.1 -1.1 -1.1 -1.1 -1.1 7.6 21.2 24.3 33.7 38.3 40.5 56 64 72.7 91.7 105.2 126.2 138.4 147.4 153.1 157.1 159.7 155.4 159 174.8 184.9 190.1 195.6 201.4 210.2 217.4 222.5 225.5 226.4 229.3 234 239.6 243 249 254 260.3 263.7 270.7 280.8 288.6 282 279.2 276.9 261.8 281.9 287.3 290 297.1 300.2 300.2 302.8 308.4 311 314.7 321.4 332.2 339 338.8
-1.1 -1.1 -1.1 -1.1 -1.1 -1.1 -1.1 -1.1 -1.1 -1.1 -1.1 -1.1 -1.1 -1.1 -1.1 -1.1 -1.1 -1.1 -1.1 -1.1 -1.1 -1.1 -1.1 1.8 10.1 20.1 27.1 37.8 43.1 46.7 55.6 65.1 80.4 102.9 111 126.3 139 147.4 157.7 164.1 168.5 165.4 166.1 175.1 193 198.4 203.5 209.7 216.8 224.8 230.1 232 232.9 236.4 240.9 246.8 250.4 251.3 258.5 263.8 269.8 276.8 283.1 288 289.6 290 289.4 280 269.1 289.1 295.6 301.3 301.9 303.2 304.6 307 311.2 317.9 325.2 334.6 340.1 339.2
-1.1 -1.1 -1.1 -1.1 -1.1 -1.1 -1.1 -1.1 -1.1 -1.1 -1.1 -1.1 -1.1 -1.1 -1.1 -1.1 -1.1 -1.1 -1.1 -1.1 -1.1 -1.1 -1.1 4.6 16.9 25.2 31.6 38.9 45.1 52.1 59.2 66.9 83.4 109.6 117.4 128.9 137.6 147.9 159.7 168.5 172.1 170.4 173.7 186.2 194.7 202.1 211.4 216.4 222.4 230 235.5 238.7 239.3 242.9 248.7 254.1 257.4 259.4 262.9 268.9 276.9 282.4 285.7 292.6 300.2 296.9 297.8 294.9 284 287 296.8 306.7 309.3 310.1 309 309.3 314 321.3 326.3 333.8 338.8 339.2
-1.1 -1.1 -1.1 -1.1 -1.1 -1.1 -1.1 -1.1 -1.1 -1.1 -1.1 -1.1 -1.1 -1.1 -1.1 -1.1 -1.1 -1.1 -1.1 -1.1 -1.1 -1.1 5.8 10.4 21.2 32.7 40.1 50.3 50.5 57.4 66.2 75.9 79 113.8 122.2 130.3 139.6 151.7 165.1 172.8 174.1 176.1 181.6 193.7 205.5 211 212 221.8 228.2 232.9 237.6 242.4 245.8 251.3 261.8 269.2 268.9 269.5 271 274.8 286.2 292 295.4 296.9 301.1 300.2 299.7 302 300.2 287.9 299.8 311.3 318.5 315 311.4 314.1 318.2 322.7 328.3 332.7 337.1 339.1
-1.1 -1.1 -1.1 -1.1 -1.1 -1.1 -1.1 -1.1 -1.1 -1.1 -1.1 -1.1 -1.1 -1.1 -1.1 -1.1 -1.1 -1.1 -1.1 -1.1 -1.1 4.7 14.9 22.5 27 39.7 50.9 63.8 64 66.9 77.6 87.1 99.4 103.8 122.8 136.3 143.4 156.3 170.3 174.9 176.2 181 190.9 202.7 214.1 223.1 224.8 228.4 230.6 236.6 240.6 245 251.1 258.2 267.2 274.6 278.1 281.1 279.4 281 290.4 298.4 300.8 299.3 303.5 305.4 305.9 306.5 309.2 307.7 290.6 313.2 319.8 319.7 316.7 317.7 321.9 325.7 329.8 334.1 339.1 343.3
-1.1 -1.1 -1.1 -1.1 -1.1 -1.1 -1.1 -1.1 -1.1 -1.1 -1.1 -1.1 -1.1 -1.1 -1.1 -1.1 -1.1 -1.1 -1.1 -1.1 -1.1 11.5 24.6 31.4 36.7 49.5 63 74.6 78.9 80.2 90 100.6 109.3 116.3 121.1 137.7 144.9 156.3 166.9 174.7 180.6 188.6 201.9 213.7 229.2 231.3 234.1 238.4 240.1 241.2 247.4 250.2 256.9 265 275.5 279.6 285.3 287.9 289.7 290.7 291.5 299.6 302.7 306.3 309.2 311.7 309.5 310.4 316.9 317.1 312.6 305.4 312.2 313.9 316.6 320.1 323.8 327.5 332 338.1 344.2 349
-1.1 -1.1 -1.1 -1.1 -1.1 -1.1 -1.1 -1.1 -1.1 -1.1 -1.1 -1.1 -1.1 -1.1 -1.1 -1.1 -1.1 -1.1 -1.1 -1.1 -1.1 21.7 31.5 40.3 46 58.2 69.5 90.8 90.3 94 102.6 114.7 121.6 129.4 135.5 137.1 145.5 154.8 167.8 176.1 185.9 199.6 210.6 222.9 237.7 240.2 241.8 243.7 247.6 249.1 253.4 257.5 265.8 273.6 284.8 287.2 290.9 293.6 298.5 299.6 297.8 299.6 303.9 309.7 313.1 317 318.2 320.2 323.9 323.3 320.1 312.6 309.8 310.2 315 320.5 324.1 327.7 335.1 341.2 349.2 356.8
-1.1 -1.1 -1.1 -1.1 -1.1 -1.1 -1.1 -1.1 -1.1 -1.1 -1.1 -1.1 -1.1 -1.1 -1.1 -1.1 -1.1 -1.1 -1.1 -1.1 -1.1 21.3 37.3 47.4 54.1 64.3 80.7 99.6 102.3 107.5 114.7 124.8 131.8 140.2 150.3 150.7 158.9 163.4 170.1 179.1 198 212 220.7 232.6 242.3 245.8 248.3 248.9 250.6 251.4 259.2 266.8 278.5 281.1 291.8 295.2 296.5 300.4 305.2 309.5 307.2 307.3 306.7 309.4 315.6 321.2 325.4 327.8 330.3 331.6 330.8 323.9 316.6 315.9 319.7 321.7 324.9 328.9 338.5 349.1 355.8 360.6
-1.1 -1.1 -1.1 -1.1 -1.1 -1.1 -1.1 -1.1 -1.1 -1.1 -1.1 -1.1 -1.1 -1.1 -1.1 -1.1 -1.1 -1.1 -1.1 -1.1 11.6 33.1 42.7 54.5 62.5 69.6 86.4 108.5 111.7 116.4 128.2 133.1 142.5 154 161.7 164.6 175.1 179.4 179.1 190.4 200 219.3 227.9 238.8 246.4 250 251.5 254.6 257.2 260 265.4 277.2 283.6 288.1 296.6 300.8 302 306.9 312 316.8 317.8 314.2 313.8 315 318.4 324.3 330.4 331.6 334.2 338.3 340.9 331.4 323.4 319.5 320 322.6 327.1 332.5 342.1 350.7 355.1 358.3
-1.1 -1.1 -1.1 -1.1 -1.1 -1.1 -1.1 -1.1 -1.1 -1.1 -1.1 -1.1 -1.1 -1.1 -1.1 -1.1 -1.1 -1.1 -1.1 -1.1 24.4 44 55.5 64.4 70.3 78.4 89.4 105.1 114.4 122.5 141.3 145.5 153.8 166.3 174 176.7 183.7 189.6 197.8 201 212.8 222.7 233.6 241.9 246.5 250.3 255 262.8 266.2 267.7 272.6 282 288.8 293.3 300.9 304.4 306.6 310.6 315.7 323.2 325.6 321.7 322.4 321.7 322.1 328.9 331.9 336.4 338.1 341 341.3 338 328.8 324 321.3 324.8 330.8 339.5 346.9 350.9 350.7 350.1
-1.1 -1.1 -1.1 -1.1 -1.1 -1.1 -1.1 -1.1 -1.1 -1.1 -1.1 -1.1 -1.1 -1.1 -1.1 -1.1 -1.1 -1.1 -1.1 11.8 42.4 54.4 66.6 76.7 80.9 88.5 95.6 107.2 116.4 128.3 147.3 155.5 162.2 172.7 178 186.9 193.5 205.4 211.5 215.2 223.9 233.3 243.3 249.5 253.3 257.3 263.9 271.1 273.3 271.2 274.4 283.3 290.9 296.3 301.8 305.3 307.9 313.2 319 329.4 334 328.7 330 329.6 330.6 330.3 334.1 339.1 341.3 342 341.5 340.4 333.4 329.7 329.9 330.8 331.8 340.4 347 350.3 350.5 349.1
-1.1 -1.1 -1.1 -1.1 -1.1 -1.1 -1.1 -1.1 -1.1 -1.1 -1.1 -1.1 -1.1 -1.1 -1.1 -1.1 -1.1 -1.1 -1.1 7.6 44.8 64.6 79.2 87.8 95.7 101.1 106.4 118.6 126.9 140.4 157.4 160.8 169.6 179.8 189.2 200.9 207.6 220.6 227.8 231.8 229.8 240.5 246.8 251.6 258.6 266 273.5 280.3 279.8 277 282 287.8 289.6 293 301.4 306 309.8 315.2 320 329.3 334.2 329.8 330.4 331.7 333.8 336.9 336.3 340.8 344 342 340.5 340.7 336.1 331.7 335.7 336.5 337.2 339.6 344.8 350 348.8 348.8
-1.1 -1.1 -1.1 -1.1 -1.1 -1.1 -1.1 -1.1 -1.1 -1.1 -1.1 -1.1 -1.1 -1.1 -1.1 -1.1 -1.1 -1.1 -1.1 27.3 51.4 79.2 97 103.3 110.5 117.7 123.4 128.3 137.9 153.3 165.7 170.3 178.9 189.1 199.3 209.8 220.1 229.5 237.5 243.4 243.7 242.6 250.2 259 266.4 274.8 284.8 287.2 284.2 283.1 286.9 293.3 294.7 299.1 299.7 307 310.3 316.3 320.7 326.8 329.4 329.3 330.5 333.3 339.5 340.8 339.8 342.3 346.6 345.1 341.2 339.5 339.8 340.7 342.4 344 343.6 343.8 345.8 348.6 348.6 348.5
-1.1 -1.1 -1.1 -1.1 -1.1 -1.1 -1.1 -1.1 -1.1 -1.1 -1.1 -1.1 -1.1 -1.1 -1.1 -1.1 -1.1 -1.1 12.4 53.5 70.1 86.2 109.5 113.1 122.9 129.7 135.1 138.4 146.7 159.6 170.5 179 186.6 196.2 206.8 215.7 227.8 234.8 243.1 250.3 250.9 250.6 254 264.9 273.9 279.9 290.3 289.6 289.2 288.5 291.5 296.2 301.6 306 305.4 308 309.9 315.2 320 323.2 329.6 329.3 329.4 333.1 339.3 340.6 342 347.6 349.1 348 342.9 342.6 343.7 350 351.5 351.4 351.9 349.7 348.2 348 348.4 348.2
-1.1 -1.1 -1.1 -1.1 -1.1 -1.1 -1.1 -1.1 -1.1 -1.1 -1.1 -1.1 -1.1 -1.1 -1.1 -1.1 -1.1 -1.1 28.1 66 87.1 100.6 108.6 119.1 136.3 141.2 145.2 148.8 152.3 163.4 176.9 186.5 194.1 203.4 213.6 222.7 233.8 240.4 248.1 255 257.2 257.4 260.5 270 279.1 283.2 288.8 291.5 292.9 296.1 299.8 304.3 312.9 313 314.5 312.3 310.6 315.9 320.1 322.7 329 330 330 333.1 339.4 339.3 344 350.4 349 348.5 345.4 346.3 352 359.8 360.7 357.6 358 359.4 353.5 348.8 348.2 348
-1.1 -1.1 -1.1 -1.1 -1.1 -1.1 -1.1 -1.1 -1.1 -1.1 -1.1 -1.1 -1.1 -1.1 -1.1 -1.1 -1.1 3.9 40.8 80.1 100.4 109.7 116.8 128.6 144.8 152.4 153.8 155.7 162.5 168.1 180.6 191 200.5 209.5 220.3 229.4 238.5 245.4 250 257.3 259 259.1 263.7 273.2 281.8 287.4 290.1 290.4 295.4 300.1 310.3 316.6 319.9 322.2 320.6 319.2 317.5 320.4 323.4 326.6 330.6 337.3 339.5 336.9 338.4 340 344.5 349.1 348.6 348.1 348.9 350.8 357.1 366.7 367.9 364.4 364 363.5 360 354.4 348.1 348
