data/190000-860000.asc
ncols 200
nrows 200
xllcorner 190000
yllcorner 860000
cellsize 50
[rows 70 to 104 of 200, columns 0 to 77 of 200]
516 509.7 505.5 488.6 482 483.8 477.7 458.8 453.2 445.2 445.7 462.4 454 441 417.7 382.5 354.8 334.9 321.7 315.8 310.6 301.5 293 288.5 279.9 272.3 263.4 257.8 252.3 247.5 246.3 244.9 245.3 245.2 244.9 247.7 248.7 250.1 250.9 253.4 257.9 261.7 266.4 271.8 277.5 283.8 289.1 304.5 313.1 324.7 332.4 344.7 354.2 367.1 375.5 380.9 393.8 401.5 415.4 443.1 469 487.6 491.5 499.5 501.7 502.3 502.2 502.5 499.6 507.9 506.1 505.2 503.1 510.8 522.2 525.8 531.7 533.9
513.7 510.9 510 501.1 495.1 492.6 488.1 468.7 457.1 450.7 462.5 471.7 461.3 439.9 418.8 390.2 360.1 340.1 327 317.3 309.9 302.8 297.9 290.8 280.1 270.7 266.7 260.6 256.4 248.5 246.7 245.4 245.4 245.7 244.6 245.8 247.2 247.3 248.4 252.3 257.6 258.7 262.5 269.4 275.4 282.2 289.6 303.5 309.3 319.3 331.3 340.3 352.5 364.8 368.5 379.9 389.1 401.1 418.2 443.5 464.6 480.3 487.3 495.3 500.6 503.9 503.7 506.3 506.3 513 516.6 507.7 505.8 519.6 523.8 531.6 542.1 540.8
519.2 514.4 515.2 508.3 506.9 503.4 496 482 466.3 466.2 476.5 475.5 463.9 442.4 423 393.6 363.2 343.6 333 326.6 310.8 305.4 298.1 293 281.2 272.5 270.5 266.5 255.9 251.1 247.9 245.9 245.8 244.6 244.7 245.6 245.7 245.8 246.7 252.1 254.7 258 259.8 267 273.3 279.5 290.3 297.6 308.9 320 325.7 337.1 350.1 358.4 372.6 382.4 390.1 401.6 416 443.4 461.7 472.8 483.6 496.4 502.6 500.6 505.7 508 505.1 515.1 517.7 514.8 513.4 519.8 533.8 542 549.2 553.3
527.2 523 519.8 516.4 515 512.4 508.5 494.1 476.3 483.1 486.6 480.3 462 443.3 425.8 401.9 371.8 346.7 337.8 330.4 320.3 307.7 299.5 294.1 281.7 274 270.3 267.2 257.6 251.2 249.2 247 246.5 245 245.4 244.7 244.4 245.6 245.2 250.8 253 255.5 257.9 263.9 271.5 278.1 284.1 293.6 305.1 314.1 319.6 336.1 345 353.6 371 384.4 394.9 406.1 417.1 444.2 458.4 470.8 478.3 488.5 491.7 493.8 500.8 503.3 502.2 517.7 520.7 520.9 521.9 528 533.9 542.5 552.5 554.8
529.8 526.6 524.3 523.5 521.3 520.8 514.6 499.5 489.9 488.9 486.4 482.4 467.6 453.2 433.4 406.3 375.9 353.3 339.7 333.6 326.1 312.2 301.6 292.1 282.5 275.3 271.1 267.5 258.1 252.1 250.1 248.5 246.8 245.9 244.5 245.5 244.9 244.2 245.8 248.9 251.7 253.7 257.3 261.3 268.3 275.4 281 291.9 304 307.8 318.8 336.1 345.3 352.5 365.2 382.6 399.2 408.5 428.7 447.1 462 469.2 472.6 479.1 483.1 486.9 494.6 501.3 503 520.5 521.3 521.4 524.2 530.8 536.6 542.1 546.7 549.2
529.3 528.4 526.1 523.9 526.5 525.4 515.9 507.2 500 494.3 495.3 488.8 470.8 460.3 446.1 418.5 388.4 361.6 344.8 337.5 329.7 313.8 305.7 297.2 284.8 275.8 269.4 264.6 258.9 253.3 251.4 248.2 246.9 245.8 245.5 245.7 245.2 244.7 245.5 246.5 251.5 251.9 257.3 261.1 265.5 273.5 280.2 291.8 300.6 310.4 324.3 336.3 342.8 351.6 366.1 379 396.6 413.5 436 444.4 459.2 464.6 469.4 474.6 477.7 479.1 485.4 496 505.8 517.5 521.7 522.3 529.3 531.1 540 545.9 545.3 546.9
533.2 535.5 533.3 529.7 528.1 527 521.6 523.3 515.4 505.6 501.2 489.3 480.6 473.4 464.8 423.9 394.6 366.9 351.1 341.2 332.7 318.2 309.8 303.7 287.8 278.2 269.6 263.9 259.3 255.1 251.7 251.3 249.3 247.2 246.1 245.9 244.9 245.1 245.7 246.2 249 249.8 257 262.4 265.5 270.5 280.5 287.6 292.3 311 323.1 331.2 339.6 350.9 365 379.5 391.6 407.5 428.7 438.3 451.7 459.9 469.8 472.9 476.7 477.2 483.9 493.2 504.8 513.6 519 524.3 531.2 532.3 537.8 543.1 546.2 545.6
540.4 539.5 542.2 536.3 532.9 530.8 532.7 533.1 521.1 516.5 504.3 503.9 504.8 480.5 446.6 419.5 398.1 376.1 359 346 333.2 320.6 312.2 301.2 290.9 279.4 271 263.9 260.5 255.5 255.8 254 249.8 247.6 246.6 246.3 245.5 245.6 243.6 245.6 246.3 247.6 253.3 260.4 263.5 271.3 277.8 283.8 294.6 306.2 313.7 322.4 330.9 346.9 364.6 378.3 393.5 404.5 423.3 432.9 446.4 459.2 460.9 466.3 469.8 475 480.7 492.5 506.5 506.1 511 518.7 534.3 534.3 538.1 538.2 539.9 541.7
544.3 542.8 541.4 540.8 537.8 534 534.8 536.1 523.6 518.8 511.3 520.5 514.5 468.2 426.6 411.6 401.4 381.7 363.4 347.7 335.5 321.7 310.5 298.9 290.8 282.9 274 264.8 262.2 259.5 256.6 254.7 251.1 248.1 247.3 246.2 245.5 245.8 243.8 245.2 245.9 249.3 252.2 255.6 263 269.8 274.7 280.7 292.6 303.3 309.1 317.9 330.4 342.9 358.3 372.4 389.6 402.2 414.2 427.1 435.5 444.1 461.1 467.1 469.4 469.8 483 495.6 501.8 505 512.1 517.4 526.1 532 535.9 536.5 538.2 537.6
550.8 545 545.2 545.8 543 537.3 538.2 532.7 524.9 516 517.6 523.4 494.8 444.5 424.7 413.7 398.8 382.7 371.7 354.4 334.8 325.7 314.7 302.9 291.9 282.7 274.3 265 261.8 259.4 257.4 256.4 252.6 248.9 249.5 247.4 245.6 245.6 243.7 245.5 247.5 248 253.2 255.5 262.3 267.3 270.8 279.7 291.2 299.6 308.4 321.3 330.6 341.5 357.7 373.7 386.5 399.8 417.1 424.9 433.2 444.6 455.4 462.6 471 480.1 488.8 495.9 498.5 506.8 514 519.9 528.8 534.2 534.1 535.8 537.9 536.6
567.9 557.1 552.1 554.7 554.1 544 539.2 536.1 530.1 521.2 517.2 518 478.7 452.2 429.5 412.6 408.9 395.2 376.3 356.8 342.5 328.1 318.2 303.3 291.3 283.7 274.2 264.7 260.1 258.1 256.9 254.7 251 249 249.9 249.2 245.8 245.4 245.5 246.3 246.5 248.5 253 257.6 262 264.3 269 281.2 288.1 296 306.7 314.5 326.7 345 355.2 373.8 388.3 400.7 414.5 419.7 429.8 443.4 454.1 462.3 468.6 470.5 489.8 496.7 503.3 509 508.7 517.9 529.1 531 532.9 533.4 534.3 533.2
572.8 564.6 558.1 555.4 552.9 548.4 543.2 541.4 535.9 523.6 518.7 505.2 477.6 454.2 431.7 430.7 414.4 399 387 365.1 350 337 319 307.2 294.2 285.1 275.7 264.9 261.4 259.5 256.8 252.7 251.1 251.1 250.5 248 245.7 245.4 244.4 245.8 246.6 248.4 251.9 258.5 260.5 264.6 273.5 277.2 284.6 294.7 299.3 308.4 329.4 346.5 355.1 371.5 389.8 402.2 412.8 423.5 433.6 443.6 455.8 459.5 468.5 474.1 484.3 499.2 506.3 515.5 512.9 520 528.1 533 533.9 531.9 524.2 521.8
583.3 571.6 560.9 554.3 549.2 547.6 544.1 539.2 536 523.8 513.3 492.2 471.5 461.3 456 447.4 435 424.1 411.9 385.3 366.5 345.2 329.9 310.5 298 290.9 276.3 267.2 261.9 259.6 255.7 252.7 251.5 251.2 251.2 247.3 246.3 246 245.7 244.8 246.4 249.1 253.1 257.1 260.4 263.2 270.9 278.2 281.7 292.8 299.1 310.3 327.9 339.4 352.5 367.7 386.7 402.9 420.9 433 440.3 450.2 459.6 466.5 473 477.4 482.2 494.2 511.1 517 518.7 515.5 525.9 530.7 537 532.5 517.1 512.2
589.3 577.7 563.4 555.9 549.4 548.5 545.9 535.6 528.2 521.4 503.9 486.6 481.5 480.6 483.5 487.5 474.6 460.4 455.2 425.5 393.8 371.9 339.5 319.8 302.7 293 276.1 268.9 262 259.3 255.7 253.5 252.4 253 255.2 250.6 247.4 246 245.4 245.5 245.6 247.5 253 256.7 258.7 260.2 268.7 277.9 281.3 288.4 295.8 311.4 322 334.7 351 366.3 381.8 402.7 421.8 437.9 448 452.2 456.1 469.5 477.3 483.5 485.2 494.3 502.3 514.9 521.7 515.5 520.3 523.2 536.6 525.8 513.8 506.9
592 580.8 568.6 561.5 551.8 547.4 544.1 534.6 527 516.4 501.1 487.2 498.8 508.3 513.2 522.1 527.2 516 490.4 473.7 450.9 426.8 367.8 332.6 308.2 294.8 284.1 275.1 264.7 262 258.6 255.8 255.8 256.6 255.9 251.2 247.6 246.5 245.3 244.2 246.1 247.6 249.4 249.5 255.5 257.4 265.3 274.7 278.8 285 293.2 308.4 317.7 337.6 346.4 361.5 378.7 397.9 420.3 441.1 450.3 458.7 458.4 468.4 480.8 485.9 491 497.7 506 521.8 527.2 518.7 516.7 519.3 521.5 514.8 509.3 499.9
598.8 587.2 574.9 564.5 554.9 549.1 546.5 541.4 533.6 515.3 509 503.3 510.5 515.2 532 548 565 553.7 532.3 503.3 481.2 445.2 387.2 343.8 316.5 297.2 287.8 276.6 267.5 263.3 260.6 256.2 255.6 254.7 253.9 250.9 247.1 246.1 245.3 247 247.9 246.1 247.6 249.3 251.9 255.2 260.4 267.5 276.2 283.5 295.4 305.1 317.4 335.5 345.5 359.7 375.5 394.7 418.3 439 457.6 464 463.4 468.9 485.3 491.4 501.6 504.8 513 529.7 524.1 521.1 516.7 521.2 517.7 506.4 502.5 494.9
619.3 597.1 580.3 574.9 560.7 554.7 549.4 550.5 535.6 515.5 515.6 513.5 517.3 531.5 546.4 562.7 566 563.3 550.6 528.8 498.1 452.2 393.1 352.1 324.5 304.2 287.8 276.8 270 266.2 261.5 257.1 255.9 256.6 253.2 248.9 247.5 247.5 246.5 245.4 248 247 247.3 248.2 249.6 253.6 259.3 267.6 274.5 286.8 294.5 301.3 319.5 335.1 344 359.5 378.8 392.8 418.2 442.5 455.3 462.2 469.3 482.4 496.9 501.2 507.4 511.1 520.6 532.4 527.7 522.2 516.7 518 504.5 497.2 492.2 486.4
637.7 622.2 595.5 583 565.8 558.8 552.1 548.3 542.5 521.5 521.4 516.9 525.9 545.3 561.6 569.6 570.8 567.9 553.3 532.2 498.9 453.9 398.7 360.8 330.5 308.5 292 277.5 272.9 267.3 261.3 257.5 256.5 253.4 252.8 251.1 249.8 247.5 247.1 246.9 245.5 247.8 248.7 248.6 249.6 252.7 256.2 266 278.2 290.5 300 308.1 320.7 331.7 341.6 370.6 378.3 391.1 416.6 442.7 447.2 458.7 468.9 484.6 500.5 507.9 514.9 521.2 527.5 530.3 528.9 520.5 515.3 509.8 496.4 490.4 488.8 484.5
659 637.3 612.2 600 575.3 558.6 552.3 545.5 539.5 528.6 526.5 528.2 538.5 555 566.8 567 566.7 565.8 551.8 528.9 497.8 454.1 400.5 363.9 337.3 312.6 294 280.3 272 268.9 261.4 255.5 253.1 253.6 252.8 253.8 248.7 248.3 248.2 248.3 245.1 247.2 249.7 251.7 250.5 254.5 258.5 264.4 276.8 288.3 300.6 309.7 317.5 327.7 344.8 366.3 377.4 391.7 419.1 437.5 443.8 457.4 469.3 482.7 506.3 519.9 516.5 527.8 532.5 537.8 530.7 520 512.9 500.6 496.4 494.1 490.7 481.5
683.9 654.3 627 603.4 581.5 564.8 553.1 548.8 541.8 539.2 538.7 536.8 547.5 557 562.3 560.5 560.4 559.7 554.1 532.9 511 472.9 430.9 377.7 340.5 313.7 295.5 282.8 271.6 266.2 260.8 254.9 252.5 251.9 251.4 252.3 253.8 251 249.4 247.8 246.8 245.6 248.9 251.3 252.2 255.6 258.6 263 273.3 281.8 297.6 303.1 316.4 330.5 345.4 359.8 380.6 394.2 417 430.5 443.2 476.3 477.1 490.2 513.8 523.5 528.8 538.1 535.5 542.5 527.3 519.1 506.6 506.3 502.9 495 478.4 463.2
707.2 672.8 640.3 607.6 589.3 570.9 557.9 550.6 545.9 546.2 544.8 543.8 550.4 556 558.7 557.9 557.3 557.3 556.7 541.6 516.1 481.4 444.8 401.6 345.9 316.9 298.1 286.2 272.8 266.6 260.3 256.5 252.6 252 251.8 253.3 254.8 254.6 250.6 249.8 249 246.3 250.2 251 251.2 256.7 260.6 263.5 274.3 284.6 293.8 302 314.1 336 349.5 364 385 402.3 412.9 428.2 449.6 473.4 481 493.5 513.9 522.5 528.5 536.8 533.9 529.9 516 510.5 511.7 505.4 489.4 483 476 467.6
704.7 688.9 651.4 615.9 597.4 586.5 570.4 559.4 558.8 558.9 551.5 552.6 553 556.2 564.8 559.6 557.4 557.3 555.1 547.8 518.5 489.1 450.4 411.1 349.9 318.9 300 285.7 274.8 267.5 262.8 260.3 253.2 252 252.4 253.5 255.2 254.6 251.5 250.5 249.8 247.6 250.1 250.6 251.7 258.6 264.2 266.4 275.5 283.5 294.3 308.6 316.9 332.9 347.8 360.7 383.1 400.4 417.3 429.1 449.8 466.7 477.4 494.4 518.4 525.5 531.4 533.1 530.7 521.2 507 509.7 511.1 504.3 494.8 483.1 475.8 476.9
700.3 703.6 659 626.1 607.2 599.9 586.9 570.4 566.4 570.8 574.6 570.8 561.8 561.7 565.1 566.2 562.6 561.8 556.8 549.7 523.1 488.9 451.1 403.8 356.4 321 303.1 286.7 277.3 269.3 264.1 259.7 253.9 252.7 253.7 255.1 256.9 255.3 252.4 250.6 249.8 248.6 248.5 249.8 252.1 256.3 262.1 267.5 273.7 280.5 294.4 313.1 317.3 333.4 348.4 365.1 380.8 397.3 417.7 429 452.2 461.7 474.7 502.5 523.2 525.9 529.3 525.4 521 515.6 505.6 511.6 509.9 506.7 494.3 486.1 480.2 478.1
693.3 704.4 670.6 639.7 621.2 616 598.8 578.7 576.8 587 589.4 580.9 572.2 568.9 566.7 565.1 563.4 561.2 553.7 546.5 518.4 486.4 442.4 399 358.7 327.3 307 289.4 279.7 271.5 264.3 260.4 257.2 255 255.7 255.4 254.9 253.5 251 249.8 250.2 250.1 249.8 248.2 251.7 253 259.2 265 273.3 283.7 294.1 307 319.5 334.8 347.4 359.9 378.1 395.1 415.4 428.3 442.1 459.6 479.3 507.9 523.3 525.7 523.2 519.3 516.6 511.7 505.1 503.1 498 499.1 493.3 489.6 483.3 477.7
682 700.7 689 670 653.3 631.8 613 604.4 597.7 599.6 598.4 592.6 588.7 575.3 569.7 564.4 563.2 560.6 551.7 542.5 514.4 481.4 440 398 361.9 330.7 309.1 291.7 281 272.5 265.4 262.1 259.4 257.3 256.2 254.2 251.9 250.3 250.3 252.1 251.7 251.4 250 248.7 249.8 250.6 255.7 262.7 271 280.7 294.9 302.7 318 334 346.3 361 378.6 395.9 410.1 429.3 442.6 457.6 488.5 508.8 517.5 522.9 517.1 515 513.6 506.9 501.6 497.3 495.5 495.4 491.7 488.4 482.4 476.5
665.8 690.2 699.8 702.8 667.8 647.7 647 643.2 627.7 619 619.6 620.2 614.3 586 572.1 566.1 560.6 551.3 546.1 529.5 509.2 476.8 433.2 396.4 362.7 333.2 310.5 295.8 283.3 272.2 264.7 262.6 258.7 257.3 256.6 254.3 251.6 251.1 252.8 253.7 253 251.9 249.6 251.8 252.2 251.7 254.9 260.8 269.8 279.2 290.9 303.6 317.8 330.4 341.8 361.4 382.7 397.7 409.9 427.9 442.8 463.7 488.3 499.2 509.9 513 512.9 517.4 511.8 506.3 503.5 498.9 496.3 496.1 498 491.8 486.3 478.8
653.1 688.2 696.7 712.3 686.7 671 674 674.1 665.3 647.6 648.7 644.2 625.7 594.4 578 567.8 559.2 544.6 542.2 523.9 502.4 471.5 431 394.6 364.5 335.2 314 299.3 286.3 273.7 267.7 263.4 259.7 258.5 257.2 254.6 254.6 254 254.2 254.3 254.5 254.2 250.5 253.7 257 257.2 255.4 259.6 270 276.6 291.3 306.3 319 333.4 342.2 364 384.9 398.9 412.5 428.8 442 463.2 484.2 492.6 495.4 510.3 517.3 518.3 514.4 511.5 509.8 506.3 501.4 500.6 500.9 495.4 491.9 489.7
643.6 673.9 685.9 709.7 720.7 714.1 712.7 712.3 707.8 705.5 685.9 670.1 637 606.7 585.9 568.6 557.5 542.7 530.1 517.9 495.4 464.1 424.2 392 364.1 337.1 316.6 302.9 286.7 277.2 270 264.7 263.4 261.2 258.9 257 255.5 255.6 255 255.3 255.6 255 254 252.2 257.6 261.4 261.6 263.9 270.3 278.4 289.6 305.3 320.3 338.4 347.8 363.3 384.1 398.4 415.8 435.2 455.8 468.2 482 490.2 499.3 510 525.5 522 519 513.3 512.5 510.5 504.8 503.9 505 504.2 501.4 498.5
623.4 643.3 673.4 697.3 721.1 746.5 762.7 757 762.1 741.1 711.8 683.5 648.8 619.9 595.5 569.5 555.2 542 527.3 510.7 491.1 458.5 420.4 389.8 362.6 338.1 319.9 305.7 291.1 280.7 272.2 269.3 266.9 262.1 259.6 258.4 257.6 256.7 256.6 256.5 256.5 255.1 256.4 258.5 261.3 262.6 264.3 267.6 272.9 280.8 290 302 321.1 335 349.2 363.4 385 404.7 423.2 445.5 461.4 474.6 486.7 493.5 511.2 523.2 525.7 524.5 520.4 513.1 509.7 508.5 504.4 509.8 512.7 510.8 507.2 503.4
600.3 621.9 654.1 683.8 716 746.5 775.4 804.4 800.5 761.2 724.8 694.7 666.6 634.6 604.8 578 557.2 542.2 526 505.4 483.1 454.7 417.3 389 364.5 340.4 321.7 306.3 292.9 282.1 274.5 271.5 265.8 261.3 259.6 258.1 257 256.5 256.6 256.3 255.6 253.9 255.4 258.1 261.4 263.5 265.7 268.6 274.3 282.6 292.7 304.5 320.2 337.4 351.2 365.4 385.2 409.9 431.6 448.9 466.8 479.7 494.9 511 523.7 529.9 533.2 530.7 526.5 519.5 517.9 511.3 511 520.3 517.8 515.9 514.8 514.4
580.6 609.6 645 675.1 708.4 742.7 776.3 807.6 808 772.7 744.2 716.6 689.4 653.1 622.4 594 564.1 546.1 521.7 497 475.9 448.5 414.8 387 364.4 344.5 324.5 304.5 290.7 282.6 276.9 269.9 265.1 261.7 259.6 258.6 256.4 256.4 256.1 255.4 254.7 253.7 256.8 260.4 262.9 265.5 266.9 268.6 278 287.5 292.7 308.3 322.4 337 351.8 369.8 391.3 414.5 433.9 459.2 472.7 490.3 507.1 527.4 529.4 541.9 544 542.9 539 530.3 527.6 521.1 518.7 520.3 521 529.5 531.8 525.4
565.3 600.2 633.6 666.4 699.8 733.3 769.7 801.3 812.6 796.3 765.3 734.2 702.4 669.4 640.2 611 578.4 544.2 520.2 491.8 465 439.7 410.1 385.1 363.6 342.2 323.1 304.8 293 283.5 276.2 270.3 264.7 262.4 260.5 259.2 256.8 256.5 256.3 255.3 254.8 255.9 258.9 262 264.8 266.9 266.9 269.2 278.6 288.8 298.3 308.9 320.9 339.1 354 375.7 398.7 418.5 435.6 460.4 481.6 503 521.3 533.5 541 555.4 553.6 547.5 543 542.8 538.6 528.9 530.1 530.6 531.7 538.9 539.5 538.3
556.1 595.3 626.1 654.9 688.7 723.9 761 793.9 812.7 811.5 778.7 747.5 719.1 691.1 663.5 637.1 607.5 554.4 519.5 486.2 458.2 433.5 406.7 384.1 363 341.2 322 307.8 296.8 285.8 276.3 269.4 265 262.9 260.3 258.3 256.6 256.3 256.8 255.6 255.7 257.8 261.1 262.9 265.8 266.5 267 269.2 278.6 288.5 300.8 308.6 325.1 341.7 356.4 380.9 408.5 427.5 448.8 471.8 500.3 524.8 531.6 543.2 548.7 565.4 561.8 553.5 551.7 553.2 546 540.1 538.8 544.8 546.7 544.2 551.2 548.8
549.6 582.7 614.8 643.2 678.4 715 750.2 782.4 809.9 825.8 793.5 764.9 737.4 711.4 682.9 651.1 619.5 556.3 514.1 482.1 456.6 430.5 404.7 381.1 357.5 339 321.1 308.9 297.5 285.7 275.7 270 265.6 262.4 260.5 256.7 257.9 257.8 256.6 257 258.5 259.8 260.7 262 265.1 266.8 268.5 270.3 278.8 290.6 302.6 310.8 323.7 342.1 359.5 390.1 412.4 437.7 468.2 499.3 521.9 534.3 539.3 546 556.6 566.7 569.9 565.1 567.2 566.4 562.2 561.1 560.9 562.7 564 559.3 567.9 564.1
545.2 577.2 607.6 633.6 670.7 703.7 737.7 772.9 805.4 837 812.1 784.6 756.6 727.9 696.1 656.4 614.4 561.4 516.3 485.2 457.2 429.6 402.4 378.3 357.3 336.9 321 309 294.8 286.2 275.3 270.4 265.7 263.2 259.6 258.2 259.3 259.7 257.3 258.6 259.7 261.8 261.4 265.1 263.8 266.7 268.3 271.5 277.1 287.8 298.1 310.2 324.3 341.3 366.4 391.1 422.7 455.6 494.1 526.4 547.9 551.1 555.2 559.6 565.6 574.4 576.1 575.8 581.2 582.3 576.1 576 578.6 579.8 585.5 579.8 592 583.4
