data/190000-710000.asc
ncols 200
nrows 200
xllcorner 190000
yllcorner 710000
cellsize 50
[rows 108 to 143 of 200, columns 82 to 163 of 200]
94.8 94.8 94.8 94.8 94.8 94.8 94.8 94.8 94.8 94.8 94.8 94.8 94.8 94.8 94.8 94.8 94.8 94.8 94.8 94.8 94.8 94.8 94.8 94.8 94.8 94.8 94.8 94.8 94.8 94.8 94.8 110.2 121.3 121.6 121.1 118.1 113.6 110.5 114.6 123 133.3 145.5 156.4 164.9 167.8 170.9 171.6 175 179.3 179 175.4 172.7 170.4 168.3 168.1 169.6 174.9 174.6 172.7 165.6 159.3 148.1 137.1 128 115.7 109.8 105.4 98.1 95.3 92.2 87.9 85.1 80.9 74.5 77 77.8 77.8 76.5 75.7 75 76.9 74.1
94.8 94.8 94.8 94.8 94.8 94.8 94.8 94.8 94.8 94.8 94.8 94.8 94.8 94.8 94.8 94.8 94.8 94.8 94.8 94.8 94.8 94.8 94.8 94.8 94.8 96.1 94.8 94.8 94.8 94.8 106 121.8 122.9 122.3 121.2 120.1 114.2 109 110 127.1 136.7 148.3 158.2 163.7 165.8 165 166.4 169.6 172.9 172.6 168.9 162.8 156.2 148.2 150.4 146.6 145.5 148.2 148.4 141.6 134.6 126.5 110.2 106.3 106.7 104.9 98.5 92 88.5 82.9 79 79 80.9 80.8 78.4 77.1 73.8 74 79.1 78.8 74.4 69.5
94.8 94.8 94.8 94.8 94.8 94.8 94.8 94.8 94.8 94.8 94.8 94.8 94.8 94.8 94.8 94.8 94.8 94.8 94.8 94.8 94.8 94.8 94.8 97.6 100.8 99 102.1 101.4 99.1 95.4 106.1 118.6 121 121.9 121.1 118.5 108.6 107.8 112.7 126.8 136.5 145 153.6 158.6 158 160 162.8 166.9 167.9 166.8 162.3 152.4 146.9 144 138.4 137.5 133 126.7 123.9 119.4 111.9 103.1 107.5 100.6 104.9 98.3 93.1 84.7 80.4 77.2 79.4 80.4 81.4 81.9 75.2 72.9 71.9 75.4 78.5 74.2 67.9 61.3
94.8 94.8 94.8 94.8 94.8 94.8 94.8 94.8 94.8 94.8 94.8 94.8 94.8 94.8 94.8 94.8 94.8 94.8 94.8 94.8 95.2 104.8 104.7 105.3 107.5 110 111.1 113.8 112.3 100.6 98.9 102.5 108.8 109.9 107.5 107.6 101.9 102.4 109.6 119.7 129 133.5 140.8 146.6 149.4 151.9 155.7 162.4 162.6 162 155.7 146.4 142.3 137.5 130.1 130.3 127.3 120.4 116.7 106.3 98.8 93.8 97 95.1 95.9 93 88.6 78.9 76 67.9 75.7 80.2 81.8 75 68.6 70.1 77.4 79 74 68.5 62 57.4
94.8 94.8 94.8 94.8 94.8 94.8 94.8 94.8 94.8 94.8 94.8 94.8 94.8 94.8 94.8 94.8 105.4 101.5 109.2 105.9 114.2 117.7 117 117.3 121.4 119.3 120.8 121.1 116 110.3 99.3 97.1 96.8 97.9 98.3 96.4 95.4 97.8 103.8 108.3 116.9 122.1 120.5 124.3 131.2 137.5 143.8 150.8 156.6 160.2 152.4 143.2 137 130.5 126 121.3 116.7 114.7 108.3 102.3 85.3 92.1 91.8 90.9 93.7 88 77.5 68.9 67.2 70.9 73.9 75.4 70.4 64.8 68.4 71.7 80.7 75.1 65.1 59.1 57.9 55.6
94.8 94.8 94.8 94.8 94.8 94.8 94.8 94.8 94.8 94.8 94.8 94.8 94.8 100.4 107.3 114.8 114.9 110 120 122 121.6 123.4 124.4 125.9 127.3 127.6 126.5 124.4 123.4 124.5 118.2 107.2 100.7 101 99.8 95.9 91.5 92.5 96.7 100.9 105 108.3 110.8 113.8 115.9 115.4 123.9 133.8 142.9 152.3 149.8 139.6 133.4 127.7 123.8 120 115.1 111.8 103 88.2 82.6 85 85.1 90.6 83.6 72 66.1 64.5 71 71 71.3 69.2 61.8 60.8 69.7 70.4 72.4 65.3 58.2 56.1 54.4 53.1
94.8 94.8 94.8 94.8 94.8 94.8 94.8 94.8 94.8 98.6 104 105.7 108.9 117.3 126.5 125.3 123 126.9 129.6 128.1 130 132 132.5 131.7 133.9 132.9 131.3 132.1 131 131 121.3 114.9 109.8 110.4 105.9 102.9 97 95.9 94.8 94.9 98.5 100.4 102.6 106.1 107.9 105.8 112.9 116.2 126.8 133.2 134.2 131.7 131.6 125.3 117.9 113.2 107.9 101.1 91.3 75.7 77.2 81.2 78.4 70.5 66.7 64.3 62.7 68 71.1 70.5 65.4 64.3 61.3 63.7 70.5 68.9 58.6 56.5 54.4 52.4 49.5 48.1
94.8 94.8 94.8 94.8 94.8 94.8 101.8 112.9 116.5 119.5 120.6 123.4 131.6 139 136.8 139.1 137.4 141.2 139.1 135.3 139.1 139.4 139.1 141.5 140.7 140.1 140.3 136.3 130.5 123.5 124.1 120.7 117.7 115.9 111.3 109.6 103.7 100 99.5 91.9 92.2 93.2 95.4 96.9 97.2 99.1 105.9 111 116 121.2 121.1 119 119.7 118.4 107.6 101.9 100.8 90.4 71.2 69.8 75.2 74.4 68.6 60.3 58.3 59.9 64.1 68 69.4 60.6 53.8 57.2 61.1 61 60.1 54.1 53.7 52.5 50.3 45.7 41.4 37.6
94.8 94.8 94.8 98.8 103.7 110.7 119 128 134.7 138.7 134.6 142.5 153.7 154.2 154.2 155.8 151.1 149.2 148 147.5 147.1 145.9 147.2 150.8 151.6 151 142.8 137 129.2 133.1 130.8 126 127.1 125.6 121.2 117 112.9 107.8 103.2 102.2 99.8 96 91.3 84.7 85.2 80.3 92.3 101.2 109.6 112 112.5 111.7 110.4 103 95.8 96.2 94.7 78.9 67.1 68.3 70.2 63.3 60.1 55.9 57.6 57.6 58.7 59.5 59.4 55.2 53.5 54.3 53 53.1 50.3 47.6 45.6 44.9 45 35.6 32.7 32.7
97.2 98.1 110 116.3 114.8 116.1 132.9 144.8 151.4 159.9 165.6 170.4 170.5 171.2 167.6 162.3 158.2 154.6 155 152.2 153.3 157.8 158.8 157.2 155.4 150.7 144.1 137 140.7 140.9 137.8 135.9 139 137.4 132.8 126.1 120.8 117.4 117.9 117.4 118.2 115.1 109.3 103.9 93.7 89.6 78.4 85.2 88.9 93.8 99.4 103.5 103.6 100.9 93.9 86.6 72.7 65.2 66.7 64.9 59.9 55.4 56.4 53.4 55.5 55.4 57.9 55.9 55.2 55.2 52.8 55.2 47.9 44.3 44.7 42.1 38.2 32.7 32.7 32.7 32.7 32.7
113.7 112.8 120.6 130.4 129.2 125.9 141 155.6 164.1 170.9 176.3 178.6 191.1 185.8 186.5 175.1 170.1 166.8 162 160.3 162.2 172.1 170.9 161.2 157.9 150.6 149 144.9 146.2 142.5 146.8 148.8 150.3 146.5 140.1 134.2 126.8 124.2 128.9 130 132.8 132.8 130 120.3 108.3 99.8 89.4 78.8 75.3 72.7 81.8 91.4 95.3 97 85.4 73 60.1 60.7 60.9 58.8 56 52.9 53.1 54.9 58.3 54.2 53.6 52.8 54.2 52.5 50.1 45.6 36.3 32.7 32.7 32.7 32.7 32.7 32.7 32.7 32.7 32.7
124.1 130 136.4 148.1 151.9 143.8 144.5 158.9 169.2 181.2 189 194.7 197.8 195.6 188.4 186.9 180.9 175.8 170.6 170.6 166.7 170.1 167.1 162 159.4 154.5 153.7 154.4 153.5 152.2 158.7 161.4 158.3 154.8 148.6 144.2 137.4 132.8 138.2 139.8 144.3 147.6 145.2 138.3 123.3 109.1 99.8 87.8 83.3 77.3 68.3 70.8 81.1 82.3 71.3 59.9 54.9 55.7 54 50.5 50.2 52.2 59.5 57.7 55 53 53.4 51.4 46.9 44 44.8 36 32.7 32.7 32.7 32.7 32.7 32.7 32.7 32.7 32.7 32.7
140.4 144.3 151.8 162.3 161.1 149.4 154.6 164.1 171.6 178.4 181.5 183.5 191.6 194.8 186.1 184.5 183.8 178.8 173.3 167.7 165.3 164.1 164.3 161.6 161.5 161.9 160 161.2 160.3 162.1 167.2 167.3 165.3 162 155 151.4 143.3 137.3 142.4 147.1 152.7 155.5 154.8 149.3 141.8 125.5 118.3 106.4 96.2 92.2 83.3 71 71.3 67.3 60.2 58.2 60.5 57 57 55.2 52 49.1 53.5 50.4 50.4 50.3 46.6 43.8 39 36.9 32.7 32.7 32.7 32.7 32.7 32.7 32.7 32.7 32.7 32.7 32.7 32.7
151.6 156.7 158.8 162.5 163.3 163.4 158.8 161.5 169.2 172.9 179.4 180.4 178.2 185 185.8 182.9 179 176.5 168.7 164.9 163.2 162.4 161.4 162 168.2 169.9 167.5 167.6 167.9 169.7 173.1 173.5 172 167.5 161.9 155.7 148.2 140.9 141.6 152.8 159.9 162.8 164.9 154.8 145.1 138.9 129.8 118.9 106.4 95.6 87.4 80.6 61.5 58.6 63.4 69.8 64.1 57.1 55.7 54.8 52.6 45.3 49.4 44.4 44.7 43.7 40.2 37 32.7 32.7 32.7 32.7 32.7 32.7 32.7 32.7 32.7 32.7 32.7 32.7 32.7 32.7
164.3 169.7 169 169.1 168.1 173.6 171 164.9 171.6 179.4 190 179.1 175.3 174.2 179.3 181.7 180.9 178.2 170 166.1 163.1 163.1 168.7 163.7 170.1 170.5 172.7 171.1 175 175.8 178.1 179.3 175.9 172.3 167.3 160.9 152.3 142.4 143.7 158.9 165 167.3 166.6 158.2 144.1 136.1 130.9 123.7 114.7 103.3 94.5 83.2 78.5 75.7 71.4 67.6 63.1 58.9 56 54.6 52 46.2 44.2 45.6 39.8 39.8 38.8 37.6 32.7 32.7 32.7 32.7 32.7 32.7 32.7 32.7 32.7 32.7 32.7 32.7 32.7 32.7
174.7 176.7 178.5 180.1 179.7 178 177.9 174.4 172.5 179.5 179.3 178 173.4 173.1 179 179.3 180.5 180.5 175.1 169.7 168.7 171.6 170.3 169.1 169.6 176 180.4 178.5 181 184.7 185.6 187.6 185.2 175.5 169.6 163.9 154.1 144.7 147.1 165.2 174.3 169.9 166.3 159.5 150 142.4 129.4 123.5 118.7 114.9 108.6 95.7 83.6 79.5 72.3 65.1 57 55.7 56.3 54.3 52.2 48.1 45.6 44.3 43.6 38.2 37.2 36.2 32.7 32.7 32.7 32.7 32.7 32.7 32.7 32.7 32.7 32.7 32.7 32.7 32.7 32.7
179.6 181 185.1 186.3 184.2 182.1 179.1 173.3 171.7 171 173.7 175.3 171.8 175.6 176.5 178.6 181.6 183.5 180.3 180.6 178.2 177.2 178.2 173.2 173.9 180.6 188.3 187.7 193.6 197.4 191.8 193.6 189.6 179.3 172.5 167.1 157.4 149.7 152.5 173.6 175.5 173.1 171.6 173.8 162.1 142.2 126.4 121.3 121.2 119.3 108.2 95.5 83.5 75.6 66.3 61.3 56 55 55.3 53.3 51.5 47.1 45.4 42.1 42 37.2 35.3 32.9 32.7 32.7 32.7 32.7 32.7 32.7 32.7 32.7 32.7 32.7 32.7 32.7 32.7 32.7
181.3 186.5 189.6 189.9 190.1 189.6 186.5 176.1 171.3 170.2 171.7 173.2 176.2 181.9 178.4 183.6 193 187.5 184.3 181.4 179.2 179.6 180.9 178.9 179.9 189 195.6 197 202.8 202.3 200.1 199.6 199.2 189.7 175.4 171.5 161.8 155.3 162.2 178.3 175.3 175.4 174.4 166.2 147 128.3 121 120.9 121.1 110.6 100.9 86.1 83.4 74.7 64.4 58 54.9 54.1 53.8 52.9 50.3 45.6 43 43.1 39.8 36.7 35.3 33 32.7 32.7 32.7 32.7 32.7 32.7 32.7 32.7 32.7 32.7 32.7 32.7 32.7 32.7
180.8 189.7 191 191.1 189.5 190.6 191.6 176.6 171.2 170.4 171.2 175 181 184 184.7 196.6 199.9 196.3 188.5 185.1 182.2 182.9 182.2 184.9 188.7 198.2 203.2 202.8 209.3 211.2 206.3 202.8 199.8 194.2 181.3 174 165.2 160.5 166.8 179.3 175.1 166.8 156.2 145 132.1 120.7 120.6 118.1 112.6 104.4 93.1 82.9 79.2 72.7 66.7 56.1 54.6 54.4 53.4 52.4 48.8 45.2 43.7 42.6 41.1 35.7 32.7 32.7 32.7 32.7 32.7 32.7 32.7 32.7 32.7 32.7 32.7 32.7 32.7 32.7 32.7 32.7
176 179.3 181.7 186.1 185.9 187.4 184.5 176 172 170.6 170.8 172.6 177 189.4 193.2 204.5 202.7 200.6 191.3 187.1 186.2 185 184.5 189 196.9 204.7 206.3 207.5 214.1 214.7 212.5 212.8 203.3 198.7 188 176.8 167.3 167.6 168.8 173.5 169.1 159.3 148.7 137.9 126.7 118 116.5 114.3 109.2 93 84.2 77.5 70.7 64 58.8 55 54.3 54.5 53.6 49.3 46.2 44.4 44.5 41.7 40.6 35.9 32.7 32.7 32.7 32.7 32.7 32.7 32.7 32.7 32.7 32.7 32.7 32.7 32.7 32.7 32.7 32.7
185.9 184.4 182.3 180 180.9 179 178 178 179.9 172.1 170.5 172.6 180.8 185.1 192.6 198.3 201.9 200.2 200.2 194.9 188.6 187.6 188.1 196.1 204.4 207.7 211.6 213.4 210.9 215.8 214.8 210.9 204.4 198.5 191.1 181.9 168.5 165.4 161.9 169.2 160.5 148 137.1 126.5 117.6 113.5 111.3 103.6 92.9 86.5 84 76.9 67.5 59.5 56.8 56.5 54.6 52.7 51.9 48 46.4 43.1 43.1 42.1 40.5 38.2 32.7 32.7 32.7 32.7 32.7 32.7 32.7 32.7 32.7 32.7 32.7 32.7 32.7 32.7 32.7 32.7
187.3 188.9 188 183.2 182 180.4 179.1 178.3 175.2 171.7 171.2 172 174.6 178.5 186.4 194 206.5 206.1 207.1 199 187.8 186.2 185.9 194.2 203.4 210 214.1 213.2 211.3 214.4 214.6 210.6 205.1 197.1 190.7 184.5 171.2 160.4 150.8 152.2 156.9 140.3 129.5 121.8 115.8 109.8 101.3 91.7 87.2 80.4 80.3 74.2 64.8 63.3 59.8 58.4 54.3 51.7 48.1 47.3 46 43.4 41.7 39.3 40 37.8 33 32.7 32.7 32.7 32.7 32.7 32.7 32.7 32.7 32.7 32.7 32.7 32.7 32.7 32.7 32.7
191.2 193.1 190.4 184.6 186.3 183.4 182.9 179.7 178.5 174.9 172.2 171.8 173.4 175.7 184.3 190.1 198.5 205.8 205.9 193.1 176.9 174.6 181.6 190.3 200.9 208 213.3 215.1 211.4 207.7 207.3 204.8 200.5 199.4 192.9 183.7 173 158.3 143.7 139.7 142.5 137.1 124 118.3 113.5 109.8 98.1 90.4 82.9 74 71.6 71 66.4 63.5 58.6 54.1 52.2 49.3 47.9 47.2 46 44.6 42.1 39.5 39.3 40.1 32.7 32.7 32.7 32.7 32.7 32.7 32.7 32.7 32.7 32.7 32.7 32.7 32.7 32.7 32.7 32.7
189.3 188.1 187.8 189.4 184.9 189.6 186.6 185 184.5 180.8 177.3 181.3 178.1 181.3 181.2 185.2 189.1 188.2 196.7 169.6 170.2 180.2 189.3 188.8 198.7 206.9 213.7 219.3 209.9 203.9 203.4 204 201.4 196 190.1 184.3 171.1 154 142.9 128.9 130.3 121.7 116.8 113 108.2 95.4 86.4 80.8 78.9 71.2 69.2 68.8 64.8 58.6 57.1 52.5 50.6 49.6 49.5 47.7 45.1 42.6 41.2 40 40.7 40 32.7 32.7 32.7 32.7 32.7 32.7 32.7 32.7 32.7 32.7 32.7 32.7 32.7 32.7 32.7 32.7
184.2 192.1 194.7 201.6 197.8 194.2 193.8 191.9 192.1 188.5 188.5 185.9 181.6 184 179.1 176.1 172.4 168.6 161.7 164.7 177.8 184 189.6 191.1 197.2 203.9 209.9 204.7 203.8 205.2 205.3 206.3 207.2 197.5 194.4 187.5 170.2 150.9 138.6 131 115.3 111.4 107.7 97.4 86.9 82.8 76.2 72.3 71.6 71.2 68.1 64.9 58.7 55.7 51.6 50.7 49.2 48.3 47.3 46.3 44.2 43 41.8 40.7 41.1 36.3 32.7 32.7 32.7 32.7 32.7 32.7 32.7 32.7 32.7 32.7 32.7 32.7 32.7 32.7 32.7 32.7
192.8 197 204 209.6 206.2 200.1 198.3 198.8 200.1 198 196.8 193.4 188.4 180.7 174.9 169.4 161.8 157.4 166.2 171 176.7 181.8 188.1 191.1 192.3 194.8 198.5 195.6 197.6 200.2 201.1 201.2 199.7 197.6 193.3 186.5 169.2 147.2 135.3 126.8 117.5 107.9 101.7 92.7 78.8 71.8 70.1 73.2 67.3 66.7 59.4 59.9 60.2 56 51.8 48.4 50.1 47.6 44.8 42.9 41.5 41.6 38.7 36 37.1 32.7 32.7 32.7 32.7 32.7 32.7 32.7 32.7 32.7 32.7 32.7 32.7 32.7 32.7 32.7 32.7 32.7
195.8 201.5 209.7 212.3 210.8 205.2 199.8 199.8 208 207.9 204.3 199.9 196.8 184.3 173.2 164 158.1 157.1 167.2 173.6 176.2 180.6 187.4 190 184.8 186.3 188.2 188.8 191.2 198.2 201.1 201.8 200 196.3 190.4 180.8 154.7 142.6 130.1 125.4 119.8 109.4 100.9 89.7 77.6 80 76.9 71.5 67.1 67.5 65.4 62.9 60.8 56.2 52.5 50.7 49.2 47 43 45.6 43.9 41.3 38.4 35.3 32.7 32.7 32.7 32.7 32.7 32.7 32.7 32.7 32.7 32.7 32.7 32.7 32.7 32.7 32.7 32.7 32.7 32.7
196 206.5 211.9 207.9 204.8 203.3 200.4 206.6 215.5 217.8 211.5 206.2 199.6 181.4 169.9 162.9 156.5 155.9 164.5 172.5 175.3 171.3 171.6 172.8 174.9 179.5 180.9 182.2 188 194.9 201 198.1 197.8 193.4 181.3 161 149.2 140.7 131.5 122.9 117.2 107.8 96.9 86.4 92.5 88.7 82.4 79.8 75.2 73.2 70.5 66.4 61.9 59.1 55.2 52.7 48.8 49.9 51.1 48.4 45.1 42 40.5 34.5 32.7 32.7 32.7 32.7 32.7 32.7 32.7 32.7 32.7 32.7 32.7 32.7 32.7 32.7 32.7 32.7 32.7 32.7
195.5 199 201.6 203.7 204.5 203.2 205.4 211.4 220.4 221.6 213.4 203.6 187.3 175.3 166.9 162.9 156.7 157.8 160 162.3 163.1 163.3 161.2 164.1 168.6 172.2 174.8 180.6 183.6 186.4 191.8 191.9 187.9 175.4 165.5 165.4 154 141.5 129.3 118.9 108.1 96.7 90.6 99.7 100.1 94.3 87.2 82.8 81.7 78.7 72.3 68.5 63.9 61 61.3 54.4 49.6 50.5 51.2 48.2 45.4 43.9 35 32.7 32.7 32.7 32.7 32.7 32.7 32.7 32.7 32.7 32.7 32.7 32.7 32.7 32.7 32.7 32.7 32.7 32.7 32.7
187.8 193.4 201.6 206.6 206.7 206.2 210.1 210.4 215.2 209.8 204.3 193.4 182.5 170.9 166.8 163.4 155.3 152.6 152.2 153.4 154.5 154.4 155.7 159.2 164.5 169.4 173.4 177.5 177.5 177.1 176.6 171 167.3 164.7 162.1 154.5 144 134.3 126.2 110.3 97.9 94.4 101.2 107.4 104.7 100.6 92.7 86.7 84.4 82 80 69.9 64.4 56.9 53.2 51.7 49.5 49 49.4 46 44.6 40.4 32.7 32.7 32.7 32.7 32.7 32.7 32.7 32.7 32.7 32.7 32.7 32.7 32.7 32.7 32.7 32.7 32.7 32.7 32.7 32.7
189.9 199.6 204.5 207.8 209.9 210.8 210.5 208.9 204.7 201.4 198.8 186.7 177.6 169.1 162.8 157.3 149.1 145 145.1 146.7 148.8 148.8 153.9 159.9 163.4 168 169.9 170.9 171.9 169.4 165.5 163.9 162.2 156.9 146.6 139 132.9 123.3 113.4 102.6 94.4 100.1 106.5 111 109.4 110 99.4 89.7 86.1 82.6 78.3 70.3 63.8 57.5 56.1 50.8 49 47.8 47.6 46 44.3 37.9 32.7 32.7 32.7 32.7 32.7 32.7 32.7 32.7 32.7 32.7 32.7 32.7 32.7 32.7 32.7 32.7 32.7 32.7 32.7 32.7
189.2 200.1 201.4 207.5 209.5 209.2 207.3 203.1 198.6 194.9 188.9 180 171.5 165.8 159.2 152.2 144.1 139.8 140.4 141.5 147.3 151.4 155.3 158.6 162.3 165.5 165.6 162.7 158 155.8 155.4 154.7 150.3 141.3 136.3 131 125.6 114.1 103.7 95.7 102.6 104.8 110.4 112.1 111.1 111 97.6 91.8 85.5 80.2 75.7 70.6 65.4 59.9 57.5 52.9 49.3 47.6 48.5 48.2 35.7 32.7 32.7 32.7 32.7 32.7 32.7 32.7 32.7 32.7 32.7 32.7 32.7 32.7 32.7 32.7 32.7 32.7 32.7 32.7 32.7 32.7
190.1 199.1 202.8 207.6 209.2 209.1 205.3 198.3 192.4 190.8 184.5 172.3 167.7 165 160.1 153.2 143.1 136.6 139 140.6 146.2 151.3 154.2 157.4 158.8 158.3 155.1 150.6 147.6 149.9 146.7 142.6 138.5 131.6 129.1 124.7 121 108.9 96.4 97.2 102.7 107.6 109 110.5 106.8 98.9 92.8 89.7 84.5 78 73.2 69.7 67.5 61.9 59.9 53.7 48.7 49.1 49 48.3 39.1 32.7 32.7 32.7 32.7 32.7 32.7 32.7 32.7 32.7 32.7 32.7 32.7 32.7 32.7 32.7 32.7 32.7 32.7 32.7 32.7 32.7
196.2 203 208.9 213.5 212.7 210.8 205.2 199.5 189.4 185.1 178.2 172.1 170 165.5 159.2 150.9 141.2 134.4 139.1 141 146.4 150.7 151.3 151.8 150.1 148.7 144.2 140.6 140.2 141.1 137.8 133.3 129.3 127 123.4 120.3 108.8 99.2 97.9 99.9 103.1 105.6 105.5 104.5 101 95.6 90.5 87.7 82.4 81.4 73.2 72.9 67.6 64.4 60.9 55.9 49 49.1 49.4 46.7 34.2 32.7 32.7 32.7 32.7 32.7 32.7 32.7 32.7 32.7 32.7 32.7 32.7 32.7 32.7 32.7 32.7 32.7 32.7 32.7 32.7 32.7
202.4 206.9 217.9 220 215.6 210.1 203.1 196 184.7 179.9 178.3 173.3 169.9 166.1 156.7 144.8 137.6 137.1 139.4 140.3 143.8 145.5 145.8 143.7 142.3 140.8 135.7 133.2 133 132.6 130.5 126.4 123.6 122.3 117.1 107.6 98 98.3 100.4 101.1 101.3 101.1 101.7 99.3 96.5 92.4 90.8 89 83.9 80.4 76.8 73.5 71.4 68.7 64.6 52.1 48.6 48.4 48.7 40 32.7 32.7 32.7 32.7 32.7 32.7 32.7 32.7 32.7 32.7 32.7 32.7 32.7 32.7 32.7 32.7 32.7 32.7 32.7 32.7 32.7 32.7
205 212.5 219.9 223.3 214.1 205.3 196.7 188.7 180.8 177.7 178.2 174.5 170.5 162.2 148 142 134.4 134.8 139 141.1 140.9 139.9 138.5 137.9 135.4 133.1 130.7 129.3 126.6 125.7 123.6 121.1 115.8 111.9 105.5 99.7 98 99.7 101.1 101.1 101.7 100.8 98.5 94.5 91.6 90.4 91.3 89.9 86.4 83.2 80.9 74.9 71 59.5 51.6 49.4 48.1 48.3 46.6 32.7 32.7 32.7 32.7 32.7 32.7 32.7 32.7 32.7 32.7 32.7 32.7 32.7 32.7 32.7 32.7 32.7 32.7 32.7 32.7 32.7 32.7 32.7
