data/190000-640000.asc
ncols 200
nrows 200
xllcorner 190000
yllcorner 640000
cellsize 50
[rows 140 to 174 of 200, columns 79 to 157 of 200]
123.9 114.8 106.8 98.7 92.2 87.8 85.4 85.9 90.9 96.9 105.8 123 142.3 163.7 183.3 201.2 216.5 234.2 248.9 263.7 275.7 285.7 293 300.5 306.3 311 315.7 320.2 324.3 326.9 329.4 331.7 334.1 335.1 334.5 339.7 342.8 346.6 351.3 356.2 360.7 369.5 376.9 385.7 396.7 405 413.2 424.3 436.1 446.5 455 479.3 505 515.7 525.7 537.5 553.9 576.8 602.3 619.7 634.4 657 679.9 648.9 679.2 701.4 708.6 689.8 678.6 674 660.1 640.8 599 551.3 511.4 479.4 458.5 442.3 429.8
116.1 109 101.8 94 88.1 85 83.2 85.5 91.4 97.2 109.4 126.2 145.2 166.7 185.1 201.2 218 234.8 252.6 266.5 279.3 290.1 297.7 305.3 311.6 317.4 322.5 326.8 330.3 332.9 334.7 336.4 338.7 339.9 339.4 340.1 344.7 348.7 353.7 359.1 362.9 373.5 382.2 390.7 401.5 411.1 418.3 429.5 441.8 456.4 471 496.2 519.8 532.1 542.5 558.2 571.5 588.8 602.9 612.5 619.6 636.9 630 622.4 622.3 668.2 641 642.5 645.7 645.4 646.6 638.1 590.2 545.8 507.6 472.5 450 431.4 417.6
109.3 102.9 96.6 89.7 84.6 82.3 82.2 86.3 90.9 99.6 113 130.1 148.4 169.6 185.5 201 221 237.3 257.2 271.9 285.2 295.9 304.8 312.5 318.8 323.8 328.4 333 336.8 339.8 341.4 342.7 344 345 345.8 346.7 349.1 353.2 356.7 362.8 368.5 377.6 388.4 396 405.6 414.3 424.3 439.6 454.7 472.4 492.2 513.6 535.4 549.1 564 578.8 587.7 593.6 594.1 580.9 580.9 577.1 571.2 580.8 585.6 610.1 600.8 600.9 604.9 618.1 628.9 613.4 577.8 539.1 501.1 466.7 442.4 423.6 410.2
103 97.5 91.5 86.3 81.9 79.3 82.8 87.1 92.6 103.1 117.4 137.6 154.6 171.2 184.8 201.8 222.1 241.3 259.5 276.1 291.5 301.7 310.5 318.7 324.9 330.2 334.4 339 343.3 346.7 348.2 349.5 351.3 353 354.4 355.3 357.2 360.7 364.8 370.1 374.6 384.7 394.1 402.8 413 421.7 430.8 453.8 478.3 495.6 516.2 536.3 554.4 570.6 587.1 596.9 593.1 571.8 559.5 544.9 538 527.3 530.5 535.5 541.3 547.1 555.4 557.1 572.3 590.6 609 602.3 565.1 528.8 493.4 461.4 435.7 418.1 404.6
98.3 93.5 88.3 83 80 77.8 82.7 87.6 94.5 106.1 121.5 141.6 158.9 170.6 185 203.5 225.3 246.4 264.7 282.7 297 308.4 317.2 324.6 331 336.9 340.8 345 349.3 353.5 355.5 357.5 359.5 360.6 362.2 363.8 366.4 369.9 374 380 385.6 391.3 401.4 411.4 421.6 431.3 445.1 468 496.3 519.6 542.3 561.9 578.3 596.6 610.2 593.3 569 542.7 524.7 516.2 510.2 502.6 505 506.8 508.2 509.5 514.5 523 540.8 552.7 579.7 587.6 554 520.3 486 453.9 429.9 412 396.8
95.2 90.4 85.2 79.5 77.1 76.7 81.8 87.2 96.4 109.1 126.9 139.4 154.2 168.6 185.5 206.1 228.5 249.8 270.1 288.2 303.3 315.2 323.7 330.7 337.7 343.1 347.6 351.8 356.7 359.6 363.8 366 368.2 368.7 371.1 373.4 376.1 379.7 383.4 389.8 397.9 404.9 412.1 421.1 431.9 442.9 458.8 480 506.2 532.1 556.4 580.8 600.4 619.1 597.2 566.7 539.1 525.4 512.5 506.8 499.7 493 487.1 487.7 487.8 487.7 489.3 493.7 502.2 509.7 535.5 563.8 542.4 511.4 476.5 447.9 424.9 405.9 391.2
91.1 87.7 82.5 76.7 74.2 76.6 81.1 87 97.3 111.9 126.7 142.5 154.8 167.9 185.6 207.6 230.3 252.2 274.4 292.9 308.6 321.3 329.8 336.8 343.7 350.6 354.8 359.8 363.1 365.6 371.8 374.2 376.5 377.7 380.4 383 385.9 390.4 395.5 403.7 411.2 418.8 425.9 432.7 442.3 453.3 466.8 489.4 512.7 541.7 570.9 597.3 622.2 605.2 567.3 544.2 524.8 515.5 507.3 500.5 492.8 485.1 478.8 472.5 471.9 471.5 472.1 473.7 474.8 479.4 489.5 518.6 522.5 496.4 465.2 439.1 417 398 384.3
88.2 84.9 80.4 75.2 72.8 76.3 80.1 87.4 98.7 115.6 130.1 141.4 151.8 169.7 187.7 209 232.3 255.8 277.6 297.3 315.3 326.2 335.5 343 350.4 358.4 361.6 365.9 369.3 371.7 378.6 382.3 385 386.8 388.7 393.4 397.6 402.5 408 415.5 423.7 432.3 440.5 446.8 453.5 464.4 477 497.6 518.6 545.2 577.4 606.8 634 577.1 550.8 531.5 516.9 508.4 500.9 495.3 487.1 481 473.7 465.8 459 459.5 458.1 457.9 452.3 453.4 457.9 475.2 493 477.7 451 427 406.1 388.4 375.1
85.4 82 78.2 73.7 71.7 75 79.4 88.4 101.9 117.2 130.5 142.1 154.1 171.9 191.1 212.7 235.1 258.7 282.4 301.7 318 330.5 340.8 348.9 356.1 362.9 367.6 370.6 373.9 378.4 386 388.6 393.9 398 400.2 405.6 410.5 414.4 420 425.5 432.2 441.1 451.7 459.8 465.7 474.8 491.4 504.6 521.4 545.5 579.1 614.5 638.1 573.9 542.3 534.9 520.8 511 503.5 497.8 486.6 470.5 466.7 462.8 454 447.6 446 443.3 438.5 432.8 431 438.3 454 450.1 432.1 408.6 390.3 376.4 364.3
83 79.8 76.1 71.7 70.5 73.7 80.2 89.8 107.6 118 130.1 141.3 155.4 174.1 192.8 213.4 236.2 260.3 286.8 303.5 322.1 337.7 348.1 354.2 359.4 366.8 371.5 375.1 378.4 385.8 392.5 397.3 404.5 409.4 415 419.1 423.7 427.8 432.7 436.1 439.7 448.6 459.5 467.6 473 481.3 494.4 509.3 524 542.3 570.8 611.1 649.8 585.7 550.9 550.2 539.5 523.8 512.3 503.7 490.5 476.6 463.9 451.4 450 439.5 432.6 426.5 419.1 413.9 410 407.5 412.6 414.4 403.1 389.6 373.7 364.5 353.2
79.6 77.3 74.1 69.1 70.4 74.9 81.5 94.3 107.8 117.6 128.3 141.6 157.2 175.2 193.3 214.9 238.4 262.6 287.4 308.7 327.7 342.5 353.1 360.7 363.7 370.2 375.1 379.1 385.2 393.3 399.7 406.1 414.2 423.4 429.9 435.5 443.1 441.7 445.2 447 449.4 455.6 464.5 472.4 478.1 485.5 495.4 509.2 526.2 539.9 560.6 601.3 672.1 605 571.3 561.9 558.4 543.3 529.8 514.2 495.4 476 461.5 448.3 432.6 432.1 422 410.1 402.7 397.5 391.3 383.1 380 378.6 372.3 367 360 351.3 342.2
75.5 73 70.4 65.8 68.8 74 85.1 98.3 109.1 119.4 128.5 141.5 158.1 175.2 194.6 216.6 239.7 264.6 292 313.9 331.2 346.2 357 365 369.1 374.4 378.1 385 392 400.8 407.3 414.7 425.6 440.2 446.5 454.3 460.4 458.4 454.7 456.4 459.1 462.7 470.9 476.4 482.4 489.1 496.3 510.6 525.2 536.9 552.2 601.5 656.9 610.5 585.8 573.5 577.2 571.8 549.2 520.6 495.3 474.6 455.7 442.5 428.6 416 413.2 398.9 386.8 378 370.7 362.5 356.3 354.3 347 350.2 346.6 339.3 332
71.9 69.3 66.5 64.6 67.9 74.7 86.5 97.4 107.2 118.4 128.9 141.4 156.5 177.1 196.4 218.5 241 267 296.1 319.9 336.4 350.6 360.2 368.5 373.7 377.8 382.8 391.1 399 407.1 415.2 426.6 440.7 454.7 470.2 476.8 476.4 470.9 466.5 466.9 469.1 471.7 475 480 487.9 494.9 502.3 511.8 523.2 536 554.3 606.4 670.9 631 603.4 596 596.8 600.5 571.7 525.6 497.2 471.1 452.2 436.3 422 405.6 403.3 390.9 372.5 359.1 350.2 342.9 337.9 336.7 334.1 335.2 334.8 329.1 322.9
69.1 66.5 64.8 63.2 68.7 76.2 87.9 98 108.9 116.8 128.3 141 156.7 176.5 197.7 219.8 242.8 271.3 304.5 327.6 342.1 354.3 363.4 371.2 378.4 381.7 388 396.8 405.8 417.2 427.4 440.9 458.9 474 493.6 503.8 497.7 485.8 477.2 474.2 476.9 478.9 479.9 486.1 490.6 500.2 507.6 516.9 525.3 536.8 560.5 625.1 680.1 649.2 627 620.7 622.1 624.1 592.6 544 501.2 471.3 452.5 434.4 417 402.3 391.8 380 364.2 344.5 333.2 324.7 319.9 319.5 321.9 324.5 323.8 319.6 313.9
66.2 64.8 63 62.9 69.7 77.6 89.4 99.3 106.3 116.6 128.4 141.4 157.3 176 197.6 221 244.9 276.5 310.6 331 346.7 359.6 368.7 374.4 384 387.1 394 402.5 417.2 430.9 446.9 459.7 478.6 494.6 511.8 523.2 522.4 504 489.6 482.2 483.6 486.4 484.3 489.5 495.6 504.8 513.4 523.3 533.7 540.4 584.6 638 681.5 711.1 654.1 647 651.2 647.7 614.8 569.8 509.5 477.8 452.6 435.7 415.3 396.2 373.4 368.2 350.9 334.4 318.3 309 303.6 302.7 307.8 316.8 315.3 312.2 307.6
63.2 62.8 61.4 64.5 69.7 77.8 86.1 97.2 105.3 116.5 128.3 142.3 157.9 177.2 198.4 222.3 250.5 284.2 314.9 333.4 352.8 364.9 373.2 378.6 387 394.1 402.1 411.6 429.9 445.4 462.9 480 498 514.5 527.5 540 544.7 517.6 499.3 489.3 489.8 492.8 489.3 493.3 499.5 508.8 519.3 529.9 540.1 550.1 588.9 639.6 683.1 715.6 682.3 677.4 690.1 664 632.1 587.1 533.8 485.9 453.9 430.5 412.4 390.2 369.8 352.9 339 324.7 309.8 295.3 290.5 288.9 295.9 303.7 308 306.5 302.4
60.3 59.9 59.6 63.8 69.5 77.5 85.5 94.9 105.2 117 128.1 141.9 158.6 178.2 199.6 224.4 255.9 290 318.1 338.8 357 369.9 376 382 389.8 399 413.3 418.7 440.9 460.1 478.8 498.6 516 531.1 541.6 551.3 555.3 542 510.4 496.1 495.8 493.4 494.4 496.2 504.4 515.6 527.1 535.2 542.5 557.7 588.1 639.3 678.6 715.9 722.1 712.5 712.4 682.1 644 603.2 548.1 492.4 455 426 401.9 378.2 360 342.4 326.9 313.3 300.3 286.1 279 277 282 296.1 301.8 299.7 297.7
58.4 58.5 59 64.1 69.5 78.8 87.1 94.2 106.5 117.4 128.2 142.2 159.6 180.1 202.5 230.8 262.6 293.5 326.2 346.1 361.4 373.5 380.8 386.2 393.9 404.9 423.3 436 451.4 472.8 494 513.6 531.2 546.1 553.7 560.1 564.1 560.3 526.9 508.7 506.2 500.1 499.3 502.4 510.9 520.6 529.8 536.3 543.9 562.6 597 635.8 673.5 708.2 727.4 701.6 686.6 657.4 643.9 605.1 558.9 500.8 455.1 419.9 390.3 365.9 348.8 331.6 314.4 299.9 289.1 278.3 268.2 265.1 269.7 285.8 291.2 291.6 292.6
57.2 57.3 58.9 63.7 69.8 77.8 84.6 92.7 105.3 115.9 129.6 144.1 161.3 182 204.4 234.7 265.8 296.4 328.7 349.2 364.2 375.2 384.9 391.4 399 411.5 433.8 454.3 469.2 485.1 506.9 527.1 543.9 558.2 566.2 567.6 573.5 569.8 547.9 524 514.6 510.5 506.6 509.3 516 524.2 532.3 536.9 550.9 566.5 596.6 645.4 685.1 716.1 704.7 680 644.4 623.4 609.1 572.3 550.8 497.3 450.9 411.7 377.8 355.4 335.5 321.1 302.7 287.4 278.1 271.3 261.3 252.9 257.5 273.7 279.9 282.9 285.5
56.2 56.5 58.9 62.9 69 76.1 82.8 92.8 104.1 114.8 130.4 145.2 163 183.9 208.7 237.6 268.9 301.2 332.2 352 365.9 376.7 387.6 397 405 418.4 442.6 465.7 485.4 499.9 519.3 540.5 556.4 571.1 574.6 577.3 583.7 584.6 572.6 544.2 523.5 520.9 516.2 518 522.2 529.1 533.4 540.8 556 572.9 611.2 660 712.3 689.3 668.7 648.3 607.1 602.8 559.3 541.1 514.2 478.6 439.4 399.3 365.4 345.3 325.6 307.4 292.5 276.7 268.2 263.3 253.9 245.6 245.4 258.7 269.1 273.4 276.6
55.6 55.5 58.4 62.4 68.3 75.8 83.1 93.8 104 115.5 130.9 146.3 164.8 185.7 212.8 242.3 273.3 304.3 336 353.4 366.9 377.6 388.6 403.1 412.1 428.6 451.7 475.5 502.2 517.1 535.9 555.5 568.8 579.8 584.3 590.5 596.5 601.4 593.6 566.9 540.7 529.6 523.7 527.5 531.6 533.6 536.1 547.5 556.7 586.8 631.8 677.1 707.5 659.5 632.1 609.9 587.3 561 535.3 505 483.5 446.1 415 383.7 355.3 332.3 314.2 297.7 281.5 266.9 257.8 251.9 246.6 240.2 238 245.8 255.5 260 266.7
54.8 54.8 57.8 62 68 75.1 83.8 93.6 104.1 116.3 131.4 145.7 164.9 188.8 216.5 247.4 278.1 308.2 337 350.3 365.6 383.7 395.1 406.7 420.7 441.3 464.5 490.1 516.1 534.3 549.7 565 576.4 587.6 594.1 602.4 612.6 620.6 613.6 587.3 561.3 544.8 539.4 540 541.3 541.6 544.4 557.4 569.7 604.2 642.8 685.6 666.7 625.6 602.9 562.6 548.8 520.9 494.1 474.1 446.6 426.6 394.1 368.8 345.6 320.6 304.5 287.9 271.7 256.9 246.4 241.4 237.1 235.4 230.7 233.4 244.5 249.5 256.7
54.1 54.9 57.5 62.2 68.5 74.6 83.3 93.7 104.1 116.9 131.3 147.2 165.6 190.3 220.3 252.1 281.3 310.6 334.6 349.4 368 385.6 399.5 411.5 425.5 452 475.2 501.3 529.2 547.9 556.5 568.8 580.4 592.4 602.9 614.5 626.4 636 632.7 606.7 588.8 570.6 562.1 556.8 553.1 553.2 556.5 573.4 588.4 620.9 656.1 689.1 627.6 598.6 569.6 537.3 509.7 486.9 457.5 441.3 417.2 398 374.9 354.7 336.2 315.5 296.4 278.2 263.4 248.7 237.6 230.4 227.2 227.1 224 223 229.8 239.6 246.2
53.4 55 57.7 62.8 69.5 76.2 84.2 94.5 105.2 118.4 132.8 150.1 168.2 193.9 224.3 256.7 283 311.8 334.5 351.4 368 385 403.1 414.1 431.2 461.4 485.3 511.4 537 554.7 562.7 571.8 584.4 598.4 614.2 627.8 642.3 653.2 652.5 628 615.8 601.4 577.5 566.5 561.3 565.2 568.4 590.4 605.8 632.2 645.2 640.5 587.2 566.2 544.8 512.1 481.4 455.4 431.1 410.6 394.5 376 360.3 343.5 326.4 308.4 290.1 272.1 256.3 242 230.8 222 216.2 214.5 211.7 215 219.4 229.7 236.6
52.6 55 58 63.3 69.3 77.1 85.2 95.2 106.3 120.4 135.5 153.1 172.5 197 227.1 261.4 287.4 314.3 335.4 351.2 367.6 385.8 405.8 417.1 438.7 463.5 492.4 517.2 540.6 555.8 565 574.3 590.5 608.5 625.3 641 657.4 669.5 675.5 647.8 632 618 591.3 576.4 568.8 581.2 579.5 600 618.3 640.9 652.9 597.4 558.2 536.4 512.9 483.4 459.6 429.2 408.2 390.1 375 361.9 346.8 331.6 317.2 300.3 283.6 266 251.4 237.3 223.5 214.6 208.4 202.9 200.3 203.8 212.3 218.7 225.3
52.6 54.5 57.6 62.7 69.3 77.6 86.3 96.4 108.3 123.2 138.5 155.7 175.7 201.6 232 268.7 295.6 316.9 336 351.5 371.6 386.6 405.4 418.5 439.5 464.9 493.8 523.7 542.8 556.3 567.6 580.1 596.5 616.6 636.2 653.7 672.9 688.4 696 661.6 642.2 630.1 611.5 586.1 581.4 591.7 591.8 609.6 628.4 636.5 623.5 572.2 525.9 503.1 486.2 459.7 436.3 412 391.7 376.6 362.8 346.4 336.1 323.4 309.8 293.3 277 261.3 246.7 232.4 218.3 209.3 201.2 194 190.1 194.4 198.4 210.9 213
52.6 54.9 58.5 62.4 69.2 77.9 88 98.9 111.7 126.6 141.7 158.6 179.3 204.9 235.7 270.7 299.9 321.4 339.6 354.5 374.5 387.9 405.2 422.3 438.5 465.7 494.6 527.5 545.1 560.4 573.3 586.6 604.1 624.2 646.1 666.7 687.6 706.3 710 673.4 654.3 643.2 625.1 598.9 598.1 602.1 605.6 619 638 639.6 575.6 532.2 492 473.6 457 437.3 416.2 396.1 379.8 366.4 353.3 341.3 329.9 317.4 304.7 290.2 274 257.7 242.5 228.9 216.8 205.9 196.3 188.1 181.5 185.7 188 199.4 201.1
52.3 55 58.1 62.9 69.4 78.7 89.2 101.3 115.1 130.1 145.2 162.3 183.1 211.1 239.5 272 301.7 325.9 343.6 358.9 376.7 389.9 403.7 422.7 439 461.1 497 527.1 546.7 563 578.4 590.7 610.4 630.6 653.6 678.3 703.2 725.2 720.6 688.2 669.6 658.5 645.5 621.3 615.5 618.2 619.3 629 644.7 608.5 534.5 499.7 469.7 450.6 433.2 417.3 401.7 387.4 375.5 363.5 351.5 338.2 327.8 316.7 303.9 290.9 276.2 259.4 242.1 228.3 213.7 204.4 194.2 184.5 177.5 178.2 180 185.8 189.5
52.3 55.4 59.2 64.2 72.1 82.2 92.6 104.3 117.7 132.4 147.8 167.3 187.8 214.5 244.5 277.1 303.9 329 349 365.5 379.6 391.7 404.3 422.3 438.2 459.9 493.3 520.3 543.1 563.7 579.5 594.6 615.5 637.5 661.7 687.5 716.3 743.1 732.8 707.2 686.8 674.2 663.7 648.9 636.1 634.7 635.3 635.6 591.9 552.2 510.2 479.2 449.6 430.4 415.2 405.3 393.1 382.7 373.7 363.9 354.3 343.9 333.6 324.3 312.7 299.4 283.7 266.7 249 231.9 218.1 205.1 193.6 182.8 174.5 174.4 173.1 174.8 181.2
52.2 55.4 61.1 67.1 74.2 85.3 96.5 108.8 122 135 151.3 171.3 192.8 219.4 249.8 281.1 307.5 333.4 356 371.6 383.5 395.2 408.4 424.8 440.6 458.8 480.5 506.1 536.7 560.8 577.5 594.3 616.3 641.7 666.3 692.1 727.6 759.5 749.7 724.7 707.8 693.6 683 672.9 663.4 653.9 648.9 619.6 580.6 529.5 496 466.6 434.3 415.4 405.2 397 389.2 383.3 380.2 371.2 361.9 350.7 341.7 332.5 322.5 308.9 292.3 274.4 256.4 238.5 223.7 209.6 195.4 183.2 175 169.2 166 166.7 174.4
52.8 56.1 64.2 72.2 80.3 88.7 98.9 112.5 126.2 139.2 156.8 175.3 197.5 225 254.8 285.7 312 339.4 361 376.2 387.4 400.6 414.6 428.8 441.7 457.4 472.3 492.1 523.1 549.1 570.3 591.7 615.8 642 667.4 696.6 734.5 770.9 770.3 748.5 729.5 716.7 705.3 700.9 693.3 676 668 625.1 579.4 524.3 490.6 459.7 428.7 411.6 403.5 395.9 391.4 390.5 388.2 382.2 373.3 362.9 352.7 343.7 331.9 317.3 301.4 281.7 263 244.5 229.1 216 199.9 186.4 175.6 168.3 162.8 164.1 167.5
53.2 58.7 66.1 74 81.9 90.4 101.2 114.2 127.8 142.5 159.2 180 202.3 230.4 260.5 290.6 319.1 345.7 365.1 380.6 395 408.5 422.2 434.3 446.5 457.4 470.8 483.3 506.8 534.4 559.4 583.9 611.8 639 664.6 694.6 736.7 770 783.2 770.7 752.8 740.7 736.6 726.9 722.9 712.9 683.1 644.3 571.2 522.9 490.9 459.8 428 408.7 402.4 401.8 401.8 401.3 398.4 392.9 387.8 376.6 365.8 354.3 341.5 326.2 307.1 289.5 271 252.4 236.5 222.6 205.8 190.5 177.2 166.1 161.4 161 163.5
54.7 60.4 67.4 75.5 83.5 92.5 103.7 116.7 129.7 144.7 162 183.6 207.3 235.9 266 295.7 325.2 351.4 369.6 384.9 400 414.2 428.5 440.4 452.2 463.6 472 482.1 496.5 518.9 547.8 575.2 607.7 633.8 661.7 692.5 730.7 762.4 786.9 795.8 789.8 770.8 766.8 763.6 713 689.4 673.1 643 572.6 525.1 493.4 463.1 434.6 414.3 409.3 410.1 413.2 412.3 411.4 411.2 409.6 396.1 388.2 372 359.4 339.2 316.1 297.3 279.8 261.5 241.6 223.4 206.9 191.4 177.5 167.5 161.4 157.1 154
55.8 61.4 69 76.9 85.5 95.3 105.6 118.8 132.3 148.6 167.2 189.9 214.2 241.9 271.4 301 330.6 356.1 374.7 390.2 405.5 420.6 434.6 447 457.1 468 475.2 482.2 491.6 510.3 535.5 568.6 600 629.4 656 688.1 724.7 757.5 789.4 811.3 813.1 808.6 788.3 743.2 694.9 667.8 654.9 649.1 594.9 537.2 501.1 475.8 449.5 431.7 424 424.3 426.1 427.4 428.3 425.2 427.3 423.7 413.6 402.7 383.3 363.5 331.2 309.4 290.5 269.7 248.3 227.5 209 193.4 177.7 166.1 160.6 157.9 151.7
57.1 62.7 69.9 78.2 88.1 100 109.5 119.9 135.6 153.6 174.3 197.3 221.9 248.9 277.8 306.8 335.9 360.5 380.6 397.5 412.7 426.6 440.3 451.5 460.3 471.5 478.9 485.3 493.7 508.2 528.6 559.9 593.1 627 653.7 683.1 715.9 755 789 816.5 819.1 811.9 773.8 720.5 683.1 653.3 635.5 634.2 624.8 545.5 515.1 488.1 472.5 453.8 445 442.3 445.9 451.7 452.2 447.6 451.3 453.3 453.9 443 409.7 386.8 351.8 325.8 298 274.2 250.7 228.8 212 196.1 180.2 163.4 156.8 150.1 144.6
