data/190000-910000.asc
ncols 200
nrows 200
xllcorner 190000
yllcorner 910000
cellsize 50
[rows 90 to 134 of 200, columns 96 to 191 of 200]
-2 -2 -2 -2 -2 -2 -2 -2 -2 -2 -2 -2 -2 -2 -2 -2 -2 -2 -2 -2 -2 -2 -2 -2 -2 -2 -2 -2 -2 -2 -2 -2 -2 -2 -2 -2 -2 -2 -2 -2 10.9 15.5 16.5 16.8 25.9 35 42.2 48.8 51.3 54.2 56.8 57.4 56.7 55.6 53.8 51.1 47.5 44.1 41.3 38.5 35.6 33 31.1 29.6 28.1 27 26.9 26.8 26.7 26.9 27.4 28 28.6 29.8 30.5 32.1 32.9 34.4 35.6 37.3 38.6 39.9 40.2 37.7 37.7 37.7 37.7 38.5 40.9 44 46.1 48.1 51.4 56.3 65.9 72.2
-2 -2 -2 -2 -2 -2 -2 -2 -2 -2 -2 -2 -2 -2 -2 -2 -2 -2 -2 -2 -2 -2 -2 -2 -2 -2 -2 -2 -2 -2 -2 -2 -2 -2 -2 13.1 14.6 -2 -2 -2 1.6 12.1 12 14.9 26 33.8 43.1 48.1 50.9 53.1 55.1 55.3 54.8 54.4 52.7 50.2 48.4 45.9 43.1 40.3 37.5 35 32.8 31 29.4 28.2 28 27.8 28.2 28.5 29.3 29.2 29.9 30.9 31.8 31.7 32.9 34.2 35.8 37.4 38.8 40.1 41.1 38 37.7 37.7 37.7 37.7 37.7 41.7 43.8 46 48.2 51.2 56.4 63.9
-2 -2 -2 -2 -2 -2 -2 -2 -2 -2 -2 -2 -2 -2 -2 -2 -2 -2 -2 -2 -2 -2 -2 -2 -2 -2 -2 -2 -2 -2 -2 -2 -2 -2 -2 1.4 -2 -2 -2 -2 -2 1.7 11.6 21.1 31.3 38.8 44.9 49.9 51.9 54.1 55.1 54.9 53.7 52.5 51.6 49.7 48.7 47.5 44.9 42.2 39.4 36.9 34.7 32.6 31 29.8 29.3 29.3 29.6 29.7 29.8 30.6 31.1 31.6 32.8 33.2 33.7 34.3 36 37.5 39 40.4 40.3 40.1 37.7 37.7 37.7 37.7 37.7 38.6 42 44.6 46.6 48.6 51.6 55.8
-2 -2 -2 -2 -2 -2 -2 -2 -2 -2 -2 -2 -2 -2 -2 -2 -2 -2 -2 -2 -2 -2 -2 -2 -2 -2 -2 -2 -2 -2 -2 -2 -2 -2 -2 -2 -2 -2 -2 -2 -2 1.4 20.1 33.4 39.4 45.9 52 52.2 53.4 54.9 55.4 54.9 53.8 52.6 51.3 49.9 49 48.1 46.4 43.9 41.3 38.8 36.5 34.7 33.1 31.7 30.9 31 31.3 31.6 31.6 31.9 33.5 33.7 33.7 34 35.1 35.5 36.6 38.1 39.4 40.3 40.8 40.9 40.9 37.7 37.7 37.7 37.7 39 42.2 43.3 45 46.7 49 51.2
-2 -2 -2 -2 -2 -2 -2 -2 -2 -2 -2 -2 -2 -2 -2 -2 -2 -2 -2 -2 -2 -2 -2 -2 -2 -2 -2 -2 -2 -2 -2 -2 -2 -2 -2 -2 -2 -2 -2 -2 -2 10.6 25.1 36.3 42.4 49.2 53 53.4 54.5 56.1 56.3 56.1 54.9 53.5 52 50.8 50.2 49 47.8 45.4 43.1 41.2 39.2 37.3 35.6 34.5 33.7 32.8 33 33.4 33.5 33.7 34.6 35 34.9 35.3 36.3 37.2 37.6 38.5 39.6 40.1 40.6 41.1 41.7 41.6 40.8 40.3 39.2 41.2 42.1 42.9 43.7 45 46.9 48.6
-2 -2 -2 -2 -2 -2 -2 -2 -2 -2 -2 -2 -2 -2 -2 -2 -2 -2 -2 -2 -2 -2 -2 -2 -2 -2 -2 -2 -2 -2 -2 -2 -2 -2 -2 -2 -2 -2 -2 -2 1.9 16.5 27.3 34.6 38 42 45.9 49.9 53.9 56.6 57.2 57.2 55.9 54.7 53.4 52.4 51.9 51.5 50.6 48.4 46.6 45 43.1 41.1 39.1 37.4 36.5 35.8 35.4 35 34.9 34.7 35.3 35.4 35.4 35.6 36.7 37.3 37.7 38.6 39.4 39.9 40.5 41.3 41.9 41.8 41.8 41.9 42 41.8 40.9 42 42.8 43.7 44.9 46.5
-2 -2 -2 -2 -2 -2 -2 -2 -2 -2 -2 -2 -2 -2 -2 -2 -2 -2 -2 -2 -2 -2 -2 -2 -2 -2 -2 -2 -2 -2 -2 -2 -2 -2 -2 -2 -2 -2 -2 13.8 15.8 19.9 24.7 29.5 32.5 37.1 44.6 53.8 53.7 56.6 57.8 57.8 57.3 56.1 54.9 54 53.6 53.1 53.1 52.8 51.9 50.7 48.8 46.7 44.3 42 39.7 38.6 37.9 37.1 36.6 36.4 36 36.1 36.6 36.5 36.3 37.1 37.8 38.8 39.4 40.1 40.9 41.6 42.1 42 42.2 42.3 42.3 40.4 40.4 41 41.9 42.8 43.7 45.1
-2 -2 -2 -2 -2 -2 -2 -2 -2 -2 -2 -2 -2 -2 -2 -2 -2 -2 -2 -2 -2 -2 -2 -2 -2 -2 -2 -2 -2 -2 -2 -2 -2 -2 -2 1.2 0.3 0.5 6.8 11.3 16 25.5 29.5 31 36.9 47.8 58.7 61.8 58.3 56.5 57.4 58.1 58.2 57.6 56.4 55.6 54.9 54.2 55.3 56.2 56.1 56 54.4 52.1 49.7 47.4 44.7 42.2 41.1 39.7 38.8 37.9 37.5 37.5 37.4 37.2 37.1 37.6 38.4 39 39.7 40.5 41.2 42 42.3 42.4 42.7 42.9 41.8 40.4 40.4 40.4 40.9 42.1 42.7 44.1
-2 -2 -2 -2 -2 -2 -2 -2 -2 -2 -2 -2 -2 -2 -2 -2 -2 -2 -2 -2 -2 -2 -2 -2 -2 -2 -2 -2 -2 -2 -2 -2 20.5 23.1 20.1 11.4 6.7 6.8 10.4 14 22.1 31.8 36.9 51.8 58.3 61.1 64.5 68.5 63.4 57.6 56.5 58.5 61.1 59.6 57 56.5 55.8 56 56.8 57.5 57.7 58.1 58.3 57.1 55.2 52.7 49.5 46.3 45.1 42.7 41.3 39.8 39.4 38.9 38.5 38.3 38.2 38.3 39 39.7 40.3 40.9 41.6 42.4 42.6 42.8 43.1 43.3 41.9 40.4 40.4 41 40.4 41.8 41.7 43.2
-2 -2 -2 -2 -2 -2 -2 -2 -2 -2 -2 -2 -2 -2 -2 -2 -2 -2 -2 -2 -2 -2 -2 -2 -2 -2 -2 -2 -2 17.2 20.5 20.6 21.7 28.6 17.5 -2 -2 -2 15.2 20.2 28.2 30.5 44.5 58.1 62.3 61.2 65.7 66.8 68.3 64.1 58.4 56.3 58.1 59 56.6 56.7 57.3 58.2 59.2 59.6 60 60.8 60.5 60.2 58.8 56.7 54 51.1 48.2 45.6 43.7 41.9 41.1 40 39.6 39.2 39.2 39.3 39.7 40.3 40.9 41.5 42.1 42.8 42.8 43 43.1 43.2 42 40.4 40.4 40.4 40.4 40.4 40.4 41.8
-2 -2 -2 -2 -2 -2 -2 -2 -2 -2 -2 -2 -2 -2 -2 -2 -2 -2 -2 -2 -2 -2 -2 -2 -2 -2 -2 -2 2.4 18 17.1 21.8 23.9 17 -2 -2 -2 7.9 20.3 26.4 29.8 35.8 41.9 53.9 57.9 60.7 65.3 61 58.6 57.1 59.8 61.7 60.9 62 58.3 58.9 62.5 63.6 62.9 62.2 63.1 63 62.8 62.2 61.6 59.6 57.5 54.5 51.3 48.5 46.5 44.5 42.4 41.4 40.7 40.2 40.2 40.3 40.4 40.9 41.6 42.3 42.9 43.3 43.3 43.2 43.2 43.1 42.3 40.4 40.4 40.4 40.4 40.4 40.4 41.4
-2 -2 -2 -2 -2 -2 -2 -2 -2 -2 -2 -2 -2 -2 -2 -2 -2 -2 -2 -2 -2 -2 -2 -2 -2 -2 -2 -2 -2 9.5 16.6 17 19 13.8 -2 -2 -2 13.2 31.7 36.1 38.4 44.3 48.8 53.9 59 63.7 62 61 56.9 57.9 66.2 66.2 66.7 65.7 65.9 65.5 69.8 71.8 74.7 72.5 70.7 67.2 64.3 63.6 62.5 61.7 59.7 57.3 54.5 51.7 49.7 46.8 44.1 43.2 42.3 41.4 41.2 41.3 41.4 41.8 42.4 43.1 43.7 43.8 43.8 43.7 43.7 43.6 41.3 41.7 41 40.4 40.4 40.4 40.4 40.4
-2 -2 -2 -2 -2 -2 -2 -2 -2 -2 -2 -2 -2 -2 -2 -2 -2 -2 -2 -2 -2 -2 -2 -2 -2 -2 -2 -2 -2 4.3 11.6 11.5 13.6 14.3 -2 -2 -2 14.6 31.9 34.3 40.8 46.4 47.6 54.3 55.2 56.5 57.5 58.6 53.7 57.7 64.1 65.9 71.8 72.3 72.7 76 78.1 80.1 82.2 81.3 78.8 74.1 68.5 64.3 63.2 62.1 61.2 60 57.6 54.9 52.3 49.1 46.2 45.1 44.2 43.3 42.5 42.4 42.5 42.6 43.3 43.9 44.2 44.4 44.4 44.3 44.2 43.5 42.8 43.4 43.9 42.5 40.4 40.4 40.4 40.4
-2 -2 -2 -2 -2 -2 -2 -2 -2 -2 -2 -2 -2 -2 -2 -2 -2 -2 -2 -2 -2 -2 -2 -2 -2 -2 -2 -2 -2 2.4 6.6 8.8 -2 -2 -2 -2 -2 25.8 37.9 37.5 38 39.6 46 56.2 57.5 53.8 53.8 51.7 47.8 58.4 69.8 73.8 76 74.7 76.9 81.7 87.3 88.4 89.1 88 86.1 81.2 74.1 66.3 63.5 62.5 61.5 60.6 59.6 57.4 54.8 51.5 48.4 46.9 46.1 45 43.9 43.7 43.6 43.6 44.1 44.6 44.7 44.9 45 44.8 44.7 44.3 44.4 45 45.8 45.3 43.5 41.4 40.4 40.4
-2 -2 -2 -2 -2 -2 -2 -2 -2 -2 -2 -2 -2 -2 -2 -2 -2 -2 -2 -2 -2 -2 -2 -2 -2 -2 -2 -2 -2 1.4 4.1 -2 -2 -2 -2 -2 14.9 35.1 38.5 39.4 39.3 40.4 45.9 50.4 48.9 49 48.7 47.8 47.8 61.2 69.3 71.7 74.2 74.9 82.4 88.7 92 92.4 91 90.2 88.6 84.6 74.2 68.3 63.7 62.6 61.6 61.5 60 58.1 56.5 54.5 51.3 49.3 48.2 46.7 45.3 45.1 45 44.8 44.9 45.1 45.3 45.4 45.5 45.4 45.3 45.8 45.9 46.5 46.3 45.8 45 44.9 43.3 41.2
-2 -2 -2 -2 -2 -2 -2 -2 -2 -2 -2 -2 -2 -2 -2 -2 -2 -2 -2 -2 -2 -2 -2 -2 -2 -2 -2 1.7 6.3 8.6 8.3 -2 -2 -2 -2 -2 21.5 34.4 38.6 38 37.4 37.5 39.7 43.4 46.8 48.7 48.7 47.8 47.8 59.6 65.5 69.2 72 76.8 84.4 89.7 92 90.2 90.4 91.9 86.7 80.8 73.1 67 64.6 63.8 63.2 61.6 60.3 58.9 57.8 56.3 53.5 51.5 49.9 48.4 46.9 46.5 46.4 46.3 46.2 46.2 46.2 46.2 46.2 46.1 46.1 46.6 47.2 47.1 46.6 46.1 45.8 45.7 45.6 45.2
-2 -2 -2 -2 -2 -2 -2 -2 -2 -2 -2 -2 -2 -2 -2 -2 -2 -2 -2 -2 -2 -2 -2 -2 -2 -2 -2 0.8 8.1 10.8 5.9 4.5 1.7 -2 -2 -2 17.8 28.5 35.6 36.3 37 37.5 38 41.3 46.8 52.5 47.8 47.8 48.4 60.2 66.8 67.9 67.7 72 81.7 86.2 87.1 87.2 90.2 89.6 86.3 81.6 74 66.6 65.5 68.7 67.5 64.6 62.2 60.7 59.3 58 56.1 54.4 52.3 50.6 48.9 48.4 48.2 48 47.8 47.9 47.9 47.9 47.9 46.9 46.8 47.2 47.6 47.3 46.9 46.4 46.2 46.1 45.9 45.5
-2 -2 -2 -2 -2 -2 -2 -2 -2 -2 -2 -2 -2 -2 -2 -2 -2 -2 -2 -2 -2 -2 -2 -2 -2 -2 -2 -2 2.4 8.1 7.5 6.3 0.9 -2 -2 -2 19.5 29.5 34.5 34.6 38 37.5 37.5 39.7 51.4 52.4 47.8 47.8 49.5 60 66.9 68.5 68.7 70.9 78.1 80.5 83 87.1 84.7 84.5 81.5 77.8 69.8 67.7 67.9 70.2 68.8 66.5 64.8 62.9 61.4 59.5 58.9 57.3 55.1 53.2 51.5 50.3 50.8 50 49.5 49.6 49.6 49.6 49.7 48.5 47.6 47.9 47.8 47.5 47.1 46.7 46.5 46.1 45.7 45.2
-2 -2 -2 -2 -2 -2 -2 -2 -2 -2 -2 -2 -2 -2 -2 -2 -2 -2 -2 -2 -2 -2 -2 -2 -2 -2 -2 -2 1.2 6.4 8.8 9.4 -2 -2 -2 10.9 18.5 26.1 33 34 37.9 38.2 36.8 41.4 50.6 52.1 47.8 47.8 54.2 65.6 69 71.8 73.2 70 76.6 77.5 76.6 78.3 74.6 75.1 75.8 74.3 69.3 73.9 74.8 74.8 69.8 68.1 66.5 64.3 61.8 61.2 60.3 59.3 58.1 55.5 54.1 52.7 52.1 51.7 51.2 51.2 51.3 51.4 51.4 50.1 48.7 48.5 48 47.7 47.3 46.9 46.3 45.8 45.3 44.8
-2 -2 -2 -2 -2 -2 -2 -2 -2 -2 -2 -2 -2 -2 -2 -2 -2 -2 -2 -2 -2 -2 -2 -2 -2 -2 -2 -2 1.3 8.3 9.9 -2 -2 -2 -2 11.9 19.7 26.8 30.2 29.2 35.2 41.6 48.8 51.4 52.6 52.7 52.8 53.2 60.1 63.6 67.1 67.7 65.5 63.3 60.6 59.9 60.8 60.8 65.4 75.6 81.1 71.5 68.9 75.3 75.6 76.9 74 67.7 65.6 63.8 63 62 61 60.2 59.3 57.3 55.9 54.3 53.6 53.1 52.8 52.9 53 53 53.1 52.3 51.3 50.3 49.7 49.1 47.7 47.4 46.4 45.4 45 44.5
-2 -2 -2 -2 -2 -2 -2 -2 -2 -2 -2 -2 -2 -2 -2 -2 -2 -2 -2 -2 -2 -2 -2 -2 -2 -2 -2 -2 -2 7.1 9.4 7.6 -2 6.1 8.9 13.6 18.2 17.5 20.4 28.3 35.3 42.2 47.3 51.1 52.5 54.8 54.6 56 56 60 62.6 58.8 56.4 58.2 64.4 61.4 63.5 66 71.7 76.1 79.2 76.9 75.4 71.2 73.7 72.1 68.3 66 64.9 64.6 64 62.6 61.8 61 60.2 59 57.4 55.9 55.3 54.7 54.1 54.2 54.3 54.3 54.3 54.3 54.2 53 51.8 51.2 49.7 47.9 46.9 46 45 44.1
-2 -2 -2 -2 -2 -2 -2 -2 -2 -2 -2 -2 -2 -2 -2 -2 -2 -2 -2 -2 -2 -2 -2 -2 -2 -2 -2 -2 -0.5 2.1 7.5 7.5 -2 -2 8.9 13.5 14.3 16.5 21.3 27.6 37.1 43.1 48.1 49.9 55.2 57.2 52.4 52.7 51.6 51.6 51.6 56.5 62.2 69.2 73.6 69.9 72.9 81.7 82.4 80.2 86.3 83.6 76.9 70.2 73.2 70.4 66.6 66 65.5 66 65.3 64.6 63.8 62.6 61.4 60.3 58.8 57.5 57 56.2 55.5 55.5 55.5 55.6 55.5 55.4 55 54.5 53.8 53.2 51.8 49.7 49.1 46.9 45.6 44.6
-2 -2 -2 -2 -2 -2 -2 -2 -2 -2 -2 -2 -2 -2 -2 -2 -2 -2 -2 -2 -2 -2 -2 -2 -2 -2 -2 -2 -2 2.5 6.7 7.4 -2 -2 3 5.9 12.2 19.7 21.5 24.1 28.5 38.4 44.5 45.6 50.9 55.5 52.8 51.6 51.6 53.9 58 60.9 64.3 67.1 66.1 65.5 75.8 76.5 74.9 76.4 79.6 78.7 73.8 68.6 68.8 67.8 66.5 66.2 67.6 68.4 66.1 65.2 64.9 63.7 62.6 61.5 60.3 59.2 58.5 57.7 57 56.8 56.8 56.7 56.4 56.1 55.6 55.1 54.6 53.9 53.3 51.2 50.8 50.6 48.2 45.4
-2 -2 -2 -2 -2 -2 -2 -2 -2 -2 -2 -2 -2 -2 -2 -2 -2 -2 -2 -2 -2 -2 -2 -2 -2 -2 -2 -2 -2 1.6 5 5.5 -2 -2 -2 2 5.7 14.6 16.7 20.2 26.5 35.7 42.3 49.6 54.8 57.8 63 60.5 58.5 61.9 61.1 57.2 57.5 59.8 58.1 63 72.5 73.3 72.6 77.3 75.6 78.2 71.8 63.4 66.4 69.8 72.8 71.6 69.8 66.2 65.3 65.1 64.9 64 63.2 62.3 61.4 60.7 60 59.2 58.5 58 57.8 57.5 57.2 56.8 56.3 55.8 55.2 54.8 54.4 52.7 52.5 52.3 51.6 48.9
-2 -2 -2 -2 -2 -2 -2 -2 -2 -2 -2 -2 -2 -2 -2 -2 -2 -2 -2 -2 -2 -2 -2 -2 -2 -2 -2 -2 -2 1.7 3.6 1.8 -2 -2 -2 -2 4.5 11.9 19.2 28 31.4 39.9 47 52.9 57.5 60.9 60.5 61.8 59.6 58.3 54.4 56.9 57.7 54.3 54.3 61 62 62.5 64.4 69.6 67.2 63.6 63.4 63.4 76.3 83 82.1 76.7 71 66.3 65.5 65.6 64.9 64.6 64.7 64.2 62.2 61.5 60.9 60.3 59.7 59 58.5 58.2 57.9 57.5 56.9 56.8 56.6 55.7 55.3 54.3 54.1 53.5 52.6 51.2
-2 -2 -2 -2 -2 -2 -2 -2 -2 -2 -2 -2 -2 -2 -2 -2 -2 -2 -2 -2 -2 -2 -2 -2 -2 -2 -2 -2 -2 -2 1.8 -2 -2 -2 -2 -2 5.6 13.1 21.7 28.9 32.2 39.7 45.2 49 52.4 56.2 56.8 57.8 55.6 52.2 55 53.4 53.6 54 55.3 59 63.6 69.9 71.9 74.9 73.9 70.1 63.4 69 81.2 87.2 85.9 82.3 73.9 69.1 68.5 69.9 69 69.2 67.3 65.5 63.4 62.8 62.1 61.6 61 60 59.5 59 58.6 58.6 59 59.4 58.6 58 57.1 56 55.1 54.5 53.3 52
-2 -2 -2 -2 -2 -2 -2 -2 -2 -2 -2 -2 -2 -2 -2 -2 -2 -2 -2 -2 -2 -2 -2 -2 -2 -2 -2 -2 -2 -2 -2 -2 -2 -2 -2 -2 5.3 14.6 20.3 27.6 31.5 35.9 42.2 47 47.5 48.4 49.1 50.1 48.3 48.9 49.6 50 50.4 51.8 56.3 59.2 68 75.6 79.2 79.3 77.2 72.8 68.4 74.3 83.1 84.7 84.2 84.4 82 85.9 87.4 79.6 75.3 77 75 67.3 64.9 64.2 63.6 62.9 62.3 61.3 60.6 60.2 60.6 61.2 61.6 61.6 60.7 60.1 59.5 58.1 56.5 55.4 54 52.7
-2 -2 -2 -2 -2 -2 -2 -2 -2 -2 -2 -2 -2 -2 -2 -2 -2 -2 -2 -2 -2 -2 -2 -2 -2 -2 -2 -2 -2 -2 -2 -2 -2 -2 -2 -2 -2 13.2 19.2 25.7 28.3 31.2 36.9 40.6 41 41.5 41.7 42 42.2 41.9 43.2 47.3 53.8 63.6 66.2 66.5 74.1 75.4 76.6 77.5 76.7 74.1 68.3 73.2 78.5 78 76.3 77.8 82.7 87.7 90.9 83.9 85.3 86 81.4 71.6 66.6 65.4 64.7 64.1 64.1 64.2 64.1 64.1 63.2 63.7 64.2 63.7 62.7 63.1 61.9 60.4 59.1 56.5 54.7 53.3
-2 -2 -2 -2 -2 -2 -2 -2 -2 -2 -2 -2 -2 -2 -2 -2 -2 -2 -2 -2 -2 -2 -2 -2 -2 -2 -2 -2 -2 -2 -2 -2 -2 -2 -2 -2 -2 2.4 7.9 20.3 24.5 27.9 33.1 36.6 39.7 43.6 40.4 40.5 41.1 42.7 45.7 50.8 54.6 62 64.2 66.1 70.6 72 74.6 78.4 79.4 70.9 68.1 71.5 71.3 72.9 76.4 77.5 78.6 83.7 86.8 87.7 89.8 88.4 89.2 84.5 73.8 67 66 66 66 66 66.2 66.3 66.5 66.7 66.7 66.8 67 65.6 63.9 62.4 61.1 58.4 56.2 54.4
-2 -2 -2 -2 -2 -2 -2 -2 -2 -2 -2 -2 -2 -2 -2 -2 -2 -2 -2 -2 -2 -2 -2 -2 -2 -2 -2 -2 -2 -2 -2 -2 -2 -2 -2 -2 -2 2.6 18.8 25.5 31.3 35.1 38.7 41 41.9 41.2 39.5 40.6 42.4 42.6 44.7 51 55.3 58 60 64.7 68.9 71.7 77.9 76.6 71 68.1 68.1 68.1 68.9 71.1 74.4 76.5 78 81 85.4 94.4 96.9 97.2 94.2 86 76.9 68.5 67.4 67.1 67.2 67.3 67.2 67.5 68.1 68.4 68.6 68.5 68.5 67.5 66 64.4 62.7 60 57.9 56.1
-2 -2 -2 -2 -2 -2 -2 -2 -2 -2 -2 -2 -2 -2 -2 -2 -2 -2 -2 -2 -2 -2 -2 -2 -2 -2 -2 -2 -2 -2 -2 -2 -2 -2 -2 -2 -2 -2 19.4 26 31.9 35.6 38.2 40 40.2 39.3 38.4 39.8 41.3 41.9 42.9 45.8 50.3 53.8 57.8 62.3 69.3 76 77.1 75 71.7 68.1 72.3 75.1 72.9 71.9 73.5 74.5 76.4 85.5 94.4 100.2 103.3 100.9 95.5 88.3 74.9 69.9 69.1 68.6 68 68.1 68.1 68.7 69.2 69.5 69.9 70.2 69.8 68.8 67.9 66.5 64.3 62.2 60.2 58.1
-2 -2 -2 -2 -2 -2 -2 -2 -2 -2 -2 -2 -2 -2 -2 -2 -2 -2 -2 -2 -2 -2 -2 -2 -2 -2 -2 -2 -2 -2 -2 -2 -2 -2 -2 -2 -2 -2 15.1 25 28.5 31.2 34.4 37.4 37 37.1 39 41.1 41.6 42.1 43.4 45.3 49.4 56.8 64.3 68.9 78.4 84.7 85.9 83.2 75.8 74.2 77.1 79.7 74.9 73.8 73.6 70.9 72.4 85 97 99.9 103 97.5 91.8 86.9 74.3 70.9 70 69.4 70.7 72.2 72.3 70.5 70.1 70.3 70.4 70.6 70 69.3 68.6 67.9 66.6 64.5 62.5 60.3
-2 -2 -2 -2 -2 -2 -2 -2 -2 -2 -2 -2 -2 -2 -2 -2 -2 -2 -2 -2 -2 -2 -2 -2 -2 -2 -2 -2 -2 -2 -2 -2 -2 -2 -2 -2 -2 -2 -2 23.3 27.6 29.6 29.5 33.1 34.3 35.4 39.3 42.2 42.2 42.3 47.3 53.2 55.7 59.6 68.2 74 79.9 86 89.3 86.8 77.9 76.4 77.7 80.1 77.6 75.8 68.4 67.3 69.5 79.5 89.7 95.4 94.8 90.1 88.5 78.5 73 67.9 69.4 70.5 72.1 75.3 77.3 74.7 70.6 70.4 70.6 70.6 70.2 69.6 69 68.2 67.1 66 64.3 62
-2 -2 -2 -2 -2 -2 -2 -2 -2 -2 -2 -2 -2 -2 -2 -2 -2 -2 -2 -2 -2 -2 -2 -2 -2 -2 -2 -2 -2 -2 -2 -2 -2 -2 -2 -2 -2 -2 -2 -2 9 7.5 20.9 27.6 35.3 38.9 42 44.2 46.5 46.4 50.7 53.5 56.2 63.1 71.8 76.4 80.9 82.5 84.9 84.8 80.7 76.2 76.1 75.9 75.9 72.3 67.9 64.9 72 80.6 85.9 85 82.3 81.7 80.6 82.8 84.8 73.3 67.9 67.9 67.9 69.5 76.2 75.2 71.4 69 71.2 71.7 71.6 70.8 70.2 69.5 67.5 66.3 65.2 63.3
-2 -2 -2 -2 -2 -2 -2 -2 -2 -2 -2 -2 -2 -2 -2 -2 -2 -2 -2 -2 -2 -2 -2 -2 -2 -2 -2 -2 -2 -2 -2 -2 -2 -2 -2 -2 -2 -2 -2 -2 2.1 12.3 22 31.2 38.8 48.7 51.9 51 51.4 52.1 53.4 56.4 62.6 69.2 75.5 79.7 84.3 84.1 83 81.7 79.1 76.2 74.1 71.2 69.3 66.3 63 61.7 66.5 75.2 76.2 79.2 83.4 91.9 91.3 88.6 84.4 72.9 70.6 69.9 67.9 67.9 67.9 67.9 67.9 67.9 70.3 74.2 73.9 72 71.4 70.8 67.9 66.7 65.6 64.3
-2 -2 -2 -2 -2 -2 -2 -2 -2 -2 -2 -2 -2 -2 -2 -2 -2 -2 -2 -2 -2 -2 -2 -2 -2 -2 -2 -2 -2 -2 -2 -2 -2 -2 -2 -2 -2 -2 -2 -2 4.8 19.2 23.7 35.1 44.1 49.3 51.1 55.7 55.5 55.2 58.9 61.6 66.9 75.4 79.5 84.7 85.6 85.7 82.1 79.6 77.5 74.8 72 68.2 66 64.2 61 59.5 61.6 67.8 75.2 80.9 87.3 91.6 91 88.6 78 74.1 73.1 75.2 79.3 75.8 67.9 67.9 67.9 68.9 73.2 75.5 74.2 72.7 71.4 70.1 68.5 67.4 66.1 64.5
-2 -2 -2 -2 -2 -2 -2 -2 -2 -2 -2 -2 -2 -2 -2 -2 -2 -2 -2 -2 -2 -2 -2 -2 -2 -2 -2 -2 -2 -2 -2 -2 -2 -2 -2 -2 -2 -2 -2 -2 21.1 11.4 26.4 35.7 46.6 51.7 59.2 61.6 60.8 61 64.5 66.5 74.6 79.8 82.2 86.3 84.7 82.3 79.3 77.5 74.7 71.9 68.6 65 62.5 60.5 57.7 57.7 66 74.7 83.1 86.1 87.8 90.8 87.3 83.3 80.6 77.8 78.5 83.5 82.8 77 72.7 74.3 67.9 67.9 74 76.1 74.9 74.3 72.6 70.5 69.2 68 66.4 64.8
-2 -2 -2 -2 -2 -2 -2 -2 -2 -2 -2 -2 -2 -2 -2 -2 -2 -2 -2 -2 -2 -2 -2 -2 -2 -2 -2 -2 -2 -2 -2 -2 -2 -2 -2 -2 -2 -2 -2 -2 18 8.1 27.8 36.3 49.2 54.1 59.9 63.9 65.8 73.4 75.4 78.2 80.6 81.7 85.4 88 84.8 82.2 78 73.4 69.1 65.5 62.4 60.4 58.2 56.6 56.6 58.4 69.6 78.7 85.1 86.6 87.9 88.9 84.7 82.4 82.5 86.2 91.6 90.3 83.6 79.7 81.8 78.3 74.2 72.1 74 75.9 75 74.8 74.2 71.7 69.9 68.2 66.3 64.4
-2 -2 -2 -2 -2 -2 -2 -2 -2 -2 -2 -2 -2 -2 -2 -2 -2 -2 -2 -2 -2 -2 -2 -2 -2 -2 -2 -2 -2 -2 -2 -2 -2 -2 -2 -2 -2 -2 -2 -2 -2 22.2 31.1 36.7 46.6 53.7 61.3 66.8 73.4 80.7 82.9 81.8 82.1 84.3 88.9 89.1 85.4 83.9 76.8 69.1 64.4 61.4 60.2 58 56.6 56.6 58.8 70.2 82.1 89.3 87.6 87.2 87.8 88.1 85.5 84.4 87.1 93.6 97 92.1 90.9 93.1 87 82 77.7 75.9 75.6 75.7 74.9 74.2 74.2 71.8 69.4 67.5 66 64.7
-2 -2 -2 -2 -2 -2 -2 -2 -2 -2 -2 -2 -2 -2 -2 -2 -2 -2 -2 -2 -2 -2 -2 -2 -2 -2 -2 -2 -2 -2 -2 -2 -2 -2 -2 -2 -2 -2 -2 -2 -2 19 30.3 33.8 45.1 52.9 60.8 68.7 75.2 80.2 83.8 84.1 83.7 86.3 90.1 87.3 85.6 82.1 74.1 69.4 66.1 62.8 62.2 59.8 57 58.5 67.6 78.2 89.2 94.8 93.5 90.5 87.6 87.9 86 84 84.9 88.9 91.6 95.3 105.1 103.9 97.2 88.3 82 82.6 83.2 77 74.6 74 73.1 70.8 68.6 67.7 66.4 65.1
-2 -2 -2 -2 -2 -2 -2 -2 -2 -2 -2 -2 -2 -2 -2 -2 -2 -2 -2 -2 -2 -2 -2 -2 -2 -2 -2 -2 -2 -2 -2 -2 -2 -2 -2 -2 -2 -2 -2 -2 -2 -2 29.8 34.3 34.3 41 54.7 65.4 71.7 77.1 79.4 80.2 82.9 84.7 84.9 84.4 84 82.8 78.4 75.3 72 68 64.8 62.4 59.4 56.6 65.4 75.9 86.9 93.5 99.3 91.4 86.7 85.1 84.2 83.7 84.7 87.1 90.7 99.3 104.5 105.1 103.3 96 91.3 86.3 84.8 80.4 75.5 74.3 73.4 70.3 68.3 67.6 66.8 65.5
-2 -2 -2 -2 -2 -2 -2 -2 -2 -2 -2 -2 -2 -2 -2 -2 -2 -2 -2 -2 -2 -2 -2 -2 -2 -2 -2 -2 -2 -2 -2 -2 -2 -2 -2 -2 -2 -2 -2 -2 -2 -2 22.4 29.5 31.5 36.3 46 58.6 66.8 70.8 71.4 74.6 80.8 81.1 81.8 82 83.8 84.8 78.5 73.8 70.3 67.2 63.3 61.5 58.6 57.3 62.8 72.1 81.8 90.1 96.7 88.2 82.5 82.4 82.9 83.6 90.4 89.7 96.4 103.1 104.6 106.4 105.7 100 94.5 87 82.6 78.4 76.2 75.3 74.6 69.1 68.5 68.1 66.9 65.9
-2 -2 -2 -2 -2 -2 -2 -2 -2 -2 -2 -2 -2 -2 -2 -2 -2 -2 -2 -2 -2 -2 -2 -2 -2 -2 -2 -2 -2 -2 -2 -2 -2 -2 -2 -2 -2 -2 -2 -2 -2 -2 10.5 22.2 27.1 31.9 40.2 48.2 57.8 60.6 64.3 68.9 76.5 81.9 79.9 79.5 78.8 76.5 72.7 69.1 66.8 63.4 61.1 59.6 58.5 58.1 64.6 73.7 81.9 89.9 87.4 80.5 80.2 82 83.2 83.9 92.7 96.4 102.2 104.9 106.2 108.1 106.7 102.8 99.9 95.5 84.3 79.9 78 76 71.7 68.7 68.9 68.5 68 68.4
-2 -2 -2 -2 -2 -2 -2 -2 -2 -2 -2 -2 -2 -2 -2 -2 -2 -2 -2 -2 -2 -2 -2 -2 -2 -2 -2 -2 -2 -2 -2 -2 -2 -2 -2 -2 -2 -2 -2 -2 -2 -2 -2 8.3 17.9 25.2 32.5 39.1 45.5 48.7 56.6 64.8 73.7 77.8 75.2 74.8 73.4 71.6 69 65.8 63 60.9 59.7 58.1 57 58.7 64.2 70.7 79.3 88.1 80.2 76.8 79.6 88.9 83.1 84.6 95 97 102.1 105.5 108.3 107.7 106 103.4 100.6 94.3 83.9 79.1 77.5 78.2 73.4 69.3 69.5 69.6 70.5 71.4
-2 -2 -2 -2 -2 -2 -2 -2 -2 -2 -2 -2 -2 -2 -2 -2 -2 -2 -2 -2 -2 -2 -2 -2 -2 -2 -2 -2 -2 -2 -2 -2 -2 -2 -2 -2 -2 -2 -2 -2 -2 -2 -2 -2 2.4 12.6 14.7 29.9 35 40.8 50.8 58.9 67.3 71.3 68.8 68.4 67.9 66.7 65 62.5 60.6 60.1 59.2 57 55.4 57.7 62.7 65 68.9 73.1 72.8 73.4 78.9 84.7 80.6 84.2 94.9 98.5 102.6 107.1 108.1 106.6 104.9 101.7 95.5 88.6 82.3 77.7 75.8 74 71.6 70 70 70.2 71.7 74.8
