data/190000-830000.asc
ncols 200
nrows 200
xllcorner 190000
yllcorner 830000
cellsize 50
[rows 0 to 34 of 200, columns 79 to 157 of 200]
235.7 231.1 231.1 232.9 233.5 239.1 241.3 241.9 242.5 243 246.5 250.6 254.1 261 271.8 283.1 293.9 298.4 303.3 303.6 302.8 299.8 295 292.5 290.1 290.3 292 293 292.5 293.8 296.2 296.6 296.4 291 283.9 280.4 277 272.5 272.5 272.5 272.5 272.5 274.4 278.5 280.8 283.4 291.6 302.8 313.7 321.1 324 331.4 339 351.1 365 368.7 368.8 369.6 372.1 375.4 379.5 388 401.1 414 431.7 445.5 455.7 464.7 470.9 477.3 478.7 479.5 477 485.4 488.5 494.5 505.6 515.2 527.6
236.2 234.7 233.4 238.9 240.6 245.4 247.6 247.7 249.3 252.1 259.1 262.4 263.2 279 283.9 293 301.1 303.2 305 306.3 304.2 301.9 298.9 293.3 289.4 289.4 291.9 292.8 291.9 295.2 297.4 295.8 294.9 289.9 284 278.3 274.1 272.5 272.5 273.2 273.3 272.7 279.8 284 285.9 286.5 291.8 301.7 312.8 319.8 325.9 330.7 334.8 348.9 358.3 363.5 365.4 370.9 373.5 378.1 382.3 387.5 398.9 411.6 424.5 432.7 442.1 456.7 466.9 473.3 477 477.4 474.8 474.8 475.9 477.1 486.3 497.3 517.9
235.2 238.3 245 254.9 264.2 264.2 263.2 263.8 268.3 270.4 272.9 269.2 275.6 286.9 288.2 291.8 296 297.6 299.7 299.9 299.9 300.6 297.4 291.5 289.4 289.4 289.4 291.3 289.4 292.1 296.4 296.1 291 285.9 281.7 277.1 272.7 272.8 273.7 274.6 275.5 278.3 282.4 285.7 286.6 289.2 294.4 300.8 311.2 321 329.6 331.2 329.8 340.4 349.4 361.2 365.8 366 368.7 372 377 388.2 403.4 421 434.5 445.4 458.3 473.5 479.1 483.7 482.3 478.5 474.8 474.8 474.8 474.8 481.5 493.5 514.1
244 253.1 266.9 278.5 281.3 275.8 278.3 282.3 285.6 288.9 290.1 304.9 307.6 303 304.3 309.8 310.7 309.4 309.3 311 312 306.1 298.3 289.5 289.4 289.4 289.4 289.4 289.4 289.4 291.9 290.5 286.2 283.7 280 275.5 273.7 273.5 274.1 275.1 275.9 278.1 281.4 283.4 285.3 288.5 292.2 298.4 305.8 312.4 317.6 318.4 320.4 326.6 335.9 346.3 351.4 355.5 362.4 374.9 387.9 406.5 426.2 448.1 459.7 462.4 478.9 486.1 486.6 484.7 479.9 477.3 474.8 480.7 483 479.6 488.2 505.5 530.4
251.4 265.7 279.7 287.8 288 285.5 291.4 297.4 298.6 299.8 304.1 312.1 313.5 308.3 311.6 316.8 317.5 316.8 318.6 322.6 325.5 322.6 312.5 302.3 297.8 296.2 293.3 291.6 290 292.9 294.5 289.7 289.5 287.4 283.4 277.8 274 273.5 273.8 275.2 276.4 278 280.4 282.8 286.3 290.6 294.9 298.8 303.6 307.6 311.7 318.5 329.2 338.6 345.2 352 361.8 367.9 372.4 379.9 397.8 421.8 439.7 459.2 470 468.5 477.4 481.1 477.8 472.7 472.7 472.7 487 502.6 502.6 492.9 497.4 514.8 542.5
260.9 276.8 290 298.2 294.4 292.6 297.6 301.9 303 305.5 309.6 319.3 314.8 311.1 313.9 319.3 322.6 324.4 327.9 337.8 343.4 334.1 325 313.7 309.6 309.3 306.2 299.3 295.8 299 301 303 296.9 291.3 286 280.1 275 273.6 274 274.5 276.5 279.4 284.2 287.4 290.5 295.5 307.1 312.2 316.6 322.6 330.1 342.7 358.9 365.8 368.4 363.2 371.2 379.5 379.7 382.6 393 426.6 441.9 461.8 466.7 464.1 467.4 471.7 477.5 481.8 482.3 490.2 516.2 528.1 513 503.4 510.8 521.1 542.2
268.1 280.7 289.6 294.4 295.1 296.9 301.9 304.5 306 309.4 315.7 319.5 314.6 312.5 316.5 323.1 327.1 327.7 330.7 337.7 342.2 336.6 329.3 319.9 316 314.2 311.2 305.2 301.3 301.1 299.6 300.3 298.2 291.8 285.3 279.2 275 273.5 274.2 276.9 279.4 285.7 289.1 295.3 302.8 307.9 319.9 325.5 329.8 332.5 338.5 355.1 368.5 380.8 377.3 370.8 369 377.5 378.6 382 392 411.7 423.3 434.7 444.1 443.8 459.1 479.3 497 508.8 506.5 504.5 519.8 532.3 530.9 527.8 538.2 550.8 550.7
272 283.4 290.3 294 296.5 300.9 305.8 308.7 312.4 314.1 322.5 323.6 318.3 317.7 323.4 330.5 332.9 331.2 333.5 341.3 342 337.1 332.1 326 320.5 317.7 317.2 311.8 310.6 307.6 304.4 298.8 297 290.5 286 279.9 275.8 275.4 276.7 280.2 286.6 293.1 294 301.8 308.8 310.4 315.9 320.5 327.4 330.9 335.1 345.6 358.8 364.3 370 370.8 371.3 373.6 376.6 380.6 387.2 397.3 409.9 418.4 433.1 456.9 471.6 492.9 517.9 521.2 519.1 523.2 531.8 535.3 535.4 545.1 548.1 560.9 565.1
275.4 286.4 293.3 296 299 307.1 309.7 313.4 316.2 317.9 323.4 324.3 321.7 322.7 333 341.9 339.9 336.9 339.9 344.8 343 337.6 336.9 333.3 326.3 323.6 323.9 320.9 318.2 315.5 312.1 305.3 297.9 292.1 287.2 283.9 279.1 279.3 283.2 286.9 292.2 294.4 298.6 306.8 313.1 313 318.6 321.6 328.2 330.8 335.7 348.2 353.6 365.2 369 370.7 371.5 372.3 375.3 384.6 395.5 406.8 416 434 454.4 474.8 492 505.9 525.8 534.4 535.5 536.8 541.3 537.5 536.8 551.5 559.2 556.1 549.7
278 289.4 296.9 296.7 297.7 302.1 308.6 313 315.1 319.6 325.7 323.7 322.6 327.6 335.7 343.5 343.9 341.7 344.8 349.5 348.5 344.4 345.9 344.8 332.1 327.6 325.2 324.6 322.7 320 316.5 307.9 300.4 294.7 290.7 286.9 283.4 287.5 289.8 294 295.9 297.5 304.4 315.8 320 320.3 324.3 329.1 336.3 345.8 360.5 372.2 373.7 369.8 377.2 382.8 384.6 380.6 380.5 395.1 410.4 416.3 432.1 452.5 474.5 500.4 514.5 520.5 535.9 542.2 546.7 548.2 546.2 538.9 538.7 547.4 541.7 537.4 531.8
282.5 288.7 295.9 296.8 296.5 296.9 304.4 309.5 313.2 316.6 322.7 323.2 325 335.2 344.2 350.9 347.3 345.8 349.5 354.3 350.1 346.4 344.7 342.1 330 325.3 323 322.8 324.4 325.2 319.3 310.8 302.6 297.4 292.9 290.7 293.7 297.1 299.6 301.7 299.4 299.4 307.3 321.6 329.3 332.9 340.5 347.4 353.4 367.1 378.7 389.6 388.2 381.2 385.7 397.1 393.9 389.3 392 411.9 428 429.4 445.7 475.2 495.6 523.2 539.6 541.8 539.7 536.2 541.9 542.2 536.8 531.9 533.3 536.7 532 517.9 506.7
303.4 311 306.2 302.1 296.5 296.5 306 312 313.6 318.3 327.3 332.7 332.9 340.8 348.7 354 352.3 351.5 350.2 354.9 351.4 347.3 343.3 337.8 326.7 317.6 316.7 320.9 324.4 326.2 321.8 312.3 303.8 301.5 299.6 304.1 305.5 306 313.3 313.5 304.7 307.2 313.5 323 332.6 339.1 343.1 349.7 358.4 370 379.5 387.7 393.6 394.2 390.1 394.5 399.4 401.7 412.9 430.9 435.4 445.2 458.5 477.9 494.6 516.5 532.9 541.7 546.7 535.4 531.9 529.9 520.3 515.3 514 509.4 508.5 498.3 492.4
303.3 308.5 306 301.8 297.7 301.8 310.3 319.4 314.8 320.5 334.1 336.6 338.6 345.3 357.4 359.3 355.6 354.6 352.5 356.5 348.4 345.5 341.6 336.3 328 316.7 316.7 320.4 322.3 324.6 321.5 310.3 303.4 302.5 302.7 304.2 305.9 307.4 314.1 312.7 308.2 310.1 318.3 321.4 330 343.4 345.4 350.6 361.8 374.1 381.5 388 393.9 397.3 393.7 400.3 407.1 411.5 417.6 430.8 450.3 465.8 477.5 481 494.1 505.5 525.4 530.8 529.8 523.5 513.1 508.9 502.7 495.1 490.7 487.5 483.7 479.1 496.5
290 298.8 293.9 294 294.5 299.8 311 317.4 314.4 320.8 335.3 338.3 343.1 347.8 351.6 358 358.6 351.6 349.4 352.4 345.4 345.3 342.1 335.7 328.2 317.5 317.1 320.9 320.6 321.1 317.2 308 301.5 302.3 302.9 300.5 301.6 304.3 306.2 304.4 305 307.5 312.3 316.9 321 331.1 343.2 351.4 362.8 370.7 377.5 382.1 387.7 392.2 400.2 405.2 409.2 409.1 415.4 433.1 460.5 474.4 487.1 490.8 491.6 500.2 510.4 515.9 510 506.1 492.6 488.2 482.4 476.1 474.5 469.6 463 478.9 500.9
271.7 286.8 285.5 284.1 288.7 300.3 313 317 316.6 330.1 341.7 345.4 347.9 347.9 345 350.6 348.2 343.9 337.9 341.2 343.3 341.1 336.8 329.1 322.2 317.2 317.1 319 319 318.7 314.6 306.3 299.3 300.4 301.1 298 296 297.5 299 297.1 300.9 304.3 304.8 309.4 314 320.2 342.5 355 366.5 374.8 379.5 382.4 386.7 394.2 402.8 405.6 406.8 411.2 423.6 438.5 453.9 469.2 482.9 493.5 495.9 496.1 497.7 495.7 490.5 484.1 479 477.9 475.8 461.4 454.8 457.8 472.3 484.2 501.1
256.4 267.2 280 280.7 281.5 292.1 304.7 311.8 315.2 332.5 345.2 345.4 341.7 339.5 337.6 340.1 341.3 339.2 336.2 334.1 331.6 330.6 331.6 324.9 317.2 313.9 315.1 317.2 317.5 315.8 310.3 302.9 297.2 297.9 300.7 295 293.6 293.8 294.2 293.5 294.4 297.5 300.2 303.7 308.6 311.7 324.4 344.8 363.1 373.6 379.8 384.6 389.1 392.9 399.7 402.1 406.8 424.4 435.3 451.4 466.8 472.1 481.1 491.5 496.8 489.5 483.6 478 468.8 463.5 457.1 458 456.9 441.2 460.6 478.4 495 490 492.5
237.2 248.9 264.3 273.2 277.3 283.7 289.8 294 298.2 301.5 310.7 317.2 323 328.1 337.4 341 336.2 334.7 334.3 329.9 326.5 323.5 324.3 316.9 311 308.1 306.7 308.9 306.8 307 303.4 297.1 292.6 291.9 294 292.2 291.3 291.5 290.6 289.7 291.2 293.9 297.1 299.3 299.9 304.4 308 321 337.7 355.2 370.3 378.5 380.1 385.2 392.9 395.7 403.6 421.9 435.1 446.1 464.7 470.5 473.5 478.9 485.1 475.5 460.3 449.8 444.6 447.1 439.3 432.7 424.3 457.9 481.4 488 486.9 480.6 480.2
251.6 268.9 274.6 278.5 290.6 304.3 310 306.8 310.3 316.6 329 335.6 331.7 333.3 339.5 337.3 331.7 331.6 338.5 336 329.2 326.8 324.4 319.1 311.5 304.2 299.6 300.6 299.3 300.1 299.6 293.7 289.8 288.1 290 290.1 289 288.7 286.8 286.6 288.2 290.9 294.1 296 297.9 299.7 302.6 308.2 316.7 328.7 344.3 363.4 367.2 370.7 381.6 391.1 410 430.4 447.4 451.1 453.5 458.5 460.2 455.8 460.6 454.2 440.6 429.1 425.2 421.9 413.3 420.1 439.6 458.4 467.2 474.5 472.2 472.5 475
251.4 274 279.9 285.3 297.5 310.2 312.3 309.5 316.4 349.6 365.7 366.6 370 367.5 363 357.9 353.8 365 366.3 369.8 354.8 340 329.9 324.2 315.5 306.4 299.1 295.1 291.4 291.1 291.4 290.6 287.4 285.9 286.8 288.1 286.7 285.1 283.6 287.1 289.9 292.6 295 297.8 300 303.6 305.7 307.9 320.8 329.7 332.6 338.3 355.1 352.9 363.3 376.9 399.3 424.1 445.2 455.1 449.5 454.3 449 438.1 430.7 420.6 413.2 408.7 402.9 395 408.2 416.2 425 447.2 451.6 457 465.1 466.7 462.7
250.4 261.7 271.2 280.3 292.9 307.6 308.8 304.2 306.3 328.7 346.8 368.6 375.2 369.3 364.9 361.3 359.8 372.5 372.1 370.9 364.5 352.8 336.7 328.6 316.8 306.8 298.4 293.7 288.7 285.9 288.7 289.1 283.9 281.5 281.7 282.4 281.4 280.9 287.3 293.1 294.4 296.8 298.3 300.2 304.1 308.7 312.5 309.2 312.8 325.7 329.5 329.4 334.4 336.5 340.5 353.5 373.7 399.3 424.2 443.3 446.3 435.8 434.2 419 404.7 396.4 392.5 387.1 386.8 401 408.9 408.1 410.4 423 435.4 444.5 445.5 444.7 439.4
257.9 272.7 282.3 281.8 284.6 294.4 302.3 300.3 298 326.6 337.4 342.4 346.5 353.6 355.5 352.2 357.7 366.4 367.3 370.3 367.9 356.5 340.2 329.9 323.7 309.4 296.9 292.3 288.3 283.4 285.2 286.1 280.7 276 276.4 277.2 277.4 278.4 284.8 291.2 297.1 298.4 298.5 298.6 299.9 301.2 303.1 303.7 302.9 307.4 314 316.6 325.1 328 327.8 334 347.1 367.1 389.2 410.5 418.8 416.3 407.3 392.3 381 374.5 368.9 378.9 392.7 406.1 402.3 401.2 399.3 403.4 409.6 418.6 421.2 420.4 417
275.1 285.8 291 291 295.3 305.3 302.3 298.6 292.6 301.2 336.9 341.1 341.7 343.5 342.8 340 340.9 342.9 353.4 365.9 364.6 355.3 345.5 330.1 319.6 308 301.3 299.2 289.9 282.2 281.5 280.9 276.7 274.6 275.8 278.8 275.1 276.9 279.6 282.9 289.9 298.6 300.1 299.1 298.5 296.8 296.7 295.8 297.2 296 298 300.8 303.6 307.1 312 320.2 332.4 341.5 355.8 370.8 385.7 387.3 375.5 368.8 366.5 361.3 371.4 381.2 390.6 394.2 392.7 391.1 390.4 389.4 394.3 399.5 398.7 397.8 395.9
275.5 285.5 293.3 294.5 298.5 304.4 303.2 300.1 291.3 285 305.3 322.7 335.3 343.5 342.5 337.8 337.5 342.2 349.9 355.9 353.4 348.6 340.4 326.8 315.9 305.3 303.1 304.2 290.9 283.3 285 278.2 268.2 269.2 273 273.3 274.4 277.5 280.5 282.1 282.5 286.3 294.3 300.5 300.3 296.4 291.9 289.9 291.4 288.2 288.3 289.7 290.7 293.2 299.3 308.2 319.3 331.3 343.9 354.5 357.8 359 353.6 354 359.7 358.9 367.5 377 380.2 383.8 387 387.1 384.6 381.6 381.3 383.3 380.1 381 382.3
258.7 275.7 284.2 289.5 294.8 302.3 301.9 294.8 286.6 280.7 292.7 308.1 321.2 331.8 334.6 332.9 334.7 344.3 351 351.2 344.7 337.3 337.8 324.9 311.2 298.8 295.7 298.4 290.8 285.6 287.3 279.2 268.5 267.4 271.3 272.6 274.5 279.2 282.6 282 282.1 288.3 294 292.6 295.1 292.8 284.6 279.2 278.2 278.7 278.8 279.6 280.7 284 289.8 297.3 309 325.2 345.9 348.1 341 337.2 333.1 328.1 336.6 346.8 362.1 369.2 371.8 375 377 378 376.7 375.1 374 373.2 371.5 371.8 372
239.1 260.6 273.6 280.1 283.1 287.3 289.5 286.3 278.9 275.5 286.1 303.2 309.3 327.4 328 325.8 322.2 330.9 336.4 338.9 331.7 335.1 347.5 342.4 318.3 297.6 288.4 291.7 285.4 282.5 282.9 276.3 268.6 260.6 260 266 269.4 274 279.1 282.6 283 286.2 289.1 290 289.1 287.2 280.7 275 274.3 274.2 273.9 272.3 271.2 273 275.7 283.6 291.1 301.2 313.1 312.8 300.5 308 335.1 349.5 359 360.3 363.7 367.4 369.3 369.5 369.5 369.5 368.3 368.2 368.3 366.2 363.6 363.8 364.5
231.6 248.8 260.6 267.3 269.6 274.4 279.5 277.7 272.7 269.7 276.4 285.7 291.4 287.5 293.2 301.1 303.6 314.5 325.3 327.7 321.9 325.7 336.1 332.2 318.9 312.1 289.4 282.9 278.6 278.1 282.1 273 268 257.5 243.7 250 264 273.7 285.5 289.3 282.5 284.9 294.5 299 297.6 295.3 286.1 275.9 272.5 271 270.7 266.5 257.2 250.1 254.2 259.9 266.5 269.1 269.7 274.8 315 339.7 346.1 356.2 366.5 372.2 375.7 376.2 372.9 366.4 363.7 363.7 363.7 364.4 366.8 363.6 363.6 363.6 363.6
226.8 244 255.8 260.9 262.3 262.5 266.8 268.9 267.5 267.6 275.7 282.5 285.1 284.2 286.8 292.7 298.5 298.6 306.8 308.1 304 321.5 336.9 329.4 315.2 303.5 288.6 276.2 270.1 268.4 271.2 267 262.6 251.9 238.4 240.4 258.8 274.6 282.3 281.6 281.6 294.4 309.4 315.2 313.8 299.2 287.3 274.5 267.3 264 257.5 250.6 239.6 228.9 225.1 231.2 240 230.3 268.9 302 324.1 340.2 356.1 358.8 362.4 371.4 375.5 374.1 368.5 364.4 365.4 369.5 371.7 370.7 372.4 375 376 372 368
216 232.3 245.1 255.4 263.4 270.1 272.7 268.4 263.9 262.1 270.4 277.2 280.5 280.2 283.7 286 293.9 299.5 310.4 305.9 297.1 306.3 306.3 313.5 309.5 304 288 270.8 260.5 257.2 258.6 255.9 251.3 243.1 228.9 234.9 251.9 266 275.4 279.9 288 305.3 313.4 318.1 308.1 292.1 277.9 265.5 257.6 250.2 241 229.2 224.7 204.6 202.7 206 225 254.6 285.7 308.5 325.7 351 363.5 356.8 355.6 359.5 359.2 363.8 364.3 373 375.7 375.8 376.7 373.8 376.1 378.3 376.3 374.5 373.2
203.6 227.4 233.7 248.2 261 271.2 273 269.6 260.1 247 256.2 271.3 271.9 270.9 269.3 271.4 282.8 286 301.6 301 295.3 308.2 314.6 309.2 303.9 290.4 279.2 262.8 250.4 250.7 253.7 246 238.4 226.7 213.8 234.4 249.5 262.3 272.3 280.8 291.9 305.6 310.8 310.5 302.7 283.9 267.7 254.1 245.5 235.4 220.7 207.7 201.3 193.5 206.3 231 210.5 230.2 267.3 303.4 320.4 325.5 338.8 343.6 337.1 344.7 355.2 367 378 383.6 382.5 378.9 377.8 381.3 382.4 380 377.6 375.9 377.6
191.3 212.4 225.6 240.6 242.9 247.1 250.3 251.4 248.6 236 233.8 257.4 267.8 263.3 264.5 264.2 271.3 267.5 264.8 274.7 284.8 297.8 301.2 302.2 299 291 278.9 257.6 236.4 236.3 240.2 233.8 223.6 209.7 217.3 238 250.3 262.6 274.2 282.6 291 303.7 304.6 296.5 287.4 270.3 251.7 236.8 227 214.2 199.1 187 187.5 222.2 243.5 254.6 234.8 218.2 235.2 282.9 305.8 309.2 314.2 329.7 342.7 353.3 368.5 381.6 389 389.8 383.9 382.3 383.9 388.1 393.4 390.4 388.3 386.2 388.9
178.5 197.9 218.5 225.9 228.9 229.3 227.7 225.1 227.4 224.4 215.2 226.6 245.4 252.1 248.1 252 252.5 250.4 241.2 247.5 267.2 281.6 286.1 284.1 285.1 287.1 275 255 234.6 214.3 219.4 210.3 202.9 199.5 221.9 242.4 257.3 271.6 281.6 283.3 282.3 287 292.7 281.5 266.5 253.5 233.1 212.6 204.4 194.2 179.9 196.9 223.6 247 267.7 276.6 260.3 242.2 225.9 235.1 290.6 303 322.1 335.6 349.5 363.6 378.6 387.3 396.8 389.8 389.1 393.7 390.9 392.9 400.8 410.6 412.9 402.5 403.2
179.2 201.5 218.8 231 230.2 228.5 228.8 225.9 218.5 208.2 195.7 204.5 218.3 230.9 229.8 231.6 236.1 229.3 224.7 230.7 250.2 269 277.1 271.1 273.5 272.8 262 243.8 224.8 206 197.5 187.9 188.7 204.7 223.6 240.1 256.7 271.3 279.5 275.3 273.3 260.2 259.9 255.4 242.1 225.2 206.5 187.6 176.9 171.6 202.7 232.1 257.2 268 282.8 293.5 287.7 271.6 256.3 257.3 272.4 323.8 332.5 337.3 344.9 356 367.2 377.9 381.2 386.9 402.2 418.3 407.6 401.2 402.8 412 416.5 418.3 412.9
183.5 204.2 225.5 235.7 235.4 230.9 225.8 225.8 215.6 202.6 188.3 186.6 200.2 216.2 213.5 215.5 215.7 213 211.5 213.4 223 240.6 256.4 252.8 247.4 255.1 244.5 227.6 210.9 194.7 174.5 171.4 189.4 202.2 215.8 230.8 247.3 265.4 271.3 259.9 249.9 236.4 224.2 216.8 206.8 196.4 180 164.4 186.2 210.4 241.5 259.5 269.5 280.5 292.5 302.8 308.5 303.3 303.7 312.5 330.5 346.6 348 351.6 355.3 358.2 362.4 371.7 382 393.5 404.9 418.8 419.3 412.7 412.3 411.1 421.1 425.4 419.6
170 189.8 206 213.6 228.2 227.2 214.3 211.8 203.2 189.9 178.9 175.1 184.6 197.7 204.5 200.3 205 200.8 190.9 193.2 197.9 205.1 215.1 220.5 217.8 223.1 223.6 214 202.1 185.2 157.8 175.2 184.8 195.5 207.1 218.8 232.1 244.3 251.4 241.1 225.6 209.1 196.1 184.6 172 162.9 158.5 182.7 227.2 249.3 269.1 275.6 284.6 294 301.4 309.6 322.1 327.4 331.8 344.2 365 369.2 366.3 368.5 381.5 382.5 381.4 389.3 396.2 404.8 415 416 428.6 421.5 429 425.4 413.8 414.3 418
143.6 157.6 169.9 177.6 196 204.5 204.4 192.7 181.1 174.5 164.5 159.8 168.6 173.2 177.2 170.7 176.1 178.9 177.2 171.1 172.6 176.4 179.8 185.3 186.8 191.8 192 190.2 182.2 170.4 143.3 166.8 179.5 188.6 197.3 205.4 214.8 221.4 224.5 219 201.9 186.1 171.3 156.4 155.6 176.3 194.6 231.9 254.6 270.1 278.1 284.3 298 307.2 312.3 319.9 348.3 354.5 362.7 377.8 379.9 384.2 386.7 385.7 390.4 392.3 401.9 404.8 408.7 426.3 433.7 427 428.8 429.3 435.3 434.3 421.3 412.5 411
