data/190000-620000.asc
ncols 200
nrows 200
xllcorner 190000
yllcorner 620000
cellsize 50
[rows 0 to 34 of 200, columns 0 to 79 of 200]
22.7 18.8 20.7 18.9 17.6 17.1 17.4 17.6 17.9 18 17.9 17.7 18.4 19.3 20.9 20.7 21.8 22.7 23.4 24.6 25.9 26.8 27.6 28.1 29.1 30.7 31.5 32.2 32.6 34.6 38.5 40.9 43.3 48.7 55.4 62.9 68 73.3 75.1 82.7 99.4 111.8 120 130.3 136.9 137.9 135.8 127 123.2 134.6 138.2 141.4 142.1 144 149.5 152.1 154.4 154.4 152.5 147.8 144.5 141.6 129.9 126.1 113.1 108.7 115.2 145.8 155.3 142.3 133.4 128.1 140 154.2 167.7 177.7 186.3 194.7 204.8 211.6
23.2 20.6 20.9 19.3 18.1 17.2 17.4 17.7 17.9 17.8 17.7 17.5 18.1 18.9 19 20.3 21.4 22.3 23.5 24.9 26.1 27 27.8 28.6 29.8 31.1 31.9 32.7 33.7 34.7 38.7 41.8 45.6 53.4 62.7 69 72.9 74.8 79.6 91.7 105.2 115 123.8 133 140.1 141.4 137.9 132.3 129.5 138 141.4 144.8 149.4 151.4 155.8 159.2 160.9 162.8 162.5 160.8 159.2 156.5 155.4 152.9 145.7 132.8 113.8 123.6 142.8 122 123.3 139.9 162.5 172.4 182.3 193.7 203 209.9 217.9 224.4
25 22.2 20.3 20.3 17.8 17.4 17.5 17.7 17.8 17.7 17.5 17.4 17.7 18.6 19.6 20.2 20.9 22.1 23.4 25 26.2 27.1 28 29.2 30.7 31.4 32.4 33.2 34.2 35.8 38.9 43.5 48.9 59.1 68.4 73 74.7 79.6 88.5 99.1 109.6 118.2 127.4 137.3 143.3 144.1 142.1 133 131.9 140.9 144.3 148.2 153 157.5 160.9 164.1 166.3 168.1 169.5 167.9 167.5 164.9 169.8 172.3 167.6 158.5 140.8 115.9 120.4 125.2 148.3 162.9 174 185.8 197.1 204.8 213.5 221.8 229.8 235.9
26.4 23.7 21.1 19.5 18.6 18 17.5 17.7 17.6 17.5 17.4 17.2 17.3 18.4 19.5 20.7 20.7 22 23.3 25.1 26.4 27.7 29.2 30.4 31.7 33.2 34 33.9 35.1 37.3 40.9 45.6 52.5 62.8 71 74.6 78.1 86.2 96.5 106.2 116.3 125.7 136.3 146.7 151.7 151.2 145.7 140.8 134.3 142.5 147.2 151.9 156.8 161.5 166.6 167.5 169.1 169.6 171.7 173.3 172.7 170.4 177.4 184.9 184.1 180.9 174.3 145.8 148.3 135.4 158.8 170.2 183.9 194.9 204.5 212.8 221.6 229.9 238.6 244.3
29.4 26.6 23.4 19.8 18.7 18.6 17.6 17.6 17.4 17.3 17.1 16.8 17 18.2 19.4 20.5 21.2 21.6 23 24.6 27.6 29.1 30.6 31.9 33.2 34.6 35.7 36.8 37.3 39.7 43.5 47.7 56.7 65.9 72.1 77.6 83.5 94.1 104 115.8 125 135.6 148.9 156 160.3 156.7 150.2 142 135.2 143.2 149.3 155.5 160.8 165.8 170.8 171.6 171.6 174.5 177.3 178.2 175.6 174.1 178.1 191.5 196.6 196.6 191.6 179.3 169.5 154.3 161.9 177 188.6 199.5 208.8 216.8 226.1 234.2 240.7 249.5
30.4 27.6 23.8 20.4 17 17.1 17.1 16.5 16.3 16 15.9 16.4 16.9 17.7 19.2 20.1 20.8 21.5 22.3 24 27.9 30.1 31.6 32.9 34.3 35.4 36.4 37.4 39.5 42.1 46.8 52.6 59.4 69.2 74.8 80.7 92.7 103.4 114.6 125.7 131.3 143.8 154.1 163.2 165.4 161.6 153.5 145.8 139.5 145.2 152.5 158.6 163.6 165.6 168 172.1 176.7 180 180.4 179.4 178.2 177.3 182.7 200.8 205.3 206.9 204.2 196.1 184.3 171.6 160.5 181.3 192.5 203.2 212.3 220.5 229.2 238 246.6 254.1
30.3 27.5 23.7 19.8 16.4 16.4 16.2 15.9 14.9 15.3 15.8 16.3 16.8 17.3 18.4 19.6 20.3 21.3 22.3 24 27.9 31.8 32.5 33.2 34.5 35.3 36.2 38.2 40.8 45.8 50.6 56.7 63.9 70.7 77.7 87.3 100 114.2 125.6 134.9 143.6 153.3 158.9 168 171 166.1 160.1 153.5 148.6 150 156.7 161.1 163.7 165.9 168.3 173.5 180.6 184.1 184.2 182 181.8 187.5 196.5 203 210.3 208.8 207.4 203 197.5 186.9 167.3 178.7 197 206.1 213.9 221.7 229.8 241.7 251.1 257.2
28.7 25 22.6 18.7 15.8 15.5 15.3 15.1 14.9 15.2 15.6 16.1 16.6 17.1 18 19 20.4 22 23.8 27 30.3 33.3 33.9 34.2 34.6 35.3 36.8 39.6 45.5 50.5 55.1 61.1 68.3 74.7 82.7 95.2 111.4 126.7 136.4 146.4 151.5 158.8 165.4 171.4 171.5 169.2 165.2 161.6 155.2 151.1 158.3 165 167.7 168.5 169.1 173.7 182.2 189.7 189.6 185 186.8 194.2 204.8 210.1 210.7 211 209 209 205.5 201 184.9 173.6 191.9 206.8 214.4 222.2 230.2 239.9 251.5 258
28.4 24.3 21.2 17.6 16.2 15.6 15 14.8 14.8 15.2 15.5 15.9 16.4 17.2 18 19.3 21.1 22.7 26.4 30.3 33.3 34.2 34.2 34.5 34.9 36.4 38.4 44.8 51.5 58.9 61.5 64.4 70.8 79.3 89.8 104.1 123.6 135.3 149.7 154.5 157.4 162.7 171.9 173.9 173.4 171.6 169.6 168.3 161.5 154.7 158.9 165.6 170.4 170.2 171.1 176.5 182.5 189.5 189.7 188.3 191.1 198.8 209.8 217.3 215.7 210.2 213 214.7 212.9 208.6 202.3 197.2 185.4 202.9 215.9 224.6 231.8 239.5 249.3 256.9
28.9 24.5 20 16.6 15.5 15.5 15 14.7 14.8 15 15.2 15.7 16.2 16.9 18.3 19.9 21.6 23.4 28.4 32.4 35.2 35.2 35.1 35.1 35.9 37.9 39.9 49.8 57.7 65.1 65 67.6 74.4 83.4 97.3 112.9 129.6 140.4 154.3 162.6 164.7 169.9 176.3 179 176.7 174.8 173.9 173.6 167.4 160.3 159.3 162 166.2 170.5 173.6 178.8 183.8 187.1 190.2 190 194.6 201.7 210.2 211.2 218 220.3 220.1 219.9 220.9 216.9 212.1 209.7 208.2 199.2 208.7 219.9 229.7 236 244.1 251.9
28 23.3 18.8 16.5 14.8 14.7 14.6 14.6 14.6 14.7 15 15.3 15.6 16.1 18 20 22.1 23.6 29.7 33.8 35.5 35.9 36 35.9 36.3 38.1 44.6 54.5 62.3 69.2 69.4 72.2 79.7 88.9 104.3 118.6 132.5 145.1 160 170.5 175 179.2 184.2 185.1 180.6 178.9 179.5 178.9 173 166.9 162.4 162.2 166.5 171.1 176.3 181.3 183.7 187.3 190.1 192 198.4 201.5 208.1 209 213.8 220.5 223.1 223.6 224.2 222.3 221.2 222.2 223.2 218.6 218.4 223.4 231.8 237.4 245.8 251.2
26.6 21.4 18.4 16.3 14.2 14.2 14.2 14.2 14.3 14.5 14.5 14.7 14.8 16 18.6 20.9 22.9 24.6 31 34.7 36.5 36.9 37.1 36.8 40.5 43.2 48.9 57.9 66.1 71.5 71.1 75 82 95.1 109.5 123.7 134.9 149.6 167.2 182.3 184.9 187.7 191.3 191.5 187 183.1 182.9 183.3 178.1 171.5 166.4 165.5 168.9 172.6 178.9 179.8 183.6 188.7 190.7 194.6 199.7 202.8 204.1 212 217.9 221.5 226.8 226 228.1 229 230.2 229.6 231.9 233.5 229.8 226.1 233.4 241.4 250.6 256.4
23.8 19.5 17.9 15.8 13.7 13.8 13.8 13.8 13.9 13.9 14.1 14 13.8 16 18.8 21.7 23.8 25.9 31.5 36.5 38.2 38.7 38.6 39.9 44.2 48.4 53.4 61.3 69.2 73.1 73 79.5 84.9 102.8 114.8 126.9 138.1 154.9 176.4 191.6 195.1 196.5 198.3 197.2 192.1 188.6 189.7 190.8 184.5 177 172.7 168.9 170 174.5 180.5 181.2 184.2 188.5 191.6 195.3 201.8 204.3 208.2 222.6 230.7 235.8 237.1 236 236.1 235.3 237 237.7 238.1 238.6 238.4 238.6 240.5 247.8 254.3 259.6
21.1 18.2 16.6 15 13.3 13.4 13.5 13.5 13.5 13.5 13.6 13.4 13.9 16.9 19.7 22.6 24.3 27.1 33.8 38.9 39.5 39.7 39.2 40.1 46.9 52.4 57.3 63.6 71.3 73.5 73.3 80.2 90.2 106.8 119.1 129.8 141.9 164.9 187 198.4 204.1 205.7 204.2 201 197.8 195.7 197.8 196.4 189.9 182.6 177.1 173.1 172.8 177.6 181 182.7 185.2 188.6 193.8 199.3 205.1 211.2 222.4 234.3 242.5 250 250.5 250.3 247.4 247.3 244.8 245.2 247.6 247 247.3 248.1 250.4 254.6 260.3 264.7
19 16.8 15.2 14.3 12.9 13 13.1 13.1 13.1 13.2 13.5 13.7 15.3 18.3 21.3 23.1 24.7 28.9 36.1 40.6 40.6 40.6 39.5 42.2 48.9 55.1 60 66.1 71.6 72.8 74.3 83.9 96 109.8 122 134.4 151.2 180.7 194.7 202.3 208.6 212.9 209.4 205.5 203.9 204.2 205.8 201.8 193.8 186.6 182.5 179.6 179.3 181.1 181.5 183.8 186.8 189.8 196.5 204 211.6 218.5 228.3 238.1 249.2 254.4 260.4 262.7 261.1 260.6 257.1 255.5 257.2 257.3 257.2 256.9 258.6 260 266.3 270
17.5 15.4 13.8 13.2 12.5 12.6 12.7 12.7 12.8 13 13.5 13.9 16.6 19.6 21.9 23.6 25.2 29.9 37.7 41.7 41.8 41.5 40.9 45 51 56.2 59.3 64.4 70 71.1 73.3 86.5 95.5 111.5 126.8 137 161 187.8 200.6 208.4 215.1 219.6 216.4 207.8 206.2 208.2 211.4 206.5 199.1 193.1 188.8 183.8 182.2 181.9 184.1 186.3 189.1 193.2 201 209.3 218 226.8 236.4 246.8 254.8 259.7 267.3 275.5 276 273.8 270.9 268.2 267.9 267.8 267.6 268 267.4 266.7 270.5 274.4
16 14.5 14.6 13.2 12.2 12.2 12.3 12.4 12.6 12.8 13.5 15.1 17.9 20.5 22.4 24.2 25 32.6 39.3 42.9 42.6 42.3 42 47 53.1 56.2 56.8 58 60.4 65.7 77 87.4 100.4 115.4 131.1 139.1 162 189.7 206.8 217.3 221.6 221.9 218.3 208.2 207.1 212.5 216.2 212.3 206.3 199.2 191.4 187.1 186.5 186.1 188.3 190.5 193.9 198.5 206.2 214.8 225.2 237.7 247.6 252.5 257.6 265.5 274.3 281.6 288 288 287.6 285.1 284.6 282.1 280.6 280.9 280.9 279.2 277.1 278.3
13.1 13.3 13.8 14.3 12 12.4 12.8 13.1 12.7 13 14 15.8 19.1 21 23 24.5 24.9 33.8 39 42.9 43.2 43.4 43.1 46.2 51.2 54.2 56.7 62.8 69.3 76.9 85.9 94.5 106.2 117.9 134.6 140.2 166.4 190.2 209.6 223 224.6 224 217.2 206.4 206.6 215.8 221.3 217.4 210.8 203.3 195.3 190.2 190.2 190.4 193 195.8 198.5 204.3 211.3 221.4 231.5 244.2 253 257.5 262.8 269.9 279.2 288.4 295.6 298.3 298.5 296.6 296.8 294.9 293.3 291.8 291 291.3 287.6 287.4
12.6 12.5 12.6 13.2 13.1 11.8 12.2 12.7 13 13.4 14.6 16.6 20.1 22.1 23.7 25.2 28.2 35.8 39.9 42.5 42.8 43.1 44 47.4 50.6 56.6 60.6 65 73.5 81.1 88.8 96.6 110.2 120.7 129.7 145.2 174.5 188.4 209.8 221.4 224.3 220.1 211.2 203.6 204.3 215.6 221.1 219.2 213.5 205.8 198 193.3 193 194.4 197.1 200.2 202.9 207.3 215.9 227 236.2 247.4 256.2 263.2 269.8 277.7 284 293.2 303.3 306.5 306.5 304.8 305.1 304.8 302.5 300.8 300.5 300.4 298.5 302
12.3 11.9 11.8 11.7 11.7 11.5 12.4 13 13.5 14 15.1 17.7 20.9 23.1 24.7 26.5 30.6 34.9 39.2 40.6 42 42.9 44.3 48.9 55.7 61.9 66.5 72.5 80.7 84.4 89.8 101.1 111.6 123.3 130.4 149 180 188.7 206 216.6 217.8 212.6 203.2 197.5 202.6 212 216.9 217.9 211.2 205 197.1 194.4 196.6 198.3 200 204.2 207.2 210.7 216.7 228.7 240.3 252 261.3 270 277.1 285.9 295.4 302.3 308.8 312.9 312.4 311.8 312.8 313.2 310.4 309.2 308.4 309.1 309.2 312.1
11.7 11.2 10.9 11.6 11.8 12.5 13 13.4 14.7 15 16.1 18.2 21.5 24.2 26.2 28.1 30.8 35.2 39.1 39.4 39.8 42.6 44 48.8 54.8 58.2 64.4 71.1 78.4 84.7 92.1 101.6 111.9 116.7 129.3 154.8 184.2 190.6 201.5 209.4 206.3 201.3 197.1 192.3 196.9 206.2 210.3 211.9 207.4 196.6 194.6 198 199.8 201.8 204.6 209 210.3 214.4 220.6 233.1 246.9 257.8 266.9 275.4 284.4 294 302.4 308.2 312.9 315.7 315.5 318.6 320.1 319.1 317.9 318 316.8 315.8 317.1 320.8
11.9 10.4 11.5 11.8 12.1 14.3 14 14.4 14.7 16.2 17.5 18.9 21.2 23.6 26.8 29.3 32.6 37.9 41.5 42 42.4 43.2 44 48.4 54.4 58.2 64.3 73.3 80.3 85.5 92.3 104.5 114.7 127.3 139.9 165.2 185.2 190.5 197.7 200.7 197.4 193.6 190.1 188 187 194.5 202.3 205.1 196.1 189.5 200.1 201.7 203.8 206.5 209.3 212.4 215.6 219.3 223.2 239 252.7 262.9 272.5 280.1 287.8 296.7 303.1 308.7 311.2 315 318.6 320.9 322.9 325.4 326.4 323.7 322.1 323.1 325.8 328.5
9 13 12.9 12 12.5 15.2 14.7 14.2 15.2 16.7 18.3 20 21.6 23.2 25.5 27.7 33 38.3 41.5 42 43.4 44.1 44.4 48.3 54.8 59.8 69.3 77.6 84 87.7 93.5 103.2 112.4 127.7 147.3 166 183 187.9 191.6 193.6 190.8 186.3 180.6 174.6 180.5 180.2 185.9 194.7 188.6 196 202.6 205 207.8 210.8 213.9 217.9 219.6 221.3 228.1 244.6 255.9 266.5 276 283 291.5 295.1 301.4 305.8 307.2 311.2 314.4 316.8 322.2 329.1 332.2 329.9 328.7 329.1 331.8 333.3
13.8 13.1 12.8 12.5 12.6 14.9 14.9 14.5 15.7 17.3 18.8 20.3 21.9 23.4 25.2 29.1 32.9 36.3 40 41.5 43.5 45 45.3 49 56.1 62.3 73.4 81.8 86.9 90.5 95.6 104.9 110.1 128.5 147.8 164.7 181.4 186.9 187.5 186.1 181.4 175.9 170.6 187 201.5 205.9 195.4 186.6 191.5 193 199.8 207.4 210.6 216.8 219.6 222.8 226.1 228.2 232.3 245 258.1 269 279 286.1 297 301.1 305.2 309.3 309.3 309.2 306.6 309.6 315.1 324.5 332.9 335.2 332.2 330.9 333 336.8
12.2 12.8 12.8 12.8 12.8 14.8 14.5 14.9 16.3 17.7 19.1 19.8 21.6 23.3 25.2 32.1 36.4 37.8 40.1 42.5 44.6 45.5 45.6 49.1 57.4 65.1 75.8 85.2 90 92.5 97.4 106.8 111 129 142.6 163.5 178 181.9 182.6 178.1 172.4 167.3 177.5 193.1 208.6 216.6 216.7 211.7 207.7 207.2 206.5 212.4 217.4 221.9 224.2 228.2 230.3 239.5 242.1 245 258.1 270.2 281.4 290.3 303.1 307.2 307.9 310.5 309.4 309.2 309.2 309.2 313.2 317.7 332.2 336.8 334.1 332.3 332.6 333
13.1 13.3 13.3 13.3 13.4 14.6 14.9 15.4 16.5 17.9 19.4 19.6 21.5 23.6 25.7 34.4 38.9 39.1 41.2 43.3 45.6 46.2 45.9 50.3 59.5 68.4 78.8 87.3 91.5 93.1 98.9 106.1 115.7 132.9 141.6 162.2 174.9 178.3 176.6 171.4 165.2 164 185.5 194.4 213.4 222.5 223.3 219.5 215.5 214.6 215.3 216.6 223.3 227.7 229.8 232.9 238.6 242.1 246.2 250.3 261.7 271.9 283.9 293.4 303.2 309.2 310.1 311 311.8 310 306.2 309.2 311.3 316.9 330.9 335 333.6 332.2 332.2 331.2
12.7 13.9 13.8 14.1 13.8 14.8 15.4 15.8 16.8 18.2 19.3 20.6 22.4 24.2 26.8 35.5 40.3 40.4 41.7 43.7 46.6 47.3 47.2 51.7 59.1 69.5 80.2 88.5 92.5 94.6 99.9 104.5 121.8 133.8 140.8 161.3 171.8 172.9 171.9 166 159.7 169.8 185.9 201.1 214.2 224.1 229.6 225.8 222.9 221.7 224.2 224 226 232.3 235.5 238 243 247.1 251.1 256.8 266 278.3 287.4 294.4 302.9 310.4 311.3 312.2 310.1 309.2 309.2 309.2 309.2 314.4 328.2 331.8 330.5 332 332.4 333.6
14.1 14.5 14.6 14.7 14.3 14.9 15.6 16 16.7 18.3 20.1 21.3 23.1 24.9 27.9 36.7 41.9 41.4 42.3 44.3 47.4 48 47.8 52.6 61.1 71.2 81.3 88.8 92.4 94.6 99.5 107 122.1 132.4 142.8 158.8 167.2 170.3 167.6 160.3 159.8 172.9 189.3 206.7 218.8 228.5 234.1 232.3 230.8 230.4 229.9 230.7 231.4 236.8 240.1 243.7 247.9 251.6 254.6 260.6 269.8 281 291.7 297.6 307.3 311.1 310.8 309.5 309.2 309.2 309.2 309.2 309.1 312.6 323.8 328.4 329.1 331.5 333.8 335.9
14 14.6 14.7 14.7 14.7 15.8 15.9 16.2 17.1 20.9 21.1 22.1 23.8 25.6 29.8 39.4 42.4 41.9 42.8 44.6 47.8 48.3 48.5 53 61.7 74.1 82.9 88.4 92.3 94.2 98.9 111.7 123 133.5 144.5 156.2 162.8 164.9 161.3 152.9 164.5 177.4 190.6 208.3 222.8 229.3 235.6 235.8 235.8 236.7 237.1 238.2 239.1 238.7 243.2 247.6 251.3 255.2 257.3 264.4 273.9 285.2 294.5 301.9 308.8 310.9 309.7 308.4 308.6 306.9 307.2 309.2 310.3 312.2 320 323.3 328.1 331 335 336.6
14 14.4 14.5 14.6 15 15.9 15.9 17.3 18.6 21.9 21.3 22.9 24.7 26.5 30.7 39.6 42.7 42.3 43.3 45.7 48.4 47.8 49.8 55.8 64.8 75.6 83.4 87.6 91.4 92.9 98.3 112.2 122.4 133.3 146.6 152 158.9 160.7 152.3 153.8 165.5 179.6 193.3 205.3 220 229.6 237.6 241.6 242.3 243.4 243.8 244.5 246.1 243.8 248.7 250.6 254.7 258.8 262.7 268.7 278 290.1 300.4 307.8 309.7 309.9 309.1 308.4 308.7 308.9 309.1 309.5 309.9 311.9 315.2 320.6 323.9 327.4 328.8 329.3
13.9 14.2 14.5 14.7 15 15.9 16.4 19 22.3 22.4 23 23.9 25 27.4 32.3 39.4 43.2 42.9 44.5 47 48.9 48.9 52.2 59.8 66.9 75.3 83.7 86.6 89.5 92 100.4 109.9 121.3 133.3 143.7 149.5 155.1 156.1 150.1 152.5 164.8 180.6 198.7 208.1 220 229.1 235 243.1 249.4 252.6 250.9 251.3 250.5 249.3 249.4 253.1 257.4 261.9 266.4 273.8 283.8 295.6 305.1 311.8 313.1 310.6 309.4 305.8 307 308.9 311 310.6 312 313.2 315.4 320.6 323.9 326.6 327.8 328.9
13.6 14 14.3 14.4 15.7 17.5 21.3 25.2 24.1 23 23.9 25 26.2 27.4 32.1 40.3 43.6 44.5 44.6 47 50 50.1 53.5 60.6 67.8 75.4 83.9 87.2 89.5 92.4 101.6 111.6 122.5 132.5 141.3 147.2 150.2 150.9 143.9 153.1 165.2 180.7 198.4 209.7 216.6 229.9 242.3 247.3 255.3 260.7 259.7 258.8 256.9 254.6 251.1 255.4 261.2 265.7 270.8 277.4 287.9 299 306.4 310.6 312.3 310 306.9 303.4 303.1 309 309.3 311.8 314.4 315.6 318.8 321.9 324.1 326.7 326.8 329.6
13.7 14.2 14.4 14.7 15.7 20.8 27.4 25.8 22.5 23.3 24.4 25.6 27.2 29.3 32.5 39.9 43.9 45.2 45.9 48.8 50.7 51.3 54.9 61.1 67.8 75.4 83.4 87.3 89.2 92.3 100.9 113.2 118.9 130.8 139.8 146.7 148.4 146.9 141 152.9 164.6 179.7 193 206.5 212.9 234.5 245.9 251.5 257.9 267.9 268.6 266.5 263.6 260.7 258 258.6 262.5 268.5 272.7 278 290.2 300.5 304.8 307.6 308.5 306.6 305.1 302.5 300.7 303.6 305.4 308.1 313.4 315.9 320.4 321.4 322.3 322.1 323.8 326.2
14.4 14.9 15.4 15.5 18.3 28 27.4 24.9 22.9 23.5 24.7 25.2 27.3 30.2 32 35.4 43.9 46.2 47.5 49.9 51.6 52.7 56.1 61.7 67.5 74.3 82.4 86.7 88.6 93.3 102.6 112.9 117.2 128.6 138.5 145.4 146.2 142.5 138.8 153 165.2 179.8 189.8 200.7 208.5 229.5 243.1 255.5 258.2 270.5 276.2 271.5 268.6 266.2 264.1 263.2 265 270.4 273.8 277.4 287.9 298.2 301.9 302.6 303.1 304.2 306.7 300.8 298 300.1 303.4 307 311.1 315.7 319.9 317.2 315.8 315.1 315.3 316.6
15.1 15.5 15.7 16 21.9 28.1 27.4 24.7 23.2 23.6 25 26.1 27.9 30.7 34.3 38.8 44.3 45.9 49.2 50.7 52.7 55.3 58.3 63.4 67.9 73.1 82.7 86.3 88.4 93.3 101 109.1 119.5 127.2 136.9 143.7 143.2 133.8 142.9 152.1 164.7 178.6 186.6 196.9 207.6 225.5 239.1 251.1 261 272 279.4 278.1 274.6 271.2 268.6 266.9 270.2 269.8 273 276.2 284.3 291 294.9 296.5 298.8 301 303.2 299.7 295.1 297.5 302.2 307.3 311.2 314.9 315 312.2 308.9 310.2 309.7 306.7
