data/190000-640000.asc
ncols 200
nrows 200
xllcorner 190000
yllcorner 640000
cellsize 50
[rows 35 to 69 of 200, columns 79 to 157 of 200]
392.4 378.7 362.8 345.5 332.1 321.4 308.4 294.9 283.6 271.1 256.2 240.2 222.4 203.9 184.5 162.4 147.7 137 125.9 120.9 117.6 122.7 139.4 163.4 191.4 214 227 240.6 255.1 264.8 273.6 279.8 285.7 290.9 294.8 297.4 298.8 300 301.2 301.7 301.3 302.2 303.3 305 307.2 307.4 307.5 307.8 307.3 306.7 302.9 298.4 292.2 283.7 274.4 266 257.9 249.7 241.2 232.6 226.1 220.9 214.6 208.6 205.2 202.8 201.8 202 202.4 204.3 207.7 211.5 217.8 223.3 229.1 231.1 232 232.3 233.9
393.5 379.7 361.9 344.7 329.8 317.5 305 292.3 281.4 268.7 254.2 240.1 222.6 204.1 185.5 163.2 158.6 146.9 134.6 127.5 125.5 119.4 137.9 161.1 187.2 210.4 222.6 237.5 251.9 261.9 270.7 278 284.6 289.9 293.8 297.2 298.4 300 301.7 302.3 302.2 302.6 303.8 305.3 307.1 307.4 307.5 307.9 307.9 307.4 304.4 299.8 294.6 287.5 279.5 269.5 261.1 252.2 243 236.6 231 225 218 212 206.7 203.7 201.4 200.2 198.8 201.6 205 209.5 215.4 221.1 226.6 229.2 229.2 228.6 228.4
391.2 376 359.5 343.1 327.8 314 301.4 289.8 279.2 266 252.4 238.4 222.6 204.8 184.4 172.5 168.5 157 144.3 135.2 132.8 127.4 134.4 157.6 180.7 203.5 219.2 234.7 249 259.2 267.7 275.8 282.6 288 293.1 296.1 298.2 300.1 302.3 302.8 303.1 303.1 304.3 305.8 306.7 306.7 307.4 307.9 308.4 307.5 304.6 301 295.8 290 282.8 274.4 264.3 256.4 250.5 243.1 235.5 228 220.4 214.2 208.3 204.1 201.2 198.6 195.5 196 200.7 206.2 210.4 216.7 222.6 226.9 226.5 224.4 223.5
385.6 370.5 354.3 338.4 323.6 310.5 298.3 286.6 274.5 262 249.5 236.7 222.2 206.8 185.1 186 178.8 166.6 154.1 143.8 138.4 133.5 130.7 152.7 174.9 196.2 214.3 230.1 245 256.3 264.9 273.5 280.5 286 290.9 293.9 297.2 299.4 301.8 301.8 301.9 301.9 302.9 304 305.1 306 307 307 307 306.9 304.7 301.2 296.6 291.4 282.9 276.2 269 262.1 254.7 245.7 236.9 229.6 222.8 216 209.9 204.7 200 196.6 193 191.3 195 199.4 204.3 210.1 215.7 220.2 220.7 219.2 219.7
379.3 364.9 349 333.1 319.3 306.7 294 281.9 269.8 257.8 245.4 233.7 220.7 206.8 200.8 196.5 189.7 177.7 164.5 152.4 146.8 140 131.6 148.3 169.6 190.2 208.5 225.5 240.7 252.8 262.4 271.7 278.3 283.7 288 291.5 295.1 297.4 298.6 298.8 298.6 298.5 300 301.2 302.3 303.3 304.3 304.7 305 304.2 303.6 300.4 296.4 291.5 281.9 275.6 268.1 261 253.7 245.7 237.1 229.2 222.2 215.5 209.9 203.9 197.6 193.4 190.2 187.1 189.6 193.1 196.1 201.6 206.9 212.1 214.7 215.2 215.1
373.6 359.4 343.8 328.5 313.9 302.2 289.9 277.8 265.7 253 242.4 231.4 219.7 215 212.3 207.7 201.6 188.1 173.7 160.5 153.3 146.2 133.7 146.1 164.7 184.4 205 222.2 238.8 249.9 260.5 268.9 275.4 280.9 285.2 289.1 292.3 295 295.6 295.4 295.2 295.5 297 298.4 299.5 300.6 301.5 302 302.4 300.7 299.6 297.3 293.5 288.1 279.3 272.5 265.4 257.9 250.5 242.3 234 226.4 219.3 212.8 206.8 200.9 194.9 190 187.1 183.9 184.7 187.1 189.4 193.4 199.7 206 209.8 211.5 211
368.5 354.2 339 324.4 311.4 299.8 287.7 274.2 260.4 248.8 238.3 228.5 226.3 225.3 223.9 220.9 212.6 198.6 182.7 170.2 159.2 150.3 138.8 145.1 162.7 182.2 201.3 218.6 233.5 246.7 257.8 265.1 271.4 277.4 282.6 286.6 289.4 292.2 292.3 292 291.8 292.4 293.9 295.4 296.7 297.8 298.8 299.2 299.2 297.1 294.8 291.7 288.4 282.3 275.7 268.8 262.2 253.6 244.3 236.2 229.3 222.3 215.5 208.7 203.1 197.5 191.6 185.8 182.9 180.3 179.8 181.7 183.4 188.3 193.9 200.3 204 206 206.3
364.2 350.3 335.9 321.6 309.3 295.9 284.3 270.5 257.1 245 236.2 236.7 237.2 237.3 236.7 231.2 222.3 208.7 191.2 177.7 164.9 155.2 144.9 144.5 160.5 180 198.1 215.2 229.5 242.8 252.6 260.5 267.1 273.6 278.8 283.2 286.4 288.1 288.8 288.7 288.5 289.4 290.9 292.4 293.9 294.7 295.2 295.4 294.8 292.2 289.8 286.7 282.9 276.9 270.2 265.3 257.7 247.8 238.8 231.9 224.7 217.3 210 203.7 198.2 192.7 187.1 182.7 180 177.8 176.4 177.3 178.8 183.2 187 194.4 200.1 200.7 203.2
361 347.8 333.5 319.6 306.4 292.9 279.5 265.6 252 242.8 243.7 245.9 249.2 250 248 240.8 231.1 216.2 198.6 183.9 170.2 158.4 147.4 143.7 158.9 177.1 194.5 210.6 226 238 247.3 255.9 263.1 269.6 275 278.9 282.1 283.8 284.8 285.3 285.1 286.3 287.8 289.5 290.9 290.7 291.1 291.3 290.2 288.1 285.3 281.8 276.9 270.8 264.8 260.3 251.6 242.8 234.5 227 219.5 212 204.5 198.8 193.4 187.9 184 179.9 177.5 175.4 173.9 173.1 174.5 176.8 179.5 185 192.2 196.8 199.5
356.7 343.8 330 317.2 305.2 291.6 278.2 262 253.4 252.4 254.2 259.6 260.7 260 257.1 249 237.3 220.8 205.5 191.6 176.7 162.8 151.7 146 157.2 174.7 192.5 209 223.3 234.5 244.3 251.4 259.4 265.6 271 274.1 276.8 278.1 279.5 281.1 281.8 283.7 285.3 286.9 287.5 287.3 287.1 287 285.6 283.9 281.1 276.4 271.3 265.3 259.1 252.3 244.9 237.5 230.1 222.8 215.2 207.7 200.6 192.6 187.5 182.6 179.4 175.6 173.9 172.6 172.2 170.9 170.7 172.8 174.2 177.5 183.5 188.2 193.5
351.6 339.3 326.9 314.9 302.9 290.9 277.1 263.9 264.4 263.3 268.1 271.2 271.7 268.8 263.5 253.6 239.7 224.9 210.5 197.1 182.4 167.6 156.3 149.4 156.5 172.5 189.9 207.4 221.8 231.7 239.4 248.2 255.1 261.4 265.8 268.8 271.6 272.7 274 276.1 278.9 281.1 282.6 284 284.2 283.9 283.8 282.6 280.9 279.5 276.1 270.7 265.8 259.8 253.6 247.4 240.7 233.2 225.7 218.4 211 203.9 197 190.5 189.2 187.4 184.7 181.3 178.2 175.6 173.5 171.5 168.8 168.8 170.1 172 177.1 181.2 192
346.5 335.2 324.2 312.5 300.5 288.7 276.6 273.5 273.2 274.6 279.5 281.9 280.5 276.2 267.8 256.2 242.8 229.1 214.2 199.2 184.9 170.7 161.4 151.3 156.5 171 188 206.1 217.4 227.2 235.8 243 250.4 255.8 260.2 264.1 267.1 268.5 270.6 272.9 275.6 278.3 280.1 281.5 281.3 281.4 281.4 279.8 277.9 275.3 271.3 266.8 261.2 255.9 249.1 242.5 236.3 229 221.4 213.8 207.8 201.8 198.5 197.4 195.9 194.1 191.2 187.2 183.3 180 176.9 173.6 171.2 167.9 166.3 168.8 171.8 176.1 185.7
342.7 331.7 320.8 309.5 298 287.1 281.4 281.7 280.9 285.2 289.5 290.5 287.1 280.2 270.2 258 245.4 231.2 215.3 200.5 185.8 173.7 164.2 156.6 157.8 169.8 185.7 202.2 213.2 223.5 231.2 238.2 245.6 251.2 255.5 259.7 262.8 265.4 267.8 270.1 272.5 274.9 277.6 279 279 279.1 278.4 276.9 274.2 271.2 266.8 261.9 256.5 250.7 245.6 238.8 232 225.3 218.7 212.1 205.1 205.2 205.2 203.9 202.4 199.8 197.2 193.1 188.9 185.2 181.1 177.1 173 169.8 166 166.6 167.3 171.2 175.8
339.8 328.9 317.6 306.3 296.7 290.2 290.2 289.3 291.2 294.8 297.9 296.7 291.7 282.2 271.8 259.1 245 230.8 217 201.9 187.3 176.1 167.3 160 158.4 168.7 183.2 197.7 210.9 221.3 227.6 234.2 240.9 246.7 250.9 255.1 259.5 262.5 264.9 267.3 269.7 272.1 274.4 276.5 276.7 276.3 275.2 274.5 272.7 266.6 261.8 256.9 251.9 245.5 241.9 235.2 228.4 222.7 216.9 210.2 212 212.2 211.7 210.4 207.7 206.1 202 197.8 194.4 190.9 186.7 182.7 178.4 173.3 167.1 164.9 162.4 165.1 168.4
336.8 326.6 315.6 304.9 295.1 297.3 297.9 298.2 298.9 302.6 303.8 300.3 293 282.5 271.1 259 244.5 230.1 216.3 201.7 189.4 178 169.1 161.6 160.7 168 179.9 194.4 207.5 217.2 224.2 231 237.8 242.5 247.6 251.9 256.3 259.3 262 264.4 266.8 269.2 271.8 274 274.3 273.5 272.4 270.4 267.8 263.2 257.4 252.1 247.1 240.9 236.3 231.7 225.9 220.4 216.7 217.2 218.4 218.9 218.2 217.1 214.1 212.1 207.7 204 200.3 196.6 192.9 188.2 184 177.8 171.4 167.5 162.3 159.1 161.9
333.7 323.6 313.5 304.8 300.9 304.1 305.3 306.3 306.9 309 307.7 303.4 294.4 283.7 272 258.4 244 229.5 215.8 203.3 191.2 180.1 169.2 168.5 163.4 169.4 179 191.9 203 214.1 221.7 228.5 235.3 240.5 244.9 249 253.1 256 258.8 261.6 264.2 266.9 269.6 271.3 271.7 271.4 270.4 267.7 264.2 259.8 253.7 248.3 242.7 236 231.8 229.2 223.6 224.8 223 224 225 225.4 225.2 223.3 220.8 218.2 215.2 211.4 207.9 204.2 200.6 196 190.9 184.6 178.3 171.5 166.5 161.1 156
330 320.2 311.9 306.7 305.6 309.7 312.1 313.3 314.2 314.6 311.2 305.4 296 285 271.6 257.4 243.2 229.8 217.1 204.9 192.8 177.5 177.5 173.2 169.2 170.3 179 190.2 201.5 211.9 220.4 227.1 234 239.6 243.1 247.9 251.5 253.9 256.7 259.8 262.3 264.7 267.4 268.8 269.2 269.3 267.6 265.8 262.8 256.8 251 245.5 239.1 235.1 231.7 228 229.5 228.2 229.1 230.3 231.4 231.9 232.2 230.8 228.6 225.2 222.6 219.7 216 212.6 209.1 204.2 198.5 192.5 186.2 179.8 172.4 165.4 161
325.8 318 311.7 308.4 314 316.8 319.1 320.3 320.9 319.2 315.5 308.4 298.2 285.2 271.1 257 243.1 230.7 218.6 204.7 190.9 188.2 183.7 178.7 174.4 171.4 178.5 189 200.6 210.5 219.6 226.2 232.8 238.4 243.1 247.4 249.8 252.2 254.7 258.2 260.9 263.1 265.4 266.3 266.7 266.7 264.3 263.3 260.6 256.1 250.6 245.6 239.6 235.7 230.7 232 232.9 234.1 235.4 236.6 237.9 238.5 239.2 238.2 236.5 234.3 231.5 229.1 226.5 223.9 219.8 214.4 208.7 203.1 196 188.5 181.6 175 169.4
322.2 316 314.1 316.4 319.3 322.8 325.8 327 327.5 325.2 319.3 310.5 298.7 285 271 257.1 243.1 231.8 218.4 205.6 201 194.7 189.5 185.7 179.7 176.6 182 190.6 199.9 209.2 218.7 225.2 231.1 238 242.4 245.8 248.3 250.7 253.5 257 259.8 262.4 264.5 264.4 264.7 264 262.1 260.8 258 253.2 248.1 242.7 238.8 236.6 231.9 235.8 239.2 240.4 241.7 242.9 244.2 245.2 246.3 246.1 244.6 242.6 241.3 239.4 237.3 235.1 230.8 225.1 220.5 214.8 208.3 202 194.2 187.3 180.5
324.6 320.9 323.6 324.4 327.3 330.4 332.4 332.8 333.1 328.5 321.4 311.6 299 284.8 271.1 257.2 243.1 228.5 221.1 215.2 207.4 201.6 197.7 192 186.2 182.6 186 194.3 203.3 213.4 221.4 227.5 232.9 237.4 240.4 243.9 246.9 249.5 253 256.7 259.8 262.1 263.5 263.9 263.5 261.8 260.3 258.3 255.9 251.3 247.9 242.3 238.6 232.8 237.2 240.9 244.5 246.7 248 249.2 250.5 252.2 254.1 253.2 252.8 252.5 250.6 248.7 248.6 248.1 243.7 237.7 234.7 229.5 223.8 217.4 209.7 202.5 195.6
331.1 329.1 330 331.3 336 337.7 338.4 339.3 338.3 333 323.8 312.6 298.4 284.1 270.4 257.3 241.7 237.3 229.9 221.5 212.8 206.9 202.1 197.6 193.4 189 191.5 201 208.9 217.9 224.5 230.6 235.2 239.2 242.8 244.4 246.1 249 252.6 256.4 259.9 261.4 263 264.2 262.8 260.2 257.8 255.8 253.5 250.8 247.4 243.4 238.3 236.9 240.8 244.9 249.3 253 254.3 255.5 256.9 258.7 259.3 260.3 260.5 260.2 258.5 258.6 259 258.9 257.4 256.8 254.9 251.2 245.5 237.8 229.3 220.6 210.8
338.2 335.5 336.8 337.2 341.9 343.4 344.3 345.1 342.2 335.4 325.9 312.6 297.3 282.8 267.1 249.1 252.2 242.7 233.5 225.5 217.6 211.2 206.2 203 199.4 194.9 198.4 208.6 215.2 223.1 230.8 234.3 238.1 241 244.7 247.4 249.2 251.1 252.7 256.1 259.4 260.8 262.9 264 262 258.9 255.4 253 251.6 248.9 246.2 242.7 240.7 240.6 245.4 249.9 254.3 258.7 260.6 262 263.3 264.8 265.6 266.8 267.5 267.9 267.7 268.6 269.4 269.4 270.5 272.1 272.9 271.8 268.1 265 255 243 231.4
346.2 342.5 343 342.1 344.9 348.4 350.1 349.9 346.1 338.2 326.1 312.7 296.8 278.9 271.5 266.6 257.6 248 238.1 229.3 222.3 219.3 213.1 209.1 205.1 200.4 207 216.9 224.1 234.1 238.5 240.2 242 244.3 246.8 250.5 252.3 253.5 255.1 256.5 258.5 259.9 261.1 261.4 260.8 257.6 254.3 251.8 250.1 248.3 245.9 243.5 243.2 243.7 250.2 254.6 259.1 263.4 266.6 268.4 269.9 270.8 272 272.9 273.6 273.9 276.6 278.6 280.6 280 281.2 282.5 283.5 284 285.3 289.8 287.3 277.8 255.1
351.8 347.3 346 347.6 348.3 353.3 355.9 356 349.7 339.6 328.1 312.8 295.2 284.5 281.9 272.3 263.6 253.3 244.2 237 232.1 226.7 221.6 217.8 214.3 209.9 216.3 225.9 234.2 244.1 248.2 249.3 249.6 249.3 249.8 253 254.8 255.9 258.1 258.2 259.4 260.1 261.7 261.3 259.7 257.6 256.2 253.4 250.9 248.2 246.4 244.7 246.5 248 254 259.4 263.6 267.7 270.8 273.8 275.5 276.1 276.8 278 279.1 280.2 282.9 285.8 288.8 289.2 290.6 291.7 292.8 293.6 296.7 299.3 298.3 292.4 279.6
357.8 358.6 358.8 362 361.6 365.3 361.2 358.5 350 338.6 325.1 304 295.8 296.8 288.1 277.3 269.1 260.8 253.1 245.9 239.9 234.4 230.1 226.5 222.4 218 225.3 235.6 246.1 253.5 257 257.7 258.2 257 253.8 254.8 255.5 257.7 260.1 259.7 260.8 261.1 260.9 262.6 261.4 261.1 258.4 255 252.4 250.2 247.6 248 250.1 251.4 258.1 264.4 268.2 271.8 275 277.4 279.5 280.7 282 283.2 284.6 286.6 289.1 291.5 294 295.1 296.1 298.3 300 300.9 305 307.1 306.7 303.2 290.6
372.2 375.1 376.3 376.5 373.6 371.1 365.4 359.6 350.4 337.8 320.4 310.6 310.1 303.8 294.4 284.4 275.8 269.2 262.2 254.7 248.3 243.2 239 236.5 231.9 226.5 235 246.9 257.1 264.4 267.6 269.1 267.7 265.4 262.1 257.7 256.9 257.6 260.9 261.1 262.2 262.7 262.4 262.3 263.6 264.2 260.8 257.3 254 252.7 249.4 251.5 253.7 255.4 261.6 264.4 269.5 274.8 278.1 280.1 282.2 284.4 286.6 288.5 290.3 291.8 293.2 296.2 298.4 301.3 301.9 301.8 302.8 305.6 308.7 307.3 300.7 289.3 272.9
387.7 389.7 390.8 389.1 380.9 374.2 367.2 358.5 348.9 336.8 324.5 323.3 318.8 311.2 302.9 293.3 285.5 279 271.5 263.8 258.2 252.4 248.8 246.8 242.9 232 246 258.8 269.8 277.5 281.6 282.5 278.3 274.9 269.3 262.9 259.7 259.2 260.7 262.4 263.6 264.7 264.8 264.2 264.9 266.5 263.7 260.8 258.5 257.6 253.4 255.8 259.8 261 265.1 269 272.6 276.3 280.6 282.8 285 287.2 289.2 291.5 293.2 294.3 295.5 297.4 300.2 302.7 303.2 302.9 302.6 305.6 305.7 299.7 285.3 267.5 250.3
403.1 405.7 401.7 393.1 383.1 373.5 365.3 356.9 348.1 340.9 330.6 331.5 327.2 320.5 312.4 303.9 294.2 287.9 280.5 273.5 266.7 262.2 259 257.4 253.2 240.5 258 270.2 280.9 290.5 295.3 295.8 294 288.4 280.3 273.5 268.3 265.3 262.2 264.2 265.4 267 267 267.1 268.8 270.8 268.6 265.7 264.4 263.3 257.6 261.3 265.9 268.4 271.1 274.6 278.4 281.7 283.3 285.6 287.8 290 292 293.5 294.3 295.1 296.1 298.2 300.1 302.2 302 299.7 297.3 297.8 296.6 288.9 268.8 248.5 231.1
414.2 412.6 404.8 394.5 383.7 372.2 364.4 356.6 350.2 344.4 340.6 337.7 335 330.1 322.3 313.6 304.5 298.3 291.2 284.2 277.6 273.8 269.8 267.3 262.2 250.5 269.4 282.3 293.4 302.1 307.6 311.3 314.5 307.9 296.3 286.8 279.2 274.7 270.7 270 268.5 271.3 272.2 274.6 273.1 274.5 274.9 270.6 270.1 269.1 265.8 266.8 272 274.9 278.2 280.8 284.1 285.9 287 288 290.5 292.5 293.5 293.6 294.3 295 294.8 295.6 296.7 296.9 295.4 292.6 290.9 292.3 286.7 270.6 251 231.3 212.6
420.7 413.4 404 393.8 382.2 371.2 364 356.5 353.3 348.9 346.5 344 342.8 339.1 333.2 324.1 315.8 310 302.3 295.7 288.9 284.2 279.3 276.9 271.3 257.7 278.1 292.9 303.6 313 319.3 324.9 333 330.7 316.1 302 292 285.9 281.9 278.3 275.2 276.2 277.4 279.1 278.7 278 274.5 275.5 276.6 276.1 275.6 275.2 279.4 282.6 286 288.9 291.2 292.1 291.6 292 292.7 293.3 293.5 293.6 293.6 293.9 292.9 291.6 290.4 289.5 287.7 287.8 289.4 283.5 268.7 249.5 231.7 214.2 197.5
423.5 412.5 402.7 390.6 379.5 370 362.9 357.5 354.9 352.6 351.6 351.8 351.7 350.3 346.2 337.1 330.4 321.9 313.6 304.7 298 294.2 290.7 286 278.4 267.3 286.2 301.2 311.3 320.4 329.1 337.3 345 346.5 340.5 325.5 308.8 298.7 293.3 289 284.5 282.1 284.6 284.9 286.4 285 285.7 285 284.9 284.7 285 285.7 287.9 290.6 294.2 298.4 299.7 299.5 298.4 296.3 294.4 294.6 294 293.3 292.6 290.9 288.2 285 283.5 281.4 282.2 277.8 272.8 261.9 247 229.8 212.9 197.7 183.8
423.8 412.7 399.7 388 378.5 369.3 362.6 359.6 356.9 356.5 357.8 358.8 360.1 362.3 362.3 355.4 350.2 338 325.2 315.1 308 303.5 298.4 293.8 283 274.5 293 307.8 318.1 326.5 335.2 343.9 352.3 357.9 356.2 351.5 331.5 316.8 308.5 300.8 295.2 291.5 293.3 294.5 294.5 295.6 297 295.9 294.8 294.8 296.2 296.5 297.7 303 307.6 312.2 312.8 313.8 308.8 300.5 297.5 295.3 294.2 292.3 290.3 286.5 282.6 278.5 274.5 269.2 265.2 258.9 250.3 239.1 224.4 209.2 195.7 186.9 176.6
422.6 411.8 399.3 387.7 377.9 369.6 364.1 360.9 358.9 359.9 362 365.1 369.6 374.8 378.4 376.4 366.1 351.8 337.3 324.2 317.2 311.8 307.7 301.6 284.9 282.7 298.4 312.4 322.2 331.6 340.7 349.5 357.6 364.8 366.2 366.9 352.8 338.5 327.4 317.1 310.5 306.2 304.3 308.3 307.2 310.8 310.8 309.6 308.2 307.7 307.6 308.4 309.6 317.7 322.7 327.8 331.1 328.9 319.2 305.1 298.8 297.2 295.7 292 287.6 284.9 275.3 271.6 265.1 255.2 247.9 240.3 230.1 216.7 204.9 197.5 189.7 182 178.7
422.3 410.2 397 387.1 377.8 370.9 366.4 362.1 360.1 362.4 366.9 370.9 378.3 386.4 394 391 378.3 362.7 346.7 331.8 325.2 318.8 312.3 305.2 285.7 289.7 303.7 316.2 325.2 334.4 344.4 353.9 360.5 366.9 373.2 376.6 373.2 358.7 349.8 336.5 323.6 323.6 319.7 323.4 325.1 325.9 325.3 323.8 321.4 320.6 320.3 323 328.4 334.6 338.2 343.8 352.1 345 329.3 311.2 303.5 297.4 294.7 288.4 280.8 276.8 273.5 264.1 254.3 245.2 233.1 223.8 213.5 205.2 198.1 192.7 186.9 188.5 186.9
421.4 408.6 397.8 387 378.6 373 368.7 364.2 364.5 367.7 371.2 377.9 386.9 397.1 406.1 404.6 389.5 370.8 354.6 341.2 331.3 324.7 316.2 307.7 288.1 296.6 309.3 319 327.8 337.2 347 356.2 363.8 370.2 376.2 384.2 386.9 374.1 366.4 353.2 340.9 341.2 340.1 340.3 344 343.6 344.4 340.7 337.1 335.1 335.5 339.1 347 353.4 354.6 360.8 369.4 361 339.8 316.8 304.3 296.1 288.6 280.1 272.7 266 257.4 248.4 240.4 231.1 222.2 214.3 207.3 197.9 196.3 195.3 195.9 194.5 195.6
