data/190000-850000.asc
ncols 200
nrows 200
xllcorner 190000
yllcorner 850000
cellsize 50
[rows 140 to 174 of 200, columns 0 to 78 of 200]
550.3 559.4 564.5 562.5 562.4 558.3 553.9 554 548 529.8 519.9 512.8 501 490.5 478.3 460.8 449.9 447.5 441.5 429.1 425.7 414.5 399.7 376.7 360.1 337.1 320.1 303.5 293.7 284.3 276 262.3 240.6 231.9 230.4 234.8 238.6 244.4 249.1 252.8 258.6 265.5 271.5 275.3 276 281.4 290 297.6 301.6 303.2 301.7 312.2 327 329.2 337.7 360 413.6 425 430.4 428.2 423.1 414.6 415.5 424.8 435.8 435.2 424.2 415.9 401 386.8 379.4 379.3 399.5 412.7 412.8 413.1 422.5 434.4 443.2
561.5 583 590.5 605.5 609.8 611 604.9 598.8 583.3 585 556.1 537.2 523.8 510.6 493.6 474.9 463.2 459.5 445.2 426.7 423.5 413.6 402 382.2 363.3 340 321 304.7 297.8 286 276.3 262.2 247 239.9 235.7 238.3 243.5 249.4 257.3 259.8 267.3 275.3 280.7 292.2 304.7 317 318.2 326.9 328.5 328.9 339.5 338.8 343.2 348.3 351.4 370 412.3 429.3 434.6 431.1 420.2 413.4 421.9 433.4 435.6 424.6 413.5 406 392.1 381.5 377.8 387.1 404.9 414.3 417.4 424.3 439.4 449.7 456.1
554.7 575 593.6 612.9 628.9 640.8 643.9 640.9 636 629.4 615 579.7 552.2 528.3 513.3 490.6 478.8 472.4 459.2 443.4 421 415.7 397.2 384.8 363.3 343.9 324.9 310.1 299.1 291.7 276.6 264.5 257.7 251.3 250.7 249.8 252.6 266.2 271.4 271.2 279.7 290.4 298.4 302.8 310.8 321.2 334.8 349.7 359.7 363.9 369.5 363.9 363.6 366.3 373.1 385 413.5 433.1 433.8 426.4 418.7 419.9 431.8 432.6 432.3 422.1 408.1 395.8 384.6 380.4 381.7 390.3 411.3 423.6 437.4 446.2 459.1 465 472.7
554.3 577.1 595 618.3 635.5 638.1 655.8 665.8 678.3 675.3 662.7 628.9 594.3 571.5 543.9 530.7 502.5 484.1 480.3 466 429.9 413.9 400.6 386.5 380.5 357.5 336.3 316 302.7 293.8 279.3 274 270.6 264.1 267 266.9 276 275.7 276.9 278.1 284.8 294.1 298.8 302.2 308 315.5 338.5 369.6 379.9 397.5 393.8 394 392.3 390.1 395.9 402.7 424.1 438.1 434 428.5 418.9 421.6 432.4 432.2 423.6 415.8 403.5 389.3 382.5 381.2 395.5 405.5 416.2 431.8 454.3 459.4 470.4 469.8 477
560.9 578.5 592.1 613 623.1 638.8 652.2 667 679 690.6 690.8 664.2 633.7 601.9 572.3 555.4 541.8 517.1 497.8 480 450.3 418.6 400.4 387 381.9 366 341.7 322.7 307.2 296.6 282.3 291 280 277.2 272.9 274.7 276.6 278.5 281.5 284.2 291.8 295.6 301 304.8 306.2 322.4 344.6 375.9 406.1 421.1 423.8 421.6 416 427 430.6 437.7 445.8 446.2 440.7 428.2 423.1 425.4 430.5 425.5 415.8 408.5 393.4 380.8 381.8 385.4 409.1 419.1 418.5 429.6 454 470 473.9 474.5 488.1
561.4 571 584.7 593.5 607.2 620.3 636 655.3 674.5 690.8 698.7 689.4 671.6 636.2 608.2 581.3 561.2 556 522.8 498.4 472.6 434.5 412.6 383.9 379.2 366 348.6 331.3 312.4 301.8 288 291.5 293 286.5 282.1 280 280.2 283.7 286.4 293.2 295.1 297.9 302.5 307.7 310.2 330.2 351.1 381.4 433 450.6 448.7 452.5 458.4 464.6 461.5 455 449.8 452.4 442 433.3 428.2 434.3 427.6 419.8 412.3 398.3 385.1 381.8 381.8 394.6 410.3 420.8 420.7 435.7 449.3 464.7 475.1 477.7 482.8
549.6 564.3 572.3 577.4 591.8 604.1 617.5 640.9 663.7 679.9 691.7 702.8 701.8 682.8 649.9 632 593.6 578.3 549 525.9 480.7 446.2 418.6 393.9 373.7 362.2 344.4 331.4 315.2 302.8 293.8 296.2 296.6 296.7 294.3 289.6 283.8 296.5 300 300.5 299.8 302.5 306.5 311.3 319.3 334.5 359.2 383 450.3 478.2 481.5 484.3 480.8 476.6 474.2 470.5 459.3 453.4 451.7 444.3 440.1 434 422.7 418.5 406.8 389.6 381.8 381.8 386.6 405.1 415.4 428.2 427.8 443.7 457.2 466.7 469.1 471.7 474.4
542.7 555.4 568.2 579.5 584.7 596.8 611.4 631.6 651.3 672.4 684.1 698.5 709.3 713.5 705.7 677.3 648.8 620.4 589.1 547.8 501.4 464.7 431 403 375.3 359.8 344 333.7 314.8 303.9 308.4 304 301 300.1 296.9 294.4 298.6 299.1 306.7 304.8 304.2 305.5 307.9 313.6 322 344.7 369.7 389.2 442.6 482.4 489.3 493.8 496.5 490.8 477.7 481.3 465.8 455 455.1 449.8 443.1 436.9 429.3 415.3 396.8 384.8 381.8 381.8 394.4 419.2 427.4 441.6 441 449.4 462.5 480.3 477.3 476.9 473.8
537.6 547.4 564.1 573 583.1 593.7 609.8 624.3 640.9 655.5 675 695.1 711 720.7 723.7 718.5 688.6 639.8 595 562.4 516.6 483 445.6 407.3 379.7 360.8 347 334.3 314.2 304.8 307.9 310.1 311.4 307.4 303.9 299.4 299.8 299.1 307.8 304.9 304.6 303.5 304.5 309.8 324.3 355.5 377.9 397.5 441.1 476.3 491.2 499.6 507.9 503.6 502 494 475.1 470.7 465.5 461.5 448.8 437.9 424.6 408.8 393.8 385.8 382.5 387.6 407.1 430.7 439 450.9 446 453.2 465.9 479.4 482.9 481.8 488.2
536.7 549 558.9 573.9 586.6 594.2 607.3 619.1 633.5 647.7 668.6 683.6 702.9 719.9 727 727.6 703.5 674.5 627.1 583.9 534.1 488.3 452.6 423.8 390.3 371 354.5 338.8 315.2 308 309.1 312.4 312.8 311.5 305.7 303.4 301 301.9 305.2 304.8 303.5 299 299.4 306.6 328.3 350.9 382.3 399.6 441.4 465 489.6 501.4 506.8 513.1 515.2 506.1 493.3 482.7 467.4 457.7 449.3 437.1 421 407.9 398.1 393.2 394.1 409 428.7 443.4 453.7 457.8 452.3 455.4 467.3 469.8 479.3 486.8 500.8
536.8 548.9 561.8 578.6 591.3 600.2 609.2 620.3 634.6 644.8 658.1 670.6 691 707.4 725.8 733.1 723.8 691 647.3 604.8 550.9 504.3 462 427.4 395.1 374.2 356.9 343.6 320.8 313.3 312.9 316 314.8 314.4 306.4 303.6 301.1 299.1 300.2 299.1 299.1 299.1 299.1 309.3 334.9 354.9 380 399.3 427 456.3 487.4 501.8 502.4 516.2 520.3 511.9 509 496 478.4 465.8 455.3 436.5 435.3 418.9 410.2 407.6 417.3 434.4 456 463.1 467.6 463.4 458.4 456.9 465 469.5 480.1 492.5 504.1
535.7 552.4 563.1 582.9 594.6 606.4 614.4 623.7 626.9 637.1 645 658.2 664.2 681 709.8 727.8 727.4 714.2 653.6 617.9 563.9 519.1 480.7 433.1 400.1 376.7 356.5 343 325.5 322.2 319.2 318.9 315.9 316.3 305.8 303 301.5 299.1 299.1 299.1 299.1 299 309.1 322.3 350.5 362.1 384.5 394.3 408.4 442.2 475.6 493.5 502.1 508.1 521.8 525.9 520.6 503.9 484.2 468.1 455.6 446.6 436.2 424.1 427.8 432.4 447.9 471.1 479.1 473.3 474.9 466.9 465.5 465.5 473 478.9 487 496.2 505.4
533.8 550.7 565.8 582.8 594.2 608.3 618.2 618.9 621.6 626.1 625 629.4 644 669.2 696.7 718.5 733.5 730.2 696.8 641.4 580.6 527.4 482.5 441.1 406.7 375.6 355.9 341.1 323.6 320.2 318.4 314.7 314.7 310.3 306 302.6 304.2 301 301.6 299.1 299.1 299.1 311.6 326.4 354 370.6 392.2 392.5 403.4 420.6 459 479.7 502.8 508.6 524.1 530.9 520.8 509.8 492.9 475.1 468.2 461.1 447.2 444.2 452.6 461.1 490.2 489.8 491.3 485.1 480.8 479.9 476.4 479.4 479.1 489.5 494.1 500.4 506.1
535.2 558.4 571.7 583.5 594.7 609.4 616 617.8 612.3 613.1 611.3 623.5 637.2 654.7 678.3 708.3 723.2 733.3 720.1 672.8 622.7 550.9 511.8 465.4 412.1 380.9 359.2 342.4 329.5 323.9 316.6 314.7 313.3 309.1 310 305.8 303.3 305.8 307 301 299.1 299.1 306.4 322.5 364.1 375.1 391.9 399.3 403.9 419.7 439.7 463.3 487.8 516.7 524.3 530.4 520.4 515.2 502.1 483.8 476.4 467.6 461 466.8 479 499.8 500.7 496.4 492.9 491.9 494.4 498.8 495.7 495.6 495 496.3 501.9 512.6 513.8
535.4 556.4 575 584.6 598.3 605.9 611.9 611.6 611.3 612 615.8 621.8 639.8 654.6 675.8 698.6 712.4 724.9 726.6 694 650.6 577.8 530.9 483.7 436.2 389.8 367.1 349.1 336.5 325.9 319.1 315.9 310.3 309.5 307.7 307 305.2 308.2 310.5 299.2 300.3 299.1 301.7 315.9 354.5 370.6 388.2 400.8 400.8 412 433.2 463 481.2 518.3 530.1 536 528 517.1 501.6 487.8 483.8 483.6 479.9 493 509.1 531.5 531.9 511.2 508.9 510.7 509.1 508.6 510.6 506.2 500.5 509.3 505 510.4 520.5
537.2 556.7 568.1 580.8 591.7 601.6 604.9 612.5 616.4 621.4 618.6 626.8 639.2 648.6 668.7 687.2 704 717 720.8 710.4 662.5 609.2 550.6 505.8 449.6 401.5 375.1 357.2 345.6 330.7 321.6 313.6 312.2 308.1 307.4 307.4 311.6 312.4 309.4 306.2 304 302.6 301 309.6 342.6 361.4 388.2 395.4 400.8 404.9 426.5 457 480 519.8 533.5 537.5 532.7 515.3 498.8 486.1 488.8 491 508 521.9 536.8 551.1 544.6 536.6 527.3 524.5 519.6 521.2 513.8 507.6 514.9 514.4 507.2 509.5 522.7
520.8 553.7 568.8 581.8 594.3 603 609.8 618.5 625.4 623.3 623.4 630.6 634.4 642.6 656.2 673.8 691.9 712.6 716.6 712.8 672.8 609.7 556.1 510.5 456.4 410 384.1 368.7 350.8 334.8 323.1 319.8 312 312.5 309.6 311.5 314 312.8 310.3 309.6 307.2 305.5 302.2 311.2 334.6 360.4 388.2 392.4 402.1 403.7 419.3 454.1 484.1 518.6 536.3 533.9 526.2 513.2 491.1 486.1 487.8 509.8 538.9 545.6 549.6 554.8 554.7 550.3 543.6 535.6 532.8 524.1 517 510.9 517.7 517.1 509.6 505 518.4
509.6 550.8 570.9 585.9 598.6 605.6 617.6 629.7 635.9 633.3 627.7 628.9 631.9 639.3 647.2 659.3 679.5 696.5 711.5 707.8 673.7 611.8 556.5 506.8 455.9 421.6 401.1 389 370 346.2 338.7 323.3 315.5 313.9 311.7 314.3 314.5 312.2 312.3 312.9 311.5 311 308.3 315 333.7 370.1 398.3 394 407.6 405.8 414.5 449.1 500.3 518.1 523.8 522.8 518.2 505 495.3 489.7 495.6 521 545 550.9 561 562.6 560 558.6 554.4 550.6 548.8 540.8 531.8 522.8 530.7 525.1 517.5 509.4 517
505.5 543.8 575.5 588.8 603.8 616.6 622.3 630.9 640.5 640.4 635.2 627.9 627.9 639.5 639.5 643.7 659.3 681.1 698 700 666.7 609 554.9 497.8 460.2 432.5 413.8 406.2 393.4 357.4 351.3 328 318.7 317 314.4 315 315 312.4 312.9 313.5 313.1 313.1 316 320.5 336.2 393.8 410.7 402 409.5 407.9 419.1 471.2 501.3 514.6 518.8 514.2 510.6 523.3 515.6 505.7 509.3 535.3 551.7 563.1 564.9 578 589.1 581.6 579.5 573.4 568.7 561.4 553.8 539.3 536.4 522.6 520 516.1 523.1
504.1 538.4 571.5 595.5 607.1 622.6 637.2 642.8 640.9 644.3 642.3 636.4 629.5 633.8 636.2 636 645.7 660.5 675 683.8 667.8 606.1 533.3 499 468.7 443.8 422.7 414.6 393.7 365.4 363.4 340.2 328.8 320.1 316.4 315.2 315.1 312.4 313.7 314.9 316.8 317.2 318.6 319.6 344.3 395.9 408.4 407 411.5 409.6 434.6 468.1 499.3 511.6 512.3 506.2 512.7 524.2 524.4 517.9 521.9 538.3 558.3 572.3 580.9 583.3 592.6 592.4 583.9 577.3 573.2 565.8 561 552.2 547.1 536.5 525.6 519.1 525.1
489 532.3 560.6 593.9 607.5 624.5 632.5 636.6 646.2 650 649.4 642.7 638.3 639.4 635.9 633.8 634.4 642.3 650.2 660.2 661.6 588.6 545.4 508.3 478.4 457.7 441.5 421.9 396.6 378.7 367.4 353.3 334.4 324.6 321 315 314.1 312.4 313 315.6 316.6 318.9 321.6 323.3 355.1 401.6 402.9 404.8 414.3 424.3 445.8 461.5 496.5 508 504.8 495.6 512.5 519.6 530.7 530.2 526.5 547.8 577.6 585.4 585.9 608.5 608.7 607.1 599 588.4 584.6 575.9 565.7 559.4 555.9 546.4 528 521.2 515.2
476.2 512.7 549.5 588.4 606.9 619.4 632.2 638.3 649.8 655.7 656.5 648.9 647.5 642.9 637 634.9 629.9 629.3 632 648.3 650.2 602.4 559.9 519.9 497 470.4 450.1 424.4 403.8 387.9 372.9 362.9 344.2 330.3 323.3 316.2 313.1 312.4 313.9 315.3 316.1 317.4 320.8 333.5 365.8 397.6 396.9 400.2 408.8 417.1 443.2 457.9 488.8 498.5 494.5 486.6 500 517 532.4 531 546.7 569.4 589.9 591.4 589.6 613.8 624.7 622.8 613.2 601.3 597.6 592 577.6 563.5 557.5 552.6 536.4 524.6 518.5
466.9 494.1 532.6 575.7 604.7 618.5 628.9 642.4 654.8 662.6 661.9 656.9 660.4 653.4 645.9 634.1 625.3 622.2 623.1 622.7 629.2 617.9 595.7 540.8 514.5 482.8 454.7 435.5 409.3 392.7 382.3 373.5 357.8 337.8 324.5 316.1 314 312.4 315 312.4 314.7 314.9 325.3 339.6 378.4 400.7 395 394.4 405.2 413.3 437.9 451.1 476.8 484.9 474.3 472 485.5 515.2 530.2 528.8 565.5 585.3 589.8 592.2 603.9 612.3 627.6 634.8 629.2 607.1 607.3 600.6 592.2 584.6 572.7 560.3 544.2 533.6 522.8
458.1 485 511.7 545.7 584.1 609.5 631.2 643.4 655.7 662 667.7 672.4 670.5 665.4 653.3 631.1 615.1 611.8 612.6 621.4 620.7 608 597.8 562.2 530.7 497.9 460.2 438.7 421.4 398 385.5 378.9 360.5 341 325.7 317 314.4 312.4 312.4 312.4 312.4 316.1 328.2 367.9 387.8 395.3 391.6 398.8 404.7 412.5 437.1 453.2 465.2 461.2 456.2 462.7 482.7 509.1 519.6 522.9 563.5 589.5 600.1 597.8 608.2 612.6 631 641.8 635.2 619.6 617.5 613.6 607.1 597.4 578 562.6 546.5 538.1 527.2
447.3 475.8 499.5 526.1 567.6 602.7 624.5 640.9 649.4 660.5 671.2 675.2 673 666.4 653.6 626.2 612.3 611.8 611.8 616.2 612.6 607.2 587.9 565.7 550.1 500.6 466.1 442.1 427.2 404.1 389.8 383 363.5 347.4 332.8 318.3 315.9 312.4 312.4 312.4 312.4 322 335.6 380.5 388.9 389.8 391 398.5 397.3 411.6 432.1 444.7 453.6 445.8 442.9 457.8 480 499.8 509.6 516.7 547.5 588.5 602.5 604.4 615.6 614.8 631.5 639 632.8 628.1 620.6 615.5 608.3 597.8 589.3 560.4 550.1 542 537.1
445.2 464.7 489.4 516.2 550.3 584.4 609.2 626.5 646 651.2 660.2 667.7 669.4 665.6 648.6 623.3 614 613.4 612.4 614.3 603.1 596.2 578.1 564.4 545.3 503.5 470.4 444.6 424.1 407.9 392.8 387.7 363.1 349.1 337.2 320.3 315.5 312.4 312.4 312.4 325.6 324 342 376.9 380.4 386.5 388.7 395.6 391.3 409.2 421.1 428.7 433.8 430.5 439.8 460.8 482.9 494.3 502.2 510.1 540.6 578.8 597.2 610 620.4 619.7 626.6 636 633.2 627.2 623.7 621.7 617.3 605 586.3 566.4 555.6 548 539.6
440.2 458.4 482.8 514 543.2 572.1 595.1 607.4 618.4 637.5 653.7 659.9 659.8 649.5 634.6 619.3 614.1 607.6 606.1 604.2 595.2 581.8 567.6 552.5 537.5 506.8 473.8 444.4 426.8 412.1 396.8 384.4 366.2 350.5 338.1 324 315.6 312.8 318.7 325.9 323.9 328.6 345.2 366.3 374.3 382.5 385.3 388.6 389.8 397.5 417.9 413.4 414.4 415.2 427.7 453.2 478.3 496.3 492.9 502.3 531.1 574 585.5 604.6 622.3 622.3 626.4 634.1 630.8 633.2 632.4 628.2 617 609 589.3 565.4 555.6 546.9 535.2
433 451.6 479.5 512.5 534.9 559.5 576.2 592.5 602 623.7 633.6 637.6 631.6 623 615 610.4 602.1 595.1 591.6 587.7 580.3 567 555.4 549.1 534.2 503.8 476.7 453.1 434.1 412.9 403.4 385.3 366.8 349.5 343.1 330.7 328.1 322.3 320.8 325.1 325.7 330.1 341.2 358.3 366.8 374 379.2 381.6 383 391 403 401.7 400.4 400 415.5 437.1 460 491.4 485.3 494.5 526.8 559 572.2 590.7 613.3 614.5 618.5 632.3 638.2 633.3 632.5 624.9 614.5 600.7 585.3 562 554.3 545.9 534.6
428.4 451.5 481.6 508.7 528.5 550.6 574.5 585.8 595.8 607.7 617.3 617.1 607.6 597.5 594.6 590.6 583.1 580 576.6 566.3 562.6 555 548.2 540.5 528.9 503.2 479.2 454.2 436.3 415.4 403 390.6 368.7 352.9 343.6 335 328 327.2 331.3 331.8 332.3 330.6 336.6 348.6 364.8 363.6 370.4 377.1 373.5 381.7 388.2 391 381.2 394.1 404.6 415.8 439.7 463.9 476.2 478.7 520 547.4 556.3 579.4 603.9 611.5 616.1 625.5 634.6 632.7 632.5 625 610 593.7 579.5 567.4 550.9 536.8 525.7
413 438.3 471.9 500.2 523.4 537.3 555.3 573.3 584 593.3 595.6 590.8 583.1 576.7 574.9 565.7 562.6 557.5 553.1 540.5 537.4 539.7 542.9 535.8 522.8 508.3 487.2 462.2 437.3 417.8 407.2 389.9 372 357.1 346.7 339.6 335.1 342.3 341.1 343.3 339.8 338.4 336.3 348.7 363.1 355.5 359.8 367.7 363.4 365.3 368.7 365.6 370.4 383.3 394.1 401.6 417.1 434.1 449.9 462.3 503 520.3 546.5 581.5 602.5 615.6 620 620.2 624.2 642.2 639.2 632.4 610.3 586.1 572.1 557.8 545.8 527.7 512.7
403.2 421.5 451.3 485.7 514.5 526.4 539.5 548.2 561.2 571.9 574.8 577 568.2 557.8 555.1 549.7 541.7 534.6 531.9 523.7 519.3 521.1 523.9 520.5 514.9 503.9 489.4 476.4 450.6 423.1 409.5 396.6 374.8 362.1 357 348 350.5 350.3 348.7 345.3 345.2 343.9 346.4 348.1 358.8 352.4 354.5 356.9 355.3 352.4 353.2 356.5 362.2 376 382.2 390.2 402.9 418.7 433.1 446.8 480 509.4 541.6 571.9 592.8 610.6 622.6 625.9 614.2 628.9 631.6 623.6 613.9 578.1 564.7 549 535.6 517.7 498.3
398.4 409.6 433.2 463.9 494.6 521.4 528.6 536.8 548.7 554.6 557.7 556.1 551.9 546.7 538.6 529.7 521.4 514.4 508.3 503.2 505.2 503.6 501.3 500.1 499.9 489 482.7 466.2 449.8 433.5 412.1 390.8 378.4 365.3 360.9 355.7 351.1 349.9 346.2 344 343.5 340.2 358.2 352.9 353.5 352.4 352.4 353.4 352.4 352.4 352.4 352.4 358.8 361.3 374.3 376.1 388.4 401.5 417.3 430.6 459.2 510.1 538.9 576.7 588.7 597.7 614.6 617.5 615 607.5 624.1 614.1 589.6 569.4 553.2 540.4 519.7 498.5 480.8
400.4 408.6 419 442.3 479.8 517 514.2 534.3 543.6 545.1 539.7 540 532.1 524.5 518.3 513.4 505.5 497.7 490.4 489.6 489.2 487.2 481.2 476.8 474.7 470.1 465.6 459.4 445.6 432 409.1 395.9 389.7 380.7 377.8 374 360.1 355.9 344.8 343.2 340.1 341.3 359.6 358.5 352.3 352.4 352.4 352.4 352.4 352.4 352.4 352.4 352.4 358.9 362.8 363.1 372.8 391.7 410.7 424.6 452.9 485 549.3 565.3 582.2 586.1 599.5 602.5 609.1 601.8 598.4 591.7 573.2 558 532.6 516.4 504.1 486.2 472.1
401.2 412.6 422.9 428.4 462.3 492 495.7 513.1 527 540.2 534.6 525.4 519.6 512.3 506.4 498.3 490.7 485 480.6 474.8 471.4 468.1 464.6 462.4 454.2 452.3 448.1 443.9 436.5 424.8 411.8 402.5 393 383 377.8 374.2 367.4 358.8 353.9 341.9 339.7 342.9 359.1 361 358.2 352.4 352.4 352.4 352.4 352.4 361.1 358.7 352.4 352.4 352.7 354.1 368.9 392.2 406 419.6 445.5 481 518.5 553.2 563.5 572.4 587.1 590.8 591.7 588 575.8 571.9 557.8 536.9 519.3 502 484.7 470.7 459.3
400.4 409.6 419.9 432.2 447.2 468.2 483.7 495.6 508.5 525.7 521.7 513 504.8 498.6 490.7 484.1 477.1 468 463.4 459.3 454.8 449.5 447.4 446 440.1 436.5 432.7 430.1 423.4 418.1 410.7 401.3 395.1 385 380.2 374.8 368.2 361.2 355.7 349.4 349.5 354.2 353.8 359.7 355.6 352.4 352.4 354.2 352.4 352.4 357.7 360.6 352.4 352.4 352.4 354.8 375.6 392.6 403.1 412.5 443.5 491.5 509.1 546.8 550 557.9 564.3 574.7 572.3 571.5 561 546 535.2 517 494.9 478.4 467.2 456.1 448.6
