data/190000-820000.asc
ncols 200
nrows 200
xllcorner 190000
yllcorner 820000
cellsize 50
[rows 0 to 34 of 200, columns 0 to 77 of 200]
104.7 93.5 78.9 68.4 62.8 54.9 40.9 30.2 19 -2 -2 -2 -2 -2 -2 -2 -2 -2 -2 -2 -2 -2 -2 -2 1.9 1.1 -2 -1.4 -1.9 -2 -2 -2 -1.9 -1.6 -1.4 -1.1 -0.9 0.6 0.2 0.3 0.3 0 -0.6 -2 -1.5 -1.3 -1.1 -0.8 -0.5 -0.8 -0.8 -0.8 -0.8 -1 -1.2 -1.6 -2 -2 0.9 4.8 20.8 42.4 76.2 109 133.1 130.3 122.1 117 110.8 104.3 94.1 84.6 70.7 57.4 48.2 35.8 32.5 25.6
88.9 79.8 64.4 56.2 47 37.1 29.1 19.9 2.3 -2 -2 -2 -2 -2 -2 -2 -2 -2 -2 -2 -2 -2 -2 -2 9.9 -2 -2 -2 -2 -2 -2 -2 -2 -2 -1.9 -1.7 -1.4 -0.3 -0.7 -0.6 -0.7 -1.1 -2 -2 -2 -2 -2 -1.6 -1.3 -1.4 -1.4 -1.3 -1.4 -1.6 -2 -2 -2 0.9 2 15.6 33.8 59 95.3 126.5 145.1 141.3 132.1 123.5 114.6 106.6 93.3 82.9 73.3 65.5 55.7 49.6 44 34
72.1 63.4 53.1 42.7 28.7 25.1 17.9 6.4 -2 -2 -2 -2 -2 -2 -2 -2 -2 -2 -2 -2 -2 -2 -2 -2 -2 -2 -2 -2 -2 -2 -2 -2 -2 -2 -2 -2 -2 -2 -2 -2 -2 -2 -2 -2 -2 -2 -2 -2 -2 -2 -2 -1.9 -2 -2 -2 -2 2.5 4.4 13.2 24.4 47.3 80.5 113.8 129 137.4 140.4 133.5 127.9 118.2 108.4 98.6 86.8 77.4 72.7 67 63 63 69.9
60.9 53.9 44.3 31.6 16.4 8.3 -2 -2 -2 -2 -2 -2 -2 -2 -2 -2 -2 -2 -2 -2 -2 -2 -2 -2 -2 -2 -2 -2 -2 -2 -2 -2 -2 -2 -2 -2 -2 -2 -2 -2 -2 -2 -2 -2 -2 -2 -2 1.4 3.9 -2 -2 -2 -2 -2 4.2 6.2 11.1 14 22 39.7 68.6 113.8 142.7 148.7 138 130.7 126.2 121.2 113.8 102.1 93.7 86.7 84.2 83.3 81.8 87.7 85.2 72.7
52.5 44.7 33.8 21.1 6.4 -2 -2 -2 -2 -2 -2 -2 -2 -2 -2 -2 -2 -2 -2 -2 -2 -2 -2 -2 -2 -2 -2 -2 -2 -2 -2 -2 -2 -2 -2 -2 -2 -2 -2 -2 -2 -2 -2 -2 1 2.1 4.2 8.9 9 7 6 5.5 7.2 8.8 12.5 13.7 20.3 25.2 35.6 57.4 98.6 136.6 162.4 178.2 177.1 169.7 155.8 137.9 117 103.9 97.5 92.3 94.1 93.4 96.3 99.7 87.4 75.6
35.7 30.2 22.9 6.9 -2 -2 -2 -2 -2 -2 -2 -2 -2 -2 -2 -2 -2 -2 -2 -2 -2 -2 -2 -2 -2 -2 -2 -2 -2 -2 -2 -2 -2 -2 -2 -2 -2 -2 -2 -2 -2 0.2 1 2.3 5.7 11.1 13.4 12.7 10.8 9.2 11.2 16.1 19 20.9 22.3 18.6 24.3 35.9 47.2 75.8 114 144.5 165.4 177.8 180 177.1 166.8 153.2 140.2 130.2 126.1 116.6 102.5 104.4 105.7 100.8 88.1 76.7
28 18.9 15.2 3.5 -2 -2 -2 -2 -2 -2 -2 -2 -2 -2 -2 -2 -2 -2 -2 5.5 2.3 1.4 0.5 -0.4 -0.8 -1.1 -1 -0.8 -0.2 0.4 0.2 -2 -2 -2 -2 -2 0.3 0.5 1 1.8 2.6 2 1.6 5.1 13.9 15.6 13.5 12 12.9 15.9 19.3 26.2 29.3 30.9 30.2 33.9 40.5 44.3 59 84.4 108.7 139.2 158.1 167.3 171.5 172.5 165.3 153.8 145.6 148.9 163.9 158.8 145.4 125.1 109.9 98.7 88.7 76.5
19.1 13.2 8.4 -2 -2 -2 -2 -2 -2 -2 -2 -2 -2 -2 -2 -2 -2 15.6 19.7 13.9 7.5 5 2.5 1.6 0.8 0.4 0.5 0.7 1.3 2.1 10.9 6.6 2.5 2.5 2.3 2.2 3.2 6.6 10.7 14.8 13.9 12.1 14.3 16.9 18 16.3 18.8 20.6 27.8 34.2 40.9 44.3 46.7 43.8 44.2 45.5 54.9 52.7 65.7 85.1 103.2 125.1 143.5 153.4 155 155.4 152.1 147 146.3 165 173.8 168.5 157.9 145.7 125.9 109.4 93.5 78.7
12.7 10.6 2.9 -2 -2 -2 -2 -2 -2 -2 -2 -2 -2 -2 -2 -2 17.4 30.8 30 24.8 22.4 13.8 7.1 2.3 2.3 1.8 2.1 2.3 2 33.6 43.4 37.3 30.1 22.9 27.5 21.5 21.7 27.7 31.7 33 35.9 35.3 38.6 41.5 50.6 59 60.1 61.2 63.1 66.6 65.7 69.5 69.4 94.3 104.5 90.9 69.4 71.7 66.4 81.4 97.1 116.5 133.2 147.3 139.4 138.3 133.4 133.4 146.5 157.1 163 163.1 150 136.4 123.8 109.8 96.5 81.9
-2 -2 -2 -2 -2 -2 -2 -2 -2 -2 -2 -2 -2 -2 -2 13.2 38.3 44.4 41.8 34.6 27.6 19.3 9.6 4.9 3.1 6.6 16.7 24.9 44.2 62 56.2 49.6 50 46.6 48.6 55.9 64.3 69 71.6 67.7 66.6 65.8 67.4 74.7 82.8 88.5 87 83.6 82 86.8 87.1 92.7 107 144.3 162.8 155.1 143 124 104 87.5 84.8 96.9 106 117.1 120.9 118.5 113.6 124.9 131.1 136.4 137.8 140.6 133 122.7 113.2 106.4 98 85.1
-2 -2 -2 -2 -2 -2 -2 -2 -2 -2 -2 -2 0.5 0.9 6.6 29.4 53.4 54.1 50.5 40.9 29.3 22.6 15.5 15.1 20.5 27.2 43.9 53.6 64.5 68.9 68.1 67.6 72.4 75.4 82.9 104 121.7 115.6 110.2 102.2 96.5 89.9 92.3 105.2 108.6 107 102.4 96.2 102.7 105.1 108.1 124.5 147.3 173.5 159 144.3 133.1 122.3 107.9 99.7 103.6 103.7 106.5 110.4 116.9 119.8 125.8 131.5 133.8 134.2 129.6 130.3 124.8 118 110.9 105.3 97.8 88.9
-2 -2 -2 -2 -2 -2 -2 -2 4.7 2.3 1.8 4 3.6 5.4 19.7 45.1 62 58.3 53.6 42.4 26.1 35.1 24.6 33.9 44.5 58.1 66.3 66.4 72.2 78.2 88.2 104.4 120.9 127.7 140.7 154 144.5 142.1 139.6 131.4 123.4 116.3 117.9 120.8 122.1 120.4 114.7 115.6 118.6 122.3 122.9 132.7 143.5 148.8 146.6 139.4 134.7 131.8 123.8 129.6 136.7 140.4 133.9 130.4 136.8 144.8 169.8 172.6 175.2 153.1 140.9 135.6 127.1 119.5 111.4 103.7 98.2 93.1
-2 -2 -2 -2 11.7 14.9 38.6 26.3 20.6 16.5 11 12 10 20.8 39.6 63.7 65 60.1 54.1 39.9 41.3 37.8 44.5 56.7 71.2 75.1 76.2 74.7 84.2 105.2 128.9 143.5 163.6 167.7 160.6 159.1 159.5 156.8 152.2 149.4 145.8 144.4 141.9 140.9 140.1 140.4 143.9 146.6 146.8 145.9 145.7 153 155.3 157.3 152.9 150.6 145.8 142.6 139.3 142.8 147.2 146.8 145.1 147.5 155.4 166.6 185.2 185.5 174.9 159.9 146.1 141.1 133.4 122.4 114.9 107.6 103.9 103.9
-2 -2 -2 36.8 30.5 42.1 57.8 41.2 32.5 26.6 24.4 26.1 20.9 33.9 57.8 71.9 67.5 61.2 50.3 43.1 49.6 54.4 67.8 81.2 85.4 85.1 83.9 88.9 111.1 144.2 171.7 182.3 179.1 175.4 171.1 172.5 173.7 170.5 170.6 169 166 163.6 164.4 161.9 159.3 182.9 191.5 202.1 193 179.2 192.1 184.6 182.9 182.6 176.3 170.7 162.7 159.6 158.3 154.1 156.2 158.2 157.4 163.6 174.7 192.1 191.2 189.8 179.1 167.5 153.7 146.1 140.1 129.2 120.3 114.9 114.3 120.2
-2 -2 43 48 51.2 67.5 69.8 55.6 48.7 42.8 38.8 35.9 32.3 41.8 63.5 73.1 68.5 60.7 50.8 56.4 60.6 84.3 94.5 94.8 94.4 96.1 102.4 116.5 146.2 175.9 197.9 197.1 188.9 184.5 187.3 194.2 189.7 191.8 191.8 187.8 185.3 187.6 206.3 211.6 224.4 227.9 237.6 227.7 222.7 218.8 210.6 204.5 204.1 196.1 194.9 199.9 192.2 186.5 185.1 176.2 171.6 176.7 175.8 174.5 191.7 201.6 198.2 190.8 182.6 174.8 159.5 155.2 146.1 136 133.8 132.3 141.6 153.4
-2 28.3 59.9 62.7 74.2 91.4 79.9 71.1 65.9 55.7 57.7 49.1 44 57.4 72.4 73.6 66.6 59 63.9 67.6 85 109.7 106.9 104.4 106.3 115 130.9 150.4 177.6 206.2 212.5 203.9 199.8 204.3 213 211.6 209.5 215.1 207.4 216.7 226.9 236.4 245.4 253.3 259.1 262.6 250.8 242.6 233 225.1 217.8 217.4 209.9 210.4 215.3 207.5 201.9 197.3 201.6 204.3 208.1 209.8 202.7 196.1 192.3 191.1 196.3 193.7 186 173.8 159.7 163 153.4 152.5 168.6 181.7 202.2 205.1
-2 57.8 73.4 78.1 82.1 86.6 83.1 82.3 72.6 63.5 66.8 57.9 55 67 79.5 76.3 69.1 71.2 75.6 84.1 110.1 120.1 118 115.2 121.4 139.4 155.4 177.5 202.5 226.3 220.7 215.5 218.9 232.1 233.7 231.6 235.8 227.7 238.3 254.5 267.9 274.1 280.7 279.4 273.4 266.3 252.6 247.4 239.8 234.6 229.7 224.1 226.8 229.2 225.3 220.9 218.3 215.5 216.9 224.6 229 235.5 241 239.5 232.1 232.2 223.7 207.7 193.6 177.7 163.4 162.4 168.7 181.2 207.3 234.1 244.2 233.9
20.5 60.9 77.9 76.1 76.4 84.4 88.2 80 69.4 71.3 73.1 68 68.7 74.4 80.6 79.8 71.5 80 88.2 110.3 126.7 131.9 129.9 129.7 135.9 164.1 189.1 219.8 224.3 239.7 233.9 247 276 267.2 259.9 254.2 247.4 262.3 280.2 283.9 293.4 300.5 291.1 287.3 282.2 274.2 265.7 256.4 249.4 249.1 243.2 241.9 250.6 258.3 259.6 254.3 247.2 252.7 247.3 233.8 234.2 240.5 249.2 257.5 262.6 262.9 235.6 216 203.4 190 172.7 165.7 179.8 204.2 226.2 239.1 249.2 240.6
-2 39.8 58.2 63.3 69.9 79.7 82.2 78.8 77.9 79 80.9 76.2 81.6 78.7 83.5 83.7 81.4 89.5 111.2 139 144.9 147.8 147.2 154.3 184.7 219.7 246.4 254.1 253.5 248.8 262.5 298.3 293.9 283.1 276.4 266 277.6 305.8 304.8 318.2 317.2 311.4 306.2 299 288 277.6 271.5 267.7 265.8 259.6 257.1 261.8 270.7 278.4 276.9 271.3 268.7 266.9 260.5 257.5 255.2 251.2 247.1 256.3 259.4 252.8 239.4 223.5 210.5 198 189.8 173 181 198 220.1 236.3 238.9 233.9
-2 12.5 29.3 42.1 57.8 88.4 88.5 86.4 86.5 90.8 91.9 88.4 87 84.9 89.8 91.1 94.5 113.9 144.7 157.7 167.9 180.1 182.2 202.1 237.1 261.3 275.4 272.2 265.9 274.4 310.5 312.8 305.1 297 287.2 286.5 308.6 330.2 329.5 347.1 337.7 329.6 321.3 308.2 295.5 289 285.7 277.9 270.6 270.5 275.5 274.1 284.1 290 290.5 287.4 284.9 276.4 270.9 267 269.2 264.2 260.3 258.3 252.7 244.5 234 225 213.4 205.9 193.1 188.7 203.6 213.4 225.3 226.7 228.2 223.2
-2 5.8 29.5 57.2 66.8 89.4 95 93.6 96.6 100.6 93.7 95.2 93.4 94.7 98.6 99.7 113 152.4 165.6 182.6 211 218 215.9 231.3 262.1 289.8 288.5 280 287.2 311.5 332.8 327 315.7 312.1 309.1 321.2 346.4 348.2 373.8 365.4 353.3 342.2 331 317.9 305.5 297.5 294.1 286.1 285.2 289.7 300 318.9 335.4 331.1 330.1 336.6 327.1 324 314.8 304.9 297.8 288.8 278.3 265.6 251.9 239.9 230 224 218.7 211.2 199 209.2 230.7 248.6 251.7 241.1 227.4 214.7
-2 6.2 35.7 63 71.6 101.9 99.4 101.2 105.4 104.5 101.1 100.8 99.2 104.1 108.5 110.2 141.9 167.6 190.3 232.1 247.7 241.6 237.1 263.2 287.8 302.9 299 300.5 326.6 362.1 358.8 340.5 330.6 331.3 327.9 353.6 365.4 380.2 384 374.9 361 349.5 337.2 324.4 316.8 311.1 305.7 298.2 296.9 306.1 332.2 352.9 359.4 356.1 358.8 363.8 358.4 351.4 342.8 334.8 322.6 307.1 298.3 276.8 257.4 243.1 229.8 220 214.4 209.8 204.7 224 244.6 255.3 259 255.6 244.7 231.4
-2 7.7 38.5 64.5 77.9 97.1 99.8 103.6 108.9 111.6 107.9 106.9 109.4 117.2 121.9 124.5 154.5 185.2 218.3 264.6 262.5 257.1 267 291.2 310.9 318.3 312.9 325.6 358.6 373.2 363.1 348.2 342 342.4 349.4 373.7 380.3 405.8 392.3 379.5 366.6 352.9 340.6 328.1 322.5 315 309.8 309.9 307.9 323.8 335.6 344.4 353 355.3 352.8 350.5 351.8 351 345.4 337.9 320.5 309.7 293.3 272 256.8 244.5 234.1 223.3 214.9 210.5 210.7 226.1 243.3 256.2 266.8 271.1 263.5 253
-2 8.2 25.8 54.4 62.7 73.2 86.2 101.7 112.3 116.3 114.3 114.5 119.9 126.5 128.8 135.6 169 206.6 249.3 265.7 269.8 284.4 306.9 320.1 326.8 327.7 321.6 343.5 361.4 365.2 362.2 353.7 353.6 351.3 361.4 376.8 408.9 407 391.1 376.9 365.1 353.3 338.2 326.8 320.4 313.5 308.4 313.9 322.5 333.1 336.5 340.4 343.2 347.9 351.7 357.4 349.3 343.4 333.2 322.3 313.5 304.2 291 273.7 259.4 248.2 238 227.2 220.6 217.1 221.1 234.6 247.5 257 264.1 263.5 256.4 252.7
-2 -2 15.6 32.6 46.7 71.5 96.3 112.1 118.6 120.4 121.3 124.9 130.4 134.6 139.7 151 182.6 217.2 252.7 266.2 274.2 293.8 310.2 317.4 321 327.8 334.6 342.3 357.9 362.2 351.2 353.6 358.7 353.2 349.7 378.1 393.8 389.3 379.2 366.1 356.8 341.6 330.8 324.9 316.2 313.5 308.4 313.1 329.8 333.5 336.8 340.8 342.3 357.9 371.1 367.7 357.1 357.6 348 336.7 325.7 309.7 294.4 278.6 263.9 252.4 240.3 228.1 229.7 226.5 235.8 245.2 253.1 255.3 259.4 256.3 252.2 243.2
-2 -2 8.3 28.9 51.7 77.9 94.1 110.8 118.3 126.5 129.3 136.7 141.4 145.3 154.1 170.4 203.8 227.5 250.7 260.6 268.3 283.4 295.4 302.2 316.5 334.8 334.3 335 344.3 345.3 341.1 351.7 354.6 346.4 352.1 377.6 387.2 377.2 364.3 354 348.2 336.3 325.9 318.6 314.9 316.8 308.4 310 331.3 338.1 339.1 347.7 364.5 376.2 376.1 371.6 363.8 353.7 341.1 331.5 321.4 304.6 289.5 277.7 266.8 255.7 243.4 242.2 240.5 237.7 245.7 249.2 252.2 252.8 251.1 247.9 241.1 236.3
-2 -2 10.6 40.3 53.1 74.6 98 114.8 126.8 134.5 144.6 149.4 153.5 155.1 170.6 196 232.3 244.7 264.6 260.7 261.9 273.6 283.5 289.8 305.1 321.7 324.7 329.7 333.4 329 333.2 344.6 337.9 341.4 349.1 364.9 362.4 356.5 346.7 346.1 340.2 327.5 315.8 312.5 316.3 315.9 308.4 308.4 308.4 322 333.5 350 364.6 363.8 369.3 369.1 352.1 343.5 333.4 323.1 314.1 300.6 288.2 278 268 258.6 250 250 249.4 252.5 259.7 262.4 265.3 267.9 267 259.2 252.9 238.8
-2 -2 14.4 41 53.1 82.3 109.9 129.3 140.9 150.1 159.6 162.1 163 169.8 188.4 218 250.9 263.4 262.4 261.5 263.5 274.8 279.9 283.2 286.9 293.5 301.4 306.7 310.5 314.7 320.3 322.5 323.8 329.1 330.3 333.7 342.6 345.6 340.6 331.9 322.1 314.7 308.4 308.4 308.4 308.4 308.4 308.4 308.4 319.5 334.8 341.6 353.6 361.5 366.3 361.2 350 348.4 337.6 327.4 324 311.1 304.3 287.9 276.2 263.6 261.5 264.9 265.5 276.4 286.7 293.5 289.3 285.3 279.5 278.6 274.6 253.4
-2 -2 23.7 35.8 48.4 77.9 121.9 145 156.1 166.3 170.9 172.3 173.4 182.1 211.1 255 263.5 265.3 262.7 262.3 270.7 283.2 277 281.1 285.1 287.6 288.8 291.3 299.2 310.6 320.7 321.1 321.4 335.4 338.3 335 352.1 353.2 342.7 329 318.9 308.5 308.4 308.4 309.1 311.2 311 308.4 308.4 335.6 359.8 363.3 373 375.8 377.4 370.9 367.4 357.1 346 338.1 330 314.5 305 294.8 282.3 277.2 278 278.7 283.5 305.2 320.1 322.4 308.8 296.4 285.8 280.4 270.3 254.5
-2 -2 24.5 28.8 46.4 79.8 126.4 156.8 170.2 177.1 180.9 183.3 186 193.6 240.7 274.2 267.3 264.5 263.3 263.1 266.3 274.5 279.5 300.3 304.2 299.6 290.5 296.9 306.5 318.9 331.4 327.7 332.4 341.4 339.8 333.3 339.8 346.1 340.7 340.4 325.9 309.3 308.4 311.3 328.8 321.4 313.5 308.4 324.4 361.8 368.4 377.9 386.4 390.5 387.5 381.9 374.6 362.7 351.3 342.5 327.6 318.2 311.7 297.9 290.5 292.9 293.7 292.9 300.4 322.4 332.9 331.6 319 304.1 288.5 273.7 263 248.7
-2 -2 18.3 28.1 48.8 78.9 116.8 158.1 177.3 187 190.4 189.7 193.5 203.1 228.5 253.1 265.3 264.7 264 263.5 268.6 282.7 292.8 317.2 325.2 322.9 322.2 323.5 316 318.5 326.9 325.8 327.5 329.2 331.3 327.5 334.8 351.5 346.3 339.6 323.9 313.5 313.2 329.1 328.5 319.2 319.5 325.9 342.2 360.7 376.6 390.6 391.9 396.6 391.7 385.7 377.2 364.7 351.9 338.5 327 319.1 308.9 299.1 298.6 301.4 298.7 300.6 309.3 326.7 329.2 322.7 313.1 301.4 285.7 273 260.1 244.3
-2 -2 15.2 32 49 75.7 110.6 149.8 183.1 198.2 197.4 197 200.9 217.1 248.6 269.8 270.7 269 266.6 267.1 288.9 298.1 323.8 347.2 349.8 349.1 341.6 339 325.9 323.1 327.7 330.6 327.5 327.5 327.5 333.6 353.6 357.3 348.8 337.3 324.2 319.2 330.9 337.1 325.2 325.8 330.3 339.3 342.2 362.6 394.7 399.1 397.2 394.4 393.9 383.4 370 359.3 346.1 334 324.4 321 306.2 305.9 305.3 305.3 303.9 309.2 324 337.2 331.8 322 314.1 304.2 293 279.6 260.4 241.5
-2 5.1 18.2 34.6 59.5 88.6 119.1 152.8 189.5 202.5 202.3 203.1 204.2 222.8 264.4 276.3 271.1 276.9 284.1 292.9 306.2 323.6 349.3 356.6 357.1 361.9 353.3 343.1 335.5 332.8 329.6 332.3 333.3 333.1 333.3 349.5 360.7 364.7 354.4 340.1 331.6 330.4 344.6 337.7 336.6 335.5 343.3 344.7 350.1 365.3 384.9 388.6 385.3 386.9 386.3 386.8 375.5 364 351.3 337.6 326.4 311.9 311.2 306.7 303.2 308.2 311.8 324.7 340.1 333.3 326.1 315.1 309.8 302.5 292 277.5 256.4 236.1
-2 14.5 29.4 45.9 63.6 95 132.3 164.8 187.6 199.6 203.7 204.3 207 225.3 268.8 271.8 270.5 284.5 299.1 304.4 296.8 325.9 340 346.6 354.8 355.9 355 348.4 343.4 338.6 338.2 336.9 341.2 336.5 344 348.1 361.5 364.2 356.8 347.5 347 345.5 344.4 341 340.8 342.9 338.9 347.1 348.5 353.4 356.5 372 380.1 382.7 399.6 390.6 375.1 366.6 347.5 333.4 321.7 317.3 309.4 299.2 301.6 304.2 312.8 339.4 329.6 322.4 315.5 310.3 307.7 297.2 281.2 266.3 247.1 229
-2 32.5 45.9 62.9 76.4 91.7 112 142.8 175.8 195.3 201.5 204.1 207.6 226.5 260.5 268.5 274.1 284 291 290.2 300.6 318.7 335.5 345.9 352.6 357.3 351.2 353 347.1 336.9 343.5 345 347.3 347.4 353.1 361.1 363.9 362.6 351.9 357.2 351.1 339.5 334.9 338 330.5 334.7 348.3 344.9 340.3 350.3 368.5 380 383.2 391.6 392.6 377.6 363.7 354.8 338.3 330.3 326.6 307.7 297.2 296.4 293.6 287.5 310.6 320.2 317.8 315.7 311.5 305.3 300 294 281.7 264.4 245.3 227.3
