data/190000-860000.asc
ncols 200
nrows 200
xllcorner 190000
yllcorner 860000
cellsize 50
[rows 105 to 139 of 200, columns 0 to 77 of 200]
540.2 570.1 598.5 625.3 659.3 692.8 727.4 764.8 800.1 835.1 831.3 802.9 771.7 733 689.5 633 595.2 565.4 523.7 488 455.3 425.4 398.9 376.6 355.3 336.7 322.9 303.9 292.8 282.6 275.1 271.3 266.6 263.5 261.4 263 260.8 259.5 258.3 260.5 260.8 263 264.6 265.7 267.4 268.5 269.4 272.7 277.9 286.6 296.9 313.9 330.3 344.1 363.5 396.1 429.5 470.4 514.8 542.9 572.7 575.6 574.7 574.3 579.4 580.2 580.3 590.3 592 589.7 584.9 590.6 590.1 594.7 594.7 606.3 607.8 591.6
533.3 564.8 592.4 623.6 651.3 687 720.7 758.9 796.1 834.2 848.2 810.6 773.8 727.5 689.8 662.3 621.4 569.5 525 488.3 455.1 426.3 399.6 375 355.7 336.7 317.3 301.3 289 279 274.3 270 265.8 263.1 265 265.8 263.1 261.1 259.6 262.2 263.8 265.9 268.1 268 267.9 269.3 270.8 274 279.1 286.4 296 313.9 330.8 345.8 372.2 402.3 439.6 479.5 525 565.5 592.4 596.1 589.5 586.2 593.5 591.3 586.5 590.8 594.8 590.3 588.7 593.4 596.2 606 607.6 614.3 609.2 594.2
525.5 557.8 585.1 618 645.6 681 717.4 755.9 794.9 834.7 846.2 804.2 766.7 720.9 687 651.6 620 564 522.7 487 453.9 424.4 395.1 370.6 350 332.4 313.8 300 287.7 278.2 274 267.4 263.9 263.9 265.1 264.8 264.6 263.7 261.9 264.4 266.2 266.3 267.4 269.2 270.7 271.7 273.5 276.7 282.2 288.1 300.1 315.5 332.2 353.6 378.6 409.5 443.8 490.5 540 592.5 614.8 611.3 603.2 600.6 602.5 602.7 598 593.5 595.4 590.8 588.6 599.5 603.3 607.7 612.8 617.7 607.8 597
515.6 549.1 582.2 613.3 640.5 676.2 712 755.2 792.2 833 834.1 797.6 758.4 715.3 680.8 642.4 596.3 551.9 517.4 484.3 453.4 423.2 394.2 370.4 347.8 329.4 313.9 301.8 288.1 280.4 274.2 265.4 264 266.1 267.8 268.5 265.6 265.5 263.8 265 265.6 266.4 268.1 270.5 271 274.5 277.8 282.7 286.3 292.3 306.4 318.3 332.6 357.9 383.6 417.1 455.5 503.1 570.3 612.1 636.5 646.4 639.8 627.2 614.9 613.2 608.6 603.7 598.3 603.4 600.5 601.7 604 613.7 613.9 614.4 609.1 597.8
505.8 539.3 575.6 607.9 635.8 669.8 707.2 750.6 788.5 825.3 824.2 787.6 747.9 708.2 671.3 635.9 595.1 545 509.6 477.7 449.5 420.5 392.7 366.7 346.6 327.8 312.1 298.2 286 276 268.8 266.2 265.6 266.5 269.1 269.7 265.6 264.5 262.5 265.3 266.3 266.2 267.1 268.4 270.1 274.9 280.1 284.5 290.1 296.6 309.8 321.7 337 362 388.5 423.5 465.8 512.3 591.6 625.3 650.7 660.2 653.6 643.3 640.7 633.3 619.1 616.5 610.7 610.8 603 610.7 615.6 616.8 618.1 614.2 614.9 598.4
497.1 527.6 567.6 599 629.9 665.5 703.4 741.6 782 806.5 806 773 737.5 700.2 662.6 627.9 591.3 549.1 507.1 473.6 445.4 416.9 388.5 363.2 342.5 324.5 310.1 295.6 283.2 274.6 269.9 267.7 266.9 268.7 268.8 268.2 267.6 265.4 264.7 265.5 265.5 266.3 267.4 269.6 271.3 276.2 282 286.3 294.1 301.9 314.1 327 344.7 368.7 392.6 427.1 474.5 528 597.8 631.4 654.8 661.6 657.7 655.2 655.7 649 640.5 635.2 623.3 616.1 610.8 618.7 620.9 626.7 625.3 616.8 613.3 599.3
489.9 516.1 552.1 590.8 624.1 656.7 695.4 729.7 770 794.6 792.3 758 720.2 684.1 647.8 614.4 578.8 536.2 499.2 468.1 440.6 415.3 387 363 342.7 327.7 309.4 292.8 282.9 276.8 272.3 268.5 268.4 268.8 268.4 268 267.5 268.5 265.2 264.5 265.4 266.5 268.3 273.1 275.2 279.6 286.3 290.4 298.3 307.8 318.9 331.2 349.3 371.2 398.4 437.2 497.1 545.2 590.8 621.7 649.7 655.3 657.4 662.2 665.7 666.2 657 646.6 635.9 623 619.9 627.3 633.2 633.1 627.8 618.9 609.4 601.9
481.4 506 539.4 582.1 617.1 649.2 686.5 722.1 755.7 778.3 775.5 742.7 706.2 669.8 632.3 595.6 560.7 526.4 493.7 465.2 438.8 412.5 383.5 361.5 341.9 325.9 307.3 293.9 284.9 277.9 272.3 269.4 267.8 266.1 267.9 269 270.7 270.3 265 266.4 265.6 267 268.6 272.8 277.5 284.6 286.6 291.7 299.6 311.2 321.7 337 356.6 376.1 403.1 445.1 496.4 540.9 561.9 601.9 629.8 648.1 652.1 659.9 666.2 666.5 667.1 662.6 649.7 636.6 630.6 633.9 640.2 633.7 629.6 616.6 607.7 604.9
471.8 493.4 524.1 567.7 610.1 640 675 711 745.3 762.4 759.5 724.8 690 650.9 618.7 585.8 554.6 522.9 491.1 466 437.7 407.7 381.2 358.4 342.1 320.9 305.2 295.6 287.7 280.7 273.8 269.3 267.8 266.5 266.1 269.7 271.6 271.4 267.5 270 268 268.9 272.5 275.3 282.3 286.2 288.8 293.3 302.1 312.2 324.3 342.3 361.8 381.9 409.9 441.1 477.7 517.4 560.5 595.8 631.1 647.3 651.8 655.8 663.2 666 668.2 669.2 665.5 658.9 645.3 636 641.5 637.1 627.9 613.1 609.2 607
466 489.4 514.1 553.6 602.7 632.3 666.6 706.4 737.5 753.1 739.2 705.6 670.7 642 610.7 575.3 546.5 517.7 490.4 469.4 439.2 405.5 378.1 354.4 335 319.5 304.2 296.2 289 281.6 276.5 271.8 268.8 267.7 268.5 268.8 267.9 269.1 267.9 268.6 272.5 273.3 275.9 279.3 284.3 288.9 290.7 297.1 302.7 314.6 324.3 340.7 362.8 384.9 414.2 452.4 500.8 544.3 578.7 616.1 641.5 651.9 655.1 654.4 657.5 663.5 670.1 668.6 667.2 666.1 660.9 652.1 644.3 638.4 626.6 611.9 611.2 608.8
462.9 485.3 506 543.2 590.6 618.1 654.2 696.3 723.7 737 713.4 685.2 653.3 627.3 596.9 569.4 539 515.9 491.7 468.8 438.9 404.7 379.1 354.3 336.2 320.2 307.5 298.8 291.3 283.2 275.1 273.2 273.9 271.8 273.4 270.5 270.2 270.8 272.3 269.2 273.1 275.7 279.8 281.3 284.6 290.3 293.3 298.1 306.8 316.9 329.8 346.5 362.8 385.3 416.5 459.4 504.5 556.3 593.5 622.7 641.8 653.1 655.3 658.2 660.1 662.6 670 674.1 674.3 675.2 668.8 662.5 648.3 637.8 622.9 614.7 614.6 611.8
459.4 479.8 501.4 534.6 574.3 606.2 642.2 686 702.7 710.5 688.4 656.1 629.6 610 582.4 562.5 532.2 513 490.4 468.9 437 400.5 375.4 354 335.6 320.8 308.9 300.1 292.3 286.1 274.5 272.6 274.4 271.5 272.7 271.3 270.4 271 272.7 269.9 276.9 279.8 280.4 281.9 286.2 291.8 297 303.4 309.3 320.2 331.1 347.6 367.7 389.8 423.4 465.9 511.3 555.8 599 625.3 635.2 646.8 653.9 657.6 665.4 673.7 674.2 677.4 677.7 678.4 672.7 665.3 652.1 638.2 622.7 617.6 619.9 612.1
451.7 475.1 499.2 521.1 561.3 586.9 624.8 670.3 683.7 686.4 658.7 635 610 588.2 568.7 549.8 521.5 502.3 482.1 460.4 429.3 403.7 377.1 353.8 335.3 321.2 311.6 302.4 293.6 283.4 276.6 273.8 272.4 271.1 270.8 271.2 272.3 274.3 270.5 272.3 278.4 281.5 282.8 284.7 289.8 295 298.9 304.6 312.9 324.3 334.3 348 367.6 394 425.2 468.5 514.9 562.5 597.8 628.9 646.5 646.9 648.3 661.6 678.4 681.2 688.2 683.4 683.7 681.9 673.9 662.3 648.3 638.2 627.3 621.6 620.5 607.6
446.5 468.4 488.3 510.3 534.6 565.9 589.4 644.2 663.3 649.8 629.4 608.2 581 569.1 551.5 527 508.6 489.3 471.9 450 425.8 399.8 375 355.1 334.9 323.3 311.3 300.6 291.6 284.8 278.6 275.5 273.5 271.3 271.6 274.5 276.1 271.5 273.4 275.2 278.5 282.7 283.9 286.3 291.2 295.7 300.1 306.7 315.3 325.4 338.1 350.4 367.5 396.3 428.9 470.1 512.9 562.6 601.2 634.1 653.4 660.3 661.2 675.9 680.6 688.2 689.7 686.2 685.2 680.8 670.5 656.9 647.7 637.8 627.1 621.8 615.9 609
436.3 454.7 476.7 498.7 516 537.9 562 596.3 620.1 611.7 596.9 577 555 544.2 528.5 509.6 493.6 477.7 459.5 440 418.5 394.8 374.5 355.8 337 325.5 313.3 302.6 289.3 284 277.7 274 272.7 271.4 272.4 276.1 278.1 273.6 274.7 276.4 279.6 282.6 286.6 288.2 291.2 296.6 300.2 306.3 318.2 327.3 336.5 354.5 374 399.4 430.6 473.4 518.5 559.4 599.8 641.5 659.9 675.9 679.3 678.4 680.1 687.3 690.3 687.5 684.2 677.2 664.4 655.3 648 638.1 628.1 622.2 613.8 611.1
431.4 448.4 458.8 476.8 500 520.5 539.4 565.6 575.7 574.1 562.8 543.4 533 520.2 506.8 497.3 479.8 465.5 448.8 431.6 412.2 388.3 373.2 354.5 337.9 326.2 317.6 305.8 290.5 282 277.1 274.1 272.6 272.1 273.8 277.3 279.8 278.5 274.3 278.8 280.3 283.3 288.2 289.3 291.6 295.8 300.2 306.3 320.8 326.9 339.2 356.1 377.1 401.7 433.4 474.1 515.2 557.5 601.9 639.7 668.3 690 690 686.2 679.9 686.4 690.4 688.1 686.2 672.9 658.9 653.1 650.7 639.5 630.5 625.5 617.8 612.6
416.1 435.3 447.5 461.2 489.9 503.6 514.5 531.3 537.6 539.5 531.4 512.4 510.1 496.3 491.9 480.8 468.6 455.5 441.8 422.8 404.6 383.1 371.8 356.3 339.8 327.5 323.3 313 298.3 288.1 279.8 276.1 275.7 273.1 277.2 281.8 281.3 282.9 280.1 277.1 280.5 282.4 289.6 289.7 292.4 296.2 300.4 307.2 319.4 327.1 339 359.1 379 401.2 435.2 474.7 513.2 552 599.7 636.8 672.1 698.6 701.1 700 697.5 693.5 690.5 689.8 681.9 669.6 662 654.7 651.7 640.9 635.3 625.5 620.4 611
404.9 417.9 432.2 449.6 470.7 480.3 488.8 500.4 515.3 514.4 502 488 487.6 486 479.8 469.2 457.5 442.4 430.1 416.3 402.1 383.1 371.7 355.3 341.2 329.6 325.2 316.3 308 296.9 287.3 283.4 278.2 274.5 278.2 279.5 278.7 284.9 281 278.6 279.6 283.6 286.6 289.8 292.9 297.4 303.6 310.6 319.1 328.5 342.2 362.4 379.8 403.2 439.1 476 513.3 554.8 600.2 647.6 680.4 706.5 710.6 710.1 709.4 706.7 697.7 692.5 681.2 671 668.7 662.7 653.8 641 634.1 625.5 615.5 607.9
403.3 408.5 415.1 427.1 441.5 449 464 480.2 486.9 486 474 475.8 476 471.9 467.3 459.8 443.5 434.2 423.8 409.1 394.5 383.3 369.5 354 337.5 331.9 331.2 323.7 315.9 306 299.9 290.5 284.2 278.6 280.8 280.4 279.2 284.7 279.9 279.7 281.2 285.2 287.8 292.1 295.6 300.6 304.9 314.8 320.6 331.9 347.3 363.6 380.2 402.4 435.7 475.1 511.1 551.5 595.6 649.8 700.3 720.3 719.5 716.6 713 709.6 702 691.8 680.7 679 675.3 665.5 653 640.6 631.3 626.3 613.6 608.1
403.1 405 407.3 410 414.4 426.7 441.1 458.3 467 461.4 457.3 466.4 461.5 456.6 453.6 443.8 432.6 426.6 417.7 401.7 392.4 378.5 365.9 352.6 340.5 335.8 334.8 334.3 324.5 314.9 313 301.7 291.5 284.2 283.5 284.3 282.9 282.4 281.4 281.3 284.3 286.2 288.5 293.6 299.1 302.7 307.5 317.5 324.6 334 351.2 364.5 379.4 401.2 434.7 472.1 506.6 553.8 596.6 640 695.7 724.9 724.9 720.3 716.1 712.3 702.9 690.1 685.3 683.3 676.9 663.9 651.2 639.5 633 625.9 615.6 608.8
402.9 406.3 405.5 408.8 411.1 413.5 419.7 430.4 436.8 442.4 454.7 455.8 452.1 448.9 440.5 434.4 425.3 416.6 405.7 395.2 385.2 370.1 360.1 349.4 342.1 337.8 337.4 336.5 334.1 324.2 320.4 312 294.5 285.5 285.2 285.1 286 283.2 280.9 281.5 285.7 286 288.7 294.3 300.7 306 310.6 321.3 328.3 337.3 351.2 362.9 377.6 400.6 429.3 462.4 505.4 553.4 594.8 639.1 695.7 719.2 723 723.5 716.9 709 699.3 687.4 683.9 682.4 674.3 661.2 652.8 642.7 638.6 628.1 619.6 612.2
401.9 409.7 403.7 402.7 405.8 407.3 406.9 408.3 419 425.7 453.7 452.2 449.2 442.5 438.8 432.6 423.4 409.3 399.2 389.3 379.8 366.2 360.2 351.2 342.2 340 342.7 343.6 340.5 329.5 321.9 309.9 300.6 289.2 284.2 285 287.7 287.8 281.8 285.5 286.9 288.2 291.1 294.4 300.1 307.6 315.9 320.7 329.8 339.1 351 363.2 376 397.1 423.9 456.7 502.5 540.4 591.8 638.8 685.3 710.4 717.5 719.3 712.6 703.4 695.7 685 683.5 678.4 673.7 662 652.9 642.9 638.7 630.7 620.8 614.1
400.5 406 405.2 401.8 401.8 404.7 404.2 406.1 413.6 424.6 431.9 444.7 440.6 437.1 433 423.2 415.9 405.2 395.3 384.1 373.3 365.7 356.2 347.3 343.4 345 343.6 345.4 343.3 330.3 320.7 314.2 305 298.2 289.5 286.6 288.8 290.1 286.9 283.4 289.9 291.7 291.5 293.4 299.5 307.8 316.8 321.3 328.4 339.2 349.8 363.1 374.8 393 416.1 459.5 497.4 535.5 582.4 622.1 658.8 694 702.3 709.5 705.5 701.3 695.9 684.6 682.1 675.4 670 657.1 648 641.5 638.4 633.6 627.2 615
405.1 401.8 406.8 403.7 401.8 401.8 401.8 401.8 417 420.4 426.6 427.6 436.7 432.3 425 418.2 405.5 396.8 387.1 378 367.2 364.4 360.8 350.4 346.8 344.4 342.4 342.5 339.5 335 326.9 326 317.2 306.1 296.7 288 292 290.2 288.5 285.4 287.7 289.9 292.2 293.3 297.7 309.2 315.2 322.1 328.5 335.4 345.9 360.3 372.1 388.8 412.5 441.4 488.3 525.3 569.5 608.7 642.3 666 689.3 696.5 696.3 693.3 687.1 679.5 671.5 667.8 659.8 650.2 642.9 640.8 638.6 637 630.8 612
415.6 408.1 404.3 401.8 403.8 401.8 401.8 402.1 412 411.3 415.6 420.3 426.4 426.9 418.7 407.5 399.2 388.7 381.6 379.4 369.4 362.8 357.5 349.9 345.5 342.5 340.6 339 336.5 335.6 333.6 328.9 328.7 317.6 297.9 291.6 290 289 288 287.2 286.6 289.1 292.7 294 299.9 308.5 314.5 322.4 327.2 330.4 344.2 356 369.6 383.2 408.9 437.2 468.2 516 557.7 593 616.9 639.7 659.7 675.5 681.2 680.8 679.4 671.2 662.8 657.9 645.4 638.4 638.9 637.2 637.3 633 609.6 579.5
430.7 420.1 411.2 405 402.9 401.8 401.8 404.2 401.8 401.8 409.7 416 419.1 421.8 418.8 405 394.5 387.6 382.1 376.7 368.5 361.4 353.1 348.7 342.2 338.2 336.9 333 332 334 333.8 336.5 333.1 314.8 301.5 296.4 292.5 291 288.3 289.8 288.4 288.9 292.2 295.8 302.5 308.2 313.2 320.2 326.8 328.8 341.4 352.8 365.9 384.8 399.3 433.3 464.2 496.3 543.6 576.9 598.8 615.7 635 651.3 653.5 653.4 665 658.2 653.8 644.9 633.4 632.3 633.4 630.4 630.1 607.3 574.1 547.3
437 415.6 408.2 404.7 403.3 406 401.8 401.8 401.8 404.2 412 415.9 420 422.6 416 406.4 394.5 387.1 378 371.8 363.4 359.5 353.5 347.7 341.9 334.6 329.6 324.1 326.2 331.3 333.8 337.1 326.1 315.1 303.2 296.3 293.7 293.6 294.6 291.4 291.4 291.2 293.3 295.4 301.1 307.2 314.8 320.4 326.7 328.4 337.1 351.7 361.2 383.3 401.1 421.5 457.6 484.9 513.2 556.7 582.3 599.6 612.6 621.5 622.3 625.7 640.2 645.8 637.6 626.8 618.8 617 619.3 616.5 601.5 573.9 540.9 510.9
425.3 416.6 412.1 409 406.5 404.9 401.8 401.8 402 413.9 417.3 423 426.2 421.3 416.4 405 391.9 385.6 376.4 366.7 362.8 359.6 356 347.1 341.4 340.2 338.3 322.4 323.8 332.2 336.7 328.8 318.2 307.5 303.1 302.7 298.2 297.1 297.5 294.6 296.1 296 295.8 297.8 300.2 307.2 316 320.7 324.5 325.5 332.1 346.4 357 381.1 397.1 412.7 441 469.4 501.2 530.9 558.9 577.7 590.3 601.4 601.4 603.3 613.9 617 610.3 600.8 596.8 595.3 595.2 582.7 559.6 532.7 499.6 480.1
426.6 420.2 414.5 409 407.3 405.2 409.2 408.3 414.4 422.9 424.3 427.2 424.9 419.5 412.9 401.2 390.2 382.3 373.9 367 361.1 356.1 349.7 344.8 341.9 343.7 339.2 324.6 322.1 322.8 320.8 321.5 311.3 312.1 312.8 306.9 307.4 300.4 297.8 297.8 296.2 297.8 299.3 299.8 300.9 306.6 314 319.5 321.4 321.7 327.3 340.3 353.8 371.3 392.9 414.2 430.7 452.9 489.6 499.3 532.8 553.2 567.3 576.4 584 582.8 592 595.4 587 581 559 562.7 556 549.6 520.3 492 466.8 444.3
428.5 424.4 417.2 412.4 412.4 410.7 418.7 421.3 422.5 427.9 432.2 426.4 423.2 418.5 413.4 402.4 391.2 381.9 378.6 368.3 362.5 355.9 348.3 343.5 344.4 342.4 339 323 321.4 322.5 323.8 312.7 309.7 311.1 323 315.5 308.5 299.2 299 297.4 294.4 296.6 299.8 300.2 301.1 308.2 313.8 318.3 319.5 320.1 323.9 332.3 347.8 360.3 384 406.1 424.9 457.7 472.5 485.6 508.4 520.6 541.7 553.1 553.8 564.5 568 565.4 562.6 563.8 526.6 527.3 518.8 501.5 485.6 462.9 430.4 411.6
439 431.9 421.9 416.5 414.6 421.7 424.6 427 434.2 436.7 432.9 427 420.8 416.7 409.8 401.6 391 385.2 380.6 367.8 361.3 356.1 348 347.5 345.4 342.7 340.1 327.8 321.4 321.4 326.9 318.1 313.6 314.1 319 321.3 314.6 308.5 301.3 297.3 296.9 295.2 295 295.5 298.1 309 314.5 317.7 319.1 320 323.3 328.6 344.6 355.4 372.5 399.9 428.2 447.2 473.7 481.3 484.9 496 519 525.5 527.3 532.9 538.5 540.8 535.5 527.7 503.1 487.3 478.9 472 456.4 423.9 401.1 387.8
440.6 432.3 426.3 424 426.2 426.9 431.3 436.3 440.6 435.8 429 423.8 421.3 416.4 409.4 400.9 395.3 391.3 382 368.3 366.5 360.1 355.1 352.3 348.3 339.8 340.5 330 321.5 325.3 325.3 323.5 316.4 311.2 315.2 316.4 312.6 310.2 300.1 299.6 301 302.5 299.1 299 300.6 314.4 316 317.6 320 321.8 324.6 327.9 335.4 347.2 367.4 406.2 430 439.9 469.8 478 480.7 482.5 489.1 504.3 501.3 507.4 510.5 507.6 508.8 500.7 469.4 448.9 448.8 437.3 414.6 396.2 377.7 360.5
442.8 438.2 434.8 431.8 433.1 432.7 435.8 436.2 435.4 431.4 426.3 424.3 421.7 413.3 409.3 403.4 397.8 392.4 383.4 375.7 368.7 363.3 359.8 356 349.2 345.3 337 329.7 320.2 318.6 317.6 320 320.5 322.6 310.4 307.7 306.6 305.5 301.9 300.4 303.7 306.2 302.4 304.2 304.5 308.6 312 314 317.7 320.3 323.6 328.2 331.9 345.8 364 418 441 442.7 463.2 471.8 475.4 475 480.8 486.4 486.3 489.8 486.7 482 474.6 463.5 441.6 425.5 417.1 402.4 388.9 366.9 350.5 342.3
442.8 439.5 438.5 435 436.9 440.4 437.3 434.8 432.4 427.3 424 422.6 419.2 416.8 411.6 404.3 399.7 390.8 380.9 374.7 370.4 366.1 362.7 356.5 351.3 345 342.4 333.6 326.5 320.3 318.8 316.8 319.8 320.5 317.3 311.3 305.9 309.2 305.4 303.1 303.6 307.6 309.4 309.9 311.2 310.5 313.6 317.4 317.6 319.5 324 330.3 333.5 343.3 368.9 411.7 431.6 446.5 452.2 464.1 469.8 464.8 468.8 467.6 474.7 476.1 470.7 465.8 451.2 441.3 421.1 409.1 395.2 384.8 366.6 347.8 340.5 334.2
452.5 445.6 441.5 439.6 439.6 443.4 436.2 429.2 424.2 423.7 422.9 421.6 419.4 414.9 413.2 404 395.7 388.7 381.2 377.7 374.2 371.7 362 357.3 355.6 348 339.7 334.2 328.2 322 321.7 320.2 314.1 315.9 310.6 320.4 318.2 311.4 311.2 309.6 307.6 310.9 313.1 311.6 312.7 312.1 314.6 315.9 318.2 319.7 326.2 330.6 336.2 347.4 368 393.4 431.5 447.9 449.9 455.4 457.5 453.8 453.8 453 452.5 453.8 450 443.1 430.3 415.7 405.8 393.1 380.8 367.8 350.8 341.2 330.6 324.5
