data/190000-820000.asc
ncols 200
nrows 200
xllcorner 190000
yllcorner 820000
cellsize 50
[rows 140 to 174 of 200, columns 78 to 155 of 200]
706.6 700.2 704 695.8 713.7 702.2 707.4 719.6 730 754.5 760.2 759.9 743.9 727.7 718 702.3 684.8 665.1 648.3 633.6 618.5 608.8 600.5 591.2 584.8 586.2 584 580.2 578.8 578.4 577.9 578.5 582 584.7 585.2 585.5 586.8 591 600 604.3 609.5 605.7 595.7 599.3 599.6 597.9 596.3 593.3 585 572.9 567 551.9 539.5 529.7 522.7 512.6 497.5 483.2 469.9 456 441.5 423.9 408.2 390.3 410.4 415 417.1 408.8 408.2 403.3 391.2 382.7 371.9 371.8 362.6 353 357.4 336.7
738.4 741.4 748.9 757.1 739.7 737.8 756.1 765.1 784.9 791.1 773.4 758.4 757.9 749.2 735.4 723.6 715.8 695.2 673.5 658.3 643.7 629.5 611.3 598.2 586.9 577.9 570.5 565.2 561.6 564.3 569.4 571.5 574.4 577.1 576.7 573.1 570.1 581.1 591 591.7 594.1 585.5 590.3 595.4 599 599.2 598 593 586.5 572.2 554 539.8 525.1 516.9 505.9 497.3 480.7 470.4 455.8 440.3 427 413.1 393.4 374.3 394.5 395.9 395.2 387.1 383.4 382.9 372.9 361 350.7 345.3 344.5 346.2 331.8 304.6
792.8 798.8 791.8 793 781.4 802.5 796 802.2 793.5 787 772.9 762.5 766.7 758 739.9 728.2 716.3 695.1 676.7 656.2 644.4 630.1 611.5 597.1 582.7 568.8 562.5 554 550 552.2 546.7 544.8 558.2 560.7 554.2 548.9 549.3 554.3 564.1 573.9 578 577.6 585.1 600.9 604.5 601.6 595.5 588.5 580.3 566.7 548.6 522.5 506.4 502.7 491.5 474.6 464.4 454.4 436.5 422.9 412.5 398.5 380.5 363 378.1 375.1 373.1 370.6 367.7 360.6 349.2 332.6 330 334.3 328.5 316.3 294.7 272.9
806.8 809 817.5 827.7 822.9 812.4 807.5 794.4 778.2 770.9 754.8 754.4 750.9 739.9 721.1 701.5 687.6 674.2 658.1 650 637 620.1 603.7 585.3 560.5 546.7 536.8 537.7 536.8 530.1 528.8 531.7 534.1 535.1 526.6 523.3 527.1 539.9 544.6 552.4 567.4 574.4 577.8 584.8 584.7 584.8 577.5 572.4 564.4 552.5 538.9 523.8 492.2 491.9 478.8 467.4 438.8 433.3 417.4 405.8 393.8 376.6 363 342.7 355.1 355.7 353.5 352.1 350.2 338.8 322.8 308.4 318.8 315.9 293.7 275.4 251.2 233
807.6 820.2 831.9 831.7 817.7 807.7 791 776.3 760.3 750 736.8 735.3 728.6 714.8 701.4 686 671.8 657.9 643.6 628.2 624.1 606.2 589.8 572.2 557.3 547.6 536.9 529 525.1 525.5 523.8 522.1 523.4 519 506.5 500.7 493.1 508 498.8 535.7 559.5 561.1 563.3 560.6 549.1 543.1 548.7 549.8 545.9 534.6 524.7 508.4 481.4 469.1 464.5 449.8 428.9 399.5 398.8 386.4 370.8 353.6 335.7 310.3 339.8 340.2 336.4 332.5 323.1 311.1 297.2 272.6 283.5 280.2 250.2 231.4 215 198.6
805.1 824.4 838.3 829.6 813 795.4 775.4 753.3 738.2 729.8 719.3 709 700.1 690.5 684.9 674.3 657.4 643.1 627.6 613.3 595.9 588.9 573 560.1 551.7 540.3 527.6 525.6 523 519.2 514.8 511.7 511.4 505 484.9 467.6 462.5 458.6 501.6 535.8 541.4 531.4 522 520.3 509.6 508 509.9 510.9 507.9 507.1 501.9 483.4 460.4 429.7 438.3 425.2 405.4 378 374.2 366.2 351 329.6 304.5 304 328.4 325.2 320.1 314.7 302.4 289.8 274.6 249.2 242.9 231.7 215.8 197.3 184.5 175.5
802.8 826.7 834.5 822.6 805.7 785.5 761.3 736.3 711.4 704.6 700.5 683 673.3 665.1 657.7 648.4 642.7 626.8 609.8 593.2 578.9 561.6 551.5 552.9 544.2 532.5 519.3 509.7 508.2 503.6 498.3 492.5 491.6 481.6 463.8 442.8 428.4 461.1 497.3 503.5 501.6 495.6 483.6 478 472.5 471.3 474.5 477.1 475.4 477.4 468.5 455.9 435.2 400.1 414.6 403.3 382.5 367.5 333.8 331.7 319 297.6 270.8 298.7 308 308.4 307.9 302.1 288.9 274.2 256.6 232.6 209.6 201 184.7 173.4 165.8 155.9
785.8 792.2 808.4 801.8 791.2 775.6 752.6 720.3 692.7 677 666.5 656.5 637.6 637.3 628.8 617.3 609.4 597 582.5 565.1 557.8 545.4 526.3 510.6 497.4 490.9 492.8 493.6 487.2 483.6 475.9 469.6 464.7 455.3 437.9 419.2 406.7 448.2 483.9 465.7 457.1 453.4 445.8 441.8 439.2 431 446.3 453.7 445.1 443 441.3 421.5 400.5 386.6 373.9 369.4 363.5 349.7 327 297.8 289.2 277.6 250.8 273.9 288.1 292 294.2 284.3 268.8 254.3 232.9 205.6 183.5 177.6 165.4 157.4 145.9 136.3
753.3 756.9 774.9 785.8 775.8 757.9 736.3 706.2 675.5 654.4 636 621.4 609.9 601.1 589.4 582.5 574.4 563.7 554.5 543.9 532 518.1 502.9 485.6 471.3 464 462.4 463 465.2 459.5 450.2 444.3 438.8 424 409.2 385.6 391.9 431.8 436.7 428.1 421.7 417.1 410.5 404.4 401.3 397.5 400.5 411.6 414 407.1 396.1 379.6 366.7 355.1 341.4 336.3 328.5 321.1 305.1 284.8 268 258.5 244.3 250.3 264.5 263 257 250.1 238.6 225.5 205.6 181.2 166.5 157 144.9 137.2 128.6 118.7
714.9 723.7 735.4 753.4 755.4 746 724.2 700.5 672 642.7 616.7 600 579.7 571 559.9 550.2 545.2 538.5 528.5 519 502.2 491 478.6 465.1 451.5 438.7 433.5 432.9 426.4 429.2 427.9 419.9 408.4 398.1 385.9 349.5 384.9 398.5 397.7 392.1 388.1 383.5 377.8 370.5 368.5 366.4 361.3 364.7 370.7 365.2 351.9 341.6 334.2 328.5 312.1 301.4 295.3 287.5 282.9 264.4 250.8 241.4 231.8 219.3 234.3 231.8 225 218 207.6 193.5 179.1 161.5 150.6 140.1 129.7 121.2 114 103.1
683.7 691.6 699.9 708 718 713.2 709.9 686.5 662.6 637.2 605.4 586 570.9 554.3 540.6 527.5 515.1 510.3 503.4 496.9 480 470 458.2 444.1 426 416.6 414.5 412 403.8 405.2 398.3 391.2 383.1 375.2 362.3 328.9 363.6 367.2 365.9 362.2 356.8 357.3 354.7 344.5 338.9 335.8 331.7 323.6 323.4 317.7 308.6 306.1 303.5 295.3 284.2 275.2 273.1 272.7 261.2 245.3 233 225.4 219.1 199.3 208.8 205.6 199.6 191.3 181.7 170.8 158.2 148.4 136.5 126.3 116.3 107.5 99.9 90.1
655.1 657.3 661.8 667.8 672.9 675.7 669.2 660.8 642.8 624.3 601 577.5 564.4 552.7 538.9 519.1 502.6 493.3 484.3 475.3 455.4 446.7 435.8 419.7 401.2 394.1 395.9 397.6 394.3 385.3 376.9 366.6 360.1 352.7 340.3 310.4 336.3 339.8 337.3 335 329.8 327.6 331 322.1 314.5 304.4 296.2 288.6 284.6 279.2 273.6 273.3 272.5 261.2 253.2 249.4 248.3 242.4 232.8 223 216.8 208.2 199.9 183.1 192.5 184.9 178.6 170.3 160.5 150.7 141.1 131.9 118.9 107.8 100 94.4 86.6 77.5
625.7 623.8 626 629.9 638.4 641.3 635.2 626.3 612.2 597.8 582.3 563.1 551.3 540.3 525.9 506.9 489.1 477.7 469.3 455.6 431.3 414.4 406.6 392.4 382.4 373.1 372.8 370.5 366.9 361.8 354.7 345.4 344.7 339.4 309.4 286.2 314 314.3 308.5 304.4 297.9 293.6 298 296.9 287.3 276.2 267.9 259.2 250.7 246.7 245.2 242.8 237.9 230.8 226.1 227.4 221.7 216.8 211.1 208.4 202.7 193.2 185.5 167.2 174 165.3 157.9 150.3 142.6 133.7 125.2 115.1 104.4 94.3 87.7 82.7 77.7 73.3
602.2 600.8 599.7 605.5 611.8 618.1 612.3 606.9 592.4 574.5 559.1 543 527.2 520.8 505.7 492.9 473.2 457.6 447.8 436.3 412.9 390.4 381.1 370.9 360.2 350.7 344.2 340.1 336.5 330 321.3 320 331 320.1 286 258.7 287.6 284.8 278.3 272.7 265.2 260.7 262 261 257.3 249.9 242 235.3 227.6 223.1 219.9 214.5 209.3 207.7 205.6 203.7 199.4 196.4 201.5 195.4 185.6 173.4 167.1 153.7 155.2 145 138.4 130.6 126.1 116.6 108.3 100 92 84 79.1 75.8 70.6 66.8
584.1 584 583.8 589.9 589.2 585 581.1 579 570.3 553.1 534.1 517.5 501.8 491.8 479 465.4 453.4 438.2 417.7 407.9 401.5 391.1 373.5 354.2 337.7 329.7 321.4 318.7 315.9 312.1 309 311.5 313.4 299.4 265.1 232.6 258.4 254.3 248.2 244 236.2 229.7 231.1 232.4 235.1 228.2 222 213.8 205.5 198.9 193.2 189.1 186.2 187.6 186 177.3 179.7 179.2 176.3 170.5 162.6 154.7 146.7 127.1 134.2 125.6 120 112.2 106 100.4 94.4 86.8 79.2 73.7 70.2 67.1 64.5 59.9
568.8 566.2 564.9 566.4 568.1 568.6 560.9 558.1 554.5 536.9 506.9 487.7 473 459.1 451.6 443.3 433.2 424.3 409.6 389.7 381.4 375.3 361 343.6 326 313.4 304.6 300.7 299.4 298.5 299.3 299.7 300.3 290.6 250.3 211 228.7 223.8 218.2 213.4 210.6 205.4 203.5 202.4 208.2 208 203.7 191 183.6 177.9 172.6 169.4 166.5 167.7 167.9 159.7 162.5 158.6 155.4 152.1 143.2 136 128.5 98.9 108.7 105.9 99.5 94 90.7 85.7 82.2 77.1 69.8 66.1 62.1 58.3 56.1 54.5
554.9 553.3 553.3 548.8 549.1 551 548.5 538.8 532.7 518 489.3 461.3 445.4 429.6 417.5 415.1 413.8 405.2 396.7 384.2 366.3 351 339.4 324.1 309.2 299.6 292.7 286.3 285.9 286.3 286.6 283.1 271.7 254.1 233.7 192 199.6 195.8 190.2 185.1 183.1 177.2 180.2 178.4 176.1 180.3 179.6 171.5 163.8 159.8 154.9 150.3 148.6 148.3 149.6 141.8 144.3 137.9 132.6 127.3 124.3 118 108.2 85.8 92.5 88.7 85.7 82.4 77.5 74.1 69.8 66 63.9 58.8 50.9 39.7 41.3 42
543.5 538.9 534 532.3 528.6 523.1 519 515.2 505.1 488.8 464.5 440.5 425.2 406.3 390.9 386.1 382.2 375.3 369.4 361.9 355.1 337.8 318.6 301.5 289.7 286.9 282.7 278.6 277.3 277.6 276.5 273 254.6 219.4 211.5 183.5 178.3 168.6 162.5 157.9 157.1 156.1 154.1 151.4 149 150.8 152 150.7 143.7 138.6 133.5 131 130.9 131.2 129.9 123.8 120.4 116.4 111.2 107.4 107.1 99.8 92.4 82.8 79.3 76.7 72.9 71 67.8 64.2 60.7 57.7 56 51.2 38.9 46.5 50.3 52.9
518.6 517.3 511.6 508.6 505.1 494.4 484.6 477.3 469.7 458.9 441.2 418.1 398.9 386.8 373.5 364.4 349.8 344.8 334.9 334.4 334.1 330.1 309.2 292 278.1 273.3 268.8 265.9 265.1 265.4 262.3 256.7 248.4 211.1 174.9 165.2 147.5 146.9 141.8 136 136.5 134.7 134.8 131.3 128.2 125.4 126.7 125.3 117.5 117.3 114.2 112.5 111.7 112.1 111.5 105.1 99 97.2 90.8 88.2 87.1 80.2 76.6 68.2 66.6 64.3 61 60.4 58 55.2 52.3 49.3 48.5 45.4 45.6 47.9 50.7 51.8
492.6 495.2 490.9 486.4 483.8 477.3 461.4 450 439.3 424.6 408.5 389.9 379.1 373.4 368.5 361.4 345.4 324.1 316.4 319.9 315.5 301.2 283.8 277.7 264.9 253.9 247.2 244.6 246.1 248.6 245.3 236.9 229.8 197.5 164.6 140.8 131 126 123.7 120.2 118.3 118 118.8 115.8 110.2 106.3 104.1 99.6 93.9 95.8 96.3 96.7 96.2 96.3 94 88.7 83.3 80.6 71.5 67.8 63.8 61.5 58.5 56 54.3 53 52.9 51.5 49.8 48.3 45.9 44.3 45.2 38.3 46.3 49.2 51.5 56.9
470.2 463.7 464.3 460.4 456.9 448.6 434.7 418.9 400.3 385.2 373.4 363.2 356.2 352.8 343.6 330.6 317.2 303.7 288.9 284.6 280.8 273 259.4 253.8 243.7 236 228.2 227.5 227.9 228.9 215.6 217.4 194.8 169.2 143 121.2 113.7 109.6 108.9 105.9 102.5 99 100.7 98.8 94.1 87.7 83.7 82.1 79.3 80.1 81.6 82.2 82.7 84 76.9 72.1 67.5 59.1 55.6 51.2 49.4 46.9 45.8 50.1 49 49.4 47.7 42.8 41 36.9 37.7 36.8 40.6 48.8 52.5 56.3 61.2 67.7
452.1 443.6 441.7 437.7 432.4 425.1 416.9 397.6 372.7 354.1 345.3 340.1 332.5 328.8 321.8 313.4 302.4 290 277.9 255.3 240.2 233.2 229 222.9 215.7 219.7 221.7 221.3 213.9 202.4 175.6 178.2 159.9 139.9 117.9 100.2 98.6 95 92.5 89.8 85.4 82.2 80.1 77.4 73.8 69.6 68.8 68.6 66.9 68.7 70 69.5 68 64.1 58.1 53.9 53.3 50.4 44.7 41 38.5 40.1 43.3 47.1 46.8 44.5 41.3 30.8 31.7 38.1 41.2 47.4 53.8 58.5 65.3 71.7 76.4 82.5
440.1 431.1 421.9 420.3 416.2 408.3 394.9 375 349.9 329.8 324.4 321.1 313.1 302.1 297 288.1 277.5 261.1 248.1 238.9 226.2 210.6 204.9 199.2 198.3 197.8 196.8 188.9 181.4 176 152.7 128.9 124.5 111.9 87.6 85.4 83.4 80.7 77.4 74.9 70.9 68 64.5 61.8 60 56.4 55.1 58.2 55.9 60.7 61.6 58.8 53.9 46.6 44 40.6 39.1 40.2 38.9 36.5 33.3 36.4 38.3 42 36.1 36.1 35 31.1 36.1 41.4 45.6 51.6 61.7 74.8 79.8 85.4 92.9 103.6
415.5 417 405.1 395.7 389.4 379.1 368.3 354.7 332.9 311.6 306.7 303.9 300.9 289.8 273.4 260.1 246.9 232.6 223.3 218.3 215.3 200.2 187.8 183.2 180.7 175.8 169.2 159.7 154.8 142.7 124.4 101.9 95.6 82.3 70.5 71.5 69.9 67.9 66 59.6 57.2 56.5 55 51.9 46.9 45.4 44 45.4 48.7 51.5 50.8 46.3 40.3 37.2 34.1 31.2 32.2 32.3 33 31.8 31.4 33 33.7 34.1 33.7 25.7 33.8 37.4 41.2 46.6 49 60.8 71.3 79.9 89 97.1 109.7 124.1
391.7 386.2 386 385.2 373.5 355.7 344.5 330.1 312.9 295.9 288.5 286.8 282.5 276 264.4 253.7 240.7 220.8 208.8 204.7 196.3 182.6 170.2 170.2 165.5 159.5 145.9 131.2 119.5 104.3 88.2 74 68.9 57.1 59.4 58.8 58 57.3 57 53.3 48.5 46.8 45 45.1 38.7 34.8 35 34.6 37.7 40.1 36.7 33.2 32 27.6 23.3 25.9 26.5 26.7 27.4 29.5 29.5 29.5 30 28.3 23.5 31.4 33.4 39.4 47.1 58.8 69.1 74.2 80.6 89 101 115.5 129.5 144.9
362.8 357.5 357.5 358.7 353.1 339.4 329.5 317.6 292.1 273.2 266.6 267.2 262.3 254.3 242.9 233.9 224.5 215.8 203.1 188.7 174.3 159.4 149 138 125.2 117.9 110.7 87.9 78 67 56.8 51.5 47.2 47.7 50 48.9 48.7 48.8 48.5 45.5 43.4 38.5 35.5 35.6 30 28.1 29.6 27.1 24 24.6 25.5 25.9 23.6 19.7 19.5 20.5 22.4 22.9 23.9 25.4 26.4 25.7 24.8 22.3 26.5 30.4 35.3 44.7 58.4 68.1 76.2 84.2 91.7 99.3 112.5 128.1 147.1 166.3
336.4 332.7 328.4 326.3 322.6 313.9 304.9 304.3 281.4 248.4 237.9 232.3 229.3 226.4 212 199.2 186.3 171.7 161.5 155 151.1 138.6 126.3 91.8 90.6 88.8 73.4 55.4 46.8 36.8 35 36.4 37.2 40.3 41.9 41.1 41 40.9 41.8 40.9 38.8 35.5 31.1 30.2 26.3 20.2 22.9 20.1 18.6 16.9 17.4 18.7 16.5 17.6 18.7 19.8 21 20.9 21.9 22 21.5 21.7 22.6 25 28.9 34.6 42.8 52.7 62.4 70.8 80.5 88.2 97.1 108.4 122.8 138 160.5 183.7
307.1 303.8 298.6 293.5 294.3 290.6 281.5 271.6 266.4 234.9 216.2 202 193.7 184.1 177.1 163.1 147.9 136 127 120.2 114 100.7 86.6 64.1 56.9 53.5 43.8 31.3 28.5 24.7 25.8 29.1 31.2 33.5 35.2 34.8 34.3 35.4 36.6 36.2 34.1 32.1 29.4 27.2 22.3 18.8 16.7 15.1 14.3 13.7 13.9 14.4 15.5 16.6 17.8 18.9 19.8 20.8 20.7 20.3 19.7 22.3 23.3 25.6 40.3 46.4 54 62.1 70.9 78 87.4 98.4 109.6 118.8 132 151 174.3 199.3
290.6 279.9 280.8 272.6 256.6 264.2 258.4 240.5 232.6 221.8 197.6 180.5 168.1 155.3 144.2 131.2 121.7 115.1 109.5 105.5 88.4 73.9 62.2 47.1 35.7 30.3 23.3 19.3 18.4 18.6 19.5 23.4 26 27.6 29.1 27.9 27.4 29 29.5 28.8 27.6 27.3 27.2 23.2 16.9 15.7 14.6 13.7 13 12.9 13.3 14 14.7 15.7 16.8 17.9 19 19.6 19.8 18.4 20.3 22.7 32.5 45 54.8 60.8 63.2 68.4 75.1 85 97 113 125 133.3 148.5 164 190.5 216.6
263.7 274.4 264.2 246.4 228.5 225.8 221.6 215.8 201.5 190.3 178.2 159.8 143.3 130.7 118.4 108.1 100.3 99.2 91.2 79.9 68.2 57.8 40.3 29.1 22.1 17.9 13.5 11.8 12.6 14 15.6 18.1 20 21.8 21.2 21.7 23.4 23.1 22.8 21.7 20.8 20.6 17.8 14.3 13.7 14 13.2 12.5 11.8 12.2 12.9 13.5 14.2 15 16 17 18.1 18 19.4 17.9 23 36.1 45.2 51.4 56.4 59.4 63.4 75.5 83 92.2 105.2 117.4 132.1 148 161 181.2 206.4 232.2
237.1 238.5 230.3 215.7 204.1 187.5 180.9 180.2 176.5 161.7 149 131.6 116.5 101.9 90.7 83.7 79.7 73.2 64.8 57.8 48.3 35 22.9 16.3 10.2 9.9 8.3 8.2 9.2 11 13.5 14.2 15.2 15.6 16.1 16 14.8 15 15.3 15.4 15.9 16.2 14.6 12.7 11.9 10.9 12 11.3 11.1 11.7 12.4 13.1 13.7 14.4 15.3 16.3 17.2 17.9 17.1 17.5 27.9 39.9 45.2 48.5 55.6 60.9 67.5 73.9 82.6 94.9 111 124.1 141.1 158 174.6 196.2 218.9 240.7
209.1 206.1 199.5 191 177.9 166.3 155.3 146.2 138.5 128.2 112.7 92 82.9 74.7 72.6 66.3 56.9 54.8 51.3 41.1 29.1 17.9 9.4 7 7.7 6.9 5.7 6 6.4 7.7 10.5 7.3 7 7.4 10.2 11.3 11.1 10.6 10.9 12.5 12.9 13.3 12.6 11.3 10.8 11.4 10.7 10.4 10.6 11.2 12 12.6 13.3 13.9 14.7 15.6 16.6 17.1 16.5 18 26.7 35.6 39.1 43 50.1 56 62.2 69 82.2 95.1 112.5 127.4 142.9 159.9 179.6 199.6 217.8 234.2
177.4 176.9 169.5 161.2 159.1 147.4 135.3 115.7 100 85.9 70.6 58.3 55.2 55.8 50.8 41.9 44.2 50.9 48.2 22.7 11.5 6.3 4.3 3.9 4.9 4 4.2 4.5 5 5.7 4.3 4 4.9 6 6.1 8.1 8.2 8.4 8.9 9.8 10.2 10.6 10 9.1 10.2 10.5 10.2 9.9 10.4 10.6 11.4 12 12.8 13.5 14.2 15 15.8 15.7 15.4 17.3 20.2 28.4 35.4 40 45.1 51.4 56 68.5 85.7 98.5 113.3 128.4 145.5 162 177.2 195 207.1 222.4
156.2 150.7 146.7 137.1 124.1 124 101.9 80.5 61.2 47.6 38.8 33.7 32.3 31.8 30.5 28.2 32.5 28.5 16.7 5.3 4.7 2.8 -2 -2 -2 2.9 2.6 3.1 4.1 4.3 2.9 3.1 4.5 4.8 4.5 5.5 5.8 6 6.3 8.1 7.9 7.4 6.2 7.3 8.9 10 9.6 9.7 10.2 10.4 10.7 11.7 12.1 12.8 13.6 14.4 14.3 14.4 15 17 19.9 25.6 30.1 36.9 44 50.4 55.5 65.9 80.9 95.8 106.3 117.5 134.9 152.9 169.5 185.6 199.5 211.1
139.6 120.4 121.7 109 96.8 76 58.9 43.7 31.2 23.2 18.1 18.2 18.7 17.9 18.3 16 10.2 4.2 4.5 4.2 1.9 -2 -2 -2 -2 -2 1.2 2.4 3.6 3 1.7 2.9 3.2 3.1 2.7 3.9 5.1 5.9 5.8 7.1 4.4 6.3 6.2 6.8 7.6 9.4 9.1 9.5 9.9 10.2 10.4 11 12 12.4 12.9 12.6 13.5 14.8 15.5 17 20.3 25.3 28.9 35.1 42 47 53.7 62.5 72.2 86.3 98.4 113.7 129.2 146.6 166.5 183 196 206.6
