data/190000-870000.asc
ncols 200
nrows 200
xllcorner 190000
yllcorner 870000
cellsize 50
[rows 0 to 34 of 200, columns 80 to 159 of 200]
165.9 165.9 165.9 165.9 165.9 165.9 165.9 165.9 165.9 165.9 165.9 165.9 165.9 165.9 177.8 186.9 192.3 194 193.2 199.7 201.2 202 218.3 215.3 215 220 226.5 230.6 240 244.7 244.7 242.2 238.9 229.2 232.6 233.4 237.5 234.5 239.5 244.5 266.5 280.9 293.6 305.5 315.5 324.6 337 347.1 353.8 361.3 367.2 370.1 377.7 386.2 392.5 398.9 403.7 409.6 416.2 418.2 426.7 437.7 447.2 459.9 480.9 496.2 514.6 531.6 543 555.7 568.8 575.4 596.2 616.1 635.7 651 668.5 685.2 698.8 709.5
165.9 165.9 165.9 165.9 165.9 165.9 165.9 165.9 165.9 165.9 165.9 165.9 165.9 165.9 166.2 180.7 190 190.6 188.4 195.7 198.3 204.8 208.5 208.8 216 220.1 224.7 232.6 237.7 240.8 243.2 242.3 235.4 223.2 224.8 223.8 226.3 225.1 227.7 246.4 265.7 276.2 285.2 299.8 310.8 320.7 330.5 342.1 352.1 360.2 363.6 367.7 373.2 381.8 389.9 395 398 408.1 416.2 419.2 429 437.1 444.1 456 476 500.3 519.2 536 552.7 562.2 568.4 583.4 603.6 622.1 641.5 656.5 673.6 688.7 702.5 712.6
165.9 165.9 165.9 165.9 165.9 165.9 165.9 165.9 165.9 165.9 165.9 165.9 165.9 165.9 165.9 168.9 181.3 186.8 187.2 192.7 202 209 207.9 206.1 212.5 219.3 227.6 236.9 244.3 247.2 247.2 244 230.2 222.5 221 217.6 217.9 220.1 240.4 252.5 258.6 273.5 284.4 295.7 304.9 315.6 326.5 338.2 346.9 355.9 363.2 367.9 371.4 377.9 386.3 393.2 397.5 404.7 411.6 418.6 428.3 440.5 449.8 460.1 475.6 499 524.2 537.3 553 561.1 572.6 588.9 608.2 627.2 646.8 665.6 681.5 695.8 707.2 716.6
165.9 165.9 165.9 165.9 165.9 165.9 165.9 165.9 165.9 165.9 165.9 165.9 165.9 165.9 165.9 165.9 165.9 179.6 186.1 191.9 203.5 209.8 209.2 204.9 212.3 216.8 221.7 230 235.6 242.7 245.3 241 233.1 222.6 216.3 214 214.5 226.1 240.8 250.3 259.1 271.4 282.7 292.3 300.6 311 322.6 334.2 344.6 352 359.7 367.5 372 375.4 385.1 390.3 397.1 404 408.3 415.6 423.3 439.6 450.5 465.3 482.1 499.5 517.3 535.7 544.1 557.5 572.6 592.6 610.2 627.7 650.4 672.3 686.7 701.6 712.8 719.9
165.9 165.9 165.9 165.9 165.9 165.9 165.9 165.9 165.9 165.9 165.9 165.9 165.9 165.9 165.9 165.9 165.9 174.1 182.6 189 197.6 204 205.5 201.4 208.9 213 215.1 220.3 226.3 232.3 234.4 234.4 227.6 218.2 210.4 210.2 220.9 235.5 241.8 248.3 253.8 264.9 279.9 289.1 299 310.7 319 333 341.7 348.1 355.8 364 369.8 372.6 380.9 388.5 394.3 399.1 407.7 411.2 419.4 437.5 450.7 464.1 483.9 501.6 516 527.1 535 560 565.8 586.7 611 629.4 649.2 675.8 691.9 705.4 715.3 724.5
165.9 165.9 165.9 165.9 165.9 165.9 165.9 165.9 165.9 165.9 165.9 165.9 165.9 165.9 165.9 165.9 165.9 165.9 179 186.6 191.9 195.1 199.1 197.6 201.9 206.8 211.9 218.3 224.4 229.8 232.6 229.9 221.8 208.6 209.5 219.2 227.8 234.2 241.1 243.6 254.9 259.3 268 279.1 291.6 302.8 311.9 327 337.6 343.9 350.1 357.5 366.1 371.7 377.2 385.4 391.3 395.6 404.4 409.6 421.2 431.5 445.7 458.9 476.9 494.6 508.5 519.3 530.8 546.3 568.9 587.7 611.6 628.3 644.9 671 692.5 707.6 719 728.2
165.9 165.9 165.9 165.9 165.9 165.9 165.9 165.9 165.9 165.9 165.9 165.9 165.9 165.9 165.9 165.9 165.9 165.9 165.9 179.8 186.9 189.6 195.7 196.4 199.5 202.6 207.5 213 221.3 226.5 226.9 221.3 212.7 202.5 208.3 222 227.6 229.6 234.9 237.8 246.7 255.7 264.9 274.8 287.8 296.9 312 323.7 333.6 342.1 349.8 355.8 359.5 367.6 374.6 381.7 385.4 394.4 400.3 407.9 417.8 430.2 444.6 461.5 472.6 493.1 501.4 511.7 525.9 540.3 559.6 576.9 599.4 617.9 640 662.2 685.9 704.7 719.7 729.1
165.9 165.9 165.9 165.9 165.9 165.9 165.9 165.9 165.9 165.9 165.9 165.9 165.9 165.9 165.9 165.9 165.9 165.9 165.9 171.8 183.5 186.7 191.4 194.8 198.1 203.6 204 206.4 212.2 215.7 215.8 214.4 210 201.8 205.8 217.5 224.2 226.5 227.8 234.4 243.3 256.6 268.2 278.7 288.4 302.5 313 322.2 332.5 339.3 348 355.1 362.6 369.4 374.2 378.6 384.8 393 398.2 403.9 415 428.6 442.8 457.5 470.9 487.3 497.3 505.8 516.9 531.7 549.9 569.5 582.3 604.4 630 654.3 678.2 701.6 719.8 729.5
165.9 165.9 165.9 165.9 165.9 165.9 165.9 165.9 165.9 165.9 165.9 165.9 165.9 165.9 165.9 165.9 165.9 165.9 165.9 165.9 177.7 184.6 186.2 189.9 193.6 197.5 199.3 200.6 204.5 208.7 206.5 206.4 204.9 200.7 205.4 211.2 216.8 220.7 226.4 234 241.5 260.1 268.7 280.4 291 303.4 312 320.4 331.9 337.7 346.5 355 362.7 368.5 374.3 376.4 383.9 391.2 398.9 402.4 408 425.8 439.2 453.2 466.2 476.5 489.1 502.3 513.5 527.9 544.1 557.3 573.9 594.7 621.4 650 677.3 702.4 721.9 733.5
165.9 165.9 165.9 165.9 165.9 165.9 165.9 165.9 165.9 165.9 165.9 165.9 165.9 165.9 165.9 165.9 165.9 165.9 165.9 165.9 165.9 179.1 184.1 188 192.2 191.8 194.8 199.1 201.5 204.8 202.1 202 199.3 199 201.6 206.3 210.7 216.8 225.5 234.4 249.3 263.9 273.7 279 294.6 304.7 308.8 317.5 329 336.7 345.8 352.6 361.9 368.5 372.2 374.3 384.3 392.5 400.7 404 408.7 423.8 438 450.7 462.4 470.5 480.4 495.9 506.8 519.2 536 552.7 569.5 590.5 620.9 648.7 674.7 704.2 729 740.8
165.9 165.9 165.9 165.9 165.9 165.9 165.9 165.9 165.9 165.9 165.9 165.9 165.9 165.9 168.6 165.9 165.9 165.9 165.9 165.9 167.7 179.8 181.4 183.7 187.7 188.7 191.1 195 198.7 197.1 195.2 197.7 198.2 198.2 200.1 204.9 209.1 213.9 223.2 234.4 249.9 263.3 274.6 283.9 295.6 302.1 311.3 322.2 330.6 337.5 343.1 351.5 359.4 368.2 371.6 376.9 383.5 392.4 402.3 406.7 407.5 417.1 434.1 446.6 457.4 464.4 475.9 489.8 503.5 516.2 533.5 549.5 567.1 591.9 619.5 645.8 677.7 708.6 737 750
165.9 165.9 165.9 165.9 165.9 165.9 165.9 165.9 165.9 165.9 165.9 165.9 165.9 165.9 165.9 165.9 165.9 165.9 165.9 165.9 165.9 168.8 176.7 181.3 182.7 186.2 190.3 191.8 193.2 189.7 192.6 194.8 198.7 199.8 200.3 205.8 210.5 212.9 220.7 231.6 243.8 262.5 274.4 283.4 293.6 306.6 316.9 322.2 330 338.2 345.9 352.9 359.9 366.6 372.3 378.5 385 391.2 400.7 403.7 406.3 414.9 431.2 441.9 452.8 459.3 468.9 481.2 494.3 507.5 525.2 545.8 569.2 598.3 620.1 646.4 674.3 712.6 744 758.9
165.9 165.9 165.9 165.9 165.9 165.9 165.9 165.9 165.9 165.9 165.9 165.9 165.9 165.9 165.9 165.9 165.9 165.9 165.9 165.9 165.9 165.9 173.2 179 183.9 187.9 189.5 187 185.8 190.8 197.5 204.3 204.6 202.5 204.4 207 208.9 212 218.7 224.1 235.4 263.2 277.6 288.6 302.2 311.4 316.7 325 330 340 348.2 355.7 362.2 366.2 371.8 378.1 385.5 391.4 397.5 400.2 401.9 411.3 427.6 435.2 441.9 451.3 461 475.1 491.2 502.2 522.2 544.3 568.9 591.5 615.3 643.3 674.8 714.5 748.2 770
165.9 165.9 165.9 165.9 165.9 165.9 165.9 165.9 165.9 165.9 165.9 165.9 165.9 165.9 165.9 165.9 165.9 165.9 165.9 165.9 165.9 165.9 165.9 176 182.8 185 185.3 183.7 187.9 196.2 203.9 209.1 207.6 208.2 213.5 213.1 212.3 216.9 226.4 234.1 247.6 261.1 278.1 296.6 329.3 324.8 325.9 329.3 333.2 342 348.4 357.2 365.4 365.3 370.1 375.2 380.7 388.5 394 395.8 399.5 407 418.2 425.6 432.6 442.6 452.6 467.9 483.9 497.4 519.5 545.5 568.3 589.5 616.4 639.7 675.7 714.1 752.2 776.1
165.9 165.9 165.9 165.9 165.9 165.9 165.9 165.9 165.9 165.9 165.9 165.9 165.9 165.9 165.9 165.9 165.9 165.9 165.9 165.9 165.9 165.9 165.9 173.8 180.9 184.6 181.8 185.8 191.5 199.5 201.8 204.5 207.8 217.5 224 227 230.6 232.9 244.4 249.1 257.7 277.3 296.4 308 335 353.1 339.4 340.7 342.2 346.4 353.4 358.5 363.1 369.3 371.7 375.2 378.7 385.3 390.3 395.3 396.3 400.6 411.8 420.8 427.5 434.8 449.1 465.2 474.9 495.7 517.8 541.9 565.1 590.3 616 646.6 677.3 713.2 751.4 781.5
165.9 165.9 165.9 165.9 165.9 165.9 165.9 165.9 165.9 165.9 165.9 165.9 165.9 165.9 165.9 165.9 165.9 165.9 165.9 165.9 165.9 165.9 165.9 172.2 175.6 176.2 178.9 186 192.4 196.6 203.9 205.2 207.5 221.5 231.9 237.2 241.9 251.5 260.9 264.8 267.9 291.4 324.4 335.6 335.5 355.8 357.7 352.9 350.6 352.8 355.7 361.1 364.3 368 371.8 373.6 376.2 381.6 387.5 390.8 395.7 398.7 406.8 418.1 425.9 429.4 442.1 461.8 472.1 495.8 517.7 542.6 573.5 594.4 617.1 652.1 675.8 717.3 759.6 787.7
165.9 165.9 165.9 165.9 165.9 165.9 165.9 165.9 165.9 165.9 165.9 165.9 165.9 165.9 165.9 165.9 165.9 165.9 165.9 165.9 165.9 165.9 165.9 165.9 178.4 182.6 182.1 183.5 185.1 192.9 201.5 206 213.1 224.6 233.5 242.4 250.6 261.2 273.9 279.2 278.6 310.8 321.9 344.8 350.8 354.1 359.9 360.7 356.7 357.1 359.3 359.8 366.4 369.3 372.1 377.9 378.3 379.6 383.6 389.3 393.8 398.4 406.1 416.6 425.7 432 439 456.9 470.3 492.8 519.5 544.3 570.5 589.9 621.8 643.7 678 716.6 759.8 791
165.9 165.9 165.9 165.9 165.9 165.9 165.9 165.9 165.9 165.9 165.9 165.9 165.9 165.9 165.9 165.9 165.9 165.9 165.9 165.9 165.9 165.9 165.9 165.9 179 179.3 180 183.4 184.1 185.9 195.3 203 212.8 221.3 235.4 242.7 253.3 268.3 275.2 272.8 290.5 313.9 324.9 340.2 348.3 354.2 360.8 367.4 370.7 368.8 359.1 359.6 365.8 367.7 373.5 378.5 379.4 381.8 384.8 390.1 395.4 400.9 405.9 414.3 423.2 432.7 443.4 458.6 476 509.5 525.6 545 569.6 593.2 620.2 640.8 675.8 714.3 752.1 783.6
165.9 165.9 165.9 165.9 165.9 165.9 165.9 165.9 165.9 165.9 165.9 165.9 165.9 165.9 165.9 165.9 165.9 165.9 165.9 165.9 170.3 174.8 181 166 175 175.8 176 183.9 183 182.5 186.8 200.1 210.7 219.4 226.8 237.8 250.6 266.8 268.4 275.7 296.2 317.7 329.7 343.7 358.1 366.3 372.3 376.5 375.9 369.8 366.3 363.5 365.3 366.8 371.7 377.1 380.5 381.2 386.3 390 395.4 400 402.1 410.5 419.1 428.4 442.8 459.3 486 512.1 528.3 546.8 569.3 594.8 619.8 645.1 677.5 710.9 744.2 778.6
166.5 165.9 165.9 165.9 165.9 165.9 165.9 165.9 165.9 165.9 165.9 165.9 165.9 165.9 165.9 165.9 165.9 165.9 165.9 165.9 165.9 176.8 183.5 184.2 181.5 174.5 165.9 167.3 176.9 179.2 184.5 193.3 204.1 212.6 221.6 230.8 240.8 253.1 261.4 276.1 293.7 311.4 325.5 346.7 358.3 377.2 379.3 377.2 373.7 370.2 364.6 363.3 366.9 369.2 371.1 372.5 376.3 381.7 385.6 390.9 395.2 398.1 398.8 408.5 416.3 423.1 447.7 463.8 485.5 510.9 530.2 552 577.9 600.7 622.2 644.9 679.7 716 746.7 781.3
169.6 165.9 165.9 165.9 165.9 165.9 165.9 165.9 165.9 165.9 165.9 165.9 165.9 165.9 165.9 165.9 165.9 165.9 165.9 165.9 165.9 165.9 175.7 180.8 177.7 173 165.9 165.9 165.9 178.7 190.1 191.7 197.3 205.3 212.9 222.4 230.4 241.3 254.1 262.4 280.8 294.4 312.4 329.9 356 372.8 380.4 375.2 373.6 372 367.2 367.1 367.6 368.5 372.2 374.8 375.8 379.5 382.3 389.2 395.1 399.4 400.4 407.7 412.4 425.5 444.6 463.1 486.5 509.6 541 566.1 586.3 613.3 641.7 660.6 689.1 715.7 748.4 786.9
178 165.9 165.9 165.9 165.9 165.9 165.9 165.9 165.9 165.9 165.9 165.9 165.9 165.9 165.9 165.9 165.9 165.9 165.9 165.9 165.9 165.9 165.9 171.2 174.8 165.9 165.9 172.7 165.9 174.6 183.9 191.1 194.2 204.1 209.8 215.3 225.2 234.9 244.7 253.9 264.5 279.2 293.1 307.4 333.2 351.9 362.6 368.4 376.6 380 384.7 374.8 371.2 373.7 373.5 375.8 380.4 381.4 386.6 390.5 394.4 399.8 398.7 408.5 411.6 427.4 443.2 462.7 485.8 526.2 551.2 580.4 605.4 635.8 656.8 686.2 709.7 732.3 763.7 796.3
181 174.8 165.9 165.9 165.9 165.9 165.9 165.9 165.9 165.9 165.9 165.9 165.9 165.9 165.9 165.9 165.9 165.9 165.9 165.9 165.9 165.9 165.9 165.9 165.9 165.9 173.6 174.2 174.4 174.3 178.5 189.3 197.4 201 206 211.3 219.2 226.1 235.4 244.7 255.9 264.8 277.1 289.5 307.8 331.9 342.5 357.2 367 377.8 384 382.1 374.9 375 377.7 379 379.6 389.2 392.1 394.4 396.7 398.5 398.8 404.6 413.1 429.2 441.3 457.5 484 529.1 560.9 587.1 618.3 648.7 675 703.3 730.3 756.4 780.7 807.2
180.1 177.5 165.9 165.9 165.9 165.9 165.9 165.9 165.9 165.9 165.9 165.9 165.9 165.9 165.9 165.9 165.9 165.9 165.9 165.9 165.9 165.9 165.9 165.9 165.9 165.9 175.1 177.6 176.5 175.9 177.5 187.2 195.7 199.2 201.1 204.9 212.5 220.9 226.3 235.7 245 254 263.7 275.2 287.9 307.7 323.2 351.8 363.8 361.1 373 377.2 373 375 379.6 379.8 380.5 393.5 393.7 400.7 403.1 402.1 405.1 406 414.6 429.5 444.1 467.1 499.7 554.6 586.1 601.8 629.4 662.2 688.9 718.9 746.4 774.6 801.6 815.3
182.5 179.4 171.4 165.9 165.9 165.9 165.9 165.9 165.9 165.9 165.9 165.9 165.9 165.9 165.9 165.9 165.9 165.9 165.9 165.9 165.9 165.9 165.9 165.9 165.9 165.9 175.8 176.4 177.2 176.2 175.9 180.5 189.8 195.7 199.2 199.8 203.3 213.2 219.6 224.4 232.8 240.9 248.3 257.2 272 291.8 313.7 332 349 345.9 362 366.6 365.5 370.1 375.2 376.9 387 401.5 400 410.5 408.7 408.8 407.6 409.5 416.9 428.8 445.5 475 521.7 557.9 592.4 617.9 644.6 673.5 704.2 731 755.4 783.7 812.4 823.4
183.9 180.8 174.8 165.9 165.9 165.9 165.9 165.9 165.9 165.9 165.9 165.9 165.9 165.9 165.9 165.9 165.9 165.9 165.9 165.9 165.9 165.9 165.9 165.9 165.9 165.9 171 165.9 168.9 172.8 173.9 177 186.3 192.1 197.3 198.5 199.4 208.4 216.3 217.9 224.3 229.4 235.4 242.9 253.2 271 289.2 308.3 322.1 331.9 339.8 350.8 360.7 368.3 371.7 378.9 388.9 398 402 409.2 409.4 411.9 414.5 412.6 412.8 421.2 448.6 469.1 504.3 539.3 573.9 606.9 647.5 684.4 704.9 730.8 761.6 791.6 814.4 825.2
189.7 180.8 173.8 165.9 165.9 165.9 165.9 165.9 165.9 165.9 165.9 165.9 165.9 165.9 165.9 165.9 165.9 165.9 165.9 165.9 165.9 165.9 165.9 165.9 165.9 165.9 165.9 165.9 165.9 165.9 165.9 176.8 184.6 191.2 193.4 200.1 199.8 203.5 210.2 212.5 217.9 223.7 228 234.6 241.6 253.8 269.5 291.6 310.7 324.5 333.7 346.9 358.4 365.9 370.8 377.5 385 394.9 401.8 408.8 413.5 418.3 414.4 414.9 415.5 428.4 445.8 468.5 489.8 523 557.3 595.3 637.7 665.3 687.7 717.3 752.7 782.1 800.6 819.5
194.7 185.3 178.8 171 165.9 165.9 165.9 165.9 165.9 165.9 165.9 165.9 165.9 165.9 165.9 165.9 165.9 165.9 165.9 165.9 165.9 165.9 165.9 165.9 165.9 165.9 165.9 165.9 165.9 165.9 165.9 165.9 180.5 184.1 189.6 194.9 198.2 200.1 205 206.9 212.7 217.9 223.8 231.4 239.3 246.1 267.3 295.6 307.5 320.4 332.5 342 351.8 362 380.8 387.1 393.8 401.3 414.4 418 424.7 424.5 416.7 415.6 419.6 429.6 450 461.3 478.8 505.8 547 590.3 616.4 643 665.9 692.7 730.6 753.9 783.4 806.1
193.5 188.9 181.9 174.2 165.9 165.9 165.9 165.9 165.9 165.9 165.9 165.9 165.9 165.9 165.9 165.9 165.9 165.9 165.9 165.9 165.9 165.9 165.9 165.9 165.9 165.9 165.9 165.9 165.9 165.9 165.9 165.9 165.9 170.4 182.3 186.8 192.3 196.5 197.5 203.5 208.5 211.1 217.3 226.4 235.7 243.5 267.6 297.9 310.5 312.4 323.7 334.7 349 367.1 404.7 413.8 422.9 428.7 433.1 428.9 427.5 424.2 417.9 423.2 425.5 427.6 445.8 453.9 471.2 501 531.8 557.9 592.1 615.2 640.3 669.1 696.3 731.2 767.5 787.7
192.2 189.1 183.8 176.8 165.9 165.9 165.9 165.9 165.9 165.9 165.9 165.9 165.9 165.9 165.9 165.9 165.9 165.9 165.9 165.9 165.9 165.9 165.9 165.9 165.9 165.9 165.9 165.9 165.9 165.9 165.9 165.9 165.9 167 176.5 179.4 186.7 193.4 197.4 199.9 205.1 207.3 211.8 222.6 232.3 246.1 251.9 277.4 293.8 320.4 339.3 342.8 353.7 402.2 412.2 427 436.7 449.7 454.6 444.9 436.5 426.1 418.2 421.2 425.6 428.1 436.1 453.1 469.2 487 510 553.7 574 591.6 614.9 648.2 688.8 715.4 744.1 769.9
191.6 188.3 184.6 178.2 165.9 165.9 165.9 165.9 165.9 165.9 165.9 165.9 165.9 165.9 165.9 165.9 165.9 165.9 165.9 165.9 165.9 165.9 165.9 165.9 165.9 165.9 165.9 165.9 165.9 165.9 165.9 165.9 165.9 165.9 165.9 173.8 179.8 185 192.3 196.2 200.2 205 210.2 219.6 229.6 245.9 258.7 265.4 282.8 309.4 343.3 348 380.5 405 410.9 431.6 443.6 461.7 461.4 453.4 446.2 428.7 421.3 426.2 428.4 426.3 434.4 444.9 459.8 474.5 495.3 531.9 551 574.1 599.1 635 662.7 694.8 725.6 746.4
192.1 188.1 184.5 178.9 165.9 165.9 165.9 165.9 165.9 165.9 165.9 165.9 165.9 165.9 165.9 165.9 165.9 165.9 165.9 165.9 165.9 165.9 165.9 165.9 165.9 165.9 165.9 165.9 165.9 165.9 165.9 165.9 165.9 165.9 165.9 165.9 165.9 172 184.5 191 194.6 200.3 208.7 214.8 224.9 240.7 257.7 275.6 287.4 299.6 322.7 359.2 382.7 389.6 399.1 423.9 451.5 455.3 460.1 463.6 456.1 434.4 423.4 426.2 429.1 429 437.1 445.9 466 478.3 492.9 511.8 531.5 557.2 588.8 610.8 640.3 678.1 698.6 721.6
192.8 188.2 184.5 180.2 175 165.9 165.9 165.9 165.9 165.9 165.9 165.9 165.9 165.9 165.9 165.9 165.9 165.9 165.9 165.9 165.9 165.9 165.9 165.9 165.9 165.9 165.9 165.9 165.9 165.9 165.9 165.9 165.9 165.9 165.9 165.9 165.9 165.9 176.3 182.6 187.6 193 202.6 210.9 218 229.7 244.8 266.1 288.8 305.8 313.8 345.1 361.1 373 400.7 434.5 457.3 464.2 467.4 468.3 452.9 440.8 428.8 431.1 436.5 438.3 436.9 453 467 479.8 488.5 496.3 518.5 545.5 571.7 592.5 623.1 650 672.2 706
193.9 189.3 184.9 181.4 177.6 165.9 165.9 165.9 165.9 165.9 165.9 165.9 165.9 165.9 165.9 165.9 165.9 165.9 165.9 165.9 165.9 165.9 165.9 165.9 165.9 165.9 165.9 165.9 165.9 165.9 165.9 165.9 165.9 165.9 165.9 165.9 165.9 165.9 168.4 177.3 183.4 187.6 194 201.6 210 217.9 230.2 250.9 268 287.8 299.6 328.6 348.5 382.5 416.9 430.3 448.4 461 457.9 451.6 448.5 437.7 429.7 430.2 435.6 438.5 436 449.8 460.2 464.7 481 487.3 500.6 528.7 559.4 581.9 614.9 640.9 658.6 689
193.2 191 186 181.9 178.1 169.7 165.9 165.9 165.9 165.9 165.9 165.9 165.9 165.9 165.9 165.9 165.9 165.9 165.9 165.9 165.9 165.9 165.9 165.9 165.9 165.9 165.9 165.9 165.9 165.9 165.9 165.9 165.9 165.9 165.9 165.9 165.9 165.9 165.9 165.9 178.4 181.8 185.6 194.9 202.8 212.1 222.3 237.8 253.7 268.6 281.9 305.3 333.4 369.4 394.5 410.7 432.3 449.5 444.8 434.2 435.7 427.8 434 431.7 430.7 432.3 434.4 442.1 448.9 462.2 471.8 477.5 492.6 518.5 540.7 577.8 609.1 628.6 653.2 681.3
