data/190000-890000.asc
ncols 200
nrows 200
xllcorner 190000
yllcorner 890000
cellsize 50
[rows 132 to 175 of 200, columns 96 to 191 of 200]
16.3 11.2 -2 -2 -2 -2 -2 -2 -2 -2 -2 -2 -2 -2 -2 -2 -2 -2 -2 -2 -2 -2 -2 -2 -2 -2 -2 -2 -2 -2 -2 -2 -2 -1.1 -0.1 1 -2 4.6 9.6 7.7 7.2 8.2 11.1 14.7 16.4 16.9 18.7 22.8 27.9 34.4 40.2 47 50 50.8 52.2 54.2 55 57.2 61.4 64.1 68.7 74.9 79.6 86.5 95.7 98.4 100.8 102.2 107.3 109.9 109.9 110.6 113.5 115.8 117.6 120.2 122.5 126.5 130 134.8 139.7 144.8 149.4 152.7 156.7 161.2 165.9 169.4 171 172.7 176 178.1 178.8 176.9 169.5 158.9
13.7 8.8 -2 -2 -2 -2 -2 -2 -2 -2 -2 -2 -2 -2 -2 -2 -2 -2 -2 -2 -2 -2 -2 -2 -2 -2 -2 -2 -2 -2 -2 -2 -2 -0.6 0.4 1.3 -2 6 5.9 6 5.4 6.2 8 11.3 14.5 15.5 14.8 18.2 23.4 28.7 33.2 38.9 42 44.8 47.8 47.7 50.7 53.9 61.7 67.4 74.6 81.7 88.2 95.4 100.2 105.3 109.3 110.4 112.3 115.5 116.9 118.8 121.4 121.6 122.5 124.2 126.5 127 130 134 136 139.9 144 147.8 152 157 160.6 165.6 169.4 172 176.1 179.5 180.1 180.3 178 162
10.8 5.9 1.1 -2 -2 -2 -2 -2 -2 -2 -2 -2 -2 -2 -2 -2 -2 -2 -2 -2 -2 -2 -2 -2 -2 -2 -2 -2 -2 -2 -2 -2 -1.1 -0.2 0.8 1.9 6.9 4.4 2.7 4.2 4.1 5.2 6.8 8.6 10.9 13.6 13.9 16 20.1 24.3 27.8 30.8 33.2 38 43 47.8 53.5 59.5 64 69.3 75.9 82.8 92.5 97.2 106.5 116 117.5 119.3 120.6 124.4 129.2 134.5 135.8 131 131.7 132.7 132.4 132.2 132.5 135.1 137.1 139.6 142 147.1 150.4 152.6 155.7 160.3 165.5 170.5 173 176.5 179.2 181.5 180.6 167.4
7.8 2.2 -2 -2 -2 -2 -2 -2 -2 -2 -2 -2 -2 -2 -2 -2 -2 -2 -2 -2 -2 -2 -2 -2 -2 -2 -2 -2 -2 -2 -2 -2 -0.1 0.6 1.4 2.4 6.5 10.3 8.4 6.2 4.9 4.8 5.9 7.3 8.9 10.6 12.8 14.7 17.5 20.7 25.3 31.4 37.9 43.4 49.9 58 64.3 67.9 70 72.2 77.6 83.7 93.8 104.9 115.9 120.2 124 125.3 131.9 137.4 144.6 148.8 147.4 148.3 146.3 144.4 141.7 138.9 139.1 139.3 140.4 142.8 144.6 148.3 152.9 154.2 155.5 157.1 159.5 164.6 169.2 172.3 176.6 180.3 180.2 173.9
3.1 0.6 -2 -2 -2 -2 -2 -2 -2 -2 -2 -2 -2 -2 -2 -2 -2 -2 -2 -2 -2 -2 -2 -2 -2 -2 -2 -2 -2 -2 -2 0.6 1.5 1.8 2.4 4 9.1 9.5 6.2 5.7 5.3 5.8 6.5 7.6 8.8 10.3 12 13.9 18.8 29.8 37.4 43.5 46 48.4 58.7 67 74.3 83.8 86.5 83.3 87.9 92.9 97.6 103 115.3 132.9 139.9 144.4 137.9 145.5 153.1 155.8 154.8 154.9 155.2 153.8 151.6 149.1 146.9 147.5 148.3 149.6 153.8 155.5 160.7 161.7 162.6 161.6 159.6 159.8 161.8 168.2 172.5 176.8 179.5 179
3.4 0.6 -2 -2 -2 -2 -2 -2 -2 -2 -2 -2 -2 -2 -2 -2 -2 -2 -2 -2 -2 -2 -2 -2 -2 -2 -2 -2 4.2 5.5 5.6 4.4 6.2 6.5 6.5 7.7 7.7 8.2 7.9 7.7 8 9.3 8.3 8.1 8.8 11.2 13.7 16.5 26.2 37.6 47.3 55.4 60.9 64.6 71.3 78.1 87 91.6 100.4 102.8 97.8 99.8 110.8 113.6 120.4 127.8 138.6 152.4 161.7 154 162.1 173.6 173.2 169.9 163.3 165.2 164.9 161.3 161.9 158.4 157.8 155.6 158.3 165.7 173.7 172.3 170.8 170.9 168.1 164.2 162.4 162.2 166.9 171.2 175.7 178.5
4 1.5 -0.7 -2 -2 -2 -2 -2 -2 -2 -2 -2 -2 -2 -2 -2 -2 -2 -2 -2 -2 -2 -2 -2 -2 -2 -2 2.1 6.1 8.5 9.1 9.7 10.1 10.8 12.5 17.1 20.9 16.3 14.7 13.2 12.6 13.9 14.7 12.7 12.7 15.2 22.9 31.9 36.8 44.9 56.3 65.3 76.8 79.7 87.8 98.5 100.9 100.8 103.7 106.7 107.6 106.7 111.8 122.7 129.6 131.9 134.7 141.9 153.8 160.1 169.8 173 178.3 186.4 180.8 171.8 171.7 171.8 172.9 168.2 165.4 164 166 169.2 176.3 180.2 179 177.3 176.1 170.9 166.9 162.4 162.3 165.5 169.2 173.4
2.4 4.5 0 -2 -2 -2 -2 -2 -2 -2 -2 -2 -2 -2 -2 -2 -2 -2 -2 -2 -2 -2 -2 -2 -2 -2 3.8 10.7 12 11.4 11.8 12.3 13.7 15.8 17.7 20.1 26 28.2 28.1 26.1 31.7 35.5 35.4 34.1 41.2 46.2 49.6 51.5 57.4 66 71.8 80.3 91.1 103.8 103.6 106.8 110.5 111 110.8 114.2 117 119.7 117.7 123.4 129.3 136.6 139.9 147.9 154.7 164.8 174.9 180.4 182.3 184.1 181.9 178.1 176.3 177.7 178.4 177.7 172.5 171.3 172.7 173.4 174.6 180.9 179.6 179.6 180.1 176.9 173.9 169.3 161.9 161.5 164.3 168.6
-2 -2 2.2 -2 -2 -2 -2 -2 -2 -2 -2 -2 -2 -2 -2 -2 -2 -2 -2 -2 -2 -2 -2 -2 -2 1.7 11.2 16.1 23.3 27.9 25.5 18.9 20.5 23.8 27.3 32.7 37.2 42.1 44.2 41.5 44.7 54.8 68.9 74.7 103.7 100.2 89.2 82.3 80.3 83.1 91.1 96.3 114.2 119.6 125.2 126.4 129 125.5 127.7 135.8 138.6 138.5 132.2 127.9 128.5 137.3 142.6 148.5 162.8 170.3 180.7 188.4 192.3 191.9 188.2 182.7 179.3 180.3 182.4 182 180.6 178.8 177.3 177.1 176.9 177.9 180.1 179.6 180 180.4 176.8 174.7 164.2 161.4 161.4 164.1
-2 -2 -2 2.6 -2 -2 -2 -2 -2 -2 -2 -2 -2 -2 -2 -2 -2 -2 -2 -2 -2 -2 -2 -2 2.4 14.2 16.1 22.5 31.9 37.2 39.9 37.6 35.4 33.9 39.7 46 50 53.2 58.6 61.5 71.7 100.4 118.5 108.8 110.2 108.9 110 112.4 109.1 111 110.9 114.4 124.7 135.6 138.4 141.4 143 140.9 146.2 160.6 161.1 161.8 157.5 149.8 144.7 139.4 141.8 146.1 149.9 163.1 178.7 189.3 194.2 195.6 191.3 186.8 183.2 183.9 186.2 187.1 186.8 184.4 183.9 181.5 180.4 178.2 178.9 182.2 183.2 181.2 178.6 171.9 166.2 161.7 161.5 161.5
-2 -2 -2 -2 -2 -2 -2 -2 -2 -2 -2 -2 -2 -2 -2 -2 -2 -2 -2 -2 -2 -2 -2 1.6 14 18.5 23.7 28 35 41.2 44.6 46 47.9 46.5 51.3 54 62.5 64.8 82.8 88.9 112.9 120.9 124.3 120.6 121.3 119.1 119.6 128.7 139.1 134.7 138.9 136.4 142.8 144 149.4 148.5 154.6 162 162.6 171.5 169.4 168.5 167.8 168.7 158.9 149.2 142.7 150.1 155.4 158.2 166.9 179.2 182.8 188 190.7 191.9 191.2 191.1 196.3 193.1 189.9 189.8 190.5 186.6 185.1 185.9 183.6 182.1 187.1 186.1 179.1 176.5 171.2 167.8 163.3 161.9
-2 -2 -2 -2 -2 -2 -2 -2 -2 -2 -2 -2 -2 -2 -2 -2 -2 -2 -2 -2 -2 -2 -2 2.8 14 26.2 32.2 37.9 43.2 48.7 52.9 54.2 58.4 65.4 70.7 69 71.4 82 84.6 91 110.5 127.7 128.9 130.7 129.6 128.3 133.7 136.7 144 151.8 147.9 148.5 148.9 147.6 152.5 160.3 169 174 174 175.7 174.4 175.1 178.6 175.4 162.4 150.9 142.8 145.7 147.6 153.9 167.3 173.4 176.9 182.6 185.5 188 196.4 204.9 200.9 202.4 198.3 193.7 195.3 195.7 191.7 190.9 193 188.1 185 185 184.7 180.8 177.7 175.5 169.7 164.1
-2 -2 -2 -2 -2 -2 -2 -2 -2 -2 -2 -2 -2 -2 -2 -2 -2 -2 -2 -2 -2 -2 -2 2.7 16.2 32.4 40.5 49 49.8 57 68.3 76.2 80.8 84.9 79.4 71.6 71.5 78.4 91.4 95.8 98 107.6 129.2 133.9 140.1 135.1 142 144.4 146.4 155.4 153.7 157.3 158.4 155.4 156.8 159.8 168.3 178.8 179.3 183 185.2 181.5 179.1 179.6 159.9 153.5 142.8 142.8 142.8 142.8 151.5 164.7 167.8 172.5 174.1 181.9 190 196.9 201.2 208.5 205.4 200.9 197.9 199.2 201 196.7 195.3 194.8 192.8 190 190.8 191.3 188.9 181.9 178.1 169.2
-2 -2 -2 -2 -2 -2 -2 -2 -2 -2 -2 -2 -2 -2 -2 -2 -2 -2 -2 -2 -2 -2 -2 2.9 14.6 34.8 45.9 51.9 57.4 66 78 88.1 86.2 82 76.3 72.6 72.9 76.1 84.2 92.1 100.7 104 114.1 129.7 140.7 144.6 147.7 152.6 149.3 150.7 157.5 165 165.3 162.8 160.6 168.4 174.6 172 177.2 184.4 189.9 187.6 173.8 165.2 159 154.8 144.8 142.8 142.8 142.8 150.8 151.6 157.4 161.7 169.7 175.8 187.5 191 194.3 204.7 208 205.2 199.8 199.7 201.5 200.2 199.1 198.1 198.1 196.7 196.3 197.5 198.5 197 183.9 172.7
-2 -2 -2 -2 -2 -2 -2 -2 -2 -2 -2 -2 -2 -2 -2 -2 -2 -2 -2 -2 -2 -2 -2 0.8 10.5 30.1 46.5 58.4 67.2 78.5 90.2 97.6 99.8 89.4 82.9 78.4 75.7 78.4 84.6 92.6 97.9 104.1 110.7 123.6 134.6 151.1 156.1 151.7 149.5 149.5 158.3 162.8 166.9 164.6 163.6 167.9 175.1 179.8 185.4 187.1 180.7 174.6 161.7 152.5 149.5 150.9 144.6 142.8 142.8 142.8 163.9 169 163.5 160.9 171.2 180.8 184.2 189.3 192.1 195.6 201.2 206.4 203.4 201.3 202.3 202.2 201.5 200.8 200.7 200.9 202.6 203.1 203.6 203.5 190.7 173.6
-2 -2 -2 -2 -2 -2 -2 -2 -2 -2 -2 -2 -2 -2 -2 -2 -2 -2 -2 -2 -2 -2 -2 -2 4.6 16.4 66 77 85.3 89.5 96.5 100.6 106.2 109.4 104.2 98.1 91 84.9 84.2 90.7 97.6 102.2 107.2 113.2 126.6 140.2 147.6 146.2 146.9 149.1 154.7 158.3 159.9 162.6 165.8 170 176.2 179.1 181.5 185.6 171.5 159.8 154.9 151.4 148.5 148.7 148.9 145.1 152.1 163.7 179.8 192.3 188.8 169.5 172.8 182.3 190.1 191.7 196.2 199.6 201.2 203.6 205.5 202.8 203.4 204.5 202.6 202.7 203.6 204.5 205.4 205.7 206.1 204.9 189.5 175.1
-2 -2 -2 -2 -2 -2 -2 -2 -2 -2 -2 -2 -2 -2 -2 -2 -2 -2 -2 -2 -2 -2 -2 -2 -2 9.2 32.9 78.6 93.5 89.4 93.3 99.6 99.9 104.6 104.7 103.6 98.1 93 88.4 89.5 96.8 101.3 103.9 106.7 111.6 121.7 134.8 138.3 142.3 148 149.1 150.3 152.4 154.5 156.7 165 172.8 174.5 172 166.6 163.4 161.2 167.4 161.6 155.6 162.3 163.4 157.2 157.8 177.3 188.5 199.3 198.2 186.2 174.7 187.5 194 202.2 203 206.9 208.1 208.7 206.3 204.3 204.3 204.3 204.1 204.9 208.4 210.3 208.6 208.2 207.7 202.7 190.9 179.5
-2 -2 -2 -2 -2 -2 -2 -2 -2 -2 -2 -2 -2 -2 -2 -2 -2 -2 -2 -2 -2 -2 -2 -2 -2 3.9 27.5 57.6 80.6 88.7 86.6 87.8 90.8 97.1 100.4 99.6 95.8 92.7 91.4 91.8 93.1 96.7 100.2 103 106.4 109.4 114.5 124.2 134.8 144.6 152.3 145.8 144.5 148.3 149 151.9 155.2 158.3 159.2 167.8 169 163.9 169.5 166.1 158.2 181.6 180 171.7 163.1 165.1 183.9 196.1 202 201 183.4 190.3 196.5 206.2 214.7 216 217.4 220.1 218.9 210.8 206.9 206.7 208.5 211.6 211.9 215.6 216.4 211.3 208.4 203.3 195.9 186.3
-2 -2 -2 -2 -2 -2 -2 -2 -2 -2 -2 -2 -2 -2 -2 -2 -2 -2 -2 -2 -2 -2 -2 -2 -2 -2 17.2 41.9 66.7 80.1 81 82.5 84.6 88.6 90.7 91.3 92.3 92.8 92 91.8 90.5 91.6 95.2 99.5 102.3 103.9 105.1 108.6 117.1 133.6 142.8 141.3 140.4 140.5 139.6 146.2 156.4 163.8 167.2 168.1 169.9 165.4 165.3 165.2 164.3 181.4 188.3 184.2 165.6 164.9 170 187.1 198.8 199.8 189.4 193.2 203.3 214.2 222.4 225.5 225.5 231.5 233.1 231 225.6 219 217.8 218.2 220.5 218.5 222.6 219.7 211.8 206.7 200.3 192.4
-2 -2 -2 -2 -2 -2 -2 -2 -2 -2 -2 -2 -2 -2 -2 -2 -2 -2 -2 -2 -2 -2 -2 -2 -2 -2 11 25.6 52.4 72 74.9 78.6 80.1 81.5 82.3 83.2 86.7 89.6 89.3 88.6 88.1 86.3 87 90.2 94.8 98.3 99.1 99.7 101.9 108.1 120.2 127.2 128.9 133.8 139.6 147 156.7 162.1 168.3 164.1 157.4 159.5 167 168.1 164.2 165.7 176.2 182.6 178.1 168.4 167.4 175.7 187.9 191.2 199.8 207.3 208.5 219.3 225.9 230.9 234.9 237.6 239.1 239.2 239.5 235.3 231.4 229.2 228 222.3 223.7 222.3 216.9 209.8 204.9 198.2
-2 -2 -2 -2 -2 -2 -2 -2 -2 -2 -2 -2 -2 -2 -2 -2 -2 -2 -2 -2 -2 -2 -2 -2 -2 1.1 8.2 19.9 34.1 50.1 62 71.5 75.9 75.6 73.3 73.4 77.3 81.7 82 82.5 83.2 83.6 82.6 83.5 86 90.4 93.4 92.6 93.5 95.7 101.5 110.6 116.5 128.2 137.6 141.2 147.7 151 154.5 152.5 150.3 151.9 174.5 177.5 182.2 180.3 170.3 171.8 177.9 177.3 172.5 171 180.1 189.8 203.9 211.8 214 220.7 228.4 234.1 237.2 242.2 245.3 246.9 247.5 244.7 239.1 236.9 235.5 230.2 220.9 219.3 216.3 210.3 207.1 204.1
-2 -2 -2 -2 -2 -2 -2 -2 -2 -2 -2 -2 -2 -2 -2 -2 -2 -2 -2 -2 -2 -2 -2 -2 -2 1.2 7.2 17.9 28.6 40.9 55.3 68.2 71.2 70.9 67.1 62.9 66.3 71 73.2 74.3 78.2 79.5 79.8 79 79.8 82.5 86.4 87.8 88.8 89.8 91.9 95.8 103.6 115.7 131.9 139.5 139.7 140.9 141.8 144.1 145.5 158.3 176.2 175.8 183.8 193.9 199 183.9 177.5 183.6 190.5 174.8 178.3 188 214.7 216.1 216.6 222.5 231.6 237.9 240.6 245.1 248.5 252.1 251 247.6 245.8 238.6 235.1 226.2 220.7 219.6 217.4 212.5 208.3 207.1
-2 -2 -2 -2 -2 -2 -2 -2 -2 -2 -2 -2 -2 -2 -2 -2 -2 -2 -2 -2 -2 -2 -2 -0.6 0.4 2 9.5 15.4 24.3 40.7 54.8 62.8 63.9 63.7 59 57.8 59.3 61.6 63.6 64 66.5 68.5 74.1 73.9 76.7 80.4 80.6 82.3 81.5 91.5 96.1 96.7 99.6 103.7 112.3 128 135 135.1 136.3 139.6 147.1 159.5 168.6 171.4 182.9 189.4 195 204.5 190.2 178.3 185.9 191.8 183.1 193.1 215.8 219.5 217.8 220.8 231.7 239.8 242.2 245.8 245.1 249 248.7 249.1 239.9 233.7 225.1 221.2 219.7 218.2 217.2 215.9 209.2 208.6
-2 -2 -2 -2 -2 -2 -2 -2 -2 -2 -2 -2 -2 -2 -2 -2 -2 -2 -2 -2 -1.4 0.2 0.4 0.9 1.8 4.9 13.1 17 19.5 34.1 46.5 51.6 51.1 49.7 52.8 57.4 56.6 58.8 58.5 63.6 70.7 73.9 71.7 69.8 74.4 79.1 79.9 79.8 80.3 91.4 101.7 104.8 108.1 113.5 118.9 121.9 128.3 131.7 132.5 133.8 144.9 159.8 162.2 164 176.5 192.4 192.8 198.2 207.7 184.1 184.2 198.1 202.6 194.5 215.6 216.7 217.4 217.5 221.2 226.2 233.4 239.5 237.9 234.6 235.6 234.3 229.9 227.4 218.3 218.5 217.8 217.1 214.9 211.5 210 209.3
-2 -2 -2 -2 -2 -2 -2 -2 -2 -2 -2 -2 -2 -2 -2 -2 -2 -2 -2 -2 -0.6 1.2 1.9 2.6 4.8 10.1 15.2 17.4 20.4 24.1 34.3 36.1 44.1 53.3 60.9 63.5 60.5 57 57.3 67.6 78.6 81.5 80.5 76.5 74.5 76.9 78.5 78.5 81.1 89.9 101.7 108.2 117.9 138.1 139.4 130.9 132.8 131.8 131.6 132.3 135.1 147.3 160.2 164.8 170.4 177.6 184.9 189.8 196.7 196.6 191 188.5 190.3 190.6 206.1 213.1 215.8 218.6 221.5 225 232.6 237.7 238 230.2 222.4 222.3 220.7 219.4 219.2 219.7 219.2 214.4 213.2 209.8 209.9 210.3
-2 -2 -2 -2 -2 -2 -2 -2 -2 -2 -2 -2 -2 -2 -2 -2 -2 -2 -2 -2 -2 1.9 4.1 6.3 13.5 14.4 16.2 19.8 21.9 24 30.2 41.5 50 57.7 62.6 64.7 62.7 59.8 58.7 68.2 83 88.1 84.2 82.4 77.2 76.1 77.1 77.5 81 93.2 101.9 108.6 117.2 123.6 142.5 144.3 135 135.4 132.5 132.2 134.7 143.9 147 154.7 160.4 171.3 182.1 184.4 187 185.3 193 201.4 188.9 188.1 202.8 212.5 215.1 222.3 220.4 223.2 229.8 230.9 224.5 209.7 209 213.4 220.4 221 221 219.5 217.3 210.6 208 207 207.7 209.5
-2 -2 -2 -2 -2 -2 -2 -2 -2 -2 -2 -2 -2 -2 -2 -2 -2 -2 -2 -2 -2 -2 6.5 14 14.8 14.6 18 32.4 37.1 29.4 34.9 43.1 50.8 56.9 61.4 64.6 64.7 63.9 60.6 66.3 74.3 84.3 84.1 81.8 79.3 76.7 77.2 78.1 85.2 99.7 113.3 119.7 131 135.5 127 127.4 137 138.5 133.4 132.5 133.7 136.6 140.9 142 152.1 163.3 178.4 180.6 180.3 190.8 195.7 200.3 201 188.1 200.9 217.2 214.9 218.3 215.6 216.9 215.8 208.4 200.2 198 202.9 211.5 218.5 221 219.6 216.9 214.5 209.2 203.6 203.6 204.3 207.3
-2 -2 -2 -2 -2 -2 -2 -2 -2 -2 -2 -2 -2 -2 -2 -2 -2 -2 -1.2 0.7 -2 -2 13.2 14.1 14.5 15 23.3 51.1 61.2 48.1 38.8 41.6 48.4 55 60.6 66.8 71.1 71.1 68.5 74.1 79.4 77.6 81.7 80.4 78.5 77.7 79.5 80.6 91.1 108.3 130.8 138.4 145 140.7 134.2 127.4 128.5 134.8 135.2 133.5 134.1 138 140.6 146 160 164.1 166.6 175.8 186.2 189.7 193.3 198.9 202 209.8 209.4 213 215.5 207.9 206.5 203.6 197 188.6 189.8 192.1 198.7 209.5 215.1 219.6 219.5 216.1 213.6 211.2 203.6 203.6 204.1 204.2
-2 -2 -2 -2 -2 -2 -2 -2 -2 -2 -2 -2 -2 -2 -2 -2 -2 -2 -0.3 1.9 5 4.3 -2 7 14.7 15.4 17.1 31 56.8 68.6 52.2 39.7 43.9 54.9 63.9 72.5 81.4 84 81.5 81.6 79.6 78.3 78.1 79.2 79 80.8 82.8 89.3 97.1 112.6 137.3 141.7 143.4 139.1 135.6 130.5 128.4 132 134.8 135.1 134.4 134.9 135.1 142.8 151.2 161 167.2 166.6 181.4 188.2 189.2 190.8 197.6 200.8 201.9 205.2 205.5 199.8 194.2 190.3 187.7 185.5 187 191 202.2 209.1 214.9 217.6 220.3 216.5 212.7 208.7 203.6 203.6 203.6 203.6
-2 -2 -2 -2 -2 -2 -2 -2 -2 -2 -2 -2 -2 -2 -2 -2 -2 -2 1.9 5 8.5 7.1 -2 -2 14.5 16.5 17.1 18 32.3 67.3 70.3 48.4 44.8 53.6 65.3 79.1 92.8 105.7 102.8 96.8 87.1 81.3 82.4 90 88.6 91.9 92.1 97.8 111.1 115.1 121.5 138.7 136.6 134.5 134.9 131 129.8 131.9 136.4 140.9 137.7 135.1 134.4 137.2 142.2 150.5 160.5 159.2 161.9 177.3 184.4 179.9 191.1 195.2 194.5 198.2 198.8 194.1 187.7 182.8 180.7 182 186.4 197 204.1 208.2 212.7 220.4 224.2 219.2 209.8 203.7 203.6 203.6 203.6 203.6
-2 -2 -2 -2 -2 -2 -2 -2 -2 -2 3.6 22.4 21.5 5.7 7 11.6 14.7 10.8 9.1 13.6 17.7 14.7 4.8 -2 13.5 17.3 17.5 18.2 18.8 33.6 50.9 52.7 49.2 48.7 59.7 81.7 101.2 123.4 125.2 117.7 101.6 88.6 91.8 104.5 114.4 118.2 118.2 121.6 129.4 140.7 122.7 125.8 132.7 132.2 132.8 131.5 130.4 139.6 158.9 153 152.3 139.7 134.3 135.7 139.4 142.5 145.7 156.1 155.2 154.8 164.1 169 176.1 186.1 189.5 191.2 192 188.7 180.9 178.5 178.6 182.8 190.3 196.4 205.2 210.2 218.7 229.1 224.8 215.8 207.2 203.6 203.6 203.6 203.6 203.6
-2 -2 -2 -2 -2 -2 -2 -2 -2 7.9 15.8 27.8 35.1 16 11.3 13.7 24.2 27.4 26.3 20.3 19.7 20.5 19 2.9 14.1 17.8 17.8 19.8 18.3 18.7 26.4 46.2 52.4 54.2 67.5 82.7 115.5 140 142.9 134 116.2 102.2 106.9 117.6 145.7 151.5 157.3 154.4 151.7 165.6 144.6 128.9 130.1 133.4 136.2 137.3 140.5 151.3 150.8 163 154 145.6 137.9 136.7 137.6 140.5 145.3 156.5 160.1 155.5 152 165.7 173.1 179.1 183.9 186.7 185 181.6 176.5 175.5 176.1 183.9 194 198.3 206.2 218 222.7 215.7 215.9 213.5 205.5 203.9 203.6 204.4 203.6 203.8
-2 -2 -2 -2 -2 -2 -2 -2 -2 22.6 15.5 16.4 26.3 16 10.9 13.2 25.3 35.2 34 26.1 24.5 26.3 22.1 7.2 16.6 23.1 31.2 24.6 20 18.7 19.2 35.3 57.9 60 78.5 106.4 134.2 143.4 141.8 140.5 120.5 113.4 117 131.7 153 163.4 168.4 162.6 152.2 153.5 150.3 140.2 140 146.8 145.5 149.2 145.2 149.7 161.2 154.6 157.4 142.1 139.3 137.6 136.7 137.1 142.7 147.5 163.4 159.8 150.1 149 170.4 178.1 181 187.4 188.3 179.8 173.5 170.1 169.4 179.7 186.4 198.7 212.2 213.4 209 207.3 207 206.4 203.6 203.6 203.6 204 203.6 206.2
-2 -2 -2 -2 -2 -2 -2 -2 -2 26.2 17 15.2 15.3 13.7 12.9 13.6 16.7 26.1 37.4 43.2 59.3 58.9 35.1 11.2 14 53.5 66.4 48.4 23.1 21.5 20.4 22.3 40.9 56.9 80.3 131.1 140.2 141.2 138.9 135.5 120.4 116.2 134.1 133.1 149.7 165.3 163.6 155.9 151.7 150.9 150.1 152 161.5 155.8 154.3 151.1 147.2 146.8 150.6 154 146.6 139.7 137.9 140.1 139.8 136.3 137.1 141.1 145.5 150.6 148.4 143.2 151.2 169 177.1 191.5 193.6 178.7 167.8 165.2 165.2 178.7 188.2 210.3 208.9 203.8 202.6 202.4 202 204 207.7 207.3 203.7 203.6 203.6 203.6
-2 -2 -2 -2 -2 -2 -2 -2 -2 19.2 14.3 12.8 12.3 14.1 15.5 17 20.2 30.3 72.7 79.7 85.8 77.3 49.6 22.7 7.5 26 53.8 59.4 37.7 25.5 23.2 21.1 26.8 46.5 74.1 116.6 143.7 144.6 140.3 130.5 120.9 124.3 156.7 156.4 139 149.9 160.8 155.1 153.4 157.4 157.9 160.9 162.5 158.1 150.6 147.9 146 146.2 145.6 144.8 142.3 137.3 137.6 144 149.1 139 136.3 136 136 141.2 143.3 138.4 133.7 156.1 172.8 189.9 190.3 174.1 163.9 160.7 160.8 176.7 197.5 206.4 204 202.1 201 199.5 203.8 215.8 215.5 212.1 207.1 203.6 203.6 203.6
-2 -2 -2 -2 -2 -2 -2 -2 -2 2.4 10.2 13.2 15.1 36.2 37.4 30.2 40.4 62.2 91.7 89.8 95.1 88.4 69.2 45.3 19.5 9.2 34.4 54.8 58.1 52 33.2 29.2 30 37.6 56.7 105.3 132.8 137.3 139.5 128.6 117.7 129 158.2 170.5 146.3 143.1 145.7 150 152.6 156.5 163 166.6 173.7 168.7 150.7 146.1 144.2 145.1 141.7 138 137.3 133.3 132.9 137.7 142.9 139.1 131.7 125.5 123.9 129.8 137.1 135.6 129.2 143.2 167.9 176.3 180.4 175.9 159.7 158.8 159.1 170.7 191.5 199.5 200.2 199 198.8 204.9 219.3 224.6 221.5 214.8 207.2 203.6 203.6 203.9
-2 -2 -2 -2 -2 -2 -2 -2 -2 2.1 14.1 20.2 32.3 61.2 57.9 50.2 62.8 93.4 103.6 90.8 105.4 108.2 98 76.5 42.3 11 21.5 40.6 53.9 59.3 49.8 43.2 36.6 34.6 42.9 76.9 109.6 121.9 128.8 120.4 112.7 124.8 136.9 163.5 158 154.3 156.1 149.8 154.9 158.7 158.1 162.2 171.1 177.4 169.9 150.9 142.7 140.6 137 132.3 127 124.1 123.3 127.4 130.1 130.4 125.2 117.2 113.5 114.3 126.3 132.6 126.3 132 147.4 156.5 158.8 158.7 158.5 159 163.4 177.7 193.6 203.7 193.5 193.1 199.2 216 223.1 226.3 228.3 218.4 206.4 203.6 204.7 207.1
-2 -2 -2 -2 -2 -2 -2 -2 12.7 22.8 31.4 50.2 55.2 61 65 68.5 79.1 98.7 107 99.5 108.4 115.6 109.7 95.5 64.1 23.2 15.5 31.8 43.6 51.6 50.1 47.4 38.7 38.4 41.8 53.1 74.6 93.7 99.2 104.1 111.2 118.8 150.2 162.5 172.1 159.8 172.1 171.8 164.7 153.6 156.8 156.9 155.8 166.6 162.5 160.7 145.1 134.6 129.1 122.7 118.4 112.9 113.4 114.1 116.9 119.5 119.7 110.8 105 104.6 113.5 117.6 116.5 119.7 138.9 142.9 151.8 165.3 163.8 173.8 167.5 172.3 176.5 181.5 184.6 187 206.8 229.3 232.6 232.8 223.4 213.5 207.1 207.8 211.5 213.8
-2 -2 -2 -2 -2 -2 -2 14.7 29.4 45.4 52.9 77 70.6 79.3 80.2 86.1 96.6 101.9 111.3 111.7 111.6 108.9 104.5 92.3 74.4 43.9 18.5 17.5 31.7 37.9 40.4 41.2 38.8 39.7 43.1 56.9 60.7 77 90.1 100.9 121.9 126.6 143.7 167.6 175 175.3 174.6 175.7 166.6 150.5 142.9 148.2 146.8 145.4 147.6 142 135 126.8 119.4 113 107.3 106.7 104.7 103.6 103.9 107 104.5 100.6 98.7 98.6 99.4 102.7 101 106.5 116.7 130.1 148.8 158.9 162.7 166.9 167.5 164 165.8 168.8 176.3 187.4 214.6 229.6 225.4 220.9 218.8 215.8 223.6 221.5 220.3 224.7
-2 -2 -2 -2 -2 -2 23.6 23.7 34.3 53 55.2 68.2 76.3 89.6 103.5 114.5 105.6 104.7 104.6 106.4 118.3 109.7 96.4 87.7 72 54.7 27.6 18.9 22.2 30.9 35.1 38.9 43.3 56.3 59 71.1 84 84.7 101.1 94.7 110.6 125.6 126.1 160.3 167.1 175.7 172.3 167.1 161.4 150.1 143.4 135.6 132 129.7 129.2 125.2 119.4 111.3 107.2 103.9 98.7 98.8 98.7 98.7 98.7 98.7 98.7 98.7 98.7 98.7 98.7 98.7 98.7 98.8 103.6 116.5 135.4 150.6 165 162 159.2 158.5 159.4 166.6 181.7 195.9 209.9 219.4 214.7 215.3 224.8 229.3 237.8 233.1 229.1 222.9
-2 -2 -2 -2 -2 -2 35.4 37.4 43.2 49.9 58.2 69.2 86.7 99.3 112.3 122.3 130.9 128.4 114 106.9 111.5 107.2 95.4 82 73.3 63.5 41.9 20.6 23.9 30.9 36.4 45.9 66.3 79.4 84.3 92.9 118.3 114.5 126.7 120.6 104.4 126.9 126.3 150.9 164.1 167.7 165 164.3 150.5 143.9 141.1 131.7 121.2 113.2 111.7 108.7 103.8 98.7 98.7 98.7 98.7 98.7 98.7 98.7 98.7 98.7 98.7 98.7 98.7 98.7 98.7 98.7 101.9 105 104.6 112.1 135.6 145.4 156.3 156.3 154.1 154.7 159.5 170.1 187 199.4 214.7 212.5 212.5 215.3 223.4 222.3 232.8 232.5 236.7 229.8
-2 -2 -2 -2 -2 -2 46 55.1 56.9 54.8 65.9 69.4 88.1 110.9 119.1 126.1 129.9 126.1 118.9 106.8 107.7 103.6 93.9 81.1 70.2 66.8 60.2 21.9 29.2 29.7 41.2 71.6 108.3 122 124 118 136.9 146.2 129.2 146.3 134.3 131.2 130.3 129 157 168.9 163.2 156.8 142.2 130.1 127.1 120.9 110.5 102.3 98.7 98.7 98.7 98.7 98.7 102 106.7 104.3 102.1 102.2 98.7 98.7 98.7 98.7 98.7 98.7 100 106.1 103.4 106.1 107.7 108.2 127.3 142.4 143.4 147.8 152.6 159.1 166.8 178.3 193.2 202 210.2 213 212.5 212.5 215.6 218.9 241.7 249.1 248.1 245.4
-2 -2 -2 -2 -2 -2 32.7 54.7 60.2 61.1 64.1 70.9 86.9 98.2 104.2 106.6 104.3 100.8 97 95.9 89.6 86.8 82.6 74.1 67.2 61.6 58.6 23.6 29.5 31 54.6 91 148.5 171.6 167.3 152.8 137.5 163.5 148.7 139.1 150 160.6 143.8 128.6 136 156.8 155.2 139.6 130.5 120.5 117.1 112.9 101.9 98.7 98.7 98.7 98.7 100.8 103.5 104.7 105.3 105.6 104.5 103.5 99 98.7 98.7 98.7 98.6 101.5 103 106.7 109.9 109.6 112.7 111.6 110.5 122.6 131.9 145.7 155.1 162 169.9 179.7 192.4 204.4 207.4 210.1 213.7 212.8 218.8 239.4 248 250.2 247.3 239.4
-2 -2 -2 -2 -2 -2 3 25.5 43.1 53.6 54.9 62.5 65.2 74.4 81.2 80.3 78.4 74.7 76.4 77.7 74.4 69.1 67.6 63.8 56.1 52 47 38 26.6 34 51.4 88.1 142.6 180.2 184.5 167.3 159.4 162.7 169.5 162.6 143.2 144.9 161.3 129.5 121.7 126.1 130.9 125.2 116.8 111.8 106.6 104.5 98.4 98.7 98.7 98.7 101.9 105.9 107.6 108.1 110.4 111.4 113.1 111.1 107.5 101.8 103.4 104.7 106.5 108.6 104.8 106.9 109.6 110.4 118.4 117 114.2 121.4 134.5 145.6 157.4 162.1 176.8 206.5 210.9 207.9 207.8 207.8 216.5 213 218.7 234.8 239.5 243.5 243.5 245.6
