data/190000-890000.asc
ncols 200
nrows 200
xllcorner 190000
yllcorner 890000
cellsize 50
[rows 88 to 131 of 200, columns 96 to 191 of 200]
-2 -2 -2 -2 -2 -2 -2 -2 -2 -2 -2 -2 -2 -2 -2 -2 -2 -2 -2 -2 -2 -2 -2 -2 -2 -2 -2 -2 -2 -2 -2 -2 -2 -2 -2 -2 -2 -2 -2 -2 -2 -2 -2 -2 17.3 34.8 46.4 54.7 59.6 63.6 68.7 69.8 69.9 69 67.8 68.5 68.6 68 64.4 61.5 55.9 50.9 49.4 55 59.3 52.7 49 43.2 41.5 38.7 29.6 28.5 27 26.5 25.7 18.6 19.6 14.4 11.3 6.7 2.3 -2 -2 -2 -2 -2 -2 -2 -2 -2 -2 -2 -2 -2 -2 -2
-2 -2 -2 -2 -2 -2 -2 -2 -2 -2 -2 -2 -2 -2 -2 -2 -2 -2 -2 -2 -2 -2 -2 -2 -2 -2 -2 -2 -2 -2 -2 -2 -2 -2 -2 -2 -2 -2 -2 -2 -2 -2 22.1 21.6 27.7 39.7 46.2 55 59.3 64.4 68.3 72.8 78.1 78.3 74.6 74.2 74.4 74.7 70.7 66.6 61.3 56.3 53.6 53.1 54.4 54.4 54.1 51.3 44.5 36.2 31.7 30.2 27 24.5 22.8 21 18.2 14.3 12 11.9 2 -2 -2 -2 -2 -2 -2 -2 -2 -2 -2 -2 -2 -2 -2 -2
-2 -2 -2 -2 -2 -2 -2 -2 -2 -2 -2 -2 -2 -2 -2 -2 -2 -2 -2 -2 -2 -2 -2 -2 -2 -2 -2 -2 -2 -2 -2 -2 -2 -2 -2 -2 -2 -2 -2 -2 20.3 33.8 40.1 46.5 35.4 40.9 45.1 50.6 56.8 66 74.2 82 83.9 85.8 82.6 81.4 81.1 80.2 77.4 74.8 71.5 66.8 62.3 59.5 56.2 55.2 54.9 53.1 46.4 36.4 34.4 30.9 28.1 25.3 22.6 19.7 16.7 14.3 14.1 12.3 2.4 -2 -2 -2 -2 -2 -2 -2 -2 -2 -2 -2 -2 -2 -2 -2
-2 -2 -2 -2 -2 -2 -2 -2 -2 -2 -2 -2 -2 -2 -2 -2 -2 -2 -2 -2 -2 -2 -2 -2 -2 -2 -2 -2 -2 -2 -2 -2 -2 -2 -2 -2 -2 -2 -2 16.6 31.2 38.3 43.1 49.2 44.8 44.2 48 52.9 59.3 67.5 77.2 85.8 90.6 92.9 93.6 90.9 89.2 87.1 84.6 82.1 79.2 75.7 72.2 68.9 65.6 62.4 57 51.8 43.1 38.5 36.3 33.3 30.9 27.3 24.2 21.4 18.8 16.3 14.5 12.7 6.7 0 -2 -2 -2 -2 -2 -2 -2 -2 -2 -2 -2 -2 -2 -2
-2 -2 -2 -2 -2 -2 -2 -2 -2 -2 -2 -2 -2 -2 -2 -2 -2 -2 -2 -2 -2 -2 -2 -2 -2 -2 -2 -2 -2 -2 -2 -2 -2 -2 -2 -2 -2 -2 -2 23.2 30.3 38.2 44.7 49.4 51.2 50.6 51.6 55.4 60.8 71.9 81.7 90.2 98.2 101.9 101.3 97.8 96.2 92.7 90.1 87.7 85.2 82.2 79.3 75.7 72.1 68.9 64.6 58.5 46.5 41.6 40.3 36.9 34.8 30.8 27.6 24.4 22.3 20 17 14.8 12.7 6.3 -2 -2 -2 -2 -2 -2 -2 -2 -2 -2 -2 -2 -2 -2
-2 -2 -2 -2 -2 -2 -2 -2 -2 -2 -2 -2 -2 -2 -2 -2 -2 -2 -2 -2 -2 -2 -2 -2 -2 -2 -2 -2 -2 -2 -2 -2 -2 -2 -2 -2 -2 -2 10 21.5 30.8 40.1 46.1 52.9 57.6 59.4 59.1 59.7 65.7 76.4 86.5 96.9 108 112.9 108.2 103.4 101.2 98.9 95.5 93.4 91 88 82.5 79.1 76.1 72.9 69.3 65.1 55.8 46.9 43.4 42.3 39.9 36.8 32 28.8 26.7 23.8 20.7 17.9 15.5 13.1 4.4 -2 -2 -2 -2 -2 -2 -2 -2 -2 -2 -2 -2 -2
-2 -2 -2 -2 -2 -2 -2 -2 -2 -2 -2 -2 -2 -2 -2 -2 -2 -2 -2 -2 -2 -2 -2 -2 -2 -2 -2 -2 -2 -2 -2 -2 -2 -2 -2 -2 -2 -2 9.2 17.9 33.7 44.4 51.2 57.8 60.7 64 65.3 67.7 71.6 78.5 88.8 101.8 117.9 119.6 112.6 107.4 105 102.9 100.4 98.1 94.8 90.4 85.6 82.2 79.2 76.2 72.9 69 65 54.5 45.8 48.5 47.8 44 38.5 33.8 30.7 27.6 24.5 21.4 18.8 16.2 13.5 3.1 -2 -2 -2 -2 -2 -2 -2 -2 -2 -2 -2 -2
-2 -2 -2 -2 -2 -2 -2 -2 -2 -2 -2 -2 -2 -2 -2 -2 -2 -2 -2 -2 -2 -2 -2 -2 -2 -2 -2 -2 -2 -2 -2 -2 -2 -2 -2 -2 -2 -2 7.1 12.8 29.5 43.6 55.7 63.4 60.7 61.9 65.5 69.3 71.9 75.3 81.4 91.3 110.2 119.6 111.2 107.8 106.2 104.6 102.8 100.4 96.3 91.8 87.5 84.4 80.8 77.9 75.3 72.7 69.3 61.1 49.6 54.6 52.9 50.8 45.9 41.8 35.4 32.4 29 25.3 22 19.4 16.7 13 1.2 -2 -2 -2 -2 -2 -2 -2 -2 -2 -2 -2
-2 -2 -2 -2 -2 -2 -2 -2 -2 -2 -2 -2 -2 -2 -2 -2 -2 -2 -2 -2 -2 -2 -2 -2 -2 -2 -2 -2 -2 -2 -2 -2 -2 -2 -2 -2 -2 -2 5.6 14.4 22.8 37.1 46.3 50.9 55.6 59.4 60.8 62.2 64.4 68.4 74 82 89.6 101.8 103.5 104.3 104.3 104.5 103.8 101.5 97.8 93.2 89.2 85.9 82.3 79.7 77.2 74.8 72.2 66.7 54.9 59 59.4 56.4 52.9 48.7 42.9 38.5 34 29.4 26.3 23.4 20.4 17.2 6.8 -2 -2 -2 -2 -2 -2 -2 -2 -2 -2 -2
-2 -2 -2 -2 -2 -2 -2 -2 -2 -2 -2 -2 -2 -2 -2 -2 -2 -2 -2 -2 -2 -2 -2 -2 -2 -2 -2 -2 -2 -2 -2 -2 -2 -2 -2 -2 -2 -2 7.2 16 28.7 36.7 48.9 59.5 61.3 59.8 60.1 60.7 63 68.6 72 72 76 88.8 92 93.2 96.7 98.6 100 99.2 97.4 93.7 90.2 87.2 84.1 81.6 79.1 76.8 74.7 71.5 59.6 58.5 61 61.1 57.9 53.3 50.8 46.6 39.8 35.5 31.1 27.5 23.7 19.5 16.7 3.9 -2 -2 -2 -2 -2 -2 -2 -2 -2 -2
-2 -2 -2 -2 -2 -2 -2 -2 -2 -2 -2 -2 -2 -2 -2 -2 -2 -2 -2 -2 -2 -2 -2 -2 -2 -2 -2 -2 -2 -2 -2 -2 -2 -2 -2 -2 -2 -2 14 18.8 31.5 35.2 46.4 58.1 62.1 61 60.9 61.2 61.9 65.8 72 69 68 70.8 77.4 81.5 85 88.4 91.2 92.2 92.3 91.9 90.1 88 85 82.2 80.1 78.2 76.1 74.6 67.3 58.6 62.7 64.2 60.7 57.7 56.5 53.3 46.6 44.2 39.2 32.3 26.2 22.7 19.8 14.4 3.4 -2 -2 -2 -2 -2 -2 -2 -2 -2
-2 -2 -2 -2 -2 -2 -2 -2 -2 -2 -2 -2 -2 -2 -2 -2 -2 -2 -2 -2 -2 -2 -2 -2 -2 -2 -2 -2 -2 -2 -2 -2 -2 -2 -2 -2 -2 7.5 13.8 20.1 35.2 39.4 48.8 59 65.8 63.1 61.7 62.7 62.6 62.8 63.4 65.3 67.2 68.6 73.5 75.7 78.8 82.8 85.5 86.3 86.9 87.9 87.1 85.9 85 83.3 81.5 79.6 77.7 76.5 73.3 61 65.1 66.4 64.5 61.8 61 57.5 54 51.1 45.8 36.2 32.6 29.1 23.2 20.1 14.2 3.7 -2 -2 -2 -2 -2 -2 -2 -2
-2 -2 -2 -2 -2 -2 -2 -2 -2 -2 -2 -2 -2 -2 -2 -2 -2 -2 -2 -2 -2 -2 -2 -2 -2 -2 -2 -2 -2 -2 -2 -2 -2 -2 -2 -2 -2 6.6 11.1 21.5 37.4 47.2 55.3 64.4 65.3 68.8 66.3 64.6 64.1 65 67.5 71.7 75.7 80.1 77.4 76.7 78.5 82.2 84.7 85.5 86.4 86.5 86.1 84.9 84 83 81.8 80.5 79.2 77.7 75.3 65.6 66.6 68.5 66.7 64.8 62.9 60.3 59.2 54.2 45.5 42.5 41.7 37.1 30.6 26.1 22.6 17.3 7.7 -2 -2 -2 -2 -2 -2 -2
-2 -2 -2 -2 -2 -2 -2 -2 -2 -2 -2 -2 -2 -2 -2 -2 -2 -2 -2 -2 -2 -2 -2 -2 -2 -2 -2 -2 -2 -2 -2 -2 -2 -2 -2 -2 -2 -2 9.9 23.5 33.5 46 62.8 72.4 77.2 71 73.2 67.9 68.1 70.7 74.5 80.8 88.9 90 87.1 80.6 81.2 83.2 84.8 86 86.5 86.1 85.3 84.7 83.7 82.3 81.7 80.5 79.5 78.6 76.7 72.1 64.7 69.1 69.5 67.7 65.7 63.7 62.1 55.1 47.2 51.2 48.6 43.2 36.8 32.1 27.9 23.8 19.9 10.2 3 0.9 -2 -2 -2 -2
-2 -2 -2 -2 -2 -2 -2 -2 -2 -2 -2 -2 -2 -2 -2 -2 -2 -2 -2 -2 -2 -2 -2 -2 -2 -2 -2 -2 -2 -2 -2 -2 -2 -2 -2 -2 -2 -2 13.1 23.1 35.6 47.5 57 73 77.5 74.2 73.5 72.6 75.2 81.1 85.1 91 96.1 98.1 95.2 88.2 84.8 86.4 88.1 89.9 88.1 87.1 85.6 84.5 83.3 81.9 80.9 79.8 78.8 78.1 77.6 75.6 73.4 68.6 68.2 69 68.2 66.1 63.6 52.7 58.7 57.6 53.5 48.5 42.2 36.7 32.3 28.4 24.2 18.9 12.5 9 4.8 2.4 -2 -2
-2 -2 -2 -2 -2 -2 -2 -2 -2 -2 -2 -2 -2 -2 -2 -2 -2 -2 -2 -2 -2 -2 -2 -2 -2 -2 -2 -2 -2 -2 -2 -2 -2 -2 -2 -2 -2 6.4 17.7 30.6 45.5 59.2 69.2 73.4 81 78.6 75.5 78.6 85.1 91.4 98.8 104.7 108.9 111 103.9 94.6 89.6 89.6 91.5 94.4 93 89.9 88.1 86.2 84 82.2 79.5 79.5 78.7 78.1 77.5 77 76.7 74.9 72.9 70.6 70.2 68.8 64.1 61.7 62.5 60.7 58.2 53 48.2 42.8 36.4 31.7 29.3 24.3 19.8 18.9 17.3 9.7 4.6 1.5
-2 -2 -2 -2 -2 -2 -2 -2 -2 -2 -2 -2 -2 -2 -2 -2 -2 -2 -2 -2 -2 -2 -2 -2 -2 -2 -2 -2 -2 -2 -2 -2 -2 -2 -2 -2 -2 8.7 23.2 34.8 56.2 77.3 92.3 99.3 95.8 85.4 80.4 81.4 87.7 99.4 113.8 117.4 122.1 121.8 113.7 106.1 96.9 92.4 94 96.1 95.5 93.9 91.9 89.4 87 85 82.5 80.7 79.5 78.5 77.9 78.3 78.1 77.1 75 73.4 71.9 70.4 65.7 65.6 65 63.7 61.7 58.6 54 48.7 43.6 38.7 34.7 27.6 23.9 22.8 19.7 17.1 12.9 8.8
-2 -2 -2 -2 -2 -2 -2 -2 -2 -2 -2 -2 -2 -2 -2 -2 -2 -2 -2 -2 -2 -2 -2 -2 -2 -2 -2 -2 -2 -2 -2 -2 -2 -2 -2 -2 -2 11.2 23.5 38.2 58.3 84.8 105.6 107 99.2 89.2 86.5 86.8 88.6 93.1 115.3 129.7 135.4 130.6 119.5 113.2 106.7 100.1 96.4 97.5 97.6 96.7 94 91.3 89.6 87.9 85.8 83.3 82.1 80.3 79 79.4 79 77.5 76.3 74.9 73.4 71.6 69 66.9 68.1 66.1 64 61.4 57 52.7 48 43.8 37.6 31.2 30.1 27.6 24.7 19.4 15.4 13.5
-2 -2 -2 -2 -2 -2 -2 -2 -2 -2 -2 -2 -2 -2 -2 -2 -2 -2 -2 -2 -2 -2 -2 -2 -2 -2 -2 -2 -2 -2 -2 -2 -2 -2 -2 -2 -2 17.5 26.6 42.7 61.3 86.7 102.9 102.4 95.8 91.2 90.2 90.3 93.4 97.3 102.7 113.6 141.3 134.4 122.7 115.8 111 106 99.9 99.7 99.7 98.1 95.6 93 91.4 90 88 86 83.4 80.5 80.5 80.3 79.9 79.1 77.9 76.4 74.9 72.7 71 69.3 69.3 68.5 66.4 63.9 60.1 57.3 54.4 46.1 40.9 40.5 38.1 34.8 30.3 25.6 20.3 17.5
-2 -2 -2 -2 -2 -2 -2 -2 -2 -2 -2 -2 -2 -2 -2 -2 -2 -2 -2 -2 -2 -2 -2 -2 -2 -2 -2 -2 -2 -2 -2 -2 -2 0.5 1.4 3 6.7 24.7 35.3 52.4 73.1 88.4 98.8 108.1 105 105.1 99 95.3 102.9 109.6 117.2 120.1 118.9 122.2 120.6 117.9 113.2 109 103.7 102.1 102 100.6 98.2 95.5 93.3 91.7 90.2 87.6 85.2 83.4 82.2 81.7 81.2 80.7 79.3 77.8 76.1 74.4 72.8 71.8 71.4 70.4 69.3 66.9 63.6 58.7 54 50.3 50.6 48.7 45.4 41.9 37.6 32.3 27.8 23.4
-2 -2 -2 -2 -2 -2 -2 -2 -2 -2 -2 -2 -2 -2 -2 -2 -2 -2 -2 -2 -2 -2 -2 -2 -2 -2 -2 -2 -2 -2 -2 1.9 3.2 3.8 6.6 15.7 25 33 44.3 59 78.9 102.7 114.8 120.1 113.4 114.6 110.6 105.8 119.2 125.6 129.2 131.1 133.6 126.7 122.6 119.3 115.9 112.5 107.8 104 103.1 102.3 100.5 97.6 95.6 93.9 92.3 90 87.7 86.4 85.1 84.1 83.2 82.5 80.9 79.3 77.8 76.4 75.1 74.1 73.1 72.1 71 69.5 62.4 59 58.4 58.1 56.5 53.6 50.5 47.2 43.6 41.8 37.2 31.4
-2 -2 -2 -2 -2 -2 -2 -2 -2 -2 -2 -2 -2 -2 -2 -2 -2 -2 -2 -2 -2 -2 -2 -2 -2 -2 -2 -2 -2 -2 -2 4.1 16.5 23.1 29.6 31.2 33.7 40 50.1 65 85.3 108.4 118.3 129.9 130.5 138.5 139.2 134.8 140.9 144.8 149.1 147.3 137.4 130.6 126.4 122.1 118.5 115.4 112.5 109.2 105.7 104 102.3 100.1 98.8 97.1 95.4 93.1 91.8 90.4 89.1 87.5 86.3 84.9 83.4 82.1 80.8 79.2 77.6 76.3 75.2 74.2 73.2 71.6 64.5 67.3 66 63.4 60.1 58.7 56.4 52.9 49.1 47.5 44.2 38
-2 -2 -2 -2 -2 -2 -2 -2 -2 -2 -2 -2 -2 -2 -2 -2 -2 -2 -2 -2 -2 -2 -2 -2 -2 -2 -2 -2 -2 -2 -2 10.9 30.2 34.8 39.1 42.5 46.3 47.4 55 67.5 84 106.8 111.3 128.9 142.2 165.5 165.2 154.5 163.7 171.6 167.6 159 147.5 140.3 134.6 129.6 125.4 121.4 119 115.4 111 108 105.3 103.7 102 100.3 98.6 97.2 96 94.9 93.6 92.2 90.5 88.7 86.5 85.2 84.1 82.7 80.9 79 77.5 76.5 75.5 73.5 70.4 66.7 68.7 66.9 64.5 62.3 60 56.4 54.4 52.1 48.7 45.8
-2 -2 -2 -2 -2 -2 -2 -2 -2 -2 -2 -2 -2 -2 -2 -2 -2 -2 -2 -2 -2 -2 -2 -2 -2 -2 -2 -2 -2 -2 -2 16.4 32.9 38.9 44.2 49.4 54.6 59.3 63.6 66.9 77.4 87.8 104.4 122 145.2 160.2 157.5 158.7 168.4 178.5 172.1 165 155.9 151.1 145.4 140.6 135.5 131.4 126.7 123.7 118.6 115.3 112 109.5 106.6 104.4 102.6 101 99.8 98.8 97.8 96.7 95.1 93.4 90.7 89 87.5 86.3 84.4 82.4 80.7 79.4 78.3 76.3 74.3 69 70.3 69.3 67.2 64.9 62.6 60.8 58.6 56.7 52.7 50.9
-2 -2 -2 -2 -2 -2 -2 -2 -2 -2 -2 -2 -2 -2 -2 -2 -2 -2 -2 -2 -2 -2 -2 -2 -2 -2 -2 -2 -2 -2 -2 14.6 31.5 40 47 53.4 59.8 66 71.7 77.8 83.4 88.5 102.4 112.6 123.3 134.8 147.4 158.9 172.7 175.2 171.5 169.4 165.4 160.7 156.1 150.3 146.1 141.4 136.9 132.9 127.6 123.6 119.8 117.3 114 111 108.7 106.7 105 103.2 101.9 100.6 99.1 97.6 95.9 94.3 92.3 91.2 89.3 87.3 84.7 82.8 81.8 79.5 75.9 74.4 73.8 71.8 69.7 67.2 65.7 64.8 63 60.4 57.3 56
15.4 -2 -2 -2 -2 -2 -2 -2 -2 -2 -2 -2 -2 -2 -2 -2 -2 -2 -2 -2 -2 -2 -2 -2 -2 -2 -2 -2 -2 -2 -2 12.6 28.2 37.6 46.4 54.8 62.2 69.9 76.9 84 91.5 96.7 102.1 111.3 120.8 134.5 148.9 156.8 161.7 167.5 169.7 169.9 169.1 167.5 165.1 161.7 157.3 152.9 148 143.4 138.8 134.3 130.7 125.9 122.5 119.7 116.7 113.8 111.6 109 106.3 104.8 103 101.7 100.8 99.2 97.1 96.3 94.4 92.3 89.4 87.1 85.4 83 79.9 78.6 77.7 75.8 73.1 69.7 68.3 67.4 66.6 64.5 62.6 60.3
15.3 -2 -2 -2 -2 -2 -2 -2 -2 -2 -2 -2 -2 -2 -2 -2 -2 -2 -2 -2 -2 -2 -2 -2 -2 -2 -2 -2 -2 -2 -2 9.9 22.8 34 43.4 52.6 62 70.8 79.2 87.4 95.1 101.9 107.1 112.1 117.2 126.5 133.5 142.9 152.1 160.3 167.5 169.7 167.7 169.2 169.2 168.2 166.3 163 159.2 155 150.4 146.2 141.8 136.3 132.4 128.6 125.1 121.9 119.1 115.9 113.1 110.7 108.6 106.5 105.2 103.7 102.4 101.6 99.8 97.2 95.1 92.6 89.7 87.8 84.8 82.7 81.7 79.9 77.6 74 71.1 69.6 68.5 67.7 66.5 64.3
24.5 -2 -2 -2 -2 -2 -2 -2 -2 -2 -2 -2 -2 -2 -2 -2 -2 -2 -2 -2 -2 -2 -2 -2 -2 -2 -2 -2 -2 -2 -2 4.7 18.5 27.9 37.5 47.8 57.9 68 78.1 87.9 96.4 104.1 109.9 115.5 119.7 126.6 132.9 140.1 147.6 154.6 159.7 164.2 165.8 166.9 167.5 168.2 168.2 167 165.4 162.9 159.9 155.8 152.3 148 142.9 138.1 134.2 130.7 128.4 125.2 122 118.7 116.9 113.7 110.6 108.7 107.4 106.4 104.5 102.1 101 98.7 95.6 93.3 90.2 87.7 85.4 83.6 81.9 79.2 76.5 73.1 70.8 70.3 68.6 67
26.9 -2 -2 -2 -2 -2 -2 -2 -2 -2 -2 -2 -2 -2 -2 -2 -2 -2 -2 -2 -2 -2 -2 -2 -2 -2 -2 -2 -2 -2 -2 3 15.7 23.7 31.2 41.6 51.3 62.6 74 84 95.2 102.6 107.2 115 122.5 127.7 133.3 139.6 146.5 154.1 160.6 166.2 167.5 166.3 166.4 167 167.3 167 166 165.6 164.7 162.7 161.1 157.8 154.3 150 145 140.4 136.8 134 130.8 127.6 125 121.3 118.1 115.5 113.3 111 109.1 107.3 106 104.7 101.7 98.8 96.3 92.5 89.6 87.3 85.6 84.7 82.4 78.4 74.8 72.5 70.8 69
28 -2 -2 -2 -2 -2 -2 -2 -2 -2 -2 -2 -2 -2 -2 -2 -2 -2 -2 -2 -2 -2 -2 -2 -2 -2 -2 -2 -2 -2 -2 4.3 13.4 20.2 26.5 34.7 45.1 55.2 65.5 72.6 83.5 89.6 98.3 108.5 114.2 120.2 128.2 136.5 143.5 150 156 162.4 166.6 164.5 165 165.6 166.1 166.2 165.7 165.7 165.7 164.8 163.4 162.9 160.8 157 154.6 151.8 147.3 142.9 139.4 136.2 133 129.9 126.8 123.3 120.9 116.7 114.3 112.4 110.8 108.9 107.1 105.1 102.4 99.1 95.3 91.2 90.1 89.2 88.3 84.1 79.1 76 74.4 72
26.8 9.6 4.2 -2 -2 -2 -2 -2 -2 -2 -2 -2 -2 -2 -2 -2 -2 -2 -2 -2 -2 -2 -2 -2 -2 -2 -2 -2 -2 -2 -2 2.4 13.3 19.5 25.7 30.6 37.2 46.6 54.4 61.7 69.8 81.6 91.8 97.3 102.7 112.4 121.1 130.4 138 145.9 150.5 154 156.9 159 161.2 162.3 163.1 163.9 164.3 164.4 164.5 164.9 165.3 164.4 163.9 163.1 161.5 159.8 157.4 154 149.6 145.2 141.8 138.5 135.4 131.8 129.4 124.9 121.6 118.8 116.1 114.1 112.4 110.6 108.2 105.5 100.6 95.6 94.5 94.3 92.5 89.6 84.7 80.9 78.3 76.2
25.4 13.4 -2 -2 -2 -2 -2 -2 -2 -2 -2 -2 -2 -2 -2 -2 -2 -2 -2 -2 -2 -2 -2 -2 -2 -2 -2 -2 -2 -2 -2 3.4 12.4 18.7 24.9 28.8 33.1 39.3 48.4 54.9 62.8 71.3 79.5 87 95.6 104.1 114.2 123.7 133.3 140.8 144.9 148 150.8 153.5 155.7 157.5 159 159.9 160.8 161.7 162.3 163.1 164 164.7 164.9 164.5 164.1 163.4 162.1 161 158.9 156 152.1 148 144.9 141.2 137.8 134.9 129.9 126.3 123.4 120.1 117.7 116 113.6 110.5 106.6 101.6 99 100.3 97.2 94.3 90.5 86.4 83.6 81.4
24 10.1 -2 -2 -2 -2 -2 -2 -2 -2 -2 -2 -2 -2 -2 -2 -2 -2 -2 -2 -2 -2 -2 -2 -2 -2 -2 -2 -2 -2 -2 6.8 13.6 18 22.2 25.5 30.3 35.9 43.4 50.1 57 65 70.6 79.1 87.6 97.6 109.3 118.9 127.6 133.7 137.7 140.7 144.5 147.8 150.3 152.4 154.1 155.8 157 158.1 159.3 160.3 161.2 162.2 163.2 163.6 164.1 164.3 164.2 164 162.3 162 160.6 157.6 153.6 150.2 146.3 142.6 139.2 136.4 132.5 128.8 124.6 121.9 119 114.4 111 107.5 102.7 103.8 101.1 98.1 96.3 91.9 89.4 86.9
19.4 2.5 -2 -2 -2 -2 -2 -2 -2 -2 -2 -2 -2 -2 -2 -2 -2 -2 -2 -2 -2 -2 -2 -2 -2 -2 -2 -2 -2 -2 5.2 10.2 14.9 17.9 20.1 23.4 27.9 33 38.2 45.2 52.2 59.2 65 74.7 83.7 92.1 100 107.7 115.7 122.2 128.1 132.9 137.4 140.8 143.7 146 148.2 150.2 151.9 153.6 155.5 156.8 158 158.9 160.1 161 161.8 162.9 163.7 164 164.2 163.9 163.8 163 161.6 158.9 154.9 150.6 148.2 144.4 141.1 136.9 132.9 129 124.8 119.6 115.2 112.3 109.9 108 105 102 101 97.7 95.2 92.3
16.2 1 -2 -2 -2 -2 -2 -2 -2 -2 -2 -2 -2 -2 -2 -2 -2 -2 -2 -2 -2 -2 -2 -2 -2 -2 -2 -2 -2 6 10.5 13.3 15 16.6 19 22 25.2 29.6 34.4 39.6 45.5 52.9 60.2 67.5 74.9 82.5 90.3 97.2 105 111.5 116.9 122.8 128.1 132.2 134.8 137.9 141.2 144.1 146 148 150 151.1 152.6 154.9 156.5 157.8 158.6 159.9 161.1 162 163.2 164.3 164.4 164.7 164.5 164.1 162.6 159.8 156.3 152.7 148.5 145.5 142 137.9 132.1 126.5 122.4 117.9 115.3 114.1 112.4 108.1 105.9 103.8 100.1 97.3
16.5 1.1 -2 -2 -2 -2 -2 -2 -2 -2 -2 -2 -2 -2 -2 -2 -2 -2 -2 -2 -2 -2 -2 -2 -2 -2 -2 -2 7.2 10.5 12.1 12.7 12.9 14.6 16.8 19.8 22.7 26 31.2 35.3 41.1 47.3 53 59.8 66.8 73.8 80.9 88 95.1 101.6 107.6 113.5 118.3 122.5 126.5 130.3 133.3 136.6 139.1 141.1 143.1 145.2 147.2 149.2 151.2 153.4 154.7 156.2 157.7 159.1 160.2 161.4 162.6 163.8 164.1 164.5 164.8 164.6 163.5 160.3 157.4 153.5 150.4 146.9 141.6 136.7 131.5 126.2 120.8 120 118.4 115.2 111 109.9 105.5 102.6
19.9 1.5 -2 -2 -2 -2 -2 -2 -2 -2 -2 -2 -2 -2 -2 -2 -2 -2 -2 -2 -2 -2 -2 -2 -2 -2 -2 2.9 9 11 10.6 10.5 11 12.6 14.7 17.1 19.3 22.6 27.2 31.1 35 39.7 45.4 51.2 58.6 65.4 72 78.7 85.8 92 98 103.9 108.3 111.8 117.2 121.9 124.2 126.8 131 133.6 135.5 138 140.4 142.4 144.7 147.1 149.4 151.6 153.1 154.8 156.9 157.9 159.4 160.6 162.2 163.8 164 164.5 165.5 165.2 164 161.5 158.3 155 151.1 146.2 141.9 135.2 130.9 127.3 123.3 120.9 117.6 116.7 110.7 107.4
22.3 1.7 -2 -2 -2 -2 -2 -2 -2 -2 -2 -2 -2 -2 -2 -2 -2 -2 -2 -2 -2 -2 -2 -2 -2 -2 -2 -2 -2 7.1 8.7 8.7 9.4 10.9 12.4 14.2 16.8 20.1 24 27.4 30.4 34.1 38.5 44.1 49.8 56.2 63.7 70.3 76.3 82.3 88.3 93.3 98.1 102.8 107 111.5 115.8 118.9 122.1 124.8 127.4 130.2 132.6 134.7 137.6 139.9 142.5 144.9 147.5 150.1 152.1 154.2 156.1 157.7 159.4 161.2 162.9 163.9 164.6 165.4 166 165.9 163.7 161.9 158.5 154.8 151.2 146 140.1 136 129 126.9 124.5 122.5 116.5 112.8
25.6 4.4 -2 -2 -2 -2 -2 -2 -2 -2 -2 -2 -2 -2 -2 -2 -2 -2 -2 -2 -2 -2 -2 -2 -2 -2 -2 -2 -2 2 3.9 5.9 7.8 9.1 10.4 12.2 14.1 17.3 20.8 24.1 27.6 30.6 33.9 37.2 41.1 46.1 54.2 60.3 66.5 72.5 77.8 83.2 88.7 94.2 98.3 102.7 106.3 109.7 113.6 116.2 118.6 120.6 123 126.2 129.2 131.5 134.8 136.8 140.1 143 146 149.1 151.5 153.7 156 158.2 159.9 161.5 163.3 164.5 165.4 166.3 167 166.9 165.2 162.3 159.3 155.4 149.4 145 138.4 135.5 131.9 128.2 124 119.4
26.6 15.3 -2 -2 -2 -2 -2 -2 -2 -2 -2 -2 -2 -2 -2 -2 -2 -2 -2 -2 -2 -2 -2 -2 -2 -2 -2 -2 -2 -2 -2 0.9 3.9 6.9 7.9 8.9 10.9 14.3 17.4 20.6 24.6 28.7 32 34.1 36.1 38.4 43.8 50 56.3 62.4 67 72.6 80 84.7 89.2 93.7 97.4 101.9 104.5 108.4 111 114.1 116.2 118 120.5 122.9 125.1 128.1 132.1 135.8 138.3 140.7 144.6 147.6 150.5 152.7 156.1 159.2 161.3 162.4 163.3 164.7 165.9 167.6 167.9 167.1 165.7 162.8 159 151.9 147.3 142.4 139.3 136.4 132 127.1
26.7 19 4.5 -2 -2 -2 -2 -2 -2 -2 -2 -2 -2 -2 -2 -2 -2 -2 -2 -2 -2 -2 -2 -2 -2 -2 -2 -2 -2 -2 -2 -2 -2 2.9 4.2 5.3 8.1 11.5 14.1 17.3 21.7 25.2 28.6 30.7 31.6 33.5 36.3 39.8 46.3 53.2 58.7 65.8 71 74.2 79.9 84.7 89.3 93.8 97.3 101.8 105.2 107.8 109.9 111.6 113.3 115 117.5 120 122.1 125.5 129.3 133.1 136.8 140.1 143.4 146.3 149.8 153.4 156.7 158.8 161.2 162.5 164.3 166.9 167.9 169 169.7 168.8 166.1 161.1 158 150.5 148.8 142.3 139.3 135.8
25.1 18.3 8.3 -2 -2 -2 -2 -2 -2 -2 -2 -2 -2 -2 -2 -2 -2 -2 -2 -2 -2 -2 -2 -2 -2 -2 -2 -2 -2 -2 -2 -2 -2 0 1.7 2.4 5.5 9.8 11.4 14.3 17.5 20.7 23.1 25.5 27.5 30 32 33.3 39.2 45.9 52.8 58.8 63.3 65.9 68.8 72.3 77.2 82.4 87.4 93.8 96.9 101.4 105 107.4 108.6 109.9 111.4 113 114.8 117.2 121 123.6 127.8 131.6 134.5 139.2 143 146.9 149.8 154.1 157.6 160.5 162.9 165.7 168 169 170.4 171.5 172.1 169.9 166.1 161.8 155.9 150.8 145.7 142.7
22 15.9 4.1 -2 -2 -2 -2 -2 -2 -2 -2 -2 -2 -2 -2 -2 -2 -2 -2 -2 -2 -2 -2 -2 -2 -2 -2 -2 -2 -2 -2 -2 -2 -2 0.2 1.5 1.9 7.7 9.6 10.9 13 16.4 21.3 21.6 24.3 26.9 27.6 31.4 37.4 43.8 51.4 56.8 60.8 63.4 64 64.5 68.7 72.5 76.2 82.7 86.8 92.1 96.3 98.7 101.3 103.6 105.5 107.6 109.7 111.2 113.3 116 119.4 123.1 126.7 131.5 136.3 140.7 144.5 148.3 152 156.6 160.5 162.8 165.9 168.6 170.7 172 173.1 174.6 173.2 170.9 165.8 158.5 154.2 149.2
19.1 13.7 -2 -2 -2 -2 -2 -2 -2 -2 -2 -2 -2 -2 -2 -2 -2 -2 -2 -2 -2 -2 -2 -2 -2 -2 -2 -2 -2 -2 -2 -2 -2 -2 -0.3 0.9 2.1 4.4 8 9.5 9.3 13.1 15.4 18.2 19.6 21.8 23.5 27.2 33.5 40.5 46.4 51.2 58.5 61.2 58.5 59 60.4 63.9 68.4 74 77.5 80.7 83.1 84.7 88.3 92.1 95.9 99.7 102.4 105.9 108.9 111.1 113.7 116.6 119.6 122.9 127.6 131.9 137 141.9 145.7 150.7 155.7 159.1 161.9 165.6 169.2 170.4 172.3 173.4 176.2 176.4 174.7 168.7 162 156
