data/190000-700000.asc
ncols 200
nrows 200
xllcorner 190000
yllcorner 700000
cellsize 50
[rows 35 to 69 of 200, columns 79 to 157 of 200]
107.8 95.6 92.9 94.3 79.6 61.6 43.3 32.7 34.4 33.9 32.7 32.7 32.7 32.7 32.7 32.7 32.7 32.7 32.7 32.7 32.7 32.7 32.7 32.7 32.7 32.7 32.7 32.7 32.7 32.7 32.7 32.7 32.7 32.7 32.7 32.7 32.7 32.7 33.6 37.9 42 46.3 48.7 51.5 54.4 59.2 63.8 66.8 73.7 81.9 91.2 99.4 109.9 118.7 124.4 128.7 132.2 137.2 143 149.1 154.8 159.1 165 174.2 184.2 193.1 201.4 208.9 215.1 221.6 231.9 243.8 255.5 272.4 290.7 307.6 323.8 341.2 342.9
91.1 81.9 85.9 74.3 56 40.9 32.7 32.7 34 32.7 32.7 32.7 32.7 32.7 32.7 32.7 32.7 32.7 32.7 32.7 32.7 32.7 32.7 32.7 32.7 32.7 32.7 32.7 32.7 32.7 32.7 32.7 32.7 32.7 32.7 32.7 33.7 37.6 35.8 39.3 45.2 47.9 49.9 53.5 57.1 62 67.1 74.1 81.9 89.7 98.5 106.9 114.7 122.7 126.4 129.1 132.7 137.6 143.9 150.1 157.2 160.9 168.6 177.9 187.1 195.5 202.5 212 218.8 225.6 234.4 245.1 257.2 275.1 294.2 308.3 321.5 323.2 315.8
72.7 73.2 66.6 49.9 39.1 32.7 32.7 33.6 32.7 32.7 32.7 32.7 32.7 32.7 32.7 32.7 32.7 32.7 32.7 32.7 32.7 32.7 32.7 32.7 32.7 32.7 32.7 32.7 32.7 32.7 32.7 32.7 32.7 32.7 32.7 35.7 37.6 38.6 39.2 42.6 45.9 48.7 52.8 56.5 60.2 65.9 73 81.1 89.5 96.1 101.8 108.8 116.6 122.6 126.4 129.2 133.1 137.2 143.2 148.6 158.3 164.8 172.5 181.1 190.2 198.4 205.7 213.5 222.3 229.2 238.5 249.3 262.2 277.4 294.2 303.7 311.4 306.3 304.5
63.5 57.7 44.6 32.7 32.7 32.7 34.6 32.7 32.7 32.7 32.7 32.7 32.7 32.7 32.7 32.7 32.7 32.7 32.7 32.7 32.7 32.7 32.7 32.7 32.7 32.7 32.7 32.7 32.7 32.7 32.7 32.7 32.7 32.7 32.7 36.3 39.1 39.7 45.6 46.4 47.3 51.8 55.7 60 64.2 71.1 78.6 86.8 94.7 100.6 105.7 110 117.1 121.8 124.7 128.4 131 134.9 147.6 153.1 161.8 170.2 176.9 184.3 192.8 200.9 209.3 217.3 225.3 233.2 242.5 253.8 266.5 278.4 291.6 295.7 293.8 293.6 297.5
48.3 41.3 32.7 32.7 32.7 32.7 32.7 32.7 32.7 32.7 32.7 32.7 32.7 32.7 32.7 32.7 32.7 32.7 32.7 32.7 32.7 32.7 32.7 32.7 32.7 32.7 32.7 32.7 32.7 32.7 32.7 32.7 32.7 32.7 34.5 37.9 39.2 41.6 43.8 45.7 48.8 54.8 59.2 63.5 68.8 75.6 82.8 89.5 97.3 102.8 108.2 110.6 115.7 119.8 122.8 125.1 132 142.7 141.8 154.4 166.4 174.7 181.9 187.5 195.2 203.8 212.4 220.2 227.2 236.1 245.9 257.2 266.8 275.6 279.3 280.8 284.3 291.4 298.7
35.4 32.7 32.7 32.7 32.7 32.7 32.7 32.7 32.7 32.7 32.7 32.7 32.7 32.7 32.7 32.7 32.7 32.7 32.7 32.7 32.7 32.7 32.7 32.7 32.7 32.7 32.7 32.7 32.7 32.7 32.7 32.7 32.7 37.1 38.5 38 41.9 43.7 43.3 45.8 49.8 56.7 61.7 67.2 74.6 80.4 86.4 92 97.9 101.7 106.4 108.1 113 114.3 122.4 127.8 135.2 145.4 154.6 163.9 165.7 176.3 184.2 191.2 197.9 205.1 214.1 223.1 230.5 238.8 248.9 259 266.8 271.4 274.9 279.7 286.1 293.5 301.1
32.7 32.7 32.7 32.7 32.7 32.7 32.7 32.7 32.7 32.7 32.7 32.7 32.7 32.7 32.7 32.7 32.7 32.7 32.7 32.7 32.7 32.7 32.7 32.7 32.7 32.7 32.7 32.7 32.7 32.7 32.8 32.7 35.3 38.3 39.1 38.8 41.8 40.6 43.9 47.7 54.2 57.6 60.5 69.9 79.4 84.6 88.8 92.9 97 99.7 103.4 105.3 112 117.8 127.6 130.1 146.4 155.4 156 163.4 172.4 171 186.7 194.5 201.1 207.9 215.8 225.1 234.1 242.2 250.3 258.4 264.5 268.8 273.4 280.6 288 296.7 303.3
32.7 32.7 32.7 32.7 32.7 32.7 32.7 32.7 32.7 32.7 32.7 32.7 32.7 32.7 32.7 32.7 32.7 32.7 32.7 32.7 32.7 32.7 32.7 32.7 32.7 32.7 32.7 32.7 32.7 34.2 36.9 36.7 36.8 37.8 38.7 39.7 40.2 43 46.9 53.3 57.4 61 64.6 75.3 82.3 89.1 91 94.4 95.3 98.3 106.5 117 118.7 121.7 128.1 138.8 146.7 150.8 157.9 167.9 181.3 182.7 187.7 196.5 202.5 210.9 219.7 227.5 235.9 243.3 248.3 254.7 260.4 269.1 276.1 282.7 289.8 297.6 304.1
32.7 32.7 32.7 32.7 32.7 32.7 32.7 32.7 32.7 32.7 32.7 32.7 32.7 32.7 32.7 32.7 32.7 32.7 32.7 32.7 32.7 32.7 32.7 32.7 32.7 32.7 32.7 32.7 32.8 35.6 37.1 36.7 36.9 37.7 38.6 39.8 42.2 45 50 57 60.6 66.2 70.9 75.2 83.3 87.6 91 93.1 98.4 103.9 112.9 121 121.8 125.4 133.1 137.4 140.9 150.2 161.3 170.9 177.7 186.3 187.7 196.8 204.9 214.5 225 231.1 235.6 242 249.5 252.7 266.1 274.8 278.5 284.6 290.6 297.6 302.7
32.7 32.7 32.7 32.7 32.7 32.7 32.7 32.7 32.7 32.7 32.7 32.7 32.7 32.7 32.7 32.7 32.7 32.7 32.7 32.7 32.7 32.7 32.7 32.7 32.7 32.7 32.7 32.7 36.1 36.6 37.3 37 37.6 38.1 39 41.4 45.7 48.2 52.7 60 62.3 72.3 77.4 79.5 82.8 86.8 90.4 95 103.6 111.6 115.8 118.6 123.3 132.8 136.5 139.4 147.1 157.5 170.2 177.3 181 185.3 196.3 203.2 208.8 216.3 222.7 229.2 240.7 255.3 258.3 258.8 265.7 274.4 282 286.5 291.1 296.5 300.7
32.7 32.7 32.7 32.7 32.7 32.7 32.7 32.7 32.7 32.7 32.7 32.7 32.7 32.7 32.7 32.7 32.7 32.7 32.7 32.7 32.7 32.7 32.7 32.7 32.7 32.7 32.7 33.9 35.8 37.5 38.3 38.1 38.8 39.8 40.9 42.2 48.2 50 56.2 59 65.9 73.4 80.6 82.3 85.3 88.3 90.1 99.4 104.8 112.7 117.1 121 128.3 135 138.8 147.3 156 165.1 175.9 182.3 187.3 191 204.3 208.4 214.4 220.5 230.2 234 249 255.1 255.8 259.5 267.5 275.8 284.9 292.6 289.7 296.1 298.7
32.7 32.7 32.7 32.7 32.7 32.7 32.7 32.7 32.7 32.7 32.7 32.7 32.7 32.7 32.7 32.7 32.7 32.7 32.7 32.7 32.7 32.7 32.7 32.7 32.7 32.7 32.7 34 36.1 37.8 39 40.4 40.2 40.1 40.7 43.1 47.8 53.4 59.9 64.6 69.7 77 82.3 83 83.9 85.7 96 104.3 106.8 113.1 118.9 126.3 132.9 138.3 146 155.4 160.7 172.6 181 188.9 196.3 196.9 202.5 205.5 213.4 223.1 231 237.2 235.4 241.4 251.7 257.6 269.4 276.8 282.8 282.5 292.2 299.3 307
32.7 32.7 32.7 32.7 32.7 32.7 32.7 32.7 32.7 32.7 32.7 32.7 32.7 32.7 32.7 32.7 32.7 32.7 32.7 32.7 32.7 32.7 32.7 32.7 32.7 32.7 33.2 35.8 37.3 40.6 42.8 42.7 42 40.4 40.5 42.9 48.7 58.2 62.7 66.7 71.7 77.6 82.4 81.7 81.9 89.6 97.6 103.3 106 110.6 123 128.3 133.8 144.9 153.5 158.8 165.2 173.6 179.9 193.4 195.2 193.2 201.5 216.6 224.5 230.6 236.5 243.3 249.6 253.2 260.5 258.9 262.4 271.7 278.3 288.8 297.9 303.7 309.1
32.7 32.7 32.7 32.7 32.7 32.7 32.7 32.7 32.7 32.7 32.7 32.7 32.7 32.7 32.7 32.7 32.7 32.7 32.7 32.7 32.7 32.7 32.7 32.7 32.7 33.7 37.7 38.7 41.6 44.4 47 46.7 44.5 43.1 42.5 44.6 52.8 58.4 59.7 66.3 71.8 78 80.3 82.4 88.8 94.7 96.8 100.8 108 115.6 125.8 135.6 145.5 152.1 160.2 164.5 176.3 175 181.2 185.2 184.7 197 212.6 224 233.5 236.8 240.8 247.8 255.8 262 263.8 264.5 270.3 271.9 280.9 292.7 292.3 302.5 306.2
32.7 32.7 32.7 32.7 32.7 32.7 32.7 32.7 32.7 32.7 32.7 32.7 32.7 32.7 32.7 32.7 32.7 32.7 32.7 32.7 32.7 32.7 32.7 36.9 41.4 42.6 42.7 42.6 45 46.2 48.1 48.5 45.6 46 48 47 49.2 58 64.4 66.1 72.6 73.1 76.1 86 92.2 95.9 100.8 104.3 110.7 123.9 134 142.3 152.6 156.5 164.9 166.6 168.9 171.9 177.1 181.2 191.4 203 217.7 228 238.2 242.1 246.6 251 259.9 267.9 268.4 268.7 277.9 282.3 281.3 286.2 296.7 304.8 309
32.7 32.7 32.7 32.7 32.7 32.7 32.7 32.7 32.7 32.7 32.7 32.7 32.7 32.7 32.7 32.7 32.7 32.7 32.7 32.7 32.7 32.7 38.2 46.7 46 47 48.5 47.9 46.7 50.3 53.9 48.4 46.3 49 51 54.5 52.7 56.5 66.6 72.1 72.4 77.2 84.6 86.5 90.1 99.7 103.6 111.4 124.8 133.3 141.2 144.7 151.2 159.8 165 169.9 169.5 173.1 177.1 184.4 195.9 207.7 219.9 228.8 237.7 243.1 247.5 254 260.7 267.5 271.6 273.8 283.1 286.8 289.9 293.7 300 305.9 310.6
32.7 32.7 32.7 32.7 32.7 32.7 32.7 32.7 32.7 32.7 32.7 32.7 32.7 32.7 32.7 32.7 32.7 32.7 32.7 32.7 33 45.2 49.4 52.1 52.6 52.2 52.6 50.4 48.5 52.6 51.5 49.1 52.1 54.4 56.5 60.2 59.1 54.2 64.9 69.7 73.5 77.3 82.7 87.5 94.2 100 109.3 120 128.4 140.8 148.7 147.1 150.8 156.3 165 170.7 172.6 176.4 181.8 187.7 198.5 212 221.1 228.1 235.2 240.6 246.3 253.4 260.6 267.2 272.9 276.9 287.3 293.1 295.2 296.9 301.9 304.8 310.3
32.7 32.7 32.7 32.7 32.7 32.7 32.7 32.7 32.7 32.7 32.7 32.7 32.7 32.7 32.7 32.7 32.7 32.7 33.1 39.3 55 59.1 61.4 60.4 61.4 59.8 60.4 54.8 51.7 52.9 50.8 48.2 54.5 60.2 62.8 65.3 64.3 61 59.3 69.4 75.4 78.3 84.5 90.7 96.3 105 116 125.3 132.7 141.9 146.5 148.5 156.5 161.1 168.1 174.1 176.5 180.2 186.8 193.5 202.4 213.9 221.2 228.8 235.7 241.1 247.6 254.6 261.9 268.9 273.7 279.9 289.4 297.8 298.9 299.4 301.9 304.8 310.9
32.7 32.7 32.7 32.7 32.7 32.7 32.7 32.7 32.7 32.7 32.7 32.7 32.7 32.7 32.7 32.7 32.7 34.2 44.5 52.4 67.9 73.2 71.7 68.8 66 65.3 65.5 57.7 60.1 57.5 52.4 58 62.4 63.9 67.4 68.5 67.2 66 63 68.8 75 82.3 88.9 93.9 100.4 111.3 120.6 130.3 134.4 138.7 146.7 150 156.9 163.5 172.7 175.5 180 183.6 189.1 197.3 204.9 212.2 219.9 228.4 236.6 243.6 249.9 256 262.5 268.7 274.2 279.1 286.8 295.7 297.8 299.4 301.6 308.1 322.8
32.7 32.7 32.7 32.7 32.7 32.7 32.7 32.7 32.7 32.7 32.7 32.7 32.7 32.7 32.7 32.7 35 46.5 52.5 65.3 76.9 81.6 80.4 76.1 70.7 70.2 65.5 60.7 58.6 60.2 56 59.2 63.9 68 69.3 69.4 68.9 68.6 69.7 63.2 72.9 82.5 90.9 96.9 109.6 119.5 125.8 130.5 134.7 139.4 150 151.8 156.1 162.8 171.5 175.7 180.8 186 192.9 199.1 205.5 211.9 218.4 226.1 234.2 241.9 249.4 255.7 262.1 269.4 276.1 282.2 288.6 295.3 297.1 297.6 303.4 314.8 327.5
32.7 32.7 32.7 32.7 32.7 32.7 32.7 32.7 32.7 32.7 32.7 32.7 32.7 32.7 32.7 40 46.7 52.1 60.6 74 86.8 88.9 87.9 78.1 74.8 71.9 67 64.5 61.3 59.4 57.8 62.2 66.3 69.6 70.7 70.6 70.4 71.4 76.4 72 72.5 83.1 92.3 102.8 112.7 119.8 126.1 129.4 135.8 141.8 146.3 150.1 157.2 162.5 170.3 176.4 182.2 187.7 194.3 199.3 206.1 212.5 219.1 226.5 234.8 241.8 249.5 256.1 262.5 272.5 279.5 285.5 289.4 295.4 297.8 299.1 311.5 319.2 329.4
32.7 32.7 32.7 32.7 32.7 32.7 32.7 32.7 32.7 32.7 32.7 38.9 37.1 41.4 50.1 55.4 57.4 62.4 70.1 83.1 97.2 93.8 86 80.8 79.3 71.3 71.8 69.9 65.7 62.9 63.2 62.2 69.2 72.6 71.9 71.8 71.8 78.2 87.9 76.5 69 84.5 93.4 106.3 113.8 119.4 125.1 131.6 136.1 140.6 144 150.1 153.9 164.3 169.4 173.9 180.4 188.2 192.5 196.3 204.7 213.5 220.7 231 237 242.9 249.9 256.8 262.5 271.8 280.6 288.8 292.2 293.9 300.5 311.1 317.6 323 328.6
32.7 32.7 32.7 32.7 32.7 32.7 32.7 32.7 32.7 32.7 39.7 47.4 51.2 55.8 66.1 69.9 67.1 73.7 83.1 95 98 95.8 86.8 85.5 76.5 73.9 73.5 72.3 69.1 66.1 68 63.5 69.6 73.6 76.3 74.9 78.2 87.2 88.5 82 75 80.8 93.9 103.1 111.6 119.2 125.6 127.8 138.3 143 147.1 154 159.4 166.8 174 176.9 183 187.4 192.5 201.5 209.8 218.1 224.8 233.1 238.7 244 249.4 254.1 258.2 267.8 280.9 289.1 290.9 295.7 307.9 317.1 324.1 326.4 326.7
32.7 32.7 32.7 32.7 32.7 32.7 32.7 32.7 32.7 40.8 49.8 58.1 62.8 68.6 77.5 79 74.5 84.3 90.5 94.5 97.2 94.6 91 86.5 80.4 84.6 78.6 74.3 71.7 70.8 70.8 72.2 71.2 75.9 79.1 85.8 93.6 89.8 90.1 89.7 80.7 78 94 101.4 109.1 117 121.1 130.4 135.9 139.3 145 152.8 160.4 167.1 173.8 176.5 181.1 185.5 195.5 205.6 209.2 217.2 226 235.9 239.5 242.9 249 257.7 268.4 275.2 278.8 283.5 287 304.3 314.8 322.1 326.1 324.8 320.2
32.7 32.7 32.7 32.7 32.7 32.7 32.7 32.7 43.5 50.8 60.1 65 69.5 76.7 83 84.1 81.5 91.5 97 96.9 100.3 97.9 96.2 87.9 93.4 93.2 88.1 82.2 77 77.2 79 81.5 75.7 76.3 82.5 93.3 90.3 90.2 92.2 93.1 90.7 76.2 91.8 101.2 108.1 114.5 120 128.7 131.8 135.6 142.8 156.5 158.2 164.8 169.1 175.6 184.6 190.4 200.9 205.7 213.9 221.5 226.7 230.2 234.4 244.5 252.3 263 267 272.2 278.4 285.3 298.2 310.4 317.8 324 316.2 313.5 316.4
32.7 32.7 32.7 32.7 32.7 32.7 32.7 46.6 57.6 63.9 69.9 74.1 78.1 85.1 85.6 85.4 89.2 97.6 101.6 102.5 102.8 99.1 97.3 98.1 103.4 99 96.5 91.7 89.2 91.5 90.6 89.9 86.5 89.6 89.2 88.5 90.6 93.6 96.7 97.7 94.4 77.5 88.9 97.8 106.6 116.1 122.4 131.6 135.8 138 145.2 151.3 153.4 160.1 168.6 174.5 182.5 194.5 201.3 203.4 208.5 217 220.8 225.1 236.4 246.3 256.3 259.6 261.5 266.8 277.6 291.1 305.7 314.6 315.3 310 308.9 310.9 315.1
32.7 32.7 32.7 32.7 32.7 35.1 45.2 57.7 68.5 74.8 80 83.4 89.5 91.6 90.4 92.6 96.8 103.8 107.7 104.7 107.2 108.9 110.1 115.8 121.6 117.5 109.1 103.5 101.5 104.4 101 100.9 94.4 96.6 95.5 91.3 91.6 92.2 98.5 101.7 97.5 92.9 82.6 86.4 94.1 109.6 119 127.5 132 134 141 146.4 152.2 160.4 168.5 177.1 182.6 189.4 199.8 204 209.9 208.5 209.1 221 233.1 241.6 251.5 258.6 264.4 270.2 276.7 291.8 299.5 302 300.8 303.7 305.9 309.6 313.8
32.7 32.7 32.7 32.7 40.4 53.2 60.4 68.6 76.9 83.2 86.6 94.6 99.1 97.8 95.2 104.5 107.7 111.3 112.9 113.6 116.8 119.7 123 131.6 131.2 126 123.7 121.4 114.6 109.9 105.1 101.8 100.9 100.2 99.6 103 97.7 96.3 95.4 100.4 98.4 97.2 97.8 103.1 108 103.2 110.9 119.9 123.7 128.7 135.5 149.2 157.3 168.2 167.6 173.5 183.5 192.2 196.2 192.2 193.9 214.3 224.9 235.8 242.3 247.2 256.2 264.3 267.2 271.1 276.4 280.8 290.1 293.2 299.5 304.3 308.7 312.3 317.5
32.7 32.7 32.7 40.2 56.4 73.3 76.8 78.9 86.1 89.2 94.3 102.4 112 112.7 112.1 117 120.4 122.8 123 129.6 128 130.4 132.4 136.5 139.5 137 136.2 132.7 124.1 114.3 106.8 109.7 108.1 108.5 107.9 108.3 104.3 99.7 100.2 98.6 102.5 101.8 107 112.5 120 114.2 103.2 110 120.2 123.7 132.4 144 150.6 158.1 166.7 170 179.2 179.2 180.8 200.4 211.1 221.7 235.6 241.5 245.1 252.8 261.6 266.7 268.8 274.2 279.3 283.8 288.8 294.9 301.1 306.2 312.8 317.1 321.6
32.7 33 40.1 48.5 63 82.1 84.5 86.1 91.1 95.1 108.2 118.7 127.7 125.5 126.5 130.5 131.2 137.8 141.1 140 141.3 143 143.3 144.7 147.3 148.6 146.8 138.6 126.7 113.3 115.6 116.5 119 118.1 117 114.7 107.9 105.3 104.3 100 108.5 111.7 115.2 120.4 123.8 120.7 106.4 109.6 108.3 130.2 139.1 145.8 148 163.4 168.4 164.9 167.8 184 195.1 205.7 217.9 228.7 235 241.6 246.8 254.4 262 266.6 270.7 275.2 278.7 283.2 289.5 296.1 304.2 308.2 314.3 319.4 322.4
40.7 45.3 49.2 57.2 67.8 82.6 87.5 90.1 97.3 114.4 126.2 135.7 142 139.5 137.2 141.8 143.3 151.7 149.7 145.6 151.1 154.9 156.4 154.7 157.8 158 154.7 142.8 126.4 128.9 129.3 125 128.3 126 121.5 117.8 113.7 112.1 109.5 105.9 110 117.3 121.4 127.6 127.8 125.2 123.9 119.6 116.5 116.8 143.1 152.3 161.1 169.1 170.3 176.1 183 190.2 202.5 211.5 218.3 229.7 236.4 242.8 247.8 256.8 261.8 265.8 270.8 272.1 277 282.4 290.2 297.5 303.2 306.5 310.9 314.7 317.9
51.2 58.8 61.7 66.3 75.3 84.1 90 95.4 113.6 132.4 147.6 151.6 151.9 145.7 142.7 150.2 162.3 167.1 155.1 154.1 161.7 167.1 167.3 165.7 166.7 164 156.2 136 140.4 141.7 140.1 134.5 133.6 130.3 124.7 121.2 122 121.6 118.6 113.7 115 129.1 130 134.8 131.6 130.5 129.2 131.1 125.2 112.8 144.4 158.5 161.5 166.6 172.7 179.2 189.7 196.6 205.2 212.4 221.6 226.5 236.6 244.6 249.3 255.8 260.1 264.1 266.9 267.7 275.4 282 289.2 296.6 302.8 304.4 308.4 315.7 326.4
60.3 68 71.5 74.7 80.1 86.3 99 112 128.1 146.3 155.7 163.7 155.7 147.7 148.9 164.6 174.9 172.3 157.5 164.1 172.2 177.6 179.9 178.4 175 167.3 149.8 149.4 151.8 147.7 151 141 136 133 127.2 128.2 129.7 130.1 127.8 121.7 113.9 128.1 131.1 135.1 134.1 133.7 134.9 135.9 130.3 112.3 137.4 150.2 158.8 165.3 172.7 181.9 192.1 202.4 207.5 212.7 221.4 226.7 236.6 244.2 249.3 252.7 256.6 261.5 264 269.4 277.5 283.9 289.1 295.7 302.3 304.4 311.5 320.5 330.1
65 72.9 78.3 82.7 88 101 111.3 123.5 135.5 150.7 160.8 165.1 156.2 156.1 163.2 180.1 181 176.3 165 175.3 183.7 189.2 190.1 186.6 176.9 165 157.1 158.6 162.5 157.3 152.1 147.7 142.9 139 134.6 133.4 137.1 139 136.9 131.8 123.3 124.6 132.9 135.4 136.4 137.2 139.3 139.3 134.2 124 125.8 146.2 156.9 167 172.4 179.6 188.8 197.4 204.2 209.1 227.4 228.8 233.3 240.5 244.9 248.5 251.1 255.7 261.7 268.9 278 284.1 289.8 295.9 303.2 307.3 314.9 321.9 330.3
70.7 78.5 85.3 91.8 100.1 110.6 115.6 123.9 132.3 145.9 158.5 162.8 162.5 165.8 178.9 190.8 186.4 177.6 173.2 190 196.5 199 198.5 189.9 174.1 166.7 165.7 165.8 167.3 162.8 158.8 155.5 151.6 145.3 141.4 137.4 143.5 145.6 145.7 141.8 132.1 123.8 131.5 137.6 139.6 141.5 142.6 141.5 135.9 125.3 125.1 142.2 156.1 167.2 178 188.3 196.8 200.4 205.3 218 226.3 225.2 232.6 236.1 240.5 243.5 245.4 251.6 259.5 269.7 277.4 285 290.8 297.5 304.8 312.2 318.9 323.4 330.5
