data/190000-910000.asc
ncols 200
nrows 200
xllcorner 190000
yllcorner 910000
cellsize 50
[rows 45 to 89 of 200, columns 96 to 191 of 200]
-2 -2 -2 -2 -2 -2 -2 -2 -2 -2 -2 -2 -2 -2 -2 -2 -2 -2 -2 -2 -2 -2 -2 -2 -2 -2 -2 -2 -2 -2 -2 -2 -2 -2 -2 -2 -2 -2 -2 -2 -2 -2 -2 -2 -2 -2 -2 -2 -2 -2 -2 -2 -2 1.1 2.2 15.6 14 25.3 33.8 39.9 28.2 25.6 37.2 44.8 47.1 44.7 41.8 39.2 37.7 35.8 37.1 34.9 32.1 27.5 26.3 3.6 1.5 2.4 18.1 18.5 1.8 -2 -2 -2 -2 -2 -2 -2 -2 -2 -2 -2 -2 -2 -2 -2
-2 -2 -2 -2 -2 -2 -2 -2 -2 -2 -2 -2 -2 -2 -2 -2 -2 -2 -2 -2 -2 -2 -2 -2 -2 -2 -2 -2 -2 -2 -2 -2 -2 -2 -2 -2 -2 -2 -2 -2 -2 -2 -2 -2 -2 -2 -2 -2 -2 -2 -2 -2 -2 13.5 11.5 5.6 19.9 29.9 36.9 38.3 29.5 25.6 35.2 47.1 49.6 46 40.3 35.1 34.6 34.6 34.7 35.9 33.7 32.2 30.1 21.5 25.1 24.7 24 22.9 7.7 1.4 2.2 -2 -2 -2 -2 -2 -2 -2 -2 -2 -2 -2 -2 -2
-2 -2 -2 -2 -2 -2 -2 -2 -2 -2 -2 -2 -2 -2 -2 -2 -2 -2 -2 -2 -2 -2 -2 -2 -2 -2 -2 -2 -2 -2 -2 -2 -2 -2 -2 -2 -2 -2 -2 -2 -2 -2 -2 -2 -2 -2 -2 -2 -2 -2 -2 -2 -2 9.9 11.4 7.8 27 36.4 38.3 37.6 33 29.5 36.5 48.1 48.6 42.7 38.7 34.6 34.6 34.6 34.6 37.7 36.2 34.8 32.7 31.5 30.4 28.6 26.5 25.9 25.3 21.9 20.3 2.4 0 -2 -2 -2 -2 -2 -2 -2 -2 -2 -2 -2
-2 -2 -2 -2 -2 -2 -2 -2 -2 -2 -2 -2 -2 -2 -2 -2 -2 -2 -2 -2 -2 -2 -2 -2 -2 -2 -2 -2 -2 -2 -2 -2 -2 -2 -2 -2 -2 -2 -2 -2 -2 -2 -2 -2 -2 -2 -2 -2 -2 -2 -2 -2 -2 9.7 -2 10.4 29.2 36.1 38.9 37.2 39.2 29.6 38.4 44.8 42.1 38.6 35.4 34.6 34.6 34.6 34.6 37.5 37.2 36.8 35.5 35.1 34.5 32.8 30.1 28.5 27.7 25.4 24.7 17.3 2.3 0.4 -2 -2 -2 -2 -2 -2 -2 -2 -2 -2
-2 -2 -2 -2 -2 -2 -2 -2 -2 -2 -2 -2 -2 -2 -2 -2 -2 -2 -2 -2 -2 -2 -2 -2 -2 -2 -2 -2 -2 -2 -2 -2 -2 -2 -2 -2 -2 -2 -2 -2 -2 -2 -2 -2 -2 -2 -2 -2 -2 -2 -2 -2 -2 1.4 -2 14.6 26 29.8 28.5 31.2 30.9 23.3 31.1 35.3 33.3 34.3 36.5 34.6 34.6 34.6 34.6 37.6 37.8 38 37.6 37.9 37.9 36.7 34.9 33.2 30.6 28.9 27.7 22.8 14.4 1.6 -2 -2 -2 -2 -2 -2 -2 -2 -2 -2
-2 -2 -2 -2 -2 -2 -2 -2 -2 -2 -2 -2 -2 -2 -2 -2 -2 -2 -2 -2 -2 -2 -2 -2 -2 -2 -2 -2 -2 -2 -2 -2 -2 -2 -2 -2 -2 -2 -2 -2 -2 -2 -2 -2 -2 -2 -2 -2 -2 -2 -2 -2 -2 -2 -2 18.4 21.9 23 25.5 26.3 25.1 16.7 25.8 27.5 26.3 33.8 40.4 34.6 34.6 34.6 38.3 40.4 39 39.1 39.1 39.4 39.8 38.8 38.7 37.5 35.4 32.8 30.6 25.8 21.7 2.4 1.7 -2 -2 -2 -2 -2 -2 -2 -2 -2
-2 -2 -2 -2 -2 -2 -2 -2 -2 -2 -2 -2 -2 -2 -2 -2 -2 -2 -2 -2 -2 -2 -2 -2 -2 -2 -2 -2 -2 -2 -2 -2 -2 -2 -2 -2 -2 -2 -2 -2 -2 -2 -2 -2 -2 -2 -2 -2 -2 -2 -2 -2 -2 -2 4.4 14.1 10.6 23.6 23.5 21.9 16.7 11.4 15.6 22.1 27.5 37.4 40.3 37.8 37.7 36.2 39.9 42.4 41.6 39.7 39.8 41.5 44.3 42.6 41.9 40.6 38.5 35.9 33.1 30.1 25.9 21.9 17.7 -2 -2 -2 -2 -2 -2 -2 -2 -2
-2 -2 -2 -2 -2 -2 -2 -2 -2 -2 -2 -2 -2 -2 -2 -2 -2 -2 -2 -2 -2 -2 -2 -2 -2 -2 -2 -2 -2 -2 -2 -2 -2 -2 -2 -2 -2 -2 -2 -2 -2 -2 -2 -2 -2 -2 -2 -2 -2 -2 -2 -2 -2 -2 1.1 2.4 2.4 17.7 18.3 13 10.9 10.9 15.6 24.9 33.1 38.4 40.4 42.2 45.6 40.3 40.9 43.9 43.3 41.7 41.4 43 46.7 46.5 45.1 43.7 41.9 40 36.1 33.8 29.2 25.2 11.7 -2 -2 -2 -2 -2 -2 -2 -2 -2
-2 -2 -2 -2 -2 -2 -2 -2 -2 -2 -2 -2 -2 -2 -2 -2 -2 -2 -2 -2 -2 -2 -2 -2 -2 -2 -2 -2 -2 -2 -2 -2 -2 -2 -2 -2 -2 -2 -2 -2 -2 -2 -2 -2 -2 -2 -2 0.6 -2 -2 -2 -2 -2 -2 0 2.4 6.1 10.8 11.6 10.9 10.9 10.9 16.9 28.7 34 36.8 36.3 39.6 48.1 41.6 40.7 44.1 44.7 44 43.8 45.3 48.8 49.1 47.9 46.5 44.9 43.3 41.2 37.9 32.6 28.7 25.3 -2 -2 -2 -2 -2 -2 -2 -2 -2
-2 -2 -2 -2 -2 -2 -2 -2 -2 -2 -2 -2 -2 -2 -2 -2 -2 -2 -2 -2 -2 -2 -2 -2 -2 -2 -2 -2 -2 -2 -2 -2 -2 -2 -2 -2 -2 -2 -2 -2 -2 -2 -2 -2 2.2 5.8 2.4 2.9 -2 -2 -2 -2 -2 -2 -2 5.1 11.9 12.3 16 19.7 10.9 11.7 17.8 27.7 32.6 33.5 33.5 37.2 44.4 39.8 43 49.2 47.5 46.3 46.4 47.9 51 52 50.1 48.7 47.3 47.5 45.4 41.8 37.5 32.4 25 0.2 -2 21.7 1 -2 -2 -2 -2 -2
-2 -2 -2 -2 -2 -2 -2 -2 -2 -2 -2 -2 -2 -2 -2 -2 -2 -2 -2 -2 -2 -2 -2 -2 -2 -2 -2 -2 -2 -2 -2 -2 -2 -2 -2 -2 -2 -2 -2 -2 -2 -2 -2 1.3 2.4 11.3 10.3 8.5 -2 -2 -2 -2 -2 -2 -2 7.7 15.8 19 22.3 20.1 16.9 19.5 22.3 27.1 34.5 33.5 33.5 33.5 38.1 39 44 53.7 52 50.3 48.9 48.9 53.4 54.6 52.5 50.8 50.2 50.5 49.2 46 43.5 39.1 14.5 2.4 21.1 26.6 2.1 0.2 -2 -2 -2 -2
-2 -2 -2 -2 -2 -2 -2 -2 -2 -2 -2 -2 -2 -2 -2 -2 -2 -2 -2 -2 -2 -2 -2 -2 -2 -2 -2 -2 -2 -2 -2 -2 -2 -2 -2 -2 -2 -2 -2 -2 -2 -2 -2 2.2 13.1 16.5 12.3 11.7 2.4 -2 -2 -2 -2 -2 -2 2.3 17.9 25.4 26.3 23.4 25.6 27.4 23.9 26.9 36.3 33.5 41 33.5 37 40.1 46 55.6 55.8 53 52.2 49.4 54.4 55.2 53.7 52.4 52 51.9 51.5 49.5 48.2 44.7 41 36.6 32.6 30.7 2.4 2 -2 -2 -2 -2
-2 -2 -2 -2 -2 -2 -2 -2 -2 -2 -2 -2 -2 -2 -2 -2 -2 -2 -2 -2 -2 -2 -2 -2 -2 -2 -2 -2 -2 -2 -2 -2 -2 -2 -2 -2 -2 -2 -2 -2 -2 -2 -2 1.3 15.5 19.8 17.7 14.8 2.4 7.4 -2 -2 -2 -2 -2 2.4 18.9 24 26 24.2 29 33 23.7 28.8 35.9 38.9 42.6 39.6 37.5 42.4 47.4 57.6 57.5 52.5 49.8 47.1 54.6 55.7 54.7 53.9 53.5 53.2 52.8 51.7 50.9 50.8 47.7 44.6 39.7 34.4 30.7 28.3 2.1 1.7 -2 -2
-2 -2 -2 -2 -2 -2 -2 -2 -2 -2 -2 -2 -2 -2 -2 -2 -2 -2 -2 -2 -2 -2 -2 -2 -2 -2 -2 -2 -2 -2 -2 -2 -2 -2 -2 -2 -2 -2 -2 -2 -2 -2 -0.3 6.4 15.8 19.9 20.4 18.9 11.2 11.7 2.4 4.3 2.4 2.4 5.9 11.5 18.3 21.8 23.9 22.1 31.3 29.8 23.2 29 38.6 44.1 43.2 40.5 38.9 41.7 47.2 57.2 55.8 49.7 46.4 48.2 54.4 55.4 55.4 55.3 54.9 54.1 53 52.1 52 52.1 51.9 48.8 45.2 39 35.8 33.9 32.5 30.1 -2 -2
-2 -2 -2 -2 -2 -2 -2 -2 -2 -2 -2 -2 -2 -2 -2 -2 -2 -2 -2 -2 -2 -2 -2 -2 -2 -2 -2 -2 -2 -2 -2 -2 -2 -2 -2 -2 -2 -2 -2 -2 -2 -2 0.9 9.7 14.4 19 20.2 20.1 19.8 16.6 5.2 8.1 11.4 15.1 18 18.7 17.9 22.7 25.1 22.1 26.6 23.2 23.2 30.8 38.2 42.2 40.1 37.4 37.4 39.4 49.1 55.6 55.8 48.8 46.4 50 56.3 55.6 56 55.6 55.6 54 53.3 53 52.6 52.2 51.7 50.7 49.5 44.9 40.9 38.6 37.6 25.8 13.7 0.7
-2 -2 -2 -2 -2 -2 -2 -2 -2 -2 -2 -2 -2 -2 -2 -2 -2 -2 -2 -2 -2 -2 -2 -2 -2 -2 -2 -2 -2 -2 -2 -2 -2 -2 -2 -2 -2 -2 -2 -2 -2 -2 1.1 7.5 13.7 17.9 18.3 17.6 19.2 18.3 17.6 18.2 18.5 19 20 20.5 20.7 23.6 26.1 22.1 22.6 25 26.5 31.8 36.4 40 37.4 37.4 40 42 49.2 55.5 53.5 46.4 46.4 50 56.4 58 56.6 55.6 54.6 54.2 53.6 52.9 52.4 52 51.6 51.1 50.7 49.5 46.2 43.3 40.7 25.2 37 33.8
-2 -2 -2 -2 -2 -2 -2 -2 -2 -2 -2 -2 -2 -2 -2 -2 -2 -2 -2 -2 -2 -2 -2 -2 -2 -2 -2 -2 -2 -2 -2 -2 -2 -2 -2 -2 -2 -2 -2 -2 -2 -2 0.5 5.2 12.5 14.4 15.8 17.6 18.4 19.8 21 22.6 22.3 21.6 22.6 23.4 24.2 24.7 22.2 22.1 22.1 29.1 30.9 33.9 36.9 40.8 43.2 45.4 46.2 48.1 51.7 53.4 46.5 46.4 46.4 46.4 56 60 58 55.8 54 53.7 53.5 52.5 52.3 51.8 51.4 50.7 50.2 50 49.4 47.5 44.5 42.7 39.7 36.3
-2 -2 -2 -2 -2 -2 -2 -2 -2 -2 -2 -2 -2 -2 -2 -2 -2 -2 -2 -2 -2 -2 -2 -2 -2 -2 -2 -2 -2 -2 -2 -2 -2 -2 -2 -2 -2 -2 -2 -2 -2 -2 -2 2.8 11.1 13.2 14 16.5 20.8 22.6 24.2 25.5 24.9 24.3 25.1 26 26.8 27.5 28.1 26.3 27.8 30.6 32.1 34 37.4 41.9 49.2 53.4 51.1 54.2 55.3 58.7 46.4 46.4 46.4 46.4 47.9 55.5 59.2 60.5 56 53.6 53 52.1 52 51.7 51 50.2 49.4 49.2 49.2 49 47.1 45.2 42.3 38.7
-2 -2 -2 -2 -2 -2 -2 -2 -2 -2 -2 -2 -2 -2 -2 -2 -2 -2 -2 -2 -2 -2 -2 -2 -2 -2 -2 -2 -2 -2 -2 -2 -2 -2 -2 -2 -2 -2 -2 -2 -2 -2 -2 1.1 8.9 10.3 10.8 13.3 18.7 21.4 25.6 27.8 27 26.7 27.3 27.8 28.7 29.7 30 31.1 31.2 31.8 33.5 35.5 37.5 42.7 48.5 51.8 53.8 56.1 58.9 61.3 56.8 50.1 46.4 46.4 50.7 53.9 57.6 61.1 56.6 53.6 53 52.4 52.2 51.2 50 49.1 48.3 47.7 47.4 47.3 45.9 43.7 41.7 39.9
-2 -2 -2 -2 -2 -2 -2 -2 -2 -2 -2 -2 -2 -2 -2 -2 -2 -2 -2 -2 -2 -2 -2 -2 -2 -2 -2 -2 -2 -2 -2 -2 -2 -2 -2 -2 -2 -2 -2 -2 -2 -2 -2 1.7 3.6 12.3 13.9 11.5 15.7 18.8 23.5 27.3 28.8 28.2 28.2 28.4 29.1 30.3 32.4 32.7 32.7 33.3 34.7 36.4 37.3 40.8 46.5 51.6 55.8 58.4 61.2 63.1 66.9 62.1 53 46.4 54 56.7 58.4 61.9 55.3 54.2 53.8 52.5 51.8 50.8 49.6 48.5 47.6 46.7 45.9 45.4 44.6 43 41.5 39.9
-2 -2 -2 -2 -2 -2 -2 -2 -2 -2 -2 -2 -2 -2 -2 -2 -2 -2 -2 -2 -2 -2 -2 -2 -2 -2 -2 -2 -2 -2 -2 -2 -2 -2 -2 -2 -2 -2 -2 -2 -2 -2 1 6 9.9 12.8 12.1 12 13.1 16.8 21.3 24.1 26.2 28.1 28.5 28.5 28.9 29.3 30.1 32.5 34.6 35.1 34.7 35.1 36 40 44 48.2 51.5 57.4 61 61.1 64 65.8 59.3 51.6 55 57.6 60.5 58.7 56 55.7 54.7 51.3 50.7 50.2 49.5 48.4 47.7 47.3 46.5 46.1 45 43.7 41.8 39.8
-2 -2 -2 -2 -2 -2 -2 -2 -2 -2 -2 -2 -2 -2 -2 -2 -2 -2 -2 -2 -2 -2 -2 -2 -2 -2 -2 -2 -2 -2 -2 -2 -2 -2 -2 -2 -2 -2 -2 -2 -2 3.9 6.1 11.7 13.3 13.3 12.7 11.9 12.5 14 17.5 21.4 23.8 26.1 27.6 27.5 28.1 29 29.6 30.4 31.8 33.8 35.9 35.9 35.7 38.7 43 45.9 48.7 51.8 54.9 56.4 61.2 67.4 63.3 54.7 55 58.5 63.6 57.4 56.4 59 57.3 50.9 50.5 50.1 49.8 48 47.8 47.8 48 48.6 45.6 45.1 43.1 41.4
-2 -2 -2 -2 -2 -2 -2 -2 -2 -2 -2 -2 -2 -2 -2 -2 -2 -2 -2 -2 -2 -2 -2 -2 -2 -2 -2 -2 -2 -2 -2 -2 -2 -2 -2 -2 -2 -2 -2 -2 -2 13.4 15.1 17.7 17.6 14.7 12.3 11.7 12.2 12.7 14.6 17.9 21.3 23.5 25.4 26.4 27.2 28 29 29.5 29.7 31.4 33.6 35.1 34.8 37.5 41.7 45.4 47.7 50.5 51.9 54.4 60.2 65.5 64.6 57.2 56.1 60.1 65.8 64.2 66.8 63.1 58.4 52.2 51.7 50.7 50 48.9 48.3 48.5 49.7 51.2 49.7 46.2 44.9 44
-2 -2 -2 -2 -2 -2 -2 -2 -2 -2 -2 -2 -2 -2 -2 -2 -2 -2 -2 -2 -2 -2 -2 -2 -2 -2 -2 -2 -2 -2 -2 -2 -2 -2 -2 -2 -2 -2 -2 -2 -2 -2 16.4 21.4 20.2 15.2 13.2 12.9 14.2 15 15.8 16.8 17.6 20.6 22.5 23.9 25.2 26.4 26.9 27.2 26.3 28.5 30.9 31.6 32.4 35.3 40.2 46.4 49.1 50.8 51.6 52.6 55.2 59.6 59.5 56.7 58.7 63.7 68.1 70.4 72.3 69.2 60.1 56 54.3 54.4 53.1 51 49 49.4 51.1 53 52.6 49.8 48.9 48.3
-2 -2 -2 -2 -2 -2 -2 -2 -2 -2 -2 -2 -2 -2 -2 -2 -2 -2 -2 -2 -2 -2 -2 -2 -2 -2 -2 -2 -2 -2 -2 -2 -2 -2 -2 -2 -2 -2 -2 -0.1 0.2 -2 20.2 23.6 18.6 14.5 14.7 15.9 17.6 18.1 18.7 18.8 18.9 18.6 20.8 22.9 23.9 24.2 24.7 24.3 23.5 25.7 27.1 28.5 30 33 37.5 42.5 48.3 50.8 50.4 51.5 52.9 54.1 55 57 63.7 69.7 74.6 76.1 76.5 73.2 66.5 64 58.4 57.7 58 55.4 50 50.8 53.1 55 54.1 53 53.1 52.7
-2 -2 -2 -2 -2 -2 -2 -2 -2 -2 -2 -2 -2 -2 -2 -2 -2 -2 -2 -2 -2 -2 -2 -2 -2 -2 -2 -2 -2 -2 -2 -2 -2 -2 -2 -2 -2 -2 -2 2.4 7 10.5 21.4 24.7 23.2 22.2 21.9 21 22.1 21.3 21.9 21.7 21.4 20.9 20.4 21.7 22.8 22.2 22 20.5 20.5 21 23.5 26.3 28.4 30.8 35.2 39.5 44.9 47.3 49.6 50.8 51.7 52.2 48.4 54.2 62 68.5 75.6 78.3 78.8 75.3 70.5 70.3 65.5 60.8 60.3 60 54.1 52.4 55.2 56.6 55.4 55.4 55.6 56
-2 -2 -2 -2 -2 -2 -2 -2 -2 -2 -2 -2 -2 -2 -2 -2 -2 -2 -2 -2 -2 -2 -2 -2 -2 -2 -2 -2 -2 -2 -2 -2 -2 -2 -2 -2 -2 -2 8.3 17.4 17.6 17.6 21.4 28.3 29.6 30.1 28.7 26.1 25.8 24.8 25.1 24.7 24 23.2 22.3 22.4 22.3 20.5 20.5 20.5 20.5 20.5 20.5 22.5 26.4 28.7 32.7 36.9 41.4 45.7 49.3 50.9 50.8 48.4 48.4 48.9 59.4 65.9 70.5 75.9 77.9 78 72.7 72.9 68.8 64.6 63.3 62.6 56.1 54.7 55.9 57.4 57.6 57.9 59.7 61
-2 -2 -2 -2 -2 -2 -2 -2 -2 -2 -2 -2 -2 -2 -2 -2 -2 -2 -2 -2 -2 -2 -2 -2 -2 -2 -2 -2 -2 -2 -2 -2 -2 -2 -2 -2 -2 -2 2.4 18.5 24.5 23.8 24.4 29.6 32.5 31.6 30.4 30.1 29.5 28.4 28.1 27.4 25.9 24.4 23.9 23 21.9 20.5 20.5 20.5 20.5 20.5 20.5 20.5 24.5 27.6 29.9 34.2 38.5 43.2 48.2 50.8 51.7 51.2 48.4 49.8 57.2 62.7 68.2 73.3 75.2 74.7 71.5 72.3 68.1 67.2 66.9 65.6 59 56.8 57.8 59.6 60.7 63.3 65.9 67.4
-2 -2 -2 -2 -2 -2 -2 -2 -2 -2 -2 -2 -2 -2 -2 -2 -2 -2 -2 -2 -2 -2 -2 -2 -2 -2 -2 -2 -2 -2 -2 -2 -2 -2 -0.1 4.6 0.6 -2 7.6 22.1 25.9 24.9 24 30.5 34.3 33.3 33.2 33.5 32.9 32.2 30.1 28.6 27.1 25.6 24.9 24.3 23.5 22.5 20.5 20.5 20.5 20.5 20.5 20.5 20.5 26.4 28.7 31.3 35.6 39.7 44.2 49.4 52.6 52.6 51.5 48.4 52.8 58.3 62 67.8 69.1 68.3 68.4 69 68.2 69.1 68.9 65.5 62.8 57.4 59.3 62.2 64.1 67.1 71.2 74.2
-2 -2 -2 -2 -2 -2 -2 -2 -2 -2 -2 -2 -2 -2 -2 -2 -2 -2 -2 -2 -2 -2 -2 -2 -2 -2 -2 -2 -2 -2 -2 -2 -2 -2 -2 1.7 2.4 2.4 15.1 19.7 21.9 21 21.8 30.1 34.2 36.7 37.9 36.9 36.9 36.7 32.8 29.8 28.3 26.9 25.7 25.2 24.6 24.1 20.5 20.5 20.5 20.5 20.5 20.5 20.5 25.7 27.9 29.9 33.4 37.5 41.7 45.3 49.7 53.1 54.7 53.7 54.6 55.8 57 60.6 64.1 65.3 66 67.8 67.3 66.8 67.1 61.2 59.3 56.7 58 61.3 66.5 71.9 72.5 77.4
-2 -2 -2 -2 -2 -2 -2 -2 -2 -2 -2 -2 -2 -2 -2 -2 -2 -2 -2 -2 -2 -2 -2 -2 -2 -2 -2 -2 -2 -2 -2 -2 -2 -2 -2 -0.1 2.3 10.4 17.5 19.3 20 18.8 19.4 27.9 34 41.1 41.2 40.6 39.8 39.9 37.4 33 30.7 28.9 27.4 26.9 26.3 25.1 23.1 20.5 20.5 20.5 20.5 20.5 20.5 23.1 27.2 29.1 32.4 36.6 40.5 43.5 46.7 50.2 53.3 55.6 55 56.8 56.4 56.7 59.6 60.9 64 66.1 66.2 64 60.9 58.7 56.7 56.7 56.7 60 66.3 72.6 73.3 74.1
-2 -2 -2 -2 -2 -2 -2 -2 -2 -2 -2 -2 -2 -2 -2 -2 -2 -2 -2 -2 -2 -2 -2 -2 -2 -2 -2 -2 -2 -2 -2 -2 -2 -2 -2 -2 12.5 15.1 16.1 17.7 21.2 17.9 18.5 24.1 34.5 41.2 43.6 42.2 40.9 40.3 41.7 38.8 35.8 31.1 29.2 28.6 28.2 26.3 24.2 21.5 20.5 20.5 20.5 20.5 20.5 20.5 26.3 28.5 31.6 35.7 38.9 41.7 44.6 47.6 50.7 53.9 56.8 56.7 56 55.5 56 56.2 57.1 59.9 62.3 60.9 60.7 59.3 56.7 56.7 59.1 61.9 65.7 68.5 70.2 71.4
-2 -2 -2 -2 -2 -2 -2 -2 -2 -2 -2 -2 -2 -2 -2 -2 -2 -2 -2 -2 -2 -2 -2 -2 -2 -2 -2 -2 -2 -2 -2 -2 -2 -2 -2 -2 9.4 13 13.7 15.9 16.2 16.9 21.6 34.3 33.8 40.9 46.2 43.4 40 40.1 43.4 43.9 41.2 37.8 32.6 30.5 29.2 27.1 25 23.5 20.5 20.5 20.5 20.5 20.5 20.5 24.6 27.7 30.7 34.1 37.2 40 43 46.1 49.2 52.1 54.5 57 57 56.2 54.8 54.4 54.6 55.3 56.4 58 59.6 60.3 59 56.7 61.1 64 68.1 70 70.5 71.9
-2 -2 -2 -2 -2 -2 -2 -2 -2 -2 -2 -2 -2 -2 -2 -2 -2 -2 -2 -2 -2 -2 -2 -2 -2 -2 -2 -2 -2 -2 -2 -2 -2 -2 -2 -2 10.5 15.3 15.2 15.9 16.4 17.2 23.9 34.7 37.8 42.6 49.4 40.2 40 42.6 46.7 47.6 44.8 41.5 37.9 33.4 30 27.9 25.5 24.5 20.5 20.5 20.5 20.5 20.5 20.5 20.5 22.7 29 32.5 35.5 38.5 41.5 44.6 47.4 49.8 52.3 54 55.6 55.7 54.5 53.5 52.6 53.2 54.2 56 57.6 60.2 59.5 60.4 62.5 66.4 71.1 76.5 77.9 75.8
-2 -2 -2 -2 -2 -2 -2 -2 -2 -2 -2 -2 -2 -2 -2 -2 -2 -2 -2 -2 -2 -2 -2 -2 -2 -2 -2 -2 -2 -2 -2 -2 -2 -2 -2 22.1 23.4 23.3 18.8 19.4 17.1 17.4 24.9 32.3 38.9 45 45.7 40 42.4 48.8 54.1 53.1 48.5 45.1 42.7 39.5 34.3 30.8 26.8 22.6 20.5 20.5 20.5 20.5 20.5 20.5 20.5 20.5 25.2 30 33.5 36.6 39.7 42.5 45.3 47.9 50.4 52.6 54 54.3 52.9 51.4 50.5 48.6 51.7 54 56.2 58.7 60.5 62.2 64 67.5 70.6 76 83.2 78.3
-2 -2 -2 -2 -2 -2 -2 -2 -2 -2 -2 -2 -2 -2 -2 -2 -2 -2 -2 -2 -2 -2 -2 -2 -2 -2 -2 -2 -2 -2 -2 -2 -2 -2 -2 24.6 24.8 27.6 34.6 35 22.9 20.9 28.2 30 37.7 45.5 41.5 39.7 46.3 52.6 56 57.5 53.1 48.7 46.8 45.7 40.3 35.1 29.4 25.4 20.5 20.5 20.5 20.5 20.5 20.5 20.5 20.5 23 26.8 30.4 33.9 36.9 39.5 42.1 44.9 47.9 50.7 52.4 52.8 51.4 50 49.9 47.5 47.5 51.2 54.6 56.8 58.8 60.5 63.3 66.3 69.8 74.2 76.8 79
-2 -2 -2 -2 -2 -2 -2 -2 -2 -2 -2 -2 -2 -2 -2 -2 -2 -2 -2 -2 -2 -2 -2 -2 -2 -2 -2 -2 -2 -2 -2 -2 -2 2.8 20.1 23.7 27.5 36.5 37.6 37 33 33.1 32.6 35.2 38.1 43.1 34.7 39.7 47.6 54 57.9 57.6 53.4 50.4 48.3 48 43.1 38.9 32.6 27.3 22.6 20.5 20.5 20.5 20.5 20.5 20.5 20.5 20.7 24.4 29.1 31.7 34 36.6 39 41.9 44.7 47.6 49.9 51.4 51.4 51.5 50.7 47.5 47.5 47.5 50.8 53.6 57 59.6 62.4 66.2 69.8 73.1 76.4 79.5
-2 -2 -2 -2 -2 -2 -2 -2 -2 -2 -2 -2 -2 -2 -2 -2 -2 -2 -2 -2 -2 -2 -2 -2 -2 -2 -2 -2 -2 -2 -2 -2 0.9 7.5 19.1 25.6 26.7 31.8 36 36.9 37.2 38.2 35.1 37 38.2 33.6 36.3 42.4 50 55.9 61.3 61.5 54.1 50.8 48.5 47.8 43.9 39.2 33.6 28.6 23.3 20.5 20.5 20.5 20.5 20.5 20.5 20.5 20.5 24.3 26.4 28.8 32.5 34.4 36.4 38.9 41.6 44.2 46.4 48.3 50.3 50.5 50.7 48.3 47.5 47.5 47.5 49.9 53.6 58.4 61.5 65.5 69.5 73.1 76.6 79.8
-2 -2 -2 -2 -2 -2 -2 -2 -2 -2 -2 -2 -2 -2 -2 -2 -2 -2 -2 -2 -2 -2 -2 -2 -2 -2 -2 -2 -2 -2 -2 -2 -2 2 22.5 23.2 26.4 30.8 33.3 35.9 34.3 32.8 34.3 35 35.5 34.5 43.6 46.7 54.5 58.9 61.4 60.6 52.7 48.7 48.7 47.8 44.9 39.2 34.2 29.4 21.2 20.5 20.5 20.5 20.5 20.5 20.5 20.5 20.5 23.3 27.4 29.3 31.3 33.2 34.8 36.5 38.9 40.8 42.7 44.6 46.9 48.7 50.1 49.6 47.9 47.5 47.5 47.5 50.4 55.5 59.2 64.5 69.1 72.7 76.3 79.8
-2 -2 -2 -2 -2 -2 -2 -2 -2 -2 -2 -2 -2 -2 -2 -2 -2 -2 -2 -2 -2 -2 -2 -2 -2 -2 -2 -2 -2 -2 -2 -2 -2 3.1 18.5 24.4 27.4 29 24.7 26 28.1 28.7 33.6 32.4 30.5 35.6 43.2 43.7 47.1 55.5 59.3 52.6 46.4 44.6 46.1 47.4 44 38.6 33.1 30.6 20.5 20.5 20.5 20.5 20.5 20.5 20.5 20.5 20.5 23.8 26.2 28.1 30.1 32 33.7 35.3 37.1 38.4 40.2 41.9 43.4 45.2 47.2 49.4 49.1 47.9 47.5 47.5 47.5 51.6 58 62.4 67.7 72.2 75.9 78.7
-2 -2 -2 -2 -2 -2 -2 -2 -2 -2 -2 -2 -2 -2 -2 -2 -2 -2 -2 -2 -2 -2 -2 -2 -2 -2 -2 -2 -2 -2 -2 -2 1.9 14.3 20.4 22.9 24.4 25.9 5.2 20.1 16.8 25.8 24.2 25.5 25.3 33.1 36.2 37.4 43.9 50.8 51.7 43.9 41.6 41.6 40.1 40.7 39 35.9 33.4 30 26.1 20.5 20.5 20.5 20.5 20.5 20.5 20.5 20.5 21.3 23.7 26.1 28.4 30.9 32.6 34.3 36.3 37.7 39 40.2 41.4 42.6 44.4 46.7 49.1 49.1 48.7 47.5 47.5 50.9 56.1 60.1 65.1 70.3 75.4 77.6
-2 -2 -2 -2 -2 -2 -2 -2 -2 -2 -2 -2 -2 -2 -2 -2 -2 -2 -2 -2 -2 -2 -2 -2 -2 -2 -2 -2 -2 -2 -2 -2 0.1 8.7 15 14.3 16.7 -2 -2 2.4 12 21.1 22.5 20.9 23.9 27.4 34.3 34.1 39.9 37.5 37.4 39 41 40.8 42.4 39.8 39.1 39.2 38.7 32.4 29.5 26.2 20.5 20.5 20.5 20.5 20.5 20.5 20.5 20.8 23.1 25.6 28.7 30.6 31.6 33.3 35.5 36.9 38.2 39.2 40.2 41.5 42.8 44.1 46 47 48 49.5 49.9 51.7 54.9 59.1 64.5 69.9 74.6 76.2
-2 -2 -2 -2 -2 -2 -2 -2 -2 -2 -2 -2 -2 -2 -2 -2 -2 -2 -2 -2 -2 -2 -2 -2 -2 -2 -2 -2 -2 -2 -2 -2 -2 -2 -2 -2 -2 -2 -2 -2 11.8 23 21.3 17.5 18.2 21.1 23.2 26.6 33 40.9 45.7 46.2 54.1 51.9 49.7 45 40.9 39.1 38.2 33.4 31.6 27.3 20.5 20.5 20.5 20.5 20.5 20.5 20.5 20.5 24.8 26.4 28.2 30.3 31 32.3 34.7 36.1 37.2 38.2 39.3 40.7 41.6 43 44.4 44.7 46.2 47.7 49.6 51.3 53.8 58 63.9 69.4 73.9 75.4
-2 -2 -2 -2 -2 -2 -2 -2 -2 -2 -2 -2 -2 -2 -2 -2 -2 -2 -2 -2 -2 -2 -2 -2 -2 -2 -2 -2 -2 -2 -2 -2 -2 -2 -2 -2 -2 -2 -2 -2 2.1 16.6 16.5 16.6 24.2 33.3 37.9 36.2 37 45.1 52.7 51.4 54 52 51.8 51.7 49 40.6 36.9 33.8 32.6 30.1 27 25.3 23.6 20.6 22 21.3 22.1 23.1 24.3 25.8 27.8 30 31.5 31.6 33.5 34.7 36.1 36.9 38.5 39.8 40.5 41.3 41.3 41.2 42.7 45.7 47.2 48.6 51.6 55.9 62.4 68.3 72.8 75
-2 -2 -2 -2 -2 -2 -2 -2 -2 -2 -2 -2 -2 -2 -2 -2 -2 -2 -2 -2 -2 -2 -2 -2 -2 -2 -2 -2 -2 -2 -2 -2 -2 -2 -2 -2 -2 -2 -2 0.5 14.4 19.6 19.8 18.4 30.1 37.3 38.4 42.8 44.4 48.2 53.5 54.2 55.6 53.7 52.6 51.5 49.3 42.6 39.4 36.6 33.8 31.3 29.5 27.6 25.9 25.6 25.8 25.7 25.6 25.5 25.8 26.1 27 29.5 30.6 32.8 32.8 34.6 35.8 37.1 38.4 39.7 39.7 38.5 38.2 37.8 39.4 43.2 44.4 46.5 48.4 52.4 57.6 65.5 71.3 74.1
