data/190000-840000.asc
ncols 200
nrows 200
xllcorner 190000
yllcorner 840000
cellsize 50
[rows 0 to 35 of 200, columns 0 to 80 of 200]
441.9 421.6 406.1 391 377.4 363.4 352.6 340.6 322.3 310.4 302.8 303 298.1 294.9 295.1 295 295.6 298.2 301.3 304.4 307.6 315.9 324.6 336.5 348 359.7 370.6 384.7 399.8 415.5 432.4 450.9 473 502.8 534.2 563.5 591.5 620.4 651.5 693.9 709.7 722.9 743.8 765.3 793.4 824 851.9 883.7 896.1 911.5 901 877.9 850.6 815.6 752.9 721.7 716.4 706 691.7 707.8 709.9 709.6 679.1 635.3 585 549.1 532.2 530 512.4 493.2 483 465.8 447.5 424.7 403.1 384.9 367.7 345.1 323.6 298.1 279.9
433.1 414.2 399 382.1 368 356.3 344.1 331.8 315 306.5 303.2 303.1 300 298.1 299.2 299.1 299.9 306.2 307.2 310.5 314.2 319.8 329.2 341.5 352.1 363.3 375 389.8 406 421.7 440 460.6 482.6 513.1 543.7 575 599.8 629.1 669.2 701.2 714.5 729.5 752.6 777.3 806.8 841.4 878.2 913.1 929.6 921.5 910.4 899.8 884.2 845.7 799.3 781.1 773.6 757.7 737.4 733.9 731.7 725.1 701.9 647.9 606.5 561 537.8 522.7 511.1 501.3 487.2 467 449.3 432.7 413.6 392.9 374.3 353.3 330.7 306.5 284
424.8 407.7 390.5 373 357.5 346.3 336.8 325.6 314.4 304.9 300.1 293.1 294.1 292.3 296.7 297.8 305.7 308 315.7 318.8 319.2 323.7 332.5 343.2 353.9 364.9 377.8 393.1 412.7 430.6 447.2 467.8 491.8 522.3 552.8 582.1 606.1 634.4 670.5 699 714.1 731.6 753.3 779.1 810.8 847.4 891.3 930.3 929.1 923.4 910.1 898.1 882.8 858.7 833.6 807.8 787 768.2 753.2 738.9 728.9 721.4 702.4 658.5 606.3 567.5 544 526.8 511.1 498.8 493.8 483.4 460.9 443.2 429.3 408.7 387.2 362.4 339.9 315.1 292.2
414.6 396.7 378.1 361.7 348.7 337.1 332.5 323 311.8 301.8 297.3 293 294.9 287.2 297.4 303.5 305.5 309.9 316.6 317.8 319.9 327 336.8 344.8 356 367.5 381.3 398.3 415.1 434.3 453.7 473.1 497.1 525.1 554.4 581.5 608.3 636.2 665.9 689.8 709.8 727 742.4 769 800.8 841.9 892.8 926.7 924.9 921.2 909.5 893.8 878.3 859.8 837 807.8 789.5 766.4 745.6 726.6 714.2 703.5 679.5 645.5 609.4 568.7 548.3 531 517.8 502.7 483.9 472.3 457 437.7 421.7 407.6 383.1 358.3 337.2 318.2 296.9
397.7 380.8 363.8 348.7 337.1 326.9 323.1 315.8 308.5 300.2 293.4 291.7 292.9 283.8 282.2 296.8 301.9 305.1 317.9 322 323.2 328.8 338.2 348.2 360 371.8 385.6 400.8 417.2 436.2 456.1 475.8 498.4 525.6 552.5 577.5 603.6 626.1 653.8 675.1 694.8 711.8 727.9 760.5 795.1 833.6 871.3 906.7 915.3 912.3 898.7 885.6 866.7 849.8 829.4 806 779.6 739.1 710.8 691.5 676.5 660.3 646.9 631 604.7 579 559.3 540.3 524.2 508.5 494.1 476.6 455.5 437.8 417.6 399.7 384 359.6 337.3 315.6 298.1
376.9 361.4 350.3 336.6 326 317.8 315.3 312.5 306.4 299.8 294.9 290 285.4 281.5 281.2 288.4 299 312 320.2 324.2 325.6 330.8 339.9 349.7 361.2 375.3 390.1 404.7 418.1 436.1 456.3 475.1 497.2 522.5 545.6 566.7 590.7 611.1 636.9 657.7 678.6 696.4 716.8 748.8 790.7 829 852.4 868.2 879.2 884.4 879.7 867.3 850.5 832 811.4 788.4 751.4 712 684.3 662.8 644.4 628.7 615.1 602.6 592.5 580.4 566.7 551.3 540.9 523 499.4 475.1 457.6 443.1 430 410.5 390 366.8 346.5 327.5 303.9
360.7 347.5 337 325.2 315.5 308.1 304.6 304.3 301.9 296 294.5 288.4 278.5 282.3 284.4 297.6 311.3 318.4 319.5 322.6 327.4 334 341.2 351.6 362.9 374.5 392 405.7 419.3 435.1 452.9 470.8 491.6 515 532.3 548.6 568.7 587.8 609.7 634.7 659.5 679.5 701.2 736.5 772.5 811.8 825.1 836.5 843.1 853.1 854.4 843.5 827.6 812.4 793.7 771.8 742.7 702.8 674.5 647.6 627.3 612.6 598.8 589 579.7 569.6 557.2 547.7 540.5 528.1 506.8 483.5 465.2 451.1 432.5 414.4 396.2 377.6 359.8 335.5 315.1
345.3 335.6 325.1 316 307.8 299.9 293.8 289.1 286.2 279.9 283 276.5 283.3 288.7 292.5 297.2 311.5 316.1 317.8 319.9 325.4 332.6 341 352.5 362.5 376.8 391.6 406.6 419.9 431.8 444.6 461.5 482 499.1 515 528.6 545.4 563.2 584.9 610.9 633.8 655.1 677.3 698.6 726.3 770.1 805.3 818.4 823.5 827.8 831.6 824 812.1 799.3 781.3 767 749.2 708.7 677.7 646.9 621.6 604.3 589.7 575.7 563.1 550.7 538.5 534.6 527.8 517.5 502.8 482.1 467.3 453.6 435.1 415.9 398.9 380.6 358.9 339.9 322
332.4 323.8 314.6 306.5 298.4 293.2 286.5 279.6 274 273.6 274.2 276.6 281.8 291.6 290.8 289.3 299.7 311.6 312.1 317.1 324.7 332.5 340.5 352.6 365.1 378.6 391.5 403.1 413 423.2 434.5 449.9 471.8 488.1 494.9 506.8 522.2 538.7 558.8 582 603.1 621.7 643.6 674.7 710 761 791.5 819.6 841.3 836.6 829.1 815.7 801.8 786.6 769.1 755.3 743.4 727.8 713.2 656.8 618.2 592.7 574.6 559.9 547.7 536.5 528.5 525 520.4 511.8 497.8 480.4 468.2 456.3 439.4 422.4 406.4 389 369.8 352.3 340
316.9 310 302.4 296.6 289.7 287.5 279.8 272.7 271 271.5 275.3 280.7 286.4 286 289.4 294.4 297.7 306.8 310.2 317.4 324.6 329.7 341 358.9 366.7 378.1 388.2 398.2 406.6 415.1 424.7 436.9 456.8 464.2 474.8 486.6 499.4 512.3 530.4 549.5 571.7 589.3 612.6 638.7 670.7 705.9 735.6 784.3 816.6 824.8 826.6 812.1 792.1 774.2 757.6 746 736.1 727.6 707 679.6 628.3 589.6 563.7 548.3 538 528 521.8 519.2 514.9 507.7 494.9 480.9 468.4 457.5 445.3 433.4 420.5 404 385.2 366.8 351.2
304.7 297 291.3 285.5 282 278.4 273.6 267.7 268.7 272.9 276.9 283.5 286.9 285.1 288.7 292.9 299.8 307.2 311.4 317.9 325.8 335.1 345.6 356.6 364.5 374.3 385.2 396.3 401.7 408.1 416.1 426.7 436.7 444.2 453.8 463.4 474.8 487.5 502.6 518.1 540.3 559.5 577.1 602.8 630.2 662.7 710.2 747 784.4 793.9 799.6 791.7 777.7 761.3 748.2 737.4 726.9 717.2 690.9 667.5 639.3 603 572.1 549.8 537 526.3 520 517 510.1 500.2 489.5 476.9 465 454 445.6 437.4 431.9 429 413.8 387.6 362.4
294.9 290.1 282.4 275.3 272.4 266.9 266.3 265.1 269.3 273.7 280.3 286.2 284.7 284.6 289 292.3 300.1 307.2 311.6 317.3 325 334.6 345.9 356.1 362.6 372.9 382.9 392.4 398.1 404.1 410 418.9 427.7 436.1 438.2 443.6 451.6 461.3 474.5 489 508.7 533.4 547.8 568 603.5 628.1 672.7 715.9 733.6 747.4 767.2 771.1 764.9 755.2 741.9 735.4 731.2 721.6 701.2 671.6 638.4 608.8 582.6 560.3 541.5 530.2 521.6 514.6 505.2 493.4 481.5 469.6 459.5 449.5 443.1 436.4 430.5 419.7 405.6 385.3 367.5
284.2 276.1 272.6 268.6 265.3 263.6 263.6 265.5 269.1 275.1 282.2 284 283.9 284.3 287 293.6 306.5 307 310.5 315.8 324.1 334 344.4 352.7 361.2 370.7 379.4 387.6 393.1 400.4 407.5 415.9 422.1 426.7 426.7 430.2 437.1 445.2 453.9 466.3 484.4 508.5 520.3 538.4 565.7 591.1 626.5 674.3 686.6 711.1 748.4 763.5 753.7 747.1 742.8 742.5 734.9 726 710.5 682 645.8 610.2 580.7 560.5 541.5 531.6 522.9 513 501.9 489.3 477 465.5 455.5 444.9 434.8 427.3 416.4 404.5 391.8 378.9 362.8
273.6 267.3 265.5 262.9 259.7 262.3 263.6 265.1 268.5 275.9 284.4 283.2 283.7 285.4 287 291.4 300.4 305.9 308.6 314.9 324.1 332.4 341.6 350.7 359.2 367.4 375.3 380 386.6 398.3 404.9 409.9 414.5 416.8 419 422.1 428.1 434.9 441.7 449.8 469 484.1 495.1 507.8 531.2 559 586.3 617.7 648.7 682.1 718.8 731.4 736.6 737.5 742.4 743.4 743 736.4 730.9 706 665.2 623.8 584.1 558.7 539.6 524.5 514.9 505.6 495.3 484.7 474.9 465.5 455.5 446.9 438.3 428.4 415.6 407.1 393.7 381.4 370
263 262.3 258.1 261.9 264.1 263.8 263.6 264.2 268.2 281.4 280.7 280.1 283.3 285.9 287.7 291.6 295.9 302.1 308.6 315.1 323.1 331.2 339.4 347.2 355.5 363.9 369.8 375.9 386.6 401.2 401.8 406.1 409.2 410.8 413.7 416.9 420.8 425.9 432.6 437.6 455 466.2 474.5 480.1 504.3 527.9 549.2 591.5 622.9 650.5 674.3 696.1 711.3 720.7 731.9 740.7 748.8 750.2 746.4 726 708.6 653.1 601 566.2 545.6 527.5 513.2 502.1 491.8 485.4 476.8 469.8 462.1 452.3 442.5 432.9 420.1 407 395.1 383.2 372.3
258.6 259.4 254.4 264.2 264.6 263.6 262.4 262.9 267 271 272.8 275.8 276.3 281.8 285.1 290.3 295.3 299.6 306.3 313.2 321.9 330.3 336.5 343.2 352.6 360 368.6 379 388 395.1 399.9 404.1 405.9 407.5 408.3 410.7 414.5 418.5 421 423.1 447.2 455.5 460.3 463.7 478.5 498.6 521.4 563.8 592.4 618 634.9 650.1 668 692.1 704.4 721.2 734.4 748.2 750.8 741.9 726.3 683.3 628.2 583.8 554.4 537 519.3 505.8 494.3 485.9 480.3 476.3 468.6 455.3 445.2 436.6 423.5 411.3 395.8 384.1 375.5
256.2 255.2 256.6 263.8 264.8 260.7 259.1 260.8 263.9 266.4 268 271.9 279.3 284.5 285.9 290.3 297.5 304.5 312.8 320.9 328.4 334.7 341 348 356.6 365.1 372.9 381.6 389 394.8 399.5 401.6 402.8 404.9 408.9 412.5 412.2 416.8 415.8 418.7 431.5 440.7 447.5 449.9 459.9 476.1 492.3 526.8 559.8 581.3 600.3 615.2 633.3 654 673.3 691.6 706.3 725.2 737.4 744.3 738.7 706.3 661.2 624.1 576.1 551 530.6 509.1 496.7 486.6 479.2 474.7 463.2 451.8 445.4 437.4 426.5 416.9 406.6 388.5 376.7
251.2 250 252.9 260.7 259.1 256.2 260 264.3 266.3 270.1 271.6 273.2 278 281.7 288.3 295.3 303.1 311.9 320.6 328.2 334.7 340.5 346.6 355 361.9 369.9 378.2 386.5 392.3 396.6 398.6 401.6 403.8 410.3 414.4 419.4 419.4 415.8 415.8 417.9 423.3 427.9 430.9 432.6 440.3 454.8 470.7 491.6 518.3 541.4 557.8 578 598.3 619.2 642.8 660.3 675.6 692.1 710.7 730.7 739.3 714.7 673.7 635.8 585.8 566.8 541.7 517.6 500 488.2 478.2 468.4 458.3 450.1 442.8 435.8 429.8 422.3 407.2 390.1 377.2
249.2 248.9 252 251.6 253 260.6 265.3 267.3 267.5 270.3 271.7 275 280.9 286.4 293 300.2 308 316.3 324.2 331.7 339 345.8 354 363 369.5 378.7 386.6 393 397.8 401.8 403 404.4 406.8 413.8 422.7 422.3 418.2 415.8 415.8 416.2 418.3 419.4 418 415.8 421.8 434.7 448.7 470.1 484.1 504.8 522 549.9 562.9 573.3 606.1 631 640.1 653.4 675.3 702.8 716.6 707.2 679.3 639.6 602.5 579.6 549.7 522.7 504.4 491.2 477.8 466.6 457.2 449.6 442.4 435.8 429.5 420 408.7 394.2 380.8
249.3 247.9 248.7 249.7 255.6 260.2 264.7 268.7 268 270.4 273.9 277.9 284.1 290.7 297.2 305 312.8 321.5 330.6 338.1 346.7 355.7 364.4 375 383.6 391.5 397.5 402.5 406 408.9 409.8 409.8 412.3 413.8 418.9 418.7 415.8 415.8 415.8 415.8 415.8 415.8 415.8 415.8 415.8 418 428.8 444.7 463.2 479.8 495.1 512.5 533.7 550.3 573.7 589.8 607.6 623.3 639.5 668.2 684.9 692.3 672.3 636.8 605 575.9 549.2 527.5 509.5 494.4 479.1 466.4 457.4 452 446.5 439.5 431 422 412.5 402.3 391.5
246.9 247.1 247.4 251.4 257.1 261.6 266.9 270.5 271.4 276.3 280.4 283.6 287.9 294.1 301.7 309.6 317.6 326.8 336 345 355.2 365 376.9 389.1 395.6 402 407.3 412.7 417.8 419.8 421.4 423.5 426.3 430.7 423.1 416.9 415.8 415.8 415.8 415.8 415.8 415.8 415.8 415.8 415.8 415.8 424.3 438.7 455.9 476.4 490.8 502.3 512.7 524.9 541.2 557.8 576.3 591.6 611.1 633.3 644.8 659.6 655.1 625.6 594.8 575.9 553.2 532.3 512.9 497.2 482 470.6 465.9 461.4 454.8 447.4 439.8 431.6 422.3 412.3 401
245.5 246.3 249.9 256.4 261.3 266.3 271.7 275.5 277.3 283.7 288.7 291.7 293.2 298.4 305.8 315.4 324.7 333.8 343.9 355 365.6 375.8 387 396.7 404 410.7 417.2 422.9 426.9 432.3 437 440.7 443.4 436.3 430.6 425 420.5 415.8 415.8 415.8 415.8 415.8 415.8 415.8 415.8 415.8 423.2 437.6 452.7 471.1 489.3 504.8 512.3 519.7 528.7 545.4 557.7 569.9 588.3 606.5 616 626.1 624.3 605.2 580 554.3 538.6 526.9 512.9 495.4 492.1 482.6 476.3 470.6 463.8 457.8 449.4 441.2 431.5 420.7 408.6
244.9 245.1 250.6 259.2 265.6 269.5 273.7 277.7 281.2 289.4 295.4 299 301.3 305.9 311.6 322.9 333.4 343.5 354.4 365.6 376.2 386.5 396.6 405.5 413.6 420.1 428 436 443 452.8 459 458.8 453.6 449.8 444.4 436.4 429.4 418 415.8 415.8 415.8 415.8 415.8 415.8 415.8 415.8 427.9 438.6 451.1 463.7 473 491.3 504.4 520.4 531.8 544.9 546 555 567.3 581.2 593.1 601.5 602.9 582 568 556.5 533.3 518.1 517.1 513.1 500.7 490.1 482.7 476.6 473.1 467.3 460.8 452.3 436.2 423.8 414.8
244.1 243.8 247 260 268.9 272.5 276.7 280.5 285.6 294.2 299.9 307.1 310.2 315.3 322.1 332.5 342.7 353.4 365.1 376.3 386.8 397 406.9 416.8 424.4 431.8 440.4 453.8 466.3 475.3 475.9 473.9 469.7 467.5 459.1 448.2 435.4 426.7 415.9 415.8 415.8 415.8 415.8 415.8 415.8 417.7 426.7 440.5 453.9 457.2 461.2 476.3 500.8 513 519.6 522.9 529 539 555.3 572.1 585.2 592.6 595.1 577.4 556.3 543.1 535.9 539.8 529.6 522.6 513.6 502.8 498.5 495.4 492.5 487.2 490.8 487.2 462.2 446.2 432
243.4 242.5 247.4 255.6 266.8 273.3 277 283.8 287.7 294.7 299.6 305.6 313.1 321 330.7 341.3 352 362.4 373.2 385.9 397.2 407.3 417.4 429 439.2 448.9 460 476.7 491.5 493.9 495.3 496.9 492.4 485.5 474.8 464.2 454.2 442.5 431.8 423.1 415.8 415.8 415.8 417.2 417.8 422 430.5 438.8 445.5 450.8 455.7 469.7 488.1 493.9 500.9 503.6 512.6 523.5 540.7 557.5 569.6 579.4 585.9 586.6 576.8 573.2 569 559.3 552.1 541.9 537.4 530.7 531 533.4 531.6 535.1 556.8 575 530.8 484 460.7
246.1 249.3 255.6 263.6 272.1 278.1 283.7 288.6 294.3 301.1 306.9 312.4 318.1 329 341.4 351.7 363.7 373.1 383.6 394 405.3 416.6 429.1 440.5 452 466.6 484 504.3 513.5 519.1 524.1 524.2 517.3 508.3 500.2 489.7 479.8 469.4 459.6 449.7 439.9 436.3 436.4 438.1 439.5 435.6 433.7 435.2 438.5 443.6 446.5 453.5 471.2 478.8 486.6 493 501.9 515.6 531.6 552.5 559.7 567.2 581.4 594.4 601.6 599.5 599.5 594.3 582.8 575.1 572.4 573.3 578.5 595.8 634.1 638.8 642.5 645.7 605.5 546.2 508.6
252.9 257.4 263.3 271.1 277.9 283.9 289.6 295.3 302.2 309.8 316.7 322.4 328.3 338.3 350.8 363.5 374.3 382.6 392.3 402.5 414 425.9 438.8 448.8 463.8 485.8 505.2 524.9 535 546.3 550.2 551.3 548.8 541.1 532.5 522.1 515.4 502.2 489.7 479.8 472.8 470.9 490.6 479.7 467 454.4 444.3 437.2 438.5 443.9 450.8 462.4 473.4 475.7 478.4 484.5 504.7 525.4 543 555 554.3 561.2 574.8 591.2 601.7 604.3 605.5 612 617.6 615.1 613.2 623.7 632.8 657.8 664.1 667.2 661.5 658.1 651.9 605.7 550.2
260.2 263.8 268.2 275.6 281.5 287.8 293.3 299.6 309.6 317.1 323.1 329.3 337.1 347.8 361.5 372.4 380.5 389 398.5 407 418.3 429.7 441.3 451.5 471.1 494.3 517.1 535.5 554.1 566.3 578.6 577.8 577.5 577.9 576.9 577.9 574.8 557 547.4 534.4 539.8 555 556.7 531.3 491.6 473.7 461.5 453.1 448.1 449.3 456.5 465.8 476.1 475.4 476.4 485.7 507 531.4 545.7 550.4 549.4 558.3 568.6 585.4 593.6 594.6 598.3 605.3 617.2 627.4 637.6 657.2 665.4 665.6 668.2 673 667.3 663.4 647.2 595 552.4
262.6 268.9 273.7 279.7 285.8 291 296.5 303.8 314.5 320.4 325.9 334.4 344 356.4 369.4 378.9 386.4 394.2 402.1 410.5 419.3 429.5 439.1 452.5 473.8 498.8 523.1 540.9 562.2 575 586.1 593.7 600.4 606.7 613 620.9 619.3 622.8 623.4 617.4 598 592 589.1 572.5 519.2 502 489.6 477.4 470.5 465.1 467.2 475.5 478.4 475.4 479.8 490.1 509.3 537.2 545.3 546.3 551.6 569.8 588.6 584.3 577.2 581.9 595.1 595.1 602.4 614.5 633.1 656.2 661.8 657.8 659.6 664.9 663 659.5 644 617 578.9
266 270 276.4 283.5 289.9 294.6 300 307.6 317 322.9 329.9 339.7 350.7 362 373.8 384.4 392.8 398.4 405 411.2 418.6 427 436 450.3 471 494.6 514.7 542.3 560.9 576.4 590.8 601.6 614.9 631.3 652.5 663.2 662.7 665.6 673.5 661.5 648.8 627.3 603.5 589.3 549.8 540.9 527.7 515.1 503 492.6 491 492.3 489.6 488.1 492.9 512 533.8 541.6 541.6 547 579.9 598.2 588.4 577.3 566.2 567 576.6 582.1 600.6 619.5 632.9 643.9 648.2 647.6 652.4 655.8 656.1 651.7 635.4 613.4 576.1
268.2 274.2 280.2 286.9 292.1 297.1 303.1 308.8 320.8 325.5 330.9 342.7 354.1 363.7 376.3 391.5 396.9 401.9 406.4 412.2 418.3 426.4 435.9 448.4 466.8 488.2 509.8 537.2 556.1 572.8 590.6 607.2 626.1 654.4 671.6 683.8 688.6 697.7 700.6 696 682.4 652.9 621.5 597.9 578.9 569.8 561.5 550.2 537.1 528 520.1 522.2 520.5 516 524 542.5 541.6 541.6 541.6 561 581.5 587.6 573 561.1 552.3 550.8 558 568.3 595.9 614.1 625.6 634 634.8 636.7 642.7 647.6 646.9 640.5 628.2 621.2 613.4
271.3 277.1 283.3 289.1 295.7 300.7 308 318.5 326.5 330.3 335.8 346.2 356 365.8 384.1 391.7 397.8 403.1 407.5 411.7 420 427.7 437 450.5 464.8 483.5 500.4 521.2 539.3 558.7 578.3 598.3 622.1 646.8 666.5 677.9 688.7 699 703.1 697.7 691.2 670.1 647 627.3 611.3 603.8 601 599.9 597.1 580.7 573.1 563.8 563.6 563.2 561.8 549 542 541.6 547.1 566.4 578.6 571.9 554.1 546.9 540.8 535 543.6 552.9 576 597.4 610.8 614.6 614.4 619.4 629.4 633.4 634.3 627.1 618.8 614.1 608.3
270.9 277.8 284.5 290.9 298.4 305.9 314.9 324.7 330.8 336.5 343.2 352.6 362.5 373.4 384 390.7 397.7 404.3 410.1 417.2 423.6 429.9 440 452.9 466.9 480.5 487.4 503.5 523.7 545.1 563.3 588.9 618.4 642 659.5 680 695.4 706.4 713.4 721.8 719.3 699.8 677.2 655.9 667.4 665.3 660.1 664.8 650.1 637.8 615.9 605.5 602 595.7 576.8 561 552.1 549.5 561.4 569.3 572.5 553.1 533 525.4 523 523.6 533.7 545.8 564.7 581.3 589.7 591.9 589.7 598.2 609.9 611.7 612.2 609.4 606.3 601.4 594
271.2 279.5 286.7 294.7 302.9 314.6 323.9 332.3 336.3 342.1 349.6 358.6 368.5 378.8 384.3 388.6 399.6 407.7 417.6 424.7 428.4 434.3 444.1 453.8 464.1 472.1 479.9 491.7 511.3 531.9 554.6 581.3 609.7 639.3 663.4 686.1 700.2 708.9 721.7 745.2 758.1 763.9 761.8 755.4 745.7 726.8 723.9 715.1 694.7 676 657.4 647.1 649.3 634.2 615.5 597.1 574.8 561.7 552.1 553 551.3 527 512.7 509.3 515.6 519.1 526.5 537.9 552.5 563.7 565.2 564.9 567.4 574.6 584 587.8 590.2 590.7 589.9 585 575.3
272.6 282.7 290.5 299.1 310.3 323.6 333.5 341 342 348.8 357.2 366.7 376.4 384.2 390.8 399.7 409.5 415.2 420.7 426.2 432.5 437.8 445.6 453.7 461.4 467.5 474.5 486 503.7 521.6 541.5 573.5 600.6 633.6 661 688.2 700.7 713.5 734.5 767.8 807.1 836.8 836 818 820.7 819.3 804.7 773.6 738.6 711.6 703.3 692.3 665.4 634.1 614.2 596.8 574.6 556.2 540.6 540.4 527.2 508.7 501 500.6 507.5 510.4 517.3 527 540.2 547.3 543.3 542.8 545.4 547.6 553.1 561 568.3 570.1 569.6 565.8 560.1
277 284.9 293.6 304.1 315.7 331.1 337.3 341 346.5 354.6 363.8 373.7 384 391 398.3 404 410.7 418.4 426.9 431.2 435.9 442.3 449.7 456.4 461.2 465.3 471.1 480 496.4 512.6 530.1 562.7 594.1 626.6 657.8 687.2 703.6 718.1 745.5 783.7 823.5 866.5 873.7 867.5 870.5 854.4 826.6 806 767.8 735.9 713.2 680.5 643.1 619 598.3 582.5 565.3 543.6 524.6 519.3 503 495.5 495.2 498.5 495.8 500 506.9 514.9 524 525.8 526.1 527.7 527.4 526.4 527.7 532.1 541.7 547.4 551.3 549.2 546.7
