data/190000-720000.asc
ncols 200
nrows 200
xllcorner 190000
yllcorner 720000
cellsize 50
[rows 0 to 34 of 200, columns 78 to 155 of 200]
220.5 216.5 213.7 209.6 195.5 191.5 188.9 187.7 183.3 176.7 169.1 169 172.9 179.9 187.4 195.7 208.5 233.4 240.8 245.4 247.8 232.8 225.1 223.9 221.8 223.2 234.2 226.2 212.1 207.9 206.2 207.7 212 219.1 220.7 211.4 203 190.8 184.4 179 176.4 170.8 165.8 162.5 157.2 149.2 139.8 136.9 133.8 130.4 131 125.4 119.6 127.5 129.3 123.1 122.8 120.8 119.5 115.2 111.6 111.2 110.6 109.9 110.6 110.9 109.9 109.3 111 114.4 118.4 119 119.2 118.9 121.1 122.7 123.9 123.7
216 211 202.7 197.6 189.8 188.6 187.9 191 186.4 172.9 168.9 168.4 169.8 178 190.8 201.8 216.8 233.4 247.6 249.7 249.9 239.6 232.3 228.8 229.6 221.9 221.2 223.5 208.6 205.5 203.3 212.4 219.7 224 211.4 202.1 197.4 187.8 180.3 175.6 172.1 168.7 164.2 160.6 155.9 147.7 140.6 140.3 138 135.8 130.1 123.6 118.6 117.1 115.7 117.1 116.9 120.9 120.9 116.5 110.8 109 109.2 109.9 108.5 108.4 109.6 110.2 112.3 115.3 119.8 120.1 118.1 118.2 120.9 121.7 122.7 121.6
209.8 210.4 197.6 198.1 196 192.9 183.7 184.6 178.1 170.5 168.9 168.5 168.6 172.9 185.8 198.3 211.7 226.3 238.3 244.2 245.5 241.7 235.2 235.4 229.9 216.1 212.2 214.8 208.2 199.6 202.3 209.4 211.8 216.6 205.4 199.6 188.2 182.8 177.5 173.7 170.9 167.5 162.4 154.9 146.9 140.7 139.6 140.2 136.3 134.2 131.3 126 120.3 115.8 115.5 114.9 114.1 113.7 111.3 109.9 109.1 107.6 108.3 107.1 106.7 106.7 108.4 111.6 115.2 114.2 123.7 123.5 119 113.9 114.9 117.1 120.5 117.3
207.6 202.3 203.1 204.1 200.2 195.2 183.9 180.5 177.6 177.8 172.8 170.2 173.8 173.7 185.1 196 210.5 224.3 230.2 242.2 244.8 240.6 236 231.2 232.4 220.1 212.2 205.2 204.6 205.6 197.9 207.2 201.5 201.4 200.9 195.1 187.2 181 176.7 173 171.4 168 164.1 153.9 148 144.1 144 143.3 138.1 135.5 133.2 130.1 125.1 117.8 120.2 122.6 122.1 120.9 118.8 110.2 110.4 108.2 106 106.2 107 105.2 108.2 108.3 109.4 112.8 120.1 124 120.9 109.1 106.7 116.9 113.9 114.6
204.1 205.3 208.3 212.1 205.2 196 184.6 183.6 180.1 178.6 176 188.8 182.5 184.2 189.6 199.8 209.3 219.2 230.4 239.6 241.3 237.1 232 227 220.7 211.1 206 209.2 210.4 213.4 212.1 190.2 191.4 187.5 187.9 189.4 187.3 178.7 169.9 170.3 171.6 166 158.1 155.1 150.8 148.2 146.1 145.7 141.3 137.4 133.6 129.9 125.5 122 124.3 125.9 126.7 120.5 117.4 112 115.7 114.3 107.4 101.5 101.1 106.2 108.9 105.9 102.9 112.2 107.1 103.8 103.1 98.8 97.6 98.2 101.4 107
205.5 209.3 215.2 212.6 203.6 193.3 185.2 184.1 180.6 181.1 185.5 186.2 197 203.1 198.5 204.6 211.7 226.9 238.2 236.2 233.4 228 222.1 217.3 213.7 213.1 217.1 214.5 212.5 214.9 202.6 191.8 184.9 181.6 181.1 178.3 177.1 175.1 166.5 166.5 166.9 167.4 168.4 167.5 159.8 150.3 147.2 144.8 140.4 136 132.3 131.5 130.4 131.9 128.6 122.1 119.3 113.6 112 113.4 115.1 119.4 117.9 111.4 105.9 97 99.9 102.1 98.3 101.1 98.3 96.5 95.8 93.4 91.6 91.2 95.9 97.3
210.4 217 223.2 218.3 207.4 188.4 184.5 183.3 183.5 185 207.5 204.4 203.1 213.8 215.4 199.1 209.9 222.8 230.9 232.3 226.1 222.2 214.2 213.5 217.4 221.1 218.1 217.8 217.9 210.4 201.4 193.1 188.6 184.8 183.6 182.2 179.4 176.1 174.3 175.6 176.1 178.1 179.7 182.5 169.9 155 150.4 143.9 139 138 139.1 141.3 140.2 141.2 138.1 127.2 115.5 112 114.4 116.8 117.4 116 115.7 114.5 113.5 106.8 103.2 92.4 92.3 91.8 92.4 94.4 96.8 94.9 92.4 91.1 90.6 94.1
213.5 216.2 219.3 215.1 205 188.6 185.2 184.9 188.3 188 207.1 216.5 217.1 223.9 223.9 211.3 208.1 223.1 227.4 226.6 217.2 213.9 214.5 214.8 222.9 225.3 224.4 225.8 220.7 213.8 206.7 197.9 192.5 188.6 187.4 185.9 186.8 183.4 179.8 179 178.1 180.9 182.6 185.8 178.5 161.2 152.8 147 138.9 136 139.4 143.4 144.9 141.5 135.5 124.3 114.3 114.7 120.7 120.8 119.2 119.7 113.7 113 112.7 115.3 111.2 97.9 91.8 90.9 91.4 92.7 94.7 95 94.7 92.2 90 92.6
215.3 209.1 205.6 203.8 189.9 186.4 184.4 183.6 190 206.3 220.4 237.7 239.5 241.2 242 230.2 218.4 220.2 217 215.8 214.1 216.4 216.9 227.5 227.1 231.2 234.5 230.8 220 217.8 210.2 204.6 190.9 188.2 189.4 192 193 186.6 183.8 182.2 180.7 182.3 182.5 183 173.3 163.1 153.3 144.6 141.2 139.2 141.5 143.4 138.9 135.7 133.5 124 115.3 118.2 126.1 124.7 125.9 123.9 115.9 110.5 113.8 116 114.7 101.7 92.6 90.3 90.4 92.7 96.7 101.3 97.2 91.5 90.1 90.7
207.4 205.6 202.8 195.7 186.2 183.1 180.9 182.6 194.2 224.4 247.5 257.8 261 255.2 256.7 245.6 227.6 217.5 215.5 216.6 217.9 223.1 232.8 236.4 235.6 234.8 234.6 228.1 224.3 227.6 216.8 206 191.8 192.5 192 194 193.9 189.9 187.9 185.4 184.3 183.3 180.7 176.9 167.7 161.3 149.9 147 147.5 143.4 142.4 141.3 139 138 136.4 127.1 120.8 126.6 135.5 129.1 125.6 116.8 111.6 107.3 108 108.9 110.9 100.2 95.2 91.1 89.6 92.2 94 91.3 90 90.6 89.4 88
214.8 217.4 207 190 181.9 178.4 181.1 184.1 193.3 232.3 258.1 265.8 267.9 263 257.3 250.5 237.2 220.3 218.7 219.7 226.8 234 247.1 244.8 242.9 241.4 241.5 234.9 226 221 215.7 206.6 199.3 196.2 198.2 196.7 196.4 196.1 195.1 187.1 196.1 185.8 179.5 177.9 169.5 158.1 148.7 148.7 150.4 147.3 145.6 144.8 146.7 145.2 139.8 119.2 126.9 119.9 133 141 126.2 116.6 112.1 107.5 102.7 104.2 102.5 103.8 103.5 94 90.6 89.2 88.9 88.9 89.5 90.7 88.4 88.2
212.3 201.1 191.6 182.1 177.5 182.4 185.2 183.3 200 225.7 260 264.8 264.4 265.9 255.1 243.1 237.8 229.5 224.4 226 243.3 251.9 247.3 248.8 246.7 249.9 252 246.8 235.5 223.9 218.9 212.6 207.3 201 199.8 198.3 197.3 197.8 193.8 186.5 187.7 180.4 174 177 162.6 153.9 152.1 148.9 146.8 148.5 149.1 151.7 154.9 155.7 128.2 116.4 117.1 116 120.5 118.8 121.8 118.1 121.8 113 101.1 98.7 99.3 96.5 98 94.3 92.6 88.9 87.1 88 89.3 90.4 87.3 89.3
208 197.5 183.3 178.6 181.3 189.7 188.2 188.3 202.2 225.4 250.2 254.1 257.5 256.1 251 246 242.7 237.9 234.1 231.4 240.7 251.2 250.4 253.6 258.5 254.4 255.4 252 238.7 226.8 219.9 213.6 210.7 203.4 203.3 202.1 197.8 193.9 192.3 189.7 184.9 180.9 173.9 169.9 156.6 153.3 149.3 145.2 146.4 147.1 148.1 150.7 155.1 137.9 115.9 114.7 115.4 113.4 113 114.6 117.5 119.7 114.6 107.9 100 95.7 95 93.5 93.8 98.2 100.9 92.9 87.6 87.1 87.6 89.8 94.6 101.7
195.8 183.5 177.2 176.1 180.6 190.6 190.6 190.6 203.5 227.8 234.2 245.7 255.6 255 258.4 251 247.7 246.3 243.6 237.7 236 245.3 257.6 269.4 266.7 254.8 254.5 249.2 240.4 234.1 232.2 226.5 221.6 214.6 207.5 207.6 205.7 188.5 189 186.1 181.7 176.6 169.6 156.7 153.6 154.3 147.1 143 146.9 147.4 140.1 138.9 136.9 122.3 114.8 113.5 121.9 118.8 110 110.5 111.3 111.1 108.8 105 101 97.4 93.3 92.1 90 89.9 95.9 95.7 88.6 86.6 87.3 89.8 89.7 94.2
178.4 175.4 174.2 175 179.6 187.4 190 192.8 197.1 214.5 220.6 227.8 243.1 252.2 247.5 245.5 246 253.8 258.2 251.9 244.7 248.6 256.9 267.8 267.9 255.2 248 246.6 243.8 240.1 239.4 235.3 228.9 225.9 222.7 207.7 202.9 199.4 186.5 180.4 174.3 167.3 157.8 152.6 152 146.3 143.3 140 138.2 141 135.2 125.4 119.8 114.9 112.1 116.8 125.4 123.8 108 107.2 108.2 109.4 111.2 109.5 103.4 100 98.9 93.4 93.1 92.3 88 89.4 87.8 87.3 92.7 91.3 87.8 86
174.1 172.4 173.7 175.2 176.1 181.6 187.3 190.6 197.8 204.8 219.8 225.2 234.3 237.4 246.7 248.6 250.8 264 268.9 267.2 257 255.3 255.2 255.5 256.6 250.9 245.1 240.8 237.3 238 238.7 241.8 229 225.4 214 207.8 200.7 190.2 182.4 175.6 167.9 163.8 160.2 156.3 151.9 147.2 145.8 145.8 138.3 126.7 122.1 110.5 108.8 109.7 110.3 113.9 120.3 114.1 107.4 105.5 106 107.9 113 109.6 106.8 105 99.6 96.9 94.5 94.3 90.2 89.7 91.9 91.6 85.5 87.4 84.4 84.4
172 168.3 172.1 173.9 174.4 182.1 192.4 199.7 206.3 229.7 241.9 245.3 250.1 249.1 259.5 264.4 263.4 272.7 288.2 287.4 272.4 262.1 258.3 251.5 252.8 252.5 249.8 247 238.5 235.8 236.1 236.8 225.3 217.5 204.9 201.6 198.5 199 184.1 171.8 169.4 168.9 165.1 162.9 155.9 150.8 148.7 147.6 137.5 127 113.3 109.2 109.2 109.8 108.4 109.2 112.7 112 107.5 106 106.3 109.3 109.5 110.6 110.1 106 99.2 96.3 95.1 92.3 90.1 89.6 87.6 88.6 88.6 84.4 84.4 84.4
173.3 167.1 169.3 170 171.2 187.3 202.4 209 219.6 253.9 264.7 264.6 261.5 262.5 273 279.8 275.5 268.7 275.9 288 278.9 261.9 255 258 264.4 263 253.4 250.1 247.3 241.3 240.6 245.6 235.7 219.2 201.5 188.4 189.9 187.7 177.6 171.1 172.8 173.4 170 163.3 157.6 153.1 146.2 144.2 131 121.9 107.3 107.3 112.3 111.6 107.7 106.6 111.2 109.5 104.5 106.1 109.2 113.4 112.1 111.8 111.3 105.4 99.6 96.3 95.4 92.2 92.4 90.9 86.5 85.8 84.9 84.4 84.4 84.4
172.2 167.6 160.7 162.7 176 191.5 204.7 212.3 221.7 259.2 268.5 270.6 269.3 275.5 290.5 304.4 292.4 280.2 278.6 289.6 288.1 273.7 267.8 273.1 271.1 262.4 259.9 256.1 248.5 244.5 252.5 242.6 238.2 226.7 209.3 191.6 182.1 178.2 173.3 173.1 174.7 175.4 171.6 165.3 159.3 146.7 140.3 137.2 122.1 108 105 104.9 112.8 109.3 106.6 105.1 102.4 103.7 106 106.2 114 114.5 113.9 113.6 109.3 102.5 96.8 97.3 96.9 97 95.2 91.6 87.9 84.7 84.4 84.4 84.4 87.4
164.1 163.5 161.4 169.4 182 197 207.8 216.6 232.4 257.5 271.3 274.2 276.8 278.4 294.5 304.5 301.8 294.2 289.1 290.4 294.8 282.9 277.8 283.2 280.9 262 255.3 252.4 245.3 235 233.1 233.8 233.3 223.7 210.1 195.7 180.3 174.7 171.9 172.3 171.8 169.4 166.5 161.9 151.9 141.4 138.3 131.1 116.4 104.6 104.3 105.6 110 106.3 107 103.1 101.8 102.5 104.5 107.3 112.8 112.6 113 111 107.4 99.6 97.6 98.5 98.8 98.8 98.9 94.1 89.5 91.1 88.1 86.6 92.4 96.7
153.3 158.6 166.1 173.8 184.6 201 211.6 219.1 239 266.2 273.1 277.7 288 295.2 301.1 308.7 311.6 303.4 303.3 299.6 296.9 288.5 280 289.7 283.6 264.2 253.1 246.1 236.2 229.2 230.6 231.8 231.1 221.5 205.4 189.5 179.4 172.5 168.8 165.7 161.2 158.7 155.3 150.7 145.5 139.6 139.1 126.2 107.6 104.4 103.3 103.6 105.1 103.2 102.3 101 101.1 104.3 105.5 107.2 112.6 110.7 110.2 107.8 103.4 96.9 99 100.8 100.6 100.4 99.8 94.2 90.8 91.5 95.1 103.1 104.6 101
149.8 161.3 169.6 177.6 185.1 201.7 214.7 224.1 251.6 267.2 271.8 285 297.4 311.3 315.5 320.6 317.6 309.8 308.7 310.4 305.5 301.1 283.1 280.1 277.5 265.2 254.4 244.6 232.1 228 226.9 223.3 220.7 209.9 194.8 184.6 179.2 172.9 165.2 160.1 156.6 153.4 151.1 148.6 143.1 134.5 125.6 114 105.2 106.1 106.6 105.8 99.4 98.7 98.2 99.7 103 106.2 106.7 106.3 107.4 106.7 107.3 104.3 98.9 96 99.6 104.3 102.4 101.1 98.7 94.2 93.3 97.9 107.7 107 110.8 103.1
151.3 163.8 173.4 182.5 191.1 205.5 218.5 230.7 253.2 266.3 280.9 297.1 309.4 327.7 327.9 331.8 323.8 316.6 319.1 320.9 313.7 303.1 287.1 275.2 270.5 266.8 252.2 239.1 232.7 234 228.5 214.8 203.3 194.4 187.3 182.8 177.7 172.5 167.6 156.1 151.6 149.5 146.2 145.3 140.3 130.3 119.3 106.5 106.3 106.6 106.3 103.1 95.6 94.2 98.5 102.5 105.7 108.4 107.6 106.1 105 102.6 102.9 101.2 97.6 96.9 100.1 105.5 104.8 103.5 100 98.2 101.2 120.5 126.9 121.1 112.3 103.1
156.9 166.3 175.8 185.4 193.6 209.2 220.2 230.9 242 284.8 300.6 307.8 318.6 332.4 335.6 335.5 328 335.3 342 332.4 320.6 304.6 292.9 273.7 262.9 255.8 251.4 243 236.1 239.1 226.9 212.3 194.1 188.4 186.2 181.2 175.5 169.8 165.4 155.7 145 144.3 143.4 141.2 139.3 129.9 114.5 104.4 103.4 103.3 106 98.4 93.9 99.7 104.1 108.2 109.4 108.3 106.4 103.5 104.1 102.8 101.7 99 96.3 96.5 99 105.5 103.8 102.8 103.1 116.5 132.8 134.2 132.1 128.6 116.8 108.3
161 169.1 177.1 185.5 194.6 203.3 217.9 224.8 249.2 295.5 295.8 308.9 327.7 340.5 340.8 339 345.3 348.7 357.6 347.5 318.9 299.4 295.5 273.5 257.7 252.6 244.2 244.2 241.1 224.1 213.6 202.1 189.8 186.8 184.8 179.6 172.2 166 159.7 153.8 143.8 137.1 136.5 135.5 135.1 129.9 105.7 102.3 100.5 99.4 98.1 96.4 95.7 103.9 113.1 110.2 107.3 105 105.8 107.5 107.2 102.8 99.1 96.4 95.9 96.5 97.7 103 103 105 117.1 137.2 145.7 136.8 128.3 126 114.1 110.8
163.3 171 175.3 181.4 188.9 188.7 207.1 232.9 260.6 268.3 291 322.4 333.2 330.5 335.1 347.2 367.4 361.9 355.1 342.9 324.6 298.4 284.2 262.3 248.1 246.7 238.8 231 226.1 202.7 196.5 191.4 188.6 186.4 182.8 176.3 168.7 161.3 155.3 154.1 143.5 133.1 128.4 127 127.1 120.5 103 99.5 97.7 97.4 95.4 93.3 95.9 102.9 109.7 107.5 106.8 104.2 104.1 102.5 103 100.4 97.1 96.3 96.2 96.8 97.4 102 102.9 107.6 135.6 149.6 145.8 133.9 126.8 117.6 111.1 111.4
164.3 168.8 171.8 175.2 180.9 182.9 193.5 227.4 261.3 286 298.4 307.9 323.3 336.3 354.3 372.7 364.9 357.4 344.9 332.8 323.2 294 275.4 258.1 248.6 228.1 226.7 224.2 209 192.2 187 188.8 188.5 189.3 182.5 173.7 164.1 157.6 154.7 153.1 151.4 134.4 123.2 117.5 114.9 101.1 97.7 96 94.4 94.2 92 93.1 95.5 99.3 101.9 104.1 103.8 104.2 103.8 98.8 99.2 97.3 95.6 96.2 96.5 96.8 97.7 99 103.4 111.6 134.2 150 142.7 133.3 125 111.6 109.2 108.5
160.2 166.2 169.2 168.8 169.1 174.5 180.4 199 244.2 272.3 286.2 303.6 325.1 331.7 347.2 366.7 365.1 350.5 336 318.4 302.6 281.9 265.3 257.8 249.7 223.3 210.2 203.9 194.2 186.1 185.8 187 186.9 186.7 179.1 165.7 157.8 153.7 149.2 145.5 142.5 129.9 114.8 105.9 99.7 96 93.5 91.3 89.6 88.9 88.6 90 92.2 93.5 96.7 99.7 102.2 101 99.7 96.5 95.3 95.6 96.2 97.1 97 97.6 98.5 100.1 103.5 111 125 136.9 140.9 126.4 113.1 111 111.8 111.4
158.5 163.7 167.3 167.1 167.5 171.8 179.2 193.1 210.5 243.6 289.4 309.9 324.4 327.3 327.4 334.1 343 348.1 326.2 301.6 276.2 255.6 247.7 242.5 231.8 214.4 200.2 187.5 183.4 184.3 188.1 186.3 180.1 176.1 169.1 159 151 144.4 138.2 131.2 124.9 113.6 101.8 94.7 93.7 91.8 89.6 87.2 87.8 88.6 88 89 90.6 92.4 93.2 97.1 99.2 97.1 95 94.6 95.4 95.9 96.5 97.3 98.3 98.2 98.8 100 102.7 108.9 115.7 127.9 130.4 110.7 110.5 112.1 121.3 115.5
160.8 167.7 169.1 167.7 165.5 169.3 181.3 187.5 192.4 215.4 265.2 288 320.7 321.1 315.7 315.4 334.7 332.6 312.9 281.6 263.7 241.3 231.5 223.4 212.2 197.8 182.6 172.6 176.4 179.8 185.9 182.3 173.2 160.8 156.7 149 141.4 133.6 127 118.5 109.1 97.2 90 89.9 89.2 88 88 86.7 87.3 88.3 88.1 89.3 89.2 92.2 92.8 93.1 95.8 94.8 92.9 93.7 94.5 95.5 96.5 97.2 98.8 99.4 99.6 100.4 102.2 104.4 106.3 108.8 107.5 109.4 110.6 114.6 114.5 119.7
160.3 173 173.1 169.2 167.2 164.4 170.3 177.2 180.2 202.7 239 273 283.3 296.4 308.2 310.9 316.1 309.4 286.5 271.8 259.5 232.4 219.8 211 197.8 180.1 164.4 160.5 159.5 163.5 166.6 165.5 159.2 145.6 140 136.4 130.3 122.5 113.8 103.8 94.6 88.8 87.9 87.5 87.4 87.2 87.4 86.9 89.6 88.6 89.8 90.9 91.4 90 92.2 92.5 93 93.2 93.1 93.8 94.5 95.2 96.2 97.1 98.7 100.5 100.3 100.2 102.1 102.8 105.2 106.6 109.2 113.4 117.4 131.2 126.6 122.8
155.9 164 168.2 169.8 168.3 164.4 160.5 169.1 177.8 192.3 220.1 248.9 271.8 271.4 278.1 293.7 299 290.6 273.1 259.1 250.1 219.6 200.3 187.7 176.9 160.8 154.6 148.2 149.6 148.9 147.3 144.8 139.1 134.9 127.3 125.8 118.6 110.2 100.5 92.4 89.6 88.1 86.2 86.1 86.3 86.8 87.2 88.8 91.8 90.4 94.3 94.9 92 93.9 92.4 92 92.6 93.1 93.6 94.1 94.6 95.1 96 97.1 98.7 100.4 100.5 101.1 102.5 103.7 106.1 109.4 110.2 117.5 129.7 144.3 137.5 127
143.3 151.4 158.9 170.2 168.6 165.1 159 166.2 178.7 194.4 212.6 234.1 256.5 259.5 259.2 260.8 267.5 267.8 262.2 244.7 225.4 201.8 183.4 172.6 161 152.8 145.3 139.5 141.9 139.8 135.6 132.5 127.9 123.2 118.9 116.5 108.6 99 92 90.9 88.3 87.4 86.2 86.1 85.9 86 89.1 92.4 94.1 92.7 95.3 95.8 91.9 93 92.6 93.4 92.8 93.4 94.6 94.1 94.5 94.9 96.7 100.2 102.4 104.6 103.6 104.3 105.2 108.5 111.5 112.7 112.3 121.7 133.5 141.5 145.6 135.5
137.1 135 145.3 158.2 164.1 163.3 159.5 164.5 178.8 194.4 210.5 234 248.1 253.3 250.9 251 246.5 242.2 230.7 220.7 207.7 180.6 170.2 160.8 151 144.3 139.5 137 136.8 132.5 126.8 123.3 118.5 113.4 108.8 106.2 99.2 90.6 89.7 88.5 88.6 86.3 86.4 86.7 86 92.4 95.9 103.4 97 95 96.4 95.1 94.4 93.9 94.2 94.1 95 95.9 95.4 94.5 95 96.2 104.3 111.7 111.5 111.3 111.3 112.8 113.1 117.6 119.9 121.7 119.1 127.9 139.1 146.9 146.4 140.5
127.5 124.3 132.8 142.3 152.5 159.1 156.3 164.7 178.4 191.9 208.2 215.8 245.7 242.1 239.8 242 234.7 230.9 220.8 208.9 185.5 162 157.4 149.7 137.8 137.4 141.4 132.1 126.6 123.6 118.1 114.1 109.6 104.5 98.3 92.5 88.5 87.4 86.1 86.4 87.7 85.9 84.7 86.3 89 98.9 113.4 104.9 99.8 97.4 96.4 95 95.4 94.6 96.2 96.8 97.4 98.5 99.8 100.8 98.2 103.9 111.6 119.7 122.3 124.3 121.9 124.3 124.5 126.4 132.3 128.7 125.2 127.1 146 152.8 146.1 147.1
