data/190000-840000.asc
ncols 200
nrows 200
xllcorner 190000
yllcorner 840000
cellsize 50
[rows 108 to 143 of 200, columns 81 to 161 of 200]
116.3 111.5 107.5 103.5 97.1 90.9 81.6 68.5 58.3 48.9 41.1 35.8 31.5 29.9 29.1 27.6 24.7 23.3 22.2 20.2 21.1 20.8 21 18.7 20.8 20 19.9 17.5 16.7 15.8 15 16.9 18.1 18.2 18.4 18.6 18.1 17.4 17 17.7 18.3 18.9 19.5 20.1 19.7 20.9 20.9 21.1 14.2 19.2 18.7 16.1 17.3 21.1 22 21.6 19 16.2 17.8 21 21.6 21.1 23.4 23.9 19 16.3 14.2 16.8 30.3 33.6 42.1 49.9 61.2 74.1 89.9 103.6 120.8 129.5 144 163.6 185.6
106.6 102 99.7 95.9 92 85.4 74.6 63.9 53.4 43 34.2 30.3 28.2 28.6 27.4 26.1 22.5 20.8 19.7 19.9 20.1 20.2 21 21.7 21.6 20.9 17.3 16.3 15.7 15 15.5 16.5 17.5 17.1 17.2 17.4 16.8 16.4 17.2 17.8 18.2 17.8 18.2 19.1 19.7 20 20.7 14.2 18.7 18.8 19.7 18.9 20 23.3 24 24.4 19.7 21.8 22.5 21.6 21.2 23.7 23.4 23.5 23.8 25.6 31.4 34.8 39 46.2 55.2 64.6 79.8 94.3 105.8 119.8 135.7 147.7 164.7 184.6 204.1
97.1 90.6 89.3 89.1 88 78.7 63.6 55.6 46.6 36.2 26.4 25.6 25.7 26.4 25.8 24 20.8 19.5 17.6 19 20.8 20.5 21.5 21.2 21.3 17.9 15.4 15.1 14.6 14 15.9 16.5 17.1 16.5 16.1 16 15.5 16.3 17.1 17.9 18.5 18.7 19.3 18.4 18.6 19.2 19.7 15.3 18.9 19.2 20.6 21.9 22.9 24.7 25.3 26.1 16.9 21.7 22.3 22.9 23.5 23.2 22.9 23.4 26.6 33.5 37.6 44.7 49.4 57 69.2 80.9 95.2 109.8 124.8 139.6 151.1 164.1 183.8 212.7 240.1
88.3 83.2 77.5 75.7 76.2 68.1 55.9 47.2 39.2 30.2 23.8 24.1 24.5 25.3 23.5 19.6 21.4 18.1 18.9 19.9 20.1 21 21.6 20.4 19.6 15 14.7 15.6 14.8 13.2 15 16.1 16.5 15.9 15.3 15.6 15.7 16 17.1 17.9 18.7 19.2 19.3 19.3 18.3 19.1 18.5 16 17.9 18.4 23.2 24.1 25 25.7 26.7 25.9 20.9 21.4 22 22.7 23.2 23.4 22.5 33 34.7 38.6 45.3 53.9 61.6 73.4 84 96.3 111.4 127.6 142 154.9 171.1 185.7 201.4 245.4 285.1
83 74.9 69.1 64.7 61.7 57.1 49.3 44.2 34.7 25.2 23.7 23.1 22.5 22.8 24.5 20.5 17.5 18.1 19.6 19.7 19.2 19.6 18.8 18.5 14.3 14.4 14.5 14.7 13.4 13.5 13.3 14.1 15.4 15.1 15.1 15.8 16.2 16.6 16.8 17.4 18.6 19.4 18.2 19.1 18.9 19.4 19.3 14.4 17.4 23.1 23.3 24.1 25 25.2 26 26.3 16.6 21.1 21.7 22.5 21 26.4 33.7 38.1 40.6 48.8 56.6 68.1 78.7 87.8 102.4 120.1 136.6 152.9 163.4 174 191.4 214.6 264.5 296.9 313.9
75.1 64.8 59.1 56 51.1 47.6 43.5 35.6 25.8 23.7 22.9 22.3 21.7 21.1 20.9 19.4 16.9 17.9 19 18.6 18.3 17.8 16.1 14.7 14.3 14.2 14.4 15.1 13.4 13.3 13.3 13.7 14.1 14.6 15.4 15.5 15.5 16 16.5 17.1 17.6 19 18.1 18.7 19.4 19 18.5 14.2 17.6 22.4 23.4 24.2 25 25.1 25.6 25.1 25.6 26.3 27.4 30.2 30.4 34.7 39.1 43.4 49.2 58.8 72.7 86 92.8 107.2 128.9 147.9 161.3 176.7 186.2 204.5 231.6 260 290.5 320.2 337.9
64 54.1 49.3 47.5 42.2 41.1 37.4 27.7 22.9 23.4 22.8 21.8 20.8 20.6 19 17 16 18 16 16.2 15.6 17.3 14.4 14.3 14.1 14 14.9 15.1 13 13.4 13.5 13.7 13.7 14.4 14.8 15.3 15.4 15.4 16.1 16.9 16.9 17.9 18.1 18.7 18.6 18.3 17.8 14.2 23.5 23.3 23.5 24.3 25 25.1 25.4 25.9 26.2 30.2 34.3 36 35.5 37.5 46.5 53.2 63.9 76.8 91.9 105.9 117.2 136 156.1 173.5 189.1 198 219.4 235 275.9 297 315.6 343.2 355.8
49.2 45.7 41.2 39.2 36.4 31 25.6 23.1 22.9 22.6 22.4 21.8 20.7 20.5 17.9 15.5 13.8 13.3 12.9 13.2 13.4 13.5 13.6 13.7 13.9 13.8 14.9 12.8 12.4 13.5 13.5 13.6 13.3 14.3 14.5 14.8 14.9 14.8 16.1 16 17.1 17.7 18.1 17.9 17.6 17.4 17.1 14.2 25.8 26.5 26 26.7 27.1 27 27.3 26.2 34.5 34.9 36 37.3 40.1 49.8 57.1 74.5 88.2 101.4 116 129.1 154.7 170.3 185.1 199.3 216.4 226.9 248.3 278.6 312.8 328 343.8 358.6 372.9
38.5 36.4 32.9 30.8 27.1 22 21 21.5 22.1 22.5 22.5 22.3 21.2 20.6 19.5 13.7 13.4 11.8 12.5 13.4 13.6 13.4 13.3 13.2 13.3 13.5 12.8 12.7 12.3 12.8 13.6 14.7 14.4 14.2 14.1 14.5 14.5 14.4 13.6 14.2 15.3 14.4 14.2 15.2 15.8 15.3 14.2 21.1 29.1 29.7 29.1 30.2 31.3 30.6 29.8 34.1 36.6 39.1 45.2 50.8 57.9 70.7 85.3 99.9 114.4 124.8 145.3 167.8 180.4 196.7 211.1 229.9 247.4 257.9 287.3 316.4 343.4 356.2 364.2 371.3 391.7
26 27.5 25.4 22.9 19.9 20.2 20.2 20.3 20.7 21.1 21.5 21.9 21.6 20.6 15.4 13.6 13 11.4 12.2 12.9 13.6 13.3 13.2 13.1 13 12.9 12.3 12.3 12.4 12.2 13.6 14.4 14.8 14.7 15 18.5 21.2 19.7 21.3 25.5 24.5 23.6 25 26.5 27.3 28.5 29 29.5 29.5 31 31 32.5 33.6 34.2 37.1 40.4 49.6 63.1 72.5 82.2 96.7 111.3 110.3 126.5 143.2 161.8 181.5 191.9 204.7 224.5 247.4 262.4 278.3 293 316.9 346.2 360.5 369.2 376.7 397.4 407
26.9 22.8 20.8 19.6 19.7 20.4 20.4 20.3 20.3 20.6 21 21.4 21.3 20.1 16.7 12.9 10.9 10.7 11.1 11.4 11.9 12.8 12.5 12.1 11.8 12.2 12.4 12.7 12.8 12.7 13.6 14 14.7 14.8 15.2 17.2 18.6 19.3 25.7 26.2 24.7 23.3 26.3 27.6 27.7 28.5 29.3 29.6 30.2 30.8 31.4 33.1 39.9 44.2 57.9 72.5 82.3 94.6 111.7 126.2 137.6 145 147.3 166.6 176.2 189.1 204.6 217.2 231.6 258.8 285.8 300.7 309.5 319.6 341 366.1 377.5 385.6 391 404 411.6
21.4 20.9 19 18.6 19.4 20.4 20.6 20.5 20.5 20.4 20.6 20.9 20.9 20 15.4 10.8 10.7 10.7 10.8 10.7 10.5 10.4 10.9 10.8 11.4 11.4 11.9 24 24.9 23.6 19.4 15.7 21.2 14.5 15.4 15.5 19.4 21.7 24.7 24.9 22.1 25.1 27.4 27.1 27.8 28.7 29.7 30.2 30.9 31.1 31.6 43.5 59.8 73.4 88.5 106.4 119.3 139.1 159.1 174.1 179.9 188.9 194.6 198.8 205.3 215.5 226.6 241.5 261.1 288.3 319.9 327.2 332.5 341.5 362.4 379.7 392.5 397.2 397.3 402 405.1
19.2 19 17.4 18.2 19.1 20.3 20.8 20.7 20.7 20.6 20.6 20.5 20.5 19.6 16.3 10.4 11.4 11.4 10.7 11.8 12.3 11.9 12 12.2 12.6 16.5 25.7 25.3 24.8 23.9 22.9 22.7 22.2 15.5 15.3 16.2 20.3 23.4 23.9 24.1 23.5 26.7 27.9 27.6 27.9 29.2 30 31.1 32.1 40 64.9 79.5 91.2 109 127.2 149 161.8 183 199.7 203.5 205.6 212 216.1 220.4 228.1 241.5 251.4 268.3 288.1 308.9 329.3 336.6 340.7 351.9 374.6 389.2 399.4 399 401.1 406.8 404.8
17.3 18.2 17.3 17.8 18.8 20 20.9 20.9 20.9 20.8 20.7 20.7 19.8 19.2 16.8 9.5 11.2 11.3 11.6 12.2 12 11.7 11.9 12.6 12.8 22.9 24.3 24.2 24.1 23.8 22.8 22.2 21.1 17.4 18.5 20.7 23 24.7 23.2 23.3 25.9 27.3 28.6 28.6 28.4 29.1 30.3 46.7 62 73.6 93.3 109.5 128 142.5 162.8 186.6 200.4 210.6 217.5 221.1 225.1 232.8 235.9 239 251.3 260.3 275.5 296.9 318.7 331.6 341.4 346.5 348.1 364 384.2 396.9 401 399.4 408.2 404 406.8
16.4 17.1 17.1 17.4 18.5 19.7 20.9 21.1 21.1 21 20.9 20.3 19 18 15.3 8.8 10 10.8 11.8 11.8 11.7 11.6 11.7 12.1 12.9 24.5 22.8 22.7 22.7 22.6 22.6 20.6 21.2 20 20.8 18.5 22.2 22.5 23.1 26.2 26.3 28.1 29.3 29.4 30.3 44.2 60.4 79.7 99.2 110.4 124.7 142.4 164.1 186.2 200.6 210.5 218.7 226.8 230 236.8 247.1 251.9 257.7 261.4 269.5 287.9 304.6 316.6 332.9 346 350 356.4 360.8 371.4 386.6 395.3 395.7 397.2 399.2 403.8 415.2
15.5 16.4 16.9 17.2 18.2 19.4 20.6 21.3 21.2 21 20.6 19.6 18.1 16 8.4 13.2 23.8 17.8 11.2 11.3 11.5 11.5 11.6 11.2 16.4 21.3 21.8 21.8 21.9 22 20.4 20.4 20.4 21.7 21.8 22.5 21.6 22.3 22.5 24.6 26 28.3 33.6 39.8 56.9 71.3 89.9 114 134.3 143.6 157.9 176.6 199.3 215.4 224.5 232 233.7 234.9 242.2 250.1 260 272.8 282.9 285.4 290.2 314.3 333.6 333.3 342.3 352.4 357.6 364 369.6 376.1 383.3 387.3 392.6 394.5 397.5 408.9 416.5
15 15.9 16.6 16.9 18.3 19.7 20.8 21.4 21.2 21 19.9 18.8 17.1 11.3 8.9 19.2 19.9 26.5 23.6 23.4 15.2 11.5 11.5 12.3 19.6 19.8 20.9 21.8 21.8 21.8 21.7 21.4 22.4 22.8 22.9 23.4 20.3 20.6 22.1 23 24.6 32.7 53.1 68.7 84.6 106.4 135.1 155.8 167.1 168.3 188.4 201.8 220.6 233.2 237.7 245.1 249.8 247.4 251.3 263.3 272.5 284.5 295.7 300.9 316.1 335.6 343 342.1 347.8 355.2 364 369.8 377.5 383.8 390.3 393.3 394.4 394.7 396.2 404.7 412.9
14.5 15.4 16.3 16.9 18.3 19.5 20.5 20.8 20.3 19.4 18 16.2 12.3 8.3 15.2 20 19.8 22.7 28.2 28.7 28.2 26.6 20 17.6 19.8 19.2 19.9 21.5 21.8 22.1 23.1 22.9 23.5 23.8 23.8 23.7 22 22.7 30 40 53.7 67.8 81 101.7 125.4 143.2 163.4 175.6 186.7 198 212.4 220.7 229.1 243.4 250.2 256.6 262.1 261.6 262 276 288.9 299.6 308.4 318 339.6 348.8 356.4 353.6 353.7 355.9 365.2 376.4 385.2 390.8 396.2 397.7 395.5 392.8 393.7 400.5 404.7
14.1 14.9 15.8 16.7 17.4 18.1 19.1 17.5 16.3 15.5 14.7 12.5 9.4 8.9 17.8 19.3 19.2 19.1 18.1 24.2 29 29.3 27.6 26 23.9 22.4 20.7 20.6 22 22 23.3 24 24.4 27.3 27.9 26.8 27.7 34.4 48.8 65.2 81.7 90.1 111.4 139.3 157.3 173.6 189.9 198.6 203.9 220 230.7 238.6 242.7 252.8 263.5 267.2 268.6 269.9 271.7 288 303.7 314.4 329.5 342.5 350.9 356.8 359.8 359.4 359.2 366.1 377.2 387.3 393.1 394.3 395.4 396.6 393.7 390.6 392.1 396.4 399.7
13.6 14.4 15.2 15.4 15.8 16.6 16.9 15 12.3 13.2 11.4 10.8 9.5 11.7 18.2 18.8 18.8 18.7 18.6 19.6 20.3 24.3 32.2 30.7 29.1 28.1 29.7 27.7 26.9 26.8 24.3 25 25.2 30.5 29.4 31 38.1 53 69.6 84.7 96.5 113.9 137.6 160.6 178.9 198.3 215.3 219.8 224.5 239.8 247 251 256.9 269.1 271.2 269.9 272 276.6 287.2 310.6 323 333.9 348.6 353.4 357.1 360 361.9 363.7 367.3 375.1 385 390.9 395.4 395.8 396.3 392.9 390.1 390.5 392.1 395.7 400.1
12.7 13.9 14.2 14.4 14.5 15 14.9 11.9 8.4 10.6 10.1 9.6 8.5 17.2 17.5 18.2 18.4 18.4 18.4 19.4 20.2 19.9 20 28.5 34 31.4 33.1 32.7 30 25.9 26.4 25.3 27.4 31.4 30.7 44.2 57 71.3 87.4 102.2 122.1 143.5 167.4 184.6 202.2 219.2 230.5 235.6 241.1 250.8 256.5 262 269.8 278.8 280.6 280.4 282.1 291.6 305.5 314.3 337.4 351.3 355.8 357.9 361.6 364.3 365.8 366.7 370.2 378.7 386.1 389.6 390.8 387.3 387.3 387.5 390 392.6 397 392.4 390
11.5 12.9 12.6 12.7 12.7 11.5 8.4 8.4 9.6 10 8.8 9 17.2 17.3 17.1 17.5 18.1 18 18.2 19.2 19.9 20.6 21.4 21.9 23.7 27.5 29.6 27.7 25.8 27.2 28.1 28.7 31.1 37.3 46 58.5 71.7 87.8 102.5 120.9 149.3 178.1 195.6 203.4 220.7 235.8 246.1 248.9 252.6 261 267.8 272.4 281.7 287 288.5 294.6 299.9 310.8 326.5 341.8 352.2 354.9 359 363.7 364.8 366.3 367 368.7 376.3 383.7 388.5 387.7 388.5 383.6 384.1 388.9 393.1 392.7 391.4 387.5 385.6
10.7 11.7 11.4 10.9 11 9 9.1 10.8 9.4 9.8 8.6 15.9 17.2 17.3 17.2 17 17.6 17.7 18 18.9 19.6 20.4 21.3 22 23.4 23.8 24.7 24.9 26 28.5 30.8 31.5 40.2 50.1 58.3 70.9 92.4 103.9 120.9 143.7 176 194 205.9 219.4 238.1 248.2 253.3 257.8 262 270.5 275.2 279.9 289.1 295 300.2 309 319.1 334.3 350.4 361 362.1 362.3 362.7 363.2 365.2 366.6 369.9 374.8 378.9 383.4 385.8 385.7 385.7 382.5 385.5 390.1 392.2 392.2 388.5 382.8 378.7
10 10.5 10.4 9.6 9.2 9.5 8.3 8.2 8.2 8.7 15.4 16.5 17.2 17.2 17.2 17.1 17 17.4 17.8 18.6 19.4 20.3 21.1 22.1 23.2 23.8 24.4 26.2 27.8 31 33.3 40.1 49.3 54.2 72 90.1 108.8 124.7 145.6 172.9 194.4 207 220.9 234.3 246.4 251.2 260 264.2 271.5 278.4 283.8 290 298.7 305.3 313.4 324.1 338.4 349.8 364.3 372.8 371.4 370.6 369.9 369.3 369.9 370.8 372.1 374.5 375.2 375.5 380.2 383.4 384.5 381.8 383.2 388.8 391.9 391.1 385.6 376.3 369.6
9.4 9.3 9.2 8.5 8.6 8.9 9.5 14.8 15.3 15.9 16.5 17 17.1 17.2 17.2 17.1 17 16.9 17.6 18.4 19.3 20.1 20.9 21.9 23 23.8 24.2 25.9 30.2 32.5 38.5 45.5 54.1 69.9 89.3 104.8 128 149.9 172.1 192.6 205.8 215.2 230.1 240.2 250.7 260.9 268.3 275.4 283 292.3 297.4 302.2 310.1 317.7 325.2 336.8 346.6 361.5 375.3 380.8 377.9 376.9 376.6 376.2 376.3 377.9 373.7 370.6 370.6 371.7 377.3 380.4 381.6 379.4 381.4 386.7 390.7 389.1 380.3 370.3 363.1
8.9 9.7 9.3 8.5 9.1 10.5 12.8 15.4 15.9 16.5 16.7 16.7 16.7 16.9 17.2 17.2 17.1 17 17.3 18 19.1 19.9 20.8 21.6 22.8 23 23.7 25.8 30.3 37.8 44.3 54.6 68.2 80.6 103.7 121.8 146 169.3 190.1 202.1 214.6 221.8 235.6 253 260.2 271.2 278.4 283.2 289.7 299.4 308.3 313 322.1 330.4 343.4 354.3 366.3 383.6 389.1 388 383.5 381.4 381 380.5 380 380.7 379.9 375.9 370.6 373.9 378.4 378.7 375.5 376.2 380.3 382.9 384.8 382 374 362.9 355.5
8.8 8.9 8 8.6 9.4 11.9 14.4 15.5 16.1 16.5 16.4 16.3 16.3 16.5 16.8 17.1 17.2 17.2 17.5 17.9 18.6 19.2 19.9 21.3 20.7 22.9 24 33.8 39.4 46.2 65.4 78.8 95.8 106.4 121.8 143 165.8 182.4 198.2 210.6 222.5 236.6 252.4 266.1 274.9 282.7 289.3 295.1 301.9 309 316.4 328.4 336.7 347.3 360.3 372.4 382.6 393 398.9 396.5 389.1 385.7 384.7 383.7 383 381.3 379.9 376.6 376 380.2 387.5 386.8 378 375.5 378.1 378.7 377.8 373.7 363.2 352.1 344.4
8.8 7.3 7.4 8.8 10 12 14.7 15.7 16.2 16.3 16.2 16 15.9 16.1 16.4 16.7 17.1 17.3 17.7 18.1 18.5 19.3 19.8 21.3 20.8 25.2 34.8 41.3 50.7 69 90.6 110.2 121.3 136.9 150.8 156 176.4 197.2 209.1 223.8 236.5 250.6 261.7 275.1 284.3 293.5 298.6 302.9 309.3 316.5 324.2 333.9 346.1 362.6 375.4 387 387.4 393.9 398.6 395.2 390.7 391.3 394.6 392.6 386.6 379.7 376.6 373.8 377.4 380.4 386 391.5 389.3 380.1 377.7 370.5 361.7 360 350.3 340.9 332
8.6 7.5 8 8.6 10.2 12 14.2 15.8 16 16.1 15.9 15.7 15.6 15.7 16 16.4 16.7 17 17.4 17.9 18.2 18.8 20.2 21.3 26.5 38.7 47.2 57.4 74.2 95 114.3 130.6 146.2 161.2 174.1 186.7 194.1 211 222.8 234.1 242.8 255.7 266.3 277.1 288.2 296.1 301.5 305.7 311.8 318.7 330.1 338.6 351.5 366.4 379.6 383.3 385.5 386.6 392.7 392.1 400.3 403.9 398.5 395.1 390 383.1 378.2 373.4 375.8 377.8 383.2 390 384 378.2 377.6 371.5 355.4 340 331.9 327.6 319
8.7 7.6 8 8.7 10.2 12.2 13.9 15.2 15.8 15.8 15.6 15.5 15.3 15.4 15.7 16 16.3 16.7 17.3 17.5 18.1 18.3 20 31.4 41.5 51.7 69.5 87 112.2 131.9 154.4 173 188.5 193 203.7 209.6 210.9 220.3 229.6 239.3 248.5 258.3 268.1 277.7 290.8 298.3 302.4 308.7 311.3 317.7 328.1 337.9 349.6 359.4 368.8 373.8 377.5 379.8 386.5 397.1 407.7 405.7 399.7 395.1 390.7 389.9 381.5 372.2 370.1 372.3 379.1 381.9 380.1 375.9 373.1 364.5 354.2 340.7 330.2 318.2 306.1
8.5 7.4 8.1 8.9 10.3 11.6 12.9 14.2 15.6 15.5 15.3 15.1 14.8 14.7 15.2 15.7 16 16.3 16.7 17.6 17.6 23.5 34.1 47.7 56 71.4 89.8 113.5 133.8 149 171.6 194.6 212.3 221.1 224.1 219.1 220 227.4 235.9 242.8 250.9 258.9 268.3 278.2 286.7 293.6 300.1 305.2 308.9 315.5 324.1 333 343.9 355.4 364.7 370.7 375.1 377.3 380.4 392.4 400.2 399.9 396.4 390.9 386.7 384.3 381.2 381.5 373 366.4 370.2 373.7 372.9 370.4 369.1 359.8 347.5 333.3 323.1 313.3 302
8.6 7.5 7.9 8.6 10 11.4 12.8 14.1 15 15.2 14.9 14.6 14.3 14.2 14.5 15.1 15.7 16 16.3 17.1 20.5 31 44.6 58.9 71.7 88.4 107.7 127.2 142.2 162.2 185 208.6 225 233.9 233.6 229.5 229.5 234.4 240.7 246.8 253.5 262.6 269.4 276.9 281 288.1 295.5 300.6 305.7 313 318.8 326.9 339.8 352.6 363.6 369 371.1 372.3 373.2 380.3 388.1 389.7 381.9 376.9 376.5 378.4 376.7 379.5 369.3 362.8 363.9 361.5 362 362.1 359.6 351.4 336.2 324.1 313.7 302.4 292.4
8.7 7.5 7.6 8.4 9.9 11.4 12.6 13.5 14.4 14.8 14.4 14.1 13.8 13.7 13.9 14.4 15 15.6 16 18 24.9 37.8 55.3 69.7 83.6 99 116.1 133.3 155.6 174.1 192 209 223.1 231.2 234.6 235.9 240.6 239.9 240.6 246.4 253.8 262.9 270 273.4 276.1 282.6 290.6 296.7 300.8 307.9 313.4 324.3 336.7 349 359.2 362.5 363.3 362.5 363.7 365.2 369 368.8 361.9 365.9 369.6 369.7 364.5 369.6 363.3 361.6 358.3 350.7 350.9 349.8 341.8 335 323.6 313.1 301.7 289.8 284.6
8.1 8.4 6.7 8.2 9.7 11.2 12.1 13.1 14 14.1 13.9 13.6 13.3 13.1 13.4 13.7 14.3 14.9 16.5 21.9 31.2 45.7 62.6 76 94.1 105.9 122.1 141.7 163 180.8 196.2 211.6 221.6 227.4 233.1 239.5 248.2 249.6 253.3 254.1 254.1 260.4 265.7 267.7 272.2 277.9 286 292 292.9 303.3 314.2 328.2 332.6 338.6 347.4 350.3 349.6 348.5 352.2 355.4 351.5 351.5 354.3 357.9 361.9 356.2 351.6 357.7 362.9 359.3 349.7 341 337.6 332.8 323.4 316.4 308.1 299.2 288.7 277.4 273.5
7.8 8.1 6.5 7.4 9.2 10.5 11.7 12.6 13.2 13.3 13.2 13 12.7 12.5 13 13.3 14.1 14.8 20.9 28.2 38.2 52.6 68.9 83 97.4 111.2 127.4 147 166.8 183 198.8 214.1 223.5 230 236 245.4 248.4 252 258.7 258.8 257.1 259.2 263.1 266.1 270.9 276 282.2 284.1 290.8 302 313.6 322 326.8 332.2 335.1 333.7 333.9 336.1 340.5 345.4 342.3 343.1 347 345.4 347.3 344.5 347 355.6 362.3 351.5 340.8 330.2 321.6 317.3 309.5 302.3 293.6 284.6 275.6 270.3 259.8
7.9 7.8 7.6 7.2 8.2 9.8 11.2 12.2 12.4 12.5 12.6 12.4 12.1 11.9 12.5 13 13.4 20 25 35.5 50.4 59.4 71.9 86.3 102.3 117.5 133.6 151.4 170.3 186.6 202.7 216.4 225.8 232.7 240.6 248.3 249.1 251.8 258.3 259.2 259.7 263.7 264.8 268.1 271.2 273.1 279.4 281.4 287.8 298.2 308.3 315 322.3 323.6 321 321.1 327.1 331 339.1 337.8 334.6 334 329.4 331.8 335.7 337.5 341.9 351 350.7 341.8 329.9 318.2 308.5 301.5 295.4 287.1 278.5 267 263.5 255.1 246.2
