data/190000-720000.asc
ncols 200
nrows 200
xllcorner 190000
yllcorner 720000
cellsize 50
[rows 105 to 139 of 200, columns 78 to 155 of 200]
285.9 288.7 299.3 298.1 313.1 322.4 328.5 329.7 334.3 326 328.4 327.3 325.7 321.9 322.1 320.7 324.4 317.9 322.9 322.5 325.4 322.3 324.8 326.3 326.4 331.6 325.5 318.7 315.5 307.3 299.4 301.9 297 300.2 302.8 304.3 306.1 310.6 318.2 318.3 320.1 315.4 315 311.9 314.9 317.2 306.5 295.2 291.3 293 292.3 290.8 284.5 283.7 284.8 282.4 288.9 289.2 286.3 291.1 297 302.2 304.4 304.1 301.7 294.5 290.5 291.1 296.8 305.6 309.2 309.6 309.4 307.5 307.1 304.8 303.8 307.5
283.1 283.1 289.7 293.5 304.1 310 318.8 311.9 312.3 319.5 315.7 314.9 311.6 308.1 307.8 307.7 316.1 312.2 316.2 322.5 318.9 318.3 321.5 323.8 317.2 311 311.6 312.8 308.2 303.2 294.9 297.5 297.5 306 306.6 306.9 313 315.7 327.9 330.4 322.6 319.5 320 321.6 330.6 335.9 324.9 313.2 301.1 296 298.8 299.9 300.7 294.7 291.2 288.6 285.6 279.6 282.4 288.4 290 291.7 290.5 288.3 291.9 286.8 280.8 287.3 294.2 300.5 302.6 302.8 303.2 303.7 301 297.1 297.2 300.2
283.1 283.1 285.4 296.2 298.1 301.7 301.3 301.3 304.6 312.2 305.5 299.4 299 303.2 304.8 308.3 309.3 310.7 313.1 317.2 313 312.9 316.1 316.7 313 310.9 308.6 306.9 302.8 295.9 289.9 293.5 303 308.9 311.8 314.3 313 326.6 335.9 334.5 327.8 324.5 323.9 329.5 339.6 342.6 333.7 324.4 318.1 302.4 301.3 299.2 305 303.4 299 297.8 295.7 288.2 276 283.7 288.8 288.2 281.6 277.5 278.2 277.1 275.9 282.5 286.4 292.5 293.7 299.9 304.8 299.6 294.4 290.9 290.4 295
283.1 283.1 283.1 284.2 285.3 289.1 290.8 290.3 298.3 303.7 297 300.8 310.2 304.7 306.8 308.4 310.4 313.4 311.8 311.7 310.7 310.8 310.8 311.7 310.2 315.3 312.9 298.3 290.1 287 295.4 293.9 305.6 309.4 311.8 317 330.9 339.9 347.8 344.4 339.4 331.3 332 340.7 345.4 351.8 339.7 337.5 335.2 318.4 306.3 299.9 301 301.8 300.4 299.6 299.9 296.2 290.8 282.1 272.6 279.2 273.9 270.2 269.7 269.9 271.2 275 278.8 282.3 286.4 291.8 294.8 293 289.8 283.9 289.1 292.1
283.1 283.1 283.1 283.1 283.1 284.6 285.1 286.7 289.2 291.9 301.4 313.9 309.1 307 307.7 308.7 311.5 317.9 313.7 317 309.8 309.6 310.6 311.2 307.3 308.1 304.5 293.4 284.4 286.7 289.7 292.2 304.8 308.5 321.5 340.9 345.8 345.4 353.8 355.5 345.6 337.2 338.5 348.9 351.6 353 345.4 341 337.3 324.4 312.8 302.3 303.5 304.4 303.6 303.4 302.9 304 298 294.2 285.1 274 270.6 267.2 265.9 266.6 267.6 269.6 270.6 272.6 276.3 282.2 285.2 286.8 286.7 281.6 287 287.9
283.1 283.1 284.1 283.1 283.1 283.1 284.7 286 289.5 292.4 300.9 307.7 307.5 309 306.9 312 310 311.6 316.9 315.3 312.6 307 308.4 310.6 311 298.1 287.4 284.3 284.6 286.2 293.9 297.2 307.6 319.7 337 348.2 346.1 353.9 355.1 351.7 346.9 342.8 347.8 354.7 354 356.1 352.3 343.7 338.4 328.8 319.1 306.7 309 314.9 314 304.5 302.7 302.7 303.9 300.6 293.5 289.1 282 271.7 266.9 265.1 264.9 267 266.4 266 265 268.1 272.1 279.1 280.3 280.2 280.8 285.2
283.1 283.1 285.1 283.1 283.1 284.3 284.4 284.7 287.7 289.4 296.5 304.2 303.7 301.8 302.4 309.3 324.4 331.2 321.6 319.7 315.3 307.9 304.2 309.2 300.7 287.7 279.7 282.4 285.8 292.2 296 301.6 319.3 334.3 344.2 342.7 354.2 360.7 359.3 356.1 344.7 347.4 359.6 361.7 364 357.7 351.6 339.9 340 331.1 313.5 309.5 313.3 320.6 320.4 313.4 302.2 302.3 303.9 301.8 300.8 297.6 290.1 280.4 280.2 279.4 272.9 263.6 263.9 263 258 257.9 264.3 265.7 274.8 280.2 279.6 285.2
283.1 285.4 285.4 286.9 289 286.9 287.2 282.8 284 284.4 290.1 293.3 299.9 304.1 306.7 321.3 330.5 338.4 322.9 318.8 312.7 304.8 296.1 300.1 288.7 278.9 280.4 285.2 294.3 294.8 301.7 310.3 334.1 345.5 338.2 339.9 349.3 360 364.2 360.9 349.6 355.6 368.6 365.9 361.8 359.9 351.4 345.3 335 324 323.3 319.1 321.7 328.5 318.1 309.2 298.9 300.1 305.6 306.7 304.7 298.3 289.3 289.8 289.3 286 280.4 273.8 268 267.9 267.5 259.1 262.5 261.6 266.8 268.2 266.8 274.6
286.8 287.6 291.7 291.4 292.2 290.1 282.8 282.8 282.8 288 296.6 302.9 306.5 306.9 315.9 327.7 329.1 332.3 323.8 316.5 308.5 300.8 295.6 282 278.1 278.1 279.6 289.2 298.7 300.2 304.1 310.2 329.4 330.9 342.8 346.6 349.1 359.1 360.7 353.9 356.3 360.6 361.9 365.2 362.7 357.7 349.9 338.5 332.4 335.9 334 329.6 315.7 322.7 312.2 301.1 297.5 307.8 305.8 305.6 300.2 294.9 294.2 292.7 289 284.7 283 281.1 278.2 272.4 268.1 264.7 261.5 259.1 258.8 254 256 261.5
290.3 293.8 298.5 297.1 295.4 297 289.1 283.6 282.8 292.4 295.8 299.9 306.4 317.8 321.6 325.8 328.6 325.9 322.7 313.7 305.9 295.1 283.2 277.9 276.7 277.3 281 291 300.9 304.1 316.9 310.7 317.1 331.5 344.7 343.4 352.1 352.5 355.3 351.1 356.7 360.1 359.2 367.8 363.3 360 346 330.1 335.7 339.7 331.3 321.1 309.3 305.5 299.9 291.4 304 308.2 303.3 297 295.9 294.1 293.4 290.6 290.1 289.2 286 284.7 281.5 279.4 273.1 270.2 266.1 258.2 257.4 259.9 253.8 251.6
293.4 295.5 294.7 293.9 294.5 292.7 288.3 282.8 287.1 290.4 291.6 297.9 307.7 320.6 325.2 324.5 325.4 317.9 314.7 312.3 301.2 284.6 277 276.1 276.1 277 286.2 292.2 304.5 310.7 317 311.2 318.6 330.9 337.9 343.4 349.5 352 348.8 348 351 355.8 360.7 366.4 361.7 355.2 335.8 328.8 332.6 334.4 333.5 320.1 302.6 299.8 288.3 297.5 297.8 293.1 295.5 295.9 295.6 298.8 296.1 294.9 294 291.3 290.9 288.1 284.1 282.6 282.5 279.5 275.4 270.5 269.7 267.9 266.2 263.9
281.7 281.8 283.8 284.8 285.9 284.9 282.8 282.8 285.7 292.8 304.2 310.6 308.6 327.4 325.4 324.6 319.2 307.5 307.6 300.6 285.9 275.6 275.2 276.1 278.1 282.1 288.4 295.1 310 322 318.4 318.1 326.1 333.1 341.8 350.3 352.9 350.6 343.3 346.9 357.5 353.2 361.4 363 358.5 348.3 329.8 327.8 328.5 330.1 320.6 307.3 298.2 287.9 287.8 287.8 293.5 297.8 295 296.3 300.6 301.2 298.6 297.4 299.1 295.1 294 293.7 288.9 286.4 283.1 297.4 303.8 297.6 278.6 274.9 269.9 267.2
288.5 284.2 289.3 288.1 285 282.8 282.8 282.8 289.7 296.5 306.4 315.3 313.3 318.6 326 317.4 313.5 297.6 295 285.5 276.3 275 276.4 281.5 287.2 286.7 301.7 318.1 323.2 330.6 343.8 328.9 331.9 339 347.4 352.2 348.8 342.2 340.9 354.7 355.4 350.5 360.2 354.8 348.3 335.9 330.7 328.1 322.5 314.9 303.2 298.5 288.7 287.8 287.8 288.7 297.8 306.7 304.7 299.6 301.5 299.9 298.1 297.9 296.5 295.4 292.9 292.9 288.6 284.1 283.9 297.9 301.1 301.2 282.1 283.2 274.7 265.7
290 293.9 290.8 287.3 285.8 284.1 288 296.3 292.4 297.3 305.5 315.6 315.7 310.4 310.5 307.7 303 284.4 280.5 273.3 272.6 276 285 292.4 292.1 293.2 309.8 321.9 327.7 343.9 344.9 339.9 332.4 345 347.7 344.4 333.1 331.8 349.4 348.6 344 344.3 347.4 342.6 337.4 332.5 327 317.7 307.9 299.1 295.9 291.7 287.8 287.8 289.2 290.1 297.2 306.2 310.6 308.6 300.6 298 299.6 300.3 297.8 294.8 290.1 288.9 285.7 284.7 285 296.4 295 294.2 282.4 280.1 275.6 264.4
293.3 291.3 285.9 283.1 286.4 293.8 302.9 302.7 300.7 300.1 310.1 312.3 310.1 305.5 297.6 297.4 279.9 266.1 262.3 264.4 268.4 273 284 292.9 295.4 304.5 319.3 323 329.6 346 349.3 344.6 335.7 346 342.7 334.4 325.5 331.7 342.3 341.6 336.4 333 332 332.8 329.4 326.9 316.1 307 296.6 293.1 288.6 287.9 287.8 293.4 291.5 287.7 296.5 304.9 313.8 312.8 308.4 295.9 295.9 296.5 298.3 300.7 294.5 287.8 286 287.9 293.9 296.3 295 291.6 282.2 277 269.5 262.3
294 286.9 287.1 285.9 296.2 305.3 305.1 306.2 308.6 302.3 304.2 306 301.9 290 284.7 272.5 255.2 256.8 257.2 260.5 274.7 285.8 289.8 291.2 297.7 310.8 322.7 324.5 331.5 346.2 344.5 347.4 340.6 346 340.3 332.7 325.2 332.6 340 334.4 325.9 333.3 335.7 331.4 324.4 315.9 310.7 301.9 291 289.4 289.4 297.6 290.6 292.7 289.9 285.7 295.7 302.4 308.4 307.7 302.3 294.7 291.7 288 292.5 299.4 296.6 288.6 289.9 298 294.7 291.2 290.1 289 284.6 287.8 272.7 257.4
283.6 289.2 284.5 292.8 296.7 303 307.6 314.3 309.8 306.9 295.2 296.9 283.3 274.4 261 249.3 257 253.2 253.5 261 278.9 294.8 295.4 294.1 306.3 315.2 322.7 329.3 333.5 339.8 347.6 350.5 345.1 346.9 336.1 324.9 323 338 330.8 320 328.7 337.7 338.5 331.2 323.9 319.5 306.5 292.5 290.5 292.2 294.1 295.3 289.2 288.3 285.7 290.2 284.6 290.7 294.1 299.7 302.1 295.2 284.4 277.9 276.2 285.8 289.7 283.6 293 297 294.5 292 288.5 284.7 282.8 283.2 263.6 256.9
290 285.9 287.6 293.8 297.3 307.1 302.2 305.5 307.1 301.6 295.5 274.4 266 254.3 245.5 247.8 257.1 263.5 260 265.1 277.1 286 291.6 301 315.9 323.1 328.8 330.8 334 345 348 352.8 346.8 337.5 332.8 316.6 323.2 315.1 306.7 320.7 332.2 338.7 335.7 327.7 321.9 309.1 299.3 295.2 294.8 295.2 289.7 289.9 282.7 285.1 292 288 280.6 277.5 286.6 294.7 298.4 295.4 285.3 279.6 276.2 275.6 278.4 280.5 281.5 288.4 289.6 286.4 289.3 283.6 279 267.8 260 253
289.1 288.7 298.9 298.3 305.7 300.9 298.1 301.5 300.6 295.1 281.3 258 244.6 233.7 247.6 259.7 267.8 267.9 272.8 274 283.3 289.4 297.3 305.5 322.4 329.1 331 330.7 335.1 342.4 346.5 349.7 339.4 329.8 322.2 307.2 303.7 302.6 306.9 317.6 327 326.7 326.8 324.1 307.3 302.2 300.2 293.2 293.6 294.5 288.7 280.5 281.9 291.1 290.5 282.7 280.5 274.6 284.7 291.4 294.5 289.4 288.7 283.3 278.5 274.7 276.1 277.2 279.1 277.5 277.1 278.8 277.7 277.3 265.8 260.1 256.3 250.6
298.5 299.1 305.9 299.9 300.9 297.2 292 288.9 288.8 273.5 256.5 239.9 228.8 245.6 255.4 262.8 270.9 276.4 288.4 284.2 297.3 301.5 308.2 313.1 324.4 336.4 331.4 328.4 325.7 332.2 339.7 340.5 323.7 313.8 307.8 309.7 302 302.4 314.1 316.9 318.7 322.1 315.7 309.2 305.7 300.3 297 291.9 291.2 288.3 285.5 280.1 275.7 288.3 287.7 285.4 280.5 272.3 274.9 279.2 285.2 289.2 282.6 277.9 273.6 272.3 271.6 270.3 271.1 269.8 270.9 273.3 270.9 264.6 261.2 256.4 252.7 248.1
306.5 300 300.6 295 291.2 290.5 287.6 276 261.8 248.7 231.9 225.5 223 236.4 250.9 262.9 273.2 297.4 302.7 300.6 305.4 312.6 319.1 319.4 327.6 331.8 325.7 325.9 322.8 323.8 328.3 317.5 314.8 312.6 304.9 301.7 304.5 311.7 316.6 317 309.6 304.1 304.2 301.1 298.1 294.8 293 292.6 289.5 286.6 279.9 273 269.1 279.2 287.9 283.9 286.8 275.2 270.5 271.4 272.1 276 274.3 270.2 268.6 265.6 267.3 267.7 269.7 268.7 278.7 280.1 266.6 257.7 258 252.5 249.6 245.5
304.8 303.5 297.7 292.6 284.5 288.1 281.8 258.9 243 229.2 222.4 225.2 221.7 231.4 248.5 262 283.7 308.2 316.5 305.5 311.7 318 323.4 330.2 323.2 317.3 318.1 334.2 321.5 321.9 320 320.8 319 312.1 303 299.6 312.1 315.4 316.4 304.7 296 298.1 300.6 300.6 295 292.4 293.5 292.8 290.1 287.1 281.5 275 266.8 273.2 280.6 284.2 279.1 280.2 268.5 268.3 265.8 262.8 263.4 261.9 259.5 262.3 262.7 265 267.1 273.8 283.8 276.1 261.4 254.9 251.2 249.4 246.6 243.5
307 301.1 289.6 283.7 277.6 275.1 259.3 243.3 226.5 219.5 222.8 221.9 219.6 235.4 247.7 264.3 286 316.7 312.9 302.9 307.6 312.3 314.8 311.5 310.4 307.7 323.2 333.8 319.7 313 316.4 321.6 314 302.5 295 305.1 313 306 296.2 292.6 289.1 293.6 298.1 295.9 293.8 294.8 297.3 299.3 297.2 286 280.8 276.4 266.7 266.9 276.3 275.5 277.1 278.6 269.1 265.4 260.2 257.6 257 256.2 256.1 256.8 259.9 267.7 272.1 272.3 270 257.6 254.6 255.3 253 247.4 243.3 241.4
302.4 287.7 279.8 274.4 265 254 237.4 220.5 215.1 213.9 216.5 217.4 220.4 231.1 244.2 260.4 287.1 305.2 301.8 293.2 289.4 307.8 295.4 298.3 299.6 305.2 310.7 307.1 305.5 308.4 321.3 317.4 307.5 295.5 288.4 290.8 291 286.7 284.3 281.2 283.7 292 294.4 293 294.2 296.4 301.1 300.2 296.1 286 279.3 273.5 268.8 262.6 269.3 271.2 271.7 272.6 267.2 256.7 251.6 251.5 252.8 250.7 247.5 247.7 252.4 256.1 255.2 249.7 250.3 249.4 248.2 251 253.5 245.3 241.3 235.7
290.8 284.7 273.9 265.7 249.7 235.5 216.2 211.4 216.3 219.6 228.1 230.8 237.8 245.9 247.5 248.5 280.1 300.7 292 280.5 284 287 283.4 288.2 284.4 282.1 288.2 291.9 302.1 307.4 314.2 309.1 295 287 288.7 283.4 283 287.4 282 280.6 285.1 287.8 290.9 292.7 302.1 302 297.9 291.1 286.3 285.5 280.4 276.7 267.2 261.7 263 267.2 269.8 266.4 261.2 255.7 250.7 248.5 249.2 244.4 241.4 245.9 243.8 242.7 242.7 238.6 240 243.7 242.5 244.1 244.2 243.1 238.6 232.1
290.3 281.2 263 246.6 231.6 215.9 209.3 215.9 221.6 230.9 243.3 257.5 266.9 265 261.7 241.9 267.7 276.7 272.5 269.4 273.2 269.9 268.9 271.7 266.7 262.5 273.1 280.5 302.1 297.7 306.8 295.8 288.8 279.1 276.6 286.1 287.2 291.8 286.5 278.6 282.1 288.7 290.6 294.6 296.3 295.6 289.5 284.5 285.8 288 282.1 271.9 266.3 259.1 257.5 261.1 261.5 258.4 255.6 254.5 252 246.7 243.9 240 240 240.2 241.5 240.6 231.8 230.3 235.7 238.1 240.2 240.9 235.2 233.9 232 230
273.5 266 243.5 221.9 207.4 212.6 213 219.3 221 238 255 276.4 284 283 273.3 255.4 241.8 251.8 257.3 258.9 259.3 257.6 257.3 253.1 247.1 256.3 268.4 279.9 293.6 290.7 297 288.1 283.5 274.9 266.4 280.6 283.9 285.2 281.4 271.1 273.9 283.7 288.2 294.2 287.9 280.9 284.2 280.4 286.9 288.2 280.7 268.9 264.7 262.3 258.9 257.4 253.1 256.2 254.4 252.2 246.8 241.8 238.4 236.9 237.3 236.8 239.9 237 230 230.7 235.8 238.4 239.8 235.2 229.3 227.9 223.9 226.2
258.6 239.5 221.5 204.8 206.6 207.6 211.8 217.2 223.8 242.1 260.7 280.2 296.9 289.9 283.9 277.5 259 243.6 250.1 251.1 253.7 254.6 248 240 240.7 246.5 250.1 267.5 273.3 270.3 282.7 287.1 271.6 270.1 269.2 270 280.1 279 274 268.7 268.4 272 274.1 273.6 270.8 272.2 280.5 278.9 278.5 280.6 273.1 267.7 266.3 264.7 265.8 249.1 249.6 253.2 247.5 245.7 242 237.4 230.2 228.1 232 233.8 237.1 232.2 227.7 230.9 228.8 231.7 229 229 224.9 226.5 223.4 224.3
233.8 217.3 205.3 203.8 204.8 206.3 210.4 221.7 237.1 245.5 258.6 284.4 297.3 292.5 290.4 287.3 272.3 255.6 249 246.3 246.5 246.5 238.2 235.4 235.9 238 237.6 246.8 257.5 269.6 276 272.7 263.3 265.4 268.5 265.1 273.4 273.8 269.2 271.2 267.4 266.1 262.1 264.5 268.1 273.5 282.4 273.8 271.1 267.7 262.9 265.5 266.6 263.4 263.1 243 247.6 246.5 241.3 241.3 238.2 231.9 225.1 224.3 224.2 224.4 230.9 230.7 226.5 225.7 224.2 226.6 227.8 225.1 225.4 228.8 225.4 225.1
211 208.6 202.3 202.5 204.8 207.4 215.5 232 244.8 249.9 263.6 289.6 301.2 299.2 293.8 288.4 280.5 265 252.8 246.9 241.7 234.3 232.5 231.9 231.3 231.6 232.1 234.6 246.7 253.3 259.8 255 250.3 262.1 267.6 260.5 263.8 268.8 261.5 267.5 262.7 264.5 258.7 262 262.4 269.4 270.2 266 260.6 257 250.3 254.5 257.6 253 247.2 235.5 237.3 235 232.9 231.3 226.6 224.2 224.2 224.2 224.2 224.2 228.6 227.7 224.8 224.2 224.2 224.2 224.3 228.1 233.3 232.8 229.8 227.2
210.1 203 202.2 212.3 221.1 222.2 221.3 235.2 247.3 254.3 261.3 282.9 298.5 296.5 284.8 278.6 273.7 265 256.6 244.8 237.7 234.6 232.7 232.1 233.2 230.2 228 232.1 236.1 241 241.3 246.9 248.3 253.9 255 252.9 254.1 255.3 247.6 250.5 253.7 255.1 248.4 251.2 248.6 253.6 260.9 256.7 252 244.1 240.2 240.6 243.4 236.2 232.7 232.2 230.4 230.9 228.4 224.7 224.2 224.2 224.2 224.2 224.2 224.2 224.2 224.2 224.2 224.2 224.2 224.2 224.2 229.5 234.8 234.7 239 242.9
203.6 200.9 201.3 210.1 229.7 237.7 245.9 250.9 251.3 254.3 263.4 271.3 288.1 291.1 280.6 274.7 275 269 264.2 250 237.6 235.2 236.3 232.6 230.7 228.3 226.6 227.7 229 231 235.1 240.9 241.5 242.7 246 249.1 244.7 240.9 238.3 238.1 240.8 241.1 235.5 235.8 238 239.5 246.3 246.7 242.2 237.9 232.5 233.4 232.9 230.9 229.4 228.4 227.9 228.1 227.1 224.2 224.2 224.2 224.2 224.2 224.2 224.2 224.2 224.2 224.2 224.2 224.2 224.2 227.9 234.2 237.5 238.8 244 251.2
200.7 199.9 201.2 210.8 227.7 246 255.1 268 262.9 260.3 273.3 279.4 284.7 285.5 280.9 282.2 275.5 267.7 262.1 255.1 247 243.5 237.9 235.5 232.8 229.1 226.9 226.8 227.5 229.6 230.8 234.3 236.4 237.3 236.3 238.6 232.9 233.1 233.7 228.7 231.2 231 230.3 231.5 232.3 229.8 234.8 234.4 233 231.7 229.4 232.5 234.2 227.4 224.2 224.8 225.4 228.4 224.2 224.2 224.2 227.2 228.3 232.3 229 224.2 231.9 230.1 229.7 235.4 233 229.6 233.2 238.7 238.5 243 250.1 263
199.4 199.8 201.2 214.2 228.2 249.2 257.3 266.3 263.4 271.4 283.8 283.5 283.8 286.3 295.5 287.2 276.6 275.1 270.1 262.8 254.6 246.8 244 236.7 232.6 232.8 228.9 226.4 226.9 227.7 227.9 228 229.4 229.3 228.8 227.4 224.8 224.5 224.5 225 224.5 224.5 225.8 226.5 227.7 224.5 231.9 225.2 224.5 225.8 224.6 225 227.4 224.2 224.2 224.2 224.2 224.2 224.2 225.8 233.9 231.1 234.9 243.8 243.4 238.8 245 244.8 238.9 241.9 239.6 236.6 238.6 243.7 245.4 250 260.5 267.5
199.1 199.7 205.3 212 223 248.4 261.8 261.4 279.8 282.5 286.2 284.2 293.8 300.4 295.3 284.2 280.7 282.5 275.1 270.1 257.1 253.2 244.6 235.2 230.6 228.6 228.3 226.4 226.4 226.4 226.6 226.4 226.9 226.6 225.3 225 225.1 225 224.5 224.5 224.5 225.8 226.6 224.4 224.4 224.4 224.4 224.4 224.4 224.4 224.4 224.4 224.7 224.5 224.2 224.3 224.2 226 233 241.5 246 244.4 251.9 258 270.7 262 251 243 249.4 249.5 246.6 242.1 244.9 246.1 250.3 259.8 266.5 269.9
