data/190000-630000.asc
ncols 200
nrows 200
xllcorner 190000
yllcorner 630000
cellsize 50
[rows 108 to 143 of 200, columns 80 to 159 of 200]
141.7 144.9 145.1 150.8 154.2 157.1 161.5 164.8 176.4 185.3 196.4 214.1 219.6 211.3 214.8 213.5 217.6 215.3 206.8 186.4 172.4 160.3 168.1 180.3 195.5 211.7 238.1 265 283.5 307 321.9 324.7 324.9 328.1 331 331.8 335.1 338.2 340.9 340.8 343.3 346.6 350.7 356.6 362.6 369.8 377.1 379.6 381.8 381.5 381.5 381.2 379.8 378.7 377.4 383.6 387.2 389.5 392.6 395 394.7 393 388.6 384 379.1 380.9 387.3 395.6 404.1 409.2 411.3 413.8 419.3 417 415.2 413.5 409.2 399.2 389.1 375.6
154.2 161.2 165.9 169.1 168.8 173.4 179.2 183.3 179.4 194.7 218.5 231.8 234.3 230.8 236.7 238.4 235.5 220.4 208.7 194.9 183.7 172.2 163.7 179.1 195.2 209.5 228 250.4 272 292.2 309 316.7 320.8 325.1 329.3 330.7 332.5 335.9 339.3 340.6 343.7 348.9 352.5 359.2 367 375.8 383.8 389.3 392.1 392.2 394.1 391.5 389.8 387.4 384.5 389.3 393.8 395.3 397.1 399 399.3 396.2 392.9 389 385.8 383 390.2 393.7 401.5 407.2 409.6 414.4 417 416.4 415.7 413.9 408.4 402.6 395.3 381
165.5 172.1 177.7 180.4 186.7 192.3 194.9 197.3 197.8 200.7 217.1 233.2 241.3 243.6 245.7 242.4 241.2 230.6 213.9 200.6 191.4 180.7 166.1 179 191 202.8 215.2 232.3 255.3 275.8 289.5 308.3 314.3 319.2 324.4 328.3 330.7 333.6 338.4 339 344 349.1 353.5 361.2 372.5 382.4 391.6 396.6 401.5 403.6 407.6 404.5 399.8 397 397 395.3 401.3 402 402.3 403.3 402.6 401.9 397.8 394.1 392.3 389.3 395.9 399.5 403.1 407.9 410.8 414.6 419.3 419 416.9 414.9 411.1 404.9 397.7 384.6
172.5 180.4 184.3 192.2 201.9 210.7 217.2 212.2 213.1 209.7 217.5 234.1 247.3 250.6 251.4 251 252.5 244.4 222.8 206.3 196 185.6 169.9 173.4 185.1 195.9 207.5 219 235.9 250.8 268 287.3 302.8 310.6 317.5 321 329.7 332.4 337.1 339.9 346.1 352.8 359.6 366.1 378 390.6 400 409 411.7 416.5 418.6 418.4 413.1 407.2 406.9 400.4 409.9 409.4 409.9 409.4 409.3 410.2 406.2 401.6 399 399.2 400.4 404.4 405.4 409.1 412 415 419.4 421.3 421.1 418.7 415.8 412.8 402.8 392.5
184 186.2 189.6 199.1 211 219.9 230.1 227 223 224.1 225.9 234 251.8 255.9 256.2 258.3 259.4 252.4 229.7 213.3 203.1 191.6 178.2 174.1 180.1 190.4 198.5 209 220.8 232.9 247.7 262.6 283.8 297.5 308.8 319.4 328.1 333 338 343.8 352.3 360.6 370.1 381.3 394.4 404.5 412.8 423.9 427.9 429.8 431.2 429.8 427.8 422.7 416.6 412.5 413.7 416 415.4 416.1 416.5 415.2 411.7 407.1 406.3 405.8 405.5 408.5 410 410.8 415.2 418.6 423 426.7 426.9 423.4 420 420.2 410.8 405.3
192 191.4 198.6 205.1 211.7 220.8 227.4 231.3 232.8 232.2 237.5 252.4 264.5 266.7 267.4 266.2 268 258.1 240.6 223.1 207.5 189.9 181.1 176.2 177.1 180.3 190.3 199.9 211.8 221.7 233.1 245.2 262.6 281.5 299.9 313.1 324.1 332.6 339.6 349.4 361.7 373 390.3 399.9 411.3 416.3 425.4 431.9 436.6 438.3 440.1 438.8 439.4 434.1 427.9 423.6 421.4 421.2 421.6 422.5 421.8 421.2 416.7 412.6 411.9 411.4 408.5 412.1 414.8 416 418.8 422.1 426.7 429.5 431.2 428.9 426.8 424.7 419.3 414.5
200.2 201.8 202.8 212.9 221.5 225.3 226.2 234.2 240.9 239.1 249.8 267.7 277.5 283.1 280.1 276.7 275.5 270.5 254.7 234.6 211.7 202.5 189.1 184.1 178.3 178.7 184.8 192.2 201.4 211.3 221.5 228.5 243.6 264.3 285.9 305 323.8 335.3 343 352.2 365.8 379.9 402.4 416.8 421.5 423.2 428.8 435.5 441.5 444.3 446 449.1 449.1 446.8 444.9 441.2 433.3 432 431.7 430 428.6 426.5 422 418.1 416.3 413.9 411.8 415.7 420.9 421.7 421.7 426.2 429.9 432 434 433.2 433.2 430.1 426.4 424.6
208.7 206.6 214.4 223.4 222.5 225.7 228 240.8 252.5 256.7 262.9 277.5 286.8 288.3 284.6 281.3 278.8 274.5 262 241.4 229.3 215.3 205 196.2 185.3 181.1 180.3 184.9 189.6 199.9 214.2 225.6 236.9 257.4 275.7 304.9 324.8 338.1 348.5 357.3 367.9 381.8 403.2 415 421 424.7 429.9 436.1 444 448.3 449.1 454.9 455.6 454.3 452.7 449.4 444.8 445.9 442.5 438.6 435.5 431.2 427.2 424.1 421.8 418.5 415.3 420.3 422.9 425.3 425.8 429.9 432.7 435.1 437.1 436.9 437.4 436.3 433.8 433.1
212.3 217.4 221.3 224.7 227.8 230.7 234.9 248.3 268 271.4 278.5 279.3 290.3 291.4 289.3 285.5 280.3 272.8 262.9 255.5 241.6 227.3 222.5 210.5 201.9 194.3 186.2 184.2 187.4 195.2 205.2 219.1 231.9 249.1 268 293.5 325.2 339.2 350.8 361 368.8 381.4 400.1 411.7 419.9 425.3 430.4 435.9 443.5 451.3 450.9 454.7 458.1 458.5 458.7 455.4 453.3 453.1 451.7 448.1 442.3 437 432.8 429.4 427.1 423.4 418.8 423.1 427.5 429 430.2 432.8 435.6 438.2 439.6 440 441.2 440.7 440.3 440.9
223.3 224.8 224.9 227.4 230.1 237 239.1 258.7 277.9 284.2 286.8 291.4 288.8 290.8 290.3 287.7 287.4 280.8 273.7 267.3 256.2 249.7 236.2 227.7 217.8 208.9 198.2 192.8 188 191.3 200.2 212.6 226.4 241.4 260.6 287.7 322.1 340.2 353.8 360.8 367.9 379.5 397 406.3 416.6 424.5 431.2 437.2 443.3 453.2 456 459.2 460.4 461.7 461.4 461.5 460.1 460 457.4 454.2 448.9 444.1 440.4 436.4 432.8 429 422.5 428.5 431.1 433.8 435.8 437.9 439.7 441.2 441.6 442.8 444.2 445.1 445.6 445
228.1 229.8 231.7 232 240.4 246.2 250.6 265.3 289.3 297.2 300.6 303.3 298.2 295.1 294.7 294.5 292.7 287.5 281.3 278.3 282.1 269.7 259.4 250.5 233.2 227.6 214.2 202.8 196.9 190.2 195.9 208.9 222.3 237 256.4 279.9 316.4 340.1 352.5 360.2 367.4 375.6 389.9 400.6 411.7 421.1 428.7 435.5 442.6 449.9 458.1 461.1 463.1 464.8 465.6 465.3 466.1 467.6 465.8 461.3 455.3 450.9 446.8 443.1 437.9 429.9 426.2 432.6 437 439.5 441.4 442.4 443.7 444.9 445.2 445.4 446.7 448.9 448.1 445.8
229.3 233.7 236.4 240.4 250.1 257.1 260.4 274.3 297.4 307.7 309.9 305 302.6 296.8 295.8 297.3 296.1 288.8 288.3 292.2 295.6 290.8 298.5 280.7 263.9 259.4 236.5 220.3 205 196.7 195.3 204.8 219.6 234.1 253.8 274.3 306.6 338.6 349.5 358.3 366 373.6 383 393.7 405.1 415.7 424.5 432.1 439 448.4 456.7 461.4 464.7 467.9 469.1 469.5 471.9 473.2 473.8 469.3 463.7 457.5 452.3 446.8 443 438.2 433.5 440.9 443.5 445 446.1 448.4 448.5 450.5 449.9 449.8 449.8 450.2 448.5 443.6
235.9 242.6 245 252 257.9 266.8 271.4 290.6 303.6 320 312.4 307.6 305.9 298.7 298.4 298.1 293.7 297.8 303 306.2 312.2 307 319.7 314 309.9 288.1 256.3 237 219.6 208.7 199 203.7 217.4 232.8 250.3 269.2 297.8 334.1 346.4 355.1 362.9 370.3 378.4 387 397.2 410.7 419.8 429.7 437.9 447.1 455.3 461.4 465.8 470 471.7 474.6 476.9 478.5 478.8 476.1 470.7 463.8 456.8 451.5 446.8 440.4 440.2 447.3 450 452.8 453.9 455.6 455.8 457.3 455.7 455.2 453.1 451.4 445.9 437.5
247 255.2 256.8 263.3 271.7 276.6 283.6 304.1 312.7 315.7 313.8 309.6 306.8 305.7 301.8 300.7 301.3 304 310.3 316.5 321.6 320.9 325.1 333.8 320.8 296.3 273.5 250.2 233.3 220.9 205.6 203.9 216.2 231.1 246.1 267.1 292.8 326 341.5 351.7 359.3 366.3 374.9 384.2 392.2 404.1 415.9 425.3 435 444.7 452.7 460.7 465.7 469.7 473.9 478.6 481.4 482.8 483.1 480.5 476.5 470 463.7 457.7 451 444.8 446 452.2 457 460.1 462.3 465.7 467.6 468.3 466.9 463.6 458 452.6 440.7 427.3
256.9 266.9 276.5 278.1 285.2 291.8 301.3 314.4 320.4 321.2 315.9 311.7 311 315.7 313.7 309.5 309.5 318.4 325.4 328.3 332.5 330.9 331.4 330.4 327.7 311.9 285.6 261.7 244.9 229.5 217.1 206.8 211.4 228.7 244.4 266.1 290.1 317.6 336.4 346.3 354.1 363.5 373.1 381.3 389.7 399 410.4 422.3 432.7 442.9 451.6 461 467 473.8 479 483.3 486.4 486.6 486.1 483.6 481.2 475.9 470 463.1 455.9 449.7 452.1 456.7 461.9 466.4 470.7 474.9 475.8 474.3 472 468 462.1 453.8 436.6 419.3
269.1 283.7 291.6 295.2 299.4 309.1 321 321.7 321.7 325.8 320.2 317 319.2 322.8 317.1 312.1 316 325.8 333.7 337.6 345 344.1 338.9 341.8 338.1 321 294.7 268.2 250.1 234.2 225.1 215.6 208.8 224.2 242 261.7 285.6 310.3 328.2 340.8 352 360.6 370 377.8 387 396.3 407 418.4 429.7 441.6 451.4 461.2 470 478.6 483.8 487.8 491.2 491.6 490.8 488.4 486.3 481.5 475.7 468.5 460.4 453.5 457 461.6 466.6 470.9 475.5 479.5 480.6 478.7 475.5 469.8 461 451.2 441.3 426
295.9 308.6 316.6 318.4 320 320.6 330.2 335.3 329.9 328 325.4 322.5 327 326.8 319.4 319 323.3 334.2 339.2 342.5 351.9 354.9 357.1 354.6 346 328.7 296.3 273.1 250.2 242.9 237.4 226.8 216.8 221.3 238 257.7 280.7 305.1 324.4 337 347.9 359.6 367 374.7 384.2 393.5 404.4 416.8 428.3 441.2 451.6 463.4 473.5 481.9 489.2 491.7 494.7 496.4 496.6 493.7 491.2 486.9 481.5 474 467.2 460.1 460.2 465.6 470.6 473.3 478.6 481.6 483.1 480.6 475.3 468.7 461.4 452.5 439.1 424.7
313.7 323.8 331.3 339.2 342.3 343.1 344.2 344.8 342.2 341.8 334 330.2 328.9 329.6 321.4 324.4 330 336.3 343.7 349.1 352.7 360.8 365.1 357.6 342.6 326.2 294.9 275.1 261.3 258.7 250.5 239.7 230 219.5 233.5 255.2 277.5 299.6 319.9 334.5 346.4 354.3 364.1 371.7 381 390.8 402.3 416.9 428.9 439.1 455.6 468.3 480.3 487 492.8 496.2 499 501.2 501.9 499.7 496 492.5 486.5 480.1 472.6 466.3 464.2 468.8 471.5 475.7 480.5 480.2 480.8 478.7 474.5 466.6 457.2 450.5 434.1 420.8
319.2 331.7 343.7 350.8 352.9 360.1 363.6 360.1 352.8 349.9 342.9 339.2 333.1 329.7 327.8 329 334.5 339.8 348.7 352.7 353.8 368.1 366.1 353.7 342.1 315.4 292.2 281.4 273.5 267.7 261.5 255 249.7 233.9 225.6 249 271.3 292.6 311.8 329.8 341.5 351.1 360.2 370.3 380.8 390.8 402.6 415.5 429.6 442.4 459.4 472.8 485 490.9 495.7 499.9 502.3 504.2 504.8 503 501.1 498.5 493.4 486.7 478.7 472.1 468 468.8 471.5 474.2 476.5 478.3 478.3 475.3 469.4 460.7 449.4 441.2 426.7 412
332.3 346.9 357.7 367.1 375.8 376 382.2 376.6 361 357.2 353 349.5 341.6 337.2 335.7 331.2 337.2 343.7 349.8 355.3 365.4 374.1 364 354.9 334.7 311.6 293.6 282.6 284.2 281.2 278.5 272.4 267.5 255.5 237.3 242.3 262.3 285.6 308.2 323.6 339 351.9 361.6 372.5 381.5 393.3 407.8 421.8 435.1 447.9 461.5 474 489.3 494.2 498.8 502.7 505.4 507.1 508.3 507.8 506 502.2 498 492 483.8 477 473.4 471.1 470.4 469.9 471.2 473 473.7 469.8 462.1 449.6 435.9 429.5 420.2 409.2
345 356.5 371.5 381.6 390.7 389.6 395.7 392.7 382.8 367.7 360.3 355.3 349.4 344.6 341.1 337.9 344.6 352.9 356.7 359.4 369.9 376.9 366 354.5 335.3 312.7 292.7 300 297.5 292.9 291.7 288.7 281.9 270.3 254.8 237.5 262.5 286.1 306.3 323.3 339.6 352 360.5 371.8 383.1 395 411.5 428.7 442.1 453.6 464.7 476.7 490.2 496.8 500.8 504.7 507.6 508.6 509.9 511.3 508.1 505.1 501.7 496.3 489.3 481.5 477.2 474.6 469.8 466.7 467.1 468.9 466.6 461.1 451.6 441.7 432.8 426.9 419.1 409.2
352.8 360.5 370.6 391.8 406.9 408.3 406.6 404 392.7 382 371.6 360.6 357.1 351.1 347.7 345.7 358.1 366.2 363.6 365.7 370.6 376 373.5 360.6 334.9 317 306.9 310.8 309.8 308.1 302.3 301.9 293.5 285.3 276.3 260.6 251.3 279.5 299.1 321.1 338.4 351.8 361.9 372.6 383.5 396.5 409.5 430.9 446.4 459.3 467.6 478.4 489.2 495.5 501 503.4 507.2 508.1 509.7 511.8 509.4 507.1 503.5 499.7 493.4 486 479.8 473.3 468.7 466.7 460.9 459.9 456.9 452.5 444 436.9 430.5 425.8 414.4 401.8
356.7 364.4 374.5 396.9 423.9 425.5 416.3 408.1 402.9 392.1 383.3 375.5 364.4 358.8 356.8 356.6 360.4 367.5 368.3 370.2 377.2 382.1 379.2 364.6 341.7 323.6 313 319.4 321.6 321.4 318.5 318.1 308.3 302 292.1 281.1 254 278.9 300.3 318.8 337.5 352.7 363.4 374.4 386 396.6 412.7 428.3 444.2 457.8 468 477.5 487.1 493.5 498.5 502 504.6 507.1 509 509.8 509.8 507.6 503.1 501.2 494.2 485.3 478.9 471.3 466.4 461.3 456.1 451.9 449.3 444.9 439 436.2 436.1 422.8 409.6 397
359.8 371.9 383.9 403.3 424 431.2 426.5 415.8 409.6 402.8 391.1 385.1 373.6 367.8 367.2 363.6 363.3 367.9 377.1 377.8 381.8 382 377 366.2 344.5 330.1 322.8 326.4 328.7 330.3 331 326 319.5 315.1 305.2 296.7 281 274.9 299.6 321 336.5 352.3 363.6 374.3 385.8 397.6 412.3 427.3 439.7 452.2 463.4 474.6 483.8 489.9 493.7 498.4 501.9 502.5 505.2 507.5 507.9 507 502.4 499.9 491.9 482.3 473 464.4 457.6 452.9 447.8 442.7 440.7 437.9 434.7 432.6 431.2 419.8 409.2 395.8
361.4 374.2 390.4 404.2 418.7 424.1 421.8 419 414.5 410.1 400.1 390.6 385 374.3 375.5 370.7 369.5 374.4 384.3 388.2 388.4 386.2 382.8 365.8 346.2 336.2 329.5 330.3 333.8 335 334 330.7 328.5 325.4 316.4 307.9 297.5 275.5 299.8 321 337.1 351.7 363.4 374.2 387.3 400.9 415.2 424.8 436.8 446.8 459.1 468.8 479.7 482.9 488.5 493.6 498.4 499.9 501.2 505.6 507.9 504 501.4 498.5 490.3 472.8 459.6 453.7 449.1 446.6 441.9 437.8 434.6 432.7 428.2 424.3 419.1 412.8 406.2 400.2
364.7 381.6 393.9 405.5 413.5 423.6 427 424.1 416 412.6 406.7 399.3 397.1 384.8 381.6 375.2 375.5 379.5 384.3 391.9 391.8 383.4 376.8 368.2 349.8 342 336.3 335.3 337.8 338.8 337.2 336.2 335.1 331.3 324.8 317.6 309.2 295.4 292.8 317.9 335.7 350.4 362.8 374.6 387.7 399.2 410.8 425.4 435.1 445.5 454.9 463.4 471.3 475.6 480.9 486.2 491.3 494 499 503.5 504.6 502.6 500.7 496.7 480.4 461.7 453.2 447.4 444.1 441.6 439.2 434.9 429.7 426.7 422.9 415.8 410.6 406.8 403.9 399.9
368.9 386.3 397.5 406.5 413.9 422 427.3 426 419.2 417.4 418.6 413.4 405 394.1 385.7 379.5 381.6 385.4 388.2 393.3 388.5 383.6 376.3 366.4 353.8 345.9 341.6 340.8 341.1 341.3 341.3 340.5 338.7 334.8 330.5 326.1 319.2 310.9 289.8 317.7 336.4 348.9 361 373 386.3 398 412.3 425.8 437.2 443.6 448.7 453.8 461.2 467.5 472.7 477.9 482.3 488.6 495.6 500.8 501.4 501.9 498.5 491.2 472.7 456.1 448.9 442.2 440.5 437.3 434.8 430.7 430.7 421.9 416.5 408 404.4 399.9 391.7 389.9
374.4 389.2 404.1 414.4 421.9 428.6 434.4 432 429.4 431.3 431.4 425.7 418.5 408.6 400.1 388 389.8 397.2 392.5 395.2 388.2 379.4 373.7 364.2 355.1 349.1 345.1 343.2 342.8 342.8 342.7 342.9 341.5 339.4 337.6 334.1 327.6 321.4 309.9 311.3 332.4 349 360.2 371.1 384.4 400.7 412 422.8 432.6 437.3 440.3 445.3 451.2 457.5 463.7 469.3 476.1 483.1 491.2 496.2 497.9 497.2 494 481.2 463.7 453.4 447.2 440.4 437.4 433.5 430 430.8 426.9 417 410.4 405.8 399.1 390.7 381.2 378
375.1 395.3 408.4 419.1 425.2 431.8 434.4 439.1 440.5 443.1 443.1 439.4 438.9 427.4 414.9 403.2 404.6 406.4 401.3 396.3 391.2 382.4 375.1 366.4 356.3 351.1 346.6 345 344.3 344.1 344.1 344.3 344.2 342.2 342.4 339.6 334.8 329.8 320 313.1 333.3 347.8 357.4 368.1 381.6 394.9 409.5 417.5 426.4 432.5 435.2 438.3 442.7 448.7 454.5 461.8 470.7 477.7 486.5 492 494.4 493.7 487.5 474.9 460.4 451.3 444.1 439.2 432.5 430.5 427.5 425.8 419.3 410.9 407.1 404.1 395.3 385.7 376.6 369.4
381.2 394.3 410.5 420 427.4 433.8 444.1 451.4 454 456.4 456.1 453 453 441.7 428 420.5 415.9 415.6 409.5 402.9 395.9 389.6 381.1 367.5 358 352.4 348.3 346.6 345.6 345.4 345.5 346 346.2 345.9 346.6 345.3 344.6 337.1 319.2 330.6 328.3 348.9 356.1 365.6 376.4 389.6 400.8 411.1 419.7 427.6 431.5 434 438.1 440.9 446.4 454.9 464.5 472.7 481.1 488.8 491.8 489.3 481.5 465.8 454.7 448.6 442.7 438.6 432.8 427.5 423.3 421.6 416.3 408.7 398.9 397.5 390 381.1 374.1 367.1
378.6 397.6 409.6 425.2 436.8 444 452.8 458.6 462.5 466.2 466.7 466.1 458.7 452.7 442.7 435.2 430.7 422.5 414.8 409.8 397.8 388.1 378.6 365.4 357.2 351.9 348.8 348 347.3 346.7 347.2 348.1 350.2 349.9 350.2 351.3 350.9 343.6 324 341.2 342.3 344.3 359.5 365.3 374.2 384.4 394.3 405.1 412.7 419.8 424.6 428.9 432.2 436.7 441.8 449.7 459.1 468.3 477.7 484.9 488.2 484.1 473.4 458.9 453.2 448.1 442.4 437.8 431.4 424.5 419.1 416.7 411.5 402.7 394.6 391.2 386.1 380.6 372.8 362
387.7 402.7 417.3 431.4 445 457.7 465.8 470.1 475.1 481.2 478.8 474.2 470.9 463 454.7 447.3 447.1 429.7 417.4 408.2 396.7 385 374.7 363.7 356.3 351.9 349.9 348.1 348.4 347.8 350 352.3 353.3 353.5 354.6 360.3 356.1 347.9 334.7 347.5 351 347.2 355 365.1 372.1 381.7 390.5 398.8 406.3 411.9 419.6 423.3 429 433.5 439.9 447.8 456.6 467.8 477.1 482.1 483.3 479.9 468.5 456.4 451.5 446 440.1 435.6 429.4 420.6 414.6 408.3 399.9 395.3 391.4 386.6 381.7 377 369.6 366.3
391.7 404.7 420.2 436.7 450.2 465.2 470.9 472.8 487.9 492 487.8 483.1 479.7 472.5 459.4 453.2 447 433 419.4 407.7 396.3 384.9 373.6 365 358.7 355.1 352.5 349.7 350.2 350.6 352.6 355.1 356.6 357.8 358.4 359.9 356.6 351.6 341.3 349.8 352.9 355.8 358.5 360.6 370.3 378.8 385.3 392.4 402.5 409 414.8 421.7 429.7 436.4 441.6 449 456.5 466.1 475.1 480.6 480.7 474.6 464.8 454.8 450 442.8 438.3 432.7 423.6 417.2 411.1 406.5 400.4 389.5 382.6 380.8 379 373.3 366.9 377.2
399.8 409.5 420.2 435 448.6 462.8 471.3 479 490.5 498.8 497.7 491.1 487.3 479 464.3 456.2 447.6 436.5 423 410.7 397 385.9 375.4 367.7 362.4 359.2 357.2 357.3 357.9 358.4 359.1 358.6 361.6 362.9 363.1 362.8 359 354.3 352.4 349.9 353.7 359.3 361.4 367.1 371 378 386.9 396 405.6 413.6 419.3 425.6 431.4 439.2 444.4 449.1 458.1 467.1 474.1 479.4 477.4 470.4 460.7 451.4 447.6 442.6 436.8 430.1 421.7 414.4 408.6 403.9 398.1 389.2 383 376.9 373 370.9 372.8 382.7
396.7 411.7 416.1 429.5 446.1 462.4 474.7 487.1 496.2 501 505.3 500 491.7 480.4 470.6 460 452.1 440.4 425.8 411.6 397 384.5 375.5 368.8 364.6 363.2 362.2 362.8 364.4 365.7 365.6 364.7 368.2 367.7 368 365.6 363 359.5 355.3 348.9 356.6 361.5 364.1 368.5 373.6 380.4 388 398.3 407.6 415.1 422.3 429 437.5 443.1 447.7 453.9 462.5 470.4 476.2 476.9 474.9 468 456.9 450.2 445.9 441.3 436.8 428.8 421.1 414.7 407.8 400.8 399.2 393.1 393 384.4 375.7 370.5 379.4 392.2
394.6 409.1 413.8 421.7 439 458.7 472.1 486.8 500.2 509.2 509 506.6 499.2 484.9 473.7 464.2 453.9 442.4 426.7 411 398.4 384.1 375.8 370.6 366.8 365.9 366.5 368.2 369.9 371.9 373.1 372.9 377.2 372.8 369.6 367.4 366 363.3 360.1 356.8 360.5 362.7 366.5 370.4 378.8 385.1 393 402.4 411.2 418.9 426.8 435 440.8 447.1 454.5 462.4 469.6 474.5 477.7 477.7 472.8 464.3 453.6 448.7 444.8 440.6 436 430.6 419.9 411.1 408 403 401.9 398.7 391.5 387.3 379.9 374.8 381.8 395.6
