data/190000-630000.asc
ncols 200
nrows 200
xllcorner 190000
yllcorner 630000
cellsize 50
[rows 36 to 71 of 200, columns 0 to 79 of 200]
43.6 43.8 44 45.1 46.7 48.2 49 51.3 54 54.8 57.1 61.6 65.2 69.8 77 86 97 106.8 113.5 116.7 116.6 116 115.4 119.4 118.6 111.3 104.8 96.8 90.2 79.5 68.6 57.4 51.5 47 42.1 42.1 42.1 41.8 41.7 41.5 44.3 48.5 53.7 60.7 67.7 74.4 81.9 89.5 98.5 112.7 124.2 136.4 147.1 157.2 167.4 171.5 185.4 196.9 209.8 223.8 233.3 242.1 251.1 263.8 278.4 288 296.9 301.9 304.8 308.9 315.8 322.9 330.9 343.6 345.8 343.6 339.2 334.7 334.8 335.8
34.4 35.5 38.2 38.9 39.8 41 39.8 42 45.3 46.9 48.8 52.8 56.4 59 64.6 71.7 83 91.1 98.3 99 97.4 98 96.4 98.3 97.1 89.6 84.1 79.3 71 59.7 53.6 46.3 43.6 42.1 42.1 42.1 42.1 42.7 44.4 46.3 50.6 55.5 61.9 68.6 80.2 90 98.4 107.5 115.2 125.2 137.8 149.1 159.2 168.7 178.2 186 193.4 206.4 219 231.5 238.5 245.9 256.9 269.4 281.4 291.4 297 301.4 303.2 309.3 315.4 324.2 331.2 340.5 343.9 342 336.4 329.3 330.8 334.5
36.7 37.9 40.4 40.9 37.7 38.9 39.4 38.2 37.7 38.6 41 44.9 47.3 49.3 55.1 59.4 66.9 72.7 75.5 79.1 86.4 85.7 78.5 79.2 75.4 71.7 65.2 59.9 53.6 46.7 43.9 42.1 42.1 42.1 42.1 42.2 43.7 46.3 48.7 52 58.5 66.8 76.2 85.7 95.3 105.7 114.3 125.3 133.7 137.6 151 160.2 170.3 179.9 188.5 195.8 203.5 212.9 225.5 234.3 241.2 250.3 261.7 272 282.9 291.3 296.3 298.4 303.9 309.9 316.7 326.7 332.3 336.7 338.8 336.6 330.3 325.7 326.8 330.4
43.3 45.1 45.8 46 45.6 45.1 44.7 44.4 43.3 43.4 40.7 38.5 41 43 46.9 48.8 53.4 56.3 57.5 61.7 68.9 69.1 63 59.8 58.2 55.3 50.2 46 44.5 42.1 42.1 42.1 42.1 42.1 44.4 46.6 49.7 52.8 59 66.1 75.1 84.8 94.3 104.2 113 121.1 132.6 141.8 150.3 157.7 162.3 173.1 179.2 187.9 195.2 203.6 212.4 222.1 228.2 235.2 244.8 254.6 264.7 273.1 282 288.1 291.8 295.5 303.4 311.2 318.4 324.3 328.4 331 332.6 332.2 325.7 325.7 325.7 325.7
55.1 56.3 56.5 56 55.5 57 57.8 57.2 55.2 53.3 49.8 45.9 42.5 39 41.9 44 47.3 49.9 50.5 50.7 51.5 51.8 51.6 50.5 49.3 47 42.6 42.1 42.1 42.1 42.1 42.1 42.1 45 48.5 52.2 57.9 64 72.5 83.2 93.1 102.8 112.8 123.3 132.9 139.8 150 158.5 165.8 173.2 178.9 182.1 192.3 197.2 202.7 210.8 221 228.7 235.7 241.2 244 257.4 266.1 272.8 277.7 283.9 286.7 292 299.8 307.7 313 317.2 322.8 325.5 326.8 325.7 325.7 325.7 325.7 326
69.2 70.4 70.6 70.9 72 73.5 72.8 71.9 70.4 68.5 65.1 59.4 52.7 48.7 43.7 41.5 42.1 43.3 46.9 47.4 45.9 45.6 45.2 44.1 44.1 42.1 42.1 42.1 42.1 42.1 43.8 45.8 47.8 52.2 56.7 62.8 71.4 78.9 90.1 100.8 111.4 121.6 132.1 143.1 152.9 160.8 163.4 175.8 181.8 187.6 192.2 194.1 201.8 205.9 211.6 219.7 228.1 236 244.5 250 253.6 256.8 264.6 271.1 275.3 279.1 283.7 288.3 297.1 302.3 307.5 313.5 324.9 327.9 327.5 326.5 325.7 325.7 325.7 327.3
88.9 88.3 88.9 89.5 89 88.9 88.8 88.6 88.8 86.3 81.5 75.7 68.9 60.7 54.4 50.7 47.1 43.6 43.4 42.8 42.5 42.5 42.1 42.1 42.5 44.2 45 45.9 47.7 48.4 49.9 53.2 57.5 62.2 70.2 79.1 87.9 97.9 109 119.7 130.3 140.8 151.7 163 170.3 178.1 186.6 192.1 195.8 199.6 204.2 205.6 209.1 214.3 220.9 227.8 235.6 244.7 252.3 255.6 257.9 263.2 268 272.1 278.9 285.5 292.6 298.4 303.3 306.6 313.6 320.7 326.3 328.8 328.9 326.1 325.7 325.7 325.7 327.8
108.2 109.5 109.8 108.5 108 108.4 108.3 107.7 108 105.4 100.1 92.9 84.9 76.2 67.5 62.1 57.9 52.2 48.7 47 44.5 44.8 45.3 44.8 47.7 49.3 50.3 52.3 55.1 57.6 60.9 65.5 72 79.2 88.4 98.7 108.5 119 130.9 142.6 151.4 160.3 171.5 179.6 186.8 192.1 199.2 205.3 206.4 210.8 214.3 215.1 218 224 229.4 233.9 242.7 250.8 257.4 260.3 261.5 266.1 271 276.9 286.6 295 298.7 303.9 309 316.6 325.9 331.2 333.3 333.3 329.9 326.5 326.7 325.7 325.7 326.5
128.5 128.7 128.2 127.5 127.3 127.7 127.9 126.1 123.2 121.4 115.9 107.8 99.6 91.2 82.7 76.1 66 59.8 58 55.7 55.8 54.6 53.3 52 53.9 56.6 58.7 62 65.3 68.9 75.7 83 91.2 98.9 110 122.4 132 144.8 156.7 164.1 172.1 178.8 187.1 195.1 200.2 205 210.6 214.1 215.8 218.5 221.9 223.5 226.3 230.6 235.1 240.7 248.2 254.9 259.6 261.7 263.7 267.7 273.5 284.2 297.2 305.2 303.8 305.8 312.8 321.8 329.3 338.5 335.6 332.5 331.6 330.2 329 327.1 328 329
149.3 147.9 146.1 145.4 145.8 144.7 143.9 144 140.1 135.7 129.3 122.2 113.7 105.4 96.9 88.2 80.7 74.9 71.7 68.7 68 67.1 65.8 65.6 66.5 69.7 71.4 74.9 78.8 85.8 93.9 101.4 112.1 121.8 133.5 147.4 158.2 169.2 177.4 180.8 185.8 192 199.4 205.5 214.2 218.8 220.9 222.1 224.3 226.2 229.8 231.9 233.5 237.6 241.4 246.9 253.6 257.2 260.7 263.7 266.7 271.9 281.5 291.4 304.3 308 307.4 307.9 315 322.4 329.9 333 333.5 332.4 332.9 333.8 333.3 333 333.3 332.8
177 173.2 169.2 162.5 157.9 158.1 156.8 156.5 155.4 152 146.2 138.9 128.4 119.3 110.9 102 95.4 89.3 85.8 83.1 82 80.9 80.8 80.9 82.9 85.4 86.3 90.6 96.7 104.8 113.4 124.1 134.1 147.6 159.7 170.5 181 187.1 190.8 195.2 199.5 204.1 210 215.3 220.7 225.8 227.1 228.2 230.4 233.9 237.2 238.9 239.7 242.9 247 251.7 255.7 259.1 262.6 265.4 270.4 277.4 286.4 296.4 305 308 308.2 308.5 315.9 323.4 329.7 331.2 332.5 333.4 336.5 338 337.6 338.4 337.9 337
180.3 182.2 187.6 180.9 178.3 173.7 169.8 168 165.6 163 159.8 151.6 141.4 133.3 124.8 117 110.6 105.9 102.8 99.7 97.4 96.5 96.3 97.5 99.3 101.7 103.7 108.6 115.3 123.1 133.6 145.8 157.5 171.2 182.7 191.3 197.5 201.5 204 206.3 210.3 213.8 218 222.4 226 229.5 231.8 234.1 237.1 240.5 243 243.7 244.7 246.7 250.9 254.4 257.6 261 264.5 267.9 273.8 280.9 289.5 298.3 304.5 308.8 307.9 309.1 315.2 322.1 327.6 330.1 332.9 335.8 338.7 341 342 342.3 341.9 338.7
169 173.5 174.7 176.4 178.7 179.1 181.3 182.9 176.1 172.1 165.5 157.9 149.8 142.3 134.7 129.3 124.6 121.9 119.9 118.2 117.2 116.4 116 116.5 117.8 119.3 121.9 127.3 134.5 142 154.2 166.9 178.3 189.6 200 209.9 213.8 214.7 216 216.4 218.5 221.1 223.5 227 230.1 233.3 236.7 239.7 242.8 245 247.3 248.4 249.7 251.3 254.8 256.4 259.7 262.9 266.3 271.3 277.4 284.6 290.8 297.7 300.9 303 308.9 312.9 318 323.2 328.9 332.1 334.8 338.1 341.2 344.1 345.4 345.8 343.9 339.7
162 163.3 166.5 170.3 173.8 178.1 184.6 187.2 186.6 181.5 172.1 162.2 154.4 148.3 143.3 140.2 139.1 139.9 139.3 138.7 138.2 138.4 138 138.4 139.7 140.9 143.6 149.6 157.4 165 176 188.2 199.4 208.3 221.3 225.8 228 228.4 226.1 226.1 226.4 228.5 230.3 232.3 234.9 238.5 242.2 245.3 247.6 249.3 251.3 253.1 254.7 256.3 257.6 258.7 261.8 265 268.6 274.6 280.4 285.9 291.3 296.2 299.2 304.6 312.8 317 320.7 325.6 330.4 333.9 336.6 339.3 343.2 346.6 348.8 346.5 345.6 340.3
175 173.2 171.5 170.5 173.2 175.5 178 180.4 180.7 176.3 170.3 163.4 156.7 154.8 153.1 155.5 157.3 158.3 158.9 160 161.7 161.2 162.4 163.6 163.5 165.5 168.8 176.3 184.7 190.5 193.7 202.6 214.1 229.9 235.3 236.6 239 238.1 234.7 234.3 234.1 234.5 236 237.9 242 245.3 247.9 250.6 252.5 254.1 255.9 257.1 258.3 259.7 261.1 262 264.8 267.7 272.3 277.5 283.2 287.7 293.2 297.7 304 309.9 316.4 321.6 324.8 328.5 332.6 335.6 338.2 340.9 344.4 348.4 351 349.5 346.4 338.8
187.9 182.3 177.4 173.9 174.6 175.9 176.1 175.6 174.8 172.1 168.7 164 161.8 163.2 165 169.5 171.8 173.5 177.8 180.7 183.4 186.1 187.6 187.8 189.9 193 194.4 202 210.1 214.9 219.3 218.1 231.5 239.6 243.3 246 248.1 247.3 243.8 245.3 244 242.7 242.2 245.1 249.4 253.1 255.3 255.8 257 258.2 258.9 259.8 259.9 261 262.6 264.6 267.7 270.4 274.3 280.6 285.9 291.2 295.1 301.6 308.5 315 321.3 326.4 329.8 332.3 333.7 336.7 339.9 342.4 345.7 347.6 348.9 347.7 341.3 335.5
190.8 185.6 181.5 179.7 178 177 176.9 176.2 174.8 172.6 169.4 167.4 169.2 171.7 175.4 181.7 185.6 196.4 204.3 201.5 200.5 203 204.3 207.9 210.3 210.7 210.7 215 218.4 224 228.1 230.7 236.8 242.4 246.1 249.7 252.2 251.5 249.8 250.7 250.9 250.3 250.9 255.3 256.6 258.5 259.7 259.5 259.5 259.8 260.5 260.8 261 261.9 263.8 266.8 271 274 276.2 283.7 288.9 293.3 299.5 305.7 311.8 318.3 325.4 332 333.6 334.9 335 336.9 339.4 341.6 343.2 344.9 345.6 342.3 336.7 330.5
184.7 183.6 183.6 183.4 184 189.6 188.4 183.7 181 177.3 172.3 171.8 173.2 175 181.8 190.7 204.2 216.2 223.2 224.2 221.3 219.6 218.1 221 223.5 221.3 220.5 222.8 225.8 229.1 232.8 237.4 241.9 245.7 248.8 251.2 252.9 253.3 252.2 252.9 253.7 254.4 256.6 260.4 262.1 261.7 260.9 261.1 261.2 261.3 261.5 261.7 262 263 265.8 268.9 273.2 277.5 281.4 283.8 288.6 297.4 305.9 310.2 315.4 321.2 328.4 332.8 333.3 333.4 333.4 335.3 337.7 339.2 340 341.7 342.2 339.1 330.7 323.5
185.1 183.5 184.1 185.5 188 190.7 189.1 185.4 183 177.8 175.1 174.5 175.3 179.5 187.4 198.6 212.9 226.6 234.9 234.3 234 235.6 237.9 234.8 232.8 230.2 228.8 228.7 231 235 238.6 243.3 246.6 250.1 251.6 252.3 254.2 254.8 254.7 254.9 256.4 257.1 260.4 264.9 263 261.2 260.7 260.7 260.8 259.8 260.9 261.6 262 264.7 267.7 271.1 275.4 279.6 283.6 287.4 293.4 301.4 309 314.1 319.4 324.8 330.1 331.1 330.9 330.9 330.5 332 336.6 336.1 335.8 342 340.7 329.8 322.7 316.2
195.5 194.4 193.4 200.4 202.4 195.7 190.3 190.1 189.4 179.8 175.8 174.1 173.6 178.3 188 202 216.9 229.9 241.8 245.4 242.8 241.9 244.5 244.7 242.6 243.9 242.2 239.4 239.4 242.5 245.7 249.2 251.4 253.5 254.2 254.9 255.5 256.2 256.9 257 258.4 260 262.7 262.5 260.8 260.6 260.2 260.1 259.3 258.2 258.8 260 262.5 265.5 269 273.3 277.5 281.8 287.4 292.6 298.3 304.4 310.8 315.9 320.8 324.2 327.4 328.4 328.5 328.2 327.4 328.3 331.4 329.4 328.5 332.1 327 322 317.3 311.4
207.7 215 219.6 223 217.8 205.6 196.2 193.8 186.1 176.3 170.3 168.9 173.9 179.3 189.3 200.3 212.5 224.7 235.5 245.2 242.6 244.1 245.3 245.2 247 250.4 252.1 249.7 248.2 250.1 252.9 256.2 256 256.4 257.3 258.3 257.7 257.3 258.3 259 259.8 260.1 260 260 259.9 259.8 259.6 259 257.8 257.2 258.4 260.8 262.9 266.4 270.8 275.8 280.3 284.6 291 297.7 302.7 307.4 312.1 317.7 321 323 325.2 325.6 324.7 323.9 323.5 322.6 322.7 322.2 322.1 322.3 320.8 316.9 313 308.4
205.8 214.5 218.5 223.4 215.5 208.9 201.9 196.9 187.3 176 165.7 169.3 181.3 191.7 200.6 207.6 213.1 219.1 227 233.2 238.2 241.9 243.4 245.2 247.3 252.5 259.1 257.1 261.3 261.3 261.9 262.9 261.3 259.9 260.9 260.4 259.7 259 259.2 259.9 259.3 258.5 258.5 258.5 258.6 258.5 258.4 257.2 256 257.3 259.2 261.1 263.2 267.5 272.7 278.3 283.4 290.4 296.3 301.9 306.9 311.1 315.6 318.9 321.2 322.6 323.1 322.5 320.2 319.2 317 314.4 315 315.4 315.3 315 313.8 310 306.1 301.4
196 202.3 207.4 208.8 207.7 203.5 200.4 195.1 187.8 172.5 160.4 175 190.4 202 211.6 220.3 229.3 232.2 236.9 240.1 241.9 242.2 243.3 245.1 249.7 254.5 258.3 261.8 266.2 271.8 275.5 269.7 265.3 264.3 263.1 262.3 261.5 261 261 259.4 258.2 257.2 256.9 257 257.1 257.2 256.6 255.2 255.7 257.6 259.4 261.3 264.5 269.8 275.3 280.9 287.3 294.7 300.3 305.7 309.6 313.8 316.6 319.5 320.6 321.7 320.8 318.5 316.2 314 310.1 309.3 309.2 309.2 308.9 307.5 305 302.4 299 296.2
182.6 186.9 192.2 191.7 193.7 191.4 190.2 183.9 176.4 161.1 166 187.6 200.7 212.6 225.6 239.6 249.3 247.5 245 246.4 250.5 255.9 255.3 254.4 257.6 260.2 267.8 273.2 276.3 278.8 278.3 275 271.6 269.1 266.1 264.1 263.3 263 264.4 258.5 257.4 256.2 255.4 255.5 255.5 254.9 252.7 253.8 255.9 257.8 259.9 262.3 266.4 272.5 278.4 284.8 291.3 298.2 304.2 309.2 312.5 315 317.1 318.7 320.1 319.6 319.8 317.3 314.8 309.1 304.8 304.2 303.6 303.5 303.3 301.6 298.6 295.6 293.7 291.8
163.5 168.7 175.9 176.5 175.5 175.7 174.4 168.6 160 155.2 171.8 187.5 201.7 213.9 228.2 244.4 251.1 255 250.8 243.1 243.3 247.4 253.2 253.8 253.8 258.2 264.3 268.6 271.8 273.7 274.6 276.6 277.8 277 273.6 266.9 264.5 264.1 260.7 256 255.2 254.4 253.7 252.9 252.7 251.4 253.1 254.5 256.3 258.8 261.2 263.6 267.7 275.4 282 288.6 295.2 301.8 306.6 310.4 313.5 316.2 316.5 317.2 317 316.4 316.9 316.9 311.2 306.6 302 299.5 298.4 297.9 297 296.3 293.3 290.3 288.1 286.6
144.7 152.4 159.4 162.6 159.8 159 157.4 155.2 150.2 159.6 173 185.2 198.3 210.4 224.1 234.9 242.3 244 242 238.9 234.5 237.9 240.3 242.3 244.9 249.7 254.1 257.7 260.8 264.4 266.6 269.6 274.2 277.1 275.1 267.8 263.4 260.5 255.8 253.4 252.6 252.1 251.1 250.2 249.3 251.2 253.1 254.6 256.2 258.4 261 263.9 269.7 277.4 284 290.4 296.7 302.6 306.7 310.7 313.6 313.2 313.2 312.5 311.7 312.1 312.1 309.3 306.1 302.9 299.3 295.2 294.5 292.9 291.2 290.4 288 285 282.4 282.1
130.6 137 144 143.7 142.4 144 144.5 143.4 149.4 158.9 170.5 182.7 192.9 204.1 216 224.2 228.3 228.3 225.5 224.9 222.8 225.9 227.5 231.7 235.1 238.6 245 249 252.9 256.4 259.2 263.7 267.3 270.1 270.2 265.2 259.9 256.1 252.4 250.8 250.4 249.6 248.6 247.6 248.7 251.6 253.1 254.6 256.2 257.8 261.2 265.3 272.1 279.3 285.7 292.1 298.1 303.3 307.2 310.1 311.2 308.8 306.6 306.3 305.5 303.7 302.8 303.1 301.3 298.7 295.8 292.7 291 289.5 288 286.7 284.8 281.7 279.7 279.8
121.7 126 129.8 130.4 130.5 133.1 134.9 138.6 147 155.7 166.4 176.5 185 194.4 202.4 206.8 210.3 209.5 208.2 206.4 209 210.2 212.1 217.3 222.3 226.4 233.3 238.9 243.9 246.5 249.2 254.4 258.6 260.2 259.3 257.9 255.3 251.4 247.7 248.1 247.8 247.1 246.1 246 249.3 251.1 252.2 253.5 255.1 257.3 261.9 266.8 273 280.2 287.4 293.4 298.6 300.9 302.5 302.9 302.4 300.3 297.4 297 296.3 294 295.6 298.8 297.6 295.2 292 289.1 287.6 286.2 285 282.8 280.7 277.4 277.8 277.1
114 117.2 119.2 119.4 121.8 124.4 127.8 134.7 144.3 151.5 160.7 168.4 175.1 182.3 187.5 192 193.8 193.3 192.6 191.8 193.3 194.9 197.7 202.3 207.8 213.8 219.2 225.2 230 233.4 239.9 244.4 247.2 249.8 249.8 250.6 249.4 246.5 244.3 245.2 244.7 243.5 243.2 245.6 247.5 248.5 250.3 252.4 254 257.9 262.6 267.2 273.4 280.5 287.2 290.6 293.1 295.3 295.6 293.9 292.9 291.9 288.6 286.3 287 287.5 291.2 292.7 291.4 290.5 287.9 285.6 284 282.5 281 278.9 276.7 274.6 275.5 274.3
107.4 110.2 111.3 114.1 116.1 119.2 125.1 131.9 140 146.3 153.4 159.4 163.3 167.1 172.2 176.5 177.9 177.5 177.6 178.1 180.2 183.3 186.2 190.7 196.6 202.7 208.1 213.1 217.1 223.5 230.9 235.2 239.1 241.1 241.8 242.7 243.5 241.7 241 241.8 241.5 240 243.1 245.3 246.1 247.4 247.4 249.5 252.2 257.1 262.3 267.6 273.2 279.5 281.9 284.9 287.9 288.8 288 286.4 284.9 283.3 280.4 278.8 280.6 282.8 284.6 285.6 285.1 283.9 282.9 281.7 280.4 278.9 277.4 275.6 273.4 272.1 272.6 272
101.3 101.7 105.2 110.3 114.2 118 123.6 129.9 136.7 140.9 145 149.4 152.7 156.5 161 163 163.8 163.6 166.2 170.9 172.7 174 177.6 181.9 186.7 192.2 198.1 203.3 208.3 215.3 222.5 226.5 231.2 233.6 234.6 235.7 236.8 237.3 237.9 239.1 238.2 240.6 242.8 243.4 244.3 245.4 245.1 247.3 250.5 255 260.2 265.9 271.2 275.5 276.6 277.5 280.4 280.5 280 278.4 276.7 275 273.1 271.8 274.5 277.3 278.2 279.2 279 279.8 278.7 278.2 277.1 275.3 273.7 272.2 270 269.6 269.6 269.1
101.3 104.6 109.9 113 114.3 118.3 122.9 128.2 133.3 135.4 138.5 142.5 145.9 149.2 152.1 153.5 154.9 156.8 159.8 165 167.1 170 172.9 175.2 180.3 186.7 191.2 196.1 203.2 209 213.9 219.2 224.6 229.4 230.9 232 233.3 234.5 234.4 234.8 235.2 239.2 240.9 241 240.9 241.1 242.1 245.3 248.6 252.8 258.7 264.5 268.6 269.6 270.7 271.3 272.4 273.6 273 270.9 268.7 266.8 266.5 266.7 269.1 271 272 273 273.7 276 275.9 275.4 274 272.2 270.4 268.6 267.4 267.1 266.8 266.3
110.9 112.9 116.6 116.3 115 115.3 122.1 125.5 129.4 130 133.7 138 141.3 144.2 146 146.9 149.8 153.8 157.2 159.7 163.5 168 170.2 171.9 176.9 181.8 187.3 193.3 199.5 205.4 210.7 215.5 220.3 224.9 227.3 228.5 230 231.3 232 232.9 235.9 237.9 238.6 238.6 238.5 238.2 239.5 242.4 246 250.4 255.4 259.5 262.7 263.9 264.6 265.2 265.8 266.6 266.3 264.9 263.2 262 261.9 262.5 263.1 264.7 265.8 268.1 271 273.4 273.4 273.1 272.3 270.5 268.6 266.7 264 263.8 263.1 263.2
118.5 120.3 120.8 119.1 119.6 118.6 118.8 123.2 123.8 126.5 130.6 134.2 138.2 139.7 140.1 141.8 146.4 152 154.7 155.2 160.3 166.6 172 174.5 178 182.1 187.4 192.9 198.4 203.1 208.4 212.7 217.3 221.1 223.7 225.2 226.7 228.1 230 233.7 234.8 236.3 236.3 236 235.7 235.4 236.9 239.5 243.4 247.9 252.1 254.8 256.3 257.8 258.6 259 259.6 260.9 260.9 260 258.4 258.3 258.4 259 259.5 257.8 262.7 266.8 269.5 270.6 271.3 271 270.6 269.1 267.2 264.5 261.8 258.7 258 257.2
125.4 125.1 123.3 122.4 123.4 123.2 123.7 128.9 130.7 129.6 126.9 130.8 136 138.3 139.9 147.7 150.1 150.3 154.9 162.8 169.5 174 178.9 182.1 184.4 188.8 190.2 192.6 197 201.6 206 210.2 213.5 215.4 220.6 222 224.5 227.3 230.6 233.7 234.2 234.8 233.5 232.6 232.6 232.5 234.3 236.6 239.8 243.3 246.7 249.9 251 251.9 253.2 253.4 254.3 255.4 255.6 255 254.9 255.1 255.2 255.5 255 258.2 261.4 265.4 266.9 267.8 268.7 268.9 268.5 267.4 265 261.5 258.3 255.7 249.8 248.9
127 127.6 126.7 125.9 126.1 126.8 127.5 130.4 131.3 131.4 131.2 130.3 133.2 139.1 144.1 150.2 154.5 155.4 161.3 168.4 173.4 178.9 182.5 185.7 189.2 194.2 196.8 199.8 200.9 203.5 205.8 208.1 212.1 218.2 222.1 224.3 227 229.3 232.5 232.6 232.6 232.5 230.7 229.4 229.2 228.3 230.3 233.9 237 239.6 242.1 244.9 246.2 247.6 248.9 250.1 251.1 251.8 252.1 251.7 251.7 251.9 252.1 252 255.3 258.8 261.2 263.2 264.1 265 265.9 266.8 265.8 263.5 260.5 257.1 253 249.4 238.5 237.9
