data/190000-660000.asc
ncols 200
nrows 200
xllcorner 190000
yllcorner 660000
cellsize 50
[rows 38 to 75 of 200, columns 85 to 169 of 200]
24.2 18.8 18 17.8 18.3 20 28 34.2 41.2 49.3 56.2 62.2 68.5 71.4 74.6 76.6 78.4 78.2 71.3 64 61.5 55.7 41.6 24.1 16 12.1 9.3 11.1 11.1 11.1 11.1 11.1 10.7 12.2 16.2 22.3 32.7 37.1 40.2 42.9 48.8 50.6 52.1 54.9 57.5 59.5 60.1 69.6 72.9 79.1 97.3 116.4 128.5 139.7 145.5 151 156.3 158.2 160.9 164.6 164.2 159.4 158.1 157.3 167.8 172 178.3 188.4 191.9 191.1 190.5 191 191.2 186.6 179.6 165.1 150.8 137.1 129.7 116.6 97.5 79.9 66.1 57.7 45.6
23 18.9 18.2 17.8 18.6 20.9 26 32.9 40.5 48.5 55.4 61.2 67.5 69.7 70.1 72.1 73.7 73.1 66.9 60.5 53.8 45.1 32.8 18.1 12.2 10.6 9.4 9 9 10.8 11 10.7 10.4 12.3 17 23.6 34.8 45.5 50 48.7 45.5 50.6 51.9 53.1 55.4 58.4 63.9 70.1 73.8 84 103.1 122 131.9 140.4 146.4 151.3 155.5 156.4 158.7 161 159.6 157.5 154.9 153.6 158.7 163.3 169.1 175.8 178.3 184 189.3 190.8 189.1 186.1 178.2 164.5 152.9 140.6 138.2 127.2 108.2 84.5 69.1 59.8 49.6
18.1 15 14.7 16.2 18.7 22.7 28.4 32.8 40 47 54.3 61.6 66.1 68.9 69 71.1 71.4 70.1 61.2 54.5 46.6 38.1 23.7 14.1 11.5 11.2 9.3 10.3 9.4 9 9.6 9.9 10.6 13.2 18.6 25.3 37 48.3 51.2 51.1 48.8 50 50.6 52.3 55.5 58.6 66.6 72.5 75.1 87 108.3 123.8 135.8 143.6 147.2 151.4 154.4 155.1 156.4 157.5 157 153.3 150.2 150.7 153.9 156.8 161.7 164.6 170.4 179.5 184.7 185.2 185.3 182.4 175.2 164 154.1 148.3 146.6 136.2 118.7 94.3 71.5 61.1 51.6
12.6 10.1 11.3 14.3 18.9 25.6 30.8 34.3 40.5 49.4 57.8 63.2 67.2 68.4 69 69 68.9 64.9 59.1 53.6 48.6 34.5 19.2 12.9 12.3 10.9 10.1 11 9.5 9 9 10.6 11.6 14.6 18.8 26.6 37.6 47.3 51.2 51.1 49 49 49.9 52.4 56.6 59.9 69.2 72.3 76.6 88.3 109.9 126.6 140.5 147.7 151.2 153 154.4 153.9 154.6 155.5 154 150.7 149.3 149 150.5 151.7 152.3 154.3 159.1 171.7 179.3 179.9 180.2 178 169.6 161.6 154.3 148.9 150.5 138.3 122 103.7 74.5 61.7 52.7
9.9 9.2 10.6 14 19.6 27.7 34.2 39 48.2 56.1 62.2 64.4 66.7 67.9 68.9 69 69.3 66.4 60.4 55.8 46.5 32.8 19 14 11.6 10.8 10.9 10.5 9.9 10.1 10.4 8.8 10.1 12.9 18.8 26.5 39.9 47.2 51 50.8 49 49 49 51.3 56.5 62.4 70 73.5 78.6 89.8 111.6 130.2 143.3 150.8 153.9 155.7 157 154.5 153.7 153 151 149.8 148.8 146.8 145.2 145.7 146.2 146.9 151.3 159.2 171 172.9 175.2 173.2 164.7 159 151.3 150.6 150.3 136.3 120.8 105 80.2 64 55.1
9.5 9.4 10.6 14.8 20.6 30.7 40.4 47.7 55.2 61 66 68.2 69.4 69.6 70.1 70.9 69.3 64.2 57.7 51.7 43.5 30.3 18 13.3 11.8 11.5 11.1 9.7 9 8.7 8.3 7.9 8.7 11.9 18.8 30.1 43 48.4 51 50.8 49 48.5 48.2 49.5 53.5 62.1 70.3 74.2 78 90.7 114.1 132.4 145 150.3 156.5 158.5 159.1 155.3 153.2 151.1 150.3 150.3 148.6 143.4 140.7 141.3 142 141 145.1 150.4 160.3 165.4 169 168.3 162.4 156.4 150.8 148.9 147.2 133.4 117.4 101.1 83.6 65.8 55.7
9.1 10.5 11.7 18.2 25.7 38 50.3 58.7 62.1 65.9 69.2 72.8 75.8 75.9 74.8 75.4 74 70.3 63.4 52.6 40.3 26.6 16.9 13 12.2 11.6 9.8 8.9 8.4 7.9 7.5 7.1 8 9.1 19.2 32.8 44 47.7 50.9 51 50.1 48.7 47.3 47.1 49 59.8 69.2 73.1 76.1 88.6 111.1 129.9 142.8 150.6 157.8 162.2 161.4 157.8 154.8 151.1 149.5 150.2 147.6 142.5 139.3 138.4 135.9 135.5 139.2 142.6 149.2 157.1 159.8 161.6 160.7 154.7 147.9 140.1 140.5 128.8 114.8 98.6 82.5 66.5 57.4
9 9 9 25.5 33.7 47.4 61.7 69.5 71.9 76.2 81.5 83.9 83.8 81.7 79.3 79.2 80.6 79.9 72 54.8 37.6 25.6 16.8 13.2 12.6 10.5 9.2 9.2 8.4 7.2 6.7 6.3 7.1 8.1 18.6 33.4 41.9 47 50.4 51 50.5 47.7 47 47.1 48.3 57.9 66.8 71.9 74.8 85.7 106.5 125.9 140.7 151.1 159.3 165.4 168.7 162.2 157.1 153.1 148.9 148.8 145.1 141 139.4 139.5 131 130.3 132.1 134.5 138.7 150.3 153.3 156.5 156.1 150.1 144 135.8 134.5 123.6 111.1 96.2 82.4 70.2 59.6
7.9 8 8.6 31.3 38.8 53.5 65.5 76.3 85 91.4 95.3 93.1 89.8 84.8 81 80.9 81.9 81.1 66.3 52.5 37 23.1 14.9 13.1 12.6 10.7 10 9.1 8.2 6.6 6 5.5 6.2 8.1 18.9 31.6 39.7 44.2 47.8 50.1 49.3 49.1 47.9 47.9 49 54.9 62.9 70.1 74.8 83.8 103.5 122.3 137.4 152.8 164 171.3 174.2 173.5 167 156.9 151.3 149 144.2 142 141.7 140.5 131.6 129.1 128.5 128.4 131.2 137.8 145 149.2 151.2 145.3 138.3 129.1 127.3 118.8 107.5 94.1 82 71.5 61.3
3.5 3.5 12.9 32.6 43.7 55.8 69.6 86.2 99.4 99.1 100.6 96.5 90 87.2 83.3 82.6 82.7 74.8 60.8 51.8 37.3 20.7 14 12 12 10.2 9.9 9 8.1 5.9 5.4 4.8 5.3 7.6 14.4 28.2 36.7 40.7 44.4 44.5 49.4 51.1 49.4 49 50.4 54.5 61.8 68.3 73.2 81.2 99.4 118.5 134.8 154.5 170.5 177 178.6 180.5 174.9 162.8 155.6 149.8 145.6 143.8 142.6 141.4 137.5 130 125 121.4 122.7 128.6 135.7 142.7 147.2 140.4 133.1 125.8 120.1 114.7 105 93.6 81.8 72 62.8
1.8 2.7 13.2 32.7 46 58.4 69.7 88.8 102.5 105.3 100.2 90.3 89.3 87.4 83.7 81.6 79.6 66.6 56.6 49.1 34.3 18.9 13.9 12.2 11.1 9.3 8.4 8.9 7.9 5.5 4.8 4.5 4.5 6.7 12.2 25 33.4 37.3 40.8 39.8 48.9 49 49 50.1 51.8 54.5 60.6 65.5 71.9 81.1 98 116.1 134.1 157.9 175.4 181.8 179.6 180.8 178.4 169.1 162.7 155.5 147.5 145 143.8 141.7 140.2 132.8 125.3 119.6 119.1 120.8 126.1 135 139.8 135.3 130.2 123.1 116.3 112.1 104 93 82.1 72.8 64.7
1.8 2 9 33.8 47.6 59 69.5 82.1 95.1 100.9 95.3 89.7 89.6 84.6 80.9 76.2 70.1 60.2 50.5 44 30.8 16.1 13.6 12 10.2 8.1 6.9 7.4 7.6 5.2 4.5 4.5 4.5 4.5 9.9 21.5 27 32.1 35.2 42.3 49.3 49 50.2 50.6 50.3 50.7 58.9 64.5 70.5 79.3 95.1 113.7 132.3 160.9 175.6 180.1 179.6 179.4 178.2 171.7 166.1 158.8 150.2 146.6 145.1 143.7 142.3 137.7 128.3 121.3 118 117.1 117.6 128.6 133.7 131.2 125.7 119.6 111.1 107.8 102.8 92.4 81.8 74.1 67.3
1.8 2.3 7.2 31.4 44.6 62.6 68.6 76.5 86.7 92.9 88.8 88.4 87.6 83.4 77.8 68.3 61.7 53.3 45.8 38.6 22.5 14.7 12 9.4 8.1 6.1 4.5 4.7 4.5 4.5 4.5 4.5 4.5 4.5 8.8 16.2 21.7 28 31.9 42.6 48.9 49.3 51 50.8 50.3 50.4 54.9 62.8 69.1 77.4 93.4 110.9 134.8 158.2 172.2 175.8 177.8 178.3 177.2 172.6 167.7 161.1 153.8 149.2 147.4 145.4 143.7 140.9 132.3 124.2 119.5 114.4 112.7 119.2 127.8 126.3 121 115.6 109.1 104.2 99.1 89.9 81.3 75.1 70.1
0.6 1.8 4.9 42.4 60.5 63.2 69.5 73.1 77.4 85.1 83.9 82.9 81.8 81.9 81.4 69.6 56.2 47.7 40.3 30.8 19.6 13 9.2 6.4 6.3 4.2 2 3.1 4.5 4.5 4.5 4.5 4.5 5.3 7.1 11.8 20 25.6 32.1 41.7 49.4 50.1 51 51.1 50.5 52.6 56.7 61.6 68 74.8 91.1 108.8 131.7 153.5 166.6 170.2 172.6 173.5 173.4 172 168.3 159.9 154.5 150.9 148.7 146.6 144.2 141.5 140.5 128.3 120.3 112.9 109 114.1 119.5 120.1 117 112.6 106.3 100.2 94.7 87.1 78.5 73.6 70.3
-0.9 1.4 7.1 49.2 68 69.3 71 72.1 74.2 80.2 80.7 80 81.8 82.1 81.9 70.3 52.7 43.9 36.5 25.9 17.3 11 7 4.3 4.4 2.3 1.3 2.8 4.3 4.5 4.5 4.2 3.7 3.9 6.6 9 13.9 22 29.3 40.5 50.7 49 51.2 51.6 53 53.9 56.3 60.6 67.4 73.6 86.5 106 125.1 148 158.7 163.3 168.1 171.3 171.5 168.7 164.3 158.8 154.1 152 149.6 145.9 141.7 142.3 142.8 138.5 126.8 116.6 109.6 109.2 113.2 114.7 113.7 109.5 103.1 95.7 87.3 82.1 77.4 72.8 71.9
-0.9 2.2 9.8 50.8 69.1 69.5 67.4 69.3 72.6 76.7 76.8 79.8 81.3 81.2 81.2 71.7 51.4 38.3 31.9 24.7 15 9.3 4.9 3.9 2.6 1.4 1.8 3.3 4 4.2 4.2 3.5 3 2.6 4 6.8 11.8 20.2 26 39.3 47 49.6 48.7 51.9 51.6 52.6 55.4 58.6 65.5 71.9 82.1 100.8 117.3 139.8 150.6 157.3 165 168.1 166.9 162.5 160 157.7 155 152.4 149 142.6 140.9 141.8 142.3 140.1 128.7 120.5 109.2 108.2 109.1 110.4 109.4 105.1 97.7 90.3 83.4 78.9 77.5 76.8 78.1
-0.9 1.5 3.4 41.9 61.1 61.1 62.9 64.2 69 70.4 70.2 73.7 77.4 80.3 79.8 69.6 51 38 31.8 20.9 13.8 8 3.8 2.9 1.8 1.2 2.3 3.3 3.6 4 3.9 3.2 2.6 1.9 1.5 4.4 10.1 17 24.1 35.6 43.9 46.1 47.4 51.1 50.5 51.2 54.5 57.8 62.4 70.7 82.5 96.2 109.1 127 141 151.5 157.6 161.1 159.5 157.7 157 155.7 153.8 151.1 146.1 139.6 139 141 141.1 137.9 130.6 121.9 109.9 105.4 104.4 105.9 104.3 98.8 91.6 84.6 79.3 79.3 79.8 80.9 80.2
-0.9 2.6 8.1 27.8 48.7 54.2 58.2 59.6 63 65.1 67 68.9 71.4 76.6 75.4 63.7 49.2 39.2 28.4 18.6 13.1 8.5 4.1 2.1 1.5 1.3 2.6 2.9 3.3 3.6 3.6 3 2.3 1.6 1.1 3.3 7.1 12 21.4 30.5 40.9 43.4 46.3 50.6 51.1 49.1 52.3 55.6 60.5 69.2 80.5 92.9 102.9 114.6 128.6 142.1 149.8 152.3 154.1 153 152.5 152.2 151.2 149 141.7 139.1 139.5 139.1 138.9 135.9 131.1 120.5 109.4 103.7 100.4 100.5 98.9 91.6 86.4 80.6 79.2 79.9 80.4 81.7 86.1
-0.9 7 9.9 20.9 31.9 46.2 50.8 55.1 58 59.3 61.4 60.7 65.1 69.2 69.6 62.5 48.5 35.5 20.5 14.7 12.7 8.6 4.5 1.8 1.3 1.8 2.3 2.7 3.1 3.2 3.2 2.7 2.1 1.4 1.3 2.8 6.1 10.2 17.5 25.5 34.6 38.9 44.4 49.2 50.1 49 49.6 52.4 59.2 68 79.2 90.8 98.7 107 118.7 132.5 142.4 146.3 148.5 148.1 149.7 151 149.7 145.5 139.9 138.7 137.1 135.1 134.9 133 128.6 119.2 108.4 102.1 95 93.4 89.5 85.7 81.3 78.9 78.1 78.6 79.3 83.6 89.1
3.6 10.6 12.3 18.5 24.5 36.8 45.6 48.5 50.1 53.8 54.2 53.5 55.1 57.6 58.4 55.4 42.2 27.9 17.2 13.4 12.4 9 5 2.4 1 1.6 2 2.4 2.8 2.8 2.8 2.5 1.8 1.4 1.5 2.7 3.8 8.4 11.1 18.4 26.9 33.1 39.9 44.8 45.7 45.7 46.6 50.5 58.1 68 79.1 88.8 96.8 104.3 112.2 125.8 134.7 139.4 144.4 146.6 149.6 150.5 149.7 143.4 139.1 135.2 133.6 131.4 130.2 129.7 124.7 115.1 106 98.9 92.1 88.2 84.9 81.1 78.5 78.7 78.9 79 80.5 80.9 82.5
2.9 6.9 9.8 14.2 21 27 36.8 41.2 40.5 47.5 49.8 49.6 42.5 39.9 37.6 37.7 31.4 21.5 15.4 13.6 12.3 10.2 6.9 3 -0.9 1.4 1.8 2.2 2.6 2.4 2.4 2.3 1.6 1.6 1.8 2.1 2.8 4.4 7.1 10 16.4 26.7 33.8 38.8 41 42.6 44.6 49.9 57.4 68.6 78 86.9 94.7 101.8 110.3 118.7 126.2 133.6 139.3 142.6 148.1 150.8 146.5 139.9 135.6 131.6 130 130.2 125.3 123 119.3 110.5 102.4 94.7 88.2 83.2 80.8 78.8 78.2 78.5 78.9 80.3 80.9 81 82.6
3.4 6.3 9.5 14 17.8 18.9 25.2 29.7 37.9 46.1 50.9 47.5 41.5 35.8 30.3 26.9 23.8 18.4 15.5 13.4 12.8 11.6 10.2 5.8 -0.9 -0.9 1.7 1.9 2.2 2 2 2 1.7 1.8 1.8 0.9 2.4 4 4.8 6.9 7.6 15.1 19.1 28.7 34.7 40.4 42.7 46.8 54.1 66.6 75.3 83.1 91.5 99.3 107.8 114.9 120.6 126 131.6 138.3 143.9 148.8 144.1 137.8 133.2 128.4 126.7 125.4 121.7 115.9 113.3 106.9 99.1 91 84.6 79.1 76.9 76.9 78.4 78.8 79.2 79.9 81.1 81.1 81.6
5.7 12.2 13.1 16.7 18.7 17.9 20.3 29.4 41.9 50.2 50.7 50.1 43 28.8 26.2 23.5 21.4 19.1 18.6 16.6 14.6 12.6 12.8 10.7 6.2 -0.9 1.8 1.8 1.5 1.5 1.5 1.5 1.6 1.7 1.4 1.5 2.2 2.9 3.5 5.5 4.2 5.3 9.6 20 32.5 38.6 39.6 45 53.9 64.6 74.4 81.7 89 97 104.2 110.6 114.7 118.8 126 133.3 136.8 138.9 138.6 135.3 130.6 125.9 123.3 120.3 118.1 112.2 106.7 103 95.2 87.8 82.3 76.8 73.4 75.3 78.3 79 79.6 80.2 81.1 82 82.1
22.8 29.3 22.9 21 19.8 18.4 17.9 22.8 39.8 49.3 49.6 50.9 38.9 27.1 23 21.5 20.3 21 19.2 18.4 16.3 15.3 15.2 12.7 10.4 -0.9 -0.9 -0.9 0.4 0.6 0.7 0.8 1 1.2 1.5 1.6 1.7 1.8 2.3 2.8 1.3 1.7 5.8 14.2 27.3 32.4 35.6 41.3 54.3 67.2 76.4 84 90.2 95.4 100.9 105.3 108.4 112.3 120 128.9 133.6 135.8 134.8 131.5 127.6 123.6 120.3 116.3 113.3 107.9 103.9 99.7 90.6 85 79.5 74.1 70.7 71.3 75.1 80.4 81 81.1 81.6 83.1 82.9
26.2 30.9 30.6 27.1 21.3 18.4 15.5 17 28.7 41.3 44.3 45.7 35.7 27.9 22.4 21.3 20.4 20.5 19.2 18.5 18 17.9 16.9 14.6 12.5 9.1 3 -0.9 -0.9 -0.3 0 0.2 0.6 0.9 1.2 1.3 1.4 1.5 1.6 1.7 1.4 1.4 2.8 9.1 18.6 27.2 33.8 39.8 55.5 70.1 79.7 85.9 92 97.1 101.4 99.6 102.1 105.7 112.3 124.9 131.3 131.9 131.7 129.9 125.8 121.8 118.1 114.1 110.1 107.3 104.5 100.7 92.8 85.4 78.3 71.2 69.8 70.8 75.7 79.5 81.4 82.4 83.2 83.6 82
16 24.8 28.5 24.1 19.3 14.1 10.4 10.6 17.8 27.9 38.5 39.4 33 28.3 23 20.1 20.7 21 20.9 20 19.1 19.3 18 15.7 12.7 10.8 3.1 0.7 -0.9 -0.9 -0.3 0 0.3 0.7 0.9 1 1.1 1.2 1.3 1.4 1.6 1.8 2.1 7.4 12.6 21.6 28.6 37.6 57.6 72.8 82 89.1 94.6 97.2 100.4 99.9 96.9 99.3 106.3 121.6 128 128.4 129.7 127.5 124.8 121.9 117.8 113.6 109.1 106.5 103.8 100.7 93 84.9 77.7 70.1 69.7 70.4 74.8 78.9 81 81.8 82.7 82.4 81.2
9.2 22 22.9 18.5 14 11.2 6.7 7.1 11.3 22.8 32.8 33.6 29.9 25.5 20.9 18.8 20.3 20 19.7 20.4 20.7 19.2 17.7 15.5 12.9 10.4 3.1 0.9 -0.9 -0.9 -0.6 -0.2 0.1 0.4 0.6 0.7 0.8 0.9 1 1.1 1.3 1.5 1.7 4.1 8.6 15 22.5 33.1 57.8 73.4 84.2 91 95.4 97.3 97.8 97.5 92.5 93.6 101 115.9 122.1 122.3 123.1 122 121.5 121.2 117.6 111.8 105.9 102.8 100.9 97.4 91.6 84 74.7 69.8 69.5 69.8 74.2 79.4 80.9 81.3 82.1 81.1 79.3
6.1 11.2 16.4 12.5 8.3 6.2 2.8 2.6 7.1 18.6 22.6 26.9 25.1 21.1 16.3 12.7 14.6 15.9 20.1 21 20.9 18 16.4 13.9 12 10.4 5.2 0.8 -0.9 -0.9 -0.8 -0.5 -0.2 0.2 0.3 0.4 0.5 0.6 0.7 0.9 1 1.3 1.5 2 5.5 9.9 18.4 29.5 54.9 73.2 84.9 92 95.8 96.1 96.2 94.7 90.4 89.4 96.2 110.2 116.6 117.1 117 120.6 121.7 121 117.6 110.2 103.3 99.4 97.2 93.9 89 81.7 72.3 68 69 71 73.7 78.3 80.6 81 81 78.9 77.3
-0.9 3.4 7.6 10.1 7.8 3.3 -0.9 -0.9 5.2 11.2 18.7 20.8 19.7 15 11.3 9.1 9.1 10.7 18.5 21.6 21.1 17.5 12.7 10.3 10.7 9.1 4 -0.9 -0.9 -0.9 -0.9 -0.7 -0.4 -0.1 0 0.1 0.2 0.3 0.4 0.6 0.8 1 1.3 1.5 2.9 4.3 8.4 27.5 54.3 72.3 84.9 91.7 94.4 93.9 93.4 91.2 89.3 88.4 91.9 103.2 112.1 111.9 112.3 119.8 121.4 121 116.1 109.2 100.7 96 93.3 88.8 84.3 79.1 72.1 64.9 66.2 69.7 71 75.2 79.4 79.1 79.2 77.8 76.6
-0.9 -0.9 -0.9 5.4 4.3 -0.9 -0.9 -0.9 -0.9 4.4 9.7 21 13.8 8.9 5.1 3 3.4 7.3 22.4 29 20 15.7 10.4 8.3 8.4 7 -0.9 -0.9 -0.9 -0.9 -0.9 -0.9 -0.7 -0.4 -0.3 -0.2 -0.1 0 0.1 0.3 0.5 0.7 1 1.3 1.6 2.3 4.4 32 55 70.2 82.8 90.9 92.7 92.2 91.7 90.8 88.7 85 86 94 105.7 105.5 110 119.5 121.4 120.5 115.5 107.9 98.1 92.5 89.6 85.4 80.4 76.2 69.7 61 61.2 67.3 69.1 72.5 77.2 79.9 79.9 78.7 77
-0.9 -0.9 -0.9 -0.9 -0.9 -0.9 -0.9 -0.9 -0.9 -0.9 1.9 10 8.1 3.9 -0.9 -0.9 -0.9 4.3 22 26.8 19.6 13.5 8.2 4 5.4 4.8 -0.9 -0.9 -0.9 -0.9 -0.9 -0.9 -0.9 -0.7 -0.6 -0.5 -0.4 -0.3 -0.2 0 0.2 0.5 0.8 1 1.3 1.8 1.3 34.5 56.5 73.1 80.9 85.7 90.1 90.6 89.6 88.8 85.3 81 82 88.1 96.5 101 106.8 119.7 121 118.7 112.5 104.8 96 89.4 85.5 82.5 77.5 71.3 66.7 59.5 59.9 63.5 68.3 71.5 75.8 76.4 76.7 77.5 76
1.7 -0.9 -0.9 -0.9 -0.9 -0.9 -0.9 -0.9 -0.9 -0.9 -0.9 6.9 3.6 -0.9 -0.9 -0.9 -0.9 3 8.8 13.7 13.5 10.9 4.6 0.9 1.5 1.8 -0.9 -0.9 -0.9 -0.9 -0.9 -0.9 -0.9 -0.9 -0.9 -0.9 -0.7 -0.6 -0.4 -0.3 -0.1 0.2 0.4 0.7 1.1 1.6 3.8 44 62.2 74.4 80 81.7 85.7 87.3 86.5 85.5 83.3 79.9 79.1 82.5 88.6 95.3 105.1 115.2 119.3 115.8 108 100.3 94.5 86.9 81.3 77.6 72.9 69.8 63.2 59.2 59.3 61.8 67.2 71 73.8 74.8 74.8 75 74.5
1.7 -0.9 -0.9 -0.9 -0.9 -0.9 -0.9 -0.9 -0.9 -0.9 -0.9 0.4 0 -0.9 -0.9 -0.9 -0.9 -0.9 -0.9 3.4 5.8 3.8 -0.9 -0.9 -0.9 -0.9 -0.9 -0.9 -0.9 -0.9 -0.9 -0.9 -0.9 -0.9 -0.9 -0.9 -0.9 -0.9 -0.9 -0.6 -0.4 -0.1 0.1 0.4 1 1.5 7.2 47.3 64.5 74.9 77 79.2 81.2 83.1 82.5 81.6 79.8 77.8 75.9 78.8 84.2 87.7 101.3 111.2 113.7 111.3 104.9 98.6 92.8 86.4 82.5 76.5 69 64.4 60.5 58.9 58.8 59.9 64 69.4 71.8 73.1 73.1 73.1 72.3
-0.9 -0.9 -0.9 -0.9 -0.9 -0.9 -0.9 -0.9 -0.9 -0.9 -0.9 -0.9 -0.9 -0.9 -0.9 -0.9 -0.9 -0.9 -0.9 -0.9 -0.9 -0.9 -0.9 -0.9 -0.9 -0.9 -0.9 -0.9 -0.9 -0.9 -0.9 -0.9 -0.9 -0.9 -0.9 -0.9 -0.9 -0.9 -0.9 -0.9 -0.9 -0.5 -0.3 0.3 0.7 1.4 9.4 47.4 63.9 70.7 75.5 77.3 78.5 78.9 78.6 77.6 75.9 73.1 73.3 75.3 80.3 85.6 93.7 106.3 109.6 107.2 101.8 96.7 93.2 88.5 84 77.3 66.9 60.6 57.8 57.3 57.3 57.5 60.2 65.8 69.5 71.4 72 72 70.6
-0.9 -0.9 -0.9 -0.9 -0.9 -0.9 -0.9 -0.9 -0.9 -0.9 -0.9 -0.9 -0.9 -0.9 -0.9 -0.9 -0.9 -0.9 -0.9 -0.9 -0.9 -0.9 -0.9 -0.9 -0.9 -0.9 -0.9 -0.9 -0.9 -0.9 -0.9 -0.9 -0.9 -0.9 -0.9 -0.9 -0.9 -0.9 -0.9 -0.9 -0.9 -0.9 -0.9 -0.1 0.6 1.7 6.8 44.8 62.3 68.8 73.4 74.8 75.8 76.6 75.4 73.8 71.8 69.5 69.7 72.9 78.2 83.8 88.3 100 103.6 102.1 96.9 94.3 92.5 89 85 79.5 69.2 60.2 56.3 55.6 55.6 55.7 58.4 62.4 67.8 70.9 71.5 70.3 68.9
-0.9 -0.9 -0.9 -0.9 -0.9 -0.9 -0.9 -0.9 -0.9 -0.9 -0.9 -0.9 -0.9 -0.9 -0.9 -0.9 -0.9 -0.9 -0.9 -0.9 -0.9 -0.9 -0.9 -0.9 -0.9 -0.9 -0.9 -0.9 -0.9 -0.9 -0.9 -0.9 -0.9 -0.9 -0.9 -0.9 -0.9 -0.9 -0.9 -0.9 -0.9 -0.9 -0.9 -0.9 0.2 1.8 7 40.3 55 64.1 69 71.8 73.2 74.1 73 72.1 69.8 68.6 68.8 71 73.9 77.7 80.7 91.5 95 95.6 92.9 91.6 92 90.1 86 81 71.7 61.1 56.5 52.3 51.7 52.9 56.1 60.9 65.5 68.8 70.1 69 67.6
-0.9 -0.9 -0.9 -0.9 -0.9 -0.9 -0.9 -0.9 -0.9 -0.9 -0.9 -0.9 -0.9 -0.9 -0.9 -0.9 -0.9 -0.9 -0.9 -0.9 -0.9 -0.9 -0.9 -0.9 -0.9 -0.9 -0.9 -0.9 -0.9 -0.9 -0.9 -0.9 -0.9 -0.9 -0.9 -0.9 -0.9 -0.9 -0.9 -0.9 -0.9 -0.9 -0.9 -0.9 -0.9 2.2 11.9 37.2 51 59 64.9 67.5 70.2 71.2 72.2 71 67.6 62.6 64.4 66.8 70.2 73.3 76.8 82.6 88.2 88.1 89 91.1 91.2 89.6 85.8 81 74 62.6 56.5 52.1 49.8 51.6 54 57.8 62.4 65.7 67 67.5 66.2
-0.9 -0.9 -0.9 -0.9 -0.9 -0.9 -0.9 -0.9 -0.9 -0.9 -0.9 -0.9 -0.9 -0.9 -0.9 -0.9 -0.9 -0.9 -0.9 -0.9 -0.9 -0.9 -0.9 -0.9 -0.9 -0.9 -0.9 -0.9 -0.9 -0.9 -0.9 -0.9 -0.9 -0.9 -0.9 -0.9 -0.9 -0.9 -0.9 -0.9 -0.9 -0.9 -0.9 -0.9 -0.9 1.6 15.4 36.7 42.6 52.5 60.3 63.2 66 67 67.7 67.4 64.3 59 59.9 63.1 66.5 69.8 73.2 78.8 82.6 83.3 87 90.8 90.7 87.8 83.4 78.7 72.4 61.6 55.7 51.3 48.2 50.1 52.2 55.5 59.4 62.7 63.8 65.2 64.4
