data/190000-690000.asc
ncols 200
nrows 200
xllcorner 190000
yllcorner 690000
cellsize 50
[rows 108 to 143 of 200, columns 82 to 163 of 200]
153.4 158.5 161.1 165.1 166.1 168.4 172.4 177.4 184.7 191.7 204.7 215.5 221.9 225.3 226.2 225.3 216.5 214.5 211.1 195.2 195.4 195.3 205.1 241.7 249.1 246.4 240 226.5 215.5 210.8 187.3 162 146.4 136.5 125.2 120.9 112.5 107.3 103.4 102.8 101.3 92.8 88.1 85.3 82.9 81.7 80.3 79.5 78.4 77.1 77.7 80.6 85.1 89.4 87.4 81.3 82.7 69.3 59 43.8 27.3 15 8.9 5.9 1.5 -1.3 -1.3 -1.3 -1.3 -1.3 -1.3 -1.3 -1.3 -1.3 -1.3 -1.3 -1.3 -1.3 -1.3 -1.3 -1.3 -1.3
159 161.4 163.3 164.1 166.4 168.7 175.4 187.3 196.1 201.8 207.6 213.6 225.9 227.4 228.6 230.9 230 222.2 206.1 198.9 198.5 196.2 200.4 230 256.1 246.8 223.2 204.4 189.8 172.6 159.3 145.3 133.1 122.5 114.9 105.9 102.9 99.5 100 96.7 94.8 91 86.6 83.9 82.6 81.4 80.1 80.3 80.9 81.2 89.8 94.3 98.2 98.9 88 85.3 81.8 74.7 64.3 38 20.8 12.7 8.9 12.2 4.3 0.5 -1.3 -1.3 -1.3 -1.3 -1.3 -1.3 -1.3 -1.3 -1.3 -1.3 -1.3 -1.3 -1.3 -1.3 -1.3 -1.3
162 163.3 164 166.9 169 171.6 180.4 196.6 212.8 219.2 220.1 218.9 229.1 235.2 245.8 245.6 245.3 217.7 202.5 206.4 203.6 196.4 194.1 207.8 222.4 207.7 188.6 172.7 165.5 155.1 142.9 139.8 124.3 111.3 104.6 99 96.1 97.3 96.2 92.8 90 86.8 84.1 83.2 82.8 81.6 81.1 82.8 86.9 95.8 101 104.2 101.3 98.1 102.3 102.5 97.6 82.6 61 35.4 14.5 9.7 8.6 9.5 4.9 1.5 1.1 -1.3 -1.3 -1.3 -1.3 -1.3 -1.3 -1.3 -1.3 -1.3 -1.3 -1.3 -1.3 -1.3 -1.3 -1.3
164.1 166.1 166.3 172.7 177.8 192.9 202.7 217.3 220.6 229.9 232 228.1 230.2 246.2 262.5 261.8 237.2 221.3 217.6 220.1 210.5 193 185.6 185.4 185.4 176.8 163.3 158 151.7 145.2 151.3 136 114.5 106.8 99.6 95.9 97.3 100.6 91.2 88.7 86.2 84.8 83.2 83.1 82 82 85.2 91.1 100.9 102.6 96.9 94 104.9 109 114.1 113 91.6 73.6 44.7 25 10.7 8.9 7.8 6.6 6.3 5.9 4.5 2.4 -1.3 -1.3 -1.3 -1.3 -1.3 -1.3 -1.3 -1.3 -1.3 -1.3 -1.3 -1.3 -1.3 -1.3
170.9 172.4 177.9 191.1 201.2 209.9 218.2 226.6 229.8 232.8 239.8 241.8 251.6 257 255.8 241 235.1 229.5 226.2 228.5 215 189 175.8 166.9 164.1 163.9 160.9 143.7 141.1 145.4 136.5 114.8 106.8 104 95.1 96.3 111.8 92.3 88.3 84 82.4 82.9 85 82.8 81.4 84 90.5 98 97.9 92 90.7 84.3 86.8 99.5 99.5 94.7 57.2 37 20.5 10.1 8.4 9.4 9.6 9.4 7.9 8.3 7.1 2.7 -1.3 -1.3 -1.3 -1.3 -1.3 -1.3 -1.3 -1.3 -1.3 -1.3 -1.3 -1.3 -1.3 -1.3
171.8 176.6 193.2 202.7 212.6 224.4 233.9 236.5 238 241.6 250.8 260.7 270 274.7 264.8 249.7 241.8 228.1 227 226.6 205.1 176.7 161.1 155.9 165.7 156.7 137.6 136.2 136.5 123.5 114.5 102.3 98.6 93.5 101.4 100.5 94 86.6 80.1 79 80 82.6 80.4 80.2 80.4 86 91.7 94.3 95.8 94.8 95.2 92.2 70.6 74.4 70.9 69.4 27.9 13.6 10.2 9.1 7.8 9.5 10.5 11.2 11 9.9 9.4 3.6 -1.3 -1.3 -1.3 -1.3 -1.3 -1.3 -1.3 -1.3 -1.3 -1.3 -1.3 -1.3 -1.3 -1.3
185.8 193.6 210.2 218.9 224.5 235.7 248.4 256.1 259.2 262.5 274.7 280.3 280.2 281.3 252.9 245.7 227.7 225.3 223 216.6 192 167.4 152.4 141.4 145 130 127.8 122.1 114.3 108.5 97.4 92.3 91.1 95 98.4 90.5 83.3 76.7 75.3 76.5 78.2 76.3 77.2 79.6 82.7 90.4 95 96.4 97.2 97 102.2 90.2 83.8 62.9 37.5 21.7 11.1 10.7 10 9.9 9.9 9.7 11.9 11.8 10.8 8.9 8.7 6.9 -1.3 -1.3 -1.3 -1.3 -1.3 -1.3 -1.3 -1.3 -1.3 -1.3 -1.3 -1.3 -1.3 -1.3
196.2 207.5 224.6 234.6 238.9 243.5 248.5 258.1 274.3 286 286.3 283.6 269 255 247.3 230.8 223.5 224.3 229.4 222.3 186.8 173.5 145.4 132.4 124.5 119.5 114.2 107.6 99.4 91.4 88.7 86.2 91.3 92.3 84.3 78.1 73.2 71.7 72.9 72.3 72.3 74.7 77.5 83 93 98.6 99.2 100.3 103.2 111.2 118.8 96.3 83.7 46.1 19.7 13.8 12.2 11.4 11.2 11.2 11 11.2 11 11.2 9.4 8.2 7.4 7.3 -1.3 -1.3 -1.3 -1.3 -1.3 -1.3 -1.3 -1.3 -1.3 -1.3 -1.3 -1.3 -1.3 -1.3
221.1 225.5 241.9 249.3 251.9 256.6 263.8 279.6 288.9 298.5 278.8 265.9 253 238.8 231.7 220.2 220.4 229.3 218.6 198.3 183.9 163.2 139.1 124.1 116.5 111 108.6 97.2 90 84.6 82.3 86.1 84 79.2 72.4 69.3 68.4 69.1 68.9 69.4 74.5 81.7 89.2 97.1 103.1 105.4 105.1 105.9 95.4 93.5 93.5 76.3 44.1 16.3 11.1 11.1 10.7 10.8 11.1 11 11.1 10.2 10.7 9.1 8.1 7.1 7.4 3.1 -1.3 -1.3 -1.3 -1.3 -1.3 -1.3 -1.3 -1.3 -1.3 -1.3 -1.3 -1.3 -1.3 -1.3
234.2 247 257.6 268.5 271.3 278.7 278.8 264.6 263.8 262.4 253.1 245.7 235.4 232.4 231.8 219.3 216.9 211.7 198.7 175.4 159.6 145.3 129 117.8 112.9 108.5 103.1 102.6 92.1 82.5 82.6 81.2 73 68.2 66.6 65.9 66.2 65.3 66.1 73.7 84.2 93.6 103 108.7 113.2 119.5 114.5 110.5 95.5 81.9 68.3 34.4 20.7 9.4 9.1 9.6 10.1 9.9 10 10.6 8.8 9.2 8.4 7.6 6.1 1.4 0.8 -1.3 -1.3 -1.3 -1.3 -1.3 -1.3 -1.3 -1.3 -1.3 -1.3 -1.3 -1.3 -1.3 -1.3 -1.3
244.7 264.4 274.9 281.7 291.4 290.6 263 251.5 247.3 245.4 247.3 247.1 249.9 247.1 228.6 208.8 194.9 181.2 164.9 154.6 141.1 130 121.8 112.4 106.2 103.5 103.1 97.2 87.3 80.3 73.7 70.5 66.4 64.9 63.9 65.2 63.9 64.4 70.1 79.6 89.2 102.8 113.6 119.1 125.5 124.9 110.7 99.1 92.9 67.4 40.8 26.7 10 7.9 8.5 8.9 9.4 9.8 9.1 8.5 8.6 8.4 6.7 4.1 2.7 0.5 -1.3 -1.3 -1.3 -1.3 -1.3 -1.3 -1.3 -1.3 -1.3 -1.3 -1.3 -1.3 -1.3 -1.3 -1.3 -1.3
262.5 277.4 289.2 279.2 273.8 269.1 254.2 252.8 246.4 245.7 259.9 262.6 255.2 233.6 218.3 194.4 177.3 162.8 151.4 139 127.4 120.8 113.7 107.3 103.7 101.4 91.9 84.2 80.1 79.4 73.9 68.9 65.1 63.3 63 63.4 63.6 65.2 72.4 81 89.9 105 116.6 126.6 121.6 113.8 105.2 96.6 71.3 40.8 29.8 13 8.5 7.8 7.9 7.8 8 8.4 7.3 6.6 7.2 7.2 4.6 2 0.9 -1.3 -1.3 -1.3 -1.3 -1.3 -1.3 -1.3 -1.3 -1.3 -1.3 -1.3 -1.3 -1.3 -1.3 -1.3 -1.3 -1.3
275.1 285.3 278.2 263.8 258.6 256.5 254.4 249 248.2 257.3 265.8 256.1 247.6 229.4 220.3 186.7 171.4 153.8 141.6 130 121.1 116.2 111.3 105 95.7 86.4 79.7 78.2 75.6 73.7 72.5 68.2 63.7 65.1 63.3 61.7 63.4 66.5 71.7 82.1 89 103.7 121.2 113.7 100.6 109.8 92.7 54.3 38 26.3 16.8 9 6.3 6.2 6.4 6.9 6.5 6.3 5.4 5.6 5 4.6 1 -1.3 -1.3 -1.3 -1.3 -1.3 -1.3 -1.3 -1.3 -1.3 -1.3 -1.3 -1.3 -1.3 -1.3 -1.3 -1.3 -1.3 -1.3 -1.3
284.2 298.2 284 268.5 270.9 272 271.5 255.2 263.4 275.6 267.5 249.7 239.2 232.9 218.6 187.6 166 150.8 134.6 123.1 118 114.5 110.2 97.5 83.8 76.7 75.1 73.3 70.9 69.7 67.1 63 64.5 65.2 61.4 62.9 65.3 67.5 68.5 84 95.6 105.7 106.1 100.4 90 72 49.4 34.7 25.8 12 8.6 5.6 2.3 1.3 1.4 2.3 3.3 4.2 4.7 3.4 1.3 -1.3 -1.3 -1.3 -1.3 -1.3 -1.3 -1.3 -1.3 -1.3 -1.3 -1.3 -1.3 -1.3 -1.3 -1.3 -1.3 -1.3 -1.3 -1.3 -1.3 -1.3
293.7 303.4 279.2 278.1 279.3 270.9 261.8 260.1 271.2 270.9 263.6 252 251.2 238.6 209.8 184.9 166.1 145.6 127.3 121 116.8 112.5 98.4 82.4 74.8 71.2 70.3 67.6 66.7 63.9 62 61.5 62.3 60.8 60.1 62.8 65.6 64.2 66.4 83.5 100.9 101 91.1 69.8 52.3 38 34 22.7 10.9 8 5.4 2.1 -1.3 -1.3 -1.3 -1.3 -1.3 -1.3 -1.3 -1.3 -1.3 -1.3 -1.3 -1.3 -1.3 -1.3 -1.3 -1.3 -1.3 -1.3 -1.3 -1.3 -1.3 -1.3 -1.3 -1.3 -1.3 -1.3 -1.3 -1.3 -1.3 -1.3
303.1 286.9 278.9 279.7 280.6 268.9 265.6 269.4 269 270.9 257.7 255 252.5 233.1 189.6 173.9 159 138.8 124.7 120.3 114.5 105.5 82.1 73.5 68.8 66.3 65.2 64 61.7 61.6 59 58.9 55.4 54.6 58 60.4 61.4 60.3 62.6 80.9 93.9 79.8 54.1 41 35.4 30.4 21.9 9.5 7.3 5.4 4.1 -1.3 -1.3 -1.3 -1.3 -1.3 -1.3 -1.3 -1.3 -1.3 -1.3 -1.3 -1.3 -1.3 -1.3 -1.3 -1.3 -1.3 -1.3 -1.3 -1.3 -1.3 -1.3 -1.3 -1.3 -1.3 -1.3 -1.3 -1.3 -1.3 -1.3 -1.3
296.4 282.6 280.3 281.7 278.9 278.3 272.3 272.2 265.1 267.2 268.5 263.9 238.3 203.1 180.3 166.1 152.7 135.4 123 118.5 109.2 83.5 75.1 71 66.1 64.8 63.6 63.4 60.5 61.4 54.4 52.4 49.8 49.2 51.1 53.4 54.1 59.3 60.5 71 57.2 46.2 39.8 37.4 33.4 29.1 9.6 7.2 5 3.5 1 -1.3 -1.3 -1.3 -1.3 -1.3 -1.3 -1.3 -1.3 -1.3 -1.3 -1.3 -1.3 -1.3 -1.3 -1.3 -1.3 -1.3 -1.3 -1.3 -1.3 -1.3 -1.3 -1.3 -1.3 -1.3 -1.3 -1.3 -1.3 -1.3 -1.3 -1.3
291.3 280.7 281.2 290.3 279.9 282.8 271 268 267.5 274.7 276 256.2 221.2 187.7 178.9 156.9 149.1 134.8 123.2 109 86.2 74.7 71.4 67.5 64.3 62.7 61.9 63.1 61.2 59 51 46 44.8 46.6 48.8 46.5 47.7 51.1 53.5 47.3 42.8 44.6 42.4 37.7 34.8 25 7.3 4.1 2.3 1.2 -0.3 -1.3 -1.3 -1.3 -1.3 -1.3 -1.3 -1.3 -1.3 -1.3 -1.3 -1.3 -1.3 -1.3 -1.3 -1.3 -1.3 -1.3 -1.3 -1.3 -1.3 -1.3 -1.3 -1.3 -1.3 -1.3 -1.3 -1.3 -1.3 -1.3 -1.3 -1.3
274.5 279 279.8 279.8 287.5 279.5 277 276.9 279.1 282.1 275.1 245.2 206.4 176.2 154.4 147.3 139.7 128 115.5 97 79.8 71.8 69.8 66.7 63.5 62.7 63.8 64.4 57.1 50.2 45.2 40.7 43.2 46.5 45.2 47 38.5 41.6 44.9 42.6 42.8 49.4 43.8 40.8 33.9 7.3 2.7 -1.3 0.4 0.1 -1.3 -1.3 -1.3 -1.3 -1.3 -1.3 -1.3 -1.3 -1.3 -1.3 -1.3 -1.3 -1.3 -1.3 -1.3 -1.3 -1.3 -1.3 -1.3 -1.3 -1.3 -1.3 -1.3 -1.3 -1.3 -1.3 -1.3 -1.3 -1.3 -1.3 -1.3 -1.3
265 268.8 277.1 293.9 284.6 282.7 288.3 294.5 290 281.5 266.9 226.8 179.6 154.9 145.4 140 128.8 119.3 104 86.5 73.9 70.1 68.3 63 63.1 64.4 64.8 58.2 50.8 42.6 39.6 38.2 44 41.8 37.4 43.3 28.3 40.1 44.4 40.9 48.6 56 46.1 44.9 15.8 -1.3 -1.3 -1.3 -1.3 -1.3 -1.3 -1.3 -1.3 -1.3 -1.3 -1.3 -1.3 -1.3 -1.3 -1.3 -1.3 -1.3 -1.3 -1.3 -1.3 -1.3 -1.3 -1.3 -1.3 -1.3 -1.3 -1.3 -1.3 -1.3 -1.3 -1.3 -1.3 -1.3 -1.3 -1.3 -1.3 -1.3
261.3 277.2 288.3 280.8 285.2 290.5 295.9 299.1 294.2 275.8 238.7 203.9 163.3 143.4 138.8 132 122.2 109.5 93.1 78.4 70.1 68.9 66.8 63 63.3 62.8 58.4 50.6 40.8 38.1 35.6 40.7 39.6 32.6 29.5 22.1 23.2 29.6 26.6 37.1 52.5 43.8 38.2 7.9 -1.3 -1.3 -1.3 -1.3 -1.3 -1.3 -1.3 -1.3 -1.3 -1.3 -1.3 -1.3 -1.3 -1.3 -1.3 -1.3 -1.3 -1.3 -1.3 -1.3 -1.3 -1.3 -1.3 -1.3 -1.3 -1.3 -1.3 -1.3 -1.3 -1.3 -1.3 -1.3 -1.3 -1.3 -1.3 -1.3 -1.3 -1.3
258.6 265.1 278.4 286.1 296.9 298.2 299.4 298.2 274.1 252.5 233.4 180.7 151.5 139 131.1 125.2 116.8 101.4 85.3 74.9 74.7 72.7 69.7 62.7 60.8 58.2 49.5 40.1 33.5 32.5 38 36.9 30.7 23.8 17.3 15.1 16.6 15.5 21.2 31.8 34.3 24.3 8.4 -1.3 -1.3 -1.3 -1.3 -1.3 -1.3 -1.3 -1.3 -1.3 -1.3 -1.3 -1.3 -1.3 -1.3 -1.3 -1.3 -1.3 -1.3 -1.3 -1.3 -1.3 -1.3 -1.3 -1.3 -1.3 -1.3 -1.3 -1.3 -1.3 -1.3 -1.3 -1.3 -1.3 -1.3 -1.3 -1.3 -1.3 -1.3 -1.3
258.3 268.1 285.9 293.6 304.1 300.6 292.6 272.1 249.6 248.6 196.8 165.2 144.3 136.3 127.9 120.3 108.3 95.8 83.6 80.1 82.5 80.8 74.7 66 57.3 47.1 44.1 37.1 35.2 26.8 35.2 30.9 23.9 15.1 13.5 11.2 10.8 10.1 9.9 9.1 7.1 -1.3 -1.3 -1.3 -1.3 -1.3 -1.3 -1.3 -1.3 -1.3 -1.3 -1.3 -1.3 -1.3 -1.3 -1.3 -1.3 -1.3 -1.3 -1.3 -1.3 -1.3 -1.3 -1.3 -1.3 -1.3 -1.3 -1.3 -1.3 -1.3 -1.3 -1.3 -1.3 -1.3 -1.3 -1.3 -1.3 -1.3 -1.3 -1.3 -1.3 -1.3
259 258.7 282.1 296.6 304.1 281.7 258 242.9 241.4 216.1 167.8 152.3 139.9 131.3 124.6 116.6 105.4 94.2 86.8 91 94 90.7 76.1 66.4 51.8 43.1 38.6 36.7 36 29.3 26.8 21.9 15.7 8.6 7.8 6.7 6.6 5.5 1.2 0.8 -1.3 -1.3 -1.3 -1.3 -1.3 -1.3 -1.3 -1.3 -1.3 -1.3 -1.3 -1.3 -1.3 -1.3 -1.3 -1.3 -1.3 -1.3 -1.3 -1.3 -1.3 -1.3 -1.3 -1.3 -1.3 -1.3 -1.3 -1.3 -1.3 -1.3 -1.3 -1.3 -1.3 -1.3 -1.3 -1.3 -1.3 -1.3 -1.3 -1.3 -1.3 -1.3
262.7 253.7 270.4 276.3 268.3 254 238 232.4 200.8 169.8 155.1 138.5 128.6 122.8 117.5 109.2 101.2 98.8 101.5 106.8 101.8 87.8 71.6 55.4 46.4 39.9 37.4 35.1 34.4 31.1 24.6 17.7 9.9 8.9 3.2 2.5 -1.3 -1.3 -1.3 -1.3 -1.3 -1.3 -1.3 -1.3 -1.3 -1.3 -1.3 -1.3 -1.3 -1.3 -1.3 -1.3 -1.3 -1.3 -1.3 -1.3 -1.3 -1.3 -1.3 -1.3 -1.3 -1.3 -1.3 -1.3 -1.3 -1.3 -1.3 -1.3 -1.3 -1.3 -1.3 -1.3 -1.3 -1.3 -1.3 -1.3 -1.3 -1.3 -1.3 -1.3 -1.3 -1.3
276.9 254.6 250.9 248.2 245.1 232.9 211.7 194.8 178 158.1 139.5 126.9 122.2 117.8 112.2 110.2 110.1 111.4 112.5 108.3 95.9 80.7 64.3 49.5 42.1 39.1 37.9 35.9 28.6 25.3 21.4 19.4 12.8 5.9 1.2 -1.3 -1.3 -1.3 -1.3 -1.3 -1.3 -1.3 -1.3 -1.3 -1.3 -1.3 -1.3 -1.3 -1.3 -1.3 -1.3 -1.3 -1.3 -1.3 -1.3 -1.3 -1.3 -1.3 -1.3 -1.3 -1.3 -1.3 -1.3 -1.3 -1.3 -1.3 -1.3 -1.3 -1.3 -1.3 -1.3 -1.3 -1.3 -1.3 -1.3 -1.3 -1.3 -1.3 -1.3 -1.3 -1.3 -1.3
284.3 266 238.3 235.8 218.4 203.2 192.7 181.5 163.5 140.8 127 121.6 118.9 119.6 120.6 120.1 123.5 120.5 114 103.2 87.3 68.1 54.6 45.6 39.2 37.8 37 31.5 24.1 19.8 17.3 16.4 9 2.7 -1.3 -1.3 -1.3 -1.3 -1.3 -1.3 -1.3 -1.3 -1.3 -1.3 -1.3 -1.3 -1.3 -1.3 -1.3 -1.3 -1.3 -1.3 -1.3 -1.3 -1.3 -1.3 -1.3 -1.3 -1.3 -1.3 -1.3 -1.3 -1.3 -1.3 -1.3 -1.3 -1.3 -1.3 -1.3 -1.3 -1.3 -1.3 -1.3 -1.3 -1.3 -1.3 -1.3 -1.3 -1.3 -1.3 -1.3 -1.3
278.3 259.1 230.9 208.9 202.5 192.3 186.6 172.4 150.2 132.3 121.9 121.3 128.2 133.7 133 129.4 126.6 120.7 112.8 96 75.5 60.9 50.2 42.7 37.5 35.2 32.8 26.4 20.9 16.4 13.9 10.6 6 1.1 -1.3 -1.3 -1.3 -1.3 -1.3 -1.3 -1.3 -1.3 -1.3 -1.3 -1.3 -1.3 -1.3 -1.3 -1.3 -1.3 -1.3 -1.3 -1.3 -1.3 -1.3 -1.3 -1.3 -1.3 -1.3 -1.3 -1.3 -1.3 -1.3 -1.3 -1.3 -1.3 -1.3 -1.3 -1.3 -1.3 -1.3 -1.3 -1.3 -1.3 -1.3 -1.3 -1.3 -1.3 -1.3 -1.3 -1.3 -1.3
255.2 242.6 221.3 197.8 183.6 178.9 171.8 157.6 142.9 124.2 123 132.6 141.6 139.6 135.9 129.7 124.1 114.3 98.6 80.3 66.1 57 46.7 39.1 34.5 32.9 25.4 24.1 20.1 15.6 12.7 8.2 3.5 -1.3 -1.3 -1.3 -1.3 -1.3 -1.3 -1.3 -1.3 -1.3 -1.3 -1.3 -1.3 -1.3 -1.3 -1.3 -1.3 -1.3 -1.3 -1.3 -1.3 -1.3 -1.3 -1.3 -1.3 -1.3 -1.3 -1.3 -1.3 -1.3 -1.3 -1.3 -1.3 -1.3 -1.3 -1.3 -1.3 -1.3 -1.3 -1.3 -1.3 -1.3 -1.3 -1.3 -1.3 -1.3 -1.3 -1.3 -1.3 -1.3
240.6 221 208.4 188.5 171.4 155.4 151 145.7 132.7 124.1 131.4 140.9 142.3 140 132.4 126.3 117.8 106 86.5 72.1 62 54.2 45.2 37 33.9 31.3 24.8 20.4 16 14.3 10.7 6.8 -1.3 -1.3 -1.3 -1.3 -1.3 -1.3 -1.3 -1.3 -1.3 -1.3 -1.3 -1.3 -1.3 -1.3 -1.3 -1.3 -1.3 -1.3 -1.3 -1.3 -1.3 -1.3 -1.3 -1.3 -1.3 -1.3 -1.3 -1.3 -1.3 -1.3 -1.3 -1.3 -1.3 -1.3 -1.3 -1.3 -1.3 -1.3 -1.3 -1.3 -1.3 -1.3 -1.3 -1.3 -1.3 -1.3 -1.3 -1.3 -1.3 -1.3
199.8 190.9 186.7 175.6 160.7 147 143.5 135.3 127.6 127.9 132.7 138 136.9 130 123 116.7 106.3 87.3 73.3 66.6 59.5 52.1 43.7 38 32.8 28.6 23.4 20.5 15.9 12.9 7.1 1.7 -1.3 -1.3 -1.3 -1.3 -1.3 -1.3 -1.3 -1.3 -1.3 -1.3 -1.3 -1.3 -1.3 -1.3 -1.3 -1.3 -1.3 -1.3 -1.3 -1.3 -1.3 -1.3 -1.3 -1.3 -1.3 -1.3 -1.3 -1.3 -1.3 -1.3 -1.3 -1.3 -1.3 -1.3 -1.3 -1.3 -1.3 -1.3 -1.3 -1.3 -1.3 -1.3 -1.3 -1.3 -1.3 -1.3 -1.3 -1.3 -1.3 -1.3
180.5 174.1 166.7 158.4 146.4 139.8 135.5 132.9 132.3 128.8 132 129.1 124.8 121.7 112.8 101.1 86 75.1 70.7 65.9 58.8 49.8 43 37.2 34.7 30.9 26.4 23.2 18.9 10.5 2 -1.3 -1.3 -1.3 -1.3 -1.3 -1.3 -1.3 -1.3 -1.3 -1.3 -1.3 -1.3 -1.3 -1.3 -1.3 -1.3 -1.3 -1.3 -1.3 -1.3 -1.3 -1.3 -1.3 -1.3 -1.3 -1.3 -1.3 -1.3 -1.3 -1.3 -1.3 -1.3 -1.3 -1.3 -1.3 -1.3 -1.3 -1.3 -1.3 -1.3 -1.3 -1.3 -1.3 -1.3 -1.3 -1.3 -1.3 -1.3 -1.3 -1.3 -1.3
161 157.3 153.1 143 138.7 132.5 134 143.5 147.7 133.6 127.1 122.4 112.7 106.8 97.5 86 77.3 74 70.7 66.1 56.1 44.7 41.8 40 38.3 37.3 33.2 29.4 22.5 9.3 -1.3 -1.3 -1.3 -1.3 -1.3 -1.3 -1.3 -1.3 -1.3 -1.3 -1.3 -1.3 -1.3 -1.3 -1.3 -1.3 -1.3 -1.3 -1.3 -1.3 -1.3 -1.3 -1.3 -1.3 -1.3 -1.3 -1.3 -1.3 -1.3 -1.3 -1.3 -1.3 -1.3 -1.3 -1.3 -1.3 -1.3 -1.3 -1.3 -1.3 -1.3 -1.3 -1.3 -1.3 -1.3 -1.3 -1.3 -1.3 -1.3 -1.3 -1.3 -1.3
152.8 143.9 140 135.6 134.3 129.7 134.8 142.8 142.1 138.7 120.3 109.4 100.2 92.1 85.3 81 78.9 75 70.9 65.5 51.3 45.9 45.5 45.4 42.7 43.4 41.8 36.3 25.3 2 -1.3 -1.3 -1.3 -1.3 -1.3 -1.3 -1.3 -1.3 -1.3 -1.3 -1.3 -1.3 -1.3 -1.3 -1.3 -1.3 -1.3 -1.3 -1.3 -1.3 -1.3 -1.3 -1.3 -1.3 -1.3 -1.3 -1.3 -1.3 -1.3 -1.3 -1.3 -1.3 -1.3 -1.3 -1.3 -1.3 -1.3 -1.3 -1.3 -1.3 -1.3 -1.3 -1.3 -1.3 -1.3 -1.3 -1.3 -1.3 -1.3 -1.3 -1.3 -1.3
153 144.5 134.7 129.3 125.4 127.4 135 133.6 124.5 116.5 106.1 96.9 90.9 86.6 84.4 82.4 80.6 73.7 69.2 59.2 47.6 46.9 45.6 47 45.3 44.8 39.8 29.2 4.3 -1.3 -1.3 -1.3 -1.3 -1.3 -1.3 -1.3 -1.3 -1.3 -1.3 -1.3 -1.3 -1.3 -1.3 -1.3 -1.3 -1.3 -1.3 -1.3 -1.3 -1.3 -1.3 -1.3 -1.3 -1.3 -1.3 -1.3 -1.3 -1.3 -1.3 -1.3 -1.3 -1.3 -1.3 -1.3 -1.3 -1.3 -1.3 -1.3 -1.3 -1.3 -1.3 -1.3 -1.3 -1.3 -1.3 -1.3 -1.3 -1.3 -1.3 -1.3 -1.3 -1.3
144.1 139.8 131.6 119.6 122 122.9 123.9 120.9 114.9 103.8 104 97.1 89.3 85.8 83.4 80.7 75.2 70.7 63.1 55.4 50.2 47.6 48.8 47.8 43.8 40.4 24.3 8.6 -1.3 -1.3 -1.3 -1.3 -1.3 -1.3 -1.3 -1.3 -1.3 -1.3 -1.3 -1.3 -1.3 -1.3 -1.3 -1.3 -1.3 -1.3 -1.3 -1.3 -1.3 -1.3 -1.3 -1.3 -1.3 -1.3 -1.3 -1.3 -1.3 -1.3 -1.3 -1.3 -1.3 -1.3 -1.3 -1.3 -1.3 -1.3 -1.3 -1.3 -1.3 -1.3 -1.3 -1.3 -1.3 -1.3 -1.3 -1.3 -1.3 -1.3 -1.3 -1.3 -1.3 -1.3
