data/190000-670000.asc
ncols 200
nrows 200
xllcorner 190000
yllcorner 670000
cellsize 50
[rows 72 to 107 of 200, columns 81 to 161 of 200]
151.1 156.6 163.8 170.6 176.5 180.6 182 179.4 176.7 174.3 171.3 167.5 165.2 163.9 169.9 170.8 172.5 182.1 190.7 201.3 214.2 221.8 243 252.2 262.5 267.2 251 251.3 257.9 264.2 268.8 275.2 280 280.8 280.8 279.1 273.5 270.7 271.4 274.4 283.3 289.6 289 291.5 293.3 295.5 296.9 297 296.7 297.8 299.5 299.4 301.1 300.6 299.6 302.4 302.5 299.6 300.8 303.8 306.3 309 309.4 309.2 308.6 309.2 308.9 308.9 309.1 310.8 314.2 324.1 336 341.6 341.9 350.3 359.7 364.8 369.1 373.1 370.9
157.2 165.4 171.8 178.3 185.6 191 192.5 189.3 185.8 182.6 177.9 173 171.3 168.4 172.6 174.4 176.6 181.7 189.8 200.9 210.7 218 228.6 249.5 258.4 256.8 244.8 250.7 257 265.2 272.5 275.2 278.6 280.8 279.5 281.8 278.3 270 268.3 269.3 280.3 285.6 288.9 290.8 295 298.2 299.4 299.5 299.6 303 305.1 306.8 307.4 306.1 306.2 307.9 307.2 305.5 305.9 309.5 309.5 310.7 310.7 311 310.8 310.2 311.2 312.8 313.7 316.1 322.2 335.9 347 355.3 354 360.3 364.9 368.5 375.1 380.2 376.3
166.4 173.9 180.2 186.3 193.3 198.4 199.9 195.9 191.9 189.3 182.5 175 172 169.1 174.8 179.3 179.6 183.5 189.9 201.7 209.4 215.3 225.1 237.4 247.8 245.7 239.8 246 255.7 266.9 280.4 278.9 279.7 278.1 279.6 285.7 276 267.6 264.9 264.8 277.2 280.3 285.2 290.6 294.1 299.3 300.8 300.5 303.8 309.1 311 311.5 310.4 309.7 310.5 310.9 311.1 310.7 310.4 311.1 311.5 311.7 313 313.2 313.7 314.9 316.8 318 318.6 319.2 327.6 338.2 354.1 363.7 360.4 363.5 369.7 376.2 384.1 389 383.5
172.5 181 188.6 194.3 202 207.8 208.1 201.6 197.5 195.7 190.4 180.9 175.7 173.8 177 180.1 182.2 185 190.5 199.3 207.8 212.6 220.4 227.7 236.4 235.7 237.2 246.3 256.1 267.4 278.9 282.3 273.6 272.4 276.6 284.7 270.7 263.9 260.7 261.8 269.3 276.6 279 285.7 291.3 300.8 300.8 300.7 307.1 311.2 313.4 316.3 317 313.2 313.8 313.6 312.7 311.7 311.1 311.1 312 313.2 315.2 316.6 318.1 321 320.2 319.7 322.7 325.4 329.4 338.5 354.9 365 361.5 365.4 371.7 378.4 389.9 395.8 390.9
178.1 189.8 195.3 199.7 209 214.9 213.7 204.4 203.4 200.9 195.8 188.8 179.4 178.2 178.8 180.3 182.1 185.3 189.6 199.3 204 209.7 216 219.9 222 227.5 237.9 247.4 257.5 268.8 280.8 279.8 269 269.5 272.2 275.3 263.1 259.7 256.3 257.1 263.8 270.4 272.7 277.6 293.8 300.5 299.7 299.2 305.2 312 318 321 321 316.4 315.5 314.2 312.9 311.9 311.1 311 311.4 313 316 319.8 320.3 321.9 323.9 325.1 327.9 333.4 339.4 341.7 354.4 363.4 364.8 367.3 372 378.6 387.2 393.4 383
184.1 192.2 198.3 205.6 215.9 220.7 217.1 208 204.4 202.5 198.2 192.5 182.7 178.2 178.6 180.2 181.9 185.1 188.8 193.9 201 205.7 211 212.7 216.2 229 243.2 251.6 259.7 266.7 272.6 272.4 263.5 267.9 271 265.7 258.5 255.5 250.6 252.7 258.1 265 266.7 273.4 290.4 291.6 292.8 297.9 306.5 315.2 321.6 320.9 320.1 317.5 315.9 313.7 311.8 311.1 311.1 310.5 310.9 313.6 317.6 320.7 322.5 325.1 328.5 331.8 336.2 344.1 348.6 352.2 353.3 360 361.4 366.3 371.6 377 385.3 386.6 376.7
189.1 195.2 203.2 211.9 221.4 221.5 217.8 209.2 204.6 202.5 199.4 192.7 184.4 178.8 178.8 180 181 183.7 189.7 193.3 198.2 203 207.5 209.9 217.9 236.9 247.4 257.6 264.5 266.3 266.4 265 258.8 261.5 267.1 256.5 253.3 250.3 247.2 246.1 251.8 256.8 260.7 267.3 277 284.1 288.1 298.1 309.4 318.9 327.6 328.9 320 318.3 316 313.8 311.6 310.1 310.2 309.9 311.9 316 320.1 322.6 323.9 328.8 337.1 341 346.4 354.8 360.6 361.6 360.6 359.5 362.9 367.4 370.5 375.5 377.9 372 359.2
190.1 196 204.7 210 225.7 225 217.6 209.5 204.7 202.2 198.4 191.5 185.3 179.6 180.3 180.3 181.2 184.4 189.7 192.3 196.5 200.7 204.8 209.1 216.6 232.6 249.2 266.9 270.3 272 269 260.8 256.6 254.6 257.2 249.8 246.8 245.3 240.1 239.9 245.3 251.3 254.3 261.9 272.1 278.4 287.7 302.6 311.5 317.2 322.6 322.6 319.1 316.9 315 312.4 310.6 310.6 309.6 310.3 312.7 317.6 322.2 323.5 327.1 334.4 346.6 353.1 362.5 369.7 372.2 371.2 365.1 362.5 366.6 369.7 373.9 377.9 378.9 372.2 363.4
189.4 195.5 202 208.9 222.4 220.7 216.5 209.9 203.7 200.7 196.6 190.4 186 180.3 180.1 183.1 183.3 185.3 190 194.5 197.8 202.3 204.2 208.2 215 224.6 245.8 262 268.3 271.9 270.8 269.8 259.9 247.4 246.9 245.1 241.2 238.5 235 233.5 239.9 245.6 249.7 257.7 266.2 271.9 284.3 304.5 307.9 313 316.9 318.8 315.2 313.3 312.2 312.2 309.8 302 304.3 310.5 314.7 319.4 323.6 325.6 331.5 342.9 358.2 364.6 370.7 377.6 380 376.7 369.7 369.2 373.7 378.3 378.3 382.6 385.1 381.3 370.3
190.8 196.8 202.8 208 213.1 214.9 212 209 202.7 199.6 195 190.1 185.5 181 182.3 184.4 185.7 187.3 190.7 196.1 202.3 205 206.5 208.5 212.7 216 231.7 251.6 257.2 264.2 269.3 272.5 266.3 247.9 240.9 241.8 238.7 233.1 229.6 229.5 235 239.9 243.5 251.4 256.3 265.5 280.2 299.4 304 308.6 311.7 310.4 308.9 310.8 311.5 311.8 311.1 300.1 302.6 310.3 316.5 321.1 323.5 328 335.1 347.5 365.2 370.2 376.2 384.4 388.5 383 377.3 377.3 380.3 380.5 384.5 390.3 392.9 389 370.8
194.2 198.5 204.2 209.3 209.7 209.7 207.7 208.2 201 196.6 192.6 190.1 186.3 182.3 183.1 184.7 187.2 188 190.4 198.2 211.1 209.2 209.4 210.2 211.2 211.7 217.9 232.4 244.7 253.5 264.8 267.3 262.5 248.5 235.2 234.8 234.9 226.5 225.7 223.7 226.5 233.3 238.3 244.6 253.5 265 281.4 294 299.9 303.9 305.3 303 299.3 308 308.1 308.9 310 299 302.4 309.1 313.7 318.2 323.6 329.5 338.5 350.3 365.4 374 382 391.5 391.2 388.2 383.7 383.3 382.1 383.8 388.9 391 393.9 388.1 368.2
198.3 201.6 206.8 212.9 217.4 207.9 201.7 200.8 198.7 194.2 190.1 188.4 185.5 183.2 182.2 182.4 187.5 188.8 189.6 199.8 216.3 220 219.4 214.5 214.8 210.2 209.2 215.6 229.8 238.2 256.2 267 254.9 241.8 235.4 230.1 231.3 223.4 220.8 220.3 223 230.9 233 239.5 251.9 258.9 272.6 285.6 293.4 300.8 298.6 294.3 289.3 298.1 298.4 299.6 289.9 297.6 302.7 307.2 311.7 317 323.9 332.3 342.7 354.4 366.4 375 385.7 390.7 391 388.9 390.4 388.2 383.8 386.3 389.7 389.2 388.7 380.1 361.2
203.6 205.3 208.9 219.3 221.2 217.6 199 198.1 194.9 192.5 189.5 187.6 185.3 182.9 183.1 183 188.3 188.7 190.5 196.2 213.2 221 221 219.8 219.9 217.1 210.1 208 213.2 228.2 243.3 250.7 244.1 235.9 235.1 227.8 231.7 222.6 213.1 214.9 222.3 226.3 229.4 238 249 256.8 269.8 281.3 289.2 296.1 295.6 280.5 278.8 283.3 289 287 289.5 296.2 301.1 305.4 309.8 316.9 325 339.8 354.8 364.4 372.2 378.8 387.8 390.2 393.1 392.2 392.8 392.7 391.1 389.8 390.7 389.4 384.7 376.5 370.3
208.5 209.8 210 222 226.7 219 200.2 193.6 191.7 190.3 189.1 187.1 184.2 182.1 184.3 184.9 188.2 189.5 191.1 195.2 203.7 217 221 220.1 220.9 220.4 211.4 206.6 204.3 213.9 228 233 235.7 233.9 234.9 223.3 220.8 214 210 216.8 222.5 226.9 232.5 239.9 249.4 259.3 269.5 280 285.2 287 278.5 271.4 273.6 276.8 279.8 281.5 292 297.8 301.3 304.7 310 317.9 330.3 346.3 364.4 374 381.4 391.3 393.4 396.2 399.9 400.5 398.1 398.5 402.4 404.7 388.7 379.7 376.3 367.7 354.5
210.6 209 211.7 225 231 227.4 202.8 194 190.8 188.8 187.6 186.9 185.1 184 187.3 188.6 189.4 191.1 191.5 194.2 201 209.4 221.1 221.1 221.2 219.9 214.1 204.5 198.9 205.4 214 219.5 224.1 235.1 238.3 219.8 209 205.3 212.8 218.5 222.1 227 235.4 242.9 252.3 263.7 271.8 280.7 281.5 279.7 273.4 270.4 270.8 270.2 273.2 282 290.1 295.6 301.9 304.9 310.1 317.6 335.5 354.5 369.2 378.8 386.1 398.2 399.6 400.3 406.3 407.2 400.9 405 415.6 421.2 404.2 387.5 370.7 366.4 337.7
211.1 209 215.3 225.5 229.2 226.5 207.6 197.1 189.6 187.7 182.9 184.5 184.5 185 188.3 192.3 194.8 194 194.6 195.9 198 206.2 216.4 221.2 220.2 230.4 215.7 204.8 198.4 199.3 204.4 211 221.2 230.7 221.4 211.8 204.1 201 213.1 218.4 223.4 230.1 239.7 246.8 253.5 259.6 271.2 279.2 280.4 273.5 266.6 262.4 267.1 270.6 277.1 282.6 288.4 300.5 301.2 305.3 311.1 325.3 344 361.6 373.3 379.4 388.5 398.5 399.1 401.6 410.9 410.5 408.4 407.5 427.2 429.5 407.1 390.1 361.9 348 328.2
211 212.4 219.7 226.5 230.5 224.9 209.2 197.6 187.8 183.6 180.8 184 183.5 185.7 193.1 199.4 199.6 197.2 197.8 198.7 198.4 202.5 212.8 217.5 219.2 219.7 211.2 205.3 198 197.9 200.6 206.8 223 221.9 214.4 206.5 199.2 198.7 211.5 217 223.7 232.2 242.7 248.3 254.3 263.6 268.1 270.7 271.3 265.9 259.8 260.6 266.4 272.1 276.7 281.4 286.1 299.1 298.7 303.8 313.2 330 349.4 363.9 369.6 378.7 378 393.3 397.6 408.4 410.9 409.8 409.1 410.5 429.2 431.8 404.2 383.3 368.9 339.3 322
211.4 218 228 236.7 234.3 225.8 211.7 202.9 188.4 183.2 182.3 183.1 185.1 187.5 194.6 209.5 211.3 203 201.4 200.7 200.2 200.9 205.1 210.7 213.1 212.8 208.9 201.4 196.8 194.5 196.1 205.8 216.8 214 208 202.9 198.4 198.9 210.5 217.1 224.2 234.4 243.3 249.7 255.9 268.1 270.3 265 261.4 257.5 259 260.9 267.8 272.5 277 282.2 286.1 291.4 296.4 305.6 317.3 332.8 347.6 358.5 363.6 369.8 371.8 389 390.9 410.2 409.1 411.9 415.4 411.8 427.3 414.1 392.3 377.9 365.8 334.7 317.3
212.5 224.8 240.4 249.2 244.1 234.4 217.1 205.4 187.5 181.1 179.9 180.7 185.3 189.5 204.5 216.2 217.6 217.6 207.1 205.5 208.2 204.5 199.1 204.1 206.6 208.5 205 199.5 192.6 191.2 194.2 198.9 211.1 208.8 203.3 196.3 194 199.7 210.6 217.3 225.7 235.9 242.9 248.7 256.1 259.7 262 258.8 256.4 251.8 251.5 264.1 276.1 279.2 278.5 279.5 283.5 288 294.4 304 318 332.1 343.7 352 356.8 360.5 371.3 377.6 391.7 405.7 406.9 417.3 421.4 407.1 417.8 401.8 386.6 367.5 349.7 337.7 317.3
212.3 229.4 247.8 252.3 246.5 232.7 220.8 205.8 188.6 179.3 178.1 180.7 185.3 199.3 207.8 210 208 214.1 208.8 206.2 210.3 207.8 200.6 200.2 200.2 201.3 199.2 194 189.3 190.8 196.6 197.9 202.9 202.1 196.2 190.9 193.7 202.6 210.6 216.9 225.8 235.1 242.4 249.1 252.4 255.7 260.8 255.8 251 247.9 256 268.6 279.6 278.6 276.1 277.9 279.5 285.4 290.4 310.5 325.5 331.5 339.7 347.5 352.5 355.5 361.8 374.1 391.6 402 413.2 412.5 405 403.3 414.9 402.8 380.6 360.1 350.9 341.5 312.8
213.5 225.4 240.6 248.9 245.4 235 224.9 215.4 193.3 178.4 177.9 180.2 186.5 202.4 205.5 206.3 204.1 202.4 201.1 204.1 208.5 208.6 203.2 193.7 194.5 194.7 192.8 187.7 188.6 194.3 200.2 198.5 195 195.9 191.7 189.6 195.7 201.2 208.9 216 225.4 234.4 242.1 250 250.9 248.9 249.7 249.4 247.7 246.5 258.8 269.8 274.5 272.1 269.5 269.8 277.9 282.3 294.4 321.7 335.8 338.1 346.7 348.8 350.9 353.5 359.6 370.3 392.4 400.2 415.2 403.1 392 399.7 409.9 391.6 355.7 349.9 344.2 319.4 307.4
216.1 226.5 238 245.2 249 245.3 240.1 222 194.3 177.9 177.9 181.4 188.5 201.9 204.9 205.7 202.8 198.8 199.5 208.9 210.6 210.2 203.5 195.1 189.8 189 185.7 179.5 187.9 199.9 201.1 195.4 189.2 187.9 185 189.6 193.8 197.4 205.5 215.4 227.2 236 242.6 249 248.8 246.7 242.8 241.9 240.8 246.3 260.6 270.2 271.2 267.8 267.3 271.4 278.1 284.3 300.5 325 335.5 348.6 354.2 354.6 350.6 352.1 355.5 360 381.2 389.2 407.2 393.2 371.4 391.4 387.4 355.1 347.6 345.3 328.9 309.1 300.1
219.5 222.7 230.1 241 244.3 247.7 248.6 222.9 190.6 176.1 176.1 178.1 185.5 196.8 206 207.8 198.2 195.7 200.9 213.3 220.3 219.6 208.3 199.8 187.8 184 179.6 180.3 193 202.1 198.4 190.7 184.3 182.4 181.6 184.7 191.4 195.1 203.5 215.3 228.8 236.4 241.3 245.3 245.1 240.1 238.8 238.5 238.4 245.1 261.3 270.8 270.8 262.2 263.1 271 278.8 286.6 304.3 322.1 335.6 355 361 360.1 350.9 351.3 350.3 358.3 366.4 383.6 392 374.1 359.2 364.7 354.4 339.6 338.9 320.1 309.9 299.1 293.7
217.8 218.1 219.6 234.6 244.7 240 240.7 206.8 185.7 174.8 170.1 173.6 179 190 194.7 193.9 189.8 194.8 204.6 216 225.1 224.8 215.8 203.5 189.8 183.1 178.2 177.9 201.5 211.8 195.8 186.4 179.1 178.7 178.3 180.1 186.9 193.3 202.3 213 224.3 236.2 240.9 242.1 240 236 235.6 237.8 239 246.4 256.7 265 270.2 258.6 263.1 270.3 278.7 288.9 303.6 317.5 329.4 348.6 359.7 359.5 350.7 350.1 350.1 355.6 360.8 369 373.1 352 342.3 332.3 327.7 322.7 314.9 306 296.4 290.8 287.4
211.8 211.9 210.2 231.6 237.9 232.7 229.5 196.1 182.3 171.8 170.2 170.3 175.4 183.1 182.5 179 174.9 189.9 204.4 215.1 232.1 229.2 221 208.2 193.3 184.4 178.8 178 198.5 207.2 191.5 182.9 179 175.7 177.7 179 184.8 191.9 200.7 211.5 221.6 234.8 239.9 238.8 236.7 229.4 231.2 237.2 240.8 246.2 251.1 259.3 260.8 250.2 260.5 268.6 276.9 287.6 302.6 315.6 326 335.2 348.8 352.6 349.3 350.2 350.2 351 353.1 346.1 349.1 336.3 327.4 319.2 312.5 306.1 299.6 293.7 283 279.6 282.9
211.7 211.2 207.2 208.5 223.8 217 212.3 183.4 173.1 163.6 168.3 170.4 168 170.9 168.1 167.5 173.2 188.3 199 219.4 230.2 229 224.2 208.4 195.4 183.9 178 172.7 188.7 197.4 189.3 183 177.8 175.3 177.9 178.3 183.3 190.4 198.8 212.2 221.6 232.6 235.1 232.6 231.8 229.6 233 236.6 239.3 241.6 246.2 250.2 253.8 250.8 258.6 269.1 276.7 284.3 300.5 310.3 320.1 330.1 339.4 346.1 349.3 350.7 351.3 349.7 346 340.1 336.3 330 326.7 322 314.4 301.4 289.9 282.7 278 278.8 282.7
211.8 211.2 204.6 199.4 202.6 201.7 189.7 171.7 162.3 156.9 162.7 162.9 158.6 158 158.4 163 175.8 187.6 205 222.9 225.1 224.5 220.4 211.2 194.3 179.4 172.6 173.3 178.5 190.9 188.7 183.2 177.7 175 178.9 177.7 182.7 189.1 197.8 209 216.7 226.9 228.1 226 225.1 229.5 230.6 233.1 233.5 235.7 240.3 244.4 240.5 252.1 262.5 274.4 284 294.9 305.2 316.4 326.7 334.4 339.6 344.9 351.5 358.6 357.4 352.2 348.3 344.5 340.6 336.6 331 325.2 316.7 299.4 288 279 278 279.3 288.4
209.5 207.7 203.4 194 194.2 184.7 172.9 162.7 150.4 148.9 157.7 157.2 151.7 151 154.1 164.8 175.9 187.2 204.3 217.7 219.6 220.8 216.8 210.7 196.4 179.9 171.8 170.3 170.5 182.7 183.1 181.7 177.3 171.9 179.8 180.7 182.3 188.6 196.8 203.9 210.2 216.2 218.5 219.6 219.1 225.8 230.5 229.7 229.5 232.4 235.6 238 238 249.9 265.3 279.6 292 303.5 313.1 327 338.9 341 342.4 342.7 354.5 366.8 364.8 359.7 361 354.6 345.3 341.5 328.9 321.5 314.1 302.9 289.5 280 277.8 278.4 289.9
201.1 202 197.1 187.1 185.1 172.6 164.2 154 145.6 141.9 147.4 150.8 147.3 147.9 152.5 163.1 173.3 188.6 202.6 209.3 210 217.7 216.8 209.5 197.2 179.4 172.3 168.7 170.5 177.5 181.1 179.4 174.9 171.9 177.6 181.3 181.4 186 191.9 199.4 200.5 209.2 209 220.1 222.1 227.6 230.5 226.9 224.6 227.4 230.6 230.8 234.3 249.7 270.5 289.3 300.9 309.6 321.3 332 340.9 339.6 341.9 344.9 356.6 373.9 363.3 359.2 371 370.6 348.6 341.1 333.4 323.7 317.1 307.5 294.7 279.6 277.9 275.1 280.1
192 196.1 187.1 178.6 171.4 162.1 155.2 148.4 143 138.7 140.3 143.9 142.2 146.1 150.9 157.5 166.6 185.2 195 198.6 210.3 217.9 221.6 218.7 209.6 176.2 169.8 165 167.2 173.6 176.2 175.7 170.6 170.5 176.4 179.4 179.9 183.5 192.8 201.4 206.4 213 218.2 225.7 226.8 229.5 229.7 226.4 219.7 221.1 225.1 229 234.7 249.8 275.2 297 304.9 320.2 330.5 336.2 340.5 339.9 340.4 345.9 355.4 365.6 353.8 356.2 363.9 366.9 348.7 338.9 334.6 328.1 322.6 315.1 302.6 285.4 274.6 270.6 275.4
182.3 186.3 178.3 167.4 158.2 151.7 148 144.6 138.9 138 138.2 138.4 138.6 142.2 147.5 153 163 181.2 186.4 196.7 206 218.5 229.1 221 208 180.9 163 160.6 161.4 167.9 170.9 168.8 166.9 173.7 178.8 179.1 182.4 190.1 196.1 203.8 211.6 218.8 224.9 230 230 229.1 230.9 221.5 217.1 218.9 221.9 230 235.5 250.9 274.9 293.5 305.1 323.8 332.5 338.6 340.9 340.9 338.3 343.3 346.7 343.3 350.4 358.8 352 351.8 342.3 339.4 336.6 331.6 323.7 323.5 309.9 292.3 275.5 269.5 268.7
176.3 176.4 168.1 158.2 148.4 145.3 142.6 139.8 137.9 137.9 136.8 136.9 137.6 139 142.4 148.3 157.3 165.5 174.5 190.6 198.7 218 221.1 212.3 204.7 178.3 162.9 159 160.5 163.1 164.8 164.4 165.1 175.1 180.1 179.4 181.6 186.9 194.2 207.2 217.9 228.8 229.2 230.9 230.9 227.6 221.7 216.4 211.3 214.9 220.8 228.8 235.4 255.3 270 282.7 303.1 321.3 332.2 332.5 335 329.7 327.6 341 337.8 335.6 354.4 357.5 341.6 333.6 337.2 340 333.2 325 322.7 326 311.6 295.5 277.8 269.9 262.6
167.8 165.9 160.2 151.1 142.5 140 141.1 137.6 137.9 137.9 135.9 135.7 136.4 137.9 137.8 141.8 143 150.4 167.2 179.3 197 206.4 202.9 203 188.4 177.9 162.3 157.9 160.2 161 160.4 161.3 159.8 167.7 174.4 178.8 179.8 184.7 193.7 210 229.4 242.6 238.6 231.9 226.6 219.1 216.3 211.4 209.2 211.9 217.5 225.6 235.5 249.2 265.5 283.1 300.6 314.8 326.1 331 330 320.3 318 334.7 319.6 326.7 336.3 338 329.6 327.3 331.4 332.6 327.9 321.8 318.3 316.9 314.1 294 279.8 269.2 259.8
157.8 153.5 150.1 144.8 138 140 139.4 135.6 137.9 137.8 135.6 134.4 135.4 134.8 136.1 137.4 138.7 144.2 156.4 162.5 172.5 183.8 183.3 179.7 177.3 169.1 159.1 155.6 155.7 159.1 160.8 159.5 159 164.3 169 173.1 180.3 184.5 193.4 211.2 232.7 243 232.6 229.8 219.4 214.1 212.2 211 203.6 210.4 214 221.6 231.9 245.5 258.5 274.5 294.1 305.4 318.2 323.4 313.6 312.2 307.7 308.5 306.4 311.6 317.2 308.8 310.8 325 329.4 330.2 327.3 319.8 314.2 310.7 302.2 292.9 280.2 269.4 260.4
147.3 145.4 142.2 137.7 134 134.9 133.5 131.5 134.5 135.2 133.9 133.6 133.9 134.9 136.3 136.8 137.6 143 152 159.4 163.3 168.1 169.8 166 164.4 160.4 155.1 154.3 155.8 157.6 159.9 158.5 159 161.8 166.5 172.4 179.9 187.8 194.5 211.2 226.2 227.7 220.1 214.1 209.7 207.4 206.7 204.7 199.9 199 210.3 222 233 247.6 265.1 275.3 286.3 298.4 306 308 304.6 301.1 300.1 308.5 299.4 296.6 297.2 292.7 306.4 326.8 326.4 322.1 324 320.6 317.4 309.1 300.1 291.5 281 271.2 261.3
137.6 137.1 135.3 132.7 130.9 130 129.7 129.6 131.4 132.5 135.8 138 139.7 138.7 138.2 137.5 137.7 142.8 150 155.6 156.8 159 158.6 157 156.4 151.2 138.2 141 144.7 153.4 158.9 158.7 160.6 162.6 166.5 172.1 178.7 194.1 199.9 198.6 212.6 212.6 204.5 204.7 204.3 203.2 203.6 199.8 194.3 192.7 209.2 222.8 236.2 248.5 267.3 281.4 290.6 297.9 302 302.2 297.6 292.3 299.5 312.8 305.2 279.9 279.8 285.6 309.2 325.5 322.4 322 321.4 318.6 310.7 305.5 300.4 290.3 281.1 271.3 260.1
