data/190000-880000.asc
ncols 200
nrows 200
xllcorner 190000
yllcorner 880000
cellsize 50
[rows 35 to 69 of 200, columns 0 to 78 of 200]
155.7 155.9 157.5 160.6 162 161.3 156.9 147.4 143.1 143 144.5 140.3 134.4 137.1 138.1 140.9 142.8 141.9 141.9 147.7 167.4 192.9 215.6 226.9 223.7 217.6 213 207.2 197.4 193.5 190.4 188.3 180.6 168.1 164.8 158 146.8 155.3 157 154.3 140.7 128.5 121.9 120.2 118.2 116.3 114.1 112.3 111.4 111.2 110.5 109.9 110.3 114 120.3 124.4 125.7 126.1 126.1 125 123.9 122.9 122.4 121.7 122.6 124.7 126.9 129 130.9 132.6 131.5 127.3 127.9 127.9 130.2 137.1 140 138.2 134.1
165 166.1 165.6 168.2 167.9 164 157.8 151.5 151.5 147.4 142.1 139.6 136.9 139.1 139 141.1 141.5 142.8 151.9 158.2 173.3 196.8 215.8 226.9 222.3 220.7 222 214.2 200.8 200.4 196.7 194.3 187.7 178.8 169.6 168 155 165.9 169.2 158.9 140.7 131.5 122.4 119.9 118.1 117 116.6 112.4 111.8 111.3 110.8 110.5 109.9 111.1 115.3 123.9 125.8 125.7 125.6 125.3 124.4 123.3 121.7 119.7 121.6 124 126.2 129.1 130.1 132 132 130 132.9 129.4 130.6 135 142.4 146.4 145.9
175.4 177.6 178.5 177 173.9 166.9 159.1 152.9 155.8 150.2 142.1 138.4 138.7 142.1 142.5 140.4 140.9 148 162.2 167.5 176.2 187.5 205 217.5 220.9 232.2 233.7 221.5 206.4 205.8 203.3 200 195.8 188.5 173.6 169.7 165.7 173.6 173.8 160.9 142.6 129.9 123.6 120.2 119.2 117.8 114.2 112.4 111.9 111 110.4 110 109.8 110.9 112.4 123.2 126.2 124.8 125.8 125.1 124.2 123.4 121.9 117.5 121.1 123.5 127.6 128.3 129.1 130.2 131.1 131 129.6 129.7 131.6 138.6 148.3 153.6 148.4
187.8 190 188.5 184.5 178.2 169.3 158.2 153 155.4 148.4 139.5 138.9 140.1 145.9 148.7 143.2 144.9 150.9 162.9 175.6 182.9 184.3 196.3 204.7 219.5 236.3 233.9 225.4 216.8 209.3 206.1 203.4 199.7 191.1 179.2 170.5 176.3 179.8 175.2 162.1 143.6 129.8 126.1 122.7 122.3 118.7 116 112.1 111.4 110.7 110.1 109.8 114.2 110.8 112.6 120.5 122.2 123.7 124.9 123.7 122.7 121.5 118.9 115.7 116.8 123 124.1 124.2 124.8 126.1 124.8 125.9 127.8 132.1 141.4 143.8 148.3 147 143.7
193.9 193.4 190.3 186.3 181.4 170.2 153.5 153.1 151.8 146.9 140.1 139.7 142.4 155.2 164.3 158.8 161.1 168.6 170.6 188.2 189.8 198 202 206 225.8 235.1 235.9 227.1 216.5 208 207.6 209.8 202.3 189.5 177.5 176.8 181.8 184.5 180.9 168.3 144.3 131.2 128.8 124.2 122.1 117.1 113.2 111.8 111.5 111.6 111.1 109.7 112.7 110.9 112.2 118.4 121.5 122.5 123.6 122.4 120.3 115.7 115.7 115.7 119.7 123.2 124.1 121.5 120.8 122.1 122.8 127.6 132.8 143.3 146.9 141.9 139.4 136.5 133.7
193.6 191.4 189.4 186 179.3 167.7 157.9 154.8 152.8 146.8 139.8 143.4 151.4 169.7 178 176.7 171.5 172.3 175.5 190.4 196.3 206.4 208 214.7 243.3 249 243.3 230.9 218.1 213.8 214.5 216.6 210.2 187 179.4 183 186.5 188.6 183.7 169.6 148.2 132.9 128.9 125.1 122.9 116.4 112.5 112.1 112.6 112.7 111.7 110.7 111.3 111.6 112.9 120.4 122.2 120.4 123.4 120.2 116.7 115.7 115.7 115.7 115.7 118 121.3 115.9 118.9 121.7 128.7 139 139.5 145.9 144.3 141.2 138.1 134.9 132.5
187 187.3 190.4 184.7 178 168.1 164.4 156.4 154 148.1 142 151.2 166.8 183.5 188.4 187.2 174.8 175.8 181.4 189.5 208 213.5 210.7 221.1 249.1 255 254.3 236.6 222.5 217.7 216.2 212.1 207.1 186.6 184.6 185.8 186 185.8 177.8 163.1 143.9 135.4 129.7 127.9 126.5 119 112.6 113.5 112.8 114.7 112.3 110.1 110.4 110.9 115.2 117.2 119.1 121.2 124.4 118.9 116 115.7 115.7 115.7 115.7 115.7 115.7 115.7 120.6 125.8 137.2 145.3 145.8 144.9 144.3 141.7 138.3 134 128.8
181.4 182.7 183.1 182.4 180 174 169 160 156.8 149.7 148.6 160.1 174 187.2 196.1 189.6 175.7 174.6 181.4 187.8 212.7 214.7 208.5 220.2 253.5 258.3 257 240 231.8 221.6 214.7 208.6 193.9 185.6 184.1 182.9 176.5 173 162.8 152.7 142.6 137.1 132.2 129.9 126.7 122 114.5 113.5 113.1 111.9 111.1 112 111.5 115 114 112.9 116.6 120.9 117.5 115.7 116.1 115.7 115.7 115.7 115.7 117.4 121.8 119.2 133 137.2 143.3 150.6 155 150.9 145.2 144.1 140.1 134.8 127
176.4 178 179 177.1 178.6 176 167.5 160 157 151.1 154.4 166.2 181.4 192.4 195.9 186.4 176.6 174.7 177 181.1 207.9 210.5 204.2 217.6 256.1 258.9 254.7 248.6 240.6 227.3 211 201.1 193.9 185.6 182.6 179 170.5 162.2 156.5 152.3 144.3 139.4 138 134.1 127.7 125.2 115.6 113.5 112.9 111.9 111.2 112.9 112.3 114.8 117.8 115.3 115.6 118.9 115.7 115.7 115.7 116.8 115.7 115.7 118.7 125.1 128.8 134 137.8 140.7 145.9 151.4 154.7 154.1 150 146.9 143.8 138.4 129.9
169.7 172.2 172.5 172.4 173.1 168.3 162.8 160.8 157.4 151.5 161.9 172.1 181.7 192 193 185.1 178.4 174.6 171.4 180.1 199.1 201.8 198.4 216.5 253.7 259.3 254.2 251.1 239.1 233.2 208.6 206.7 199.8 190.3 184.4 178.7 170.7 161.5 158.3 155.1 150.2 147.3 141 135.4 130.4 126 118.7 114.8 113.5 112.2 111.7 112.3 112.6 115.9 121.8 120.5 117.7 115.7 115.7 115.7 116.8 115.7 115.7 119.8 122.8 128 132.1 139.6 141.8 143.6 145.4 153 157.6 158.9 158.8 153.6 147.1 141.6 134.3
161.4 165 167.1 166.9 165.9 164.7 162.1 161.2 157.9 153.5 166.5 177.1 183.1 190.2 189.2 185.2 177.2 173.1 169.9 174.4 189.7 197.6 195.5 214.1 251.6 263.6 258 252 236.8 232.7 211.4 211.7 202.5 194.5 185.5 177.8 167.2 161.8 159.7 158.2 155.1 151.2 144.2 136 132.6 127 127.3 118.1 114.6 113.3 112.3 114.7 113.6 117.9 121.7 119.2 115.7 115.7 115.7 117 117 115.7 118.3 121.4 128.6 132.3 136.7 142.8 149.2 149.5 148.6 152.6 161.2 164.6 165.5 164.7 156.5 144.5 135.7
153.1 158.3 161.1 162.4 160.9 159.9 161.5 161.3 158.6 157.5 171.3 181.1 184.4 186.1 185.6 183.2 176.6 172.9 169.7 170.8 183.4 189.5 192.8 226.7 254.6 269 258.6 243.5 233.9 230 218.6 213.6 203.3 193 183 172.2 166 163.6 161.7 160.6 158 154.4 146.7 138 132.9 129.1 124.8 119.8 114.5 112.7 113.2 114.3 114.7 123.1 120.8 115.7 115.7 115.8 117.3 116.5 115.7 115.7 118.6 127.1 130.4 136.2 139.3 145.2 153.2 156.6 152.3 152.8 161 171.4 167.5 167 163.3 150.9 138.8
142.9 149.5 153.8 156.7 156.3 156 157.9 159.3 159.2 159.2 174.6 183.9 185.9 186.3 185.8 182.1 176.5 175.1 168.5 171.6 176.9 186.2 189.7 219.6 254.8 265 252.1 237.6 237.1 229.6 221.8 209.4 201.2 189.1 178.7 168.5 166.5 163.8 164.3 163.9 161.3 156.3 148.5 139.3 138.3 130.7 125.6 120.7 114.8 113.4 115.1 115.6 116.5 117.3 120.2 117.2 115.7 117.8 115.7 115.7 115.7 115.7 121 135.1 135.5 138.4 142.7 147.4 152.9 158.9 160.2 158.4 158.9 162.9 167.8 168.6 163.5 154.1 143
134.8 137.6 144.4 149.8 151.6 152.6 154.3 156 157.6 158.8 174.6 184.3 190.6 193.4 184.5 181.6 174.1 170.7 168.1 170.9 179.6 182.4 189.9 202.7 237.9 258.8 247.8 238.5 233.7 227.1 218 206.4 195.9 182.6 173.7 167.6 166.6 166.9 168.1 166.9 166.2 158.7 150.2 141.5 138.3 135.2 129.4 132 119.4 114.5 116.4 119.1 116.6 119.6 123.6 119.4 119.5 115.7 115.7 115.7 115.7 115.7 118.8 136.6 142.2 141 145.8 151.5 156.5 161.3 169.3 161.5 161.6 163.3 166.9 171.6 165.6 157.6 148.8
122.5 126.4 134.7 140.4 145 147.6 150.2 152.5 154.3 154.8 163.5 176.8 185.2 189.7 184.9 179.4 173.8 168.2 166.8 171.1 179.2 185 189.4 200.6 217 233.2 238.9 236.9 230.9 220.7 210.9 199.2 185.8 176.7 169.1 168.5 169.3 170.3 172.6 171.4 170.2 161.2 150.5 143.4 140.9 135.8 134.5 134.7 120.9 116 118 118.7 118.5 121.7 121.6 121.8 119.4 116.3 115.7 119.9 115.7 115.7 121.1 130.5 137.3 143.7 147.3 154.3 158.2 162.6 167.6 164 163.9 164.4 167.2 169.7 168.5 161.4 155.3
111.1 116.4 123.6 130.9 138 141.8 144.2 147.6 150.3 151.4 154.5 164 175.3 187.5 183.4 179 170 167 168.1 173.7 181.5 186.3 193 205.6 218.6 228.3 237.3 236.1 226.7 215 202.6 188.3 181.2 175 172.5 173.5 173 173.5 177.2 172.7 169.2 160.3 151.7 146.7 144 141 143 135.5 124.6 119.7 119.1 120.6 121.6 124 126.2 124.4 120.2 115.7 119.2 121.3 118.4 119.8 125.4 131.4 134.5 144.5 150.1 155.1 158.9 162.3 165.8 168.1 165.4 165.9 166.5 171.8 167.9 163.9 157.9
106.2 106.9 113 121.4 129.9 134 138.5 141.3 144.2 147.1 148.1 153.8 163.4 172 171.7 168 166.9 167.8 170.5 179.8 188.8 193.1 197.7 207.9 216 226.5 234.7 229.5 219.9 208.3 194.6 184.7 179.5 178.3 177.4 178.4 179.2 179.3 179.9 172.4 164.6 157.9 153.5 148.4 145.9 144.4 143.5 138.7 130.8 121.7 121.5 124.9 126 134.3 133.6 126 120.9 121 126.8 122.2 120.7 122.2 127.3 132.7 134.2 139.1 157.1 162.3 161.5 164.7 167.6 167.9 167.3 166.6 166.9 172.2 171.2 165.8 160.3
103 103 106.7 112.9 119.9 124.1 126.2 130.5 134.7 139.2 141.2 144.7 148.7 155.2 158.4 165.2 168.5 171.6 177.7 187.3 195.7 198.8 203.2 211.2 217.7 223.4 225.2 222.7 211.3 199.2 191 185.9 183.3 181.4 181.6 180 179.2 178.2 176.7 173.1 163.3 158.4 153.9 150.3 147.5 145.7 143.7 139 132 131.2 128.4 129 133.7 138.6 130.4 126.9 128.4 132.2 126.2 122.7 124.1 124.5 127.7 132.8 133.8 137 157 165.8 170.6 171.2 176 169.4 168.8 168.5 167.3 168.9 171.2 167.2 156.8
103 103 103 103 103.2 109.9 113.1 120.1 124.3 128.3 133.5 137.8 142.4 148.4 158 165.2 170.5 172 182.2 191.1 198.8 205 206.8 213.4 216.6 218.7 219.9 215.5 207 198.1 192.8 188.8 187.4 182.2 178.1 175.7 174 173.7 174.3 176.1 164.6 158.9 153.7 150.3 148.4 145.1 144.3 140.7 143.8 150.7 142.1 142.1 135.8 132.5 129.9 136 136.7 133.3 126.6 125.7 125.8 125.9 130.5 132.7 133.4 137.9 145.7 165.7 170.2 172.9 173.1 170.7 170.3 172.6 168.4 167.3 167.5 164.5 157.1
103 103 103 103 103 103 107.1 115.1 118.2 122.1 127.3 133.7 136.9 146.2 154.6 162 167.3 170.5 178.5 187.2 197.8 205.2 206 203.9 208.3 211.9 212.5 209.9 204.5 199.6 198.6 192.5 188.8 179.6 176.2 173.6 172.3 171.6 171.7 169.5 162.8 158.8 154.8 149.5 146 144.8 148.3 156.6 162.3 160.1 149.4 138.2 130.9 131 135.8 139.4 139.5 137.6 130.3 130.6 128 128.6 131.8 131.9 133.1 140 144.6 159.6 169.9 173.7 174 170.8 169.2 169.4 168.2 167.3 165.9 164.2 160.6
106.6 103 103 103 103 103 104.6 113.5 117.5 120.3 123.9 127.2 132.4 138.5 147.6 155.5 161.8 167.2 172 179.3 188.5 191.7 193.8 195.4 199.4 202.6 205.4 205.8 203.7 202.3 199.3 192.9 187.2 182.3 176.6 174.9 173.8 171 168.5 167.6 160.9 159.3 153.8 149.1 147.7 154.2 168.5 177.3 179.2 174.6 157.7 142.9 135.2 133.9 139.5 139.6 140.6 141.2 137.6 136.2 132.7 131.1 131 132.1 134.2 138.9 148.5 158.9 166 171.8 174.7 170.7 168.6 168 167.9 166.1 164.5 162.9 160.2
112.2 108.6 105.2 103 103 103 106.4 111.5 116.3 119.1 121.7 123.8 129.2 133.9 139.4 148 155.3 161.6 166.4 171.8 176.8 181.2 185.6 189.5 191.7 193.6 199.1 202.1 201.7 200.9 197.8 193.1 187 181.5 177.5 175 172.8 168.2 162.9 160.1 161.3 157.8 154.6 150.9 161.5 172.6 172.7 177.7 172 160.8 152 143.5 140.7 140.5 145.6 144 147.2 151.4 145.7 143.5 140.9 142 139.1 139.2 139.5 140.2 149.4 159.2 165 169.4 171 171.6 168.4 167 165.9 164.2 163.2 163.9 159.4
116.2 113.8 110.2 106 103 103 110 113 115.5 118.3 119.2 122.8 126 130.1 135.6 142.2 150.4 156.4 161.3 166.8 172.5 178 184.8 190.4 195.1 201.5 207 205.1 206.2 203.8 197.6 193 185 179.8 178.5 176.7 171.5 167.3 162.2 158 156.4 157.1 154.8 154.7 162.4 162.6 163.2 162.1 158.9 154.5 151.8 150.8 148.2 146 157.3 160.5 156.1 149.5 148.3 148.3 146.3 145.2 143.1 141.1 142 142.8 147.2 155.4 165.3 169.6 168 169.1 167.9 165.1 162.3 160.6 160.6 160.6 158.9
120 119.2 114.4 109.4 104.6 103 109 113.5 115.7 117.5 120.5 122.8 123.3 126.5 132.1 140.1 147.1 154 159.5 164.8 171 180.9 190.3 199.5 203.7 205.8 206.2 205.2 205.5 204.2 199 196.6 182.9 179.6 178.4 177.8 175.9 169.1 162.2 157.6 155.9 154.3 152.6 153.3 154.9 157.8 156.7 155.1 153.5 152.6 154 153.7 152.2 150.4 161.9 162.9 162.5 168.8 161.4 151.7 148.7 144.7 143.5 141.8 142.9 143.5 145.4 149.6 162.2 164.6 165.5 166.8 166.9 164.2 161.4 160.6 164.3 166.2 161
123.3 120 115.2 109.7 105.7 104.4 108 114.8 117.8 121.3 124.5 124.5 124.3 127.1 134 139.4 148.7 156.5 159.6 166 173.4 178.7 184.9 195.1 199.9 201.5 203 204.6 201.6 197.3 191.5 187.4 182.7 181 180.5 180.7 176.5 170.4 159.3 155 152.6 152.6 152.6 152.6 152.6 152.6 152.6 152.6 152.6 152.6 155.4 154.4 152.1 151 151.9 158.8 159.4 159.1 159.3 154.5 150 144.6 143.4 143.7 144.5 143.6 143.6 147.4 157.6 161.9 163.8 164.3 165.1 164.4 163.1 163.1 166 166.4 163.2
125.2 119.2 114.7 109.5 105.9 105 110.2 115.3 118.5 122.3 129.1 129.7 128.5 131 136.7 139.9 146.3 154.2 157.7 162.2 169.6 177.9 186.6 195.6 208.3 212.3 220.7 211.5 201.9 194.1 186.7 183.5 182.1 181 182.1 181.5 176.4 165.3 155 159 155.8 152.6 152.6 152.6 152.6 152.6 152.6 154.2 156.5 158.5 157.2 156.1 153.6 151.8 151.3 155.1 157 158.2 158.8 155.4 153.7 153.1 150.5 152.5 152.4 146.7 148.9 151 150.3 158.1 162.6 164 164.2 164.2 164.1 165 166.7 164.4 161.4
124.9 118.7 114 109.1 106.3 106 108.7 115.3 117.1 124.9 127.1 130.4 136.1 136.8 138.5 141.1 146.7 151.6 152.4 155.3 162.1 172.1 180.5 190.4 202.3 215.9 216.8 214.5 205 190.2 187.7 185.1 183.1 181.5 178.7 176.1 172.5 165.4 154.4 152.6 152.6 152.6 152.6 152.6 152.6 153.1 152.6 156 156.8 160.1 156.3 156.7 157.6 154.4 161 153.5 153.3 159.2 161.8 160.1 160.4 160 155.9 154.7 152.1 152 151.7 151.4 150.1 155.7 160.6 162.9 164.2 164.9 165.6 165.8 166.7 165.6 160.1
121.6 117.7 113 108.6 106.7 106.2 106.4 115.1 122 127.9 128.2 135.3 138.6 137.9 141.4 143.2 148.5 149.9 148.3 149.4 156.3 165.4 171.7 179.8 190.8 202.6 203.2 199.4 192.9 188.1 188.6 183.1 182.3 181 178.1 175.1 168.6 159.5 154.9 152.6 152.6 152.6 152.6 158.9 165.5 157.6 155.3 156.3 158.2 156.7 156.7 156.7 156.7 161.2 164.5 159.5 159.3 166.4 169.8 164.5 161.5 162.4 161.4 158.4 156.3 156.5 154.7 152.1 150.1 154.2 157.4 160.3 163 165.6 166.4 166.4 165.8 164.2 159.8
115.2 113.8 109 107.4 105.9 105.5 107 119.5 121 124.3 128.2 132.2 136.5 137.6 136.5 140.9 143.2 144.6 144.6 145 147.7 154.6 163.3 171.6 179.1 188.2 194.5 191.7 188.8 186.2 180.7 177.7 176.2 174.2 172.6 172.2 164.7 153.1 152.6 152.6 152.6 152.6 152.6 166 168.5 160.6 157.6 159.2 156.7 156.7 162.3 170.7 174.3 172 170.2 162.3 160.3 164.7 170.9 175.8 167.4 166.2 161.5 158.2 156 159.1 160.9 157.4 153.3 151.9 155.3 158 162 163.9 165.2 166 164.5 162.3 158.8
108.5 109.6 107.1 105.8 105.2 105.9 108.7 113.7 118.4 126.2 129.3 130.9 132.8 134.5 136.1 141.2 145.1 145.1 145 144.8 144.5 147.2 155 163.5 171 176.8 180 183.6 184.5 182.6 179.2 175 173.3 172.1 169.4 167.9 155.6 152.6 152.6 152.6 152.6 152.6 152.6 155.9 157.5 156.9 158.5 161.8 162.7 160 171.9 180.7 175.1 172.5 171 165.5 163.2 161.3 165.3 164.8 163.8 161.2 157.9 155.2 153.8 155.2 155.2 155.3 154 152.3 154.1 156.1 159.9 162.4 163.8 164.5 163.6 160.6 157.7
104.8 105.4 104.9 105 105.4 105.7 106.2 112 116.7 123.5 129.7 127.3 130.1 141 147 145.6 145.8 145.5 145.1 144.8 144.5 145.2 153.6 158.7 163.9 166.8 172.1 176.1 175.8 174.5 174.4 171.7 170.9 167.9 164.4 157.7 152.6 152.6 152.6 152.6 152.6 156 159.1 159.2 155.9 155.8 156.8 159.9 160.7 161.1 162.2 169.1 171 171.6 167.1 166.8 164.6 161 161.2 157.7 156.4 155.4 153.8 153.8 153.8 153.8 154 153.3 152.6 152.6 152.5 152.7 156.5 158.7 160.3 160.2 159.7 158 154.9
103.9 105.1 104.4 106.1 108.3 112 109.3 110.3 113.4 116.2 120.7 122.1 133.4 151.5 161.2 156 151.3 146 145.6 144.9 144.5 144.9 149.2 155.7 158 159.8 164.1 169.6 170.2 169 167.7 165.8 163.7 161.5 157.2 153.2 152.6 152.6 152.6 152.6 155.9 158.7 159.7 158.9 157.6 158.2 158.8 161 162.4 161.8 161.9 165.7 171 176.8 170.9 163.7 160.3 156.5 155.1 153.8 153.8 153.8 153.8 153.8 153.8 153.8 155 154.1 153.5 152.1 152.5 152.5 153.1 156.7 157.3 156.9 155.5 152.6 147.5
106.3 108.3 108.2 109 112.5 112.9 111.5 109.4 109.9 114.2 125.7 131.8 144.5 147.9 151.8 153.6 155.4 153 146 145.3 145.2 145.8 146.1 148.6 150.7 158.6 161.9 164.4 165.7 164.9 161.8 159.9 157.1 154.3 153 152.6 152.6 152.6 152.6 153.6 156.7 160.4 161.7 159.2 158.3 158.8 160.6 163.2 164.2 164.3 162.8 169.3 173.5 173.2 166.3 161 156.9 152.7 153.8 153.8 153.8 153.8 153.8 153.8 153.8 155.1 157.8 156.7 154.7 153.3 154.2 153.1 156.4 157 157.4 157.2 155.5 152.2 145.1
105.5 112.3 111.4 112 114.5 115.3 115.4 109 109.3 116.3 121.8 129.8 142.9 145.9 146.4 148.2 150.5 153.5 150.1 149.6 146.6 146.1 146.2 147.3 150 158.8 161.2 163.2 162.3 160.5 157.8 155.1 154.5 152.6 152.6 152.6 152.6 152.6 152.6 152.6 152.6 159 165.6 159.6 160.3 163.4 166.9 166 166.2 166.6 168.3 176.1 182 183 174.8 166.5 160 157.2 153.8 153.8 153.8 153.8 153.8 153.8 153.8 155.9 158 158.6 157 155.2 159.5 162.5 162.3 160.8 158.8 158.2 156 153.2 146
109.1 112.5 113.9 114.1 116.4 119.6 118.9 111.2 110 124.2 128.7 127.6 133 140.4 144.2 145.7 147.8 150.7 152.6 155.4 157.2 153.3 149.8 146.9 151.3 153.5 156 158.8 158.9 157.9 156 152.8 152.6 152.6 152.6 152.6 152.6 152.6 152.6 152.6 152.8 162.6 169.6 172.7 167.1 165.9 171.4 172.7 170.7 168.8 169.6 173.3 178.8 182.1 181.3 174.5 168.5 166.7 157.8 153.8 153.8 153.8 153.8 154.3 154.5 155.5 157.7 160 163.3 163.1 163.8 169.4 167.8 165.1 162.6 159.7 157 153.7 147.1
