data/190000-700000.asc
ncols 200
nrows 200
xllcorner 190000
yllcorner 700000
cellsize 50
[rows 140 to 174 of 200, columns 0 to 78 of 200]
208.6 211.3 214.9 215.6 217.3 220.1 229 232.5 235.2 238.2 238.6 239.3 239.3 237.7 234.8 234.9 228.1 229.4 228 225.8 218.2 198.2 204.4 219.5 229.5 240 248 248.4 248.1 240.3 238.3 242.1 258.8 267.2 268.9 263.8 259.7 259.6 263.6 258 260.6 257.5 258.5 261.3 264.5 258.2 262.6 271.3 269.4 270.4 274.3 284.6 294.7 300.4 294.5 285.7 285 283.2 296.2 296.3 297.8 312.2 311.8 315.5 317.2 327.1 331.5 333.2 334.4 339.2 357 385.5 397.1 394.6 394.1 393.2 401.1 393.2 388.4
208.2 216.1 220.8 222.8 221.6 228.7 235.4 240 244.7 247.6 250.2 241.9 243.2 236.7 239.4 242 242.1 241.5 235.9 234 232.4 217.6 204.1 204.2 216.4 230.6 240.1 246.7 242.1 234.2 228.9 234.9 243.8 261.9 264.5 259.2 258 258.5 261.4 256.8 256.2 255.6 257.5 264.4 258 259.2 268.2 270.8 270.3 271.4 278.5 289.3 304.1 308 300.8 291.3 288.1 292.8 307.6 311.8 304 318.1 317 337.5 333.3 341.9 336.5 342.2 340.5 351 368 382.9 391.8 395.8 395.7 396 399.9 397.8 387.3
206.2 227.8 228.2 229.7 221.8 229.3 239.6 248.2 246.6 251.7 252.2 244 241.2 239.6 251.1 251.7 253.9 259.4 249.6 242.3 235.1 224.5 220.1 218.7 214 210.5 223.6 229.7 225 221 241.5 247.6 254.2 245.3 256.5 256.7 255.4 256.6 256.6 255.9 255.7 257.1 260.8 259.8 257.8 269 272.1 271.6 271.6 274 285.7 299 314.5 314.1 304.6 297.3 290.3 293.8 311.3 310 315.1 324.8 340.7 347.6 345.3 344.5 343 346.5 352.6 364.2 375.5 379.7 386.2 391.9 394.2 400.2 398.2 398.1 407.7
213.4 219 222.3 217.4 222.9 234 246.8 255.6 245.1 251.1 249.6 246.7 247.8 254.5 261.7 264.9 269.5 275.2 264.5 247.4 240.1 235.6 232.7 230.4 229.2 228 222.8 216 222.7 235.5 251.7 260.9 264.4 264.5 267.5 264.5 257.4 255.3 255.2 255.7 257.3 258.4 257.5 258.7 267.9 275.4 276.6 274.2 278.6 279.4 292.5 305.3 317.7 321.7 313.9 307.9 296.8 294.6 307.6 317.5 325.7 337.3 345.3 348.9 348.7 346.9 348.4 351.4 362.3 370 380.1 390.4 386.9 388.9 393.8 398.8 402 409.1 424.9
207.8 208.8 208.6 210.4 225.9 238.7 248.4 246.8 243 253.3 250.9 251.4 259.1 268 269.1 277.3 281.9 281.5 268.8 254.6 242.7 240.3 237.3 235.6 236.3 239.1 226.2 229.3 239.4 250.6 254.7 267.1 274.9 278.5 278.1 268.6 261.3 255.4 255.1 257.1 260.2 262.1 261 262.8 274.4 279.3 279.4 278.9 285.4 291.9 296.4 305.9 319.5 326.6 324.3 313.7 304.7 299.6 315.2 327.2 334.5 341.6 347.7 349.5 350 351.9 354.6 356.5 362.9 375 388.6 399.3 391 390.8 393.9 398.5 417.6 430.7 440.8
201.1 200.9 200.9 215 228.3 237.1 238.8 240.6 257.7 255.7 253.5 257 266.7 271.5 282.5 283.8 285.1 280.6 266 252.1 242.4 242.4 241.7 239 241.7 241.5 234.5 245.7 255.5 251 256.7 265.2 270.9 287.3 284.8 273.3 264.4 255.6 255.6 262.7 263.1 264.7 261.9 269.9 277.5 290.2 283 287.2 293.9 295.7 297.5 316.2 325.9 329.2 329.7 316.2 311.6 308.4 324.7 334.9 335.6 346.1 356.4 352.7 356.2 355.4 359.1 361.2 366.8 384.6 392.5 401.6 394.6 392.8 398.1 412.9 431 443.4 431.8
198.5 195.2 200.3 217.5 225 235.3 238.9 249.3 258.2 256.7 260.6 263.7 270.8 278.9 283.3 282.8 279.3 275.4 257.8 248.5 242.2 243.4 242.7 242.8 243 238.4 247.8 257.1 257.6 257.7 262.9 263.7 269.5 290.3 286.8 275.2 263.4 256.2 257.9 263.9 263.9 265.2 265.1 275.9 279.1 291.3 285.4 288.6 295.7 301.6 305.7 326.4 333.2 334.8 332 325.8 320.5 327.8 332.6 337.9 339.2 351.6 362.2 360.4 356.7 356.8 359.5 372.2 374.6 391.4 396.6 400.3 398 398.1 403 418 423.4 424.3 424.3
193.4 196.1 208.5 217.3 226.5 234.3 239.8 249.3 256.2 260.7 265.9 269.9 276 288.9 288.3 280.5 274.9 268.5 253.4 245.4 242.4 243.6 245.2 251.1 247.6 249.2 259.4 258.9 261.3 271.6 269.3 265.8 274.6 284 281.8 272.9 261.8 258.1 261.9 263.6 264.4 265.1 271.8 275.9 286.8 289.5 285.8 293.9 296.1 300.1 317.9 332.4 338.8 336.1 332.3 336.8 331.3 341.3 351.7 352.8 352.9 362.7 367.3 362.2 361.5 359.3 361.4 370.3 378.5 390.3 394.6 399.5 400.9 399.6 408.6 414.2 422.4 425 423.8
197.8 205.2 213.4 216.4 222 234.9 238.5 250.5 258.7 265.8 272.2 278 288.5 291.3 286.6 277.5 267.3 253.8 253.3 244.4 243.8 244.5 248.8 252.9 249.4 257.6 259.8 266 274.2 280.5 271.5 275.8 279.5 281.3 278.6 270.7 263.1 262.1 265.4 265.5 265.5 267.3 271.8 276.4 288 285.4 287.8 295.5 293.7 302.8 326.9 337.2 341.4 334.4 335.6 348.3 340.2 342.1 361.4 355.7 358.9 373 374.3 367.7 370.9 366.8 374.8 375 379.8 388.7 392.4 394.9 397.2 401.2 419.9 420.4 423.6 423.6 424.9
202.1 208.3 211.7 214.1 222.7 235 234.7 252.3 262.2 268.5 280.3 285.6 291.9 292.2 286 272.7 254.2 250.9 249.1 250.2 247.8 247.3 252.2 255.1 258.9 261.9 264.3 271 279.9 283.6 278.2 279.4 279.3 280.5 276.3 267.6 262.7 263.4 267.2 267.8 264.4 267.1 273.3 282.7 286 281.8 285.7 293.5 302.3 307.9 331.8 341.1 327.3 327 349.2 344 335.3 351.1 359.9 360.7 365.7 378.5 379.2 374 377.9 374.6 390.7 377.9 383.5 389.1 389.8 391.1 395 414 420.3 429 428.3 425.4 427.2
200 205.4 209.4 214.4 221.5 226.8 236.9 249.1 261.4 278.5 282.4 292.9 289.9 287.3 283.2 263.1 252 250.4 249.7 252 253.1 253.9 262.2 262.3 265.3 266.1 274.2 279.4 280.2 291.2 288.5 283 279.6 280 270.3 266.6 264.6 265.2 262.2 261.5 264.8 268 275.5 281.9 281.9 280.6 291 296.3 297.3 316.5 334.9 325.2 323.1 330 354.9 338.9 329.6 353.4 365.5 365.4 385.3 388.2 381.7 383.2 386.2 386.2 396.1 383.4 385.8 392 388.8 389.5 402.9 417.4 424.4 430.8 425.9 427 432.4
210.7 210.4 214.3 216.9 221 233.6 237.8 248.4 261.3 273 284 289.1 286 282.6 270.9 257 253.4 251.4 251.5 256.9 265.5 262.9 265.9 266.1 266.8 266.7 282.8 287.9 281.6 287.9 287.1 287.7 280.4 278.5 270.6 268.6 264.8 261.4 261.2 261.2 265.1 269.7 275.8 283.9 277.4 282.8 286.7 293.9 294.9 320.8 320.8 318.8 319.2 341.7 327.4 318.6 328.1 354.2 361.2 370 388.8 393.9 386.3 387.7 392 407.6 394.5 390.7 392.8 393.7 391.3 404.8 419.7 421.3 428.6 422.9 420.9 426.8 437.3
217.2 221 214.6 216.9 220 228.8 233.7 246.5 266.1 275.5 278.6 278.8 274.1 269.1 263.1 259.7 254.8 254.6 257 258.3 265.2 270.2 270 268.9 269.1 275.5 288.4 288.7 283.7 287.2 291.2 291.2 285.2 275.3 271.3 268.8 264.9 261.2 261.2 261.2 263 268.9 277.7 277.8 281.2 287.1 285.4 282 304.5 313.9 314.2 314.9 322.5 319.3 307.6 310.7 332.4 341.5 360.6 377.3 389.7 403.9 391 391.7 395.7 406.5 395.5 398.1 402.5 399.7 400.2 417.9 427.9 426 421.8 417.6 418.3 429 438.2
219.8 219.1 221.7 223.7 231.8 227.8 231.9 247.3 267 280.3 277.6 271.5 267 263.9 262.2 259 262.7 262.2 261.7 259.8 266.1 268.4 271.6 272.2 273.2 281.6 288.7 289 289.8 295.9 293.4 292.9 280.7 272 269.3 268.1 271.1 261.2 261.2 261.2 261.2 269.3 274.5 274.2 281.3 271.6 273.7 289.5 305.6 306.8 304.5 314.2 313.1 304.2 308 315.9 325 345.9 364 389.6 402 407.9 402.3 398.8 407.7 395.5 395.5 401.3 404.9 410.2 412 426.3 436.1 429.7 423.6 416.8 415.4 421 415
225.2 225.6 231.5 228.2 235.4 230 234.7 250.7 268.5 276.7 274.7 268.6 263.7 263.5 262.5 265 260.2 264.2 262.2 261 265.6 269.2 272.7 279.3 283.8 286.8 295.5 291.9 293 296.8 295.5 295 279.2 272.5 271.5 271.9 270.4 261.2 261.2 261.2 261.2 270 271.5 274.5 267.8 268.4 278.2 290.7 295.8 295 299.9 302.4 296.6 308.1 319.9 320.7 334.7 351.4 372.3 388 400.2 403.4 401.7 402.5 398.8 393 399 408.3 414.3 410.3 412.9 429.2 437.4 428.5 415.9 412.8 401.2 405.5 413.9
229.4 231.5 237.2 234.6 234.7 234.6 243.3 260.6 269.2 267.4 270.5 265.5 262.9 261.8 260.6 259 259.3 262.4 263.1 267.6 266 267 270.4 282.6 291.6 296.6 301.3 296 295.5 298.6 297.7 290.3 274.3 275.8 272.4 273.3 269.1 261.2 261.2 261.2 261.2 272.1 267.7 268.3 266.8 270.9 280.2 286.4 287.3 289.1 292.7 295.3 305.1 325.2 326.4 329.2 344.2 354.7 375.9 382.4 388.4 396 398.8 393.8 385.7 394.6 403.6 411.3 415.3 409.4 410.2 429.6 436.8 431.9 421.6 408.2 395.4 406.9 409.9
239 236 240.4 239.1 237.2 241.6 250.6 263.5 265.6 264.1 262.3 262.6 262.5 263.2 256.8 256.9 257.4 259.9 267.1 265.4 265.8 269.4 277.4 286.7 296.9 302.5 304.1 301.4 302.2 299.1 297.7 283.8 275.4 270.5 270.1 270.4 265.3 261.2 261.2 261.2 263.4 267 266.1 265.4 266.3 275.6 281.9 282.4 279.4 281.9 289.8 300.7 318.5 326.5 323.4 328.5 341.8 359.6 365.8 382.4 384 391.5 393.2 387.4 384.7 391.3 403.7 410.6 419.1 408.4 417.9 433.7 440.4 438 414.5 394.5 395 417 416.6
253.2 245.8 246.2 245.5 240.6 253.9 258.4 264.2 262 261 260.5 262.1 260.5 259.2 255.1 256.7 259.2 259.6 268.5 267.3 269.4 273.3 287.5 296.5 297.2 299 303.1 302.6 303.3 298.7 296.2 284.4 276.3 270.1 270.1 274.6 261.2 261.2 261.2 261.2 266.4 265.3 264.6 265 272.4 275.3 278.8 275.8 279.2 286.7 294 307.5 315.3 313.5 312.1 323 338.6 351.1 373.2 377.4 387 395.1 393 393.2 385.3 384.8 391.1 397.4 402.4 404.5 421.9 427 427.7 407.2 391.5 391.7 402.7 410.8 402.8
266.6 260.1 258.1 251.8 245.7 245.9 252.9 257 259.4 259 258.1 258.1 257.3 255.7 264.5 267.2 263.3 262.1 267.3 267.8 269.5 286.9 296.3 299.9 297.6 297.9 298.6 298.9 306.2 303.3 291.1 280.8 275.9 270.1 270.2 266.6 261.2 261.2 261.2 264.8 265.1 264.3 263.7 271.9 274.5 273.7 273 276.4 284.6 290.5 295.9 304.2 307.4 306.4 309.5 318.6 337.5 357.9 369.6 381.2 391.1 389.3 395.8 397.9 389.4 384.3 383.9 385.3 393.2 402.3 408.7 404.9 395.4 387.5 387.6 392.3 396.4 394.9 388.8
274.9 271.9 266.8 259 254.4 247.6 249.1 255.1 257.3 257 255.5 254.1 256.4 265.4 267.6 267.4 264.5 262.8 264.1 265.9 278.7 292.8 300.8 300 296.1 294.7 296 295.5 303.5 297.1 287.9 279.3 272.1 270.1 278 261.2 261.2 261.2 261.2 265 263.8 263.3 266.4 278 271 272.4 273.2 279.8 289.8 292.4 294.7 303 303.7 306 310 319.6 341.9 350.4 367.1 388.9 388 385.5 390.8 390.6 384 381.3 381.2 383.3 386.3 393.6 399.6 396.2 387.8 387 390.2 391.4 390.3 385.9 382.1
283.1 277.1 271.4 263.3 260.2 254.3 249 252.3 256.6 255.1 255.7 252.5 262.9 266.7 268.7 268.8 266.1 264.9 266.2 265.5 286.5 297.3 299.5 299.6 293.5 290.7 289.4 291.7 294.5 287.5 287.9 279.3 270.1 272.3 266.3 261.2 261.2 261.2 262.4 263.5 263.2 263.5 274.1 270.1 275.9 275.1 277.8 291.1 302.6 294.6 299.7 302.4 309 314.8 320.1 330.5 357.3 364.5 370.3 379 380.9 379.9 382 384 381 382.5 383.3 383.5 385.6 384.9 388.5 385.4 387.5 387.8 388.1 386.4 383.9 380.3 375.5
283.1 275.7 270.7 263 254.7 252.8 247.6 249.2 256.1 253.3 251.9 260.3 267.1 268.2 269.4 270.3 272 272.2 265.6 272.8 289 294 298.6 296.6 289.4 288.1 288.1 284.5 283.6 281.8 291 281.6 272.5 276.2 261.2 261.2 261.2 261.2 264.3 262.8 262.8 266.2 267.3 275.5 277 279.5 284.9 306.4 309.9 306.4 308.4 314.6 321.1 326.3 331.1 349.3 361.2 371.6 378 378.4 377.9 379.3 380.3 380.6 383 388.2 385 382.5 383.5 382.9 380.9 384.1 384.4 385.5 382.8 379.5 381.8 383.3 375.6
282.3 276 265 256.7 254.6 248 249.3 246.6 247.6 248.8 254.2 266.5 266.9 269.1 272.8 270.1 274.6 266.9 265.8 279 291.6 290.5 291 292.7 288.1 288.1 288.1 288.2 282.9 276 280.5 279.4 272.6 261.2 261.5 261.2 262.5 264.7 264 262.4 262.9 265.4 269.9 275.6 277.4 277.8 295.6 311.8 314.1 310.9 316.5 342.4 355.1 343.4 343.1 355 368.8 376.2 384.1 389.1 377.9 390.8 384.8 388.1 385.1 385.9 386.6 381.5 379.1 379.1 380.2 381.6 379.5 378.8 378.8 378.8 385.7 381.3 372.2
279.4 273.1 261.2 257.1 253.9 248.4 253.7 249.2 248 244.9 253.3 259.5 268.2 270.3 276.3 265.7 266.6 266.7 267.2 285.5 287.9 288 289.9 288.1 288.1 288.1 286.2 287.3 273.3 273.3 273.1 277.7 268.6 262 262 261.2 261.5 263.1 263.2 262.4 264 270 269.9 272.6 274.1 287.1 304 310.8 312.6 314 329.9 347.4 373.6 367.1 354.6 363.3 368 383.3 397.5 390.1 377.2 377.2 385.8 399 391.9 387.7 386.7 382.9 379.6 380.6 381.8 378.9 378.8 378.8 379 378.8 380.6 379.4 371.8
279.7 272.2 264 260.8 252.6 251.7 252.7 250.6 251.5 242.7 244.4 253.1 267.7 275.3 265.4 261.7 270.1 268.9 271.5 287 284.9 286.5 292.2 288.1 288.1 285.3 285.7 273.3 273.3 273.3 273.3 273.4 273.6 271.8 268.2 266.2 264.4 262.6 262.5 263.2 266.7 266.6 267.6 269.5 280.7 297 305.1 310.3 310.8 317.6 332.5 357.4 387.4 363.9 356.3 361.3 370.2 390.1 388.2 377.2 377.2 380.5 396.8 405.6 397.9 394.5 390.8 383.6 379.3 388.8 378.8 378.8 378.8 378.8 378.8 381.8 384.8 378.4 366.5
274.5 268.1 265.7 263.5 256 259.4 253.6 250.8 246.1 241.9 243.7 248.4 266.1 262 249.6 259.5 270.9 269.7 280.8 284.6 284.4 293.1 292.6 288.1 288.1 289.3 272.8 273.3 273.3 273.3 277.9 277.9 279.7 281.8 269.7 266.2 263.5 263.1 262.9 263.2 264.5 264.2 265.5 271.5 287.2 301.1 307.4 309.7 312 326 346.2 367.8 374.5 352.7 357 360.1 372.1 380.5 379.9 377.2 378.6 388.6 405 407.3 395.8 396.5 396 383.2 382.3 392.1 378.8 379.3 380.2 378.8 378.8 384.3 383.2 372.8 366.5
270.9 266.6 263.2 260.5 265 259.1 251.8 253 250.8 241.7 242.6 245.7 252.8 246.2 247.8 262.8 265 271.7 285.5 287.2 293.6 295.6 293.2 288.3 293.7 286.9 275.9 273.1 273.3 280.3 290.1 275.4 274.6 272.8 267.8 267.6 263.9 263.5 263 262.2 263 264.2 271.2 279.5 296.4 303.8 307.4 309.3 319.6 342 359.5 362.3 352.8 351.2 363.4 359.7 374.9 385.4 381.2 386.7 383.4 398 411.2 406.3 388.3 401.5 390.8 376.1 381.2 380.4 384.1 388.9 384.9 378.8 378.8 384.5 382 367 366.5
268.7 266.4 264.7 263.4 267.4 258.7 249.1 249 240.1 240.2 241 240.9 240.8 242.4 250.3 253.5 258.7 276.7 292.5 289.1 302.8 296.4 293.5 291.8 294.6 288.1 289 284.8 281.6 289.1 281.8 269.4 270.2 270.9 264.7 263.9 264.8 263.1 262.1 262.1 262.5 270.1 276.2 288.2 298.9 303.5 302.2 317.6 331.7 354 349.2 348.3 350.3 356.5 362.5 370.1 380.6 376 380.4 380.4 385.1 399.5 402.6 388.2 389.7 400 378.9 371 384.8 385.3 390.2 391.6 390.5 383.6 388.2 386.7 374.8 366.5 366.5
269.2 267.1 265.7 268.8 267.6 255.1 250.1 241 240.1 239.7 239.3 239.4 239.7 242.5 256.1 253.4 263.2 283.2 293.8 295.8 302.8 296.8 295.6 298.9 297.5 294.3 296.8 284.4 280.5 281.3 268 268 268 269.8 267.4 262.1 264.6 263.8 261.8 262.1 263.1 269.7 279.3 292.5 294.3 295.4 308.5 321.8 341.7 343.4 341.9 357.5 351.4 360.8 364.5 373.9 374.5 377.3 374.3 378.3 381.1 386.2 386.1 385.2 396.1 387.2 369 375.7 379.6 385.2 391.1 392.6 392.9 392.3 394.6 385.4 366.5 366.5 366.5
268.7 268.1 271.3 268.3 262 258 246.8 240.1 239.5 239.3 239.5 239.7 239.7 243.7 255.3 255.7 276.1 286.6 295.3 301.7 303.1 299.2 299.6 302.4 301.5 301.7 295.4 284.7 275.3 268 268 268 268 277.2 267.1 261.8 262.1 263.9 263 263.5 263.9 267.5 280.7 289.3 292.2 293.7 312.6 325.8 335.4 338.3 345.5 351.7 351.1 365.8 380.1 377.1 372.2 369.8 371.8 378.3 377 378 380 383.5 386.9 371.9 368.2 371.6 379.8 394.8 393 392.2 394.2 396.6 389.2 377.3 369.7 371.7 366.5
267.1 271.1 274.9 264.7 260.8 260.4 239.1 242.8 239.2 239.4 239.6 239.9 240.1 242.9 254.7 264 284.4 293.7 296.6 302.8 302.5 303.4 304.4 301.9 304.4 310.2 300.7 280.7 272 268 268 271.6 278.4 272.1 264.7 261.2 261.1 265.7 267.2 270.5 266.2 268.8 275.4 285.9 286.5 301.2 316.2 323.5 327.2 335.2 347 350.4 357.5 377.4 382.2 374.5 369.5 369.1 372.4 372.1 371.2 378.4 377.8 377.6 377.2 368.8 368.7 372.2 388.4 396.9 394.9 393.9 393.6 389.2 376.5 373.7 373.4 371.9 366.5
264.7 275.8 270.7 260.4 255.9 241.4 240.2 241.3 240.3 239.6 239.8 240.1 240.6 242.7 254.2 270.5 282.1 289.5 297.1 298.6 303.6 305.2 307.6 296.7 298.9 299.7 298.9 282.9 270.4 268 270 282.4 272.4 266.2 261.7 261.2 261.7 267.5 271.3 271.8 270.2 267.1 274.9 282.2 285.4 302.7 312.8 320.9 325.9 337.4 350.8 354.9 367.1 375.9 371.6 377.6 369.1 369.1 369.1 373.4 373.9 380.7 382.1 377.9 372.7 362.9 371.1 378.2 389.4 391 391.3 396.5 384.2 375.4 377.6 377.2 377.7 369 371.6
266 268.4 254.7 246.1 240.7 246.6 245.7 242 241.2 240.2 240.2 240.7 241.4 242.4 257.7 273.3 289.7 286.7 290.1 295.3 301.1 306.4 298.6 292.7 288.3 284.4 280.6 277.8 272.3 269.7 280 274.3 266.2 261.2 261.2 261.2 261.2 265.8 267 271.8 270.4 266.7 276.1 279.7 293.5 310.2 316.7 323.3 328.8 345.5 351.5 359 365.7 364.4 364.2 366.5 377.8 378.9 388.2 378.2 376.6 378.9 375.4 369.7 362.4 362.3 368.4 391.9 387.7 383.7 390.5 381 371.9 374.7 378.9 379.5 379.9 371.9 370.6
259.8 246.1 236.3 239.1 241.3 246.5 243.5 241.8 241.2 240.6 240.9 241.8 242.3 243.2 263.2 279.3 288 286.5 291.4 297.8 302.5 300.3 299.8 293.7 287.1 279.3 276.7 278.2 276.4 275.5 278.6 268 261.2 261.2 261.2 261.2 261.2 262.2 262.2 261.7 262.4 269.1 278.1 285.3 305.5 319.5 323 329.5 338.3 350.9 352.8 367.6 374.7 363.3 363.3 377.4 378.4 386.3 385.9 380.9 376.5 368.9 365.2 362 360.5 363.4 367.7 372.5 369.3 369.1 373.8 368.4 368.3 371.5 377.8 377.3 368.6 366.8 372
242.8 226.8 234.7 237 246.7 246.1 246.3 241.6 241.1 241.9 243.7 243.1 243.9 255.2 269.7 281 284.4 285.2 296.2 301.4 302.9 302.9 301.9 295.5 286.3 278.4 275.7 275.7 276.8 278.5 274.2 263.3 261.2 261.2 261.2 261.2 261.2 261.2 261.2 261.4 267.4 278.5 283.1 306.6 320.4 325.3 335.8 345.7 355.4 355.1 361.5 375.5 372.7 363.3 363.4 373.8 377.7 382.1 377.1 377 366.9 358.4 354.2 357.1 362.8 364.1 361.2 358.5 353.9 354.9 352.1 355.4 364.7 364.5 362.8 356.5 359.6 364.5 362.3
