data/190000-620000.asc
ncols 200
nrows 200
xllcorner 190000
yllcorner 620000
cellsize 50
[rows 35 to 69 of 200, columns 80 to 159 of 200]
279.3 262.5 248 242.4 239.8 238.6 232.7 237.2 240.9 240.5 243.2 248.5 257.5 264.7 272.1 279 282.4 284.8 291.1 295.2 300.2 301.5 299.1 294.5 293.2 296.4 297.5 295.9 291.3 288.9 287.9 283.6 287.8 289.9 294.4 300.4 298.5 292.4 277.4 262.3 245.7 234.4 218.9 197.1 200.6 191.5 188.4 181 177.1 170.1 165.6 163.1 162.1 160.9 155.4 156.7 158.3 157.2 163.1 178.6 187.5 193.1 203.7 209.9 213.5 217.5 224.5 232.3 245.4 260.4 276 287.8 292.5 304.6 311 317.2 322.2 327.8 335 342
262.5 250.3 237.6 230 231.7 231.7 229.5 233.8 237.5 239 242.5 247.3 254.7 261 268.8 276.2 278.3 281.7 285.8 291.2 295.2 296.6 294.8 291.7 287.4 289.8 290.9 288.9 286.6 284.8 282 280.8 284.1 287.3 291.3 298 297.6 292.9 275.7 260 245.5 233.4 219.4 203.3 187.3 176.6 174.5 169.5 165.6 159.3 159.1 158.9 164.7 160 153.2 154.4 154.7 166 180 187.4 195.1 203.6 208.9 213.4 215.9 222.7 232.5 241.5 258.9 273.3 288.6 302.3 308.7 318.9 323.5 330.5 333.6 337.7 342.6 353.1
247.1 235.5 223.9 224.4 226.4 227.1 226.8 230.7 230.9 238.5 241.7 245.9 252.3 259.4 265.6 271.8 276.7 279.2 282.3 288.3 290.3 289.5 289.2 286.6 281.8 284.5 284.9 282.8 281 280.8 278.9 280.8 280.3 283 289.7 292.2 294.3 288.6 273.6 256.5 243.7 232.1 219.6 203.2 185.8 172.7 164.8 164.3 160.5 153.2 154.6 158.6 154.2 147.8 149.6 152.4 165.4 177.2 187 194.9 202.8 208.9 212.2 215.3 220 228.8 240.5 254.8 267 282.3 300.7 314.1 321.7 332.4 339.6 344.3 346.9 350.1 357.2 366.8
234.4 219.6 220.6 222.4 224.4 224.5 224.6 225.5 231.7 238 241 244.2 250.2 257.9 263.1 268.2 272.5 277 279.7 284.6 285.7 284.9 283.8 281.8 277.9 279.9 278.1 275.8 275 274.5 275.5 280 277.6 279.9 285.5 289.5 290.8 280.9 273.1 254.7 241.1 229.2 217.7 203.8 182.5 166.8 156.9 157.8 156.3 149.1 154.6 152.2 147.2 149.4 154.9 163.8 175.9 187.1 193.5 201.4 209 213.3 216 218.7 225.3 236.7 249.2 264.5 280.1 292.5 307.8 316.2 327.9 338.6 349.8 357.3 360.3 361.2 369.7 379.4
219 216.5 218.6 220.9 223.2 222.4 221.2 225.3 229.7 235.3 239.3 241.9 248.2 255.4 261.4 266.2 269.4 274.4 278.3 280.2 280.7 279.6 279.1 277 273.4 271.8 270.6 269.2 269.3 265.9 273.5 273.9 271.2 276.3 280.4 280.8 281.1 273.7 268.9 251 237.7 226.8 217.5 200.2 178.4 160.3 151.7 151.4 149 149.6 149.7 145.6 147.2 155 162.4 172.5 184.5 191.5 200.1 207.9 215.3 220.9 225.1 229.8 235.6 244.7 258.2 280.3 291.4 304.7 312.2 318.4 327.5 336.7 347.6 360.5 363.3 366.2 372.7 383.6
216 214.5 217.2 219.7 221.9 220.3 218.5 222.5 228.1 233.7 236.8 239.8 246.5 253.6 259.3 262.7 266.3 272 277.5 276.8 276.3 275.2 274.4 272.7 268.6 266.1 264.8 264.6 264.9 262 269.6 269.1 268.8 274.2 279.5 277.4 272.5 267.3 259.7 245.1 234.6 224.2 213.3 193.2 172.9 155 149 147.3 145.4 149 141.8 143.6 151.2 159.9 168.7 180 190.6 198.2 206.8 213.8 221.3 229.5 236.8 245.5 253.2 258.3 270.6 288.6 304.1 314.8 321.5 324.2 329.7 335.3 346 357.1 362 365.4 372.1 381.9
216 213.1 215.8 218.5 221 219 216.8 221.8 226.6 232 234.3 237.7 244.6 251.1 255 259 263.8 268 273.3 273.5 271.8 271 270.1 268 263 259.7 259.5 259.6 259.7 262.9 264.8 264.7 268.6 276 280.8 276 267.7 261.1 250.8 240 229.5 217.7 205.8 185.4 164.8 150 145 145.1 142.4 142.7 140 144.9 152.2 165.3 178.4 189.8 197.2 205.2 212.6 219.8 228 235.1 244.9 256 263.1 269.7 283 300.4 312.2 325.6 330.8 328.7 333.1 337.4 343.4 351.4 357.8 362.1 367.8 375.2
213.7 211.8 214.3 217 217.6 217.6 215.4 220.3 224.9 231.1 230.9 235.4 241.3 249.7 253.7 257.6 262.3 266.7 270.8 271 270.1 268.1 266.7 263.5 259.3 255.9 254.7 252.4 251 260.2 260.6 263.2 269.7 277 279.9 275.7 266.8 255.4 244.7 234 223.6 211.5 198 180.1 158.9 145.9 141.8 141.1 140.4 138.1 140.6 151.9 159.8 171.7 187.2 197.2 203 210.3 216.9 225.7 234.1 242 253.2 262.9 269.4 278.5 290.8 309.4 320.1 329.8 333.8 335.6 341 342.5 344.3 350.3 356.1 360.5 364.6 369.9
212.3 211.6 214.4 216.4 215.8 215.3 214.9 218.1 222.4 227 229.3 233.4 239.3 247.9 252.4 256.1 259.5 263.3 267.7 268.5 268.7 265.9 262.9 259.5 255.1 251.2 249.2 249.7 253.4 256 255.6 261.3 266.8 275.1 276.4 274.6 266.8 252.2 241.3 227.8 217.4 205.6 192.4 167.4 151.3 141.4 138.4 138.2 136.3 138.7 149.1 161.7 171.2 179.4 179.1 199.8 207.1 214.4 221.1 230.8 240.7 254.5 262.4 267.2 275.1 285.2 301.5 316.2 325 329.3 335.3 339.2 342.3 346.3 348.3 351.9 354.3 357.4 361.3 367.1
211.8 209.9 213.2 215 215 213.1 215.7 217.6 220.6 224.6 227.4 232.3 238.2 245.1 251 254.7 257.8 260.4 262.9 265.8 265.8 263 259 254.3 249.5 246.4 245.5 236.8 249.3 250.4 253.9 258.1 263.6 270.6 271.6 271.2 262.7 249.4 235.9 223.5 211.8 199.4 177.2 158.9 145.2 137.4 137 137.2 136.3 142.4 155.1 166.9 178 187.4 194.4 191.7 196.7 215.2 226 235.3 249.3 260.7 266.7 271.7 282.8 291.8 307.4 320.5 329.4 331.4 335.7 340.8 343.3 346 346.4 349.4 351.2 353.3 358.6 365.1
211.5 209.8 210.2 211.5 212.5 212 214.5 217 219.4 222.9 226.8 231.4 237.2 243.5 249.2 253.5 255.9 256.5 259.6 262.3 262 259 254.5 249.8 244.3 239.2 241.4 235.3 244.7 246.9 249.9 254.9 259.5 264.2 269.8 267.3 259.3 247 230.3 218 207.2 189.7 169.4 151.1 142.5 135 135 135.2 136.2 150.3 163.9 168.7 184.9 195.7 202.3 208.6 212.7 216.5 227.5 231.1 247.6 261.3 270.4 276.1 287.9 301.1 315 325.4 332.3 336.3 337.3 339.7 340.9 341.8 341 345.4 346.9 351 357.7 361.5
212.8 209.9 207.5 207.8 207.6 211.4 212.2 215.1 218.5 221.5 225.9 229.1 236 242.6 246.2 249.1 250.5 253.8 256.9 259.6 259 254.8 249.8 244 237.3 235.1 235.5 233.3 239.8 243.2 247.7 252.4 257 261 269 263.9 255.5 242.6 223.7 211.6 198 181.7 163.4 147.9 136.5 133.1 133 134.2 141.5 158.2 169.4 182.1 202.9 206.8 212.2 218.8 221.6 227.5 236.8 243.7 254 259.2 262.9 272.5 291.4 305.2 321.5 325.6 331.3 334.8 335.1 334.9 337.9 339.6 343.3 347.4 350.7 353.9 358.7 361.9
214.1 208.9 205.7 205.6 206.9 209.3 210.7 213.7 217.2 220.5 224.2 228.2 234.3 239 242.5 245.6 247.8 250.1 253.2 256.1 255.3 250.9 245.7 238.3 232.4 225.7 228.1 230.5 235.3 241.5 246.3 251.1 255.6 259.1 265.5 259.2 251.1 239.8 219.3 203.9 190.4 171.6 158.1 145.1 132.3 131.5 131.5 141.5 153.5 164.5 177.1 191.1 206.7 216.5 223.8 227.8 230.4 236.3 247.4 254.6 263.5 272.4 278.7 285.7 295.3 302.6 310 319.9 327.9 329.2 334.7 339.5 343.4 344.9 347.4 352.4 356.1 360.2 365.7 367.2
213.3 207.3 204.7 203.7 204.9 207.4 210.3 213.5 216.2 219.7 222.9 226.6 232 236.2 239.8 243.1 245.6 247.8 250.1 250.9 249.8 246.5 241.1 232.8 223.8 218.4 219.8 228.3 238.4 242.6 247.6 252.8 258.3 256 260 253.3 244.1 231.5 211.5 196.2 180.8 161 150.1 137.8 130.5 130.4 140.2 152 163.2 172.2 187.1 200.7 212.4 224 230.1 235.7 241.2 246.9 257.1 263.7 273.4 281.2 288 295.7 304.2 312.9 323 327.7 328.3 332.5 339.3 345.4 350.2 350.5 353.3 359.8 364.8 369.2 374.2 375.7
211.2 206 202.4 201.4 205 208.4 211.7 215.1 215.4 218.9 222.1 225.3 229.1 233.4 237 240.2 242.9 245.5 246.7 246.7 245 240.7 236 226.3 217.3 213.6 218.6 235.5 238.5 242.9 248.7 251.4 254.3 252.9 251.3 244.2 235.4 220.8 202.3 186.5 169.1 151.3 143.2 135.9 129.3 136.7 148.1 159.4 173.3 181.6 194.9 208.4 220 229.1 235.8 240 246 257.3 270.1 277.6 282.2 290.1 298.3 309.1 321 321.8 329.5 336 338.5 344.7 345.1 351.1 355.6 359.6 360.8 367.3 372.1 378 384.4 385.5
209.1 204.4 199.9 201 205.5 208.4 212.2 214.7 216 218 220.7 223.8 227.6 231.3 235 237.9 240.4 242.3 242.8 242.1 239.8 235.7 230.1 220.9 210.8 212.8 220.7 234.1 235 239.7 243.3 249.1 251.3 248.3 241.9 234.4 224.5 208.7 192.3 173.7 154.8 144.4 141.4 131.2 128.9 137.8 153.3 164.3 175.4 187 202.2 213.2 224.4 231.7 238 244.3 251.1 263.9 278 285.6 293 300.8 309.6 319.6 328.1 334.8 340.1 342.1 346.6 353.2 352.7 354.5 360 364.3 365.4 371.7 377.5 387.2 394.4 396.9
209.5 204.4 197.7 201.2 204.1 208.2 211.5 213.2 214.7 216.3 218.8 222.5 226.2 229.7 233.2 236.2 238.5 239.2 238.3 235.7 233.9 230.9 225.7 215.7 208.7 213.7 221.5 228.6 232 237 240.1 247.1 247.6 244.9 235.2 225.5 214.3 197.6 179.1 161.2 146.4 136.8 134.4 126.6 128.4 142.1 154 165.3 176.9 193.5 207.7 219.3 225.8 232.3 240 246.2 257.6 269.8 282.8 292.6 299.5 308.5 319.4 331 333.5 340 344.5 348.6 352.8 360 361.9 360.3 365.2 370.1 372.8 372.3 380.2 391.1 400.1 402.2
209.7 202.4 193.9 197.8 203.1 206.6 209.9 210.6 211.6 213.3 217.6 221 224.6 228 231.4 234.6 236.5 235.1 233.2 230.4 228.7 226.2 220.4 211.1 207 218.1 222.5 225.6 230.2 234.5 238.9 245.1 249.7 242.1 228.5 216.5 203.5 185.9 167.3 149.6 135.1 130.9 123.9 125.7 130.9 142.4 148.4 159.2 180.2 199.6 213.9 220.5 227.4 234.7 241.8 251.2 265.8 277.5 288.8 301.4 305.3 313.9 323.3 331.4 335.8 340.6 347.2 353.6 359.3 365.2 369.9 367.8 370.1 374.1 377.1 379.7 380.6 388.3 394.9 399.4
208.7 202.1 196.3 193.3 200 203.5 206.1 208.4 210.2 209.8 215.2 220.7 223 226.4 229.9 233 234.7 232.3 227.4 224.6 222.8 219.1 213.3 202.3 211.5 221.6 225.7 227.5 230 232 240.8 246.3 245.5 239.3 223.5 205.1 190.8 174.4 156.5 142.4 132 122.4 123.6 127 135.7 144.4 153.6 167.8 187 202.5 213 222.4 231.3 238.2 246.7 260 277.9 286.1 295.8 307.1 313.2 317.4 325 332.2 340.2 345.5 350.5 357.5 363.3 369 372.1 373 374.6 377.9 380.9 383.9 381.7 385.2 388.5 396.6
207.4 201.4 195.7 188.9 196.5 200.5 202.6 204.5 206.7 209.1 213.9 218.8 222.3 225.8 229.1 231.9 233.3 230.6 223.3 218 214.9 211.9 206 202.4 216.9 226.5 230.8 229.4 229.5 233.5 240.9 242.6 241.5 234.3 216.1 192.1 176 161.4 142.7 133.3 123.7 122 123.9 133.3 142 153.8 164.9 180.9 196 210.2 217.7 228.3 237.4 242.4 254.6 270.4 280.8 287.6 297.2 311.4 319.4 327.2 332.5 338.3 345.6 351.9 357.1 361.4 366.1 371.1 376.2 376 377.3 380.9 381.8 385.3 384.6 385.6 387.1 389.9
205.8 199.7 193.1 180.4 192.1 197.2 199.3 201.5 204.1 207.1 211.3 217.2 221.8 225.5 228.7 230.9 232.4 229.5 221.4 212.9 209.7 206.7 198.7 205.6 222.5 230.8 231.4 230.6 228 230.1 235.1 235.9 234.9 226.8 202.3 176.9 161.2 145.8 132.1 126.6 120.7 121.3 124.9 138.2 149 159.9 171.9 188.6 205.2 217.3 228.3 237.6 246.4 255.1 263.5 271.6 280.1 293.6 300 317.6 326.4 334.6 340.7 346.7 352 358.2 361.1 365.5 370.7 374.3 379.4 380.2 380.3 380.7 381.1 383 384.4 386.6 389.6 390
203.7 197.6 192.3 178.4 187.7 192.3 196.6 198.6 201.7 205.2 210.2 216.4 221.2 225.6 228.4 229.9 232.5 230.6 218.5 208.4 205.2 201.8 197 207.7 222.1 230.4 234.1 230.9 225.3 225.7 227.4 227.9 226.2 213.7 186.8 166.6 147 134.1 127.9 117.3 119.2 120.1 128.8 143.6 153.3 166.3 181.3 201.2 214 228.3 241.8 252.5 260.7 264 268.2 276.2 283.7 297.7 308.4 317.9 328.3 337.4 346 354.4 360.9 364.5 366.9 369.3 373.8 378.8 381.3 385.8 386.8 381.6 381.7 383.2 386.5 389 393.8 393
202.4 196.3 189.2 178.8 182.9 188.2 193.1 195.4 198.6 202.8 209.5 215.2 220.1 224.4 228.4 229.9 233.4 230.4 217.6 204.9 200.9 190.8 197.4 208.4 217.7 229.3 235.3 230.7 222.6 221.5 219.3 218.8 216 199.4 176.3 155.4 134.5 125 120 117.3 118.2 121.2 133.3 148.4 159.2 175.1 197.4 216.5 230.5 246.7 257.7 264.9 270.9 270.9 275.2 280.9 288.7 300.5 308.7 320 333 342.3 350.8 359.4 367.1 372.2 372.3 374.9 377.8 381.3 385.4 387.7 387.4 384.4 384.3 388.7 391.6 399.1 401.9 401.7
200.3 194.5 187.3 179.5 176.4 185.6 189.2 192.3 196.3 202.8 210 215.3 218.6 223.3 227.5 231.1 231 228.9 213.9 202.4 195.4 184.5 197.2 206.5 215.7 225.5 230 225.7 219.3 214.8 211.4 209 202.8 185.4 166.8 145.5 126.1 120.9 116.6 116.6 117.3 121.4 137.2 153.2 165.2 184.9 211.8 233.2 244.8 259 269.9 274.8 278.4 279.1 281.3 284.2 293.4 303.3 310 319.3 331.8 348.1 356.4 363.1 371.3 376.3 379.4 380.1 381.2 381.6 382.4 386.3 387.6 387.9 388.7 390.9 398.4 406.2 406.9 405.2
199.2 193.2 185.4 174.8 172 181.4 184.7 188.9 194.8 203.2 209.7 213 216.9 220.8 224.6 227.2 228.5 224.1 208.4 196.4 189.8 180.5 195.8 205.4 212.8 218.2 221.9 219.9 215.6 208.2 204.7 201.4 190.8 174.9 158 138 121.3 119 115.6 115.7 117 126.1 141 157.5 175.8 198.8 220.8 239 251.1 264.4 274.8 279.5 280.8 285.7 287.9 292.8 292.5 300.3 309.4 321.3 333.8 347.6 357.1 362.6 368.6 374.2 380.8 382.3 379.8 378.8 380 383.3 387.1 390.2 392.1 393.9 398.4 408.4 407.7 407
199.5 193 181.9 177 164.4 177.8 179.9 185.2 192.8 201.8 206.7 210.5 214.3 217.7 221.4 222.5 221.2 217.4 200 191 184.5 186.3 195.9 203.1 208.7 213.9 215.5 215.8 211.6 203.6 197.9 191.9 179.1 166.1 149 131 120.8 118.5 114.8 114.8 117.8 134.7 149.8 167 185.9 206.2 226.1 243.4 256.7 266.9 275.7 283 280.9 282.7 289.7 291.8 295.9 302 312.8 322 332.8 345.7 353.5 359.4 366.2 373 377 378.1 377.8 376.8 381.1 383.9 391 393.5 396.5 396.1 396.1 403.5 405.8 404.1
198.1 191.1 181.4 175.1 162.8 174 178.4 184.2 191 200.1 204 208.1 210.4 214.3 216.6 216.6 213.4 208.8 191.3 186.3 177 186.8 195.3 199.9 202.7 207.7 210.3 209.6 206.2 198.5 189 180.6 170 158 140.3 123.3 118 117.2 113.3 114.3 123.7 145.1 158.1 177.3 194.9 212 228.7 242.6 259 266.8 274.3 280.6 278.2 280.6 283.7 290.1 300.9 309.3 317.1 326 334.5 340.9 348.1 355.8 363.8 370.8 373.1 372 372.3 379 383.2 387.9 391.4 394.1 398.8 398.8 393.7 394.9 398.9 397.7
196.5 189.3 179.8 172.8 159.9 172.6 176.6 183 191.1 197.4 202.7 205.5 208.1 210.1 210 209.4 205.7 197.7 184.2 174.5 183.6 188.7 194.7 196.4 197 200.8 203.2 202.7 200.4 191.9 180.7 170.9 160.1 147.7 131.7 121.3 116.3 115.1 112.8 117.9 131.3 149.6 167 184.3 199.1 214.6 227.6 243.2 255 262 270.3 272.3 272.7 278.1 283.5 291.1 302.8 312.5 319.9 326.1 332.2 335.9 343.1 351.6 359.2 363.5 366.3 368.2 370 378.4 383 384.6 388.5 392.4 397 396.9 390.3 386.6 386.9 390.3
198.7 193.2 180.9 171.9 159.3 170.5 174.7 180.2 189.6 196.1 200.4 202.3 203.3 203.6 202 200 195.2 186.5 169.5 182.6 189.4 193.2 193.7 193 192 193.2 194.9 195.1 193.1 185.6 173.6 161.6 151.3 141.2 128.1 115.8 112.5 111.3 116.5 136.4 152.1 162.8 169.7 188.6 204.1 217.4 227.1 240.7 252.6 259.2 267.3 266.7 268.6 277.1 284.5 292.5 302.2 311.3 316.9 322.3 327.8 332.6 340.5 347.9 352.3 356.5 360.9 363.5 369.9 376.8 380.9 380.7 383.8 387.6 392.6 392.1 389.3 384 381.7 383.7
194.2 196.1 192.4 174.2 159.6 168.2 174.1 178.9 185.9 193.4 196.9 196.3 195.7 196.5 193.7 190.2 182 170.6 179.2 189.9 196.5 197.4 195.2 190.5 186.7 183.7 185.4 186.1 185.2 177 165.4 156.5 145.6 137.4 133.4 113.9 110.1 117.2 133.6 148 165.4 173.1 183.1 196.4 205.3 214.7 226.2 243.3 252.3 257.3 259.7 263.5 268.3 279.8 288.2 296.8 303.6 309.2 313.4 318.4 321.6 326.8 333.8 341.2 346.6 350.8 357.6 360.5 368.4 374.2 375.6 374.8 379.5 386.8 388.2 391.1 388.9 382.5 380.3 381.3
190.6 188.7 186.4 172.7 163.9 157.8 170 175.4 183 187.8 189.8 189.8 188.9 187.7 186 176.6 166.3 174.2 188.3 197 203 201.5 198.2 192 182.2 174 174.6 175.4 175.3 166.8 156.6 147.4 138.9 135.7 122.1 108.4 111.4 126.7 140.1 158 172.8 180.5 189.1 197.6 206.9 219.2 234.3 247.6 253.9 257 259.2 264.6 272 283.7 292.5 300.3 306.1 309.1 311.2 315.5 319.4 323.4 328.1 334.4 340.4 345.4 350 352.8 361.1 366.4 365.3 366.1 371.9 377.6 381.1 384.3 382.6 378.5 377.3 377.5
187.7 186.5 182.7 178.6 167.5 150.3 165.4 172.5 178.6 181.9 183 183.5 182.4 180.4 176.2 164.9 162.4 182.3 195.6 204.4 207.6 204.9 201.2 194.1 183.5 166.7 159.3 162.5 164.8 157.4 149.7 141.4 135.5 133.6 117.2 108 118.8 131.9 148.8 165.7 173.4 183.1 190.5 199.2 210 226.3 242 250 253.7 256.1 260.6 267.9 277.5 287.1 297.1 302.8 308.7 311.8 311.9 312.3 315.7 317 321.3 328.1 332.9 338 341.6 346.2 351.1 352.9 352.7 357.4 362.7 366.3 369.7 372.4 373.5 373.3 372.4 372.2
186.3 185.1 188.5 183.4 171 156.2 155 168 174.8 177 177.2 177 175.4 172.7 165.3 150.6 169.2 188.8 200.3 211.6 210.4 208.6 203.3 196 186.6 170.9 151 149.3 152.6 149.1 142.2 135 132.7 130.8 114.3 107.3 122.8 139.4 155.6 165.9 173.6 184 193.9 202 214 231.3 246.3 251 253.2 256.8 263.8 272.3 282 294.8 301.8 306.1 308.9 312.3 313.2 312.1 310.8 309.9 313.2 319.5 323.7 328.2 333.8 337.7 340 341.9 343.4 349.1 352.1 354.6 359.6 363.5 364.7 365.9 367.1 368.7
187.2 189.2 187.9 184.1 172.3 160.6 147.2 164.1 170.3 171.2 171.5 170.3 169.4 166.3 155.5 159.2 176.2 191.3 202.3 212.7 210.5 209.1 204.4 197.6 189.4 172.3 151.6 138.8 143.6 141.2 134.5 129.7 127.8 123.9 107.9 109.4 127.2 139.9 155.3 165.5 176 185.8 194.1 203.1 216.7 235.3 246.6 250.7 254.7 259.2 270.2 279.6 287.2 298 301.9 303.5 307.4 310.6 312 310.5 308.2 306 305.8 310.7 314.5 318.7 324.7 326.3 329.1 331 335.7 340.4 341.6 343.1 347.5 354.2 354.6 355.9 359.8 363.7
187.4 189.9 190.4 183.5 173.9 162 143.7 159.5 164.6 166.5 165.7 164.7 163.1 159.9 144.3 163 174.7 189.8 201.1 209.9 208.6 208.2 205.8 198.8 189 169 148.6 132.5 136.7 133 127 122.2 119.8 108.1 104.4 116.4 131.4 143.2 156.9 166.4 175.2 185.2 194.7 204.4 219.3 236.2 243.6 249.6 256.3 263.4 274 282.8 289.1 298.4 299.7 301.9 305.7 308.7 309.2 307.9 304.9 301.5 299.8 303.3 308 310.2 314.9 317 318.8 321.7 325.8 328.8 328.6 330.7 337.2 343.3 345.6 353.6 358.7 359.6
