data/190000-830000.asc
ncols 200
nrows 200
xllcorner 190000
yllcorner 830000
cellsize 50
[rows 70 to 104 of 200, columns 0 to 78 of 200]
155.9 181.2 211.3 226.1 249.7 266.2 297.2 321.3 336.4 339.6 334.1 333.3 338.8 349.1 344.5 338.6 338.9 347.4 355.4 352.3 347 340.2 340.9 345.2 350.7 356.7 370.1 380.8 381.6 371.5 367.9 369.7 368.1 364.6 377 389.3 400 396.4 391.5 404 409.8 407.8 406.6 403.1 393.9 386.2 379.5 369.7 352.7 339.3 332.2 325.4 319.4 316.3 305.5 297.3 303.3 308.8 313.9 324.5 330.3 327 323.8 319.1 309.1 302.8 300 293.1 285 274.9 267.6 267.4 269 275 261.3 248.7 242.7 234.6 233
178.5 186.3 195.7 203.6 240.2 262.6 288.9 312.1 328.8 337.5 341.6 340.8 342.7 344.9 344 341.9 345.8 353.7 350.9 340.3 337.7 343.1 352.4 357.9 366.3 375.3 385.6 391.5 390.3 385.8 379.5 383.8 384.6 380.9 377.3 390.9 399.7 399.9 393.4 400.8 412.9 416.7 418.6 414.1 401.5 395.8 390.9 379.1 361.2 350.6 339.8 330.6 325.1 318.2 308.7 299.7 307.4 315.9 328.6 330.2 325.9 323.7 323.2 320.1 313.8 311.3 305.3 292.9 285.9 277.9 274.2 272.5 270.1 267.8 258.6 251.7 248.2 241.3 237.3
220.5 234.4 238 246.2 260.7 262.6 285.5 304.1 322.4 331.4 340.1 345.8 348.8 350.3 346.5 348.5 350.1 349.1 340.1 336.9 339.3 350.5 357.2 363.4 370.7 384.3 388.8 390.8 390.4 385.9 385.7 394.9 401 397.9 391.4 387.4 384.4 386.7 393.4 407.5 420.6 428.1 423.8 417.8 408.6 403.8 399.3 388.9 367.2 355.9 348 338.4 327.3 318 307.8 307.8 319.5 333.8 344.5 339.4 333 324.9 318.4 317.6 316.3 313 304 293.2 288.2 284.1 282.8 279.3 274.9 272.2 265.3 262.1 256.3 247.4 239.6
239.8 253.4 259.6 262.1 286.7 300 296.4 302.3 311.7 324.9 329 335.2 341.9 344.3 348.5 357.1 358.9 353.8 346 341.2 340.3 344 349.8 359.3 369.6 377.9 381.1 381.5 381.1 383.6 390.9 399 402.5 400 396.4 390.9 387.6 386.7 387.1 398.3 419.3 422.3 416.8 406.5 400.9 402.6 405.1 388.2 368.7 359.7 353.2 346.8 339 321.5 309.1 311.8 325.1 342 352.1 339.6 333.8 328.8 324.9 320.8 315.7 311.1 304.2 298.1 292.1 291.4 290.3 293 291.2 285.3 277.4 268.3 261.9 251.8 244
254.8 271.4 283.3 284.3 303.2 308.6 301.8 315.3 309.6 322.3 322.9 321.9 331.7 337.4 345.8 357 357.3 354.8 349.4 346.6 352.4 360.9 357.7 360.5 365.8 369.1 371.5 372.9 377.5 384.6 391.5 396.7 400.8 401.8 399.4 395.1 391.8 393.2 395.5 390.7 392.5 399.5 397.9 398.2 397.7 397.5 394.9 381.3 367.9 363 358.9 350.2 339.6 321 315.9 315.6 323.9 331.8 339.7 337.7 333.7 329.6 326.4 324.5 318.5 311.2 306.9 300.5 294.7 296 300.8 300.5 292.6 286.2 280 269.7 262.6 252.9 246.3
284.3 293.5 297.4 298.9 295.3 314.9 319.6 317.5 311.3 312.5 312.4 318.8 329.4 333.2 345.8 345.7 342.1 339.8 346.4 364.2 365.4 369.2 373.5 379 386 388.1 383.7 380.6 386 388.1 389.3 395 399.3 400.8 404.7 405.3 403.3 407.6 403.9 401.1 403.8 400.1 399.3 396.9 395.7 395.7 391.6 374.8 366.2 360.6 357.6 347.8 333.7 327.2 324 318.8 325.3 330.1 339.4 343.2 338.8 333.5 330 328.3 320 311.5 307.4 303 298.2 297.2 296.8 295.8 290.2 283.4 277.2 269.3 262.4 256 249.8
304.7 308.2 306 308.7 302.5 310.6 319.6 313.4 312.3 312.5 315.4 319 319.3 321 338.1 336.3 335.2 339.2 351.1 369.1 365.1 376.9 381.1 381 383.1 383.3 385.4 392.7 402 404.7 401.3 396.8 397.9 403.3 416.4 425.8 426.2 428.7 416.2 407.1 405 407.6 410.5 409.9 406.1 398.3 390.5 378.5 369.1 362.4 352.8 343.3 334 330.1 326.8 323.4 330.2 341.1 351.5 354.3 352.6 342.4 336.4 328.4 321.2 314.6 310.3 307.1 307.8 306.9 305.6 299.8 288.4 280.6 275 270.3 264.1 257.4 252.4
317.4 314.7 311.6 310.4 308.4 306.4 311.7 314.8 316.3 317.8 321.9 321.3 320.6 320.6 324.1 325.4 337.9 346.7 360.5 362 361.3 360.1 364.9 367.8 372.6 382.7 394.2 410.2 417.6 420.1 412.1 409.5 409.9 419.4 424.2 427.5 432.4 427.2 415.4 413.5 416.1 425.6 429.6 429.2 423.6 413 401.1 385.6 373.1 363.4 352.9 341.8 335.1 330.1 328.2 328.1 337.5 356.9 359.4 354.1 351.1 342.7 338.4 327.7 321.7 319 317.2 314.2 314.9 315.8 314.4 303 288.3 278.9 270.9 265.7 264.9 260.5 253.9
327.3 319.7 316 314 313.7 309.5 309.8 314.6 319.7 319.6 320.4 322.9 324.3 324.9 329.5 334.7 335.4 343.4 355 357.9 358.2 359.6 361.5 365.2 382.7 393.2 407.2 418.4 423.5 421.3 416.1 416.9 431.5 433.5 443 442.8 445 435.1 425.3 423.2 433.5 446.8 439.4 437.4 435 425.6 409.4 391.4 379.9 369.1 355.9 347.5 340.8 333.8 337.1 339.5 339.6 352.3 352.6 348.7 344.4 339.4 331.6 331 329.1 324.8 324.2 320.5 318.7 317.9 312.4 300.6 289.3 279 268.8 262.9 262.7 258.7 253.5
328.4 324.1 324.2 318.3 318.6 316.5 316.5 311.9 314.9 315.5 317.7 324.5 330.4 331 336.7 345.5 351.4 355.5 359.2 360.7 362.2 362.4 367.8 375 378.1 384 398.7 403.5 404.8 416.1 420.8 437.5 445.2 444 448.9 447 448.8 452.7 457.8 455.6 446.3 440.2 434.8 434.8 434.8 427 409.1 393.4 379.1 369.5 358.4 354.9 347.2 340.8 345.8 348.4 344.3 341.1 341.2 343.7 338 335.5 336.5 338 338.6 334.1 327.5 321 324.1 316.6 311 300.7 293.6 281.6 271.6 265.6 261.7 257.1 252.5
323.3 316.9 324.2 323.4 321.8 318.8 316.7 316.1 314.7 317.2 320.9 329.4 333.1 342 351.7 355.1 359.5 362.6 369.4 376.2 373.2 367.5 373.2 385.5 390.2 381.4 393.8 402.7 412.1 421.7 438.9 452.2 458.2 452.1 449.7 450.6 460.2 468.1 470.8 466.9 466.5 462.5 454.4 447 435.8 419.7 408.2 395.9 386.7 372.4 367.4 362.8 354.8 349 353.8 350.2 346.3 342.9 336.5 335.2 337.8 340.8 341.6 343.9 347.6 342.2 328.3 319.2 315.9 313.4 309 305.4 295.3 284.4 275.1 269 262.1 257.3 253.5
311 311 314.3 318 317 317.8 321.9 323.2 322.3 328 331.2 335.7 343.1 347.6 355.1 362.2 369.3 377.1 380 385.3 385.6 384.5 379.9 383.9 388.4 384.3 392.5 402.3 413.5 422.3 441.5 447.2 453.5 454.9 454 454 471.3 474.5 475.3 472.3 471 468.6 464.7 455.9 442.5 428.3 409.9 395.9 385.2 377.9 369.8 366.9 360.9 359.9 360.5 353.6 345.9 341.3 334.8 332.4 339.7 338.9 340.7 349.5 349.1 344.8 328.5 320.3 313.2 306.6 304.6 302.1 295.4 284 276.5 269 262.8 256.7 251.7
311 311 311 311 315.3 321.2 326.7 335.6 334.6 338.8 339.1 342.7 349.9 351.4 359.4 365.6 372.5 377.9 386.7 395.6 404.9 405.1 399.4 393.7 392.5 392.9 393 402.3 408.4 415.4 434.1 441.1 447.4 447.4 443.4 456.6 472.8 475.5 475.7 474.4 471.6 469.9 463.9 452.1 440.3 423 405.1 390.4 388.8 380.4 373.6 369.2 370.1 368.5 361.2 352.6 343.4 336.1 332 329.7 327.6 326.9 332.3 343.2 342.6 338.7 329.1 320.1 313.4 305.4 302.9 300.4 294.4 284.7 275.5 267.4 260.8 253.7 248.6
311 311 311 311 321.6 328.8 339.2 342.4 340.4 347.6 346.7 343.6 345.9 356.2 367.6 379.7 381.1 383.9 392.7 401.9 410.7 412.5 409.1 411.2 406.5 407.9 413.4 416.3 416 416.9 428.7 437.1 434.8 429.9 433.7 444.8 459.9 476 474 470 464.3 463.8 455.9 446 429.1 413 402.9 399.6 392.5 383.4 376.1 369.8 367.3 364.8 358.3 348.3 347.3 340.6 333 330.8 332.3 332.1 326.9 326.9 326.9 329.3 326.1 318.2 312.2 304.7 303.3 301.6 293.2 284.6 276.7 267.3 259.3 253.2 246.7
311 311 311 321.8 333.4 339.4 345.9 344.5 350.5 354.8 355.2 354.2 358.3 369.9 383 391.5 388.4 396.5 402.4 404.7 408.3 415.6 419.7 419.5 428.4 431.9 428.5 427.6 422.2 418.5 425.2 432.4 430.3 432.1 436.8 437.1 446 458.2 464 465.5 460.4 451.6 443.8 433.5 417.6 407.5 405.6 405.6 398.8 387.9 376.8 376.8 373.4 367.7 362.6 358.2 353.2 343.1 333.1 330.9 334.1 338.2 333.7 327 326.9 333.2 324.7 313.8 306.8 302.2 305.3 304.8 292.9 283 274.8 265 257.5 251.7 246.2
320.7 319.9 325.3 332 340.6 350.8 351.6 347.5 353.6 357.6 363.5 366.9 374.1 385.3 391.3 392.1 395.4 403.8 406.8 406.5 405.5 413.5 426.9 435.1 441.5 445.3 442.2 440.6 433.5 427.4 423 422.6 423.2 427.6 439.5 444.6 454.1 459.1 463.9 468.6 465.4 459 449.8 436.8 416.3 406.7 407.8 404.6 397.4 390 387.2 391 388.8 382.8 376.8 369.3 356.7 342.7 333.1 331.7 332.4 337.4 334.3 330.9 326.2 329.7 322.6 312.1 307.4 306.1 297.6 296.9 289 280.5 271.2 262.3 256.5 251.6 246.5
330.6 332.7 339.2 339.9 345.5 353.3 356.2 351.9 356.3 360.1 369.1 374.3 384.4 391.3 394.8 398.3 395.6 399.7 402.8 406.5 409.8 422.4 433.6 443.4 455.3 457.1 450.1 444.8 439.7 430.6 425.2 425.5 427.6 433.4 446.7 463.2 472.4 467.3 466.9 465.3 462.2 458.6 448.3 432.2 414.2 406.7 402.1 398.1 393.9 389.3 395.3 398.7 398.9 395.7 386.8 377.3 367.3 350.4 336.4 332 332.4 337.2 335 328.6 323.3 324.3 323.6 314.1 313.8 310.1 296.6 290 285.5 282.6 273.3 262.5 253.1 249.3 246.2
340 346.2 346.9 347.2 347.4 354 357.6 353.8 356.4 360.7 372.9 379.2 388.5 394.6 398.6 399.4 394.9 396.6 406 413.6 421.9 445.6 446.9 446.6 450.8 453.3 447.5 443.7 442 440.2 438.5 435.6 432.7 449.8 460.6 464.1 469.1 473.6 467.4 460.2 457.2 451.5 440.7 422.6 412.9 407.1 402.4 398.7 393.6 391.1 395.8 395.8 399.8 400.6 391.9 381.3 370.2 356.7 342.8 334.3 333.1 334.4 330.9 325.8 321.6 316.9 318.8 313.5 311 303.4 294 288.3 284.6 279.9 271.9 262.6 253.1 245.7 238
342.1 351.4 356.6 352.7 351.2 353.3 359.4 357.7 359.9 364.1 370.9 384.2 392.9 398.1 401.4 402.1 396.9 398 404.7 412.7 429.2 451.7 453.6 453.8 452.5 449.3 445.1 444.6 452.8 456.9 449.2 441.6 439 442.6 462.1 461.9 460.2 462 460.1 457.9 453.5 447.5 428.4 415.4 414.2 417.2 414.6 405 395 393.3 391.9 389.8 389.6 392.4 389.9 381.1 372.9 359.9 349.7 340.6 337 333.8 326.4 321.7 319.3 316.8 312.5 310.9 306.9 301.5 295.7 290.5 284.8 275.8 269.8 264.2 253.6 238 248.6
347.9 353.6 358.9 357.2 356.5 360 362.1 361.1 366.9 368.6 373.3 385.5 395.8 403 409.6 410.7 409.8 407.7 413 432.9 451.4 456.5 458.2 460.4 457 449.8 446.9 450.2 457.6 462.8 465.5 454.6 450.4 450.1 449.3 453.9 452 455.4 457.8 456.8 449.3 429 414.4 418.6 425.5 425.6 417.4 406.8 401.2 394.9 394.9 397.3 404 400.6 398.8 389.2 378.9 365.5 353.8 347 341.7 336.7 329.7 323.5 317.1 311.9 305.4 308.9 305 301.1 297.5 291.7 282.2 272.1 263.1 252.6 249.9 249.7 255.1
357.1 361.5 362.6 363.2 363.4 366.3 366.9 367 370.1 374 380.5 392.4 403.7 406.4 412.1 414.4 413.7 410.7 429.6 448.9 459.1 458.9 457.7 459.7 452.4 451 459.3 461.4 463.5 466.1 467.6 460.7 458.2 453.6 450.9 453.1 452 454.4 451.9 443.3 430.4 413.1 409.7 415.5 424.4 419.5 412.2 404 398.7 397.5 402.1 399.8 400.7 402.7 401.7 394.1 385.1 372.5 360.4 350.2 342.4 337.2 333.4 328.1 320.5 310.7 302.8 299.4 300.5 301.7 300.9 288.9 276.2 265.5 258.1 252.2 243.4 250.3 258.7
367.7 370 374.7 374.6 374.2 373.8 372.7 372.1 376.7 382.2 388.7 393 405.6 411.7 412.3 417.3 416.5 426.6 444.5 455.2 457.3 454.7 453.4 448.6 447.5 462.6 468.4 473.7 472.1 469.9 468.8 476.8 465 455.9 451.1 453.5 457.7 449.4 440.3 430.8 415.6 409.7 409.8 410.7 414.6 409.4 401.4 399.3 394.8 398 395.2 401.1 407.2 410.5 406.5 393.1 379.5 370.6 361.6 353.8 352 345.2 338 331.7 322.1 310.6 303.9 300 294.2 294.1 290.3 280.9 270.4 261.2 253.2 245.6 250.8 256 261.6
368.3 374.8 378.3 376 380.5 377.1 375.3 374.7 381.5 392.2 395.8 398.7 411.8 417 417.8 419.1 426.8 440.2 449.5 455.6 453 451.1 448.5 447.7 458.4 466.9 472.8 474.9 476 476.2 465.7 462.3 470.9 465 446.8 447 447.7 440 426.8 411.5 409.7 416.1 416.5 409.7 401.8 398.5 391.5 387.6 386.5 393.1 395.4 397.7 401.7 398.1 392.7 385.3 375.6 370.4 364.7 363 360.3 353.3 343.9 330.5 320.6 312.1 305.9 300.6 293.9 282.6 281.3 275.3 268.1 259.1 250.4 244.7 253 259.5 267.2
370.8 376.2 374.2 378.9 382.1 380.8 378.5 378.2 389 397.6 403 408.4 418.1 419.3 421.4 424.7 437 446.3 449.3 451.9 450 449.4 446.3 456.9 463.3 470.4 471.7 474.2 473.8 472.2 468.3 457.3 448.4 444 439.1 431.6 427.3 419 403.1 395.8 409.4 413.7 403.3 403.1 402.8 399.6 392.8 389.3 388.4 391.7 394.4 400.2 397.4 390.3 382.3 375.2 371.4 372.4 370.5 370 365 359.2 353.3 335.4 322.2 315.4 309.5 302.1 292.7 282.1 269.3 266.9 266.4 257.5 248.6 245.5 246.3 266.8 269.4
371.9 372.2 377.8 383.7 384.6 384.6 382.8 382.2 390.5 401.7 408.1 413.8 417.3 420.6 425 428.2 436.7 441.8 451.2 448.7 452.1 450.1 450.7 467.3 467 469.2 467.9 468.7 474.3 472.8 467.1 457 445.1 437.1 430.6 421.8 412.5 404.4 392.5 386.3 384.5 389.6 393.8 396.6 399 397 394.5 392.6 387.4 387.5 386.9 391.3 388.5 386.6 380.7 378.2 378.9 377.3 374.5 370.3 363.2 354.7 344 330.8 324 318 310.3 302.5 292.7 283.1 276 266.4 258.5 252.2 249.1 252.1 258.4 262 263.3
365.3 371 383.2 387.5 388.4 386.7 384.3 385.6 390.7 405.3 408.2 411 412.6 421 432.2 434.4 437.9 445.7 446.2 446.1 449 447.9 462.4 469.3 468.1 467.7 470.8 478.3 480.6 475.3 469.1 454.7 443.5 433.7 425 416.6 405.4 397.4 392 383 382.2 377.4 384.5 389.5 394.5 395.6 392.7 391.3 386.7 377.4 377.4 379.5 383 387.9 384.8 383.4 382.9 382.3 376.6 370.9 363.5 352.8 340.9 331.7 324.4 316.9 309.8 305.1 299.8 288.9 280.7 266.5 256.2 251.1 250 256.5 258.2 259 261.3
356.3 372.4 382.3 385.1 381.5 382.5 382.1 390.3 400.3 402.9 403.5 407 407.1 424.6 433.6 435.9 437.1 440.4 442.1 440.4 439.1 443 466.2 468.1 469.3 473.3 475.1 479.5 479 475.4 463.4 447.5 442.3 428 420.3 409.5 401.7 407.6 399.1 379.5 374 375.4 374.1 376.5 384.6 386.5 384.7 385.3 380.3 374.9 372.1 379.6 385.5 391.6 392.1 386 383.5 378.8 372.6 369 360.7 351.4 342.6 332.5 321.7 313 309 303.4 299.2 295.6 287 275.1 259.6 252.2 250 251.3 253.6 256.3 262.7
351.3 359.8 366.5 374.8 374 377 382.4 392.3 404.1 407.9 404.6 401.3 404.8 429.8 436.2 435.4 434.8 436.8 437.1 427.9 428.6 450.6 463.8 467 469 471.2 474.3 475.6 474 470.3 460.7 443.3 431 422.4 408.4 404.1 407.4 407.2 396.4 380.6 374.2 370.9 370 361.2 360.9 363.8 368.2 371.3 371.3 366 370 375.9 383.9 387.1 385 383 382 377.1 366.7 360.6 355.4 347.1 338.1 326.8 320 316.5 313.8 309.9 303.7 301.7 300 286.4 268.1 257.1 251.2 249.8 250.4 253.5 262.4
344.9 352 359.2 364 369.7 374.6 380.3 388.6 401.8 406.7 405.7 403.9 412.5 431.1 433 432.7 430.9 434.4 436.5 422.3 438.9 453.6 454.4 463.7 467.7 471.6 474.2 472.2 468.7 462.1 448.4 431 420.4 411.3 404 400.9 400.3 398.9 394.1 381.4 377.3 365.6 361.4 356.5 354.4 354.5 356.1 359.7 362.5 369.3 371.5 376.4 379.8 380.2 380.2 380.4 374.5 364.9 362.4 356.4 350.7 342.7 332.8 324.1 315.1 315.8 319.8 323.8 325.3 320.7 311.8 295.3 284.9 269 253.6 250.8 250.5 250.9 258.2
352.9 359 358.9 364.1 373.6 380.3 384.9 390.2 397.4 400.8 403 406.5 414.4 422.7 427.5 428.7 426 429.2 422 439.7 450 455.9 455.6 463.4 464.8 465.8 471.3 470.2 463.4 451.7 437.2 423.8 407.6 404.8 399 394.8 393.8 391.4 386.8 380.9 372.8 363.9 359.1 353.9 351.3 351.1 352.8 360.8 367.3 372.5 374.2 373.6 375.8 379.7 379.1 375.2 368.5 361.1 356.8 351.6 343.8 334.5 329.1 322.1 314.5 314.5 315.4 328.4 331.9 323.7 311.6 302.3 288.3 273.2 261.9 254 251.9 252.7 256.1
362.1 360.7 361.7 371.8 385.9 386.9 386 387.6 391.1 394.1 402.6 413.2 423.2 424.1 423.8 422.9 418.2 419.3 425.8 438.7 443.3 450.4 458.3 464.6 464.6 466.2 465.7 459.9 453.5 437.9 421.6 407.8 404.4 401.5 398.6 392.9 388.7 387.2 385 378.8 372.1 365.1 355.6 351.5 348.5 348.8 352.8 360.4 366.2 371.9 374.6 368.1 368.7 369.8 369.7 366.6 362.3 358.3 352.8 344.9 336.8 329.8 325.5 318 314.5 314.5 321.2 327.8 330 324.7 313.9 302.3 289 276.8 269.9 261.4 255.4 257.1 257.8
360.1 363.3 364.4 376.2 384 385.7 382.9 386.2 393.3 402.6 403.2 416.2 426.8 428.3 422.3 416.3 412.7 406.2 422.5 430.9 438.5 447.1 457.6 457.6 457.8 460.9 453.6 444.6 433.3 412.1 392.2 402.7 401 401.3 401 404.6 406.9 399.8 386.2 377.8 375.6 364 351.5 348.9 347.9 349.4 354.8 359 363.3 368.6 370.3 365.6 363.7 363.4 361.2 358.3 358.6 357.1 348.6 339 334.9 329.3 325.5 314.8 314.5 317.2 324.1 327.7 329.5 324.5 313.8 302.1 290.4 284.3 274.5 264.4 258.6 261.7 259.5
354.2 357.5 360.2 372 375.3 377.4 376.4 379 389.3 400.9 404.3 412.5 421.3 423.3 418.6 410.8 401 411.3 428.5 432.3 443.8 453 450.1 444.5 441.3 443.7 435.6 420.3 403.3 383.8 380.3 404 408.5 410.5 421.9 419.9 414.2 407.1 394.7 381.2 373.9 361.5 352.5 348.5 347.9 348.8 354.2 357.2 359.7 359.9 363.3 362.9 361.4 359.7 357.3 355.3 356.2 350.1 342.2 338.8 336.2 326.5 319.7 314.5 314.5 320.9 326.8 330.3 324.6 319.7 312.9 305.1 298 290.1 278.1 268.1 262.3 263.7 260.6
340.5 342 351.4 352.2 364.8 374.8 377.7 376.4 381.9 395.7 399.8 405.3 415.1 419.2 416.5 400.8 398.1 403.9 421.2 430.5 446.4 451.8 448.2 439.3 428.8 425.3 414.7 397 379.9 372.8 381.6 394.2 401.4 409.7 420.6 413.5 411.6 404.9 389.8 379.4 371.6 365.5 354.2 349 349.5 347.2 349.6 352.1 353.6 353.2 355.2 360.6 358.4 359.2 353.9 350.9 346.4 342.1 337.9 337.1 332.9 322.1 317 314.5 317 322.6 325 322.9 319.2 315.9 314 308.3 300.8 290.8 279.9 271.8 264.5 264.2 259.4
339.9 341.4 344.4 354.7 369.5 377.8 382 382 381.4 390.6 393.9 399 403.8 405.5 398 398 398 413.7 414.9 426.2 442.8 449.6 448.2 440.3 427.1 416.5 395.6 380.2 372.2 370.9 377.3 387.5 395.8 396.3 392 399.6 398.1 388.6 381.9 375.2 371.1 365.3 355.9 353.4 349.7 346.9 344.3 344.2 345.4 347.1 347 351.5 351.5 352.4 351.6 343.4 338.8 334.8 332.8 332.9 326.4 319.9 318.3 316.6 320.1 320 317.8 313.7 312.6 312.8 313 306.3 299.1 290.6 281.4 272.8 263.1 260.6 257.2
