data/200000-570000.asc
ncols 200
nrows 200
xllcorner 200000
yllcorner 570000
cellsize 50
[rows 72 to 107 of 200, columns 81 to 161 of 200]
-1.1 -1.1 -1.1 -1.1 -1.1 -1.1 -1.1 -1.1 -1.1 -1.1 -1.1 -1.1 -1.1 -1.1 -1.1 -1.1 -1.1 -1.1 -1.1 -1.1 -1.1 4.1 10.1 23.7 37.8 52.7 67.5 76.4 83.8 86.8 87.2 86.1 86.4 91.7 98.6 105.7 114.2 118.6 124.9 131.5 138 143.7 149.5 153.7 159.7 163.5 167.9 173.3 176.6 173.8 183.7 189.6 193.9 200.5 205.1 208.7 210.7 211.4 206.1 200 192.8 189.6 196.1 203.6 208.9 216.2 225.4 233.1 241.8 248.8 256.4 268 280.5 286.2 287.9 287.1 284.3 276.2 269.1 262.6 256.3
-1.1 -1.1 -1.1 -1.1 -1.1 -1.1 -1.1 -1.1 -1.1 -1.1 -1.1 -1.1 -1.1 -1.1 -1.1 -1.1 -1.1 -1.1 -1.1 -1.1 -1.1 11.3 26.2 35.2 51.4 67.3 80.5 87.4 91.9 94.5 95.6 96.2 94.1 100.2 106.3 112.1 120.3 127 132.1 138.7 148.2 155.6 158 161 165.4 170 174.7 179.4 182.3 183.6 186.2 193 197.3 203.2 206.7 209.4 214.1 213.4 208.8 203.4 199.4 195.5 197.1 203.9 209.2 215.5 222.2 228.7 235.8 243.4 252.2 263.6 274.3 281.2 286.2 286.2 283.9 278.9 272.4 266.4 259.4
-1.1 -1.1 -1.1 -1.1 -1.1 -1.1 -1.1 -1.1 -1.1 -1.1 -1.1 -1.1 -1.1 -1.1 -1.1 -1.1 -1.1 -1.1 -1.1 -1.1 -1.1 5.9 18.7 46.4 66.1 80.9 90.5 94.3 98.2 100.1 101.5 102.7 103.2 109.1 116.2 121 125.9 133 141.1 147.2 154.9 160.6 163.5 166 169.4 174 178.4 183.1 187.9 190.5 190.1 196 202 205.6 208 211.3 214.9 214.8 211.4 206.7 203.5 200.2 197.1 203.3 209.6 215.2 220.5 226.9 234.1 242.3 250.9 260.3 270.3 279.7 288.2 288.5 287.3 284.7 279 270.3 261.5
-1.1 -1.1 -1.1 -1.1 -1.1 -1.1 -1.1 -1.1 -1.1 -1.1 -1.1 -1.1 -1.1 -1.1 -1.1 -1.1 -1.1 -1.1 -1.1 -1.1 -1.1 14.2 44.6 65.1 76.2 86.6 95.1 98.2 102.7 105.7 108.9 110.3 113.5 118.1 124.5 130.1 136 141.2 147 153.2 158.5 163 166.6 170 173.4 177.7 181.7 187.7 194.4 198.4 198 197.8 202.1 206.3 209.1 212 214.2 215.2 213.1 209.2 206.5 203.6 201.6 202.3 206.9 213.8 219.2 225.7 234.3 242.3 251.7 260.5 271.4 283.1 292.5 297.9 297.4 291.5 284.1 273.1 262.6
-1.1 -1.1 -1.1 -1.1 -1.1 -1.1 -1.1 -1.1 -1.1 -1.1 -1.1 -1.1 -1.1 -1.1 -1.1 -1.1 -1.1 -1.1 -1.1 -1.1 22.4 32.4 45 75.6 84.8 94 99.7 102.5 106.6 110.5 115.5 118.3 122.3 127.1 131.4 136.4 141.2 147.1 151.7 157.7 162.3 166.3 169.5 172.7 176.4 181.4 188.5 193.6 198.4 201.9 202.6 203 204 207.3 209.4 211.8 213.9 214.8 214.3 211.6 209.6 208.1 205.9 207.4 209.5 213.9 219.3 227.6 236.4 244.4 255.7 264.6 275.2 288.7 301 304.1 299.8 292.7 282.9 273.1 262.4
-1.1 -1.1 -1.1 -1.1 -1.1 -1.1 -1.1 -1.1 -1.1 -1.1 -1.1 -1.1 -1.1 -1.1 -1.1 -1.1 -1.1 -1.1 -1.1 17.9 37.7 50.6 61.4 62.3 88.6 98.1 102.4 105.6 109.8 114.8 119.1 123.4 128.2 133.3 138 141.7 146.7 150.7 155.1 161.1 165.8 169.9 173.1 176.3 180.9 184.6 191.4 198.6 202.2 203.6 206.3 207.1 206.8 207.2 209.5 212.1 214.1 214.3 214.8 213.3 212.8 211.8 210.3 212.8 215.9 221.8 226 232.2 241 252.4 261.8 270.7 280.4 292.3 299.1 301.5 296.3 289 279.7 270.5 260.9
-1.1 -1.1 -1.1 -1.1 -1.1 -1.1 -1.1 -1.1 -1.1 -1.1 -1.1 -1.1 -1.1 -1.1 -1.1 -1.1 -1.1 -1.1 -1.1 26.7 47.8 66.1 76.1 78.8 77.2 94.5 104.5 110.1 114.4 118.4 122.6 128.3 133.2 138.1 142.2 146.8 151.2 155 158.8 164.3 168.9 173 177.2 181.2 185.7 189.4 196.3 201.2 206 209.8 211 209.6 209.2 209.8 210.5 211.8 213.4 214.6 215.5 215.4 215.2 215.2 215.7 217.5 220.9 227.2 231.8 239.1 248.3 257.6 267.2 274.3 283.6 295 302.6 301.8 293.8 286.2 277.9 269.5 260.9
-1.1 -1.1 -1.1 -1.1 -1.1 -1.1 -1.1 -1.1 -1.1 -1.1 -1.1 -1.1 -1.1 -1.1 -1.1 -1.1 -1.1 -1.1 -1.1 35.5 57 84.4 91.8 93.8 93.1 94.1 108.5 115.5 121.1 125.5 130.9 135.5 141.2 146.4 151.5 155.7 160 162.8 165.5 168.9 172.4 177.2 182.3 186.8 190 192.5 197.7 203.9 209.1 212.8 212.4 211.4 211.2 211.3 212.7 213.4 214.4 215.2 216.5 219 219.3 219.4 220.2 223.6 227.3 232.1 236.5 242.9 252 262 270 275.9 285 297.2 305.6 299.9 292.9 284.9 277.6 268.9 260.8
-1.1 -1.1 -1.1 -1.1 -1.1 -1.1 -1.1 -1.1 -1.1 -1.1 -1.1 -1.1 -1.1 -1.1 -1.1 -1.1 -1.1 -1.1 -1.1 45.5 69.4 96.4 103.2 102.6 102.2 106.9 112.9 120.8 126.8 131.9 139 144.4 150.7 157.1 161.8 164.3 166.9 169.5 172.7 176.8 180.7 183.1 189.7 194.5 196.2 196.1 201.2 205.4 210 211.9 212.9 212.6 212.7 212.8 213.8 214.6 215.6 217.2 219.2 221.9 222.7 223.9 225.4 228.8 232.4 236.9 242.7 248.5 255.9 263.4 270.2 275.5 284.6 296.1 302.9 297.7 291 284 276 267.3 259
-1.1 -1.1 -1.1 -1.1 -1.1 -1.1 -1.1 -1.1 -1.1 -1.1 -1.1 -1.1 -1.1 -1.1 -1.1 -1.1 -1.1 -1.1 33.4 53.8 81.5 101.1 108.3 108.3 111.5 113.5 120.5 125.7 132.3 138.4 145.8 151.1 155.4 161.1 165.3 167.4 172.3 175.4 178.5 183.4 188.5 190.8 197.1 200.4 201.3 202.2 205.3 207.3 210.8 213.1 213.8 214.1 214 214.4 215 215.9 217.8 219.6 221.9 224.7 226.7 228.5 231.4 235.5 239.4 243 247.4 252.9 258.7 263.6 268.2 275 284.3 291.2 295 291.7 286.6 280.1 272.9 264 254.9
-1.1 -1.1 -1.1 -1.1 -1.1 -1.1 -1.1 -1.1 -1.1 -1.1 -1.1 -1.1 -1.1 -1.1 -1.1 -1.1 -1.1 -1.1 38.9 67.8 96.2 105.7 111.2 117.6 121.9 121.3 126.3 130.8 137 144 149.3 153.5 157.6 162.7 166.7 170.7 175.5 179.1 182.6 187.4 190.7 195.3 200.3 205.5 207.6 207.6 207.2 209.7 212.3 213.4 214.1 215 215.5 215.7 216.2 218.1 220.3 222.6 225.9 229 231.2 235 238.8 243.2 246.5 249.9 253.3 256.6 260.4 263.9 267.2 273.9 281.2 285.8 284.4 280.8 277.2 273.4 265.1 258.5 251
-1.1 -1.1 -1.1 -1.1 -1.1 -1.1 -1.1 -1.1 -1.1 -1.1 -1.1 -1.1 -1.1 -1.1 -1.1 -1.1 -1.1 18.4 48.8 76 101.3 110.5 118.2 124.8 130.4 129 130.8 134.9 141.2 146.4 151.6 153.7 159.1 162.4 167.4 173 177.2 181.1 184.3 190 193.2 196.4 201.4 206.9 209.8 209.8 208.4 210.6 212.8 213.6 214.5 215.4 216.3 217.4 219 221.3 224.6 227.6 230.5 233.9 236.7 240.2 244.3 248.2 250.5 254.3 258 259.4 261.4 263.2 268.2 271.7 274.4 274.4 272.2 268.5 266 262.5 258 252.3 244.1
-1.1 -1.1 -1.1 -1.1 -1.1 -1.1 -1.1 -1.1 -1.1 -1.1 -1.1 -1.1 -1.1 -1.1 -1.1 -1.1 -1.1 32.1 56.1 85.6 103.2 115.1 123.4 130.3 135 133.8 130.8 138.1 143 146.1 149.9 154.5 159.8 163.4 170.3 174.1 178.6 182.4 186.6 190.7 194.9 199.1 203.2 206.6 209.8 210.2 209.5 211.5 213 214.6 215.9 217 219.4 221.7 225.1 227.1 229.6 232 235.2 239.1 243 245.1 248.3 250.3 252.5 255.5 259 261.7 261.8 262.1 267.6 266.8 265 263.1 260.7 258.8 256.2 252.9 248.6 241.6 234.6
-1.1 -1.1 -1.1 -1.1 -1.1 -1.1 -1.1 -1.1 -1.1 -1.1 -1.1 -1.1 -1.1 -1.1 -1.1 -1.1 -1.1 40.6 64.9 95.1 107.3 120.4 125.9 131.9 137.3 138.4 138.2 137.8 142.3 145.9 150.3 155.6 160 164.9 169.4 173 177.4 181.9 185.9 190.1 195 199.5 202.7 206 208.6 208 209 211.5 213.3 215.1 217.1 220.6 223.9 226.6 229.7 232.2 235 238.2 243.2 248.6 251.6 251.4 251.1 250 250.3 254.2 256.4 260.9 259.7 258.3 260.3 258.5 255.3 253.2 251.5 249.2 244.9 239.4 235.3 226.6 215.3
-1.1 -1.1 -1.1 -1.1 -1.1 -1.1 -1.1 -1.1 -1.1 -1.1 -1.1 -1.1 -1.1 -1.1 -1.1 -1.1 -1.1 47.7 74.1 98 112.2 123.2 128.8 134.8 139.6 142.5 142.5 143.5 144.4 147.7 151.6 151.9 158 163.8 169.2 173.2 178.1 181.1 184.6 189 194 197.9 201.4 204.3 206.4 205.6 209.8 212.4 216 218.9 221.4 224.4 228.2 232.9 236.7 239.6 244.1 249.6 255.7 258.7 259.8 256.8 255 250.3 245.3 248.1 251.2 254 255.1 252.6 252.4 249.8 246.8 244.1 241.3 235.2 230.2 224.2 218.5 210.2 199.9
-1.1 -1.1 -1.1 -1.1 -1.1 -1.1 -1.1 -1.1 -1.1 -1.1 -1.1 -1.1 -1.1 -1.1 -1.1 -1.1 -1.1 47.5 84 103.5 115.7 123.7 134.3 139.8 144.5 147.1 147.4 147.8 149.5 151.1 154.3 157.7 161.2 162.7 169.9 173.4 178.5 182.7 186 190.5 194.9 198.3 199.8 203.3 206.4 208.2 211.5 215.6 219.4 222.2 225.2 229 233.3 239.1 244.3 250.5 257.8 265 268.6 269.5 266.2 262.1 256.2 250 242.6 240.6 242.8 246.3 247.1 246.3 244.7 241.6 239.5 236.2 228.5 222 216.2 208.9 203.6 195.7 170.7
-1.1 -1.1 -1.1 -1.1 -1.1 -1.1 -1.1 -1.1 -1.1 -1.1 -1.1 -1.1 -1.1 -1.1 -1.1 -1.1 35.5 56 87.4 105.4 116.8 129.4 142.2 151.1 151.9 150.9 151 152.2 155.5 156.6 159.2 161.5 164.7 168.8 171.9 175.6 179.4 182.9 186.8 191.4 195.5 197.5 201.8 205.3 208.2 211.4 215.3 218.7 221.9 225.7 230.1 235.1 242.8 252.6 261.6 269 273.9 277.7 280.6 278.2 273 266.1 258 249.6 240.8 234.9 234.9 237.4 238.9 240.2 237.6 234.8 233.7 229.8 221.3 209.5 203.6 193.3 184.6 168.5 152.1
-1.1 -1.1 -1.1 -1.1 -1.1 -1.1 -1.1 -1.1 -1.1 -1.1 -1.1 -1.1 -1.1 -1.1 -1.1 6 44 64.7 91.4 108.6 122.9 136.1 155.7 158.6 158.1 157 155.2 157.5 160 160.3 162.7 165.5 169.3 172.2 174.7 178.3 183.4 186.2 188.8 193.7 198.7 204.1 206.7 208.9 212.8 216 219 222.6 226.5 233.7 239.6 249.2 260 271.9 279.9 286.1 286.5 289.3 287.5 284.9 279.3 269 259.7 247.1 238.4 229.6 226.2 227.1 227.8 230.7 231.1 228 226.4 221.2 213.8 202.6 185.4 175.9 151.6 135.7 123.6
-1.1 -1.1 -1.1 -1.1 -1.1 -1.1 -1.1 -1.1 -1.1 -1.1 -1.1 -1.1 -1.1 -1.1 -1.1 14.6 56.7 73 95.7 113.6 130.4 150 162.9 163.1 161.9 162 159.6 161.9 162.3 163.4 165 169.5 172.8 176.3 179.5 184 187.1 189.7 195.3 201.9 206.6 210.3 211.5 213.8 217.8 221.2 225.6 230.5 237.4 246.1 255.9 268.1 278.4 286.2 292.8 296.8 297 296 295.3 291.2 283.2 270.4 259.1 244.8 234.4 225.9 217.5 217.7 218.4 221.4 221.6 216.7 215.1 211 203.6 193.3 173.6 148.2 134 111.5 95.1
-1.1 -1.1 -1.1 -1.1 -1.1 -1.1 -1.1 -1.1 -1.1 -1.1 -1.1 -1.1 -1.1 -1.1 2.5 28.1 62.9 82.9 104.1 123.2 139.4 154.6 163 163.6 164.4 163.5 158.6 160.9 162.5 165.4 168.9 172.7 175.7 181.5 185.7 189.3 195.1 198.9 203.4 209.2 213.8 216.4 217.7 221.4 226.1 230.5 236.4 243.9 252.7 262.8 275 284.4 289.9 296.2 302.3 305.6 304.3 303.1 302.4 296.4 286.1 272.4 259.1 243.1 232.4 221.8 212.7 208.3 208 209.7 208.5 206.6 205.7 199.9 192.2 176.6 152.5 128.7 110.6 89 70.7
-1.1 -1.1 -1.1 -1.1 -1.1 -1.1 -1.1 -1.1 -1.1 -1.1 -1.1 -1.1 -1.1 -1.1 -1.1 35.6 67 88 113.8 128.7 142 154.3 159 162.3 162.5 160.4 157.6 160 163.4 166.2 169.2 174.6 181 185 190.5 195.1 202.3 207.3 212.7 218.7 221.2 222.4 226.5 232.4 239.3 246.2 252.8 260.3 271.4 280.5 287.7 292.7 296.5 299.3 306.3 309 308.8 305.9 304.7 297.9 286.8 274.4 261.5 243.9 231.5 220.2 210.3 203.3 197.9 198.6 196.6 197.5 195.1 185.3 170.6 146.7 123.9 106.2 90 73 70.3
-1.1 -1.1 -1.1 -1.1 -1.1 -1.1 -1.1 -1.1 -1.1 -1.1 -1.1 -1.1 -1.1 -1.1 -1.1 23 68.8 97.5 118.3 131.1 142.8 151.4 158 159.7 158.4 158 157.8 160.9 162.5 166.6 169.9 175.5 181.5 189.1 195.2 202.4 208.9 211.9 218.2 225.7 230.4 231.3 237.1 244.7 255.4 262.4 271 279.8 285.1 290.5 296.5 299.7 298.9 299.1 303.1 306.9 308.6 304.2 303 295.9 287 275.6 264.1 246.6 231.8 220 209.8 198.6 188.8 185.6 187 186 178.8 162.2 143.5 124.8 102.4 82.7 74.5 69.4 70.1
-1.1 -1.1 -1.1 -1.1 -1.1 -1.1 -1.1 -1.1 -1.1 -1.1 -1.1 -1.1 -1.1 -1.1 12.3 39.4 74.9 103.1 120.3 130.3 141.6 147.3 153.6 156.4 153.7 154.7 158.5 160.3 163.4 168.4 171.1 176.9 184.9 191.8 199.2 206.3 210.9 216.2 223.1 228.6 234.4 240.3 248 257.8 270.9 279.4 286.7 293 295.6 296.2 300.2 302.9 299.5 296.8 297.5 300.4 301.8 300 299.7 292.7 287.2 274.6 265.4 250 235.8 223.7 210.9 196.5 183.2 171.9 175.1 174.8 161.2 140.1 118.9 97.4 80.9 71.7 68.4 68.2 71
-1.1 -1.1 -1.1 -1.1 -1.1 -1.1 -1.1 -1.1 -1.1 -1.1 -1.1 -1.1 -1.1 35.8 47.2 66.6 83.7 107.9 120.9 130.9 140.7 145.2 150 153 150.4 153.3 156.5 160.7 164.7 170.8 176.5 180.9 188 195.9 200.8 208.6 213.9 221.9 227.9 233.6 241.2 249.6 257.8 265.7 277 288.9 296.2 300.7 302.4 301.2 300.6 301.4 298.4 294.3 293 293.4 291.4 288.9 287.3 284.1 279.8 272.7 266.6 255 242.1 227.6 212.5 198.5 180 154.8 158.1 152.8 138.5 116.8 92.2 76.7 67.4 67 67 68.2 70.7
-1.1 -1.1 -1.1 -1.1 -1.1 -1.1 -1.1 -1.1 -1.1 -1.1 -1.1 -1.1 21.6 47.4 65.3 81.6 96.5 112.2 122.1 128.9 138 143.2 146.4 147.9 146.6 150.8 157.6 163.9 168.5 174.2 179.1 182.6 188.6 196 203.3 209.8 217.9 225.4 232.1 239.3 247.1 258.6 264.9 270.5 281.2 294.6 300.4 305.1 306.4 306.3 302 300.1 296 289.7 285.3 282.5 281.1 276.5 274.8 272.4 270.4 273.2 269.9 253.8 245.7 231.5 212.7 194.5 175 149.1 142.2 130.6 115 94 78.6 64.1 64.7 65.7 66.7 68.3 71
-1.1 -1.1 -1.1 -1.1 -1.1 -1.1 -1.1 -1.1 -1.1 -1.1 -1.1 -1.1 36.6 59.8 76.9 90.7 107.4 115.4 124 129.5 136.3 140.3 142.5 142.7 145.4 150.6 157.8 165.8 171.5 177.7 181.6 183.7 192.5 198.9 205.3 211.7 218 224.8 236.2 243.4 249.5 257.4 263.9 272.4 279 291.8 301.8 302.9 306.6 307.6 302 297.6 291.8 282.5 275 268.6 265.2 262 262.5 261.7 263.6 266.6 262.9 254.3 244.1 232.2 213.5 191.5 170.7 143.2 120.4 108.4 96.7 79.2 69.3 63.3 63.2 64.9 67.3 69.7 78.2
-1.1 -1.1 -1.1 -1.1 -1.1 -1.1 -1.1 -1.1 -1.1 -1.1 -1.1 24.1 39.2 59.3 81.1 96.9 109.8 116.9 125.4 129.2 134.9 138.1 139.3 140.3 145.9 152.8 160.2 167.5 176.1 179.6 181.6 186 193.7 201.4 205.7 210.4 215.8 225.2 235.4 242.8 247.1 252.5 259.6 269.5 275.3 284.9 293.2 296 301.3 301.2 299.7 293 287.8 276.1 264.3 256.1 251.5 249.8 249.7 251.3 254.1 260.1 260.5 252.1 240.1 222.9 203.7 179.3 155.7 129.3 101.3 88.5 80.9 71.7 65.1 62.9 64.1 66.6 70.9 80 91.5
-1.1 -1.1 -1.1 -1.1 -1.1 -1.1 -1.1 -1.1 -1.1 -1.1 -1.1 19.4 34 53.2 81.2 97.2 110.3 117.4 123.9 127.6 132.4 135.1 136.6 138.2 151.1 156.4 163.6 171.1 176.4 181.2 185.1 188.7 194.5 203.2 205.7 208.9 214.4 221.5 230.6 236.7 243 248 253.7 259.9 267 273.6 281.2 286.4 293.3 294.8 294.3 286.2 281.8 272.1 260.8 249.8 242 237.6 236.9 239.3 243.5 253.1 255.8 244.9 226.3 204.6 186.7 162.9 135.3 110.1 85.1 76.8 70.9 65.4 63 61.8 63.3 73.4 81.3 94.6 105.2
-1.1 -1.1 -1.1 -1.1 -1.1 -1.1 -1.1 -1.1 -1.1 -1.1 -1.1 43.3 65.8 76.1 78.6 90.6 110.3 117.9 123.6 126.2 129.5 132.2 134.2 143.1 151.2 161.4 168.7 174.6 179.7 183.4 187.5 191 195.4 202.4 203 208 213.5 218.9 226.3 233.2 239.6 245.1 249.8 254.1 257 261.2 267.8 274.4 282.3 283.2 283 279.4 275.2 269.7 259.4 244.9 232.4 226.3 224.7 227.2 232.1 241.9 238.3 226.8 207.6 185.1 163.6 137.5 112.7 87.7 72.9 69.8 64.9 62.2 61.2 61.6 65.2 81.2 94.8 107.4 121.1
-1.1 -1.1 -1.1 -1.1 -1.1 -1.1 -1.1 -1.1 -1.1 -1.1 -1.1 60.3 85.1 95.5 98.5 97 99.2 115.1 120.7 122.3 126.6 130 136.3 143.4 155.8 164.3 170.6 176.1 181.6 187 190.5 193.1 195.5 199.1 200.7 205 210.7 216.4 223.6 233 239.8 245.4 248.3 250.7 249.1 252 255.7 261.3 266 268.5 270.7 273.9 269.5 264 254.7 240.8 228 215.4 212.4 214.1 217.4 221.7 219.4 205.9 185.2 161.3 137.1 114.9 92.8 71 65.4 63 61.3 59.6 61.4 62.6 77.1 93.5 107.3 124.7 141.7
-1.1 -1.1 -1.1 -1.1 -1.1 -1.1 -1.1 -1.1 -1.1 -1.1 41.5 65.8 95.4 103.1 106 106.7 108.1 116.5 120.3 123.9 128.3 131.9 137.7 146 157.1 165.4 171.8 178.3 187.7 193 193 192.6 193.9 196.9 199 202.7 208.4 215.4 223.7 235.1 241.9 246.4 249.4 249.1 245.7 245.2 245.4 250.2 254.2 258 261.5 265.4 265.1 258.6 249.1 237.4 224.5 212.1 194.5 200.1 203.4 205 198.3 181.9 160.2 135.6 113.7 95 74.2 61.5 58.5 58.8 58.6 58.9 64.4 80 94.5 108.6 125.4 143 158.8
-1.1 -1.1 -1.1 -1.1 -1.1 -1.1 -1.1 -1.1 -1.1 15.5 44.3 67.4 95.7 117.2 114.4 112.1 115.5 117.7 120.3 124.1 128.8 133.5 141.5 149.4 161.1 168 173.8 180.1 188 192.9 192.4 190.9 191.4 194.5 197.2 201.2 207.6 215.4 224 235.6 243.5 246.4 249.2 247.8 242 239.8 237.8 238.9 243.6 249.2 255.4 258.8 259.4 253.4 244.7 233.2 220.2 204.4 189.2 183.2 188 185.9 175.3 156.1 136.1 115.5 95.1 75.4 57.5 56.1 55.9 57.6 57.9 72.1 81.3 96.8 115.5 129.4 145.5 159.8 179
-1.1 -1.1 -1.1 -1.1 -1.1 -1.1 -1.1 -1.1 -1.1 8 43.5 67.1 92 116 126.5 119.2 120 121.8 123 125.4 129.7 137.1 145.5 154.6 163.7 169.3 174.1 181.7 186.6 190.4 190 188.8 189.9 192.4 195.8 199.8 207.1 215.3 224.4 235.1 243.3 245.8 248.5 246.7 240.9 236.4 232.3 232.1 234.8 239.7 245.6 249 250.2 245.6 237.3 227.8 214.6 197.9 178.2 163.1 169.4 164.4 151.4 132.8 114.2 94.6 76.7 53.3 55.6 54.6 54.2 56.3 67.9 78.7 91.6 109.9 126.9 143 161.7 173 185.9
-1.1 -1.1 -1.1 -1.1 -1.1 -1.1 -1.1 -1.1 -1.1 28.4 44.9 59.4 87.5 115.6 126.2 125.3 122.6 124.7 125.5 127.5 133.7 140.4 149.5 157.6 165.2 169.7 174.4 180 185 187.7 187.4 187.9 189.3 192.4 194.6 199.3 207 215.9 224.4 232.6 240.8 244.7 246.5 244.7 239.6 234.4 229.3 226.5 227.4 230.5 233.9 236.9 236 235.1 231.3 220.4 205.2 186.6 168 143.6 148.7 142.3 127.6 109.5 90.5 73.8 54.2 54.2 51.4 55.3 59.5 66.7 77.2 87.7 97.5 111.5 132.2 153.4 167.9 176 187.3
-1.1 -1.1 -1.1 -1.1 -1.1 -1.1 -1.1 -1.1 -1.1 34.7 51.8 71.4 84.3 105.2 130.6 128.8 125.3 126.9 127.8 130.4 138 144.3 152.1 159.9 165.7 169.7 174.4 179.9 183.3 185.9 186.1 186.6 187.6 190.4 193.6 198.9 207 215.5 223.5 230.8 238.9 241.3 241.7 241.6 237.2 232.6 226.9 221.7 221 221.1 222.5 225.1 225 225.3 218.5 207.4 192.5 175.5 158 135.3 125.8 120.1 104.3 89.8 75 50 48.9 53.8 56.8 63.4 65.8 71.5 81.5 91.7 101.9 116.1 133.4 154.2 171.2 177.6 186.6
-1.1 -1.1 -1.1 -1.1 -1.1 -1.1 -1.1 -1.1 -1.1 32.1 54.8 75 101.2 116.7 128.4 130.1 127.6 128.1 129.9 133.1 141.3 147.9 154.4 161 166.4 169.9 174.6 179.7 182.9 185.2 185.1 185.9 187.2 189.9 193.9 200.1 208.1 216.1 223.1 230.6 236.5 238.1 239.5 239.8 236.9 231.8 225.8 219.8 213.2 212.3 212.7 214.1 214 211.4 202.5 190 174.9 158 141 123.2 104.7 97.1 84.7 70 48.7 49.8 53.6 56.5 61.4 66 68.2 73.1 80.8 91.2 101.5 115.4 132.9 150.5 169 179.2 186.8
