data/200000-670000.asc
ncols 200
nrows 200
xllcorner 200000
yllcorner 670000
cellsize 50
[rows 120 to 159 of 200, columns 89 to 177 of 200]
102 113 123.1 139.5 152.6 171.8 187.2 210.5 227.5 248.1 271 290.3 312.3 330.6 347.9 353.8 353.1 348.6 343 330.4 316.9 302 291 280.1 284.3 296.4 308.3 321 334.7 352.1 366.1 375.2 389.6 406.8 418.7 425.6 429.3 431.7 433.4 436.7 433.9 414.4 391.8 352.7 341.8 319.1 297.1 278.5 263.9 241.3 226.6 212.8 195.1 177.3 163.1 143.4 128.4 113.6 98.7 85.5 72.5 58.1 48.8 43.8 35.1 25.6 11.2 6.4 1.4 -1 -1 -1 -1 -1 -1 -1 -1 -1 -1 -1 -1 -1 -1 -1 -1 -1 -1 -1 -1
92.4 103.8 113.7 128.6 143.4 163.1 175.4 195.3 216.8 233.7 256.6 276.5 300.2 322.2 339.2 347.5 348.6 344.7 338.4 327 313.1 298.1 286.2 274.5 277.1 291 301.2 313.2 328.2 341.2 355.3 368.8 383.1 403.8 415.4 423 426.7 428.1 429.1 432.4 435 422.8 387.5 353 337 313.8 292.5 276.1 254 234.8 218.8 199.7 189.3 174.6 163.1 142.6 118.1 107.2 96.2 87.5 77 64.2 51.2 43.1 32.8 21.6 11.2 4.3 1 -1 -1 -1 -1 -1 -1 -1 -1 -1 -1 -1 -1 -1 -1 -1 -1 -1 -1 -1 -1
82.1 94.3 103.6 115.6 133.9 150.5 164.6 182.5 204.8 221.9 243.7 267.3 288.4 309.2 328.2 341.4 344.4 340.3 333.7 322.1 309.5 292.6 281.1 269.7 270.1 281.6 295.9 306.5 321 333.9 347.5 358.9 376.7 399.4 412.2 419 424.3 426.5 428 430.4 432.9 423 392.6 363.6 332 315.8 285.7 264.5 252.2 238 222.6 208.9 186.2 174.7 161.4 145.9 120.6 95 90.5 81.8 73.4 61.1 46.6 38.3 27.6 20.2 11 4.1 0.6 -1 -1 -1 -1 -1 -1 -1 -1 -1 -1 -1 -1 -1 -1 -1 -1 -1 -1 -1 -1
72.2 84 95.5 104.9 121.2 137.4 151 168.5 190 211.2 230.2 253.7 276.2 294.6 315.2 333.4 339.9 337.5 329.4 318 302.6 288 278.4 268.7 260.7 274.2 289.7 300.7 312.9 327.7 339.6 352.9 370.1 394.5 407.7 416.2 421.4 424.3 426.1 426.9 430.3 424 401 368 333.2 312.2 292 270.9 254.3 233.2 220 205.2 190.9 175.3 162.3 138 112.1 97.2 84 72.6 61.9 51.6 43.8 37.2 31.2 26.9 12.2 2.8 -1 -1 -1 -1 -1 -1 -1 -1 -1 -1 -1 -1 -1 -1 -1 -1 -1 -1 -1 -1 -1
64.1 76 87.8 95.4 110.1 126.4 140.5 157.7 177.4 198.1 218.5 241.2 263.1 281.8 302.5 325.7 333.9 334.4 326.7 311.8 297.6 286.4 277 265.3 248.3 265.6 279.3 296.2 306.6 320.4 333.9 345.7 364.5 387 402.5 412.6 417.4 419.6 421.3 420 422 425.5 405.3 373.1 340.8 318.8 301.7 275.3 259.7 236.1 220.9 202.4 190.4 178.4 165.1 143.9 122.2 103.3 91.5 77.7 68.8 62.7 55 49.6 45.6 37.4 13.1 2.2 -1 -1 -1 -1 -1 -1 -1 -1 -1 -1 -1 -1 -1 -1 -1 -1 -1 -1 -1 -1 -1
56.1 65.4 76.8 85.8 98.3 113.8 129.7 145.2 165.9 184.4 205.7 228.1 249.9 269.5 294.4 318.5 329.3 331.3 323.5 312.5 295.1 283.9 274.5 264 240.6 256.8 275.2 289.2 301.1 313.4 326.8 338.9 358.3 381 396.4 406.9 413 414.8 415.6 415.9 420 423 406.7 374.4 338.8 325.8 309.1 281.4 263.3 244.8 220.5 203.2 189.1 182.1 171.6 147.9 127.1 114.7 101.7 84.8 74.1 66 59.1 51.8 45.6 35.7 13.1 2.1 -1 -1 -1 -1 -1 -1 -1 -1 -1 -1 -1 -1 -1 -1 -1 -1 -1 -1 -1 -1 -1
48.5 56.7 65.9 76.1 88.5 104.2 118.7 133.7 154.9 174.4 193 213.8 238 262.5 290.9 309.7 321.9 326.9 322.9 310.8 292.9 281.9 271.4 260.4 239.8 245.8 267.6 279.5 293.8 306 319.1 331.6 351 373.1 390.2 398.6 405 408.3 409.3 409.7 413.9 417.3 406.3 378.1 355.6 332.9 306.3 284.4 265.8 245.8 226.6 205.5 194.4 182.7 165.9 144 130.7 128.1 117.9 99.9 79.9 66.5 55.8 47.5 42.7 33.8 9.8 3.8 -1 -1 -1 -1 -1 -1 -1 -1 -1 -1 -1 -1 -1 -1 -1 -1 -1 -1 -1 -1 -1
42.4 49.7 58.8 68 78.8 89.3 106.2 121.6 144.7 162.4 179.6 199.1 224.3 253.9 281.9 301.5 313.7 321.8 318 306.5 290.8 279.3 267.8 255.2 232.8 238.7 259.6 274 287.3 299.6 312.3 325.8 340.5 365.4 379.2 389.3 394.8 398.8 401.3 402.2 406.9 411.3 405.3 380.4 359.3 334.8 314.2 296.8 276.2 243.7 226.2 215.2 202.9 191.8 180.8 163.2 140.6 131.2 123.9 103.9 86.4 67.2 53.9 43.6 34.3 21.7 9.2 3.4 -1 -1 -1 -1 -1 -1 -1 -1 -1 -1 -1 -1 -1 -1 -1 -1 -1 -1 -1 -1 -1
33.6 43.2 51.4 60.7 70.6 81.2 97.9 115.4 132.8 148.9 168 190 213.6 242.4 267.2 288.4 306.1 312.1 310.6 301.6 290.8 278.5 265.8 252.4 228.1 235.2 251.3 265.8 279.3 292.6 304.3 318 333.4 354.7 367.3 379.2 384.4 389.2 393 395 398.9 404.7 401.8 385.3 362.8 339.1 314.3 293.8 276.2 253.5 235.1 221.8 210.8 196.9 185.8 166.6 149.3 129.5 121.4 113.3 92.1 70.7 60.5 50.8 40.3 26.3 8.5 1.7 -1 -1 -1 -1 -1 -1 -1 -1 -1 -1 -1 -1 -1 -1 -1 -1 -1 -1 -1 -1 -1
23.6 36.7 46.7 54.3 62.1 71.9 86.8 102.6 121 141.8 165 185.6 212.3 235.5 265.4 288.6 298.8 303.1 304.1 299.2 289 276.6 262.4 247.7 223.9 229.5 242.7 257 271 285.6 298.6 310.5 326.2 343 358.5 369.5 374.3 378.8 383.2 387.5 393.6 401.1 401.2 393.6 377.3 351.8 321.8 296.3 276.4 260.1 239.9 227.8 218 204.1 195.2 177.3 159.7 145.3 133.9 111.1 97.2 85.7 66.4 54.4 43.4 29.8 13.6 1.4 -1 -1 -1 -1 -1 -1 -1 -1 -1 -1 -1 -1 -1 -1 -1 -1 -1 -1 -1 -1 -1
12.2 25.7 40.4 48.5 55.8 65.1 79.1 99.3 115.6 137 158.3 180.2 200.1 224.8 255 278.6 290.1 290.5 297.8 295.3 286.4 273.4 259.5 244.6 221.6 216.7 235.4 249.1 262.1 276.6 289.8 302.6 316.6 332.3 347.7 357.2 362.6 367.2 372.6 378.6 386.6 397.4 401.1 397 377.2 356.7 330.1 306.2 289.1 265.9 250.6 232.5 217.8 204.5 193.6 182.7 170.2 155.9 141.4 124.1 117.1 96.9 71.2 56.6 44.9 31.4 17 1.5 -1 -1 -1 -1 -1 -1 -1 -1 -1 -1 -1 -1 -1 -1 -1 -1 -1 -1 -1 -1 -1
5.9 15.5 31.8 40.9 48.8 56.2 68.1 90.4 106.7 127.8 147.3 170.7 191.2 213 239.3 264.8 276.3 279.8 291.2 291.7 282.4 270.9 257.7 242.8 225.5 210.3 224.5 240.2 253.1 268.2 282 294.3 306.6 322.5 337.1 347.4 352.4 357 361.8 369.6 382.2 395.3 402 398.8 381.7 355.2 333.6 312.7 287.8 266.4 253.6 243.9 224.7 209.1 195.9 183.7 173.4 157.8 142.7 133.1 122.6 100.7 76.1 60.1 48.7 35.1 20.7 3.8 -1 -1 -1 -1 -1 -1 -1 -1 -1 -1 -1 -1 -1 -1 -1 -1 -1 -1 -1 -1 -1
2 7.2 20.5 32.2 41 49.5 58.9 79.8 96.9 116.8 135.3 160.2 181.2 201.8 228.3 248.9 261.9 267.6 283.3 289.2 279 268.7 255.8 241.3 226 208.5 216.8 232.3 244.4 258.6 272.8 285.4 297 312.4 328.2 335.8 342.9 348.5 353.5 365.9 378.8 394.6 403.3 405 391.6 360.9 333 308.9 288 270.7 252.2 243.2 227.4 209.4 195.9 184.3 175.5 162.7 144.1 141 123.3 105 78.4 66.3 55.5 41.3 25.8 6.8 -1 -1 -1 -1 -1 -1 -1 -1 -1 -1 -1 -1 -1 -1 -1 -1 -1 -1 -1 -1 -1
-1 4.2 13.1 25.8 34 42.1 53.3 68.9 85.1 105.5 125.3 149.5 172.3 189.5 210.1 233.9 246.7 253.8 273.4 282.1 275.7 265.4 253.8 240.1 226.8 205.4 207.4 222.6 234.8 247.1 260.2 274.1 286.2 300.9 314.9 326.2 332.4 337.8 345.8 360 376.7 392.9 402.8 405 398.7 381.1 355.2 332.5 309.9 290.1 260.8 244.8 224.7 204.8 188.6 178.2 170.2 162.1 155.5 145.4 127 110.6 83.3 70.5 60.9 47.3 27.3 7.6 0.7 -1 -1 -1 -1 -1 -1 -1 -1 -1 -1 -1 -1 -1 -1 -1 -1 -1 -1 -1 -1
-1 1.4 6.5 18.2 26.7 35.8 46.7 58.5 74.6 93.6 114.6 139.6 159.3 177.5 193.2 215.5 232.2 241.5 257.9 270.5 270.4 262.2 251.8 238.4 225.6 211 198.9 213.8 224.8 235.7 249.3 262.4 273.7 286.6 302.5 314.4 321.1 329.2 336.7 354 373.6 388.9 401.4 404.8 401.7 388.6 363.6 336.8 316 294.3 278.4 266 249.9 227.4 207.3 184.6 168.9 165.1 159 142.2 127.3 109.3 86.9 73.2 60.6 48.2 30.1 9 1.1 -1 -1 -1 -1 -1 -1 -1 -1 -1 -1 -1 -1 -1 -1 -1 -1 -1 -1 -1 -1
-1 -1 1.6 8.6 20.1 29.1 39.4 50.6 63.4 82.1 104 127.5 149.3 166.1 181.3 197.2 216 230.4 245.6 257.6 261.5 259.6 249.3 236.9 224 210.5 193.1 204.8 214.4 225.1 237.4 251.1 262.1 275.1 291.2 301.9 310.4 320.5 331.1 348.9 370.3 382.4 396.5 403.3 401.9 390.1 369 344.5 321.9 301.2 284.8 270.4 256.9 237.2 221.5 199.4 184.1 169.2 152.8 136.9 123.1 107.6 92.3 77.1 63.8 50.1 32.9 13 1.6 -1 -1 -1 -1 -1 -1 -1 -1 -1 -1 -1 -1 -1 -1 -1 -1 -1 -1 -1 -1
-1 -1 -1 3.2 12.4 21.6 32 41.9 53.4 71.6 93.3 113.6 135.6 153.7 169.1 183.6 200.6 215.4 231.2 245.5 249.6 252.4 246.8 236.8 221.9 208.5 193.1 193.1 204.1 213.7 226.2 237.5 249.7 262 277.5 289 298.3 310.9 325.5 345.1 363.4 377.5 391.3 401.6 402.9 394.5 377.2 353.7 331.4 307.9 290.1 274.9 259.7 241.8 226.3 213.5 196.6 178 157.8 140 128.6 113 97.9 81.7 67.8 53.5 36.1 21.2 3 -1 -1 -1 -1 -1 -1 -1 -1 -1 -1 -1 -1 -1 -1 -1 -1 -1 -1 -1 -1
-1 -1 -1 -1 6.5 15.3 24.5 34.5 46.5 61.1 82.2 101.4 121 141.5 157.1 168.8 184.9 202.1 216.5 230 237.5 244 242 234.3 221.4 210 196.7 188.1 193.6 202.6 212.8 224.3 235.7 248.7 264.6 276.9 289.7 301.9 319.1 337.9 355.2 371 384.8 398.7 403.9 401 389.4 367.9 345.9 317.9 295.5 278.2 261.9 246 232.4 219.9 203.1 184.9 165.8 145.9 130.5 117.5 101.7 85.5 70.8 55.4 39.2 22.1 3.8 -1 -1 -1 -1 -1 -1 -1 -1 -1 -1 -1 -1 -1 -1 -1 -1 -1 -1 -1 -1
-1 -1 -1 -1 1.9 10.4 16.9 26.4 38.3 51.2 68.1 88.6 109.5 128.6 145.3 157.9 171.8 187.5 203.3 217.9 225.8 232.7 236.4 230.6 220.4 209.2 198.3 182.6 182.7 191.5 199.6 210.3 222.3 236 248 263.3 277.2 292.5 309.7 329 346 363 376.1 391.7 401.7 401.8 393.5 376 355.5 328 300.8 283.1 267.1 251.3 237.3 224.5 209.1 189 170 152.1 136.4 122.8 105.1 89.3 71.9 55.4 40.1 21.9 3.7 -1 -1 -1 -1 -1 -1 -1 -1 -1 -1 -1 -1 -1 -1 -1 -1 -1 -1 -1 -1
-1 -1 -1 -1 -1 3.9 11.3 19.7 31 41.3 56 75.4 96.4 113.7 131.1 145.2 158.7 174.6 192 205.2 211.6 221.1 227.5 227.7 218.1 208.5 196.9 183.9 176.9 181.2 188.1 196.2 206.8 219.5 235.7 249.3 264.5 281 299.1 316.2 333.4 350.5 365.3 383.1 396.5 398.3 390.7 379.4 363.4 336.4 303.1 285.9 269.4 253.7 241.1 227.5 212.6 193.8 176.6 159.4 142.5 126.8 111.1 92.2 74 56.4 41.6 21.9 5.3 -1 -1 -1 -1 -1 -1 -1 -1 -1 -1 -1 -1 -1 -1 -1 -1 -1 -1 -1 -1
-1 -1 -1 -1 -1 -1 6.2 14.2 24.9 34.6 47.2 63.7 84 101.4 117.3 132 147.2 162.1 178.3 191.6 197.1 206.9 216.1 218.7 213.7 205.1 196.5 185.2 173.3 169.8 175.1 182 193.2 206.2 222.2 234.6 251.7 269.9 287.1 302.8 321.2 336.5 352.5 369.4 386.6 391.1 385.6 377.9 363.1 339.8 310.6 287.6 270.7 256.6 243.3 230.1 217.2 199 180.6 163.9 145.8 128.3 112.9 94.9 77.1 57.9 41.7 26 10.4 -1 -1 -1 -1 -1 -1 -1 -1 -1 -1 -1 -1 -1 -1 -1 -1 -1 -1 -1 -1
-1 -1 -1 -1 -1 -1 2.3 7.7 17.3 26.6 36.8 53.4 71.7 87.3 103.2 118.6 133.5 147.5 163 178.4 185.5 193.4 201.9 207.1 205.9 199.5 192.1 184.7 175 163.7 161.3 169.5 180.1 193.5 206.6 220.9 236.3 252.6 273 290.8 306.8 322.9 340.2 356.5 373.9 382.1 380.1 374 363.7 342.9 317 290.8 271.8 258.9 245.5 232 219.3 202.7 187 170.1 152 134.1 115.1 98.2 80.1 60.8 40.7 26 8 -1 -1 -1 -1 -1 -1 -1 -1 -1 -1 -1 -1 -1 -1 -1 -1 -1 -1 -1 -1
-1 -1 -1 -1 -1 -1 -1 3.6 8.4 17.5 27.8 41.5 59.3 74.2 90.1 107.5 120.4 134.8 148.8 163.8 173.7 181.5 188.7 193.7 196.6 194.1 187.1 180.1 170.9 163.1 154.4 157 168.3 177.5 190.4 203.9 222.6 237 256.7 274.5 292.3 306.5 326.8 341.6 358.7 371.6 375.1 369.7 360.9 344.8 322 293.7 273 259.8 245 232.5 220.1 202.3 188.9 171.9 154.3 136.5 113.3 98.7 81.5 62 41.8 24.8 8.2 -1 -1 -1 -1 -1 -1 -1 -1 -1 -1 -1 -1 -1 -1 -1 -1 -1 -1 -1 -1
-1 -1 -1 -1 -1 -1 -1 1.2 3.7 9.8 18.9 31.6 46.3 64.6 77.7 95.9 108.8 122 135.4 148.6 159.9 168.8 176.9 181.3 184.3 185.6 181.8 174.8 168.2 161.6 152.5 145 154.2 161.8 175.5 190.7 206.3 222.7 240.9 259.5 276.9 291.1 311.9 326.3 341.7 358.2 366.1 362.9 357.1 344.2 323.8 298.2 274.1 260.4 246.7 234.3 223.1 209.1 195.3 178.2 162.4 144.6 122.3 104.2 82.8 60.2 40.1 22.7 6.4 0.8 -1 -1 -1 -1 -1 -1 -1 -1 -1 -1 -1 -1 -1 -1 -1 -1 -1 -1 -1
-1 -1 -1 -1 -1 -1 -1 -1 1.2 5 13 21.4 34.7 50.9 67.5 85 96.9 109.5 123.1 134.6 145 155.2 164.5 168.4 170.7 173.5 174.1 169.1 163.7 158.3 148.8 139.3 140.3 145.9 157.8 175.3 191.6 207.1 224.1 241.9 258.9 275.1 295.8 310.7 324.8 342.9 354 353.8 352.8 341.8 327.2 306.4 280.4 263.6 252.2 238.4 225.8 213.7 200.6 189.5 171.8 152.2 130.1 111.1 91.1 71.5 50.9 26.3 6.3 1.2 -1 -1 -1 -1 -1 -1 -1 -1 -1 -1 -1 -1 -1 -1 -1 -1 -1 -1 -1
-1 -1 -1 -1 -1 -1 -1 -1 -1 -1 4 11.3 24.3 38.8 57.5 70.1 84 98.6 111.3 120.3 130.7 139.5 148.4 156.9 161.3 164.5 165.2 161.9 157.9 152.8 145.3 136.7 126.3 130.1 140 160 175.9 191.1 208.1 225.6 240.9 258.4 277.6 295.4 311 326.9 339.9 343.7 345 339.9 328.2 312.3 288.1 271.1 262 245.6 231.3 222 212.7 200.7 183.5 161.9 138.8 116.1 97.1 76.8 54.7 36.2 20.4 2 -1 -1 -1 -1 -1 -1 -1 -1 -1 -1 -1 -1 -1 -1 -1 -1 -1 -1 -1
-1 -1 -1 -1 -1 -1 -1 -1 -1 -1 -1 3.5 10.4 28.3 43.4 59.6 73.5 88 99.7 109.5 118.2 126.9 135 144.9 149.2 153 154.5 154.2 150.5 145.7 139.1 130.1 119.5 108.5 119.9 141.7 161.4 175.8 192.7 207.8 223.3 241.3 260.7 280.1 292.8 311 323.8 330 334.4 333.7 329.7 318.8 292.9 282.9 273.6 255.1 239.4 227.7 218 205.1 188.5 166.9 142.5 120.2 99 83.7 58.2 39.7 22.9 3.7 -1 -1 -1 -1 -1 -1 -1 -1 -1 -1 -1 -1 -1 -1 -1 -1 -1 -1 -1
-1 -1 -1 -1 -1 -1 -1 -1 -1 -1 -1 -1 2.3 12 30.5 46.4 62.2 74.9 86.9 97.5 107.1 115.5 122.1 130.3 137 141.1 143.9 145.2 142.1 136.9 131.6 125.5 119.1 102 100.6 122.7 145.1 159.7 176.4 192.4 205.7 223.8 242.3 259.9 276.5 294.9 306.7 315.8 320.3 323.7 323.8 322.7 298.3 290.8 285.8 269.1 249.3 237.4 221 206 189.2 169.5 146.1 123 101.1 83.2 63.9 41.9 22.6 5.9 -1 -1 -1 -1 -1 -1 -1 -1 -1 -1 -1 -1 -1 -1 -1 -1 -1 -1 -1
-1 -1 -1 -1 -1 -1 -1 -1 -1 -1 -1 -1 -1 1.3 16.2 34.8 47.6 61.8 74.7 84.9 94.8 102.6 111.6 117.2 124.6 128.7 132.8 135.6 132.2 128.3 122.8 117.1 113.5 99.1 91.7 111 130.6 147.3 160.1 175.2 189.4 207.4 226.6 244.8 261.1 277.7 287.9 294.6 302.7 309.4 314.4 320.5 299.6 299.7 295.3 281.3 263.8 246.1 225.7 209 191.8 172.3 148.3 126.3 105 82.8 63.4 42.7 25.9 6.3 -1 -1 -1 -1 -1 -1 -1 -1 -1 -1 -1 -1 -1 -1 -1 -1 -1 -1 -1
-1 -1 -1 -1 -1 -1 -1 -1 -1 -1 -1 -1 -1 -1 1.7 21.5 36.7 48.7 61.5 71.6 81.2 90.6 97.3 104.9 112.7 115.6 119.9 122.9 121.9 118.2 115.8 112.9 106.9 94 86.8 99.7 115.4 132.1 146 159.9 171.1 191.1 209.7 225.1 243.2 258.7 269.7 277.3 283 292.2 296.1 307.1 295 303.7 297.3 285.2 269 250.9 231.4 211.3 192.9 175.4 150.9 128.5 108.8 87.8 66.5 44.9 26.9 8.2 -1 -1 -1 -1 -1 -1 -1 -1 -1 -1 -1 -1 -1 -1 -1 -1 -1 -1 -1
-1 -1 -1 -1 -1 -1 -1 -1 -1 -1 -1 -1 -1 -1 -1 8.2 26.3 38.3 50.8 61.4 70.4 78.1 86.4 93.2 100.6 103.6 106.8 110.5 110.9 109 107.8 104.4 97.8 84.6 78.7 93.3 102.7 117.1 131 145.7 154 174 192 205.4 225.1 240.7 249.7 258.3 264.2 271.7 277.2 288.5 283.4 297.4 295.5 283.1 268.2 252.3 233 216.2 193.2 176.7 154.9 131.7 111.9 88.1 69.4 49.1 28 6.4 -1 -1 -1 -1 -1 -1 -1 -1 -1 -1 -1 -1 -1 -1 -1 -1 -1 -1 -1
-1 -1 -1 -1 -1 -1 -1 -1 -1 -1 -1 -1 -1 -1 -1 -1 12.7 26 36.3 49.4 58 66.8 74.5 80.9 87.5 91.9 95.5 98.2 100.1 100.7 99.8 95.8 89.3 80.7 69.1 81.3 91.8 104.4 119 129.5 138 156.9 174.5 186.5 207.6 223.2 231.7 239.3 245 251.5 257.9 262.8 268.3 280.4 284 276.8 265.1 250.7 234.7 215.6 192.9 176.9 155.8 134.8 113.9 90.8 69.9 51.5 30 9 -1 -1 -1 -1 -1 -1 -1 -1 -1 -1 -1 -1 -1 -1 -1 -1 -1 -1 -1
-1 -1 -1 -1 -1 -1 -1 -1 -1 -1 -1 -1 -1 -1 -1 -1 1.5 16.3 26.2 37.8 46.3 54.5 62.3 69.3 75.4 80.9 84.3 87.6 89.7 91.3 91.1 88 84.3 76.6 63.9 70.3 80.4 89.2 105 115.9 127.3 140.3 154.7 169.9 191.2 201.9 211.7 219 224.9 232.4 236.2 242.6 253.4 265.8 268.4 266.5 262.7 251.4 235.8 216.6 189.6 175.8 157.1 133.6 115.2 92.8 71.2 52.1 30.6 8.9 0.8 -1 -1 -1 -1 -1 -1 -1 -1 -1 -1 -1 -1 -1 -1 -1 -1 -1 -1
-1 -1 -1 -1 -1 -1 -1 -1 -1 -1 -1 -1 -1 -1 -1 -1 -1 2 14.6 28.3 38.3 43.9 51 58.8 64.3 70.1 73.5 77.3 79.1 81.5 81.3 81.1 77.2 69 62.4 60.1 69.9 75.9 92.4 104.3 114.9 125.6 138.5 153.7 171.1 184 189.4 199.2 206.1 212.3 213.6 221.8 240.6 248.7 252.5 255 257.1 251 234.3 216.4 186 170.9 152.7 128.9 112.1 94.7 72.9 49.5 30.4 8.9 -1 -1 -1 -1 -1 -1 -1 -1 -1 -1 -1 -1 -1 -1 -1 -1 -1 -1 -1
-1 -1 -1 -1 -1 -1 -1 -1 -1 -1 -1 -1 -1 -1 -1 -1 -1 -1 2.3 16.4 28.3 35.3 42.1 47.3 52.8 58.8 62.6 66.9 69.4 72.4 72.6 72.5 67.9 64.4 59.9 48.6 59.8 68 80.9 94.9 105.7 114.4 123.5 138.2 150.2 163.7 169.9 182.6 187.6 191.8 192.4 206.8 222.9 233.9 240.5 246.3 251.2 249.6 231 211.2 185.2 166.1 147.8 123.9 106.4 90.2 70.1 45.7 26.8 6.9 -1 -1 -1 -1 -1 -1 -1 -1 -1 -1 -1 -1 -1 -1 -1 -1 -1 -1 -1
-1 -1 -1 -1 -1 -1 -1 -1 -1 -1 -1 -1 -1 -1 -1 -1 -1 -1 -1 4.5 16 25.1 30.1 34.9 41.4 47.8 52.9 56.7 59.6 63.2 63.7 63.9 61.2 58.9 55 42.9 50.2 59.4 69.3 80.7 92.6 101.9 109.2 120.6 132.7 143.3 153.5 166.6 170.4 176.5 174.4 189.6 202.1 219 228.4 234.8 243 242.9 227 202.3 182.6 161.1 141.8 118.9 103.1 85.5 66.5 42.5 22.9 6.9 -1 -1 -1 -1 -1 -1 -1 -1 -1 -1 -1 -1 -1 -1 -1 -1 -1 -1 -1
-1 -1 -1 -1 -1 -1 -1 -1 -1 -1 -1 -1 -1 -1 -1 -1 -1 -1 -1 0.4 9.6 16.9 21.4 25.4 31.9 38.3 44 46.9 49.9 53.7 54.5 54.9 54.6 52.8 48.3 43.4 37.6 49.2 59.3 71.3 82.1 89.8 95 103.9 117.2 126.4 136.8 147.9 155.3 157.1 155 171.3 181.9 197.2 217.8 222.3 229.4 229.3 218.2 196.1 173.1 157.1 133.6 114.9 97.5 79.4 61.8 38.1 22.7 3.7 -1 -1 -1 -1 -1 -1 -1 -1 -1 -1 -1 -1 -1 -1 -1 -1 -1 -1 -1
-1 -1 -1 -1 -1 -1 -1 -1 -1 -1 -1 -1 -1 -1 -1 -1 -1 -1 -1 -1 0.6 4.1 12.3 15.9 21.6 30.1 35.2 37.3 40.3 43.2 45.4 46.1 46.4 47 44.5 39.3 29.6 42.5 49.2 60.8 72.3 77.8 81.9 89.7 99.7 110.6 122.2 131.6 138.2 138.7 136.4 151.6 166.1 177.1 201.9 211.5 213.5 212.5 199.4 184.2 165.1 150.1 127.8 108.1 91.6 74.2 56.3 37.5 18.8 2 -1 -1 -1 -1 -1 -1 -1 -1 -1 -1 -1 -1 -1 -1 -1 -1 -1 -1 -1
-1 -1 -1 -1 -1 -1 -1 -1 -1 -1 -1 -1 -1 -1 -1 -1 -1 -1 -1 -1 -1 1 5.3 7.2 10.3 19.8 24.3 29.2 30.7 33.7 37.9 38.6 40 41 40.3 34.7 29.8 35.1 43.8 48.6 60 65.9 71.7 77 86 96.8 106.4 116.5 122.2 122.8 118.5 133.3 146.2 157.1 178.8 192.6 192.4 192.3 183.6 167.4 152.6 137.4 121.2 101.8 84.9 68.7 50.7 34.9 15.2 2.2 -1 -1 -1 -1 -1 -1 -1 -1 -1 -1 -1 -1 -1 -1 -1 -1 -1 -1 -1
-1 -1 -1 -1 -1 -1 -1 -1 -1 -1 -1 -1 -1 -1 -1 -1 -1 -1 -1 -1 -1 -1 3.9 6.1 7.2 10.3 12.2 19.3 23 27.3 30.3 33.7 35 34.4 29.1 25.9 22.2 31.5 37.5 42.8 49.2 55.5 62.4 67.8 73.2 82.7 93.2 101.6 107.6 107.7 104.7 115.5 129.9 141 160.5 170.6 174.5 173.4 166.4 157.5 147.7 129.9 112.5 96.6 79.8 62.7 47.1 29.9 8.4 1.4 -1 -1 -1 -1 -1 -1 -1 -1 -1 -1 -1 -1 -1 -1 -1 -1 -1 -1 -1
