data/200000-660000.asc
ncols 200
nrows 200
xllcorner 200000
yllcorner 660000
cellsize 50
[rows 0 to 37 of 200, columns 85 to 169 of 200]
275.1 274.1 273.1 270.8 270.5 272.7 269.8 268 269.2 266.4 258 248.2 247.4 247 243 234.8 229.9 229 224.1 225.2 216.4 203.9 188.3 174.8 162.6 154.2 142.3 126.9 115.7 105 94 81.9 91.3 91.7 87.8 80.4 70.9 61.7 55.6 48.7 44.7 39.2 32.5 26 22.6 17.7 13.3 9.2 6.1 3.9 -0.9 -0.9 -0.9 -0.9 -0.9 -0.9 -0.9 -0.9 -0.9 -0.9 -0.9 -0.9 -0.9 -0.9 -0.9 -0.9 -0.9 -0.9 -0.9 -0.9 -0.9 -0.9 -0.9 -0.9 -0.9 -0.9 -0.9 -0.9 -0.9 -0.9 -0.9 -0.9 -0.9 -0.9 -0.9
274.2 275.1 275.8 269.3 268.5 269 266.7 266.6 266.2 262.9 256.3 246.4 245.5 244.8 240.3 235.2 236.5 236.1 234.2 233.4 222.7 209.1 194.3 179.2 164.4 159.2 148.8 138.1 125.3 114.7 102.1 99.2 98.7 97.7 92.5 86.4 76.1 66.4 60.1 52.7 47.9 42 35.4 29.5 24.9 19.5 16 11.5 8.3 5.5 3.7 -0.9 -0.9 -0.9 -0.9 -0.9 -0.9 -0.9 -0.9 -0.9 -0.9 -0.9 -0.9 -0.9 -0.9 -0.9 -0.9 -0.9 -0.9 -0.9 -0.9 -0.9 -0.9 -0.9 -0.9 -0.9 -0.9 -0.9 -0.9 -0.9 -0.9 -0.9 -0.9 -0.9 -0.9
272.9 275.9 277.3 269.7 266.6 265.8 264.9 263.7 261.6 259 253 245.2 244.1 243.7 238.3 237.2 242.4 241 236.4 232.6 224.3 217.2 203.1 191.8 183.5 174.2 160.6 143.7 133.2 122.5 112.5 108.1 106.1 104.1 99.2 91.7 81.9 71.3 65.2 56.2 51 45.7 38.4 32.1 26.8 22.3 17.8 16.2 11.5 7.9 4.4 2.1 0.6 -0.9 -0.9 -0.9 -0.9 -0.9 -0.9 -0.9 -0.9 -0.9 -0.9 -0.9 -0.9 -0.9 -0.9 -0.9 -0.9 -0.9 -0.9 -0.9 -0.9 -0.9 -0.9 -0.9 -0.9 -0.9 -0.9 -0.9 -0.9 -0.9 -0.9 -0.9 -0.9
272.4 277.2 276.4 267.8 264.4 263.2 261.5 260.1 259.7 256.9 250.6 244.4 243 242 239 240.6 244 239.3 237.9 235.8 230.5 225 216.7 206.4 198 192 177.3 158 141.9 129.9 121.5 117.8 113.7 110.6 104.2 96.7 87.5 77.6 69.6 61.6 56.3 47.9 41.5 34.8 28.9 23.9 22.6 20.2 15.4 8.9 7.5 4.4 3.9 1.4 -0.9 -0.9 -0.9 -0.9 -0.9 -0.9 -0.9 -0.9 -0.9 -0.9 -0.9 -0.9 -0.9 -0.9 -0.9 -0.9 -0.9 -0.9 -0.9 -0.9 -0.9 -0.9 -0.9 -0.9 -0.9 -0.9 -0.9 -0.9 -0.9 -0.9 -0.9
272.6 275.5 273.9 265.9 262 260 258.3 256.4 256.3 254.1 248.7 243.2 241.5 240.2 238.6 241.5 241 239.1 242.7 244.2 234.5 232.6 227.3 221.2 214.7 206.2 191.9 173 154.9 139.8 129.6 125.1 120.6 117.1 110.5 102.1 92.2 83 74.4 66.4 58.3 51.3 44.4 38.4 34.3 30.5 27.3 23.1 19.1 14.7 10.3 6.6 4.6 4.1 1.7 -0.9 -0.9 -0.9 -0.9 -0.9 -0.9 -0.9 -0.9 -0.9 -0.9 -0.9 -0.9 -0.9 -0.9 -0.9 -0.9 -0.9 -0.9 -0.9 -0.9 -0.9 -0.9 -0.9 -0.9 -0.9 -0.9 -0.9 -0.9 -0.9 -0.9
270.4 271.8 269.1 264.4 260.2 257.8 255.6 253.6 252.8 251.3 246.3 241.8 240.2 239.9 238.8 239.1 239.9 241.2 249.4 248.7 242.6 242.4 239.5 234 225.4 216.4 202.9 184 165.7 150.2 137.4 131.8 126.3 122.2 115.7 106.9 98 89 80.5 72.1 63.2 54 50.8 45.4 38.9 34.7 30.3 25.7 22 19.7 16.9 11 7.5 5.7 3.7 2.3 1.6 -0.9 -0.9 0.5 1 1 1.7 3.4 2.4 -0.9 -0.9 -0.9 -0.9 -0.9 -0.9 -0.9 -0.9 -0.9 -0.9 -0.9 -0.9 -0.9 -0.9 -0.9 -0.9 -0.9 -0.9 -0.9 -0.9
267.2 268 265.5 262 258.5 256.4 253.9 252 251.4 250.7 244.8 240.7 239 239.1 239.2 239.7 240.2 246.7 251.4 251.7 249.4 250.2 249.7 244.9 234.7 225.3 212.2 193.9 173.7 158.7 146.1 140.3 132.1 127.2 119.9 111 101.3 91.8 83.3 75.1 68.6 61.8 53.8 49.5 43 37.9 33.5 27.9 28.3 25.7 22.1 19.1 12.6 8.4 5.8 4.7 3.8 3.2 2.8 2.8 3 4.1 5.3 6.8 7.3 2.6 -0.9 -0.9 -0.9 -0.9 -0.9 -0.9 -0.9 -0.9 -0.9 -0.9 -0.9 -0.9 -0.9 -0.9 -0.9 -0.9 -0.9 -0.9 -0.9
263.4 264.4 262.7 260.4 258 255.6 252.6 251 252.7 250.8 243.6 238.8 237.8 238 238.6 238.7 242.5 249.9 253.5 254 253.2 255.1 257.2 255.8 245.5 235.7 220.5 202.3 180.6 164.9 153 145.6 137.2 130.9 123.4 115.3 107.6 101.7 94.3 85.7 76.1 68.9 60.5 53.5 46.9 40.8 34.1 34.7 33.7 31.1 28.9 25.6 21.6 15.5 8.9 6.7 5.7 5.2 4.4 4.6 4.9 8 9.5 10.1 9.7 6.2 1 -0.9 -0.9 -0.9 -0.9 -0.9 -0.9 -0.9 -0.9 -0.9 -0.9 -0.9 -0.9 -0.9 -0.9 -0.9 -0.9 -0.9 -0.9
259.6 260.6 259.5 258 258.5 258 251.6 250.1 251 250.5 241.7 237.7 236.7 237 237.7 238.4 245.6 255.1 256.7 255.6 256.9 260.3 265.9 262 249.6 239.4 224.8 206.4 185.3 168.9 157.2 149.9 141.3 133.8 126.3 119.1 113.1 107.8 101.2 93.4 83.3 74.1 65.1 58.2 50.9 44.8 42.4 41.2 40.8 40 37 33.9 29 23.3 17.7 12.7 8.2 6.6 6.2 6.4 7.8 13.3 17.3 16.5 13.1 7.8 3.8 -0.9 -0.9 -0.9 -0.9 -0.9 -0.9 -0.9 -0.9 -0.9 -0.9 -0.9 -0.9 -0.9 -0.9 -0.9 -0.9 -0.9 -0.9
256 257.4 256.8 255.5 257.4 256.6 251 249.1 249.3 249.1 240.9 236.8 235.8 236.1 237.1 240.6 248.9 258.9 260.5 260.8 263.7 265.5 265.2 260 247.9 237.3 224.2 207.3 188.3 172.3 160.7 153.5 144.7 136.6 129.5 122.9 118.7 115.2 109.8 103 94.8 85.9 73.2 61.2 55.3 50.6 48.5 47.7 47.8 48.5 48 48.7 39.8 28.6 22.8 18.2 14.2 12.2 11.2 10 11.8 17 21.2 19.4 17 8.9 5 0.8 -0.9 -0.9 -0.9 -0.9 -0.9 -0.9 -0.9 -0.9 -0.9 -0.9 -0.9 -0.9 -0.9 -0.9 -0.9 -0.9 -0.9
252.1 254.3 253.5 254.1 255.2 255.6 251.7 248.2 248.6 244.4 239.9 235.5 234.9 236.5 238 242.5 251 260.3 263.1 267.6 265.5 263.3 262 252.2 244.4 234.6 220.6 204.4 191.2 175.6 163.9 155.9 148 139.4 128.5 124.4 123.5 123.1 121.5 116.1 106.8 97.8 85.8 72.8 59.8 54.4 55.4 54.3 55.3 56 57.6 59.3 54 38.7 30 22.5 17.8 15.7 15.2 14.4 15.2 18.8 22 21.2 17.4 8.8 5.6 3 -0.9 -0.9 -0.9 -0.9 -0.9 -0.9 -0.9 -0.9 -0.9 -0.9 -0.9 -0.9 -0.9 -0.9 -0.9 -0.9 -0.9
248.9 250.3 250.8 252.3 252.5 254.6 251 246.5 246.3 242 239.2 235.1 234.7 236.9 239.2 244.1 253.7 261.2 264.9 268.4 265.2 262.3 258.3 248.7 241.6 231.9 218.2 206.9 193.2 177.3 164.9 156.2 149.2 143.3 136 131.7 134.5 132.7 132.4 124.7 113.2 105.8 95.5 85.1 71.6 60.8 63.7 61.3 61.5 65.6 64.9 65.5 60.3 47.2 37.2 27.7 21.4 18.5 17.2 16.2 16.8 19.8 23.1 22.3 19.8 15.9 8 4.7 -0.9 -0.9 -0.9 -0.9 -0.9 -0.9 -0.9 -0.9 -0.9 -0.9 -0.9 -0.9 -0.9 -0.9 -0.9 -0.9 -0.9
244.7 245.9 247.2 248.9 251.7 253.5 247.4 244.4 242.8 240.2 236.8 233.9 234.6 238.5 240.9 246.1 253.9 260.3 264.7 267.3 266.1 266.2 257.9 244.7 239.5 228.4 217.8 209.8 191.1 177.9 167.5 159.5 154.4 146.4 139.3 138 142.1 142.7 143.1 133.3 118.8 111.1 101 91 79.5 72.8 72.1 68 68 71.4 71.3 69.5 65.1 53.8 44.3 34 25.8 22 19.7 18.3 18.9 21 23.1 23.2 22 15.6 8 5.4 -0.9 -0.9 -0.9 -0.9 -0.9 -0.9 -0.9 -0.9 -0.9 -0.9 -0.9 -0.9 -0.9 -0.9 -0.9 -0.9 -0.9
240.3 243.3 244.3 245.3 249.1 247.8 244 240.8 240 237.4 235.1 232.9 236.3 238.9 241.1 247.1 253.2 258.9 262.5 265 267.2 263.9 251.4 240.5 235 229 223.9 215.5 199 182 170.7 162.6 159.6 149.9 142.1 142.9 150 149.8 149.5 140.4 123.1 114.8 104.8 94.3 87.1 82.2 81.9 76.6 76 76.8 75.4 74 69.2 58.8 50.8 39.2 30.4 24.6 22 21 19.5 20.1 23.9 23.8 22.3 17.2 10.2 6.4 2.5 -0.9 -0.9 -0.9 -0.9 -0.9 -0.9 -0.9 -0.9 -0.9 -0.9 -0.9 -0.9 -0.9 -0.9 -0.9 -0.9
236.9 239.6 240.5 241.5 242.8 242.6 240 237.3 236.8 235.2 233.8 232.9 236.9 240.7 241.8 246.2 251.4 256.9 261.8 264.8 263.2 252.5 244.4 238.5 236.2 232.5 228.4 220.5 204.1 186 172.3 165.9 163.2 153.6 145 147.6 153.3 153.9 152.3 141.9 126.1 117 107.3 98.4 94.8 89.9 90.3 86.2 82.3 81.3 79.2 77.9 72.4 63.9 54.1 45 34.1 28.8 25.2 22.7 20.6 20.4 23.9 23.8 22.4 18.5 11.4 6.5 3.4 -0.9 -0.9 -0.9 -0.9 -0.9 -0.9 -0.9 -0.9 -0.9 -0.9 -0.9 -0.9 -0.9 -0.9 -0.9 -0.9
232.1 235.4 236.3 236.3 237.4 240.3 236.9 234.1 233.9 233.1 232.7 233.1 236.9 239.2 240.4 244.3 249.3 254.7 260 261.4 252.2 245.7 240.2 238.8 240.6 237.9 230.5 225.6 211.9 191.1 176.3 169 164.4 154.5 147.1 151.2 155.5 154.8 152.4 143.4 128.3 118.7 110 103.1 100 97.7 99.6 95.1 89.1 85.1 82.6 80.7 75.5 67.4 57.6 47.6 36.6 30.2 26.8 23.7 21.5 21 24.2 23.8 22.7 18.8 12.1 6.7 3.7 -0.9 -0.9 -0.9 -0.9 -0.9 -0.9 -0.9 -0.9 -0.9 -0.9 -0.9 -0.9 -0.9 -0.9 -0.9 -0.9
226.7 231.1 231.3 231.1 233.3 235.8 234 231.7 232 232 231.8 232.7 236.2 238.7 239.2 242.2 246.5 251.8 256 252.5 248.3 242.9 236.9 240.1 239.7 236.7 230 226.2 215.1 196.9 179.8 170.7 165.2 158 149.9 152.9 156.1 155.7 151.9 142.5 132.6 120.3 112.3 106 102.6 103.6 103.1 99.2 93.7 88.4 85.3 83.8 77.2 68.5 58.1 52.8 43.3 33.9 28.2 25.6 22.6 21.5 23.8 24.2 22.2 18.7 12.9 6.7 5.6 1.1 -0.9 -0.9 -0.9 -0.9 -0.9 -0.9 -0.9 -0.9 -0.9 -0.9 -0.9 -0.9 -0.9 -0.9 -0.9
223.2 226.3 226.8 227.1 230.3 232.9 231.4 229.9 231.2 232 232.5 232.8 235.1 237.5 237.5 240.2 242.7 247.1 249.9 248.6 244.3 238.7 233.9 236.2 237.4 236 231.3 226.3 215.7 201.1 183.1 172.7 166.2 160.3 153.2 155.6 156.1 154.9 149.2 140.7 134 121.6 114.2 108.9 106 107.3 105.2 101.5 96.3 90.7 88.7 84.7 77.6 71.5 64.1 56.6 45.9 36.7 30.3 26.2 23.1 22.1 23.6 23 20.4 17.4 14.7 7.3 5.5 1.6 -0.9 -0.9 -0.9 -0.9 -0.9 -0.9 -0.9 -0.9 -0.9 -0.9 -0.9 -0.9 -0.9 -0.9 -0.9
220.5 222.1 223.2 224 228.2 230 228.9 232.7 234 233.7 233.4 233.7 234.6 235.2 235.9 237.4 239.4 242.5 244.4 243 239.1 233.4 230.8 235.5 237.7 239.8 234.2 226.9 217.9 205.3 187.6 173.6 167.7 161.2 156.7 158.1 155.8 153.8 147.5 142.1 134.1 123.4 115.9 111.3 108.3 109.3 106.6 102.8 98 93.6 88.5 86 82.9 76.7 73.5 67.1 58 42.6 33.3 27.9 24 23.5 22.8 21.3 19 16.8 14.5 9.1 6.6 2.6 -0.9 -0.9 -0.9 -0.9 -0.9 -0.9 -0.9 -0.9 -0.9 -0.9 -0.9 -0.9 -0.9 -0.9 -0.9
216.1 217.8 220.1 222 225.9 228 230.3 238.5 240.5 240.5 236.4 235.1 233.9 233.6 234.5 235 236.5 238.4 239.6 238.3 232.5 227.2 228 237.6 245.6 242.6 238.2 228.6 217.7 205.2 191 176 168.2 162.2 159.1 157.4 155.7 151.3 146.9 141.6 134 124.2 117.4 113.5 109.9 109.6 107.6 104 99.8 95.5 89.8 89.6 89.6 87.4 81.4 73.4 64.5 50.3 37.7 30.1 25.5 23.4 21.4 19.5 17.9 16.1 13.9 9.4 6.7 3.8 -0.9 -0.9 -0.9 -0.9 -0.9 -0.9 -0.9 -0.9 -0.9 -0.9 -0.9 -0.9 -0.9 -0.9 -0.9
212.4 214.8 217.8 218.1 223.3 227.2 238.2 243.8 246.1 245.5 242.3 241 236.7 233.9 232.9 232.9 232.5 234.2 234.2 232 225 222.5 227.8 240.7 246.9 245.6 241.9 230.9 221.1 208.1 193.2 177 167.9 162.2 159.7 156.8 154.4 149.7 145.7 140.3 133.6 124.6 118.2 114.2 111.5 110.3 108.2 103.5 99.9 95.7 90.9 93 93.8 89.2 81.8 77.3 67.5 53.9 41.3 30.2 25.3 22.1 20 17.9 16.2 14.4 12.1 10.1 6.1 3.2 -0.9 -0.9 -0.9 -0.9 -0.9 -0.9 -0.9 -0.9 -0.9 -0.9 -0.9 -0.9 -0.9 -0.9 -0.9
209.5 211.9 212 221.4 225.5 231.8 241.8 249.7 253.1 251 248.3 244.1 237.2 231.8 230 229.8 228.4 228.5 228.5 224.6 218.3 220.2 230 239.7 245.1 245.1 240.8 232.4 224.4 209.7 194.2 178.6 168 161.9 159.1 156.3 152.6 148.3 144 138.2 131.6 124.7 118.3 113.9 111.7 110.7 108.4 104.1 101.2 96.8 93.2 97.2 95.3 91.5 83.8 77.8 68.8 55.4 43.5 30.7 24.6 21 18.8 16.6 13.5 11.3 7.9 7.7 5.7 4.7 -0.9 -0.9 -0.9 -0.9 -0.9 -0.9 -0.9 -0.9 -0.9 -0.9 -0.9 -0.9 -0.9 -0.9 -0.9
206.9 206.2 216.3 222.1 227.3 235.8 248.7 254.2 255.5 252.4 249.5 244.2 236.1 229.5 226.8 226.2 223.8 223.3 221.5 218.3 212.7 220.5 231.3 239.7 243.6 243 238.4 234.6 222.2 207.9 193 178.6 167.9 160.8 157.3 155.2 151.7 147.3 143 139.1 131.8 126.3 118.9 112.5 110.8 110.2 108.7 105.5 102.4 99.9 95.5 100.3 97.4 91.8 84.6 77.3 69.1 56.4 44 32.4 23.9 19.8 17.1 13.9 9.8 8.7 6.6 6 5.1 4.2 -0.9 -0.9 -0.9 -0.9 -0.9 -0.9 -0.9 -0.9 -0.9 -0.9 -0.9 -0.9 -0.9 -0.9 -0.9
201.6 210.4 217.3 222.4 229 240.1 251.4 256 256 253.2 248.7 243.5 235.7 227.9 223.8 222.7 219.3 217.9 215 212.5 208.2 220.6 230.9 238.4 240.9 239.8 232.8 225 217.2 207.4 193.8 176.7 166.4 158 154.9 153.9 150.9 146.6 142.5 139.7 134 128.5 120.5 110.8 109.4 109.7 109.1 107.7 104.8 105.6 97.2 102.4 99.5 92.8 84.9 76.4 68.5 56.7 44 31.6 23.2 18.5 15.3 9.8 7.5 6.6 6.1 5.9 5.6 1.3 -0.9 -0.9 -0.9 -0.9 -0.9 -0.9 -0.9 -0.9 -0.9 -0.9 -0.9 -0.9 -0.9 -0.9 -0.9
193.7 211 216.7 221.9 231 242 251.9 256.7 256.4 252.8 248.2 242.6 235.1 227.6 221.3 219 215.1 212.3 210.4 207.1 206.5 219.7 229.8 237.8 237.9 232.2 228.3 221.8 213.1 203.9 190.1 174.8 163.9 154.8 151.8 152.5 148.8 143.7 140.4 137.8 132.6 126.3 117.3 109.1 107.1 108.9 110.8 109.9 108.9 105.1 98.1 101.3 99.7 92.4 84.1 74.9 67.4 55.6 44.4 30.2 22.3 17 11.3 8.1 6 5 4.8 4.4 1.8 -0.9 -0.9 -0.9 -0.9 -0.9 -0.9 -0.9 -0.9 -0.9 -0.9 -0.9 -0.9 -0.9 -0.9 -0.9 -0.9
204.8 210.3 216.2 224 233.5 244.3 251.9 256.5 256 254.7 249.4 241.9 234.1 225.4 219.5 215.6 210.5 206.4 205.3 200.8 203.2 218.2 227.6 233.1 230.7 227.6 222.4 217.1 207.6 198.8 185.8 170.2 160.3 151 148.1 148.5 146.1 140.6 137.5 134.3 129.6 122.9 113.2 106.8 104.2 108.2 112.2 111.4 110 101.9 96.9 98.9 98.8 89.9 80.8 72.3 64 53.4 39.5 29.6 20.3 13.6 9.1 6.6 4.7 4.1 4.1 1.9 -0.9 -0.9 -0.9 -0.9 -0.9 -0.9 -0.9 -0.9 -0.9 -0.9 -0.9 -0.9 -0.9 -0.9 -0.9 -0.9 -0.9
205.7 211.4 219 226.4 236.5 245.9 252.9 255.3 255.2 254.4 248.6 240.3 231.9 223 217.6 212.1 205.8 201.2 199.2 195.1 202.4 214.9 223.7 227.7 225.5 221.6 216 212.2 204.5 193.5 183.3 166.8 156 146.1 145.9 144.7 142 136.6 134 130.3 126.7 118 107.8 102.8 101.3 108.5 114.6 113.3 108.7 98.6 95.5 96.3 96 86.1 78.9 68.9 60.5 52.2 39.4 27.9 19.3 10.8 7.6 5.5 3.8 3.5 2.8 1.1 -0.9 -0.9 -0.9 -0.9 -0.9 -0.9 -0.9 -0.9 -0.9 -0.9 -0.9 -0.9 -0.9 -0.9 -0.9 -0.9 -0.9
207.1 212.3 220.6 228.8 239.2 247.9 252.8 253.3 253.1 252.8 246.9 238.1 229.3 220 214.7 209.3 201.6 196.5 193.3 189.4 200.1 210.4 217.9 221.5 217.8 215.4 211 206.8 198.6 187.7 177.3 162.8 151 141.6 140.8 139.6 136.7 132 129.5 127.1 122.5 110.3 101.5 97.2 98.2 111.8 115.1 112.4 105.2 95 92.8 92.5 90.5 82.6 74.6 66.6 58.7 48.9 36.3 25.4 17.3 8.7 6.1 4.3 3.9 2.2 1.3 0.1 -0.9 -0.9 -0.9 -0.9 -0.9 -0.9 -0.9 -0.9 -0.9 -0.9 -0.9 -0.9 -0.9 -0.9 -0.9 -0.9 -0.9
209.8 214.3 223.9 231.8 243.8 248.5 250.6 250.5 250.2 248.9 243.5 234.6 226.1 217.9 210 205 197.1 190.9 187.9 186.6 195.7 204.8 213.1 214.3 212.6 208.6 206 200.7 191.3 183.8 172.6 158.3 147.2 135.6 135.7 135.1 131 127.9 124.8 120.1 110.8 100.3 96.9 90.1 95.6 110.2 113.1 108.6 100.1 89.7 88.7 86.9 81.6 75.7 70.2 63.1 55.3 44.2 33.2 21.9 9 6.9 5 3.5 1.2 -0.9 -0.9 -0.9 -0.9 -0.9 -0.9 -0.9 -0.9 -0.9 -0.9 -0.9 -0.9 -0.9 -0.9 -0.9 -0.9 -0.9 -0.9 -0.9 -0.9
212.1 217.2 227.2 235.9 246.5 248.6 248.3 247.4 246.2 244.1 240 230.7 221.4 213.8 205.8 200.1 194.1 188.9 183 183.1 191 200.1 207.1 208.3 206.3 203 199.1 192.4 186.7 178.1 167.2 152.1 140.6 129.4 129 126.9 123.6 120.3 113.9 109.1 98.7 94.9 91.3 83.1 95.4 106.5 107.3 100.3 91.7 86.4 81.6 79.3 78.1 73.1 65.4 58.3 50.4 41.2 28.9 16.3 7.3 4.8 2.1 0.9 -0.9 -0.9 -0.9 -0.9 -0.9 -0.9 -0.9 -0.9 -0.9 -0.9 -0.9 -0.9 -0.9 -0.9 -0.9 -0.9 -0.9 -0.9 -0.9 -0.9 -0.9
213.2 221 230.3 238.8 246.2 247.7 246.9 244.8 242.5 241.1 235.9 227.1 216.3 209.6 202.7 196.9 191 183.4 179.3 178.5 186.1 194.8 200.5 202.8 198.8 197 191.3 186.6 179.8 172 161.6 145 130.8 121.5 122.8 117.2 113.6 107.1 102.1 100.2 93.2 85.3 83.9 78 91.3 97.2 96.4 91 84.8 79.6 73 73.3 73.5 67.8 59.7 52.2 45.1 35 23.4 8.8 5.3 2 -0.9 -0.9 -0.9 -0.9 -0.9 -0.9 -0.9 -0.9 -0.9 -0.9 -0.9 -0.9 -0.9 -0.9 -0.9 -0.9 -0.9 -0.9 -0.9 -0.9 -0.9 -0.9 -0.9
215.2 223.4 230.8 239 243.9 245.7 244.3 242.1 238.7 236.3 231.5 220.6 210.3 204.4 198.1 191.3 185.3 178.4 176.2 174.5 179.6 189 194.6 194 192.2 189.6 183.7 180.1 174.4 164.2 150.9 126.6 126.6 115.9 111.5 107.1 104.1 99.5 96.2 95.1 89.4 77.6 73.7 73.5 83.8 87.3 86.8 83.5 78.3 73.1 66.3 67.2 67.1 61.1 53.4 46.2 39.1 28.6 19.9 6.6 2 -0.9 -0.9 -0.9 -0.9 -0.9 -0.9 -0.9 -0.9 -0.9 -0.9 -0.9 -0.9 -0.9 -0.9 -0.9 -0.9 -0.9 -0.9 -0.9 -0.9 -0.9 -0.9 -0.9 -0.9
216.8 224.5 230.8 237.2 241.9 242.6 241.4 240.1 235.3 231.5 226 214.5 206 200.1 193.3 187.3 181 174.1 172.4 169.3 173.8 181.8 186.2 186.8 186.6 183.3 177 171.5 165.4 152.8 137.7 122.4 114 107.5 97.7 95.5 93 91.6 88.1 87.9 83.7 71.6 61.9 66.4 76 79.7 79.3 75.8 71.2 66.1 57.7 59.3 58.8 53.4 47.7 40.3 32.8 23.6 7.8 4.2 -0.9 -0.9 -0.9 -0.9 -0.9 -0.9 -0.9 -0.9 -0.9 -0.9 -0.9 -0.9 -0.9 -0.9 -0.9 -0.9 -0.9 -0.9 -0.9 -0.9 -0.9 -0.9 -0.9 -0.9 -0.9
217.9 223.8 229.7 234.5 237.9 239.1 237.9 234.9 229.9 226.1 218.7 206.8 200.3 194.5 188 182.8 176.3 169.3 165.1 164.3 167.1 174 179.5 180 178.5 175.2 168.5 161.6 152.6 140.1 126.2 110.2 104.3 97.9 88.6 81.9 81.6 81 78.8 78.8 76 63.6 49.8 57 65.8 70.3 70.7 66.5 62.7 59.1 52.5 52.1 50.9 45.3 38 32.6 20.7 9.6 4.8 -0.9 -0.9 -0.9 -0.9 -0.9 -0.9 -0.9 -0.9 -0.9 -0.9 -0.9 -0.9 -0.9 -0.9 -0.9 -0.9 -0.9 -0.9 -0.9 -0.9 -0.9 -0.9 -0.9 -0.9 -0.9 -0.9
217.3 222.5 226.9 230.1 233.3 234.1 232 229.8 224.5 220.9 210.2 202.1 194.4 188.5 182.4 177.1 170.2 163 158.8 158 161.2 166.5 171.3 173.6 172.5 167.6 158.8 150.6 139.8 126.9 112.4 97 95.1 88.8 81.2 68.7 68.8 69 66.8 69.8 67.2 57.4 44.8 49.5 56.7 60.4 60.5 56.5 54.3 51.3 43.6 41.8 42.2 37.2 24 15.6 7.8 4.9 -0.9 -0.9 -0.9 -0.9 -0.9 -0.9 -0.9 -0.9 -0.9 -0.9 -0.9 -0.9 -0.9 -0.9 -0.9 -0.9 -0.9 -0.9 -0.9 -0.9 -0.9 -0.9 -0.9 -0.9 -0.9 -0.9 -0.9
214.8 219.2 223.2 225.2 228 228.6 227.2 223.2 217.1 212 202.6 196.5 188 182.6 176.5 170.8 165.1 156.7 153.3 152.4 155.4 158.9 162.1 166 163.7 155 147 138.1 126.2 114.4 99.1 91.2 83.1 78 71.6 62.7 52.4 54.2 56.2 58.5 55.9 50.3 41.1 40.9 46.6 48.9 48.7 47 44 41 35 28.8 26.7 20.2 10.6 7.6 5.6 1.1 -0.9 -0.9 -0.9 -0.9 -0.9 -0.9 -0.9 -0.9 -0.9 -0.9 -0.9 -0.9 -0.9 -0.9 -0.9 -0.9 -0.9 -0.9 -0.9 -0.9 -0.9 -0.9 -0.9 -0.9 -0.9 -0.9 -0.9
211.6 214.7 217.9 218.7 222.2 223.2 219.2 216.3 210.2 204 194.8 189.2 181.4 175.9 171.1 166.3 158.8 150.6 144.8 145.5 148.5 152 154.1 155.5 151.7 142.3 133.8 123.3 113.7 100.9 92.7 83.6 73.9 66 60.6 54.6 48.4 40.6 45.5 47.2 44.6 41.3 32.9 25.6 36.2 36.7 36.5 36.2 33.5 28.2 21.3 15.8 11.8 8.9 6 3.8 1.1 -0.9 -0.9 -0.9 -0.9 -0.9 -0.9 -0.9 -0.9 -0.9 -0.9 -0.9 -0.9 -0.9 -0.9 -0.9 -0.9 -0.9 -0.9 -0.9 -0.9 -0.9 -0.9 -0.9 -0.9 -0.9 -0.9 -0.9 -0.9
207.3 209.5 212.1 211.4 214.3 214.6 211.3 207.2 201.9 194.6 187.4 181.6 173.6 169.4 164.8 159.6 150.5 145.2 138.9 139.4 141.1 143.7 144.8 143.1 138 128.8 120.3 111.1 100.7 91.3 84.2 71.7 61 52.6 48 43.9 38.6 29 34.1 35.3 33.1 29.6 24.6 19.3 24.4 23.5 23.4 22.9 13.9 12 9.5 8.6 7.7 6.3 3.8 -0.9 -0.9 -0.9 -0.9 -0.9 -0.9 -0.9 -0.9 -0.9 -0.9 -0.9 -0.9 -0.9 -0.9 -0.9 -0.9 -0.9 -0.9 -0.9 -0.9 -0.9 -0.9 -0.9 -0.9 -0.9 -0.9 -0.9 -0.9 -0.9 -0.9
