data/200000-710000.asc
ncols 200
nrows 200
xllcorner 200000
yllcorner 710000
cellsize 50
[rows 0 to 34 of 200, columns 79 to 157 of 200]
127.9 129.9 131.4 135.7 141.8 149.7 159.4 166.8 181.8 186.5 194.2 205.1 204.9 191.7 196.8 206.2 209.5 213.4 217.8 210 216.2 214.6 207.5 210.7 218.7 218 209 203.4 197.8 199.9 202.3 207.7 212.5 215.5 220.9 227.1 232.5 234.6 236.7 238.3 238.7 238.5 240.7 247.2 248.2 253.2 251.6 248.3 244.3 240.4 235.9 232.5 228.9 234.8 241.2 241.2 239.9 236.4 226.6 221.2 216.7 214.1 209.4 208 205.2 204.4 206.7 209.6 211.2 216.1 217.7 217.8 217.7 222.7 222.4 223.5 223.8 225.4 225.9
128.1 136.7 141.3 151.6 154.5 154.9 166.2 177.5 187.4 200 206.1 218.1 214.2 205.6 195.9 205.5 211 221.4 228.9 218.7 221.4 216.3 212.1 218.1 222.8 217.9 211.3 208.6 204.7 211 214 211.7 215.5 222.3 227 231.2 236.9 240.8 247.3 251.4 252.6 249.1 250.5 255.1 253.6 257.4 257.1 256.5 250.4 243.4 242 232.2 235.6 243.1 244.1 236.8 234.9 231.9 225.4 221.3 218.6 214.6 209.8 208.8 207.3 206.5 211.6 217.3 217.3 219.7 221.9 224 227.8 227.7 228.2 228.9 228.8 228.5 229.4
140 144.5 154 166 164 165.1 179 190.3 203.2 212.2 223 227.5 222.3 216.4 219.9 212.2 218.9 228.6 232.8 230.2 224.4 221.8 222.9 222.7 223.6 218.4 216.4 212.6 215.3 221.1 219.1 217.2 228.1 231.7 230.5 237.8 244.4 250.2 256.4 260.6 260.3 257.1 255.8 259.4 259.3 261.2 263.5 261.3 252 242 241 239.1 245.5 248.2 242.7 234.8 232.9 230.1 227.4 223.8 219.6 215.2 212.6 212 207.6 209.7 215.4 220 222.2 224.6 227.8 232.4 234.1 234.9 233.3 234.2 233.8 232.5 232.8
151.5 148.1 158.9 165.3 170.3 172 184.1 199.1 223.3 221.6 233.1 230.7 227.1 234.8 238.4 223.8 226.1 233.5 235 238.8 235.6 228.9 228.8 227 230.4 229 227.7 216 225.2 228.4 224.6 230.6 231 233.8 240.1 247 254.5 260.2 264.6 265.7 263 260.3 257.8 262.9 265.9 268.2 265 260.3 252.4 241.2 237.3 245.1 249.2 247.1 240.1 235.3 236.3 233.2 231.4 227.7 223.5 221.6 219.3 216 211.5 213.8 216.3 219.4 226.3 233.7 241.1 246.2 243.2 240.9 240 239.4 238.8 238.3 236.7
158.2 161.8 163 166.7 176.9 186.5 195.6 217.9 227.2 233.5 236.9 234.9 236.3 250 251.9 238.9 227.2 238.6 239.7 239.6 237.8 235.2 238.7 238.6 238.6 235.7 227.4 230.5 233.7 235.5 239.8 247.2 250.5 257.5 255.1 259 265.1 268.7 272.1 271.9 266.9 262.5 263 271.6 274.5 269.9 263.2 251.7 241.5 239 240.8 248.3 249.8 248.4 249.2 243.9 240.2 236.5 235.2 231.6 228.6 227.8 226 223.3 211.1 215.5 220.3 231.5 240.2 249.2 252 252.1 246.9 246.3 250.2 247.4 246.1 243.2 241.5
170 173.6 173.4 171.2 186.6 200.3 211.4 223 229.3 243.7 242.8 242.1 248.1 256 260.6 243.7 231.5 234.6 243.7 244.9 245.1 252.4 253.4 249 248.7 242.4 232.3 240.9 240.6 248.4 254 259.4 268.5 270.9 271.2 271.7 274.3 276.6 277.8 277.7 271.1 268.4 272.9 278 277.1 269 262 250.9 259.7 257.3 248.9 252.2 250.6 251.3 254.6 250.9 243.9 238.8 237.6 235.3 235 233.9 232 228.2 214.5 222.9 233.4 242.7 249.6 253.5 254.1 252.6 253.7 256.1 255.1 252.9 250.8 246.2 242.3
179.7 181.3 179.1 180 197.2 207.7 220.4 226.4 238.7 241.3 241.9 243.9 255.9 259.5 255.6 248 244.4 236.1 240.9 249.1 253.8 259.1 259.3 263.4 258.3 254.9 243.8 248 257.9 257.2 264.6 276.7 280.1 279.9 280.4 279.1 280.5 281.8 283.7 282.6 273.3 277.3 277.8 278.7 274.6 265.9 256.3 264.1 269.8 266.4 261.6 262 254.8 257.5 259.7 253.6 246 240.8 239.3 238 240 237.1 235.8 229.7 221.4 231.7 239.1 246.9 251.1 254.8 255.9 259.2 263 261.6 259.9 257.1 248.8 243.5 235.3
189.6 187.5 180.2 197.8 206.4 217.9 226 231.8 236.1 238 240.9 247.9 257.1 260.4 260.9 267 261.5 248.9 247.9 245.2 256.1 263.3 269 267 262.7 258.5 254 260.1 266.6 270 280.5 287.3 290.9 288.9 289.3 288.9 288.1 288.8 287.1 282.2 283 280.3 277.1 272 270.6 258.7 264.1 268.1 271.8 274.7 277.8 280.9 265.5 265.1 261.6 254.9 249.1 245.5 244.3 243.8 240.7 233.5 228.8 229 233.3 240 246.4 251.3 257.5 260.1 261.5 264.5 268.5 263.5 258.6 253.2 241.9 238.6 238.5
198.8 190.5 190.9 208.6 218.4 229.5 236.8 239.5 241.8 246.8 255.5 256.7 269.5 270.1 271.4 275.4 267.9 260 248.9 253.1 257.3 268.9 273.1 276.6 275.5 268.3 261.4 270.1 273.6 282.4 290.1 295.7 295.3 296.2 296.6 296 293.4 291.6 290.7 282.8 285.5 277.5 273.7 268.2 260.4 259.8 268.6 274.3 277.8 281.1 287.1 287.9 276.3 263.1 256.6 253.4 252.9 250 250.2 247 240.7 237.3 238.9 242.9 247.2 250.4 254.9 258.8 262.5 265.9 269.4 266.8 265 258 251.6 253.4 253.9 249.3 248.5
200.6 199 193.6 213.2 222 229.1 234.9 244 250.3 261.5 269.4 268.5 274.4 276.2 280.7 277.6 274.1 267.5 256.3 254.6 263.7 278.8 286.8 292.4 283.1 274.1 271.9 274.2 286.3 294.9 298.3 299.5 301.7 301.8 300.7 301.3 299.4 295.9 290.6 286.3 284 275.2 271.2 269.9 264.3 267.9 274.7 279.4 283.9 286.1 286 284.4 275.7 262.3 256.1 256.4 256.2 253.2 252.6 246.9 243.8 247.7 250.9 252.2 257.9 260.9 264.9 265.9 267 268.9 270.7 267.2 266.2 260.3 257.8 258.9 256.4 257.2 257.7
216.1 209.3 217.9 226.9 231.9 238.1 252.1 268.4 278.4 276.8 277.9 278.1 280.7 282.7 290.1 284.9 285.5 277.9 265.1 260.9 271.9 289 295.2 290.8 282.1 279.1 278.7 288.9 295.7 300.4 301.9 305 307.5 307 309.8 304.9 301.7 296.7 291.5 289.2 283 276 275.5 272.4 259.4 271.3 278.4 282.5 285.3 285.8 284.2 282.9 275.6 271.4 267.6 263.8 261.5 259.2 256.1 249.7 256.2 256 259.6 260.6 267.6 271.3 274.5 273.1 274.1 273.5 272.1 271.7 269.7 265.3 260.6 261.5 264.5 265 267.2
231.6 226.5 238.8 240.4 245.7 267.5 276 288.6 294 283.8 282.6 284.4 292.3 296.2 294.4 291.1 289.5 282.5 277.1 266.9 281.4 294.5 295 290.3 286.1 280.2 289.9 296.2 300.7 305.4 308.7 311.4 314.5 316.3 312.5 308.5 304 296.2 293.3 289.2 280.9 274.5 273.5 263.9 270.7 273.9 276.9 281.8 284.1 285.5 284.2 281.3 276.3 278.6 277.5 275.6 263.9 259.6 260.8 259.4 263.7 266.5 267.4 270.6 276.9 280.3 280.7 279.6 279.8 279.4 276.4 277.1 274.1 270.5 266.8 269.6 270.7 275.4 277.8
243 242.8 244.1 257 264.8 277.1 285 294.5 295.1 292.2 289.4 292.3 297.6 301.6 301.2 297 293.4 291.7 291.2 283.1 284.3 305 305 295.2 288.5 295.2 300.9 301.4 306.8 315 314.9 318.5 318.6 320.5 315.2 308.3 299.7 291.2 287.7 285.6 281.7 274.1 273.4 268.1 267.7 273 276.5 282.1 285 285.2 285.5 283.5 284.1 287.4 282.3 275.7 266.7 266.3 268.9 265.2 272.2 274.2 275.6 277.3 283 285.8 285.7 285.6 285.2 284.2 282.3 280.5 275.5 273.4 271.8 275.9 281.8 290.9 288.2
248 249.9 256.6 261.9 271.5 283 286.5 291.1 297.9 296.5 298.6 298.9 301.3 303.9 304.5 304 302.2 306.8 301.8 299.2 286 312.5 308.4 302.2 298.3 304.9 306.5 306.9 316.8 319.8 320.7 322.8 323.2 319.7 313.6 304.8 295.7 288.1 288.1 288.8 281.1 277.5 278.5 271.4 266.1 274.2 278.8 284.3 286.1 286.9 287.5 286.3 288.2 285 279.2 274.9 272.4 275 268.6 272.2 279.6 282.2 284.2 285 292.1 294.9 291.3 290.8 290.3 287.9 283.9 281.8 275.5 273 280.5 289.7 297.1 298 294.9
255.1 262.8 269 272.3 274.1 282 283.4 288.9 294.3 296.2 300.7 304 306.3 306.9 311.9 313.3 312.5 319.6 318.6 310.3 287.2 311.1 312.7 306.1 310.2 315.2 313.8 321.8 327.4 330.2 328.5 327.5 322.7 318.9 313.9 304.9 293.7 289.7 293.3 289.9 283.4 282.2 278.2 271.7 267.9 277.5 281.9 286.5 289.3 290.8 291.1 292.1 288.7 282.3 276.7 277.5 278.8 281.5 273.5 279.9 285.5 287.9 292.7 295.1 301.1 303.7 298.5 294.6 291.7 288.9 283.5 280.6 277.4 284.3 295.5 306.1 310.1 304.3 300.2
264.8 274.3 278.2 280.2 281.8 283.5 284.4 289.7 301 300.1 304.7 307.8 308.4 311.4 318.1 321.8 326.8 333.8 334.3 324.1 300.8 317.8 317 312.4 318.8 326 325.5 330.5 332.2 330.1 326.2 324.7 322.8 318.3 312.1 302.5 293 292.1 293.6 289.7 285.6 285.5 279.5 272.9 272.1 282.3 285.1 289.3 292.5 295.2 295.7 292.2 289.1 289.8 289.6 289.4 289.5 284.6 284.9 290.8 288.9 291.3 297.7 299.5 302.8 300.5 300.2 297.1 290.5 286.2 281.5 284.3 290.2 303 311.8 319.8 316.4 308.3 303.5
279.1 286 290.9 292.3 296.6 298.4 297 300.7 310.7 305.5 303.7 307.3 312.4 316.9 325 329.7 338.1 340.9 332.6 323.6 304.4 315.5 314.5 323.4 332.2 337.4 335.2 337.9 336.6 335 328.7 326.3 324.1 318.2 309.2 301.4 295 292.8 292.4 291.2 286.6 279.7 276.6 271.9 276.6 287.2 290.3 292.5 294 300.1 297.9 293.1 295.3 302.4 303.9 302.3 295.6 289.9 283.9 289.7 292 296.9 299.5 303.2 304.8 303.8 301.6 297.3 290.2 285.7 287.5 295.6 304.2 311.7 316.1 319.6 321.7 315.2 312.6
294.8 299.7 300.6 303 307.8 306.7 305.2 311.5 311.3 304 309.9 313.5 317 321.7 331 336.5 338 330.6 329.4 317 308.1 306 316.2 331.7 343.4 345.9 341.6 343.3 341.5 337.8 331.8 328.2 323.8 314.1 305.4 299.7 295.7 295 294.6 293.7 290.1 273.8 276.2 278.7 285.8 291.7 295.7 295 297.8 300.4 298.7 298.3 307.3 310.6 312.2 309.4 305.8 293.2 292.6 295.9 295.8 301.4 304.8 305.5 307 304.7 300.8 297.7 295 297.6 302.2 307.8 314.6 314.6 318.4 322.6 324.9 322.2 321.5
306 308.4 304.9 311.3 316.7 313.2 320.5 317.3 311.5 309.5 315.9 315.9 321.2 324.5 327.5 330.3 330.2 328.4 325.1 318.9 317.1 317.1 322.3 338.3 343.8 345 345 349.6 348.1 342.8 332.2 323.3 317.1 308.2 302.9 305.6 305.6 302.8 298.6 297.8 285.9 281 287.6 292.8 298.8 297.8 296.7 299.1 303.2 299.9 300.1 309.6 318.1 319.7 322.8 313 307 305.1 307.3 306.9 308.1 303.3 306.1 307.7 308.6 306.1 302.8 302.9 305.7 307 312.5 316.5 317.5 317.4 320.6 326 329.2 331.9 333.3
318.5 317.2 317 326.4 329.9 321.6 323.2 321.3 316 311.7 317.5 319.6 325 324.6 327.7 332.1 332.8 331.9 332.4 324.8 326 316.5 331.1 334.8 343 348.6 351.3 355.1 353.1 347.3 331.1 323.9 319.2 313.4 311.7 316.1 314.6 306.6 304.7 294.1 284.9 289.8 296 300.6 301.2 298.4 298.9 304.7 305.6 303.9 304.1 318.5 328.8 327.5 320.3 312.8 313.5 314.7 315.9 313.7 311.4 306.2 308.8 310 312.1 310.1 310.6 311.1 314.1 319.6 324.4 324.3 322.9 321.4 326.5 332 336.5 341 342.3
328.7 330.8 329.2 331.4 333.5 326.3 326.4 326.6 323.3 320.4 316.1 320.8 322.6 326.6 339.9 346.2 337.5 338.1 339.8 327.5 324.9 324.4 337.1 340.9 344.4 349.6 353.1 355.8 353.4 341.6 335.5 326.1 321.6 319.1 316.6 315.8 312.5 310 300.1 291.9 299.4 299.5 303.4 303.4 303.6 301 304.2 308.8 316.2 319.3 318.3 323.8 325.1 322 321 323.4 324.5 318.9 320.7 317.3 312.1 311.2 313.2 313.2 314.1 315.3 317.5 320.8 324.7 328.6 331.1 332 333.5 331.9 333.2 341.1 346.4 349.9 347.8
340.2 339.6 337.1 332.3 333 332 332.2 334.4 331 327.2 322.1 326.6 331.6 340.5 349 344.6 343.3 345.3 341.6 328.9 334 335.6 347.8 348.3 345.7 348 353.8 350.6 348.3 345.4 340.4 329.2 322.7 322.3 316.8 315.2 313.7 306.3 295.5 301.7 302.7 304.9 306.4 306.6 304.7 305.9 314.6 319.2 326.7 328.8 326.3 324.6 324.6 323.5 326.9 330.9 324.2 326.3 324.3 321.2 317.1 316.4 320.1 321.9 323.6 322.7 323 328.7 332.7 336.4 341 342.5 346.7 342.1 338.2 349.8 354.4 357.6 354.9
346.6 341.1 340.1 337.1 337 337.7 339.5 345.6 345.3 338.3 336.6 337.3 337.9 347.2 352.2 354.3 354.3 348.3 340.3 332.6 336.8 343.9 355.4 351.5 348.6 349.2 352.1 353.7 352.7 343.5 334.1 325.2 322.9 322.8 314 312.6 309.5 300.9 306.5 306.8 303.5 306 309.3 311.4 306 312.5 319.3 323.5 330.3 331.8 332.3 325.7 325.3 329.6 334.4 331.2 329.6 329.3 327.5 325.1 324.4 325.4 327.6 328.5 329.5 329.9 330.5 336.1 343.9 349.7 352.7 354 353.7 349.4 343.5 353.6 361.1 363.7 362.7
340.9 341.2 345.1 345.7 341.4 343.2 347.5 352.4 351.5 342.8 343.3 340.7 344.3 351.6 355 360.5 363.2 348.8 337.1 332 343.8 353.2 353.2 349.3 349 350.6 358.7 354.9 349.1 341.8 331.9 324.9 320.4 317.4 314.5 314.6 310.9 311.3 313.1 309.8 310.3 310.8 308.7 311.9 311.8 316.6 321.7 326.4 330.6 331.1 331.1 328 330.3 336.7 335.2 333.9 331 333 333.1 332.8 333.4 333.1 334.6 336.2 336.1 337.6 338.6 346.5 355.4 361.1 363.4 364.2 358.4 352.5 348 357.6 366.1 370 370
341.3 346.6 351.1 353.1 347.6 349.6 355.2 351.2 347.1 347.1 346 347.5 358.2 354 358.8 362.9 352.8 343.8 334.8 334.4 349.2 349.7 347.7 349.6 350.3 356.2 362 355 348.6 340.5 330.6 321.8 327 318.8 317.4 315.6 315.5 317.5 315.6 310 312.2 312.8 310.4 312.9 316.2 321.6 324.7 330.6 334.1 338.1 339.4 337.5 336.6 337.9 336.8 338.2 335.4 340.5 341.5 340.1 340 339.8 343.3 347.1 345.4 344.5 353.3 358.4 366.9 371.6 371.7 369.6 362.9 353.1 356.5 363.8 372.6 377.2 376.2
348.5 353.3 356.9 355.4 353.9 351.7 350.8 349.2 351.4 352.6 357 361.7 358.6 354 353 349.2 345.8 335.5 333 342.7 346.7 348.6 350.5 357.8 357.2 356 356.9 352.9 346.4 336 324 328 327.5 323.3 319.3 319.2 319.7 318.7 316.5 311.7 318.1 313.6 314.9 317.1 321.5 331.6 334.5 340 341.8 346.9 346.7 344.9 342.7 345 344 342 341.5 344.1 346.5 347.4 348.1 344.8 350.1 351.8 355.6 362.7 365.7 366.7 374.4 378.3 375.4 373.4 363.6 358.2 365.7 374.5 377.2 378.9 373.6
347.9 358.7 352.2 358.8 362.1 352.4 350.6 352.8 355.6 359.7 364.9 361.7 357.8 351.6 347.6 344.7 343.5 335 339.2 345.8 350.8 357.5 355.3 357.7 356 356.1 356.5 351.4 343.3 331.7 330.5 332.7 331.1 325 322.4 323.6 324.1 319.1 316.9 312.8 316.2 319.5 323.2 329.6 331.1 333.4 343.7 347.8 351.9 353.4 352.8 353.2 352.6 351.9 350.4 349.8 350.2 350.9 355.2 355.8 353.6 350.3 356.5 364.4 370.5 376.2 376.7 377.6 379.8 381.8 378.4 376.7 377.2 373.5 373.9 376.4 379.5 375.7 368.2
344.3 347.7 354.1 367.2 363.5 353.7 355.3 357.2 362.7 362.7 360.3 359.7 357.9 352.3 346.9 344 341 343 348.4 351.3 360.3 360.4 360 359.4 357.2 355.2 352.3 348.1 337.5 334.3 335 332.7 330.2 327.5 327.5 325.6 322.5 318.1 315.1 318.8 323.5 329.7 333.8 339.8 345.7 346.1 349.5 353.1 357.4 358 358.6 359.8 360.1 361.4 358.3 359 359.4 358.6 365.2 364.1 358.6 362.6 370.8 377.6 381.7 385.8 389 387.6 389.1 394.5 391 390.3 386.6 374.3 377.7 381.1 376.3 373.1 370.6
352.9 357.1 361.2 368.9 360.7 359.3 360.2 361.4 364.6 362.3 361.9 362.4 357.6 356.1 348.2 347.3 340.2 350.5 352.7 356.8 364.2 365.9 364.4 363.6 356.8 355 351.2 348.8 337.8 336.2 336.3 333.8 331.1 332 329.1 320.7 317.7 317.1 318.4 326.1 331.8 335.2 340.2 346.6 353.5 354.6 354.5 357 362.4 365.3 363.7 364.1 366.4 370.1 370.1 367.4 370.4 369.9 372.6 368.7 376.1 375.4 384.8 392 395.5 401 400.3 403.4 402.1 400.9 398.2 395.5 389 377.9 380.4 377.3 375.3 377.8 373.9
358 361.6 364.5 366.4 362.7 363.6 364.5 363.3 364 362.6 368.4 362.9 359.2 352.9 351.2 348.9 346.1 349.1 356.5 365.4 370.8 370.8 365.1 361.3 359.3 356.1 353.2 344.6 336.4 341.7 336.8 333.7 331 327.7 324.7 320.6 320.8 321.3 327.5 335.4 340.1 344.8 346.9 353.4 358.7 362.2 361.8 363.2 368.9 369 368.4 370.2 375.1 380.2 384.3 378.1 375.7 374.6 379.4 377.5 384.7 390.5 396.6 401.7 406.8 412 413.5 413.6 408.3 408.3 403.9 398.6 387.8 383 381.1 379.4 381.4 379.7 373.7
365.7 367.2 364.1 363.7 367.9 371.2 367.8 365.5 364.7 368 368 365.1 361.3 354.4 353.2 349.5 354.3 353.5 364.9 371.7 374.2 367.3 360.7 358 356.4 352.6 348.2 340.4 340.7 343 340.4 336.5 334.5 330.2 325.3 322.1 325.8 331.9 337.3 347 353.9 362.4 369.2 370.5 365.5 367.3 367.8 368.7 372.7 375.9 377.9 383.6 385.7 388.5 390.1 385.3 380.6 378 384.8 383.8 391 398.6 406.4 411.6 415.3 420.8 424.6 420.1 413.5 409.7 406.3 398.6 386.3 389.3 385.7 381.7 382 374.7 367.7
367.2 368.7 365.8 369.6 372.7 372.9 370.5 366.9 366.7 368.1 373.4 370.5 361.5 354.7 349.2 355.4 355.5 359.8 367.2 373.2 364.9 362.2 359 357.5 357.6 354.1 344.8 341.4 343.3 342.9 341.8 343.2 341.1 332.7 329.8 325.3 334.4 343.3 352.9 363.6 371.6 373.5 375.3 374 372.9 373.9 374.8 375.7 378 385.3 388.4 391.7 391.7 393.4 395.1 390.4 385.5 385.1 387.2 391.8 399.7 407.8 414.3 420.7 425.1 429 427 421.2 418.9 413.2 408.3 398.6 391.2 389.1 384.8 385.7 376.5 366.3 358.9
372.1 369.7 375.7 376.5 378 373.2 369.7 366.7 369 375.6 377.5 374.4 362.4 354.1 354.2 356.6 359.5 361.5 364.2 359.9 359.8 361.2 357.7 355.8 354.2 349.2 344.6 345.7 343.6 345.5 350.5 348.8 345.4 336.1 330.6 338 348.5 356.2 370.7 377 377 378.1 377.4 378.7 376.3 379.9 377.8 379.7 386.8 392 394.9 396.7 395.4 396.9 400.5 397.5 393 388.2 391.8 401.2 408.4 415.8 424.9 430.1 435.1 436.6 433.5 428.2 423.9 418.4 410.5 399 389.2 387.3 386.7 382 369.7 360.5 352.5
369.3 370.4 379.1 379.1 375.2 371.8 368.7 368 373 378 370.4 366.6 359.9 350.9 354.3 358.7 357.1 355.8 357.5 358 360.8 359.5 356 354.6 352.7 345.1 348.4 347.1 348.5 351.9 353.2 350.3 346.1 342.5 332.1 349.7 358.8 370.8 381.9 382.3 382.5 380.6 382.6 381.4 380.4 381.3 382.6 387.7 390.8 393.8 396.5 398.8 398.6 403.3 405.4 403.3 398.2 390.1 399.1 404.1 412.4 423 435.5 439.4 441 441.9 438.7 433.5 431.2 426.6 412.9 398.6 388.2 382.2 381.1 379.4 374.4 359.3 351.9
371.1 375.5 378.9 379.4 375.8 368.5 366.3 368.5 372.3 366.5 364.9 360 354.4 350.8 352.4 353.7 357.2 363.8 358 359.4 361.5 362.2 356.2 355.5 352.3 348.7 351.7 349.9 354.3 355.4 353.5 348.8 352.1 347 343.2 360.4 370.1 381.4 388.9 386.7 386 388.1 393.2 387.8 382.1 382.9 391.3 392.4 391.8 396.1 398.2 402.1 405.7 409.8 408.6 404.8 398.3 393.5 399.8 409.4 426.7 447.3 443.3 444.9 451.5 447.7 441.3 443 440 423.2 411.3 395.3 386.2 382.5 387 378.9 369 363.5 362.2
