data/200000-700000.asc
ncols 200
nrows 200
xllcorner 200000
yllcorner 700000
cellsize 50
[rows 144 to 179 of 200, columns 0 to 81 of 200]
348 350.9 350.5 353.2 349.7 354 358.8 356 358 365.1 366 347.2 329.3 322.2 313.1 310.3 307.4 302.5 287.7 277.3 268.8 260.5 252.8 243 234 226.6 218.7 210.6 204.8 193.6 182.6 160.3 147.7 136.8 127.8 123.2 117.9 111.2 103.9 98 94 89.6 84.1 83.5 83.6 82.4 80.8 82.4 79 76.7 74.4 74.8 74.6 72.2 69.7 66.7 71.6 75.6 79.6 83.5 96.1 100.6 109 122.6 131.4 135.1 144.8 145.7 145.9 149.9 163.4 168.2 165.1 164.5 159.4 141.4 142 142.9 149.9 157.8 164.1 175.9
357.3 357.5 362 367.7 364.2 356.2 355.6 357.7 361.4 359.5 345.9 325.8 320.7 313 305.2 299.3 292.9 281.4 276.7 269 259.9 250 241 233.9 224.3 215.1 207.2 196.7 189.7 179.3 162.3 149.6 139.3 129.8 122.3 118.3 114.2 105.3 98.4 88.2 82 82.6 81.6 82.7 84.5 84.7 82.1 79.7 77.1 74.9 72.7 71.4 70.1 65.1 63.4 65.7 65.9 68.1 73.8 88.3 102.3 113.1 115 119 122.1 123 124.8 125.4 133.7 140.3 147.2 146.9 146.2 146.6 141.8 141.9 141.4 146.6 162.6 168.2 172.3 187
364.5 364.4 365.8 362.4 354.5 354.3 356.2 352.2 346 339.4 321.6 315.1 312.8 303.9 294.3 283.3 274.9 271 264.8 256.8 248.3 239.4 231.1 220.1 211.8 201.6 197.1 182.8 171.1 160.5 149.5 140.6 130.6 123.6 118.1 112.7 106 98 92.6 87 84.9 81.6 82.9 84.7 83.7 81.8 80.1 76.3 74.6 70.7 67 65.8 62.7 61.6 62.1 66.2 68.7 76.5 84.1 90.2 92.5 105.8 107.2 110.8 115.3 119.9 127.5 131.7 135.1 137.9 139.5 138.8 142.5 142.8 144.2 144.7 145 153.7 168.6 173.9 183.7 192.8
369.3 362.7 352.7 350.7 347.6 345.1 342.1 334.8 332.5 321.9 317.4 315.5 312.2 299.9 282.2 272.7 266.4 262.1 253.6 245.5 237.9 226 214.7 205.9 200.5 193.4 181.5 170.4 154.9 150.2 138.9 129 122.4 117.9 112.4 105.7 100.8 92.8 89.4 85.3 82.3 70.7 79.9 81.7 80 76.8 75.1 71.6 68.8 65.9 62.5 59.2 60.7 61.4 67.9 67.2 75.5 83.1 87.8 92.9 97.1 107.3 112 116.9 123.3 129 133.5 138.7 144.2 145.4 146.5 147.4 150.4 148.9 147 145.2 145.7 161.2 166.9 175.2 186.4 195.1
360 356.6 357.1 357.2 356.8 357.8 348.6 339.4 323.3 318.5 312 305.2 294.7 281.3 273.8 264.1 259.9 251.8 246.3 236.4 222.9 212.9 209.2 200.5 184.9 173.4 166 157.5 146.3 134.8 129.7 123.6 119 113.8 105.8 100.5 94 88.9 85.3 83.3 80.3 65.7 78.2 74.4 74.7 71.7 69.9 65.7 64.3 60.2 58.6 56.7 61.1 62.6 67 75.2 81.5 86.7 89.3 93.9 103.5 109.7 116.1 124.7 132 137.4 141.9 147.8 152.7 153 155.3 152.6 151.5 150.2 143.8 146 149.7 160.3 167.9 177.1 183 182.7
361 372.7 368.7 367.8 361.4 352.9 339.7 329.1 307.7 306.6 295.4 284.4 274.3 269.8 264 255.9 247.7 243.1 233.4 225.1 215.6 216.4 213.4 191.7 181.4 165.2 148.4 146.4 138.2 129 122.6 119.2 114.9 108.4 102.9 97.5 93.6 90 85.8 79.2 76.6 62.7 62.7 70.8 67.2 65.5 61.9 59.9 59.1 56.8 54.9 55.5 61.8 70.6 76.5 78.1 82.6 85.7 92.7 99.6 110.3 119.1 126.3 133.5 141.2 147.3 153.4 156.3 159.7 159.3 155.4 152.2 148.3 145.8 144.1 144.9 149.2 155.9 166 171.2 173.5 170.6
370.7 370.9 367.3 356.7 339.5 322.1 307.2 304.1 293.8 292.6 282.9 272.3 264.9 259.6 251.1 244.8 239.1 231.4 221.9 218.2 218.6 214.2 200.8 190 174.9 159.2 146.2 133.5 132.7 126.2 121 116.8 110.7 104.1 97.4 96.5 93.2 89.9 85 80.4 76.7 73.8 65.7 62.4 62.1 58.9 55.8 55.7 54.9 52.9 52.6 58.2 63.8 71.6 75.7 79.9 85.7 91.2 97 106.5 117.8 129 134.8 142.2 147.9 155.3 160.7 160.9 160.4 158.5 154.2 149.2 145.3 145 144.6 144.3 145.8 150.9 155.4 157.1 161.8 168.3
354.8 348.1 341.6 333 317 310.3 314.7 312.3 290.8 280.1 277.6 261.2 252.2 249.7 244.4 237.9 227.7 225.3 220.1 221.2 213.4 204.6 199.5 184.3 170.9 157.8 147.7 140 127 118.5 119 112 103.7 102.2 99.7 92.2 92.1 85.3 82.9 80 74.4 71.2 66.6 54.2 55.6 53.3 51.4 51.3 51.7 49.8 53.1 57.5 65 67.9 74.2 81.1 87.2 93.5 102 114.7 127 135.7 143.2 150.9 154.6 158.9 161.7 161.9 160.7 158.2 153.8 148.5 144.9 144.3 144.3 144.3 144.7 145.1 147.9 152.8 156.3 164.1
346 341.1 332.6 321.1 313.5 312.6 317.2 295.4 279.1 274.2 262.4 250.6 248.6 246.8 233.4 227.9 224.4 228.1 221.4 213.2 204.8 201.1 189.4 179.7 169.4 159.5 150.7 143.2 137.9 120 117.7 113.1 110.4 104.5 98.5 94.1 92.2 85.9 75.7 76.8 72.3 66.3 62.2 57.3 52.6 50.7 49.6 48.8 49.3 49.7 52.3 58 67.3 70.8 76 80.1 88.4 95.4 105.3 120.8 131.2 141.1 149.6 154.8 159.5 163.6 165.3 165.9 164.9 162.1 156 149.6 146 145.1 144.5 144.7 145 145.1 146.1 145.6 149.1 151.1
328.4 320.2 312.6 312.1 311.8 308.9 291.7 278.2 265.6 253.2 245.8 245 237.6 233.7 229.1 227.1 228.3 226.2 214.5 206.7 203.4 191.3 183.6 175.7 160.7 164.1 150.6 142.4 133.1 129.1 120.8 116.3 109.6 103.2 99.4 94.8 89.5 82.9 77.2 67.9 67.3 65.1 63.5 52.2 48.2 49.4 47.7 47.2 48.6 49 53 61.1 66.4 68.7 75 81.4 90.9 101.8 111.4 123.1 132.9 142.5 151.2 161.1 166.5 173.3 174.6 175.1 172.3 167.4 161.3 154.7 148.7 146.7 145.4 145 145.6 145.5 146.2 146.2 146.7 147.8
314.9 312.6 308.8 308.7 304.5 291.4 276.6 258.4 248.6 246 241.7 235.9 236.4 231 229.4 226.8 222.3 210.6 204.9 199.7 192.4 185.9 178.1 169 175.4 161.6 150.5 142.2 135 126.4 119 112.7 105.4 100.2 96 91.8 87 79.6 77.2 72 61.7 55.9 52.2 50.3 48.3 46.9 46.5 46.4 47.9 50.1 52.6 57.6 63 68 76.9 85.5 91.9 105.1 116.6 127.6 137.6 147 157 165 176.1 182.4 183.5 181.1 178.1 174.6 168.7 161.6 154.5 151.8 151.6 150 147.4 146.5 147.7 147 147 149.1
318.8 312 305.3 305.2 292 277.2 262.6 251.8 241.1 241.3 237.9 232.1 232 230.3 225.7 219.5 207.1 202.9 198.6 191.5 187.4 181.7 175 179.7 170.5 158.8 150.4 142.4 132.5 125.1 118.9 112.2 104.9 100.5 96 90.9 86.9 81.1 76.9 70.2 63.9 58.1 50.9 49.2 47.9 46.5 45.8 45.8 46.9 49.3 55.9 57.1 60.2 69.5 80.1 91.1 100.8 101 119.2 131.7 144.4 152.1 161.3 172 181.8 190 193.7 191.4 186.5 183.9 175.9 168.5 163.5 162 160.6 156.6 152.7 149.3 148.4 148.6 148.4 150.5
313 309.2 307.2 293.4 275 264.5 252.8 241.9 236.2 235.9 235.5 234.8 227 223.1 214.5 207.4 201.1 196.8 192.3 187.6 181.6 180.7 182.7 176.2 166.3 158.5 148.7 140.7 132.2 123.9 115.5 108.4 103.9 99 96 89.6 84.6 78.9 74.4 67.1 60.4 57 50.1 48.5 47.4 46.3 45.5 45 46.4 47.4 51.1 53.3 62.7 74.4 85.4 96.7 107.5 117.5 122.1 137.2 145.4 155.4 164.5 175.5 183.6 188.4 192.1 193.1 191.3 188 183.9 178.2 174.4 170.4 166.2 161.7 158.2 154.7 151.4 151.1 151.8 152.6
311.7 310.1 310.6 292.3 272.4 254.9 244 237.8 235.5 231.3 229.8 225.3 220 212.3 209.1 201.5 197.1 193.8 189.9 183.3 184.9 183.4 181.2 172.8 163 152.6 143.7 135.6 126.7 119.5 113.9 107.5 101.9 96.7 92.7 88.2 83.4 76.9 68.7 64.8 58.5 50.1 46.8 46.9 46.7 46.3 45.7 44.9 44.3 46.5 48.7 52.7 60.7 77.5 88.8 102.9 113.7 122.8 133.3 141.8 152.4 157.5 169.4 175.7 180.4 186.4 190.6 194.2 197 197.4 194.5 189 183.6 177.4 172.5 167.5 164.6 159.7 155.3 153.9 154.3 155.1
312.3 307.3 293.9 274.6 261.3 255.1 242.2 233.8 231.4 228.7 226.3 220.2 216.5 209.4 206.6 203.6 196.7 191.2 188.5 190.3 188.1 184.1 176.7 166.8 157.5 149.5 141.1 132.8 126.2 115.2 110.9 104.9 99.6 95.7 90.8 85.6 79.6 74 67.9 59.6 54.9 47.6 45.4 45.5 46.2 46 45.5 44.8 44.2 45.4 47.2 60.8 68.2 84.2 97.5 106.9 118.5 129.9 139.3 147.1 156.5 165.6 171.8 180.6 188.9 193.5 199.5 204.2 205.7 207.8 201.2 195.8 190 184.6 180.5 176.4 173.8 164.7 159.8 157.6 157.7 158.3
295.1 287.3 275.3 262.2 260.2 257.5 240.2 235.2 232.9 229.2 222.2 216.7 210 208.2 203.7 200.8 200.6 196.2 196 192.4 188.4 179.3 170.5 160.8 153 144.7 135.9 128.9 120.9 112.5 106.1 102.6 97.8 92.9 88.7 83.1 76.9 72.3 64.9 59.5 52 48.1 44 44 44.5 45 44.9 44.6 44.1 45.2 53 64.8 77.4 91.1 101.4 112.6 122.6 132.9 144.9 156.1 167.6 178.1 184.9 192.8 200.5 208.9 212.6 214.9 217.6 214.1 209.1 201.8 196.1 191 188.8 186 180.6 171.5 163.1 161.3 161.2 161.4
279.4 267.4 258.3 256.7 251.2 244.8 243.1 235.3 230.7 226.5 221.3 218.4 213.9 210.8 208.2 208.7 205.1 205 197.3 191.7 182.2 173.6 164.3 156.9 148.8 139.7 133.1 124.3 117 109 104.3 100.1 95.8 89.2 85.1 78 72.9 69.6 62.5 56.4 50.5 47.2 47 46.6 45.5 45.5 44.2 44.4 43.6 48.3 59 70.9 85.5 97.8 108.4 120.1 131.3 144.1 159 173.6 187.5 199.2 201.2 207.4 214.4 221.1 228.1 229.3 231.6 232.3 221.4 209.1 202.7 200.5 196.9 191.5 182.9 174.9 170.3 167.6 165.6 164.3
268.3 258 252.5 247.3 244.5 241.7 239.5 235.8 230.4 226.5 223.6 220.6 216.5 212.7 212.7 210.1 207.3 200.3 195.1 184.1 176.4 168.1 160.5 152.4 144.2 136.8 130.3 121.6 113.6 106.4 102 97.6 92.5 89.1 83.2 74.3 72 69.2 61 57.2 53.7 49.4 47.5 46.9 46.5 45.1 43.2 44.7 47.3 55.1 64.1 81.8 97.8 109.3 116.3 128 139.9 155.9 174.6 189.3 200.8 212.2 222.3 231.6 232.9 238.9 244.3 246.4 248 248.8 244.3 226.9 214 208.4 203.5 200 194.2 187.2 179.4 175.1 172.5 172.2
259.2 251.8 245.7 244.1 243.5 239.4 237.5 237.5 231.2 225.5 223.6 220.4 218 216.8 216.3 212.2 206.9 198.5 188.5 179.5 171.8 164 155.9 147.4 140.1 132 125.4 118.2 109.3 103.6 98.9 94.7 90.3 84 79.9 74.8 69 67.2 61.9 60.4 58.7 53.4 47.8 46.9 46.5 45.5 44.2 45.4 48.9 57.4 67.6 80.7 91.4 109.4 119.4 128.9 143.9 161.1 179.3 195.2 212.3 224.8 240.5 251 255.5 255.7 260.7 267.9 268.5 265 261 249.9 234.9 227.7 220.1 215.3 211.4 200.7 191.5 186.1 182.6 181.8
254.6 245.1 240.8 239.8 239.1 239 232.9 231 225.2 224 223.9 222 216.6 216.4 212.7 208 201 191.2 183.6 175.3 167.5 159.1 151.7 144 136.4 129.4 120.4 113.1 106.5 101 96.2 91.6 86.4 81.3 76 72.6 68 66.3 64.7 62.3 59.6 51.9 48.2 47.1 47.5 45.3 43.7 44.9 50.3 58.6 69.8 80.5 89.1 103.5 116.8 128.4 140.8 158.5 179 196.8 220.2 241.3 256.3 268.1 281 272.4 278.5 285.9 284.1 279.4 272.7 264.1 258.3 250.3 241.7 233.9 223.9 215.1 206.1 199.6 193.7 193.7
247.3 239.8 236.2 236.7 236.6 233.3 228.3 225.7 226.6 223.2 219.8 214.7 213.3 210.8 206.4 200.2 192.9 185.7 178.2 170.6 163.2 154.7 147.5 140.3 133.6 125.8 117.8 108.7 104.3 97.8 94.2 89.1 83.2 80 75.1 71.4 68.3 66.6 65.3 62.3 53 51.8 52 54.2 56 52.8 46.9 43 54.5 61.2 70.3 79.3 87 101.6 123.7 123 141.6 162.4 183 201.9 221.5 247.1 268.3 296 312 304.9 294 294.5 295.2 294.2 285.4 277.1 272.4 264.2 257.6 248.6 239.8 229.4 218.1 210.6 204.9 202.6
241.9 238.4 235.3 232.9 229.7 228.5 227.2 223.2 222.3 217.4 214.4 211.4 208.3 204.7 199.2 194.8 188.2 180.9 171.9 164.3 158 151.4 144.5 138.5 130.2 122.6 114.6 108.6 100.2 97.1 90.3 84.6 81.3 78.3 74.7 70.8 69.9 68.3 66.6 57 54.8 58.1 64.4 63 63.5 59.2 48.9 39.8 49.6 58.2 66.1 76.2 85.4 99.5 109.4 117 137.7 164.9 180 195.7 221.4 253.7 281.6 302.4 319.6 326.4 318 310.9 305.2 300.9 293.7 287.3 280.8 274.9 266.5 257.4 246.8 233.3 223 216.5 210.5 204.6
242.1 237.4 233.5 228.5 226.5 225.5 222.3 217.8 215.1 213.9 211.3 208.2 203.6 199.9 195.2 188.8 182 173.9 167 159.4 155.6 148.4 141.8 135.2 128 122.1 113.8 108.2 99.8 95 90 82.2 75.9 76.3 73.9 71.9 71 69.3 55.4 60.2 65.1 70.1 76.9 76.8 72.1 63.4 52.7 37.9 45.1 55.7 69.6 86.7 86.5 93.8 105.4 114.1 132 154.9 169.4 198 238 266.4 286.2 301.6 327.4 341.4 349.4 331.3 319.4 307.5 300.4 295.7 289.6 281.3 271 259.1 246.6 235.6 226.7 222 218.5 203.2
236.9 236.2 233.4 227.6 223.3 218.9 215.7 213.2 209.9 208.7 206.1 203.1 199.7 194.8 190 182.4 174.4 167.8 163.5 158.2 152.9 145.2 139.7 133.2 126.1 121.4 115.6 108.8 101.9 96.1 88.9 85.5 79.5 75.7 62.2 73.5 56.9 63.2 67.3 69.3 73.7 80.2 90.8 89.5 82.9 68.6 52.5 37 44.9 52 65.9 77.4 81.1 87.8 99.7 110.1 127.7 149 168.1 197.4 242.2 260.9 271.2 282 304.1 329.8 354.8 356.4 332.7 317.3 306.7 300 291.8 281.3 269.4 253.5 241.9 233.9 227.8 225.4 210.5 196.6
234.7 233.4 228.8 223.3 218.2 214.5 211.5 209.4 207.2 204.7 201.9 198.5 194.5 189.2 182.1 176.1 170.1 166.4 160.5 155.8 150.1 143.7 137.8 131.5 126.3 120.3 113.8 108.5 102 96.2 89.1 85.4 81.1 75.2 66.2 63.8 73 74.9 76.3 78.8 83.8 89.8 101.2 105.5 94.3 73 50.9 38.5 43.7 50.3 63.4 68.5 76.6 84.8 96.4 107.3 125.5 151 168.3 194.5 209.7 225 236 248 269.7 301.3 328.1 346.7 348.1 332.6 315.3 303.8 290.8 276.8 262.9 247.3 235.2 230.8 224.6 210.7 198.2 187.1
229.8 226.7 222.9 217 213.1 209.8 208.1 206.5 204 200.8 197.4 192.9 187.8 183.1 177.5 173.2 168.6 163.2 158.6 154.4 148.8 142.8 136.6 131.7 125.6 119.6 113.8 108.5 101.6 95.1 89.1 81.7 75 67.5 76.6 78.6 82.7 84.7 88.3 89.9 93.7 99.4 111.7 116.3 99.2 73.9 44 36 41.9 50.2 59.6 68 75.8 82.2 90.1 100.6 116.2 141.4 152 165.1 176.2 188 211.3 229.3 246.7 267.1 301.5 317.3 338.5 356.9 327.7 307.5 290.9 268.9 252.1 239.5 230.2 218.1 209 197 189 181.6
223.1 220.4 216.9 213.3 210 207.2 204.6 202.7 198.9 195.9 191.5 187.2 182.6 178.8 174.7 170.3 164.9 160.5 155.4 152.1 147.7 142.3 136.7 130.5 124.4 118.5 112.8 107.7 102 95.3 83.3 78.5 82.8 85.7 86.5 87.9 91.2 95.5 97.3 100.8 103.9 106.6 115.6 111 93.2 64.9 42.6 30 40.7 50 58.3 67.8 75.6 81.1 88.9 99.8 113.2 128 142.7 154.8 167.5 180.2 203.2 214.8 228.6 245.6 275.9 305.7 332.7 355.7 353.4 315.2 288.1 264.1 244.7 230.1 221.9 209.4 201 191.9 182.7 172.6
218.9 216.7 211.9 209.8 206.8 203.5 200 196.8 193.8 189 186.6 182.3 180.1 175.3 171.9 167 161.7 158.5 154.1 150.3 145.9 141.4 135.8 130 124.1 118.3 112.7 106.1 100.1 86.2 88.7 92.9 95 95.5 95.6 98.4 105.3 108.9 106 107.9 107.8 111.5 113.1 96.9 79.5 54.9 42.3 30.4 38.3 51.9 59 65 73.6 81.9 90.1 98.9 110.9 119.7 136.4 154.4 169.4 177.4 197.4 206.2 219.4 238.9 256.3 296.2 330.5 345.2 353.4 330 289.9 266.6 245.5 229 218.7 204.1 198.8 192.7 182.4 172.4
213 210.2 206.3 204.9 202 197.9 194.7 190.9 187.1 183.9 181.3 179 176.3 171.6 168 163.2 159.5 156.2 152.7 149.3 144.8 139.8 134 128.2 122.4 117.6 111.5 105.1 97.7 81.7 99.6 102.2 104.2 105.6 106.6 109.8 112 112.2 111.3 111.7 110.7 110.1 101.7 83.7 64.4 45.5 38.3 30.9 40.7 50.8 56.1 68.9 77.7 85.2 93.8 101.4 112.4 120 135.8 154.7 168.7 177.4 192.2 202.4 215.4 233.8 249.3 277.2 339.1 338.9 339.3 333.8 297.2 266.4 249.4 229.7 213.1 199.6 187 181.4 173.4 164.2
206.9 203.9 201.9 197.8 195.1 191.8 187.8 184.8 181.1 178.2 176 174.7 171.9 168.4 165.1 160.3 156.8 153.5 150 146.7 142.4 137.8 132 126.1 120.3 114 106.6 90.7 96.6 107 107.1 110.6 115.2 117 118.5 122.7 123.1 119 117 113 108.5 105.5 90.6 70.1 52.3 40.5 34.7 31.4 43.7 50.5 60.2 71.6 80.2 86.9 96.5 104.4 113.8 122.5 137.1 154.1 166.7 174.2 191.6 204.8 215.2 227.1 240 252.4 284.1 318.2 322.8 325.5 299.7 264.9 244.6 227.9 210 191.6 175.1 169.8 161 152.3
201.5 198.9 194.3 192.7 188.9 185.7 182.6 179.8 176.9 174.2 171.9 170.5 167.6 164.6 160.8 157.7 154 150.7 147.4 144.1 140.5 136.1 130.5 123.4 116.1 107.4 110.6 110.8 113.8 113.7 115.4 123.4 128.1 131.7 142.4 144.4 138.4 132.7 123.1 112.8 105.1 96.2 82.7 65.9 48.6 38.8 31.8 29.6 43.9 53.1 62.3 73.7 80.6 87.6 96.4 105.9 116.3 126 137.9 153.7 161 170.7 189.9 202.7 210.1 218.5 229.4 238 256.5 305.7 314.7 310 298.6 264.3 242.1 226.9 208.9 189.4 174.3 162 148.5 144.4
196.4 192 191.2 188.2 184.8 181.5 179 176 173.3 170.7 168.3 167 163.7 160.9 158.4 155.5 152.1 147.4 144.2 142.1 139.6 133.3 127.3 107.1 115.3 119.1 119.4 120.3 116.7 124.7 134.5 137.3 144.9 159.6 158.9 154.2 146.6 140.6 128.9 115.7 104.5 92 77.9 64.5 45.9 36.3 30.6 31.9 47 54.6 63.2 74 81 87.9 96.5 105.4 118.7 127.6 136.6 146.6 156.5 169.3 184.6 194.3 200.8 210.4 223.4 233.3 251 287.1 315.7 301.5 290.8 263.3 239.6 227.5 213.3 192.2 170.6 153.1 143.8 134.5
188.4 184.6 181.9 180.8 179.2 177.9 175.8 172.8 170.1 168.3 165.9 164 161.7 159.2 155.4 152.4 148.3 141.8 139.9 138.3 134.8 124.7 120.6 122.3 126.1 126.4 127.2 121.2 130.6 141.1 148.9 149 161.1 165.6 161.4 155.9 150.5 140.3 134.5 121.4 106.8 92.6 74.3 56.8 42.3 30.2 27.5 39.7 48.1 54.6 63.6 73 80.3 87 95.1 104.9 116.1 127.2 133.7 142.4 153.9 164.1 170.9 183.2 192.3 208.1 221.7 232.4 244.7 272.1 305.1 294.6 280.1 256.9 237.8 223.8 208.7 193.5 170.4 148.5 135.8 122.6
180.1 177.9 177.2 175.6 174.8 173.4 172.1 169.6 167.3 166 163.8 161.8 160 157.7 153.4 148.9 145.5 143.5 140.7 134.7 129.5 129.2 133.6 133.7 134.8 132.3 128.1 134.5 140.4 155.9 154.5 158 166.5 171.8 167.5 156.3 152.7 146.2 137.7 123.2 108.6 90.6 71.9 53.2 36.3 26.7 31.3 41.8 50.7 56.9 65.1 71.8 78.5 85.7 94.2 103.7 115.1 123.6 129.3 137.4 149.5 158 162.8 174 189.6 204 218.7 229 241.2 271.2 284.8 291.8 270.5 254.8 231.5 217 198.9 183.1 161.3 140.5 126.3 112.9
174.4 173.2 172.9 172 170.3 168.9 167.6 165.7 163.9 163 161.3 159.7 157.6 156.4 153.5 149.3 146.6 140.6 136.6 132.5 133.6 143.1 145 145.5 143.6 139.5 137.7 141.1 151.6 158 155.5 169.4 174.8 177.9 171.9 161.6 156.6 153.5 149.7 128.7 107 89.9 69.4 50 33.3 23.9 33.1 44.9 52.4 58.7 64.7 71.3 77.3 85.4 93.9 102.7 113.2 119.8 128.3 133.9 141.1 147.9 155.5 165.6 178.7 195.2 213.1 225.6 241.3 260.9 275.4 284.4 264.2 249.7 230.3 209 184.1 163.7 145.7 129.4 117.1 102.1
169.4 168.5 169.5 169.8 168.1 164.5 163.2 161.9 160.3 159.3 159.1 156.2 154.1 152.1 143.1 146 147.3 148.1 147.8 148.8 157.3 167.4 169.6 158.7 155.8 150.5 148.8 148.4 159.9 153.6 161.9 173.8 177.4 174.4 169.8 168.8 165.2 160.8 159.6 134.2 105.7 87.3 67.8 49.2 30.4 25.1 35 45.4 52.5 59 66.6 71.3 77.7 84.4 92.6 100.1 110.5 118.4 124.2 129.8 136.2 142.1 149.7 158 171.8 188.8 210.3 220.8 241.9 260.3 267.6 272.3 258.6 240.8 219.7 198.4 176.4 153.4 135.9 120 106.8 95.3
