data/200000-700000.asc
ncols 200
nrows 200
xllcorner 200000
yllcorner 700000
cellsize 50
[rows 36 to 71 of 200, columns 0 to 81 of 200]
473.7 469.9 461.3 459.8 455.3 454.8 457.8 462.5 468.2 467.8 461.1 452.3 450 441.5 448.3 438.8 449.7 450.9 442.1 441.3 447.6 450.6 451.9 450.4 445.5 441.4 439.6 434.5 428.8 424.5 423.8 418.8 417.7 410.7 406.8 401.9 395.8 395.4 391.3 384.7 382.9 382.4 377.4 369.6 359 350.9 342.5 334.6 327.5 324 319.2 314.9 306.9 307.7 305.4 294.5 298.7 306.1 307.4 307.8 304.3 304.5 292.7 299.2 298.3 295.4 294 297.9 298.9 298.9 299.6 299.2 298 296.2 295.8 295.8 298.3 299.5 299.9 300.1 299.7 298.7
473.6 467 464.3 458.2 456.5 467.4 474.8 474.4 470.3 463.8 459.1 454.6 455.9 455.5 443.8 449.8 450.5 445.6 444.8 453.2 453.6 455 452.2 448.7 444 444.1 439.7 430.3 424.1 421.3 417.5 415.5 403.4 400.4 397.6 398.5 390.3 390.9 385.5 379.8 376.9 372.8 367.1 360.9 352.4 342.9 336.1 325.6 321.8 319.8 315.1 311.5 305 305.2 300.1 289.1 297.5 300.4 304.1 303.9 300.6 297.1 293.7 286.8 291.9 288.1 284 286.2 287.9 288.3 290.2 291.1 291.1 292.2 292.4 292.9 292.7 294.3 295.1 295.5 294.1 295.5
467.9 466.5 461.2 457.6 463.2 472.1 467.4 467.5 463.2 464.4 460.8 457.3 459.2 451.1 447 452.4 454 454.9 457.3 458.5 456.6 455.9 451.9 443.8 443.1 439.9 432.9 424.4 416.7 412.9 408.1 406.2 407.4 405.2 398.4 392.3 389.7 382.5 377.3 375.7 371.6 363.5 358.8 349.6 341.7 333.6 328.1 321.9 316.1 312.1 310.6 306.5 302.8 299 294.7 286.7 296 298.2 297.9 298 296.7 295.3 290.3 289.6 283.5 280.3 279 280.3 282.2 283.5 284.4 285.7 287 289.5 290.4 290.2 291.3 291.6 291.6 289.9 289 287.5
462.6 461 458.6 457.4 462.6 465.1 466.3 464.1 468.8 468 466.4 467.2 457.4 456.9 450.5 453.2 458.7 460.8 460.4 458.7 456.5 455 449.9 445.3 443.2 436.5 429.1 420.5 417.7 407.2 407.7 407.5 402.7 396.5 390.2 385.9 382.2 376.9 377.5 369.7 361.9 356.3 349.8 340.5 332.8 325.6 322.1 318.6 312.3 307.9 303.9 301.6 300.1 299.1 299.2 294 282.3 293.2 293.4 290.3 291.5 288.3 282.9 280.7 270.1 275.5 273.8 275 276.5 277.5 280.4 282.3 283.8 286.6 286.9 286.7 287.9 288.5 287.4 286.5 285.5 284.5
465.2 455.4 456.3 462.2 466.3 462.7 463.6 468.3 469.5 471.5 471 469.5 465.6 457.1 456.5 459 464.8 463.7 462 459.9 458.1 456.3 452.1 445 438.7 431.4 425.3 418.5 409.1 403.8 404.2 402.1 400.2 392.6 385.1 381 378.9 371.5 366 359.3 354.1 350.4 341.4 335.8 328.9 322.6 317.1 313.6 311.3 307.1 303.5 298 299.5 306.6 303.6 290.4 286.3 268.7 283.6 280.8 281.5 278.5 272.5 269.8 269.3 264.1 270 269.9 271.4 272.1 277.1 278.9 281.5 282.8 282 282.7 284.2 284.6 284.4 283.3 282.5 281.9
453.8 459.6 460.8 456.3 457.9 463 464.4 470.5 471.9 472.1 471.4 462.6 459.4 464.3 463.7 465.6 464.1 466 468.1 467.8 464.9 457.7 448 440.8 435 429.5 420.4 409.9 405.5 403.2 399.7 396.4 393.8 388.7 384.1 376 371.5 366.1 360.1 351.7 347.2 338.8 334.1 329.3 321.9 317.2 313.1 309.1 306 300.9 295.9 297.8 300.1 299.4 300.6 288.9 280.7 278.3 269.7 271.2 273.5 266.4 264.6 265.1 266.3 261 263.9 265.3 266.3 268.1 270.4 273.9 275.8 276.1 276.3 279.2 280.7 281 280.8 279.8 278.3 277.2
455.2 455.1 457.5 457.1 462.4 468.3 471.4 472 472.2 467.3 462.7 463.9 462.5 465.4 466.2 466.1 469.3 472.6 471.9 468.1 460.5 454.3 445.7 440.4 431.8 419 409.2 404.8 401.8 399.3 395 393.8 390.6 384.8 373.6 369.5 362 357.4 350.2 345.5 338.3 333.6 328 321.8 316.2 312.8 308.3 301.4 297.8 295 293.9 298.4 297.8 294.8 295.9 292.6 274.4 270.3 265.7 264.1 262.4 262.5 262.3 261.5 261.2 260.4 256.6 260.5 261.9 263.6 266.2 266.8 268.2 271 271.1 272.7 273.7 274 274.5 274.8 274 274.6
448.6 454.1 466.6 464.7 466.8 472.4 471.9 470.3 470.6 474 468.3 465.2 466.4 466 471.1 472.4 473.7 475.6 469.8 465.1 457 450.8 445.5 432.9 418.1 413.8 408.6 406.6 402.5 398.3 392.1 393.1 390.9 386.5 375 363 359.9 353.7 344.8 336.1 331 326.3 321.1 316.2 313.2 308.3 302.4 297.3 293.2 292.9 294.8 301.9 297.3 286.3 284.2 276.9 268 265.3 263.8 259.7 257.8 260.9 261.4 259.1 258.2 257.1 257.1 251.6 258 259.9 260.9 259.8 262.7 266.5 269.1 268.7 268.3 268 267.3 268.2 267.2 267.2
458.9 460.8 466 474.5 474.4 475.4 474.9 470.9 475.1 472.6 467.4 468.5 467.8 475 473.4 475.3 472.7 468.3 463.3 458.2 454.1 443.2 435.8 425.7 418.9 417.6 413.3 407 400.4 397.2 389.9 392.7 385 375.3 368.7 360.3 353.3 343.9 337.7 332.2 326.3 319 317 313.3 308.6 302.8 296.2 290.9 290.8 295.1 296.9 299.7 299.7 282.1 272.6 270.4 266.1 265.6 264.8 261.1 257 254 258.5 258.8 255.9 256.3 255.9 249.6 252.1 251.4 254.4 257.2 258.8 261.8 262.6 262.6 261.5 259.3 260.8 261.5 258.1 257.8
462.7 467.9 475.7 477.2 478.5 476.9 473.7 475.2 470.8 468 469.1 469 470.4 473.5 470.2 469.8 470.4 464.6 458.4 453.3 449.9 442.4 435.8 434.1 423.9 416 409.9 406.7 401.5 392.8 387 380.6 374.6 366.4 360.1 352.6 345.3 336.9 332 327.6 321.4 315.6 311.8 306.2 300.5 296.6 291.5 289.1 292.6 299.7 296.8 299.2 285.1 274.1 270.4 267 265.7 264.1 261.8 261 258.6 251.9 251.6 254.8 251.6 252.4 250.5 247.7 242.3 244.4 247.3 252.2 250.7 252.4 253.6 256.7 255.1 248.8 250.6 249.7 247.9 247.7
472.2 477.8 477.4 481.8 479.9 483.7 481 477.2 478.2 476.7 475.3 471.4 473.9 471.5 469.9 468.4 465.5 461.2 456 451.7 446.6 442.2 438.5 434.1 422.9 411.5 406 404.6 396 387.2 382.1 374.9 370.1 362.6 355.3 345.4 339.2 333.4 324.6 322.2 315.9 312.8 308.2 301.6 293.7 291.6 290 290.3 299.9 299.9 291.6 283.7 273.1 268.2 264.6 264.8 261.5 259.2 256.6 256.8 256.3 254 249.7 246.6 244.4 246.7 245.3 243.7 239.3 239.1 237.9 240 242.3 242.1 242.8 247.3 243.8 236.7 238.5 238.2 239.4 239
472.4 484 486.9 486.8 492.9 486.7 481.1 478.6 477.8 481.1 476.9 472.1 469.9 472 469.8 466 462.6 458.3 450.8 444 440.9 438.8 433.9 425 419.9 416.2 412.1 399.5 391.3 386.8 377.2 368.3 361 356.4 347.1 341.4 334 329.2 321.5 316.7 312.7 306 301.9 298.4 292.1 290.2 289 295.3 292 285.9 278.2 270.1 269.1 264.6 261.4 259.6 257.3 254.3 254.6 254.7 253 252.2 249.9 246.6 242.1 241.4 241.4 240.1 237.4 235.7 240.2 239 237.2 232.8 228.9 229.5 230.4 227.3 225.7 227.7 229.7 232
477 481.6 497.6 498.3 489.9 484.1 481.7 479.6 483.8 479 473.6 474.3 469.3 470 463.9 461.2 458 459.9 444.5 442 438.9 432 429.1 423.3 417.8 410.4 401.8 393.4 387.3 380.6 372.8 369.2 352.9 345.5 340.4 334.3 328.7 323.2 317.1 311.2 308.5 300.9 297.7 294.2 291.6 288.3 291.4 287 280.5 275.5 267.4 264.9 264.1 261.9 259.6 255.1 252.3 256.2 256.2 253.2 249.7 244 244.1 242.6 239.6 238.7 238.5 238.8 242.7 246.5 249 249.1 250.5 246.9 242.3 232.9 229.8 224.5 227.7 223.2 218.7 221.7
480.6 488.1 489.7 485.9 486.7 485.3 488.9 490.7 482.3 478.1 474.1 474.2 472.9 468.4 460.8 458.7 456.3 448.4 442 437.7 432.3 429.5 426.5 420.2 416.4 403.2 395.1 390.2 384.4 376.8 366.9 360.5 347.2 339.2 329.8 328.8 322 319 311.1 302.6 303.8 299 296 292.3 288.4 286.3 282.6 278.9 273.4 265.6 262.1 260.5 257.9 256.6 253.3 252.3 248.2 252 256.8 251.5 244.3 244.1 242.9 244.7 248.7 250 250.6 254 255.3 255 255.4 256.1 257.6 253.7 250 244.8 242.9 237.8 233.6 230.7 225.2 217.1
481.8 487.2 488 489.9 489 492.9 495.1 486.8 482.8 482.6 481.7 477.9 475.5 467.6 458.7 450.8 447.4 444.5 440 433.2 434.1 429.3 426.9 422.6 415.8 410.1 399.3 387.5 374.8 366.8 358.5 352.3 345.3 334.8 327.9 319.5 316.7 311.2 309.6 303.1 299 293.9 291.2 291 286.3 281.3 272.5 262.8 265.2 260.8 257.2 253 251.3 252.2 253.9 249.2 247.7 252.7 250.9 245.5 246.6 248.1 253.4 256.4 258.3 261 264 264.8 263 261 262.7 262.8 260.6 255 253.7 252.1 247.1 242.3 236.7 231.6 225.7 218.5
486.3 490.4 492.4 491.1 496.4 495.4 491.9 495.3 496.9 497.9 497.5 487.3 471.1 465.8 455.5 450.4 448.4 445.2 441.1 438.4 436 429.6 424.8 422.1 414.6 405.9 392.7 380.4 369.6 360.2 349.2 342.5 338.8 330 323.3 321.1 308.1 301.9 302.7 302.9 296.5 291.6 289 281 282.3 277.8 270.1 266 256.7 258.2 254.3 252.1 250.6 249.9 248.7 251.7 252.6 246.7 246.9 251.1 256.8 261.3 262.8 265.2 268.7 272.7 274.5 270.6 271.5 270.7 271.7 269.7 263.9 263.5 258.6 254.8 248.8 247.8 235.8 228.9 220.7 215.7
490.7 494.2 492.6 496 498.1 504.8 510.7 503.7 509.7 506.8 499.2 484.1 474.4 466 459.7 454.2 450.9 444.2 440.2 439.5 435.2 429.6 426.3 419.3 409.6 395.9 380.9 371.5 358.7 351.1 348.6 341.5 329.7 325 320.8 313.1 307.4 306.1 296.1 293.9 291.5 288.9 284.4 277.8 272.9 267.7 264.6 258.8 255.5 253.8 252.1 251.1 251.8 252.8 250.7 254.7 256.4 254.4 257.4 260.2 263.9 269.7 276.2 275.8 280.9 285.3 283.3 281.7 282.6 277.7 275.5 275 274.6 268.6 262.6 257.3 250.1 241 232.9 225.2 216.2 209.6
493.1 501.8 494.3 497.5 501.4 512.2 509.7 510.8 509.4 502.4 494.2 482.4 474.8 467.9 460.3 455.3 447.2 443.8 441.6 438.2 435.1 432.2 420.9 408.8 396.3 383.9 374.4 365.9 355.9 351 340.7 336.9 329.7 320.5 310.4 307.7 303.8 301.9 297 290.4 288.8 284.4 278.4 274.3 268.3 266.7 264.3 261 257.4 253.1 254.1 254.9 256.8 255.4 255.1 259.6 257.5 262.9 264.9 268.7 278.8 284.1 282.5 289.6 296.2 293.2 291.4 293.9 286.8 288.8 285.9 281.2 277.8 274.9 267.3 261.6 252.6 242 232.3 224.1 213.3 208.9
491.8 494.8 491.8 502.7 508.1 513.3 513.2 513.7 503.7 500.2 491.7 480.8 472.9 465.8 460.4 453.5 451.7 442.3 439.8 433.4 427 421.9 413.1 395.8 384.5 379.3 371.2 362.8 356.1 348.6 342.2 333.2 325.8 319.5 312.5 306.8 302.5 295.2 293 288.5 286.5 281.5 274.6 268.8 264.1 258.9 255 260.2 256.3 257 258.3 256.5 256.7 257.5 259.1 262 266.8 269.4 277.3 284.6 288.6 291.2 296.4 306.9 313.4 306.1 303.5 300.7 302 297.4 288.2 288.1 281 277.2 274.2 263 252.9 239.1 233 226.6 214.7 211.1
485.8 494.5 492.5 503.1 509.4 509 507.6 503.5 503 498.1 488.8 478.8 470.5 464.5 459.4 455.8 450.1 440.2 435.2 432.3 421.2 411.2 395.5 389.5 381.8 375 367.7 359.3 351.6 343.5 339.1 330.6 323.6 316.4 308.9 307.7 300.5 294.5 288 283.1 280.1 277.7 272.5 269.4 265.5 256.8 260.9 256.7 255.9 261 262.5 260 265.8 266.4 266.4 266.2 273.7 274.4 285.9 296.3 301.7 306.8 314.8 324.9 326 318.7 310.3 305.3 306.3 298 298.8 302.7 291 284 275 264.5 250.4 244.7 236.4 227.3 219.2 213.9
489.7 482.5 491.7 499.6 500.7 505.6 502.7 504.1 501.3 496.3 485 472.7 465 457.7 455 450.7 442.7 438.4 431.1 419.5 409.6 399.3 392.6 387.3 378.6 370.6 363.9 356.1 349.5 340.7 335.3 330.4 325 315.9 309.3 302.9 297.9 295.3 290.7 283 270.4 269.8 268.8 266.2 262.8 260.7 264.1 261.7 260.9 264.3 268.4 271.1 272.7 273 272.4 272.6 277.3 283.7 294.4 307.1 312.7 321.1 333 348 341.3 326.1 316.7 313.9 305.1 304.4 306.7 307.6 298.9 289.8 276.7 265 252 245.4 238.3 227 224 214
478.6 486.8 487.2 488.4 498.4 499.1 502.9 500.8 497.6 488.9 475 468.5 463 453.6 450 442.5 437.1 429.5 419.3 409.9 401.3 396.8 395.9 385.1 377.2 369.4 360.5 351.7 346.3 340.2 334.5 330.7 323.6 312.3 306.5 300.6 295.9 294.8 291.4 284.4 274.9 269 266.7 265.2 264.6 259.9 262.9 266.6 270.7 270.7 273.9 276.9 280.1 281.9 282.5 279.9 287.2 303.1 310.8 315.4 324.1 339.7 355.4 362.7 348.8 325.7 318.4 311.5 309 309.7 309.9 310.4 304 294.7 282.9 265.3 250.8 243.3 237.9 231.3 222.9 216.9
476.2 476.3 481.7 486.3 493.1 498.7 497.2 495.9 492.9 477.6 471.5 468.1 458.1 451.6 443.4 437.8 426.7 421.2 412.1 405.4 401.5 398.9 387.4 381.2 374.3 367.7 361.2 354.5 348.2 340.9 333.6 325.1 319.7 313.6 300.1 296.2 290.1 288.1 285.1 277.7 272.1 267.2 265.4 261.6 260.3 264.8 267.5 269.7 274.8 278 278.5 285.4 290.9 298.1 297.3 296.7 304.9 315.8 325.5 329.1 337.8 347.6 354.6 356.3 343.6 328 320.4 315.4 312.8 311.4 315.4 319.1 317.7 302.7 284.2 265.9 249.2 241.1 234.5 227 220.7 214.4
471.2 477.3 481.7 488.1 492.7 494.6 495.6 496.8 484 473.7 470.9 464.9 460.1 450.1 440.5 429.8 421.6 413.7 409.4 406.8 400.8 391.6 384.9 378.9 372.5 367.3 361.9 355.7 349.1 340.2 332 325.8 317.2 311.6 299 297.9 297.6 286.1 280.7 273.8 269.1 263.8 263.6 267.3 270.9 273.9 275.1 276.3 281.7 286.2 291.8 298.4 305.2 310.9 312 311.7 321.4 330.2 339.2 341.1 350.8 357.8 356.2 352 341.7 330.3 324.6 319.2 313.8 315.6 317 314.7 307.1 292 280.3 261 248.6 241.2 234.9 231.6 224.9 216.7
471.7 475.8 486.3 492.7 493.5 493.7 494.1 480.5 475.2 468.2 466.7 463.3 456.9 447.8 435.5 424.8 418.5 414.3 406.9 404.1 394.8 386.6 384.4 375.7 368.1 364.6 359.1 349.2 345.1 336.3 327.9 319.8 311.8 304.1 302.9 308.1 304.3 286.3 273 273 268.9 266.7 270.9 275.6 278.4 281.2 282.1 287.8 290.8 301.7 311.9 311.8 315.8 326.6 327.6 328.8 340.8 348 354.8 364.5 379.3 377.3 361.3 349.6 339.5 333.5 327.9 318 319.1 320.5 315.2 308 295.4 291.4 274.4 258.8 253.1 242.7 238.7 235.4 225.9 226.7
472.4 486.1 490.7 492.2 490.3 486.5 483.9 477.6 468 463.3 462.4 456.8 450.3 441.4 428.4 422.6 412.6 409.5 408.1 398.9 395.1 389.1 382.3 376.8 371.3 366.7 361.6 350.6 337.1 328.9 321.5 311.8 307.8 306.2 309.5 304 289.3 279.4 271.4 268.4 268.3 275.5 281.4 294 287.4 288.9 291.6 294.7 308.3 320.1 330.6 326.9 328 331.3 333 333.5 345.3 360 379.6 387.7 394.2 386.3 369.3 349.8 343.7 337.5 326.6 323.3 329.1 316.6 309.9 302.1 294.1 283.6 268.4 259.8 253.2 245.9 237.6 225.7 230.2 239.6
486.7 488.1 489.2 486.8 486.3 485 480.5 480 464.3 458.7 457.1 452.1 444.1 434.6 424.4 420.1 415 408 403.9 397 392.5 387.4 381.4 375.9 370.1 365.4 357.3 347.6 340.6 329.6 319.3 314.9 313.4 316.5 310.9 295.2 285.2 277.8 271.2 267.4 277 282.5 289.4 298.8 294.5 293.7 296.9 307 326.4 331.2 333.5 332.9 337 334.2 332.2 335.8 350.3 370.3 391.2 393.4 388.6 382.5 374.6 352.3 346.9 337.7 331 334 326.8 313.5 306.9 297.9 287.1 275 265 260.8 249.9 243.2 237.2 244.3 247.3 251
487.5 483 485.3 483.3 480.2 479.7 490.8 481.8 467.1 458.5 454.7 446.1 437.9 428 423.5 417.9 410.3 402.8 399.8 394.3 390.4 384.9 377.2 372 365.6 356.6 349.6 343.9 334.2 323.5 322.4 318.1 320.5 309.7 294.3 287.9 280 277.2 270.8 272.6 279.2 287.3 295.3 295.3 295.4 294.2 305.8 317.6 332.7 337.4 340.3 340.4 340.4 332.7 333.8 348.7 362.2 369.4 384.8 388.7 389.9 380.5 368.8 354.1 347 339.2 343 342 322.1 309.5 302.1 292.7 283.5 272.5 266.6 261.1 251 236.7 244.4 254.6 262.7 261.1
478 479.9 479.3 477.3 480.8 493.1 489.5 471.7 465.8 456.4 447.3 441.7 434.2 428.1 421.7 414.5 412.6 405.6 399.8 394.9 389.7 384.8 383 368.7 356.2 347.7 348.1 335.8 327.8 319.8 322.5 307.4 300.6 293.3 287.6 283.1 277.3 275.4 270.3 280.5 286.5 292.3 298.2 296.3 297.8 312.2 325.5 336.8 342.6 345.3 347.3 341.1 338.3 333.9 348.2 356 361.2 365.5 372 383.3 381.1 372.2 367.9 357 347.2 341.4 341.1 330.8 320.5 307.4 299.2 295.9 281.9 273.8 264.2 259.2 249 251.5 259.4 268.5 269.9 268.4
478.1 476.8 478.8 486.9 490.7 484.7 472.8 466.2 462.2 454.1 442.2 438.4 433 429.6 422.3 416.3 411.3 404.6 398.1 392.7 388.5 386.1 372 358.5 352.1 343.5 333.4 331.1 320.3 311.8 308.2 300.4 293.2 288.1 285.4 281.3 279.4 271.9 276.6 284.3 289.9 297 296.9 300.2 313 322.9 332.6 343.1 350.2 347.7 341.7 334.6 335.1 343 348.5 358.5 365.4 364.8 367.8 371.2 372.1 373.5 364.4 351 340.9 340 335.3 327.8 320.4 304.6 304.3 292.8 283 271.1 263.4 250.3 253.7 264.9 268.7 270.4 273 271.7
476.3 480.6 484.3 484.7 479.9 473.2 466.6 469.7 464.4 454.5 444.9 441.4 436.3 429.8 421.5 414 406.8 399 393.2 389.3 384.1 372.8 363.6 354.4 347.8 347.1 340 336 320.2 313.3 307.9 301.1 295.8 293.6 286.7 283.2 274.7 274.8 285.2 291 293.6 295.5 302.6 311.2 322.8 334.8 340.5 348.8 348.3 345 334.8 334.2 338.3 343.9 352.4 357.5 360 361.7 362.3 360.8 365.8 367.9 355.7 343.2 337.3 336.9 333.6 325.8 310.1 311.4 299.4 291.9 279 270.1 252.8 259.7 271 278.4 278.8 279.4 279.9 284.5
481.4 485 477.9 474.9 473.6 468.8 470 470.3 466.8 455.7 450.1 443.7 436.8 427.9 418.2 408.9 402.3 400.7 393 382.2 374.3 366.7 359.9 351.6 345 348 338 325 319.8 313.6 305 299.5 297.7 291.1 286.1 281.2 274.2 284.6 290.3 293 295.5 298.1 305.9 316 327.9 337.9 343.1 344 339.2 333.9 328.4 335.9 340.7 342.8 345.3 347.9 351.6 353.4 355.6 360 359.1 348 339.8 338.8 337.8 337.7 332.5 320.3 316.7 308.9 301.8 285.3 276.7 268.2 262.7 279.4 290.8 293.8 288.1 286.2 285 288
480.6 480.6 477.8 473.6 471.3 473.9 472.6 469.7 462 456.6 448.9 442 432.4 421.6 414.5 407 404.7 397.1 386.6 378.9 369.8 361.6 353.4 355.2 353.7 344.6 332.9 320.6 319.3 311 304.4 296.4 293.1 290 282.4 275.6 281 289.8 291.6 295.5 300.9 311.4 315.1 324.8 333.4 338.2 336.5 331.2 328 328 327.3 338.4 334.4 334.1 334.1 338.6 342.4 341.5 344 347.7 337.8 334.1 331.6 338 338.4 333.3 328.3 318.9 310.9 306.9 291.4 280.1 263.8 268.4 277.1 296.4 306.9 307.2 303.7 294.1 292.4 290.1
475.9 476.7 477.3 476.6 477.5 476.5 472 465.7 459.8 454.1 446.3 436.8 425.9 415.5 410.4 407.8 400.7 392.1 381.7 373 365.3 357.2 360.4 358.2 347.6 335.5 321.4 317.5 312.8 306.8 301.2 290.4 286.6 279.6 279.6 280.3 280 287.7 293.5 298.1 309 314.2 319.8 325.1 327.5 330.2 328.3 328 328 327.1 326.7 328.6 332.7 332.9 330.5 328.9 330.5 330.6 335.2 339.1 329.4 325.2 326.5 327.9 328.8 326.7 314.4 311.1 304.2 293 285 268.1 276.4 280.2 293 304 313.1 315.4 313.5 305.8 302.1 295.4
479.6 478.9 483.6 482.3 479 475.4 470.3 463.9 459 451.9 438.4 427.4 418.6 413.4 408.8 403.7 395.3 384.9 376.1 369.1 365.5 365.6 357.8 345.2 338.7 319.4 318.4 314.6 307.3 300.5 294.6 291.8 283.4 283 287 287.1 285.4 287.4 290.5 301.3 311.1 318.1 323.8 325.2 326.9 327.9 328 328 327.9 330.7 324.2 328.7 330.9 329.8 321.7 317.8 316.5 321.3 324.5 317.3 318.1 327.6 322.1 318.4 314.2 312.9 306.4 299.4 295.8 287.4 282.4 276.1 282.6 293.7 303.9 314.9 320.8 324.4 326.6 322.3 310.8 302.9
478 481.7 485.6 484.7 480.8 475.6 469.4 462.2 453.6 437.9 427.6 419.6 414.3 408.3 403.6 397.2 388.9 377.5 381.4 378.7 368.5 363.6 348.2 335.6 318.2 315.5 314.1 310.3 302.3 295.1 290.8 283.1 285.5 289.3 288.1 288.5 288.4 292.5 298.5 305 314.5 324.1 326.2 328.1 327.2 327.9 328 328 327.8 328.1 322.6 323 322.2 321.6 317 314.8 312.8 312.1 307.9 309.8 314.4 314.4 311.4 311.3 307.5 296.1 298.1 294.8 290.7 286.4 283 282.3 293 306.5 317.7 325.8 330.9 335.2 340 335.3 321.6 311.6
