data/200000-670000.asc
ncols 200
nrows 200
xllcorner 200000
yllcorner 670000
cellsize 50
[rows 0 to 39 of 200, columns 89 to 177 of 200]
391.6 376.1 367.9 347.4 332.4 325.2 317.8 305.1 276.4 248.9 222.9 221.4 202 189.5 170.1 150.8 109 79.7 63.8 42 8.8 0.7 -1 -1 -1 -1 -1 -1 -1 -1 -1 -1 -1 -1 -1 -1 -1 14.7 31.4 53.8 94 116.7 145.3 166.8 186.4 201 203.5 218.4 253.1 292.5 314.5 349.1 387.9 424.9 451.8 468.5 482.4 482 480.2 476.4 459.4 433.6 406 389.2 377.8 368.5 345.1 330 317.5 309.8 301.1 297.6 304.1 305.7 296.5 277 262.8 246.2 229.4 215.3 204.7 199.1 195.4 211.1 223.4 233.1 243.4 255.7 280
394.9 382.2 364.8 352 332.4 324.8 316.2 297.7 271 271.5 274.7 244.4 206.6 178.1 155.2 136.2 120.6 85.8 67.2 42.8 13.4 0.9 -1 -1 -1 -1 -1 -1 -1 -1 -1 -1 -1 -1 -1 -1 -1 15.1 30.5 49 88.4 115.3 142.1 159.8 183.4 197.6 200.8 211.1 247.4 287.8 306.7 346.4 383.9 422.1 439.7 459.1 471 472.8 473 466.2 453.5 433.9 405.7 385.8 373.9 363.8 347.7 327.3 308.4 290.9 281.1 286 290.7 294.7 282.2 268.7 250.2 232.9 219.2 206.6 197.4 189.2 194.4 208.8 223.6 234.5 247.4 262.2 285.6
388.7 381.3 366.2 347.5 332.8 329.5 320.4 313.3 308.8 304.4 281.2 246 216.1 185.2 151.1 129.4 112.1 85 67.7 42.2 16.3 1.3 -1 -1 -1 -1 -1 -1 -1 -1 -1 -1 -1 -1 -1 -1 -1 12.9 25.2 44.7 77.9 105.2 137.3 154.8 173.6 186 200.8 209.2 243.7 278.8 304.8 331.1 377.3 412.3 438.6 454.1 458.5 464.2 467.6 464.4 448.4 430.3 406.8 385.6 372.6 361.2 341.2 324 303.1 287.8 273.6 272 276.4 277.2 267.5 256.7 238.1 223.1 209.9 197.7 187.9 188.7 197.1 211 225.5 236.1 249 267.6 284.4
384.6 380.2 364.4 348.2 338.2 333.9 334.2 335.8 326.9 306.2 280 256.1 224.8 206.8 166.2 129.4 103.5 85.4 65.5 45.8 20.2 2.5 -1 -1 -1 -1 -1 -1 -1 -1 -1 -1 -1 -1 -1 -1 -1 13.3 27.1 43.5 74.6 104.4 121.5 143.2 165.1 181.3 188.4 205 245.3 268.9 296.5 331.2 371 393 422.4 440.8 453.9 460.8 462.2 456.7 443.4 424.9 405.1 388.7 371.7 357.2 339.6 319.8 302.7 285.1 266.9 266.5 266.4 261.5 253.3 241.8 229.9 215.4 201.1 188.1 179 187.4 199.9 213.6 230.2 240.6 252.8 269.6 287.9
374.1 367.6 358.4 345 341.2 340.1 343.4 351.5 337.4 309.8 284.3 255.1 230.2 207.3 178.9 148.9 119.2 92.6 72.9 52.8 30.3 9.7 -1 -1 -1 -1 -1 -1 -1 -1 -1 -1 -1 -1 -1 -1 -1 18.4 22.3 33.2 67.5 95.5 114.7 145.6 173.2 180.3 174.9 199.3 237.5 267.5 291.9 315.4 352.7 392.5 419.2 440 451.8 458.6 453.3 447.8 436 421.2 405.8 389.1 370.5 353.8 336.2 318.2 298 280.7 266 251.8 253.3 249.7 243 231.8 220.1 208.4 194 183.8 174.5 187.5 200.9 216.6 234.1 244.9 259.5 274.3 293.6
363 367.1 359.1 346.1 344.3 344.3 347.6 349.2 339 314.9 283.3 256.5 242.9 207.3 179.4 160.9 136.3 101.8 83.1 63.7 42.1 22.7 7.8 3.6 -1 -1 -1 -1 -1 -1 -1 -1 -1 -1 -1 -1 -1 1.5 16.2 20.6 55.4 92.1 104.3 136.6 154.8 168.8 161.6 186 222 260.8 277.2 298.2 331.6 368.6 393.9 428.4 444.8 447.3 447.8 445.4 435.7 420.3 405.7 390.9 371.6 353.4 334.3 315.3 295.1 275.2 258.8 238 241.7 239.3 231.8 221.9 210.1 198.4 187.6 178 174.6 190.5 204.6 220.4 233.2 250.1 263 278.5 296.8
355 356.6 352.1 348.2 348.8 348.8 349.6 344.5 332.9 310.3 289.7 258 236.3 206.7 183.7 162.5 145.9 117.7 94 74.6 53.9 36 21.3 11.4 3.3 -1 -1 -1 -1 -1 -1 -1 -1 -1 -1 -1 -1 -1 -1 9.4 41.4 76 88.8 114.5 134.7 149.8 144.4 170.4 208 244.3 255.7 282.4 312.9 338.2 370.6 408.5 426.1 434.6 438.1 437.1 433.9 422.3 407.5 392.8 371.9 351.6 332.6 311.9 291.2 270.7 251.5 234.9 229.3 226.5 220.6 211.6 201.3 190.5 181 171.4 177.8 194.5 210.6 225.7 241.2 254.1 268.9 283.2 299
354.4 354.2 353.2 354.5 354.5 354.7 354.4 345.9 333.4 318.1 299.9 269.9 243.3 215.7 190.3 169.5 154.7 129.2 103.7 84.9 65.5 48.1 30.4 15.4 1.7 -1 -1 -1 -1 -1 -1 -1 -1 -1 -1 -1 -1 -1 -1 5.5 24.4 59.1 84.8 89.7 115 128.8 128.3 143 182.4 209.4 235.4 278.1 294 321.2 349 378.6 400.3 415.6 423.6 431.9 434 422 410.7 394 372.2 350.4 328.7 307.6 287.6 267.1 250.1 235.5 222.1 213.2 207.2 201 191.1 181.7 173.1 166 181.3 199 215 229.7 245.1 260.5 276.1 289.8 309.2
355.4 356.9 358.5 360.2 360.2 360.9 361.4 358.3 361 363.2 334.1 295.7 257.9 227.6 201.7 176.5 157.7 133.8 109.4 81 67.2 59.9 46.1 24.5 2.9 -1 -1 -1 -1 -1 -1 -1 -1 -1 -1 -1 -1 -1 -1 1.1 9.5 39.7 69.5 77.2 96.5 114.1 118.6 130.7 160.6 182.9 211.7 253.6 282.5 302.9 328.9 350.6 370.9 392.7 404.2 415.8 424.9 421.1 410.5 393.8 371.8 347.5 324.3 304.7 283.5 261.7 243 226.6 212.7 194.2 193.3 189.5 181.1 172 162.5 168 183.8 202.6 220 233.9 249.3 265 281.6 298.4 318.6
361 364.8 365.1 371.7 369.6 366.5 370 368.8 378.7 379.7 352.1 319.5 276.9 238.8 219.4 193.2 158.3 134.5 108.5 100.3 92.9 79.4 62.9 39.4 10.6 -1 -1 -1 -1 -1 -1 -1 -1 -1 -1 -1 -1 -1 -1 -1 7.3 22.5 39.8 57.5 79.5 95 110.9 112.6 130.6 161.8 194 252.2 265 273.6 309.3 319 341.2 359.7 386.5 394 395.8 412.6 407.6 397 371.2 345.2 321.2 301.2 277.7 255.8 235.6 217 202.8 191.6 179.4 176.5 171 163 153 168.5 184.8 207.2 224.5 236.8 253.6 268.9 286.4 307.8 325.8
372.5 370.7 371.2 381 379.2 376.1 379.7 384 383.6 383.4 359.1 318.4 284 252.6 228.3 205.7 177.6 143 109.6 124.5 107.1 92.6 78.1 50.7 28.9 14.5 -1 -1 -1 -1 -1 -1 -1 -1 -1 -1 -1 -1 -1 -1 1.6 8.4 38 52.6 77.6 90 103.8 105.1 121.7 144 177.8 226.9 246.4 255 276.1 287.5 305.4 328.4 356.7 360.2 373 399 398.6 391.6 371.9 344.8 318.6 296.5 274.7 252.6 231.7 213.8 194.4 181.1 173.8 165.8 162.4 154.1 154.2 172.1 190.6 212.4 225.2 244.1 258.9 273.4 290.1 311.8 331.5
368.7 373.3 376.6 381.3 381.7 391.1 392.3 390.8 398.9 380.1 348.9 322.5 290.6 262.8 233.5 206.9 181.3 154.9 122.7 138.1 119.4 104.4 78.6 52.4 43.5 24.5 -1 -1 -1 -1 -1 -1 -1 -1 -1 -1 -1 -1 -1 -1 -1 1.2 14.9 41.9 53.6 72.9 94.6 96 102.5 126.4 170.7 203.3 225.7 232.5 245.3 257.9 276.3 301.4 319.3 327.3 354.4 370.3 384 380.4 362.8 341.1 318.1 293.2 270.9 245.9 224.6 207.5 190.6 173.6 167 159.5 154.8 145.9 155.5 174.6 194.7 207.2 231 250.5 265.9 281.6 301.7 322.7 345.6
375.6 378.6 382.4 385.9 388.2 395.7 400.1 391.9 399.4 381.6 366.9 342.1 317.5 277.1 236.8 215.5 191.9 158.2 153.2 146.2 128.7 106.7 91.1 71.6 53.8 29.3 5.2 -1 -1 -1 -1 -1 -1 -1 -1 -1 -1 -1 -1 -1 -1 -1 1.5 26.1 40.4 64.4 80.8 79.5 81.3 103.3 134.9 177 200.6 212.9 226 232 252.9 277.2 296.2 307 321.6 334.4 352.8 372.3 358.9 335.6 312.3 289.9 265.3 241.3 221.3 204.5 186.1 169.2 157.8 151.6 146.5 139.7 154.7 172.6 188.9 212.7 235.3 252.9 269.9 289.3 306 329.2 354.9
386.1 387.8 392.5 396.5 400.2 404.9 405.4 397.9 388.7 381 366.3 350 323.5 285.2 244.5 225.1 201.9 176.3 164.3 148.9 136.3 125.5 104.9 90.2 78.3 51 21.5 -1 -1 -1 -1 -1 -1 -1 -1 -1 -1 -1 -1 -1 -1 -1 -1 3.3 24.3 50.8 75.4 79.5 77.4 87 113.4 158.5 173.6 187.7 198.6 211 221 252.1 261.5 283.4 298.5 306.1 326.1 354.5 349.4 327.1 306.8 284.4 262.8 239.8 216.2 200.3 180.4 161.3 148.6 142.4 139.4 140.6 156 172.8 194.9 217.2 238 254.2 274.9 293.7 309.7 335 361.7
399.2 403.2 403.3 405.3 409.2 411.7 411.7 401.2 394 389.3 372.4 341.2 321.5 289.7 256.9 233.9 212.5 171.6 184.2 170.9 157.7 141.6 112.7 101.1 97.3 63.4 29.3 -1 -1 -1 -1 -1 -1 -1 -1 -1 -1 -1 -1 -1 -1 -1 -1 -1 8.8 35.5 65.5 80.4 79.7 69.7 90.3 139.4 153.2 163.5 169.5 187.6 202.5 220.7 226.3 247 267.9 280.6 298.9 327.6 331.8 318 300.5 276.6 257.3 236.1 217.3 193.8 176.7 159.3 145 134.5 132.9 144.3 155.5 173.2 195.6 215.4 239.6 258.6 278.9 299.9 317.3 343.9 369.8
420.2 417.4 418.2 419.9 420.1 425.4 422.4 415 408.6 397 385.3 351.8 319.8 291.8 262.1 234.2 205.9 212.3 203 187.3 165 146.1 126.7 111.1 107.4 77.1 34.7 3.9 -1 -1 -1 -1 -1 -1 -1 -1 -1 -1 -1 -1 -1 -1 -1 -1 -1 23.7 72.8 74.5 70.1 64 69.6 94.1 128.6 132.3 151.8 164 183.7 188.9 201.5 213.3 239.6 252.4 273.8 293.3 305.9 305.7 290.9 270.6 250 229.5 211.3 189.7 172.2 155.1 139.2 125.4 130.4 140.7 153.3 174.4 193.1 220 244.3 261.4 283.5 304.3 325.3 353.3 374.2
425.1 430.6 435.2 432.2 431.6 435.6 439.1 431 414.2 398.8 387.7 366.7 323.5 294.5 266.5 241.2 230.9 237.8 221 202.7 172.6 147.4 130.2 115.9 105 71.1 47.2 10.2 -1 -1 -1 -1 -1 -1 -1 -1 -1 -1 -1 -1 -1 -1 -1 -1 -1 13.3 59.1 69.7 60.6 58 57.4 67.8 98.2 110.5 129.4 149.3 168.5 172.6 177.6 200.5 215 230.8 247.8 265.2 282.1 292.7 279.9 260.6 239.1 218.6 203.2 184.1 168.2 150.4 134.8 119.9 128.2 135.5 151.6 171.6 192.5 221.1 243.4 263 284.7 307.7 329.8 354.7 380
434.9 445.3 446.8 438.7 437.8 439.9 438.8 430.6 411.9 396.6 377.8 361.6 340.2 303 270.2 243.6 267.3 256.7 237.3 212.9 187.8 159.2 129.2 110.6 100.7 75.4 42.2 5.4 -1 -1 -1 -1 -1 -1 -1 -1 -1 -1 -1 -1 -1 -1 -1 -1 -1 -1 22.8 60 48.7 47 49.8 49.2 65.4 79.9 95.1 114.1 133.3 136 161.1 177.6 191.8 207.9 224.1 241.8 262.1 266.7 263.4 251.4 230.8 211 193.1 176.4 160.9 145.2 131.6 118.4 125.2 136.2 152 170.1 196 220.2 241.2 265.3 288.8 313.8 336 365.3 392.3
442.2 443.8 450.9 445.4 442.4 447.5 437.8 436.5 426.6 403.4 376.5 354.9 345.1 314.6 280.7 250.6 282.1 271.9 258.5 228.4 193.8 170.3 137.5 116.8 93.6 71.7 43.4 9.6 1.5 -1 -1 -1 -1 -1 -1 -1 -1 -1 -1 -1 -1 -1 -1 -1 -1 -1 -1 32.6 37.1 41.4 44.6 44.3 41.1 61.1 75.7 94.4 98.6 121.4 151.2 150.2 163.1 186.9 199.5 220.8 238.2 246.4 242.4 235.2 216.6 201.3 183.3 171.2 157.3 140.4 126.2 116.2 123.6 136 149.5 171.9 195.4 221.7 243 265.8 293.4 319.9 343.7 375.1 402.5
458.1 451.6 446.9 445.3 446.1 442.4 439.4 438.5 424.5 406.5 377.5 353.5 335.8 309.3 280.1 280.5 277.1 268.6 267.7 241.8 203.1 168.9 143.8 115.2 101.3 72.8 35.1 18 6.4 -1 -1 -1 -1 -1 -1 -1 -1 -1 -1 -1 -1 -1 -1 -1 -1 -1 -1 10.5 29.9 38.1 38.2 30.1 25.4 34.3 59.1 70.3 76.8 108.9 121.8 130.8 133.7 153.1 168.3 193.2 214.5 219.7 216.5 213.3 202.2 189.4 175.6 162 148.9 134.5 119.4 113.5 121.2 134.3 149.4 169.6 194.8 226.1 242.7 268.6 298.1 326.8 350.2 382.9 408.8
461 461 449.3 442.7 442 435.6 428.4 415.7 404.4 389.8 368.6 346.3 321.4 301.5 298.9 291.4 275.4 256.4 250.2 233.5 196 170.4 145.4 122.6 110.5 74.8 43.8 40.4 20.8 2.7 -1 -1 -1 -1 -1 -1 -1 -1 -1 -1 -1 -1 -1 -1 -1 -1 -1 3.7 24.9 27.2 20 22 17.2 14.7 37.4 42 63.8 89.1 98.2 110.2 119.4 123.7 141.1 170.9 190.5 190.3 190.2 197.5 190.3 181.2 165.7 152.1 139.8 126 112.6 110.6 123.5 135.3 150.6 170 195.2 220.3 241.6 272.8 303.3 331.3 357.5 385.6 411.7
459.9 456.8 448.9 445 442.1 441.3 437 434 425.9 409.3 396.8 358.9 336 317 308.9 298.2 280.2 253.4 231.1 215.5 191.1 164.6 148.7 122.1 108.4 77.5 65.6 61.7 37.5 9.7 -1 -1 -1 -1 -1 -1 -1 -1 -1 -1 -1 -1 -1 -1 -1 -1 -1 -1 1.5 7.4 5.6 8.2 4.8 7.1 13.7 26.3 51.2 63.6 79.5 97.4 102.8 101.9 121.7 152.6 161.1 163 172.8 180.2 177.6 170.9 155.5 140.8 127.5 116.9 108.2 108.6 124.7 136.8 150.8 170.5 193.2 220.4 239 273.9 307.2 332.7 358.3 384.4 412.9
460.8 455.6 448.9 448.8 446.5 448.1 449.6 446.6 440.4 421.7 391.9 370.2 343.7 336.3 317.3 306.7 275.3 248.9 229.7 219.8 188.7 168.6 151.6 124.5 103.4 78.3 91.7 61.8 41.8 24.3 9.6 4.1 1.5 0.6 -1 -1 -1 -1 -1 -1 -1 -1 -1 -1 -1 -1 -1 -1 -1 -1 -1 -1 -1 -1 1.4 1.9 26.6 44 55.5 71.1 73 78.7 104.6 127.6 136.7 140.2 154 162.8 161 156.3 144 129.5 116.7 107.9 99.2 110.2 124.9 134.9 149.4 170.4 194.7 215.3 239.1 276.6 308 331 357.8 385.2 414.8
462.6 456.3 453.8 455.5 453.2 455.8 480.4 475.2 454.4 434.7 410.1 386.2 378.5 360.2 327.6 308 282.8 248.2 228.7 216 195.3 169.8 146 127.8 106.6 97.4 97.9 70.3 53 38.1 23.3 4.8 0.4 2.7 1.4 -1 -1 -1 -1 -1 -1 -1 -1 -1 -1 -1 -1 -1 -1 -1 -1 -1 -1 -1 -1 -1 -1 8.4 29.4 40.4 43.6 51.6 89.1 106.1 112.4 121.9 137.6 137.5 141.2 137.3 132.5 118.4 105.7 88.3 101.2 110.1 123.7 137 148.5 167 191.5 211.4 237.9 278.1 306.3 327.3 355.7 383.6 413.7
449.2 459.4 456.3 455.8 456.7 461.7 487.1 493.6 473.8 451 425.6 400.5 403.7 375 346.7 303.9 275.9 252.1 225.9 208.4 190.5 173 155 134.1 121.9 118.9 99.1 86.2 73.8 52.1 39.1 11.9 3.8 10.4 8.7 6.9 -1 -1 -1 -1 -1 -1 -1 -1 -1 -1 -1 -1 -1 -1 -1 -1 -1 -1 -1 -1 -1 -1 1.6 12.5 22 32.1 58.3 86.4 95.1 101.6 118.7 117.2 118.9 118.6 113.7 105.2 97.3 82 96.2 107.4 121.6 136.1 148.4 164.2 186.6 208.2 238.4 274.2 302.8 325.1 352.8 378.7 410.5
443.3 461 457.2 458 459.1 463.1 472.6 488.8 474.5 459.4 444.7 419.7 413.9 391.9 358.5 325.1 305 273.7 236 208.6 189.1 174.6 162 148.3 138 137.5 122.9 100.5 73.3 60.9 54.2 29.9 9.8 10.5 10.8 8.8 1.2 -1 -1 -1 -1 -1 -1 -1 -1 -1 -1 -1 -1 -1 -1 -1 -1 -1 -1 -1 -1 -1 -1 -1 1.8 11.6 36.4 58.3 64.4 86.6 95.2 98.8 98.6 97.3 96.9 95.4 89.4 78.7 89.9 102 119.6 136.2 149 163.3 182.7 202 235.9 267.2 294.7 321.3 348.4 371.8 404
435.1 453.3 458 464.7 465.8 464.5 466.6 472 460.8 455.3 448 443.9 424.5 402.5 371.8 337 306.2 276.7 248.8 223.2 196.7 173.8 163.9 155.3 149 152.2 143.5 118.8 97.8 67.1 45.9 28.9 14.5 13.8 12.2 10.8 1.6 -1 -1 -1 -1 -1 -1 -1 -1 -1 -1 -1 -1 -1 -1 -1 -1 -1 -1 -1 -1 -1 -1 -1 -1 -1 13.3 32.1 41.9 69 74.9 77.8 78.8 79.1 82.8 85.7 80.3 68.7 74.4 98.8 120.9 136.2 151 165.6 177.3 197 232.5 262 289.2 313.5 342 367.6 399.3
431 445.7 460.4 469.3 472 465.7 465.2 460.2 458.7 452.8 449.4 463.1 440.2 411.7 383.2 350.8 318.4 297.4 278.4 250.4 212.6 184.2 163.4 161.3 157.8 160.9 149.5 128.3 105.2 92.9 55.2 34.2 21 16.9 17.1 12.9 4 -1 -1 -1 -1 -1 -1 -1 -1 -1 -1 -1 -1 -1 -1 -1 -1 -1 -1 -1 -1 -1 -1 -1 -1 -1 -1 6 25.4 41.5 55.5 57.2 60.6 69.1 74.4 75.2 67.5 59.5 75.9 97.4 118.6 134.3 151 165.1 175.1 193.2 225 259.5 281.6 306.5 333 363.3 394
422 443.2 459.2 469.4 472.8 463.3 461.2 462.1 462.7 459.5 461.9 463.2 452.4 415.2 386.5 361.3 326.7 297.6 266.7 253.7 222.3 197.2 173.1 166.3 167.3 170.7 149.6 126.2 101.1 78.1 57.9 38.7 27.3 19.9 20.4 18.6 6.7 0.7 -1 -1 -1 -1 -1 -1 -1 -1 -1 -1 -1 -1 -1 -1 -1 -1 -1 -1 -1 -1 -1 -1 -1 -1 -1 -1 7.1 24.2 34.1 38.3 49.7 60 66.8 65 51.8 62 79.5 96.5 113 129.6 147.4 160.1 170.6 187.5 219.4 252.3 273.5 297.9 327.2 356.8 384.3
420.5 442.3 458.6 469.8 463.4 460.1 460.8 460.8 460.8 461.2 470 467.7 456.5 430.3 387.8 347.9 323.1 279.9 258.3 237.8 216.8 199 177 166 164.7 169.1 149.8 127.1 108.5 95.6 74 49.9 42.6 28.6 28.4 24.7 6.2 1.2 -1 -1 -1 -1 -1 -1 -1 -1 -1 -1 -1 -1 -1 -1 -1 -1 -1 -1 -1 -1 -1 -1 -1 -1 -1 -1 -1 5 19.2 23.5 38.3 49.8 52.1 40.8 54.7 64.8 78.3 93.4 106.4 124.8 143.8 153.4 163.6 182.8 214.3 241.2 262.4 290.6 317.1 346.9 372.5
429.3 437.8 450.6 462 460 462 461.1 460.8 460.8 468.5 478.7 470.4 447.8 419.3 379.1 331.8 295.9 270.7 249.4 231.9 214.7 192.4 173 164.5 160.8 158.1 158.5 139.2 117.8 97.7 77.2 55.2 47.1 38.5 32.6 24.7 10.1 1.9 -1 -1 -1 -1 -1 -1 -1 -1 -1 -1 -1 -1 -1 -1 -1 -1 -1 -1 -1 -1 -1 -1 -1 -1 -1 -1 -1 1.2 8.9 15.4 31.8 36.8 33.7 30.8 52.6 61.3 74.5 88 99 121.2 134.4 149 158.3 175.4 204.2 228.8 254 281.5 310 334.5 363.9
421.5 428.1 442.7 459.1 459.8 465.6 460.8 460.8 460.8 466.7 478.9 470.2 444.7 408.9 374 334.3 298.2 264.6 242.5 223.3 202.6 181.6 166 159.6 159.9 151.5 135.9 144.6 126.7 102.8 82.7 62.4 49.2 51.6 44.3 23.7 12.4 1.7 -1 -1 -1 -1 -1 -1 -1 -1 -1 -1 -1 -1 -1 -1 -1 -1 -1 -1 -1 -1 -1 -1 -1 -1 -1 -1 -1 -1 7.5 9.1 13.2 11.7 21 40.8 51.6 57.9 70.9 78.5 94.5 112.1 126.8 136.7 152 166 191.3 219.6 244.1 270.8 299.4 324 353.4
430.2 427.2 442.5 453.7 464.1 470.2 460.2 460.8 460.8 467.5 471 454.3 427 398.8 369 334.7 306.2 273.8 235.8 214.3 192.4 170 155.5 151.1 150.2 145.7 131.5 108.4 107.8 98.6 74.7 67.7 70.6 70.9 45.9 29.8 16.7 4.5 -1 -1 -1 -1 -1 -1 -1 -1 -1 -1 -1 -1 -1 -1 -1 -1 -1 -1 -1 -1 -1 -1 -1 -1 -1 -1 -1 -1 -0.3 2 10.5 14 27.4 39.4 46.2 54.1 63.5 73.4 93.7 103.9 118.2 127.4 135.4 158.5 179.6 212.1 233.3 257.8 286.4 309.4 338.4
429.9 429.6 437.2 454.2 451.6 472.1 461.3 460.8 460.8 478.9 473.8 455.3 418.8 372.2 341 318.7 294.6 266.8 232.3 206.6 185.8 170.3 158.2 149.8 147.5 142.4 126.3 121 110.7 100.5 97.8 94.5 75.6 59.7 48 34 21.7 3.7 -1 -1 -1 -1 -1 -1 -1 -1 -1 -1 -1 -1 -1 -1 -1 -1 -1 -1 -1 -1 -1 -1 -1 -1 -1 -1 -1 -1 -1 2 7.5 8.9 17 27.2 39.5 50.6 59.4 67.3 82.7 93.1 105.7 115.5 123.6 148.7 169.5 198.1 221.5 244.1 269.5 294.2 320.6
421.4 424.5 431.3 438.6 446.5 460.6 463.9 460.8 471.9 479.5 472.4 440.4 408.3 372 327.2 299.5 281.7 260.8 231.6 208.3 193.8 178 159.6 160.8 169.4 159.9 149.1 132.7 122.5 120 115.3 103.7 93.1 81.7 65.4 48.2 25.5 8 1.7 -1 -1 -1 -1 -1 -1 -1 -1 -1 -1 -1 -1 -1 -1 -1 -1 -1 -1 -1 -1 -1 -1 -1 -1 -1 -1 -1 -1 -1 1.2 1.8 5.1 22.3 30.8 44.7 53.4 63.1 71.9 82 93.1 103 115.1 137.3 161.6 183.8 211.7 231.2 258.4 284.4 303.6
412 423.1 436.4 441.1 450.8 466 471.3 469.3 484.5 487.7 473.3 441.4 402.3 368.5 331.8 303.4 277.1 255.3 230.9 210.6 197.8 184.8 168.9 182.3 195.6 174.8 158.7 146.8 138 130.2 124.1 113.7 111.8 110 90.2 70.6 46.7 29.2 5.6 1.8 -1 -1 -1 -1 -1 -1 -1 -1 -1 -1 -1 -1 -1 -1 -1 -1 -1 -1 -1 -1 -1 -1 -1 -1 -1 -1 -1 -1 -1 -1 1 6.3 24.9 37.6 49.5 56.3 66.3 75 84.7 91.8 98.5 126.5 145.5 164.6 194 219.9 247.2 267.6 292.7
409.4 424 437 438.8 452.2 462.6 468.8 478 486.6 496.1 487.5 459.9 427.4 399.1 352.4 317.8 283.5 255.3 234.8 212.1 197.8 187.5 174.4 197.9 202.2 185 173.7 160.3 154.9 150.5 141.1 139.6 132.2 117.9 105.4 88.4 70.9 55.1 36.9 18.8 3.1 -1 -1 -1 -1 -1 -1 -1 -1 -1 -1 -1 -1 -1 -1 -1 -1 -1 -1 -1 -1 -1 -1 -1 -1 -1 -1 -1 -1 -1 -1 1.9 20.4 30.3 41.8 52.1 57.3 69.7 80 82.5 87.8 104.1 133.7 156.4 182.4 205.4 232.4 257.5 282.4
415.3 426.8 429.3 441.1 450.1 456.6 465.6 482.3 495.2 501.1 495.4 467.1 435.1 403.7 374.6 343.9 316 281.3 252 230.6 226.3 202.5 189.3 205.4 220.3 210.5 200.4 194.4 182.7 168.1 155.7 143.8 138.2 127.7 115.4 97.2 81.2 66.2 48.2 25.7 9.7 4.5 -1 -1 -1 -1 -1 -1 -1 -1 -1 -1 -1 -1 -1 -1 -1 -1 -1 -1 -1 -1 -1 -1 -1 -1 -1 -1 -1 -1 -1 -1 7.8 25.6 33.3 44.8 55.2 60.9 67.5 69.1 77.9 91.9 123.3 140.2 165.1 187.4 219 240 269.1
421.2 420.2 423.4 441.4 448.1 455.1 467.2 491.6 500.1 501.7 499 485.4 456.7 426.2 394.9 372.6 339.2 309.3 285.3 253.3 226.6 202.7 192.7 217.5 248.5 244.5 231.5 225.7 223.9 202.9 177 158 142.3 129.8 111.7 93.6 78.4 64.7 54.6 41.6 21.9 9.5 3.5 -1 -1 -1 -1 -1 -1 -1 -1 -1 -1 -1 -1 -1 -1 -1 -1 -1 -1 -1 -1 -1 -1 -1 -1 -1 -1 -1 -1 -1 2 20.5 29 38 45.5 49.3 54.8 57.9 69 82.8 109.1 131 148 169.3 204.8 229.7 263.1
413.7 415.3 419 436.9 439.4 450.6 465.8 499.5 503.9 515.6 506.8 488.3 457.1 428.2 398.8 371.6 341.4 318.5 295.8 268.3 235.5 207.8 198.5 236.5 261.8 258.9 268.9 260.3 247.5 218.9 189.5 173.2 151.8 132.5 120.9 109.5 90.7 70.7 52.8 39.6 26.1 16.3 9.2 9 -1 -1 -1 -1 -1 -1 -1 -1 -1 -1 -1 -1 -1 -1 -1 -1 -1 -1 -1 -1 -1 -1 -1 -1 -1 -1 -1 -1 -1 8.6 25.6 27.5 31.8 39.1 46.8 51.2 59.3 71.1 92.5 114.6 133.6 157.1 189.9 221 248.4
