data/200000-690000.asc
ncols 200
nrows 200
xllcorner 200000
yllcorner 690000
cellsize 50
[rows 105 to 139 of 200, columns 79 to 157 of 200]
333.5 321.8 306.4 312.4 316.5 323.3 332.1 344 353.4 358.3 357 367.3 373.8 382.4 395.4 401.8 411.2 424 432.8 446.6 453.7 465 466.1 465.5 466.7 459.1 451.3 447.8 449.2 448.9 440.5 441.4 434.2 429.7 426.5 426.2 432.1 439.4 442.9 443.5 443.8 444.8 444.3 431.5 417.8 396.6 373.3 352.9 339.2 320.2 307.2 294.5 281.1 269.9 259.9 249.5 241.4 236.3 232.3 234.6 239.5 244.7 258.1 262.7 273.7 286.9 297 306.8 318.8 329.1 330.9 341.6 352.7 355.7 358.2 361.7 364 365.4 362.7
322.3 301.8 307.4 315.1 320 325.2 331.3 343.3 354.9 360.1 365.4 368.3 379.6 393.1 407.1 410.2 422 426 436.3 448.7 457.3 465.8 468.3 469 467 459.9 453.2 452.6 454.4 450.7 446 446.6 444.2 439.4 438 431.5 436.4 442.6 447.9 449.4 451.7 444.5 444.3 424.5 404 387.2 365.9 345.3 329.9 316.3 303.4 290 279.1 268.5 257.7 247.7 236.1 233.5 232.8 237.7 241.9 245.6 254.6 266.5 270.8 281.9 296.1 309.7 319.8 325.3 331.4 342.7 351.1 354.5 356.6 360.8 362.8 361.9 356.6
302.3 291.2 303.2 312.9 322.5 326.3 329.2 341.5 353.2 362.2 367 379.9 382.8 401.2 412.7 417.8 426 435.2 439.8 449.1 456.7 465.6 472.3 472.1 471 462.5 454.9 455.4 460.1 455.3 450 448.7 449 451.7 445.6 438.2 436.5 444.9 446.7 443.8 442 434.1 424.8 405.1 394.5 377 353.7 339.6 324.6 311.8 297.3 287.7 278.4 268.3 258.8 246.5 235.8 232 233.1 238.8 242.2 246.9 256.5 263.3 271.4 284.6 297.3 307.4 318.6 327.9 332.5 341 347.7 352.6 356.5 359.2 360.2 357.1 354.4
290.8 290.6 298.4 306.4 318.5 323.1 325.8 336.9 348.2 363.1 372.5 386.9 394.8 402.9 412.9 426.1 430.9 441.6 445.6 449.4 461.8 466.4 477.3 475.6 475.2 465.1 461.1 458.4 461 456.9 454.5 454.4 453.3 459.6 454.9 444 434.5 440.4 443.3 444.1 439.4 426.3 407 391.5 377.6 362.5 346.3 332.8 318.2 307 295.9 285.6 278.5 269.4 256 245 235.5 227.4 233.3 238.4 242.6 247.2 254.7 260.5 270.1 283.6 297.1 306.4 318.5 330.6 335.9 342.9 344.7 350 354.5 355.8 355.4 353.7 351.8
284.3 286.7 294 302 311.5 318 324.6 339.5 353.1 363.6 377 392.7 403.6 407.5 418.3 431.5 439.7 450.7 454 455.2 462.6 472.3 482.7 479.2 476.3 467.8 462.7 464.6 465.6 463.6 460.1 459.9 454.5 462.3 461.5 444.7 433.5 429.9 439.2 443.4 439.8 420.1 402.4 383.4 367 350.8 338.1 325.8 311.9 300.7 293.7 285.1 278.8 266.6 252.4 243.8 230.9 225.1 236.9 239.8 242.4 248.3 255.6 261.2 274.7 281.8 298.5 308.1 318.8 333.4 336.1 343.3 347.3 349.4 353.3 354 354.9 351.7 351.6
278.8 282.9 289.5 296.8 308.5 317.9 329.2 342.7 355.4 368.4 382.4 400 410.7 419.2 428 435.8 448.3 456.9 462.2 460.5 465.2 477.3 486.5 482.9 477.1 469.2 466.2 468.3 472.8 471 466.9 466.3 455.3 460.3 460.7 451.6 432.9 424.7 432.7 435.1 430.6 408.9 389.9 371.5 354.5 342.9 328.2 316.4 307 297.3 296.1 289.9 278.5 262.1 250.5 239.8 221.4 229.8 234.3 237.6 243.6 250 257.1 264.4 280.5 288.5 298.7 306.6 319.5 330.2 336.6 342.1 348.5 350.9 354.1 355.4 352.2 351.3 352.5
278.7 280.5 286.7 297.5 308.3 319.9 332.8 350.8 365.2 374.4 388 411.5 420.9 429.4 433.4 440 452.9 460.4 467 467.5 467.1 477.7 487.4 487.3 482.7 471.9 467 473.5 475.6 477.5 471.7 468.2 454.9 453.7 451.8 453.4 434.7 418.1 421.5 422.2 419.6 397.4 373.4 357 344.4 333.7 321.1 311.9 307.2 302.3 292.5 285.2 272 263.1 248.7 233 211.9 228.2 231.6 235.6 243.4 249.7 258.1 267.4 282 290 303.2 309.8 322.1 329.5 337 341.7 347.3 351.5 352.7 353.6 351.8 351.7 354.8
279.8 282.6 290.5 303.5 311.3 319.9 337.2 357.3 370.6 376.6 394.3 415.8 427.6 437.2 444.3 446.6 453.9 462.3 473.3 473.9 471 479.5 485.5 490.4 485.8 473.2 469.5 480 478.9 483.5 470.9 461.6 454.1 449.5 445.6 446.8 427 409.8 409.5 408.4 398 374.1 358.8 349.7 339.9 329.2 319.5 312.5 312 300.1 289.8 278.2 267.1 254.7 239.4 227.3 214.5 232.1 234.8 240.4 245.7 248.6 260.7 273.4 286.4 294.6 301.3 316.3 321.7 333.1 338.8 342.7 348.4 350.8 351 352.4 351.3 352.2 355.1
279.7 282.6 292.2 308.2 318.1 331.1 345.2 356.4 373.1 377 396.4 413.3 433.3 439.4 448.6 450.5 453.1 462.3 477.6 480.3 480.7 479.6 486.2 495.6 482 473.9 474.6 483.7 484.3 485.8 467 453.7 452 445.6 443.1 438.7 422.2 400.6 390.6 390.5 383.1 371.2 356.5 344.9 335.2 325 316.8 313.1 308.5 294 284 270.8 259.3 245.5 233.8 220.1 221.2 229.2 238.1 244.4 247.5 254.3 262.9 274.7 283.4 299.7 310 318.2 324.4 333.5 339.3 343.3 347.9 351.5 351.4 351.2 351.2 352.9 356.8
278.9 282.9 292.4 305.4 319.2 337.9 352.3 369.5 374.1 381.2 389.7 407.9 423.9 437.3 448.6 454.4 457.5 463.8 478.8 485.1 485.8 487 493.8 495.4 484 476.6 483.8 486.9 492.9 484.9 466.6 448.6 445.8 438.1 437.8 436 419.9 392.8 379.6 382.6 375.4 369.8 353.1 340.4 331.5 320.4 313.7 314 302.1 289.1 279.4 262.9 249.1 233.4 227.5 201.7 221.7 228.9 236.6 243.5 250.5 257.9 267.4 277.7 291.4 302.9 309.3 315.8 326.1 333.6 337.7 341.1 344.9 350.6 351.3 350.2 351.8 354.1 354.2
279.1 283.9 293.7 303.5 319.3 337.7 354.6 375.7 374.3 387.5 397.6 413.3 416.9 426.5 439.5 452.6 458.6 469 471 481.1 484.5 487.7 493.4 493.7 485.9 482.3 491 491.5 489.1 476.7 456.8 439.3 430.7 424.6 423 426.5 403.4 385.6 373.1 371.1 363.2 355.3 345.2 336.4 325.1 313.5 313.6 314.6 296 281.8 268.9 255.6 240 227.7 216.8 206.1 222.3 231.6 240.3 245.8 254.4 262.9 271.5 281.1 297 312.2 319.7 325 333 337.9 343.3 346.6 349.8 347.9 347.1 350.1 352.2 354.7 356.5
279.5 285.3 295 303.1 319.4 338.7 356.9 371.1 373.6 388.9 400 419.5 434.2 438.3 442.1 451.2 459.2 467.1 470.5 473.7 484.6 488.7 490.1 490.7 488.5 489.7 496.5 492.9 487.4 466.9 445.2 427.2 418.4 411.7 408.3 402.5 391.1 379.8 369 356.2 352.4 344.6 338.8 328 314.1 312.5 313.6 306.1 285 272 261.9 248 232.5 221.1 204.1 210.5 225.7 233.9 239.2 247.7 255.2 271.2 279.3 288.7 307.1 316 320.8 328.5 336.5 342.5 343.7 347.7 350.8 351.1 354.1 353.3 353.1 357.5 359.8
283.8 290.6 297.7 305 318 339.1 358 364.8 373.4 387 399.8 421.1 441.1 449.1 459.5 460.1 457.5 461.6 466.8 469.3 479.3 489.7 487.6 484.1 483.8 496.8 499.5 493.5 490.2 459 441.8 430.1 414.3 404.6 398.6 392.8 389 375.8 363.1 352.5 348.7 340 329.3 317.3 309.9 308.2 304.2 290 272.5 261.4 253.7 238.9 222.1 211.6 197.9 214.8 226.5 236.3 241.4 251.2 262 272.5 278.5 294.8 309 320 329.2 333 337.7 343.5 347.5 347.1 350.1 352.7 353.5 356.4 358.3 360.6 362.2
288.2 293.5 302.2 310.9 320.6 338.6 355.7 355.3 375.7 383.3 400.1 421.4 439.9 450.1 465.8 472.6 474.1 470.6 475.5 472.1 475.8 481 479.6 479.2 480.9 498.8 498.9 486.3 474.7 451.6 433.1 425.1 412.2 403.5 398.7 392.4 382.3 371.1 358.7 337.7 340.7 334.4 315.8 310.3 308.6 298.6 287.6 274.1 262.5 260 245.1 226.7 214.6 199.6 211.2 219.3 229 235.8 246.2 256 269.7 281 292.6 304.4 315.7 327.3 333.9 341 344.2 347 350 351.6 352 354.2 354.7 357.9 361.5 362.7 361.4
290.1 296.3 307.8 317.9 323.5 336.9 351 354.2 369.7 383.2 403.3 422.6 440.1 460.6 470.9 478.9 480.7 482.3 486.7 483.1 481.8 481.6 479.2 478.5 483.3 493.9 484.1 472.1 458.5 443.4 423.9 418.2 408.1 403.3 400.3 393.5 381.1 369.6 353.4 325.4 335.9 323.6 306.8 308.1 305.2 286.4 268.2 266 253.4 245.6 229.3 214 207.1 195 216.7 224.1 232.6 241 250.8 261.9 274.2 288.3 300 312.9 326.9 329.9 336.1 343.5 346.4 350.1 352.4 353.3 353.3 354.6 356.4 359.5 363.1 365.4 362.9
291.5 300.4 310.5 318.9 325 337.6 345 352.5 367.9 386.5 409.5 424.3 438.2 459.8 472.7 481.3 485.5 490.5 492.9 491.3 491.4 487.6 480.3 484.7 483.6 475.8 464.1 456.2 441.7 431.8 420.2 414.4 404.8 401 399.2 391.5 379.7 366.8 350.8 329.9 319.6 307.9 300 306.1 295.3 277.7 262.2 253 242.2 234.8 216.8 207.7 194.2 205.1 219.9 230.1 239.4 248.1 256.3 264.1 280.9 294.4 306.2 320.3 334 335.1 340.4 345.1 347.8 351.2 354 354.2 354 356.1 358.3 362.6 365.6 367.7 366.1
297.6 302.8 312.9 318.3 324.9 338.2 342.5 360.6 372.9 387.6 408.1 426.3 440.8 458 477.9 481.7 488.7 494.1 499.1 501.4 495.9 492.4 476.9 487.6 476.5 464.6 453.5 448.1 440.8 431.2 421.5 411.3 404.1 399.3 397.5 386.3 376 364.5 348.4 329.1 305.1 289.1 298.7 301.3 286.1 267.5 248.7 241.6 232.3 218.8 208 201.9 189.1 209.9 220 232.9 239.7 248.7 259 272.2 287.4 301 312.8 327.1 334.8 337.4 344.7 347.2 350.4 353.3 355.3 355.1 354.9 357.7 360.4 364.7 369.4 369.7 369.8
302.8 308.8 314.9 318.5 322.2 333.7 348.2 363.9 379.8 393 407 425.9 442.5 459.1 475.8 482.1 491 496.1 501.1 506.9 498.2 487.7 476.6 481.1 469.9 459.1 443 438.3 434.7 429 424.5 413.1 402 394.9 390 380.3 372.6 357 336.6 319.2 293.8 270.8 293.9 285.5 269.5 251 234.7 226.9 218.6 204.6 200.1 199.2 192.7 213.9 224.9 236.2 245.5 255.3 264.8 281.3 298.4 309.4 316 331.2 335.8 342.9 346.4 349.2 350 354.3 356.4 357 355.9 359.2 361.9 368 370.4 371.9 371.9
307.6 314.1 318.8 323.9 330.3 342.9 357 370.3 383.9 395.5 407.3 423.5 443.9 463.2 476.8 484.1 490.4 496.6 502.4 505.9 493.1 473.2 477.9 472.8 462.3 448.3 441 434.5 429.9 427.4 424.9 415.9 408.6 399.2 383.4 377 364.7 347.2 325.2 308.2 274.6 268.1 280.1 272.2 255 233 220 210.4 200.9 196.5 196.3 187.7 200.2 213.1 227.9 240.4 251 261.4 274.7 285.4 303.4 318.9 319.3 325.9 335.9 343.4 348.5 351.4 354 355.5 358 357.8 357.1 359.9 365.3 370.5 372.7 373.8 375.1
311.1 319.1 324.4 328 335.7 350.4 361.7 377.7 390.9 398.4 412.2 427 446.9 462 475.1 484.5 488.8 494.4 501.2 499.4 481.6 467 466.8 464 458.8 446 436.3 431.7 429.9 429.5 426.2 418.1 411.6 402.9 388.8 373.5 351 331.9 310.9 295.4 271.7 253.1 231.2 256.8 238 214.6 202 194.6 189.8 191.4 191.6 188.6 204.5 220 233.9 245.6 252 264.8 280.6 295.3 307.6 319.5 327 332.1 337.8 344.4 350.5 354.5 356.2 356.7 358.6 359.3 359.7 364.8 368.3 371.6 375.4 375.8 376.6
311.9 320.2 327.4 335.1 343.3 353.5 369 381.8 394.7 406.5 420.4 433.1 451.1 464.2 476.1 484.5 488.7 493.9 494.9 493.4 468 463.5 463.9 453 439.9 437.6 432.8 431.2 428 424.7 420.9 415.2 409.3 400.6 385.1 369.5 347.7 326.7 304.5 287.3 273 253.6 231 216.8 209.9 196.8 191.6 185.1 186.4 184.9 176.9 191.2 207.5 226.5 236.5 247.1 261.1 273.8 284 299.8 314.5 324 330.8 338.3 343.8 348.3 353 355.9 357.6 359.1 359.7 361.1 362.2 363.5 367.7 372.9 376 378.5 380.2
314.6 322.3 329.4 340.1 350.2 361.2 376.3 384.2 400.7 413.9 428.8 437.9 457.7 468.5 475.3 480.9 486.2 488.1 487.9 481 459.3 459.5 453 450.8 432.8 429 433.2 428.3 423.3 418 411.2 409.4 400.8 396.5 376.2 360.5 336.7 312.6 292.9 276.4 256.5 238.2 223.7 203.8 187.5 189.3 183.3 179.1 178.2 181.3 183.8 194.6 211.6 228.8 243.6 251.7 270.4 281.2 295.8 308.5 316.4 327.5 333.8 341.5 346.7 350.7 353.9 357.4 359.8 360.8 361.6 363.7 365.1 366.5 369.7 373.9 378.8 380.7 383.7
318.6 326 333.4 344.8 355.8 368.1 380.5 393.5 407.7 420.3 433.4 446.8 460.6 469.6 474.2 478.3 481.2 482.2 482.9 466.1 453 452.2 441.9 432.2 427 424.2 423.3 426 415.5 407.1 401.9 399.6 390.1 384.1 365.1 349.2 331 299.6 280.5 261.9 242 225.3 211.1 192 177.3 178.1 174.2 171.3 169.1 180.1 187.9 198.5 211.2 227.4 242.7 259.6 275.9 291.2 303.1 312.8 322.2 331.1 336.5 342.1 346.6 351.1 354.8 358.7 361.9 363.4 364.4 365.4 367.2 369.2 372.2 374.4 380.4 382.5 385
318.8 327.4 336.8 349.4 361.8 374.5 388.5 404.1 414.9 426.7 439 452.5 463.7 470.2 475.5 479.4 478.3 478 476.1 453.1 449.2 439.5 425.6 425.6 423 423 418.4 411.6 403 395.5 391.1 391.1 375 363.5 353.1 342.2 312.7 287.6 271.2 250.5 231 213.2 195.9 181.3 171.7 167.8 164.7 167.4 173.5 184.1 192.2 204.4 223.3 233.6 248.4 267.2 282.2 295.9 307.8 316.2 325.1 332 336.2 341.6 347.4 351.5 355.4 361.3 364.8 365.9 368.2 367.7 368.7 371.9 375.2 377.8 381.1 383.5 387.1
320.3 327.9 338.7 352.6 367.6 384.4 398.3 411.4 421.6 432.6 442.5 452.9 467.8 470.4 474.7 478.8 473.8 475 467.7 441.4 433.7 424.1 420.3 422.7 416 415.3 407.5 397.4 390.1 384.8 380.2 375.1 368.2 360.7 341 327.6 293.8 278.8 262.1 240.8 218.2 199.5 180.8 165.9 162.4 154.6 151.8 168 174.4 180.4 192.4 203.4 220.3 240 258.3 278.2 292.8 304.3 318.2 323.7 326.2 332 334.7 339.6 347.7 352 356.7 365 365.7 367.5 369 371 371.7 374.9 378.6 381.1 382.9 386.3 390.3
322.2 330.8 343.1 355.4 372.3 389.2 402.2 414.4 423.6 434.2 444.9 453.2 463.8 469.4 471.2 476.1 467.9 466.1 451.8 430.3 422.1 418.5 414.6 410.4 406.9 396.3 390.3 384.4 380.5 377.4 373 371.6 362.8 349.2 327 293.6 275 259.8 247.6 230.7 209.5 186.2 167.7 157.1 151.7 144.1 156.4 167.6 176.5 185.7 200.1 214.7 233.6 247.8 261 286.7 298.6 305.6 318.9 327.7 333.3 337.3 341.4 347.1 350.2 355.9 358.8 364 368.1 369.3 371.2 373.5 376.1 379.2 382.2 383.8 385.6 389.6 394.4
322 333.9 347.5 364.4 378.4 392.9 402.9 413.3 428.2 438.6 449.7 457 460.3 462.6 467.7 466.4 458.5 452.8 433.4 414.6 409.8 411 403.3 399.1 392.7 385.6 378.9 374.8 374.9 373.6 364.8 362.7 342.5 329.3 295.1 274.4 261.3 246.1 231.9 219.3 194.8 171.3 153.7 148.6 141.6 148.8 158.8 169.4 182.7 194.2 205 225.6 242.3 257.9 270.6 289.6 299.4 308.4 319.2 329.2 336.1 339.3 344.4 347.6 352.6 358.1 362.7 366.7 369.1 373.2 375.5 377.2 378.2 384.5 387.4 389.2 392 395.4 399.7
317.2 333.9 347.7 363.9 381.2 398.3 406.4 414.2 434.4 444.4 449.6 454.9 457.2 457.6 460.2 453.7 453.5 445.8 417.3 404.1 397.3 399.6 394.4 388.1 384 379.4 374.8 367.2 369.8 364.9 354.9 338.9 316.6 288.5 268.4 257.6 243.9 228.4 215.9 200.5 178.1 155.8 147.1 139.2 138 152.6 165.5 174.8 183.7 203.7 223.7 236.7 250.9 267.4 281 292.2 306.1 312.2 324.7 334.7 339.8 343.6 347 350.9 356.4 363 366.2 368.7 372.2 376.5 379.5 380.5 383.1 386.8 389.5 392 395.7 399.2 403.6
315 330.8 347.5 364 382.7 403.2 412.2 416.7 433.4 446.7 453.4 448.2 450 453.8 449.1 443 440.8 421.2 402.8 394.2 389.1 387.7 383.5 377.2 373.2 369.8 363.2 359.4 359.6 355.6 340.9 326.3 302.1 267.1 249.6 238.8 222.1 208.1 196.4 181.8 161.7 147.2 137.9 133.2 142.4 155.2 169 179.6 194.9 212.3 228.9 245 259.7 273 281.4 297.4 311.9 319 324.3 335.1 340.9 346.2 348.6 354.2 359.9 365.3 368.2 370.2 376.3 380.4 382.3 383.7 385.7 389.4 391.7 395.2 399.5 403.3 406.2
309.9 334.6 349.1 363.6 382 399.3 407.4 418.8 431.3 447.7 449.4 441.7 444.9 443.9 435.8 430.4 424.4 403.3 391 388.6 383.2 376.7 374.5 372.1 356.5 352.8 348.7 351.3 337.6 325.9 324.4 301.4 272.3 250 232.9 218.9 203.2 190.6 177 161.9 144.7 135.4 131.6 137.4 149.8 164 175.2 189.7 204.6 223.7 241.6 254 267.6 282 291.6 299.7 309.9 323.4 328.5 338.6 343.9 346.5 351.3 357.3 363.9 367 369.9 371.5 379.5 383.1 385.2 387.9 390.1 393 394.7 398.4 402.5 405.8 408.3
313.7 333 348.5 362.8 375.4 389.7 406.2 421.6 428.9 440.4 437.7 437.4 437.5 431.6 424.1 416.2 404.8 390.4 383.3 383.5 376.3 363.1 363.5 358.4 340.7 334.7 331.5 321.8 304.7 294.2 282.5 267.5 245.9 228.9 214.6 200.2 187.6 176.1 161.9 143.2 133.6 130.8 134.2 141.9 154.7 169.6 182.9 197.1 212.4 229 249 264.1 270.9 286.9 298.3 308.6 317.1 324.4 335.6 340.1 347.3 350.4 354.3 361.5 365.9 367.7 371.6 376.6 382.5 384.9 386.9 390.2 393.4 395.4 398.2 401 404.6 407.4 409.9
310 328.7 348.4 360 373.6 385.7 403.7 421.9 427.1 429.8 429.2 432.1 431.3 418.7 409.2 399.9 392.3 381.9 376.4 375.4 367.8 357.1 347.1 338 323.5 311.7 301.5 290.6 278.9 267.9 256.8 239.6 223.4 209.8 194.3 176.8 171.6 161.8 141.3 132.9 128.2 131.6 136.3 142.8 154.1 175.5 191.6 209.1 226.6 247 257.3 268.2 283.5 293.5 302.4 310.8 322.1 330.5 337.5 342.9 350.1 355.2 361 365.9 368 370.5 375.1 381.1 384.6 386.4 389.1 392.4 395.7 398.2 400.4 403.4 406.5 409 410.5
304.8 326.1 345.7 358.3 372.1 383 401 413.7 421 419.1 419.7 422 420 407.1 399.2 388.1 382.1 373.5 370.8 366.3 355.1 346.2 328 316.2 304.6 294.8 281.1 267.4 254.4 243.6 231.9 217.5 204.2 191.8 175.9 164.3 156.3 142.3 131.2 127.3 126.8 133.4 140.9 151.7 159.8 186.1 204.5 222.7 239.7 259.2 270.9 280.7 291.9 299.7 304.2 315.7 326.1 334.3 341.5 347.4 353.9 361.3 367.3 370.6 371.9 375 380.8 385.9 388 389.6 392.6 394.8 397.4 400.3 402.6 404.5 406.7 409.4 409.7
300.5 322.5 338.6 352.3 367.4 378.4 394.7 409.3 412.9 414.1 412.4 410.1 405.7 392.9 386 380.8 374 366.7 359.5 351.2 340 326.4 306.8 295.1 286 275.1 255.9 245.8 234 222.3 210.4 198.5 190.7 175.3 160.2 153.2 137.3 130.7 124.9 125.3 131.6 142.8 154.1 165.7 177.6 189.3 204.8 233.5 248.2 266.6 284.1 290.1 300.4 310.4 317 323.4 328.9 337.2 345.7 352.2 359.1 365.7 371.1 374.8 375.6 380.3 385.3 388.4 390.5 392.9 395.3 398 399.7 402.7 404.9 407.4 409 409.6 409.2
298.9 316.9 330.8 348.6 362.5 376.9 395.4 406.9 408.9 410.2 405.4 396.7 390.8 383.6 377.8 374.6 367 359.7 348.7 339.4 324.8 309.5 285.4 268.4 265.4 250.3 237.6 226.5 214.3 202.4 188.3 184 174.7 154.7 147.1 136.2 130.8 127.3 125 131.6 139.7 151.8 168.4 179.9 194.9 210.6 225 241.1 264.3 276.7 288.7 298.3 309.3 319.7 326.7 331.9 337.9 342.9 349.6 355 362.3 368 373.5 376.2 380 384.6 387.8 390.1 392.6 396.6 398.4 401 402.1 405.3 407.7 410.4 411.5 409.8 409
