data/200000-830000.asc
ncols 200
nrows 200
xllcorner 200000
yllcorner 830000
cellsize 50
[rows 140 to 174 of 200, columns 78 to 155 of 200]
428.1 425.4 425.2 426.9 428.5 429.5 428.9 428.9 433.9 441.3 448 457.5 468.4 482.1 509.7 530 565.8 587 573.5 580.8 604.7 637.6 675.1 717.9 756.5 792.8 821.7 847 835.9 804.4 772.5 751.6 738.5 725.6 708.7 694.7 677.9 664.9 655.3 653.7 656.4 668.9 697.5 728.3 768.5 821.9 836.3 830.8 829.5 827.8 820.9 822 822.9 827.7 830.9 828.9 826.2 822.3 816.3 808.7 803.7 798.1 748.3 695.8 660.7 624.8 598 568.2 542.3 516 492.3 470.4 449 429.5 412.1 397.5 384.5 376.4
430.3 428.2 428 428.1 430 431.7 432.7 436.5 443.4 452.4 462.8 472.4 486.5 507.6 533.6 558.3 588.9 607.7 597.7 597.2 618.4 644.7 685.3 727.3 762.2 800 831.1 852.8 842.3 817.6 784.8 763.7 742.3 719.5 702.4 691.6 681.6 680.2 677.9 676.6 676 690.3 718.2 746.5 787.6 830.1 826.2 822.7 816.2 815.5 810 807.9 809.4 814.5 817.2 817.5 815.5 811 803.1 794.2 789.4 777.1 737.1 679.7 639.3 605.2 577.8 550.5 524.2 496.4 473.7 455.1 436.8 422.2 406.6 393 383.4 374.3
433.2 431.4 429.6 429.4 432.2 434.4 436.7 442.6 451.3 462.6 475.5 492.6 513.2 540.8 564.5 593.4 610.9 616.9 616.9 621.6 641.3 660.9 699.8 733.9 770.3 803.8 836.9 854.4 843.1 813.1 781.6 763.9 741.5 715 699.3 689.7 695.7 694.9 696.3 692.1 699.7 714.7 735.3 768.5 810.1 826.7 819.5 812.4 803.4 798.6 794.4 794.7 796.5 798.5 804.5 805.7 803.4 797.5 790.3 781.2 770.4 753.3 710.8 661.1 624.4 588.2 558 531.6 505.9 482.3 462.4 443.5 427.6 414.7 398.8 387.7 379.6 373.6
437.4 436.7 432.4 430.9 433.8 437.3 440.1 448.8 460 474.1 491.5 515.9 547.5 577.5 600.3 623.5 627.8 628.3 629 635.6 655.1 683.4 717.5 744.7 779.1 811.6 844.2 861.3 844.6 812.6 782.4 759.3 737.6 716.1 703.5 698.7 707.3 704.4 716.1 721.3 731.9 744.7 763.9 795.6 827 828.1 819.4 805.7 793.2 781.6 779.3 779.8 781.5 781.7 788.1 792 789.6 784 777.1 766.7 748.3 719.3 681.4 636.2 600.3 568.1 539.8 512.8 488.4 468.4 451.1 432 417.6 402.7 392.2 385.1 376.6 371.1
441 440.6 435 432 436.6 440.8 444.5 457.3 470 485.5 511.5 545.3 578.1 605.4 636.1 646.6 640 641.7 649 655.4 667.6 696.8 728.9 755.1 785.3 819 850.1 866.4 849.7 813 784.8 758.3 742.3 732.2 713.4 708.1 713.7 724.6 731.7 746.4 763.9 773.8 791.2 813.7 841 831.8 820.5 796.1 774.4 764.2 767.8 766.5 765.3 764.8 771.9 777.3 774.2 770.3 762.5 750.3 729.2 673.5 648.6 615 580.8 548 522.9 498.5 477.3 458.1 441.5 423.2 408.4 397 389 383.4 375.6 369.9
447.5 445.6 440.1 435.3 439.8 444.9 452.8 466.7 484.8 505.2 536 574.1 598.3 634.1 668.1 669.3 666.5 656.4 663.7 669.2 685.2 713 737.9 767.5 798.6 831 859.6 874 857.8 819.3 791.5 768.4 754.6 750 725.1 720 725.4 735.6 750.6 774 795.1 808.9 822.6 848.4 852.3 832.1 803.4 776.1 755.8 749.3 749.1 749.7 747.2 748 755.5 760 754.3 750.5 742.9 730.2 702.6 659.1 627.4 590.4 563.4 533.7 508.1 486.8 466.7 449 434.2 417 402.1 392.5 385.8 379.7 374.6 366.9
453 448.4 442.4 437.1 443.4 450.4 460 476.3 496.4 523.7 559.7 590.1 617 656.7 693.4 697.9 682.8 676.5 686.8 694.9 698.6 720.6 749.1 778.9 813.3 844.7 867.1 882.7 871.3 838.5 812.3 790.1 769.8 757.2 747.3 752.1 755.9 763.4 783.8 801.3 825.7 848.2 867.3 870.4 850.1 817 792.8 769.7 753.7 739.6 737 732 729.3 727.2 732.7 737.5 731.6 728.1 721.8 708.2 690.4 651.3 614.5 580.7 548.9 526.3 501.4 478.3 459.4 443.2 428.7 415.2 400.7 390 384 379 369.5 367.8
456.8 448.3 443.1 440.9 445.8 453.9 463.8 485.3 507.7 546.1 580.3 606.1 636.5 671.1 706.9 715.5 703.8 701.9 716.5 715 721.8 737.6 764.6 794.3 824.5 847.7 868.3 882.1 887.4 860.4 836.6 812.6 796.5 784.8 777.5 786.3 788.7 793.8 815.8 831.6 852.5 877.2 882.7 874.8 842.1 807.7 787 768.6 746.5 733 725.4 718.2 710.5 709.2 710.8 705.3 702.7 705.6 697.1 688.2 677.1 642.8 601.1 567.5 537 512.9 492.1 473.4 454.8 440.1 426.4 413.5 399.6 389.9 381.9 374.8 372.9 371.5
460.8 451.2 445.6 443.9 451.3 459.6 473.1 494 521.5 557.6 590.6 617.8 651.4 685.5 724.2 739.7 736.6 734.2 744.4 749.1 760.4 766.7 784.8 808.4 832.8 852 865.9 881.5 890.3 887.7 864.8 848.2 836.8 824.1 821 824.1 825 832.1 853.2 873.5 887.7 889.1 883.7 873.8 838.6 812.3 780.1 758.3 740.4 725.1 714.6 703.5 686.7 689.1 679.6 678.2 682.4 678.6 679.9 672.4 662.8 641.3 602.6 558.4 528.6 504.3 483.1 464.9 447.1 430.1 417.9 405.6 394.7 387.4 386.6 385.3 379.8 379.9
462.4 454.1 449.6 447.7 456.4 466.9 485.3 509.2 537.5 570.1 600.4 636.4 665.7 696.6 733.1 755.1 760.9 765.4 776.1 779.1 784.1 792.4 800.4 814.6 834.5 847.8 859 875.7 882.1 884 885.4 877.9 872.9 864 864.7 861.4 860.4 878.2 890.7 893.7 891.9 888 881 870 838.6 806 771.7 755.1 726 708.6 698.3 680.9 665.8 663.7 659.9 662.9 662 658.4 663.7 658.6 650.6 633.9 593.3 550.4 523.2 497.9 476.4 457.2 440.4 426.5 418.4 408 397.2 397.5 399.1 393.1 387.8 385.5
464.5 456.1 451.7 451.8 462.6 478.5 498.3 518.9 549.6 579.9 612.3 652.4 687.9 715.6 732.9 747.8 757.4 770.3 786.2 789.4 798.6 806.9 812.6 821.9 828.5 837.3 846 859.6 865.6 869.4 872.1 872.6 874.8 877.5 887.2 890.5 896.5 899.6 896.1 892.1 887 882 877.1 867.6 833.4 800.9 768.7 744.9 726.3 709.9 693.5 669.4 653.3 646.3 643.1 646.4 646 645.4 646 638.6 628.4 616.4 580 544.3 513.5 492.5 473.1 458.3 446.8 433.1 423 409.8 413.3 414.4 410.6 403.6 398.4 396.7
468.5 457.7 452.6 458.4 470.4 488.2 507.4 531.7 561.5 589.2 620.6 663.6 708.9 716.5 724.5 738.1 746.1 762.7 773.7 781.5 791.6 800.7 808.8 813.1 817.6 825.9 835.3 842.2 848.9 853.8 856.6 862.7 867.2 873.3 882.9 889.4 892.7 892.9 890.4 886.1 881.7 876.8 871.6 863.5 830.3 798.3 774.4 750 726.3 708.1 697.9 678.6 658.2 638.1 632.9 635.8 636.9 634.5 631.2 615.4 604.9 594.9 568.8 541.7 507.8 488.4 470.9 453.9 438.9 427.8 424.9 427.8 425.3 421.1 415.5 413.8 414.5 410.6
468.5 458.7 454.3 461 474.1 491.4 509.7 533.1 566.9 601.9 639 691.1 702.3 710.7 717.8 726.4 735.1 752 761.2 768.6 777.3 791.1 795.2 801.4 806.5 812.6 818 823.3 829.6 835 841.1 851.7 861.7 869.6 878 885.1 886.5 885.7 882.8 878.5 874.2 868.5 863.1 857.5 835.7 805.9 782.9 764.2 739.9 711.6 690 670.3 642.7 625.2 620.1 623.2 624.8 616.6 608.3 597 594.2 574.6 555.5 532.7 511.9 486.1 464.8 441.9 443.1 447.7 448.6 450.7 438.9 433 428.1 427.9 430 426.1
466.9 460 456.7 462.7 474.6 493.9 510.3 536.9 575.6 608.3 653.3 687.1 690.7 698.6 710.2 720.3 732 743.6 752.2 758.8 768.8 779 783.2 786.4 789.8 795.9 799.8 804.4 809.1 815.2 829.5 844.5 857.3 867.5 875.3 878.2 879.6 878.4 875 870.7 866 860.4 856 850.8 843.9 823.8 794.4 776.6 749.6 725.9 695.8 660.8 635.9 616.1 612.5 604.1 603.5 598.6 587.8 576.4 568.9 553.3 537.2 519 501 480.7 450.6 463.8 467.1 469.7 479.4 465.9 453.9 446.2 445.9 449.6 455.3 438.7
466.4 463 459.2 465 477.1 492.6 517.4 555.9 588.5 615.9 659.4 674 681.3 689.9 700.9 715.9 727.8 739.1 745 749.5 759.1 764.3 766.9 769 773.2 777.4 781 782.4 786 802.4 823.5 839.4 852.4 862.6 868.3 869.5 872 871.7 867.4 862.1 857.3 852.5 846.5 841.3 837.2 830.1 818.3 793.6 762.1 742.2 712 665.2 630 612.1 599.9 591 587.6 582.2 572.7 559.9 540.4 526.6 520.8 503.9 481.3 479.3 483.3 490.6 494.1 493.4 484.7 480.5 473.8 466.8 466.7 463.1 455.1 441.1
469.2 464.3 462.2 467.4 477.1 492.1 521.5 559.8 592.8 625.1 647.4 662.2 673.9 682.9 698.3 713.8 724.2 727.8 734.6 740 749.2 751.5 752.2 754.9 756.6 759.4 759.5 765.6 785.8 807.6 824.3 836.2 847.7 855.2 860.2 863.6 865.2 863.7 859.5 853.5 848.9 843.8 837.1 833.6 828.8 823.6 817.2 803.5 770 748.4 719.5 684.2 642.3 618.8 601 593 583.7 574.2 566.7 564.3 552.1 530 511 492 502.7 507.8 509.3 510.3 501.6 493 489.6 489 494.5 485.4 476.3 461.9 446.7 429.5
470.3 465.5 465.1 469.5 477.8 490.8 516.1 550.1 584.9 611.7 635.1 651.9 664.8 680.1 692 706.2 718.1 723.1 729.7 736.4 737.7 736.8 736 739.4 740.1 734.1 744.1 766.8 788 807.6 822.1 832.3 841.7 848.5 853.7 857.2 857 855.1 852 847.4 842.4 837.6 830.4 824.1 820.2 816.5 810.4 802.1 785.8 755.5 732.6 704 670.4 632 607.5 595.6 589.2 580.8 574.4 573.2 565 544.6 537.3 541.8 544.7 529.9 520.7 513.4 503.5 493.1 491 493.9 493.3 480.8 467.2 450.4 434.7 423
470.7 466.1 466.7 471.3 476.4 488.9 508.7 536.1 570.3 601.3 622.1 641.1 656.9 669.7 682.6 697.8 709.6 715.8 723.7 726.9 726.2 724.4 720 722.2 719.5 729 748.9 768.5 786.8 805 818.4 827.8 835.8 840.8 845.2 847.1 847.3 845.6 842.7 841.4 837.7 833.7 828.4 818.5 809.8 806.8 801.9 793.9 783.3 763 738.7 716 683.5 650.4 631.1 620.6 606.3 598.6 594.5 592.9 588.1 585.6 580.2 576.4 560.5 536.3 520.5 509.1 499.6 493.9 489.1 489.2 481.9 465.7 449.6 435.5 426 424.7
468.8 465.8 466.7 470.4 475.8 486.8 502.7 527.9 559 589.4 618.6 634.8 649.7 665.6 677.3 691.1 702.5 709.9 711.1 715.7 714.1 710.5 696.9 700.3 698.8 724.4 745.9 766.9 784.7 801.8 812.3 820.1 826.1 830.5 833.9 835.3 835.4 834.9 835 833.9 832.5 829.4 826.1 817.6 806.9 797.1 790.9 783.7 773.6 758.5 740.3 719.7 702 687.2 673.7 653.2 640.6 636.8 634.8 628.6 630.2 617.1 607.3 588.7 561.1 539.3 520.1 507 495 486.4 480.7 475.9 465.5 450.4 436.9 428.1 425.8 429
464.5 464.4 465.6 469.6 474.8 484.4 496.2 518.2 550.4 579.6 607.5 629.2 646.7 660.9 672.3 687.5 694.3 699.6 698.2 698.2 698.4 694.8 679 678.5 702.2 723.1 743.9 764.7 780.7 794.1 804.1 810.1 814.5 818.1 819.9 819.6 821.7 823.6 825.3 825 824.5 823.3 822.4 815.8 805.5 792.6 777.7 767.9 758.7 748.4 737.1 726.9 713.2 701.3 687.5 675.5 667.9 662.5 658.8 657.6 646.5 627.2 606.3 581 558.1 533.7 518.5 502.9 490.4 479.5 470.4 461.3 451.5 440.8 428.8 425.3 427.7 433.1
461.2 462.1 464 467.3 472.2 484.3 495.6 512.6 538.6 574.5 600.4 625.7 644.2 658.5 670.2 678 683.8 685.2 683.5 681.9 682.2 674.8 659.3 679.5 700.9 721.5 742.1 760 773.4 785.4 793.6 798.9 803 804.7 804.8 805.3 807.5 811.9 813.6 813.4 815.3 817 821.1 818.9 807.6 794.1 776.4 755.3 740.4 722.6 714.5 714.1 708.9 698.9 688.3 680.4 672.9 667.8 660.7 651.7 638 614.7 592.8 571.6 550.3 531.8 514 498.2 484.2 472.9 459.6 449.4 439.4 430.3 425.6 424 426.9 434.1
455.7 458.1 465.1 469.5 477.5 484.9 497.7 519.5 537.5 567.6 595.1 622.3 641 655.3 662.1 666.9 672.4 672.6 668.4 667.4 662.4 649.5 661.8 681 701.9 721.8 741.3 756.4 768.4 777.8 783.8 788.5 790.2 790.4 790.2 789 790.9 797.7 803.7 807.1 810.8 811.7 815.9 813.7 803.1 788.7 765.1 737.1 710.8 695.2 684.8 681.3 686.6 686.2 679.5 672.2 664.2 657.3 648.5 637.7 626.3 603.4 581.6 563 543 523.7 511.1 495.7 483 471.6 456.9 439.9 433.1 426.3 422.4 422.4 428.1 437.7
448 449 457 466.3 479.3 480.2 496.4 529.8 546.3 561.6 588.1 613 633 645.3 655.2 657.5 660 658.8 657.8 653.5 637.2 648 669.3 685.5 702.9 721.1 738.3 752 762.8 768.6 772.9 774.9 776.8 777.2 776.6 776.4 777.7 785 791.8 798.4 804.1 808.9 811.1 805.8 796 781.9 753.1 721 691.8 669.1 659.9 654.7 648.1 654.8 657.1 653.3 646.4 638.4 630 619.3 607 590.7 573.6 555.6 540.7 520.9 502.9 489 476.4 462.1 450.3 434.6 428.2 422.4 422.4 422.4 430.7 442.7
443.2 443.3 450.8 462.6 471.4 476.6 497.8 531.3 552.4 568.1 580.9 607.2 625.6 637.2 644.4 645.9 647.9 644.1 642.5 628.2 640.2 657.2 672.8 687.7 704.1 720.6 736.1 747.2 754.9 759.1 758.3 761.1 763.2 763.7 763.8 763.4 765 771.8 778.8 785.2 795.6 801.1 802.1 794.6 787 776.4 749.7 710.5 677.9 654 632.3 627.9 622.4 621.5 622.2 623.4 620 617 609.7 597.2 583.6 575.9 560.1 542.8 527.6 508.6 494.4 478.8 463.9 451.2 437.9 428.1 425.3 422.4 422.4 422.4 435.9 449.2
438.8 436.5 443 453.4 462.9 472.3 505.5 533.7 550.1 568.9 587.7 602.6 617 629 631.8 631.5 630.6 629.7 622.1 616.4 641.8 657.1 672.2 686.8 703.6 720.4 732.9 741.4 745.7 747.9 745.7 748.1 751.1 753.3 753.9 753.6 753.9 758.1 764.7 770.8 778.7 784.7 786.8 784.5 777.6 767.6 754.3 713.5 676.6 655.8 633.1 608.4 600.2 598.4 595.1 592.8 588.5 587.6 579.5 566.9 554.9 547.4 541 526.5 512.6 497.4 484.7 469.4 453.7 439.6 430.3 422.4 422.4 422.4 422.4 428.1 438.6 452.5
434.8 431.4 435.4 440.9 451.8 471.7 508.7 524.9 540.5 563.9 584.3 604.7 615.8 616.7 620.2 621.5 617.7 611 604 600.4 629.5 652 668.1 685.5 703.4 718 728.2 732.3 735.2 732.6 733.3 738.6 742.2 742.5 742.8 741.4 740.7 744.8 751.3 757.1 765.1 771.2 772.5 771.2 765.2 756.9 744.5 715.8 673.7 644.9 627.1 611.8 582 570.5 571.3 568.2 565.5 558 550.6 538 528.9 518.4 512.6 506.9 498.6 485.2 472.3 457.1 442.3 431.1 422.4 422.4 422.4 422.4 422.4 433 445.8 460.9
431.1 429.4 430.5 434.5 439.3 455.5 481.9 503.7 523.2 549.8 568.5 583.4 596.3 605.1 608.3 608.1 600.1 586 575.9 585.4 619.2 644.6 662.9 681.7 698.7 712.1 719.1 720.8 720.9 719.4 721.3 727.5 733.2 733.1 731.5 729.5 730.2 732.9 737.2 741.9 748.3 755.2 758 753.8 748.7 736.5 720.7 701.3 664.5 634.4 615.6 601.3 582.2 556.4 539.9 539.9 536.7 530.5 521.7 511.7 502.8 495.1 491.9 486.3 483.1 472.4 457.7 445.2 431.7 422.4 422.4 422.4 422.4 422.4 427.3 438.1 452.1 468.6
426.2 418.6 422 424.1 428.1 441.7 456.6 475 495.1 517 535.7 551.5 564.8 578.6 589.9 591.3 585.1 560.2 532.6 570.3 605 634.6 654 673.3 690.2 702.7 707 709.6 710.4 714 719 721 724.3 722.2 720.5 716.8 718.8 720.7 722.4 724.3 728 732.1 735.7 729.4 721.3 707.1 689.2 674.4 656.6 629.5 603.5 584.5 568.2 547.3 521.6 513.7 509.7 506.2 500.3 487.8 481.2 476.8 474.4 468.8 465.9 457.7 443.9 431.5 422.4 422.4 422.4 422.4 422.4 422.4 430.5 443 461.3 480.4
417.2 408.6 411.3 414 417.6 427.6 433.8 452 471.4 495.2 510 524.5 534.2 549.2 560 572 572.9 543.7 527.1 555.1 589.6 625.3 644.8 663.2 678.9 690.1 697 699.7 703.8 711.2 714 713.3 714.2 709.5 706.7 702.2 704.5 706.2 705.2 704.8 706.6 706.6 706.2 699.2 689 674.1 658.8 641.9 628.6 611.9 591.8 570.1 552.1 529.5 510 487.7 488.3 484.7 477.4 468.1 465 460.4 457.5 454.5 449.3 438.4 425.8 422.4 422.4 422.4 422.4 422.4 422.4 425.7 436.9 451.4 469.9 492.5
412.7 405.1 400.7 400.9 404.2 407.9 411.9 426 447.1 469.5 477.9 483.4 493.9 515.7 523 545.9 553.4 532.3 513.9 540.8 579.3 614.9 635.4 652 666.3 677.8 685.3 692.1 701.2 703.5 705.4 705.6 701.2 696.9 692.5 689.1 690.5 690.2 687.2 684.7 682.9 680.2 675.1 665.8 653.8 638.5 623.6 607.2 595.2 582.3 566.2 549.1 532.5 514.8 496 482.1 474.5 467.6 462.6 453.9 448.3 443.1 443.8 439.7 432.6 422.4 422.4 422.4 422.4 422.4 422.4 422.4 422.4 433.2 447 461.2 481.5 505.7
409.6 400.2 397.2 389.5 388 384.9 390.1 402.1 423.1 442 440 449.1 459.6 477.3 491.7 515.2 526.5 503.9 496.7 530.5 573.1 607.2 625.7 640.8 653.1 663.6 671.8 686.3 693.5 694.7 696.8 693.3 690.2 686.1 682.2 675.9 672 671.1 668.2 662.9 656.1 648.3 640.3 632.2 617.7 606 592 574.6 560.5 547 536.2 525.8 512.7 494.8 482.9 472.2 460.4 456.8 448.6 441.4 436.3 430.1 426.8 427.2 422.4 422.4 422.4 422.4 422.4 422.4 422.4 422.4 429.2 439.4 455.7 471.1 494.6 519.4
399.4 391 387.3 377.8 372 369.2 369.4 374 392.2 417.7 409.2 416.6 425.6 442.7 461 481.8 487.6 473.8 480.3 522.2 566.3 597.4 616.4 630.2 643.4 653.7 665.4 676.3 681.5 684.5 685.4 680.7 677.6 676.8 670.1 661.3 655.5 651.1 643 635.4 624.3 615.5 607.9 597.6 585.6 571.6 557 545.5 528.8 517.7 510.3 504 492.4 477.5 467.7 460.3 450.7 443.7 439.4 435.3 429.5 422.4 422.4 422.4 422.4 422.4 422.4 422.4 422.4 422.4 422.4 428.7 438.2 448.8 466.4 485 507.5 533.1
396 383.8 372.4 366.7 360.4 355.2 351 353.2 357.5 368.3 376.3 384.2 396 415.2 432.8 454.7 455.6 441.7 474.2 523.6 564.6 587.8 603.6 622.5 636.5 647.6 655.6 665.5 671.8 673 675.2 670 667.8 663.1 655.9 643.9 630.1 623.5 612.5 603.1 592.5 586.1 578.2 564.4 553.9 540 527.9 516.2 503.3 491 486.7 484.1 471.1 462.7 457.7 449.7 441.5 435.4 434.5 429.3 423.9 422.4 422.4 422.4 422.4 422.4 422.4 422.4 422.4 422.4 426.2 435.2 446 459.9 477.4 497 520.2 544.3
399.5 385.3 370.5 355.1 349.3 344.1 340.2 335.4 338.2 343.9 352.4 359.5 373.6 390.3 408.3 430.7 434.8 419.6 472.2 518.8 548.9 574.4 598.8 613.6 627.8 636.2 644.8 655 659.8 661.9 666.1 666.8 663.1 653.6 638 621.4 601.9 591.9 581.3 574.7 563.4 556.3 549.2 535.9 526 516.4 505.9 493.5 480.4 470.8 464.3 459.4 453.1 449.6 445 439.5 433.5 429.7 428 424.8 422.6 422.4 422.4 422.4 422.4 422.4 422.4 422.4 424.7 427.5 432.9 442.1 456.6 472.2 491.2 511.8 530.7 552.8
404.2 392.4 379.8 364.9 349.6 338.6 332.8 325.7 327.1 332 338.1 346.1 360.1 373.8 389.8 407.4 415.6 419.3 469.6 506.3 534.6 558.2 584.4 601.9 617.2 628 639.7 646.6 649.7 655.2 656.5 658.8 646.3 630 614.7 597.8 579.2 563.7 554.2 545.9 538.3 529.1 524.2 511.9 502.4 494.7 484.2 472.6 461.9 451 444 439.4 439.3 437.3 435.9 428.6 425.3 425.9 425.6 422.7 422.4 422.4 422.4 422.4 422.4 422.4 425.4 429 433.1 434.1 441.3 451.9 464.7 483.5 501.4 520.3 541.5 558.5
