data/200000-840000.asc
ncols 200
nrows 200
xllcorner 200000
yllcorner 840000
cellsize 50
[rows 140 to 174 of 200, columns 78 to 155 of 200]
580.8 619.4 663 702 733.2 761.2 778.4 790 791 792.4 782.3 769.7 759.2 751.9 737.1 713.9 695.2 682.5 676.8 672.2 673.4 678.5 695.5 715.6 723.5 736.4 758.7 761.9 759.5 763.5 758.8 754.7 754.2 750.4 746.8 742.3 733.6 700.4 670 642.2 629 623.1 612.1 601.4 592.1 583.8 576.2 563.3 551.3 542.5 530 515.7 499 479.7 461.3 439 418.3 398.7 379.9 363.1 351.9 343.2 333.4 318.8 332.7 339 350.6 367.1 383.1 397.7 418.1 443 469.3 493.6 522.9 553.7 582.1 613
588 624.4 665.4 716.1 751.3 764.6 772.1 784.5 785.9 786.5 780 773.2 763.6 755 745 726.9 711.4 702.3 694.7 693.7 696.1 705.4 705.3 706 708 715.7 723 739.2 751.7 754.8 755.2 748.3 742.8 738 736.6 735.8 734.6 734.9 718.2 661.8 635.3 619.9 607.3 598.5 590.5 582.6 574.3 561.5 550.3 539.3 526.9 510.9 496.8 478.1 459.1 441.2 416.5 397.7 378.1 363.1 351.9 342.2 333.4 314.1 328.7 333.9 340.6 356.2 371.5 386.2 405.2 428.3 457.5 479.4 511 539.4 568.5 595.3
604 632.4 676.1 730.2 748.6 754.1 768.3 780.1 781 778.7 773.5 770.1 759.8 748.8 739.5 728 718 711.4 705.9 700.1 694 689.7 683.3 678.5 678.4 682 688.9 693.1 716.2 737.6 740.1 734.9 729.8 726.5 727.5 725.6 724.4 729.2 728.8 692.4 655.3 631.7 613.4 596.9 589.9 584.3 575.3 562.7 551.2 538.8 524.9 509 492.6 475.8 456.1 436.9 417.5 394.3 377.2 361.6 350.8 343.3 338 318.2 318.5 327.4 334.1 346.7 360.6 375.9 393.5 413.8 441 463.1 495.3 523.1 549.7 575.7
611.6 644.6 678.5 723.3 736.2 746.7 761.6 771.3 772.2 765.5 758.6 752.1 743.8 732.7 723.3 711.3 701.1 692.6 687.4 678.5 666 656.7 650.1 646.1 646 648.9 650.2 653.1 673.2 711.6 722.6 721.6 716.9 714.2 715.4 716.7 715.5 721.4 725 724.3 680.3 648.2 621.5 598 590.1 584 575 565 550.1 536.7 522.7 507.1 492.8 474.6 457.1 439.3 418.4 396 377.8 360.1 349.8 342.7 336.1 327.4 308.4 317.1 328.2 336.4 346 363.6 381 399.6 420.6 441.9 470.8 497.9 527.9 551.7
624.6 658.9 689.2 708.5 723.6 735.1 742.6 749.8 751.8 748.9 739 729.7 720.9 708.7 697.8 690.1 681.7 671.5 663.5 651.7 645.2 637.6 627.4 621.6 620.4 615.9 616 618.8 627.1 675.6 698.2 704.1 704.9 698.3 700.2 701.6 706.4 718.4 736 737.4 717.5 667 629.7 607.5 596.1 585.5 577.2 566.1 552.1 537.1 523.7 507.2 491.7 476.6 460.3 442.4 425.7 404.3 382.1 363.7 351.3 340.6 332.8 327.1 319.8 303.5 320.1 328.5 336.1 352 368.5 384.7 401.4 421.6 446.8 474.5 493 521
625.4 658.9 701.4 710.3 707.5 709.1 716.3 728.3 719.4 713.2 709.5 707.1 696.1 690 679.3 673.5 661.3 652.6 642.9 633.3 626.8 617 609.1 598 596.4 592.4 589.8 589.9 592.9 627.8 645.1 663.2 676.1 677.2 675.7 687.7 701.1 713.8 730.1 741.9 734.7 686.8 652.9 620.6 605.7 592.2 580.2 568.6 554.3 540 524.1 507.6 492.9 480.4 463.5 446.2 427.7 406.6 386.5 368.1 352.5 341.9 330.8 319.7 315.9 300.7 310.3 320.5 327.8 340.9 355 368.6 384 399.6 422.7 451.2 464.8 482.9
630.2 672.1 701.7 703.6 697 690.4 686.7 685.6 687.8 690.4 686.1 683.7 677.4 665.8 656 649.3 639.4 632.3 626.4 617.5 612.3 600.3 589 585.8 579.5 574.8 567.7 564.6 566.3 586 603.1 613.1 634.2 642.7 643.8 653.1 676 699.6 718.8 738.6 745.7 721.7 672 640.1 620.4 605.4 591 574.3 555.4 539.4 525.4 510.7 497 483.9 469.6 451.6 433.2 413.7 393.4 372.3 355.5 344.4 332.3 320.9 314.6 296.5 307.5 311.3 320.1 329.8 340.8 352.3 366.9 380.2 397.7 417.2 434.1 451.9
634 669.7 680.9 679.4 670.3 669.8 664.9 670.2 673.1 671.7 661.7 660.2 653.9 642.3 630.9 619.2 618.9 610.9 606.2 600.4 588.5 578 574.7 567.9 557.9 554.4 547.4 543.5 542.2 549.7 572.9 577.7 589.4 601.5 608.4 616.3 633.2 677 691.5 710.2 737.7 734.6 713.1 683.1 660.8 648.4 630.1 611.3 581.1 548.7 529.8 514.7 499.4 484.8 472 455.4 437.7 417.7 397.3 376.9 356.2 343.6 332.1 320.4 311.3 291.7 295.2 303.9 310.9 319.5 325.1 334.7 349.8 361 374.7 391.2 406.8 420.1
622.9 647.9 656.6 657.8 657 661.3 658.2 664.3 662.3 651.8 639.5 635.6 627.4 620.3 611 599.1 594.3 588.2 581.7 574.8 565.2 560.1 549.8 548.6 537.3 530.1 526.5 518.7 517.7 521.5 529.1 546.6 556.4 565.4 572.7 583.3 596.5 624.9 654.3 677.7 698.9 722.9 723.6 720.9 719.1 707.2 685.4 642.9 605.1 571.2 548 525.1 507.5 492 480.6 464.2 444.7 423.4 401.7 380.9 360.3 344.5 331.5 321.2 311 295.4 288.1 299.2 302 308.4 313.5 317.7 332.6 343.1 354.8 367.4 380 392.9
602.2 628.4 641.5 648.8 643.6 645.5 641.3 641 646.4 637.1 623 612.7 602.4 595.9 589.1 577.2 575.6 568.4 561.5 558 550.8 544.7 535.4 527 519.5 509.5 503.5 496.6 493.5 496.5 502 514.5 525.8 534.9 540.3 553 568.6 604.6 624.3 640.5 651.9 690.6 709.3 706.9 711 708.1 702 677.3 623 590.5 557 541.2 517 497.6 483.1 467 450.6 428.6 408.8 386.8 367.9 345.5 331.7 319.1 307.8 294.7 281 288.5 293.3 297.4 302.2 308.1 316 323.9 336.6 344.8 355.2 366.4
587.4 620 628.3 625.1 622.7 625.2 622.5 617.3 621.5 619.9 607.2 603.5 584.4 577.3 568.2 562.8 555 555.2 546 543.3 538.3 529 520.3 510.7 501 495.1 486.3 482.3 475.9 479.1 481.9 488.9 501 506 516.4 528.9 540 568.1 588.5 599.5 610.5 648.7 671.9 680.5 684.3 684.8 688.9 682.2 641.1 603.3 578.3 549.5 525.9 505.1 488.4 474.5 452.8 435.7 418.4 393.8 371.2 351.3 332.5 319 307.7 298.6 285.6 277.8 285.3 288 291.6 294.6 301.9 308.5 314.9 323.7 333.7 340.5
570.5 598.2 602.3 599.3 595.7 598.8 601.5 591.2 593.6 602.6 590.4 585.1 574.1 566.4 549.7 544.2 538.4 536.8 533.9 530.8 524 518.8 508.1 499.4 484.8 472.6 468.6 465.3 464.1 461.6 463.7 471.4 480.2 485.2 492.3 503.1 513.7 527.7 545.8 562.2 574.6 592.9 620.4 643.5 653 656.1 670.7 671.6 657.3 610.4 580.3 549.8 530.1 510.6 496.9 474.5 456.7 440.7 422.8 391.2 368.4 349.5 335.2 320.6 307.1 296.7 288.6 273.3 274.2 281.2 281.7 284.7 284.9 292.1 296.3 305 311.6 316.7
548.4 576.5 576.6 571.7 572.8 571.5 568.6 567.6 569.3 575 575.8 569.5 562.9 560.6 545.3 537.3 533.5 532.6 534.6 536.2 531.2 521.8 510.3 502.9 491.8 478.4 468.2 456.6 451.7 449.7 451.3 455.5 460 465.8 471.2 479.7 490.5 504.3 516.6 532.1 543.4 561.7 576.5 605.1 620.5 622.8 639.9 651.9 640.7 604.9 573.2 545.8 525.3 510.4 492.1 471.3 453.9 439.9 424.9 385.3 361.5 347.2 335.5 326.1 307.9 296.2 287.7 279.5 268.7 269.1 275.4 275.3 276.9 277.2 280.6 285.1 291.4 294.6
531.1 547.2 545.3 538.6 542.4 544.9 543.1 551.2 549.8 556.8 559.6 556.7 551.3 547.8 543.1 547.3 561.4 557.3 551.1 550.1 548.9 540.4 533.6 522.4 505.8 489.7 473.5 459.1 449.3 443.4 441.9 443.9 445.8 449.1 452.3 458.6 469.6 479 492.8 506.3 515.4 530.2 542.3 567 585 587.2 594.9 616.8 614.5 598 561.9 531.2 513.9 498.5 481.6 461.3 442.7 427.5 411.8 383.8 361.1 345.1 332.5 325.9 309.6 296.4 288.8 280 269.6 262 266 269.1 269.3 267.5 268.7 269.8 274.3 276.1
503.3 515.3 519.4 515.9 517 524.1 527.8 535 534 541.3 545.1 542.5 537.6 538 544.1 558.2 570.1 577.2 586.2 596.5 578.8 571.3 565.3 546.7 526.5 506.3 486.5 467.9 454.9 445 438.7 432.2 434.5 435.9 437.6 441.5 446.9 457.2 465.4 482.6 489.6 496.7 508.7 537.6 550.9 552.6 556.2 564.8 571.1 565.3 538.3 512.9 496.7 478.3 468 455.3 441.2 427 405.9 381.1 361 345.8 332.1 318.7 306.8 296.9 289.5 280.1 270.6 256.8 257 262.1 258.8 258 257.4 259.4 260.8 260.2
480.5 494.6 497.9 494.7 499.4 505.3 510.6 518 518.8 527.3 535.8 533.8 536.4 543.8 559.8 580.3 590.8 606.6 613.8 624.2 628.4 629.7 604.4 570.7 549.8 524.9 501.4 480 463.2 450.6 441.8 433.4 426.8 428.2 428.5 430.5 433.9 436.1 443 456.6 464.6 470.6 474.4 502.5 517.7 517.5 521.2 522.3 523.8 513.6 498.7 487.8 477.7 464.3 455.3 446.4 437.7 422.5 408.4 389.3 367.5 347.8 334.4 320.3 308.6 298.4 288.1 277 270.6 261.6 252.8 251 252.2 251.1 250.6 249.2 248.5 252.1
472.7 477.2 483.2 483.8 489.7 497.2 499.5 501.9 509.7 521 526.6 531.1 539.7 549.9 581.4 600 616.4 639.6 647.9 658 671.1 670.1 638.4 605.3 572.8 543.5 515.8 493.6 472.8 459.1 444.3 434.4 427.9 422.9 423 423.7 426.9 427.1 429.9 439.1 445.1 448.8 450 470.4 483.1 485.5 487.6 487.8 483.8 478.5 469.2 462.6 456.4 448.7 439.9 431.1 424.1 412.4 403.3 389.2 369.3 353.8 337.8 324.5 309.1 298.8 287.9 277.1 267.5 260.8 256.5 247.5 244.4 247.1 243.7 242 242.5 241.3
459.2 465.4 470.7 478.8 478.9 484.9 489.3 491.6 500.4 521.2 528.4 536 548 568.4 596.3 622 649.5 680 700.1 700.2 698.1 681.6 657.3 625.1 591.9 560.4 531.6 507.8 484.5 469.2 454.1 442.5 433.5 427.1 421.9 418.2 418.5 417.9 419.3 426 433.1 432.8 434.5 442.2 453.2 455.1 457.3 458.2 455 447.5 444.1 437.9 434.4 428.1 420.3 411.8 404.6 397.4 390.2 376.6 362.8 352.7 338.5 326.2 314.5 301.3 289.3 277.8 267.7 260.7 256.2 248 239.9 238.3 236.6 235.2 233.8 234.1
453.7 457.1 459.8 462.7 467.3 473.7 479.7 490.9 504.1 520.5 527.8 541 560.6 587.1 620.6 645 699.8 713.7 720.1 750 766.5 712 677.7 646.5 604.6 570.9 546.6 518.1 499.1 480.1 463.9 451.7 440.8 433.9 428.4 420.9 420 416.5 417.4 418.6 419 420.4 422.4 422.7 428.5 429.4 431 429.7 428.4 424.6 420.5 416.9 412.4 408.6 398.5 394.5 385.2 375.1 369.4 359.1 350 340 330.3 321 311.4 301.3 293.3 283.8 274 263.8 256.8 248.9 246 236.7 235.5 233 231.5 230.2
441.9 447.2 451.9 453.3 459.5 473 479.7 491.8 505.8 518.4 528.1 549.3 574.1 613.5 652.1 694.5 712.7 748.9 781.1 784.9 776 771.2 728.2 655.6 623.8 591.7 562.8 535.4 514.8 492.5 476.2 464.7 449.5 442.7 431.9 428.9 425 424 413.8 410.9 411.6 408.6 407.8 408.2 408.5 410.7 409.9 407.5 402.9 400.8 397.9 394.8 393.1 385.3 378.6 369.3 366 357.5 355.5 340.9 331 319.3 310.6 304.7 299.5 297 291 283.3 276.5 268.2 261.8 252.6 246.3 241.6 235.9 234.5 233 230.1
441.6 445.3 453.5 462.4 465 469.9 481.1 491.2 508.4 529.7 545.7 564.2 593.9 625.6 666.6 708.2 742 791.9 786.2 798.5 798.2 790.8 752.5 697.6 645.6 610.1 577.6 549.3 524.6 504.8 489 475.6 460.5 453.5 442.7 439.7 432.8 426.2 416.9 409.6 406.8 405.6 403.6 396.9 397.3 393.5 391.3 389.4 388.7 382.8 380.4 375.7 370.8 364.7 356.5 348.3 347.2 339.5 337.8 321.5 314.4 304.7 294.4 291.3 287 281.5 276.3 272.2 269.5 262.4 254.6 249.3 243.8 239.4 235.5 232.8 231.6 230.7
451.2 457.3 458.5 462.1 467.9 476.5 489.1 500.7 523.4 545.5 562.4 582.3 613.6 649.8 690.1 723.1 780.5 788.4 797.7 811.8 824.9 806.7 773.2 721.5 683.8 647.7 601.8 561.8 534.2 510.8 495.1 484.2 473.9 462 455.1 448.2 440.2 428 423.7 414.2 410 409.1 401.5 396.9 393.9 385.8 383.3 378 375 370.3 364.5 362.6 353.3 346.2 339.1 334 326.7 320.4 313.3 306.4 300.9 293.1 285.9 283.1 277.9 272 266.4 266.4 261 255.3 246.7 239.5 236.5 234.3 233.4 231.8 229.5 229.2
453.8 460.8 464.1 468.7 475.2 480.9 493.1 513.5 544.5 561.3 578.2 600.5 647.2 677.4 702.1 759.8 789.4 797.5 813.8 830.2 833.6 797.5 761.2 728.9 696.7 675.2 628.1 591.6 558 529 506.7 493.8 483.9 475.7 467.2 460.7 448.6 437.4 430.8 426.4 420.7 416.8 407.8 399.3 394.4 388.2 383.7 380.5 374.1 369.1 359.7 352.7 341.7 335.5 329.2 322.9 315.3 304.7 301.6 295 288 280.5 273.8 272.1 271.6 267.7 263.1 258.3 255.3 247.3 239.3 238.2 235 233.7 232.7 232.1 230.2 228.3
462.1 468.3 471.8 477.8 481.3 489.5 501.7 526.1 553.5 576 596.8 626.6 666.9 682.5 727.3 777.4 797.8 806.9 827.7 836.8 841.3 799.7 755.9 721.5 692 673.1 648 618 576 547.9 518.9 503.9 493.8 486.2 474.3 466.6 464.5 450.5 441.1 436.1 431.5 422.7 416.5 410 399.8 398.5 392 386.6 379.5 373.6 367.1 358.9 347.4 337.6 328 324 316 307.7 300.1 287.8 280.9 275.2 269.8 265.5 262.9 261.9 262.5 255.9 251.9 241.9 242.7 241.5 242 239 237.1 235.9 232.6 231.7
466.8 473.5 481.4 487.9 494.9 504.2 515.1 549.3 569.3 591.1 618.4 646.6 675.4 705.7 750.9 784.8 800.1 816.6 827.9 841.8 845.9 816.2 773.7 723 694.5 670.4 648.1 621.4 588.6 559 534.6 516 503.3 495.9 485 478 468.7 456.9 445.6 440.9 436.3 428.4 422.9 416.9 408.7 404.8 396.9 392 389.9 381.9 372.1 363.4 353.1 344.9 332.1 323.4 312.5 305.2 296 290.9 285 272.6 266.8 266.7 263.7 259.2 255.2 250.8 249.2 251.2 248.3 249.7 247.5 244.6 243.5 240.1 238.5 240.4
472.9 481.3 493.7 499.9 507.4 516.3 525.4 545 573.3 614.2 641.3 665.6 710.1 761.4 787.6 797.6 802.1 812.8 835.3 849.8 845 830.6 793.7 764.3 704.9 673.9 646.6 620.8 589.8 568.8 549.1 529 514.4 509.8 497.6 487.3 475.5 465.5 452.7 442.5 438.3 430.7 425.6 419 413 406.5 400.1 397.1 390 381.9 375.1 363.1 352.5 345.3 329.2 318 309.7 301.3 297.4 285.6 278.6 276.8 278.2 275.5 270.7 266.6 262.1 257.5 257.6 258.6 255.4 257.3 254.8 251.9 250.5 247.5 250.5 251.6
482.9 493.6 495.9 504.9 512.3 524.1 536.3 555.1 577.4 624.9 641.6 672.5 740.1 767.8 783.7 796.2 799.3 812.2 827.6 836.6 836.1 837 828.1 794.4 760.8 717.3 664.7 633 602.1 577.9 560.2 548.4 532.6 521 511.8 498 492.5 480.4 460.8 446.2 438.8 432 425.8 418.6 414.5 409.1 403.1 394.4 389.1 379.8 370.3 360.6 348.5 335.3 325 314.7 303.1 296.6 295.8 292.3 290.6 284.1 284.1 281.4 275.7 274.6 269.9 271.3 270.2 268.9 269.4 267.3 265.3 262.5 264 264 266.1 266.9
487.2 497.1 505.2 513.9 516.5 528.3 537.3 556.2 587.7 620 638.4 690.8 733.5 761.1 772.6 791.9 795 808.1 820.1 823 824.5 826.2 830.1 800.8 769.2 738.9 722.3 664.5 620.3 595.2 574.8 558.6 550 541.2 527 514.8 510.5 491.9 473 457.3 441 431.9 425.9 419.8 416.2 404.7 398.4 390.6 382.6 373.6 366 351.2 339.7 331.4 319.3 314 315.1 309.6 305.3 299.9 299 295.5 288.9 286.2 286.9 287.5 285.1 286.2 285 283.1 281.1 281.4 281.7 283.9 281.5 284.3 285.3 285.8
494.4 501 511.3 519.7 523.7 534.7 542.1 560.3 591.5 618.6 645.7 679.3 724.4 746.8 766.3 782.5 790.1 802 810.4 822 821.7 834.9 836.5 794.7 757.5 720 705.3 686.2 662.8 627.3 592.7 583.5 568.9 557.1 540.3 529.6 519.3 502 493.7 466.8 444.7 438.5 431.6 422.6 414.8 404 395.6 383.4 376.1 367.8 355.3 350.8 338.2 331.8 331.1 324.4 318.7 317.5 313.3 309.5 304.7 304.9 305.5 302.3 302.5 303.9 306.8 301.5 299.8 299.2 301.2 299.5 301.2 302.4 304.2 306.4 307.6 306.5
503.2 510.3 516 522.5 529.2 540.5 550.9 565.3 591.3 615 657.5 704.4 719.8 734.5 757.8 769.5 780.4 799.6 822.8 828.9 837.1 850.5 839.2 784.6 748.8 724.4 690 674.6 661.8 643.8 623.1 600.6 587.4 572.9 567.7 556.7 539.2 537.9 517.9 481.5 456.8 445.6 437.7 424.6 416.2 402.3 388.2 380.1 376.7 370.3 363.3 351.3 344.5 344.4 340.1 334.5 331.1 328.1 324.7 321.1 321 316.3 321.9 323 322.2 320.6 320.6 322.7 320.5 322.2 323.3 327.1 328 326.8 329.7 332.3 331.8 332
499.3 506.7 514.1 519.5 535.6 551.6 568.9 576.3 593.9 617.8 666.3 694.9 710.9 724.2 745.7 753 767.9 797.4 826.6 837.2 851.4 874.8 833.5 795.2 754.2 719.1 684.1 665.9 647.7 637.1 624.4 611.7 600.1 594.1 581.9 565.7 551.3 532.2 515.3 495.3 474.1 456 442.1 427.6 413.2 401.4 394.5 390.1 385.2 372.8 363.6 360.2 362.5 358.6 356.1 353.9 349.5 346 343.7 337.8 338.5 337.3 342.4 339.4 340.8 343.5 347.9 347.3 343.1 350.3 350.4 352.1 353.1 353.9 355.3 358.4 359.3 358.6
499.8 505.1 513.3 526.4 545 566.8 588.5 597.6 605.5 622.9 654.4 677.1 693 718.3 729 734.8 749.5 790.2 825.5 849.3 878.4 905.1 865.6 815.1 769.1 729.9 694.8 661.9 643.3 631.3 621 614.2 606.4 601.8 593.9 581.4 565 536.8 514.5 498.9 481.9 463.1 444.3 435.6 431.7 418.5 403.8 395.7 386.2 378 377.1 384 384.6 377.5 377.6 372.3 371.2 368.9 363.8 357.2 357.7 353.5 361.2 363.6 368.7 368.6 371.3 373.5 374.5 374.9 378.9 378.7 376.6 380.4 383.3 384.7 384.7 384.1
508.3 517.8 526.8 538.5 557.2 582.7 595.5 604.8 618.5 636.1 645 658.2 676.2 696.6 714.4 721.7 745.5 784.4 831.9 863.3 906.3 912.3 889.8 836.7 788 739 701.9 672.2 643.6 629.5 619.8 615.6 611.7 608.2 594.4 582.8 568.6 549.1 529.5 510 489.2 470.3 464.9 460.3 443.6 432 422 408 394.2 395.7 407.2 401.5 401.4 401 400.7 394.2 390.9 388.1 383.6 379 380.5 382 386.6 387.9 391.4 393.4 401.7 404.7 403.8 408.2 408.9 410.6 408.3 409.8 412.3 412.2 413.9 410.8
517.5 527.5 536.8 554 574 595.6 606 617 632.6 652.4 658.6 657.6 666.7 687.8 699.6 716 746.4 798.4 845.3 881.1 929 912.7 884 857.5 816.6 773.4 726.8 689.6 661.3 641.7 632.4 628.1 620.1 611.8 610.1 597.8 590.7 572.6 552.5 519.8 512.1 504.4 505.9 503.2 494.2 478.9 449.5 417.5 420.5 423.3 423.6 418.4 423 429.1 421.6 419.1 413.7 412.7 411.3 413 413.2 405.6 409 409.4 417 428.7 438.7 442.2 436.9 439.7 441.7 438 438.4 442.8 444.8 444.5 438 435.4
527 540.2 558.6 583.1 599.3 614.8 615.8 627 652.5 667.6 673.3 670 672 683.9 706 725.2 765.7 814.5 852.6 910.2 939.6 904.9 866.4 846.4 819.7 787.1 745 717.9 701 674.2 668.5 666.4 656.5 644.5 625.4 610.5 597.5 579.5 563.8 551.9 541 536.3 526.7 510.7 493.7 479.6 453.8 452.8 448.3 445 445.6 441 454.9 454.8 446.4 443.7 445.4 441.4 440.1 436 430.1 430 437.2 443.8 453.8 469.6 474.4 473 475.1 476.6 478.7 475.4 476.5 485.2 484.1 476.3 475.7 466.7
