data/200000-900000.asc
ncols 200
nrows 200
xllcorner 200000
yllcorner 900000
cellsize 50
[rows 120 to 159 of 200, columns 89 to 177 of 200]
36.8 40.6 42.4 41.7 42 42.8 42.9 44.2 47.8 54.5 57.2 64.4 70.1 81.9 88.7 94.1 104.3 112.3 116.8 119.9 121.3 121.2 121.5 121 119.6 109.5 102.8 99.9 101.4 107 116.1 123.8 128.5 130.2 125.7 120 116.4 109.3 96 95.4 96.2 98.1 112.8 126.1 136.9 154.2 172.3 187.4 193.9 197.3 200.9 205.7 214.9 235.4 258.5 285.2 308.1 321.3 327.8 333.5 343.9 347.9 351.4 353.8 355.6 356.7 357.4 377.6 387.2 395.5 402.9 410.8 418.4 424.5 430.6 437.9 446.9 455.6 466.4 475.9 487.3 498.5 508.3 517.1 524.3 528.9 535.3 539.3 542.9
36.4 38.9 38.5 37.7 37.5 38.9 41.7 43.6 47 50 51.1 57.9 62.6 75.2 80 86 96 103.3 106.7 109.2 109.8 110.7 110.2 109.4 106.3 100.6 94.6 93.8 94 98.2 110.2 121 129.1 128.8 125.5 119.4 115.7 112.1 99.9 90.6 91.2 91.1 102.5 109.5 123.8 146.2 161.2 173.3 182.4 186.3 190.6 196 203.1 220.6 242.1 264.8 288.6 307.2 316.3 323.6 325.8 323.4 334.6 344.1 360.9 370.9 380.3 386.9 392.6 400.3 408.1 417.1 426.5 432.7 438.1 446.3 456.2 468.6 482 494.2 507.5 519.9 530.9 540.6 548.9 555 560.2 563.5 565.7
35.1 36.3 35.7 35.9 35.1 35.3 37.4 41.2 43.9 44.7 46.6 48.1 54.2 65.4 72.3 76.9 84.7 95.3 99.2 99.3 99.7 98.6 99.4 96.9 95.7 92.5 87.8 87.3 87.7 91.6 105.8 115.2 120.9 122 118.6 118.9 115 108.3 102 84.9 87.5 86.8 87.7 98.5 114.9 134.9 152 163.4 169 173.9 179.4 185.4 190.3 208.3 229.9 247.2 264.4 273.1 282.4 291.9 287.8 300.5 318.4 344.2 369.5 377.4 385.3 392.2 399.5 406.9 413.7 425.1 433.7 439.6 448.1 459.3 470.6 482.6 498 513.1 528 542.6 556 566.6 575.8 582.8 587.5 589.7 592
34.3 33.6 31.2 31.7 32.8 32.9 33 35 38.4 40 40.2 40.3 44.5 52.2 63.2 65.5 72.2 80.8 88.6 91 90.1 87.9 88.4 87.5 86.3 83.4 81.5 80.4 80 85.1 99 109.6 113.1 112.4 109.5 113.2 110.3 101.2 95.4 86.1 82.8 84.2 84.5 91.4 108.3 125.8 142.3 153.6 157.9 161 166.8 173.1 179.6 191.3 217.4 218.9 210 235.1 257.9 281.3 312.4 335.4 354.3 369.2 376.6 382.8 390.3 398.6 405.4 412.5 421.3 433.2 441.5 449 459.8 472.4 486.1 500 515.7 531.6 548.6 566.8 582.6 594.4 604.3 612.6 618 620.3 622.4
32.9 30.5 27.7 27.2 28.6 30.3 30.5 31 32.2 34.8 32.8 32.7 37 41.8 47.8 51.5 57.7 63.2 69.7 76.9 80.5 80.6 80.5 78.4 77.4 75.9 75.8 74.1 74 77.7 89.7 101.2 104.6 101.5 103.8 103.3 100.9 94.1 88.1 82.2 77.6 80.9 82.4 86.6 101.7 119.8 135.5 145.4 149 152.7 158 163 166 166.8 194 215.5 232.9 256.9 283.6 310.2 335.4 353.1 365.9 375.5 382.2 388.1 393.5 401.4 410.1 418.5 431 441.8 450.2 462.3 474.5 486.6 501.8 519.5 536.7 552.7 571.3 589.8 610.4 624.8 635.9 644 650.4 654.5 655.4
27.7 26.5 24.5 23.1 23.9 26 27.9 28.2 26.8 27.5 25.8 25.9 27.6 30.8 34.9 39.7 43.4 49.2 54.8 60.6 69.2 73.4 72.4 69.4 66.1 64.2 67.1 67.5 67.5 68.2 77.6 87 87.9 87.2 90.8 95.4 94.1 91.1 86.9 81 73.5 80.6 80.6 82.9 95.4 112.7 131.1 140.5 144.7 147.1 151.2 151.4 153.7 170.6 189.5 206.1 220 241.7 265.4 293.1 326.5 352.2 367.6 379 386.6 391.7 394.9 402 412.3 423.3 438.1 448.9 460.4 473 487.4 502.2 522.4 540.7 560.1 578.8 595.4 614.9 637.6 655.3 667.9 677.8 687.1 690.9 693
21.6 21.9 21.3 18.9 18.1 19 23.1 24.8 22.8 21.7 20.6 20 21.8 23.7 26.1 31.2 37.7 41.9 48.3 54.3 61.4 65.3 64.1 61.8 59.6 60.6 62.8 65.5 66.5 67.3 67.8 74.9 77.1 79.2 81 83.4 86.5 90.6 90.9 84.9 71 79.1 78.9 79.9 89.8 104.3 123.4 133.6 138.5 144.2 145.2 142.1 148.1 161 179.5 193.9 211.1 224.1 247.4 275.7 309.4 347.2 369.1 382 388.6 392.5 396.6 403.7 415.6 429 444.8 457.4 470.1 484.6 500.1 521.7 544 565 585.6 605.9 624 643.2 663.6 686.6 700.9 713.7 727.6 725.7 735.2
8.5 16.9 15.5 13.2 10 8.8 14.1 17.3 16.6 15.8 16.7 16.9 18 18.1 18.5 21.7 25.5 34.7 41.7 47.9 55.4 57.2 58 57.3 57.8 60.3 62.6 65.6 66.7 68.4 69.8 71.5 73.8 76.6 79.8 82.4 84.1 86.3 86.3 82.6 71.3 77.2 77.6 77.6 83 97.1 112.6 120.9 129.2 133.9 134.9 130.8 139.8 156.1 177.2 189.5 201 211.2 231.8 263.2 296.6 336.7 372.5 389.2 389.3 390.3 396.6 406.7 418.8 432.9 450.9 465.7 480.3 495.4 516.6 541.7 565.4 588.2 610.9 633.8 653.8 671.2 691.8 709.9 730.4 725 700.6 670.8 675.4
1.8 13.9 10.8 6.6 1.3 0.4 3.9 7.6 4 7.6 9.8 8.9 13.3 14.2 14.6 14.9 16.2 19.5 29.1 44.2 48.9 50.1 51.1 52 57.5 59.9 62.6 65.2 71.5 72 71 72.6 73.8 78 81 83.2 80.4 83.1 83.2 79.1 70.3 74.8 77.5 76.8 77.8 89 104.7 117 121.2 120.9 119.9 111.4 129.8 147.8 175.3 187.4 191.8 198.4 221.9 257.9 291.1 337.4 385.2 390.3 386.7 391.6 399 405 417.4 434 454 470.7 490.3 510.7 537 562.1 586.1 611.5 636.4 659.9 681.5 703.2 697.6 698.9 708.7 695.9 658.7 637 628.9
-2 -2 3.1 -2 -2 -2 -2 -2 -2 -2 -2 0.7 2.1 7 11.2 10.6 9.9 10.9 14.8 29.8 39.9 42.3 38.9 45.8 53.2 55 55.9 55.6 68.2 67 71 74.9 77.2 74 78.1 77.3 74.9 75.5 75.2 73.2 68.8 71.2 80.4 78.2 76 78 96.5 109 112.4 111.2 107.1 110.3 116.1 133.7 163.5 180.2 183.4 188.2 219.2 260.9 297.4 336.8 380.4 381.9 386 394 397.6 404.7 424.5 438.3 456 477.3 508.6 533.1 557.3 582.1 606 632.4 657.2 683.6 706.8 682.3 655.7 647.9 665.7 663.9 629.9 595.3 602.4
-2 -2 -2 -2 -2 -2 -2 -2 -2 -2 -2 -2 -2 2.3 6.1 3.3 2 -2 -2 6.3 20.5 23.4 19 32.9 39.1 44.2 42.4 44.5 55.4 61.2 69.7 74.8 73 69.6 69.2 68.7 67.5 66.2 62.8 60.8 57.3 65 75.7 78 73.1 71.8 79.8 102.2 105.2 102.1 94 98.1 108.8 120.5 146.9 170.6 170.5 181 219.1 271.5 307.3 340.6 355 363.6 375.5 388.6 394.9 403.9 421.5 437.2 459.5 483.9 520.3 551.3 577.5 600 626 653.4 678.6 685.2 665.6 643.3 613.7 606.7 620.2 621.5 608.7 567.7 549.2
-2 -2 -2 -2 -2 -2 -2 -2 -2 -2 -2 -2 -2 -2 -2 -2 -2 -2 -2 -2 -2 -2 5 15.9 19.1 25 27.5 33.6 44.2 54.9 64.9 71.5 67 64.9 65.5 65.6 64.6 62 58.5 56.5 53.4 55.4 67 71.3 72 61.3 63.4 85.6 97.4 97.1 78.4 90.6 100.6 116.3 132 150.6 156.6 175.1 210.7 255.9 300.2 321.6 330.4 345.4 356.9 369.6 384 398.2 414.3 434.9 453.8 478.2 513.6 562.2 591.5 615.3 628.7 650 634.8 622.8 636.9 602.8 575.8 565.2 581.2 577.5 587.3 551.7 502.5
-2 -2 -2 -2 -2 -2 -2 -2 -2 -2 -2 -2 -2 -2 -2 -2 -2 -2 -2 -2 -2 -2 -2 -2 -2 -2 -2 23.5 36.5 47.9 58.2 62.1 61.2 60.3 58.8 60.5 61.2 58.7 55.3 51.8 43.8 45.8 53.5 59.1 60 55.4 50.2 62.9 78.8 80 67.4 86.4 91.5 109.7 126.3 136.2 146.6 168.2 202.8 254.8 283.3 297.9 305.4 328.6 344.4 351.6 368.9 385.2 404.4 427.9 446.5 468.4 494.6 525.2 561.2 573.5 586.9 604.4 594 585.1 592.5 575.7 540.3 519.9 545.8 537.9 531.2 496.6 474.8
-2 -2 -2 -2 -2 -2 -2 -2 -2 -2 -2 -2 -2 -2 -2 -2 -2 -2 -2 -2 -2 -2 -2 -2 -2 -2 -2 -2 22.6 38.3 45.5 50.2 50.1 50.9 49.1 51.8 51.8 52.6 48.8 44.7 39 37.2 40.1 43.4 44.9 43.8 45.1 50.6 61.7 63.3 69.4 75.9 81.8 96.5 118.5 126.4 136.6 157.3 190.9 228.7 249.6 263.6 291.1 316.6 329.7 339.4 351.2 362.2 383.1 410.6 423.3 443.6 468.5 488.5 500.9 507.2 533.1 543.5 549.2 549.6 539.3 536.6 515.4 482.7 487.5 469.7 461.2 415.5 408.6
-2 -2 -2 -2 -2 -2 -2 -2 -2 -2 -2 -2 -2 -2 -2 -2 -2 -2 -2 -2 -2 -2 -2 -2 -2 -2 -2 -2 -2 26 31.4 35.3 36.5 36.3 38.3 40.4 41.9 42.5 38.5 35.4 34.8 28.9 30 32.4 36 40.3 43.4 37.1 50.7 49 58.3 63.8 67.7 84.4 101 111.5 123.5 139.9 166.6 197.2 211.1 228.1 264 298.7 316.1 320.5 337 343 357.5 379.5 397.5 412.6 429.6 444.3 452.4 459.9 471.6 482.4 490.1 490.8 483.1 472.9 453.1 431.9 396.4 388.7 386.4 376.7 369.7
-2 -2 -2 -2 -2 -2 -2 -2 -2 -2 -2 -2 -2 -2 -2 -2 -2 -2 -2 -2 -2 -2 -2 -2 -2 -2 -2 -2 -2 12.9 18.2 18.7 24.1 29.1 29.8 32.1 31.5 31.3 26.7 26 27.4 23.9 24.4 24.1 27.3 31.4 36.4 32.1 38.9 44.3 46.1 51.3 55.3 68.3 85.8 95.2 105.9 120.4 138 160.7 178 202.7 233.2 258.3 280.3 291.2 300.9 311.8 333.8 350.9 367.8 377.2 390.5 398.8 408.2 417.8 427.8 436.4 443.1 430.9 401.1 396.5 380.9 383.3 355.2 350.2 345 338.5 331.6
-2 -2 -2 -2 -2 -2 -2 -2 -2 -2 -2 -2 -2 -2 -2 -2 -2 -2 -2 -2 -2 -2 -2 -2 -2 -2 -2 -2 -2 -2 -2 -2 9.1 15 20.1 22.1 21.8 18.5 15.8 17.4 17.4 15.9 16.5 15.5 17.8 20.7 24.4 24.1 29.2 36.1 37.3 39.4 44.6 56.8 66.2 74 87.2 100 109.8 128.8 157.8 183.8 219.8 238.1 254.8 261.6 262.4 281.2 307.3 316 326.3 341.6 349.7 359.7 372.1 379.5 384.6 380.9 378.7 373.2 364.3 361 347.2 331.7 323.4 315.4 307.8 302.9 294.1
-2 -2 -2 -2 -2 -2 -2 -2 -2 -2 -2 -2 -2 -2 -2 -2 -2 -2 -2 -2 -2 -2 -2 -2 -2 -2 -2 -2 -2 -2 -2 -2 -2 -2 -2 -2 -2 -2 8.2 8.8 5.6 4.4 2.5 1.9 7.1 11 14.5 17.6 18.1 27.7 28.9 29.8 34.9 44 52 57.5 65.4 73.2 85.4 107.5 140.9 158.3 191.5 216.5 231.7 239.6 245.8 269.8 297.9 305.4 312 318.4 321.8 326.7 328.4 332.2 336.3 333.1 328.4 327 328.9 325.7 314.1 301.4 296.5 286.8 278.7 272.6 268.8
-2 -2 -2 -2 -2 -2 -2 -2 -2 -2 -2 -2 -2 -2 -2 -2 -2 -2 -2 -2 -2 -2 -2 -2 -2 -2 -2 -2 -2 -2 -2 -2 -2 -2 -2 -2 -2 -2 -2 -2 -2 -2 -2 -2 -2 1.8 9.5 10.7 9.5 16.5 20.3 21.2 23.3 27.2 38.8 41.9 46.3 53.5 65 91.2 118 138.5 168.8 199.8 221.3 229.9 245.2 266.1 277.8 284.3 290 292.5 295.7 299.7 298.6 300.6 298.2 297.2 295.1 293.5 294.5 291.4 286.7 278 275.9 270.9 265 261.9 260
-2 -2 -2 -2 -2 -2 -2 -2 -2 -2 -2 -2 -2 -2 -2 -2 -2 -2 -2 -2 -2 -2 -2 -2 -2 -2 -2 -2 -2 -2 -2 -2 -2 -2 -2 -2 -2 -2 -2 -2 -2 -2 -2 -2 -2 -2 -2 -2 -2 0.8 5.4 11.4 15.9 16.2 19.8 22.7 31.9 42 53.3 75.3 101.1 123.8 156.7 190.3 206.9 218 248.9 256.2 260.5 262 265.3 268.2 275.4 279 280.8 280.1 279.7 279.2 276.5 272.5 268.5 265.3 263.5 256.7 256.9 258.6 256.9 252.9 250.3
-2 -2 -2 -2 -2 -2 -2 -2 -2 -2 -2 -2 -2 -2 -2 -2 -2 -2 -2 -2 -2 -2 -2 -2 -2 -2 -2 -2 -2 -2 -2 -2 -2 -2 -2 -2 -2 -2 -2 -2 -2 -2 -2 -2 -2 -2 -2 -2 -2 -2 -2 -2 4.5 9.9 10.1 9.3 19.4 29.2 41 62 89.1 113.9 139.2 166.2 189.7 200.9 231.7 244.1 249.9 251.5 255.6 257.6 263.9 266.7 268.2 267.4 262.8 260.4 258 252 247.7 242.1 236.8 235.6 236.9 246.1 248.6 244.8 239.9
-2 -2 -2 -2 -2 -2 -2 -2 -2 -2 -2 -2 -2 -2 -2 -2 -2 -2 -2 -2 -2 -2 -2 -2 -2 -2 -2 -2 -2 -2 -2 -2 -2 -2 -2 -2 -2 -2 -2 -2 -2 -2 -2 -2 -2 -2 -2 -2 -2 -2 -2 -2 -2 -2 -2 -2 4.5 14.9 27.4 50.1 75.3 101.4 120 141.6 157.9 174 213.1 229.2 235.1 238.1 243.5 245.6 245.7 245.2 246.7 242 240.2 239.2 237.3 231.3 229.8 222.7 219.7 218.8 227.8 239.8 235.8 225.1 226.8
-2 -2 -2 -2 -2 -2 -2 -2 -2 -2 -2 -2 -2 -2 -2 -2 -2 -2 -2 -2 -2 -2 -2 -2 -2 -2 -2 -2 -2 -2 -2 -2 -2 -2 -2 -2 -2 -2 -2 -2 -2 -2 -2 -2 -2 -2 -2 -2 -2 -2 -2 -2 -2 -2 -2 -2 -2 -2 13.7 25.9 53.1 79 97.7 116.2 133.4 154.8 184.9 201.7 211.5 214.6 222.1 224.8 225.1 226.7 223.7 221.5 219.4 218.4 212.5 206 207.7 201 196.9 199.8 224 226.3 222.4 217.9 220.7
-2 -2 -2 -2 -2 -2 -2 -2 -2 -2 -2 -2 -2 -2 -2 -2 -2 -2 -2 -2 -2 -2 -2 -2 -2 -2 -2 -2 -2 -2 -2 -2 -2 -2 -2 -2 -2 -2 -2 -2 -2 -2 -2 -2 -2 -2 -2 -2 -2 -2 -2 -2 -2 -2 -2 -2 -2 -2 -2 -2 22.6 45.9 65.9 84.8 102.4 118.3 161.4 172.1 181.2 188.8 197.7 199.3 197.3 198.7 196.4 195.9 193.5 190.9 184.3 182.2 186.4 182.1 174 202.6 212.2 214.8 213.8 213.2 209.3
-2 -2 -2 -2 -2 -2 -2 -2 -2 -2 -2 -2 -2 -2 -2 -2 -2 -2 -2 -2 -2 -2 -2 -2 -2 -2 -2 -2 -2 -2 -2 -2 -2 -2 -2 -2 -2 -2 -2 -2 -2 -2 -2 -2 -2 -2 -2 -2 -2 -2 -2 -2 -2 -2 -2 -2 -2 -2 -2 -2 -2 11.5 30.6 49.5 63.8 79.6 114.9 134.2 146.6 156.6 165.4 167.3 169.7 171.7 172.5 169.4 166.8 154.6 162.5 156.7 172.7 162.9 164.7 183.6 191.9 198 195.4 189.9 186.4
-2 -2 -2 -2 -2 -2 -2 -2 -2 -2 -2 -2 -2 -2 -2 -2 -2 -2 -2 -2 -2 -2 -2 -2 -2 -2 -2 -2 -2 -2 -2 -2 -2 -2 -2 -2 -2 -2 -2 -2 -2 -2 -2 -2 -2 -2 -2 -2 -2 -2 -2 -2 -2 -2 -2 -2 -2 -2 -2 -2 -2 -2 -2 -2 7.8 46.9 63.5 90.5 108.4 120 134.8 137.4 136.7 125.8 121.6 122.8 122.8 117.9 117 117.3 117 119.6 135.3 153.7 166.9 164.6 154.8 150.6 156.3
-2 -2 -2 -2 -2 -2 -2 -2 -2 -2 -2 -2 -2 -2 -2 -2 -2 -2 -2 -2 -2 -2 -2 -2 -2 -2 -2 -2 -2 -2 -2 -2 -2 -2 -2 -2 -2 -2 -2 -2 -2 -2 -2 -2 -2 -2 -2 -2 -2 -2 -2 -2 -2 -2 -2 -2 -2 -2 -2 -2 -2 -2 -2 -2 -2 -2 41 53.1 64.6 78.1 95.5 95.9 85.4 81.3 82.5 83.6 89 95.5 92.1 89.5 98.1 106 111.6 117.7 124.7 138 146 152.2 151
-2 -2 -2 -2 -2 -2 -2 -2 -2 -2 -2 -2 -2 -2 -2 -2 -2 -2 -2 -2 -2 -2 -2 -2 -2 -2 -2 -2 -2 -2 -2 -2 -2 -2 -2 -2 -2 -2 -2 -2 -2 -2 -2 -2 -2 -2 -2 -2 -2 -2 -2 -2 -2 -2 -2 -2 -2 -2 -2 -2 -2 -2 -2 -2 -2 -2 -2 -2 31.2 35.4 42.9 45.2 40.8 45.1 51.1 56.9 70.4 68.9 80 91.5 103.9 114.4 120.4 126 141.7 149.5 154.9 169.5 171.2
-2 -2 -2 -2 -2 -2 -2 -2 -2 -2 -2 -2 -2 -2 -2 -2 -2 -2 -2 -2 -2 -2 -2 -2 -2 -2 -2 -2 -2 -2 -2 -2 -2 -2 -2 -2 -2 -2 -2 -2 -2 -2 -2 -2 -2 -2 -2 -2 -2 -2 -2 -2 -2 -2 -2 -2 -2 -2 -2 -2 -2 -2 -2 -2 -2 -2 -2 -2 -2 -2 -2 -2 -2 10.9 19.1 47.1 63.2 75.7 97.8 117.7 128.9 134.4 134.3 144.4 151.5 159.4 174.8 182.3 188.7
-2 -2 -2 -2 -2 -2 -2 -2 -2 -2 -2 -2 -2 -2 -2 -2 -2 -2 -2 -2 -2 -2 -2 -2 -2 -2 -2 -2 -2 -2 -2 -2 -2 -2 -2 -2 -2 -2 -2 -2 -2 -2 -2 -2 -2 -2 -2 -2 -2 -2 -2 -2 -2 -2 -2 -2 -2 -2 -2 -2 -2 -2 -2 -2 -2 -2 -2 -2 -2 -2 -2 -2 -2 -2 27.6 50.4 66.6 83.2 120.8 134.1 140 144.7 138.8 156.3 166.4 180.4 194.3 196.4 194.4
-2 -2 -2 -2 -2 -2 -2 -2 -2 -2 -2 -2 -2 -2 -2 -2 -2 -2 -2 -2 -2 -2 -2 -2 -2 -2 -2 -2 -2 -2 -2 -2 -2 -2 -2 -2 -2 -2 -2 -2 -2 -2 -2 -2 -2 -2 -2 -2 -2 -2 -2 -2 -2 -2 -2 -2 -2 -2 -2 -2 -2 -2 -2 -2 -2 -2 -2 -2 -2 -2 -2 -2 -2 -2 23.8 51.2 71.6 107.6 131 138.8 134.3 146.8 148.4 164.3 177.2 196.2 199.6 199.4 195.4
-2 -2 -2 -2 -2 -2 -2 -2 -2 -2 -2 -2 -2 -2 -2 -2 -2 -2 -2 -2 -2 -2 -2 -2 -2 -2 -2 -2 -2 -2 -2 -2 -2 -2 -2 -2 -2 -2 -2 -2 -2 -2 -2 -2 -2 -2 -2 -2 -2 -2 -2 -2 -2 -2 -2 -2 -2 -2 -2 -2 -2 -2 -2 -2 -2 -2 -2 -2 -2 -2 -2 -2 -2 -2 7.9 38.2 55.6 78.4 103.5 130 139.6 152 165.1 181.9 193.2 207.5 205.7 203.8 200.8
-2 -2 -2 -2 -2 -2 -2 -2 -2 -2 -2 -2 -2 -2 -2 -2 -2 -2 -2 -2 -2 -2 -2 -2 -2 -2 -2 -2 -2 -2 -2 -2 -2 -2 -2 -2 -2 -2 -2 -2 -2 -2 -2 -2 -2 -2 -2 -2 -2 -2 -2 -2 -2 -2 -2 -2 -2 -2 -2 -2 -2 -2 -2 -2 -2 -2 -2 -2 -2 -2 -2 -2 -2 -2 -2 21.9 46 91.5 120.5 153 166.3 173.2 178.2 189.8 206.6 208.7 211.2 210.8 209
-2 -2 -2 -2 -2 -2 -2 -2 -2 -2 -2 -2 -2 -2 -2 -2 -2 -2 -2 -2 -2 -2 -2 -2 -2 -2 -2 -2 -2 -2 -2 -2 -2 -2 -2 -2 -2 -2 -2 -2 -2 -2 -2 -2 -2 -2 -2 -2 -2 -2 -2 -2 -2 -2 -2 -2 -2 -2 -2 -2 -2 -2 -2 -2 -2 -2 -2 -2 -2 -2 -2 -2 -2 -2 -2 13.2 47.7 90.3 139.1 177.8 180.5 182.2 186.2 195.2 212.2 215 215.7 217.5 213.9
-2 -2 -2 -2 -2 -2 -2 -2 -2 -2 -2 -2 -2 -2 -2 -2 -2 -2 -2 -2 -2 -2 -2 -2 -2 -2 -2 -2 -2 -2 -2 -2 -2 -2 -2 -2 -2 -2 -2 -2 -2 -2 -2 -2 -2 -2 -2 -2 -2 -2 -2 -2 -2 -2 -2 -2 -2 -2 -2 -2 -2 -2 -2 -2 -2 -2 -2 -2 -2 -2 -2 -2 -2 -2 -2 24.2 46.1 84.4 128.7 171.2 177.8 182.2 189.6 196.9 216.5 219.4 216.5 214.5 209.8
-2 -2 -2 -2 -2 -2 -2 -2 -2 -2 -2 -2 -2 -2 -2 -2 -2 -2 -2 -2 -2 -2 -2 -2 -2 -2 -2 -2 -2 -2 -2 -2 -2 -2 -2 -2 -2 -2 -2 -2 -2 -2 -2 -2 -2 -2 -2 -2 -2 -2 -2 -2 -2 -2 -2 -2 -2 -2 -2 -2 -2 -2 -2 -2 -2 -2 -2 -2 -2 -2 -2 -2 -2 -2 -2 -2 37.5 76.8 109.4 126.8 143.9 159.7 165.9 177.1 190.5 203 206.2 203.4 204.5
-2 -2 -2 -2 -2 -2 -2 -2 -2 -2 -2 -2 -2 -2 -2 -2 -2 -2 -2 -2 -2 -2 -2 -2 -2 -2 -2 -2 -2 -2 -2 -2 -2 -2 -2 -2 -2 -2 -2 -2 -2 -2 -2 -2 -2 -2 -2 -2 -2 -2 -2 -2 -2 -2 -2 -2 -2 -2 -2 -2 -2 -2 -2 -2 -2 -2 -2 -2 -2 -2 -2 -2 -2 -2 -2 -2 29.5 64.5 89.8 108.6 133.3 150.9 155.3 168 172.5 188.8 193.5 190.9 198.1
-2 -2 -2 -2 -2 -2 -2 -2 -2 -2 -2 -2 -2 -2 -2 -2 -2 -2 -2 -2 -2 -2 -2 -2 -2 -2 -2 -2 -2 -2 -2 -2 -2 -2 -2 -2 -2 -2 -2 -2 -2 -2 -2 -2 -2 -2 -2 -2 -2 -2 -2 -2 -2 -2 -2 -2 -2 -2 -2 -2 -2 -2 -2 -2 -2 -2 -2 -2 -2 -2 -2 -2 -2 -2 -2 -2 23.1 56.5 75 85.6 110.1 126.5 138.4 152 169.2 174.9 170.1 165.6 185.7
-2 -2 -2 -2 -2 -2 -2 -2 -2 -2 -2 -2 -2 -2 -2 -2 -2 -2 -2 -2 -2 -2 -2 -2 -2 -2 -2 -2 -2 -2 -2 -2 -2 -2 -2 -2 -2 -2 -2 -2 -2 -2 -2 -2 -2 -2 -2 -2 -2 -2 -2 -2 -2 -2 -2 -2 -2 -2 -2 -2 -2 -2 -2 -2 -2 -2 -2 -2 -2 -2 -2 -2 -2 -2 -2 25 38.9 59.6 73.5 85.8 116.3 140.9 148.6 161.5 163.5 161.9 153.9 153.7 180.4
-2 -2 -2 -2 -2 -2 -2 -2 -2 -2 -2 -2 -2 -2 -2 -2 -2 -2 -2 -2 -2 -2 -2 -2 -2 -2 -2 -2 -2 -2 -2 -2 -2 -2 -2 -2 -2 -2 -2 -2 -2 -2 -2 -2 -2 -2 -2 -2 -2 -2 -2 -2 -2 -2 -2 -2 -2 -2 -2 -2 -2 -2 -2 -2 -2 -2 -2 -2 -2 -2 -2 -2 -2 -2 10.6 37.6 54.5 73.1 93.7 101.2 117.5 124.6 130.9 137.3 138.5 138.6 130.1 142.8 158.1
