data/200000-870000.asc
ncols 200
nrows 200
xllcorner 200000
yllcorner 870000
cellsize 50
[rows 140 to 174 of 200, columns 0 to 77 of 200]
365.1 342.6 332.7 320 309.6 309.6 309.6 309.6 309.6 309.6 309.6 309.6 309.6 309.6 319.3 327.6 341.6 361.1 378.1 397.8 412.9 430.4 461 498 529.4 554.5 572.6 588.1 580.7 571 573.1 543.5 514.9 491.8 475 466.7 462 458.1 463.7 458.9 463.3 468.9 473.4 480 490.5 493.7 500.9 508.3 521.7 537.2 548.9 560.5 569.3 577.2 581.7 591.6 604.1 615.1 625.5 636.5 650.7 661.4 674.8 697.8 724.9 759.6 800.4 831.9 856.5 798.2 751.1 727.4 716.5 703.9 705.6 708.8 717 760.1
388.9 364.8 348 331.9 311.8 309.6 309.6 309.6 309.6 309.6 309.6 309.6 309.6 309.6 309.6 316.4 329.2 343.9 358.1 378 392.6 407 438.4 470.3 505.4 529.6 549.4 561.1 556.8 576.5 579.8 538.9 498.4 483 470.7 463.3 454 449.6 452.7 451.1 460.2 464.7 469.8 476.9 481.1 487.3 492.8 503.5 514.6 529.9 542.6 552 562.7 573.4 579.8 587.4 599.6 610 620.9 631.3 642 653.9 666.4 689.6 714.6 744.9 782.9 824.6 862.7 813.4 772.1 738.4 727.5 716.1 714.9 725.8 740.9 789.3
416.6 383.7 364.5 342.9 323 309.6 309.6 309.6 309.6 309.6 309.6 309.6 309.6 309.6 309.6 309.6 318.4 329.7 340.6 354.5 369.8 389.3 405.4 434.5 461.8 503.3 503.7 500.9 517.6 547.6 548.2 521 480.8 470 458.4 453.9 448.4 441.4 442.7 446.8 457.8 463.3 467.2 472.3 474.2 481 491.2 503.9 511.4 522.6 534.2 543.8 555.3 566.3 574.1 581.2 593.3 604.5 614.8 625.7 634.7 646.1 655.7 679.7 705.2 730.3 766.5 803.1 836 835.4 791.9 766.3 752.9 747.7 750.2 753.9 767.2 813.7
438.1 408.6 387.9 359.5 335.7 317.9 309.6 309.6 309.6 309.6 309.6 309.6 309.6 309.6 309.6 309.6 312.7 318.5 329.3 338.7 357.1 371.7 384.7 405.1 434.4 455.1 441.7 455.3 479.8 505.8 495.5 480.3 456.1 453.2 448.4 443 439.6 433.5 433.8 443.6 450 454.9 459.6 462.2 474.8 480.3 491.1 501.6 510.7 518.1 526.9 535.8 546.1 557.8 567.7 573.6 585.3 596.5 606.8 617.2 626.4 636.4 649 671.2 691 715.1 748.6 784.7 816.2 849.1 816.3 796 785.9 781.7 781.1 783 800.8 855.7
456.1 433.4 406.3 381.5 355 333.6 314 309.6 309.6 309.6 309.6 309.6 309.6 309.6 309.6 309.6 309.6 309.6 313.4 325.6 341.9 361.5 368.1 377.8 392.1 394.3 411.5 421.2 434.1 454.4 447.1 437.2 440.1 434.5 433.7 430.4 424.7 426.3 424.5 434.3 439.1 444.3 451.4 460.8 468.6 476.8 487.2 495.1 502.4 511.7 519.7 528.9 538.7 547.7 560.2 566.7 574.5 586.7 598 608.3 618.3 626.8 640.2 655.2 676.6 699.3 729.7 762 793.5 822.7 841.3 859.7 830.5 815.2 808.2 818.1 840.5 893.6
484.5 455.2 425.4 401.1 378.5 353.1 330.5 312.7 309.6 309.6 309.6 309.6 309.6 309.6 309.6 309.6 309.6 309.6 309.6 316.6 328.2 344.2 351.8 358.9 368.3 378.4 387.9 404.2 408.4 410.4 408.6 417 419.6 418.9 417.2 415.9 412 417.2 419.8 426.3 431.6 439.1 445.3 455.1 458.4 468.8 478.2 486.8 496 504.9 512.2 522.3 530.9 539.3 550.5 559.8 566.4 576.8 586.7 596.5 605.7 616.7 627 640.7 661.3 682.4 711 741.9 770.5 798.8 819.4 843.6 871 857.6 851.6 859.1 885.9 921.8
517.9 492 456.4 429.9 416.9 377.5 351.5 329.4 317.7 309.6 309.6 309.6 309.6 309.6 309.6 309.6 309.6 309.6 309.6 309.6 311.9 325 342.5 345.7 355.5 362.7 376.4 385.5 389.8 390.1 397.9 401.4 401.3 402.4 402.4 402.1 395.9 406.3 410.7 417.6 425 430.7 433.9 440.8 448.6 457.7 470.9 480.4 489.6 496.5 505.3 515.9 524.6 532.9 543 553.2 559.2 566 572.8 582.3 592.2 602.7 614.7 628 648.5 664.9 690.8 717.4 747.9 776.4 792.8 812 829.6 846 861.6 873.2 894.3 906.6
574.9 534.6 493.9 474.7 438.1 398.6 373.2 349.1 329.4 316.2 309.6 310.8 309.6 309.6 309.6 309.6 309.6 309.6 309.6 309.6 309.6 309.6 324.6 332.3 341.6 352.4 361 367.6 370.6 374.8 377.5 382 385.1 386 386.8 387.8 389 387.6 402.9 404.9 412.9 420.2 425.8 430.2 439.2 448.7 460 472.8 481.3 487.4 498.5 512.8 519.6 527.6 538.8 548.1 554.9 560.1 564.3 569.2 578.2 589 603.8 616.1 630.5 646.5 669.6 695.4 724.2 746.8 761 779.1 798 815.9 830.2 844.1 862.2 882
598.7 576.1 538.8 495.6 475.9 419.9 394 369.6 341.5 325.2 316.5 314.9 311.6 309.6 309.6 309.6 309.6 309.6 309.6 309.6 309.6 309.6 309.6 323 334.7 343.8 349.4 350.8 352.2 355.8 357.2 361.9 366.1 368 372 371.5 380.8 381.6 388.2 396 401.9 408.9 414.4 420 431.5 439 449.9 459.9 468.7 476.3 489.5 495.8 511.5 520.8 531.2 544.2 550.6 554.1 556.4 561.4 566.3 578.9 593.6 605.5 616.4 628.4 647.3 671.4 697.8 715.5 729.3 749.6 767.8 786.3 801 813.6 830.1 853.1
607 596.5 570.4 536.5 486.6 447.4 422.8 380.7 356.9 335.8 325.7 320.1 314.4 309.6 309.6 309.6 309.6 309.6 309.6 309.6 309.6 309.6 309.6 309.6 316 329.4 332.1 333.4 335.6 337.1 338.8 347.8 349.6 352.8 356.6 353.6 362.4 371.3 376.1 383.8 390.8 397.4 403.4 412.4 419.7 428.1 436.2 447.3 453.6 466.1 478.2 484.5 499.1 510.4 524.2 538 545 548.4 550.7 554.5 556.1 568.1 582.4 593.4 604.4 612.5 630.7 648.5 668.5 693.3 700.6 715.9 739.9 757.7 772.9 783.5 799.1 818.3
594.8 589.4 565.5 543 499.4 486 445.2 392.5 367.5 350.7 333.4 325 318.2 311.1 309.6 309.6 309.6 309.6 309.6 309.6 309.6 309.6 309.6 309.6 309.6 315.6 319.5 321.4 324.7 326.3 324.6 329.3 336.4 337.8 340.2 342.3 354.1 361.8 364.4 373.1 380.6 386.3 393.1 401.9 407.3 417.4 422.8 430.8 443.8 454.7 465.7 472.5 484.9 499.3 514.9 528.9 538 540.9 544.5 547.6 551 556.1 567.9 579.1 590.3 599.1 614.5 630.3 643.5 663.9 671.6 682.1 705.6 725.1 741.4 755.4 767.3 785.5
577.2 559.7 555.4 548.8 517.1 508.5 475.9 414.1 382.5 359.2 347.8 335.9 326.3 318 310.1 309.6 309.6 309.6 309.6 309.6 309.6 309.6 309.6 309.6 309.6 309.6 309.6 309.6 316.7 317.6 313.1 317.7 322.5 328.9 328.8 336.6 345.3 350.8 357.8 362.9 370.6 378.8 387 392.5 396.5 404.8 414.6 421.9 431 443.6 449.2 460.9 472.2 489.1 507.1 524.6 530.3 531.3 535.9 539.3 543.5 548.2 554.5 563.3 574.6 583.4 596.4 613.5 623 637.7 645 653.4 670.9 691.6 708.1 727.8 731.6 753.8
581.6 547 530.5 523.1 517.9 491 459.2 426.7 395.6 385.9 361.6 348.5 335.2 325.1 317.9 309.6 309.6 309.6 309.6 309.6 309.6 309.6 309.6 309.6 309.6 309.6 309.6 309.6 309.6 309.6 309.6 309.6 313.1 319.9 322.4 328.2 334.5 340.4 348.9 355.4 363.5 372 376.2 380.1 388 393.1 402.7 412.6 419.4 428.6 437.7 445.6 459 475.9 494.5 507.6 513.2 520 525.5 530.1 533.9 537 542.1 548.1 555.9 566 578.4 593.4 606.1 614.9 619.8 628.2 639.4 656.8 676 687.8 696.4 713.6
585.5 552.2 527.5 516.4 502.3 506.9 500.7 459.9 424.1 397.1 374.9 358.4 344.8 333 325.1 316.6 309.6 309.6 309.6 309.6 309.6 309.6 309.6 309.6 309.6 309.6 309.6 309.6 309.6 309.6 309.6 309.6 311.8 314.8 317.4 320.8 325.9 329.2 339.5 347 355.2 362.6 365.4 373.8 380.6 389.3 393 402 406.5 414 422.7 431.4 444.3 456.4 469.5 478.1 490.8 507 516.2 521 524.9 526.7 530.4 536.5 543.2 549.9 561.8 573.8 584.2 591.5 598.5 606.5 616.6 630.4 645.2 654.3 665 678.1
594.4 568.2 526.7 520.1 514.7 515.9 505.8 473.7 447.9 423 401.1 377.3 360.5 345.6 332.5 323.2 309.6 309.6 309.6 309.6 309.6 309.6 309.6 309.6 309.6 309.6 309.6 309.6 309.6 309.6 309.6 309.6 309.6 311.5 312.2 314.7 318.8 326 334.5 340.8 346.7 350.6 356.7 366.2 373 380.4 386.4 391.1 395.8 401.4 411.1 418.7 430.3 441.2 449.1 457.5 476.6 495.2 509.9 510.8 514.7 517.6 520.1 523.3 529.7 537.2 544.6 555.1 564 571 578.7 586.8 596.8 602.2 613.9 624.5 633 643.3
605 584.4 546.1 529 523.2 523.5 510.9 487 464.2 449.5 429 400.8 379.4 361.5 342.3 330.3 317.4 309.6 309.6 309.6 309.6 309.6 309.6 309.6 309.6 309.6 309.6 309.6 309.6 309.6 309.6 309.6 309.6 309.6 309.6 309.6 312.6 320.8 330.3 337.6 342.2 344.9 352 357.5 365.8 372.4 377.2 385.3 387.6 395.3 399.2 406.7 416.3 426.7 434.5 443.4 461.7 490.4 500.4 500 502.3 506.7 511.5 513.9 516.5 522.7 529.9 538 546.6 553.1 560.6 568.4 576.9 583.7 592.5 601.4 606.2 614.7
610.6 584.9 561.2 547.1 529.3 517.4 505.1 483.9 472 465.2 452 420.3 389.9 366.3 349.3 336.9 326.3 315.4 309.6 309.6 309.6 309.6 309.6 309.6 309.6 309.6 309.6 309.6 309.6 309.6 309.6 309.6 309.6 309.6 309.6 309.6 309.6 314.8 323 332.9 337.8 344.7 351.2 356.4 362.4 366.8 370.8 378 380.7 385.5 391.4 395 403.7 413.3 419.6 429.8 437.5 460.1 469 482.5 486.7 491 499.4 504.3 506.7 509.2 515.4 522.2 529.6 536.2 542.3 550 558.8 566.4 575.2 581.6 586.9 591.2
627.3 601.9 578.5 572.6 552.7 527.9 503.7 490.5 479.2 470.2 451.9 425.1 399.2 376.3 357.8 344 334 323.9 315.4 309.6 309.6 309.6 309.6 309.6 309.6 309.6 309.6 309.6 309.6 309.6 309.6 309.6 309.6 309.6 309.6 309.6 309.6 309.6 315 325.9 333 338.6 346.1 352.2 357.1 360.7 362.2 368.5 372.6 378.1 383.8 387.4 393.2 402.4 406.1 414.6 423.8 433.7 449 457.3 466.5 473.3 481.6 489.6 494.1 497.3 501.6 507.8 514.2 520.1 526.8 533.4 540.7 547.8 557.8 564.6 570.7 576.2
651.6 617.6 595.8 587.7 568.5 546.5 510.4 499.7 489.5 472.5 455.4 439.8 418.3 387.5 366.4 353.9 345 334.6 326.6 318.2 309.6 309.6 309.6 309.6 309.6 309.6 309.6 309.6 309.6 309.6 309.6 309.6 309.6 309.6 309.6 309.6 309.6 309.6 309.6 319 329.5 335.5 341.9 344.8 353.1 353.5 356.6 363 368.6 370.7 375.9 380 384.5 389.6 395 402 410.9 417.4 426.5 440.4 444.9 454.5 460.8 472.5 478.2 485.2 490.3 494.6 500.5 505.1 511.2 518.1 524.7 531.7 540.7 549.5 556.5 563.9
656.6 639.4 611.4 590.9 570.7 549.3 526.6 509.3 500.2 478.5 469.2 455.1 419.9 397.3 378.3 365.1 358.6 350.2 340.6 331 315.6 309.6 309.6 309.6 309.6 309.6 309.6 309.6 309.6 309.6 309.6 309.6 309.6 309.6 309.6 309.6 309.6 309.6 309.6 309.6 318.9 322.8 337 337.6 345 347.4 349.7 354.1 359.7 365.1 370.5 374.1 379.3 382.1 388.3 387.7 395 402.7 412.6 419.6 426 433.6 443.9 455.9 460 467 475.4 479.9 485.4 491.6 497.3 503.4 510.9 518.7 526.5 536.9 548.2 554.3
676 647.4 620.3 609.9 580.2 561.3 531.7 516.6 505.5 488.3 474.8 453.2 428.7 412.5 393.4 380.6 372.1 366.6 355.6 337.8 322.5 309.6 309.6 309.6 309.6 309.6 309.6 309.6 309.6 309.6 309.6 309.6 309.6 309.6 309.6 309.6 309.6 309.6 309.6 309.6 309.6 320 326.4 334.3 340 343.8 345.7 348.7 352.1 358.2 364.5 368.7 373.7 376.4 379.4 381.2 386.2 392.7 397 404.8 409.3 419.8 433.4 439.6 446.4 447.2 454.6 461.8 469.5 477.2 484.3 491.3 498.7 505.8 514.5 526.6 541.4 547.5
680.8 649.9 623.2 601.5 577.3 559 533.3 520.6 513.2 492.5 474.8 455.2 443.1 432 412.8 397.6 390.8 382.8 363.4 341.2 330.5 316.6 309.6 309.6 309.6 309.6 309.6 309.6 309.6 309.6 309.6 309.6 309.6 309.6 309.6 309.6 309.6 309.6 309.6 309.6 309.6 309.6 321.6 329.1 334.7 337.5 343 349.4 352.1 356.1 362.7 365.8 368.8 372.2 374.8 378.3 377.9 381.1 387 389.1 394.3 406.2 422.5 425.7 429 432 437 445.7 455.8 462.2 470.1 479.7 489.1 495.9 505.5 517.4 531.2 544.3
656.8 633.8 604.6 578.1 564.2 541.6 525 520.3 523.1 500.3 484.3 470.2 465.4 452.1 433.2 416.8 411.3 393 371.7 352.3 339.5 326.9 313.8 309.6 309.6 309.6 309.6 309.6 309.6 309.6 309.6 309.6 309.6 309.6 309.6 309.6 309.6 309.6 309.6 309.6 309.6 309.6 317.9 327.9 332 334.1 337.6 342.4 344.8 352.4 355.6 361.2 365.1 366.9 366.9 372 374.5 376.2 380.3 381.7 382.8 394.2 405.4 412.5 413.3 415.2 426.6 432.3 442.6 443.8 455.4 470.1 477.9 488.2 498.7 510.6 529.2 545.7
632.4 600.9 576.2 560.4 545.1 527.4 518.6 518.3 516.3 503.1 492.3 484.9 478.3 465.7 455 437.9 424.4 406.8 381.7 364.5 350.2 335.4 324.2 309.6 309.6 309.6 309.6 309.6 309.6 309.6 309.6 309.6 309.6 309.6 309.6 309.6 309.6 309.6 309.6 309.6 309.6 309.6 309.6 318.2 319 328.1 332.4 333.5 338.3 346.3 349.5 355.7 358.1 361.2 363.5 365 369.9 372.2 375.4 375.5 376.4 381.9 391.3 398.7 403.4 403.8 410.4 415.1 426.6 434.5 443.6 459.8 479.6 490.5 498 507.5 526.2 551.2
603.3 568.7 556.8 541.2 528.5 517.3 515 518.7 529.1 515.4 502.4 496.8 487.8 486.5 466.8 445.8 432.3 422.6 395.4 378.3 361.3 344.6 330.6 318.7 309.6 309.6 309.6 309.6 309.6 309.6 309.6 309.6 309.6 309.6 309.6 309.6 309.6 309.6 309.6 309.6 309.6 309.6 309.6 309.6 309.6 311.3 321 330.8 335.8 339.6 344.6 353.5 356.2 359.4 361.8 363.2 367.3 366.8 364.1 366.8 371 373.7 382.4 386.5 387.4 394.1 401.6 408.3 417 426.5 438.8 453.8 472.9 481.3 490.4 500.9 519.4 559.1
572.9 544.4 528 519.9 517 516.1 515.3 526.2 540.7 537.1 520.4 510.3 504.2 491.3 466.9 450.9 440.4 425.5 398.7 387.5 368.7 349.5 335 323.7 309.6 309.6 309.6 309.6 309.6 309.6 309.6 309.6 309.6 309.6 309.6 309.6 309.6 309.6 309.6 309.6 309.6 309.6 309.6 309.6 309.6 309.6 316.2 324.7 329.9 333.6 340.6 351.2 356.5 359 358.9 359.7 362.4 361.2 358.6 360.3 366.4 371.2 376.8 377.8 377.8 385.9 391.8 400.1 410.2 417.5 428.7 441.7 458.8 464.2 477.9 491.4 515.1 553.2
551 526.6 515.3 513.9 514.6 513 519.6 530.2 529.8 541 532.1 526.9 513.7 495.7 472.8 454.5 437.6 415.8 398.5 385.1 370.3 354.4 338.9 327 311.4 309.6 309.6 309.6 309.6 309.6 309.6 309.6 309.6 309.6 309.6 309.6 309.6 309.6 309.6 309.6 309.6 309.6 309.6 309.6 309.6 309.6 309.7 318 321.9 330.9 342 358.2 357.5 356.1 355.7 357.2 359.1 356.7 355.2 358.2 364.2 370.7 372.1 365.6 372.8 380.1 384.2 391.2 403.1 410.8 418.4 430.6 439.9 451.8 467.2 493.1 516.9 536.4
529.6 516.9 512.2 511.8 511.8 523 534.8 522.3 524.9 533.9 539.9 532.6 529.1 510.2 484.8 461.9 443.2 421.1 403.5 386.7 373.3 358.9 344.6 331.1 317.7 309.6 309.6 309.6 309.6 309.6 309.6 309.6 309.6 309.6 309.6 309.6 309.6 309.6 309.6 309.6 309.6 309.6 309.6 309.6 309.6 309.6 309.6 313.5 318.9 327.7 340.5 351.1 358.9 353 353.9 356.4 354.1 352 351.1 354 359.3 363.5 362.8 358.1 368.9 372.7 376.7 383.4 392.8 400.3 409.2 415.6 421.9 437.3 453.4 472.6 504.1 530.1
517.2 511.8 511.9 511.8 519 513.2 511.7 518.4 526.2 542.7 544.4 532.7 540 526.4 489.7 475.2 453.4 433.2 413.1 395.7 378.4 363.9 350.4 337.3 324.2 311.1 309.6 309.6 309.6 309.6 309.6 309.6 309.6 309.6 309.6 309.6 309.6 309.6 309.6 309.6 309.6 309.6 309.6 309.6 309.6 309.6 309.6 309.6 319.3 327.1 338.6 347.9 349.4 349 348.4 349.9 348.2 347 346.6 351.3 355.6 356.9 351.9 354.5 363.2 368.5 372.4 377.3 384.5 394.4 396.1 402.8 410 424.1 440.5 459.3 481.8 510.6
511.9 511.7 515.3 516.4 515.4 506.4 503.2 513.3 535.7 537.1 539 535.7 546.5 532.1 500 481.1 466 446.1 419.8 399.6 384.3 371.7 358.2 345.8 332.9 320.1 309.6 309.6 309.6 309.6 309.6 309.6 309.6 309.6 309.6 309.6 309.6 309.6 309.6 309.6 309.6 309.6 309.6 309.6 309.6 309.6 309.6 309.6 311.5 320.5 332.8 343 341.1 341.1 341.2 339.6 343 343.6 343.8 346.1 349.2 348.4 343.8 347.8 356.4 362.6 370.8 378.4 382.6 382.6 387 393.8 403.4 418.5 433.2 446.5 460.7 482.3
513.9 526.5 519 518.2 504.2 494 493.6 515.1 526.1 520.6 528 532.4 541.5 528.6 506.1 489 465.2 442 422.9 406.4 393.1 380.5 367.1 354.4 341.4 328.4 314.2 309.6 309.6 309.6 309.6 309.6 309.6 309.6 309.6 309.6 309.6 309.6 309.6 309.6 309.6 309.6 309.6 309.6 309.6 309.6 309.6 309.6 309.6 310.6 320.6 326.9 332 333.8 331.5 334.1 336.9 339.6 340.1 340.5 342 341.5 341.6 344.7 351.6 358.5 364.5 370.9 378.6 377.6 379.5 388.1 400.7 407.3 422.1 434.4 446.5 455.3
518.2 522.2 510.8 506.9 491.1 487 493.4 516.3 510 513.3 525.3 526.7 528.3 531.3 510.5 490.6 464.1 444.8 428.4 416.1 401.2 388.3 374.6 362.4 349.5 337.5 324 311.6 309.6 309.6 309.6 309.6 309.6 309.6 309.6 309.6 309.6 309.6 309.6 309.6 309.6 309.6 309.6 309.6 309.6 309.6 309.6 309.6 309.6 309.6 309.6 317.4 325.2 325.7 324.4 326.1 328.2 332.4 336.2 335.8 338.2 339.8 340 343.5 349.1 355.8 360.6 363.9 368 372.5 380.3 390.1 398 405.6 417.1 423.9 429.1 437.3
512 508.5 495.7 490 476.8 477.5 485.7 492.4 497.4 506.9 512.5 528.3 535.5 539.4 512.6 499.1 478.3 459.4 442.6 424.3 407.9 394.2 379.9 371.3 359.9 346.8 333.9 321.3 309.6 309.6 309.6 309.6 309.6 309.6 309.6 309.6 309.6 309.6 309.6 309.6 309.6 309.6 309.6 309.6 309.6 309.6 309.6 309.6 309.6 309.6 309.6 309.6 314 317.7 316.7 318.5 320.9 325.8 330.3 338.5 338 340.2 341.6 343.3 348.5 353.3 357.8 359.3 360.5 371.1 384.6 396.7 405.1 408.1 411.1 411.1 418 418.8
485.1 481.9 474.7 466.2 461.4 469.6 468.1 479.6 496.2 496.5 515 531.9 537 531 513.1 500.3 486.5 473.7 454.5 434.3 415 399.5 386 375.3 367.5 357.1 344 330 314.4 309.6 309.6 309.6 309.6 309.6 309.6 309.6 309.6 309.6 309.6 309.6 309.6 309.6 309.6 309.6 309.6 309.6 309.6 309.6 309.6 309.6 309.6 309.6 309.6 309.6 312.8 314.7 317.8 325 328.6 330.8 338.1 342 343 345.3 345.6 349.4 353.4 355 360.5 370.6 382.1 393.5 409.5 405.5 404.2 403.6 408.2 406.6
465.1 455.5 452.5 446.1 447.1 458.7 467.4 469.6 472.1 491 510.4 521.5 524.4 516.9 496.4 490.4 481.4 470.7 455.6 442.7 427.1 410.2 388.8 374.5 380.1 370.1 355.5 337.7 319.7 309.6 309.6 309.6 309.6 309.6 309.6 309.6 309.6 309.6 309.6 309.6 309.6 309.6 309.6 309.6 309.6 309.6 309.6 309.6 309.6 309.6 309.6 309.6 309.6 309.6 312.5 314.3 317.7 330.3 328.7 340.3 342.7 346.8 346.2 343.9 344.3 346.5 348.9 352.2 361.1 371.9 378.8 387 396.2 397.7 397.2 395 399.1 394.9
