data/200000-900000.asc
ncols 200
nrows 200
xllcorner 200000
yllcorner 900000
cellsize 50
[rows 0 to 39 of 200, columns 89 to 177 of 200]
142.6 142.9 145.7 146.5 146.3 141.1 134.5 126.2 123.5 123.7 126.8 129.7 134.8 136.1 137.3 142.7 144.8 149.9 150.7 147.6 144.8 144.4 143.1 141.9 137.3 132.1 128 126.7 123 119.1 112.9 105.3 95.4 87.6 81 73.9 72.4 73.2 76 77.4 76.8 76.1 71.7 68.9 67.1 66.1 61 62 56.2 52.6 47.7 47.7 47.7 47.7 47.7 47.7 47.7 47.7 47.7 47.7 47.7 47.7 47.7 47.7 47.7 47.7 47.7 47.7 47.7 47.7 47.7 47.7 47.7 47.7 47.7 47.7 47.7 47.7 47.7 47.7 47.7 47.7 47.7 47.7 60 73.7 87.9 97.1 112.3
138 138.2 143 148 150.7 151.2 149.6 143.5 136 139.5 139.7 143.6 144.7 146.3 146.2 147.7 151.7 157 158 154.8 151.5 146.3 139.8 135.8 131.2 126.2 124.4 123.6 119.7 113.9 109.6 104.7 102 98.8 85.5 88.7 91.6 95.1 97.4 91 85.6 79.9 73.5 73 70.7 66.6 66.8 64.3 57.9 47.7 47.7 47.7 47.7 54.8 53.9 53.1 47.7 47.7 50.2 49.8 52.3 50.6 47.7 47.7 47.7 47.7 47.7 47.7 47.7 47.7 47.7 47.7 47.7 47.7 47.7 47.7 47.7 47.7 47.7 47.7 47.7 47.7 47.7 55.9 58.5 67.9 81.1 89.6 93.5
138 138 138 143.5 146.5 150.6 151.1 149.8 145.9 142.9 143.9 143.4 143.3 144.3 153.4 156.8 157.5 159.5 159 159 157.6 152 144.2 141 139.1 143.3 143.4 136.9 132.9 130.9 132.4 133.2 125.3 109.3 94.4 91.5 98.6 99.1 98.7 93 88 83.6 81.2 77.5 73.7 72 72.3 70.9 65.1 63.2 47.9 47.7 48.1 53.5 55.6 61.8 64.8 62.8 63.4 61.7 57.9 54.9 53.4 47.7 47.7 47.7 47.7 47.7 47.7 47.7 47.7 47.7 47.7 47.7 47.7 47.7 47.7 47.7 47.7 47.7 47.7 47.7 47.7 47.7 55.5 63.9 72.4 88.4 89
138 138 138 141.5 144.5 147 146.8 146.6 145.4 145.1 145.1 138.3 146.2 153.6 159.8 168 173.9 175.9 176.9 177 174.3 165.8 158.9 157.8 156.8 157 154.2 147.3 146.4 147.3 145.6 140.7 135.2 120.3 113.2 108.7 110.6 107.9 102 98.7 95 89 85.4 79.1 77.4 76.3 77.6 77.5 79.4 85.3 84 77.8 67.5 64.2 59.3 62.1 65.7 65.8 65.5 61.4 56.8 54.5 53.9 47.7 47.7 47.7 47.7 47.7 47.7 47.7 47.7 47.7 47.7 47.7 47.7 47.7 47.7 47.7 47.7 47.7 47.7 47.7 47.7 47.7 50.2 55.4 62 78.3 81.5
143.3 138 138 138 138 138 142 142.2 138.8 138 138 140.9 152.3 164.4 174.6 180.2 180.4 181.9 182.8 184.9 184.2 183.1 183.2 179.4 176.4 172 163.4 156.2 154.6 150 143.8 139.8 131.5 120.4 114.9 111.9 119.8 117.5 107.9 100.2 101.3 98.4 91.5 87.3 85.4 84.6 85.4 85.2 86.3 84.8 82.9 81.8 75.2 69.6 68.8 65.7 67.6 70 72.1 68.8 62.2 56.7 53.3 47.7 47.7 47.7 47.7 47.7 47.7 47.7 47.7 47.7 47.7 47.7 47.7 47.7 47.7 47.7 47.7 47.7 47.7 47.7 47.7 47.7 47.7 47.7 47.7 61.4 72.2
145.6 144.2 138 138 138 138 138 138 138 138 139.5 153.5 165.9 183.6 190.5 191 189.2 188.4 188 187.9 186.7 184.5 182.8 180.5 177.5 171 163.4 162.4 165.1 163.2 157.7 151.5 134.5 121.2 123.2 129.7 129.6 134.1 132.7 124.5 107.6 111.7 111.1 105.4 103.6 104.1 102.4 98.5 96.1 90.5 83.6 77.4 74.3 70.3 71.6 72.6 64 63.9 62.3 62 61 59 55.1 51.6 49.7 47.7 47.7 47.7 47.7 47.7 47.7 47.7 47.7 47.7 47.7 47.7 47.7 47.7 47.7 47.7 47.7 47.7 47.7 47.7 47.7 47.7 47.7 47.7 49.3
147.8 147 145.6 140.5 138 138 138 138 138 138 138 148.7 162.4 173.9 183.7 187.2 196 197.4 197.3 194.9 192.3 189 185.4 181.6 176.7 173.6 175.7 173.2 171.5 166.4 160.2 151 150.5 151.6 142.6 154.7 155.5 158.9 151.4 141.6 117.2 112.9 112.3 114.5 116 115.3 113.6 110.1 106.9 99 96.1 94.5 86.1 78 72.1 67.3 62.4 58.5 57.9 59.2 60.2 59.6 56.6 54.1 47.7 47.7 47.7 47.7 47.7 47.7 47.7 47.7 47.7 47.7 47.7 47.7 47.7 47.7 47.7 47.7 47.7 47.7 47.7 47.7 47.7 47.7 47.7 47.7 47.7
150 149.7 149.2 146.9 143.7 138 138 138 138 138 138 145.6 162.6 174.5 185.4 191.4 195.1 197.6 197.6 195.3 194.2 193.4 187.9 182.3 175.7 175.6 175.5 174.8 172.4 169.4 168.2 170.5 176 174.2 163.1 158.8 169.8 169.7 161.4 144.1 128.9 120.2 115 120.2 124.9 124.4 123.2 119.3 113.7 107 98.5 94.1 89 80 76.7 71.3 68.8 60.2 56.6 54.4 56.6 58.1 58 55.7 50.3 47.7 47.7 47.7 47.7 47.7 47.7 47.7 47.7 47.7 47.7 47.7 47.7 47.7 47.7 47.7 47.7 47.7 47.7 47.7 47.7 47.7 47.7 47.7 47.7
153.5 153.4 151.9 149.1 146.6 142.6 138 138 138 138 138 143.8 156.5 170.3 180.8 189.3 192 193.9 195.7 197.1 198.6 197.8 191.6 187.1 184.6 185.7 187.3 186.5 181.9 174.7 176.9 175.8 176 173.1 169.4 166 164.1 164.4 161.1 144 136.7 132.2 122.3 125.9 128.1 125.4 123.2 120 115.5 110.7 104.4 97.4 88.4 84.4 82.4 78 78.9 71 61.1 56.3 54.7 53.2 54.6 55 52.5 47.7 47.7 47.7 47.7 47.7 47.7 47.7 47.7 47.7 47.7 47.7 47.7 47.7 47.7 47.7 47.7 47.7 47.7 47.7 47.7 47.7 47.7 47.7 47.7
159.9 158 155.5 152.9 149.4 145.8 139.6 138 138 138 138 138 151.3 161.4 172.6 181 187.5 192.1 196.1 200.7 203.2 200.3 192.4 185 181.8 181.8 182.6 183 181.8 183.2 185.6 183.4 175.6 172.8 168 159.4 155.8 155.6 154.6 151.3 142.8 137.4 136.6 135.1 134.6 130.8 124.1 118.4 113.8 110.3 105.9 99.8 98.5 102 103.1 102 95 92.4 84.5 65.7 62 57.4 52.4 51.5 48.5 47.7 47.7 47.7 47.7 47.7 47.7 47.7 47.7 47.7 47.7 47.7 47.7 47.7 47.7 47.7 47.7 47.7 47.7 47.7 47.7 47.7 47.7 47.7 47.7
163 162.5 159.2 156.1 152.7 149.2 145.7 140.8 138 138 138 138 150 163.3 172.4 179.9 187 187 183.8 185.4 187.8 187.7 183 181.8 181.8 181.8 185.3 187.3 190 192.9 191.6 190.5 189.1 184 179 165.1 158.7 157.6 158 157.7 155.5 151.3 150.8 146.9 144.5 143 137.6 131.6 126.2 118.2 116.2 116.4 121.6 121.9 118.5 116.7 112.4 109.5 100.1 92.8 77 61.6 53.6 51.2 47.7 47.7 47.7 47.7 47.7 47.7 47.7 47.7 47.7 47.7 47.7 47.7 47.7 47.7 47.7 47.7 47.7 47.7 47.7 47.7 47.7 47.7 47.7 47.7 47.7
165.9 164.5 162.1 160.7 156.8 152.7 149.3 145 139.6 138 138 138 149.7 160 171.1 178.8 182.3 181.8 181.8 181.8 182.5 181.8 181.8 184.2 181.8 185.5 188.8 189.9 189.2 189.7 188.5 186.2 184.3 179.1 170.3 158.9 157.5 169 178.9 171.1 159.5 158.8 151.7 144.7 140.5 137.6 135.8 131.9 129.3 128.7 131.2 128.9 125.3 125.1 123.1 121.7 117.4 113.1 105 103.6 96.8 74.6 57.3 52.8 47.7 47.7 47.7 47.7 47.7 47.7 47.7 47.7 47.7 47.7 47.7 47.7 47.7 47.7 47.7 47.7 47.7 47.7 47.7 47.7 53 47.7 47.7 47.7 47.7
168.9 169.8 168.3 166.4 162.3 158.8 155.5 152.6 146.1 142.9 141.9 143.7 152.6 165.4 172.9 180.3 184 185 186.3 186.6 183.3 184.6 186.9 184.8 181.9 185.6 187.8 193.1 191.8 190.9 187.7 183.9 178.3 171.9 168.5 157.5 157.5 167.3 175.7 167 157.8 154.9 151.3 143.8 149.6 151 151.4 150.1 152.2 152.9 144.3 137.2 129.5 125.8 126 124.1 121.2 115.9 108.4 104.8 102.5 86.9 70.1 56.7 52.1 53.4 47.7 47.7 47.7 47.7 47.7 47.7 47.7 47.7 47.7 47.7 47.7 47.7 47.7 47.9 54.1 53.1 51.4 52.8 53.3 49.3 47.7 47.7 47.7
171.6 172.8 173 172.5 168.4 164.3 161.2 158.8 155.1 149.5 147.2 147.6 159.4 170.1 177.2 182.8 182.4 183.3 181.7 179.3 178.6 179.4 182.3 184.6 185.6 188 184.4 185.4 185.7 188.3 188.4 185.4 177.2 169.5 164.3 157.5 157.5 157.5 161.9 159.8 157.2 153.7 153.3 174.7 173.3 173.5 172.5 166.9 165.4 162.5 162.5 146.8 131.6 130.2 128.9 126.2 124 119.1 115.3 107.9 104.1 97.9 88.9 71.1 56.6 56.5 55.8 47.7 47.7 47.7 47.7 47.7 47.7 47.7 47.7 47.7 47.7 47.7 54.1 58.3 55.9 58.4 59.2 57.9 58.2 58.4 62.9 66.9 60.4
174.2 175.3 176.1 175.4 172.5 169.6 166.8 163.1 157.5 156.2 156.6 154.9 159.2 165.5 174.8 179.5 182.9 182.6 181.3 174.8 174.8 174.8 174.8 174.8 174.8 174.8 174.8 178.7 182.7 187.6 187.4 186.2 177.5 169 160.9 157.5 157.5 161 161.9 161 166.5 174.3 181.4 181.9 178.3 177.7 178.1 175.6 178.4 178.4 168.1 170.5 156.4 147.2 145.1 146.4 144.7 128.6 119.6 112.4 107.8 105.5 96.6 88.9 75.8 68.1 59.8 54.9 52.1 53.2 57 54.2 55.9 49.8 47.7 54.1 51.9 52.8 52.7 54.6 57.9 59.5 61.7 64.6 69 70.5 76.9 73.7 71.9
175.1 177.4 178.3 178.3 176.5 174.8 172.1 169.4 165.6 162.4 161.8 162.8 170.1 177.5 186.9 189.7 190.3 189 183.2 176.4 176.6 182.4 186.4 184 179.1 174.8 176.5 174.8 174.8 177.3 175.2 177.1 176.5 175 166.7 171.8 178.4 180.9 180.3 176.4 182 183.9 194.6 198.7 197.1 193.2 189.1 188.9 186.5 184.9 182.3 174.3 163.2 154.7 150.9 149.3 147.9 142 134 136.9 114.4 109 105.3 101.8 99 89.6 68.9 60.1 60.1 55.5 54.9 47.7 47.7 47.7 47.7 47.7 47.7 49 53.9 52.8 64.5 68.6 68.4 67.5 67 70.2 75 74 73.6
173 177.2 180.4 180.7 178.8 177 175.3 173.4 172.6 171.6 170.1 168.6 172.7 179.6 182.4 186.7 187.9 184.7 180.6 177.3 177.2 183.5 187.5 193.8 195.7 192.4 196 202.6 211.2 213.7 210.6 210.2 205.2 196 189.5 197.8 198.4 198.7 202.6 203.8 203.8 203.5 201.4 200.2 200.8 197.3 194.9 195 191 184.4 179.3 170.9 161 155.6 152.1 149.7 145.7 142.3 148.3 149.2 144.7 120.5 108.5 104.5 95.2 93.9 82.9 66.7 57.6 52.7 47.7 47.7 47.7 47.7 47.7 47.7 47.7 55 56 60.6 67.1 65 63.6 63.5 65.2 71.6 75.8 77.5 89
169.2 173.6 177.9 181.5 180.9 178.7 177.2 176.9 177.4 177.9 177 178.1 175.9 177.4 178.8 182.5 182.4 183.7 184.5 190 199.4 204.2 210.4 214.3 214.1 208.8 215.1 219.3 221 221.1 221 216.8 206.6 197.2 194.7 198.8 200.7 204.7 204.4 203.9 204.3 204.2 203.5 204.8 201.5 199.2 195.6 191.9 187.5 183.3 179.4 174.4 165.7 156.9 154.5 151.6 151.9 156.9 156.4 154 149.1 140.4 120 102.8 95.8 91.5 85.3 72.1 63.2 51.5 47.7 47.7 47.7 47.7 47.7 47.7 47.7 55 55.7 59 62.2 61.2 59.8 58.9 70.5 73.2 76.9 91 90.1
166.5 169.6 174 178.5 180.9 181.7 182.2 181 181.7 184.3 185.4 186.6 186.5 187.5 187.4 188.9 191.3 193 195.7 203.9 210.2 216.5 224.6 222.6 221.6 225.7 232.3 231.8 228.7 225.3 220.9 216.5 208 197.2 202 206.5 208.8 207.5 205.5 206.4 207.8 205.2 206.8 203.8 200.3 197 194.2 190.5 186.4 181.4 177.9 174.9 169.7 162.5 158.7 155.9 159.7 158.5 156.3 153.6 149.9 145.2 131.8 107.6 94.5 91.7 90.2 81.6 71.1 62.3 49.5 47.7 47.7 47.7 47.7 47.7 58.3 55.4 57.2 58.7 57.7 55.7 53.6 53.7 67.9 67 81.2 88.6 87.8
165.7 168.2 171.5 174.9 178.6 181.6 184.5 185.6 186.5 188.2 189.4 191.3 193.5 195.6 198.4 201.5 202 200.9 205.9 211.9 217 221.9 225.3 227.7 231.8 234.4 233.3 229.6 226.8 223.2 219.3 215.1 205 207.7 212 214.8 219.1 217.7 213.4 215.5 211.7 207.5 206.1 202.5 199.3 196.9 192.4 189.3 185.5 180.4 176.2 175.1 175.3 173.8 168.4 169.6 163 159.4 155.9 152.9 149.8 147 140.5 127.6 110.3 96.4 93 87.3 76 70.4 59.4 47.7 47.7 47.7 47.7 47.7 50.6 47.7 54.2 49.3 53.5 47.7 47.7 47.7 47.7 59.7 70.4 81.9 84.8
165.4 167.8 170.6 173.9 177.3 181 184.4 189.5 192.2 195 195.2 196.7 198.6 200.4 202.4 209.4 210.6 211.9 216.4 222.6 227.7 232.7 235.9 238.1 236.5 233.7 230.4 227.8 225.8 223.1 220.8 217.9 215.9 216.1 217.2 219.2 219.7 215 217.1 214.7 211.6 210.3 207.9 205.4 202.7 198.5 193.9 189.3 186.3 184.9 183 181.2 178.9 175.9 174.1 171.3 167.8 165.6 161.8 153.6 151.4 148.3 142.9 135.9 124.4 117.7 108 98 92 79 64.7 56.5 47.7 47.7 47.7 47.7 47.7 47.7 47.7 47.7 47.7 47.7 47.7 47.7 47.7 47.7 68.6 82.8 82
165.1 167.5 169.6 172.9 176.1 179.7 183.7 188.4 193.2 197.8 201.1 203.1 205.7 208.3 211.5 215.2 217.6 218.5 220.4 225.2 229.9 234.1 237.3 236.7 232.9 230.5 228 227.3 225.9 225.9 224.8 222.7 222.6 222.6 223.1 224.1 223.7 224.1 221.9 221.6 220.6 220.7 218.8 214.7 212.1 207.8 202.7 196.8 193.2 190.5 186.5 184.9 183.8 180.5 178.9 173.9 172.7 170.7 167.1 160.6 154.1 150.5 144.7 136.7 127.8 124.7 119.9 112.6 106 98 84.2 60.9 57.2 47.8 47.7 47.7 47.7 47.7 47.7 47.7 47.7 47.7 47.7 47.7 47.7 47.7 64.2 76.6 76.5
164.8 167.2 169.3 171.8 175 178.4 181.5 186.3 193.8 201.4 206 210.6 213.7 215.3 217.5 216.1 217.7 219.4 221.1 224.6 228.8 232.4 232.4 230.9 229.3 227.6 226.9 226.8 225.6 225.1 225 223.6 224.4 225.2 226.8 228.8 230.5 231.9 231.7 230 226.8 224.5 222.5 219.2 215.7 213.1 210.5 206.8 201.5 195.7 191.5 189.4 189.2 186.6 183.1 178.7 177.6 175.9 173 167.6 160.6 153.5 143.8 135.6 132.2 128.5 124.4 116.4 112.5 103.5 93.8 72.4 60.2 59.9 52.9 47.7 47.7 47.7 47.7 47.7 47.7 47.7 47.7 47.7 47.7 47.7 61.1 68.9 69
164.8 167.1 169.7 172.6 175.4 177.8 180.9 187.3 195.7 204.2 211.6 216.6 217.7 218.6 218.6 217 219.1 220 221.6 224 227.3 228.9 229.8 228.2 227.4 226.5 225.8 225 225 225.9 227.3 231.2 235.2 237.4 236.5 236.7 237.4 236.7 235 232.6 230.9 228.4 225.9 222.4 218.9 215.3 212.8 209.7 206 203.7 198.5 195 193.4 191.6 187.4 183.4 182.3 181.5 178.4 173 167.4 163.4 157.6 147.5 138.2 130.3 124.8 121.5 113.5 108 98.6 81.5 67.4 62.7 58.3 56.6 47.7 47.7 47.7 47.7 47.7 47.7 47.7 47.7 51.2 55.1 58.8 63.1 62
164.4 168.1 171.5 173.5 176.4 178.8 181.5 188.4 197.8 205.3 212.6 217.7 219.3 220.5 218.8 217.4 218.1 220.3 221.9 224.4 226.3 227.6 227.4 227.4 227.1 226.1 225.8 226.4 228.8 231.9 236.4 242 242.1 242.4 239.9 241.6 244 243 240 243.4 242.1 236.5 231.1 226.7 223.4 219.9 217.2 214.9 212.2 208.7 205.1 201.1 198.3 196.4 192.9 188.5 187.6 185.9 181.4 175.8 171.6 167.5 162.3 154.8 146.2 136.4 126.2 120.6 113.5 107.3 103.9 96.3 81.6 81.1 76.5 66.4 63.8 55.9 48.6 47.7 47.7 47.7 47.7 47.7 55.1 55.7 55.5 58.3 60.8
163.4 168.9 172.7 175.5 177.2 181.2 184.1 192.2 198 206.5 211.9 217.4 220.8 221.3 219.5 218.8 218.7 219.8 221.8 224.4 226.4 229.2 228.1 229.2 230 229.9 232.2 236.6 238.3 241.7 244.9 248.3 250.5 249.3 246.5 249.6 253.5 258.9 261.8 261.2 256.2 249 241.4 237 233.8 233.7 229.6 225.6 221.3 216.5 212.7 209.1 206.1 203.6 199.8 195.5 193.1 188.9 183.9 179.9 175.6 171 166.2 158.9 151.5 143.9 135.4 128.3 120.4 111.2 106.3 101.7 90.7 88.5 84.1 77.3 67.7 70.2 68.8 63.3 53.1 47.7 48 47.7 56.2 56.4 57 56.9 64.8
164 168.3 173.4 177.1 180.9 182.8 187 194.2 199.1 203.7 209.2 212.8 215.7 218.9 220 221.8 222.8 226.3 230 235.3 237.7 235.1 235.2 237.6 239.7 243.1 246.6 248.6 249.2 251.5 251.8 253.7 253.8 252.9 255.1 261.3 266.3 268 269.4 269.9 267.9 262.4 252.7 248 248.3 245.8 240 238.8 232.7 226.7 223.3 219.1 213.9 209.7 205.5 200.7 197.1 192.7 187.9 184.8 181.5 176.5 171.7 164.3 159.1 151.8 142.4 135.9 128.1 119.9 109.2 100.6 96.4 90.6 87.3 80.1 72.7 73.4 72 68.1 59.8 56.7 54.7 48 54.7 57.5 51.4 51.4 51.4
163.5 168 172.9 178.1 183.3 184.5 188.5 194.9 199.6 204.3 208.6 211.9 215.9 219.4 222.8 226.4 229.5 233.1 237.2 238.8 239.9 242.5 243.7 243.8 246.6 249.3 250.9 252 255 257.3 260 264.3 269.5 269.3 274.7 277.3 275.6 279.6 284.4 286.9 285.1 278.5 268.8 272.3 272.3 268.7 264.8 257.1 248.9 240.1 232.3 225.5 219.7 215.4 211.4 205.4 201.5 196.8 192.3 189.3 185.8 181.9 178.6 171.3 163.7 155.9 148 138.7 130.3 126.1 121.7 109.9 100.8 91.2 87.3 84.6 83.4 80.4 68.8 63 61.3 63.8 59.8 51.4 51.4 51.4 51.4 51.4 51.4
165 168.5 172.7 179.1 184.3 188.7 189.8 194.5 199.7 206.2 211.6 215.4 221.4 227.9 231.6 237.1 241.1 242.2 245.1 248.8 251.9 255.9 258.6 261 260.3 258.5 260.3 266.5 275.5 276.5 275.4 283 286.2 292.6 296.9 294.3 293.5 297.3 301.2 305.4 306 301.9 305.9 299.5 293 284.8 277.2 270.3 263.4 256.2 247.5 237.6 228 221.3 215.7 211.2 206.2 200.7 195.8 192.2 190.4 187.4 183.7 177.3 170.3 161.5 153.7 144.2 135.5 129.2 123 117.3 108.6 96.3 89.6 87.5 84 76.5 64.7 62.8 62 62.8 61 51.4 51.4 51.4 51.4 51.4 51.4
164.5 169 171.9 179.8 184.6 189 192.5 195.6 201.3 206.4 213.1 218.4 225 233.4 238.9 240.7 244.5 248.4 252.7 256.9 256.1 255.6 259.2 265.2 267.2 268.5 273.7 281.8 285.7 288.5 295.7 297.8 299.7 303.5 305 306.5 307.9 312.5 316.7 323.5 328.1 326.3 320.1 312.3 305.9 301 294.7 285.2 275.9 269.2 261 251.8 241 231.4 222.7 215 211.3 208.3 199.7 195.6 194 190.5 186.6 181.7 173.6 167.3 159.2 149.6 140.5 133.8 126.6 121 115.2 106.8 91.5 81.9 74.9 66.1 61.9 60 59.5 57.2 51.4 51.4 51.4 51.4 51.4 51.4 51.4
163.6 166.8 174.5 179.4 185.2 190.5 194.6 200.2 204.4 208 213.8 218.8 224 233 237.1 239 243.3 249.1 255.3 260.2 261 260.4 259.4 265.3 269.4 276 288.3 293.4 294.3 296.9 301.9 305.6 307.3 307.9 311.4 314.8 317.9 322.2 324.5 332.5 333.1 330.3 324.7 319.9 317.1 311.3 308.7 301.9 291.7 282 274.7 265.5 255.4 244.1 234.8 226.4 219 212.1 205.8 202.8 197.8 193.8 189.6 186.2 179.6 174.3 166.2 157.4 149.4 140.8 133.8 127.1 120.2 111.3 101.1 95.9 83.5 70.9 60.6 56.9 55.6 51.4 51.4 51.4 51.4 51.4 51.4 51.4 51.4
162.8 167.1 174.4 180.4 185.3 190 194.5 201.5 205.9 211 215.1 219.9 223.7 229.4 234.3 238.9 245.1 252.6 260.2 266 266.6 265.4 265.7 263.9 273.2 285.1 296.1 298.8 299.9 303.7 311.1 314.5 316.2 316.4 320.9 324 326.2 328.6 332.9 340.2 342.5 336.1 328 324.2 319.9 317.3 315.7 312 304 293.8 284.6 275.8 268.7 260.4 251.6 241.3 229.3 217.2 211.3 207.9 204.5 198.9 193.1 188.9 184.3 180.5 177.2 170.4 162.1 155.2 145.5 136 125.4 117.9 114.8 110.2 97.9 83.6 69.3 67.1 58.1 52.7 51.4 51.4 51.4 51.4 51.4 51.4 51.4
159.9 165.3 174.4 180.9 185.3 189.8 195 199.4 205.3 211.3 218 224.4 227.9 232.7 237.3 241.7 245.6 251.1 258 265 267.6 271.7 271.3 269 272.3 284.2 292.4 298.9 302.6 309.2 314.3 315.1 316.6 319.9 323.6 325.6 327.1 331.8 345 352.8 354.5 349.5 341.9 333.7 323.4 318.6 318.4 315.4 312.4 306.6 296.2 286.1 279.7 271 263.2 253.5 241.4 228.3 219.5 212 207.9 202.9 196.3 191.1 186.3 184.7 182.6 179.4 175.4 167.9 158.8 147.8 137.2 128.3 120.5 116.8 109.2 99.4 92.3 88.5 80.4 70.6 63.7 51.4 51.4 51.4 51.4 51.4 51.4
155.9 163.5 172 180.6 186 190.9 196.6 200.1 203.7 209.4 215.5 222.7 230 236.4 242.1 246.5 249.3 255.7 261.9 267.6 270.6 274.9 279.9 282.4 280.9 282.4 292 301.3 310 315.7 317.6 318.1 319 322.7 324.5 326.1 327.6 339.7 355.5 363.7 364.5 361.8 356.2 346.1 333.7 326.7 331.1 333.1 330.8 322.7 308.9 296.8 290 283.2 272.6 264.2 253.6 239.6 227.3 219.9 214.5 208 202.5 196.4 191.9 187.3 184.2 181.6 180.3 176.1 170.5 162.6 153 143.5 133.6 125.7 118.8 113.9 108.3 103.3 95 83.8 71.7 59.8 51.4 51.4 51.4 51.4 51.4
151.6 157.3 166.8 176.6 185.6 192.1 198.1 201.9 205.2 209.3 213.1 220 228.6 236.4 244.1 250.2 256.6 262.4 267.4 271.2 274.2 280.8 286.7 291.7 291.8 294 299.7 306.3 313.6 319.2 321.4 321.6 323.2 326.3 326.9 328.6 332.2 345.2 361.2 370.8 371.6 370.3 367 359.4 358.7 357.5 356.1 352.7 347.8 339.8 331.6 319.6 305.4 292.6 281.8 269.6 260.1 248.4 237.9 229.2 222.5 217.7 211.8 205.2 200.2 195.1 188 183.7 181.6 179.5 179.6 173.4 164.3 155.3 150.3 142 133.2 124.6 117.5 110.6 102 90 82.5 72.9 62.2 51.4 51.4 51.4 51.4
150.4 154.8 161.5 171.2 181.4 190 197.7 203.1 206.6 210.3 214.6 219.2 226 233.3 242 250.3 258.1 266.1 272.3 276.8 279.9 285.7 292.1 298.7 304.7 312.1 320 326.3 331.1 333.8 334.9 334.3 332.7 330.5 330.4 334.2 338.8 350.3 364.5 372.7 372.8 371.6 372.2 373 371.9 371.7 368.2 363.5 359.3 353.2 349 341.9 328 310.5 295.7 282.6 269.1 257.8 248.2 239.4 232.8 224.3 217 211.5 206.4 202.2 198.3 191.2 184.4 181.8 181 177 169.3 171.2 164 154.8 145.2 136.6 128.8 118.8 113.4 109.8 102.2 94 87.9 81.9 81.2 64.9 51.4
148 150.3 158.1 166.4 177.7 187.1 193.5 197.3 201.8 205.7 211.7 218.1 224.7 231.3 238.6 246.7 254.7 264.7 274 280.5 285.3 290.1 296.4 303 308.4 316.8 326.3 334.3 340.6 345.5 349.4 352.6 351.3 346.8 345.5 346.4 349.4 357.2 364.1 370.9 373.1 376.5 380.5 381.4 381.6 380.5 378.7 375.1 370 364.9 358.8 350.3 341.4 327.5 314.6 299.6 285 272.4 259.7 245.4 238 230.6 222.4 215.4 210.2 206.8 201.9 196.5 190.4 185 181.4 179.9 177.9 174.7 171.9 164.1 156.4 149.5 144.1 137.9 133.6 130.1 122.1 119.5 117.1 111.2 102.3 87 65.3
145.6 149.3 155.7 162 172.7 183.8 191.9 195.4 196.7 199.4 205.6 214.7 222.1 228.3 234.1 240.8 249.1 259.2 269.2 278.4 283.2 291.2 297.8 304.4 311.5 319.8 329.6 337.1 343.4 349 353.8 357.4 361.2 364.1 367.6 370.2 372.1 370.2 372.8 375.5 378.4 383.9 384.4 384.8 384.5 384.2 385 383.1 380.8 378 372 364.5 354 342.1 330.9 319 306.1 291.9 274 252.9 243.9 236.8 228.2 223.2 218.3 213.3 206.9 201.8 194.4 191.4 185 183.4 178.7 177.4 174.4 168.6 165.2 161.8 160 156.4 153.5 151.3 147.1 144.2 133.4 119.7 112.2 96.8 84.2
142.3 146.6 153.5 157.8 167.8 179.3 188.9 194.5 197.9 199.6 202.5 208.3 215 221.5 227.7 234.8 243.1 252.8 262.2 271.8 279.3 287.2 295.2 303.1 311.1 319.3 327.5 336.6 343.2 349.3 353.7 358.2 361.5 365.4 371.6 375.6 379.6 382.6 385.2 386.5 385.6 386.9 386.6 386.4 387 387.6 390.9 392.6 390.5 384.9 378.7 371.8 365 356.7 348.3 339.6 325.9 309.3 293.1 265.9 256.6 249.3 240.9 234.4 229.6 225.8 219.4 212.2 205.3 198.8 194.3 189.3 185.5 182.5 179.7 177.4 174.8 171.2 169.4 169.4 167.6 169.1 164.1 157.2 148.7 137.1 120.9 106.8 99.7
139.6 146.9 149.9 156 164.5 175.4 185.1 190.7 195.4 199.4 204.4 209.7 215.7 220.5 225.8 231.7 239.6 249.2 259.3 268.4 276.4 284.2 293.5 301.4 309.3 317 324.9 332.5 338.1 344 350.3 355.1 359.4 364.8 370.6 376.5 381.7 385.9 389.4 393.1 397 397.6 396.3 394.8 394.2 396.3 398.1 396.3 395.1 390.6 385.3 378.9 376.4 371.3 365.5 354.1 339.7 320.4 304.8 286.5 275.2 271 263.4 253.1 243.5 237.5 230.5 222.4 217.2 210.4 205.3 200.2 197.1 191.5 187.6 184.6 181.1 181.3 179.5 178.3 178.6 176.9 173.7 169.1 159.9 150.4 139.9 128.4 116.8
