data/200000-560000.asc
ncols 200
nrows 200
xllcorner 200000
yllcorner 560000
cellsize 50
[rows 38 to 75 of 200, columns 0 to 83 of 200]
51.3 48.8 47.7 47.4 47.4 47.3 50.1 59.3 63.7 63.8 63.3 62.3 58.1 54.5 57.3 61 60.5 56.8 52.9 50.5 53.5 55 58 58.3 56.7 53.2 50 48.7 45.4 43.9 42.3 41.1 41.1 41.1 41.1 41.1 41.1 41.1 41.1 41.1 41.3 43.4 47.3 51.8 57.6 63.2 66 67.5 71.1 74.4 76 73.5 68.2 60.7 51 42.2 34.6 27 20.4 13.4 9.5 8.5 7.5 6.4 5.7 5 4.6 4.5 4.3 4 3.7 3.5 3.4 3.6 3.7 3.4 3.1 2.7 3 3 2.1 1.9 1.4 1.1
48.3 48 47.7 47.5 47.2 47.5 50.7 56.2 61 62.6 62.3 60.2 57 52.9 52.6 57 58.3 56.7 53.7 57.6 61.5 61.9 62.2 61.3 60.5 57.8 54.3 51.9 49.5 47.4 43.1 41.8 41.1 41.1 41.1 41.1 41.1 41.1 41.1 41.1 43.1 46.2 49.5 55.8 61.9 65.9 69 72.8 76.9 79.9 80.2 76.8 72.3 64.9 55.3 44.6 36.5 28.2 22.2 14.8 9.4 7.9 6.9 6.1 5.4 4.7 4.3 4.1 3.9 3.6 3.2 3.1 3.5 3.6 3.4 3.1 2.9 2.5 1.6 1.5 1.6 2 1.6 1.3
48.5 48.2 47.9 47.6 47.2 47 48.4 52.9 57.7 59.9 59.7 57.3 53.4 50.8 50.6 53.7 55.9 56.2 58.7 63.7 65.7 66.2 65.5 64.8 63.5 60.1 56.5 53.9 51.5 49.7 45.5 42.7 41.8 41.1 41.1 41.1 41.7 42.2 42.9 44 46 49.3 55.1 63.9 67.6 70.4 73.7 77.4 81.1 83.4 82.9 79.9 75.2 68.9 59.7 48.3 39.7 31.8 24.5 16.9 10.1 7.1 6.5 6.1 5.2 4.4 4 3.8 3.5 3.1 2.8 3.1 3.4 3.2 2.8 1.5 1.3 1.1 1 0.8 0.9 1.2 1.9 1
48.3 48 47.7 49.1 48.4 47.7 45.9 49.9 53.2 56.4 56.9 54.9 54.1 51.4 50.1 50.7 53.3 56.5 58.9 64.6 66.8 67.2 66.7 65.5 64.7 61.6 58.1 54.6 52.5 50.6 47.9 44.4 42.5 41.5 41.9 42.4 43.8 44.9 47.7 48.5 51.6 56.7 63.8 70.1 73.9 75 78.4 81.4 84 85.3 84.7 81.8 77.4 71.7 63.9 52.8 41.5 33.7 26.9 19.4 12.3 7.5 6.5 5.9 5.1 4.2 3.7 3.4 3 2.7 2.4 3 2.5 1.4 1.2 1 0.7 0.5 0.3 0.2 0.2 0.5 0.7 0.6
48.6 48 51.2 53.3 51.5 50 47.5 46.5 49.6 52.3 52.8 55 57 58 54.3 50.9 52.3 56.1 58.5 62.2 64.7 64.8 64.1 62.8 62.9 61.1 58.4 55.3 52.8 50.4 48.1 44.9 42.2 42.3 43.5 44.5 45.7 49.4 52.4 55.2 62.2 68.5 70.2 74.4 77.5 79.4 82 84 84.9 85.8 85.3 83.1 78.5 73.3 66.5 57 44.3 35.1 29.1 21.7 15.4 10.6 6.7 5.7 4.8 3.9 3.4 2.7 2.2 2.1 1.9 1.5 1.2 0.9 0.6 0.4 0.1 -0.1 -0.3 -0.5 -0.5 -0.4 -0.4 -0.3
48.8 49.2 56.6 58.8 58.2 52.9 49 46.5 45.7 47.7 50.7 54.7 59.5 62.4 59.1 53.7 51.6 55 57.9 60.8 62.3 61 60.6 60.4 60.2 59.7 56.6 54.3 51.7 50.5 48 43.5 43.2 46.9 47.5 46.8 47.3 51.2 57.9 64.5 70.5 72.9 75.3 79 81.5 82.6 83.9 85.4 86 85.9 85.4 83.6 79.4 73.9 68 58.8 47.6 38.4 30 23.9 18.5 12.2 8.3 5.6 4.4 3.6 2.9 3 2.2 1.6 1.3 0.9 0.6 0.4 0.1 -0.2 -0.4 -0.7 -1.2 -1.2 -1.2 -1.2 -1.2 -1.2
48.5 57.3 61.7 65 63.4 57.6 50.2 47.3 46.6 45.6 49.1 53.7 59 61.4 60.6 56.7 52.6 55.2 57.4 59 59.6 57.7 56.6 57.5 58.1 58 55.8 52.9 50.6 50 47.2 42.8 45.6 49.8 50.5 49.8 49.9 55 63.3 69.2 72.7 75.9 80.6 82.9 84.8 84.6 85.5 85.8 86.3 86.2 85 83.1 79.4 74.1 68.5 61.1 49.9 41.2 32.1 25.5 19.9 15.1 12.3 8 3.9 3.3 2.5 2.4 1.5 1.1 0.8 0.4 0.1 -0.2 -0.5 -0.7 -1.2 -1.2 -1.2 -1.2 -1.2 -1.2 -1.2 -1.2
54.1 60.7 68.5 69.3 66.4 60.8 54.1 49.1 48.6 47.3 45.8 51 55.7 58.6 58.9 56.8 51 52.6 55.3 55.9 55.4 54.3 52.5 54.6 55.1 55.5 53.9 51.2 49.2 49.4 47.4 41.8 45.9 51.4 52.6 52.7 53.8 58.1 66.3 72.8 77.6 80.7 84.5 86.2 88 86.6 85.8 86 86.6 86.3 84.3 82 78.5 74.1 68.4 62 52.2 42.2 33.5 27.3 22 17.2 13.1 8.6 3.5 2.8 2.1 1.4 1 0.6 0.3 -0.1 -0.4 -0.7 -1.2 -1.2 -1.2 -1.2 -1.2 -1.2 -1.2 -1.2 -1.2 -1.2
56.7 63.3 71 70.2 66.4 62.3 57.8 52.3 48.9 47.5 45.9 47 51.9 53.7 54.5 54 51.3 48.3 52.5 52.2 51 49.7 48.8 49.4 50.3 51.3 51.4 49.4 47.6 48.2 46.4 42 44.4 50.8 53.9 55.9 58.8 62.8 67.7 76 81.3 84.5 87.9 90 90.6 87.5 85.4 85.7 86.3 85.7 84.2 81.1 77.4 74.1 68.4 62.6 55.2 45.2 35 28.5 23.1 18.5 14.3 7.8 3.5 2.5 1.4 0.9 0.4 0.1 -0.2 -0.6 -1.2 -1.2 -1.2 -1.2 -1.2 -1.2 -1.2 -1.2 -1.2 -1.2 -1.2 -1.2
60.9 66 72.9 70.9 66.2 61.9 58.6 56.5 52.7 49.3 46.9 45 47.7 49.2 49.3 48.9 48.8 45.7 47.3 49.5 48.4 47.2 45.7 45.1 45.2 48 48.8 47.4 46.1 47.3 45.2 41.8 46.1 52.3 54.7 57.8 60.9 64.1 68.8 77.1 83.8 87.2 90.8 92.8 92.4 88.7 85.9 85.4 85.2 84.5 83.7 80.8 77.1 73.2 68.9 62.8 56.3 47.1 37 29.2 24.4 19.6 15.3 7.2 3.8 1.6 1 0.5 0 -0.5 -0.8 -1.2 -1.2 -1.2 -1.2 -1.2 -1.2 -1.2 -1.2 -1.2 -1.2 -1.2 -1.2 -1.2
62.5 67 73.1 70.8 66.5 61.8 60.3 61.8 56.8 52.6 48.1 45.1 44.1 43.3 43.6 44 44.3 43.3 42.7 46.2 45.6 44.5 43.4 43.3 45.2 46.5 47 46 44.5 45.4 41.8 43 47.9 52.5 54.9 58.3 62.4 66.4 70.4 80.2 85.6 89.6 93.5 93.7 92.4 89.3 86.4 85.5 84.2 83.4 82.6 80.3 76.5 72.6 68.7 63.3 57.3 48.3 39.1 31 25.1 20.6 16.3 7 2.9 1.2 0.6 0 -0.5 -1.2 -1.2 -1.2 -1.2 -1.2 -1.2 -1.2 -1.2 -1.2 -1.2 -1.2 -1.2 -1.2 -1.2 -1.2
62.3 67.2 71.5 69.6 65.9 62.1 61.3 66.5 61 56.1 49.1 48.5 49.7 49.5 49 46.5 41.1 41.2 40.8 42.4 42.9 42.3 42.2 42 43.4 44.8 44.9 44.4 41.6 41.5 43.3 47.3 45.6 50.7 54.4 58.2 62.5 66.5 73.1 83.3 87.7 91.6 95.2 94.5 92.2 89.5 86.8 85 83.6 82.8 82.2 80 76.2 72 67.8 63.1 57.1 49.9 40.7 32.3 26.7 21.9 17 6.3 3.6 1 0.2 -0.4 -1.2 -1.2 -1.2 -1.2 -1.2 -1.2 -1.2 -1.2 -1.2 -1.2 -1.2 -1.2 -1.2 -1.2 -1.2 -1.2
62.3 67.7 67.7 66.1 64.3 60.5 61.8 66.7 65.4 60.1 54.1 53.9 56.2 54.4 52.2 48 40.2 40.2 40.1 40.9 41.1 41 40.8 40.8 41.1 42.6 42.4 41.5 42.3 44.2 49.5 50.6 47.4 50.2 54 57.2 60.9 66.4 78.1 84.4 89 93.1 95.4 93.6 90.5 89.1 86.4 84.2 83.1 82.1 82.1 79.8 75.8 71.6 67.4 63.1 57.4 50.7 42 32.8 27.1 21.9 16.9 7.4 3.5 1 0.1 -1.2 -1.2 -1.2 -1.2 -1.2 -1.2 -1.2 -1.2 -1.2 -1.2 -1.2 -1.2 -1.2 -1.2 -1.2 -1.2 -1.2
62.7 65.3 63 61.1 59.2 57.6 59 63.3 63.4 59.8 55.6 58.1 63.3 60.9 57.5 53.1 44.2 39.8 39.6 39.5 39.5 39.6 39.7 40.1 40.9 40.4 41.3 43.3 42.9 47.4 52.9 53.8 50.2 49.8 53.4 55.3 58.7 67.3 79.6 84.9 88.5 91.8 93.6 92.6 90.2 88.6 85.9 83.1 81.8 81.9 81.8 79.9 76 71.7 67.5 63.3 58.2 51.1 42.9 34.9 27.5 22.1 17 5.6 3.1 1.1 -0.1 -1.2 -1.2 -1.2 -1.2 -1.2 -1.2 -1.2 -1.2 -1.2 -1.2 -1.2 -1.2 -1.2 -1.2 -1.2 -1.2 -1.2
61.1 62 58.8 55.9 53.5 52.3 52.3 56.7 58.4 57.4 54.2 59.3 65.2 65.7 63.1 57.2 48 39.8 39 38.7 38.8 38.9 39.3 40 40.3 42.1 44.6 44 44.1 47.3 52.1 53.9 51.3 50.3 53.4 55.1 61.1 70 80 84.6 87.7 89.6 91.7 91.3 90.2 88.3 85.4 82.1 80.1 80.3 81 80.1 76.3 72 67.7 63.4 58.6 52.2 43.8 36.1 29.6 21.9 16.7 5.8 3.7 1.4 -1.2 -1.2 -1.2 -1.2 -1.2 -1.2 -1.2 -1.2 -1.2 -1.2 -1.2 -1.2 -1.2 -1.2 -1.2 -1.2 -1.2 -1.2
56.9 58.3 54.4 50 47.5 46.3 47 50.3 54.6 54.7 51.6 54.3 60 62.3 61.1 57.2 49.6 42 38.7 38.3 38.3 38.5 39.2 39.9 40.7 42.7 44.7 44.5 44.6 47.1 51.8 53.1 51.2 52.7 54.7 57.2 62.6 74.3 80.6 84.6 87 88.9 90.4 90 89 87.7 84.1 81 78.1 78.6 80 79.7 76.4 72 67.6 63.6 58.9 52.9 44.8 36.5 30.2 22.9 16.9 6.9 4 1.7 -1.2 -1.2 -1.2 -1.2 -1.2 -1.2 -1.2 -1.2 -1.2 -1.2 -1.2 -1.2 -1.2 -1.2 -1.2 -1.2 -1.2 -1.2
54 55.5 50.6 46.6 46.7 46.3 44.6 44.4 48.8 50.9 48.6 47.5 53.7 56.1 56.8 54.7 50.2 45 38.6 38.2 38.1 38.7 39.6 40.8 41.2 42.1 43.3 43.9 44.8 46.6 49.7 50.4 53.4 54.2 56.5 58.9 64.6 75.6 80.1 83.7 86.2 87.6 88.9 88.3 87.9 88.4 84 80 76.8 76.2 78.1 78.7 76.2 71.8 67.4 63.7 59 53.2 45.4 36.8 30.1 23.3 16.7 8 3.5 1.1 -1.2 -1.2 -1.2 -1.2 -1.2 -1.2 -1.2 -1.2 -1.2 -1.2 -1.2 -1.2 -1.2 -1.2 -1.2 -1.2 -1.2 -1.2
50.2 49 50 52.3 51.9 52 49 45 44 46.4 46.2 44 48.2 51.6 52.6 52.2 48.8 45 40.5 38.7 37.6 38.3 39.7 41 42.2 42.9 43 42.9 43 44.4 45.5 50.6 53.1 54.9 57 60.6 66.1 73.8 78.9 81.9 84.9 86.1 86.7 87.2 87.3 88 83.9 80 75.4 73 75.5 77 75.6 72.1 67.3 63 58.6 53.7 46.1 37.6 30 23.2 16.3 9.9 4.5 0.5 -1.2 -1.2 -1.2 -1.2 -1.2 -1.2 -1.2 -1.2 -1.2 -1.2 -1.2 -1.2 -1.2 -1.2 -1.2 -1.2 -1.2 -1.2
50.9 57.4 59.7 60.3 58.7 56.4 51.1 47.1 42.7 42.8 43.1 42.2 44.8 46.7 48.1 48.7 47.5 44 41.2 37.9 37.2 37.9 39.3 39.9 41.7 42.9 43 43 43 43.5 45 48.6 51.4 53.7 56.7 61.5 67.9 72.9 78.1 80.6 83.6 84.5 85.1 85.7 86.5 87.1 83.7 78.4 73.4 71 71.8 74.5 74.5 71.5 66.3 62.6 58.2 53.7 46.5 38.3 30.7 22.3 17 9.9 3 0.1 -1.2 -1.2 -1.2 -1.2 -1.2 -1.2 -1.2 -1.2 -1.2 -1.2 -1.2 -1.2 -1.2 -1.2 -1.2 -1.2 -1.2 -1.2
58.6 63.6 65.7 65.5 63.4 60.9 56.2 50.3 47.6 45.5 42.6 40.9 40.9 41.8 43.2 43.4 43.3 40.9 39.6 37.7 37.1 37.5 38.3 39.4 41.4 42.6 43.5 43.3 43.3 43 42.4 45.7 49 51.8 55.4 61.1 67.2 73.2 77.1 79.3 82.1 83.4 84 84.7 85.7 85.9 83.5 78.1 72.4 68.8 68.6 71.3 72.1 69.8 65.3 61.6 58 53.3 47.4 39.3 31.2 23.1 15.6 10.4 1.5 0.2 -1.2 -1.2 -1.2 -1.2 -1.2 -1.2 -1.2 -1.2 -1.2 -1.2 -1.2 -1.2 -1.2 -1.2 -1.2 -1.2 -1.2 -1.2
63 65.1 66.9 67.6 65.9 63.8 61.3 56.3 51.7 49.6 46.6 42.3 40.5 39.8 39.2 38.7 38.7 38.7 37.9 37.4 36.9 37.5 37.7 38.4 41.1 42.3 43.4 44.5 44.8 42.6 41.5 44.4 47.2 49.7 53.6 59.3 66.4 72.2 75.7 77.9 80.6 82.3 83 83.9 84.8 84.7 82.9 78.1 71.9 66.4 65.4 67.4 69.5 68.1 64.3 60.8 57.3 53.2 47.9 39.9 32.3 24.2 15.3 10.5 1.6 0.5 -0.4 -1.2 -1.2 -1.2 -1.2 -1.2 -1.2 -1.2 -1.2 -1.2 -1.2 -1.2 -1.2 -1.2 -1.2 -1.2 -1.2 -1.2
60.8 63.2 64.7 66 66.5 64.3 61.9 58.9 53.7 49.4 47.1 43.8 41 40.1 39.6 38.9 42.3 40.5 41.2 38.4 37.5 35.9 37.5 37.5 40.1 41.6 43 44.2 44.7 42.1 41.1 42.7 46.1 47.8 53 57.2 64.8 71.5 74.8 76.9 79.1 80.9 81.8 82.7 83.7 83.9 81.4 78.6 71.4 65.5 62.3 64.4 66.7 67 64.1 60.8 56.5 52.4 48 40.4 33 25.6 15.1 11 3.9 1 0 -1.2 -1.2 -1.2 -1.2 -1.2 -1.2 -1.2 -1.2 -1.2 -1.2 -1.2 -1.2 -1.2 -1.2 -1.2 -1.2 -1.2
55.2 58.1 60.9 64.5 67.2 65.5 61.8 58.8 54.3 48.4 46.3 43.3 42.2 40.3 39.5 41.5 46.2 45.9 44.3 42.3 39.8 37.4 36 37.3 38.5 40.7 41.9 43.4 43.4 41.4 40.8 41.5 45.1 46.3 51.5 56.3 64.4 71.1 74.9 76.4 77.9 79.2 80 81.1 82.2 82.3 80.4 77.5 71.2 64.9 60.9 61.1 63.7 64.4 63.7 60 55.6 51.5 47.3 41 33.7 26 15.9 11.6 5.5 1.6 0.3 -1.2 -1.2 -1.2 -1.2 -1.2 -1.2 -1.2 -1.2 -1.2 -1.2 -1.2 -1.2 -1.2 -1.2 -1.2 -1.2 -1.2
51.3 54.8 58.6 61.8 65 66.8 62.9 57.8 55.1 51.9 48.2 44.5 41.9 40.8 39.7 40.9 45 48.6 46.1 44.5 42.3 39.8 35.7 36.4 37.1 39.3 40.8 41.8 41.5 41.1 40.3 41.7 43.1 46.4 50.9 55.5 63.8 70.2 74.2 76.3 76.7 77.9 78.8 79.8 80.8 80.2 79.8 77.4 72.1 64.7 60.3 59 60.5 62.5 62.3 58.9 55.5 51.5 47.4 41.6 34.2 26.8 17.1 12.4 8.3 3 2.3 -1.2 -1.2 -1.2 -1.2 -1.2 -1.2 -1.2 -1.2 -1.2 -1.2 -1.2 -1.2 -1.2 -1.2 -1.2 -1.2 -1.2
51.4 59.8 59.6 59.4 61.8 64.7 60.5 55.7 52.6 49.8 47.7 43.7 41.8 40.8 42.8 42.8 42.4 50.3 48.9 46.1 44.7 40.4 36 34.5 35.8 37.9 39.6 39.3 40.4 39.8 40.7 41.7 42.2 47 51.1 54.9 62.5 69.4 73.4 75.1 76 77.1 77.6 78.6 79.1 80 79.7 77.1 72.6 65 60.3 57.8 58.3 60.3 60.3 58.7 55.1 51.2 47.4 42.4 35.1 27.8 18.9 13.5 9.6 5 3.8 3.3 -1.2 -1.2 -1.2 -1.2 -1.2 -1.2 -1.2 -1.2 -1.2 -1.2 -1.2 -1.2 -1.2 -1.2 -1.2 -1.2
53.7 59.7 59.4 58.6 58.6 60 58.4 56.1 50 47.7 45.6 46.1 45.6 44.7 43.2 43 41.4 47.4 52.6 48.1 46 44.5 38.6 34 33 35 36.4 37.2 38.8 38.2 40.4 41.2 42.2 45.3 49.8 53.9 60.8 68.6 72 73.9 74.9 76.1 76.4 76.8 77.4 79.1 79.5 77 72.8 65.9 61.7 56.9 57.2 58.6 59.3 57.8 54.7 51 46.9 41.5 35.5 28.7 21.8 15.4 11.8 9.3 6.1 4.1 2.9 0.2 -1.2 -1.2 -1.2 -1.2 -1.2 -1.2 -1.2 -1.2 -1.2 -1.2 -1.2 -1.2 -1.2 -1.2
57.9 60.1 59.8 59.4 60.5 62.5 60.9 56.5 56.9 55.4 53.5 51.1 52.3 48.9 45.7 42.6 41.2 44.6 49.5 52.4 48.6 46.1 42 35.1 31 29.5 32.5 33.9 36.1 37.2 39.5 43.2 47 48 50.6 53.4 58.6 66.6 69.9 72.5 73.3 74.6 75.4 75.3 76 77.9 78.6 77.5 73.4 68.1 63.4 57.6 56.2 56.7 57.5 57 54.4 50.7 46.8 41.4 35.6 29.6 23.6 17.9 12.7 10.9 8.3 5.9 4.3 1 -1.2 -1.2 -1.2 -1.2 -1.2 -1.2 -1.2 -1.2 -1.2 -1.2 -1.2 -1.2 -1.2 -1.2
59.6 60.8 62.7 65.7 67.8 68.3 67.7 64.4 62.1 58.2 54.9 52.1 48.8 45.7 44.3 43.8 42 41.2 45.3 49.2 50.7 45.9 42.4 36.7 32.1 30 28.7 30.2 33.2 35.4 40.2 47.1 50.5 52.1 52.8 54.2 58.1 64.2 67.7 70.9 71.6 72.9 73.6 73.4 74.5 76.6 77.7 77.4 73.4 69 65.2 59.7 57.7 57 57.1 53.4 53.1 50.9 46.7 42 35.6 29.9 25 17.9 14.2 12.3 11 7 4.1 1.5 -1.2 -1.2 -1.2 -1.2 -1.2 -1.2 -1.2 -1.2 -1.2 -1.2 -1.2 -1.2 -1.2 -1.2
62.8 67.4 69.8 71.4 73 74.7 74.6 70.9 66.9 64.6 59.7 56.1 53.7 51.2 49.8 47.7 44.8 41 42.7 44 47.9 46.4 42.2 40.4 35 32.3 28.5 28.2 29.6 32.2 39.9 45.1 51.2 54.1 53 55.5 56.6 61.7 65.3 68.5 69.8 71.1 72.2 71.8 73 75.1 76.6 76.6 74.6 70.5 67.4 62.8 60.3 58.2 57.3 56.4 53.9 50.1 46.5 42.4 35.9 30.8 25.6 19.5 16.3 14 13.5 7.9 4.9 4 -1.2 -1.2 -1.2 -1.2 -1.2 -1.2 -1.2 -1.2 -1.2 -1.2 -1.2 -1.2 -1.2 -1.2
68.7 74.5 77.2 78.9 82 82.6 79.1 73.5 68.1 65.6 64.7 61.4 57.4 55.2 53.5 50.3 47 43.3 39.2 38.3 43.2 45.8 44.8 42.5 37.8 34.7 33.3 29.2 26.1 28.2 37.9 41.9 47 52.8 52.9 52.8 54.3 58.7 61.9 66 68 69.1 70.6 69.7 71.2 73.2 75.3 75.6 74.2 70.9 67.9 65 63.1 60.6 58.5 57.4 54.7 50.2 45.8 41.5 36.3 31.9 26 20.1 16.9 15.7 14.3 9.4 5.2 2.7 -1.2 -1.2 -1.2 -1.2 -1.2 -1.2 -1.2 -1.2 -1.2 -1.2 -1.2 -1.2 -1.2 -1.2
75.3 78.5 79.7 80.6 83.4 82.3 78.3 72.9 67.6 66.3 66.8 64.2 63.2 60.9 57.4 51.5 45.9 42.8 39.2 37.7 41.1 45.1 44.7 43.7 41.1 38.5 38.8 35.6 30.5 25.8 29.5 38.3 43.6 49.6 50.9 51.7 53 56.8 58.9 62.9 65.3 66.8 68.6 68.9 69.1 71.1 73.7 74.2 73.4 71 68.4 66 65 63.2 60.5 58.5 55.8 50.9 45.9 41 36.3 30.9 25.5 20.9 18.1 16.6 15.1 10.4 5.6 3.3 -1.2 -1.2 -1.2 -1.2 -1.2 -1.2 -1.2 -1.2 -1.2 -1.2 -1.2 -1.2 -1.2 -1.2
75.8 77.5 79.8 84.1 84.9 82.9 78.4 73.5 69.9 70.9 73.6 70.9 66.3 62.9 60.2 55.1 48 42.3 39.7 37.1 39.1 45.3 45 45.4 44.7 43.9 44.5 43.2 39.2 30.7 26.1 35.8 41.3 46.6 46.3 47.7 50.3 54.3 56.8 60 63 64.3 66.2 67.8 66.2 69.1 71.4 72.6 72.4 70.3 68.2 65.9 65.6 64.7 62.3 59.2 56.2 51.7 45.8 40.9 36.4 31.8 26.7 21 18.3 17.3 16.3 11.8 5.5 3.8 -1.2 -1.2 -1.2 -1.2 -1.2 -1.2 -1.2 -1.2 -1.2 -1.2 -1.2 -1.2 -1.2 -1.2
74.2 77.2 79.2 83.5 86.2 81.9 78.7 74.1 75.4 77.5 78.1 75.7 70.1 63.9 59.2 54.8 49.7 44 39.7 37 37.1 42.3 44 44 45.8 46.6 46.7 45.9 44.3 38.2 27 30.1 38.7 43.2 40.8 43.6 47.4 49.1 53.9 56.8 60.1 61.8 63.9 65.6 65.5 66.7 69.2 70.7 70.2 69.1 67.8 65.5 64.1 63.5 62.2 59.2 56.2 52.8 47.2 40.8 36.1 31.8 26.7 21.6 17.8 16.3 15.7 12.8 5.7 3.4 1.7 -1.2 -1.2 -1.2 -1.2 -1.2 -1.2 -1.2 -1.2 -1.2 -1.2 -1.2 -1.2 -1.2
76.3 77 77.1 77.9 80.7 80.9 78.1 77 77.9 79.1 78.7 79.1 74 67.7 61.5 56.1 51.2 45.7 39.9 36.7 36 38.5 43.8 43.5 44.1 45.9 46.1 45.2 44.4 41.4 31.3 25.3 36.5 39.8 38.5 39.3 41.7 48.6 52.5 54.6 58.8 59.8 61.8 63.7 65.2 65.8 67.3 68.6 68 67.3 66.2 63.4 61.5 60.6 59.7 57.7 55.3 52.6 47.6 41.9 35.1 31.3 26.5 21.9 17.6 15.3 14.5 13.7 7 4.6 3.1 -1.2 -1.2 -1.2 -1.2 -1.2 -1.2 -1.2 -1.2 -1.2 -1.2 -1.2 -1.2 -1.2
81.9 82.4 80.4 78.4 76 76.3 75.6 77.2 78.6 81.2 81.3 80.7 76.7 70.3 64.3 59.2 54 47.6 41.5 35.6 34.2 35.8 40 43.4 42.6 43.5 43.4 42.8 41.3 38.7 31.4 23.5 33.9 35.3 35 35.7 39.9 45.9 49.6 53.7 57.2 58.6 60.2 62.4 64 64 66 66.8 66.7 65.6 64.4 61.9 58.8 57.5 55.9 54.6 53.4 51.5 47.9 42.4 36.9 31.5 26.3 21.3 16.3 14.3 13.2 10.2 6.2 3.8 1.9 -1.2 -1.2 -1.2 -1.2 -1.2 -1.2 -1.2 -1.2 -1.2 -1.2 -1.2 -1.2 -1.2
87.7 91.9 93.9 89.1 82.1 80.9 76.3 72.5 73 76.8 81.9 80.6 77.8 72.7 67.1 62.1 57.3 51.2 44.3 39 32.8 33 37 38.3 41.5 40.3 40.3 39.9 37.5 35.2 29.9 23.6 32.3 33.4 33.5 33.8 36.5 41.1 46.6 50.9 55.1 57 58.5 60.3 62.8 63.5 65.3 65.9 65 63.9 62.6 60.5 57.1 54.3 51.8 50.7 49.9 49.1 47.4 41.9 36.2 31.1 25.5 18.8 15.5 13.1 11 7.9 4.4 2.6 0.8 -1.2 -1.2 -1.2 -1.2 -1.2 -1.2 -1.2 -1.2 -1.2 -1.2 -1.2 -1.2 -1.2
94.9 101.6 99.5 94.3 87.1 82.2 79.5 76 71.5 71.2 76.2 79.7 76.8 73.5 68 63.3 59.6 54.1 47.6 41.6 34.1 31.3 30.2 32.4 37.1 38 37.4 36.3 33.9 30.7 26 25 29.2 30.9 31.6 32.2 33 36.6 42.4 47.7 51.3 54.6 56.6 58.4 58.9 63.2 64.2 64.9 63.7 62.2 60.9 59 55.2 51.7 48.5 46.4 45.2 45.1 44.9 40.8 35.1 27.6 22.3 17.6 14.6 12 9.5 5.6 3.8 1.2 -1.2 -1.2 -1.2 -1.2 -1.2 -1.2 -1.2 -1.2 -1.2 -1.2 -1.2 -1.2 -1.2 -1.2
98.4 101.9 98.6 93.4 88 82.2 80.6 79.1 78.9 77.2 70.5 72.3 75.2 72.4 68.5 63.9 60.9 58.2 51.9 46.9 40.8 36.8 29.9 28.8 32.7 34.8 34.6 32.5 30.2 26.7 23.2 25.8 27.2 27.9 28.7 29.9 31.2 34.2 38.3 43.4 46 52 54.3 55.3 56.9 61.7 63.4 63.8 63.1 60.8 59.3 57.6 54.6 50 46.4 43.4 40.8 39.7 39.7 35.8 31.3 29.2 24.4 17.5 13.8 11.1 7.4 4.7 3.5 0.2 -1.2 -1.2 -1.2 -1.2 -1.2 -1.2 -1.2 -1.2 -1.2 -1.2 -1.2 -1.2 -1.2 -1.2
