data/200000-620000.asc
ncols 200
nrows 200
xllcorner 200000
yllcorner 620000
cellsize 50
[rows 0 to 35 of 200, columns 0 to 81 of 200]
140.7 140.5 139.1 136.3 129.1 129.9 132.3 134.9 132.5 135.8 136.8 139.9 140.1 141.6 140.6 139.1 141.9 140.6 135.5 132 123.6 115.9 105 88.7 74 58.7 51.3 37 30.5 28.9 26.5 23.1 21.7 21.1 25 27.6 31.1 34.5 37.5 36.5 37.1 42 44.9 47.3 47.8 49 46.7 50.7 52.9 53 48.9 43.7 36.8 30.9 24.3 16.1 12.8 5.9 1.7 1.2 0.7 0.3 -0.3 -1.1 -1.1 -1.1 -1.1 -1.1 -1.1 -1.1 -1.1 -1.1 -1.1 -1.1 -1.1 -1.1 -1.1 -1.1 -1.1 -1.1 -1.1 -1.1
133.8 133.6 128.8 119.8 121.6 118.4 121.1 119.6 118.2 115.6 118.4 123.6 123.7 120.9 123.4 122.5 120.5 120.7 116.7 113.8 108.7 105.5 95 83.5 69.3 55.7 45.5 35.4 31.5 29.9 26.8 23.8 22.9 23.9 28.9 33 38 42.6 45.8 47.5 49.5 52.5 57 57.5 57.2 57.5 57.7 61.6 63 63.9 61.9 60 55.1 50 44.3 37.3 28.9 19.6 11.1 6 1.7 1.1 0.6 -0.2 -1.1 -1.1 -1.1 -1.1 -1.1 -1.1 -1.1 -1.1 -1.1 -1.1 -1.1 -1.1 -1.1 -1.1 -1.1 -1.1 -1.1 -1.1
119.1 119 114.9 115.6 106.9 106.4 106.5 99.8 99.1 100.3 102.4 106.2 109.8 108.5 110.8 109.2 100.3 104.7 101.5 99.8 96.8 92.9 84.6 76.3 63.2 49.3 41.6 35 33 30.8 26.9 24.7 24.8 28.3 32.7 38.4 43.4 48.4 52.2 54.4 56.8 60.3 64.3 65.6 66.2 67.2 67.4 70 71.2 72.2 72.3 73 70.9 66.9 60.6 53.1 44.9 35.9 28.8 23 14.1 6.3 1.6 1.2 0.2 -1.1 -1.1 -1.1 -1.1 -1.1 -1.1 -1.1 -1.1 -1.1 -1.1 -1.1 -1.1 -1.1 -1.1 -1.1 -1.1 -1.1
142.7 139.3 135.9 132 124.5 115.3 109 106.8 102 94.7 87.5 90.4 90.9 93.2 89.9 94.5 89.2 87.8 88.9 85.3 83.7 79 73.9 67.7 53.3 41.7 37.8 35.5 33.3 29.7 27.9 26.2 29.2 34.4 37.7 43.8 49 54 57.5 60.4 64.2 67.5 70.3 72.6 74 75.3 73.6 77.1 79 80.2 81.1 80.7 79.3 81.1 75.5 67 59.1 51.6 44.4 39.6 31.1 21.5 13.8 6.4 1.6 -1.1 -1.1 -1.1 -1.1 -1.1 -1.1 -1.1 -1.1 -1.1 -1.1 -1.1 -1.1 -1.1 -1.1 -1.1 -1.1 -1.1
161.6 160.1 155.6 150.7 140 133.9 126 121.9 115.4 113.1 106.6 101.6 94.5 87.6 83 75.7 67.6 67.6 68.7 67 65.7 64.2 59.6 51.5 45 40.3 35.7 32.2 30.9 29.3 28.7 36.5 40.8 42.4 45.5 50.4 55.6 60.9 64.6 68 71 73.9 76.6 79.1 80.6 82.1 79.9 82.9 86.2 86.9 86.9 90 89 89.2 90.4 81.1 70.5 63.4 58 51.2 44.3 38.6 29.8 18.3 12 9.2 1.4 -1.1 -1.1 -1.1 -1.1 -1.1 -1.1 -1.1 -1.1 -1.1 -1.1 -1.1 -1.1 -1.1 -1.1 -1.1
184.8 181.1 180.1 174.8 165.3 159.1 152 141.6 135.4 128.8 122.1 114.8 109.1 101.2 97.9 92.9 86.1 79.2 68.9 65.1 56.8 50.2 49.2 46.1 42.1 38.4 34.2 31.5 29.6 29.5 37.7 44.3 49.4 51.4 53.8 59 64.1 68.7 72.6 76.5 77.4 80.2 82.6 84.6 86.3 87.2 85.8 89.6 92.7 94.9 95.2 100 101.6 100.9 98.4 92.8 84.4 74.1 67 60.9 53.9 53.2 46.6 31.5 27.4 23.9 17 6.1 -1.1 -1.1 -1.1 -1.1 -1.1 -1.1 -1.1 -1.1 -1.1 -1.1 -1.1 -1.1 -1.1 -1.1
210.6 210.8 207.7 203.5 189.3 187.8 180.6 170.1 157.9 150.3 145.6 134.7 125.8 115.8 110.5 104.3 94.4 86 82.2 73.3 63.3 56.9 50.2 46.5 44.1 43.5 40.6 37 34.2 39.6 49.4 55 57.9 59.7 60.5 65 69.9 75 79.6 83.6 85.8 85.6 87.8 90.6 92.3 92.8 93.1 93.7 98.4 101.6 101.9 106.2 110.8 108.1 104.9 101.7 97.6 86.8 75.7 68.9 60.6 58.8 56.1 49.6 47.1 40.6 33.4 26.2 12.7 1.5 -1.1 -1.1 -1.1 -1.1 -1.1 -1.1 -1.1 -1.1 -1.1 -1.1 -1.1 -1.1
243 245.9 244.3 240.9 230.7 222.1 215.4 207 196.7 183.1 179.8 165 151.8 136.6 123.2 112.5 101.4 93 88.8 82.5 73.7 67.3 59.8 59.1 53.9 46.6 42.6 39.9 38.3 42.4 55.1 60.8 63.5 64.9 65.7 70.4 74.6 80.3 85.4 89.3 93.9 96.7 96.2 98.3 99.2 99.5 100 101.5 100.9 104.1 107.7 110.9 111 110.7 107.2 106.5 103.6 98 87 75.5 72.5 66.9 62.8 58.8 58.3 52.9 46.2 40 33.4 27 10.7 1.1 -1.1 -1.1 -1.1 -1.1 -1.1 -1.1 -1.1 -1.1 -1.1 -1.1
276.3 275.4 274 267.9 259.6 252 234.2 220.8 211.2 203.1 190.4 181.3 170.4 156.9 141.3 125.9 115.2 105.9 97 90.4 83.9 77.4 69.5 69.1 59.9 48.9 44.8 42.7 38.5 40.7 54.5 61.8 67.7 70.3 70 73.8 78.3 85 91.1 96.7 102.6 105.6 105.4 106.5 108.3 108.1 108.6 108.2 106.1 108 110.4 111.3 111.9 111.6 108.6 107.2 106.9 102.3 94.5 84.9 82.9 75.7 69.3 66.7 67.5 64.2 57.3 50 44.3 38.3 31.3 19.2 6.7 -1.1 -1.1 -1.1 -1.1 -1.1 -1.1 -1.1 -1.1 -1.1
287.2 284.5 280.5 277.6 271.1 259.6 241.8 227.7 220.1 215.3 205.8 196.7 185.5 171 157.2 142 129.2 117.8 108.7 99.2 90.7 80.7 78.6 72.2 62.8 54.1 53 50.4 46.4 42.5 51.2 61.6 67.5 71 72.5 76 80.8 86.6 93.6 101.4 108.6 112 112.2 111.2 113.2 113.8 113.7 111.9 110.4 111.9 113.7 114.4 115.1 113.7 111 108.4 106.4 102.6 98.2 93.4 91.6 87.5 79.4 76.7 76.5 74.5 67.4 59.6 55.2 48.3 41.2 33.3 24.1 11.8 1.7 -1.1 -1.1 -1.1 -1.1 -1.1 -1.1 -1.1
300.9 296.1 290.2 286.3 282.6 270.8 256.8 247.9 239.8 235.2 221.9 217.1 206.5 194.2 177.2 157.9 144.9 131.4 118.9 108.3 100 95.2 88.5 85.8 79.4 69.6 65.6 61.3 60.3 56.5 48.7 60.2 65.5 70.9 71.4 76.8 84 91.6 99 105.4 111.1 115.4 117.7 118.9 119.7 119.2 116.9 115.5 115.2 115.7 117.1 117.4 117.3 115.5 111.8 108.9 105.5 102.1 99.1 96.9 95.8 94 89.7 85.8 84.2 81.8 80.8 75.2 66.1 57.2 50.2 43.4 36.1 25.2 18.3 3.1 -1.1 -1.1 -1.1 -1.1 -1.1 -1.1
315.1 314.1 311.5 305.7 299 289.6 274.6 269.4 263.5 259 250.6 237.6 225 209.9 192.7 176.5 157.8 144.9 129.5 116.6 110.1 104.1 102.4 98.5 95.8 92.4 85.2 73.5 65.4 64.5 58.5 59.5 62.4 68.5 70.1 74.4 84.2 94.7 100.9 108.3 112.7 117.2 119.4 121 121.1 121 118.7 117.9 118.5 119.5 120.2 119.3 117.5 115.5 113.1 110.2 107.6 104.1 100.7 99.7 97.7 96.4 93.5 92.4 90.1 87.2 85.8 84.7 79.3 71.4 62.6 54.2 46.7 38.5 30.3 22.4 9.8 1 -1.1 -1.1 -1.1 -1.1
332.5 332.9 328.5 320.4 318.7 303.7 293.7 282.5 272.8 269.8 262.9 250.3 239.8 225.5 206.5 191 178.3 167.9 151.8 132.6 124.4 113.7 112.8 107.3 103.2 96.2 94.5 89.8 80 78.9 67.6 60.1 59.7 66 69.6 77 86.6 95.1 101.8 109.5 113.2 118.3 120.2 121.1 121.4 121.2 120.6 119.6 120.9 121 121 120 118.3 116.4 114.1 111.6 108.9 106.5 103.3 99.8 98.2 96.7 96.5 96.4 94.6 91.8 91.7 90.1 85.2 82.3 75.6 65.7 55 47.6 39.6 30.5 22.8 13.3 1.3 -1.1 -1.1 -1.1
349.2 346.6 342.3 334.4 329.2 315.8 307.1 294.3 278.7 270.8 265.5 251.6 237.3 223.3 207.5 196.7 184.2 173.1 161.8 148.2 141.5 133.6 127.2 120.1 113.6 110.7 103.3 96.5 91.4 84.8 77.8 67.8 67.2 73.5 78.9 82.9 89.9 99.6 105.7 111.4 115.7 119.9 121.1 121.4 121.6 121.5 121.3 120.9 121 121 121 120.8 119.1 117.2 114.7 111.9 110.8 108.3 106.6 104.7 99.7 98.1 98 98.1 96.9 95.2 94.2 91.2 88 86.4 82.3 76.3 68.6 58.6 48 39.8 31.2 23.7 15.4 2.6 -1.1 -1.1
357.7 355 349.7 347.7 334.9 320 310.4 300.2 281.2 272.4 269.9 257.1 231.5 217.7 205.2 195.4 183.6 175.2 166.3 158.4 148.8 144 137 130.9 125 117.9 111.5 106.2 98.8 87.9 79 74.6 72.6 72.5 82.6 88.3 92.5 100.4 106.6 110.4 115.4 119.5 121 121.2 121.3 121.5 121.6 121.2 121 121 120.8 120.7 118.7 115.8 113 111.6 109.9 109 110.4 109 102.3 99.1 99.3 100.5 99.6 97.9 95.3 91.9 88.8 85.9 81.8 78.8 75.9 72.2 60.3 52.2 39.2 29.8 23.7 13.8 3.3 -1.1
368.8 360.4 356.8 353.7 339.6 323.5 315.6 305.7 284.3 276.1 270.1 260.7 231.6 212.3 205.5 199.9 189.9 186.4 177.3 165.6 159.4 151.1 145.2 139.8 133.6 126.3 116 109.2 99.7 95.4 86 90 82.2 80.7 79.8 90.6 95.2 101.2 107.2 111.4 115.4 118.3 119.6 121 121.2 121.7 122.1 121.4 121 121 119.7 119.2 116.6 113.9 111.2 109.8 109.9 110.8 110.8 110.8 108 103.8 101 101.3 101.2 99.8 96.8 93.2 89.4 86.4 83.5 79.8 77.4 74.7 70.9 61.2 51.3 40.5 28.8 22.3 13.6 2.7
367.6 363.8 361.7 355.5 342.7 330.5 319.6 304 293.5 282.9 268.6 257.8 235.5 218.1 211.4 205.2 197.2 188.8 184.6 174 166.5 158.5 151.6 145 136.9 130.5 120.3 111.1 109.4 103.2 98.1 94.3 93 90.6 82.2 88.3 96 102 107.2 110.8 114.7 117.1 118.6 120.3 120.8 121.5 121.7 121.3 121 119.5 117.2 115.2 114.5 111.8 109.6 109 110 109.8 109.8 110.4 109.7 105.8 101.8 102 102 101.1 99.2 96.1 92.4 89 85.6 81.7 78.5 76.9 74.4 68.2 60.9 51.8 40.9 28.5 21.5 12.3
374.6 368.3 362.6 359.9 348.1 334.8 323 308.8 302.5 283.6 266.7 252.9 235.6 225.6 219.3 213 205.4 195.4 186.4 181.2 171.9 163 156.6 149.8 139.3 128.6 126.9 121.2 117.4 111.5 105.3 101.5 97.3 94.2 90.9 89.9 93.1 100.1 104.9 109.8 113.1 115.9 118.2 120 120.2 121 121.2 121 119.6 117.3 114.8 112.2 109.9 109.9 107.8 107.5 107.9 107.8 107.7 108.8 108.1 105.5 101.8 102.1 102.2 101.7 101.1 98.7 95.2 91.5 87.7 83.8 78.8 76.9 73.9 69.7 65.6 62.5 52.4 36.9 26.6 22.3
381.8 378.7 365.6 359.6 351.7 337.1 323.2 312.4 299.8 283.8 269.3 249.2 235.7 230.1 225.6 218.2 211.2 204.3 190.3 181.2 171.6 164.8 156.8 149.7 139 140.4 137.4 131.2 126.1 124.4 114.6 108 104.2 101.2 100.4 99.4 99.6 100 101.4 108.1 111.6 113.8 115.2 117.2 117.9 118.6 118.9 117.9 115.9 113.2 111.3 110.4 108.9 106.6 105.2 104.1 104 103.8 104.4 105.5 104.6 103.4 101.5 101.5 101.8 101.4 101.1 100.1 97.3 93.6 89.9 85.6 80.3 76.7 74.6 72.7 69.4 65.2 58.2 52 44.1 30.9
387.8 381.6 372.2 363.3 353.6 336.6 322.8 311.5 289.2 278.2 264.5 246.3 237.1 232.3 230.8 221.9 213.7 205.3 193.5 184.3 176.8 168.2 159.4 155.4 153.9 150 147.6 142.8 135 132.1 124.8 119.5 119.5 116 108.7 103.7 101.8 100.6 102 108.7 109.8 110.9 112.4 113.6 114 114.5 114.5 113.4 110.5 109.9 107.3 106.9 105.1 103.5 102.7 101.4 100.2 100.2 101.6 101.9 101.8 100.6 100 101.1 101.3 101 101.1 101 99.4 95.7 92.4 88.2 82.3 77.7 76.2 74.2 70.1 66.4 62.5 56.1 52.9 45.3
394.6 392.4 380.6 369.5 357.1 341.5 324.2 308.8 287.8 277.3 260.5 248.4 239.5 230.4 230.8 222.6 214.4 201.8 189.7 179.4 177 169.3 168.9 166.8 163.2 159.4 157.2 152.7 148 140.8 135.4 129.1 128.1 124.3 117.9 110.7 105.7 105.1 108.2 109.6 108.7 109 110.1 110.8 111.1 111.3 111.1 110.4 109.5 106.8 104.4 102 101.1 100.2 100.4 100.6 98.5 97 98.7 100.9 100.9 99.3 99.1 100.4 100.6 101 101.4 101.3 100.9 98.4 95.3 90.9 85 79.1 77.1 74.9 71.7 68 63.6 58.4 55.8 52.4
400.5 399.7 395.7 374.4 357.1 336.4 323.7 311.1 297.2 281.8 263.3 251.6 241.3 231.6 224.1 218.4 210.9 210.1 195 192.5 186.2 182.8 182 178.2 175.8 171.4 168.7 162.8 157.2 151.4 149.4 137.1 135.4 130 126 117.6 111 110 109.5 109 109.9 109.8 109.3 110.2 109.9 109 109.7 108.6 107.2 104.1 101.1 99.3 99.1 98.3 97.4 97 95.2 93.2 94.3 96.9 98.3 97.1 96.8 97.9 99.4 100.9 101.2 101.1 100.9 100.9 98.2 94.5 88.5 82.9 78.2 75.7 73.4 70 65.5 60.5 57.2 55
403.6 402.6 397.9 383.4 362.2 339.9 323.3 313.2 300.3 279.7 265.4 253.2 243.3 237.8 230.9 225.4 222 210.1 208.9 200.5 198.1 197.4 195.8 191.8 188.3 183.9 176.5 171.8 166.3 160.9 155.7 148.4 142.6 136.9 133.6 126.4 117.8 113.6 111.5 113.2 112.8 110.8 109 109 109.7 108.5 108.4 107.2 104.3 102 100.5 99.6 98.6 96.1 93.9 93.6 92 90.1 89.6 91.3 93.2 92.8 92.3 94.5 96 99 100.5 100.9 100.8 100.9 100.4 99.7 93.6 89.5 80.4 77.7 75.3 71.5 67.2 63.4 60.2 57.7
405 406.6 407.2 392.4 365.1 344.5 327.3 313.8 299 281.2 269.6 259.8 252.3 244.6 237.1 233.4 226.9 223.2 220.2 219.6 217 213.9 209.3 205.3 200.6 193.2 187.8 182.5 177.6 170.7 161.2 156.6 151 148 142.7 133.4 126 120.6 120.4 118.6 117.3 115.4 112.8 110.4 109.2 108.1 107.5 104.3 101.3 100.1 100.5 100.6 98 93.5 91.2 90.3 91 89.2 89.3 89.4 90.6 91 89.4 90.8 92.2 94.3 97 98 98.8 99.7 99.7 98.9 95.3 92.1 88 80.3 77 73 69.4 66 62.3 59.7
410 413.7 412.4 402.9 378.1 352.1 331.2 315.4 302.6 287.5 276.7 266.8 258.7 250.9 245.8 240.1 235 234.1 233.6 232.1 229.7 225.6 220.4 216 208.5 203.2 200.5 195.2 189.4 182.2 174.2 167.5 160.8 158.7 153.3 145.7 135.9 130.6 130.6 127.4 122.5 120.1 120.4 117.8 111.9 108.6 108.4 104.8 100.4 100.8 100.9 99.6 98.7 94 89.6 89.2 89.2 89.2 90.9 89.4 87.6 87.7 86.5 86.9 88.4 89.9 92.9 94.4 95.7 97.3 97.1 96.5 94.1 91.6 91.1 87.3 78.4 74.6 71.7 67.8 64.9 63.3
409.2 413.7 415.6 406.9 397.6 369.5 344.1 322.7 309.9 298.1 284.7 274 265.4 259.2 255.5 244.7 246.4 246.3 244.7 243 239.7 236.4 232 224.4 216.6 213.9 208.6 204.2 197.5 192.9 186.3 178.8 172.3 168.1 161.5 154.3 147.1 139.5 136.9 133.1 129.3 129.6 126.5 122.6 118 113 109.3 108.4 103.9 98.9 98.9 98.9 94.7 92.8 90.1 89.7 88.9 87.9 87.9 87.4 85.8 83.5 82.2 82 83.4 86.3 89.7 91.5 91.9 94.1 94 93.7 92.6 91.3 91 89.2 80.5 76.2 72.2 69.5 67.6 65.8
411.1 417.5 419.5 410.2 408.9 395.5 367 336.7 315.7 307.2 293.6 282.4 276.1 268.8 262.4 259.6 254.2 253.8 253.6 251.6 249.3 246.2 243.1 237.3 231.1 225 216.6 209.5 205.7 202 196.2 191.1 183.6 175.2 168.7 159.5 151.2 148.7 144.6 138.2 133.6 133 130.7 126.9 122.9 118.5 115 111.1 107.9 102.9 98.7 94 91.4 91.2 89.7 89.1 86.8 85.5 84.2 84.9 84 81.1 79 79.5 80.2 80.7 84.1 86.6 88.6 91.2 90.3 90 90.4 91.2 91 90 84.9 78.6 75.2 72.8 70.9 68.1
411.5 417.6 416.6 411.4 414.1 409.8 393.3 368.4 331 312.9 302.3 292.2 283.9 277.2 269.1 265.1 263.7 264.1 262.7 260.8 258.7 255.7 250.4 247.5 243.4 235.6 225.9 221.4 215.4 210.3 203.3 196.6 190.4 181.8 174.1 167.2 160.8 155 151.3 147.5 140.9 136.9 139.9 131.2 125.8 121.8 120.3 119.2 115.8 109.3 103.3 93.4 89.3 89.1 88.9 87.2 84.8 82.3 81 82.6 80.7 80.5 78.9 78.4 77.5 78.2 79.3 82.2 84.4 86.1 86.9 86 87.8 89.3 89.2 89.3 84.7 81 78.4 76.3 73.4 69.9
410.3 415.2 417.3 415.9 413.5 409.9 404.7 385.9 349.6 325.5 312.2 302.3 293 284.2 277.3 273.6 271.7 271.7 270 266.8 265.3 261.9 256.1 255 249.8 244.1 237.8 232 226.2 219.8 212.5 203.9 197.5 189.5 181.4 176.7 170.9 162.6 155.2 153.1 148.8 141.3 136.8 132.7 127.6 124.4 122.4 120.9 120.3 114.5 110.2 103.2 96.8 89.1 87.8 85.4 83.2 80.9 79 80.7 78.9 79.1 78 76.6 75.3 75.7 76.2 78.7 81.1 81.3 81.7 82.1 82.8 84.6 85.2 85.8 85.7 81.4 80.8 78.2 76.1 72.9
408.8 414.2 416.8 415.3 413.9 412.4 407.9 395.4 362.3 339.3 325.1 313.5 302.8 293.3 285.6 280.9 279.6 277.1 275.4 271.3 270.8 263.2 261.2 259.4 254.8 250.3 243.7 239 235 229.9 223.7 214 204.9 199.4 191.7 183.8 177 173.4 164.1 158.4 153.2 146.5 140.2 134.9 130.3 127.2 124.2 120.9 119.2 116.4 111.8 107.2 101.6 95.6 89.2 86 82.8 79.8 78.7 78.7 78.3 78.2 75.9 74.5 73.8 74 73.4 73.7 76 78.1 80.4 79.7 80.5 81.2 81 80.5 81.4 80.8 79.9 78.9 76.7 73.9
406.4 411.7 412.5 411.4 414.8 415.4 411.7 397.2 364.3 348.7 338.6 327.2 313.6 307.9 297.8 290.2 285.7 282.5 280.2 277 273.8 270.8 267.8 263.8 260.5 255.5 250.9 246.6 242 238.1 231.8 223.5 211 205.5 199.4 191.5 185.4 180.8 171.9 167.4 160 153.3 145.1 137.9 133.9 130 125.7 122.1 118 114 110.6 106.7 101.8 100.9 91.7 87.2 83.4 80.4 78.4 78.3 78.2 77.3 74.6 72.5 72.7 72.4 71.4 70.1 72.2 74.9 76 75.1 74.9 77 77.4 77.2 77.2 77.5 78.2 77.4 75.7 72
402.7 408.3 409.1 414.4 417 417.3 414 396.3 367.2 357.1 346.8 338.5 328.2 318 308.6 301.3 295.2 289.8 286.8 283.3 278.7 274.2 272.3 269.2 267.3 262.9 258.3 252.8 247.4 241.3 237.7 229.9 221.8 213.7 209.1 201.7 195.5 188.5 181.6 175.5 168.7 162.8 154.4 145.3 137.2 132.5 127.4 122.9 119.1 114.7 110.2 106 101.1 99.4 89.6 89.2 83.7 79.5 79 78.4 78.5 77.3 74.1 71 70.7 70.6 70 69.1 70 71.3 72.6 71.4 69.8 72.1 73.2 73.8 73.7 73.7 74.7 75.7 74 71.6
399.5 404.1 410.9 420.4 419.3 420.2 419.5 396.3 372.7 363.1 353.6 345.3 337.5 330.8 320.8 312.3 307.6 301.2 295.8 289.3 288.2 283 278.2 275.9 272.7 269.4 264.7 260 253.3 245.1 240.1 235.8 229.5 223.6 217.6 210.9 203.7 196.2 192 183.2 176.5 170.9 164.5 152.2 142.2 134.8 129.2 124.2 120.3 115.6 109.6 104.2 99.6 99.3 94.3 92 86.8 81.6 78.6 78.5 78.7 77.9 75.9 71.8 69.1 69 68.5 68.3 68.6 69 69.1 70.4 69.1 69.3 70.8 70.5 69.7 70.3 71.4 72.3 71.8 70.8
398.4 406.2 416.4 419.8 420.6 420.7 418.5 393.2 378.8 373.3 365 356.6 347.9 340.2 331.6 323.6 317.3 311.1 305.3 298.9 301.4 293.1 283.9 282.1 277.5 273.4 269 264.7 259.1 252.2 245.5 241.2 238.2 232.6 225.6 218.2 209.5 205 199 191.1 183.2 176.7 170.7 158.5 147.3 137.8 131.2 125.5 121.1 114.7 110 105.9 101.4 101.2 100.1 94.9 89.3 84 79.7 78.8 79 79.5 77.6 73.5 70 69 68.2 67.9 68 68.4 69.1 69.6 70.1 69 67.8 63.5 62.3 63.7 70.2 70 69.8 66.3
404.7 408.1 418.5 420.4 421.1 423.7 415.2 397.8 385.4 381 374.9 368.4 361.3 350.6 341.6 334.1 327.5 318.7 312.7 309.6 309.9 305.4 296 289.3 283.3 277.5 273.3 268.2 263.4 259.4 252.2 247.3 243.9 239.4 231.6 225.2 219 211.2 204.3 196.5 189.2 181.9 172.8 162.1 151.9 142.1 133 126.4 121.9 116 109.8 108.1 105.8 104.3 103.4 99.9 96.3 87.4 82.7 81.6 80.8 80.8 80.1 73.6 70.6 69.2 67.9 67.9 67.9 68.6 69.1 69.1 70 70.7 69.6 69.7 64.5 58.9 60.3 59.2 59.2 57.7
409.1 405.9 412.5 420.6 421.1 422.5 413.2 400.8 390.6 387.2 383.7 379.9 372.9 362 354 345.6 336.6 327 318.6 313.6 316.7 313.7 307.8 298.5 289 282.8 276.4 273.1 269.5 264.8 259.3 252.1 248.3 242.3 240 234.6 225.7 215.3 208.3 200.1 192.8 185.3 175.4 165 154.8 144 134.9 127.7 120.9 119.7 117.9 115.8 112 108.5 107.1 106.2 102.1 94.1 86.7 83.3 80.1 80.2 79.4 73.3 69.1 69.1 68 67.9 67.9 68.9 69.1 70.1 70.9 70.9 70.1 72.6 69.6 62.8 59.5 59.1 55.3 48.7
