data/200000-860000.asc
ncols 200
nrows 200
xllcorner 200000
yllcorner 860000
cellsize 50
[rows 144 to 179 of 200, columns 0 to 79 of 200]
346.8 338.7 331.5 325.2 323.8 316.3 317.3 320.1 305.9 288.9 256.9 233.2 226.8 227.1 225.9 218.3 200.1 181.1 167.6 152.7 141.3 128.7 118.7 110.1 98.4 104.9 119 121 112.8 98.2 88.8 80.6 71.5 64.3 59.9 48.1 32.8 29.3 28.2 26.1 25.4 23.9 22.7 22.2 22.5 22.6 22.3 21.9 21.7 22.1 22.9 22.3 20.7 19.5 18.9 19.2 20.8 21.1 21 21.1 21.2 21.4 21.5 21.6 21.5 21.6 21.7 21.8 23.3 34.5 37.1 43.9 64.4 89.2 101.6 116.8 132.6 163 186 196.9
341.6 335.4 327.6 321.7 318.5 314.5 307.2 304.9 295.6 253.6 218.6 199.4 191.5 191.1 188.1 177.3 164.5 153 142.1 126.8 112.4 110.7 108.2 102.5 112.7 126.4 122.6 113.2 103.9 96.4 87.7 79.3 71.8 67.2 63.1 57 49.2 42.6 33.1 27.1 26.2 25.3 23.5 22.8 23 23 22.9 22.5 22.2 22.5 23.3 23.8 20.9 19.2 20.3 21.1 21.2 21.2 21.3 21.4 21.6 21.7 21.8 22 22.1 22.1 22.2 22.3 22.3 29.6 34.2 35.7 43.8 65.4 83.3 94.9 116.9 142.9 156.4 171.3
334.3 329.2 320 314.2 310.2 302.4 295.6 296.3 264.8 232.4 199.5 186.5 173.7 164.5 159.8 152.3 143.8 133.1 121.3 124.7 127.9 118.1 125 126.8 129.9 132.3 122.9 109.2 104.8 95.1 87.3 84.3 75.5 70.7 65.3 59.2 51.7 48.8 39.4 30.4 26.6 24.8 23.4 23.3 23.6 23.5 23.5 23.2 23.1 23 23.2 23.7 20.9 19.8 21.4 21.5 21.5 21.5 21.9 21.7 21.8 21.9 22.1 22.2 22.6 22.7 22.8 22.8 22.9 26.5 31 34.1 37.7 43.2 62.2 72.9 95.9 117.6 135 146.6
337.6 323.6 313 309.8 308.8 304.1 290.8 276 247.3 213.2 185.4 161 153.6 147.2 148.6 141.6 139.1 140.7 140.7 135.1 135.1 140.9 139.8 135.9 132.8 131.2 122 115 104.8 99.2 95.3 86.7 79 76 70.5 63.1 58.5 54.4 43.1 34.9 31.3 27.8 24.7 23.8 24.2 24.1 23.9 23.8 23.7 23.3 23.1 22.9 20.3 19.8 21.1 21.8 21.8 21.9 22.2 22.5 22.2 22.2 22.3 22.4 22.8 23.3 23.3 23.8 24.5 27 29.2 32.5 36.2 38.6 44.6 54.8 71.2 82.8 103.8 120.9
329.5 316.5 308.3 304.9 302.8 296.9 286.1 264.1 229.7 197.8 172.7 166.4 172.8 172 171.7 165.4 163 161.5 158.8 156.5 159.1 154.2 145.3 140.6 137.6 130 123.5 108.9 107.4 105.1 97.3 87.7 84.6 81.2 75.6 64.7 62.7 56.4 42.2 43.1 43.8 38 30.6 26 25 25.2 24.5 24.3 23.8 23.6 23.5 23.2 21.2 20.3 21.2 22 22 22.2 22.5 23.1 22.9 22.6 22.6 22.7 23 23.5 23.9 25.1 27.2 29.4 31.5 34.6 36.5 36.7 39.4 41.9 50.5 60.9 74.3 87.4
324.5 318.9 302.7 297.9 296.1 288.1 277.4 249.5 217 189.9 171.1 193 204 203.7 200.5 191.4 191 197.2 196.2 179.1 172.2 160.2 153.3 146.8 134 126.3 119 116.4 112.9 105.8 98 87.5 82 79 74 65.9 61.6 56 45.5 50.8 56.7 48.6 35.7 31.5 27.5 25.3 25.2 24.4 24.2 24.2 24.2 23.9 23.9 21 21.6 22.2 21.7 21.1 21.8 22.4 23.2 23.1 23.2 23 23.1 23.8 25.5 27.6 30.4 31.8 33.5 36.1 38.1 37.9 39.9 42.2 43.8 45.8 53.8 65.5
317 308.2 301.2 292.6 288.6 282.4 270.1 249.3 213.6 184 204.4 224.9 238.7 242.4 247.1 230.3 223 216.9 211.7 195.2 182.5 173.7 164.7 152.5 138.9 131 123.6 115.6 107.7 104.6 99.1 93.2 80.6 77.8 71.4 66.1 57.6 51.9 55 55.2 58.8 55.8 45.4 40.6 42.3 31.8 26 25.2 24.8 24.8 24.9 26 30.5 23.1 20.2 20.9 20.5 21 20.9 20.7 20.3 21.4 23.6 23.6 23.1 24.2 26.5 28.6 30.7 32.6 34.3 36.2 37.5 39.1 39.7 41 43.3 43.5 46.9 48.5
305 297.2 292.1 288.3 284.9 279.8 263.5 234.2 195.2 204.5 237.1 256.2 259.8 265.6 263.3 252.4 239.7 227.7 220.6 213.6 200.6 187.1 180.2 160.4 146.8 140.2 131.5 120.2 110.4 100 92 88.5 76.8 73.6 67.3 65.1 67.6 61.7 60.4 58.9 56.4 56.8 54.3 47.5 52.8 41.4 33.1 29.3 26.7 26 26.6 29.7 36.5 32.6 24.6 20.8 21.4 22 22.4 22.4 22.2 21.6 21.7 23.3 22.8 22.1 27.1 27.6 29.8 32.4 34.5 35 35.7 38.6 39.9 42 44.8 45.5 44.2 41.9
297.5 291.3 289.7 288 281.2 269.1 241.9 205.8 221.8 254.7 269.3 268.8 269 269.5 260.3 253 244.5 238.4 232.5 226.4 208.5 191.3 177.8 164.5 155.1 145.1 137.3 122.9 105.3 103.8 98 91.1 85.8 77.5 75 76.6 71.8 66.9 63.9 60.7 62.9 64.3 57.6 52.9 53 55 48.6 40 35.4 26.9 31.7 30.2 33.4 33.7 27.9 25 23.1 22.4 22.8 23 23 22.6 21.7 23 22.9 22.8 27 27.9 30.1 32.8 34.4 35.1 36.2 37.8 38.8 39.7 42.7 42.7 43.5 40.9
272.3 270.4 263.9 271.7 262.3 232.6 226.3 246.2 273 277.4 275.1 276.7 268.7 268.5 259.3 251.2 245.3 239.5 231.6 221.1 204.5 192.2 178.8 166.1 155.5 143.5 126.9 124.9 118.8 109.4 102.5 95.3 88.4 83.4 80.2 81.1 76.6 69.3 67.9 67.1 67.1 65.8 60.2 55.3 53.5 56.1 51.8 48.8 39.4 31.7 28.7 30.1 33.9 32.4 27.6 25.7 25.1 24.4 23.5 23.8 23.1 22.7 22.3 22.8 23.7 23.4 26.2 28.6 30.1 33.3 34.5 35.7 36.8 38.1 39.3 35.9 29.5 29.2 33 41.3
283.9 281 272.1 250.7 242.7 258.2 274.2 291.9 293.8 287.6 280.6 276 267.3 269.2 256.2 247.2 241.3 234.4 226.6 213.9 202.8 190.3 178.8 169 156.5 144.7 144.2 137.8 126.3 116.6 113 104.9 100.9 94.5 89.5 83.8 78.7 76.7 78.3 78.5 76.8 70.9 66.8 62.4 57.4 58.4 55.5 51.3 38.6 29.3 27.3 27.9 29.3 28.8 27.6 26.4 25.9 25.5 25.2 24.9 24.3 23.6 22.9 22 23.8 23.5 28.3 29.3 30 32 34.7 36.2 37.4 38.4 29.9 30.8 30.4 30.5 31 29.6
308.5 300.3 288.6 281.8 292.5 294.4 306.9 308.3 303.3 288.6 282 274.4 274.6 272 254.5 244.8 238.2 230.4 224.7 215.1 199.7 187.2 175.1 158.8 159.2 158.2 152.6 149 138.9 128.8 121 113.9 107.4 101.4 94.8 92.1 88.6 84.9 84.3 82.2 79.7 76.4 72 67.2 60.6 57.2 54.1 48.5 38.2 31.4 28 28.3 28.9 28.7 28 27.1 26.6 26.2 25.9 25.9 25 23.9 23 22.5 23.9 26.5 29.3 29.4 29.6 30.9 32.6 35.2 37.1 37.9 29.1 29.8 30.1 30.7 31.3 31.9
326.6 317.8 311.1 308.1 307.6 305.4 308.2 310.4 305.6 290 280.5 278.2 288.1 266.5 256.7 245.3 235.5 227.1 218.9 207.9 196.6 182.4 167.7 170.5 172.8 170.3 164.4 161.8 147.5 137.6 130.6 124.2 114.9 107.8 102.8 99.7 97.7 92.1 88.6 84.1 81.6 77.5 73 66.3 60.6 57.9 55.4 47.9 36.8 30 28.6 28.8 29 29.1 28.3 27.7 27.2 26.9 26.6 26.1 24.9 24 23.2 22.4 25 27.9 29 29.6 29.9 31 32.6 32.8 33.2 32.8 29.4 29.7 30 30.3 31.3 31.9
334.2 325.5 318.3 315.6 315 312.8 311.7 308.2 299.6 286.2 282.2 287.3 285.9 265.4 251.9 240.5 231.7 227.3 217.1 204.4 191.7 178 181.9 186.2 185.6 180.8 177.4 174.1 159.4 151.6 147.6 140 126.7 121.2 115 108.5 103.4 96.2 93.1 91.3 87.4 83.7 74 67.8 62.5 58.5 53.4 46.6 36.6 30.3 28 28.9 29.4 29.5 29 28.4 27.9 27.4 26.8 26.2 26.2 24.4 24.7 24.4 25.7 26.7 26.6 26.9 30.3 31.7 32.2 32.7 33.2 31.2 29.2 29.6 29.9 30.2 30.4 32.3
343.4 332.8 322.6 317.9 315.2 312.4 309.3 304 294.2 288.4 286.3 288.4 280.9 263.7 248.7 239.9 231.6 221.6 212.8 201 188.7 189.6 196.7 198.2 195.6 194.4 193.1 189.5 174.6 166.2 157.9 145.2 139.2 128.3 120.5 117.6 114.1 112.8 107.5 105.1 99.9 91.5 82.3 71.9 64.5 60.8 54.9 45.8 36.7 31.7 29.6 29.3 29 29.3 28.8 28.6 28.4 28 27.5 26.8 24.3 25.6 25.1 22.5 26.3 26.5 27.1 27.4 27.4 30.5 31.9 32.4 33.1 33.6 28.3 28.9 29.1 29 29.9 32
350.5 338.1 328.4 318.1 311.5 307 302.6 300.5 294.6 290.6 283.4 277.6 269 258.2 248.4 237.9 229.2 221.5 209.4 200 198.6 207.9 213.2 215.7 214.1 211.9 211.2 198.8 187.5 173.6 162.6 159.4 149.9 136 132.7 137.3 134.1 125.9 116.8 110.7 105.8 96.1 83.9 73.5 67.2 60.9 53.8 42 38 32.7 30.8 30 29.4 29.3 29.1 29.1 28.9 28.4 28.3 27.5 26.7 25.9 25.3 24.7 22.2 26.1 26.7 27.6 27.6 27.7 30.1 31.9 33.2 33.7 32.9 28.4 27.6 28.5 29.5 31.7
349.9 338.6 326.3 316.8 309 303.9 298.1 291.8 286.4 281.3 271 262.6 253.2 245.8 238.1 241.5 231.5 226.2 217.8 215.6 219.1 226.6 234 236.6 234.5 229.2 219.2 209.5 196.2 186.1 177.2 172.9 161 154.2 153.9 148.8 138.3 132.1 124.7 115.5 107.7 94.1 87.5 75.7 68.8 63.1 49.8 40.5 38.7 34.7 31.8 30.6 30.3 30.6 29.6 29.4 28.8 28.7 28.4 27.1 26.3 26.4 25.9 26.4 26.7 26 27 27.8 27.7 27.7 27.8 29.6 30.6 30.9 30.2 29.6 28.5 27.2 28.9 31.6
356.5 348 332.9 323.7 313.9 309.2 300.2 296.5 290.2 280.7 277.6 271.9 267.9 261.4 259.2 250.5 243.4 241.7 230.5 225.9 239.2 240 248.1 243 240.4 232.2 225.9 217.9 206.5 195.4 187.2 182.7 179.4 173.9 165.4 154.5 142.5 137.2 129.5 119.1 106.1 94.7 86.4 77.4 71.9 63.9 53.6 40.1 37.1 34.2 31.9 31.1 30.9 31.1 30.3 29.1 27.9 27.6 27.9 26.8 27.7 28.1 28.9 30.9 31.1 30.2 28.1 26.4 27 27.1 27.5 27.2 27.7 27.9 28.3 28.6 27.5 27 26.7 29.4
365.6 353.1 349.4 333.3 319.9 310.9 303.4 294.7 286.5 284.1 282 279.8 274.3 271.9 264.9 260.8 258 256.8 239.2 239.6 250.5 252.2 248 244.7 239.1 230.7 227.6 222.6 218.5 213.3 212 211.5 205 189.1 173.2 158.2 144.6 137.5 130.4 119.1 105.8 94.3 86 76.8 70.5 62.1 50.9 39.4 35.9 33 32.1 32.1 31.8 31.6 30.6 29.3 28 27.2 26.7 25.7 29.5 29.9 30.9 33 34.9 35.5 33.4 32.7 30.2 28.4 27.6 27.9 28.8 29.3 28.3 25.2 26.5 25.6 28.9 29.9
376.1 370.8 363.7 337.7 327.9 314.6 307.8 297.3 291.2 288.3 284.7 283 279.1 275.5 275.2 272.5 266.5 253.3 241.8 247.5 254.1 253.6 248.3 242.7 235.7 233.4 229.6 225.6 228.1 235.8 228.6 225.8 211.3 201.1 177.3 159.3 147.7 138.8 130.5 116.6 105.1 93.6 84.6 77.7 69.8 57.8 45 40 35.3 33 32.9 32.9 32.7 32 30.9 29.5 28.2 27.5 27.3 30.9 31.8 33.3 35.2 37.5 40 40.8 40.7 43.8 46.2 43.4 42.2 41.1 38.5 38.3 36.9 35.4 33.7 34.1 34.4 33.9
385.7 376.2 366 348.2 335.1 323.2 311.8 303.2 300.1 295 291.3 288.8 283.4 280.2 274.4 271.1 265.7 256.7 251.4 253.8 253.5 251.8 248 247.3 240.7 238.4 231.9 230.1 233 234.6 235.8 225 213.8 197.1 178.9 165.8 154.3 143.1 131.5 119.1 106.1 93.5 85 74.5 66.3 56.4 43 38.3 34.3 33.1 33.1 33.1 33 31.6 30.1 28.9 28.3 28.5 28.8 31.4 34.5 36.8 40.3 43.8 47.8 50.6 52.2 54 55.4 54.4 55.1 55.8 53.4 55.9 59.4 61.2 57.3 55.4 53.6 48.8
388.2 379.6 366.5 351.8 342.9 329.3 315.1 306.1 306.9 301.2 295.5 293.4 293.8 296.8 293.7 277.8 269.8 266.5 258.8 254.8 253.4 252 249 246.4 240.3 239.3 237.6 233.1 232.2 230.7 231.3 225.3 211.2 196 180.7 166.6 153.3 142.3 134.7 124.3 108.2 90.9 79.2 68.2 63.3 52.3 42.7 37.3 34.4 33.8 33.3 33.5 32.9 31.3 29.7 30 30 30.1 30.5 31.8 39.5 42.3 46.9 52.6 55.9 59.9 64.1 66.4 68 69 73.5 73.8 75.1 74.6 73.8 73.2 73.8 73.3 72.3 69.8
391.4 383.4 369.1 354.9 346.2 336.5 321.2 317.9 317.1 312.7 308 306.9 303.6 310.4 300.2 285.2 272.3 268.9 260.1 254.7 250.2 247.3 245 240.9 240 239.5 236.5 231 229.1 226.2 219.1 211.6 203.7 193.2 179.4 166.6 153.6 141.9 131 118.9 102.4 90.9 77.8 70.8 61.5 49.5 42.5 37 35.3 34.9 34.3 34.2 33.6 31.7 30.7 31.2 31.3 31.4 31.4 32.7 43.1 47 53.9 61.4 68.8 76.8 80.1 83.9 84 85.7 89 92.3 94.8 95.7 94 90.8 91.7 90.4 87.9 83.5
395.4 386 371.1 358.3 350.2 345.3 331.8 333.4 331 325.4 339.1 325.1 318.9 315.4 311.5 290.1 278.9 269 264.2 252.9 246.9 242.5 241.4 239.7 239.5 236.8 232.1 225 221.4 216.9 212.1 202.4 195.5 188.3 176.5 162.8 150.3 138.1 126.9 113.2 99.3 86.8 75.6 69.4 57.8 47.9 42.6 40.7 36.5 35.4 35.3 35.2 34.3 32 31.5 32.2 32.2 32.2 32.2 42.6 44 51.6 60.1 70.4 82 88.7 93 98.7 103.2 99.7 103.7 108.6 112.9 115.4 115.3 114.2 110.8 108 107.8 106
404.1 391.4 378.1 362.5 354.9 351.7 342.4 345.4 338.2 339.5 356.2 344.6 325.2 314.8 315.8 302.2 285 278.2 265.2 251.1 243.4 241.3 241.1 236.5 234 231.9 227.2 222 217 212.8 208.7 197.8 185.5 179.5 167.8 156.4 144.7 132.2 119 107.3 95.9 84.4 76.9 70.4 59.1 49 43.5 40.5 38.5 36.3 35.8 36.2 34.4 32.1 31.5 33 32.5 32.9 36.5 45.7 48.4 56.7 67.5 81 91.4 101.5 109.1 116 120.7 121.8 117.7 130.2 132.2 132.9 137.4 136.4 131.3 140.1 147.6 148.1
407.8 392.5 382.7 370.2 363.9 359 348.1 349.9 345 351.1 353.7 348.2 338.4 319.4 313.5 300.6 291.5 273.7 263.1 249.7 238.6 236.2 236.4 231.1 227.1 223.7 220.5 215.8 212 207.3 201.1 191.5 180.3 171.5 161.1 149.2 137.2 127.7 112.9 104.9 94.5 82.3 78.4 68.1 55.4 47.9 43.8 41 38.7 37.1 36.4 36.6 35.3 32.5 31.6 33.6 33.5 33.9 45.6 47.9 54.4 65.8 76.7 86.1 98.1 111.1 122.5 130.6 135.3 140 140.6 145.1 154.7 164.5 168.8 174.7 174.8 179.7 178 181.9
412.9 398.2 391.1 385.5 374.6 372.6 358.8 360.3 357.6 361.3 363.2 361.2 346.6 319.8 312.1 305.9 289.9 281 266.9 252.5 236.7 233.2 232.8 229.7 222.2 213.4 210.4 205.7 200.2 198.6 191.1 182.5 174 167.7 155.7 142.6 130.3 120.1 111.3 99.5 90.4 82 74.7 65 55.8 48.7 44.8 40.9 39.2 38.5 36.9 37 36.1 34.4 32.7 34.4 34.3 42.9 47.2 51.5 62 73.3 83.5 91.7 103 116.4 130.8 140.9 150.6 157.7 162.9 164.8 173.6 181 201.9 199.3 200.9 204.1 197.8 196.5
408.8 398.8 388.4 386.5 380.6 380.5 364.6 366 365.1 363.5 365.3 355.6 344 331.4 313.1 295.6 285.7 277 266.8 259 235.4 227.6 227.5 227 218.2 210.1 205.1 200.8 197.3 195 187 180.1 171.1 165.1 153.8 140.2 128.5 116.3 108.8 95.7 88.2 79.4 75.5 63.7 56.4 49.4 45.1 41.4 40.6 39.7 38 37.9 36.8 35.5 34.8 35.4 35.8 45.5 48.4 55.9 67.9 78.3 89.8 99 108.4 122.8 136.5 146.6 161.5 170.7 180.4 180.6 194.6 200.8 211 213.2 214.2 222.3 215.6 206.2
408.6 401 387.5 381.5 378.4 375.2 368.5 364.4 364 364 363.2 366 353.5 328.8 305.8 289 279.2 270.1 261.6 259.1 240 226.8 221.3 220 211 205.3 201 195 191.1 182.4 178.9 171.5 167.2 156.5 147.6 136.5 126.6 114.2 105 93.2 82.2 79.1 70.9 61.9 56.3 50.1 45 42.8 42 40.5 38.6 38.1 37.4 36.1 35.3 36.8 44.8 45.6 51.7 63.1 74.1 83.8 94.1 105.8 115.9 129 143 158.2 172.1 186.3 193.3 197.9 210.4 216 221.8 227.5 230.8 232.4 234.5 226.5
405.1 395.5 388.8 385.2 375.7 368.9 366.4 366 364.4 359.2 359.8 357.1 345.4 321.1 298.1 281.2 270 260.6 253 248.8 239.2 224.8 219.6 216.9 204.7 198.1 193.9 192.1 181.1 173.4 168.2 161.5 155.8 148.3 138.8 126.5 118.1 107.7 95.6 86.4 78.5 74.5 68.3 62.7 56.8 50.3 46.4 44.7 44.2 42.7 39.1 38.3 37.5 36.5 35.9 42.9 51.3 48.7 54.7 69.9 81.1 89.5 100.4 112.3 123.1 137.4 150.3 168.2 184.9 199.4 204.4 209.8 223.2 233.8 235 241.1 245.4 242.3 246.7 242.7
399.6 389.9 383.4 378.2 372.4 367.4 369.3 374.1 371.4 357.8 354.8 339.4 324 307.5 284.5 271.4 261.4 252.3 243.6 236.7 229.1 222.1 215.1 206.6 199.6 189.5 185 181.8 175.6 167 160.3 152.5 146.1 140.5 133.3 122.9 113.3 103.9 92.5 84.8 76.7 71.8 68.7 63 56.4 51.5 46.8 46.1 45.2 43.5 39.6 38.7 37.7 36.6 37.4 48.2 51.5 55.4 63.1 76.3 85.9 97.2 108.3 118.1 131.6 144.5 158.9 179.7 195.1 209.7 216.9 227.6 235.5 243 246.9 253.3 256.6 249.8 255.6 257.7
391.8 383.8 377 374.4 368.4 362.8 364.3 366.7 361.6 349.3 340.8 317.3 307.7 296.3 279.4 265.6 255.5 247.2 239.1 229.8 223.4 216.3 211 200.9 192.1 184.5 177.9 172.2 164.6 157.7 151.1 143.3 140.1 134.1 125.2 117.5 108.6 98.5 91.4 83.8 76.4 72.1 67 62.2 57.3 51.7 48.3 46.9 45.8 41.5 40.3 39.9 39.2 36.3 38.4 50.2 52.9 61.5 71.2 81 92.3 103.6 115.1 125.8 135 152.6 168.1 189.7 203.7 216 226 238 242.6 250.8 260 266.9 272.1 273.4 266.6 264.1
382.9 374.7 366.1 363.8 359.5 355.8 353.9 358.3 350.5 340.5 329.7 310.7 298 288.5 273.1 258.9 249.6 241.8 232.3 226.4 219.9 212.6 207.6 197.6 187.7 180.1 171.7 162 156 148.2 143.2 136.8 132.2 126.3 119.5 112.5 105.2 97.9 89.4 81.4 74 69.9 66.7 66.9 60.6 52.7 50.4 48.9 46.7 41.4 40.7 39.9 39.2 36.1 40.9 51.5 55.9 65.7 78.2 87.7 99.3 108.1 119.7 134.1 139.6 156.1 174.1 195.2 209.1 224.2 234.6 246.2 253.6 260.7 266.8 280.1 286.1 283.6 284.6 275.5
372.2 362.1 355.3 352.1 355.1 350 343.8 338 329.1 318.7 309.5 297.2 284 274.4 265.4 252.5 244 236.8 229 220.5 214.9 211.2 204.7 193.8 182.7 172.3 162.2 155.7 148.7 142.3 135.9 130.3 124.9 120.5 115.8 108.6 102.8 95.8 89.5 81.6 79.9 72.9 69.2 68.6 59.8 54.6 52.3 49.9 47.5 42.7 41.2 41.3 40.5 35.6 47.6 52 55.5 66.9 82.7 93.9 103.2 114 124.9 138.6 145 162.6 183.4 200.8 216 229.8 241.7 254 261.8 269.9 277.3 282.3 290.9 291.9 291.3 283
354.2 346.6 341.9 337.2 333.6 329.4 323.7 316.3 308.4 300.8 292.6 285.5 277.1 268.7 258.8 247.1 239 239.8 225.7 216.3 211 202.8 194.4 189 180.2 170.4 162.1 155 149.2 143.7 139 130.8 123.4 118.5 113.1 107.4 101.5 94.6 89.9 85.8 79.2 79.7 71.1 67.6 60 57.1 53.5 49.8 47 44.9 42.5 41.1 39.9 36.9 50 51.6 56.9 70.4 88.5 99.3 106.6 112.7 125.2 140.4 149.7 169.1 189 207.5 225.2 235.9 247.9 258.3 270.8 278.9 287.8 290.1 294.3 297.7 296.2 291.3
323.5 320.2 312.9 305.9 299.1 292.8 288.8 288.5 283.8 276.1 268 257.9 248.8 243.9 239.5 233.9 226.2 224.6 217.3 207.1 198.3 190.6 183.9 181 176.1 167.5 160.2 152.9 148.5 139.9 134.9 126.7 121.1 115 112.1 106.2 100.9 95.8 92.5 87.4 83.9 81 75.3 65.1 60.9 58.3 54.2 51.4 48.8 46.4 39.6 37 37.4 37.3 52.2 54.7 61.3 73.1 91.8 102.6 110.4 115.6 129 141.6 152.2 183.3 193.8 211 230.6 245.7 254.6 264.6 275.7 283.8 292.5 298.3 299 302.2 301.6 300.8
