data/200000-930000.asc
ncols 200
nrows 200
xllcorner 200000
yllcorner 930000
cellsize 50
[rows 152 to 189 of 200, columns 0 to 83 of 200]
-1.9 -1.9 -1.9 -1.9 -1.9 -1.9 -1.9 -1.9 -1.9 4.3 4.8 7.1 12 22.4 29.4 36.9 39.9 36 32.8 32.6 32.7 33.4 36 38.8 42 43.9 43.3 45.6 45 41.7 42.2 44.5 47.8 49.6 51.5 52.3 50.4 48.9 49.1 49 46.6 49.7 55.2 58 60.3 60.1 59.5 61.5 66.7 69.4 71 68 68.2 69.4 69.2 70 72.2 75.9 79.5 82.8 86.2 87.9 88.6 90.3 90.5 85.6 73.8 65.5 59.9 56.3 54.6 51.5 49 48.2 48.9 46.8 48 46.8 53.6 62.4 60.7 59.8 65.9 65.9
-1.9 -1.9 -1.9 -1.9 -1.9 -1.9 -1.9 -1.9 -1.9 -1.9 -1.9 -1.9 0.7 2.3 14.4 20 25.2 23.2 24.8 26.6 27.8 28.1 29.6 32.4 31.7 35.1 37.5 40.1 37.5 37.1 43.7 46.8 49.5 51.7 52.5 51.4 50.3 46.5 45.7 45.1 46.4 52.1 55 61 61.3 60.3 61.6 64.5 67.9 73.2 75.9 77.4 79.4 81.1 78.9 76.3 77 80.4 84.3 87.6 91.9 94 95.9 94.1 91.7 86.1 74.8 66.7 61.4 60.4 56.6 52.8 54.6 53 50.7 49.3 50.9 51.8 65.8 68.3 64.9 63.1 64.7 63.2
-1.9 -1.9 -1.9 -1.9 -1.9 -1.9 -1.9 -1.9 -1.9 -1.9 -1.9 -1.9 -1.9 0 1.4 2.3 11.1 19.6 23.1 25.5 25.5 24.3 24 26.5 27.1 28.6 29.8 30.3 33.6 38.2 44.1 48.6 51.2 51.9 51.1 51.2 49.4 46.1 43.5 42.7 46 49.2 55.8 60.9 58.5 57.8 58.9 61.2 68.2 76 82.1 86 86.1 86.2 86.1 86.3 85.6 84.7 87.5 90.9 95.4 99.2 100.2 97.7 90.6 83.6 74.9 69 64.1 61.8 59.2 56.9 56.4 55.1 51.2 52.4 53.9 60.3 70.2 70.4 67.4 67.8 66.7 67.4
-1.9 -1.9 -1.9 -1.9 -1.9 -1.9 -1.9 -1.9 -1.9 -1.9 -1.9 -1.9 -1.9 -1.9 -1.9 0.3 1.7 9.7 20.5 22.9 22.1 21.1 20.1 22.2 23 23.6 23.5 28.2 32.7 37.5 43.6 49 51.3 51 50.7 51.3 48.4 43.3 41.7 41 43.5 48 54 53.8 52.4 53.8 56 58.9 66.4 75.5 87.4 91.3 89.6 89.6 93.7 94.3 92.8 91 90.6 94.1 97.2 99.3 99.2 96.4 91.6 86.2 79.1 75.9 70.6 65.4 63 60.3 56.4 53.2 51.7 55.5 55.2 68.7 72.1 72.3 71.1 70.9 68.1 66.3
-1.9 -1.9 -1.9 -1.9 -1.9 -1.9 -1.9 -1.9 -1.9 -1.9 -1.9 -1.9 -1.9 -1.9 -1.9 -1.9 0.3 1.7 9.2 16.4 15.9 16.9 16.2 17.6 18.3 18.9 22.5 26.1 30 36 42.2 46.4 48.2 48.8 51.1 51.5 48.3 45.2 40.8 39.4 40.2 43.9 45.9 47.4 47.3 48.6 50.4 54.9 64.6 76.3 87.1 88.3 90.6 96.8 99 97.8 95.3 94 93.6 94.8 96.1 97.7 98.3 97 94.1 84.8 82.2 78.7 71.4 65.6 61.6 58.8 56.7 52.7 53.8 56.8 60 72.8 75.2 74 73.7 71.1 68.7 64
-1.9 -1.9 -1.9 -1.9 -1.9 -1.9 -1.9 -1.9 -1.9 -1.9 -1.9 -1.9 -1.9 -1.9 -1.9 -1.9 -1.9 0.4 1.7 8.5 14 14.3 13.6 13.8 15.1 17.7 21.6 24.7 28.3 34.4 39.6 42.8 45.5 47.3 50.7 51.1 48.4 45.1 41 38.5 38.6 40 41.4 41.6 41.6 44.2 47.8 53.5 63.2 73.2 81.1 88.6 97 101.1 101.6 97.6 94.2 95.4 96.2 94.4 95 95.8 96.7 96.3 93.1 83 83 79.5 72 67.7 64.4 62 57.7 54.7 55.6 57.7 64.7 74.7 76 76 73.9 72.4 70.5 64.5
-1.9 -1.9 -1.9 -1.9 -1.9 -1.9 -1.9 -1.9 -1.9 -1.9 -1.9 -1.9 -1.9 -1.9 -1.9 -1.9 -1.9 -1.9 0.5 1.6 4 13.2 11.5 10.4 12.2 16.7 19.5 21.9 24.2 28.8 35.1 37.9 41.7 44.3 46.2 45.8 45.9 43.9 39.8 37.7 36.5 36.7 37 37.9 39.5 42 47 50.8 59.4 68.5 78.2 87.6 99.2 103.6 101.2 93.6 94 98.1 99.5 96.3 93.5 93.7 94.8 94.3 82.3 83.5 84.1 80.2 73.1 70.1 68.4 66.2 60 57.2 60.1 62.3 72.8 77.2 79.1 77.5 76.6 75.1 71.1 64.7
-1.9 -1.9 -1.9 -1.9 -1.9 -1.9 -1.9 -1.9 -1.9 -1.9 -1.9 -1.9 -1.9 -1.9 -1.9 -1.9 -1.9 -1.9 -0.9 0.2 1.2 1.6 2.1 2.3 2.4 3.9 12.8 17.6 19.4 24.5 29 32.4 36.2 38.1 41 42.5 44.4 42.8 38.6 36.1 35.3 35.4 36.3 37.3 38.6 41.5 45 49.4 54.9 64 74.3 89.2 98.8 104.5 99.4 92.7 95.8 101.4 100.3 95.7 91.5 91.5 91.9 87.1 81.2 82.5 84.7 78.6 74.2 73.1 73.5 69.8 64.3 61.6 62.5 68.8 77 81.7 83.1 81.3 80.4 78.6 72.7 66.3
-1.9 -1.9 -1.9 -1.9 -1.9 -1.9 -1.9 -1.9 -1.9 -1.9 -1.9 -1.9 -1.9 -1.9 -1.9 -1.9 -1.9 -1.9 -1.9 -1.9 -0.3 -0.5 -1.9 -1.9 -0.3 0.5 1.7 4.7 15.8 19.9 22.7 25.5 29 32.5 36.5 40.3 40.1 39.1 36.4 34.5 34.3 35.3 36.2 37 38 40.1 43.4 46.6 51.7 62.1 74.1 86.4 94.4 99.8 94.8 91.8 92.6 96.3 96.6 93.9 91.3 90.2 90.1 82.1 80.1 79.8 79.5 75.7 75.4 74.8 73.7 71.8 65.8 64.3 65.6 74.4 80.7 82.8 84.7 85.1 84.5 81.9 75.5 69.7
-1.9 -1.9 -1.9 -1.9 -1.9 -1.9 -1.9 -1.9 -1.9 -1.9 -1.9 -1.9 -1.9 -1.9 -1.9 -1.9 -1.9 -1.9 -1.9 -1.9 -1.9 -1.9 -1.9 -1.9 -1.9 -1.9 -1.9 1.1 4.5 14.3 17.1 21.4 26.9 32.6 36.7 36.8 38.7 37.1 35.5 33.2 34.5 35.6 36.4 37.3 38 39.1 41.4 44 47.1 54.3 66.1 78.7 87 89.1 90.8 87.6 88.2 90 91.2 89.8 86.8 83.8 80 77.8 78.1 77.9 76.7 76 75.9 76.7 75.3 71.1 67 67.2 70.5 79.6 84.1 85.3 85.1 86.6 87 84.8 77.5 70.5
-1.9 -1.9 -1.9 -1.9 -1.9 -1.9 -1.9 -1.9 -1.9 -1.9 -1.9 -1.9 -1.9 -1.9 -1.9 -1.9 -1.9 -1.9 -1.9 -1.9 -1.9 -1.9 -1.9 -1.9 -1.9 -1.9 -1.9 -1.9 1.2 10.4 14.2 17.2 24 29.7 29.8 35.7 36.6 35.4 33.5 32.3 33.9 35.9 36.7 37.4 38.1 39 39.9 40.4 43 51.4 65.8 76.6 79.8 83.1 83 81.2 82.7 82.6 83.4 81 78.3 76.7 76.7 82.1 82.6 80.9 78.1 76.1 76.2 78 73.6 70 69.9 69.6 74.6 85.5 87.4 87.8 85.5 86.6 86.2 81.9 74.2 70.5
-1.9 -1.9 -1.9 -1.9 -1.9 -1.9 -1.9 -1.9 -1.9 -1.9 -1.9 -1.9 -1.9 -1.9 -1.9 -1.9 -1.9 -1.9 -1.9 -1.9 -1.9 -1.9 -1.9 -1.9 -1.9 -1.9 -1.9 -1.9 -1.9 -1.9 2 9.5 19.1 21.2 28.5 31.9 32 29.3 35.6 36.1 36.3 36.4 36.9 37.6 38.5 39.8 40.5 41 43.8 50.8 61.6 64.2 68 74.7 75.2 77.6 79.1 77.3 76.4 75.8 75.2 75.1 77.5 81.9 82.4 82.5 78.7 76.3 77.4 75.3 71.4 70.9 73.4 74.4 80 91.1 91.3 89.4 86.1 85.6 84.6 77.7 71.6 67.1
-1.9 -1.9 -1.9 -1.9 -1.9 -1.9 -1.9 -1.9 -1.9 -1.9 -1.9 -1.9 -1.9 -1.9 -1.9 -1.9 -1.9 -1.9 -1.9 -1.9 -1.9 -1.9 -1.9 -1.9 -1.9 -1.9 -1.9 -1.9 -1.9 -1.9 -1.9 2.6 14.4 18.9 20.8 17.9 28.2 33.5 38 39.1 38.3 37.8 37.9 39.7 43.8 40.8 41.3 41.9 42.6 48.5 54.8 59.2 62.8 67.8 71.4 74.7 72.7 70.6 69.1 69.7 71.6 73.9 75.3 78.4 80.8 80.8 78.2 77.6 80.9 77.1 71.9 72.5 74.5 77.6 80.8 89 93 91.9 87.1 83 79.5 73.6 67.9 61.8
-1.9 -1.9 -1.9 -1.9 -1.9 -1.9 -1.9 -1.9 -1.9 -1.9 -1.9 -1.9 -1.9 -1.9 -1.9 -1.9 -1.9 -1.9 -1.9 -1.9 -1.9 -1.9 -1.9 -1.9 -1.9 -1.9 -1.9 -1.9 -1.9 -1.9 -1.9 0.9 2.7 8.3 13.3 23.1 31.6 36.9 39.7 40.4 40.2 39.6 39.9 41.9 43.9 42.1 42.4 42.9 43.8 48.3 52.9 57.5 60.9 64.5 67.7 68.5 67.2 66.4 61.9 63.5 66.1 70 72.5 73.2 74.1 75.6 76.4 79.4 84.7 79.8 74.3 73.2 74.9 75.1 80.9 83.9 83.4 80.4 78.9 75.9 73.7 68 62 60.2
-1.9 -1.9 -1.9 -1.9 -1.9 -1.9 -1.9 -1.9 -1.9 -1.9 -1.9 -1.9 -1.9 -1.9 -1.9 -1.9 -1.9 -1.9 -1.9 -1.9 -1.9 -1.9 -1.9 -1.9 -1.9 -1.9 -1.9 -1.9 -1.9 -1.9 -1.9 -1.9 1 5.3 16.3 24.1 32.1 38.2 41.5 42.5 42.1 41.7 41.4 42.4 43 43.4 43.8 44.3 47.1 49.8 52.7 55.9 59.5 62.7 63.1 64 65.2 58.9 58 60.4 63.8 68.8 70.4 71.6 73 74.4 76.4 81.8 85.5 77.1 73.7 73.2 74.7 77.5 77.5 75.2 74.7 74.3 74.4 71.2 66.8 61.2 57.5 55.6
-1.9 -1.9 -1.9 -1.9 -1.9 -1.9 -1.9 -1.9 -1.9 -1.9 -1.9 -1.9 -1.9 -1.9 -1.9 -1.9 -1.9 -1.9 -1.9 -1.9 -1.9 -1.9 -1.9 -1.9 -1.9 -1.9 -1.9 -1.9 -1.9 -1.9 -1.9 -1.9 -1.9 2.1 12.5 22 31.1 38.1 41.9 45.1 45.6 44.4 44.4 45.4 45.1 45.2 45.2 46.3 48.7 51.2 53.8 55.8 58.2 59.7 60.4 60.3 58.4 54.7 56.8 58.3 61.6 65.7 68.1 70.2 72.5 74.7 78.1 80.4 78.7 72.7 70.3 71 73.2 76 77 74.3 71.9 71.4 70.5 65.8 60 56.2 52 50.7
-1.9 -1.9 -1.9 -1.9 -1.9 -1.9 -1.9 -1.9 -1.9 -1.9 -1.9 -1.9 -1.9 -1.9 -1.9 -1.9 -1.9 -1.9 -1.9 -1.9 -1.9 -1.9 -1.9 -1.9 -1.9 -1.9 -1.9 -1.9 -1.9 -1.9 -1.9 -1.9 -1.9 -1.9 6.5 19.5 27.4 36.3 41.6 45.3 46 46.8 47.3 48.4 47.2 47.3 47.8 50.5 52.9 55.1 56.7 58.6 58.9 59.3 57.7 56 53.3 52.4 54.5 55.5 58.8 62.8 66.3 69.2 72.8 74.5 75.8 74 70.8 66.9 65.9 67.8 71.9 78.6 75.7 73.1 69.2 67.4 64.7 60.1 55 52.2 49.3 49.1
-1.9 -1.9 -1.9 -1.9 -1.9 -1.9 -1.9 -1.9 -1.9 -1.9 -1.9 -1.9 -1.9 -1.9 -1.9 -1.9 -1.9 -1.9 -1.9 -1.9 -1.9 -1.9 -1.9 -1.9 -1.9 -1.9 -1.9 -1.9 -1.9 -1.9 -1.9 -1.9 -1.9 -1.9 3.3 19 30.3 41.2 46.6 48.6 48.7 49.4 50.4 51.1 49.4 50.1 51 53.6 56.8 61.5 61.6 62.7 62.8 59.9 56 52.8 50.3 50.5 52.3 52.5 55.9 60.5 64.5 68.2 70.9 70.9 68.9 66.5 63.1 59.4 62.5 67.7 71.5 70.6 71.3 69.9 65.7 63 60.3 56.5 50.8 49.4 48.5 48.7
-1.9 -1.9 -1.9 -1.9 -1.9 -1.9 -1.9 -1.9 -1.9 -1.9 -1.9 -1.9 -1.9 -1.9 -1.9 -1.9 -1.9 -1.9 -1.9 -1.9 -1.9 -1.9 -1.9 -1.9 -1.9 -1.9 -1.9 -1.9 -1.9 -1.9 -1.9 -1.9 -1.9 -1.9 1.8 13.7 29.2 45.3 52.4 51.4 51 52.3 54.1 53.6 51.8 51.8 53 55.6 59.4 63.3 65.4 67.9 65.2 61.2 54.3 49.6 48.1 47.3 48.6 49 51.6 55.8 58.6 60.5 63.3 63.6 62.9 56.9 54.4 57.6 61.8 66.9 66.6 64.4 64.8 63.3 63.7 61.2 56.8 52 49.5 48.6 48.7 53.2
-1.9 -1.9 -1.9 -1.9 -1.9 -1.9 -1.9 -1.9 -1.9 -1.9 -1.9 -1.9 -1.9 -1.9 -1.9 -1.9 -1.9 -1.9 -1.9 -1.9 -1.9 -1.9 -1.9 -1.9 -1.9 -1.9 -1.9 -1.9 -1.9 -1.9 -1.9 -1.9 -1.9 -1.9 -1.9 6.1 30.7 45.8 52.4 51.2 52 54.6 58.3 56.4 55 55.8 55.2 56.5 62.2 67.1 66.6 63.8 61.2 57.2 50.5 46.6 44.9 43.6 45.3 43.4 44.5 46.4 49.5 51 52.4 53.5 51.5 48.2 50.6 54.8 59.6 64.6 62.8 60.2 60.5 61.2 62.1 58 53.2 48.8 47.7 51.1 52.1 59.6
-1.9 -1.9 -1.9 -1.9 -1.9 -1.9 -1.9 -1.9 -1.9 -1.9 -1.9 -1.9 -1.9 -1.9 -1.9 -1.9 -1.9 -1.9 -1.9 -1.9 -1.9 -1.9 -1.9 -1.9 -1.9 -1.9 -1.9 -1.9 -1.9 -1.9 -1.9 -1.9 -1.9 -1.9 -1.9 -1.9 29.2 43.7 49.4 48.3 51.4 54 56.1 55.5 56.3 55.7 56 60.8 67.4 70.5 64.1 60 57.4 52.1 46.7 44.3 43 41.7 41.7 39.5 37.4 38.3 38.9 39.3 39.8 39.5 41.3 46 49.6 53.4 55.6 56.9 56.8 57.7 59.9 60.7 59.7 51.8 49.7 46.4 47.5 49.9 54.8 65
-1.9 -1.9 -1.9 -1.9 -1.9 -1.9 -1.9 -1.9 -1.9 -1.9 -1.9 -1.9 -1.9 -1.9 -1.9 -1.9 -1.9 -1.9 -1.9 -1.9 -1.9 -1.9 -1.9 -1.9 -1.9 -1.9 -1.9 -1.9 -1.9 -1.9 -1.9 -1.9 -1.9 -1.9 -1.9 -1.9 10.7 24.1 34.7 41.2 48.7 52.3 54.8 54.6 54 54.8 56.3 60.2 64.8 62.3 57.7 55.8 54.1 49.6 45.3 43.9 42.3 40.2 41.6 38.6 33.7 33.3 33.2 34.3 33.8 34.6 37.8 45.1 48.9 50.7 52 52.6 54.4 56.7 58.9 56.1 50.2 45.6 45.1 45.2 47.1 50.5 57.6 67.3
-1.9 -1.9 -1.9 -1.9 -1.9 -1.9 -1.9 -1.9 -1.9 -1.9 -1.9 -1.9 -1.9 -1.9 -1.9 -1.9 -1.9 -1.9 -1.9 -1.9 -1.9 -1.9 -1.9 -1.9 -1.9 -1.9 -1.9 -1.9 -1.9 -1.9 -1.9 -1.9 -1.9 -1.9 -1.9 -1.9 -1.9 2.3 19.6 30.3 40.6 48.8 52.3 51.7 53 53.9 54.6 56.2 56.6 56.7 56.2 53 50.9 48.4 44.8 43.6 42.4 40.1 41.2 34 30.8 28 27.1 27.4 28 30.5 34.1 41.3 45.4 47.8 50.7 54.3 56.4 56.9 52.5 51 44.7 41.4 39.2 41.4 44.1 49.8 62.6 73.4
-1.9 -1.9 -1.9 -1.9 -1.9 -1.9 -1.9 -1.9 -1.9 -1.9 -1.9 -1.9 -1.9 -1.9 -1.9 -1.9 -1.9 -1.9 -1.9 -1.9 -1.9 -1.9 -1.9 -1.9 -1.9 -1.9 -1.9 -1.9 -1.9 -1.9 -1.9 -1.9 -1.9 -1.9 -1.9 -1.9 -1.9 -1.9 2.7 13.5 24.1 35.1 43.1 51.6 51.9 51 52.2 53.3 56.4 56.4 54.1 51.2 51.5 49.3 43.5 46 45.2 42.3 34.9 29.8 26.5 24.4 23.6 23.1 24 27.1 30.4 37.7 42.8 46.1 50.9 55.8 58.2 53.4 47.9 45 41.6 38.5 35.7 38.2 42.1 53.2 66.1 75.5
-1.9 -1.9 -1.9 -1.9 -1.9 -1.9 -1.9 -1.9 -1.9 -1.9 -1.9 -1.9 -1.9 -1.9 -1.9 -1.9 -1.9 -1.9 -1.9 -1.9 -1.9 -1.9 -1.9 -1.9 -1.9 -1.9 -1.9 -1.9 -1.9 -1.9 -1.9 -1.9 -1.9 -1.9 -1.9 -1.9 -1.9 -1.9 -1.9 1.6 12.3 28.5 33.9 46.5 48.8 46.7 48.1 48.8 51.8 50.3 49.2 47.9 47.1 43.9 42.9 40.1 39.1 37.5 31.2 26.2 22.1 19.8 19.4 20.2 20.6 23.2 25.6 31.7 39.3 43.8 47.6 49.8 52.9 48.5 43.2 38.7 37.4 35.9 33.2 36 45.1 57.1 65.3 77.8
-1.9 -1.9 -1.9 -1.9 -1.9 -1.9 -1.9 -1.9 -1.9 -1.9 -1.9 -1.9 -1.9 -1.9 -1.9 -1.9 -1.9 -1.9 -1.9 -1.9 -1.9 -1.9 -1.9 -1.9 -1.9 -1.9 -1.9 -1.9 -1.9 -1.9 -1.9 -1.9 -1.9 -1.9 -1.9 -1.9 -1.9 -1.9 -1.9 -1.9 4.1 16.8 24.6 36.8 39.9 40.5 45 45.7 46.5 46 44.3 43.5 42.9 39.5 36.1 34.4 33 30.1 27.1 23.2 18.3 16.4 15.3 17.5 18.1 21 20.6 25.3 34.5 40.1 42.6 46.3 48.2 42.6 37.6 34.3 32.8 32.4 32.2 37.1 48.4 58.9 68.6 78.1
-1.9 -1.9 -1.9 -1.9 -1.9 -1.9 -1.9 -1.9 -1.9 -1.9 -1.9 -1.9 -1.9 -1.9 -1.9 -1.9 -1.9 -1.9 -1.9 -1.9 -1.9 -1.9 -1.9 -1.9 -1.9 -1.9 -1.9 -1.9 -1.9 -1.9 -1.9 -1.9 -1.9 -1.9 -1.9 -1.9 -1.9 -1.9 -1.9 -1.9 1.1 3.6 14.9 24.2 31.4 35.9 42.2 42.7 46.5 44.3 42.3 41.1 39 36.2 33.8 30.3 29.7 25.8 22.5 18.6 13.9 13.4 13.2 14.7 17.3 19.9 16.3 21.1 30 36.6 39.6 42.1 39.3 35.3 33.5 30.9 29.6 29 32.9 39.3 47 58.4 72.3 79.6
-1.9 -1.9 -1.9 -1.9 -1.9 -1.9 -1.9 -1.9 -1.9 -1.9 -1.9 -1.9 -1.9 -1.9 -1.9 -1.9 -1.9 -1.9 -1.9 -1.9 -1.9 -1.9 -1.9 -1.9 -1.9 -1.9 -1.9 -1.9 -1.9 -1.9 -1.9 -1.9 -1.9 -1.9 -1.9 -1.9 -1.9 -1.9 -1.9 -1.9 -1.9 0.2 4 15.7 23.7 27.3 36.1 36.8 38 40.5 39.6 37.1 34.6 34.3 31.3 27.6 25 22.8 18.6 14.8 12.5 11.9 12.5 12.8 13.6 15.7 12.3 19.3 30.3 36 36.1 36.7 33.3 29.9 28.3 27.3 25.2 29.8 35.9 45 49.9 63.2 76.2 83.8
-1.9 -1.9 -1.9 -1.9 -1.9 -1.9 -1.9 -1.9 -1.9 -1.9 -1.9 -1.9 -1.9 -1.9 -1.9 -1.9 -1.9 -1.9 -1.9 -1.9 -1.9 -1.9 -1.9 -1.9 -1.9 -1.9 -1.9 -1.9 -1.9 -1.9 -1.9 -1.9 -1.9 -1.9 -1.9 -1.9 -1.9 -1.9 -1.9 -1.9 -1.9 -1.9 1.5 15.4 18.4 22.4 27.7 30.5 39 38.8 36.7 34.1 32.5 31.9 26.6 24.8 21.5 17.5 14.6 12.7 10.8 10.9 11.9 10.5 11.5 13.2 10.8 18.9 27.1 31.6 32.6 31.4 24.5 22.2 21.3 18.4 22.6 29.1 42.6 57.5 56.2 69.8 76.8 87.7
-1.9 -1.9 -1.9 -1.9 -1.9 -1.9 -1.9 -1.9 -1.9 -1.9 -1.9 -1.9 -1.9 -1.9 -1.9 -1.9 -1.9 -1.9 -1.9 -1.9 -1.9 -1.9 -1.9 -1.9 -1.9 -1.9 -1.9 -1.9 -1.9 -1.9 -1.9 -1.9 -1.9 -1.9 -1.9 -1.9 -1.9 -1.9 -1.9 -1.9 -1.9 -1.9 1.1 6.7 13.8 20.2 27.9 33.4 36.7 34.2 34 32.4 31.5 29.4 25.3 21.6 17.2 13.4 12.5 11.2 9.8 10.3 10.9 10 10.1 13 10.8 16.8 20.7 27 24 19.2 16.3 16 14.7 14.8 22.7 37.3 51 65.5 64.5 75 80.1 87
-1.9 -1.9 -1.9 -1.9 -1.9 -1.9 -1.9 -1.9 -1.9 -1.9 -1.9 -1.9 -1.9 -1.9 -1.9 -1.9 -1.9 -1.9 -1.9 -1.9 -1.9 -1.9 -1.9 -1.9 -1.9 -1.9 -1.9 -1.9 -1.9 -1.9 -1.9 -1.9 -1.9 -1.9 -1.9 -1.9 -1.9 -1.9 -1.9 -1.9 -1.9 -1.9 0.6 4.7 15.6 21.6 31.4 35.6 35.4 32.3 32.5 30.3 31 26.6 21.1 17 13.2 10.9 11.2 9.4 8.8 9 8.2 7.2 7.8 7.7 9.2 13.1 17.4 16.3 13.5 11.4 11.5 10.5 9.9 17.1 27.8 43.1 58.9 70.5 69.7 74.7 82.2 79.9
-1.9 -1.9 -1.9 -1.9 -1.9 -1.9 -1.9 -1.9 -1.9 -1.9 -1.9 -1.9 -1.9 -1.9 -1.9 -1.9 -1.9 -1.9 -1.9 -1.9 -1.9 -1.9 -1.9 -1.9 -1.9 -1.9 -1.9 -1.9 -1.9 -1.9 -1.9 -1.9 -1.9 -1.9 -1.9 -1.9 -1.9 -1.9 -1.9 -1.9 -1.9 -1.9 0.2 3.2 12.2 18.9 28.6 32.6 32.1 29.8 31.2 28.8 23.7 21.5 16.3 12.7 9.9 9.3 8.5 8.1 8 7.7 7.4 7.2 7.2 7.2 7.2 8.5 11.7 8 7.2 7.2 7.2 7.2 12.1 21.6 35.6 49.3 65.6 76.4 73 75.8 82 78.4
-1.9 -1.9 -1.9 -1.9 -1.9 -1.9 -1.9 -1.9 -1.9 -1.9 -1.9 -1.9 -1.9 -1.9 -1.9 -1.9 -1.9 -1.9 -1.9 -1.9 -1.9 -1.9 -1.9 -1.9 -1.9 -1.9 -1.9 -1.9 -1.9 -1.9 -1.9 -1.9 -1.9 -1.9 -1.9 -1.9 -1.9 -1.9 -1.9 -1.9 -1.9 -1.9 -0.3 2.1 9.5 13.3 16.7 22.8 23.3 24.7 31.6 29.8 19.9 15.7 14 8.7 8.3 8 7.6 7 7.4 7.7 7.4 7.2 7.2 7.2 7.2 7.2 7.2 7.2 7.2 7.2 7.2 7.2 14.5 29.1 45.1 60.2 69.5 74.1 75.2 78.2 74.6 77
-1.9 -1.9 -1.9 -1.9 -1.9 -1.9 -1.9 -1.9 -1.9 -1.9 -1.9 -1.9 -1.9 -1.9 -1.9 -1.9 -1.9 -1.9 -1.9 -1.9 -1.9 -1.9 -1.9 -1.9 -1.9 -1.9 -1.9 -1.9 -1.9 -1.9 -1.9 -1.9 -1.9 -1.9 -1.9 -1.9 -1.9 -1.9 -1.9 -1.9 -1.9 -1.9 -0.9 1.4 5.8 11.8 15.6 14.5 17.6 22.1 26.3 23.9 16.1 15.5 11.1 8.6 8.1 6.9 7.9 8.3 8.2 8.5 8.8 7.2 7.2 7.2 7.2 7.2 7.2 7.2 7.2 7.2 7.2 7.2 19.4 36.8 53.1 67.6 72.3 74.8 75.5 72.5 72.1 76.9
-1.9 -1.9 -1.9 -1.9 -1.9 -1.9 -1.9 -1.9 -1.9 -1.9 -1.9 -1.9 -1.9 -1.9 -1.9 -1.9 -1.9 -1.9 -1.9 -1.9 -1.9 -1.9 -1.9 -1.9 -1.9 -1.9 -1.9 -1.9 -1.9 -1.9 -1.9 -1.9 -1.9 -1.9 -1.9 -1.9 -1.9 -1.9 -1.9 -1.9 -1.9 -1.9 -1.9 0.7 2.7 8.4 12.1 12.9 16.5 20.9 20 18 13.8 12 9.5 7.4 7.6 7.6 9.4 11.1 7.9 8 8 7.4 7.3 7.2 7.2 7.2 7.2 7.2 7.2 7.2 7.2 7.2 26 43.6 60 72.3 71.2 72.4 72.8 67.6 73.5 73.8
-1.9 -1.9 -1.9 -1.9 -1.9 -1.9 -1.9 -1.9 -1.9 -1.9 -1.9 -1.9 -1.9 -1.9 -1.9 -1.9 -1.9 -1.9 -1.9 -1.9 -1.9 -1.9 -1.9 -1.9 -1.9 -1.9 -1.9 -1.9 -1.9 -1.9 -1.9 -1.9 -1.9 -1.9 -1.9 -1.9 -1.9 -1.9 -1.9 -1.9 -1.9 -1.9 -1.9 -0.6 0.8 2.1 5.7 11.1 15.1 17.1 15.6 13.4 9.3 8.7 8.3 8.1 8.2 8 10.5 8.9 7.6 7.5 8.2 8.4 9 9.1 9.2 9.3 7.5 7.2 7.2 7.2 7.2 13.7 32.5 50.1 66.5 69 69.3 70 66.4 65 69 69.2
-1.9 -1.9 -1.9 -1.9 -1.9 -1.9 -1.9 -1.9 -1.9 -1.9 -1.9 -1.9 -1.9 -1.9 -1.9 -1.9 -1.9 -1.9 -1.9 -1.9 -1.9 -1.9 -1.9 -1.9 -1.9 -1.9 -1.9 -1.9 -1.9 -1.9 -1.9 -1.9 -1.9 -1.9 -1.9 -1.9 -1.9 -1.9 -1.9 -1.9 -1.9 -1.9 -1.9 -1.9 -1.9 -0.2 1.5 5.8 13.2 15.2 10.8 7.9 8 9.5 8.9 8.7 9 8.6 9.1 7.9 7.6 8.3 10.1 12.5 12.8 13.6 12.9 12.6 8.3 8 7.8 7.2 7.2 19.7 38.5 56.1 72.6 68.5 66.5 65.5 62.1 63.5 63.8 62.3
-1.9 -1.9 -1.9 -1.9 -1.9 -1.9 -1.9 -1.9 -1.9 -1.9 -1.9 -1.9 -1.9 -1.9 -1.9 -1.9 -1.9 -1.9 -1.9 -1.9 -1.9 -1.9 -1.9 -1.9 -1.9 -1.9 -1.9 -1.9 -1.9 -1.9 -1.9 -1.9 -1.9 -1.9 -1.9 -1.9 -1.9 -1.9 -1.9 -1.9 -1.9 -1.9 -1.9 -1.9 -1.9 -1.9 -1.9 1.6 2.5 3 -1.9 -1.9 9.9 12.1 10.4 9.5 10 9.9 9.3 8.7 7.9 10.8 12.3 16.6 18.6 18.7 17.1 15 9.9 8.2 8.5 8 7.5 27.1 45.1 62.3 71.8 64.9 60.4 57.8 57.4 57.3 57.1 56.8
