data/200000-730000.asc
ncols 200
nrows 200
xllcorner 200000
yllcorner 730000
cellsize 50
[rows 105 to 139 of 200, columns 0 to 78 of 200]
105.8 119.1 139 163.6 193.1 231.5 246.4 276.2 303.1 327.3 351.2 362.7 396.1 390.7 409 422.5 436.8 454 461.4 474 477.9 469.9 466.6 471.8 466.9 453.6 434.5 418.4 422.7 426.4 435.5 436.4 454.2 466.6 488.4 517.3 530.9 537.5 530.7 538.6 530.8 536.4 531.2 538.8 528.1 506.4 498 494.7 488.9 468.2 461.4 459.4 435.4 415.7 393.1 365.3 340.7 326.3 312.2 296.2 282.2 274.4 263.2 246.7 228.4 204.1 184.9 169.4 152.2 137.2 115.5 96 75.9 64 42.1 18.9 2.1 -1.2 -1.2
100.4 107.8 124 146 176.8 205.6 220.9 251.6 270.5 295.5 316.2 342.6 365.9 395.1 401.3 418.9 436.1 446.1 455.1 467.6 474.9 470.1 457.5 456.4 451.6 439.3 416.6 414.6 419.9 420.7 423.5 430.2 438 447.3 469.1 499.5 518.3 518.6 528.4 523.9 528.6 518.3 524 512.3 495.4 492.1 487.1 476.3 451.8 453.6 451.5 423.8 407.2 385.8 368.7 346.7 327.8 312.5 297.2 279.4 264.1 257.8 240.2 224 207.4 192.4 173.8 161.7 151.2 138.7 125.4 112.4 87.2 64 43.2 24.1 7.4 -1.2 -1.2
91 88.2 103.5 139.4 155.9 176.8 202.8 228.7 258 269.3 300.3 331 371 396 409.1 430.1 440 448.3 451.1 455.3 461.2 453.9 444.6 437.8 435.7 416.6 412.8 428.2 429.9 421.6 421 421.5 436.1 451.2 471.1 477.8 494 508.8 512.6 511.6 510.4 525.3 511.9 492.5 484.5 465.8 461 445 447.7 441 419 403.6 388.9 373.7 352.8 336 322.5 297.2 269.4 261.5 249.2 238.3 220.9 203.8 181.4 172.2 157.9 148 137.2 133.9 129.3 118.8 101.7 84.5 63.4 42.6 21.5 -1.2 -1.2
78.2 78.4 95.3 117.7 134.9 152.5 184.3 215.2 227.5 260.7 301.3 331.8 362.1 390.1 412.5 425.5 439.6 439.3 440.4 439.4 443.2 441.4 430.2 419.9 408 400.1 421.6 428.5 433.9 430.1 432.9 426.1 426.4 447.1 464.7 472 482.2 486.4 493.9 496.7 518.7 512.4 493.1 472 473.3 452.5 438.2 432.6 430.5 421.7 405.6 388.8 371.7 353.5 332.6 318.9 295.3 273.5 251.9 243.2 227.4 218.5 201.7 177.8 157.3 145.4 134.5 124.3 121.9 117.7 113.5 104.4 94.3 86.9 64.5 48.1 26.3 13.1 -1.2
58.1 71.3 72.3 100.5 116.6 144.2 168.1 180.3 208.9 243.6 285.7 319.7 340.4 381.3 401.1 421 434.4 433.5 433 427.5 424.3 422.7 409.4 395.8 385.2 404.5 414.5 430.6 434.4 433.5 436.6 444 455 457.5 454.1 466.4 479.3 476.1 475.9 487.9 491.9 487.3 464.5 464.7 458.6 435.2 428.2 420.2 405.4 396.7 385.6 374.3 354.4 334.2 312.1 298.3 274.8 256.1 240.5 222.9 208.9 198.9 180.5 156.3 138.3 121.4 111 103.8 100.1 99.9 103.1 89.1 82.3 78.6 60.3 47.6 36.6 17.6 -1.2
47.4 60.9 59.7 79.7 96.6 122.6 140.2 165.6 196.3 218.5 263.5 302.4 321.8 342.1 373.4 405.3 414.9 420.7 421.4 413.2 406.9 398.1 388.8 375.8 394.9 411.5 422.4 440 439.1 435 439.4 452.4 461.8 470 469.7 464.2 461.4 464.6 478.3 480.3 469.4 453.1 439.4 443.5 431.5 419.6 416.2 406.2 397.5 382.7 364 346.7 332.3 311.4 297 282.3 265.4 242.6 228.7 215.1 201.4 176.9 155.5 136.1 122.3 106.9 95.9 89 82.5 92.1 94.2 78.5 67.7 59.8 48.8 37.6 30.1 8.1 -1.2
36.7 50.6 48.8 55 72.8 98.6 130.1 153.9 182.6 218.6 242.6 266.4 296.2 317.7 346.9 378.5 388.2 396.6 395.9 390.8 380.8 368.6 361.8 360.1 404.5 418.2 427.3 442.7 440.3 440.3 447.5 450.1 453.1 458.2 465.5 461.4 459.2 465.9 472.3 469.7 450.5 432.1 428.2 423.6 408 398.2 390.3 381.5 370.4 360.1 363.3 338.8 311.5 294.5 275.2 265.5 252.6 239.3 217.3 199.4 185 161.5 147.2 126.7 107.4 90.1 81.7 78.9 74.4 78.1 74.8 64.4 57.6 44.3 38.6 24.9 13.6 -1.2 -1.2
31 41.7 41.7 47.4 59.7 79.7 104.3 153.7 197.4 211.1 219.8 241 264.2 287.2 324.5 361.3 379.9 377.7 372.4 367.2 350.6 341.3 326.1 363.5 400.4 426.1 432.5 435.1 437.2 446.6 458.7 463.5 464.4 463 458.8 458.4 459 456 446.4 447.3 423.4 410 405.7 398.4 381 375.6 352.2 349.7 326.6 337.5 335.2 325.2 305.3 287.3 268.8 254.1 238.7 224.7 205.5 184.9 165.2 150.2 138.8 121.8 102.7 84.4 68.9 69.8 72.7 75.5 62.4 51.7 36.5 30.4 24.2 14.1 -1.2 -1.2 -1.2
24.6 30.7 40.4 44 47.1 62.8 93 136 171.1 178.1 195.2 219.8 250.5 274 298.3 319.3 330.2 338.1 340.5 335.6 319.1 307.2 317 351.1 386 427.5 436.3 439.3 443.8 453.5 462.2 470.6 470.8 465.3 462 462.8 463.8 458.6 441.1 417.5 398.8 378.7 372.4 362.8 343.2 331.6 313.7 311.5 293.9 298.4 301.3 281.8 280.4 266.7 257.4 247.1 231.5 216 199.8 175.8 154.4 143.4 126.3 107.8 93.1 80.6 64 64.9 71 62.2 43.1 32 21.1 17 13.5 -1.2 -1.2 -1.2 -1.2
15.4 26.1 38.1 39.6 34.7 59.8 78.9 103.6 132.1 144.8 165.4 191.9 222.9 257.2 279.4 297.9 306.7 306.3 308.6 302.9 290.5 279.2 314.5 341.6 374.5 425.2 442.8 445.3 449 459.1 464.2 467.6 473.1 471.1 463.5 462.8 449.1 442.4 425.6 396.8 377.2 355 340.9 337 317.6 296.1 280 274.2 264.8 271.9 257.9 251.3 249.5 239.9 229.3 218.3 215.3 198.9 177.7 154.1 146.2 129.3 116.8 91.7 69.7 46.4 46.6 56.9 65.2 57.7 31.3 14.9 -1.2 -1.2 -1.2 -1.2 -1.2 -1.2 -1.2
7.6 20.2 27.3 28.5 24.3 39.4 60.4 80.7 94.1 117.9 141.9 164.9 191.8 216.5 247.6 260.7 275.3 277.8 277.6 272.9 255.6 272.9 306.5 328.1 362.9 408.9 427 430.2 439.5 450.4 462.6 462.1 463.2 456.8 447.1 447 436.4 413.3 385.3 383.1 352.4 340.5 322.9 302.9 286.7 271.7 252 252.3 243.3 243.8 233.2 227.9 227.6 212.4 202.4 206.9 196.7 176.6 149 134.7 131.9 120.9 103.8 79.9 48.5 26.8 23.4 28.5 32.8 35.9 20.2 -1.2 -1.2 -1.2 -1.2 -1.2 -1.2 -1.2 -1.2
-1.2 9.9 15.9 18.4 17.6 29.7 48 64.8 77.8 97 120.6 145 165.8 192.9 213.8 225.8 235.3 249.4 248.4 240.9 237.5 266.4 290.8 321 353.3 385.5 400.3 420.6 432.4 444.3 453.2 452.1 448.9 444.4 433.8 422.9 410.6 384.7 356 340.1 326.5 319.7 299.2 287.4 271.5 257.4 231.7 212.1 209.5 199.1 189.5 187 175 169.5 160.9 161.6 160.1 147.9 130.1 126.6 122.1 111.4 94.2 71.7 36.5 10.7 -1.2 -1.2 -1.2 12.1 -1.2 -1.2 -1.2 -1.2 -1.2 -1.2 -1.2 -1.2 -1.2
-1.2 6 11.2 13.9 11.4 16.2 32.8 54.1 60.5 81 113.3 145.6 176 191.3 200.5 207.6 215.7 230.7 219.4 207.9 235.5 266.7 298.9 312.2 341.9 373.2 403.3 412.7 423.8 431.3 445.4 435.7 436.5 437 431.6 416.1 388.5 365.5 338.3 323.8 307.7 284.6 273.3 253.4 243.3 223.8 210.6 195 173.1 151.5 140.9 130.4 129.6 130 120.7 114.7 113 102 94.5 106 105.4 97.7 84.8 59.3 30.5 -1.2 -1.2 -1.2 -1.2 -1.2 -1.2 -1.2 -1.2 -1.2 -1.2 -1.2 -1.2 -1.2 -1.2
-1.2 2.6 8.3 13.3 14.6 9.2 17.2 34.5 44.7 61.1 101 146 171.7 184.3 180.9 192.5 208.6 210.4 187.5 203.7 231.9 274.1 297.4 319.3 335.1 354 378.1 401 407 412.3 406.2 411 424.7 420.6 407.7 394.2 376.7 349.5 322.1 303 283.9 257.9 229.5 214.9 197.9 185.5 173.8 164.7 147.8 127.2 118.3 105.4 94.2 96.7 86.5 78 68 68.3 61.7 72.6 72.6 74.9 65.8 43.3 23.4 -1.2 -1.2 -1.2 -1.2 -1.2 -1.2 -1.2 -1.2 -1.2 -1.2 -1.2 -1.2 -1.2 -1.2
-1.2 -1.2 6.4 16.9 21.2 8.4 9.4 16.2 29.7 55.5 94 133.6 143.9 152.4 158.5 177.1 197.2 175.5 179.9 208.3 229.4 253.2 286 318 335.9 346.6 354.2 361.5 381.6 384.9 386.7 393.1 394.6 389.9 381.6 366.2 350.1 324.7 299.3 274.1 249.8 227.1 200.8 188.3 166.7 158.5 136.7 135.3 119.1 95.6 88.3 74.8 62.6 58.1 56.8 47.7 38.1 35.7 35.1 41.1 46 48.1 40.2 22.3 10.2 -1.2 -1.2 -1.2 -1.2 -1.2 -1.2 -1.2 -1.2 -1.2 -1.2 -1.2 -1.2 -1.2 -1.2
-1.2 -1.2 -1.2 13.7 17.3 5.8 5.3 8.2 21.6 43.8 73.6 101.2 117.2 134.1 147.5 171.7 168 146.5 179.1 207.6 241.8 274.3 288.4 296.3 320.3 338.9 349 355.8 362.5 379.3 382.5 381.2 381.5 377.8 361.8 334.7 317.3 296.3 267.4 232.8 223.7 193.1 173 151.4 129 115.3 105.9 99.4 82.9 69.8 63.6 59.8 44.6 34.9 27.6 20 17 15 13.2 9.6 11.8 5.1 -1.2 -1.2 -1.2 -1.2 -1.2 -1.2 -1.2 -1.2 -1.2 -1.2 -1.2 -1.2 -1.2 -1.2 -1.2 -1.2 -1.2
-1.2 -1.2 -1.2 10.2 14.7 5.5 4.9 3.9 12.8 34.5 56.2 68.1 85.4 107.2 138.2 145.6 127 144.3 178.6 209.6 248.6 275.8 298.7 311.2 337.3 335.6 351.9 363.8 359 364.7 366.5 362.2 343.6 336.9 321.7 300.2 289.4 267.8 235.5 210.2 176.8 165.4 142.4 121.4 105.3 81.9 80 74.3 61.1 46.7 45.7 36.3 27.5 17.5 13.2 5.2 3.8 -1.2 -1.2 -1.2 -1.2 -1.2 -1.2 -1.2 -1.2 -1.2 -1.2 -1.2 -1.2 -1.2 -1.2 -1.2 -1.2 -1.2 -1.2 -1.2 -1.2 -1.2 -1.2
-1.2 -1.2 -1.2 -1.2 -1.2 -1.2 -1.2 -1.2 6.9 15.4 34 42.6 77.2 106.6 118.2 111.5 111.8 143.4 175.9 210.2 238.1 267.5 292.9 314.2 326.4 334.4 344 335.9 339.6 342.3 345 323.4 297.7 285.3 269.9 262.1 256.5 240 215.2 190.7 164.2 143 123 108 90.6 64.7 60.4 47.2 37 31.6 21.8 18.4 13.5 -1.2 -1.2 -1.2 -1.2 -1.2 -1.2 -1.2 -1.2 -1.2 -1.2 -1.2 -1.2 -1.2 -1.2 -1.2 -1.2 -1.2 -1.2 -1.2 -1.2 -1.2 -1.2 -1.2 -1.2 -1.2 -1.2
-1.2 -1.2 -1.2 -1.2 -1.2 -1.2 -1.2 -1.2 -1.2 7.4 12.4 35.9 56.5 85.7 94.8 85.9 106.5 138.2 161 187.2 219.8 243.9 278 287.1 290.4 295.5 305.3 314.8 314.2 308.2 305.7 286.7 254.1 232.8 223.8 216.5 226.3 220.5 200.4 169.9 151.4 132 98 69.6 48.5 48.1 61.5 38 28.3 18 12.1 9.9 -1.2 -1.2 -1.2 -1.2 -1.2 -1.2 -1.2 -1.2 -1.2 -1.2 -1.2 -1.2 -1.2 -1.2 -1.2 -1.2 -1.2 -1.2 -1.2 -1.2 -1.2 -1.2 -1.2 -1.2 -1.2 -1.2 -1.2
-1.2 -1.2 -1.2 -1.2 -1.2 -1.2 -1.2 -1.2 -1.2 -1.2 7.1 15.6 41.2 56.7 60 73.4 97.6 114.9 138.6 165.1 188.1 221.5 239.4 251.7 254.9 268.8 274.1 279.4 281.9 278.3 263.9 244.3 213 191.2 178.6 175.2 194.7 184.2 162 133.6 115.7 115.3 91.7 49.2 48.4 49.4 60.1 36.4 20.9 19 14.3 12.4 -1.2 -1.2 -1.2 -1.2 -1.2 -1.2 -1.2 -1.2 -1.2 -1.2 -1.2 -1.2 -1.2 -1.2 -1.2 -1.2 -1.2 -1.2 -1.2 -1.2 -1.2 -1.2 -1.2 -1.2 -1.2 -1.2 -1.2
-1.2 -1.2 -1.2 -1.2 -1.2 -1.2 -1.2 -1.2 -1.2 -1.2 -1.2 10.6 25.5 40 53 63.2 83.6 88.8 122.4 146.9 169.2 200.9 212.3 222.5 235.4 239.4 239 244.2 241.5 230.1 219.4 212.5 169.1 157.4 145.2 138.4 156.8 147.8 126.2 108.8 83.7 83.3 52.9 34.3 59.5 51.6 38.2 28.3 10.8 -1.2 -1.2 -1.2 -1.2 -1.2 -1.2 -1.2 -1.2 -1.2 -1.2 -1.2 -1.2 -1.2 -1.2 -1.2 -1.2 -1.2 -1.2 -1.2 -1.2 -1.2 -1.2 -1.2 -1.2 -1.2 -1.2 -1.2 -1.2 -1.2 -1.2
-1.2 -1.2 -1.2 -1.2 -1.2 -1.2 -1.2 -1.2 -1.2 -1.2 -1.2 9.2 18.4 30.6 39.9 41.5 63.8 75.6 106.6 131.1 153.7 169.5 181.8 189.7 201.2 207.8 202.4 202.2 190.9 179.2 165.9 149.7 130.8 120.5 106.1 111.4 119.4 104.8 86.6 71.3 54.8 47.3 41.6 44 25.3 15.9 9.3 -1.2 -1.2 -1.2 -1.2 -1.2 -1.2 -1.2 -1.2 -1.2 -1.2 -1.2 -1.2 -1.2 -1.2 -1.2 -1.2 -1.2 -1.2 -1.2 -1.2 -1.2 -1.2 -1.2 -1.2 -1.2 -1.2 -1.2 -1.2 -1.2 -1.2 -1.2 -1.2
-1.2 -1.2 -1.2 -1.2 -1.2 -1.2 -1.2 -1.2 -1.2 -1.2 -1.2 -1.2 13.7 19.5 20.9 35.9 50.9 63.8 93.9 117.5 136 142.7 147.6 153.8 167 171.4 164.1 158.6 148.5 142.2 122 107.3 96.4 82.9 68.8 73.4 75.9 68.7 53 44.7 26.5 24 24.5 17.2 -1.2 -1.2 -1.2 -1.2 -1.2 -1.2 -1.2 -1.2 -1.2 -1.2 -1.2 -1.2 -1.2 -1.2 -1.2 -1.2 -1.2 -1.2 -1.2 -1.2 -1.2 -1.2 -1.2 -1.2 -1.2 -1.2 -1.2 -1.2 -1.2 -1.2 -1.2 -1.2 -1.2 -1.2 -1.2
-1.2 -1.2 -1.2 -1.2 -1.2 -1.2 -1.2 -1.2 -1.2 -1.2 -1.2 -1.2 -1.2 11.2 16.7 19.8 25.3 50.1 70.5 100.3 103.9 110.1 106.7 128 130.7 125.1 115.5 113.4 117 111 50 49.4 64.8 54.5 37.7 30.7 39.1 24.6 18.3 11.7 8.2 10.5 12 16.1 -1.2 -1.2 -1.2 -1.2 -1.2 -1.2 -1.2 -1.2 -1.2 -1.2 -1.2 -1.2 -1.2 -1.2 -1.2 -1.2 -1.2 -1.2 -1.2 -1.2 -1.2 -1.2 -1.2 -1.2 -1.2 -1.2 -1.2 -1.2 -1.2 -1.2 -1.2 -1.2 -1.2 -1.2 -1.2
-1.2 -1.2 -1.2 -1.2 -1.2 -1.2 -1.2 -1.2 -1.2 -1.2 -1.2 -1.2 -1.2 -1.2 -1.2 11.9 9.8 23.9 50.8 67 69 67.7 79.4 100.6 86.2 89.1 81 77.3 45.3 23.7 12.6 12.8 36.4 26.1 12.1 7.5 6.7 -1.2 -1.2 -1.2 -1.2 12 10.5 -1.2 -1.2 -1.2 -1.2 -1.2 -1.2 -1.2 -1.2 -1.2 -1.2 -1.2 -1.2 -1.2 -1.2 -1.2 -1.2 -1.2 -1.2 -1.2 -1.2 -1.2 -1.2 -1.2 -1.2 -1.2 -1.2 -1.2 -1.2 -1.2 -1.2 -1.2 -1.2 -1.2 -1.2 -1.2 -1.2
-1.2 -1.2 -1.2 -1.2 -1.2 -1.2 -1.2 -1.2 -1.2 -1.2 -1.2 -1.2 -1.2 -1.2 -1.2 -1.2 -1.2 -1.2 9 19.4 21.1 28.4 50.1 63.3 59.3 51.8 49.2 26.6 14.6 8.2 11.4 16.3 17.9 9.7 4.9 -1.2 -1.2 -1.2 -1.2 -1.2 -1.2 7.8 -1.2 -1.2 -1.2 -1.2 -1.2 -1.2 -1.2 -1.2 -1.2 -1.2 -1.2 -1.2 -1.2 -1.2 -1.2 -1.2 -1.2 -1.2 -1.2 -1.2 -1.2 -1.2 -1.2 -1.2 -1.2 -1.2 -1.2 -1.2 -1.2 -1.2 -1.2 -1.2 -1.2 -1.2 -1.2 -1.2 -1.2
-1.2 -1.2 -1.2 -1.2 -1.2 -1.2 -1.2 -1.2 -1.2 -1.2 -1.2 -1.2 -1.2 -1.2 -1.2 -1.2 -1.2 -1.2 -1.2 -1.2 -1.2 6.3 20.7 21.2 18 12.8 18.7 16.9 10.8 6.4 6.3 11.7 10.6 5.4 -1.2 -1.2 -1.2 -1.2 -1.2 -1.2 -1.2 0.5 -1.2 -1.2 -1.2 -1.2 -1.2 -1.2 -1.2 -1.2 -1.2 -1.2 -1.2 -1.2 -1.2 -1.2 -1.2 -1.2 -1.2 -1.2 -1.2 -1.2 -1.2 -1.2 -1.2 -1.2 -1.2 -1.2 -1.2 -1.2 -1.2 -1.2 -1.2 -1.2 -1.2 -1.2 -1.2 -1.2 -1.2
-1.2 -1.2 -1.2 -1.2 -1.2 -1.2 -1.2 -1.2 -1.2 -1.2 -1.2 -1.2 -1.2 -1.2 -1.2 -1.2 -1.2 -1.2 -1.2 -1.2 -1.2 -1.2 7.2 -1.2 -1.2 -1.2 -1.2 3.1 3.3 3.4 4.2 4 4.8 -1.2 -1.2 -1.2 -1.2 -1.2 -1.2 -1.2 -1.2 -1.2 -1.2 -1.2 -1.2 -1.2 -1.2 -1.2 -1.2 -1.2 -1.2 -1.2 -1.2 -1.2 -1.2 -1.2 -1.2 -1.2 -1.2 -1.2 -1.2 -1.2 -1.2 -1.2 -1.2 -1.2 -1.2 -1.2 -1.2 -1.2 -1.2 -1.2 -1.2 -1.2 -1.2 -1.2 -1.2 -1.2 -1.2
-1.2 -1.2 -1.2 -1.2 -1.2 -1.2 -1.2 -1.2 -1.2 -1.2 -1.2 -1.2 -1.2 -1.2 -1.2 -1.2 -1.2 -1.2 -1.2 -1.2 -1.2 7 0.1 -1.2 -1.2 -1.2 -1.2 -1.2 -0.9 -1.2 -1.2 -1.2 -1.2 -1.2 -1.2 -1.2 -1.2 -1.2 -1.2 -1.2 -1.2 -1.2 -1.2 -1.2 -1.2 -1.2 -1.2 -1.2 -1.2 -1.2 -1.2 -1.2 -1.2 -1.2 -1.2 -1.2 -1.2 -1.2 -1.2 -1.2 -1.2 -1.2 -1.2 -1.2 -1.2 -1.2 -1.2 -1.2 -1.2 -1.2 -1.2 -1.2 -1.2 -1.2 -1.2 -1.2 -1.2 14.2 22.3
-1.2 -1.2 -1.2 -1.2 -1.2 -1.2 -1.2 -1.2 -1.2 -1.2 -1.2 -1.2 -1.2 -1.2 -1.2 -1.2 -1.2 -1.2 -1.2 -1.2 -1.2 11.6 6.6 -1.2 -1.2 -1.2 -1.2 -1.2 -1.2 -1.2 -1.2 -1.2 -1.2 -1.2 -1.2 -1.2 -1.2 -1.2 -1.2 -1.2 -1.2 -1.2 -1.2 -1.2 -1.2 -1.2 -1.2 -1.2 -1.2 -1.2 -1.2 -1.2 -1.2 -1.2 -1.2 -1.2 -1.2 -1.2 -1.2 -1.2 -1.2 -1.2 -1.2 -1.2 -1.2 -1.2 -1.2 -1.2 -1.2 -1.2 -1.2 -1.2 -1.2 -1.2 15 25.3 35.4 39.5 43.7
-1.2 -1.2 -1.2 -1.2 -1.2 -1.2 -1.2 -1.2 -1.2 -1.2 -1.2 -1.2 -1.2 -1.2 -1.2 -1.2 -1.2 -1.2 -1.2 -1.2 11.5 19.4 27.7 16 18.5 18.2 18.3 18.3 16 -1.2 -1.2 -1.2 -1.2 -1.2 -1.2 -1.2 -1.2 -1.2 -1.2 -1.2 -1.2 -1.2 -1.2 -1.2 -1.2 -1.2 -1.2 -1.2 -1.2 -1.2 -1.2 -1.2 -1.2 -1.2 -1.2 -1.2 -1.2 -1.2 -1.2 -1.2 -1.2 -1.2 -1.2 -1.2 -1.2 -1.2 -1.2 -1.2 -1.2 -1.2 -1.2 -1.2 -1.2 21.7 46.5 55 57.7 62.9 82.4
-1.2 -1.2 -1.2 -1.2 -1.2 -1.2 -1.2 -1.2 -1.2 -1.2 -1.2 -1.2 -1.2 -1.2 -1.2 -1.2 -1.2 -1.2 -1.2 -1.2 10.9 15.3 31.1 39.2 32.2 13.6 10 7.5 -1.2 -1.2 -1.2 -1.2 -1.2 -1.2 -1.2 -1.2 -1.2 -1.2 -1.2 -1.2 -1.2 -1.2 -1.2 -1.2 -1.2 -1.2 -1.2 -1.2 -1.2 -1.2 -1.2 -1.2 -1.2 -1.2 -1.2 -1.2 -1.2 -1.2 -1.2 -1.2 -1.2 -1.2 -1.2 -1.2 -1.2 -1.2 -1.2 -1.2 -1.2 -1.2 -1.2 -1.2 20.6 44.2 62.3 66.2 73 89.6 109.1
-1.2 -1.2 -1.2 -1.2 -1.2 -1.2 -1.2 -1.2 -1.2 -1.2 -1.2 -1.2 -1.2 -1.2 -1.2 -1.2 -1.2 -1.2 -1.2 8.2 10.4 12.1 27.4 28 26.8 13.7 6.6 -1.2 -1.2 -1.2 -1.2 -1.2 -1.2 -1.2 -1.2 -1.2 -1.2 -1.2 -1.2 -1.2 -1.2 -1.2 -1.2 -1.2 -1.2 -1.2 -1.2 -1.2 -1.2 -1.2 -1.2 -1.2 -1.2 -1.2 -1.2 -1.2 -1.2 -1.2 -1.2 -1.2 -1.2 -1.2 -1.2 -1.2 -1.2 -1.2 -1.2 -1.2 -1.2 -1.2 -1.2 -1.2 31.5 51 69.7 81.6 96.9 113.6 131.1
-1.2 -1.2 -1.2 -1.2 -1.2 -1.2 -1.2 -1.2 -1.2 -1.2 -1.2 -1.2 -1.2 -1.2 -1.2 -1.2 -1.2 -1.2 8.5 12.7 12 5.7 6.7 10.9 9.1 -1.2 -1.2 -1.2 -1.2 -1.2 -1.2 -1.2 -1.2 -1.2 -1.2 -1.2 -1.2 -1.2 -1.2 -1.2 -1.2 -1.2 -1.2 -1.2 -1.2 -1.2 -1.2 -1.2 -1.2 -1.2 -1.2 -1.2 -1.2 -1.2 -1.2 -1.2 -1.2 -1.2 -1.2 -1.2 -1.2 -1.2 -1.2 -1.2 -1.2 -1.2 -1.2 -1.2 -1.2 -1.2 -1.2 24.3 37.6 50.7 71.9 92.6 116.7 139.4 166.2
-1.2 -1.2 -1.2 -1.2 -1.2 -1.2 -1.2 -1.2 -1.2 -1.2 -1.2 -1.2 -1.2 -1.2 -1.2 -1.2 -1.2 -1.2 -1.2 13.3 8.8 -1.2 -1.2 -1.2 -1.2 -1.2 -1.2 -1.2 -1.2 -1.2 -1.2 -1.2 -1.2 -1.2 -1.2 -1.2 -1.2 -1.2 -1.2 -1.2 -1.2 -1.2 -1.2 -1.2 -1.2 -1.2 -1.2 -1.2 -1.2 -1.2 -1.2 -0.4 -1.2 0.3 3.1 2.3 -1.2 -1.2 -1.2 -1.2 -1.2 -1.2 -1.2 -1.2 -1.2 -1.2 -1.2 -1.2 -1.2 -1.2 18.4 35.6 46.6 54.4 72.7 99.2 117.9 140.7 163.6
