data/200000-730000.asc
ncols 200
nrows 200
xllcorner 200000
yllcorner 730000
cellsize 50
[rows 0 to 34 of 200, columns 79 to 157 of 200]
191.1 186.1 184.3 171.8 164.8 157.9 150.2 143.3 135.3 126.1 119.4 113.2 105.8 100.5 96.6 89.4 82.5 77.3 72.5 67.4 63.3 61.9 60.1 56.6 56 55.5 56 58.9 64.1 65.4 67.9 67.9 64.9 64 68 73.6 73.7 75.2 80 86.2 76.1 71.8 78 80 79.1 75.7 69.6 65.4 65.1 59.4 55.6 49.7 43.7 36.2 35.8 43.2 46 48.2 48.3 50.3 51.2 51.9 49.1 47.1 44.1 38.7 36.4 34.4 31.3 25.1 19.1 19.8 17.3 17 12.5 9.7 7.3 6.8 5
199.7 195.6 192.5 181.6 171.4 165.2 157.8 151.6 144.1 135.4 127.2 121.4 116 110.8 105.4 98.3 91.3 83.9 76.1 71.3 66 60.5 57.5 54 51.4 51.9 52.8 54.5 58.6 61.1 63.2 60.8 58.1 58.6 62.2 65.5 66.9 65.5 70.1 71.5 64.6 63.2 70.3 71.4 69.7 65.2 64.2 59.7 57.2 54.9 51 46 40.5 35.2 30.8 37.5 39.2 40.9 43.6 42.1 42.5 43.2 40.8 40.7 38.2 36.3 34.2 31.6 29.3 26 19.9 15.3 13.3 10.9 7.9 7.5 5.3 5.4 4.3
207.3 206.9 195.9 188.4 176.3 170.1 165 157.6 150.7 142.5 135.2 129.1 124.2 119.2 113.3 107 100.1 92.6 84.7 77 70.3 65.4 58.9 51.9 48.8 47.5 50.3 51.8 53.1 55 56.4 55.2 51.8 52.4 55.7 58.1 59.3 56.5 66.2 59.9 56.1 56.3 58.9 64.4 63.1 58.5 59.8 56 53.8 51.7 47.9 43.6 39.6 34.1 28.1 31.7 32.7 32.9 34.4 34.5 34.3 35.1 33.2 35.2 36.9 34.2 31.9 30.7 27.8 24.9 21.1 9.5 7.7 5.7 3.6 4.7 4 4.1 3.9
211.1 208.2 200.8 195.2 184.4 176.7 171.2 165.1 158.3 149.4 142.1 136 131.5 127.2 120.5 113.7 107.8 101.2 93.3 84.5 77 69.9 62.3 54.5 49.8 46.7 46.3 47.5 48.3 49 49.4 48.2 48.1 48.6 49.1 51.2 51.3 50.3 54.2 52.1 49.7 52.2 56.2 56.9 56.3 53.6 55.9 57.4 51.7 48.4 45 41.3 38 34.1 30.5 26.9 25.9 25 27.7 28.4 29.3 30.7 29.2 32.2 34.5 35.1 33.2 30.1 27.4 24.8 20.7 11.8 4.7 2.5 0.8 2.3 2.8 2.4 2
220.8 213.1 206.8 200.9 192.1 189 179 174.5 165.3 158.3 147.4 141.5 137.1 133.6 128.7 121.5 113.7 106.9 99.7 90.7 82.4 75 65.4 56.9 50.6 44.9 41.6 43.1 44.3 45.4 44.3 42.3 43 43.9 44.9 45.9 45.9 46.1 48.4 48.2 46.4 49.8 53.9 51 52.5 50.6 51.8 55.7 50.7 46.6 43.8 40.2 38.7 36.6 33.3 29.6 27.2 20.3 21.8 24.1 25.7 27.5 28.7 31.4 35.6 37.8 35.8 32 28.7 25 17.2 10.7 4.5 2.7 2.3 1.1 0.9 1.4 -1.2
231.3 222.8 213.6 206.5 196.1 191.8 181.8 178.7 170.5 163.3 152.6 146.7 140.1 136.4 133 129.2 120.8 112.9 105.9 97.7 88 79.5 68.2 59.7 50.5 44 39.9 38.3 40.2 41.5 41.1 39.8 39 39.1 40.2 41.1 42.3 43 45.8 45.3 43.4 47.3 48.2 46.6 49.2 48.4 48.6 49.6 46.3 44 42.1 41 40.8 38.3 33.4 29.5 25.8 22.3 18.1 20 22.3 24.4 26.2 30.6 34.7 41.9 40.6 33.4 28.8 22.8 13.8 7.7 2.3 1.2 -1.2 -1.2 -1.2 -1.2 -1.2
240.9 231.4 222.8 214.5 203 195.8 190.1 182.7 175 166.9 159.9 153.5 144.2 141 137.9 134.5 129.8 123.2 112 104.7 94.7 82.8 72.9 61.7 52.8 45.3 41 36.6 36.3 37.7 37.8 36.5 36.2 34.9 35 35.4 36.3 39.1 41.9 41.9 43.6 47.4 47.6 44.8 48.5 46.3 44 47.6 43.6 42.5 41.5 40.8 39.7 37.3 33.5 29.6 26.9 22.4 20.6 15.4 19.6 21.6 23.7 27.8 33.6 40 44.1 32.8 25.7 19.1 9.3 3.5 -1.2 -1.2 -1.2 -1.2 -1.2 -1.2 -1.2
250.7 241.9 233.8 225.7 214.9 204.1 198.9 187.7 180.9 171.7 166 160.1 152.1 145.4 142.3 138.5 136.4 125.9 116.6 107.5 99.3 87.2 80.6 65.4 56.4 47.3 42 37.4 32.9 31.9 32.9 33 33.1 32.2 30.9 30.7 31.2 33 36.7 40.7 42.7 44.5 44.8 43.7 47.1 45 40.5 46.2 41.2 41.1 41 40.2 39.1 36.5 33.4 29.9 27 23.2 20.6 13.1 16.7 19.6 22.2 24.8 30.2 37.5 40.7 30.2 22.5 14.8 7.4 -1.2 -1.2 -1.2 -1.2 -1.2 -1.2 -1.2 -1.2
264.1 253.4 246 237.8 224.1 214 206.1 194.4 185.7 179 171.8 163.3 159.3 152.8 144.5 141.6 140.2 131.8 118.2 110.8 102.6 93.3 83.8 71.3 60.7 50.8 43.4 38.6 35.2 33.1 32.3 29.5 29 30.1 29.1 27.6 27.3 28.9 33.4 37.6 39.3 40.9 40.8 40.7 44.7 43.7 37 40.9 41.1 38.6 41.7 39.7 38.4 36.1 32.6 29.6 27.1 23.2 20.4 14.9 13.1 15.6 18.1 20.3 24.3 29.2 32.8 23.3 17.9 11.7 7.1 -1.2 -1.2 -1.2 -1.2 -1.2 -1.2 -1.2 -1.2
277.9 266.2 257.4 245.5 232.8 223 213 201.4 192.7 181.8 175.4 169 161.7 158.2 149.1 145.4 144.5 137.3 120.1 112.5 102.7 95.9 89.3 73.4 63.6 54.4 46.6 39.9 36.9 36 35.9 35.1 30 25.3 25.9 25.3 24 26 30.1 33.2 33.9 34.7 37.3 37.6 40.2 38.5 36.6 36 36 36.9 41.1 41.6 37.4 35.8 31.7 28 26.8 24.1 19.3 14.7 7.5 10.4 12.4 15.3 19.3 23.3 22.1 19.5 12 7.4 3.4 -1.2 -1.2 -1.2 -1.2 -1.2 -1.2 -1.2 -1.2
284.2 275.7 261.5 251.6 239.7 229.8 217.2 203.6 194.5 187.9 180.5 172.7 164.8 161.2 153.3 148.4 149.3 139.5 119.6 110.7 101.3 92 83.9 74.3 65.2 57.2 50.1 43.5 39.8 38.8 39 39.2 32.1 26 21.9 21.5 22.4 24.3 27.2 27.8 29.3 27 28.1 33.8 35.9 38.8 35.3 31.1 31.1 34.2 38.5 41.2 34.9 31.4 28.2 25.6 24.3 23.1 21.8 16.1 11.4 5.9 7.8 12.7 16.3 20.5 20.3 15.6 7.2 4 -1.2 -1.2 -1.2 -1.2 -1.2 -1.2 -1.2 -1.2 -1.2
288.9 274.8 265 254 241.8 226.3 215.9 203.6 194.3 185.2 179.4 169.7 161.8 157.7 150.8 141.9 148.4 142.2 119.7 111.4 99.3 90.7 83.4 75.4 66.6 58.4 51.6 45.7 42.2 38.6 38.8 36.6 30.9 26.2 23.3 21.9 20.6 24.5 26.8 25.5 26.7 23.4 23.3 26 31.5 35.9 31.4 26.1 26.9 30.7 35.6 36.7 31.1 25.6 23.6 21.5 20.6 22.4 22.9 15 8 3.8 6.2 13.5 16 18.5 19.1 12.6 5 -1.2 -1.2 -1.2 -1.2 -1.2 -1.2 -1.2 -1.2 -1.2 -1.2
285.2 273.8 259.7 250.6 239.5 226 210.9 198.4 188.2 180.2 171.3 163.9 154.5 149.9 144 135.5 142.7 138.7 118.1 110.1 98.3 87.7 82.2 76.8 67.9 60 51.5 45.6 40.9 38.1 36.3 34.1 29.7 25.8 21 19.2 19.7 24.1 24.2 21.4 19 20.6 18.5 21.8 27.1 28.1 22.9 19.6 22.5 26.4 29.4 28.3 26.9 19.4 17.6 16.7 18.2 22 20.2 12.3 5.2 2 6.1 12.1 15.6 19.1 19.8 11.1 -1.2 -1.2 -1.2 -1.2 -1.2 -1.2 -1.2 -1.2 -1.2 -1.2 -1.2
287.9 271.6 259.7 250.6 235.6 222.7 204.7 192.8 180.9 175.1 163.1 153.4 146.6 141.1 135.7 130.1 134.3 132.6 112.6 105.3 93.5 84.3 77.6 71.7 67.7 61.1 51.4 42 36.6 32.7 31.3 29.8 27.7 24.6 19.4 18.1 22.2 24.7 25 21.5 15.2 17.1 18.4 20.1 25.9 25.7 23.4 15.7 18.4 20.1 20.6 22 18.9 12.2 11.8 12 14.4 19.4 13.1 5.9 2.7 -1.2 4.9 10.1 14.8 17.9 18.6 7.8 -1.2 -1.2 -1.2 -1.2 -1.2 -1.2 -1.2 -1.2 -1.2 -1.2 -1.2
285.3 272.5 254.7 241.3 227.4 219.1 199.6 184.9 171.1 161.5 150.9 144.5 139 134.2 128.2 123 122.3 122.7 113.3 97.5 88.7 80.1 72.4 69.1 65.7 60.9 53.8 46.8 38.9 32 27.7 24.7 22.6 19.5 18 20.2 24.1 28.9 29.3 24.7 16.1 11.7 10.7 16.9 26.2 24.7 19 8.9 12 17 15 17.1 15 9.4 7.4 9.8 13.2 14.2 8.8 2.5 2.1 -1.2 4.8 12.8 14.9 20.1 15.2 -1.2 -1.2 -1.2 -1.2 -1.2 -1.2 -1.2 -1.2 -1.2 -1.2 -1.2 -1.2
278.7 265.2 248.4 237.6 222.1 210.3 191.6 179.8 163 152.9 142.7 137.1 132.3 127.4 121.7 116.9 113.4 107.9 98.3 91.6 86.8 78.9 72.7 69.9 66.9 62.4 54.9 49.1 41.5 34.1 28.2 23.5 18 19.1 19.2 21.6 25.5 32 31.8 21.1 13.9 8.8 9.7 18.1 16.6 19.3 12.6 5.1 7 8.9 9.5 10.4 10.3 7.8 5.2 7.3 10.7 10.1 5.8 1.5 -1.2 -1.2 3 9.1 17.6 20.5 10.9 -1.2 -1.2 -1.2 -1.2 -1.2 -1.2 -1.2 -1.2 -1.2 -1.2 -1.2 -1.2
276.1 260.6 242.7 229.4 215.6 203.5 188 173.6 159.8 148 138.9 133.9 128.3 122.7 117.2 113.3 108.5 102.5 96.6 90 84.4 78 72.7 69.8 67 63.3 57.4 50.9 43.7 36.4 29.5 23 15.9 16.6 19.6 23.7 26.1 31.6 23.9 14.9 10.5 8.7 8.4 10.6 12.6 20.2 7.6 3.6 4.3 5.7 6.6 6.6 7.9 6.6 5 5.1 10.1 8.3 -1.2 -1.2 -1.2 2.1 2.8 8.7 16.5 16.9 8.3 -1.2 -1.2 -1.2 -1.2 -1.2 -1.2 -1.2 -1.2 -1.2 -1.2 -1.2 -1.2
273.4 258.7 239.4 228.3 217.6 199.2 185.7 176.4 160 147.7 138.5 132.7 126.3 121.2 114 110.3 106.1 100.6 95.2 89.3 83.3 77 71.5 68.3 65.9 63.9 59.3 51.2 44.1 38.5 31.2 21.4 16.1 15.6 18.7 23.4 26.5 27.3 15.7 13.8 10.6 9 7.8 6.6 7.1 10.9 5.6 3.2 2.8 3.1 2.8 3.7 5.1 5.2 2.8 2.8 5.7 5.9 -1.2 -1.2 -1.2 -1.2 2.8 9.3 24.8 13 -1.2 -1.2 -1.2 -1.2 -1.2 -1.2 -1.2 -1.2 -1.2 -1.2 -1.2 -1.2 -1.2
272.9 257.8 239.5 225 213.2 195.3 184.4 174.3 159.7 150.1 142.2 133.5 128.8 121.9 112.8 106.9 103.7 98.9 93.5 88.1 82.5 76.7 69.7 64.9 64.6 62.4 60 50.3 42.7 36.4 28.8 21 14.5 16.5 17.1 18.1 19.2 21.4 15.5 13.9 13.5 12 10.3 6.2 6.9 8.4 5.6 2.3 -1.2 -1.2 -1.2 2.3 3.5 4.9 1.9 -1.2 -1.2 -1.2 -1.2 -1.2 -1.2 -1.2 -1.2 4.8 13.3 -1.2 -1.2 -1.2 -1.2 -1.2 -1.2 -1.2 -1.2 -1.2 -1.2 -1.2 -1.2 -1.2 -1.2
273.3 256.6 240.7 224.9 214.2 200.3 186.4 175.3 162.3 150.2 141.5 132.6 124.3 119.2 113.3 108.3 103 97.5 92.1 86.6 80.7 74.5 68.2 62 59.7 60.9 56.9 45.8 40.6 34.2 28.3 18.9 13.4 14.5 13.1 14.7 14.8 12.6 10.8 10.9 12.2 9.9 5.8 5 5.7 10.5 3.7 -1.2 -1.2 -1.2 -1.2 -1.2 3.9 -1.2 -1.2 -1.2 -1.2 -1.2 -1.2 -1.2 -1.2 -1.2 -1.2 2.8 -1.2 -1.2 -1.2 -1.2 -1.2 -1.2 -1.2 -1.2 -1.2 -1.2 -1.2 -1.2 -1.2 -1.2 -1.2
272.2 257.7 242.4 228.2 214 200 185.7 175.1 162.6 153 140.5 133.7 122.8 115.2 111.1 105.1 99.5 95.1 90.5 84.6 78.8 73.9 68.8 60.7 55.1 56.8 50.3 43.8 39.7 33.1 27.2 19.4 13.4 11.6 9.2 11.1 10.4 7.9 7.3 7.8 9.4 5 3.6 4 2.9 -1.2 -1.2 -1.2 -1.2 -1.2 -1.2 -1.2 -1.2 -1.2 -1.2 -1.2 -1.2 -1.2 -1.2 -1.2 -1.2 -1.2 -1.2 -1.2 -1.2 -1.2 -1.2 -1.2 -1.2 -1.2 -1.2 -1.2 -1.2 -1.2 -1.2 -1.2 -1.2 -1.2 -1.2
272.9 258.7 243.6 227 212.4 199.8 187 175.2 164.9 154.2 142.3 132.2 124.2 116.2 109.9 102.4 95.5 91.6 86.9 82.6 77 73.5 68.7 61.4 55.4 51.3 47.4 41.7 37 31.7 26.7 22.1 15.8 12.8 11.6 5.4 2.1 4.7 5.2 4 3.4 3 -1.2 -1.2 1.8 -1.2 -1.2 -1.2 -1.2 -1.2 -1.2 -1.2 -1.2 -1.2 -1.2 -1.2 -1.2 -1.2 -1.2 -1.2 -1.2 -1.2 -1.2 -1.2 -1.2 -1.2 -1.2 -1.2 -1.2 -1.2 -1.2 -1.2 -1.2 -1.2 -1.2 -1.2 -1.2 -1.2 -1.2
274.1 257.4 244.8 229.8 212.5 198.6 189.3 174.9 164.5 154 141.5 129.5 123.9 116 110.2 103.2 95.8 89 84.6 80.4 74.9 71.4 67.2 60.4 53.5 48.3 44 37.9 32.8 29.7 25.8 21.5 17.5 14.9 11.3 9.4 3.4 0.2 2.1 3.1 2.1 -1.2 -1.2 -1.2 -1 -1.2 -1.2 -1.2 -1.2 -1.2 -1.2 -1.2 -1.2 -1.2 -1.2 -1.2 -1.2 -1.2 -1.2 -1.2 -1.2 -1.2 -1.2 -1.2 -1.2 -1.2 -1.2 -1.2 -1.2 -1.2 -1.2 -1.2 -1.2 -1.2 -1.2 -1.2 -1.2 -1.2 -1.2
277.2 260.8 246.2 232.9 217.3 203.3 191.9 178.2 164.9 153.3 142.7 131.3 125.1 117.5 110.3 102.7 95.6 89.2 82.7 77.4 72.4 70.5 64.3 54.8 50.5 46.2 41 36.5 31.6 27.2 23 21 18.6 14.9 11.9 9.4 6.2 2.5 -1.2 2.1 -1.2 -1.2 -1.2 -1.2 -1.2 -1.2 -1.2 -1.2 -1.2 -1.2 -1.2 -1.2 -1.2 -1.2 -1.2 -1.2 -1.2 -1.2 -1.2 -1.2 -1.2 -1.2 -1.2 -1.2 -1.2 -1.2 -1.2 -1.2 -1.2 -1.2 -1.2 -1.2 -1.2 -1.2 -1.2 -1.2 -1.2 -1.2 -1.2
278.2 263.6 248.2 233.9 217.7 204.9 193.4 179.5 167 154.3 143.6 131.1 124.3 118.1 108.8 103.3 96.9 88.5 81.8 77.3 73 65.8 60.8 53.8 46.6 42.4 38.7 35.2 30.7 25.7 19.5 16.1 14.7 14.4 12.1 9 5.1 2.3 -1.2 -1.2 -1.2 -1.2 -1.2 -1.2 -1.2 -1.2 -1.2 -1.2 -1.2 -1.2 -1.2 -1.2 -1.2 -1.2 -1.2 -1.2 -1.2 -1.2 -1.2 -1.2 -1.2 -1.2 -1.2 -1.2 -1.2 -1.2 -1.2 -1.2 -1.2 -1.2 -1.2 -1.2 -1.2 -1.2 -1.2 -1.2 -1.2 -1.2 -1.2
279 264.9 249.4 233.2 219.4 203.2 191.2 177.9 168.9 154.9 141.7 130.7 124.4 117.7 110.5 104.2 96.4 88.2 80.9 76.4 71 63 55.1 50.5 44.4 38.6 35 31.2 26.9 22.5 18.4 15.5 13.1 12.4 10.1 7.8 3.6 -1.2 -1.2 -1.2 -1.2 -1.2 -1.2 -1.2 -1.2 -1.2 -1.2 -1.2 -1.2 -1.2 -1.2 -1.2 -1.2 -1.2 -1.2 -1.2 -1.2 -1.2 -1.2 -1.2 -1.2 -1.2 -1.2 -1.2 -1.2 -1.2 -1.2 -1.2 -1.2 -1.2 -1.2 -1.2 -1.2 -1.2 -1.2 -1.2 -1.2 -1.2 -1.2
279.9 265.8 250.3 233.5 220.8 204.4 194.2 179.5 166.6 155.9 143.8 135.6 125.2 118.2 111.8 105.5 98.2 88.5 80.1 74.1 68.4 63.3 57.4 50.5 44.9 38.9 32.4 28 24.1 19.9 16.6 14.8 11.9 10.3 8.1 6 3 -1.2 -1.2 -1.2 -1.2 -1.2 -1.2 -1.2 -1.2 -1.2 -1.2 -1.2 -1.2 -1.2 -1.2 -1.2 -1.2 -1.2 -1.2 -1.2 -1.2 -1.2 -1.2 -1.2 -1.2 -1.2 -1.2 -1.2 -1.2 -1.2 -1.2 -1.2 -1.2 -1.2 -1.2 -1.2 -1.2 -1.2 -1.2 -1.2 -1.2 -1.2 -1.2
280 266.9 251.5 237.2 222.1 205.4 190 177.1 164.5 152.8 142.8 134.3 124.6 116.5 109.6 102.4 95.8 87.4 78.9 73.1 68.1 63.2 58 50.4 44.8 39.3 33.1 26.7 21.7 16.9 13.6 11.3 10 9 7.1 6.9 2.6 -1.2 -1.2 -1.2 -1.2 -1.2 -1.2 -1.2 -1.2 -1.2 -1.2 -1.2 -1.2 -1.2 -1.2 -1.2 -1.2 -1.2 -1.2 -1.2 -1.2 -1.2 -1.2 -1.2 -1.2 -1.2 -1.2 -1.2 -1.2 -1.2 -1.2 -1.2 -1.2 -1.2 -1.2 -1.2 -1.2 -1.2 -1.2 -1.2 -1.2 -1.2 -1.2
280 264.9 251 234.8 220.1 208 191.8 179.8 168.8 153.6 142.3 131.5 121.9 111.6 106.5 100.7 91.5 86.1 80.1 74.8 69.3 64.6 58.8 50.3 44.6 39.2 33.1 26.3 19.8 14.1 8.8 7.9 8.4 7.7 6.8 5.7 2.8 -1.2 -1.2 -1.2 -1.2 -1.2 -1.2 -1.2 -1.2 -1.2 -1.2 -1.2 -1.2 -1.2 -1.2 -1.2 -1.2 -1.2 -1.2 -1.2 -1.2 -1.2 -1.2 -1.2 -1.2 -1.2 -1.2 -1.2 -1.2 -1.2 -1.2 -1.2 -1.2 -1.2 -1.2 -1.2 -1.2 -1.2 -1.2 -1.2 -1.2 -1.2 -1.2
279.6 264.8 249.2 233.9 218.9 204.9 191.4 177.1 166.2 155 142.9 132 122.3 110 102 95.8 90.2 85.1 79.5 74.8 70 64.7 58 53.3 44.9 38.6 32.6 25.7 18.8 12.5 11 10.8 8.7 6.3 3.9 2.4 1.6 -1.2 -1.2 -1.2 -1.2 -1.2 -1.2 -1.2 -1.2 -1.2 -1.2 -1.2 -1.2 -1.2 -1.2 -1.2 -1.2 -1.2 -1.2 -1.2 -1.2 -1.2 -1.2 -1.2 -1.2 -1.2 -1.2 -1.2 -1.2 -1.2 -1.2 -1.2 -1.2 -1.2 -1.2 -1.2 -1.2 -1.2 -1.2 -1.2 -1.2 -1.2 -1.2
276.5 261.5 246.1 231.4 216.9 202.5 185 173.9 159.4 149.5 143.6 129.2 120.3 113 104.6 93.3 88.4 82.6 77.5 72.3 67.3 62.7 57.2 51.4 44.4 38.4 31.1 24.3 17.4 14.1 13.8 11.8 8.9 6.5 5.2 3.7 -1.2 -1.2 -1.2 -1.2 -1.2 -1.2 -1.2 -1.2 -1.2 -1.2 -1.2 -1.2 -1.2 -1.2 -1.2 -1.2 -1.2 -1.2 -1.2 -1.2 -1.2 -1.2 -1.2 -1.2 -1.2 -1.2 -1.2 -1.2 -1.2 -1.2 -1.2 -1.2 -1.2 -1.2 -1.2 -1.2 -1.2 -1.2 -1.2 -1.2 -1.2 -1.2 -1.2
269.8 255 238.2 226.4 211.7 200.1 181.7 166.5 153.7 143.2 135.3 125.8 119.6 110 102 92.3 85.1 80.2 75 69.8 64.6 60.7 55.5 49.4 43.3 36.7 29.2 23.5 19 15.5 15.9 12 9.1 7.2 4.8 3.2 -1.2 -1.2 -1.2 -1.2 -1.2 -1.2 -1.2 -1.2 -1.2 -1.2 -1.2 -1.2 -1.2 -1.2 -1.2 -1.2 -1.2 -1.2 -1.2 -1.2 -1.2 -1.2 -1.2 -1.2 -1.2 -1.2 -1.2 -1.2 -1.2 -1.2 -1.2 -1.2 -1.2 -1.2 -1.2 -1.2 -1.2 -1.2 -1.2 -1.2 -1.2 -1.2 -1.2
261.3 246.3 228.7 213.7 201.5 188.5 172.6 158.9 146.8 136.5 128.4 120.7 112.9 105.5 98.3 89.4 83.2 77.6 72.1 66.7 62.4 58.7 53.3 46.6 39 35 29.9 24.5 19.4 15.1 18.7 13.1 9 6.6 4.2 2.6 -1.2 -1.2 -1.2 -1.2 -1.2 -1.2 -1.2 -1.2 -1.2 -1.2 -1.2 -1.2 -1.2 -1.2 -1.2 -1.2 -1.2 -1.2 -1.2 -1.2 -1.2 -1.2 -1.2 -1.2 -1.2 -1.2 -1.2 -1.2 -1.2 -1.2 -1.2 -1.2 -1.2 -1.2 -1.2 -1.2 -1.2 -1.2 -1.2 -1.2 -1.2 -1.2 -1.2
251.7 237.6 220 206.4 195 181 167.1 154.3 141.7 128.6 119 112.3 105.8 100.5 92.3 85.8 79.4 73.1 68.6 63.6 60.1 56.2 50.7 44.6 38.3 35.4 31.9 26.7 19.6 14.6 10.5 8.1 6.7 5.4 3.6 -1.2 -1.2 -1.2 -1.2 -1.2 -1.2 -1.2 -1.2 -1.2 -1.2 -1.2 -1.2 -1.2 -1.2 -1.2 -1.2 -1.2 -1.2 -1.2 -1.2 -1.2 -1.2 -1.2 -1.2 -1.2 -1.2 -1.2 -1.2 -1.2 -1.2 -1.2 -1.2 -1.2 -1.2 -1.2 -1.2 -1.2 -1.2 -1.2 -1.2 -1.2 -1.2 -1.2 -1.2
242.6 226.1 208 199.4 186.9 173 159.5 147.3 136.7 124.3 112.8 104 102.4 95 87.6 81.8 75.2 68.8 63.3 60 56.6 53.3 48 42 37.9 34.5 31.1 27 21.2 15.3 11 6.2 4 2 -1.2 -1.2 -1.2 -1.2 -1.2 -1.2 -1.2 -1.2 -1.2 -1.2 -1.2 -1.2 -1.2 -1.2 -1.2 -1.2 -1.2 -1.2 -1.2 -1.2 -1.2 -1.2 -1.2 -1.2 -1.2 -1.2 -1.2 -1.2 -1.2 -1.2 -1.2 -1.2 -1.2 -1.2 -1.2 -1.2 -1.2 -1.2 -1.2 -1.2 -1.2 -1.2 -1.2 -1.2 -1.2
