data/200000-630000.asc
ncols 200
nrows 200
xllcorner 200000
yllcorner 630000
cellsize 50
[rows 74 to 110 of 200, columns 0 to 83 of 200]
112.2 113.1 112.3 109.8 103.8 98.3 91.9 83.8 75.9 68.2 60.6 52.8 43.1 31.1 16.9 10.2 8.9 8.8 7.6 4.9 4.2 3.6 3.4 3 2.5 2.3 2.2 2.2 -1.1 1.3 0 -1.1 -1.1 -1.1 -1.1 -1.1 -1.1 -1.1 -1.1 -1.1 -1.1 -1.1 -1.1 -1.1 -1.1 -1.1 -1.1 -1.1 -1.1 -1.1 -1.1 -1.1 -1.1 -1.1 -1.1 -1.1 -1.1 -1.1 -1.1 -1.1 -1.1 -1.1 -1.1 -1.1 -1.1 -1.1 -1.1 -1.1 -1.1 -1.1 -1.1 -1.1 -1.1 -1.1 -1.1 -1.1 -1.1 -1.1 -1.1 -1.1 -1.1 -1.1 -1.1 -1.1
114.9 117.5 114.6 108.5 100.6 93.2 85.3 77.4 69.5 62.1 55 46.5 35.4 21.5 12.8 10 9.8 9.5 7.8 4.7 4.2 3.9 3.6 3.2 2.9 2.6 2.4 -1.1 -1.1 2.2 0.3 -1.1 -1.1 -1.1 -1.1 -1.1 -1.1 -1.1 -1.1 -1.1 -1.1 -1.1 -1.1 -1.1 -1.1 -1.1 -1.1 -1.1 -1.1 -1.1 -1.1 -1.1 -1.1 -1.1 -1.1 -1.1 -1.1 -1.1 -1.1 -1.1 -1.1 -1.1 -1.1 -1.1 -1.1 -1.1 -1.1 -1.1 -1.1 -1.1 -1.1 -1.1 -1.1 -1.1 -1.1 -1.1 -1.1 -1.1 -1.1 -1.1 -1.1 -1.1 -1.1 -1.1
123 119.3 111.8 103.5 94.5 86.4 78.6 71.1 63.5 56.4 48.8 40.9 25.4 15.1 11.6 10.4 9.9 9.7 8.5 5.4 4.6 4.3 3.8 3.5 3.5 3.1 2.1 -1.1 2.7 3.4 1.1 -1.1 -1.1 -1.1 -1.1 -1.1 -1.1 -1.1 -1.1 -1.1 -1.1 -1.1 -1.1 -1.1 -1.1 -1.1 -1.1 -1.1 -1.1 -1.1 -1.1 -1.1 -1.1 -1.1 -1.1 -1.1 -1.1 -1.1 -1.1 -1.1 -1.1 -1.1 -1.1 -1.1 -1.1 -1.1 -1.1 -1.1 -1.1 -1.1 -1.1 -1.1 -1.1 -1.1 -1.1 -1.1 -1.1 -1.1 -1.1 -1.1 -1.1 -1.1 -1.1 -1.1
123 116.8 106.9 98.7 89.1 80.8 73 65.4 58 50.1 41.2 28.7 17.8 13.5 11.6 11 10.5 9.8 5.8 5.1 4.8 4.7 4.3 4.1 3.9 3.6 2.7 2.8 2.9 2.9 1.8 0.5 -1.1 -1.1 -1.1 -1.1 -1.1 -1.1 -1.1 -1.1 -1.1 -1.1 -1.1 -1.1 -1.1 -1.1 -1.1 -1.1 -1.1 -1.1 -1.1 -1.1 -1.1 -1.1 -1.1 -1.1 -1.1 -1.1 -1.1 -1.1 -1.1 -1.1 -1.1 -1.1 -1.1 -1.1 -1.1 -1.1 -1.1 -1.1 -1.1 -1.1 -1.1 -1.1 -1.1 -1.1 -1.1 -1.1 -1.1 -1.1 -1.1 -1.1 -1.1 -1.1
121.1 112.8 104.7 95.8 86.2 76 67.6 59.8 52.3 43.4 32.2 20.2 15 12.5 11.7 11.3 10.5 9.7 7.2 4.3 4.8 5 4.8 3.5 4 5.9 4.1 3.8 3.9 3.9 4.2 1.6 1.1 -1.1 -1.1 -1.1 -1.1 -1.1 -1.1 -1.1 -1.1 -1.1 -1.1 -1.1 -1.1 -1.1 -1.1 -1.1 -1.1 -1.1 -1.1 -1.1 -1.1 -1.1 -1.1 -1.1 -1.1 -1.1 -1.1 -1.1 -1.1 -1.1 -1.1 -1.1 -1.1 -1.1 -1.1 -1.1 -1.1 -1.1 -1.1 -1.1 -1.1 -1.1 -1.1 -1.1 -1.1 -1.1 -1.1 -1.1 -1.1 -1.1 -1.1 -1.1
118.7 109.8 101.3 91.6 84.6 73.1 62.9 54.5 45.2 35.9 24.2 16.7 13.1 11.5 11.3 11.1 11.1 10.4 8.4 7 5 5.1 5 6 6.1 6 4.9 4.6 4.8 5 4.8 5 5 4.5 3.7 1.4 -1.1 -1.1 -1.1 -1.1 -1.1 -1.1 -1.1 -1.1 -1.1 -1.1 -1.1 -1.1 -1.1 -1.1 -1.1 -1.1 -1.1 -1.1 -1.1 -1.1 -1.1 -1.1 -1.1 -1.1 -1.1 -1.1 -1.1 -1.1 -1.1 -1.1 -1.1 -1.1 -1.1 -1.1 -1.1 -1.1 -1.1 -1.1 -1.1 -1.1 -1.1 -1.1 -1.1 -1.1 -1.1 -1.1 -1.1 -1.1
115.1 106.3 96.8 88.5 81.6 72.5 60.7 50 40.2 29.5 19.8 15.8 12.8 11.5 11.3 11.1 10.9 10.6 8.3 5.9 4.9 5.7 5.1 6.5 6.7 6.8 6.7 5.9 6.2 6.7 5.9 5.5 5.4 5.4 4.7 3.9 3.1 3.2 1.6 -1.1 -1.1 -1.1 -1.1 -1.1 -1.1 -1.1 -1.1 -1.1 -1.1 -1.1 -1.1 -1.1 -1.1 -1.1 -1.1 -1.1 -1.1 -1.1 -1.1 -1.1 -1.1 -1.1 -1.1 -1.1 -1.1 -1.1 -1.1 -1.1 -1.1 -1.1 -1.1 -1.1 -1.1 -1.1 -1.1 -1.1 -1.1 -1.1 -1.1 -1.1 -1.1 -1.1 -1.1 -1.1
112.8 103.6 94 85.1 77.8 66.8 56.4 46.6 36.5 23.1 18.5 15 12.8 11.5 11.2 10.9 10.7 10.5 6.6 6.1 5.9 5.8 7 8.2 8.3 7.6 8.8 8.8 10 11.3 13.2 12 10 8.3 9.5 6.4 4.1 3.8 3.5 3.6 3.5 1.7 -1.1 -1.1 -1.1 -1.1 -1.1 -1.1 -1.1 -1.1 -1.1 -1.1 -1.1 -1.1 -1.1 -1.1 -1.1 -1.1 -1.1 -1.1 -1.1 -1.1 -1.1 -1.1 -1.1 -1.1 -1.1 -1.1 -1.1 -1.1 -1.1 -1.1 -1.1 -1.1 -1.1 -1.1 -1.1 -1.1 -1.1 -1.1 -1.1 -1.1 -1.1 -1.1
110.6 101.5 91.8 82 72.7 61.7 51.4 42.4 30.8 20.8 17.4 14.3 12.3 11.3 10.9 10.7 10.4 10.5 10.2 6.4 6.3 6.1 7.8 8.7 10.7 11.7 11.8 13.1 15.8 16.9 18.8 18.5 18.1 17.1 15.3 14.6 11.3 7.8 5.4 3.8 5 5.1 -1.1 3.4 3.6 3.4 3.8 3.6 4 4.2 4.4 4.3 4.6 3 -1.1 -1.1 -1.1 -1.1 -1.1 -1.1 -1.1 -1.1 -1.1 -1.1 -1.1 -1.1 -1.1 -1.1 -1.1 -1.1 -1.1 -1.1 -1.1 -1.1 -1.1 -1.1 -1.1 -1.1 -1.1 -1.1 -1.1 -1.1 -1.1 -1.1
107.1 97.7 87.7 76.9 67.6 57.5 46.6 37.3 26.2 20.7 16.8 13.9 12.2 11.3 10.5 10.2 10.3 10.8 10.8 7.2 6.9 6.5 10.4 12.3 16 18.7 18.4 18.4 20.8 23 23.5 23.9 23 22.1 21.8 21.4 20.4 19.4 17.7 14.1 11.5 7.7 5 6.8 6.5 7.2 3.9 4.1 4.3 5 5.4 5.2 5.4 5.6 6.3 8 6.5 4 -1.1 -1.1 -1.1 -1.1 -1.1 -1.1 -1.1 -1.1 -1.1 -1.1 -1.1 -1.1 -1.1 -1.1 -1.1 -1.1 -1.1 -1.1 -1.1 -1.1 -1.1 -1.1 -1.1 -1.1 -1.1 -1.1
102.8 93.4 81.9 71.2 61.6 51.4 41.1 29.2 23 18.6 15.4 13.6 12.2 11.3 10.6 9.8 10 9.6 8.9 7.2 8.1 11.8 16.1 17 23.4 24.9 24 24.6 27.3 29.9 29.3 29.8 27.4 26.4 25.5 25.2 24.6 23.8 22 19.9 16.6 13.3 11 8.6 16.7 20.4 22 22.9 23.2 22.7 21.1 19.6 16.7 14 10.7 7.1 8.2 8.4 9.1 9.5 6.9 2.4 0.8 -1.1 -1.1 -1.1 -1.1 -1.1 -1.1 -1.1 -1.1 -1.1 -1.1 -1.1 -1.1 -1.1 -1.1 -1.1 -1.1 -1.1 -1.1 -1.1 -1.1 -1.1
98.4 87.8 76.3 65.6 55.5 45 34.3 27.6 21.2 16.9 15.1 13.2 12.6 11.9 11.1 10.4 9.7 8.3 8.2 9.5 12.7 14.1 18.5 25.2 28.1 29.6 29.2 32.4 35.3 36.1 34.7 35.8 33.6 32.2 30.5 28.7 27.4 27.2 26.9 25.4 21.8 19.3 19.5 14.6 19.8 22.9 24.5 25.2 25.9 26.9 26 24.3 22.8 21.2 20.1 20.5 19.5 17.5 21.3 23.7 22.3 18.8 16.4 7.7 1.4 0.6 -1.1 -1.1 -1.1 -1.1 -1.1 -1.1 -1.1 -1.1 -1.1 -1.1 -1.1 -1.1 -1.1 -1.1 -1.1 -1.1 -1.1 -1.1
91.7 81.2 70.1 59.8 49.1 38.2 27.6 22.9 18.3 16.5 14.6 13.4 12.9 11.9 10.9 10.3 9.6 9.2 9.5 14.7 15.9 19.9 24.6 30.1 34 37.1 37 38.4 39.3 39.8 39.4 39.3 38.8 37.7 37.6 34.5 31.1 29.9 29.1 27.8 25.8 23.4 24.6 21.1 22.7 25.1 26.2 27.7 29.2 30.1 32.4 32.6 29.9 27.2 25.6 24 26.9 25.9 28.2 27.9 25.4 24 21.4 20.2 13 3.1 1.1 -0.2 -1.1 -1.1 -1.1 -1.1 -1.1 -1.1 -1.1 -1.1 -1.1 -1.1 -1.1 -1.1 -1.1 -1.1 -1.1 -1.1
84.9 74.5 63.6 52.9 41.7 31.8 25.2 20.8 17.4 15.8 14.5 13.8 12.9 12 11 9.8 9.4 9.9 16.5 17.9 21 24.2 28.7 33.5 37 40.1 41.7 42 43.4 44.3 44.9 43.5 42.7 41.6 40.9 40.1 36.4 32.2 30.3 28.9 27.3 26.9 27.7 25.5 25.3 27.7 29.9 31.4 32.9 33.4 33.9 37.1 40.3 38.8 35.9 31.1 35 38.7 36.8 36 35.4 33.3 33 31.7 28.5 21.4 5.4 -0.5 -0.8 0.2 -1.1 -1.1 -1.1 -1.1 -1.1 -1.1 -1.1 -1.1 -1.1 -1.1 -1.1 -1.1 -1.1 -1.1
78.4 67.6 55.5 44.5 35.8 28.3 23.6 20.4 18 15.7 15 13.7 12.4 11.5 10.5 10 9.6 9.9 18.5 22.1 25.6 28.8 34.2 38.5 42.4 45.7 47.1 48 48.9 49.3 49.6 48 46.5 45.6 44.4 43.2 41.1 36.3 32.4 30.3 28.7 29.5 31 28.9 27.8 32 33.2 35.1 36.2 37 37.7 39.9 40.7 41.2 38.4 37.5 39.4 41.4 43.3 42.7 41.8 43.3 45.2 46.5 44.3 38.9 28.5 12 1.9 1.9 2.9 2.9 1.5 -1.1 -1.1 -1.1 -1.1 -1.1 -1.1 -1.1 -1.1 -1.1 -1.1 -1.1
68.2 58.2 47.2 38.3 30 25.2 21.2 19.3 17.8 15.7 14.8 13.5 12.1 11.4 11.1 10.7 7.1 17.8 21.5 26.1 29.5 36.5 41.3 44.8 48.5 51.9 53.2 54.1 54.5 54.9 55 52.7 51.1 49.3 47.5 45.9 44.5 40.1 36.6 33.2 32 32.8 34.4 31.2 34.7 37.3 38.7 38.7 40 41.6 44.7 44.6 44.9 42.2 41 42 45.8 46.6 46.5 49.2 48.1 49.7 52.6 55.6 56.6 61.1 56.7 50.6 38 28.9 26.2 25.9 19.5 8 1.6 -1.1 -1.1 -1.1 -1.1 -1.1 -1.1 -1.1 -1.1 -1.1
62 51.3 41.2 30.9 26.2 22.9 19.7 18.2 16.9 15.8 15.2 13.9 12.7 12.3 12 8.4 20.3 24.5 27.8 33.1 38.7 43.7 48.6 50.9 54.9 58 59.1 59.5 60.1 60.5 60.6 57.7 56.4 53.9 51.9 49.5 46.3 42.4 39 37.9 36.9 35.7 36.4 29 37.4 39.5 41.5 43.6 46.2 47.7 50.2 51.3 52.1 50.9 45.6 49.9 53.1 52.3 52.4 53.8 55 56.2 58.8 62.6 68.4 73.8 74.9 73.5 70.8 67.5 63.6 58.3 52.4 39.9 23.6 7.2 1.1 -1.1 -1.1 -1.1 -1.1 -1.1 -1.1 -1.1
54.8 44 33.9 27.3 23.7 20.8 19.2 18.1 16.9 16.1 15.4 14.8 13.2 11.8 13.1 20.3 26.6 30.1 34.5 40.4 45 51.4 55.7 57.8 60.6 63 64.4 65.1 65.7 66.2 65.8 63.7 62 60.2 56.8 52.5 48.6 44.7 41.1 40 40.2 40.5 38.9 30.9 37.9 40.5 43.1 45.6 49.8 54.7 55.4 56 57.3 55.5 53.6 57.2 57.9 58.1 60.2 60.6 61.1 63.5 65.1 70.2 77.5 83 84.1 83.4 81.4 79.6 78.2 74.3 68.6 63 54.8 41.9 19.9 3.4 -1.1 -1.1 -1.1 -1.1 -1.1 -1.1
47 36.9 27.9 25.9 22.2 20.5 19.3 18.2 17.1 16.4 15.7 15 12.8 16.1 20.3 27.6 30 35.5 40.9 48.6 53 56.9 60.8 63.8 65.7 68 70.2 70.4 71.5 71.2 70 69.3 67.8 64.8 60.8 55.8 51.2 45.7 43 42.4 44.8 43.5 40.4 34.3 34.7 38.2 42.2 45.1 51.1 56.7 58.5 58.6 58 56.5 58.5 61.4 62.7 63.6 66 67.3 65.9 69.4 72.4 77.7 83.9 88.8 90.6 90.8 87.7 84.3 80.7 77.8 73.6 69.4 65.2 58.9 49.8 30.9 12.7 1.4 -1.1 -1.1 -1.1 -1.1
40.9 30.3 27.3 24.3 22.3 20.7 19.5 18.3 17.5 16.8 16 13.9 22.4 24.1 25.4 28.5 36.4 42.7 48.5 53.6 58.8 61.8 66.6 69.9 72 74.5 76.5 77.4 78.4 76.5 74.7 73.8 70.8 67.5 63.3 58.8 53.4 48 44.3 44.6 47.6 46.4 41.3 33.1 35.4 39.3 41.9 44.5 47.6 52.8 56.4 57 57.4 57.6 60.6 64.8 68.7 69.4 70.5 72.2 74 76.2 78.4 82.6 85.1 89 89.8 89.5 87.5 85.6 82.8 79.9 75.8 71.7 67.4 62.6 56.9 53.5 43.3 22.8 5 -1.1 -1.1 -1.1
35.5 29.4 26.8 24.2 22.4 20.9 19.7 18.4 17.2 17.6 14.4 23.9 25.3 27 28.6 34.9 41.7 48.7 55.2 59.7 63.3 67.1 72.2 75.2 77.7 80.1 82.2 83.6 83.9 81.8 79.7 77 73.7 69.6 65 61.3 56 51.2 46.3 45 48.2 47.2 39.9 31.2 38.7 44.3 48.5 53.1 55.6 55.9 55.5 55.6 57.6 61.4 64.4 68.8 72.9 75 76 75.7 80 81.7 84 85.5 86.9 88.2 88.8 89.2 87.4 85.4 82 79.1 75.4 71.3 67.4 63.6 58.4 55.2 51.9 47.7 37.2 9 -1.1 -1.1
31.3 29.1 26.6 24 22.4 21.1 19.7 18.4 17.6 16.5 24.5 25.6 27.3 29.2 39.1 45.5 46.8 55.8 61.4 65.7 69.2 72.3 76.8 80.4 83.1 85.4 87.4 88.8 88.4 86.2 82.4 78.8 76.2 72.7 67.1 62.4 57.8 53 48.4 44.9 45.8 45.1 36.7 34.7 43.6 49.5 54.9 62.1 63.3 62.1 61.4 60.8 62.1 63.2 70.2 73.6 77.4 79.4 81.5 82 83.4 85.4 87.2 87.7 87.4 86.4 86.6 87.8 87.3 84.8 81.3 78.3 75.1 71 67.6 64.3 59.8 55.8 50.5 46.5 43.4 22.8 2.9 -1.1
29 26.8 24.5 23.8 22.8 21.1 19.7 18.9 18.4 25.3 26.3 27.9 35.2 45 45.3 52.4 57.9 61.7 66.6 71.5 75.2 77.7 81.6 85.2 87.2 90.3 91.7 92.2 90.4 88.6 85.5 81.8 79.1 76.2 71.7 66.5 60.2 54.7 50.4 46 38.1 33.5 32.1 43.6 53.7 61.7 65.1 70.2 72.5 71.8 68.5 68.2 69.1 70.3 71.8 77.4 81.7 84.3 86.1 86.7 86.8 88.2 88.1 87.2 86.5 85.4 84.2 85 85.4 84.1 80.8 77.7 74.5 71.2 67.8 64.4 59.9 55.8 49.7 45.4 42.9 34.2 3.9 2.3
27.5 26.1 25.1 24.6 22 18 20.2 20.2 25.7 27.5 31.4 40.6 45.4 50.2 55.7 60.2 63.9 68 72.1 76 79.9 83.6 86.8 89.9 92.1 94.8 94.8 94.2 92.4 90.1 88.1 85.1 83.4 79 73.3 67.5 63.6 57.1 51.6 44.5 38 35.8 41.5 50.3 60.9 71.3 75.7 79.6 80.8 81.4 78.4 77 76.7 77.7 77.8 78.3 82.4 87.5 89.6 90.5 90.2 89.3 88.2 87 85.4 84.2 82.9 81.6 81.4 82.1 80 77.1 73.5 71.5 67 61.6 58.7 57.5 51 45.4 42.6 38.7 8.7 2.6
27.5 25.7 25.4 25.4 21.6 21.7 20.7 25.6 30.7 37.5 40.7 45.6 54.6 61.7 65.5 68.1 70.7 74.5 76.1 80.1 84.9 87.9 91 94.2 96.5 97.4 96.4 96.3 94.4 92.2 89.7 86.7 84.2 80.3 74.3 68.5 65.3 60.2 52.1 43.6 38.8 37.5 46.7 55.7 66.3 76.8 83.7 88.5 89.7 89.4 87.9 86.1 84.4 84.1 85 82.9 85 89.3 92.2 92.6 92.8 92.1 90.3 87.4 84.2 82.4 81.2 78.7 78 77.9 77.1 74.1 70.7 67 63.1 59.3 55.6 55.8 51.7 44.7 40.6 34.5 7.6 3.2
28.4 26.9 25.2 24 23.2 24.1 26.8 32.5 38.6 43.7 49.9 54.6 61.5 68.1 72 75 78.1 81 79.9 84.3 88.9 92.1 95.3 98.2 99.7 100.2 99.7 97.2 93.9 91.6 88.8 86 84.1 81.3 75.5 69.5 65.1 59.7 52.3 45.2 38.7 41.3 52.3 60.6 71.5 81.1 89.4 94.5 97.8 98.1 96.3 94.1 92.7 90.9 89.3 88.2 89.5 91.8 93.3 93.8 93.8 93.4 90.9 87.8 84.5 81.3 79.1 77.3 73.4 71.4 71.1 69 64.6 59.1 57.6 52.4 51.8 49.5 48.6 43.2 37.4 16.8 11.1 8.2
29.4 27.7 25.2 25.5 25.4 26.8 32.3 38.9 46.7 52.4 58.2 65 69.7 72.8 77.1 82.2 87.1 90.8 87.8 88.6 92.8 97 99.5 101.4 102.4 102.5 100.9 99.3 95.7 92.4 89.6 85.8 80.8 80 74.6 69.4 63.3 56.8 51.1 46.2 40.3 47.9 59.7 68.7 76.4 86 95.2 100.8 104.7 105.7 104.1 102 100.2 96.6 94.6 93.1 92.6 94.8 94.4 94 93.8 93.2 91.9 87.8 84.8 81.6 78.3 76.8 71.5 64.8 63.4 59.7 55.3 51.1 46.1 43.7 43.1 42.6 38 38.8 36.1 18.5 13.2 11.1
30.1 28.4 26.4 27.3 28.3 33.7 38.8 47.9 55.1 59.7 65.1 70.9 75.8 78.1 80.6 86.9 91.6 95.4 94.9 92.9 96.9 101.1 101.3 104 104.5 103.3 101.4 100.5 97.5 93.9 90.1 86.8 82.1 77.7 74.1 68.8 61.2 52.8 47 44.8 42.2 52.9 64.3 75 82.6 91 100.2 107.3 111 113 111.3 109.5 105.4 102.2 100.3 98.9 97.4 96.3 95.8 95 93 92.1 91 89.1 85.5 83.1 79 73.3 70.7 63.5 55.3 50.7 45.6 41.8 37.7 35.6 33.5 33.8 31.6 30.7 31.1 27.1 15.5 10.3
30.8 25.8 28.6 31.5 34.4 39.3 48.2 54.6 60.7 66.4 71.2 76.2 80.8 84.1 87.5 91.5 94.5 98.6 100.5 98 98.6 101.7 104.7 105.6 106.1 104.5 102.8 100.5 97.4 94.8 92 88.4 83.5 75.9 71.3 67.3 59.1 51.2 46.7 43.2 46 58.3 69.3 79.5 87.8 96.6 104 111 117.4 118.6 117 114.4 110 107.3 105.5 103.5 100.8 97.8 96.5 95.8 94.2 91.8 90.8 89.8 86.1 82.5 78.9 73.4 67.8 61.9 56.4 47.8 41 38.6 35.8 32.2 29.6 29.3 27.6 28.4 28.6 25 21.8 15.3
30.2 31.2 32.1 37.6 44 46.5 55.6 60.9 65.2 69.5 73.8 79.9 85.5 90.2 93.2 95.6 97.8 100.6 100.8 99.8 103.2 105.4 109.2 107.8 107.4 106.3 102.6 98.7 96.3 94 91.2 88.5 84 78.3 68.6 60.4 54.8 50.5 46.8 44.3 52.4 63.6 74.1 83.5 92.7 100.6 107.5 114.3 120.6 122.1 121.6 117.8 114.3 111.9 109.7 106 103 99.1 96.3 95 95.4 92.8 89.8 88.7 84.1 79 79.2 73.6 62.2 48.9 48.9 48.2 44 40.1 38.8 37.3 35.8 34.2 31.5 30.2 29.6 29.7 24 19
32.7 36.4 38.7 44.5 52.5 57.3 61.3 67.3 72.6 75.5 78.3 83.5 90.6 95.8 97.9 99.7 101.7 103.6 103.5 105.6 109 110.2 111.1 109.7 110.1 107.5 103.6 100 97.1 92.7 89.8 82.6 80.3 77.3 71.5 59 56.7 55.3 49 47.5 57.6 68.9 78.6 87.7 96.5 104.3 110 115.8 120.7 124.9 123.9 121.3 118.8 115.6 110.9 109.2 105.1 100 98.1 95.1 92.7 89.6 88.1 86.5 85.4 85.3 83.1 78.3 68.1 58.8 48.9 57.7 57.6 53 48.5 47.1 45.2 44.4 42.7 40.5 35.3 33.9 33.9 24.6
39.5 45.8 50 54.2 57.5 62.7 67.2 72.4 78.4 81.5 84.4 88 94.7 99.3 101.1 102.7 104.4 106.5 107.4 110 111.3 113.9 114 112.1 111 109.1 104.9 101.5 99.7 95.2 90.3 85.1 80.1 71.9 67.7 59.5 56.5 56.1 52.5 48 61.2 70.1 81.4 91 98.9 106 111.7 116.2 120.7 123.9 125 124.3 121.8 117.9 113.8 110 106.9 102.3 101.1 96.4 95.9 92.7 90.2 88.7 87.7 85.7 83.3 80.7 71.7 58.3 64.3 66.7 67.1 64.4 61.3 60.5 57.4 53.8 50.9 48 39.6 37.8 36.7 33.8
45.7 53.1 57.8 58.9 64.7 68.8 72.5 76.5 82.7 87.4 90.7 94.5 97.2 101.7 104 105.6 107.2 108.8 110.6 112.2 115.8 118 116.3 114.7 112.4 109.1 106.2 102.2 99.4 93.9 89.6 85.2 79.1 72.4 65.2 59.9 54.6 52.1 47.8 52.1 67.3 77 82.5 91.5 100.6 107.3 112.8 117 120.4 122.4 122.3 123.4 123.4 120.5 116.8 113.4 109.6 105.9 102.9 99.7 99.8 96.8 95.2 92 89.7 85.6 83.1 75.4 67 64.3 74.7 76.5 77.1 73.5 69.8 66.9 64.1 62.7 58.4 54.7 51 44.2 38.6 35.4
52.6 59.6 64.2 69 70.7 71.1 75.3 80.5 86.1 91.5 95.9 98.3 99.2 101.4 105.8 108.1 111 114.1 114 116.8 118.2 120.7 118.8 116.2 112.9 110.8 106.7 102.6 98.7 92.5 87 80.6 77.1 70 62.5 58.7 55.5 48.1 45.6 55.9 70.3 73.4 82.8 93.7 102.6 108.8 114.2 118.4 121 121.9 123.2 124.5 123.8 120.9 120.5 116.8 113.4 110.2 104.5 105.8 103.7 101.4 99.8 96.2 92.8 83.9 76.3 73.2 78.7 80.9 81.2 82.7 84.4 82.2 77.2 73 69.9 68 64.5 61.1 57.4 53.8 50.7 37.7
59.9 66.7 70 72.7 74.1 76.8 80.6 84.4 93.8 96.4 100.4 102.5 101.4 104.8 109.6 113.8 114 117.1 119.7 121 121 119.1 119.7 116.4 113.2 110.3 107.2 103.3 98.6 92.7 86 77.5 71.6 67.3 60 57 53.6 47.6 53.2 59.8 70.8 78.1 79.4 96 103.3 109.9 115.5 119.9 122.4 123.5 124.1 125.5 123.4 120.6 121.2 118.9 115.8 111.4 111.7 109.6 107.8 105.3 101.2 93.8 89.6 90.5 85.1 81.8 88.4 93.4 94.4 91.7 92.4 89.7 86.1 79.1 75.3 73 67.9 63.5 61.9 59.4 53.4 46.4
68.3 72.8 75.4 78.7 80.6 82.5 88.5 90.8 93.9 99.5 103.5 105 106.1 109 114 116 117.8 119.7 122 121.9 121.3 120.2 119.9 116.5 113.3 110.5 106.9 101.8 100 93.3 86.4 78.7 71 65 59 55.4 51.1 50.7 57.4 63.2 72.1 82.5 90.8 95.6 101.6 111 114.9 120.4 124.4 126.5 126.6 126.7 121.3 121 119.2 118.9 116.7 115.4 114.7 112 110.7 105.4 103.8 102.2 93.7 92.9 95.4 88.9 97 100.7 106.1 103.2 104.3 98.8 94.8 89.4 84 78.4 71.6 68.4 67.1 62.9 59.4 54.7
70.2 78.1 82.5 84.7 86.8 87 91.4 95.7 98.1 101.4 105 108.2 110.1 112.8 118.3 120.7 123.4 125.1 124.7 124.7 124.1 121.3 120.6 117 113.3 109.5 102.4 100.8 98.3 91.9 85 77.9 68 61.7 57.9 52.7 50.6 52.1 57.7 66.7 74.4 81.9 91.8 99.1 105.2 113.3 118.3 121.4 126.2 129.2 129.4 127.2 124.4 122.4 124.9 124.9 120.4 118.8 118.5 114.2 110.7 111.1 109.5 101.2 98.9 98.9 101.3 96.1 102.2 104.9 112 114.4 115.8 116.2 109.3 103.4 95 87.9 81.5 75.5 73.4 68.1 64.2 59.7
