data/200000-690000.asc
ncols 200
nrows 200
xllcorner 200000
yllcorner 690000
cellsize 50
[rows 0 to 34 of 200, columns 79 to 157 of 200]
-1.2 -1.2 -1.2 -1.2 -1.2 -1.2 -1.2 -1.2 -1.2 -1.2 -1.2 -1.2 -1.2 -1.2 -1.2 -1.2 -1.2 -1.2 -1.2 -1.2 -1.2 -1.2 -1.2 -1.2 -1.2 -1.2 -1.2 -1.2 -1.2 -1.2 -1.2 -1.2 -1.2 -1.2 -1.2 -1.2 -1.2 -1.2 -1.2 -1.2 -1.2 -1.2 -1.2 -1.2 -1.2 -1.2 -1.2 -1.2 -1.2 -1.2 -1.2 -1.2 -1.2 -1.2 -1.2 -1.2 -1.2 -1.2 -1.2 0.3 4.8 8.4 12 20.1 24.3 26.6 29.2 32.5 38.4 44.6 50.8 58.8 63.9 73 79.7 86.4 93.4 102.7 116.4
-1.2 -1.2 -1.2 -1.2 -1.2 -1.2 -1.2 -1.2 -1.2 -1.2 -1.2 -1.2 -1.2 -1.2 -1.2 -1.2 -1.2 -1.2 -1.2 -1.2 -1.2 -1.2 -1.2 -1.2 -1.2 -1.2 -1.2 -1.2 -1.2 -1.2 -1.2 -1.2 -1.2 -1.2 -1.2 -1.2 -1.2 -1.2 -1.2 -1.2 -1.2 -1.2 -1.2 -1.2 -1.2 -1.2 -1.2 -1.2 -1.2 -1.2 -1.2 -1.2 -1.2 -1.2 -1.2 -1.2 -1.2 -1.2 -1.2 6.5 10.1 17 22.9 28.4 30.3 34.7 34.5 41.5 46.3 51.9 58.7 65.1 76 81.3 86.5 92.6 103.4 113.4 126.1
-1.2 -1.2 -1.2 -1.2 -1.2 -1.2 -1.2 -1.2 -1.2 -1.2 -1.2 -1.2 -1.2 -1.2 -1.2 -1.2 -1.2 -1.2 -1.2 -1.2 -1.2 -1.2 -1.2 -1.2 -1.2 -1.2 -1.2 -1.2 -1.2 -1.2 -1.2 -1.2 -1.2 -1.2 -1.2 -1.2 -1.2 -1.2 -1.2 -1.2 -1.2 -1.2 -1.2 -1.2 -1.2 -1.2 -1.2 -1.2 -1.2 -1.2 -1.2 -1.2 -1.2 -1.2 -1.2 -1.2 -1.2 4.7 8 11.2 17.4 24.2 29.7 36 38.5 40.8 43.8 48.7 56.6 63.6 70 74.2 81.9 87.5 93.7 104.5 115.2 127.5 136.7
-1.2 -1.2 -1.2 -1.2 -1.2 -1.2 -1.2 -1.2 -1.2 -1.2 -1.2 -1.2 -1.2 -1.2 -1.2 -1.2 -1.2 -1.2 -1.2 -1.2 -1.2 -1.2 -1.2 -1.2 -1.2 -1.2 -1.2 -1.2 -1.2 -1.2 -1.2 -1.2 -1.2 -1.2 -1.2 -1.2 -1.2 -1.2 -1.2 -1.2 -1.2 -1.2 -1.2 -1.2 -1.2 -1.2 -1.2 -1.2 -1.2 -1.2 -1.2 -1.2 -1.2 -1.2 -1.2 5.6 9.2 12.9 15.6 21.2 26.5 34.8 38.4 44.2 46 49 53.5 57.5 63.1 71.4 78.1 82.3 88.7 96.3 106.3 121 130.8 138 145.8
-1.2 -1.2 -1.2 -1.2 -1.2 -1.2 -1.2 -1.2 -1.2 -1.2 -1.2 -1.2 -1.2 -1.2 -1.2 -1.2 -1.2 -1.2 -1.2 -1.2 -1.2 -1.2 -1.2 -1.2 -1.2 -1.2 -1.2 -1.2 -1.2 -1.2 -1.2 -1.2 -1.2 -1.2 -1.2 -1.2 -1.2 -1.2 -1.2 -1.2 -1.2 -1.2 -1.2 -1.2 -1.2 -1.2 -1.2 -1.2 -1.2 -1.2 -1.2 -1.2 -1.2 -1.2 7.7 12 18.8 22.1 26 32.3 38 43.9 51.2 52.5 52.4 55.8 60.2 65.8 72.3 77.6 83.9 89.4 98.1 111 120.6 128.5 139.4 148.3 164.1
-1.2 -1.2 -1.2 -1.2 -1.2 -1.2 -1.2 -1.2 -1.2 -1.2 -1.2 -1.2 -1.2 -1.2 -1.2 -1.2 -1.2 -1.2 -1.2 -1.2 -1.2 -1.2 -1.2 -1.2 -1.2 -1.2 -1.2 -1.2 -1.2 -1.2 -1.2 -1.2 -1.2 -1.2 -1.2 -1.2 -1.2 -1.2 -1.2 -1.2 -1.2 -1.2 -1.2 -1.2 -1.2 -1.2 -1.2 -1.2 -1.2 -1.2 -1.2 -1.2 3.6 9.2 16.1 22.6 27.7 32.6 38.5 45.6 48.2 55.8 61 61.3 61.3 64.3 68.9 73.6 79.3 83.4 89.9 96.8 106.4 120.4 130 141.6 152.2 164.1 180.6
-1.2 -1.2 -1.2 -1.2 -1.2 -1.2 -1.2 -1.2 -1.2 -1.2 -1.2 -1.2 -1.2 -1.2 -1.2 -1.2 -1.2 -1.2 -1.2 -1.2 -1.2 -1.2 -1.2 -1.2 -1.2 -1.2 -1.2 -1.2 -1.2 -1.2 -1.2 -1.2 -1.2 -1.2 -1.2 -1.2 -1.2 -1.2 -1.2 -1.2 -1.2 -1.2 -1.2 -1.2 -1.2 -1.2 -1.2 -1.2 -1.2 -1.2 -1.2 7.2 13.4 19.8 26.8 33.4 37.6 42.5 47.4 54.3 58.2 62.8 65.9 70.7 69.3 72.8 77.1 81.9 85.8 91 99.1 108.6 119.1 131 143.2 151.2 169.5 187.4 200.7
-1.2 -1.2 -1.2 -1.2 -1.2 -1.2 -1.2 -1.2 -1.2 -1.2 -1.2 -1.2 -1.2 -1.2 -1.2 -1.2 -1.2 -1.2 -1.2 -1.2 -1.2 -1.2 -1.2 -1.2 -1.2 -1.2 -1.2 -1.2 -1.2 -1.2 -1.2 -1.2 -1.2 -1.2 -1.2 -1.2 -1.2 -1.2 -1.2 -1.2 -1.2 -1.2 -1.2 -1.2 -1.2 -1.2 1 1.4 2.5 5.7 8.5 13.9 21.3 29.4 37.1 45 47.6 51.8 56.8 65 70.3 74.5 75.8 74.3 77 82.9 85.2 88.8 94.7 98.7 107.3 117.9 130.1 142.6 157.1 171.5 186.7 199.4 216.6
-1.2 -1.2 -1.2 -1.2 -1.2 -1.2 -1.2 -1.2 -1.2 -1.2 -1.2 -1.2 -1.2 -1.2 -1.2 -1.2 -1.2 -1.2 -1.2 -1.2 -1.2 -1.2 -1.2 -1.2 -1.2 -1.2 -1.2 -1.2 -1.2 -1.2 -1.2 -1.2 -1.2 -1.2 -1.2 -1.2 -1.2 -1.2 -1.2 -1.2 -1.2 -1.2 -1.2 -1.2 -1.2 2.3 4.3 6 8.8 13 16.4 23.6 32.3 39.8 48.3 54.3 58.1 63.6 70.6 74.7 79.2 81.7 85.3 85.7 84.8 89.7 94.2 97.1 103.2 113.2 121.7 131.3 144.6 160.3 169.9 185.7 199.7 218.7 230.5
-1.2 -1.2 -1.2 -1.2 -1.2 -1.2 -1.2 -1.2 -1.2 -1.2 -1.2 -1.2 -1.2 -1.2 -1.2 -1.2 -1.2 -1.2 -1.2 -1.2 -1.2 -1.2 -1.2 -1.2 -1.2 -1.2 -1.2 -1.2 -1.2 -1.2 -1.2 -1.2 -1.2 -1.2 -1.2 -1.2 -1.2 -1.2 -1.2 -1.2 -1.2 -1.2 -1.2 -1.2 -1.2 7.1 9.3 13.8 18.6 21.6 24.5 32.1 40.7 49.7 57.9 63.9 68.2 75.9 80.1 83.8 85.6 89.4 91.6 93.4 94.9 97.4 103.6 109.8 112.9 123.5 135.4 146 159.1 167.8 187 201.8 217 232.3 249.9
-1.2 -1.2 -1.2 -1.2 -1.2 -1.2 -1.2 -1.2 -1.2 -1.2 -1.2 -1.2 -1.2 -1.2 -1.2 -1.2 -1.2 -1.2 -1.2 -1.2 -1.2 -1.2 -1.2 -1.2 -1.2 -1.2 -1.2 -1.2 -1.2 -1.2 -1.2 -1.2 -1.2 -1.2 -1.2 -1.2 -1.2 -1.2 -1.2 -1.2 -1.2 3.7 4 5 8.9 13.3 17.9 21.4 27.2 32.7 33.5 42.2 50.3 57.3 67.2 69.8 77.8 83.9 90.2 94.9 96 100.2 104.3 103.8 105.2 109.7 117.7 123.6 122.1 132.9 148.7 161.8 173.6 187.4 204.8 218.7 232.3 249.9 266.4
-1.2 -1.2 -1.2 -1.2 -1.2 -1.2 -1.2 -1.2 -1.2 -1.2 -1.2 -1.2 -1.2 -1.2 -1.2 -1.2 -1.2 -1.2 -1.2 -1.2 -1.2 -1.2 -1.2 -1.2 -1.2 -1.2 -1.2 -1.2 -1.2 -1.2 -1.2 -1.2 -1.2 -1.2 -1.2 -1.2 -1.2 -1.2 -1.2 -1.2 4.5 6.8 7.6 9.3 14.8 14.9 23 28.1 35.1 40.1 45.6 49.9 59.3 64.8 74.9 80.8 84.1 90.8 99.6 106.6 110.3 113.2 114.3 114.6 117.3 121.7 129.4 139.3 137.3 144.5 159 176.3 186.9 205.9 221.1 236.4 252.4 268.3 280.1
-1.2 -1.2 -1.2 -1.2 -1.2 -1.2 -1.2 -1.2 -1.2 -1.2 -1.2 -1.2 -1.2 -1.2 -1.2 -1.2 -1.2 -1.2 -1.2 -1.2 -1.2 -1.2 -1.2 -1.2 -1.2 -1.2 -1.2 -1.2 -1.2 -1.2 -1.2 -1.2 -1.2 -1.2 -1.2 -1.2 -1.2 -1.2 -1.2 2.7 6 8.6 10.6 15.8 21.8 24.2 30.1 29.8 38.2 49.1 55.7 59.8 65.5 73.5 82 85.8 94 102.3 109.7 116.3 118.1 120.1 125.3 127.4 130.5 135.2 143.3 157.1 150.4 158.4 175.4 190.3 202.3 218.8 234.3 250.8 270.8 284.1 289
-1.2 -1.2 -1.2 -1.2 -1.2 -1.2 -1.2 -1.2 -1.2 -1.2 -1.2 -1.2 -1.2 -1.2 -1.2 -1.2 -1.2 -1.2 -1.2 -1.2 -1.2 -1.2 -1.2 -1.2 -1.2 -1.2 -1.2 -1.2 -1.2 -1.2 -1.2 -1.2 -1.2 -1.2 -1.2 -1.2 -1.2 -1.2 1.2 6.6 10.5 14.4 21.6 25.3 30.7 36.4 40.4 44.2 44.8 55.2 62.5 70 75.4 78.3 87.6 93.5 105.8 113 118.3 122.2 124.3 128.7 137 140.9 143.5 148.9 158.1 167.4 162.4 171.6 190.2 207.9 221.6 241.6 249.8 267.1 287.1 296.9 297.8
-1.2 -1.2 -1.2 -1.2 -1.2 -1.2 -1.2 -1.2 -1.2 -1.2 -1.2 -1.2 -1.2 -1.2 -1.2 -1.2 -1.2 -1.2 -1.2 -1.2 -1.2 -1.2 -1.2 -1.2 -1.2 -1.2 -1.2 -1.2 -1.2 -1.2 -1.2 -1.2 -1.2 -1.2 -1.2 -1.2 -1.2 -1.2 7.9 18.3 21.2 26.4 31.5 35.8 41.1 46.9 50 52.6 58.4 62.2 58.3 73.7 82.6 88.8 94.3 103.7 115.3 120.6 123.2 128.4 133.4 138.6 144.6 149 156.4 165.2 173.9 178.3 171.4 185.1 199.7 221.3 240 256.5 268.1 283.5 303.7 308.6 310.5
-1.2 -1.2 -1.2 -1.2 -1.2 -1.2 -1.2 -1.2 -1.2 -1.2 -1.2 -1.2 -1.2 -1.2 -1.2 -1.2 -1.2 -1.2 -1.2 -1.2 -1.2 -1.2 -1.2 -1.2 -1.2 -1.2 -1.2 -1.2 -1.2 -1.2 -1.2 -1.2 -1.2 -1.2 -1.2 -1.2 -1.2 8.3 18.7 26.7 29.9 34.2 40.6 44.9 51.5 55.5 58.4 63.4 69.6 75.8 72.8 75.9 82.9 94.9 101.4 112.3 120.5 125.6 129.1 134.5 138.2 142.7 149.9 159.2 170.2 180.9 186.6 183.4 185.1 200.8 214.9 232.9 252 271.2 279.9 297.3 314.2 322.3 324.1
-1.2 -1.2 -1.2 -1.2 -1.2 -1.2 -1.2 -1.2 -1.2 -1.2 -1.2 -1.2 -1.2 -1.2 -1.2 -1.2 -1.2 -1.2 -1.2 -1.2 -1.2 -1.2 -1.2 -1.2 -1.2 -1.2 -1.2 -1.2 -1.2 -1.2 -1.2 -1.2 -1.2 -1.2 -1.2 4.4 11.4 18.8 27.3 33.2 36.8 43.8 49.3 56.6 58.9 62.1 69.9 72.1 79.1 84.5 86.2 90.5 97.1 100.7 108 118.9 124.9 128.8 134.5 138 143.1 148.2 158 174.1 185.3 193.4 194.1 188.2 200.5 214.3 224.9 243.9 263.7 281 289 304 324.5 331.5 327.9
-1.2 -1.2 -1.2 -1.2 -1.2 -1.2 -1.2 -1.2 -1.2 -1.2 -1.2 -1.2 -1.2 -1.2 -1.2 -1.2 -1.2 -1.2 -1.2 -1.2 -1.2 -1.2 -1.2 -1.2 -1.2 -1.2 -1.2 -1.2 -1.2 -1.2 -1.2 -1.2 -1.2 -1.2 7 11.9 23.8 28.3 36.5 43.3 47.8 54.5 57 62.2 65.8 72.1 80 83.5 89.1 91.4 98.8 102.5 111.5 108.4 115.6 122.8 128.8 137.4 140.9 144.1 148.6 160.9 175.5 187.7 195 200.5 196.4 198.9 213.5 225.9 237.2 252.7 270.3 285.5 293.6 311.4 327.2 328.7 328.8
-1.2 -1.2 -1.2 -1.2 -1.2 -1.2 -1.2 -1.2 -1.2 -1.2 -1.2 -1.2 -1.2 -1.2 -1.2 -1.2 -1.2 -1.2 -1.2 -1.2 -1.2 -1.2 -1.2 -1.2 -1.2 -1.2 -1.2 -1.2 -1.2 -1.2 -1.2 -1.2 -1.2 10.9 16.1 23.5 29.5 36.7 46.1 52.5 58.1 64 64.4 68.3 73.7 81.8 88.1 92.8 98.5 105.4 109.1 113.2 120.6 123.3 119.6 129.9 138.5 145.2 148.5 148.5 158.4 173.5 186 195.5 198.7 197.8 201.2 210.7 220.1 232.5 245.1 259.1 275.7 290.9 297.3 310.5 317.9 322.8 320.3
-1.2 -1.2 -1.2 -1.2 -1.2 -1.2 -1.2 -1.2 -1.2 -1.2 -1.2 -1.2 -1.2 -1.2 -1.2 -1.2 -1.2 -1.2 -1.2 -1.2 -1.2 -1.2 -1.2 -1.2 -1.2 -1.2 -1.2 -1.2 -1.2 -1.2 -1.2 -1.2 11.8 22.3 28.6 33.2 38.8 46.5 54.6 61.2 65.2 68.8 69.4 75 82.5 91 96.6 105.1 112.1 115.5 119.9 123.3 127.4 133.6 134.1 135.9 145.7 150.2 154.5 158.1 164.4 181.4 192.3 198.6 199.1 203.4 210.2 219.5 229.8 242 250.5 261.9 276.1 285.9 293.1 301.3 305.2 307.7 309.4
-1.2 -1.2 -1.2 -1.2 -1.2 -1.2 -1.2 -1.2 -1.2 -1.2 -1.2 -1.2 -1.2 -1.2 -1.2 -1.2 -1.2 -1.2 -1.2 -1.2 -1.2 -1.2 -1.2 -1.2 -1.2 -1.2 -1.2 -1.2 -1.2 -1.2 7.1 10.9 19.7 28.9 34.7 43.7 48.7 57.1 62.7 70.3 76 72.5 75.3 83.3 92.7 99.7 109.1 116.3 123.4 125.8 132.1 134 136.8 139.9 146 135.3 145.5 153.5 158.8 165 175.5 181.8 189.8 196.1 202.8 209.6 217.1 226.7 237.1 247.1 251.5 264.2 273.5 279.9 286.1 289.7 292.6 296.1 301.3
-1.2 -1.2 -1.2 -1.2 -1.2 -1.2 -1.2 -1.2 -1.2 -1.2 -1.2 -1.2 -1.2 -1.2 -1.2 -1.2 -1.2 -1.2 -1.2 -1.2 -1.2 -1.2 -1.2 -1.2 -1.2 -1.2 -1.2 -1.2 -1.2 7.1 13.2 21.9 28.1 34.6 43 51 60 67 73.3 80.2 77.4 79.5 85.8 94.3 101.1 112.5 120.1 124.8 131.2 137 142.1 143.4 143.4 153.4 158.5 154.4 154.5 153.4 165.9 171.6 178.1 187.4 195.7 203.3 207 214.2 222.1 231.4 240.5 247.5 251.9 260.8 267.8 272.8 277.8 281.1 283.5 288.1 294.8
-1.2 -1.2 -1.2 -1.2 -1.2 -1.2 -1.2 -1.2 -1.2 -1.2 -1.2 -1.2 -1.2 -1.2 -1.2 -1.2 -1.2 -1.2 -1.2 -1.2 -1.2 -1.2 -1.2 -1.2 -1.2 -1.2 -1.2 4.4 9 17 25.3 33.8 40.6 42.4 52.6 60.8 69.2 77 81.1 82.4 82.5 87.9 95.4 103.1 112.5 123.3 129.5 136.3 141.7 146.3 150.1 150.8 154.1 159 164.4 158.6 159.4 164.6 170.7 179.4 186.9 190.4 205 208.9 211.4 217.3 225.6 235.4 241.7 246.2 251 256.8 263.4 269.5 273.7 274.8 280.1 287.9 291.1
-1.2 -1.2 -1.2 -1.2 -1.2 -1.2 -1.2 -1.2 -1.2 -1.2 -1.2 -1.2 -1.2 -1.2 -1.2 -1.2 -1.2 -1.2 -1.2 -1.2 -1.2 -1.2 -1.2 -1.2 0.9 1.3 6.3 12.2 20 29 35.2 42.9 46.1 49.5 62.2 69.8 78.9 82.9 85.9 85.9 91.1 99.3 108.2 117.3 123.7 132.4 138 145.2 147.9 151 155.2 160.4 162.5 167.5 165.5 165 165.5 173.4 179.2 184 192.4 200.8 208.2 211.2 214.2 219.8 226.8 234.5 240.5 244.4 250.1 255.7 262.6 267.5 271 277 283.9 287.9 289.1
-1.2 -1.2 -1.2 -1.2 -1.2 -1.2 -1.2 -1.2 -1.2 -1.2 -1.2 -1.2 -1.2 -1.2 -1.2 -1.2 -1.2 -1.2 -1.2 -1.2 -1.2 4.8 6.7 5.1 6.8 8.2 16 24.9 32.8 40.9 46.7 50.9 54.7 63.2 69.3 77.7 84.4 86.9 90.2 96.3 103.5 111.5 117.7 124.2 131.2 140 146.3 152.2 153.3 157.7 162.7 167.6 169.8 167.8 165.5 167.1 173 177.1 184.7 191.4 195.5 202.8 206.2 212.9 215.2 220.7 227.3 234.8 240.6 244.5 251.2 256 265.5 267.5 270.6 275.9 281.8 285.1 288
-1.2 -1.2 -1.2 -1.2 -1.2 -1.2 -1.2 -1.2 -1.2 -1.2 -1.2 -1.2 -1.2 -1.2 -1.2 -1.2 6.9 3.8 3.5 4.4 8 10.1 12.7 11 12 18.1 25.6 35.2 39.7 48.9 53.5 57.6 65 71.7 78 83.2 87.7 93.9 100.5 105.7 112.2 119.9 128 134.3 140 146.8 152.1 156.8 161.2 168.2 172.2 171.3 169.1 168.6 171.5 174.9 177.9 184.9 190 193 201.1 205.4 208.4 214.9 219.2 221 229.2 236.8 239.7 243.4 247.5 255.9 261.8 268.4 272.4 275.9 279.4 283.3 286.5
-1.2 -1.2 -1.2 -1.2 -1.2 -1.2 -1.2 -1.2 -1.2 -1.2 -1.2 -1.2 -1.2 -1.2 -1.2 3.1 8.7 6.7 6.6 9.3 15.7 19.1 19.8 21.4 25 25.1 29.7 40.8 50.7 57.3 61.4 67.4 73.5 77.7 84.9 90 94.3 101.8 111.2 117.4 122.3 129.1 135.5 142.1 148.2 153.7 158.7 163.3 170.9 173.9 174.4 171.4 171.9 172.2 179.2 183.5 185.8 190.4 194.2 200.8 205.6 209.9 212.2 215.8 223.2 228 232.7 238.4 242.4 246.9 253.8 259.8 266.7 269.8 270.9 274.3 277.6 280.5 283.4
-1.2 -1.2 -1.2 -1.2 -1.2 -1.2 -1.2 -1.2 -1.2 -1.2 -1.2 -1.2 -1.2 -1.2 5.6 8.3 14.8 10.9 12.8 18.5 22.6 25.4 24.9 28.8 31.3 36.3 42.2 45.3 57 63.7 69.8 76.7 81 84.5 90.2 101.9 102.3 111.2 119.2 124.3 128.5 134.7 142.1 150.4 156.1 157.1 162.7 170.3 175.2 177.6 173.9 174.2 176.3 181.6 186.7 189 195.9 196.9 204 209 214.5 218.1 221 220.5 226 233.3 239.4 244.6 248.5 251.1 257 264.7 267.4 270.5 274.4 276.5 277.8 281.6 285.3
-1.2 -1.2 -1.2 -1.2 -1.2 -1.2 -1.2 -1.2 -1.2 -1.2 -1.2 4.6 5 10.8 12.1 15.8 12.8 14.7 19.8 23.4 28.7 30.3 33.5 34.6 38.4 44.1 49.6 55.9 62.4 68.7 77.3 83.7 88.9 92.1 100.5 107.6 112.2 117.7 124.4 132.4 137.8 144.6 149.7 157.2 160.4 162.8 168 173.8 177 175.9 176.1 180.2 186.9 191 196 205.1 209.6 210 214.3 218.9 223.9 225.4 224.3 229.5 233.6 240.1 246.7 250.8 255 257.8 260.1 266.4 270.7 274.4 278.4 281.1 283.6 286.5 287.9
-1.2 -1.2 -1.2 -1.2 -1.2 -1.2 -1.2 -1.2 -1.2 -1.2 3.8 7.5 11.2 16 15.4 16.7 15.7 20 24.6 29.6 32.1 36 38.7 43.4 47 50.3 57.7 63.4 69.4 76.8 83.8 89.2 94.9 99.9 105.1 115.3 119.3 122.2 129.8 135.9 144.6 149.7 157.2 161.1 164.2 170.2 174.3 176.1 175.4 178.4 184.2 194.4 199.8 201.3 207.1 215.8 220.8 224.2 222.2 228.2 228.6 231.5 233.9 236.2 240.9 246.8 252.9 257.3 260.9 262.6 267.5 272.9 276.2 281.9 284.1 288.4 289.6 290.8 291.5
-1.2 -1.2 -1.2 -1.2 -1.2 -1.2 -1.2 -1.2 -1.2 5 8.9 12.2 16.5 18 19.8 20.1 21.8 26.4 30.4 33.1 37 42 45.5 49.9 56 60.7 64.7 70.7 80.9 87.4 88.7 95.5 101.3 106.9 112.9 117.5 122.5 126.3 133.1 140.5 148.8 154.9 160.5 165.7 170 172.2 173.6 173.8 178.1 185.4 198.6 208.2 211 214.5 219.4 225.4 229.3 231.1 233 234.5 235.9 239.3 239.8 243.4 250.4 254.8 259.1 262.3 265.7 269.1 274.2 278.6 284.6 286.6 290.1 291.7 293.7 295.4 295.1
-1.2 -1.2 -1.2 -1.2 -1.2 -1.2 -1.2 -1.2 6.3 9.3 14.7 16.3 19.6 22.7 25 25.1 29.6 33.3 35.9 39.2 43 49 52.4 57.7 62.7 66.8 74.1 81.8 89.2 92.8 98.4 100.5 107.6 111.8 118.3 124.4 127.5 133 137.8 145.4 151.8 155.3 159.5 165.6 169.2 170.4 174.1 178.9 188.5 197.7 209.7 221.3 223.8 228.2 234.1 233 234.1 237.7 240.9 242.7 243.8 246.5 248.6 246.3 254.7 260 264 268.7 273.1 275.6 281.5 285.6 290 293.4 295.7 298 298.9 301.3 300.6
4.6 1.4 -1.2 -1.2 -1.2 -1.2 4 7.6 10.4 14.3 18.8 18.6 22.9 26.3 28.1 31.6 33.9 37.2 41.2 45.3 50.8 56.1 59.8 63.8 68.4 74.9 85 88.2 94.4 97.4 105.4 109.7 111.2 120.4 125 129.1 133.7 138.9 144.6 150.2 154 158.5 161.5 165.7 170.3 173.1 178.4 190.6 202.2 208.9 222.5 235.3 236.5 240.9 243.9 238.3 242.6 247.1 249.7 249.2 249.2 251.7 253.4 256.9 259.9 265.9 272 274.5 279.9 284.1 288.6 294.2 298.3 301.6 304.4 306.4 308.3 307.3 307
7.5 8 6.6 4.8 3.9 6.8 10 13.6 18.8 19.6 19.9 22.3 25.2 28.8 31.5 35.2 39.7 42.3 47.2 50.7 55.1 61.1 66.6 72.6 80.1 83.4 90.5 96.8 98.7 105 111.8 115.3 120.4 124.1 129.9 132.9 136.7 144.1 147.4 151.2 154.6 159.5 164.1 171.7 177.3 184.7 192 201.2 213.9 219.6 232.5 239.7 242.6 246.4 243.5 248.6 249.4 252.4 252.3 254.7 254 256.8 260.4 264.1 268.9 274.9 279.2 282.8 288.6 292.1 299 300.2 306.9 310.3 312.9 314.3 314.9 313.6 314.7
13.8 11.7 11.4 8.1 9.8 11.4 16.7 22 24.2 23.1 23 25.3 28.4 33.5 34.8 38.6 42.8 46.8 52.7 57.3 60.4 65 72.3 79.3 86.7 90.4 95.1 100.3 106.6 109.7 115.9 120.8 123.5 127.1 133.6 136.1 141.4 145 148.3 152.7 157.4 164.8 168.7 177.8 189.1 200.6 205.7 209.5 220.9 228.6 235.9 243.6 247.7 245.7 249.1 254 255.4 255.5 258.5 258.9 258.4 261.8 266.3 270.9 274.5 281.5 286 291.6 297.6 300.8 307.2 309 314 319.6 321.3 320.2 319.2 320.4 317.9
