data/200000-920000.asc
ncols 200
nrows 200
xllcorner 200000
yllcorner 920000
cellsize 50
[rows 38 to 75 of 200, columns 86 to 171 of 200]
17.6 17.9 25.8 30.7 32.6 31 28.3 35.3 32.1 32.4 33.9 47.7 49.3 50.2 48 46.9 48.4 49.8 47.5 47.1 49.5 49.7 51 50.6 49.2 50.5 57.4 71 77.8 80.8 85.2 90 100.4 108.8 108.3 103.1 104.3 114.2 112.1 103.6 92.5 86.7 78.7 81.9 82.1 86.8 95.2 105.3 130.5 141.8 145.7 143.2 142.7 138.2 134.3 131.4 134.3 136.4 129.9 123.8 124.2 126.3 130.5 122.4 119.5 120.9 120.1 121.9 125.2 129.4 124.6 122.9 123 124.8 127.3 125.1 125.5 126.3 123.6 123.6 131.5 134.4 134.4 135.4 131.8 123.9
17.3 22 27.2 32.6 30.8 26.8 35.1 40.1 39.3 41.6 49.5 49.7 48 46.2 46.2 46.2 46.2 46.2 46.2 46.2 46.2 46.2 47 46.2 46.2 46.4 61.3 71.8 80.2 91.9 101.2 109.6 119.5 120.1 129.7 127.3 118.4 108.4 100.3 95.3 84.1 80.1 76.1 76.3 89.2 92.5 96.3 134.8 154.4 162.4 166.2 160.5 152.9 147.2 144.3 141.3 136.2 129.8 127.9 128.1 127 124 124.8 120.6 119.8 119.3 123.9 128 126.9 122.6 121.6 121.6 121.6 121.6 123.1 121.6 134.5 134.4 130.6 136 137.4 138.3 137.6 135.8 133.8 121.2
23.3 22.1 21.1 26.8 27.4 28.3 36.9 39 38.3 46 47.1 46.2 47.5 49.3 46.2 46.2 46.2 46.2 46.2 46.2 47.7 46.2 46.2 46.2 46.2 66.1 84.2 90.6 96.8 99.7 105.9 112.7 119.8 136.2 134 123.1 110.2 97.6 91.8 86.6 78.8 72 71 76.5 85.3 89.5 117.1 164.5 174.7 173.6 169.9 160.8 157.6 156.4 156.8 152.9 142.8 134.2 127.2 125 123.8 122.8 120.4 119.3 119.3 127.4 130.4 131.3 130.5 127.1 124 122.1 121.7 131.4 121.6 123.9 124.4 126.3 144.7 156.9 153 145.1 143.2 139 125.7 118.1
25.7 29.6 26.4 35.8 32.5 36.7 36.7 39.1 48.6 56.7 59.5 55.9 53.2 52.5 50.2 51.1 46.2 46.2 46.2 46.2 46.2 46.2 46.2 46.2 46.2 63.2 75 83 89.9 95.8 104 118.2 125.2 122.6 118.1 114.3 102.7 94.7 89.2 79 73.8 68.8 69.7 71.1 75.3 87.9 141.3 156.6 164.2 163.9 162.3 160.8 160.5 159.9 159 157.3 150.7 136.3 124.5 124.1 123.4 124 122.3 120.6 128.2 138.9 139 137.5 136.8 134.5 133.8 131.1 131.5 128.3 126.1 121.7 121.6 121.6 136.8 151.8 162.6 163 153.5 141.5 126.1 119.3
23.4 20.7 41.9 39.5 39.6 38.8 48.7 57.1 66.8 69.1 67.6 61.9 54.8 58.3 60.3 59.8 54.9 53.6 49.9 46.3 46.2 46.2 46.2 49.7 75.9 77.6 79.1 85.4 92.4 96.6 101.8 105.8 109 106 113 106.7 95.7 86.5 80.3 75 70.6 68.1 69.1 70.9 73.9 94.7 134.6 148.6 157.2 160.6 163.8 163.1 163.2 158.8 156.7 153.7 140.2 126 123.6 123.2 124.4 126.1 124.7 127.8 136.8 142.3 145.3 143.1 143.7 136.6 131.5 129.6 128.9 131.1 141.5 135.6 126.7 126.2 126.5 139.4 165.1 174.1 158.3 142 128.6 122.1
15.1 30 48.9 48.3 52.5 66.4 69.9 66.7 66.4 71.1 69.9 61.7 60.5 68.5 66.9 63 61.2 62.5 58.7 60.9 59.1 58.8 59.4 77.9 85.9 89.4 87.1 88.9 93.9 92.3 97.4 93.3 93.8 96 100.2 91.6 87.5 83.3 78 71.8 68.3 68.6 72 71.4 73.2 99.4 126.2 140.3 146.9 158.3 163.6 169 165.6 160.7 158.2 145.5 131 124 124.9 129.6 127.5 128.8 127.3 136.2 140.2 145.5 146.7 147.6 146.5 143.6 149.6 154.8 152.6 146.5 155.8 155.9 149.1 135.9 134.5 144.6 160.5 164.4 150.1 136.1 128.4 131.6
17 33.9 42.7 50 63.2 75.1 78 74.6 70.6 67.4 66.8 67.7 71.6 72.2 83.3 70.3 71.3 69.3 64.8 62.2 64.3 76.3 79.6 87.8 95.4 93.7 92.2 91.7 90 87.7 86.6 82.8 77.2 82.5 80.6 80.5 76.8 72.3 74.1 68.5 70.2 69.8 73.3 73 74.1 99.9 123.8 139.3 154.6 158.7 167.6 172.1 166.1 157.9 153.9 148.2 134 134.6 130.9 131.5 128.9 123.8 130.4 143.3 146.9 147 144.7 144.7 143.6 157.9 169.5 170 164.6 165.3 165.8 168.7 166.5 158.3 153.2 152.2 152.8 155.7 147.7 135.5 134.5 143.4
21.7 25.2 36.5 47.4 65.2 72.9 75.6 74.4 75.1 71.3 74.1 82.4 79.1 80.3 79.1 76.3 76.2 70 68.2 67.3 81.7 85.7 87.8 91.6 89.3 89.9 90.6 92.6 90.7 83.6 79.5 72.2 65.4 66.8 68.3 77 65 66 67.5 70.6 70.2 72.2 76 75 80.1 103.2 134.4 149.4 154.8 159.8 163.6 162.2 157.2 156.7 156.3 151.8 146.2 151.8 147.9 144.2 134.4 130 135.7 146.9 149.9 143.6 143.6 143.6 167.1 177 178.3 173 170 172.1 173.6 171.6 169 165.9 163.7 164.7 158.5 150.7 141.3 139.9 141.2 137.4
20.8 27.1 34.1 41.1 53.6 62.5 73 69.9 71.4 69.3 71.4 75 77.3 80.6 93.7 88 79.1 72.2 74.9 78 90.2 96.8 94 99.4 93.1 88.5 88.5 86.9 86.9 79.5 69.1 58.1 61.7 63 72 62 80.8 72.7 73 79.7 73.2 70 69.8 84.6 99.8 118 140 157.3 154.8 156.1 157 163.6 159.9 156.3 152 148 148.8 159.6 156 152.2 146.9 145 146 149.4 149.1 146 151.8 160.5 177.6 183.5 181.8 176.7 171.6 173.3 174.4 173.6 174.6 171.1 167.3 162 153.9 148.2 147.1 151.6 151.9 152.9
17.9 21.5 27.5 33.3 44 47.4 57.1 64.8 66.8 68.3 68.6 71.6 73.8 76.4 83 81.6 82.3 77.2 80.7 88 94.2 97.6 102.5 99.5 94.1 87.7 84.3 79 73 65 56.8 56.3 60.2 66.2 62.5 60.8 81.6 82.2 79.6 84.7 71 65.9 66.7 82.6 114.1 134.1 141.8 137.9 132.7 142.3 155.9 157.6 153.2 152.3 153 146 144.3 143.5 153.3 153.2 154.1 150.1 148.2 148.7 150.8 175.2 172.4 174.1 188 187.4 181.5 179.4 172 169.9 174.7 177.3 174.6 168.7 161.6 156.8 154.7 153.3 156.2 155.5 154 154.5
12.9 19.2 21.8 26.6 33.2 34.3 45.2 58.7 64.6 73.6 76.9 75.2 75.2 78.6 87.7 82.7 86 87.4 88 92.4 95.5 100.2 93.9 89.6 86.3 82.1 77.1 72.1 66.5 57.6 56.3 56.3 59.8 60.8 61.1 81.5 90.6 87 81.8 79.5 66.4 63.3 68.7 99.2 113.4 115.9 115.7 109.1 118.4 130.4 146.4 144.7 140.5 144.2 134.5 124.3 134 142.1 147 145.7 150.5 145.4 142.4 166.2 178.5 184.2 181.5 181.5 191.6 184.8 180.1 180.8 173.6 171.5 177 177.6 175.6 168.4 162.5 158.1 152.8 151.7 152.3 153.8 153.3 153.4
13.9 18.6 22.5 25.1 32.1 54.6 61.4 66.7 68.7 64.3 69.4 74.3 83.6 89.5 83.8 84.1 87.3 88.6 94 96.9 97.8 91.3 86.1 87.2 87.8 78.2 72.1 65.3 57.9 56.3 56.3 57.1 58.1 66.6 79.9 81.6 81.3 84.5 76.8 72.3 63.7 63.4 84.2 99.7 99.8 103.7 105.7 108.3 109.5 122 133.9 128.9 120.9 115.2 109 111.9 132.3 132.2 139.6 143.8 141.8 133.8 159.4 176.9 184.9 194.3 195.2 195.6 196.3 188.5 184.1 178 172.2 172.5 172 172.7 173.9 173.9 165.9 159.3 153 150.7 149.4 151.4 151.6 152.1
18.2 24.8 30.8 32.9 34.9 49.4 56.2 59.9 63.3 64.8 67.4 86.4 98.3 95.2 90.8 86 93.2 89.2 89.2 93.9 89.9 83.2 82 87.2 80 76.5 68.6 58.2 56.3 56.3 58.1 58.9 65.4 71.3 79.1 77.3 75 74.8 73 65.4 63.3 63.5 88.8 92.2 105.8 111.5 112.5 106.6 103.1 113.9 113.8 110.7 104.1 98.9 92.7 108.9 116.6 133.3 144.5 129.4 124.7 121.8 157.4 180.4 193 197 199.1 197 191.6 190.7 189.9 182.8 176.8 172.4 173.9 176 175.6 177 165.5 155.6 152.8 151.7 149.9 149.7 151.5 147.6
22.2 34.3 45.3 36.3 39.2 42.7 48.4 52.6 56.1 64.4 70.8 86.7 96.4 88.8 91.1 93.2 87.9 92.3 90.5 88.1 84.4 77.5 74.9 74.6 74.2 67.9 59.1 56.3 56.3 57.2 61.3 66.5 71.9 73.8 74 73.7 71.3 68.2 64.9 62.9 63.4 67.1 90.9 110 118 117.7 113.5 102.5 92.6 89.5 91.7 93.7 90 86.1 86.7 101.9 110.5 126.6 129.8 116.3 111.9 112.8 154.3 186.9 191.1 194.8 195.2 194.8 196.5 194.2 191.4 187.2 178.5 170.2 174.4 172.8 169 165.3 156.7 151.2 145.8 145.2 146.5 146.1 141.8 141.3
27.4 43.4 49.4 39.8 44.4 52.9 58.6 51.8 54.7 61.5 66.8 67.1 76.3 83.7 92.2 85.7 86.5 86.6 83.7 81.3 85.6 78.2 67.8 66.4 63.6 57.2 57.9 59.5 66.3 66.6 69.6 72.3 73.4 71.2 69.9 65.8 63 61.7 62.5 62.5 63 90.7 116.7 125.1 118 109.9 99.8 92.3 85.7 82.4 82.5 84 81.8 83.3 84.9 98.4 117.2 125.1 117 106.5 102.6 115 149 171.2 184.9 191.6 192 201.7 203.9 197.2 193.2 185.6 178.8 163.9 158.1 153.3 150.5 146.4 144.9 141.7 141.5 143.7 144.2 142.7 141 138.5
27.3 39.2 44.7 47.9 54.6 56.6 57.8 54.2 56.8 58.3 56 56.6 63.4 69.4 75.5 83.8 85.4 84.8 80.4 77.9 76.2 68.6 62.4 59.3 55.2 59.7 64.8 71 77.1 68.7 66.6 77.6 74.4 70.8 64.6 61 61.2 61.4 63.2 63.9 67.7 91.1 104.7 105.5 110.3 106 91.1 81.9 80.3 80.5 79.7 80.1 81.7 83.3 103.7 111.9 98.2 106.4 101.8 98.4 96.3 111.1 136.4 164.5 190.1 188.2 191 195.1 198.7 191.1 185.4 180.2 171.7 160.8 147 142.4 142.7 138.9 136.8 138.8 139.5 141.4 140.2 138.2 137.9 137.8
22.5 36.8 50.9 47.5 50.7 53.3 55.1 55 56.4 59.1 53.6 58.3 61.6 61.5 69.4 91.1 89.2 80.7 80 75.8 72.9 65.1 59.3 54.7 62.7 63.4 64.4 70.1 69.5 63.8 56.3 65.7 70.7 62.8 57.6 60 64.6 68.2 62.7 61.5 77.9 88.3 82.9 96.1 90 83.5 80.6 75.5 77 77.5 79.5 79.9 81.1 89.7 110.9 102.5 93.1 93.8 96.5 96.6 94.5 94.8 117.4 156.7 169.2 166.6 179.6 191 175.1 178.7 177.2 172.6 166.1 160.3 143.8 138.6 138.6 136.7 137 135.9 134.9 136.8 135.5 136.6 137.6 137
22.7 40.3 53.4 52.1 57.1 55.5 52.5 52.7 52.4 56.4 53.3 54.2 54.9 59.8 79.1 82.7 83.8 79.3 78.2 75.2 67.7 58.4 57.3 55.8 59.7 55.4 54.1 57.9 59.1 55 54.5 55.2 55.4 56 56.4 58 56.5 57.3 57.5 57 74.4 74.1 75.4 74 72.2 71.8 74.1 70.1 74.4 78.4 79.3 76.4 72.9 88.1 89.8 88.5 88.3 91.6 94.6 94.6 94.3 92.9 100.9 136.7 142.6 152.3 169.1 172.2 162.3 171.7 168.3 161.6 161 154.6 143.4 135.2 135.7 134.3 132.3 135.4 133.5 134 137.1 143.7 136.3 130.3
25.8 47.2 55.8 56.1 59.6 58.6 56.6 59.3 61.1 55.6 53.7 53 57.6 65.4 69.5 72.4 76.5 76.6 67.9 65.9 60.9 56.7 52.3 53.7 52.6 51.7 56.7 54.8 52.3 51.9 53.3 56 56.3 61.1 59.2 57.4 56.2 55.4 52.8 52.8 59.8 63.5 71.2 68 63.3 62.7 63.5 71.3 76.3 74.9 74.1 71.6 79.5 89.8 98.3 91.8 91.5 94 91.4 92.4 97 95.5 100.9 110.2 120.5 138 155.1 155.5 157.1 160.9 154.4 152.9 144.4 141.1 134.1 133.1 131.5 131.5 131.5 141.3 142.1 143.5 148.1 144.8 131 129.7
23.1 42.9 55.7 64.6 61.4 54.8 60.4 59.2 62.2 58.7 56.5 54.6 58.8 65.3 68.2 72.3 74.5 64.9 59.2 56.3 51.5 46.7 44.3 45.1 50.2 54.2 52.5 48.2 49.5 51 53.7 58.7 61.9 62.6 58.6 56.1 56.8 56.3 52.8 52.8 66.5 65 62.5 58 60.1 63.1 65.7 74.2 71.8 72.2 70.2 71.8 94.4 97.7 96.2 95.5 102.4 104.6 101.1 95.7 99.8 98.3 96.3 102.8 117.6 127.1 133.7 138.6 148.4 148 142.8 141.6 137.4 129.1 130.1 133.8 136.9 134.6 132.2 136.8 137.5 140.6 140 135.3 130.8 140.7
28.5 36.5 45.3 51.6 49.1 54.3 61.7 68.6 65.8 60.6 58.2 57.7 62 63.8 65.1 63.7 61 59.1 56.2 55.1 53.4 53.5 48.1 42.3 47.2 46.8 54.5 51.8 54.8 55.8 59.8 61.1 64.8 63 58.8 58.7 52.8 52.8 52.8 57 69.6 61.2 54.5 57.2 71.8 75 74.7 68.6 69.8 77.7 73.9 73.4 100 103.3 104.1 107 112.6 109.7 98.3 96.6 101.2 103.5 94.9 105.1 119.1 122.2 132.2 138.4 141.2 140.2 137 136.1 128.5 128.5 128.6 128.7 134.2 134.3 136.2 139.2 138.2 141.8 134.9 128.6 130.5 143.6
52.9 45.2 38.3 40.2 45.9 52 61.9 71.7 68.3 65.1 58.3 57.6 60.9 64.6 72 70.4 59.4 56.7 59.5 55.4 50 47 46.3 41.2 42.3 52 55.1 59.2 60 66.3 67.6 69.3 69.4 62.8 61 54 52.8 56.8 52.8 52.8 61.6 53.3 58.7 75.8 80 84.2 78.9 71 68.8 70 68.9 70 98.4 106.2 107 107.2 107.7 106.1 98.1 98.3 112.7 109.8 96.9 97.2 117.7 127.4 130.4 130.2 126 124.8 127.8 126.2 130.5 137.8 134.8 130.3 128.6 132.6 137.2 137 133.5 128.6 128.6 128.6 144.3 162.8
51.5 46 44.4 38.7 42.1 52 57.2 63.6 66.6 62.3 54.1 58.9 59.3 64.7 63.3 65.8 59.4 54.9 50.3 42.9 39.7 42.3 42.9 40.8 43.8 55.8 62.1 59.8 59.7 66.3 67.3 66.6 60.6 57.7 54.5 52.8 56.4 55.9 54 52.8 52.8 56.2 63.7 72.6 80.3 79.2 80.5 76.8 70.7 71.8 68.9 68.9 90.6 96 101.5 106 105.9 102.8 100.5 114.9 125 123.4 111.4 107.7 118.4 130.7 125.5 116.2 122.4 128.6 134 139.8 143.6 138.3 143.4 140.2 130.9 128.6 128.7 128.7 128.9 130.6 142.6 161.4 180 188.4
52.8 41.4 38.9 37.8 46.9 65.4 65.8 58.6 57.8 49.9 51.5 71.9 75.5 72.1 64.5 55.8 52.7 51.8 41.6 39.7 39.7 39.7 41.4 44.5 44.7 62.5 60.7 60.2 60.7 71.4 65.4 60 57.3 59.9 59.1 53.4 63.6 55.6 52.8 52.8 52.8 55.9 66.7 74.3 83.3 80 76.4 75 78.3 76 68.9 68.9 78.3 82.4 91.6 105 111.3 114.4 106.8 127.3 135.1 132.6 126.6 116.4 122.3 123.6 116.2 116.2 134.5 138.4 140.3 143.1 137.5 135.7 141.5 139.2 133 128.6 128.6 128.6 138.7 156 173.5 189.6 201.4 203.1
43.9 33.7 33.5 33.5 44.6 63 63.5 58.2 51.6 48.4 54.5 69.3 74.2 69 61.4 50.7 41.8 39.7 39.7 39.7 47.3 42.7 39.7 43.4 59.6 60.9 61.2 63.2 67 67.8 66.5 59 59.4 56.9 59.7 71.1 62.3 52.8 52.8 52.8 56.5 52.8 63.1 76.7 82 76.6 72.8 75.7 74.1 68.9 68.9 68.9 78.3 79.1 100.3 120 122.6 117.5 117.9 130.6 136.8 142.1 131.8 118.9 117.3 116.2 116.2 138.6 143.9 142.1 134.5 134.1 130.5 137.1 144 129.7 128.6 128.6 128.6 128.7 161.5 178.9 192.1 195.9 200 198.9
22.3 24.6 36.6 39.2 41 49.8 48.2 49.1 39.7 39.7 41.8 55.6 58.5 55.5 65.8 64.6 48.1 39.7 39.7 39.7 42.6 39.7 48.5 59 61.8 61.2 64.4 65.6 69 66.1 64.2 66.9 57.8 52.2 61.2 59 61 53.5 63.9 71 67.3 56.2 52.8 69.2 83.4 80.9 72.8 72.9 76.5 68.9 69.5 68.9 75.3 76 114.4 132.1 130.5 118 116.6 128 135.8 142.1 133.1 122.1 117.2 125.2 135.1 144.6 145.8 140.7 130.5 132.8 132.8 142.6 140.3 135.6 128.6 129.7 136.3 161.4 170.9 179.5 186.7 189.3 190.7 177.5
33.6 47.7 44.5 49.8 48.4 43.9 48 46.7 39.7 39.7 39.7 43.3 42.4 48.7 64.6 61.9 47.8 39.7 39.7 39.7 39.7 41.5 43.7 50.8 62.8 65 60.5 57.9 59 62 66.5 68.5 55.9 50.3 55.2 59.5 62.4 67.1 73.6 82 77 72.9 63 75.4 75.9 74.7 73.2 81.3 83.9 71.2 73.5 68.9 70.5 90.1 124.3 134.3 129.1 117.2 111.1 122.5 126.3 139 142.2 132.9 134.6 134.2 142.5 143.5 137 133.7 133 136.6 135.6 143.4 152.2 146.8 146.4 142.9 156.8 163.5 171.9 177.2 175.6 175.8 170.4 162.9
40.8 52.5 49.9 52.6 61.2 65.1 55 48.6 44.1 40.2 39.7 39.7 39.7 39.7 50.9 51.7 39.7 40.9 51.7 47.2 47.6 57.3 42.7 46 58.2 61.2 63 57.4 58.7 67.7 67.1 63.2 52.2 56.5 60 62.7 70.5 77.2 81 85.8 78.8 79 74.9 77.2 76.3 76.2 72.9 72.9 73.5 72 73.4 74.5 77.5 107.2 119.4 118.6 114.7 105.7 102.6 121.2 140.4 149 142.8 130.8 132.5 133.9 133.7 133.7 129.1 126.4 132.2 148.1 150.5 157.8 156.9 145.3 145.2 163.1 165.4 169.4 171.5 171.5 163.5 156.1 156.2 159.5
49.6 46.5 52.8 56.1 59 55.7 58.4 57.8 51.9 45.6 40.5 40.4 39.7 39.7 39.7 39.7 39.7 39.7 39.7 39.7 39.7 39.7 39.7 40 46.5 46.1 45.8 48.3 58.5 59.6 59.6 49.3 55.9 79.8 73.7 74.8 81.6 89 91 92.4 85.8 85.8 78.6 87.3 90.9 85.3 83.3 93.8 79.8 73.7 74.5 75.6 76.9 77.9 104.2 107.3 103.3 99.9 102.1 138.2 148.2 148.2 141.8 130.7 123.4 120.1 117 116.1 129.1 130.6 134.2 149.2 161.9 157.2 151.8 141.4 144.6 160.6 161.1 162.2 157.7 152.7 146.7 142.8 164.4 151.1
45.2 36.9 43.8 57.4 59 52.5 40 45.7 47 36.5 43.6 46.6 48.7 43.3 43.2 41.5 49.3 54.2 51.6 44 39.7 39.7 39.7 39.7 39.7 39.7 39.7 43.6 43.5 53.2 51.7 47.4 76.8 82.8 85.5 87.9 90.9 95.2 95.5 94.6 93.5 90.3 79.7 76.5 73.7 95.6 100.8 97.8 86.7 82.5 77.8 77.2 79.9 93.6 91.7 92.6 98.5 98.9 120.1 139.2 144.5 144.5 140.6 131.9 126.8 121.8 113.6 116.3 117.6 119 129.5 151.2 147.1 147.6 134.9 140.1 150 152.9 144.9 146.8 143.2 133.8 136.9 147.6 144.8 144.6
27 26.3 33.4 43.8 54.4 46.4 33.9 30.1 35.3 49 54.9 59.4 59.6 53.1 59.5 61.4 62.3 53.3 49.2 39.7 39.7 39.7 39.7 43.7 47.5 48 54.3 50.4 41.3 40.5 44.4 73.4 87.2 90.1 90.6 85.1 91.1 93.8 90.1 88.8 90.8 85.1 80.2 73.6 76.9 87 99.7 93.7 86.4 85 86.1 90.8 90.3 99.4 103.1 106.9 105.6 113.3 121.2 129.7 132.3 144.3 142.8 131.9 126 111 114.9 119.3 117.6 118.7 126.3 133.3 133.3 132.1 123.2 136.3 146.4 136.9 125.3 124.7 121.2 119.9 140.9 145.3 144.6 144.6
17.7 30.7 42.9 46.1 42 39.1 32.4 26.9 27.8 43.9 47.8 70.8 80.5 86.4 92.5 81.4 79.1 62.7 48.4 39.7 39.7 46.1 52.4 51 53.3 55.3 51.5 53.5 40.5 42.2 85.5 95 94.6 96.4 88.1 81.9 89.3 81.6 79.9 79.8 84.3 82 77.7 73.6 78.3 84.4 99.8 96.8 87.8 90.5 87.1 114.9 118.6 118.1 121.1 116.9 120 118.4 114.2 114 123 134.5 134.3 124.5 113.8 104.4 117.6 124.4 119.4 116.4 115.8 115.7 111.3 111.1 121.4 127.5 120.9 114.2 113.3 109.6 120.8 134.9 153 162.4 163.9 171.8
19.5 32.9 45.7 53.3 61.1 52.4 38.1 28.1 23.3 25.1 38.5 72.1 79 87.2 91.1 97.1 91.6 75.5 65.2 55.6 52.4 50.2 54.8 51 48.5 42.2 40.5 40.5 52.5 61 85.6 94.6 94.2 84.4 77.4 87.4 84.1 82.4 73.4 76.8 74.9 76.7 73.6 74.7 86.3 109.9 116.4 102.4 97.2 88.4 87.1 111.1 117.2 111.6 114.6 122.6 126.2 131.4 127.1 117.8 115 115.3 119.6 112.8 102 105.5 115.1 117.5 117.7 113.2 111.4 110.2 102.1 106.6 105.5 106.3 110.5 108.7 108.2 113.6 129.2 145.8 166.7 173.2 169.9 170.3
22 44.8 46 42.5 48.3 55.9 38.5 26.1 18.2 24 51.5 67.7 73.4 79.9 87.1 88.7 75.1 69 59.4 55 50.8 52.8 60.9 58.7 50.9 47.1 40.5 40.5 52 65.6 81.2 92 88.7 79.5 76.2 78.7 72.6 72.6 88.5 91.4 95.7 96.8 98.8 87.1 98.4 109.6 106.9 94.2 88.3 80.7 93.9 102.5 108.7 115.7 112.9 114.6 118.9 123.3 126.2 124.1 119.2 112.9 112 107.2 100.4 100.2 103.2 103 112.1 109.3 110.7 105.7 101.2 95.1 102 109.5 108 111.2 129 139.5 148.9 152.4 161.6 168.2 170 168
13.9 29.1 32.1 42.2 54.1 52.4 44.1 33.7 16.5 15.6 34.4 53.7 70 67.5 68.5 70.5 55 44.2 60.4 67.4 60.8 52.2 48.6 51.9 53.7 40.8 43.5 54.9 60.9 69.2 82.3 87.3 86.2 76.7 72.6 72.6 83.6 87.5 92.3 104.7 107.9 110.6 112.9 101.9 108.4 109.3 99.4 93 81.5 80.7 96.3 102.5 110.2 112.6 111 116.7 115.4 111.4 115.2 113.4 107.1 105.2 105.5 104.3 103.9 104.3 101.5 94.9 91 98.2 104.8 98.3 88 88 101.5 116.6 122.4 137.5 150.7 160.8 157.8 148.6 148.2 153 140.7 140.1
17.3 38.4 34.7 40.2 44 43.5 32.7 26.9 29.2 5 18 49.4 52.4 51.4 41.8 31.9 22.2 26.9 48.1 55.5 61.9 70.3 60.1 42.8 38.6 47.1 55.9 65.6 61.4 68 82.2 77.9 72.4 72.6 72.6 72.6 97.6 97.5 91.1 107.7 105.2 108 109.1 105.1 103 101.2 91.8 84.3 80.7 87.9 101.8 103.4 112.5 112 108.9 112.4 109.8 104.8 98.3 92.9 88.9 87.5 105.8 114.6 111.8 105.4 98.9 95.2 87.6 86.9 92.3 88 88 88 93.8 121.9 129.6 135.2 145.8 154.1 150.2 138.6 139.6 140.9 143.7 151.7
32.2 37.9 41.7 42.5 32.2 27.3 2.3 15.5 10.7 -1.9 20.6 27.1 36.1 30.4 21.6 11.6 7.9 12.6 33.8 52.3 59 67.9 57.5 48 58.2 43.6 42.9 53.5 56.6 51.2 70.2 77.7 80.9 81.7 90 95.6 95.1 91.3 77.3 97.3 97.9 101.4 104.2 100.1 99.1 96 88.4 83.2 80.7 96.6 103.4 106.2 114.1 110.6 105.8 110 105.2 96.5 87.6 80.1 79.2 89.5 105.7 102.7 97.6 94 84.2 75.1 86.2 97.8 105.9 88 88 88 88 110.7 126.9 127.8 132.8 130 127.5 144.7 155 154.4 145.8 134.7
27 24.9 32.2 28.3 20 -1.9 -1.9 -1.9 -1.9 -1.9 -1.9 10.3 11.3 7 1.5 2 2.3 10.6 18.6 31.7 37.4 37.7 28.2 51.9 57.1 55.8 52.5 39.8 42.6 48.6 78.2 88 97.4 99.8 96 90.8 85.1 76.8 83.2 87.4 88.3 96.4 99.1 103.2 97.9 91.2 80.6 83.9 80.7 99.8 104.4 110.2 116.3 109.8 100.8 95.1 90.3 80.4 78.4 75.2 80.6 87.4 87.7 81.1 70.8 66.6 68 78.8 90.8 95 112 111 94.1 92.8 92.2 102 116 124.7 137.8 131.1 126 131.8 141.2 140.3 131.8 131.8
