data/200000-620000.asc
ncols 200
nrows 200
xllcorner 200000
yllcorner 620000
cellsize 50
[rows 108 to 143 of 200, columns 0 to 81 of 200]
194.9 197.3 200.5 205 206.5 205.5 204.9 204.5 202.8 201 205.5 210.6 215.5 218.9 221.5 223.2 225.9 228.4 229.1 229.8 230.6 231.4 234.7 237.7 240.2 241.3 241.1 240.9 241.2 243.6 244.9 241.8 239.2 236 236.1 238 240.2 241.4 240.2 238.9 238.7 236.4 231.3 226.3 221.3 215 212.8 207.4 199.6 194.1 187 183.4 186.6 196.5 206.6 215.4 210.4 205.2 203.4 203.6 206.3 201.8 197.8 180.9 175.2 178 177.7 169.5 178.6 181.3 184.3 186.2 191.4 196.2 206.3 205 202.9 203.1 195.7 194.3 187.9 161.9
191.3 194.5 199.7 203.8 203.6 203.3 202.6 201.5 198.5 201.3 208 213.2 218.1 221.7 224.7 227.3 229.1 228.8 228.6 229.3 229.9 231.3 235.1 238.8 240.7 241.5 241 240.5 239.7 241.5 243.2 241 238.5 237.4 237.8 242.7 245.9 249.6 244.5 243.2 243.2 241.8 236 231.7 231.1 218.9 214.2 209.3 204.7 203.1 199.3 195 189.6 198.8 207.5 215 219 220.6 221.4 220.4 219.7 211.2 216.4 204.8 207.5 210.1 208.7 198.6 201.2 200.2 199.8 200.3 207.5 206.9 204.2 202.1 201.4 198.9 197.4 197.5 188.9 181.5
188 192.7 197.3 201 199.9 197.6 196.1 196 199.2 203.7 209.1 215.6 220.7 223.7 226.1 228.4 229.9 230.1 230.1 229.8 229.5 231.6 235.6 239.6 242.4 242.3 240.8 239.9 239.6 241.1 242.3 240.4 239.3 238.8 239 243.9 249.9 252 246 245.1 245.1 243.6 239.1 235.7 234.1 220.8 217 212.1 207.4 205.6 204.4 203.7 201.9 197.8 203.7 206.3 208.7 210.6 212.1 213.3 214.5 216.1 217.8 215.7 215.8 214.9 214.3 215.5 216.7 216.1 213.7 210.3 207.5 206 203.6 200.6 198.7 197.6 197.6 192 189.2 185.7
184.9 187.4 194.6 196.1 190 190.9 196.1 199.4 200.2 203.8 209 216.9 219.4 222.7 226.1 228.3 227.9 227.3 226.8 228 229 230.9 235.1 239.2 243 242.1 239.7 238.7 239.7 241 241.6 241.8 241.7 241.5 240.5 245.4 251.9 253.4 247.9 247 246.6 245.1 242.5 238.9 238.1 229.4 219.7 214.6 210.2 208.1 207.2 206.9 205.5 201.6 203.3 204.8 207.3 209.2 210.3 211.5 214.2 217.8 219.6 218.9 218.2 216.6 216.8 220.2 220.2 220.6 217.7 218 216.9 214 210 206.5 204.4 202.6 202.1 203.4 203 194
178 180.8 188.1 185.2 191.9 194.5 197.4 199.2 200.5 204.1 209.7 214.7 217.4 220.6 224 224.9 224.2 223.6 223.2 225 227.8 230.6 233.7 235.5 239.3 238 239.1 239.9 240.6 242 242.7 243.1 243.2 243.3 243.6 249.9 255 255.2 249.5 248.5 247.6 245.1 242.6 241.2 242 244.4 223.5 217.9 213 210.6 209.9 209.5 207.3 205.7 204.3 206.4 209.8 212.2 213.8 215.4 217.1 220.5 222.6 221.9 220.7 219.2 223.1 225.9 227.4 227.1 222.8 227.2 229.9 229.1 220.4 212 209.7 209.2 208.9 207.8 206.3 204.8
188.3 187.4 183.8 190.4 193.9 196 197.2 198.1 200.7 203.6 208.8 212.7 215.4 218.5 220.2 220.9 220 218.8 218.8 223.4 226.8 233.6 238.4 239.4 240.1 244.2 244 243.8 243.6 243.3 243.6 243.8 244.5 244.7 246 252.4 255.2 254.7 251.3 249 248 245.7 244.5 243.4 244.8 246.4 239 222.5 216.6 213.7 212.6 211.8 210.4 208.9 209 210.8 213.9 216.5 218.7 220.4 222.2 223.9 225.8 225.5 223.7 221.2 228.8 231.7 233 230.8 226.4 230 229.5 228.6 227.1 223.5 215.2 211.1 207.6 205.9 203.8 200
193.4 193.5 191.8 192.6 194.6 195.4 196.1 197.6 201 203.1 207.1 210.2 213.2 215.6 218 217.9 215.7 214.6 218.7 223.2 226 239.8 242.4 243 244.3 245.9 247.6 247.7 246.8 246.2 244.4 244 246.6 247.7 251.9 254.8 255 253.7 250.2 249.1 248.5 247.7 246.7 245.5 246.8 248.8 249.7 238.5 226.1 219.8 215.1 214.1 212.9 211.8 213.3 215.6 219 222.3 224.3 225.9 227.6 229.3 229.5 229 226.7 225.2 229.5 232.2 233.6 230 228.3 230.3 229.8 227.6 225.5 224.8 221.5 220 207.6 204.1 201.5 198.9
197.8 197.8 196.3 193.1 194.3 194.8 195.2 197.1 200.1 201.7 203.7 207.9 210.2 212.3 214.1 212.8 211 214.2 217.8 222.3 233.9 239.8 244.3 245.8 246.8 247.2 249.3 251.3 250.5 249.4 245.9 250.7 254.8 255.3 257.8 258 257.4 253.1 249 248.4 248.6 248.9 247.7 247.7 249.7 252.2 253.1 251.1 233.1 226.4 221.3 218.2 216.3 216 218.2 222.1 225 228.2 230.1 231.6 233.2 234.9 234.5 233 228.6 226.3 227.2 229.7 231.1 230.4 231.2 232.2 232.9 230.2 225.2 222 219 214.9 209.3 203.8 198.7 196.8
200.6 201 199.3 196.9 193.8 194.1 194.5 196 197.5 199.3 201.3 205 206.9 208.7 208.1 207.7 208.8 214 218.7 227.9 236.8 241.3 245.7 248.8 249.1 249.5 251.2 253.7 255.1 250.6 248.6 252.8 256.9 258.6 260.5 260.5 254.5 250 248 247.5 248.1 249.2 249.7 250.1 251.6 254.9 256 258.9 242.1 233.2 228.8 226 224.6 223.4 224.9 228.5 231.4 234 235.8 237.3 238.9 240 240 237.5 233.7 230.6 232 233.3 235.2 253.8 253.6 239.7 239.8 237.3 229.5 222.6 217.8 212 205.1 202.4 198.8 195
202.4 203.2 199.6 195.6 193.4 193.2 193.1 193.7 195 197.1 199.2 201.4 203.4 204 204.1 208.3 211.9 217.9 226 232 237.9 243.3 248.9 251.4 251.6 251.8 253 254.4 254.3 252.6 252.2 257.5 261.9 262.9 260.7 257.3 251.7 247.3 246.5 244.9 248.1 250.9 252.4 253.4 254.3 257.3 262.1 266.4 260.6 242 234.2 232.2 231.1 229.6 230.9 234.9 237.7 239.7 241.2 242.4 243.7 246.2 244.5 244.3 244 240.1 240.4 242.7 241.4 256.3 261 260.4 254.1 249.8 237.8 224.8 216.7 211.2 207.4 202.6 199 196.3
201.8 203 199.9 196.5 191.6 191.1 190.9 191.9 193.2 195.1 197.2 199.1 200.2 201 209.4 214.5 219.5 224.8 231.5 236.6 241.6 246.8 251.1 251.5 251.3 251.8 252.6 253.8 254.7 254.4 256.5 261.4 264.2 264.2 259.5 256.2 251.8 247.1 243.2 244.4 249.7 252.6 254.6 255.6 256.2 259.8 264.6 271.4 273.1 258.7 242.2 237.8 236.2 234.9 236.3 240.1 240.7 242.8 243.9 245.6 246.8 248.1 249 249.6 250.2 249.7 250 251.5 251.9 259.8 269.7 269.4 263.6 256 246.2 225.5 216.1 211.1 207.6 203.9 200.1 196
198.4 198.9 196.1 192.2 190.2 189.2 189 190.1 191.5 193.1 195.1 196.9 198 206.8 214.6 220.8 226.1 231.6 237.2 241.8 246.2 250.1 251.3 251.2 250.6 250.9 251.9 253.1 253.7 256.4 260 262.7 262.7 261.9 257.7 253.4 248.9 243.2 243.2 249.8 250 254 256.6 257.9 259.3 262.8 267.7 276.2 281.2 272.3 255.1 241.6 240.7 239.6 241.3 241.6 242.4 243.3 244.8 246.1 246.9 248.2 249.7 251 252.3 252.1 253.6 255.9 258.2 263.1 270.4 276 272.5 263.3 251.5 235.9 221 210.1 206 202.8 199.1 195.4
194.3 193.9 191.4 190 188.7 187.7 189 189.9 190.4 191.7 193.5 196.2 205.1 211.4 219.2 227.5 234.8 240.2 244.8 246.8 249.4 251.5 251.7 251 250.3 249.9 251.2 252.2 252.7 257.1 260.3 263 263.1 260.2 256.5 252.8 250 243.2 243.2 243.2 253.8 256.1 258.7 260.4 262.1 265.5 270 278.5 285 284.6 265.4 248.8 243.1 241.4 240.4 239.6 241.4 243.1 245 246.6 246.9 248.4 249.2 250.2 253.4 254.8 257.2 259.5 262 266.7 271.1 276.6 276 269.4 256.7 243.6 226.6 215.2 205.5 201.4 198.4 195
190.3 189.7 190.5 192 186.9 188.5 190.4 191 193.3 195.6 196.6 200.9 208.5 218.7 228.2 236.4 246.6 249.6 252.7 252.4 252.3 252.8 251.8 250.8 249.6 249 250.9 251.4 250.9 254.2 260.3 262.2 262.2 260.4 256.8 253.2 251.5 243.2 243.2 243.2 255.2 257.8 260.4 262.1 263.8 268.6 272.2 280.4 286.1 288.4 277 261.1 246 240.2 236.9 237.1 238.9 242.5 244.7 246.8 246.9 247.4 248.2 250.2 253.5 256.4 259.1 260.5 262.6 266 269 275.1 274.5 273.2 261.4 247.2 234.4 220 210.9 204.1 198.1 195.4
188.8 190.3 191.8 191.5 188.2 189.8 191.4 192.8 193.8 195.7 199.6 204.6 216.5 227 236.3 248.9 258.7 261.5 261.1 258.7 256.9 254.8 252.6 250.7 246.9 248.3 250.4 250.2 249.5 249.3 253.3 258.4 261.8 261.8 255 251.7 250.6 249.1 243.2 243.2 258.4 260.4 261.9 263.4 266.3 271.2 276 281.7 287.5 289.9 285.4 270.2 252.2 238.6 233.9 234.2 237.3 241.1 243.9 246.2 246.9 247.1 247.2 250.2 253.8 256.8 257.7 257.4 260.5 262.9 266.3 275.4 273.8 272.1 265.9 252.3 240.3 227.7 217.4 208.3 200.8 195.6
189 189.2 189 201.6 197.5 193.1 192.8 194.8 196.4 200.8 204.9 214.6 226.3 236.2 248.8 263.5 268 268.5 269.9 268.2 263.8 259.6 254.2 247.7 243.7 248 251.3 249.2 246.1 242.6 246.1 250.1 252.2 251.4 249 250.5 249.2 247.2 243.2 243.2 260.4 263.1 262.8 264.7 268.8 273.1 278 283.4 288.9 290.6 287.6 273.7 253.7 234.6 232.9 233 234.5 238.4 242.2 244.3 245.6 245.6 246.1 249.3 253.5 256.9 256.9 256.3 257.3 259.8 263.7 269.5 272.2 270.5 265.8 257.5 246.4 236.3 228 212.4 202.3 198
183.5 185.7 193.9 199.6 196.3 195.5 194.9 196.9 201.8 206.9 211.3 222.5 233.7 244.6 258.1 264.8 269.4 273 273.3 273.2 269.6 263.1 253.5 245.9 239.9 242.4 242.7 240.8 237.8 236.1 237.4 240.8 242.8 240.1 241.6 245.1 247.4 245.7 244.8 247.1 258.8 262.2 262.7 265.9 269.4 274.2 279.2 285.2 288.8 290.3 286.5 271.1 250.7 232.8 231.9 232.5 233.5 235.7 239.7 242.7 244 244.1 244.6 248.5 252.3 255.4 255.6 255.6 252.2 255.8 259.6 264.9 269.5 267.7 262.9 257.4 249.3 237.8 229.3 223.3 218.3 207.6
181.6 190 192.5 198.6 197.5 196.2 198.9 202.6 208 214.8 222.6 232.5 242.5 253.2 260.6 266.4 269.7 271.9 272.6 274 272.6 266.6 254.1 246.3 238.3 236.4 235.8 234.3 231.3 230.2 230 231.7 231.8 231.5 233.4 237.8 243.1 243.7 243.6 244.4 254 257.8 260.5 263.3 267 273 280 286.8 289.3 290.2 283.6 267.6 246.9 230.8 230.8 231.5 232.4 233.9 238.3 240.4 241.2 242.1 243.6 247.3 249.5 252.1 254.5 254.1 246.4 250.5 255.1 258.8 262.1 262.2 257.9 251.9 241.9 232.9 227.6 223.7 223.2 223.1
183.6 193.5 195.8 197.8 197.1 198.5 205.2 209.6 214.5 220.9 229.3 237.5 246.2 254.2 260.3 264.6 268.3 271.1 272.2 274.5 276.3 271.7 260.9 249.4 240.9 234.1 232 229.9 226.4 224.2 222.8 220.9 221.3 222.6 224.5 229.2 232.5 236.1 239 242.4 248.1 253.6 257.6 260.8 264.6 270 274.6 281.5 287.4 285.3 271.1 255.9 234.7 230.6 230.8 230.9 231.6 233.6 236.2 238.5 239.3 240 242 245 245.3 247.8 252.3 252.6 244.6 247.3 250.7 251.9 257.1 255.9 252.5 244.1 234.5 226.6 223.7 223.1 222.4 223.5
188.8 193.9 196.6 200.4 200.3 204.1 209.3 212.1 216.1 226.5 234.5 241.1 248.9 255.1 260.3 264.4 267.9 270.4 271.9 274.2 276.1 275.5 267 254 242.4 237.1 232.5 226.7 221.8 217.4 216.3 215 213.3 214 215.8 219.5 222.6 225.7 228.4 237.1 242.5 248.6 252.9 257.1 260.7 264.7 267.9 272.2 276.3 267.9 252.9 239.9 229.4 228.7 229 229.6 231.1 232.6 234.3 236.3 237.4 238 240.3 241.5 241.2 240.4 245.9 248 245.6 241.9 245.7 248.9 250.4 250.2 247.5 239.3 228.4 221.8 219.6 221 221.3 222.8
190.3 196.3 199.2 201.8 204.4 207.2 209.9 213.8 220.7 230.7 238.6 245.8 252.9 256.2 260.2 265.5 268.1 270.4 271.9 273.3 275 276.7 273.7 261.2 249.8 241.6 238 234.3 226.1 217.4 212.4 211.1 208.6 208.4 206.7 210.2 212.7 214.4 214.2 226.9 234.7 241.4 246.8 249.2 251.2 254.2 257 259.7 259 246 236.6 229.3 226.7 227.3 227.9 228.9 230.4 231.9 233.6 235.1 235.8 236.1 236.7 237.6 237.8 237.3 239.8 241.8 240.1 236.9 242.1 245.1 245.8 243.4 240.5 235 227.5 220.1 218.7 222.7 224.7 223.8
189.3 196.8 200.5 202.6 205.3 207.9 210.5 215.1 223 230 239.4 247.6 253.2 257.5 261.5 265.5 272 272 272.8 273.8 274.9 276 275 268.3 259.3 252.1 247.8 243.7 236.8 224.5 214.1 208.9 205 204.7 204.3 202.7 202.3 203.4 206.4 216.4 224.4 231.6 239.7 241.3 241.7 243 244.9 246.3 242 234.7 227.3 223.1 224.9 226.2 226.9 228.3 229.7 231.2 233 233.8 234.6 234.7 234.9 235.4 235.7 235 233.4 234 232.6 234.1 238.5 241.4 243.9 240.4 237 226.4 222.2 219.1 219 223.6 223.8 223.5
193.6 199.4 201.5 203 205.3 208 211.4 215.5 221.8 226.9 234 244.4 251.4 255.3 259.7 267.7 271.5 272.9 273.8 274.7 275.7 276.7 275.9 271.3 266 261.8 259.6 257.1 247.6 235 222.7 212.6 205.7 202.8 201.6 198.6 196.3 197.2 202.4 208.3 215.3 220.8 224.1 227.8 229.4 230.4 230.8 229.7 229.3 224 219.2 218.1 225.6 226.3 226.2 227.6 229.1 230.6 231.8 232.6 233.4 233.4 233.2 233.7 234 233.6 231.9 230.3 229.5 233.2 236.3 238.5 240 239.3 232.6 222.2 217.6 214.6 219.4 223.1 222.7 221.2
199.8 200 201.8 203.8 205.7 208.7 212.5 216.3 220.2 225.3 230.1 240.7 249.6 254.8 260.7 268.7 269.3 271.8 274.2 275.5 276.3 276.5 276 273.2 270.1 269.1 269.4 266.7 255.5 244.1 231.5 219.1 207.8 200.7 198.1 194.9 193.6 192.7 198.2 201.9 207.3 208.3 210.5 214.2 217.1 219.4 218.6 217.7 219 216 212.3 216.9 223.5 223.7 226.2 227.2 228.4 229.9 230.1 231.3 232.2 232.1 231.9 232 232.3 232.1 230 227.1 227.9 230.5 234.1 237.2 239.4 237 229.7 218.6 213.7 210.5 213.7 217.6 215.7 214
201.1 202 203.8 205.4 206.9 209.5 212.9 216.2 219.4 224.2 228.8 237.8 250.5 254.3 260 263 267.6 270.5 273.6 275 276.1 275.7 275.2 273.7 272.2 272.4 274.6 272.8 264 251.3 238.2 225.7 210.8 203.3 195.2 191.5 189.8 189.3 192.8 196.5 199.4 198 197.8 201.3 207 207.5 208.7 210.2 210.2 207.1 208.8 215.4 219.4 222 224.9 227 228.4 228.4 228.7 230 230.5 230.6 230.6 230.5 230.5 227.9 225.6 224.5 226.5 228.5 231.6 236.3 238.9 236 230.9 218.9 212.5 210.4 209.1 210 210 210.2
201.9 204 205.6 207.5 209 209.8 212.4 215.6 218.6 221.9 225.9 233.5 244.3 252.5 256.2 260.2 264.4 268.7 272.8 274.8 275.5 275 274.5 273.9 273.5 273.3 275.1 274.7 272.2 258.3 244.2 233 220.7 208.4 199.9 191.7 186.6 185.6 187.3 190.8 192.4 191.4 192.2 194.4 197.4 199.7 201.2 202.8 201.9 200.9 209.3 212.3 217.6 219.3 221.4 224.9 228.5 226.5 227.1 228.2 227.7 227.7 227.8 227.9 226.8 224.2 223.6 223.2 225 227 230 234.9 236.1 233.5 228.7 220.5 213.1 209.3 206.6 206.6 205.2 205.1
202.6 205.4 207.1 209.6 210.3 210.9 212.4 214.8 217.6 220.5 224.2 229.4 237.9 247 254 258.1 261.7 265.3 270.9 273.8 274.8 274.7 274 273.2 272.8 273.4 274.5 274.6 272.7 264.1 250 238.3 226.5 214.5 202 191.8 185.4 181.4 182 185.8 186 185.3 187.1 189.2 191.7 192.5 193.3 195 193.5 197.2 205.2 208.6 213.6 221.2 222.6 223.5 225.9 225.8 226 226.3 225.1 224.9 224.9 224.8 224.2 223.2 222.3 221.8 223.9 226.1 229.6 233.2 233.7 230.8 227.4 222.9 215.5 211.5 208 204 201.4 200.8
203.1 206.1 208.6 210.8 210.9 210.7 210.8 212.7 217 218.6 221.5 226.2 232.5 239.3 247.5 254.1 257.7 262.2 268.1 273.2 273.9 273.9 273.3 272.5 272.4 273.5 273.7 273.1 270.9 265.6 253.5 241.4 230.9 220.8 208.8 192.8 187.2 183.4 176.9 179.6 181.3 181.6 182.2 184.5 187.8 188.1 188.1 188.2 187 193.8 196.8 207 214.6 222.5 227.5 228.6 227.5 226.3 226.5 225.3 222.6 222 221.9 222.1 222.1 221.1 220.1 220.2 222.5 225.3 228.3 231.9 231.5 228.8 225.7 223.1 225.5 215.4 210.6 203.8 197.7 197
203.4 205.2 208 209.4 208.1 208.3 208.7 213.3 217.2 218.1 220.1 221.6 223.7 229.5 238.3 247.2 253.5 259.4 265 270.2 272 272.7 272.4 271.9 272 271.6 271.3 271 269.9 268.4 257.7 245.4 235.5 227.6 215.5 199.1 193.5 188.7 182.1 177.1 177 177.1 177.5 181.1 183.5 183.3 183.4 183.5 185.1 188.3 198.3 206.5 214.7 221.9 227.1 232.9 230.8 228.8 227.7 225.4 221.7 219.7 219.7 219.7 219.8 218.7 217.7 218.6 220.3 223.1 226.1 229.3 230.8 227.3 225 225.6 223.3 216.6 211.5 203.9 193.9 192.7
203.6 204.4 205.6 207.9 207.7 207.9 208.6 213.5 216.9 218.1 218.5 217.5 217 220.2 229.4 239.7 252 256.2 261.2 266.5 269.9 270.3 269.8 270.3 270.8 270.5 270.3 270.1 270 268.7 263.6 252.1 241.4 234.4 223.3 207.5 198.1 192.5 183.2 174.9 172.3 173 175.3 177.9 178.7 178.5 178.5 180.3 182.8 187.9 196.2 203 209.8 217.4 223.1 227.7 227.1 229 231.6 223.6 220 218.5 217.8 217.4 217.4 216.4 216.3 217.2 218.6 221.2 225.7 229.3 230.2 228.6 226.9 225.6 223.2 218.8 211.7 202.6 193.6 191.2
211.5 208.2 205.9 207.2 207.5 208.6 209.1 211.9 215.3 217.7 217.3 215.1 213.1 213.2 218.2 233.7 246.5 253.2 257.2 261.7 265.1 266.9 267.7 268.6 269.4 269.8 269.5 269.5 269.4 269.4 268.2 257.6 246.4 236.7 228.6 215.6 205.8 196.9 185.7 173.2 167.8 170 172.4 175 175.2 176 177 179.4 182.7 186.2 193.5 199.5 205.6 212.9 218.5 221.4 222.7 228.4 228.1 222.4 217.7 216.5 216 215.6 215.2 215.7 216.2 216.7 217.8 220.4 225.3 230.4 228.6 227.1 226 225.2 221.2 216.9 210 199.7 190.5 185.1
224 217.6 215.3 213 214.5 212.7 211.3 212.5 214.9 217.4 216.3 213 209.7 208.1 209 225.4 240.8 249.4 253.6 256.9 260.3 263 264.2 265.3 266.6 268.7 269.2 269.2 269.2 269.2 269.1 262.7 252.1 241.2 231 221.4 212.4 201.6 187.7 172.8 168.3 167 169.6 171.9 173.8 174.5 176.1 178.3 181.6 184.8 190.1 196 201.9 208.6 213.1 217.9 220.5 224.8 223.2 218.7 215.4 213.8 213.6 213.6 213.7 215.7 216.7 217.1 217.2 221.7 228 230.8 227 225.5 224.5 223.3 217.8 213.1 205 195.7 187.7 180.7
229.2 227.7 223.1 220.9 220.5 219.4 216.7 214.5 215.6 217.1 217.1 213.7 210.7 207.1 205.3 216.1 234.5 245.1 249 252.8 256 259.3 261.5 263.5 265.6 267.3 268.4 269.2 269.2 269.2 269 265.4 257.6 250.4 236.6 225 214.2 203.2 185.8 172.4 167.3 166.4 168.2 170.3 173.2 176.1 175.8 177.1 180.2 183.4 187.5 193.1 199.1 202.8 211.5 217.8 215.8 217.8 217 215.3 213.1 210.6 211.2 211.7 212.2 214 216.4 217.2 219.4 221.9 228.3 226.3 223.3 223.7 221.7 219.2 212 204.7 197.8 191.7 184.3 178.2
230.1 229.8 228.8 227 226 224.2 222.4 219.8 216.8 217.1 218 215.3 211.4 207.3 204.9 209.7 226.1 242.3 246.3 249.4 253.3 257.6 260.4 262.5 264.6 265.9 267 268.1 269.2 269.2 268.6 265 261.6 251.7 237.7 224.5 214 206.6 188.3 173.6 169.5 167.3 167.8 170.1 173.6 177.3 174.5 176.6 178.6 181.7 186.8 192.3 196.8 201.5 207.2 207.5 212.9 215.8 216.2 214.5 212.2 209 208.5 209.2 212.4 215.3 218.7 218.8 219.1 220.2 223 221.4 220.3 221.1 218.7 214 205 195.3 191.9 185.8 179.3 173.4
231.3 234.6 233.9 232.1 230.8 228.9 226 224 221.7 219.3 218 217.1 213.3 207.1 204.7 206 219.4 234.9 242.8 246.7 250.8 255.1 258.7 261.5 263.5 264.6 265.7 266.9 268.1 268.9 266.6 263.6 260.6 253.8 240.6 223.9 213 206.4 189.8 175.3 171.9 169.6 167.5 169 173.1 174.4 173.3 176.1 178.1 182.4 184.9 190.2 194.1 199.8 199.5 204 212.6 215.7 216.2 213.9 211.5 207.3 206.4 210.2 212.6 215.2 216.8 216.6 216.9 216.7 217.1 217.2 217.9 217.9 213.8 208.4 199.2 190.3 186.2 180.9 175.8 170.8
230.8 239.4 238.6 239.6 233 230.1 226.8 226 224.3 221.9 219.6 217.9 214.1 206.6 204 202.7 210.7 226 240.2 244.1 248.2 252.1 257.9 262 263 263.9 265.1 266.3 267.8 268.2 266.7 264.1 260.4 254.7 244.8 224.8 214.3 206 190.9 176 172.2 169.9 167.2 168.2 168.9 170.1 174 174.7 177.4 179.7 181.7 185.5 190.1 193.1 193.9 202.3 211.3 217.8 217.8 214.3 211.3 207.3 208.3 209.3 212 214.2 213.7 213.2 212.8 212.2 211.9 212.1 213.1 212.7 208.1 202.2 195.1 186.8 180.4 176.5 172.6 168.7
