data/200000-710000.asc
ncols 200
nrows 200
xllcorner 200000
yllcorner 710000
cellsize 50
[rows 70 to 104 of 200, columns 0 to 78 of 200]
32.7 32.7 32.7 32.7 32.7 32.7 32.7 32.7 32.7 32.7 32.7 32.7 32.7 32.7 32.7 32.7 32.7 32.7 32.7 32.7 32.7 39.9 46.3 51.4 64.8 71.1 76.3 86.2 101.6 110.1 122.9 135.6 141.1 148 162.7 169.1 177.5 186 195.5 203.7 214.4 229.1 240.4 249.8 263.2 280 297.1 310.3 329.5 350.8 359.1 351.2 341.4 336 336.8 339.4 345.5 358.1 370.3 379.8 392.8 406 412.4 417.6 424.4 428.2 433.2 423.8 418.1 418.1 421.5 423.2 424.3 424.3 422.8 417.9 411.1 403.4 393.5
32.7 32.7 32.7 32.7 32.7 32.7 32.7 32.7 32.7 32.7 32.7 32.7 32.7 32.7 32.7 32.7 32.7 32.7 32.7 32.7 34.7 43 49.5 55.5 66.7 77.4 79.4 87.2 98 113.5 127.7 133.3 138.6 152 169 173.5 176.7 190 201.3 210.5 227.1 240.1 253.9 264.6 280.7 298.5 313.8 323.9 339.5 342.6 338.9 332.1 334.9 340.1 344.1 347.8 359.5 366.7 374.4 390.1 400 411.2 418.1 425.5 423.1 423.2 418.1 418.1 418.1 418.1 418.1 423.5 426.4 426.7 427.1 416.8 401.8 387.5 378.9
32.7 32.7 32.7 32.7 32.7 32.7 32.7 32.7 32.7 32.7 32.7 32.7 32.7 32.7 32.7 32.7 32.7 32.7 32.7 35.3 39.5 46.5 48.6 52.8 66.1 75.2 74.8 86.3 99.8 115.4 122.1 132.1 143.8 153.7 158.2 169.1 185.2 196.2 204.3 223.4 239.8 262.6 287.2 288.7 300.9 313.4 324.7 336.7 328.5 323.4 327.9 333.6 337.3 347.4 350.8 356 369.4 372.1 383.5 395 407 414.8 417.3 418.4 425.4 426.4 422.1 418.1 418.4 420.5 421.5 432.6 431.5 426.8 417.2 403.8 388.7 378.1 364.9
32.7 32.7 32.7 32.7 32.7 32.7 32.7 32.7 32.7 32.7 32.7 32.7 32.7 32.7 32.7 32.7 32.7 32.7 32.7 38 41.4 43.4 47.2 52.3 59.8 64.9 79.2 92.4 109.2 115 125.9 135.5 143.9 150.8 165.8 178.6 190.3 200.2 220 238.3 256.5 282.8 294.1 301.6 310.8 325 325.2 323.5 312.4 323.2 330.8 336.9 346.8 352.2 353.1 356.6 368 373.8 384.4 394.9 403.9 409.6 419.5 427.8 421.8 415.5 417 424.2 425.1 418.9 417.8 417.4 414.2 404.2 396.3 384.4 376.8 360.9 354.2
32.7 32.7 32.7 32.7 32.7 32.7 32.7 32.7 32.7 32.7 32.7 32.7 32.7 32.7 32.7 32.7 32.7 32.7 32.7 38.3 41.8 43.6 50.4 54.6 65.6 76.8 90 100.3 110.1 118.6 124.8 135 144.8 158.3 173.4 188.9 194.8 218 234.3 249.4 271 281.3 292.5 302.5 308.9 317.1 311.9 303 311 320.5 329.9 342.9 346.7 344.1 345.7 350.1 362.8 373.7 382.4 388.5 401.9 413.5 416.6 417.3 406 408.1 416 417.3 417.8 417 410.5 402.3 395.7 384.4 375.9 369.6 360.5 352.9 354
32.7 32.7 32.7 32.7 32.7 32.7 32.7 32.7 32.7 32.7 32.7 32.7 32.7 32.7 32.7 32.7 32.7 32.7 36.2 40 41.8 45.3 50.5 61 74.5 85.9 94.9 102.1 109.7 119.4 126.2 135.1 149 164.7 176.2 189.1 203.1 224.4 243.4 257.7 264.3 282.2 283.6 283.3 286.7 291.6 296 297.6 309.5 320.2 330.3 336.8 340.6 342.7 338.3 356.1 366.6 376.4 384.6 390 392.5 402.3 404.6 398.7 393.5 399.7 406.2 409.2 412.1 411.9 402.8 387.4 375.1 362.3 358.1 355.2 351.5 352.5 354.5
32.7 32.7 32.7 32.7 32.7 32.7 32.7 32.7 32.7 32.7 32.7 32.7 32.7 32.7 32.7 32.7 32.7 32.7 39.1 43.8 45.5 47.9 54.2 67 78.4 88 95.3 102.5 110.1 117.9 129.9 144.1 158.8 168.5 179.7 190.7 210.2 224.9 243.8 254.5 257.6 259.4 267.5 274.5 281.1 287.7 299.2 299.8 310.1 311.9 324.3 334.7 338.7 340.6 335.8 353.8 369.3 376.1 378.2 385.5 387.7 387.4 381.3 381 381.1 385.5 396.6 400.7 405 398.7 392.1 373.7 357.5 350.9 348.4 350.6 356.3 356.6 353.5
32.7 32.7 32.7 32.7 32.7 32.7 32.7 32.7 32.7 32.7 32.7 32.7 32.7 32.7 32.7 32.7 32.7 34.6 42 46.8 49.5 52.4 61.9 72.2 78.8 85.9 96.3 102.9 112.8 123.5 139.7 151.8 158.4 166.4 180.9 196.4 205.2 216.6 231.1 238.4 244 253.9 269.4 280.8 283.7 292.3 304.3 306.8 313.7 319.8 328.6 338 342.8 337.2 334.2 355.1 357.9 366.6 370.5 377.2 377.2 376.5 369.1 361.2 379.9 391.3 396 392.4 388.6 392.5 372.8 354.1 347.6 343.6 344.4 350.2 353.4 350.6 343.6
32.7 32.7 32.7 32.7 32.7 32.7 32.7 32.7 32.7 32.7 32.7 32.7 32.7 32.7 32.7 32.7 32.7 37.5 42.3 45.9 49.6 53.9 61.4 67.4 75.5 83.3 89.1 102 121.4 132.4 137.3 135.9 152.5 163.8 176.2 193.8 205.2 210.2 225.4 238.4 256.1 268.6 273.3 280.8 287 296.8 303.4 304.8 317.1 322.8 323.4 325.3 326 330.8 334 348.5 345.6 351.6 360.9 364.6 370.2 367.1 355.8 379.8 392.9 388.3 389.9 384.2 377.4 362.2 346.9 341.7 340.5 336 343.5 348.7 346.2 340 330
32.7 32.7 32.7 32.7 32.7 32.7 32.7 32.7 32.7 32.7 32.7 32.7 32.7 32.7 32.7 32.7 36.9 39.4 40.7 43.5 50.5 61.4 67.3 75 82.4 90.3 101.5 100.3 109 119 134.1 149.4 166.4 181.5 192.2 200.6 208.3 219.2 232.7 248.7 263.4 271.8 278.3 285.5 289.8 298.5 305.9 308.2 310.1 317 318.3 319.9 315.6 316.7 328.4 334.5 340.5 340.1 346 350.9 356.9 351 361.4 373.2 383.7 380.8 383.2 372.8 350.6 340.3 335.9 333.2 331.1 339.9 340.4 339.7 334.4 327.8 322
32.7 32.7 32.7 32.7 32.7 32.7 32.7 32.7 32.7 32.7 32.7 32.7 32.7 32.7 32.7 32.7 36.6 39.3 43.7 48.4 58.9 65.7 76.8 83.7 88.2 95.7 107.3 119.4 127.2 135.1 149.7 166.6 185 198.7 210.6 214.9 225.1 234.1 236.6 254.2 262.6 275.8 283.5 290.5 296.1 303.1 304.8 306.9 307.9 308.4 306.5 306.4 307.4 311.8 319.8 334.2 338.2 331 327.5 338.1 333.1 338.4 344.8 358.1 372.6 366.5 359.1 339.4 333.6 330.9 323.5 324 330.7 329.9 329 324.4 322.3 316.7 317
32.7 32.7 32.7 32.7 32.7 32.7 32.7 32.7 32.7 32.7 32.7 32.7 32.7 32.7 32.7 32.7 32.7 39.8 45.8 53.7 64.7 75 86.8 90.1 96 105.9 120.1 128 134 150.3 170.7 186.9 203.1 215.9 220.5 224.5 231.2 238.9 242 254.5 267.3 277.4 288 294.4 300.5 304.9 305.6 304 306.4 303.9 301.9 307.2 312.7 313.3 320.8 323.5 321.2 318.3 313.8 314.8 321 327.6 326.9 336.8 347.6 334.3 325.7 325.8 322.8 320.8 315.7 326.5 316.6 314.6 316 311.9 312.5 315.5 324.9
32.7 32.7 32.7 32.7 32.7 32.7 32.7 32.7 32.7 32.7 32.7 32.7 32.7 32.7 32.7 32.7 32.7 42.3 55.8 64.8 72.6 76.5 84 95.3 105.2 115.9 125.4 133.4 149.6 167.2 185.8 201.3 218.6 223.8 224.8 228.4 234.7 240.6 245.5 255.7 266.9 281 291.1 296.9 300.5 303.1 302.7 300 301.9 301.4 300.2 308.2 312.4 308.6 305.7 307.1 304.2 304.6 301.2 298.8 306.3 313.4 316.2 322.8 321.3 315.1 313.7 313.7 314.6 311.3 319.5 311.3 299.7 311.3 315.5 312.5 311.3 322.1 325.1
32.7 32.7 32.7 32.7 32.7 32.7 32.7 32.7 32.7 32.7 32.7 32.7 32.7 32.7 32.7 32.7 35.2 45 60 72 77.4 79.5 85.5 99.1 112.4 119.4 133.9 150.5 170 187 197.2 211.7 220.9 222.2 221.2 227.7 236.9 245.6 250 258.6 266.1 277 287.1 293 297.3 299.3 298.5 295.5 296.9 294.2 301.3 301.3 303.9 297.1 292.7 294.4 287.3 286.3 286.8 291.7 298.5 305.3 305.6 307.8 308.7 304.2 297.6 297.5 304.9 307.6 300.3 295.4 303.9 314 325.7 316.2 312.7 316.2 321.5
32.7 32.7 32.7 32.7 32.7 32.7 32.7 32.7 32.7 32.7 32.7 32.7 32.7 32.7 32.7 32.7 43.7 52.9 63.2 75 80 87.9 95.8 103.9 114.8 129 145.8 159.9 180.6 190.7 198.6 210.7 213.9 211.4 219.6 225.2 238.6 248.8 251.5 260.5 267.6 271.2 280.3 287.5 292.3 295.3 293.1 288.3 287.7 290.6 295.8 295.4 294.5 285.8 283.7 287.4 283.7 283.7 283.7 290.3 294 295.4 297.8 298.5 299.2 293 293.6 295.9 298 296.2 290.8 303.2 308.9 321.2 322.8 316.4 315.6 315.6 321.7
32.7 32.7 32.7 32.7 32.7 32.7 32.7 32.7 32.7 32.7 32.7 32.7 32.7 32.7 32.7 39.6 48.7 59.1 68.1 75.8 83 92.2 98.5 105.2 122.8 141.1 157.3 168.8 181.7 194.4 197.2 200.7 208.9 206.8 214.6 225.3 235.8 244.9 251 258.7 262.4 265.8 271.4 282.4 285.8 285.7 287.1 284.8 285.5 289.4 291.4 289 286 283.7 283.7 283.7 283.7 284.5 286.3 290.2 296 296.6 297 298.6 292.6 286.8 289.6 293.6 293.5 291.4 291.9 302.7 307.4 314.9 318.3 316.3 316.1 317.4 323.1
32.7 32.7 32.7 32.7 32.7 32.7 32.7 32.7 32.7 32.7 32.7 32.7 32.7 32.7 36.8 47.6 53.3 61.9 69.6 80.3 88.7 91.8 101.6 113.1 131.3 147.8 161.5 168.8 179.6 188.1 193 198.7 203.8 205.8 210 218.6 226.8 235.3 245.1 260.2 261.5 262.3 262.5 275.1 277.2 282.7 284.5 287.2 285.2 285 285.7 285.1 287.6 291.9 283.7 285.4 286.7 287.8 289.3 289.1 290.9 291.7 290.6 288.2 285.3 283.3 287.1 286.5 284.9 289.9 295.5 299.7 305.8 312 317.6 316.8 317.6 322.6 328.4
32.7 32.7 32.7 32.7 32.7 32.7 32.7 32.7 32.7 32.7 32.7 32.7 32.7 39 44.8 53.8 63.2 69 77.6 81.3 87.4 99.7 109 122 136.5 151.6 159 169.3 180 183.1 189.5 194.5 195.7 203.4 208.3 215.2 223.2 231.4 239.9 251.2 262.9 261 261.2 274.3 281.9 283.1 288.3 293.9 290 289.6 290.5 296.1 296.5 293.7 292.3 290.5 288.7 288 292.1 290.7 287.3 287.2 285.4 284.2 280.6 284 279.7 284.1 288.3 296.7 295.8 297.6 308.5 313.7 316.5 318.4 324.3 326.9 339
32.7 32.7 32.7 32.7 32.7 32.7 32.7 32.7 32.7 32.7 32.7 32.7 32.7 37.1 45.3 55.3 66.3 78.5 78.3 84.7 94 103.2 114 133.5 146.6 158.9 167.3 171.2 178.9 180 180.7 179.9 192.3 201.4 208.4 212.2 219 229 240.7 252.7 259.7 257.8 255.1 268.7 280.1 277.5 283.8 288.3 291.7 292.9 295.1 298.8 298.3 296.3 294.1 294.2 293.7 291.6 291.9 285.6 283.8 282.4 281.1 280.7 278 280.5 287.1 289.2 287.4 290.8 293.8 300.8 311.3 314 318.1 324.7 330.3 335.7 350.1
32.7 32.7 32.7 32.7 32.7 32.7 32.7 32.7 32.7 32.7 32.7 32.7 35 41.6 46.9 62.4 69.6 72.4 71.5 80.8 87.9 92.6 118.5 136.3 151.7 162.1 167.3 172 173.4 175.8 173.4 181.6 191.5 203.6 207.4 209.3 215.9 225.4 239 252.3 255 254.6 253.7 260.7 274.5 271.6 283.6 289.6 291.4 289 296.3 294.7 294.9 294.9 295.5 291.4 292.1 297.2 288.3 282.2 279 278.4 278.7 277 279.7 283.1 288.1 294.9 292.5 297.9 305.7 309.7 312.6 310.9 319.3 330.1 341.3 344.2 355.9
32.7 32.7 32.7 32.7 32.7 32.7 32.7 32.7 32.7 32.7 32.7 33.8 39.6 46.5 53.9 62.4 66.9 68 65.8 60.4 81.8 109 115.4 123.5 136.9 148.8 154.2 166.3 165.9 165 169.3 177.9 186.4 200.3 204.5 204.2 213 223.4 238 251 257.7 252.2 244.4 256.4 265.9 264.7 271.3 278.5 282.9 285.1 287.1 292.9 291.4 291.9 291.5 289 290.3 288.7 285.7 277.8 277 277 277 277 284.2 284.9 290.5 295.7 297.9 301.2 308.1 317.2 313.2 314.7 325 332.2 339.7 346 351.1
32.7 32.7 32.7 32.7 32.7 32.7 32.7 32.7 32.7 32.7 33.3 37.5 42.4 51.3 56.1 59.6 65 56 57.6 76.1 95.4 112.5 121.4 120.5 124.5 131.5 141.2 147.2 160.2 166.8 167.2 172.2 180.6 192.8 195 201.4 210.2 219.7 228.4 237.4 242 238 239.2 248.5 253.2 255.9 263.5 269.2 274 278.5 285.6 295.4 289.8 289.1 290.7 286.5 285.5 284 279.3 277 277 277 277 279.1 284.8 293.6 296.1 300.5 303.5 310.5 321.2 315.3 316.6 321.7 327.3 332.3 338.5 347.1 351
32.7 32.7 32.7 32.7 32.7 32.7 32.7 32.7 32.7 35.4 36.6 40.3 46.8 49.3 52.9 53.5 60.2 68.2 71.8 77.5 97.7 113.7 120.1 132.2 146.1 152.2 151 147.9 151.4 160.3 169.1 173.7 175.3 179.6 183.8 189.6 199.6 211.3 218 225 230.4 237.5 242.2 241.1 245.2 249.8 258.4 263.7 269.5 276.1 282.8 287.8 290.4 288.8 286.8 284.3 281.8 278.3 278 277 277 277 277 281.2 293 305.5 303.4 303.9 311.4 318.7 324.9 317.4 323.3 329.7 331.3 339.5 345.4 343.1 345.5
32.7 32.7 32.7 32.7 32.7 32.7 32.7 32.7 38 37.6 37.2 40.6 46.7 48.6 54.1 59.3 67.5 73.9 80.2 86.7 100.9 117.6 135.8 151.9 157.7 155.8 155.5 153.2 146 156 153.5 158.1 169 180.2 182 190.2 202.4 212.2 219.7 226.9 231.9 238.8 244.5 245 245.9 255.7 257.2 260 268.4 274.7 284 287.5 289 286.7 285.5 280.9 273.2 274.5 278.8 280.9 278.6 281.2 285.4 291.8 301.3 309.4 308.2 313.4 319.1 326.3 318.7 325.7 330.9 333.9 341.4 345.3 351.1 346.8 347.8
32.7 32.7 32.7 32.7 32.7 32.7 32.7 32.7 36.1 38.1 39.8 45.3 47.9 51.3 57 62.4 73.2 80.9 89.8 95.7 122.7 138.9 148.3 152.2 156 157 158.9 158.7 160.8 166 167.3 170.9 179.2 192.6 190.3 200.8 211 227 230.2 230.4 232.2 233.7 238.2 244.5 247.4 252.6 254.4 259.4 270.6 278.6 278.9 277.4 282.5 287.6 280.8 278.3 274 277.9 280.7 282.1 280.9 289.6 294.4 304.4 307.8 312.9 313.2 321.1 326.5 331.7 325.4 325.8 331 338.1 341.5 343 353 353.8 352.7
32.7 32.7 32.7 32.7 32.7 32.7 32.7 32.7 33.9 38.2 41.6 45.2 46.8 48.7 62.3 68.6 78.2 85.2 91.9 106.9 117.2 143 147.9 152.2 159 158.7 162.1 165.7 172.4 169.5 181.1 183.6 194.1 202.9 200.2 210.1 221.4 227.3 229.9 227.4 223.8 231.7 237.7 243.5 249.8 251.8 255.6 261.3 268.2 271.2 274.9 276.3 280.3 281.9 279.4 272.8 274.7 281.1 288.6 289.8 287.7 298 302.5 312.2 315.1 316.6 318.9 324.8 333.4 334.2 327.7 325.8 339.2 336 339 346.2 352.6 361.7 363.3
32.7 32.7 32.7 32.7 32.7 32.7 32.7 32.7 32.7 32.7 39.2 40.6 48.7 58.2 66.3 77.4 89.3 95.5 107.6 119.4 130.6 138.4 145 149.5 157.6 161.7 169.1 175.8 187 188.2 194.6 201.4 199.9 206.4 206.8 199.7 224.9 216.7 224.2 231.7 239.7 241.1 233.8 236.9 243.3 247.5 254.6 258.6 265.3 270.8 275.5 274.8 278 273.6 276.7 281.7 286.8 295.4 298.8 294 297.6 308.1 311.7 321.5 321.3 320.7 324.8 329.7 336.7 331.3 333.8 337.4 342 344.2 351.9 354.7 356 366.2 366.3
32.7 32.7 32.7 32.7 32.7 32.7 32.7 32.7 32.7 33.2 42.1 44.8 53.3 64.1 74.4 86.1 99.7 111.7 121.1 126.9 137 142 146.3 151.4 158.7 168.8 183 190.4 195.7 198.2 201.5 206.8 210.5 214.4 221.5 210.7 218.9 226.1 231.5 236.9 240.4 244.4 245.7 247.2 251.8 246.4 250.1 256 267.7 265.6 265.8 267.6 268.2 279.8 288.1 291.9 296.5 300.6 302.2 304.1 307.8 313.3 316.2 320.9 324.1 327 329.8 332.6 336.3 336.8 337.4 335.9 339.4 343.8 346.5 349.4 354.6 362.9 371
32.7 32.7 32.7 32.7 32.7 32.7 32.7 32.7 33.1 37.4 44.7 52.8 60.6 71.2 84.6 96.4 107.2 115.1 123.9 140.5 142.6 148.6 151.3 160.8 173 182.4 190.2 197 203.6 209.9 212.9 215 221.7 223.2 224.4 228.9 234.7 235.8 240 240.5 244.4 249.9 256.2 258.7 259.8 264.3 267.3 271.2 272.2 268.2 272.4 271.5 279.8 288.8 300.9 302 301.9 303.7 309.1 312.3 315 318.9 324.3 328.8 329 325.3 330.4 335.2 340.1 339.4 339.2 343.7 339.5 345.1 353.6 359.7 359.3 364.1 371.4
32.7 32.7 32.7 32.7 32.7 32.7 32.7 32.7 37.8 41.4 51.4 61.5 70.6 78.6 91 103.4 111.7 121 144.1 152.2 149.4 151.1 159.5 174.7 180.3 187.9 203.8 212.4 218.4 220.1 225.2 225.8 229 231.1 229.2 232.6 239.4 241.8 244.7 246.5 252.6 257.2 260.3 263.7 268.4 273.2 275.2 275.2 273 272.1 275.1 280.7 282.8 298.1 306.6 307.1 306.4 307.3 312 317.1 320.3 325.1 330.9 333.8 335 331.9 333.8 343.5 343.5 342.8 342.8 345.1 345 347.5 355.4 364.6 368.4 374.3 372.4
32.7 32.7 32.7 32.7 32.7 32.7 32.7 32.7 38 44.3 53.2 59.4 75.7 93.1 106.1 112.7 123.1 140.9 154.8 157.5 152 155.6 170.2 173.3 186 201.4 211.2 216.1 225.9 227.9 230.7 230.5 235.2 236.8 235.4 236.1 241.8 246.9 250.6 254.2 259.3 264 267.3 272.4 276.6 280.2 278.2 275.8 277.5 279.7 283 289.6 294.3 303.6 311 310.6 311.3 310.9 315.3 320.5 326.2 330.1 334.3 335.5 334.3 334.8 341.1 345.5 348.4 347.9 352 353.4 354.7 354.9 355.1 362.7 368.4 377.6 381.9
32.7 32.7 32.7 32.7 32.7 32.7 32.7 32.7 42.5 52 63.5 81 90.2 109.9 121.6 123.3 135.4 148.9 147.7 152.9 152.7 155.6 167.5 183.7 191.8 202.2 214.7 226.3 230.1 234.4 238 234.1 237.2 239.6 241.1 245 251.1 254.8 258.2 267 272.1 274.7 277.2 279.7 282.1 283.2 280.2 280.5 283.4 287.7 291.6 297.7 303.2 306.1 310.5 314.1 319.9 318.8 322 327.2 331.2 334.9 339.6 334.5 333.8 336.4 340.3 343.8 345.4 346.3 350.6 357.3 364.7 366.9 363.8 364.6 373.1 383.4 390.2
32.7 32.7 32.7 32.7 32.7 32.7 32.7 37.8 47.3 68.2 83.9 95.9 110 112.5 118.9 123.2 133.9 139.1 143 148.7 154 157.5 173 184.9 195.3 208.2 222.2 232 236.1 241.8 243.5 241.8 242.9 245.5 247.6 251.4 255.8 260.9 266 272.2 276.7 279.4 281.2 283 284.1 283.7 283.4 284.4 288.2 299.6 302.2 306.4 311.4 308.1 311.8 315.8 321.1 324.3 327.7 333.5 335.5 336.4 334.9 334.2 335.2 341.3 348.1 347.6 345 351.6 359.5 361.7 368.3 371.6 367.3 371 380.8 390.3 395.1
32.7 32.7 32.7 32.7 32.7 32.7 35.3 49.7 66.7 84.8 96.6 115.4 121.6 123.5 133.8 133.5 139.3 137.9 140.1 144.9 153 160.2 175.7 188.8 203.1 213.9 229 238.7 243.3 247.6 251 248.6 247.3 247.5 253.3 255.6 259.5 265.3 270.6 273.3 277.3 280.2 282.9 285 285.8 285.8 291.8 293.5 296.4 308.1 311.2 312 316.9 313.3 315.5 321.9 325.9 329.1 331.8 334.6 337 335.3 335.1 335.5 335.6 338.4 352.8 356.6 355.4 360 363.1 366.3 369 377.6 371.8 377.3 388.3 396.2 400.5
32.7 32.7 32.7 32.7 32.7 35.3 49.5 71.2 79.9 97.8 108.1 117.2 122.7 127 136.2 142.8 147.6 149.4 150.3 157.6 155.1 162.8 180.6 192.9 205.2 219.1 230.1 238.3 247.3 249.4 253.2 254.8 249.7 251.9 255.2 257.7 260.7 268.3 269.2 272.2 275.7 276.9 283.7 286.8 288.4 296.3 302 302.4 308 311.7 313.4 316.6 322 318 322 326 328.1 331.8 337.7 337.9 335.8 336.2 336.9 340.5 344.2 350.9 358.1 362.6 362.8 367.2 369.4 373.8 376.7 378.6 379 383.1 392.7 397.9 405.2
