data/200000-850000.asc
ncols 200
nrows 200
xllcorner 200000
yllcorner 850000
cellsize 50
[rows 0 to 34 of 200, columns 0 to 78 of 200]
370.4 359 350 341.5 330.7 323.9 316.8 311.6 308.1 305.9 304.8 303.1 300.7 297.1 296.7 290 271.5 260 249.3 239.7 228 221.4 213 202.6 190.3 182.5 172.3 163.8 156.5 149.5 145.1 139 135 128.4 121.8 116.7 111.1 100.4 92.4 85.8 80.3 73.4 68.2 65.7 61.2 56 58 54.7 52.8 70.6 74.7 77.5 79 79.7 80.6 100 101.7 116.4 129.2 140.5 149.5 162.2 174.6 184.3 162 193.4 217.2 233.5 242.7 252.3 256 270.6 291.7 310 314.4 318.8 324.2 329.5 331.2
362.8 351.2 340.5 333.2 323.2 315.9 310.2 306.6 304.1 301.4 297.2 296.3 294.2 289.7 284.7 276.6 265.1 254.7 245.3 235.6 225.9 217.2 206.4 196.1 186.3 177.7 169.6 161.6 153.9 150.2 143.9 139 134.4 129.2 120.9 113.2 107.7 101.9 93.5 86.5 79.6 73.3 68 64.8 60.9 59.5 58.8 56.4 55.1 73.8 77.4 81.7 79.2 82.2 84.7 102.7 109.1 120.6 134.5 148.1 159.8 172.1 188.8 197.3 207.7 204.1 196.1 238.3 249.3 267.8 283.8 293.5 303.7 306.6 311.3 318.2 329.3 329.9 332.4
350.6 339.1 328.2 320.6 313.6 307.5 302.8 299.3 295.9 292.4 289.1 287.4 285.6 280.6 275.2 266.5 256.1 247 237.7 228.6 219.5 208.2 197.7 188.5 181 175.3 167.2 158.9 154.4 147.3 142.3 136.4 132.1 127.3 120.6 112.7 108.8 98.6 89 82.8 77.2 72 67.6 63.7 60.7 58 55.9 53.6 70.3 77.7 80.7 78.7 82.6 94.6 99 95.5 111.8 124.4 138.4 152.5 168.2 183.8 198.7 212.6 222.8 233.7 224.2 232.2 260.2 278.2 290.5 300.7 309.4 315 318.9 320.3 325.5 328.2 330.3
339.9 329 317.8 312.4 305.6 300.5 296.8 293.5 290 285.7 282.4 279.7 276.7 272.4 267.7 259.1 247.7 238.5 229.7 221.2 212.1 202.2 192.4 183.9 175.1 169.1 163.5 157.6 150.9 144.8 138.1 133.2 129 122.8 116.6 110.4 105.4 96.4 87.3 81.1 75.5 70.5 66.2 63 60.5 57.5 55 61.6 76.2 78.4 80.1 82.3 93.3 99.3 103.8 102.1 112.5 129.4 144.9 160.2 178.6 197.1 212.1 225.8 239.6 246 245.3 237.6 268.3 286.7 297.5 309 316.8 326.4 326.7 330 327.1 327.6 329.4
330.2 320.8 311.8 306 300.1 296.8 291.9 287.8 283.5 279.2 275.6 272.9 269.6 265.2 260.5 250 239.6 230.1 222 213.8 205.7 195.9 186.9 178.9 175.2 166.8 160.9 154.2 146.4 138.6 135.1 129.9 124.6 118.6 114.2 108.9 104.3 95.2 85.8 79.7 74.1 69 65 62.4 59.7 54.8 60 74.5 75.3 76.7 82.3 88.8 96.6 103.2 108 108 117.1 134.1 151.1 166.9 187.6 207.7 223.5 237.5 248.5 255.3 258 266.3 264.8 284.3 299.7 312.3 321.2 326.4 328.9 331.7 327.1 327.1 327.2
318.6 311.1 304 299.8 297.3 292.9 286.4 281.5 277 272.7 268.8 265.4 262.4 258 251.7 241.1 229.9 222.1 214 205.9 198.9 190.2 182.4 177.6 171 164.7 159 151.8 144.9 138.5 130.9 127.3 123 118 111.6 107.9 103.3 94 84.6 78.5 73.2 67.8 64.8 61.1 58.1 59.6 74.4 78.5 80.4 82.9 86.1 92.5 100.2 106.8 113.8 121.9 111.7 134.2 154.4 171.8 193.3 210.7 226.1 239.8 250.8 262.4 270.2 277.7 284.8 292.2 295.8 306.1 318.6 327.6 329.2 330 327.3 327.1 329.5
308.5 301.8 294.4 292.9 290.8 285.2 280.3 275.4 270.9 266.4 261.4 257.9 255.1 249 239.4 230.3 221.1 215 206.7 198.7 192.2 185.9 179.8 173.7 167.9 162.6 155.5 148.3 141.6 134.8 129.6 124.4 117.9 113.9 110.7 106.6 100.6 90.1 83.9 78.5 73.2 68.3 65.4 61.1 55.5 65.2 72.9 79.4 83 86.5 92 97.2 102.8 113 120.8 127.9 133.5 120.4 142.1 164.9 197.1 216.5 231.6 244.1 255 267.5 277.4 284.4 292.1 300.9 308.9 311.3 309.3 323.5 326.2 326.1 327.8 331.4 333.4
301.2 292.2 285.5 285.2 282.3 276.9 273.3 269.2 264.7 260 255 250.2 245.8 238.1 229.3 220.8 213.8 207.2 199.5 192.7 186.4 180.9 174.9 168.8 164 158.6 151.7 144.8 139 133.4 127.7 122.1 117.8 112.4 106.2 105 97.3 89 83.4 78.2 72.6 67.9 64 60.2 60.8 69.2 75.7 78.3 85.3 91.4 99.3 103.1 108.1 119.2 129.3 138.3 144.6 146.8 138.6 159.5 197.4 219.9 237.4 250.3 260.2 268.5 278.2 289.5 297.7 305.4 312.2 316.5 317.9 318.5 323.9 324.9 331 334.7 335.6
291.8 284 278.5 276.4 272.9 269 266.1 263.1 258.3 252.9 248.1 243.2 235.5 227.4 219.8 213.4 205.5 198.8 192.8 187 181.1 176 169.9 164.9 159.6 154.1 147.2 140.8 135 129.3 123.7 118.9 114.3 109.2 104.5 99.7 93.8 87 81.3 76.4 70.6 65.2 62.4 57.6 63.9 72.8 81.2 85.1 84.2 93 105.6 111 115.7 125.3 135.4 146.5 155.7 163.5 155.3 158 185.5 219.3 236.2 248.5 258.9 269.6 281.6 292.8 300.8 307.1 313.8 319.9 324.3 325.6 321.1 325.2 330.5 332.1 335
284.3 276.2 273.1 271.1 265.3 261.9 260.1 257.1 251.3 246.4 241.6 234.8 226.7 218.6 210.6 205.2 200.7 194 186.6 179.5 175.8 170.9 165.2 159.2 153.9 148.7 142.9 136.9 131 125.3 120.1 115.4 110.8 106 101.2 96.4 90.3 83.9 77.8 73.8 68.9 63.1 58.3 61.7 67.1 75.4 83.4 87.7 88.6 101.6 111.5 115.3 122.3 131.2 142.9 154.8 165.5 176.4 182.1 179.5 186.8 217.4 229.3 244.6 258 270.6 283.9 296.4 304.5 311.3 317.7 323.8 324.3 329.8 329.7 329.5 329.2 330.2 334.8
275.7 269.7 265.4 265.2 259 256.1 254.3 251 245.2 240 234.2 227 219.2 212.3 204.1 197.1 193.6 187.3 181.4 175.3 169.7 162.9 158.9 153.5 148 142.5 136.7 132.5 127 121.3 116.6 111.9 107.3 102.6 97.9 93.5 87.1 80.4 75.3 71.1 66.8 58.9 62.6 65.5 70.6 79.7 86.8 92.8 99.6 110.4 118.4 120.7 126.1 137.3 149.5 161.8 174.2 185.9 196 203.5 198.7 208.9 225.4 239.5 253.4 270.8 287.6 301.6 307.2 313.9 321.6 327.5 328.7 330.9 332.6 332.9 334.3 331.7 334.7
268 263.4 259 257.8 252.9 250.7 248.8 244.7 239.4 234.3 226.6 217.8 212.8 207.3 198.5 190 185.9 180.5 175.2 170.9 165.7 159.6 153.1 147.3 141.7 136 130.5 126.3 122.1 117.8 113.5 108.9 104.2 99.6 96.5 92.3 85.6 79.8 73.7 68.8 65.2 64.5 65.6 68.9 75.6 84.3 91.5 99.3 107.5 116.2 123.2 126.8 131.6 144.1 156.9 169.4 181.9 194.9 205.9 213.5 215.8 223.7 233.4 249.4 260.1 270.6 288.5 303.3 309.2 316.1 323.9 329.9 332.1 332.5 334.2 337.3 340.4 340.6 339.4
264.6 259.5 255.7 250.3 247.4 245.6 243.4 239 235.7 231.6 222.8 212.5 207.1 201.4 192.8 184.4 178.5 173.6 169.1 162.8 157.2 153.9 147.4 141.5 135.8 131.1 127 122.7 118.4 114.2 110 105.9 101.7 98.1 95.6 91.1 84.7 77.2 72.1 66.7 62.5 66.9 68.4 71.4 83.4 88.8 95.8 102.9 112 121.5 128.4 132 137.6 150.3 163.4 177.1 190.3 203 214.2 222.1 226.1 222.2 241.9 259.4 269.7 283 294.9 305.8 312.5 318.6 326.4 331.3 334.6 335 335.9 340.6 343.3 343.5 342.5
260.7 257.3 251.9 247.8 244.8 241.5 238.5 237.1 236.9 234.7 221.6 209.6 202.2 194.1 186 179.6 173.5 169.3 162.9 158.1 153.6 147.4 141.9 136.8 130.7 126.1 121.8 118.7 114.8 110.5 106.8 102.7 98.8 94.9 91.8 85.9 79.8 74.7 70.1 62.7 67.5 69.3 71.4 76.8 90.7 90.9 101.5 107.6 116.5 126.4 132.8 138.1 145.8 158.3 171.1 184.4 197.6 211.1 222.9 231.4 240.5 239.9 247 265.9 276.5 289.4 301.3 309.6 315.9 321.9 328.9 332.7 335.8 336.7 338.3 341.7 344.4 344.2 343.8
261 263.7 252.7 251.1 249 248.2 246.7 247.7 245.4 235.8 219.8 207.1 200.2 190.4 182.4 174.9 167.3 164.4 160.3 155.7 149.7 144.3 139 133.5 129.5 123.9 120.5 111.3 110.9 107.2 104.5 100.3 96.2 91.9 86.3 81 75.9 72.3 63.5 69.1 70.6 72 75 78.9 90.6 96.6 104.5 109.2 119.7 128.6 135 142.4 154.6 167.4 179.9 191.7 205.5 219.2 232.5 242.1 251.3 253.7 246.2 266.9 279.8 295.4 305.4 312.6 318.8 325 330.8 333.6 335.5 339 341.2 341.9 344.3 342.9 350
264.6 264.3 256.9 252.5 251.9 251.5 253.1 256.1 246.3 229.9 214.5 205.3 197 187.3 179 171.7 164.3 156.7 152.6 149.1 143 138.6 133.6 128.6 124.4 120.4 117.3 112 104.3 104.4 101.8 97.6 92.6 88.4 81.8 76.7 72.2 65.6 70.3 72.8 75.1 76.5 81.5 82.6 93.6 101.9 107.5 111.6 122 129.3 136.8 147.9 161.3 174.7 187.8 199.1 212.5 226.1 240.9 250.6 259.6 265.2 260.8 267.9 280.4 296.8 309 315.4 321.6 327.6 332.5 335.6 336 340.4 341.2 342.7 342.7 345 349
269.9 262.5 258.1 255 254.9 255.9 260.9 253.3 239 222.4 210.2 201.4 192.3 182.6 174.9 166.1 159.1 151.4 144.1 142.9 140.5 131.3 127.5 123.7 119.7 116 111.5 108.4 105.4 101.8 92.6 97.3 87.7 83.4 79.6 74.5 70.3 68.3 71.3 76.4 77.4 79.5 86.6 91 96.8 105.7 114 120.6 124.1 130.9 140.7 153.2 166.3 179.5 193.8 206.1 218.5 232.3 245.7 255.3 264 269.9 272 270.2 282.8 301.3 311.5 317.9 324.4 330.1 334.8 337.9 340.1 339.1 340.5 344.9 344.2 343.6 348.1
272 267.7 260.3 257.5 257 255.8 253.9 241.7 228.8 215.9 204.6 194.9 185.4 175.8 167 159.2 151.9 144.8 137.9 134.2 133.6 127.2 123.2 119.3 115.7 108.4 104.8 101.8 99.2 96.3 90 84.6 83.1 80.1 77.9 73.6 71.9 72.5 73.7 77.5 80.9 83.2 88.1 94.3 101.9 105.6 116.2 124.2 128.7 135.1 145.6 158.8 171.8 185.2 200 212.5 224.2 237.9 251.2 263.7 270.1 273.6 275.5 273.6 286.5 302 312.4 319.9 327.4 334.7 338.5 340.4 342.6 341.7 343.1 347 346.1 344.8 346.4
270.6 264.4 258.5 255.9 251.4 248.3 241.9 230.1 217.9 207.7 197.7 187.1 177.3 167.8 160.9 153.6 146.6 139.4 132.5 126.1 125.3 122.5 118.4 114.8 107 98.8 97.6 94.9 91.7 88.2 83.9 81.4 79.6 77.9 76.2 72.9 72.2 75.2 77.2 79.1 81 87.7 93.2 98.3 106.2 108.2 119.5 127.1 132.7 140.1 150.8 163.8 177.6 192.3 206.8 219 230.3 245.3 259.4 270.3 277.2 280.8 283.2 282.5 287.8 301.6 310.6 317.5 326.9 336.5 340.2 342.4 344.2 344.4 343.8 346.6 346.4 345.5 345.8
268 261.4 256.2 249.9 243.2 236.9 226.5 216.4 207.7 200.3 190.7 179.6 171.1 163.4 157.3 147.5 140.7 134 127 121 116.9 114 110.5 105.9 99.1 97.3 96 93.7 85.7 82.5 80.2 78.9 76.9 78.7 74.4 72.3 76.1 79.3 81.3 83 84.5 87.6 95.2 98.7 103.1 111.6 121.8 126.7 134.1 144.5 155.7 170.4 184.9 198.4 212 224.5 236.2 252.2 266 276.1 283.7 289.2 293.9 295.4 291 306.5 316.2 319.8 326.8 336.2 341.3 343.9 345.7 346.5 345.9 346.9 346.8 348.5 349.9
266.5 259.3 252.9 245.3 235.4 225.7 215.7 206.6 199.4 192.6 182.6 173.2 166.3 158.6 149.1 140.5 134.7 128.5 121.5 116 112.1 106.8 102.9 102.4 99.8 95.6 94.1 88.1 83.7 80.2 77.9 78.8 74.2 72.5 74.8 76.8 79.3 82.8 85.2 86.9 89.6 89.8 100 102.5 106.9 113.9 121.4 126.7 136.4 149.7 162.6 175.8 186 202.3 216.4 228.3 242.8 258.3 272.8 283.1 291 295.6 303.7 305.1 297.4 311.6 319.9 323.7 328.7 335.7 342.4 344.8 347.3 348.1 348.8 348.5 350 353.6 352.6
264.2 256 249.2 238.6 227.6 217.6 208.3 199.8 192 184.4 175.1 167.6 159.5 149.4 142 135.3 129.5 123.9 116.7 111.7 108.6 104.2 107.2 99.2 92 97.9 93.2 86.3 81.8 77.8 73.9 75.2 76.9 78.1 78.8 80.6 82.2 85.3 89.7 93.9 96 96.5 96.7 101.2 112.6 117.6 124.7 130.2 140.3 155.5 169.9 182.6 193.9 206.9 220.8 234.7 249.6 264.2 282.9 290.3 297.1 302.4 310.1 310.5 306.2 313.1 321 323.8 330.1 336.4 342.9 347.2 349.7 350.5 350.7 349.5 349.1 352.4 351.9
258.9 251.2 244.3 232.6 220.1 211.2 201.9 191.9 184.1 176.4 167.2 161.6 150.6 142.7 136.4 130.4 124.4 119.3 113.6 110.2 108.1 106.3 104.8 101.3 97.1 87.8 88.7 81.5 76.8 77.3 79.3 81.1 82.3 82.8 83.4 84.7 87.6 89.8 95 99.7 102.3 101.8 103.4 111.8 114.2 121.3 127.7 133.9 145.5 160.6 173.3 188.8 199.4 212.6 226.9 240.8 255.7 270.4 287.2 295.8 302.4 308.3 313.7 315.4 311.4 312.1 318 325.6 331.1 336.2 345.5 351 353.5 353 352.3 351.4 353.2 355.3 354.1
257.5 248.2 240.6 227.1 215 204.9 195.6 185.2 176.3 165.2 160.1 151.3 143 136.9 130.7 124.6 119.6 115.7 112.3 108.9 107.2 105.5 102.9 96.2 89.9 87.7 86.7 78.1 78.1 81.7 83.9 84.4 85.8 87.1 87.7 90.3 94.4 97 99.7 103 108.2 106.9 103.1 118.1 120.7 124.8 129.2 138 151.5 166.5 184 194.4 206.3 220.1 234.4 248.4 262.5 275.7 289.9 299.5 305.4 312.1 319.3 322.5 318.1 315.5 319.2 330.5 329.9 335.7 345.8 352.8 356.2 354.8 353.9 353.5 359.2 361.7 359.9
256.4 247.3 238.4 223.3 209.3 198.1 189.7 177.1 163.9 156.8 150.7 144.2 138.5 131.3 123 116.1 116 115.1 112.1 108 105.6 103.7 101.4 93.1 84.4 82.5 80.9 77.5 82 85.4 86.9 88 90.2 91.4 92.5 96.5 100.8 103.7 106 111.4 111.8 111.8 110.1 123.5 128.5 133.8 134.4 144.1 157.1 171.7 189.4 206.8 214.2 227.8 242.1 256.5 271.2 284.4 296.5 302.8 307.7 314.9 322.9 325.3 323.2 318.1 326.5 332.9 333 335.9 344.9 353.2 356.9 356.2 355.4 356.5 360.5 361.2 358.8
250.8 244.9 233.6 217.1 204.4 190 181.1 168 157.6 150.6 144.3 139.6 134 123.6 115.1 109.5 111.2 110.2 106.7 104.9 103.2 101.6 97.8 85.8 83.1 82.1 79 82.9 86.7 90.2 91 92.1 95.3 96 99.8 104.5 110.7 112.3 113.8 117.1 117.4 118.1 116 126.1 131.6 136.6 138.7 152.9 166.3 180.1 196 208 222 235.2 249.7 264.2 279.9 291.6 300.8 305.2 308.2 316.9 324.8 326.9 326.7 326.6 331.3 334 333.6 334.7 342.8 352.8 357.3 357.2 358.5 359.3 360.1 360.1 358.2
244.9 236.8 226.2 212.2 199.9 183.8 172.2 161.2 151.5 143.9 137.2 132.5 124.8 116.4 109 104.1 105.3 105.9 105.2 103.3 102 102.4 87.7 83.6 81.2 81.3 84.6 87.9 91.9 98.5 99.6 98.8 101.7 102.7 108 112.9 118.8 120.1 122.6 123.4 123.5 124 118.9 128.2 134.3 139.5 147.3 160.9 174.7 188.8 204 217 228.5 241.8 256 269.8 283.6 295 302.7 306.4 309.3 315 324.9 330.5 331.7 331.2 333.9 332.5 334.3 339 346.2 352.6 354.3 356.1 358.3 359.3 359.3 359.3 358.3
236 229.4 218.2 203 191.9 178.5 165.5 153.9 144.3 136.2 128.5 123.2 116.7 109.9 103.5 99.6 99.9 103.5 104.3 101.8 99.1 96.3 84.4 80.3 82.1 85.2 88.6 92.6 98.1 104.1 107.8 108.6 110 114.9 118.3 120.5 124.4 127.5 129.6 130 129.9 129.5 129.5 127.4 137.2 144.8 154.2 168.1 182.7 195.5 209.5 222.8 235.3 245.9 259.6 272.9 285.6 298.4 305.1 308.4 313.7 320.5 327.9 332.6 338.2 334.8 338.6 337.6 336.6 341.5 348.7 351.4 351.9 356.4 359.9 360.1 359.3 359.2 359.2
228.2 222.7 210.4 194.1 183.2 170.8 155.5 145.1 135.6 126.5 120.4 114.7 110.3 105.3 101.8 98.9 97.3 101.7 99 97 94.8 87.3 82.2 82.3 85 88.8 92.4 96.5 103.4 109.4 114.3 118.4 120.7 125 127.6 130 132.3 132.7 134.4 135.8 136 129.2 134.8 132.6 140.6 146.5 162.6 175.7 189.7 202.7 215.9 228.5 239.3 251.2 263.6 276.4 289.3 300.6 305.4 308.6 314.3 321 332.7 337 339.5 340.5 345.8 340.8 336.7 340.3 346.3 349.2 352.3 357.2 361 361.5 362.5 362.2 360.7
222.4 219.7 199.6 185.5 173.9 161.5 146.4 136.1 126.7 118.7 114.4 111 107.4 104 101.9 99.3 95.7 93.2 93 91.5 88.5 84.2 81.3 84.5 87.7 92.9 97.2 101.8 109.1 114.4 120.4 127.6 130.4 135.6 137.5 140 141.7 140.5 139.6 142.3 142.4 141.6 142.4 140.9 148.8 153.6 170.1 182.6 196.6 209.4 221.4 232.9 243.5 255.3 266.4 279.2 292.7 302.2 308.2 313 321.4 331.8 336.3 340.5 343.6 341.9 346.7 342.8 337.9 342.8 344.4 349.3 353.7 356.4 359.9 365.3 367.9 369.6 365.3
215.1 207.4 192.2 181.1 165.1 151.1 138.9 129.6 120.8 114.6 110.1 108.2 104.7 100.3 98.5 97.6 93.6 89.1 87.2 86.2 83.2 82.3 85 88.3 92.9 98 103.3 107.7 120 123.6 130.9 136.2 140 143.5 147.4 149.9 151.1 150.3 147.3 151.5 148.4 148.8 150.6 150.7 152.3 164.6 177.9 190.6 202.9 214.9 226.9 237.5 247.9 258.7 269.6 281.5 293.5 304.1 311.5 320 328.8 334.7 338.2 342.4 347.4 344 340.8 347 341.8 346.9 354.4 355.1 357.8 359.7 364 372.5 379 378.3 371
200.5 196.2 189.6 176 157.4 143.3 132.5 123.3 115.7 110 105.9 103.5 101 98.7 96.5 95.2 90.3 85.3 83.7 84.2 85.4 86.7 90.6 94.4 99.7 106.5 112.6 116.4 123.6 133.2 141.4 147.5 151.6 155.7 160.1 162.2 161.4 160.4 157.6 162.8 160 158.4 157.9 157.1 153.8 169 185.9 196.8 208 220.1 233.1 243.3 251.7 261.4 271.4 282.4 294.3 306.6 316.2 324.9 331.4 337.4 340.1 344.9 349.9 347.6 340.9 342.8 346.5 354.7 367.3 364.5 368.5 369 371.3 375.7 379 379.4 376.9
191.9 193.8 179.1 162.1 147.2 134.2 123.8 116.1 110.2 105.6 101.1 98.8 97.6 96.5 94.4 91.9 86.2 87.2 87.4 88.6 89.1 91.7 95.9 103.4 112 118.3 122.4 126 131.1 143.6 153.7 161.1 165 168.9 172.5 174.8 172.6 170.3 167.2 169.6 169.2 167.1 168.8 167.6 165.5 176.4 192.3 203.6 214.6 226 236.5 246.2 255.5 263.8 273.5 284.8 297.5 309.8 320.2 328 334.2 340.2 343 349.2 360 350.9 344.7 343.2 347.2 359.5 364.9 369.6 376.5 388.6 380.1 380.4 380.8 380.2 379.9
177.8 174.5 160.8 147.1 137.7 126.6 117.4 110.4 105.5 100.3 96.4 93.8 93.9 93.5 91.9 88.1 89.1 88.8 89.1 91.9 93.2 97.6 103.3 114.3 125.9 132.3 137.1 141.4 141.5 154 165.8 173.2 178.2 180.8 183.4 184.9 182.8 179.8 176.5 179.7 178.1 176.4 179.4 178.2 174.4 179.4 198.9 210.7 221 232 239 247.3 258.9 268.4 277.6 288.5 301 313.5 323.8 330.8 337.2 342.4 345.7 351.7 356.9 353.4 350 350.4 353.3 359.5 365.6 371.3 380.8 382.9 383 382.7 381 379.9 378.5
160.1 156 143.3 135.1 125.5 118.5 111.2 105.8 100.8 95.6 92 90.9 90.9 90.2 89.5 88.3 89.5 90.3 90.8 94.1 97.2 103.6 114.5 128.7 140.8 149.3 153.1 161.3 162 164.1 178.2 185 189.8 192.9 196 195 191.8 187.9 188.4 189.4 188.9 187.8 189.1 189.3 187.5 184.3 206.8 216.5 226.9 237.1 245.5 247.5 260 272.2 281 292.3 303.1 315.7 325.9 332.7 338.8 343.4 347.3 351.5 353.5 353.9 354.6 353.3 353.3 358 369.2 378.7 386.7 388 383.4 380.8 382.2 381.9 382.9
