data/200000-640000.asc
ncols 200
nrows 200
xllcorner 200000
yllcorner 640000
cellsize 50
[rows 111 to 147 of 200, columns 0 to 83 of 200]
343.1 312.3 275.4 254.5 245.3 237.3 232.2 229.2 224.6 218.5 212.3 202.5 192.2 181.6 172.1 163.6 159.1 154 152.6 151 147 144.9 150 150.6 153 148.6 144.9 141.1 139.2 135.2 126 115.4 101.3 86.7 75 64.5 51.9 45.1 39.4 30.2 18.5 6 1 -1.1 -1.1 -1.1 -1.1 -1.1 -1.1 -1.1 -1.1 -1.1 -1.1 -1.1 -1.1 -1.1 -1.1 -1.1 -1.1 -1.1 -1.1 -1.1 -1.1 -1.1 -1.1 -1.1 -1.1 -1.1 -1.1 -1.1 -1.1 -1.1 -1.1 -1.1 -1.1 -1.1 -1.1 -1.1 -1.1 -1.1 -1.1 -1.1 -1.1 -1.1
373.8 339.4 302.9 275 262.3 253.8 245.2 240.3 234.4 227.5 219.3 207 194.1 185.8 180.4 175 170.4 158.8 158.8 157.4 152.2 149.6 156.6 158.6 158.6 152.6 147.1 143.4 140.7 136.8 128.5 117.9 106.8 92.5 82.1 70.8 59.1 51.4 44.8 34.6 24.1 8.1 2.9 -1.1 -1.1 -1.1 -1.1 -1.1 -1.1 -1.1 -1.1 -1.1 -1.1 -1.1 -1.1 -1.1 -1.1 -1.1 -1.1 -1.1 -1.1 -1.1 -1.1 -1.1 -1.1 -1.1 -1.1 -1.1 -1.1 -1.1 -1.1 -1.1 -1.1 -1.1 -1.1 -1.1 -1.1 -1.1 -1.1 -1.1 -1.1 -1.1 -1.1 -1.1
391.4 362.2 325.2 295.1 277.1 267.1 259.3 253.7 245.6 235.8 226.1 212 204.8 196.7 187.4 184.7 181.3 174.7 165.8 160.6 154.7 157.5 161.2 163.3 161.5 155.7 149.7 146.3 142.3 138.7 132.6 123 111.8 99.6 90.1 76.7 68.1 59.8 52.3 40.8 27.4 12.4 4.5 1.7 -1.1 -1.1 -1.1 -1.1 -1.1 -1.1 -1.1 -1.1 -1.1 -1.1 -1.1 -1.1 -1.1 -1.1 -1.1 -1.1 -1.1 -1.1 -1.1 -1.1 -1.1 -1.1 -1.1 -1.1 -1.1 -1.1 -1.1 -1.1 -1.1 -1.1 -1.1 -1.1 -1.1 -1.1 -1.1 -1.1 -1.1 -1.1 -1.1 -1.1
420.6 380.3 347.1 316.1 294.8 283.1 276.8 268.9 258.3 246.5 232.9 217.2 214.6 204.9 198.3 194.6 189.6 184 173.8 165.3 158.8 159.5 164.4 164.5 162.7 159.7 153.5 148.3 144.9 142.6 136.4 126.3 115.7 104 93.5 85.4 80.1 69.9 59.6 48.7 34.2 14.8 5.9 2.8 0.4 -1.1 -1.1 -1.1 -1.1 -1.1 -1.1 -1.1 -1.1 -1.1 -1.1 -1.1 -1.1 -1.1 -1.1 -1.1 -1.1 -1.1 -1.1 -1.1 -1.1 -1.1 -1.1 -1.1 -1.1 -1.1 -1.1 -1.1 -1.1 -1.1 -1.1 -1.1 -1.1 -1.1 -1.1 -1.1 -1.1 -1.1 -1.1 -1.1
447 406.2 371.7 338 315.7 304.6 296.8 286.6 276.3 260.3 241.1 231.9 220.9 213.1 209.3 204.5 197 189.7 181.8 172.5 163 163.9 169.5 167.1 163.9 161 156.2 151.4 148.3 146.7 139.9 129.5 119.1 109.2 102.1 94.7 87.1 78.5 67.5 61 53.2 39 18.6 5.3 3.1 -1.1 -1.1 -1.1 -1.1 -1.1 -1.1 -1.1 -1.1 -1.1 -1.1 -1.1 -1.1 -1.1 -1.1 -1.1 -1.1 -1.1 -1.1 -1.1 -1.1 -1.1 -1.1 -1.1 -1.1 -1.1 -1.1 -1.1 -1.1 -1.1 -1.1 -1.1 -1.1 -1.1 -1.1 -1.1 -1.1 -1.1 -1.1 -1.1
478.4 440.1 402.6 360.2 336.3 323.9 314.8 302.3 290.3 272.8 262.8 242.3 230.4 224.2 218.1 210.6 202.2 194.6 186.7 177.2 167.1 170.5 174.9 173.1 168.9 166.8 161.5 155.2 151.6 150.5 144.5 134.3 123.1 116.7 108.3 101.2 91.9 87.2 83.3 76.7 65.5 54.9 45.2 29.8 12.7 4.5 -1.1 -1.1 -1.1 -1.1 -1.1 -1.1 -1.1 -1.1 -1.1 -1.1 -1.1 -1.1 -1.1 -1.1 -1.1 -1.1 -1.1 -1.1 -1.1 -1.1 -1.1 -1.1 -1.1 -1.1 -1.1 -1.1 -1.1 -1.1 -1.1 -1.1 -1.1 -1.1 -1.1 -1.1 -1.1 -1.1 -1.1 -1.1
515.2 479.6 430.5 379.9 353.1 340.4 329.2 314.7 298.6 289.6 281.1 263.4 244.4 237.5 224.7 217.7 210.1 199.8 190.7 181.7 173.1 179.2 181.3 177.4 175.6 171.9 167.5 162.1 156.2 155 148.9 140.7 129.5 124.1 117.3 108.1 100.9 95.9 91.9 84.4 75 64.5 56.5 47 29.6 9.1 2.2 -1.1 -1.1 -1.1 -1.1 -1.1 -1.1 -1.1 -1.1 -1.1 -1.1 -1.1 -1.1 -1.1 -1.1 -1.1 -1.1 -1.1 -1.1 -1.1 -1.1 -1.1 -1.1 -1.1 -1.1 -1.1 -1.1 -1.1 -1.1 -1.1 -1.1 -1.1 -1.1 -1.1 -1.1 -1.1 -1.1 -1.1
551.3 520.4 441.2 388.6 366.5 353.7 338.6 325.2 314.4 302.1 291.1 278.6 257.9 243 232.8 224.1 213.8 204.1 194.8 184.2 184.4 184.8 186.2 181.1 179.4 176.5 173.2 169.5 162.1 161.4 157.4 150.7 140.6 134 127.8 115.7 108.5 104.5 98.1 92.2 86.3 75.5 62 47.5 30.6 17.6 6.5 -1.1 -1.1 -1.1 -1.1 -1.1 -1.1 -1.1 -1.1 -1.1 -1.1 -1.1 -1.1 -1.1 -1.1 -1.1 -1.1 -1.1 -1.1 -1.1 -1.1 -1.1 -1.1 -1.1 -1.1 -1.1 -1.1 -1.1 -1.1 -1.1 -1.1 -1.1 -1.1 -1.1 -1.1 -1.1 -1.1 -1.1
565.9 489.2 411.2 385 373.5 357.1 342.6 335.5 328 315.4 304.1 290 270.9 248.2 236.5 227.1 218.4 208 197.8 195.2 194.9 191.5 187.5 184.5 182.2 179.6 177.6 175.5 168.9 168.5 165.4 159 151.4 144.8 136.5 124 116.5 111.9 105 98.8 91.8 80.8 63 48.5 39.2 25.9 9.3 1.5 -1.1 -1.1 -1.1 -1.1 -1.1 -1.1 -1.1 -1.1 -1.1 -1.1 -1.1 -1.1 -1.1 -1.1 -1.1 -1.1 -1.1 -1.1 -1.1 -1.1 -1.1 -1.1 -1.1 -1.1 -1.1 -1.1 -1.1 -1.1 -1.1 -1.1 -1.1 -1.1 -1.1 -1.1 -1.1 -1.1
509.1 431.7 400.5 382.7 373.2 359.3 350.5 344.5 338.8 329.5 317.5 302.9 283.3 261.9 240 230.6 220.3 212.1 205.3 202.2 200.1 196.7 195.5 190.5 185.3 181.5 179.7 179.3 174.1 171.4 168.8 166.4 161.4 159.8 146.4 130.5 124.6 118.6 111.2 101.8 93.7 84.5 73.2 58 47.2 32.3 12.3 2.6 -1.1 -1.1 -1.1 -1.1 -1.1 -1.1 -1.1 -1.1 -1.1 -1.1 -1.1 -1.1 -1.1 -1.1 -1.1 -1.1 -1.1 -1.1 -1.1 -1.1 -1.1 -1.1 -1.1 -1.1 -1.1 -1.1 -1.1 -1.1 -1.1 -1.1 -1.1 -1.1 -1.1 -1.1 -1.1 -1.1
453.7 413.7 393.4 381 373.2 365.5 360.7 357.4 356.2 346.7 332 311.7 294 273.3 252.2 235.1 229.6 221.5 212.8 209.7 204.7 201.9 199.6 195.1 188 183.5 181.6 179.1 175.1 173.3 171.6 170.6 171.2 163.8 153.2 138 130.2 123.7 115.7 105.3 94.8 86.4 75.9 62.2 50.5 37 17.8 4.7 -1.1 -1.1 -1.1 -1.1 -1.1 -1.1 -1.1 -1.1 -1.1 -1.1 -1.1 -1.1 -1.1 -1.1 -1.1 -1.1 -1.1 -1.1 -1.1 -1.1 -1.1 -1.1 -1.1 -1.1 -1.1 -1.1 -1.1 -1.1 -1.1 -1.1 -1.1 -1.1 -1.1 -1.1 -1.1 -1.1
436.8 405.2 389.6 384.9 379.4 376.9 381.2 385.8 383.2 364.2 342.2 321 301.9 282.2 261.9 245.4 234.1 228.4 219.1 213.7 208.9 205.7 203.2 198.9 191.6 184.8 181.5 178.2 175.2 173.9 173.6 174.7 174.4 167 155.7 144.5 135.3 126.5 116 106.9 97.8 87.9 77.3 65.5 53.6 40.7 22.3 6.1 -1.1 -1.1 -1.1 -1.1 -1.1 -1.1 -1.1 -1.1 -1.1 -1.1 -1.1 -1.1 -1.1 -1.1 -1.1 -1.1 -1.1 -1.1 -1.1 -1.1 -1.1 -1.1 -1.1 -1.1 -1.1 -1.1 -1.1 -1.1 -1.1 -1.1 -1.1 -1.1 -1.1 -1.1 -1.1 -1.1
426.3 404.5 396.7 391.1 390.2 402.2 410.1 414.3 402.8 379.6 355 331 311.6 292.5 273.2 254.7 238.5 233.9 226.2 219.1 212.9 208.6 204.5 200.9 195.7 186.2 181.6 178.2 175.8 173.8 173.4 174.9 174.9 166.6 158.7 149 138 127.8 116.5 108.8 99.2 87.3 77.2 66.7 54.9 39.7 19.5 6.1 0.4 -1.1 -1.1 -1.1 -1.1 -1.1 -1.1 -1.1 -1.1 -1.1 -1.1 -1.1 -1.1 -1.1 -1.1 -1.1 -1.1 -1.1 -1.1 -1.1 -1.1 -1.1 -1.1 -1.1 -1.1 -1.1 -1.1 -1.1 -1.1 -1.1 -1.1 -1.1 -1.1 -1.1 -1.1 -1.1
423 411.8 404.7 399.8 408.5 423.1 435 430.1 414.4 389.4 365 342.7 324.8 306 286.8 265.2 245.6 236.6 230.5 223.4 216.1 211.1 205.8 202 195.5 189 183.2 178.3 176.1 173.8 172.2 173.1 172.2 166.7 158.9 151 141.1 130.3 118.4 109 97.5 85.1 76.3 65.7 46.1 30.6 19.2 6.5 0.9 -1.1 -1.1 -1.1 -1.1 -1.1 -1.1 -1.1 -1.1 -1.1 -1.1 -1.1 -1.1 -1.1 -1.1 -1.1 -1.1 -1.1 -1.1 -1.1 -1.1 -1.1 -1.1 -1.1 -1.1 -1.1 -1.1 -1.1 -1.1 -1.1 -1.1 -1.1 -1.1 -1.1 -1.1 -1.1
429.7 421.5 415.2 420.1 431.2 451.3 458 450.8 430.5 403.3 382.7 362.2 343.2 323.6 302.7 276.5 251.6 238.3 232.4 226.6 219.5 214.8 207.6 204.7 198.4 191.6 185.1 179.6 175.6 173.2 170.7 171 170.7 165.8 159.1 151.6 141.8 130.6 118.9 108.7 93 75 63 54.2 43.2 36.2 20.9 7 0.6 -1.1 -1.1 -1.1 -1.1 -1.1 -1.1 -1.1 -1.1 -1.1 -1.1 -1.1 -1.1 -1.1 -1.1 -1.1 -1.1 -1.1 -1.1 -1.1 -1.1 -1.1 -1.1 -1.1 -1.1 -1.1 -1.1 -1.1 -1.1 -1.1 -1.1 -1.1 -1.1 -1.1 -1.1 -1.1
442.9 436.1 438.1 447.6 460.7 479 487.4 481.7 458.7 429.3 407.5 387.5 368 345.2 316.6 288.8 262.8 246 237.3 229.4 223.5 217.5 209.4 205.5 200.5 194 187.4 181.2 176.5 172.8 169.9 168.8 168.8 162.4 155.6 150.8 142.7 132.1 121.6 103.9 84 87.8 76.8 66.4 55.1 38.6 30.6 15.3 3.8 -1.1 -1.1 -1.1 -1.1 -1.1 -1.1 -1.1 -1.1 -1.1 -1.1 -1.1 -1.1 -1.1 -1.1 -1.1 -1.1 -1.1 -1.1 -1.1 -1.1 -1.1 -1.1 -1.1 -1.1 -1.1 -1.1 -1.1 -1.1 -1.1 -1.1 -1.1 -1.1 -1.1 -1.1 -1.1
460.5 461.1 468 480.3 498 511.9 515.4 506.9 484.8 461 435.6 411.9 393.5 368.2 340.2 304.7 275.1 255.4 238.9 233.4 226.4 218.7 211 206.1 201.4 195.8 189.1 182.1 177.1 173.7 171 169.9 169.3 166.3 160.2 152.4 144.3 135.7 124.5 112.6 107 103.5 90.3 73.6 59.2 46.9 32.2 19 5.4 -1.1 -1.1 -1.1 -1.1 -1.1 -1.1 -1.1 -1.1 -1.1 -1.1 -1.1 -1.1 -1.1 -1.1 -1.1 -1.1 -1.1 -1.1 -1.1 -1.1 -1.1 -1.1 -1.1 -1.1 -1.1 -1.1 -1.1 -1.1 -1.1 -1.1 -1.1 -1.1 -1.1 -1.1 -1.1
483.1 483.4 494.2 516.2 530.9 540.3 533.2 513.8 490.5 465.2 444.8 424.4 407.5 381.7 355.9 328.7 298.2 268.5 248.7 237.5 230.2 221.4 213.5 206.6 202 197.3 190.3 184.3 179.2 174.9 173.6 173.3 172.9 169.6 165.2 157.4 149.1 140.8 131.6 126.9 123.4 109.2 89.9 70.7 58.1 45.4 31.1 20.7 5.5 -1.1 -1.1 -1.1 -1.1 -1.1 -1.1 -1.1 -1.1 -1.1 -1.1 -1.1 -1.1 -1.1 -1.1 -1.1 -1.1 -1.1 -1.1 -1.1 -1.1 -1.1 -1.1 -1.1 -1.1 -1.1 -1.1 -1.1 -1.1 -1.1 -1.1 -1.1 -1.1 -1.1 -1.1 -1.1
509.7 511.1 527.7 545.7 551.8 549.7 536.7 516.5 488.7 465.2 445.8 429.6 412.7 394.4 370.8 344.6 314.7 289.4 262.2 242.3 233 224.1 216.5 207.8 203.3 198.1 192.3 187.4 182.5 177.6 175.4 175.3 175.2 175 169.9 163.1 155 146.4 137.8 132.8 125.9 117.4 97.8 82.7 71.7 59.4 43.5 23.9 9.5 1.7 -1.1 -1.1 -1.1 -1.1 -1.1 -1.1 -1.1 -1.1 -1.1 -1.1 -1.1 -1.1 -1.1 -1.1 -1.1 -1.1 -1.1 -1.1 -1.1 -1.1 -1.1 -1.1 -1.1 -1.1 -1.1 -1.1 -1.1 -1.1 -1.1 -1.1 -1.1 -1.1 -1.1 -1.1
544.1 548.5 560.3 566.2 562.1 554.2 539.1 517.2 488.6 465.5 452.1 438.1 422 398.3 373.1 346 324.2 300.4 277.9 252.2 239.1 228.2 218.5 209.5 204.9 200.8 193 188.1 183.1 178.7 177.1 177.4 177.3 177.5 175.4 168.8 160.9 152.3 143.2 135.5 128.7 120.7 113.5 98 88.4 72.8 53.1 34.8 20.7 6.4 -1.1 -1.1 -1.1 -1.1 -1.1 -1.1 -1.1 -1.1 -1.1 -1.1 -1.1 -1.1 -1.1 -1.1 -1.1 -1.1 -1.1 -1.1 -1.1 -1.1 -1.1 -1.1 -1.1 -1.1 -1.1 -1.1 -1.1 -1.1 -1.1 -1.1 -1.1 -1.1 -1.1 -1.1
575.8 579.3 585.2 584 578.5 565 549.2 524.4 496.9 475.9 461.3 447.1 430.7 401.1 372 348.3 329.3 313.6 292.1 269.2 248 235.3 223 212.1 207.5 199.8 192.4 187.6 183.6 180 177.9 178.8 179.4 179 178.5 174.4 166.6 157.9 148.4 139.1 132 122.4 116 102.8 92.9 78.2 62.1 41.8 25 14.3 7.6 -1.1 -1.1 -1.1 -1.1 -1.1 -1.1 -1.1 -1.1 -1.1 -1.1 -1.1 -1.1 -1.1 -1.1 -1.1 -1.1 -1.1 -1.1 -1.1 -1.1 -1.1 -1.1 -1.1 -1.1 -1.1 -1.1 -1.1 -1.1 -1.1 -1.1 -1.1 -1.1 -1.1
606.9 610.3 611.1 607.7 594.5 582.2 562.3 538.1 512.8 492.3 475.6 460.7 440 412.8 375.2 354.3 337.7 324.3 307.3 286.8 266 242.2 230.3 215.2 208.8 200.3 193.4 187.5 183.8 180.1 177.2 177.9 178.9 179.5 179.6 178.8 170.2 163.2 153.4 142.3 133.4 123.9 114.7 104 91.5 79.1 61.2 44.4 27.4 15.7 7.4 1.1 -1.1 -1.1 -1.1 -1.1 -1.1 -1.1 -1.1 -1.1 -1.1 -1.1 -1.1 -1.1 -1.1 -1.1 -1.1 -1.1 -1.1 -1.1 -1.1 -1.1 -1.1 -1.1 -1.1 -1.1 -1.1 -1.1 -1.1 -1.1 -1.1 -1.1 -1.1 -1.1
647.9 644.6 639.7 631 617.9 601.7 579.8 555.1 531.9 512.6 494.9 476.8 454.5 423.5 386.9 363 347.5 335.2 319.7 301.9 281.6 255.1 234.6 219.5 210.1 201.1 194.9 188.1 183.2 178.7 175.8 176.7 178 179.2 179.2 179.3 172.4 166.1 156.7 144.7 134.9 125.3 116.5 106.4 91.9 72.6 59.8 48.6 31.2 18.7 8.5 1.7 -1.1 -1.1 -1.1 -1.1 -1.1 -1.1 -1.1 -1.1 -1.1 -1.1 -1.1 -1.1 -1.1 -1.1 -1.1 -1.1 -1.1 -1.1 -1.1 -1.1 -1.1 -1.1 -1.1 -1.1 -1.1 -1.1 -1.1 -1.1 -1.1 -1.1 -1.1 -1.1
684.7 676.7 667.9 656 640.7 622.8 601.7 576.3 554.6 535 517 497.2 472.6 436.7 395.2 374.7 357.5 345 331.7 314.7 297.3 269 241.7 225.7 211.4 202.9 196.4 189.1 182.1 177.3 174.9 175.6 177 178.5 179.1 179.4 173.2 166.2 158.1 146.5 137 127.4 116.7 107 94 78.9 56.5 45.4 36.1 27.3 12.4 1.6 -1.1 -1.1 -1.1 -1.1 -1.1 -1.1 -1.1 -1.1 -1.1 -1.1 -1.1 -1.1 -1.1 -1.1 -1.1 -1.1 -1.1 -1.1 -1.1 -1.1 -1.1 -1.1 -1.1 -1.1 -1.1 -1.1 -1.1 -1.1 -1.1 -1.1 -1.1 -1.1
714.6 699.7 683.4 668.9 653.5 636.8 619.8 600.4 577 558 540.1 517.9 486.2 447.4 410.3 388.1 369.8 355.8 341.9 329.1 313.1 282.9 253 231.1 215.1 205.1 197.2 189 180.9 177.3 174.1 173.5 175.1 176.7 178.3 177.1 172.1 166.7 157.3 147.3 136.9 128.5 116.4 105.2 94.5 79.4 66.2 41.6 33.4 27.9 9.8 1.1 -1.1 -1.1 -1.1 -1.1 -1.1 -1.1 -1.1 -1.1 -1.1 -1.1 -1.1 -1.1 -1.1 -1.1 -1.1 -1.1 -1.1 -1.1 -1.1 -1.1 -1.1 -1.1 -1.1 -1.1 -1.1 -1.1 -1.1 -1.1 -1.1 -1.1 -1.1 -1.1
706.7 689.4 673.5 659.9 645.6 632.1 619.7 604.4 587 568.9 545.6 516.9 485.8 453.2 427.7 406.2 386.1 370.5 355.9 340.2 322.4 295.5 263.5 239.1 220.3 207 197.7 189.4 181.1 176.7 173.3 171.9 172.1 173.7 175.3 176.5 171 165.7 157.6 146.5 137 129.1 116.7 104.3 93.1 78.2 64.5 49.8 34.9 16.2 3.7 1.1 -1.1 -1.1 -1.1 -1.1 -1.1 -1.1 -1.1 -1.1 -1.1 -1.1 -1.1 -1.1 -1.1 -1.1 -1.1 -1.1 -1.1 -1.1 -1.1 -1.1 -1.1 -1.1 -1.1 -1.1 -1.1 -1.1 -1.1 -1.1 -1.1 -1.1 -1.1 -1.1
679 664.5 650.8 641 629.4 619 608.6 591.7 561.5 532.1 508.2 490.2 472.2 454 437 419.1 401.2 381.9 364.8 348.4 330.1 301.8 271.9 246.2 223.8 210 199.2 189.3 181.5 176 171.1 167.5 168.3 169.7 172.3 172.5 168.7 163.6 156.3 144.6 132.8 124.5 113.8 103.4 89.6 75.1 59.7 46.9 31.8 17.2 4.4 1.7 -1.1 -1.1 -1.1 -1.1 -1.1 -1.1 -1.1 -1.1 -1.1 -1.1 -1.1 -1.1 -1.1 -1.1 -1.1 -1.1 -1.1 -1.1 -1.1 -1.1 -1.1 -1.1 -1.1 -1.1 -1.1 -1.1 -1.1 -1.1 -1.1 -1.1 -1.1 -1.1
652.7 639.8 628.8 620.7 611.6 602.9 589.9 555 526.6 504.1 483.9 471.2 460.1 449.3 435.1 422.2 406.1 389 368.9 349.8 326 300.2 274 251.4 228.1 213.1 200 189.2 181.9 176.6 172.1 167.4 162.2 165.5 167.2 167.7 163 160.7 154.5 140.4 129.9 122 113.1 102.6 86.6 74.8 64.3 51.9 30.5 22.1 4.3 2.3 -1.1 -1.1 -1.1 -1.1 -1.1 -1.1 -1.1 -1.1 -1.1 -1.1 -1.1 -1.1 -1.1 -1.1 -1.1 -1.1 -1.1 -1.1 -1.1 -1.1 -1.1 -1.1 -1.1 -1.1 -1.1 -1.1 -1.1 -1.1 -1.1 -1.1 -1.1 -1.1
626 614.6 605.3 596.7 587.6 575.4 549.6 527.5 501.1 483 471.1 462.7 454.2 446.1 433.1 419.9 405.7 389 369.9 349.3 327.4 300.6 279.8 258.5 236.4 215 202.7 191.8 185.3 177.5 172 166.4 161.7 159.5 160.9 161.7 157.9 155.8 147 138.3 128 117.7 109 96.8 83.8 72.9 60.1 48 33.7 17.2 4.1 2.3 -1.1 -1.1 -1.1 -1.1 -1.1 -1.1 -1.1 -1.1 -1.1 -1.1 -1.1 -1.1 -1.1 -1.1 -1.1 -1.1 -1.1 -1.1 -1.1 -1.1 -1.1 -1.1 -1.1 -1.1 -1.1 -1.1 -1.1 -1.1 -1.1 -1.1 -1.1 -1.1
599.6 588.9 579.8 571.4 561.3 544 522.2 503.1 487.7 476 467.8 459 450.1 440.4 429.8 417.9 407.5 395.4 378.8 362 340.9 317.1 293.4 267.1 244.6 219.7 204.5 194.1 189.3 180.1 173.9 167.4 161.5 156.3 151.6 154.4 153.6 148.7 142.3 133.8 123.9 114 105.4 95.9 83.3 70.6 55.9 43.1 30.9 12.9 5 3.5 -1.1 -1.1 -1.1 -1.1 -1.1 -1.1 -1.1 -1.1 -1.1 -1.1 -1.1 -1.1 -1.1 -1.1 -1.1 -1.1 -1.1 -1.1 -1.1 -1.1 -1.1 -1.1 -1.1 -1.1 -1.1 -1.1 -1.1 -1.1 -1.1 -1.1 -1.1 -1.1
581.2 570.6 561.8 552.6 542.5 526.7 509.3 495.9 484.1 473.7 465.6 457 448.8 441 434.8 427.7 419.9 407.8 390 372.8 350.3 325.1 302.9 273.8 250.1 226.6 204.8 193.4 189.4 181.4 173.5 167 160.3 154.8 149.3 146.5 146.2 139.8 135.4 129.4 121.1 111.4 101.7 92.4 79.6 67.2 53.3 42.4 29.3 12.3 5.3 2.7 -1.1 -1.1 -1.1 -1.1 -1.1 -1.1 -1.1 -1.1 -1.1 -1.1 -1.1 -1.1 -1.1 -1.1 -1.1 -1.1 -1.1 -1.1 -1.1 -1.1 -1.1 -1.1 -1.1 -1.1 -1.1 -1.1 -1.1 -1.1 -1.1 -1.1 -1.1 -1.1
572.6 562.8 553.3 543 532.5 518.7 506.3 494.6 485.6 477.1 470.4 464.3 456.7 449.8 444.7 439.7 431.9 415.1 394.7 377.3 352.9 327.5 306.7 277.5 250.2 227.8 205.7 192 186.1 179.5 171.5 164.9 158 151.1 146.3 140.8 130.6 129.1 119.8 117.8 117.7 108.7 96.9 83.2 71.6 57.9 50 39 25.7 8.5 5.3 3.3 -1.1 -1.1 -1.1 -1.1 -1.1 -1.1 -1.1 -1.1 -1.1 -1.1 -1.1 -1.1 -1.1 -1.1 -1.1 -1.1 -1.1 -1.1 -1.1 -1.1 -1.1 -1.1 -1.1 -1.1 -1.1 -1.1 -1.1 -1.1 -1.1 -1.1 -1.1 -1.1
565.4 555.5 545.8 535.2 525.3 515.1 504.4 496 488.5 481.8 474.8 469.5 464.7 461.5 457.9 454.3 445.9 425.2 397.9 375.1 350 325.3 304.1 277 248.9 224.5 206 190.6 184.3 177 170.1 163.9 157.5 151.4 145.8 142.6 140 136.4 129.8 117.9 104.9 101.5 91.5 84 70.4 58.9 48.6 41 27.6 8.4 4.9 -1.1 -1.1 -1.1 -1.1 -1.1 -1.1 -1.1 -1.1 -1.1 -1.1 -1.1 -1.1 -1.1 -1.1 -1.1 -1.1 -1.1 -1.1 -1.1 -1.1 -1.1 -1.1 -1.1 -1.1 -1.1 -1.1 -1.1 -1.1 -1.1 -1.1 -1.1 -1.1 -1.1
562.1 552 540.7 530.3 522.4 512.4 503.4 496.1 490.7 484.9 479.4 475.6 475.5 474.2 473.1 471.7 462.7 431.6 398.4 369.5 344.7 319 297.2 273.4 248.6 222.5 204.4 190.3 184.2 177.9 171 164.3 158.2 152.4 146.5 142.1 140 135.5 124.4 117.6 112.3 101.6 94.7 80.7 66.2 51.6 41.1 36.1 26.3 12.3 4.6 -1.1 -1.1 -1.1 -1.1 -1.1 -1.1 -1.1 -1.1 -1.1 -1.1 -1.1 -1.1 -1.1 -1.1 -1.1 -1.1 -1.1 -1.1 -1.1 -1.1 -1.1 -1.1 -1.1 -1.1 -1.1 -1.1 -1.1 -1.1 -1.1 -1.1 -1.1 -1.1 -1.1
563.8 552.6 542.4 531.6 522.2 513.4 506 498.8 492.9 488.1 485.3 484.8 488 491.9 495.9 491.5 464.1 427.8 394.9 365.9 336.4 312 292.1 271.8 251.6 224.5 203.4 190.9 185.3 178.2 171 164.2 158.4 152.6 146.7 141.2 136.3 133.7 122.7 112.7 106.2 102.9 95.7 79.3 69.8 55.7 44.3 32 24.6 12.8 3.3 3.4 -1.1 -1.1 -1.1 -1.1 -1.1 -1.1 -1.1 -1.1 -1.1 -1.1 -1.1 -1.1 -1.1 -1.1 -1.1 -1.1 -1.1 -1.1 -1.1 -1.1 -1.1 -1.1 -1.1 -1.1 -1.1 -1.1 -1.1 -1.1 -1.1 -1.1 -1.1 -1.1
571.8 557.1 546 535.1 525 516.7 508.2 501.4 496.4 494.7 497.2 502 508.3 517.1 523.1 500.4 458.5 421 387.8 357.9 329.3 307.8 288.3 267.9 249.2 225.6 205.4 192.7 184.5 177.2 170 164 158.3 152.4 147.4 141.9 136.9 133.4 124.3 117.9 107.4 100.1 94.5 83.1 72.4 61.7 51.9 38.2 25.7 6.9 4.4 2 -1.1 -1.1 -1.1 -1.1 -1.1 -1.1 -1.1 -1.1 -1.1 -1.1 -1.1 -1.1 -1.1 -1.1 -1.1 -1.1 -1.1 -1.1 -1.1 -1.1 -1.1 -1.1 -1.1 -1.1 -1.1 -1.1 -1.1 -1.1 -1.1 -1.1 -1.1 -1.1
591 576.5 558 544.6 532.7 523.1 520 516.7 519.1 521.9 527.2 534.2 543.1 546.8 529.8 488.2 447.3 412.8 380.7 350.4 323.9 305.8 288 268.5 247.6 225.4 205.7 193.5 184.2 176.2 169.5 163.9 158.2 152.7 148 142.5 138.9 133 122.7 118.1 109 100.4 88.4 82.3 72.5 60 49.6 37.9 23 6.2 4.4 1.2 -1.1 -1.1 -1.1 -1.1 -1.1 -1.1 -1.1 -1.1 -1.1 -1.1 -1.1 -1.1 -1.1 -1.1 -1.1 -1.1 -1.1 -1.1 -1.1 -1.1 -1.1 -1.1 -1.1 -1.1 -1.1 -1.1 -1.1 -1.1 -1.1 -1.1 -1.1 -1.1
