data/200000-890000.asc
ncols 200
nrows 200
xllcorner 200000
yllcorner 890000
cellsize 50
[rows 76 to 113 of 200, columns 85 to 169 of 200]
-2 -2 -2 -2 -2 -2 -2 -2 -2 -2 -2 -2 -2 -2 -2 -2 -2 -2 -2 -2 -2 -2 -2 -2 -2 -2 -2 -2 -2 -2 -2 -2 -2 -2 38.3 74.6 88.9 98.9 119.2 137.2 152 157.2 166.8 173.4 186.2 188 186.7 189.8 203.9 206.6 216.1 222.1 221.4 227.4 222.6 223.3 210.9 204.6 196.4 180 165.7 150 131.7 120.1 112.2 101.7 92.7 83.5 69.8 57.4 61.9 52.6 41.3 32.9 14.3 2.6 2 -0.9 -2 -2 -2 -2 -2 -2 -2
-2 -2 -2 -2 -2 -2 -2 -2 -2 -2 -2 -2 -2 -2 -2 -2 -2 -2 -2 -2 -2 -2 -2 -2 -2 -2 -2 -2 -2 -2 -2 28.5 51.7 60.9 86.8 99.5 109.4 129.7 149.6 162.8 166.3 175.8 189.5 203.3 211.4 210.9 208.4 209.6 212.9 224.5 235.2 237.4 235.9 232.5 236.1 235.2 221.1 201.4 193.1 179.7 161.2 145.7 131.3 124.7 115 105.2 94.6 87.9 83.9 74.2 69.4 58 46.3 28.7 10.8 2.4 2.4 0.8 10.8 27.1 30.2 21.7 16.4 14.3 15.2
-2 -2 -2 -2 -2 -2 -2 -2 -2 -2 -2 -2 -2 -2 -2 -2 -2 -2 -2 -2 -2 -2 -2 10.5 -2 -2 -2 -2 -2 42.6 65.8 72.5 81.7 97.1 111.1 122.4 140.1 157.3 169.8 179.8 184.8 203.7 218.6 220 220.8 219.2 222.6 230.7 231.4 249.4 248.7 240.5 240.2 241.1 238.5 229.4 218.5 210.6 193.3 175.9 161 145.2 134.1 127.4 119.2 112.6 110.5 98.9 88.9 83.5 72 59.7 42.4 27.9 13.9 4.8 21.4 45.6 45.7 51 42 29.2 23.7 23.4 19.5
9.5 -2 -2 -2 -2 -2 -2 -2 -2 -2 -2 -2 -2 -2 -2 -2 24.3 25.1 28 29.3 29.8 37.7 41.2 48.1 49.2 52.3 56.7 60 80.4 80.1 86.5 95.3 106.9 120.6 131.8 148.2 162 172.4 180.2 186 202 213.8 215.8 221.3 225.9 228.9 241.7 242.9 250.1 251.4 251.7 249.3 245.7 242.8 237.6 231.9 222.2 211.1 192 176.8 160.4 145.7 133 128.1 130.7 125.5 119 109.2 95.6 87.9 74.4 60.8 46.5 34.6 21.3 34.7 58.4 58.7 50.2 52.7 48.4 42.8 38.3 29.6 25.5
36.2 31 31.2 28.3 27.4 23.4 17 15.8 12.4 12.1 17.8 26.6 37.3 43.9 47 50.7 60.7 71.8 72.4 72.4 70.5 79.6 84.8 96.1 93.8 91.8 93.2 91.1 97.3 100.6 107.6 116.3 127.5 139.2 149.9 163.3 175.2 184.3 190.9 196.1 205.2 220.5 227.6 233.9 239.6 242.8 252.7 258.8 264.6 264 262.9 254.3 250 247.3 242.3 231.2 218.9 209.8 190.3 174.6 162.6 147.7 141.6 140.2 134.6 127.7 120.6 112.6 99.3 89.7 86.4 84.8 75.2 57.1 38.2 61.7 69.3 59.8 68.5 71.2 67.5 57.9 45.2 38.8 33.3
53.8 52.8 51 49.6 48.6 49.5 54 56.3 59.7 61.8 73.5 82.8 87.1 98 99 97.5 108.6 124.4 116.9 110.9 110.6 117.4 115.7 110 103.2 104.3 107 109 116.7 120 126.1 135.1 147.6 160.2 173.1 184.2 195.9 204.2 207 212.3 231.8 243.8 247 250.1 254.7 265.7 267.9 266.1 265.7 266.3 262.4 257 251.9 245.9 238.4 226.7 216 203.8 184.5 177 165.5 158.7 147.6 145.3 134.8 126.2 118.7 107.2 102.7 106.5 113.8 117.9 110.4 83 63.7 79.8 88 85.8 80.4 83.8 79.3 68.7 58.5 49.4 42.1
68.6 70 76 87.2 91.5 91.3 98.3 104.7 104.2 108.5 117.2 119.7 121.8 124 122.2 122.5 131.3 139.6 135.2 133.5 132 132.1 129.6 126.4 124.5 129.1 125.6 126.2 126.5 129.9 139 151.6 165.6 182.2 193.3 205.9 216.3 222 232 241 245.4 252.1 261.5 267.7 266.9 269.1 268.2 267.6 274.1 273.6 265.8 257.1 253 242.1 230.2 221.9 211.5 196.5 183.1 180.1 172.6 164.5 153.5 148.9 139.6 129.2 114.8 116.8 130.5 153.7 163 156.4 133.1 98.6 86.2 86.7 87.9 89.4 96.3 97.5 85.6 74.4 61.9 54.4 42.3
89.7 99.1 115 120.5 124.6 128.5 136.4 140.3 137.3 136.6 140.5 141 142.8 142.2 139.8 139.9 141.2 143.5 139 137 137.2 139.7 144.2 145.8 144.4 140.8 139.9 141.3 143.4 147.8 155.6 171.5 188.5 199.6 214.1 220.4 226 238.7 251.3 258.1 265.8 273.6 274.1 271.4 274.7 270.5 269.2 271.9 273.2 270.6 265.2 262.3 255.8 242.1 230.1 218.2 206.3 197.3 190.5 186.5 180.1 168.7 156.9 151.7 134.6 134.4 135.2 141.3 160.7 171.3 168.6 160.3 137.1 112.2 97.7 95.7 107.2 109.6 106.4 99.5 92.2 83.7 61.1 58.9 51.3
117.3 126.6 133.4 139.3 136.8 143.8 151.1 153.4 156.5 160.7 158.4 156.5 157.6 158.8 158 154.6 150.3 148.3 142.2 140.6 152.2 156.9 158.2 158.1 158.5 156.2 153.5 154.1 157.3 162.1 173.1 195 209.9 221.3 237.5 242.8 255.5 273 277.4 278.5 282.4 281.9 283.6 282.5 280.2 277 274.7 273.5 271.6 267.3 264 262.5 254.1 246 235.1 220.3 213.4 205.8 196.8 185.8 179.4 169.1 162.9 160 164.8 164.5 159.3 163.7 162.7 163.6 161.7 151.6 134.6 130.9 123.7 119 126.4 118 111.7 106.2 100 92.2 93.2 79.7 62.5
141.2 144.2 148.3 149.5 147.5 155.8 157.4 162.6 167.2 170.9 170.7 169.5 169 170.2 166.3 161 160.5 164.7 179.7 178 171.4 169.6 171.2 173.4 174.5 172.7 172.4 170.6 171.4 181.4 192.8 209 230.7 244.6 251.8 264.5 291 290.7 290.6 290.9 288.9 288.5 286.1 288.9 287 282.8 279.2 275.4 269 265.9 263 258.5 249.2 244.4 232.8 227.5 224.1 217 199.9 194.7 195.9 190.6 188.3 178.5 175.7 170.6 163.5 161.9 168.8 172.8 161.3 150.3 144.2 146.5 138.2 130 128.7 138.6 148 139.3 125.3 108.6 101 89.2 74.3
149.6 151.2 153.7 153.2 156.9 166.3 171.8 177.1 178.9 180.7 180.6 178.4 176.1 174.9 173.2 171.2 189.3 196.9 195.7 191.8 190 186.7 181.7 188 189.3 191.2 192 189 189.3 193.8 203.4 220.8 238.9 251.5 259.9 289.5 293 293.9 295.5 293.6 294 298.4 299.3 295.8 289.2 284.3 280.1 274.3 268.9 267.4 263.4 257.8 251.6 240.1 231.2 227.7 227.2 228.4 225.2 219.4 210.6 204.9 197.8 192.8 192.8 190.2 187.2 177.2 174.3 169.7 160.4 151 151.6 147.9 138.9 135.4 159.8 171.2 158.4 142 127.9 110.8 102.3 95.9 96.6
168.1 168.3 166.5 161.2 170 176.4 180.3 185.7 188.5 188.3 185.1 182.2 181.6 180.5 181.2 189.9 210.3 209.3 206.1 201.8 199.3 197.1 201.7 208.5 210.2 208.4 204.9 203.4 201.1 210.5 219.4 230.1 245.3 261.8 274.6 281.9 286 291.8 304.1 304.1 304.3 302.9 300.6 296.2 291.7 287.3 282.4 275.4 270.7 268.8 264 257.1 250.3 238.6 237 248.6 249.4 245 237.8 227.4 222.6 216.3 201.8 206.5 205 200.7 193.9 182.2 173.5 167.2 158.6 155.5 149.9 147.1 154.2 165.2 174.6 167.5 154.7 138.1 123.7 116.9 126.5 127.1 116
171.7 173.4 172.4 174.4 181.1 184 190.7 193.9 195.1 192.4 188 187 197.1 204.2 205.5 219.9 228.8 224.9 220.8 212.8 208.7 207.2 218.5 223.3 224.9 223.6 221.1 216.7 220.5 223.3 228.5 245.4 258.3 271.5 279 290.6 305.7 306.7 313.1 315.8 315.4 308.1 303.4 295.5 291.7 288 284.4 279.8 273.7 267.9 265.5 259.4 268.6 270.8 264.2 258.6 254.3 246.8 237.3 231.7 224.9 220.7 212 216.5 213.5 208 202.9 193.7 177.7 167.3 170.1 191.4 180.4 182.9 181.1 179.5 171.6 162.2 147.4 132.8 128.6 149.1 145.1 135.1 123.2
182.3 181.5 181.1 184.8 195.7 196 197.6 196.8 198.7 204.1 208.1 214.2 217.9 221.4 224.9 235.3 238.4 235.2 229.4 223.7 223.2 229.7 232.6 234.1 233.1 230.4 227.1 230.9 239.7 244 258 271.3 284.3 294.1 301.2 308.1 313.3 317.7 323.1 323.6 319.7 311.4 305.7 296.5 291.4 287.4 284.2 281.7 275.2 268.6 271.1 280.9 278.1 275.5 270.2 260.4 255 249.9 241.5 235 224.1 218.6 217.9 219 213.2 207.5 202.3 197.6 184.9 172.5 190.3 196 184.5 188.2 185.4 180.5 173 161.4 145.7 137.9 153.4 154 147.4 137.5 125.7
196.3 194.4 196.5 200.1 204 203 209.2 215.4 213.8 220.1 221.7 226.4 232 242.9 241.5 241.7 242.3 240.3 233.6 232.3 235.8 237.4 236.8 237.2 236.3 234.6 233 240.8 253.3 263.2 271.7 278.1 285.6 308.3 324.8 333.2 335.5 332.6 325.6 322.4 319.9 310.6 305.5 297.5 293.1 286.7 285.3 282.9 275.5 279.4 287.7 291.2 295.7 281.3 275 269 258.7 253 248.4 238.6 227.1 223.3 225.3 229.3 222.2 213.9 202.3 195.4 185.9 188.8 201.7 195.1 186.2 193 190 183.1 177.1 166.7 157 164.6 164.2 156.6 149.8 140.9 134
209 206.3 204 206.4 207.6 213 223.8 222.6 223.6 225 226.8 231 240.5 246.4 248.8 252 250.7 245.9 240 242.2 245.3 244.8 243.1 240.7 238.5 238 242 251.2 264.4 272.6 278.5 284.2 289 309.1 330.5 337.7 336.4 331.2 323.3 319.8 317.5 313.4 304.5 299.1 295.9 288.4 282.9 289.5 298.2 309 311 307.4 301.2 296.2 291.8 285.1 274.7 269 261.5 250.5 244.1 242 242.4 237.4 226.5 208.4 199 192.7 190.7 202.1 196.8 188.8 189.1 195.8 194.5 191.2 187.1 181.9 175.9 173.4 170.4 165.7 155.4 149.3 144.4
216.8 215.4 212.5 213.2 214.9 223.4 231.3 229.9 228.5 228.8 236.4 242.9 253.3 257.8 255.9 254.9 252.8 250.2 247.9 250.7 252.9 251.4 249.6 245.9 242.2 242.8 252.3 261.2 269 275.1 281 285.7 291 302.3 319.6 341.5 339.6 333.9 325.1 317.9 314.8 310.8 307.2 300.9 293.5 287.4 296.9 318.6 332.5 328.1 321.3 313.4 314 304.6 293.9 287.5 280.1 273.9 265.1 255.8 250.4 247.1 239.2 231.9 220.5 211.2 209.7 197.4 198.7 208 196.5 193.6 196.9 201.8 199.2 193.9 187.4 184.1 182.4 181.7 179.6 169.7 161.1 154.2 163
225.9 226.1 226.7 228.7 232.2 234.9 234.1 231.6 231.9 236.2 241.7 257.3 266.5 265.6 260.2 257.4 254.7 251.7 252.1 254 254.7 253.8 253.3 250.7 246.8 246.2 259.8 270 276.2 282.5 288 286.4 288.1 295.8 326.2 343 339.4 333.1 328.3 319.7 309.8 303.9 300.6 296.6 300.9 312 332.7 341.9 343.3 340.5 333.4 328.1 319.9 309.3 300.4 289.4 283 276.3 268.1 260.6 251.6 244.2 237.6 225.1 223.1 225.5 222 209.8 217.3 211.9 206.4 200.6 204.2 203.7 203.5 198.7 195.1 191 188 191.9 189.3 181.8 172.8 170.4 171.2
232.4 233 237.4 242.3 243.9 246.3 246.9 243.5 240.2 243.5 259.1 268.3 273.2 272.6 264.7 260.8 259.4 260.2 260.4 260.8 259.3 257.7 259.1 256.3 254.9 264.9 280.9 290 292.9 298.4 294.6 289.6 290 301.3 329 334.2 335.6 331.5 328.2 324.3 312.4 304.3 302.5 314.9 335.7 352 359.4 356.4 350 344.9 336.3 328.6 320 309.5 299 286.9 282.5 274.5 269.7 262.8 253.7 242.5 232 228.6 233.2 226.6 223.7 217.8 216.6 212.2 205.4 207.4 205.7 208.3 206.1 203 204.8 203.6 201 199.2 193.4 187.4 181.8 175.4 170.9
239.2 243.6 247.5 249.3 249.7 252.3 253.3 250.4 250.3 256.6 268.4 275.4 277.4 281.8 288.1 287 281.4 281.9 283.9 282.8 279.3 277.2 277.1 269.4 276.5 291.3 302.6 305.2 308.8 304.1 300.1 294.6 297.7 310.7 326 331.1 332.6 332.3 328.9 324.1 316.7 314.1 335.1 361.6 378.8 373 368.7 361.4 352.9 342.8 337 330.2 321.1 304.4 295.2 285.2 277.9 272.4 267 260.1 253 238.6 232.8 238.3 235.1 228.9 224.2 217.6 213.1 215.9 219.1 214.6 209.2 208.8 208.1 209.2 205.9 206.3 206.1 199.7 191.7 187.8 183.6 181.7 178.9
254.4 254.9 255.1 255.6 256.2 260 263.6 264.1 264.4 274.3 289.6 294.2 297.4 308.1 313.1 312.7 308.7 312.3 313.5 311.6 310.4 306.2 297.4 295.7 303.3 309.3 310.3 311.5 312.9 310.3 303.9 304.4 315 328.1 330.8 333.5 338 337.2 334.4 330.9 326.6 338.9 385 395.9 389.2 380.8 368.3 363.1 353.1 344.1 336.7 327.5 318 300.9 286.8 279.2 274.4 269 265.5 259.7 246 239.2 239.5 239.1 233.5 230.7 228.3 221.2 222.3 221.7 219.6 217.1 214.3 213.7 212.7 210.9 211.2 212.2 208.4 200.3 195.5 194.6 192.9 189 189.5
275.2 276.8 275.8 273.4 273.6 271.3 271.4 274.3 283.7 295.9 306.8 317.2 327.4 333.4 335.8 336.8 336.1 344.4 346.6 344.9 342 339.2 337.3 335.9 336.1 335.9 332.1 324.6 324.8 322.5 318 319.4 327.1 339.4 349.4 354.9 356.1 345.8 338.3 334.1 350.9 391 405 401 393.8 385 376.1 362.6 354.6 343.6 335.8 321.2 307.4 295.2 282 277.6 271.9 263.4 260 253.6 245.1 243.7 240.6 233.7 230.2 226.1 220.6 217.3 221.4 224.9 222.9 221 219.5 217.5 214.1 217.8 220.4 217.4 211.7 203.7 203.1 201.1 198.5 195.5 196.3
283.2 286.9 289.5 292.7 295.7 297.6 296.8 299.9 308 316.3 325.3 339.6 358.4 371.3 373.1 368 370 379.6 385.6 379.6 377.3 374.3 375.4 371.9 362.3 358.2 364.8 368 365.2 358.3 348.4 343.5 351.2 369.2 376.3 370.2 361.7 357.8 349 346.4 369 410.8 412.3 404.7 398.1 385.6 373.9 361 349.8 339.2 328.4 313.3 299.7 290.3 282.6 277.7 272.5 269.7 260.2 251.5 249.1 243.2 239.9 236.4 226.6 223.6 220.9 228 230.4 231.2 229.8 224.5 220.1 218.8 224.7 229.3 226.6 222.7 220.4 217 212.4 211.1 208.2 206.1 207.5
283.2 287.7 292.7 298.1 303.4 308.7 312.8 317.7 323.8 329 340 363.5 382.6 390.3 396.3 402.1 407.5 416.5 424 439 450.2 436.7 440.6 440.1 430.1 418.1 419.4 415.7 403.3 393.5 384.1 390.7 404.3 401.1 394.2 381.4 372.9 365.6 364.7 372.9 412.1 417.1 413.4 405.5 393.8 382.6 369.6 354 344.8 335.7 321.4 309.5 300.5 289.2 283.1 277.9 274.4 270.1 259.5 252.6 248.6 245 241.8 234 227.6 221.9 221.4 227.5 232.4 234.1 233.2 232 231.3 233.8 233.2 232.2 231.4 230.5 231.1 227.9 224.1 222.4 222 221.1 225.6
284.8 288.4 292.8 298 303.2 309.1 316.9 324.2 333.9 342.8 357.2 373.2 386.8 399.3 414.9 435 456.7 481.4 497.9 498.7 499.5 493.6 486.5 495.4 505.3 501.6 495.3 489.6 474.4 463.9 452.8 441.1 436.3 426.1 415.9 402.3 398 398.4 422.5 432.7 430.7 422.2 415.7 405.8 390.9 379.2 369.3 353.7 345.9 336.2 327 315.1 301.7 293.7 288.4 281.7 275 270.3 259.9 253.8 250.1 246.1 240.1 231.3 225.6 226.9 231.6 238.9 242.9 239.8 235.3 235.4 237.4 237 235.5 235.5 236.4 241.1 242.9 242 239 239.1 240.2 243.3 243.7
283.8 290.2 295.3 300.3 305 310.4 317.3 324.7 334.3 346.2 361.4 377.4 393.3 410.9 437.3 466.7 493 545.5 556.9 554.2 553.5 543.5 531.7 549 573.7 573.3 581.4 553.8 547 539 536 512.9 482.5 458.2 447.2 442.2 455.9 465.7 459.1 447.4 436.9 424.6 416.7 408.3 393.6 381.9 364.8 351.9 344.8 337 325.7 315.9 304.6 296.8 294.3 289.3 283.3 271.2 260.2 254.4 250.3 246.1 238.6 232.6 236.6 241.6 244.7 246 243.9 239.3 239.1 239.9 239.9 238.8 239.9 241.4 251.9 256 259.6 259 260.2 267.3 271 272.2 275.3
284.7 288.2 297.5 304.9 310.6 316.2 322.9 329.2 338.2 345.6 352.6 368.3 392 421.2 454.3 490.4 563.1 570.5 570.9 569.3 565.6 561 560.5 567.8 573.7 579.4 584.6 588.1 584.2 573.3 562 537.7 516.5 514.4 511.7 492.5 481.7 473.7 460.7 447.9 441.3 430.7 419.8 408.3 393.7 379.9 364 357.5 345.4 334.6 327.8 317.6 311 300.3 301.6 297.2 288.6 273 262.1 255.6 251.2 246.6 245.6 246 244.2 248.2 249.6 248 243.4 239.9 241.8 246.1 244.6 243.1 245.2 257.2 263.6 263 267 283.4 292.3 295.3 294.8 292.5 292.1
289.3 291.6 296.8 307.9 314.8 317.8 324.1 330.7 336.6 342 348.7 358.7 382.5 416 454 512.6 553.3 556.8 553.7 550.5 547.3 548 550.4 552.9 557.7 562.3 566.8 573.9 579.6 579.1 578 576.6 564.3 546.5 524.3 508.9 504 490.5 467.3 444.5 439.9 429.9 418.5 405.2 395.1 379.3 370.8 363.3 349.6 335.3 325.5 319.7 313.4 311.4 308.7 301.8 289.7 275.4 263.3 258.3 254.5 248.8 250.1 249 251.6 252.1 251.3 248.8 244.3 243.1 249.3 248.2 244.6 244.8 263.5 267 271.5 272.5 299.2 301.2 304.3 304.6 301 299.8 298.3
290.3 293.4 299 305.9 314 318.3 321.7 326.5 333 336.9 343 356 380.2 410.2 448.1 511.1 534.2 535.9 531.3 530.7 532.1 535.2 540.2 544.8 549 552.3 553.4 559.6 569.2 584.3 588.4 582.5 569.2 548.2 528.1 514 503.4 485.2 464.8 452 438.1 429.2 417.8 405.4 395 380.9 371.8 362.1 355.6 340.1 325.9 320.7 322 323 318 310.6 292.4 280.6 269.4 262.6 257.8 253.2 252.9 255 255 254 251.4 247.7 245 246.2 249.1 246.5 247 259.2 268.2 276.9 284.9 296 308.9 310.6 307.5 307.4 307.2 304.7 300.7
288.7 295.1 299.6 305 312.9 318.3 320.3 322.2 326.1 330.3 338.2 351.7 375.7 405 440.7 481.1 501.5 507.9 510.7 514.6 517.5 522.6 530.2 537.4 541.7 544.1 549.9 556.2 565.9 584.4 593 583.5 568.3 551.8 535.5 516.2 499.4 476.3 465.2 456.1 445.2 433.9 421.3 404.3 390.7 377.2 369.2 363.2 356 347.4 334.6 330.1 328.2 324 319.5 312.1 296.2 286 274.8 266.9 259.8 258.8 259.2 257.9 257.8 255.6 251.5 248.1 247.7 245.8 248.9 257.2 265.2 274 279.2 292.6 307.5 314.1 312.7 310.1 309.8 307.2 303.4 300.5 295.7
287.5 293.7 299 302.4 309 314.5 318.1 319.8 321.3 324.2 331.7 343.9 366.2 394.7 424.1 451.4 468.9 482.3 490.4 499.7 507.8 514.8 526.5 535.1 540.7 547.7 552.6 557.4 563.4 580.4 586.7 579.1 564.5 550.7 536.7 520.2 502 476.3 468.6 458 449.8 437.8 422.9 407.5 393.8 383.6 375.6 364 355.8 347.3 338.6 338.4 335.3 329.4 323 311.6 297.8 287.9 278.2 269.9 264.9 261.5 262.8 261.5 260.4 257.2 251.8 249.3 249.1 255.9 265.5 269.9 280.6 288.5 304.9 316.1 316.5 317.7 315.6 310.7 305.5 301 296.9 293.3 288.7
289.1 291.6 296.6 299.9 304.9 309.1 312.6 316.6 318.3 320.7 324.9 335.9 356.1 380.4 402.4 421.8 440.1 459.5 476.3 489.5 501.5 509.8 521.9 531.3 539.2 547.4 552.8 556 561.1 580.2 584.2 575 562.4 551.7 536.7 522.5 507.2 492 467.3 459 450 438.2 423.5 410.3 397.9 384.6 375.7 364.7 355.1 348.1 344.9 343 338.1 330.6 320.4 308.2 297 288.8 282.4 275.2 270.5 266.7 265.9 264.6 263.2 258.8 252.2 254.7 260.3 265.3 273.6 284.4 300.5 311 314.5 316.7 315.7 314.6 311.6 306.7 299.6 294.9 290.2 283.9 280.7
290.3 290.5 292.4 295.8 299.1 303.1 307.6 312.5 316.8 318.9 322.2 330.9 347.1 367.2 382.6 401.9 421.1 443.2 465.7 482.1 493.3 504.9 521.5 536.4 543.6 547.3 549.9 553 567.8 589.2 585 574.4 563.3 551.9 542.1 527.5 512.2 495.7 479.1 459.7 449.3 434.8 421.2 409.9 396 384.3 375.9 367.5 358.7 352.9 349.3 346.6 338.2 330.4 321.2 303.3 296.3 291.1 287 282 274.1 272.9 269.9 267.1 266.6 261.7 262.2 266.3 271 278.1 287.9 307.6 318.1 321 318.4 321.3 317.1 309.7 305.6 299.4 292.2 287.4 281.7 276.3 270.5
288.4 289.1 289.9 291.4 294.6 297.9 302.4 309.7 315.2 317.7 319.5 327.4 337.9 355.2 370.9 392.7 415 440.3 463.4 479.1 489.6 503.6 524.1 538.4 542.4 543.9 549.9 558.7 581.1 592.8 586.9 577.6 566.2 554.4 546 531.5 511.8 498.8 482.1 467.1 447.8 432 417.5 404.8 394.1 385.6 380.1 371.5 363.4 355.8 351.1 345.6 337.9 330.2 319.9 306 298.9 295.7 290.6 285.8 282.2 283.1 276.4 271.6 271.2 273.5 280.9 283.3 288.3 289.5 308.6 317.6 327.8 328 325.8 320.2 312.5 304.5 298.1 291.8 279.7 277.7 273.6 268.1 260.9
284.1 287.9 289.8 290.6 291.2 294.9 299.2 305.2 310 313.7 319.2 326 334.9 349.2 370.2 389.7 415.4 443.4 465.7 483 492.4 509.9 529.7 541.3 543.4 548.3 560.3 579.1 599.4 599.2 591.4 582 571.6 559.1 545.4 529.8 509.8 498.6 482.4 466 445.1 425.6 413.4 401.8 394.1 387.2 379 372.1 365.7 358.9 351.7 344.8 336.8 328.4 317.3 310.7 303.5 298.2 294 288.4 288.5 288.4 279.6 278.6 288 288.5 293.7 296.1 299.1 307 323.4 328.3 329.8 324.6 319.4 313.9 305 298 290.4 277 271 268.4 262.7 258.8 254.6
282.3 285.6 289.8 294.5 292.4 294.3 297.4 300 303.5 311.9 316.7 323 330.7 345.8 368.3 395.7 425.4 456 477.5 493.6 507.1 528 546.5 558.7 561.3 569.6 584.3 606.2 610.7 605.6 595.1 582.2 568.8 556.1 541.3 521.1 504.6 490.6 474 454.9 436.2 420 407.7 399.6 394.7 387.5 378.5 370.5 364.9 359.6 353.6 344.3 335.6 326.5 317.9 312.4 305.3 299.4 295.5 294.6 294.8 288.7 288 290.1 302.1 303.1 302.9 311.9 316.6 329.5 333.2 331.2 325.4 320 315.3 308.7 300.2 292.6 285.3 270.9 264.1 259.4 253 250.8 250.2
281.2 285 290.7 294.1 293.7 294.4 295.4 296.5 301.1 307.7 313.1 320.3 331.4 350.5 377.5 406.2 441.3 482.3 505.8 516.7 539.1 557.1 571.8 577.7 584.7 599.5 621.3 625.4 613.4 602.3 590.7 575.2 560.9 546.4 526.9 505.6 491.9 475.7 459.9 443.3 428.9 414.6 404.6 397.5 392.5 383.4 376.3 369.3 363.9 357.3 350.2 342 337 329.6 320.5 313.7 308.4 301.3 302.3 303.6 302.5 298.9 299.8 310.3 317.7 319.4 328.5 337.5 340.2 342.8 341.4 334.4 325.7 316.7 309.3 300.8 291.9 284.3 278.2 266.1 259.2 257.4 253.9 251.7 250.8
278.9 284.6 289.3 290.6 291.3 292.2 293.1 293.9 297.8 305.5 311.1 319.4 335.6 364 392.6 424.8 470.1 515.6 542.8 550.9 569.9 584.5 582.3 592.1 613 631.3 626.9 615.1 604.4 590.9 575.4 558.6 541.1 522 505.9 490.1 475.6 461.2 446 432.3 419.3 409.9 402.2 395.6 390 381.8 374.6 368.2 362.7 355.4 349.8 342.8 336 330.6 322.6 316.6 310.2 309.5 309.8 310.2 309.2 310.9 319.2 328.1 336.4 343.3 355.8 355.7 354.5 349.1 341.5 331 323.4 315.3 307.2 298.3 287.5 280.5 274.1 270.1 265.5 257.8 252.5 251.4 250.5
