data/200000-720000.asc
ncols 200
nrows 200
xllcorner 200000
yllcorner 720000
cellsize 50
[rows 140 to 174 of 200, columns 79 to 157 of 200]
89.2 90.9 84.6 77.8 78.4 86.7 95.3 101.9 109.2 96.4 91.3 90.3 91.2 96.2 100.2 101.5 98.5 91.6 90.3 93.3 100.4 109.2 115.6 120.9 121.9 123.2 118.9 112.6 110.2 118.9 125.3 132.5 126.1 123.7 118.8 123.4 123.9 106.2 98.6 94.6 92.1 91.4 84.5 87.4 87.3 81.8 77.2 74.7 76.7 76.9 77.1 76.9 75.7 68.6 61.5 56.5 53.3 50 47.2 44.9 41.1 35.9 32.7 32.7 32.7 32.7 32.7 32.7 32.7 32.7 32.7 32.7 32.7 32.7 32.7 32.7 32.7 32.7 32.7
83.4 78 76 78.9 83.5 88.1 93.8 99.9 104.7 95.7 92 90.7 90 90.1 91.1 89.8 88.2 89.2 90.7 95.1 103.1 108.9 114.3 119.9 123.7 126.2 119.9 108.9 108.1 114.4 122.2 128.2 117.9 122.1 120.1 117.1 111.6 108.3 111 103.6 95.5 92.2 84.9 79.4 77.2 77.9 77.8 77.2 70 72.4 73 70.2 72.8 66.6 59.7 54.4 49 46.6 44.1 42.8 38.8 35.9 32.7 32.7 34.6 34.6 34.6 33.4 32.7 32.7 32.7 32.7 32.7 32.7 32.7 32.7 32.7 32.7 32.7
75.3 68.6 75.1 78.5 82.6 89.3 93.3 95.2 97.8 95.5 93 91.4 89.7 90.1 89.4 89.5 88.1 88.7 90.4 96.2 103.6 112.4 113.2 118.2 120.6 122.3 113.7 105.9 107.3 107.7 111.4 110.6 113.8 115.7 117.5 117.4 115.5 114.4 110 104.3 96.9 92 86.1 79.6 78 75.3 76.1 74.9 73.3 65.3 66.2 62.6 63.6 61.3 58 52.6 48.3 44.7 39.9 38.8 36 34.6 34.6 34.6 34.6 34.6 34.6 34.6 32.7 32.7 32.7 32.7 32.7 32.7 32.7 32.7 32.7 32.7 32.7
66 69.4 73 78.1 82.7 86.6 90.3 93.1 93.1 93.2 93.9 93.3 91.8 92.1 92.7 93 93.9 91.7 89.1 97 106 114.8 111.1 114.3 114.8 115 112.8 105.8 104.3 105.7 110.4 113.6 114.2 117 121.2 122.6 123 124.9 118.1 104.6 95 89.2 84.2 82 77.5 71.4 71 71 71.4 67.5 62.2 58.8 55.5 55.5 53.4 50.3 46.3 41.9 37.2 34.5 33.3 33.8 32.7 32.7 32.7 32.7 32.7 32.7 32.7 32.7 32.7 32.7 32.7 32.7 32.7 32.7 32.7 32.7 32.7
79.8 84.5 91.9 92 91.5 90.7 93.4 92.4 91 91.6 93.9 94.7 94.2 96.7 100.5 102.9 104.4 97.2 88 88 100.4 106.7 110.2 113.9 111.2 110.1 110.2 104 103.3 106.6 112.6 112.6 111.8 111.9 113.9 116.2 117.5 113.9 111.7 104.5 97.3 92 87.6 84.3 82 78.4 72 66.4 65.2 65.5 60.1 55.7 51.8 48.4 47.9 45 41.5 38.2 33 32.7 32.7 34.6 32.7 32.7 32.7 32.7 32.7 32.7 32.7 32.7 32.7 32.7 32.7 32.7 32.7 32.7 32.7 32.7 32.7
90.6 95.8 95.5 102.1 105.9 106.8 101.6 96.9 90.9 90.4 94.9 95.7 100.1 107.3 113.3 116.9 119.3 101.8 90.9 87.2 94.7 104 109.6 108.3 105.4 105.1 105.8 103.4 104.5 107.5 110.3 109 109 109.6 110.5 109.6 107.4 104.6 103.4 101.2 96.1 90.6 86.6 84.1 77.9 75.2 71.5 66.9 59.9 59.7 57.5 52.3 51.1 45.6 42.4 39.2 35 32.7 32.7 32.7 32.7 32.7 32.7 32.7 32.7 32.7 32.7 32.7 32.7 32.7 32.7 32.7 32.7 32.7 32.7 32.7 32.7 32.7 32.7
102 101.3 100.7 104.6 108 113.2 107.6 100.5 92.7 87.4 96 95.1 100.5 107.1 116.8 117.7 110.8 98.8 89 86.6 87.9 95.5 103.6 101.8 100.1 102.1 105.2 103.4 105 110.9 108.2 107.3 107 110 112 113 109 105.1 102.7 99.7 97.6 90.2 84.9 80.4 77.4 71.7 66.1 62 56 50.7 51.1 47.1 45.1 39.3 36.4 32.7 32.7 32.7 32.7 32.7 32.7 32.7 32.7 32.7 32.7 32.7 32.7 32.7 32.7 32.7 32.7 32.7 32.7 32.7 32.7 32.7 32.7 32.7 32.7
102.5 106.7 107.5 110.7 110.5 109.8 112.5 113.1 104.2 89.1 87.1 89.2 97.9 105.8 113.4 110.9 104.1 97 91.2 92.6 86.3 89.3 93.9 95.3 96.7 102.9 109 102.3 107.8 113.5 108.5 104.3 108.4 112.1 115.5 114.6 109.5 105.6 105.4 106.1 95.6 88.8 84.6 78.4 74.8 71.2 64.5 57.7 54.9 48.4 46.7 42.5 38.2 32.7 32.7 32.7 32.7 32.7 32.7 32.7 32.7 32.7 32.7 32.7 32.7 32.7 32.7 32.7 32.7 32.7 32.7 32.7 32.7 32.7 32.7 32.7 32.7 32.7 32.7
100.3 109.4 116.3 116.4 114.5 108.7 111.9 109.8 102.3 90 83.9 86.6 91.8 98.3 103.9 106.4 107.3 107.7 104.5 100.4 88 86.2 88 90.4 93.3 100.4 102.7 100.3 103.7 107 103.9 107.7 110.4 113.7 115.8 115.1 106.1 104.5 104.5 101.2 90.6 83.7 77.7 72.2 66 61.8 57.2 51.7 49.2 44.3 40.7 37.9 32.7 32.7 32.7 32.7 32.7 32.7 32.7 32.7 32.7 32.7 32.7 32.7 32.7 32.7 32.7 32.7 32.7 32.7 32.7 32.7 32.7 32.7 32.7 32.7 32.7 32.7 32.7
95.2 104.9 111.9 111.5 113.8 109.2 107.7 109.6 98.8 89.1 83.4 83.9 88 96.2 102.4 109.1 113.3 117.9 110.4 99.4 89.1 86.2 85.6 87 91.3 98.1 98.9 99.9 101.4 104.9 105.6 110.7 113.2 115.2 118 117.6 106 100.3 99.9 93.4 84.1 77.5 70 64.7 58.8 56.5 51.5 48.3 44.9 42.4 38.8 32.7 32.7 32.7 32.7 32.7 32.7 32.7 32.7 32.7 32.7 32.7 32.7 32.7 32.7 32.7 32.7 32.7 32.7 32.7 32.7 32.7 32.7 32.7 32.7 32.7 32.7 32.7 32.7
89.3 97.2 105.1 106.2 113.3 114.5 112.6 104.4 96.4 86.8 85.3 82.1 91.5 89.8 94.5 101.5 107.5 112.2 95.1 98.8 95.3 89.3 91 88.3 97.5 103.6 100.9 100.1 107.1 105.5 107.5 112.3 114 115 113.2 111.5 104.5 98.6 94.4 85.9 76.5 71.5 63.8 59.8 55.9 52.5 50.4 49 42.8 38.7 34.8 32.7 32.7 32.7 32.7 32.7 32.7 32.7 32.7 32.7 32.7 32.7 32.7 32.7 32.7 32.7 32.7 32.7 32.7 32.7 32.7 32.7 32.7 32.7 32.7 32.7 32.7 32.7 32.7
87.6 91.1 99.8 106.8 110.4 111.1 112.2 102.6 93.8 84.7 85.6 79.2 90.8 89.7 88.4 91.5 96.2 89.7 90.8 91.3 92.7 88.6 89.4 87.9 97.2 100.5 100.8 100.8 106.4 105.1 109.1 113.2 110.3 111.4 108.3 105 99.2 95.3 86.9 77.7 70.8 66.9 62.5 60.5 58.1 59 52.2 49.4 43.2 34.6 32.7 32.7 32.7 32.7 32.7 32.7 32.7 32.7 32.7 32.7 32.7 32.7 32.7 32.7 32.7 32.7 32.7 32.7 32.7 32.7 32.7 32.7 32.7 32.7 32.7 32.7 32.7 32.7 32.7
82.7 87.3 95.7 100.3 99.6 103.4 107.6 103.4 91.5 80.6 75.2 74.2 83.9 91.5 87.4 87.3 89 88.9 89.6 91.1 89 86 83.9 92.3 100 98.8 100.1 99.2 105 104.8 107.2 110.4 104.7 101.3 100.4 99.1 98.1 91.8 82.7 73.9 70.3 69.2 70.9 72.5 78 70.4 57.1 49.1 41.3 32.7 32.7 32.7 32.7 32.7 32.7 32.7 32.7 32.7 32.7 32.7 32.7 32.7 32.7 32.7 32.7 32.7 32.7 32.7 32.7 32.7 32.7 32.7 32.7 32.7 32.7 32.7 32.7 32.7 32.7
82.4 88.2 93.5 91.2 94.1 98 102.6 97.2 87.3 76.3 73.1 72.7 77.3 85.7 86.5 89.8 94.8 94.2 90.9 89.7 89.6 84.4 81.5 92.2 98 98.1 95.1 99.6 99.5 99.5 105.6 106.9 103.8 99.4 97.3 97.1 98 86.9 77.3 71.3 69.6 69.1 70.5 68.9 65.5 56.2 47.2 42.3 35.1 32.7 32.7 32.7 32.7 32.7 32.7 32.7 32.7 32.7 32.7 32.7 32.7 32.7 32.7 32.7 32.7 32.7 32.7 32.7 32.7 32.7 32.7 32.7 32.7 32.7 32.7 32.7 32.7 32.7 32.7
73.7 80.6 82.2 82.4 87.3 94 95.2 89.9 86.5 79.9 74.2 70 76.6 86.7 92.1 97.6 105.4 100.7 97.6 93.4 88.1 81.4 81.8 91.9 98.5 93 91.6 98.8 95 95.5 100 100 99 97.9 96.9 91.9 87.6 77.8 71.1 67.8 66.2 61.2 59.2 55.2 52 46 41.4 35.6 32.7 32.7 32.7 32.7 32.7 32.7 32.7 32.7 32.7 32.7 32.7 32.7 32.7 32.7 32.7 32.7 32.7 32.7 32.7 32.7 32.7 32.7 32.7 32.7 33.5 33.6 32.7 33.4 32.7 32.7 32.7
69.3 80.7 85.6 76.7 81.9 87.4 89.7 88.1 83.9 84.6 73.7 70.3 77.6 88.5 98.3 99.8 109.9 106.2 111.3 97.8 87 80.1 80.9 92.6 95 88.7 95 100.6 92.2 92.7 96.7 98.3 97.4 95.3 91.5 85.3 76.4 67.8 62.2 63.3 60.5 55.7 52.2 47.5 45.3 38.9 35.6 32.7 32.7 32.7 32.7 32.7 32.7 32.7 32.7 32.7 32.7 32.7 32.7 32.7 32.7 32.7 32.7 32.7 32.7 32.7 33.1 33.9 32.7 34.7 33.7 32.7 32.7 32.7 33.8 34.4 34.8 34.4 39
70.9 76.5 74.7 71.1 77.6 81.5 83.6 80.5 79.2 80.8 72.9 68.8 73.9 81.5 92.9 92.6 103.1 107.8 109.2 94.9 84.4 78.5 84.2 93.2 91.3 85.4 92.1 95.6 85.9 94.1 92.8 94 95 86.8 83.5 76 68.4 60.3 58.5 58.1 54.9 50.4 46.5 42.8 40.4 32.7 32.7 32.7 32.7 32.7 32.7 32.7 32.7 32.7 32.7 32.7 32.7 32.7 32.7 32.7 32.7 32.7 32.7 32.7 32.7 32.7 32.7 34.1 32.7 35.8 38 34.6 32.7 33.5 36.7 37.2 37.9 41.7 45.3
65.1 70.2 68.1 70.1 76.2 77.6 79.2 76.7 75.4 72.5 69.7 68.6 71 75.9 80.1 86.9 97 104.1 95 90.1 86.1 78.5 84.9 95.1 90.7 83.1 85.6 83.6 84 91.1 85.7 84.8 84 80.1 79.3 69.3 62.3 56 55 51.5 49.6 44 40 34.8 32.7 32.7 32.7 32.7 32.7 32.7 32.7 32.7 32.7 32.7 32.7 32.7 32.7 32.7 32.7 32.7 32.7 32.7 32.7 32.7 32.7 32.7 32.7 32.7 33.3 36.4 37 35.7 33.7 38.3 43.3 38.7 40.6 46.1 46.9
58.5 63.3 65.5 65.4 72.4 72.1 72.4 73.1 74.9 69.4 67.6 69.3 70.3 72.4 74.9 81 93.2 99 94.6 95.8 88.9 77.8 89 95.3 84.2 80 80.3 77.5 80.2 84 80.1 78.4 75.3 74.1 71.1 62.2 54 51.6 49.5 45.9 44.2 39.3 32.7 32.7 32.7 32.7 32.7 32.7 32.7 32.7 32.7 32.7 32.7 32.7 32.7 32.7 32.7 32.7 32.7 32.7 32.7 32.7 32.7 32.7 32.7 32.7 32.7 32.7 35.7 36.8 36.9 36.8 37.9 41.7 43.2 40 42.1 48 47.2
57.9 58.1 57.5 63 66.7 69.5 68.7 68.6 67.5 67.5 67.8 67.3 72.7 71.2 74.1 77.7 91.6 95.3 97.6 85.8 79.5 78.3 92.2 87.5 80.2 74.4 71.1 72.5 74.4 75.1 76.3 74.4 69.8 67.6 60.5 52 46.3 46 43.9 40.2 37.8 32.7 32.7 32.7 32.7 32.7 32.7 32.7 32.7 32.7 32.7 32.7 32.7 32.7 32.7 32.7 32.7 32.7 32.7 32.7 34.5 36 32.7 32.7 33 33 33.1 34.3 36.9 38.4 38.8 39.2 40.2 43.2 43.5 45 46.8 51.4 49.8
49.1 52.8 60.2 65.5 67.5 68.1 66.1 66 67.3 68.6 72.1 67.8 69.3 69.6 71.9 73.6 84.9 82.6 77.5 76.8 76.5 85.3 88.3 82.2 77.4 72.5 69.3 71 71.4 72.1 68.9 67.6 62.3 56.3 50.7 44.2 41.6 41.7 37.4 33.6 32.7 32.7 32.7 32.7 32.7 32.7 32.7 32.7 32.7 32.7 32.7 32.7 32.7 32.7 32.7 32.7 32.7 32.7 32.7 39.3 41.9 40.6 37.6 38.7 39.7 38.7 37 38.9 39 40.6 42.6 41.7 41.9 45.4 47.4 48.4 51.3 59.5 57.5
47.9 53.3 60 66.8 68.5 68 63.9 68.7 73.4 70.2 72.9 63.4 66.7 67.1 67.8 71.8 79.4 75.5 75.8 76.9 81.4 83 81.2 79.2 76.9 72.1 66.5 64.8 66.4 60.3 54.9 53.8 50.2 47.8 42.1 37.4 34.5 36.2 32.7 32.7 32.7 32.7 32.7 32.7 32.7 32.7 32.7 32.7 32.7 32.7 32.7 32.7 32.7 32.7 32.7 32.7 32.7 32.7 35.9 39.8 42.4 43.6 43.7 43.3 44.4 43 42 42.9 42.6 43.6 46.2 50.1 50.1 47.7 51.3 56.4 57.9 63.2 74.9
45.8 52 57.5 60.5 67.4 65.9 64.9 73.1 73.2 63.4 61.8 61.1 64 64 63 71.2 77.2 79.6 83.4 79.7 86.6 84.2 80.4 79.3 74.7 69.4 64.1 62.5 58.3 51 47.4 44.9 42.9 38.6 32.7 32.7 32.7 32.7 32.7 32.7 32.7 32.7 32.7 32.7 32.7 32.7 32.7 32.7 32.7 32.7 32.7 32.7 32.7 32.7 32.7 32.7 32.7 35 39.1 43.2 47.3 51.8 50.5 48.6 48.3 45.8 42.3 45.1 48.4 50.1 50.8 52.9 48.9 52.1 58.7 64.6 69.4 73.1 85.4
42.4 47.3 52.8 56 60 59.4 58.7 62.3 63.8 61.7 57.6 58.9 60.2 60.1 63.7 73.2 78.3 83.2 81.8 89.3 92.9 91.1 84.5 82.4 76.2 68.6 63.9 65.3 55.2 46.5 41 33.8 32.7 32.7 32.7 32.7 32.7 32.7 32.7 32.7 32.7 32.7 32.7 32.7 32.7 32.7 32.7 32.7 32.7 32.7 32.7 32.7 32.7 32.7 32.7 32.7 33.2 47.2 41.1 48.7 53.7 62.7 64 54.6 51.1 49 43.2 46.4 47.8 48.7 48.5 52.3 55.7 61.6 67.2 71 75.9 85.4 94.9
39.9 42.5 46.9 49.7 53.1 53.1 55.4 59.4 61.2 62 57.3 58.4 57 58.5 63.9 72.4 80 82.9 87.9 98.3 104.7 106.9 93 87.7 74.5 64.1 59 55.8 43.9 34.5 32.7 32.7 32.7 32.7 32.7 32.7 32.7 32.7 32.7 32.7 32.7 32.7 32.7 32.7 32.7 32.7 32.7 32.7 32.7 32.7 32.7 32.7 32.7 32.7 32.7 32.7 35.3 42.4 45.8 53 59.9 65.6 65.2 59.5 57.8 52.8 45.2 44.3 44.2 46.8 53 58.7 64.2 69 73.7 83.1 101.2 101.5 99
38.7 37.7 39.9 42.9 46.3 47.4 51.7 56.6 55.6 53.5 55.2 56.2 62.9 72.4 65.9 72.4 80.9 85.8 94.7 107 118.4 111 98.2 86.9 66.4 54.8 51.8 39.6 32.7 32.7 32.7 32.7 32.7 32.7 32.7 32.7 32.7 32.7 32.7 32.7 32.7 32.7 32.7 32.7 32.7 32.7 32.7 32.7 32.7 32.7 32.7 32.7 32.7 32.7 32.7 32.7 35.1 45.1 51.3 56.9 62 64.1 61.9 59.3 59.7 51.6 44.1 44.2 43.8 53.5 60.6 65.5 72.9 79.8 88 95.3 106.8 113.6 104.5
37.2 35.3 34 36.1 38.3 41.4 44.3 47.1 48.5 48.7 54.7 56.5 63.5 68 65.4 76.4 78.8 86.9 100.5 107.1 113.7 112 97.3 79.5 58.7 40.5 32.7 32.7 32.7 32.7 32.7 32.7 32.7 32.7 32.7 32.7 32.7 32.7 32.7 32.7 32.7 32.7 32.7 32.7 32.7 32.7 32.7 32.7 32.7 32.7 32.7 32.7 32.7 32.7 32.7 32.7 36.3 47.7 54.4 59 66.1 63.7 55.9 54.3 52.2 44.2 44.2 44.2 51.5 60.6 67.3 75.3 82.8 99.6 103.8 110.4 120.7 117.9 111
36.9 34.4 32.7 32.7 32.8 36 39 41.6 43.6 43.3 49.7 56.6 62.2 63.3 66.5 74.2 82.8 92.4 101.6 102.5 100.6 98.8 83.5 62.3 38.9 32.7 32.7 32.7 32.7 32.7 32.7 32.7 32.7 32.7 32.7 32.7 32.7 32.7 32.7 32.7 32.7 32.7 32.7 32.7 32.7 32.7 32.7 32.7 32.7 32.7 32.7 32.7 32.7 32.7 32.7 32.7 39.3 50.1 56.6 61.8 67.7 58.2 51.6 46.8 43.6 44.2 44 53.9 60.5 64.8 76.6 83.8 108 118.5 122.6 124.4 125.4 119.8 115
36.1 34.8 32.7 32.7 32.7 32.7 33.7 36.2 38.1 37.9 44.6 51.1 58.8 67.8 69.8 66.5 66.4 77.9 87.2 87.5 81.1 76.7 48.9 32.7 32.7 32.7 32.7 32.7 32.7 32.7 32.7 32.7 32.7 32.7 32.7 32.7 32.7 32.7 32.7 32.7 32.7 32.7 32.7 32.7 32.7 32.7 32.7 32.7 32.7 32.7 32.7 32.7 32.7 32.7 32.7 32.7 41.9 48.8 54.5 58.8 56.3 50.8 52 47.3 43.6 45.1 52 60.7 66.5 70.6 85.6 102.1 117 123.5 129.5 133.7 128.1 123.4 119.6
34.7 32.7 32.7 32.7 32.7 32.7 32.7 32.7 32.7 32.7 38.3 45.3 53.2 61.4 65.3 62.4 58.2 61.4 69.8 65.6 57.6 40.1 32.7 32.7 32.7 32.7 32.7 32.7 32.7 32.7 32.7 32.7 32.7 32.7 32.7 32.7 32.7 32.7 32.7 32.7 32.7 32.7 32.7 32.7 32.7 32.7 32.7 32.7 32.7 32.7 32.7 32.7 32.7 32.7 32.7 34.3 41.3 44.6 48.8 49.2 49.6 53.8 53.6 51.8 50 50.7 54.8 65.4 75.8 83.6 101.4 106.5 115.4 125.1 128.7 135.9 135.1 126.4 120.9
32.7 32.7 32.7 32.7 32.7 32.7 32.7 32.7 32.7 32.7 32.7 39.2 46.2 51.4 56.2 52.5 49.3 49.8 51.7 41.3 32.7 32.7 32.7 32.7 32.7 32.7 32.7 32.7 32.7 32.7 32.7 32.7 32.7 32.7 32.7 32.7 32.7 32.7 32.7 32.7 32.7 32.7 32.7 32.7 32.7 32.7 32.7 32.7 32.7 32.7 32.7 32.7 32.7 32.7 33.7 36.4 39.8 40.7 44.1 48.3 51.6 56.7 59.9 59.4 56.6 57.2 57.6 72.9 88.6 99.3 112.4 110.7 115.4 127.9 132.2 136.1 135.6 126.4 120.8
32.7 32.7 32.7 32.7 32.7 32.7 32.7 32.7 32.7 32.7 32.7 32.7 35 41.6 43.9 43.5 42.7 39.4 32.9 32.7 32.7 32.7 32.7 32.7 32.7 32.7 32.7 32.7 32.7 32.7 32.7 32.7 32.7 32.7 32.7 32.7 32.7 32.7 32.7 32.7 32.7 32.7 32.7 32.7 32.7 32.7 32.7 32.7 32.7 32.7 32.7 32.7 32.7 32.7 36.2 38.2 39.7 42.7 46.7 52.3 57.9 62.6 66.6 61.7 64 69.7 71.5 87.8 101.5 107.9 113.5 116.5 120.7 127.8 137.5 141.9 136.5 127.3 119.8
32.7 32.7 32.7 32.7 32.7 32.7 32.7 32.7 32.7 32.7 32.7 32.7 32.7 32.7 32.7 35.2 36.1 32.7 32.7 32.7 32.7 32.7 32.7 32.7 32.7 32.7 32.7 32.7 32.7 32.7 32.7 32.7 32.7 32.7 32.7 32.7 32.7 32.7 32.7 32.7 32.7 32.7 32.7 32.7 32.7 32.7 32.7 32.7 32.7 32.7 32.7 32.7 33 33.7 36.4 38.8 42.1 45.8 51 57.7 62.3 63.8 63.8 66 72.2 76.9 92.9 105 110.1 109.9 113.3 123.9 126.9 134.2 138.4 140.4 132.5 128.4 127.4
32.7 32.7 32.7 32.7 32.7 32.7 32.7 32.7 32.7 32.7 32.7 32.7 32.7 32.7 32.7 32.7 32.7 32.7 32.7 32.7 32.7 32.7 32.7 32.7 32.7 32.7 32.7 32.7 32.7 32.7 32.7 32.7 32.7 32.7 32.7 32.7 32.7 32.7 32.7 32.7 32.7 32.7 32.7 32.7 32.7 32.7 32.7 32.7 32.7 32.7 32.7 33.2 34.5 35.1 37.2 39.8 44 47.1 54.7 61 63.1 63.8 67.8 73.8 77.2 90.8 104.8 107.1 108.7 114.1 122.8 127.8 134.1 133.2 134.9 133.6 131.7 131.1 131.1
32.7 32.7 32.7 32.7 32.7 32.7 32.7 32.7 32.7 32.7 32.7 32.7 32.7 32.7 32.7 32.7 32.7 32.7 32.7 32.7 32.7 32.7 32.7 32.7 32.7 32.7 32.7 32.7 32.7 32.7 32.7 32.7 32.7 32.7 32.7 32.7 32.7 32.7 32.7 32.7 32.7 32.7 32.7 32.7 32.7 32.7 32.7 32.7 32.7 32.7 32.9 34.3 35.6 36.7 37.3 40.7 45.6 50.7 55.8 59.8 63.9 68.7 74.7 83.7 91.3 97.7 103.4 105.2 112.2 120.4 125.7 129.4 132.1 138 138.4 136.8 135.2 135.6 133.5
