data/200000-650000.asc
ncols 200
nrows 200
xllcorner 200000
yllcorner 650000
cellsize 50
[rows 0 to 37 of 200, columns 84 to 167 of 200]
7.4 7.3 6.2 7.4 12.8 11.2 14.6 29.8 45.3 50.6 59.1 66.9 75 74.6 75 75.3 74.6 76.8 80.3 83.6 88.5 87.8 84.8 80.8 76.5 71.8 80.4 87.7 82.8 80.6 78.2 77.6 75.8 71.9 70 65.6 67.5 60.8 57.8 56.2 52.3 44.3 37.7 30 22.8 15.7 13.9 14.8 16 19.3 23.8 26.9 27.8 24.3 20.6 15.8 13.2 14 17.4 15.6 15.1 16.5 17.8 19.1 20.3 22 26 32.8 36.6 39.9 44.1 45.7 52.1 60.9 63.4 69.5 73.3 77.2 80.5 84.2 88.1 90 86.2 85.1
8.6 9.2 10.2 12.4 11 13.3 16.2 38 47.3 53.3 60.2 66.8 74.3 76 77.3 76.3 75.5 76.8 79.7 82.4 86.6 85.5 83 80.4 74.9 75.4 89.3 91.1 88 86 79.9 77.5 75 73.3 67.3 68.6 65.5 60.4 56.2 51.6 45.2 38.4 31.3 23.9 17.8 12.9 12.9 13.3 13 19 28.5 31.7 33.2 27.6 22 17.3 14.4 16 17.7 15.7 15.3 16.2 17.4 18.5 20 23 27.2 32.6 37.3 42.5 47.7 50.8 56.7 63 66.8 68 74.5 78 80.6 84.4 89.1 90 87 85.7
9.4 11.7 12.7 12 13.5 14.4 19 37.8 47.4 53.8 60.9 66.2 73.6 76.2 77.3 76.3 76.1 77 78.4 81.1 82.8 82.9 80.9 78.2 72.3 82.5 92.7 90.7 95.3 88.5 82.1 79.6 78.7 73 69.8 68 67 64.6 57.5 47.1 39.5 31.8 24.4 18.1 12.8 12.9 12.9 12.9 13.9 30.7 35.1 36.4 38 30.6 21.7 18.5 14.8 16.1 18.1 17.1 15.9 15.7 16.5 17.6 19.8 23.8 28.1 33.6 37.5 42.9 49.2 53.1 58.6 64.9 68.7 74.2 77 78.7 80.4 83.5 86.4 87.1 87.6 88.3
11.2 12.5 12.7 13.7 14.3 15.1 22.2 41.8 48.4 53.1 61.6 67.2 72.4 75.1 76.4 75.6 75.6 76.8 77.7 79.8 81.2 80.6 78.9 76 71.2 91.8 93.8 96.6 98.1 90.5 84.3 82.3 77.2 72.4 77 69.3 78.4 76.2 69.9 48.8 35.7 26.7 18.9 14 12.9 12.9 12.9 12.9 17.5 35.2 39.9 43 43.1 34.3 24.8 18.2 15.4 15.9 18 17.2 14.7 15.1 16.2 17 18.8 26.3 31.5 35.3 39.7 47.1 50.5 55.1 60.9 67 71.4 75.2 77.4 79.3 80.9 83 86.5 91.6 93.6 93.4
11.9 13.4 13.9 14.3 14.7 16.1 29.4 47.6 49.1 54.2 61.2 66.5 70.5 73.4 74.9 74.9 75.2 75.9 77 78.4 79.4 78.8 77.1 73.7 75 94.2 95.8 98.2 97.4 91.3 88.1 83.8 75.3 75.7 75.2 79.8 86.9 85.6 72.9 51.8 30.7 24 16.1 13.8 12.9 12.9 12.9 12.9 18.9 38.8 39.1 44.7 39 35.2 24.9 19.8 16.4 16.3 18.7 14.7 14.3 14.9 16.1 17.2 20.3 27.6 33.4 36.1 40.8 47.9 53.2 57.8 62.9 68.8 72.8 75.6 77.4 79.7 81.4 84.6 91.6 99.8 101.6 99.3
13.4 13.6 14 14.4 14.7 16.6 31.9 46 48.8 54.1 60.7 65 68.9 72.4 73.8 73.8 74.3 74.8 76.4 76.8 77.5 77 74.9 69.8 78.9 94.6 102.2 97.5 96.9 93.4 90.2 78.9 75.5 74.7 80.3 95.2 98.4 90.6 70.5 42.6 27.5 22.5 16.5 11.1 12.9 12.9 12.9 12.9 21.5 42.9 43.8 45.7 39.3 31.3 23.7 20.4 17.7 18.8 18.2 14.5 14.4 15 16.4 17.6 20.8 25.5 33.7 37.2 42.1 47.9 55.3 60.2 65.1 69.7 73.9 76.1 78.1 80.2 82.5 84.7 91.4 102.5 107.7 106
13.6 13.7 14.1 14.4 14.7 16.9 32.7 46.1 49.1 53.7 59.7 65.2 69.7 71.6 72.3 72.7 72.5 73.5 74.7 74.5 75.3 75.1 72.3 69.7 85.9 97.3 103.1 99.9 96.4 96.6 85.4 74.9 77.1 78.2 90.6 104.7 102.1 87.4 61.8 38.3 26.2 21.7 17 11.3 12.9 12.9 12.9 12.8 24.3 41.2 44 45.2 41.4 29.4 22.7 20.5 21.8 18.5 15.4 14.6 14.5 15 16.4 17.8 20.4 28.3 32.2 37.8 40.8 49.4 57.6 61.8 66.3 70.8 74.7 76.8 79 82.5 86.9 87.5 92 99.5 108.4 108.9
13.5 13.8 14.1 14.4 14.7 18.1 29.5 43.7 48.8 53.4 60.3 66.2 69.5 70.6 70.9 70.7 71 72.2 73.1 72.6 73.2 72.4 69.3 68.8 90.5 97.3 100.8 99 90.4 91.5 83.8 78.3 81.2 80.5 93.4 107.8 98.8 80.9 57.7 35.4 23.8 20.1 16.1 10.5 12.9 12.9 12.9 12.9 25.9 39.4 39.6 45.6 40.5 24 22.3 20.5 18.1 15.7 15.1 14.7 14.8 15.1 16.5 17.7 20.7 28.9 35.9 40.3 45.3 48.2 54.6 63 68.4 71.5 74.7 77.7 86.7 95.2 98.9 97.8 96.1 101.1 106.2 108.4
12.3 12.3 13.9 14.2 14.5 19.1 28.8 43 49.2 53.3 59.9 66 69 69.7 68.9 68.7 69.7 71 71.5 71.4 70.2 69.1 68.4 77.9 90.6 96.8 97 95.6 88.8 90.4 85.1 88.7 83.6 85.7 97.1 105.2 93.6 72.7 52.2 31.8 22.7 18.8 14.6 12.9 12.9 12.9 12.9 12.9 26.1 31.7 33.6 41.1 23.2 26.6 24 17.2 15.8 15.6 15.2 15.5 15.8 16 17.7 19.6 22.9 31.3 37.6 42.9 47.6 52.7 58.8 64.1 66.4 69.3 74.3 79 89.1 98.6 102.5 100.7 101.9 107.4 111.9 106.5
9.2 10 11.6 13.4 14.6 21.8 30.2 41.4 48.7 52.2 59.1 65.7 68.2 68.3 67.4 67.2 68.5 69.7 69.7 68.7 67.6 67 71.2 81.8 92 96.3 94.3 89.9 87.4 94.2 82.6 87.5 82.6 87.2 99.6 99.2 83.3 60.6 44 29 17.2 15 12.9 12.9 12.9 12.9 12.9 12.9 24.8 29.1 36.4 31.2 23.2 35 21.1 16.1 15.9 15.8 16.2 16.5 16.8 17.2 18.4 21 25.2 31.5 31.6 41.9 49.5 55.4 60.9 66.1 70 73.1 76.5 82.2 94.1 101.9 104 107.1 107.2 109.3 112.8 107.3
7.7 7.9 9.1 12.4 16.5 23 31.6 39.3 47.8 50.9 57.6 64.2 66.8 67.1 66.5 66 67.3 69 69.2 67 66.5 70.2 78.1 87.4 94.3 98 92.5 87.5 89.1 90.2 80.1 84.1 79.8 88.2 93.6 83.1 66.2 49.5 35.4 21.1 12.9 12.9 12.9 12.9 12.9 12.9 12.9 12.9 19.3 27.5 34.5 24.4 32.6 31.9 19.8 16.6 16.6 16.7 17.3 18 18.5 19.9 22.1 27.1 31.6 37.1 40.9 39.6 49.8 56.7 61.6 66.6 71 75.3 83.1 90.1 97.3 104.5 108.4 111.1 113.6 111.4 114.4 107.6
7 7.6 9.1 14.5 16.7 25.4 32.9 37.6 47 50.8 55.7 62.6 65.8 66.1 65.6 65.2 66.6 68.6 68.5 66.1 67.9 76.2 83.3 89.1 95.1 93.8 89.9 85.5 83.7 85.4 75.3 79.4 81.3 84 85.5 66.6 55.4 41.3 27.1 16.7 12.9 12.9 12.9 12.9 12.9 12.9 12.9 12.9 12.9 24.9 34.5 24 35.8 24.8 21.7 17.2 17 17.4 17.8 18.3 19 22.4 26.6 30.1 34.5 39.2 43 49.6 51.1 55.7 62.1 67 71.9 77.9 85.6 93 101.5 107.5 112.6 116.7 118.1 113.9 114.8 108
6.5 7.4 9.3 13.9 16.8 26 33.3 36.5 45.4 49.3 54.8 61.7 64.2 65 64.7 64.4 65 67 66.3 63.6 70.1 80.9 84.5 88 90.7 88.3 85.2 80.9 80 81.2 72.9 74.3 76.6 78.5 74.5 61.8 47 33.9 19.8 12.9 12.9 12.9 12.9 12.9 12.9 12.9 12.9 12.9 12.9 25.2 34.7 32.7 32.6 27.1 23.7 18.6 17.6 18 18.5 19.1 19.6 23.4 28.5 31.8 36.6 40.9 45.2 52 56.3 55 61.4 67.2 71.5 77.7 85.3 95.1 103.8 110.5 116.5 120.8 122.2 116.2 113.9 108.1
6 8.1 10.2 13.7 17.6 27.4 32.2 36.2 44.3 48 52.8 58.6 63.1 64.4 64 63.6 63.5 64.3 62.9 63.9 75.4 81 86.9 85 85.2 82.9 79.7 76 74.7 75.7 68.6 68.9 71.2 68.4 61.4 49.2 37.8 28.6 12.6 12.9 12.9 12.9 12.9 12.9 12.9 12.9 12.9 12.9 12.9 20 33.6 31.2 33 27.3 23.6 19.8 19.6 19.4 19.5 20.1 20.6 22.9 30.2 33.4 38.2 42.2 47 53.5 58.6 62 63.7 65.8 70.5 77.7 85.2 93.3 104.7 112 119.1 122.6 122.7 116.8 116 107.3
5.2 7 8.8 13.1 18.5 27.9 31.8 35.9 42.7 46.5 51.5 58.1 62.3 64 63.1 62.4 62.1 61.6 60.7 63.8 74 79.3 83.5 78.5 78.4 77.1 74.9 71.8 69 68.6 61.6 60.5 62.1 56.5 46.1 38.6 32.5 23.9 13.2 12.5 12.9 12.9 12.9 12.9 12.9 12.9 12.9 12.9 12.9 16.3 28.4 30.5 30.5 26.7 22.4 21.5 22.6 21.8 20.6 21.6 22.3 23.2 30.5 35.1 39.4 42.7 47.4 54.1 59.5 65.1 67.5 69.6 70.9 75.8 84.2 88.9 100.3 111.4 119.7 122.2 122.2 117.7 116.7 109.9
5 6.6 8.3 11.1 18.4 25.8 30.8 34.9 42.3 45.1 50 57.3 61.2 63.9 63 62 60.6 59.9 60.1 62.4 71.4 75.5 76.9 72.8 70.4 71.3 70.4 67.3 65.2 63.7 58 53.2 50.6 44.7 38.9 34.6 28.2 22.6 15.1 12.9 12.9 12.9 12.9 12.9 12.9 12.9 12.9 12.9 12.9 15.7 23.8 27.4 28.3 25.7 22.6 21.4 23.4 24.8 25.2 24.8 23.6 25 28.1 33.6 39.7 44.3 48.6 54.1 60.5 64.9 68.1 71.2 75.5 77.2 82.3 89 97.6 107.7 118.2 121.4 120.8 117.2 115.6 112.4
4.9 6.1 7.4 8.5 15 24.3 29.3 34.3 40.1 43 49.2 55.6 60.1 63.7 62.9 61.9 60.1 59 61.7 64.4 69.8 72.2 72.6 68.7 66.4 66.6 66.7 63 62.3 59.5 53.6 48.3 43.1 40 40 34.6 27.1 22.6 15.6 12.9 12.9 12.9 12.9 12.9 12.9 12.9 12.9 12.9 12.9 15.4 23.6 29 25.6 23.7 23.4 22.6 22.9 25 27.1 27.8 26.3 26.1 30.6 33.8 37.4 42.9 50.5 55 60.9 65.1 68.8 73.3 77.5 81.1 82.7 88 97 105.5 114.9 119.9 120.1 117.8 114.2 114.3
4.6 6.1 6.8 8.8 16.2 22.9 28.3 33.8 39.2 42.6 47.5 54.1 58.4 62.8 63.5 62 59.4 58 61.2 64.4 68.2 70.7 73.3 74.4 73 66.1 62.5 57.8 55.5 54.5 47.8 39.6 37.3 37 37.5 33.5 27 21.6 18.1 13.9 12.9 12.9 12.9 12.9 12.9 12.9 12.9 12.9 12.9 18 22.4 25.7 21.4 21.9 23.2 24.8 24.8 24.9 27.3 29.8 29.8 28.3 32.9 36.3 40.3 45.2 50.8 55 62.1 66.6 69.9 74.7 77.1 81.4 86.5 89.7 94 104.5 110.6 118.4 119.5 118.4 112.6 114
4.2 5.2 5.9 7.2 11.4 21 27.4 32.8 38.4 42.2 48.4 53.4 57.1 60.9 63.9 62.9 58.3 58.5 61.9 64.8 68 71 74.4 75.3 70.7 63.8 57.4 52.6 48.7 47.1 40.1 33.3 33.5 33.7 34 31.2 25.6 21.2 17.7 14.5 13.2 12.9 12.9 12.9 12.9 12.9 12.9 12.9 12.9 15.2 21.4 22.7 20.7 21.2 21.8 24 26.5 28.2 29.7 32.4 31.5 32.8 35.1 39 43.9 46.3 49.7 57.2 63.8 70.8 72.4 73.7 76 79.2 87.2 91.8 96.4 102.3 109 116.5 119.7 119 111.7 111
3.7 4.3 5.2 6.1 9.2 16.1 25.8 31.9 38 44 48.4 51.9 54.8 59 61.9 62 56.9 59.3 64.4 66.8 71.8 75.2 76.5 72 67.6 60.2 50.2 44.7 42 39.8 32.9 30.5 30.8 31.1 31.3 29.6 24.9 19.5 15.4 13.2 12.8 12.9 12.9 12.9 12.9 12.9 12.9 12.9 12.9 18.6 23 23.5 20.5 21 21.6 22.7 26.4 30.8 33.1 34.8 33.7 33.3 36.8 40.5 45.2 49.4 50.5 57.6 63 70.3 74.8 74.3 76 79.7 86.6 91 96.7 102.8 107.3 113.7 120.3 119.5 114.2 108.8
3.5 4 5.5 6.4 8.2 12.3 25 31.6 38.2 43.5 47.4 50.5 53.2 55 56.4 56.8 54.9 63 68.5 70.7 76.9 77.9 74.8 70.2 63.7 54.6 46 38.9 34.4 32.4 28 28.4 28.5 28.4 28.6 26.1 21.5 17 13.1 11.8 10.7 12.9 12.9 12.9 12.9 12.9 12.9 11.4 14.6 20.9 23.8 24.4 21.7 20.9 21.5 22.1 26.8 32.2 35.5 36.3 35.8 34.5 37.7 40.7 45.7 51.2 53.7 56.9 62.5 67.6 74.9 76.6 77.1 81.3 85.8 90.2 94.9 103 108 111.2 117.8 118 114.6 107.8
4.2 4.2 6.6 7.5 11.9 18.1 24.2 31.3 37.8 42.4 45.9 48.3 49.5 52.9 54.1 55.3 59.7 73.6 77.7 76.2 77.6 76.4 69.7 63.7 56.1 47.3 39.4 33.1 28.6 27.1 26.6 26 25.7 25.8 24.5 22.2 17.7 13.5 11.6 10.9 10.8 10.5 12.9 12.9 12.9 12.9 10.5 10.9 17.5 21.8 25.4 25.1 22.4 21.4 21.4 22.2 27.4 32.7 37.6 36.3 36 36.6 37.4 40.9 45.7 53 59.6 60.2 65.6 70.7 74 77.7 78.9 80.1 86.3 90.1 94.8 100.9 105.5 109.8 114.6 116.2 113.1 105.3
3.5 4.2 6.1 7.8 13.2 18.4 24.8 30.6 36.9 41.4 43.1 46.9 50.6 54.5 58.6 60.4 66.8 83.5 83.3 80.3 77.2 72.2 64 57.8 50.1 42.8 33.2 27 24 23.7 23.2 23 23.1 22.4 20.5 18 13.7 13.1 11.6 11.4 11.5 11.1 11.9 11.9 12.4 12.5 11.2 11.2 18.5 23.4 26.6 26 23.4 22 21 23.8 28.6 34.3 38.8 37.5 37.2 38.3 39.6 41.5 45.5 53.1 60.6 64.6 67.9 70.6 73.9 77 79 82 86.7 90.4 93.1 97.7 101.7 108 112.8 113.5 110.8 104.4
3.2 4.2 5.3 6.8 10.4 14.3 20.4 27.3 34.5 41 44.5 47 50.5 53.8 55.5 57.7 72.9 83.5 81.7 80 76.5 68.8 58.9 51.1 43.8 39 28.8 22.3 20.2 19.2 19.5 19.5 19.2 18.2 16 14.7 13.8 13.7 13.8 13.3 13 12.6 12.9 11.4 11.4 11.7 11.7 11.4 18.9 24.1 27.9 26.1 23 22.1 22.8 26.2 30.2 35.5 39.2 38.1 38.2 39.3 40.6 43.3 47.6 51.3 60.3 65.3 67.9 70 73 75.8 78.6 81.3 85.8 89.1 92.5 95.6 99 106.2 110.8 111.6 108.3 100.5
3.8 4.6 5.3 6.3 12.1 17.1 22.4 31.5 36.4 41 44.3 47 50.1 53.1 55.3 56.4 75.3 83.5 83.1 77.7 74.5 64.9 53.4 45.6 38.9 30.2 23.2 18.2 15.8 15.2 14.9 13.5 14.5 13.5 13.6 13.5 13.5 13.5 13.1 12.4 12.9 13.4 13.1 13 12.3 11.6 11.2 13.2 19.4 23.8 27.2 24.7 22.2 22.3 24.7 27.5 32.8 36.5 39.1 38.9 38.4 39.4 40.8 44.2 49.4 55.3 54.6 65.1 67.9 70 71.5 73.9 76.5 79.7 84.2 87.5 90.7 93.6 97 101.7 107.7 108 105 97.5
3.7 3.8 5.4 8.3 12.3 17.4 21.4 30.5 35.4 40.4 44.8 48.5 51 54 56.1 56.6 73.5 82.4 81.3 76.5 70.2 61 48.6 42.9 35.4 30.9 22.4 17.4 12.8 12.5 12.8 12.3 12.7 12.6 12.5 13 14.2 14.2 13.2 12.4 12.4 12.5 12.4 12.7 12.5 12 11.3 14.1 19.7 22.6 26.1 25.2 22 21.6 24.5 28.8 34.2 37 38.1 38.1 38.4 39 40.9 45 50.7 57.6 61.6 63.9 67.3 68.9 69.7 71.8 74.6 78.1 81.9 86 89.3 92.5 96 99.7 105.1 106.4 103 96.2
1.9 3.8 4.3 6.3 10.1 19.1 22.9 28.8 34.3 39.7 44.5 49.3 52.1 55.2 56.9 58.3 67 79.9 79.4 72.8 66.4 55.6 45.4 37.7 36.2 43.2 28.9 12.3 11.1 10.8 10.7 10.7 10.8 10.9 10.9 11.3 12.2 13.2 14.1 13.5 11.2 12.6 12.3 11.8 11.9 11.8 13.1 15.8 19.8 22.8 25.4 25.5 22.9 22.5 25.2 30.6 34.7 37.6 38.4 38.6 38.8 40.2 41.7 45.3 51.5 59.3 62.2 60.6 65.9 67.4 68.4 69.9 73.4 77.1 80.8 83.6 86.8 91.6 94.6 97.9 103 103.6 101.5 94.6
1.9 3.6 3.6 6.6 13.3 20.5 25.4 28.3 34.3 39 44.3 49.6 52.6 57.3 58.6 60 63.3 71.3 75.4 69.3 60.6 49.1 40.6 36.8 37.1 33.3 14.2 10 9.6 9.6 9.7 9.7 9.8 10.3 10.2 10.4 10.7 11 11.7 12.7 13.2 12.5 12 11.6 11.9 13.2 16.1 17.5 20.3 22.9 24.8 24.6 23.5 23 25 30.3 35.1 38.3 38.7 39.3 40.2 41.8 42.9 46.7 51.2 59.9 64 66.4 65.8 64.4 66.3 68.9 71.8 75.3 78.8 83.4 87.9 89.8 92.3 95.4 100.6 101.1 100 92.9
1.9 1.9 2.1 7.8 15.8 20.1 23.3 26.6 33.7 38.4 44.8 50.4 55.3 59.3 59.6 60.2 65.5 68.9 70.4 65 55.6 45.7 39.7 37.6 35.4 29.2 10.2 9.2 8.7 8.7 8.7 8.7 8.7 9.5 9.8 9.8 9.7 9.7 10 10.4 11.1 11.9 13.2 12.2 12.5 15.2 18.6 20.7 22.2 23.4 24.5 24.7 23.1 23.2 25.2 30.7 35.8 38.1 38.4 39.3 42 43.4 44.1 47.3 50.6 59.3 63.9 67 67.3 64.5 65.3 67.8 71.2 75 78.9 82.8 86.7 88.7 90.4 93.2 97 98 96 91.4
1.5 0.5 1 5.6 14.6 17.3 20.8 27.5 32.4 37.1 45.2 49.9 57.7 63.2 58.4 59.2 62.4 64.3 66.5 60 50.4 43.2 39.4 35.8 33.6 19.9 9.1 7.4 7.6 8 7.9 7.7 7.6 8.2 9.1 8.7 8.7 8.7 9.1 9.8 10.5 11.2 12.1 12.9 15 17.8 20.8 23.3 23.7 24.9 24.7 24.4 22.4 23.7 26.9 31.3 35.9 37.7 38.1 39.2 42.4 44.9 45.3 48 53.5 58.5 63.2 66.5 68.2 66.6 66.7 67.8 70 73.5 77.3 80.1 83.7 85.9 87.7 91.3 94.2 94.3 92.7 90.1
-0.9 -0.9 -0.9 4 8.1 16.3 20.1 28.7 32 36.3 45.6 50.1 54.9 60.3 56.4 57.5 59.5 60.8 62.8 55.7 45.9 40.4 36.4 32.8 25.6 11 7.2 5.9 6.1 6.5 6.4 6.8 6.8 6 8 7.8 8.2 9.2 8.9 9.1 9.8 10.5 11.2 13.3 18 20.6 23.3 25.4 25 24.3 24.6 24.9 23 25.2 30.3 33.8 36.2 37.1 37.8 39.3 43.8 47.1 45.5 48 53.8 58.7 62.8 66.3 69.5 70.6 71.8 69.4 70.1 72.2 74.8 77.6 80.4 83.7 84.5 88.1 92.4 93.6 89.1 87.4
-0.9 -0.9 -0.9 3.8 7.7 16.6 20.3 29.2 31.8 38.9 45.9 49.8 53.2 57.1 54.2 54.9 56.7 57.2 60 50.2 41.8 37.1 36.7 24.5 10.1 6.8 4.9 4.5 4.5 4.5 4.7 5.2 4.6 5.7 7.2 8.2 8.9 9.2 8.8 9 9.2 9.8 10.8 16.8 21.2 23.4 25.3 26.1 26.2 24.9 25 25.4 23.7 26.4 30.8 34.6 35.8 36.6 37.6 40.8 46.2 46.9 44.2 47.5 54.8 58.2 61.7 65.1 68.6 72.7 74.3 70.8 69.1 69.8 72.9 75.7 78.3 81.5 83.5 88.4 92.6 93.4 89.4 84.1
-0.9 -0.9 -0.9 5 9.6 17.2 20.5 28.2 30.8 40 46.1 50.2 51.8 53 51.7 52 52.7 53.4 54.3 44.3 35 31.9 23.2 9.3 5.6 1.8 1.5 1.5 1.5 1.6 1.6 1.7 1.9 4.4 6.1 7 8.9 9.6 9 8.6 8.8 9.4 10.7 20.6 25 25.9 26.1 26.8 26 25.2 25.2 24.4 25.2 29.4 32.3 35.4 35.7 36.6 37.9 41.4 45.8 44.2 41.7 45.5 56.6 59.3 62 63.7 66.7 70 72.9 69.7 68.2 68.3 71 75 76.2 78.8 82.7 87 90 88.6 86.9 81
-0.9 -0.9 -0.9 2.6 6.7 18.6 22.8 25.3 32.4 40.5 45.7 48.4 49.1 50.2 49.8 49 50 48.8 46.4 33 19.9 9.7 7 5.3 1.5 1 0.7 0.7 0.8 0.9 1 1.2 1.4 1.8 4 5.9 5.6 7.8 9.2 8.5 8.2 9 9.9 22.9 27.2 27.5 27.3 27.1 28.3 27.2 25.9 25.2 27.3 31.5 34 36.9 36.5 36.6 37.5 40 43.1 41.4 40 43.6 55.6 60 62.9 62.8 64.1 67.4 71.4 68.6 66.4 67.7 69.6 72.3 73.3 76 80.3 84.8 86.9 84.8 83.4 77.8
-0.9 -0.9 -0.9 -0.9 5.2 10.8 19.6 21.1 32.4 38.5 43.6 45.4 45.8 46.1 46.7 46.5 45.7 43.3 36 25.6 9 6.6 5.1 1.8 0.6 0.1 -0.1 0 0.1 0.2 0.4 0.6 0.9 1.2 1.5 1.9 3.6 5.1 6.2 7.8 7.9 9.3 10 24.8 28.5 28.6 28.9 29.8 31.4 31.2 30.2 29 30 32.7 36.2 38.2 37 37 37.2 38.6 41.8 39.3 39.5 42.6 54.2 59.9 62.8 63.2 63.1 65.7 69.4 66.6 64.4 66 67.9 70.9 70.7 72.7 78.1 81.8 83.4 81.8 79.2 74.3
-0.9 -0.9 -0.9 -0.9 5.3 7.6 11.5 17.3 25.5 33.3 39.9 42 41.8 42.2 42.7 41.7 40.9 33.3 19.4 9.5 6.9 4.8 4 1 -0.9 -0.9 -0.9 -0.9 -0.9 -0.4 -0.2 0 0.3 0.6 1 1.3 1.7 4.3 5.3 6 7.8 8.2 10.6 27 30.5 32.1 33.3 34.6 33.5 34.7 34.7 33 33.3 34.5 37.1 38.9 38.1 37.7 37.6 37.9 39.6 40.3 42.3 46.9 56 59.1 61.5 61.9 62.2 65 67.5 65 63.2 64 67.1 69.7 67.9 70.7 74.7 78.9 79.6 78.4 76.1 72.8
-0.9 -0.9 -0.9 -0.9 5.5 7.3 11 16.9 26.3 31.6 36.1 38.6 37.6 38.3 38 35.2 32.9 22.5 9.5 6.9 4.5 1.4 0.9 -0.9 -0.9 -0.9 -0.9 -0.9 -0.9 -0.9 -0.9 -0.9 -0.3 0.1 0.4 0.8 1.3 1.9 4.3 5.4 6.8 7.9 8.8 28.5 31.6 33.9 36.4 35.9 35.6 37.2 38 35.8 35.3 34.6 36.6 38.2 38.2 38.1 37.9 38.1 38.5 39.1 41.7 48.2 55.8 59.2 60.3 60.4 61.1 62 64.2 62.8 62 63.7 65.2 66.2 64.4 66.7 70.3 77.2 76.4 75.6 74.5 70.3
-0.9 -0.9 -0.9 -0.9 6.5 16.7 17 19.7 26.2 32.6 33.3 34.6 34.3 34.5 32.6 31.1 24.6 8.9 6.1 3.7 1.4 -0.9 -0.9 -0.9 -0.9 -0.9 -0.9 -0.9 -0.9 -0.9 -0.9 -0.9 -0.9 -0.9 -0.2 0.3 1.3 1.9 3.9 5.2 6.5 7.7 8.5 28.4 31.3 35.2 37.9 36.2 35.6 36.9 38.1 36.5 35.7 35.2 36.7 37 37 36.5 36.4 37.4 37.5 37.7 41.1 48 56.5 59.4 60.2 59.3 61.2 59.8 60.9 61.7 61.2 63.1 64.5 64.5 60.8 63.4 66.7 73.3 73.6 72.4 71.5 68
