data/200000-830000.asc
ncols 200
nrows 200
xllcorner 200000
yllcorner 830000
cellsize 50
[rows 105 to 139 of 200, columns 0 to 77 of 200]
299.3 301.2 317.4 326.4 331.3 335 343.7 352.5 354.1 353.3 353.7 353.9 350.1 347.6 338 336.3 339.5 338.2 339.9 342.5 344.6 347.1 348.3 343.9 343.8 339.2 334.4 321 313 316.2 319 322.5 329.2 336.1 340.4 347.1 350.4 352.7 354.1 358.7 364.4 374.3 379.5 384 385.1 389.7 398.9 412.4 424.1 437.2 438.1 437.6 454.4 461.9 467.6 470.8 470.1 475.2 474.1 468.9 465.1 458.4 451.9 447.7 447.8 458.1 467.5 473.4 478.2 491.3 494.3 503.9 511.1 508.3 503.7 496.2 492.2 478.1
309.1 320.2 317.2 319.5 330.9 349.2 367.1 365.2 365 363 358.2 356.9 360.8 348.9 338.9 342.7 347.6 343.5 352.1 356.3 356.2 360.4 356.8 350.1 353.7 349.1 348.3 342.9 337.5 330.5 321.1 319.4 321.6 328.5 332.2 336.6 339.6 341.3 345 348.8 355.2 363.6 369.6 377.9 376.5 383.5 396.7 407.4 414.8 421.4 425.5 434.8 441.6 454 459.6 460.8 461.1 461.7 460 454.2 451.7 446.6 443.7 441.7 439.6 446.7 457.7 471.7 481 488.9 490.4 505.3 511.6 508.7 506.6 498.6 492.7 481.2
312.4 316.7 321.8 331.3 342.2 360.1 381.7 369.5 371.5 365.1 360.1 364.1 360.3 346.2 346.9 356.9 346.1 351.4 359.8 360.9 366.7 363.2 358.5 361 362.1 362.6 362.2 352.9 352.4 344.4 335.7 327.4 323.3 324 328.1 333.4 335.4 338.2 339.2 340.9 350.2 358.4 364.7 369.6 374.5 384.6 394.9 404.1 412.1 415.5 423.8 430.3 431.9 441.7 452.9 451.5 451.8 449.3 449.6 448 439.7 443 440.4 440.5 438.3 442.3 451.9 469.2 481.5 487.8 497.9 507.5 506.1 504.6 508.2 498.5 491.2 481.6
306.8 325.7 325.8 345.3 356.2 369.6 372.9 372.5 365.7 362.6 366.3 363.6 357.9 351.9 361.2 362.7 356.6 361.8 366.1 366.9 367.4 367.2 369.4 374 378.4 378.9 373 368 365 358.4 349.4 338.8 331.1 324.5 325.6 330.3 334.4 334.6 337.9 341.8 348.7 358.4 362.1 365.9 372.9 383.4 394.1 406.3 411 412 417.4 422.3 423.5 431.1 439.3 438.3 438.8 438.3 436.1 437.5 439.9 434.2 432.2 435.7 442.2 445.1 452.6 465.8 476.1 495.6 497 498.4 497.3 502.6 502.3 495 484.5 481.3
318.4 325 334.3 350 354 365.4 371.1 366.8 364.6 363.7 367.5 368.8 364.7 365.2 377.2 375.8 372 374 372.2 377.4 386.6 386.1 388.1 390.5 391.4 392.4 383.6 381.7 377.9 373.7 360.8 350.8 343.1 334 327.8 326.4 332 335.9 339.4 347.4 354.4 359.3 365 367.3 369.9 379.3 392.8 406.9 409.6 410 414.6 417 419.7 426.1 425.4 430.4 432.1 431.1 428.3 428.7 428.8 430.7 436.1 437.6 439.7 446.6 452 461 469.6 484.3 489.2 488.9 501 504.6 499.2 493.1 477.6 470.5
326.7 332.5 354.5 358.8 359.5 360.5 367.6 362.2 368.1 387 385.2 381.8 371.6 391 394.7 387 393.4 384.8 387.5 389.7 396.1 399.2 401.1 409.7 410 406.2 395.2 390.3 386.9 375.8 368.1 364.7 356.5 347.2 335.3 327.7 331.5 334.8 340.6 353.6 361.3 365.9 365.8 373.8 379.1 388.2 398.1 402.2 406 410.3 409.9 414.3 416.5 419.8 424.5 426.4 425.6 424.7 425.5 425.2 429.1 436.5 440.9 443.6 447.4 454.2 456.1 462.9 471.4 466.6 478.9 496.3 501.4 501.8 498.6 486.4 471.4 462.4
329.1 341.1 355.1 362.2 364.1 364.7 363.4 371.1 394.6 398.8 395.4 390.1 394.4 399 396 391.7 393.2 405.4 408.6 411.4 409.4 412.1 408.8 414.3 415.9 414.3 404.4 397.9 390.1 384.1 376.2 371 366.9 357.9 347.6 337.4 330.3 335.1 339.7 351.3 361.2 363.8 370.9 378.9 382.4 393.3 403 410.5 414.6 418.7 414.5 414 415.4 419.9 425.5 424.2 424 423.6 422.5 426.6 434 444.8 457.6 462.7 460.5 465.8 466.5 467.6 470.8 468.1 466.9 483.5 490.9 497.9 490.1 479.2 466.2 457.4
333.9 355.7 369.8 369.2 372.9 369.2 377.7 394.2 406.3 406 402.8 398 395.5 401.2 398.1 408.2 422.2 425.7 423.7 426.9 429.7 424.7 419.7 425.8 422.2 420.5 413.8 408.8 397.9 394.6 391.1 385.9 378 365.9 359.5 346.8 338 334.7 338.4 347.1 356.6 364.9 373.9 382 385.6 394.6 402.2 410.1 416.6 418.7 420 419.5 417.6 417.4 422.4 420.8 423.1 423.4 423.9 427.4 438.7 454.6 467.9 464.7 469.3 471.9 471.1 471 471.2 473.3 470.2 471.2 485.3 479.2 475.9 467.1 455.1 456.5
338.7 351.7 363.9 372.2 374.9 381.3 390.2 402.4 409.7 407.4 401.3 397.3 398.9 404.9 418.4 432.2 440.1 438.2 436.6 435.5 433.4 429.3 429.8 433.6 429.2 425.1 418.9 410 400.3 396.7 393.1 392.9 385.1 371.9 363.3 354 343.9 342.7 339.5 347.2 353.3 362.5 372.6 381.4 384.2 394.7 408.2 418.1 421.6 424.1 420.1 423.9 422.7 425.9 430.2 428.5 423.7 424.2 424.6 432.6 444.7 455.3 456.8 464.2 467.7 470.5 482.4 486.7 478.6 478.2 471.9 469.2 468.3 467 459.4 455.2 454.1 457.4
340.9 357 380 379.5 379.4 404.8 400.1 407.4 407.8 407.9 402.7 400 409.5 422.1 436.8 447 451.3 448 445.7 444.3 439.4 432.5 436.4 441.3 435.4 427.1 419.3 413.5 408.2 404.2 399.1 391.6 383.2 374.7 366.7 357.3 349.5 347.6 344.1 349.3 355.6 360.3 368.7 376.6 378.2 389.2 400.5 412.9 423.7 428.8 434.4 430.9 429.8 433.7 436.5 431.6 426.4 426.3 430.9 435.2 444.6 459.1 468 470.6 476 481.9 491.2 491.5 481.8 477.9 474.5 475.3 471.7 464.4 456.7 457.4 461.7 458
347.5 356.3 363.9 372.1 399.1 408.2 407.1 408.8 414.2 411.3 408.9 412.6 426.3 435.7 447.5 452.6 451.9 450.1 449 447.8 442.5 437.7 438.5 443.7 441.5 432.8 429.9 423.2 413.5 408.4 402.9 394.5 385.8 375.1 370.8 362.3 353 347.3 345.9 349.4 357 363.2 369.7 371.5 381.6 390.4 398.7 405.4 413.5 423.4 429.4 430 430.6 431 434.5 430.5 427.9 429 431.9 440.2 451.2 463.6 474.2 481.7 484.1 487 491 488.8 485.5 480.3 476.8 475.5 472.9 468.9 466.3 465.9 463.9 465.2
338.4 352.3 374 388.4 413.1 408.9 413.8 427.4 425.5 420.5 419.4 436.3 451.3 445.1 454.1 449.6 450.6 454.2 457.1 457.1 453.6 449.8 445.3 453.9 453.5 439.3 434.2 430.2 419.1 417.7 404.7 395.1 386.1 379.3 375.3 365.5 355.1 349.8 349.6 352 356.8 362.2 370.6 378.7 380.4 387.6 387.4 396.6 403.3 410.5 417.4 419.7 426.8 430.3 432.9 431.4 434.7 444.6 453.9 454.2 463.3 479 490 492.4 500.1 502.8 502.1 497.9 499.7 500.3 490.7 491.2 495.5 497.4 493.4 481.4 474.4 473.2
329.5 344.2 354.5 372.8 398.3 407.4 424.6 435 427.5 419.2 430.3 450.5 450.9 450.2 451 462.9 462.3 464 462.8 459.1 456.3 450.5 452.4 454.5 455.8 445.5 436.9 434.2 422.1 415.3 405.2 396.6 388.8 379.1 375.7 369.7 357.1 356.6 352.7 355.5 358.9 364 369 377 378.4 385.2 395.3 401.9 412.3 417.2 424.9 430.1 437.5 437.4 439.3 439.9 457.5 464.3 470 474.3 477.7 493 499.6 511.4 513.1 510.3 508 513.2 524.2 523.9 518 509.1 512.2 517.3 508.6 501 485.3 475.7
329.4 339.8 350.2 364.2 384.1 399.8 415.3 416.6 416.7 428.7 442.4 457.5 461.9 460.3 464.4 464.6 467.9 469.5 469.4 467.9 463.6 457.5 452.3 456.9 459.1 451.5 443.5 438.1 424.8 415.2 412.6 402.5 392.4 385.1 379.4 374 362.1 366.1 361.4 357.1 362.1 364.4 366.4 372.7 382.6 388.9 400.3 414.6 428.1 429.6 438.3 442 445.9 447.7 446.2 453.4 468.6 487 489.6 493 496.2 494.5 505.6 520.6 515.2 512.1 518.1 529.9 532.7 541.1 546.1 529.5 528.5 530.3 522.6 513.2 500.7 481.7
324.9 334.7 343.2 355.9 372.8 389.5 411.5 430.1 447.9 453.8 468.7 482.9 484.6 485.5 488.5 489.5 485.4 481.4 481 474.4 470.9 465.8 462.4 469.2 472 459.8 450.3 437.2 427.2 423.3 413.2 401.7 395 390.7 386.7 382 368.1 369.5 367.8 364.7 360.3 366.5 367.1 374.1 382.5 391.3 405.1 419.1 436 448.8 453.8 455.7 457.3 453.6 455.2 480.3 496.6 506.1 511.2 514.5 513.4 510.8 504.1 517.7 515.8 517.3 532.2 530.9 538.8 551.9 553.1 547.6 543 545 541.5 525.2 505.8 485.6
323.5 333.2 341.1 361.9 385.9 401.5 417.9 448.6 467.2 473.2 492.7 503.3 504 504 504.9 508.2 505.7 503.6 501.6 494.6 487.4 482 477.5 477.3 480.4 462.4 447.9 437.2 434.8 423.8 418.1 409.7 406.7 402.6 400.2 388.5 381.2 375.4 371.2 369.6 366.6 368.2 370.6 372.9 383.7 397 414.2 427.1 440.8 466.9 474.6 478.2 474.5 473.4 488.9 530.9 536.3 533.3 532.8 532.5 526.6 521.9 518.4 514.2 515.3 521.7 529.9 534 550.9 555.7 561.7 558.6 557.3 559.6 553.9 533.8 515 493.5
335.8 338.2 356.2 377.3 390.3 409.7 431.2 453.5 483.7 487.5 499.9 505.7 513.8 519 526 531.4 525.9 523.5 518.8 516.3 509 496.7 494.3 487.3 482.4 470.5 458.4 446.2 435.8 429.5 426.8 421.7 419.9 415.8 410.3 394.6 387.3 382.7 379.3 373.5 370.7 367.1 368.3 376.6 383.2 395 417.3 441.3 465.9 484.2 488.5 486.3 485.6 499.9 527.6 541 546.7 544.5 542.2 536 534.3 531.4 527.1 523 520.5 536.7 544.9 539.3 547.3 564.3 570.1 570.4 572 560.5 559.6 536 519.5 502.5
352.5 351 365.3 382.5 399.8 414.5 433.2 455.9 478.8 492.7 499.6 509.4 533.8 539.6 550.6 546.9 547.1 539.4 537.7 528.1 521.4 520 513.6 500.5 491.1 472.2 458.6 455.7 449.8 442.7 437.3 430.3 426.5 428.5 416 402.3 393.4 387 383.9 379.4 376.5 375.4 371.6 375.9 383.8 394.1 413.5 448.5 478.6 493.3 497.7 502.3 512.7 539.8 563.3 565.4 561.2 548 544.7 539.9 538.4 537.4 531 526.6 524.8 535.5 541.1 545.1 549.8 568.6 568.6 581.4 577 562.5 549.5 533.3 522.6 509.1
363.8 368 381.6 394.8 405.2 420.1 434.7 456.3 472.1 482.9 504.9 533.4 551.1 554.5 575.8 566 560 554.7 551.8 546 538.4 530 520.6 503.2 492.6 483 476.9 475.5 463.5 461.8 455.8 443.4 432.3 426.6 417 409.2 399.8 395.4 388.6 384.6 380.5 379.3 372.5 376.6 384.6 400.4 419.6 450.8 470.3 494.2 511.3 526 536.7 564.5 579.6 578.1 568 562 559.3 551.3 546.5 547.8 536.2 532.6 526.4 531 537.5 542.6 549.4 558.6 566.4 576.7 574.3 560.5 544.4 529.5 518.2 509.6
376.6 388 393.5 402.8 412.4 425.9 437.2 449.2 469.1 492.4 527.8 551.8 565.2 568.4 582.9 580.2 573.9 570.8 565.4 561.5 547.1 543.2 530 509.8 510.9 506.2 508.6 508.4 490.2 479 475.3 462.9 444.8 434.6 426.5 419.7 411.8 406.1 396 390.3 384.9 381.9 377.4 381.9 390.9 404.8 426.4 449.5 459.1 486.4 510.6 526.4 545.4 574.4 586 583.3 576.8 571.1 562.8 556.4 553 546.1 542 535.6 532.3 528.9 539.7 543 559 561.5 565.5 578.6 566.8 557.4 541.3 524.8 516.6 503.7
386.7 392.7 402.7 407.1 416 425.6 438.9 458 480.4 500.8 540.1 566.5 572.6 576 584.8 590.6 589.1 580.3 583.2 577.4 561.7 551.3 542 531.4 534.4 542.5 541.4 538.4 515 499.3 492 475.6 459.7 453.5 444.1 428.6 419.7 415.3 403.5 395.8 393.7 388.8 382.6 391.6 394.4 409.8 428.7 443.8 458.1 495.8 513.6 525.3 547.3 580.1 592.3 591 582.3 573.9 565.9 563 559.9 550.4 545.5 540.6 536.9 533.5 541.9 551.5 566.6 568 568.2 570.9 562.3 550.8 537.5 523.2 511.8 496.7
387.3 397.9 407.2 412.6 420.7 431.2 445.2 465.2 482.3 507 535.7 555.6 568.8 580.4 591.7 596.4 598.6 598.2 594.3 581.5 573.3 577.2 565 560.4 562.1 571 560.1 545.2 530.7 524.8 506 490.6 477 470.6 455.1 438.2 427.1 418.5 413.9 406.9 401.6 395.6 392.2 399.7 402.6 408.4 423.3 434.1 452.6 489.8 506.9 523.2 552.9 590 604 600.1 591.4 580.2 575.1 573.3 560.3 556.7 548.8 545.5 544 538.8 541.3 557.3 572.7 571.9 571.7 566.3 557.5 544.6 530.3 516.2 504.4 492.1
395.5 402.1 405.2 410.7 421.5 428 441.7 456.8 475.7 498.1 526 547.2 577.2 589.7 607.8 618.7 610.9 607.6 599 595.6 599.5 590 575.2 586.4 581.8 583.4 567.3 557.6 554.6 547.7 523.4 503.4 491.3 482.8 466.4 450.7 437.9 429.6 424.3 416.1 408.2 399.2 397.3 402.9 407.8 414.7 423.7 430.6 457.1 494 509.5 528.7 551.9 583.5 604.7 610.8 605.2 592 584.3 572.2 564.3 562.4 556.8 553 553.4 542.7 544.3 556.1 569.9 584.3 571.6 565.7 553.6 539.9 526.5 512.3 499.3 484.7
390.3 398.2 404.8 412.7 418.2 426.9 440.9 457.7 478.1 501.6 524.9 554.5 572.2 613.1 621.4 623.5 625.3 622.1 616.6 611.7 616.1 616.3 604.7 605.5 599.6 589.6 580.8 577.3 573.6 566.3 546.5 522.2 509.3 499.6 481 472.8 454.2 443.9 433.5 423 413.7 405.5 399.2 407.9 412.5 421.5 426.2 433.3 459.9 486.4 505 524.1 549.2 585.8 609.3 617.8 611.2 597.4 588.5 580.5 571.5 564.8 559 563 553.8 545 544.8 558.1 590.7 589.3 574.7 562.3 551 534.6 518.6 506.3 491.8 477.4
378 390.3 400.1 407.2 413.3 425.6 435.8 450.8 473 486.3 512.9 541.2 570.1 607.7 618.4 631.4 643.9 641 638.1 637.6 633.1 630.7 627.3 627.5 617 605.1 600.6 601.1 590.6 576.3 554.6 538.3 525.3 513.5 505.9 493.7 479.5 465.4 447.4 434 421.2 410.2 409.5 412.8 419.9 424.9 427.1 439.7 459.2 479.1 505.9 521 545 587.9 607.2 619.3 618.9 603.1 591.2 584.9 577.3 574.1 564.2 561.5 554.3 549.4 548.6 556.9 580 594.5 583.7 561.5 545.6 524.2 507.8 495.6 483.5 477.8
369.2 384.4 396.6 404 411.8 420.8 429.3 442 459.2 481.8 504.5 535.9 566.3 591.9 611.3 650.9 660.5 657.6 657.9 658.1 650 646.7 642 641.2 629.2 617.3 611.3 610.3 597.3 578.6 560.9 547 537 525.4 517.7 503.4 489.1 476.4 459.7 443.5 427.9 416.2 415.1 412.5 422.1 423.4 427.9 437 455.2 472.3 499.4 517.1 547.3 578.8 600.1 618.1 619.1 606.8 601.9 593.5 586 580 570.6 565.8 559.7 553.1 553.2 563.3 585.2 590.9 582.6 558.4 535.7 514.9 497.1 484.9 476 468.8
360.4 377.3 387.4 397.3 405.1 417.1 423 434 446.3 463.9 493.7 524.3 561.2 583 613.2 653.3 660.4 667.8 669.1 670.1 665.2 655.5 646.3 645.7 636.4 628.3 623.2 613.6 602.9 584.5 567.6 554.7 545.1 534.3 520 509 497.9 482.6 472.6 450.5 434.4 423.8 421.5 419.8 418.8 422.2 427.7 434.8 453.9 470.4 494.9 513 541.3 572.6 596.1 613.3 618.7 614.9 609.4 597.3 591.4 582.7 579.8 567.1 562.2 558.7 556.8 568.7 588 584.2 574.3 553.2 533.3 511.3 492.1 478.5 469.7 460.9
351.4 369.6 377.8 386 392.5 404 418.2 429.7 438.8 455.6 484.9 512.4 542.8 573.1 617.7 653.4 672.2 677.5 680.8 682.7 681.1 676.2 662.7 655.5 646.9 637.4 637.7 627.8 616.8 596.6 576.1 561.4 553.9 541.1 526.1 514.4 505.4 494.8 481.2 460.6 440.9 432.2 426.2 422.6 420.7 423.8 429.7 438.3 452.1 466.2 490.3 507.1 541.5 563.5 593.8 611.5 619.5 616 609.4 602.2 595.5 587 578.1 571.1 571.3 568.4 560.7 570.3 587.2 580.1 570.2 548 524.6 499.7 483 471.1 461 452.6
349 356.1 366.7 376.3 384.1 395.3 408.6 417.9 432.2 448.9 479.4 506.5 535.8 566 604.2 644.4 674.3 689 695 700.4 694.9 695.3 689.3 679 662 650.3 647.8 635.8 619.9 602.4 585.3 570.6 556.8 541.4 531.8 524.2 513.6 497.9 482.9 465.9 453.6 441.2 430.3 426.3 422.4 426 432.9 444.2 451.5 471.6 488.9 503.9 532.9 563.4 592.8 610.5 617.8 616.4 610.7 603.6 596.9 584.3 578 578 579.5 572.3 565.8 584.5 593.4 573.5 556 534.4 510.8 491.2 476.8 462.3 452.6 445.1
337.3 346.2 355.2 369.5 382.4 392.3 404.3 409.8 422.4 445.4 475.2 497.2 522.7 560.3 595.8 632.8 675.9 701.7 711.9 721.5 715.3 709.8 701.9 696 675.1 656.9 650.6 637.4 620.3 602.8 582 568.3 558.7 549.1 540.4 530.7 518.8 505.3 494.5 478.8 460.7 447.5 436.6 431.2 428 428.9 434.7 440.6 448.9 463.2 489.4 501.3 527.6 565.6 602.7 615.1 620 619.6 614.3 606.2 598.3 584.4 582.6 587.6 585.2 577.3 572.4 581.9 590.1 568.2 538.1 519.8 500.8 480.4 467.2 455.3 447.9 442.3
329.7 338.8 349.9 361.6 375.6 380.6 387.6 392.8 415.4 438.4 462.2 481 509.6 550 587.4 631.2 678.9 695.7 705.3 723.8 728.8 723.3 707.3 694.1 673.8 658.5 644.3 633.1 616.3 598.2 585 574.7 565.6 551.9 543.7 532.3 522.2 511.6 501.7 489.9 468.7 453.7 443 438 434.1 434.9 436.9 443.3 454.3 474.5 491.3 499.9 526.2 565.6 600.3 617.4 623.2 622.4 618.7 614.4 598.8 590 588.9 587.9 588.3 586.6 576 581.9 581.7 557.2 525.6 505.2 487.5 471.1 458.2 448.8 444.4 438.9
332.1 337.5 341.2 352 364.6 371.3 378 385.5 402.2 425 446.6 467.7 500.2 540.6 582.1 631.9 673.3 686 692.5 706 713.7 716.1 705.2 691.1 668.3 653.7 639.2 627.2 613.3 599.2 588.2 575.4 564.5 555 547.9 539 528.4 516.7 512.4 495.3 476.6 460.8 454.9 447 443.5 444.7 447.1 454 462.4 484.9 510 517.9 526.4 558.2 585.7 608.9 616.3 623.3 619.2 619.1 605.8 599.3 596.2 593.7 595.7 589.3 583.9 583.5 580.3 551.5 518.2 494.3 477.6 464.8 454.7 447.5 440.9 437.5
326.4 334.5 339.3 348 355.1 361.8 371.1 381.9 395 417.1 437.5 459.3 494.6 528.5 571.5 610.6 639.9 655.5 665.6 682.2 701.5 709.8 704.3 689.7 674 651.8 641.7 627.9 613.3 601 586.3 575.5 568.5 560.4 550.2 543.2 533.5 525.4 514.8 500.2 488.4 478.1 469.1 462.8 458.5 458.2 462.9 474.1 492.7 511.1 524.2 531.6 529.3 549.8 579.7 599.7 604.3 610 615 614.8 607.5 611 610.2 610.3 612.2 604.6 593.2 599.6 577 545.9 512.8 492.2 474.1 463.5 453.4 444.7 440.2 437.7
318.1 327.4 337.8 344.2 349.3 357.2 367.9 379 395 411.5 428.8 450.8 486.1 515.7 560.3 591.6 612.5 627.9 644.1 661 684 697.8 700.4 691.9 675.2 656.4 643.9 627.5 614 605.8 590.7 579 569.3 562.5 552.4 546.2 538.5 528.4 518.7 510 506 494.7 488.1 482.1 479.4 481.3 492.5 512.7 537.7 541 539 541.8 540.6 551.3 571.1 592 601.1 607.1 612.8 612.7 608.8 618.9 619.1 618 613.8 607.9 611.5 609.7 579.8 545.7 517.1 499.7 478.1 467.2 452.2 446 440.5 436.4
310.5 321.9 334.2 340.5 347.3 357 369.4 378.8 391.2 405.3 421.1 443.5 478.6 508.4 545.7 571.4 590.8 612.9 631 650.9 674.8 691.8 700.3 695.7 683.9 666.1 649.2 631.8 614.1 605 589.7 574.9 565.2 554.8 550 545.1 539 533 526.1 525.3 520 512.4 512.7 508.3 513.4 522.1 542.1 557.2 561.6 555.2 550.3 559.1 555.6 557.8 576.3 585.9 598.5 606.5 613.6 612.5 612.7 617.6 618.9 618.2 615.2 616.2 619.2 614.1 587.8 565.5 537.1 506.8 481.8 466.2 453.1 445.9 442.3 436.5
