data/200000-890000.asc
ncols 200
nrows 200
xllcorner 200000
yllcorner 890000
cellsize 50
[rows 114 to 151 of 200, columns 85 to 169 of 200]
276.3 282 285.7 285.6 286.1 288.8 291.1 292.6 298.4 307.3 313.5 323.6 344.6 381.4 414.9 455.6 499.9 530 558.1 568.5 575.4 572.9 577.2 597.2 604.4 602.1 596.5 591.5 582.5 568.9 551.4 533.8 517.5 504.1 490.6 477.6 461.4 447.8 434.5 421.4 412.7 405.9 398.8 392.7 387.3 380.2 374 369.2 362 354.9 349.6 345.7 340 332.2 325.5 319.9 314.7 316.5 316.1 316.5 323 327.3 331.7 344.2 353.9 369.4 374.1 373.1 372.3 360.1 346 335.4 323.7 317.3 308.8 301.8 293.6 282.8 273.8 270.8 264.4 261.9 255.3 260.3 256.7
273.6 278.9 281.7 282.5 283.2 286.9 290.5 296.4 303.9 311.3 323.6 339.1 360.4 403.5 428.1 466.6 504.1 522.4 535.8 543.7 545.1 546 554.6 568.8 572.3 571.7 567 561.9 553.3 539.7 524.9 510.8 496.3 484.3 475.4 462.3 450.3 436.3 424.6 415.8 408.6 402.4 397 389.8 384.2 379.1 373.7 368.5 364 357 351.8 347.8 340.7 333.2 327.6 322.1 317.5 321 324.8 326.2 332.6 335.4 344.2 354.8 365.9 376.5 382.5 384.5 376.2 365.8 352.5 341.5 328.9 332.4 325.8 309.7 300.5 290 278 274 271.2 270.5 265.4 263.9 259.5
270.7 275.9 278.9 282.6 284.5 287.7 292.3 299.4 304.8 312.6 332.2 355.6 390.3 412.4 435 467.8 492.6 507.9 516.1 516.7 515.8 518.5 522.8 535.1 538.3 539.6 541 536.8 521.4 504.3 495.4 478.1 473.2 466.2 456.2 443 435.1 426.6 417.4 408.1 402.2 399.5 394.9 388.2 383.6 379.3 373 367.8 362.4 357.9 352 345.2 338.2 334.3 328.9 322.9 323.4 330.6 333.7 335.3 341.9 347.3 355.4 360.8 363 370.8 378.2 379.4 377.5 373.5 363.2 355.3 361.8 350.5 334.9 321 308.1 298.2 292.2 283.8 275 273.3 269 266.9 261.7
265.8 274.4 279.9 283.3 286.5 292 294.7 297.6 303.8 319 359.2 370.4 394.6 410.5 431.5 450.8 466.7 476.8 483.2 484.6 489.9 488.6 490.8 494.5 498.3 495.8 502.5 495.5 476.6 462.4 456.2 454.5 451.6 447.7 432.5 426.7 420.8 413.5 406.3 400.5 398 393.4 390 386.7 382.3 377.2 372.3 365.6 361.4 357.2 352.4 346.6 341 335.4 329.4 325.1 330.3 337.3 341 345.7 351 353.4 358.3 359.5 359 367.9 376.6 377.6 384.1 392.8 386.6 394.6 378.7 360.1 348.4 334.1 320.1 316.3 308.5 293.1 283.3 276.3 274 270.4 268
261.5 274 280.6 285.4 291.4 296.1 298.2 299.1 306.8 321.3 356.4 374.1 388.9 400.6 410.8 426.3 435.8 441.2 449.9 458.3 462.1 464.9 460.1 458.3 461.3 459.5 455.5 446 440.3 425 417.8 415.4 415.2 420.3 413.6 407.7 405.7 401.2 399.1 395.1 392.7 390.1 387.6 384.5 379 375.3 370.8 365.6 361.8 356.9 351.2 347.3 343.7 337.4 333.1 328.4 338.4 341.7 345.3 347 347.5 349.4 350.6 353.1 357.7 374.8 388.7 395.5 404.7 431.6 424.1 411.4 394.4 378 363.3 347.9 335.1 331.9 322.6 308.1 295.4 283.2 277.1 278 271.3
259.2 270.1 281.2 292.6 294.8 295.5 296.4 298 303 316.4 333.9 362.5 372.4 380.7 390 400.1 412.7 425.4 430.1 431.5 435.4 438.6 436.1 436 436.5 434.6 428.2 420.7 411 405.6 400.3 399.7 400.2 397.7 395 401.1 397.7 396.6 393.7 390.9 388.9 387.1 385.1 381.6 377.6 373.7 370.1 364.8 359.6 356.1 350.6 347.5 344.6 341.5 335.3 337.1 340.7 343.1 345.5 346.9 348.9 349.7 351.3 354 366.3 383.4 400.5 406.4 427.4 439.4 432.9 419.7 406.7 389.3 374.4 365.5 359.7 353 340.1 326.1 311.4 297.5 286.7 281.3 275.2
257.6 269.7 281.8 288.4 292.3 292.9 294 295.5 297.3 301.8 322 341.4 348.7 359.1 371.5 381.8 393.2 407.4 416.5 419.7 427.7 427.7 421.1 421.5 421 413.7 410.2 408.4 404.2 401.2 399.8 398.9 396.7 393.1 387.8 383.7 382 383.9 384.4 387.1 386.5 383.5 381.2 378.2 376 373.3 368.6 362.4 358.5 357.2 353.1 349.2 346 343.2 341.3 343.3 344.9 345.2 347.8 351.9 353.5 356.4 359.7 364.5 377 396.5 404.2 412.6 444.1 445.9 437.9 428.2 412.9 407.6 397.8 383.3 375.6 365.3 353.3 338.9 327.8 317.4 302.8 292.3 282
256.6 267.6 275 280.5 282.3 287.4 291.2 294 294.8 298.1 318.8 331 336.4 338.5 347.9 363.1 380.9 400.7 408 406.5 408.4 410.2 413.9 411.8 408 404.6 401.4 399 401.7 403 398.8 397.9 394.1 390.8 383.7 376.9 378.4 379.7 380.4 383.8 381.7 379.7 378.3 377.5 377.1 374.4 370.5 368 362.3 359.3 357.9 355.3 347.2 346.7 345.1 346.8 349.3 352.7 357.2 358.9 363.2 364.3 369.2 381 397.5 409 421.3 435.3 450.6 449.5 443 436.3 428.1 417 406.7 395.9 385.1 373 358.8 344.5 343.8 329.4 315.9 302.6 298.6
257.4 262.8 264.6 267.2 270.6 276.4 281.5 292.2 292.6 291.8 301.8 314.6 322.4 328.2 334.3 346.9 365.5 383.5 388 391.2 396.1 398.1 403.6 406.9 403.2 398.3 390.7 391.3 392.8 396.3 389.2 380.6 385.9 385.7 374.3 374.3 374.3 376.1 376.9 378.7 378.9 378.1 377.8 379.9 377.9 374.5 373.2 370 364.7 362.5 361.5 355.4 354.1 354.1 352.3 351.8 356.3 361.7 366.5 366.7 370.7 374.6 381 399.2 408.4 420.8 438.1 445.5 448.1 448.1 452.3 444.8 434.2 423.5 412.3 399.2 389.2 376.2 362.4 357.7 349.9 339.9 327.7 321.1 317.8
258.1 258.7 259 261.1 262.5 268.3 274.2 279.6 286.8 286.8 293.1 299.7 308.8 319.2 327.4 332.6 342.3 361 364.3 370.2 371.8 381.5 391.4 392.1 387.2 384.8 380.6 378.3 377.1 377.6 370.4 368.6 368.9 375.8 374.3 374.3 374.3 375.1 376.2 376.8 377.9 378.6 379 381.4 382 378.6 375.5 371.2 365.6 362.3 359.5 359.2 360.6 359.2 358.5 361.5 366.8 370.4 372.2 374.7 377.7 380.4 389.7 403.1 419.2 433 440.9 441.2 444.5 456.5 453.7 446.5 437.3 421.7 412.7 398.7 388.9 378.3 371.1 362.5 353.7 345.6 338.6 330.1 322.6
254.2 253.3 250.9 254.9 263 266.9 268.6 270.2 271 281.4 287.5 292.7 300.3 312 319.1 326.3 331.2 344 355.8 355.5 359.7 369.8 376.2 376.8 374.5 371.8 363.8 355 356.1 357.4 364.3 364.7 369.9 378.5 382.3 383.5 382.5 381.8 382.2 383.7 379.8 380 381.2 387.2 385.9 381.1 379.8 373.7 369.7 364.4 362.4 367.3 367.3 364.9 367.5 371 371.7 372.8 374.9 379.3 383.9 389.1 399.5 411.9 422.6 431 437.7 441 452.8 459.6 459.3 447.7 436.7 428.1 411.4 397.6 387.7 380.7 373.7 365.4 357 347.7 339.7 331.2 324.6
248.3 249.1 249.2 256.8 264.2 264 264 264.1 266.4 274.9 284.3 287.1 296.6 302.4 309.2 315.3 327.8 341.5 343.5 344.4 351.3 355.9 358.2 357.6 356.1 355.2 350.6 347.5 352.7 356.7 360.3 369.5 372.6 375.4 381.3 385.5 403.7 404.5 398.3 392.6 385.3 383.7 390.7 392.2 388.8 384.1 381.2 375 369.6 365.4 370.3 371.7 370.8 372.9 375.2 374.5 375.5 377.9 382.4 388.8 391.8 398.7 408.1 414.6 421.6 428.1 436.2 452.1 461.3 467.5 463.9 453.7 441 429.6 418.3 401.6 391.4 381.9 373.7 365.1 357.5 347.3 340.2 331.7 325.4
243.4 247.2 252 265.5 264.9 261 261.4 261.9 265.9 268.3 275.1 283.8 291.7 300.4 304.7 307.6 321.3 330.4 330.4 332.6 332.5 332.9 338.5 340.7 344 344.8 345.9 350.4 354.8 359 359.6 364.2 374.8 369.4 372.3 389.9 412.5 419 410.4 404.5 393.4 391 398.3 394.2 388.8 384.6 379.9 376.9 375 376.1 374.7 374.5 376.9 382 380.4 378.3 380.7 385 392.4 400.1 402.1 406.6 411.4 417 422 431.4 447.7 457.9 462.5 470.7 467.7 463.2 449.9 436.4 422.3 410.3 398.4 386.8 377.6 365.5 356 348.1 340.5 333.7 331.2
233.8 246.4 258.7 265.1 262.9 259.8 258.3 260.8 261.4 262.8 266.7 277.2 287.8 292.7 294.3 298 302.5 310.3 316.8 325.8 323.8 333.5 337.3 342.6 343.7 347.3 350.8 355.7 357.3 358.7 358.8 363 366.6 368.8 377.8 396.3 429.4 430.1 421.7 411.7 404.1 403.4 399.9 395.3 389.6 385.1 383.1 380 379.2 379.2 380.4 384 386.1 388 387.7 387 387.7 392.7 399.1 409.1 411.6 414.4 417.7 421.8 432.2 443.9 451.4 457 461.6 468.5 471 467.5 458.9 447 434.4 417.4 403.6 391.2 382.8 369.8 359.8 350.5 343.2 341.1 335
228.3 249.7 263.2 261 258.2 258 257.2 257.9 258.1 260.8 263.7 266.3 272.1 277.5 278.9 281.1 289.8 297.2 301.8 306 310.2 318.3 333.8 338.7 341.9 348.3 354.1 355.4 357.7 359.6 358.5 360 366.6 374.1 383.4 405.6 428.9 435.5 428.5 419.2 411.6 413.7 405 400.1 399.1 394.1 387.4 383.6 384.5 386.3 388.8 390.7 392.2 391.7 390.5 391.9 393.1 399.6 408.7 417.1 419.4 420.3 423.4 429.3 439.5 447.3 455.6 460.6 465.9 473.6 476.8 472.5 464.6 456.9 441.1 425.1 407.7 396.4 383.6 373.8 365.9 356.2 349.1 345.7 338.8
222.5 254 261.5 259 257.6 257.9 257.4 255.5 254.8 257.2 258.7 259 264.5 259.8 261.9 267.4 273.4 282.6 289 294.5 305.7 317.4 320.4 321.5 331.1 338.4 346.1 350.9 353.2 356.7 359.5 368.3 376.2 381.3 391.6 413.3 444.9 441.3 431.4 423.6 422.3 418.6 411.4 409.1 405.3 398.4 390.6 390.3 392.4 397.6 394.9 397.2 396.3 394.4 394.3 400.4 405.3 410.6 417.7 424.6 426.5 426.2 430.7 437.5 444.1 454.2 461.1 470 480.1 484 481.7 475.9 467.1 458.1 444.1 429.5 414.4 399.8 388.8 380.2 370.2 361.1 355.4 346.9 339
226.6 258.1 262 258 256.6 256.7 257.3 252.7 251.7 252.2 252.1 250.3 248.1 248.1 249.8 257.9 267.3 273.5 279.9 287.4 298.4 307 312.1 317.7 324.3 339 349.9 353.7 356.1 365 374.2 380.7 382.9 393.4 407.3 423.8 443.8 445.8 435.8 434.2 430.3 425.8 422.4 417.2 414.8 405.4 401 403.8 407.1 404.4 405.6 403.7 398.2 398.2 401.8 408 416.6 421.2 425.5 429.3 431.9 433.3 448.4 454.8 460.5 465.1 474.1 488.4 492.1 489.2 483.9 477.1 467.4 456.8 442.9 430.7 417.7 407.4 394.7 383.7 372.3 363.7 358.3 348.2 337.3
236.2 253.6 254.2 250.3 252 252.5 250.2 248.1 250 248.1 248.1 248.1 248.1 249 254.3 252.1 256 267 271.9 280.2 283.3 293.5 301.9 312.3 329.3 349 356.1 361 368.2 381 390.6 394.4 402.2 419.2 426.8 448.7 460.2 452.1 446.2 444.3 438.4 434.3 429.1 425.1 419.1 412.9 419.6 419.5 417.3 416.1 412.6 409.3 409.2 412.7 415.2 418.2 423.5 426.2 431.2 436.9 438.9 458.2 469.3 475.3 480.7 486.2 494.8 498 496.2 490.5 485 477.7 467.3 457 445.9 433.3 417.8 408.3 400.5 388.3 377 369.1 358.8 350 338.4
244.8 247.3 248.1 248.1 248.1 248.1 248.1 248.1 248.1 248.1 248.1 248.1 248.1 256.7 260.1 258.5 255.9 255.7 260 271.6 275.6 284.1 293.4 308 333.1 353.6 361.2 379.5 393.6 400.5 408.8 423.8 434.5 445.1 458.2 468.2 468.3 463.3 453.4 453.1 445.5 437.6 434.4 429.4 422.7 431.4 433.3 430.2 429.8 429 425.4 426.6 432.8 434.6 430.7 430 433.8 435.3 440.6 445.6 454 482 489.3 497 499.5 502.6 500 495.7 491 487.2 484 476.2 467.5 458.4 446.4 435.4 422.6 408.7 398.6 389 381.9 370.8 361.1 348.3 336.1
249.4 248.1 248.1 248.1 248.1 248.1 248.1 248.1 248.1 248.1 248.1 248.1 248.1 256.6 259.3 255.9 255.7 255.7 256.4 259.2 266.5 275.7 294.1 306.4 331.6 353.1 376.6 399 412.8 420.8 435.4 448.8 464.5 474.4 479.4 478.1 470.7 464.4 463.8 459.7 453.5 448.5 443.4 436.8 436.7 444 446.3 448.5 446.1 445.3 448.2 451.4 450.4 444.9 437.9 441.9 445.5 450.9 455 463.5 481 491.8 498.5 500.6 498.8 493.8 488.6 484.1 479.8 482.6 479.4 475.3 468.5 460.2 447.5 434.1 425.3 413.1 399.4 391.4 384.6 374.3 359.1 343.2 331.2
248.4 248.1 252.2 256.5 251 248.1 248.1 248.1 248.1 248.1 248.1 248.1 250.6 259.8 258.6 255.7 255.7 255.7 255.7 256.3 260.1 273.8 292.6 308 333.3 366.8 393.2 417.5 430 445.3 454.6 469.5 480.6 486.4 481.7 478.2 478.7 474.5 471.4 466.7 461.8 456.8 448.1 444.6 457.2 461 465 463.5 463.6 464.7 464.9 466.8 463.4 459.3 457.3 455.4 457.3 469.7 476 486.3 493 495.8 498.1 494.1 489.2 483.7 480.1 478 477.6 478.7 476.6 472.3 465.7 459.1 450.5 435.1 424.4 414.4 403.8 396 385.8 370.7 356.8 341.6 328.3
249 250.4 257.2 252.9 248.1 248.1 248.1 248.1 248.1 248.1 248.1 248.1 257.7 263.3 257.1 255.7 255.7 255.7 255.7 255.7 259 275.4 298.5 314 344.9 376.9 404.8 432.3 453.6 461 473 477.3 478.6 478.3 481.8 492.2 496.8 486.1 481.4 478.1 471.5 466.7 456.6 464.5 475.3 478.6 477.9 478.1 479.9 485.6 487.4 483.9 476.1 470.8 466.6 467 474.5 478.4 484.7 491.9 496.9 496 492.6 490.1 483.3 478.7 475.5 475.5 476.2 477.7 474.6 468.1 461.4 454.1 444.7 433.2 422 412.5 401.6 393.1 379.6 359.7 351.7 337.7 325.2
250.3 262.9 262.2 253.7 248.1 248.1 248.1 248.1 248.1 248.1 251.6 258.8 264.7 262.6 257 255.7 255.7 255.7 255.7 255.7 259.2 277.1 307.4 321.9 347.9 374.8 407.6 442.2 457.2 463.5 463.2 463.9 468.1 478.6 492.2 502 501.3 498.4 495.6 490.7 481 470.5 470.4 485.2 490.1 490.3 486.7 490.7 499.1 505.7 508.5 507.6 502.5 491.3 485.9 483.5 485.8 484.6 489.8 501.1 502.9 496.8 490 482.1 476.4 470.4 468.5 466 464.9 467.1 467.2 463.5 456.9 448.1 434.6 425.9 417.6 410 398.2 387.8 372.8 357.1 343.3 329.6 319.5
262.2 273.9 270.3 250.1 248.1 248.1 248.1 248.1 250.8 250.3 263.8 266.2 265 262.6 258 255.7 255.7 255.7 255.7 255.7 261.2 274.2 297.6 317.1 335.7 376.8 423.6 453.2 458.1 457.6 455.3 458.1 471.6 481 493.2 500.5 501 507.8 504 496.6 484.5 483 494.1 500.9 501.4 502.2 500.4 508.6 513.8 520.6 525.3 527 522.2 514.4 507 502.2 496.1 496.2 507.6 505 497.4 490.1 480.8 472.3 462.5 464.1 458.8 456.5 451.6 454.2 454.5 451 446.2 437.8 428 419.8 411.9 403.4 391.9 382.9 367.9 353.6 340.1 328.8 316.6
270.6 272.5 261.9 252.3 247 250 248.9 252.3 252.5 256.7 265.7 270.4 265.5 262.4 255.7 255.7 255.7 255.7 255.7 255.7 265.1 274.1 294.8 320.2 357.5 394.7 418.7 440.7 445.9 442.9 444.4 448 465 485.1 498.5 510.3 510.8 514.3 506.4 494.9 487.7 505.2 512.2 512.7 518.9 519.4 518.7 530.5 535.9 536.6 536 531.3 524.6 517.6 511 504.5 499.4 503.8 504.5 498.2 490 473 460.2 449.1 449.3 448.3 447.1 443.8 442.2 444.8 443 438.9 434.3 428.4 421.7 412.6 404 394.5 386.1 374.4 362.8 348.7 337.2 327.7 315.7
274.1 268 261.8 257.4 255.2 257.2 266.2 262.8 259.8 265.8 275.5 273.9 273.8 264.9 257.7 258.4 258.3 260.9 260.7 268.7 276 282.2 306.8 345.1 370.1 401.7 408.3 415 427 429.5 435 442.3 470 491.6 498 497.4 496.1 499.1 489.2 476.7 485.8 511.3 518.6 518.9 524.4 525.3 536.9 535.6 529.2 524.3 520.2 517 513.7 506.3 499 493.4 498.7 499.4 497.4 487.7 469.6 453.9 442.2 433.9 431.2 433.6 430.8 427 426 431.2 430.4 427.7 422.8 415.5 409.1 403 393.7 385.5 379.5 368 355.9 344.5 333 326 311.3
270.6 272.2 275.1 266.9 267 279.2 277.3 274.1 277.9 285.8 282.2 283.5 285.7 269.4 263.8 267.3 274.1 272.6 271.3 279.8 293.6 299.4 341.3 376.6 391.9 401.8 402.3 407.1 415.2 422.4 429.9 455.6 467 471.9 473.8 466.3 467.5 468 460.4 457.2 473.9 491.6 497.3 497.7 501.6 517.3 521.9 514.9 508.2 503.5 499.3 497.9 490.9 484.5 478.7 477 480.7 484.9 474.9 463.4 450.2 436.2 427.7 418.5 421 420.2 415.1 412.4 411 415.9 415.9 414.8 412.2 406.7 400 391.4 384.3 378.6 369 361.9 345.2 335.1 329.1 317.8 309.9
259 272.2 277.3 283.6 310.2 310.4 319.4 321 318.7 302.8 298.1 306.2 300.6 290.6 286.5 284.6 276.8 274.2 283.3 311.2 321.7 358.3 368.7 382.5 388.4 389.4 401.1 401.1 410.9 415.3 428.2 440.2 444.2 437.7 434.8 433.4 434.2 429 430.9 437.2 451 460.3 467.2 476.1 479.5 487 494.1 490.9 486.9 481.7 477.7 471.3 464.9 457.6 453.2 464.8 468.9 465.2 453.7 442.7 429.6 420.6 413.5 408.6 405.3 404.6 403.7 400.5 401.1 402.6 401.7 396 399.7 394.7 388.3 382.9 375.8 368.4 362.3 349.2 337.4 328.8 323.5 315.3 307
249.5 267.3 281.4 302.3 324 331.1 336 329.1 317.5 316.3 328.3 324.6 316.5 312.4 303 301.3 295.2 313.1 325.7 342.1 365.9 368.4 368.2 369 382.8 383.7 394.7 394.5 400.4 422.4 429.9 426.2 420.2 414.9 411.7 411.7 412.6 411.3 406.2 407.1 424.5 433.1 442.2 449.2 465.3 464.8 464 462.3 460.5 456.3 451.6 444.5 438.6 436.1 428.2 440.8 447.3 447.4 437.6 426.9 417.1 412.3 405.6 398 393.8 392.7 389.6 391.3 393.1 388.4 381.8 389.1 387 383.2 377.8 371.3 366 357.8 346.4 331.2 329.6 325.5 321.4 313.8 305.5
241.8 260.5 293.2 310.5 316.9 318.2 323 323.4 319.7 321.3 327 325.5 325.2 329.2 327.1 324.8 326.2 339.3 349.1 354.8 366.1 370.5 368.2 371.4 381 377.9 382.5 386.7 409.3 418.5 418 414.6 410.1 404.7 402.3 398.9 397.1 393.4 389.5 391.5 402.3 408.3 413.3 424.5 441.9 442.7 440.4 435.9 435.7 432.4 429.9 424.8 416.1 409.8 415.4 414.5 421.9 424.3 418.7 413.8 402.5 396.1 389.3 381.5 381.9 381.5 381.4 378.6 377.1 373.8 369.8 377.9 374.5 368.4 360.8 355.5 350.1 340.6 327.1 325.3 323.1 318.8 313.7 307.6 300.4
239.1 268.5 282.9 292.6 304.3 309.3 310.2 314.6 317.8 319.3 316.1 318.1 330 343.7 345.3 344.6 340.6 347.8 352.2 359 365.9 366.2 379.8 382.1 377.9 373.4 371 376.8 395 407.2 404.7 399.6 394.2 390.5 386.3 384.7 382.5 376.3 375.8 379.1 382.8 391.2 397.3 401.6 410.5 412 411.8 412.5 410 402.6 396.1 390.3 387.5 391.6 393.4 394.6 389.5 400 401.7 396.5 390.8 383.1 374.7 372.6 371.2 370 368.7 364.8 360.7 354.2 351.2 353.8 349 342.5 331.5 323 316 319.5 322 321.5 317.4 312.1 307.3 304.7 301.2
229.1 245.8 265.9 278.3 284.4 295.2 300 303.7 308.3 306.1 307.4 318.5 334.1 346.8 352.4 352.7 349.7 348.7 348.6 351.8 362.8 374.3 379.2 374.8 372.9 367.6 366.2 375.1 382.3 393.1 387.9 381.8 379.5 376.5 370.7 365.8 360.8 358.9 364 366.7 369.4 377.4 385.1 390.1 390.6 390.5 389.1 384.7 380 374.4 371.3 364.3 364.7 372.1 375.1 370.7 366.2 376.2 380.1 383.1 377.4 369.1 360.9 361.6 360 356.7 349.2 346.9 343.4 337.4 332.4 326.4 320.6 319.8 318.9 313 304.9 310.7 317.5 316.8 318.7 314.2 310.9 310.1 307.2
216.4 225.3 238.1 252 262.2 273.7 280.3 280.9 286 290.7 298.9 315.3 326.3 335.5 342.1 343.9 345.6 351.5 352.9 357.2 362.1 365.2 363.6 359.1 358.7 356.4 362.9 370.4 372.6 374.1 369.9 369.6 367.5 361 354.8 350.4 347.6 351.1 353.2 353.7 350.5 360.6 368.5 376.9 377.2 376.2 371.5 364.9 361.1 354.1 345.5 338.5 339.7 347 354.2 355.4 353.1 360.9 363.8 366 362.6 358.8 351 352 348.4 339.7 330.5 329.2 325 320.4 316.3 313.6 311.2 309.2 305.4 299 298.5 309.2 306.9 304.2 307.3 310.7 308.3 307 302.7
192.6 205.9 216.4 220.8 237 247.7 255.4 263.1 271.5 278.2 283.9 290.7 298.6 307.5 320 328.1 338.2 344.3 347.4 351.1 353.4 352.6 350.8 348.2 344.7 345.1 349.9 354.7 367.6 359.8 355.2 356.4 350 343.5 336.8 336.7 333.9 339.9 342.6 342.6 341.2 341.6 346.7 350.5 352.3 354 352.3 347.3 340.5 326.9 322.1 321.6 323 321.2 319.9 328.6 332.7 340.8 343 342.1 340.7 339.4 337 337.9 334 327.5 316.1 307.5 301.6 301.6 304.9 304.8 304.8 301.6 295.8 290.1 296.4 298 298.5 298.5 302.3 300.6 300 299.5 301.5
167.1 180.1 190.1 201.5 210.7 215.4 229.6 241.8 251.4 259.6 262.7 268.6 281.7 294.5 301.6 305.5 316.1 328.3 333.2 333.7 333.1 335.1 338.8 331.9 327.6 335.1 336.2 335.2 335.2 334.3 336 331.4 325.9 320.5 323.4 321.7 325.6 328.8 331.2 328.9 325 325.4 328.4 332.6 333.5 330 324.3 317 306.6 295.5 292.1 291.8 300.3 302.7 308.6 311.4 315.5 319.2 315.8 314.8 315.5 314.4 311.7 307.5 303.9 299.1 296.6 295 293.1 297 297.1 296.3 297.4 295.7 287.3 287.7 290.3 291.8 291.1 290.5 292 291.1 290.2 291.8 291.1
141.1 149.6 158.9 176.1 188.5 199.5 203.4 212 224.3 232.8 242.1 250.3 259.1 267.7 276.1 281.4 288.1 299.3 308.8 314.1 315.7 313.9 312.9 310.8 304.6 308.5 313.4 307.4 309.2 312.2 310.1 306.5 304.9 308.8 307.5 306.6 310.2 317.8 317 314 309.5 304.9 297.5 301.3 302.6 301.1 298.8 293.7 285.4 277.2 271.6 273 280.6 285.2 287.9 291 295.3 298 296.3 298 296.5 298 298.6 297.8 294.9 293 294.3 289.9 286.9 287 286.5 288.4 288.5 283.3 280.2 281 281.4 282 281.9 281.9 280.1 282.2 283.2 283.3 283.4
117.2 122.9 135 145.7 158.9 174.9 184 190.1 194.1 206.3 215.9 224.2 230.3 238.8 251.1 256.9 262.5 269 280.8 286.8 289.2 289.1 291.6 291.5 284.5 283.1 285.2 285.4 289.2 291.9 288.9 286.9 289.2 296.8 294.8 294.8 298.3 294.9 291.9 290.3 286.6 283.6 275.9 283 286.4 281.3 275.3 268.2 265.1 264.3 258.7 259 264.9 274.6 284.5 283.9 285.2 287.6 288.3 287.6 294.2 294.7 292.8 292.5 289 284.4 279.8 277.6 278.9 276.9 277 277.4 276.2 273 271.7 270.7 269.9 268.2 270.2 269 272.3 274.2 274.4 275.3 275
98.4 102.1 115.3 125.3 134.2 144.2 157.8 168 170.6 175.2 188.4 198.1 203.2 207.8 218.7 231 241.9 247.4 250.1 256.3 262.7 265.8 268.7 266 259.8 258.3 261.8 263.5 264.4 267.1 269 270.3 262.3 267.8 271.9 271.5 275.2 278.3 278.6 272.4 267.4 261.6 274.4 276.4 273 267.7 260.4 254.4 250.7 251.4 254.5 258.8 262 276.7 278 281 279.4 281 289 291.5 290.8 287.6 286.1 284.3 278.5 273 270.9 269.4 264.6 266.9 265.7 262.5 261.3 260 259.2 258.6 258.5 258.6 257.4 259.8 261.7 263.7 264.7 264.8 265.8
