data/200000-860000.asc
ncols 200
nrows 200
xllcorner 200000
yllcorner 860000
cellsize 50
[rows 72 to 107 of 200, columns 80 to 159 of 200]
553.7 551.9 549.9 541.6 531.4 519.7 516.6 511.8 499.6 498.1 497.6 494 491.9 484.9 475.8 472.7 464.6 460.8 459.1 451.2 441.8 434.9 429.5 421.1 412.5 402.6 398.1 394.8 395.6 397 394.4 387.6 388.1 388.6 388 388.1 386.3 384.6 384 376.7 367.6 361.9 360.4 358.8 357.1 355.9 354.1 351.9 350.7 350.8 354.4 349.5 350.5 345.5 341.8 333.8 315.5 288.7 263.6 245.5 225.4 212.8 222.6 229.2 250.7 265.5 285.1 304.7 319.5 334.5 341.9 341.5 339.9 337.6 334.2 332.8 330.5 329.2 327.6 322.9
555.1 551.6 546.4 539 528.8 516.6 512.5 506.7 498.4 500.3 495.1 493.6 491.9 484.7 477.7 471.6 463.6 459.4 455.4 447.5 443.9 444.6 435.9 428.9 415.7 407.2 399.7 392.3 392.8 390.2 389 386.3 386.5 386.7 390.6 391.8 388.8 387 386.9 382.2 374.1 365.8 366 360.6 358.7 360.8 359.7 359.4 363.8 360.3 352.8 352.3 352.3 344.8 346.8 338.2 318.4 292.2 267.2 247.4 227.6 205.3 210.1 222.4 238.7 252.7 270.2 289.5 314.2 329.6 338 338.8 337.7 336.6 334.2 332.8 332 329.7 326 324.8
555.7 549.9 543.1 537.9 525 513.8 507 498.8 497.7 499.7 495.1 492.8 489.3 488.8 478.9 469.4 460.8 456.4 451.8 450.8 446.4 442 438.7 428.9 417.5 409.8 404.1 392 392.3 391.3 386.3 386.3 385.8 389.3 390.8 390.2 394.3 386.6 377.8 377.6 372.1 363.9 361.2 360.8 363.4 361.3 361.2 361.7 366.8 358.2 352.6 350.2 347.5 343.4 341.4 331.5 315.3 295 270.7 247.8 225.6 205 199 212.4 228.8 243.9 260.2 282.9 304.3 321.6 329.4 336 336.5 336.2 334.8 334.4 333.4 332.2 327.2 322.4
557.8 554.4 546 536.6 530.3 518 507.5 499.8 496.1 496.3 495.5 493.7 486.9 479.8 471.3 464.8 459.9 453.1 450.9 456.5 450.1 445.2 438.5 427.1 417.8 410.9 404 392.8 393.6 388.2 385.3 384.2 383.6 384.7 381.6 380.9 380.6 380.3 376.8 375.6 373.7 362.8 358.3 358.5 356.9 356.1 355.7 356.9 358.7 351.6 348.2 344.7 348.3 338.9 328.3 320 307.6 286.4 266 241.6 219.6 201.1 186.1 203.5 221.5 234.3 249.5 272.4 293.1 313.8 326.2 333.3 335.9 335.6 335.6 335.8 335.3 333.9 329.7 324.7
553.8 548.4 543.9 538.5 530.2 526.4 514.3 503.1 495.9 495.2 495 494.6 487.8 475.7 463.3 459.5 457.6 451.7 450.9 452.3 447.2 451.2 438.9 425 418.2 410.4 400.1 392.8 393.5 392.7 386.3 383.2 382 377.8 376.8 375.2 373.4 378 373.8 376.3 375.6 365.3 357.6 353.7 352.7 352.5 352.7 355.4 351.3 347.5 345.8 340.5 338.9 335.6 326.5 318 304 282.4 257.3 237.2 217.7 198.2 183.6 193.2 209.3 224.4 240.8 265.3 289.4 312.3 325.4 330.3 333.7 335.9 337.2 337.1 336.1 334.8 330.8 325.3
555.4 542.9 537.2 534.1 528.3 525.7 517 511.1 499.9 495.8 494.8 493.8 486.8 477 464 456.4 449.8 448.3 449.1 448.5 448 446.5 435.7 421.8 415.8 405.6 400.7 392.2 395.1 391 389.2 379.4 373.6 372.2 371 366.6 367.4 367.9 369.1 372.5 377.2 370.6 359 352.3 351.2 350.9 355.6 356.8 349.7 344 344.6 338.9 326.7 324.5 313.1 306 291.2 271.7 250.9 232.3 214.2 197.8 181.7 188.1 203.2 214.9 236.5 260.8 286.4 308.3 319.6 328.8 333.4 336.4 338.4 339.5 338 336.4 333.7 326.3
551 540.3 534.6 530.6 525.8 519.8 515.6 516.7 508.5 500.6 494.5 491.5 486.2 481.4 468.7 458.1 450.6 446.1 445.5 448.7 446.4 442 429.1 419.6 414.5 409.5 403.9 392.5 391.5 388 387 374.9 371.8 369.3 367.7 366.6 367.8 367.9 366.1 366.2 374.3 367.8 359.9 354.4 351.6 350.2 354 355.1 343.3 343.4 337.7 330.4 322.7 315.7 306.6 295.5 278.9 256.7 242.1 227.9 211.6 196.1 177.8 183.8 196.6 209 230.7 258.8 281.1 299.2 316.6 327.5 334.9 339.1 339.6 340.8 340.8 336.7 332.9 327.8
546.8 538.3 534 528.7 521.7 515.1 513 516.5 511.8 508.7 501 492.9 490.2 481.6 474.8 463 453.6 446.9 444.8 444.3 443.8 436.1 423.3 420.4 415.3 410.5 403.8 394.8 393.6 392.7 389.6 382.8 377.5 375.1 370.2 366.1 367 366.8 364.4 364.6 366.8 361.5 355.3 354.2 352.6 350.1 352.1 350.7 339.4 335.5 331.7 325.9 317.1 309.4 303.8 288.5 270.8 247.1 231.9 221.9 208.3 192.5 175.8 178 189.2 200 224 250.4 273 298.1 316.4 330.6 338.5 341 341.5 340.1 338.6 335.3 331.9 329.8
544.6 537.2 534.4 521.7 516.8 510.8 509.5 511.7 517.1 510 506 497.5 491.3 485.2 477.8 468.7 461.8 451.7 445.6 444.4 437.9 432.9 424.9 425.6 419.9 417.1 407.8 399.6 397.2 392.7 390.6 385.9 379.8 374.1 371.5 369.4 364.6 365.2 365.2 363.5 361.9 357 352.2 351.7 349.8 353.2 348.7 346.8 336.6 332.1 328.3 325.1 318.8 309.1 295.6 284.6 262.5 242.5 222.1 212.9 202.3 188.7 173.4 171.8 181.8 192.7 212 238.8 263.4 293.2 315.5 329.5 338.8 341.2 342.7 340.3 337.5 334.7 331.6 328.9
540.3 536.4 524.6 516.2 510.1 506.8 505.5 507.9 513.9 506.4 505.4 503.5 495.1 491.6 481.3 474.4 470.7 461.3 451.4 444.4 436.4 431.5 426.4 427.5 422.7 418.1 410.9 403.9 401.8 397.6 394.9 388.4 381 372.1 369.8 367.7 366.6 363.4 365.3 364 364.7 358.2 351.3 349.2 348.7 350.4 348.3 348.6 338.9 333.7 331.6 331.3 326.6 314.3 298.3 282.8 254.9 236.4 218.6 204.9 194.7 181.6 170.3 166 175.6 187.1 203 226.2 251.6 280 310.4 328.7 339.1 341.1 342.3 341.3 338.8 335.9 331 326.9
535.8 530.4 522.5 513.3 507.4 502.5 501.4 501.4 502.2 503.2 509.4 504.2 500.5 490.6 485.8 482 478.6 469 459 449.1 438.4 429.4 427 423.6 420.4 416.7 416.4 408.3 406.2 401.3 399.7 392.7 384.1 373.1 370.6 367.2 363.6 363.1 365 363.7 364.6 359.1 352.5 348.5 349.9 352.8 350 347.4 340.7 336.7 333.2 331.7 327.7 318.1 306.1 288.6 260.2 238.6 223 208 190.5 178.1 168.9 162.2 169.7 181.9 195.7 214.9 241.7 276.4 308.8 331.2 340.9 341.5 342.2 340.1 338.2 336 332.4 328.5
527.4 522.6 516.8 509.7 506.3 503.6 501.4 499.6 501.9 503.8 506.9 508.4 502.3 492.1 491.4 490.5 479.4 470.9 462.5 454.7 445.2 437.4 429 425.6 421.4 418.4 418 412.1 410 404.9 401.4 396.1 388.2 379 377.2 370.4 366.3 361.7 362.5 362.7 361.2 362.8 354.1 349.1 354.2 357.9 358.5 346.9 345.2 341.3 337.3 337.8 335.9 324.6 312 291 268.7 245.5 229.1 213.5 196.8 183 171.8 163.9 165.2 174.4 185.9 205.5 229 264.8 300.2 329.4 338.6 340.7 341 338.7 337.3 335.9 332.5 328.6
522.7 516.6 510.2 503.1 499.7 497.5 499.4 497.7 503.7 504.3 505.4 504.7 498.6 497.7 490.7 487.3 474.4 467 460.8 456.1 453.6 444.6 434.2 425.4 418.6 419.2 415.4 415 414.3 407.4 404 399.1 391.4 387.1 380.9 374.7 367.8 362.1 362.1 359.6 359.4 361.5 350.7 352.3 358 363.5 356 349 349.7 349.2 344.9 343.8 340 330.7 314.4 299 276.2 254 236.3 221.6 204.7 187.8 178.1 164.8 159.1 166.8 175.3 189.9 212.5 246 288 304.9 328.8 338.2 339.8 337.7 337.1 335.7 332.2 326.4
515.9 509.4 503.7 498.8 497.7 494.2 495 493.6 500.7 502.6 506.5 498.6 504.5 500.7 486 478.4 471.7 464.6 457.1 456.1 453.4 448.1 439.7 431.1 421.7 417.6 414.8 415.4 412.9 403.2 401.2 401.6 398 391.4 388.4 381.8 376.8 367.5 364.8 367.7 362.4 354.2 350.9 353.6 363 361.1 354 349.8 352.6 351.1 348.5 351.1 341.5 332.9 320.3 303.7 284 264.8 246.3 231.5 213.3 195.4 180.7 165.4 156 161.3 167 179.7 199 226.5 255.9 280.9 301.5 332.3 337.1 336.7 337.3 337.4 332.6 326.7
509.9 507.4 501.7 496.6 494.1 490.3 488.3 484.6 482.4 492.1 500.4 501.5 508.5 502.4 490.1 473 463.1 458.4 455.3 454.2 449.7 447.8 443.1 433.5 427.2 417.7 407.8 408.4 405.2 399.4 396.5 397.3 396.8 395.3 396.8 389.7 381.6 375.3 370.7 371.8 365.9 357.2 353.3 356.7 364.3 359.3 353.7 349.4 349.4 355 348.5 349.9 342.5 335.7 327 309.4 290.9 276 260.9 242.6 221.1 200.3 183.2 168.5 156.9 156.4 161.2 173.4 188.7 209 235.4 259.1 284.3 311.4 324.4 332.2 336.1 337.2 334.9 328.5
502.5 501.3 495.1 491 491.2 484.5 473.4 468.6 470.3 482.7 485.6 499.6 503.7 498.1 478.5 471.8 460.7 456.1 456 452 453.7 440.5 445.8 431.7 428.6 424.5 410.7 405.5 400.7 396.2 393.9 399.3 392.1 388.5 390 389.1 384.2 389.4 382.3 375.4 368.1 363.5 359.9 355.7 354.2 356.9 352.1 348.1 345.7 343.4 339.1 334.2 335.4 333.9 325.3 318.1 305.4 290.7 269.2 249.8 227.9 207.6 187.6 170.8 159.6 152.8 156.8 165 180.4 199.9 217.5 239.9 268.1 291.3 314.1 328.9 334.3 335.9 335.4 328.7
499.2 492.2 493.8 486.1 478.4 471.7 464.8 457.4 458.2 457.9 469.1 479.2 480.8 476.7 475.9 465.5 457.1 461.9 462.3 445.4 440 439.2 438.3 431.1 430.1 428.8 418.9 409.5 399.7 391.4 391.8 388.5 386 383.4 381.9 380.7 377.8 378.1 380.9 373.8 366.1 362.7 361.4 358.6 355.3 349.5 349.6 347.3 343 338.9 335.2 332.4 326.6 324.7 325.8 326.2 310.9 292.9 271.9 255.3 234.5 215.3 196.3 176.4 161 154.7 150.9 160.7 173.6 190 204 229.4 246 278.3 310.5 328.6 334 335.9 334.7 329.4
488.9 487 478.6 480.7 471.2 464.8 459.4 452.4 451.2 442.4 442.9 447 455.1 462.5 456.6 449.7 454.8 455.9 440.5 439.3 436.9 443.8 436.4 428.8 428.4 429.7 417.4 412.5 402.6 393.7 389.6 386.8 385.4 383.7 380.4 378.6 378.5 378.3 375.6 370.8 371.4 368.1 365 356.6 354.5 353.3 350.6 343.9 343.1 340 335.8 333.5 328.2 326.9 321.8 322.9 309.2 294.5 275.4 258.9 239.1 220 205.5 183.6 166.9 156.6 151.1 155.8 163 177 193.8 218.4 248.6 279.3 306.5 328.4 333.3 336.3 335 330.8
479.7 475 470.9 458.8 455.2 449.1 443.7 437.4 439.7 436.3 433.9 435.7 440 439.4 437.4 429.4 427.2 429.2 420.8 422.7 428.5 433.8 431.5 426.7 426.5 421.4 415.8 415.9 404.8 395.9 389.8 386.2 386.6 386.9 382.7 383.8 383.4 381.8 375.1 372.8 375.1 372.9 367.7 359.9 360.9 364.6 361.4 346.5 341.1 338.5 335.5 337 340.7 342.4 325.6 307.7 298.8 293.4 274 259.5 239.8 223.1 208.9 190.9 172.5 159.2 150.5 151.9 159 168.2 185.5 205.7 239.5 270.7 302.9 325.5 332.7 334.9 335 332.4
480.2 470.1 457.1 453 449.4 439.6 430.4 430.4 434.3 431.7 429.9 431.7 439.7 435.2 427.2 419.5 419.5 418.4 408.9 406.2 410.1 412.6 421.6 425.9 420.9 415.7 412.8 412.7 401.7 394.2 382.6 383.5 389.4 391.2 384.2 393.8 381.6 377.8 376.3 375.9 376.5 378.9 372.2 361.3 368.3 372.6 363.5 352.7 344.6 340.7 337.4 333.8 334.8 326.1 322.5 315.7 304.8 287.9 279.7 265.4 252.5 233.6 216.6 194 179 164.4 152.8 148.5 154.2 160.9 174.7 193.1 220.3 260 289 316.6 330.4 332.4 334.5 330.3
467.5 454.4 448.5 438.5 433.8 432.9 426.4 425.6 428.6 423.8 419.6 427 432.3 423.8 418.1 417.2 415.1 410.2 402.9 398.6 400.5 399.7 407.4 407.5 409.1 407.2 403.6 396.9 393.3 386 378.8 380.3 382.7 384.7 389.2 388.4 379.7 381.2 381.1 384.1 383 379.7 371 362.9 364.9 369 368.4 360.4 350.4 344.2 339.1 336.3 335 329.6 324.8 323.3 313.4 296.7 284.8 272.1 256.2 238.8 219.4 201.1 183.5 167.3 155.2 145.1 151.9 155.9 166.3 184.7 209.6 242.7 289.3 322.4 328.7 330.4 330.6 328
451.2 443.8 439.6 433.1 429.8 429.9 423.6 423.2 417 415.9 421.5 420.9 421.3 416.5 413.7 415 410 405.4 397.9 394.4 392.4 391.1 394.3 398.6 400.2 400.5 402.6 398.4 392.4 383.9 378.8 378.8 383.3 382.7 391.6 381.7 381.4 381.1 386.6 389.7 384.2 378.5 373.9 364.4 363 358.8 358.5 352.5 351.2 345.6 340.6 337.7 339.6 336.6 328.6 318.3 312.3 303.5 292.8 284.3 265.7 246 227.1 208.3 191.6 175.5 160.9 148.3 145.5 152 160.6 177.2 199.5 230.1 269.7 316.4 326 327.1 326.5 325.4
441.7 440.5 439.4 430.9 428.1 423.7 421 420.3 417.3 411.8 415.8 415.7 412.9 409.7 407.7 406.8 406.5 401.5 395 392.4 390.6 389.4 389.8 390.9 392.4 391.7 391.6 397.2 393.7 385 378.8 378.8 383.7 382 382.5 390.1 383.8 384.6 389.3 389.7 388.6 380 376.1 365.1 360.9 354.1 351.2 343.2 342.3 342.3 343.8 350.6 347.9 338.7 329.6 322.5 314.3 313.9 304.6 291.7 274.7 254.9 235.3 217.5 199.3 181.5 167 153.8 143.6 146.4 155.8 169.7 191.1 219.4 256.8 303 321.5 321.2 320.3 318
438.8 436.8 438.6 439.8 426.7 420 419.6 418.1 415.1 409.5 408.9 413.6 409.8 404.2 403.3 403.2 402.6 400.3 392.9 390.5 390.1 389.2 390.8 388.1 383.2 382.2 385.8 395 394.1 381.6 378.8 378.8 383.6 384 383.9 386.9 387.9 388.9 389.7 390.8 384.4 378.7 368.2 362.7 358.4 354.7 348.8 342.9 342.3 342.3 342.3 350.4 347.7 342 334.4 320.6 319.3 320.5 312.3 293.6 276.9 260.8 242.1 223.3 205.8 192.2 176.5 159.9 147.7 137 151.5 163.6 183.6 215.9 253.4 293.8 300.7 310.8 310 308.6
435.5 437.2 431.3 427.7 423.8 421.6 417.6 416.9 407.8 405.2 407.1 407.1 407.2 403.4 399.4 400.2 399.1 394.9 392.6 390.9 391.6 391.6 389.4 384.9 379.5 378.8 380.5 385.8 382.9 378.8 378.8 379.9 380.4 384 386 388 387.7 387.4 396.2 397.1 387.9 377.6 367.7 362.9 359.3 355.4 351.8 345.9 343.5 344 342.3 351.9 341.6 335.5 325.8 321.6 316.9 311.4 310.4 299.2 280.9 264.6 246.6 229.8 212.7 197 179.1 165 152.1 139.6 146.8 156.1 175.1 205.4 245.4 269.5 278.1 290.9 297.4 299.7
430.8 428.1 421 423.4 422.3 419.2 413.3 410.3 404.5 404.2 403.5 403.5 405.2 403 398.4 396.4 392.5 393.7 393.2 398.3 397 392.8 390.8 387.5 379.4 378 378.1 379.7 379 382 380.2 380.5 381.9 385.4 387.7 387.1 387 391.9 397.7 395.2 388.5 375.4 366.5 360.5 356.9 354.9 352.7 349.4 349.4 347.5 347 349.6 338.7 332.3 324.6 328.5 326.6 309.9 307.5 301.9 282.4 265.6 248.1 234 217.1 201.7 189.7 169.5 152.9 140.6 145.7 150.6 166.1 194 221.9 240 257.7 274.4 280.6 285
419.7 416.8 419.3 417.5 415.2 409.4 411.8 408.2 406.2 404.5 403.5 404.6 405.7 402.3 397.9 390 387.1 387.2 392.5 403.8 404.7 398.7 391.7 386.3 381.8 380 379.8 377 376.1 381.4 380.3 381.9 380.2 384.6 391.3 396.8 390.6 391 397.2 394.1 381.4 372.9 367.7 359.5 353.7 351.3 351.2 350.5 349.6 349 345.5 343 337.4 325.9 327.4 336.7 326.5 316.4 312.3 297.1 278.3 264.1 251.3 238.2 219.4 203.7 189.1 172.8 154.6 142.3 136.7 143.9 155.9 176.9 198.6 217.6 244.1 253.6 264.4 264.3
406.7 409.3 409.9 407 406.3 401.7 404.4 407.7 411.9 408.9 404.2 405 404 398 388.9 384.8 381.6 379.1 381.1 390.3 401.4 400.5 394.8 389.3 379.7 380.8 383.3 381.1 374.9 373.9 375.9 377.1 376.7 375.9 384.2 401.5 403 398.4 392.4 383.3 372 369.5 363.1 356.4 352.3 351.5 350.9 350.8 351.9 349.8 349.6 342.6 336.2 334.6 331.9 340.1 329.3 320.4 308.5 288.5 277.3 260.7 247.2 233.9 216.4 203.8 189.2 173.7 156.6 141.1 127.6 135.9 147.1 162.7 182.3 201.2 219.6 236 241.4 251.2
403.8 411.2 408.8 397.9 396.5 388.2 395.5 410.3 417.7 410.4 403.2 400.7 393.9 387.1 382.8 381.2 377.3 377.7 378.6 381 382.9 393.5 388.9 382 373.8 373.4 377.6 379.7 375.7 374 373.5 372.7 371.8 372.5 380.6 394.8 395.4 398.3 383.3 373.9 370.5 369.2 361 353.9 355 358.2 358.6 358.9 355 351.8 347.8 343.1 336.3 332.5 330.6 335 331 320.6 296.3 292.5 281.5 262.6 249.6 231.7 220.6 204.4 188.8 173.4 157.1 141.1 129.9 129.5 139.2 149.7 165.4 180.6 194.6 222.6 229.1 238.4
402.3 403.8 396.4 391.5 386.9 381.3 388.3 401.9 401.1 403.1 403.5 398.3 383.2 380.5 377.9 374 375.2 377.8 379 379.9 374.2 383.9 383.4 374.8 366.3 370.4 372.4 380.7 374.6 375.9 374.4 374.1 373.3 369.8 377 386.5 381.7 377.6 369.1 364.9 369 366.2 360.8 356.2 359.9 363.6 366.4 366.1 358.1 352.9 347.5 341.1 335.7 330.9 328.1 327.3 320.6 305.8 293.9 284.1 276.1 260.5 246 233.2 219.6 206.2 189.7 172.1 156 141.4 130.3 124.2 131 139.2 151.3 167.7 185 205 212.5 218.2
391.4 391.9 391.6 387.3 382.3 380.4 382.9 386.5 387.2 391.5 393.2 384.2 379.7 376.3 373.9 370.4 372.1 379.2 380.9 374.9 372.2 374 370.9 365.2 362 364.2 368.4 370.8 364.4 371.5 371.8 374.2 374.1 369.8 374.1 372.3 368.7 368.5 363.2 362.1 362.8 363.1 358.5 355.5 356.7 360.7 366.8 369.2 360.9 352 345.4 335.7 332 323.8 323.4 318.9 305.4 305.6 287.6 276.5 263.3 250.5 244.2 228.2 218.1 202.8 187.8 172.2 155.4 139.1 129.7 119.7 124.8 131.4 139.6 155.4 178.1 191.1 191.7 201.8
383.3 382.4 380.5 378.9 378.7 377.3 379.7 380.7 381.2 386 385 384.8 380.3 376.4 372.6 369.6 380.4 384.1 381.6 374.4 371.8 369.6 362.7 358.6 357.7 359.5 367.9 366.6 360.9 363.8 377.3 379.9 378.5 372.4 371.9 372.5 365.2 366.5 363.4 361.6 360.7 357.4 355.2 357 359.6 358.6 375.1 369.2 362.3 350.7 341.4 333 324.9 317.7 315.1 308.8 298.8 294.5 281.4 268 254.3 242.9 230.9 221.2 208.9 197 184.2 167.5 151.2 135.9 126.5 115 119.6 124.1 133.4 150.2 172.9 182.1 182.9 181
371.7 369.4 370.1 368.6 369.1 368.2 372.2 379.2 382.7 385.2 380 380.1 380 380 370.8 372.4 380.4 387.5 380.2 368 365.9 360.7 357.4 354.9 355.8 361.7 372.2 369.4 356.3 364 384.3 380.5 379 371.6 364.2 362.8 357.8 355.8 361 360.1 355.9 351.5 361.8 349.9 355.9 359.1 365.7 366 354.8 345.6 337 331.9 321.1 320.5 311.4 301.1 298.2 287.2 279.1 264 248.6 234.7 223 211.5 199.1 185.8 179.9 164.2 148.9 133.5 124.9 119.8 108.7 116.2 125.3 139.6 161.3 170.8 169.8 165.5
373.3 368.3 368.6 370.2 373 365.5 370.6 375.8 381 382.4 376.3 379.5 384.1 373 367.4 376.3 380.5 379.8 370.5 362.7 362.3 361 355.2 354.1 354 358.4 364.5 358 351.5 363.9 372.4 374.6 374.3 368.2 359.6 360.1 357.9 355.4 353.1 351.4 348.4 347.5 347.2 340 343.1 354.2 368.4 360.1 353.3 339.5 333.4 327.9 321.1 311.6 303.9 295.5 291.5 282.6 272 262.1 243.2 227.3 216 202 187.8 175.8 165.9 153.4 140.9 129 120.2 115.2 106.4 111.8 119.6 135.8 156.7 161.2 157.9 153.4
372.3 369.4 368.9 375.1 372.4 366.4 370.9 375.5 378 373.4 378.6 375.5 373.5 360.8 367.9 371.5 375 377.4 372 375 370.1 358.8 353.5 352.7 352.3 354.3 359.7 350.2 353.5 360.3 361.5 372.7 367.5 361.1 353.2 360.6 352.2 350.3 350.6 348.8 347.4 351 342 337.6 338.9 349.4 350.3 347.6 346.5 333.7 326.4 327.6 316.2 309 301.8 292.7 288.3 276.9 263.4 249 237.2 219.8 207.5 193.3 178.6 168.3 154.7 146.6 134.5 123.8 114.3 108.5 102 108.5 113.7 128.9 153.7 151.9 148 145.9
374.9 377.6 384.3 377.8 367.2 363.7 374.5 375.6 374.4 378.8 380.3 371.8 361.3 357.6 362.2 369.6 372.3 369.6 372.6 373.9 366.8 359.2 353.7 351.9 352.4 355.8 353.8 347.5 351.4 354.7 355.1 359.8 356.4 354.7 346.5 349.7 343.6 346.2 350.3 345.3 347.6 346.2 338.5 338 341.4 341.9 341.4 341.5 338.9 326.7 317.4 319.2 308.8 296.5 294.3 287.6 283.1 275.9 257.7 243.5 227.3 210.5 194.1 179.5 169.6 157.5 146 134.4 124.5 114.8 107.7 104.5 101.7 104.5 109.4 122.6 130.7 135.4 137.5 136.3
