data/200000-660000.asc
ncols 200
nrows 200
xllcorner 200000
yllcorner 660000
cellsize 50
[rows 38 to 75 of 200, columns 85 to 169 of 200]
201.9 203.5 205.1 203.8 205.9 204.2 203 197.1 192.1 184.1 179.2 173.9 168.9 163 156.5 151.7 143.9 138.6 132.4 124.4 133.4 135.2 134.8 132.4 125.7 117.1 107.3 98.7 87 80.5 72.5 61.2 52.6 41.6 36.8 34.4 29.6 23.8 24.2 23.5 21.5 20 18.2 15.5 14.8 12.9 11.5 9 7.9 7 4.3 4.3 3.4 2 -0.9 -0.9 -0.9 -0.9 -0.9 -0.9 -0.9 -0.9 -0.9 -0.9 -0.9 -0.9 -0.9 -0.9 -0.9 -0.9 -0.9 -0.9 -0.9 -0.9 -0.9 -0.9 -0.9 -0.9 -0.9 -0.9 -0.9 -0.9 -0.9 -0.9 -0.9
196.7 198.5 197.9 196.8 197.1 196.6 194.5 188.2 180.9 176.9 171.5 166.1 162 153.5 148.7 143.1 137.9 131.3 121.8 106.7 126.4 127.2 126.1 121.3 113.7 106 96.7 84.5 70.6 68.7 60.6 49.7 41.1 33.6 27.5 24.8 21.7 19.9 19.3 17.3 15.2 13.6 12.8 12.3 11.5 9.9 7.6 5.4 3.3 1.7 1.5 1 -0.9 -0.9 -0.9 -0.9 -0.9 -0.9 -0.9 -0.9 -0.9 -0.9 -0.9 -0.9 -0.9 -0.9 -0.9 -0.9 -0.9 -0.9 -0.9 -0.9 -0.9 -0.9 -0.9 -0.9 -0.9 -0.9 -0.9 -0.9 -0.9 -0.9 -0.9 -0.9 -0.9
189.5 190.5 188.5 188.2 188.4 187.5 183.1 176.8 173 168.5 162.7 158.6 151.7 146.3 141.1 136.9 130.3 123.3 104.7 104.9 117.9 119.4 116.8 111.1 103.3 95.3 82.9 69.1 62.4 56.8 48.1 39.6 31.5 23.8 22.7 18.8 18.1 17.3 16.6 15 13.8 12.5 11.5 10.7 9.3 7.7 5 1.9 1.6 1 0.6 -0.1 -0.9 -0.9 -0.9 -0.9 -0.9 -0.9 -0.9 -0.9 -0.9 -0.9 -0.9 -0.9 -0.9 -0.9 -0.9 -0.9 -0.9 -0.9 -0.9 -0.9 -0.9 -0.9 -0.9 -0.9 -0.9 -0.9 -0.9 -0.9 -0.9 -0.9 -0.9 -0.9 -0.9
181.1 181.2 180.5 179.3 178.5 176.5 172.9 169 163.4 158.2 152.2 148 142 139.7 134.2 123.7 123.3 112.7 102.4 113.3 111.4 110.2 107.6 100.8 95.3 84.4 67.7 55.7 53.8 46.2 38.3 28.6 22.5 19.1 16.9 16.7 15.6 14.9 14.3 13.3 12.5 11.6 10.6 9.8 8.9 6.1 3.6 1.7 1.1 0.6 0.1 -0.9 -0.9 -0.9 -0.9 -0.9 -0.9 -0.9 -0.9 -0.9 -0.9 -0.9 -0.9 -0.9 -0.9 -0.9 -0.9 -0.9 -0.9 -0.9 -0.9 -0.9 -0.9 -0.9 -0.9 -0.9 -0.9 -0.9 -0.9 -0.9 -0.9 -0.9 -0.9 -0.9 -0.9
175 175.1 172.3 167.5 168.3 166.2 163.3 159.3 153.3 147.8 143 139.4 135.8 131.8 126.3 117.7 115.1 103.6 97 107.1 102.2 101.7 101.6 95.4 87.7 75.9 59.9 48.1 40 35.5 28.4 21.8 18.6 16.3 14.9 13.9 14.9 13.8 12.7 12.4 11.4 10.9 10.6 10 9.1 6.2 3.4 1.5 1 0.5 -0.1 -0.9 -0.9 -0.9 -0.9 -0.9 -0.9 -0.9 -0.9 -0.9 -0.9 -0.9 -0.9 -0.9 -0.9 -0.9 -0.9 -0.9 -0.9 -0.9 -0.9 -0.9 -0.9 -0.9 -0.9 -0.9 -0.9 -0.9 -0.9 -0.9 -0.9 -0.9 -0.9 -0.9 -0.9
167.1 166.5 162.2 157.7 157.7 156.2 152.9 149.4 144.8 139.2 134.6 130.7 127 123.1 117.9 112.6 100.3 98.7 93.8 92.9 94.7 94.2 94.7 86.6 77.2 65 52.1 41.1 32.2 27.8 24.1 18.9 16.7 14.6 13.5 12.8 13.7 12.6 11.7 10.8 10.6 11.2 10.7 10 9.1 6.7 3.3 1.4 0.9 0.4 -0.2 -0.9 -0.9 -0.9 -0.9 -0.9 -0.9 -0.9 -0.9 -0.9 -0.9 -0.9 -0.9 -0.9 -0.9 -0.9 -0.9 -0.9 -0.9 -0.9 -0.9 -0.9 -0.9 -0.9 -0.9 -0.9 -0.9 -0.9 -0.9 -0.9 -0.9 -0.9 -0.9 -0.9 -0.9
157.4 156.7 151.8 143.6 146.6 146.3 143.6 138.8 134.5 130.4 125.2 121.5 117.8 113.2 108.6 103.1 96.7 85.5 90.5 95.2 88.2 88.3 86.6 79.1 68.9 56 44.1 35.8 28.4 23.8 20.3 17.9 16 14.2 13.2 12.4 12.6 11.5 11.3 11.1 11 11.2 10.7 10 9 6.6 4 1.5 0.9 0.4 -0.1 -0.7 -0.9 -0.9 -0.9 -0.9 -0.9 -0.9 -0.9 -0.9 -0.9 -0.9 -0.9 -0.9 -0.9 -0.9 -0.9 -0.9 -0.9 -0.9 -0.9 -0.9 -0.9 -0.9 -0.9 -0.9 -0.9 -0.9 -0.9 -0.9 -0.9 -0.9 -0.9 -0.9 -0.9
150.4 147.8 139.8 131.6 134.7 135.2 132.6 128 124.3 120.4 115.9 112.3 108 103.4 99 92.5 88 78.6 78 81.3 80.9 81 77.9 70.5 60.4 47.8 37.1 31.1 26.4 23.1 19.9 17.6 15.7 13.9 12.9 12.1 11.4 11.1 10.8 11.1 11 10.7 10.3 9.8 9.2 6.4 3.6 1.5 1 0.4 -0.1 -0.6 -0.9 -0.9 -0.9 -0.9 -0.9 -0.9 -0.9 -0.9 -0.9 -0.9 -0.9 -0.9 -0.9 -0.9 -0.9 -0.9 -0.9 -0.9 -0.9 -0.9 -0.9 -0.9 -0.9 -0.9 -0.9 -0.9 -0.9 -0.9 -0.9 -0.9 -0.9 -0.9 -0.9
142.1 140 130.2 125 121.4 123.6 120.9 117.3 113.9 109.9 104.9 99.7 97 93.4 88.6 82.1 79.8 73.5 71.5 74.2 73.8 73.1 68.4 60.8 50.9 39.6 30.9 27.2 24.1 21.5 19.9 17.2 15.4 13.6 13 12.2 11.5 10.8 10.7 10.8 10.9 10.4 9.9 9.4 9 6.6 3.1 1.5 1 0.5 0 -0.5 -0.9 -0.9 -0.9 -0.9 -0.9 -0.9 -0.9 -0.9 -0.9 -0.9 -0.9 -0.9 -0.9 -0.9 -0.9 -0.9 -0.9 -0.9 -0.9 -0.9 -0.9 -0.9 -0.9 -0.9 -0.9 -0.9 -0.9 -0.9 -0.9 -0.9 -0.9 -0.9 -0.9
132.3 129.7 123.6 116.8 106.9 110.5 107.5 105.6 102.6 98.6 93.9 90.4 86.7 83.4 79.3 75.7 71.8 66.6 65.3 66.5 66.2 65.2 59.4 53.2 43.1 34.2 27.9 24.7 22.7 21 18.9 17.1 15 14.2 13.4 12.5 11.7 10.9 10.3 10.2 10.5 10.4 9.8 9.6 8.7 7.3 4.3 1.7 1.2 0.7 0.2 -0.3 -0.9 -0.9 -0.9 -0.9 -0.9 -0.9 -0.9 -0.9 -0.9 -0.9 -0.9 -0.9 -0.9 -0.9 -0.9 -0.9 -0.9 -0.9 -0.9 -0.9 -0.9 -0.9 -0.9 -0.9 -0.9 -0.9 -0.9 -0.9 -0.9 -0.9 -0.9 -0.9 -0.9
122 119.5 113.7 104.3 88.2 96.5 95.4 93.4 90.8 86.6 84.3 80.9 77.1 74.3 72.4 70 64.8 52.3 59.8 61 60.7 57.3 52.2 46.6 36.8 29.8 27.1 24.3 22.5 20.9 19.1 16.9 15.3 14.4 13.5 12.6 11.8 11.1 10.4 9.9 9.5 9.2 9.1 9.9 9.5 7.5 3.8 1.8 1.3 0.8 0.3 -0.2 -0.9 -0.9 -0.9 -0.9 -0.9 -0.9 -0.9 -0.9 -0.9 -0.9 -0.9 -0.9 -0.9 -0.9 -0.9 -0.9 -0.9 -0.9 -0.9 -0.9 -0.9 -0.9 -0.9 -0.9 -0.9 -0.9 -0.9 -0.9 -0.9 -0.9 -0.9 -0.9 -0.9
110.5 107.9 102.8 95.9 82.3 83.5 83.8 82.1 78.1 76.2 74.2 71.2 67.3 65.3 64.7 62.6 59.4 46.7 56.9 56.7 55.5 52.4 46.9 39.9 32.1 28 25.6 24 22.6 20.8 19.2 17.3 15.8 14.7 13.6 12.7 11.9 11.2 10.5 10.4 9.6 9.2 8.8 7.8 8.2 5.1 6.1 3.3 1.5 1.1 0.7 0.4 -0.9 -0.9 -0.9 -0.9 -0.9 -0.9 -0.9 -0.9 -0.9 -0.9 -0.9 -0.9 -0.9 -0.9 -0.9 -0.9 -0.9 -0.9 -0.9 -0.9 -0.9 -0.9 -0.9 -0.9 -0.9 -0.9 -0.9 -0.9 -0.9 -0.9 -0.9 -0.9 -0.9
98.9 96.1 91.4 86 78.3 68.5 71.2 68.7 66.1 64.9 64.1 60.3 57.4 57.4 57.3 55.9 48.4 47.4 51.2 51.7 51.2 46.9 42.3 35.5 31.2 27.9 25.4 23.9 22.8 21.3 19.5 18 16.4 14.9 14.1 12.8 12 11.3 11 10.8 10 9.7 9.2 9 7.8 8.2 8.1 5.3 1.9 1.6 1.3 0.4 -0.9 -0.9 -0.9 -0.9 -0.9 -0.9 -0.9 -0.9 -0.9 -0.9 -0.9 -0.9 -0.9 -0.9 -0.9 -0.9 -0.9 -0.9 -0.9 -0.9 -0.9 -0.9 -0.9 -0.9 -0.9 -0.9 -0.9 -0.9 -0.9 -0.9 -0.9 -0.9 -0.9
86.9 84.8 78.6 74.3 68.5 54.7 58.5 56 52.1 53.5 52.7 49.8 49 50.3 49.8 49 43.2 41.4 44.3 45.5 44.6 42.3 40.1 33.8 30.9 27.6 25.3 23.9 22.8 21.7 20.2 18.6 17 15.4 14.3 13.5 12.4 11.8 11.3 11 11 10.7 11.2 11 10.1 9.5 9.4 6.7 4.4 4.4 2.3 1.6 1 -0.9 -0.9 -0.9 -0.9 -0.9 -0.9 -0.9 -0.9 -0.9 -0.9 -0.9 -0.9 -0.9 -0.9 -0.9 -0.9 -0.9 -0.9 -0.9 -0.9 -0.9 -0.9 -0.9 -0.9 -0.9 -0.9 -0.9 -0.9 -0.9 -0.9 -0.9 -0.9
74.2 71.8 65.8 61.6 56.3 46.4 46.5 44.3 41.4 42.9 42.4 41.1 42.4 43.2 42.9 42.4 36.1 40.4 39.2 40.1 40 38.8 37.7 32.7 30.4 27.3 25.4 24.1 23 22.1 20.8 19.3 17.7 16 14.8 14.7 13.8 12.6 11.9 11.9 12 12.4 14.8 16.3 15.2 13.2 12.2 9.6 8.1 6.9 6 5.5 4.3 3.8 -0.9 -0.9 -0.9 -0.9 -0.9 -0.9 -0.9 -0.9 -0.9 -0.9 -0.9 -0.9 -0.9 -0.9 -0.9 -0.9 3.8 -0.9 -0.9 -0.9 -0.9 -0.9 -0.9 -0.9 -0.9 -0.9 -0.9 -0.9 -0.9 -0.9 -0.9
63 59.5 54.9 49.4 44.6 38.2 36.6 34.9 33.8 33.9 34.6 35.5 36.3 37.3 36.8 35.7 34.7 36 36.3 36.9 37.8 37.4 36.5 31.7 29.5 27.7 26.4 24.7 23.4 22.4 21.3 20 18.4 17 16 16.2 15.9 15 14.8 15.1 15.5 17.4 20.6 23.3 23.4 25.1 24.3 23.8 21.7 20.1 17.8 7.3 6 5.4 4.5 4.2 -0.9 -0.9 -0.9 -0.9 -0.9 -0.9 4.8 6.1 7.8 7.6 6.7 6.2 5.2 5.6 5.4 5.1 4.4 -0.9 -0.9 -0.9 -0.9 -0.9 -0.9 -0.9 -0.9 -0.9 -0.9 -0.9 -0.9
55.1 49 43.7 38 33.3 33.5 31.9 30.1 29.1 29.2 30.2 30.9 31.6 31.7 31.6 32.3 34 33.6 34 34.8 36.8 36.3 36.7 32.2 30.4 29 27.5 26 24.4 23.3 22.4 20.7 20.8 20.9 19.5 19.2 19.7 18.8 20.2 22.7 24.3 26.5 29 30.7 32.6 34.7 34 35.2 35.2 30.4 25.3 23.1 19.2 8.6 7.2 6.9 5.6 5 3 3.5 5.2 7.9 11 16.5 19.4 20.5 24.8 21.9 16.8 9.3 7.8 7.7 7.8 4.6 -0.9 -0.9 -0.9 -0.9 -0.9 -0.9 -0.9 -0.9 -0.9 -0.9 -0.9
44.8 39.4 36 31 29.9 29.9 28.8 27.5 26.8 26.8 27.4 28.4 29.1 29.8 29.3 30.2 31.6 31.3 31.7 33.5 35.4 36.1 35.1 33.3 31.5 29.7 28.1 26.6 24.7 23.6 23.1 22.4 23 23.8 23.1 22.4 23.4 25 26.5 27.9 31.4 34.6 37.5 41.9 44.9 48 46.1 49.2 45.5 41.8 36.2 32.2 27.2 23.3 19.6 15.5 10.6 9.2 8.4 8.1 10.8 15.8 20.6 24.5 27.8 30.8 33.9 33.2 30.1 27.1 24.2 20.1 12.5 9.2 3 0.7 -0.9 -0.9 -0.9 -0.9 -0.9 -0.9 -0.9 -0.9 -0.9
37.5 33.8 31.4 29.3 27.4 26.8 25.9 25.1 25.1 25.4 25.9 26.4 27 27.3 27.7 28.6 29.6 30.3 30.7 31.7 34 35.2 35.5 34 32.2 30.2 28.3 27.3 26.2 25.1 24.8 25.2 25.3 26.4 27 27 27.7 31.9 34.8 36.3 38.1 42.4 47.3 51.8 55.3 57 60.3 57.2 53 52.1 49.7 45 36.4 31.3 26.6 23.9 21.6 18.6 15.7 18.1 21.2 24.6 26.1 32.9 38.9 41.7 45.5 48.8 40.6 39.3 33 29 23.6 14.8 7.4 3.8 1.4 0.4 -0.9 -0.9 0 -0.9 -0.9 -0.9 -0.9
30.9 28.9 27.7 25.5 24.3 24.5 23.5 23.4 23.7 24.1 24.4 24.7 25.3 25.7 26.3 27.2 28.6 29.7 29.9 30.8 32.5 33.9 34.9 33.4 33 31.1 29.5 28.6 27.5 27 26.9 28.1 27.9 29.9 32 32.2 32.9 34.2 37.2 39.8 44.4 50.3 55 61.3 65.6 68.3 67.6 63.3 60.8 59.8 59.1 56.4 50.3 44.6 34.3 31.4 29.2 27.4 25.9 27.5 29.1 31.5 37.6 42.6 50.4 57.9 60.6 60.2 56 52.6 42.9 33.1 28.6 22.8 10.2 5.6 4.1 3 1.9 1.4 1.5 1.4 1 0.9 1
27.8 25.5 23.2 22 23 22.5 21.8 22.2 22.7 23.2 23.5 23.7 23.9 24.6 25.2 26.2 27.5 28.8 29.4 30.3 31.2 32.9 33 33.6 32.9 31.9 30.8 30.1 29.2 29.2 30.4 31.4 30.7 33.8 35.9 38.3 40.6 39.7 42.3 46.1 51.7 57.4 63.2 69.9 75.8 74.4 74.5 71 68.9 69 67.8 65.3 58.8 52.6 43.5 38.2 36 35 33.6 34.8 35.9 41.2 47.4 52.6 58.6 71 71.1 68.1 62.6 54.3 45.8 37.6 32.2 27.9 17.8 8.8 5.2 3.4 3.5 3.7 2.8 2.6 2.9 3.2 2.8
24.4 22.4 20.1 20.9 20.7 20.2 20.6 21.2 21.7 22.2 22.5 22.7 22.9 23.7 24.2 25.4 26.7 27.9 28.9 29.6 30.3 31.8 32.7 33 32.7 32.5 32.1 31.7 32.8 33.5 34.4 35.6 34.6 37.6 40.9 44.5 46.9 45.3 48.4 53.1 58.4 64.6 71.6 80.9 82.5 80.8 81 77.3 76 76.6 76.7 72.7 66.8 59.5 51.1 47.8 43.6 42.7 40.3 41.5 43.9 49.3 54.8 61.7 71.1 77.8 76.5 71.9 65.4 56.8 48.1 42 35.1 32.3 26.5 10.5 7.9 5.1 3.9 4.1 3.6 3.7 3.8 3.8 3
19.8 19 18.6 19.5 18.7 19 19.5 20.1 20.7 21.1 21.5 21.9 22.2 22.6 23.4 24.7 25.9 27.1 28 28.9 29.9 31.2 32.3 32.7 32.8 32.8 32.6 33 35.3 37.2 39.5 40.6 39.6 41.5 45.6 48.5 51.5 51.3 53.4 57.8 64.3 73.4 83.3 88.1 88 86.7 86.9 84.2 82.9 84.1 83.9 79.9 73.9 69.9 63.6 58.6 55.3 53.4 48.8 49 51.6 56.6 65.3 72.8 79.1 80.3 78.2 73.3 67.1 58.9 50.9 46 41.9 36.7 30.8 14.3 9.5 6.3 4.3 4.5 4.7 4.7 4.8 4.2 0.9
16.7 17 17.6 17 17.3 17.9 18.5 19.1 19.5 20 20.4 20.8 21.3 21.6 22.7 23.9 25.2 26.2 27.1 28.4 29.5 30.6 31.1 32.5 33.1 33.2 33.1 34.7 36.3 39.4 43.2 44.5 43.9 46.4 49.1 52.7 55.1 55.4 57.3 63.7 71.6 80.7 87.9 93.1 93.3 92.1 92.4 90.1 89.2 90.4 90.1 87 82.9 80 75.2 69.9 65.1 62.6 56.4 55.8 59.3 66.8 74.7 78.7 82.4 83.1 80.3 74.7 68 61.4 55.2 48.5 45.1 40.5 27.7 22 11.1 7.5 5.5 4.7 4.6 4.6 4.5 4.3 -0.9
15.9 16.8 16.1 16.3 16.5 16.9 17.5 18 18.4 18.8 19.3 19.7 20.2 20.8 21.6 22.8 24.1 24.4 24.5 26.4 27.8 29.5 30.4 31.6 32.7 33.4 34.8 35.3 38.4 42.5 45.9 47.1 47.4 49.7 52.3 56.3 58.5 59.7 62.1 69.1 77.3 85.8 92.3 96.9 98.4 97.2 97.3 96.5 95.5 96.4 95.7 92.8 92.6 88.9 84.6 79.2 76.1 74 68.8 69.7 74 77 80 82 84.5 85.4 81.8 77.4 71.9 65.6 58.6 51.7 48.3 39.1 31 24.5 12.1 9.7 7.9 6.4 5.3 4.1 3.1 3.3 -0.9
15.7 15.4 15.7 16 16.3 16.1 16.5 16.9 17.3 17.7 18.2 18.8 19.4 20.2 20.8 21.6 22.9 22.7 23.6 24.7 26.2 28.2 29.1 30.6 31.8 33.5 35.9 38.6 41.6 45.4 48.3 49.6 50.4 52.9 56.1 59.6 61.9 63.6 67.5 73.6 81.5 89.9 96.3 99.7 101.3 100.4 101.3 101.7 101.5 101.9 101.4 100.6 101.5 96.9 95 89.1 86.6 88.3 80.3 78.5 81.7 82.2 82.4 84.1 84.7 85.4 83.2 79.6 75.1 67.9 61.4 54.1 49.6 44.6 34.5 24.1 14.3 12.7 11.4 9.6 6.5 4 3.8 4 -0.9
14.1 14.6 15.3 15.6 15.9 16 15.8 15.8 16.2 16.8 17.4 18 18.6 19.6 20.5 20.7 21.3 18 23.2 24.5 25.4 26.2 28.1 30.1 31.8 34.3 38.5 42 44.8 47.7 50.6 52.2 53.3 55.5 59.2 61.9 64.4 67.6 71.2 77.5 85.4 93.4 98.9 102.7 104.2 103.7 104.7 106.8 106.7 106.9 106.7 105.8 107.1 107.3 104.7 97.8 95.9 95.9 88.1 83.5 85.4 84.6 84.7 84.7 85.6 85.7 85.1 83 79.2 70.9 64.4 54 49.8 44.1 36.7 21.4 19.7 21.6 18.6 16.8 7.7 4.3 3.9 3.9 -0.9
13 13.6 13.9 14.3 14.9 15.8 15.7 15.7 15.7 16.2 16.8 17.3 17.8 18.9 16.1 21.6 22 19.8 24.3 26.5 27.8 28.7 30.1 31.2 33.7 36.1 40.4 44 46.2 49.9 52.8 54.6 56.3 58.1 61.6 64.6 67.2 70.6 74.8 81.5 89.7 96.7 101.4 105.6 107.2 108.8 112.2 113.2 111.8 111.9 111.9 110.5 112.7 111.9 107.7 103.2 100.8 96 89.3 85.3 85.6 85.8 85.7 85.4 85.5 86 86.4 86.3 82.1 71.6 63 54.5 50.1 44.5 36.2 28.3 33.1 32.7 26.1 20.4 8.4 5.3 3.7 3.8 -0.9
12.1 12.5 12.9 13.3 14.4 15.5 15.6 15.7 15.7 16.1 16.5 16.9 14.5 16 18.9 20.5 22 22.7 24.8 26.7 28.7 32.8 36.2 35.6 36.6 39.8 41.8 46 48.2 52 54.9 57.3 59.1 60.4 63.5 66.6 69.7 73 77.3 84 93.8 99.1 103.5 106.7 109.7 113.6 117.3 119 117.6 117.3 117.6 115 115.3 113.4 110.2 105.5 100 95.6 90 85.5 85.5 85.5 85.4 85.3 85.4 85.7 86.3 85.9 79.8 70.6 61.7 55.7 50.5 43.5 33.3 38.7 42 38.8 31.3 25.2 10.1 6.3 3.6 3.8 -0.9
11.9 12 12.4 13 14 14.6 15.5 15.7 15.7 16.1 16.6 13.3 17.1 17 17.9 19.5 22.1 23.2 24.6 27 32.1 36.8 40.2 40.6 38.1 41.7 44.8 47 51.1 53.7 55.7 58.4 60.9 62.5 65.4 68.5 71.3 75 79.5 87.1 95.3 100.7 104.8 108.3 113.2 117.7 121.2 124.1 126.7 126.9 125 118.9 116.7 113.6 109.1 103.7 99.2 94.9 89.8 85.5 84.8 85 85 85.2 85.4 85.5 85.5 84.2 78.8 70.2 62.4 55.8 50.2 38.1 40.1 45 46.2 43.2 36.9 28.8 17.8 6.4 4 2 -0.9
11.6 11.7 11.9 12.4 13 13.7 14.3 15.6 15.6 16 16.5 16.1 16.3 16.8 18.2 19.1 22.2 25.1 27.8 32.8 38.7 41.7 44.4 44.9 43.7 42.3 48.2 50.4 51.9 55.7 58.5 60.6 62.5 64.6 67.3 70.1 72.9 76.4 82.1 89 97.1 101.2 105.8 109.4 115.8 121.1 126.5 131.5 134.5 133.2 126.8 119.7 116.5 111.6 106.7 102.3 98.2 93.9 89.1 85.3 83.3 84.3 85.8 85.7 85.6 85 84.3 82.8 78 69.9 62.4 56.1 50.9 38.9 43.9 48.1 49.1 46.7 40.7 29.3 20.8 7.1 4.1 1.5 -0.9
11.8 11.8 11.8 12.2 12.7 13.4 14 14.9 15.5 15.4 16.2 16.2 16.8 17.7 18.7 20.7 24.6 29.3 34.3 42 48.7 49.7 49.8 48.9 47.9 46 50.2 53.2 55.7 57.4 59.7 61.5 63.4 65.7 68.1 71.5 74.4 78.2 84.3 90.7 98 101.9 105.9 111.1 119.5 127.8 131.8 136.3 138 135 129 120.7 114 109.6 105.5 101.2 97.4 93.7 88.5 84.2 83.6 83.2 84.2 84.8 84.2 83.6 82.6 81.1 76.5 69.2 61.8 55.1 49.8 40 47.4 53 53.3 50.8 42.7 29.8 22.2 8.2 4.9 1.1 -0.9
11.7 11.7 11.7 12.1 12.5 13.1 13.7 14.4 15.5 13.9 16.3 16.2 16.3 17.7 18.9 23.1 28.2 34.1 40.2 50.9 54.9 55.4 54.6 52.2 51.5 51 50.1 55 58.1 58 59.3 62 64.3 66.6 69 72.3 76 80.5 85.8 92.4 98.9 103.1 106.9 114.5 127.8 134.7 136.8 138.3 139 135.7 132 120.3 112.5 108 104.4 100.4 96.5 92.4 88.2 83.8 83.7 83.4 83 83.6 83 82.1 80.7 79.3 74.9 67.2 59.3 53.4 43.8 46.3 54.5 59.7 58.5 54.5 46.5 33 22.8 8.1 5.2 -0.9 -0.9
11.9 11.6 11.6 12 12.5 12.9 13.5 14.1 12.1 15.6 15.6 15.9 16.4 17.4 21.4 27.7 33.7 39.3 50.6 56.5 59.3 59.9 58.6 56.6 55.2 55.8 54.7 55.9 60 61.8 63.3 64.4 66.3 65.5 69.2 73.7 77.8 82.3 88.2 94.4 98.8 103.3 107.9 121.3 131.5 137.1 138.3 138.7 138.6 136.8 132.3 120 111 107.4 103.8 99.6 95.4 91.2 87.1 83.5 82.5 82.3 82.2 82.2 81.4 80.4 78.7 76.5 72.2 64.2 57.3 48.5 50.9 54.6 61 63.9 61.9 56.7 47.4 36.5 24.5 8.2 5 -0.9 -0.9
12.5 12 11.6 11.9 12.3 12.7 12.9 10.1 13.7 14.4 14.9 16.1 16.3 19.5 25 31 38.8 48.9 55.6 60.6 63.7 63.6 61.5 59.2 58.7 58.7 58.6 57.2 61.2 63.7 65.3 65.8 67.3 68.9 71.6 75 80.5 84.5 90 95.2 99.9 104.3 110.8 121.4 133.1 137.5 139.1 139.2 138 135.8 129.1 117.6 111.9 106.9 102.5 98.3 94.2 90.5 86.6 83.6 81.7 81.4 81.2 80.8 80.1 78.5 76.7 73.8 68.7 60.6 54.7 49.7 55.5 59.4 63.6 66.6 63.5 57.7 48 35.4 25 9.2 4.8 -0.9 -0.9
13.3 13.1 12.4 11.7 11.9 12.3 11.2 14.1 14.3 14 14.1 15.5 17.4 21.4 28.1 36.2 46.6 52.9 59.6 64.6 67 66.9 65 63.9 62.7 62.7 62.4 60.7 61.2 65.3 66.6 67.2 68.5 71.1 74 78.3 77.5 85.7 91.5 96.3 100.7 104.9 112.8 123.9 134.1 137.6 137.9 138.5 136.9 133.6 125.7 117.5 111.1 105.6 101.1 96.8 92.5 88.8 85.3 82.7 81.3 80.2 79.8 79.4 78.7 77 74.8 70.5 64.9 57.2 52.8 50.8 61 63.1 65 66.7 63.2 58.1 48.4 35.8 25.4 8.7 5.2 -0.9 -0.9
11.5 13.8 13.2 11.9 11.9 12.1 13.3 13.6 13.9 14.1 13.9 14.4 18.4 23.4 33 42.4 51.3 56.9 63.3 67.9 70.3 69.8 69.2 68.4 67.2 66.6 65.4 63.5 63.9 66.7 67.7 68.7 69.8 72.9 76.7 81.6 85.9 90.5 92.7 96.9 101.4 105.4 114.3 123.9 133.8 136.8 136.4 136.9 135.3 130.4 123.3 116.9 110 103.5 98.7 94.2 90.2 87.1 84 81.3 80 79.6 79 78.3 77.2 75.5 72.9 68.1 61.4 53.8 55.1 59.9 64.6 66.9 67.1 66.4 63.8 58 47.6 35.7 24.5 7.9 5.1 -0.9 -0.9
10.5 11.1 13.6 12.6 9.9 12.4 12.8 13.1 13.4 13.7 15.1 15.5 18.9 26.7 36.4 46.8 54.7 60.7 66.3 71.1 72.8 72.9 72.3 72 71.2 69.9 68 66 64.4 68.1 69.2 70.1 71.8 75.5 83 89.4 92.4 94.2 96.5 98.5 101.6 106.7 113.6 122.6 131.6 135.1 135.9 135.2 133.6 128.1 121.5 114.7 107.9 101.8 96.6 91.9 87.9 84.9 81.7 80.2 78.9 78.2 77.8 77.2 76 73.9 71.2 65.7 58.2 54.8 61.6 65.4 68.2 68.5 67.9 66.1 63.5 57.7 45.6 35.1 24.2 7.5 3.1 -0.9 -0.9
