data/200000-880000.asc
ncols 200
nrows 200
xllcorner 200000
yllcorner 880000
cellsize 50
[rows 105 to 139 of 200, columns 79 to 157 of 200]
515.7 551.3 589.7 630.9 689.7 724.4 717.1 716.8 723.2 732.5 742 756.8 769.6 773.2 763.7 758 756.7 753.1 742.4 725.3 686.7 657.2 636 625.9 621.2 619.3 619.4 623.2 629.8 635.5 638.1 639.5 641.8 646.6 652.6 656.4 660.3 664.2 664.9 661 660.2 663.1 665.6 672.1 681.5 691.2 700.7 709.5 721.9 738 753.7 770.9 788.7 804.3 820.5 838.6 857.8 876.7 895 912.9 927 923.3 884.1 806.8 724.1 665.8 619.5 602.1 590.7 582.7 578.5 579.3 576.5 574.8 575.2 576.4 577.3 574.7 569
492.2 524.2 566.4 618.8 652.1 677.1 691.9 714.4 741 750.6 762.8 775.5 784.8 785.1 772.9 770.6 772.4 763.2 750.3 719.2 685.5 656 638.8 630.2 623.9 619.5 622.8 629.7 637.9 645.6 647.8 652.7 654.3 659.4 663.3 664.9 666.8 668.3 666.1 670.3 668.7 668.9 669.7 674.6 683.1 693.5 700.5 706.3 720.7 743.9 766 784.9 803.4 821 837.2 854.9 874.6 895.1 914.9 934 952.9 936.2 872.3 809.6 729.4 672.8 628 609.7 595.6 586.3 581.4 577.4 574.5 572.9 572.4 572.1 571.3 568.2 565.6
473.2 502.1 534.3 577.7 625.1 638.9 662.3 703.3 745.8 762.4 776.6 781 783.8 777.9 774.7 779.8 772.9 761.7 750.8 717.7 687 660.7 643.2 633.4 627.1 625.4 631.3 641.7 654.9 665.5 667.1 668.9 669.5 674.4 676.9 676.3 675.8 673.3 675.6 676.2 673.1 673.4 674.9 681.4 689.3 698 702.8 706.5 720.1 750.7 780.4 804 821.3 839.1 856.6 875 894.5 915.1 936.4 956.7 977.2 940.3 872.1 810.7 728.3 677.8 643.8 625.8 609 596.3 587.1 582.3 579.2 576.5 574.8 571.8 569.9 567.5 565
452.8 481 508.8 543.4 589.4 607 655.2 707.3 742.6 765 773 776.5 778.8 771.6 770.4 767.1 763.5 759.9 752.6 725.7 697.8 671.2 651.1 641.4 637.2 640.2 649.9 655.8 671.8 680.9 687.5 689.8 690.8 691.5 691.7 691.4 689.9 689.7 690.6 691.3 687.6 686.5 692.4 694.5 698.8 704.7 709.7 715.1 731.6 763.5 798.3 830.1 846.8 862.4 878.8 898.1 919.1 938.3 958.5 983.3 999.7 942 873.5 801.7 732.4 693.3 664.6 644.3 625.7 609.7 595.6 590.6 586.6 586.1 581.6 577 571.4 569.1 566.6
446 461.4 483.2 511.9 543.5 581.4 655.1 681.3 723.2 742.6 758.3 761.9 764 761.2 760 759.3 761.5 764.9 764.9 746.3 716 690.1 669.2 655 648.8 655.1 670.6 678.8 682.6 691.7 700.2 707.5 712.9 716.9 715.2 712.7 710.3 708.1 709.2 710.8 709.6 711.3 711.2 712.6 713.8 716.4 719.4 725.2 741.4 772.6 810.1 847.7 872.9 887.3 904.2 922.1 941.6 961.5 983 1007.8 1013.2 953.1 865.3 796.8 749.6 712.6 687.3 663.8 643.6 623.7 608.5 604.9 605.4 602 594.4 587.2 582.4 581.5 580
438.2 450.2 469.9 493.1 517 563.4 625 656.8 693.1 725.4 738.1 745.2 746.6 749 752.5 757.9 766.5 773 774.5 770.5 741.5 716.2 696.8 682.8 673.4 680.1 688.3 690.3 693.1 701.9 709.8 720.9 730.1 736 739.4 738.9 736.1 733.8 728.4 726.1 726.8 726.9 726.7 726.2 725.1 725.7 728.9 727.4 738.2 770.5 817.1 856.1 894.1 910.5 930.1 948.8 967.9 987.5 1008.8 1028.8 1001.3 941.3 869.2 807.6 770.1 733.7 710.3 687.9 665.4 647.7 631.9 625.4 626.4 622.4 617.1 614.9 616.1 615.5 607.8
433.2 442.4 458.9 473.6 494.4 529.6 595 643.3 671.6 694.1 713.4 725.6 733.6 740.3 749.4 759.6 771.3 776.6 785.6 798 766.6 745.9 739.2 722.5 707.5 705.2 705.4 700.4 703.4 709 721 732.7 742.6 749 754.1 758.5 757 754.9 750.4 743.1 741.2 739.7 736.2 735.7 733.3 730.8 730.8 727.6 739.6 773.9 820.8 859.8 896 927.2 954.2 971.6 992.5 1014.4 1033.1 1032.8 977.5 934.9 882 838.6 798.9 770.8 738.5 715.9 693.4 678.8 661.1 654.9 649.2 644.6 649.3 658.3 663.6 660.7 649.9
432.2 435.9 446 454.5 474.7 501 564.5 603 638.7 672.8 702.1 713.7 722.9 734.9 748.5 760.6 769.5 778 794.6 807.1 792.8 785.5 780.6 767.4 743.7 731.4 724.8 713.2 718.8 723.9 732 744.2 756 764.4 769.2 771.8 771.4 770.4 768.6 762.8 756.3 751.3 743.8 740.7 738.2 737 735 730.3 746.6 779.3 820.4 862.4 901.3 935.1 968.4 989.4 1013.9 1034.3 1052.1 1046 992.6 962.3 925.1 876.1 847.2 817.5 789.6 757.3 745 712.9 690.8 685.3 678.4 683.5 701.8 711 720.5 733.5 726.5
430.3 431.3 440.5 446.5 460.5 489.6 527.4 586.9 641.2 671.1 686.5 694 713.4 732.1 747.6 759 768 779.5 793.9 807.7 808.4 814.5 823.8 811.3 785.8 769.4 764 739 741.8 743.5 743 755.1 768 775.8 781.1 783.3 783.5 782.3 780.6 777.2 773.5 765.3 755.2 745.9 745.2 744.6 738.8 733.8 752.3 788.5 826.8 865.1 901 936.1 967.3 995.5 1025.9 1038.7 1041 1035.8 1016 999 966.1 931.2 922.5 900.8 855.1 820.1 789.9 759.4 731.2 725.3 724.9 743.5 767.7 775.4 784.9 786.3 785.6
431.5 429.6 431.4 442.8 454.9 479.4 501 563.5 611.5 648.8 656.6 673.2 701.5 725.5 744.1 757.8 766.5 780.2 795.8 808 813.9 823.1 834.9 845 832.2 805.6 801.9 788 778.3 769.1 761.4 767.7 779.5 788.6 792 793.6 792.5 792.6 790.2 787.8 785.8 779.6 766.1 752 748.2 746.2 740.5 735.7 755 790.5 833 871 907.1 940.2 968.4 996.4 1005.5 1004.3 1007 1013.1 1014.9 1010.9 985.9 976.1 971.7 946.5 914.6 869.9 830.2 796.9 778.9 784.2 788.4 804.7 814 821.4 830.5 831.8 820.7
428.9 429 431.2 439.8 448.8 462.4 484.5 516.9 577.5 617.7 621 655.6 690.9 715.6 738 750.2 761 780.6 794.7 806.8 818.3 831.3 843.4 850 850.8 849.4 839.6 828.5 816 794.1 781.9 781.1 790.4 801.1 804.2 804.4 805.3 801.8 800.1 796.5 793.7 789.6 772.9 756.8 749.5 746.2 740 737.5 758.1 791.7 836.7 879.5 913.2 939.3 962.1 968 969.1 967.6 970.2 974.7 976.1 983.8 988.3 988 984.8 966.7 943.1 916.6 877.7 841.2 843.2 854.9 852.8 854.2 856 863.4 871.2 869.5 848.9
428.2 427.8 430.9 435.3 440.2 446.7 468.8 492.7 548.6 578.2 607.7 646.9 677.3 704 723.1 732 750 770 790.8 805.5 820.3 834.8 846.2 853.1 856.8 862.5 873.4 870.1 845.9 822 805.7 798.5 803.2 812.9 817.8 822.7 823.5 822 818.8 811.2 804 798.4 781.6 764 752.7 745.3 738.7 741.9 765.3 801.8 842.9 885 917.6 938.7 943.7 932.5 936.6 930.7 928.6 934.2 938.7 950.8 965.2 974 969.7 964.2 956 942.3 913 904.2 915.5 903.7 900.4 902.9 896.5 902.1 907.8 900.5 878.1
428.7 425.8 427.9 431 433.2 438 448.5 473.4 511.2 547.3 582.1 624.1 654.4 684.9 696.6 710.1 734.9 758.7 780.4 802 819.5 834.2 845.1 852.6 855.9 862.4 874.8 891 872.7 846.9 828.3 817.5 819.5 829.1 836.7 842.7 845.6 844 841 834.5 825.2 812.2 795.3 774.7 760.5 746.1 745.4 754.3 780.1 816.4 855.2 891.1 917.2 921.5 910.2 896.9 893.5 884.6 886.6 895.4 903 916.9 938 952.3 950.9 944.9 936.8 931 932.6 944.6 944.1 938.3 936 938.6 933 936.7 945.5 929.5 909.4
426.8 422.3 427.2 422 425.2 426.3 434.9 450.3 473.2 504 544.5 583.1 635.1 665.7 664.5 687.7 716.8 737.1 767.4 793 810.7 825.2 835.5 839.9 848.9 860.1 874.6 890.6 895.3 872.1 850 840.7 843.1 852 861.1 867.7 870.8 870.8 865.8 858 846.9 832.5 812.2 791.5 772.5 761.1 759 770.6 796.1 827.7 861.9 894.7 920.8 890.2 864 853.2 846.2 846 850 858.1 869.7 886.8 908.1 932.2 928.7 917.6 908.9 904.1 906.8 914.5 920.8 926.6 929.3 933.5 936.5 938.5 943 937.9 922.6
416.2 414.2 421.2 419.8 412.6 416.5 426.8 440.9 453.9 473.3 502.5 548 598 633.6 636.6 677.5 677.7 718.8 753.6 776.9 793.9 806.7 814.7 825.7 839.4 855.2 874.7 897.2 919 900.5 878.2 869.8 872.4 880.3 889.9 896.8 901.3 900.6 896.9 888.5 875.9 859 834.4 812.6 793 780.8 777.8 788.7 813.3 845.4 878.6 907.9 899.8 859.6 818.3 789.3 784.7 802.2 811.7 822.1 838.5 859.4 877.4 907.6 900.4 887.4 877.2 872.3 874 879.2 887.9 891.8 895.1 900.5 902.9 904.9 906.2 903.8 896.9
398.1 401 410.2 422.2 414.9 408.6 416.9 431.1 438.6 453.9 479.2 517.1 565.5 590.2 621.7 625.1 672.8 700.2 727.6 752 768.2 780.6 792.1 807.5 827.5 851.1 876.5 901.5 925.6 932.4 912.7 904.7 906.1 911.4 918.9 928.8 934.5 936.6 932.4 923.4 907.2 884.6 859.3 837.6 817.8 806.2 803.9 810.3 833.5 866.7 896.5 918.4 872.8 828.3 789.8 757 745.6 755.1 775.3 789.5 811.9 823.9 852.9 874.2 868.2 855.5 845.7 839.8 839 843.7 851.1 856.1 860.4 865.4 867.6 869.4 871 868.8 862.8
384 388.8 396.5 412.3 417.7 399.3 409.4 418.5 428.9 438.3 458.8 489.3 523.6 553.4 577.7 604.8 648.7 670.9 701.7 725 742.6 755.5 768 793.6 819.2 847.4 876.6 904.1 929.3 950.3 944.9 944 943.4 946.2 953.1 965.1 974.6 976.9 971.5 961.3 935.2 912.3 889.1 867 852.3 837.1 833.1 842.5 862 892.8 914.7 911.2 854.6 811.6 776 742 721.1 725.4 738.8 751.8 774.5 794.4 811 837.4 831.9 822 811.7 805.7 804.7 807.6 812.3 818 824.6 829.5 831.6 834.1 835.3 834.3 828.8
373.7 375.3 375.2 392 411 399.4 402.4 408.4 414.3 428 436.7 463.4 486.2 516.1 547.8 588.2 617.1 648.5 677.1 700.1 715.7 728.9 757.9 786.1 815.7 844.6 875.4 905.2 930.7 952.3 973.2 983.3 982.2 981.6 991.4 982 974.7 967.8 958.4 949.4 956.9 945.5 918.2 898.4 881.7 863.7 864.1 877.6 901.5 923.5 939.3 939.9 892.3 797.6 760.3 727.2 700.5 697.2 700.4 711.3 730.5 758.2 770.8 793.7 791.7 780.3 773.9 770.3 770 771.3 775.4 781 787.5 792.8 796.1 797.5 799.2 799.1 795.1
351.1 355.4 357.6 381.7 396.4 394.4 386.4 399.3 404.9 416.2 429.6 446 466.3 490.4 523.9 560.2 589.6 625 653.4 665.9 691.2 722 750.7 781.5 812.5 843.2 873.6 903 930.2 956.2 985.2 1010.6 1006.1 982.2 963.6 948.7 938.6 930.6 923.7 918.6 931.8 940.1 940.7 927.8 907.3 905 907.5 914.6 934 952.9 971.1 942.5 875.6 789.3 739.8 709.5 680.7 663.6 663.3 667.4 683.1 698 726.9 742.8 746.1 741.5 737.5 737.8 737.2 737.7 741.2 745.1 751.2 756.3 759.4 761 761.9 762.7 760.7
332.4 336.4 344.2 356.7 370.5 387.9 381.8 380.1 390.7 411.3 423 435.6 449.4 469.5 508.9 538.4 572.6 601.1 623.5 658.1 688.5 717.3 746.5 777.1 807.5 837.5 868.1 899 925.7 955.8 988.9 1000.6 975.2 950.7 930.3 913.7 902.1 893.7 888 883.8 894.3 904.6 913.2 913.7 922.9 941.4 952.8 963.5 973.2 986 974.7 922.7 856.7 774 710.1 688.6 664.3 640.7 631.3 634.8 642.1 656 672.8 693 703.6 701.8 701.1 703.2 705.4 704.4 706.9 710.4 715.3 720.9 722.3 724.2 725 725.3 722.5
321.9 327.9 326.8 336 357.5 372.8 377.7 369.3 382 405.3 411.4 420.1 431.3 457 486 513.4 548.1 577.7 615.8 649.8 677.7 711.5 740.8 771.4 801.6 827.8 856.7 890.2 915.8 948.2 982.8 972 945.9 919.6 896.3 878.8 867.2 858.1 852 849 858.1 868.7 880.6 892.5 914.1 946.3 974.9 1000.5 1015.8 1028.2 993.8 904 844.2 757 694.8 667 643.2 623.3 605.8 604.1 612.9 622.3 635.2 651.1 663.6 666 669.5 671.4 672.2 671.4 671 672.6 674.8 680.2 681.8 683.2 683.3 686.8 683
300.2 312.9 318.4 325.3 352.9 365.4 377.5 363.5 372.9 399.5 404.5 407.2 415.2 429 453.2 491.4 533.9 562.6 600.6 622.4 664.3 701 729.8 757.9 785.1 812.5 845.1 877.3 904 938.2 971.7 945.7 915.6 888.5 865.5 846.6 833.6 823.3 816.4 814.2 822.6 834.8 849.8 870.7 896.5 928.9 962.9 996.6 1036.1 1041.8 982.7 903.2 826.3 742.2 701.4 668.7 636 608 591.8 583.3 583.2 591.9 602.9 615.7 628.8 635.4 639.2 641.5 640.2 640.6 638.4 637.4 636.9 639.8 642.8 641.9 644 644.4 638.6
280.7 284.3 297.9 314 334.2 354.4 362.2 354.5 357.2 380.4 392.7 396.4 399.2 406.7 421.5 470.8 504.5 542.1 569.3 599.7 647.5 685.4 714.1 738.5 764 793 821.7 852.6 885.4 923.6 952.5 921.6 889 859.8 836.9 816.5 801.6 790.2 783.2 781.7 788 800.5 821.3 846.4 875.5 908.8 944.7 978.9 1012.9 1035.8 972.3 902.1 805.7 751.7 698.3 664.8 631.4 604.7 582.2 566.5 560.5 560.8 574.3 587 596.3 605.9 611.4 611.8 611 612.5 610.7 607.8 603 603.2 608.2 606.5 606.9 601.2 592.1
267.6 266.5 291.7 306.9 325 332.1 343.7 344.3 338.3 369.6 389.1 391 392.3 397.7 406.8 427.7 468.7 501 528.7 579.9 624.1 664.4 696.1 718.2 743.1 770.6 800.6 831.7 868.5 911.5 930 898 863.8 833.6 809.1 789.3 771.7 759.6 753.7 752.3 758 769.9 791.5 819.9 855 892.2 928.6 957.7 987.1 1016.8 951.9 884.9 824.7 764.7 684.6 652.3 625.2 597 570.3 555.9 548 542.6 546.8 556.1 567.7 579.6 587.8 591.1 588.9 587.5 587.9 584 580.6 578.4 579.7 578.9 576.3 574.3 569.5
247.2 256.5 284 295.6 317.6 323.8 327.3 329.9 325.9 353.9 378.1 382.5 387.2 389.4 390.2 403.1 430.9 466 505.9 555.6 599.9 640.5 673.8 695 722.3 751.7 783.3 819.2 859.8 902.9 900 867.6 835.6 807.8 784.8 763.6 745.4 732.1 726.3 725.6 735.2 749.6 768.2 797.7 833.6 867.2 901.4 937.9 976.4 1013.7 939.6 890.8 845.9 781.2 703.1 654.6 617 586.4 562.1 544 532.7 529.3 529.2 534.6 543.8 552.8 559.5 563.5 567.4 568.8 566.5 568.4 567.9 563.3 563.1 563.1 561.1 556.8 557.1
232.8 247.7 271.6 295.2 311.6 317.9 319.2 323.5 307.6 341.8 367.9 378.6 381.3 383.5 384.6 397.1 418.4 446.4 482.3 537.3 588.7 628.4 648.4 671.9 706.8 735.4 766.2 805.2 837.6 879.8 868.4 836.8 807.8 783.1 760.3 740.1 720.8 704.4 696.8 697.5 709.6 730.2 745.7 773.7 810.5 845.6 884 925.1 967 1002.3 980.6 910.8 859.2 791.1 737.2 671.9 628.3 584 553 533.5 524.8 520.6 518 519.5 525.8 533.8 538.7 541.1 542.5 548 550.4 553.4 554.6 551.1 547.3 548.7 550.7 548.7 547.5
214.9 232.9 270.4 282.8 297.1 307.1 315.2 314.3 297.6 324.1 348.9 368 375.3 378.3 381.9 391.3 405.6 442.9 464.5 510.9 562.6 605 614.7 653.9 684.9 713.8 743.7 781.2 814.8 846.1 838.1 810.6 782 757.2 735.8 714.8 696.8 679.6 670.1 670.8 683.5 700.5 720.5 750.3 791.4 831.6 875.4 911.2 955.5 996.3 1039 958.3 872.4 799.7 754 684.7 643.9 590.1 549.4 527.3 520.3 511.3 511.3 511.3 511.3 515.8 521.2 526.7 530.9 534.5 536.1 540.1 542.2 540.8 539 537.5 538.8 538.5 533.3
198 213 238.3 262 273 287.5 296.5 296.9 279.7 298.4 332.8 353.2 371.6 377.6 381.7 383.8 390.1 422.4 452.5 481.7 524.9 551.4 588.8 633.8 659.9 687 721.1 755.7 791.5 821 809.4 781.9 757.6 733.3 710.4 688.8 669.3 653.8 645.6 648.4 658.9 674.7 704.6 741.1 775 821.2 864 907.1 950.7 983.5 1013.2 959.6 916.3 861.6 763.5 699.7 667.1 612.3 565.9 541.3 521.3 511.3 511.3 511.3 511.3 511.3 511.3 519.7 523.1 524.7 528 528.6 530.7 529.7 532.3 534 532.3 529.1 527.4
181.2 193.3 211.5 234.6 252.2 263.6 271.5 263.5 266.6 289.1 319.3 344.8 358.6 365.6 375.5 379.3 382.8 398.6 430.9 461.3 503.4 526.9 564.4 607.9 627.6 662.7 696 731.2 763.8 785.8 778.4 752.2 728.5 704.6 680.6 659.8 641.8 629.9 623.6 628.5 642.1 658.1 687.1 726.5 762.8 811.5 859 890.2 926.8 970 1009.2 1015.2 964.8 909 811.7 719.9 680.2 633.3 596.6 567.6 534.5 511.3 511.3 511.3 511.3 511.3 511.3 511.3 511.3 516.8 519 516.1 517.2 521.3 524.3 529.6 527.8 524.1 522.5
165.8 176.5 189.8 206.5 226.8 244.6 250.5 233.9 261.3 271 302.6 332.4 340.4 341.7 351.2 367.5 375.5 386.6 402.7 434.1 458.1 499 529.8 569.4 606.5 635.4 659.5 695.2 725.7 741.9 743.6 719.6 697.8 673.8 651.3 632.8 617.1 607.8 601.6 611.3 623.6 642.3 676.2 714 751.4 796.2 836.7 876.6 921.3 961.9 1003.7 1021.5 962.7 887.3 819.4 751.8 697.1 663.3 627.8 595.8 556.8 511.3 511.3 511.3 511.3 511.3 511.3 511.3 511.3 511.3 511.3 511.3 511.3 513.2 517 521.3 520.7 523.4 523.7
148.9 160.9 171 188 201.6 216.7 223.8 221.2 244.3 248.7 284 308.4 319 329.7 331.6 339.9 363.8 381.1 392.5 413.7 431.1 459.3 510.6 543.7 586.2 604.2 626.9 653.3 686.4 711.5 707.3 685.4 664.8 642.6 621.4 607.3 596.1 586.9 583.2 593.8 607 627.2 666.3 704.3 746.3 792.1 827.2 862.7 907 943.5 976 1003.7 944.2 872 822.7 766.2 722.9 715.6 671.5 627.1 578.4 511.3 511.3 511.3 511.3 511.3 511.3 511.3 511.3 511.3 511.3 511.3 511.3 511.3 513.2 521.5 524.4 527.2 527.7
130.7 140.8 154.7 167.8 181.7 191.3 197.4 199.9 215.2 226.1 253.3 274.5 286.4 295.5 303.6 320.3 345.7 355.7 378 392.7 405.2 441.4 490.5 523.8 556.5 580 597.7 617.7 639.3 663.2 659.3 648.3 630.6 612.5 594.6 584.5 571.8 567.7 562.1 575.3 579.8 612.5 649.6 692.3 732.7 768.5 797.8 835.8 879.3 911 946 977.8 922.9 861.6 818.6 804.8 808.5 809.1 720 656.9 596 543.3 517.7 511.3 511.3 511.3 511.3 511.3 511.3 511.3 511.3 511.3 511.3 511.3 516.7 524.1 526.6 527.8 526.3
119.4 128.2 138.1 150.6 162.6 171.4 168.2 181.1 197.1 208.9 222.6 246.5 261.7 277 288.7 295.6 319.7 339.1 367.6 374.4 381.9 400 437.8 482.7 520.7 541.7 567.9 583 601.7 613.7 616.7 604.3 590.8 580.1 564.4 553.6 546.2 546.2 546.7 552.2 561 596.2 629.9 667.2 705.3 740.9 790.4 823.1 846.4 886.8 922 941.3 922.2 895.8 890.3 889.2 858.3 790 712.3 656.8 594 554.2 537.3 528 522.8 517.9 512.8 511.3 511.3 511.3 511.3 511.3 511.3 517.3 519.3 521.5 524.6 527.7 523.5
105.4 112.7 124.3 133 142 149.3 152.5 165.3 176.6 184.2 191 222.4 236 255.5 265.1 271.7 290.1 330.5 349.5 360.3 361.5 370.5 398.4 434.5 486.1 500.3 521.3 543 560.2 581 581.6 571.1 558.7 544.4 534.5 529.2 526 522.8 520.4 521.1 546.1 582.4 608.4 638.2 675.6 721.1 755.6 779.9 818.3 843.7 879.1 910.9 916.7 933.5 935.3 895.7 842.5 759.4 701.3 645 598.2 569.5 551.8 541.5 535.5 529.6 524.5 521.9 516.8 511.3 511.3 511.3 512.1 517.6 516.4 519.5 521.7 522.5 515.2
93 100.3 110.9 119.8 125.3 128.3 133.8 146.5 161 166.6 167.7 184.5 203.1 218.9 232.3 243.2 271.6 302.7 324.9 334.1 337.4 342.6 359.7 395.4 428.9 459.6 480.7 496.6 517.3 530 534.1 532.7 525.1 512.9 505.1 499.5 494.2 492.4 487.5 492 528.6 559.2 584.1 609.6 642.4 684.3 725.1 754.3 782.2 817.9 847.9 877.3 881.9 894.4 895 862.3 799.3 739.1 678.8 647.8 614.7 590.4 562.4 557.9 549.8 543.3 536.2 530.7 524.7 519.2 514.1 511.3 511.3 513.9 512.9 515.6 516.1 513.6 508
