data/200000-680000.asc
ncols 200
nrows 200
xllcorner 200000
yllcorner 680000
cellsize 50
[rows 105 to 139 of 200, columns 0 to 78 of 200]
62.5 72.4 80.8 94 104.1 112.8 119.5 139 155 166.1 175.5 183.8 191.5 195.3 199.5 201.9 189.9 188.3 189.1 190.5 192.5 196.9 198 205 214.5 221.4 228 234.8 242.9 248.6 251.3 254.5 258.6 260.6 265.5 269.4 276.6 281.9 286 290.4 291 293.6 293.2 291 277.8 269.6 267.6 266.5 265.6 261 251.4 250.5 245.7 236.7 224.8 213.7 203 195.9 191.4 192.3 191.5 194.7 200.7 207.6 215.6 224.6 241.5 252.4 261.2 270.5 277.2 284.6 291.6 297.7 299.7 301 301.8 300.5 312.1
64.6 76 87.4 98.4 106.1 114.3 126.4 144.7 155.1 165 174.3 179.1 185.3 191.2 196.2 195.3 188.5 188.3 190.8 195.5 198.2 199.2 199.2 204.5 214.5 223.1 228.5 239.7 250 256.5 260.3 259.6 260.8 263.7 266 268.2 272 277.7 283.2 290.4 292.5 297.8 296.5 286.8 276.3 269.1 268.5 268.4 262 260.2 259.8 253.6 245 236.8 228 215.1 204.7 197.3 192.4 190.1 190.7 195.1 200.7 206.7 215 225.1 241.6 251.3 261.3 272 280.1 288.2 297.4 301.7 303.8 306 306.1 303.6 313.3
66.1 79.5 89 100.6 106.5 118 134.2 146.4 156.5 166.3 174.4 178.7 181.7 185.9 188.7 189.3 189.1 189.4 193.9 200.3 202.8 203.1 205.4 210 212.2 219.9 229.1 240.9 251.3 259.4 265.7 268.7 268 267.5 269.2 269.1 271.4 276.6 281.5 286.9 290.1 293.1 290.5 283.9 275.1 270.2 271 270.7 264.5 260.3 260.9 257.2 247 237 228.9 215.1 205.1 196.8 191.8 189.5 190.9 195.3 201.3 207.7 217 228 240.4 252.5 263.3 272.9 282.1 291 299.4 305.6 306.4 308.8 309.4 307.5 312.5
70.9 81.8 90.4 100.9 109.9 124.3 139.6 150.7 159.8 170.5 178.2 184.5 186.6 185.2 186.9 188.9 190.7 193.6 198.8 203.8 208.1 210.6 213.4 215.1 219.2 225.1 230.7 242.6 251.2 260.4 270 272.5 269.3 269.4 270.8 269 270.2 274.7 279.4 283.3 286.7 288.2 284.5 279.2 276.4 272.1 269.2 271.4 264.4 265.8 264.2 259.6 250.5 240.6 226.9 214.2 203.2 196.2 190.8 189.5 191.7 195.6 200.7 210.5 220.5 231.9 242.9 254 264.5 273.8 283 294.1 302.4 307.3 309.6 309.6 310 305.4 311.6
74.5 83.2 90.9 101.2 115.1 129.1 143.2 153.9 163.7 173.6 182.9 191 189.3 188.2 187.5 191 195.1 198.5 204.8 212.1 214.6 217.3 220.3 220.3 227.7 231.9 237.7 243.8 249.8 263.6 274.6 276.6 269.6 271.7 272.7 269.6 270.6 271.1 275.2 278.4 280.3 281.2 279.4 275.4 274 272.1 270.3 267.7 265.8 270.7 266.9 262.5 253.2 238.1 223.7 211.9 203.6 195.9 190.6 190.3 193 197 201.3 210.2 221.7 231.2 241 251.9 263.8 273.1 283.2 297.9 308.3 310.8 310.3 309.1 308.8 308.9 310
77.8 85.7 93.3 104.1 123.6 133.5 145.5 156.5 165.1 174.4 190.3 191.2 189.3 189.4 194 197.8 202.4 209.5 210.9 219 221.2 221.8 223.1 226.8 231.9 236.7 246.4 249.6 254.4 261 272.7 277.3 271.6 274.2 273.9 269.6 270.1 269.5 271.1 272 273.8 275.2 272.5 270.8 271 271 268.8 266.7 268.7 271 267.9 264.3 255 237.7 222.1 212.4 204.3 197.3 190.5 190.4 195 199.8 206.6 214.7 224.9 234.1 243 252.7 262.6 274.9 282.6 294 311.1 315 314 309.8 308.6 308.7 310.6
77.9 86.9 95.6 111.3 129 138.1 146.9 157.2 164.6 173 191.7 179.9 183.3 194.6 203.3 206.5 212 220.8 221.9 226 225.5 225.7 227.2 231.4 236.3 243 251.9 257.3 261.4 259.3 268.7 271.4 271.6 273.1 270.5 269.2 267.3 266.8 266.8 268.2 269 269.2 269.2 271 272.3 274.2 268.7 268.7 271 271.1 268.7 264.3 255.3 234.4 220.4 212.3 204.5 196.1 191.1 191 197.8 202.5 209.2 215.8 225.8 235.1 244.1 255.3 264.4 276.2 286.2 293.9 304.4 312.1 313.6 309.5 310.8 309 310.4
77.7 87.9 99.7 114.1 130 140 147.8 156.7 164.7 173.1 179.6 178.9 189.8 200.7 208.5 215 222.5 230.9 230 230.3 229.6 228.7 232.1 236.7 240.9 246 253.3 261.7 261.6 261.3 270.1 274.4 273.6 271.3 271.5 269.6 264.5 261.9 262.4 263.9 265.6 267.7 269.1 270.1 270.7 270.9 270.4 270 271.5 271.5 267.9 263 250.5 231.9 220.9 210.8 205.9 194.7 191 189.9 195.6 203.2 209.9 216.5 226 235 243.7 255.9 266.7 276.8 286.8 296.4 303.8 308.4 310.7 310.6 311.1 310.8 309
80.6 91 103.5 116.6 128.3 140.1 147.8 153.8 161.6 170.5 179 185.8 196.8 206.8 214.1 221.9 229.4 234 235.2 237.1 236.8 235.4 239.4 245.1 247.8 251.4 260.9 259.1 260.5 263 269.3 274 274 271.4 272.4 271.1 260.8 259.5 260.3 262.1 262.1 266.1 269 269.3 270.4 271.3 276.9 278.3 277.5 274.7 270.3 264.2 249.6 230.9 218.8 209.1 202.5 194.9 189.9 189.5 197.3 203.9 210.5 217.1 226 234.7 243.8 256.5 269.7 277.7 286.1 297.8 305.8 305.7 307.8 309.6 311.1 314.8 314.4
83.7 96.3 112.3 122.8 128 134.9 146.1 149.8 160.1 168.7 181.5 191.5 201 212.8 220.5 229 235.1 239.3 240.1 240.9 241.2 242.1 248.3 253.4 255.3 258.1 265.7 261.4 260.8 263.8 269.4 274.2 270.8 271.3 271.3 266.9 258.2 257 258.7 260.8 259.6 263.7 269.8 270 270.9 271.3 279.2 280.8 279.6 275.2 271.3 260.6 249.6 231 217.8 206.2 197.9 191.5 185.7 190.7 197.8 204.1 209.9 216.5 224 233.9 243.1 253.9 268.8 278.2 290.3 297.1 301 302.4 305.1 307.8 311.6 318.4 321.4
86.8 102.5 115.1 124.2 129.8 136.3 143.6 151.6 161.1 174.7 184.4 194 204.4 215.4 225.1 233.4 239.9 240.9 241.6 243.9 245.1 247.1 253.8 261.1 263.6 263.1 262.4 263.1 259.1 262.5 269.4 273.1 269.2 272.7 273 264.5 254.1 251.8 255.9 258.1 259.3 264.1 270.3 271.8 269.3 275.8 280.8 281.6 280 274.7 269.8 258.3 245.5 230.8 215.5 204.8 196 191.2 184.8 190.9 196.4 202.2 208.8 215.6 222.3 231.1 240.5 251.7 266.5 282.1 295.2 295.6 295.4 301.2 303.2 306.2 314.6 329 329
91.7 103.4 112.9 123.4 133.3 139.9 147.2 155.5 167.5 178.1 191.8 197.5 209.4 224.3 230.5 235.1 241.3 243.1 244.9 248.4 248.5 251.1 259.2 265.7 270.8 270.6 260.7 260.8 259.1 262.6 271 271.1 267.2 273.1 271.7 260.4 249 248.4 251.5 254.5 258.2 263.4 267.4 266.3 268.4 276.2 283.1 284.2 281 274.7 265.8 250.6 237.8 225.6 215 205.1 193.9 188 184.3 192.4 196.9 202 207.1 213.2 219.8 226.3 237.5 250.2 264.8 278.6 291 289.3 293.3 300 304.1 307.5 313.3 320.7 331.1
92.7 103 113 123.7 131.7 140.5 148.6 160 171.2 177.3 189.5 202 214.9 227.6 234.3 239 242.3 246.9 247.9 250.8 251.1 254.9 261.9 269.4 274.7 271.5 260.5 256.1 258.3 265.8 274.6 269.1 264.2 267.9 263.6 250.9 242.9 241.5 247.1 250.9 257.4 262.4 264.4 265.2 269 278.7 288.2 289 279.1 274.3 263 250.1 233.1 222 213 202.6 193.4 185.3 187.2 191.6 196.5 201.7 206.5 211.6 216 222.3 235 248 261.3 274.5 281.2 284.9 292.5 302 307 308.2 308.9 316.1 323.5
96.9 104.8 115.1 125.5 133.5 144.7 152.4 160.1 171.6 176.8 187.1 200.5 213.1 226 237.2 242.9 246.8 249.7 253 254.2 255.9 258.3 264 271.2 271.1 269.4 259.6 254.3 254.3 264.3 271.2 267.6 260.8 256.9 252.6 245.8 239.9 238.2 243.3 250.9 258 260.9 260.9 264.7 271.4 279.3 287.2 289.4 278.4 268.6 258.6 247 228.9 222.2 213.2 201.1 193.4 186.8 184.6 190.8 196.2 200.7 205.2 210 214.5 219.5 229.6 243.1 254.4 266.3 270.6 284.7 291.3 299.1 305.8 306.5 307 310.5 317.5
103 109.6 116.7 129.2 139.9 148.1 157.5 166.9 172.4 179.6 187.3 199 213.9 228.5 238.8 246.5 254.6 258.4 258.1 260 261.8 264.3 267.4 270.4 270.6 267.5 260.5 253.9 254.5 258.4 264 265.7 256.2 251.5 245.1 242.6 239 236.2 244.5 250.9 256.2 260.5 259.7 265.7 283 288.4 284.7 280.8 279.3 265.1 254.9 240.5 225.7 222.6 212.2 201.2 193.4 185.8 179.5 190.7 195.1 199.6 204.1 208.6 213 216 223.2 234.6 246.7 254.9 264.6 279.1 286.9 296.2 301.8 308.9 304.4 307.2 313.2
105.2 113.2 125 132.5 139.1 156.5 165.8 172.7 181.5 184.8 190.2 200.1 210.9 223 237.3 249.8 260.3 263.1 263.7 267.9 267.7 270.3 275.9 269.8 269.3 263.8 259.5 257.8 250.7 250.7 247.5 254.9 247 244.4 238.5 235.4 231.7 232.3 243.2 248.7 253 257.1 262.7 272.4 291.4 292.8 288 279.3 268.9 256.2 248.6 237.7 225.8 221.9 210.7 199.6 193.1 184 175.9 187.8 193.2 198.3 203.5 208.6 212.5 214.5 217.9 228.3 239.9 249.1 259.4 267.3 282.1 292 297.1 303.9 305 300.3 312.5
106.5 121.7 139.5 144.7 152.4 158 165 178.4 188.8 190.6 194.8 203.8 211.9 219.4 232.9 248.8 261.3 267.3 270.1 276.3 280 276.7 281.4 282 271.1 267.1 261 260.7 256.2 242.9 241.9 241.7 238.5 237.7 233.4 227.5 220.7 232.6 240.8 245.9 250.1 251.1 262 273.9 292.5 295.6 286.7 278.3 266.5 251.1 243.6 230 224.4 218.8 206.5 196.8 191.9 180.2 178 185 192.2 196.7 201.5 206.4 210.8 212 214.9 223.7 233.5 240.9 250.4 264.5 272.5 283.4 292.8 297 293.2 294.3 310.3
114.7 133.7 145.1 152.6 163.9 171 170.3 178.4 189.8 190.7 195.6 205 218.3 224 233 247.4 261.1 271.4 277.8 286.9 289 288 287 288.2 277.2 274.5 271.4 265.6 256.6 244.7 231.8 231 231.7 229.5 223.5 219.4 219.2 231.8 237.6 240.9 245.9 252.3 260.9 273.8 289.6 290.6 279.8 274.4 263.1 246.7 243.5 228.1 222.3 213 199.3 192.1 187.2 177.8 179 184.3 188.8 193.1 197.9 202.7 206.4 208.1 212.5 216.4 225.2 232.8 240 253.9 266.9 280.2 292.4 289.9 281.5 289.9 312.7
121.1 136.9 147.3 160.3 168.2 177.4 181.7 181 184.8 191.4 196.2 206 218.4 228 236.3 246.9 266.7 275.8 283.3 295.9 298 296.9 289.1 285 278.9 279.6 276.2 270.1 262.9 243.8 231.7 222.5 221.1 218.7 214.5 213.2 216.1 223.3 229.4 236.9 243.3 250.5 257 270.5 281.5 280.8 273.7 268.8 260.6 244.5 239.6 226.9 220.3 209.4 201.8 191.7 182 171.4 178.5 182.3 185 190.3 195.7 200.8 202.3 205.4 209.1 211.8 218.3 223.8 229.4 242.3 253.2 274.1 295.5 287.1 275.7 289.9 318.3
120.2 136.4 148.6 160.5 170.5 181.7 188.2 191 190.8 190.8 196.9 205.3 217.1 227.7 235.4 243.9 266.4 277.2 292.1 303.1 305.1 302.2 297.9 288 277.9 276.8 275.8 269.2 261.4 238.7 229.4 219 213 212 209.1 210.5 216.5 220.7 227.1 232.4 240.4 248.6 256 267 275.5 275.8 270 262.3 252.5 242.5 234.8 227.2 217.5 208.2 202.4 189 183.4 172.3 176.9 178.4 181 187.7 192.6 196.2 199.4 200.8 204.3 207.4 211.9 217.5 222 231.5 242.7 255.6 274 275.9 270.3 283.2 304.3
121.1 135.9 150.3 162.7 171.8 181 189 195.8 196.1 197.1 199 205.2 215.3 228.8 234.3 245.8 267.7 288.9 300.1 306.5 308 304.5 301.1 289.6 278.1 270.1 271 263.3 251 236.4 225.4 219 208.9 207.4 209.1 210.8 216.8 221.9 225.8 231.3 239.9 247.6 256.5 266 272 271.2 266.6 257.4 248.3 239.1 233.8 225.8 215.6 206.2 200.2 189.3 183.6 177.2 167.4 173.1 177.2 182.2 190.1 191.6 194.5 195.6 199.7 203.3 207 211.5 216.2 223.7 234.8 245.7 257.2 260.3 261.4 279.6 288.3
118.7 131.3 147.9 161.3 170.8 179.9 188.9 199.9 199 201.8 202.6 206.6 215.6 228 233.5 245 266.7 286.6 293.6 302 304.3 300.9 294.9 288.6 279.8 270.5 259.5 254.8 243.1 230.2 223 212.5 205.6 202.7 207.1 212.3 218.3 222.1 225.3 230.3 239.4 248 257 265 271.3 269.1 259.9 249.6 242.4 236.6 231.3 223.6 214.7 202.9 193.9 187 181.9 176.5 168 169.5 174.1 177.7 183.7 187.4 189.7 192 196.7 200.2 203.7 207.8 211.8 218.3 226.8 235.9 244.9 245.4 253.3 271.3 280.5
116.4 130.2 143.7 157.9 169.7 179.9 188.9 196.9 204.3 208.5 208.3 208.7 214.9 224.3 233.5 244.5 256.6 270.5 286.4 296.5 297.9 294.6 288 283.1 283.3 271 252.3 244.4 237.8 226.2 216.5 208.1 202.5 199.9 203.2 211.1 216.6 222.1 226.8 232.1 240 245.3 254.3 262.6 269.1 263.9 255.7 247.8 240.8 236.1 230.8 221.7 210.5 197.9 190.7 184.4 178 173.4 168.4 165.2 170.5 175.4 181.2 183 185.6 188.5 193.2 197.3 201 204.5 209.2 214.2 219.4 227.9 235.5 237.9 246.4 263.6 275.6
112.4 127.2 143 157.9 169.9 180.1 190.2 200.2 210.2 210.9 209.1 213.8 222.9 230.9 236.9 243.9 252.8 258.9 270.5 283.6 288.8 286.4 280.1 283.3 278.2 269.4 255.2 233.5 231.3 221.1 206.6 201.3 198.6 199 203.1 210.9 218.6 223.9 229.2 235.9 240.5 245.4 251.5 259.4 261.9 258.2 253.1 245.7 238.5 238.4 233.4 225.8 215 196.2 187.5 182.1 175.5 170.5 161.5 162.2 167.6 171.7 176.3 180.2 181.2 185.8 190.3 194.2 197.5 200.5 205.3 210.3 216.3 221.4 226.9 237.9 246.3 253.9 266.4
110.8 127.3 145.2 158.9 169.6 180.3 190.9 201.1 209.7 210.6 215.4 219.1 226.8 246.1 250.4 249.2 252.6 257.7 264.5 269.4 272.1 275.4 279.1 277.7 273.4 264.4 254.5 229 228.3 216.6 201.5 195.8 196 198.1 203.1 210.3 218 226.7 234.4 240.1 243.6 246.9 249.7 252.9 253.5 252.8 250.6 240.4 236.2 237.8 239.4 230.9 211.5 193.7 185.2 179 173.6 170.2 160.2 160.6 164.9 170.6 173.6 176 178.5 182.8 187.3 190.8 193.6 196.6 201.4 206.3 212 216.1 223 238.3 249.9 251.4 257.5
106.6 123.7 141.6 153.7 167.1 181.2 189 200.4 208.8 211.8 220.2 225.6 232.2 248.1 261.5 257.5 257.6 260.5 266.4 272.6 268.5 271 274.2 269.5 260.9 253.8 250.1 226.1 213.1 206.8 197.2 192.2 195.2 197.8 202.6 210 219.7 228.3 237.9 242.3 246.2 248.5 250.5 250.5 249.5 250.8 247.6 239.3 234.4 231.5 232 231.8 208.5 193.2 184.7 177.9 173.6 167.9 159 160.2 163 167.4 169.4 171.3 175.2 181.4 183.8 187 190.8 194 198.2 203.1 208.9 213.9 220.6 236.6 246.5 247.8 252.5
105.3 121.2 137.4 148.3 161.3 174.9 189 199.3 207.6 217.4 224.9 227.9 235.9 243.7 261.4 264.8 267.7 260.5 263.8 273.3 269.8 277.4 279.2 261.2 251.9 238.8 224.9 211.2 203.3 198.1 191.3 190.6 195 198.1 202.5 212.1 221.9 229.5 238.5 240.4 244.7 247.7 250.6 250.5 250 249.9 243.9 239.1 236.5 231.6 226.6 222 205.6 192.6 182.3 177.3 170.6 164.9 159.3 159.1 160.9 164.6 169.1 169.2 170.6 180.8 179.8 183.4 188.4 191.6 195.6 201.9 207.3 212.1 218.9 231.6 239.8 247.3 254.5
102.5 118.1 129.1 140.8 155.8 172.9 183.8 200.3 211.9 221.5 230.6 231.8 238.8 247 258.6 271 267.2 259.1 256.4 259.1 264.6 270.2 281.3 275.8 255.7 233.6 218.5 206 199 197.9 191.2 190.6 194.8 198.4 202.7 213 221 230.9 236.4 239.6 244.2 248.8 250.9 250.3 250.5 249 245.4 245.3 242.2 239.7 224.1 214.9 204.8 192.3 180 174.6 170.1 164 159.1 159.5 160.1 163.2 166.5 168.2 169.7 176.8 179.8 180.7 185.8 189.5 194.2 200.6 204.5 207.7 215.6 228.6 239.6 247.3 250.1
90 110.6 122.7 138.9 154.6 169.7 182.4 193.8 214.2 229.5 230.9 235.3 239.8 246.6 255.3 268.3 270.4 260.7 257.6 254.8 257.8 260.8 271.9 273.7 262.5 232.4 219.6 202 193.4 192.5 186 193.8 196.9 199.6 205.9 211.3 218.6 229.8 235.1 241.7 246.7 250.3 251.3 251 249.7 248.9 248.9 252.2 255.1 250.6 228.1 212.3 209.7 193.5 183.8 177.3 172.2 164.2 158.1 159 159.4 162.2 162.4 163.7 166.3 170.1 174.5 179.6 184.6 189 194.9 199.5 202.1 204.9 210.5 219.9 231.8 240.5 242
76.3 92.9 106.8 123.1 144.1 158.4 175.9 188.1 202.3 220.3 227.2 239.9 243.4 245.8 248.7 260 263.5 259 255.8 251.6 249.7 248.2 255.4 262.9 252.7 234.9 219.3 202.9 190.5 180 194.7 195.2 197.3 201.2 207.7 214.3 221.6 226.4 234.3 243.3 249.1 251 252.8 252.5 251.7 248.9 249.4 261 258.1 252.2 226.3 214.5 205.6 194.9 184.7 179.9 170.1 162.6 158.2 158.2 160 160.9 160.8 161.1 163.9 168.2 174.2 182.7 188 189.8 193.7 197.5 200.8 203.9 207.3 211.3 220.3 232.7 235.2
63.1 74.1 84.2 100.6 123.1 143.9 162.5 180 196.8 207.8 218.7 232.9 241 247.6 249.7 253.1 256.5 256.8 253.1 249.4 242.8 241.4 243.3 247.1 241 237.8 224.3 199.3 180.7 186.3 193.4 195 196.5 200.7 209.2 217.5 222.4 226.2 230.7 240.9 250 252.6 255.1 255.4 253.8 250.6 254.2 259.3 254.3 243.4 226.4 210 202.1 193.7 185.9 180.4 175.2 167 155.7 157.7 159.1 162.1 160.7 160.3 162 166.7 172.3 181.3 189.5 191.1 192.9 196.1 199.6 202.4 204.2 209.6 217 221.2 223.7
55 61.4 73.1 89.3 103.1 117.6 145.8 168.6 185.9 194.7 208.7 224.6 236.9 247.1 249.6 249.1 250.6 251.6 249.9 248.7 240 230.5 230.4 230.9 233.5 229.4 220.3 192 177.5 187.8 191.3 193.4 193.4 198.8 208.5 216.4 222.3 227.2 234 239.1 248.4 252.6 258.5 259.2 257.9 254.3 257.5 254.5 246.9 237.1 225.7 210.6 202.8 200.7 194.5 188.1 178.7 169.8 160 155.9 167.3 169.7 162.5 159.1 160.3 165.1 170.5 178.7 183 185.7 189.4 193.7 198.7 200.4 203.1 206.7 214.3 220.6 217.4
43.2 49 57.6 77.4 89.4 105.2 125.4 143 153.1 177.6 192.7 213.4 225.9 234.9 242.9 249.5 248.9 248.9 249.1 247.4 241.4 233.1 221.5 211.9 220.9 216.4 199.3 183.5 177.5 187.9 198.8 196.2 189.3 195.1 205 211.7 218.4 226.5 234.1 238.9 246.5 253.3 259.8 261.2 260.9 260.9 258.6 253.7 245.8 236.3 225.3 213 205.3 204.7 201.1 193 180.7 169.2 160.1 154.6 170.6 173.4 161.4 158.1 157.8 162.5 168.3 176 180.1 180.5 185.3 191.6 196.9 200.6 199 202.6 207.7 215.1 208
37.7 38.8 47.3 60.8 80.2 97.9 111.6 126.1 146.9 167 182.6 192.5 209.6 230.1 242 251.1 250.9 248.9 245.9 243.2 239.4 234.8 224.5 209.5 196.4 203.4 186.9 179.4 174.3 186.8 200.7 189.8 186.2 190.7 199.6 210.3 217.3 224.4 231.9 239.9 246.5 254 260.7 262.4 262.8 261.8 260 254.1 247.3 239.5 230.2 218.5 206.5 204.2 201.7 192.5 182.3 170 161.4 158.7 156 162.5 156.4 156.3 155.8 158.1 163.7 169.3 172.5 176.1 180.7 189.6 192.9 194.7 195.9 198.2 203.9 212 202
28.8 30.2 36.1 51.2 73.3 88.8 107 124 139.7 157.4 176.3 188.7 199.8 216.6 235.3 250.8 253.6 259 242.7 241 237.4 232.8 219.5 205.6 191.4 185.4 179.6 172.2 174.4 179.7 187.1 181.6 180.2 189.2 197.5 208.4 216.6 224.4 231.1 241.3 247.7 256.6 263.5 264.5 265.3 264.4 261.2 259.1 253.7 240.4 232.3 221.1 209.1 204.8 199.1 192.4 177.5 170.9 163.3 156.2 149.2 155.3 152.9 160.8 156.4 156.2 159.7 163.3 169.9 172.6 178 184.1 187.5 190.4 190.5 192.6 195.8 202.1 192.8
