data/200000-880000.asc
ncols 200
nrows 200
xllcorner 200000
yllcorner 880000
cellsize 50
[rows 140 to 174 of 200, columns 79 to 157 of 200]
84.8 93.5 97.5 103.5 109.8 115.4 124 129.3 137 146.1 149.6 159.2 169.7 182.6 205.5 223.4 239.5 264.1 285.5 309.2 312.6 316 331.3 348.9 380.3 409.3 421.6 437.4 458.9 480.3 489.2 489.6 480.4 472.4 470.5 470.1 470.5 465.1 440.4 477.9 510.6 537.4 558.8 583.9 615 652.7 691.5 731.4 759.7 789.3 824.5 836.8 845.4 858.3 861.2 837.8 793.6 740.7 704.3 679.7 664.6 623 600.9 582.5 569.1 557.5 548.4 541.3 533.8 528.3 520.9 514.4 513.2 512 511.4 510.2 508.8 507.3 503.6
84.8 84.8 85.9 92.9 98.3 99.2 108.2 113 117.8 124.5 129.9 138.5 148.6 159.4 180.2 194.2 208.7 231.2 251.7 274 292.4 298 310.8 325.1 347.1 363.7 380 401.2 421.5 427.7 436.7 444.7 442.6 441.4 441.3 442.4 440.9 435.8 434.6 463.8 489.4 513.6 536.3 561 590.6 619.7 658.1 697.4 726.7 766.8 787.6 798.8 815.3 829.7 836.6 833.5 795.4 764.1 761 766.3 733.7 681.4 638.8 615.4 599.2 579 568.3 565.5 562 551.7 539.2 525.4 513.4 512.8 510.8 504.9 504 500.3 497.5
84.8 84.8 84.8 84.8 88.2 89 84.8 87.8 98.3 107.4 110.5 120 130.5 145 157.9 168.5 181.1 201.5 217.3 237.3 264 277.8 288 305.8 322.3 336.4 350.3 372.1 389 398.7 406.8 409.2 409.6 411.4 417.1 419.4 416 409.8 425.4 448.5 470.5 493.7 524.7 549.6 575.2 603.4 629.8 669.3 706 736 753.1 769 789.9 806.3 816.7 830.2 851.4 847.5 856.1 831.5 808.3 733.5 675.2 641.6 629.4 609.6 602.9 603.5 594 583.1 565.8 533.6 519.1 516.2 513.2 507.9 501.1 495.2 493.2
84.8 84.8 84.8 84.8 84.8 84.8 84.8 84.8 86.4 93.6 99.2 110 118.2 127.1 141.8 147.5 155.4 172.7 190.2 206.6 224.4 246.6 265 286.1 297.5 310.5 325 349.3 356.8 367.4 377.8 376.9 376.4 385.9 391 394.1 392.8 397 416.4 437.1 458.3 478.9 509.1 533.4 554.5 586 614.6 643.2 676.3 705.3 728 747.4 768.4 784.6 801.3 827.9 856.8 882.6 901 874.7 836.9 772.3 696.5 666.9 652.2 639.7 638.3 635.9 630.9 617.8 589 554.4 534.1 528.3 522.5 513.6 504 495.9 489.7
84.8 84.8 84.8 84.8 84.8 84.8 84.8 84.8 84.8 84.8 89.7 100.1 108.7 113 117.7 126.1 133.2 148.9 167.7 184.1 207.3 224.3 234.4 252 269.2 283.8 301.5 322.5 328.2 334.2 343.8 348.9 353.8 364.4 372.1 377.9 376.1 391.1 404.9 434.2 455.4 471.3 493.2 513.8 538.5 567 599.5 623.2 657.8 686 710.3 726.7 747.9 768.8 793.9 826.5 859.1 891.8 912.6 891.5 839.5 788 716.8 698.9 682.9 672.1 671.6 669.7 674.8 679 640.5 587 559 548 536 519.9 508.8 498.7 491.7
84.8 84.8 84.8 84.8 84.8 84.8 84.8 84.8 84.8 84.8 84.8 89.1 95 101.7 105.7 107 113.4 124.6 142.3 166.3 180.3 192.4 208.6 221.6 244 255.3 268.5 283.3 296 312 319.9 326.2 335.1 348.9 356.9 365.4 368.2 384.8 405.8 430.4 454.2 470.8 485 501.5 524.2 554.1 577.5 604.2 639.1 674.3 699.8 716.2 736.5 761.7 793.4 829.4 866.1 899.9 914.5 880.9 842.6 793.1 748.1 735.9 715.3 708.4 715.3 733.8 757.2 777.5 721.3 664.5 604.1 569.2 551 533.1 515.7 502.7 494
84.8 84.8 84.8 84.8 84.8 84.8 84.8 84.8 84.8 84.8 84.8 84.8 85.4 89.8 94.9 96.3 100.5 110.6 121.6 140.7 154.8 168.1 182.7 197.8 214.2 227.8 242.1 255.9 269.7 294.1 304.1 313.5 324.5 333 342.5 345.5 353.5 368.6 393.4 419.2 447.8 465.4 480.7 505.4 528.8 554.9 576.8 604.9 646.3 669.2 693.9 715.5 733.7 763.6 798.5 837 875.4 907.3 927.7 896.3 849.8 803.1 798 768 748.6 764.9 808.1 775.7 804.9 822.7 788.6 696.8 636.1 594.7 584.3 553.5 530.3 507 497.3
84.8 84.8 84.8 84.8 84.8 84.8 84.8 84.8 84.8 84.8 84.8 84.8 84.8 84.8 84.8 85.1 88.7 97 107.3 121.9 141.2 157.9 170.7 188.3 201.9 223.9 234.7 241.3 250.2 266.4 281.5 292.5 303.1 314.4 326.9 342 363.5 379.1 404.4 427 454.2 484.2 513.8 538 555.2 573.6 589.9 625 650.1 669.7 691.5 712 738.6 771.2 807.5 847.7 885.2 919 939.3 904.6 852.1 843.5 836 799.6 823.5 858.5 876.7 851.5 847.5 832.7 769.8 693.6 633.3 641.5 663.7 616.3 565.2 533.4 518.5
84.8 84.8 84.8 84.8 84.8 84.8 84.8 84.8 84.8 84.8 84.8 84.8 84.8 84.8 84.8 84.8 84.8 84.8 96.8 107.8 120.5 138.9 153.3 169.3 197.9 203.9 216.8 225.3 232.1 243 254.6 264.1 274.9 291.4 311.7 334 356.8 386.8 418.2 450.5 476.1 502.9 537.6 558.7 575.3 589.1 605 632.9 655.4 677.9 694.5 717.3 746.2 781.4 820.9 861.2 897.9 927.6 949.4 925.2 882.3 900.8 862.9 847.6 886.9 908.9 908 892.4 859 819.2 750.4 693.5 677.6 696.1 704.8 689.3 630.6 570.8 551.2
84.8 84.8 84.8 84.8 84.8 84.8 84.8 84.8 84.8 84.8 84.8 84.8 84.8 84.8 84.8 84.8 84.8 84.8 84.8 93.1 99.5 116.3 126.5 153.6 167.2 190 188.8 201.3 207.4 217.5 224.6 233.9 249.6 271.1 296.1 323 353.5 386.7 427.5 461.7 491.8 521.6 555 578 592.1 609.5 629.1 650.8 666.9 689.3 706.7 722.5 753.7 789.6 831.4 877.3 897.7 918.2 911.5 892.5 882.1 894.9 920.4 927.3 936.7 938.8 930.5 894.6 855.1 808.6 751 734.4 716.8 738.8 733.3 704.5 648.5 601.8 588.6
84.8 84.8 84.8 84.8 84.8 84.8 84.8 84.8 84.8 84.8 84.8 84.8 84.8 84.8 84.8 84.8 84.8 84.8 84.8 84.8 84.8 91.2 101.4 123.3 147.2 155.2 166.7 178.2 183.4 192.1 206.9 235.4 247.2 263.2 283.2 311.7 343.5 376.7 421.6 457.7 496.6 533 564.7 590.7 604.9 628.4 652.3 660.3 680.2 704.8 715.3 730.8 757.1 792.5 833.6 841.6 880.2 885.5 869.6 855.2 852.2 875.9 917.2 941.9 950.4 945.5 928.9 889.6 846.4 792.1 780.4 781.8 761.8 753.4 726.2 683.2 651.1 640.9 623.3
84.8 84.8 84.8 84.8 84.8 84.8 84.8 84.8 84.8 84.8 84.8 84.8 84.8 84.8 84.8 84.8 84.8 84.8 84.8 84.8 84.8 84.8 85.6 94.7 111.3 129.3 141 154.9 179.9 193.6 196.7 223.5 239.1 250 266.7 304.1 331 370 405.7 445.7 488.9 526 567.5 587.6 602.4 630.2 644.8 665.5 683 694.2 711.4 727.9 751.4 773.9 787.8 814.7 844.8 852.1 830.1 819.3 826 863 895.2 919.2 935.7 936.8 924.8 880.8 840.5 823 818.5 797.9 777.6 750.5 714.7 682.9 670.1 649.7 625.4
84.8 84.8 84.8 84.8 84.8 84.8 84.8 84.8 84.8 84.8 84.8 84.8 84.8 84.8 84.8 84.8 84.8 84.8 84.8 84.8 84.8 84.8 85.7 92.1 98.9 107.1 125.9 147.9 166.9 173.9 184.8 200.4 221.9 238.6 251.4 291.4 313.5 350.1 378 421.1 472.6 514.2 543.8 565.2 582.2 598.1 629.3 644.6 651.3 665.4 682.5 702.6 716.3 738.1 755.7 780.3 814.5 818.6 792.1 785.5 804.2 842.7 870.9 900.7 920 920.4 917.9 899.1 875.7 859 829.2 797.4 773 747.6 716.9 700.3 682 656.9 637.5
84.8 84.8 84.8 84.8 84.8 84.8 84.8 84.8 84.8 84.8 84.8 84.8 84.8 84.8 84.8 84.8 84.8 84.8 84.8 84.8 84.8 84.8 84.8 90.4 94.1 100.8 116.6 136.3 149.5 157.8 169.8 180.7 203.5 222.6 239.8 264.5 289.6 327.4 358.1 393.2 441.4 488.8 517.2 544.6 554.3 565.4 588.2 606 617.2 631.7 645 666.5 678.4 698.2 730.1 773.1 790.8 773.8 754.6 755.8 785.1 818.6 858.7 885.7 895.8 892.5 891 892.2 889.3 868.7 834.2 800 771.3 747.6 730.4 713.3 692.4 680.1 659.4
84.8 84.8 84.8 84.8 84.8 84.8 84.8 84.8 84.8 84.8 84.8 84.8 84.8 84.8 84.8 84.8 84.8 84.8 84.8 84.8 84.8 84.8 84.8 86.5 90.7 92.4 105.1 123 131.3 140.9 156.7 164.9 177 200.2 222.4 245.8 267.2 306.1 351.2 381.5 421.8 457.5 497.7 513.1 521.9 536.1 554.1 571.1 587.6 602.2 612.7 630.1 643.9 671.9 711.9 731.6 746.2 729.2 717 741.8 778.5 810.6 834 851.3 861.3 858.9 858.5 866.6 876 869.5 845.6 813.1 784.7 759.6 737.1 715.2 699.7 686.1 667.7
84.8 84.8 84.8 84.8 84.8 84.8 84.8 84.8 84.8 84.8 84.8 84.8 84.8 84.8 84.8 84.8 84.8 84.8 84.8 84.8 84.8 84.8 84.8 84.8 85.9 87.5 94.4 116.2 122 132 142.5 155.3 166.4 176.4 195 221.4 246.6 278.5 319.3 365.8 387.7 420.4 459.2 477.6 493.2 506.7 526.4 538.1 551.1 565.6 574 594.8 609.3 636.5 670.2 694.4 709.8 690.7 687.6 728.2 760.6 782.5 794.5 816.8 827.1 824.5 825.1 838.4 856.5 858.5 851.3 835.9 808.1 780.5 754 729.9 709.3 692.5 675.1
84.8 84.8 84.8 84.8 84.8 84.8 84.8 84.8 84.8 84.8 84.8 84.8 84.8 84.8 84.8 84.8 84.8 84.8 84.8 84.8 84.8 84.8 84.8 84.8 84.8 84.8 92.2 102.9 115.6 123.1 128.9 143.7 154.7 171.8 184 199.9 225.4 252 284.2 322.5 352.3 393.1 423.7 433.4 454.4 482.5 503.5 517.8 526.5 536.8 546.9 564.4 581.9 603.2 626.2 644.8 661.5 654.6 674.8 709.8 728.8 744.3 758.9 784.3 791.5 788.3 793.3 815.1 838.3 845.6 844.3 840.4 833.4 805.8 779.8 753.9 729.7 707.3 680.5
84.8 84.8 84.8 84.8 84.8 84.8 84.8 84.8 84.8 84.8 84.8 84.8 84.8 84.8 84.8 84.8 84.8 84.8 84.8 84.8 84.8 84.8 84.8 84.8 84.8 84.8 90.7 93.8 108.2 115.5 123.2 135.2 147 157.3 172.4 180.9 198.3 224.1 247.2 288.5 309.4 348.5 373.9 397.5 421 450.1 475.3 490.3 502.6 511.9 524 538.1 549.4 571.1 589.9 605.3 622.8 621.9 649.2 678.6 696.2 708.4 728.2 750.2 754.4 751.1 774.4 804 820 829.1 832.2 833.4 834 830.6 806.9 778.3 749.9 720 689.4
84.8 84.8 84.8 84.8 84.8 84.8 84.8 84.8 84.8 84.8 84.8 84.8 84.8 84.8 84.8 84.8 84.8 84.8 84.8 84.8 84.8 84.8 84.8 84.8 84.8 84.8 84.8 86.6 101.1 108.2 114.8 123.5 135 143.2 154 166.7 176.9 199.2 223.4 249.7 271.6 313.4 330 354.7 382.6 413.6 442.2 464.3 483.7 489.4 503.4 514.4 522.3 537.9 551.2 573.4 587 581.7 624.8 647.4 660.4 673.1 698.8 715.6 719.3 727.4 756 790 787.9 797.8 812.9 817.6 822.9 825.6 821.4 801.4 768.1 732.4 700
84.8 84.8 84.8 84.8 84.8 84.8 84.8 84.8 84.8 84.8 84.8 84.8 84.8 84.8 84.8 84.8 84.8 84.8 84.8 84.8 84.8 84.8 84.8 84.8 84.8 84.8 84.8 84.8 95.2 104.6 110.1 115 122.1 131.7 138.2 150.7 165.1 177.5 197.2 221.3 242.1 270.7 294.7 324.3 344.4 370.5 400.8 446 457.1 468.7 477.1 486.9 498.3 511.2 523.2 534.5 544.4 560.3 587.2 609.1 622.5 642.1 665.5 684.3 684.6 700.3 737.8 764.1 751.1 770 787.5 797.9 803.1 807.5 810.2 805.3 785.9 746.2 709.5
92 86.5 84.8 84.8 84.8 84.8 84.8 84.8 84.8 84.8 84.8 84.8 84.8 84.8 84.8 84.8 84.8 84.8 84.8 84.8 84.8 84.8 84.8 84.8 84.8 84.8 84.8 84.8 84.8 98 105.7 109 113.2 123.4 129.1 139.6 150.7 161.4 172 189.5 210.8 233.3 253.3 279.6 302.8 335.5 378.9 420.5 429.2 445.9 456.8 463.6 471.6 485.8 498.2 508 515.9 534.9 558.1 574.8 589 608.9 631.3 656.3 645.5 675.9 710.4 727.6 712.2 742.6 762.6 775.7 780.3 782.4 783.4 783.7 780.4 753.7 714.3
95.5 92.4 87.1 84.8 84.8 84.8 84.8 84.8 84.8 84.8 84.8 84.8 84.8 84.8 84.8 84.8 84.8 84.8 84.8 84.8 84.8 84.8 84.8 84.8 84.8 84.8 84.8 84.8 84.8 89.5 97.2 100.7 105.8 113.9 121.6 127.8 139.1 146.7 159.3 170.2 183.9 209.7 228.8 247.6 276.1 312.6 351.7 386.5 403.9 423.1 437.8 449.7 456.4 466.3 476 487.9 495.6 511.4 527.3 543.1 562.1 580.3 599.5 611 618.7 644.7 669 670 687.8 714.6 739.2 754.6 758 756.8 756.4 755.1 752.7 741 710.3
101.4 98.4 93.1 84.8 84.8 84.8 84.8 84.8 84.8 84.8 84.8 84.8 84.8 84.8 84.8 84.8 84.8 84.8 84.8 84.8 84.8 84.8 84.8 84.8 84.8 84.8 84.8 84.8 84.8 84.8 87.1 90.8 100.5 106.1 112.1 118.6 123.6 133.3 147.3 158.1 167.2 189.1 199.6 227.6 247 285.5 314.8 348.2 379.6 401.2 419.2 435 441.7 450.6 455.8 461.6 473.5 488.1 502.3 517 536.1 550.1 561.8 569.4 587.7 610.7 628.5 634 664.5 688.3 713.1 735.1 733.3 730.5 728.4 727.7 724.1 716.2 699.6
108 102.6 95.6 88.5 84.8 84.8 84.8 84.8 84.8 84.8 84.8 84.8 84.8 84.8 84.8 84.8 84.8 84.8 84.8 84.8 84.8 84.8 84.8 84.8 84.8 84.8 84.8 84.8 84.8 84.8 86.2 88.5 92 98.4 104.2 110.8 116.4 123.8 133.9 144.1 157.8 166.9 176 198.7 224 256.1 287.8 308.1 352.8 377 401.6 411.8 426.7 428.8 434.8 441 452.6 463.9 480 495.2 508.4 520.9 530 539 557.7 574.7 589.3 609.9 637.9 660.9 679.3 710.9 710.4 704.9 704 700 697.1 690 677.2
110.2 104.7 98.3 91.7 86 84.8 84.8 84.8 84.8 84.8 84.8 84.8 84.8 84.8 84.8 84.8 84.8 84.8 84.8 84.8 84.8 84.8 84.8 84.8 84.8 84.8 84.8 84.8 84.8 84.8 88.8 89.5 90.5 92 96 104.1 111 113.4 124.2 134.8 146.8 156.4 162.3 181.8 201.8 226.4 258.4 278.7 309.1 337.4 368.6 390.9 397.5 403 414.7 424.8 437.5 446.6 457.5 474.9 483.4 491 501.8 511.5 525.5 539.9 555.7 584.8 604.8 626.2 647.3 677 679.9 684.6 683.9 677.6 671.2 663.2 652
111.9 105.6 98.8 94.3 88.5 84.8 84.8 84.8 84.8 84.8 84.8 84.8 84.8 84.8 84.8 84.8 84.8 84.8 84.8 84.8 84.8 84.8 84.8 84.8 84.8 84.8 84.8 84.8 84.8 86.6 89.5 90.1 90.9 92 93.3 96.1 101.6 109.5 116.1 124.6 136.4 146.1 158.3 168.4 183.5 206.5 222.9 250.1 279 311.6 336 361.7 378.5 377.2 392.3 408.2 418.8 429.4 438.9 444.6 454.1 469.2 476.4 490.7 502.4 509.1 531.7 557.4 573.4 588.5 611.6 634.8 642.8 660.4 664.1 657.6 647.2 637.3 626.1
115.2 109.4 103.9 98.6 94.2 87.6 85.8 86 87.7 86.4 84.8 84.8 84.8 84.8 84.8 84.8 84.8 84.8 84.8 84.8 84.8 84.8 84.8 84.8 84.8 84.8 84.8 84.8 85.2 87.6 89.4 90.2 90.9 92.4 93.4 94.4 96.5 105 110.9 115.3 127.3 137.4 147.5 157.2 168.1 183.1 203.4 222.8 252.1 279.4 302.4 328.2 341.3 351.7 374.4 392.1 402.4 413.4 425.9 431.1 435.2 446.8 467.6 473 478.1 485.6 500.4 513.4 535.3 549.3 573.1 596.5 606.6 627.8 646.6 637 626.1 613.5 601.8
116.7 110.6 107.2 103.6 101.2 101.6 97.1 95.1 93.7 91.6 90.3 84.8 84.8 84.8 84.8 84.8 84.8 84.8 84.8 84.8 84.8 84.8 84.8 84.8 84.8 84.8 84.7 84.5 85.4 87.6 89.6 90.2 90.9 92.5 93.6 94.7 95.9 100.7 105 113.5 120.4 129 141.2 151.3 160.8 170.5 182.6 202.8 224.8 247.4 272.9 289.1 304.3 334.6 354.2 369.3 384.3 397.9 411.7 418.2 423.6 432.5 440 454.8 463.2 466.1 475 488.3 496.1 512.1 535.1 551.4 565.2 601.5 612.5 607.7 602.3 591.3 577.8
124.1 119.4 113.8 112.5 110.1 111.7 109.1 104.4 102.3 98.1 95.6 90.9 86.9 84.8 84.8 84.8 84.8 84.8 84.8 84.8 84.8 84.8 84.8 84.8 84.8 84.8 85.2 85 84.5 87.5 89.8 90.5 90.9 92.6 94.3 94.3 95.1 97 98.8 107.6 116.7 123.6 134.2 143.4 149.7 164 174.6 188.7 201.1 229.7 245.1 259.5 283.1 301.7 326 340.7 362.2 386.6 396.6 403.8 414.3 420.2 421.9 427.6 446.4 448.5 450 457.2 465.6 480.8 503.4 516.7 528.3 548.9 586.2 583.4 573.3 563.7 554.2
150.1 140.5 131 123.4 120.8 117.6 115.2 111.1 108.8 103.1 100 97.1 91.8 84.8 84.8 84.8 84.8 84.8 84.8 84.8 84.8 84.8 84.8 84.8 84.8 84.8 85.4 87 84.6 84.3 89.2 90.5 91.1 92.9 95 97.6 98 98.8 98.8 104 110.2 118.4 127.1 134.9 140.9 153.1 167.4 181.8 183.2 202.3 215.4 233.5 258.2 274.8 296 313.1 337.1 359.1 375.8 389.1 403.8 409.2 409.5 408.9 425.3 426.7 428.7 433.6 437.4 459.6 469.1 478.9 501.6 510.7 548.2 549.1 544.5 535.1 530.1
170.4 156.8 146 136.4 128.6 124.3 120.3 117.1 112.8 108.2 105.3 102.5 97.6 90.7 84.8 84.8 84.8 84.8 84.8 84.8 84.8 84.8 84.8 84.8 84.8 84.8 85.4 86.6 87.3 84.1 87.4 89.8 91.1 93.2 97 96.7 94.4 96 99.1 101.7 105.9 112.9 120.7 125.7 132.2 139.2 154.6 164.8 173.9 182.3 189.7 211.8 228.2 257.7 271.6 289.4 317.2 330.2 345.5 377.7 384.7 384.9 384.4 394.4 402.9 402.9 405.3 420.3 420 432.4 446.9 449.9 472.5 479.1 491.2 504.9 507.9 510 507.3
200 178.6 160.2 148.7 138.5 130.6 125.8 121.6 117.4 112.9 110.2 105.8 100.4 94.9 86.5 84.8 84.8 85.1 85.8 85.3 84.8 84.8 85 84.8 84.8 84.8 87.8 88.4 88.3 88.2 84.2 89.4 92.2 92.9 93.4 90.6 89.2 89.3 91.4 98.7 104.7 107.1 112.9 118.8 126.1 131.4 142.5 148.7 156.8 172 180.3 190.8 215.9 233.9 250.2 266 287.5 301.9 323.9 355.2 366.1 363.7 367.5 378.8 377.3 381.3 384.2 403.3 403.3 406.2 418.7 424.2 442.4 443.3 448.5 461.5 482.8 484.5 486.8
217.8 202.3 178.5 160.4 149.3 140.3 133.1 127.6 122.3 117.9 112.5 108.6 103.1 98.4 93 90 89.3 89.4 90 89.9 89.6 89.9 89.9 89.5 87.3 87.5 87.9 88.7 89.1 89.4 88.7 87.1 91 91.6 91.5 88.1 88.6 89.1 89.5 94.2 98.6 102.2 108.2 110.7 118.2 125.7 131.4 138.1 149 158.4 169.6 176.5 196.7 210.7 227.1 245.6 262 274.4 300.9 335.2 348.7 345.1 350.4 357.4 358.4 363.2 368.9 389.7 385.6 389.2 393.1 399.6 405.2 409.9 416.6 435.8 461.5 462.3 466.3
230.9 215.1 195.8 175.8 162.6 151.5 142.8 135.5 129.3 125.1 120.2 114.2 107.1 102.6 98 94.5 91.9 91.8 91.7 91.5 91.3 91.2 91 90.6 90.2 89.2 88.8 89.8 90.1 90.1 89.7 84.4 89.5 90.2 90.6 87.6 87.9 88.3 88.7 89.2 93.7 96.4 98.9 106.2 110.6 113.2 121.8 129.4 139.5 145.7 158.2 163.6 171.2 184.8 199.8 225.2 235.8 252.3 274 302 321.1 322.8 332.9 337.5 342 347.6 350.7 372.9 370.2 369.2 373.7 377.1 382.8 386.3 392.3 401.6 425.3 423.7 429.4
242.1 227 211 190.8 177.2 164.5 153.6 143.6 135.5 130.4 126.6 119.8 111.8 106.7 101.9 98.5 94.8 92.9 92.8 92.7 92.3 92.2 92.1 91.4 91.4 96.4 96.1 91.4 90.6 90.4 88.3 85.4 85.6 85.7 86.2 87.7 88 88.1 88.3 88.5 88.8 91.9 94.5 96.9 103.4 108.7 113.1 118.1 127.7 135.5 142.8 152.6 160.3 161.8 170.9 190.4 216.5 235.9 254.4 269.2 294.6 306.7 316.6 328.5 331.7 336.6 336.6 343 347.6 353.4 356.4 358.3 364.8 369.2 371.7 375.4 384.4 390.4 399.6
