data/200000-680000.asc
ncols 200
nrows 200
xllcorner 200000
yllcorner 680000
cellsize 50
[rows 70 to 104 of 200, columns 0 to 78 of 200]
20.9 18.5 18.3 17.9 17.3 17.6 18.1 22.5 34.7 47.2 58.4 76.7 90.9 90.4 99.7 103.5 108.5 112.6 109.2 118.4 123.4 128.6 132.8 133.9 135 136.4 138.6 140.7 144.1 149.5 158.9 166.3 171.1 178.2 179.6 188.8 197 202.3 206.7 211.9 215 221 225.5 229.8 231.6 236.1 240.1 243.2 246.3 249.6 252.5 258.6 259.6 259 260.9 262.9 265.8 270.9 269 268.7 268.5 268.9 273.7 280.6 285.8 290.7 301.4 307.7 310 308.8 292.7 288.9 292.5 299.3 303.8 308 307.7 302.3 297.3
18.8 18 17.7 17.6 17.4 17.4 17.5 23.1 35.2 48 61.3 75.8 83.5 91.4 102.4 107.4 108 109 113.8 126.3 132 134.9 136.2 137.9 140.4 140.7 139 142.6 147.9 153.3 166 172.6 177.1 183.6 182.1 183.2 201.4 206.6 210.7 214.3 217.1 220.7 224.6 228.3 232.5 237.2 240.9 243.9 246.8 249.7 253.6 258 261 261.4 263 266.3 269.5 269 268.8 268.5 268.2 269.2 277.5 284.9 288 289.9 300.3 303.1 305.2 300.3 287.3 288.9 293.3 298.5 304.8 309.1 310.6 304.6 298.1
18.4 17.5 17 17 16.9 16.8 17.7 23.7 36.4 48.8 61 73.5 82.8 89.4 103.1 102.6 103.1 104.6 121.1 131.7 139.8 139.2 139.2 141.9 146.8 142.3 139.6 145 152.8 161.2 167.9 175.8 182.5 190.4 192.9 195.2 200.8 201.4 210.8 216.1 219.6 222.9 225.7 229 232.7 238.7 240.5 243.9 246.7 249.6 253.8 258.6 262.1 263.8 266.5 269.8 270.1 269 268.9 268.8 268.6 268.9 278.3 288.6 288.9 288.3 296.4 298.8 299.3 289.6 279.6 290.9 293.9 299.1 305.2 311 314.4 307.3 299.1
18.1 17.3 16.7 16.5 16.4 16.5 19.5 25.9 37.9 50.4 61.1 73 81.5 83.6 93.2 98.7 100.7 116.7 128.6 136.3 141.8 146.2 142.9 146.6 150.7 145.3 145.2 148.1 158.8 168.5 173.7 179.5 188.6 194.1 197.2 200.5 203.9 205.5 211.2 215.3 220.7 225.6 229.1 229.2 232.4 237 239.4 243.1 246.6 249.5 254.4 258.3 261.4 263.2 267.1 269.9 269 269.5 269 269 269.3 274.8 280.1 283.4 285.8 279.9 290.6 294 290.5 281 281.6 290.3 295.3 300 305.8 311.6 315.4 309.2 303.7
18.2 17.3 16.7 16 15.9 18.9 22.2 29.6 41.6 52.1 62.2 71.5 79.2 82 95.7 101.3 111 124.4 134.8 141.1 142.2 144.9 146 148.5 149.9 150.5 149.8 156.5 162.9 171.4 176.6 183.3 190.4 196.4 201.6 205.3 209.8 210.8 211.1 215.4 222.5 227.4 230.6 230.6 232.4 235.9 239.9 242.6 246.1 250 254.4 258.4 260.4 262.1 263.8 268.9 269 270.3 269.1 269 271.8 276.8 279.7 278.2 277.2 277.8 282 285.7 281 277.4 285 291.5 295.9 300.9 304.8 309.6 310.5 306.6 306
18.1 17.2 16.6 16 15.4 20.8 24.8 32.8 43.8 53.9 64.3 74 82.6 92.4 102.6 115.1 123 126.9 138.5 145.9 146.8 146 147.2 149.8 151.2 152.9 156.2 166.3 170.7 177.9 179.7 186 193.7 200.9 204.1 208.8 211.6 214.8 215.5 213.2 222 227.3 229.9 230.3 232.8 236.4 239.9 243.5 247 250.9 254.5 259 261.4 263.2 264.7 268.5 270.4 270.9 269.9 270.2 273 278.4 279.4 276.5 270.4 270.9 273.7 274 269.3 274.2 285.5 291.2 296.2 299.5 304.6 309 307.3 305.8 306.1
17.9 16.9 17.4 17.7 15.5 21.7 27.1 35.5 45.6 56.8 66.8 76.8 85.6 94.7 108.2 121.7 130.6 135.6 141.6 149.8 151.2 148.5 149.7 152.6 155 158.4 163.2 172.9 176.1 181.1 187.9 190.2 194.9 202 206.8 210 213.7 218 220.9 220 222.5 230.3 231 230.7 232.1 235.5 239.5 244.2 247.8 251.5 255.1 258.8 263 265.3 267.5 268.6 270.9 270.9 270.9 270.2 270.3 277.4 280.7 273.4 269.1 269 267.2 268.2 268.6 275.8 285.4 290.6 295.2 299.2 303.3 306.1 305.2 306.6 308.4
17.7 16.3 15.8 15.7 19.5 22.6 28.6 37.5 47.7 60.3 72.5 82 90 98.4 111.4 126.7 134.2 141.2 147.5 151.9 152.9 152.4 157 159.7 159.4 166.7 174 179.7 185.5 186.2 191.6 196.1 200.4 204 210.3 212.2 215.2 218.9 220.9 219.2 219.9 230.1 231 229.2 231.8 235.7 239 242.5 248.1 252.7 256.8 260.2 262.9 265.7 268.2 269.3 270.9 270.9 270.9 270.9 269.6 272.9 275.2 269.3 270.9 266.1 263.1 268.2 271.4 280.5 285.1 290.8 293.8 298 299.6 300.3 302.9 306.3 307.7
18.2 15.3 14.4 18.1 19.5 23.4 29.4 39 50.5 64.5 78.3 87.4 95.2 103.1 117.4 130.9 138.6 145.9 152.2 155.9 155.9 157 163.9 169.3 168.4 175.4 184.5 190.7 194.8 196.5 201.4 203.4 206.3 208.2 212.1 215.5 217.5 220 221.7 221.4 220.1 227.5 229.2 230 233.6 237.1 240.4 243.5 249.2 253.3 257.7 260.9 263.6 266.3 268.8 270.5 270.9 270.9 270.9 270 268.1 267.7 270.8 270 264 259.8 262.5 267.6 277.5 280.6 286.5 290.8 291.2 294.6 297.1 299.4 303.2 305.5 306.9
16.8 15.6 17 17.9 19.6 23.6 29.8 37.3 50.7 64.7 80.9 91.7 101.8 110.7 123.1 135.4 143.9 150.9 156.5 159.1 159.3 162.1 170.1 174.3 174.3 183.2 191.5 199.1 204.8 206.6 208.4 210.7 213.7 216.4 216.7 218.7 223.8 224.6 225.9 223.1 219.8 224.2 227.9 231.8 235.7 240.1 242.9 245.3 249.1 253.5 258.6 261.7 264.3 267 269.2 269.1 269.5 270.4 269 265.2 262.7 263.4 268.5 265.3 259.2 260.2 267.1 270.6 279.5 281.2 284.9 287.1 288.3 291.1 295.8 300.1 302.3 304.3 305.3
14.4 16.1 17 18.2 20.1 22.1 31.1 42.1 54.1 72.8 84.9 97.8 107.5 117.6 133.9 140 146.9 154.3 160.1 160.9 163 170.5 172.6 178.7 181.1 192.5 202.5 206.2 212.9 215.4 214.4 217.4 220.9 222.3 220.7 225.3 230.1 233.2 231.2 229 229 229.3 230.1 235.3 235.9 239.8 242.8 245.9 250.1 255.2 259.7 262.6 265.4 268.1 270.9 270.9 270.9 269 269.5 266.7 258.9 258.8 259.4 258.3 256.3 262.2 268.4 274.1 277.4 280.1 280.5 282.2 286 290 295.3 299.8 301.2 302.6 303.6
16.1 15.4 16.5 17.8 18.8 23.7 33.8 46.1 60.3 74.9 88.6 102 113.4 124 137.5 151 150.5 155.3 162.6 164.9 169 176.3 178.4 181.9 188 201.8 211.1 216.9 221.5 223.4 223.7 225.6 228.2 228.3 226.6 231.7 234.3 237.9 239.3 237.5 234.8 235.2 232.9 235.3 238.1 240.3 244.7 248.4 251.9 256.6 260 263.9 266.7 269.4 270.5 270.9 270.9 270.9 269 266.2 255.8 254.1 253.1 249.1 261 265 270.9 273 275.8 277.5 279.2 279.1 285.7 290.7 294.9 298 300.9 300.3 299.6
16.8 15.2 15.8 17.6 19.6 27.3 36.5 50.4 66.1 79.7 93 105.2 120 126.2 141.4 150.7 149.1 156.8 163.3 168.1 174.6 180.7 182.3 187.6 196.7 208 215.2 222.3 228.8 234.9 235.3 236.3 232.7 231.3 230.2 238.2 238.8 238.9 239 239 243.4 240.9 240.1 238.9 242 245 247.8 251.8 256.4 260.6 263.5 265.3 266.5 268.9 270 270.9 270.9 269.2 267.3 260.6 253 249.7 248 248.3 258.5 264.4 269 272 272.1 272.8 275.8 280.5 290 290.8 292.9 296.2 297.7 299.4 299.1
16.9 14.7 14.9 15.4 20 26.6 39.5 54.8 70.6 83 94.3 105.1 117.8 127.2 139.6 147 151.1 158.5 165.6 170.8 178.4 184.1 188.4 197.3 202.2 212.7 220.7 229.7 234.8 240.8 240.5 240.1 236.5 235 234.4 240 240.6 241.2 242.9 244.9 249.7 247.9 245.4 244.2 247.5 249.7 251.9 254.7 258.2 262.2 267.9 266.9 265.8 267.5 267.9 267.5 270.3 267.2 260.5 255.1 254.3 250 242.7 254.1 262.2 265 268.1 270.9 270.7 270.7 275 281.5 288.8 290.8 290.4 293.6 292.9 296.2 300.4
15.3 14.6 14.7 15.3 23.7 33.7 43.3 58.5 73.2 88.4 98.7 107.7 118.7 128.3 137.9 146.5 153.9 161.9 169.4 176.7 184.4 189.5 196.2 202.8 207.5 217.1 228 234 239.7 243.4 245.9 242.8 239.9 237.6 238.2 239 241 244.9 244 249.1 251.1 250.3 250.5 250 252.3 255.4 257.8 258.8 261.1 266.3 269.2 267.1 266.1 264.8 264.4 263.3 263.9 263.1 255.2 250.2 252.6 248 247.9 258 261.7 265.2 265.8 269.3 268.7 267.8 274.6 280.7 287 290.8 290.7 289.4 289.3 295.5 301.6
14.4 14.8 14.8 18.2 25.8 39.7 51.6 62.2 75.3 89.2 103.6 113 122.1 132.7 141.4 148.7 160.7 164 170.8 180.2 188.4 195.4 200.5 207.2 212.3 221.5 234.2 238 242.5 248.2 250.9 250.3 244.3 239.8 240.8 240.3 243.9 245 246.3 249.4 252.1 253.9 254.4 254.5 258.8 258.7 260 262 262.8 268 270 267.2 264 261.8 260.6 259.7 258.5 256.1 249 246.6 246.8 239.6 245.8 254.6 261.6 261.2 262.5 265.8 265.6 267.6 270.1 279.9 284.3 287 286.2 287.7 291.9 299.8 302.7
13.6 13.6 13.7 19.3 28 41.1 58.3 71.1 81.6 95 108.3 116.9 125.8 135.9 145.9 154.8 162.6 165.9 172.6 182.5 191.4 199.5 206 214.5 219 226.5 236.5 239.9 245.2 247.4 252.3 249.3 246.9 240.4 240.4 240.2 243.1 244.8 248.1 251 252.6 256 258.8 263.9 268.4 263.6 263.4 264 265.1 267.1 266.8 262.9 259.9 260.4 257.1 255.8 253.2 250.3 245.8 241.8 240.4 238.2 247.2 254.4 259.5 260.3 259.2 260.3 264.2 269 269.7 278.6 281.8 282.2 280.8 287 293 300.6 303.9
14 13.8 14.5 20.6 30.5 43 59.9 74.7 88.6 102 110.3 119.4 131 140.1 149.8 154.9 162.4 167.9 176.3 188.9 199.4 205.7 215.7 220.6 224.7 233.5 240.5 245 248.9 249.7 252.1 250.8 244.6 240.4 240.3 240.1 241 243.3 246.8 250.3 254.1 259.1 268.6 273.8 271.3 269.2 267.5 267.6 267.2 265.7 262.6 259.4 256.4 253.9 249.6 248.5 249.7 246.5 241.9 239 233.9 239.2 246.8 253.1 258.8 261 259.7 261 264 268.2 270.7 275.3 280.7 280.9 279.2 286 299.5 301.6 304.5
14 13.9 16.6 22.9 33.6 47.7 61.5 77.3 91.4 101.2 114.5 125.2 134.3 142.6 149.2 155.8 163.3 174.2 184.7 192.2 200.7 214 224 229.7 229.2 232.1 242.4 247.9 250 249.3 248.9 245.6 238.4 239.9 240.8 240.7 240.9 241.9 242.9 248.1 256.9 264.9 274.2 279.6 275.7 273.3 272.9 270.5 268.3 264.7 260.9 256.6 251.3 248.4 245.7 244.5 244.4 242 239.5 232.9 229.4 237.8 243.8 249.2 257.2 260.6 259.6 259.2 262.3 266.3 269.5 273.2 276.9 278.3 279.3 289.9 293.9 301.3 305.5
14 15.8 19.5 27.6 37.2 54.5 69.9 85.3 99.1 109.2 117.9 127.9 135.6 141.5 151.4 158.8 168.2 180.1 186.7 196.4 205.8 220.5 229.8 236 234.3 234.1 241.8 251.3 250.9 247.2 243.3 240 236 238.5 239.4 239.1 239 239 243.1 249 259.3 271.2 278.1 283 280.6 279.5 279.2 273.7 268.4 264.2 260.3 254.9 249.1 243.7 242 241.5 238.7 236.5 232.6 228.4 231 236.2 242.6 246.9 252.4 256 259.1 260.3 260.8 263.5 267 270.7 273.6 273.4 278.6 288.5 294.6 301.2 307.2
14.5 20 24.1 30.6 41.5 58.3 78.5 90.1 102.7 112 123.7 132.2 138.9 144.7 152.2 159.7 171.6 181.5 192.7 201.7 208.9 221.1 232.1 239.1 240.8 239 241.3 250.9 247.4 242.7 238.2 235.8 232.1 232.8 233.3 236.3 239.1 238.6 244.7 251.4 259.7 273.7 278.8 282.3 280.4 279.1 281 276.1 270.2 265.6 259.1 253.2 247 241.5 237.6 236.4 232.9 228.3 225.1 220.2 225.9 232.8 237.7 241.3 249.1 250 253.7 259.1 260.3 260.5 264 267.5 269.5 270.4 275.6 285.4 293.2 299.9 308
20.5 21.1 28.9 38.1 46.2 61.5 82.1 94.7 107.2 117.7 127.1 136.2 143 145.3 152.5 166.1 180.2 187.6 197 204.8 213.6 221.6 230.4 239 240.6 239 239 243.4 240.9 237.9 233.9 231.8 230.3 229.2 229.2 232.1 238.6 244.7 250.5 253.3 261.4 272.2 286.4 289.6 283.9 282.2 281 277.9 271.4 266.3 260 252 244.7 240.2 232.6 229.7 226.4 221.8 218.9 222 229.4 230.1 231.6 236.2 245 251.6 253.8 255.8 257 258.4 260.9 259.7 263 269.8 275 282.7 290.4 296.1 304.4
20.3 24.9 31.2 45.6 55 67.4 83.8 99.4 109.9 119.9 128.3 139.8 144.8 148.8 154.8 174 188.5 200.9 204.6 212.7 222.5 230.3 235.4 246.3 246 236.2 239 240 234.2 229 231 231 227.1 227.7 230.1 234.9 245.6 252.8 259 262.8 265.1 273.6 285.5 289.1 286.8 285.1 281.7 280.1 272.5 265.5 258.9 250.7 242.9 237.3 231.2 220.9 220.4 217.7 215.8 222.5 227.5 226.1 231 231.3 246.3 249.1 249.2 250.8 252.6 255.5 258.1 259.2 263.2 267.8 273.8 280.5 286.8 295.9 306.8
20.4 27.5 37.2 51.3 60.9 75.8 91 101.4 112.8 122.6 135.2 143.8 148 152.5 161.7 177.5 188.8 201.2 205 214.1 224.9 232.3 237.7 250.3 240.4 237.5 229.7 232.1 229 229 231 226.2 222.6 227.3 231.8 239.2 249.7 259.6 269.1 271 271.7 275.6 285.6 289 289.5 288 284.3 280.4 274.6 266.7 257.3 249.2 241.1 235.6 230 224.1 218.6 213 210.8 219.1 219.3 223 227.9 231.5 240.5 250.5 249.1 250.7 250.9 253.5 255.9 260 263.5 270 272.1 278.9 286.2 295.9 307.1
21.7 29.1 40.5 54.9 66.9 80.6 94.9 108 119.5 129.7 139 142.6 148.1 154.1 165.5 178.2 189.9 201 207.6 214 222.9 232.7 237.3 241 238.3 234.2 226.7 223.3 224.6 227.3 223.4 220.5 221.2 227.6 234 241.8 252.3 263.8 272.2 276.4 279.9 280.4 287.8 291.4 291.2 290.4 287.2 281 274.8 266.7 255.6 247.6 240.1 235.9 231.2 225.5 218.4 211.7 209.2 212.2 211.1 220.4 225.8 230.6 236.7 243 247.3 250.9 250.2 251.5 255.1 259.3 263.6 268.7 272.7 277.4 285.7 296.6 306.3
24.2 33.3 41.3 56.2 73.5 86.7 101.4 111.1 122.1 131.4 141.1 144.5 151 154.6 168.8 179.8 189.1 201.2 207.7 214.9 226.2 232.3 235.6 236 229.7 229.8 221.8 219.2 218.1 216.5 216.8 219.2 222.1 231.5 240.5 248.3 256.6 264.5 271.6 276.9 280.8 283.5 289.3 296 294.3 295.4 291.1 280.1 274.2 266.6 255.1 246.5 239.4 234.9 231.1 225.5 218.8 214 210.4 209.8 210.6 217.2 221.8 224.5 230.4 239 244.1 249.9 249.6 249.6 254.1 258.9 263.7 269.1 273.2 276.9 289.8 301.1 311.3
27.6 35.2 49.2 62.4 77.9 89.8 104.6 115.1 125.6 136.6 140.9 140.3 147.9 154.2 176.4 188.9 193.6 201 206.6 213.1 222.2 231.4 232 232.4 221.4 223.1 220.1 210.4 209.8 209.2 213.9 220.7 226.7 239.1 245.3 252.7 260.8 267.1 273.8 279.2 282.5 286.5 289.7 296.9 295.1 294.7 292.6 285.3 277.3 265.3 254.2 245.6 238.3 232.3 230.6 223.8 215.8 213.1 210.4 209.1 209.5 213.3 216.4 221.1 231.9 237.5 240.5 245 245.1 248.3 252.5 258.3 264.4 269.6 272.8 276.3 287.5 302.6 314.3
30 37.8 52.5 66.9 80.6 91.2 103.9 115.5 129.5 137.3 138.6 140.4 159.5 162.3 180.8 187.3 198 199.1 206.5 215.5 222.7 227.5 230.1 224.3 218.9 219.8 209.2 206.3 206.5 214.1 219.8 223.2 230.5 237.4 246.7 254.2 262.2 269.3 277.3 284.8 289.1 289 289.4 291.1 292.3 291.4 290.6 285.3 279.9 265.9 253.9 244.2 236.8 231 225.3 219.3 214.2 211 209 205.3 207.8 209.4 210.8 217.5 228.9 233.4 234.5 238.9 239.9 243.1 250.6 258.5 265.1 269.8 274.1 277.9 287.5 302.8 314.5
34.4 42.9 58.4 70.8 84.7 98.4 110.1 118.7 131.7 139.9 139.3 152.6 169.1 173.1 173.7 187.2 193.8 198.3 205.3 215.5 222.6 224.5 226.1 216.8 212.1 209.2 207.6 207 209.3 215 223.2 230.3 232.8 239 246.4 256.1 264.6 274.3 281.9 288.6 289.5 289.5 289.3 289.8 288.9 289.6 286 282 279.6 266.4 255 245.4 237.3 226.7 223.4 218.9 211.9 210.9 206.7 199.6 202.8 205.3 209.2 214.9 223.8 227 230.1 232.5 239.9 247.4 251.9 258.7 265.4 271.2 273 278.6 289.5 303.4 312.6
37 47.3 60.7 75.5 87.4 103.3 115 122 129.6 129.2 143 163.2 178 183.3 180.1 182.5 190.4 196.2 203.3 213.8 220.9 221.4 221.1 211.9 206.2 202.5 207.2 211 211.4 216.4 225.8 233.9 238.9 241 247.6 259.3 267.8 275.3 282.3 285.5 287.2 289 289.1 288.8 288.9 289 281.5 279.3 272.6 262.9 254.8 248.4 234.9 224.8 220 214.2 208.8 207.7 202.5 200.1 200.4 204 206.1 208.8 210.2 220.9 230.3 237.3 243.2 250 256.3 262.4 268.8 268.6 272 280 288.8 302.3 309.6
40.2 53.5 69.3 81.3 90.3 102.1 113.6 119.4 128.2 133.1 149.8 169.1 181.7 182.1 180.6 179.6 187.6 192.8 197.8 205.7 212.4 216.1 214.6 206.4 199.1 203.5 210.8 210.2 213.4 219.4 230.1 237.3 241.4 245.3 251.4 259 267.6 275.9 281.5 285.7 286.5 288.5 287.4 282.2 285.5 286.2 283.2 278.1 271 262.9 255.9 250.1 235.7 225.7 218.1 211.2 207.7 204 199.4 198.4 198 199 201.3 208.9 215 223.6 230.9 238.2 245.7 252.8 261.3 267 271.7 276 276.3 282.4 289.9 298.9 307.4
47.7 59.2 71.3 86.3 94.8 102.4 112.8 123.1 130.9 140.7 157 170.8 179.5 182.1 182 180.4 186.7 193.6 198 202.4 207.9 210.5 208.9 198.8 200.8 205.1 209.1 212.3 216.8 223.3 230 236.7 242.9 247.3 254.4 263.4 271.3 277.8 282.1 286.3 286.4 289.9 287.6 282.6 282.9 283.2 281.8 277.7 269.1 263.4 255.8 245.6 235 227.7 218.7 208.9 204.2 200.4 198.3 195.2 196.3 198 202 210.2 215.3 222.2 231 239.3 246.6 256.2 263.6 269.7 275.7 279.9 284.1 284.1 291.7 298.4 309.4
48.9 63.2 73.7 87.6 97.8 107.1 115.8 124.4 133.9 149.1 162.8 173.2 180.7 185.5 185.4 182.2 187.6 192.4 196.4 201 201.8 204.1 198.7 201 203 208.8 213.6 218.8 220.7 229 238.9 244.2 246.8 251.6 257.5 264.7 273 278.8 283.5 287.4 285.9 288.7 287.9 286.2 283.1 278.8 279.1 275.8 269.8 261.1 253.9 246.3 237.3 229.8 219.3 209.9 202.2 199 194.9 195 195.2 196.7 200.4 209 215.1 222.1 232 241 250.2 259.3 267.2 273.7 280.1 286.9 286.6 289.3 289.9 299.5 309.8
51.7 64.5 76.5 89.9 100.1 108.8 117.9 126.2 141.5 157.4 171.1 179.6 184.7 191 190.2 188.1 188.9 190 195.3 200.1 197.8 198.6 198.5 202.5 207.9 212 217.3 222.8 230.7 231.5 244.7 250.1 252.3 256.9 258.5 265.5 273 280.9 285.5 288.9 289.9 288.8 283.9 279 279.8 275.3 274.3 271.7 268.5 259.6 253.1 243.2 235.8 230.2 221.2 208.1 200.4 195.9 193 194.7 194.9 194.9 198.7 206.5 214.1 223.4 234.8 246.4 255.1 263 270.7 277.6 284.6 291 291.2 292.2 289.1 301.9 309.8
59.1 70.7 78.5 92.9 102.7 113.3 119.1 129.1 150.3 160.7 178.1 183.5 189.1 193.8 196.4 197.4 189.4 190.7 191 192.3 192.2 196.3 199.9 205.5 211.3 218 220.6 228.3 235.9 240.8 244.7 250 258.7 260.6 260.5 267.4 275.4 281.8 286.8 290.4 290.9 290.2 289.9 286.7 277.8 272.5 269.6 269.3 266.5 260.8 252.8 246.1 241.3 234.5 222.8 210.3 202 196.3 192.2 193.6 194.2 194.2 199.9 207.4 215.1 225.1 239 250.7 258.9 266.9 273.9 281.3 287.8 292.8 296.2 297.8 295.1 302.6 310.5
