data/200000-570000.asc
ncols 200
nrows 200
xllcorner 200000
yllcorner 570000
cellsize 50
[rows 144 to 179 of 200, columns 0 to 80 of 200]
34.4 37.4 36.1 31.3 36.8 39.8 37.1 31.7 30.9 38.2 43.8 46.6 48.5 51.3 55.8 55.9 55.4 55.5 61.6 64.6 66.7 74 79.4 82.5 85.2 83.9 81.8 81.4 82.7 83.4 81 81.1 78.4 75.7 67.6 56.3 53.7 57.3 66.4 68.2 64.8 63.3 64.5 64.5 62.5 59.4 55 50.2 44.4 29.7 -1.1 -1.1 -1.1 -1.1 -1.1 -1.1 -1.1 -1.1 -1.1 -1.1 -1.1 -1.1 -1.1 -1.1 -1.1 -1.1 -1.1 -1.1 -1.1 -1.1 -1.1 -1.1 -1.1 -1.1 -1.1 -1.1 -1.1 -1.1 -1.1 -1.1 -1.1
37.2 40.1 41.3 37.3 42 42.9 40.8 39 35 39.4 45.9 49.3 49.6 51.6 56.2 57.4 57 59.4 64.5 68.4 70.3 74 79.1 82.5 85.2 85.4 83.7 84.1 85.2 84.8 81.9 81.5 79.8 75.6 68.6 59.6 54.7 57.8 65.4 68.2 67.2 66 66.2 66.2 64.3 62.3 56.6 50.5 47 28.3 -1.1 -1.1 -1.1 -1.1 -1.1 -1.1 -1.1 -1.1 -1.1 -1.1 -1.1 -1.1 -1.1 -1.1 -1.1 -1.1 -1.1 -1.1 -1.1 -1.1 -1.1 -1.1 -1.1 -1.1 -1.1 -1.1 -1.1 -1.1 -1.1 -1.1 -1.1
39.7 41 42.3 42.8 44.7 45.7 46.9 49.2 42.6 41.4 47.5 50.7 51.5 52.9 56 58 58.7 62.7 67.3 70.3 72 74.4 79.6 83.5 86.4 86.6 85.5 86.3 88 84.7 83.6 83 80.2 75.8 69.7 61.1 56.1 58 64 68.9 67.7 67.7 68.6 69.2 69.7 66.2 59.8 53.3 47.1 37.4 -1.1 -1.1 -1.1 -1.1 -1.1 -1.1 -1.1 -1.1 -1.1 -1.1 -1.1 -1.1 -1.1 -1.1 -1.1 -1.1 -1.1 -1.1 -1.1 -1.1 -1.1 -1.1 -1.1 -1.1 -1.1 -1.1 -1.1 -1.1 -1.1 -1.1 -1.1
42 43.2 44.6 45.9 47.7 48.9 52.2 53.3 48 46 49.9 52.6 52.4 53.4 56.3 59.2 60.7 66.5 69.3 72.1 75.2 77.3 81.9 86.3 87.9 87.2 86.7 87.1 89.1 85.8 84 82.9 80.1 75.6 70.1 62.6 57.3 59.3 63.2 68.8 68.3 70.7 71.5 73.2 72.6 69.4 62 55.2 48.7 40.7 22.8 -1.1 -1.1 -1.1 -1.1 -1.1 -1.1 -1.1 -1.1 -1.1 -1.1 -1.1 -1.1 -1.1 -1.1 -1.1 -1.1 -1.1 -1.1 -1.1 -1.1 -1.1 -1.1 -1.1 -1.1 -1.1 -1.1 -1.1 -1.1 -1.1 -1.1
42.9 45 47 48.8 49.4 51.1 54.2 54.2 50.8 50.8 52.1 52.6 52.3 53.3 57.2 61 64 67.7 70.2 74.9 77.4 80.2 84.7 89.1 89.8 88 87.6 87.8 88.9 87.3 84 83.2 80.2 75.6 70.8 63.9 58.7 60.9 63.1 69 69.3 73.1 74.8 75.9 75 72.3 65.1 56.8 50.2 43.8 29.9 -1.1 -1.1 -1.1 -1.1 -1.1 -1.1 -1.1 -1.1 -1.1 -1.1 -1.1 -1.1 -1.1 -1.1 -1.1 -1.1 -1.1 -1.1 -1.1 -1.1 -1.1 -1.1 -1.1 -1.1 -1.1 -1.1 -1.1 -1.1 -1.1 -1.1
43.7 46.3 47.9 49.8 52.5 55.2 57.7 55.3 53.9 55.2 52.3 52.5 53 54.3 58.3 61 63.5 67.9 71 76.4 79.2 81.5 86.1 89.7 90.1 89.1 88.4 88.6 89.4 88.9 87.9 84.9 81.5 76.1 72.5 65.8 60.4 61.7 64.4 69 71.8 75.1 76.7 78 76.8 73.8 68.4 58.7 50.7 43.9 32.3 -1.1 -1.1 -1.1 -1.1 -1.1 -1.1 -1.1 -1.1 -1.1 -1.1 -1.1 -1.1 -1.1 -1.1 -1.1 -1.1 -1.1 -1.1 -1.1 -1.1 -1.1 -1.1 -1.1 -1.1 -1.1 -1.1 -1.1 -1.1 -1.1 -1.1
44.8 47.7 49.9 52.6 54.2 56.6 59.3 56.8 56.3 57.3 54.7 53.4 54 56 58.7 61.3 63.9 68.1 71.9 76.5 80.6 82.5 86.7 88.7 89.4 89.2 89.5 89.6 90.3 91.1 90.2 85.4 81.6 77.7 75.1 68.4 62.5 63 65.1 68.7 72.2 76.3 77.4 79.1 77.1 74.6 70.3 60.9 52.5 43.4 33.2 13.9 -1.1 -1.1 -1.1 -1.1 -1.1 -1.1 -1.1 -1.1 -1.1 -1.1 -1.1 -1.1 -1.1 -1.1 -1.1 -1.1 -1.1 -1.1 -1.1 -1.1 -1.1 -1.1 -1.1 -1.1 -1.1 -1.1 -1.1 -1.1 -1.1
45.6 48.5 52.2 55.5 55.9 57.6 60.8 59.4 57.9 59 56.7 54.2 55.3 57.2 59.3 61.7 64.6 68.9 73.7 79 82 83.5 85.8 87.8 88.5 88.5 89.7 91.1 92.2 93.7 90.4 85.7 81.6 79 78.9 76.2 68.7 64.3 66 69.3 73.3 76.8 78.1 79.5 78.1 75.4 70.8 61.8 52.7 42.8 35.4 10.4 -1.1 -1.1 -1.1 -1.1 -1.1 -1.1 -1.1 -1.1 -1.1 -1.1 -1.1 -1.1 -1.1 -1.1 -1.1 -1.1 -1.1 -1.1 -1.1 -1.1 -1.1 -1.1 -1.1 -1.1 -1.1 -1.1 -1.1 -1.1 -1.1
46.3 49.7 53.5 55.5 57.1 57.8 59.5 59 58.1 58.8 56.8 55.6 57.8 59.1 60.9 62.8 65.3 69.9 75.7 80.5 82.1 83.1 85.5 87.5 88.1 88.2 89.5 91.2 94.6 96.6 90.6 85.5 81.8 79.9 80.3 82 72.8 65.1 66.8 70.4 75.3 76.4 76.8 78 77.7 75.3 70.8 63.7 52.9 43.6 34.1 16.3 -1.1 -1.1 -1.1 -1.1 -1.1 -1.1 -1.1 -1.1 -1.1 -1.1 -1.1 -1.1 -1.1 -1.1 -1.1 -1.1 -1.1 -1.1 -1.1 -1.1 -1.1 -1.1 -1.1 -1.1 -1.1 -1.1 -1.1 -1.1 -1.1
47.2 50.7 54.2 56.1 57.2 58.1 58.9 59.2 58.9 58.8 57.8 57.6 60.4 61.4 63.7 66.4 66.6 70.1 75.9 80.3 82.7 83.1 84.9 87 87.5 88 89.2 91.7 94.8 95.4 90.9 86.8 83.1 79.3 79.5 84.2 76.6 67.1 67.7 72.8 75.2 75.8 75.9 76.7 76.9 75 70.5 64.1 54.1 43.1 34.6 28.1 -1.1 -1.1 -1.1 -1.1 -1.1 -1.1 -1.1 -1.1 -1.1 -1.1 -1.1 -1.1 -1.1 -1.1 -1.1 -1.1 -1.1 -1.1 -1.1 -1.1 -1.1 -1.1 -1.1 -1.1 -1.1 -1.1 -1.1 -1.1 -1.1
48.1 52.2 56.3 57.5 57.5 57.7 59.8 60.4 59.7 59.1 58.1 58.2 64.2 67.3 70.6 72.7 72.1 73.6 76.7 81.2 81.9 82.5 83.6 86.2 86.7 87.3 88.4 91.1 94.4 94.4 90.1 88.5 84.5 78.5 78 83.2 78.7 69.5 69.6 73.7 74.4 74.8 75.8 76.8 76 73.9 69.6 63.2 54.5 42.9 33.6 15.2 -1.1 -1.1 -1.1 -1.1 -1.1 -1.1 -1.1 -1.1 -1.1 -1.1 -1.1 -1.1 -1.1 -1.1 -1.1 -1.1 -1.1 -1.1 -1.1 -1.1 -1.1 -1.1 -1.1 -1.1 -1.1 -1.1 -1.1 -1.1 -1.1
48.5 53 57.1 58 57.6 57.8 59.1 61.5 61.3 62.1 59.3 59.7 67.6 74 78.7 80.5 78.4 77.4 78.6 80.5 81.1 81.7 82.5 84.9 85.9 86.4 87.7 89.9 92.7 92.5 89.4 87.5 84.6 77 75.7 80.8 79.2 70.9 70.2 73.3 74 75.1 76 76.7 75.5 72.7 68.7 62.8 54.4 42.8 33.4 20.2 -1.1 -1.1 -1.1 -1.1 -1.1 -1.1 -1.1 -1.1 -1.1 -1.1 -1.1 -1.1 -1.1 -1.1 -1.1 -1.1 -1.1 -1.1 -1.1 -1.1 -1.1 -1.1 -1.1 -1.1 -1.1 -1.1 -1.1 -1.1 -1.1
49.3 53.6 57.4 58.2 57.2 57.5 59.8 62.1 64.1 64.2 62.4 66.7 73.4 83.6 86.7 88 83.1 81.6 79.3 79.1 79.6 80.5 81.5 83.9 85.4 85.6 86.9 89.4 90.5 90.6 88.4 85.8 83.7 77.1 74.5 78.2 78.5 72.6 70.7 73.3 73.8 74.7 75 75.2 74.3 71.3 67.4 61.8 53.2 41.3 32.6 26.6 23.3 -1.1 -1.1 -1.1 -1.1 -1.1 -1.1 -1.1 -1.1 -1.1 -1.1 -1.1 -1.1 -1.1 -1.1 -1.1 -1.1 -1.1 -1.1 -1.1 -1.1 -1.1 -1.1 -1.1 -1.1 -1.1 -1.1 -1.1 -1.1
51.1 54.8 57.4 58.1 57.5 58.4 58.8 60.5 62.5 63.9 67.7 75 80.4 86.6 87.9 87.9 84.9 79.8 79 78.6 79.3 80.2 81 83.2 85.2 85.2 87.1 88.9 89 88.8 86.6 84.1 82.3 77.3 73.5 74.2 76.4 72.2 70.7 72.4 72.6 72.9 73.3 73.7 72.7 69.7 65.4 59.4 51.3 41 31.5 26.1 18.8 1.6 -1.1 -1.1 -1.1 -1.1 -1.1 -1.1 -1.1 -1.1 -1.1 -1.1 -1.1 -1.1 -1.1 -1.1 -1.1 -1.1 -1.1 -1.1 -1.1 -1.1 -1.1 -1.1 -1.1 -1.1 -1.1 -1.1 -1.1
51.4 54.3 56.5 57.6 58.1 61.3 62 62.5 63.8 66.9 71 77.8 83.4 87.2 87.4 86.1 83.4 80 78.5 78.7 79.2 79.9 80.7 82.8 86.9 86.6 86.2 88.1 88.9 86.7 84.6 82.1 80 76.7 72.9 73.5 75.2 71.9 70.3 71.8 72.2 71.8 71.7 72.3 71.2 67.9 63.6 58 50.6 40.4 30.1 25.3 13.7 5.9 -1.1 -1.1 -1.1 -1.1 -1.1 -1.1 -1.1 -1.1 -1.1 -1.1 -1.1 -1.1 -1.1 -1.1 -1.1 -1.1 -1.1 -1.1 -1.1 -1.1 -1.1 -1.1 -1.1 -1.1 -1.1 -1.1 -1.1
50.7 54.3 57.5 57.8 58.4 62.1 63.4 65.3 66.9 69.4 72.9 78.3 84.3 85.5 85.4 84.8 82.7 80.2 78.9 78.8 79.8 80.7 81.2 84.1 87.7 87.6 86.5 87.8 88.9 85.6 82.7 79.9 78.8 76.2 73.5 73.6 74.2 72.7 70.8 72.1 72 71.6 71.6 71.6 69.4 66 61.5 56.6 49.6 40.6 30.8 24.2 20.8 17.3 4.4 -1.1 -1.1 -1.1 -1.1 -1.1 -1.1 -1.1 -1.1 -1.1 -1.1 -1.1 -1.1 -1.1 -1.1 -1.1 -1.1 -1.1 -1.1 -1.1 -1.1 -1.1 -1.1 -1.1 -1.1 -1.1 -1.1
50.7 54.3 57.6 58.5 60 62.6 64.8 66.9 67.8 70.6 73 77.9 82.1 83.9 84 82.7 82 79.7 79 78.9 79.3 80 80.5 82.1 86.7 87.7 86.7 87.2 88.3 85.6 82.3 79 78.1 76.7 74.4 73.8 74.8 73.8 71.4 71.9 72.1 71.7 70.7 69.2 67.4 64 59.5 55.4 48.9 40.4 31.4 24 20.2 14.9 4.5 -1.1 -1.1 -1.1 -1.1 -1.1 -1.1 -1.1 -1.1 -1.1 -1.1 -1.1 -1.1 -1.1 -1.1 -1.1 -1.1 -1.1 -1.1 -1.1 -1.1 -1.1 -1.1 -1.1 -1.1 -1.1 -1.1
51.9 54.4 58.8 59.4 60.6 63.8 65.8 67.9 68.6 70 71.8 74.5 81.5 81.8 81.5 81.7 80.4 79.5 79.4 79.3 79.2 79.5 79.9 80.5 84.7 87 86 87.5 87.7 85.8 83.6 79.4 78.2 77.3 76.4 75.9 75.7 74.3 72.7 72.8 72.2 71.2 69.9 68.4 66.2 62.4 57.9 53.8 48.4 40 31.9 23.7 20.6 12.9 2.9 -1.1 -1.1 -1.1 -1.1 -1.1 -1.1 -1.1 -1.1 -1.1 -1.1 -1.1 -1.1 -1.1 -1.1 -1.1 -1.1 -1.1 -1.1 -1.1 -1.1 -1.1 -1.1 -1.1 -1.1 -1.1 -1.1
53.2 55.6 59.7 60.5 62.2 62.4 65.7 68.7 69.4 70.3 71.2 73 77.9 78.4 78.9 80 79.7 79.4 79 78.9 79.1 79.7 80.1 80.8 82.3 85.5 86.9 87 87.6 86.4 83.9 79.9 78.3 78.2 78.3 78.9 77.4 75.5 73.9 72.7 72.3 71.6 70.1 68.8 65.1 61.2 57.6 52.7 46.9 39.3 32.6 24.4 20.8 17.3 -1.1 -1.1 -1.1 -1.1 -1.1 -1.1 -1.1 -1.1 -1.1 -1.1 -1.1 -1.1 -1.1 -1.1 -1.1 -1.1 -1.1 -1.1 -1.1 -1.1 -1.1 -1.1 -1.1 -1.1 -1.1 -1.1 -1.1
53.4 54.5 57.8 59.4 60.8 63.1 67 70.5 69 70.4 70.9 72 75.4 78.3 78 78.4 79.8 79.7 78.8 78.7 79.3 79.8 80.3 81.2 82 84.7 87.3 87.2 86.8 87 84 80.9 78.6 78.8 80 81.1 79.1 77 74.3 73 71.9 71.7 70.9 68.9 64.5 60.6 56.3 51.8 46 39.3 33.9 26 18.9 7 -1.1 -1.1 -1.1 -1.1 -1.1 -1.1 -1.1 -1.1 -1.1 -1.1 -1.1 -1.1 -1.1 -1.1 -1.1 -1.1 -1.1 -1.1 -1.1 -1.1 -1.1 -1.1 -1.1 -1.1 -1.1 -1.1 -1.1
53.8 55.3 57.7 61.2 62.9 65.8 68.1 68 69.4 70.2 72.5 71.3 73.4 77.2 76.5 77.3 80.2 81.3 79.6 79.1 79.6 80.2 81.9 84.2 84.8 85.5 86.9 87.1 87.5 87.2 84.5 81.4 79 78.6 82 84 82.1 79 76.3 74.2 73.1 71.4 71.2 68.4 64.6 60.1 54.5 49.5 45.3 39.3 32.2 17.4 3.6 -1.1 -1.1 -1.1 -1.1 -1.1 -1.1 -1.1 -1.1 -1.1 -1.1 -1.1 -1.1 -1.1 -1.1 -1.1 -1.1 -1.1 -1.1 -1.1 -1.1 -1.1 -1.1 -1.1 -1.1 -1.1 -1.1 -1.1 -1.1
54.3 55.8 59.5 63.7 65.9 67.9 69 71.4 71.2 71.3 71.9 72.4 72.3 74 74.9 77.3 80.7 83.2 82.3 80.1 80.1 80.6 84.8 88.4 89.6 86.5 85.8 88.8 89.9 91.9 88.1 83.7 82.7 82.8 85.2 86.4 85.6 81.9 79 74.9 74.2 74.4 74.1 71 64.7 59.7 54.5 48.5 43.4 39.1 24 6.7 1.7 -1.1 -1.1 -1.1 -1.1 -1.1 -1.1 -1.1 -1.1 -1.1 -1.1 -1.1 -1.1 -1.1 -1.1 -1.1 -1.1 -1.1 -1.1 -1.1 -1.1 -1.1 -1.1 -1.1 -1.1 -1.1 -1.1 -1.1 -1.1
55.2 56.1 63 66.8 69.3 71.1 71.1 72.7 74.2 73.9 74.1 74.6 73.5 74.6 76.1 78.9 82.2 86 85.6 82 81 81.8 85.8 90.8 93.2 88.7 86.6 90.3 92.2 94.7 91.1 86.7 85.7 85.5 86.6 88.9 88.7 85.4 80.9 75.4 73.5 74.8 74.7 72 63.9 59.2 53.7 48.6 43.5 38 23.4 7.4 3.7 1.1 -1.1 -1.1 -1.1 -1.1 -1.1 -1.1 -1.1 -1.1 -1.1 -1.1 -1.1 -1.1 -1.1 -1.1 -1.1 -1.1 -1.1 -1.1 -1.1 -1.1 -1.1 -1.1 -1.1 -1.1 -1.1 -1.1 -1.1
56 59.5 66.1 72.4 76.2 74.9 73.2 75 77.4 77.8 77.9 78.1 77.6 76.1 75.8 79 82.2 86.8 87.9 84.6 82.5 82.9 85 91.7 94.7 92.2 90.1 91.5 93 94.6 91.3 88.9 88.6 88.2 88.6 90 89.6 86.8 82.3 77.3 70.8 73.1 73.8 72.2 62.2 61 54.3 47.1 43 36.7 32.2 12.3 5.6 3.2 1 -1.1 -1.1 -1.1 -1.1 -1.1 -1.1 -1.1 -1.1 -1.1 -1.1 -1.1 -1.1 -1.1 -1.1 -1.1 -1.1 -1.1 -1.1 -1.1 -1.1 -1.1 -1.1 -1.1 -1.1 -1.1 -1.1
60.8 63.1 71 77.3 80 79.6 76.6 78.2 81.7 80.5 80.6 82.5 79.6 77.8 76.6 78 82 86 88.3 86.3 83.7 84.2 84.7 90.8 94.5 95.1 91.3 91.6 92.5 94.1 92.2 89.8 89.6 89.3 89.4 89.7 89.8 87.7 83.3 77.5 70.7 71.1 71.2 69.7 60 60.8 54 46.9 43.3 36.8 33.4 29 9.3 5 3.1 1 -1.1 -1.1 -1.1 -1.1 -1.1 -1.1 -1.1 -1.1 -1.1 -1.1 -1.1 -1.1 -1.1 -1.1 -1.1 -1.1 -1.1 -1.1 -1.1 -1.1 -1.1 -1.1 -1.1 -1.1 -1.1
65.5 67.3 74.4 80 82.2 82.1 80.4 81 81.8 81.2 82.9 81.7 81.4 80 78.4 78.9 79.8 84.3 88.4 86.9 85 84.9 85.9 88.1 92.9 95 93 93 93.6 93.9 92.9 89.9 89.3 89.3 89.3 89.3 89.5 87.9 83.7 77.4 67.4 67.3 67.5 58.4 62.8 59.9 53.4 47.2 42.1 37.1 33.9 31.3 22.4 7.3 5.3 3.4 1.6 -1.1 -1.1 -1.1 -1.1 -1.1 -1.1 -1.1 -1.1 -1.1 -1.1 -1.1 -1.1 -1.1 -1.1 -1.1 -1.1 -1.1 -1.1 -1.1 -1.1 -1.1 -1.1 -1.1 -1.1
69.2 69.5 75.9 81.7 83.6 83.7 83.3 82.9 84 83.8 82.5 82.5 83 82.1 81.3 79.9 81.3 84.9 87.1 89 87.1 86.7 87.9 88.9 93.2 95.6 95 96 96 94.3 93.1 90.8 89 89.1 88.7 88.5 88.3 87.1 82.3 75.7 66.1 63 63.6 55.7 60.9 58.5 52.8 48.7 44.2 41.3 37.4 32.9 30 23 11.9 5.4 3.9 1.8 0.8 -1.1 -1.1 -1.1 -1.1 -1.1 -1.1 -1.1 -1.1 -1.1 -1.1 -1.1 -1.1 -1.1 -1.1 -1.1 -1.1 -1.1 -1.1 -1.1 -1.1 -1.1 -1.1
72.1 71 75.9 81.8 83.3 84.6 84.7 83.4 84.4 84.5 83.4 83.1 85 84.1 83.8 83.6 85.1 84.8 88.4 90.6 88.1 88.3 89.3 89.9 92 94.8 94.9 95.5 95.9 94 93 90.6 87.4 86.9 86.3 85.8 85.9 84.2 80 73.2 65 58 60.3 54.2 58.9 56.6 52.5 49.7 45.3 42.2 40.9 40.2 35.3 26.1 20 13.6 10.3 4.7 1.5 0.6 -1.1 -1.1 -1.1 -1.1 -1.1 -1.1 -1.1 -1.1 -1.1 -1.1 -1.1 -1.1 -1.1 -1.1 -1.1 -1.1 -1.1 -1.1 -1.1 -1.1 -1.1
73.4 72.6 76.8 81.9 84.8 85.3 85 85 84.5 85.8 85.5 85.3 87.2 86 86.6 85.2 86.2 86.7 89.3 91.5 89.9 89 90.6 91.7 92 93.8 95.4 94.7 94.9 94.4 93 89.8 87 84.7 83.3 81.8 81.5 79.6 76.6 70.6 63.8 56.4 54.8 56 57.4 55.8 52.2 47.7 46.2 44.8 46.7 47 41 34.9 29 23.1 18.2 7 4.7 2.1 1.6 -1.1 -1.1 -1.1 -1.1 -1.1 -1.1 -1.1 -1.1 -1.1 -1.1 -1.1 -1.1 -1.1 -1.1 -1.1 -1.1 -1.1 -1.1 -1.1 -1.1
74.1 73.8 77.8 83.8 86.8 86.3 85.4 86.7 88.8 89.9 88.8 87.3 87.5 87.6 88 88.3 88.3 90.7 89.5 91.7 91.2 90.1 91.3 92.5 92 94.1 96.4 95.5 94.1 93.6 91.1 88.4 85.8 82.1 80.7 79.5 77.4 75.5 72.6 69 61.1 51.8 51.2 52.5 54.3 52.5 51 46.5 45.4 47.3 49.6 49.4 44 38 32.9 24.2 20.2 8.8 4.3 3.3 3.4 2.2 0.8 -1.1 -1.1 -1.1 -1.1 -1.1 -1.1 -1.1 -1.1 -1.1 -1.1 -1.1 -1.1 -1.1 -1.1 -1.1 -1.1 -1.1 -1.1
74.6 76.1 79.5 86.9 92.5 89.8 88.6 91.8 93.3 92.2 90.6 88.9 89.6 92.6 90.5 91.4 91.1 91.8 93 95.2 92.5 91.3 94.5 94.7 93.6 95.8 96.9 96.4 96 93.4 89.2 86.6 83.8 80.9 80.1 80.8 78.9 73.1 69.9 66.2 59.4 48 51.5 48.2 50.4 50.7 49.9 45.9 45 48.1 52 50 47.2 41.6 33.2 26.1 20.5 18.8 10.4 6.2 5.6 7.6 3.8 1.4 -1.1 -1.1 -1.1 -1.1 -1.1 -1.1 -1.1 -1.1 -1.1 -1.1 -1.1 -1.1 -1.1 -1.1 -1.1 -1.1 -1.1
76.9 77.7 83.8 90 95.2 93 92.5 94.9 96.7 94.2 93.8 94.2 94.1 94.1 91.5 91.7 91.9 92.2 93.9 95 92.9 91.7 94.6 94.9 94.5 97.3 98.1 97.3 95 91.9 87.5 84.5 81.9 80.5 83.9 85.3 81.7 75.1 68.4 63.4 57.9 48.8 49.1 46.2 48.5 48.3 47.6 45.7 44.5 48.5 51.8 52.8 49.8 44.2 35.7 28.1 22.1 18.8 17.2 10 9.5 14.9 9.5 4.5 1.9 -1.1 -1.1 -1.1 -1.1 -1.1 -1.1 -1.1 -1.1 -1.1 -1.1 -1.1 -1.1 -1.1 -1.1 -1.1 -1.1
78 77.9 83.7 89.1 95.1 94.1 93.4 94.8 96.8 95.9 96.2 94.1 93.5 91.9 91.2 91.1 91.2 91.5 93.5 94.5 93.9 92.8 92.2 93 94.1 95.8 95.7 95 93.1 90 86.6 84.3 81.9 81.1 88.2 89.2 84.1 75.3 67.9 61.1 55.9 48.2 46.7 45.3 45.1 45.7 46.6 45.5 44.1 47.3 50.6 52.1 50.6 44.5 37.9 30.1 24.1 19.4 17.4 16.4 15.8 15 15 12.8 5.9 1.6 -1.1 -1.1 -1.1 -1.1 -1.1 -1.1 -1.1 -1.1 -1.1 -1.1 -1.1 -1.1 -1.1 -1.1 -1.1
78.1 80.2 83.1 88.5 92.9 94.3 93.6 93.8 94.8 94.8 94.1 93.2 92.5 91.4 90.5 90 89.9 91.2 92.7 94.4 93.5 91.8 90.6 91.2 91.6 92.5 92.3 92.2 91 89 85.4 82.8 81.9 83.5 89.4 89.5 84.8 75.6 66.3 59.6 54.5 48.6 45.3 43.7 43.3 43.3 44.6 44.1 43.2 45.8 49.1 50.4 50.6 45.2 38.9 32.2 26.2 20.7 18.5 18 17.6 16.7 14.5 12.9 10.2 6.2 2.6 -1.1 -1.1 -1.1 -1.1 -1.1 -1.1 -1.1 -1.1 -1.1 -1.1 -1.1 -1.1 -1.1 -1.1
78.7 81.1 84.4 87.5 91 94 95.4 94.8 95.2 93.7 93.5 92.7 91.4 89.8 89.9 90 91 94.2 94.1 93.4 91.9 91 89.7 89.3 89.4 89.7 89.9 89.2 88.2 86.1 84 83.2 82.6 85.9 89 88.2 84.4 75.4 64.4 58.2 53.3 48.5 44.1 42.5 42.2 42.1 42.6 42.2 41.9 44.4 46.9 48.3 48.7 45.3 39.2 33.1 28.6 23.3 21.9 21.3 20.2 17.6 15.8 13 10.3 7.4 5 -1.1 -1.1 -1.1 -1.1 -1.1 -1.1 -1.1 -1.1 -1.1 -1.1 -1.1 -1.1 -1.1 -1.1
80.3 81.6 84.7 87.6 90.5 93.7 94.1 94 93.6 91.6 91.9 92 89.9 88.8 89.6 88.2 89.4 91.2 91.9 91.3 91.5 89.4 88.2 87.9 86.7 86.7 86.7 86.3 85.2 84.3 84.3 83.4 82.2 85 87.3 85.1 81.5 75.6 63.9 56.3 51.5 47 42.8 41.8 41.2 41.1 41.1 41.1 41.2 42.6 44.5 46 46.1 44.1 39 33.6 29.6 23.6 27 26.2 22.5 18.8 17.5 15.9 10.7 7 5.8 -1.1 -1.1 -1.1 -1.1 -1.1 -1.1 -1.1 -1.1 -1.1 -1.1 -1.1 -1.1 -1.1 -1.1
