data/200000-630000.asc
ncols 200
nrows 200
xllcorner 200000
yllcorner 630000
cellsize 50
[rows 148 to 184 of 200, columns 0 to 83 of 200]
326.4 325.6 322.8 320.6 321.2 319 316 314.4 313 312.4 311.8 311.1 308.6 306.1 302.6 299.9 296.9 293.4 289.4 281.9 276.4 273 269.9 267.1 265.4 262.8 260.5 258 257.5 258 253.8 248.2 242.2 231.1 219.7 210.6 202.1 187.1 174.3 161.8 149.5 137 126.6 115.7 103.3 93.8 82.3 71.9 65 59.2 53.6 46.4 49.7 54.4 57.2 60.6 64.1 68.4 74.7 78.7 81.5 84.6 87.5 89.4 91.7 92.4 92.6 91.8 90.1 91.4 88.9 84.2 87.5 87 81.1 82.8 84.3 84.1 80.9 78 73.7 69.3 61.9 53
320.2 321.9 320.4 318.6 318.5 316.5 314.5 312.9 312.3 312.5 312 311.3 309.4 306.9 304.3 301.7 298.9 294.5 289.3 281.7 277.1 274 271.7 269.9 269.5 266.9 265.1 263.8 264.1 260.5 256.7 253.9 248.2 233.6 221.7 208.3 197.5 188.5 176.4 165.2 155.6 145.8 136.1 124.7 114.9 102.8 87.6 79.7 71.2 61 52.5 46.7 45.6 49.7 56.4 59.7 60.8 63.2 67.7 71.4 76 77.9 78.4 80.6 82.7 84.1 85.7 86.7 84.3 83.8 81.2 76 82.3 80 77.8 72.3 76.5 75.5 72.4 69.5 67.1 63.5 57.6 51.4
316.6 318.5 317.4 315 314.5 314.2 312 311.4 310.4 311.9 311.7 311.3 309.7 307.8 305.6 302.5 300.4 295.1 288.8 280.5 276.9 273.3 271.7 271.1 271.1 270.6 269.2 268.7 268 264.5 260.5 257.1 251.1 237.3 221.6 208.6 199.8 191.4 182.7 172 160.4 149.6 141.9 133 121 103.9 94.4 84.8 75.1 62.5 55.5 48.6 39.2 41.5 52.5 58.9 58 57.3 60.1 64.5 69.9 74.1 72.8 73.7 74.4 76.2 79.6 80 79.2 76.3 74.9 69 74.4 72.3 69 60.8 68.1 66.7 63.4 61.4 59.7 57.5 53.3 48
313 314 314.3 312.2 310.8 311.1 310.8 309.1 309.7 311.2 311.2 311 310 308.9 306.6 303.2 299.7 294.5 288.4 280 275.8 272.3 270.7 269.7 271.1 269.7 269.5 270.2 271.4 267.2 263.8 258.6 251.1 237.9 223.1 212.4 202.6 197.4 188.2 178.4 165.1 155.1 146.9 137.3 123 111.5 102.8 88 78.5 69.8 62.9 56 50.3 42.4 40.3 55.4 56.3 55 54.5 57.8 63.5 68.5 67.5 66.6 66.6 69.5 72.5 76 73.7 68.7 69 60.4 67.9 66.1 61.6 55 58.6 57.9 55.3 53.3 53.6 50.8 48.1 42.9
308.7 309.7 311.3 310.7 307.2 307.2 306.6 304.9 305.5 307.2 309.1 309.6 310 309.2 305.8 301.4 297 291.3 285.5 279.1 275 271.5 270 269.1 269.6 269 270.7 275.9 273.4 269.7 265.3 259.8 249 238.5 225.6 213.9 207 200.5 190.6 179.1 168.6 160.4 151.1 140.6 129.4 117.6 105.7 96 84 73.3 67.2 63.1 59.6 51.5 39.8 49.1 53.5 51.2 49.5 50.2 55 59.4 59.9 59 59.6 61.7 65.7 69.5 68.2 62.2 62.8 52.9 61.1 58.4 54.8 47.9 49.9 50.4 47 43.7 45 44.1 41.3 36.1
304.5 306.1 306.8 305.4 302.4 302.2 302.7 301.1 299.8 303.9 305.1 307.1 309.1 307.6 304.6 299.2 293.9 287.5 280.7 275.6 273 269.4 267.9 267.6 268 269.5 270.4 272.6 272 269.3 264.5 259.6 251.9 241.7 228.1 215.7 209 202 191.3 181.8 171.5 162.7 152.9 143.1 134.8 122.9 110.5 98.4 84.5 73.6 67.2 64.8 62.3 56.2 42.7 38.7 46.5 48.2 46 43.6 46.4 50.7 52.4 51.6 52.7 54.5 58.2 60.6 61.9 58.2 53.6 49.8 53.9 51 46.7 39 43.1 40.5 37 35 32.5 31.6 27.9 26.4
300.5 302.1 301.6 300 298.5 298.2 299.9 298.4 297.4 300.2 300.4 303.3 307.2 304.7 301.6 296 289.5 282.3 276.1 270.9 268.4 267.2 265.7 264.7 265.5 268.5 271.1 271.1 269.1 267.3 262.1 260 253.3 243 227.7 218.4 210.4 202.7 193.2 182.9 172.5 164.4 156.7 146.8 132.4 121.7 110.6 101 90.5 76.1 65.5 60.7 60.7 57.2 50.3 38.2 30.9 35.6 40.6 37.7 37.8 39.4 40.7 45.2 48.4 47 49.8 52 54.7 52.9 51 39.8 45.2 44.4 39.9 30.8 33.6 30.6 27.9 25.4 22.7 21.1 20.6 20.9
292.2 294.9 296.3 295.1 293.5 291.4 293.1 293.2 291.6 295.1 298.3 301 301.9 301.5 296.1 288.1 280.8 274.8 270.1 264.8 261.7 262 261.6 260.9 261.3 263.7 267.4 268.4 267.7 264.6 260.9 259.2 253.3 240.8 229.8 220.7 212.2 203.9 194.8 185.1 175.4 166.5 158.2 147.8 137 126.8 115.5 101.9 91.3 78.8 66.1 57.3 50.8 52.4 48.7 40.4 31.3 28.4 34.9 32.8 31.5 32.5 34.2 39.1 41.7 42.4 42.8 44.5 46.9 45.6 42.1 35.7 36.7 33.6 29.9 26.1 25.9 23 23 18.6 15 5.8 4.3 4.2
283.7 286.9 288.4 290.8 289.1 288.8 289.1 288.1 287.9 291 292.6 295.1 293 288.5 282.3 276.6 271 266.3 259.2 254.7 255.5 256.1 256.6 257.2 256.8 258.9 262.8 259.7 261.2 260.5 259.1 255.9 249.6 238.6 230.7 222.7 214.3 205.2 195.4 187.1 177.7 168.6 159.6 148.9 138.4 129.7 117.2 105.1 93.4 82.7 72.9 62.1 50.7 44.1 43.4 36.4 31 23.7 24.5 27.6 25.8 25.3 27.4 30.1 35.6 38 36.8 38.6 40.4 40.1 31.9 26.6 28.6 26.4 22.9 19.5 16.8 11 9.7 6.5 3.3 2.3 2.2 1.9
276.1 279 281.5 284.2 283.3 282.8 283.8 282 282.4 284.8 286.2 286.9 284.1 279 273.6 267.7 259.9 257 250.3 248.2 248.4 248.3 250.8 251.7 251 253.7 254.9 254.2 255 255.5 253.7 249.8 244.2 235.6 228.8 223.3 217.1 207.5 196.5 187.5 178.9 171 160.7 149.8 138.2 127.9 117.6 105.6 95.3 84.1 73.6 61.8 51.6 41.5 38.4 33.7 30 25.4 20 22 21.3 24.1 28.2 30.6 30.9 32.2 31 31.5 34.7 30.5 26.9 20.4 23.1 22.9 17.3 11.9 7.5 4.7 2.8 1.6 1.4 1.7 1.1 1.3
268.6 271.2 273.5 276.7 276.3 277.7 278.9 276.2 276 277.9 278.2 278.8 275.1 269 265 258.7 253 249.5 242.7 240.3 241 241.3 242.1 244.6 246.1 247.8 246.9 248.6 249.2 250.9 249.5 244.3 238.2 231 226.4 222.8 217.7 209.1 199.2 190.3 179 171.6 162.6 151.8 138.6 130.2 119.6 107.9 96.1 84.7 75.4 63.7 51.8 41.3 33.8 30.2 26.3 23.7 19.4 17.6 18.4 27.4 28.7 29 27.9 27.4 25 24.2 24.8 23.1 19.8 13.4 11 12.7 8.7 5.1 2.4 1.5 1 0.4 0.1 0.2 -1.1 -1.1
260.9 262.9 265.3 268.9 269.3 269.2 271.2 269.9 270.1 269.9 270.7 269.7 265.7 260.1 254.4 248.9 241.3 240.4 233.7 233 234.1 234.9 235.5 237.7 239.3 239.6 240.1 240.6 243.6 244.7 242.4 239.6 231.9 226.5 223.9 219.7 214.6 208.4 199.9 191.5 178.8 171.2 161.8 150.6 140.1 131.4 118.5 109.6 97.2 85.7 74.9 62.3 51.7 44.2 37.6 30.6 29.6 24.5 22.3 18.2 15.5 22.5 25.8 23.7 21.9 21 18.8 16.7 11.7 10.4 7.4 7.2 7.1 6 2.1 1.2 0.8 0.2 -0.3 -1.1 -1.1 -1.1 -1.1 -1.1
254.3 255.5 257.5 260.5 262.3 261.8 265 263.1 261.7 263.6 262.9 261.3 257.4 252.2 245.3 238.1 233.5 230.7 225.5 225.4 228.2 228.3 229.4 230.4 232.5 233.1 235.2 236.6 240.9 241.8 236.1 231.2 226.3 222.8 219.4 215.6 209.8 203.4 196.5 187.1 179.4 171.5 162 150 140.1 129.5 119.6 107.6 97 89.1 77.6 67.5 56.1 48.7 41.3 35.6 31.6 30.4 27.8 23 19.8 14.6 18.1 14.4 14.2 9.9 7.6 9.9 8.3 5.2 3.7 4.5 2.9 1.6 0.7 -0.2 -0.2 -1.1 -1.1 -1.1 -1.1 -1.1 -1.1 -1.1
246.3 249 250.7 253.8 253.9 254.5 258.5 256 254.3 257.5 255.6 252.8 250.4 245.1 237.2 226.9 222.2 217.9 218.3 221.1 220.9 220.6 221.4 222.7 222.9 224.9 227.6 230.5 235.6 232.5 225.9 221.8 218.5 215.6 212.1 208.7 204.6 197.6 191.2 183.8 178.6 171 162 150 139.1 128.3 118.6 109.1 98.2 89.4 80.6 69.3 60.6 54 47.1 40.8 36 33 30 27.9 22.8 12.6 8.8 14.1 13.4 10 7.7 6.5 4.3 2.6 1.4 1.1 0.8 0.1 -1.1 -1.1 -1.1 -1.1 -1.1 -1.1 -1.1 -1.1 -1.1 -1.1
239.7 243.3 245.8 246.8 246.1 247.9 250.2 248.3 250.6 251.2 249.2 241.1 239 235.9 228.1 218.9 213.7 209.5 209.7 212.1 213.2 212.9 212.5 211.4 213.6 215.1 216.7 218.3 222.9 221.2 216.7 211.1 208.6 206 202.9 199.7 196.7 191.1 186.1 179.9 173.3 167.1 159.4 149.4 139.8 129 118.6 107.5 100 89.5 82.7 72.2 65.9 59.9 53.7 46 40.2 37.5 31.5 27.8 24.3 20.6 17.9 14.6 11 8.1 5.8 -1.1 -1.1 1.3 0.7 0.1 -1.1 -1.1 -1.1 -1.1 -1.1 -1.1 -1.1 -1.1 -1.1 -1.1 -1.1 -1.1
232.2 236 238.6 239.8 240.8 239.6 242.1 240 240.7 243.1 240.4 230.6 230.3 225.7 218.2 210.8 206.6 203 198.2 202.1 203.4 202.4 203 202.5 205.3 206 206.2 207 207.4 207.4 203.4 200.2 198.9 197.4 194.9 191.9 189.3 186.1 180.7 173.5 168.4 163.1 156.6 146.6 138.4 131.2 119.3 109 103.3 94 85.9 77.2 70.8 65.6 60.6 53.1 46.7 40.1 33.6 26.8 22.2 19.8 16.4 13.2 9.8 6.3 3.5 1.3 -1.1 0.1 -0.1 -1.1 -1.1 -1.1 -1.1 -1.1 -1.1 -1.1 -1.1 -1.1 -1.1 -1.1 -1.1 -1.1
222.9 227.6 230.2 231.7 232.8 232 234.4 232.2 228.3 233.8 230.5 227.7 216.2 212.6 207.1 201.2 196.3 192.9 189.7 192.4 191.7 191.6 193.3 194.8 196.5 196.3 194.4 193.1 192.7 191.4 189.1 188.9 190.1 188.9 187.1 184.6 181.7 177.7 172.7 167.2 161.8 156.5 151.1 143.2 136.6 129.2 121.6 110.9 100.6 93.4 88.2 79 70.9 66.1 60.3 54.4 46.3 39.2 34.3 26.7 22.1 18.2 14.4 11 8.2 4.8 1.5 0.7 -0.8 -1.1 -1.1 -1.1 -1.1 -1.1 -1.1 -1.1 -1.1 -1.1 -1.1 -1.1 -1.1 -1.1 -1.1 -1.1
214 219.3 221.5 222.6 222.6 226 226.7 226.5 221.3 224.3 221.6 217.3 210.3 202.6 196.4 190 184.4 181.7 178.9 180.4 182.8 183.3 185.2 185.7 185.9 183.9 181.9 181.2 179.1 178.5 178.1 176.7 178 177.3 177 174.1 170.2 169.3 165.6 160.1 154.6 149.4 143.6 139.7 133.5 126 118.7 110 102.3 93.9 87.8 80.8 73 66.2 60.1 54.1 47.1 39.9 32.8 25.6 21.6 15.7 11.4 8.5 5.9 1.6 0.9 0.3 -0.5 -1.1 -1.1 -1.1 -1.1 -1.1 -1.1 -1.1 -1.1 -1.1 -1.1 -1.1 -1.1 -1.1 -1.1 -1.1
202 207.6 211.1 212.1 214.3 214.8 221.2 221.6 218.3 214.5 212.5 207.3 202.1 194 186.1 178.8 172.9 170.5 170.3 168.8 171.2 173.3 175.9 174.3 174.8 172.2 169.5 167.7 165.3 165.7 165.8 163.9 166.5 165.8 166.9 163.3 160.6 160.7 156.6 153.1 147.7 143.1 139.6 134.8 128.7 121.5 114.4 107.6 101.2 95.1 87.2 79.8 72.3 64.9 58.1 51 46.9 39 30.4 24.6 20.5 11 8.3 5.8 2 1.2 0.6 0.1 -0.7 -1.1 -1.1 -1.1 -1.1 -1.1 -1.1 -1.1 -1.1 -1.1 -1.1 -1.1 -1.1 -1.1 -1.1 -1.1
189.5 194.5 199.2 199.7 205.5 208.9 213.5 216.4 212.4 207.9 204 199 193.8 184.1 175.3 168.4 160.9 160.1 155.5 157.1 160 163.1 164.2 161.8 162.8 159.7 155.8 151.1 153.1 152.1 151.3 152.6 153.5 154.9 154.4 152.9 150.5 149.8 147.6 144.5 140.1 135.4 132 128.1 122.5 116.7 110.4 103.7 98 92.2 84.9 77.1 70.2 63 57.2 49.7 44.1 36.6 28.3 23 12.1 7.5 5 3.4 1.2 0.7 0.2 -0.4 -0.9 -1.1 -1.1 -1.1 -1.1 -1.1 -1.1 -1.1 -1.1 -1.1 -1.1 -1.1 -1.1 -1.1 -1.1 -1.1
177.7 178.6 185.3 187.5 189.8 199.9 208.1 207.6 205.5 202.2 198.1 189.5 183.4 176.2 168.2 159.7 153 151.1 144.7 146.1 148.7 149.2 150.7 148.6 148.5 147.2 141.9 140.3 139.8 138.6 140.4 139.9 140.7 138.9 141.1 141.1 139.9 139.2 137.8 135.3 130.8 127 124.5 120.5 116.1 110.3 104.5 98.2 93.2 88 81.6 74 67.5 60.7 52.8 49.1 41.7 33.2 26.9 21.3 9.3 5.7 2.8 1.4 0.7 0.1 -0.4 -0.8 -1.1 -1.1 -1.1 -1.1 -1.1 -1.1 -1.1 -1.1 -1.1 -1.1 -1.1 -1.1 -1.1 -1.1 -1.1 -1.1
162.9 161.5 165.1 175.3 177.8 185.7 200.3 199.3 200.3 196.2 191.1 185.1 176 168.8 161.3 153.8 143.8 138.7 130.1 137.1 135.5 135.7 136.4 137.9 137.8 135.7 132 124.9 127.6 127.9 127.6 128.3 129.3 128.2 128.8 127.9 129.5 128.2 127.6 124.6 122.3 120.4 117 114 109.1 102.4 97 92.1 87.6 82.7 77.4 70.3 61.7 58.2 50.6 44.2 39.8 31.3 24.2 19.4 6.8 4.1 1.7 0.6 0 -1.1 -1.1 -1.1 -1.1 -1.1 -1.1 -1.1 -1.1 -1.1 -1.1 -1.1 -1.1 -1.1 -1.1 -1.1 -1.1 -1.1 -1.1 -1.1
148.6 147.9 152 160 165.7 165.8 179.4 188.9 192.3 192.5 186.7 179.9 173.8 169.1 161.9 146.2 137.6 128.5 124.5 128.2 128 124.8 127 129.6 128.4 124.6 121.6 115.4 118 117.4 114.8 115.3 117.6 117.9 113.6 116.4 114.6 117.4 117 114.2 111.5 109.1 107.9 104.3 99.2 94.8 91.1 86.2 80.9 76.6 72.3 65.6 58.2 50.4 45.6 41.2 33.6 26.3 21.6 14.5 5.1 3.2 1.7 0.4 -1.1 -1.1 -1.1 -1.1 -1.1 -1.1 -1.1 -1.1 -1.1 -1.1 -1.1 -1.1 -1.1 -1.1 -1.1 -1.1 -1.1 -1.1 -1.1 -1.1
137.4 138.7 139.5 140.2 145.2 150 163.6 169.9 180.3 186 184.2 177.8 172.4 163.5 157.9 147.9 134 119.5 115.6 119.7 123.3 120.9 118.6 120.3 119.2 114.2 111.4 102.5 107.9 103 99.9 103.7 105.3 105 99.6 104.1 102.6 105.4 103.5 100.5 99.5 95 95.5 94.4 90.4 86.7 84.4 80.5 76 71.7 66.6 61.3 52.7 46.3 41 35.1 27.7 22.8 17.6 6 4.3 3.2 0.8 -1.1 -1.1 -1.1 -1.1 -1.1 -1.1 -1.1 -1.1 -1.1 -1.1 -1.1 -1.1 -1.1 -1.1 -1.1 -1.1 -1.1 -1.1 -1.1 -1.1 -1.1
128.9 129 129.2 128.6 129.3 132.8 144.8 156.8 164.4 171.7 176.6 173.5 168.4 162.9 151.7 144.1 131.8 120.3 109 109.6 116.1 114 109.3 109.1 108.8 104.8 101.8 97.2 88.3 87.5 90.1 91.2 92.3 92 86 93.6 90.1 92.5 92.3 89.6 87 85.8 82.8 84.2 83 78.8 76.8 75 70.8 67.3 59.5 53.7 47.8 42 38 28.5 23.3 20.3 7.3 5.3 3.5 1.1 -1.1 -1.1 -1.1 -1.1 -1.1 -1.1 -1.1 -1.1 -1.1 -1.1 -1.1 -1.1 -1.1 -1.1 -1.1 -1.1 -1.1 -1.1 -1.1 -1.1 -1.1 -1.1
113.9 116.9 113 119.8 121.4 118.2 124.9 139.3 147.8 156.5 162.6 164.9 160.3 153.6 145.7 136.7 127.4 118.4 108.6 99.4 106.7 108.1 103.2 100.4 101.1 95.8 91.4 86.8 84.1 78.3 77.6 77.8 80 78 75.1 78.5 76.5 82.4 82 77.5 76.5 70.2 70.1 74 74.6 71.5 70 68.2 65 59.8 55.4 48.9 43.4 37.7 29.8 24.8 20.2 6.1 4.5 3 1.2 -1.1 -1.1 -1.1 -1.1 -1.1 -1.1 -1.1 -1.1 -1.1 -1.1 -1.1 -1.1 -1.1 -1.1 -1.1 -1.1 -1.1 -1.1 -1.1 -1.1 -1.1 -1.1 -1.1
109.7 113.8 105.3 105 112.8 114.6 109.2 119.6 128.6 135.6 144.8 148.9 148.1 144.8 137.8 130 120.4 112.8 105.6 96.6 100.1 100.2 99.8 97.7 94.6 90.6 85.3 81.9 79.8 73.1 67.9 65.3 70 70.3 69.8 70 66.4 67.7 72 71.4 67.8 59.3 57.3 60.5 64.9 64.9 63.6 61.3 57.7 51.5 48.7 43.9 38.2 33.2 24.9 20.3 9.3 3.7 2.9 1 -1.1 -1.1 -1.1 -1.1 -1.1 -1.1 -1.1 -1.1 -1.1 -1.1 -1.1 -1.1 -1.1 -1.1 -1.1 -1.1 -1.1 -1.1 -1.1 -1.1 -1.1 -1.1 -1.1 -1.1
101.1 99.3 98.5 93.7 97.2 100.8 107.6 103.5 108 117.9 124.3 130.3 135.7 134.9 128.9 121.4 113.1 105.1 100.9 96.4 96.8 96.6 95.5 93.7 91 86.8 79.4 77.1 74.3 71 65.5 59.5 55.7 59.3 61.9 63.8 60.8 57.6 59.4 62.3 57.2 51.4 48 47.8 53.4 54.3 56.1 52.6 46.9 40.6 37.7 36.2 30 25.6 21 10.8 3.6 1.9 1.5 -1.1 -1.1 -1.1 -1.1 -1.1 -1.1 -1.1 -1.1 -1.1 -1.1 -1.1 -1.1 -1.1 -1.1 -1.1 -1.1 -1.1 -1.1 -1.1 -1.1 -1.1 -1.1 -1.1 -1.1 -1.1
83.9 88.1 89.7 84 89.9 92.5 92.9 95.7 97.2 103.4 108.7 113.9 124.9 125.1 119.6 112.3 104.5 98.3 94.2 88.7 93.3 91.9 89.8 90.7 86.1 81.6 76.1 71.8 72.5 67.6 62.2 55.7 45.7 52.6 56.1 56.1 54.8 51.2 53.2 53 48 43.7 39.1 39.1 43.8 44.2 47 44.8 39.6 34.3 27.1 27.8 23.6 11.6 6.4 4 1.8 0.6 -1.1 -1.1 -1.1 -1.1 -1.1 -1.1 -1.1 -1.1 -1.1 -1.1 -1.1 -1.1 -1.1 -1.1 -1.1 -1.1 -1.1 -1.1 -1.1 -1.1 -1.1 -1.1 -1.1 -1.1 -1.1 -1.1
92.3 86.6 79.4 74.8 81.8 84.6 88 86.6 90.2 95.7 100.3 103.2 108.8 110 109.6 103.6 97.5 92.5 88.5 86.1 87.8 85.4 84.3 85.5 81.8 77.3 72.9 67.5 65.2 63.2 57.1 52 43.9 44.5 45.5 46.7 48.7 47.9 44.8 43 41.3 34.9 33.2 33 35.2 36.8 37.4 36.6 32.2 29.2 19.7 14.7 9.3 4.6 3.5 1.7 1 0.1 -1.1 -1.1 -1.1 -1.1 -1.1 -1.1 -1.1 -1.1 -1.1 -1.1 -1.1 -1.1 -1.1 -1.1 -1.1 -1.1 -1.1 -1.1 -1.1 -1.1 -1.1 -1.1 -1.1 -1.1 -1.1 -1.1
102.1 94.6 87.4 81.7 75.7 73.1 81.8 82.8 84 90.3 89 90.2 92.3 93.2 99.3 95.5 91 86.5 84.3 83.8 83.7 80.7 78.3 77.4 75.5 72.7 69.9 65.1 59.9 57.4 50.7 45.8 40.3 32.9 33.6 35.3 40.2 42.7 39.9 36.1 32.3 28.7 26.9 27.8 28.3 27.4 27.4 27.8 25 20.2 11.7 6.7 4.3 3.4 2.4 1.1 0.3 -1.1 -1.1 -1.1 -1.1 -1.1 -1.1 -1.1 -1.1 -1.1 -1.1 -1.1 -1.1 -1.1 -1.1 -1.1 -1.1 -1.1 -1.1 -1.1 -1.1 -1.1 -1.1 -1.1 -1.1 -1.1 -1.1 -1.1
122 109.3 97.4 88.3 81.8 73.4 68.8 70.2 79.1 77 85.8 78 83.6 85.7 88.5 87.4 83.6 80.4 79.9 77.8 80 76.4 73.8 71 69.1 67.5 64.5 59.8 54 52.7 46.2 40.3 36.5 29.6 28 28 29.6 34.5 37.5 28.2 25 22.5 20.5 20.2 21.1 19.9 21.2 17.5 10.7 9 6.5 4.3 3.3 3.5 1.3 0.6 -0.1 -1.1 -1.1 -1.1 -1.1 -1.1 -1.1 -1.1 -1.1 -1.1 -1.1 -1.1 -1.1 -1.1 -1.1 -1.1 -1.1 -1.1 -1.1 -1.1 -1.1 -1.1 -1.1 -1.1 -1.1 -1.1 -1.1 -1.1
143.4 127.5 115.4 102.6 96 86.8 74.7 66.3 67.2 73.7 74.5 74.7 73.2 75 79.7 78.8 76.5 74 73.9 73.5 73.5 71.6 69 66.4 63.7 62.5 61 57 51.4 47.5 42.3 36.5 32.1 26.4 23.6 24.5 24.3 22.7 21.1 19.7 14.3 13.6 13.8 15.1 13.1 11 10.3 9.6 7.6 6.4 4.8 3.8 3.4 1.9 1.1 0.4 -0.3 -1 -1.1 -1.1 -1.1 -1.1 -1.1 -1.1 -1.1 -1.1 -1.1 -1.1 -1.1 -1.1 -1.1 -1.1 -1.1 -1.1 -1.1 -1.1 -1.1 -1.1 -1.1 -1.1 -1.1 -1.1 -1.1 -1.1
162.2 154.4 141.3 126.4 111.3 102.1 88.4 75.4 66.6 65.3 69.8 72.9 61.2 54.2 65.8 66.6 69.7 67.5 64.4 68.4 67.9 66.8 64.2 61.7 59.1 58.5 56.3 53.3 50.6 43.7 35.4 32.3 28.5 24.9 20.3 20.1 18.5 17 15.4 13.9 11.7 11.2 11.4 9.5 9.2 8.3 7.8 7 6.1 4.5 3.3 3.2 3.3 1.4 0.8 0.2 -0.5 -1.1 -1.1 -1.1 -1.1 -1.1 -1.1 -1.1 -1.1 -1.1 -1.1 -1.1 -1.1 -1.1 -1.1 -1.1 -1.1 -1.1 -1.1 -1.1 -1.1 -1.1 -1.1 -1.1 -1.1 -1.1 -1.1 -1.1
185.4 174.9 160.8 148 132.6 121.6 104.7 90.4 77.5 71.4 63.9 58.8 57.7 52.5 49.4 54.7 53.8 60.9 51 64.1 64.4 62.2 61.5 58.2 55.2 52.4 51.2 49.4 46.1 42.1 37.3 31.2 25 22.2 18.9 17.6 16.6 15.2 13.6 12.5 11 9.9 9.2 9.2 8.8 8.4 7.3 6.4 7.5 4.5 3.4 3.1 3.5 1.2 0.6 -0.1 -1.1 -1.1 -1.1 -1.1 -1.1 -1.1 -1.1 -1.1 -1.1 -1.1 -1.1 -1.1 -1.1 -1.1 -1.1 -1.1 -1.1 -1.1 -1.1 -1.1 -1.1 -1.1 -1.1 -1.1 -1.1 -1.1 -1.1 -1.1
208 198 185.8 171.7 158 144.8 125.8 107.1 90.5 83.4 76.8 70.3 64.8 59.5 52.9 48.4 42.8 47.5 43.7 56.1 61.1 54.7 55.7 51.3 48.1 47.9 46 44.7 41.4 37.7 32.7 27.6 23 19.5 16.9 15.6 14.4 13.2 11.9 11.2 11.2 9.7 9.1 9.6 8.7 7.5 7.4 6.4 5.9 5 3.5 2.5 3.4 1.1 0.3 -0.3 -1.1 -1.1 -1.1 -1.1 -1.1 -1.1 -1.1 -1.1 -1.1 -1.1 -1.1 -1.1 -1.1 -1.1 -1.1 -1.1 -1.1 -1.1 -1.1 -1.1 -1.1 -1.1 -1.1 -1.1 -1.1 -1.1 -1.1 -1.1
230.1 220.5 205.7 192.8 182.7 165.3 152.5 131 106.6 98.3 89.2 82.6 75.8 70.4 67.5 58.5 47.5 41.7 39.6 38.6 52.9 50.1 47.2 44.6 41.9 42 39.6 38.6 34.7 30.8 26.5 22.5 19.7 18.4 17.3 14.6 13.4 12.4 11.4 10.4 10.3 9.8 8.7 8.7 8.2 7.5 7.2 6.4 5.7 4 3.2 2.2 2.4 1 0.3 -0.5 -1.1 -1.1 -1.1 -1.1 -1.1 -1.1 -1.1 -1.1 -1.1 -1.1 -1.1 -1.1 -1.1 -1.1 -1.1 -1.1 -1.1 -1.1 -1.1 -1.1 -1.1 -1.1 -1.1 -1.1 -1.1 -1.1 -1.1 -1.1
