data/200000-920000.asc
ncols 200
nrows 200
xllcorner 200000
yllcorner 920000
cellsize 50
[rows 0 to 37 of 200, columns 86 to 171 of 200]
59.9 57.5 53.6 45.4 46.9 46.9 50.3 54 60.6 69.2 69.7 70.6 76.4 79.9 86.9 91.5 91.3 91.5 90.1 88.3 79.8 70.5 70 71.8 67.9 69.1 70.5 72.2 75.2 80.1 89.3 81.4 78 83.5 87.5 81.1 77.1 76.2 72.3 70.4 76.3 75.4 71.3 70.6 74.3 77.7 74.7 78.6 88.6 99.2 101 98.1 91 84.1 80.9 75.3 75.8 83.2 89.2 82.3 69.5 69.1 72.3 76.2 71.6 74.5 81 77.5 74.2 71.5 71 72.4 70.2 69.1 69.1 69.1 75.2 75.4 71.4 71.4 71.4 71.4 71.4 71.4 75.4 88.7
54.7 55.2 54.2 54.2 48.7 47.2 52.2 59 68.5 72.8 78.3 83.9 82.4 91.6 90.4 97.4 100.8 95.8 92.1 94.9 91.4 80.7 71.1 73.8 68.6 68.6 71 73.8 72.1 73.5 73.5 74.6 76.1 80 78.6 75.1 73.4 70.6 71.8 76.9 77.2 72.9 70.4 70.4 74.5 72.4 72.4 82.9 88 94.3 97.7 93.3 91.3 93.5 87.9 81.7 77.6 80.6 82.5 76.8 69.1 69.1 71.7 74.3 84 91 91 81.5 79.2 76.2 73.6 71 69.1 69.1 69.1 72 71.9 71.8 72.9 71.4 71.4 71.4 76.8 83.3 88.3 94.4
47.4 48.4 50.6 57.1 54.8 55 62.2 70.4 83.6 83.8 92 96.6 94.6 103.4 104.4 104 106.3 103.6 99.3 101.2 101.3 91.9 75.8 77.9 72 68.7 68.6 68.6 69.6 69.3 72.7 69.1 69.8 67.9 68.9 69 68.5 76.3 84.7 80 77.1 74.1 70.4 70.4 74.9 72.7 73.8 87.9 92.8 98.3 98.6 90.4 92.8 94.3 89.3 80.8 74.9 69.1 69.1 69.1 69.1 69.1 69.1 87.1 90 91.4 88.3 81.9 79.1 76.1 72.6 72.9 75.9 77.3 76.1 75.8 74.6 74.2 73.8 75.6 71.4 87.4 92.7 96.9 93 90.8
51 56.4 59.6 58.6 59.3 67 82.5 91.4 95.6 92.3 100.3 105.9 102.2 108.2 106.8 110.1 102 98.7 103.9 104.7 101.5 90.4 77.3 76.1 77.2 69.9 68.6 70.6 68.6 70.7 67.9 67.9 67.9 67.9 67.9 67.9 67.9 82.8 88.9 91 92.5 86.3 78.1 70.4 71.2 72 76.1 86.9 87.7 87.7 88.7 95.5 94.3 86.8 80.9 82.9 86.8 82.9 73.8 69.7 69.1 69.1 69.5 85.1 84.5 81.9 86.3 82 80.2 78.8 77.7 83 82 85.9 85.1 89.4 82.3 77.8 71.4 71.4 90.5 98.1 102.1 95.6 93.8 91.1
56.1 58.1 60.4 63 62.2 77.8 88.2 98.7 102.1 98.9 104.4 106.8 109.4 113 116.2 113.9 106.3 94.6 99.1 97.6 92.8 90.6 77.7 76.3 74.3 72.6 69.9 67.9 67.9 67.9 67.9 67.9 67.9 67.9 75.2 70.3 84.8 89.7 92.3 98.1 100 96.2 89.2 77.6 77.8 75.5 75.4 82 86.3 86.7 88 92.4 84.9 81.3 80.7 80.6 85.6 86.3 84.1 81.3 69.1 69.1 71.6 80.6 78.7 80 78.8 80 80.2 88.1 95 94.6 91.1 91.8 88.2 85.1 80.8 71.4 71.4 86.7 93.9 97.5 102.4 100.1 98.4 92.6
58.9 60.2 67.6 71.6 73 84.4 95.3 101 99.9 102.5 108.9 110.9 110.8 113.4 116.7 115.1 103 94 93.1 93.2 90.3 86.1 85 78.6 80.1 81.4 83.4 73.3 71.8 70.9 72.4 67.9 67.9 70.7 79.2 76.8 86.9 90.3 95.5 100.8 104.4 106.6 101.7 86.5 80.2 79.7 79.1 82.5 87.4 91 91.3 86.2 88.5 88.6 82.7 83 80 79 79.8 82.4 74.3 76.1 78.5 72.6 74.1 76 72.5 69.1 74.8 101.4 99.5 100 91.2 92.8 84.9 79.6 73.6 77.4 86 94 94.8 98 104.8 97.7 91.3 88.8
61.4 66.6 72.8 78.2 88.7 95.9 97.9 100.9 102.8 101.2 106.2 109.5 107.2 107.3 107.9 104.9 95.2 91.1 94.5 90.7 84.9 84.2 96.2 92.8 84.3 79.3 77.6 74.6 74.2 74.2 74.3 69.1 70.7 73 80.8 76.3 78.8 81.9 94.8 111.5 115.3 118.8 113.5 102.6 89.3 89.2 91.7 90.6 94.1 106.1 106.6 105.1 98.4 102.3 104.6 103.9 90.6 80 69.1 70.7 69.9 77.3 78.2 75.2 69.1 69.1 69.1 69.1 79.8 79.2 90.9 89.2 87.4 84.6 77.5 75.5 76.7 85.5 95.4 99.7 92.8 89.5 94.6 89.6 85.9 81.8
63.6 70.8 74.3 76.7 78 83.2 86.9 88.6 87.6 92.5 95.2 97.7 96 91 94.6 94.7 95 89.6 90 89.2 84.7 85.1 92.8 90.8 87.4 81.4 80.5 73.9 73.3 77.5 74.1 70.3 72.5 74.5 75.8 76.9 84.5 89.4 105.2 116.6 118.2 116.2 111.4 102.5 96.8 100.7 109.4 99.3 99.8 107.4 110.6 102 105.1 109.6 112.8 107.7 100.7 90.7 78.2 69.5 69.1 76.5 69.1 69.1 69.1 69.1 69.1 73.4 69.1 69.1 74.7 82.5 81.1 76.3 77 77 81.2 89.9 94.2 96.3 86.8 81.2 77.5 78.5 78.4 77.5
64.7 65.6 67.7 68.8 67.1 69 75.8 78.4 85.4 95.9 93.7 92.3 87.7 87.1 87.5 85.8 88.5 87.8 88.3 89.8 89 88 90.7 85.8 82 81.3 74.2 71.9 70.5 70.7 72.6 79.3 80.9 80.8 84.9 86.3 90.3 94.6 114 120.5 117.4 114 111.6 102.9 102.1 103.9 115.3 109.7 99 102.8 103.2 103.2 111.1 117.4 117.5 111.2 105.4 96.9 85.1 78 74.9 69.1 69.1 69.1 69.1 69.1 76.2 85.8 75.9 77.5 73.4 69.1 72.1 75.4 85 81 81.9 84.4 85.8 84.5 79.1 77.5 77.5 77.5 84.8 98.4
58.4 61.9 63.2 64.2 66.2 70.3 76.4 79.4 85.8 87.2 88.4 89 82.2 83.5 83.5 87 88.7 85.9 88.8 91.8 90.4 84.2 82.9 76.6 74.7 72.7 77.9 80.8 77.6 72 75.8 78.7 87.5 82.1 84.1 91 99.2 113.6 116.3 119.2 117.6 114.8 108.1 106.6 104.7 102.4 107.5 107.5 100.2 99 99 103.8 111.7 114.8 119.1 109 97.5 95.1 87.9 81.7 69.1 69.1 69.1 77.7 75.5 71.1 69.1 73.1 69.1 69.1 69.1 69.1 69.1 76.8 84.5 82.2 81.7 81.6 84.1 79.9 77.5 77.5 82.4 103.1 116.6 126
61.2 58.4 58.4 60.4 67.2 73.4 76 72.5 71.5 75 78.3 78.3 76.5 85.5 82.1 84 86.2 83.3 82.1 85.8 80.6 82.7 77 73 75.4 81.1 85.8 85 83.9 80.3 83.2 83 85.2 84.9 85.1 92.3 106.1 114.5 116.7 119 118 111.2 108.1 111.7 111.9 109 106.2 112.3 108.1 99.6 105.4 115.3 125.4 133.5 126.9 109.4 100.1 94.5 83 77.7 79 76.8 76.1 78.6 73.4 69.1 69.1 69.9 78.9 83.6 76.4 69.1 80.4 85.4 83 77.8 80.6 78.4 78.8 77.5 77.5 84.7 93.7 101.8 106 114.9
62.4 60.3 60.7 61.8 60.9 60.1 60.6 61.8 64.3 66.3 70.7 75.4 76.6 84.1 81.1 85.3 84.2 80.5 80.3 79.8 78.7 79.7 84.9 77.5 81.6 84.3 89.4 88.3 88 93.9 93.7 93.1 94.3 91.2 86.9 92.2 106.6 110.1 118.4 119.1 117.9 111.3 109.5 115.5 110.9 104.6 104.2 107.9 111.5 110.4 99.7 104 130.1 135.2 121.7 117.3 114.4 103 87 86.7 87.2 80 76.8 75.9 69.1 69.1 85.2 82 81.4 72.1 69.1 84.8 93.9 92.7 87.7 80.5 78.2 77.6 78 77.6 82.8 94.9 96.1 100.6 103.8 109.9
69.5 61.9 61 60.6 60.1 60.1 60.1 61.4 62.5 65.3 82.3 79 77.8 79.1 83.6 90.2 82.2 80.5 82.4 84.7 86.4 88.5 94.4 90.8 93.1 89.9 94.6 101 108.2 109.7 109.6 101.2 99.4 95 88.9 97.8 102.7 109.4 112.6 116.1 115.6 118.2 113.4 118.9 111.8 104.4 103 100.6 101.1 110.1 103 102.3 113.9 114 109.8 110.3 104.6 99.2 97.8 92.1 87.5 80 75.8 74.9 70 78.7 84.5 85.2 75.1 69.1 84.1 94.7 99.8 99 93.8 86.6 81.7 81.4 82.2 88 80.3 88 92.3 94.5 98.2 102.4
74.5 71.5 68.9 65.4 67.1 64 62.1 62.2 62 68.2 80.6 79.4 82.6 82.3 86.1 95.4 88.9 84 87.3 91.4 99.4 101.3 93.8 92.1 94.6 95.9 104 107.4 113.4 120.3 117.3 116.3 101.6 92.2 94 99.3 101.2 106.5 111 109.7 115.6 110.9 109.6 113 109.3 108.7 108.7 99.9 99.7 103.2 104.3 99.4 100.6 98.2 100.4 101.3 100.9 100 98.2 88.3 79.6 76.2 75.8 74.7 69.1 74.8 72.6 71.4 69.1 81.5 88.1 90 96.5 95.6 88.8 84.9 87 93 96.9 93 86.5 80.9 85.1 89.7 95 102.7
79.7 81.5 81.9 78.6 74.9 73.2 69.4 65.8 64.4 71.7 70.5 73.1 82.5 92 93.2 91 86.7 84.7 90 91.2 94.8 93.7 94.6 104.3 100 97.8 103.8 112.7 119.4 119.5 117.3 115.1 102.8 94.4 97.1 101.5 101.9 102.2 102.6 103.5 98.6 101 100.3 109.8 104.1 107.9 105 101.7 99.4 98.7 105.8 95.6 95.7 94.1 104.7 106.8 106.7 105.9 97.8 84.9 79.8 79.4 76.3 69.1 69.1 69.1 69.1 69.1 75.4 85.5 88.1 81 82.4 85.3 85.8 85.3 92.3 96.5 105.3 98.9 90.5 84.2 84.2 89.4 95.2 101.1
85.7 86.2 91.5 88 91.7 92.9 85.3 79.7 71.1 76.8 82 83.4 83.4 92.5 90.8 90.7 88.8 87.2 89.6 94.6 96.9 95.6 101.8 109.7 107 114 116.1 118.4 117.8 117 119.1 119.9 107.7 110.4 101 98.2 100 102.8 101.7 100.2 99.3 98.6 98.9 98.6 99 102.8 105 105.3 101.7 98.5 97.2 96 95.6 94 105.2 106.6 101.8 101.8 96 89.4 88.2 84.4 77.9 69.1 69.1 69.1 69.1 69.1 72.4 72.7 69.5 69.1 88.4 89 86.3 89.2 101.4 100 100.7 102.3 98.2 91.5 88.2 86 95.4 101.7
92.5 97.4 94.5 96.3 99.5 97.5 92.5 82.3 78.2 79.2 81.9 84.4 84.4 86.1 94.9 96.5 91.6 93.6 100.1 102.9 95.9 104.4 111.2 114.9 115.2 122.6 124.3 126.5 127.4 125.3 124.7 119.9 111.8 108.2 106.6 100.6 105.4 104.1 102.5 104.4 102.2 98.6 98.6 103.1 98.9 98.9 107 108.8 110.2 99.1 98.2 97.1 94.7 93.9 99.1 101 91.5 91.6 108.4 109.7 97.1 86.2 77 69.1 69.1 69.1 69.1 69.5 69.1 69.1 69.1 69.1 80.8 83.3 86.8 105.2 109.4 102.8 108.3 106.7 108.1 112.8 107 95.9 90 95.3
99.8 110.6 108 109.1 106.6 101.2 94.1 85.9 82.8 84.1 81.4 86.7 87.5 101.3 103.5 97.6 92.8 97.5 98.7 96.5 104.3 119 118.8 120.1 126.1 130 131 128.2 133 135.9 133.4 122.4 115.2 118.2 114.5 101.4 100.9 101.9 104.7 104.3 100.1 100 102.9 100.5 98.9 98.9 107.4 110.4 105.4 104.6 101.3 96.6 93.9 93.9 97.3 91.5 91.5 109.3 116.9 110 98.3 86.4 74.8 69.1 69.1 69.1 69.1 69.1 69.1 69.1 69.1 73.6 81.2 85.1 106 111.2 112.1 113.2 108.4 107.3 107.3 111 112.7 107 96.4 94.8
100.3 113.6 116.4 120 110.2 103.2 101.1 90.9 86.3 87.1 85.8 86.5 87 94.1 97.3 96.7 97.5 97.6 96.8 99.8 115.2 125 124.8 126.4 129.2 132.3 135.2 140.5 140.5 139.4 131.1 121.3 123.4 121.6 117.3 107.9 100.9 99.6 98.5 99 101.8 103.6 103.3 101.6 101.5 101.7 100.5 101.2 100.1 102.4 102.2 94.6 100 99.8 92 91.5 95.1 114.1 107.3 103.2 96.2 84.1 76.9 81.6 69.1 69.1 69.1 69.1 69.1 69.1 69.1 76.6 81.1 85.4 107.3 116.1 116 114.3 111 110.2 108.5 107.8 108.5 104.8 97.8 97.6
101 109 115.3 112.3 108.1 106.7 102.3 89.9 86.6 86.6 87 89 96.4 99.4 94.6 96 98.6 102.6 102.8 105.1 116.2 120.9 126.3 127.1 128.9 132.5 139.8 140.4 138.4 132.7 126.3 118.5 118.9 119.7 115.3 108.8 102.9 103 107.9 103.4 96.9 98.5 101.2 97.9 100.2 97.4 102.9 104 99.1 96.5 95.1 92.2 94.7 93.3 91.5 91.5 102.3 104.4 104.5 102.6 91.6 87.3 92.7 91.6 78.1 69.1 69.1 69.1 69.1 69.1 84.8 92.4 90.2 90.5 115.6 121.7 117.3 114.4 113.9 111.6 107.4 104.8 104.5 105.7 106.4 108.2
98.3 108.3 113.8 110 107.5 105.9 99.8 89.3 90.3 97.7 96.8 97.8 96.9 100.7 98.9 103.4 107.6 108.6 106.5 106.8 107.1 112.8 118 118.4 125.4 133.5 137.8 137.3 131.3 131.3 131.7 117.8 119.9 118.6 115.6 111.6 112.9 120.2 118.7 113.3 107.7 100.2 97.2 96.4 95.7 97.4 99.8 102.1 96.8 95.7 92 91.5 91.5 91.5 91.5 96.9 108.4 108 117.2 106.1 97.9 98.3 100.7 106.1 89.8 69.1 69.1 69.1 69.1 87.3 95.8 97.7 96.5 114.4 121.1 119.2 112.9 110.4 108.9 105.1 104 103.7 106.8 108.3 110.7 109.9
91 100.4 103.8 94.2 95.7 97 94.3 84.4 98.9 109.1 105.6 101.9 104.2 108.6 107.7 109.4 109.7 112.4 113.6 106.8 106.9 108.6 106.8 114.2 123.2 130.7 130.2 128.8 131 129.6 128.6 117.8 120.5 119.4 117.6 116.5 123.5 120.6 118.7 113.2 107.3 104.7 94.9 96.9 98.3 95.5 94.2 92.5 98.6 101.3 93.8 94.5 91.5 91.5 98.3 109 117.4 120.9 113.8 106.4 102.1 107.1 102.1 99.2 88.7 76.1 69.1 69.1 71.6 87.1 102.6 101.6 111.6 115.6 115.6 109.9 108.5 107.9 115.4 118.2 118.7 121 120.5 115.5 114.5 113.2
79.8 84.1 89.5 82.8 90.4 92.7 84.4 81.6 92.3 98.3 99.2 100.4 111.2 115.7 116.3 113.2 110.6 117.3 117.8 110.1 108.9 106.8 106.8 106.8 113.8 122.4 127.1 128.6 126.5 123.1 117.9 115.7 113.4 113.9 113.7 118.3 122.3 117.3 113.1 108.2 105.2 95.7 94.6 101 97.2 100.8 94.3 91.5 91.5 91.5 95.2 91.7 91.5 98.3 114.7 112.1 108.2 104.3 102.3 101.8 104.8 104.4 103.5 92.4 86.9 81 69.1 69.3 77 90.4 98 103 103.4 109 108.4 113.2 112.9 114.5 118.2 121.6 122.9 124.5 123.9 122.2 122.4 121.1
74.6 77 76.3 72 74.2 79.5 71.5 82.5 92.1 87.4 95.7 110.6 117.2 119.1 122.2 118 113.6 117.8 112.1 106.8 106.8 106.8 106.8 107.2 116 127.6 128.8 129.2 127.5 121.1 113.4 113.4 113.4 113.4 113.4 114.6 115.9 117 110.1 101 95.7 94.3 99 102.4 105.5 103.2 95.5 93.3 93.8 91.5 91.5 91.5 92.2 102.9 106 103.6 103.8 101.8 101.8 101.8 101.4 98.3 94.6 88.4 86.4 82.8 80.6 82.7 84.6 91.7 100.6 103.1 103.5 108.3 116.4 121.7 117.7 118.4 117.8 124 125.2 125.7 125.9 124.6 124 124
70.2 69.6 68 66.5 69.7 68.3 69.3 72.6 81 96.2 100.8 113.4 116.9 122.2 122.5 111.4 112 109.8 107 106.8 106.8 106.8 106.8 106.8 114.2 125 123.3 124.9 120.2 119.9 116.7 113.6 115.2 118.1 119.8 118.5 114 108.5 107.7 107.5 98.6 95.9 99.4 96.3 97.4 99.7 100.3 98 96.4 91.5 91.5 91.5 91.5 96.9 101.8 109.2 109 101.8 102 115.3 117.6 100.4 87 84.3 82 81.5 89.1 88.2 99.3 103.5 112.6 123.1 120.7 120.4 123.4 121.2 118.1 119.2 118.1 119 118.7 120.7 121.8 122.2 122.1 122.1
63.1 62.4 63.1 73 72 69.4 74.3 78.7 90.2 90.6 92.8 103.5 112.8 117.8 115 112.5 110.4 112.8 106.8 110.1 106.8 108 110 109.9 110.9 112.6 115.7 123.2 123.7 117.9 117.2 117.5 121.6 121.9 117.8 116.1 113.4 111.1 105.6 102.3 94 94.6 92.9 96.5 97.4 102.7 99.1 96.2 95.8 93.7 91.5 91.5 100.3 111.5 116.3 111.4 105.4 101.8 110.5 116.2 116.9 99 86.2 83.2 81 83 85.6 92 113.8 118.9 116 123.6 125 124.1 124.6 122.8 123.8 124.1 119.7 122.8 124.1 120.5 118.7 118.7 119.4 120.5
56.8 55.4 66.1 66.9 65.5 66.7 86.4 89.7 87.5 88.6 95.3 100.8 112.5 119.6 124.6 116.8 113.6 110.1 106.8 106.8 106.8 106.8 111.4 112.1 111.6 110.6 111.2 119.1 121.3 119.5 119.8 120.4 126.9 127.5 120.6 113.9 108.4 104.1 100.3 94.2 92.9 92.9 92.9 92.9 92.9 92.9 96.4 95.9 95.4 91.5 91.5 100.6 115.4 128.3 134.6 124.4 114 105.2 105.8 111 107.3 92.3 93.2 88.1 84.1 87.3 87.5 89.9 115.3 123.9 118.7 118.1 124.6 126.3 126.4 123.4 122.2 125.3 126.1 130.3 131.6 130.9 128.5 129.1 131.1 123.6
49.7 54.4 58.2 57 54.4 67.2 71.2 74.6 83.7 93.9 99.3 105.3 120.4 127.3 125.6 120.3 114.2 110.7 108.7 110.1 106.8 107.7 109.2 111.2 112.6 116.5 120.6 118.6 115.7 117.1 117.1 122.1 124.2 123.5 119.5 113.8 109.6 103.5 98.8 92.9 92.9 92.9 92.9 92.9 92.9 96.9 97.7 93.5 93.5 91.5 101.7 107 117.4 129.8 126.5 118.4 111 103.1 101.9 99.6 99.1 96.5 91.8 84.7 94.3 95 98.5 103.4 121.3 130.6 124.8 125.8 117.5 118.1 118.4 123.2 122.8 126.9 126.8 127 128.7 133.7 133.7 133 130.8 127.1
46.8 51.2 51.4 49.2 53.2 57 63.5 69.7 72.5 78.9 101.1 111.3 118.7 122.8 123.5 122.9 117.6 113.6 108 106.8 106.8 106.8 109.8 113.2 118.4 119.8 119.4 113 110.9 116.3 114.4 120.9 118.6 115.3 113.6 109.9 102.9 99.3 95.7 96 92.9 95.2 92.9 96.5 98.8 98.5 97.5 93.8 91.5 102 115.6 118 120.8 123.9 121.8 115.4 111 99.5 98.6 98.6 103.1 99 92.4 89.6 100.2 103.3 114.7 123.5 134.8 144.8 140.9 133.5 126 119.8 118.7 123.9 124.2 123 125 125.7 126.9 129 133.2 133.4 132.4 128.4
46.3 47.4 44.8 43 48.4 54.9 59.3 62.6 67.8 82.8 91.2 98.3 105.1 111 115.8 114.6 115.9 114 110.6 107.2 109.2 110.6 123.7 120.4 118.6 117.4 110.1 106.3 105.9 108.3 114 118.3 116.8 107.4 103.4 99.3 100.2 97.7 94.7 99 99.4 97.6 95 95.4 98.9 98.4 95.1 91.5 91.5 97 101.1 118.5 132.7 139.7 138.1 123.8 108.8 98.6 98.6 98.6 118.9 108.2 96.1 99.3 114.4 122.6 127.9 137.2 150.9 153.9 151.7 148.2 141.2 129.8 118.9 120.5 119.2 122.8 123.7 127.6 127.6 132.2 134.2 133.9 133.2 131
43.2 43.3 37.7 39.2 46.4 52.3 59.2 67.2 69.4 78.8 88 88 94.6 102.8 110.3 108.4 112.2 114.1 109.1 111.1 104.3 117.9 119.6 115.7 114.7 112.3 106.6 104.4 103.2 102 104.7 105.6 100.8 96.8 91.1 89.6 93.8 93 94.5 100.1 99.3 97.3 94.5 91.5 92.5 96 91.5 91.5 91.5 99.6 107.5 123.8 133 135.2 133.4 129.1 121.8 110.9 108.1 114.3 116.6 120.6 104.5 123.7 130.5 133.2 131.8 143 161.2 158.1 154.6 148.3 133.4 121.7 118.7 118.2 119.5 128.8 129.3 131.9 131.5 128.9 129.7 130.7 125.1 125.6
34.2 34.4 28.8 28.8 36.9 50.3 58.5 69.4 69.8 82.5 86.6 83.4 83 89.1 104.1 99.7 102.5 108.2 112.3 108.5 102.9 114.3 114.1 113 113.2 112 106 103.2 98.2 97.4 102.2 100 93.8 89.6 89.4 87.8 87.2 89 89.2 90.4 95.4 95.4 97.8 96.1 93.6 91.5 91.5 91.5 107.1 110 112.2 118.5 129 130 138.1 152.5 156.2 137 125.6 124.9 130 127.1 118.3 131.3 132.7 131.2 132.1 158.2 161.6 156.2 149.4 141.3 128.6 122.2 119.3 119.9 126.3 131.1 130.4 134.1 132.4 127.4 123.8 122.2 122.2 125.4
24.7 23 22.3 26.9 37.8 48.2 63.5 71.7 80.8 81.5 78.7 75.2 72.4 78.6 91.8 97.4 100.4 104.4 107.6 102.4 98.4 107 111.3 113.3 111.8 106.4 105.1 100.4 94 92.3 94.4 89.5 87 88.7 88.4 85.6 87.1 91 91.8 94.7 96.4 97.9 100.1 97.6 91.5 91.5 91.5 101.8 110.3 119 122.9 120.5 119.2 125.5 145 147 152 140.6 131 131.6 129.4 117.3 127.7 133.5 135.9 140 142.4 153.4 152.5 152.1 147.7 141.5 133.8 131 134.6 137 132.8 131.9 128.1 129.9 135.1 135.2 129.6 122.2 122.2 122.2
21.2 20.1 20.6 23.5 27.8 44.5 56.1 67 71.5 71.7 73.8 69.4 64.6 74.9 96.3 96.3 102 100.8 97.4 90.6 91 102.3 106.1 105 100 93.4 89.8 83.2 84.3 84.7 80.6 78.4 81 83.1 84.6 85.7 91 93.7 96.7 100.2 102.3 101.7 97.6 94.9 91.5 94.7 95.8 108.9 116.4 120.1 115.4 116.7 130.9 131.4 139.9 141.1 143.8 136 133.5 129.1 120.9 116.5 126 127.6 140.7 141.6 145 152.2 147.9 143.7 146.9 142.2 139.6 130.9 126.8 126 123.6 123.6 123.6 123.6 125.2 127.8 132.2 127.5 125.3 124.8
19.4 23.9 25.1 25.6 29.7 41.9 53.6 64.7 68.1 61.2 61.6 61.9 63.3 68.4 91.6 92.3 98.1 93.7 83.6 81.9 83.8 90.6 88.8 87.7 84.7 78.6 77.3 73.1 71 72.8 75.1 78.6 85.1 86.6 89.3 94 95.2 97.4 100.5 107.9 109.9 102.2 92.7 91.5 94.2 100.7 98.9 98.3 103.1 109.3 110.1 115.5 123.3 124.3 128.3 135.8 133.2 134.4 131.9 127.9 118.2 118.6 124.3 128.1 141 137.1 136.4 136.2 132.9 133.4 135.2 131.2 123.6 123.4 123.6 123.6 123.6 123.6 123.6 123.6 123.6 123.6 123.6 125.8 125.3 124.9
21 26 26.9 29.5 34.5 42.6 52.4 56.9 55.4 50.9 51.5 68.1 68.9 68.1 72.2 79.8 79.5 73.5 69.9 72.4 78.3 82 75.8 75.5 72.3 71.6 69.7 67.2 68.3 70.5 75.3 89 93.8 93 95.9 100.7 97.7 96.8 97.1 100.6 101.7 95.7 92.6 90.3 91.3 94.6 91.1 90.3 91.4 95 98.1 106.3 114.8 120 125 128.3 127.5 129 128.2 125.9 120.1 118.6 122.8 124.9 130.9 131.3 131.3 132.6 134.6 133.3 135.6 128.9 125.7 123.6 123.6 123.6 127.8 125.1 123.6 123.6 123.6 123.6 123.6 123.4 124.8 124.5
21.7 25.4 27.8 29.5 31.8 37.3 44.5 45.2 43.1 37 51.3 53.8 60.1 63.7 69.6 72.1 68.6 64.3 66.5 62.2 69.6 68 67.6 66.5 64.9 63.5 61.9 62.8 63.3 67.7 73.9 83 90.9 94.2 96.1 97.5 96.6 96.6 97.4 99.5 98.8 92.8 88.7 84.9 89.2 88.2 89.7 90.3 95.8 98.9 103.8 111.9 116.3 120.1 120.4 120.9 122 124.5 123.6 120 117.7 118.2 123.3 124.8 133.6 133.6 131.8 129 125.9 125.6 124.8 126.5 134.1 135 130.2 127.8 128.6 130.4 129.7 124.5 123.6 123.6 123.6 124.7 125.4 125.4
17.6 20.2 24.4 30.2 32.7 34.1 35.8 33.1 34.5 35.1 36.5 43.5 54.9 60.2 62.8 63.3 58.4 57.7 53.2 57.5 61 59.2 57.1 59 56.5 54.5 55.2 59.2 67.7 72.3 81.7 84.3 88.1 93.7 99.4 99.3 97.7 98.5 100 102.9 97 90.8 85.5 82.3 85 84.3 85.5 92.3 98.1 107.6 122.2 125.8 130.2 126.7 122.7 122 124.9 126.2 126.2 120.9 118.6 117.4 120.5 124.2 125.1 127 124.5 123.2 123.9 124.5 124.7 125.4 127.6 127.2 126 125.1 126.2 126.9 125.1 123.6 123.6 130.4 132.4 129.2 126.3 124.9
