data/210000-670000.asc
ncols 200
nrows 200
xllcorner 210000
yllcorner 670000
cellsize 50
[rows 72 to 107 of 200, columns 0 to 79 of 200]
129 126.4 111.4 92.5 78.9 90.4 106.2 123.7 141.9 160.8 179.6 199.3 221.4 244.9 268.4 294.4 320.5 345.3 372.8 394.4 410.8 426.7 439.8 448.8 458.8 472.2 484.2 492.8 499.9 503.2 504.3 503.5 503.2 509.4 509.8 504 496.7 492.4 482.3 463.1 437.2 419.8 401.4 379 370.2 366.5 361.8 363.4 373.2 386 401 427.9 448 454.4 455.8 451.4 445.6 432.9 427.9 420 412.1 406 400.2 394.3 388.5 382.3 382.4 386.2 389.5 391.5 392.5 393.3 390 377.9 365.9 353.9 339.3 326.2 316.3 307.6
106.3 100.2 90.5 77.8 86.5 100.7 116.6 134.6 152.8 171.7 190.5 211.7 235.1 258.6 282.2 307.3 338.4 364.3 386.8 407.4 422.1 436.8 447.6 456.8 466.2 478.5 487.3 496 502.5 506.7 506.5 505.6 506.6 508.5 507.4 502.4 498.6 495.3 484.5 451.1 427.8 411.3 392.5 372 348.8 346 338.3 344 356.8 370.7 386.2 409.2 431 437.3 441.9 437.1 431.5 423.5 418.8 412.4 404.9 400.1 394.6 389.1 383.5 378.2 381.7 385.1 388.4 391.2 392.2 393.2 389.1 376.3 363.5 350.8 338.5 328.6 318.9 310
92 81.9 71.1 80.1 96.1 110.8 126.6 145.4 163.7 182.8 201.9 226 249.4 272.8 296.1 323.4 352.4 377.8 400.2 418.8 430.9 444.2 455.8 466.4 472.9 481.7 490.5 499.3 504.3 507.2 508.5 509.1 509.5 508.3 506.7 504.4 500.6 496.8 482 441.7 421.5 405.7 386.5 365.5 340.9 328.9 323.9 324.8 341.4 355.9 369.6 387.6 407.4 421.4 425.7 421.2 418 414.8 411 405.3 398.5 393.7 388.7 383.1 377.6 374.8 378.2 382 386.1 390.2 391.9 392.9 390.7 381.9 369.1 354.1 340.8 331.3 321.8 315.5
80.5 70.1 72.7 87.9 106.6 121.2 136.2 154.8 173.5 193.6 213.8 239 263.9 287 314.5 341.5 367 389.7 411.6 426.4 439 451.3 463.4 474 478.9 485.8 494.6 500.8 506.4 509.2 511.7 510.5 509.9 508.8 507.3 505.8 502.8 499.3 487.7 448.1 415.3 401.1 380.4 359 336 320.5 309.1 311.7 327.9 341 354.4 370.3 387.3 402.1 406.6 409 407 404.7 400.8 396.8 392.1 387.3 382.6 377.2 372.3 371.6 375 378.5 382.3 387.3 390.8 392.4 390.4 385.2 370.6 354.9 343 334.2 325.8 323.8
71.9 67.1 78.4 96.9 114.8 131.4 145.6 164 182.3 201.9 224.4 250.7 278.7 300.8 331 357.1 379.2 398.9 419 433.8 446.3 458.9 471 479.7 484.8 489.8 496.6 503.2 508.7 512.4 514.9 514.9 510.3 509.4 507.9 506.4 504.9 498 485 448.9 414 393.5 373.1 352.2 331.6 314 302 302.4 314.6 326.8 339.4 355.8 370.5 383.4 391.6 397.1 397.2 393.9 390.1 387.2 384.9 380.5 376.1 371.3 368.2 367.4 370.8 374.2 378.6 384.1 389.5 391.4 390.6 386 371.8 357.3 345.6 335.8 331.1 332
61.8 64.2 86.1 107.1 125 139.8 154.8 172.5 191 213.4 237.8 264.5 292.7 320.5 347.4 368.3 387.7 407.9 427.6 442.7 455.1 465.9 474 481.6 487.9 493.3 499.8 505.8 510.2 514.5 518.2 518.7 515.7 509.9 508.4 506.8 505.1 497.2 482.4 447.6 412.8 386.6 368.3 347 326.5 311.1 295.3 285.8 304.1 315.6 327.5 341.3 354.6 368.4 377.2 383.1 386.4 383.7 380.4 379 376.7 373.4 369.1 364.8 362.7 362.2 365.5 369.4 374.8 380.1 385.5 390.7 389.9 383.8 371.1 359.2 347.4 341.2 342.1 346.3
61.4 74.8 93.3 116.5 131.1 150.2 165.9 182.5 200 227.7 252.8 279 307.1 333.7 356.8 376.6 396.5 416.6 436.5 451.4 460.9 467.1 474.4 481.6 487.9 494.7 500.8 505.3 509 513.4 516.5 518.8 518.7 512.9 509.3 507.8 505.7 497.5 486.4 447.9 409.6 385.9 366.5 345.7 324.8 306.3 290.1 281 290.3 302.2 315.1 327.1 338.8 354.6 363.7 370.8 371.8 373.1 372.5 370.9 369.6 366.5 362.5 358.4 356.6 357.5 360.1 365.5 370.7 376 381.4 387.5 386 377.2 368.6 357.3 350.8 348.1 354.6 358.6
68.8 85.1 102.3 124.1 141.6 158.6 175.9 193.6 214.6 241.9 267.8 292.4 320 344.5 365.9 383.9 403 422.4 443 457.5 463.2 468.9 474.8 480.5 487.2 493.4 498.6 503.9 507.8 511.7 514 516 517.3 515.6 511.2 508.3 503.3 495.8 487 452.9 412.8 386.4 367.2 346.5 326 306.1 287.6 276.1 276.3 289.4 302.5 314.7 326.2 341.3 350.5 358.8 361.6 363.4 363.2 363.8 362.2 359 355.9 352.1 350.2 351.1 356.1 361.3 366.6 371.8 377.3 384 381.5 372.4 365 360.4 356.6 359 361.3 360.9
80 93.2 110.4 130.5 150.6 168.7 187.5 209.5 234.1 261.8 288.5 302.8 334.8 356.7 372.7 388 406.7 427.4 448.1 458.6 464.4 469.8 474.2 479 485.4 491.4 496.6 501.8 506.7 508.9 510.7 512.5 513.5 512.6 510.1 504.6 498.3 492.8 484.3 459.4 413.8 386.8 367.8 347.5 327 307.7 288.6 274.2 264.1 275.7 290 302.4 314.8 327.2 337.4 346.4 350.8 353.6 354 355.3 353.8 350.9 348 345.6 343.4 343.8 350.1 356.4 362.4 367.6 373.3 381 378.7 372.1 365.7 361.1 361.7 362.8 362.7 362.6
85.8 98.9 118.5 138.6 158.7 181.6 201.3 227.7 253.1 276.3 303.9 331 347.7 364.7 379.1 395.5 414.2 433.4 452.7 460 464.9 468.8 472.7 476.6 481.5 488.7 493.4 498.1 502.4 505 507.2 509 509.7 508.7 507.3 501.6 495.3 489.1 482 460 420.6 384.1 367.3 348.4 328.1 309 289.9 274.7 260.5 265 278.2 290.8 303.3 314.6 323.9 333.6 338.7 343.7 345.9 347 344.2 341.3 339.9 338.5 336.6 338.1 344.4 350.6 356.9 363.1 370.1 376.7 377.6 371.2 364.8 361.4 361.9 364.2 364.6 367.4
92.5 108.5 127.5 147.5 170.5 193.6 215.6 244.7 271.6 289.7 318 345.9 364.4 371.9 386.1 404.7 421.1 438.8 452 459.5 463.2 467.1 470.9 474.8 478.8 483.6 488.2 492.5 496.8 499.6 502.2 504.8 505.7 504.7 503.7 498.7 493.7 488.5 481.8 450.2 414.9 386.1 367.5 349.4 329.5 310.4 291.2 275.2 260.1 254.4 266.1 278.8 292.1 304.3 313.8 322.3 329.8 334 337.9 337.4 335.4 334 332.5 331.1 329.6 332.5 338.7 344.9 351.2 357.6 363.4 369.5 373.1 366.9 362 360.3 361.2 364 366.3 367.8
100.9 119.2 139.6 159.6 180.7 204.2 231 260 280.1 301.9 331.8 352.9 371.9 386.1 397 410.7 425.9 443.8 452.3 458.4 461.8 465.3 469.2 473.1 477 480.6 483.3 486.9 491.2 494.2 496.6 498.6 498.4 497.8 497.2 495.2 491 485.8 475.9 454.4 416.6 386.4 363.7 349.7 330.6 311.5 292.6 277.2 261.6 246.7 253.8 266.9 280.1 293.4 303.4 311.8 320.3 324.8 328.9 329.5 327.7 325.9 324.1 322.3 320.7 327 333 339.4 345.8 352.3 358 363.2 368.1 364.5 360.3 358 360.4 363.4 366.9 368.2
112.7 133 153.5 173.5 192.8 213.2 239.7 266.7 288.2 314.9 339.3 359.1 379.4 392.8 403 416 431.6 443.1 453.2 457.9 460.9 464.2 467.7 471.4 475.3 478 480.8 483.6 486.3 488.1 490.1 492 491.2 490.5 489.9 488.3 485.2 481.2 469.1 453.4 419.3 388.5 368.1 350.9 331.8 312.7 294.4 277.4 260.5 243.5 241.3 256.9 270.1 283 293.9 302.3 310.6 316.1 320 322 321.1 319.3 317.5 315.7 313.8 318.7 327.4 334 340.4 346.9 352.5 357.8 361.2 360.5 357.1 354.7 358.1 362.1 366.5 369.4
125.3 146.2 167.3 187.4 207.1 228.6 249.8 271.6 295 323.4 345.9 366.1 386.2 396.8 405.7 420.1 433 444.8 453.1 457.8 461.7 464.4 467.3 470.5 472.2 474.8 477.4 479.9 481.6 482.6 483.9 484.8 484 483.3 482.6 481.1 478.3 474.2 463.1 449.6 430.5 393.6 368.3 352.2 333.3 314.4 294.2 276.2 259.4 241.3 229.6 246.9 261.5 273.7 285.3 294 302.2 306.7 311.1 313.6 313.9 312.8 311 308.3 303.4 312.4 320.5 328.1 335.1 341.5 347 350.7 354 355.1 350.9 351.8 356.2 359.8 364.5 369.5
137.9 160.9 182.2 203.7 222.5 240.3 259.2 280.6 304 329.5 351.5 372.7 388.2 398.9 409.3 422.4 435.4 446.5 452.6 457.2 461.8 465.5 468.2 469.6 471.2 471 473.5 476 476.8 478 477.7 476.3 475.8 475.2 473.1 472.5 469.4 463 452.2 441.5 426.4 403.8 370.3 352.3 334.8 316.3 297 273.3 256.9 241.1 225.2 240.6 254 266.4 276.2 285.6 292.7 297.4 302.1 305.2 305.5 305.8 303.8 298.6 298.2 307 314.2 321.5 328.9 336.2 340.3 343.9 347.6 348.4 348.7 350.8 354 357.5 362.1 367.7
149.5 176.1 194.9 222 240.6 252.7 268.9 291.1 312.9 337.6 359.2 374.5 389.9 402.4 414.1 425.8 438.3 445.9 452 457.1 461.4 465.8 468.4 469.2 470.5 470.3 470.1 471.1 472.1 470.9 469.1 467.7 466.3 464 461.8 460 456.1 451 440.9 430.4 417.4 403.5 379.8 355 333.8 315.2 296.7 274.4 249.7 232.9 220.6 234.5 246.7 257.9 267.2 276.4 283.3 287 290.8 294.8 295.7 296.5 295.6 288.2 292.7 301.8 309 316.3 323.3 330 334.4 337.9 341.6 342.9 344.9 347.5 352.7 357.7 367.5 374.6
158.8 183.4 209.2 234.9 253.3 264.8 280.3 301.5 323.2 345.7 361.8 379 395.4 406.8 418.6 430.3 440 446.4 452.9 458.5 462.8 467.1 468.5 469 469.5 469.6 468.9 467.8 465.9 464.1 462.3 459 456.7 454.4 452.2 449.4 443.6 437.5 429.5 419 411.9 397 378.4 354.6 333.4 314.1 293.1 274.5 250.9 230.5 220.9 224.2 240.3 248.2 257.3 268.6 274.6 278.3 282.2 286.6 287.4 287.5 288 275.2 285.6 296.3 303.3 310.4 317.4 323.4 328.7 332.2 335.7 338.6 341.4 344.5 352.9 362.8 372.7 381.2
167.9 190.4 218.5 244.4 260.9 273.2 291.5 313.4 334.1 352.8 369.1 386.3 400.6 411.8 422.9 433.5 441.2 447.3 454.2 459.8 464.1 467.3 468.3 469.4 468.1 466.1 464.9 462.9 461 459.2 456.7 452.7 448.8 446.6 444.2 439 431.7 423.2 418.2 408.9 402.8 390.9 373.4 351.4 327.1 307.8 287.1 268.3 248.9 229.3 214.3 216.2 233.2 241.2 250.2 259.7 265.8 270.1 275.1 278.6 279.8 279.8 279.4 269 280.8 289.8 297.4 304.4 311.4 316.9 323 326.5 329.4 332.3 336.5 345.8 355.4 366.8 377.1 386.7
177.1 202.2 228.3 248.9 268 284.6 300.8 322.2 341.6 360.4 377.3 392.8 405.9 417.2 426.9 436.4 442.8 448.5 455.6 461.1 464.3 467.4 469 469.2 464.2 462 460 458.1 456.1 453.8 450.7 446.8 441.8 438.7 435.5 428.6 419.8 409 404.5 399.2 394.3 384 365.4 339.7 318.1 299.7 281.4 262.7 243.9 224.3 210.8 212.4 226.1 234 242.6 252.3 258.2 262.9 268.1 271 272.3 272.1 268.1 261.1 275.1 284.1 290.7 298.4 305.1 310.4 316.5 319.2 321.8 328.3 336 347 357.8 370.3 379 383.1
183.2 209.1 235.3 253 274.8 290.2 305.5 326.6 346.7 367.9 383.1 396.7 410.3 421.1 429.5 440 446.1 451.3 457.2 461.7 464.9 467.9 468.8 466.6 462.5 458.6 456.5 454.6 451.5 447.8 444.8 440.7 435.6 431.1 423.2 416 405.1 395.9 390 384.9 380.6 372.7 355.4 328.9 309.6 291.5 273 255.8 239.6 220.2 206.6 206 218.9 226.6 235.1 245.1 248.3 254.3 259.4 261.6 263.8 263.3 255.5 257.8 270.2 277.7 284.3 291.5 296.8 303.8 309.5 311.8 318.8 326 336.3 348.3 359.3 370.9 379.1 380.2
187.4 213.7 238.5 255.7 275.6 293.7 310.1 330.3 350.4 370.6 386.3 400.5 414.2 424 432.3 440.6 447.9 452.5 457.2 461.8 465.8 468.6 468.8 465.5 460.3 456.5 453.9 450 446 442 438.6 434 428.7 420.1 411.6 403.1 393.2 385.1 378.6 372.2 365.8 359.6 343.4 320.6 301 282.3 264.4 247.8 232.3 214.9 202.9 198.3 211.7 220.8 229.2 237.5 239.9 245 250.1 252.5 254.2 252.6 243.6 254 262.2 269.8 277.3 284 288 295 301.8 308.4 315.4 323 336 349.1 360.7 370.9 375.9 378
194.7 217.6 241 258.5 276.5 295.5 313.4 332.6 352.4 372.3 387.5 401.9 415.8 426.8 435.2 443.4 448.3 452.7 457.1 461.8 466.4 469.1 469.2 465.5 460.2 455 452.2 446 441.3 437.1 430.8 425.4 419.3 410.6 401.9 392.1 382.9 373.4 366.8 359.5 352.8 346.6 331.3 311.3 292.5 273.1 256.4 239.8 224.5 208.8 199.6 191.4 207.4 215 222.1 230.4 231.9 235.6 240.7 243.3 244.1 240.4 232.5 247.5 255.4 262.8 270.2 275.1 278.8 285.7 296.2 304 311.8 322.8 335.9 348.6 357 366.1 369.5 370.9
199.4 220.6 240.6 261.2 279.1 297.6 316.6 335.8 355.1 373.2 389.1 402.2 417.1 427.2 437.3 444.4 449.1 453.5 457.9 462.2 466.6 469.3 468.7 464.9 459.9 454.8 449 442.4 437.7 430.6 422.6 416.3 409.8 401.1 393 381.8 371.9 363.1 355 346.6 338.6 334 317.2 299 280.9 264.1 247.8 232.6 219 206.4 193.8 192.3 203 210.8 217.8 222.1 222.9 226.2 231.3 233 233.4 228.8 228.5 242.7 247.5 255.9 261.7 265.4 270.7 284.4 292.2 299.9 310 323 336.2 345.1 353.3 360 362.7 364.7
201.7 220.4 240.3 260.6 281.3 298.5 319.7 338.6 356.4 373.6 390.5 404.2 417 426.4 435.8 445.2 449.9 454.4 458.9 463.4 467.9 469 468.1 464.3 459.4 454.6 446.5 438.8 433.7 424.5 415.9 407.5 400.4 392.3 382.2 371.5 361.2 351.9 341.8 331.1 320.2 319.3 305 287.2 269.4 253.3 240.1 226.7 215.7 203.1 190.3 190.9 199 205 208.1 211.6 213.8 211.5 213.1 216.8 211.9 212.4 221.4 222.8 230.1 236.2 246.7 258 271.8 280.2 288.1 297.3 310.3 323.3 332.8 341.5 350 353.7 356.9 358.9
201.5 219.9 239.9 260.1 281.9 297.7 320.4 339.3 356.6 373.7 390.7 404.5 417 426.4 435.7 444.2 450.6 455.4 460.2 464.7 469.2 468.7 468.1 465.1 460.3 454.8 446.4 437.7 429.1 418.4 410.2 402.8 390.6 383.5 371.5 361.2 350.8 340.7 328.2 316.1 300.3 301.8 291.5 275.8 258.3 242.2 230.1 219.9 209.5 201 185.5 184.1 194.1 199 202.7 203.6 198.3 203.8 216.1 210.4 215.7 224.7 229.7 232.3 237.1 245.4 244.1 249.9 258.1 269.8 283.7 297.3 310.1 321.1 329.8 339.5 346 347.8 350.9 353.7
200.6 219.3 239.5 262.4 281.1 297.6 318.2 337.4 356.5 373.5 389.5 403.2 416.5 426.3 434.2 443.2 450.8 455.6 460.5 465.3 469.5 469.1 468.7 466.6 460.8 454.9 446.6 438.1 429.1 416.1 408.3 397.9 385.8 368.9 357.1 347.2 336.7 328 315.3 302.3 283.5 282.5 274.9 260.3 245.5 232.5 220.7 211 202.5 198.1 180.4 179.1 191.4 193.5 194.9 191 190 195.5 219.2 231.8 238.2 245.3 249.9 255.4 260.8 267.8 266.3 266.4 261 266.3 280 294 309.5 320.2 329 335.8 342.3 344.3 346.2 348.1
198.7 221.3 242.5 263.3 281.1 297.6 315.3 334.6 353.9 372.9 387.9 401.3 414.2 424.5 433 442.2 451.1 456.1 461.1 466.1 469.2 468.8 468.4 466 460.6 455 446.8 436.9 429.3 416.9 405.7 394.2 382.3 360.1 337.9 331 322.4 314.2 301 287.2 271.6 261.1 255.6 246.6 234 222.6 211.9 203.2 194.6 189.8 178.9 186 191.9 190 187.1 182.2 203.4 209.3 225.1 240.5 248.4 256.6 264.8 270.7 276.8 278.9 278.9 279.7 272.4 262.7 269.4 291.9 310.1 318.5 325.5 332 338.4 340.8 342.6 343.3
198.6 221.9 240.7 259.4 278.3 297.2 312.1 331.6 351.2 367.8 384.1 397.7 410.2 420.1 432.1 441.1 450 456.8 461.8 466.8 468.9 468.5 468.2 465.1 459.8 453.4 442.6 436 428.3 415.6 403.2 391.7 379.3 357.9 336.5 314.4 306.5 298.9 285.8 272 257 246.9 238.5 230.3 222.4 213.7 204.7 197 188.3 178.3 171.5 188.5 190.3 175.5 171.9 181.6 205.1 221.1 232.8 243.5 255.6 265.3 273.6 279.9 285.2 286.2 287.9 289.2 284.2 283.6 283.8 288 306 315.2 321.7 328.1 334.6 337.3 338.7 338.1
198.1 215.4 233.5 252.8 271.4 288.5 305.6 323.2 343.7 361.4 379.5 394.2 405.7 418.6 431.9 440.2 449 455.8 462.6 467.6 468.6 468.3 467.9 464.3 459 450.3 442.5 435.9 425.1 412.8 400.4 388.4 372.7 355.8 334.6 315.6 287.4 279.6 268.2 256.8 241.4 234 227.2 217.1 209.8 204.7 198.3 190.4 181.6 170.5 175.8 178 168.1 170.8 187.8 200.3 212.1 222.8 235.5 248.3 263.1 274 282.4 290.5 294.3 299.1 301.4 303.6 299.1 296 293.2 286.5 300.7 311.2 317.7 324.2 330.7 333.5 334.6 333.5
192.3 208.4 225.7 244.4 260.5 277.2 293.8 310.7 331.9 355 373.1 390.6 403.3 417 430.8 440 448.5 455.1 461.6 468.3 468.7 469.1 468.6 463.8 457.9 450.2 442.4 434.2 421.9 409.6 397.3 384 367.2 350.8 333.5 314.2 291.9 261.5 254.4 242.3 229.4 220.5 212.9 201 199.9 196.7 190.3 184 177.8 168.7 171.4 168.2 168.1 174.1 192.3 204.5 213.6 225 239.4 253.8 268.6 285.8 298.6 307.7 312.8 317.7 321.8 321.5 319.3 316.7 309.2 295 296.6 309.2 313.7 320.5 326 330 331.2 329.6
186.3 202 217.3 232.7 248.4 264.5 282.2 301.8 328.6 352.2 369.2 386 401.1 414.8 429.6 440.3 448.8 456.3 462.8 468.4 471.1 471.1 469 464.2 458.4 450.3 442.4 431 418.9 406.6 394.4 382.1 364.7 348.8 331.7 311.7 291.3 269.8 240.9 231.5 222.5 211.6 206.6 192.5 191.4 189.1 183.2 177.5 170.8 159.8 166.4 161.1 166.7 180.8 195 207.2 215.7 228.1 244.4 263.5 283 300 313.1 321.5 328.3 334.5 338.3 337.1 335.8 333.7 326.2 309.9 303.5 309.7 310.9 317.5 319.6 323.8 328 328.6
179.3 194.1 208.3 225.7 244.6 265.6 283.4 305.7 327 348.6 365.4 382.3 399 414.4 429.7 439.4 448.8 457.5 463.3 468.6 471.4 471.2 468.2 465.3 459 450.8 441.3 427.3 414 401.9 389.8 377.7 365.8 349.5 327.6 306.8 286.3 263.8 242.3 223.9 211.1 209.4 201.4 191.5 180.8 182.3 175.5 168.7 162 159.4 159.4 162.2 176.1 185.3 195.7 207.5 217.9 234.9 257.3 277.7 297.9 312.8 325 337.1 343.9 349.6 351.3 350.2 349.1 344.3 337.5 323.9 320.2 318.3 317.2 321.9 323.7 326.5 328.5 328.5
172.9 188.1 207.7 226.4 244.1 266.6 288 314.3 332.4 348 364.8 381.7 398.1 413.9 429 438.4 447.8 456.9 463 468.5 470 469.1 467.2 464.7 459.3 450.8 436.6 423.7 410.6 397 385.3 374.2 363 344.6 323.5 302.2 281.3 257.9 234.1 219.8 202.2 201.3 191.2 182.3 173.9 174.8 166.4 159.7 154.2 156.3 160.6 173.2 180.7 187.9 198.9 210.3 221.4 245.1 267.7 290.3 308.7 323.6 335.8 347.5 358.7 364.6 361 358.2 356.8 352.1 345.7 335.5 331.2 321.5 322.9 329.4 329.6 328.3 329 329
175.2 191.3 209 225.5 243.4 265 287.2 314.5 332.4 348.1 364.2 381.1 397.2 412.5 426 437.2 446.6 454.8 461.5 466.5 467 466.3 465.7 462.9 456.2 448.5 432.7 415.8 402.9 390.4 378.2 367.8 356.6 336.1 315.7 295.2 275.6 252.9 230.2 219.2 201 185.7 183.1 174 168.8 166.6 159.7 149 149.7 157.6 166.3 176.6 183 190.7 202.2 213.6 228.5 255 277.9 299.8 318 334.2 346.5 358.7 370.4 376.7 371.3 365.7 364 359 352.3 343 332.2 330.8 335 337.6 335.2 333.7 329.1 329.1
180.2 194.3 209.2 225.3 242.5 262.3 288.3 312.4 329.5 347.5 363.8 380.5 395.8 409.3 422.8 436 444.6 452.7 460.1 464 463.9 463.3 462.6 460 452.7 444.1 427.8 410.3 395.4 383.1 370.9 358.6 346.4 326.3 306.8 287.4 267.9 247.8 225.5 211.9 197.3 181.2 173.1 171.2 165.8 160.6 152.2 148.7 155 162.8 171.3 177.4 186.4 196.2 206.2 219.6 239.8 265.6 288.8 308.3 328.2 343.8 358 370.5 379.3 380.1 376.1 371.4 367 362.9 358.4 347.4 337.2 340.4 346.3 344.7 341.1 336.7 331.5 328.7
177 192.5 209.3 225.4 242 262.5 289.6 310.2 328.7 345.8 362.9 379.2 392.9 406.6 420.4 432.6 442.1 450.3 457.8 461.8 462.6 462 461.3 457.7 450.6 435.9 420.1 403.3 389.5 377.1 364.5 351.1 336.9 318.3 299.1 279.7 260.2 240.3 219.9 204.2 190.4 180.7 167.8 161.4 158.7 148.7 148 150.1 158.9 167.9 173.6 181.2 192.7 202.6 212.5 226.9 250.1 276.1 297.8 318.2 337.9 353.1 367.2 376.7 380.6 379.5 379.4 374.8 370.2 365.8 361.6 354 345.4 350 352.6 350.2 344.1 338.5 333.4 329.4
