data/210000-720000.asc
ncols 200
nrows 200
xllcorner 210000
yllcorner 720000
cellsize 50
[rows 144 to 179 of 200, columns 81 to 161 of 200]
300.9 310.5 314.8 318.7 322.8 327.9 333.6 337.7 339.2 340.1 344.7 346.7 348.7 353.7 360.2 376.1 391.8 400.8 405.1 411.6 416.3 420.3 427.7 430.2 431.6 439.8 450.1 457.3 452 451.1 456 459.9 463.9 459.8 457.8 459.6 463.5 464.9 455.2 451.6 449.9 440.3 437.7 447.4 454.1 463.1 470.1 478.8 482.4 473.9 469.3 473.8 479.6 484.2 488.1 490.2 492.6 487.2 491.1 488 481.6 484.6 480.1 472.3 467.5 465.2 465.5 468 475.5 484.9 490.8 495.7 495.6 490.4 495.6 505.7 512.8 517.8 522.8 526.5 528.3
309.8 317.5 322.1 327.1 332.2 337.2 343 347.5 349.7 352.9 356.5 357.7 358.8 364.8 371.1 375 389.2 400.1 402.5 408.8 417.5 423.2 428.9 438.5 444 445.8 452.7 458.2 460.1 458.8 463.5 468.4 471.4 465.2 460.6 461.6 463.8 456.9 449.3 448.2 446 437 433.7 445.7 454.4 462.6 466.7 473.5 477 464.6 465.2 470.5 475.3 478.5 481.6 482.7 484.1 484.5 484.3 480.7 483.7 487.3 480.7 472.2 466.5 462.8 466.7 473.2 481.2 483.5 486.3 488.3 489.1 492.4 499.7 503.3 510.5 517.9 523.9 525.6 524.6
316.7 322.5 328 333.3 338.3 345.2 351 355.7 358.4 360.5 363.5 365.1 366.6 372.2 377.8 384 389.6 393.5 395.7 403.1 412 421.8 430.2 440.8 447.9 452.2 455.8 457.1 461.1 465.7 471.2 477 474.9 467.6 459.9 456.6 452.6 448.8 444.4 445.3 444 431.5 432.1 445.9 452.6 457.5 462.2 467.6 464.8 455 460.6 465.9 470.7 476.4 475.2 477.1 479.1 481 478.3 478.5 482.4 480.8 474.7 468.3 461.5 461.2 469 471.1 477 479.3 479.3 479.1 484.5 493.5 500.7 503.7 510.4 517.5 521 521.8 520.5
317.9 324.7 332 338.6 344.2 349.6 355.6 358.7 362.9 365.2 367.5 369.2 371.4 376.9 383.1 388.7 393.4 396.1 397.4 400.5 411.3 421.5 431.7 441.3 450.9 456.8 461.3 462.4 462.6 466.2 472.3 477.8 475.8 468.1 456.3 451 445.9 441.4 440.5 439.5 437 427.1 430.5 442.3 447.4 452 456.3 458.6 459.5 448.9 453.8 460.9 465.5 465.6 467.8 468.9 472 473.1 473.5 476.4 477.4 473 468.6 463.5 457.8 461.6 465.4 466.9 470.3 472 471.3 473.9 481.7 492.7 499.9 502.9 508.5 514.6 515.2 516.1 516.4
317.7 325.1 331.9 339.8 346.2 351.6 358 362.1 364.7 369.2 371.1 372.7 377.8 386 390.9 395 398.4 399.6 400.7 402.6 407.8 416.7 425.2 433.8 441.9 451.7 461.2 465.4 467.7 465.7 469 473.2 471.8 461.8 452.5 447.8 438.6 438.6 439.2 437.5 433.5 424.2 432 437.6 440.8 444.2 447.3 447.8 443.9 441.1 446.3 452.6 453.9 455.7 460.1 461.2 463.5 465.7 469.1 473.1 474.1 468.2 462.8 458.3 456.5 461.7 463.2 463.3 465.9 465 467.9 473.2 479.9 488.2 493.6 499 504.2 509.3 511.2 510.6 511.4
316.6 322.9 330.1 337.9 346.6 353.5 360 366.3 370 375.5 379.9 385.9 390.1 393.1 396.8 400.2 403.6 405.1 406.1 408.5 410.8 412.9 417.8 425.2 434.1 444.2 452.4 460 463.9 467.5 468.3 467.1 462 455.1 444.1 436.1 431.8 433.7 434.5 433.4 426.3 420.2 427.6 431.9 435.3 436.3 438.6 438.9 437.9 435.8 438.3 447.5 448.7 451.2 455 455.9 457.3 460.7 464 466 465.5 463.2 459.3 455.1 455.1 459.3 460.6 460.4 460.4 460 466.9 473.4 479.7 484.4 488.4 493.6 497.9 503.8 503.4 504.1 505.3
316.8 321 328.4 336.4 348.7 356.4 361.3 372.1 375.4 381.2 386.1 391.3 395.1 398.5 401.9 405.2 410.1 416.7 418.6 420 420.1 418.2 416.4 428 431.3 439.5 445.6 452.9 460 467.7 467.6 468.6 461.2 448.6 435.6 430 427.7 429.1 430 425.6 418 419 423.4 426.8 428.8 430.5 437.3 438.1 437.9 432.1 434.9 437.9 440.9 444.6 447.4 449.2 453.5 456.5 458 460.2 459.4 457 458 454.3 451.9 457.5 456.8 456.2 455.1 460 465.8 471.5 476.5 481.3 484.9 488.2 492.4 497.8 498.6 500.3 501.9
321.7 322.3 328.7 336.9 347.2 352 357.9 364.5 374.5 385.9 385.1 390.9 395.8 400 405.4 407.6 412.1 416.6 418.4 420.1 418.1 414.3 412 417.8 420.6 428.8 437.9 446.9 457.7 463.5 461.6 463 449.5 437.6 428.5 421.5 424.2 424.6 422 418.6 412.9 414.4 420.4 423.3 421.6 428.3 435.3 437.8 434.6 428.7 431.3 434.9 434.6 439.6 449.1 449 449 450.4 451.1 452.7 452.6 453.7 452.9 453.3 450.7 454.1 452.6 451.3 452.1 457.8 465.2 470.2 473.3 478.3 483.1 485.6 487 491.3 497.2 499.7 497.9
315.7 320.4 326.3 332.3 344.2 347.7 353.5 361.6 369.2 381.5 388.3 391.9 396.5 398.9 404.1 406.8 409.9 412 412.6 411.7 408.6 404.6 400.8 403.8 409.2 417.4 429.1 445.4 455.9 453.5 453.3 449.2 436.1 427.3 418.8 417.9 421.8 423.7 422.2 417.3 407.1 409.1 413.8 415.4 420.6 426.7 431.1 434.9 433.5 427 428.7 432.3 430.1 435 440.6 447.9 445.5 445.8 445.7 448.1 452.2 456.8 450.8 447.1 446.6 452.1 450.4 447.2 450.1 454.2 460.6 466.8 470.6 476.1 481.6 485.5 484.6 490.5 494.8 495 495
311.1 316.1 321 327 343 346.7 354.8 356.7 362.7 375.2 387.2 394.9 400.4 402.3 402.8 404.1 406.1 406.9 405.9 403.4 400.6 397.9 395.9 393.8 397.1 405.9 421.7 435.9 445.6 447.9 440.7 433.6 424.6 416.9 413 414.2 417.9 421.1 422.1 412.8 401.4 403 405.4 413.6 416.7 421.8 428 433.3 434.6 423.8 431.1 431.7 426.6 431.8 434.9 436.9 440 441.4 443.1 446.8 449 449.6 446.8 443.3 445 449.4 444.9 447.4 452.6 457.5 460.8 465 467 471 475.9 484.3 485.3 491.6 493.1 491.1 492.1
310.9 322.6 322.1 324.3 334.5 342.7 350.8 354.8 360.1 371.6 384.9 390.8 397.3 403.5 402.1 403.5 405.8 405 402.6 398.6 396.2 397.5 393 392.6 392.3 398.9 414.4 425.3 436.1 440.3 426.5 421.3 418.8 410.5 409.6 411.9 415.6 417.6 416.3 405.6 394.7 397 400.4 410.4 415.4 419.1 424.4 426.5 423.7 424.1 431.6 430.9 424.7 427.2 429.5 431.8 437.2 438.8 440.5 443.6 444.6 443 442.5 439.6 444.1 444.6 444.7 447.8 451 456.9 465.6 465.2 466.7 469.9 472.2 478 482.7 484.3 486.8 492.8 491.2
314.4 317.3 325.9 331.9 337.7 351.4 361.6 364 365.5 375.6 383.8 389.1 395.1 400.6 398.4 403.6 406.9 403.1 402.3 400.2 396 388.3 387.8 390.5 390.7 398.2 407.8 420 421.8 417.7 412.1 413.2 409.4 403.3 402.1 408 412 410.1 406.5 395 388 393.6 397.4 404.7 412.3 416.4 419.4 418.6 419 424.5 424.6 425.1 420.8 422.6 425.5 429.8 433.1 434.8 436.6 439.9 439.7 437.3 440.7 443 442.1 442.4 445.3 448.2 451.1 454.9 461 464.9 469.4 473 474.9 477.7 479.3 483.1 488.4 490.8 492
328 328.6 331.6 342.3 348.5 354.4 362.2 372.5 377.1 372.5 377.3 383.9 389.7 390.5 394.5 400.7 397.7 400.3 400.3 393.4 387.8 387.8 387.8 387.8 388.8 396.3 403.4 413.7 411.9 401.4 404.5 407.5 398.9 394.8 402.1 405.9 411.8 406.8 397.1 389.3 386.1 391.4 396.4 400.6 405.6 410.6 411.5 413.8 416.8 420 419.5 424.5 417 418.9 425.8 430.3 429.7 432.1 433.8 434.5 439.9 438.8 440.1 442.9 445.6 446.4 447.8 451.4 452.4 455.5 460.4 465.8 471.8 475.5 477.6 478.5 480.7 485.3 486.6 490.1 491.8
340.3 341.3 346 351.5 359.4 367.1 369.7 372.5 371.5 370.2 370.2 372.6 378.9 384.7 389.4 390.6 394.8 397 396.5 394.8 387.8 387.8 387.8 387.8 389.6 395.9 405.3 408.7 405.9 401.5 398.6 397 391.3 390.3 400 402.8 398 401.8 385.8 381.9 387.1 392.5 395.9 398.4 401 406.1 407.3 411.8 414.1 414.6 415 420.6 414.8 418.7 424.7 427.2 425.8 427.8 432.5 437 440.9 442 441.8 443.7 449.6 450.3 450.9 455.8 459.1 463.9 464.2 466.5 469.6 474.1 478.5 480.5 483.7 487.9 488 488.2 487
353 355.8 359.1 363.7 368.7 372.6 370.9 373.8 370.2 370.2 370.2 370.2 372.7 383.7 389.9 386.1 393.5 394.6 404 406.9 400.5 395 387.8 387.8 387.8 387.9 401.6 402.8 404.5 401.4 396.7 391.6 386.6 391.5 395.2 396.3 390.9 395.9 381.9 380.8 384.7 394.8 397.4 396.2 397.1 401 405.2 406.5 409.3 411.3 410.7 412.2 412.7 417.6 419.9 425.2 428.1 428.4 433.2 437.1 441.8 445.3 444.6 447.9 452.8 456.1 458.9 461.2 465.8 467.3 469.4 470.1 470.2 473.4 478.5 480.4 482.5 484.5 484.1 484.2 485.1
368.2 371.7 372.5 372.4 373.7 375.6 372.6 370.2 370.2 370.2 370.2 370.2 370.2 373.8 380.5 385.7 392.7 395.1 400.1 403.4 404.3 398.2 392.4 388.2 393.7 387.8 394 400.6 404.4 402.1 391.3 389.5 386 385.9 387.3 390.5 382.6 383 379.4 379.9 383.1 389.8 390.9 390.1 394.9 400 405.9 411.9 414.4 411.9 411.5 413.1 415.1 419.3 423.2 427.8 430.5 432.9 435.3 438.9 442.9 445.3 447.8 452.3 456.6 461.3 465.4 467.9 471.2 470.9 472 471.8 471.1 474.8 476.3 479.3 481 481.8 481.6 483.4 485.6
389.8 398.4 399.3 398.9 387.4 379.8 372 370.2 370.2 370.2 370.2 370.2 370.2 370.2 379.4 391.9 395.8 392.9 396.1 400.1 402.1 405.2 401.9 394.5 392.1 388.8 392.3 396.3 398.4 394.2 386.6 383.4 383.6 385.2 387.9 383.4 377.9 380.6 381.2 379 382.3 393.2 385.1 391.1 396.1 402.1 403.9 406.1 406.8 409.5 413.9 416.3 417.8 421.3 424.7 429.1 433.5 436.3 438.3 440.7 444.4 448.5 453.4 457.6 463.3 469.1 471.7 475 473.5 473.6 473 470.7 470.3 472.9 474.6 476.6 478.3 478.9 479.2 481.2 481.9
396.6 406.1 410.8 406.1 391.6 383.7 377.2 370.2 370.2 370.2 370.2 370.2 370.2 379.2 387.4 393.5 387.3 386.5 391.6 396.2 401.8 404.7 404.5 401.4 397.3 396.3 389.9 389.6 386 385.5 381.6 381.1 384 385.8 387.7 380.2 376.6 377.4 381.9 377.5 380.3 383.1 386 394.3 396 402.4 401.8 402.1 406.4 407.2 411.4 418.6 420.9 423.2 426.9 430.9 435.4 438.6 440.7 443.4 448.4 454.4 460.2 464.6 469.9 473.4 475 474.7 474.7 474.6 473.5 470.9 468.5 470.8 471.6 473.4 475.5 477.9 477 478.7 478.6
397.1 400.9 406.6 405.3 392.3 384.9 378.4 370.2 370.2 370.2 370.2 370.2 378.9 379.1 381.7 377.4 380.8 383.7 389.8 394.8 398.7 402.1 405.8 409.2 404.1 398.2 393.4 388.5 387.2 380.9 379.3 381.6 383.4 384.9 387.4 380.4 377 379.6 380.3 379.8 379.6 379.7 382.4 388.7 395.1 397.4 397.9 403.7 410.2 410.4 413.3 418.7 422 426.2 429.7 433.3 437.1 440 443.9 447.8 453.4 459.4 465.5 468.9 472.9 473.2 474.8 475.3 474.2 474.2 470.7 466.8 466.7 467.3 470.5 472.2 474.1 475.1 475.2 473.7 473.1
391.9 395.6 401.1 401.1 388.5 382.8 377.2 374.4 371.1 374.7 375.2 379.5 374.4 368.8 371.5 376.5 377.8 380.9 387.3 391.1 395.5 397.7 403.6 411.4 403.8 398.3 394 387.8 385.3 385.2 380.7 380 382 385.4 381.6 377.4 379.8 379.5 381.3 381 380.2 382.3 386.6 387.9 394.7 396.6 401.5 405.2 408.7 413.2 417.2 421.3 425.4 429.2 432.3 435.7 439 442.2 448.4 454.5 459.8 465 469.6 472.7 474.8 473.8 473.4 474 472.4 472.4 469.2 465.4 463.3 463.5 467.2 469.2 469.7 470.1 470.7 468.5 469.4
387.8 391.3 393 390.8 386.8 384.7 379.9 376.9 376.1 377.1 378.6 369.5 362.5 370.4 376.2 376.9 374.1 380.5 383.5 387.1 390.9 395.8 401.7 408 399.9 393.8 390.7 386.6 381.3 378.4 380.7 379.4 381.3 386.2 376 379.4 381.4 387.4 385 384.9 382.7 383.5 392.7 397.5 393.7 400.5 405.5 409.5 413.2 417.2 421.3 425.2 429.1 431.7 434.8 437.9 441.6 448.3 454.4 460 465.6 470.9 472.6 473.6 474.7 474.5 473.9 471.6 470.6 469.6 469.3 462 462.1 461.4 462.5 463.4 463.8 463.7 463.4 461.8 464.3
384.9 384 385.6 385.8 391.4 388.2 382.7 381 376.2 375.7 368.7 358.7 361.3 372.4 378.3 377.6 369.7 378.5 382.4 383.3 388.5 394 398.7 400.8 396.5 396.3 393.4 386.2 378.7 375.4 378.4 380.5 379.5 376.1 378.7 380.2 383.4 394.1 394.3 389.3 389 388.7 392.8 397.9 400.1 405.7 410.4 414 418.3 422.9 426.9 430 431.9 434.1 436.8 440.9 446 454.2 459 465 470.6 472.4 472.8 473.7 474.4 474 472.6 468.1 466 464.9 461.1 458.7 462.2 459.9 458.9 459 458.4 458 457.8 457.3 455.5
378.2 378.3 383.1 386.4 388.7 381.8 378.4 375.8 375.2 368.9 360.1 355.3 360.3 362.9 361.8 363.5 364.1 370.7 374.1 380.8 390 388.9 386.8 389.2 390.7 392.7 390.6 382.8 377.5 374.9 376.6 376.8 374.3 374.8 381.8 388.4 388.5 395.2 395.2 393.8 395.3 395.2 397.7 402.1 407.3 413.8 414.5 419 424.1 428.9 431.9 433.2 435.2 437.1 439.7 444.7 452.3 459.2 463.9 469.2 471.6 472.8 473.5 474.1 473.9 472.7 468.2 463.7 459.4 457.5 454.7 452.7 454.8 460 459.8 457.2 453.2 451.9 450.6 451.5 444.1
366.4 374.4 378.4 381.3 381.7 378.1 375.8 373.5 372.2 358 354.2 350.5 347.9 350.6 362.5 362.2 357.2 359.9 373.6 377.9 379 379.1 384 387.2 385.1 384.6 383 380.2 377.4 373.8 376.1 374.1 374.1 376.4 384.5 389 393.5 399.6 399 398.1 398 397 399.1 407.8 412.7 415.6 419.8 424.5 430.3 434 436.2 437.9 440.7 442.6 445.9 450.5 456.8 463.1 467.9 471.3 473.3 475.9 476.6 473.6 470.3 466.9 462 457 452.8 449.2 447.3 450.2 454.2 454.7 455.2 451.7 446.5 443.7 439.3 438.9 436.6
367.7 373.7 376.3 378.1 380.5 379 371.9 364.8 359 350.4 350.9 341.5 343.1 354.5 361.1 359.2 353.2 365.8 364.7 365 367.1 377 380 380.8 382.1 382.8 384.6 382.7 378.4 375.6 377.8 376 375 378.1 385.2 390.4 397.2 403.1 404 400.9 401 404.3 403.6 411.2 417.8 420.3 425.1 429.7 433.4 437.6 441.1 443.7 447.6 451.7 452.8 457.8 465 471.8 472.5 475.7 476.7 478.6 476.6 470.3 467 462.3 454.9 449.8 446.5 443.6 443.4 444.9 446.6 447.8 446.4 443.8 438.7 432.9 429 427.7 422.3
366.1 370.9 375.1 376.1 379.3 370.3 364.2 354.6 349 345.5 336.9 334.5 347.9 353.3 350.3 350.1 357.6 352.6 353.3 364.8 374.5 382.4 384.6 381.8 383.7 384.2 384.2 380.1 374.6 380.9 379.9 377.2 376.6 379.4 389 397.7 398.7 400.6 403.7 400.4 404.2 408.3 408.3 413.1 421 426.2 429.5 434.5 440.8 448.4 449.6 450.5 453.7 455.8 459.2 465.4 471.9 477.8 477.1 479.6 478.3 477.7 471.6 464.2 459.1 453.6 448.7 444.5 441.1 436.7 439.4 441.9 439.2 439.1 435.7 432.2 424.8 419.8 416 412 405.4
369.2 373.5 375.5 378.1 370.1 363.3 353.6 345.6 338.3 334.2 330 341.6 340.9 340.3 348.7 349 349.3 347.5 357.5 364.6 372 381.3 383 381.5 383.8 380.1 376.4 373.7 383.8 390.5 383.3 379.3 376.9 381.3 387.7 394.2 403 398.4 400.6 403.5 406.5 411.6 416.3 417.1 423.7 429.4 436 442 448.3 456.6 458.5 455.6 457.7 460.4 465.2 470.9 477.7 479.2 477.9 477.6 476.2 473.3 464.5 457.2 450.7 445.8 441.7 438.5 433.9 430.1 437.6 443.2 436.5 424.3 420.9 415.1 405.7 409.2 402.5 398.1 393.2
367.8 371.4 378.3 377.1 370.2 362.7 348.6 338.5 332.9 329.8 333.2 338.9 336.2 342.1 336.5 335.9 341.8 354.1 363.9 371.1 377.8 380.4 379.6 378.6 376.8 374.9 369.3 376.7 383.6 388 384.3 380.9 379.4 380.2 388.3 395.1 397.6 399.9 406.7 407.6 411.4 414.9 418.4 423.7 428.3 436 444.2 449.6 454.3 458.6 459 458.6 460.8 465.3 471.2 477.4 484.5 486.7 480.4 475.7 471.6 462.1 456.7 450.1 443 437.7 434.7 431.1 427.1 426.5 430.4 429.7 419.8 410.7 406.2 397.2 395.8 392.1 386.3 383.5 379.4
365.2 371.9 378.4 379.3 369.1 357.2 346.3 335.5 328.4 328.5 334.6 335 331.9 332.7 333.3 341.1 343.9 359.8 367.6 372.6 375.8 376.6 374.5 372.8 371.3 367.6 370.1 376.6 380.9 387.5 390.7 381.9 382.4 386 388.9 394.6 397.4 403.2 410.1 412.9 417.9 421.1 425.4 432.4 436.9 443.3 450.9 455.3 458.3 461.2 460.7 462.7 465.9 469.4 478.9 489.6 495.6 489.9 480.2 468.9 462 452 446.8 445.7 434.2 429.5 425.3 420.1 416.7 416.8 410.8 403.9 402.8 396.8 388.5 382.1 386.7 380.1 375 370.5 371.1
365.2 376.3 375.1 371.7 364.8 351.4 347.1 330.4 326.2 333.2 331.2 329.6 332.5 329 330.8 336.4 348.4 362 364.5 367.1 368.9 371.1 369.2 363.9 365.6 363 371 376 380.2 385.9 387.2 382.5 384 389.7 392.9 397.3 402.4 407.9 415 421.8 425.4 427.9 434.3 440.8 445.6 449.1 454.1 457.4 458.8 460.3 462.3 465.7 470 477 484.1 488.1 481.8 478.6 470.8 463 451.8 442.9 441 432.9 423 420 414.4 416 411.3 400.1 392.1 386.8 383.5 378.6 372.7 370.4 370.3 367.2 365.9 359.9 362.2
367.3 370.8 371.5 369.2 354.3 344.1 335 326.1 326.2 329.7 327.1 330.7 328.5 326.3 326.4 336.1 349.1 355.5 357.7 360.1 359.7 363.4 364.3 356.3 362 366.3 371.5 374.7 381.9 380.1 380.3 384.4 387.8 389.7 396.1 402.3 408.7 415.7 423.9 431.4 435.7 437.8 441.8 447.7 452.3 454.2 457.3 458.8 460.5 462.2 464.6 468 472.5 482.1 481.8 476.4 471 465 458.1 449 437.5 431.9 426.7 417.5 415.6 411 404 405.5 398.9 388.8 374.4 369.5 368.5 364.7 359.5 355.9 358.1 358.2 352.4 349 348.1
360.4 364.5 365 352.8 340.4 333.2 326.7 321.4 320 321 321.7 324 323.4 322.4 325.2 335.3 343.7 345.9 348.5 350.3 353 361.3 353.5 362.4 366.9 366.1 367.9 372.3 376.4 381.1 383.7 387.1 392.8 399.9 406.9 413.7 419.3 425.3 433.3 442 448.3 449.7 447.3 452 458.5 458.7 460.7 461.9 463.9 465.2 466.4 468.4 471.7 471 467.2 464.1 459.1 451.1 441.7 432 425 421.6 415.9 404.7 404.4 395.8 388.7 386.6 378.2 370.7 363 360.2 355.9 351.2 347.6 345.6 348.2 351.1 349.6 340.2 338
353 354.3 345.1 337.9 334.5 334.7 329.9 316.6 318.1 312.3 314 316.8 316.2 317.5 323.9 329 332.6 332.2 336 344 345.4 345 353.1 363.5 366.8 372.2 371.4 375.7 380.6 385.8 389.9 394.6 400.4 411.1 423.3 430.7 430 434 442.7 452.9 459.3 461.3 456.6 457.6 463.8 464.7 463.9 467.1 471.4 470 464.7 462.6 460.6 457.8 453.3 450.6 447 436.6 431.2 421 412.1 410.2 400 391.5 384.3 383.9 374.2 365.7 361.2 355.8 354.5 347.1 338.2 333 333 333 335.2 340.8 333 333 333
337.4 337.5 337.6 332.8 331.5 328.8 323.1 319.8 319.1 311.3 307.8 311.8 313.2 317.1 324.8 329.2 323.8 322 324.3 328 332 340.8 349.7 357.9 367.2 371.6 374.1 377 384.4 390.8 395.8 401.6 413.5 423.6 433.9 443.9 445.4 445.5 450.3 459.7 469.3 471.2 467.3 468.6 471.6 469.6 472 478.4 481 467.7 459.2 454 450.2 446.8 440.7 442.5 429.2 422.4 416.8 410.2 397.2 387.9 380.7 376.7 368.3 365.3 361.4 353.6 348.5 344.5 338.2 333 333 333 333 333 333 333 333 333 333
332.1 334.3 332.8 331.1 331.9 328.1 317.8 307.9 316.4 311.3 306.2 309.1 313.2 327.8 322.6 319.4 323.7 331.6 338.2 340.8 342.5 345 349.4 355.5 363 370.2 374.7 384.3 396.5 397.8 401.9 410.8 423.8 433.9 442.7 453.4 457.6 461.2 464.3 470.5 477.3 479.2 474.9 472.1 473.6 473.8 476.1 478.8 472.8 461.3 451.8 444 439 435.1 429.3 418.9 411.5 410.1 406.1 398.4 382.7 371.9 366.9 362.5 357.2 355.1 346.4 341.3 340.1 333 333 333 333 333 333 333 333 333 333 333 333
329.4 332.8 328.9 331.3 324.3 317.3 311.6 304.1 308.6 313.5 304.8 308.8 316.4 311.3 319.3 325.7 327.4 332.9 342.2 346.7 348.2 349 349.7 356.8 362 368.5 377.9 387.5 397.7 403.3 410.2 418.5 427.9 438.6 451.2 457.9 465.2 474.6 480.9 479.6 479.7 483.8 482.3 478.9 474.1 474.3 471.8 470.3 465.9 458.2 448.2 437.5 429.8 423.7 415.4 405.1 398.9 395.2 393 380.6 369.2 361.9 357.6 351.1 347.4 342.2 333.5 333 333 333 333 333 333 333 333 333 333 333 333 333 333
