data/210000-770000.asc
ncols 200
nrows 200
xllcorner 210000
yllcorner 770000
cellsize 50
[rows 72 to 107 of 200, columns 0 to 80 of 200]
0.1 0.9 1.6 2.3 5 4.8 4.7 4.6 4.8 4.5 4.6 4.8 4.3 4.6 4.9 5.6 5.5 5.4 5.6 5.4 5.2 5.9 6.7 6.7 7.1 7.4 7.5 7.7 7.9 8 8.2 8.5 8.6 8.8 8.7 8.7 8.7 8.8 8.5 9.1 9.5 9.8 9.7 9.7 9.7 8.7 8.3 8.3 8.4 8.2 8.4 8.3 7.3 5.8 3.9 2.3 2.3 5.3 14.6 16 16.5 17.6 19.7 24.4 25.6 20.5 20.1 24 18 18.2 16.4 21 22.3 20.5 22.2 22.9 25.8 29.3 31 32.8 38.4
-1.4 -0.2 0.6 1.3 1.9 5.1 4.3 4.4 4.8 4.7 4.4 4.2 4.4 4.7 5.1 5.4 5.3 5.2 5.6 6.1 5.6 6 6.7 7.6 8 7.9 7.9 8.1 8.2 8.4 8.5 8.3 8.5 8.8 8.8 8.8 8.8 8.4 8.7 9.2 9.8 9.8 9.8 9.7 9.7 9.5 9.2 8.3 8.1 8.2 8.3 7.7 6.7 5.5 3.6 2.1 2.2 4.9 8.6 16.5 16.4 18.1 19.9 25 26.3 22.5 20.3 27 19.1 19.5 18.2 21.9 19.3 23.7 25.9 29 28.3 29.2 31.5 32.6 33.8
-1.4 -1.4 -0.3 0.4 1.1 1.6 2.9 4.4 4.6 4.7 4.5 4.3 4.6 4.9 5.3 5.5 5.5 5.3 5.5 6.2 6 5.9 7.8 8.4 8.3 8.2 8.3 8.5 8.6 8.6 8.5 8.3 8 8.6 8.7 8.7 8.8 6.8 6.8 9 9.5 9.5 9.7 9.8 9.7 9.9 9.5 8.9 8.8 8.5 8.4 8.2 6.7 5.2 2.5 1.9 4.3 5.2 13.1 16.3 16.4 18 20.7 20.6 22.3 23.6 20.1 22 24.8 21 19.5 18.6 21.7 25.2 27.9 32.6 32.2 31.1 33.9 38.5 40.5
-1.4 -1.4 -1.4 -0.4 0.3 0.9 1.5 2.1 4.4 4.6 4.6 4.5 4.8 5.1 5.3 5.5 5.5 5.5 5.4 5.8 5.5 5.7 6.2 7.9 8.6 8.5 8.6 8.5 8.4 8.4 8.2 8 7.9 8.5 8.7 8.7 6.6 6.3 6.3 6.7 9.1 9.1 9.3 9.6 9.8 9.3 8.3 8.7 9 9.2 8.4 8.1 7.8 5.8 1.5 1.7 6.1 9.9 8.5 14.2 18.9 17.1 20.5 22 25.6 18.6 18.2 19.4 23 22.2 21.8 22.6 24.3 25.7 27.7 29.8 31.5 33.4 34.9 37.2 36.9
-1.4 -1.4 -1.4 -1.4 -0.3 0.4 1 1.5 2 4.4 4.5 4.7 4.9 5.1 5.3 5.5 5.5 5.5 5.4 5.4 5.3 5.9 5.6 6.8 7.8 8.2 8.1 8.4 7.8 8.1 8 7.9 7.6 7.6 7.8 8.1 6.2 6.1 6.2 6.5 6.4 8.6 9.3 9.8 9.9 9.4 8.7 8.2 8.6 8.5 8.3 8 7.8 3.7 1.4 1.7 12.1 10.9 11 11.6 11.5 13.3 20 20.6 18.6 17.1 18.2 19.7 23.1 27.1 23.8 24.8 24.4 26.7 26.5 29.2 33.3 35.6 36.7 38.5 39.4
-1.4 -1.4 -1.4 -1.4 -0.7 -0.1 0.5 1 1.5 2 3.4 4.5 4.7 5 5.2 5.5 5.3 5 4.6 4.7 5.2 5.6 5.7 5.8 6.5 7.8 7.7 7.1 6.9 7.2 7.8 7.4 6.8 7.5 6.7 6.8 6.6 5.8 6.2 6.6 6.4 7.4 8.8 8.9 8.7 8.5 8.5 8.5 8.4 8.4 8.7 8.2 9.4 1.5 1.4 11.8 13.3 13.3 13.5 15.9 13.6 13.6 14.4 15.4 16.3 17.7 18.9 20.1 20.4 21.9 23.4 25.6 27.3 29.1 30.8 32.2 32.6 36.1 37.9 38.8 41.2
-1.4 -1.4 -1.4 -1.4 -1.4 -0.5 0 0.6 1.1 1.6 2 3.3 4.5 4.8 5.1 5.4 5.4 5.1 4.7 4.6 5.1 5.2 5.3 5.4 5.4 7.1 6.5 6.3 5.9 6 6.7 6.5 6.1 6.3 6.4 7.9 5.9 5.8 6.5 6.8 6.6 8.6 8.4 8.6 8.7 8.6 8.7 8.6 8.5 8.3 8.3 8.2 2 1.4 9.3 11 11.3 13.2 13.5 14.6 15.9 20.7 14.2 14.7 15.8 17.5 18.9 19.6 20.6 24.9 27.3 33.1 28.9 32.9 37.5 38.2 37.9 33.9 36.4 39.6 41
-1.4 -1.4 -1.4 -1.4 -1.4 -0.9 -0.4 0.2 0.7 1.2 1.5 1.8 3 4.5 5 5.3 5.3 5.2 4.8 4.6 4.7 4.8 4.8 4.9 5.9 6.1 5.6 6.1 5.6 5.2 5.3 5.4 5.8 6.4 6.8 6.8 6.1 5.8 7.2 7.5 7.2 6.8 7.8 9.1 8.8 8.9 9 9 8.8 8.5 8.3 2.2 1.5 3.6 10.1 10.5 11.4 12.6 13.9 14.2 17.1 18.4 19.7 20.3 23.2 22.6 26 26 24.7 23.2 27.7 30.6 31.6 33.1 40 45 45.8 38.6 35.8 37.5 41.9
-1.4 -1.4 -1.4 -1.4 -1.4 -1.4 -0.7 -0.1 0.4 0.7 1.1 1.5 1.8 3 4.7 5 4.9 4.5 4.5 4.6 4.8 4.7 4.6 4.6 5.2 5.4 5 5.3 5.2 4.8 4.9 5.1 5.6 6.2 6.4 7.8 6.9 6.6 6.5 6.9 6.6 7.4 8.2 8.7 9.2 9.2 9.2 9 8.7 8.5 2.5 1.4 4.3 8.7 10.3 10.5 10.9 11.4 14 17.7 17.6 23.7 22.5 19.9 26.3 26.9 28 31.6 30.3 28.2 27.1 26.3 32.3 34.7 37.7 41.3 41.2 41.7 39.8 39.5 43.6
-1.4 -1.4 -1.4 -1.4 -1.4 -1.4 -0.9 -0.5 0 0.4 0.8 1.1 1.5 1.8 2.4 4.4 4.6 4.8 4.4 4.7 4.3 4.3 4.4 4.1 4.4 5.8 4.4 4.4 4.5 4.4 4.8 5 5 5.4 5.1 5.6 7 7.2 6.8 6.4 7.1 7.7 7.7 7.4 8.2 9.4 9.2 9 8.6 7.6 1.4 3.2 7.2 8.5 10 11 10.6 10.6 17.4 16.4 15.7 22.5 23.3 30.3 24 28.4 28.9 30.8 31.8 31.7 34 32.4 31.7 36.2 39.4 41.3 41.8 41.9 41 41.4 44.9
-1.4 -1.4 -1.4 -1.4 -1.4 -1.4 -1.2 -0.7 -0.2 0.2 0.6 0.9 1.2 1.6 1.9 3.4 4.5 4.5 4.3 4.5 4.6 4.3 4.2 4.1 4.2 4.5 3.8 3.5 3.5 4.8 4.9 5.7 5.8 5.9 5.5 5.3 6.5 7 7 6.6 6.6 7.5 7.6 7.8 7.9 8.1 8.2 8.2 8.4 1.6 1.2 5.6 9.1 9.5 10.1 12.6 13.2 15.2 15 14.8 15.7 21.6 20 23.5 28.6 27.7 25.6 30.2 33.4 34.2 36.6 34.8 36 36.6 38.5 40.4 42.2 42.3 41.6 42.7 43.5
-1.4 -1.4 -1.4 -1.4 -1.4 -1.4 -1.4 -0.8 -0.4 0 0.3 0.6 1.1 1.5 2 2.1 3.2 3.4 3.6 3.4 3.6 4.2 4.3 4.2 4.4 3.8 -1.4 -1.4 0.4 -1.4 -1.4 4.4 5.5 5.4 5.2 5.5 5.9 6.8 6.8 6.4 6.3 6.8 7.5 7.5 7.6 7.7 8 7.7 1.6 1.3 4.7 5.5 6.8 9.5 9.6 11.8 12.8 13.7 13.8 14.6 15.3 17.9 20.3 29.9 28.3 30.2 33.1 30.9 36.8 35.2 39 38.9 35.7 40.1 39.8 41.7 42.7 43 43 44.7 46.8
-1.4 -1.4 -1.4 -1.4 -1.4 -1.4 -1.4 -0.9 -0.5 0 0.5 0.9 1.4 1.8 2.1 2.1 2.1 2.7 3.3 3.5 2.6 2.9 2.3 2.5 -1.4 -1.4 -1.4 -1.4 2.7 -1.4 -1.4 -1.4 -1.4 5.3 5.2 5.5 5.8 5.7 5.2 4.9 6.6 6.5 7 7.4 7.5 7.6 7.5 7.1 1.4 6.2 5.2 4.1 6.6 7.3 8.1 10.9 12.3 13.1 14.6 16.1 16.8 17.8 21.3 29.3 28.9 29.5 30.6 31.9 36.8 37.8 37.3 37.5 36.8 39 40.4 41.9 42.9 43.7 44.9 46.6 48.3
-1.4 -1.4 -1.4 -1.4 -1.4 -1.4 -1.4 -0.6 -0.2 0.3 0.8 1.2 1.7 2.1 2.1 2.1 2.1 2.6 3.1 3.7 2.4 2.1 2.3 2.8 -1.4 -1.4 2.7 2.3 2.3 2.2 2.4 -1.4 -1.4 -1.4 5.1 5.5 5.9 6.5 5.2 5.5 6.2 6.3 6.8 7.3 7.4 7.5 5.1 1.1 1.1 6.2 5.3 7 6.8 6.5 6.9 11.2 12.2 12.5 14.7 15 16.7 19.4 28.7 26.4 28.3 28.4 29.5 32.3 36.7 37.8 37.2 39.2 37 40.9 41.6 42 43 43.9 44.7 47.5 51.5
-1.4 -1.4 -1.4 -1.4 -1.4 -1.4 -1.4 -0.4 0.1 0.6 1.1 1.5 2 2.1 2.1 2.1 2.1 2.1 3.8 4.4 2.1 2.1 2 2 -1.4 -1.4 2 1.7 2 2.6 2.9 3 -1.4 -1.4 -1.4 -1.4 5.6 5.9 5.8 6 6.2 6.5 7.9 7.5 6.4 4.4 1.1 1.1 5.7 6.4 5.6 9 9 9.1 9.8 9.1 9 10.6 12.1 13.5 16.6 17.8 25.6 27.4 27.3 28.4 29.5 30.8 34.1 36.9 35.2 37.6 38.2 41.2 39.9 42.1 43.2 42.1 46 44.6 51.1
-1.4 -1.4 -1.4 -1.4 -1.4 -1.4 -0.9 -0.2 0.4 0.9 1.4 1.8 2.1 2.1 2.1 2.1 2.1 2.1 2.7 4.1 2.1 2.5 2.1 2.2 -1.4 -1.4 1.4 1.6 2.2 2.3 2.8 2.8 3 -1.4 -1.4 -1.4 -1.4 6.9 6.2 6.4 6.9 6.1 5.1 4.6 3.5 1.1 1.1 4.2 7.2 6.8 7.2 9.9 9.7 10 10.8 11.5 12 12.2 17.7 14.8 12.8 18.8 21.2 26.5 26.4 29.8 29.5 30.7 32.7 32.4 33.1 32.7 36.2 37.9 38.7 37.8 39.5 44.2 47.7 53.5 58.7
-1.4 -1.4 -1.4 -1.4 -1.4 -1.4 -0.8 -0.1 0.6 1.2 1.7 2.1 2.1 2.1 2.1 2.1 2.1 2.1 2.3 2.8 2.1 2 2.1 2.2 -1.4 -1.4 2.5 2 1.7 1.8 2.1 2.6 2.5 3 -1.4 -1.4 -1.4 1.9 3.2 3 4 3.3 3 1.1 1.1 1.1 3.2 6.5 8.2 8.7 9.3 10.2 9.7 10 10.3 12 12.4 14.6 21.1 24.6 18.2 15.2 21.5 25.6 25.8 28.4 29.6 31.3 33 29.1 34 36.6 38.6 40.1 43 44.4 49.1 49.6 54.6 65.4 70.1
-1.4 -1.4 -1.4 -1.4 -1.4 -1.4 -0.7 0.1 0.8 1.5 2 2.1 2.1 2.1 2.1 2.1 2.1 2.1 2.2 2.1 2.1 2.5 2.5 2.7 -1.4 -1.4 1.9 2.1 1.7 1.7 1.9 2.1 2.9 3.6 -1.4 -1.4 1.2 1.7 1.1 1.1 1.1 1.1 1.1 1.1 1.1 6.2 6.1 7.3 8.8 9.4 10.1 9.4 9.8 10.9 11.4 12.5 18.4 16.6 20.3 22.2 20.1 19.5 18.5 22.9 22.1 21.8 27.1 28.2 27 34.2 34.8 37.2 39.5 42.3 44.8 46.4 49.6 55.9 66 74.6 82.8
-1.4 -1.4 -1.4 -1.4 -1.4 -1.4 -0.7 0.1 0.9 1.7 2.1 2.1 2.1 2.1 2.1 2.1 2.1 2.3 2.8 3.1 -1.4 2.2 2.2 1.7 -1.4 -1.4 -1.4 2.1 2.1 2.3 2.4 2.6 3 -1.4 -1.4 2.4 -1.4 -1.4 2.7 2.9 3.2 3.6 4.3 4.1 5.5 6.6 6.2 6.1 9.4 9.4 8.9 9.4 10 10.9 12.4 16.2 19.3 20.3 20.9 28.9 25.8 21 21.2 22.6 24 25.7 27.3 28.3 28.8 32 36.1 40.9 42.1 43.7 45.5 47 58 66.4 73 81 89.9
-1.4 -1.4 -1.4 -1.4 -1.4 -1.4 -0.6 0.2 0.9 1.7 2.1 2.1 2.1 2.1 2.1 2.1 2.1 2.3 2.3 2.3 -1.4 1 0.2 -1.4 -1.4 -1.4 -1.4 1.3 2.4 2.8 3 -1.4 -1.4 -1.4 2.5 -1.4 -1.4 -1.4 3.7 5.3 5.3 6.2 4.6 5.5 5.3 6.6 7.2 8.7 9.1 8.8 9.2 10 11 12.8 15.8 18.9 20.4 22.1 22 23.6 22.3 22.4 23.5 28 25.6 28.3 29.8 31.1 31.9 34.3 37.8 40.2 42.8 46.5 50.9 56.9 65.5 75.1 80.3 89.6 103.1
-1.4 -1.4 -1.4 -1.4 -1.4 -1.4 -0.6 0.1 0.8 1.5 2.1 2.1 2.1 2.1 2.1 2.1 2.1 2.3 2.4 2.4 -1.4 -1.4 -1.4 -1.4 -1.4 -1.4 -1.4 0.5 2.1 2.9 2.8 -1.4 -1.4 2.1 -1.4 -1.4 -1.4 3.5 2.2 7.1 7.1 7.8 5.6 6.5 7.6 7.2 8.3 8.7 8.6 9.7 10.9 13.1 17.7 17.9 19.9 21.4 21.7 22.8 22.8 21.5 21.2 24.6 25.9 28.3 29 29.6 31.1 32.7 36.2 42 44.7 44.3 48 56.1 59 61.1 66.4 79.6 88.7 102.6 113.7
-1.4 -1.4 -1.4 -1.4 -1.4 -1 -0.5 0.1 0.7 1.3 1.9 2.1 2.1 2.1 2.1 2.1 2.1 2.4 2.5 2.1 -1.4 -1.4 -1.4 -1.4 -1.4 -1.4 -1.4 0.2 2.1 2.3 -1.4 -1.4 -1.4 -1.4 -1.4 -1.4 3.1 5.6 7.3 9.2 9.1 11.3 7.2 4.9 3.5 7.9 7.5 8.3 9.4 10.5 13.5 17.9 20.2 20.7 23.2 23.8 23.7 24.3 24.5 20.6 21.1 26 28.3 28.9 28.6 29.6 30.8 33.8 39.2 46.4 49.6 53 61.8 72.5 67.7 66.3 74.5 83 94.8 109.2 121.5
-1.4 -1.4 -1.4 -1.4 -1.4 -0.9 -0.3 0.2 0.7 1.3 1.9 2.1 2.1 2.1 2.1 2.1 2.2 2.4 2.5 2.2 -1.4 -1.4 -1.4 -1.4 -1.4 -1.4 -1.4 -1.4 1.8 -1.4 -1.4 -0.8 -1.4 -1.4 3.5 3 3.4 7.3 9.8 9.9 14.7 11.4 9.1 7.9 8 8.6 8.3 9.5 9.7 7.5 15.7 19.8 20.3 20.4 23.4 23.4 23.1 23.8 23 20.3 22.1 24.8 26.3 27.7 28.7 30.2 34.8 39.9 44.9 49.5 56.1 64.6 76 82.5 74.6 76.9 87.4 90.9 103.5 114.4 127.2
-1.4 -1.4 -1.4 -1.4 -1.4 -0.7 -0.2 0.3 0.9 1.4 1.9 2.1 2.1 2.1 2.1 2.1 2.1 2.1 2.5 2.5 -1.4 -1.4 -1.4 -1.4 -1.4 -1.4 -1.4 -1.4 -1.4 -1.4 -1.4 -1.4 -1.4 2.9 3.5 3.5 4.8 8 9.8 9.7 9.9 9 9 7.3 7.7 8.2 8.5 10.8 11.4 17.5 22.3 22 18.2 18.2 20.6 20.9 21.9 23.3 20.6 21.4 23.7 26.1 27.1 28.9 30.6 34.3 38.6 44.4 49.2 54.2 65.6 70.6 82.4 91.8 88.1 90 92.8 102.7 112.9 122 134.3
-1.4 -1.4 -1.4 -1.4 -1.1 -0.6 -0.1 0.4 0.9 1.4 1.9 2.1 2.1 2.1 2.1 2 1.8 1.8 2.3 -1.4 -1.4 -1.4 -1.4 -1.4 -1.4 -1.4 2.3 -1.4 -1.4 3.6 3.6 2.8 2.7 2.8 3.3 3.4 7.8 9.8 10.2 10.9 11.6 12.7 9.3 7.2 8 8.1 8.7 10.6 13.9 17.8 15.1 14.5 15.2 12 14.2 6.3 17.9 20.1 23.2 20.8 24.8 25.7 27.1 30.4 32.2 35.7 42.9 47.7 52.2 64.4 76.8 82.9 93.2 101.2 104.7 101.7 106.9 116.8 123.8 127.2 143.2
-1.4 -1.4 -1.4 -1.4 -1 -0.5 0 0.5 1 1.5 2 2.1 2.1 2.1 2.1 1.9 1.6 1.6 2.4 -1.4 -1.4 -1.4 -1.4 2 2.1 2 1.9 2.1 2.5 3.2 3.3 3 3 3.1 3.2 4 9.3 9.7 17.3 16.3 14.6 11.1 8.7 7.3 8 9.3 11 11.5 15.4 16.5 16.6 17 16.5 16.8 16.3 6.4 18.7 21.3 22.4 23.2 23.8 26.8 28.3 31 33.4 36.5 46.7 50.5 62.2 73.4 84.8 93.3 100.9 105.6 114.2 116.6 121.6 128.9 135.5 137.7 150.3
-1.4 -1.4 -1.4 -1.4 -0.9 -0.4 0 0.5 1 1.5 2 2.1 2.1 2.1 2 1.9 1.8 1.8 2.3 -1.4 -1.4 -1.4 -1.4 2.1 2.1 1.9 2.1 2.3 2.4 2.7 3 2.8 2.9 2.8 3.7 9.6 12.2 29 22.5 16.9 13.4 11.9 14.2 10.1 12.2 14.1 20.9 21.1 20.4 16.7 16.6 16.6 16.4 16.5 16.5 6.4 17.4 21.1 23.5 24.3 27.5 30 30.4 32.6 34.5 38.6 53.3 61.5 70 83.8 91.2 100.8 114.3 120.3 122.4 133.3 139.4 147.7 150.3 153.5 157.5
-1.4 -1.4 -1.4 -1.4 -0.7 -0.2 0.2 0.7 1.1 1.5 2 2.1 2.1 2.1 2.1 2.2 2.1 2 2.3 -1.4 -1.4 -1.4 -1.4 1.6 2 2.1 2.2 2.6 2.6 2.3 2.5 2.4 2.7 5.8 11.4 20.8 23.7 21.2 17.1 13.7 13.3 10.2 10.2 12 13.8 16.8 18.9 18.9 18 16.6 16.6 16.6 16.6 16.5 16.4 6.3 20 22.7 25.5 27.1 28.1 30.1 35.3 35.2 37.8 48.4 60.7 73.4 79.2 87.5 99.3 115.6 132.3 138.4 138.5 150.6 158.7 162.8 165.9 166.5 167.1
-1.4 -1.4 -1.4 -1.1 -0.6 -0.1 0.4 0.8 1.3 1.7 2.1 2.1 2.1 2.1 2.1 2.2 2.1 2 2.2 -1.4 -1.4 -1.4 -1.4 1.7 2.9 3.3 2.1 1.9 4.2 4.7 6.7 7.8 8.7 10.1 14.3 22.8 20.9 15.6 13.7 13.4 13.2 11.1 12.3 13.5 13.8 14 16.5 17.1 16.8 16.7 16.6 16.6 16.6 16.6 16.7 16.5 22.6 24 26.2 28.8 31.9 32.3 34.9 37.6 44.5 60 68.5 85.2 92.4 96.8 112.3 130.2 140.6 158 170.3 175.4 182.8 182.2 179.1 176.7 179.7
-1.4 -1.4 -1.4 -1.4 -0.8 -0.1 0.6 1 1.5 2 2.1 2.1 2.1 2.1 2.1 2.1 2 1.8 2 -1.4 -1.4 -1.4 -1.4 3.8 4.9 5.5 5.1 5.7 6.2 7 8.6 10.8 11 11.5 13.3 15.3 14.2 13.7 13.8 12.7 12.1 15.5 16.5 16.7 15.4 16.3 16.4 17.2 17 16.6 16.8 16.7 16.6 16.3 16.6 19.3 26.1 23.9 26.5 28.9 32.2 37.1 37.2 39.4 52.3 65.5 77.7 94.1 105.7 115.2 131.7 151.3 175.2 199.8 211.1 216 210.7 207.8 197.9 192.2 192.8
-1.4 -1.4 -1.4 -1.4 -1.4 -0.7 0.1 0.8 1.5 2.1 2.1 1.6 1.5 1.3 1.2 1.8 2 1.9 -1.4 -1.4 -1.4 -1.4 4.4 5.3 6.6 6.7 6.1 7.8 8.5 9.5 10.9 10.3 10.7 11.6 12.3 13.2 14.2 13.6 10.8 16.7 15.6 18.5 18.3 18.3 16.6 16.1 17.1 17.4 17.1 16.7 16.6 16.8 16.7 16.2 20.7 28.8 29.9 28.5 28.4 28.9 31.3 34.9 39.4 48.1 61.2 70.9 87.9 101.4 113.7 130.8 148.5 177.7 190.6 210.7 234.4 245 240.7 227.9 217 209.2 208.6
-1.4 -1.4 -1.4 -1.4 -1.4 -1.2 -0.5 0.2 0.5 0.6 0.6 0.6 0.4 0.3 0.5 0.9 0.7 -1.4 -1.4 -1.4 -1.4 4.8 7.8 7.8 7.7 7.4 8.2 9.8 11.1 12.7 11.6 10.3 10.1 11.1 13 13.8 13.5 13.1 17.4 16.9 16.4 17.3 17.7 17.8 17.7 17.3 18.1 17.8 17 16.8 16.5 16.8 24.2 27.2 29.3 30.5 31.6 31.6 32.3 33 34 36.5 41.8 55.2 65.5 78.6 95.6 110.1 127 143.5 162.6 184.9 205.6 228.6 250.4 267.1 259 244.8 233.3 225.6 220.2
-1.4 -1.4 -1.4 -1.4 -1.4 -1.4 -1.4 -1.4 -1.4 -1.4 -1.4 -1.4 -0.7 -0.7 -0.4 -0.4 -1.4 -1.4 -1.4 -1.4 4.9 7.5 8.3 8.6 8.6 9 9.4 11.8 15.6 12.9 10.2 10 10.4 10.5 13.4 10.2 16.3 17 16.9 16.7 16.2 18.3 17.6 18.1 18.2 18.5 18.2 18.1 18.4 20.5 22 25 26.4 27.1 31 30.9 28.7 30 33.1 34.5 34.2 36.2 51.6 61.9 73.1 84.1 103.7 119.7 140.2 161.3 183.3 200.2 226.6 247.4 260.3 272 271.1 263 249.3 242.4 233.9
-1.4 -1.4 -1.4 -1.4 -1.4 -1.4 -1.4 -1.4 -1.4 -1.4 -1.4 -1.4 -1.4 -1.4 -1.4 -1.4 -1.4 -1.4 -1.4 4.9 8.3 9.8 9.9 9.8 9.5 9.3 10.1 10.9 10.9 10.4 9.8 9.8 9.9 10.1 14.3 17.6 17.9 17.8 17.8 16.8 16.9 18.1 18.6 19 19 19.5 19.5 20.1 21.2 22 23.6 25.3 26.9 30.9 30.8 30.3 26.8 29.9 33.3 37.4 34.1 39.2 54.5 67.1 76.8 93 112.9 130.1 152.9 176.5 201.6 225.9 259.9 286.7 287.9 283.2 283.2 279.8 267.1 259.5 250.6
-1.4 -1.4 -1.4 -1.4 -1.4 -1.4 -1.4 -1.4 -1.4 -1.4 -1.4 -1.4 -1.4 -1.4 -1.4 -1.4 -1.4 -1.4 3.5 6.5 8.7 9.7 9.9 9.7 9.3 8.7 8.7 9.3 9.5 9.4 9.5 9.9 10.1 11 18.5 20.7 20.4 19.9 17.9 17.9 18 19.5 19.8 19.6 20.4 20.7 20.8 21.2 21.8 23.4 23.5 25.3 26.6 29.5 27.3 26.2 27.1 28.9 31.4 33 34.5 45.5 56.8 70.7 83.5 100.8 119.8 138.8 164.8 193.7 229.1 260.3 286.3 302 311.2 298 293.9 285.3 276.4 272.3 269.6
-1.4 -1.4 -1.4 -1.4 -1.4 -1.4 -1.4 -0.7 0.1 0.3 0.6 -1.4 -1.4 -1.4 -1.4 -1.4 5.6 -1.4 -1.4 6.9 8.1 8.5 9.5 8.9 8.9 8.3 8.7 8.9 9.1 9.3 9.5 9.9 10.6 15.8 18.9 20.4 21.2 20.8 19.5 19.5 19.2 19.1 19.5 19.9 20.1 20 21.4 22.6 23.1 22.4 23.4 22.5 22.9 22.9 23.5 25.2 28.5 27.9 30.2 34.4 38.3 49.4 62.7 76.3 90.7 106.2 126.5 149 179.1 207.7 248.9 284.2 303.8 318.7 320.9 309 303 296.6 289.7 284 283.5
