data/210000-560000.asc
ncols 200
nrows 200
xllcorner 210000
yllcorner 560000
cellsize 50
[rows 36 to 71 of 200, columns 0 to 79 of 200]
226.2 228.5 230.2 229.4 228.8 228.3 227.3 226.5 226.2 225.6 225.3 225 224.4 223.9 223.7 223.7 224.4 224.8 223.3 221.2 219 216.3 213 208 203.9 197.6 198.1 198.2 204.8 208.2 207.6 201.1 194.4 190.4 187.2 185 183.5 184.6 185.8 187.3 189.9 192.6 194 193.4 193.1 193.4 193.1 191 187.3 183 178.9 173.4 178 179.8 180.7 182 183.8 184.4 182.1 178.4 174.7 173.8 173.2 172.1 169.8 168.8 166.6 163.9 160.2 158.1 153.1 150 149 147.3 144.2 142.3 143.9 141.4 140.9 144.9
227.6 229 230.3 229.7 228.5 228.1 227.8 227.5 226.2 225.4 224.7 224.4 224.4 223.4 222.9 223 223.3 223.4 222.3 221.2 218.9 215.5 211.3 206.3 202.7 196.7 196.6 197.8 202.8 206.4 205.1 198.9 195.4 187.6 186 184.7 181.7 183.8 185.8 187.7 188.4 189.9 190.2 189.6 189.3 190 189.8 188 184.8 180.5 176.7 173.1 175 176.5 177.6 179.3 181 181.4 180.1 176.6 174.7 173.9 173 171.7 169.9 167.5 164.9 162.1 159.9 157.6 155.1 152.9 153.7 150.2 149.6 150.7 150.3 149 148 151.6
227.5 229 229.3 229.1 228 227.6 227.2 227.3 227.1 224.8 224.1 224.3 223.9 222.9 222 221.4 222 221.3 220.3 219 217.1 213.6 209.4 205.2 201.8 196.3 195.1 197.9 201.6 203.8 202.2 198.2 194.7 188.3 185.9 185.2 181.8 183.1 184.4 187.2 187.6 186.2 185.9 185.7 185.5 186.3 186.1 184.7 181.8 178.1 175.3 173.3 172.3 173.6 175.3 176.6 178.2 178.3 177.6 175.7 174.8 174.3 173.8 175.1 173.1 169 164.2 162.7 165.5 164.2 159.5 157.5 157.3 158.6 156.9 156.4 155.2 153.3 153.9 154.5
227.9 227.9 227.9 227.6 227.2 226.8 226.8 226.7 227.4 226.1 223.8 223.9 223.3 222.4 221.6 221.5 220.1 219.3 217.6 217.1 215.3 211.7 207.8 203.8 199.4 193.9 194.5 196.1 201 201.2 200.1 198.1 194.9 187.9 185.7 184.9 182.1 181 182.8 185.5 185.4 183 181.6 181.1 181.7 182.6 182.4 181.2 178.9 177.6 176 173.9 173 172.2 173.6 174.7 175.8 176.6 175.7 175.1 175.4 175.1 174.6 175.4 176 173.1 169.8 167.1 165.3 163.2 163.5 164.9 165.6 164.6 164.8 162.4 159.1 156.2 156.2 157.7
228 228 227.5 226.8 226.2 226 226.4 226.9 227.5 226.9 223.5 223.5 222.8 222 221.8 220.6 219.4 218.2 217 216.5 215.7 211.2 205.5 201.7 197.3 193.7 193.4 195.3 200.2 200 198.6 197.7 195.1 188.3 185.8 184.5 184.6 179.2 179.1 182 181.9 180.2 179.4 177.3 178 179 178.7 177.8 177.4 177.5 177 174.2 173.6 171.8 172.2 174 174.8 175.6 174.9 174 174.6 174.9 175.1 175.8 175.1 172.5 170.3 168.9 167.6 166.3 166.4 167.6 168.3 167.8 168.3 165.9 162.4 159.2 155.4 154
228 228.1 227.6 226 225.3 225.6 225.9 226.5 226.8 225.7 223.6 223.1 222.4 221.9 221 220.3 219.2 217.7 215.3 214.7 213.4 210.2 203.3 198.7 194.3 193.3 193.1 195.6 198.1 198.1 198.1 198 196.9 191.4 185.4 184.4 183.3 180 177.2 177.2 176.9 177 176.9 174.4 175.2 175.8 175.6 175.7 175.9 176.5 175.9 174 173.7 172 172.3 173.3 173.9 174.3 173.3 173 173.2 173.9 175.6 176.8 175.6 173.1 171.4 170.5 169.3 168.4 168.5 169 169.5 170.4 170.4 167.2 162.8 153.7 161 161.1
228.1 226.5 226.3 224.9 224.8 225.2 225.4 225.9 225.1 223.6 223 222.3 222.3 221.7 221 220.3 219.1 217 214.9 211.9 208.4 205.5 201.1 197 193.4 193 193 193.3 196.5 197.5 198.1 198.4 197.6 195.6 185.5 182.9 181.7 180.5 176.6 174.1 174.1 173.8 174.2 173.6 173.2 173.5 173.9 174.3 174.7 175.4 174.5 173.8 173.3 172.4 171.2 172.6 173.3 173.1 172.7 172.6 172 173.8 175.8 177.1 175.6 173.7 172.3 170.3 168.8 167.4 167.7 168.8 169.7 170.6 169.9 166.2 156.2 164 166.8 165.5
227.6 226.2 224 223.5 223.7 224.7 225 225 223.3 221.7 221.1 221 220.8 220.5 220.2 219.9 219.4 217.1 214.5 212.6 208.2 204.4 199.2 195.5 194.1 193.5 192.9 193.5 194.2 195.4 198 198.5 197.2 194.9 183.8 182 181 179.7 176.6 175.7 173.4 172.1 172.5 172.2 172.4 172.6 173 173.4 173.6 173.9 173.9 173.4 173 172.4 170.4 172.1 172.7 172.5 172.1 171.8 171.3 173.9 177.2 177 174.8 172.3 169.8 168.3 167.4 166.9 166.8 167.3 168.6 170.1 168.6 160.3 165 168 169.2 168
226.8 225.5 222.7 222.3 222.5 223.8 224.5 223.8 222.2 220.5 219.9 220.1 220.1 219.9 219.5 219.1 217.9 216.5 214.5 212.4 208 202.8 198.1 194.7 193.3 193.1 193 193.6 194.4 195.6 197.9 198.4 197.3 194.2 183.9 181.6 180.6 178.9 176.9 176.5 175.8 172.8 171.7 171.4 171.6 171.8 172.1 172.4 172.8 173.2 173.2 173.4 172.9 172.3 171.5 170.1 171 169.1 169.6 169.3 171.1 175.4 177.4 175.7 172.7 169.2 166.9 164 164.2 165.7 166 166.3 167.2 167.9 159.7 165.2 167.4 169.3 169.5 167.7
225.7 224.3 221.4 221 221.3 222.4 223.2 222.1 220.5 219.1 218.6 218.8 219.2 219.1 218.8 218.1 216.2 214.5 213.8 211.8 209.2 201.6 196.7 193.3 193.1 193.1 194.4 195.7 196.9 197.5 198.2 198.8 196.7 190 183 181.6 180.5 179 177.5 176.1 175.4 173.1 172.7 171.5 170.8 171 170.5 171.9 172.3 172.6 172.3 172.7 172.7 172.2 171.7 171.2 169.8 171.1 169.9 168.6 171.7 175.9 175.6 173.4 169.8 164.9 164.8 165.9 164.6 164.2 164.6 164.7 164.9 165.1 164.1 166.5 168.5 169.5 168.1 165.1
223.8 221.9 220.4 219.8 220.2 220.7 221.3 220.4 218.5 217.6 217.4 217.7 218.4 218.5 218.3 217 215.3 213.6 212.3 210.8 207.9 200.6 193.8 192.8 192.8 193.3 199 199.3 199.6 199 199.3 196.9 194.6 184.9 183 181.9 180.9 179.6 178.1 176.6 174.5 173.3 172.7 171.6 171.5 171.9 171.1 170.6 171.8 171.7 171.4 172.4 172.1 171.5 170.2 168.9 172.2 173.2 169.7 168.5 172.4 175.1 173.1 170.6 166.1 165.4 167.1 167.6 166.7 166.2 164.1 166.3 166.4 165.3 166.6 167.6 168.2 168.1 165.1 161.8
222.7 220.6 219.5 218.6 219.6 219.8 219.1 217.5 215.4 215.3 215 216.1 217.2 217.6 217.3 216.1 214.6 212.9 211.4 209.8 206.6 200.1 193.2 192.4 192.9 195 199.2 199 199.4 200.1 198.8 196.4 190.9 184.1 183.3 182.3 181.2 180.2 178.7 177.2 175.2 173.2 172.3 172 172.5 172.8 171.4 170.5 170.3 170.5 170.7 171.4 171.2 169.3 169.8 171.4 176 175.1 170.4 168.9 170.9 172.7 170.3 167.8 165.7 168.1 169.2 169.5 168.7 167.7 167.3 167.3 168.9 167.8 167.8 167.7 166.7 166.3 162.1 160.3
222 219.6 218.2 217.2 218.4 217.6 215.9 214 212 212.5 212.9 214.2 215.4 215.9 215.4 214.2 213 212.3 211.4 209.1 203.8 198.8 192.3 191.8 192.2 198.4 199.1 200 199.9 200 198.6 195.3 187.9 185.5 183.8 182.6 181 180 179.3 177.9 174.8 172.7 172.4 173 173.4 173 172.7 172.3 171.8 170.3 170.1 170.3 169.8 170.5 171.9 175 178.1 177 173.2 168.5 170.3 170 167.3 166.8 168.4 172.2 171.8 172.1 170.3 169.2 168.7 169.3 169.6 169.8 168.8 168 166.3 167.4 166.5 161.8
222 218.7 217.3 215.6 216.1 214.4 212.3 210.3 209 209.5 210.2 211.6 213.3 213.8 213.1 211.8 210.7 211 211.5 208.4 202.3 194.9 191.6 191.3 193 198.5 200.6 200.6 200.7 199.8 199.1 196.8 189.8 185.9 184.1 182.7 180.9 178.7 178.7 176.6 175.1 174 174.4 174 174.3 173.9 173.5 173.2 172.9 171.3 170.7 170.5 171 172.2 173.3 177.8 179.5 178.4 173.7 167.8 169.7 169.1 167.2 168.2 172.5 174 173.5 175.2 175.4 174.2 170.6 170.8 170.7 170.4 169.5 168.5 167.9 167.5 164.8 160.6
221 217.6 216.9 214.3 211.8 210.7 208.4 206.1 205.8 205.8 207.5 208.9 210.5 210.9 209.6 208.1 208.9 210.4 211.7 207.7 202.6 192.7 191.4 191.7 195.9 198.5 200 199.9 201 201 199.7 198.4 196.3 185.7 184.8 183.8 182.5 180 179.7 179.6 177 176.3 176.2 175.9 175.2 173.8 174.1 174.3 174 173.8 173.2 172 171.2 170.9 174.8 179.3 180.2 178.8 173 168.7 169.5 168.1 169.2 172.3 175.4 176.6 177 178.6 177 174 172.1 171.8 172.2 170.8 170 168.6 166.1 165.3 164.1 156.8
220.5 217.2 216.5 213.6 210 206.4 204 202.3 202.2 202.6 204 205.6 207.3 207.2 205.5 205.2 206.5 211 209.7 205.9 200.5 192.6 191.3 192.3 194.5 197.4 199.1 199.9 201.3 202 204.3 205.3 201 186.7 185.7 184.7 183.5 182.6 183.1 183.8 178.8 178.2 177.7 177.5 176.8 174.9 175.2 175.5 175.3 175.2 175 173.6 172.5 171 174.7 178.2 179.7 177 171 168.6 168.2 169.2 171.2 174.7 177.1 179.6 180.3 180.2 178.7 175.8 176.7 173.6 173.5 170.8 170 168.8 165.6 161 158.6 156.6
220.2 217.2 214.8 211.9 208.6 203.7 200.1 199.1 199.7 199.5 200.3 202.1 204 203.1 201.4 201.1 206.2 209.8 207.3 203.4 198.4 191.2 191.1 191.9 194.5 197.2 199 200 202.8 206 210.1 210.1 203 187.8 187 186.3 185.2 183.9 184.4 184.3 182.2 181.3 179.7 179.7 177.9 176 175.9 177.8 178.9 180.4 178.2 175.6 173.5 171.5 173.8 176.7 178.5 174.9 170.7 170.2 169.3 171 173.4 176.9 179.7 182.6 182.5 181.4 180.4 180.1 179.3 176.2 175.1 172.8 168.6 166.3 164.3 161.4 157.9 155.4
217.8 216.6 213.6 210.4 207.1 201.6 197.2 196.3 196 196.9 197.6 198.9 200.4 198.6 198.3 200.1 205.5 206.6 204.2 200.7 195.7 191.7 192 193.1 195.5 196.6 198.3 203.3 208 212.3 214.7 211.7 200.9 188.8 187.6 186.9 186.1 186.9 187.6 186.8 192.5 193.9 188.8 186.9 187.3 186.1 185.8 184.6 184.6 183.4 184 180.9 173.9 172.6 175 175.7 176.3 172 170.4 170 167.8 170.4 174.6 178.6 184.7 186.5 184.7 183.4 183.4 183.3 182.2 178.7 176.9 173.6 170.8 167.9 165.6 163.1 158.5 159.3
216.9 215.5 212.8 209.4 205.4 200.2 196.5 194.6 193.4 195.2 196 196.5 196.3 194.4 194.2 198.5 203.2 203.4 200.6 197.5 192.2 192.1 192.6 193 194.1 195.9 200.2 206.2 211 215.9 217.3 212.2 201.2 191.6 189.9 189.6 188.1 188.4 192.9 196.1 201.8 202.3 199.9 198.6 197.3 196.3 193.7 190.1 188.7 187 190 187.2 186.5 185.4 183 177 173.2 170.6 169.4 167.6 169.8 171.8 180.9 185.4 190.3 188.4 186.1 189.1 186.7 185 180.8 181.9 180.7 178.3 174.6 170.5 166.7 164 160.9 159
216.1 214.2 212.3 208.4 202.9 198.3 195.8 192.8 192 193.7 194.1 194.3 192.9 191 191.7 196.3 199.5 199.2 197.4 194.1 191.8 191.1 191.6 192.5 194.6 196.4 200.7 205.9 211.2 217.3 217.7 212.5 202.6 201.3 202.8 201.4 197.1 194.4 197.9 203 205.5 206.1 205.5 206 205.5 204.6 199.4 195 192.5 191.8 194.5 193.2 190.9 188.9 184.2 179.9 173.3 169.4 168.6 169.7 172.9 178 185.3 190.7 191.4 188.9 191 191.6 189.6 187.7 187.9 191.2 189 187.7 180.1 177.9 174.2 171 168.8 161.8
215.5 213.3 210.9 206.2 200.7 197.1 194.5 192.2 190.8 192 192.6 192.3 190.3 187.1 191 196.8 196.5 194.1 193.5 192.6 191.2 190.7 191.8 193.3 194.1 195.2 200.2 205 211.8 216.2 217.1 212 205.5 206.2 205.7 204.4 202 201.4 204.1 208.4 209.5 208.9 209 209.2 208.9 207.2 203.3 199.6 196.9 196.5 196.5 194.7 193.3 190.2 184.8 178.7 170.2 169 170.9 172.4 178.3 183 188.7 190.4 191 190.9 192.6 192.5 189.3 192.2 193.9 198.7 196.5 192.8 188.8 180.3 177.9 173.8 170.5 162.5
214.7 212.1 208.4 204.2 199.4 196.1 193.8 191.6 188.7 190.4 191.7 190.3 187.2 185.2 190 192.9 192.9 191.9 192.4 191.6 191.2 190.9 191.6 192.1 193.4 194.9 199.5 204.4 210.4 215.2 217 213.4 209.3 208.2 208 207.3 205.2 206.4 209.8 214 216.4 211.9 210.3 210.2 209.5 207.5 204 201.6 200 199.6 196.7 194.7 193 189.6 186.6 179.5 170.8 169.8 171.7 173.6 181.5 186.8 187.5 188.4 190.1 192.8 193.1 193.3 196 197.7 201.8 202.7 200.3 196.6 191.8 185.9 180.7 178.1 169.1 160.9
212.5 209.9 206.5 202.1 197.7 195.1 192.1 189.9 188 189.9 190.2 188.2 185.5 184.1 186.5 187.9 187.2 188.9 189.3 190.3 192 192.1 191.8 192.6 194 195.2 198.1 203.5 209.1 213.9 216.2 213.3 210.9 210.8 211.2 210.8 209.6 211 214.2 216.9 217.7 215 212 211 209.9 207.6 204.1 200.5 199.7 198.1 195.5 193.5 192.9 189.9 183.6 178.7 172.4 172 173.3 178.3 182.7 185.4 185.7 187.6 192.5 194.5 195.1 195.9 198.9 203.1 203.9 204.2 201.3 198.8 195.1 193.5 181.7 178.8 170.2 162.8
210.5 207.5 204 199.9 196.3 193.1 190.5 187.6 187 188.8 188.8 186.1 184 182.9 182.5 185.6 187.2 189.6 190.7 191.1 192 193.1 192.9 193.6 194.2 194.9 197.5 202.1 207.7 212.8 215.7 214.6 213.5 214.4 214.1 212.7 212.4 213.6 215.5 216.4 217 215.9 214.5 213.8 212.5 207.5 203.9 199.8 199.6 196.4 194.8 193.5 189.8 186.8 183.3 176.5 171.6 172.7 174.8 179 181.4 183.1 184.9 190.6 194.8 196.3 198.1 199.3 202.3 203.7 204.8 204.7 204.5 202.2 199.2 193.9 183.1 179.3 173 167.4
207.9 204.6 201 197.5 193.6 191.1 188.3 184.4 185.9 187.4 187.2 183.9 179.8 182.5 184.9 186.6 187.9 189.4 191.3 193.4 193.8 194.5 195.1 194.6 194.7 195.3 197.2 200.5 206.1 211.2 214.7 215.8 216.1 216.3 215 214.1 214.2 214.5 214.4 214.6 214.9 214.3 213.7 215.5 213.2 207.7 203.8 199.2 197.4 195.1 192.8 190.1 187.4 183 179.7 177 171.5 174.1 176.5 178.4 180.1 183.4 188.4 192.3 194 197.3 201 204.7 203 203.7 204.9 206.2 202.4 199.3 196.7 193.1 186.1 180.6 177.9 172.6
205.2 201.5 197.2 193.6 190.3 187.2 185.3 180.1 182.2 181.7 182.2 178.6 182.1 184.5 186 188 189 190.5 193.6 195.6 196.4 197.2 196.3 195.5 195.7 196.3 196.3 199.9 205.1 209.9 213.4 215.7 216.9 216.5 215.1 214.4 213.9 213.6 213.2 212.8 212.7 213.5 213.4 214.9 212.3 206.5 203.4 198.1 196 192.6 191 187.4 184 180.7 177.2 174.7 172.6 172.8 175.7 178.6 180.4 185.6 187.3 190.1 191.7 195.7 201.3 201.3 202 203.3 206.2 204.3 202.8 200.8 200.7 194.8 194 187.6 180.2 176.4
203.1 199.5 195.2 190.7 185.4 182.4 180.6 178.2 175.5 175 178.7 180.4 180.8 183.7 185.9 187.9 189.4 191.8 194.8 197.7 198.8 196.9 197 196.6 197 197.7 197.6 199.6 204 208.7 212.2 214.9 217 216.5 215.5 214.7 214 213.2 211.6 211.1 211.1 211.5 212.9 215.3 211.4 206 202.4 197.2 193.4 190.1 188.1 184.6 182.5 179.5 176.9 175.9 174 172.9 174.5 177.3 179.7 181.7 183.8 187.6 191.5 196.1 198.7 198.9 201 204.3 205.2 203.9 203.8 204.5 204.1 200.6 200.4 192.2 183.5 178.7
201.7 197 191.9 186.3 181.8 178.5 176.7 172.1 167.8 175.7 180.2 179.6 180.9 183.8 186.5 189.1 191 197.6 201.5 203.4 202.9 201.2 201 200.6 199.2 198.9 199.1 200.2 202.2 207.2 211.1 214.8 217.9 216.8 215.6 214.8 214 212.4 211.1 210.4 210.3 210.3 212.7 214.1 210.5 206.1 201.8 196.9 192.5 188.4 185.2 183.3 182.1 181.1 178.5 177.5 176.2 174.1 174.6 178.3 180.2 181.9 186.6 190.3 193.6 195.4 197.6 198.5 201.4 204.8 204.8 207.6 208.4 207.2 206.9 203.9 202.8 200.2 192.3 181.8
199.9 195.9 190.9 182.7 177.4 174.9 172.1 166.7 171.4 175.3 175.8 176.1 179.5 183 186.5 189 193.9 200.9 208.6 208.9 207.2 206.2 206.5 207 207.1 205.3 203.2 202 203.5 207.3 211 214.8 218.8 217.9 215.9 214.9 213.7 212.5 210.7 209.7 209.5 210 212.1 212.7 210.3 206.4 202 196.1 189.5 185.9 184.2 183 179.9 178.7 176.9 179.8 183.8 177.9 175.4 177.1 180.1 183 188.8 192 193.8 196.1 198.9 201.2 203.3 205 211.5 217.6 216.4 211.4 207.9 207 206.7 203.9 194.1 184.2
198.9 194.9 191 181.4 175.5 171.3 168.5 164.9 168.8 170.6 172.9 177.1 181.5 184 187.7 192.6 198.3 205.9 212 213.6 214.2 214.2 214.9 214 214.2 214.3 213.3 214.2 214.4 213.1 217.1 221.1 222.5 221.5 220.4 218.5 214.8 212.5 210.3 209.1 208 208.9 211 211.2 209.4 206.8 201.8 195.5 190.2 185.7 182.6 181.1 179.5 177.4 178.6 186 187.5 180.2 177.9 178.3 184.8 184 188.7 190.8 192.9 197.9 198.9 201 204.9 214.2 219.5 222.6 220.6 213.8 210.6 208 206.3 203 197.3 183.8
197.8 194.4 188.7 179.5 173.2 167.5 164.7 166.5 170.6 173.8 176.8 185 184.9 187.4 194.1 199.5 203.8 211.1 215.7 218 218.6 218 218.7 220 220.9 221.3 221 218.6 218.6 221.3 225.1 228.5 228.3 227.4 226.1 223.7 219.8 215.7 209.6 207.9 206.4 207.7 209 209.6 208.8 206.2 201 195.5 191.4 190.2 180.5 179.1 178.3 178.3 183.6 192.3 190.9 183 181.1 179 185.7 187.1 188.8 190.5 194.3 198.3 198.7 205.2 209.5 216 220.5 222.6 219.1 209.9 204.9 204 202.4 198.4 194.3 183.1
195.8 192.1 183.5 177.3 171.2 162.1 163.2 167.9 171.2 177.1 183.5 193 193.1 197.5 201.1 205.5 210.3 215 218.2 219.5 220.3 220.6 222.2 223.8 224.2 224 223.6 223 226.2 230.1 229.6 232.4 231.3 230.6 228.4 224.9 219.8 216.3 210.3 207.3 206.5 205.9 207 207.5 208.8 206.7 201.3 194.4 190.7 186.3 181.8 179.4 177.8 179.7 188.7 196.1 192.4 185.6 182.6 180.7 185.7 188.8 190.1 191.5 194.6 197.2 200.3 204.9 208.5 214.2 218.5 218.3 214.3 207 203.9 201 199.7 195.2 189.3 181.1
192.5 188.5 180.7 174.7 165.7 161.2 165.2 170.1 174.8 185.2 195.6 200.3 201.3 202.8 207.4 211.4 212.9 217.2 219.2 221.7 222.2 222.5 225.4 227 227.4 226.2 225.5 226.3 230.6 230.7 230.1 231.1 229.8 229 227.5 225.6 221.9 217.3 213.2 206.5 206.1 205.2 205.6 206.4 208.9 207 201.6 195.7 190.1 184.1 180.4 178.5 178.4 181.6 193 198.5 193.8 189 182.9 182.9 185.9 189 191.5 195.1 196.2 198.6 202.1 205 208.8 213.7 216.1 215.5 212.6 205.3 202.9 201 196.7 192 186.4 180.8
190.5 186.3 177.7 171.2 157.8 163.1 166.4 172.9 185.1 194.2 199.7 202 205.5 207.3 212 213.8 216.4 218.5 220.8 222.2 222.8 223.8 227.8 230.7 232.1 229.8 229.3 231.3 232.2 230.6 230.4 228.8 228.7 228 226.6 225 222.2 218.9 213.7 207.3 206.1 205.3 205.4 205.8 209.1 206.8 201.2 195.5 189.4 180.4 178.9 177.8 178.4 186.2 197.8 200.6 196.1 189.7 183.4 182.6 186 188.4 190.8 194.7 196.6 197.9 201.7 203.6 208.1 209.9 213.5 211.4 210.2 207.3 203.5 203.2 195.6 188.9 186.2 182
186.5 182.4 173.6 168 156.5 164.9 170 180.6 193 199.4 206.3 207.1 207.3 211.2 213.4 215.7 217.3 220 221 222.5 223.2 224.8 230.3 234.1 233.8 230.7 230.2 229.9 230.7 229.3 228 227.6 227.5 226.9 226.2 225.5 221.2 218 213.5 207.7 206 205 205.1 205.4 209.4 206.2 200.8 194.4 185.7 180.8 178.9 177.6 179.9 189.6 199.8 201.6 197 190.8 184 183.9 187.1 189.6 191.2 194.1 195.9 196.7 199.4 201.8 207.9 210 210.3 209.7 209.3 207.1 203.8 200.4 195.2 191.1 188.2 187.2
181 177.4 169.6 159 159 167.8 174.1 185.8 198.8 205.4 208.3 209.5 210.5 213 215.6 216.6 217.8 220.7 221.1 222.1 223.1 226.3 231.5 234 232.6 230.2 230.4 228.6 228 227 225.7 225.2 224.6 224.2 223.7 222.7 220.2 217.2 212.6 207.5 206 205.1 204.7 205.7 209.6 204.9 200.3 192.3 183.4 181.3 179.4 178 180.4 192.8 200.5 201.7 197.6 191.2 185.5 184.7 186.1 188.8 192.4 193.9 195.3 196.6 197.8 201 206.4 209.1 208.7 209.4 208.9 206.6 203.8 198.6 196.7 193.3 192.6 192.6
