data/210000-770000.asc
ncols 200
nrows 200
xllcorner 210000
yllcorner 770000
cellsize 50
[rows 144 to 179 of 200, columns 0 to 80 of 200]
108.8 112.7 116.8 117.4 122.8 127.3 128.7 131.5 132.9 136.1 158.2 181 199.7 215.9 230 247.1 260.3 276.3 286.5 285.4 283.7 278.5 269.5 257.7 247.9 238 235 222.5 197 176.1 158.1 141.2 126.4 113.3 98 79.5 62.7 46.1 39.4 32.4 25.9 22.5 15.7 15.9 15.4 15.6 16 16.5 21.2 32.9 39.5 44.1 52.3 63.6 76.4 85.6 97.1 113.9 131.8 154.8 184.1 210.5 244.8 281.9 323.4 367.5 404 440.6 478.3 525.4 570.3 607.3 643.9 658.1 670.5 681 686.2 690 682.6 658.7 631.1
114.3 116 117.2 121.7 128.4 126.4 127.8 130.9 132.1 144.3 168.8 186.5 203.6 217.6 233.4 248.2 264.9 275.9 277.1 280.7 278.1 270.2 262.1 251.2 241 237.2 233.6 217.6 194.2 171.1 153.8 138.4 120.8 107 89 74.8 61.3 50 39.3 30.9 25.1 18 16.1 16.4 16.2 15.4 15.7 16.4 20.4 31.1 39.4 47.6 50.7 65.2 78.6 85.5 101 115.1 131 156.4 179.2 208.5 238.2 278.4 318.4 367.7 406.6 440.2 484.9 536.9 585.9 606.3 636.8 652.4 668.1 676.2 682.3 681.7 668.6 646.3 623.4
114.4 117 120.7 125.8 125.7 125.3 127.4 129.5 132.7 153.3 171.6 189.3 204.5 222.3 238.9 252.6 262.7 270.3 275.2 278.7 274.2 267.4 255.8 248 244.5 232.8 224.9 213.8 193.3 174.8 157.2 140.9 125.5 107.2 90.3 78.6 66.6 51.3 34.4 25.4 20.7 16 16.2 16.5 16.6 14 16 16.6 20.2 36.4 44 47.8 48.7 63 76.3 87 100.4 114.8 133.2 152.1 173.2 202 235.1 273.7 309.6 357.2 393.3 425.6 461.8 514.6 576.6 602.7 625.2 648 659 669.9 679.7 671.6 656.4 639.2 619.4
114.5 118.7 121.5 122.1 124.7 125.9 129.5 131 140.2 166.7 177.3 192.7 208.3 225.2 239.5 250.9 259.9 269.6 271.9 268 265.1 254.2 241.8 234.5 227.9 219.4 211.2 202.7 192.3 178 161.9 149 132.1 112.2 94.1 82.3 65.1 47.2 35.4 25.4 19.4 15.9 16.1 16.3 16.6 13.9 16.3 16.6 24.3 39.1 43.4 46.3 48.2 62.3 73 84.6 97.1 114.4 132.1 147.7 166.8 196.3 231.7 262.4 300.6 336.7 368.8 409.6 444.9 483.4 552.9 591.3 609.9 628.6 646 661.8 674 672.1 657.7 640.8 621
118.2 120.1 121.9 123 124.5 128.1 128.9 131.3 146.9 169.9 181.3 193.2 210.8 228 245.7 255 263.3 264.9 256 249 236 236.3 234.1 225.5 221.8 216.9 210.7 201.6 192.7 183 171.9 163.5 143.3 118 102.4 85.9 68.5 48.5 39.2 30.6 23.6 20.9 16.2 16.5 16.3 16.2 15.2 16.8 19.2 27.8 34.2 40.3 49.6 60.5 68.6 82.8 95.7 113.9 125.8 139.3 161.6 188.4 216.2 250.3 283 316.2 352.4 386.6 420.9 453.5 526.7 577.3 588.4 592.5 597.4 638.9 675.7 677.2 661.5 647.2 625.7
124.9 125.8 125.8 125 127 130.6 137.4 149.6 162.2 174.9 186.2 201.4 219.8 229.5 241 249.3 252 247.4 244.7 236.9 232.9 237.3 227.6 224 221.8 216 210.3 202.7 198.7 191.5 185.9 174.9 158.6 135.3 112 94.4 78.7 56.9 45.6 35.5 26.6 22.6 17.5 16.6 16.5 16.3 17.2 15.8 17.7 22.6 29.9 38.4 44.4 54.1 65.3 76.7 97.8 108.6 118 135.5 156.8 177.9 208 237.6 268.4 297.8 333.6 362.7 393.8 438.3 503.3 537.7 546.6 546.7 603.5 641.2 673.7 682.6 667 653.1 634.6
129.7 132.5 130.7 129.3 130.9 136 140.7 151.3 164.6 175.9 187.8 202.6 214 226.5 236.6 241.6 244.7 244.1 237.5 230.3 237.8 229.7 227.4 227.5 228.6 221.7 215.8 215.9 209 201.7 201.5 189.2 169.7 146.6 117.2 100.6 82.5 63.4 49.3 36.8 29.3 22.6 17.8 16.7 16.5 16.4 16.9 16.4 14.2 16.8 25.3 32 36.3 43.5 52.9 68.4 90.5 102.2 111.6 131 154.8 168.6 193.7 221.8 256.1 281.2 310.1 344.3 377.1 430.9 478.1 493 495.7 568 627.4 650.4 665 678.1 672.1 655.6 641.1
137.8 135.6 135.8 134.7 136 138.9 144.2 153.5 164 176.7 188.6 201.5 211.7 223.4 231.7 238.2 238.5 239 228.3 227.5 231.6 230.7 233.3 235.4 228.1 225.8 231.5 229.7 222.4 213.4 214.6 201.5 176.4 151.7 124.3 105.4 90.5 68.8 51.4 40.5 31.7 24.2 18.9 17.2 16.9 16.5 16.6 17.1 17.5 17.5 15.4 21.6 30.2 37.3 46.2 56.5 79.4 90 104.3 126.1 145.2 159.9 183.9 206.1 236.2 261.2 292.9 329.1 365.7 417 440.1 452 502.8 562.5 621 643.2 659.4 663.8 658.5 647.3 638.6
138.6 136.9 131.2 132.4 135.8 139.4 145.5 156.8 163.9 176 186.3 199.7 211 219.4 228.1 229.5 230 229.6 227.6 225.8 227.1 230.7 227 224.5 227.9 233.6 233.4 234 224.4 226.2 219.7 206.6 185.5 157 133.5 112.2 91.1 68.8 55.5 43.6 36 30.3 20.9 18 17.5 17.2 17 17 17.3 17.2 17.6 16 21.7 30.6 34.3 43.8 63 77.2 96.5 119.4 131.3 149.9 170.7 192.7 219.6 246 276.7 310.7 354.9 384 402.8 470.4 514.6 568.9 616.2 641.9 653.3 657.1 653 642.6 635.5
136.4 133.3 128.8 137.5 137.7 140.6 146.8 156.9 165.9 182.9 189.7 198.4 206.9 215.9 221.5 227.5 230.5 230.3 231.3 231.9 223.1 218.4 216.3 219 221 222.7 223.5 226.6 235 237.6 223.1 211.7 193.9 171.4 146.6 120.5 98.9 76.5 58.2 47.7 38.3 32.6 25.5 21.3 18.1 17.6 17.3 17.3 17.4 17.5 17.7 17.8 17.6 22.6 22.5 34.9 54.1 69.1 85.4 101.9 122.7 141.6 160.3 183.3 206.2 234 268.5 306.3 333.2 363.4 412.4 468.4 511 561.9 590.3 626 649.3 653.3 651.6 639.8 634
131.7 129.4 129.9 135.3 136.8 141.9 147.5 157.8 170.6 177.9 192.4 202 205.1 214.9 220 225.6 228.3 225.6 220.2 219.1 218.5 216.9 216.4 216.7 217.2 220.3 233.7 245.2 247 243.2 235.3 222.1 205.5 190.7 170.6 148.1 120.8 91.8 68.9 52.5 45.8 38.8 33.9 25.6 19.6 17.7 17.5 17.5 17.6 17.7 17.8 18.1 15.8 17.8 22.1 33 42.9 63.5 80.4 93.5 114.9 129.6 150.6 172.4 195.8 226.9 254.2 282.3 310.9 375.1 406.9 447.5 484.6 534.7 550.6 613.5 642.1 647.1 638.9 636.3 634.3
130.1 125.5 131.2 133 138.7 141.8 146.5 160.8 173.6 181 190.6 192.3 203.1 209.3 217.1 214 213.3 214.2 214 216.5 222.2 215.2 215.6 216.2 222.7 234.7 251.1 255.7 257.4 255.5 251 237.6 226.7 211.6 192.6 170.6 148.3 110.6 80.9 64.1 52.8 44.7 38.8 30.6 22.4 19.7 19.6 17.6 17.7 17.8 17.9 18.1 16.6 17.9 21.1 28.5 40.1 55.6 69.2 87.4 104.3 118.8 139.2 163.2 189 221.4 236.3 266.2 315.8 355 387.1 425.5 458.8 484.1 544.8 579.1 607.3 616 615.6 628.1 630.2
126.7 123.9 130.2 133.7 140.2 144.1 151.2 162.5 167.6 176.8 179.9 188.2 198.1 204.1 204.5 206.9 204.4 207.5 213.4 221.7 218.3 215.2 215.7 219.4 229.3 246.6 271.3 272.4 268.3 266.3 263.3 262.5 245.9 225.3 204.5 174 141.4 113.7 91.2 74.1 59.3 50.6 41.8 38.2 30.5 24.4 21.1 18.5 17.9 17.9 18 18.2 17.8 18.8 19.4 26 35.8 46.1 59.2 76.1 93 114.4 132.3 155.6 178.3 198.9 230.2 258.8 296.5 327.7 365.8 395.9 419.9 467.4 502.2 528 564.8 560.2 587.1 614.7 618.9
121.1 123.8 127.2 133.7 137.7 143.5 150.4 157.3 162.2 167.8 177.1 187 192.6 197.8 198.1 196.7 200 204.6 208.7 214 214.5 215.6 220.3 226.1 240.4 259.3 288.9 285.4 279.6 275.4 278.9 279 256 233.8 213.7 177.3 144.2 119.3 98.9 85 72.7 59.1 48.6 41 35 28.2 23.7 19.9 18 18.1 18.1 18.4 19.2 16.1 19 24.7 33.6 41 51.3 62 83.3 106 129.2 143.5 165.2 186.1 214.3 248.7 272.9 306.1 340.3 367.7 398.5 439.1 467 502.6 525.9 520.7 565.8 590.2 597.9
120.8 122.6 125.9 131.4 135.1 142.3 147.1 153 158.3 166.3 176.4 184.1 189.9 193.5 194.1 196.7 199.3 206.7 218.3 215 214.7 216.1 230.3 242.6 257.1 274.3 297.6 295.3 288 279.1 268.2 257.5 247 231.3 212.5 182.3 151.2 129.3 113.1 96.2 79.3 65.5 52.7 43.2 36.3 31.7 23.7 20.5 18.3 18.3 18.2 18.7 19.7 17.3 18.9 21.9 30.7 38.2 44.3 54.1 70.6 90.2 110.4 130.9 152.2 171.5 192.9 219.3 243.5 282.9 311.9 337.1 372.2 397.4 434.9 476.5 459.6 510.4 544 564.6 572.8
121.2 121.8 123.1 127.4 133.2 140 144.9 149.3 156.6 165.8 174 185.2 189.2 191 194.5 196.2 202.9 208.7 210 214.6 217.7 228.4 245.9 266.1 271.8 286.6 306.5 302.1 291.7 277.8 266.2 262.6 257.9 238.4 212.2 188.5 163.3 135.8 117.4 102.8 82.8 67.6 55.7 45.1 36.1 32.1 24.6 21.9 19.4 19 18.6 18.9 19.4 18.7 16.5 19.7 26.8 33.9 39.3 47.3 59.1 71.5 93.6 113.8 133.4 156.8 177.6 196.8 225.4 260.2 283.1 324.1 345.4 374.8 408.6 426.5 450.6 481.2 507.1 531.5 539.1
119.2 120.3 123.1 127 133.7 135.5 140.3 147.4 156 166.1 176.1 183.9 185.2 191.6 191.8 197.2 200.2 208 216.7 219.4 223.6 254.4 277.3 282.2 283 300.9 302.8 295.3 292.9 281.1 302.9 317.4 301.8 271.5 228.1 193.8 164.5 148.5 126 114.1 98.6 77.8 62.7 47.2 36.7 34.4 26.1 23.4 20.8 19.3 18.6 19.4 18.8 18.9 17.9 20 24.3 29.1 38.2 45.9 54.9 64.5 79.1 97.6 113.6 135 158.8 180.3 205.7 232.8 262.2 297.1 321 352.4 377.5 382.4 421.5 451.1 482.4 492.4 500
118.5 121.6 123 128.8 129.6 133 140.8 146.8 156.7 167.1 173.7 175.3 180.2 184.7 193.1 197.7 202.6 211.7 220.5 227.7 253 274.3 289 288 290.8 293.1 292.5 292.9 301.3 323.3 326.8 318.4 310.2 284.8 243 199.4 194.8 170.5 146.8 130.1 113.6 87.5 67.9 51.3 42.4 35.2 29.4 24.6 22.5 19.2 18.9 18.7 19.8 19.5 18.1 17.1 20.4 24.8 31 38.5 46.1 60.1 70.4 85.3 100.1 120.7 139.9 164.3 187.5 213.2 240.9 265.7 294.4 323.8 344.3 369.4 396.3 427.7 452 453.6 481.2
123.3 120.6 121.7 123.6 129 131.6 138.5 146.8 157.5 164.2 166.1 173 184 194.5 192.1 202.9 210 221.2 228.5 240.4 269.8 287.1 293.3 283.1 290.5 291.6 300.2 320 322.9 332 333.6 335.5 323.6 284.8 244.8 244.9 222.8 190.1 161.2 136.5 117.2 94.1 73.2 54.2 44.9 39.4 29.2 25.2 22.4 19.7 19.4 20 19.9 19.7 19.3 18.5 20.2 21.9 26.5 35.3 39.6 51.2 64.3 75.5 91.9 107.6 126 146 167 191 220.3 241.2 270.6 295.2 312.9 339.7 366.3 391.2 411.5 416.4 449.7
115 118.8 122.3 124.7 132.1 143 141.3 151.8 154.1 161.4 169.2 178.8 184.4 187.3 200.6 214.9 218.2 223.2 234.3 255.7 276.2 275.5 280.1 286.6 295.3 320.4 330.7 334.7 326 344.6 347.4 344.9 332 288.3 269.9 253.4 228.5 198 165.8 141 116.9 92.8 75.8 59.6 46.7 42.1 28.9 24.1 22 20.3 20 21.5 21.4 20.6 20.6 19.2 18.8 20.9 24.3 30.6 36.5 44.5 57.1 70.7 83.4 96.9 115.3 134.4 153.6 173.8 194.7 219 243.5 269 290.7 313.8 331.2 350 361.9 396 416.1
115.5 118.6 122.7 125.6 135.5 145.5 148.2 153.9 157.6 164.7 171 174.2 183.9 194.1 210.6 219.4 227.8 229.9 241.5 263.6 266 274.4 286.7 302.2 326.6 340.9 348.8 346.5 341.8 348.1 358.1 351.1 321.3 295.2 286.5 258.1 235.5 200.4 174.3 146.1 129 111.9 84.8 60.2 47.5 38.6 27.7 26.6 26.2 22.3 22.2 22.7 23.3 21.7 23.5 22.1 17.8 20.4 24.4 28.6 34.1 40.5 49.7 64.7 77.7 88.8 106.8 120.1 140.8 158.8 177.8 198.7 227.4 243.8 265.8 277.6 297 315.5 338.8 360.2 383.1
118.2 117.6 119.3 128.8 133.6 142.6 150.3 151.4 156.7 162.4 169.9 175.7 188 203.9 216.4 226.2 226.3 233.6 249.1 258.1 266.3 285 315.6 326.4 342.3 355.2 365.7 353.4 361.6 368.8 368.7 358.1 330.7 322.6 309.4 286 251.6 213.6 185.1 163.7 141.7 124.6 89.8 65.5 50.5 42.7 28.8 28.5 22.7 22.9 23.7 24.7 23.9 24.1 24.6 23.7 19 19.5 23.6 27.4 32.1 37.5 44.6 57.7 74.7 84.5 96 110.5 126.9 145 164.5 189.6 213.5 224.2 230.2 251.9 260 278.3 305.4 331.6 350.2
113.7 116.6 124.2 129.7 136.7 139.8 149.8 152.3 158.9 167.1 173.7 183.7 196.2 207.3 220.1 221.7 226.4 245.2 248.8 260.8 280.4 308.3 313.9 333.1 353.3 371.7 359.2 358.3 384.6 381.4 368.8 350.3 348.8 345.5 330 305.4 271.9 242.5 202 175.5 145.2 120.7 96.5 70.2 55.9 46.4 33.4 30.2 29.4 29.4 27.7 26 25.2 26 27 22.9 21.8 19.8 19.9 24.3 29.1 35 43.2 53 68.8 79.2 88.7 102.9 119.6 136.8 154.2 175 183.3 201.3 230.6 254.4 277 285.5 288.9 306 326.9
110.4 116 123.9 130.9 136.2 143.8 151.2 155.8 161.8 179.4 180.3 189.4 199 210.8 218.2 226.2 237.1 246.6 254.1 271.7 299.6 311.3 325.7 341.7 363.9 359.4 355.6 367.7 390.6 375.3 355.1 356.9 364.7 358.1 341.4 322.5 291.9 258 218.8 180.7 156.6 128 98 77.2 61.6 49.1 33.3 31 32.5 30.8 30.5 29.8 27.3 27.5 27.2 27.6 25.6 23.9 20.4 19.6 29.1 34.3 40.6 49.6 59.2 72.9 87.1 100.7 114.7 129.7 144.9 167 181.4 198.8 223.9 246.7 268.6 293 319.2 339.9 356.2
110.6 115.5 126.4 132.5 138.7 148.4 153 160.6 168 172 190.8 194.5 205.3 219.3 223.3 229.3 242.4 245.7 267.6 290.6 304.5 320 337.8 356.1 358.8 355.1 353.2 378.8 380.5 366.7 356.3 364.2 366.2 366.5 355.7 331.9 299.8 264.6 232.1 203.2 169.7 137.7 108.2 81.7 65.8 50.5 38.2 37.6 39.9 38.8 33.6 32.2 32.9 31.8 30.7 28.5 27.8 25.5 21.9 20.7 25.5 32.2 39.6 47.2 57.3 68.8 80.6 90.2 105.1 125 144.7 158 172.5 193.1 214.7 235.9 257.9 284.7 314.6 345.8 376.5
109.5 117.7 129.1 136.4 145.5 153.8 157.3 160.3 170.9 182.7 193.6 205.5 207.3 211.7 222.1 236.9 238.9 252.8 281.9 298.1 313.3 325.5 344.2 343.8 341.2 344.4 355.7 374.5 380.4 369 374.3 389 391.3 395.5 389.8 368.6 324.1 283.9 239.6 208.3 178.3 149.4 117.3 87.1 66.1 53.9 41.7 39.5 39.3 40.6 35.5 32.3 31.5 31.5 30.4 30.6 28.4 27 24.6 22 21.6 28.8 35 42.6 51.7 60.2 72.4 84.5 95.7 114.8 134.9 148.6 162.2 183.1 204.7 229.1 249.7 274.1 303.1 337 371.2
110.9 122.6 133.8 138.5 146.3 149.4 150.8 161.8 172.9 183.8 196.8 211.6 216.4 224.9 225.2 235.3 240.6 257.7 286.3 304.9 319.4 320.8 326.2 336.7 352.4 360.4 370.7 390.1 388.6 388.3 403.6 417.5 413.7 406.2 401.6 379.4 343 294.4 254.1 225.3 192.4 167.9 132 104.1 82.9 63.2 50.1 45.8 47.9 43.5 37.4 35.4 33.5 32.7 32.6 32.6 30.8 31.2 29.5 22.7 21 29.2 34.9 39.9 44.9 51.6 62.8 74.6 89 109.7 122.8 137.4 150.4 172 192.5 219.2 239.7 257.9 290.7 321.6 356.5
114.7 124.9 130.4 132.9 136.6 142.5 152.8 164.3 175.8 190.7 210.8 223.5 225.3 229.1 232.2 234.4 242.6 257.2 284.9 304.3 317.9 331.8 353.3 365.8 375.8 371.3 384.8 391.4 392 412.6 431.3 433.6 429.5 423.7 412.4 388.2 354.5 320.2 295.1 247 201.6 172.6 142.7 111.2 89 71.8 59.2 49.9 48.3 44.3 39.6 35.9 33.1 32.3 32.7 34 32.1 33.2 28.7 22.2 20.8 24.8 30.1 34.1 39.6 46.4 54.8 67.4 83.8 99.1 113 124.3 138.9 158.6 181.3 202.3 224.8 245.1 273.7 304 333.5
115.7 120.8 128.4 135.7 139.2 143.5 155.3 168.9 182.3 198.6 217.2 222.2 225.8 233.1 236.7 238.9 245.6 270.1 293.9 309.5 321.4 343.4 364 376 374.1 386.9 395.4 389.7 410 424.8 437.8 449.7 444.5 438.4 428.9 400.7 375.2 340.2 306 269.9 223.4 182.8 150.4 122.1 97.2 79.7 65 55.7 49.6 48.1 45.6 39.3 35.9 41.7 36.2 35.9 34.8 33.6 32.1 24 20.2 24.7 27.4 30.8 34.4 40.8 51.2 62.1 74 89.7 103.2 110.9 124.3 144.9 167.6 193.7 212.6 233.8 258.5 285 313.7
113.9 123.1 132 141.7 143.1 147.7 157.3 174.6 192.2 206.2 212.7 219.5 226.6 232.7 238.6 235.6 254.8 282.6 298.9 315.6 335.4 353.4 374.1 377.6 383.5 397.6 394.2 409.6 424.7 443.4 453.5 457.3 456.8 447.5 434.6 411.3 383.3 348.9 319.8 279 234.2 193.4 158.2 130.5 109.8 88.3 74 61.9 54.2 53.4 52.1 47.4 42.4 44.1 40.2 36.9 36.2 34.5 30.8 28.7 22.7 22 24.5 27 30.2 35 44.2 54.6 69.4 80.1 86.5 100.1 116.5 138.2 158.6 183.2 205.6 227.8 247.1 267.5 291.1
116.2 129.3 142.9 145.6 154.3 161.4 166.9 183.6 199.5 212 211.8 225.3 233.4 232 233.2 242.8 271.2 288.5 313.4 334.7 349.5 368.6 380.7 379.2 397.6 405.1 399.8 424.1 441 446.9 452.2 456.1 453.8 447.6 434.1 415 388.8 354.7 329.6 290.7 254.1 207 173 143.3 120.2 99.3 86.8 70.2 59 60 61 58.3 53.3 53.3 50.1 43.2 38.3 36 33.6 32.4 25.1 22.3 20.6 23.9 28 32.7 36.8 48.9 60.6 70 82.6 98.1 115.2 134.2 152.7 175.8 193.7 213.1 229.9 249.5 272.5
117.1 131.3 146.4 148.2 165.4 168.6 177.6 193.3 200.4 203.8 213.9 226 227.6 229.7 235 262.8 284.6 304.9 331.4 349.8 357 369.1 378.5 386.4 390.3 396.7 415.7 432.5 449.6 458.1 461 467.7 460.9 445.7 434.6 419.1 390.2 357.4 334 307.6 271.5 228 195.8 154.3 126.4 108.6 91.8 78.6 66.3 67.9 71.6 72.5 71.7 69 60.4 51.4 42.5 38.2 34.9 33.5 26.6 22.6 21.8 21.6 26.6 32.2 36.3 45.3 59.7 71.4 76.9 91.5 109.8 125.4 144.7 165.5 181 196.3 214.4 234.2 253.2
125.1 140.1 146.9 156.2 166 170 180.9 187.3 198.1 206.5 214.5 221.8 229.2 237 243.6 267.8 297.4 327.4 340.1 351.6 361.7 371.4 376.3 384 381.3 405.9 424 441.5 456 459 454.7 450.3 444.4 431.3 422.5 406.8 389.1 367.3 335.6 316.1 274.4 253.2 218 169.7 137.3 118 104.7 89.5 78.2 77.1 79.9 86.9 90 79.5 68.7 62.3 53.2 44.1 38.2 34.1 30 23.2 22.1 21.9 22.2 27.7 35.4 47.6 54.6 65.6 78.4 85.1 102.8 123.7 135.8 152 165.5 183.3 198.8 222 241.4
137.1 143.3 148 162.7 169.8 171.3 182.3 197.1 210.2 212.7 216.5 222 232.3 238.8 257.7 289 325.5 335.8 339.2 356.4 368.2 377.9 376.2 376.6 389.3 417.7 437.8 438.9 441.9 445.8 446.2 445.3 445.6 432 412.3 393.6 376.6 358.9 336.5 313 279.7 252.4 219 179.6 150.8 131 118.8 101.6 91.4 86.4 85.7 98.2 100 92.9 83 74.2 64.3 53.4 44.9 35.8 31.5 24.7 23.1 22.4 20.1 26.5 32.4 46 55.9 62.5 74 81.6 95.1 114 127.6 139.8 153.1 170.3 189.7 208.2 229.2
138.9 142.5 155 167.8 172.6 181.8 194.8 202.9 212.4 209 217.9 227.4 232.2 243.4 271 319.8 337.5 343 354.3 371.3 383.7 379.6 376.6 382.6 396.3 418.2 426.9 436.2 450.8 451.2 450.9 458.8 456.1 443.2 413 385.8 374.7 367.3 342.2 313.1 295.8 269.3 239.2 208.2 173.7 146.9 129.7 114.3 106 99.4 101.9 106.2 104.1 96.5 90.6 82.1 68 60.9 50.7 41.1 36.2 31.1 25.5 23.9 23.6 23.3 33.2 40.5 49.8 57.6 69.5 75.8 82.6 100 117.8 131.1 147.4 158.5 177 194.9 213.6
141.8 148.9 161.9 172.3 183.2 194.3 199 202.7 205.8 220.5 231.2 237.7 241.3 258.3 287.6 331.7 336.5 353 370.6 381.7 388.9 376.6 376.6 392.5 415.9 430.2 442.6 450.4 456.6 461.2 467.5 475 476.7 465.3 416.8 384.8 367.4 360.9 344 322.7 309.2 290.7 260.4 225.4 189.6 164.6 148.4 129.9 124.9 122.8 129.2 121 112.4 102.4 94.2 84.2 75 65.5 58.4 51 44.6 34.9 28.8 24.7 23.3 22.6 27.5 37.8 45.9 55.4 60 67.8 74 89.8 107.1 126.5 139.1 150 163.4 179.5 199.5
