data/210000-680000.asc
ncols 200
nrows 200
xllcorner 210000
yllcorner 680000
cellsize 50
[rows 108 to 143 of 200, columns 0 to 80 of 200]
524.7 535.3 544.7 554.3 561.7 562.7 547.4 521.7 505.6 497.1 485.3 474.9 467.4 456.8 454.1 446.9 434 430.3 406.2 389 369.5 353.7 333.9 321 298.7 291.6 290.6 272.8 258.2 254.2 240.4 219.8 201.1 176.4 160.4 158.5 155.5 160 165.3 167.1 166.9 167.4 167.3 164.3 157.2 145.7 130.5 117.9 106.4 91.6 77.2 72 64 59.2 64.5 73.3 83.6 99.4 112.8 122 134.8 146.9 159.2 157.9 142.1 137.7 122.7 93.6 73.2 46.8 18.1 15.3 12.9 13.2 12.5 11.1 8.3 9.3 10.5 11 9.7
520.3 529.3 539 550.2 561.4 570.4 561.6 548.3 532 527.1 506.7 494.1 483.7 479.4 473.9 461.4 448.7 435.4 422.9 406.7 382.5 365.8 348 328.7 318.1 311.4 299.8 286.9 277.1 268.6 256 235.5 219.7 200 182.2 164.6 149.2 138.5 142.9 133.6 145.2 148.6 150.7 145.5 133.2 119.4 109.8 96.7 84.1 78.7 69.4 68.7 75.3 72.2 78.9 86 108.4 120.7 129.9 141 153 168 171 166.6 151.1 147 139.1 108.5 79 49.4 18.3 12.4 12.5 12.2 10.8 11.1 10.8 10 9.6 11 9.2
516.5 524.8 533.8 545.9 557.2 565.1 569.6 568.4 564.2 552.2 540.2 526.7 523.6 517 520.7 491 458.5 443.1 437.6 420.7 396.8 379.2 356.2 339.7 335.3 327.9 316.3 304.2 289.5 284.2 275 258.7 241.3 215.9 206.7 183.4 160.8 145.5 134 126.6 118.9 119.4 126.6 122.8 114.3 101.7 94.2 80.6 79.2 76.5 72.9 82.6 95.8 95.7 96.7 112.7 123.8 134.9 152.3 162.1 174.1 182.9 192 184 173.1 151.1 142.1 121.9 86.1 55 34.9 16.1 12.3 10.5 10.1 10.3 11.5 11.5 12.4 11.1 8.9
513 520.9 529.2 541.2 549.9 558 565.8 571.9 577.6 587 575.6 575.2 565.7 548.1 555.8 534 475.1 461.4 442.8 426.7 414.6 407.3 371 354.3 351.4 343.1 331.5 317.1 307.9 296.8 288.8 274 257.6 246.8 222.4 194.1 169.6 151.3 153.1 145.3 139.3 120.7 108.5 107.5 96.2 90.4 87.9 85.4 83.7 86.3 80.6 103.6 111.2 114.3 125.3 133.9 148.1 153.9 171.2 180.7 188.8 196.5 207.6 204.2 205.6 165.8 142.4 121.9 95.3 61.5 36.5 16.9 11.4 10.1 10.1 11 11.6 10.9 10.6 9.5 8.8
508.3 515.7 525.1 536 542.9 551.3 563.2 571.4 578.9 594.2 593.9 595.7 585.7 584 577 539.1 500.2 463.7 446.2 430.2 422.3 392.6 381.3 376.6 370.2 360.2 349.4 335.3 327.2 316.7 303 286.3 268 251.8 230.1 198.5 182.8 179.4 168.4 158.1 152.1 132 115.3 111.1 99.6 101.5 109.3 107.2 107.5 102.3 101.8 112.3 118.6 135.3 143.8 157 166 178.2 184.9 199.4 205.9 210.7 209.2 216.5 212.5 191.9 144 124.8 99.2 76.3 45.2 19.3 11.4 10.9 10.6 11.1 11.3 10.7 10.9 9.2 8.6
503.8 512.7 521.9 530.6 537.5 546 556.5 568.2 577.5 586.8 591 597.4 594.4 592.1 574.6 553.1 519.1 479.2 450.6 433.3 414.6 396.2 392 401.2 395.7 381 363.8 350.9 354.8 330.5 318.1 298.6 286.5 266.6 236.1 211.6 199 195.5 190.2 176.4 166.9 152.9 129.6 120.7 119.6 122.2 126.4 128.5 124.8 124.2 130.5 132.3 148 157.4 173.9 184.5 200.2 200 212.5 216.6 223.5 224.3 223 220.6 211.8 195.3 154.8 125.3 99.2 76.6 47.5 26.6 16.2 12.4 11.4 11 10.9 10.7 10.8 8.9 8.3
499 506.6 514.5 523.7 532.3 539.5 549.1 561.6 571.6 578.8 586.6 590.1 592.8 593.9 583 556.8 520.5 481.7 457.6 436.4 418.2 415 415.5 413 404.3 387.3 376.2 365.6 358.4 341 330.7 313.9 291.2 274.5 236.3 213 219 215.8 206.8 199.7 186.4 170.2 151.3 149.8 150.7 150.6 156 147.2 149 149 149.5 154.4 177.8 183.3 193 208.3 221.5 227.7 231.4 234.3 244 248.6 240.5 234.2 231.9 205.7 174.1 134.8 118.1 92.8 73.6 44.1 19 15.2 12.2 11.9 10.9 10.5 10.5 8.6 8.1
493.8 500 509.9 520.1 527 534 540.8 552.5 562.6 571.5 579.1 582.5 586.3 590.9 586.9 564.3 538.5 509 489.7 456.2 460.4 432.9 431.9 423.8 431.8 413 387.5 376 359.4 350.6 337.8 319.3 302.4 270.9 250.1 226.3 238 240.3 232.6 225.5 216.6 198.3 183.5 175.1 177.6 174.4 173.7 171.8 176.5 183.6 184.4 192.6 201.7 211.6 219.2 229.7 246.9 255.6 250.6 254.1 262.1 270 257.5 250.1 243.1 221.6 191.7 164.6 138.7 112.8 90.5 72.5 43.3 22 16.1 13.9 12.5 11 9.6 8.2 8.2
489 494.7 506.3 515 522.2 529.5 535.8 543.4 552.4 562.7 574.1 576.5 577.6 589.2 587.1 584.9 575.3 544.8 500.2 481.6 466.3 457.6 458 458.6 460.1 431.7 408.4 388.3 371.9 363.8 350 332.8 310.9 283.5 255.6 253.3 266.4 267.2 270.6 265.4 244.2 234.3 215.8 209.6 205.7 204.2 205.7 203.9 208.7 210.7 211.7 223.9 232.4 246.8 239.3 255.8 265.9 271.7 269.9 278.5 277.9 272.8 263.7 258.7 248.2 232.4 213.3 191 162.4 139.5 113.9 92.3 73.8 44.3 18.9 15.1 13.2 11.3 9.4 8.1 8.1
484.3 492.6 502.1 510.6 519.3 526 530.9 536.6 543.9 554 558.8 564.8 572.1 582 582.9 584.4 574.7 547.4 516.8 490.9 486.5 486.1 502.1 505.1 495.1 452.7 416.9 397.2 383.8 380.1 363.8 344.2 322.4 293 267 282.2 298.8 310.9 314.2 305.7 293.8 274.3 247.8 239 239.4 240.4 235.4 233.6 231.4 239.7 254.2 263.9 267 262.8 264.9 275.4 295.5 299.7 300.3 295.6 293.3 285.4 277.2 267.8 258.6 242.5 222.9 211.1 183.3 152.8 132.8 112 87.7 56.4 32.4 15.4 12.9 10.8 8.8 8.4 8.1
480 489.6 499.3 507.4 515.1 522.8 527.3 532.8 537.7 543 548.7 553.9 562.8 571.6 578.6 581.1 582.3 563.8 531.3 521.1 532.4 522.4 540.4 524.1 511.3 476.2 443.2 414.8 397.6 390.3 381.6 364.1 333.6 309.3 284.5 309 335.6 355.4 359.6 345.6 344.8 320.4 285.9 266.6 269.7 276.2 267.2 270 261.3 290.2 299.1 297.5 288.6 293.1 291.4 304.5 323.9 332.2 318.6 318.9 312.5 300.4 285.8 276.7 261.2 251 229.2 215.7 192.2 162.3 146.6 125.2 93.9 65.3 37.8 17.2 12.6 10 8.3 8.1 8.1
474 483 492.4 504.6 512.8 520.4 525.1 528.8 531.6 534.7 539.3 543.9 550.9 560.4 569.6 577.8 582.5 577.1 562.3 572.1 576.5 562.5 559.1 544.4 516.7 487.5 462.3 434.3 410.5 403.9 395.6 377.8 353.7 326.3 312.5 332.3 379.6 406.7 397.7 370.6 370.6 351.2 323.4 294.9 314.8 312 316.9 309.7 303.5 315.2 320.8 319.1 316.9 316.1 320.3 323.8 346.6 343 340.1 332.5 328.3 316.7 296.5 283.4 268.9 251.8 235.2 214.2 194.4 167.8 146.7 129.9 105.3 80.5 54.8 23.6 13.7 10.2 8.2 8.1 8.1
477 485.3 495 503 511.9 521.3 527.4 529.8 529.7 529.9 532.1 535.5 542.3 551 561.5 568.9 574.9 578.7 584.4 587.1 583.7 576.7 564.1 551.4 538.2 516.9 479 449.1 427.1 415.9 400 377.6 350.1 323.6 335 366.6 395.7 411 390.2 380.1 375.1 367.2 352.6 328.5 328.7 335.6 338 322.8 333.9 334.6 343.7 345.3 332.6 340.8 339.4 344.1 354.9 354.7 349.7 343.8 333.4 328.5 311.5 288 276.6 259.6 243.9 220.3 202.6 176.8 147.9 126.7 98.8 75.5 60.1 32.9 17.7 9.4 8.1 8.1 8.1
475.3 485.4 495.3 506.2 515.9 523.3 529.8 535.3 534.7 528.3 525.3 528.3 534.1 544 554.4 559.8 564.3 574.3 579 579.7 579.3 577.7 568.7 558.4 548.4 525 491.2 463.3 437 422.6 417.1 387.2 358.8 349.7 365.1 411.2 415.3 399.7 389.8 381 376.5 363.5 355 345.3 344.8 347.8 349.9 352.7 368.6 369.8 363.3 367.7 354 352.4 352 360.9 362.9 361.5 363.4 363.3 349.3 345 329.9 305.3 287.2 268.5 258.3 237.3 214.9 191.9 155 136 106.8 78.2 65.2 62.5 43.8 9 8.1 8.1 7.9
475.7 486.1 498.3 508.8 518.3 526 533.4 540 540.9 529.3 521.6 520.6 525 535.6 545.4 551.3 554.6 570.6 578.9 583.1 579.4 571.5 569.5 560.4 550.2 529.5 506.5 493.1 460.4 434.6 429.6 402.2 371.9 376.5 409.4 432.3 401.4 382.8 369 373.5 363.8 363.3 358 350.9 353 354.3 367.1 368.8 382.3 387.2 375.9 370 370.2 369.1 375.9 376.2 375.1 375.8 379.8 378 366.6 354.7 335.8 316.9 295.6 274 256.5 239 216.6 191.4 156 145.9 117.4 89 77.8 71.5 51.9 10 7.7 7.5 7.5
476.5 488.5 500.4 510.2 520.2 528.9 537.5 540.8 540.8 532.8 523.5 516.6 518.1 524.5 534.6 540.4 547.8 562.1 573.8 579.6 580.9 574.8 566.4 557.2 549.7 533.1 519.8 503.8 471.6 439.3 426.1 417.4 407.4 405.3 440.4 424.6 383.2 373.9 360.5 364.2 363 361.8 357 352.2 358.2 360.1 378.7 373.2 379.3 390.2 381.7 381.7 382.1 389.5 403.5 404.4 393 387.1 383.1 380.9 369.7 350.6 338.7 309.5 292.1 270.4 253.8 242.3 222.5 191.9 151.1 144.6 113.6 94.1 89.2 80.7 46.6 10.3 8.1 7.1 7.6
478.8 490.6 501.3 512.2 522.2 530.3 539.5 543.3 539.8 532.2 522.5 511.6 509.7 515.4 524.5 527.2 541.4 552.2 565.1 574.7 579.8 578.8 569.2 559.6 552.5 546.6 515.5 490.4 469.3 454.8 442.4 446.4 421.6 425.4 428.3 393.9 367 356.3 353.4 358.4 358.4 358.1 355.1 350.6 358.2 359.8 364.9 368.7 376.4 385.6 382.1 390.5 392.1 408.6 429.4 418.7 404.6 397.8 386.8 379.9 364.1 347.9 333.6 309.5 297.3 270.5 249.5 235.4 216.7 187.6 146.9 134.1 112.6 95 92.2 86.8 56.7 16 8.9 6.9 7.6
480.2 491.2 501.2 512.7 523.3 530 538.3 543.8 539.8 532.9 524.1 512.8 504.4 504 511.1 520.1 531.4 541.4 555.5 566.8 574.7 579.4 571.7 565.2 558.7 549.5 531.5 509.6 487.5 467.8 456.6 439.5 423.5 421.4 408 371.2 351.3 342.9 344.7 342.5 346.6 352.8 352.6 349.9 345.1 347 355.6 360.2 376.8 384.2 379.7 385.2 390.3 408.6 431.9 418.7 406.1 399.2 395.5 383.8 373.9 359.8 338.7 316.4 301.2 280.6 256.8 238.3 205.1 171.9 144.9 128.1 106 82.7 90.8 84.9 61.6 37.5 9.9 7 7.6
481 491.3 501.6 512.9 523.3 528.5 533.7 538.6 537.8 532.4 525.5 512.4 502.4 497.5 500.8 510.4 520.3 530.7 543 555 563.1 568.2 570.5 569.6 566.4 560.9 545.5 525.9 500.6 482.6 457.8 437.2 416.6 411.2 391.5 361.3 344 339.1 331.5 333 339.1 341.9 340.3 342.1 339.2 337.4 348 352 362.7 369.6 376.2 379.6 389.5 408 424.2 415.8 407.8 400.9 400.9 388.1 378.7 371.4 355.7 329.1 304.7 280.9 255.1 235.9 200.9 169.3 135.6 117.1 105.7 87 69.4 67 62.5 33.4 11 7.8 7
479.9 491.1 501.4 511.1 521.4 526 528.9 530.5 530.6 531.4 526.7 512.1 501.5 497.3 494.9 499.8 508.4 519.3 527.4 539.3 551.4 559.9 564.3 567.3 566.2 562.3 555.9 534.8 505.9 478 457.8 437 417.3 399.2 385.3 357.8 340.4 330.6 323.6 322.6 316.1 319.2 324.8 325.7 325.9 326.5 339.2 342.9 355.2 368.7 369 375.2 390.5 408.5 420.9 412.9 405.1 404.2 403.5 389.1 381 371.8 356.7 334.7 316.9 290.7 257.8 238.9 215.7 177.7 152.1 132 122 97.6 76.7 56.8 40.2 18.2 10.8 9.6 8.7
479.6 488.6 499.1 507.2 518.3 524 526.9 531.7 529.3 524.6 521.3 512.8 500.5 497.5 495.3 492.4 495.7 507.3 517.5 528.1 539.2 548.7 556.4 559.8 562.2 561.9 558.2 544.2 509.3 475.1 457.8 433.4 413.3 394 386.5 366.2 336.9 325.2 316.2 308.4 305.3 303.5 306.6 312.2 315.5 317.8 324.4 334.8 347.9 358.9 363 368.9 376.3 388.5 411.4 407.2 401.9 400.6 399.6 387.8 384 375.4 360.3 336.1 324.2 295.3 281.9 259.2 230 196.5 163.7 135.2 123.8 95.4 72.6 49.3 27.5 13.7 12 11.1 9
477.8 485.9 496.8 504.9 513.8 519 523.3 526 528.2 528 516.5 508.5 500.1 497.7 499.2 491.9 489.2 494.9 505.4 515.2 526.5 535.6 543.5 551.3 554.9 557.3 555.2 541.4 524.6 488.8 451.4 428.7 411.2 390.1 377.3 360.8 340.3 318.9 309.2 298.4 291 293.1 293 298.2 301.4 308.6 315.2 324.8 346.4 350.1 352.4 356 365 372.6 398.5 399.1 395.2 392.6 392.2 387.1 383.4 375.6 363.3 348 328.1 317.3 286.6 263.2 236.7 204 174.2 144.4 126.7 109 84.7 56.1 35.7 13.2 13.2 10.5 8.6
478.8 485.7 494.5 501.5 508 512.7 517.9 523 524.7 530.8 520.4 507 499.7 500.3 500.6 493.9 488.5 480.7 489.8 499.1 509.7 519.7 529.2 536.8 544.4 547.8 551 543.1 524.1 493.4 455.4 424.2 401.9 387.9 374.9 358.7 337.1 320.6 302.8 288.9 279.9 282.6 281.5 283.2 287.2 294 299.6 310.2 326.2 332 334.1 342.4 348.3 356.9 383.1 390.6 384.7 378.8 379.4 382.5 381.5 380.8 367.8 355 335.4 319.1 293.8 261.8 239.1 214.1 183.1 153.2 129.5 111.6 91.9 63.1 39.5 19 11.1 10.6 8.7
477.8 484.6 492.2 496.4 502.4 507.3 514.6 522.9 523.7 524.1 521.3 510.9 504.1 501.1 499.1 498.5 489.7 477.5 473.8 480.1 492.4 506.5 516.2 525.5 532.8 537.8 543.8 542.7 529.5 491.5 455.7 426 403.2 388 377.4 361.6 339.8 321.3 304.1 285.9 274.4 271.1 271.2 271.8 275.3 280.6 286 291 309.4 319.4 323.7 328 336.5 341.3 372.5 372.9 373.4 374 376.8 379.2 379.4 377.9 370.9 354.1 332.6 318.3 290.2 263.3 238.3 218.7 196.7 163.8 138.9 132.8 115.2 93.7 70.1 35.1 10.5 8.5 8.5
478.3 481.7 486.7 491.3 497.9 504.4 512.2 520.8 522.2 521.6 519.1 515.6 512.4 506.2 500.4 496.1 491 481.7 468.1 463.4 473 489 503.4 512.7 518.2 524.6 532.7 540.9 542.7 515.4 484.2 445.2 411.4 390.4 375.3 358.1 340.5 321 306.5 287.9 271.4 261.2 258.6 259.7 262.2 267.5 274.9 276 293.8 306.1 308.8 310.8 321.8 323.8 341.3 351.7 360 367.3 369.7 373.6 373.5 375 377.8 364.3 343.3 317 289.5 264.3 240.7 222.2 200.5 177.1 164.4 141.1 132.8 107.4 85.7 59.9 15.9 9.1 7.8
477.4 480.8 480.4 485 492.4 500.1 506.3 513.2 518.9 519.9 518.8 523.6 520.2 509.7 502.6 494.8 487.2 483.2 471.3 456.5 457.2 467.3 484.9 495.9 504.3 510.8 519.5 528.7 533.7 530.4 502.4 462.9 426.3 405.8 384.3 360.8 341.4 323.4 306.2 286.6 274.2 260.2 249.5 250.7 253.4 256.8 260.6 263.7 271 283.9 287.1 290.5 300.1 307.8 319.6 334.6 340.8 356.7 361.5 364 369.1 373.1 380.7 371.5 361.5 334.8 309.2 279.7 251.7 229.9 212.6 202.2 181.8 164.9 146 121.6 101.3 72.9 40.5 16.2 8.5
471.8 474.7 474.4 479.1 486.6 493.9 501.2 506.9 509.3 513.6 522.2 530.9 526 515.9 506 494.4 481.6 473.7 466.5 456.8 444.4 453.3 463.1 476.8 484.1 495.2 503.9 513.9 519.4 522.5 516.5 483 437.9 419 398.9 371.7 350.7 329.7 310 293.8 276.9 258.2 244.7 242 244.7 244.4 248.5 253 254.1 261.2 265.2 272.8 279.3 291.9 296.7 313.1 322.4 332 347.5 353.1 363.4 372.1 382.2 377.7 367.6 343.3 324.4 304.5 274.7 251.2 232.1 219.8 206.7 191 164.4 137.2 121.2 92.2 57.4 31 17.6
464.1 468 467.3 466.2 478.3 484.4 491 500.7 504.7 507.2 520.2 531.4 531.9 524.5 510.5 497.3 484.6 469.5 458.9 451.4 443.3 437.6 447.4 457.5 468.1 476.3 485.5 498.8 505.5 509.8 509.9 499.7 460.8 444.2 409.7 380.6 360.5 340.7 319.7 303.4 286.2 264.6 246.8 230.7 231.3 229.6 235 237.2 238.7 242.2 245.7 252.7 258.4 267.5 279 293.6 303.6 312.7 324.6 343.6 362 365.2 373.4 374.1 367.7 345.6 325.5 309.1 284.8 269.2 249.3 232.8 219 204.9 180.7 146.8 124.7 109.4 75.8 44.5 33.4
455.2 460.4 462.4 457.2 462.9 471.4 479.1 488.4 493.8 501.4 520 531.1 533.2 530 518.9 502.2 488.6 471.4 456.8 445.2 437 426.8 433.9 441.7 451.6 462.1 470.2 481.1 489.9 493.8 499.6 497.4 481.6 464.4 432 398.5 374.7 349.5 332.8 312 290 266.2 247.5 235.4 222.3 220 219.1 219.3 221 223.9 230.8 238.1 245 251 263.7 271.3 279.8 292.4 310.5 327.3 346.4 351 361.5 366.4 364.1 347.1 332.9 316.9 300.6 288.2 264.2 237.6 225.6 209.4 189.4 160 126.2 111.4 81.9 59 58.6
441.5 443.1 449.4 448.4 443.6 456.8 466.5 476.2 480 494.5 512.8 525.2 530.6 530.8 524.4 509.9 494 477.1 458.6 447.3 435.5 423.4 420.1 428.9 439.9 452.5 455.9 463.6 472.6 478 481.2 481.9 479.5 479.1 463.5 423.2 391 363.4 342.2 326.7 294.3 272.1 252.8 236.9 222.1 210.8 207.5 204.8 205.8 209.5 213.7 220.8 226.5 229.3 241.3 254.7 259 265.7 285.4 309 319.8 332 346.5 358 356.8 349.3 336.3 328.7 315.7 297.7 270.4 242.3 228 210.9 186.6 160 126.5 110.4 86.1 68.5 64.2
429.4 429.3 432 428.6 434 438.4 450.8 454.3 466.3 483.8 501.3 516.4 524.9 529.7 526 515.4 500.8 483.5 466.2 448.8 435.9 424.9 409.7 417.2 427.5 442.9 446.2 447.5 455.3 458.8 463 466.7 466.1 468.3 465.1 455 420.4 386.8 358.5 331.2 303 283 257.3 239 223.8 211.5 194.7 192.8 193.1 192.4 196.1 204.7 211.7 214 221.4 223.9 233.5 247.2 257.8 284.7 294.5 307.7 327.3 345.2 346.6 342.2 330.5 325.8 314.4 298.4 272.3 245.1 233.3 210.8 187.8 164.5 138.7 119.6 90 74.2 67.5
409.6 414.2 409.4 405.5 416.9 422.1 427.7 440.7 452.3 470.1 488.4 503.7 515.6 524.4 525.2 520.1 509.7 494.1 474.9 457.9 435.9 424.2 414 405.5 417.7 432 434.1 434.1 436.8 443 449.9 455.7 452.9 454.8 457.4 452.5 433 404.2 373.9 338.5 313.1 287.4 264.3 249.5 230.3 211.2 192.1 179.7 180.9 174.6 178.6 183 189.3 196.5 204.2 207.8 211.2 223.6 240.2 257.7 270.6 281.3 301.6 325.6 329.2 326.9 319.7 314 307.8 290 269.6 243.4 232.3 214.4 189.6 165.6 136.6 115.6 87 73.2 71.8
389.5 396.3 395.3 390.6 397.5 403.5 410.8 421.7 432 452.7 472 489 504.8 515.4 522.8 521.4 513.9 500.4 485.4 464.6 444.4 426.3 416.2 402 405.6 412.7 417.7 419.6 421.9 428.3 435.7 441.4 441.6 438.7 441.5 439.2 431.7 416.7 406.7 372.5 324.5 298.9 278.8 255.3 240.1 218.4 200.2 175.5 167.9 161.5 160.6 166.6 169.8 176.3 183.4 191.7 196.4 206.5 217.1 229.1 243.7 255.8 273.7 294.4 305.3 307.1 304.9 301 298.9 285.4 266.2 241.1 229.3 213.3 194.1 166.1 134.8 110.9 91.5 75.7 70.8
368.2 372.7 372.6 373.3 378.3 381.2 393.9 405.2 413.4 434.8 452.1 472.5 490.8 507.9 518.1 522.8 519.4 507.6 492.3 473.1 452.6 432.7 416.5 404.6 396.4 402.2 404.6 407.2 410.9 415.7 422.1 425.6 428.7 427.6 426.2 427.3 423.1 415.8 407.1 378.4 345.4 307.1 281.2 264.8 248.1 225.2 202.9 182.8 167 154.4 148.2 147.9 150.7 155.6 165 171.2 180.3 191.5 199.6 206.7 218.1 233.2 246 265.9 282.3 283.2 284.9 284.4 285.6 277.1 262.9 237.8 219.5 203.1 188.1 163.3 128.1 102.7 81.5 70.5 70.1
344.6 357.4 354.6 359.9 359.9 365.5 376.2 387.2 395.7 415.6 434.4 452.2 473.1 494.9 508.9 520.5 518.8 506.5 490.3 471.9 453.1 433.7 418 406.2 391.6 391.9 393.1 395.8 400.2 404.6 407.8 411.1 416 417.8 415.5 415.2 412.3 406.2 392.5 376.6 356.7 331.6 298.4 272.1 257.4 231.6 208.7 184.3 167.4 154.6 144.4 139.5 137.7 141.5 146.5 151.8 159.3 166.8 183.9 188.9 198.7 209.2 217.3 239.4 253 260.5 268.9 267.8 270 266.2 250.8 230.1 210.1 197.3 175.8 151.4 119.6 95.7 79.6 65.6 63.7
316.9 327.5 330.1 335.7 344.5 350.2 358.5 367.7 377.5 397.2 415.8 432.7 453.9 478.2 495.8 510.6 513.2 507 494.1 475.2 449.5 436.3 422.2 409.1 396.3 388.9 381.4 385.9 389.6 393.1 396.5 399.4 406.1 407.4 405 404.9 401.8 390 380.6 368.8 350.3 326 302.6 281.5 253.9 236.7 207.5 185 172.1 153.4 141.1 133.9 130.1 125.2 128.6 137.3 147.2 153.2 163.5 172.6 184 189.6 196.5 213 226.7 240 251.3 252.6 253.8 252.8 241.4 226.2 201.8 192.7 167.6 139.8 113.9 92.6 80.2 62.9 53.4
