data/210000-550000.asc
ncols 200
nrows 200
xllcorner 210000
yllcorner 550000
cellsize 50
[rows 0 to 38 of 200, columns 89 to 177 of 200]
118.4 115.2 114.6 110.6 107.7 103.7 102.8 101.8 104.5 102 103 102.7 104.2 105.3 105.2 105.6 108.1 110.8 112.8 113.3 116.7 119.7 125.5 127.4 130.1 132.4 131.5 131.7 129.6 124.7 122.1 116.6 116.4 116 114.4 112.9 112.7 112 111.3 108.5 108.2 109.1 112.4 114.6 115.7 122.6 124.5 119.9 114.8 111.1 110.8 106.4 99.2 94.2 92 86.9 87.1 91.3 96.7 98.7 96.5 89.2 84.6 77.3 71.1 65.3 55.2 48.4 38.8 23.6 21.1 22.2 22.1 26.9 36 36.3 37.7 45.3 52.7 61.6 73.5 79.8 86.2 93.2 97.4 97.3 102.7 104.6 103
117.3 118.6 115.7 111.4 109.9 106.8 106.5 104.8 100.7 103.2 103.1 101.9 100.7 98.5 99.5 101.8 103.8 108.2 110.7 113.1 119.8 124.6 128.3 128.6 130.9 131 128.9 127.3 125.3 121.9 119.6 115.7 115.5 114.5 113.2 112.6 111.7 110.5 109.4 108.2 108 108.2 108.8 110.4 115.8 119.1 121.9 119.3 113.3 110.2 109.5 103.6 96.2 92.8 88.9 85.5 90.8 94.7 99.6 100.5 96.7 91.9 85.8 79.1 73.1 68.2 58.4 49.5 41.2 25.7 21.7 20.7 21.2 28.5 36.4 35.8 36.5 42.9 49.4 58.8 69.6 77 84.2 89 92.1 93.7 96.9 98.6 98
116.6 116.4 114.1 117.3 114.6 111.2 109.9 106.3 101.1 100.3 101.4 100.1 99.1 99.1 98.1 100.2 100.1 101.9 109.3 119.8 125.4 129.5 134.4 135.6 137.2 139.2 133.5 132.1 124.9 120.8 116.8 115.2 114.7 113.8 112.5 111.4 110.4 109.9 110.1 109.9 109.5 107.8 108.2 110.8 116.2 115.4 118.2 117.4 114 108.8 106.6 100.2 94.4 89.6 90.7 90.3 93.5 96.4 99.9 101.6 97.9 93.6 90.2 84 76.9 69.6 61.4 50.1 42.4 25.9 21.9 20.7 19.9 26.6 37.5 36 35 39.5 47.6 58.2 66.1 72.8 80.4 84.5 86.9 90.9 93.4 94.6 93
116 116.1 118 117.4 112.8 113 109.9 107.2 101.7 99.9 101.1 99.6 98.7 98.4 98.9 99.6 100 101.3 105.9 113.2 124.6 128.1 133.6 136.6 138.5 137.1 136.4 133.3 124.3 120.3 117.4 116.3 115.9 113.8 112.7 111.9 111.5 110.6 110.7 111.6 110.6 108.8 107.8 111 113.2 115.1 116.7 114.6 110.2 105.8 101.4 93.7 96.4 100.9 101 93 95.8 95.4 98.3 100.4 98.8 95.6 91.7 86.9 80.3 71.3 61.1 49.2 40 28.9 20.9 19.6 18.5 22.4 37.2 36.9 34.9 37.6 46.1 54.3 61 66.5 74.2 78.9 84.7 88.3 92.1 92.3 89.2
115.6 116.1 117.1 117.6 112.5 111 108.9 109.4 103.3 101.7 101.1 98.6 98.1 98.6 99.5 100.9 102.9 106.4 110.5 117.4 122.8 126.9 130.8 136.3 138.8 137 134 130.2 122.9 120.6 118.5 117.8 117.1 115.7 113.7 113.5 114.6 111.3 112.1 112.7 112.5 109.5 106.7 107.4 110 114.9 114.3 111.2 106.5 102.3 94.6 103.1 106.4 101.5 100 97.3 100.6 98.2 97.1 99.9 97.9 97.6 93.2 90.5 84 71 60.4 52.7 37.9 24 20.4 19.7 19 18.5 19.8 35.6 34.7 38.2 44.4 52.2 57.8 63.5 70.4 75.8 81 87.1 90.9 89.3 85.9
113.1 113.8 115.6 114.1 108.6 108.3 106.9 106 101.3 104.1 103.3 97.9 97.8 100 100.9 101.2 104.2 107 108.5 114.9 120.9 126 131.2 132.9 133.8 132.6 132.5 124.7 121.3 120.6 119.9 119.2 118.2 115.9 116 115.1 114.4 111.2 114.5 114.2 114.4 112.6 106.6 108.4 107.9 111.1 109.9 107.2 102.1 98.8 100.6 105.7 107.2 102.3 100.7 102.4 108.6 103.2 98.6 99.7 97.8 96.3 91.6 89.1 81.5 68.3 58.8 49.7 37.3 22.6 20.3 19.5 18.9 18.7 18.4 20.8 34.3 37.2 42 50 55.7 62.3 65.8 72.4 80.3 87.8 89.4 86.6 82.6
112.4 111.6 104.4 110.3 103.9 102.9 101.7 101.1 99 101.2 100.6 99.2 97.4 100.2 101.7 102.6 108.9 108.1 109.6 112.7 117.7 121.5 127.3 129.9 130 130.9 127 122.9 123.2 122 120.8 120 119.5 119.4 116.5 116.1 113.9 113.2 110.9 114.5 112.3 108.4 103.6 106.3 105.3 107.4 106 104.2 97.7 96.1 100.6 106.5 105.2 104.1 103.3 103.4 109.1 105.5 101.9 99.5 98.9 98.2 93.8 84 77.1 66.5 53.2 45.9 36.2 22.2 19.8 19.4 19.1 18.9 18.7 18.8 20.7 33.4 40.4 48.1 55 62.2 64.3 71.9 80.6 87.7 87.5 83.5 79.5
108 106.9 101.7 104.6 104.9 98.2 96.9 99.8 97.5 96.8 99.3 100.9 97.2 101.5 101.9 108.6 110.9 111.7 117.1 112.1 115.4 122.7 125.3 127.4 127.1 127.9 125.8 125.4 124.4 123.6 122.4 121.1 120.4 122 120 121 119.6 111.1 109.4 111.7 110 105.6 102.8 103.7 101.4 103 101.7 99.6 98.4 99.1 99.4 105.7 107.1 106.8 104.4 103.3 106.7 104.8 101.8 101.7 98.9 95.3 90.2 85.9 73.7 63.3 54.3 46 38.6 23.4 19.9 19.7 19.4 19.2 19 19.3 19.8 21.2 36.5 45.3 52.9 59.9 64.8 71 79.3 86.3 85 80.5 74.4
104.7 105.8 103.2 100 100.4 95.9 96.1 97.1 94 93.4 93.5 96.5 101.4 102.5 103.3 112 111.6 114.1 115.8 114.6 114.9 119.5 124.3 125.5 128.2 132.7 130.9 129.5 125.7 124.1 123.6 123 124.3 124 123.8 127.2 124.9 116.8 107.5 109.3 107.8 103.8 101.7 99.8 99 98.9 98.2 97.1 99.4 101.5 100.3 104.1 105.7 104.7 101.8 103.6 104.6 102.8 101.6 99.4 96 93.2 90.1 84.5 72.6 59.1 54.5 47.3 40.3 29.2 19.5 19.9 19.8 19.5 19.3 19.8 20 20 33 44.3 54.3 59.3 62.5 70.3 79.2 83.5 81.7 76.1 70.1
100.5 100.7 96.8 97.4 100 95.8 89.4 88.2 91.9 95.3 95.5 98.2 104 106.4 104.6 114.7 118.2 120.6 118.8 115.4 115.8 120.4 121.4 127.1 132.9 134.7 135.4 138.4 132.2 126.3 123.9 122.7 123.9 125.2 124 126.4 123.6 116.6 106.4 108.3 105.9 101.7 101.7 100 98.6 98.4 97.6 96.8 100.5 102.1 101.2 105 106.2 101.4 97.3 99.1 104.2 100.2 97.5 96.5 95.1 91.5 86.5 79.4 66.6 58.5 53.6 48.6 43.3 32.9 19.3 19.5 19.9 19.9 19.6 20 20.1 19.8 29.6 43.4 54.7 55.9 61.9 68.8 75.8 79.8 77 71.7 65.5
95 93.1 90.7 90.7 92.7 85.2 88.7 94.1 95.9 96.6 99.7 105 105.5 107.3 107 112.8 116.5 120.4 116.8 119 119.2 122 124.6 127.5 131.1 133.9 138.1 141.6 137.2 128.1 125.6 124.4 123.9 128.1 125.1 123.7 117.3 113.1 105.9 104.8 104.5 101.4 101 99.7 99.4 98.1 97.4 96.6 103.2 102.8 101.5 103 106 100.6 95.9 96.9 98.7 96 94.5 92.9 90.6 87.7 82.4 77 64.6 57.3 54.6 51.1 45.1 37 22.5 19 19.4 19.8 20 20.1 20 19.1 30 40.5 50.5 50.5 59 66 71.5 75.8 72.9 67.4 61.1
88.8 89.1 86.8 89.9 89.4 80.1 88.5 92.2 95.4 101.3 108.9 109.9 107.7 109.4 110.9 115.6 115.8 116 116.7 121.5 123.5 134.5 133.3 131.6 138.4 137 136.9 139.8 136.6 131.4 128.8 125.8 122.3 123.4 121.9 123.5 121 116.8 104.9 104.3 102.6 100.5 100.7 98.8 98.4 97.3 97 98.2 100.9 101.7 101.8 102.8 102.4 97.7 92.2 94.7 95.5 92.1 90.5 89.5 86.8 84.3 79.7 73.9 63.5 55.4 55.8 50.6 44.9 38.8 30.9 19.7 19.2 19.5 20.1 19.7 19.7 18.1 30.8 39.2 43.4 48.3 55.4 61.4 67.2 69.8 68 60.8 59.5
83.8 82.5 82 82.8 81.4 79.7 89.5 92.2 101.5 108.8 111.3 111.6 112.7 109 111.8 114.4 117.2 114.9 115.9 124.2 133.7 134.7 137.3 133.2 136.6 135.5 135.1 137.1 136.3 134.7 130.7 126.3 123 121.1 121.2 122.6 119 115.6 104.2 102.3 101 99.7 98.3 98.3 98.6 99.3 99 100.2 100.4 102.2 100.6 100 99.8 93.8 89.7 91.1 91.4 88.8 87.3 86.4 83.8 81.2 77.2 69.7 59.3 54.7 56 52.9 45.7 40.2 35.6 29.9 22 19.8 20.3 19.5 18 21.3 31.2 35.1 40.5 45.2 50.3 54.6 61.5 64.8 62.7 57.2 56.6
78.4 76.5 75.2 77.3 75.9 85.6 93.3 97.5 107 109.2 109.4 111.3 110.9 109.4 114.2 116.5 115.9 115.2 114.6 126.8 133.6 136.6 134.6 131.9 132.9 134.3 137.7 134.6 138.8 134.2 131.2 126.8 123.1 122.1 119.8 121.3 118 118.8 109.4 102.1 100.1 100.1 101.2 101.4 102.6 99.6 99.8 101.2 100.9 100.2 99.6 98.7 96.5 90.4 87.5 86.8 85.7 84.7 84.3 83.4 81 78.4 74.3 66.6 58.8 55.6 55 52 47.7 43 37.3 33.8 32.7 28.8 19.5 18.4 17.2 20.3 30.1 32.7 36.6 40.1 44.6 50.6 57.2 60.1 57.1 52.8 52.1
73.3 71.8 70.7 76.2 80.2 90.1 93.7 98.4 104.5 108.7 107.9 111.6 110.3 110.3 115.7 117.1 118.4 113.6 114.8 127.7 133.6 133.7 136.1 130.3 132.2 132 135.3 134.8 134.2 128.6 125.9 124.7 125.2 124.6 121.9 119.4 116.5 114.7 110.6 102.5 101.4 100.8 103.7 104.4 104.9 102.3 103 101.7 101.1 100.2 95.2 95.9 92.5 88.4 85.6 83 83 81.5 81.3 80.4 78.1 75.1 71.1 63.2 56 56.9 55.8 53.5 48.6 41.9 41.9 35.7 39.6 31.9 27.3 20.1 15.7 18.8 20.3 30.5 33.4 37 41.3 46.4 54.1 55.2 49.3 49.2 50.4
66.5 67.4 78.4 85.6 90.1 91 97.7 98.5 102.3 106.8 106 105.6 108 106.9 112.4 114.7 112.4 112.4 118.2 124.9 128.1 132.7 134.2 128.3 129.2 130.6 130.8 134.2 134.9 124.8 126.9 127.5 126.3 125.5 121.4 117.1 114.4 112.2 108.5 105.2 105.7 102.8 103.5 106 107.1 103.1 102.4 103 103.7 100.1 97.3 91.6 88.1 84.7 82.6 79.5 78.3 78.5 78.2 77.5 75.5 72.2 67.8 58.6 54.5 58.4 54.6 52.5 48.3 42.9 39.8 39.7 38.8 32.7 27.6 21 17.1 17.7 18.6 21.6 32 34 36.7 44.9 50.9 48.3 44.3 47.7 51.7
67.4 74.8 79.2 87.9 93 96.7 98.1 96.8 98.5 105.2 104.8 104.7 106.8 106 110 109.8 110.9 114.7 119.9 124.4 125.5 125.1 131.4 122.6 126.7 130.4 129.4 129.6 126.5 123.4 127.9 128.4 124.2 120.6 118.9 114.1 111.5 111.1 111.6 111.2 108.2 112.4 106 110.5 108.4 106.2 106.1 106.7 105 103.1 97.2 92.4 88.3 83 77.2 75.7 74.5 74.5 75.8 75 73 70 65.6 56 55.4 58.2 56.1 53.9 47.9 43.4 38.8 39.5 36.8 30.8 27.1 20.8 18.1 17.1 18.3 17.9 28.1 31 35.9 40.8 47.8 47.1 41.9 45 47.5
69.9 76.9 79.1 89 95 97.8 100.7 98.2 103.7 102 101.4 100.6 103.4 103.7 106.7 110.6 109.5 113.7 120.7 121.4 121.9 121.5 122.5 117.5 122.2 132.9 128.6 127.4 124 122.5 125.9 124.4 119.2 116.7 113.8 111.7 113.2 114.7 112.7 113.1 110.7 115.9 113.7 111.8 109.2 107.3 109 111 108.6 102.4 96 90.5 85.7 81.1 76.8 71.9 70.4 69.7 71.7 70.2 66.4 66.3 62.8 53.7 55.6 58.8 58.5 52.9 46.1 42.8 39.5 37.4 32.9 28 24.1 20 18.1 16.1 18.7 18.3 22.2 27.5 35 39.3 43.1 43.3 41.2 42.6 44.3
71.4 74.9 80.2 86.5 94.2 97 103 99 99 99.1 102 99.7 100.7 103.4 109.4 109.6 109.2 113.2 117.2 119 122.4 125 113.5 113.4 114.6 126.9 126.3 127 122.1 120.5 120.3 119.7 115.2 112.1 114 117.2 118.6 116.7 114.5 116 119.2 118.3 115.9 112.4 109 108.1 111.1 112.3 108.8 102.1 93.9 88.8 84.9 83.4 80.3 75.6 74.7 75.7 69.4 67.8 61.7 61.3 59.5 53.6 54.4 57 55.6 51.1 44.7 41.7 36.9 37.5 35.5 32 22.8 18.6 17.9 16.1 18.4 17.9 20.8 25.8 33.2 37.9 40.1 39.1 40 41.1 46.8
70.7 72.8 81.4 84.6 92.5 96.6 100.6 98.1 96.3 97.5 97.2 93.8 99.7 105.2 109.1 109.7 105.8 108.2 113.1 117.9 122.8 121.6 118.7 111.3 111.6 120.6 121.7 123.8 123.6 115.6 115.5 113.1 109.6 112.7 117.9 122.3 125 124.3 121.8 120.1 122.1 120.1 116 112.1 109.6 110.2 112.3 113 108.9 99.6 91.7 87.2 88.2 91.3 88.2 84.6 84.4 80.8 76 72.8 64.5 56.4 54.2 54.6 54.3 55.8 51.5 44.8 43.2 41.2 39.3 37.7 31.3 27.9 23.7 18.8 16.8 17.3 18.6 18.2 20.1 26.1 30.4 35.6 37.4 35.3 39.7 40.4 43.6
70.7 71.8 79.3 82.6 88.6 93.2 95.9 94.7 91.9 90.6 90.3 92.5 101.3 105.9 108.1 108.7 106 105.2 113.2 117 120.9 120.9 119 110.6 111.7 113.5 115.9 117.4 116.6 109.6 111 106.6 108.3 114.4 118.4 124.7 129.7 127.5 126.4 122.3 119 117 118.5 110.5 109.9 110.8 112 112.5 106.8 99.6 95.4 93.5 98.1 100.1 99.4 95.6 90.2 86 79.9 74.4 67.9 60.5 54.2 52.7 51.4 51.1 48.5 48.4 46 43.6 40.4 38.3 35.2 33.6 23.6 18.2 16.3 18 18.3 18.5 19.7 21.2 25.4 28.6 37 37.9 39.5 40.1 45.5
73.6 71.5 74.1 80.4 85.6 88.7 91.5 90 87.3 88.3 92.9 101.5 105.3 104.9 108 107.6 102.6 109.7 112.2 117 121.3 121.6 116.9 111.3 113.7 108.5 109.4 111.3 110.4 105.2 106.7 108.7 114.9 120.2 122.2 123.4 126.2 127.4 130.1 124 118.9 116.3 115.9 109.6 109.1 110.5 112 111 104.7 103.5 100 101.8 107.7 109.6 108.6 104 95.6 90.7 83.5 75.9 68.1 60 55.6 53.9 55.6 55.1 53.2 49.7 46 45.3 42.1 39.5 39.7 41.9 32.3 20.2 14.6 17.5 17.6 17.9 18.5 20.9 29.4 31.4 34.8 37.8 39.2 39.7 43
77.2 70 73.8 80.5 82.5 84.6 86.9 85.2 83.5 92.3 100.3 102.5 105.5 105.8 108 103.7 102.6 107.1 111.8 118 121.4 117.4 113.9 108.5 110.5 105.9 103.9 104.5 105.3 102.9 106.1 114.4 115.6 120.5 124 126.4 127.3 126.6 128.8 128.7 121.2 117.9 114.3 109.7 109.4 110.5 111.9 110.2 106.7 107.7 105.4 110.1 115.6 116.3 112.2 107.5 98.6 93.5 87.2 76.5 69.1 59.4 55.3 55.6 57.1 55.9 53.9 49.8 46.3 43.7 44.3 42.5 44.7 44.2 32.1 26.4 15.2 17 17.1 17.3 17.9 26.8 29.6 30.9 33.4 38.1 38.1 39.7 44.6
76.3 70.4 71.7 78.5 79.7 81.1 82.2 80.5 89 95.5 96.9 101.2 104.2 102.8 103.8 103.5 104.7 108.3 112.5 118.5 119.2 112 110.1 104.6 104.4 105.3 99.8 99.7 100.7 106.1 112.8 116.1 117.3 119.7 123 125.8 127.5 126.5 126.1 130.8 121.6 118.7 116.2 109.7 110.1 111 111.7 110.6 110.9 111.6 113.7 116.3 121.4 119.4 115.2 111.3 98.1 94.4 87.3 76.9 69.2 58.5 56 58.3 57.4 57.3 55.8 51 46.6 46.2 45.4 43.4 44.8 41.2 31.6 24.3 16.2 16.5 16.9 16.9 17.4 19.2 23.5 29.7 31.9 34.6 36.6 38 41.2
74.7 71 72.2 73.7 77.4 78.4 78.7 79.4 89 93.1 98.4 99.8 102.2 104.1 104.7 102.6 108.6 110.6 111.2 115.6 110.5 105.3 101.9 101.2 100 101.9 98.3 98.4 102.6 108.3 115 116.6 119.8 120.9 121 125.1 127.8 125.7 124.7 126.4 120.9 117 113 110.1 110.4 111.3 111.6 111.5 114.9 118.4 119.9 119.2 121.9 119.5 116 108.5 96.5 92.6 85.1 75.7 68.7 57 56.4 60.7 61.2 61.4 58.4 54 51.4 50.6 48.6 45.1 42.9 37.8 31.6 24.1 15.4 17.2 16.9 16.7 17.1 17.4 18.8 31 32.5 35.8 36.9 37.6 42.7
74.1 73.1 69.7 72 74.4 76.5 79.7 81.1 89 90 96.6 100 98.3 102.2 102.4 105.6 106.4 107.3 110.7 109.6 104.2 98.7 99.3 97.9 95.7 97.4 97.8 99.2 107.5 112 116.2 116.9 120 122.2 122.7 123.4 131.2 124.6 122.7 123.4 118.2 116 113.3 112.2 112.5 112.4 115 116.9 120 123.5 123.2 120.2 121 117.4 113.8 104.5 94 91.5 83.3 74.1 66.1 56 57.4 62.2 62.4 63.2 60 57 56 53.8 51.2 47 40.3 38 31.4 24.5 13.8 17.2 17 16.7 17.3 17.5 17.2 28.3 35.4 36 36.5 37.3 41.4
72.1 74.5 69.4 70.5 73.5 75.5 79.5 80.3 86.2 88.7 94.1 98 101.9 100 100.8 101.9 103.7 104.9 106.3 104.2 98.9 94.6 96.5 95.8 91.8 95.3 101.7 102.3 109.1 114.7 120 119.1 121.8 124.8 124.5 126.8 128.8 123.6 120.9 119.7 115.9 114.4 113.2 115.6 116.8 116.4 118.6 121.8 124 124.3 121.8 120 118.3 114.3 109.4 100.7 90.5 90.2 81.9 71.4 60.9 57.7 58 62.3 62.7 63.2 59.9 59.7 58.6 55.1 50.3 46.6 41.5 37.4 30.3 20.4 13.1 17 16.9 16.8 17.2 17.1 16.5 18.6 34.7 35.6 36.2 36.7 41.9
67.1 75.1 69.4 70.2 73 75.7 77.4 81.2 84.4 87.3 90 96.8 98.4 100.3 98.4 96.9 102.2 101.8 101.7 97.2 95.6 91.3 91.4 90.8 90 97.8 102.6 103.1 110.4 117.7 119 119.8 123.3 125.1 123.6 126.3 127.2 123 119.7 118.6 113.9 115.2 118 119.8 121.1 120.3 122 125.6 124.5 123.3 120.5 118.6 115 110.8 105.3 95.9 87.8 88.4 80 68.8 58.8 57 59.1 61.4 62.1 61.9 58.9 57.9 56.5 52.9 49 45 40.7 37.1 28.7 19.3 13.2 16.8 16.8 16.5 16.4 16.2 15.8 15.7 31 34 35 36.5 43.9
63.3 72.6 69.6 68.7 72.5 77.1 75.7 78.9 80.7 85.4 89.1 95.3 97.5 97.7 96.9 96.2 99 97.8 97.7 90.8 87.9 86.2 88 88.6 89.4 94.8 102.7 105.9 112.1 116.5 118.3 122.1 123.9 125.6 123.6 124.3 127.9 120.7 123.3 124.2 117 121.5 123.2 124.8 124.2 124.2 126.7 125.3 122.8 120.3 117.8 114.8 111 106.4 100.2 91.1 85.3 85.3 78.4 67.7 60.2 57.4 61 59.9 60.6 59.6 57.5 56.9 53.8 49.7 45.6 41.9 38.6 32.7 26.2 18.4 13 16.8 16.4 16.2 16.1 15.9 15.8 15.7 20.2 32.4 34.9 36.5 43.7
61.9 69 70.5 69.1 71.1 73.4 75.2 75.7 78.6 82 87.3 91.3 91.8 91.3 94.7 93.6 93.7 93.4 91.4 84.6 85.7 88.7 91.7 94 90.8 94.6 99.8 105.5 111.6 115.8 117.3 121.3 123.4 125.7 124 124.7 127.2 119.6 121.3 121.8 120.4 125.7 127.5 127.7 125.1 126.6 126.5 123.7 120.8 117.5 114.4 111.5 107 100.7 95.8 87.4 82.6 83.5 76 68.8 63 61.7 62.1 62.4 60.2 57.5 55.4 54.7 51.5 47.3 43.3 39.3 35.5 27.8 25.2 16.5 13.1 16.4 16 15.9 15.7 15.6 15.5 15.5 16.6 31.6 34.2 36.6 47.5
59.8 66.3 68 69.1 71.9 71 75 74.9 75.5 77.7 80.8 83.3 85.2 87.5 88.3 89.6 86.4 86.6 82.8 84.8 89.4 90.3 92.9 96.4 92.8 95.2 98.5 104.8 111.5 114.7 116 120.5 122.2 123.8 124.6 120.9 124.5 118.3 120.7 120.4 123.4 127.3 128.7 127.9 126.2 127.3 124.4 121.6 117.9 114.2 111.6 107.4 101.9 95.6 91.8 83.5 80.2 82.5 74.3 69.4 64.2 63 65.6 64.3 57.7 54.7 53.8 52 49.2 45.1 40.6 35.7 31.3 29.5 22.5 15.4 12.8 15.8 15.7 15.6 15.5 15.4 15.3 15.2 15.6 31.2 34 41.8 49.9
58.8 64.3 67.8 67.1 69.4 67.9 73.2 73.6 73.3 74.5 74.9 77.5 78.8 82.3 80.3 82 79.7 81.5 80.8 86.1 90.3 89.6 91.3 94.1 93.7 97.6 97.1 102 109 112.6 114.4 118.4 120.9 122 121.4 119 121.1 117.5 120.4 119.2 125.9 128.5 128.8 127.7 126.9 126.8 123.7 118.6 114.5 111 107.1 103.3 97 91.4 87.4 80.9 79.2 80.6 72.7 68.4 64.3 64.7 68.3 64.1 56.7 52.7 52.4 49.9 46 41.3 36.7 32.3 29.5 28.9 22 15.5 12.4 15.7 15.4 15.3 15.2 15.1 15 15 15.6 30.7 35.8 43.5 50.6
56 63.2 64.7 67.4 69.5 67.6 70.1 70.1 70.2 71.6 72.1 71.9 73.8 75.6 75.9 77 75.4 76.4 79.1 84.7 87.1 87.8 93.2 94.1 94 96.3 96.2 100.6 105.8 109.4 110.3 116.3 121.6 120.7 120.3 115.7 117.3 115.8 117.1 120.8 126.7 128 128.1 127.3 126.6 125.8 121.2 115.9 111.6 108 103.5 99.2 94 89 83.2 78.8 78.6 76.7 71.5 67.1 63.6 66.2 69.4 62.7 54.8 50.9 49.7 47 42 37.2 32.4 29.7 29.2 28.9 15.9 15.3 12.3 15.7 15.1 15 14.9 14.7 14.6 14.4 15.8 30.3 35.8 43.6 50.7
56.1 61 62.3 66.4 66.9 65 66.7 66.7 67.9 68.8 69.8 69.1 67.4 68.3 69.2 69.2 70.6 72.9 75.6 81.8 86.1 86.6 93.2 96 93.9 96.7 96.5 97.6 102.1 104.8 107.3 113.4 116.4 117.6 115.6 113.5 114 114.8 116.8 126.9 127.5 127.9 126.7 126.3 125.4 124.1 119 113.4 109.2 105.5 100.6 96.6 90.6 86.8 80.8 77.2 77.3 75.2 70 65.3 63.8 66.9 68.3 59.2 51.2 48.3 46.3 43.1 38.7 33.7 29.3 28.6 28.8 21.6 14.9 14.8 13.1 15.3 14.9 14.6 14.4 14.2 14 13.8 21 36.8 39.6 44.8 50.9
50.3 55.9 60.3 62.3 63 62.8 63.9 65.6 66.9 67.2 67.5 64.7 63.8 61.6 60.3 62 65.5 68.1 71.3 77 80.9 86.3 91.4 93.7 95.9 96.4 97.4 96.3 98.2 101.1 104.3 109.4 113.3 113.8 113.1 112.6 120.1 118.3 122 129.2 128.5 127.8 126.1 125 123.5 121.1 116.9 111.4 106.5 102.4 98.4 95.3 87.8 83.2 78.5 75.9 77.1 73 68.2 63.2 64.2 66.2 64.9 54.2 47.6 45.2 43.4 40.5 37 32.9 29.1 27.7 23.5 16.1 14.5 14.5 11.8 14.9 14.5 14.2 13.9 13.7 13.5 14.3 34.2 41 41.5 45.4 50.4
42.2 49.9 56.7 58.4 60.1 61.3 61.4 64.6 66.5 67.7 67.5 65.7 62.8 59.6 55.2 55.1 60.8 64.1 67.1 71 75.4 83.3 89.3 92.5 93.2 94.7 100.3 97.7 97.4 98.3 99.8 104.5 112.1 109 114.1 118.3 123.2 126.7 129.6 132.6 131.7 130.1 127.7 126.8 122.9 118.9 114 109 105 100.2 95.6 91.8 85.7 81.3 76.9 75.8 76.8 70.3 66.9 61.1 64 65.7 61 51 44.8 42.4 40.4 36.9 34 29 27.5 26.2 19.9 14.7 14 14.4 13.7 14.2 14.1 13.9 13.6 13.3 12.9 29.8 41.6 43.6 44.7 46.4 50.8
35.4 43.6 52.6 56.1 58.6 59.5 59.8 63.4 67.8 69.1 69.4 69.7 68 65.1 59.2 53.2 57.9 62 64 67.8 69.8 76.8 84.3 90.5 91.7 95.1 98 97.5 97.1 98 99.5 102.1 107.4 113.1 117.3 123.2 129 130.8 133.5 135.7 134.3 133.5 131 128.1 121.7 117.3 112.6 107.1 103.2 97.7 93.7 90.1 84.5 79.9 76 75.6 75.5 69.3 64.7 60.3 62.5 64.6 55.1 47.2 42.6 40 36.6 32.1 29.8 27.1 26.5 22.4 14.7 13.8 13.9 12.8 14.2 14.1 13.9 13.6 13.4 13.1 13 29.2 41.5 43.4 43.8 46 49.4
30.8 39.6 48.6 53.1 55.4 56.6 58.3 62.8 69.5 68.7 72.5 73 70.9 67.9 62.3 55.3 51.7 56.9 61.6 65.9 66.9 71.8 79.1 86 88.4 90.9 94.5 96.4 101.2 101.6 104.9 109.2 112.7 118.7 123 127.8 131.7 134.3 137.4 139.6 139.8 138.4 132.6 127.5 120.7 116.2 111.2 105.5 100.8 96.5 92.4 87 81.6 77.5 75.4 75.9 72.9 67.6 62.3 59.3 61 61.2 49.7 43.6 40.3 37.7 34 28.6 27.1 26.2 23.7 18.5 14.8 13.6 13.8 11.5 14.1 13.9 13.6 13.3 13.1 12.8 12.6 19.8 39 40.7 42.3 44.7 47.3
27.1 35.3 44.2 49.8 52.1 53.5 56 62.3 66.7 68.2 73.5 73.8 71 68.4 63.6 56.1 48.2 52.9 58.8 63.1 64.3 72.1 75.1 80.7 85.3 87.5 92.5 99.7 103.8 108.5 109.2 111.7 116.6 121.8 126.6 131.2 134.2 137.9 141.4 143.6 143.3 141.6 132.9 126.2 119.5 115.3 109.3 104.7 99.6 94.6 90.6 85.3 80.3 76.1 75.1 74.1 70.5 65.8 61.4 58.4 58.2 57.3 46.4 41 38.2 34.8 30.8 25.6 21.7 20.1 20.4 21 18.5 13.9 13.2 13.2 13.6 13.7 13.4 13.2 12.9 12.7 12.4 13.6 34.4 38.3 39.4 41.7 44
