data/210000-900000.asc
ncols 200
nrows 200
xllcorner 210000
yllcorner 900000
cellsize 50
[rows 140 to 174 of 200, columns 79 to 157 of 200]
71.5 68.1 65.7 62.8 61.7 59.3 58.9 58.8 58.1 58 57.4 56.7 55 54.5 53.1 53.9 54.2 54.5 56 56.8 57.3 57.2 56.8 57.6 58.6 61.5 66.7 81.6 88.8 91.2 91.2 94.4 101.7 101.7 106.5 105.8 104.6 102.3 102.3 102.3 108.7 113.5 114 115.6 116.8 114.7 106.5 102 95.9 88.9 78.9 79.9 89.4 88.2 88.5 85.4 84.6 85.5 84.5 80.7 79.3 81 80.4 81 72.1 63.3 55.9 54.6 65.4 70 72.2 76.7 81.4 80.5 64.4 48.5 98.7 114.7 136.2
69 65.2 62.4 61.5 60.6 59.4 59.2 58.7 58.6 58.2 57.6 57.1 56.3 55.1 53 54.1 54.7 55.9 58.4 61.5 60.7 60.5 57.6 58.3 59.3 64.2 78.7 86.4 90.4 91.2 94.7 100.8 104.7 104.5 105 108 109.4 110.2 112.6 112.7 116.5 115.4 113.8 112.7 108.8 104.9 101.9 96.3 89.6 82.8 75.5 88.7 87.5 85.3 86.6 79.8 78 75.9 71.3 64.5 63.1 62.5 60.8 61.8 58 54.5 47.1 51 59 64.4 61.4 62.1 65.8 65 44 60.2 88.3 101.1 120.1
63.1 60.2 60.2 59.4 58.6 59.1 58.6 58.2 58.3 58.3 57.8 57.3 56.5 55.3 51.9 54 56.2 59.2 62.4 64.4 65.3 65.6 60.5 59.1 61.1 72.9 83 87.4 90.3 93.6 102.3 105.9 109.2 106.7 108.6 111 112.4 115.1 116.2 119.7 114.8 111.2 107.5 104.3 101.5 96.4 92.3 87.6 83.1 77.7 81.4 82.2 79.6 75.1 71.5 71.1 70 67.6 59.4 48.8 47 45.1 38.4 37.7 36 36.1 36.1 35 37.3 44.3 45.6 47.8 49 47.7 33.9 54.8 69.2 87 104.2
57.4 57.4 57.4 57.2 57.4 58 58.1 57.7 57.9 58.1 57.9 57.4 55.7 54.7 55 59.1 62.2 64.1 65.3 66.1 67.4 67.9 63.7 63.5 71.2 78.1 83.7 88.2 94.4 104.2 106.6 108 108.3 108.1 110 110.7 111.4 114.6 114 112.9 108.9 105.5 102 99.9 94.3 88.9 85.1 80.6 75.2 69.3 75.1 73.3 70.9 69.2 67.5 64.2 59.6 56.5 48.6 44 39.9 32.7 25.8 26.4 28.7 31.1 32.7 32.5 33.3 37.7 41 48.6 42.4 35.8 30.6 47.2 56.7 68.2 80.6
54.6 54.6 55 55.5 56.3 56.9 57.5 57.3 57.5 57.7 57.8 55.7 53.9 55.3 59 62.4 64.3 65.6 66.8 68.7 71.7 73.2 70.6 74.3 76.6 83.3 86.1 91 104 106.2 112.5 106.9 106.3 106.3 108.1 109.7 109.2 108.5 106.7 105.4 103 99.3 94.2 90.9 86.2 82.7 79.4 76.4 73.9 67.3 65.7 69.8 68.6 65.6 63.5 59.8 55.1 47.6 42.7 40.1 34.1 25.9 24.9 25.7 27.1 30.1 29.9 35.7 36.5 32.1 34.9 35 32.1 28.8 38.2 49.2 47.5 50.7 59.2
52.2 52.7 53.2 53.3 54.9 55.5 56.3 56.8 56.7 56.6 55.9 51.9 55.5 59.3 61.8 63.5 65.3 67 70.4 73.1 76 77.9 78.6 78.9 83.7 87.4 91.1 98.8 104.5 108.2 106.8 104.7 104.7 104.6 106 105.6 104.6 102.2 99.6 94.8 92.4 88.1 83 80.6 78.2 76.3 74.2 70 68.9 51.9 60.6 62.9 56.3 54.7 56.5 55.1 48.5 40.9 37.6 30.8 25.4 25.2 24.6 26.4 27.5 27.4 28.4 35.2 31.5 28.7 27.9 27.5 30.7 40.6 46 50.8 49.4 47.8 49.2
51.3 51.1 51.3 51.4 52.8 51.7 52.6 54.6 55.2 54.7 51.9 56.5 59.5 61.1 62.7 65.8 68 71 74.8 77.5 80.2 80.7 80.8 85.9 87.7 89.7 94.8 101.8 103.6 106.3 105.1 104 102.9 102.3 103.4 102.9 100.9 96.5 90.7 84.2 80.6 77.3 75.1 72.9 70.3 68 66.4 63.4 61.8 49.8 51.2 51.1 45.1 44.7 47.9 43.7 38.5 32.8 24.1 24.2 24.6 25 24.3 24.6 26.2 26.2 27 25.3 27.7 28.3 29 29.6 31.8 54.5 53.7 48.8 47.9 47.9 45.8
51 50.9 50.9 52.2 50.4 49.1 50.8 51.9 53.6 51.5 56.6 59 60.8 62.3 63.8 66.9 70.1 73.8 77.6 80.6 82.3 83.5 85.9 89.5 91.6 92.9 98.5 102.6 103.2 104.1 104.4 103.2 100.6 99.2 96.8 93.9 90.6 86 81 77.1 74 71 68.3 65.4 62.8 60.5 58.7 56.4 54.6 44.3 36.7 38.4 35.5 33.7 36.4 30.3 27.5 23.4 23.5 23.8 24.2 24.6 24.8 25.3 25.9 26.6 26.6 26.8 27.4 28 28.6 28.7 30.2 46 54.2 53.7 52 50.1 48.3
48.9 48.6 46.3 50.6 50.3 51.6 51.1 49.8 52.1 55 58.1 60.5 61.9 63.2 65.7 68.9 72.1 75.5 79.5 82 83.1 87.5 90 92.3 93.5 97.9 101.3 101.4 101.3 103.1 103.6 100.8 97.2 92.9 89.1 85.7 82.1 78.2 74.7 71.6 68.7 65 62.3 57.4 55.2 53 50.4 47.3 43.6 35.7 29.4 26.1 26.1 24.6 23 21.2 23.1 23 23.2 23.5 23.7 24.1 24.5 25.1 25.7 26.4 26.3 26.5 27.1 27.7 28.2 28.3 30.7 40.3 52.5 54.6 53 51 50.7
47.6 51.1 52.1 51.1 51.9 49.2 51.7 52.6 53.5 56.1 60.1 61.4 62.6 64.6 67.8 71 74.2 77.3 80.5 82.2 87.3 90.9 93 95 97.5 100.2 101.1 99.9 99.1 98.5 99.3 95.9 92.6 87.6 82.6 78.1 74.8 71.4 68.8 66.1 63 59.2 56.2 50.8 47.1 41.9 37.7 33.8 28.7 24.5 25 23.5 21.9 21.5 22.6 22.6 22.7 22.7 22.8 23.1 23.3 23.8 24.3 24.9 25.5 26.1 26.1 26.4 26.9 27.4 27.8 28.1 39.7 46 52.7 55.2 53.9 52 52.9
50.9 49.4 47.7 48.4 51.9 52.7 53.1 54.5 55.8 60.4 61.5 62.4 63.4 66.6 69.8 73.1 76.3 79.3 83.5 86.3 93.2 93.5 95.6 97.8 99 100.1 100 98.5 95.6 97.2 95 91.3 87.3 82.3 77.5 73.3 70 66.5 62.5 57.6 53.6 50.3 47.3 41.8 36.3 26.4 23.9 22.4 22.2 22.7 23.4 22.3 20.3 22 22.1 22.2 22.2 22.3 22.4 22.6 23.1 23.7 24.2 24.8 25.4 25.9 25.9 26.3 26.8 27.2 27.3 26.8 39.5 47.5 50 53.5 54.7 55.1 55
55 55.9 55.3 52.9 53.7 54 54.9 56.8 59.4 61.3 61.8 63.3 66 69.1 72.2 75.2 77.9 80.6 84.8 94.8 95.7 95.7 98.6 99.7 100.2 99.8 98.5 95.7 92.6 94.6 90.7 86.6 82 77.3 72.7 68.5 65.1 61.8 56 47 40.1 38 35.3 31.7 27.3 23.5 22.1 21.6 21.5 21.5 21.7 21.4 21.4 21.5 21.6 21.7 21.7 21.8 21.9 22.4 23.2 23.6 24.3 24.6 25.2 25.6 25.8 26.2 26.4 26.8 27 42.2 45.8 48.4 52.6 52.3 54.6 57.3 57.7
59.2 57.2 55.9 54.7 54.9 55.6 56.7 58.6 60.4 61.9 62.1 64.5 66.8 70.8 73.8 76.1 79.4 81.5 96 96.5 96.9 97.7 100.4 100.8 100.4 98.8 96.6 94 89.7 90.5 86.3 81.5 77.1 72.5 67.9 63.8 60.3 55.8 47.5 35.2 28.6 30.9 28.6 27.5 25.4 23.8 22 21.2 21 20.9 20.7 20.8 21.1 21.1 21.2 21.2 21.2 20.8 22.7 22.3 23.2 23.5 24.1 24.8 25 25.4 24.3 31.6 41.4 52.4 44.5 56.5 57.3 55 50.8 55.3 56.3 57.5 57.9
54.6 53.2 54.5 55.6 56.3 57.4 58.6 60.5 61.8 62 62.3 64.5 66.8 71.2 74.4 77.9 81.8 95.3 98.9 98.6 98.4 99.5 102 102.2 98.3 95.6 93.5 89.4 85.2 85.4 81 75.7 71.4 67.3 63 58.8 52.7 47.3 34.9 27.4 27.1 28.3 27.8 27.3 26.8 25.9 21.7 20.7 20.5 20.9 20.6 20.6 20.7 20.7 20.7 21.1 23.2 30.3 30.1 28.4 26.6 32.4 32 32.6 37.6 47.4 54.4 56.3 55.4 57.6 53.1 58.2 59.9 57.4 51.2 52.5 54.3 59.5 59.4
50.4 51.3 53.3 56.9 59.1 60.3 60.5 60.1 61.2 61.4 63 64.5 67 71.6 75.8 81.3 88.6 95.2 99.1 100.2 101 101.3 102.1 100.3 95.9 91 89.1 84.1 78 78.1 74 69.9 65.4 61.3 55.4 49.9 43.8 35.4 26.2 26.2 27.4 28.1 27.8 27.7 29.6 26.4 20.7 19.9 20.6 20.5 19.6 20.7 20.6 20.7 21.1 40.2 53.8 48.3 43.7 42.6 41.1 41.2 46.3 54.6 58.6 65.3 72.7 73.5 69.8 59.7 58.2 63 62.9 62.4 60.2 58.7 57.9 54.9 55.7
47.8 49.5 54.6 58 56.8 57.2 56.3 58.1 60.6 62.2 63.9 65.5 71.1 75 78.5 83.5 93 98.1 98.7 99.8 101 100.9 99.3 95.7 93 88.8 83.3 78.2 72.4 73.4 67.9 63.2 57.1 51.7 47 41 32 25 25.8 27.6 27.4 28.1 27.6 25.6 27.9 22 18.8 20.3 21.1 21.5 21.5 21 21.1 21.4 45.1 63.3 66.6 60.9 56.9 55.3 55.5 53.8 65.5 73.1 75.6 76.9 77 77.4 73.5 67.5 71.9 70.2 68.6 68.8 67.7 66.4 66.1 63.3 60.4
46.8 49.1 50.7 52.1 53.2 53.5 57.9 60.5 63.2 63.6 65.2 69.6 74.3 78.5 80.8 88.7 99 101.1 100.8 101.3 101.2 99.5 95.7 92.1 87.8 81.2 75.9 71.3 68.4 65.4 61.2 53.9 47.4 43.5 35 29.4 24.4 24.8 25.7 26.9 27.1 27.7 27.7 23.2 22.2 19.3 23.6 24 24 22.3 22.7 22 23.8 38 52.8 63.2 70.9 71.6 70.7 70.5 63.3 65.8 74.4 76.3 77.4 77.2 79.3 74.5 72.7 72.5 78.4 75.8 74.7 75.7 74.1 73.1 72.3 69.2 65.7
46.1 47.9 49.6 50.3 53.3 58.2 61.1 64.3 65.1 65.7 68.9 74.3 79.4 82.7 95.8 102.9 103 102.2 101.4 100.3 98.5 95.3 91.1 86.3 81.7 73.1 70.3 67 64.1 58.3 52.7 45 38.7 31.8 25.7 24.1 24 24.5 25 25.7 26 26.3 24.4 20 19.7 24.5 25.2 25.3 25.3 24.4 24 30.6 40.2 49.3 60.3 63.9 66.5 68 71 66.1 66.7 72.9 76.4 77.4 77.3 77.2 76.9 75.5 75.2 79.8 83.6 81.8 83.8 81.3 80.8 79.5 77.2 73.5 68.5
47.1 48.5 50 54.4 60.7 64.9 65.3 65.5 66 69.8 74 80.1 86.2 93 101.5 102.2 102.7 101.2 99.8 96.6 94.3 90.5 86.2 79.4 73.9 67.7 64.6 61.7 58.2 48.7 40.4 31.9 27.9 24.7 24 23.7 23.6 24 24.5 24.4 24.3 24.4 20.4 21.5 22.3 23.8 24.9 25.2 25.9 25.7 31.1 42.5 56.2 63.8 68.1 65.4 64.6 65.3 63.6 62.2 66.1 71.1 78.6 80.2 82.7 81.6 78.2 76.3 80.7 87.8 88.2 89.5 88.6 86.8 85.8 84.9 82.1 78.7 74.7
48.2 49.5 56.8 63.7 65.8 65.4 65 65.9 68.8 73.6 77 81.5 89.1 97.5 102.7 103.9 99.4 96.8 94.6 89.8 87.6 83.5 76 72.8 67.8 61.3 58.6 55.3 45.2 37.6 30.7 28.4 25.5 23.7 23.4 23.1 23.2 23.4 24 23.6 23 22.9 18.5 22.3 24.2 24.4 25.1 25.5 26.5 27.5 31.8 51.3 59.7 60.9 60.9 61 63.7 66.7 64.3 69.5 74.6 69.7 71.2 75.2 78 80.6 73.7 79.6 86.3 88.7 90.1 92.2 90.7 90.6 90.2 89.7 88.2 84.3 80.9
49 54.5 60.5 63 64 64.3 65.5 68.2 71 74.5 77.4 83.3 91.7 101.2 101.8 97.8 92.9 90.2 87.1 81.9 78.1 74.2 70.4 65.7 61.8 57.8 52.7 45 38.7 34.3 28 26 23.7 22.9 22.6 22.1 21.9 22.4 23.3 22.7 21.4 20 18.5 23.2 24 25.2 26 28 28.8 28.6 42 52.2 54 55.2 54 56.2 59.2 58.2 56.7 63.2 60.7 60.1 61.9 62.9 66.1 67.9 71.2 80.4 86.1 88 89.5 91.8 91.9 91.4 91.4 91.7 91.2 88.4 84.2
49.5 56.8 59.7 61 61.8 62.6 64.5 67.3 69.9 73.6 74.8 84.9 87.2 91.1 90.5 87.5 85.9 82.8 79.3 73.4 68.4 67.5 63.6 59.2 54.3 52.7 49.3 43.4 35.7 31.1 26.6 24.1 22.9 22.2 21.8 20.7 20.8 20.8 20.9 19 19.9 19.9 23.2 25.4 24 26.5 28.4 30.9 36.7 41.3 34.4 49.2 51.9 52.9 52.5 52.5 53.2 53.5 55.1 56.3 57.2 58.6 59.8 62.7 63.8 66.2 71.2 82.6 85.5 87.3 88.9 90.6 91.2 91 91.3 92.1 92.3 91.3 85.2
51.9 58.3 57.8 59.3 60.4 61.2 62.1 65.3 68 70.9 74.4 80.2 80 78.8 81.1 82.1 78.4 73.6 70.5 64.7 63.2 62.3 59.5 53.7 47.3 45.6 41.3 39.1 32.6 28.3 26.2 25.6 21.2 21.1 20.4 19.5 19.5 19.3 19.2 19.8 21 22.7 25.7 27.9 27.9 27.9 30.1 36 42 47.1 51.7 53.6 56.3 60 61.2 62.1 61.3 63.8 64.4 62.6 59.1 73.6 70.7 72.2 65.6 66.3 75.1 81.1 83 86.6 86.7 86.9 86.8 90.7 89.5 92.7 93.2 91.9 90.8
52.4 53.2 55.2 56.9 58.1 59.4 60.6 62.9 64.9 66.7 69.1 71 71.1 72.1 77 74.4 70.2 63.4 60.2 57.2 52.7 55.6 52.7 45.6 40.1 37.4 35.1 33.2 29.5 26.4 25 23.3 19.5 19 18.4 18.7 18.5 18 22.9 25.6 24.1 25.3 33.9 33.3 36.4 35.9 37.2 44.3 50.4 54.9 58.9 60.2 64.6 67.8 69 71.1 72.9 71.6 73.9 74.3 76 77 78.4 72.8 73.4 74 72.3 78.5 86.3 84.6 87.1 93.5 93.6 93.5 93.4 92.5 93.6 93.1 86.8
49.3 50.5 52.6 54.5 55.8 57 58.2 59.5 61.5 62.5 64.2 64.4 64.4 71.2 72.9 66.3 61.3 54 50.9 48.1 46.2 45.8 43.9 39.8 35.7 32.2 30.9 29.7 26.1 22.1 21.4 19.5 18.1 15.8 18.6 20.4 21.9 24.6 32.8 29.9 28.2 35.9 41 44.9 46.9 50.8 57.5 60.9 62.3 67.8 69.9 73.1 74.6 75.1 78.4 81.2 82.7 83.3 82.4 82.9 82.7 83.8 84.2 80.4 79 72.4 77.5 83 80.5 91.6 96.7 97.1 95.8 96.5 95.9 93.6 94.9 94.2 87.5
47.8 48 50 52 53.4 54.5 55.4 56.5 58.4 58.9 59.9 60.6 66.8 63.3 59.6 57.5 49.4 44.3 43.9 37.5 37.3 36.8 36.3 35 31.3 27.5 25.8 24.3 20.5 18.1 17.3 17.9 17.6 18.5 22 24.4 29.5 37 37.5 34.1 34.8 44.8 52.7 54.8 54.9 62.7 67.6 72 76.8 82.3 84.2 84.9 85.5 86.1 89.1 91.1 90.7 92.1 90 89.3 88.5 90.1 88.6 92.3 94.1 91.3 86.7 93.8 87.5 96.9 100 99.8 98.5 98.1 96.7 96.4 96.3 95.9 95.7
46.2 48 48.9 49.7 50.9 51.7 52.6 53.7 54.9 53.7 59.1 63.8 58.8 52.7 47 43 38.6 38.1 37.6 34.3 30.7 29.8 29.1 29.1 24.4 23.7 22.5 20.3 18.8 16.5 16.8 17.3 18.1 23 30.2 35.5 37.7 36.8 39.7 44.7 57 60 64 60.1 62.6 72.4 77 82.5 85.1 88 91.4 92.5 93.8 94.7 96.3 99.7 99.4 101.1 100.4 97.9 96.4 99.5 99.1 99.4 100.2 98.2 100.9 95 92.7 98.6 100.4 100 99.5 99.2 98.1 97.4 97.1 96.5 96.4
45.8 47.9 48.4 47.2 47 48.6 49.6 48.6 46.5 46.6 49.7 52.1 38.1 40.2 36.2 34.8 35.1 32.1 28 27.7 23.4 22.1 22.2 18.6 16.1 17.9 20 16.8 16.2 16.4 16.2 15.2 19.3 33 33.7 37.4 36.9 48 50.3 64.5 70.7 70.5 71.9 71.1 75.3 80.7 88.1 88.9 91.5 94.7 97.7 99.6 101.6 103.2 105 107.7 108.5 110.1 110 109.7 109.3 109.5 110.2 107.4 106.6 105.1 105 103.3 100.6 99.6 100.5 100.2 99.3 99.7 99 98 97.8 99.4 97.6
44.5 45.8 44 43.2 42.5 43.8 42 39.9 40.4 36.5 37.7 37.2 35.6 35.9 32.8 31 31.4 24.2 24.4 17.8 17.5 15.6 13.1 14.8 15.3 14 14 15.7 15.9 15.2 15.2 20 28 33.9 35.3 42.1 57.3 58.8 67 74.4 79.6 82.2 81.2 81.8 84.8 87.4 92.6 94.3 97.4 101.1 104.3 108.5 111.4 111.9 113.7 115.3 117.1 118.7 118.3 119 119.3 118.3 115.6 114.8 114.3 112.8 111.2 110.4 110.2 108.9 114.9 116.2 115.3 118.4 114.8 112.5 112.2 111.3 116.3
41.3 39.1 39.3 38.7 37 34 31.7 31 31.4 27.5 28.2 31.4 34.1 34.8 29.6 23.6 22.4 18.2 16.8 14.8 13.1 14.9 16 16.4 15.2 15.3 15.4 15.8 16.1 17.7 20.1 21.7 29.1 26 43.4 57 63.7 69.5 78.7 86.8 90.4 92.3 91.1 91.8 93.3 93.9 99.1 101.5 105.5 109 113.7 117.7 120.1 120.4 121 123.6 125.6 126.5 126.2 126 126.3 125.8 121 122.3 122.9 120.7 119.6 119.9 122.4 125.5 128 134.4 133.8 132.9 130.3 126.5 127.5 125.9 123
35.8 35.6 34.2 31.5 28.3 25.1 21.9 20.7 20.2 23 33 39.2 35.2 28.9 22.5 17.9 16.4 14.9 14.5 13.2 15.1 16.7 17.3 17 15.4 15.5 15.9 17.7 18.9 20.3 20.9 22.9 27.9 42.8 54 64.4 76 84.3 91.2 96.7 99.8 101.3 101.1 100.7 101.8 103.7 106.9 111.5 112.5 118.7 123.2 126.6 128.3 130.2 130.6 126.6 135.4 135.5 136.8 137.6 137.6 136.5 134.9 134.5 133.9 133.5 133.2 134.7 134.1 135.2 127.7 142.1 146.7 147.6 147.3 146.2 145.3 142.8 140.3
30.9 29.2 25.8 23 19.8 17.9 18.3 19.4 22 33.1 37.7 33.5 27.8 19.1 17 16.5 14.9 14.1 14.1 14.1 15.4 16.8 17.4 17.2 17.6 17.6 18.5 18.7 19.4 20.7 20.7 27.7 40.6 54.1 67.5 76.6 88.3 94.5 99.8 102.8 103.5 105.2 107.4 107.2 108.9 110.8 114.1 118 120.4 128.4 132.2 134.7 137.1 139.4 140.5 138.1 143 146.9 149 150.1 152.1 149.9 146.1 145.1 144.6 144.5 143.9 144 142.8 141.1 134.6 135.7 144.1 149.4 153.2 155 155.2 152.7 147.7
24.7 18.7 14.9 13.8 16.2 16.5 17.2 19.9 28.7 35.6 29.7 21.7 17.3 15.2 15.2 15.1 13.7 13.8 13.9 13.8 14.9 16.1 16.6 17.1 17.2 17.3 18.6 19.2 19.7 20.6 23.7 34.8 45 60.3 75.5 88.6 97.6 101.4 105.4 108.1 107.2 109.3 112.3 114.1 116.4 118 119.4 122.4 124.8 133.5 138.9 143.2 145.6 147.6 150.4 147.7 153.5 156.2 159.8 161.3 162.5 162.2 163.2 161.5 160.4 158.2 157.2 154.6 151.1 149.3 146.9 141 138.4 139.5 139.4 151 155.8 155.5 154.6
16.5 12.1 11.1 11.9 14.8 15 18 21.5 24.4 23.5 18.4 12.5 14.9 11 13.5 13.6 12.3 13.8 13.7 13.4 14.1 15.2 15.5 16 17 16.4 17.6 19 21 23.6 35.7 39.9 48.3 66.6 82.6 97.8 103.9 104.5 106.9 112.5 113 116.4 119.3 125.9 126.5 126.6 129.5 135 136 136.9 148.7 151.3 152.9 156.9 157.8 157.4 161.9 164.9 168.8 172.8 178.5 182 177.5 174.8 173.6 171.9 170.9 170.7 168.8 166.8 161.1 157 156.2 152.6 149.1 145.3 147.6 157.3 160
12.8 10.9 10.2 10.1 16.1 17.7 18.1 18.5 17.9 16.7 12.6 13 14.7 13.1 14 14.1 13.2 13.9 13.6 13.1 13.3 14.3 14.4 15 16 16.8 18.4 20.3 22.4 27.3 31.5 38.1 47.9 59.3 77.5 92.3 94.1 101.9 106.2 109.9 117 124.9 131.4 136.5 138.4 142.1 149.3 151.4 152.4 150.5 161.1 159.7 163.5 168.7 169 164.4 172.1 177.4 182.5 189.6 195.4 194.4 189.3 184.8 185.3 186.2 188.3 189.1 186.3 191.3 188.1 187.1 178.1 167.2 160.8 156.5 152.6 150.4 155.9
