data/210000-570000.asc
ncols 200
nrows 200
xllcorner 210000
yllcorner 570000
cellsize 50
[rows 70 to 104 of 200, columns 78 to 155 of 200]
254.9 257.3 260.9 259.9 257.4 253.9 248.2 250.1 251.7 253.5 253 254 256.2 261.1 266.9 272.3 277.5 282.3 288.3 294.6 298.7 300.7 301.5 301.5 302.1 301.2 300.1 298.2 293.6 288.4 285.1 280.8 276.4 275.5 268 264 258.6 254.2 251.7 251 250.1 249.9 252.5 257.6 261.7 265.5 270.2 272.9 275.3 276.3 276.7 279.2 281.4 281.7 280 278.3 276.1 273.3 270.6 265.7 259.7 256.3 251.8 250.5 248 245.9 242.9 239.4 237.2 235.3 233.5 230.4 225.6 221.6 219.4 215.5 209.1 203.5
255 258.3 261.5 260.6 256.4 251 245.3 248.2 249.7 251 251.6 252.6 255.1 260.7 265.5 269.6 274.7 280.3 285.9 289.9 293.9 296.5 297.1 297.3 298.4 297.5 296 293.7 290.4 286.6 282.6 277.1 270.8 267.7 262.4 259.8 256.9 252.2 247.7 247.9 249.6 250.7 253.6 258.6 263.3 266.2 271.5 274.6 276.6 278 280.1 283.3 285.1 284.6 283.4 281.5 279.3 276.2 272.4 267.6 261.9 257.2 253.5 250.3 246.6 244 241.2 238.9 237.1 234.6 231.9 228.8 224.2 221.4 218.1 211.9 205.3 202.9
254.9 258.4 260.4 258.5 253.8 247.6 242.9 246 248.2 247.2 249.7 251.6 254.7 259.8 265.2 269.1 273 277.9 282.8 286.5 290 292.7 292.6 294.5 294.3 292.9 291.9 290 287.4 284.4 280.8 275.9 267.4 261.1 259.4 257.9 254.5 251.7 248 245.6 247.4 249.8 254.4 259 263.6 266.6 271.1 274.7 277.1 279.2 282.5 285.9 286.3 285.8 286.4 283.7 281.1 277.6 273.2 268.4 263.4 257.9 254 249.8 245.4 242.9 240 238.4 235.7 233.2 230.6 227.6 223.3 217.7 214.1 210 206.9 204.1
254.2 257.5 258 255.9 251 245.4 244.1 239.8 244 247.1 249.2 253.5 258.9 261.5 264.1 267.8 271.6 275.1 279.2 282.6 286.3 287.9 289.1 290.4 289.7 288.3 288 286.2 284.9 283 278.9 273 267.2 258 257.1 254.8 253.9 253.3 252.8 252.7 244.1 249.4 254 258.7 263.5 267.4 271.3 274.9 277.7 280 283.1 286.2 286.7 286.2 287.3 283.8 280.7 277.6 273.4 268.9 264.4 258.2 254.9 250.3 245.1 242.7 239.6 237 233.7 231.5 228.9 226.6 222.8 217.5 213.8 209.5 206.9 203.6
253.8 254.5 254.6 251.8 247.4 243.7 243 236.8 244.9 245.2 248.9 255.5 260.4 261.8 261.7 265 268.6 272.3 277.2 282.1 284.1 283.5 284.8 285.9 285.1 284 283 280.8 281 278.8 275.3 269.8 260.9 255.9 253.9 253.1 253.2 253.3 253.3 252.3 242.9 249.7 254.3 259.1 264.3 268.6 271.9 274.6 277.3 279.7 282.1 285.2 286.2 286.1 285.5 282.9 280 277.2 273.7 269.3 264.8 258.7 253 248.8 245.1 242.6 239.4 235.6 232.4 229.8 227.4 224.3 220.7 216.8 212.7 208.6 205.2 201.8
252.1 251.8 249.9 247.8 244.7 241.9 240.9 237.7 239.9 244.2 249.3 255.3 259.2 258.7 256.7 260.4 265.1 270.3 275.5 280.1 280.4 279.9 280.3 281.2 280.8 279.7 278.9 275.4 274.7 272.9 269.7 265.8 256.7 253 251.3 251.1 251.9 252.8 253.8 249.6 243.3 250.5 254.7 260 264.9 269.4 271.4 273.6 275.7 277.9 279.9 283 279.2 280.4 283.2 281.6 278.8 276.3 273.5 269.6 265.1 260.1 255.4 249.3 245 242.1 238.3 234.6 230.7 227.9 225.3 221.7 218.9 215 210.6 206.8 203.3 199.9
248.3 246.8 245.9 244.3 241.7 240.5 239.8 237 233.8 243.1 248.1 253.9 256.3 253.8 250.6 254.3 260.1 265.5 270.9 274.5 275.4 276.2 276.8 277.4 276.9 276.5 274.9 271.3 269.8 267.1 264.2 261.5 254.7 252.1 247.6 247.9 250.6 253.6 252.5 246.3 243.4 251.1 255.1 260 265.2 269.2 270.4 272 273.7 275.9 276.5 275.5 273.7 275.3 281.2 279.6 277.5 275.4 272.7 269.6 265.7 259.7 255.6 250.9 246.2 240.6 235.8 232.1 229.2 226.7 223.1 220.8 217.6 212.2 209 205.2 201.5 199.5
243.1 242.2 241.7 241 240.8 241 241.2 241.7 233.9 241.3 245.8 251 251.6 248.8 243.6 249 255.2 260.2 265.8 268.9 270.9 272 272.9 273.5 274 273.3 271.2 270 266.6 264 261.8 259.1 254.4 252.2 248.8 246.1 249.3 252 249.1 243.5 240.4 248.9 254.6 260.5 266.6 268.4 268.6 269.5 271.6 273 274.3 276.5 279 279 278.4 277.7 276.1 273.7 271.2 268.5 264.1 259.7 255.6 251.8 247.6 241.7 234.2 233 229.2 225.2 222.1 220.5 216.7 209.8 206.9 204.3 201.2 198.9
239.9 239.6 239.9 239.9 241.1 243.1 244 241.5 230.7 236.9 242.3 245.9 244.9 241.4 240.4 245.6 252.1 256.3 260.9 264.5 267 269.1 269.2 270.4 271.7 269.9 268.5 268 265.3 262.8 259.7 257.6 254.3 253 249.6 240.9 248.5 249.4 246 239.5 239.5 248.2 254.1 260.9 265.1 266.3 266.5 267.3 269.4 271.8 273.1 274.5 274.9 275.4 274.9 274.4 273.3 270.7 268.9 265.7 260.8 258 253.3 250.5 247.9 243.3 235.5 231.3 227.9 224 221.4 219.6 215.8 210.5 206.4 203.7 200.9 198.8
238.4 238.5 239.1 238.9 241.2 244.3 242.6 238.4 229.5 231.8 236.1 236.8 236.4 234.9 237.6 243.6 248.9 254 257.7 260.6 263.4 265.6 265.5 268.3 269.2 268.8 265.8 265.4 263.6 260.8 255.7 253.4 252.2 251.1 249.2 238.4 245.4 246.6 244.4 234.6 241.4 248.1 254.1 259.5 261.8 262 263 264 266.6 269 270.6 271.2 270.9 271.1 271.1 270.4 268.3 266.6 265 261.7 257.9 254.8 250.7 250.2 248 242.5 234.8 229.7 226.1 223.1 220.7 218.6 214.9 209.8 206.1 203.3 200.9 198.6
237.8 237.9 238.3 238.7 241 241.2 237.2 231.9 226.8 227.7 228.4 230 230.9 234.2 237.3 240.9 245.9 251.4 254.9 257.2 260.1 262.3 265.1 266.3 267.4 266 263.8 262.2 260.2 257 252.2 249.9 248 245.8 241.7 235.6 242.4 244.8 243.4 233 240.9 247.2 252.1 255.8 256.1 257.4 258.8 261 263.6 266.5 267.9 267.4 266.9 267.2 266.7 266.2 264.9 263.4 260.7 257.5 254.1 250.7 247.6 248 245.8 240.2 234.2 229.1 224.9 221.3 219.3 216.7 213 208.9 205.2 202.9 200.6 198.2
238.5 237 237.2 238.7 239.8 237.1 229.1 227 224.9 225.9 226.9 227.6 230.7 234 236.4 239.6 241.9 248 253.2 255.4 259.5 261.8 263.6 264.7 264.5 262.9 260.7 260.3 258.2 252.4 249.3 245.7 243.6 238.4 232 236.3 241 243.7 240 230.8 238.8 244.9 247.4 249.3 249.7 252.1 254.8 259 261.1 263.9 265.4 264.6 263.8 263.9 263.6 263.2 261.5 259.4 257.2 253.2 249.8 246.5 244.8 244.8 243.4 237.5 232.3 227.2 222.5 219.7 217.2 214.3 211.7 207.2 204.4 202.3 200 197.9
240.2 237.9 235.8 239.4 237.1 230.8 226.4 224.3 223.8 224.8 225.8 226.9 229.5 231.4 233.2 237.6 244.2 250.5 255 257.1 258.9 260.3 261.8 262 261.7 259.9 258.1 257.6 254 249.3 245.1 242 238.3 233.5 229.3 235.8 239.9 239 234.6 228.7 235 239.2 240.5 243.1 245.1 250.3 254.2 258.2 260.6 262.2 262.6 261.9 260.9 260.2 260.1 259.6 257.6 255.3 252.2 248.5 245.1 242.5 241.5 242 239.2 235.1 229.9 224.8 220.3 217.9 215.4 212.3 209.7 206.5 203.6 201.7 199.2 197.5
242.4 238.8 233.7 237.3 231.9 225 222.5 222.8 223.6 224.3 225.3 226.8 227.7 228.8 234.5 242.2 246.2 250.1 254.1 255.4 256.2 257.9 259.5 259.5 258.9 257.1 254.7 253.5 250.2 247 239.4 236.2 232 229.3 227.7 234.2 236.2 233.4 228.3 228.4 230.5 232.1 233.5 236.4 243.8 248.3 251.8 256.7 259.6 260.6 261.1 260.1 258.2 257.5 256.2 255.5 254 250.6 246.9 242.4 240.7 239.5 239.8 239.3 235.7 232.7 227.6 223.1 219.1 216.2 213.4 211.2 209.2 205.8 203.2 200.6 198.5 197.2
241.2 237.8 232.2 229.1 225.6 223.4 221 222.1 223 223.9 224.8 226.7 227.2 229.1 237.1 242.5 247.2 249.3 251.5 252.9 254.1 255.3 256.8 257.1 256.3 255.1 251.7 250.4 246.6 241.4 237.2 232.7 229.3 226.7 226.3 231.3 231.1 226.9 224.9 227 227.7 228.6 229.5 233 239.5 244.7 247.8 252.5 256.1 259.1 259.5 257.8 255.9 254.7 253.3 252.2 250.7 247.3 243.1 239 239.1 238.2 238 235.8 232.8 229.7 226 222.2 218.9 215.2 212.3 209.9 208.2 205.3 201.9 199.2 197.6 196.5
239.2 235.7 230.9 222.8 222.7 222.1 219.3 221.6 222.4 223.2 225.3 226.7 227.9 231.7 236.9 242.1 246.6 248.9 250.2 251.4 252.7 253.6 254.7 255.5 254.6 253 249.8 247.3 244 240.3 237.5 232.1 226.6 225 224.8 227.6 226.7 224.8 224.1 225.4 226.6 227.2 227.7 229.3 234.4 239.4 244.2 247 251 256.1 255.8 255.3 253.7 251.6 249.8 248.2 246.6 244.5 240.3 236.8 236.1 234.6 234.3 232.5 230.4 228.4 225.2 221.5 217.6 214.1 212.3 210.1 207.9 205.4 201.5 198.6 196.9 198
238.1 232.9 225.8 219.5 219.4 218.5 221.1 221.8 223.8 225.3 225.3 226.7 228.5 231.9 236.4 241.3 245.3 248.2 249.4 250.5 251.5 252.1 253 254.2 253.1 251.3 249.5 247 243.6 239.6 236 229.8 225.6 224.1 223.4 223.7 223.6 223.3 223.5 224.3 224.8 225.3 225.9 227.8 229.9 233.1 237.7 241.8 246.7 250.5 252.3 253.8 251.6 248.3 245.8 244.1 242.9 240.8 237.8 235.2 233.7 231.6 231.3 230 228.9 225.9 222.6 219.6 216.3 213.3 211.9 210.3 209.1 207.1 202.7 199.6 201.8 202.2
236.6 228.8 221 216.9 218.7 221.1 224 227.3 227.1 226.4 226 226 227.5 232.1 236.5 240.3 243.4 246.4 248.2 249.4 250 250.7 251.4 251.8 251 249.1 246.6 244.8 242.9 236.8 233.8 231.2 226.5 223.6 223 222.6 222.5 222.2 221.9 222.2 223 223.5 224.1 226.1 227.6 229.7 233.7 238.2 242.7 247 249.7 250.2 249.7 245.8 243.1 241.6 239.3 237.2 234.6 233.5 232 230.7 228.7 229 227.8 224.5 219.4 217.4 214.6 212.4 211.5 210.7 210.3 207.7 202.1 206.2 205.3 204.6
233.6 224.8 219.7 215.3 217.7 223.8 225.4 227.5 228.1 226.5 224.3 223.9 226.9 231.7 236.3 239.4 242.5 244.5 246.3 247.8 248.9 249.3 249.9 249.4 248.8 247 244.9 242.6 239.5 235.5 233.5 232.4 226.9 223 222.4 222 221.7 220.7 220.8 221.1 221.5 221.8 222.2 223.8 225.6 228.3 231.1 235.3 239.7 243.9 249.3 250.8 248.3 241.6 241.8 240.8 237.9 235.3 233.8 232.7 230.9 228.4 229 227.9 224.4 223.1 222.8 220 216.8 213.9 211 208.8 208.7 205.9 208.4 208.2 207.5 205.6
229.7 223.4 215.3 216.4 219.4 221 225.1 227.3 228.8 225.5 222.6 222.8 226.6 232.2 236.5 239.4 242 244.1 244.8 245.9 247.3 248 247.7 247.5 246.9 244.8 241.8 240.7 236.6 233.7 231.3 229.7 226.1 223 221.8 221.5 221.2 220.1 220.1 220.3 220.4 220.9 221.9 223 224.8 227.4 229.6 232.9 237.8 242.1 247.1 246.9 245 241.9 241.6 240.9 238.2 235.3 234.1 233.9 231.5 229.4 230.4 231.1 227.5 226.1 224.7 222.6 218.8 215.6 212.4 209.8 209 209.8 210.1 208.2 206.4 205
225 220.6 217.1 213 216.9 223.2 225.2 225.6 227.5 223.4 220.5 222.2 226.7 232.1 236.6 239.1 241.7 243.4 244.1 244.8 245.3 245.5 245.3 245.2 244.1 242.3 239 237.5 233.5 232 229.8 228 225.3 222.5 221.2 220.6 220.4 219.3 219.5 219.4 220.1 220.6 221.8 223.1 224.8 227.1 229.2 231.5 236.7 240.2 242.9 242.2 242.4 241.6 241.1 240.5 238.6 236.3 235.6 235 233.9 232.1 231.7 231.7 231.9 229.3 227 223.7 220.6 217.3 214.1 211.9 211 211.3 210.6 209.1 207.1 206.9
228.2 223.3 218.2 209.5 212.7 219.5 221.6 223.3 223.6 220.6 218 222.4 227.9 232.1 238 240.6 241.9 242.8 243.3 243.3 243 242.9 243 242.2 240.9 239.5 237.3 234.7 231.5 231.3 230.3 227.3 224.5 221.9 220.4 218.8 218.8 218.3 218.6 219.6 220.5 221.3 223.1 225.6 226.6 227.4 229.3 231.1 234.9 237.3 238.9 239.9 240.1 241 240.6 240.3 240.6 239.9 238.3 237.5 237.3 235.3 235.1 234.6 234.6 231.6 229 225.9 222.3 219.5 215.8 213.5 212.8 212.2 211.1 210.2 208.6 210.2
233.6 229.1 217.4 211.3 209.7 215.1 219 219.8 219.1 216.8 216.9 222.9 228.8 234.8 238.4 240.6 241.4 241.7 241.5 240.9 240.8 241.2 241.4 239.7 238.2 236.7 233.9 232.2 230.2 233.3 232.8 230.4 224.2 221.2 219.5 217.9 217 218.3 219.3 220.3 221.1 223.7 225.8 227.3 228.4 227.9 229 230.3 232.4 234.4 235.5 237.3 239.2 240.8 241.1 241 241.8 242.4 242.2 241.3 240.5 239.5 238.8 237.9 235.7 233.7 231.3 228.4 223.8 220.5 216.9 214.4 214 212.5 211.8 211.3 211 210.9
233.4 228.4 216 209.8 207.9 209.1 212.4 215.5 214.5 214.2 216.1 221.8 228.8 233.9 237.4 239.5 240.2 240 239.7 239.2 239.3 239.6 239.5 237.5 235.8 234.2 232.2 229.1 231.1 232.3 232 229.2 223.3 220.4 218.7 216.1 217.6 219.3 220.1 221.2 222.2 225 226.3 227.7 228.2 228.8 229 229 230.8 232.6 234 236.4 238.7 240.5 241.6 242.2 243 244.8 245.3 244.6 244.4 243.1 243 241.8 238.1 235.1 232.4 229.9 226.5 221.6 217.3 215.6 214.7 213.3 212.2 211.8 211.3 209.3
232.3 225.3 215.2 209.9 207.5 207.1 207.8 209.2 211.1 213.1 216.2 222.4 227.4 231.7 235.3 237.2 237.6 237.8 237.7 237.9 238 238.1 237.4 235.3 233.4 229.6 230.6 227.7 229.2 230.7 231.1 228.3 223.4 217.8 216.1 215.4 218.8 220.3 221.1 221.9 223.3 225 226.3 227.5 228.9 230.8 232.2 232.5 231.6 233 235.1 237.2 239.5 241.7 243.1 243.8 245.6 248.1 248.3 248.9 249.6 249.3 248.2 245.8 242.9 237.8 233.9 232.4 229 223.4 217.9 216.7 215.4 214.1 213.1 212.5 211.1 208.3
235 228.3 216.6 210.3 208.3 206.6 206.3 206.3 210 213.1 215.9 221 226.2 230.4 233 234.4 234.8 235.3 236.3 236.9 237.3 237.3 236 233.8 230 225.6 224.8 222.3 227.3 228.5 228.1 225.4 221.3 215.2 212.1 216.5 217.9 220.2 222.2 222.7 223.9 225.3 227 228.4 230.3 232.2 233.3 233.1 234 235 236.6 238.5 241 243.4 244.6 245.5 247.8 250.2 252.1 253.4 253.7 253.5 252.1 250 246.5 242.6 239.5 234.1 230.9 225.3 221 219.2 216.1 215.1 214.4 211.9 209.1 208.3
235.1 230 218.2 210.6 207.7 206.3 206.2 204.1 209.2 213.2 216.1 219.1 224.4 228.5 230.1 231.2 231.8 233.1 235 235.5 236 236.1 234.5 231.2 226.1 222 216.4 220.9 224 226.2 225.2 222.6 217.9 211.1 214.4 223.6 221.4 221.1 221.9 223.1 224.2 225.8 227.7 229.5 230.8 232 232.4 233.4 234.2 236.9 238.4 240 243.1 244.5 245.8 248.1 250.2 252.1 254.3 256.6 257.3 256.7 256 255.9 251.9 248.1 244.2 238.6 231.8 228.4 227.3 221.6 217.9 216.6 214.5 212.5 209.5 208.8
233.5 230.3 223 212.3 207.9 206.7 205.1 204.4 207.8 210.8 213.9 218.3 222.1 225.1 226.7 227.8 229.9 232 233.6 234 233.8 233.4 231.1 227.2 223.4 220.2 212.8 217.7 221.4 222.8 223.3 220.9 211.8 213.5 222 223.6 223.1 222.4 222 222.8 223.9 226.5 228.6 228.9 230.6 231.7 232.9 233.6 235.1 238.2 241 243.5 244.4 245.7 247 249.8 251.7 254.4 257.1 259.9 260.5 261 265.6 263.5 259.4 253.1 248.2 242.2 235.7 229.3 227.1 223.1 220.6 218.7 215.3 214 212.7 211
235.8 234.5 225.9 214.7 209.7 207.9 204.9 203.4 206.3 209 212.4 217.3 220.7 223.3 224.2 227 229.4 231.5 233.5 232.6 230.7 229 226.7 222.6 218.7 214.1 210.3 215.5 218.6 220.4 221.1 217.5 209.2 217.1 221.8 222.2 222.6 223.3 223.7 222.7 224.1 226.1 227.2 228.8 230.5 232 233.5 233.9 236.3 239.4 242.5 244.6 245.5 246.7 248 250.3 253.4 256.1 258.8 262 262.9 266.3 269.3 267.2 262.7 259.1 251 244.3 237.5 232.3 227.5 225.6 222.6 221 217.7 214.7 213.7 212.4
235.2 233.8 229.4 215.8 210.2 208.9 204.8 202.4 205.2 208.1 211.4 212.9 216.4 220.8 224.8 228 229.7 231.3 232.3 229.4 227 225 222.9 219.6 215.5 213.4 207.8 213 215.8 218.2 217.2 211.1 209.6 214.5 222 220.1 224.8 226.4 225.3 224.9 225.2 226.1 227.4 229.5 231.2 232.7 233.8 234.5 237.5 239.7 242.8 244.8 246.4 247.7 249.1 251.7 255.2 258.1 260.9 263 266.4 269.5 272.7 269 263.5 258.8 252.3 243.9 238.2 233.4 231.6 228 226.9 224.6 221 216.7 215.2 214.6
235 233 228.6 217.8 210 208.1 205.2 202.3 204 206.3 207.8 213.7 217.8 221.5 224.8 227.5 229.5 229.6 228.1 226.3 224.1 222 220.2 216.6 210.5 207.7 206 209.8 212.8 214 211.4 207.7 216.4 216.6 217.8 220.6 226 226 225.4 225.8 226.7 227.7 229 230.4 232.1 234 235.1 235.1 236.2 237.9 241.3 245 247 248.8 250.3 253.2 257.2 259.8 262.4 265.4 269.4 269.9 270.9 266.5 259.3 254.3 250 244.6 236.6 234.4 233 231.1 229.4 226.4 223.2 220.6 218.1 216.6
234.5 233.2 229.3 219.2 209.4 209.1 209 205.5 208.8 209.4 209 214.7 218 222.1 225.3 227.4 228.8 227.2 223.6 221.9 220.4 218.9 218.4 213.9 206.6 204.1 204 206.9 208.1 204.6 205.5 216.5 219.1 218 217.7 222.3 225.4 226.2 226.1 227 227.9 230 231.2 232.6 233.8 236.2 236.5 237.2 237.2 239.4 241.3 245.1 247.5 249.5 253.1 256.5 258.6 261.1 263.9 266.4 268.7 269.4 266.7 262.5 255.1 250.9 247.2 239.7 236.4 235.7 233.6 231.5 230.2 227.8 224.4 222.2 220.8 219.7
234.2 233.5 228.7 220.4 211 204.7 203.5 202.6 202.4 202.5 209.8 214.4 220.2 224.5 226.2 226.7 226.8 223.6 220.6 219.5 218.3 216.6 213.4 208.1 204.2 202.4 202.8 202.6 202 208.3 214.4 220.3 220.2 218.6 219 222.3 225.1 226.2 227.1 228.2 232 233.6 234.7 235.9 235.8 237.9 238.6 239.5 239.6 241.8 244 246.8 250.2 253.8 256.5 258.6 260.9 262.9 264.6 266.4 267.5 267.6 264.9 256.5 250.4 244.6 241.2 237.1 236 234.9 234 230.8 229.6 229.1 225.5 223.9 223.3 223.2
233.3 233.1 231.8 222 212.9 206.1 201.8 200.3 201.7 205.9 209.6 217.1 223.2 225.7 226.2 226.5 225.6 223.4 220.3 216.6 215.7 213.9 209.7 205.5 203.4 201.3 201.3 200 206.4 213.3 217.6 218.2 218.5 218.8 219.1 224.6 226.1 229.4 230.5 234.4 236.5 237.3 238.5 238.2 238.9 240 241 241.9 242.5 244.7 247.7 250.5 254.2 257.1 258.9 260.8 262.8 264.7 263.9 265.1 266.3 265.2 259.6 250.5 243.4 239.8 237.2 236.1 235 233.8 231.5 230.6 229.1 228.2 226.9 225.3 224.7 223.9
234.8 231.6 230 225.4 213.9 208.5 201.9 199.7 202.2 205.8 211.3 219.3 223.9 226 226.3 226.3 225.2 223.3 218.8 214 212.1 208.9 206.2 204.6 202.4 200.2 200.1 198.6 207.1 212.4 215.5 215.8 217.1 218.4 219 222.3 226.3 231.6 234.7 237.4 239.9 240.9 240.3 240.1 240.8 241.6 243.3 245.2 247.8 251 253.9 256.4 259.6 261 263.1 264.6 264.7 264.7 263.6 263.1 263.9 259.5 253.8 244.7 240.6 238.7 236.9 235 233.8 232.8 231.4 230.7 229.5 228.6 227.4 226 224.6 222.7
