data/210000-860000.asc
ncols 200
nrows 200
xllcorner 210000
yllcorner 860000
cellsize 50
[rows 140 to 174 of 200, columns 0 to 77 of 200]
336 332.8 329.8 327.8 323 315.1 322.1 323.8 328.4 329.9 330.9 331.5 330 336.6 339.4 339.9 342.2 344.3 344.1 344.4 345.7 349 347.1 346.7 348.2 345.8 340.6 345 345.3 339.5 336.5 334.8 333.2 331.3 328.3 326.4 325.2 323 321.6 324.2 322.1 320 322.3 323.2 319.4 319.9 315.3 313.2 311.5 307.2 296.8 301.8 310.8 320.1 325.2 333.4 339.4 344.6 352.4 363.4 375.2 384.5 396.5 406.4 415.7 423.8 432.5 443.1 453.9 464.7 476 490.2 503.3 516.4 530.6 544.7 559.3 574.2
337.5 333.1 331 327.8 323.6 321.2 327 326.5 330.2 335.2 334.9 334.8 334.6 336.2 341.2 343.2 344.5 346.5 346 347.4 350.6 352.9 350.7 348.9 350.5 347.5 345.5 349.5 346.9 341.3 336.9 334.6 332.8 332.1 331 328.8 326.8 326.6 327.2 326.9 325.6 327.1 326.6 325.9 322.5 324 320.2 316.9 312.8 306.5 300 307.3 318.2 324.5 327.8 332.4 338.9 347.5 357.4 367 376.3 387.2 398.9 409.5 420.2 428.3 436.2 448.1 460.1 471.8 481.7 496.7 511.4 524.8 540.3 554.6 569.4 584.9
337.1 335.1 333.6 327.4 321.6 329.2 333.3 330.6 333.4 339.6 339.4 337.8 338.9 340.9 343.7 345.5 347 348.6 348.7 350.9 355.5 357.1 355 353.3 355.8 354.6 352.4 352 347.4 343.3 338.1 334.5 335.8 336.8 335.1 330.3 330 329.8 331.3 329.4 328 329.6 329 327.4 325.8 324 321.2 320.6 317.8 311.6 306.7 312.9 321.2 324.7 328.9 333.7 341.7 351.7 361.2 372.3 380.2 386.8 400.3 410.8 421.3 431.3 441.5 453.3 465.8 476.5 488.4 501.6 516.7 531.7 548.1 563.5 578.3 594.1
340.8 338.2 336 327.4 325.6 335.4 336.4 334.8 337.4 340.2 341.7 341.3 342.1 343.6 344 347.5 350.3 352.5 353.5 354.6 359.6 360.5 359.4 356 357.9 359.3 356.3 352.3 348.9 343.7 340.3 337.8 339.2 340.9 338.8 338.1 333.7 335.1 334.5 332 330.3 334.2 331.4 327.3 324.4 327 325.5 323.3 321 318.5 316.9 315.1 321.2 325.2 330.9 338.2 346.9 356 365.7 377 387.2 396.1 404.5 411.7 422.5 433.4 444.6 457.1 469.6 481.4 493.6 506.9 521.1 537.8 554.7 571 586.7 602.6
345 342.2 340 333.4 333.1 338.2 337.2 337.1 342.1 342.6 343.6 345 343.7 345.3 346 348.6 352 353.2 354.6 356.4 361 364.8 361.3 360.4 362 363.2 357.9 352.4 351.2 348.6 344.4 342.6 342.9 343.6 340 341 337.3 335.4 338.1 333.8 335.4 337.4 332.2 326.9 329.9 330.5 328 325 321.1 318.1 314.5 314.6 323.7 327.7 333.8 343.6 350.8 359.8 370 382.1 393.4 401.9 410 417.7 424.6 434.9 446.5 457.9 471.4 484.9 498 509.9 525.8 542.6 559.8 576.9 593 609.5
351.3 344.5 342.1 337.6 332 337.4 338.1 342.2 345.4 343.7 343.3 344.7 345.5 347.2 351.2 351.1 353.5 355.6 357.1 359.9 364.2 365.9 363.5 362.8 362.4 363.3 359.2 358.3 357.1 351.5 347.6 347.6 347.4 347 343.7 343.4 340.6 338.3 341 339.8 340.1 338.3 333.9 331.2 334.1 329.7 327.2 323.7 320.1 318 314.9 318.8 324.1 329.7 336.7 345.1 354.9 364.9 376.9 386 398.1 409.3 416.8 425.2 433.5 438.6 446.2 459.6 474.1 487.5 500.7 513.1 527.6 545.5 562.6 580.3 596.5 613.4
352.7 348.7 343.8 340.2 332.9 338.8 339.6 345.1 345.5 344.6 345.1 345.8 347.6 349.3 351.8 355.1 355.5 358.4 360.5 362.6 365.8 365.8 365 365 364 365.4 363.8 364.3 360.5 355.9 353.8 352.8 351.3 349.2 347.6 347.5 345.9 342.9 346.3 346.6 341.8 338 337.1 337.5 333.1 330.4 328.8 325.2 321.7 318.4 315.9 317.9 323.4 327.3 335.6 345.3 356.7 367.8 379.4 390.1 402.7 415 423.4 431.1 440.2 446.5 448.3 460.2 475.1 489.1 502.8 515.6 529.4 546 563.3 580.4 598.2 616.1
352.1 350.7 345.7 340.4 335 340.7 341.7 343.6 344.8 345.9 346.8 348 349.6 351.3 356 359.9 358.6 361.1 362.5 365.7 368.7 366.8 367.5 369.1 369.1 370.2 368.8 367.1 363.5 362.2 361.4 358 356.6 352.3 353.5 354.2 351.5 350.2 350.7 351.8 344.2 342.2 342.4 339.7 333.1 330.4 328.5 325.3 321 319.1 319.9 320.2 322.9 328.5 337.6 348.3 363.5 376.7 388.9 399.5 409.4 419.6 430.3 438.2 446.2 453.2 458.9 456.5 472.9 488.3 502.7 516.5 530.2 545.1 562.1 578.6 596.7 615.7
354.8 356.1 348.1 340 339.1 342.7 345.3 347 347.6 348.2 348 349.8 352.6 355.5 361.1 360.8 359.8 361.7 363.2 366.2 368.4 369.9 373.1 376.5 374.8 376 375.9 372.3 368.8 369 366.9 364.3 359.3 357.7 357.5 359.1 357.6 356.5 354.5 356.4 347.8 347.6 345.2 340.4 336.2 332 328.7 326.1 321.9 323.9 326.6 328.4 326.9 331.7 339.3 352.4 369.2 382.3 397.1 407 417.2 427.6 436.7 445.9 453.1 461.6 468.6 474 468.6 486.3 498.2 511.5 527.3 541.8 558.6 576.5 596.4 616
356.8 358.2 349.7 348.8 345 343.9 347.4 349 350.7 351.8 352.4 352.1 356.3 359.4 362.4 362.3 361.9 364.2 366.2 367.8 372.8 377.5 380 378.5 378.5 377.9 380.6 377.2 373.6 374 370.6 367.4 364.6 363.5 364.1 363.9 361.8 361.3 361 360.3 353.3 352.6 348 344.9 339.4 334.4 330.6 327.8 323.5 328.7 334.8 335 335.3 334 345.1 358.6 373.5 388.6 402.9 416.4 425.5 435.8 444.8 454.3 462.6 472.3 479.9 485.7 489.2 492.2 498.9 512.6 522.5 539.5 557.8 575.4 595.7 615.8
357.9 361.7 352.3 349.6 350.8 347.6 346.6 348.9 352.6 354.5 355.6 356.8 358.1 361.4 364.3 365.1 364.9 366.2 369.4 374.6 382.9 385 383.1 384.4 383.9 382.8 384.8 383.8 380.1 378.8 375.2 373.3 371.1 369.1 369.2 368.5 366.5 367 366.6 361.8 354.6 353.2 350.7 347.8 341.5 334.8 332.2 332.1 330.5 335 341.3 344.5 344.6 341.4 348.9 364.3 379.6 396.5 411.4 424.4 436.5 446.4 456.3 465 473.3 483.7 492.1 499.3 505.7 511.5 517.2 527 534 545.1 552.6 576.6 594.5 614.3
360.2 364.9 356.4 351 353.6 351 347.1 350 353 355.8 359.9 361.8 360.3 364 367.6 368.8 369.3 370.9 375.7 384.5 391.9 390.1 388.2 391.2 387.9 387.1 387.9 388.7 384.7 382.4 382.3 378.4 375.3 373.8 374.4 373.5 372.1 371.5 367.7 363.7 359.1 355.7 354 349.6 343.6 337.3 336.1 331.5 337.4 340.9 345.6 348.5 351.8 351.5 355.8 369.3 384.4 401.9 417.1 432.5 445.3 456.6 466.3 475.1 484 493.7 501.7 509.6 518.3 526.4 535 544 552.5 563.7 571.8 578.3 598.8 613.8
364.6 364.5 355.6 349.3 356.5 352.3 350.2 352.1 354.1 357.5 361.5 364.7 364.9 367.1 369.7 373.7 375.3 377.8 383.3 390.9 395.2 394 395 393.7 392.2 393.2 394.3 392 390.9 389.1 386.7 381.6 379.8 378.8 379.6 377.4 377.4 375.8 368.7 371.2 366.8 362.1 358.1 354.2 348.6 342.9 339.5 334.7 338.4 342.8 349.5 354.5 357.6 359.4 366 383.1 394.8 406.8 421.5 438.2 452.3 463.6 474.4 483.2 492 501.6 509.7 518.3 527.4 537.6 548 557.3 566.8 578 588.7 597.3 608.9 624.6
366.6 366.2 357.2 349.3 358.3 359 355.1 357 358.7 360.5 363.9 367 370.1 370.8 374.5 378.7 381.5 386.9 394.5 400.1 399.4 400.6 402 399.2 400 400.5 399.1 396.3 395.2 393.3 391.4 389.3 386 385.6 384.2 382 381.4 377.9 373 377.4 371 365.1 360.8 357.7 355 348.8 344.4 340.4 342.8 347.9 354 360.7 363.1 366.2 379.9 391.1 402.1 413.7 426.2 441.6 456.4 467.9 478.9 489.1 499.3 510.6 518.7 527.3 536.7 546.2 557.4 567.5 578.1 589.4 600 609.3 620.4 634.3
368.6 368.1 359.1 353.7 359.9 362.7 361.1 361.6 363.7 364.3 366.5 370.6 374.4 380 382.3 383.4 388.5 397.2 403.9 408.2 408.2 407.4 406.2 405.6 406.9 405.9 404.8 402.9 400.3 398.5 397.6 391.2 393.7 392.6 391.1 388.6 387 382.5 380.2 380.7 374.9 368.3 364.6 361.3 358.1 353.9 349.9 344.2 347.5 355 360.4 363.9 369.2 378.8 392.5 403.1 411 420.4 431.8 444 457.4 470.6 481.3 492.5 505.1 516.7 525.2 533.7 544 553.5 563.5 575.3 586.9 598.4 608.8 618.5 626.9 641.7
370.5 368.9 361.5 352.4 359.5 362.8 363.5 365.5 365.3 366.4 368.7 373 377.7 383.6 387.5 389 394.8 402.1 408 412.1 414.4 411.7 411.1 412.2 411.7 410.9 410.5 409.1 407.7 404.5 403.3 404 402.1 398.5 396.8 395.8 393.6 387.6 385.1 383.4 377.9 371.2 367.4 363.1 360.3 356.3 353.7 349.5 353.1 362.4 370.7 372.2 378 387.7 399.6 408 416.9 425.5 436 446.9 458.4 471.4 482.9 494.6 507.4 519.4 528.4 537.1 547.9 560 570.8 581.7 593.6 604.9 615 624.1 633.8 646.5
370.7 368.4 362.2 355 359.4 362.2 365.1 369.7 370.9 369.4 371.9 378.1 383.4 386.9 390.4 392.5 398.1 407.1 413.2 416.9 419.2 418.3 416.6 418.8 417.1 417 417.7 415.3 413.1 411.1 409.4 410.1 410.8 408.1 404.9 403.6 399.6 391.3 390.5 387.6 381.9 374.9 370 365.1 364 359 356.9 350.2 357.5 365.6 374.6 379.5 387.5 392.8 401.8 411.2 419.5 427.9 438.1 448.3 460.1 471.1 483.5 496.4 508.9 519.9 530.5 539 551.5 563.5 575.4 587.4 598.9 609.5 618.5 627.6 638.1 649.1
372.2 369.1 370.2 361.5 357.1 364.3 367.7 374 374.2 373.5 376.6 385.1 387.5 388.8 394.1 399.3 405.6 416.2 420.4 422.6 424.1 422.2 420.6 424.1 425.4 424.2 423.4 422.1 421.7 421.8 420.4 419.8 418 416.2 413.7 411.8 406.4 397.6 396.8 392.3 385.4 379.4 375.9 371.1 371.8 361.4 358.8 356.9 358.9 367.8 376.9 383 390.2 394.4 407.3 414.6 422.2 429.2 437.8 448.8 459.1 470 481.9 495 509 520.5 531.2 541.3 553 565.5 578.4 590.3 601.4 610.9 619.7 628.1 637.8 649
376.4 373.9 373.1 370.1 363 360.5 365.2 370.6 375.5 378.5 382 386.8 389 391.2 395.8 402.6 411.2 418.3 425.5 426.4 429 425.8 427.7 432.9 434.8 433.8 433.2 432.6 432.7 433.3 433.9 432.4 429.5 426.9 422.7 418.8 414.4 408.2 403.2 398.6 391.3 388.4 384.5 380.9 375.6 366.7 364 365.4 369.1 366.4 377.6 386.9 392.5 397.4 410.2 419.5 425.3 431.5 438.2 447.3 458 468.7 480.1 492.3 506.1 518.6 530.8 540.5 551.6 563.8 577.4 588.5 598.6 607.8 616.3 624.8 634.9 646
380.4 380.2 376.9 374.6 369.4 364.3 362.9 368.3 374.2 380.7 384.8 390.6 392.4 395.8 397.9 404.9 414.2 420.7 427.7 429.3 432.8 432.2 435.3 439.2 443.4 445.5 443.2 442.8 442.7 444.6 445.1 444.6 442 441.7 436.5 428.7 424.5 418.7 413.1 410.1 404.9 398.8 389.4 390.8 388 377.5 372.2 371.5 376 373.2 378.9 387.2 393.7 401.8 413.6 419.3 426.7 432.6 438.8 445.5 454.1 464.9 477 489.5 502.4 515.4 527.9 539.9 550.2 561.4 573.1 583.2 592.5 601.5 609.5 619.2 630.5 640.9
386.7 385.5 382.5 378.8 373.1 365.8 364.7 369.2 372.9 380.4 386.7 392.2 395.6 399.7 401.4 405 417.3 420 426.9 431 436 435.4 442.2 448.8 451.1 454.9 453.7 454.4 454.3 456.9 459 458.8 458.5 458.6 454.8 449.8 443 432.9 426.4 422 419.7 408.2 398.8 397.2 391.3 385.8 380.8 378.8 379.7 380.4 380.9 387.9 395.5 406.1 414.3 418.9 426.8 432.5 439.2 446.1 451.9 459.9 470.7 482.9 497 508.3 522.2 535.2 546.6 556 565.9 575.3 584.7 592.6 599.8 612 623.4 634
393.6 389.2 385 381.5 373.8 370.8 371.1 368.6 371.4 377.3 385.9 391.9 396.5 402.1 404.9 406.6 410.4 420.8 428.2 434.4 438.5 440.7 446.1 452.4 458.1 460.6 464.3 467.2 468.6 469.7 473.9 477.8 480.7 481.3 478.4 474 465.4 456.8 451.9 445.3 438.1 429.7 415.3 408.1 401.3 393.9 391.2 387.7 388.9 386.8 383.7 391.1 398.1 406.8 413.5 420.2 426.5 433 437.3 444.9 449.2 457 466.9 472.9 487.8 499.2 510.6 524 537 546.2 556.1 564.9 573.2 578.8 589.2 600.9 612.9 623.5
399.2 391.5 386.4 381.6 378.1 375.5 376.5 375.2 373.5 376.7 383.5 391.3 395.6 401.1 405.1 405.4 410 419.2 428.8 435.6 440.7 443.8 450 460 465.3 468.5 473.8 478.8 482.5 486.1 491.1 497.8 502 504.6 502.4 501.6 496.9 486.8 480.5 473.6 468.9 452.1 433.7 427.7 419.3 411.3 403.6 402.2 403.6 393.7 386.5 394.3 401.4 406.5 411.8 418.2 425.6 431.1 436.2 442.3 447.4 456 460.1 468.6 477.7 486 497.7 509.4 519.8 529.8 539.1 547.9 553.6 563.3 574.6 587.6 599.1 611
403.1 395.7 389.6 384.4 382.3 379.7 378.5 379.9 377.8 376.5 378.7 387.8 394.1 399.2 404.4 403.8 410.5 420 428.8 435.9 440.7 445.2 453.7 463.1 469.6 475.5 482.1 487.7 493.4 499.2 505.4 511.7 516.5 521.9 522.4 524.7 524.3 518.4 512.5 507.3 497.5 483.8 462.9 448 439.1 428.2 415.5 417.4 410.2 399.2 394.6 392.1 402.5 407.8 415.2 418.4 423.4 429.3 434.2 439.6 444.5 449.9 453.5 462.9 467.2 477.1 484.4 493.2 502.1 510.9 517.6 526.6 529.7 544.1 556.1 567.6 579.2 592.1
405 399.4 393.5 388.9 387.1 384 383.6 382.1 380.6 380.7 377.8 383.6 392.8 395.9 400.3 405.3 412.2 419.7 429.5 435.8 439.5 446.4 455 464.2 473.2 480.4 486.8 494.2 501.8 508.9 515.3 521.8 528 533 536.1 539.2 541 541.9 541.7 540.8 533.2 509.1 485.4 463.3 447.3 440.4 427.9 426.1 414.2 403 399.6 393.5 403.7 407.2 412.3 418.2 421 426.2 431.8 437 442.4 446.3 450.4 457.8 462.4 470.2 476.5 483.3 488.9 496.4 502.5 508.9 516.5 523 533.5 545.8 556.4 570.3
404.3 401.2 395.7 392.7 391.7 390.2 388.7 383.3 385.3 386.5 383.3 382 388.5 395.7 401 406.7 412.7 423.4 429.4 434.9 440.7 449.5 458 466.8 474.3 484 490.5 498.7 507.1 514.6 521.9 528.7 535.3 541.3 545.9 550.3 554.3 557.5 561.1 561.7 558.6 525.2 497.7 473.7 460.4 449.4 439.6 434.5 418.6 405.1 400.3 397.6 403 406.6 409.8 414.3 421 424.3 427.6 431.9 435.5 440.4 444.7 450.5 456.8 463.2 469.1 473.9 480.2 487.3 491.4 497.6 503.2 509.9 516.8 525.8 535.9 548.2
406.1 403.1 400 397.9 397.6 395.9 392.2 388.2 389.1 389.2 386.7 384.3 387.4 393.4 400 406 411.9 424.7 429.2 434.7 440.4 447.9 456.9 466.8 475.1 484.1 491.7 500.9 509.8 519 527.3 535.2 541.3 546.2 552.2 557.6 563.4 569.6 573.2 576 576.9 550.3 522.3 496 474.5 458.9 444.8 439.1 424.8 408.5 402.9 401.8 400.6 405.3 407.3 411.3 416.2 419.9 424.4 427 429.7 434 438.8 444.9 449.9 455.5 461.7 467.4 473.9 479.2 483.4 488.5 493.5 498.9 505.7 512.1 519.9 530.2
412.2 406.4 405.3 402.6 402.2 400.8 395.6 393.7 393.5 392.9 391.5 392.2 387.4 392.9 400.6 406.1 414.5 420.2 426.1 432.1 438.1 445.2 454.9 465 473.7 482.6 491.6 501.2 512 520.8 529.7 538.6 544 550.2 557.4 563.2 570.3 577.1 582.2 585.6 587.7 579.7 546.8 519.8 498.2 479.9 461.2 446.4 432.9 412.3 405.6 406.2 401.9 402.5 405 406.8 411.5 416.1 421.4 424.3 426.9 429.5 431.7 436.4 441.4 447 451.2 460.2 466.2 473 477.5 481.3 486.5 491.6 496.8 502.5 508.5 515.5
417.6 411.5 409.6 407.9 406.7 403.6 398.3 399.6 398 399.6 398.7 394.6 390 391 397.2 402.6 410.6 415.1 421.9 429.2 433.6 442.3 453.1 461.8 469.6 478.4 488.4 498.3 512.3 524.5 533 540 547.2 554.6 561.5 567.7 575.2 582 587.4 591.6 593.7 594.4 579.4 550.3 531.3 512.9 488.6 465.4 446.5 429.3 416.5 407.2 405.1 406.3 410.1 413.8 412.5 413.4 414.2 418 420.1 426.3 433 427.4 431.2 438.3 444.8 451.5 458.1 463.7 469.9 476.4 480.1 484.4 488.4 493.8 499.4 505.6
420.1 415 414.6 415.6 410.3 406.6 403.4 407.3 404 403 406.4 400.8 397.2 394.3 394.4 398.9 407.7 414.6 421.7 426.1 430.3 440.9 448.6 454 465.4 475 484.7 497.3 512 523.8 532.8 541.1 549.7 558 565 571.8 578.2 583.9 589.6 593.8 596.9 598.3 598.1 593.8 571.1 545.2 520.4 494.7 472 452.6 437.8 430.6 423.7 434.9 423.1 422 420.4 421.7 422.9 423.2 427.2 427.7 432.7 438.2 440.5 437.4 434.3 442.9 449.5 454.4 460.8 468.4 473.5 477.6 480.8 485.6 490 496.4
421.9 420.1 417.3 418.4 414.7 413.3 408.7 410 409.1 407.4 408.7 406.7 403.7 401.4 399.9 397.5 401.7 410.7 417.8 422 431.5 438.5 447.8 453.2 461.5 469.2 480.5 495 511 523.6 534.1 542.6 551.6 560 567.3 573.7 579.1 584.1 589.4 594.7 598.1 600.2 600.4 599.4 595.6 585.4 563.5 548.7 513.9 488.3 487 481 471.9 461 446.2 435.5 429 429 427.8 428.8 430.8 434.2 436.5 439.2 441.5 442.5 441.6 436.2 439.8 448 454.8 460.4 466.7 470.8 473.7 478.6 483.4 490
423.5 422.1 423.5 423.2 420.2 418.1 415.8 414.7 415 413 411.8 410.7 408.5 406.4 404.8 401.3 401.1 407.4 413.8 419.4 428.5 436.2 444.2 452.5 459.5 468.6 481.6 494.5 509.5 523 534.5 544.2 552.1 559.1 566.4 573.3 579.5 584.6 589.6 594.6 598.4 601.9 602.6 602.1 598.8 594.7 589.5 578 553.3 535 520.5 508.2 496.8 480.6 462.7 454.3 447.3 439.7 441.2 441 440.8 440.3 443.8 445.8 447.5 447.8 444.2 445.8 443 441.2 448 452.7 456.7 461.3 467.9 472.5 477.8 483
427.2 427 426.7 426.3 425.9 424.1 423.4 420.8 419.5 417.7 415.2 414.1 411.2 409.6 407.7 405.6 404 408.2 412.6 417.8 424.9 435.4 443 446.9 452.5 463.3 478 491.2 507.6 522 533.7 543.5 551.3 558.1 565.2 572.2 578.4 583.1 588.2 594.1 598.6 602.4 603.3 603.6 602.1 598.6 594.5 587.7 578 560.8 540.3 524 510.2 491.9 480.9 471.8 456.6 453.9 449.3 446.9 446.2 447.6 449.5 452 452.8 451.5 450 451.1 450 444 443.8 446.4 451 457.9 461.8 466.8 472.7 477.7
430.7 430.8 431.6 432.7 431.5 430.2 428 428.1 425.6 421.6 419.4 417.7 413.6 411.7 410.3 409 409 408.9 409.7 416.2 421.7 428.1 433.1 447.1 454.7 464.6 476 491.5 506.6 519.5 531.5 541.5 549.2 556.8 563.9 570.1 576.1 580.9 587.4 593.9 599 601.8 603.7 604.6 603.2 600.8 596.8 592 585.1 577.2 562.6 541.9 522.6 508.9 499.9 491.1 480.1 474 467 461.9 457.5 457.3 455.8 458 459 458.3 458.3 457.2 455.6 452.6 451.4 448.5 448.3 451.2 456.3 460.4 465.9 470.7
434.3 434.4 436.3 437 435.5 434.2 432.6 431.9 431.2 428.6 424.4 421.7 417.8 413.6 411.1 409.5 409.7 407.9 408 411.9 420.4 428.2 431.5 442.2 449.6 459.2 473.1 485.8 502.3 515.1 528.9 538.3 547.4 554.8 560.4 566.9 573.1 578.9 586.2 593.5 598.3 602 603.6 604.2 604.4 602.3 599.5 594.7 590.8 585.8 580.6 563.3 546.6 535.7 524.3 517.8 508.3 497.5 491.7 484.2 478.1 471.6 467.6 465.8 466.7 465.5 465.1 466.7 465 463.6 463 460 458 453.2 451.9 456.4 460.5 464.8
