data/210000-900000.asc
ncols 200
nrows 200
xllcorner 210000
yllcorner 900000
cellsize 50
[rows 35 to 69 of 200, columns 0 to 78 of 200]
124.7 127.3 126.4 125.9 125.9 125.6 125.9 125.2 123.6 123.2 123.3 124.8 125.8 126.1 125.3 124.1 123.8 125.5 124.3 127.5 130.4 133.9 139.9 145.5 148.9 149 148.7 153.6 145.6 140.5 145.3 147.1 142.9 132.3 129.6 126.7 117.2 106.1 92.5 68.7 51.4 51.4 51.4 51.4 51.4 51.4 51.4 51.4 51.4 51.4 51.4 51.4 51.4 51.4 51.4 51.4 51.4 66.2 88.8 96.8 105.6 112.9 119.7 127.2 146.4 167.6 195.4 206.6 231.8 255.5 278.9 300.6 321.3 354.3 401.9 446.9 481.1 508.2 540.1
126.8 128.1 128.6 130.7 132 132.7 134.3 135 136 134.9 134.9 134.8 134.8 134 138.2 136.5 136.7 133.8 135.8 139.5 151.9 160.2 158.8 150 154.2 162 162.9 164.3 159.5 155.4 151.1 145.6 141.8 135.1 128 122.4 114.9 104.8 94.2 73.9 51.4 51.4 51.4 51.4 51.4 51.4 51.4 51.4 51.4 51.4 51.4 51.4 51.4 51.4 51.4 51.4 51.4 59.3 81.9 87.3 98.9 106.8 114.9 122.9 141.4 158 183.8 198.3 217.4 241.5 262.9 287.7 307.6 336.4 378.5 439.5 473 484.8 502.2
131.7 132.4 133.3 136.2 139.5 142.5 142.3 143.9 144.3 143.2 145.8 144.3 144.5 151.5 156.5 155.2 156.3 163.6 166.2 164.6 169 170 169.8 164 171.5 173.3 186.3 187.2 175.4 164.8 146.9 139.8 133.8 129.8 123.8 119.8 111.7 99.3 91.2 75.8 51.4 51.4 51.4 51.4 51.4 51.4 51.4 51.4 51.4 51.4 51.4 51.4 51.4 51.4 51.4 51.4 51.4 63.4 76.2 79.3 93 98.4 106.8 118.6 133.5 149.2 171.1 185.7 206.2 233.4 251 270 297.2 322.3 370.4 417.8 447.5 458.6 475
137.4 139.7 146.3 149.7 153.8 159.9 161.7 163.3 166.9 167.8 170.5 165.5 163 163.3 168.4 174.8 177 175.8 173.7 173.5 171.6 171.3 169 173.6 190.7 207.4 211.9 203.3 189.7 176.4 161.8 146.3 131.7 125.8 116.4 110.9 105.5 96.6 88.3 72.9 65.4 51.4 56.8 60.6 53.6 51.4 51.4 51.4 51.4 51.4 51.4 51.4 51.4 51.4 51.4 51.4 51.4 59.1 72.4 76.8 85.8 92.1 98.1 111.1 127.1 143.5 156.1 169.4 193.8 220.5 237.7 253.1 279.2 317.8 377.6 411.2 425.4 437.6 457.3
151.7 162.1 170.9 177.7 187.6 193 193.5 192.1 192.1 192.8 189.5 184.2 181.1 182.1 182 182.4 181.4 177.4 175 174.7 173.8 178.6 180.1 189.9 207.1 221.1 220.7 213.7 199.1 185 167.8 151.6 141.5 135.6 125.2 119.5 109.9 109.6 100 74 68.2 67.3 64.8 64.1 53.7 51.4 51.4 51.4 51.4 51.4 51.4 51.4 51.4 51.4 51.4 51.4 58.7 58.3 64.2 69.8 75.9 84.4 88.3 100.6 123 140.5 147.1 159.7 195.1 210 226.6 241.3 263.4 304.9 370.8 391 410.2 426.4 450.1
173.7 182.2 186.4 187.1 190.5 196.1 197.3 195.6 193.8 191.4 188.8 187.3 189.9 185.8 183.4 181.9 183.2 183.4 182.2 185.1 189.8 193.6 194.8 203.7 221.8 228.7 226.1 217.8 205.2 190.5 175.3 158.3 152.4 143.8 135 127.3 130.2 122.5 107.6 76.3 72.3 73.3 74.7 65.1 51.4 51.4 51.4 51.4 51.4 51.4 51.4 51.4 51.4 51.4 51.4 51.4 51.4 57.9 53.6 64.8 71.7 79.2 83.4 90.2 116.5 132 138.9 148.9 184.3 203.5 216 229.9 251.3 285.8 330.4 349.4 408.8 435.5 469
188.3 190.6 196.1 197.9 197.4 196.8 196.4 194.4 192 191.2 190.6 187.2 185.2 183.6 183.9 186.4 191 194.1 196.7 202.3 200.3 198.2 199.6 210.6 225.1 229.2 231.6 222.9 211 201.3 190.1 174.4 161.1 151.9 148.1 139.3 135.9 128.6 109.1 79 72.7 78.2 76.9 69.3 51.4 51.4 51.4 51.4 51.4 51.4 51.4 51.4 51.4 51.4 51.4 51.4 51.4 51.4 51.4 59.3 70.5 73 78.9 84.3 100 117 132.5 141.2 170 188.6 204.3 224.9 241.4 277.9 326.4 382.1 422.8 456.9 482.2
198.5 198.9 198.6 197.7 197.9 198.3 196.9 196.2 195.3 191.2 188.5 185.8 184.6 184.9 185 187.7 192.5 201.8 209.2 220.3 220.1 217.8 222.3 229.2 240.5 242.4 235.7 234.1 238 231.9 214.1 206.1 197.2 171.6 156.9 153.7 145.6 132.2 113.9 82.2 77.7 80.8 77.7 70.3 63.3 51.4 51.4 51.4 51.4 51.4 51.4 51.4 51.4 51.4 51.4 51.4 51.4 51.4 51.4 56.7 68.3 70.2 74.9 78.5 90.8 107.8 122.1 134.3 151.3 170.6 189.1 216.5 252.9 293.7 349.2 408.9 438.3 454 469.5
202.3 203.9 207.2 212.1 215.7 212.9 210.7 209.3 204.7 201.5 197.9 193.5 192.9 202.4 203.8 207 215.9 222.7 231.2 246 253.1 249.4 251.8 259.5 267.4 271.4 265.1 262.8 257.7 248.9 238.1 223.6 203.7 188.6 176.7 170.8 165.4 146.7 111.4 87.5 81 82.4 79.1 72.8 66.9 58.6 51.4 51.4 51.4 51.4 51.4 51.4 51.4 51.4 51.4 51.4 51.4 51.4 51.4 51.4 62.9 67.7 71.5 75 80.6 100.1 111.6 131.4 154.3 180.4 196.3 211.7 242.5 310.3 350.6 397.4 412.2 433.9 449.4
229.9 236.2 249.7 255 255.1 248.7 242.6 234.7 229 223.9 220.1 225.1 231.1 238.4 243.2 268.6 267.5 278.7 282.8 288.5 289 282.2 300.4 323.8 320.8 314.2 303.9 293.9 281.8 270.7 254 231.3 208.5 196.7 191.5 183.7 166.5 153.4 111 89.8 83.4 84.6 80.6 73.4 65.1 63 58.8 51.4 51.4 51.4 51.4 51.4 51.4 51.4 51.4 51.4 51.4 51.4 51.4 51.4 51.4 63.8 66.7 71.7 81.3 94.7 107.4 126.7 154.6 176.6 193.7 207.4 235.4 299 343.3 365.1 386.7 399.7 415.5
263.3 269 275.5 277.4 275.8 273.2 265.8 257.3 256.4 256 256 261.9 268.9 276.7 298.7 323.1 329.4 329.8 328.2 327 323.5 344.3 345 358.7 350.5 334.9 323.7 310.5 298.8 286.7 270.5 239.2 214.5 200.7 198.5 186.4 172.2 150.4 109.7 92.3 87 85.8 82.2 78 71.6 70 63 51.4 51.4 51.4 51.4 51.4 51.4 51.4 51.4 51.4 51.4 51.4 51.4 51.4 51.4 51.4 61.2 68.6 77.2 88.4 106.5 118.3 145.8 169.4 183.8 203.7 225.4 279.8 327.9 353.5 364.1 374.4 377.1
277.5 284.7 299.2 307.7 303.4 290.8 283.5 283.9 290.6 293.8 318.8 346.6 361.7 372.7 388.3 393.9 387.9 384.8 376.2 374.6 384.2 411.8 424.9 418.5 407 384.8 351.4 331.8 312.6 296 278 244.7 220.2 206.6 199.5 187.6 174.5 146.2 112.9 94.4 93.3 87.9 83.1 80.1 75.9 71.5 66.4 59 51.4 51.4 51.4 51.4 51.4 51.4 51.4 51.4 51.4 51.4 51.4 51.4 51.4 51.4 57.4 64 76.9 86.6 102.6 110.3 128.9 157.6 170.9 196.8 221.5 264.9 301.6 334.5 341.3 346 348.2
285.9 304.7 318.1 322.8 323.4 320 323.2 325.3 328.2 341.9 365.8 407.6 418.2 439.6 462.2 466.3 457.8 452.8 442.2 421.7 446 449.4 456.2 456.2 437.2 408.9 389.6 362.7 330.6 299.1 278.7 247 225.6 209.9 199.2 186.3 174.1 150.3 123.2 102.7 98.3 91.7 83.5 81.6 78 76.2 68.4 61.5 51.4 51.4 51.4 51.4 51.4 51.4 51.4 51.4 51.4 51.4 51.4 51.4 51.4 51.4 51.4 66.1 82.7 84.8 91.4 100.7 115.1 138.8 152.7 181.8 213.6 263.2 281.1 307.2 328.5 329.8 325.4
294.4 317.2 333.7 348.7 357.1 365.8 368.7 374.6 373.2 389.6 436.3 462.5 479 495.5 512.5 504.8 497.8 495.2 499.3 492.2 492.8 496.3 505.3 493.4 456.1 422.7 402 377.6 350.6 311.6 279.2 252.4 231.2 217.5 198.8 184.3 170.3 147.3 131 115.5 100.5 93.4 84.1 81.8 80.2 75.5 68.7 59.2 51.4 51.4 51.4 51.4 51.4 51.4 51.4 51.4 51.4 51.4 51.4 51.4 51.4 51.4 51.4 67 80.3 84.5 85.4 93.8 105.5 122.7 139.9 168.8 205.2 252.8 266.7 288.8 309.4 320.9 316.4
291.6 314.8 337 360.9 379.1 392.2 405.2 419.6 433.4 455.8 475.7 507.3 533 547.4 544.3 554.4 555.9 556 537 532.4 556.6 569.7 541.9 512.5 486.5 455.2 416.5 388.2 356.8 328.3 284.4 252.9 238.2 220.9 203.5 183.6 168.9 149.4 141 122.2 103.5 94.8 86.1 80.7 79.4 73.5 67.6 60.2 54.4 51.4 51.4 51.4 51.4 51.4 51.4 51.4 51.4 51.4 51.4 51.4 51.4 51.4 51.4 61.7 75.2 80.9 83.7 88.4 103.2 114 126.9 151 184.6 233.9 252.7 270.8 287.2 299 298.9
294.6 314.6 335.4 355.7 370.1 384.5 399.7 415.2 441.5 463.2 496.8 539.2 559.5 541.1 542.7 547.5 551.8 565.4 582.8 578.8 586.5 569.5 535.5 508 481.4 457.3 430.1 391.9 363.2 336.5 283.8 254 237.2 221.7 204.4 183.1 167.6 149.6 146.4 131.9 112 97.2 88.1 81.9 77.1 73.2 66.9 60.4 55.9 52.2 51.4 51.4 51.4 51.4 51.4 51.4 51.4 51.4 51.4 51.4 51.4 51.4 51.4 51.4 64.6 74.7 81.9 86.2 96.8 104.8 112.1 139.7 166.3 209.7 233.5 247.5 259.3 269.3 276.6
293.6 306.5 329.7 349.2 363.4 379.8 392.3 412.8 428.7 446.8 479.2 520.1 532.6 519.5 523 530.6 538.9 559.9 560.6 563.6 567.8 547.3 520.7 497.4 471.1 449.8 422.2 389.6 363.9 336.7 288.2 254.1 234.1 221.4 204.2 186.5 166.8 153.5 145.2 135.4 121 105.3 91.9 83.4 75.4 71.3 65.9 61.5 58.6 58.5 51.4 51.4 51.4 51.4 51.4 51.4 51.4 51.4 51.4 51.4 51.4 51.4 51.4 51.4 51.4 66.1 76.7 85.5 91.7 99.5 102.4 122.7 144.7 178.3 215.1 226.6 233.9 244.6 252.5
300.5 313.2 322.2 339.6 357.8 379.5 394.9 413.9 418.5 434.8 461.3 482.7 504.6 503 503.6 518 528 531.9 536.9 539 536.1 524.3 503.5 482.1 461.7 437.4 410 382.1 359.9 333.2 285.8 252.3 230.6 217.9 203.8 190.4 169.2 152.7 143.2 138.4 132 118.7 101.8 90.5 73.8 68.7 66.8 61.6 60.8 61.1 57.4 54 52 51.4 51.4 51.4 51.4 51.4 51.4 51.4 51.4 51.4 51.4 51.4 51.4 51.4 64.9 77 82.7 92.2 101 111.3 127.1 155.5 188 213 225.8 226.6 232.4
303.8 314.9 332.8 350.7 361.3 379.3 394.4 415.5 417 438.2 445.6 465.8 474.6 476.9 486.5 507.4 512.9 511.4 513.9 515.9 514.5 503 486.9 467.6 450 426.8 395.3 371.1 345.9 323 279.1 247.8 227.9 215.9 207.1 194.1 174.4 159.2 148.9 145.2 139 126.1 111.6 100.1 96.4 85.8 77.1 72.9 66.5 66.9 64.1 62.3 60.3 57.4 53.3 51.4 51.4 51.4 51.4 51.4 51.4 51.4 51.4 51.4 51.4 51.4 51.4 64.7 80.2 83.7 93.8 103.6 121.4 140.2 162.7 201.2 217.3 215.9 216.2
303.3 323.5 354.2 375.1 377.9 387.8 399 415.6 426.7 439.6 439.5 453.4 447.4 449.5 465.8 482.7 493.3 490.9 494.2 497.9 495.3 482.1 469.1 453.9 436.2 411.6 384.3 358.2 330.9 304.4 266 243 226.1 216.2 207.8 193.4 176 163.8 151.7 145.1 141.2 132.7 122.6 109.7 98.5 88.7 79.9 73.4 70.3 69.6 68.4 64.7 61 51.4 51.4 51.4 51.4 51.4 51.4 51.4 51.4 51.4 51.4 51.4 51.4 51.4 51.4 51.4 62.8 71.7 82.8 89.9 108.5 126.6 146.1 177.5 194.3 201.7 202.7
310.9 338.6 377 406.3 411.8 433.1 444.8 427.9 434.1 437.9 443.8 437.7 428.4 432.7 443.7 459.6 469.3 474.7 480.3 482.1 476.2 464.8 454.3 440.1 421.4 395.9 371.8 348.1 321.5 294.5 261.6 239.4 227.3 216 205.8 195.1 180.5 167.6 161.5 152.8 144.8 135.8 126.9 112.1 95.9 87.2 80.6 77.6 77.6 72.1 68.4 65.8 66.1 62.3 51.4 51.4 51.4 51.4 51.4 51.4 51.4 51.4 51.4 51.4 51.4 51.4 51.4 51.4 51.4 62.9 71.1 79 101.8 114.5 127.3 143.8 167.2 178.4 180
317.6 351.5 405.9 440.2 485 506.3 494 474.7 446.5 441.9 438.9 427.9 427.9 427.9 435 438.4 455.8 456.7 463.2 467 459.8 451.1 441.6 426.5 407.7 383.6 360.1 336.3 311.8 281.2 259.8 241.7 226.6 214.9 206.2 194.3 182.1 173.6 169.1 156.7 149.9 139.2 125.3 112.4 103.3 89.5 80.9 77.6 75 69.6 65.1 64.1 62.4 63.6 58.1 51.4 51.4 51.4 51.4 51.4 51.4 51.4 51.4 51.4 51.4 51.4 51.4 51.4 51.4 51.4 63.6 73.3 95.5 106.4 119.3 129.2 146.3 159.1 170.5
321.4 360.1 425.3 494.9 547.8 543.4 533.7 517.4 490.4 462.9 438.2 427.9 427.9 431.9 432.4 434.4 435.2 438.7 450.5 451.3 444.8 438.8 429.7 415.6 396.1 372.6 350.9 326.9 298.6 279.3 263.2 246.9 229.8 215.8 207.9 201.6 190.9 182 177.1 164 148.9 136.1 127 120.3 110.7 92.7 84.3 77.2 74.9 71.4 68.6 61.8 59 58 58 54.4 51.4 51.4 51.4 51.4 51.4 51.4 51.4 51.4 51.4 54.9 54.6 51.4 51.4 51.4 51.4 65.8 81.5 96 109.3 115.6 130.5 144.6 155.7
324.7 375.7 445.2 532.7 560.9 550.2 538.2 523 503 470.9 441.2 427.9 427.9 434 433.2 426.6 423.2 424.9 429.4 432 434.1 427.5 415.8 403.2 384.1 360.8 342.1 317.2 292.6 279.4 266 250.6 237.4 223.5 213.4 206.2 196 186.3 177.1 163.7 153.3 148.1 138.5 131.5 125.7 110.7 92.6 91.6 86.7 83.6 82.6 79.2 70.1 65.9 61.6 55.4 51.4 51.4 51.4 51.4 52.2 60.6 63.4 63.3 62 61.4 60.2 59.1 51.4 51.4 51.4 53.4 71.2 85.2 98.4 105.5 121.7 133 146.2
328.6 388.7 465.2 545.1 570.2 560.9 542.4 524.9 505.7 473.7 451.8 440.5 437.3 428.9 425.7 420.9 415.6 416.2 418.5 421.4 420.8 415 404.6 390.4 372.4 353.2 335.8 313.2 292.6 282.1 269 258 251.2 229.3 218.1 211.4 204.6 191.1 175.2 171.2 165.5 156.6 147.1 138.3 131.1 121.9 114.1 109 103 96.6 90.8 84.3 79.4 76.3 73.3 66.4 62 63.4 51.4 55.8 57.1 59.7 64.5 69 66.3 63 62.9 62.7 61.6 61.3 51.4 51.4 56.6 71.7 84.7 95.7 105.4 118.1 135.5
334.9 390.7 491 555.8 581.8 575.4 553 532.1 507.2 485.7 467.6 461.6 453.4 442.1 430.1 421.4 413.6 410.6 414.8 415.2 409.8 403.4 392.6 378.3 363 349.3 333.4 313.5 298.9 289.8 276 262.1 253 235.4 223.6 214.5 202.6 197.5 191 181.1 170.3 157.1 149.4 148.6 150.3 148.1 144.2 137.2 125.7 114.9 105.3 97.1 84.9 82.1 76.3 73.2 71.1 71.7 69.3 67 66.4 64 65.3 65.6 63.4 62.3 62.1 62.1 62.1 61.4 59.2 51.4 51.4 64.2 75.2 80.8 87.1 100.5 123.6
334.8 401.2 492.7 539 585 585 564.2 539.3 514.8 495.1 483.6 468.2 456.6 446.5 436.4 424.4 415.5 407.4 401.7 401.1 397 391 381 370.3 359.7 347.3 332.7 317.9 305.7 289.1 276 260.4 249.5 238.9 227.6 217.9 211.1 206 200.7 190.5 174.6 168.5 166.7 165.8 168.8 163.5 158.5 152.4 142.9 132.6 123.6 115.5 107.3 100.3 92.9 90.4 86.2 82.7 78.6 75.7 72.9 68.2 64.6 63.1 62.1 61.9 61.4 60.9 63.4 64.5 60.3 51.4 51.4 57.8 69 81 87.9 91.2 107.5
325.1 396.7 484.1 545.7 594.1 590.4 569.7 545.5 526.2 504.9 486.6 470.8 457.3 448.2 436.7 427.7 420.1 410.7 400.1 389.5 385.3 379.8 373.4 365.7 357.8 345 330.3 318.1 304.1 285.3 271 258.5 249.9 240.1 228.9 225.4 220.7 214.6 206.8 193.5 185.8 182.4 178.8 175.7 173.4 170.1 166.3 162.5 156.6 146.9 138.8 131 123.4 116.9 109.2 100.8 93.7 85.8 80.8 77.8 75.4 67.4 61.6 61.7 60.6 60.2 59.8 59.4 61.2 60 62.1 51.4 51.4 51.4 58.6 73 85 89.4 95.5
313.8 396.7 484.9 534.1 587.8 594.6 574.3 556.5 538.4 516.3 493.8 474.4 459.2 448.6 436.2 425.6 417 406.3 396.7 388.4 379.8 371.5 365.6 357.9 350.8 341.1 327.2 314.2 299.7 283.4 268.2 257.7 247.8 242.7 238.2 232.4 225.6 219.2 209.8 205.6 201.1 195 188.5 185.3 182.9 183.1 178.6 172.2 168 164.7 158.1 143 129.8 122.8 116 106.9 98.5 87.9 80.4 77.7 76.1 69.7 62.6 60.8 60.2 59.8 59.1 58.5 58.3 57.2 52.2 51.4 51.4 51.4 51.4 58.7 76.7 83.3 90.8
312.6 390.1 473.9 527.3 574.8 588.1 580.4 574.3 552.2 527.7 504.4 482.2 462.7 448.6 437.7 424.4 412.3 403.1 396.5 390.5 384.5 374 363.8 349.9 342.6 334 324.1 309.5 298 287.6 268.9 260.8 256.3 248 240.5 235.8 228.3 222.3 219.2 218.7 215.8 212.7 214.1 209.4 205.8 202 199.6 202.9 191.4 182.8 176.4 167.7 146.4 128.9 120.6 111 100.1 92 83.6 78 76.4 70 63.8 61.5 61 61.4 58.5 58.9 58.1 56.6 51.4 53.4 51.4 51.4 51.4 51.4 62.2 69.3 81.2
307.1 390.7 464.6 514.6 552.2 572.6 578.3 583.1 564.7 539 513.5 489.2 469.2 451.8 437.2 423 412.2 404 397.7 390.3 383.2 374.5 364.1 353.2 344.2 333.1 323.8 316 304.8 287.2 274.5 267.5 260.1 251.4 245.8 239.2 232.6 231.8 231.1 230.1 230.8 229.6 228.6 227 229.1 224.5 226.1 224.2 218.4 210.9 199.6 192.3 181.3 152.5 132.2 121.4 102.2 94 89.2 82.9 75 71.6 65.2 62 61.9 62.9 59.9 56.9 51.4 51.4 51.4 60.1 58.3 53.4 52.8 54.5 58.6 61.8 69.1
307.5 393.7 451.4 495.8 528.5 552.6 569 580.3 574.2 550.8 523 499 478.9 461.1 442.6 426.8 415.3 406.6 396.8 389.6 381.5 372 362.9 354.2 345.2 336.6 332.6 324.7 305 288.1 277 269.8 262.4 254.2 246.9 244.1 241.3 238.3 239.9 240.7 241.6 240.7 245.1 245.9 246 246.8 246.2 241.3 234.1 225.6 215.8 206.9 193 176.4 149.2 130.1 107.7 95.6 90.7 84.3 75.9 67.8 65.3 62.3 61.5 61.3 57.9 51.4 54.1 55.5 51.4 58.5 57.9 62.9 65.2 66.3 58.8 56.7 59.6
316.3 389.9 424.6 476.7 501.1 541.5 567.3 578.9 581 565.6 541.6 519.1 495.2 471.3 452.2 434.3 421.3 413.1 402 391.5 382.1 370 362.9 355.4 347.1 338.6 336.3 321.1 303 290.2 278.2 270 263 257.3 256 253.7 250.5 248.9 251 252 258.2 266.6 274.2 272.1 272 274.2 277.3 274.5 260.5 246.5 230.7 221 203.7 185.2 163.5 135 114.7 100.3 92.3 84.5 74.4 68.9 63.8 61.3 58.1 57.2 54.4 51.4 55.5 54.2 51.4 59.5 64.8 66.9 69 71.7 68.8 59.3 56.8
299.7 357.6 410.6 443.5 473.8 518.6 549 578.6 590.8 585.2 562.5 540.4 517.2 492.5 468.9 448.5 433.5 422 409.4 397.1 387.7 375.7 364.2 354.5 347.2 339.3 330.4 315.9 303 290.7 281 274.1 268.7 265.9 264.9 264.3 262.4 262.7 265.5 273.2 284.1 296.8 306.4 307.9 313.3 312.6 327.4 305.2 271.9 258.6 244.7 226.2 212.9 190 169.7 143.8 124 112.7 102.6 91.3 78.1 73.5 67.7 62.5 57.4 56.8 56.4 56.2 52.6 51.4 51.4 58.3 65.9 68.5 70.9 70 72 70.5 61.5
297.6 368.1 403 427.9 461.9 496.8 523 555.7 587 591.3 581.2 566.7 542 514.3 490.4 470.9 452.7 435.8 422.9 409.8 396.7 385.5 372.5 357.2 346 343 335.9 315.6 306.5 293.1 288.6 283.2 279.8 277.7 276.9 277.8 279.2 282.5 293.2 303 317.6 341.8 349.4 367.4 370.6 367.1 351.3 313.1 273.6 255.6 246.4 227.1 215.7 193.8 173.7 156.3 140.8 126.7 112.8 95.9 84.8 79 73.5 64 59 58.8 58.2 57.5 59.3 55.8 55 60.6 66 67.8 72 70 70 67.5 65.2
