data/210000-870000.asc
ncols 200
nrows 200
xllcorner 210000
yllcorner 870000
cellsize 50
[rows 35 to 69 of 200, columns 78 to 155 of 200]
341.2 334.1 332.4 336.4 337.8 336.7 335.9 337.3 338.1 339.1 339.3 336.7 336.3 334.6 336.9 339.5 339.1 339.5 340.8 342.1 341 337.5 332.9 338.5 340.8 338.3 335.2 333.3 332.8 332.1 331.1 332.1 331.3 330.9 328.7 327.2 325.8 323.8 322.2 320.4 317.8 319.5 320.1 316.6 315.1 313.6 312.9 311.9 310.3 309.9 311.1 311 310.2 308.6 308.6 308.6 309.9 314.6 318.9 317.2 316.5 317.7 318.8 318.5 317.9 317.3 315.3 313.8 313.4 313.3 313 312.3 307.4 303.4 297.8 294.4 292.4 289.9
339 334.7 333.2 337.9 338.4 337.6 338 339.7 341.8 342.7 342.3 338.3 340.4 340.1 340.7 341 340.8 340.5 340.5 339.3 339.6 339.2 332.9 332.9 332.9 336.7 335.3 333.3 331 329.8 329.1 328.5 327.9 328.1 327 326.4 324.5 325 325.1 321.7 319.6 317.2 316.7 315.2 313.9 312.4 312.3 311.2 309.1 310.4 311.6 311 309.6 308.6 308.6 308.6 306.8 312 313.5 313.4 313.2 313.3 314.2 314.1 313.2 313.7 313.2 312.2 312.1 312.1 312 311.9 309.9 305 298.7 295.1 294.2 291.7
341.6 338.8 335.1 336.5 337.7 338.7 340.1 341.5 342.2 343.8 342 340.2 342.5 343.8 344.3 342.2 341.6 340.8 339.9 338.9 336.9 338 339 336.8 335.5 337.5 334.1 334.9 331 329.4 328.7 326.3 326.1 326.8 327.1 326.3 324.9 323.6 322.3 320.3 318.5 317.9 316.9 314.6 311.4 310.6 310.8 309.8 308.9 310.7 311.6 310.9 308.8 308.6 308.6 308.6 308.6 310.3 312.6 312.8 312.3 311.8 311.4 311.2 311.2 311.3 311.1 310.8 310.6 310.5 310.4 309.9 308.8 303.5 297.4 293.7 292.6 288.8
344.3 342.2 339.9 335.9 339.7 341.4 343.2 343.3 343 342.1 340.3 340 341.3 343.8 344.9 343 342.6 341.6 339.4 337.8 336.5 334.9 336.6 338.2 338.8 335 332.7 331.7 332.7 331.2 328.1 325.6 325.4 326.4 328.2 326 324.1 321.7 320.2 319 318 317.7 317.5 314.7 311.8 310.4 309.7 308.9 308.4 309.6 310.7 310.1 307.4 308.6 308.6 308.6 310.1 313 312.7 312.2 311.7 311.1 310.7 310.4 310.5 310.7 310.4 309.7 308.6 308.7 308.7 306.5 301.9 295.9 292 289.1 286.2 284
346.5 345.7 343 337.2 342.7 343.5 344.2 344.2 343.7 340.9 340.2 342.6 344.2 344.3 345 344 343.3 342.5 339.8 335.7 335.3 334.3 333.8 333.8 333.1 331.6 330 330.4 331 329.9 326.9 326.1 324.6 325.1 325.2 324.8 323.2 321.1 319.5 318 317.2 317 316.2 313.3 311.1 310.2 309.5 308.6 307.8 308.7 309.3 308.8 307.3 306.4 308 310.7 313.3 314 312.9 312.3 311.7 311.1 310.8 310.7 310.6 310.8 310 309.3 308.4 305.4 305.1 302.4 297.9 294.6 289.9 285.9 283.6 282.2
347.5 346.5 342.1 338.7 345.1 344.3 344 346.5 345.4 346.8 350.4 350.6 352.3 349.4 346.6 345.2 344.1 343.5 340.6 336.8 334.7 334.4 333.1 333.7 332.1 332.8 328.9 328.8 328.9 328.2 326.9 326.6 325.3 324.1 324.4 323.5 322.2 321.2 320.2 317.7 316.2 315.6 314.4 312.4 310.8 311.5 310.8 309.8 308.1 307.3 307.8 307.9 307 308.2 310.7 310.7 312.4 313 313.3 312.6 312.7 312.5 311.6 311.1 311.2 311.7 311.3 310.2 309.2 306.7 305.1 298.2 297.3 296.5 293.5 291.2 287.8 285.8
347.8 344.1 340.6 345.9 350.4 353.9 351.9 353.3 357.4 356.1 359.1 357.7 355.7 354.3 349.8 347.7 344.8 343.3 341.1 337.8 335.4 335.6 334 331.8 331.2 332.7 332.2 327 328.2 327.6 326.5 325.9 325 323.9 323.9 323.4 321.8 321.3 320.6 317.7 315.7 314.3 312.9 312 311.8 313.6 314.2 312.3 309.8 308.3 307.1 306.7 306.6 307.9 309 308.3 310.1 311.7 312.7 313.7 313.8 313.5 312.5 311.5 311.7 311.3 310.2 309 308.1 309.1 306.3 304.3 301.8 300 295.4 292 288.7 284.6
348.3 345.7 341.1 351 356.1 359.3 359.7 361.6 363.7 363.1 363.2 359.9 356.8 353.7 351.1 347.7 344.3 342.3 340.7 339.5 336.7 337 334.8 332.5 331.3 330.4 334.7 328.7 325.3 325.1 325.1 324.3 323.9 322.8 322.5 322.7 321.7 321.5 322.1 317.7 315.5 313.8 312.9 312.4 312.9 316.4 315.4 312.2 309.7 308.5 307.5 306.5 306.6 307.8 307.1 304.9 307.2 309.6 311.5 312.8 313.2 313.1 312.6 312.2 311.5 310.3 309.1 306.9 306.1 307.4 306.9 304.4 301.9 299.5 296.5 292 287.7 283.3
347.8 341.7 348.5 354.2 356.2 358.2 362.9 365.7 361.8 361.8 361.8 362.1 361.3 357.3 354 351.2 344.3 341.2 341.1 339.3 337.7 337.6 334.7 332.7 330.5 330.4 331.8 327.5 323.2 322 321.6 324.7 324.2 323.3 321.3 321.1 320.7 319.4 319.8 317.4 315.3 313.3 313 312.8 313.7 313.7 312.2 310.3 308.7 307.6 306.6 308.3 308.5 307.7 305.8 304.5 304.5 308 309.8 310.7 311.1 311.5 312 312 310.6 308.7 306.3 305.4 305 305.4 303.8 302 299.3 297.2 295.2 291 286.2 282.3
346.1 347.3 352.1 354.4 359.5 362.4 366.7 365.1 361.8 361.8 366 364.1 364.4 362.4 359 353.1 346.9 341.2 340.3 339.3 339 337.9 335.6 333.4 331.2 331.6 330.7 328.3 323.1 321.6 321.6 325.2 324.2 323.9 321.8 320.6 318.4 316.7 316.4 316.4 314.9 313.5 312.9 312.9 314.3 313.5 312 310.4 308.5 305.7 307.2 310.3 308.9 306.8 305 304.7 304.5 306.8 309.2 309.7 309.9 310.2 311.2 311.5 309.1 305.8 304.9 304.1 303.9 302.5 300.9 299.8 298.4 296.8 294.7 291.2 284.2 280.1
344.6 354.4 354.7 356.9 363.3 367.7 371.6 371 367.8 364.8 369.2 368.4 364.9 358.6 355.8 356.4 349.6 342.5 340.5 340.4 339.1 337.4 336.4 336 332 330.2 329.3 327.3 322.5 321.6 321.6 323.2 322.7 323.6 321.1 319.8 318.5 318.1 315.5 314.2 314.1 314.2 314 313.4 315.5 313.3 311.7 310.6 309.4 306.2 307.9 308.9 307 305.1 305.3 305.6 305.8 307.8 309.1 308.8 309 308.5 310.7 308.3 305 303.7 302.6 302.8 302 301.1 300.1 298.5 297.4 296.3 295.1 291.6 285.2 280.3
347.6 353.1 358.3 362.3 360.7 366.2 376.2 372.1 369.8 369.9 369.5 369.1 366.9 362.6 355.2 354.3 350.7 345 341.7 340.1 338.2 337.1 336.4 337.5 333.7 328.1 326.7 325.5 324.6 321.6 324.6 324.9 324.2 321.5 319.7 320.8 320 318.7 316.7 314.7 312.4 313.7 314 314.5 313.9 312.2 311.6 310.9 309 304.9 306.5 305.6 304.4 304.5 305.4 306 306.7 307.5 307.8 307.5 306.4 305.3 303.9 303.3 302.8 302.2 301.6 301.3 301.5 300.8 299.7 297.8 296.1 295 293.3 290.9 286.9 282.4
359.6 357.4 360.5 366 363.6 364.3 367.6 369.9 370.1 369.1 368.8 367.4 365.3 364.3 359.1 353.2 351.4 346 343.1 339.6 337.6 335.8 335.6 333 330.6 328 327.6 327.4 328.6 327.7 325.6 325.1 324.2 321.6 319.6 318.3 318.1 316.9 315.5 314.4 312.2 312.6 313.3 312.8 312 311.7 311.5 310.2 308.5 306 303.8 303.1 304.6 303.8 302.8 304.2 304.8 304.3 302 302.1 303.2 301.8 301.3 301.1 300.7 300.2 300.5 300.4 300.4 300.2 299.2 297.4 295.6 293.8 292.2 289.5 285.8 282.3
356.7 360.9 363.9 366.6 366.3 368.2 368 367.6 367.6 367.4 365.7 365.4 363.6 362.6 359.4 354.4 351.1 347.2 345.5 341.5 337.1 334.7 333.9 330.7 328.4 326.8 325 325.8 327.3 327.5 326.4 324.2 321.8 320.3 319.3 317.8 316.3 315.4 314.5 313.6 311.7 310.9 312.2 312.3 311.8 311.7 310.8 309.5 307.9 306.4 304.9 304.1 306.4 306.8 306.1 304.9 300.8 300.3 302.3 296.6 300.4 299.6 299.3 299.5 299.5 299.3 299.3 299.2 299 299 299 297.1 295.2 293.5 291 287.8 284.2 281.1
360.4 364.2 367.7 368.5 368.4 372.5 370.9 368.2 366.2 365.3 364.5 363.8 362.8 361.9 361 351.9 348 345.4 345.9 343.7 336.4 333.5 330.6 328.9 328.4 326.9 324 322.4 324.3 324.4 325.1 323.5 320.6 318.9 318.2 316.9 315.6 314.3 313.5 312.6 311.6 309.5 311.2 311.7 311.8 311.1 310.3 309.1 307.8 306 305.4 305.7 306.6 306.8 306.3 305.4 304.9 304.8 301.5 296.9 296.7 297.4 297.8 298.3 298.5 298.2 297.8 297.7 297.6 297.1 296.5 294.1 291.8 290.9 289.1 285.7 281.5 277.6
363.6 369.9 371.8 369.6 368.2 371.5 375.1 371.7 368.8 367.9 365 363.5 361 359.5 354.5 347.2 343.2 342.8 342.1 341.7 334.2 331 327.9 327.3 328.3 325 322.6 321.9 322.2 323.2 321.3 319.5 319.5 318.7 317.3 316.3 315.5 313.4 312.1 311.1 309.5 308.3 311 311.3 311.6 311.1 310.4 309.6 307.8 306.4 307 306.7 306.5 306.3 305.3 304.1 301.9 299.6 296.9 295.2 295.5 296 297.3 297.6 297.9 296.7 296.1 295.8 295 294.3 293.4 291.8 288.9 285.5 286.5 285.2 281.8 277.2
369.8 375 375.8 374.9 371.9 373.7 373.9 373.7 371 368.7 367.9 364 360.4 357.3 351 345.8 342.3 339.1 339.1 339.1 330.9 327.3 324.7 326.3 328.7 324.7 321.4 320.9 324.3 326.8 323.2 317.4 318.3 317.8 316 314.5 312.8 311.3 309.9 308.8 308.1 307.9 310.8 311.1 311.2 310.8 310.1 308.7 307.2 308.5 309 308.2 307.7 307.3 305.1 302.3 299.7 297.9 294.5 294.6 295.7 296.4 297.4 297.6 296.7 295.2 294.1 293.1 292.3 292.3 291.2 289.6 286.7 283.9 279.8 280.2 278 273.8
377.2 380.2 386 388.5 385.3 382.7 380.8 378.3 371.7 369 368.4 366 364.4 359.6 352.2 346.6 341.8 337.5 334.3 335.6 326.7 323 323 325 325.4 322.7 320.1 320.3 321.8 323.2 321 318.4 316.9 315.2 314.2 312.5 311.3 310.3 308.6 307.9 307.6 308.7 310.9 310.1 310.7 310.3 309.2 308.2 310.1 312.3 310.6 308.8 308.2 307.5 305.2 301.6 299 296.5 293.4 295.8 296.7 297.4 297.9 297.2 294.4 293.2 292.3 291.9 291 291.1 291.1 289.3 287.1 284.7 280.1 272.6 273 269.6
387.2 387.9 388.7 394.7 398.3 399.3 390.5 386.1 377.1 374.4 372 367.1 368.6 366 360.7 356.2 347.1 338.6 333.4 326.6 323.9 322.5 322.3 323 322.5 321.1 319.6 320.2 320.2 321.1 318.4 317.2 316.2 314.5 313.9 311.5 310.4 309.3 308.8 308.1 308.6 309.8 310.9 310.6 308.7 310 309.4 309.7 312.4 313 310.9 309 308.7 307.7 305.7 302.3 298.3 296.3 291.7 296 297.3 296.8 295.1 293.4 291.4 289.7 288.2 289.3 290.4 290.7 290.6 288.3 286.2 280.8 276.8 274 271.6 263.5
378.7 384.2 384.4 396.1 402.7 406.1 404.6 400 391.6 385.2 377.2 375 373.2 374.6 367.2 361.5 346.7 340.2 331.9 329.7 324.3 322 324.1 325.4 321.6 318.3 318.8 320.6 320.9 318.3 316.5 314.5 313.5 311.9 311 309.3 308.1 306.6 307.3 308.8 310.1 311.1 312.2 312 308.7 308.7 311.2 312.1 312.6 312 310.5 309.5 308.5 306.8 304.6 298.9 297.1 295.9 294.4 292.8 294.9 294.5 292.7 291.7 291 288.2 290.2 286.4 289.7 288.6 287.3 284.8 280.3 277.7 275.9 274 271.8 266.5
383.1 384.3 392.9 404.3 410.9 416.4 416 412.2 403.1 390.7 382.2 382.3 380.2 379.4 367.5 362.6 346.3 338.3 337 335.8 329 321.5 324.9 325.1 320.3 318.3 317.9 320.2 319.5 321.2 314.6 313 311.8 310.2 308.3 306.7 304.9 307.3 308.1 309.5 311 311.2 312.2 310.7 308.8 311.4 312.6 313.1 312.4 311.4 310.4 309.4 308.3 305.4 301.2 297.1 295.1 294.1 293.5 291.5 291.3 290.5 290.3 289.6 291.2 291.2 290.1 287.6 284.7 282.9 282.3 280.6 278.4 277.2 275.1 272.3 269.2 265.8
401.2 397.7 409.7 415.9 425.4 430.9 428.4 415.9 406.2 397.4 383 382.1 381.9 377 364.4 360.3 354.1 341.7 342.8 335.9 332.8 322.5 322.4 323 318.8 318.9 317.2 317.4 317 317.1 313.5 310.6 309.4 307.9 305.6 303.2 304.3 308.4 309.1 307.2 310.8 310.5 310.5 310.6 310.4 313.1 314 313.4 312.7 311.5 310.4 309.4 307.6 304.4 299.4 297.4 295.8 294 293.4 292.5 292.5 291.6 293.4 294.4 293.7 289.5 287.4 284.5 283 279.6 279.5 278.6 278 276.8 274.6 270.5 265.7 260.7
412.7 415.1 421.6 429.6 433.3 430.5 425.5 418.6 411.5 396.8 387.4 386.9 387.8 378.2 367.7 357.9 356.9 351.7 348.5 332.7 324.4 323.2 322.3 318.3 316.3 315.9 313.2 314.3 315.4 317.5 310.3 308 307.1 305.2 303.1 305.1 306.8 309.2 309.5 309.6 310.2 310.5 310.2 310.2 311.5 314.1 314.9 314.3 313 311.7 310.5 309.5 307 304.5 301.9 299.1 297 295.8 295.5 295.1 295.1 295.2 296.2 294.7 291 287.7 284.9 283 281.3 277.9 274.2 275.9 275.4 274.9 270.7 266 262 254.6
421.4 424.1 426.9 429.9 431.7 429.4 428 420.2 414.3 400.9 395.1 394 390.8 377.1 369.2 362.1 362.2 356.2 347.4 332 327.6 326.8 321.1 316.2 313.2 310.9 311.3 312.1 312.2 312.2 309 305.6 304.7 303.7 303.7 305.5 308.1 310.8 310 310.1 310.4 310.6 310.2 311.3 312.5 315.7 315.1 314.1 313.1 311.8 310.7 309.7 308.7 306.2 302.8 300.6 298.7 298 297.4 296.3 295.4 295.4 294.9 291.6 288.6 284.7 282.9 281.5 278.1 275.2 271.2 269.7 269.4 267.4 264.2 261.6 257.9 249.5
432.3 431.5 430.2 429.6 431.6 430.8 428.3 422.2 416.4 407.7 398 394.5 388.8 376.4 368.3 363.6 362.4 353.3 345.8 332.4 331.8 325.9 317.4 313.7 311 309.4 310.8 310.6 309.5 307.6 304.8 302.7 301.4 300.3 303.4 305.4 309.8 311.8 310.6 310.2 309.7 310.4 310.3 311.5 312.8 314.3 314.3 314.1 313.1 311.8 310.9 309.9 309 306.4 303.5 301.9 300.1 299.3 298.3 296.5 295.1 294.2 292.3 290.5 287.1 283.4 281.2 278.6 274.5 273 267.9 264.6 263.1 262.5 260.4 257.3 253.2 245.3
451.9 449.6 442.6 440.1 440.6 439.3 438.4 435 426.7 417.2 407.4 395.3 387.1 374.2 365 359.8 354.6 347.5 339.2 329.3 329.8 318.7 315.5 311.3 308.3 308.4 310.7 310 308.3 304.4 300.4 299.9 298.8 299.3 302.3 305.9 312.9 310.6 309.7 308.8 309.1 309.8 310.4 311.3 312.1 314.1 314.2 313.9 313.1 312 311 309.9 308.4 306.2 304.6 303 301.5 299.8 298.1 295.9 294 292.9 290.7 287.4 284.3 281.7 278.9 274.5 271.6 271.7 269.6 259.9 256.6 258.7 257.6 252.3 247.4 241.9
459.6 457.4 451.3 453.9 458 466.7 472.6 463.8 446.1 426 409.5 393 385.4 371 365.1 356 352.1 343.5 337.1 326.5 325.5 321.7 317 312.1 308.9 307.8 310.1 309.2 306.7 303.2 298.1 297.8 296.7 298.3 301.1 308 308.5 307.6 306.9 306.9 307.6 308.4 309.3 310.2 311.1 313.3 313.5 312.9 311.8 311.6 310.6 309.5 307.4 305.8 305.2 304 301.9 299.6 297.6 295.2 292.9 291.3 288.3 285.3 282.2 279.8 276.2 271.8 268.7 267.1 263.9 261.1 258.5 250.2 253.7 247 241 233.2
471 469.3 467 469.3 470.5 474.8 481.3 484.5 466.9 452 423.3 402.4 387.9 380.5 377 363.4 352.8 345.2 334.3 326.6 322.6 318 316.7 314.6 310.9 307.4 308.1 307.7 304.9 302.1 298.2 296.2 295.7 298.3 301.5 304.3 306.1 305.1 305 305.3 306.1 306.4 307.8 309.1 310.1 312.5 312.7 312.3 311.1 310.6 310.2 308.7 306.5 305.8 304.9 304 301.6 299.2 296.9 294.5 292.1 289.3 285.6 283.6 281.4 278.8 275.3 270.4 265.7 261.5 259.5 255.7 253.8 251.6 242.8 243.4 234.7 228.8
487.7 487.9 486.5 487.1 488.3 487.7 500 499.7 483.5 460.8 437.3 411.9 405.8 394.3 381.8 370.8 357.6 347.1 338.4 324.7 322.2 319.5 314.1 313.8 308.6 307.4 309 308.4 303.7 300.4 298.1 295.5 295.5 298.9 300.4 302.2 303.7 303.3 303.4 303.7 304.2 304.9 306.3 307.6 309.1 310.8 311.4 311.9 311.1 310.6 309.8 307.4 306.1 305.4 304.6 302.8 299.9 297.8 296.1 294 291.2 287 283.8 281.5 279.5 277.6 274.3 270.7 267.3 260 258 253.9 250.2 247.2 237.4 236.5 226.2 219
513.4 504.9 498.3 498.4 496.6 502.1 516.5 510.3 497.3 464.8 436.6 425.5 422.8 404.7 387.8 370.5 357.5 350.9 337.1 323.6 319.1 317 316.4 308.5 307.1 307.3 307.1 306.1 303.6 299 296.5 294.6 296.1 298.9 300.8 302.1 301.8 301.5 301.6 301.9 302 303.5 304.8 306.3 308.4 309.5 310.2 310.8 310.8 309.7 307.2 306 305.2 305.1 304.3 301.5 298.6 296.8 295.1 292.8 288.7 284.7 282.6 280.6 278.5 276.3 272.6 269.5 265.9 259.5 253.6 250.5 245.2 243.2 240.2 228.1 218.4 211.8
519.8 518.3 505.9 505.7 505.2 511.9 517.7 512.5 501.3 467 447.7 440.5 432.5 417.6 399.9 374.8 356.8 347.8 339.2 327.4 323 320.5 312.1 307.9 307.1 309.2 301.9 303.1 301.3 297.6 295.1 294 296.5 299.4 301.2 301.4 299.3 298.1 297.1 299.7 300.4 302.1 303.7 306.1 308.1 307.9 308.8 309 308.5 306.5 304.6 304.3 303.9 303.6 302.1 299.3 297.7 295.9 293.9 290.3 286.1 283.7 282 280 278 274.9 269.8 266.4 262.6 258.3 246.7 241.4 240.7 240.3 234.4 222 213.7 205.9
518 519.9 515.1 518.5 521.4 522.3 522.7 517.4 502 479.1 471.2 457.1 436 417.5 399.4 378.9 362.7 351.7 338 334.7 332.2 322 312.6 307.8 308.6 308.7 306.3 298.9 298.4 296.6 293 294.2 297.7 300.4 300.4 297.5 295.6 293.9 295.2 297.3 299.5 301.1 303.6 305.9 307.3 306 305.4 304.7 304.4 303.8 302.7 303.6 303.2 302.6 300.7 298.7 296.9 294.7 292.1 288.3 284.6 282.7 281.1 279.1 275.5 271.8 265.4 263.3 258.1 251.1 242.1 237.1 235.2 229.1 221.2 215.3 209.9 205.7
520.6 521.9 522.6 529 534.8 536.5 534 523.7 502.3 496.8 483 463.5 434.9 416.9 402.5 383.4 366.4 353.4 344.9 340.5 330.4 321.9 313.9 310.1 309.2 308 306.2 301.2 296.9 294.8 292.6 292.6 295.1 296.9 296.5 293.7 293.4 294.4 295.6 296.8 298.1 300.3 302.3 304.3 303.5 302.3 301.6 301 300.7 301 301.3 302.1 302.5 301.5 300.3 298.3 295.5 292.4 289.7 286.3 282.6 281.2 278.9 275.3 273 267.5 260.1 256.4 251.7 243.1 235 230.5 223.8 219 213.8 210.1 207.9 204.3
530.5 536.2 542.1 546.8 551.7 552.7 544.6 526.9 520.3 509.5 488.9 464.8 441 418.4 404.4 385.1 370.7 361.1 351.1 337.8 331.7 323.5 319.7 311.9 309.7 308.2 304.3 300.5 297.2 293.8 292.2 291.2 293 292.2 292.5 293.1 293.7 294.3 294.9 295.3 295.9 297 298.9 300.3 300 299.6 299.1 298.4 299 299.8 300.6 301.3 301.4 300.4 299.3 297.4 294.2 290.6 287.2 283.6 282 279.9 276.1 272.2 269.7 262.6 254.7 246.7 244.8 236.5 229.1 224.9 220.5 214.6 215.2 210.7 206.4 204.8
556.3 567.8 578.5 586.6 584.8 561.2 551.8 550.4 548.4 522.2 506.7 477.4 448.2 421.4 400.7 385.9 380.6 371.6 359.5 341.4 332.4 323.5 319.3 314.2 310.6 306.9 303 299.9 297 294 292.1 291.2 291.3 291.3 292.1 293.2 293.2 293.1 293 292.6 292.3 294.2 295.6 296.7 297.4 297.2 296.8 297 298.5 299.3 300.6 300.7 300.4 299.5 298.4 296.2 292.6 288.6 285.3 283 281.4 278.7 273.6 268.6 263.9 257.2 250.6 241.1 234.3 230.4 221.7 215.8 214.1 212.8 211.5 204.5 208.1 212.4
