data/210000-710000.asc
ncols 200
nrows 200
xllcorner 210000
yllcorner 710000
cellsize 50
[rows 105 to 139 of 200, columns 0 to 78 of 200]
324.6 329 338.1 347.8 356.5 366.2 379.8 390.4 401 405.9 410.7 414 417.9 427.5 438.2 445.9 450.2 459.1 461.9 470.7 475.4 477.7 479.8 470.3 454.5 451.9 452.3 451.2 446 435 429.1 412.9 389.2 358.3 355.8 347.1 331.3 316.7 305 303.7 309.7 304.7 302.7 304.6 299.8 294.7 290.8 288.1 282.5 282 278.8 272.6 271.1 263 254.3 244.7 235.6 224.4 212.1 201.1 192.2 177.8 148.7 134.2 118.4 101.2 79.6 53 32.1 9 7.8 7.7 8 6.9 14.4 28.9 41.1 58.6 73.1
328.1 337.6 348.5 356.2 363.9 374.4 386.8 398.3 407.9 413.4 418.8 421.9 430.9 437.3 445.6 452.5 461.4 464.3 462.8 470.6 470.2 469.6 468.5 454.9 452 452 453.8 448.1 439.9 439.7 431 412.2 378.5 355.4 330.6 321.5 307.6 299.9 298 299.9 298.6 288.6 297.4 294.6 289.8 283.9 281 280.8 273.7 276.6 269.9 263.6 262.7 251.1 243.6 235.4 225.2 213.9 201.8 192.6 178.9 159.8 136.2 120.6 105.7 88.8 66.1 43.3 19.8 7.7 7.4 7.4 7.1 10.2 21.9 36 46.8 67.2 83.8
332.3 344.8 359.6 366.7 369.2 383.6 396.5 409.1 414.3 419.8 426.6 432.3 441.3 445.3 452.3 458.4 464.6 462.6 461.7 466.3 468.3 459.7 450.4 447.3 450.4 450.9 449.9 447.4 446.9 435.9 418.7 401.1 365.9 343.9 323.8 305.6 298.6 291.5 285.4 287.3 284.9 283.1 289.1 290.1 282.4 275.8 272.6 270.3 266.9 267.2 263 255.9 244.9 239.9 233.4 225.3 214.4 200.4 191.6 179.7 165.8 143.7 126.2 107.6 91.6 75.2 55.6 31.5 7.8 7.6 7 7.4 8.6 14.5 30.6 44.1 60.5 81.2 90.5
338.7 353 362.5 371.7 374.1 396.8 406.2 416.1 422.7 427 434.8 443.9 449.6 451.5 456.1 462.6 464.6 462.2 458 456.5 446.6 442.1 442.8 444.8 449.3 452.5 452.8 448.6 435.1 424.6 408.8 382.5 350.4 327.8 310.3 300.4 297.3 293.8 284.5 281.3 278.4 277.9 280.5 281.7 277.7 272.4 267.3 261.7 262.5 256.1 257.5 247.3 236.4 231.2 224.3 215.7 204.4 188.7 176 166.1 150 131.7 114.5 98.3 78.9 61 40.7 16 7.5 7.3 6.6 8.9 11.9 24.3 40.1 54.7 70.7 88.3 105.8
342.1 354.3 362.7 371.7 379.8 398.2 413.5 419 424.3 432.9 444.3 451.5 454.1 455.7 458.1 461 463.4 451.5 447.4 443.4 438.3 438 438.9 442.4 444 442.4 436.3 427.8 417.8 405.1 386.3 359.5 332.6 311.4 302.8 303.8 297.1 287.6 283.6 281.8 281.5 272.6 277.9 276.9 272.3 270.1 262.9 262.7 256.4 247.6 246.2 234.9 229.8 223.7 216.5 206.2 191.7 176.8 164.8 154.7 136.4 118.7 102 86.8 67.1 47.5 26.1 7.4 7.1 6 7 9.7 16.1 33.2 49.3 65.1 82.5 99.7 114.8
346 356.6 364.8 371.1 382.5 398.7 409.3 421 429.7 438 447.8 455 451.1 448 450.5 452.7 443.1 439.3 440.5 434.6 435.7 434.4 432.5 435.4 432.4 428.6 422.3 412.8 399.1 380.6 359.5 333.4 312.2 309.4 305.3 299.7 288.7 285.2 279.8 276.5 275.5 274 273.9 269.3 269.2 265.1 255.2 259.3 247.7 242.7 232.6 228.1 222.6 216.3 206.7 194.8 181 165.4 155.9 140.9 123.3 104.9 89.4 73.8 56.7 35.8 12.1 7.2 6.8 6.2 7.1 11.1 23.5 42.8 57.9 70.3 88.8 109 125.3
355 362 368.1 371.3 381.3 396.2 409.3 423.3 430.1 432.8 438.2 436.2 433.2 427.1 427.6 431.2 428.6 428 427.5 429.3 431.3 426.5 426.9 425.3 421.3 417.3 411 397.1 375.2 360.2 333.1 313.3 309.7 308.1 296.9 291.4 285.5 284.1 278.2 276.3 271.5 264.8 262 260.3 260.5 253.5 249.6 248.7 239.4 232.8 226.8 221.1 215.2 210.6 195.6 182.4 169.1 155.8 143 128 111.6 92.7 80.2 62.9 44.9 19.3 6.4 6.7 6.4 6.7 6.5 14.6 34 57 75.1 91.1 103.3 114.6 134.4
353.3 364.5 365.6 366.8 381.1 390.4 397.1 404.8 409.9 416.7 419.3 421 411.4 411.4 413.6 417.5 416.6 418.4 421.1 424.5 424 420.2 419.3 418.1 417.2 408.3 393.1 371.1 348.1 325.7 315.8 312.9 305.5 296.3 291.2 279.8 278.6 275.5 274.5 273.3 272.2 270.8 259.6 253.7 252.8 243.9 245.8 238.6 232 225.5 219.9 214.1 208.6 200.8 186.1 170.8 153.8 143.2 131.6 118.2 99.2 85.7 68.8 47.6 27 7.4 6.9 6.5 6 7.2 7.9 20.8 49.9 76.1 91.3 102.7 115.5 131 141.4
349.7 355.9 359.9 362.4 377.7 380.8 383.6 387.6 387.4 392.1 397.6 397.7 398.1 403.7 415.8 413.1 409.3 412.2 416.2 419.4 417.9 414.8 419.9 410.5 402.7 392.8 370.8 336.9 324 312.5 309.3 304.8 296.2 295 281.9 278.5 272.3 272.4 274 273.1 272 273.1 259.6 250.1 241.1 241.3 236.5 230.2 223.3 218.2 213.1 206.3 198.2 186.8 176.6 158.9 143.2 132 119.3 103.8 86.2 74 54.4 32.5 11.8 7.6 7 7 6.9 6.8 12.4 37.3 71.7 95.5 104.3 115.8 126.5 141.3 155.8
343.9 351.8 354.2 356.9 370.7 376.6 377.5 379.5 381.1 380.3 388 392.2 397.1 405.6 402.8 405.9 405.8 408.6 413 414 412.2 414.5 402.4 391.2 382.1 365.9 336.6 321.4 312.5 309.2 304.2 294.5 292.3 286.3 277.8 272.2 269.4 270.2 271.7 272.6 271.2 263.7 253.8 245.2 235.8 234.9 227.9 221.6 214.5 211.3 208 198.5 188 175.6 161.4 145.3 132.4 119.9 107.2 90.6 77.3 62.1 42.6 17.5 8.5 6.8 6.9 7 5.4 7.7 23.7 55.4 95.8 105.6 116.2 128.5 138.1 151.1 164.2
338 348.9 340.1 351.8 357.9 363.8 368.3 372.8 375.7 383.8 388.9 390.7 394 395.2 397.1 399.6 399.3 405 407.8 408.5 401.9 391.8 384.9 376.2 367.7 347.6 326.6 319.4 315 303.2 291.8 290.4 289.6 278 272.2 268.7 265.3 267.1 272.6 280.8 270.4 257.2 249.4 239.8 226.9 228 221.2 214.9 206.9 204.6 200.9 190.2 177.8 164.7 149.3 132.9 119.3 106.5 90.8 78.9 64.8 51 29 6.7 6.2 6.4 6.6 6.9 6.6 17.8 37.5 65.7 100.6 113.1 127.8 141.2 149.8 161 168.8
331.6 331.1 326 340 351.6 357.5 364.3 376.4 379.8 381.4 384.1 387.1 391.1 391.6 393.1 392.7 394.3 397.6 397.4 388.3 380.6 383.4 372.9 363.6 348.8 329.4 320 324.9 311.8 295.8 278.3 280.2 278.3 273.3 267.1 263.7 263.2 268 280.1 277.6 257.8 251.8 243.4 233.7 224.5 220.4 215.8 211.7 203.7 195.4 190.6 178.7 164.7 152.7 137.8 121.8 106.6 94.9 76.5 65.6 54.1 37 12.4 6.4 6.1 6.3 6.6 5.8 11.1 29.6 49.4 73.8 96.9 117.3 137.2 149.7 159 163.8 169.3
310.6 310.8 320.1 335.6 345.7 352.5 360.1 367.5 369.7 374.6 379.4 382.1 384.2 384.8 385.7 386.1 386.4 388.6 378.7 370.2 363.5 360.5 355.2 339.7 328.4 316.5 314.9 310.7 299.2 286 275.5 271.2 266.8 264.8 265.3 261.8 261.7 268.4 273.7 260.1 251.8 243.7 236.9 230.1 222.5 216.4 208 206 196.3 189.5 179.4 164.5 153.1 141.7 127.3 108.7 98.3 81.6 63.6 52.6 39.3 18.6 7.6 6.4 7 6.6 5.8 7.5 19.9 38.3 56.9 76.8 98.5 119.1 139.6 154.1 163.1 165.8 168.5
293.9 299.8 315.6 327.4 338.1 346.1 354.2 360.1 364.6 367.7 371.5 374.8 373.7 374 375 372.9 370.4 363.6 358.2 356.1 356.5 351.4 336.3 323.9 317.6 312.5 306.9 298.6 287.7 278.7 273 262.6 258.5 259 258.2 257.9 261.8 266.8 260.8 251.3 245.4 238.9 236.1 225.6 217.5 209.7 200.1 194.3 186.6 182 171.5 150 136.8 129.2 111.5 95.5 80.4 66 52 39.4 20.7 8.3 5.7 6.3 6.8 5.5 5.9 13.6 30.7 47.2 62 81.7 100.6 120.9 141.2 154.9 159 164.7 169.7
283.2 295.4 306.1 321.8 332.7 342 346.8 353.4 357 361.2 363.5 363 363.6 367.7 364.3 350 347.5 345.6 346.5 350.7 345.7 331.1 320 315.3 311.7 303.9 296.4 287.4 278.4 277.4 264.6 258.1 258.2 257.5 254.7 254.6 259.9 262.9 253 241.3 236.6 233.5 230.9 219.2 209.9 205.2 196.8 186.5 177 173.1 164.7 145 116.3 107 95.1 80.3 63.8 51.6 43.3 26.8 10.3 6.2 5.5 5.4 5.1 9.4 12.9 23.1 38.1 52.8 67.1 84.5 104.2 121.4 142.2 154.2 155.4 163.2 171.1
277 290.4 304.5 318.1 328 334.6 339.3 344.9 347.5 351.1 350.8 352.6 353.3 351.4 344.1 334.2 336.1 338.7 337.2 333.2 325.3 318.3 315.6 304.2 299.6 292.6 285.8 275.8 273.3 265.4 260 255.5 253.3 250.7 247.2 256.4 260 255.2 242.8 234.1 230.1 227.8 224.4 211.4 203.1 198.4 190.2 182 173.9 161.4 146.8 134 109.8 83 77.4 66.6 53.4 38 27.9 11.2 6.9 5.7 5.5 5.2 8.6 12.4 18.6 28.8 42.3 55.7 67.5 87.5 103.9 125.9 142.8 151 158.1 167.4 173.3
273.9 288.5 301.4 312.3 320.9 326.7 331.2 335.3 337.3 337.8 339.6 341.5 337.4 333.1 326.2 327.8 330.5 330.4 326.7 322 319.9 314.8 307 291.5 287.5 282.4 275.4 267.8 266 260 253.9 253.8 251 246.7 247.5 254.7 257.3 242.5 234.4 229.2 224.2 220.9 213 203.4 198.5 190 182.9 175 167.8 154 137.5 118.6 95.5 74 60.2 54.7 41.3 25.1 13 7.4 5.6 5.6 5.8 5.6 9.1 13.8 22.5 34.8 47.4 60.9 77.4 95.8 117.7 128.9 141 151.4 159.5 167.7 173.9
271.3 286.8 298.7 308.4 314.8 318.2 322.3 326 327.9 327.4 329.2 328.5 319.8 315.6 317.5 322.8 324.4 322.8 318.6 317.5 317.6 310 294.5 282.5 274.3 272.8 263.8 261.5 257.9 251.6 251.2 251.7 243.9 243.2 244.3 250.1 242.5 234.9 226.6 222.1 220 210.2 202.5 198.4 192.6 184 175.2 167.2 156.4 144.6 128.9 107.3 81.7 60.1 44.2 42.2 28 12.1 7.8 5.6 5.3 5.1 5.2 5.7 10.3 16.6 26.2 39.2 53.4 67.6 84 97.7 115.8 133.1 145.5 154.9 163.2 170.2 178.6
272.1 285.6 296.5 303.5 307.8 311.8 313.6 316.4 316 312.1 312.7 309.8 307 302.7 313.4 321.6 323.9 321.2 316 316.7 308.8 298.5 282 273.5 268.4 267.1 250.9 258.4 250.5 246.6 247.1 244.3 237.5 232.1 242.7 242.8 235.3 229.1 218.4 213.9 210.1 202.5 195.8 191.4 185.1 177.9 169.2 156 146.3 136.2 117.9 92.1 68.6 46.2 29 27.5 13.9 8.3 6.6 5.6 5.3 5 5.8 6 12.1 21.1 31.5 44.4 58.9 73.2 90 108.8 122.9 134.2 147 154.6 165.4 172.5 180.6
267.1 276.8 287 295.7 299.9 306.4 305.3 305.1 300.7 296 297 295.7 292.3 302.9 314.8 322.5 324.4 318.9 312.8 304.4 294.4 279.7 272.9 267.2 261.3 250.4 245.7 249.2 246 242.9 243.6 236.9 235.4 234.5 236.4 236 227.4 219.7 210.7 206.3 202.1 197 191.1 182.5 175.8 170.1 159.3 148.6 138 124.2 104.2 78.7 52.9 33.9 24.4 17.5 9 7.6 6.8 6.3 5.8 5.1 5.5 8.7 17.6 27 37.4 49.9 64 79.1 93.7 114.5 132 145.9 154.8 162.3 164.7 173 180.8
252.6 262.7 272.7 283.6 292.5 300.3 296.7 289.2 286.6 280.7 282.7 283.4 290.7 302.8 312.5 326.3 319.8 308.6 299.2 289.8 277.4 269.4 267.2 268.7 250.8 244.7 240.5 239 238.8 239.7 235.6 232.2 231.5 229.1 234.4 236.3 218.5 210.9 205.3 200.4 197.5 192 184.8 176.4 168.1 161.1 150.9 140.5 126.7 109.1 90 61.4 40.9 23.7 12.6 11.9 8.9 8.1 7.6 7.1 6.6 5.5 5.8 13.3 22.9 32.5 44.1 56.2 70.4 87.8 104.6 120.9 137.7 150.9 162.5 166.7 168.4 171.9 178.8
239.6 250.4 263.2 274.8 278.8 276.9 275.9 271.5 269.4 272 273.2 278.1 286.9 298.6 319.8 318 312.2 295.7 283.9 275.4 267.7 266.2 266.7 263.6 245.4 241.4 238.3 238.2 232.2 234.1 229.8 228.6 229.4 226.3 228.1 220.1 213 205.7 200.9 194.6 192.3 184.4 178.3 170.2 162 150.7 141.5 131.6 113.7 91.9 64.9 44.4 29.2 15.7 11.1 8.4 7.8 6.9 6.5 7.4 6.1 5.7 9.3 18.3 28.7 38 50.2 63.6 78.8 96.9 116.9 130.4 145.7 159.7 166.7 169.9 171.4 175.1 182.8
236.1 246.3 255.9 262.9 264.9 260.7 258.3 257.5 256.3 261.1 261.2 269.7 282.6 300.4 302.5 298.1 294.5 276.4 270.6 265 265.6 266.3 264.3 246.6 241.9 237.5 236.5 234.9 226.8 227.2 225.2 225.3 224.8 216.8 216.9 212.5 205.2 199.7 195.2 190 185.1 178.6 169.9 162.5 154.7 143 134.3 120.1 108.2 71.6 49.5 33.3 19.5 10 7.9 7.2 5.2 4.5 6.3 6 5.9 7.8 14.6 24.7 34.9 47.7 60.3 72.5 86.3 103.7 124.2 138.3 149.8 164.3 166.3 169.4 172 178.1 185.2
229.2 236.8 240.9 245.4 247.7 248.3 249.9 249.1 247.1 249.6 251.4 266.6 279.3 284.8 284.6 282.1 272.7 265.9 262.7 267.5 269.3 269.3 248.7 241.7 236.8 232.4 232.7 230.1 227 222.8 222 223 223.5 212.1 210.1 205.7 199 194.1 187.2 184.6 179 171.5 162.8 153.6 145.3 133.8 124.9 112.9 111.5 55.8 37 22.2 8.8 4.8 5.6 5.1 4.3 5.9 4.9 5 7.4 11.5 20.6 31.1 41.4 54.5 68.6 79.6 91.9 108.5 126.8 141 152.7 168.2 165.2 168.9 172.3 178.4 185.8
216.5 221.5 225.7 230.9 230.2 235.6 235.9 233.9 234.2 236.6 245.2 259 267 268.8 268 265.7 259.6 262.6 265.5 261 261.3 254.8 244.8 236.3 232.2 227.9 225.1 222.3 221.8 218.8 220.2 226.9 216.2 207.3 203.6 199.2 194.4 189.2 181.1 178.9 172.1 165 157.2 146.5 134.6 123.4 109.6 100.3 64.2 39.6 26.4 12.4 3.7 3.7 4.7 4.5 5.1 5.8 6.1 6.9 11.5 18 26.4 36.1 47.2 59.3 70.9 81.3 94.3 108.5 125.7 139.2 151.7 165.2 164.9 168.3 170.6 178.1 188.4
204.5 208.7 212.1 213.5 214.8 215.3 216.1 216.1 223.6 230.4 240 248.6 255.7 253.4 252.9 253.3 255.8 258.8 253.3 251.2 248.5 243.8 235.3 231.1 228.2 222.6 219.6 218 216.3 218.5 223.2 223.1 211.8 205.7 196.2 194 191.5 185.6 176.7 168.1 164.6 157.3 148.9 137.4 123.3 109.7 96.7 73.2 45 26.8 13.6 3.8 6 5.9 5.6 5 4.8 5.7 8.5 11.9 15.1 23.2 31.9 41.1 51.1 62.5 72.9 83.9 95.3 108.1 121.6 136.1 147.7 156.2 159.7 164.7 173.2 182.6 190.7
195.9 197.6 201.7 202.4 202.1 201.5 206.3 210.4 218.3 227.5 235.4 242.2 243.9 243.8 243.4 249 248.3 247.3 240.9 242 240.3 233.4 228.1 225 221.2 217.1 216.6 215.5 216.6 216.7 226.5 213.5 205.3 200.7 190.1 190.4 187.3 180.6 171.3 161.9 155.4 149.5 137.8 124.7 111.1 98 80.4 55.2 30.3 15.3 6.9 5.4 7 7.3 7.8 7.6 7.8 5.9 10.3 15.4 20.9 27.9 37.7 47.3 55.5 66.3 77.2 88.3 99.6 112.1 124.4 135.4 146.4 153.1 164.4 171.6 176.9 184.5 191.7
186.6 188.7 194.9 197.7 195.6 191.8 199.1 202.4 221.3 231.5 238.2 239.1 234.4 234.5 232.6 238.1 236.8 231.2 231.2 237.5 233.9 226.4 223.7 219.7 215.5 215.2 213.4 213.6 213.8 216.4 214.3 204.1 199.1 193.1 187 186 179.6 172.2 164.4 156.8 146 136.7 127.7 113.7 101.8 82.3 65.8 39.8 17.6 8.4 3.3 6.5 6.6 7.4 8.2 9 11.1 12.1 8.8 16 23.7 32.4 41.6 49.4 60.2 70.9 81.8 93 103.8 114.7 126.3 136.6 147.8 156.8 165.1 173.3 177.8 185.2 192.4
176.7 182.1 187 186.5 184.4 184.6 196.4 195.7 212.5 228.5 234.3 234 225.4 223.9 224.5 225.3 225.8 221.4 223.9 227.2 223.1 218.3 216.8 213.7 214.2 215 215.5 208.9 206.2 211.2 203.7 200.3 194.4 187.8 180.5 175.7 171.9 164.9 156.1 149.6 138.5 125.7 113.8 103.1 88.7 69.7 51.5 28.4 10.8 5.6 4.7 7 6.6 7.4 8.3 9.2 11 13.3 17 25.1 20.4 32.2 45.4 55.1 64.8 75.6 85.9 96.4 106.8 116.8 128 138.6 148.4 156.7 163.4 169.9 177 182.7 189.8
173.5 175.3 179.2 179.1 177.5 177.7 184.8 195.2 207.7 217.7 221.7 218.8 213.4 211 212.4 211.7 217 220.1 217.7 216 216.3 214.5 213 212.1 213.4 218.4 209.9 200.6 201 202.5 196.9 195.1 190 182.6 175.5 171.9 165.4 155.1 147.6 139.1 129.5 118.6 103.4 91.5 71.4 56.4 37.1 19.1 6.8 3.7 5.5 6.3 6.5 7.4 8.6 10.8 12.5 15.3 25.4 32.5 40.4 45.2 37.6 56.1 70.1 82.5 92.5 100.7 107.8 118.4 128.8 140.3 148.9 154.5 159.4 165.4 172.3 178.9 187.6
168.9 170.8 170.4 170.6 168.9 173.1 181.5 189.3 198.9 207.7 210.6 208.4 204.4 202.3 205 212.1 215.4 212 212.7 213.4 213.2 211.8 210.4 213 212.4 207.4 200.8 203.1 196.1 196.9 193.3 189.9 184.9 177.1 170.5 168.5 158.9 146.7 139.5 131.1 117.1 105.5 100.5 71.3 49.9 37.4 21.7 11.7 5.3 3.2 3.8 4.5 5.5 7.6 9 13 19.5 27.4 35.9 47.1 56.9 64.1 70.3 47.7 63.4 87.8 97.2 109.2 109.9 119.2 128.1 138.7 145.4 150.6 155.6 161.6 168.7 176.3 185.5
161 164.2 161.7 161.3 164.1 169.6 174.1 186.6 193.2 196.8 198.9 196.1 197.9 199.1 201.2 202.5 207 206.5 208.7 208.4 208.7 209.9 210.8 209.5 203.9 198.9 198.5 200.6 193.7 192.1 189.3 187.7 178.7 171.8 169.6 160.3 148.9 140.7 129.8 119.4 105.4 96 77.4 55.4 41.4 21 9.4 5.7 4.3 2.9 2.9 3.4 4.1 7.1 12.9 21 30.8 42.1 52.6 63.9 71.7 78.4 85.6 83.5 48 77.9 93.8 105.4 112.8 119.3 126.9 133.7 141.7 146.9 152.8 158.6 166.6 176.1 185.4
152.6 153.8 156.5 157.3 161.6 164.9 173.1 181.2 184.2 187.4 190.5 195.5 194.1 194.4 194.5 194 196.6 199.6 202.7 204.5 207.5 208.2 203.5 200.6 198.2 197.6 196.9 197 189.8 182.7 183.1 179.8 171.2 169 160.3 153.4 139.6 132.7 121.1 103.8 94.7 80.4 62.3 44.1 24.6 8 4.1 4.3 4.1 3.2 2.5 3.1 3.9 8.7 19.2 28.8 42.6 56.7 68.8 79.1 88.1 94.5 100.4 105.4 87.1 69.5 69 83.7 100.6 100.8 114.4 129.4 138.1 143.9 149.9 159.1 167.7 176.1 184.4
148.3 151.6 155 158.7 165.2 166.9 170.4 175.3 181.3 182.8 185.8 188.4 187.5 191.3 192.6 189 190.6 195 200.9 207.3 205.2 201.2 196.9 193.7 196.4 194.8 191.1 188.4 184.9 181.5 177.5 170.5 167.4 160.7 153.7 144.8 134.1 123.3 110.5 95.3 83.4 66.5 48.5 36.5 9.6 5.8 4.7 4.6 4.4 4.2 2.7 2.4 6.4 13.2 30.3 42.5 55.9 69.9 83.4 94.1 103.3 110.1 115.7 121.7 118.8 109.3 106.4 113.7 118.2 123 114.9 123 134.8 141.7 150.4 158.4 167.6 176 183.4
147.1 150.4 153.1 154.1 160.9 162.8 167.4 170 176.3 177.4 179 179.7 181.1 185.1 187.4 187.4 190.8 195.3 198.6 202.4 198.2 193.7 191.5 188.4 191.9 188.4 184.6 181.8 177.7 175.9 170 165 162.3 155.6 148 137 125.4 111.4 97.9 83.4 64.8 51.2 36.4 20.4 5.8 4.6 4.7 4.8 4.4 4.4 3.4 5 12.2 24.7 41.4 56 69.2 83.7 96.8 108.5 117.8 124.7 131.1 138.6 137.5 135.1 136.2 138.1 138 139 138 119.5 124.8 135.5 143.7 152.5 164.9 173.2 176.1
