data/210000-650000.asc
ncols 200
nrows 200
xllcorner 210000
yllcorner 650000
cellsize 50
[rows 49 to 97 of 200, columns 96 to 191 of 200]
-1 -1 -1 -1 -1 -1 -1 -1 -1 -1 -1 -1 -1 -1 -1 -1 -1 -1 -1 -1 -1 -1 -1 -1 -1 -1 -1 6.4 6.5 6.9 16.8 54.3 59.7 63.3 64 70.4 75.1 77.5 77.2 76.2 75.2 71.8 72.2 75.9 77.3 79 83.2 83.9 80 76.9 80.7 80.4 74.9 68.1 61.6 59.2 59.8 60.8 58.9 52.5 44.9 35.1 26.5 16.5 8.6 5.2 4.4 3.6 0.6 -1 -1 -1 -1 -1 -1 -1 -1 -1 -1 -1 -1 -1 -1 -1 -1 -1 -1 -1 -1 -1 -1 -1 -1 -1 -1 -1
-1 -1 -1 -1 -1 -1 -1 -1 -1 -1 -1 -1 -1 -1 -1 -1 -1 -1 -1 -1 -1 -1 -1 -1 -1 -1 4.8 9.1 11.3 20.9 45.3 53.8 63.3 67 69.8 75.1 79.9 80.7 78.7 77.6 76.4 72 77.9 81.3 84.1 88.8 90.8 91.7 89.3 78.2 78.3 79.6 75.6 69.3 59.9 57.3 60.9 60.9 55.1 48.3 42.1 33 24.7 13.9 7.2 4.7 4.1 3.5 -1 -1 -1 -1 -1 -1 -1 -1 -1 -1 -1 -1 -1 -1 -1 -1 -1 -1 -1 -1 -1 -1 -1 -1 -1 -1 -1 -1
-1 -1 -1 -1 -1 -1 -1 -1 -1 -1 -1 -1 -1 -1 -1 -1 -1 -1 -1 -1 -1 -1 -1 -1 -1 4.9 7.7 32.4 39.6 49.8 55.1 59.4 64.9 69 75.2 78.1 79.7 80.3 79.2 78.4 77.8 78.3 83.8 85.9 89.8 93.7 93.4 92.2 88.4 80 76.9 77.7 73.9 68.5 60.5 56.4 59.6 58.2 52.3 45.7 39 29.9 20.8 12.5 7.1 4.3 3.9 3.5 -1 -1 -1 -1 -1 -1 -1 -1 -1 -1 -1 -1 -1 -1 -1 -1 -1 -1 -1 -1 -1 -1 -1 -1 -1 -1 -1 -1
-1 -1 -1 -1 -1 -1 -1 -1 -1 -1 -1 -1 -1 -1 -1 -1 -1 -1 -1 -1 -1 -1 -1 -1 5 6.2 8.8 34.9 45.2 49.4 54.8 61.9 69.5 74.4 75.2 77.9 79.6 81.3 82.1 81.4 84.2 86.4 87.5 88.8 91.8 97.3 91 86.7 84.2 79 76 74.8 71.9 66.4 59 53.7 56.6 55.3 50.1 44 36.7 27 19.6 11.8 6.9 3.8 3.4 3.1 1.2 -1 -1 -1 -1 -1 -1 -1 -1 -1 -1 -1 -1 -1 -1 -1 -1 -1 -1 -1 -1 -1 -1 -1 -1 -1 -1 -1
-1 -1 -1 -1 -1 -1 -1 -1 -1 -1 -1 -1 -1 -1 -1 -1 -1 -1 -1 -1 -1 -1 -1 -1 5.5 7.5 17.1 38.7 46.4 50.8 55.5 62.8 72.5 76.9 78.3 81.8 85.5 88.8 90.2 92.1 93.9 95 94.4 101.5 103 94.6 87.1 83.5 80.9 77.4 75 74.2 69.8 63.4 56.7 50.7 52.7 51.4 46.8 40.5 33.3 27.1 19.7 11.1 4.9 3.5 3.3 3.1 1.3 -1 -1 -1 -1 -1 -1 -1 -1 -1 -1 -1 -1 -1 -1 -1 -1 -1 -1 -1 -1 -1 -1 -1 -1 -1 -1 -1
-1 -1 -1 -1 -1 -1 -1 -1 -1 -1 -1 -1 -1 -1 -1 -1 -1 -1 -1 -1 -1 -1 -1 -1 6.9 13.6 32.7 42.8 48.1 56.9 63.4 67.9 77.1 84.1 85.8 89.3 93.8 98.9 100.3 101.3 103.6 104 103.7 108.7 103.3 91.7 88.1 86.3 80.3 78.8 77.3 76.6 68.4 58.4 53 48.3 50 47.6 43.2 38 31.2 25.5 20 11 6.5 3.5 3 2.5 1.3 -1 -1 -1 -1 -1 -1 -1 -1 -1 -1 -1 -1 -1 -1 -1 -1 -1 -1 -1 -1 -1 -1 -1 -1 -1 -1 -1
-1 -1 -1 -1 -1 -1 -1 -1 -1 -1 -1 -1 -1 -1 -1 -1 -1 -1 -1 -1 -1 -1 -1 -1 14.8 32.5 40.6 45.5 51.5 60.2 66.4 70.6 79 87.5 91.5 91.2 97.7 101.7 103 108.7 108.6 110.6 110.3 111.3 101.8 97.2 94.3 89.5 83.3 82.1 80.9 78.4 71.3 58.8 50.4 46.7 46.3 43 39.3 33.2 27.3 23.6 18.6 10 5.2 3.4 3.2 3.4 1.2 -1 -1 -1 -1 -1 -1 -1 -1 -1 -1 -1 -1 -1 -1 -1 -1 -1 -1 -1 -1 -1 -1 -1 -1 -1 -1 -1
-1 -1 -1 -1 -1 -1 -1 -1 -1 -1 -1 -1 -1 -1 -1 -1 -1 -1 -1 -1 -1 -1 -1 3.3 12.1 29.7 40.6 50.9 59.6 66.4 73.1 79.8 84.2 90.5 94.3 96.7 99.8 104.2 108.7 113 115.3 114.8 114.8 108.7 105.3 105.1 101.7 96.3 85 83.9 83.1 81.5 73.5 60.5 49.5 47 47.7 45.5 40.3 35.7 31.3 26.2 21.4 10.2 5.4 3.3 3.5 3.4 0.8 -1 -1 -1 -1 -1 -1 -1 -1 -1 -1 -1 -1 -1 -1 -1 -1 -1 -1 -1 -1 -1 -1 -1 -1 -1 -1 -1
-1 -1 -1 -1 -1 -1 -1 -1 -1 -1 -1 -1 -1 -1 -1 -1 -1 -1 -1 -1 -1 -1 -1 7 18.2 30.6 42.4 54.5 62.6 71.2 76.4 82.4 87.3 92.2 96.6 98.9 100.6 105.7 110.3 114.9 117.8 119.9 115 115 115.2 116.2 111.9 102.3 90.3 85.3 85.4 82.2 75.1 60.5 51.3 48.2 47.1 44.5 39.2 34.8 31.6 26.3 22.2 10.6 5.7 2.8 3 3.4 0.5 -1 -1 -1 -1 -1 -1 -1 -1 -1 -1 -1 -1 -1 -1 -1 -1 -1 -1 -1 -1 -1 -1 -1 -1 -1 -1 -1
-1 -1 -1 -1 -1 -1 -1 -1 -1 -1 -1 -1 -1 -1 -1 -1 -1 -1 -1 -1 -1 -1 -1 8.2 20.3 32.3 44.7 57.5 65.4 71.9 78 84.2 88.5 92.8 98.1 101.8 105.7 109.9 112.2 117.2 121.5 120.4 117 116.5 118.2 115.8 110.4 103.3 94.8 91.4 87.6 82.7 76 60.1 48.7 48.2 45.8 42.7 37.6 34.2 31.4 26.9 23 10.8 5.8 3.1 2.1 1.4 0.3 -1 -1 -1 -1 -1 -1 -1 -1 -1 -1 -1 -1 -1 -1 -1 -1 -1 -1 -1 -1 -1 -1 -1 -1 -1 -1 -1
-1 -1 -1 -1 -1 -1 -1 -1 -1 -1 -1 -1 -1 -1 -1 -1 -1 -1 -1 -1 -1 -1 3.4 9.1 23.5 37.4 48.2 59.6 67.7 73.9 80.2 85.6 89.5 93 98.5 102.5 109 113.6 117.2 121.9 123 120.2 115.1 115.1 116 117 114.9 107.5 97.9 93.8 90.2 84.8 76.3 59.9 46.6 46 44.9 40.6 35 33.7 31.4 27.8 24.1 11.1 6.4 4.3 1.9 1.4 0.2 -1 -1 -1 -1 -1 -1 -1 -1 -1 -1 -1 -1 -1 -1 -1 -1 -1 -1 -1 -1 -1 -1 -1 -1 -1 -1 -1
-1 -1 -1 -1 -1 -1 -1 -1 -1 -1 -1 -1 -1 -1 -1 -1 -1 -1 -1 -1 -1 -1 5.7 9.2 25.7 40.2 51 61.7 69.4 76 81.1 84.9 91.6 95.8 99.5 107.7 112.4 117.2 122.4 124.4 122.5 119.5 115.1 116.5 120.7 118.3 114.3 108.5 103.9 96.9 92.5 86.7 76.2 60.1 49.1 44.4 44.3 42.1 37.1 32.4 30.5 27.9 24.6 11.4 6.9 4.8 3.5 1.4 0.5 -0.4 -1 -1 -1 -1 -1 -1 -1 -1 -1 -1 -1 -1 -1 -1 -1 -1 -1 -1 -1 -1 -1 -1 -1 -1 -1 -1
-1 -1 -1 -1 -1 -1 -1 -1 -1 -1 -1 -1 -1 -1 -1 -1 -1 -1 -1 -1 -1 -1 6.3 10.6 29.1 43.1 53.3 63.1 70.2 74.9 79.4 89.1 95 98.5 103.1 109.7 113 118.2 121.4 120.2 118.1 115.5 115.1 118.9 120.9 119.6 115.1 106.2 102.8 98.9 93.2 86.6 75.3 58.9 48.4 46.2 45.1 42.8 36.9 30.5 27.7 27 23.2 10.6 7.4 5.1 4 1.7 0.7 -0.2 -1 -1 -1 -1 -1 -1 -1 -1 -1 -1 -1 -1 -1 -1 -1 -1 -1 -1 -1 -1 -1 -1 -1 -1 -1 -1
-1 -1 -1 -1 -1 -1 -1 -1 -1 -1 -1 -1 -1 -1 -1 -1 -1 -1 -1 -1 -1 1.4 8 18.6 34.6 46.3 56 64.8 68.6 77.7 85.2 92.3 95 99 103.4 108.5 112.1 117.3 121.6 118.8 115.8 115.1 116 114.4 119.2 118.1 113.6 109.5 102.7 97.3 91.6 83.2 72.2 61.4 52.9 48.2 43.9 41.4 36.3 31.7 24.9 22.1 20.7 13.1 7.1 5.2 4.2 1.7 0.8 -0.1 -1 -1 -1 -1 -1 -1 -1 -1 -1 -1 -1 -1 -1 -1 -1 -1 -1 -1 -1 -1 -1 -1 -1 -1 -1 -1
-1 -1 -1 -1 -1 -1 -1 -1 -1 -1 -1 -1 -1 -1 -1 -1 -1 -1 -1 -1 -1 2.6 12.3 24.7 38.9 49.7 58.5 65 71.6 80.7 85.6 90.4 94.4 98.8 101.6 107.5 111 114.7 120.2 118.2 118.6 120 121.4 116.6 114.8 117.7 111.6 107 103.5 95.2 88.2 79.3 66.5 61.1 52.6 50.9 44.1 39.6 35.9 31.5 29.1 28.5 26 17.5 7.9 4.9 4.4 1.7 0.8 -0.2 -1 -1 -1 -1 -1 -1 -1 -1 -1 -1 -1 -1 -1 -1 -1 -1 -1 -1 -1 -1 -1 -1 -1 -1 -1 -1
-1 -1 -1 -1 -1 -1 -1 -1 -1 -1 -1 -1 -1 -1 -1 -1 -1 -1 -1 -1 -1 5.9 15.7 27.4 41.3 52.4 59.9 65.8 70.7 81.5 84.3 88.9 92.7 97 100 102.6 107 110.1 113 116.1 118.6 120.8 122.5 119.5 119.6 117.3 114.4 108.5 103.1 92.4 83 73.7 65.3 57.8 52.7 48.3 43.8 38.6 34.1 31 31.7 29.4 27.2 21 8.4 5.8 4.3 3.1 1.1 0.3 -1 -1 -1 -1 -1 -1 -1 -1 -1 -1 -1 -1 -1 -1 -1 -1 -1 -1 -1 -1 -1 -1 -1 -1 -1 -1
-1 -1 -1 -1 -1 -1 -1 -1 -1 -1 -1 -1 -1 -1 -1 -1 -1 -1 -1 -1 -1 9.7 19.7 28.6 43 54.4 60.3 64.5 73.4 78.8 81.9 86.3 90.2 93.2 95.7 97.5 103.4 109.1 111.6 111.1 113 117.2 118 117.7 115.1 113.7 111.7 107.7 98.8 85.9 76.6 68 61.1 57 53.4 49.1 45.8 40.4 37.4 36.7 33.5 30.9 27.9 23 13.8 7.2 5 4 2 0.8 -1 -1 -1 -1 -1 -1 -1 -1 -1 -1 -1 -1 -1 -1 -1 -1 -1 -1 -1 -1 -1 -1 -1 -1 -1 -1
-1 -1 -1 -1 -1 -1 -1 -1 -1 -1 -1 -1 -1 -1 -1 -1 -1 -1 -1 -1 6.8 14.1 23.2 31.1 45.7 54.6 60.1 65.7 69.9 74.7 78.6 84.9 86.3 92.3 95.2 99.7 105.1 113.7 117.1 112.9 112.1 115.8 116.1 114.2 110 110.9 106.5 101.6 91.2 78.6 69.7 63.8 57 53.8 52 50.1 54 48 45.2 41.6 36 32.2 29.8 28.4 24.5 15.8 6.2 5 3.9 1.5 0.1 -1 -1 -1 -1 -1 -1 -1 -1 -1 -1 -1 -1 -1 -1 -1 -1 -1 -1 -1 -1 -1 -1 -1 -1 -1
-1 -1 -1 -1 -1 -1 -1 -1 -1 -1 -1 -1 -1 -1 -1 -1 -1 2.1 4.7 5.5 11 20.2 27.3 37.4 47.3 55 60.1 63.5 65.8 73.4 78.1 85 91.4 97.1 99.7 105.1 108.7 113.9 116.5 114.3 115.6 112.1 112.2 109.5 101.4 104.2 101.4 94.7 82.3 72.6 70.6 67.6 58.6 51.7 51.5 51.4 55.7 53.5 48.9 45.2 41.1 35.2 35.1 37.6 31.3 23.7 11.8 5.9 5.1 2.2 1.1 -1 -1 -1 -1 -1 -1 -1 -1 -1 -1 -1 -1 -1 -1 -1 -1 -1 -1 -1 -1 -1 -1 -1 -1 -1
-1 -1 -1 -1 -1 -1 -1 -1 -1 -1 -1 -1 -1 -1 -1 -1 4.2 5 6.3 14.3 23 28.8 27.8 39.4 45.9 54.3 60.9 61.2 69.6 74.4 84.4 89.3 95.7 100.5 106.9 109.2 115.4 122.4 124.6 122.6 104.1 104.1 104 99.6 93.1 94.7 94.1 86.4 74.5 70.2 70.1 70.1 59.8 52.9 53 52.6 55.7 55.5 52.1 49.7 43.1 40.8 42.8 37.7 33.4 27.2 20.8 11.4 10.9 8.5 3.4 -1 -1 -1 -1 -1 -1 -1 -1 -1 -1 -1 -1 -1 -1 -1 -1 -1 -1 -1 -1 -1 -1 -1 -1 -1
-1 -1 -1 -1 -1 -1 -1 -1 -1 -1 -1 -1 -1 -1 -1 -1 4.6 6 14.4 27.2 30.2 36.9 41 43.5 44.7 53.3 56.4 60.3 67.1 72.1 81.9 91.6 100.1 106.5 113 109.9 114.2 117 120.2 117.6 109.9 95 94.7 92.7 89.5 89 87.1 80.9 74.6 67.9 73.7 73.2 61.2 55.1 56.7 55.1 56.9 56.5 52.3 51.4 46.7 43.7 44.2 38.1 35.7 32.2 29.3 25.7 20.5 11 6.3 1.4 0.6 -1 -1 -1 -1 -1 -1 -1 -1 -1 -1 -1 -1 -1 -1 -1 -1 -1 -1 -1 -1 -1 -1 -1
-1 -1 -1 -1 -1 -1 -1 -1 -1 -1 -1 -1 -1 -1 2.2 4.5 5.3 7.6 27.9 33 36.3 41.2 46.6 49.5 46.3 54.8 55.1 60.4 67.2 72.6 78.4 90.2 99.4 111.3 111 106.3 108.8 112.2 114.7 110.8 101 93 89.1 85.5 83.1 81.9 80.6 73.9 69.1 64.6 71.4 69.4 62 56 58.7 56.7 56 56 55.8 53.7 47.4 45.2 47.3 43.2 40.8 38.1 35.1 31.3 26.5 22.2 9.6 4 4.1 -1 -1 -1 -1 -1 -1 -1 -1 -1 -1 -1 -1 -1 -1 -1 -1 -1 -1 -1 -1 -1 -1 -1
-1 -1 -1 -1 -1 -1 -1 -1 -1 -1 -1 -1 -1 -1 4.7 5.1 5.7 21.2 40.8 40.6 42.8 43.7 50.5 52.1 52.6 56.7 57.6 60.4 65.7 73 81.1 86 102.4 105.8 104.6 102.6 103.3 106.8 108.8 106.8 98.9 92.9 88.7 81.5 74.6 71.5 69.9 65.5 62.7 59.8 67.4 67.3 62.6 55.7 57.9 58.3 57.5 57.6 57.5 54.6 49.8 48.5 49.6 46.5 45.7 42.2 39.5 36.3 31.6 26.3 11.8 5 1.8 -1 -1 -1 -1 -1 -1 -1 -1 -1 -1 -1 -1 -1 -1 -1 -1 -1 -1 -1 -1 -1 -1 -1
-1 -1 -1 -1 -1 -1 -1 -1 -1 -1 -1 -1 -1 4.8 5.7 6.3 11.8 40.7 46.8 46.8 49.4 47.9 51.7 54.1 53.5 58.6 63.4 60.8 66.4 74.5 75.2 82.5 95.8 99.7 103.7 104 101.8 100.8 103.4 101.6 97.8 94.5 89.3 84.4 77.1 73.4 66.3 54 55.4 54.1 62 65.9 62.2 54.8 57 59 58.1 57.6 58 56.7 53.8 51.5 51.3 50.6 49.3 46.5 43.5 39 32.6 27.8 14.9 7.1 4.8 -1 -1 -1 -1 -1 -1 -1 -1 -1 -1 -1 -1 -1 -1 -1 -1 -1 -1 -1 -1 -1 -1 -1
-1 -1 -1 -1 -1 -1 -1 -1 -1 -1 -1 -1 -1 5.7 6.8 14.3 38.6 45.9 51.6 50.8 51.3 51.5 51.8 50.6 53.7 58.4 60.1 57.8 61.1 68 73.2 81 90.4 97.7 104.7 104.4 102 99.8 99.4 96.9 92.5 90.1 88.1 80.5 74.9 70.6 64.5 53.9 47.3 49.1 55.3 62 59.1 52.9 57.2 58.7 56.9 58.8 60.5 58.3 55.6 52.9 53.4 53.8 51.9 49.4 44.5 36.6 32 30.2 27.2 23.9 7.1 4.5 -1 -1 -1 -1 -1 -1 -1 -1 -1 -1 -1 -1 -1 -1 -1 -1 -1 -1 -1 -1 -1 -1
-1 -1 -1 -1 -1 -1 -1 -1 -1 -1 -1 -1 4.1 5.8 14.4 37.1 46 51.1 54.2 54.1 52.8 53 50.2 50.4 57.4 57 57 57 57 60.4 67.2 77.2 87.4 93.4 102.5 102.8 100.2 97.3 93.4 91.3 86.5 84.9 83.9 76.1 68.8 63.5 59.3 52.3 41.9 46 48.3 55.5 54.1 50.8 57.7 58.4 55.4 58.8 61.4 59.1 55.7 54.1 54.7 54.6 51.5 47.8 41.3 44.3 37.9 33.8 39.1 33.5 21.7 7.4 2.3 -1 -1 -1 -1 -1 -1 -1 -1 -1 -1 -1 -1 -1 -1 -1 -1 -1 -1 -1 -1 -1
-1 -1 -1 -1 -1 -1 -1 -1 -1 -1 -1 -1 5 6.5 27.9 43.3 49 53.1 56.6 55.9 54.2 53.8 49.8 53.7 52.8 57 57 57 57 57.5 68.1 78.2 84.3 92.9 100.5 102.2 97.5 95.1 88.4 84.4 80.1 77.9 74.4 70.3 63.6 56 52.8 49.3 37.3 41.3 43.9 47.8 47.5 54.5 56.6 57.2 57.2 59.9 60.9 59.8 55.8 54.7 52.6 50 48 46.9 50.5 50.9 46.2 37.4 46.5 42.4 31.3 8 4.9 -1 -1 -1 -1 -1 -1 -1 -1 -1 -1 -1 -1 -1 -1 -1 -1 -1 -1 -1 -1 -1
-1 -1 -1 -1 -1 -1 -1 -1 -1 -1 -1 -1 4.9 6.2 35.2 45.4 50.9 54.5 57.3 56 53.7 51.9 49.3 51.7 52.1 56.6 57 59.5 66.3 73.5 80 85.2 88.7 92.6 100.1 104.5 95.5 92 88.1 78.9 73.2 68.8 64.7 59 55.1 48.1 44.7 42.2 31.5 35.1 38.2 40.8 40.4 52.7 55.7 54.6 58 59.3 59.8 58.6 54.1 50.7 50.2 52.3 52.8 51.9 54.7 54.5 48.1 48.1 51.3 44.7 33.6 8.9 -1 -1 -1 -1 -1 -1 -1 -1 -1 -1 -1 -1 -1 -1 -1 -1 -1 -1 -1 -1 -1 -1
-1 -1 -1 -1 -1 -1 -1 -1 -1 -1 -1 -1 5.6 9.1 41 48.1 51.9 55.4 57.6 55.9 52 50.3 48.6 48.7 52.9 57.4 61.8 67.5 73.3 78.2 79.4 86.4 94.9 95.1 92.9 95.2 88.1 86.1 86.1 73 63.2 57.5 51.2 46.9 44.4 43.6 42.5 35 29.2 32.5 34.6 36.9 38.9 48.7 53.7 52.7 55.1 57 58.1 56.5 51.6 53.1 53.1 54.4 56.1 57.8 57 54.8 52.8 51.6 49.2 43.5 30.1 6.9 -1 -1 -1 -1 -1 -1 -1 -1 -1 -1 -1 -1 -1 -1 -1 -1 -1 -1 -1 -1 -1 -1
-1 -1 -1 -1 -1 -1 -1 -1 -1 -1 -1 4.1 9.1 35.3 44 49.3 52.8 55.3 56.8 53 51.3 47.7 49.4 49.4 57.6 59.4 61.4 65.5 69 74.8 83.4 100.2 100.4 94.6 86.6 90.3 83.7 78.8 74.8 63.9 52.5 46.9 44.5 41.5 40 39.6 35.4 32.5 26 29.7 31.5 32.6 35.6 45.6 50.4 53.5 56.4 58.7 57.7 54.7 52.2 53.9 55.7 57.1 61.5 60.9 60 56.9 55.1 52.8 50.3 46.4 21.1 5.8 -1 -1 -1 -1 -1 -1 -1 -1 -1 -1 -1 -1 -1 -1 -1 -1 -1 -1 -1 -1 -1 -1
-1 -1 -1 -1 -1 -1 -1 -1 -1 -1 -1 5.4 23 35.9 45.8 50.5 54.4 55.2 53.3 49.2 47.7 47.7 47.7 51.9 58.1 57 60 70.5 81.7 88.6 93.3 93.9 95.7 88.5 81.4 84.1 79.3 73.9 69.8 55.8 48 45.8 47 48.3 42.7 31.4 32.9 33.7 25.3 27.4 28.9 30 33.1 39.7 53.8 57.7 58.7 58.1 58 56.4 54.2 54.8 57.2 63.1 65.8 64.2 61.1 59.6 54.9 54.4 56.8 44.9 11.2 -1 -1 -1 -1 -1 -1 -1 -1 -1 -1 -1 -1 -1 -1 -1 -1 -1 -1 -1 -1 -1 -1 -1
-1 -1 -1 -1 -1 -1 -1 -1 -1 -1 -1 5.2 22.3 39 47.9 52.2 55.5 54.6 50.8 47.7 47.7 47.7 47.7 49.1 52.8 57.9 71.2 82.9 90.7 93.6 98.9 106.1 92.6 87.5 76.1 77.2 73.5 66.8 65.8 54.8 55.2 54 57.6 55.9 46.1 31.4 27.8 26.1 21.7 22.3 25.1 26.7 31.2 49.3 56.2 58.1 59.4 62 62.5 59.4 56.7 59.4 66.2 68.9 70.3 67.7 63.6 61.6 56 54.4 53.4 26.3 6.6 -1 -1 -1 -1 -1 -1 -1 -1 -1 -1 -1 -1 -1 -1 -1 -1 -1 -1 -1 -1 -1 -1 -1
-1 -1 -1 -1 -1 -1 -1 -1 -1 -1 -1 5.4 19.1 43.1 50.3 54.2 55.6 51 45.3 46.8 47.7 47.7 47.7 47.7 55.9 66.6 79.9 100.2 93.1 106.7 107.6 97.6 86.9 79 71.1 71.1 66.5 59.2 55.8 49.1 49.3 49.9 54.2 50 39.3 26.2 23.7 22.6 19.6 19.3 21.7 24.9 34.7 53.5 59.4 61.2 61.7 64.9 64.2 63.8 64.7 72 74.2 72.6 72.7 69 67.2 62.5 58 52.6 36.3 8.1 -1 -1 -1 -1 -1 -1 -1 -1 -1 -1 -1 -1 -1 -1 -1 -1 -1 -1 -1 -1 -1 -1 -1 -1
-1 -1 -1 -1 -1 -1 -1 -1 -1 -1 3.6 5.7 27.9 45.7 51.8 54.8 52.5 47.1 42.8 41.9 43.1 46.9 48.6 51.5 54.2 69.1 85.1 93.9 92.5 99.8 96.5 89.9 81 72.7 65.9 63.5 59.5 52.2 49.3 45.8 45.5 44.6 47.8 42.9 28 19 18.8 18.3 16.4 17.5 20.3 22.5 39.1 57.2 64.9 63.6 64.1 66 68 72.5 73.6 73 73.8 74.8 73.8 70.2 67.3 63.9 57.7 50.4 31.3 6.2 -1 -1 -1 -1 -1 -1 -1 -1 -1 -1 -1 -1 -1 -1 -1 -1 -1 -1 -1 -1 -1 -1 -1 -1
-1 -1 -1 -1 -1 -1 -1 -1 -1 -1 4.6 6.2 37.9 48.2 52.5 53.6 52.3 46.6 41.9 41.2 41.6 44.4 49.9 55 61.7 69.3 80 83.9 97.6 96.2 87.2 82.4 74 64.8 58 55.7 51.7 47.4 46.1 42.9 40.6 39.1 39.3 33.1 20.7 15.4 15.5 14.5 14.7 15.2 17.4 19.8 46.7 60.8 64.5 65.1 66.2 70.6 73.3 75.1 75.7 79.2 83 82.3 75.7 70.5 67.6 62.8 53.9 46.6 11.9 6 -1 -1 -1 -1 -1 -1 -1 -1 -1 -1 -1 -1 -1 -1 -1 -1 -1 -1 -1 -1 -1 -1 -1 -1
-1 -1 -1 -1 -1 -1 -1 -1 -1 -1 5.2 7.3 41.4 49.5 51.3 51.5 49.5 44.7 41.1 40.9 41.3 42.4 53.1 67.9 65.6 67.7 72.9 99.1 98.6 87.3 81.6 77.4 66.7 57.1 50.6 48.7 46 42.6 43.5 37.6 34.9 33.8 33.3 28.1 15.9 13.7 13.4 13.5 13.7 13.8 14.1 17.2 39.8 62 65.3 65.9 69.1 73.7 76.7 77.3 79 81.9 81.8 79.5 75.1 70.3 65.5 59.8 50.5 31.9 7.8 -1 -1 -1 -1 -1 -1 -1 -1 -1 -1 -1 -1 -1 -1 -1 -1 -1 -1 -1 -1 -1 -1 -1 -1 -1
-1 -1 -1 -1 -1 -1 -1 -1 -1 -1 5.7 11.4 43 47.9 49.8 49 47.5 43.2 40.8 40.7 44.1 48.6 59.6 65 67.1 75.8 82.4 96.6 89.1 81.2 77.1 70.4 60.5 51.6 43.4 43.5 40.5 37.2 35.4 31.3 29.5 27.6 27.1 18.6 12.7 12.7 12.7 13 13 13 13.1 15.2 34.3 60.9 64.9 68.7 71.1 76.1 79.3 78.2 82.2 84.2 81.8 78.6 73.7 67.9 60.1 54.8 45 28.3 -1 -1 -1 -1 -1 -1 -1 -1 -1 -1 -1 -1 -1 -1 -1 -1 -1 -1 -1 -1 -1 -1 -1 -1 -1 -1
-1 -1 -1 -1 -1 -1 -1 -1 -1 4.7 7.8 27.1 43.1 44.4 46.4 47.3 45.5 41.5 40.8 42.5 47.6 51.5 58.4 65.9 72.1 86.4 81.1 81.3 82.3 76.2 71.9 65.3 54.2 45.1 38.2 37.9 35.1 31.8 30 26.9 24.1 21.2 18.2 12.7 12.2 11.9 12.1 12.4 12.4 12.5 12.6 14 33.9 59.6 67.2 69.8 74.3 77.3 83.2 86.6 85.9 85 83 78.7 72.9 63.3 54.8 44.2 27.1 8.6 -1 -1 -1 -1 -1 -1 -1 -1 -1 -1 -1 -1 -1 -1 -1 -1 -1 -1 -1 -1 -1 -1 -1 -1 -1 -1
-1 -1 -1 -1 -1 -1 -1 -1 -1 4.6 7.3 33.6 37.1 40.6 49 46 43.9 40.8 43.4 44.2 46.9 50.8 62.4 65.4 75.8 88.2 75.2 76.2 77.8 71.2 64.7 58.9 48 40.8 33.2 32.3 29.7 27.1 24.3 21.6 18.2 16 14.1 12.5 11.6 11.4 11.6 11.9 11.9 11.8 12.3 13.4 34.8 63.7 68 71.4 76.9 80.8 88.4 88.7 87.1 85.2 80.5 75.7 66.1 58 49.1 34.2 11.9 -1 -1 -1 -1 -1 -1 -1 -1 -1 -1 -1 -1 -1 -1 -1 -1 -1 -1 -1 -1 -1 -1 -1 -1 -1 -1 -1
-1 -1 -1 -1 -1 -1 -1 1.2 2.7 5.8 8.2 25.1 35.8 47.1 47.7 44.8 42.8 40.9 43.6 43.2 47.1 50.5 57.6 64.9 88 79.2 71.8 71.6 73.1 66.3 59.1 51.3 44.9 34.9 29.2 27.9 25.5 23 21.5 18.7 17.1 15.5 13.2 12.2 11.5 11.4 12.2 11.4 11.3 11.2 11.7 13.5 40.8 66.3 71 73.4 79.9 86.4 90.6 89.6 85.8 82.1 77.5 71.2 62 55.2 44.5 26 8.5 -1 -1 -1 -1 -1 -1 -1 -1 -1 -1 -1 -1 -1 -1 -1 -1 -1 -1 -1 -1 -1 -1 -1 -1 -1 -1 -1
-1 -1 -1 -1 -1 -1 2.5 5.5 4.7 5.6 8.3 30.8 36.3 44 45.8 44 42 40.1 42 42 45.5 48.5 52.2 72.5 75.3 73.3 67.8 67.1 68 60.5 52.5 46.9 37.8 28.5 26 24.9 23.5 21.6 19.5 17.1 15.9 14.5 13.2 12.9 13.4 12.8 12.8 12.8 12 11 11.6 17.2 45.5 69.8 77.9 80.8 85.3 87.6 91.7 87.8 80.4 79.1 73.1 62.7 58.6 55.3 46.1 38.4 7.7 -1 -1 -1 -1 -1 -1 -1 -1 -1 -1 -1 -1 -1 -1 -1 -1 -1 -1 -1 -1 -1 -1 -1 -1 -1 -1 -1
-1 -1 -1 -1 -1 2.3 4.4 5.1 5 6.2 8.2 29.8 32.2 40.9 43.4 43 40.7 38.5 40.7 40.8 43.6 48 57.3 68.6 68.6 68.9 63.7 62.5 63.1 57.4 49.7 42.3 27.9 24.8 23.6 23 23.5 21.1 17.9 15.5 14.3 12.8 12.9 13.3 12.6 12.4 12.3 12.4 13.5 11.9 12.1 23.3 48.1 70.7 80.1 85 85.6 87.7 88.1 88.3 86.1 84 78.5 72.9 61.9 57.1 50.9 28.2 5.4 -1 -1 -1 -1 -1 -1 -1 -1 -1 -1 -1 -1 -1 -1 -1 -1 -1 -1 -1 -1 -1 -1 -1 -1 -1 -1 -1
-1 -1 -1 -1 -1 2.1 4.6 4.8 5.2 6.3 9.9 27.5 30.5 35.8 41.2 40.4 38.8 37.4 38.6 39.5 41.4 47.5 61.7 61.2 62.7 65.4 59.7 57.5 59.3 54.1 45.5 30.4 24.8 22.6 22.2 21.7 22.9 21.4 18.3 13.8 13.2 12.3 12.5 12.7 11.9 12 11.8 11.5 12.9 13.2 13.7 28.2 54 71.7 78.5 83.4 86.7 87.7 89 89.7 88.1 84.8 78.6 70.6 64.4 59.2 48.5 18.7 -1 -1 -1 -1 -1 -1 -1 -1 -1 -1 -1 -1 -1 -1 -1 -1 -1 -1 -1 -1 -1 -1 -1 -1 -1 -1 -1 -1
-1 -1 -1 -1 -1 1.8 4.4 4.8 5.1 6.7 11.2 25.1 28.2 32.1 39 38.1 38 35.9 36.9 38.2 39.4 45.7 53.1 57.1 58.5 61.2 55.9 53.2 54.1 46.9 31 22.9 21.7 20.7 20.6 21.3 24.4 26.5 18.1 13.2 11.7 11.9 12.1 11.9 11.3 11.4 10.9 11.2 12 12.5 15 36.1 67.4 74.2 79.6 83.3 86.3 88.5 89.6 90.1 87.6 84 77.7 69.4 62.2 55.7 38.9 8.9 -1 -1 -1 -1 -1 -1 -1 -1 -1 -1 -1 -1 -1 -1 -1 -1 -1 -1 -1 -1 -1 -1 -1 -1 -1 -1 -1 -1
-1 -1 -1 -1 -1 4.3 4.6 4.8 5.6 9.7 27.3 24.3 27.7 31 35.4 36.7 36.8 36.5 35.3 37.3 38 42.3 47.2 53.3 53.9 57 51 47.3 48.2 36.7 22.8 20.6 19.2 18.2 19 22.3 31.6 30.6 21.1 13.9 11.6 11.1 11.3 11 10.8 9.7 10.1 10.9 11.5 12.7 19.2 50.7 69.3 76.9 81.3 83.7 85.5 88.4 88.6 87.9 84.5 81 75.3 68.2 60.6 50.3 26 -1 -1 -1 -1 -1 -1 -1 -1 -1 -1 -1 -1 -1 -1 -1 -1 -1 -1 -1 -1 -1 -1 -1 -1 -1 -1 -1 -1 -1
-1 -1 -1 -1 -1 4.5 5 5.3 7.3 28.6 30 28.7 28.1 31 34.9 36 36 39.3 34.7 35.7 36.2 39.3 44.1 50.3 49.4 51.3 46.1 43.3 44.6 28 20.2 18.2 16.8 15 17.7 23.8 29.5 28.8 24 15.8 11.1 9.9 9.8 9.6 8.5 8 9.2 9.4 10.2 12 25.7 54 69.4 72.8 76.6 82.5 87 86 84.7 82 78.4 74.9 71.5 65.4 54.7 43.8 12.6 -1 -1 -1 -1 -1 -1 -1 -1 -1 -1 -1 -1 -1 -1 -1 -1 -1 -1 -1 -1 -1 -1 -1 -1 -1 -1 -1 -1 -1
-1 -1 -1 -1 4.2 5 5.8 8.1 20.5 39 45.5 41.6 32.4 32.2 35.3 36.8 41.4 37.9 34.6 31.3 33.4 35 38.8 46.1 44.3 46 41.4 38.9 35.4 24 20.8 16.3 12.9 12.5 16.6 22.3 27.1 25.9 21.5 20.2 17.1 10.2 8.4 7.7 7 6.6 7.8 8.1 9.2 10.7 34 59.9 69.6 72.7 73.7 77.6 81 79.5 77.1 77.4 73.6 72.9 68 59 46.2 27.1 -1 -1 -1 -1 -1 -1 -1 -1 -1 -1 -1 -1 -1 -1 -1 -1 -1 -1 -1 -1 -1 -1 -1 -1 -1 -1 -1 -1 -1 -1
-1 -1 -1 -1 4.7 5.8 10.1 41 44.9 44.5 41.4 38.6 31.9 34.4 35.7 37.7 36.9 35.6 32.9 31.4 30.3 31.7 34 41.6 39.8 38.7 36.6 34.9 31.1 21.2 17.7 13.4 10.8 9.7 13 18.2 23.6 22.1 20.2 18.3 19 15.6 7.3 6.2 5.6 5.2 6.6 7.3 7.7 9.1 28.2 61.6 70.8 71.4 69.8 70.7 72.7 77.2 75.4 73.8 73.4 69.9 61.2 49.7 37 11.8 -1 -1 -1 -1 -1 -1 -1 -1 -1 -1 -1 -1 -1 -1 -1 -1 -1 -1 -1 -1 -1 -1 -1 -1 -1 -1 -1 -1 -1 -1
-1 -1 -1 3.5 5.3 9.9 44 44.9 43.4 40 36.7 33.8 32.7 35.3 34.5 34.3 34.4 33.3 30.7 28.4 26.5 29.5 30.9 34.2 34.9 33 30.7 29.4 27.3 15.6 11.8 10.3 9.8 8.1 9.3 13.4 16.8 16.9 14.7 14 18.1 10.2 6.1 4.8 3.8 -1 5.1 5.9 6.7 7.9 26 62.8 66.9 69.8 69.9 71.4 71.9 74.4 73.9 70.6 66 61.8 54.2 38 23.4 6.1 -1 -1 -1 -1 -1 -1 -1 -1 -1 -1 -1 -1 -1 -1 -1 -1 -1 -1 -1 -1 -1 -1 -1 -1 -1 -1 -1 -1 -1 -1
