data/210000-870000.asc
ncols 200
nrows 200
xllcorner 210000
yllcorner 870000
cellsize 50
[rows 140 to 174 of 200, columns 78 to 155 of 200]
540.7 538.3 533.7 529.2 524.3 525.6 528.4 532.8 543.1 549.3 557.3 574.7 568.4 574.3 586.5 598.7 617 639.6 664.5 687.4 715 722 722.9 719.5 710.5 698.8 684.9 668 653.5 637.6 627.2 616 599.7 590 580.9 572.7 566.3 555.2 550 539.1 526 518.4 499.8 464.4 428.7 403.6 375.4 363.8 355.1 350 340.8 340.6 347.9 351.1 356.7 362.2 367.5 379 384.4 397.7 411.5 433.6 452.7 465.7 489.9 514.6 533.4 549.1 564.4 577.4 589.3 600.7 612 622.4 633.8 645.9 658.9 673
583.6 573.3 570.9 569.2 566.3 556.7 558.2 562.4 573.1 581.4 585.7 588.7 585.3 588.3 598 604.8 618.8 643.6 675.7 694.3 717.9 727 727.7 724.1 715.5 702.6 689.5 672.2 656.2 641.7 626.2 613.7 602.8 592 584 577.7 572.2 563.3 553.5 542.7 530.5 517 495.9 473.6 432.6 411.2 387.5 370.3 360.3 354.6 340.7 345.5 343.4 353.3 354 359.6 365.4 376.5 387.4 396.2 407.8 425.6 445.9 466.7 487.5 505.4 523.7 541.3 557.9 571.3 583.6 596.6 607.3 617.7 629.3 640 652.5 665.9
625.8 611.6 610.7 610.7 610 604.4 601.3 607.8 611.2 615.4 607.6 602.2 594.7 590.7 602.9 609.9 628.2 651.9 676.9 700.2 722.3 731.8 733.3 730.6 720.2 706.8 695.2 678.4 663.1 648.6 625.6 614.3 607.2 597.3 586.8 580.3 574.1 569.8 557.8 544.2 536.1 520.6 500.5 472.1 442.5 414.3 393.7 375.9 364.1 352.7 349.1 350.3 346.3 349.3 349.7 361 370.3 374.1 378 388.3 402.6 414.9 435.3 461.5 483.1 500.5 516.8 537.6 551.6 564.7 577.7 590 602.6 614.5 624.9 635.8 646.1 657.7
651.5 649.7 647.7 647.1 636.4 637.6 633.4 629.1 628.4 626.4 621.4 612.7 602.2 599.5 606.2 613.3 628.7 651.6 678.1 703.8 724.4 736 737.1 734.5 724.2 709.2 697.7 680 665.6 654 628.9 620.4 609.8 599.6 590.1 583.8 580.8 575.5 559.4 548.9 534.6 527.1 518 481.3 468.5 428.1 401.9 387.7 373.2 358.8 349.9 355.4 355.1 353.5 355.8 362 367 377 385.3 392.9 397.9 413 430.4 458.4 479 501.5 517.7 534.7 548.9 561 573 584.3 597.2 609.5 619.9 630.5 640.5 650.6
689.4 692.4 689.9 694.2 683.7 662 652.1 642.7 637.6 632.2 630.7 621.5 609.8 605.8 610.4 621.7 630.6 645.3 676.6 700.3 725.1 736.6 739.9 737 726.1 712.2 701.2 682.5 664.3 646.6 632.2 619.7 611.9 604.2 595.1 590.5 587.2 583.5 568.5 548.8 537.4 528.1 518.3 518.4 488.2 459.1 415.5 395 376 360.8 354.7 360.1 358.8 358.2 361 363 369 377.3 385.1 391.9 404.9 426.1 440 456.4 474.9 496.8 523.6 534.8 548.9 561.9 570.6 579.2 591.1 602.9 614 624.9 635.3 644.2
739 749.4 737.9 729.1 710.2 683.7 658.6 651.9 647.1 640.9 633.3 625.7 617.3 611.2 612.1 627.4 634.5 647.2 667.4 694.2 724.9 738.8 744.1 738 728.9 715.5 699.9 686.6 662.6 649.2 634.4 625.3 617 609.6 598.5 595.6 589.8 585.4 579.7 564.6 546.4 532.4 527 518.4 485 452.5 424.6 399.1 377.7 363.4 354.1 357.4 358.2 359 364.7 365.4 367.2 376.5 385.6 393.7 408.5 425.8 441.3 461.5 479.4 500.5 523.2 539.2 551.8 562.3 571.7 579.9 587.1 597.8 608.8 619.8 630 638.8
799 781 764.3 749.3 720.2 701.2 672.3 665.8 658.2 657.5 638.7 632.4 625.4 617.4 616.5 626.4 635.2 648.7 673.8 699.4 724.3 740.7 746.7 741.3 732.1 720.8 699.7 684.1 662.3 652.6 639.6 630.2 621.2 612 603 598.5 591 588.6 587.7 576.8 554.8 542.8 539.4 527.7 500.1 475.3 435.9 410.8 387.6 373.1 359.8 355.5 357.6 359.2 363.8 368.2 370.2 375.7 384.7 391.2 404.9 416.4 441.4 466.4 483.1 502.4 520 539.1 553 565.2 574.2 581.3 591.6 599.2 606.4 614.2 625.7 632.6
816.9 805.4 794.5 783.2 759.7 718.5 684.8 669.9 668 674 663.7 649.3 633.5 623.7 620.9 627.9 637.1 653.6 676.7 708.7 730.3 746 751 746 737.3 726.5 705.2 683 666.2 654.6 642.8 631.9 621.6 612.9 605.3 599.3 593.4 591.1 588.6 582.8 575.5 556.7 539.9 522.6 496.8 477.7 451.3 423.1 403.4 383.1 365.6 359.3 355.8 357.9 362.1 367.6 371.5 375.7 382.6 393.5 401.4 414 434 457 475.1 497.3 516.6 535.5 550.8 563.7 574.2 583.6 591.6 601.4 608.5 617 622.5 630.7
845.2 829.1 811.7 793.1 775.2 740.8 704 681.9 681 687.6 672.7 664.5 649.6 634 626.9 629 640 665.9 685.6 710.4 733.3 750.1 755.7 751.4 742.3 731.8 708 682.3 669.7 658.7 643.8 634.4 622.9 613.9 607.5 600 599.7 593.8 591.2 589.2 589 574.7 545.5 524.8 498.6 475.3 456.6 429.6 401.3 383.5 368.8 361.3 357.8 357.9 360.8 364.8 368.8 373.5 379.7 387.5 396.6 407.8 422.6 449.2 470.1 495.9 516.7 537.1 551.8 563.5 572.7 583.5 592.5 600.4 606.6 613.9 624 632.7
861.1 844.5 823.2 799.2 780.6 762.2 732 703.3 697.7 695.9 681.9 667.9 654.7 641.6 634.7 632.4 644 672.2 688.7 709.6 732.6 747.9 758.2 759.2 750.7 734.8 708 685.4 674.8 660.8 647 641.5 629 618.2 610.5 604.8 604.8 600.8 599.4 597.7 593.7 581.7 560.1 531.3 499.5 479.3 462.6 436.5 409.7 389.1 372.5 362.9 361.3 359.7 359.8 363.3 365.6 370 375.4 380.8 389.5 400 423.2 445.2 467.6 493.2 511.2 534.1 557.1 566.6 574.1 584.2 593.5 603 612.7 619.7 626.1 631
865.8 854.7 828 806.4 786.2 774.8 750.1 725.2 716.2 706.6 688.4 672.3 659.8 647 642.4 636.3 650.5 671.1 686 708.6 731.3 748.5 763.8 771.9 763.7 737.2 711.4 694.5 681.4 664.5 651.4 649.2 634.4 622.7 614.8 610.7 607.1 604 605.2 600.5 599.4 583.5 569.5 558.9 524.1 496.8 462.2 440.7 417.5 396 381.4 367.6 365.8 363.1 360.9 364.1 367.7 371.5 375 381.3 391.3 403.5 429.2 451.7 476.2 507.2 522.7 529.2 552.1 566.7 575.7 584.7 595.3 607.7 616.9 622.8 631.4 636.5
869.8 858.4 832.5 808.8 790.2 779 758.7 729.4 714.8 708.2 696.9 673.9 660.3 650.6 644.4 642.3 651.4 666.6 685.6 712.8 736.9 756.1 769.2 782.4 776.8 744.2 719 701.1 684.6 665.9 657.4 649.9 636.1 627.1 622.7 617.9 608.8 606.8 603.7 602.5 600 589.8 578.5 570.1 548.1 512.7 472.2 445.6 421.9 403.4 385.2 375.1 372.6 367.7 363 365.2 368 370.6 374.5 382.7 393 410.7 438.2 468.9 497.5 521.4 532.4 543 549.3 561.9 572.8 582.9 594.5 609 614.7 626.6 634.1 640.4
875.5 865.8 836.2 810.4 788.6 775.7 753.9 723.7 711.7 708.1 689.9 672.9 661.5 652.5 646.4 649.6 657.6 670.2 691 722.1 742.7 760.7 773.4 790.7 784.3 753.5 729.3 708.9 685.2 670.8 658.5 648.8 640.1 628.2 624.2 619.4 610.6 606.9 603.8 604.4 599.1 591.3 588.4 572.1 558.1 520.5 477.7 447.7 423.7 401.6 386.4 376.7 374.4 369.1 363.3 364 367.4 371 376.8 385.1 397.1 415.7 435.9 465 500.8 517.4 533.2 545.6 556.2 570.5 574.8 585.4 594.9 608.5 616.1 628.2 642.2 648.1
881.4 869.3 839.5 807.7 779.4 763.4 739.2 716.1 707.9 700.6 683.4 669.7 661 655 648 658.8 662.9 679.1 698.3 726.5 750.3 766.1 778.6 796.7 792.7 763.6 736.7 713.4 689.3 673.1 661.1 650.4 639.2 629 626.3 618.2 610.5 606.7 604.1 605 599.9 597.3 595.8 580.3 561.2 537.4 485.6 451.2 425.8 406.4 390 379.7 376 367.8 366.2 367.7 371.7 376.7 379.4 388.5 401.6 418.9 435.9 465.1 493.4 510.5 529.7 543.9 557.1 574.5 581.7 589.8 601.6 610.8 621.3 636.7 645.7 655
888 865.5 838.2 805.9 776.4 748.6 724.6 709.4 697.4 687.4 674.7 665.2 660.6 657.6 653.1 661.6 670.5 696 707 731 755.3 768.4 783.1 802 801.4 776.4 750.8 724.9 705.1 678.5 662.7 652.1 640.4 632 624.8 618.9 610.8 608.6 605.2 604.2 603.8 598.4 593.4 581.6 564 541.7 495.9 450.5 426.4 409.8 393 382.9 377.7 376.2 370.2 374.1 374.9 380.8 387.3 393 408.1 426.9 440.4 467.8 489.9 504.4 529.7 548.1 559.3 575.4 592.6 609.4 610.1 619.2 627.1 644.6 654.4 659
887.8 851.4 826.2 795.8 763.6 730.4 711.8 698.6 685.7 676 666.7 661.2 658 657.5 665.5 677.1 678.5 700.9 714 731.4 755.7 770.9 787.5 806.4 807.6 790.7 768 742.2 713.5 684.2 666.3 653.5 643.9 642.1 631.1 626.4 614.8 611.3 607.8 604.4 602.7 597.8 589.7 581.9 564.6 542 509.8 457.3 426.9 410.8 393.3 384.8 379 377.5 376.1 379 378.5 385.6 394.1 399.6 413.8 436.5 457.1 478.4 489.3 504.1 532.9 557.3 564.4 582.8 599.5 612.1 625.4 633.5 642.2 656.7 661.9 665.1
880.1 842.7 807.6 780.4 749.3 719.3 701.8 685 676 666.3 658.9 658.5 659.4 661.7 670.8 680.6 691.1 701.5 715.2 734.8 760.8 776.4 794.3 809.8 811.5 800.2 784.7 752.7 722.1 691 673.4 656.8 651.8 650.6 639.6 632.1 620.4 614.7 610.4 604.7 600.9 596.8 587.5 578.2 566.4 552.1 529.4 468.6 433.4 407.6 396.1 387.6 381.6 383 382.2 383.5 385.1 389 396.3 407.6 421.8 446.2 457.4 473.9 487.4 509.8 533.9 558.8 569.8 587.6 606 623 639.4 648.3 656 670 676.8 676.8
861.4 830.2 798.6 767.1 737.2 709.8 688.5 675.8 665.6 658.5 658.5 658.5 661 664 670.3 685.5 696.8 705.9 716.5 737 761.9 786.5 803 813.2 814.1 800.8 780.8 755.7 722.3 692.2 679 667.2 660.2 654.8 644.2 639.5 624.8 617.4 611.1 602.2 595.7 591.1 586.9 582.4 572.4 555.9 530.9 494.3 440.4 409.3 395.3 388.9 386.3 390 387.4 388.7 392.7 397.1 403.6 413.3 431 447.7 456.8 474.8 498.5 519.3 546 571.6 585 596.2 608.5 624.4 645.9 669.3 677.6 680.8 691.6 691
854.1 815.2 783.4 751 721.9 701 681.2 668.8 659.2 658.5 658.5 658.5 660.1 664.7 673.5 684.9 700.4 711.5 724.5 746.1 771.3 792.8 807.6 818.5 807 778 755.9 737.2 711.5 692.9 682.9 670.1 661.7 656.1 644.2 636.7 627.5 617.6 609.5 598.7 590.5 587.3 582.3 580.6 570.7 556.6 535.2 496.1 465.1 420.4 402.2 395.6 393.4 395.6 394.9 393.6 396.6 401.1 408.5 414.3 433 448 463.7 485.2 510.7 539.9 557.4 574.6 589.4 599.9 614.5 626.4 656.2 679.2 689.8 700.9 702.9 704.7
842.2 802.3 765.2 734.6 709.2 692.2 673.2 663.2 658.3 658.5 658.5 658.5 658.5 666.9 678.9 690.4 704.3 714.1 736.7 762.8 781.8 800.4 814.6 823 787.4 759 737.8 723.4 703.9 688.4 679.8 668.3 660.3 654.7 643.8 632.3 624.5 615.5 605 595 586.3 581.3 579.2 578 579.4 562.6 529.7 495.1 473.6 438.6 416.2 402.7 400.8 399.7 397.9 397 400.5 405.1 410 415.8 435.9 454 482.9 498.5 523.2 545 558.9 577.6 601.6 613.5 621.2 636.4 658.7 678.9 698.4 716.1 716.7 720.2
836.8 791 752.9 723.6 699.7 684.6 670.7 662.3 658.5 658.5 658.5 658.5 658.8 668.7 681.4 694.1 706.6 728.4 756 776.3 793.2 808.9 821.6 823.1 778.5 748.8 727.8 712 694.8 685.7 678.1 668.1 661.1 654.7 641.9 627.8 616.6 607.4 595 586.6 581.9 577.3 574.4 575 580.2 568.7 543.1 511.1 480.4 451.8 429.3 411.1 404.8 404.4 402.3 400 403.9 408 413.8 420.4 435.6 462.3 495.3 503.2 526.5 546.2 561.4 587 602.5 613.9 628 641.7 656.6 677.5 703.4 727.6 727.6 735
827.4 779.5 743.9 718.4 699 676.6 667.2 658.5 658.5 658.5 658.5 658.5 659.6 671.5 687.4 697.3 709.8 731.3 764.8 785.3 801.9 818.3 829.9 821 776 743.1 720.6 704.7 690.9 682.5 674.9 669 660.7 650.5 640 625.5 609.1 602.5 589.3 582.6 580.1 575.2 574.4 572.4 565.2 548.6 540 514.4 474.4 453.5 434.9 420.9 411.3 409.5 408.2 402.1 406.3 410.4 417 428.1 443.7 464.3 487.5 500.4 523.6 543.8 564.2 586.7 593.8 607.2 617.9 635.6 660.3 683.1 718.1 740.4 746.5 749.9
836.3 772.5 739.1 717 696.5 677.3 663.4 658.5 658.5 658.5 658.5 658.5 660.3 674.7 691.8 703 713.1 742.4 780.1 795.4 811.9 826.6 839.3 821.4 776.1 745.3 718.7 698.3 691 680.4 673.3 666.8 659.1 646.9 634.3 618.6 608.1 599.9 590 583.9 582 580.3 578.5 575.1 563.6 545.4 520.4 504.5 486.3 464.2 443.5 427.1 419.1 414.9 414.2 410.2 406.5 416.3 423.1 430.8 448.3 461.2 480.3 501.4 532.4 550.6 569.5 584.8 589.9 600.4 613.8 630.4 657.7 691 720 750.1 758.2 771.3
834.6 780.1 736.3 717.7 692.7 680.2 668.1 658.5 658.5 658.5 658.5 658.3 666.2 681.5 699.2 712.8 727.4 756.4 792.5 809 826.9 838.6 854.5 834.8 788.6 751.3 718.8 699 692.1 678.8 672.8 666 657.7 645.6 632.8 621.4 610 596.8 588.8 587.9 589.9 588.7 585.5 579.5 567.3 548.6 531.3 511 491 469.8 447.8 433.7 426.2 420.8 419.3 416.6 413.6 417 424 433.9 444.5 460.2 477.3 499.9 522.3 549 565.8 578 587.2 595.2 605.7 620.8 646.1 687.4 722.3 753.4 771 785.6
828.1 785.1 745.9 723.5 704.3 685 671.8 658.5 658.5 658.5 658.1 663.7 678 687 706.7 728.1 748.2 782.9 799.2 822.9 841.3 854.5 870.3 854.2 813.9 759.2 722.3 703.7 693.3 678.6 671.3 663.9 656.2 646 634.6 625.3 613.1 598.9 591 595.6 604.5 606.3 607.5 593.4 582.2 564.9 542.6 525 508.6 482.4 451.8 437.6 428.6 426.3 421.8 421.3 418.5 418.6 425 434.7 444.4 456.1 472.9 496 530 549.6 563.6 573 580 592.5 597.4 617.4 647.6 681.4 716 749.7 781.7 795
811.2 780.3 760.8 751.2 724.2 695.8 673.2 665.1 664 658.4 664.9 672.2 683.1 696.5 720.9 743.7 762.7 793.6 811 834.9 851.8 866.3 873.2 841.3 801.4 763.2 730 703.7 695.7 678.8 671.5 661 653.6 648.7 636.2 628.5 619.2 612.6 609.8 609.2 612.1 619 622.9 636.2 642.3 633.6 596 557.7 530.8 510.7 478.9 448.5 435.4 430.9 424.6 424.4 423.6 422.7 425.5 434.6 443.1 454.3 475.5 497.7 523.8 542.5 558.3 561.4 575.8 585.5 596.9 609.1 637.6 669.4 704 747.3 791.7 806.1
812.9 793.5 785 773.9 748.8 715.5 680.2 674.2 670.3 667 671.7 681.3 687.8 708.4 730.7 759.3 780.7 805.7 826.1 849.9 865.5 877.8 866 828.8 791 758.6 728.4 701 690.4 679.4 669.1 660.1 654.4 647 641.8 641.3 640.2 634.7 632.9 622.1 625.6 645.1 649.4 663.5 683.2 699.7 656.8 595.7 551.9 529.8 506 486.2 455.7 436.7 431.8 427.6 426.4 426 426 433.5 441.3 454.6 474.4 490.6 511.4 529.8 545.1 552.7 565.6 574.6 585.4 603.9 627.6 660.8 704.1 752.7 796.9 814.3
836.9 813.3 794.7 781.3 764.2 731.1 702.8 686.1 678 675.2 680.5 686.4 695.4 714.5 746 764.4 790.6 823.6 847.3 867.1 880.1 887.1 846.7 814.6 775.7 753.6 734.8 711.9 686.4 677.8 671.8 662.8 664.2 655.3 651.1 646.7 637.6 634 640.9 641.8 648.9 662.7 683.8 706.7 726.2 731.6 683 626.2 579.9 541.2 517.1 502.6 484.6 455.8 444.3 434.2 431.6 429.8 427.3 434.6 442.9 454.3 469 483.7 501.7 519.3 532 544.9 554.9 565.2 576.8 601.9 623.8 664.7 708.2 758.7 794.8 824.2
875.1 846.7 822.1 807.2 785.9 760.4 735.5 714.5 697.3 697 696.3 708.8 710.8 728 756.1 775.9 816.2 851.4 868.4 879.6 889.9 874.9 831.2 796.5 771.5 753.6 750.5 724.3 690.5 680 676.9 671.9 666.3 662.9 654.5 654.1 651.6 652.7 652.9 663.1 685.4 695.5 714.5 737.4 758 763.5 716.9 696.4 650.3 590.1 533.2 513.6 492.2 471.6 458.5 444.7 435.6 433.1 431.5 434.6 442.6 451.2 463.1 475.9 489.9 510.7 521.5 536.6 548.3 559.2 570.6 594.3 630.9 674.8 721.8 760.4 798 831.4
921.6 887.9 852.8 837.2 810.9 791.3 763.2 734.4 716.3 715.3 713 729.4 727.9 745.7 767 801.9 841.4 869.7 884 895.8 899.7 857.5 815 785.6 763.5 751 744.8 731.7 699.6 688.7 686.2 683 681.9 666.1 665.2 664.7 667.3 672.8 684.1 709.3 721.7 730.6 751.3 767.6 791.3 805 791.4 742.4 690.8 633.8 585.2 549.2 505 484.7 473.1 455.6 442.4 437.2 436.6 434.9 439.5 446.4 457.2 468.3 481.9 498 511.2 526.8 540.3 551.4 564.2 598.9 632 671.6 725 768.7 799.9 835.1
938.3 912.1 896.4 870.6 845.3 814.4 790.8 768.3 741.8 732.6 731.5 740 746.1 764.1 786.7 820.7 857.5 885.2 900.5 913.2 908 850.4 812 778.9 756.8 743.2 737.3 720.4 705.1 694.7 689.2 684.6 677.3 671.8 675.6 683.4 695.5 703.9 716.8 742.2 759.4 769 783.8 803 823.7 844 800.9 750.7 694.2 660.5 620.4 579.2 526.8 502.6 487.3 469 454.9 442.2 438.9 439.6 440.4 442.7 450.5 459.7 473.4 490.8 505 519.5 534.4 544.6 566.8 593.3 628.2 676.6 718.5 766.7 797.6 828.6
930.5 921.5 925.1 908.9 873.9 862.8 836.6 812.5 780.1 758.6 755.6 758 783.6 791.6 819.6 849.3 875.8 899.3 919.6 928.3 906.7 854.6 815.2 780 752.3 735.5 724.2 718.9 713.9 701.2 691.1 683.8 679.1 684.7 697.5 706.4 718.1 732.4 765.2 783 794.3 813.2 831.4 849.5 864.8 870.6 811.5 747.2 702.3 668.8 639.9 607.2 571.8 534.1 516.2 486.7 467.8 452.9 442.7 443.7 445.9 447.5 446.2 453.6 468 485.9 500.3 515.1 526.2 538.3 564.1 591.5 625 663.7 707 749.9 777.1 810
917.1 910.6 903.6 898.6 900.6 892.1 869.9 842.7 813.9 791.1 796.9 785.2 811.3 830.1 848.3 873.6 894.1 915.3 932 936.6 909.6 870 831.5 792.5 762.2 736.8 724.9 721.9 715.1 706.1 699.3 698.1 698.9 705.9 715.7 734.5 746.3 774 809.8 817.4 837.4 850.8 878 893.1 901.7 875.8 816.5 760.6 722.9 681.8 658.8 627.2 603.7 575.1 546.9 507.1 484.9 466.1 452.8 455.7 457.4 452.3 451.5 451.3 460.8 480.8 500.5 512.5 522 532.5 560.3 577.8 603.2 638 682.8 721.8 774.2 810.3
907.8 900.2 891.9 880.7 876.7 876 869.8 856 840.6 817.6 813 807 826.3 854.1 868.7 886.2 903.1 918.6 925.7 928.5 921 896 855.5 814.4 780.1 749.2 736 733 727 725.7 726.2 728 731.3 740.2 761.1 775 807.9 827.5 839.9 853.3 870.2 896.3 915.5 930.9 895.8 859.8 816.5 784.1 750.4 726.1 701 679.1 645.2 608.5 578.8 545.4 514.2 486.1 478.5 490.8 486.8 465.9 458.7 454.7 458.9 474.9 494 507 519.3 529.5 548.2 572.9 597.2 631.2 681.4 719.6 784.2 829.8
895.6 888.9 880.2 869.3 860.1 854 850.2 844.8 837.4 823.4 814.3 822.1 848 863 879.8 892.7 904.5 915 922.3 919.8 910.1 898.5 873.8 833.7 796.1 768.5 762.6 766.8 762.8 771.1 767.4 780.5 792.2 795.5 806 827.4 866.6 867.7 880.5 900.1 915.7 934.8 946.7 934.5 889.4 849.8 827.8 799 778 764.1 758.5 739.8 702.6 664.7 628.8 584.1 556.9 557.3 539.3 534.9 523.4 492.3 483.3 467.8 462 478.2 490.4 500.2 514.2 520.8 536.8 559.5 587.8 624.3 675.2 723.7 790.3 829.7
