data/210000-880000.asc
ncols 200
nrows 200
xllcorner 210000
yllcorner 880000
cellsize 50
[rows 0 to 35 of 200, columns 0 to 79 of 200]
164.9 167 169.5 171.9 173.9 175.8 177.8 179.9 182.2 183.4 189.9 207.8 228.2 257.2 309.5 363.6 402.8 421.3 430.6 430.4 429 416.2 407.6 405.6 417.2 413.4 407.6 406.5 407.5 416.5 420.1 416.3 410 406.3 397.1 385.9 378.9 376.9 376.8 377.5 378.5 379 380.7 382.7 395.3 413.2 411.9 424.2 428.7 433.9 443.5 445.7 447.2 448.2 449.5 452 454.8 455.7 458.7 456.6 451.5 444.9 431.3 417.3 411.6 405.1 395 393.4 384.9 374.2 359.5 344.9 343.2 347.7 344.6 341.3 334.3 331.6 324.6 322.1
163 165.6 168.2 170.7 173.1 175 176.8 178.9 180.9 182 187.7 202.2 223.4 266 311.8 357.6 394.6 416.3 420.7 424.1 418.2 406.3 405.6 405.9 413.6 408.3 408.7 409.1 413.7 420.7 419.7 413.8 411.3 404.2 394.2 384.3 380.2 378.9 378.8 379.2 380.2 381.2 382.2 383.4 386.8 393.9 407.4 417 426.9 448 454.4 451.7 448.5 446.9 452.1 453 454.3 456.2 462.1 461.7 456.5 445.2 432.9 421.5 411.5 403.2 396.4 390.9 384.8 376.6 365.2 351.2 348.9 350.1 344.7 340.6 335.7 336.4 329.9 327.7
160.1 162.5 165.1 168.8 171.7 173.8 175.4 176.7 178.3 179.5 183 196.8 218 270.7 316.1 352.9 394.2 406.3 408.3 411.8 408.9 407.4 415.3 411 407.9 407.9 412.4 410.6 421.2 420.1 417.2 413.9 408.9 401.5 391.7 382.3 380 379.1 378.9 378.7 378.6 379.7 380.2 380.6 385.7 392.5 406.6 420.5 434 444.9 447.3 449.5 447.5 445.8 455.7 460.9 462.8 462.2 465.3 466 458.9 447.1 431.5 419.8 410.9 403 399.3 391.9 382.9 376.8 368.1 365.1 356.2 353.4 349.1 343.3 340.5 340.4 342.8 332.5
157.2 159.2 162.2 166 169.5 172.4 174.1 175.1 176.2 176.8 180.1 191.9 214.3 270.3 319.7 359.2 388.8 400.4 399.3 396.8 395.1 399.8 408.1 411.2 412.3 417.6 411.8 415.6 423 420.5 413.1 410.9 404.3 397.7 387.6 381.6 379.5 378.7 377.1 374 374.5 374 376.7 379 385.7 391.1 407.2 420.8 434.9 439.6 447.4 449.6 445.8 445.8 457.4 463.3 467.4 467.1 463.4 464.2 458.1 444.4 425.1 417.6 408.1 402.5 398.5 390.7 384.3 378.4 369.5 371.6 362.9 355.7 352.6 350.4 347.2 347.9 345.1 337.9
153.9 155.4 158.7 162.6 166.5 169.9 172.2 173.6 174 175.1 178.4 189.9 212.6 265.1 307.2 352.3 374.5 383.5 387 389.3 389.9 400.2 415.2 416.6 421.2 415.7 413.9 422.7 423.3 415.8 411.6 406.7 399.8 392.7 385.3 379.6 378.9 375.8 369.9 369.9 369.9 369.9 369.9 376.9 383.8 392.4 408.2 427 436.4 443.7 447.6 446 445.8 452.8 465.2 469.5 470.6 469.2 460.7 456.6 451.2 441.9 424.2 414.3 407.2 400.5 396.4 392.6 391.1 386.7 381.1 380.4 372 357.9 358.4 357.3 353.3 352.8 346.7 341.9
152 153.7 154.8 158.4 162.4 166.6 170.9 172.3 172.3 174.3 178.1 187.1 209.1 254.3 287.1 334.3 355.4 366.6 372.2 379.1 384.3 412.9 419 418.7 418 415.3 424.8 429.9 420.7 415.2 410.4 403.4 395.6 388.1 382.5 379.7 377.5 369.9 369.9 369.9 369.9 369.9 369.9 375.9 383.4 392.4 411.7 435 440.1 443 445.9 445.6 446.3 456.5 469.6 474.4 471 462.7 457.3 450.9 446.8 437.5 423.6 415.3 406 398.5 395.8 396.2 399.3 392.2 390.3 385.1 380.5 369.2 365.6 360.4 359.8 354.9 352.2 349.7
150.6 151.7 152.3 154 158.1 162.3 166.8 169.7 170.4 172.7 176 184.3 200.2 237.3 280.9 321 342.2 357.9 374.4 376.6 382 413.1 413.5 410.1 409.9 414.2 428.5 426.2 418.4 415.3 407.1 399.9 392.1 385.4 381.6 378.8 376.8 369.9 369.9 369.9 369.9 369.9 369.9 379.8 390.6 405.2 426.7 436.5 438.2 442.2 444.8 445.3 447.8 455.6 465.6 468.3 461.3 453.1 447.7 445.7 438.4 429.9 424.9 414.5 403.5 398.9 398.9 404.3 396.2 393.5 392.2 391.2 391.8 385.5 372.5 366.7 361.3 358.7 360.4 356.8
149.7 150.4 151.1 151.9 153.6 157.4 161.9 165.7 167.6 171 174.3 180.7 193.4 220.4 272.9 308.8 322.8 367.3 376.4 379.4 398.9 401.3 397.4 398.5 398.4 412.6 421.4 418.5 415 410.7 403 396.1 388.9 383.1 380 379 377.3 374.4 369.9 369.9 369.9 369.9 376.2 384.7 396.9 416.5 433.7 435.9 440.9 438 440.5 442.9 445.9 453 462.1 463.2 452.3 444 438.7 434.2 428.4 425 422.7 410.2 403.2 400.3 398.8 397.1 394.8 395.3 396.3 397.1 400.4 392.3 377.7 370.7 368.5 369.6 370.1 367.5
149.4 149.2 149.9 150.8 152.2 154.5 157.2 160.3 164.4 169.9 177.1 186.8 196.6 214 255.2 283.6 302.4 340.4 367.4 376.1 384.1 384.1 381 379.7 391.3 411.4 412 412.1 413.2 407 399.8 392.5 385.4 380.4 377.8 377.4 376.5 370.9 369.9 369.9 369.9 377.4 384.5 396.8 408.2 423.7 429.8 432.2 432.8 435.6 441.3 443.8 443.9 448.2 455.3 454.6 447.6 438.4 432 425.2 419.7 416.3 416.1 405.9 405.1 402.4 395.9 393.4 398.3 400.6 404.8 404.1 403.9 395.7 384.7 378.5 382.5 384.8 383.8 378.6
149.3 148.7 148.9 149.9 151.8 153.7 155 157 161.9 167.4 175.4 187.8 199.2 214.6 232.9 255.1 282.4 333.4 360.3 370.3 373.3 371.9 369.5 377.2 394.8 403.9 409.6 411.8 410.2 404.6 396.1 389.2 383.3 379.8 376.9 375.7 374.8 374.5 375.4 376.3 379.1 385.3 396 405.4 427.8 428.8 430.3 431.8 433.3 435.6 438.3 437.7 438.2 445.6 445.8 441.6 439.7 433.8 427.4 417.5 412.5 404.9 402.3 402.6 403.1 400.2 391.6 391 395 402.4 413.1 411.1 403.3 390.6 386.6 386.3 385.7 388.4 384 377.3
149.3 148.2 148.1 149.1 151 152.7 154.2 156.4 159.7 163.8 172.1 187 200.3 216.8 234.5 254.4 279 320 353.2 363.8 366 364.1 364.9 375.5 386.8 400.9 406.3 410.7 407.1 399.3 391.9 386.9 381 378.2 376.6 375 374.2 375.5 376.5 378.1 381.5 392.2 402.2 426.7 436.7 434 434.2 439.6 436.4 433.9 436 436 436.4 439.2 440.8 434.9 431.5 428.5 423.6 413.5 403.5 399.2 398.1 397.9 396.1 393.1 391 391 395.5 405.5 413.6 409.3 399.9 389.4 386.6 385.5 387.2 387.6 384.5 377
149.1 147.9 147.3 148.3 150 151.6 153.2 155.5 157.7 160 168.9 182.2 199.3 217.1 234.6 255.4 276.8 321.5 355.2 357.6 360.1 359.3 361.5 372.9 380.3 392.6 403.9 408.8 401.9 394.1 389.1 382.1 377 375.1 374.4 371.7 371.5 373.9 376.8 381 388.3 397.4 412.3 428.5 430.8 429.9 433.3 438.9 433.8 430.5 433.5 433.5 432.1 434.7 434.8 428.3 422.5 415.2 413 405.2 398.6 396.8 394.8 394.6 392.4 391 391 391 398.3 412.3 411.1 403.1 394.4 388.2 386 385.5 387.3 387.7 379.5 374.2
147.7 147.3 146.8 147.3 149.2 150.9 153.2 155.6 157.9 160.1 165.4 175.1 194.7 214.2 235.3 256.9 281.1 319.1 343.9 347 351.4 351 355.9 366.2 371.1 383.2 398 401.3 395.4 390.3 383.8 376.8 373.7 373.1 372.4 369.9 367.3 369.3 371.2 376.9 386.1 402.9 425.9 427.4 425.7 426.8 428.7 433.2 428.5 426.3 427.8 427.3 425.6 429.1 424.8 420 413.7 409.9 407.4 400.8 393.7 393.1 391.7 392.2 392.9 392.5 391.9 398.7 406.8 412.4 405.3 401.2 391.4 386.7 385.6 385.1 390.1 386.9 378 374.4
144.6 146 146 146.2 146.8 149 152.9 154.9 157.1 159.8 164.3 172.8 187.1 207 228.3 253.7 294 323.9 337.5 338.9 340.7 343.8 351 363 365.8 377.7 390.5 393.6 388.8 385.1 378.7 373.1 371.8 370.9 370.4 368.3 366.1 364.4 365.7 369.3 378.9 394.7 409.1 416.8 423.9 431.3 424.9 424.1 422 419.3 419.9 416.6 417.1 418.6 418.3 411.8 408 405.9 400.5 396.3 392.7 390.5 389 389.9 392.1 396.8 401.2 405.3 412.8 412.6 407.4 398.7 391.6 385.2 383.6 384.5 387.6 382.9 378.9 376.9
139.6 144.1 144.4 145.9 146.5 148.2 150.6 152.6 155.4 159.4 164.7 173 183.4 199.3 220.3 244.9 293.9 307.3 319.7 328.7 335.3 336.3 341.4 353.3 360.2 371.1 383.8 385.6 382.8 379.3 371.9 369.8 370.3 369.9 370.3 366.7 363.7 360.8 361 362.5 368 380 391.6 402.2 416 418.3 417.2 417.5 415.4 410.8 409 409.4 409.3 409 408.9 404.9 402.1 400.4 398.1 394.7 391.5 389.7 388.2 388.5 392.3 402.2 406.6 409.2 415.3 411.9 401.3 394.2 389.2 383.4 380.6 380.3 383 383.1 378.2 378.5
130.6 140.2 142.2 145.3 146.2 147.4 148.5 149.9 153.3 158.1 163.7 172.5 183 194.3 209.6 235.7 266.6 283.7 297.9 313.4 325.7 326.5 331.8 337.8 349.9 365.5 380.4 378.5 376.3 370 365.2 366.1 367.2 369.8 370.2 363.1 359.7 358 358.1 362.8 368 375.5 387.2 400.2 407.2 407.8 407.8 407.1 407 404.6 401.2 400.4 399.7 399.3 401.4 397.4 391.8 392.3 391.9 389.4 388.7 388.3 387.1 390.1 393.2 400 404.9 406.8 405.7 401.7 394.2 388.9 384.6 379.9 377.6 377 377.3 379.5 375.9 372.7
123 131.3 134.9 141 144.4 145.9 147.2 148.3 150.3 156.6 162.2 171 181.7 191.3 206.2 218.4 238.2 256.7 277.6 306.1 315.1 316.8 319.6 325.8 335.9 351.9 371.7 373.4 368.8 363.3 360.1 361.3 359.4 359.8 363.4 355.7 354 352 354.9 359.7 366.1 376.4 388 396.8 401.6 400.2 397.3 396.7 398.3 396.2 394.3 392.9 394.3 395.3 394.8 387.3 385.7 385.4 384.3 383.6 384.2 384 387.9 392 396.4 399.9 401.3 402.3 399.9 394.8 389 385.6 382.2 376.1 374.2 374.5 373.6 370.5 369.2 365.5
119.3 122.7 124.7 131.5 138 143.8 145.6 147.1 149 152.4 160.3 165.6 177.8 191.3 204.2 209.7 224.8 243.1 269.7 286.4 303.4 304.5 306.2 308.3 319.5 337.6 359.1 366.1 360.9 355.2 356.1 356.9 355.8 355.4 353.6 349.4 348.3 346.7 350.3 355.3 363.2 372.1 382.4 390 396.2 393.6 391.1 391.1 391.3 389.8 389.5 386.3 388.2 388.8 383 379.5 379.4 379.1 378 376.6 377 381.6 389.1 389.1 389.4 391.9 393.3 396.3 394.6 392.5 386.7 381.6 377.3 371 368.4 369.4 367.8 363.9 363.6 361
114.1 115.5 117.4 123.8 128.8 135.3 141.5 145.6 147.8 150.9 154.9 162.1 171.8 184.2 193.1 198.3 213.7 229.9 260.1 275 285.4 293.6 294.8 296.8 305.2 318.4 346 356 347.4 348.1 350.8 350.1 348.1 347.7 346.2 343.9 343.4 342 344.4 351.6 361.3 372.9 376.7 381 385.6 388.8 385.9 386.7 387.9 388.1 386.1 382.1 381.1 377.5 372.4 372.2 371.8 368.3 366.8 369 368 375.7 384.6 384.7 385 381.6 384.6 387.8 389.1 389.7 382.5 377.3 373.4 368.3 364.1 363.2 361.1 360.3 360.1 359.2
109 108.7 111.7 116.6 121.5 127 132.5 139.8 144.9 148.6 151.4 156.4 168.2 176.2 185.8 192.4 204.7 217.1 238.7 265.5 277.8 285.7 285.8 289.2 294.5 304.1 315.7 330.5 333.5 346.1 346.8 342.7 339.1 337 338.8 339 339.5 337.1 343.7 350.2 359.5 367.3 368.6 371.2 377.8 381.9 381.1 380.5 383.4 384.2 380.4 373.7 373.1 371.2 372.9 373.1 368.6 368.3 364.8 363.3 364.6 371.4 376.1 377.8 374.7 373.5 374.4 376.6 378.5 379.8 376.1 372.3 368 362.6 360.1 359 358.7 358.7 357.9 357.2
104.3 103.9 109.2 111.8 113.6 118.6 125.1 131.1 137.3 142.1 146.9 151.4 158.2 168.8 171.8 187.8 194.7 206.1 222.2 254.6 266.2 275.1 278.2 280.7 285.8 287.5 294.9 308.1 326.9 341.1 341.1 335.7 332.9 333 333.6 333.9 334.7 334.9 343.3 350.1 357.8 362.3 360.9 362.6 367.9 370.7 370.9 372.4 373.3 372.1 368 366.5 366.1 366.6 368.3 367.1 365.6 367.2 364.1 358.3 362.1 367.4 374.5 372.9 366.9 366.9 368.8 369 367.6 368.4 365.6 363.4 360.3 357.9 356.6 356.4 356.7 357.8 357.9 355.3
99.6 101.4 106.1 107.8 108 111 115.9 121.8 128.1 133.4 140.7 148.1 151.8 158 163.2 177.3 185.7 197.8 217.2 240.2 252.8 264 272.9 271.3 276.2 276.1 286.8 299.8 312.4 330.9 331.4 331.1 331.1 328.5 329.4 328.7 325.4 336.1 343.4 349.4 352.6 351.3 351.4 359.7 363.6 363.1 363.3 363.6 363.1 363.4 361 360.3 360.3 360.4 362.4 362.3 363.3 366.7 362.9 356.1 358.2 362.9 366.8 363.7 360.4 361.6 363.7 365.2 364.2 363.1 360.4 357.5 354.9 354.2 353.6 353.9 355.4 355.8 355.5 355
92.1 93.8 99.1 100.1 104.6 106.2 109.9 112.8 118.9 124.5 132.6 140 145.3 149.6 153.8 164.9 178.9 188.1 202.3 223.9 239.3 243.7 258.8 258.9 261.5 268 278.6 283.4 294.6 313.2 319.7 323.8 324 324.9 324.6 321.3 327.6 332.2 339.3 346 348 341.2 349.4 354.7 358.8 359.4 358.9 359.4 362.4 362.3 356.9 357.3 357.7 357.4 357.9 358.9 360.2 362.1 361.1 353.7 355.8 357.2 356.4 354.9 355.6 360.2 362.7 362.6 362.4 360.5 359.2 354.6 349.1 349.3 350.1 351.8 353.2 353.9 354 354.4
87.2 88.4 93.3 98.1 95.7 98.4 101.5 104.1 109.5 114.8 122.4 131.7 138 144.7 147 154.2 164.3 178.4 192.4 209.5 220.6 224.4 231.2 241 250.5 256.9 262.7 270.4 285 306.5 313.2 313.9 315.2 316.4 316 314.3 318.8 324.2 333.4 336.4 332.4 335.8 347.4 351.5 352.9 355.2 355.7 360.6 361.6 359.6 354.6 354.1 356.6 356.3 355.2 355.8 356.8 358.1 354 349.9 351.8 355.1 351 348.3 354.9 359.5 359.9 359 358.2 359.1 356.6 346.8 343 343.3 345.1 349.1 350.5 352.2 353.5 354.5
79.8 82.4 87.5 91.3 89.7 89.8 94.4 96.7 100.4 104.4 112.2 123.1 130.5 137.7 142 144.9 154.5 171 179.6 191.7 203.6 205.1 215.4 228 241.9 244.7 251.7 262.5 278.6 301.8 310.1 308.6 306.5 304.5 311 319.2 327.1 328.1 329 332 331.9 334.4 338.7 343 346.7 351.5 354.1 352 351.1 353.3 352.1 353 353.7 354.8 353 351.6 351.7 354.1 350.3 346.9 348.1 347.1 343.1 343.5 351.2 353.4 354.9 354.3 353.7 351.8 345.4 339.2 338.1 339.1 342.6 347 348.6 350.6 352.9 354.7
76.8 78 81.6 85.8 83.4 81.9 84.5 89 92.9 97.3 104.6 115.5 123 130.4 136.4 139.3 146.1 158.5 166.6 174.9 184.9 195.4 202.2 214.2 225.2 229.8 238.7 251 269.6 292.4 306.4 301 293 296.7 313.4 324 327.5 329.3 333.4 340 336.7 334.5 335.6 339.1 341.3 341.8 344.5 348.6 349.4 350.4 352.4 353.8 351.3 349.3 347.2 348.5 349.1 348.7 345.4 343.1 344 341.2 340.5 340.2 344.7 348 349 349.7 346.4 344.1 342.9 337.1 335.2 336.4 337.9 343.6 346.5 349.2 352.3 354.9
75.3 74.5 75.4 75.5 77.9 74.6 78.3 82.3 85.5 92.5 97.7 107.4 115.6 121.3 126.9 131.1 136.5 143.3 151.2 161.2 172.5 182.2 192.6 199.3 208 214.5 227.5 245.3 261.1 279.1 292 271.6 296.5 304.6 313.8 320.6 325.7 327.7 333.2 337 336 333.5 334.8 338.2 340.1 337.5 334.3 334.7 342.8 345.4 352.6 353.7 349.6 344.5 342.4 345 345.4 343.9 341.9 338.8 337.3 336.6 338.5 338.8 343 346.3 347.9 344.2 343.5 341.5 335.9 332.5 332.2 333.6 333.8 338.9 345.6 349.4 353.2 356.3
66.8 73.2 70.4 70.3 70.4 69.5 72.1 76.6 78.6 82.7 90.6 97.9 106.2 111.5 117.5 122.3 126.7 130.9 139.2 151.6 161.9 173.5 182 188.3 193.6 209 220.8 236.6 249.8 259.3 252.4 279.8 296 302.1 308.1 313.1 319.3 321.4 330.1 335.3 333.8 331.8 335.4 340.1 339.3 333.2 328.6 326.4 328 334.9 346.1 348 347.1 341.7 337.8 339.7 340.3 337.5 337.5 338.7 336.1 334.5 335.3 339.7 341.5 342.9 342.6 338.4 336.9 337.4 332 330.2 330.6 331.5 332.8 339.2 347.4 353.9 357.3 361.7
59.2 62.6 63.8 63.8 67.8 64.3 66.4 69.9 71.5 75 80.6 87.3 95.8 101 106.9 112.1 117.1 122.3 128.9 140.3 153.4 161.5 173 174.5 188.2 201.3 211.1 223.6 232.2 244.7 269.7 284.8 295.8 300.8 304.4 309.4 314.3 316.9 320.3 327.4 327.3 328.8 333.3 334.7 334.4 326.6 322.2 319.5 320.1 327.1 332.2 332.6 337.7 336.7 333.7 331.7 331.5 332.9 334.8 335.9 335.2 333.1 333.9 338.7 344.4 344 340 334.6 334.2 335.5 330.6 331.3 339.9 336.3 341 349.1 355.9 361.4 366.5 372.2
52.3 56.8 52.2 56.2 57.5 58.9 60.6 62.1 63.7 67.1 71.2 75.6 82.3 89 96.4 101.4 107.4 113.2 116.4 129.5 142.5 151.1 157.3 166.4 179.5 191 200.3 201.1 235.3 256.6 282.6 297.8 297.6 299.9 302.6 306 311.3 315.6 320.5 325.6 323.6 323.6 326.6 325.7 326.4 321.6 319.6 317.3 315.7 319.7 323.5 324.2 325.1 325 327.9 327.4 328.8 332 332.6 333.7 333.7 331.7 335.2 334.9 338.9 340.3 335.8 332.3 330.9 330.2 329.6 334.6 340.9 340.9 349.6 357.2 363.2 371.9 376.6 378.5
42.9 44.6 43.7 45.5 49.4 54 54.9 55.1 55.6 58.8 62.1 64.7 71.5 76.8 82.9 89.6 96 99.1 106.2 119.8 132.6 141.3 149.7 159.8 167.5 172.5 192.8 211.1 231.3 248.7 293.2 293.9 294.1 295.6 298.1 300.8 304.2 307.7 312.8 317.9 318 318.6 321.6 320 318.8 315.3 317.1 315.7 313.2 311.9 315.1 320.3 321 320.7 321.6 323.2 325.4 328.6 330.2 330.2 330.1 330.4 332.7 331.5 332.1 334.7 329.8 329.1 329.2 329.2 330.3 333.6 341.8 352.2 360.1 362 361.7 362.6 364.8 365.9
35.9 37.2 38.1 38.6 38.4 42.5 47.5 48.8 49.7 51.6 55.1 57.9 61.6 67.1 72.8 78 84 87.3 98 109.9 116.4 124.1 137.1 151.5 165 175.9 186.3 200.5 215.9 243.2 281.5 288.4 286.5 289 291.2 294.4 298.2 301.7 304.9 308.5 312.5 312.4 314.6 312.6 310.7 309.1 309.2 306.6 311.3 318.5 319.7 319.3 318.8 318.7 319.6 320.4 320.5 321.5 324.1 325.4 325.3 330 328.7 328.8 329.2 329.6 328.1 328.8 329.7 333.1 337.1 340.4 346.4 354.2 358.6 359.9 360.6 362.1 363.5 365.5
29.4 34.3 34 32 31.4 34.8 38.4 43.4 42.7 45.3 48.1 51.1 55.8 58.2 62.9 67.3 72.7 82.6 91 94.6 103.6 121.5 135.3 147 157.1 173 182.5 197.5 208.6 233.7 272.8 274 277.6 279.8 283.1 286.8 291 296 299 305.5 307.6 307.5 306.6 307.4 304.2 301.6 298.8 291.8 307.7 316.7 321.4 322.6 322.9 321.8 320.3 320.6 321.2 321.5 322.3 323.2 327.6 326 327.2 327.7 328.4 328.5 329.3 330.1 335.2 340.3 341 343.7 349.5 355.7 357.7 359.1 359.5 360.6 364.4 366.9
23.7 27.9 28.2 25.7 27.8 29.4 30.4 33.1 36.8 40.3 41.5 44.6 48.5 51.9 56.2 59.1 66.3 73.9 78.2 85.1 94.5 107.9 121.1 135.6 147.1 162.2 176.6 197.5 201.6 224.1 255.3 267.9 269.8 270 275.2 280.1 283.2 288 291.5 299.6 303.7 300.8 300.7 299.9 296.3 290.9 281.8 297.8 309.2 315 318.5 321 323.3 325.1 324.1 322.9 322.3 323 329.3 331.3 334.1 335.4 335.5 335 335 333.3 335.2 333.3 337.3 339.5 341.2 348.7 351.1 355.3 359.4 357.2 356.8 358.2 361 364.2
17.8 19.8 20.7 21.2 23.4 24.5 26.5 28.5 29.6 31.7 33.9 35.6 40.3 44.5 47.9 53 60.1 65.5 68.4 76.5 88.3 95.4 110.1 126.1 141.8 155.3 171.1 192 193.4 211.9 238.7 259.4 263 262 263.6 274.4 282.2 286.4 286 290 292.9 291.8 292.4 291.1 285.6 280.6 285.4 300.5 302.8 306.9 309.3 312.8 318 324.8 328.2 329.3 336.2 339.2 341 341 340.3 341.5 344.2 345.4 345.4 342.3 340.3 338.2 338.7 339.7 341.2 346.9 350 349.4 351.5 352.7 353.9 355.6 357.7 359.1
9.7 12.7 15 20.4 21.8 23.5 24.8 25 24.2 26.3 28.4 31.1 34.2 37 42.8 46.8 52.5 58.6 63 72.7 82.4 87.2 99 116.4 137 154.3 166.5 181.6 189.2 200.7 223.3 253.1 255.5 255.6 254.9 270.8 281.7 280.2 277.2 281 281.3 281.6 282.6 282.2 276.1 264.2 283.1 288.2 295.7 304.2 310.4 319.4 327 332.3 337.8 341 342.1 343.7 344 345 346.8 346.9 348.8 350.9 348.9 347.4 345.4 342.4 341.3 341.6 341.6 343.5 346.2 343.9 343.9 349.3 351.7 353.9 355.3 356.7
