data/210000-910000.asc
ncols 200
nrows 200
xllcorner 210000
yllcorner 910000
cellsize 50
[rows 36 to 71 of 200, columns 0 to 79 of 200]
91.4 96.3 90.5 89 94 83.4 79.2 63.6 50.5 55.3 66.3 73.8 79.8 88.4 103.8 124.6 135.3 147.2 153.3 149 143.9 142 147.5 148.9 149.8 149.8 149.6 145.2 139.8 130.5 124.1 138.2 136.5 131.3 132.3 133.3 129.5 125.5 112.6 107.5 107.5 107.5 111.9 113.8 110 120.8 119.9 114.8 111.6 110.8 110.4 110.7 114.1 115.2 114.9 115.4 116.5 117.6 123.2 131.1 125.6 122.8 129.5 141.8 145.1 157.9 166.5 192.3 223.4 235 236.9 239 238.5 238.6 236.9 234.4 231.2 232.5 234.2 234
117.3 104.1 96.3 101.9 106.1 104.7 97.9 82.8 79.7 83.6 87.5 56 60.5 62.8 86.4 110.7 128 132.1 129.4 127.6 132.1 135.4 141.8 148.1 153 151.7 149.8 144.4 137.1 134.2 126.2 117.2 125.9 131.9 130.8 128 127.3 122.1 114.1 107.5 107.5 107.5 107.5 107.5 107.5 107.5 113.6 117.4 113.1 111.2 111.4 113.7 115.1 116.3 115 115.1 116.2 117.7 120.7 131.5 135 124.5 140 137.8 141.6 155.2 174.2 212.1 230.7 231.4 234.4 239.4 236.7 238.3 233.9 231.5 226.2 229.2 225.7 226.2
127.4 118.3 107.6 96.4 104.6 106.1 100.7 89.6 96.5 116 118.7 93.6 104.6 77.4 66.3 90.5 99.3 113.1 115.7 115.1 108.3 126 134.9 144.2 157.5 153.6 149.4 144.1 139.5 136 127.6 117.2 117.2 129.4 134.4 132.3 129.7 118.5 110.9 107.5 107.5 107.5 107.5 107.5 107.5 107.5 107.5 109.9 114.5 114.8 113.6 107.5 107.5 110.3 114.8 114.9 116.5 118.1 123.6 135.4 144.1 131.1 136.9 138.2 142 153.4 185.9 215.5 227.2 226 229.3 231.9 229.4 229.5 230.1 228.5 220.9 225.7 226.3 221.8
134.7 124.5 112.4 114.4 101.7 102.8 99.4 90.5 97 104.2 108 115.6 118.6 107.4 82.9 68.9 67.6 88.2 102.4 99 120.6 129.1 129.3 134.7 156.4 153.4 147.8 144.6 140.2 136.4 133.4 125.6 123.9 117.2 118 130 132.8 125.2 119.1 107.5 107.5 107.5 107.5 107.5 107.5 107.5 107.5 107.5 108.9 107.5 107.5 107.5 107.5 107.5 108.5 114 115.1 119.2 128.9 141.5 150 141.2 133.1 135.4 145.5 157.8 194.9 214.2 221.5 224.7 223.9 222.3 224.4 227.4 226.1 222 219 219.2 220.1 219.1
138.3 123 136.2 125.5 112.5 106.3 104 97.9 100.2 106.8 112.9 121.4 120.7 109.7 94.5 85.6 79.2 67.9 69 96.8 120.6 126.7 125.8 126 135.7 143 148.4 146.2 139.2 134.7 129.6 128.5 125.7 124.8 122.8 119.4 125.5 130.5 126.8 120.8 109.6 107.5 107.5 107.5 107.5 107.5 107.5 107.5 107.5 107.5 107.5 107.5 107.5 107.5 111.5 114 117.1 119.8 132.4 148.8 152.6 158.6 135.2 133.5 146.7 173.5 204 212.2 218.7 222.1 220.7 220 219.9 221.9 220.5 218.6 215.2 215.8 219.2 218.8
143.1 136.3 134.1 125.5 119.7 116.4 120.7 102.8 107.1 113.7 122.5 116.8 113 114.3 117.4 112.2 92.5 90.5 90 74.9 77.1 113.9 116.5 116.3 125.3 135.8 146.6 150.4 146.6 134.9 129.6 125.1 123.7 124.1 125.1 123.7 119.4 121.3 125.5 122.8 118 117.4 107.5 107.5 107.5 107.5 107.5 107.5 107.5 107.5 107.5 107.5 107.5 107.5 113.6 114.4 118.1 121.8 136.8 152.3 152.5 154.9 149.3 139.2 153 187.1 203.8 209.4 210.5 212.6 216.7 219 214.4 216 216.5 217.9 204.2 209.3 213.8 214.7
149.8 138.8 137.8 139.5 135 127.1 128.6 116.4 104.1 113.8 121.3 120.4 123.7 124.6 117 118.9 112.2 105.6 96.7 90.3 97 73.1 93 92.1 111.8 123.8 137.9 145.8 154.7 147.8 133.6 124.5 122.7 123 123.6 124 125.2 122.1 118.4 117.6 117.9 118.6 115.7 107.5 107.5 107.5 107.5 107.5 107.5 107.5 107.5 107.5 107.5 107.5 107.5 107.8 108.4 123.7 144.8 149.8 150.7 150.1 146.3 135.2 145.3 183.5 197.6 199.8 202.3 208.3 206.7 212.4 208.6 211.5 218.8 211.9 199.4 195.9 207.3 206.4
154.3 141.2 138.1 144.6 134.9 136.5 126 125.5 125.7 113.3 112.7 114.5 122.4 111.2 108.2 114.9 120.3 119 107 105.8 110 103.8 94.7 90.8 107.2 97.2 115.9 137.9 152.3 151.7 138.5 124.7 122.1 121.9 122.6 122 125.8 127.9 122 113.4 117 120.4 118.1 113.7 114.5 113.1 107.5 107.5 107.5 107.5 107.5 107.5 107.5 107.5 107.5 107.5 107.5 119.8 136.4 154.6 150.5 143.2 139.8 128.4 141.6 175.9 190 190.9 201.7 202.3 199.9 199.1 199.8 203.5 211.7 207.9 197.4 191.6 196.4 198.7
159.1 146.8 138 140.3 132 130.5 145.2 155.3 142.8 117.8 112.1 108.2 110.5 108.2 108.2 111.1 108.2 122 116.9 114.4 122.5 124.5 123.5 125.5 125.8 119.8 110.8 126.5 133.2 129.4 134.4 127.5 121.2 117 121.8 118.5 118.8 125.3 119.2 116.1 112 121.3 116.9 114.4 116.2 115.4 107.5 107.5 107.5 107.5 107.5 107.5 107.5 107.5 107.5 107.5 107.5 107.5 128.1 139.1 131.8 137.6 136.4 120.7 130 158.7 177.9 188.9 197 198.4 201.9 198.3 195.7 196.5 199.9 201.7 194.5 185.7 184.2 193.7
169.1 149.2 137.5 133.7 132.3 143.3 159.2 160.6 133.5 113.2 112.6 111.1 109.5 108.2 108.2 108.2 114.4 122.1 120.6 125.5 131.2 137.5 135.9 137.2 141.9 136.4 114.9 101.8 110 110.4 120.3 117.1 116.7 113.9 111.9 112.3 115.5 112.4 116 115.9 112.7 109.1 109.1 110 114.5 114.7 107.5 107.5 107.5 107.5 107.5 107.5 107.5 107.5 107.5 107.5 107.5 107.5 112.9 111.3 118.2 126.9 129.1 116.8 115.6 142.8 158.9 180.3 184.6 190.3 197.3 195.8 191.8 190.9 196 193.3 184.4 176.3 184.9 186.7
174.3 151.2 135.8 136 138.9 149.6 155.5 145.6 122.3 112.3 111.8 120.1 117.7 113.2 108.2 108.2 120.8 129 124.2 130.6 138.7 151.9 150.1 147.2 141 136.7 131.6 131.8 121.9 105.2 103 104.9 106.7 114.2 112.6 113.8 113.4 109.1 111.5 111.9 109.1 113.5 109.1 109.1 109.1 108 107.5 107.5 107.5 107.5 107.5 107.5 107.5 109.5 107.5 107.5 107.5 107.5 107.5 107.5 107.5 118.9 117.6 115.6 113.6 124.5 150.5 174.2 181.8 186.1 188 188.4 185.3 188.4 192.4 195.7 181.5 167.4 178.3 179.4
169.4 148.2 136.5 140.9 145.3 150.1 151.2 135.6 126.4 125.6 123.8 126.6 122 120.9 119.9 111 121.7 139.3 133.5 130 139.3 157.3 149.7 145 141.3 136.8 132.7 129.4 123 115.9 115.1 118.4 120.9 131.9 132 128.5 119 116.3 112.3 109.1 111.3 114.5 114.5 113.1 109.1 114.6 112.7 107.5 107.5 107.5 107.5 107.5 111.8 116.9 117 113.2 114.4 109.6 107.5 107.5 107.5 115.4 113.7 107.7 108.1 122 163.6 173.3 183.7 187.8 188.9 183.1 179.4 179.9 189.3 186.4 177.4 166.6 165 179.7
161.1 149.7 138.1 145.1 149.5 142.4 136.3 142.3 153.9 145.2 127.2 125.8 129 143.7 127.6 116.3 132.6 139.7 136.8 137.1 134.7 134.5 138 137.1 138 137.8 127.2 122.1 119.1 117.7 118.5 118.1 117.2 118.4 123 126.7 129.4 131.8 127.5 126.8 117.2 123.6 124.1 121.4 116 111.6 115.1 113.1 107.5 111.7 107.5 108.4 112.7 115.7 118.4 119.5 118.7 119.3 113.3 107.5 107.5 107.5 107.5 107.5 107.5 110 129.3 152.7 162.3 168.4 167.2 170.6 168.6 167.3 169.3 170.4 171 164.1 159.5 174.2
155 142.2 141.9 141.4 140.6 136.2 143.4 155 156.4 141.3 130 126.6 129.2 138.8 123.7 125 139.1 132.6 135 134.1 130.1 125.9 124 131.4 145.2 136.7 129.7 126.5 125 119.6 118.4 119.8 121.7 119.2 129.6 133.5 134.6 140 149.4 147.6 139.7 144.5 133.6 130.9 119.1 112.8 113.9 117.3 114.7 113.5 107.5 110.5 112.4 114.2 115.8 117.8 117.4 116 113.7 107.5 107.5 107.5 107.5 107.5 107.5 107.5 123.5 133.6 143.6 149 151.2 152.8 153.1 160.5 168.4 167.6 158.9 148.1 157.1 162
152 137.5 130.1 132.5 133.6 139 148.4 149.7 148.2 138.5 136.9 128.6 129.7 128 126.7 133 141.6 138.2 129.8 127.6 121.3 118.1 118.3 130.8 137.9 138 137.1 129.4 129.3 117.8 117.4 122.1 139.4 125 136.8 137.1 137.8 135.9 152.7 159 160.7 152.1 145.3 132.4 125.6 118.7 114.3 115.3 115.1 115.4 115.1 111.6 112 113.4 116.3 116.3 116.4 115.4 112.6 107.5 107.5 107.5 107.5 107.5 107.5 107.5 117.7 136.8 140.7 139.9 135.4 128.8 137 151.7 155.4 158.1 146.7 136.2 152 158.5
138.2 131.6 125 131.7 137.5 145.9 147.4 143.7 133.9 136.2 140.8 130.3 129.1 135.3 129.8 135.9 147.3 146 137.4 120 111.5 111.5 114.3 120.4 133.5 140.4 133.3 132.1 117.7 114.5 117.4 132 134.9 138.5 147 135.3 132.4 134.8 146.7 150.3 161.4 155.4 145.9 134.5 123.8 119.7 120.1 121.3 117.9 116.6 116.4 115.2 111.2 109.5 109.1 112.1 115.6 115.5 115.7 107.5 107.5 107.5 107.5 107.5 107.5 107.5 110.2 126.1 131.7 133.1 123.8 122.2 133.2 136.1 140.5 141.6 133.6 128.4 139.2 160.5
133.9 122.9 123.2 141.1 145.1 143.1 148.2 140.5 131.9 137.9 140.4 132.3 133.5 142.7 137 135.8 142.4 141.3 131.9 117 109.7 108 110.7 113 129.6 122.9 121 118 111.4 114.3 120.4 124.2 124 146.5 139.8 131.7 132.4 139.1 146.6 149.3 152 152.7 146.2 138.1 126.5 119.6 131.5 135.2 130.1 118 117.7 124 121.6 112.5 109.1 109.1 113.7 115.8 116.1 113.6 107.5 107.5 107.5 107.5 107.5 107.5 107.5 115.2 119.6 120.3 114.7 119.8 133.1 137.4 130.5 131.7 124.7 124 132.7 153.2
126.6 119.4 129.7 134.7 137.5 138.7 139 128.4 133.7 141.2 136.9 135 132.7 137.8 132.5 129.5 132.2 130.9 119.7 111.3 108.7 107.5 108.3 111.2 119.3 109.3 109.1 109 112.4 115.6 120.3 122 121.6 131.3 128.8 140.8 148.4 146.1 150.6 150.4 151.2 149.3 148.7 141 133.5 135.8 142.8 143 138.5 132.5 117.7 118 121.5 119 109.1 109.1 110.2 115.5 116.3 115 107.5 107.5 107.5 107.5 107.5 107.5 107.5 107.5 107.5 112.2 114.6 120.3 127.5 126.3 129 135.5 122.3 122.9 125.8 144.7
122.6 119.9 120.6 125.9 130.4 133.5 128.1 122.9 128.1 135.6 143.9 140.5 127.7 132.9 128.3 122.4 123.8 119.6 111.2 109.4 105.8 109.3 106.7 107.8 109.4 107.9 108.9 113.6 119.3 128.4 129.4 124.3 119.3 122.2 135.5 150.7 154.2 153.8 151.8 151.2 152.4 146.4 142.6 133.8 133.7 142.6 144.8 144.6 143.9 135.3 125.2 117 116.8 119.1 116.4 109.1 110.1 112.9 117.4 118.6 112.5 107.5 107.5 107.5 107.5 107.5 107.5 107.5 107.5 107.5 110.4 115.7 118.5 118.8 123.2 122.6 117.7 124.8 121.2 132.8
124 117.5 111.5 111.4 119.4 117.5 118.4 116.5 121.9 124 128.3 130.3 120.6 120.7 121.9 114.4 117.2 109.2 105.7 108.2 102.1 102.9 105.1 105.6 105.6 107.2 109.4 111.5 121.2 140.5 135.7 117.5 113.4 130.3 143.8 149.6 149.9 152 153.3 150.6 147.4 138.9 138 131.2 131 143.5 149 145.1 144.1 139.6 139.5 129.6 115.8 116.1 117 113.6 112.7 112.6 114 118.5 121.9 108.3 107.5 107.5 107.5 107.5 107.5 107.5 107.5 107.5 107.5 109.5 115.5 117.3 117.4 114.9 120.7 125.4 121.1 125.6
133 127.6 111.3 106.9 103.5 105.3 104.4 107.3 113 112.3 112.3 108.2 107.2 107.8 112.3 110.9 108.8 101.8 102.4 104.3 104.7 102.1 102.1 103.6 102.1 102.1 104.5 109.7 118.9 125.1 123.4 112.9 123.2 139.3 146.6 149.3 143.5 147.5 157.6 148.6 141.1 132.1 131.7 127.7 130.6 138.3 139.5 144.5 146.9 145.7 154.8 148 133 115.7 115 113.8 113.8 113 112.2 120.4 123.2 118 107.5 107.5 107.5 107.5 107.5 107.5 107.5 107.5 107.5 107.5 107.5 111.4 111.9 114.4 115.7 118 121.8 125.9
129.5 125.3 112.8 105.7 101.7 96.2 96 98.3 99.3 102.8 97 99.9 102.2 102.9 108.2 110.4 108.7 99.7 98.1 102 107.5 112.4 102.1 102.1 102.1 102.1 102.1 102.1 102.1 102.1 104.4 105.6 120 130 136.9 135.6 133.3 139.9 143.8 137.1 124.4 124 126.1 127.6 134.8 137.1 139 141.2 145.9 156.3 162.1 157.1 150.6 140.1 117 114.1 114 113.7 112.1 124.4 130.1 125 115.9 112.9 108.4 107.5 107.5 107.5 107.5 107.5 107.5 107.5 107.5 114.2 114.6 115.8 116.3 117.4 123.3 124.4
125.3 125.6 114.2 101.9 99.5 95.8 96.9 95.1 93.2 93.3 91.2 98.2 104 99.7 100 102.4 99.4 96.1 97.8 103.1 113 106 102.1 102.1 109.3 107.2 103.5 102.1 102.1 102.1 102.1 102.1 109 117.3 120.5 118.9 118.9 120.9 124 126.8 124 124 124.6 128.3 130.4 137.6 140.8 141.8 141.7 147.4 157.2 164.4 158.7 148.1 134.3 115.5 114.8 114.5 113.3 125.2 131.7 130.1 117.7 116.1 114.7 116 113 107.5 107.5 107.5 107.5 107.5 107.5 111.3 120.3 121.9 117.4 116.2 118.2 119.2
117.5 117.4 107.8 98.9 95.9 96.9 115 110 97.6 91.4 90.9 91.6 98.9 93.9 94.2 92.4 90 93 96.5 100.7 105.1 108.3 104.2 102.1 102.1 107.5 109.5 110.1 102.1 102.1 102.1 102.1 103.1 105.7 112.4 115.5 116.5 123.5 131 131.2 124 124 129.6 131.4 134.3 138.9 137.5 139.9 141.3 145.5 149.2 152 157.5 155.4 146.7 134.5 117.4 114.9 113.3 114.8 121.2 128.9 118.6 120.7 126.5 121 119 121.6 111.3 107.9 107.5 107.5 107.5 107.5 110.7 115.9 116.3 113.6 116.5 117.4
103.3 104.8 95.4 93.5 92.4 103.1 111 122.1 110 95 90.7 89.3 87.7 87.7 87.7 87.7 87.7 90.9 98.1 104.7 112.1 115.5 111.5 110.8 111.6 112 111.6 108.5 102.1 102.1 102.1 102.1 108.6 121.6 134.8 128.2 121.1 129.3 135.7 139.7 124 124 127.5 133.2 138.8 140.2 140.9 142.8 144.7 148.9 156.1 157.4 152.7 160.1 160.6 149.3 141.1 117.3 114.3 116.8 124 124.6 127.2 126.4 132.5 135.2 124.4 128.4 123.3 114.9 108.2 107.5 107.5 107.5 107.5 107.5 107.5 107.5 107.5 107.5
92.1 90.1 88.9 89.3 89.3 91.6 108.8 119.4 104.3 96 89.8 88.9 87.7 91.7 88.9 88.3 90.9 95.8 102.8 107.1 119.5 129.1 129.7 121.5 120.8 113.8 111.9 107.7 102.1 102.1 102.1 102.1 106.8 119.7 129.5 125.7 133.4 138.2 141.4 135 128.5 124 124 131.8 139.6 146.2 142.7 146.3 151.3 158.1 164.9 169.1 173.2 170.2 166.3 158.8 145 129.5 116.2 119 130.6 135.2 128.9 130.6 133.9 138.5 131.3 130 122.8 115.8 114.8 107.5 107.5 107.5 107.5 107.5 111.3 107.5 107.5 107.5
94.2 107.6 92.7 89.1 89 89.5 90.7 91.7 90.3 90.5 95.2 99.6 110.1 108.2 107 94 93.7 102.3 108.3 118 126.8 138.7 142.8 133.9 123.6 115.4 112.6 112.1 105.1 102.1 102.1 102.1 102.1 112.2 118.8 132.5 150.2 143.6 137.9 136.8 133.2 127.4 124 136.7 140 143.9 143.9 147.2 158.7 165 168.8 174.5 179.3 180 183.6 176.9 163.3 156.3 148.6 125.5 130.1 133.3 134.2 135.1 142 143.4 138.4 133.8 118.3 116.4 115.1 109.2 107.5 107.5 107.5 107.5 107.5 112 107.5 107.5
107.1 99.5 91.8 89.6 89.3 89.7 91.2 97.2 93.1 103.4 114 106.7 113.4 112.5 112.6 106.8 105.4 108.6 119.6 130.6 134.9 146.2 154.1 146.1 131.8 120.1 121 115.9 114.3 106.7 102.1 102.1 102.1 110.6 120.7 141 145.7 138.8 144.5 154.3 148 137.2 124 138.6 138.7 140.9 144.7 147.6 160.8 167.7 168.9 174.8 178.2 179.8 185.2 191.3 182.8 171.1 159.6 146.8 133.2 134.5 137 140 147.8 151.7 139.5 130.3 117 114.6 115.5 118.7 112.1 109.1 107.5 107.5 107.5 113.7 115 113.5
104.9 97.7 89.9 90.2 92.8 98 102 104.2 103.2 114.9 125.3 123.6 125.3 126.8 127.2 116.4 120.1 124.5 123.3 136.7 143 146.7 148.8 146.2 139.6 132.1 122.6 117 115.5 104.1 102.1 102.1 102.1 110.8 116.1 134.2 129 141 166.6 159.8 151.7 145.3 131.8 133 136.6 139.9 147.3 151.1 161.3 174 174.6 176.7 178.2 180.4 184.7 187.4 186.6 185.6 170.6 162.4 139.9 138.7 139.3 141.2 157.4 161 154.7 136.1 122.9 118 121.9 126.4 116.3 108.9 107.5 107.5 113.1 116.7 117.1 115.3
110 100.9 95.1 105.9 116.5 130.9 117.1 126.1 123.5 127.1 137.7 137.3 133.8 135.3 132.5 133.2 132.4 137.4 139.3 136.3 149.1 146.3 146.1 143.7 137.7 127.2 118.8 117.2 116.2 107.3 102.1 102.1 106.8 113.3 112.4 114.3 125 133.4 161 161.2 153.9 149.4 137 132.3 136.5 144.5 149.5 154.9 163.4 172.1 179.1 175.5 176.6 182 183.4 184 183.4 183.3 180.4 166.8 147.2 142.7 141.7 143.2 154.4 152.8 146.5 139.3 131 128 122.2 121.9 116.5 114.2 110.3 107.5 113.2 118.2 118 117.2
121.1 119.1 134.5 119.1 125.1 139.7 128.5 143.3 142.5 135 138.2 142.2 143.9 144.9 140.9 148.5 150.5 146.8 147.1 147.2 146.4 143.3 145.3 143.4 130.3 124.2 120.3 120.1 116.7 104.2 106.4 102.1 107.4 106.6 104.5 117.9 127.3 130.5 140.5 146.6 149.1 144.7 135.5 131.1 139.9 142.6 144.7 156.7 162.3 170.4 177.2 172.3 171.1 176.1 178.1 177.1 179.2 177.2 180.1 172.5 151.8 144.6 145.5 143.3 146.7 148.2 141.7 133.9 131.2 124.2 127.6 126.5 117.6 116 110.4 111.1 113.7 116.1 117.8 117.8
145.2 157.6 155.3 148.3 132.7 139.7 138 144.5 142.8 141.8 146.4 153.7 152.3 146.4 152.3 163.2 168.1 158.9 153.6 147.6 145.3 140.2 138 134.3 129.3 124.6 120.9 119.6 112.6 102.1 105 103 102.1 102.1 102.1 118.6 130.9 129.9 130 132.9 144.2 141.7 134.2 128.1 133.6 140.2 138.4 152.5 154.7 164.1 167 164.9 165.8 169.9 175.1 172 170.2 170.7 177.1 164.7 146.7 137.4 137.4 141.7 147 144.6 141.2 136.9 130.9 137.2 135.5 132 125 114.7 110.4 110.1 111.3 113.1 116.8 116.7
161.2 172.5 170.6 160.8 156.3 142.5 145.8 145.4 138.9 142.7 149.5 154.4 158.9 157.6 156.8 169.8 174.5 162.2 155.8 148.4 142.1 135.5 132.3 128.6 127.7 124.5 118.9 112.3 102.1 102.1 102.1 102.1 102.1 102.1 103.3 109.3 115.5 117.1 123.5 129.1 131.9 133.1 127.4 123.8 124.9 131.9 134 138.8 144.9 155.5 162.9 164.5 164.7 162.8 166.7 165.4 162.2 161 159.4 153.2 137.5 128.6 127.6 132 137.4 136.8 138.4 138.4 135.2 137.6 135.9 126.3 118.3 116.2 113.8 113.5 115.5 112.8 114.9 116.7
163 170 171.1 161.2 161.2 154 147.2 144.6 138.9 140.1 147.9 157 162.3 163.8 162.5 163.4 163.7 154.8 151.1 145.5 143.4 140.4 139.2 135 129.5 116 113.5 104.9 104.9 105.2 106.1 102.1 102.1 102.1 102.1 102.1 107.1 115.5 120.8 125.1 121.8 117 118.4 114 123.4 129.6 134.5 138.7 146.1 154.7 165.4 170.6 167 161.6 158.1 162.6 158.7 154.9 153.3 140.5 136.2 130.7 123.5 123.8 127.6 130.1 132.8 137.6 139.7 142.2 133.3 127.8 118.2 116.9 118.9 121.5 116.1 113.3 115.4 117.4
157.2 159.7 160.3 161.3 166.7 160 149.3 145.3 138.9 138.9 149.5 157.6 163.5 165.4 165.4 156 151.3 149.2 147 146.8 150.3 149.7 150.7 140.5 131.4 120.8 105.2 102.1 102.1 105.1 112.3 118.3 109.2 106.5 102.1 102.1 102.1 107.6 113.2 119.5 120.8 115.3 106.1 103.8 116.6 126.2 129.1 134.5 144.9 151.6 162.4 166.9 179.3 169.8 158.6 146.8 147.5 146.8 143.7 134.4 143.3 139.8 123.5 120.8 124.1 125.8 132.1 134.1 138.6 139.9 143.9 138.6 131.2 128.2 124.9 126.6 117.1 111.1 115.5 117.8
151.5 151.1 150.2 166.2 168.2 160.5 151.5 148.5 140.1 138.9 148.2 161.7 164.3 162.9 162.7 153.6 149.2 147.8 147.3 154.8 158.4 159.5 160.5 146.2 132.5 125 114.1 102.1 102.1 102.1 108.8 117.1 111.6 105.7 102.1 102.1 102.1 102.1 117 123 125.1 118 105 99.9 105.7 122.4 125.3 128.3 141 145.9 155.5 161.4 173.5 172 164.2 149.5 142.2 139.9 132.4 134.2 143.7 144.1 139.4 119.3 118 121.3 125.9 123.9 126 138.4 137.2 137.4 132.6 126.2 119.4 115.4 113.5 111.3 115.8 117.4
