data/210000-910000.asc
ncols 200
nrows 200
xllcorner 210000
yllcorner 910000
cellsize 50
[rows 72 to 107 of 200, columns 80 to 159 of 200]
117.4 114.3 107.5 107.5 115.5 116.2 116.2 118.9 119.1 126.3 127.5 128.9 137.9 139.1 140.1 143.3 136 140.8 149.6 161 182.8 183.1 178.9 178.3 176.5 186.1 193.5 190 183.5 174.3 173.4 177.3 164.3 154.7 147.7 163.5 170.7 174.2 177.8 179.3 181.1 177.1 172.5 149.7 150.2 152.9 151.7 151.4 153 158.5 171.1 176.3 182.3 191.4 195.7 200.3 205.7 201.9 202.6 206.6 219.1 221.4 219.7 232.8 230.9 223.5 227.7 227.9 234.5 250.1 246.8 250.5 261.7 262 258.5 252.8 246.7 247.3 259.9 268.5
117.9 114.3 107.5 107.5 111 108 113.3 117.5 118.3 119.9 116.4 117.8 121 121.5 125.2 136.8 149.3 145.1 133.9 139.8 152 163.9 175.2 176.4 179.4 189 194.5 192.5 183.5 172.3 174.2 184.7 177.8 165.1 156.9 148.6 143.1 143.8 162.6 176 184.1 182.7 174.8 155.2 146.3 148.7 146.9 147.2 149.7 151.1 158.3 163.9 168.9 175.2 182.6 197.8 190.4 196.2 196.5 197.8 203.9 205.6 201.8 206.8 211.1 209.6 218.6 216.9 215.5 226.1 236.3 239.4 246.7 249.3 247.9 241.7 235.3 232 246.2 253.3
118.1 114.2 110.8 107.5 107.5 107.5 111.1 114.1 114.7 114.3 112.8 116 117.8 116 120.5 133.2 145.9 154.4 143 133.9 135.4 138.9 152.6 170.5 178.9 186.4 195.6 194.9 183 169.5 167.3 172.3 164.7 161 167.6 165 151.9 143.1 143.1 157 166.5 175 173.3 164 144.8 144.8 144.3 143.6 148.4 150.4 151.6 153.5 156.9 165 175.4 184.5 178.2 185.8 183.1 188.4 188.8 190.8 190.9 196.3 198 202.9 211.3 209.7 214.3 219.9 228.3 227.8 233.5 237.4 233.4 222.2 222.4 225.1 227.2 239.6
119.9 115.9 116.3 111.9 107.5 107.5 109.1 112 109.6 110.3 113 111.5 116.7 113.4 115.4 119.7 136.1 152.8 163.4 152.9 133.9 138.2 142 156.5 171.2 182 189.1 191.2 186.4 168.6 161.8 156.4 154 160.5 166.9 164 152.5 143.1 143.1 143.1 143.1 143.1 146.4 145.2 143.1 143.1 143.1 143.1 143.1 150.2 155.1 156.1 157 160.4 162.7 165 160.8 164.1 165.7 175 189.2 185.6 182.4 186.8 193.9 198.8 203.7 205.3 210.6 218.3 222.6 219.8 216.3 226 222.3 220.4 216.8 218.7 212.2 226.7
121.7 116.9 117.1 114.7 111.6 107.5 107.5 109.1 112.2 114.9 115.9 115.4 110.8 113.7 115.1 116.7 126.6 146.2 158.1 159.9 152 135.3 138.3 148.3 163.7 179.1 183.3 180.5 169.2 164.3 162.5 156.8 150.9 154.2 160.1 157 150 146.6 147 143.1 147.7 143.1 143.1 143.1 149.4 158.8 148 143.1 143.1 147.7 154.9 162 164.2 165.2 164.4 155 153.3 153.5 155.5 165.6 178.6 181.9 178 177.7 183.3 188.3 190.4 197.1 203.2 207.2 206.7 207.1 206.2 206.7 209.8 204.7 199.9 208.4 202.7 215.8
128.4 119.7 117.1 116.5 115.7 110.4 107.5 107.5 107.5 113.9 118 119 116.3 111.2 114.6 116.1 120 136.9 153.1 158 160.7 154.2 140.1 143.3 156.2 166.1 174 168.8 161.7 158.3 157.5 153.9 149.7 152.9 158.7 157.3 150.4 144.8 147 147.2 147.7 143.1 147.7 154.7 165.9 174 144.4 143.1 143.1 143.1 150.9 155.6 160 163.2 160.1 152.4 151.1 152.7 151.9 161.9 170 171.7 174.7 174.9 176 180.4 179.1 184.1 188.9 192.4 195 196.6 196.5 198.9 197.1 193.3 189.4 196 193 205.4
144.7 129.4 123.4 121.5 116.3 114.4 107.5 107.5 107.5 114.8 134.3 145.6 130.6 114.1 113.4 115.3 119.6 133.2 151.9 157.6 161 161.7 151.7 145.5 145.8 151.8 160 155.2 152.8 150.5 148.4 143.2 144.5 146 147.6 157 157.5 145.3 147.3 147.3 143.1 143.1 149 157.7 171.7 181.5 181.1 170.8 147.4 143.1 143.4 160 163.8 161.3 152.6 149.4 151.2 152.4 150.1 153 157.1 159.1 174.3 176.8 173.4 172.6 171.7 174.4 175.7 177.8 182.8 182.6 187.9 192.3 181.8 178.8 173.2 185.3 185.3 192.1
151.3 153.5 143.4 134.4 121.1 116.4 114.2 107.5 112.7 123.3 144.6 157.5 148.9 122.8 111.5 111.6 119.5 127.1 150.1 157.1 160.2 160.6 157.5 147.9 152.8 145.4 145.2 145 138.8 139.1 135.4 137.6 138.3 140.9 140.1 145.1 144 146.6 147.2 147.2 143.1 143.1 148.2 153.7 168.7 178.9 184.6 188.4 173.5 157.8 143.4 143.1 161.2 154.7 147.1 146.7 147 149.1 148.1 150.5 153.5 155.6 158 162.2 167.6 168.8 168.2 164.2 165.2 167.2 170.4 175.9 178.2 179.2 176.9 168.8 166.9 173.3 179.5 188.4
166.8 164.2 154.3 142.9 130.4 117.9 117.9 115.4 120.2 142.9 165.2 165.7 156.8 144.7 117.3 112 113.6 123.6 144.2 153.9 158.2 157.7 157.9 154.2 157.3 150.8 139.3 133.8 133.4 133 133.4 146.3 156.3 143.1 145.2 146.6 151.4 148.3 148.9 143.9 143.1 146.9 148.9 154 169.2 178.4 181.7 182.7 180.9 176.1 160.5 151.7 148.8 143.1 143.1 143.1 143.1 143.1 147 149.3 151.9 153.6 154.4 153.7 159 164.4 162.8 162 161.7 161.1 165.4 169.3 170 170.4 164.2 160.7 161.7 167.1 177.3 182.6
177.9 174.6 160.1 152.9 139.7 128.3 123.6 128.9 141.5 147.5 168 172.8 166.5 152.4 135.4 116.7 111.5 117 131.6 149.2 152.2 145.7 150.4 159.5 157.3 151.7 141 132.4 131 133 134.7 148.9 171.3 169.8 158.3 165 167.8 160.6 150.8 143.1 143.1 148.9 149.7 155.2 168.3 179.8 179.8 178.4 166.3 161.6 155.4 152.7 152.6 160.6 153 144.8 143.1 144.9 143.1 143.1 143.1 149.4 151.7 154 157.2 160.2 161.7 160 160.4 158.3 159.2 164 165.8 163.7 160.2 157 159.9 170.7 176.3 180.1
171.8 173.1 159.7 152.2 144.7 135.4 141.8 155.2 164.4 176.7 175.3 163.2 161.6 151 141.8 131 115.2 111.5 122.6 132.4 133.8 129.4 143.6 153.1 156.3 151.2 139.5 132 131.4 133.7 135 155.1 176 181.7 169.7 176.4 179.2 170.7 158.9 148.9 147.6 156.6 159.5 159 168.8 180.5 184 176.7 163.5 164.1 160.7 155.6 163.1 172 168.9 159.1 151.5 143.1 143.1 143.1 143.1 143.1 149.6 152.9 155.6 156.8 158.6 159 159.7 157.4 158.1 161.4 165.7 164.5 163.3 163 155.9 170.5 179.2 178
168.3 169.7 161.5 156.5 151 150.9 172.2 201.9 211.4 199.2 195.4 183.7 173.5 162 150.9 147.6 140.4 121.4 111.5 117.8 119.8 122.4 132.8 140 149.2 139.5 129.4 130.6 132.3 134.6 140.7 165.5 183.1 187.7 187.6 180.3 182.6 179.6 164.8 151.4 152.4 161.2 163.5 163.4 174.7 183.4 191 182.4 164.2 157.6 163 154 159.9 179.2 185 183.8 164.8 163.4 158.8 143.1 143.1 143.1 143.1 143.1 151.1 154.4 158.2 159 159.1 157.5 157.4 161 169.4 171.9 166.7 164.7 154.6 160.7 174.2 173.1
172.8 173.6 163.2 167.3 168.7 179.6 198.4 213.8 217.7 217.2 207.4 198.7 182.6 170.9 166.2 160.8 159.2 152 125.3 111.5 113.6 119.1 120.4 130.6 134.1 126 123.6 127.9 134.9 137 151 168.1 181.2 190.3 191.5 182.4 181.6 187.2 169.7 156.5 157.1 161.5 162.7 164.7 173.4 183.2 186.2 182.6 173.7 160.8 154 154 154.4 171.4 188.2 192.3 182.8 176.1 161.8 148.4 145 143.1 143.1 143.1 143.1 148.4 154.7 156.8 161.2 156.5 160.4 165.7 169.8 171 165.3 164 157.7 158.5 169.5 166.3
175.6 173 168.3 165.6 176.6 180.9 198.6 211 221.8 225.4 210.1 199.7 190.7 187.8 179 168.2 165.8 160.7 145.5 121.2 111.5 111.5 115.2 118.4 122.4 124.7 122.5 129.2 141.5 147.9 149.1 169.4 176.3 179.7 181.3 179.1 181.7 179 164.1 163.6 160.6 162.4 167.6 177.3 172.4 172.6 171.5 187.6 190.2 182 161.1 154 154 167.4 184.8 189.9 179.9 169.2 163.2 157.6 156.9 155 151.5 149.5 143.5 146.5 153.3 154 154 158.6 159.6 165 170.8 168.4 163.9 164.3 159.8 150.7 162.1 157.6
172.4 173.1 173.9 178.2 192.2 193.9 197.7 201.3 206.8 219.8 212.3 199.1 194.6 193.1 185.4 175.5 165.2 165.9 153.3 141.1 116.7 111.5 111.5 116.3 121 121.9 122.5 135.4 144.5 154.3 161.2 165.8 177.5 182.7 176.9 174.5 173.9 158.9 161.3 161.2 156.7 163.5 164.2 169.9 171.4 171 172.3 190.6 203.5 190.2 182.3 159.1 162.4 159.8 179 179.9 170.1 173.3 171.2 177.4 172.7 164.7 155.3 156.8 154.2 149.2 147.2 149.5 150.3 154.6 155.9 157.9 168.8 165.3 161.1 161.8 158.3 149.6 149.7 151.8
174.1 180.5 190.2 193.5 201.3 204.3 198.8 198.1 198.1 200.8 198.7 200.8 198.3 190.5 186.4 179.8 165.6 155.4 149.2 143.1 130.3 113.9 111.5 112.3 121.8 119.7 124.2 137.9 145.1 151.8 163.9 169.9 170.3 179.9 175.2 173.9 161.7 156.2 156.2 161.6 156.7 156.7 164.9 181.1 179.4 175.5 187.9 187.3 196 191.3 184.4 173.1 171.1 162.5 171.9 172.1 168.8 168.8 171.6 180.8 185.7 178.6 166 162.7 160.3 160.7 156.3 153.8 149.1 149.5 151.3 155.6 155.4 162.7 161.6 160.3 156.1 148 145.2 146.1
188.3 187 194.8 209.1 216.4 212.6 205.1 203.8 201.9 198.1 210.1 222.3 221.9 204 200.7 183.5 166.8 151.1 151.1 149.2 138.7 121.1 113.9 111.5 116.6 117.1 124 138.9 147.1 148.4 161.2 170.1 169.9 163.6 163.5 157.8 163 159.2 156.2 156.7 156.7 156.7 175.2 196.9 192 184.6 195.8 194.8 201.3 192.2 184.5 175.8 169.7 163.8 165.6 171.1 173.8 168.8 172.7 174.4 185.6 187.2 190 177.1 168.7 164.5 161.9 162.5 164.3 163.8 157.4 151 154.3 160.8 161.7 158.1 150.3 146.8 144.5 146.7
193.8 187.4 195.1 212.3 215.5 220 216.2 210.9 207.9 202.2 209.1 219.4 219.3 202.4 197.6 192.2 175.1 164.6 155.9 152.3 144.4 125.6 120.2 114.6 111.5 115.4 116.9 131.8 146 147.2 157.1 162.7 169.2 162.7 153.5 142.7 149.7 159.2 157.4 170.5 167.3 162.9 180.5 199.4 193.6 191.4 197.7 198.3 204.8 199.5 188.1 175.3 168.4 168.4 178.8 182.7 176.3 168.8 168.8 171.8 187.9 200.4 202 190.1 181.3 171.2 164.6 168.7 168.5 173.6 173.6 161.8 156.1 152.7 156.4 157.5 151.1 148 145.8 150.2
188.3 189.3 194.2 205.4 209.3 216.8 223.4 218.5 211.6 209.9 219.5 220.2 209.6 197.2 195.5 195.9 180 171.5 172.9 170.6 146.4 132.2 127.8 122 116.2 109.6 109.6 114.7 127.3 132.7 149.2 156 149.4 145.4 134.9 136.3 147.1 157.4 148.7 176 183.1 173.1 183.7 194.4 199 199.4 204.5 204.6 206.7 204.7 189.7 175.3 181.5 178.6 180.8 197.6 198.8 175.5 168.8 174.6 189.1 202.9 208.3 204.3 191 179.9 169.5 176.5 181.8 175.1 176.3 164.6 159.9 156.1 153.3 149.2 143.6 144.9 143.2 147.8
188.2 189.6 192.3 192 198.7 209.9 219 218 203.5 204.7 219.1 210.4 197.8 193.2 188.6 191.6 188.6 185.9 179.4 173.5 159.1 138.1 134.7 128.1 127.5 121.6 122.9 109.6 109.6 109.6 126.1 131.3 125.5 116.3 121.4 129.4 140.6 141 139.7 165.8 179.9 177.7 184.1 195.4 204.3 201.2 203.4 206.2 207.4 210.6 186.4 178.1 179 188.8 198.1 203.2 204.3 188 180.3 177.4 194.2 201.7 200.8 196.6 182.2 168.5 171.7 180.4 184 183.2 179.9 167.9 163 158.8 159.3 156.9 150.9 142 142.2 144
188.5 188 192.1 188.1 197.2 203.6 205.3 202.3 193.6 182.9 189.1 182.9 188.5 197.7 191.9 189.3 188.4 188.7 185.3 182.3 171 147.5 138.9 137.8 135.7 128.7 134.8 116.8 109.6 109.6 109.6 109.6 109.6 109.6 112.3 132 144 144 138.1 152.6 173.1 177.6 182.7 192.3 197.5 200.9 204.5 207.6 211.6 212.6 184.8 176 177.9 204.4 216.2 206.8 203 202.4 184.3 182.7 201.3 199.9 194.8 191.8 181.7 168.5 171.8 181.3 191.4 188.6 177 170 171.7 171.7 162.3 160.7 157.8 147.4 142.5 141.4
189 185.5 184.9 188.3 195 201.8 200.2 190.4 183.2 168 151.8 150 170.1 179.2 184.2 192.3 191.3 186.6 188.8 186.3 176.8 160.1 145.8 140.3 135.3 129.8 125.9 123.8 114 109.6 109.6 109.6 109.6 109.6 119.2 133 143.5 146.9 141.7 141.2 163.6 179.5 181.5 187.9 199.3 201.3 205.8 211.8 211.8 205.9 179.3 172 181.5 206 210 203.4 206.6 210.9 201 192.3 200.7 197.5 196.6 196.5 186.7 170.6 168.5 183.9 181.6 175.6 168.5 180.1 178.5 170.7 162.1 167.7 177.7 162.8 152.7 153.2
183.5 182.2 181.8 187.6 193 200.7 193.3 176.7 169.3 155 146.5 146.5 146.5 154 162.5 174.9 183 181.9 180.5 179.1 172.3 161.8 149 144.6 139 134.8 133.2 131.4 125.1 115.2 109.6 109.6 109.6 109.6 115.5 128 145.5 144.4 141.2 135.3 153.4 166.1 171.9 183.1 194.1 201.8 205.4 206.1 200.7 185.9 172 172.2 180.8 197.2 199.9 203.9 208.3 205.7 198.6 197.7 188.4 197.6 207.1 206.1 191.9 180 174.9 169.8 168.5 168.5 172.4 183.7 180.2 178.6 169.5 170.6 176.7 169.6 158.1 155.5
169.3 177.4 176.8 183.9 186.1 195.7 189.6 171.6 162.7 156 148.5 146.5 146.5 146.5 146.5 158.2 173.3 177.9 177 170 161.1 150.1 139.9 141.9 142.8 132.3 132.3 134.2 129.4 121.9 115.4 113.1 109.6 109.6 109.6 117.7 125.6 131.7 123.5 129.2 142.7 149.5 149.3 180.8 184.3 188.4 196.8 195.5 182.7 184.6 173.9 171.3 174 181 206.9 206.3 206.3 205.6 194.1 184.6 185 198.6 203.7 202.5 194.9 185.5 172.2 168.5 168.5 168.5 168.5 182 190.6 181.7 176.5 175.9 184.1 174.2 173.3 169.9
133.9 148.2 154.5 157.1 170 186.6 182.6 181 182.1 176.9 171.2 158.5 148.3 146.5 146.5 149.4 161.1 163 162.4 158.5 149.2 145.6 141.3 131.7 131.7 131.7 131.7 136.4 134.8 130.7 128.5 124.7 125.9 113.6 109.6 109.6 109.6 109.6 109.6 121.1 132.3 134.9 135.7 133.1 150.7 164.2 170.1 159.2 166.5 174.1 169 167.5 172.4 189.6 204.6 199.2 201.3 201.6 196.4 184.6 184.6 206.2 209.5 201.8 183.9 172.2 170.5 168.5 168.5 168.5 174.5 182.3 187.8 181 192.2 195.9 200.4 184.4 180.8 189.9
106.5 117.7 132.7 138.5 156.2 173.3 184.5 182.6 184.3 188 188.6 176.6 169.8 153.6 146.5 148.4 158.4 161 161.2 159 151.5 147.6 146.8 147.2 131.8 136.7 139.6 141.8 141.8 140 145.5 140.9 131.8 127.8 116.6 109.6 109.6 109.6 109.6 109.6 109.6 115 119.1 120.5 116.8 127 121 125.4 147.3 161.9 152 151.8 187.1 190.6 188.5 185.8 183.2 199.4 198.7 185.6 190.1 201.1 201.4 188.8 176.8 168.5 168.5 168.5 178.9 168.5 168.5 179.4 187.4 187.8 202.6 212.3 208.9 188.1 191.6 201.7
105.8 108 124 135.6 147.1 161.6 169.1 171.3 175.3 183.3 200 198.8 190 178.6 158.2 146.5 151.4 159 156.5 161.3 157.8 150.5 151.4 150.2 150.4 155.1 157.9 151.8 149.7 154.5 157.5 152.2 144.3 130.4 122.9 118.4 109.6 109.6 109.6 109.6 109.6 109.6 109.6 109.6 109.6 109.6 109.6 109.6 129 136.9 133.5 139.5 164 161.7 163.6 172.1 178.8 196.1 193.5 183 187.9 176.9 174.6 187.3 180.3 168.5 168.5 168.5 176.4 171.6 168.5 199 198.5 199.6 206.1 216.2 206.7 190.7 191.3 202.7
114.2 108.6 124 136.5 146.8 144.2 153.1 157.7 172.4 195.8 209.1 209.2 201.6 200.3 188.4 161.9 146.5 148.1 153.1 158.7 153.1 150.6 152.6 156.2 154.5 159.1 162.3 162.3 153.7 163.2 160.1 159.5 151.6 136.5 127.7 120.4 113.5 109.6 109.6 109.6 109.6 109.6 109.6 109.6 109.6 109.6 109.6 109.6 109.6 109.6 109.6 124 134.2 141.3 150.1 165.7 178.4 186.2 181.9 167.7 166 167.1 171.4 182.1 189 182.3 175.6 173.4 168.5 177.7 174.4 187.8 201.4 204.2 204.5 216.2 204.9 193.8 191.4 204.8
135.7 133.9 125.5 134.9 135.8 139.1 143.3 148.7 168.3 196.5 213.7 209.6 204 208.8 204.1 198.5 170 151 147.4 152.5 149 153.1 160.6 159 156 159.4 166.5 163.6 157.3 169 160.1 156.5 152.2 144.6 137.2 124.4 117.4 109.6 109.6 109.6 109.6 109.6 109.6 109.6 109.6 109.6 109.6 109.6 109.6 109.6 109.6 109.6 119 132 144.2 166.6 168 159.3 160.4 153.8 158.2 177.1 181.3 187.4 197.1 187.9 177.9 175.9 169.1 171 175.5 183.2 198.9 207.4 202.5 205.4 202.6 193.9 190.3 195.7
150.5 153.5 149.4 145.3 136.2 136.8 136.4 142.3 158 189.5 216.3 213.4 209 211.2 207.5 198.8 180.1 156.4 148.5 147.3 143.6 146.2 157.7 155.1 147.4 150.9 163.8 160.6 159.8 168.9 158.5 155.6 152.5 146.4 141.6 126.7 109.6 109.6 109.6 109.6 109.6 109.6 109.6 109.6 109.6 109.6 109.6 109.6 109.6 109.6 109.6 109.6 109.6 113.1 130 143.4 146.7 149.3 150.6 151.6 167.8 175.7 175.3 184.3 185.6 180.3 176.4 180.5 179.5 174.9 173.9 181.8 198.5 206 196.5 196.9 195 189 183.3 187.8
170.2 175.4 169.6 158.3 149.9 138.4 138.9 141.4 163.4 183.3 216.1 214.3 213.2 212.1 208.5 197.1 181.2 163.9 153.1 145.2 140.1 141.2 134.2 134.2 135.9 141.3 148.9 142.3 150.6 153.1 147.4 152.8 151.1 141.3 134.2 124.7 109.6 109.6 109.6 109.6 109.6 109.6 109.6 109.6 109.6 109.6 109.6 109.6 109.6 109.6 109.6 109.6 109.6 109.6 109.6 113.4 129.2 144 146.5 145 156.6 161.4 168.7 172.1 172.2 168.6 172.2 179.6 188.2 188.5 179.7 182.2 188.8 194.1 185.1 184.2 196.6 189.2 182.1 178.9
174.4 179.4 178.8 179.5 164.1 153 148.9 159.6 174.7 198.2 214.7 212.1 217.6 215.1 205.1 195.8 184.5 175.7 172 150.6 144.6 140.2 136.3 127.4 134.3 138 139.8 129.8 136.2 130.4 132.4 137.9 141.1 129.6 122.4 115.9 109.6 109.6 109.6 109.6 109.6 109.6 109.6 109.6 109.6 109.6 109.6 109.6 109.6 109.6 109.6 109.6 109.6 109.6 109.6 109.6 109.6 123 129 133.4 142.5 158.8 174.6 172.5 167.4 162.1 172.8 182.2 191.5 186.5 176.3 177.6 174.4 172.7 175.1 177.4 176.3 185.1 185.2 178.3
177.2 182.6 189.5 187.5 180.6 163.5 157 168.6 186.5 197.9 201.5 208 210.5 207.2 200.6 191.6 187.5 184.5 180.6 161.4 155 140.2 128.3 124.8 127.2 122.1 114.3 115.1 109.6 109.6 111.4 123.4 120.9 121 125.6 133.5 131 124.9 111.1 109.6 109.6 109.6 109.6 109.6 109.6 109.6 109.6 109.6 109.6 109.6 109.6 109.6 109.6 109.6 109.6 109.6 109.6 109.6 109.6 118.1 127.9 154.5 167 160 158.4 153.3 163.7 172.6 176.4 171.4 168.9 172.2 162.5 159 154.6 159.6 170.4 188 193.7 197.8
186.9 189.6 195.5 191.2 184.4 178 165.2 169.9 181.4 193.3 213.7 214.5 211.3 206.3 202.5 197.7 193.6 198.9 178.7 171.6 160.4 148.4 134.4 128.7 119.2 109.6 109.6 109.6 109.6 109.6 109.6 109.6 119.7 123.9 143.6 163.2 155.5 149.5 130.7 122.9 127.1 117.2 109.6 109.6 109.6 109.6 109.6 109.6 109.6 109.6 109.6 109.6 109.6 109.6 109.6 109.6 109.6 109.6 109.6 109.6 109.6 128.3 140.4 143.6 144.5 136.9 144.1 151.2 151.2 146.6 150.9 152.8 148.8 145.3 145.5 157.7 175.2 184.4 184.1 190.7
183.6 188 189.3 188.1 182.9 178.1 178.1 174.9 179.6 198.3 212.2 216.3 211.3 207.8 203 195.6 193.6 196.9 190.4 179.1 164 149.9 129.2 109.6 109.6 109.6 109.6 109.6 109.6 109.6 109.6 109.6 118.3 128.5 147.6 168.2 162.5 143.2 134.1 138.1 129.2 119.2 110.1 109.6 109.6 109.6 109.6 109.6 109.6 109.6 109.6 109.6 109.6 109.6 109.6 109.6 109.6 109.6 109.6 109.6 109.6 109.6 109.6 111 111.1 114.4 117.8 124.3 130.2 130.2 129.1 128.8 137.4 131.1 141.9 161.6 167.3 168 169.8 180
175.8 184 186.2 183.7 177.4 176.2 175.6 181 178.1 194.3 210.2 208.9 203.4 199.9 195.1 190.3 188.9 189.7 190.2 184.5 165.8 146.8 128.1 121.1 109.6 109.6 109.6 109.6 109.6 109.6 111.8 116.7 123.9 133.6 154.1 164.8 163.8 155.2 136.9 125.5 109.6 109.6 109.6 109.6 109.6 109.6 109.6 109.6 109.6 119.9 123 109.6 109.6 109.6 109.6 109.6 109.6 109.6 109.6 109.6 109.6 109.6 109.6 109.6 109.6 109.6 109.6 109.6 117.8 122.1 121.6 122 122.6 125.9 133.4 156.8 146.7 144 149.6 154.7
