data/210000-730000.asc
ncols 200
nrows 200
xllcorner 210000
yllcorner 730000
cellsize 50
[rows 140 to 174 of 200, columns 78 to 155 of 200]
727.5 705 682.5 654.8 637.5 626.3 606.2 598.3 585.6 574.6 569.4 562.6 560.8 554.2 550.5 546.8 539.1 536.6 534.5 531.9 529.8 526.2 509.3 482.4 458.5 430.4 436.1 434.9 416.3 399 382.3 369 354.7 345.2 325.7 341.8 364 388.8 417.6 450 484.4 515.9 501.2 491.7 476.2 463.2 442.1 422.3 406.5 391.8 368.6 343.6 326.5 314.2 293.9 290.1 275.5 253.2 236.5 217.7 205 186.4 177.7 168.1 152.6 141 130.6 123.8 114.7 113.2 110 106.7 103.4 100.9 101.4 101.3 101.7 100.7
724.3 704.3 686.4 656.2 638.9 623.1 610.3 589.9 567.8 551.2 546.2 537.2 530.3 524.8 523.3 514.2 508.4 502.9 503.1 501.3 496.2 498.6 491.8 469 440.5 415.7 417.1 421.5 403.4 389.1 370.1 355.8 341.4 333.8 320.8 342.6 361.5 381.9 410.4 441.8 477.8 496.5 472.5 462 450.3 426.6 415 395.4 378.7 365.5 345 318 306.4 297.6 281.3 268.1 256.4 236.7 223.7 208.1 191.7 176 159.2 151.4 143 131 121.6 120.3 110.8 101.6 99.7 98.8 98.8 98.2 98.5 99.7 100.2 99.4
734.4 719.4 700.6 666.1 639.4 617.2 603 579.3 556.6 540.9 536.5 518.5 512.1 505.7 498.7 489.8 481 476.4 470.6 470.2 465.9 466.3 467.5 456.2 430.9 404.7 397.5 400.4 388.9 371.6 361.4 341.6 332.7 321.2 319 341.4 359.8 382.3 406.8 438 477.5 468.5 448.8 433.3 418.8 401.7 387.6 370.6 359.6 343.4 322.4 302.3 286.6 278.5 264.2 251 237.2 223.8 209.8 192.8 174.1 162.3 148.1 140.1 132.1 120.9 110.5 109.7 99 96.7 97 98.2 97.8 97.2 97.7 98 98.5 98.8
743.4 733.2 725.4 680.6 634.1 603.1 586 568.7 542.3 524.4 520.8 508.3 502.8 491 483.4 470.3 461.7 452.1 446.7 447.2 442.8 440.6 442.2 435.9 420.1 396.6 377.5 378 370.3 355.4 345.7 331.7 321.5 307.5 315.4 337.7 355.9 372.9 404.5 439 450.7 439.5 428.3 404.3 392.8 376.4 359.3 348.4 328.7 318.1 307.9 289.3 269.4 260.9 247.6 233.7 225.4 210.8 192.3 176.9 163.2 149.9 141.9 130.6 120.1 116.5 109.5 98.7 96.4 96.1 96.9 97.4 97.3 98.2 98.1 97.7 98.4 98.5
759.7 749.4 734.7 677.4 635.6 602.4 579.6 558.5 524.3 516.2 512.5 505.8 495.2 484.9 470.7 457.6 446.4 434.2 429.3 422.7 419.5 415.2 415.6 415.7 405.3 387.6 367.5 358.6 349.4 340.4 331.7 320.6 313.1 291.4 311.9 333.2 352 376.7 402.6 424.9 423.9 412.9 398.9 386.3 366.8 356.1 338.7 325.5 312.7 295.7 289.2 273.2 258.3 243.5 228.5 220 210.9 197.6 179.3 164.5 152.1 146 139.1 127.2 115.1 106.2 101.5 96.6 96.8 97.1 97 97.7 97.9 99.2 99.2 97.7 97.2 98.3
773.1 752.3 724.9 680.3 644.9 603.8 578.5 551.5 526.1 517.5 508.9 503.8 498.3 485.1 471.9 460.6 450.6 439.4 429.3 413.4 393.6 386.8 396.7 396.6 387.1 376.7 361 347.7 336.8 326.4 319.9 311.1 301.5 287.7 309.6 330.2 347.7 364.3 397.3 408.9 406.8 392.6 378.2 361.1 347.1 338.4 326.5 312.7 301.1 283.8 272.3 255.7 244.2 230.8 213.7 204.4 196.7 179.7 168.2 154.1 144.1 143 132.2 116.5 105.9 101.8 97.1 95.8 95.9 96.3 96.8 98.1 99.5 101.6 100.3 98.3 98.2 97.7
782.3 758.8 732.3 694.4 659.6 626 587.1 554.4 535.6 523.2 515.4 506.8 500.8 491.5 480.5 472.7 466.5 444.4 427.8 408.2 394 380 377.4 376.5 372.5 364.1 351.2 339.8 327.1 314.7 306.5 298.5 289 287.4 305.8 325.3 341.3 361.1 387.2 395.3 375 366.1 358.3 343.4 332 314.3 305.7 296.3 282.2 269.7 260.3 241.8 229.6 218.1 204.1 190.2 178.3 166.3 157.3 147.7 135.8 134.7 121 112.3 104.6 96.9 95.8 96 96 95.8 96.8 100.2 102 101.5 100.2 101.1 100 100.5
784.1 757.6 740.1 711.2 690.5 649.8 607.5 573.9 546.3 531.3 523 516 512.8 512.1 511.3 503.1 483.1 448.6 420.6 401.9 386.4 377.5 362.4 359.7 357.9 349.7 341.2 331.3 315.4 304.2 294.9 287.4 275.9 284.3 301.4 321.9 338.3 359.6 379.4 370.1 357.9 353 335.7 328.4 318.4 306.3 287 277.5 268.9 256.2 244.6 230.8 217.9 205.4 194.6 179.5 166.4 156.2 148 139.7 129.7 124.5 116 105.2 98.3 95.4 95.6 96.2 95.5 95.9 99.9 105.9 107.7 104 102.2 105.2 110.5 106.1
800.4 774.7 755.4 731 703 656.7 621.8 596 567.6 552.8 549 536 531.1 535.2 538.2 511 482.9 441.1 410.6 392.7 377.6 369.4 359.6 351 344.6 338.6 331.3 323.1 311.4 297 285.7 277.7 272.1 281 295 309.2 332 350.6 362.3 353.6 337.7 332.1 322.6 313.6 295.5 287.3 270 258.5 249.6 238.2 232.2 216.9 210.6 195.5 180.5 168.1 160.8 150.5 140.4 131.6 124.3 115.2 109.9 102.2 95.5 95.2 96.1 95 95.7 98.7 102 108.7 115.1 104.4 106.7 109 112.7 118.2
830.5 795.8 776.5 753.5 715.4 674.3 644.6 617.6 591.3 576.8 575.4 558.9 554.1 560.4 541.9 515.9 477.4 444.1 409.6 383.7 371.8 358.8 350.7 344.4 332.7 326.1 318.4 311.3 303.7 290.7 280 270.3 266.6 276.6 287.9 299.3 319.9 345.1 350.2 337.2 326.8 311.5 304.8 299 282.6 274.9 262 246.2 234.1 224.6 216.9 208.6 200.9 185.2 169.1 160.5 152.9 146.6 134.9 125.6 116.9 112.3 102.9 97.6 94.6 95.4 98.9 96.7 98.1 101.5 105.2 112.7 113 107 111.1 113.7 116 125.3
840.2 824.5 802.7 780 749.5 701 675.2 648 622.7 600.4 601.1 597.2 583 577.2 555.7 531.8 500.5 462.9 410.9 382.9 364 354.2 345.3 338 325.3 312.4 301.6 299.8 292.2 283.8 272.4 263.5 259.3 265.4 278.5 294 307.2 327.9 329.6 324.5 313.4 297 283 278.3 270.9 259.3 249.1 239.6 228.6 211.6 203.3 199.7 191.5 175.9 160.2 153.6 147.3 140.3 130.5 122 113.3 105.7 98.9 96.3 95.7 97.4 99.8 103.1 103.1 103 112.6 113.5 108.5 110.2 115.4 117.1 121.8 127.6
834.9 830.4 820.5 810.1 774.3 746.2 702.5 669.4 629.6 627.9 635.1 628.7 606.8 600.7 579.6 555.5 520.1 470.9 418.1 387.6 365.3 352.3 342.4 331.2 319.7 306 292.8 278.6 275 273.4 266.5 259.1 253.6 255.9 269.5 285 300.3 311.4 312.5 307.3 295.2 284.7 267 262 256.1 250.9 240.8 229.5 220.9 209.3 194.2 186.7 175.9 161.9 152.1 147.5 142.2 136 124.6 115.5 108 101.9 96.8 95.2 96.5 100.6 103.8 106.3 110.8 109.1 109.9 112.7 114.1 116.8 119.3 122.8 125.7 135.2
826.4 824.9 814.9 813.7 796.1 762.9 712.2 673.6 654.4 651.5 659 652.4 635.7 622 610.2 588.3 551.4 480.1 433.4 399.4 372.5 351.6 339.2 325.3 312.5 296.2 281.3 266 265.4 257.2 257.5 252 246.9 247.1 259.4 271.9 289.6 299.5 295.3 291.5 279.7 274.2 259.1 248.3 246.8 242.4 229.5 223.3 213.3 199.7 186.8 179.1 167.7 159.3 148.4 145 140.5 136.5 128.1 111.3 102.3 97.8 95.8 94.3 102.5 104.5 103.5 105.5 108.6 111 114.5 118.3 123.8 126.3 130 131 133.3 145.3
815.7 809.7 800 801.2 794.5 755.1 722.7 702.6 692.5 682.7 687.7 679.5 661.2 643.1 631.7 627.9 587.8 519.5 449.2 410.3 379.4 350.2 335.7 320.9 304.3 289.6 274.1 261.2 250 246.7 247.1 244.4 238.6 239 248.8 262.8 276.3 287.1 284.8 274.9 270 262 246.7 234.6 238.4 233.7 219.2 217.2 208.2 187.3 178.9 170.7 162.3 150.9 145.6 144 142 133.2 114.4 103.8 99.9 97.1 94.3 93.9 97.4 98.5 99.7 101.7 105.3 114.5 129.2 128 139.8 140.5 137.2 141.9 143.5 159.3
795.2 792.1 789 792.5 787.3 777.8 751.1 738.8 719.1 713.3 712.2 698.4 672.9 652.8 634.6 627.6 604.7 560.6 471.4 426 387.8 353.9 335.6 316 301.6 283.7 269.1 255.8 245.2 240 238.7 236.6 229.6 229.8 239.8 252.3 261.6 269.6 265.5 260.7 256.1 249.2 234.4 222.3 228.2 219.6 210.1 208.5 198.5 183.4 173.5 167.6 154.5 146 143.4 142.9 140.2 122.9 107.2 100.9 98.7 95.9 90.6 92.9 94.1 95.3 97.3 99.3 109.4 128.8 138.5 143.3 156.8 148.2 147.8 151.9 157.7 166.8
780.1 778.4 777.9 784.8 781.9 774.4 755.6 740 730.1 724 715.7 695.3 673.9 650.8 634.9 616.7 595.9 556.7 490 443.7 401.5 356.8 336.8 318.1 299.2 280.8 265 250.8 240.4 232.7 226.6 227.4 222.3 221.4 228.8 238.2 244.2 244.7 244.2 247 245.2 234.7 220.1 217.2 216.2 206.6 200.6 193.7 184.8 172 168.3 159.7 148.6 143.8 142.2 152.2 138.2 118.3 101.9 99.6 97.8 93.6 89 90.8 91.7 93.2 96.4 101.8 118.6 136.6 138.3 154.3 159 152.6 155.9 166 176.8 183
767.6 760.1 760.8 767.5 760.2 758.9 746.4 735.3 726.5 715.3 708.8 683.5 669.8 647.2 628 596.5 556.9 528.1 489.5 452.1 412.9 369.4 346 321.9 298.9 279.9 263.6 250 238 226.7 218.4 214.4 213.5 210.3 214.1 220 226 226.5 227.8 229.9 227.1 221.3 217.2 213.4 210 201.3 196.1 187.8 177.2 168.4 162.4 153.4 144.5 141 144.3 143.1 122.5 110.6 101.3 96.3 94.3 89.6 87.8 89.4 92.4 95.1 99.1 105.6 122.9 133.7 137.5 156.3 161.5 159.2 166.8 175.1 184.5 196.2
747.4 744.9 746.2 751.9 751.9 747.6 740 728.8 715.8 708.7 694.3 670.7 654.2 635.9 615.1 590.5 562.1 528.7 491.8 459.8 426.7 387.2 358 331.3 300 278.1 263.6 252.2 239.6 223.8 212.5 205.7 204.5 197 201.7 201.5 207.7 210.3 214.7 217.5 214.2 215.5 212.3 208.6 204.5 195.7 189.4 177.6 169.6 162.6 155.7 146.9 141.2 142.3 147.7 127.8 115.1 105.7 95.9 92.6 91.6 87.2 87.7 89.7 91.1 95.3 103.1 110.3 124.9 130 135.6 153.9 157.1 161 172.1 182.7 190.7 198.7
730.6 728.4 726.8 728.8 727.7 724.6 726.5 714 708.4 700.5 685.2 666.6 642.7 610.8 575.2 547.3 524.9 510.1 480.9 458.4 424.7 392.5 363.4 327.9 300.7 278.8 268.5 256.6 239.7 220.6 208.8 199.7 190.8 186.9 189.9 190.7 191.8 196.9 205.1 208.7 201.8 203 205.3 200.9 196.2 186.9 182.2 171.4 165.8 159.1 148.3 141 138 145.3 131.7 117.8 109 100 91.5 88.3 87.7 86.9 89.8 91.1 93.5 96.6 104.8 120.4 126.6 127.6 135.6 150 155.4 163.7 174.7 184.5 193 207
714 706 697.6 711.2 711 709.2 711.9 702.5 699.9 687.1 675.7 659.2 640.8 617.9 602.8 574.4 536.2 507.2 480.8 444 400.9 370 348.6 314.7 292.7 276.6 270.9 259.4 237.5 217.9 205.8 198.7 186.4 180.3 183.1 181.9 182.8 187.3 195.5 194.5 191.2 200.8 196.3 190.2 186.6 179.6 169.7 164.7 161 153.7 143 138.2 140.2 132.1 121.6 113.5 105.1 98.5 93.9 88.7 87.8 94.1 95 93.8 96.1 99.5 107.8 123.6 124.9 128.6 136.6 148 154.2 164 173.2 183.5 199.7 216.1
695.7 681.9 679.5 679 683.7 688.7 696.4 688.6 681.8 671.6 663.4 646.5 624.6 602.4 586 554.9 519.2 494.8 472.7 445.8 414.3 378.6 343.1 306.6 288.1 274.7 275.4 261.2 237.3 212.7 199.2 191.7 182.7 167.3 173.7 172.2 176.7 181.6 189.1 188.3 184.4 189.1 184.4 179.1 177.3 169.5 163.4 158 151.7 142.9 135.9 134.3 133.1 121.5 115.7 107.8 101.2 91.3 86.9 87.9 91.8 102 101.5 98.8 100.2 107.2 115.7 115.1 117.8 127 137.6 150.6 155.2 166.3 178.9 193.1 207.1 219.6
679.2 660.9 652.6 647.5 653.1 664.3 678.8 676.2 662.8 657.4 641.7 624.1 607 593 574.3 537.4 509.3 487.5 459.5 432.1 395.6 355 320 292 278.9 267.8 272.9 252.7 227.4 207.2 193.2 183.6 175.3 168 167.8 167 171.7 176.2 183.7 182.1 178.9 179.4 175.2 170.9 165.4 160.3 155.6 150.9 141.7 135.2 131.8 135.7 121.2 117.2 110 104.2 96.2 84 86.6 88.9 91.4 102.1 101.9 100.7 105.8 116.1 113.4 110.9 120.2 130.3 145.1 156.9 162.5 177.9 192.5 205.9 215.4 227
669.4 654 639.9 627.7 632.4 644.9 656.9 666.1 654.2 643.1 627.9 615.1 600.7 581.2 554.5 522.8 487.9 472.5 443.7 418.9 370.3 335.9 303.1 279.4 265 255.1 252.5 237.9 212.6 196.6 184.8 176.2 168 163.2 156.5 161.5 166.9 170.1 175.1 174.8 172.5 169.1 167.3 164 161.1 151 147.4 142.6 133.1 127.6 130.5 122.2 115.4 111.8 105.1 101 91.6 86.3 87.2 89.6 92.6 101.3 101.1 104.7 111.4 109.4 106.1 116.7 129 135.5 152.2 167.6 173 188.3 202.6 216.4 221.6 237.7
654.4 635.2 623.7 612.5 611.5 631.8 644 647.9 641.2 633.7 618.2 601.7 583.6 562.6 546.5 504.6 467.7 426.9 403.4 384.1 346.4 319.5 288.9 269.1 255.2 246.2 240.2 223.9 198.8 187.8 176.3 167.3 161.4 156.5 151.2 154.3 158.8 157.2 161.7 162.9 160.1 161.8 159.6 158 151.7 142.6 137.3 132.2 124.6 124.3 120.2 116.2 112.6 106.3 99.5 94.7 89.6 85.9 87.8 90.6 94 98.4 101 104.2 103.3 102 108.6 118.3 129.9 143.1 158.6 175.5 181.6 193.4 205.4 218 230.5 245.4
632.7 609.6 601.1 591.9 598.7 619.5 633.5 641.4 632.4 618.4 601.4 587.6 565.9 545 522.5 475.8 451.6 430.5 395.9 366.4 330 300.3 279.3 258.3 244.4 237.7 230.3 211.6 190.3 179.4 166.2 159.8 152.9 151 146.6 148.9 146.1 147.2 147.1 150.5 154 152.8 153.2 148.8 145.5 137.3 129.7 122 117.8 123.4 114.6 111.5 105.5 101.2 96.9 90.6 85.4 85.6 88 91.7 95.8 97.8 99.5 100.2 99 102.8 113.4 125.1 137.9 150.4 166.1 183.4 190.7 200.4 210.6 222.8 235.3 252.4
603.2 585 579.9 576.9 591.1 617.1 628.8 632.1 616 601.7 585 575.3 551.5 527.1 483.8 454.5 430.1 403.5 373 344.1 313.8 285.4 265.5 247.3 231.4 222.8 212.2 200.5 182.1 169.9 158.6 151.2 146.8 143 143.6 145.5 140.3 139.4 140.4 138.9 143 145.5 143.5 140.6 141.6 135.4 123.7 117 121.8 111.2 107.9 101.5 100.2 95.3 96.3 93.6 83.9 85.8 87.6 91.5 95.2 99.5 95.6 93.8 98.8 107.9 119 130.2 143.5 158.3 172.3 186.9 196.3 203 216.5 232 246.1 258.9
572.6 561 556.9 559.7 580.8 603.4 613.8 618.5 602.2 582 573 561.8 536.5 521.7 479.6 438.7 400.3 377.4 347.9 319.1 297.2 275.1 254.7 236.2 218.9 207.8 201.4 188.4 175 162.6 150.6 144.5 140.2 138.8 141.4 144.5 143.8 135.1 137.9 136.1 135.3 137.9 135.4 136.5 141.4 127.5 115.5 115.8 110.5 103 97.9 94.5 92.7 91.3 87.8 88.5 83.1 84.5 87.3 91 94 93.5 90.8 90.9 100.9 111.9 123.8 135.8 149.8 164.1 177 195.6 209.5 215.9 229.1 241.9 251.9 268.1
555 544.5 545.6 554.2 571 588.3 599.9 598.5 585.1 573 564.7 552.7 527.1 505.5 469.7 424.3 387 354 332.1 305.2 287.7 265.8 244.3 226.5 209.2 195.8 189.7 182.1 169.8 154.7 144.5 137.6 131.6 135.7 139.9 140.6 142.4 132.2 133.9 135 130.8 130.7 129 131.6 128.1 119.3 110.7 115.7 101.6 95.2 91.6 89.7 91 87.4 83.2 80.3 83.1 83.9 85.2 89.2 90.1 87.1 88.8 101.4 113.6 120.6 127.1 140.2 155.5 171 186.9 205 217.8 226.8 238.5 247.2 259.3 272.7
535.6 533.4 534.9 548.8 565.4 583.9 593.1 591 575.6 560.5 551.3 535.2 515 490.4 447.2 412.5 376.4 347.7 321.7 301.8 281.5 258.1 236.9 221.1 201.6 184.7 177.6 172.7 163.1 147.4 136.3 131.2 127 132.6 135.3 136.2 139.8 138.5 125.7 128.3 127.5 124.2 121 122.3 121.4 111.9 109.4 110.5 91.2 90.2 87.5 84.8 84.7 89.6 82.9 80.5 82.7 81.8 83.1 85.6 87.2 93.6 103.5 115.4 126.8 136.4 146.3 153.8 164.9 180.7 198.4 213.9 224.2 235.5 247.4 251.4 268.1 281.2
522.1 515.7 522.4 536.2 557.9 583 587.4 584.5 564.1 548.5 537.9 518.2 504.1 467.9 429 398.1 365.1 339.7 319.9 299.4 270.7 248.5 229 216.1 196.5 176.8 166 163.5 152.1 139.8 129.1 124.8 122.1 127.4 128 128.3 131.6 136.2 130.2 119.9 118.2 116.3 113.6 113.4 112.5 96.7 102.5 92.7 88.9 85.8 83.3 81 79.6 81.5 80.1 78.6 81.2 82 82.7 85.5 94.8 104.2 115.8 128.6 142 154.1 168.4 180 184.5 197.9 219.3 223.9 230.4 247.5 256.7 261.1 275.5 292.2
514.1 503 507.8 526.7 546.4 564.4 579 572.7 549.2 541.5 523.9 504.8 493.9 465.5 433.4 398.9 359.1 340.1 314 282 261.7 240.3 222.2 213.6 191.3 168.9 158.3 149.8 140.5 133.8 123.9 117.8 121.1 120.2 121.1 119.4 125.5 130.1 127.1 117.5 112.8 108.2 104.9 103.1 98.3 95.8 92.1 88.4 86.2 82.8 79.8 77.5 76.6 76.3 78.1 78.6 78.7 76.3 85.2 93.1 100.3 114.2 128.9 141.7 155.7 172 188.2 197.4 203.8 214.7 230.2 237.9 235 251 258.7 265.3 284.1 305
501.1 490.1 496.6 515.5 536.7 553.3 567.4 563.1 545.7 521.2 499 481 466.5 440.5 414.1 375.2 359.9 356.3 330.5 298.3 259.7 238.2 218.3 199.9 188 165.7 150.4 145 136.7 129 120 113.4 113.6 117.7 111.8 112 118.8 119.9 117.5 111.8 104.7 104.3 97.9 91.5 89.5 87.2 83.4 86 84.5 79.8 77 76.3 76.1 72.2 76 75.4 79.7 84.8 91.3 98.6 110.8 126.4 141.3 153.6 168.8 183.1 199.4 210.4 222.3 229.8 234.2 243.2 254 250.5 262.5 278.9 299.6 315.8
484.7 471.6 481.1 497.3 519 540.2 549.1 546.9 524.8 495.6 473 454 432.2 418.1 385.5 369.6 356.2 333.8 313.4 281.9 248.2 223.7 209.9 195.1 184 158.9 145.9 136 129.1 121.3 118.7 106.7 106.8 109.8 105.5 106.6 107.3 107.2 107.2 107.3 98.7 92.1 89.1 88.6 82.4 77.1 82.6 87.4 81.4 75.5 73.4 74 75.1 72.4 71.6 76.2 83.7 91.3 98.3 109 124.4 139.9 153.5 164.7 177.9 189.3 205.1 219 234.2 243.3 247 249.3 260.6 265.2 268.5 288 306.9 323.7
464.6 449.9 463.5 480.9 501.7 523.6 532.6 518 494.9 468.3 439.8 417.2 400 385.2 368 358.6 334.6 317.2 285.8 262.6 231 209.3 198.1 183.8 173.7 156.9 140.5 130.1 120.2 115.9 108 101.4 101.5 103 102.2 98.8 99.7 101.3 96.4 96.4 92.2 87.5 76.7 75.5 73.2 69.8 77.8 84.5 76.3 69.7 71 72.1 74.7 67.2 74.3 83.1 90.9 98.3 107.3 122.8 138.2 152.4 163.2 175.8 190.2 203.2 216.5 227.1 239.8 248.9 255.3 256.7 268.4 278.3 281 293.2 308.9 320.8
446.7 430.2 444.8 464.8 488.4 505.3 509 492.9 468.6 433.7 407.6 390.7 375.9 354.4 352.7 325.7 304.1 292.5 268 242.3 217.5 198.5 189.2 174.3 162 151.1 138.5 124.8 114.5 105.9 99.7 98.1 96.3 97.3 96.1 95.7 92.6 93.9 90.6 85.7 85.4 73.3 68.2 68.4 65.2 70.2 70.1 68.9 66.7 66.1 69.5 70.7 71.1 76.6 79.7 88.4 96.9 107.4 120.1 135.6 151.5 163.4 177.1 189.2 200.1 215.5 229.8 242.1 249 258.2 265.2 266.2 277.1 286.2 294.1 296.5 315.8 326.8
