data/210000-720000.asc
ncols 200
nrows 200
xllcorner 210000
yllcorner 720000
cellsize 50
[rows 108 to 143 of 200, columns 81 to 161 of 200]
95.2 100.4 103.5 102 100.4 104.8 109.7 115.6 119.3 114.5 110.3 115.1 110.6 116.7 114.8 116.1 115.3 117.8 120.1 119.2 123.2 129 137.9 144.5 152.1 159.9 168.3 172.4 176.1 178.7 180.9 184.9 185.3 187.5 191.2 191.2 197.2 198.9 200.5 204.7 204.4 204.3 207.9 205.6 202 203.9 198.7 202.4 206.2 204.1 206.7 214.2 222.6 228.2 231.1 231.4 235.2 244.7 259.7 263 273.7 284.5 294.3 301.2 313.1 325.9 318.4 314.9 317.6 322.2 325.3 326.6 326.8 322.6 310.7 307.7 305.1 320.9 325 332 333.1
101.8 105.6 107.7 108.3 107.3 112.1 118.6 123.7 123.4 120.9 117.8 118.6 121.9 127.6 123.8 122.9 121.5 119.2 123.9 127.4 133.5 140.3 147.7 156.4 165.1 172.7 179.9 183.4 185.9 188.1 191.5 195 197.1 193.4 197.7 199.4 202.1 207 205.4 209.4 212.8 211.5 215.6 218.1 212.9 212.6 210.4 206.4 214.6 212.6 217.6 221 231.7 235 237.9 245.1 244.5 254.8 265.6 276.5 282.8 292.2 303.3 307.3 321.5 332.3 332.1 326 326.5 328.2 331.2 332.9 335.4 335.8 326 320.2 319.8 320.7 329.5 334.8 342.8
105.3 108.9 112.2 113.9 115 118.3 124.6 129.8 128.3 125.4 124.5 125.2 130.6 136.2 127.9 125.8 127 122.9 132.3 137.3 143.6 149.3 156.3 167.4 178.6 184.9 191.1 194.1 194 196.5 199.5 204.4 205.7 208 205.1 208.1 207.4 214.5 213.7 214.6 221.7 220.8 224.2 225.5 224.7 222.6 220.4 215.8 224.6 223.8 228.5 232.7 233.8 238.6 244.7 250.3 254.4 260.7 272.1 282.1 290.7 298.4 308.3 312.9 323.1 331.3 336.7 338 337.3 337.8 340.6 341.8 344 344.5 342.1 336.2 332 323.8 332.3 338.4 344.4
107 110.3 114.5 117.5 122.2 127.1 133 135.3 132 129.6 128.7 131.4 135.2 138.4 130.8 132.3 130.7 134.6 142.1 147.6 152.6 157.8 164.4 175.4 188.6 197.4 202.5 204.7 202.9 204.8 207.7 210.9 214.2 216.4 213.6 215.4 216.3 219.4 223.7 226.3 225.3 227.5 230.4 231.7 236.5 238.2 231.6 225.1 232.8 234.5 236.5 240.5 241.5 243.6 248.5 254.8 262.5 269.4 278.3 288.1 297.2 305.7 311.2 316.8 324.2 332.6 341.9 350.9 354.5 348.8 350.5 352.7 354.2 356.6 354.2 349.6 343.3 329.4 336.8 343.4 344.9
111.6 114.5 117.4 119.9 125.8 130.8 135.3 134.3 132.5 131.9 134.4 136.7 140.9 140.2 135.4 136.3 140.1 145.4 151.3 156.8 161.7 168.2 174.6 184.3 197.4 207.3 213.8 214.8 212.5 212.3 214.8 218.4 222.1 224 226.5 222.5 226.3 228.2 232.8 234.4 233.9 235 240.3 244 244.6 248 243.9 237.5 235.5 243 245.6 242.9 247.7 250.8 253.8 260.7 268.9 278.1 285.8 292.9 300.7 309.1 317.4 322.8 328.6 336.3 345.1 354.2 361.9 361.3 362.5 365.5 364.9 364.7 364.8 360 354 337.2 343.5 346.6 351.6
117 119.8 122 123.7 125.7 128.4 133.5 134.5 136.2 137.6 140.5 142.3 145.1 142.6 135.1 141.2 147.7 153.7 159.7 164.9 171 177.3 183.8 191.4 204.5 217.9 223.3 223 221 220.1 222.4 226 229.4 232.2 235.8 231.4 235.6 238 241.3 241.9 243.1 246.7 248.8 251.3 249.6 252.8 253.7 250 250.1 247.2 254.4 253.6 253.2 259.8 261.5 270.3 279.2 288.1 295.8 299.6 306.5 313.1 322.5 330.3 336.1 342.2 348.9 355.9 366.3 370.7 372 372.2 371.6 371.2 371.6 370.2 366.1 346.9 351.9 353.9 356.6
121.9 124 126.1 128 130 132.1 134.1 136.7 140.8 142.9 143.9 146.5 149 147.6 149.2 147.8 155.7 161.9 168.2 174.3 180.3 186.6 192.9 197.8 209.4 222.2 232.5 230.9 228 227 227.9 232 236 239.8 243.1 243.7 242.2 244.8 251.3 250.8 252.4 253.5 253.6 255.7 255.9 258.4 259 259.4 258.6 254.7 260.1 257.2 259.5 267.4 274.9 280.2 284.4 293.3 305.2 307.7 316.6 319.1 326.8 335.7 342.3 348.3 354.7 361.4 366.8 372.7 376.3 376.8 377 378 376.7 378.4 377.8 356.6 368.2 365.7 367.4
126.3 128.2 130.3 132.3 134.3 136.4 138.4 140.9 144.2 147.5 147.9 150.3 152.5 153.2 157.6 160.6 161.2 169.5 176.4 183.2 189.6 195.8 202.1 207.2 213.3 225.3 237.5 238.9 233.5 232.1 234.4 237.1 242.8 248 251 252.8 250.6 255.5 258.2 258.4 260.2 261.3 264.4 264.9 265.3 266.5 267 265.7 263.6 263.4 263.3 265.3 269.8 270.8 275.4 286.4 297.6 301.1 308.8 316 323 327.2 331.4 338.7 346.8 354.1 360.6 366.6 371 375.3 380.4 384.6 385.2 384.7 382 384.7 381.2 380.3 380.6 379.8 382
131.4 133.1 134.7 136.6 138.7 140.7 142.8 145.3 147.1 148.7 150.2 153.2 156.1 158.9 164.1 168.7 172.9 178.4 184.5 191.2 197.9 203.8 210.7 215.6 219.2 227 235.6 239.6 235.2 237.8 241.1 244.5 249.5 255.7 259.3 258.5 263 266.2 270 268.7 269 270.1 273.7 274.9 275.2 275.8 276 273.7 272.7 272.9 276 273.2 280.6 289.5 293.3 292.2 293.7 310.2 312.2 316 323.7 330 336.9 343.2 351.9 359.4 365.2 370.2 374.8 379 384.7 393.2 396.6 392.6 391.3 392.4 389.6 389.7 392.2 394 396
137.3 138.1 139.7 141.5 143.9 146.2 147.6 149.5 150.2 150.9 153 157.2 161 164.9 169.3 174.7 180.2 184.4 191.4 198.1 204 209.9 217.5 221.7 224.2 228.6 234.8 237.3 237.6 242.9 247.7 252.2 256.8 260.7 265.8 266.9 268.9 275.4 280.5 280.3 281.7 282.5 285.3 284.3 285.3 284.6 284.1 285.1 288.4 293.6 291.3 291.2 290.9 302.8 308.4 308.2 301.5 307.5 316.7 323.2 329.1 334.4 341.3 349.1 355.6 360.9 364.8 369.9 377.3 383.1 388.7 394.5 399.7 399.8 398.5 404.5 391.9 399.6 405.9 408.9 410.1
145 146.1 146 146.3 148.2 149.5 151.3 152.7 153.1 153.3 159.4 163.8 168.2 172.1 176.5 181.9 187.3 191.6 197 203.2 208.9 214.6 224.6 225.7 229.9 234.2 238.3 242.4 245.7 250.4 255.2 260.1 266.7 269.9 273.2 276.8 281 285.8 292.1 292.6 292.5 292.2 294 293.8 294.2 294.2 296 297.6 306.1 314.1 309.8 305.5 305.2 311.1 319.1 322.3 315.7 319.5 318.3 326 336.5 340.3 347.6 354 358.8 364.4 369.2 374.6 381.7 388.8 394.3 398.9 403.8 404.8 407.9 404.8 403 406.5 412.1 415.4 420
153.1 154.5 154.7 154.8 154.6 154 154.9 155.9 155.6 159.7 166 170.7 175.2 179.1 183.8 189.2 194.3 199.5 203.5 207.8 213.5 219 226.7 231 235.7 240.2 244.5 250 254.7 260.1 266.1 272.6 277 280.2 283.5 286.8 290.9 294.8 296.6 298.5 298.6 300.6 301.8 302.2 302.6 304.9 309.1 313.7 321.4 328.7 327.3 312 318.1 327.8 330.6 335.5 330.8 331 331.2 334 340.5 347.4 350 357.5 363.8 371.1 377.1 382.4 388.2 393 400.2 404.3 409 409.3 412.9 407.3 412.6 413.6 416.7 422.1 426.8
160.9 161.9 162.1 162.6 163.2 163.5 163.6 164.3 163.5 165.7 172.6 177.5 182.1 186.1 191.1 196.4 200.8 205.2 209 212.4 217.9 223.5 229.6 235.5 241.2 246.1 250.7 258.5 264.5 270.7 276.8 282.9 288 291.1 294.1 297.6 301.2 304.2 305.6 303.9 306 307.8 308 308.9 308.7 313.8 321.9 326.8 330.1 336.8 331.3 320.1 328.9 337.1 339.3 342.2 337.9 339.8 343.1 343.6 347.1 353.5 356.7 368.6 376.8 381.6 387.2 392.5 396.1 397.8 403 407.6 411.8 413.4 415 409.1 414.3 417 419.3 425.4 432.7
169 169.2 169.8 169.8 169.8 170.3 170.6 170.7 170.7 173.3 179.2 184.2 189 193.1 198.4 202.9 207.2 211.3 215.3 218.7 222.3 226.8 233.9 239.9 245.9 253 260.7 268 273.6 280.9 287.2 293.6 295.9 298.8 303.5 307.8 310.8 313.5 313.4 310.5 313.2 313.6 313.4 313.1 315.7 320.9 329.7 331.7 334.7 337.8 330.4 329.6 336.5 340.8 342.8 344.9 343.6 348.2 352.5 354.5 355.6 363.4 371.3 379.5 390.1 397.1 401.1 402.7 405.4 406.7 409 413.3 415.8 417.6 417.1 415.8 414.6 419.2 422.2 428.9 437.2
177.2 176.6 176.1 175.8 175.8 175.3 174.8 178.2 178.2 180.2 185.8 190.8 195.7 200.3 205 209.3 213.6 218.3 223.1 227.1 230.6 234.5 240.1 246 252.9 260.7 267.9 274.8 280.8 288.3 295.6 299.7 303.2 311.7 316.6 317.6 320.6 323.7 321.8 317.8 318.7 318.5 318.4 319.7 324.4 327.4 332.1 333.3 335.7 335.7 331.9 339.3 343.5 345.3 349.1 351.1 352.4 356.6 360.8 366 367 373.5 382.2 388.2 397.6 408.8 415.7 417.4 418.4 421 418.9 421 421.1 419.7 418.6 418.4 418.1 421.6 426.2 437.1 442.2
184.3 183.7 183.2 182.5 181.3 178.7 182.1 184.9 187 187.1 192.3 197.4 202.4 207.2 211.5 215.8 220.3 225.4 230.3 235 238.9 243.5 248.2 254.1 260.4 267.6 274.7 281.1 288.2 295.4 302.3 306.9 310.8 316.4 323.9 325.3 329.3 332.6 323.1 324.3 326.1 328.1 326.7 327.6 332.1 338 335.3 337.6 340.1 337 336.8 337.3 342.2 351.5 356.7 356.8 362.9 365.6 374.1 377.2 374.7 381 390.6 400.2 407 413.7 422.5 427.7 431.1 433.5 430 427.3 425.9 424.1 422.4 423 418.8 425.1 429.1 441.4 446
191.4 190.3 189.1 187.8 186.6 185.9 188.8 193 195.3 196.3 199.5 204 208.6 213 218.4 222.9 226.9 232.5 237.4 242.1 247 251.3 256.3 262 267.5 274.5 281.6 288.4 295.5 302.6 308.9 313.3 317.5 321.9 325.5 328.9 333.4 337.8 326.4 331.9 332.1 335.4 332 335.1 336.8 337.7 340.1 342.3 343.3 349 352.9 348.8 350.4 350.4 357.1 362.8 371.4 375.7 379.7 382.1 382.9 390.5 399 406.3 414.8 417.6 429.8 441 443.5 442.2 440.8 438.5 433.7 430.3 426.5 425.4 423.5 430.8 433.2 437.6 447.5
197 196 194.5 193.1 191.9 191.2 194.7 199.7 203.2 204.1 207.5 210.7 214.2 218.8 224.2 229.4 233.7 239.1 244.8 249.9 255.3 259.5 265.8 271.8 277.2 283.6 289.6 295.6 302.4 309.6 315.5 319.9 324.5 329.5 331.3 333.6 337.1 338.8 333.4 338.6 338.9 339.3 338.8 340.3 341.9 344.3 350.3 350.8 352.4 355.7 361 364.8 366.4 368.1 373.6 377.3 378.2 382.9 389.3 392.6 392.1 398.1 406.1 411.8 421.4 426.3 435.5 443.1 448.5 452.5 451.4 445.8 445.5 438.2 433.2 429.5 427.3 429.8 435.8 443.9 443.3
202.4 201.9 200.4 199 197.5 196.3 199 202.7 207.6 210.7 213.6 216.2 219.3 224.4 229.4 234.8 240.2 245.6 251.8 257.9 263.5 268.7 274.6 281.7 288 293.2 298.1 303.7 309.9 316.5 321.5 326.3 330.9 336.7 337.5 341 340.8 334.3 338.6 344.6 346.6 348.3 348 349.8 351.8 357.8 359.8 358 361.5 364.2 371.7 378.5 383.6 389.7 391.1 389.9 387.3 392.9 398.4 402.5 403.7 406.7 412.7 419.2 427.1 433.3 437.4 444.3 451.5 457 458.4 448.7 451.8 447.1 439.4 435.2 431.2 437.2 440.6 448.3 451.7
207.8 207.3 206.4 204.9 203.3 201.8 204.4 208.2 212.1 215.1 218.5 222.7 227 230.4 235 240.8 246.9 252.5 259.2 266 271.6 276.8 282.9 290.6 298.2 301.5 304.2 310.5 316.9 320.9 324.6 330.4 336.1 339 340.7 342.3 342.1 338.9 342.3 349 355.1 357.8 359.4 360.4 358.5 360.9 367 364.2 370.1 377.6 384.6 389 396 401.9 407.4 403.6 397.9 405.3 408.8 409.1 414 415.1 418.4 424.4 431.2 437 442.2 447.6 454 460.8 457.4 450.9 451.5 452 446.6 440.9 440.2 438.8 442.4 449.4 455.6
212.8 212.6 212.3 210.7 208.5 206.7 209.7 213.6 218 222.1 225.8 230.8 234.1 237.2 240.5 247.4 254.5 260.3 267.4 274.2 279.5 284.3 291.4 297.5 301.2 305 309.9 315.7 321.8 325.4 328.5 332.8 336.6 339 342.8 345.8 345.2 343.9 345.4 349 356.8 361.8 367.5 365.7 364 366.9 370.6 375.5 379.1 387.5 397 400.1 403.1 409 413 412.2 416.6 420.7 421.1 418.8 419.1 420.8 422.7 428.5 435.2 440.7 445.4 449 453.6 455 449.8 450.5 452.1 453.8 450.2 445.9 444 447.9 450 453.1 457.5
217 218.2 218.7 217.2 218.7 221.3 223.3 224.7 229.4 232.4 235.3 238.8 240.5 245 249.4 254.8 261.8 268.1 276.1 285.3 287.1 292.4 296.4 301 306.6 315.7 321.4 321.7 326.6 330.6 334.6 338 340.3 342.5 345 347.6 350.2 350.3 352.6 354.9 355.6 362.6 367.2 368.4 368.6 372.5 377.3 385.6 391.8 396.2 404.5 406.2 410.5 416.4 417.8 420.9 423.6 425.8 428.3 427.7 424.8 425.5 428.2 433.5 435.6 441.1 445.9 448.4 449.7 449.1 450.5 450.3 452.9 453 450.6 450.1 449.2 453.6 459.4 460.8 464.1
222 223.5 226.1 226.3 228.8 231.2 234.5 236.4 239.7 243.3 246.1 247 247.2 252.5 257.9 263.5 268.5 276.6 287.5 293.5 295.9 299.8 304.2 309.2 316.8 323.1 327.4 329.5 334.7 338.4 342.4 344.8 347.1 348.7 350.8 352.8 354.9 358.6 362.7 364.5 365.6 365.4 369.8 370.5 375.2 379.7 385.3 392.7 399.7 405.5 409.7 413.6 418.5 421.9 423.7 426.5 428.3 429.9 430.4 431.3 433.2 431.2 433.3 436.4 439.6 438.4 442.9 445.1 446.1 448.9 451.8 450 452.2 452.6 454 453.8 453.5 456.1 466.3 471.8 474.9
225.8 229.7 233.2 235.4 238.1 240.5 244.1 247.4 250 253.7 255.9 254.3 254.7 260.7 266.9 272.6 277.4 288.8 295.6 300.2 306.2 308.6 313.3 318.1 324.2 328.3 332.9 338.4 342.9 346.9 350.8 352.8 352.9 355 357.5 361.2 364.9 368.7 372.8 374.8 375.2 372.9 374.8 380.4 384.9 389.1 394.3 401.2 407.2 411.1 416.3 422.6 426.5 426.6 429.7 432.1 431.9 433.3 432.3 433 434.6 436.5 436.8 437.6 440.5 442.9 446.3 452.1 451.6 451.4 452.5 451.1 451.3 454.3 458.7 460.2 460 463.9 470.5 477.7 482.6
228.7 233.8 238.5 242.9 247.3 250.1 253.7 257.2 260.2 263.5 263.6 263.5 261.6 269.6 276.2 281.8 287.3 297.5 300.7 303.4 308.3 313.1 318.8 325.2 332 336.7 342 347.3 352.1 355.9 358.6 357.8 360.1 363.8 367.6 371.3 375 378.7 382.4 383.9 385.4 382.4 380.1 387 392 397.4 403.4 410.9 415.9 419.4 424 428.7 432.1 433.3 436.6 438.1 436.6 435.2 434.7 435.2 437 440.1 444.2 441.2 445 448.2 452.8 459.9 460.4 460 456.4 454.3 451.9 456 459.6 462.7 464.5 469.7 477.6 483.9 487.5
235.6 240.3 244.7 248 252.6 258.6 263.3 266.8 270.2 274 278.1 279.8 278.6 281.9 287.3 292.6 297.6 301.4 305.2 307.8 312.7 318.6 325.7 332.9 339.9 345.3 350.4 355.6 359.3 363.1 363.3 366 369.4 373.1 377.3 381.4 385.1 388.8 391.5 393.7 396.1 392 386.7 394.4 400.2 407.9 414.1 418.7 423.4 428.6 434.8 439.8 443.7 445.9 445.2 445.1 444.5 442.4 440.1 439.9 440.5 441.2 444.5 448.1 455 459.7 469.8 471.6 469.5 467.5 464.5 458.1 452.8 458.6 460.2 462.2 468.2 475.9 482.7 487.9 491.9
242.5 245.6 252.3 254.6 258.9 264.9 270.9 275.3 278.8 282.3 286.7 291.2 291.1 292.8 295.6 300.4 304.9 308.9 313.4 318.1 323 327.7 334.2 341.2 348.1 353.4 358.7 363.3 367.6 370.1 372.3 375.4 378.9 382.3 386.1 390.3 394.5 398.8 401.6 404.1 405.2 402.6 398.6 405.2 410.9 419.7 429.8 430.2 432.2 438.1 444 447.8 453 454.1 455.3 455.6 455.3 451.5 448 445.7 447.1 446.4 453.3 461.2 468.3 472.1 479.9 482.4 478.3 472.9 469.3 461.6 454.1 459.4 460.1 462.8 470 479 486.3 492.2 495.1
245.7 251.2 259.6 261.8 264.4 270.4 276.4 281.9 286.5 290.7 295 298.4 298.7 300 303.5 308.6 313.3 317.8 322.3 328.2 332.3 337.1 343 349.7 355.7 361.3 367.3 372.4 376.9 379 381.3 384.8 388.3 391.8 395.3 399.6 404.5 409.8 413.6 416.3 418 413.9 410.4 419.5 427.4 436.5 442.9 443.9 442.9 445.3 449.7 453.7 456.7 459.7 462.8 465.2 466.5 463.1 459.2 459.2 458.2 457.2 459.3 466.3 473.9 476.2 476.7 479.1 479.1 479.5 474 464.1 456 460.4 460 464.7 471.7 482.1 490.4 496.6 502.1
252.2 257.9 266 269.2 269.3 275.9 281.9 287.4 293 298.8 305.9 309.3 309 310.7 314.2 318.6 323.4 327.9 332.2 336.9 342 347.6 353.2 358.5 364.7 370.9 377.2 382.2 385.8 388.1 390.7 394.5 398.3 402 405.5 410.1 415 421.5 425.7 427.9 427.7 425.4 420.6 431.8 444.8 451.1 456.6 460.9 457.9 455 453.8 458 462 465.5 468.5 471.5 472.6 472.7 469.7 468.5 466.9 462.8 462.9 467.3 472.8 474.3 475.3 477.4 481.4 482.5 477.2 467.2 459.9 461.5 467.3 465.4 477.4 486.3 494.5 502.6 508.9
256.7 265.3 274.6 277.3 277 279.1 287.3 292.3 299.2 306.2 316.7 318.2 318.9 321.8 324.9 329.4 334.6 338.9 343.5 347.7 353 358.7 362.9 367.9 374.1 380.3 386.6 393 394.7 397.5 400.2 403.7 407.5 411.2 415 420.6 426.1 430.4 433.5 435.3 433.9 432.1 430.1 441.9 448.9 454.5 461.6 465.4 465.3 464.8 461.7 464.7 466.9 470.1 473.5 476.8 480.4 482.4 481.7 478.9 471.2 465.6 465.6 467.7 471 472.7 475.4 478.4 480.4 483.4 479.5 469.8 467.9 474.5 478.3 473.3 486 496.7 502.1 509.1 514.2
262.9 267 274.3 274.1 276.4 284.9 293.8 295.6 301.8 314.4 319.9 318.5 323.7 331.2 335.7 340.2 344.8 349.3 354.1 358.6 364 368.4 373.2 377.2 383.2 389.5 395.2 398.7 402.3 405 407.6 411.3 415.6 419.9 423.8 428.9 433.4 436.5 439.8 442.4 442.2 438.6 435.3 441.2 450.2 459.6 468.8 470.8 470.6 468.8 469.7 470.8 473.8 476.7 479.6 482.5 485.9 488.3 491.4 484.4 475.2 469.1 468.4 470 472.9 472.9 475.2 477.3 479.5 483.4 477.8 473.7 481.6 490.3 489.5 481 492.2 500.5 507.2 513.3 517.8
266.7 270.7 273.3 277.7 281.2 288.1 296.2 297.7 302 309.6 317.2 321.7 331.7 340.6 347.7 352.1 355.1 359.8 364.6 369.4 374 380 387.7 392 396.9 397 402 406.2 409.5 412.1 414.6 418.4 422.7 427 429.9 432.9 436.6 441.1 445.7 449.9 450.1 443.4 438.1 443.9 457.4 468.7 476.5 478.1 479.7 476 476.1 478.2 479.6 484.7 487.5 491.5 489.7 489.5 490.1 488.2 478.9 471.6 470.7 472.4 472.9 472.4 474.1 476.2 478.9 479.2 476 482.3 494.8 500.2 493.9 488.8 496.6 504.7 512.4 519.7 521.8
274.4 276.9 280.2 282.5 286.2 291.1 297.9 296.7 300.9 307.2 315.7 325.7 337.4 349.4 355.5 360.1 364.9 370.7 375.4 379.7 383.9 391.9 403.5 410 409.4 407.3 409.3 412.8 414.7 417.9 421.7 425.7 429.6 432 434.3 437.5 440.7 444.2 449 453.7 451.5 444 440.3 449.7 462.2 470.1 480 483.3 481.1 476.2 476 477.5 483.2 490.2 497.7 505.8 499.2 492.8 491 494.2 482.5 474.7 472.5 474.4 472.2 471.5 472.9 475.1 476 477.6 482.6 488.9 499.3 503.7 493.1 492.8 501.8 509.5 517.4 524.4 526.9
281.9 285.3 288.6 290.4 293.3 299.4 302.6 304.8 304.4 305.6 314.6 326.2 339.9 352.8 360.9 368.3 374.3 380.6 387 391.7 393.3 396.3 404.4 410.1 415.9 416.7 416 419.3 420.8 422.6 427.1 430.9 434.1 436.4 439.4 443.7 446.7 448.8 452.3 457.8 455.4 443.5 444.6 453.8 462.6 470.7 479.7 483.5 482.7 478.3 476.3 478.8 485.9 495.8 503.5 509.2 509.6 501.3 491.3 486.9 482.8 477 474.5 474.5 471.5 470 470.7 472.1 473.2 478.3 489 496.5 506.1 509.4 493.9 496.5 508.2 514.5 521 527.6 528.5
288 293.7 297.1 300.7 303.8 308 311.4 315 315.8 317.1 320.1 325.8 338 351.2 363.4 373.7 382.6 389.1 395.6 399.2 400.7 404.1 407.1 413.1 419.7 425.7 425.6 426.1 427.1 432.2 434.6 438.2 442 445.1 448.9 451.8 453.9 458.9 459 458.7 456.6 444.6 443 452.2 462.6 469.5 477.3 480.8 480.5 477.1 475.7 480 487.3 493.4 499.1 505.2 509.5 501 488.2 484.4 480.7 477.5 475 472.9 470.3 467.8 468.6 469.8 471.7 481.5 491.2 498.7 502.6 501.7 494.8 502 514.9 518.1 523.7 528.8 529.1
293.7 302.5 306 309.7 313.1 317.5 322.2 326.1 326.9 328.1 332.3 334.6 337.7 347.9 360.8 375.8 389.5 395.7 400.5 404.5 408.9 412.1 417.3 420.8 425.2 435.1 439.9 443.3 439 442.5 447.4 450.9 451.8 453.6 454.7 457.4 458.8 460.4 459.1 456.3 453.4 443.8 440.7 448.9 458.7 466.2 473.3 482.6 485.7 476.2 474.2 477.3 483.1 489.3 495 498.6 497.3 493.4 486.2 488.1 481.4 478.1 476 472.5 469.5 466.7 466.6 467.9 474.5 484.1 493.1 497.4 501.5 499 493.6 504 516.2 518.4 523.2 526.5 529.2
