data/210000-850000.asc
ncols 200
nrows 200
xllcorner 210000
yllcorner 850000
cellsize 50
[rows 105 to 139 of 200, columns 78 to 155 of 200]
223.8 226 227.8 229.6 232.3 234.6 236.8 236.5 240.8 235.3 237.9 234.5 234.4 233.4 232.9 232.8 233.9 231 227.3 228.6 227.8 228.9 231.4 232.7 230.7 232.7 233.8 234.7 237.5 240.5 241.9 228.9 231.9 236.7 242.6 246.4 248.7 251.9 253.7 257.9 264.3 272.3 281.5 286.7 297.4 305.2 310.6 315.6 317.3 319.7 323.3 329.9 333.7 337.6 341.5 349.5 360.2 372.3 384.9 390.9 398.7 408.3 418.9 429.4 436.6 440.7 444.9 449.4 451.1 455.1 460.5 463.4 466.7 469 469.1 467.9 459.6 455.3
226.8 229.2 231.3 232.7 235.9 238.5 240.5 240.7 242.5 238.4 241.1 240.6 241.4 240.5 239.5 237.4 238.6 238.4 234.8 233 233.1 235.4 237.1 236.8 236.7 238.8 241.5 242.3 241.6 243.1 245.9 242.6 235.1 232.2 236.1 240 242.2 244.3 250 254.9 258.8 265.4 270.3 277.3 286.2 293.6 302.1 303.1 308.5 313.3 319.3 324.3 329.7 335.9 341.7 350.5 361.1 372.9 381.6 388.7 397.9 410.6 419.6 429.3 434.5 438.6 442.5 450.6 464.6 472 477.3 480.5 482.7 483.2 482.1 477.7 468.3 458.4
230.1 232.8 234.7 235.5 238.9 243 242.9 244.1 244.8 243.8 242.5 244.5 245.3 248.5 245.3 242.6 242.6 244.5 241.2 241.3 240.5 241.6 243.6 243.1 242.3 248.8 248.9 247.4 246.5 247.4 247.6 251.7 247.9 247.9 236.3 236.2 238.5 245.4 244.8 253.3 256 259.1 264.3 275.3 279.8 284.9 288.6 298.7 301.8 308.8 314.7 318.9 325.1 330.3 340 352.2 360.1 369.7 377.8 387.4 399.6 409.1 418.7 426.4 430.8 436 450.3 469.5 479.7 489.3 493.6 497.2 500.3 499 496.1 488.8 475.1 464.7
231.6 235.1 235.9 237 241.1 244.6 245.7 246.9 250.4 248.8 247.2 249.7 252.1 251.8 250.4 248.4 246.5 247.2 246.7 249.6 248.7 250.3 251.7 252.6 252.7 250.4 255.8 253.1 252.9 253.7 253.2 253.9 253.2 250.7 251.6 245.9 240.4 237.9 240.3 242.3 253.8 257.9 258.9 260.2 266.7 273.3 286.3 291.4 296.6 303 308.3 316.2 323.3 329.1 340 349 358.4 366.1 374.7 385.9 397.8 406.4 414.9 422.5 429.2 440.8 460.3 476.3 489.6 499.6 508.2 513.8 516 513.4 505.9 495.5 481.5 473.7
233.8 235.8 236.8 238.5 243.6 247 248.2 251.6 252.6 253.2 252.7 252.8 255.3 256.8 255 253 251.7 253.3 253.7 256.8 258 262.5 262.3 261.2 257.8 258.9 261.6 262.3 261.1 261.3 260.6 258.8 255.6 254 251.9 253 252 245.9 250.7 241.9 246.9 251 259.9 263.4 272 271.2 277.8 284.8 293.1 299.7 307.2 313.5 321 329.2 339.3 347.4 355.5 362.2 371.3 382 393.3 403.8 411.8 418.4 428.9 448.1 466 483.9 498.8 511.3 522.4 532.6 530 520.4 511.6 502.3 494.9 486
228.1 233.3 235.2 239 244 248.6 252.5 253.4 254.3 255.2 257 256.5 259.3 259.6 258.5 259.2 260.4 258.8 261.4 263.8 267 269.2 270.7 270.2 269.1 267.4 266.5 267.6 267.9 268.2 264.4 265.2 259.8 257.4 255.3 254.4 255.7 253.4 250.2 249.3 243.6 247 260.5 263.8 270.7 269.7 281.1 284.3 288.7 297 303 310.4 318.8 327.3 335.2 344.9 352.1 360.3 371.6 383.7 392.9 401.4 408.3 416.9 434.3 451.3 469.6 486 501.3 519.7 532.8 534.5 532.7 526.2 517.4 511.4 505.4 493.5
230.1 230.9 235.4 237.7 241.9 250.2 251.8 254.1 257.3 256.5 257.7 259.6 260.8 262 263.5 265.6 266.9 267.1 271.1 272.3 274.7 276.7 279.2 279.7 280.1 281.7 278 276.8 276.3 274 270.2 270.9 269.5 264.2 261 257.7 256.5 257.6 254.9 253 252.5 250.7 247.6 257.9 266.7 270 278.7 284.7 288.5 294.6 302.3 310.4 315 323.8 333.2 341.4 349.8 358.8 371 382.6 392.1 397.7 405.3 418.8 434.7 451.9 468.4 486.7 507 521.9 530.9 536.1 531 523.9 514.3 509.1 502.2 492.3
234.1 232.5 234.6 239 241.6 244.9 250.7 253.5 256.7 257.9 260.8 261.5 262.9 265.5 269 273.3 274.3 277.3 279 282 284.2 287.8 288.4 290.4 290 291.3 291.7 287.9 286.9 282.9 279.5 276.1 276.3 274 269.5 264.6 259.3 258.1 256.5 254.2 254.5 253.8 249 260.6 264.2 270.6 277.9 281.4 284.6 292.8 300.6 307.2 315.1 322.5 330 339.2 347.2 356.9 366.3 377.9 386.5 393.9 401.5 416.8 432.6 447.6 463.8 489.4 505 513.8 519.1 520.8 519 518.4 511.2 499.6 491.7 486
234.3 236.2 237.2 238.8 244.3 248.7 254.3 254.4 256.8 259.2 264.1 265.8 268 272.4 276.2 279.2 284.3 286 290 291.6 294.1 296.7 297.6 300.1 302.1 303.7 305 305.1 303.1 298.9 290.2 284.5 280.7 280.1 277 272 268 260.5 260.8 256 257.2 257 249 258.2 262.5 267.3 274.8 279 284.7 289.1 296.2 304.8 311.9 321 329 336.3 345.4 353.3 363.2 373.4 381.8 391.4 402 414.3 428 442 460.3 480 492.1 498.5 500.2 501.9 507.5 507.7 502.4 494.7 479.7 475.8
234.5 241.2 240.9 244.8 245.9 250.2 253.6 258 259 261.3 267.2 271 273.6 279.4 283.4 287.6 291.1 295.8 298.8 301.7 304 304.1 307.7 311.1 315.1 319.3 321 320.7 317.7 311.7 303 294.8 287.8 283.5 281.4 276.6 272.6 261.6 266.1 260.3 258.7 258.8 251.7 254.6 261.8 268.1 275.6 278.2 283.1 288.4 293.3 300.7 309.4 318.4 325.5 332.7 341.7 351.5 360.9 369 378.2 388.4 398.6 411.8 422.5 437.1 453.4 465.2 476.2 482.6 482.8 486.7 492.1 491.6 491.6 480.6 471.6 466.7
234.8 240.1 243 245.1 247.2 251.4 255.5 259.5 262.8 266.3 270.5 274.8 280 284.1 289.2 294.6 298.9 303.9 308.5 311.9 314.5 316.2 319.9 324.4 327.2 331.1 331.9 329.8 326.9 321 314.4 304 294.2 288.4 283.8 280.5 274.3 267.4 270.8 267.4 262.6 253.9 263 263.6 262.1 267.8 273.2 278.2 284.3 287.6 294.4 299.1 305.1 313.9 321.9 331.4 339.4 344.5 352.3 359.6 374 385.1 394.9 405.9 417.8 430.4 442.5 451.6 459.4 466.4 467.5 470.5 474.2 473.8 470.9 468.4 463.6 459.6
236.1 238 242.6 246.5 249 251.6 257 261.5 265.3 269.1 274 279.1 285.2 289.1 295.2 301.3 306.2 312 316.2 321.5 326 328.7 333.8 338.4 338.1 341.4 340.2 338.1 334.1 329.4 322 310.6 302.4 293.3 287.6 283.1 276.1 271.4 271.8 267.7 262.5 258.8 263.4 267.3 260.7 267.6 273.5 276.9 282.3 287 291.5 295.8 303.8 310.4 319.7 326.9 334.7 343.9 353.2 360.1 369.6 381.4 389.1 400.6 408.7 421.3 431.5 439 440.3 443.5 447.2 452.7 463.2 468.8 464.8 460 455.7 451.5
236.8 241.4 244.7 247.3 250.4 253.3 257.1 263.2 268.9 271.4 277.5 283.8 290.6 294.7 300.2 306.7 310.8 315.6 321.4 327.4 333.8 341.5 344.9 348.3 349.1 350.5 349.6 347.3 341 335.9 325.5 312.3 304.7 297.5 290.4 285 277.9 273 274.1 268.7 264.6 260.8 266 267.6 266.3 266 272 275.7 278.3 285.3 287.9 294.4 305.3 307.8 317.2 323.2 332.5 340.9 348.6 355.9 367.9 375.3 383.1 393.2 403.7 411.1 419.5 424.5 424.9 427 431.6 438.1 445.3 452 448.7 446.4 444.4 441.6
239.3 242.6 247 250 254 256.6 260.2 265.7 270.6 274.6 279.7 285.1 293.5 299.2 304.8 310.9 314.9 321 327.1 336.1 345 350.3 355.6 359.3 359.9 362.7 358.7 354.5 348.2 335.7 322.5 311.9 306.3 298 293 287 278.4 271.2 275.3 272.9 267.6 261.1 268.2 268.6 268.9 272.6 271.3 278 282.2 284.5 291.1 297 303.2 305.9 315.1 323.3 330.7 337 344.9 352 360.5 368.3 377.3 386.8 395.3 403.2 410 412.5 412.8 414.2 418 423.8 427.2 429.8 434 432.9 433.2 432.6
240.9 244.5 248.1 252.7 258.2 258.3 263 267.2 274.7 276.6 282.9 289.2 296.4 302 307.8 314.4 320.2 327.5 335.5 345 353 357.7 363.8 365.6 367.5 369.9 369.6 357.7 346.5 332.2 321.7 312.1 305.4 300.1 294.1 288.1 280 272.5 277.8 275.5 270.4 268.6 265 271.9 271.2 275.7 277.3 279 283.6 287.9 293.9 301 307.9 311.5 313 319.8 331.2 334.5 341.3 349.3 355.3 361.3 368.5 377.5 384.6 394.4 396.8 399.7 400.7 405.5 409.2 413 416.1 420.3 422.7 423.9 425.8 427.4
246 247.2 250.3 255.5 257 259.9 265.6 269.9 275.2 279.1 285.1 292.5 299.2 305.2 310.7 317.7 325.5 331.7 340.5 350.1 355.5 360.2 366.5 369.9 368.5 371.1 366 353.9 341.8 330.1 321.3 314.1 305.8 299.5 294.4 286.9 282 276.1 278.9 277.4 274.5 273.3 265.7 271.8 273.2 277.7 279.1 281.9 286 294.1 297.7 302 307.8 315.5 320.4 319.6 321 331.5 337.8 345.5 350.2 354.9 361.6 369.1 374.6 380.8 384.2 388.7 393.7 397.8 399.9 400.4 407 413.3 415.9 417.9 420.2 422.3
249.3 250.2 253.4 256.2 260.1 260.6 267.8 271.5 276.2 282.5 288.6 295.3 301.8 308.1 314.6 322.4 328.4 334.5 341.8 348.6 352.9 357.6 360.9 363.3 362.1 361.4 353.1 345.1 335.6 329.1 322.7 313.4 305.6 299.6 294.2 288.5 288.4 287.7 284.2 280.1 279.1 276 273.3 276.3 274.2 276.3 280.2 284.4 290.6 295.9 298.7 304 312.5 320.7 328 327.2 329.1 332.8 335.7 341.8 345.6 350.8 355.8 361.3 367 372.2 375.4 381 387.1 390.6 393.5 396.6 402.3 406.4 409.2 411.9 413.7 418.5
254.7 255.3 256.8 258.7 262 265.4 268.5 273.7 280.7 284.8 289.9 297 303.7 308.9 315.9 324 330.1 335 340.3 345.4 348.5 352.1 353.6 354.4 354.7 349.4 344.6 337.9 329 324.3 319.4 313.3 304.7 299.8 294.7 287.4 292.6 291.5 285.3 282.9 279.4 278.6 271.5 278.3 277 282.3 281.2 286.7 295.9 298.3 300.4 307.6 317.3 323.6 326.9 329.9 335.4 335.4 337.8 339.4 343.5 348.4 352.3 356.3 361.8 366.6 369.7 375.4 381.4 383.7 387.5 391.7 396.3 400.6 402.9 405.8 407.7 412.8
261.2 260.7 258.9 262.3 265.4 267.4 267.5 276.4 282.8 286.6 293.2 299.1 305.2 310.6 315.6 323.6 330.1 335.2 338.5 342.9 346.2 346.7 347.3 347.2 346.4 343.3 338.9 332.1 324.7 319.7 314.7 309.4 304 300.6 294.9 290.3 290.4 290.4 285.8 281.9 279.7 276.3 272.5 279.4 278.9 283 286.3 289.4 295.6 301.1 302.9 309.7 318.7 325.2 328.3 335.2 335.2 335.9 339.1 343.5 347.4 348.5 351.5 352.7 357.2 361 367.5 371.5 375.4 381.2 385.8 387.5 392.5 395.3 398.4 400.9 403.6 405.5
262.1 266.4 264.3 265.1 268 270.1 270 277.7 283.5 288.7 294.4 301.2 307.5 312.5 317.5 321.7 328.1 332.9 336.6 339.8 340.6 341.5 341.3 341.8 341.8 338.1 334.2 327.5 320.8 316.2 312.2 308 303.4 299.2 297.3 293.1 291.5 291.8 286.3 283.3 281 276.1 278.9 283.5 282.5 284 287 292.2 296.1 304.2 304.2 312.2 319.3 328.2 328.3 331.9 334.8 336.5 339.4 342.1 346 350.6 353.1 356.2 356.4 360.2 366 369.2 372.4 377 381.8 386.6 389.8 392.4 394.7 396.2 398.3 400.3
263.3 267.1 269.9 268 270.9 273.7 275.1 275.1 282.5 287.6 295.1 300.8 307.6 312.3 318.4 322.5 326.6 330.8 334.5 335.9 336.3 336.7 337.7 338.1 337.1 333.4 331.4 324.2 317.3 313.8 308.8 306.2 302.6 300.7 298.7 295.2 292.6 291.2 289.4 286.4 276.3 281.8 286.7 285.6 284.3 285.5 288.7 292.8 299 307.7 308.5 313.3 321.3 323.9 326.4 329.7 332.9 336 339.6 342.3 344.8 347.9 351.5 355.2 361.8 358.7 361.3 365.4 370.4 374.3 379.8 385.3 388.7 390.2 391.2 392.1 393.9 395.5
266.4 267.1 270.8 272.8 272.8 276.1 278.4 279.5 282.3 288 294.1 299.4 305.7 311.8 317 321.5 324.8 326.8 328.4 330.1 332.2 334.1 335 334.3 333.5 329.9 327 320.3 316.3 312.6 308.2 306.4 303.7 302.5 299.9 296.3 294.2 294.4 289.4 282.4 280.1 283.6 287.7 287.7 286.6 287.9 291.1 296.5 300.4 309.3 312.7 316.1 321 323.6 327.6 331 333.5 338.4 339.5 341.8 344.8 347.2 350.8 352.8 357.7 358.6 360.8 363.6 367.3 371.7 377.8 381.2 385.9 387.9 389.5 388.8 389.9 391.6
268.1 269.6 273 276.4 276.2 277.6 280.4 282.4 282 289 294.3 299.5 304.5 311.3 315.4 319.9 323.7 324.4 325.9 326.8 327.8 330 330.6 330.1 328.2 325.2 322.5 319.3 314.6 311.5 307.9 305.6 304.4 302.9 300.7 298 295.3 291.6 284.3 281.8 285.4 288.2 289.8 291.6 290 290.3 293.6 298.1 302.3 310.3 315.3 319.3 322.8 324.5 328.4 332.3 336.4 339.8 341.2 343.9 346.5 348.9 351.2 354.7 357.4 361.5 359.8 364.2 366 369.1 373.5 377.5 382.5 385.1 385.4 386.1 387.5 388.2
271.8 272.6 273.9 278.1 281.5 279.9 282.7 285 285 289.4 294.8 299.9 303.9 309.9 314.7 317.8 322.3 321.5 322.9 324.4 325.8 326.3 326.8 325.8 324.2 321.9 319.2 315.8 312.8 310.2 306.5 304.2 304 301.7 300.1 298.6 296.9 289.4 288.6 285.8 284.6 291.3 291.3 292.2 291.5 294.7 296.9 299.6 304.6 308.4 316.5 320 323.9 326.6 329.3 333.6 337 339 341.3 343.8 346.9 352.1 352.2 353.4 356.2 358.5 360.1 362.5 365.1 368 371.3 374.8 377.7 378.5 382.8 382.1 383.2 384.4
278.5 276.5 277.1 278.2 283.5 281.9 284.7 287.2 289 291.2 294.1 298.9 303 307.6 311.7 316 318.5 319.5 319.5 321.3 322.9 322.2 323.5 322.6 321.5 319.7 316.5 313.9 311 308.2 305.8 302.8 301.3 301.1 299.8 298.7 294.9 289.8 289.9 290 287.8 291 292.9 294.6 295.4 296.9 299.2 301.4 305.5 309.5 313.5 319.4 323.4 328.2 330.3 334.8 336.9 339.1 342.9 344.7 347.3 350.5 352.1 354.9 356.8 358.8 361 363.7 366.4 368.7 370.4 373.2 374.2 376.5 378.3 378.7 378.8 381.4
280.9 281.3 281.6 280.3 286.9 284.6 286.2 288.9 290.8 292.9 295.1 297.6 300.9 305.7 309.7 313.2 315.7 316.2 315.7 317 317.9 319 320.2 318 316.1 314.3 311.8 309.6 308.7 306.2 303 300.4 299.1 298.2 299.4 298.5 294.2 291.1 290.9 291.4 291.7 291.5 293.7 295.3 296.4 298.2 300.3 302.2 305.4 309.5 312.5 316.5 321.6 327.6 331.2 334.1 337.4 340.7 343.6 345.5 348 349.8 352.3 354.8 356.3 358.8 361.8 364.8 368.6 370.4 371 372.5 374.9 375.9 376.2 376.9 376.7 377.8
283.3 286 284.7 284.7 289.7 289.2 289.2 291.1 292.8 294.5 297 299.6 300.6 304.6 307.3 310.3 312.9 312.8 312.6 313.2 314.1 314.1 312.9 311.8 310.9 310.7 310.2 308.4 306.9 305.1 302.8 300.8 297.7 296.8 296.8 294.8 293.8 291.8 293.3 292.4 293.6 291.4 295.8 297.3 298.2 300.3 302.3 304 306.5 310.1 312.1 314.5 319.6 324.9 328.7 332.1 335.8 339.5 343.2 345.1 346.9 349.4 351 353.6 356.5 359.3 362.5 365.8 368.1 369.6 370.7 372.6 374.4 374.7 375 375.2 375.1 375.5
285.1 287.7 286.9 287.2 290.4 292 293 292.1 294.5 297.3 299.9 302.1 303 305.4 306.7 309.4 311.3 310.8 308.8 308.5 308.5 307.9 307.5 308.3 308.3 307.7 306.7 306.6 307 303.3 301.8 300.2 296.8 296.1 296.5 295.2 294.7 294.3 294.9 291.4 290.9 291.1 298.2 299.2 299.5 302.1 303.7 305 307.1 309.9 311.5 313.6 316.1 320.3 324.8 328.8 332.5 336.6 343.2 344.1 344.9 347.2 349.4 352.8 356.5 359.9 363 365.8 367.7 369.6 371 371.8 373 373.5 373.6 374.2 373.6 373.8
289.4 290.2 291.8 294.1 293.5 295.5 296 295.4 296 298.9 301.6 302.8 305 304.5 306.4 310.1 312.3 309.5 307.7 306.6 306.6 306.4 304.2 305.2 306.6 304.1 304.3 304.6 303 302 298.6 297.2 298.2 298.1 296.8 296 297.7 298.6 296.2 295.2 291.6 294.2 298.2 299.3 301.1 303.2 304.2 305.3 307.6 309.3 311 312.9 315 317.5 321.1 325.3 329.8 333.8 339 339.9 342.7 345.1 347.5 352.2 356.8 361.1 363.4 365.1 367.2 369.5 370.9 371.7 371.9 372.4 372.5 372.6 372 372.2
292.7 294 297.3 296 297.2 301.2 301.3 299 298.4 300 302.4 304 305.2 305.1 308 309.9 310.5 308.6 307 306.2 305 304.2 302.2 302.9 303.4 301.9 301.8 302.1 301.1 301.7 298.1 295.8 297.8 296.8 295.4 295.3 295.3 295.9 295 296.3 293.4 293.2 297.4 299.1 300.8 302.4 304.9 305.3 306.5 308.6 310.8 312.5 314.4 316.6 319.1 322.1 326.3 330.4 334.5 337.4 339.5 342.7 346.3 349.2 353.3 358.1 361.8 364.4 367.6 369.4 370.1 370.6 370.6 370.4 370.7 371.2 370.6 370.7
298.4 299.1 300.5 299.7 299.8 303.8 304.3 302.5 302.2 301.8 303.5 305.1 305.2 305.4 307.4 308.1 308.4 308.2 307.3 305.3 304.1 302.7 302.9 301.5 302.5 301.2 299.2 299.6 297.8 296.1 295.8 295.5 297.4 295.6 295.2 295.2 295.1 295.2 294.6 296.9 294.4 294.2 296.2 298.6 299.7 301.8 304 304.6 305.6 307.9 310.3 312 313.5 314.7 316.4 319.9 322.9 326.8 331.3 334.3 337 340 344.8 346.4 350.7 354.4 358.5 361.3 364.8 368.6 368.5 368.2 368.7 368.2 368.4 368.3 369.9 371.5
302.7 304.8 306.6 304.1 304.2 305.8 308.4 305.8 304.9 304.6 304.8 305.5 305.8 305.5 307.7 307.2 307.2 306.7 306.6 306.1 303 304.6 303.8 301.9 302.3 304.9 297.7 297.4 302.2 298.1 297.6 295.6 295.3 295.2 295 295.2 295.3 295.1 294.4 294.7 295.1 294.4 294.9 298.7 299.9 301.8 302.7 303.7 304.9 306.9 309.1 311 312.7 314.3 315.3 318.1 319.9 323.3 327.9 331.6 334.4 337.6 342.2 344.4 347.2 350.3 356.1 358.3 359.9 363.3 364.2 365.9 366.6 366.4 367.5 366 369.3 371.3
309.9 308.5 310.9 309.8 306.9 308.9 310.4 310.1 308.7 308 308.1 307.9 306.5 307.7 308 306.6 306.5 306.7 306.6 304.2 303.3 303.6 302.3 300.6 301.2 301.2 298.2 301.5 302 299.5 298.8 295.7 295.6 298.1 297.9 297 295.6 295.8 295.5 295.8 296.1 295.9 294.3 299.1 300.2 301.4 301.8 302.8 303.9 305.5 308.1 310.3 311.5 312.5 313.8 315 317 319.9 323.8 326.7 329.6 333.9 339.8 341.5 343.3 345.4 348.7 352.6 354.9 357.4 361 364 364.6 364.2 365.4 364.8 368.8 370.9
313.3 311.8 316.1 316.6 313.1 311.8 314.2 313.8 313.1 311.4 311.4 310.6 309.2 310.4 310.3 309.4 307.6 307.8 306.5 304.2 302 302.6 300.6 300.3 300 300.6 299.1 298.8 300.7 303.5 300.7 297.8 296.2 297.4 297.6 297.1 296.2 296.6 296.7 296.7 295.7 294.6 295.9 297.7 300.9 301.6 301.8 301.1 301.6 303.3 305.8 309.1 310.6 311.5 312.5 313.6 314.9 316.4 319.3 322.3 325.1 327.9 333.4 336.8 339.6 341.6 343.9 346.9 351.4 352.5 356.1 358.5 360.1 361.3 361.7 365.5 368 370.6
317.8 316.5 319.4 318.5 317.4 318.3 317.1 318.7 318.2 316.3 316.6 314.6 312.8 313.6 312.7 311.7 309.7 311 308.3 306.7 301.7 300.9 300.4 299.8 299.6 299.7 299.9 298.7 299.3 300.3 300.2 297.7 297.4 299.3 299.5 300.3 299.3 299.3 297.9 297.1 297.1 296.1 294.6 297.1 298.5 300 300.8 299.8 300 300.8 302.8 305.1 308.5 310.7 311.9 312.1 313.2 314.4 316.3 319.1 321.1 323.7 327.5 332 333.7 336.4 339.9 342.9 345.9 348.8 350.7 353.6 357 358.1 361.8 366.9 368.9 370.6
