data/210000-920000.asc
ncols 200
nrows 200
xllcorner 210000
yllcorner 920000
cellsize 50
[rows 0 to 36 of 200, columns 84 to 167 of 200]
110.5 117.8 120 124.9 135.2 145.2 153.7 162.4 171.1 179 183.2 186.5 186.8 185.5 182.5 177.6 172.9 173.6 176.9 186.4 191.7 198.9 206.6 212.4 209.6 202.8 188.7 168.5 162.4 169.3 185.1 193.7 199.1 201.3 190.1 179.9 176.1 184.1 181.9 174 169.2 171.7 188.7 185.1 184.8 188.5 191.3 187.1 166.6 163.5 152.9 146.3 131.5 118.5 118.5 118.5 118.5 118.5 118.5 118.5 118.5 118.5 118.5 118.5 118.5 118.5 118.5 118.5 118.6 122.9 124.7 130.8 136.1 141 146.5 147.5 157.1 167.4 179.9 191.1 197.2 198.3 203.1 208.9
110.5 110.5 110.5 111.6 135.8 152.4 160.7 170 181 183.8 185 181.7 179.4 184.5 184.6 185.8 172 169.6 172.4 184.2 191 193.4 202.1 210.2 211.7 207.4 196.8 179.5 170.7 175.9 184 191.1 197.1 202.3 194.5 182.2 174.8 182.5 194.1 182.9 182.7 175.9 187.6 195.9 187.8 191.7 197.8 197 191 174.2 155.3 150.2 134.9 118.5 118.5 118.5 118.5 118.5 118.5 118.5 118.5 118.5 118.5 118.5 118.5 118.5 118.5 118.5 118.5 118.5 126.5 130.2 135.3 138.2 141.1 144.6 148.1 158.9 171.2 183.7 190.7 195.4 199.2 206.5
110.5 110.5 110.5 114.3 135.6 153.2 161.6 169.6 176.8 177.8 177.7 174.7 177.6 181 181.6 185.5 174.5 159.5 164 170.4 177.4 187.1 196.6 199.1 204.6 203.3 203.3 194.5 181.8 175.4 192.3 196.7 200.5 204.9 202.9 187.7 180.3 194.1 204.7 196.1 185.6 181 187 197.5 203.6 198.4 200.2 202.2 203.6 188.8 162.3 152.2 141.2 118.9 118.5 118.5 118.5 118.5 118.5 118.5 118.5 118.5 118.5 118.5 118.5 118.5 118.5 118.5 118.5 118.5 123.6 127.6 131.9 135.5 139.8 143 145.5 149.7 163.1 172.4 181.6 191.4 196.8 203
110.5 110.5 120.8 118.5 136.6 154.3 164.1 172.1 174.3 173.2 171.5 170.7 174.9 177.9 180.2 179.9 168.4 155.4 155.2 156.7 169.8 179.8 188.7 194.3 195.9 199.3 208 205.2 195.8 182.1 196.5 204.4 215.4 214.9 206.2 195.3 191 211.9 213.5 201.6 195.7 184.6 187.9 195.4 205.9 211.3 203.1 209 215.2 205.7 170.2 155.7 149.7 128.4 118.5 118.5 118.5 118.5 118.5 118.5 118.5 118.5 118.5 118.5 118.5 118.5 118.5 118.5 118.5 118.5 120.9 124.2 126.6 133.4 137.8 140.7 143.9 144.7 154.7 166.7 172.7 185 191.5 196
110.5 110.5 118.3 121.8 136.9 152.1 165.6 171.4 173.4 172.6 171.4 169.5 172.6 171.9 171.7 164.5 161.1 156.9 155.2 156.2 171.9 177.9 189.3 195.7 197.3 199.5 210 212.4 206.9 189.1 197.3 210.5 223.4 219.8 209.3 206.5 203.7 217.9 221.8 207.3 205.5 193.4 198.5 199 208.5 214 210.8 219.1 226.8 216.7 189 166.8 152 134.4 118.5 118.5 118.5 118.5 118.5 118.5 118.5 118.5 118.5 118.5 118.5 118.5 118.5 118.5 118.5 118.5 118.5 121.9 124 128.5 132.1 136.2 140.3 143.3 151.2 163.8 174.6 177.9 184.5 189
110.5 110.5 110.5 111.2 131.6 148.7 163.8 172.7 173.3 174.1 178.2 169 166.3 163.2 160.7 158 159.9 163.5 155.2 155.2 161.6 171.3 181.5 194.5 200.4 201.4 208.2 215.2 210.3 197.5 203.1 211.6 226.3 226.9 215 216.5 214.7 227.1 229 216.1 215 203.3 207 208.8 213 222.6 223.6 222 229.3 225.9 207.5 184.9 160.6 148.9 127.3 118.5 118.5 118.5 118.5 118.5 118.5 118.5 118.5 118.5 118.5 118.5 118.5 118.5 118.5 118.5 118.5 121.4 122 123.6 127.7 136.6 142 145.3 148.2 157.5 167.6 173.8 177.6 180.9
110.5 110.5 110.5 110.5 119.4 139.5 154.6 166.4 166.7 168.3 171 168.3 160.7 158.8 156.7 156.5 160.7 165.5 155.2 155.2 155.2 167 173.9 189.2 198.5 204.4 205.4 211.3 212.4 202.5 202.8 217.9 227.3 235.4 234 236.4 227.1 233.3 231.8 230.9 218.9 213.4 221 217.1 217.5 227.2 235.8 226.1 226.2 224.1 218.3 200.7 170.9 152.4 138.7 121.6 118.5 118.5 118.5 119.4 122.2 118.5 118.5 118.5 118.5 118.5 118.5 118.5 118.5 118.5 118.5 121.8 122 123.9 127.5 132 138.9 146.2 149.6 149.5 156.8 167.2 169 175.3
110.5 110.5 110.5 110.5 110.5 129.6 142.2 152.4 159.4 160.4 163.9 163.2 157.2 154.6 154.8 155 153.5 155.5 158 155.2 162.1 157.6 167.5 179.5 191 201.6 205 205.8 207.1 197.5 204.3 221.8 231 240.3 247.6 245.4 237.7 236.8 242.8 240 226.4 218.7 231 233.4 223.4 228.8 235.4 230.1 225.4 230.2 235.7 225.9 197.9 164.3 145.2 130.3 121.2 121.3 125.9 133.8 134.9 128 122.3 120.3 119.2 118.5 118.5 118.5 118.5 118.5 118.5 121.4 123.5 127.8 132.9 134.9 134.6 139.5 147.5 148.6 149.3 151.6 167 174.4
110.5 110.5 110.5 110.5 110.5 113.3 129.8 144.9 151.8 154.4 154.8 157.9 150.1 148.5 153.6 153 153.7 159.8 155.5 155.5 161 163 160 167.9 182.8 193 198.3 199.5 198.3 192.5 202.7 225.2 237.1 242.3 242.4 242.8 239.2 238.5 242.9 240.7 231.6 223 238.3 242.2 229.9 229.6 228.6 235.4 228.6 231.1 235.7 238.8 218.4 193.8 157.2 139 131.6 129.5 133.9 141.1 146.8 151.6 133.6 132.5 126.6 118.5 118.5 118.5 118.5 118.5 118.5 121.8 132.8 143.2 144.8 146.1 142.8 136 140.5 145.6 146.5 148.1 156.6 165.2
110.5 110.5 110.5 110.5 110.5 110.5 110.5 127.1 142.1 146.4 151.3 147.6 143 155.3 158.1 155.2 155.5 165.3 162.3 155.2 156.2 168.4 172.4 162.6 173.8 184.6 189 192.4 187.5 181.2 195.4 217.7 223.7 224.6 230 238.1 238.4 234.8 242.3 237 239 238 237.8 241 233.1 229.3 224.1 225.1 229 229.7 232.9 236.9 225 210.9 178.3 164.4 142.6 141.9 147.1 152.5 156 157 140.8 141.1 134.8 121.9 118.5 118.5 118.5 118.5 118.5 131 143.2 153.8 160.4 161.9 156.9 146.4 145.2 143.5 143.1 145.3 155.6 161.8
110.5 113.3 119.3 110.5 110.5 110.5 110.5 110.5 132 134.3 133.6 134.3 145.7 156.3 154.5 155.5 164.4 168.1 158.9 155.2 155.2 161 177 167 163.3 172.3 180.1 184.4 182.1 175.7 180.2 198.7 206.7 213.5 224.1 227.6 224.5 223.8 225.6 227 228.4 231.3 225.6 232 228.8 233.1 231.1 226 229.2 229.6 229.6 229.6 228.7 223.6 209.4 186.7 154.8 156.7 162.2 168.8 175.9 163.5 147 146.6 139.8 118.5 118.5 118.5 118.5 118.5 121.3 137.3 151.5 164 172.2 176.8 175.6 166.7 155 150.9 145.6 144.6 151.8 163.3
121.1 136.3 129.7 129.4 117.6 110.5 110.5 110.5 110.5 117.7 122.6 128.5 138.5 145.8 150.3 159.6 173.2 174.6 164.7 155.2 155.2 155.7 171.3 167.4 164.9 165 167.9 181.5 180.6 176.1 169.2 180.8 193 202.8 213.1 216.7 215.3 214.9 218.7 219.6 221.9 225 220.9 215.8 213.1 220.7 226.8 223.6 219.5 226.5 231.8 235 236.7 235.3 227.2 201.5 177.5 172.7 183 183 193.8 176.1 154.8 146.4 134.7 118.5 118.5 118.5 118.5 121.3 139.5 154 163.8 179.8 185.3 190.9 198.3 193.3 169.9 152.7 149.2 145.3 148.6 158.6
134.2 152.1 147.8 141.3 127.3 110.5 110.5 110.5 110.5 110.5 112.5 127.2 131.1 138.4 146 156.1 180.4 188.1 172.8 159 162.1 163.9 164.7 174.5 167.1 168.1 167.5 179.4 177.4 172.6 169.3 163.4 173.3 187.1 208.2 210.6 210.8 211.6 212.9 216.6 223.4 223.2 219 206.3 209.9 216.4 219.8 217.7 212 217.6 222.4 232.6 237.9 237.1 231.8 216.2 187.3 200.6 211.7 206.1 206.5 192.7 164 155.9 140.1 126.2 118.5 124.8 134.2 138.2 155.7 171.7 181.9 194.6 204.4 210.8 219 214.2 189.9 170.7 155.9 149.6 148.7 160.8
127.4 141.8 147.9 140.4 132.9 125.1 110.5 110.5 110.5 110.5 110.5 119.6 126.4 140.2 147.4 159.9 178.4 183.2 176.4 165.9 174.5 173 167.8 176.7 170 171.8 176.5 170.2 167.9 166.1 170.3 168.1 163.8 172.1 196.9 201.1 206.6 210.7 210.5 212.7 228.6 229.3 217.5 204.8 211.3 211.4 212 212.3 207.4 209.8 220.2 226.2 233.8 229.4 224.4 213.3 196.5 204.5 217.9 218.5 206.5 195.4 184.1 178.1 159.7 150.3 154.6 151.4 154.3 159.7 170.3 183.6 196 204.1 219.3 232.1 235.5 231.4 220.6 197 181 169.3 159.7 155.7
128 138.4 145.3 136.4 130.8 126.4 110.5 110.5 110.5 110.5 111.1 125.9 132 144.6 149.8 166.1 175.7 176.5 172 166.7 180.7 182.5 176.6 177.4 167.8 169.2 177 171.4 159.3 159.3 162.5 164 161.9 169.6 186.2 198.4 202.3 206.1 205.2 209.1 217.4 224.7 217.3 205 213.4 211.9 205.1 199.4 198.5 198.6 210.5 222.2 225 226.2 224.6 213.3 199.5 200.7 209.7 212.6 212.4 212.7 206.8 202 202 195.8 198.2 190.4 176.7 183.7 184.7 203.8 205.8 212.7 227.8 235.4 239.6 236.6 231.4 218.4 196.3 184.4 174.7 155.4
138.4 143.4 146.1 148.7 141 129.4 110.5 110.5 110.5 110.5 117.2 127.3 147.5 150 154 165.8 176.5 177.2 171.1 165.4 179 185.3 178.3 178.8 164.9 161.7 173 173.1 159.6 159.3 159.3 165.3 163.9 168.9 184.1 190.7 192.9 199.2 200.9 200.6 206 218.6 215.5 204.6 212.6 214.4 204.8 193.6 195.8 195.1 201.6 215 218.7 222.9 219 212.5 201.2 200 208.8 221.1 222.4 219 208.4 202.3 201.9 203.9 205 207.2 208.7 202.5 199.3 210.3 220.6 224.1 228.6 233.1 239.8 239.3 232.3 218.6 203.5 198.1 188.7 181.8
141.9 143.7 146.9 144 144.1 130.5 110.5 110.5 110.5 110.5 110.5 119.3 135.7 143.2 153.8 164.3 171.7 173.4 168.6 162.9 167.3 178.8 176 172.8 165.1 160.4 173.5 179.4 173 159.6 159.3 162.3 164.1 165.4 175.3 177.6 179.9 184.5 189.8 191.1 190.3 200.4 205.1 203.7 209.3 214 206.4 194.6 194.7 195 200 210.7 213.6 214.1 215.5 206.1 198 200.1 209.1 224 230.6 221.5 212.3 211.5 211.3 210.6 214.7 215.5 217.3 218.5 222 232.2 238 238.4 239.8 245.7 249.7 250.6 243.7 234 219.7 216.4 212.1 204.7
150.4 146.6 145.1 137 128.6 129.5 117.2 110.5 110.5 110.5 112.1 118.3 124.7 134.1 146.7 162.1 168.3 170.9 171.1 165.2 158.3 166.6 172.1 171.3 157.8 155.9 166.4 172.4 175.3 163.4 159.3 159.3 159.3 159.3 171.2 175.8 175.2 176.5 181.7 183.1 182.9 185.7 195.5 200.2 200 207.3 212.4 199.4 192.6 195.8 201.4 212.3 207 205.2 197.6 198 201.6 203 202.7 213.9 232.4 233.3 234.3 233.4 233.7 219.8 222.2 226.2 229.1 230 235.5 238.8 243.3 250.7 256.4 259.4 260.7 252.8 242.2 242.6 238.2 242.3 246.4 241.1
153 147.6 138.7 130.4 131 137.6 129.4 120.7 124.5 125.1 125.4 130.9 143.2 143.4 171.9 176.3 172.3 173 173.3 171.4 159.8 156.9 161.4 162.6 152 156.3 164.8 170.8 168.6 163.8 159.4 159.3 159.3 159.3 175.1 177.8 176.6 177.7 178 177.4 179 177.7 186.4 196.4 193 202.5 211 202 195.8 188.4 193.7 201.2 196.8 197.4 203.7 203.8 213.5 218.2 206.8 215.6 231.6 243.2 245 243.6 243.6 239.8 233.6 234.2 235.2 242.4 244.3 253.7 248 255.8 265 268.9 260.1 252.2 246.8 240.7 241.6 246.2 248 237.8
127.2 127.2 133.7 134.1 150.1 150.9 131.8 131.1 139.9 147.6 145.3 146.8 166.2 179 190.4 191.6 190.5 181.3 177.3 171.2 161.9 147.4 148 150.1 148.5 151.9 156 161.9 166.5 162.9 161 161.6 159.3 159.3 171.4 176.6 179.1 180.2 180.5 181.4 176.3 175.4 179.4 187 186.3 191.4 205.9 203.9 196.1 181.2 178.3 181.6 205.9 218.3 216.4 212.8 221.3 226.3 216.5 210.1 225.9 243.5 247.2 249.8 250.7 250.8 245 249.3 243.4 246.7 253 262.7 257.6 256.4 267.7 274.4 262.7 250.5 245.6 243.2 243.7 247.8 248.1 240.8
116.2 115.7 115 125.6 133.3 140.7 142.6 155.5 165.6 167.1 170.8 167.7 184 198 203.4 205.2 200.7 194.3 182.5 177.4 165 148.1 146.2 145.8 146.7 149 164.4 165.6 165.2 162 166.1 164.8 161.3 159.3 161.7 173.9 178.5 181.6 185.6 183.5 178.7 174.2 178.7 182.8 176.7 179.7 198.2 200 191.2 174.7 175.2 195.4 223.7 225.6 222.2 220.5 227.9 236.8 228.9 222.1 222.3 238.8 245.1 250.8 252.5 251.9 250.9 255.1 257.6 253.4 254.2 264.1 265.7 261.5 267.9 272.7 258.7 250.7 251.1 248.4 249.3 248.9 247.7 243.9
115 115 115 120.9 125.7 129.4 141.9 161.8 181.3 189.8 191.6 193 201.6 206.6 211.5 215.1 208.2 202.1 193 181.8 166.6 155.9 144.9 144.7 145.7 147.3 163.1 166 166.7 163.9 168.6 167.4 163.8 159.3 160.6 165.9 170.7 182.1 188.1 185.4 179.5 173.5 181 177.5 173.1 173.2 189.9 190.1 179.2 173.5 179.8 203.8 227.4 232.1 225.3 224.6 231.4 238.6 232.1 223.7 228 241.9 248.5 252.9 253.6 253.9 254.3 257 263.7 266 264.5 263.7 272.6 271.7 272.5 274.3 265.7 262.9 259.5 256.8 251.8 250.2 262.2 253.8
115 115 115.6 120.6 125.5 126.4 139 160 181.2 197.3 212.2 215.7 224.3 226.7 223.3 218.3 213.1 207.1 200.1 189 182.1 167 147.4 147 149.4 149.6 151.2 160.1 166.5 165.8 169.7 170.8 167.1 159.9 156.3 158.7 162.5 171 183.1 182.4 175 176.5 178 175.1 171 168.3 181.2 184 173.5 174.7 186.6 218 230.2 237.1 231.3 226.8 236.3 239 232.4 238.1 243.1 233.9 249.7 255.4 256.8 259.2 258.4 260.7 262.2 266.9 269.3 271 267.9 275.9 276.9 275.8 274 276.6 264.7 261.7 252.1 253.4 269.9 259.4
115 115 115 118.3 121.9 122.5 133 155.7 179.1 202 212.3 220.1 232.6 240.4 235.8 234.9 236.3 223.6 220.4 204.7 189.1 174.3 151.6 143.4 155.2 152.2 152.6 157.6 162.5 164.3 168.8 173.6 163.7 162.6 164.2 152.6 155.8 157.8 164.1 171.7 173.9 169.9 177 173 164.6 160.1 172.5 170.5 174.5 178.4 197.3 219.1 232.8 238.8 238.9 231 242.9 240.7 239.8 245.7 249.5 243.1 246.2 256.8 262 264.3 263.5 262.7 262.6 265.7 270.1 275.5 273.5 272.4 279 278.9 282.5 283.7 273.3 263.3 254.9 257.3 269.9 265
115 115 115 115.3 118.8 121.6 132.9 151.2 168.5 189.6 210.2 225.6 237 236.2 241.7 246.5 249.4 244 234.1 219.2 207.3 191.6 167 151.1 142.1 147.6 151.8 157.1 162.4 164.3 173.2 183.3 172.9 163.5 162.6 157 147.8 149.5 150.5 153.9 165.6 162.5 166.4 169.7 164.3 159.3 158.5 161.8 172.5 176.5 207.3 224.9 235.2 242.3 246.7 233.9 240.7 244 246.4 252.5 256.7 256.3 254.8 252.4 261.1 266.8 270.6 270 267.8 267.5 270.3 275.3 277.5 277.7 277.1 281.6 285.1 290.1 278.8 265 258.2 258.6 274.4 272.6
123.9 115 115 115 116.3 121.8 135.2 149.2 170.2 203.7 217.1 227.6 234.6 237.4 242.2 246.3 244.5 241.2 236.3 225.2 212.6 205.3 177.6 153.9 151.2 142.2 149.7 151.5 167.8 174.1 172.7 182.8 179.7 171.5 167 159.7 155.7 148.9 144.2 144.6 149.2 157.1 164.9 166.4 160.6 156.5 157.1 166.4 172.6 183 197.7 217.5 235.8 243.8 241.5 240.1 234.8 244.5 255.7 261.5 264.1 263.1 257.3 252.3 265.3 269.4 276.3 278.9 277.4 275 278.1 277.6 279.7 280.2 279 283.2 288.7 292.1 285 267.1 264.7 266.5 276.1 272.6
135.7 120.2 115 117.2 119.6 126.7 146.5 171 194.3 208.5 215.7 222.1 230.3 240.4 244.5 243.7 245.5 240.1 230.3 221.1 209.9 195.3 179.5 159.4 163.5 152.7 142.5 149.3 161.8 165.5 168.9 175.9 178.1 175.7 169.6 165.7 163.8 157.5 150.3 138.4 141.5 149.8 159 164.4 154.6 163.2 167.2 172 173.4 189.8 206.9 220.7 237 246.1 247.6 240.5 245.5 252.8 259.9 264.5 260.6 259.6 253.5 250.2 257.9 271 279.3 285.6 288.3 287.6 281.9 282 281.1 282.3 281 289.1 295.9 296.8 298.2 288.3 274.7 271.6 273.7 269.1
132.4 123.3 115 125.6 131.8 140.7 158.5 181.8 196.2 210 220.4 225.2 226.4 232.1 238.5 240.6 238.8 233.1 225.3 216.5 203.2 188.3 179.2 167.4 162.5 159.9 140.3 153.9 153.5 160.7 170.9 167.9 167.6 165.3 162.6 162.8 158.7 149.9 147.5 136.7 137.2 144.9 152.4 151.3 156.1 154.1 162.6 172 170.4 184.6 210 220.6 228.9 237.5 240.8 239.9 249.3 258.9 262.9 264.3 261.1 254.6 240.8 245 248.1 257.5 272.5 280.9 286.3 294.4 295.8 293.4 289 293.7 293.6 296.7 304.5 306.4 297.7 290.8 284.6 288.3 280.7 268.2
114.8 120 126 129.5 143 157.5 166.2 179.7 194 204.8 214.1 218.3 219.9 226.3 230.4 233 230.5 227.8 222 213.4 198.1 177.3 170.1 163.5 159.9 154.1 141.1 144.9 146.3 152.4 159.4 166 166.5 169.1 163.6 160.8 156.2 146.8 139.2 136.6 134.9 136.1 150.6 160.3 154.4 159 159 156.6 164.1 180.2 204.2 215.6 220.8 216 219.2 233 247.8 255.1 256.1 259.4 258 253.2 231.9 236.1 239.8 246.1 254.7 264.5 270.9 282.2 284.4 283.7 285.3 287.2 289.7 295.2 304.4 305.8 306.2 310.2 309.8 305.9 296.5 283.1
103.4 112.9 129.9 138.9 134.1 151.8 162 171.9 187.5 197.3 208.3 211.7 216.7 221.5 223.2 225.3 219.8 216.5 212.7 204.9 180.8 166 158.5 154.1 149.3 148.2 141.4 133.8 142.3 141.7 154.2 157.6 156 164.3 163.5 168.1 155.5 151.3 148.8 141.8 139.2 134.5 140 158.6 158.4 159 159 155.3 162.1 172.9 195.7 201.9 203.9 202.1 213.3 223.3 231.8 241.8 247.3 250.9 252.5 245.9 225.3 232 229.4 239.4 246.1 258.6 270.7 276.4 276.6 280.9 286.7 289.2 292.8 296.5 298.5 304.1 310.5 316.5 312 306.9 304.1 298
103.1 112 125.2 132.2 134.5 138.4 151.3 160.2 174.5 187 196.7 204.3 212.1 216 216.9 210.8 205.1 199.7 191 175.6 159.1 153.8 145.1 140 137.2 137 126.1 121.9 125.3 132.1 153.9 159.1 149.9 149.5 147.7 160.5 153.2 148.7 143.5 133 127.4 131.4 145 150 164.5 167.4 156.9 156.2 161.4 169.7 180.6 186.2 189.5 186.3 204.2 215.7 225.1 230.5 236.3 242.3 240.8 228.9 219.7 222.2 218.9 231.7 236.6 248.1 261.2 269 267.5 271.3 280.5 284.6 292.1 294 296.9 306 310.1 310.6 309.9 312.9 312.7 302
112.8 117.6 128.8 134.2 136.7 141.4 145.1 154.1 161.7 171.6 178.6 193.4 199.5 200.6 198.9 192.6 185.2 172.6 165.3 151.2 144.6 142.2 135.8 132.3 128 131.2 120.1 120.1 120.1 120.1 129.7 148.7 148.7 143.4 140.4 139.3 135.8 140.2 130.2 121 123.2 127.7 133.3 144.8 155.3 168 164.7 158.1 161.9 168.4 180.3 182.8 181.5 182.9 202.5 212.6 221.6 226.1 231.2 234.7 227.9 220.2 208.5 212.1 211.5 225.7 229.6 232.7 245.3 250.9 257.3 265.3 270.3 275.7 279.7 285.3 292.9 301.3 303 305.9 301.8 315.7 311.7 298.2
123 134.7 145.3 146.8 144.3 149.8 141.7 141.7 146.2 156.4 165 170.8 176.7 182.5 178.8 171.8 160.6 146.7 143.9 139 138.2 135.5 130.7 130.6 130.2 120.1 120.1 120.1 121.1 123.9 124.3 123.7 135.6 134.5 129.8 124.6 124.6 120.3 118.4 126.1 122.9 122.3 123.8 136.1 153.7 159.1 159.6 154 162 167.8 182.1 187.1 179.2 183.5 204.5 214 219.8 223.2 225.6 226.9 217.8 208 201.8 203.2 215.8 223.4 223.5 225.5 229.8 235.5 246.8 260.7 263.9 269 274 278.1 284.5 291 294.5 294.8 302.1 309.2 302.6 290.7
132.8 139.9 149.6 151.2 149 152.9 151.5 139.9 142 144.6 142.5 148.9 153.3 155.4 150.8 149.3 142.6 131.5 136.3 135.4 136.1 136 136.2 131.2 123.5 120.1 120.1 120.1 121.8 128.8 123.6 120.6 118 120.6 122.8 122.6 120.3 119.5 118.7 123.3 117.9 118.2 124.7 132.9 150 157.3 154.4 149.7 157.3 164.2 180.5 183 178.6 182 197 208.4 216.2 215.2 214.2 217.4 209.8 200.6 195.3 207 217.2 221.9 219.4 220.8 221.9 224.2 235 244.7 255.9 264.9 268.3 269.4 273.3 278.3 277.9 288 297.2 297.2 291.6 285.3
115.8 129.5 136.8 142.3 144.4 147.4 151.7 145 134.8 134.3 130.1 137.8 142.6 143.7 138.3 129.5 124.3 121 129 140.4 144.9 146.8 143.6 139.4 137.8 128.2 120.7 122.5 126.7 129.4 120.3 108.9 108.1 112 114.1 110.7 117.9 121.6 118.6 116.2 114.6 113.8 128.2 138.8 144.3 151.4 149.3 147.8 151.6 162.7 172.7 175.5 177 179.9 192 199.3 208.8 210 207.9 205.8 203.8 195.3 195.3 202.5 209.9 213 212.3 221.7 218.3 221.4 225.5 230.7 240 251.1 256.2 258.7 260.7 260.5 265.6 279.2 287.7 284.4 282.8 283
89 102.4 108 116.8 128.5 135.4 141.1 140.2 129.2 122.9 122.9 129.9 132 128.1 127.1 124.5 118.9 120.3 132.3 139.4 142 142.6 143.5 148.3 139.9 129.7 124.2 115.3 122.5 130.4 119.7 98.4 91.1 103.8 115 114.2 103.5 111.8 122.1 120.5 122.2 114.1 128 134.8 142.2 143.3 144.6 147 148.6 156.7 163.2 170.1 171.6 177.9 184.8 193.9 200.7 206.5 205.5 205.4 195.9 195.3 195.3 197 205.3 207.2 207.9 213 210.7 214.9 221 227.5 231.1 236.7 245.8 243.9 249.9 261 266.8 275 278.6 278.6 284 279.1
105.6 99.9 91.9 99.5 105.9 111.7 118.2 125.4 119.6 109.8 115.3 121.7 121 112.4 114.5 116 116.1 123.9 135.8 140.8 143.1 144 144.4 143.1 135.3 132.1 131.5 118 107.2 109.5 105.2 91.1 91.1 94.9 118.3 102.9 101 101.1 113.7 122.3 121.9 110.5 120.8 134.3 147.8 158.3 158.6 159.5 156 153.8 162.9 169.9 168.9 180.4 184.8 188.2 193.2 198.2 201.2 203.8 195.3 195.5 200.6 204.3 206.2 204.3 207 210.4 207.7 211.6 214.5 219.6 225.7 229.2 230.6 234.5 247 254.3 260 266.8 264.2 271.6 278.6 273.9
