data/210000-710000.asc
ncols 200
nrows 200
xllcorner 210000
yllcorner 710000
cellsize 50
[rows 70 to 104 of 200, columns 79 to 157 of 200]
214.2 205.6 192.6 183.7 173.7 161.2 143.3 128.9 121.7 119.6 116.6 118.1 119.5 111.4 100.2 86.3 83.6 67.8 58.6 57.5 64.3 73.1 86.9 104.3 120.1 125.5 144.6 156.5 164 169.8 174 177.2 177.8 182.4 181.5 181.3 181.3 180.8 182.1 175.9 175.7 176.3 188.3 192.7 198 204.6 211.6 222.5 232.3 241.2 249.7 259.7 266.6 272.4 277.1 280 285 288.8 292.4 298 303.2 307.8 311.3 308.2 303.8 304.6 306.2 309.7 312.1 313.2 313.3 314.1 316.6 319.2 320.4 321.2 322.7 324.1 324.3
194.7 182.1 171 164 158.2 141.4 128.4 116.9 106.4 103.1 100.6 97.3 98.8 91.3 80.6 75.9 67.3 51.1 62.6 64.3 68.6 83.9 102.2 118.1 132.2 143.8 157.1 164.9 173.1 178.7 183.5 187.4 185.1 188.3 190.6 193.6 194.5 192.9 192.4 192.3 189.7 192.2 195.5 184.3 194.1 199.4 206.5 215 223.1 231.4 239.1 247.1 255.6 262.1 266.7 270.8 276.9 282.3 288.2 293.3 297 301.8 304.1 303.9 300.3 303.1 304.5 305.7 307.1 308.3 309.3 311.7 314.3 315.2 315.8 317.7 318.3 319.4 318.6
174.3 162 152.9 147.1 140.9 127.7 115.6 104.8 93.9 87.5 84.1 81.1 77.9 72.1 67 64.4 49 54.4 62.7 67.8 82.1 98.8 117.9 133.3 146.5 158.1 168 175.1 183.3 187.9 192.7 196.9 197.6 193.7 198.7 202.7 202.6 203.5 203.9 203.9 201.3 197 196.3 199 194.6 195.8 201.3 207.4 214.9 222.8 231.1 238.2 247.9 253.4 256.3 261.4 269.7 277.4 283.4 288.4 291 293.6 296.8 297.5 297.4 299.4 300.5 301.6 302.2 303 304.3 308 309.1 310.1 311.3 311.4 312.1 312.3 306.5
154.6 145.8 139.2 132.7 125.6 115.8 104.2 93.2 82.8 75.9 68.7 65.8 64.6 62.7 56.9 47.6 44.5 58.5 70.1 82.1 97.7 115.5 133.1 148.1 159.6 170.8 179 186.5 192.8 197.4 202.1 205.1 205.5 203.1 206 210.1 212.8 214.4 216 214.3 210.9 204.9 202.6 201.2 201.9 198.1 198.6 204.7 210 215.9 222.3 230.1 239.9 245.3 251.1 257.5 264.7 272.6 278.8 282.4 285.5 287.3 288.9 290.3 291.3 293.7 294.8 295.9 297 296.7 302.5 302.6 303.3 304.1 309.5 304.8 301 297 303.6
140.8 132.5 125.4 115.8 109.8 101.8 93.9 83.1 76.8 67.9 56.4 52.2 52.8 52.2 47.2 38.6 54.7 67.4 80.5 96.8 113.9 129.2 144.2 159.9 171.8 180.6 189.5 196.1 201.7 206.7 211.3 212.4 212.8 211.5 216.3 219.6 222.9 225 228 225.9 220.5 213.7 209 207 203.4 202.3 195.1 202.3 206.5 212 217.5 223.8 231.9 239.3 247.2 254.1 260.9 268.5 274.1 277.7 279.2 281 280.7 285.4 285.9 286.5 288.6 290 291 294.6 296.8 296.9 297 295.9 293.8 291.1 297.3 303.3 310.4
121.5 123.8 112.9 99.7 99.5 89.3 81.6 76.1 69.5 58.2 48 44.2 41.9 39.7 39.5 52.7 68.2 81.1 96.9 113 130.1 144 159.7 169.3 182.3 190.6 198.4 204.7 210.3 215.3 217.2 219.1 221.2 221.2 225.2 229.4 232.1 232.5 234.2 231.8 227 222.5 217.8 213 208.2 205.7 207 199.8 204.6 208.5 213.2 219.2 227.1 236.2 245.5 251.6 258.5 265.3 269.7 273 274.2 275.5 278.3 281.7 282.1 282.7 282.2 284.3 284.8 286.8 287.8 285.7 284.8 281.1 290.4 297.1 302.7 310.2 317.5
109.7 116.3 98.7 86.7 81.2 72.7 65.2 62.8 56.4 47.2 41.7 37.5 37 43.8 55.7 66.9 82.1 96 112.3 129.9 142.4 157.1 171.1 183.3 190.8 198.7 206.8 213.5 218.9 223.2 226.9 229.3 230.3 229.7 234.4 239.5 240.8 242 242.3 239.2 234.4 230 226.2 222.3 216.8 210.6 209.9 211.4 207.3 203.9 210.9 216.4 224.6 234.6 242.6 249.1 254.4 260.3 263.5 267.8 269.3 272.1 277 277.8 278.3 280.2 279.9 276.2 278 278.2 276.7 277 285 290.2 294.9 301.4 308.7 317.6 326
107.2 96.2 84.1 76.6 70.5 58.7 49.9 48 43.7 39.6 36.1 29.6 41.7 52.7 68.9 82.1 96.7 113.3 129.6 144.8 159.3 172.7 182.5 193.1 203 208 215.5 222.7 227.8 232.4 237.2 239.8 241.1 239.9 245.9 250.3 251.3 250.5 250.9 247.4 242.9 239.4 235.4 231.3 225 221.7 213.5 214.8 208 213.1 205 215.1 220.7 229.9 236.4 243.4 249.7 254.6 257.5 260.5 265.7 270.9 273 271.7 272 275.5 270.3 269 269.7 276.4 282.5 289.1 294.4 298.8 302.6 307.9 316.8 326.4 335.8
97.9 80 80 68.3 57.6 45.9 40.7 37.6 35 32.8 26.9 40.6 52.9 67 82.5 96.1 111.3 127.8 143.1 160.1 174.5 186.4 195 203.9 211.5 218 224.4 231.4 237.5 243.3 248.4 251.8 253.2 252 256.7 259.8 259.3 258.6 258.3 255.6 252.8 249.7 246.3 240.7 235.9 228.9 223.1 221.3 215.7 221.4 218.7 208.4 213.1 224.6 229.4 236.8 243.6 249.1 253 259.1 266 269 267.5 263.2 259.9 260.1 268.6 273.5 278.1 284.2 291.5 297.4 302.3 304.7 314.2 324 332.1 337.5 345
85.7 65.5 71 58.3 45.2 36.7 36 31.3 26.3 25.2 39.2 49.2 64.9 78.2 95.1 110.4 128.1 142.3 157 172.4 185.7 197.3 206 212.8 221.3 228.7 234.3 243.3 252.3 257.6 263.6 265.2 265.1 263.4 268.2 269.8 270.5 269.7 268.9 265.9 263.5 260.4 257.2 253.5 246.3 240 238 233.4 225.8 220.9 228 228.6 222.3 215.1 220.7 224.9 232.4 241.3 246.1 255.7 257.6 254.2 250.1 258.4 262.9 267.9 273.1 279.9 283.3 290.7 297.6 304 311.4 318.9 325.3 343.3 347.1 349.5 355.5
72.7 54.8 53.4 46.8 36 32.3 28.3 22.7 28.5 36.3 45.9 58.5 75.2 93.6 107.9 122.4 137.4 156.2 170.6 184.1 197.4 207.8 215.3 222 231.3 240.2 245.4 256.8 264.9 269.1 273.8 275.1 276 276.8 278.6 281 283.1 280.5 279.4 276.9 274.2 271.1 266.9 263.3 257.1 251.9 253.6 243.2 237.4 229.9 231.8 234.8 236.1 229.2 228.8 230.6 233.1 237.1 240.5 242.5 245.7 251.3 257.8 263.5 269.2 273.7 278.8 286.3 291.3 296.7 304.3 313.1 323.6 334.6 339.5 345.9 358.7 367.8 375.4
60.3 45.1 41.9 33.1 28.7 24.8 22.5 31.2 36.9 46 59 72.1 86.9 101.7 120 135.7 153.9 167.8 184.6 198.4 208.4 217.8 224.3 231.7 240.9 250.5 258.2 263.3 271.6 283.6 284.3 285.1 290.7 289.8 290.4 293.6 296.8 294.5 291.4 288.2 285.7 281.2 276.7 273 268.7 262.9 258.7 254.2 249.8 242.7 242.9 240.4 238.8 240.8 239.4 243.1 246 246 248.9 252 258.8 260.9 267.9 271.7 277.3 283.9 289.1 296.6 302.2 305.4 313.2 324.7 336.4 348.3 355.8 364.7 372.7 382.7 390.1
48.2 39.2 28.5 24.4 21.1 22 28.7 36.4 44 54.6 65.6 84 101.9 118.8 134.9 151.8 167.1 181.8 196 209.1 219.2 226.5 233.3 241.3 250.6 259.9 267.1 274.2 279.7 288 294.6 298 302 300.6 302.7 305.4 307.7 306.6 303.4 300.8 297.4 292.2 286.4 282.7 278.1 272.5 268.2 265 259.8 254.1 254.7 250.5 251.1 252.5 251.9 252.3 257.6 258.7 264.2 263.7 265.6 273.2 279.4 283.4 288.7 294.9 299.6 303.9 311.5 317.9 323.5 334.1 347.2 360.8 370.8 379.5 385.9 395.6 407.1
41.6 31.9 24.3 20.8 17.5 24 28.8 37.7 50.8 68.8 83.8 99.6 115.1 130.3 145.9 162.4 179.7 194.6 206.2 220 228.5 235.6 242.1 250 258.9 267.3 274.5 281.3 291.1 297.2 303 307.4 309.2 309.9 313.2 314.2 319.5 317.8 314 310.8 307.6 302.2 297.3 293.2 287.5 282.9 279.9 276.5 272 266.1 263.6 255.6 261.2 262.2 263.6 262 268.9 269.8 276.2 279.8 281.7 287 292.9 296.8 299.9 305.4 313.1 319.2 325.4 331.7 342 348.5 356.5 374.9 390.5 396.6 402.8 413 424.4
37.7 25.9 22.8 19.5 18 23 36.6 49.7 63.1 78 95.7 111.3 128.3 142.8 159 174.5 190.3 203.9 215.4 225.7 235.6 242.8 249.3 257.4 266.4 273.9 282 291.2 300.3 306.6 311.4 315.9 316.4 319 322.6 327 331.9 329.6 322.4 320.1 317.2 312.5 307.2 302.7 297.3 294 289.4 286.3 283.5 277.9 273.4 269.3 273.6 271 272.9 276.4 283.1 282.4 285.8 292.6 296 301.6 307.3 310.4 312.4 318 327.6 336.9 341 345.5 355 362.8 370.2 390.2 407.3 415.5 420.6 430.9 442.4
31.4 22.9 19.9 17.3 19.8 26.4 40.9 55.6 73.8 91 105.5 121.3 138.2 156.7 170.1 185.4 200 212.6 223.6 233.7 242.6 249.7 256.9 265.5 273.8 282.2 290.5 298.9 307.8 315.1 320.8 322.4 324.3 326.2 332.5 336.1 338.6 335.6 331.8 328.9 325.8 321.6 316.2 311.5 306 302.8 298.6 296.1 294 290.2 284.3 284 281.2 283.7 285.3 289.1 293.4 297.5 300.6 305.8 311.2 316.5 323.5 326.5 329.7 335 344.7 352.7 356.4 361.1 368.3 381.1 386.1 404.8 423.4 436.4 439.5 450.1 461.6
26.1 20.3 18 15.5 22.9 30.5 46.8 61.7 79.4 97.2 115.1 131.9 148.8 164.6 180.3 195.9 208.7 220.6 231.7 240.9 249.5 257 265 272.9 281 289.5 298.2 306.5 314.9 322.4 327.9 329.6 332 333.1 340.2 345.8 345.5 344.6 342.3 338.5 334.8 330.6 325.2 320.4 315.1 313.9 308.2 303.3 304.1 301.5 294.4 291.5 295.9 295.7 299.9 301.4 303.6 308.8 312.5 319.7 324.7 330.1 341 348.4 351.8 355.3 362.4 368.3 372.2 376 384 396.5 400.5 416.1 438.8 453.9 461.2 468.8 488
22.2 18.7 17 17.8 23.8 34.5 52.2 71.5 90.2 110 126 142.8 157.7 173.2 186.8 203.1 216 226.9 238 248.4 257 264.6 272.5 279.8 288.2 296.6 305.2 314 322.5 331 335 336.8 338.8 340.1 348.3 351.5 351.6 351.4 352.2 349.8 345 340.7 336 331.6 326.7 324.2 319.8 315.7 313 309.4 305.5 305.4 306.3 310.4 316 315.5 317.8 324.4 329.5 335.3 340.9 345.8 361.4 370.8 373.3 375.3 381 386.3 390.1 392.7 399.4 409 418.5 425.4 448.9 463.1 481.3 491.2 513.5
19.7 17.7 14.6 21.7 26.3 40.3 59.6 79 98.3 118.4 137 152.2 167 179.6 192.6 206.8 220.5 232.2 243.8 254.6 265 272.1 279.2 287.1 295.5 303.8 312.2 320.9 329.8 338 342.5 344.8 347.6 348.7 353.6 356.9 357.3 357.7 358.6 358 354.7 350.9 346.5 342.1 338.5 334.5 330.7 329.2 324 319.1 310.9 316.3 318.9 325.6 330.5 332.7 334.6 341.5 345 354.4 358.7 364.2 376.3 387.2 390.6 392.8 398.5 404.3 407.7 408.6 410.7 425.2 431 440.3 455.2 468.4 488.2 505.1 523.1
18.2 15.6 15.2 21.7 32.5 48.6 66.6 86.5 105.7 125.3 143.5 160.9 174.9 185.7 197.8 213.2 226.9 234.2 250.8 259.7 268.4 277.4 285.8 294.4 302.7 311.1 319.4 327.8 337.1 344.7 349.7 353.3 356.7 358.3 359.8 362.3 363.3 364.5 364.7 365.6 362.4 358.7 354.4 349.9 348 342.9 342.1 344.8 339.6 328.1 321.8 327.7 333.5 337.3 341.8 347.3 352 358.9 364.7 370.3 376.4 382.9 392 403 406.1 409.1 415.9 420.3 423.3 424.4 426.3 440.6 445.3 454.8 467.9 479.1 489.2 509.9 529.9
16.7 13.3 17 25.4 41.4 58 75.8 93.8 111.7 131.4 149.6 165.3 180.1 193.4 205 216.4 232.5 246.5 260.9 268.6 276.9 284.1 292.1 300.7 309.4 318.1 326.7 335.8 346.7 351.3 354.7 358.5 361.9 364.3 366.2 368.3 370.9 371.6 371.5 371.3 370.6 368.5 364.7 359.2 356.3 353.1 349.7 351.5 346.8 338.2 332 339.3 343.6 349.6 355.3 362.1 369.3 376.1 382.8 388.5 396.1 401.8 408.5 418.2 421.9 425.8 432.8 439.1 442.3 448.7 449.6 455.7 463 465.2 483.3 488.2 495.5 510.3 528.7
14.9 10.5 21.3 33.9 49.4 66.7 83 100.8 118.6 136.8 153.6 170.1 184.3 199.5 213.1 224.7 240 251.8 265.6 276 284.7 292 299.6 307.5 315.3 323.8 332.6 342.3 350.2 354.8 359.6 363.5 366.5 369.2 371.8 374.9 378.1 378.1 378.4 378.2 377.7 376.7 373.2 368.6 364.9 361.7 358.6 356.2 349.4 345.6 342.4 350.3 355.7 362.9 371 379.4 386.5 394.1 401.4 408 413.2 419.5 427.1 433.4 437.9 443.2 448.2 455.8 464.3 469.9 468.8 468.8 485 479.7 495.2 495.8 499.9 512.1 526.3
13.2 13.2 26 40.6 56.5 73.5 90.9 107.9 125.5 142.5 158.9 175.4 192 206.6 219.2 235.1 250.5 260.8 271.3 281.9 290.2 297.8 305.1 313.5 321.5 329.6 339 347.8 354.8 359.3 363.4 367.2 370.8 373.6 376.5 379.9 383.6 384.6 384.8 385 384.8 383.4 381.3 376.6 372.4 368.5 365.4 362.3 357.6 355 355.7 363.2 368.8 376.8 385.7 394.6 403.9 412.1 421.2 423.5 429.4 434.7 441.9 447.6 452.2 456.9 461.2 467 477.6 483.8 480.1 479.3 492.2 491.3 503 507.9 509 513.3 527.9
14.5 17.3 31.5 47.1 63.7 80.3 97.7 115.2 132.2 149.2 165.8 182.2 197.4 209.5 225.7 241.7 257.6 268.8 280.1 288.6 295 302.4 309.8 318.3 326.6 334.1 342.3 352 359 362.9 366.7 370.4 374.1 377.9 381 384.1 389.1 390.9 391.1 391.3 391.4 389.9 388.1 384.5 380.4 376.1 371.4 367.6 363.6 365.7 367.4 375 380.8 389.1 399 409.7 417.3 425.6 436.3 439.3 442.2 448.5 455.3 461.4 465.3 469.1 472.3 476.8 486.6 488.7 487.2 488.6 498 497.5 513.6 517.2 517.7 520.4 532.6
11 22.3 36 54.1 70.8 87.4 104.4 121.4 138.1 155.1 170.1 185.4 196.1 211.6 229.1 246.1 261.4 275.1 284.7 292 299.1 306.6 314.6 323.1 331.8 340.4 347.9 353.6 359.6 364.6 369.3 373.7 377.2 381.8 386.8 390.1 393.5 395.8 395.6 395.4 396.4 395.3 393 392.3 388.3 385.2 379.1 371 375.6 376.8 378.8 386.1 392.9 401.1 411.5 420.5 428.3 435.4 447.3 447.2 451.6 457.6 465.1 471.9 477.4 479.9 479.9 483.9 494.4 493.1 490.4 494.3 502.8 503.3 516.6 520.2 523.1 531.7 544.4
19.6 31.1 44.9 60.9 77.5 94 111.3 127.3 144 160 175.6 191.4 202.5 217.5 231.7 248.1 262.3 276.2 286.8 294.8 302.2 310.2 319.3 328.3 336.9 346.5 355.6 359.4 363.6 367.9 372.6 377.8 382.4 387 391.9 396.7 398.1 398.8 398.5 399.2 400.3 399.5 398.5 397.9 397.5 393.4 387.9 382 387.5 387.1 389.3 395.4 401.3 410.1 424.2 428 438 447.8 452.6 455.5 460.2 466.1 472.9 479.3 486.2 488 486.8 491.3 501.1 497.6 493.9 497.9 504.7 506.5 519 522.9 527.6 539.1 548.2
24.1 34.8 51.5 66.7 82.6 98.3 117.1 134.2 149.8 165.5 180.3 194.8 207.6 222.3 236.8 251.3 264.7 276.7 288.8 296.9 305.6 314.6 323.7 332.9 342 351.2 360.5 364.3 367 370.7 376.1 381.8 388.3 393.4 397.3 401.2 402.1 402.9 402 402.7 403.9 404.6 403.9 405.3 407.5 403.1 395.5 392.5 395 393.7 397.2 402.7 408.8 415.6 434 434.5 448 456.5 455.2 462.2 466.8 472 478.8 485.3 492.2 493.2 489.3 493.4 500.4 501.2 495.3 500.4 507.3 512.5 519 525.1 532.5 540.6 552.8
24.5 40.6 54.6 73.2 82.9 100.5 123.5 140.8 154.8 169.9 185.4 198.4 211.4 226 241.4 255.3 268.5 280.9 292.1 301.8 310.5 319.3 328.2 337.3 346.4 355.5 363.1 366.7 369.9 374.2 381.1 387.9 395.6 401.1 402 404.8 405.3 404.8 406.8 406.2 407.5 408.9 408.6 409.1 410.3 406.8 401.4 402.9 405.9 404.1 405.3 411.8 417.3 426.3 439 440.2 454.6 461.4 460.9 466.6 468.4 476.6 483 490.8 498.8 493.8 489 494.5 500.9 500.2 497.4 505.3 511.8 513.8 517.9 527.2 533.3 539.4 552.7
32.7 48.5 65.3 81.8 96.9 113.6 130.4 146.9 158.2 174.5 187.9 201.2 214.7 231.2 240.9 256.1 270.8 284.2 296.6 305.8 315.3 324.1 333 342.3 352.4 360.3 365.2 369.7 373.7 378 385.1 392.6 399.2 403.2 405.1 409.2 409.1 411.4 410.5 409.9 411.2 412.8 413 412.7 411.9 407.7 406.4 409.8 412.3 413 417 421.4 425.8 433.2 444.2 441.3 459.5 463.2 465.5 468.3 472.1 479.9 483.9 491.9 493.8 491.6 490.5 494.1 497.2 495.5 502.3 515.7 517.2 515.3 517.1 523.6 529.8 537.4 551.3
40.8 48.7 66.3 90.3 104.8 121.2 138.6 155 166.6 180.4 194.8 204.6 222.7 237.5 249.8 262.5 274.6 287.4 294.9 306.9 319.3 328.2 337.1 347 357.1 361.8 367.1 371.6 376.1 381.3 387.4 394.1 400.5 404.5 409.5 414.1 414.6 413 412.7 413.5 414.7 416.5 417.2 416.9 412.4 410.6 412.7 417 418.7 420.8 424.1 428.4 433 438.8 448.1 451.8 464 463.8 467 468.8 472.9 480 484.1 489.5 489.8 487.9 489.7 490.5 492.9 496 505.7 511 516.4 510.5 517 522.5 529.4 537.5 548.9
49.6 65.9 78 94.6 111 130.5 145.4 160.2 174.3 188.5 200.4 214.2 227.6 242.7 255 265.7 278.9 291.3 300.5 309.1 322.3 331.6 340.5 348.7 356.5 362.6 368.6 373.9 379.2 384.5 389.9 395.6 404.2 410 414.9 417 416.3 415.5 416.4 417.3 418.1 419.7 420.4 419.5 416.9 414.6 418.6 424.1 426.5 428.6 431.3 433.6 437.6 443.4 446 453.3 464.5 463.8 467.4 469.3 474.3 477.7 483.4 486.2 485.9 486 488.7 491.2 493.3 497.7 505.2 504.2 503.3 512.7 517.6 524 530.7 534.9 545.6
55.7 73.1 89.3 105.8 120.1 137.4 148.6 165.5 181.1 193.5 205.5 217.8 233 244.6 254.6 271.4 283.5 295.4 305.8 314.3 325.3 334.9 343.5 351.2 357.4 363.5 369.6 375.5 381.1 386.9 394.7 401.7 408.8 413.3 416.2 417.1 419 418.5 419.3 420.3 421.7 422 421.8 421.6 420.1 420.8 425.1 430.5 433.7 435.8 436.8 437 439.6 451.3 448.4 459.9 462.5 464.7 466.3 467.9 471.2 474.9 480.8 481.2 481.1 483 490.4 486.2 490.9 483.6 495 498.6 505.6 512.4 516 520.8 530.3 536.1 546.2
61.2 78.2 97.7 115.3 131.8 142.9 156.3 171 186.2 198.7 210.4 221.7 234.4 247.6 261.3 268.4 284 296.9 309.3 318.9 328.1 337.8 346.5 353.2 358.5 364.6 370.7 376.7 382.3 388.3 395.6 402.7 409.7 414.2 416.2 416.9 419 421.2 422.8 424.4 425.7 425.2 425 424.8 423.6 426.5 433.8 439 439.8 444 441.8 440.1 446.7 456.6 450 461.8 459.6 462.4 464.2 465.7 467.3 471.8 475.9 476.7 477.7 479.2 482.2 482.3 485.5 487.4 489.6 489.9 503.1 507.2 512.8 518.8 528 535.8 542
67.8 85.4 106 123.4 136.5 148.1 161.2 175.1 191.4 203.7 215.3 226.6 239.9 252.4 266.2 278.1 289.5 300.4 311.5 321.2 330.8 340 349.1 355.1 359.9 365.6 371.8 377.8 383.7 390.2 396.8 403.5 410.5 415.1 417.3 418.9 422.1 424.5 426.8 428.5 428.9 428.3 427.8 427.3 427 433.5 440 445.4 444 445.3 444.7 442.8 446 449.2 446.3 457 456.1 459.7 462.1 464.7 467.8 469.6 472.2 475 474.3 474 478 481.6 481.6 481.7 481.3 490.5 497.7 503.9 511.3 518.9 526.5 534.1 538.3
73.4 93.3 114.4 131.3 140.8 155.8 166.5 179.4 193.7 208.7 220.2 231.3 245 258.1 271.3 282.5 293.8 305.3 314.1 323.7 333.7 343.1 351 357.3 361.3 366 372.3 378.5 384.9 391.3 397.5 404.8 411.1 416.7 418 420.8 423.4 426 429.2 432 432.2 430.4 430.6 431.2 431.3 441.2 446.7 448.3 446.6 445.6 444.4 445.3 446.4 438.2 443.3 451.6 454.6 457.8 459.9 463.2 466.2 466.1 468 470.2 467.7 469.7 474.8 480.8 473 474.1 479 486.3 493.9 501.5 509 514.9 522.6 529.2 533.9
