data/210000-560000.asc
ncols 200
nrows 200
xllcorner 210000
yllcorner 560000
cellsize 50
[rows 144 to 179 of 200, columns 80 to 159 of 200]
135.1 132.2 132.8 135.9 136.7 137.5 139.5 140.3 137.1 130.6 122.8 121 119.8 118.4 117.9 116.3 115.3 111 108.7 109 110.7 110.4 109.2 107.2 106.1 105.4 105.4 107.5 106.8 101 96.7 88.8 81.6 83.6 82 83.2 87.5 88.5 87.7 86.2 79.9 79.2 84.2 89.2 86.5 75.4 73.6 73.3 72 75 73.5 73.5 72.7 68.5 62.5 57.7 53.9 53.6 53.1 45.7 37.4 34.1 46.3 51.9 52.9 53.5 54.3 55 60.7 69.1 79.9 82.1 83.4 88 90.7 93.2 97.4 97.8 98.8 97.7
135.5 131.2 131.4 132 132.9 134.6 136.1 137.4 135 129.2 123.7 122.3 121.3 120.2 119.3 116.8 114.7 111.7 109.3 105.9 107.1 106.7 105.1 104.2 103.7 103.3 104.5 107 105.4 97.7 90.7 85.2 83.6 80.7 80.4 80.2 80.9 82.1 83.5 83.9 76.9 77.6 83.4 86.8 82.2 73.6 71.4 70.1 70.6 72.3 70.7 70 69.9 65 56.5 56.1 55.1 54.1 53.9 47.9 37.1 36.1 40.9 49.5 51.7 53.1 53.2 54.7 62.2 67.2 78.8 82.4 84.9 89.7 90 94.6 98.3 97.6 98.8 98.4
135.9 131.1 131 131.5 132.2 132.8 134.4 134.6 133.6 128.6 125.7 124.9 124.7 123 119.5 116.4 112.8 110.5 108.4 105 104.2 103.6 102.6 102.2 102 102 104.4 103.5 100.1 94.5 92 88.3 85.2 82.5 79.9 80.1 80.2 79.7 81.7 80.4 75.2 75.8 80.4 81.9 76.9 73 69.6 68.8 68.2 68.1 64.6 64.1 62.9 57.4 55.4 55.6 55.7 53.5 52.1 46.5 37.3 36.6 34.8 49 50.9 52.5 52.7 53.3 61.3 70.5 79.5 82.5 84.4 88.6 89.5 90.6 91.6 97.3 98.7 98.2
135.1 131 130.5 131.1 131.6 132.1 132.7 132.2 131.7 128.3 129.4 129.3 128 125.7 121.5 117.8 113.9 109.3 107.3 105.9 103.7 102.2 101.3 101 101.1 101.3 101.1 99.1 97.2 96.3 94.2 89.1 85.9 81.9 79.8 79 79.1 79.6 81.2 78.5 75.2 74.5 73.2 70.4 70 69.1 68.3 67 65.8 65.3 65.5 67.1 66.4 61.5 57.5 54 45.2 53 45.7 38.2 37.4 36.6 34.1 42.6 47.3 49.7 51.1 53.6 60.8 70.6 76.9 81.6 84.7 88.5 88.5 90.7 95.2 98 99.1 100.6
134.3 131.1 130.4 130.4 131 131.5 131.6 130.8 129.9 132.4 132.8 130.9 129.7 127.6 124.9 120 114.6 109 107.1 105.5 103.9 102.1 100.7 100.1 100 100.1 100 99.1 100.4 99.1 95.2 87.9 85.8 83 81.1 79.2 78 77.5 79.5 75.3 73.7 73.1 78.6 78 78.1 76.8 70.8 69.6 71 70.6 68.8 67.3 65.4 62.1 58.6 55.4 48.9 42.1 52.6 37 39.6 36 34.2 39.2 42.5 44.9 51.2 53.3 58.8 69.8 75 80.6 84.1 86.4 89.5 93.6 100.5 102.7 103.9 106.1
132.1 130.8 130.3 130.1 130.3 130.7 131.1 130.4 132.1 134 134.5 132.7 131.3 128.7 125.4 121.9 117.1 111.2 106.7 105.4 104.2 103.4 101.2 99.4 99.1 99.3 97.6 98 98 97.7 93.6 88.7 84.2 83.5 83.7 80.2 78.8 78.1 77.7 76.4 75.3 77.6 83.3 85.5 88.1 82.1 76.4 76.2 76.2 75 71.9 69.2 64.4 61.8 58.3 57 55.6 50.4 48.1 48.3 40.2 35.3 34.2 37.1 39.1 44.8 49.7 52.4 56.9 69.2 75.4 78.2 83.2 87.6 91 99 106.2 105.9 108.1 107.3
131.8 130.5 130.1 130 130.3 130.8 131.2 131.6 134 135 134.8 133.4 131.2 127.8 123.9 120.9 116 109.7 107.7 106.2 105.5 105.4 102.6 99.6 98.7 98 97.5 95.5 95.7 92.9 90.8 86.2 84 82.8 81.9 81.6 81.2 80.7 80.7 81.6 79.5 83.9 87.5 92 94.2 89 84.2 83.8 82.1 79 75.3 72.8 71 67 63 59.5 56.7 53.6 52.1 52.6 50.4 38.5 34 36.2 37.8 39.3 45.3 50.8 55.4 64.1 71.9 78.6 83.4 87.8 95.4 104 107.4 107.2 106.8 106.3
132.1 130.1 129.8 130 130.5 131.1 131.5 131.9 135.5 135.6 134.6 133.3 130.1 126.8 123.4 121.5 118 111.9 110.8 113.2 115.2 113.6 108.1 100 97.4 96.2 95.5 94.1 91.8 89.7 86.8 86.3 84.3 83.4 83.2 82.6 83 84.6 86.4 86.5 83.7 87.8 92.2 99.5 101.7 95 91.2 90.3 86.1 81.7 78.9 76.6 76.4 73.9 71.3 67.5 63.6 63.7 61.3 57.3 52.5 48.6 37.2 34.7 36.5 37.6 42 48.4 53.4 60.1 67.6 77.3 83.9 93.2 100.5 105.2 107.2 108.2 108.4 108.5
130.9 129.8 129.7 130 130.6 131.3 131.9 134.2 135.9 135.7 134.7 132.7 129.9 127 124.1 123.3 121.4 119.9 120.1 120.8 121 118.3 113.4 103.4 96.9 95.3 94.4 93.5 92.1 89.6 87.9 86.3 85.5 84.5 86.5 87.4 87 90.3 90.6 89.3 87.5 91.8 99.2 107.6 105 98.3 95.9 94.7 89.3 85.4 83 80.7 79.8 73.3 76.6 76.3 73.6 74.2 71.6 65.3 57.8 52.3 45.1 33.2 35.3 37.1 38.2 43.6 50.3 56.2 63.4 73.3 87 97.8 103.8 108.2 109.8 110.4 111.6 112.3
131 128.8 128.6 129.8 130.6 130.4 132.3 133.8 135.4 135.6 134.3 131.9 129.1 126.2 124.8 124.3 124.1 125.4 126.4 127.1 126.3 122.5 117.7 107.9 98.7 95.4 94.7 94 92.8 92.6 91.4 91.6 88.8 87.9 88.8 89.4 90.8 90 93.4 91.2 91.6 98.1 106 112.4 108.2 101.1 101.5 99.7 94.7 89.7 87.9 86 85.8 79.3 85.6 84 83 85.7 82.1 72.1 63.9 53.1 48.1 38.5 34.6 35.2 35.5 39.2 47.8 53.3 62.4 72.9 90.1 102.7 108.3 111.4 112.9 114.5 115.5 116.4
129.9 128.4 128.1 128.7 129.4 129.6 132.3 133.7 135.1 135.1 133.3 131 128.2 125.8 125.4 126.2 127.8 131 134.4 135.6 129.2 124.7 119.6 113.2 104 97.7 96.4 96 94.3 93.5 94.1 93.3 90.7 90.2 90 89.8 90.4 91.1 93.8 93.9 94.5 101.9 108.9 113.8 109.5 103.4 105 103.3 97.5 92.6 91.1 88.1 85.6 86.4 89.9 89.1 91.4 93.4 87.7 75.5 66.3 53.3 49.5 42.2 33 34.5 34.9 35.1 48.1 54.6 62.1 76.2 94.2 108.1 112.5 114.6 117.1 119.6 121.7 120.8
126.5 126.8 127.7 128.2 129.1 131.5 133 134.8 135.6 134.6 132.4 130 127.3 126 125 127.8 130.6 134 137 137.8 132.6 126.5 121 115.1 107.5 99.1 97.9 97 96.4 96.2 96.4 96.2 94.8 94.6 91.9 90.6 90.2 92.5 94.5 93.7 98.6 103.4 108.8 112.8 107.9 104.2 106.8 104.8 98.9 93.4 91.5 90.9 91.2 92.5 94.3 94.3 97.4 99.5 93.8 83 69 58.2 48.8 41 32.5 33.8 34.1 34.5 51.9 55.5 60.9 79.9 97.7 112.7 116 116.8 124.6 123.3 127.6 123.3
126.3 126.9 128.3 127.9 128.5 129.8 134.5 135.9 135.1 133.9 131.9 128.4 126.1 123.7 125.5 128.3 131.4 134.3 137 137.5 135.2 130.5 123.8 115.9 108.6 100.1 98.7 97.2 96.6 96.9 98.5 98.1 98.4 98.6 98.3 94.1 91.6 91.7 95.7 100.2 104.1 105.2 109.7 110.6 105.7 103.7 106.8 104.7 98.9 94 92.6 95.4 95.3 100.2 98.9 98 101.1 101.1 98.8 89.5 73.8 61.2 47.9 39.9 35.1 33.1 34.1 34.5 55.3 58.2 61.3 84.9 109 116.5 118.7 118.2 123.4 125.4 129.3 122.3
125.8 127 127.1 127.6 128.5 131.6 135.1 135.7 134.3 132.9 130.6 127.4 124.6 122 125.5 127.3 129.9 132.4 134.8 135.6 134 130.9 126 116.6 110 103.4 100.5 98.7 97.6 98.2 99.6 99.7 99.5 100.8 97 91.4 91.9 94 96.9 104.5 106.6 106.8 109.7 108.7 103.2 102.4 104.6 103.9 99.5 96.4 96.1 97.1 98.3 100.2 99.8 101.4 107.8 103.6 98.3 87.6 77.7 62.4 46.9 39.5 35.2 30.7 33.7 34.4 53.5 60.6 61.8 84.7 100.4 118.3 123.1 119.2 122.9 125.6 127.3 120.9
123.4 124.6 126.6 128.1 129.4 132.6 135.2 134.2 132.4 131.5 129.1 125.5 121.8 120.6 123.6 124.1 125.8 127.4 128.9 130.2 130.9 129.9 126.4 117.7 109 103.3 103 100.9 101.1 100.1 100.3 98.6 97.6 96.6 92.7 93.9 97.6 102 104.1 109.7 108 106.2 108.6 105.2 101.2 100.3 102.5 102.5 100.2 98.9 96.8 97.9 99.1 101.4 98.9 99.6 104.5 96.3 91.2 84.5 76.3 60.8 46.1 39.8 34.6 34.7 33.4 34.5 59.2 61.3 62.4 81.5 100.1 112.4 120.2 116.9 118 125.8 122.9 118
124.4 125.4 126.3 127.9 131.5 134.5 134.7 133 131 128.8 125.3 121.6 119.9 118.8 119 119.5 119.8 120.2 121.8 123.7 125.9 126.6 125 117.9 107.2 104 106.8 103 102.3 105.5 102.2 99.4 98.2 96.9 97.3 98.5 101 106.4 107.4 108.4 106 105.1 106.4 103 99.8 99.1 100.5 100.3 99.4 100.7 98.5 98 98.7 99.2 96.8 96.8 97.3 94.2 89.6 83.2 75.2 59.2 49 36.7 34.1 34 33.9 39.4 55.8 60.9 63.9 79.5 90.2 104 108.3 114.8 116.9 118 121.4 109.6
125 126.5 126.6 127.7 131.6 134.8 133.7 131.3 128.3 126 124.1 120.3 118.3 116.7 115.3 114.2 114.5 115.2 116.3 117.8 120 122.9 121.8 115.2 106.3 104.9 104.4 102.7 103.8 105.2 108 105.5 106 102 101 101.6 103.9 106.9 106.7 107 104.4 104.5 103.8 101.8 99.2 98.2 99.2 99.6 99.6 100.5 97.8 97.4 97.3 96.2 94.9 95.9 94.1 92.3 87.1 80.4 72.6 58 42.8 33.4 33.4 33.2 33.1 46.9 54.7 57 62.5 76.6 83.3 96.8 101.7 111.3 113 114 111.2 105.1
124.8 125.5 127.4 128.7 131.4 132.9 131.3 129.1 126.9 124.9 121.9 118.7 117.1 114.9 113.6 112.8 112.6 112.5 112.5 112.6 113.8 118.3 119 112.8 105.5 104.6 103.6 103.7 106.4 109.2 112.4 111.5 109.8 107.5 104.8 106.2 105.3 110.9 106.6 106.1 103.3 104 103.7 102 99.2 98.5 98.9 99.4 99.5 98.7 98.3 97.8 97.3 95.2 92.5 95.5 91.7 88.4 82.9 77.7 72.2 62.7 46.6 33.2 33.4 30.9 32.7 42.9 50 50.8 65.2 74.6 80 90.6 95.4 107.9 106.6 106.2 106.6 101.8
123.5 124.6 125.6 127.5 128.7 130.6 129 128 127.3 124.2 121.5 118 114.6 113.2 112.5 112.4 112.3 112.1 111.8 111.8 111.3 114.1 116.6 110.7 103.9 104 104 108.4 110.7 113.1 112.5 114.6 113.1 111.4 108.7 108.1 108.8 107.2 105.7 104.4 102.6 103.8 102.7 100.4 99.5 98 98.2 98.7 99.6 99.2 99.3 98.9 96 93.6 90.8 91.6 88.3 85.5 85 81.1 76 66.2 50.8 32.3 31.9 32.7 32.3 41.5 47.2 49.9 65.3 71.8 75.6 82.2 88.1 96 97.4 100.3 101.9 99.2
122.6 122.7 123.4 125.4 127.1 126.8 127.8 127.1 125.4 122.8 119.9 116.5 113.4 112.5 112.4 112.2 111.9 111.6 111 110.7 110.6 111.6 113.5 107.7 104.9 105 105.2 106.9 111.1 114.1 114.7 113.8 112.6 109.5 108.9 108.7 109.4 107.4 107.2 106.3 104.1 100.5 100.1 99.7 99.2 97.8 98.1 98.6 101.1 102.2 99.9 99.2 94.6 92.1 89.1 86 83.9 83.2 83.1 79.1 75.1 67.3 52.7 35.5 32.7 32.8 32.3 37.3 42.8 47.1 57 64.7 69.9 74.6 81.3 88.2 90.9 95.1 95.6 96.9
120.3 121.6 122.8 123.9 125.5 128.2 127.9 125.7 123.7 122.2 119.6 116.1 115 112.3 110.9 111.1 111.4 110.8 110.3 109.7 110.1 110.5 109.9 106.7 107.8 107 107.1 110.3 111.7 112.8 114.5 111.2 111.4 110.6 110.5 108.3 109.2 110.3 109.2 108.7 111.1 101.2 100.1 100.2 98.7 98.1 97.9 98.8 101.2 100.2 99.2 98 93.3 87.2 83.2 79.7 79.7 80.5 80.2 76.8 74.7 69.5 57.3 44.4 32 32.3 32.2 32 36.7 43 50 55.9 63.3 66.9 72.6 82 84.1 90.2 89.8 93.8
119.1 120.9 122.4 123.7 127.1 128.7 127.2 125 123.6 122 118.6 116.5 114.9 113.4 112.9 111.8 111.7 111.3 111.2 111.4 111.4 110.2 109.2 109.1 109.6 111.1 112.4 113.3 114.2 111.5 111.4 110.9 110.6 111.6 112.7 110.4 111.8 112.2 111 109.1 108.8 103.1 100.4 100.4 99.5 98.3 97.8 98.9 100.5 99.3 98.1 95.9 90.3 82.8 80.6 80 76.1 76.5 76.6 75.9 72.7 66.9 56.9 51 31.7 30.7 31.7 31.9 33 34.2 41.4 47.7 55.7 59.9 66.6 73.2 77.7 84 86.2 88.8
119.3 120.7 122.7 125.1 127.4 128.4 128.1 126.4 124.6 122.9 119.3 117.3 115.7 115.3 114.6 112.8 112.9 113.7 111.8 112.3 112.9 111.9 111.2 111.5 111.8 112.6 112.3 111.9 111.9 111.7 112.3 111.1 110.4 110.3 111.4 111.7 111.3 113 109.2 107.6 106 105 103.5 102.7 101.3 98.3 96.7 99.6 99.5 98.2 97.1 94.2 87.1 81.1 79.5 79.3 77 76.3 73.7 71.3 66.5 60.2 56.2 52.1 46 31.8 29.9 29.1 31.7 32.2 35.3 42.6 49.2 55.7 61.6 67.6 73.5 79 83 85.6
117 121.3 124.4 127.2 128.5 128.6 128.4 128 126.4 125.5 122.7 120.8 118.9 115.8 113.9 114.3 117.2 119 115.9 113.4 113.6 112.7 112.5 113.5 114.8 113.6 113 112.1 112.3 112.8 112.2 111.3 110.9 110.3 111.5 111.3 110.6 110.4 109.9 107 107.5 105.6 105.2 104.1 101 99.7 96.5 98.1 98.8 98.6 98.6 92.2 83.5 82.2 85.5 84.8 83 78.4 72.7 71.1 70 65.7 60.2 54.2 49.3 40.1 30.9 30.9 29.1 31.6 32.4 39 45.2 50.8 58.3 65.1 69.8 75.9 80.2 83.8
117 123.1 127.9 130.5 131.2 131.2 131.1 130.3 128.7 126.5 123.1 120.1 117.7 115.8 114.3 118.8 119.4 117.6 116.7 115 114.4 114 113.9 114 114.6 113.5 112.9 112.5 112.2 113.5 112.5 111.4 110.3 109.4 109.2 110.1 110.3 110.2 111.5 108.8 109.2 107 106.3 103.6 102.5 100.5 100.2 96.9 98.9 98.1 95.9 89.3 82.9 87.7 92.1 89.7 85 80.3 79 78.4 76.9 72.8 68 61.3 53 47.2 34.2 30.4 30.8 31.4 30.8 34.5 40.7 47.3 55.8 62.6 66.6 72 77.8 82
120.2 126.5 131.3 134.3 135.2 135.6 134.7 133.3 131.9 128 123 120.5 118.2 116.9 119.3 119.5 119 122.3 120.2 118.6 116.1 115.2 115.6 116.5 116.7 113.5 112.9 112.4 112 111 110.9 111.2 109.7 109.7 108.3 109.8 109.1 108.1 108.7 108.1 109.1 108.8 105.6 106.1 101.6 100 97.3 95.3 97.1 94 90.7 86.7 84.7 91.5 98.7 94.2 88.8 86.1 86.6 86.3 84.1 80.4 76 69.2 60.4 52.6 46.2 33 30.4 28.5 30.8 30 35.5 45.8 51.2 57.7 65.5 70 74.5 78.5
124.4 130.4 134.6 137.1 138.4 139.3 139.4 138.2 135.7 129.9 125.4 122 119.7 118.9 120.4 121.7 120.1 121.5 118.9 118 120.1 119.2 119 121.1 118.7 113.6 113 112.4 111.4 110.3 110.2 110.1 108.6 108.1 108 108 107.6 107.9 107.5 107.4 108.3 108.8 105 105.6 100.6 98.5 97.8 92.4 91.9 90.4 89.1 86.9 85.4 93.1 98.4 98.8 93.4 93.9 95.2 94.7 92.5 89.2 84.7 77.7 69.7 59.2 52.7 45.8 29.9 29.6 30.5 30 30.3 40.7 47 52.5 61 67.8 71.9 75
127.9 134.5 137.8 140.7 142.2 143 143.5 142 138.4 133.7 127.9 123.1 121.2 120.5 120.8 121.6 120.2 120.4 120.4 121 120.3 120.6 121.7 123 118 113.6 113 112.3 110.7 110 109.7 108.3 107.4 106.6 106.8 107.1 107.5 107.8 107.3 106.8 108.5 109.6 110.5 103.1 99.9 97.2 96.1 92.9 90 90.4 88.1 85.2 85.4 93.3 98.9 101.4 100.5 102.4 103.9 103.4 101.7 98.5 94.1 87.7 80.2 70.7 61.1 52.3 39.6 29.6 27.7 30.2 29.6 32.2 41.4 47.9 57.8 64.8 67.2 70.1
130.8 136.8 140.4 143.5 145.3 146.7 147.1 145.1 141.4 137.8 133.2 126 120.9 120.6 120.5 121.4 122.2 123.1 119.8 119.9 118.8 119.8 122.5 122.6 116.4 113.3 112.8 111.9 110.5 109 108.1 106.7 105.4 106.6 106.6 106.2 107.8 107.9 106.1 106.1 108 102.4 101.4 101.6 100.2 101.4 94.8 92.6 91.8 88.3 86.4 85.4 85.1 92.8 100.3 106.3 109.8 112.1 113 112.8 111 108.1 104.2 99.1 92.4 83.8 74.1 61.3 50.8 40.8 27.8 30.5 29.6 28.8 35.9 44 50.6 56.1 61.3 64.6
134.6 140.1 143.3 144.7 146.5 148.4 148.7 147.3 143.6 139.9 135 128.9 120.5 120.4 120.3 122.6 124.2 124.1 123.1 119.5 117.9 117.8 122 121 113.9 113 112.5 110.6 111.4 109.2 107.3 106.8 106.1 106.2 104.6 104.1 106.6 106.3 108.2 102.1 100.3 100.6 100.7 99.9 101.5 101 96.1 94 88.6 86.6 86 85.3 84.8 94.8 104.7 113.2 120 122.7 122.6 122.6 120 118.1 116.2 111.9 106.5 98.5 87.7 74.5 60.3 48.9 47.1 27.7 28.3 28.3 30.9 36.2 42 46.1 52.5 56.3
136.8 142.6 144.1 145.2 146.6 148.2 148.7 148 145.2 142.5 135.6 129.7 123.1 120.1 119.2 119.2 124 121.8 117.4 117.8 117.6 116.8 120.1 118.7 114 113.1 112.2 110.5 110.5 108.7 107.3 106.4 105.8 105.7 103.7 102.2 102.8 105.2 99.1 98.7 99 99.7 100.3 99.1 99.7 101.1 93.2 91.1 87.5 86.6 85.9 85.2 91.6 102 111.7 120.2 127.9 137.3 133.6 131.9 130.5 129.5 129.8 126.9 123 115 104.1 88.2 72.2 58.3 51 43.6 29.8 29.5 27.5 29 30.1 38.5 44 50.1
137.9 142.2 143.1 144.3 145.3 146.6 147.6 147.9 146.7 142.9 136.1 130.5 119.7 119.4 118.5 118.2 117.7 118.4 115.9 116.4 116.6 116 117.5 115.9 113.3 112.5 111.7 110.3 109.7 108.9 107.8 107.7 105.5 105.3 101.7 100.7 101.1 98.9 98.3 98.4 98.3 98.4 98.9 98.7 97 94 92.5 90.3 88.4 87.5 87 90.1 97.3 108.6 117.2 123.6 132 139.9 140.2 136.3 137.6 141.5 144.1 142.9 138.8 131 119.4 102.5 83 68.7 53.8 49 32.2 29.5 29.1 28.8 26.7 29.1 38.7 44.8
137.2 140.6 141.6 142.7 143.6 144.9 145.8 146.3 145.7 141.4 136.7 126.2 120.7 118.5 118.2 118.6 115.1 114.3 114.6 114.9 115.3 115.1 114.7 113.4 112.6 112 111.3 111 109.3 108.3 107.3 106.2 105.1 101.5 100.6 100.6 100.4 99.3 98.6 97.9 97.8 97.6 97.5 97.3 96.8 94.9 91.8 89.8 89 90.8 91.6 97.9 106.2 112.7 119.6 125.3 131.8 138.6 139.5 139.3 142.9 148.3 156.5 156.2 150.6 142.2 131.4 113.4 96.5 78.2 61.7 52.2 37.8 29.7 29 28.6 28.2 25.2 29.2 40.4
136 138.2 139.5 140.7 141.9 143 144.1 144.3 143 137.5 130.1 121.4 121.4 120.3 120.6 114 113.7 112.8 112.9 114.4 114.4 113.6 113.3 112.2 111.3 111 110.6 110.7 109.6 108.6 107.5 108.2 102.8 102.4 102 100.9 100.7 100 99.3 98.6 97.9 97.2 97.1 97.1 95.5 94.1 94.2 92 89.8 97.5 100.9 108.7 117 118.9 123.1 125 130.2 136.3 137.8 139.8 146.6 152.7 161 159.7 156.6 148.2 137.8 124.7 109.1 88.6 70.4 53.1 39.7 31.8 28.9 28.4 27.9 27.8 28.5 29.2
134.3 136.2 137.4 138.7 140.1 141.2 142.4 142.9 141.6 135.9 129.8 126.8 123.1 118.4 114.9 114.3 113.5 113 113.5 113.6 113.3 112.4 112.4 111.2 110.1 110.7 111.1 110.2 108.7 107.7 105.8 105.1 105.8 103.5 103.4 102.2 101.3 100.8 100.1 99.4 98.7 97.9 97 96.8 94.9 96 95.6 93.6 94.8 97.3 109.8 118.3 123.9 123.7 124.4 125 131.2 135 137.3 139.2 146.9 154.1 160.9 160.2 158.7 150.9 142.7 131.4 116.9 96.9 77.3 60.1 41.9 38.4 29 27.9 27.6 27.6 28 28.2
132.4 134.2 135.6 137 138.4 139.4 140.5 141.7 142.2 137.5 134.9 126.5 122.2 117.8 115.9 115 114.7 114.2 114.3 114.6 113.7 112.3 111.6 110.8 110.9 111.1 109.9 109.1 109.1 108.7 106.5 105.7 105.6 106.5 104.4 103.4 102.5 101.7 101.1 100.3 99.6 98.8 97.9 97 95.8 96.2 96.1 98 97.2 100.4 117 124.3 129.6 127.6 125.5 127.5 135.5 134.6 136.2 138.6 144.7 150.7 156.1 159.1 155.6 151.1 145.5 135.2 122.5 105.3 85.4 64.5 44.6 42.4 37.7 31.3 27.8 27.7 24.4 27.3
