data/210000-840000.asc
ncols 200
nrows 200
xllcorner 210000
yllcorner 840000
cellsize 50
[rows 140 to 174 of 200, columns 0 to 77 of 200]
345 344.3 344.1 348.5 355.2 364.5 377.4 389.7 401.2 412.9 422.2 431.8 442.2 451.9 463.1 473.2 484.8 490.5 488.1 474.4 462.4 454.6 476.9 503.5 528.2 552.2 572.9 594.3 610.4 633.2 647.1 658.6 660.9 627.9 595.7 565.8 543.7 522.9 505.5 495.9 487.4 479.5 473.1 465.7 455.4 448.2 439.5 433.2 428.9 428.9 428.9 428.9 428.9 428.9 434.7 444.9 457.3 469.9 483.5 496.4 503.4 513.6 527.4 544.2 542 540 530.5 524.3 521.6 518.1 516.4 511.7 507.2 506 501.8 493.9 483.5 478.8
334.5 333.7 333.1 336.3 340.2 346 355.7 366 377.5 388.8 398.7 407.1 414.2 424.3 435.6 445.6 455.2 464.1 462.8 460.6 448.6 453 477.6 504.1 530.4 557.6 581.3 602.4 620.6 640.2 655.1 663 669.4 644.1 605 575.2 551.4 530.2 514.9 502.7 493.2 484.5 477.5 471.5 461.3 453.9 448 439.9 432.9 428.9 428.9 428.9 428.9 428.9 432 440.1 451 462.5 478.1 487.1 493.9 501.5 510.3 526.3 534.6 537.8 530.3 526.9 525 521.2 518.6 515.1 512.2 509.6 502.6 494.2 485.9 483.3
326.4 324.6 323.6 325.3 327.3 329.3 335.9 342 353.8 364.5 375.1 385.5 394.1 399.9 410.1 419.1 427.2 434.6 438.9 441.2 429.9 450 478.7 501.2 527.1 557.3 580 601.5 622.2 642 656.2 667.3 672.6 657.2 618.7 587.4 560.6 539.6 523.3 510.2 497.7 489.6 482.1 475.6 468.1 462.1 454.6 444.4 440.3 435.3 428.9 428.9 428.9 428.9 428.9 432.7 444.3 457.1 468.7 476.7 486.1 493.5 502.3 516.4 526.7 537.5 528.8 524.9 523 522.7 520.6 518.6 516.2 510.5 504.1 497.2 491.3 488.2
321 317 315.2 315.8 316.8 316.2 318.8 322.5 332.5 343 353.9 364.2 370.3 376.8 385.7 394 400.9 409.7 416.7 422.7 418.4 444.1 469 490 516.2 545.2 569.1 592 615.4 633 652.1 664.8 675 664.6 632.3 602.8 574.4 549.8 533.1 517.5 504.5 494.8 486.6 480.8 476.2 471.3 463.9 450.3 444.2 440.9 432.5 428.9 428.9 428.9 430.2 435.8 443.2 452.3 460.1 468.1 477.6 486.6 494.1 504.4 514.6 524.3 522.8 521.5 521.6 523.7 523.4 522 519.6 515.1 508.5 503.9 496.9 492.3
315.3 311.3 309.8 306.3 306.3 305.7 306.4 308.8 314.6 323.3 332.6 341 350.6 358.3 365.8 371.7 378.1 385.6 392.9 401.6 409.7 427.9 450.9 474.8 500.5 525.5 551.1 576.7 599.1 620.7 639.6 655.3 671.7 680.4 649.8 619.8 589.7 562.7 542.4 525.5 510.7 498.2 490.6 488.1 483.5 477.5 468.4 457 450.6 446.2 437.2 432.1 428.9 428.9 428.9 433.8 440.1 448.6 456.8 464.3 471.8 480.9 488.3 495.2 503.1 508 513.7 516.3 517.4 521 524.2 523.8 523 518.9 515.2 509.8 503.3 497.2
308.1 305.9 304.9 301.3 296.4 294.9 295.1 296.3 301.1 306.7 314 321.9 329.9 337.7 344.1 349.8 356.2 363.9 372.5 379.5 391.8 410.5 429.3 452.1 476.6 499 523.1 547.8 572.4 599.4 618.7 636.7 661.3 676.9 667.3 636 607.5 584.3 555.6 536 519.7 506.4 497.3 495.5 491.5 483.4 472.8 461 456 451.2 441.6 436.3 429 428.9 428.9 428.9 437.2 445.7 453.1 460.2 466.1 474.2 479.5 485.9 492.6 498 503.6 508.4 513.5 518 521.8 524.5 524.3 523.2 520.2 516.1 510.1 504.5
305.2 301 299.9 297.7 290.8 287.3 285.9 287 289.5 294 299.2 304.6 310.8 316.8 323.5 330.3 336.9 343.9 351.8 360.5 375.7 392.5 409.1 426 448.5 470.3 495.1 519.7 544.1 568.8 590.1 610.7 639.5 661.8 670.3 653.6 631.1 601.7 570.7 547.4 530.4 516 504.9 501.4 497.9 488.6 477.5 467.6 462 457 448.1 439.2 432.6 429.2 428.9 428.5 435.4 442 449.1 456 461.7 466.7 471.6 478.7 485.1 490 495.6 500.9 506 511.5 517.9 521.2 524.7 526 525.1 522.2 517.5 512.7
307.4 299.1 293.4 292.7 287.3 280.6 279.8 281.2 282.9 283.4 285.3 289.6 292.5 297.5 304.1 311.1 318.4 324.4 328.2 346.3 361 376.1 391.7 408.6 426.8 446.5 472 494.2 517 539.8 559.9 580.3 606.8 635.7 668.3 671.6 649.8 621.8 591.8 563.7 544.6 528.3 516.1 508.9 496.4 486.3 476.3 473.9 468.8 458.8 453.3 445.4 439.7 435.8 431.3 430.2 433.5 438.9 445.4 450.9 455.3 459.3 465 471.8 477.6 482 487.8 493.5 498.6 504 512.1 516.9 520.7 525.6 528.2 526.8 525.5 523.4
301.4 299 286 278.4 276.7 273 273.6 274.2 274.6 275.1 275.9 277.7 280.3 284.8 289.5 295.7 302.8 310.2 321.4 333.5 345.7 359.7 373.8 387.6 404.2 421.8 443.4 465.5 485.6 508.9 526.2 547.4 574.4 610.7 650.7 662.7 659.4 643 610.8 582 562 543.3 529.1 516.5 504.1 493.6 486.5 481.8 472.5 463.7 460 452.3 445.7 442.5 435.5 430.8 430.8 434.6 441 446.2 450.4 454 458.5 464.3 469.1 474.2 480.1 485.9 491.1 498.1 506.2 512.1 517.3 522.6 525.7 528 530.4 530.3
287.8 283.2 279.9 273.4 264.8 263.3 266 265.9 266.5 267.3 268.1 269.3 270.8 273.5 277.8 283.2 290.1 295.2 307 317.2 329 342.9 354.5 364.9 378.8 394.9 413 434 453.5 474.6 495.6 514.2 542.6 579.3 620.8 633.2 644.6 639.3 616.7 600.2 581.7 559.9 544 530.1 518.1 505.4 498.1 487.5 476.3 469.7 464.3 457 450.5 442.6 437.3 431.4 427.7 430.2 436.3 441.4 445.4 448.3 451.8 456 461.5 466.4 472.2 478.1 484.1 491.7 498.3 503.7 509.1 514.1 518.3 521.2 523.5 529.2
270.6 269.5 268.2 264 262.1 259.3 255.8 257.9 258.6 259.4 260.3 261.4 262.8 264.2 267.4 271.5 276.8 284.1 292.7 301.2 312.1 323.1 333 344.9 357.2 370.4 385.6 405.1 421.9 441.5 461.4 482.6 505.9 534.4 568.5 598.4 610.4 617.9 608 602.3 593.4 576.4 561.3 546.2 532.1 520.4 509.4 495.6 485.3 477.2 470.1 464.2 457.5 450 439.8 433.8 427.4 425 431.2 436.8 439.9 442.7 445.6 448.7 453.4 458.7 464.3 470.3 476.1 482.3 488.6 493.7 498.6 503.5 508.4 512.1 515.6 520.2
256.3 256.3 255.5 254.2 250.8 253.8 245.6 253.6 251.7 251.7 252.6 253.7 255.5 256.9 256.7 260.4 265.9 271.3 278 285.7 294.8 305 315.8 326.6 337.9 352.4 362.2 377.9 394.2 413.6 434.6 454.1 476.4 498.9 517.6 538 563.4 580.7 583.2 587.5 589.3 584.4 578.3 566.8 555.2 538.6 524.2 509.5 496 486.8 478.2 472.2 463.8 456.8 445.4 434.4 427.8 421.7 425.4 432.3 434.2 437 440 442.9 446 450.9 456.5 462.4 468.3 473.9 478.6 483.6 488.6 493.6 498.6 501.6 504.3 509.7
243.8 244.4 244 242.7 240.4 242.8 238.4 243.3 247.8 245.1 245.3 246.2 247.6 249.6 248.3 249.7 254.8 260 266.3 273.6 282.3 289.9 299.3 309 320.5 333.1 342.6 351.3 366.2 387.7 407.6 425.8 448.2 467.5 488.6 506 532.1 545.8 561.3 570.7 579 587.3 592.3 587.7 574.6 557.8 542 523.1 506.5 496.5 486.7 478.5 469.3 459.3 447 436.6 428.1 422.1 419.1 427.5 428.5 431.4 434.1 436.9 440.4 445 449.6 454.6 460.5 466 471.5 474.9 478.8 483.8 488.8 492.3 493 499
230.9 233 232.6 231.9 231.3 234.6 236.2 232.6 238.6 238.4 238.3 239 239.4 240.8 241.1 242.3 246.1 249.8 254.5 261.8 268.4 275 281.3 290.2 299.6 311 319.1 326.8 341 357.8 378.2 394.2 413 434.4 452.6 470.1 492 510.3 527.4 543.1 558 574.3 583 593.3 590.4 575.7 560.7 539.7 516.7 504.4 488.3 481.1 468.6 458.4 446.5 436 427.3 420.8 414.1 422.1 424.2 426 428 430.1 434.9 439.4 443.7 448 452.7 457.9 463.5 468.2 471.2 474.2 479 482.8 483.8 489.1
218.7 220.9 221.5 221.7 218.7 221.8 223.8 224.6 227.1 233 232 229.9 229.7 233.5 233.4 235.6 237.7 240.1 243.3 249.9 256.3 262.1 265.8 271.1 280.1 288.9 295.9 305.7 316.8 330.7 349.2 364.9 379.5 398.6 419.2 434.3 453.9 471.9 490.8 510 528.2 547.3 566.3 580.7 591.1 587.2 573.9 554.2 530.8 510.1 493.6 480.8 470.2 459.2 446.6 434.5 426 417.3 410.4 413.5 419.5 421.3 422.6 425.2 429.9 434.3 438.6 442.9 446.9 451.9 456.1 461.2 464.6 467.6 471.4 475.1 478.8 483.4
218.7 218.7 218.7 218.7 218.7 218.7 218.7 218.7 218.7 226.5 222.8 219.9 219.7 221.1 221.5 226.4 229.6 232.7 234.5 239.9 244.6 248.8 252.8 256.6 262.9 269.4 276.6 285 294 304.1 320.6 337.2 350.5 366.4 385.3 400.5 416.2 434.6 458.7 481.1 497.9 517.1 540 558.8 578.1 586.6 581.4 563.8 543.8 523.2 503.4 484.7 469.5 459.7 446.7 433.4 424.1 413.1 406.5 402.1 414.6 415.8 416.6 419.6 424.4 429.1 433.4 437.5 441.4 446 450.2 454.4 459 463 466.4 469.9 472.7 478.4
218.7 218.7 218.7 218.7 218.7 218.7 218.7 218.7 218.7 218.7 218.7 218.7 218.7 218.7 218.7 218.7 223.3 226.7 227.7 230.5 231.5 235.8 240.9 244.4 248 253.6 259.9 266.6 273.9 284 294.5 309.1 323 337 353 368.8 384 403.5 426.4 445.2 465.5 481.4 506 529.5 552.8 569.5 573.2 569.2 555.8 536.7 512.3 489.8 470.2 457.4 442.9 431.5 419.7 406.6 398.5 395.4 410.7 409.1 410.3 414 418.8 423.7 428 431.9 435.8 439.8 443.7 448.3 453.7 458.3 461.7 466.2 470.1 471.6
218.7 218.7 218.7 218.7 218.7 218.7 218.7 218.7 218.7 218.7 218.7 218.7 218.7 218.7 218.7 218.7 218.7 218.7 218.7 219.1 218.7 221.2 227 231.6 235.9 239.3 243.5 250 257.5 266.1 275.5 284.4 297.1 310.6 322.9 339.9 355.4 372.3 392.6 411 429.5 448.7 469.5 491.5 521.4 541.5 556.4 555.9 554 545.6 519.6 489.2 463.7 448.6 434.1 422 408.3 396.8 388.7 391.3 402 399.8 403.6 409.7 414.3 418.2 421.7 425.7 429.8 433.7 437.6 442.8 448.3 453.6 457.8 462.2 466.4 468.8
218.7 218.7 218.7 218.7 218.7 218.7 218.7 218.7 218.7 218.7 218.7 218.7 218.7 218.7 218.7 218.7 218.7 218.7 218.7 218.7 218.7 218.7 218.7 218.7 219.3 222.6 226.7 233.8 241.3 248.5 258.5 266.9 274.2 287.4 300.8 315.7 328.5 345.6 362.6 380.4 398.3 417.3 438.4 458.8 482.2 510.6 524.5 532.4 532.2 525.9 497.1 471.7 444.9 430 418.6 409.2 396 387.4 380.7 378.6 385.7 395.6 401.2 406.1 409.9 410.8 414.5 419.3 423.8 427.9 432.8 438.4 443.8 448.5 451.6 457.4 462.7 465.4
218.7 218.7 218.7 218.7 218.7 218.7 218.7 218.7 218.7 218.7 218.7 218.7 218.7 218.7 218.7 218.7 218.7 218.7 218.7 218.7 218.7 218.7 218.7 218.7 218.7 218.7 218.7 218.7 222.7 232 241.7 249.7 258.5 267.1 279 293.9 305.6 320.3 336.5 352.4 369.5 386.7 406.7 426.2 443.6 467.7 487.3 505 509.7 500.7 474.3 446.7 424.4 412.7 398 390.6 382.8 374.4 369.3 367.5 384.2 390.2 398.1 397 401.4 402.3 406.5 410.6 416.1 421.4 426.2 432.2 438.2 443 448 452.7 458.3 461.4
218.7 218.7 218.7 218.7 218.7 218.7 218.7 218.7 218.7 218.7 218.7 218.7 218.7 218.7 218.7 218.7 218.7 218.7 218.7 218.7 218.7 218.7 218.7 218.7 218.7 218.7 218.7 218.7 218.7 218.7 227.5 232.4 242.6 250.8 259.5 272.5 284.4 296.4 311.6 326.7 341.7 358 372.6 389.2 404.7 424.5 451 471.9 487.7 486.5 455.6 426.9 406.7 394.5 382 374.2 367.9 361.8 359.1 366.7 374.1 380.4 385.9 386.6 391.6 394.4 398.4 402.5 407.3 412.3 420.5 426.6 432.6 437.9 443.1 448.6 453.8 455.5
218.7 218.7 218.7 218.7 218.7 218.7 218.7 218.7 218.7 218.7 218.7 218.7 218.7 218.7 218.7 218.7 218.7 218.7 218.7 218.7 218.7 218.7 218.7 218.7 218.7 218.7 218.7 218.7 218.7 218.7 218.7 218.7 222.7 232.3 241.9 253.5 266.4 277.5 289.5 301.6 313.8 328.2 342 356.8 369.8 383.1 401.1 427 450.6 461.8 438.7 408.8 388.5 378.3 364.3 358.5 352.9 352.9 349 355.2 363.1 369.7 372.3 376.3 378.8 386.4 389.3 393.3 398.8 408.2 414.2 420.4 425.4 431.7 437.7 444.1 447.2 450.5
218.7 218.7 218.7 218.7 218.7 218.7 218.7 218.7 218.7 218.7 218.7 218.7 218.7 218.7 218.7 218.7 218.7 218.7 218.7 218.7 218.7 218.7 218.7 218.7 218.7 218.7 218.7 218.7 218.7 218.7 218.7 218.7 218.7 218.7 225 237.4 248.3 259.3 270.2 281.2 291.2 301.4 313.2 327.6 338.6 349.2 362.7 378.1 399.6 414 407.1 388 366.6 354.6 349.6 345 341.3 338.8 338.6 345.8 352.6 358 363.3 366.3 371 378.6 379.6 384.6 392.8 399 405.6 411.9 416.4 423 429.8 437.6 440.8 444.3
236.8 228.5 223.7 219.3 218.7 218.7 218.7 218.7 218.7 218.7 218.7 218.7 218.7 218.7 218.7 218.7 218.7 218.7 218.7 218.7 218.7 218.7 218.7 218.7 218.7 218.7 218.7 218.7 218.7 218.7 218.7 218.7 218.7 218.7 218.7 221.1 229.6 241.7 252.1 260.3 268.8 279.3 289.2 301.2 310.9 322.1 333 346.7 360.3 366.9 370.9 363.9 351.7 340.7 336.9 332.3 329.7 327.9 332.7 335 340.3 345.6 350.9 359.7 358.2 363.8 366 374.1 381.8 387.7 395.4 402.6 407.7 415.2 422.1 428 431.9 435.8
250.3 243.5 240.2 235.3 231.2 227.9 225.9 219.5 218.7 218.7 218.7 218.7 218.7 218.7 218.7 218.7 218.7 218.7 218.7 218.7 218.7 218.7 218.7 218.7 218.7 218.7 218.7 218.7 218.7 218.7 218.6 218.7 218.7 218.7 218.7 218.7 218.7 226.7 236.8 245 254.6 262.1 271.3 280.4 289.8 301.9 308.4 320.2 331 335.7 338.7 339.1 338.9 331.8 324.1 321.3 319.2 318.1 319.9 322 327.6 333.2 338.8 343.8 344.6 349.2 356.7 363.8 369.9 375.3 383.5 390.6 397.9 405.5 411.8 417.6 422.8 426.4
264.8 259.7 254.4 248.7 244.9 240.4 236.9 233.2 232.2 228.6 226.9 218.7 218.7 218.7 218.7 218.7 218.7 218.7 218.7 218.7 218.7 218.7 218.7 218.7 218.7 218.7 218.7 218.7 218.7 218.6 218.7 218.7 218.7 218.7 218.7 218.7 218.7 218.7 218.7 229.5 239.8 248.2 256.2 263.4 271.2 279.5 287.7 296.9 307 313.1 315.5 318.8 315.8 323.5 314 308.7 306.3 302.7 308.7 311 315.5 320.6 327.7 326.9 332.4 338.4 347.2 353.5 356.6 362.3 368.8 377.4 387.1 393 399.5 406.5 411.4 415
283.5 279.2 275 265.3 260.6 255.2 250.2 248.2 246.4 244 243.4 238.5 236 232.1 228.6 221.4 218.7 218.7 218.7 218.7 218.7 218.7 218.7 218.7 218.7 218.7 218.7 218.7 218.7 218.7 218.7 218.7 218.7 218.7 218.7 218.7 218.7 218.6 218.6 218.7 223.9 234.8 242.2 248.7 255.3 264.3 271.9 280.4 289.1 295.8 296.2 297.9 297.5 301.6 301.7 299.5 294 293.6 300.6 301.2 304.4 308.9 313.1 315 319.9 328.4 338.5 341.2 341.3 350.3 354.9 366 374.5 378.5 384.9 394.4 399.7 399.4
302.2 297.3 290.4 284.3 279.2 272.4 268.6 266 265.7 262.5 257.8 252.4 248.6 244.9 240.8 239.7 234.1 234.2 225.3 225.1 218.7 218.7 218.7 218.7 218.7 218.7 218.7 218.7 218.7 218.7 218.7 218.7 218.7 218.7 218.7 218.7 218.7 218.7 218.7 218.7 218.7 219.8 226.4 234.6 241.2 248 256.4 264.5 272.6 281.8 282.2 282.3 281.9 283.5 288 285.4 285.6 285.9 289.2 289.3 292.6 297.8 298.3 301.9 308.1 319.4 325.6 325.2 327.8 334.6 339.9 352.1 359.3 364.1 371.3 380.8 383.4 384
316.5 311.8 306.7 302.3 297.9 290.3 285.3 281.5 279.1 275.8 271.5 266.8 263.3 259 255.3 251.9 246.5 244.7 238.4 234.7 230.4 228.3 218.7 218.7 218.7 218.7 218.7 218.7 218.7 218.7 218.7 218.7 218.7 218.7 218.7 218.7 218.6 218.7 218.7 218.7 218.7 218.7 218.6 220.8 228 234.1 242.8 250.8 257.7 266.9 268.4 268.7 268.8 270.9 274.1 273.5 275.8 275 281.1 274.9 279.5 285.5 285.3 287.4 297.1 308.4 311.1 312.1 315.1 317.2 324.9 334.5 342.9 348.9 355.4 363.2 364.5 369.2
333.8 329.3 324.8 318.8 313.3 307.2 301.5 297.6 291.9 289.8 287.4 283.7 278 273.2 269 263.3 258.5 256.3 249.1 245.1 239.9 234.5 230.1 222.3 218.7 218.7 218.7 218.7 218.7 218.7 218.7 218.7 218.7 218.7 218.7 218.7 218.7 218.7 218.7 218.7 218.6 218.7 218.7 218.7 218.7 220.2 226.2 236.9 245 250.8 253.9 255.4 257 258.8 261.3 262.1 266.1 266.9 269.3 267.9 268.9 271.9 274.7 275.4 284 294.5 297.8 297.2 299.7 300.9 308.1 317.1 325.8 333 340 344.5 348.5 351.4
350.7 347.1 343.9 336.7 330.1 322.3 317.8 312.3 306.1 304.7 304 300.2 292.3 286.2 280.5 273.7 270.1 264.6 260.5 256 250.7 243.4 239.1 233.4 228.6 227.8 218.7 218.6 218.7 218.7 218.6 218.7 218.7 218.7 218.7 218.7 218.7 218.7 218.7 218.7 218.7 218.7 218.7 218.7 218.7 218.7 218.7 222.1 234.5 239.4 242.1 243.8 245.6 247.5 247.5 252.7 256.4 254 259.3 259 258.6 258.8 261.7 264.8 270.7 279.7 283.1 284 286.2 289.6 294 302.3 310.6 318 322.4 326.4 330.9 333.4
362 359.3 357.6 352.7 345.4 337.3 332.6 328 320.6 317.5 319.2 310.3 302.3 296.5 285.4 281.6 278.6 275.8 271.3 266.7 261.1 257.4 250.4 244.7 237.7 228 221.5 218.7 218.7 218.7 218.7 218.7 218.7 218.7 218.7 218.7 218.7 218.7 218.7 218.6 218.7 218.7 218.7 218.7 218.7 218.7 218.7 218.6 218.7 226.3 232.3 233.2 235.5 238.7 238.5 245.4 246.2 243.7 250 249.9 253.9 253.6 253.4 257.7 263.3 265.5 269.9 273.6 275.1 276.4 281.7 288.5 295.8 303 309.2 314.1 313.8 318
380.7 375.9 373.3 368.9 363.6 354.9 347.6 343.2 335.8 326.4 322 316.4 310.4 303.9 295.8 292 289.8 287.5 283.4 278.8 274.6 271.1 263.9 254 243.3 237.2 230.3 224.6 218.7 218.7 218.7 218.7 218.7 218.7 218.7 218.7 218.7 218.7 218.7 218.7 218.7 218.7 218.7 218.7 218.7 218.7 218.6 218.6 218.7 218.7 220 223.7 227 219.4 230.8 237.4 236.6 235 241.2 246.1 249 248.6 249.3 251 256 255.4 257.5 259.4 261.6 264.9 270 274.8 278.5 287.9 294.3 299.4 298.5 302
396.7 392.7 389 382.8 376.6 367.7 361.3 356.2 347.6 336.6 328.4 324.1 321.7 313.6 305.5 302.8 301.5 300.4 295.8 291.3 288.1 284.7 277.8 265.2 253.5 246.6 239.3 234.4 227.7 218.7 218.7 218.7 218.7 218.7 218.7 218.7 218.7 218.7 218.7 218.7 218.7 218.7 218.7 218.7 218.6 218.6 218.7 218.7 218.7 218.7 218.6 218.7 218.7 218.7 223 230.2 230.7 231.6 235.7 240.8 241.8 242.4 245.1 246.4 247.9 248.9 250.3 249.7 251.7 254 258.2 260 265.3 272.3 279.4 285 281.9 284.6
413.5 408.7 403.4 397.4 389.2 380.5 376.6 367.7 357.3 345.8 340.6 340.9 333.8 321 315.1 314.3 313 310.4 306.5 303.2 300.8 296.5 288.9 276.3 264.4 256.6 253 249.1 241.2 233.7 226 218.7 218.7 218.7 218.7 218.7 218.7 218.7 218.7 218.7 218.7 218.7 218.7 218.6 218.6 218.7 218.7 218.7 218.7 218.6 218.6 218.7 218.7 218.7 218.7 221 220.5 227.7 233 235.3 235.4 239.6 240.4 239 240.5 241.5 241.3 241.1 242.5 244.2 247.8 249.7 251.7 256.8 266 270.9 266.1 270.5
