data/210000-930000.asc
ncols 200
nrows 200
xllcorner 210000
yllcorner 930000
cellsize 50
[rows 0 to 37 of 200, columns 85 to 169 of 200]
7.7 -1.8 -1.8 -1.8 -1.8 -1.8 -1.8 9.2 12 2.3 5.2 20.6 19.7 20.1 12.7 -1 -1.8 -1.8 -1.8 -1.8 -1.8 -1.8 -1.8 -1.8 -1.8 -1.8 -1.8 -1.8 -1.8 -1.8 -1.8 -1.8 -1.8 -1.8 -1.8 -1.8 -1.8 -1.8 -1.8 -1.8 -1.8 -1.8 13.2 15.2 12.3 4.1 0.4 -1.8 -1.8 -1.8 -1.8 2 11.5 31.1 43.4 50.2 52 46.5 44.7 49.4 59.5 69.6 65.7 68.2 72.1 66.8 65.9 66 67.3 67.7 71.1 78.2 94 99.8 106.9 94.4 111.8 121 111.2 108.8 115.8 118.9 119.9 116.7 121
-1.8 -1.8 -1.8 -1.8 -1.8 -1.8 17.3 20.9 33.2 38.3 29.1 24.6 21.8 18 9.5 1.7 -1.8 -1.8 -1.8 -1.8 -1.1 -1.8 -1.8 -1.8 -1.8 -1.8 -1.8 -1.8 -1.8 -1.8 -1.8 -1.8 -1.8 -1.8 -1.8 -1.8 -1.8 -1.8 -1.8 -1.8 -1.8 -1.8 5.7 10.2 10.2 -1.8 -1.8 -1.8 -1.8 -1.8 -1.8 9.9 22 38 45.9 55.7 56.5 49.2 43.6 54.6 61.5 71.5 77.7 73.8 67.7 66.4 66.6 67.5 72.2 74.6 80.1 87.3 99.7 109.1 111.8 104.1 93.1 108.7 100.1 106 112.2 117.9 116.9 116.7 116.7
-1.8 -1.8 -1.8 -1.8 -1.8 -1.8 24.6 24.7 30.5 32.3 21.8 18 17.4 15.5 12 -1.8 -1.8 -1.8 -1.8 -1.8 -1.8 -1.8 -1.8 -1.8 -1.8 -1.8 -1.8 -1.8 -1.8 -1.8 -1.8 -1.8 -1.8 -1.8 -1.8 -1.8 -1.8 -1.8 -1.8 -1.8 -1.8 -1.8 -1.8 5.1 -1.8 -1.8 -1.8 -1.8 -1.8 -1.8 -1.8 20.8 36 46.4 51.3 61.6 57.3 47.7 37.2 44.3 55.4 54.3 63.9 69.9 68.6 69.5 75.2 88.2 86.2 87.2 90.2 92.8 101.3 108.3 110.1 107.7 96.6 91.5 92.7 98.2 109.7 117.4 115.5 120 118.1
-1.8 -1.8 -1.8 -1.8 -1.9 -1.8 21.9 40.2 41.5 27.7 17.5 13.6 10.1 5.6 -1.8 -1.8 -1.8 -1.8 -1.8 -1.8 -1.8 -1.8 -1.8 -1.8 -1.8 -1.8 -1.8 -1.8 -1.8 -1.8 -1.8 -1.8 -1.8 -1.8 -1.8 -1.8 -1.8 -1.8 -1.8 -1.8 -1.8 -1.8 -1.8 -1.8 -1.8 -1.8 -1.8 -1.8 -1.8 -1.8 21.2 33.6 40.7 46.7 60.8 55.6 49.8 38 35.2 43.8 42.7 51.8 63 70.8 73.1 76.2 85.9 99.9 93.1 93.6 100.3 99.9 103.3 107.2 110.1 107.8 103.5 88.1 86.3 89.8 94.5 95.8 97.7 98.7 104.3
-1.8 -1.8 -1.8 -1.8 -1.8 -1.8 -1.8 24.7 26.6 25 6.9 -1.8 -1.8 -1.8 -1.8 -1.8 -1.8 -1.8 -1.8 -1.8 -1.8 -1.8 -1.8 -1.8 -1.8 -1.8 -1.8 -1.8 -1.8 -1.8 -1.8 -1.8 -1.8 -1.8 -1.8 -1.8 -1.8 -1.8 -1.8 -1.8 -1.8 -1.8 -1.9 -1.8 -1.8 -1.8 -1.8 -1.8 -1.8 18.3 36.7 44.7 44 46 59.1 52.3 43.2 32.9 34.5 37.9 50 62.1 69.3 82 84.4 89.2 95.4 102.2 98 102.7 106.6 106.5 105.5 109.1 110.7 108.1 101.3 88.8 85.4 91.5 93.6 91.1 99.5 108.8 116
-1.8 -1.8 -1.8 -1.8 -1.8 0.2 -1.8 -1.8 -1.8 15.7 -1.8 -1.8 -1.8 -1.8 -1.8 -1.8 -1.8 -1.8 -1.8 -1.8 -1.8 -1.8 -1.8 -1.8 -1.8 -1.8 -1.8 -1.8 -1.8 -1.8 -1.8 -1.8 -1.8 -1.8 -1.8 -1.8 -1.8 -1.8 -1.8 -1.8 2.1 -1.8 9.3 9.9 -1.8 -1.8 -1.8 -1.8 10.2 30.8 44.2 45.7 48.6 45.1 42.8 37.2 29.9 28.2 36 43.2 54.2 61 71.5 83.9 93.8 97.6 99.8 102 102.8 104.7 107.8 108.4 109.1 109.2 104 96.6 89.5 85.9 83 87.1 93.8 97.1 99.8 106.2 108.4
-1.8 -1.8 -1.8 -1.8 -1.8 -1.8 -1.8 -1.8 -1.8 1.6 -1.8 -1.8 -1.8 -1.8 -1.8 -1.8 -1.8 -1.8 -1.8 -1.8 -1.8 -1.8 -1.8 -1.8 -1.8 -1.8 -1.8 -1.8 -1.8 -1.8 -1.8 -1.8 -1.8 -1.8 -1.8 -1.8 -1.8 22.1 26.1 2.3 12.4 17.1 22.2 25.5 22.4 -1.8 -1.8 -1.8 25.8 47.2 54.8 52.9 49.7 43 39.8 28.2 28.2 28.2 36.7 47.1 55.1 60.7 72.5 83.8 94.4 99.8 102.2 102.8 105.8 104.3 104.2 104.4 91.1 86.1 81.9 82.7 85.8 89.1 86.6 85.2 86.7 91.6 95.1 96.3 90.6
4.7 -1.8 -1.8 -1.8 -1.8 -1.8 -1.8 -1.8 -1.8 -1.8 -1.8 -1.8 -1.8 -1.8 -1.8 -1.8 -1.8 -1.8 -1.8 -1.8 -1.8 -1.8 -1.8 -1.8 -1.8 -1.8 -1.8 -1.8 -1.8 -1.8 -1.8 -1.8 -1.8 -1.8 -1.8 -1.8 23.9 40.9 44 24.3 10.8 19.5 28.6 28.8 28.6 13.5 10.2 17.8 38.2 57.7 54.5 54.5 53.5 39.4 28.3 28.2 29.4 29.9 39.7 49.1 57.1 68.1 83.1 90.9 90.2 95.7 100.3 102.8 98 86 78.4 77.4 77.4 77.6 77.3 79.3 93.8 94 80.6 80.6 80.6 82.2 85.2 91.4 92.8
9.9 -1.8 -1.8 -1.8 -1.8 -1.8 -1.8 -1.8 -1.8 -1.8 -1.8 -1.8 -1.8 -1.8 -1.8 -1.8 -1.8 -1.8 -1.8 -1.8 -1.8 -1.8 -1.8 -1.8 -1.8 -1.8 -1.8 -1.8 -1.8 -1.8 -1.8 -1.8 -1.8 -1.8 -1.8 22.7 32.8 45.1 45.3 43.5 29.6 21.9 23.4 28.1 28.5 24.4 10.9 15.3 35.8 45.2 49.2 45.4 41.3 28.7 28.2 28.2 28.2 33.5 39.4 41.3 56.8 62.2 68.1 74.1 74 76.6 77.3 75.5 70.4 68.9 68.8 68.6 70.6 70.1 71.7 81.8 87.7 85.7 82 80.6 80.6 80.6 80.6 90.9 93.9
11.7 10.3 -1.8 -1.8 -1.8 -1.8 -1.8 -1.8 -1.8 -1.8 -1.8 -1.8 -1.8 -1.8 -1.8 -1.8 -1.8 -1.8 -1.8 -1.8 -1.8 -1.8 -1.8 -1.8 -1.8 -1.8 -1.8 -1.8 -1.8 -1.8 -1.8 -1.8 -1.8 -1.8 15 26.7 38.9 47.5 45.7 45.7 39.8 25.5 23.4 24.1 25.1 24.4 12.7 11 25.6 34.5 35.8 28.7 28.2 28.2 28.2 28.2 28.2 28.2 27.8 31.9 40.3 36.5 38.7 48.8 57.8 69.8 74.5 69.7 66 63.8 63.8 66.7 64.6 64.8 65.5 70.8 77.2 78.9 79.1 80.6 80.6 80.6 80.6 82.7 91.6
13.9 13.5 3.7 -1.8 -1.8 -1.8 -1.8 -1.8 -1.8 -1.8 -1.8 -1.8 -1.8 -1.8 -1.8 -1.8 -1.8 -1.8 -1.8 -1.8 -1.8 -1.8 -1.8 -1.8 -1.8 -1.8 -1.8 -1.8 -1.8 -1.8 -1.8 -1.8 -1.8 -1.8 14.8 36.8 48.2 45.9 47.2 39.3 40.1 37.6 18.9 19.9 23.9 19.1 8.1 10.8 23.8 32 32.2 28.2 28.2 29 28.2 28.2 28.2 28.2 28.2 28.2 29 42 39.8 49.1 60.7 69 66.6 60.5 56.9 61.7 62 65.4 65.4 67.4 68.7 75.5 81.3 84.5 82.7 86 80.6 80.6 80.6 82 89.1
14.8 16.9 10.2 -1.8 -1.8 -1.8 -1.8 -1.8 -1.8 -1.8 -1.8 -1.8 -1.8 -1.8 -1.8 -1.8 -1.8 -1.8 -1.8 -1.8 -1.8 -1.8 -1.8 -1.8 -1.8 -1.8 -1.8 -1.8 -1.8 -1.8 -1.8 -1.8 -1.8 1.2 12.6 19.6 29.5 39.8 36.5 29.1 35.3 28.8 10.8 9.5 13.7 12.7 8.1 15.8 16.9 23.4 29.3 33.3 32.6 30.4 28.2 28.2 28.2 30.5 37.7 37.9 38.8 41.1 47.6 56.8 54.4 59.3 56.9 56.9 59.2 71 72.1 66.7 69.4 74.2 83.9 87.7 84.9 85.9 90.7 93.9 87.1 80.6 83 84.3 90.1
11.1 10 13.7 -1.8 -1.8 -1.8 -1.8 -1.8 -1.8 -1.8 -1.8 -1.8 -1.8 -1.8 -1.8 -1.8 -1.8 -1.8 -1.8 -1.8 -1.8 -1.8 -1.8 -1.8 -1.8 -1.8 -1.8 -1.8 -1.8 -1.8 -1.8 -1.8 -1.8 10 21.6 24.9 27.3 28 28.8 28.1 27 18.3 8.1 8.1 11.8 8.6 8.3 8.3 8.2 18 30 42.2 41 33.6 28.2 28.2 34.2 56.8 75.7 76 67.6 62.2 52.6 54.3 59.9 56.9 56.9 56.9 61.8 71.2 75.1 81.5 80 89.6 94.2 89.9 90.1 94.5 95.1 97.8 97.7 86.1 88.5 90.5 96.1
14.5 3.1 -1.8 -1.8 -1.8 -1.8 -1.8 -1.8 -1.8 -1.8 -1.8 -1.8 -1.8 -1.8 -1.8 -1.8 -1.8 -1.8 -1.8 -1.8 -1.8 -1.8 -1.8 -1.8 -1.8 -1.8 -1.8 -1.8 -1.8 -1.8 -1.8 -1.8 -1.8 2.3 15.4 29.1 27.1 37 35.5 29.2 26.4 15.2 11.7 8.3 8.3 8.3 8.3 8.3 12.7 23.8 37.4 40.9 37.6 35.2 32.6 32.2 47.5 68 91.1 93.3 86.6 79.4 65.9 63.5 56.9 56.9 56.9 56.9 67.1 75.9 84.3 96.8 94.9 98.9 100.5 97.4 99.4 102.9 106 108.7 110.6 105.4 91.3 98.3 104.3
5.5 -1.8 -1.8 -1.8 -1.8 -1.8 -1.8 -1.8 -1.8 -1.8 -1.8 -1.8 -1.8 -1.8 -1.8 -1.8 -1.8 -1.8 -1.8 -1.8 -1.8 -1.8 -1.8 -1.8 -1.8 -1.8 -1.8 -1.8 -1.8 -1.8 -1.8 -1.8 -1.8 10.1 20.3 31.2 31.4 29.4 28.6 23.3 21.4 15.1 12.3 8.3 8.3 8.3 8.3 14.1 20.5 34.1 44.9 52.2 50.4 47.7 58.4 66.8 70.9 87.7 84.5 76.8 76.7 72.1 76.6 72.4 60.9 56.9 56.9 60.4 72.6 79.6 86.3 94.8 94.6 99.2 102.7 106.1 109.9 111.5 124.2 133 125.5 123.1 115.6 105.5 110.1
-1.8 -1.8 -1.8 -1.8 -1.8 -1.8 -1.8 -1.8 -1.8 -1.8 -1.8 -1.8 -1.8 -1.8 -1.8 -1.8 -1.8 -1.8 -1.8 -1.8 -1.8 -1.8 -1.8 -1.8 -1.8 -1.8 -1.8 -1.8 -1.8 -1.8 -1.8 -1.8 -1.8 -1.8 -1.8 20.4 25.7 23.9 15.8 20.2 19.1 11.6 8.3 8.3 8.3 8.3 8.3 20.8 33.8 50.6 61 67.2 75.7 87.5 85.5 86.9 86.5 83.4 75.8 71.7 68.8 84.4 84.1 75.7 67.4 56.9 56.9 62 70.6 75.3 85.5 94.9 95.7 102.5 112.4 120.8 124.5 123.9 132.3 134.8 130.7 134 127.1 115.1 121.9
-1.8 -1.8 -1.8 -1.8 -1.8 -1.8 -1.8 -1.8 -1.8 -1.8 -1.8 -1.8 -1.8 -1.8 -1.8 -1.8 -1.8 -1.8 -1.8 -1.8 -1.8 -1.8 -1.8 -1.8 -1.8 -1.8 -1.8 -1.8 -1.8 18.2 19.7 -1.8 -1.8 -1.8 -1.8 2.3 11.5 15 14.8 16 11.8 10.5 8.4 9.6 8.3 14.8 22.8 33.3 45.3 57.9 61.4 65.8 76.3 84.2 88.8 86.4 82.8 81.2 69.7 71.1 83.5 91.7 87.1 78.2 76.2 71.9 60.7 63.6 73.1 84.6 93.6 100.1 104.2 111.3 122 135.6 133.1 126.6 125.8 126 124.8 129.7 128.1 123.8 121.4
-1.8 -1.8 -1.8 -1.8 -1.8 -1.8 -1.8 -1.8 -1.8 -1.8 -1.8 -1.8 -1.8 -1.8 -1.8 -1.8 -1.8 -1.8 -1.8 -1.8 -1.8 -1.8 -1.8 -1.8 -1.8 -1.8 -1.8 -1.8 -1.8 15.8 16.6 3.7 -1.8 -1.8 1.9 4.4 7.2 10.9 14.4 13.1 16 14.7 12.1 10.2 12.8 20.2 24.6 22.5 36.3 47.7 57.7 54.5 77 86.3 85.2 80.2 77.8 73.1 68.8 77.8 81.6 86.4 83.4 85.5 80.8 76.3 72.1 81.4 83.8 90.9 102.4 112.1 117 115.1 125.3 135.8 133.3 125.2 123.9 123.9 123.9 126.8 128.3 123.7 120
-1.8 -1.8 -1.8 -1.8 -1.8 -1.8 -1.8 -1.8 -1.8 -1.8 -1.8 -1.8 -1.8 -1.8 -1.8 -1.8 -1.8 -1.8 -1.8 -1.8 -1.8 -1.8 -1.8 -1.8 -1.8 -1.8 -1.8 -1.8 -1.8 8.6 7.8 11.7 12.6 11.7 9.9 7.2 8.2 20.1 22 15.4 24.3 26.7 20.6 11.3 14 28.7 23.7 18.7 33.9 53.7 53.8 57.1 71.1 75.1 73.8 70.7 67.9 68.8 77.6 85.2 87 83.6 83.6 87.4 89.1 83 76.5 85.9 89.8 100.2 103.1 113.1 127.6 119.3 117.8 123.3 126.7 123.9 123.9 123.9 125.9 129 124.3 125.3 122.2
-1.8 -1.8 -1.8 -1.8 -1.8 -1.8 -1.8 -1.8 -1.8 -1.8 -1.8 -1.8 -1.8 -1.8 -1.8 -1.8 -1.8 -1.8 -1.8 -1.8 -1.8 -1.8 -1.8 -1.8 -1.8 -1.8 -1.8 -1.8 5 13.1 8.9 26.5 22 17.7 10.6 6.9 8.7 8.3 9.5 12.7 19.6 26.8 24.9 12 11.7 22.8 22.4 22.1 27.8 49.5 54.8 60.8 65.6 66 65.1 61.4 62.7 69.9 74.5 82 86.2 86.8 90.2 93.5 91.8 88.1 84.7 94.4 97.3 106.6 114.6 110.2 119.7 120.1 116.2 118.2 122 129.9 126.4 123.9 122.5 120.4 124.5 120.7 116.1
-1.8 -1.8 -1.8 -1.8 -1.8 -1.8 -1.8 -1.8 -1.8 -1.8 -1.8 -1.8 -1.8 -1.8 -1.8 -1.8 -1.8 -1.8 -1.8 -1.8 -1.8 -1.8 -1.8 -1.8 -1.8 -1.8 -1.8 -1.8 16.8 17.6 17.8 23.8 26.2 22.4 15.5 5.4 10.6 7 5.5 8.5 12.3 10.2 17 19 17 17.2 16.7 19.8 19.3 45.7 59.1 58.4 57.4 63.1 57.5 57.4 64 68 75.9 81.1 91.9 97.3 94.9 98.7 97.4 87.8 93.3 97.6 100.6 110.3 114.9 114.8 106.9 108.4 112.5 115.6 122.9 124.7 120.2 115 109.7 108.7 101.6 97.2 94.2
-1.8 -1.8 -1.8 -1.8 -1.8 -1.8 -1.8 -1.8 -1.8 -1.8 -1.8 -1.8 -1.8 -1.8 -1.8 -1.8 -1.8 -1.8 -1.8 -1.8 -1.8 -1.8 -1.8 -1.8 -1.8 -1.8 -1.8 -1.8 -1.8 2.3 11 16.1 14.2 15 6.9 -1.8 0.8 1.6 1.9 9.5 4.5 6.5 10.7 16.7 19.8 11.7 11.1 16.1 15.8 36.7 54.3 54.5 52.6 48.7 57.1 59.9 66.8 81.1 88.1 94.1 104.3 104.6 102.9 102 102.4 90.5 103.1 105.1 106.2 112.2 112.9 110.9 105.6 106.6 110.1 109.8 110.6 111.1 103.9 101.4 89.7 86.3 87.3 94 96
-1.8 -1.8 -1.8 -1.8 -1.8 -1.8 -1.8 -1.8 -1.8 -1.8 -1.8 -1.8 -1.8 -1.8 -1.8 -1.8 -1.8 -1.8 -1.8 -1.8 -1.8 -1.8 -1.8 -1.8 -1.8 -1.8 -1.8 -1.8 -1.8 -1.8 2.3 9.9 8.2 14.6 -1.8 -1.8 -1.8 -1.4 -1.8 -1.8 2.3 4.6 14.3 19.1 27.8 11.1 11.1 11.1 11.1 12.1 24.6 35.5 46.5 65.4 65.8 68.6 78.3 93.3 94.8 100.5 109.3 107.6 108.8 107.1 103.6 98.8 104.6 106.1 107.6 111.3 111.6 104.7 101.2 102.3 111.2 109.9 102.8 98.5 90.4 83.4 80.8 84 92.6 105.8 102.6
-1.8 -1.8 -1.8 -1.8 -1.8 -1.8 -1.8 -1.8 -1.8 -1.8 -1.8 -1.8 -1.8 -1.8 -1.8 -1.8 -1.8 -1.8 -1.8 -1.8 -1.8 -1.8 -1.8 -1.8 -1.8 -1.8 -1.8 -1.8 -1.8 -1.8 -1.8 2.2 5.5 -1.8 -1.8 -1.8 -1.8 -1.8 -1.8 -1.8 14.7 12 23.6 27 33.6 21.5 11.1 11.1 11.1 11.1 23.7 37 49.1 62.8 66.6 77.5 92.1 102.3 100.7 103.1 105.8 107.7 108.1 119.9 112.2 104 102.4 107.6 107.5 108.8 106.3 100.2 98.1 94.4 94.3 93.8 87.4 74 71 76.4 82.5 103.7 101.2 102.5 103.7
-1.8 -1.8 -1.8 -1.8 -1.8 -1.8 -1.8 -1.8 -1.8 -1.8 -1.8 -1.8 -1.8 -1.8 -1.8 -1.8 -1.8 -1.8 -1.8 -1.8 -1.8 -1.8 -1.8 -1.8 -1.8 -1.8 -1.8 -1.8 -1.8 -1.8 -1.8 -1.8 -1.8 -1.8 -1.8 -1.8 -1.8 -1.8 -1.8 13.8 22.4 15.9 27 25.8 28.9 25.4 16.8 11.1 11.1 11.1 17.7 37 51.1 57.2 61.2 76 88.3 95.5 93.9 91.7 100.4 104.5 115.2 116.3 110.3 104.2 91.3 97 97.5 98.8 94.9 90.2 82.9 76.6 70.9 63.3 61.5 63.5 77.8 88.4 107.4 112.2 107.4 104.4 104.3
-1.8 -1.8 -1.8 -1.8 -1.8 -1.8 -1.8 -1.8 -1.8 -1.8 -1.8 -1.8 -1.8 -1.8 -1.8 -1.8 -1.8 -1.8 -1.8 -1.8 -1.8 -1.8 -1.8 -1.8 -1.8 -1.8 -1.8 -1.8 -1.8 -1.8 -1.8 -1.8 -1.8 -1.8 -1.8 -1.8 -1.8 -1.8 -1.8 -1.8 -1.8 11.4 17.2 16.4 21.8 20.4 20.9 12.7 11.1 11.1 12.7 39.4 59.1 62.7 61.7 71.6 85.4 91 86.6 81.8 88 90.9 101.7 100.6 88.7 84.2 83.3 84.1 82.6 80.5 81.2 80.4 71 57.2 52.2 54.7 59.1 65.4 79.9 101 114.9 116.1 110.6 106.9 106
-1.8 -1.8 -1.8 -1.8 -1.8 -1.8 -1.8 -1.8 -1.8 -1.8 -1.8 -1.8 -1.8 -1.8 -1.8 -1.8 -1.8 -1.8 -1.8 -1.8 -1.8 -1.8 -1.8 -1.8 -1.8 -1.8 -1.8 -1.8 -1.8 -1.8 -1.8 -1.8 -1.8 -1.8 -1.8 -1.8 -1.8 -1.8 -1.8 -1.8 -1.8 -1.8 -1.8 8.1 20.6 27.7 28.2 31.9 12 13.2 22.8 23.8 57.3 57.8 59.5 65.6 71.5 74 74.6 77.4 81.7 87.1 84.3 86.7 81.7 74.7 77.1 79.1 76.4 69.1 68.4 71.7 60.2 52.3 54.7 65 69.8 69.5 93.6 105.5 113 112.9 107.8 107.4 107.6
-1.8 -1.8 -1.8 -1.8 -1.8 -1.8 -1.8 -1.8 -1.8 -1.8 -1.8 -1.8 -1.8 -1.8 -1.8 -1.8 -1.8 -1.8 -1.8 -1.8 -1.8 -1.8 -1.8 -1.8 -1.8 -1.8 -1.8 -1.8 -1.8 -1.8 -1.8 -1.8 -1.8 -1.8 -1.8 -1.8 -1.8 -1.8 -1.8 -1.8 -1.8 -1.8 -1.8 7.2 21.5 29.4 39.5 42.2 27.2 15.7 21.6 26.8 28.9 40.6 46.8 53.6 55.2 62.1 76.9 77.7 79.8 74.9 75.1 86.8 85.9 74.7 74.7 78 73 63.7 58.6 53.5 48.6 63.5 62.3 61.7 62.8 74.8 94.3 99.8 105.3 103.8 104.9 119.2 126.7
-1.8 -1.8 -1.8 -1.8 -1.8 -1.8 -1.8 -1.8 -1.8 -1.8 -1.8 -1.8 -1.8 -1.8 -1.8 -1.8 -1.8 -1.8 -1.8 -1.8 -1.8 -1.8 -1.8 -1.8 -1.8 -1.8 -1.8 -1.8 -1.8 -1.8 -1.8 -1.8 -1.8 -1.8 -1.8 -1.8 -1.8 -1.8 -1.8 -1.8 -1.8 -1.8 -1.8 8.9 26.1 23 29.3 32.7 23 22.2 29.6 30 29.9 38 51.1 49.7 53.8 69 82.9 80.8 76.3 74.6 81 90.1 93.4 86 75.5 74.4 70.7 63.3 58.1 59.2 58.6 58.2 57.6 67.4 69.3 66.6 74.1 89.7 91.8 92.3 102.8 119 123.8
-1.8 -1.8 -1.8 -1.8 -1.8 -1.8 -1.8 -1.8 -1.8 -1.8 -1.8 -1.8 -1.8 -1.8 -1.8 -1.8 -1.8 -1.8 -1.8 -1.8 -1.8 -1.8 -1.8 -1.8 -1.8 -1.8 -1.8 -1.8 -1.8 -1.8 -1.8 -1.8 -1.8 -1.8 -1.8 -1.8 -1.8 -1.8 -1.8 -1.8 -1.8 -1.8 -1.8 13.1 15.6 14.2 18.4 21.3 30.9 24.1 27.5 33.5 32.9 38.7 50.4 49.2 52.2 69.4 79.8 72.9 75 86.1 86.9 94.4 95.7 84.7 75.2 71.3 80.9 68.2 46.9 45 54 59.4 71.3 76.7 83 81.2 77.1 76.5 80.7 83.3 93 99.5 106.5
-1.8 -1.8 -1.8 -1.8 -1.8 -1.8 -1.8 -1.8 -1.8 -1.8 -1.8 -1.8 -1.8 -1.8 -1.8 -1.8 -1.8 -1.8 -1.8 -1.8 -1.8 -1.8 -1.8 -1.8 -1.8 -1.8 -1.8 -1.8 -1.8 -1.8 -1.8 -1.8 -1.8 -1.8 -1.8 -1.8 -1.8 -1.8 -1.8 -1.8 -1.8 -1.8 13 11.4 7.2 12.7 18.1 24.7 29.4 24.1 33.7 36.6 39.3 35.7 49.6 46.7 46.8 57.4 67.3 65.4 74.4 75.9 80.4 86.3 83.8 73.7 69.5 75.5 76.1 63.5 50.4 45.4 50.4 66.4 81.2 84.5 78.3 75 73.8 73.3 77.8 86.3 90.1 99.8 106.6
-1.8 -1.8 -1.8 -1.8 -1.8 -1.8 -1.8 -1.8 -1.8 -1.8 -1.8 -1.8 -1.8 -1.8 -1.8 -1.8 -1.8 -1.8 -1.8 -1.8 -1.8 -1.8 -1.8 -1.8 -1.8 -1.8 -1.8 -1.8 -1.8 -1.8 -1.8 -1.8 -1.8 -1.8 -1.8 -1.8 -1.8 -1.8 -1.8 -1.8 26.2 27.4 16.7 7.1 7.6 16.3 20.5 27.3 24.7 24.3 33.1 37.1 31 34.6 32.1 31.1 38.6 46.8 55.7 58 63.4 66.1 67.7 76.7 72.8 65.5 64.9 71.8 60.3 53 44.3 44 69 70.2 70.2 72.2 76.1 77.6 79.4 80.7 75.3 81 95.1 104.3 110.1
-1.8 -1.8 -1.8 -1.8 -1.8 -1.8 -1.8 -1.8 -1.8 -1.8 -1.8 -1.8 -1.8 -1.8 -1.8 -1.8 -1.8 -1.8 -1.8 -1.8 -1.8 -1.8 -1.8 -1.8 -1.8 -1.8 -1.8 -1.8 -1.8 -1.8 -1.8 -1.8 -1.8 -1.8 -1.8 -1.8 -1.8 -1.8 17.1 31.7 36.8 33.3 17.4 7.1 11.4 18.5 26 34.9 34 24.3 25.7 30.9 31.7 35.8 30.8 27.3 35.9 43.2 49.7 56.9 54.7 51.8 57.2 68 66.8 58.1 59.7 50.6 48.5 40.2 42.6 51.9 60.8 73.2 81.3 84.3 81.6 83 83.7 84.9 82.3 79.6 91.7 99.5 111
-1.8 -1.8 -1.8 -1.8 -1.8 -1.8 -1.8 -1.8 -1.8 -1.8 -1.8 -1.8 -1.8 -1.8 -1.8 -1.8 -1.8 -1.8 -1.8 -1.8 -1.8 -1.8 -1.8 -1.8 -1.8 -1.8 -1.8 -1.8 -1.8 -1.8 -1.8 -1.8 -1.8 -1.8 -1.8 -1.8 -1.8 11.5 29.5 36.5 38.1 31 9.5 7.3 10.2 15.7 25.9 36.8 34.9 25.6 35.7 33.9 28.3 40.2 37.6 24.2 31.6 41.8 48.2 48.3 43.8 43.3 49.5 59.1 55.4 46.2 36.6 34.8 36.8 43.7 62.4 72 78.4 86.5 97 98.3 90.1 85.5 85.8 86.6 89.5 93.3 82.4 90.8 107.9
-1.8 -1.8 -1.8 -1.8 -1.8 -1.8 -1.8 -1.8 -1.8 -1.8 -1.8 -1.8 -1.8 -1.8 -1.8 -1.8 -1.8 -1.8 -1.8 -1.8 -1.8 -1.8 -1.8 -1.8 -1.8 -1.8 -1.8 -1.8 -1.8 -1.8 -1.8 -1.8 -1.8 -1.8 -1.8 -1.8 4.9 19.2 42.7 48.5 47.4 33 8.2 8.1 14.2 16.8 21.5 30.2 37.1 35.7 38.3 32.6 27.1 26.4 42.6 36 23.6 28.7 41.7 39.3 38.3 32.1 43.4 44.2 35.3 27.9 33.9 41.4 50.3 64.2 99.3 105.8 104.4 108.4 113.8 111.9 107.2 101.6 103.1 107.5 100.4 98.9 96.8 85.7 87.3
-1.8 -1.8 -1.8 -1.8 -1.8 -1.8 -1.8 -1.8 -1.8 -1.8 -1.8 -1.8 -1.8 -1.8 -1.8 -1.8 -1.8 -1.8 -1.8 -1.8 -1.8 -1.8 -1.8 -1.8 -1.8 -1.8 -1.8 -1.8 -1.8 -1.8 -1.8 -1.8 -1.8 -1.8 -1.8 -1.8 8 19 45.7 53.8 51.6 25 9 8 14.2 14.7 8.5 14.1 32.3 37.8 35.6 32.6 28.4 25.1 40.2 37.2 26.9 19.2 25.4 24.8 23.8 17.8 17.2 15.9 37.1 58 69.1 75.9 69.9 106.7 120 124.7 124.6 126.8 132 127.1 126.3 124.2 116.8 116.8 110.1 108.8 109.2 99 86.5
-1.8 -1.8 -1.8 -1.8 -1.8 -1.8 -1.8 -1.8 -1.8 -1.8 -1.8 -1.8 -1.8 -1.8 -1.8 -1.8 -1.8 -1.8 -1.8 -1.8 -1.8 -1.8 -1.8 -1.8 -1.8 -1.8 -1.8 -1.8 -1.8 -1.8 -1.8 -1.8 -1.8 -1.8 -1.8 -1.8 3.6 23.3 42.1 53.4 38.9 21.2 5.8 6 7.8 -1.8 -1.8 -1.8 22 31.5 32.8 33.3 29.2 23.3 23.4 25.6 21.2 8.6 -1.8 7.3 7.1 19.1 33.4 36.3 62.5 81.1 94.7 89.3 102.3 126.7 135.3 136.2 136 142.6 149.3 157.3 147.3 142.9 133.5 124.4 118.2 121.9 118.3 110.6 100.1
-1.8 -1.8 -1.8 -1.8 -1.8 -1.8 -1.8 -1.8 -1.8 -1.8 -1.8 -1.8 -1.8 -1.8 -1.8 -1.8 -1.8 -1.8 -1.8 -1.8 -1.8 -1.8 -1.8 -1.8 -1.8 -1.8 -1.8 -1.8 -1.8 -1.8 -1.8 -1.8 -1.8 -1.8 -1.8 -1.8 6.9 21.3 33.8 39.6 28 10.4 3.8 -1.8 -1.8 -1.8 -1.8 -1.8 12.4 22 22.1 15.1 23 -1.8 -1.8 -1.8 -1.8 -1.8 -1.8 22 28.3 45.5 66.5 74.8 74.4 88.5 103.9 97.6 128.3 139 146.1 146.3 145.9 154.5 163.5 174.1 166.2 155.8 153.1 132.3 127.8 130.7 125.8 121.7 112.1
