data/210000-930000.asc
ncols 200
nrows 200
xllcorner 210000
yllcorner 930000
cellsize 50
[rows 152 to 189 of 200, columns 85 to 169 of 200]
56.3 48.1 47.5 38.9 43.3 40.7 38.4 43.8 51.5 59.1 66.8 69.8 69.8 69.7 71.8 78.2 93.8 107.9 111.1 105.8 106.2 102.5 98.5 106.8 133.7 140.3 145.3 145.4 148.1 150.8 152.1 147.8 144.2 142 140.3 137.3 130.9 125 120.6 120.6 120.9 121.2 123.6 124.8 125.2 127.1 129.8 133.3 136.2 136.7 133.4 131.3 130.1 125.8 119 110.8 106.8 106.7 107.6 106.9 103.6 103.6 104.3 102.2 103 99.9 100.6 109 118.9 121.5 116.6 114.5 120.8 122.1 125.5 134.2 150.7 153 163.9 167.1 165.5 164.6 167.6 176.3 178.2
35.2 42 44.4 38.9 37.4 37.1 37.9 39.6 40.7 42.5 48.9 64.3 74.2 71.2 72.5 78 93.9 104.1 109.9 102 92.2 91.6 105.9 120.9 131 134 138.6 145.4 150.4 155.2 157 148.5 145.5 143.6 141.3 138.5 133.1 126 123.1 120.2 122.6 123.8 124.5 125.5 126.9 130.4 133.7 135.6 138.9 140.2 140.3 135.4 135.8 136.8 134.5 124.9 114.2 112.6 113.6 112.3 111.8 116.8 114.5 110.3 108.7 107.3 107.7 113.4 124.3 123.5 121.8 117.8 118.9 123.2 126.7 127.5 134.5 144.1 155.4 155.4 166.6 174.2 181.5 185.3 197.2
28.2 44.2 46.5 34.7 38.4 37.2 39.1 40.4 41.6 44.1 49.8 59.5 69.9 86.7 89 78.5 85 99.3 105.6 96.3 86.6 89.1 107.3 119.6 121.1 127.4 135.2 146.8 151.5 158.1 157.8 149.2 148 147 142.4 139.7 133.8 129.4 126 122.2 122.6 124.5 125.7 127.9 131.3 134.6 136.9 140 141.6 143.2 142.5 143.2 141.5 138.8 139.5 134.6 122.2 122.3 120.7 119.6 126.1 126.4 121.5 118.9 118.7 116.3 113.3 117.9 124.4 122.6 121.6 120.5 125.5 122.2 123.4 123.5 134.5 135 142.2 162 172.4 179.4 185.6 187.6 195.4
24.7 36 38.5 28.8 38.5 41.5 39.6 40.9 42.6 58.3 74 85.6 92.5 96.3 91.5 87.1 76.2 76.2 81.9 81.7 81.8 93 109.3 115.8 117.9 120.1 134 144.5 149 153.5 154.7 151.6 149.3 148.6 145.2 141.4 134.5 130.9 126.8 125.7 125.4 124.3 126.4 128.8 133.6 137.4 140.6 144.4 145.2 147.8 147.3 147.3 148.3 145.3 143.7 139.7 131.8 130.3 128.9 130.9 131 132.1 131.3 132 129 122.4 118.1 118.2 122.3 122.6 121.7 125.3 126.5 126.1 121.2 122.5 136.2 138.7 146.2 165.7 179.9 187.7 194.4 197.2 196.5
15 18 19.4 27.7 41.8 42.9 51.5 52.9 49.3 64.3 88.2 105.8 107 103.5 102.2 96.3 77.7 76.2 76.2 76.2 78.9 93 104.2 109.2 111.5 114.2 124.2 134 143.3 147.4 153.3 152.4 151.2 149.2 147.6 138.6 135.5 133.2 130 130.1 124.4 128.6 131.4 130.6 134 138.9 145.1 148.3 149.7 151.7 151.4 149.2 151.3 150.3 148.7 145.2 142.1 136.7 136.8 137.5 137.6 137 139.6 143.7 132.5 128.9 122.8 123.1 126.4 126 125.7 125.9 126.3 124 121.6 129.1 133.4 134.1 158.7 167.7 173.7 182.8 195.6 201.1 197.9
2.3 10.4 20.2 39.3 52.1 61.6 67.9 70 60.3 73.4 106.7 116.2 112.5 106.2 90 77.7 76.2 76.3 81.1 78.1 79.7 91.6 97.9 102.7 108.5 119 126.7 135.9 140.5 142.9 150.3 152.5 153.5 151 146.8 138.6 134.9 132.5 130.8 124.6 130.1 133.5 133.5 131.9 135.8 141.2 150.2 152 155.5 156.9 158 152.1 152 154.4 153.8 151.1 145.6 145.5 146.3 146.7 145.7 144.5 142.7 143.2 140.2 137.4 132.7 134.8 138.4 136.1 135.2 129.4 127 124.4 121.9 125.7 132.5 141.2 169.3 177 178.5 178.9 185.4 194.5 193.1
0.9 13.4 27.6 47 60.5 69.1 73.4 74.7 66.3 77.9 94.7 103.5 108.3 102 85.2 76.2 76.2 76.2 76.2 78.7 78.3 82.3 85.5 101.2 109.1 117.7 129.3 134.8 137.6 143.4 148 148.1 160.9 155.8 146.2 138.7 134.3 131.8 124.6 128.3 135 135.6 133 132.9 137.1 144.3 151.7 158.4 163.5 166.9 166.6 156.8 153.9 157 158.3 158.6 154.5 156.4 154.1 153.3 151.4 150.3 148.6 147.7 146.8 143.7 138.7 142.1 144.6 145.2 138.6 133.2 128.9 125.7 125.1 124.8 126.6 142.5 167.7 180.1 186.2 182.9 188.6 191.4 191.5
1.7 22.4 36.2 51.2 63.5 71 82.4 78.1 68.5 75.2 86.6 94.2 100.5 95.6 81.5 76.3 76.2 76.2 76.2 81.8 88.9 86.6 85.1 95.8 118.2 124.4 124.5 127.2 134 137.6 141.3 143.9 145.1 149.1 142.1 137.1 134.4 124.6 124.6 131.8 137.3 137.1 133.4 133.1 137.3 144.5 154.5 165 171.5 174 169.4 157.3 156.1 158.9 161.4 166 164.7 167.2 163 160 157.6 155.4 153.3 151.4 149.8 147.1 144.1 145.8 146.5 144.2 139.9 136.4 133.3 126.9 126.9 129.1 127.1 135.3 151 165.6 173.2 182.1 191 192.5 201.2
-1.8 14.1 34.5 58.6 71.7 77.5 79.2 75.9 69.3 71.6 78 82.6 88.9 76.1 85.3 92.6 84.3 76.4 78 85.1 88.3 91.4 94.1 100.3 103 115.2 123.8 133.5 135 137.5 138.7 147.4 146.6 143.5 139.1 131.5 127.6 124.6 124.6 128.1 136.1 135.2 135.8 134.2 138.6 144.7 152.2 164 170.4 171.8 165.3 158 157.4 160.5 166.3 172.3 171 173.5 173.2 170.5 166.7 163 157.2 151.8 152.2 148.1 146.4 147.3 146.5 143.3 139.3 137.4 137 132.2 136 137.3 138.7 138 137.2 150 159.4 173.9 185 198.8 203.4
-1.8 2.2 30.7 56.9 69.1 74.8 80.7 73.6 67.7 68.2 68.8 67.1 63.5 84 92.9 94.4 90.9 86.8 86.6 87.3 90.5 92 95.2 103.8 115.3 117.7 112.8 119.1 132 145.6 149.4 147.9 144.6 143.1 136.3 129.7 127.7 129.6 128.4 130 133.5 139.7 140.3 139.1 141.5 145.4 149.5 158.6 165.9 169.7 166.3 157.7 158.4 167.1 174 173.8 173.9 175.9 179 179.1 176.4 172 165.6 158.4 156 153.7 153.6 151 151.6 146.2 140.6 140.5 141.9 141.7 140 141 145.8 153.2 151.6 143.1 152.9 163 179.2 190.6 196.9
-1.8 -1.8 20 47.2 62 72.5 67.3 66.4 64.5 66.2 63.9 60.6 67.4 83 91.2 93.9 90.8 89.7 89.3 90.9 91.1 94.3 100.1 107.8 117.1 119.9 119.8 119.5 118.5 130.1 133.8 140.1 144.1 144.5 136.2 132.4 137.8 139.7 134.4 135.9 139.9 143.6 142.6 141.9 142.5 146.6 152.5 160.8 166 166.9 162.2 165.1 168.8 174.1 177.6 182.6 183.6 179.1 181.4 183.3 183.9 182.2 178.7 169.6 163.2 159.5 156.5 158.1 155.2 148.1 142.8 144.5 145.5 147.3 156.3 150.6 144.7 148.9 153.8 152.6 146.7 155.8 167.2 177.3 184.1
-1.8 -1.8 -1.8 29.2 55.5 64.3 64.1 50.9 51.1 59.6 58 57.2 73.9 85.1 90.6 92.6 92.6 90.9 91.6 96.8 100.9 102.7 107 113.6 115.8 124.4 127.3 128.7 132 123.9 130.4 128.3 125.4 129.1 129.4 135.4 138.6 142 144.7 145.1 143.7 144.4 143.3 143.2 144.5 149.7 157 161.8 165.7 167.2 165.5 170.4 175.2 178.1 179.7 182.4 183.8 180.9 181.5 182.7 185.6 188.9 187.8 182.7 176.2 169.6 163 161 157 152.8 150.5 150.5 150.1 153.3 159 158.9 153.7 147.7 149.8 155 155.9 157.8 166.5 170.3 181.9
-1.8 -1.8 -1.8 -1.8 31.6 46.8 46.4 39 37.2 47.3 56.4 62.2 84.3 90.5 92.4 93.9 93.5 91.7 95 103.7 107.9 116.1 117.2 120.8 121.3 124.2 127.9 128.4 131.3 130.9 130.7 120 117 116.4 123.7 139.5 134 136.3 148 151.5 148.9 145.8 144.5 145.5 147.1 151.8 156.6 160.2 163 164.2 172 177.2 176.2 179.3 180 182.4 184.5 181.3 181.5 182.3 185.8 191.4 193.7 193.2 191.1 185 177.6 169.1 161.7 156.9 160 158.2 156.3 160.9 161.2 157.2 156.8 157.7 155.4 155.7 159.6 165.1 167.4 169.1 173
3.4 0.9 -0.1 -1.8 -1.8 22 26.6 26.5 26.9 29.8 36.7 48.3 71.5 87.5 96.6 98.9 91.4 93.7 102.6 112 121.5 123.9 127.3 124.2 122.4 121.7 122.3 121.5 123.8 125.2 123.5 108.6 106.6 111.3 120.5 133.4 126.2 122.2 129.4 143.3 150.2 149.8 148.6 147.5 146.6 150.4 155.8 158.6 160.3 162.7 177.4 178.7 171.5 177.6 177.6 179.3 182.5 180.9 180.4 182.5 186.1 194.1 198.2 200.5 200.2 196.9 191.8 186.2 180.2 175.6 171.4 166.6 166.5 168.4 169.7 164.5 160.5 164.5 165.3 165.9 168 170.9 171.9 175 172.6
38.6 3.2 4.2 4.1 -1.8 -1.8 13.8 15.5 18 21.7 28.6 38.8 57.6 72.1 82.5 90.2 88.6 95.9 108.2 115.7 123.1 127.8 127.1 126.9 122.1 120.3 123.8 120.3 115.4 121.7 108.8 104.8 107.7 114.4 113.2 118.4 114 115.4 124.7 136.6 138.1 134.7 138.7 144.4 145.1 149.2 152.5 152.2 154.7 161.5 172.2 173.5 165 173.2 173.1 172.8 178.6 179.7 178.8 186.1 187.8 192.6 199.6 201.5 203.7 205 203.2 198 194 191.1 181.5 174.8 178.4 177.8 178.8 175.8 172.6 172.7 174.4 172.7 172.8 176.7 182.5 189.5 192.3
64.6 16.1 18.2 15.6 5.7 -1.8 -1.8 7 12.7 15.4 18.2 25.5 54.7 67.5 75.2 76.3 78.9 97 106.5 112.8 112.3 124 122 121.9 120.4 121.1 118.1 110.4 116.1 102.5 104 106.8 109.1 111.9 112.7 113.7 109.9 111.8 120.6 130.3 131 133.2 134.3 137.4 141.2 137.9 144.5 143.8 150 157.9 162.7 167.2 161.7 171.5 170.6 169 170.1 172.2 176.1 186.4 191.3 193.1 199.2 202.7 205.2 206.6 209.3 207.6 205.1 202.6 196 191 186.9 187.5 189.2 187.7 191.7 192.2 185.5 179.9 180.3 186.6 197.1 210.8 215.1
66.3 28.4 21 32 24.4 7.3 -1.8 -1.8 4 9.2 9.5 17.7 47.7 57.7 64.8 68.9 76.8 85.8 95.6 94.9 102.2 110.9 118.4 116.9 119.9 123.6 114.6 109.5 100.2 102.1 105.8 106.4 109.6 108.5 109.2 110.4 113.9 115.5 112.3 118.9 122.3 130.1 127.7 128.2 131.8 132.4 134.4 140.4 147.7 153.7 157.1 157.6 158 170 170.8 168.4 167.7 168.5 173.2 182.3 193.1 195.6 196 203.4 205.2 206 208.8 212.2 212.5 210.2 209 207.2 201.2 199.6 200 202 203.8 203.9 198.2 192.6 194.2 201.8 216.2 221.5 222.7
57.2 49.9 29.9 25.8 28.9 20.9 6 2.4 2.6 3.2 4.8 10.7 22.7 41.8 49.6 58.7 71.8 76.9 81 83.4 89.9 96.1 104.9 107.7 111.2 108.5 108.1 104.4 98.2 100 104.7 107.1 110.9 109.7 111.1 110.4 113.7 118.3 120.6 114.7 118.1 118.7 122.8 127.2 129.9 127.9 131.4 137.8 145 151.8 150.3 153 154.7 162.8 167.6 168.6 167.8 168.3 168.3 173.1 180.5 194.9 197.1 196.7 202.9 205.4 210.2 213.1 213.4 216.8 216.3 216.7 214.6 216.8 217 220.5 221.1 214.8 213.2 208.3 207.3 209.4 213.3 215.8 217.8
68.8 61.9 41.3 32.5 31.3 25.3 17 4.1 4.3 3.1 3.7 6 16.6 28.7 39.9 46.5 55.7 66.8 73.7 85.9 91.5 95.3 100.2 108.9 109.9 100.8 98.9 96.5 96.8 98.7 102.9 111.5 115.9 108.1 108.7 112.4 114.5 122.3 122.8 115.4 114.9 116 118 128.3 130.8 126.9 125.7 132.2 138.2 142.5 146.5 150.6 154.1 156.6 165.2 169.9 171 172 170.4 169.8 170.5 184.1 193.4 192.5 195.7 203.5 209.1 211.3 212.6 216.4 221.4 223 222.4 223.8 225.3 228.3 229.8 229.5 229.5 224.7 224.6 225.9 220.3 218.6 219.1
68.3 60 46.8 35.9 32.7 30.5 27.5 19.1 10.7 5.2 4.7 4.6 9.4 26.8 31 36.4 42.6 51.8 62.8 73.9 84.2 94.7 100.1 104.8 104.2 101.4 99.9 96.6 97.9 100.8 102.4 105.3 106 108.4 108.3 116.5 119.4 124.2 123 119.7 116.8 118.7 128.2 124.7 124.4 125.5 125.1 126.4 132.8 137.4 144.9 149.1 156.8 158.2 160.5 168.9 170.8 171.1 172.2 170.7 170.2 170.3 184 192.6 196.9 199 205.4 208.5 208.6 213 217.6 224.6 227.5 229.2 230.9 233.7 238.5 240.6 241.6 239.2 237.1 237.5 234.6 237.7 240.3
70 61.7 54.1 46.9 38.4 43.3 47.4 35.5 24.1 12.9 7.9 7.3 4.8 7.5 13.4 20.6 30.5 41.1 57.8 67.5 74.5 76.5 79.5 83.4 83.4 87.1 87 87.2 89.3 94 94.9 93.6 97.1 101.2 103.4 114.5 116.7 124.2 121.3 117.6 119.5 125.6 131.2 134.2 128.7 123.3 124.2 129 134.5 137.6 141.8 146.3 157.6 163 160.9 161.7 165 170.4 171.7 172.6 171.6 170.8 173.5 193.1 200 202.4 201.7 205 205.9 208.3 213.9 221.8 228.7 232.1 236.2 240.3 244.7 250.6 252.3 253 254.3 252.3 245.8 245.6 247.4
94.8 82.7 84.1 62.7 47.6 52.7 61.5 42.4 33.6 21.2 18.6 20.3 11 9.8 10.2 8 18.1 34.8 55.9 63 75.8 75 71.9 75.6 77.3 76.7 76 86.8 86.2 90 91.6 98.9 105.9 108.4 110.3 112.2 113 112.5 113.1 118 125 128.7 130.5 129.3 128.6 135.5 125.5 124.6 135.2 137.5 139.6 143.9 157.5 162.2 163.5 163.6 163.1 163.6 164.8 170.4 175.6 178 172.5 179.6 200.1 202.8 203.6 202.4 203.4 205.3 210.9 218 226.8 235.2 239.3 244 250.7 256.2 259.8 260.9 262.9 262.9 262.6 256.3 252.5
97.3 94.3 93.8 73.3 53.3 56.2 69.6 56.3 40.8 28.1 27.1 34.9 30.7 21.2 20 15.6 15.7 24.3 45.5 56.2 63.5 68.7 69.3 68.7 71.2 72.6 79.8 83.9 85.1 91.1 94.7 99.3 102.6 106.2 114.9 117.2 116.5 116.1 118.3 121.8 132.4 134.8 132.5 129.2 128.5 138.6 129.4 124.8 124.8 134.1 137 139.8 151.4 160.6 165.2 167.1 166.5 165.2 166.6 170.8 176.7 181.6 179.9 176.6 192.4 203.7 205.9 200.7 200.7 204 211 216.4 224.5 233.5 242.5 247.1 253.1 258.9 262.5 265.4 267.1 268 270.2 271.3 267.3
109.2 100.9 99 78.6 59.7 60.6 55.7 53.7 41.1 43.5 34.4 34.1 36.2 47.8 40.8 34 21.4 23 46.8 54.7 62.7 64.2 63.2 68.7 71.1 77.4 79.8 83.1 87.4 90.7 94.6 96.6 102.8 109.5 112.3 115 121.5 123.9 127.2 135.6 148.6 154.8 147.7 134.2 128.1 129.5 135.5 126.9 125.3 126.6 130.2 134.3 144.9 154.7 164.3 170.1 170.2 170.5 172.1 175.6 180.5 183.9 185.6 180.1 182.6 197.9 197.8 194.1 195.4 204.3 216.3 221.1 225.3 232.6 242.2 249.1 255.3 260.7 265.5 270 273.2 275.4 275.5 277.8 278.8
106.5 97.6 97.8 100.5 73 64.5 53.5 47.1 49.1 52.7 50.5 42 44.7 52.7 58.3 61.4 39.7 22.3 31.8 49.6 64.4 59.8 59.9 65.6 70.9 76.2 79.2 89.2 93.3 98.4 94.2 94.4 94.8 104.5 112.8 122.2 129.1 132.5 131.4 141.5 152.8 156.9 155.1 141.9 133.9 128.5 126.6 126.1 125.7 127.1 128.8 130.2 137.2 143.8 157.3 172.8 177.9 175.6 176.4 179.4 185.7 189.7 192.1 180.6 180.4 183.5 191.2 186.3 187.1 198.6 219 224.8 229.8 236.5 243.2 251.9 257.9 264.8 270.1 275.1 279.7 283.1 283.5 283.2 284.2
110 113 104.4 102 80.9 71 61.3 52 53.3 62.4 56.6 45.9 50 57.4 64.1 58 40.1 22.1 28.3 28.9 44.3 49.5 54.1 65.9 69.5 74.5 81.9 91.3 95.8 95.1 91.8 91 95.5 106.5 115.7 122.9 132 139.7 136.9 141.3 154.9 160.3 159.2 150.9 145.1 135.1 127.9 127.3 126.7 127.4 128.8 130.1 131.1 137.3 147.3 159.4 175 177.8 179.5 180.3 186.6 189 189.2 187.8 182.1 178.6 176.6 180.5 180.9 190.2 215.8 226.4 234.1 242.4 248.8 254.5 259.9 266.3 273.7 279.8 285 290 294.1 293.4 292.8
122.8 116.6 108.1 102 95.9 93 72.8 63.2 72.1 71.2 60 53 52.8 57.6 56 45.9 32.3 23.3 25.1 24.8 26.4 34.7 39 54.1 67.7 74.5 84.4 90 91.8 92.4 90.1 90.8 92.1 103.1 105.8 110.5 120.4 135.6 133.8 138.5 153 159.3 160.8 157.2 152.3 151.4 134.2 131 132.6 131.4 132.5 132.1 132.4 133.6 136.8 145.8 154.9 166.9 174.9 176.7 183.7 188.2 186.4 184.9 180.5 184.3 177.6 176.7 176.4 185.3 205.2 218.9 232.7 250.1 253.5 254.7 259.3 264.6 274.9 282.1 289.4 294.4 301 305 304.1
125.5 123.7 109.6 105.4 112 102.3 90.6 74.9 81 81.5 74.6 69.6 63.6 62.2 58.3 42.7 26.5 26.7 28.8 31.7 28.4 27.3 33.2 42.6 53.2 64.3 74.6 79 83 84 86.3 88.3 90.1 98.5 102 109.4 111.1 115 122.4 127.9 147.8 157.2 158.1 156.1 151.9 152.3 138.4 136.3 133.4 137.1 138.3 138.7 137 136.4 136.7 136.6 145.1 153.6 163.2 167 172.8 176.4 178.7 179.2 176.2 174.2 173.9 174.8 175 182.6 201.4 212.7 226.4 253.4 259.3 258.6 258.7 264.4 273.5 283.9 292.5 298.4 305.1 310.6 313.9
129.6 125 110.2 118.9 131.7 124.6 104.4 82.8 99.1 88 79.6 74.7 68.5 65.1 47.6 41 36.2 38.8 41.4 42.9 40.5 41.3 44.9 43.8 46 49.1 56.6 66.9 74 77.6 80 83.3 87.2 93.2 99 109.7 111.9 113.6 115.7 120.1 132.4 151.4 159.5 155 148.2 138.3 136 132.5 133.1 138 149.9 142.8 142.2 141.6 141.7 142.2 139.8 146.3 150.4 156.1 162.2 167.7 172.3 173.7 172.8 168.3 173.8 175.1 174.6 181.2 198.9 209.4 216.9 244.4 263.1 263.6 264.7 269.3 275.1 283.7 293 302.3 309.6 316.9 321.5
133.8 120.6 123 137.3 138.8 128.4 108.2 91.4 105.2 97.6 84.8 77.6 79.2 63.1 49.7 44.1 47.7 50.3 51.8 52.9 48.6 54.8 65.9 66.8 66.3 71.3 68.9 71.3 67 71.5 75.6 83 86.2 88.8 88.6 94.9 103.5 114.1 116.5 114.4 123.2 141 155.1 152.5 154.3 137.2 135.2 134.9 141.9 148.3 162.3 153.5 146.8 146.7 148 146.4 143.5 144 146.1 151.7 154.6 159.4 165.7 170.8 172.2 164.8 170.6 177.3 171.5 176.4 196.1 208.5 212.7 228.9 250.5 271 273.5 277 283.7 292 293.7 302.4 310.5 319.1 326.4
135.7 125.6 138.2 147 142.5 133.4 117.7 99.7 109.4 105.6 83.6 77.6 66.8 64.9 52.7 49.8 55.5 62.7 58 57.6 73.6 92 93 83.4 83.9 93.2 101.2 92.9 72 68.5 70.7 75.9 78.6 84.3 87.4 93.8 97.7 105.4 106.8 107.9 111.8 130.7 142.2 143.8 148.9 141.8 143.4 145.7 159 156.5 162.7 165.3 152.3 152.1 152.5 149 143.7 143.9 144.2 143.5 147.1 151.9 156.6 162.5 167.8 163.9 165.4 164.4 170.6 175.1 187.7 208.8 212.5 221.2 239.7 260.1 274 281 292.4 294.5 300.2 305.3 312.5 321.3 328.3
135.6 129 141.8 153.2 146.8 144.2 128.3 108.2 114.2 98.6 83.4 75.2 63.1 61.6 54.7 52.7 57.3 57.4 61.1 78.4 96.2 102.7 102 101.9 90 102.1 119.3 115.5 102.5 82.4 72.8 70.5 71.9 74.6 79 83.9 90.3 96.4 99.2 100 101.2 119.8 127.6 132.8 132.9 142.4 155.7 159.7 161.4 160.9 164.8 174.6 165.8 154.7 154 146.4 142.3 142.4 140.9 140.4 141.8 145.5 151.6 157.3 159.4 161.6 161.6 162.2 164.5 169.6 177.2 204.8 212.1 214.5 228.2 250.4 268.8 282.2 292 291.6 298.4 307.5 312.7 322.4 331.9
133.7 139.5 155.9 158.9 150.1 151.5 135.6 120.6 111.4 96 87.7 74.9 60.3 55.8 55 53.6 53.9 55.2 69 88.4 101 105.2 107.5 107.4 99.2 118.1 127.6 120.8 115.6 110.2 93.3 85.5 71.8 71.6 72.7 77 81.9 86.9 87.6 91.1 98.7 114.5 117.1 120 125.4 134 150.6 161.4 170.7 162.4 166 177.2 173.2 153.3 147.1 144.3 137.1 133.6 132 135.5 138 140.5 146.2 151.7 160.2 159.8 161.8 162.7 166.8 169.2 172.4 191.2 209 214.6 223.3 236 255.8 273.7 280 289.5 297.4 302.8 311.1 318.7 327.8
139.1 153.3 165.1 168.7 158.8 149.5 136.8 129.4 111 102.9 92.4 74.5 63.2 57.2 56.7 59.1 55.5 56 69 92.7 98.8 102.2 108.3 110 105.6 123.8 129.3 129.5 114.4 108.8 111.6 113.6 87.3 72.7 71.1 72.8 74.7 79.4 80.8 83.1 93.9 106.5 110.3 110.4 113.3 123.8 137.3 151.7 156.9 155.3 159.3 170.5 174 152.1 141 133.7 130.4 127.8 129.3 134.2 141.6 143.1 146.7 149.9 153.7 160.3 159.6 160.6 165.2 170.3 170.7 181.8 200.6 215.2 223.2 228.4 248.3 269.6 281.3 296.2 304.7 306.7 311.1 317.8 326.1
149.8 158 168 172.5 167.1 155 152.2 138.6 108.9 103.2 93 79.1 64.2 59.4 57.7 56.4 56.3 65.1 85.7 98.7 111.2 113.2 108.9 104.2 105.5 119.2 125.8 126.8 117.6 113.9 117.1 112.3 92.7 76.5 71.3 71.5 71.4 73.8 77 79.1 88.5 98.5 103.8 106.2 106 117.1 128.3 136.1 141.3 142.3 142.2 151 156.1 147.5 137.5 127.3 125.7 126 127.9 129.8 131.1 135.3 140.3 146 151.3 154.1 157.2 158.5 160.2 166.5 170.7 177 195.2 208.5 212.4 220 240.8 263.7 283.2 293.6 302.7 306.6 313.5 319.6 324.2
155 169.4 172.5 176.3 174.1 165.2 160.2 146.6 118.7 102.4 98.6 87.3 67 59.3 57.4 56.1 57.5 65.4 85.2 97.3 101.2 109.9 117.2 109.5 104.2 110.4 119.8 123 119.2 115.2 117.5 106.6 100 99.8 77.1 73.2 73.8 74.6 81.4 83.4 87.5 92.1 95.7 99.2 101.4 106 113.4 122.3 127.3 127.6 123.6 127.1 135.5 138.6 131.2 123.9 123.9 127.9 131.7 131.5 131.4 133.7 137.8 142.2 147.1 153.2 156.1 157.2 158.3 160.4 165.6 173.1 183.1 193.7 199.4 208.6 229.2 250.9 267.9 286.8 296 301.5 310.5 320.8 322.6
160.9 171.7 175.2 177.3 177.4 165.9 156.8 138.2 123.7 113 101.6 91.6 71.3 59.5 57.2 56.4 61.4 67 83.5 106.5 115.6 119.3 116.2 106.7 104.2 104.2 106.8 108.3 112.4 116.1 125.6 122.5 115.7 107.3 96.6 92.4 79.9 84.8 81.5 87.9 94.6 105 100.1 98.2 101.8 107.1 114.4 119.1 118.8 118.2 118.2 118.2 118.2 118.2 120 120.9 126.1 130.1 134.7 133.2 132.4 131.7 134.4 142.2 149.7 154.1 156.5 158.5 159.1 163.5 170.4 173.8 182.7 188.4 195.7 202.7 215 232.3 254.4 273.7 286.9 293.9 302.5 311.3 318.6
163.6 170.5 175.1 178.3 175.5 158.3 143.4 139.2 130.6 113.2 103 93.1 77.5 66.2 79.5 79.2 79 91 104.1 119.3 133.9 134.7 118.3 111.6 104.2 104.2 104.2 104.7 111.3 129.3 136.5 139 131.6 119.5 121.8 101.8 87 94.8 94.7 86 104.1 122.8 125.6 114.6 104.9 107.7 114.5 122.7 122.5 118.2 118.2 118.2 118.2 120.5 120.1 119.6 122.1 126.2 128.4 129.3 130.5 129.8 134.1 140.3 149.6 156.1 159.6 160.5 160.2 161.6 169.5 171.1 186.2 189.9 195.5 202.5 213 228 245 260.8 273.5 288.8 297 305.5 315.8
