data/210000-850000.asc
ncols 200
nrows 200
xllcorner 210000
yllcorner 850000
cellsize 50
[rows 35 to 69 of 200, columns 0 to 77 of 200]
152.4 152.4 152.4 152.4 152.4 152.4 152.4 152.4 152.4 152.4 152.4 152.4 152.4 152.4 152.4 152.4 152.4 152.4 152.4 152.4 152.4 152.4 152.4 152.4 152.4 152.4 152.4 152.4 152.4 152.4 152.4 152.4 152.4 152.4 152.4 152.4 152.4 152.4 152.4 152.4 152.4 152.4 152.4 156.4 152.4 152.4 152.4 152.4 152.4 152.4 152.4 152.4 152.4 152.4 152.4 152.4 152.4 152.4 152.4 152.4 152.4 152.4 152.4 152.4 152.4 152.4 152.4 152.4 152.4 152.4 152.4 152.4 152.4 152.4 152.4 152.4 152.4 152.4
152.4 152.4 152.4 152.4 152.4 152.4 152.4 152.4 152.4 152.4 152.4 152.4 152.4 152.4 152.4 152.4 152.4 152.4 152.4 152.4 152.4 152.4 152.4 152.4 152.4 152.4 152.4 152.4 152.4 153.5 153.8 160.1 160 159.3 159.7 161.8 163.8 164.1 161.3 161 161.9 164.1 166 163.8 163.1 164.1 162.2 159.5 158.4 157.2 155.5 152.4 152.4 152.4 152.4 152.4 152.4 152.4 152.4 152.4 152.4 152.4 152.4 152.4 152.4 152.4 152.4 152.4 152.4 152.4 152.4 152.4 152.4 152.4 152.4 152.4 152.4 152.4
152.4 152.4 152.4 152.4 152.4 152.4 152.4 152.4 152.4 152.4 152.4 157 158.9 160.4 159.4 160 162.8 161.7 161.8 163 163.6 164.1 160.9 164.5 162.8 164.2 165 167.7 167.4 167.3 169.3 172.3 172 172.7 171.5 176 175.6 175.1 174.5 173.4 176.8 173.7 175.2 178.4 173.9 173.8 169.6 171.3 168 166.1 162.8 162.3 158.1 152.4 152.4 152.4 152.4 152.4 152.4 152.4 152.4 152.4 152.4 152.4 152.4 152.4 152.4 152.4 152.4 152.4 152.4 152.4 152.4 152.4 152.4 152.4 152.4 152.4
152.4 152.4 152.4 152.4 156 161.8 162.6 164.9 167.4 165.2 166.2 167.8 169.6 171.7 170.9 174.2 174.1 172.4 173.7 173.9 173.8 172.3 170.6 173.2 176.7 174.2 179.4 178.1 176.7 178.5 180.3 183.5 184.7 182.2 186 188.2 189 189.6 185.5 187.7 188.3 187.4 190.5 189.1 189.9 187.8 184.2 183.3 182.2 179.5 175.2 170.4 166.8 163 159.9 152.4 152.4 152.4 152.4 152.4 152.4 152.4 152.4 152.4 152.4 152.4 152.4 152.4 152.4 152.4 152.4 152.4 152.4 152.4 152.4 152.4 152.4 152.4
155.5 160.8 158.4 166.2 170.2 168.1 170.2 174.4 174.1 177.6 179.5 181.9 182.8 178.7 182.6 185.6 183.6 185.5 185.6 186.3 182.5 180.4 181.3 185.8 187.8 188.8 192.4 192 193.9 192.1 193 194.2 194.4 195.3 201.2 203 205 207.3 207 205 204.4 205.3 207.6 207.5 207.4 205.6 205.4 203.2 196.7 192.9 189.4 182.7 178 170.8 166.3 163.2 158.3 152.4 152.4 152.4 152.4 152.4 152.4 152.4 152.4 152.4 152.4 152.4 152.4 152.4 152.4 152.4 152.4 152.4 152.4 152.4 152.4 152.4
165.9 166.6 169.6 173.6 183.2 181.9 181.3 183.6 186.9 186.9 189.7 191.3 196.8 193 195.5 195 196 196.8 199.2 201 196.5 194.6 194 197.6 199.7 202.6 205 207.7 209.6 209.4 210.5 210.8 208.8 212.5 215.5 221.2 222.1 225.9 223.6 223.2 221.1 222.8 224.8 224.1 224.2 221.8 220.7 215.9 212.9 203.4 200.4 195.7 185.8 181.3 174.5 170.5 168.4 162.2 156.5 152.4 152.4 152.4 152.4 152.4 152.4 152.4 152.4 152.4 152.4 152.4 152.4 152.4 152.4 152.4 152.4 152.4 152.4 155.9
177.1 174.8 182.3 181.9 194.4 195.8 195.2 197.3 198.6 203.9 204.8 205.4 206.3 206 208.2 209.7 212.4 211.9 212.9 208.8 211.5 216.1 211.5 213.3 217 216.7 220.5 225.6 228 226.7 227.8 230.6 233.7 236.7 236.3 237.8 241.4 242.4 240.1 239.8 239.9 241.6 241.9 241.9 240.3 236.9 233.6 231.9 226.4 218.8 216.2 212 201.7 192.8 186.4 180.8 176.5 172.7 166.8 159.2 152.4 152.4 152.4 154.3 160 161.1 161.3 161.5 162.3 161.1 156.7 160.7 163.2 164.3 164.4 166.2 167.4 169.3
182.7 190.7 198.5 198.8 204.7 207.9 211.6 216.5 212.9 219.5 222.7 228.3 223.3 227.3 223.1 231.1 230.2 232.1 225.9 227.1 229 231.6 229.3 231.2 234.2 234.7 237.1 240.9 247.6 246.3 246.5 250.5 253.2 255.1 256.1 257 257.4 257.6 258.3 258.1 257.6 258.7 259.6 261.8 258.6 256.3 252.2 248.8 244.3 237.4 232.8 225.6 218.1 205.2 197.5 193.2 190.3 186.6 178.9 171.8 169.2 167 164.6 165.6 168.7 170.3 169 171.5 174.8 174.9 175.8 178 180.1 181.2 183.7 185.9 189 190
195.7 201.6 209.2 220.1 217.5 226.5 227.9 232.6 231.5 235.6 237.9 240.6 237.6 243.1 245.9 246.5 245.5 245.9 243.7 246.1 246.9 244.7 247.1 250.8 253.6 253 253.9 260.1 262.2 263.4 266.4 268.2 269.8 272.3 273 274.2 273.8 273 273.6 274.2 274.8 275.8 275.9 276.6 276.5 275.5 272.7 269.2 265.6 258.8 251.7 245.3 237.5 227.3 216.3 211.2 206.7 199.2 191.7 184.7 181.8 180 175.7 176.9 180.1 181.2 184.8 189.6 190.9 192.7 195.8 197.5 203.5 203.5 204.5 211.2 212.9 208.8
213.1 218.8 225.3 230.2 236.9 236 243.5 246.6 247.6 252.8 253.4 256.3 260.3 261.2 263.2 264.9 263.2 261.8 261.7 261.5 262.1 262.9 265.2 265.8 269.5 270.9 273.6 275.8 278 279.8 282.3 285.6 286.5 289.3 289.8 290.6 290.6 290.4 289.9 290.1 290.4 290.8 292.7 292.2 294 295.5 292.6 288.7 285.9 280.8 273.9 267.6 259 251 233.2 229.6 224.3 224.1 210.1 202.9 201.8 196 195.3 196.4 195.7 201.2 206.7 210.7 212.9 216 220.9 226.3 228.6 228.9 232.9 233.5 234.8 235.4
225.3 238 239 240.6 242.7 248.7 256.8 261.9 263.2 266 270.4 274.3 275.7 275.9 280.2 280.3 278.3 279.3 277.7 277.6 277 279.3 280 283.1 284.8 287.3 290.5 292.7 294.3 296.3 298 301.7 304.6 305.7 305.6 306.2 307.6 307.5 307.2 308.2 306.6 307.3 308.4 310.1 312.5 313.6 311.2 306.4 305.7 303.5 299.8 294 286.1 274.8 258.6 250.7 252.4 251.4 246.7 233.1 229 225.2 221.8 217.7 218.1 225.3 233.4 238.4 242.5 261.7 252.8 255.2 260.8 258.9 262.8 264 257.5 260.6
242.1 248 253.8 253 259.5 265 270 275 276.7 278.5 285.6 288.3 289.6 288.7 292.3 291.5 291.3 291.8 291.5 292.3 292.8 293.3 294 297.4 299.6 301.6 304.4 307.8 309.3 312.1 314.1 316.5 318.9 320.1 320.6 321.7 323 324.1 324.4 324.6 324.2 323.1 323.6 325.7 328.1 328.1 326.9 326.3 325.7 323.9 322.6 319.9 315.2 307.4 293.5 288.9 290.9 291.8 283.1 273.1 268.6 255.3 258.5 256.7 250.1 263.2 267.6 275.6 287.2 290.5 293.6 297.2 297.4 295.8 301.4 294.3 286.6 294.2
252.5 258.2 261 266.7 270 277.6 282 286 288.6 293.1 297 300.7 300.5 300.7 303.1 302.1 301.7 303.9 304.2 305.5 305.9 305.8 306.7 308.8 312.5 314.3 315.4 318.6 322.9 325.9 328.4 331 332.9 334.2 334.7 335.3 336.8 338.3 338.1 338.7 338.7 338.7 339.1 341.6 342.9 343.4 342.2 341.1 340.6 340.5 342 343.9 343 340 336.3 326.8 325.3 329.4 320.9 313.9 312.3 307.9 294.5 290.9 274.2 289.3 301.3 311.2 328.4 327.2 336.3 341.1 334.1 326.4 323.6 324.5 335.1 338.3
259.5 263.6 272.2 277.5 282.8 287.7 292.6 297 299.9 303.9 308.3 310.6 311.5 312.5 314.3 314.9 314 311.3 313.5 314.7 314.6 316 316.5 319.3 323.2 325.3 326.8 331.7 335.2 338.1 339.8 342.4 344.7 345.2 346.1 347.6 349 350 351.3 351.8 351.6 352.3 353.7 355.5 355.7 356.7 356.2 355.8 355.7 357 359.3 361.8 364 364.7 364.9 363.3 361.5 359.1 361.2 357.8 352.3 341.7 329.1 314.3 298 313.3 345.3 358.1 362.4 368.8 371.7 372.9 367.3 364.7 363.4 366.8 370.1 365.4
264 273.9 281.2 286.8 291 296.5 301.4 305.6 310.4 312.2 317.9 320.1 320.6 322.5 323.5 323.2 323.2 322.9 320.9 322.2 323.6 325 326.3 328.5 331.5 335.3 338 341.3 345.6 347.7 349 351.6 353.7 355 355.4 357.5 359.4 361.8 363.1 363.2 363.8 364.6 366.2 367 367.3 368.4 368.8 368.8 370.9 372.6 375.4 377.9 379.9 382.2 383.3 384.3 384.4 383.1 380.9 378.4 376 373.5 366.1 337.7 330.6 339.7 375.6 388.1 391.5 396.4 400.4 403.9 404.7 400.2 396.6 395.5 393.9 391.7
272.8 280.5 286.9 292.8 298 304.3 308.8 312.7 318.1 322 323.8 328.3 328.9 331.1 332.8 334.8 334.2 333.7 332.3 331.5 331.2 332.5 335.1 336.2 339.4 342.9 346.7 350.7 353.6 356.5 358.6 360.3 361 361.8 363.9 366.7 368.8 372.7 374 374.3 375.2 376.1 376.7 376.9 377.6 379 380.8 382.2 384.2 385.4 389.3 392.4 395.6 397.2 398.8 399.6 400.3 400.5 397.9 398 395.9 393.9 388.1 373.2 369.3 384.6 398.8 413.1 418.3 419.7 423.2 425.6 428 432 427 423.4 420.4 417.1
275.5 283.9 291.7 298.8 303.2 307.6 312.1 318.7 324.4 328.6 331.6 334.3 337.4 340.1 342.5 343.2 344.9 344.2 343.3 342.1 340.8 341.6 343.9 344.9 347.3 351.2 351.9 356.3 359.2 361.7 364.3 365.6 367.5 369.9 372.3 375.1 379.1 381.9 384 384.8 385.1 385.8 385.6 385.9 387 388.6 391.4 392.6 395.2 399 402.4 405 408.1 409.6 411.7 412.8 413.8 414.3 412.4 411.9 411.6 411.9 408.5 405.6 401.1 413.7 421.2 430.4 433.2 436.8 439.7 443.6 444.6 447.3 447.3 446.1 441.9 439.3
277.5 285.8 294 301 308.3 311.1 317.9 325.1 331.1 334.8 338.2 342.3 344.8 347.6 349.8 351.4 353.6 354.8 354.1 352.7 351.7 351.8 353 354.3 355.9 357.4 358.7 362.3 365.7 366.9 369.5 371.6 374.6 377.2 380.7 384.2 388.3 390.7 392.7 393.5 394.2 394.8 394.8 395.3 396.4 399 402.4 404.1 406.9 410.4 413.6 417 420.4 421.9 423.5 425.2 425.8 425 425.4 424.9 424.1 425.4 425.9 426.3 427.8 430.2 433.6 437.7 441.7 445.2 448.4 452.1 455 458.8 461.6 461.9 460 457.5
278.4 284.1 292.8 300.9 308.5 316.5 326.3 332.7 338 341.1 344.7 348.3 351.3 353.8 357.2 359.9 362.3 363.6 364.1 364 362.6 362.2 362.4 363.6 364.4 365.4 366.3 369 370.8 373.7 376.1 379.6 383.6 387.4 390.3 394.7 398.4 400.8 402.4 403.1 404.2 403.5 404.5 405.5 407 409.8 413.1 415.2 418.1 421.1 424.1 428.2 432.1 432.8 435.2 435.4 435.5 435.2 434.7 433.4 434.3 435.7 436.6 436.8 437.9 438.4 439.8 443.3 446.4 448.3 451.6 454.8 459 464.3 468.3 473 474.3 470.8
276.1 285.2 293.9 303.8 316.7 324.7 332.4 338.7 342.1 346.9 350 354.7 357.7 360.6 364.1 366.9 367.9 370.3 372.2 373.3 372.7 371.8 371.9 371.8 372.8 373 374.6 376.1 377.8 381.4 384.3 388.3 391.7 396.9 400.1 403.6 407.1 410 413 414 415.2 415.7 416.1 417.9 419.8 421.7 424.6 427.2 429.9 432.5 435.9 439.5 442.5 443.2 444.6 445.3 442.9 441.6 441.7 440.8 441.4 442.2 442.5 442.7 443.3 442.5 443.7 445.3 447.7 450.4 452.4 456.2 461.2 466.8 471.7 477.1 478.7 477.9
269.5 284.3 298.6 310 319.5 329.4 337.7 342.8 347.1 351.2 356.2 361 365 368.4 371.7 373.9 375.1 377.6 380 380.4 381.6 380.9 379.7 379.5 380.5 380.6 381 382.9 385.8 389.4 394.1 397.9 402.3 406.3 410.7 414.3 417.5 420.6 422.6 424.7 426 427.4 427.5 428.9 430.6 434.1 435.9 438 440.3 443.2 446 449.5 451.7 452.2 451.7 451.2 449.1 447.9 446.1 446 447 447.5 447.4 446.4 445.6 446.4 447.5 447.8 448.5 450.2 452.7 455.1 460.8 467.2 471.6 477.1 480.1 482.5
245 268.6 294.6 313.8 322.8 331.2 341.5 347.1 352 356.3 361.7 367.3 372 375.6 378.3 381 382.8 386.2 388.4 388.9 390.1 389.8 388.7 388.2 388.2 388.2 390.1 392.8 395.9 400.6 402.9 408.4 412.4 416.9 420.3 424.9 427.8 430.5 433.8 435.5 437 438.2 438.9 440.8 441.8 443.3 445.6 447.3 449.8 452.9 456.1 457.2 459.1 459.1 458.8 457.4 455.3 453.5 451.1 450.2 449.6 449.9 449.3 449.2 448.1 447.9 448.2 448.7 448.8 450.2 451.1 454.1 459.1 464.6 470.1 475.4 480.6 483.1
258 253.4 266.2 294.3 318.5 331.1 342 348.2 354.2 360.7 366.6 373.2 377.7 381.4 384.5 388.1 390.5 393.4 395.1 395.4 396.9 397.9 397.4 397 397.3 396.2 399.1 401.5 406.3 411 413.2 418 421.9 426 429.9 434.7 437.2 441.1 443.3 445 445.8 446.7 449.5 448.9 452 453.9 456 459 461.5 462.8 464.5 465.5 466 466.5 465.7 463.4 460.3 458.4 456.9 454.7 452.7 451.1 450.8 450 448.2 449.1 447.7 447.9 448.1 449.6 449.9 451.2 454.9 459 465.5 470.6 476.3 479.3
283.3 281 277.3 269.5 296.3 319.1 338.6 347.9 357.5 364.5 371.3 378.1 382.4 385.7 389.7 392.2 395.6 398.5 399.6 401.1 402.6 403.7 404.9 402.9 403.4 405.3 408 410.9 414.7 418.8 422.5 426.7 430.7 434.3 438.5 442.8 446.2 448.6 450.7 452.6 452.2 455.7 457.4 458.7 461.7 465.1 466.6 468.4 470.6 471.7 471.9 472.4 472.3 471.5 470.3 468.5 466.5 463.8 461 458.9 455.3 451.1 451.2 450 449.9 449.4 448.4 448 447.3 446.6 448 448.5 450.2 453.8 458.6 463 467.4 472.4
311 305.9 301.7 294.9 293.4 313.3 333 341.2 358.1 367.6 376.3 380.3 385.9 389.3 392.4 395.7 398.8 402.2 404.2 406.1 408.3 409.8 410.4 409.3 409.6 412.2 414.7 417.6 421.4 424.5 428.2 433.1 437.5 442.1 447.2 452 455.2 458.3 464.2 463.8 462.7 464 464.4 467.4 470.3 472.6 473.8 475.6 477.1 478.4 477.9 477.8 477.2 474.3 473.6 472.9 470.9 467.3 463.3 460.7 455.5 452.1 451.5 449.5 450 449.6 447.8 446.2 445.5 445.6 445 445.5 444.5 447.8 449 453.1 458.5 463.1
329.8 331.6 331.6 324.5 319.5 332 337.1 351.7 362.8 364.3 377.5 385.9 388.3 391.7 394.9 397.9 400.9 404.3 406.5 409.1 412.7 413.9 414.2 413.9 414.8 417.2 420 424.6 427.3 429.2 432.8 438.5 443.8 449.3 454.8 460.7 466.4 473.7 475.7 475.8 472.7 470.6 471.2 474.3 477.2 480.6 483.6 488.7 488.5 486.3 485.2 482.7 480.4 477.1 476.3 475.3 474.6 469.9 466 462.3 457.4 454 451.4 449.9 448.3 448 445.9 444.2 443.4 442.2 440 440 439.3 439.1 441.2 443.6 448.3 453.6
337.8 342.5 345.9 347.2 345.1 349.5 352.3 357.4 365.8 372.4 380.3 385.1 388.7 391.1 395.5 399.4 402.6 405.9 407.9 411.2 412.4 415 416 417.2 418 420.2 423.2 426.5 429.1 431.3 435.9 441.8 447.2 452.8 458.4 464 469.6 474.5 479.1 479.2 478.5 477.3 480.2 485.2 488.4 492.4 496.5 498.3 499.4 495.2 491.2 488.1 483.2 481.6 479.7 477.7 473.6 471 467.9 462.6 458.3 454.1 451.7 450.1 447.9 444.7 443 441.4 438.6 436.8 436.4 433.3 432.5 433.3 431.5 435.3 438.9 443.6
343.8 349.5 353 356.5 350.2 358.2 362.6 368.2 371.6 377.2 384.6 388.9 391.4 395.8 397.7 401.2 404.6 406.8 408.1 410.8 413.2 415.4 416.3 417 419 421.1 423.7 425.6 428.7 432.4 437.5 443.3 447.9 452.9 458.2 462.3 467.3 472.4 476.9 479 480.8 484.1 488.8 491.4 493.7 497.3 502 504.5 504.3 497.7 494.2 491.3 488.5 486.6 483.1 479.2 477.2 472.2 467.3 464.2 459.8 457 453.7 450.2 447.3 443.7 440.1 437.5 434.8 431.7 429.9 427.8 426.2 424.8 423.6 425.1 429.1 432.4
350.4 354.6 359.1 360.5 354.4 365.5 367.5 369.9 375.8 381.9 385.8 389.3 395.9 398.3 401.4 402 404.8 406.5 409.2 410.4 413 414.8 415.7 416.5 418.4 420.4 423.1 424.4 427.3 431.7 436.7 441.9 446.6 450.8 454.9 458.6 463.1 468.5 473.4 477.9 481.9 487.1 490 490.3 492.1 497.1 503.1 506.1 504.5 498.5 496.8 493.3 490.7 487.5 483 481.1 477.1 470.7 467.1 465.3 462.7 460.7 457.6 452.8 446.6 441.4 437.5 434.2 430.2 428.3 425.3 422.2 419.9 418.8 417.8 416.9 419.9 420
357.1 357.9 361.9 364.8 361.6 365.9 369 371.3 377.4 380.9 385.6 391.8 397.4 399.4 401.7 404.7 406.9 406 408.7 410.4 411.1 413.5 415 416 417.8 418.9 420.9 423 426 429.5 434.2 438.3 442.4 446.5 450.5 453.4 459 464.2 469.2 472.2 477.8 481.3 483.7 485.8 488.3 493.5 498.4 500.6 498.6 497.1 494.7 491.1 488.5 485.6 482.9 481.4 475.9 473.5 470.9 468.3 465.1 462.5 458.5 451.9 444.5 439.9 434.5 430.6 427.1 422.7 420.7 417.3 416.2 414 412.7 409 408.2 409.3
361.2 361.6 363.5 366.6 363.3 367.8 370.9 374.3 377.1 382.5 387.4 391.3 396 398.8 401.7 406 407.3 407 408.4 409.8 410 412.2 413.8 415.2 415.8 417.1 419.6 421.1 425.3 426.4 430.9 433.8 437.9 441.9 444 448.3 453.4 459 462.5 466.2 470.4 472.9 474.5 477.5 479 484.8 491.8 494.5 494.3 493.8 492.2 489.2 487.9 485.6 481.9 478.8 476.9 475.2 473.1 470.6 467.3 461.3 456.6 450.1 443.6 437.4 431.8 426.9 422.5 418.6 415 412.2 410.3 407.4 405.3 401.5 398.8 397.1
364.8 365 366.2 369.1 364.5 370 375 375.7 378.3 382 384.9 388 392.8 396.1 401 404.6 405.4 406.4 407 408.7 410.5 410.5 411.6 412.4 414 417.4 418.5 418.4 420.8 424.7 426.8 429.4 433.1 436.6 439.5 442.5 447 453.1 456.9 460.2 463 466.5 467.6 468.1 471.5 476.6 483.5 485.6 486.8 487.3 486.2 483.9 481.9 480.3 478.3 476.3 476.6 474.9 472.1 470.7 466.1 461.4 454.8 447.7 442.4 434.8 426.8 421.2 417.8 415 412.5 406.5 402.6 398.7 397 392.2 388.6 387.6
366.8 367.6 369.4 368.8 367.6 371 374.6 376 378.8 381.4 383.6 385.7 390.3 394.1 397.5 400.3 402.3 404.2 405.5 406.7 407.3 409.1 411.3 411.6 413.1 415.6 416.5 417.2 418.3 421.5 423 425.5 428.6 431.3 433.3 436.3 441.3 446.2 449.1 451.3 453.5 455.6 455.5 459.6 464 469.2 474.2 475.5 475.6 474.6 475 473.1 472.1 472.2 468 470.1 468.2 466.3 464.1 460.5 458.7 457 450.7 440.3 436.6 429.2 421.2 415.6 411.6 411.6 407.9 400.5 396.2 388.6 384.8 380.7 378.8 377.2
368.6 370 370.7 368.9 370 373.2 375.8 377.9 379.1 381.1 382.3 385.8 388.2 390 394.3 395.7 399.2 401.7 402.3 402.7 404.4 407.2 408.9 409.6 411.7 411.7 414.3 415.4 417.7 418.5 419.7 422.1 423.9 426.2 427.3 431 435.3 439.1 441.6 442.8 443.9 444.7 448 451.4 455.5 460.2 464.1 465.2 464.8 459.9 461.2 460.7 459.9 458.5 456.7 458.2 456.2 453 451 448 446.7 445.6 440.3 431.1 426.4 421.7 413.4 408.2 404.9 402.1 396.8 391.6 385.7 376.9 373.3 368.8 367.8 367.1
371.1 372.7 372.2 372.7 372 375.1 378.3 379.1 379.3 379.9 385.8 385.3 386.1 387.6 391.7 391.5 394.5 398 400.2 399.8 401.4 405 405.4 406.2 408.2 410.1 410.8 412.1 413.1 415.4 416.8 418.3 420.3 421.7 422.8 426.1 428.7 431.4 433.5 435 435.4 436.6 439.8 443 445.2 447.5 450.6 450.7 448.8 446.9 446.9 447.7 447.1 444.1 443.9 443.8 443.4 439.3 437.4 433.5 432.1 431.5 425.9 419.6 415.8 411 405.1 400.7 395.8 391.5 386.6 378.9 372.5 365.5 361.9 357.5 355.4 353.2
