data/210000-940000.asc
ncols 200
nrows 200
xllcorner 210000
yllcorner 940000
cellsize 50
[rows 0 to 36 of 200, columns 85 to 169 of 200]
-1.8 -1.8 -1.8 -1.8 -1.8 -1.8 -1.8 -1.8 -1.8 -1.8 -1.8 -1.8 -1.8 -1.8 -1.8 -1.8 -1.8 -1.8 -1.8 -1.8 -1.8 -1.8 -1.8 -1.8 -1.8 -1.8 -1.8 -1.8 -1.8 -1.8 -1.8 -1.8 -1.8 18.6 34.4 51.7 50 59.9 69 73.7 69.3 64.8 63.3 59.4 59.4 59.4 59.9 71.9 90.6 104.9 112.2 111.2 111.2 114.2 115.4 119 117.9 116.9 117.2 116.2 111.4 111.9 105.7 91.1 68.9 56.8 51 36.7 24.1 26.7 23.5 28.5 26.2 17.4 12.8 2.4 -1.8 -1.8 -1.8 -1.8 -1.8 -1.8 -1.8 -1.8 -1.8
-1.8 -1.8 -1.8 -1.8 -1.8 -1.8 -1.8 -1.8 -1.8 -1.8 -1.8 -1.8 -1.8 -1.8 -1.8 -1.8 -1.8 -1.8 -1.8 -1.8 -1.8 -1.8 -1.8 -1.8 -1.8 -1.8 -1.8 -1.8 -1.8 -1.8 -1.8 -1.8 -1.8 -1.8 27.3 51.7 48.3 56.8 65.6 69 66.8 63.9 67.8 70.1 61.3 63.4 81 97.7 108.4 112.3 119.6 119.7 113.5 122.2 126.3 122.9 120.3 116.6 114.9 114.9 112.4 107.8 108.9 94 67.3 49.6 44.7 30.6 20.5 21.3 23.5 23 14.1 8.5 11.4 8.8 -1.8 -1.8 -1.8 -1.8 -1.8 -1.8 -1.8 -1.8 -1.8
-1.8 -1.8 -1.8 -1.8 -1.8 -1.8 -1.8 -1.8 -1.8 -1.8 -1.8 -1.8 -1.8 -1.8 -1.8 -1.8 -1.8 -1.8 -1.8 -1.8 -1.8 -1.8 -1.8 -1.8 -1.8 -1.8 -1.8 -1.8 -1.8 -1.8 -1.8 -1.8 -1.8 -1.8 3 30.1 42.4 49.1 52.8 53.6 53.2 60.4 63.6 68.5 70.2 82.3 102.1 122.7 130.8 131.7 129.3 120.5 111.2 112.4 117.3 122.6 123 115.7 111.7 104.1 98.1 98.1 93.5 92.6 67.4 40.4 32.2 27.6 18.5 17.5 16.4 11.5 3.9 -1.8 -1.8 -1.8 -1.8 -1.8 -1.8 -1.8 -1.8 -1.8 -1.8 -1.8 -1.8
-1.8 -1.8 -1.8 -1.8 -1.8 -1.8 -1.8 -1.8 -1.8 -1.8 -1.8 -1.8 -1.8 -1.8 -1.8 -1.8 -1.8 -1.8 -1.8 -1.8 -1.8 -1.8 -1.8 -1.8 -1.8 -1.8 -1.8 -1.8 -1.8 -1.8 -1.8 -1.8 -1.8 28.5 32.8 27.3 24.4 36.1 41.6 40.5 49.8 59.5 64.7 66 72.6 83.3 98.9 112.6 123.5 130.8 130.3 126.1 109.8 103.8 103.3 105.5 113.9 113.5 104.4 99.6 91.1 83 79 72.3 60.9 41.1 29.5 26 19.3 17.2 5.8 -1.8 -1.8 -1.8 -1.8 -1.8 -1.8 -1.8 -1.8 -1.8 -1.8 -1.8 -1.8 -1.8 -1.8
-1.8 -1.8 -1.8 -1.8 -1.8 -1.8 -1.8 -1.8 -1.8 -1.8 -1.8 -1.8 -1.8 -1.8 -1.8 -1.8 -1.8 -1.8 -1.8 -1.8 -1.8 -1.8 -1.8 -1.8 -1.8 -1.8 -1.8 -1.8 -1.8 -1.8 -1.8 -1.8 -1.8 1.5 -1.8 -1.8 16.1 22.2 25.2 34.6 54.4 62.6 65.6 68 71.6 76.4 81.6 90.3 100.8 113.3 116.2 113.9 106.8 97.3 98.2 98.2 98.2 93.4 90.6 89.4 85.7 77.9 72.7 68.5 52.7 39.2 27.1 21.9 17.7 13.2 12.2 -1.8 -1.8 -1.8 -1.8 -1.8 -1.8 -1.8 -1.8 -1.8 -1.8 -1.8 -1.6 -1.8 -1.8
-1.8 -1.8 -1.8 -1.8 -1.8 -1.8 -1.8 -1.8 -1.8 -1.8 -1.8 -1.8 -1.8 -1.8 -1.8 -1.8 -1.8 -1.8 -1.8 -1.8 -1.8 -1.8 -1.8 -1.8 -1.8 -1.8 -1.8 -1.8 -1.8 -1.8 -1.8 -1.8 -1.8 -1.8 -1.8 -1.8 15.4 24.2 48.5 55.7 52.8 61.4 69.4 71.8 69.8 71.3 73.6 78.1 79 88.5 94.2 96.6 97.4 98.3 100.5 100.2 96.9 95.5 100.2 102.2 96.3 87.7 84.7 68.8 56.7 47.3 29 27.5 20 13.3 8.6 2.4 -1.8 -1.8 -1.8 -1.8 -1.8 -1.8 -1.8 -1.8 -1.8 29.3 30.2 -1.8 -1.8
-1.8 -1.8 -1.8 -1.8 -1.8 -1.8 -1.8 -1.8 -1.8 -1.8 -1.8 -1.8 -1.8 -1.8 -1.8 -1.8 -1.8 -1.8 -1.8 -1.8 -1.8 -1.8 -1.8 -1.8 -1.8 -1.8 -1.8 -1.8 -1.8 -1.8 -1.8 -1.8 -1.8 -1.8 -1.8 -1.8 5.1 23.8 50.4 69.3 80.1 89.3 72.8 64.6 69.1 73 73.8 78.3 78.8 77 80.8 86.8 95.3 102.7 109.5 105.6 111.3 110.1 106 107.2 107.1 96.8 87.8 72.2 64.7 45.9 29.3 27 22.2 16 12.4 18.2 12.8 -1.8 -1.8 -1.8 -1.8 -1.8 -1.8 -1.8 33.7 57.6 59.2 58.2 39.4
-1.8 -1.8 -1.8 -1.8 -1.8 -1.8 -1.8 -1.8 -1.8 -1.8 -1.8 -1.8 -1.8 -1.8 -1.8 -1.8 -1.8 -1.8 -1.8 -1.8 -1.8 -1.8 -1.8 -1.8 -1.8 -1.8 -1.8 -1.8 -1.8 -1.8 -1.8 -1.8 -1.8 -1.8 -1.8 -1.8 5.2 19.4 38.8 54.5 69.4 79.5 88.7 92.3 81.6 81.6 73 78.8 78.8 74.3 76.1 80.4 89.4 93.5 97.5 99.4 103.4 110.2 115 120.2 119.2 111.6 99.3 69.9 63.8 38.3 32.4 33.9 40.9 31.4 26.8 30.6 21.1 -1.8 -1.8 -1.8 -1.8 -1.8 -1.8 19.6 44.2 50.9 57.8 70.4 61
-1.8 -1.8 -1.8 -1.8 -1.8 -1.8 -1.8 -1.8 -1.8 -1.8 -1.8 -1.8 -1.8 -1.8 -1.8 -1.8 -1.8 -1.8 -1.8 -1.8 -1.8 -1.8 -1.8 -1.8 -1.8 -1.8 -1.8 -1.8 -1.8 -1.8 -1.8 -1.8 -1.8 -1.8 -1.8 -1.8 -1.8 41.2 50.4 45.1 58.6 72.6 79.7 83.9 92.7 93 82.8 78.8 75.9 77.5 77.6 79.5 81.9 84.1 88.4 93.8 96.4 102.5 110.8 118.4 122.2 113.1 93.4 68.7 51.7 42 37.9 38 48.2 43.9 34.7 34.7 23 13 -1.8 -1.8 -1.8 40.1 43.5 35.1 51.1 57.1 62.2 67.2 66.7
-1.8 -1.8 -1.8 -1.8 -1.8 -1.8 -1.8 -1.8 -1.8 -1.8 -1.8 -1.8 -1.8 -1.8 -1.8 -1.8 -1.8 -1.8 -1.8 -1.8 -1.8 -1.8 -1.8 -1.8 -1.8 -1.8 -1.8 -1.8 -1.8 -1.8 -1.8 -1.8 -1.8 -1.8 -1.8 -1.8 24.4 48.1 52.4 61.4 67.1 69.5 73.5 76.1 86.1 95.9 98.6 87.6 88.5 85.6 83.7 79.8 84.1 83.4 84.6 86.5 89.5 95.5 98.8 101.9 104.1 101.2 86.9 65.2 49.2 52.1 46.1 44.4 44.7 40.4 39.7 43.3 25.7 24.4 2.4 2.4 13 32.4 39.8 37.9 44.6 73.3 90.1 89.2 86.6
-1.8 -1.8 -1.8 -1.8 -1.8 -1.8 -1.8 -1.8 -1.8 -1.8 -1.8 -1.8 -1.8 -1.8 -1.8 -1.8 -1.8 -1.8 -1.8 -1.8 -1.8 -1.8 -1.8 -1.8 -1.8 -1.8 -1.8 -1.8 -1.8 -1.8 -1.8 -1.8 -1.8 -1.8 -1.8 -1.8 -1.8 37 51.7 65.1 76.3 84.1 78.5 78.8 86.3 91.6 95 96 91.7 91.4 92.7 80.6 79.8 81.3 83.9 85.7 89.2 95.2 94.8 93.7 86.7 82.1 73.7 57.6 46.5 45.4 46.1 46.3 45.4 37.1 39.8 42.9 34.7 32.4 10.3 15.1 40.3 40.8 42.5 42.4 59.3 86.4 95.7 97.2 88.4
-1.8 -1.8 -1.8 -1.8 -1.8 -1.8 -1.8 -1.8 -1.8 -1.8 -1.8 -1.8 -1.8 -1.8 -1.8 -1.8 -1.8 -1.8 -1.8 -1.8 -1.8 -1.8 -1.8 -1.8 -1.8 -1.8 -1.8 -1.8 -1.8 -1.8 -1.8 -1.8 -1.8 -1.8 -1.8 -1.8 -1.8 15.8 42.1 64.1 76.1 78.1 69.2 70.2 79.1 94 96.8 103.1 102.5 91.5 88.5 89.2 84.7 79.8 79.8 82.8 86.2 87.4 86.1 83.3 78.6 59.7 51.9 44.3 41.8 41.9 45 42.1 36.9 36.9 39.5 32.3 31.1 26.4 18.7 51 67.8 58.1 52 45.8 52 75.9 90.7 94 84.6
-1.8 -1.8 -1.8 -1.8 -1.8 -1.8 -1.8 -1.8 -1.8 -1.8 -1.8 -1.8 -1.8 -1.8 -1.8 -1.8 -1.8 -1.8 -1.8 -1.8 -1.8 -1.8 -1.8 -1.8 -1.8 -1.8 -1.8 -1.8 -1.8 -1.8 -1.8 -1.8 -1.8 -1.8 -1.8 -1.8 10.1 27.1 41.2 49.3 59.1 65.2 64.5 84.6 102.1 105 104.5 107.6 111.5 112 103.5 88.5 96.3 96.6 96.2 93.5 88.4 86.8 82.8 75.6 61.6 46.6 41.9 41.9 41.9 41.3 41.9 40 41.9 40.3 40.7 30.9 23.6 21.5 27 64.7 76.3 70 55.4 50.2 72.1 91.6 88.6 83.8 80.7
-1.8 -1.8 -1.8 -1.8 -1.8 -1.8 -1.8 -1.8 -1.8 -1.8 -1.8 -1.8 -1.8 -1.8 -1.8 -1.8 -1.8 -1.8 -1.8 -1.8 -1.8 -1.8 -1.8 -1.8 -1.8 -1.8 -1.8 -1.8 -1.8 -1.8 -1.8 -1.8 -1.8 -1.8 -1.8 -1.8 12.8 32.9 47 59.7 56.2 62.3 68.4 87.8 98.2 104.6 100.3 104.2 107.2 107.6 105.8 99.7 95.2 93.8 100.1 99.8 95.9 89.6 79.4 69.4 51.2 41.8 41.9 41.9 41.9 41.8 45.6 41.9 52.8 46.8 41 31.9 23.8 23.9 28.3 43.4 55.9 56.7 50.8 47.2 65.7 78.9 86.2 78.4 79.3
-1.8 -1.8 -1.8 -1.8 -1.8 -1.8 -1.8 -1.8 -1.8 -1.8 -1.8 -1.8 -1.8 -1.8 -1.8 -1.8 -1.8 -1.8 -1.8 -1.8 -1.8 -1.8 -1.8 -1.8 -1.8 -1.8 0 -1.8 -1.8 -1.8 -1.8 -1.8 -1.8 -1.8 -1.8 -1.8 -1.8 24 43.8 52.3 53.9 48.6 59.8 76.4 83.1 91.6 97 101.6 106.8 105 102.2 100.8 98.2 91.5 89.5 90.9 90.9 83.7 77.2 68 45.9 41.9 41.9 41.8 41.9 41.9 51.3 49.9 64.4 50.2 40 34.6 32.4 28.5 31.4 46.8 56.7 46.9 47.9 47.9 47.5 53.1 60.7 66.9 71.6
-1.8 -1.8 -1.8 -1.8 -1.8 -1.8 -1.8 -1.8 -1.8 -1.8 -1.8 -1.8 -1.8 -1.8 -1.8 -1.8 -1.8 -1.8 -1.8 -1.8 -1.8 4.9 -1.8 -1.8 -1.8 -1.8 17.9 -1.8 -1.8 -1.8 -1.8 -1.8 -1.8 -1.8 -1.8 -1.8 -1.8 21.8 29.1 41.6 43.6 41.3 43.5 60.6 69.2 82.1 90.7 98.9 100.6 99.7 96.7 94.2 89.7 86.6 85.5 84.3 81.3 70.8 63.7 56.9 41.9 41.9 41.9 41.8 41.9 41.9 48.3 55.2 57.9 46.7 39.4 38.2 59.3 50.4 37.5 46.2 47.9 47.9 47.9 50.5 57.4 47.7 47.7 51.1 57.4
-1.8 -1.8 -1.8 -1.8 -1.8 -1.8 -1.8 -1.8 -1.8 -1.8 -1.8 -1.8 -1.8 -1.8 -1.8 -1.8 -1.8 -1.8 -1.8 -1.8 -1.8 1.7 -1.8 -1.8 -1.8 -1.8 -1.8 5.1 -1.8 -1.8 -1.8 -1.8 -1.8 -1.8 -1.8 -1.8 25 17.7 25.6 29.3 32.5 35.2 49.6 64.9 71.2 73.3 82.1 86.7 91.1 92.4 89.7 87.7 85.2 79.9 74.1 76.5 78.2 75.4 63.3 44.6 41.9 41.9 41.9 41.9 41.9 52.2 67.4 61.3 55 50.8 40.5 50.6 62.9 68.7 62.4 56.3 46.6 48.4 46.5 51.1 64.5 60 56 55.5 55.7
-1.8 -1.8 -1.8 -1.8 -1.8 -1.8 -1.8 -1.8 -1.8 -1.8 -1.8 -1.8 -1.8 -1.8 -1.8 -1.8 -1.8 -1.8 -1.8 -1.8 -1.8 -1.8 -1.8 -1.8 -1.8 -1.8 -1.8 14.3 1.9 -1.8 -1.8 -1.8 -1.8 -1.8 -1.8 -1.8 24.3 33.9 23.6 30.5 29 34.1 47.5 65.7 73 79.6 79.4 76 81.9 83.1 80.6 79.6 70.3 66.4 58.5 73.4 70.6 71.9 60.9 44 41.9 41.9 41.8 41.9 47.6 60.1 62.5 66.7 61.6 48.4 46.9 50.7 62.8 77 67.4 67.4 79.2 69 65.3 50.2 50.7 55.7 56.3 54.1 57.5
-1.8 -1.8 -1.8 -1.8 -1.8 -1.8 -1.8 -1.8 -1.8 -1.8 -1.8 -1.8 -1.8 -1.8 -1.8 -1.8 -1.8 -1.8 -1.8 -1.8 -1.8 -1.4 -1.8 -1.8 -1.8 -1.8 -1.8 1 -1.8 -1.8 -1.8 -1.8 0.2 -1.8 -1.8 -1.8 21.7 36.3 33.7 25.9 22.9 21.6 40 52.6 65.8 74.9 74.9 74.3 68.9 61.2 65.2 58.3 51.2 48.2 48.6 60.6 53.1 52.6 48.4 51.9 56.8 48.5 41.9 49.1 61.8 66 67.8 66.2 61 56.8 56.2 50.9 59.8 73.4 82 94.8 96.9 76.9 68.5 57.9 60.3 50.8 50.5 60.4 62.1
-1.8 -1.8 -1.8 -1.8 -1.8 -1.8 -1.8 -1.8 -1.8 -1.8 -1.8 -1.8 -1.8 -1.8 -1.8 -1.8 -1.8 -1.8 -1.8 -1.8 -1.8 -1.8 -1.8 -1.8 -1.8 -1.8 -1.8 -1.8 -1.8 -1.8 -1.8 -1.8 -1.8 -1.8 -1.8 -1.8 2.4 14 18.3 21.8 16.1 17.6 21.3 37.1 49 59.5 64.1 63.2 55.5 40 34.2 35 37.9 37.8 35.8 41.6 47.4 61.7 73.3 77.1 73.1 61.1 53.5 83.2 94.6 91 79.5 72 71.5 76.9 66.7 62.6 65.9 66 79.4 97.1 84.7 72.3 68.7 62 54.2 49.5 59.3 57.8 63.3
-1.8 -1.8 -1.8 -1.8 -1.8 -1.8 -1.8 -1.8 -1.8 -1.8 -1.8 -1.8 -1.8 -1.8 -1.8 -1.8 -1.8 -1.8 -1.8 -1.8 -1.8 -1.8 -1.8 -1.8 -1.8 -1.8 -1.8 -1.8 -1.8 -1.8 -1.8 -1.8 -1.8 -1.8 -1.8 -1.8 -1.8 0.6 2.3 21.5 25.1 14 17.3 17.2 22.4 34.7 40.6 38.9 31.3 25.3 23.4 26.7 29 33.2 41.1 57.3 80.6 94.2 101.6 94.2 87.9 67.3 71.2 98.7 113.3 104.9 85.4 73.1 69.5 80.5 89.5 67.9 77.2 69.9 77.9 88.2 77.4 75.6 71.8 60.3 55.7 60.1 73.4 73.6 66.5
-1.8 -1.8 -1.8 -1.8 -1.8 -1.8 -1.8 -1.8 -1.8 -1.8 -1.8 -1.8 -1.8 -1.8 -1.8 -1.8 -1.8 -1.8 -1.8 -1.8 -0.9 1.6 -1.8 -1.8 -1.8 -1.8 -1.8 -1.8 -1.8 -1.8 -1.8 -1.8 -1.8 -1.8 19.2 16.3 -1.8 -1.5 0.4 1.8 15.8 12.8 9.8 13 13.8 7.9 11.6 12 14.6 10.2 9.7 18.2 46.1 63.4 77 113.5 129.2 127.5 116.4 104.4 97.6 85.9 82.9 101.8 104 99.7 94.9 94 91.1 83.8 89.3 81.1 76.4 69.1 76.2 78.7 74.6 73.5 67 57.8 57 61.6 73.8 87.5 79
-1.8 -1.8 -1.8 -1.8 -1.8 -1.8 -1.8 -1.8 -1.8 -1.8 -1.8 -1.8 -1.8 -1.8 -1.8 -1.8 -1.8 -1.8 -1.8 -1.8 7.1 18.9 16.7 -1.8 -1.8 -1.8 -1.8 -1.8 -1.8 -1.8 -1.8 -1.8 -1.8 -1.8 -1.8 18 -1.8 -1.8 -1.8 -1.8 -1.8 1.6 7.5 5.9 5.3 6.2 8.4 8.4 8.4 8.4 8.4 16.1 59.7 73.2 85.8 113.3 133.7 128.5 127 118.9 106.7 96.9 85.4 89.4 93.9 104.3 99.8 94.9 86.9 85 83.7 83.3 73.2 67.9 66.7 66.2 65 68.6 60.7 60.5 68.7 64.4 70.7 95.4 94.6
11.3 5.8 -1.8 -1.8 -1.8 -1.8 -1.8 -1.8 -1.8 -1.8 -1.8 -1.8 -1.8 -1.8 -1.8 -1.8 -1.8 -1.8 2.4 13 15.7 18.5 26 22.4 17.4 -1.8 -1.8 -1.8 -1.8 -1.8 -1.8 -1.8 -1.8 -1.8 -1.8 -1.8 -1.8 -1.8 -1.8 -1.8 -1.8 1.3 3.8 9.7 13.1 5.4 8.4 8.4 8.4 15.7 20.2 24.2 40.4 67.5 84.6 111.1 122 119 124.9 115.6 114.1 114 100 85.8 81.8 97.7 106.7 116 103.5 101.6 80.4 73.7 71.6 67.9 71.6 62.8 64.4 60.2 64.4 65.6 79.9 73.4 82.5 92.7 89.8
54.4 49.8 1.7 -1.8 -1.8 -1.8 -1.8 -1.8 -1.8 -1.8 -1.8 -1.8 -1.8 -1.8 -1.8 -1.8 -1.8 -1.8 -1.8 -1.8 -1.8 -1.8 -1.8 -1.8 12.4 -1.8 -1.8 -1.8 -1.8 -1.8 -1.8 -1.8 -1.8 -1.8 -1.8 -1.8 -1.8 -1.8 -1.8 -1.8 -1.8 12 18.6 19.2 26.4 18.7 13.6 11.1 10.1 16 30.4 41.8 56.8 70.2 82.1 94.2 102.7 103.3 107.7 105.6 108.5 112.3 107 83.9 77.6 82 95.3 103 103.9 107.9 94.4 68.8 67.9 67.9 70.8 64.5 67.9 73.6 72.9 71.2 73.6 77.5 79.5 89.5 87
66.2 57.1 48.9 -1.8 -1.8 -1.8 -1.8 -1.8 -1.8 -1.8 -1.8 -1.8 -1.8 -1.8 -1.8 -1.8 -1.8 -1.8 -1.8 -1.8 -1.8 -1.8 -1.8 -1.8 -1.8 -1.8 -1.8 -1.8 -1.8 -1.8 -1.8 -1.8 -1.8 -1.8 -1.8 -1.8 -1.8 -1.8 -1.8 -1.8 -1.8 35.3 37.1 39 34 37.1 43.3 30 21.9 19.4 24.6 36.4 47.8 58.7 63.4 67.4 85.2 88.3 94.3 93.3 100.3 105.1 110.4 92.4 77.6 76.6 79.4 88.7 94.7 89.8 86.3 76.4 67.7 67.9 67.9 71.9 81.1 83.6 80.7 68.9 71.1 76.2 80.2 77.3 81.6
75.8 66.1 49.6 39.3 41.8 29.2 15.2 -1.8 -1.8 -1.8 -1.8 -1.8 -1.8 -1.8 -1.8 -1.8 -1.8 -1.8 -1.8 -1.8 -1.8 -1.8 -1.8 -1.8 -1.8 -1.8 -1.8 -1.8 -1.8 -1.8 -1.8 -1.8 -1.8 -1.8 -1.8 -1.8 -1.8 -1.8 -1.8 -1.8 30.2 38.5 40.8 47.8 44.9 46.3 37.7 51.2 51 37.7 26.5 36.4 50 61.6 71.4 76.9 80.8 87.4 93.6 93.7 96.5 102.9 109 100.7 83.4 80.3 76.2 77.5 85.2 81.6 77.3 66.6 67.9 67.9 67.9 61.6 80.9 88.6 88.1 70.3 71.2 71.2 71.4 70 72.5
76.5 63.2 47.9 42.3 44.8 38.6 19.5 -1.8 -1.8 -1.8 -1.8 -1.8 -1.8 -1.8 -1.8 -1.8 -1.8 -1.8 -1.8 -1.8 -1.8 -1.8 -1.8 -1.8 -1.8 -1.8 -1.8 -1.8 -1.8 -1.8 -1.8 -1.8 -1.8 -1.8 -1.8 -1.8 -1.8 -1.8 -1.8 -1.8 24.4 31.6 39.6 51.4 48.6 50.9 53.5 53.4 61.1 56 41.8 40.2 43.9 61 61.1 69.2 81.3 87 82.6 98.9 114.8 109.3 101.2 94.9 81.8 80.7 75.5 74.7 75.4 73.2 73.4 67.9 67.9 67.9 69.2 79.4 91.6 91.8 81.7 72.3 72.3 70.6 67.4 66.1 67.6
73.8 61.1 49.8 44.9 46.3 39.1 28.6 21.9 2.4 -1.8 -1.8 -1.8 -1.8 -1.8 -1.8 -1.8 -1.8 -1.8 -1.8 -1.8 -1.8 -1.8 -1.8 -1.8 -1.8 -1.8 -1.8 -1.8 -1.8 -1.8 -1.8 -1.8 -1.8 -1.8 -1.8 -1.8 -1.8 -1.8 -1.8 -1.8 9.7 16.1 39.9 49.5 53.3 56.7 69 74.6 70 68.3 58.1 44.3 63.1 95.7 89.6 79.1 71.7 73.6 77.8 88.5 102.7 109.8 94.2 86.2 78.1 67 71.8 72.9 78.9 78 67.7 63.3 66.3 67.9 67.2 80.8 86.4 103.2 99.9 78.6 69.7 68.2 66.8 77.1 82.7
71.1 62.7 53.5 50.3 50.7 41.3 33.8 25.4 20 15.2 -1.8 -1.8 -1.8 -1.8 -1.8 -1.8 -1.8 -1.8 -1.8 -1.8 -1.8 -1.8 -1.8 -1.8 -1.8 -1.8 -1.8 -1.8 -1.8 -1.8 -1.8 -1.8 -1.8 -1.8 -1.8 -1.8 -1.8 -1.8 -1.8 -1.8 8.8 22 32.9 51.2 51.8 63.4 70.9 84.1 86.4 79.9 75.3 61.5 62.6 79.4 91.7 97.2 94 91 79.2 76.9 86.2 94 83.2 76.9 69.4 67.9 67.9 79.8 76.6 77.2 76.7 84.3 78.5 67.9 67.9 77 78.9 99.3 98 78.6 69.6 67.9 67.7 87.1 90.5
66.5 60.6 58.1 56.8 56.4 47.5 35 30.3 25.7 14.4 -1.8 -1.8 -1.8 -1.8 -1.8 -1.8 -1.8 -1.8 -1.8 -1.8 -1.8 -1.8 -1.8 -1.8 -1.8 -1.8 -1.8 -1.8 -1.8 -1.8 -1.8 -1.8 -1.8 -1.8 -1.8 -1.8 -1.8 -1.8 -1.8 -1.8 12.1 28.6 35.1 43.7 51.8 71.5 77.7 77.8 91.8 91.5 86.6 75.6 64 74.3 83.2 92.5 97 92.5 91 89 84.4 75.3 68.8 68.8 67.9 67.9 67.9 67.9 67.6 73.3 81.5 91.4 81.1 67.9 67.9 67.2 67.4 76.1 73.1 83.8 69.5 67.9 88.3 93.9 100
65.3 60.5 58.8 55.2 55.4 45.9 33.6 34.5 27.4 24.3 -1.8 -1.8 -1.8 -1.8 -1.8 -1.8 -1.8 -1.8 -1.8 -1.8 -1.8 -1.8 -1.8 -1.8 -1.8 -1.8 -1.8 -1.8 -1.8 -1.8 -1.8 -1.8 -1.8 -1.8 -1.8 -1.8 6.2 9.7 -1.8 -1.8 9.8 27.7 39.6 46.8 52.7 64.9 80 79.4 84.5 91.3 94.6 83.4 67.2 69.8 85.2 95.6 98.4 96.6 96.2 91.1 84 82.7 72.8 67.9 67.9 67.9 67.9 67.9 67.9 67.2 80.8 84.4 72.4 67.9 67.9 67.9 67.9 67.9 67.9 71.9 65 69.7 93.4 94.9 109.6
64.8 59.1 56.2 53.9 52.1 43.4 31.6 31.4 29.6 28.2 -1.8 -1.8 -1.8 -1.8 -1.8 -1.8 -1.8 -1.8 -1.8 -1.8 -1.8 -1.8 -1.8 -1.8 -1.8 -1.8 -1.8 -1.8 -1.8 -1.8 -1.8 -1.8 -1.8 -1.8 -1.8 -1.8 -1.8 18.1 23 19.2 9.4 16.6 33.6 46 52.1 56.8 71.9 90.7 96.1 86.1 87.8 83.7 79.3 78.7 87.5 97.4 100.6 98.6 95.3 90.7 86.1 85.8 78.9 80.5 70.7 67.9 67.9 67.9 67.9 65.3 70.9 73 67.9 67.9 67.9 67.9 67.9 67.9 67.8 62.3 67.9 85 90.8 105.2 116
71 60.8 54.5 53 52.5 46.9 38.2 35.6 35.2 30.3 23.6 15.4 -1.8 -1.8 -1.8 -1.8 -1.8 -1.8 -1.8 -1.8 -1.8 -1.8 -1.8 -1.8 -1.8 -1.8 -1.8 -1.8 -1.8 -1.8 -1.8 -1.8 -1.8 -1.8 -1.8 -1.8 2.4 15.8 23.1 28.7 33.6 35.4 26 41.3 51.3 58.7 64.5 74.9 85.7 76.6 79.9 87.4 87.3 87.2 90.5 93 95 100.3 99.3 97.2 94.2 91.2 84.3 85.5 91.5 92.1 79.5 67.9 67.9 63.5 65.4 66.6 67.9 67.9 68.9 71.5 67.9 67.9 67.9 67.9 67.9 73 84.6 102.3 113.5
69 62.3 55.1 49.4 47.4 44.8 42.5 34.7 34.2 32.4 27.5 18 0.7 -1.8 -1.8 -1.8 -1.8 -1.8 -1.8 -1.8 -1.8 -1.8 -1.8 -1.8 -1.8 -1.8 -1.8 -1.8 -1.8 -1.8 -1.8 -1.8 -1.8 -1.8 -1.8 -1.8 14.4 25.5 33.5 36.9 54 63.6 56.4 46.3 49.1 55.6 66.9 70.3 79 69.9 98.4 103.7 100.7 90.9 83.2 85.1 92 92 98.6 108.1 107.3 98.1 90.4 86.9 89.3 95.4 93.9 77.1 67.9 67.9 65.2 67.4 67.9 61.4 73 71.7 67.9 67.9 67.9 67.9 67.9 67.9 67.5 86.6 100.3
66.6 61.2 53.8 46.8 44.4 42.6 47.1 34.8 32.7 31.5 27.8 19.8 5.5 1.5 -1.8 -1.8 -1.8 -1.8 -1.8 -1.8 -1.8 -1.8 -1.8 -1.8 -1.8 -1.8 -1.8 -1.8 -1.8 -1.8 -1.8 -1.8 -1.8 -1.8 -1.8 26.3 39.7 53.3 49 51.6 68.8 81.1 84.7 83.3 81.4 67.3 67.7 77.7 70.7 79 93.5 102.4 93.9 90.5 82.6 75.6 86.1 90.3 99.6 108.9 110.9 105.2 100.2 94 95.8 96.6 88.2 78.4 66.8 67.9 67.9 67.9 67.9 67.9 67.9 67.4 67.9 67.9 67.9 67.6 68.3 67.9 67.1 79.3 93.5
64.9 59.4 54.3 48.6 46.8 42.6 41.4 34.5 32.3 31.6 28.4 22.8 14.3 11.2 0.3 -1.8 -1.8 -1.8 -1.8 -1.8 -1.8 -1.8 -1.8 -1.8 -1.8 -1.8 -1.8 -1.8 -1.8 -1.8 -1.8 -1.8 -1.8 18.8 34.4 43.2 48.5 55.9 56.5 54.5 65.5 79.5 84.3 86.1 87.4 83.3 80.8 84.9 79 79 72.8 80.7 77.9 81.6 83.4 71 71 80.3 95.3 105.5 112.1 112.6 109.5 104 99.8 93.4 83.3 76.2 69.8 67.9 67.9 67.9 67.9 67.1 62.4 65.4 67.9 67.9 67.9 71.8 69.1 67.9 70.8 82.5 93
