data/210000-940000.asc
ncols 200
nrows 200
xllcorner 210000
yllcorner 940000
cellsize 50
[rows 148 to 184 of 200, columns 85 to 169 of 200]
-1.8 -1.8 -1.8 -1.8 -1.8 -1.8 -1.8 -1.8 -1.8 -1.8 -1.8 -1.8 23.6 -1.8 -1.8 68.4 76.6 78.6 83.7 84.4 83.9 84.2 90.1 98.4 90.8 86.1 90.8 98 116.9 125.6 117.9 107.4 106.7 108 95.6 86.7 82.3 77.7 70.1 73.5 92.8 100 93.9 91.7 84.9 81.9 74.9 58.3 53.3 54.6 56.2 56.8 48.3 38.4 35.7 35.9 36.4 36.8 46.3 64.6 70.8 73.7 80.2 90.6 98.8 105.2 104.4 98.2 74.2 57.3 54.4 55.2 60.8 64.5 58.4 54 55.6 59 65.5 71 76.3 86.2 105.4 100.3 108.7
-1.8 -1.8 -1.8 -1.8 -1.8 -1.8 -1.8 -1.8 -1.8 -1.8 16.2 46.7 55.2 69 65.1 59.7 64.2 79 90.5 90.3 79.6 76.5 86 87.1 84.9 91.5 101.7 114.9 116.9 116.6 108.6 103.4 103.1 103.8 90.8 87.2 88.6 77.9 70.3 77.5 91.3 97.3 96.4 98 90.7 82.3 68.1 54.7 50.1 49.5 47.8 43 37.4 35.7 37.1 36.7 37.1 38.9 44.2 54.3 56.7 59.2 74.2 91.1 96.2 94.8 87.1 73.6 56.1 53 52.6 53.7 57.4 55.5 52.2 56.2 65.3 66.2 77.7 74.8 73 78.6 78.5 87.9 86.4
-1.8 -1.8 -1.8 -1.8 -1.8 -1.8 -1.8 -1.8 -1.8 -1.8 59.7 67.2 68.6 76.7 70.7 66.7 73.8 94.5 103.5 99.6 95.5 81.6 75.6 78.7 87 99.5 111.5 115.2 119.4 106.1 100.5 94.8 98 93.6 85 82.7 84.7 79.9 71.7 79.5 88.2 93 94.8 93.4 91.2 74.7 59 51.2 48.8 46.9 41.4 33.4 29.7 33.2 35.3 41.2 39.2 43.7 51.1 57.9 60.1 64.6 80.9 83 87.4 85.6 80.5 63.3 55.9 53.9 52.4 51.9 51 50.3 60.5 68.3 74.5 77.9 87.8 83.9 83.6 78.5 78.5 82.4 78.5
-1.8 -1.8 -1.8 -1.8 -1.8 -1.8 -1.8 -1.8 -1.8 55.6 67.6 74.5 74 75.4 66.1 81.5 85.9 89.5 94.3 99.7 100.7 92.6 77.6 79.5 88.7 99.6 109 112 118.2 103.9 92.4 89.8 90.9 84.5 83.3 76.1 74.1 73.6 76.2 82.4 83.8 91.4 90.9 86.8 75.9 65.2 53.9 48.8 46.1 42 34.4 27.9 27.9 27.9 33.4 33.1 37.7 47.5 60.9 80.1 82.6 83.7 95.8 92.6 95.2 90.9 75.9 59.5 56.7 55.4 53.2 50.2 52.9 78.1 87.3 90 90.8 91.3 93.1 90.5 87.6 78.5 78.5 78.5 78.5
-1.8 -1.8 -1.8 -1.8 -1.8 -1.8 -1.8 -1.8 43.9 60.4 72.2 72.2 68 64.5 66.4 81.2 87.2 85.7 89.5 93.6 93.4 93.5 87.3 74.5 88.2 95.6 98.6 108.4 106.9 91.7 86.6 95.5 87.5 76.5 74.4 77.3 72.5 76.2 85.9 83.1 79.8 81.2 82.6 74.6 65.2 60.2 52.8 45.4 41.9 34.5 27.9 27.9 27.9 27.9 31 34.7 39.3 59.2 81.1 91 82.8 93.1 95.9 96.9 93.6 85.3 63.6 56.6 53.9 52.4 51.4 52.6 71.4 94.6 96.3 95.2 97.1 98.3 96 91.5 86.7 78.5 78.5 78.5 86.1
-1.8 -1.8 -1.8 -1.8 -1.8 -1.8 -1.8 22.8 47.3 61.1 65.9 62.9 60.8 59.5 62.1 78.4 88.4 90.9 87 83.6 89.7 91.6 93.4 81.9 75.8 85.8 86.7 90.1 81.7 72.9 87.8 91.2 82.3 75.1 72.6 77.2 71.9 77.8 77.9 69.9 63.1 68.1 69.7 66.5 59.6 56.3 47.9 41.6 35.5 27.9 27.9 27.9 27.9 27.9 37 39.9 46.4 59.7 85.6 84.4 82.9 87.9 90.6 87.1 81.9 72.6 57.6 53.2 50.4 50.5 60.8 88.5 101 100 98.6 102.7 104.2 99.4 94.7 87.7 83.9 92.1 91.6 97.5 101.3
-1.8 -1.8 -1.8 -1.8 -1.8 -1.8 -1.8 24.1 42.9 55 50.1 50 60.9 67.5 64.4 76.7 92.6 94.3 89.9 86.1 83.3 82.6 87.8 79.3 72.4 59.5 60.2 67.8 67.9 71.5 86.9 85.1 76.4 69.2 65.9 64.9 58.6 59.8 60.9 53.8 50.8 58.1 61.8 59.7 56.4 47.8 42.5 36.3 27.9 27.9 27.9 27.9 29.3 31 41.1 43.5 45.7 64 71 72.9 76 80.6 79.1 75.5 71.4 56.1 50.9 49 47.5 57 97.4 106 107.8 106.5 108.4 110.2 106.6 98.6 93.6 89.2 102.3 114.4 114.5 115.4 109.1
-1.8 -1.8 -1.8 -1.8 -1.8 -1.8 -1.8 27.1 40.2 35 40.3 52.1 69.6 83.9 82.2 78.5 90.2 94 89.1 89.7 84 78.6 74.8 73.9 72.1 64.4 54.3 63.1 63.5 74.4 81.6 75.6 69 64.2 62.8 59.7 56.2 53.4 49.7 47 50 55.4 57.4 53 47.9 44.4 42.2 37 27.9 27.9 27.9 27.9 31.1 39.8 51.1 47.7 49.1 53.1 64 65.8 71.4 76.5 73.1 67.4 54.6 48.1 44.5 44.3 45.5 74.2 97.5 105.2 110.3 110.6 120.4 117.9 107 102.1 100.9 106.4 108.7 115.9 120.8 115.7 108.5
-1.8 -1.8 -1.8 -1.8 -1.8 -1.8 -1.8 21.3 17 36.6 47.1 53.3 68 75.7 78.7 72.7 82 88.3 85.9 86.5 80.1 73.1 71.4 66.8 64 61.8 54 52.5 62.1 68.5 66.1 65.1 57.9 56.2 56.5 55.6 49.9 48 45.5 43.8 47.7 49.2 46 44.6 40.8 39.7 38.2 29.5 27.9 27.9 27.9 27.9 38.3 51 58.5 56.6 56.9 51.6 51.3 55.8 67 69.4 65.4 55.3 46.8 40.9 38.6 38.1 44.8 70.5 91.4 101.8 110.4 115 114.1 112.5 112.1 111.5 113.5 114.3 109.3 112.4 117.1 115.8 118.1
-1.8 -1.8 -1.8 -1.8 -1.8 -1.8 -1.8 -1.8 32.4 45.4 53.2 58.4 68.6 75.3 72.1 67.2 64.9 69.4 77.5 79.8 72.8 70.5 77.2 69 66.2 65.6 56.5 49 47.6 52.5 51.5 50.6 45.7 46.2 47.9 51.2 44 40.8 36.4 35.9 36.9 35.3 37.4 37.3 33.4 32.4 29.6 27.7 30.7 27.5 32.4 42 47.2 53.3 55.9 59.3 60.1 53 48.1 59.8 66.7 65.1 56.8 47.7 40.9 34.3 36.1 38.9 48.9 78.6 90.6 104 107.7 107.4 111.6 113.9 116.7 113.5 117 112.1 112.5 116.9 121.2 125.4 128.4
-1.8 -1.8 -1.8 -1.8 -1.8 -1.8 -1.8 -1.8 44.7 52 61.1 64.8 74.2 77.7 65.3 62.5 61 65.7 72.6 65.4 64.4 73 81.9 73.2 69.7 68.3 55.4 50.2 41.6 32.3 32.3 33 34.9 35.6 38.3 39 36.1 29.1 25.9 26.3 24.9 26.5 28.6 26.2 24.9 25 27.9 45.3 53.6 53.4 56 56.7 54.4 55.2 54.6 58.8 61.9 58.8 48.1 53.3 64 59.7 45.8 36.3 31.6 30.9 35.9 37.8 62.6 77.7 86.5 91.1 96.1 99.2 109.6 113.3 111.6 109.8 113.6 112.4 117.6 122.3 126.9 130.8 133.1
-1.8 -1.8 -1.8 -1.8 -1.8 -1.8 -1.8 22.9 54 60.1 68.5 81 79.9 82.1 64 61.3 54.6 56.2 61.3 57.3 63.4 69 79.5 72.6 68.6 60.9 55.4 50.5 44.3 36.6 26.2 16.6 19.8 26.5 25.7 24.9 19.4 15.7 15.5 15.9 17 18.5 19.8 20.2 19.5 21.7 38.4 66.8 77.7 81.6 79.1 70.3 60.1 55 52.4 53.9 61 65.9 59.1 45.5 51.3 50.6 37.4 29 25.5 30.6 32.3 38.3 62 83.4 88.7 91.3 92.4 92.7 93.1 102.2 101.3 107.3 109.6 112.4 119.4 125.6 133.7 136.7 134.9
-1.8 -1.8 -1.8 -1.8 -1.8 -1.8 -1.8 -1.8 45.3 62.3 78.6 87 82 79.2 64.6 58.4 48.6 46.5 47.5 52.8 58.5 62.8 69.8 69.1 67.4 62.2 58.2 62.3 47.9 37.7 18.6 4.8 2.9 11.9 10.1 6.5 5.6 9.6 9.6 9.5 12.2 15.3 17.9 18.2 16.2 27.1 60.1 64.1 64.4 72.5 69.5 63.6 57.4 54.8 48 48.8 56.7 62.9 65.8 55.2 44.6 39.8 28 23.8 21.1 25.8 29.4 40.5 75.6 84.3 87 89.4 90.8 92.3 93.4 92.4 85.5 99.6 110.5 116.3 122.4 133.1 139.3 143 134
-1.8 -1.8 -1.8 -1.8 -1.8 -1.8 -1.8 -1.8 34.3 62.8 85 89.9 80.4 72.9 61.1 53 45.8 45.4 45.4 49.8 52.7 60 61.3 70.8 72.2 66.6 58.4 54.9 44.4 31 15.1 -1.8 -1.8 2.2 2 2.1 3.6 8.1 7.2 5 10.6 13.8 12.4 7.7 8.8 35.8 62.7 58.1 52.6 52.3 55.3 60.5 53.8 48.7 44.1 47.7 53.6 57.7 64.2 60.1 42.2 32.8 23.5 19.9 20.8 25.5 38.8 46.1 77.2 84.9 87.5 88.8 88.6 93.5 90.2 76.4 82.5 90.1 114.5 121.1 122 126.4 138.3 136.5 130.4
-1.8 -1.8 -1.8 -1.8 -1.8 -1.8 -1.8 20.7 29.3 65.3 81.2 79.3 72.1 62.9 61.5 52.9 45.8 45.4 50.2 47.7 54.1 56.1 49.2 62 63.8 57.2 58.6 52.2 39.3 23.5 10.6 -1.8 -1.8 -1.8 -1.8 -1.8 6.6 5.9 5.3 2.1 2 2.3 1.7 2.4 9.8 37.4 56.4 56.4 45.1 48.8 52.4 51.4 50 39 39.1 47.8 52.6 54 57.9 55.2 35.6 27.1 21.6 19.5 24.8 31.8 42.7 55.2 80.9 89 90 87.9 85.8 89.3 71 72.2 86.2 106.1 103.3 104.3 109.6 119.7 133.6 128.5 126.1
-1.8 -1.8 -1.8 -1.8 -1.8 -1.8 5.2 12.6 39.2 57.7 69.1 69.9 69.6 58.2 56.5 51.9 46.5 52.5 53 46.2 49.4 46.9 40 40.2 44.9 43.7 47.9 46.2 36.5 25.4 19.1 -1.8 -1.8 -1.8 -1.8 -1.8 -1.8 -1.8 -1.8 -1.8 -1.8 -1.8 -1.8 -1.8 18.2 33 46.1 51.9 43.7 41.8 44.2 42.7 41.1 39 39 46 53.4 53.9 52 42.3 30.2 20.9 17.8 21.8 27 33.8 43.3 49 65.6 81.3 86.5 79.3 79.2 71.1 66.1 70.8 92.7 110.4 110.1 105.8 106.4 108.2 111.4 115.5 115.4
-1.8 -1.8 -1.8 -1.8 -1.8 -1.8 4 12 27.2 44.8 56.5 63.2 63.7 51.3 49.5 47.2 44.9 46 41 39.5 41 38.2 29.8 26.9 33.1 37.5 36.7 45.3 32.1 26.9 20.1 -1.8 -1.8 -1.8 -1.8 -1.8 -1.8 -1.8 -1.8 -1.8 -1.8 -1.8 -1.8 -1.8 8.3 18.7 29.1 32.8 34.5 37.9 39.1 39.8 39.2 39 39 42.3 46.1 48.2 43.7 32.2 21.1 18.2 17.9 21.4 25.9 29.7 35.8 46.7 48.5 45.3 49.4 62.6 64.2 70.8 74.7 71.7 95.1 104.7 101.4 111.8 116.1 121.4 122.5 113.8 113.8
-1.8 -1.8 -1.8 -1.8 -1.8 -1.8 -1.8 9 18.8 30.2 42.2 44.5 40 36.1 38.4 39.6 37.1 29.8 24.7 28.6 37 23.6 22.1 19.9 15.2 25.4 35.9 38.2 22.5 27.1 13.1 -1.8 -1.8 -1.8 -1.8 -1.8 -1.8 -1.8 -1.8 -1.8 -1.8 -1.8 -1.8 -1.8 7.3 21.4 29.3 29.3 30.2 33.3 39.1 39.4 40.1 40.5 40.4 41.9 43.9 46.9 37.1 24.9 17.7 18.2 19.2 20.4 22.5 36.9 50.7 63.2 74.2 78.9 72.5 72.7 83.1 88.1 90.2 88.7 94.7 105.8 113.7 111.6 115.5 115.1 114.8 113.8 113.7
-1.8 -1.8 -1.8 -1.8 -1.8 -1.8 -1.8 2.4 7.1 9.9 27.8 27.1 18.8 20.1 21.5 31.6 23 19.4 16.9 17.6 21.2 16.7 11.5 10 10.2 21.1 29.6 22 12.3 11.4 4.9 -1.8 -1.8 -1.8 -1.8 -1.8 -1.8 -1.8 -1.8 -1.8 -1.8 -1.8 -1.8 -1.8 13.1 32.8 40.6 33.3 31.7 32 40.5 44.7 49.7 54.5 52.4 46.3 43.2 41.7 32.5 23.1 18.1 18.2 19.8 18.8 32.2 47.9 62.7 73.8 80.6 79.5 78.7 87.5 93.5 98.7 99.9 103.1 109.4 118.9 122.8 115.8 116.5 113.2 113.8 113.8 121.2
-1.8 -1.8 -1.8 -1.8 -1.8 10.4 -1.8 12.4 28.4 23.7 17.8 13.4 12.2 10.1 8.7 17.9 10 9.6 9.4 6.7 12.8 9.8 5.7 4.5 6.6 15.3 16.4 4.3 4.5 -1.8 -1.8 -1.8 -1.8 -1.8 -1.8 -1.8 -1.8 -1.8 -1.8 -1.8 -1.8 -1.8 -1.8 -1.8 16 39.2 43.2 37.3 33.8 33.3 40 47.7 52.7 64.3 69.3 58.1 44.6 34.7 26.7 18.6 18.2 18.2 17.7 19.9 25.7 47.7 62.6 72.5 75.4 71.3 71.5 93.6 104.9 113.3 113.7 113.5 119.7 130.7 129.5 118.5 113.1 113.8 113.8 124.2 134.7
-1.8 -1.8 -1.8 -1.8 -1.8 18.7 19.3 21.6 38.2 44.2 37.1 21.9 17 12.7 9.5 7.3 6.1 5.7 5.7 -1.8 -1.8 3.3 -1.8 -1.8 3.5 9.1 8 -1.8 -1.8 -1.8 -1.8 -1.8 -1.8 -1.8 -1.8 -1.8 -1.8 -1.8 -1.8 -1.8 -1.8 -1.8 -1.8 3.1 18.3 34.7 41.4 37.9 38.6 31.9 37.5 41.3 42.9 47.4 58.9 56.4 41.6 30.4 21.3 18.2 18.2 18.2 18.2 19.4 26.2 37.8 60.1 68.4 67.1 65.6 78.2 98 106 115 120.4 123.7 129.4 136.2 127.1 119.3 115.2 116.3 125.2 143.7 138.6
-1.8 -1.8 -1.8 -1.8 15 18.3 25.7 21.4 31.1 36.1 27.9 24 19.9 18.2 13.9 11.8 8.1 5.4 5.1 -1.8 -1.8 -1.8 -1.8 -1.8 -1.8 -1.8 -1.8 -1.8 -1.8 -1.8 -1.8 -1.8 -1.8 -1.8 -1.8 -1.8 -1.8 -1.8 -1.8 -1.8 -1.8 -1.8 5.7 13 24.2 35.6 44.5 42.3 35.8 31.6 30.1 32.9 33.3 38.1 43 41.1 33.5 24.5 18.2 18.2 18.2 18.2 18.2 18.2 20.9 30.9 38.5 48.4 54.3 58.3 79.8 94.3 104.4 112.7 111.8 121.4 127.5 128.8 125.6 123.2 124.4 131.3 145.8 150.5 138.5
-1.8 -1.8 -1.8 -1.8 11.2 17.7 16.9 20 18.4 22.2 23.8 21 20.6 17.5 17 18.8 13.6 15.1 12.8 16.4 6.8 -1.8 -1.8 -1.8 -1.8 -1.8 -1.8 -1.8 -1.8 -1.8 -1.8 -1.8 -1.8 -1.8 11.8 9 -1.8 -1.8 -1.8 -1.8 -1.8 -1.8 -1.8 10.3 22 37.2 43 40.5 35.3 29.2 27.9 27.5 26.8 29.6 32.1 33.5 24.6 19 18.2 18.2 18.2 18.2 18.2 18.2 16.3 24.8 32.8 38.6 45.9 67.3 79.5 88.3 100.9 110.2 110.6 117.3 118.7 126.5 128.9 131 137.1 140.8 148.4 143.8 136.5
-1.8 -1.8 -1.8 -1.8 -1.8 -1.8 3.6 12.4 6 16.9 24.7 26.9 19.4 13.3 16.8 15.5 11 11 10.2 8.9 6 -1.8 -1.8 -1.8 -1.8 -1.8 -1.8 -1.8 -1.8 -1.8 -1.8 -1.8 -1.8 -1.8 6.5 9.8 -1.8 -1.8 -1.8 -1.8 -1.8 -1.8 -1.8 -1.8 -1.8 22.6 26.1 34.8 33.7 26.2 24.6 24.9 25.1 26.8 24.6 20.1 21.2 18.2 18.2 18.2 18.2 18.2 16.6 18.1 19.4 23 30.3 37.7 52.6 74.6 79.7 92.6 103.2 108.1 106 112.1 112.3 124.9 135.1 139.6 143.4 143.3 144 139.4 135.4
-1.8 -1.8 -1.8 -1.8 -1.8 -1.8 -1.8 0.8 14.6 24.9 20.1 26.2 19.9 10 12.2 9.7 9 11.1 14 16.8 6.2 4.2 4.6 9 9.3 8.7 -1.8 -1.8 -1.8 -1.8 -1.8 -1.8 -1.8 0.9 0.7 -1.8 -1.8 -1.8 -1.8 -1.8 -1.8 -1.8 -1.8 -1.8 -1.8 -1.8 4.8 20.3 22.7 18.2 20.5 23.5 29.1 22.6 18.8 18.1 18.2 18.1 18.2 18.2 18.2 17.2 22.5 24.2 28.7 28.7 29.7 34.9 49 69.4 80.5 95.6 107.9 99.5 98.8 104.5 110.9 125.8 136.8 142.9 149.7 149.3 146.2 140.5 136.7
-1.8 -1.8 -1.8 -1.8 -1.8 -1.8 -1.8 -1.8 9.9 16.2 22.7 21.3 10.8 2.4 7.5 8.2 8.3 13.8 16.8 28.9 22.3 19.6 18.5 24.5 25 20 13.6 2.3 0.4 -1.8 -1.8 -1.8 -1.8 1.9 1.9 -1.8 -1.8 -1.8 -1.8 -1.8 -1.8 -1.8 -1.8 -1.8 -1.8 -1.8 -1.8 7.6 12 18.1 27.4 33.1 34.2 26.7 20.3 17.6 16.9 18.2 18.2 18.2 18.2 43.5 40.3 44.4 42.7 42 35.6 38.7 48.3 62.9 77.4 86.9 88.7 88 88.7 99 110.6 120.2 135.4 146.1 151.3 153.4 152.8 141.8 136
-1.8 -1.8 -1.8 -1.8 -1.8 -1.8 -1.8 -1.8 -1.8 -1.8 10.5 12.3 -1.8 -1.8 4.6 11.5 4.9 12 23.4 40.1 41 36.2 31.1 30.2 23.3 17.4 -1.8 -1.8 -1.8 -1.8 -1.8 -1.8 -1.8 -1.8 -1.8 -1.8 -1.8 -1.8 -1.8 -1.8 -1.8 -1.8 -1.8 -1.8 -1.8 -1.8 -1.8 -1.8 7 16.6 27.9 39.9 41.2 35.4 28.2 21.6 18.2 18.2 18.2 18.2 19.5 46.8 54.6 51 49.5 41.3 38.7 42.9 50.9 60.5 69.5 79.2 83.8 81.1 79.6 91.1 105 113.9 122.3 135.1 142.4 145.5 144.3 139.6 140.9
-1.8 -1.8 -1.8 -1.8 -1.8 -1.8 -1.8 -1.8 -1.8 -1.8 -1.8 -1.8 -1.8 -1.8 -1.8 -1.8 -1.8 11.9 31.9 35.9 30.4 31.5 25.6 23 20.6 11.4 -1.8 -1.8 -1.8 -1.8 -1.8 -1.8 -1.8 -1.8 -1.8 -1.8 -1.8 -1.8 -1.8 -1.8 -1.8 -1.8 -1.8 -1.8 -1.8 -1.8 -1.8 -1.8 -1.8 14.4 30.6 39.9 31.8 37.4 38.3 33.7 23 18.2 18.2 18.2 20.4 38.1 53.3 55 47.1 41.9 42.4 54.6 63.3 65.3 70.4 77.5 79.1 78.7 79.8 97.1 103.8 105.3 109.2 116.7 129 134.3 136.9 141.6 152.2
-1.8 -1.8 -1.8 -1.8 -1.8 -1.8 -1.8 -1.8 -1.8 -1.8 -1.8 -1.8 -1.8 -1.8 -1.8 -1.8 -1.8 23.9 19 18.1 23.4 19 15.6 12.9 12.6 -1.8 -1.8 -1.8 -1.8 -1.8 -1.8 -1.8 -1.8 -1.8 -1.8 -1.8 -1.8 -1.8 -1.8 -1.8 -1.8 -1.8 -1.8 -1.8 -1.8 -1.8 -1.8 -1.8 -1.8 -1.8 16.5 22.3 18.2 29.9 36.8 33.7 22.4 18.2 18.2 18.2 22.2 33.8 60.9 55 47.9 47.4 49.8 56.3 68.1 73.3 76.6 79.1 79.1 73.1 83.6 90 102.4 103.7 109.1 119.2 131 130.2 133.6 145.1 148.7
-1.8 -1.8 -1.8 -1.8 -1.8 -1.8 -1.8 -1.8 -1.8 -1.8 -1.8 -1.8 -1.8 -1.8 -1.8 -1.8 8.8 0.9 0.8 -1.8 -1.8 -1.8 5.2 4.9 -1.8 -1.8 -1.8 -1.8 -1.8 -1.8 -1.8 -1.8 -1.8 -1.8 -1.8 -1.8 -1.8 -1.8 -1.8 -1.8 -1.8 -1.8 -1.8 -1.8 -1.8 -1.8 12.3 -1.8 -1.8 -1.8 -1.8 4.2 11.5 13 15.7 18 14.2 24.6 24.8 19.3 31.6 45.5 50.6 52.6 58.9 65.6 65.4 55.3 67.1 72.9 70.9 73.2 72.8 77.5 83.8 87.4 93.2 105.6 119.1 118.1 121.8 124.6 136.6 144.6 149.1
-1.8 -1.8 -1.8 -1.8 -1.8 -1.8 -1.8 -1.8 -1.8 -1.8 -1.8 -1.8 -1.8 13.1 13.9 16.8 -1.8 -1.8 -1.8 -1.8 -1.8 -1.8 -1.6 -1.8 -1.8 -1.8 -1.8 -1.8 -1.8 -1.8 -1.8 -1.8 -1.8 -1.8 -1.8 -1.8 -1.8 -1.8 -1.8 -1.8 -1.8 -1.8 -1.8 -1.8 -1.8 -1.8 15.7 26.9 16 7.5 -1.8 -1.8 6 7.2 10.4 12.7 19.2 31.4 26.8 25.1 39.1 42.3 49.1 54.7 70.2 74.7 73.1 64 60.5 68.1 71.6 73.7 78.2 77.7 80.9 85.4 90.7 106.2 113.2 116.5 127.7 137.7 140.3 150.7 156
-1.8 -1.8 -1.8 -1.8 -1.8 -1.8 -1.8 -1.8 -1.8 -1.8 -1.8 -1.8 9.6 -1.8 -1.8 -1.8 -1.8 -1.8 -1.8 -1.8 -1.8 -1.8 -1.8 -1.8 -1.8 -1.8 -1.8 -1.8 -1.8 -1.8 -1.8 -1.8 -1.8 -1.8 -1.8 -1.8 -1.8 -1.8 -1.8 -1.8 -1.8 -1.8 -1.8 -1.8 -1.8 13.9 23.2 36.5 42.7 45 33.4 26.2 16.4 17.2 9.6 11.6 16.7 31.6 26 29.2 35.6 42.1 49.6 64 77.5 79.7 78.1 68.3 60.2 61.4 64.7 68.6 69.9 73 73.8 81.8 91.1 96.8 111.4 117.6 128.7 145 147.5 151.9 152.9
-1.8 -1.8 -1.8 -1.8 -1.8 -1.8 -1.8 -1.8 -1.8 -1.8 -1.8 -1.8 -1.8 -1.8 -1.8 -1.8 -1.8 -1.8 -1.8 -1.8 -1.8 -1.8 -1.8 -1.8 -1.8 -1.8 -1.8 -1.8 -1.8 -1.8 -1.8 -1.8 -1.8 -1.8 -1.8 -1.8 -1.8 -1.8 -1.8 -1.8 -1.8 -1.8 -1.8 10.4 20.6 32 46.3 53.6 50.7 48.9 45.7 35.5 31.8 23.6 18.2 11.9 16.7 24.1 26.2 27.7 36.5 46.8 54.9 80.3 80.4 81 82.4 72 60.1 70.3 64.1 63.6 65.2 67.5 68.8 75.4 96.2 101.2 108.6 119 133.8 145.8 149.8 153.5 155.7
-1.8 -1.8 -1.8 -1.8 -1.8 -1.8 -1.8 -1.8 -1.8 -1.8 -1.8 -1.8 -1.8 -1.8 -1.8 -1.8 -1.8 -1.8 -1.8 -1.8 -1.8 -1.8 -1.8 -1.8 -1.8 -1.8 -1.8 -1.8 -1.8 -1.8 -1.8 -1.8 -1.8 -1.8 -1.8 -1.8 -1.8 -1.8 -1.8 -1.8 -1.8 -1.8 -1.8 20.4 35.9 45.9 54.8 56 53.7 59.7 56.5 45.8 42.5 33.8 21 15.1 15.8 20.2 24.2 23.4 34.1 46.9 78 89.6 90.8 83 74.1 66.1 58 58 58 58 60.4 61.8 62.9 71.8 85.6 101.5 117.4 148.6 159.5 161.2 159.4 157 155.7
-1.8 -1.8 2 -1.8 -1.8 -1.8 -1.8 0.9 5.4 9.3 -1.8 -1.8 -1.8 -1.8 -1.8 -1.8 -1.8 -1.8 -1.8 -1.8 -1.8 -1.8 -1.8 -1.8 -1.8 -1.8 -1.8 -1.8 -1.8 -1.8 -1.8 -1.8 -1.8 -1.8 -1.8 -1.8 -1.8 -1.8 -1.8 -1.8 -1.8 -1.8 12.1 23 44.9 48.1 55 63.3 63.2 65.8 65.3 57.5 47.2 34.7 22.5 22.4 22.8 25.2 24.5 29.8 32.7 36.7 63.9 78.1 91 83 71.2 62.6 58.4 58 58 58 58 58 61.6 73.5 84.3 99.7 118.8 155.6 167.4 168.7 169.3 162.4 155.9
-1.8 -1.8 6.2 2.8 -1.8 -1.8 -1.8 1.4 12.7 1.9 -1.8 -1.8 -1.8 -1.8 -1.8 -1.8 -1.8 -1.8 -1.8 -1.8 -1.8 -1.8 -1.8 -1.8 -1.8 -1.8 -1.8 -1.8 -1.8 -1.8 -1.8 -1.8 -1.8 -1.8 -1.8 -1.8 -1.8 -1.8 -1.8 -1.8 -1.8 24.7 38 51.2 54.6 52.7 57.9 67.6 72.7 69.5 70.5 64 49.7 32 28.3 30.7 30.1 28.5 24.2 25.4 38.6 43.6 41.7 52.6 67.7 67.4 62.6 61.6 64.1 57.6 57.6 61.5 60 58 62 70.4 85.2 95.1 125 154 167.3 172.8 173.7 175.5 163.2
-1.8 -1.8 -1.8 -1.8 -1.8 -1.8 -1.8 9.6 19.8 21.1 2.2 -1.8 -1.8 -1.8 -1.8 -1.8 -1.8 -1.8 -1.8 -1.8 -1.8 -1.8 -1.8 -1.8 -1.8 -1.8 -1.8 -1.8 -1.8 -1.8 -1.8 -1.8 -1.8 -1.8 -1.8 -1.8 -1.8 -1.8 -1.8 -1.8 28.6 45.3 54.3 54.2 55.1 55.3 58.2 66.7 69.5 64.5 73.4 64 39.9 34.3 37.2 42.2 35.3 29.8 25.9 25.9 41.9 51.3 58.2 49 46.8 56.5 59.4 63 59 55.8 62.1 66.9 62 59 61.8 69.6 84.3 100.6 127.2 153.7 165.4 172.2 175.6 174.3 161.3
