data/210000-670000.asc
ncols 200
nrows 200
xllcorner 210000
yllcorner 670000
cellsize 50
[rows 36 to 71 of 200, columns 80 to 159 of 200]
396.1 387.6 379.8 375.7 374.8 374.5 371.7 365.8 359.2 358.5 358.1 357.6 356.6 354.4 352.5 349.2 343.3 336.3 325.1 314.7 303.9 296.3 291.5 283.4 281 278.6 278.2 280.9 278.2 271.4 263.1 253.7 247.3 241.4 234.9 228.4 221.8 215.3 208.7 203 195.9 188.2 180.9 173.4 164.8 154.5 150.4 146.5 142.4 137.4 130.6 123.6 115.1 101.4 86.5 71.4 58 48.5 40.5 37.9 31.5 27.4 30.4 37.9 39.6 42.8 44.5 42.4 40.1 37.7 36.9 36.6 38.8 40.1 40.1 39.4 35.9 33.3 30.8 29.9
396.7 389.2 384.7 381.6 380.6 379.7 375.4 369.5 361.6 356 355.4 354.3 353.2 350.9 347.9 346.1 340.5 332.6 323.6 312.8 300.1 296.1 290.5 281.4 280.1 279.5 278.6 276.8 274.6 268.4 263.1 255.4 250.2 246.6 240.1 233.6 227.1 221.4 213.6 203.9 196.4 189.3 183.4 175.9 167.4 155.6 148 143.4 138.9 134 127 120 112.2 98.4 84.1 69.6 55.2 48.3 41 34.5 30.3 28.8 28.5 34.4 37.4 38.9 39.1 37.9 36.9 35.8 34.5 34.7 36.7 38.6 39.9 38.8 36.3 32.4 30.6 29.4
396.7 392.7 389.3 386.6 388.7 386.2 380.2 371.3 362.2 355.6 352.8 351.1 349.9 347.5 344.5 341.5 337.7 329 321.1 310.6 299.3 294.5 290.5 284.5 279.2 277.6 275.5 273.3 271.1 265.5 260.3 255.9 251.7 249.7 245.4 238.9 233 228.2 219.4 209.2 199.5 190.7 185.6 179.4 172.6 161.2 146.9 141.2 135.5 129.9 123 116.5 108.7 96.2 81.9 67.4 53.8 47.7 41.9 36.6 32.7 26.6 23.7 34.3 34.1 35.3 36 35.4 34.8 34 32.4 33.4 35 36.7 38.4 38.5 36.5 33.1 30.4 29.4
402.3 397 393.7 390.8 390.9 391.3 388 376.2 364.2 356.4 352.2 350.5 347.7 342.3 339.6 336.9 333.2 325.7 318.2 308.2 296.9 291.6 291.7 290 279.2 276.7 274.1 271.5 268 263.1 258.1 254.9 253.7 251 250.7 244.6 239.8 234.3 224.6 214.1 203.1 193.2 188.3 183.9 179.1 160.6 146 138.2 132.3 126.1 119.3 113 104.1 91.6 78.7 64.6 54.1 46.2 40.5 39.9 39.7 31.5 20.6 24.8 29.5 32.4 33.1 33.2 32.8 31.1 31 32.4 34 36 38 38 35.8 32.9 30.3 28.9
406.6 401.3 398.2 395.3 393.3 392.5 388.7 378.4 366.6 357 351.8 349.5 344.1 338.7 333.3 330.6 324.5 317.2 309.5 298 290.7 288.3 286.8 285.2 281.1 276.4 272.7 269 265.3 261 256 253.2 253.9 252.3 252.5 250.4 244.5 237.6 228.6 215 205.4 195.8 189.9 186.1 177.6 161.1 145.5 135.5 129.5 122.1 114.6 107.8 99 87.1 74.2 62.7 53.9 45.9 38.8 37 36.9 33.4 25 19.2 25.1 29.3 29.6 30 29.9 30.2 30.8 31.4 32.7 35.9 38.5 39.1 35.9 33.7 30.9 29.1
410.3 406.1 399.6 397.8 395 391.1 387.3 377.7 367.9 356.5 351.4 346.1 340.4 335.1 329.7 322.2 315.4 308.3 299.8 291.2 284.8 283.3 281.7 280 277.3 273.7 270 266.5 262.6 258.7 253.9 251.5 251.3 253.4 255.3 253.6 248.8 239.6 227.5 214.8 205.1 196.8 189.1 182.7 175.1 161.4 147.3 133.1 125.5 118 110.6 103.1 93.6 82.5 72.6 62.8 52.9 44.6 37.5 30 30.6 30 28.8 19.3 20.7 23.4 23.2 26.6 28.2 29.5 30.4 31.1 32.2 35.7 39.3 40.1 36.6 34.3 31.4 28.9
415.3 410.8 402.7 396.3 393 389.7 385.8 376.8 367.3 354.3 348.7 344.2 339 331.7 325.1 315.7 306.2 299.8 294.3 285.8 280.6 278.3 276.6 274.9 273.3 270.8 267.3 263.8 259.9 255.9 251.9 249.8 249.5 252 255.4 255.1 249.4 239.6 226.9 214.8 204.1 195.7 187.3 180.5 171.7 158.6 146 133.1 122.7 115.4 108.2 101.1 91.1 79.5 69.8 61.1 52.4 43.2 40.1 37.5 30.3 23.5 22.4 18.2 18.6 22.5 23.5 23.8 22.5 27.7 30.3 30.6 31.2 35.8 39.6 39.5 36.7 33.7 30.1 26.8
416.9 412.5 403.5 394.6 391.5 387.4 382.5 374.4 366 353.8 346.2 341.7 335.9 328 318.8 309.4 300 292 286.7 280.4 276.6 274.1 271.7 270.1 269.5 267.6 264.8 261.1 257.2 253.1 249.1 247.9 248.7 250.3 252.1 253.5 248 237.4 226.8 214.7 203.5 194.7 186.4 177.8 168.1 154.8 141.5 128.8 121.5 113.6 106.3 99.7 88.9 77.3 67.2 58.5 49.8 42.5 35.9 33.3 28.6 23.5 20.5 17.8 17.6 18.3 19.3 20.7 21.2 21.1 24.8 28.8 31.8 35.5 38.3 38 35.7 32.3 28.6 26.1
413 409.8 401.6 393.3 388.9 383.3 378.9 372.7 362.7 352 346 339.6 333 324.8 313 303.3 293.6 284 278.7 274.2 271.6 269.4 267.1 266.1 266.5 264.6 262.1 257.4 253.1 249.6 246.1 245.4 244.7 246.2 248.8 249.3 245.6 235.4 225.4 215 203.7 196.7 185.1 174.9 164.8 152.4 139.7 126.2 117.9 111.5 105.4 97.2 86 75.8 65.1 56.4 49.1 42.1 37.9 33.8 27.2 22.2 20 18.1 16.9 17.5 18.7 20 21.1 21.1 21.1 23.3 29.9 34.7 37.4 37.1 35.1 32 27.8 25.1
410.8 405.2 397.5 390.4 384.5 379.7 375.3 371 363.1 353.2 346.5 339.5 331.8 320 308.2 297.2 287.3 277 272.2 268 265.1 262.8 260.5 261.6 263.4 261.4 259.4 254.9 250.2 246.7 243.2 242.5 241.4 241.9 243.9 244.2 241.1 232.2 223.4 217.5 210.3 201.8 188.2 171.8 159.7 147.8 136 124.4 115.4 107.3 99.4 92.5 83 70.4 62.7 56.1 48.7 39.5 35.4 32.9 26.5 21.5 19.5 17.1 15.9 17.2 19 19.4 20.2 20.9 21.1 23 27.6 34.2 36.1 36.4 34.7 31.4 27 24.4
408.5 401.6 395.5 388.6 380.7 376.6 372.2 367.2 361.6 350.3 342.3 335.2 326.9 315.1 303.3 291.4 281 270.8 261.4 258.7 258.5 256.2 255.3 257.2 259.1 258.7 255.9 252.2 247.5 243.8 240.4 239.3 237.1 236.4 237.9 238.5 234.8 227.7 222.2 216.5 211.7 202.2 189.7 173.1 155.5 142.6 131.9 121.9 113.1 105 96.6 88.3 79.9 70.8 63.4 55.9 48.2 41.1 34.9 29.9 24.2 21 19.3 16.3 15.7 16 18.6 18.6 18.7 18.8 19.1 20.8 24.8 30.8 33.6 35.4 33.9 30 24.6 22.9
405.3 399.9 393.7 386.9 379.9 373.7 368.1 363.2 356.7 347.5 339.2 331 322 310.2 297.7 283.3 272.5 262.3 253.8 249.9 251 249.5 249.8 251.9 254 254.6 251.6 248.6 244.9 240.7 236.7 234.8 232.5 229.4 231 231.2 229 224.4 221 215.5 208.1 198.6 186.7 171.3 155.6 140.8 130.3 120.5 110.7 102.6 94.5 86.4 78.2 70.2 62.5 54.6 46.8 40.1 34.7 29.8 23.8 20.8 19.2 15.6 14.8 15.5 17.6 18 18.1 18.2 18.3 19.3 20.9 27 31.5 34.6 33.4 30.3 23.2 20.8
400.1 395 391 385.3 378.4 370 363.9 357.5 349.8 344.9 337.2 328.8 318.3 304 290.2 275.7 264.8 254.7 243.3 240.1 243.4 242 243.3 245.2 247.1 248.2 245.2 242.1 238.8 235.2 229.6 230.1 227.9 221.1 223.6 223.7 223.7 220.9 218 211.8 205.2 197.5 183.9 168.3 153 136.4 124.9 116.4 108.6 100.9 92.9 84.9 76.8 68.5 60.8 53.1 45.6 39.2 34.5 28.7 23.1 21 18.9 15.8 15.4 15.2 16.7 16.9 17.6 17.5 17.4 18.4 20.3 25 30.5 32.3 32.3 28.3 21.3 18.7
396.8 392.3 388.9 382 374.5 366.2 358.2 349.5 344.5 339.2 332.9 325.5 318.2 304.2 287.2 271.6 258.4 246.2 234.4 229.9 233.3 233.8 236.6 238.4 240 241.7 238.8 235.5 232.1 228.8 222.5 224.6 221.4 213.2 215.7 216.5 216.8 214.6 212.4 211.9 207.5 197.3 181.9 166.6 149.1 132.9 121.5 114.1 106.7 99.1 91.2 82.9 74 66.1 58.3 50.5 43.9 38.4 33.6 28.3 23 19.3 16.3 15.5 14.7 15.6 16.4 16.3 16.3 15.9 16.2 18 20.4 24.4 29.2 31 28.6 22.1 17.8 17
393.5 389.5 383.7 377.9 370.6 360.1 349.6 341 334.7 328.5 322.1 315.3 305.9 296.1 281.9 265 250.1 238.8 228 220.7 221.2 223.6 226.3 228.7 232.3 235 232.1 228.7 225.1 221.4 218.6 217.8 213.4 206.7 206.7 208 208.9 209.1 207.4 206.3 201.2 194.5 181.1 161.7 144 129.6 119 111 103.6 96.3 88.4 79.4 71.7 63.9 56 48.2 42.3 37.8 32.8 28.5 23.3 17.6 16.6 14.3 14.1 15 16 15.7 15.4 15.1 15.2 15.9 18.7 22.1 25.2 27.6 26.4 11.1 9.4 8.4
391.1 385.2 379.7 374.2 364.4 353 341.9 332 324 317.7 309.7 302.2 292.4 282.5 269.4 254.4 241.6 231.8 222.4 213.3 210.5 212 214.4 218.3 221.9 225.3 223.7 220.3 216.7 213.1 210.3 208.8 203.4 197.9 195.6 197.9 199.8 200.8 200.4 198.9 194 187.6 173.7 156 140.6 126.7 116.4 107.9 100.6 94.3 84.9 76 69.6 62.2 54.4 46.5 41.5 37.2 32.2 29.1 25.2 21 17.4 13.7 13 14 14.3 14.3 14 14.1 14.9 15.4 15.2 17.2 20.6 20.6 10.6 8.5 7.8 7.5
389.4 383.2 377.1 371.2 359.6 348.1 336.5 322 312.1 303 295 287.8 279.5 269.5 258.9 249 238.2 227.2 216.9 210.4 204.9 199.5 204 207.9 211.3 214.6 213.9 211 208.2 204.7 201.8 199.7 195.3 191.3 187.8 184.5 190.3 190.9 190.3 188.3 185.8 178.5 166.5 152.9 138.7 125 114.5 105.3 98.9 91.8 82.4 75 67.5 60.5 52.7 45 40.8 36.5 32.4 29.6 25.8 21.9 19.4 14.3 12.2 13 12.7 13.2 14 15.2 14.5 12.1 11.6 12.4 12.3 9.1 8.1 7.3 6.3 5.6
387.7 381.5 375.4 369.1 356.5 339.6 325 311.9 299.7 289 280.7 273.4 266.4 258.2 249.3 239.7 228.4 217.4 208.7 202.6 196.6 186.3 193.4 197.2 200.6 204 204.1 201.2 198.3 195.4 192.3 189.5 186.7 183.9 180.1 170.3 178.5 181.4 180.6 178.1 175.7 169.2 160.9 149.9 136 123.8 112.5 104.5 98.1 89.8 80.4 73.8 66.7 59.2 49.5 44.1 40.1 35.9 32.5 29.8 26.8 24 20.7 16.6 11.4 12.6 11.5 13.2 13.9 12.9 11 10.5 8.9 8.1 8.6 7.1 5.8 5.5 3.9 -1.1
386 379.8 373.6 367.3 352.4 333.1 315.7 302.8 289.8 279.8 265.5 264.4 257.7 250.1 240.3 230.3 219.5 207.6 200.6 194 187.4 180.7 180.8 186.5 189.2 191.9 193.1 190.8 187.9 185.9 183.2 178.5 175.6 172.8 170.5 159.4 169.8 172.5 172.5 169.7 166.8 162.1 154.4 145.4 135.2 122.9 113.3 104.1 97.6 88.1 80.2 73.3 67.1 59.5 48.9 42.9 39.4 35.1 31.4 29 26.4 23.7 20.7 18.4 14.7 12 10.9 11.9 11.8 10.4 9 8.8 6 5.7 5.6 4.6 4 -1.1 -1.1 -1.1
384.3 377.9 371.4 365 344.6 324.7 307.7 293.3 282.4 270.4 255.7 252 248.4 240.9 233.2 217 203.3 194.6 188.8 183.7 177.7 171.1 170.5 176.1 176.6 179.2 180.4 180.2 177.8 176.5 174.1 167.5 163.3 160.6 155.8 148.8 157.8 162.6 163.7 161.3 157.4 153.6 147.3 141 131.6 123.8 114.9 105.2 96.1 87.3 81.2 74.5 67.3 59 49.4 43.9 38.8 33.8 29.3 27.5 25.3 24.1 23.2 19.8 14.9 11.4 11.4 11.3 10 8.5 7.3 6.7 5.6 5.8 4.9 3.2 2.3 -1.1 -1.1 -1.1
382.2 376.6 370.4 359.4 337.2 316.8 300 283.4 266.8 251.6 252.1 231.8 238.5 232.2 219.4 203.7 190.4 181.6 174.8 169.1 164 161.5 159.9 163 165.3 166.5 167.8 167.5 167.5 165.8 163.9 160.1 153.6 149 145.8 140.7 143.8 150.9 154.1 152 148.1 144.3 140.1 136.1 130.1 122.4 115.7 105.6 95.8 88.4 82.2 75.9 69.4 56.3 50.7 44.5 37.8 32.3 28 26.1 24.8 24 23.2 20.8 15.8 10.1 10.9 9.9 8.4 7.2 5.8 6.7 5.5 4.4 3.5 2.3 1.2 0.1 -1.1 -1.1
379 373.8 368.8 355.6 330.9 309.9 292.6 275.7 260.2 245.4 231 216.9 225 219.3 204.6 189.9 178.4 170.9 164.6 157.3 155 151.8 147.4 149.8 152.4 154.7 154.8 154.6 155.7 154.9 152.9 148.3 143.9 136.9 139.5 132.5 133.6 139.3 143.2 142.6 138.8 134.9 130.4 129.7 125.7 120.7 116.5 106.3 95.1 88.4 82.3 76.2 69.7 61 55.7 45.4 37.1 30.8 27.1 25.7 24.9 24.1 23.2 20.3 16 11.4 9.3 8.4 7.3 6 6.1 5.2 4.1 3 1.9 1.1 0 -1.1 -1.1 -1.1
375.6 371.1 366.4 353.4 325.3 303.4 284.7 267 252.3 243.9 232.5 214.5 206.2 199.7 190.4 177.2 168.6 163.1 157.4 151.4 147.2 142 138.5 137.9 141.3 144.4 141.7 143.2 143.8 143.3 141.4 137.8 133.8 126.4 128.5 124.6 123.1 129.6 132.4 133.4 128.9 124.4 118.7 122 119.4 116.5 111.3 105.1 95.2 87.1 80.4 74.3 68.3 61.3 52.6 42.5 34.9 29.6 26.8 25.9 25 24.2 23.3 20.1 15.1 11.8 9.4 6.7 6.2 6.6 5.2 4 2.8 1.7 0.9 0.1 -1.1 -1.1 -1.1 -1.1
371.8 367.5 362.1 346.1 316.6 296.8 277 259.4 247.4 237.2 229.6 222.2 203.2 189.2 180 168.8 162.4 157.4 150.4 147 142 137.4 132 126.4 127.8 130.8 131.5 131.8 132.4 131.6 130.6 127.6 123.6 119 115.5 114 113 119.1 121.9 123.9 120.3 113 106.5 114.1 112.3 109.3 105.1 99.6 93.2 84.2 77.3 72.4 65.7 58.4 49.4 39.3 32.4 29.3 26.9 26 25.2 24.3 23.4 20.5 16.4 11.4 9.2 7.3 6.8 5.3 4.8 2.8 1.7 1 0.2 -1.1 -1.1 -1.1 -1.1 -1.1
364.7 362.2 352.8 337.1 310.9 293.6 275.5 255.2 240.3 228.9 221.7 212 202.8 189 175 169.2 164 159.2 152.6 146.8 140.9 135.9 129.7 124.8 120.4 116.5 119.9 120.3 120.9 119.5 119.3 116.8 113.4 109.4 104 98.2 98.6 105.1 108.2 112.9 112.5 103.6 97.5 104.9 104.8 101.8 99.1 95.7 89.3 81.1 73.9 69.8 61.9 54.7 45.8 36.1 31.5 29.2 27 26.2 25.5 24.4 23.7 21.1 17.4 11.7 8.1 6.5 5.9 4.4 3.6 1.7 1.1 0.4 -0.5 -1.1 -1.1 -1.1 -1.1 -1.1
356.5 355.4 345.8 328.7 306.2 287.5 272.5 254.1 237.7 225.2 216 204.1 195.3 185 172.2 169.2 159.2 155.6 150.4 145.5 139.5 138.1 134.7 129.8 124.8 117.7 111.1 107.5 111.8 108.3 107.7 103.1 99.2 97.2 94.2 89.9 88.4 89.6 96 101.9 104.9 100.5 89.7 93.8 94.3 91.6 89 88.8 83 76.2 71.2 64.9 59.4 50.2 41.4 33.2 31.1 29.2 27.2 26.5 26.2 25.9 25.3 22.7 19 13.3 8.7 6.8 5.6 4.6 1.5 1 0.5 -0.1 -1.1 -1.1 -1.1 -1.1 -1.1 -1.1
342.2 344.1 338.3 322.6 302.5 282.3 268.2 253.4 236.9 223.6 211 199.7 189.2 176 172.5 174.9 176.5 166.7 161 153.5 149.5 144.8 139.8 134.8 128.4 121.3 114.8 108.8 99.2 95.1 96.2 94.5 92.8 88.3 87.8 85.3 81.4 81 84.6 90.9 95.3 96.2 89.6 81.3 80 79.3 78.7 80.1 77 72.4 62.5 57.7 53.9 47.3 36.5 32.7 30.6 28.8 27.2 26.6 25.9 25.9 29.1 27.3 22.5 18.3 9.9 6.5 5.4 4.8 1.1 0.3 -0.1 -0.6 -1.1 -1.1 -1.1 -1.1 -1.1 -1.1
330.5 335.1 330.6 315.8 297.1 277.3 263.4 249.6 235.3 220.8 207.8 199.2 190 176.2 181.7 183.3 182 178 172.4 164.7 157.9 150.7 144.2 137.3 130.3 123.4 116.6 110.1 104.3 99.3 89.4 87.5 86.3 84.3 84.2 80.7 77.9 73.4 74.1 81.2 85 86.6 85.9 79.5 68 64.3 63 66.1 69.6 68.7 58.4 51.3 47.1 38.6 34.7 31.9 30.1 28.2 26.7 26 25.6 25.9 30.7 28 26.9 24.6 14.3 8.1 5.9 2.9 0.7 -0.3 -1.1 -1.1 -1.1 -1.1 -1.1 -1.1 -1.1 -1.1
319.7 320 319.2 309.4 291.5 274.6 260.8 247.7 233 217.7 205.9 195.9 185.2 182.1 188.8 190.2 188.7 186.5 183.3 175.4 163.1 154.4 146.3 139.3 132.6 126 119.7 113.5 106.6 100.3 93.5 88.8 86.7 79.4 80.8 78.9 74.7 73.4 73.4 73.4 74.8 75.6 77.8 75.4 70.6 54.5 50.5 52.7 60.1 63.5 56.9 48.9 41 36.1 33.6 30.8 29.5 27.7 26.2 25.2 25.6 27.4 29.9 29.3 28.8 26.1 18.1 9.6 9 5.6 1.7 -1.1 -1.1 -1.1 -1.1 -1.1 -1.1 -1.1 -1.1 -1.1
323.5 303.8 301.3 294.6 285.5 272.7 257.7 244 229.6 217.1 205.1 194.6 190 194.7 197.5 198.1 197.1 195.3 190.8 184.4 172.1 160.1 151.4 142 135.4 128.8 122.9 116.8 109.8 103.9 98.7 95.3 92.2 85.2 77.6 74.7 73.4 73.4 73.4 73.4 73.4 73.4 71.2 68.6 65.8 60.4 43.3 37.8 44.3 52.8 55.1 49.3 41.1 36.5 32.7 30 28.8 26.9 25.4 24.9 25.5 28.6 30.3 28.3 28.1 25.8 19.2 11.5 9.6 7.6 4.5 -1.1 -1.1 -1.1 -1.1 -1.1 -1.1 -1.1 -1.1 -1.1
316.8 302.3 288.5 279.5 269.8 261.6 250.8 239.9 226.1 213.6 201.4 197.8 200.1 206.1 208.1 205.8 204.2 201.2 196.3 189.3 178.6 167.8 157 146.5 138.1 132 126 120 113.1 108.2 105 101.1 97.5 91 86.6 81.5 73.4 73.4 73.4 73.4 73.4 73.4 66.7 55.3 48.9 41.8 38.6 33.5 30.9 39.3 45.2 44.3 39.2 35.3 31 28.9 27.4 26 24.4 24.2 24.6 26 26.2 25.2 25 23.1 22.1 20.1 14.5 7 4.9 -1.1 -1.1 -1.1 -1.1 -1.1 -1.1 -1.1 -1.1 -1.1
308.7 290.5 281 271.4 260.1 249.2 239.4 228.5 213.3 207.1 209.8 211.7 212.1 218.8 217.2 214.3 211.4 206.4 199.6 191.7 181.7 171.7 161.6 151.3 141.1 134.8 129 123.2 115.8 114.4 112.4 108.3 104.1 98.7 94.3 87.5 79.1 73.4 73.4 73.4 73.4 73.4 67.7 60.2 56.1 54.3 47.2 38.3 29 27.2 33.9 33.1 31.2 29.5 27 26.4 25.3 24.4 22.3 21.5 22.1 22 21.8 21.9 21.5 22.2 21.2 21.2 20.9 9 6 -1.1 -1.1 -1.1 -1.1 -1.1 -1.1 -1.1 -1.1 -1.1
295 283 273.6 263.8 252.7 240.8 230.7 222.9 220.9 219 224.6 225.9 225 229.8 227.3 224.4 220.8 214.7 207.2 196.4 186.1 176 166 155.7 145.8 138 131.3 128.8 124.5 122.5 120.5 116.7 111.4 105 99.4 93.6 85.5 82.9 80.6 76.3 73.4 73.4 73.2 72 67.9 62.6 52.7 42.8 34.2 25.3 18.7 18.2 22.2 23.7 24.1 23.9 23 20.9 19.3 19.3 19.6 19.5 19.5 19.6 18.7 18.8 19.6 20.8 21.6 12.2 6.1 -1.1 -1.1 -1.1 -1.1 -1.1 -1.1 -1.1 -1.1 -1.1
293.8 281.9 266.8 254.4 249.7 245.8 238.2 238.2 232.7 238.6 244.2 239.6 239.8 240.9 237.8 234.7 229.2 221.2 212 201.3 191 180.7 170.4 160.4 150.5 142.1 139.4 136.9 134.4 131.9 128 122 116.3 112.3 105.8 98.5 94.1 91.1 87.1 81.8 73.6 73.8 77.2 78.5 74 67.1 58.5 48.6 39.7 33.6 25.2 18.1 14.7 20.4 20 20.1 20.7 17.9 16.9 16.9 17.3 17.5 17 17.1 16.3 16.7 18.5 19.6 21.4 12 6.8 -1.1 -1.1 -1.1 -1.1 -1.1 -1.1 -1.1 -1.1 -1.1
295 282.8 270.2 271.5 265 258.9 253.4 248.2 255.9 261.3 261.7 258 254.8 252 248.9 245 236 226.9 217.7 208 198 188 177.7 168.6 159.5 149.9 147.3 144.4 141.5 136.9 132.1 126.7 120.8 116.5 109.1 100.2 100 97.4 93 87.7 81 79.4 81.9 84.1 81.4 76.7 67.3 56.7 43.9 40.8 40.2 20.4 7.1 15.4 18.8 17.9 16.6 16 15.8 15.8 14.8 14.4 13.5 13.1 12.8 13.9 16 17.9 19.2 17.4 8 -1.1 -1.1 -1.1 -1.1 -1.1 -1.1 -1.1 -1.1 -1.1
295.3 290.1 284.6 283.6 283.1 274.5 270.1 269.8 271.9 276.9 277.9 275.3 271.7 264.9 260 254.7 243.9 234.8 225.6 216.1 205.8 195.5 185.5 176.4 167.5 158.6 153.6 149.6 145 140.5 135.7 130.4 125.1 119.2 111.2 108.7 107.1 103.7 98.9 93.8 87.4 85.3 86.3 88.6 91 88.9 76.1 62.5 48.1 40.6 39 26.5 10.5 5.9 9.7 16 15.3 14.2 13.2 12.9 12 11.3 10.9 10.6 10.3 10 12 13.8 16.7 17.6 10.4 4 -1.1 -1.1 -1.1 -1.1 -1.1 -1.1 -1.1 -1.1
