data/210000-730000.asc
ncols 200
nrows 200
xllcorner 210000
yllcorner 730000
cellsize 50
[rows 0 to 34 of 200, columns 78 to 155 of 200]
551.7 564.1 582.9 600.6 622.9 650.5 682.9 715.9 745.3 785.4 812 831.6 840.2 837.1 823.7 807.8 796 784.2 780.1 786.2 787.7 786.1 788.1 780.3 779.6 785.1 786.7 788.4 780.6 761.2 748.3 732.2 719.7 704.4 690.4 683.2 680.7 665.1 640.5 617.1 599.7 587.4 574.6 557.3 540.1 521.7 506.9 514.9 537.1 555.5 578.9 586.3 563.8 533.7 511.5 496.9 479.3 459.8 442.5 430.5 421.4 412.5 411 413.7 418.4 422 426.8 440 453.8 467.2 478.4 493.3 509.7 519.1 533.6 539.1 524.5 483.9
556.6 567.5 584.6 602.7 624.9 650.7 684.1 714.4 751.5 782.5 802.2 818.1 826.5 821.3 808.3 795.3 786.1 776.4 769.4 768.1 769.7 773 771.9 767 766.4 775.7 778.1 780.3 776.3 766.5 762 744.3 732.1 716.5 700 687.9 681.4 661 640.1 620 601 586.7 575.1 551.5 526.8 507.2 494.4 499.1 519.1 536.9 564.6 577.9 560.7 532.1 508.4 491.3 467.2 451.5 431.2 422.8 414.5 402.7 403 406.5 412.8 415.8 425.1 433.6 448.1 466 482.3 495.2 511 518.5 523.7 528.3 517.7 484.9
558.4 570 585.3 599.2 617.3 643 674.8 709.7 739.7 769.3 790.4 806.4 814.9 806.2 795.7 785.7 777.1 767.4 764 762.7 761.6 761.4 761.8 760.9 759.1 760.5 769.9 778.5 784.4 780.8 777.7 759.1 740.4 722.4 706.9 693.4 686.3 670 651.5 629.4 610.3 596.4 583.8 551.4 523.6 498.5 478.6 485.6 504.5 521.6 547 560.4 556.3 527.3 501.5 484.6 459.2 442.2 426.5 416.3 404.9 394 393.1 400.2 408 414 424.3 434.6 449.6 470.6 484.8 492.7 508.7 513.1 515.9 514.1 496.8 465.9
563.1 578.3 589.6 600.6 616.3 637.2 663.5 693.1 722.6 756 777.4 794.9 805.3 796.4 784.6 779.5 768.5 763.6 760.2 756.7 751.8 750.8 747.7 749.1 755.3 758 763.5 771.1 774.2 773.9 770.5 757.7 738.8 726 707.9 692.4 686.2 674 657.5 654 634.5 617.7 597.5 561.4 524.3 495.4 471.5 474.4 488.1 505.7 522.5 535.7 540 520.5 491.3 476.9 450.8 432.2 418.9 410 395.5 376.2 381.5 392.1 401.3 408.3 419.6 436.8 448.1 470.5 485.2 488.9 500.4 504.5 494.9 491.1 471.4 444.6
561.6 579.2 591.3 608.8 624.4 640.2 662.2 687 714.8 746.6 771.7 787.9 794.9 787.6 777.1 773.6 766.3 760.4 756.2 745.9 744.9 741 740.7 749.9 759.8 758.4 746.8 740.2 746.6 746.3 739.7 737 718.4 703.2 694.4 680.4 682.7 661 649.6 650.6 637.1 612.4 597.2 570.6 531.6 498.5 478.7 464.3 476.1 487.6 499.6 506.8 520.4 508.2 483.4 469.2 443.6 424.3 410.3 402.4 385 365.6 372.6 382.6 391.6 401.2 419.3 438.8 451.5 468.4 480.6 480.2 488.1 485.8 467.7 459.8 449.7 429.4
557.3 572.3 586.9 607.9 628 651.4 676.2 690.6 713.9 740.8 765 782.5 786.8 778.3 769.7 765.9 760.6 755.8 751.7 741.5 740.3 738.2 734.4 737.8 750.8 748.8 737.4 725.2 716.3 716.1 711.8 707.5 691.5 675.3 670.4 662.4 673.9 657.2 636.9 619.1 623.1 604 590.7 566.9 534.7 501.6 483.4 460.9 457.3 473.7 488.4 491.2 508.9 506.2 482.8 466.8 437.4 417.3 404.4 395.1 375.2 355 360.5 371.4 382.7 392.6 413.7 434.6 445.2 460 471.8 467.9 467 464.1 445.3 432.2 421.8 412.2
552.8 565 584.7 611.9 634.4 655.3 675.9 704.4 721.7 748.8 765.4 774.6 775.7 769 763.3 759.6 752.8 744.9 742.3 737.2 735 735.9 726.1 730.2 740.6 737.5 726.9 718.5 699.7 689.2 684.2 680.8 662.5 651.9 645 643.2 659.7 648.3 626.3 607.5 603.9 597.2 581.5 556.4 530.1 505 484.3 469 444.9 459.3 474.5 475.4 489.9 494.3 469.5 455.2 427.9 409.2 392.9 385.4 365.7 347 346 363.8 371 384 401.2 424.1 436.4 444.6 456.9 451.7 441.6 429 416.9 393.8 387.4 391.2
542.4 558.3 578.9 609.9 638 662.5 684.2 711.8 736.1 754.3 771.3 773.1 769.4 761.5 757.5 753.8 747.6 743.5 740.4 736.4 734 731.2 724.3 725 731.4 726.7 711.3 706 691 672.2 656.1 646.3 634.7 624.2 620 622.4 642.4 638.5 617.9 596.6 589.5 590.2 579.8 551.1 529.7 515.5 491.7 470.5 449 439.4 458.4 460.1 461 471.9 451.4 434.2 414 396.8 381.1 369.2 355.3 338.2 335.4 350.3 362.6 374.7 389.6 411.5 424.9 431.3 435.9 427.1 411 389.8 374.4 362.3 362 358.4
543.2 557.3 579.2 608.3 637.1 669.4 695.2 721.9 742.5 759.7 765.5 765.5 764.2 760 752.6 745.2 743.2 735.1 730.8 737.6 738.7 727.4 718 721.1 723.3 715.6 702.8 699.5 688.8 669.9 649.4 620.1 608 596.9 590.2 603.9 618.9 628 612.9 589.9 582.2 579.3 581.2 564 531.5 520.5 500.6 474.7 451.5 420.8 445.3 444.3 435.4 439.3 436.3 421.5 399.7 382.9 367.6 356.8 343.6 329.7 328.9 341.6 352.6 368 375.2 396.2 406.8 413.2 408.8 395.2 377.7 356.8 342.4 337.5 329.8 333.3
546.4 560.5 578.6 611 644.4 676.3 692.4 711.2 735.3 748.1 754.8 751.2 758.7 756.5 757.2 750.8 745.6 737.5 730.1 734.7 740.1 727.1 712.8 710.8 708.6 705.5 696.2 692.2 680.5 665 646.7 615.8 584.9 579.2 578.6 583 598.5 609.8 605.9 584.5 567.5 563.7 572.8 563.9 536.5 526.2 507.3 482.6 457.2 420.3 416.4 404.7 401.5 406.3 406.3 398 384.5 368 352.5 342.7 333.3 324 312.8 328 339.4 353 364.3 380.2 388.8 396.4 385.1 365.1 347.5 332.8 319.2 313.6 309.4 307.6
534.7 560.5 587.3 608.6 636.6 663.1 688.5 704 720 737.6 746.7 748.9 754.9 754 755.2 750.6 747 741.1 733 733.4 738 724.7 708.5 699 695.7 694.9 688.9 682 668.3 652.8 634.3 602.2 570.2 558.9 561.6 564.5 573.2 593.1 590.2 572.6 557.9 543.1 548.1 541.5 527 529.4 509.9 486.7 461.6 445.2 421.9 406.6 394.9 378.1 366.9 358.3 341.6 346.3 334.7 330.8 320.6 309.3 297.3 317.1 327.2 337.6 353.4 361.4 370.6 369.5 358 339.7 322.3 313.2 303.8 297.4 290.8 286.5
523.8 544.4 577 603.9 628.4 651 674.1 700.6 715.4 731.1 740.4 744.7 746.3 747.9 753.2 749.8 745.2 738.2 727.1 736.6 732.7 718.4 707.4 696.9 686.9 684.2 675.9 666.2 658.7 646 624.6 591.3 564 544.5 536.4 540 549.3 571 572.1 552.8 548.1 522.3 527.9 529.1 520.4 532.4 512.5 492.5 467.3 449.8 432.7 423.8 411.4 402 391.8 382.1 367.6 350.8 328.2 297 303.2 295.6 287 306.7 315.2 325.4 335.7 340.6 349 344.6 329.1 313.8 303.9 298 289.7 279 268.6 269
521.5 539.8 571.2 598 619.6 643.1 671.4 695.3 705.2 720.3 729.5 735.2 736.5 738.8 744.5 746.2 743.3 733 718 724.9 721.4 710.2 707.3 694.7 681.4 677.6 669.6 659.1 649.4 634.8 614.7 586.7 558.6 538.5 514.5 515.2 529.6 541.1 550.4 542.2 532 503.8 504.2 506.5 507.3 518.5 517.4 495 468.2 451.5 435.4 423.3 415.6 406.2 397.3 385.7 374.9 365.4 345 328.4 310.8 274.6 277.4 297.9 305.1 308.7 317.3 324.7 326.6 314.2 308.3 293.4 283.2 278.1 274.6 263.3 250 244.1
516.8 535 558.9 583.2 609.9 637.9 659.9 676.8 688.2 701.8 710.9 722.7 727.6 728.2 737.5 740.6 734.3 726.4 713.1 714 708.9 704.6 702.4 689.2 678.9 674.6 663.5 646.5 636.6 626.5 604.9 580.7 553.7 531.6 506.7 489.9 508.1 516.2 522.1 518.8 513.3 498.9 480.1 491.1 493.6 505.2 509.8 497.8 471.6 452.3 437.3 419 409.5 401 396.3 398.5 393.3 366.8 349.1 324.2 314.8 292.7 263.6 285.9 293.5 296.2 304.5 301.8 294.1 286.9 276.5 265.2 266.6 260.5 258.2 245.8 233.3 217.5
512.1 528.3 549.8 579.5 597.3 618 639.9 650.6 660.4 675.7 686.7 707 715.4 725.4 728.1 732.6 729.1 717.4 708.4 706.4 700.5 699 696.8 687.7 675.9 671.7 658.3 640.3 632 619.3 602.2 578.2 559.2 528.8 500.5 479.4 484.3 497.2 506.4 493.4 491 477.2 449.1 471.9 474 490.4 494.7 486.8 466.4 454.6 438.5 422.8 417.1 401.9 390.7 393.1 389.4 369.7 347.6 318.3 308.1 292 271.9 271.7 282.3 284 286.9 280 270.7 262 254.1 249.7 250.7 246.6 238.9 229.3 215.2 200.7
506.7 521.1 543.2 564.8 587.3 605.3 615.5 621.7 632.3 645.5 659.9 685.5 703.4 714.6 724.7 725.5 723.7 714.8 703.1 696.8 693.9 693.7 688.2 681.1 669.7 667.5 652.4 636.3 625.1 615.3 603.2 583.6 565.6 543.4 510.3 481.4 460.9 480.4 482 469.5 465.5 455.1 431.4 443.4 450.5 471.8 474.5 474.7 463.8 463.8 455.5 436.4 434 420.6 396.7 379.6 367.3 362.9 342.3 314.1 292.5 282.5 276.6 249.3 263 266.5 262.2 259.5 256.1 247.6 238.1 236.7 228.3 231.7 231.3 215.1 197.5 182.6
503.1 512.8 531.5 552.4 570 578.4 587.4 597.7 611.7 625.7 637.5 658 680 698.2 718.2 720 718.7 711.4 699.4 689.1 688.7 684.5 681 671.6 657.2 658.1 649.6 635.1 620.8 614.3 603.1 590.6 577.1 554.1 528.4 490.7 448.1 459.9 454 443.3 436.9 424.5 415.1 413.6 420.6 442.1 447.7 454.8 450.1 459 463.4 449.1 450.2 434.9 403.3 390.3 367.8 345.4 324.6 301.9 281 267.3 272.1 230.2 243.6 248.5 245.6 239.5 239 234.1 223 213.7 205.8 214.5 219.1 201.1 176.3 165
496.4 504 519.1 535.2 549.9 558.1 568.7 576.7 591.3 604.3 625.7 655.9 672.9 686.1 704.5 713.7 715.6 707.3 696.4 686.2 683.4 677.5 669.5 660.7 653.3 649.1 643.2 632.8 619 613.4 604.7 596.5 581 554.6 523.5 495.5 455.6 428.3 428.6 422.6 411.2 397.5 389.4 387.3 396.6 416.3 423.7 427.1 431.4 444.4 453.2 446.6 438.2 436.5 417.2 398.6 369.3 337.3 319.9 289.9 272.3 254 262.7 235.7 227.9 229.8 226.5 220.4 220.4 215.4 207.5 199.9 189.7 202.4 207.3 182.1 162.7 155.6
493.1 504.1 509.9 519.7 529.1 540.1 553 565.2 578.1 587.8 607.3 641.3 662.7 681.5 700 705.1 707.2 700.8 695.3 681.6 679.2 676 668.1 657.4 650 639.7 641.2 631.3 620.9 611.4 604.1 593.2 580.1 555.4 518.9 484.6 454 435 417.3 396.9 389 371 368.3 361.2 372.1 388.5 398 401.1 412 424.1 432.9 431.3 406.9 407.1 410.8 383.3 358.9 326.3 301.9 275.9 256.3 238.1 248.3 236.2 211.6 214.2 209.7 203.5 202.8 200.3 194 186.2 177.6 180.6 179 167.2 157.1 152.6
484.3 495.7 498.7 504.9 513.5 520.3 532.2 548.1 561.8 572.8 596.7 626.7 643.6 663 688.4 702.9 702.8 693.6 685.9 678.1 682.8 677.1 667.4 661.6 651.5 642 639.8 631.2 623.5 609.7 597.2 577.6 566.7 542.9 503.7 467.4 443.4 432.6 421.2 405.4 381 353.5 351.4 346.9 346.3 358.5 373.7 385.3 379.9 387.6 388.6 390.3 374.2 377.8 380.7 358.3 333.8 307 280.2 257.5 239.3 224.2 233.7 221.9 204.3 204 196.8 192.7 188.7 186.9 182.3 172.8 164.5 164 164.1 155.2 145.1 143.9
470.5 480.3 487.4 490.5 497.3 504.9 515.2 530.1 545.3 556.8 579.2 608.5 625.5 644.6 667.8 688.2 698.5 692.2 687.5 677.8 686.7 686.7 672.3 663.7 655.9 643 625.5 621.2 607.3 599.1 583.6 557.7 537.3 518.3 488 447.3 420.6 412.3 399.1 397.1 370.1 353.5 321.5 328.7 321.1 329.3 348.4 353.8 348.5 356.9 361.2 350.5 344.1 344.1 351.6 327.7 298.1 276.5 256.2 237.8 222.1 207.7 213.6 206.5 200 190.6 184.3 182.7 176.5 174.7 167.6 160.6 154.3 147.5 151.8 143.9 140.1 141.6
457.4 468.1 475.8 479.3 484.5 489.4 497.9 509.4 526.7 538.6 562.1 590.6 609.2 630.8 653.2 671 689.9 686.5 683.7 676 681.5 686.1 677.7 664.6 656.6 647.1 630.2 619.6 596.8 569.5 555.6 529.8 511.5 489.4 464.8 426.4 398.7 385.2 377.2 377.3 351.3 343.3 320.7 313 291.5 306.4 318.9 320.5 321.5 327.2 332.6 316 303.8 308.5 317.2 303.1 272.8 255.4 238.1 217.1 201.6 190.6 200 194 188.8 178.8 172.3 169.2 165.2 161.4 158.2 152.5 146.3 141.7 140 139.9 141.4 142.1
447.3 454.8 462.4 463.7 469.6 475.7 481.6 489.9 505.9 524.2 542.3 569.4 591.3 615.8 639.9 660.3 678.5 679.4 678.3 672.1 674.8 679.6 677.4 667.8 654.9 642.9 634.2 602.8 560.2 509.3 519.6 499.6 486.3 458.8 439.6 407.1 380.9 362.3 351.9 347.4 334.5 322.3 314.4 295.6 290.7 282.9 291.3 290.3 293.4 293.2 301.8 276.1 276.8 281.4 286.4 276.2 244.1 228.3 213.8 200.9 180.9 174.4 178.7 182 174.3 167.8 163.3 157 151.9 150.2 149.4 146.4 139.1 139.2 140.3 141.9 142.9 143.9
428.7 434.2 436.8 443.4 451.1 459.7 467.8 477.3 489.8 505.6 524.3 544 568.2 600.1 626.2 649.4 666.3 671 670.5 664.9 663 673.2 669.8 661.9 650.9 638.4 625.4 609 572.2 506.5 479.4 453.2 441.3 436.8 419.3 395.8 373.4 353.1 335.9 325.9 313.3 300.9 295 290.6 274.6 260.9 267.9 265.6 266.1 262 261.5 243.3 252.3 260.6 261.8 249.3 217 202.7 191.2 183.2 165 156.7 160.6 170 163.4 158.4 156.1 145.9 144.1 141.2 142.7 139.2 137.6 139.6 141.6 142.6 144.2 148.7
407.9 415.1 415.5 421.6 428.9 439.5 449.1 460.6 473.6 487.2 505.7 525.7 546.6 577.9 610.5 634.2 654.6 659.5 661.5 657.3 649.9 661.2 658.6 653.7 641.8 630.7 615 602.3 585.3 543.1 510.4 482.7 456.3 421.9 397 385.5 361.9 342.4 326.2 314.5 297.9 284.8 275.9 268.8 255.9 236.1 242.7 245.7 243.8 238.1 231.9 220.7 222.9 233.6 229.3 212.7 198.7 181.3 171.8 164.7 154.3 143.5 142 151.3 148.6 146 146.6 142.3 136.9 133.8 136 134.9 135.7 139.1 142.1 149 153.1 160.5
392.8 398.1 399.4 402.9 409.2 419.9 430.1 442.4 454.2 466.8 484.7 504.7 523.6 550.1 583.8 618 641.9 645.2 647.7 647.1 637.3 650.3 642.7 636.4 626.9 622.8 607.7 591 570.5 545.4 516.5 490.4 455.3 428.5 408.1 379.1 359.9 337.8 308.4 301.9 286.1 269 263.5 254.2 240.7 226.7 217.6 221.9 221.1 214.1 207 200.6 192.1 202.8 198.8 185.3 168.4 161.9 155.8 149.6 144 135.5 125.6 128.3 132.7 129.3 132.4 129.2 128.5 128.8 128.2 135 139.2 144.4 150.4 159.2 166.6 175.8
379.8 383.6 384.6 386.1 393.2 401.5 411.1 422.3 431.1 447.6 465 485.7 510.5 534.9 559.4 592.2 621.6 633.4 636.9 633 605.2 625 632.6 626.7 619.1 608.4 591.4 574.7 555.4 531.7 507.9 482.5 452.8 424.2 396.2 372.3 349.2 328.3 310.5 292.3 268.1 247 241 237.6 222.3 208.4 193.4 197.7 199.7 192.4 183.2 170.5 165.2 171.6 167.5 157.2 147.1 143.8 140.9 138.3 136.8 127.4 119.5 115.2 116.3 118.8 116.2 119.8 121.5 123.8 124.8 132.8 143.8 149.5 156.5 162.3 175.6 183.5
371.7 373.2 370.7 372.8 378.3 384.7 393.3 405.3 413.8 429.8 444.2 467.1 491 520.2 549.3 573.2 605.4 622.6 627.2 620.3 594.4 593.8 607 612.9 608.7 598.7 577 558.2 542.4 519.8 497.9 467.8 441.2 410.5 383 367.2 340.5 317.1 301.4 283.1 270.7 248.8 240.9 226.4 209.4 192 178.9 176.1 175.7 169.5 164.1 157.2 150.1 150.6 145.6 137.4 132.4 131.3 129.8 127.6 127.6 118.2 111.7 109.6 110.2 111.4 109.9 110.3 115.5 123.5 128.4 137.5 148.5 156.1 165 171.5 182.5 195
363.7 364 360.7 360.8 364.4 369.5 379.8 384.9 395.7 409.4 426.2 445.6 468.5 498.7 533.9 567.1 597.2 606.4 610.2 602.4 581.1 551 574.9 583.6 586.2 577.6 557.3 535.8 522.4 501.9 479.6 454.9 429.5 398.5 372.1 348.6 328.3 306 287.8 266.7 251.1 236.8 226.1 211.9 198.2 189 173 163.5 158.4 155.2 147.7 141.6 135.7 134.6 132.5 128.1 120.6 119.3 116.9 116.1 114.2 109 106.7 105.9 108.4 109.4 110.7 111.9 119.6 129.7 134.8 143.4 155.8 166.1 176.5 183.9 188.9 201.8
365.2 351.8 348.7 349.5 353.2 356.8 362.1 369.1 379.9 392.5 409.7 427.4 447.9 478.4 509.6 541.3 572.5 586 585.7 578.1 566.2 525.1 546.3 555.8 556.5 556.2 533.6 514.2 497.5 479.4 453.5 436.4 414.9 384 360.2 336.3 317.5 288.8 268.5 252.5 233.8 220 208.8 194 182.5 173.7 165.4 153.7 144.7 138.7 132.7 128.4 125.3 124.3 125 120.9 112.3 111 108.8 108.3 106.3 104.6 104.5 105.4 107.1 108.7 111.6 112.4 125.5 138.6 141.7 150.3 163.6 176.6 188 201.2 207.3 212.4
377.2 369.8 359.4 348.7 340.2 344.3 349.4 356.6 364.4 374.7 391.5 408.1 430.8 455.2 485 511.8 541.1 561.5 566.3 556.3 549.6 503.6 507.2 530.6 534.8 532.7 511.4 492 471.5 454.4 431.4 418.3 395.9 373.4 350.1 329.9 305.2 280.7 263.8 238.2 214.2 205.1 189.9 176.8 165.8 155.8 153.3 140.1 138.2 131.3 123.1 118.9 115.9 113.7 115 109.9 105.1 104.3 102.2 102.2 103.5 102.7 109.4 112.7 113.5 117.1 122.7 117.6 129.5 141 149.7 163.7 170.8 184.2 200.9 213.2 224.9 231.3
387.4 378.4 366.5 353.8 342.6 333.4 338.7 343.1 349.5 361.5 374.8 391.2 408.2 432 460 483.3 507.9 538.4 543.9 536.2 527.9 496.2 468.2 497.9 506.5 509.6 491.2 472 453.1 434.4 414.5 398.7 380.4 360.5 337.9 317.2 292 272.5 253.3 224.7 201.5 188.9 175.7 163.9 153.4 143.8 140.9 132.6 127.4 123.3 115.7 111 107.2 106.1 106.8 104.3 100.5 100.5 101.2 102.3 102.7 108.2 113.9 122.1 126.7 130.9 136.2 129.8 136.4 150.9 165.6 175.4 184.8 195.3 213.8 227.3 239.7 246.6
398.3 387 370 355.5 343.5 334 327.6 332.8 338 346.5 358.4 370.2 386.5 411.6 432 453.8 481.2 504.9 515.5 513.6 500.7 483.3 420.3 464.8 479 479.7 464.9 447.4 428.6 413.2 389.8 370.7 355.8 340.4 321.3 298.4 277.6 261.5 239.4 211.8 188.8 175.4 163 152.5 143.3 136.6 130.8 125.9 117.3 110.4 105.9 105 102.7 99.6 98.1 99.1 99.7 100.1 100.5 102.4 104.5 106.7 112 122.6 131.9 144.9 148.3 142.1 141.6 155.9 173.2 183.4 198.9 209.4 221.7 233.8 245.2 256.1
412.5 391.6 372.7 356.7 343.3 332.9 320.7 322.5 328.8 333.4 341.3 351.2 364.3 387.2 407.5 424.5 449 465.8 483.7 484.1 477.6 461.2 408.2 427.1 446.9 444 441.8 422.8 402.4 384.3 369.6 352.6 334.9 316.2 296.2 276 257.9 242.6 221.7 202.8 180.2 165.9 153.2 142.1 134.2 127.2 119.8 112.1 108.1 104.5 100.2 99.7 97.4 97.7 97.9 99.2 100.6 101.1 102 104.8 107.3 109.8 113.3 121.4 131.1 144.3 152.7 152.7 153.4 163.9 180.4 193.1 208.3 221.1 230 239.2 250.4 262.9
426.8 392.1 374.4 357.9 342.3 329 320 310.2 317.8 322.5 327.5 335.3 347.2 361.2 373.8 394.5 410.7 424.8 440 457 446.5 429.6 404.2 393.6 410.8 412 411.1 394.9 375.5 358.9 350.6 325.6 312.4 291.7 274.9 256.8 239.2 217 195.9 187.7 169 156.7 143.8 131 122.6 114.7 106 98.9 101.2 100.8 97.6 97.4 97.2 98.2 99.3 100 101.3 103.2 105.2 105.7 109.7 114.6 118 124.8 134 146.9 157.5 162.6 166.1 174.9 188.7 200.1 219.7 232 246.3 253.2 260.7 272.3
