data/220000-700000.asc
ncols 200
nrows 200
xllcorner 220000
yllcorner 700000
cellsize 50
[rows 35 to 69 of 200, columns 79 to 157 of 200]
589.3 614.6 651.8 679.5 710.3 744.6 753.9 721.8 683.1 646.8 636.2 616.8 607.5 598.3 590.2 584.5 590.5 595.7 599.8 612.8 636.7 653.8 675 703.8 738.4 761.3 778.6 800.5 827.3 855.2 881.7 909.2 923.5 925.8 935.9 935.4 923.1 913.1 910.1 909.2 896.7 882.7 871.5 843.9 782.6 728.2 691.6 660.2 635.5 613.5 589.4 565.5 549.6 532.6 512.2 493.7 476.1 458.1 439.8 423.4 404.8 386.9 370.6 357.5 346.5 336.6 327 319.8 317.6 318.2 320.7 323.9 330.1 336.6 338.8 342.4 342.4 345.3 352.2
601.6 625 651.4 690.9 730.8 756.4 775.5 745.8 707.6 681.7 674.4 642 631.7 622.4 613.6 612.7 621.4 626.3 628.1 629.7 645.2 661.1 678 699.7 722.3 738.3 757.6 784.3 812.3 844.8 868.3 887.3 896.8 905.9 918.4 923.4 916.8 905.5 902.6 899.1 887.4 872.3 841.3 832.9 739 701.4 670.9 642.7 617.8 585.3 559.2 542.4 527.3 511.4 494.5 479.1 463.8 447.7 429.5 411.3 393.9 377.9 364.1 352.9 340.5 331.2 326.7 327.4 327.2 332.6 335.2 340.7 345.6 350.4 356.4 360.1 365.9 369.4 376.3
612.5 635.8 662.8 692.5 732.9 765.8 798.2 786.8 741.1 717.9 703 693.8 666.9 657 649.4 642.2 642.9 642.5 643.4 646.5 655.3 666.3 681 698.4 712.2 728.1 749.7 774.8 809.4 839.9 858.4 869.2 878.8 888.5 897.5 902.5 900.2 895.2 893.7 891.8 879.4 842.4 805.2 784.3 732.5 693.7 659.2 628.6 599.2 572 542.6 520.2 505.7 493.8 479.2 465 450.4 434.4 418.5 401 383.9 370 359.4 348.9 337.2 337.2 336.5 338.7 341 345.4 350 357.2 363.6 370.3 375.7 381.2 389.3 395.3 405.1
630.9 656 681 697.8 732.7 776.6 812.9 803 777.3 747.1 744.3 741.9 718.2 696.4 687.4 683.5 674.1 661.4 659.1 658.9 664.7 673.5 683.6 696.6 709.8 724.3 742.3 764.9 793.6 825.8 843.4 854.1 862.1 871.9 880.3 887.9 887.5 884.1 882.7 883.9 877.6 831.6 785.6 749.9 721.1 668.7 641.1 608.1 579.5 552.4 526.3 506.5 489.1 475.6 462.4 450.8 436.9 420.8 406.1 391 373.9 364.6 355.2 346.5 347.8 348 347.3 350.8 356.5 359.9 366 375.3 382.9 391.3 397.5 405.1 411 422.8 434.9
647.2 675.6 697 715.9 743.9 785.3 818.9 830.5 812.1 786 779.9 777.3 760 748.8 726 715.3 698.3 681.9 671.6 667.7 671.7 677.5 686.3 699 709 722.1 737.8 757.6 780.8 809.2 833.7 841.6 847 856.5 866.6 875.7 876 873.3 872.7 873.3 869.2 840.6 798.7 765.7 729.4 671.2 640.7 608.9 573.9 539.4 513.1 495.3 473.8 458.6 445.9 433.9 421 405.6 394.5 381.7 368.8 361.4 358.6 356.1 358.9 358.8 360.7 366.3 370.5 375.9 384.6 395 404.5 413.8 422.3 430.6 439.7 450.7 464.7
661.9 688.7 714.1 733.2 767.4 800.2 831.5 839.6 833.2 818.1 800.2 788.3 779.5 771.2 744.9 729.7 708.2 696.2 678.7 673.8 675.2 679.4 689 699.4 708.8 720.9 736.4 753.7 775.4 797.2 820.3 831.1 832.7 840.9 852.4 860.8 865.4 862.1 863.1 863.5 861.8 836.3 798.6 765.2 720.4 684.6 652 623 582 540.4 506.7 484.6 468 448.1 430.9 418.9 406.2 395.6 385.9 377.6 370 365.8 367.1 368.7 370.7 370.4 372.9 378.2 385.9 393.6 404.6 415.5 426.4 437 448.3 457.7 468.9 476.7 497.9
676.8 697.5 726 746.5 783.1 819.9 849.5 847.7 838.4 822.9 806.4 788.9 775.8 756.8 738.9 730.7 718.9 704.7 685.4 677.3 678.7 680 688.4 698 707 718.4 733.6 753.6 772.1 786 800.1 817.9 814.6 825 836.1 844.4 849.5 849.5 852.8 852.2 847.5 821.6 772.5 730.7 704.7 680.8 654.8 617.3 581.4 536.5 500.6 474.2 455 438.1 423.4 408.6 398 390.8 383.5 378.5 371.2 371.9 375.3 378.2 381.1 383.6 386 392.3 401.7 411.7 424 436.9 450.3 462.4 473.8 488.1 498 504.6 523.2
691.5 711.9 735 762.8 802.5 835.5 849.8 845.2 824.3 812.6 802.9 783 752.3 739.7 726.5 722.4 724.4 703.2 689.6 679.7 679.6 674.9 682 694.1 704.4 712.7 721.3 743.9 767.7 770 778.2 787.7 793.7 808.6 816.1 830.2 834.4 839.3 841.9 840.5 832 799.9 750.1 721.8 683.1 655.4 627.1 603 569.1 537.4 503.1 466.2 445.3 426.5 413.9 401.9 393.6 387.7 384.6 381.2 379.6 382 386.6 389.2 392.7 397.7 402 407.9 416.9 429.4 444.3 459.5 473.2 488.4 502.2 515.6 527 534.1 549
703.9 727.5 748.2 769.1 799.6 832.4 839.8 833.3 816.2 808 796.1 772.3 746.4 731.9 721.6 716.5 721.5 710.8 694.4 683.6 675.3 670.8 674 687.8 701.2 706.2 710.5 723.4 741.4 744.1 757.6 773.7 775.8 783.3 797 817.3 820.3 828.3 830.3 828.4 822.9 793.2 745.6 701.9 669.4 644.4 624.7 600.4 575.8 548 497.7 465.4 440.9 423.1 408.7 398.8 392 388.6 387.5 388.8 390.8 394.6 398.2 401 407.6 414.4 419.1 424.6 434 448.9 465.2 483.8 500.1 515.8 530.5 543 555.3 566.8 580.9
705.4 729.6 746.8 764.3 793.9 823.3 832 822.4 808 798 779.3 763.8 741 728.2 718 714.6 714.8 701.4 695.2 687.3 675.5 668.1 669.1 679 695.1 701.7 704.6 709.6 718.3 728.1 740.4 756.6 759.9 769.4 784.5 795.8 808.5 818.9 818.8 817.6 811.8 800.3 764.8 722.4 679.8 668.7 652.8 627.7 574.3 548.8 497.7 466.2 441.9 427 412.7 401.7 397.4 394.6 395.2 398.6 401.9 407 412.6 417.6 422.3 428.9 436 444.3 456.6 472.8 488.3 507.3 526.8 543.5 558.1 569.9 587.3 604.3 611
691.9 702.7 725 741.8 776.7 805 822.6 814.1 798 779.8 762.5 752.3 739.3 725.4 714.2 706.2 702.5 691.5 685.8 686.9 672.3 662.2 661.5 668.1 680.1 690.1 698 702 706.8 714.4 723.3 737.5 747.5 759.5 771.5 781.9 794 802.7 803.4 803.4 799.3 791.8 771.8 734 708 679.2 645.1 618.3 571.7 528.5 491.9 464.9 442.6 426.2 414.6 408.2 405.2 404.6 408.4 412.5 417.3 421.6 426.1 431.3 436.7 444.3 455.8 466.7 479.6 497.3 514.5 532.4 550.4 565.1 583 606.1 631.2 643.8 658.5
674.8 683.2 698.5 728.4 760.1 783.4 802.2 801.7 785.3 764.1 755.5 747.7 736.7 724.2 711.3 700.9 698.9 682 671.1 658.1 667.5 652.3 654.2 661.6 670.3 679.2 688.1 690.9 698.2 706.3 714.6 726.8 738.8 749.8 762 776.6 785.2 790.8 790.6 790.1 789 785.9 773.5 758.1 727.9 673.1 629.7 596.4 554.8 520 489.2 464.6 442.8 427.9 418.9 411.5 413.9 415.5 422.8 429.2 434.6 436.3 440.5 446.9 453.9 465.5 477.7 492.7 505.7 524.7 542.3 557.2 572.1 587.4 611 640.8 666.1 687.4 702.3
656.8 667.3 685 719 744.6 750.1 763.7 777.1 779.2 766.9 753.7 744.7 735.4 723.1 706.7 697.3 687.7 668.5 652.5 642.5 645.2 644.6 649.3 655.4 663.6 671.1 677.1 682.9 691.5 700.2 709.1 719.6 729.8 740.8 752.7 765.5 773.6 778.5 779.3 779.9 779.6 774.4 765.6 750.2 722.4 673.3 629.1 585.6 553.5 518.5 489.1 466.6 442.9 431.4 422.4 418.9 421.8 428.5 437.7 444.8 453.1 454.5 459.4 467.5 477.2 490.1 504.7 520.6 535.1 552 567.5 576.4 589.9 611.9 651.1 678.2 705.4 727.5 732.4
618.1 642 665.4 697.2 722.2 722.3 735.8 752.3 762.2 761.7 749.7 740.9 731.6 720.9 708 684.3 665.2 649.2 640 632.5 632.6 632.7 638.9 647.7 655.2 662.3 669.4 676 685.2 694.4 703.6 712.5 721.2 731.7 739.8 752.1 761.5 766.5 767.7 768.2 767.3 761.2 753.1 732.6 696.3 654.6 625.9 579.2 545.8 516.6 490.1 466.6 448.4 437.4 430.3 428.7 435.2 444 451.9 462.2 471 476.3 480.1 490.3 504.3 517.2 532.5 548.5 564.4 576.3 588.1 597.8 613.6 641.3 690 722.8 738.6 754 751.9
591.2 611.9 636 664.5 688.1 688.3 702.4 727.8 749.3 757.4 747.3 737.3 728.2 715.5 704.7 684.4 650.8 636.4 629.2 624.6 622.3 621.7 627.7 636.9 645.4 653.1 661.7 670.1 679.6 688.3 694.7 703.2 711.6 719.1 729.3 739.5 749.2 754.9 755.6 755.4 752.3 747.7 736.9 718.5 677.8 641.5 605.9 572 543 515 490.7 470 453.2 447 441.9 444.2 451.3 461.9 473.8 484.5 493.5 499.7 504.8 514.7 530.7 543.9 559.2 576.2 589.8 599.1 607.7 618 640.8 670.7 708.8 743.3 757.1 767.8 765.9
567.3 591.1 611.4 631.6 650.9 660.8 676.1 707.8 741.4 755 743.7 731.5 724.1 716.8 696.5 668.4 641.3 628.8 622.2 616.4 614.8 616.1 619.2 624.5 634.4 644.5 655.3 665 673.3 679.4 686.1 693.1 699.7 707.6 716.4 726.3 733.8 739.4 741.6 740.8 736.6 731.2 722.2 706.7 672.6 637.2 607.1 574.5 544.1 515.4 491.7 474.7 461.9 454.2 452.2 460.5 469.7 483.3 497.9 509.6 518.2 525.5 533.3 542.1 555.1 570.8 586.8 601 611 618.7 627.9 643.6 665.5 690.2 723.6 754.8 769.7 776.7 762.9
543.7 566.6 582.4 598.9 618.4 631.4 655 689.4 727.1 750.6 738.5 729.7 721.6 709.7 686.8 654 636.6 622.7 614.8 608 607.4 608.5 612 616.3 625.5 636.4 649.3 658.5 666 670 677.3 680.1 685 691.5 700 707 715.4 722.6 726.4 726.1 720.6 714.9 706 692.5 665 633.3 604.1 575.6 543.3 515.7 494.6 481.9 474 470.8 474 478.2 492.6 508.3 521.8 534.6 543.8 553.6 560.4 567.5 579.1 595.8 611.3 623.9 633.1 641 650.7 668.9 685.7 711.3 733.1 761.3 775.9 770.8 717.9
515.2 545.1 561.2 575.3 590.4 609.1 638.8 672.3 713.5 737.3 731.2 726 711.6 692.2 670.3 647.1 629.1 614.8 605.3 601 600.6 601.6 603.9 606.8 615.7 627.5 640.5 649.4 651.3 657.5 660.6 664.5 668.6 670.8 676.6 684.1 693.4 702.8 706.5 709 705.8 699.8 692.4 681.9 659.9 632.1 601.3 574.6 544.3 519.5 507.5 498.4 492.2 493.9 497.5 503.1 517.9 534 548.9 558.7 566.9 576.5 583.6 590.9 600 618.5 634.9 647.9 657.4 668.2 680.6 696.5 714.5 739.7 749 763.6 772.6 761 687.5
498.5 522.6 546.9 561 570.3 590.4 624.1 665 699.4 710.3 714.2 709.4 698.8 677.9 655.7 634.7 616.8 604.3 596.9 593.3 583.9 594.3 593.1 599.5 607.7 619 630.7 636.8 635 638.9 640.5 645.6 644.8 649.1 654.9 660.8 671.6 681.1 686.9 691 690.6 686 680 671.4 652.9 629.3 597.8 568.9 553.9 541.8 532.3 525.7 520.2 520.7 522.3 528.2 542.4 560 573.1 583.3 590.7 601.7 607 613 620.2 637.7 655.8 675.5 691 704.3 712.2 726.5 743.7 754.9 758.4 756.9 757.5 728.4 674.8
476.9 498 525.7 541.9 552.7 574.9 613.8 648.5 676.4 690.5 691.3 685.6 681.8 661.2 640 621.7 604.7 592.6 586 580.9 574.5 574.1 571.9 583.8 599.2 607.9 615.1 616.5 616.3 617 618.8 619.1 620.4 624.3 629.3 639.6 647.7 656 666.8 672.7 675.9 673 667.8 659.8 644.4 624.1 604.8 591.7 582.9 571.5 564.4 557.5 552.3 551.3 551.4 558.8 568.3 584.7 597.7 607.2 619.2 630.3 630 632.1 640.5 655.3 680.4 705 725.5 736.2 739.5 744 753.4 764.7 753.2 741.3 751 727.8 652.5
454.8 476.8 501.4 523.1 535.9 561.8 596.7 626.2 659.6 674.9 671.7 667.6 657.7 642.8 630.7 609.3 591.5 579.4 567.7 561.8 548.3 554.2 557.6 568.9 582.6 589.6 596.7 594.3 592.8 595.5 595.3 592.6 598.9 600.4 606.9 618 624.4 633.1 643.2 653.8 659.9 659.2 655.3 650.3 640.8 629 618.2 610.9 608.3 601.4 595.3 590.5 586.9 585.3 584.6 586 593 611.7 627.6 631.8 646.9 652.2 647.6 648.1 658.5 678.6 712.5 740.5 754.5 759.6 754.7 753.6 748.3 747.1 740.4 723.6 703.4 683 649.9
429 452.5 479.1 500.3 520.5 553.7 583.7 616.1 647.7 659.7 658.1 653.3 637.5 625 611.9 593.5 575.9 564 552.4 541.4 532.7 531.7 539.7 554 564.1 571.2 576.1 572.4 566.5 569.5 570.7 567.7 571.5 576.7 587.4 597.5 602.9 612.5 622 634 641.8 645.3 645.8 642.5 638.2 634 630.3 626.2 623.4 629.4 628.9 627 624.6 623.1 618.7 623 622.3 635.9 648.5 650.4 659.1 668.1 665.8 669.2 687.2 707.8 734.1 756.4 768.2 768.9 762.7 757.3 737.8 727.3 713.1 704.1 681 645 608
409.5 427 454.5 479 503.8 538.7 565.6 593.6 632.4 636.5 639.4 631.7 617.5 604.5 587 572.9 558.9 546.7 535.1 523.5 511.9 513 522.4 534.2 543.5 551.6 555.8 551.6 539.1 548 547.2 543.9 550.6 554.4 564.5 569 579.4 595.5 604.1 614.4 626.8 634.4 637.1 638.8 638.3 636.7 638.3 639.5 638.7 644.3 655.5 661.9 666.9 657.8 662.3 658.9 653 655 659.2 666.9 678.8 690.3 687.5 693.5 717.7 731.9 755.4 766.7 776.3 785.3 777.7 757.6 733 707.8 691 680.6 664.3 643.9 606.3
384.7 405.8 432.7 452.6 478.8 508.9 538 569.2 596.1 615.4 619.4 609.1 595.8 576.7 564.1 554.3 541.4 529.3 516.6 505.3 494.7 500.6 505.1 514.7 522.1 526.3 531.6 530 520 520.7 522.1 522 531 532.2 541.1 546.3 561.1 570.4 583.6 597.7 614 623.3 627.1 631.3 635.6 639.3 644.3 647.2 651.7 657.4 669.8 682.6 696.1 712.7 703.4 684.3 677.2 679.2 682.8 683.2 695.1 709.4 710.1 719.4 744.2 759.5 772.7 780.7 785.7 788 780.7 758 733.4 701.5 678.5 664.6 648.6 631 609.2
358.4 384.9 407.6 428.5 456.2 485.5 514.1 541.9 571.3 594.5 599.1 588.6 575.5 562.9 550.9 539.1 525.7 512.2 500.2 488.1 478.4 480.6 493.5 497.7 500.9 503.9 505.3 504.4 500.3 495.8 501.9 505 509.3 513.8 518.8 528.3 536.8 548.4 571.8 587.2 600.7 611.3 620.1 626.6 634.2 640.6 647.1 652.7 656.9 666.6 681.7 696.5 713 732 741.2 716.6 706.4 709 706.2 702 713.2 726.4 731.6 741.2 765.4 785.3 792.6 799.5 799.4 797.6 790.9 771.9 735.4 698.4 674 659.6 645.5 630.2 614.3
339.1 356.9 378.1 404 433.1 462.5 490 516.3 543.9 569.6 574.1 567.4 559 548.6 534.7 523.2 510 492.6 484.2 471.4 462.6 474.5 477.7 477.2 480 481.8 481.8 481.2 476.4 479.5 486 490.1 491.5 497.3 503.8 508.6 512.4 542.6 563.9 575.5 590.8 600.7 614.7 623.5 631.7 641.7 649.7 656.5 664.1 675.2 690.5 707.1 725 743.2 760.5 774.8 750.5 735.3 726.3 723.3 735.9 747.7 757.6 769.4 792 808.8 813.1 812.7 808 805.6 799.7 778.7 742.6 708.3 681.3 662.4 641.3 631.8 623.9
317.8 339.5 367.4 390.8 417.5 443.6 464.2 490.2 513.3 533.1 545 539.7 533.6 528 516.5 506.8 494.1 478 461.7 449 450.7 462.8 461.4 462.1 462.8 464.6 462.3 459.1 457.9 465.3 470.3 473.7 476 480.8 487.6 497.1 510.1 532.1 556.1 575.4 591.1 603 613.8 620.1 630.1 640.6 651 660.8 670.6 684.7 703.2 720.4 739.2 757.1 778.8 802.5 781.2 760.3 753.6 752.6 765 778.1 790 808.2 826.5 840.6 835.6 830.7 823.6 817.9 813.2 790.7 753.5 725.6 695.5 659.3 639.2 630.8 626.9
300.7 320.4 345.3 365.3 390.6 415.4 441.2 463.7 486.1 502.8 512.1 514.5 511.2 507.1 498.5 489 476.5 456.2 444.4 430.4 437.9 448.6 449.2 447.4 444.7 448.8 447.6 442.8 446.4 451.8 456 459.4 462.1 468.7 475.9 488.5 505.9 533.4 555.4 572.6 588 600.9 610.5 618.9 630.5 642.8 652.8 662.5 676.1 693.9 712.9 733.5 753.4 769.1 790.8 811.5 814.9 794.3 786.9 793.9 803.6 814.2 828 849.1 862.8 866.4 858.3 851.9 843.2 833 821.6 794.5 763.2 739.3 700.5 660.3 641.5 630.2 621.1
279.6 299.3 320.6 346 366.8 393.1 415.7 441.1 463.3 478.6 488 494.2 490.9 488.4 479 468.7 457.5 443.9 428.1 417.6 423.8 427.5 428 428.2 423.3 428.8 431 430.4 433.1 439.4 442.1 444.6 455.2 465.4 481.3 493.6 504.3 532.5 553.7 571.8 586.3 599.4 607.6 618.1 629.6 641.7 652.9 664.9 679 697.5 718.4 740.4 757.9 777.6 804.7 821.1 838.3 835.8 834.3 831.5 850.9 860.1 872 895.6 896.6 887.5 878.2 869 861.6 848.6 816.2 778.3 746.8 717.7 685.7 655.6 644.6 637 626
260.1 279.3 301 322 347 369.8 393.1 415.4 439.3 455.3 466.4 472.3 473.5 468.6 458.7 447.8 436.8 423.9 409 402 412 406.3 411.5 405.4 407.3 409.9 417.6 418.6 422.2 428.4 440.5 453.7 466.2 479.5 492.6 505.8 522.7 542.9 561 574.9 588 599.2 608.5 617.7 629.9 643 654.2 668.3 681.1 700.2 722.4 741.9 755.9 780.8 811.1 831 847.6 859.9 868.2 882.5 902 911.3 909.8 918.1 911.2 905 896.7 886.6 875.9 860.4 819.3 781.3 738.9 709.5 677.5 656.3 657.3 642.9 624
238.4 259.2 280.7 303.6 326.7 345.6 371.9 393.5 414.1 433.6 448 456.8 457 449.9 437.6 426.8 416.1 404.4 393.6 397.3 397.4 391.1 388.9 388.9 390.4 397.7 407.5 421.5 428.6 440.6 454.1 466.3 480.3 494.6 508.2 523.7 542.9 558.3 574.5 587.3 596.9 603.2 612.3 620.3 630.6 644.9 655.7 670.2 685.3 701.4 719.2 734.3 751 780.2 814.2 835.7 851.6 861.8 873.9 888.3 905.9 914.1 921 920.5 918.2 913.9 909.7 906 891.2 854.6 817.2 793.4 732.3 700.7 659.3 655.8 658 635 605.2
216.1 243.6 261.2 283.8 306.6 327.4 350.8 372.9 393.6 412.8 429.7 439.2 435.8 430.3 418.7 407.9 395.4 385.5 377.8 385.8 382.9 373.9 382.8 394.6 403 408.7 418 431 445.8 459.2 475.2 487.8 498.8 511.1 527.2 543.1 559.9 576.6 591.9 603 609.4 613.1 617.8 620.4 629.9 640 649.5 669.9 687.3 701.9 714.3 721.8 736.6 775.1 806.7 824.3 842.8 857.6 874.9 885.7 891.8 904.8 916.4 924.1 925 922.3 915 907.1 885.9 835.6 796.5 770.9 729.9 678.7 658.4 649.1 633.3 617.8 599.1
204 223.1 246.3 264.8 286.6 308.4 329.6 351.3 373.4 389.7 407.9 417.2 413.9 406 400.9 390.9 379.5 374.7 365.1 371.5 369 382.8 393.9 405.3 414.5 421 432.5 442.9 461.2 473.6 491.1 507.7 518.1 533.3 548.4 563.7 581.1 599.1 612.5 621.9 626.1 627.5 627.7 624.4 626.8 631.5 638.2 646 652.6 661.1 680.7 695.2 719.9 752.8 790.7 807.4 829.5 846.2 861.8 872.9 873.9 882.9 899.2 912 916.3 910 915.3 911.7 882.7 824.6 785.4 749.7 725.5 693 672.3 648.9 623.3 603.7 583.1
188.7 203.8 228.5 249.2 266.5 289.9 310.6 333.7 353.8 371 386.6 392.9 392.1 385.7 377.6 371 366.1 359.5 353.3 362.9 380.1 395.5 404.7 416.8 428.2 437.8 452 463.8 468.4 486.9 503.8 520.3 535.6 551.4 568.4 584.8 603.7 623.2 636.5 645.8 649.6 648.1 644.1 635.8 628.6 627.9 624.7 628.3 633.8 638 652.3 672.2 698.4 730.6 761 785.6 807.6 828.2 840.5 857.9 857.9 859.2 865 873.2 880.8 887 888.8 881 857.2 814.8 780.5 753 735.3 712.6 692 671.1 637.1 605.1 583.3
170.2 192.8 209.4 227.6 252.6 271.9 293.1 312 333.9 350.4 362.7 370.2 372.1 367.2 354.9 349.3 341.8 343.8 355.9 372.7 388.6 403.1 414.9 430.3 443.6 455.7 471.6 483.5 491.4 499.9 509.5 531.2 545.8 562.1 580.8 600.5 619 643.2 662.3 678.2 683 674.8 667.1 652.5 639.3 628.9 627.3 624.3 624.3 625.9 635.5 653.6 677.2 710.2 721.5 745.1 759.3 806 813.9 829.6 843.8 844.8 837.1 838.4 846.8 862.3 863.4 849.9 843.5 805.4 778.1 760 748.1 742.1 725.2 693.5 643.5 610 591.3
