data/220000-220000.asc
ncols 200
nrows 200
xllcorner 220000
yllcorner 220000
cellsize 50
[rows 140 to 174 of 200, columns 0 to 78 of 200]
171.5 166 159.5 142.7 151.5 157.8 161.3 163.8 165.9 165.8 165.1 163.8 160.8 156.7 149 139.1 128.8 117.2 106.5 96.9 90.2 85.7 83.5 84.5 83.4 83.5 84.9 83.6 79.8 79.2 77 77.1 75.3 74.8 72.8 69.9 68.9 71.8 71.7 71.5 70.3 69.3 68.9 69.4 72.6 80.2 85 86.7 84.5 87.9 92.9 93.2 91.1 86.6 82.8 80.6 80.2 80.6 84.6 87.4 90 90.9 91.9 93 95.8 99.1 104 108.6 114.1 120.4 125.5 130.6 134.7 138.5 141.9 142.6 142.5 141.4 140
162.9 154.7 144.2 136.9 144.5 148.3 154.7 158 161.3 161.8 158.7 154.7 149 142.9 133.4 125 114.6 104.6 96.2 89 87.2 89 90 90.5 90.9 92.2 92.7 91.7 88.4 86 86.1 85.8 85.1 81.7 75.9 72.4 71 68.4 68.9 70.3 69.9 67.7 68.1 71.1 75.9 83 87.4 89.5 89.7 90.8 95.8 96.4 94.2 90.8 86.1 84.2 82.8 81.4 83.3 85.1 87.7 88.5 89 91 93.6 96.4 99.8 104 109.3 113.8 118.7 123.8 128.2 132.1 137.3 141.2 142.4 141.9 140.4
167.1 159.4 151.1 133 137.5 144.1 149.5 154 155.7 156.6 154.8 150.2 141.5 132.2 122.6 113.3 103.4 92.8 89.7 91.2 92.6 95.3 97 99.2 101.2 102.7 102.2 101.7 100.8 98.8 99.3 98.5 96.2 92.3 87.3 80.3 73.5 70.7 68.7 67.5 68.5 69 70.6 74.6 80.9 88.2 92.4 95 96 95.3 97.1 97.5 97.1 94.6 92.4 90.6 85.7 82.3 81.4 82.7 85 86.4 88.2 90 91.9 93.9 97.2 100.4 103.7 107.4 111.7 116.4 121.5 125.9 131.9 137.2 141.4 142.7 142.9
165 158.9 151.1 134.6 128.3 134.4 141.7 145.6 147.4 147.7 147.5 148 139.7 129.7 118.4 107.3 95.2 94.9 95.4 93.1 97.8 104.9 108.7 111.9 113.3 112.8 111.7 110.1 109 107.8 107.2 106.1 103.7 98.5 93.9 88 81.8 72.5 69 67.3 65.8 74.1 81.6 85.7 88.4 92.7 96.6 98.3 99.2 99.6 98.6 98.1 98.3 96.4 93.8 91.2 86.6 83.8 81.9 84.1 84.5 85.4 87.3 88.6 90.9 92.6 94.6 96.8 99.3 102.5 106.2 110.6 115.4 118.7 123.1 130.3 138 141.3 142.9
156.4 146 133.6 124.8 121.9 120.9 124.4 127.8 127.6 125.7 125.4 126.4 124.6 122.9 117.4 102.7 98.5 108 105.4 97.2 107.5 117.6 122.5 124.1 123.4 122 119.9 117.4 114.6 112.6 110.7 109.1 106.2 103.4 98.2 93.2 85.8 74.9 68.5 66.8 69.6 81.3 89.6 95.5 98.9 101 105.2 106.2 105.5 103.9 102.3 100.7 98.2 95.1 92.3 89.4 88 86.1 84.2 83.7 83.8 85.8 86.7 88.1 89.6 90.8 90.9 94.6 96.1 99.4 103.2 106.2 109.8 112.8 117.8 125.4 133.3 139.1 141.5
142.1 132.5 134.5 138.2 134.8 125.1 115.9 113.6 112.5 110.5 108.5 105.9 103.9 103.6 99.1 104.4 119.7 119.5 109.9 102 116.3 128.6 132.5 131.3 128.7 126.5 123.2 119.7 116.1 113 110.6 108 107.3 105.7 104.6 96.9 89.7 74.5 68.2 65.7 73.1 89.8 96.3 101.5 105.4 107.8 110.9 112.5 113.6 111.3 107.5 103.3 100.1 97.5 94.2 91.7 90 88.1 86.7 86.6 85.5 85.3 87.5 88.1 89.4 91 92.7 94.5 96.5 98.6 100.8 102.8 105.7 108.9 114.8 120.7 129.1 136.2 139.9
138 148.2 154.9 155.6 147.7 138.8 129 127.9 126.1 121.7 118.8 114.8 110.7 112.9 118 125.1 126 121.9 105.1 108 125.8 129.8 135.9 133.8 131.3 127.3 123.2 118.9 113.8 110.8 106.1 105.1 103.9 105.8 103.6 98.5 91.4 72.8 67.2 65.5 72.6 92 100.7 105.4 110.3 113.6 115.3 116.3 116.4 115.6 112.2 108.5 105.9 102.3 99.1 96.1 93.8 91.5 89.5 89.2 88 86.9 87.4 88.4 89.6 91.1 92.8 94.6 95.7 97.4 99.4 101.2 104.1 107.5 112.1 116.4 124.6 132.9 137.3
148.4 166 167.2 165.1 158.8 146.1 145.6 144.9 141.8 137.9 133.7 123.2 122.6 130.9 134.1 134.1 129.5 119.2 106.8 117.2 135.8 139.1 138.6 135.9 132.1 127.9 122.5 118.3 112.1 105.3 100.1 98.3 102 99.9 100.8 98.4 91.8 73.3 66.9 64.8 74 90.8 100.2 107.3 112.2 116.5 118.7 119.8 119.6 118.5 115.2 114.2 112.3 109.8 106.8 103.2 100.5 97.3 94.8 92.8 91.2 90.2 88 87.2 88.3 90.2 92.3 94.2 94.9 96.5 98.9 101.2 104 107.3 112 120.2 125.6 131.8 135.7
164.3 171.6 171.9 170.1 164.6 155.8 158.6 156.1 153.1 148.5 142.8 127.5 134 138.2 138.5 136.7 130.9 111.9 115.4 129.1 140.4 141.2 140 136.7 132.2 127.5 122.4 116.3 109.2 100.4 95.4 89 87.6 91.6 95.8 96.8 91.1 74.9 66 66.8 79.8 86.2 99.1 104.3 112.4 118.2 120.9 122.7 122.7 121.6 120.9 120.1 119.1 117.8 115.4 112.9 109.5 104.3 100.4 98.2 97.3 94.3 91.9 91.6 90.8 90.3 91.1 93.4 95.5 97.5 99.2 101.5 106.6 111.6 117.9 122.8 126.7 130.8 134
167.6 172.9 173.6 173.4 169 167.1 164.9 162.1 157.5 151.9 142.7 130.6 139.4 141 138.5 133.2 123.6 117.1 127.2 138.3 141.5 141.8 139.4 135.2 130.3 124.7 118.1 112.2 108.6 106.9 102.6 98.3 91.2 82.9 83.9 91.3 93.1 76.4 64.5 67.5 87.6 95.8 98.9 105.6 111.9 117 121.8 124.2 125.1 124.8 124.8 124 123.2 121.6 120.2 118 115.2 110.9 106.9 104.6 103.6 100.7 97.8 95.2 93.5 92.4 91.9 93 95.2 96.7 99 103.6 108 112.5 117.1 121.8 125.5 128.7 131.5
172.7 173.5 174.6 175 173 170.9 168.3 163.5 157.2 145.9 143.9 147.4 147.1 145.6 142.4 136.6 122.6 127.8 140.5 144.4 145.1 144.4 141.3 137.9 133.4 127.5 121.4 117.9 115.8 114.1 111.4 107.7 102.7 94.6 82.4 78.8 88.4 78.8 64.9 66 83.2 97.3 101.1 105.5 110.4 115.3 120.2 123.7 126 127.9 128 127.9 127.6 126 124 122.6 119.1 114.9 113.4 113.1 110.7 107.8 105 101.1 95.5 96.7 94.2 92.9 94.4 97.3 99.1 102.9 107.5 110.8 114 117.9 121.7 125.4 128.4
175.5 175.9 175.3 175.7 174.6 172.6 169.5 164.1 156.5 157 157.2 156.8 155 151.3 147.5 141.5 126.6 137 146.4 147.8 148.3 147.3 144.1 140.6 134.5 130.9 128.1 124.3 121.4 119.2 114.8 111.4 107.5 101.7 95.4 81 70.9 69.6 67 63.3 69.7 89.2 100.2 104.7 108.9 113.5 118.4 122.3 125.8 128.7 130.4 131.1 130.6 129.8 127.9 125.9 123.9 119.5 119.1 118.4 116.9 113.5 109.3 104.4 101.4 99.9 97.9 96.6 94.5 96.2 97.9 100.3 104.4 107.6 110.5 113.9 117.7 121.7 125.3
177.6 176.6 175.8 175.4 174.8 173.5 171.9 168.7 167 166 165 162.4 159.2 155.2 150 141.1 133.5 146.9 150.4 152.4 151.4 150.2 147.4 144.1 141 137.1 133.9 130.2 125.4 120.4 116.2 110.6 106.5 102.2 96 83.4 75.6 82.5 83.1 73.3 63.6 71.4 90.4 103.3 107.1 111.2 115.4 119.4 123.5 127.3 130.8 133 133.1 132.9 131.4 129.6 127.7 125.3 124 122.9 120.6 116.5 111.9 108 106.6 104.6 101.7 99 97.1 97.7 98.6 100.1 102.5 104.3 107.3 110.3 113.1 117.5 121.5
177.5 175.2 174.4 174.1 173.9 173.5 172.9 172.2 171.4 170 167.9 164.7 160.5 156.5 151.4 139.7 144.7 153.3 155.6 157.1 156.2 154.4 151.7 148.7 145.8 141.1 138 134.2 128.1 119.5 112.5 105.9 95.1 87.3 85.9 86.9 93 100.4 99.7 87.6 72.8 62.6 76.1 98.3 101.7 104.9 107.3 111.4 117 122.3 126.9 130.9 132.8 133.4 133.3 131.9 130.6 129.6 127.3 125 122.3 118 114.5 112.8 111.5 108.9 105.6 102.4 99 98.7 99.8 101.8 103.3 104.9 107.1 109.6 112.4 116.2 120.5
178.4 175.8 172.1 171.1 171.6 172.2 172.6 172.7 171.5 170.5 169.9 167 163.4 157.2 150.8 146.6 153.6 158.4 160.8 161.2 160.9 158.7 156.1 153.5 150.7 145.7 141.5 135.8 129.5 123.3 114.7 103.7 100.2 105.5 106.7 110 111.8 108.9 104.4 99.4 83.8 66.3 67 80.2 86.8 89.2 96 102.1 107.4 115.7 121.9 127.2 132 133.3 134.2 134.1 133.3 131.7 129.5 127.3 123.5 120.6 118.2 116 113.4 109.6 106.4 102.5 101.3 100.7 101.7 102.4 104.7 106.1 109.4 112.5 117.7 122.1 123.4
178.4 175.7 171.9 168.2 169.1 169.8 171.2 172.1 171.2 171.3 171.3 169.4 167.2 164 157.3 157.7 160.6 161.9 164.3 165 164.3 162 159.5 156.8 153.3 149.7 144.9 140 134.5 127.5 118.7 102.9 113.7 121 121.5 120 120.1 116 109.9 103.8 89.7 69.1 63.4 73.7 89.9 103 108.4 111.7 115.9 119.4 123.4 127.2 131.2 133.6 134.9 135.7 134.7 133.3 131.6 129.5 126.5 123.9 120.9 117.2 113.8 108.2 104.9 103.6 103 103.1 103.6 104 105.7 108.1 111.6 116.8 123.3 127.7 130.2
177.7 175.4 171.7 166.9 164.4 167.6 170 171.3 172.4 172.6 172.9 173 171.5 169.8 165.8 165.4 167.7 168.3 168.7 168.4 167.6 165.3 162.9 160.2 156.7 152.7 148.8 143.8 137.1 127.8 113.4 111.1 125.8 127.8 127.8 126 124.3 120.2 114 105.5 89.5 69.2 62.8 77 102.7 111.3 115 117.4 120.4 122.6 124 126.5 130.5 132.9 134.8 135.8 135.7 134.7 132.9 131.4 128.1 125 121.3 117.7 114 110.5 106.6 104.9 103.8 103.6 103.7 105.8 108.9 111.8 115.8 120.4 126.3 130 133.3
176.2 173.4 169.7 163.3 158.5 165.7 169.5 171.4 173.5 174.7 175.3 175.3 174.8 173.9 173.6 173.1 173.4 173.9 173.8 172.6 170.6 168.4 166.4 163.3 159.6 156.1 152.6 147 134.2 120.4 122.2 130.7 134.4 134 132.7 130.1 127.9 122.7 116.8 106 88.6 68.5 62.1 82 105.5 114.9 118.6 120.6 121.6 121.9 122.3 124.3 127.7 131.7 134.3 135.8 136.4 135.4 134.1 131.8 128.3 124.8 121 117.1 115.1 113.6 111.7 109.1 108.4 104.4 103.9 107.8 111.3 116 120.6 125.1 128.9 132.4 135.4
172.9 169.2 165.4 159.5 154.5 165.2 169 171.7 173.8 175.5 176.7 177.5 177.1 176.7 177 177.2 177.9 178.5 177.3 175.9 173.8 171.4 169.8 166.6 163 158.9 155.5 146.6 132.8 142.3 144.6 145.7 143.3 140.5 137.7 134.9 131.1 126.2 119.4 107.5 89.3 68.2 61.7 81.6 104.9 115.2 118.3 118.9 118.8 118.5 118.1 118.2 124 129.3 132.8 134.9 135.6 135.1 133.5 130.3 127.3 124.3 121 119.4 117.8 114.7 112.1 110.2 108.8 105.6 102.4 106.2 111.9 117.2 122.1 126.7 130.9 134.7 137.3
168.2 164.7 161.3 153.1 152.8 163.6 167.5 170.7 173.2 175.6 177.8 178.6 179.3 179.1 179.9 180.7 181.3 181.2 180.3 178.8 177.4 175.2 173.1 170.6 166.6 161.7 157.1 146.8 150.3 153 152.6 151.4 148.3 145.1 141.6 138.4 134.7 129.5 123.6 112.7 94.7 72.4 61.5 77.1 101.4 111 114.3 114 112.3 110.4 108.4 110.5 122.2 127.1 131.8 134.2 134.6 134.9 132.4 130.7 128.4 125.1 122.9 121.6 119.4 115 110.3 106.6 106.7 104.5 100.6 103.8 108.7 115.9 122.3 127.3 132.4 135.5 137.9
164 160.1 156.8 145 148.8 160.4 165.2 168.7 171.8 174.3 176.6 178.5 179.5 180.2 181 181.8 182.7 183 182.3 180.6 178.8 178.1 176.6 174.6 170.6 164.5 158.7 155.1 158.3 158.7 157.8 155.3 152.1 147.9 144.7 141.6 137.3 132.8 126.4 118.5 100.7 76.7 61 75.5 97.3 105.9 105.9 105.4 96.4 92.8 97.3 109.5 118.9 127.5 131.8 133.6 134.6 134.5 133.3 131.6 129.5 128 126.1 123.7 120.7 116.5 111 105.1 102 100.9 97.8 99.8 106.1 113.3 119.9 125.9 130.8 135.7 138.1
160.2 150.5 146 136.7 146.3 156.6 160.5 164.2 168.1 171.5 174.9 177.2 179 180.1 181.2 182.3 182.6 182.7 182.7 181.3 180.5 180 179 176.9 173.4 169 163.6 162.5 163.9 162.4 160.9 157.5 153.9 150.7 147.1 143.5 139.4 134.6 128.8 121.3 106.8 80.6 61 72.1 91 98.5 98.2 90 81.8 88 102.1 110.6 120.8 126 129.1 130.3 131.6 133 133.1 132.2 131.5 130 127.8 124.6 120.9 114.4 110 107.2 103.3 99.4 92 94.6 101.2 108.2 115.8 123.1 128.9 134.7 138.7
160.3 153.4 139.3 128.3 139.1 150.6 155 159.3 163.4 167.6 171.3 174.8 177.5 179.1 180.4 180.9 181.2 181.7 181.8 181.7 181.6 180.9 179.9 179.2 176.5 173.2 170.3 168.4 167.7 165.8 162.7 159.2 155.7 152.3 148.6 144.3 140.2 135.2 129.7 122.5 111.5 85.3 61.6 63.9 80.3 86.5 83.9 75.5 80.5 98.6 107.2 113.9 119.7 122.1 123.9 125.2 127.6 129.4 130.4 131.1 130.7 129.6 127.5 125 121.4 119 114.8 111.1 107.4 105.2 99 91.1 97.4 105.4 112.3 119.4 126.7 132.7 138.2
156.5 151.7 138.2 123 130.2 141.3 145.5 150.8 156.2 160.6 166.8 171.2 175.8 178.2 179 179.3 179.7 179.6 179.7 180 180 180.2 179.3 180.4 180.4 178.4 176.3 174.1 171.2 168 164.3 160 156.4 152.1 148.2 144.2 139.9 135.2 129.7 122.9 114.1 93.7 69.1 60.8 61.4 67.6 69.3 67.8 82.6 97.2 104.7 110.6 113.8 116.2 117.9 120.5 123.3 125.4 127.4 128.7 129.7 129.3 127.4 125.7 123.2 120.8 117.1 113.3 109.6 106.1 96.8 88.6 93.9 101.7 109.1 116.2 123.5 129.6 134.4
149.5 145 135.5 118 121 127.1 132.6 143.2 152.4 160.2 165.4 171.3 175.7 177.5 177.5 177.5 176.2 176.5 176.7 177.6 178.2 179.3 180.4 181.6 181.8 182.2 180.6 177.9 174.7 171 166.2 161.5 156.1 151.6 146.5 143 139.1 134.3 129.1 122.6 113.6 103 84.9 68.5 59.8 60 59.7 62.2 74.4 89.6 96.9 101.5 105.8 108.3 112.4 116 120 123.1 124.7 126.4 127.8 127.5 126.8 125.4 123.5 121.2 116.8 111.7 108 103.5 98.6 83.8 90.1 97.2 104.7 111.2 118.4 124.2 128.9
138 135.8 128.6 113.2 116.1 125.3 132.9 152.1 160.9 166.9 171.5 174.9 176.3 176 175.7 175.4 172.9 171.3 172 172.7 174.7 177.9 180.7 182.4 183 183.2 182.6 180.7 177.5 173.6 168.5 162.8 156.4 150.8 142.6 139.1 135.5 130.8 126.1 119.3 112.8 104.9 96.2 87.2 77.9 69.5 60.1 59.5 67.3 78.4 83.4 93 100.9 107.3 114.3 117.8 120.4 121.1 122.1 124.1 125.6 125.9 125.2 124.3 122.8 120.8 117.1 110.2 101.8 93.9 88 81 84.1 92 97.7 104.9 111.6 117.1 121.7
118.7 119.9 115.6 108.6 116.6 127.1 143.9 155.8 164.7 169.7 172.6 174.6 175.2 173.9 173.5 173.1 170.7 167.3 166.8 167 171.3 175.5 179.2 181.9 183.3 183.7 183.4 181.9 179.6 175.6 170.8 164.5 158.3 149.9 141.5 130.2 128.5 124.8 118.7 113.4 109.9 105.8 100.5 96.4 91.9 85.3 68.2 59.3 66.5 82.7 98.1 106.2 113.1 116.2 119 119.1 120.1 119.1 120.2 121.8 121.8 122.3 122.5 122.4 121.1 119.1 116.3 112 108 103.2 96.7 87.9 76 84.4 92.9 98.1 104.9 110 113.7
112.6 107.3 106.6 111.1 122.2 140.3 153.5 162.6 167.2 171 172.4 174.4 174.1 173 171.5 170.8 168.2 163.6 158 159.6 168 173.3 177.8 180.9 182.5 183.6 183.2 181.9 179.9 177.2 172.9 167.1 159.1 150.8 141.5 128.2 123.7 114.9 106.7 101.5 101 102.4 100.1 97 89.2 76.8 64 59 72.7 92 104.9 111.5 115.2 117.9 118.2 116.9 117.2 116.8 116.1 114.9 114.7 117 119.1 121.7 120 118 114.1 111.1 108.1 104.7 101.1 95.1 83.1 73.8 86 92.1 97.3 102 106.5
106.2 102.2 107.1 120.1 137.3 149 158.9 165.1 169.1 171.2 172.6 173.7 172.7 171.9 170.3 167.5 163.5 160.3 148.7 153.8 164.8 171 175.7 179 181.2 182.6 182.2 181.1 179.6 177.3 174 168.7 160 151.6 144.5 141.8 133.6 125.5 118.2 110.4 100.7 90.6 89 85.4 73.7 67 61.4 57.5 70 88.4 104.5 112.3 115.7 117.3 116.4 114.2 113.4 111.5 107.3 106.5 108.1 113.3 118.7 121.2 120.4 118.6 114.5 109.2 104 101.8 99.7 95.9 89.4 73.2 75.9 85.2 89.6 93.6 98
101.3 100.1 116.7 133.7 149.8 155.7 160.8 165.1 168 170.4 172.1 172.1 171.1 169.3 167.2 162.8 158 155.2 142.8 149.6 161.5 167.4 172.1 175.9 178.7 180.2 180.2 180 179.3 177.4 174.4 170.5 163.5 158.3 153.2 147.7 141.2 134.4 128.4 122.5 116 107.9 98.7 84.4 76 82.4 63.2 58 59.2 78.2 96.3 110.9 114.7 115.8 114.7 111.6 107.8 104.6 99.7 99.4 106.7 112.6 118.8 121.7 121.7 118.7 115.4 109.1 102.9 94.4 95.6 92.8 88.2 80.5 67.7 76.2 82.1 85.8 88.8
98.5 98.9 113.5 133.3 149 155.8 160 163.4 166.4 168.8 170.2 170.1 169.4 167.2 164.3 159.7 151.7 141.3 132.6 146.8 157.8 163.6 167.8 171.4 174.4 176.9 178.5 178.8 178.7 177.8 174.9 172.4 168 162.4 156.8 151.4 146 141.1 135.2 128.8 123.4 117.4 108.9 90.5 97 101.6 87.7 59.9 56.7 66.1 87.3 105 111.2 111.5 109 104.5 100.1 98 89.5 99.3 107.7 114.7 119.3 122.4 122.6 120.5 117.9 113.7 105.4 97.9 87.6 84.4 82.9 81 70.4 63.4 72.7 77.6 80
103.4 95 102.6 119.2 138.3 148.9 155 159 162.6 165.4 167.1 167.7 167.3 165.2 162.1 157.7 151.5 138.8 129.7 147 153.8 159 162.9 166.2 169.6 172 175.1 176.8 177.1 176.7 175 173.4 168.6 164.3 159.3 154.2 148.8 144 137.5 131.7 126.6 121.1 104.8 104.3 112.3 109.9 102.4 79.1 56.6 57 79.8 97.8 103.4 103.7 99.4 93.6 91.4 88.4 88 98.8 108 115.2 120 123.3 123.6 122.3 119.5 115.2 108.5 104.2 99 88.8 79.7 74.8 74.5 66.6 61.9 67.1 69.3
117.7 92.7 94.3 101.2 116.2 134.7 144.3 150.8 155.4 159.2 161.4 162.5 162.6 161 159.1 155.8 152 137.5 120.2 139.4 148.3 153.7 157 160.1 161.8 166 169.3 171.5 174.4 174.8 174 172.8 168.7 164.6 159.9 155 150.2 145.1 138.9 132.5 125.6 115.8 112.3 120.6 119 115.4 109.5 93.6 63.6 56.6 72.9 89.6 94.6 93.9 88 81.9 79.1 82 90.4 101.3 110.6 117.5 122 125 125.5 125.3 123.3 120.2 115.9 112.5 107.1 100.9 91.7 80.9 69.9 62.9 61.5 56.6 58.3
127 103.6 91 91 96.6 111 131.3 138.9 145.2 150.2 153.6 156 156.1 155.4 153.6 151.5 148.1 142.4 115.3 122.5 140.2 146.2 150.5 152.5 153.2 157.3 161.5 166.1 169.7 172.6 172.8 171.1 168.3 164.5 160 155.5 150.9 145.3 139.2 128.9 123.8 123.3 128.3 125.6 123.5 119.6 113.8 103.5 76.9 55.6 65.8 81 86.8 74.9 68.5 75.3 84 91.5 100 109.2 115.8 121.3 125.4 128.1 129.1 128.8 126.7 124.7 122 118.4 113.7 108.1 101 91.7 83.3 70.5 63.3 60.5 56
136.8 119.2 97.6 88.7 88.3 95.6 109.8 124.9 132.4 139.7 144 146.7 148.2 148.1 146.9 145.1 142.6 139.5 128.7 106.4 122.9 137.2 142.1 144.6 140.3 139.8 148 157.5 164.6 169.2 170.1 169.5 167.2 164 159.6 156.4 151 143.3 136.1 134.3 137.8 136.4 133.2 129.8 126.2 122 116.6 107.8 85.9 56.6 57.4 72.7 72.1 66.5 78.7 89.3 97.6 104.2 111 116 120.3 124.2 128.3 130.6 131.8 131.8 130.5 128.9 127.2 123.9 119.6 114.4 109.8 103.3 95.1 83.9 77.2 72 67.1
