data/220000-560000.asc
ncols 200
nrows 200
xllcorner 220000
yllcorner 560000
cellsize 50
[rows 140 to 174 of 200, columns 79 to 157 of 200]
107.9 109.4 111 107.2 106 105.3 103.8 105.3 106.8 106.6 106.4 106.4 106.8 107.6 108.4 109.5 110.7 112.8 118.3 125.3 125.4 117.6 107.3 100.9 100.5 97.6 97.4 101.3 104.1 106.7 109.3 110.1 108 105.9 106.1 104 102 101.7 100.4 99.6 98.8 98 97.3 96.3 97.2 103.8 105.8 106.6 103.4 102 101.8 104.7 106 103.7 101.6 99.8 99.3 99.1 99.1 99.7 97.9 94.5 93.6 92.8 91.8 91.2 89.3 89.1 91.5 91.6 93.4 95.2 96.2 96.6 97.4 98.2 98.6 98.7 98.8
106.6 107.4 107.1 106.3 105.4 104.6 104.2 105.8 106.5 107.1 107 107.2 107.8 108.3 108.9 109.5 110.4 111.8 118.8 126.1 125.4 115.4 102.3 100.4 97.5 96.9 99.6 100.9 103.5 105.5 107 107 104.7 103.1 102.6 101.6 100.8 100 99.5 98.5 97.7 97.1 96.2 95.6 103.1 106.2 105.4 102.8 99.6 99.6 99.2 101.1 100.9 100.6 99.5 99 99.3 99.1 99.7 101.5 97.5 93.5 92.7 91.9 90.8 89.7 89.1 89.9 90.5 92 93.3 95.3 96.5 97 97.4 98 98.3 98.3 98.2
105.7 105.7 104.9 105.1 103.4 105.5 106.2 106.5 107.9 108.2 108.7 108.6 108.4 108.8 109.4 110 110.7 111.9 119 125.5 121.9 107.9 102.5 101.3 95.1 98.9 99 100.8 102.7 103.5 103.8 103.2 105.5 105.8 101.9 100.2 99 98.7 98.2 97 95.6 96.1 95.1 98.4 105.7 106.7 103 99 98.9 98.8 98.7 98.7 98.9 98.9 98.6 98.2 98.5 99.1 102.4 105.2 96.2 92.1 91.7 91 90.1 89 89 89.9 93 93.6 94 95 96.3 96.9 97.4 97.7 97.8 97.7 97.6
106.9 107.1 106.3 105.3 106.1 109.5 109 108.4 109.8 110.5 110.1 109.9 109.9 109.9 109.9 110.4 111 115.2 119.8 122.3 115.7 104.6 102.4 99 96.6 98.2 98.9 100.3 101 101.4 102.1 103.9 103.8 102.2 100.8 100.2 97.5 98.6 97.5 94.7 94.7 95.3 95.3 101 105.7 104.6 98 98 98.1 98.2 98.1 97.9 97.9 97.7 97.5 97.3 98.5 99.7 104.6 103.6 94.6 91.5 90.6 90.3 90.8 89.1 88.9 93.2 92.9 93.6 94.3 95.2 96.1 96.5 96.7 96.9 97.1 97.1 97
109.6 109.9 109 107.3 108.2 110.6 111.3 113.1 110.7 113.4 113.4 111.3 111.1 111.1 110.8 110.7 113.3 118.9 120.9 119.7 109.9 104.2 102.7 99.1 96.5 97.4 98 99.3 100.3 100.5 101.1 102.5 102.2 101.1 100 99.5 98.1 95.8 94.8 94.7 94.2 94.4 95.2 102.2 105.1 99.1 97.2 97.4 97.6 98.1 98 97.8 97.9 97.5 97.3 96.8 97.9 99.3 105.7 103.8 92.9 91.3 91.4 90.7 90.2 88.6 89.7 92.6 93.1 93.7 94.9 95.6 96 96.2 96.2 96.2 96.4 96.5 96.4
111.1 112 111.1 110.2 111 113.1 116 115.6 116.1 118.9 116.6 113.7 112.2 112.1 111.4 111.4 113.1 118.6 121.3 120.6 113.9 106.5 104 100.5 96.7 97.5 96.9 99.3 99.7 99.4 100.9 101.4 100.8 100.5 100.8 99.8 97.5 93.3 93.6 93.6 93.6 93.6 96.2 101.8 100 96.2 96.6 96.9 97.8 98.3 97.8 97.2 97.9 97.6 97.2 96.2 96.6 100.8 105.9 101.8 90.7 90.8 90.9 89.1 89.3 92.9 89.3 91.7 94.1 94.6 95 95.4 95.6 95.9 96.1 96.1 96 95.8 94.3
113.9 115.8 114.2 112.6 113.3 115.8 117.5 119.9 123.3 123.6 121.9 119.1 115.8 113 112.4 112.3 113.6 117.8 121.4 123.1 117.2 112 103.7 99.5 96.8 96.4 96.3 94.1 98.4 98.6 100.1 101.6 99.9 99.7 97.5 95.7 92.2 88.9 92.7 92.9 92.8 93.2 95.6 97.6 95.4 95.7 96.1 96.4 97.9 98.1 97 96.9 97.9 98.5 97.2 95.2 95.9 100.3 102.8 96.3 90.9 90.3 90.3 88.8 88.6 89.6 89.9 92.1 94.3 94.6 94.8 95.2 95.3 95.3 96 96 95.5 95.1 93.6
117.9 118.3 115.6 114.9 116.8 119.4 123.4 128.4 129.8 128.3 126.9 123.1 118.8 115.7 113.7 112.4 112.6 116.7 120.9 122.8 119.2 114.3 108.1 99.2 100.6 101.6 100.4 97.8 95.8 96.1 99.7 98.1 98.2 96.5 94.1 92.3 88.9 90.9 91.1 92 92 92.9 94.1 94.5 94.5 94.9 95.4 96.1 97.8 97.3 96.6 96.7 98.6 100.5 95.1 94.2 94.2 97.7 97.6 91.7 90.8 90.8 89.7 88.4 88.2 88.7 91.2 92.5 94 94.3 94.6 95 94.9 94.9 95.5 95.9 94.2 94.6 93.3
120.2 120.2 119.2 121.1 124.5 129.9 134.5 135.5 137.5 135.4 133.5 126.8 122.8 119.6 114.1 112.1 112 114.1 117.7 119.8 117.3 114.2 108.6 100.3 100.3 102.1 101 100.4 97.3 92.2 94.9 97.2 96.9 95.2 93.2 92 91.2 91 90.8 91.2 91.8 92.6 93 93.3 93.7 94.4 95.1 95.8 96.8 96.4 96 96.2 97.8 97.8 93.9 92.4 93.3 94.3 93.1 90 90.9 90.6 89.6 88.6 88.1 88.3 89.5 91.6 92.8 93.5 94.2 94.5 94.5 94.5 95.6 93 93.6 93.4 92.6
122.6 124 125.1 129.5 134.9 140.2 141.5 144.5 145.4 144.7 137.9 131 126.9 119.9 114.3 112.8 111.8 111.8 112.9 114.2 113.4 112.5 106.9 101.6 101.8 102.7 103.2 101.4 97.8 96 96 92.3 90.8 92.4 92.1 91.7 91.5 91.7 90.9 88.7 91.4 92 92.4 92.5 93.3 93.9 94.6 95.3 95.2 95.5 95.3 95.5 96.2 93.9 92.7 90.9 91.6 91.9 91.7 89.2 90.9 90.6 89.3 88.6 88.8 88.2 88.5 90.5 91.6 92.3 93.6 93.4 93.2 93.6 96.9 93.2 92.5 93.5 92.7
127.3 129.2 132.5 138 141.2 143.8 146 149.3 150.2 146.8 138.2 132.4 128.9 118.9 114.5 112.3 111.5 109.9 109 109.8 110.9 110 104 101.3 101.7 102.7 101.5 100.2 97.5 101.3 101.1 97.3 95.3 94.6 92.2 91.9 92.3 91.8 90.9 90.7 90.9 91.5 91.6 91.7 92.8 93.4 94 94.7 94.9 94.8 94.9 94.7 93.9 92.7 91.3 90.5 89.7 90.1 90.3 89.3 90.6 90.8 88.7 88.3 88.1 88 88.4 89.9 91 93.2 92.9 92.5 92.4 92.8 95.5 92.4 91.7 91.7 91
132.7 137.1 139.5 142 144.9 145.1 147.7 150.1 149.7 144 138.4 135.8 127.4 117.4 114.1 112 111 109 106.8 107.3 109 107.2 102.3 101.4 101.4 100.2 100.2 99.1 99.1 104.9 102 97.5 96 95 93.9 92.7 92.2 91.7 90.9 90.5 90.7 90.7 90.8 91 92.4 93 93.6 94.2 94.3 94.3 94.1 93.2 92.6 91 89.7 89.1 88.7 89.1 88.7 88.6 88.2 86.8 87.3 87.6 87.7 87.7 87.8 88.7 90.8 92.6 92 91.7 91.9 92.1 94 91.2 90.9 90.8 91.4
140.5 142.5 142.9 143.5 144.8 145.4 147.6 149.5 146.9 143 140.7 136.5 126.3 119.2 115.5 114.3 111.4 108.2 106 105.6 105.6 104.2 103.3 103.1 104.3 99.9 100.2 99.4 103.7 106.8 103.5 99.8 97 95.6 94.4 93.2 92.1 91.6 91 90.9 90.8 88.6 90.6 90.5 91.8 92.3 92.8 93.2 93.5 93.6 92.9 92.4 91.8 90.3 89 88.9 88.4 87.5 88.1 89.4 89.9 89.1 88.4 87.8 87.8 86.9 86.8 88.1 90 91.7 91.1 91.2 91.5 91.7 91.3 91.2 90.2 89.8 88.1
141.7 142.4 143.1 143.9 144.7 145.9 147.7 147.1 144.1 141.8 140.8 135.8 130.7 124.2 120.6 115.4 110.7 108.3 105.9 105.7 105.3 104.1 103.6 104.3 102.5 99.8 99.5 100.5 106.7 107.5 106.3 104.3 98.7 95.8 94.5 94.1 92.3 91.6 90.9 90.6 90.4 90.3 88.2 90.3 90.6 90.9 92.1 92.4 92.8 92.8 92.2 91.6 91 90.7 88.6 88.5 88.1 90.1 90.4 91.5 92.4 92.2 90.4 87.9 87.8 87.4 86.8 87.1 90.4 90.5 90.8 91.2 91.5 91.7 91.7 91 89.7 88.2 87.2
141.7 142.9 143.6 144.1 145.4 147 147.8 145 142.2 141.4 140.4 137.1 132.4 126.5 120.2 114.3 110.8 109.3 107.7 108.3 106.3 104.5 104.7 103.1 101.7 99 98.4 101.7 106.4 107.6 108.7 106.2 98.7 96.1 95.2 95 93.3 91.4 90.5 90.2 89.9 90.1 90.4 90.8 90.4 90.1 91.6 91.8 92.1 92.3 91.6 91 89.7 90.3 86.9 86.9 91 92.2 91.4 93.4 93.9 92.9 91.9 90.1 87.7 87.7 87.1 85.2 88.3 89.3 90.6 91.1 91.6 91.3 91.5 90.8 89.2 87.7 86.6
142.8 143.2 144.2 145.5 147.3 148.4 146.2 143.1 141.6 140.7 138.1 134.6 130.4 126 119.8 115.1 111.8 108.7 110.7 108.7 106.7 106 105.3 104 101.7 99.9 98.1 102 106 107.7 109.8 105.6 97.3 96.6 95.9 96.3 94.5 91.5 90.3 90.3 89.6 89.8 90.2 90.4 90.2 89.9 90.1 91 90.3 90.4 90.4 90.1 89.4 86.4 86.6 88.5 92.4 92.6 94.1 94.3 94.5 92.8 91.5 89.4 87.9 87.5 87.1 85.7 87.8 88.2 89.1 89.6 90.3 90.7 89.8 88.8 87.9 86.8 87.1
142.9 143.6 145.4 147.3 149.4 147.1 143.8 141 140.3 138.3 135.7 132.5 128.5 124.7 118.8 114.5 112.6 111.6 112.4 109.3 106.2 106.1 104.7 103.2 101.9 104.2 97.4 103.5 104.5 107.8 108.4 102.4 97.4 96.8 96.5 96.9 92.3 90.9 92.9 92.1 89.8 89.7 90.2 90.5 90.3 90.1 89.7 89.5 89.5 89 89.1 87.7 88.5 89.3 90.3 90.6 93.5 93.6 95.8 95.4 95.4 93.6 92.3 89 87.5 87.1 86.7 85.6 87.6 87.9 88.1 88.9 91.7 89.6 89.2 88.6 87.3 86.3 87.6
143.7 145.3 147 148.9 148.2 144 140.8 139 137.9 135.9 133.8 131.3 127.7 121.4 116.3 115 113.2 113.1 111.7 109.5 105.4 105.1 103.7 102.8 105.5 104.6 97.5 102.5 103 107.4 106.7 101.1 97.1 96.8 97.6 95.9 91.1 91 93.5 91.3 90.5 90 90 89.9 89.9 89.9 89.4 88.1 88.6 89.3 88.3 88.7 89.2 90.8 91.9 92.1 93.2 94.6 95.3 96 96.4 95.3 91.3 89.5 87.7 87.2 86.9 87.3 87.2 87.4 88 90.2 95.4 89.3 88.9 88.5 87.1 86.1 89.1
145.3 147.2 148.7 148.7 145.6 141.4 138.4 137.4 135.5 133.6 132.4 132.9 128.6 121.9 116.9 116.2 115.5 114.4 110.4 108.4 104.6 104.4 103.9 104.2 106 102 96.7 98.8 102.1 105.3 104.5 98.2 96.7 97 97.8 93 91 93.8 93.6 92.4 90.6 90.6 90.2 89.8 89.7 89.8 89.7 89.4 89.5 90 90.3 89.7 90 90.6 91.5 92.7 93.9 94.3 95.9 96.6 95.6 95.5 91.7 89.1 88.2 87.5 86.5 87.2 87.2 87.1 89.1 95 97.7 89.3 88.6 88.2 87 86.7 93.2
147.1 147.9 148.1 146.1 143.8 140.4 136.8 135.5 133.2 131.8 132.5 131.6 125.3 120.1 116.5 115.6 114.8 112.8 109.8 108 104.9 103.6 103.6 104.9 104.2 99.5 96.5 97.5 100 101.5 100.3 97.1 96.6 96.3 95.5 91.7 91.6 92.3 92.6 92.1 91.1 91.3 90.8 89.9 90.2 90.1 89.7 89.3 89.8 90.5 91.9 91.4 90.6 91.1 92.3 93.5 94.5 95.1 97 97.2 95.8 94.8 92.9 91.4 89.3 87.1 85.3 87 87.1 87.7 91.5 100.4 97.9 89.3 88.7 87.7 86.2 87.6 96.6
147.2 146.4 145.5 144.8 146.3 142.2 135.7 133.3 131.1 130.1 131.7 129.3 125.3 120.2 116.8 115.7 114.2 111.4 110.4 106.5 104.6 102 103.6 105.4 102.7 98.7 96.9 96.1 97.8 97.9 97.4 96.8 95.7 95.2 92.4 91.7 93 92.4 91.9 91.7 91.6 91.6 90.9 90.2 90.5 90.2 89.9 90.1 90.3 90.9 92.4 92.7 91.4 92.1 93.1 94 95 95.9 96.3 96.2 95.6 93.5 92.9 90.7 87.3 86.7 86.8 86.7 86.6 90.8 95.5 102.3 96.3 89.1 88.4 86.8 87 88.5 97.9
147.4 144.9 144.2 148.9 149.5 142.8 135.6 131.7 130.4 128.5 126.3 127.3 124.1 118.6 116.2 114.7 112.3 110.1 107.9 105.3 103.8 101.5 101.7 103.7 100.7 99 97.9 97.5 95.3 96.4 95.8 95.1 94.2 93.6 92.6 92.7 92.7 92.6 92.1 91.9 91.8 90.7 90.1 89.6 89.2 89.7 90.6 90.9 91.1 91.4 92.3 93.8 92.3 93 93.9 94.9 95.9 96.4 95.7 94.4 93.7 93.6 92.4 91.3 87.3 87.4 86.8 84.7 87.1 92.1 100.6 101.1 91.2 88.8 87.7 86.3 87.8 90 98
148 143.5 146.4 152.2 149.1 139.7 134.4 129.6 127.3 125.2 124.3 125 119.5 116.2 113.4 113.1 110.8 108.6 106 103.8 101.5 100.7 100.9 100.8 99.5 99 98.5 97.9 95.9 94.8 94.2 93.5 92.9 93.9 93.7 93.1 92.8 92.6 92.4 92 90.6 89.7 89.3 89.3 89.1 90.1 91.1 91.6 91.9 92.3 92.7 93.5 93.3 94 94.7 95.9 97 96.6 95 93.8 93.1 92.4 91.8 89.7 87.9 87 86.5 86 86.6 94.7 104.5 98.3 89.1 87.7 86.8 86.6 88.3 93.1 98.2
143.3 141.8 149.9 151.2 143.8 137.3 132.1 127.1 122.6 122.9 122 119.9 115.6 112.7 111.5 110 109.2 106.4 104 101.2 100.4 99.7 99.8 100.1 99.1 98.7 98.4 98.8 97.6 95.7 94.8 94.5 96.8 95.5 94.6 94.4 93.7 93.2 92.2 90.8 89.4 89.1 89.2 89.2 89.8 90.7 91.5 92.4 92.7 93.1 93.5 93.9 94.4 94.3 94.5 95.7 97 95.1 93.6 93.3 93 92.5 91.2 91.3 87.7 86.6 86.4 86.4 86.7 97 102.8 96.3 88.3 88.1 86.5 87.2 88.9 94.6 98.1
139.3 144 147.9 145.6 139.9 133.4 129.6 124.3 120.7 119.9 118.2 115.3 113.1 110.2 109.5 107.6 106.2 105.8 102.3 101.1 100.2 99.6 99.3 99.1 99 98.6 98.4 99.3 98.9 96.6 95.5 95.8 99.5 96.8 95.6 94.5 94.2 92.7 91.3 90.2 89.1 89.2 89.2 89.2 90.3 91.2 92.1 92.8 93.2 93.6 94 94.4 94.8 94.4 94.3 95.3 95.3 94.3 93.8 93.7 93.3 92.4 91.4 88.3 87.7 86.6 85.7 84.7 92.7 100.2 100.4 89.2 87.6 87.3 86.3 87 89 95.3 96.3
138.9 142.1 142 138.8 133.5 127.1 124.7 118.2 118.9 116.2 114.8 111.1 109.1 108.1 107.1 106.4 105.5 104.6 101.9 101.3 100 99.4 99.1 99 99.1 98.6 98.9 99.6 98.6 96.7 95.9 98.3 99.7 97.4 96.4 95 93.9 92.1 90.8 89.8 89.4 89.4 89.4 89.6 90.7 91.6 92.5 93 93.3 93.8 94.2 94.6 94.8 94.4 94.1 94.8 95 94 93.9 93.8 93.2 91.3 89.7 88.3 87.5 86.3 84.8 87 97.6 102.6 97.6 88 87.5 87.5 86.3 86.5 90 94 95.2
135.8 136.1 135.1 132.7 127.4 119.4 117.4 116.7 114.2 112.9 111.8 109.5 108.8 106.6 106 105.3 103.9 102.5 102.2 102.6 99.9 99.1 99 99 99.2 99.2 98.4 99.1 98 96.8 96.9 98.2 97.2 97.1 96.1 95.1 93.5 91.7 90.3 89.3 89.8 89.7 89.7 90.1 91.1 92.1 92.9 93.1 93.5 93.9 94.3 94.6 94.4 94.2 94.6 94.6 94.4 94.1 93.8 93.5 92.9 91.6 90.7 90.2 88.6 85.9 86.6 90.2 99.9 100.7 92.5 87.5 86.5 86 85.4 86 90.4 94.2 93.9
135.5 131.3 128.7 126.8 120.9 116 114.1 113.9 111.2 111.2 110.3 108.3 107 105.1 105.6 103.9 101.6 102 101.2 99.9 99.2 99.2 98.9 99.4 99.6 100.2 98.1 98.3 98.4 97.6 97.4 97.4 97 96.7 95.8 94.8 93.2 91.4 90.8 90.7 90.6 90.6 90.5 90.1 91.2 92.4 93 93.3 93.5 93.9 94.3 94.3 94.1 94.2 94.6 94.3 94.1 93.8 93.5 93.1 92.6 91.7 91.1 90.2 88.1 85.1 86.5 93.4 98.8 96.3 88.6 86.5 85.3 86.2 86.2 86.7 91.8 93 94.4
134.7 129.7 124 121.1 113.7 115.2 113.9 112.2 109.8 108.9 107.2 106.3 104.8 103.1 102.9 101.8 101.2 100.5 99.8 98.7 98.7 98.7 98.7 99.1 102 100.6 97.8 97.7 97.7 97.7 97.7 97.1 96.7 96.1 95.3 94.5 93.3 91.5 91.9 91.6 91.5 91.4 90.6 90.1 90.9 92.6 93.2 93.7 94.3 94.2 94.2 94.3 94.4 94.5 94.7 94 94 93.6 93.3 92.7 92 91.2 90.4 89.4 87.1 84.9 87.7 94.1 95.5 90.9 87.4 85.9 84.7 85.7 87.7 88.6 91.3 92.8 96.6
132 128 122.3 115.8 111.3 112.5 111.8 111.1 106.8 106.5 104.4 102.2 101.4 101.4 100.7 101.1 100.6 99.1 98.9 98.1 98.5 99.1 99.1 100.7 104.7 99.3 97.7 97.1 97.2 97.2 97.2 96.9 96.4 95.7 95.3 94.5 93.6 92.6 92.5 92.3 92.3 92.2 90.6 90.4 90.8 92.2 93.5 94.1 94.7 95 95 94.9 94.5 94.3 94.1 94.2 93.8 93.1 92.4 91.7 90.9 90 89.3 89.2 87.5 84.9 88.1 91.1 90.8 87.2 86.4 85.1 84.5 84.8 87 88.2 90.8 95 98.6
132.8 127.1 116.6 109.9 110.9 110.5 107.6 106.3 104.8 101.8 99.8 100 99.3 100 98.5 98 97.8 97.7 97.5 97.6 98 98.4 99.1 101.6 102.3 97.8 97.1 96.6 96.7 96.7 96.6 96.4 96.3 96.1 95.6 94.7 93.7 93.3 93.1 93 93 92.7 91.4 91.6 91.8 92.6 93.6 94.6 95.2 95.8 95.8 95.9 95.5 95.2 95.7 94.6 93.5 92.6 91.7 90.8 89.9 89.1 88.8 88.6 87.7 85.3 86.6 86.9 86.8 86.1 85.1 84.8 84.3 84.7 85.7 87 92.8 97.2 104.4
126.9 122.2 115.1 106.9 106.3 105.5 104.7 103.6 102.4 100 98.3 98.1 101.7 100.7 96.1 96.6 96.8 96.7 96.9 97 97.4 97.8 98.2 100.6 98.4 96.6 96.6 96.1 96.2 96.2 96 96.1 96.3 96 95.6 94.9 94.5 94.1 93.7 93.5 93.2 92.9 92.6 92.8 93 93.6 94.5 95.4 96.3 97 96.9 96.8 96.7 96.5 96.9 95.3 93.9 92.9 92 91 90 89.2 88.9 88.2 87.2 84.9 85.1 84.8 84.6 84 84.1 84.7 84.5 84.7 85.3 87.7 92.9 98.2 110.3
120.2 114.2 110.4 105.8 104.9 103.8 102.6 100.5 100.2 98.6 97 97.2 101.4 98.5 95.3 95.7 96.2 96.3 96.6 96.7 96.8 97 97.4 97.8 96.2 96 95.9 95.7 95.7 95.7 95.9 96 96.1 96 95.6 95.4 95 94.6 94.1 93.7 93.4 93.7 93.6 93.8 94 94.7 95.6 96.5 97.5 97.9 97.7 97.4 98.2 98 97.9 94.5 94.1 93.3 92.2 91.4 90.5 89.7 88.7 87.6 86.9 84.7 84.4 83.9 83.6 82.7 83.5 84.2 84.6 84.7 85.7 89.3 93.3 103.4 111.1
114.3 109.5 106.7 103.9 103.5 102.2 99.1 98.5 98.4 98.1 96.9 96.2 96.8 94.9 95 95.3 95.7 96.1 96.4 96.4 96.5 96.6 96.7 96.1 95.4 95.3 95.1 93.8 94.5 95.7 95.8 95.8 96 96 95.6 95.6 95.4 95.1 94.3 94.3 94.6 94.9 94.8 94.8 95.1 95.8 96.7 97.3 97.4 97.5 97.7 98.5 100.5 99.6 96.1 93.4 92.3 92 92.4 91.5 90.7 90.1 89.7 87.9 86.7 84.8 84.3 82.4 88.3 84.1 81.6 82.2 83.9 84.3 86 90.3 97.3 105.2 109.7
111.4 109.1 104.4 102 102.1 100 98.5 98.3 98.1 96.9 96.3 95.7 95.1 94.3 94.6 95 95.4 95.8 96.1 96.2 96.3 96.4 95.9 95.4 94.7 93.9 93.4 94.1 94.5 95.4 95.9 95.9 95.9 95.9 95.8 95.8 95.8 95.4 95.4 95.8 95.8 96.1 96 96 96.2 96.7 96.7 97.4 97.4 97.8 99.8 102.8 106.9 100.5 95.6 92.3 92 92.1 92.3 91.7 91 90.4 90.2 89.2 87.4 86.1 83.6 92.3 88.9 83.3 82.8 82.4 83 84.1 86.3 90.7 97.1 103 105
