data/220000-710000.asc
ncols 200
nrows 200
xllcorner 220000
yllcorner 710000
cellsize 50
[rows 105 to 139 of 200, columns 79 to 157 of 200]
502.3 509.8 512.1 516.9 524.6 535 546.5 555.3 571.7 581.8 589.4 598.5 584.1 571.7 564.6 554.5 549 544.3 541.3 536.6 534.7 530.2 527.5 525.5 524.2 524.6 525.1 525.3 526 523.7 528 532.1 534.5 537.1 539.6 540.8 540.6 539.6 538.1 534.1 528.1 525 518.8 516.8 514.5 511.6 509 503.8 504.1 501.1 494 489.1 486.2 484.5 481.1 478.3 475.9 473.5 471.8 458 445.9 431.8 424.6 414.4 401 389 378.2 367.8 363.7 363.2 363.2 360.1 355.2 351.3 347.5 342.4 337.8 333.8 324.5
507.2 512.4 516.7 521.3 528.6 538.2 548.8 560.5 568.6 579.4 590.3 595.1 592.7 579.2 570.5 559.7 553.9 546.3 542.4 538 535.4 530 528.6 524.6 521.7 521.4 523.8 523.4 522.4 524.3 527.9 531.7 535.4 538.3 538.6 539.5 540.9 541.6 538.6 534.4 527.7 521.6 519.7 520.2 513.1 507.6 501.2 499.7 496.6 495 487.3 485.1 480.5 477.3 476.2 476 472.4 467.4 459.4 446.4 437.1 428.6 418.5 404.6 390.3 378 368 359.2 352.9 352.2 350.4 348.5 345.4 344.3 339.4 333.8 328.9 322.9 314.8
510.8 517.2 522.7 527.3 535.5 545.2 554.1 564.4 569.7 578.8 588.8 601.3 597.4 582.7 573 563.2 555.5 549.5 544.1 540.4 534.7 531.4 527.3 522.6 519.9 520.8 519.2 520 518.6 521.2 524.8 528.7 531.4 534.4 535.5 536.9 537.2 540.3 537.2 532.5 528.5 521.4 519.2 514.8 512.9 506.4 501.9 500.2 498.3 489.2 484.2 480.8 476.6 475.5 478 474.4 471.9 464.4 459.3 448.4 431.5 418.7 406 396.3 382.7 369.9 358.9 350.8 347.2 345.4 340 335.1 333.1 330.1 326.3 321.1 317.8 312.5 307.7
514.5 521.6 527.1 531.2 539.1 548.2 558 567.4 571 578.8 593.1 598.1 590.3 580.9 575 565.7 559.4 552.8 544.5 540.6 535.2 533.7 526.2 520.5 518.8 516.5 516.2 516.4 516.7 518.8 520 523.1 527.9 527.2 533.2 530.6 532.2 534.7 534.9 526.8 524.7 524.6 521.4 519.4 514.5 509.3 503.8 498.6 492.3 485.6 480.4 474.7 473.5 474.6 469.8 467.3 464.3 460.1 449.4 438.1 427.8 416.1 399 386.2 374.4 362.9 351 343.6 343.1 340.3 334.1 327.6 320.4 314.8 314.3 312.1 309.6 306.6 304.6
518.6 526.6 532.3 537.2 541.6 548.2 556.2 569.1 572 575.7 586.6 589.1 586.2 579.4 570.8 563.3 560.7 552.1 544.6 539.2 532.2 529.6 524.4 520.4 516 514.1 511.6 512.8 511.7 512.2 516 517.6 518.3 522.3 524.8 525 524.7 525.7 529.2 525 526.1 525.6 521.6 517 512.6 508 502.1 496.5 492.5 487.8 480.2 476.2 471.5 464.5 461 459.8 456.5 454.6 440.9 428.6 416.8 406.3 394 380.6 364.5 352.7 341.9 340.1 338.2 335.1 329.7 322.9 318.3 314.7 310 306.8 294.1 285.6 282.4
527.2 532.7 538 543 546.7 552.4 558.4 565.9 570.1 573.6 580.1 581.5 580.8 572.5 563.8 558.1 553.1 548.3 544.5 535.5 527.5 524.6 521.2 517.3 514.5 514.2 509.3 505.9 507.2 506 509.3 512.1 514.4 516.5 517.3 520.6 523.1 524.4 526.9 526.7 526.7 524 520.1 515.9 510.5 505.1 503.3 499.1 491.8 486.5 480.3 477.8 471.7 465.8 460 454.2 458.7 447.6 432.6 419.7 408.7 399.3 387 372.5 357.8 344.5 334.6 334.5 333.4 330.9 325.4 319.5 317.8 314.9 309.1 303.3 280.4 302.8 291.6
534 538.5 542.6 545.5 551.3 553.9 556.3 561.2 563.6 569.3 575.1 576.6 579.7 569.7 558.9 552.8 550 545.9 540.3 534.5 527.9 521.7 514.2 515.1 514.4 509.3 506 502.4 503 504.1 506.8 508.5 511.4 514.1 515 517.3 517.1 519.5 523.1 524.8 524.8 522.8 519 515.1 512.2 509.7 504.3 498.2 493.6 487 482.6 478.6 471.7 464.4 459.3 454.8 448.7 436.3 424.3 409.9 400.5 392.2 378.2 364.7 352.4 341.7 333.4 329.3 331.1 329.2 324.4 318.1 314.3 309.8 305.6 295.4 282.8 303.2 302.9
544.1 544.9 547.5 548.5 553.4 552.3 552.7 557 558.3 562.2 568.6 572.1 572.2 560.3 551.8 547.6 545.3 543.5 536.8 530 524.6 519.8 515.3 514.3 514.3 506.8 502.4 499.7 499.7 501.9 501.7 505 504.4 505.8 508.6 512.9 513.7 516.2 518.5 519.4 517.7 518.5 516.8 516.3 513.3 508.6 506 500.7 494.4 488.7 483.6 477.9 472.3 466.9 460.1 451.3 441.3 427.7 417.8 405 393.7 380.5 372 358.6 348.7 339.5 332.9 326.3 324.4 323.2 318.5 313.5 309.1 305.8 303.1 299 298.4 299 302.5
547.2 552.7 551.3 550.6 552 549.3 550.2 551.8 555.9 555.3 558.9 563.5 564.9 555.9 549.6 544.2 542 542.4 531 525.5 519.6 513.7 511.9 509.1 507 505.6 500.8 498.6 496.5 500.4 497.8 500 501.1 501.6 499.9 506.1 510.5 511.5 514 512.8 513.5 515.6 514.3 512.9 510.5 507.4 505.2 502.3 496.3 491.1 485.2 480.5 475.1 469.1 461 452.7 439.8 428.2 417 404.7 392 376.2 364.1 354.1 346.9 341.3 335.5 328.2 318.3 317.1 311.8 308.8 306 303.1 297.8 289.4 280.4 299.6 301.8
551.8 555.9 553.6 550.8 552 546.2 548.4 550.2 551.2 551.2 551.7 554.9 556 553.4 548.7 541.9 540.6 536 530 524.1 519.2 514 512.3 508.4 507.8 503.7 499.7 497.5 497.1 490.3 493 491.9 492.7 492.9 493.7 498.2 503.7 505 504 505.2 510.4 510.9 509.4 508.7 509.5 506.4 505.9 503 498.6 494.8 489.5 483.1 477.9 471 463 454.7 444.4 430.3 419.8 411.6 402.5 380.8 365.2 352.6 345.1 339.8 333.3 327.2 319.3 311.7 308.7 306 303.3 297.9 288.8 281.3 285.6 293.6 302.5
556.7 564.5 561.5 550.1 547.7 546.2 547.6 548 547.1 545.8 546.7 549 549.3 546.1 546.1 541.6 536.6 532.8 529.7 523.1 519.2 515.7 514.1 508 504.8 502.5 497.1 498 491 485.3 485.8 484.3 480.5 486.4 487.1 491.6 491.4 494.6 496.9 500.4 503.4 503.1 506.6 507.2 505.3 503.5 503.9 502.9 498.8 495.2 492.4 486.9 480.6 473.2 465.1 455.9 444.7 433.4 424.4 413 399.1 387.1 371.9 366 352.5 340.1 331.9 323.6 317.8 313.1 307.5 303.7 301.7 300.2 288.9 280.5 299.6 302.7 306.4
555.5 560.4 560.9 548.8 543 543.3 544.4 544.7 543.4 541.9 543.4 544.9 546.6 545.9 541.7 538.2 535 532 527.8 524.1 521.1 516 514 507.8 501.8 499.4 495.8 490.6 484.4 479.9 473.7 471.9 471 475.3 475.8 481.8 482.6 486.1 489.5 491.3 489.5 493.8 495 496.8 499.6 500.8 502.6 501.9 499.4 498 495.2 490.2 484.6 475.3 468.1 458.1 446.8 437.5 425.8 414.3 404.5 390.8 382.7 375.9 362.9 345.9 334.4 325.6 317.1 313.8 308 304 301.3 299.6 290.5 287.4 302.2 304.4 309.7
552.1 556.9 554.2 541.1 536.5 538.5 539.4 540.7 540.6 540.8 541.1 541.6 543.8 541.2 540.7 538.8 536.4 533.1 530.3 525.5 518.6 516.3 512.4 504.8 499.9 494.2 490.4 485.2 479.7 471.6 466.3 460.8 460.9 464.7 465 466 469.5 475.4 478.1 479.4 482.2 487.4 489.9 491.5 492.3 495.1 496.7 499.8 498.8 496 494.5 491.5 486.5 479.8 472.7 464.4 451.5 437.4 427.3 417 405.7 394.6 393.3 384.1 371.3 349.9 337.9 329.7 319.2 311.9 306.9 303.6 297.4 301.5 282.8 295.5 304.4 306.3 315.4
542.8 541.7 539.5 530.6 530.3 530.3 535.7 538.7 537.7 540 540.5 541.3 544 543.2 543.8 543.4 538.8 537.2 532.8 529.5 523.6 518.3 510.3 504 496.9 493.2 487.5 484.8 474.9 467.3 462.6 453.5 450.4 452.8 455.1 454.9 458 462.5 466.8 471 471.4 477.4 480 482.3 489 490.5 494 497 496.9 496.3 496.4 494.3 489.7 484.7 477.3 469.4 457.9 439.3 427.7 420.9 410.4 400.5 390.4 385.7 371.9 352.8 339.1 331.1 327.1 316.2 303.3 300.5 297.5 285.5 299.8 304 307.1 312.3 317.5
530.8 529.1 526.1 522.3 522.7 522.7 529.9 532.5 535.9 538.8 540.8 542.5 543.9 544.2 546.5 545.8 539 537.8 536.7 533.6 529.5 517.7 511.5 502.2 494.1 490 486.8 481.9 474 463 456.6 450.9 442.3 443.5 446.5 448.4 451 451.9 453.6 459.5 461.7 464.4 465.4 474.8 478.5 481.2 487.3 492.4 496.6 496.1 494.7 493.5 489.8 488.1 482 470.8 456.4 443.8 427.8 420 415 407.4 385.8 376 363.4 349.2 339.6 331.7 330.9 318.9 303.9 294.3 293.4 285.3 304.1 306.5 311.2 315.7 322.4
511.9 513.2 515.2 513.9 515.8 517.8 520.3 527.2 534.1 537.8 539.9 539.7 542 544.8 545.6 545.6 542.3 539 536.4 533.4 531 524.1 515.5 505.3 497.5 492.1 489.8 486.3 475.2 462.6 453.4 447.2 437.1 435.9 438.7 440.7 441.3 439.5 443.3 450.6 451.3 451.5 454.5 460.2 462.3 465.3 473.1 479.3 484.8 485.7 489 488.8 490.2 485.5 479.3 470.3 455.9 436.2 421.5 409.6 413.5 407.9 382.6 372.1 357.5 347.4 335 327.9 320 317.6 303.7 290.5 280.4 288.7 298.3 311.2 310 313.8 327.4
494.5 497.5 501.6 504.1 508.5 512.2 515 521.2 527.7 533.1 537.1 539.3 544 545.6 547 546.6 545.7 543.6 540.2 538.4 534.9 529.2 519.4 510.4 503.9 496.4 494.2 489.9 478.1 461.3 450.5 443.6 435.7 427.2 427.6 429.5 429.8 433.5 435.7 437 435.5 437.6 441.6 446.1 450.1 452.9 458.4 464.8 470.8 478.5 481.7 486 485.1 484.5 481.2 471.5 450 428 409.8 396.8 407.4 399.7 378.5 371.3 358.8 344.6 332.8 320.8 314.6 309.7 299.1 291.1 280.4 286.4 296.4 308.8 313.6 315.4 330.2
481.1 486.9 490.1 495.7 499.1 505.1 508.8 512.8 516.8 525.4 534 536.5 541.6 542.7 547.1 548.1 545.8 544.1 541.1 540.3 537.3 532.4 525.6 516.2 508.1 501.5 498.9 489.2 477.6 466 454.4 446.7 437.6 427.8 418.9 418.1 418.3 424.5 424.2 423.6 422.1 424.2 427.3 430.5 433.5 440.9 444.6 448.1 452.4 466.2 476.3 476.9 475 474.1 467 449.3 423.8 407 392.3 382.5 390.8 383.6 375.5 368.5 358.5 347.7 334.4 319.8 311.7 306.5 295.8 290.6 289.6 280.4 296.5 306.1 307.5 312.9 330.3
470.1 473.5 481 487.1 491 496.2 501.2 506.8 509 514.7 526.4 532.2 536.3 540.9 544.9 546.1 545 544 544.3 543.3 540.3 538.1 533.2 527.6 516.4 509.5 503.8 495.8 480.1 469.1 455 447.3 437.7 427.4 418.1 403.8 404.2 411.9 414.3 414.5 412.5 412.8 413 415.1 418.3 425.5 427.2 428.5 435.5 447.6 458.1 471.5 471.4 459.9 440.4 415.2 397.4 382.8 375.9 375.3 375.3 373.5 370.2 364.8 359.6 351.4 337.4 323.1 311.2 302.6 295.5 289.4 286.7 282.1 289 297.6 302.5 312.6 331.7
459 464.3 471 475.4 481.3 486.6 491.2 497.2 500.4 506.6 515.9 522.5 531.5 538.4 544.4 542.2 541.4 541 543.2 543.2 541.8 539.8 543.7 545.7 533.3 513.5 506.8 491.1 477.2 465.3 454.5 446.8 436.7 428.2 417.6 406.6 396.5 398.8 402.1 402.7 400.2 395.6 396.4 397.3 400.5 403.5 405.2 414.3 417.1 422.5 427.3 448.6 459.3 447.2 417.7 392.6 378.8 371.2 369.5 368.8 366.1 362.8 360.1 357.8 354.3 347.4 336.8 324.4 311.1 302.8 294.6 285.5 280.4 280.4 287 292.8 296.5 309.4 330
450.2 455 460 467.3 472.7 476.5 480.3 484.4 487.7 493.4 504.3 516.7 527.6 539.7 544.7 533.1 538.6 538.4 539.4 540.9 541.6 544.6 554.5 551.8 519.9 502.7 494.4 485.8 473.9 461.4 452.9 445.2 436.7 426.4 418.1 406.3 395.2 387.4 392.3 391.7 387.6 384.8 385.8 382.3 387.5 389.9 391.7 399.3 400.5 403.6 403.4 409.3 412 397 384.9 369.2 369.1 364.1 361.3 358.9 356.3 354.6 352.9 350.2 348.3 342.7 333.8 320.9 307.5 298.6 290.3 285.5 280.4 280.4 280.4 285 293.6 306.3 325.9
443.6 448 452.4 456.1 463.1 466.2 470.3 476.6 482.4 489.9 498 505.7 518.8 525.1 529.9 523.2 523.9 529.8 533 537.4 540.6 543.5 548.9 531.7 511.6 500.7 491.1 480.3 469.3 458.2 447.4 442.1 436.3 425.4 414.8 404.4 393.4 383.7 380.3 382.2 378.3 374.2 372.9 379.2 382.1 381.1 381.8 384.3 384.1 383 381 379.6 377 370 363.6 365.1 362.9 360.3 357.7 353.6 350.5 349.4 347.9 345.7 342.7 338.5 330.1 318.4 305.9 294.9 287.8 280.4 280.4 280.4 280.4 286 293.1 305.3 324.8
438.5 439.8 442.5 446.2 450.8 456.3 461.4 467.3 473.7 481.8 488.7 493.2 502.4 508.6 516.9 516.7 519 524 524.9 530 542.4 525.8 516.1 518.6 501.8 492.3 483.9 472.6 461.8 452.5 443.8 438.8 433.6 422.2 411.4 401.2 391.1 384.3 370.1 371.4 367.8 364.1 367.8 372.4 373.9 373.4 372.6 369.9 368 368.4 367 360.7 356.8 356.3 358.5 359.6 358.3 354.3 351.1 349.8 346.7 346.3 345.2 342.1 338.6 332.9 324 314.4 303.2 291.1 280.4 280.4 280.4 280.4 280.4 280.5 290.3 302.6 324.6
431.6 432.5 435.7 440.1 444.2 449.8 453.5 461.2 462.1 463.2 471.8 478.6 485.5 496.4 502.8 506.4 508.5 514.4 513.5 520.9 516.2 509.7 502.9 501 494.5 485.4 476.2 465.3 456.6 448.2 441.6 435.1 425 413.9 404.9 395.5 386.3 380.5 372.8 363.8 357.1 357.7 358.7 362.4 364.8 364.3 362.7 359.4 355.4 353.8 352.8 349.8 347.1 349.5 353.9 353.4 350.1 346.6 343.5 343.4 342.2 342 342.8 339.2 335 327.2 318.2 309.2 297.4 284.7 280.4 280.4 280.4 280.4 280.4 280.4 290.3 300.2 319.6
430.9 435.4 435.5 438.7 441.2 443.1 444.9 446.5 449.6 453.3 458 463.6 470.3 476.4 483.9 491.6 498.2 502.5 500.2 502.2 493.9 495.1 483.5 484.6 479.5 473.3 466.6 459 450.8 443.7 438.2 429.2 418.8 408.6 399.2 390.7 386.6 383.8 379 369.3 358.6 347.6 349.3 352.8 355.8 354.8 353.2 349.9 347.1 343.8 342.7 341.5 341.2 342.5 344.8 344 340.4 338.1 335.3 336.3 335.6 334.9 335.9 332.6 328.6 321.8 313.2 303.8 294.6 284.7 280.4 280.4 280.4 280.4 280.4 280.4 284.9 296.2 312.4
432.6 433.2 434.6 436 438.3 440.6 441.4 442 443.5 444.9 449.5 454.1 459.3 465.6 472.1 481 486.2 480.3 477.8 477.1 477.9 475.4 471 468.4 466.7 462 455.4 450.6 443.6 435.3 429.1 421.5 410.7 403.9 394.5 391.7 388.5 385.2 379.6 369.5 359.3 348.5 340.9 343.2 346.3 345.5 344.1 341.6 339 335.5 331.4 334.1 335.5 336.7 338.5 336.4 332.7 329.4 330.2 330 329.1 328.3 328.2 323.7 319.9 314.7 308 298.4 288.8 280.4 280.4 280.4 280.4 280.4 280.4 280.4 280.4 287.7 306.8
435.6 436.3 435.1 434.7 435.1 436.2 437.5 439.2 440.7 441.4 442.6 445.8 448.7 452 456.4 460.1 462.9 464.6 463.4 466.5 466 466.9 466 464.8 462.2 458.7 454.5 450.1 444.1 435.6 427.8 416.8 407.4 402.2 397.6 394.1 389.5 385.6 379.4 368.7 358.1 349.2 341.3 336.1 335.9 337.1 335.4 332.8 331.4 329 326.5 327 329.2 331 329.7 326.1 323.9 323.1 322.8 323.1 322.4 320.5 319.2 316 312.8 307.4 301.1 294.9 286.4 280.4 280.4 280.4 280.4 280.4 280.4 280.4 280.4 280.7 297.6
445.2 441.7 440.8 439.9 438.5 438.1 437.7 437.8 439.6 439.7 441 442.9 445.6 448.2 451.2 457.2 455.9 456.9 458.4 461.5 463.3 464.3 465 462.6 461.8 460 456.8 453.1 448.5 444.2 439.5 422.8 413.8 408 402.2 397.3 391 385 379.2 370.5 360.2 351.6 344 336.1 328.6 328.8 328.1 326.8 325.4 323.3 322.5 321.6 322.8 323.5 318.8 318.9 318.6 317.9 317.7 318.2 316.3 312.6 312 309.6 305.7 300.5 294 289.6 280.4 280.4 280.4 280.4 280.4 280.4 280.4 280.4 280.4 280.4 289.8
456.7 453.2 450.5 449.5 447 444.3 442.9 442.6 442.9 441.9 441.5 441.5 443 445.8 447.6 450.6 452.2 453.8 454.9 458.6 460.7 461.8 462.9 463.1 462.6 461 458.7 455.2 453.7 460.4 447.1 426 418.3 412 406 399.6 392.7 385.4 378.9 372.5 362.1 354.7 347.2 338.9 331.2 324.2 325.1 323.2 321.4 319.5 318 317.6 319 317.3 316.2 316 315.3 313.5 302.6 314.1 286.3 285.1 304.5 304.1 291.8 294.3 286.2 287 280.4 280.4 280.4 280.4 280.4 280.4 280.4 280.4 280.4 280.4 287.4
470.8 467.7 465.7 461.4 458 454.9 452 450.2 449.5 447.3 446.1 445.3 445.7 446.1 445.7 448.2 449.5 450.8 453.1 456.5 459.7 462.5 463.2 462.9 463.8 462.2 460.5 459.4 466.7 468 452.4 429.6 420.3 414 407.8 401.6 394.3 387 380.9 375 366.3 359.2 351.3 343.1 334 326.1 321.2 320.6 318.7 316.8 315.3 314.6 314.9 312.7 312.6 311.7 305.2 306.7 307 287.7 309.1 308.2 295.9 303.3 296.9 287.3 286.4 280.4 280.4 280.4 280.4 280.4 280.4 280.4 280.4 280.4 280.4 280.4 283.1
488.7 485.4 480.4 475.5 472.2 468.4 462.9 461.3 456.4 453.3 452.3 450.3 448.6 448.4 447.7 447.5 449.6 452.1 454.7 456.6 460 461.9 462.6 463.6 464.9 464.2 464.1 465.8 473.2 476.8 459.2 436.2 422.4 415.2 408.5 402.5 396.4 389.8 383.9 378 371 361.7 352.1 345.8 337.6 329.7 322.8 318.2 316 314.1 313.5 313.8 313.1 311.5 306.4 290.5 280.4 280.4 303.8 311.5 312.4 310.9 310.3 309.2 308.8 304.3 295.5 282.3 283.2 280.4 280.4 280.4 280.4 280.4 280.4 280.4 280.4 280.4 286.2
505.5 500.8 494.5 491.1 486.6 481.5 475.5 471.4 465.9 461.8 458.8 457.8 453.4 452.5 450.6 450.5 451.8 453.5 456.4 459.7 463.5 464.6 465.7 467.1 468.4 467.8 469.9 475 483.5 486.1 460.1 437.5 426.3 419.1 411.1 405.1 399 393.9 388.2 381.3 373 363.6 354.2 345 338.7 332.8 326.2 319 315.7 315.2 317.3 315.9 313.4 311.4 310.4 287 310.7 308.3 314.3 319.1 319.1 320.9 320.6 317.8 315.8 312.2 308 300.4 285.7 280.4 280.4 280.4 280.4 280.4 280.4 280.4 280.4 280.4 287
519.8 513.5 508.1 505.2 499.8 494.8 487.3 483.2 476.8 472 467.3 462.8 459.7 456.1 454.9 454.3 455.1 457.6 459.5 463.5 467 468.2 469.4 471.3 472.3 471.6 476.7 481.2 484.1 493 476.1 448.5 432.7 420.8 415.3 410 403.7 397.8 391.4 384.3 375.4 365.7 356.4 348.2 338.7 334 326.2 320.2 317.2 317.4 316.4 315.2 313.7 312.5 312.3 312.6 317.1 319.2 320.9 324.8 328.8 330.3 330.2 325.1 323 319.5 314.7 311.4 299.5 290.8 280.4 280.4 280.4 280.4 280.4 280.4 280.4 280.4 291
529.3 526 519.8 514.3 507.4 502.4 498.1 490.9 485.6 481.4 475.9 469.1 465.8 461.9 460.5 459.1 459.8 461.7 464.5 467.5 470.6 472.6 474.2 477.1 478.6 478.2 482.5 486.5 491 495 484.2 455.5 438.3 426.6 420.1 414.6 407.5 399 392.4 384.6 376.5 367.3 358.4 349.8 341.2 332.1 325.5 321.1 320.2 318.4 316.1 313.8 313.1 314.4 318.8 322.9 322.3 326.5 327.1 337 337.5 332.4 335.1 337.5 333.7 331.2 330.6 326.3 314.5 307.8 297.3 283.8 280.4 280.4 280.4 280.4 280.4 280.4 280.4
542.9 544.6 531.4 522.3 513.2 507.7 502.1 496.7 492.2 487.8 484.1 477.1 472.9 468.6 467.9 466.7 467.8 470.4 471.2 473.5 475.6 479.4 479.8 484.2 486 486.9 488.7 489.3 494.9 494.3 480.1 460.8 448.5 436.7 428.7 419.7 409.4 400.2 390.8 382 373.2 363.2 355 346.6 337.8 333.6 327.2 323.5 321.5 317.4 311.5 311.9 314 319.2 324.6 325.5 327.6 333 337.7 345.5 343.3 343.2 347.4 348.7 346.7 346.3 344 338.3 329.1 323.8 315.4 296.8 291.3 280.4 280.4 280.4 280.4 280.4 280.4
