data/220000-860000.asc
ncols 200
nrows 200
xllcorner 220000
yllcorner 860000
cellsize 50
[rows 0 to 33 of 200, columns 78 to 155 of 200]
582.6 568 548.9 538.8 539.2 542.9 545.6 548.3 552.2 558.1 562.3 566.3 570.2 571.1 571.6 571.3 569.2 566 561.4 554 545.4 536.2 527.9 518.7 509.9 501 491.3 484.8 476.3 471.5 467.3 463.5 459.3 458.2 457.3 456.7 454.3 453.7 453.5 453.4 452.4 452.5 450.3 449.3 447.1 446.1 443.3 443 443 441 443 444.8 445.9 447.7 448.6 449.3 451.9 452.5 460.2 465.3 468.5 473.5 479.5 486.8 491.6 496.8 501.4 506.9 511.7 517.1 521.1 523.5 526.1 529.6 535.9 540.9 547.8 553
567.4 549.9 540.6 537.2 542.9 545.8 549.6 553.2 558.7 562.4 566.5 572.1 576 577.2 576.5 575.2 574.1 570.9 566.1 559.4 550.5 541.5 532.8 524.5 516.9 507.5 498.4 490.4 483.3 478.2 471.9 467.7 464.1 461.2 458.8 458.2 456.1 452.8 451 449.2 449 449 446.1 443.2 442.3 440.9 438.7 438.2 438.6 440.3 439.9 442.1 441.9 443.5 445.1 447.8 450.6 454.6 463.6 467.5 472.5 480.1 485.3 492.5 499.1 503.7 508.9 514.4 520.9 525.9 530.4 534.7 539.2 544.5 550 555.6 561.6 566.1
551.8 542.5 537.2 537.2 542.3 546.8 552.9 557.2 562.8 567.2 572.2 577.5 581.8 583.3 583.3 581.7 579.9 576.5 571.9 564.8 556.5 547.6 538.9 530.4 522.5 515.3 505 497.3 490 483.7 478 473.9 469.3 467.5 464.8 461.3 457.3 455.1 452.1 449.8 448.7 444 441.4 438.5 437.2 436 435.4 434.8 436.5 438.7 437.8 436.6 435 438.1 442.1 446.8 447.2 459.1 465.5 469.8 476.8 483 487.8 496.8 504.7 509.9 514.8 519.5 527.5 533.4 539.3 544.3 550.1 556.3 561.5 568.4 573.6 576.8
539.9 537.2 537.2 539.2 543.4 547 553.8 561.1 567 571.3 577.3 582.8 587.9 590 590.3 589.4 586.8 583.2 577.3 570.3 563.2 555.2 546.6 537.7 528.9 521.1 511.4 503.3 496.4 490.5 484.4 480.4 475.4 471.3 467.5 463.7 459.4 455.6 451.7 449.1 447.1 445.3 443.4 440.1 436.6 434.7 431.7 431 432.1 432.8 432.7 430.7 430.4 434.6 437.7 440.5 451.3 459.9 465.1 473.7 478.9 485.9 491.2 499.3 507.4 514.6 520.8 526.5 533.4 540.7 546.9 552.5 560 566.8 573 578.2 582.4 586.6
537.2 537.2 537.2 539.6 544 549 557.6 563.9 570.6 577 582.5 588.4 592.3 595.8 597.4 596.2 594.8 591.6 584.8 577.5 570.6 562 552.8 544.3 535.8 526.6 518.1 510.2 502.7 496.8 490.5 486.2 480.9 475.8 471.5 466.5 462.5 459 455.1 450.7 447 443.1 440.2 435.4 432.6 430.5 425.8 426.1 430.2 428.5 427.1 425.8 424.7 428 431.4 440.8 451.5 458.5 466.7 475 481.2 488.8 495.1 502.3 511 518.8 525.5 532.6 540.3 548.2 554.4 560.7 568 574.9 580.2 585.8 589.7 593.1
537.2 537.2 537.2 537.2 542.9 551.2 559.3 566.2 572.9 579 586 592.2 597.7 603.8 607.2 605.4 604.1 601.1 595.4 587.1 579.1 570.4 560.9 551.8 542.4 533.8 524.5 516 507.4 502.1 496.3 491.9 487.3 481.6 474.4 472.6 467 461.1 457.8 453.5 448.6 443.6 441 437.8 433.4 429 423.2 424.2 425.8 422.5 420.3 420.2 420.3 423 430.9 442.2 450.3 457.6 466.7 476.4 484.8 491.4 498.5 505.3 514 521.7 528.8 538 546 553.3 560.6 567.4 574.1 580.6 585.9 592.1 596.2 598.5
537.2 537.2 537.2 537.2 540.2 550.3 558.4 566.7 575.2 582.7 590.2 595.4 601.9 611.7 616.7 617.4 618.3 615.4 608.5 598.7 589.7 579.8 570.7 559.7 549.1 540 528.8 519.2 513 507.4 501.7 495.8 492.3 487 480.5 474.9 468.7 465.8 460.4 456.2 451.2 444.4 439.9 434.7 430.4 426.2 421.8 421.6 418.5 416.2 415.3 415 414.5 421 430.4 441.9 446.9 456.2 465.6 474.8 485.3 493.4 500.3 506.7 515 524.5 533.3 542.3 549.3 556.4 563.5 571.1 577.2 583.3 589 595.9 599.5 600.4
537.2 537.2 537.2 537.2 537.2 546.2 555.4 567 577.9 587.1 593 600.2 610.3 619.9 624.5 625.6 625.3 625.1 618.7 613.3 604 593.8 578.5 567.6 558.2 544 530.6 522.6 517.5 512.5 507.2 502 497.3 490.9 484.8 478.5 471.9 467 462.2 456.3 450.9 445.1 439.9 436.6 428.8 423.2 420.7 414.4 410.9 409.1 409.8 409.1 411.3 419.6 430.5 439.1 444.6 453.6 464 474.9 485 494.2 499.7 506.9 515.1 525 534.7 542.2 549.5 556.8 564.5 572.2 579.3 584.6 589.7 597 599 598.9
537.2 537.2 537.2 537.2 537.2 541.1 554.8 567.1 579.2 588 596 605.4 617.2 624.8 629 631.2 628.4 628.6 624.5 614.9 607.1 598.2 592.1 575.7 559.1 547.9 535.8 525.9 522.3 517 513.4 508.2 502.8 496.5 490 483.4 476.9 470.6 463.8 457.6 452.9 447.1 438 431 426.8 422.1 416.1 411.2 403.9 405.4 403.8 405 406.7 417.2 429.2 434.8 440.3 451.6 463.2 473.3 483 492.4 497.3 503.5 512.4 521.7 532.4 541.1 548.4 554.2 561.7 570.1 576.8 582.5 587.7 595.9 599.6 599.7
537.2 537.2 537.2 537.2 537.2 537.8 551.3 564.5 577.3 588.8 597.5 607.1 620.6 628.7 631.8 631 625.8 622 619 608.1 601.5 595.2 589 577.8 560 544.6 537.5 528.8 526.4 524.4 519.1 515.1 508.9 502.4 496.4 488.9 481.3 473.4 466.1 458.8 453.3 447.9 441 432.4 426 419.3 410.9 405.5 402 397.9 399.7 398 405.4 413.7 424.8 431 436.4 448.1 460.8 472 479.8 489.6 494.9 500.8 508.6 517.9 527.2 535.7 543.9 548.3 557.9 564.1 571.5 578.2 583.9 591.6 594.1 593.3
537.2 537.2 537.2 537.2 537.2 537.2 549.6 561.7 575.4 586 595.7 607.5 616.2 620.1 623.1 621.3 617 611.5 606.4 596.5 591.9 588.8 581.2 572.2 560.9 543.4 533.9 529.1 526.3 524.8 523.1 520.2 514.8 508.6 502.4 494.7 485.6 476.9 468.2 459.9 453.5 448.6 442.1 434.6 426.9 418.9 408.7 402.7 400.6 395.6 392.9 397.3 399.4 410.4 418.2 422.8 432.3 443.3 456.4 467.3 476.5 485.6 490.9 497.3 503.4 514.2 522.2 529.5 536.1 541.3 549.8 553.8 561.5 570.1 576.4 583.6 585.2 585.6
537.2 537.2 537.2 537.2 537.2 537.2 549.9 560.3 574 585.9 595.9 600.9 603.1 607.3 609.1 607.1 602.1 599.1 592.9 585.1 585.6 577.9 569.8 560.6 552.7 547.8 543.2 531.6 527 525 525 524.1 520.1 516.1 510.8 502.3 491.5 480.7 471.4 462.1 454.6 447.9 442.5 434.1 425.5 416.4 406.4 400.2 395.9 392.8 389.2 392.1 397.2 406.4 416.1 421.6 428.7 438.3 449.4 460.2 471.6 480.1 486.5 491.6 498.4 512.2 517.6 523.4 529.3 534.1 537.6 542 546.9 554.5 562 572.8 577.9 577.3
537.2 537.2 537.2 537.2 537.2 537.2 550.7 561.3 576.7 586.9 596.2 601.3 594.5 592.4 591.5 589.9 585.5 585 576.8 571.6 571.1 564.7 560 554.2 547 541.8 533.5 526.5 525.3 526.2 525.3 526.1 526.7 525.1 521.1 515.5 504.4 487.4 476 465.1 456.7 448.4 440.9 433.5 420.3 409.8 404.2 399.7 392.4 389.9 386.9 389.2 393.6 403.4 411.8 420.5 429 436 445 455 465.9 475.4 481.4 487.7 492.6 503 511.9 516.5 520.5 524.7 529.3 533.7 538 543 547.9 557 561.9 563.2
537.2 537.2 537.2 537.2 537.2 539.8 551.7 564.5 577.8 583.9 590.8 592.8 585.8 581 576.8 568.4 560.9 559.9 557.6 557.7 557.6 555.3 550.3 545.1 540.5 536.6 527.3 525.6 524.8 526.2 525.1 525.4 527.4 531.1 533.3 529.5 516.2 501.8 482.6 469.9 458 448.3 438 427.9 415.5 406.7 401.9 396.9 390.5 387.1 384.5 386.8 391.4 399.9 409 415.9 423.6 432.1 441.4 451.3 462 472.1 477.3 482.8 487.7 493.9 501.6 508.7 512.1 516.5 520.6 524.8 529 533.3 538.4 542.4 545.2 547.2
551.6 537.2 537.2 537.2 537.2 544.1 555.5 563.8 575.1 576.6 574.6 574 570.1 562.7 559.8 553 546.2 536.9 535.1 537 535.5 535.8 535.3 531.6 526.4 521.8 517.2 515.4 513.7 515.9 518.6 521.2 527.2 532.7 535.6 533.3 523.2 511.1 493.5 475.2 460.3 446.2 435.3 424.6 413 405.6 399.7 390.9 386.6 385.4 383.4 384.6 388.2 396.3 405.5 411.2 417.3 427.2 435.1 446.2 458.2 470.5 474.8 478.1 482.8 487.6 491.5 497.8 503.9 508.3 512.3 516.8 523.2 527.2 531 535.1 537.9 541.8
586.2 555.3 544.7 538.7 545.3 553.6 558.5 566.1 566.1 564.3 562.3 560.2 551.7 546 540.1 533.1 524.4 521.7 522.9 519.5 516.2 513.1 513.9 515.9 512.7 507.6 503.3 501.2 504.1 508.2 511.5 517.5 523 528.3 534.9 533.6 526.8 515.7 503 481.9 465.3 447.6 433.8 422.1 412.8 406.1 396.2 387.9 383.7 381.2 381.2 382.5 385.9 392.8 399.8 407.2 411.5 422.1 427.9 439.3 456.4 465 470.8 475.1 478.4 481.6 485.5 490.1 496.2 501.3 503.8 509.9 516.2 524 530.5 535.7 540 545.7
588.3 576.7 567.5 562.6 562.3 563.2 567.2 567.3 559.3 554.9 552.2 551 540.3 531.6 524.8 519.5 510.7 511.7 509.6 506.4 501.6 502.6 504.3 502.4 499.7 499 497.2 494.3 497.7 501.8 504.3 509.5 516.3 522.6 530.4 533 530.3 518.7 504.6 487.4 469 448.6 434.7 422.6 412.8 404.2 392.3 385.5 381.8 379.1 380.1 381.1 382.9 389.8 396.3 400.9 406.9 415.4 420.2 432.6 450.8 458 465.4 471.3 474.9 478 480.1 483.6 489.1 494.4 504.9 512.3 518.6 524.6 531 538.8 546.1 554.5
601.5 591.3 585.1 585.2 585.3 587.2 589.8 583.9 570.6 554.2 545.4 542.3 530.8 519.2 512.5 505.3 500 498.6 492.9 491.9 493.3 494.6 495.3 493.7 493.3 494.3 493.3 490.9 492.9 493.5 496.6 499.7 507.1 512.6 520.7 530 525.7 514.3 502.2 490.8 472.2 452.6 437.7 425.4 412.5 400.3 389.9 384.5 380.5 377.6 379.3 380.1 381.1 386.3 392.6 398.2 402.6 410 413.9 424.9 441.7 450.9 459.1 465.5 470.6 474.7 476.6 484.5 491.2 497.7 504.2 513.8 521.5 528 536.1 543.9 554 564.5
623.1 610.8 606.4 606.5 607.7 608 604.1 599.5 591.7 566.1 546.4 531.9 515.3 504 496.8 491.1 487.8 484.2 481.9 481.5 483.5 486.1 485.4 485.7 488.4 488.1 487.8 488.3 488 487.2 490.7 494.4 496.6 502.8 513.1 526.5 520.4 507.9 500.3 489.4 473.9 456 440.9 429.1 415.2 398.9 388.6 382.8 379 376.9 378.5 378.7 378.9 384.1 389.4 393.6 399.6 405.8 409.5 418.7 430.4 440.8 451 458.3 465.9 470.1 475.4 481.9 489.3 496.6 506.7 517.6 526.2 533.7 542 551.7 563 574.4
636.8 631.3 629.2 629.5 628.9 629.6 625 613.6 603.4 580.7 555.4 531.8 510.2 492.6 483.6 479.2 476.9 474.4 471.9 471 472.8 475.3 477.2 478.6 480.5 480.8 480.6 480.6 481.6 481.9 483.8 486.8 490.9 498.8 505.2 518.9 515.9 506.2 502.1 489.3 475.1 459.5 443.7 431.2 414.5 400 391.6 382.1 378.3 375.4 377.4 377.2 377.8 380.4 386.3 391.5 398.3 401.2 405.1 413.9 422.7 431.1 442 452.6 459.6 460.5 473 478.9 485.9 494.9 508.9 520.6 531.6 540.2 548.6 558.4 570.2 581.8
649.1 642.2 640.8 643.3 642.8 645.4 643.5 633.9 617.9 599.5 578.5 549.5 520.2 499.3 482.7 471.5 468.3 466.6 464.8 463.6 465 467.5 468.9 470.7 472.9 474.3 475.4 475.2 475.5 476.2 476.3 481.1 488.1 499.1 500.8 507.8 509.2 504.2 499.9 487.1 474.1 460.4 443.8 430 412.5 399.6 392.3 383.2 377.6 374.4 376.9 375.8 375.9 377.9 381.5 385.9 394 395.3 401 408.6 417.9 426.5 436.1 447.3 452.9 459.5 468.7 476.3 484.4 495 510.1 525.8 535.9 545.9 555.1 565.4 577.3 588.8
648.7 650.5 652.8 653.8 661.2 664.2 663.3 657 645.5 617.8 595.5 571.9 540.2 513.9 487.9 473.4 462.9 461.4 459.9 459.6 461.3 462.5 462.5 463.3 464.9 466.9 468.8 469.6 470 469.9 472 477.2 484.2 490.4 495.4 499.4 497.8 491.6 488.3 485.2 472.4 459.3 444.1 427.9 412.8 402 393.5 383.7 379.9 374 375.8 374.9 375.3 377 378.4 380.5 386.3 391.5 398.3 404.6 413.9 422.1 430.5 439.8 450.7 458.1 465.6 473.6 483.8 496.8 511.2 526 538.4 549.3 559.6 570 583.4 595.8
657.3 659.1 662 669.3 678.1 682.4 686.7 682.6 665.4 641.7 613.4 595.1 582.6 552.5 507.6 479.2 466.3 460.1 457.9 458.1 458.5 457.9 457.4 457.1 458.7 461.8 463.5 465.8 466.7 468.4 470.3 473.8 479.4 483.6 486.7 491.8 485.6 482.2 478.7 478.1 470 457.2 443.2 428 412.6 402.8 392.7 384.7 378.6 373.4 372.8 373.9 374.2 376.5 376.7 377.5 381.4 387.8 393.5 400.5 408.3 419.5 427.2 436.9 448.3 456.4 463.6 472.2 482.1 495 510.3 523.3 537.4 549 560.7 572 585.9 601.7
667.9 670.3 676.4 685.3 700 702.8 705 699.7 688.5 660.6 642.4 630.6 613.1 590.6 547.8 500 470.7 459.7 457.3 457.4 457.4 457.4 457.4 457.4 457.4 457.8 460.5 462.9 463.9 464.6 465.4 467.4 473 478.2 479.7 479.1 478 473.3 471.3 469.8 468.1 455.2 439.8 426.2 412.7 400.3 392.7 385.3 378.4 373.5 371.5 370.1 370.4 372.1 372.9 374.3 378.6 384.1 388.6 398.1 408.6 418.2 425.7 433.2 442.4 451.7 461.1 470.4 480.2 492.9 507.8 522.7 533.3 545.9 558.5 572.4 587.3 604
684.3 689 697 704.4 715.7 720.3 720.3 716.8 702.3 683.4 668.6 652.7 640.9 616.7 580.8 539.1 492.5 468.3 458.8 457.4 457.4 457.4 457.4 457.4 457.4 457.4 457.4 458 458.6 459.8 461.9 465.8 468.2 471.3 474.2 473.5 470.2 466.4 463.5 461.8 458.1 446.5 434.8 423.3 410.6 401.1 391.5 385.8 378.7 374.9 371.1 366.1 368.1 366.1 365.9 369.7 375.7 379.8 387.8 396.2 406.3 415.1 422.8 430.3 438 447.6 457.5 469.1 480 491.9 504.4 518 528.3 540.4 553.2 568.9 585.1 603.5
710.5 711.4 722.1 731.2 739.7 745.4 746.3 741.1 736.9 729.1 694.5 672 651.1 636.9 612.7 566.9 531.4 499.4 478.4 470.7 466.1 463.5 463.6 462.4 459.7 458 457.4 456.9 457.4 456.7 458 463.7 466.5 467.1 467.9 466.7 463.6 460 458.3 453.1 447.1 438.2 430.2 418.5 409.2 399.2 392.6 383.3 380.4 375.3 370 367.8 362.5 364 362.8 367.5 372.4 378.2 382.4 391 400.1 410.3 418.5 427.1 436 444.9 454.4 467.1 477.8 489.7 501 512 520.9 532.4 545.4 563.6 581.5 599.6
739.9 745.8 751.4 757 762.1 764.9 764.4 762.1 751.6 731.8 705.9 684.2 665.1 641.1 617.8 588.7 562 533.5 511.4 494.8 485.5 480.8 478.4 475.3 471.2 465.8 462.5 459.6 457.1 454.8 457.2 460.5 463 464.6 464.8 465 459.9 456.4 452.7 447.8 442.8 434.3 426.5 418.1 407.3 398.7 389.5 385.1 379.2 375 369.4 367.2 364.8 359.4 361.8 364.2 368.4 374.7 379.9 387.1 395 403.8 414 424.7 433.3 441.9 451.5 462.9 475.1 484.8 494.3 503.9 511.7 523.1 537.8 555.9 575.6 594.2
769.6 771.7 774.8 775.8 778.8 780.3 781.2 779.1 770.3 743.3 713.4 697.2 682.6 664.6 644.3 615.6 590 568.7 547.8 531.5 511.9 503.7 499.7 497.4 493.4 485.6 474.4 464.6 459.8 457.2 455.3 458 459.9 462.3 463.4 460.5 456.8 452.8 448.3 444.8 438.5 431.6 424.5 417 407.2 397.4 389.1 384 382.3 375.7 370.5 368.8 362 358.5 359.3 361.4 364.3 370.1 377.2 383.8 391.1 399.7 409.9 422.1 431 439.4 448.2 458.9 468.6 478.5 487.3 495.5 502.8 514.4 530.2 548.7 568.1 584.9
786.1 789.5 792.9 797.1 800.6 802 801.4 799.6 791.3 761.9 736.3 712.4 699.4 692.5 681.8 662.6 635.1 613.7 591.3 571.8 552.5 537.1 528.1 527.9 521.2 513.5 504.8 482.8 466.5 458.9 453.1 453.3 455.7 456 457.2 456.6 452.3 449.2 445.8 441.3 436.7 429.6 423 416.4 407.6 398.9 390.6 385.6 382 379.4 369.4 362.6 359.7 357.2 354.9 357.9 361.9 365.5 371.8 377.6 387.4 395.7 405.1 417.5 427.5 436.3 443.9 453.9 463.5 472.3 481.7 489.3 496.3 504.4 521.5 542.7 558.6 576.1
796.9 802.8 808.2 813.2 817.9 821.4 823.3 821.4 816.6 783 744.3 724.5 710.3 700.3 694 689.9 680.8 671.2 655.1 615.6 592.7 585.6 567 562.8 552.4 537 516.8 501.4 479.7 464.1 454.9 448.5 450 451.6 451.8 451.9 449.5 446.5 443.3 439.9 435.6 430.3 423.3 415.6 408.3 402.5 392.7 387.4 380.1 374.5 368.6 363.6 358.8 355.6 352.9 358.3 361.3 363.4 368.3 376 382.9 391.4 400.9 413 422.9 431.8 440.8 449 456.9 465.5 474.7 482.6 490.3 497.7 511.8 533.1 550.5 567.1
805.4 812.8 819.8 825.8 831.9 836.5 839.7 839.6 836.2 819.3 777 740.5 720.6 712.4 704.9 697.8 693.2 692.8 695.4 692.4 668.5 653 636.9 613.9 586.3 567.8 543.3 521.2 502.3 482.8 463.2 449.2 442.8 445.4 448.6 448.4 447.8 445.1 442.3 439.3 436 430.8 424.7 416.8 409.6 403.5 394.9 388.6 381.1 374.6 369.9 365.4 361.6 356.1 354.5 353.9 360.1 360.3 364.4 372.8 378.9 387.2 396.1 407.5 418 427 436.3 445 452.5 459.9 468.2 475.5 482.7 491.3 502.9 524.2 540.5 557.3
811 821.1 829.1 837.9 844.6 852.3 854.9 855 852.3 845.7 830.7 798.8 770.5 749.9 741.4 737.9 738.3 737.5 733.2 726.8 714.2 698.9 677.6 644.4 613.5 589.2 573.4 542.3 518.9 505.1 479.5 455.9 443.7 440.6 443.8 444.5 445.2 443.7 441.1 438.2 435.2 431.5 425.3 419.2 412 404.9 397.1 389.2 382.7 376.8 371.9 367 362.9 358 352 354.3 351 355.8 361.5 368.9 376.1 384 391.9 403.2 413.2 422.2 432.5 440.7 448.4 455.6 462.5 469.4 476.2 482.9 495.1 513.2 532.4 550.3
815.6 828 839.3 851.2 861.2 867.4 870.2 873.8 868.5 864.3 856.4 842.7 831.3 827.1 818 807.5 799.2 791.5 777.5 754.5 734.3 711.7 692.2 667.8 633 606.2 581.9 558.5 532.7 517.4 504.9 476.8 447.9 439.8 440.8 443 442.7 442.8 440.4 436.8 433.7 430.4 425.4 418.7 413.5 406.8 397.9 390.4 383.8 377 373.3 368.5 363.4 358.1 356.7 347.6 347.6 352.3 358 363.8 371.8 377.8 387.9 399.6 407.3 416 427.3 436.4 444.3 451.2 457.4 464.4 472 478.7 488.1 504.2 524.6 543.4
818.8 833.2 846.8 862 873.1 879.5 883.6 881.4 877.9 872.4 862.8 845.8 837.8 831.4 819.3 809.8 805.6 793.8 776.4 754.1 728.7 707.1 678.8 668.2 644.4 619.4 595.3 571.4 550.8 530.9 517.9 494.5 462 443.4 440.2 439.6 441 442.2 439 435.5 431.8 428.2 424.8 419.9 413.4 406.2 399.4 391.6 383.5 377.5 372.7 368.2 362.6 361.3 360.2 352.4 345.8 348.1 353.6 359 364.6 371.6 382.2 394.2 401.4 410.4 422.4 432 440.3 448.6 454.6 461 468.5 475 485.3 499.6 516.5 535.6
