data/220000-220000.asc
ncols 200
nrows 200
xllcorner 220000
yllcorner 220000
cellsize 50
[rows 140 to 174 of 200, columns 79 to 157 of 200]
136.4 131.2 126.6 123.8 117.3 108.5 102.5 100 97.8 88.8 76.6 77.1 82 85.5 88 90.4 92.8 94.7 96.8 98.8 100.5 103 106.6 109.9 114.4 119.4 125.3 131.9 136.8 140 143.2 146.2 148.9 151.5 154.2 157.8 161 163.1 163.1 159.2 150.5 136.3 109 90.6 58.6 50.9 44.5 40 38.9 40.9 43.5 45.2 46.9 50.5 59.8 77.8 96.6 117.1 132.1 147.1 157.6 158.8 157.9 156.4 150.5 148.7 149.5 151 156 159.9 162.3 164.3 166.3 168.3 169 169.7 169.3 170.8 171.9
138.8 136.8 133.4 127.8 122.5 115.7 109.7 112.1 108.9 99.7 81.7 74.4 78.9 82.9 85.3 87.8 89.4 91.3 92.7 94.9 96.7 100.1 103.6 108.5 112.3 117.5 123.7 129.3 133.1 136.2 138.7 140.7 143.5 146.2 148.9 151.5 154.2 156.4 157.3 154.9 148 137.7 118.1 99.9 66.2 56.1 43 39.2 38.5 41.9 43.5 45.8 48 55 73.6 94.9 116.8 135.2 151 160.9 163.4 163.5 162.9 161.7 158.8 153.2 149.4 147.4 148 151.9 155.1 157.9 160.6 163.5 164.6 165 166.2 166.4 167.1
140.8 139.3 135.4 131.4 127.2 121.5 116.4 117 116.1 111.3 95 76.2 74.5 79 82.6 84.5 86 87.6 88.4 91.4 95.5 99.3 102.8 106.5 109.4 114.7 120.1 124.8 128.4 131.3 133.2 135 137.3 140 142.7 143.9 146.5 148.4 148.3 146.4 142.1 133.9 115 94.1 65.8 52.7 40.8 38.8 38.9 41.7 43.7 46.2 51.8 65.8 86.9 110.8 132.9 152.6 161.8 166.1 167.9 167.5 166.5 165.2 163.4 159.5 151.9 146.3 143.5 145.1 146.9 149.5 152.9 157.3 160.5 160.7 161.8 161.7 161.6
141.5 140.8 138.5 135.1 131.6 127.6 123.8 121.7 119.3 115.9 109.5 91.4 75.4 74 78.9 80.5 82.2 83 87 91 95.1 97.7 101.3 103.7 106.9 111.1 114.9 119 123.1 125.9 128.1 129.7 131.5 133.7 136 136.9 137.9 139 137.7 134.6 130 119.9 103.7 81.9 60.6 44.8 43.2 39 39.4 41 42.9 47.3 57.1 78.5 101.4 123.7 146.9 158.4 164 168 169.6 170.3 169.6 167.8 166.1 163.3 157.4 149.3 142.3 140.2 140.3 141.5 145.9 150 152.1 155.6 156.8 156.9 156.8
142.4 141.5 139.5 137.5 134.5 130.7 128 124.3 121.1 116.8 110 102.7 86.7 73.7 73.8 76.5 77.1 84.5 87.4 90.6 93.8 95.9 98.7 100.8 103.5 106.9 109.6 113.3 117.4 121.7 124.4 126 127.4 128.8 129.1 129.6 130.8 130.4 128.8 126 118.9 109.1 87.9 67 53.1 54.7 50.2 42.4 38.6 39 42.6 48.6 69.6 91.7 115.1 131.7 147.8 157.9 164 168.2 170.7 172.1 172 171 168.4 164.5 160.3 154.2 144.5 137.3 134.8 135.9 138.4 144.6 147.4 149.8 151.7 152.3 151.4
142 141.8 140.8 138.6 136 133.5 130.3 125.9 122.2 116.4 109.2 101.1 92.9 80.5 70.4 73 79.7 83.6 87 90.2 92.3 94.2 95.7 97.6 99.7 102.7 105.3 108 111.8 114.2 120.4 123.2 124.1 124.7 125.4 125.5 125.5 125 122.1 118.1 109.8 89.8 70.8 57.7 62.4 67.1 53.5 42.5 36.9 38.1 43.7 57.2 80.5 97.7 113.5 129.7 145.2 156.5 163.6 167.8 170.5 172.6 173.5 171.9 169 165.5 161.6 157.1 151 141.4 133 130.2 132.8 138.3 141.9 144.2 146.1 147.1 147.1
140.6 140.6 140.9 139.8 137.6 135.4 131.9 127.9 123.2 117.9 110.2 99.6 88.7 79.7 71.9 71.5 77.3 81.8 85 88.2 90.7 91.7 92.5 93.1 95.8 98.1 100.8 104.1 106.4 111.3 115.7 119.8 120.8 121.1 121.6 122.2 122.9 121.8 118.8 113.2 97.1 76.1 69.5 74.1 77.5 68.4 52.3 42.4 36.5 37.8 47.1 63.7 80.2 93.4 106.9 123.2 140.3 153.8 162.4 167.1 169.4 171 170.9 169.9 168 165.5 161.9 157.8 153.6 146.6 137.7 128.7 127.2 132.7 135.7 138.8 140.3 141.6 142.2
138.2 139.6 140.5 139.9 138.7 136.8 134.2 130.5 126.2 121.7 116.3 109.2 104.4 91.6 76.5 69.4 73.6 79.3 83.6 85.9 87.9 88.6 88.6 89 91.8 94.9 97.6 100.1 104.2 107.5 110.6 115 117 117.2 117.4 119.7 120.5 119.8 115.5 103.7 98.6 93.9 91.7 93.5 86.2 68.9 51.5 40.1 36.4 40.8 51.1 61 71.7 85.2 99.5 114.8 132 148.9 158.7 164.7 167.9 168.7 168.6 167.6 166.1 164.1 161.6 157.8 153.7 148.4 141 131.3 123.8 127 131.7 133.3 134.3 136.2 136.7
135.9 137.8 138.6 138.9 138.3 137.4 135.2 132.6 129.7 125.2 123 119.1 109.3 98.5 85 70.6 70.4 77.2 81.6 83.3 84.6 84.4 84 86.1 88.3 91.5 93.8 97.7 101.3 104.2 107.2 110.3 110.8 107.9 114.5 117.7 120 121 119.6 117.6 114.1 110.7 109.1 105.8 89.5 70.1 52.1 37.2 36.5 42.7 52 56 63.3 73.7 88.1 103.5 121 141.3 154.3 162 166.2 166.9 166.7 165.3 164.1 162.4 160.3 156.6 153.3 148.1 142.8 134.4 123.9 120.6 124.4 126.4 128.5 129.6 130.6
134 135.6 136 136.6 136.8 136.5 136 133.9 131.3 130 129.5 125.7 118.2 107.1 91.4 76.4 67 73.4 77.9 80 80.8 80.5 80.4 82.8 87.4 88.1 91.9 95.8 98.4 100.9 104 105.3 102.4 104.1 113.4 117.4 121.2 123.6 125.2 125.3 124.2 121.7 119.7 115.1 95.5 71.6 53.9 37.7 35.4 40.9 45.7 52.6 56.8 64.6 77.7 92.8 110.3 131.2 150.4 159.6 163.7 165 164.5 163.2 162.1 160.7 158.8 155.8 152.5 147.7 143 137 127.2 118.2 115.2 118.6 121.8 123.9 124.3
130.6 131.9 133.2 134.4 134.7 135.1 135.8 135.2 134 133.1 132.7 131 125.8 118.4 107.1 87.9 70.9 67.5 73.6 75.8 76.5 76.2 78.2 82 83.2 84.6 89.1 91.5 94.3 97.5 99.4 99.3 100.3 107.3 113.2 116.9 120.7 124.3 126 126.5 127.7 127.1 124.5 119.6 105.3 78.2 58.2 40.5 36.1 35.5 40.7 44.3 50.9 59.7 67.8 81.8 99.3 121.2 144.2 155.8 161.2 162.8 162.4 161.2 160 159 157.7 155 151.8 147.3 141.3 134.1 125.5 118.2 113.8 108.5 113.3 117.9 118
127.5 129.9 131.7 132.8 134.5 135.3 135.9 135.8 135.4 135.5 135.2 133.4 129.9 123.9 115.6 100.3 79.9 68.2 68.2 70.9 71.8 74.8 77 79.9 81.6 82.4 85 87.3 89.8 91.9 93.1 89.7 98.4 103.5 108.5 114.5 118.4 122 125.2 128.1 131.3 130.1 127.7 124.9 120.6 96.7 70.7 52.3 39.2 35.5 35.6 37.3 43 50 60.1 73.2 89.8 109.8 135.9 151.5 158.5 160 160.3 159 157.8 157.1 156.5 154.5 151.3 146.2 139.1 133.6 127.5 124.9 118.9 110.9 105.4 109.7 113.3
124.2 127.7 131.5 133.2 135.5 137.2 138.1 137.9 137.2 137.1 136.6 134.8 131.7 126.7 120.4 111.1 93.5 76.2 65.4 67 67.3 73.7 75.7 76.8 77.8 78.1 80 82.2 84.3 85.4 86.4 85 92.6 97.7 103.8 109.2 115.4 120.9 124.3 128.5 131.6 133 131.1 129.2 126.9 116.8 96.7 73.8 57.6 42.7 35.1 35.5 35.4 42.1 51.2 64.5 81.2 102.9 126.4 147.1 154.9 156.2 156.4 156.1 155.9 155.5 155.2 154.1 151.9 147.4 143.5 139.9 135 130.6 124.5 117.1 107.4 101.4 105.8
125.6 129.8 134 137.8 139.4 140.1 140.7 140.7 140.1 138.2 137.1 134.9 132.7 128.7 123.9 116.9 107.2 88.4 71.1 64.8 69.2 71.7 72.9 73.9 74.7 74.5 75 77.3 77.9 79.1 79.8 81.2 88.5 95 102.3 108 114.3 119.6 123.4 127 130 133.2 133.8 132.7 131.1 127.1 114.9 95.8 77.3 60.7 44 34.3 35.1 35.8 43.8 55.8 73.4 94.1 117.8 143.3 151 153 153.5 153.5 153.8 154.1 153.9 153.6 152.4 149.6 147.5 143.8 139.5 134.1 128 122.1 115 102.9 96.8
127.7 132.3 136.3 139.1 140.9 141.1 140.8 141.3 139.3 138.7 136.6 133.7 131 128.8 125.4 119.5 110.8 99.5 83.3 65.9 66 69.7 70.5 70.6 70.8 71.2 70.9 71.1 72.5 74.3 77.6 85.1 92.5 98.1 105.7 111.5 114.3 117.7 121.6 125.4 128.7 131.6 133.3 133.8 132.3 129.6 126.1 116.2 99.7 78.6 59.2 37.8 34.1 35.2 36.2 47.4 64.7 86.2 109.5 136.4 145.3 149.7 150.6 151.2 151.5 151.8 152.4 152.8 152.2 151.4 149.2 146.2 142.8 137.4 131.5 123.4 114.6 107.9 99.6
131.3 134.3 137.2 139.1 140.5 140.2 139.6 139 136.6 135.9 134.3 132.1 129.2 126.2 123.3 118.1 110.6 101.8 90.8 74.8 62.2 65.6 67.5 68 67.4 67.1 68.3 71.2 74.7 77.2 77.8 85.4 92.4 98.2 104.2 108.7 109.9 114.8 120.1 123.6 126.2 128.4 130.6 132.3 132.1 130.6 128.6 126.1 120.3 92.7 72.8 50.9 33.5 34.1 33.8 40.7 56.5 78.8 103.2 128.8 140.4 145.7 147.9 148.7 149.1 149.5 150.8 152.1 151.9 152 150.4 149.4 146.4 143 138.1 131.2 124.2 118.6 111.4
134.2 135.5 137.2 138.9 140.1 139.2 138.4 136.5 133.8 132.2 130.4 128.6 125.3 122.5 119.1 113.9 107.5 100.1 90.9 81.6 66.8 63.2 65.2 65.7 63.7 68.3 73.7 77.8 80.3 81.9 82.2 83.8 87.2 92.2 98.9 100.8 107.1 113.4 118.5 121.1 122.7 124.4 126.1 127.6 129.1 129 127.2 124.2 117.9 99 80.8 61.6 41.6 32.8 33.8 33.5 48.2 70.6 95.5 121.3 134 140.8 143.7 144.2 146.7 147.8 149.4 150.9 151.6 152.5 152.4 151.4 150.1 147.8 143.8 139.5 135.2 129.6 122.6
136.8 138.1 139.4 139.7 139.7 138.9 136.9 134 130.6 127.8 126.3 124.5 122.2 118.1 113.1 108.6 102.5 96 88.9 80.6 73.1 63.1 62.5 62.6 66 71.5 77.6 82.7 86.1 88 87.7 89.4 92.3 96.3 98.9 103.7 107 112.5 114.8 118 118.9 119.7 120.8 121.8 122.5 122.5 122.8 119.3 113.8 101.8 85.8 67 49.3 32.9 33.6 33.3 40.3 64.4 90 112.5 127.5 134.4 138.6 144.6 143.4 145.9 147.7 149.5 151 152.6 153.8 154 154 152.2 148.6 145 141.8 137.1 130.1
138.6 140 140.8 140.2 139.6 138.9 135 131.2 123.9 119.8 120.8 120 118.4 115.5 110 104.9 98.7 92.2 84.5 78.4 71.6 65.9 61.1 62.2 67.8 72.7 78.8 85.9 89.7 93.5 94.3 96.5 99 102.9 105.7 107.7 110.1 112.3 113.4 114.4 114.1 114.7 114.1 115.1 115.5 113.5 112.6 111.1 108.4 102.1 88.7 68.6 49.6 38.7 32.4 33 32.3 56.9 84.7 104.6 118 127.1 132.8 136.1 140.1 143.1 145.4 147.8 150.5 152.5 154 155 155.1 154.2 151.7 148.8 146.7 142.4 136.1
139.4 140.6 142 142.1 140.9 137.9 133.9 127.7 115.3 110 112.4 112.1 112.3 111.6 107.8 104 98.6 93.3 87.6 81.7 76.4 69.5 60.1 61.8 69.2 78.4 83.8 88.4 94.2 98.6 102.5 108 108.5 108.4 110.2 110.9 112.1 111.8 112.8 111.1 109.6 110.3 110.6 108.4 107.7 105.1 102.3 100 97.4 92.8 79.7 64 48.4 39.1 30.7 32.5 32.4 48.5 76 94.9 109 118.6 126.2 130.2 133.6 137.4 142.6 146.6 149.4 151.8 153.7 155.4 155.3 154.5 153.4 150.5 148.3 145.1 138.6
139.4 141.6 142.7 142.7 141.5 138.4 134.4 127.4 115.4 101.8 95.1 95.2 100.5 103.8 103.2 101.1 97.2 92.5 87.1 81 75 67 59.4 63.8 77.2 85.9 92.3 97.7 102.4 107.7 111.8 114.9 115.9 115.1 115.2 113.5 112 111 109.8 107.7 105.1 104.7 104.5 102.3 100.1 97.9 93.7 90.1 86.2 79.5 68.2 55.2 45.2 39 33.3 32.4 32.2 42.6 70.6 87.2 100.9 111.2 119 114.7 122.2 129.8 139.1 145 148.4 150.7 152.3 153.9 154.5 154.6 153.9 152.1 149.4 145.4 140.5
141.3 142.9 143 142.4 140.5 137.3 133.3 126.4 116.7 104.4 96.4 89.6 84.9 91.4 95.7 96.1 94.6 91.6 86.4 79.5 71.6 61.3 59.3 65.7 80.5 91.7 101.2 109.7 117.2 120.8 121.2 121.6 120.9 119.9 118 115.7 112.2 110.1 107.5 104.4 98.6 98.9 98.3 95.5 92.7 90 85.3 80.4 76.2 69.3 60 50.1 42.9 38.4 33.5 32.9 30.8 42.6 67.9 81.4 94.1 103.4 111.2 94.4 103.4 113.6 135.9 144.4 148 150 151.6 153.2 154.3 153.9 153.3 151.5 149 146.3 141.8
141.3 143 143.2 141.6 139.3 135.8 131.9 123.9 115.5 109.8 103.7 96.4 85.6 77.1 81.9 89.2 89.9 88 84.3 76.7 64.9 60 63.2 68.9 79.8 94.8 111.6 122.6 127.9 130 128.8 128.1 124.8 122.4 119.4 116.5 113.1 106.6 103.7 101.5 97.6 86.5 90.5 86.9 83.5 81.4 77.2 72.3 67.1 62.3 55.8 47.6 41.3 37.6 33 32.6 32.2 48.9 65.1 75.9 85.8 94.9 91.7 81.3 92.1 114.1 134.4 143.3 147.7 150.1 152 153.4 153.8 153.1 152.5 151 148.6 145.6 141.4
137.8 139.4 140.3 139.1 137.3 134.4 130.3 125.3 120.6 115.7 110.6 104.7 94.3 81.9 71.7 72.1 74.3 78.5 77.7 67.2 58.6 58.2 65.8 71.9 81.7 101.5 120.2 130.6 136.2 138.4 137.1 133.3 128.5 125.1 121.5 118 113.4 106.4 99.1 96.4 92.8 87.9 82.7 79.6 76.5 72.3 70.8 65.6 61 55.8 51.2 45.2 40.3 37.1 32.3 31.7 34.2 50.3 62.2 70.7 78.1 86.2 76.3 79.4 94.8 118.1 133.9 141.6 146.3 149.5 151.6 153.2 153.4 152.7 151.9 150.1 148.1 144.5 140.2
131.3 133.7 134.4 134.1 133.2 130.5 127.8 125.1 120.5 115.6 111.6 107.7 102.6 93.5 82.6 73.4 63.6 64.6 63.7 59 56.6 61.9 69.2 78.5 92.9 111.7 129.2 138.4 144.7 147.1 144.6 140.2 134.2 128 124.3 120.6 113.7 104.2 93.7 90.4 86.6 79.1 70.3 71.6 69.3 66.3 63.7 60.7 56.4 52 47.4 43.4 40.9 36.7 31.8 31.4 37.8 48.8 57.7 65.7 71.8 73.1 71.5 81 100.9 121.7 131.9 138.6 142.9 146.5 148.9 150.5 151.7 152.1 150.9 149 147.3 144.2 139.8
124.7 126.3 127.1 127.8 126.8 124.9 123.2 121 117.5 114.1 110.2 105.8 101.7 97.3 92 85.3 76.4 64.5 56.6 56.5 60.6 66.1 74.9 85.4 103.9 125.9 140.8 147.5 153.2 153.2 150.7 146.5 141.4 131.3 127.4 121.8 115.1 106.1 89.1 82.9 72.9 62.8 58.9 59.7 62.5 61.1 59.2 56.5 53 49.1 45.4 42 39.9 36.3 31.9 30.1 33.3 45.8 53.7 60.5 65.5 63.1 68 86.6 107.8 121.6 128.9 135.2 139.1 142.4 145.6 148.1 149.9 150.1 149.6 148.4 146.7 143.6 140.4
117.5 118.9 117.9 120.4 120.1 118.6 117.3 115.8 113.4 110 106 101.4 97.1 92.6 89 83.7 71.1 60.1 57.6 60.3 64.6 69.9 81 98.9 118.4 138.9 149.6 154.2 157.6 156.9 153.9 150.1 145.5 136.9 129.4 123 116.5 106 92.1 80.7 67.2 66.3 63.2 55.5 53.8 55.6 54.6 53.5 50.4 46.5 43.3 41 39.4 37.2 31.2 30.4 31.7 41.9 48.9 55.5 54.3 62 77.8 96.1 111.1 120.3 126.5 131.6 135.6 139.2 142.8 145.2 146.5 148.1 147.4 146.2 145.3 142.3 139.3
109.8 111.9 112.6 112.2 113.4 112.3 110.8 109.1 107.4 104.5 100.4 95.5 90.5 86.6 82.7 70.8 58.4 56 59.5 64.1 71.2 78.5 88.5 107.8 129.5 141.5 150.3 154 156.4 155.8 150.8 146 141.9 136.5 127.8 116.5 101.9 86.2 76 73.6 73.8 81.4 75.9 64.8 57.6 47.4 48.9 50.1 49.1 45.7 42.3 39.6 39 36.9 30.6 30.4 31.1 33.7 38.7 45 56 70.9 87.9 101.5 110.5 117.9 122.9 127.6 131.8 135.9 139.4 142.6 144.4 145.5 145 144.7 143.7 141 138.4
100.8 102.6 104.8 105.9 105.8 104.9 103 101.3 99.3 97.5 93.4 87.2 81.1 79 70.1 58.8 56.2 57.3 62.4 71.5 80.1 95.2 104.5 111.3 129.4 141.2 148.5 152.8 154.3 151.7 146.9 141.2 135.4 128.5 118.1 102.5 86.2 88.1 95.9 103.2 106.3 101.6 93 81.6 70.4 60.4 51.7 43.7 42 41.4 39.4 37.4 37.3 36.2 30.6 30.7 30.5 37.1 46.2 57.3 69.6 80.4 90.9 99.2 107.6 113.7 119.2 123.7 128 131.9 135.8 139 141.5 142.5 141.8 141.5 141 140.1 138.1
91.1 93.2 95.6 97.5 98.3 97.3 95 93 90.7 88.9 85.8 79.3 67.6 62.2 57 55 55.3 61.8 72.6 83.4 97.2 109.9 119.5 120.4 129.2 139.2 147.3 151.7 152.8 151.2 146.2 138.4 130.2 119 109 93.6 98.8 108.1 116.7 120.5 120.5 115.7 109.2 100.3 91.3 79.6 68.3 57.7 50.5 45.3 42.4 39.5 35.1 32.4 30.4 30.2 30.7 38.2 48.6 59.9 71.1 80.8 88.9 96 102.4 108.3 113.9 118.9 123.2 127.2 130.3 133.5 135.4 137.9 138.4 138.1 137.7 137 136.1
80.7 82.3 84.7 87.5 90.7 90 88.2 84.9 81.4 78.2 73 64.7 57.8 55.8 53.7 55.2 60.5 70.7 84.1 96 107.7 118.4 128.5 134.9 137.7 141.2 145.5 150.2 152.2 151.8 149.1 141.3 131.9 120.9 110.5 102.8 114.1 121.4 124.1 126.4 126.8 123.9 119.7 115.2 107.6 98.5 86.3 76 66.9 58.4 51.2 45.7 41.1 36.5 31.8 29.9 30.9 38.4 47.1 57.5 68.4 76.9 84.4 90.8 96.9 102.2 107.3 112.1 116.9 120.3 123.9 126.5 128.9 132.6 133.1 133.4 132.8 133 132.4
69.3 70.9 73.3 76.9 83.7 84.1 82.2 77.4 71.4 64.8 57.5 55.3 54.3 53.6 58.1 59.9 65.9 74.9 87.1 101.6 112.3 122.7 131.6 138.6 142.5 145.4 147.2 148.8 150.1 151 149.2 145.8 138.1 131.2 124.6 114.9 120.3 125.2 129.6 132 132.1 129.4 126 122.4 117.9 112.2 104.2 94.7 85.4 76.7 67.1 59.1 50 40.9 33.1 30 31.3 39.2 47.4 57.4 65.1 72.7 78 83.8 89.4 94.2 99.7 105.4 110.2 113.9 117.1 119.7 122.1 124.5 126.1 127.2 127 126.4 126.7
59.7 62.5 66.4 73.8 78.1 78.7 76.3 71.3 62.6 56.3 53.6 52.7 53.7 61.1 69.4 63.8 71.6 87.8 94.5 100.4 112.7 123.5 131.8 137.7 142.8 145.6 146.7 147.6 148.7 149.2 148.4 147.4 142.2 135.1 128.9 123 121.6 126 130.7 134.5 134.4 132.2 129.9 127.5 124.7 119.9 115.6 109 102 92.7 81.5 71.4 59.8 46.6 33.9 29.3 29.9 39.1 49.7 55.3 62 67.4 72.5 76.9 79.8 86.1 90.6 96.7 103.6 108.1 112 114.1 116.3 117.5 119.1 119.3 117.7 117.7 116.9
52.9 55.3 63 69.3 73.5 74.3 70.8 65.5 55.8 52.4 51.7 54.3 66.4 75.4 80.2 68.4 73.1 93.8 102.8 110.3 116.7 125.5 131.5 136.8 141.1 143.6 145.1 145.5 145.9 146.2 146.6 146.3 144.2 138.2 131.3 124.7 124.2 125.9 130.5 133.3 133.6 132.9 131.1 129.5 127.2 124.4 122.4 118.2 111.8 104.3 94.3 82 67.6 52.6 36.7 28.4 29.6 35.3 49.1 55.9 61 66.7 69.1 70.6 72.4 75.8 80.4 90.3 97.6 104.2 108 111.4 113 112.9 113.7 112.3 110.2 108.7 107.9
60.7 52 53.9 64.4 67.3 67.4 64.7 58.1 51.1 51.2 57.8 69.1 78.9 83.4 86.2 78.1 75.2 96.4 106.2 113.8 120 126.2 131.4 135.7 139 141.4 142.9 142.8 142.6 142.7 142.9 142.8 141.5 138.1 131.4 127 123.3 125.9 129.8 131.4 131.5 130.9 131.6 129.5 127.2 125.5 123.5 120.9 116.7 110.9 103 90.4 73.5 56.2 39.5 27.7 29.2 33 46.3 53.9 58.5 58.6 54.7 61.8 70.5 79.3 87.2 92.9 98.4 102.8 106.9 109.8 111.4 111.5 110.6 109.4 106.1 100.5 95.6
