data/220000-960000.asc
ncols 200
nrows 200
xllcorner 220000
yllcorner 960000
cellsize 50
[rows 144 to 179 of 200, columns 0 to 80 of 200]
107.9 107.8 106.6 103.4 99.8 96.4 90.2 86.8 81.6 78.1 76 79.2 85.6 87.5 82.1 74.7 72.1 75.3 77.9 80.2 82.9 86.2 88.1 89.7 90.7 91.3 91.3 91.4 91.4 90.9 90.4 89.9 89.3 88.5 88.1 85.4 80.7 76.3 73.4 71 69.3 69.9 70.9 72.1 73.7 75.1 76.4 77.7 78.5 78.7 80.3 83.2 81.5 74.9 67.6 64.6 64.3 63.3 62.7 62.6 58.9 55.7 52.2 43.2 35.3 36.4 27.6 16.7 5.4 6.5 7 7.8 8.7 9.9 11.8 15.8 21.1 27.3 30.3 34.4 45.1
110.2 110.2 109 105.4 101.9 97.6 92.6 88 85.3 82.5 81.3 83.2 88.6 88.4 86.5 79.6 76.1 77.3 81 83.7 85.2 86.7 88.7 90 90.9 91.1 91.2 90.9 90 89.2 88.3 87 85.4 84.7 84.2 81.9 79.5 75.4 72.4 71.2 72.4 72.2 73.5 74.8 76.2 77.5 78.7 79.9 79.9 80.1 78.7 77.7 73.9 69.2 64.5 63.7 63.4 63.1 62.9 63.1 61.8 60.4 56.8 47 43.7 41.7 42.8 33.7 17.3 6.1 6.7 7.2 7.8 9.2 10.8 14.2 19.5 25.2 29.6 33.3 39.9
114.9 114.1 111.5 108.1 103.8 99.5 94.1 89.6 86.9 85 84.7 85.2 88.5 90.1 89.1 83.5 80.4 78.8 82.9 84.7 86.1 87.7 89.2 90.1 90.9 90.8 90.6 90.1 89.2 88.3 87.1 85.4 83.1 81.7 80.4 78.3 76.6 74.9 72.4 73.5 74 74.7 75.1 76.2 77.6 79.5 80.8 81.5 81.5 81.3 79.3 76.5 72.4 67.7 65 63.4 62.4 62.2 62.3 62.9 62.4 61.9 59 52.6 46.7 41.6 41.1 36.2 32.1 11.9 5.7 6.4 7 8.6 10.4 12.9 17.9 22.7 26.9 31.3 37.2
118 117.8 116 109.6 105.7 102.6 97.6 93.1 89.7 86.7 87 87.1 87.3 88.2 88.5 85.6 83 82.7 82.4 85.6 87.1 88.4 89.4 90.3 90.8 90.3 90.1 89.2 88.3 87.2 85.5 83.8 81.6 79.5 78.5 77.9 76.4 74.8 74.9 75.9 76.6 77.2 77.6 78 78.8 81.7 83.2 83.3 83.5 81.8 79.8 76.7 71.7 67.7 64.8 63.5 62.1 61.2 62.5 62.5 62.2 61.9 62.5 58.5 48 41.9 40.7 36.9 35.5 21.9 7 6.3 6.1 8 10 12.3 15.6 20 24.5 29 35.3
116 117 116.5 112.1 109.1 105.4 100.9 98.3 95.2 92.5 88.7 87.9 88.1 85.9 85.9 85.3 85.6 86 86.3 86.3 87.6 88.7 89.5 90.1 90.7 90.5 90 88.4 87.3 85.6 83.9 82.1 80.3 77.6 77.4 77.4 77.8 77.8 78.3 78.7 79.1 79.7 80.1 80.7 82.6 86 87.3 86 84.1 82 79.5 76.7 71.4 68.4 65.4 63 61.9 61 62.1 62.9 62 62.5 61 57.4 48.6 43.2 40.6 36.7 35 28.2 15.4 9.6 7.4 7.4 9.3 11.6 14 18.4 22.6 25.4 31.3
114.4 115.3 115.4 114 112.4 108.7 105.1 104.2 101.9 98.4 94.9 90.5 87.5 86 85.2 85.7 86.1 86.5 86.9 87.3 87.9 88.7 89.3 89.9 90.5 90.7 90 88.2 85.8 84 82.3 80.5 78.8 78 78.3 78.6 79 79.6 80.2 80.9 81.5 83.1 85 85.2 87.3 91.6 92.2 86.9 84.1 81.7 79.2 76.3 71.6 68.9 65.9 62.3 60.4 60.4 62.1 63.6 62.6 62.9 59.3 57.4 50.9 43.9 41.6 38.5 32.3 32.9 25.3 17.1 10.8 6.3 8.7 10.7 12.7 14.8 18.5 21.5 25.9
113.7 115.4 115.8 115 113.9 110.6 108.7 109 108.3 104.1 102.4 99.6 93.4 89.1 87.9 86.9 87 87.4 87.8 88.2 88.3 88.6 89.1 89.7 90.3 90.9 90 88.5 86.1 83.3 80.8 79.3 78.7 78.8 79.2 79.6 79.9 80.8 81.9 83 84.4 86.3 88.8 90.3 92 94.6 96 88.5 83.9 81.3 78.9 75.2 71.5 68.9 65.5 62 58 58.1 59.6 62.4 61.8 61.2 58.8 57.9 54 43.1 40.3 38.3 33.2 37.1 34.9 24.7 15.6 12.1 7.7 9.2 10.7 12.3 14.9 18.7 24
115.2 116.5 117.1 116.7 115.2 113.1 112.1 112.6 109.6 110.8 109 107.4 103.2 95.3 91.4 89.5 88.1 88.5 88.9 89 88.9 89 89.3 89.8 90.2 90.7 90.2 88.7 86.4 82.6 80.5 78.9 79.3 79.6 80 80.4 81.2 83.3 86.8 86.9 86.8 89.1 92.4 93.3 94.1 95.7 94.4 88 84.3 82 78.7 74.6 71.4 68.9 66.9 62.5 57 55.5 56.2 57.2 56.2 55.4 57.1 57.1 53.5 45.1 40 37.1 33.6 35.5 38.3 33.2 21.1 16.3 13 9.4 8.7 10.5 12.9 16.2 21.4
119 119.5 119.1 119 117.6 115.9 115.5 114.6 113.2 114.1 114.4 113.7 110.9 102.1 96.5 92.9 90 89.6 89.8 89.6 89.5 89.6 89.6 90 90.5 90.7 90 88.7 85.8 82.4 81 80 80 80.4 80.7 81.8 83.1 85.8 90 92.6 91.9 91.9 94.7 96 96.8 96 93.5 88.3 85.7 83.4 80.1 76.2 71.5 68.2 66.3 62.6 55.7 53.9 54.3 52.5 50.7 50.9 52.4 54.4 50.6 45.2 40.4 37.3 37 36.7 36.7 39.4 26.6 22 17.7 13.5 10.5 10.7 10.1 14.8 19.5
124.1 123.9 123.5 123.1 122 119.7 118.6 117.2 115.8 116 115.9 113.9 108.7 103.8 100.6 97.2 93.8 90.6 90.3 90.1 90.1 90.2 90.2 90.3 90.7 90.2 89.8 87.8 85.3 83.6 82.1 80.6 80.2 80.7 83.3 84.8 85.9 88.5 92.7 96.9 98.7 98.3 98.3 98.7 98.7 97.2 94.8 90.6 87.4 84.6 81.1 77.5 72.1 67.6 63 59.3 55.3 52.8 51.7 49.5 47.3 45.6 46.1 45.4 44.3 41.3 39.5 39.7 39.3 38.7 37.3 37.6 33.9 26.9 24.2 21.3 14.8 13.2 12.2 10.7 17.9
126.8 127.1 126.8 126.5 124.8 123.4 121.6 119.6 118.1 118 116.1 112.4 107.7 105 102.3 99.2 96 92.6 91.5 90.7 90.7 90.7 90.8 90.7 90.3 89.7 89 87.8 85.6 83.8 82.3 81.2 80.5 82.2 85.4 87.6 88.9 91.8 95.4 98.7 101.5 103 102.6 101.3 100.6 98.7 95.9 92.6 89.1 85.5 81.7 78.8 75.3 69 65 61.4 56 52.5 50.8 50.8 49.6 47.8 44.2 42.6 41.7 40.6 42.2 42.9 41.7 40.5 38.7 37.7 36.5 32.1 29.5 25.8 20.7 15.5 14.7 13.1 15.1
129.4 130 129.9 128.7 126.8 125.5 123.6 121 119.5 118.5 116.8 112.6 108.7 106.2 103.4 100.7 97.8 94.7 92.7 91.3 91.2 91.1 90.7 90 89.3 88.5 87.8 87.1 86 83.9 82.5 81.9 81.2 81.3 83 86.3 91.2 95 97.4 100.5 103.3 105 105.1 103.9 102.1 99.6 96.7 93.3 89.9 86 82.3 79.6 77 71.3 67.5 63.9 57.8 53.5 53.1 53.8 52.2 49.8 46.4 45 44.3 44.2 45.2 47.4 48 44.8 40.9 37.8 36.6 35.8 33.3 29.8 24.3 19.4 15.6 14 15.2
134.4 133.2 132.9 130.7 127.9 125.2 123.7 121.7 120.1 119 117.9 114.6 110.9 107.3 104.6 101.9 99.2 96.9 94.7 92.5 92 91.7 90.6 89.7 88.7 87.8 86.9 85.9 85.2 84.1 83.2 82.4 82 81.9 83 84.9 89.5 94.8 98.1 100.7 102.9 104.8 106 105.4 103.1 100 96.5 93.3 90 86.2 83.4 80.5 77.5 73.8 70.1 66.3 60.8 54.7 55.1 55.2 53.9 53.5 49.9 47.3 49 50 51.5 54.1 53.3 51.9 51.7 44.2 38.1 36.5 35.4 33.6 28.6 25.7 18.1 14.7 18.9
139.9 139.5 136.4 132.4 127.2 124.5 123.3 122.3 121.1 119.7 118.7 118.5 115.6 111.3 106.8 104.2 100.3 98.5 96.3 94.1 92.8 91.9 90.7 89.8 88.9 87.9 87 86.1 85.1 84.8 84.1 83.5 83 82.4 82.8 83.8 87.8 92.2 95.6 98.8 101.3 103 104.6 104.3 102.9 99.6 96.1 92.7 89.4 86.1 83.8 81.8 78.8 75.1 71.7 67.2 60.9 56 55.5 55.7 54.9 54 52.8 51.1 53.3 54.6 55.4 55.9 55.3 54.7 53.6 51.6 44.6 39.1 36.6 34.8 31.2 25.5 18.1 16.5 19.6
141.4 141.6 140.2 135.2 130 124.3 123.2 122.2 121.2 120 119.4 119.2 119.6 116.2 111.3 105.5 101.6 99.8 96.5 95 93.4 92.2 90.9 90 89 88.1 87.2 86.2 85.8 86 85.1 84.4 83.8 83.3 83.3 83.8 85.7 89.5 92.9 96.1 98.5 101 102.9 103 102.6 99.2 95.7 92.2 88.8 86.2 83.8 81.9 79.9 75.9 72.8 68 62.4 60.3 58.1 57.7 55.6 54.6 53.5 52.7 54.4 56.1 56.9 57.2 57.3 56.8 55.3 52.4 48.5 43.8 40.1 36 32.1 28 20.5 15.2 18.7
141.1 141.6 142.1 138.8 131.6 125.7 123 122.1 121.2 120.2 119.9 119 118.8 118.6 116.1 109.9 102.5 99.3 96.8 95.2 93.8 92.4 91.2 90.1 89.2 88.2 87.3 86.8 87 87.1 86.3 85.4 84.7 84.1 83.9 84.4 84.7 86.8 90.2 93.2 95.6 98.1 100.8 101.1 100.5 98.3 94.8 91.6 88.8 86.1 83.9 81.9 80.2 78.2 74.2 69.3 67.1 65.2 62.4 58.5 56.3 55.3 54.9 54.2 56 57.2 58.1 58.5 58.7 58.8 56.8 52.1 49.8 48.2 45.5 40.5 34.5 29.6 23.5 21.1 16.7
139.6 140 140.4 139.5 131.6 126.1 122.4 121.3 120.5 119.7 120.2 118.7 117.5 117 116.4 113.1 104.9 98.7 97.1 95.5 94.1 92.7 91.4 90.3 89.3 88.4 87.8 88 88.1 88.2 87.4 86.5 85.7 85 84.4 84.9 85.3 85.5 87.4 90.3 93 96.2 97.6 98.7 97.9 97.2 95 92.6 90.1 87.8 85.5 83.1 81.4 79.6 76.9 73.6 70.3 68.7 67.2 63.6 59.2 57.6 56.9 56.2 57 57.7 58.5 58.2 58.4 59 57.1 50.9 49.2 48.5 47.3 45.4 36.4 30.3 26.2 23 21
137.4 136.5 136 135 130.5 125.5 122 120.1 119.3 118.5 117.7 116.8 115.6 115.5 115.4 113.1 105.8 99.6 97.3 95.8 94.5 93.1 91.7 90.4 89.5 88.9 89 89.2 89.3 89.3 88.5 87.6 86.8 85.9 85.3 85.5 85.8 86 87.2 88.6 91.6 93.3 95.7 98.5 98.3 97.7 96.4 94.4 92 89.7 87.7 85.9 83.7 81.2 78.8 76.4 73.6 72 70.6 69.1 65.1 60 59.1 57.4 57.4 57.9 58.7 59.2 57.5 57.6 54.2 50.2 47.6 44.5 43.8 40.6 35.9 31.5 28.2 24.8 22
133.1 131.6 131 129.5 125.1 122 119.9 117.1 116.1 114.9 114.2 113.7 113.2 113.2 113.4 112.2 107.2 100.7 97.6 96.2 94.8 93.4 92.1 90.7 89.9 90 90.2 90.3 90.5 90.5 89.6 88.8 87.9 87.1 86.2 86 86.2 86.4 87.5 88.8 90.6 93.3 96 98.7 98.6 98.1 97.4 95.5 94.5 92.6 90.8 89 87.7 85.1 82.3 79.4 76.1 74.7 73 71.4 70.2 64.9 61.1 58.8 58.4 58.7 58.7 59 56.6 54.8 52.6 49.3 46.1 42.9 40.1 37.4 34.4 31.3 28 25.5 24.9
128.2 127.2 124.7 122.6 119.4 117.2 115.3 113.6 112 111 110.2 109.7 109.8 108.8 108.9 108 106.3 100.9 97.7 96.2 94.8 93.4 92 90.8 90.7 91 91.2 91.5 91.6 91.6 90.7 89.9 89.1 88.3 87.6 86.9 87 87.1 88 89.6 91.4 93.7 96.4 98.8 99 98.7 98.5 96.8 96.3 95.4 93.5 92.3 92.2 90.3 86.9 83.7 79.3 76.3 74.6 73.3 72.7 69.6 66.1 63.2 59.5 59.3 58.9 58.1 56.2 53.2 49.5 47.7 44.5 41.3 38.5 35.9 33.1 30.1 29.2 28.7 26.6
122.8 121.3 119 117.4 115.3 113.3 111.4 109.7 108 107.4 106.3 106.3 106.4 105.6 104.4 103.8 102.2 99.8 97.8 95.8 94.4 93 91.8 91.4 91.3 91.5 91.8 92.1 92.4 92.7 92.4 91.6 90.9 90 89.2 88.7 88.6 88.6 89.3 90.4 92.2 94.5 96.8 98.6 99.5 99.6 99.5 98.6 98.2 97.8 96.4 96.1 95.6 94.9 91.7 89.1 83.8 78.8 76.3 75.4 74.3 72 68.1 66.5 64.9 61 59.4 57.9 54.3 49.9 46.9 45.7 42.9 39.6 36.8 34.5 31.7 31.4 32.5 32.7 27.2
114.7 114.4 111.8 111.2 110.9 109.5 107.5 105.8 104.3 103.1 101.6 103 103 102.3 101.1 100.1 99.4 98.5 97.5 95.4 94 92.8 92.4 92.1 91.9 92.1 92.4 92.7 92.9 93.3 93.7 93.3 92.4 91.5 91 90.4 90.1 90.2 90.9 91.7 93 95.3 97.5 99 99.8 99.9 100.3 100.2 99.7 99.3 98.9 98.6 98.4 98.1 96.3 93.5 91.3 84 78.8 76.7 75.8 73.3 69.4 67.3 65.2 63.8 62.3 55.8 52.4 50.3 46.7 43.9 41.3 41.7 37.6 34.3 34.5 33.8 33.2 32.2 30.7
105.1 105.3 104.5 104.1 103.9 103.1 102.1 101.7 100.3 98.2 97 98 99.3 98.6 98.5 97.9 97.2 96.4 95.9 95.1 93.8 93.4 93.1 92.7 92.4 92.7 92.9 93.2 93.5 93.9 93.9 93.7 93.9 93.2 92.7 92.2 91.7 91.8 92.5 93.4 94.4 96 98.2 99.4 100.1 100.6 101 101.2 100.9 100.5 100.1 99.8 99.5 99.1 98.2 96.4 94.2 89.3 83.7 79.6 76.6 74 70.7 68 65.6 62.6 59.4 55.8 53.4 53 47.2 45.8 44.5 43.2 40.4 37.9 35.6 34.7 33.9 32.5 31.5
99 98.1 97.4 96.4 95 93.9 92 92 92 92 92 92 92 92.2 96.1 95.7 95 94.2 94.2 93.9 94.3 94 93.6 93.5 93.2 93.2 93.4 93.7 94.1 94 93.7 94 94.4 94.2 94 93.8 93.5 93.4 94.3 95.1 96.1 97.4 98.6 99.8 100.9 101.4 101.7 101.9 102.1 101.7 101.3 101 100.7 100.1 99.2 97.8 95.9 91.9 88.5 84.3 79.8 75.6 72.3 67.6 64.6 61.5 57.2 54.9 50.9 48.4 48.6 49.4 48.3 46.2 43.3 40.2 36.5 35.3 34.4 33 31.7
95.9 94.6 92 92 92 92 92 92 92 92 92 92 92 92 92.2 95.1 94 93.5 93.5 94.3 94.9 94.9 94.9 94.8 94.2 93.7 93.9 94.3 94 93.8 93.6 94.1 93.5 94 94.3 94.6 95 95.5 96.1 96.9 97.8 98.9 99.6 100.4 101.5 102.2 102.4 102.6 102.8 102.8 102.4 102.1 101.6 101 100.1 99 97.1 93.9 91.4 87.8 83.5 79.3 73.9 68.8 64.4 60.6 56.4 54.5 52.1 51.5 51.6 52.3 51.2 49.7 47.5 43.2 38.9 35.9 34.9 33.7 32.4
95.2 92.5 92 92 92 92 92 92 92 92 92 92 92 92 92 95.3 94.4 93.5 93.5 94.5 96.2 96.2 96.2 95.8 95.2 94.7 94.3 94.3 94.4 94.4 94.4 93.5 94.4 95.9 96.5 96.9 97.3 97.8 98.5 99.1 99.5 99.8 100.6 101.4 102.2 102.9 103.1 103.3 103.5 103.7 103.6 103.2 102.6 102 100.8 99.3 98 96.2 93.7 90.9 87.6 83.1 77.3 71.7 65.1 63.9 62.1 59.1 57.7 56.2 55 55.6 54.1 52.6 51.1 46.8 42.5 38.4 36 34.5 33
94.8 92.6 92 92 92 92 92 92 92 92 92 92 92 92 92 92.5 94.6 95 95.6 96.6 97.6 97.6 97.8 97.9 97.9 97.3 95 94.7 94.7 94.7 94.8 95.1 96.1 97.6 98.6 99.2 99.6 100.1 100.8 101.1 100.9 100.8 101.4 102.2 103 103.8 104.2 104.3 104.4 104.6 104.7 104.2 103.6 103 101.7 100.5 99.1 97.3 95.5 93.4 90.6 86.2 80.2 72.8 71.1 69.7 69.6 68.2 64.4 61.6 60.1 58.5 57.2 55.8 54.5 50.3 46.1 42.1 38.6 36.5 34.5
94.6 92 92 92 92 92 92 92 92 92 92 92 92 92 92 94.4 95.9 97 97.7 98.7 99.6 100.3 101 101.9 101 98.6 96.4 95.3 95.1 95.3 95.6 96.8 97.9 99.1 100.1 101.1 101.9 102.4 102.6 102.5 102.4 102.3 102.2 102.9 103.6 104.3 105.4 105.5 105.7 105.8 106.4 105.3 104.7 104.1 103 101.8 100.1 98.3 96.5 94.7 92.3 88.5 81.5 81 76.7 74.7 74.8 76.2 73.5 68 65.3 62.6 60.6 59.2 57.6 54.1 49.6 45.5 40.8 37.7 35.5
93.9 92 92 92 92 92 92 92 92 92 92 92 92 92 95.1 97.1 98.5 99.4 100 100.7 101.6 102.4 103.8 107.5 104.4 103.4 101.3 98.4 96.8 95.9 96.9 98.3 99.9 100.9 101.9 102.8 103.8 104.3 104.2 104 103.9 103.8 103.6 103.6 104.1 104.9 106.3 106.7 106.9 107.7 108 106.6 105.8 105.3 104.3 102.9 101.1 99.3 97.6 95.7 93 87.7 87.5 86.9 82.4 78.6 77.3 78.5 79.3 75.6 71 67.9 64.4 62.3 59.6 55.8 51.9 47.6 43.1 40 36.9
92 92 92 92 92 92 92 92 92 92 92 92 92 96.1 98 100.2 101.7 102.4 102.8 103.1 103.9 104.9 107.5 109.3 108.8 108.3 106.8 104 102.4 100.2 98.9 100.3 102.1 103.1 104.1 105 105.6 105.6 105.9 105.8 105.6 105.5 105.3 105.2 104.6 105.4 106.9 108 108.1 110.4 109.5 108.3 106.9 106.4 105.5 104 102.2 100.3 98.4 96.4 94.1 87 91.6 90.2 86.4 84.2 82.2 80.5 80 77.8 75.4 71.8 68.3 65.8 62.8 58.8 54.1 49.2 45.3 42.2 39.1
92 92 92 92 92 92 92 92 92 92 92 92 95.3 99.3 101.7 104 105.5 106 105.9 105.7 105.9 107.3 109.5 111.3 112.4 111.5 110.5 110 107.9 105.5 103.2 102.8 104.2 105.3 106.3 107 107 107 107.2 107.6 107.4 107.2 107.1 106.9 106.2 106.1 107.5 108.9 110.6 112.6 113.5 113.3 111.1 107.6 106.8 105 103 101.1 99.2 97.2 94.3 91.6 94.3 93.3 90.6 89.3 88 85.4 83.1 80.6 79 75.6 72.3 69.4 66 61.8 57.4 52.2 47.7 44.5 41.1
92 92 92 92 92 92 92 92 92 92 92 93.9 97.5 101.2 104.6 107.3 109.5 108.6 108.4 108.3 108.2 109.2 110.8 112.5 114.2 114.6 114.8 114.5 114 111.9 109.8 107.1 106.9 107.9 108.1 108.2 108.3 108.3 108.5 108.9 109.2 109 108.8 108.6 107.8 107.1 108.5 109.9 111.4 113.7 115.2 117.1 115 112.1 107.8 105.8 103.8 101.9 99.9 97 94.9 95 96.2 95.8 94.5 94.7 93.5 91.8 88.4 85.4 83.2 80.2 76.5 73 69 64.9 60.6 55.2 50.5 47.1 43.3
92 92 92 92 92 92 92 92 92 92 93.5 96.3 99.4 103.1 106.6 109.9 112.8 112.4 110.9 110.9 110.9 110.2 111.7 113.5 115.2 116.3 116.6 116.9 118.8 118.6 116.5 113.6 110.8 109.7 109.2 109.4 109.5 109.6 109.7 110.1 110.6 110.8 110.6 110.2 109.4 108.7 109.5 110.9 112.4 114.6 116.7 118.2 119.1 116.9 112 107.2 105 102.8 99.6 97.9 97.4 97.7 97.6 97.9 97.8 98.1 98.6 97.1 95.7 91.4 87.7 85.1 81.6 77.7 72.6 68.5 63.7 58.6 56.1 51.1 47
96.5 92 92 92 92 92 92 92 93.2 94.8 96 98.8 101.9 105 108 110.9 113.8 115.4 114.1 113.7 113.1 111.4 112.5 114.2 115.3 116.4 117.5 118.1 120.8 122.9 123.2 120.4 117.7 115.4 114.2 112.8 112.7 112.6 112.3 112.1 112.6 113 112.7 112.3 111.6 111 111.6 113.1 114.2 114.6 116.6 117.7 118.6 117.2 114.8 110.9 106.5 103.7 102.6 102.8 101.1 99.1 99.1 99.4 100.5 101.5 102.2 102.5 100.4 97.7 92.6 89.4 86.4 82.2 76.6 70.4 66.3 64.7 60.3 55.2 50.9
97.3 94 92 92 92 92 92 92.6 94.3 95.9 97.5 100.5 103.4 106.3 108.9 112 113.5 115.9 117 116.5 115.3 113.6 113.3 114.4 115.5 116.6 117.7 119.1 121.4 123.7 127.1 125.9 122.5 120.8 119.6 118.1 117.1 116.8 115.9 115.2 115.3 115.5 115.4 115 114.1 113.4 113.8 115.3 115.6 115.5 116.8 117.7 117.6 117.2 115.3 112.8 109.2 105.8 105.7 105.7 105.4 102.5 100.4 100.8 102 103.3 103.7 104.3 104.1 102.2 99.4 95.5 92.1 87.2 80.3 75.2 72.9 70 65.4 59.5 55.7
98.2 95.2 95.7 92 92 92 92 93.4 94.5 95.9 97.8 101.2 104.7 107.3 109.8 111.8 113.3 115.6 118 118.5 118.1 116.5 114.2 114.7 115.8 116.8 117.8 118.9 121.1 123.3 125.5 126 123.9 122.1 122.1 121.8 121 120 119.4 118.8 118.1 118.1 118.1 117.7 116.7 115.9 115.9 117.1 117 116.9 117.1 116.8 116.5 116.3 114.2 111.9 109.2 108.3 108.1 107.8 107.6 106.2 104.7 102.7 103.3 104.5 105 105.9 105.9 105.1 102.8 99.9 97.2 92.4 85.7 80.9 77.6 74.4 70.6 65.4 63.1
