data/220000-950000.asc
ncols 200
nrows 200
xllcorner 220000
yllcorner 950000
cellsize 50
[rows 72 to 107 of 200, columns 83 to 165 of 200]
137.7 140.5 157.6 161.7 153.3 150 145.6 143.7 141.5 141.7 146.4 161.4 158.4 149.8 148.2 148.3 149.3 150.6 151.8 153 154.2 155.2 156.3 157.1 157.9 159.2 160.8 162.8 166.1 169.3 171.8 174.2 178 181.5 183.2 184.6 185.5 185.6 185.9 186 185.1 182.8 179.6 176.5 174 172.7 171.3 169.7 169.1 169 168.7 167.2 165.8 164.9 164.9 164.9 164.9 164.9 164.9 164.9 165.9 167.5 171.1 177.2 182.4 186.6 194.2 199 204.1 208 213.8 217.1 216.4 214.1 213.2 210.6 208 207.6 206.5 203.9 201.4 199.4 195.1
132.1 146.9 152.2 151.6 147.6 146.7 143.4 136.9 136.4 139.3 139.3 143.3 154.9 150.9 149.7 149.1 149.6 150.8 152.1 153.4 154.5 155.3 156 156.8 157.8 159.4 160.9 162.9 166.1 169.2 172.1 174.8 177.9 181.1 183 188 187 186.8 187.1 187.7 186.3 184.2 182.1 179.5 176.3 174.8 173.4 171.3 169.3 169.2 168 168.3 166.9 164.9 164.9 164.9 164.9 164.9 164.9 164.9 164.8 167.6 170.4 174.3 179.8 184.8 191.8 196.3 202.4 204.9 206.5 208.7 206.7 206.2 205.1 203 202 202 202.1 197.5 194.9 194.7 195.3
141.1 148.8 145.3 144.7 141.7 139.9 136.2 134 138.3 138.4 136.2 136.8 140.1 144.3 145.3 147 148.4 149.7 151 152.1 153.6 155 155.8 156.5 157.9 159 160.1 162.4 165.3 168.5 171.7 174.9 177.7 180.1 183 186.4 186.6 186.9 187.2 186.7 186.6 185.4 183.4 181.1 178.6 176.9 175.1 173.3 171.2 169.6 169.1 169 168.3 167.1 164.9 164.9 164.9 164.9 164.9 164.9 164.9 168.1 172.1 176.1 178.9 184.2 190.1 195.2 199 202.2 201.2 199.2 198.9 199.6 198.5 197.9 197.9 197.8 195.3 190.3 189.4 188.9 193.2
139.2 140.9 140.5 139.3 134.3 131.1 132.7 137 150.7 136.4 135.1 132.8 132.4 135.6 138.8 141.3 143.7 145.8 147.1 148.6 150.3 152.1 154 155 156.7 157.8 159.2 161.8 164.7 167.4 170.7 173.9 176.9 179.6 182.4 185 186.4 187 186 185.8 186 185.5 184.3 182.6 180.5 178.9 177.5 175.5 173.1 170.5 169.3 167.8 167.4 166.3 164.9 164.9 164.9 164.9 164.9 164.9 166.4 169.5 173.1 177.3 180.8 185.3 191.5 190.8 191.7 192.9 193.1 193.3 193 192.8 192.2 192.2 192.4 191.8 188.4 185.5 184.4 188.1 191.5
125.4 130.5 130 127.9 124.7 121.8 129.2 136.6 138.9 129.7 127 126.7 126.4 128.5 132.2 135.7 139 141.8 143.4 144.9 146.5 148.5 150.4 152.5 154.3 156.5 158.6 161.2 164 166.3 169.5 172.8 176 178.6 181.2 183.7 185.6 186.4 186.7 185.8 186.2 185.3 184.2 182.6 181.4 180.2 178.5 177.3 175.4 174.4 171.1 168.5 165.8 164.9 164.9 164.9 164.9 164.9 164.9 164.9 167.7 170.9 173.4 176.6 180.6 185.3 189.1 187.6 185.1 187 188.2 188.1 187.1 187.3 187.1 186.7 186.2 185.7 182.8 180.4 186.3 189.5 191.2
115.2 115.8 116.2 114.4 111.4 109.2 118 119.8 120.1 118.6 118.5 120.4 122.8 126.3 131.8 135.8 138.1 140.5 141.7 141.9 143.1 144.8 146.7 148.9 151.1 153.5 156.3 159.2 162.2 165.3 168.3 171 173.7 175.8 178.7 181.8 184 185.5 186.2 185.8 186 185.5 184.6 183.5 182.3 181.2 180 179 177.9 176.2 174.2 173.3 170.2 165.1 164.9 164.9 164.9 164.9 164.9 165.8 167.1 168.5 171.7 175.2 178.4 182.1 182.5 180.5 181.1 182.4 183.4 181.2 181.2 181.7 182.3 182.1 181.7 181.1 179 182.1 185.3 187.5 189.1
123.2 128.6 122.6 109 104.5 104.8 107.1 107.7 110.5 112.9 114.1 116 119.1 127 139.3 136.2 137.6 139.6 139.5 139.3 140.7 142 143.3 145.4 147.6 149.9 152.7 156.1 159.4 162.1 165 168 170.7 173.2 175.8 178.7 181.3 182.8 184.2 185.7 186 186.1 185.2 184.3 183 181.8 180.6 180.1 179.5 177.1 175.2 173.7 172.5 168.9 166.6 164.9 164.9 164.9 166.4 165.5 165.3 166.2 168.7 171.7 174.1 176.8 175.9 175 177.1 177.3 176.1 177.1 177.7 177.5 177 177.5 178.1 177.1 179.2 180.9 183.3 185.5 186.3
132.7 122.8 118.5 102.1 97 97.1 96.7 99.7 103 107 111.9 114.7 117.5 133.9 139.5 136.7 135 135.4 136.6 136.2 137.2 138.2 140 142.1 144.3 146.1 148.6 151.6 155.2 158.1 160.8 164 166.1 169 172 174.9 177.6 179.6 181.1 182 182.8 184.5 185.1 184.8 183.6 182.4 181.2 180.6 179.3 177.2 175 173.6 172.8 170.7 168 164.9 164.9 165.1 165.9 165 166.1 164.1 167 167.6 169.8 170.9 170.6 171.5 172.6 172.9 172.4 173.7 175.1 175.3 175.5 175.6 175.4 174.6 177.1 179 181.2 183.4 183.9
122.2 105.3 99.4 92.9 90.6 91.6 93.6 96.8 100.2 105.8 109.5 113 120.8 129.3 132.2 133.9 131.4 130.8 130.4 130.4 131.5 134.2 136.8 138.9 140.1 141.6 143.6 147 150.8 154.4 157.3 159.9 162.3 164.7 167.7 170.2 172.6 175 177.6 178.6 180.4 182.2 182.9 183.2 183.3 182.4 181.5 180.3 177.9 175.6 173.6 172.3 171.7 170.9 169.4 167.2 165.9 164.9 164.6 166.1 166.8 165.4 164.9 165 165.9 167 167.4 167.8 168.4 169 169.9 171 172.1 174 174.2 173.3 172.3 170.5 174.9 177.2 179 180.2 181.5
104.7 93.5 85.4 86.5 88.4 90.8 92.7 96.1 98.7 104.9 106.8 108.9 111.8 132.4 133.8 133.1 128.7 126.1 124.3 124 125.3 129.2 131.7 134.8 136.9 138.6 141.2 144 147.5 151.6 155.2 157.9 159.9 162.1 164.2 165.9 167.7 170.2 172.9 175.6 177.8 179.9 180.7 181 180.9 180.3 179.7 178.5 176.4 174.1 172.2 171.1 170.9 170.3 170 169.6 168.8 168.6 167.7 167.6 167.5 166.6 165.6 165.1 165.2 166 166.3 166.7 167.3 168.1 168.9 169.8 170.4 170.6 170 169.2 168.2 171.2 173.5 175.2 176.7 177.5 178.4
90.9 81.3 78.9 87.2 88.4 89.5 93.2 96.5 100 104.1 105.8 107.9 109.4 128 133.4 129.4 127.5 126 122.5 122.7 123.5 126.2 127.9 131.3 134.5 137.7 139.4 142.5 146.3 150.9 153.2 156.3 158.2 159.8 161.8 164 166.2 167.9 169.2 170.9 173.6 175.8 177.2 178.5 177.9 177.2 176.3 175.2 173.1 171.3 170 169 169 169.3 169.6 169.9 170.4 170 169.9 169.3 168.6 167.9 167.1 166 164.9 165 165.2 165.7 166.3 167 167.8 168.6 168.5 168.4 167.8 166.3 165.6 168.3 170.1 172.2 175.1 175.8 176.9
73 69.9 80.7 86.5 87.3 92.9 97 100.5 102.1 103.4 104.6 105.5 110.8 117 121.4 125.7 126.3 122.6 121.9 122.1 122.3 122.9 125.1 128.9 133.9 137.1 139.3 143.4 147.5 151.4 153.7 155.8 157.1 158.8 160 162.2 164.4 166.6 168.4 169.5 170.7 171.8 172.5 173.7 174 174.2 173 171.9 169.7 168.7 167.7 166.7 167.2 167.5 168.3 169.3 170.5 170.4 170.1 169.9 169.7 169.3 168.5 167.6 166.3 164.9 163.9 164.7 165.7 166.1 166.5 166.2 165.2 165.9 165.7 164.7 166.1 166.2 167.8 171.3 174.8 175.5 175.9
60.2 60.9 72.5 80.4 88.4 96.1 100.2 103.5 106.7 104.1 102.4 104.9 109.6 115 119.5 122.5 122.1 120.9 121 121.1 121.7 121.9 126.4 127.6 131.5 132 137.4 144.5 149.6 152.3 154.2 155.1 156.5 157.4 158.5 160.5 163 164.9 167.2 168.8 170.1 171.2 171.4 171.6 171.1 171.2 170.3 167.7 167.1 166.1 164.9 164.8 166.1 167.1 168.2 169.3 170.4 163.3 163.3 170.2 168.7 168.7 169.1 168.2 167.1 165 165.5 164.5 163.8 164.7 164.9 165.5 165.2 165.5 165 163.2 165.1 164.9 166.4 169.7 172 172.5 173.4
50.7 58.2 67.9 79.3 98.2 106.1 102.8 101.4 103.1 100.7 99.4 101.2 110.1 117.1 120.9 120.3 119.5 120 119 120.3 121 121.5 123.5 125.3 124.3 125.8 131.6 143 153.2 159.6 154.5 153.8 154.4 155.4 157.3 159.3 161.5 163.6 165.6 167 168.8 170.4 170.9 170.3 169.6 168.9 166.6 165.3 164.4 163.2 162.3 163.1 164.8 166.8 168.2 169.6 169.4 163.3 163.3 163.3 167.4 168.7 169.8 170.2 168.8 168.6 167.2 166 165.5 164.4 163.4 163.2 163.8 164.4 163.4 163.9 164.3 165.2 166.8 168.8 171.2 172.2 173.5
41.8 55.4 67.5 77.8 90.3 100 97.2 98.9 99.6 96.1 96.9 99.4 103.4 116.4 117.3 118 118.2 118.5 115.8 115.8 116.6 116 118 120.6 124.4 125 131.7 143.7 151.4 153.2 151.5 151.2 151 152.3 156.4 158.7 160.8 163.2 165.4 166.7 167.7 168.2 168.8 168.8 168.2 166.2 163.7 162.3 160.8 160.1 160.6 161.6 163.6 165.5 167.4 169.3 170.9 171.6 172.2 167.9 171.6 171 171.5 172 171.6 170.8 168.9 167.4 166.3 164.6 163.5 162.9 161.1 162.9 163.4 164.4 166.1 166.5 168 169.7 171.2 172.6 174.1
38.3 50 62.2 73.2 89.4 96.2 90.7 90.7 90.8 92.8 101 97.7 103.1 112.6 113.3 114.8 113.1 110.8 108.2 108.9 110.4 113.6 117.4 122.5 127.2 131.7 137.2 144.5 147.1 149.9 148.4 148.4 148.8 150.2 151.9 155.7 159.5 162.9 165.4 166.4 166.2 166.2 166.9 166.7 165.8 163 160.8 159.4 158.5 158 158.4 159.7 161.6 163.8 166.1 168 170 172 172.7 172.7 173 173.1 173.4 173.9 173.6 172.8 170.7 168.2 166.1 164.4 163.4 161.9 160.5 161.5 162.4 164.6 165.6 166 167.4 170.1 171.3 172.3 173.6
30.3 46.7 56 67.9 79.7 84.3 80.4 80.7 88.8 102.9 99.9 93.4 93.7 97.4 103.2 105.4 103.3 102.2 101.6 105 108.4 114.4 117.4 120.9 126.8 132.5 136.2 142.1 144.6 145.7 145.9 147.8 148.3 148.9 149.3 151 155.3 160.5 164.2 166.8 167.8 166.2 166.7 164.8 162.8 159.9 158 156.4 156.2 156.1 156.3 157.2 159.2 161.6 164 166.3 168.2 170 172.3 173.7 174.7 175.1 175.4 175.5 175.1 174.1 171.9 169 166.2 164.2 162.9 161.2 158.3 159.6 161.2 162.9 163.5 164.8 166.1 167.2 169.1 170.4 172
12.2 27.7 39 46.3 58.9 64.4 69.9 79 83.9 93.5 93.7 85.9 84.6 90.4 95.7 96.6 96 95 99.4 103.8 108.3 113.3 116.6 120 127.2 132.1 135.9 139.2 144 143.9 145.9 149.3 149 147.3 147.8 148.4 149.3 153.6 158.1 162.7 169.3 171.7 165.7 162.7 159.6 156.7 154.8 154.1 153.4 152.9 153.5 154.8 156.9 159.2 161.5 163.6 166 168.1 170.3 172.4 173.7 175 175.8 176.3 176.3 174.9 172.7 169.8 166.8 164.1 162.2 160.5 158.3 156.3 159.6 160.9 162.4 163.7 165.1 166.1 167.1 168.6 170.5
-1.8 5.2 18.1 28 40.7 47.4 59.5 71.7 77.4 80.3 80.4 79.4 79.1 81.6 88.7 88.6 91.2 94.7 98.7 104.4 111 113.3 117 120.9 128.6 132.9 139.6 141.5 143.4 144.7 145.5 144.7 145.4 145 146.7 147.4 148.2 149.9 154 157 160.1 162.1 162.2 160.4 155.7 153.7 151.7 150.5 149.7 149.4 150.1 152.3 154.4 156.6 158.8 161 163.2 165.6 167.7 169.9 171.7 172.7 173.1 174.3 173.8 173.5 172.9 171.3 167.1 163.8 161.5 159.7 157.7 155.5 157.6 159.8 161.2 162.4 163.6 164.8 165.6 166.7 168.9
-1.8 -1.8 1.5 12.9 23.7 32.6 42.7 57.1 66.3 68.5 70.7 72.4 72.8 76.5 79.4 77.7 89 92.9 101.1 113.1 111.9 113.2 114.2 121.9 129.9 137.8 140.5 145.1 151.4 150.2 144.8 141.7 141.1 143 145.2 146.3 147 149.5 153.9 155.4 152.5 152.1 153.4 153.4 151.9 150.3 148.7 147.4 146.3 145.9 146.8 149.8 151.8 154 156.2 158.4 160.5 162.8 164.9 166.9 168.8 169.5 169.9 170.3 170.3 170.1 169.5 167.4 165.4 163.3 160.7 158.6 156.6 153.5 155.9 157.8 159.1 160 161.5 162.7 163.8 164.7 167.4
-1.8 -1.8 -1.8 -1.8 8.6 20.9 29.5 41.4 55.2 57.6 59.6 62.7 63.5 69.9 73.8 75.6 83.4 89.9 105.8 112 111.8 111.7 111.5 114.5 135.1 133.6 136.8 141.8 156.7 151.3 141.8 138.1 137 138.6 140.7 143 149.1 151.5 153.9 148.6 146.4 146.2 147.1 148.3 146.9 145 143.7 143.1 143.3 142.8 144.9 146.9 149.2 151.4 153.6 155.6 157.6 159.4 161.1 162.8 164.5 165.6 166.4 167.2 167.3 166.9 165 163.3 162.1 160.6 159.3 157.5 155.7 154.1 153.6 154.3 155.8 157.7 158.4 160 160.9 162.1 164.1
-1.8 -1.8 -1.8 -1.8 -1.8 3.1 16.6 26.8 39.1 45.8 50.1 51.5 55.3 62.2 64.3 70.8 75.5 84.7 97.2 105.9 109.2 111 109.3 110.2 115.7 120.8 125 135 138.4 137.5 133.7 132.8 131.8 132.8 135.1 138.8 146.5 157.8 152.4 142.3 142.5 141.8 140.7 141.7 140.8 139 137.7 137.8 138 140.2 142.7 145.5 147.7 148.8 149.8 151.6 153.5 155 156.7 158.4 160.1 161.3 161.7 162.1 161.9 161.6 160.2 159.3 158.7 157.7 156.8 156 155.2 153.8 152 151.8 153.1 152.9 154.9 156.6 158.1 160.1 161.7
6.2 -1.8 -1.8 -1.8 -1.8 1 8.9 18.5 24.3 34.1 40.8 42.6 45 51.5 54 59.7 69.7 84.7 95.7 97.6 100.8 107.9 104.5 103.7 106 106.8 113.2 118 120.3 122.1 121.1 123.5 128.8 130.3 131.8 137.2 147.3 148.2 138.6 135.6 136.8 137.4 139 138.9 137 136.1 134.6 132.6 132.4 136.2 139.6 141.6 144.6 147.4 148.7 149.5 149.6 150.6 152.2 153.9 155.3 156.4 157.4 157.7 157.8 156.9 155.9 155.1 154.4 153.7 153 152.5 152.4 152.3 150.6 150.8 151.7 150.1 153.2 154.7 155.9 157.8 159.7
11.5 8.6 -1.8 -1.8 -1.6 -0.7 0.2 5.1 14.1 22.4 27.7 31.8 35.6 41.5 47.8 53.7 58.3 74.7 82.3 87.4 92 93 91.9 92.4 93 93.6 102 105.1 107.4 112.4 113 121.2 127.7 128.1 129.1 133.5 135.2 131.3 127.4 128.5 137.3 138.2 136.4 134.5 133.7 133.8 130.7 128.8 129.4 131.6 135.4 137.1 139.7 142.4 144.9 146.1 146.8 147.1 147.7 149.3 150.5 151.6 152.2 152.6 153.2 153.5 152.5 151.6 151 150.4 150.4 150.5 150.6 150.6 149.9 150.6 151.2 150.6 152.6 153.8 154.4 155.4 156.9
14.9 14.1 14.1 1.2 0.3 -0.3 -0.7 -1.8 5.5 11.5 19 23.3 28.8 34.4 44.5 49.5 54 63.9 70.8 76.6 79.7 79.6 80.8 82.3 87.1 86.8 93.2 94.9 98.1 100.3 103.5 113.1 118.3 121 121.7 121.9 121 119.8 124.1 132.2 133 134 133.4 132.6 131.4 131.3 127.2 126.6 127.8 128 130.6 132.7 134 135.8 138.4 141.4 143.1 143.6 144.5 144.8 145.7 146.5 147 147.6 148.3 148.9 149.2 148.8 148.2 148.1 148 148 148.2 147.9 147.3 148.1 148.8 145.7 151.1 153.4 154.2 154.6 155
14.8 15.7 16.3 8.5 2.2 2.9 5.9 -1.8 5.3 7.1 12.6 16.6 23.6 31.9 39 48.1 50.9 57.1 63.9 66.5 66.9 68.2 70.8 75.1 82.5 82.3 82.8 87.2 90.9 95.1 100.8 104.2 108.3 109.9 111.7 111.7 112.2 119.3 129 131.2 132 130.9 130.7 128.5 127.6 124.3 121.1 125.2 123.3 122.1 123.6 126 129 130.1 132 135.4 138.1 141 142.1 142.1 142 142.3 142.7 143.3 143.8 144.3 144.3 144.4 144.6 144.6 144.7 145 145.3 145.2 144.9 145.9 146.3 147.2 150.3 151.2 152.2 152.4 152.2
14.1 25.1 28.7 23.5 19.2 15 15.5 13 10.3 6.8 9.4 15.6 23.2 30.6 39.1 43.4 49.9 57.6 60.6 62.2 66.5 67.1 69.7 73.5 76.8 78.1 80.7 85.6 89.7 95.3 100.3 102.2 104.6 105.1 105.9 108.2 116.1 126.4 132 132.6 130.5 128.1 126.6 123.6 120.7 117 117.3 122 117.8 117.9 117.4 117.6 121.6 124.1 126.4 129.9 134.3 136.3 137.3 138.2 138.8 139 139.6 140.1 140.6 140.9 140.8 140.7 140.6 140.9 140.9 141.6 142.1 142 143.3 143.8 142.3 146.4 148.4 149 149.8 150 149.2
14.9 24.4 29.1 34.5 34.4 22.9 26.4 24.9 24.9 19.5 13.1 10.2 19.4 27.8 35.9 40 46.8 50.4 60.8 70.5 73 71.6 72.4 74.3 75.2 78.2 81 84.8 90.2 95.7 94.8 97.3 98.7 100.7 103.3 115.2 126.1 130.5 131.8 131.3 128.5 126.3 122.2 119.9 116 112.3 112.4 114.4 113.4 112.9 114.4 115.3 115.4 117.7 121.3 124.9 128.9 131.5 133.1 134.3 135.1 136.2 136.7 137.1 137.7 137.8 137.9 138.1 137.6 137.2 137.1 138 138.1 138.6 140.3 140.1 142.1 144.3 146 147.3 147.2 146.5 145.4
20.2 21.8 26.5 27.7 31 37.1 33.9 29.2 30.1 30.2 25.9 23.3 17.1 26.9 32.1 42 48.6 53.2 63.1 68 72.2 72 74 73.7 74.9 80.9 84.1 89.6 89.7 91.7 92.8 95.1 97 103.4 104.9 119.2 131.9 128.8 129.5 131.3 127.4 122.7 120.9 114.4 110.8 110.6 111.4 111.4 111.3 112 113.4 114.3 113.7 115.9 118.4 121.8 125.2 128.3 129.4 130.9 132.7 133.5 134.1 134.7 135.2 135.7 135.8 135.8 135.5 134.7 133.3 134 133.9 135.5 136.9 136.6 137.7 140.2 141.5 143.2 143.6 143.3 142.2
40.2 25.2 24.6 25.6 28.5 37.5 45.1 39 33.6 35.1 39.1 39 34.7 22.6 32 40.7 46.2 52.1 61.6 64.6 66.1 71.5 70.3 76.6 81.4 79.9 84.3 88.3 94.9 90.3 91.5 93.7 95.9 101.3 108.6 126.1 125.8 125.3 125.2 125.6 122.7 119.6 116.4 110.9 109.7 110 110.5 110.5 112.5 113.6 112.9 112.7 112.5 114.7 116.5 118.8 120.9 123.7 125.8 128 130.2 130.8 131.5 132.2 132.3 133.3 133.6 133.6 133.5 132.2 131 132 132.2 132.6 134.1 133.7 133.7 136 137.2 138.6 139.9 139.9 139.1
35.7 29.4 26.1 28 29.8 33 35.5 37.2 35.2 35 40.1 43.7 42.9 45.6 44.2 40.6 41.6 46.9 54 58.5 59.4 64.5 69.8 84.1 84.5 83.7 87.1 86 89.1 89.4 89.8 93.2 97.5 99.6 113 120.5 127.4 126.6 121.7 117.4 115.1 114.6 110.9 109 109.4 109.4 109.5 110.5 110.9 110.9 111.5 111 111.4 112.8 114.4 116.4 117.4 118.8 122.4 124.3 127.9 128.8 128.8 128.7 128.6 129.3 130.8 131.3 131.4 130.3 129.1 129.8 130.4 129.8 131.6 132 130.7 131.8 133.1 134.1 134.1 132.9 135.1
29.2 30 26.9 29.8 31.3 32.5 32.5 32.9 33.1 36.3 47.6 51.5 70.7 75.5 70.3 62.4 47.8 44.4 48.5 55.6 61.3 66.5 73.2 79.1 82.4 82.9 89.6 94.3 90.3 88.1 88.5 89.3 94.1 106.2 110 111.7 117.5 117.8 116.9 114 109.8 108.9 107.8 109.8 111.8 110.6 109.7 110.1 110.3 109.6 109.6 110.5 113.6 114.7 115.4 115.8 116.8 118.5 121 122.7 124.4 125.8 126.1 126.1 126.1 126.5 127.6 128.7 128.5 127.9 127.2 127.2 127.6 126.7 127.2 128.2 125.1 128.5 129.4 130 128.5 133 134.7
24.7 24.3 24.8 33.6 30.1 36.3 33.3 32.1 31.3 56.1 60 63 72.7 81.9 74.9 65.5 56 49.3 50 56 65.6 74.9 81 77.8 82.6 85.9 90.9 95.4 90 87.1 87 85.2 95.6 103.3 109.7 112 110.2 108.7 105.9 105.8 104.9 112.3 116.1 115.2 115.5 112.8 110 110 108.9 109.1 110.5 111.6 113.9 115 116.5 118.4 117.4 118.5 120.3 121.8 123.4 123.1 124.1 124.2 124 124.8 125.4 126.1 125.5 124.8 124 124.7 124.5 122.2 122.7 123.2 123.5 124.4 126.2 127.9 125.7 126.3 132.1
23.1 19.4 19.4 20.5 26 30.9 31.2 30.2 28.9 45.4 60.8 67.2 67.8 68.7 67.9 66.1 59.7 61.9 55 59.8 62.6 72.3 84.4 92.2 87.5 85.5 85.1 86.3 86 85.5 80.2 84.1 89.7 101.1 99.9 104.4 99.5 97.2 102.7 117.4 116.6 118 120 124.5 118.7 113.5 109.7 107.5 107.3 110.2 111.7 114 114.9 117.7 119.3 119.4 119.9 121.4 120.7 120.2 121.1 122.8 122.7 122 121.5 123 123.3 121.6 121.5 120.5 118.7 118.7 118.6 118 119 119 116.1 122.4 124.7 115.9 114.3 126.1 130.6
-1.8 14 16.6 18.4 19.3 21.2 22 24.8 23.7 35.8 48 54.4 61.1 60.7 60.6 59.5 66.5 91.8 78 59.7 61 63 79 92.3 87.6 84.1 83.8 83.6 80.9 81.2 77.5 78.9 82.1 85.1 84.3 84.5 87.4 98.1 104.9 107.8 112.5 115.8 115.4 118.7 117.9 112.3 107.6 104.6 105.9 108.5 111.2 114.1 115.6 124.2 122.4 119 118.3 118.2 118.5 117.4 118.4 118.2 118.2 116.7 114.9 116.9 116.3 114.8 114.9 115.2 115.3 113.2 112.3 111.9 113.8 114.8 113.8 117.7 108.4 110.2 125 128.5 132.3
-1.8 -1.8 -1.8 12.4 9.5 11.7 14.4 18.4 19.3 38.9 56.7 66.4 74.7 65.4 59.1 66.3 73.5 80.2 77.3 73.4 60.5 60 68.9 77.6 77.9 75.8 78.9 78.8 78 76.6 74.8 74.8 76.4 78.7 81.3 83.6 89.7 97.8 98 103.5 108.6 114.1 110.7 111.5 112.1 110.1 103.9 103.3 103.3 105.5 108.8 110.3 113.4 122.8 121 119.2 117.5 117.2 117.3 114.2 114.5 113.7 113.9 112.2 112 111.8 111.8 111.6 112 111.4 110.2 108.9 108.9 107.1 109.5 109.3 108.1 99.6 110.7 122 125.9 128.4 133.4
