data/220000-670000.asc
ncols 200
nrows 200
xllcorner 220000
yllcorner 670000
cellsize 50
[rows 72 to 107 of 200, columns 81 to 161 of 200]
77.1 75.1 76.1 77.4 79 82.9 88.3 104.8 108.9 101.9 98.9 93.9 89.5 81.1 72.9 70.9 70.9 70.9 70.9 70.9 75 80.1 82.3 84.1 84.8 86.3 94.1 103 102 98 95.2 100.6 116 123.6 121.1 118.8 119.6 118.7 118.1 116.4 112.9 107.5 101.9 95.1 89.2 86.4 88.7 86.8 80.1 73.7 67.4 60.2 51.8 45.1 40.4 38.3 35.8 36.6 36 34 31.4 29.4 27.2 25.1 23.1 20.7 18.4 16 13.9 13.1 11.7 9.2 7 5.2 4.3 4.1 4.2 4.3 4.6 4.1 3.2
82.1 79.3 80 82.3 85.3 93.4 108.9 111.2 109.4 106.2 99.8 93.8 84.6 76.5 70.9 70.9 70.9 70.9 71 75 81.5 86 87.6 93.5 101.5 103.9 107.8 105.5 100.9 98.3 95 96 108.7 118.7 118 119.9 122.5 118.7 120.3 117.4 112.6 106.9 100.6 94.1 87.1 84.8 87.9 89.7 90.5 79.7 71.3 66.6 64.5 62.8 54.3 42.3 37.6 34 33.2 31.8 29.6 27.7 25.9 23.8 21.6 18.2 14.3 12.5 12.8 11.5 9.6 9.3 6.8 5.8 5.2 4.2 4.7 5.6 5.1 3.9 3.8
82.4 80.4 81.7 86.4 92.4 103.6 112.7 111.8 108.7 105.6 100.5 95.7 85.9 78.5 71.2 70.9 70.9 71 73.9 79.4 85.8 90 94.5 117.1 120.7 115.1 111.4 106.8 101.1 96.8 93.8 93 101 116.4 117.1 121.3 119.7 118 116.6 113.8 109.2 104 97.6 91.6 85.1 82.8 85.9 89 90.3 87.4 81.8 72.2 62.8 60.8 55 47.3 40.6 34.9 31.2 29.9 27.8 25.8 23.9 22.2 20 17.5 14.4 14.9 12 11.6 10.2 8.9 8 7.2 6.9 5.4 4.1 3.6 3.9 5.7 4.3
82 79.7 83.1 90.2 96.8 106 113.3 110.8 107.6 104.5 100.3 95.5 86.8 78.4 72.8 70.9 70.9 72.1 78.4 85.9 89.3 94.3 102.4 125 129 123.9 115.2 106.6 100.4 94.7 89.9 91.6 97.9 113.1 119.4 122.4 121 117.6 114.1 110 104.5 98.7 93.2 87.5 82.7 79.3 83.5 85.6 85.1 82 77.3 72.3 68.8 61.7 54.1 47.4 42.1 35.8 32.4 28 25.7 23.9 22.4 19.2 18.4 14.2 20.4 15.7 16.5 13.6 12 9.6 8.1 7.4 8.1 7.9 9.2 4.5 5.5 4.4 4.7
81.4 81.2 85.1 91.9 98.4 105.9 109.7 108.9 106 103.2 101.4 98.1 92.7 83 76.5 72.9 72.7 77 86.1 90 93.5 99.5 115.8 129.1 128.4 123.7 118.5 111.5 100.4 93 87.9 89.3 96 108.6 117.1 118.2 117.8 116.3 110.7 105.7 99.7 94 89.4 84.3 79.8 76.1 79 80.1 79.1 75.9 72.8 68.7 63.3 58.1 51.3 47.8 44.1 36.5 25.1 25.8 23.9 22.7 20.8 19.7 13.7 21.2 20.7 20.2 18.4 16.6 13.9 12.2 11.3 8.9 8.5 9.1 9.6 8.7 7.5 6.1 5.3
81.1 80.8 85.4 90.4 96.6 102.7 105.8 106.1 104.4 102.7 101.3 99.8 95.1 89.7 86.5 79 82.4 85.3 86.7 90.3 97.9 106 122.3 129.2 127.4 127.2 120.5 114.7 101 91.6 84.9 86.3 92.5 109.4 113.5 113 112.3 110.2 105.8 101.5 95.7 91.3 86.1 81.5 76 73.7 75.2 72.3 68.7 67.5 64.2 59.5 55.5 50.8 47.6 43.9 43.5 36.2 28.1 25.7 23.6 21.6 20.5 20 19.2 20.9 22.4 22.8 20.6 18.9 17.7 16.3 15 11.8 9.4 9.3 9.5 9.5 9.3 8.1 7.2
81.8 78.2 82.8 89.2 95.5 99.7 105 106.6 104.8 102.3 100.2 98.5 95.2 91.9 89.3 86.9 89.9 90.7 88.1 92.6 100.9 112.3 124.1 127.1 131 127.2 122.9 115.8 106.2 90.9 84.3 84.5 90.3 105.4 108.2 107.4 106.5 103.1 100.4 96.5 92.7 89.6 85.3 76.4 72.1 71.4 69 64.6 59.5 56.5 54.9 53.1 49.4 46.5 45.4 39.8 28.1 27.9 30.5 27.8 28.8 27.9 25.7 23.5 21.4 21.2 12.8 22 21.7 25.6 20.9 19.6 19.1 18.6 17.6 11.2 15.6 10.9 14.2 10.3 9.1
86.9 77.1 79.6 84.3 93.9 98 102.1 104.9 103.9 102.2 99.1 97 94.8 92.3 90.6 89.4 95.6 98.1 95.6 99.8 105.6 114.3 123.3 127.4 127.9 124.7 121.4 115.2 109.2 96.3 84.5 83.4 85.5 99.1 102.6 101.8 101 98.4 95.1 92 90.5 87.7 80.2 74.5 69.1 62.3 60 56.4 52.3 49.6 47.4 46.6 41.6 32.4 31.4 31.7 32.7 35.8 33.5 32.7 32 31 28.9 26.6 24.5 23.2 22.1 22.2 23 25.3 25.7 25.9 23.6 31.3 30.9 30.7 29.6 24.7 28.6 27.9 24.8
84.4 75.6 76 82.4 89.5 97.3 98.6 100.9 100.3 97.4 88.6 90.9 91.2 90.9 90.5 92.2 95.4 102.8 103.8 102.1 107.2 115.5 121.9 125.2 123.4 121.4 120.2 116 111.4 103.6 88.6 83.3 82.8 94.5 96.2 95.1 93.6 91.6 90.9 87.3 89.4 85.2 75.5 64 59.8 57 54.8 52.1 49.3 46.8 42.3 40.4 32.7 32.8 33.5 36.3 37.7 39.2 38.9 36.9 34.8 34 32.3 29.9 27.8 25.7 24 24.4 25.5 27.7 29.8 31 30.8 33.7 33.8 33.8 33.6 30.7 30.1 29.1 28.1
82 76.1 72.7 81.2 88.2 94.4 95.4 95.5 91.7 87.2 87.1 89.5 90.5 90.2 89.6 92.3 94.7 99.2 104 104.9 108.5 113.6 118.3 120.2 119.5 118.9 118.9 116.9 113.1 103.5 98.5 87.1 82.4 84.8 85.3 89.4 89.4 87 87 84.5 81.7 74.6 66.4 59.2 55.3 54.3 52.5 51.2 47.6 40.3 37.6 36 33 35.8 40.6 42.4 43 45.1 45.1 43.4 40.4 38.8 36.2 33.4 30.4 28.5 26 26.5 28 30.5 32.7 35.2 39.2 37.2 37 36.4 35.5 34.1 31.7 30.1 28
79.8 75.6 72.3 80.5 82.4 87.8 87 87.1 82.5 82.3 84.1 86.3 88.7 88.3 87.4 90.3 93.5 97.1 101.7 104.1 106.3 110.2 113.6 115.3 115.9 115.7 116.9 113.3 110.6 104.8 100.6 92.3 84.8 83.3 84.1 84.5 83.1 82.5 85.1 81.6 74.5 67.4 59.8 54.7 50.6 44.9 41.6 36.8 34.7 36 35.6 34.2 34.9 42.6 49.4 49.4 47.2 47.9 48.7 47.2 45.4 44 40.9 37.5 34.9 31.2 28.9 29.4 30.9 33.2 36 39.2 44.8 43.1 41.5 40.1 38.8 36.2 33.5 30.7 28.4
76.7 74.7 71.2 75.8 79.1 82.7 83.4 81.6 79 80.2 81.4 83.2 85.5 86.5 86.4 88.1 90.1 92.1 96.5 99.8 102.9 106.3 108.9 111.7 110.7 111.7 112.3 108.4 105.4 104.5 100.6 95 87.8 82.8 78.9 81.2 78.4 78.2 81 73.8 66.5 62.7 50.2 41.4 41.9 45.4 42.7 40.8 40.5 43.3 39.6 35.7 42.6 48.7 53.6 51.5 51.5 51.5 51.5 51.7 49.8 49.1 52 47.9 46.3 44.2 38.5 34.4 35.2 37 38.3 43 46.6 52.1 47.7 43.6 41.2 37.9 34 31.7 29.2
75.1 72.8 69.6 66.6 72.5 74.9 79.2 78.8 75.7 71.8 76 81.3 83.2 84 81.2 81.1 83.8 86.7 91.5 95.4 99.2 101.9 104 105.5 104.5 104.2 104 102.8 100.1 99.5 97.7 94.1 88.7 82.7 73.8 79 74.8 73.7 70.9 64.2 58.2 44.4 49.5 52.9 56.6 54.2 49.2 47.4 46.2 44.3 48.4 47.4 47.4 49.8 51.5 51.5 51.5 51.5 55 56.1 56.4 59.9 61.1 62.7 60.4 54.9 51.1 50.7 41.6 43.7 42.5 42.6 45.9 50.4 50.7 50 44.2 39.2 34.9 31.5 28.9
72 66.6 64.5 59.9 64.9 68.3 68.8 69.7 70.9 72.3 75.8 78.1 77.3 75.1 73.5 73.3 78.7 83.8 89 92.7 94.8 95.6 99.8 101.2 101.3 100.8 100.1 98 95.9 94.9 93.1 90.6 87.3 82.7 72.8 66.8 66.8 66.3 64.5 57.4 49.8 47.9 53.6 55.3 57.2 57 55.7 55.4 49.2 47.4 47.4 47.4 48.3 51.3 51.5 51.5 51.5 51.5 58.3 60.5 66 65.5 66 69 68.9 65.5 59.3 57.5 54.3 50.4 49 47.6 53 52.6 52.1 51.5 46.3 40.7 36 32 30
67.1 62 58.8 54.4 56.8 58.3 62.9 66.2 69.2 70.3 74.6 75.2 72.4 68.4 64.7 65.7 72.6 80.6 84.3 86.8 87.2 86.5 86.3 87.7 93.6 96.2 93.1 91.4 91.2 90.5 88.7 87 84.2 81.6 75.4 71.9 63.1 60.9 60.8 54.1 50.3 47.8 51.8 58.5 59.5 59.8 60.7 62.2 59.9 53.9 48.2 48.6 52.2 52.7 55.6 51.5 59.5 60.7 62 67.6 72.1 69.7 75.1 75.9 75.3 70.2 66.7 61.8 56.2 53.8 52.3 53.5 55.1 56.2 56.2 55.5 46.3 41.7 35.6 32.7 27.3
63.5 58.8 54.4 54 54 51.7 56.3 60.6 64.3 68.7 69.4 68.2 65.2 61.5 60.2 63.2 68.9 73.5 77 78.4 76.6 75.5 74.9 78.9 84.6 84.4 83.7 88.6 84.9 83.8 82.9 81.9 81.2 78.8 75.7 71.4 62 59.1 55.8 53.8 52.1 49.1 52.3 59.7 61 62.3 61.9 60.3 57.1 53.4 50 49.7 50.7 52.5 55.1 58 61.3 63.9 67.4 71.9 73.4 77.9 77.7 77.7 76.4 72.3 68 62.9 57.9 54.9 53.4 54 54.4 56.5 54.8 52.8 46.6 40.6 33.5 33.3 28.7
62.3 56.9 54.7 54.6 54.3 54 50.3 54 57.6 61.7 59.7 58.6 57.9 56.9 58.5 59.8 67.2 69.4 70.5 69.3 68.6 67.2 66.8 71.2 74.2 76.4 79 78.1 76.1 75.6 75.2 75.4 75.5 74.5 72.9 68.5 63.8 56.9 53 52.1 50.7 50.5 53.8 56.1 60.4 61 60.7 59.6 56.7 52.8 51.1 50.8 51.7 53.3 55.2 58 65.4 68.7 75.6 74.7 75.1 74.9 75.5 77.1 74 70.9 67.8 63.6 60.1 57.1 54.4 51.6 37.9 50.7 47.7 47.3 45.6 41.4 33.1 32.9 32.3
65 60.3 55.7 54.7 54.4 50.7 50.2 52.1 50.8 52 54 53.8 54.5 54.7 56.3 58 61.2 62.5 62.6 63.9 65.7 65.5 65.8 66.7 67.6 68.1 68.8 72.1 71.2 70.5 70 71.5 72.8 72 68.1 64.4 61.6 58.1 52.7 51.5 51.1 51.2 52.4 52.6 54.5 59.8 58.4 57.8 55.3 52.4 52.2 53.2 54 55 56.2 64.8 74.5 77.7 79.1 77.8 76 76.1 76.5 76 73.1 70.3 68.1 65.6 62.5 59.7 57.5 54.5 52.4 48.5 35.8 37 41.5 34.6 34.6 33.7 33.4
78 64.3 58 54.6 51.2 50.4 50.2 50 50.1 50.8 52.4 51.3 51.8 53.1 54.9 55.3 56.5 61.7 64.7 66.5 66.4 66.5 70.4 73.4 73.3 71.1 70.7 65.7 68.9 69.8 69.6 69.7 70 68.2 64.4 60.8 57.5 54.7 53 52.4 51.7 52.3 53 53 54 55.5 55.6 56.4 55.4 56.3 56.4 55.9 55.4 56 67.7 73.1 76.4 80.5 81 80.3 77.4 79 77.9 72.9 75 73.7 69.4 67.2 65.7 63.2 62 57 55.1 52.6 51 50.2 46.8 45.8 46.3 40.1 40.7
83.8 77.6 71.8 64.1 53.9 50.7 50.2 50.2 50.1 51.2 51.9 52.2 52.3 53.2 53.9 62 79.3 75.9 72.7 69.7 72.7 77.3 79.3 75.8 75 74.8 74.7 74.1 72.8 71.2 68.7 70.5 69.9 66 67.7 60.7 57 56.4 56.3 54.5 52.6 53.4 54.2 54 54 55.1 56.8 57.8 57.5 55.6 56.6 56.6 62.2 74 78.8 84.3 85.6 85.1 85.3 85 85.1 82.1 80.4 81 80.3 79.7 72.7 72.8 73.2 73.8 66.2 65.2 65.7 57 54 53.2 53.6 50.8 47.8 47.6 41.5
80.8 74.7 68.4 64 58 51.2 47.9 50.2 50.6 51.3 51.4 52 52.6 59.1 75.3 82.4 81.8 81.2 76.5 78.3 79.1 80.6 79.4 78.4 75.3 76.8 76.1 75.9 76.3 74.5 72.2 71.9 71.2 69.2 71.2 67.9 64.2 62.1 61.5 57.4 54.3 54.9 55.8 55.9 56.3 57.9 60.6 61.4 62.9 57.4 64 72.4 77.3 79.2 82.8 87.3 88.6 88.6 88.1 87.6 87.1 84.8 83 84.2 82.9 83.2 83.1 83.3 81 79.2 79 73.9 69.1 66.2 65 62.9 62.4 59.9 56.9 53.5 51.7
76.5 72.4 64.7 59.5 55 49.7 48 49.4 50.7 50.9 50.8 51.5 58.8 77.4 86 84.5 83.5 83.5 81.4 81 81 82.1 81.6 82.4 83.7 80.6 76.9 78.2 80.6 76.9 75.1 74.8 74.6 73.8 73.6 72.1 72 70.6 68.4 65.9 62.8 61 57.6 57.8 59.6 62.4 66.4 67.8 69.7 72.4 82.2 85.7 87.2 89.3 86.6 87.5 90.5 92.3 91.4 91.1 90.2 88.4 87.2 91.3 92.9 95.9 92.5 87.2 85.4 84.1 83.4 74.4 69.2 68.2 70.1 69.9 67.5 64.5 62.7 61.8 58.1
71.4 66.6 60.9 56.9 55.8 50.6 48.1 50.3 50.4 49.1 51.6 57.2 68.1 78.8 85.4 86 85.8 86.3 82.1 81.3 82.6 83.4 89.1 89.2 89.5 86.8 79.1 77.7 77.8 78.4 78.3 78.9 78.7 81 82.6 82.8 82.6 82.3 79.5 77.3 72.4 70.8 67.4 65.5 67.1 69.5 71.4 77.4 79.7 88.5 96.3 97.6 94.9 94 91.9 89.7 93 95.2 94.7 96.7 98.7 99.1 99.6 99.2 107.8 111.4 109.8 104.6 97.6 91.6 86.5 83.3 79.9 78.7 79.9 78.2 78.5 76.7 75.1 67.1 62.1
62.4 57.6 53.7 53.8 53.5 50 48.5 50 48.6 50.1 61.4 69.7 73.2 78 83.7 86.6 90.8 92.2 90.8 88 85.9 89.1 89.6 89.2 89.6 87.9 84.8 78.8 82.3 85.6 86.5 87 85 90.7 92.1 92.2 91.7 89.6 89.3 87.8 83.6 79.4 70.4 69.1 74.1 77.8 79.3 85.3 94.4 104.6 108.3 105.7 104.8 102.8 99.4 95.8 96.1 99.8 98.3 101.8 101.9 107.7 116.5 115.2 122.1 123.4 124 120.5 112.9 104.3 95.3 95.1 92.2 90.3 90.6 89 87.4 84.8 84.2 78 72.3
53.1 48.7 47.8 52.3 52.7 48.3 47.5 49.7 53.6 57.2 65.8 74.2 78.9 82.2 83.9 87.4 92.9 100.5 107.9 104.5 107.3 103.3 98.6 91.4 90.4 88.3 85.9 86.8 86.4 94 98.3 98.8 95.5 102.4 102.5 101.2 98.4 97.4 98.4 97.5 93.8 89.3 85.4 81 81.2 87.7 91.3 102.6 112.4 115.4 115.4 114.2 112.6 108.9 103.8 105.1 105.1 103.7 103.6 105.3 114.1 122.9 125.8 126.3 128.4 134 134.8 132.2 126.2 116.3 107.4 104 99.8 97 100.7 98.6 98.7 98.4 93.8 88.2 81.9
44.2 43.4 44.1 46.9 46.2 48.3 49.4 54.8 56.4 60.8 71 77.3 83 87.8 89.9 102.6 109.8 120.9 125.5 121.5 122.1 121.7 120 118.5 116.7 112.4 107.8 101.9 102 106.4 109.5 109.5 108.9 115.9 114.1 111.4 108.2 106.3 106.4 106.4 103.1 94.8 89 88.8 89.8 93.8 106.4 115.5 120.7 121.2 121.9 121.1 117.9 112.9 108.5 108.5 109.3 107.9 110.6 118.2 124.9 131.5 133.5 136.4 133.3 140.1 143.8 143.1 134.4 122.5 124 114.3 109.5 108 105.7 108.8 110 109.2 105.3 98.9 91.3
41.7 42.9 42.9 45.8 49.4 49.5 58 61.7 66.5 76 79.6 82.3 86.7 95.1 104 116.5 124.7 133.7 135.9 135.2 136.3 137 133.9 131.1 128.4 124.1 120.5 119.5 119.1 121.3 122.9 125.4 125.4 126.2 124.4 121.4 119.2 117.1 115.9 113.9 106.5 98.3 80.3 95.8 97.4 104.3 116.6 124 126.7 128.8 128.9 126.4 122.6 118 112.4 110.6 110.5 114.1 121 127.4 132.4 135.9 138.7 142.4 140.9 143.7 146.8 145.9 136.5 142.4 141.6 134.1 128.9 126.1 118.4 115 113 110.2 108.2 102 98.1
43.1 43.8 45.9 49.8 52.8 57.4 60.5 69.8 77.9 82.9 85.8 91.3 102 111.4 116 125.7 137.8 143.1 143.8 143.7 144.9 146.6 144.9 142.8 140.4 136.5 135.1 135.5 136.3 137.6 137.9 136.8 134.4 136.8 133.8 131.3 129.1 126.6 123.2 117.9 110.4 102.7 91.9 103.7 106.8 106.9 122.8 128.4 131.3 133.1 132.9 133.3 132.5 130.9 123.4 116.7 119.1 125.9 132.5 135.9 139.6 141.3 144.3 146.5 147.1 149.7 150 151.1 152.4 154 152 149.7 149.8 146.1 143 132.4 125 118.7 111.8 104.1 97.7
43 45.2 46.8 51.1 56.8 59.5 69.4 78.4 86.1 94 98.3 110.8 121.8 125.2 128.4 135 144.2 148.9 150.2 151.2 151.5 153 153.3 157.8 156.4 154.5 153.5 151.2 152.5 152.9 150.9 148 148.5 147.3 143.8 140.3 137.2 134.1 129.4 121.4 111.6 98.8 96.9 108.4 116.4 119.8 122.9 129.5 132.8 134.4 135 136.9 135.2 132 128 129.6 134.5 138.3 143.8 145 147.6 150.4 152.6 152.8 152.9 155.6 156 154.8 159.3 160.4 158.2 158.2 162 161.7 162.5 150.6 145.2 138.4 127.2 116.3 108.8
43.8 49.9 53.6 56.1 60.7 67.8 81.9 91.7 99.3 105.1 116.7 129.3 134.2 138.6 138.5 143.9 147.5 151.7 153.4 157.6 161.2 162.2 162.7 164.4 166.5 166.4 166.4 164.4 167.3 168.7 165.4 160.7 159.4 158.1 153.4 149.7 145.8 141.3 136.3 130.7 122.9 109.6 115.2 117.6 125.1 128.8 132.6 135.2 134 134.6 138.1 142.2 143.8 142.9 142.6 143.4 144.2 148 151.5 151.2 153.9 160 159.8 158.6 157.9 159.5 158.7 160.3 163 162.3 161.8 163.8 169.7 172.5 168.6 162.8 159.6 157.2 149.9 135.6 124.2
49.1 53.8 56 55.6 71.8 81.1 92 101.6 108.6 120.1 130.1 136.1 141.5 144.6 145.4 151 153.8 157.2 159.3 164.1 166.4 169.1 168.2 168 171 173.8 174 174.8 177 178.9 174.2 169.8 167.7 165.9 163 160.2 157.1 150.4 151.8 150.1 141 126.2 129.1 137.6 139.1 145 148.7 150.9 151.2 149 148.4 149.1 152.3 150.1 152.9 156.6 160.4 160.2 159.9 165.1 168.5 168.2 167.5 165.6 164.3 163.1 163.1 166.8 166.2 164.5 164.5 166.9 173.1 172.8 169 169.7 166.9 166 163.8 152.1 143.6
53.8 57.8 57.8 62.8 79.2 88.5 101.7 108.3 119.1 126 133 145.6 157.7 160.1 160.3 158.7 159.6 163.9 164.2 169 171.5 171.8 173.7 173.9 175.2 180 180.1 182 185.3 186 181.2 176.7 174.1 172 170.1 168.8 165.2 159.8 160.7 154.6 135.2 137.2 154.9 160.4 152.6 164.6 166.4 166.6 165.6 163.1 160.4 157.9 161.8 160.5 165.8 169.3 172.9 172.1 172.3 171.5 174 173.2 172.6 172 168.5 167.3 166.3 169.5 168.2 166 166.1 166.7 166.9 167.5 167.6 168.1 172 170.4 166.3 161.2 153
59.1 61.3 66.7 72.5 86.5 94.5 104.2 116.5 131.7 138.7 149.6 156.7 164.5 169.8 168.1 167.4 167.9 168.5 170.1 173.2 174.8 175.3 177.4 179.4 180.4 183.4 185.5 187.9 188.8 188.1 185.7 181.5 176.7 176.6 177.1 174.2 168.6 164.3 161.9 145.3 150.4 158.5 168 168.8 166 172 175.4 173.4 172.4 171.6 168.3 167.9 174.6 177.3 181.2 183.4 186.5 186.5 180.7 184.8 185.6 182.6 179.3 174.3 170.3 168.4 169.2 168 165.5 163.2 160.4 159.4 163.2 161.9 163.2 164.4 165.1 165.8 164.8 162.7 157.9
60.3 70.7 77.5 85.5 88.5 101.9 113.3 115.5 133.8 150.4 156.6 160.8 171 170.9 172.2 174.2 172.6 173.9 174 177.4 179.1 180.6 182 184.7 185.3 183.5 187.4 192.5 191.6 190.7 189.9 184.8 180.3 179.4 180.4 178.2 169.9 163.3 159.9 157.5 158.3 168.1 173.8 174.8 174.7 178.3 181.1 179.4 178.4 176.7 172.4 180 187.5 189.5 193.6 197.7 202.7 203.8 201.2 199.3 196.5 193.4 189.1 184.4 179.1 173.3 169.9 167 164 161.5 160.2 158.4 156.3 156.9 157.1 155.8 154.6 158 159.4 157.9 154.5
67.4 79.3 94.2 108.5 112 113.7 127.9 136.1 132.8 146.1 158.1 160.3 165 168 170.3 174.3 174.1 175.5 177.5 180.2 185.9 185.6 188.2 187.7 189.2 188.7 189.7 192.7 191.1 191.4 189.5 187.4 184.6 182.4 182.8 178.5 172.8 170.9 166.9 162.2 167.3 171 178 179.8 178.8 183.7 183.6 184.1 183.1 183.3 180.5 188.4 198.8 201.3 203.9 211.2 215 215.1 213.1 211.8 208.1 202.5 200.2 198 189.4 179.2 171.7 165.6 161.6 158.2 156.5 154.1 153.8 153.8 153.8 153.8 152.2 150.1 148.3 146.4 144.8
86.8 102.3 116.7 131.3 133.7 130.4 135.3 144.6 150.8 155.5 154.6 158.3 161 164 167.5 171 173.4 177.3 180.1 183.8 186.8 187.5 193.9 192.3 190.9 192.6 194.1 194.9 193.9 193.8 192.2 189.5 187.8 185.2 184.8 180.9 178.8 176.9 175.1 168 170 175.8 182.2 181.9 180.6 184.2 185.4 185.6 184.8 184.8 186.4 197.6 205.4 206.5 212.3 221.6 224.9 221.9 221.6 220 215.5 211 206.2 202.8 193.4 184.3 174.5 169.6 162.8 158.3 153.8 153.8 154.2 153.8 153.8 153.8 149.3 142.8 143.7 144.2 142.7
