data/220000-680000.asc
ncols 200
nrows 200
xllcorner 220000
yllcorner 680000
cellsize 50
[rows 36 to 71 of 200, columns 0 to 81 of 200]
-1.3 -1.3 -1.3 -1.3 -1.3 -1.3 -1.3 -1.3 -1.3 -1.3 -1.3 -1.3 -1.3 -1.3 7.9 19.5 43.2 47.9 55.2 58.9 53.9 54 51 53 57.5 56.4 60.6 67.2 77.6 88.7 102.2 110.9 117.9 120.2 124.4 126.6 131.8 139.4 144.3 149.5 152.8 157.5 168.3 175.4 180.5 192.8 205.2 205.1 199.2 199.9 198.9 191.5 186.4 180.3 172.9 162.3 149.9 134.4 115.8 103.6 92.1 78.6 66.9 40.8 16.6 3.7 -1.3 -1.3 -1.3 -1.3 -1.3 -1.3 -1.3 -1.3 -1.3 -1.3 -1.3 -1.3 -1.3 -1.3 -1.3 -1.3
-1.3 -1.3 -1.3 -1.3 -1.3 -1.3 -1.3 -1.3 -1.3 -1.3 -1.3 -1.3 -1.3 -1.3 6.1 13.2 34.5 44.4 49 56.1 53.4 58.8 52.9 48.9 53 54.7 56.8 63.3 76 89.3 99.8 106.4 112 118.1 121 126.4 132.3 141 145.2 151.6 156.3 163.4 172.1 182.7 196.1 203.4 210.1 210.6 206.3 198.5 196.9 192.1 185.2 179.2 171.6 160.6 150.3 136.3 117.3 103.6 91.7 78.3 64.7 42.3 20.6 6.8 -1.3 -1.3 -1.3 -1.3 -1.3 -1.3 -1.3 -1.3 -1.3 -1.3 -1.3 -1.3 -1.3 -1.3 -1.3 -1.3
-1.3 -1.3 -1.3 -1.3 -1.3 -1.3 -1.3 -1.3 -1.3 -1.3 -1.3 -1.3 -1.3 -1.3 6.6 13.4 35.8 47.8 51.8 53.8 55.4 54.6 52.2 45.8 49.5 51 53.7 59.9 72.9 87.3 93.7 102.1 110.3 121.8 126.7 131.8 134.9 143.4 150 154.8 160 167.6 176 192 205 208.2 210.4 211.6 209 199.9 200 196.2 183.2 177.9 170.8 159.4 150.1 136.1 118.4 103.5 92.9 78.7 62.6 41.9 24.5 9 -1.3 -1.3 -1.3 -1.3 -1.3 -1.3 -1.3 -1.3 -1.3 -1.3 -1.3 -1.3 -1.3 -1.3 -1.3 -1.3
-1.3 -1.3 -1.3 -1.3 -1.3 -1.3 -1.3 -1.3 -1.3 -1.3 -1.3 -1.3 -1.3 -1.3 8 20.8 36.1 49.7 54.9 52.5 52.6 47 45.6 43.8 49.7 49.2 51.3 55.8 73.9 87.5 90.5 100.1 110.8 123.9 132 137.3 142.9 149.2 155.4 161.2 166.9 172.4 179.9 199.9 210.3 214 213.7 213 210.4 201.6 199.6 195.7 183.7 175.9 169 157.4 148 134.1 118.6 103.6 92 78.1 63 43.7 27.9 10.9 -1.3 -1.3 -1.3 -1.3 -1.3 -1.3 -1.3 -1.3 -1.3 -1.3 -1.3 -1.3 -1.3 -1.3 -1.3 -1.3
-1.3 -1.3 -1.3 -1.3 -1.3 -1.3 -1.3 -1.3 -1.3 -1.3 -1.3 -1.3 -1.3 -1.3 12.4 24.9 38 46.8 48.9 50.1 46.4 48.1 43.5 42.4 47.9 47.8 48.6 55.2 75.4 84.8 92.2 101.1 113.4 127.2 138.9 146.3 149.3 153.5 161.6 165.9 174.5 177.6 180.7 201.2 211.3 215 214 210.9 209.2 204.7 198.1 191.8 182.6 173.8 167 156.3 145.5 132.5 116.3 102.5 91.9 76.9 62.1 43.6 31.9 15.2 2.2 -1.3 -1.3 -1.3 -1.3 -1.3 -1.3 -1.3 -1.3 -1.3 -1.3 -1.3 -1.3 -1.3 -1.3 -1.3
-1.3 -1.3 -1.3 -1.3 -1.3 -1.3 -1.3 -1.3 -1.3 -1.3 -1.3 -1.3 -1.3 -1.3 11.6 23.8 43.5 46.3 49 48.8 43.7 43.7 43.2 43.5 46.1 45.1 44.9 56.6 77 85.1 91.1 102 120.1 133.1 143.1 150 154.5 160.5 166.6 174.4 176 178.8 181 196.4 210.5 214 212.1 208.2 205.9 202.7 196.5 189.7 180.3 170.8 163.6 154.9 143.6 130.9 116 101.3 89.4 76.8 60.8 44.5 31.1 20.8 5.4 -1.3 -1.3 -1.3 -1.3 -1.3 -1.3 -1.3 -1.3 -1.3 -1.3 -1.3 -1.3 -1.3 -1.3 -1.3
-1.3 -1.3 -1.3 -1.3 -1.3 -1.3 -1.3 -1.3 -1.3 -1.3 -1.3 -1.3 -1.3 -1.3 9 23.1 42.7 43.6 44.7 43.6 45.3 40.8 41.8 43.2 43 41.7 43.3 62 77.6 84.8 98.9 110 122.7 138.7 151 160.2 162.6 165.5 168.2 175.6 178.1 179.2 180.6 192.5 205.4 209.4 208.1 205.8 201.7 197.5 192.4 186.1 177.9 168.9 159.5 150.2 141.9 129.8 114.9 99.3 88.3 76.3 60.7 47.3 34 20.1 8.4 -1.3 -1.3 -1.3 -1.3 -1.3 -1.3 -1.3 -1.3 -1.3 -1.3 -1.3 -1.3 -1.3 -1.3 -1.3
-1.3 -1.3 -1.3 -1.3 -1.3 -1.3 -1.3 -1.3 -1.3 -1.3 -1.3 -1.3 -1.3 -1.3 7.8 21.2 28.9 36.4 50.2 51.6 45.4 39 39.9 39.6 38.5 37.6 42.4 61.8 77.1 91.2 104.6 116.5 126.7 140 152.4 161.8 166.2 167.3 168.9 178.5 180.1 180.8 182 190.3 199.5 203.5 206 199.8 197.1 192.3 187.8 181.4 174.7 165.1 155.6 146.1 137.7 124.6 112.1 98.1 85.7 75 60.1 49.2 33.5 21.3 11 -1.3 -1.3 -1.3 -1.3 -1.3 -1.3 -1.3 -1.3 -1.3 -1.3 -1.3 -1.3 -1.3 -1.3 -1.3
-1.3 -1.3 -1.3 -1.3 -1.3 -1.3 -1.3 -1.3 -1.3 -1.3 -1.3 -1.3 -1.3 -1.3 8.8 12.5 22.4 34.8 48.4 51.4 42.2 36.5 34 33.6 33.6 33.3 40.4 60.7 80.9 95.8 108 119.6 129.3 139.4 151 160.5 166.2 167.5 173.9 180.4 181.8 188.1 187.7 189.3 193.7 197.8 198.3 197 192.7 189.1 183.3 177.5 170 161.1 150.9 143.7 133 122.8 109.6 96 84.1 73.9 61.7 49.3 34.5 22.9 11 4.3 -1.3 -1.3 -1.3 -1.3 -1.3 -1.3 -1.3 -1.3 -1.3 -1.3 -1.3 -1.3 -1.3 -1.3
-1.3 -1.3 -1.3 -1.3 -1.3 -1.3 -1.3 -1.3 -1.3 -1.3 -1.3 -1.3 -1.3 -1.3 -1.3 9.1 23.5 31.2 44.6 45.9 36.6 32.7 26 26.2 29 29.3 38.2 60.5 77.6 95.6 109.9 119.1 130.2 138.3 148 157.3 165.4 167.7 174.6 182 183.6 184.8 184.8 184.8 189.1 192.4 194.2 193 187.4 184.9 179.4 173.3 166.1 156.2 147.1 137.1 128.6 120.8 108.7 96.1 83.4 73 61.5 48.6 37 25.9 12.4 6.3 -1.3 -1.3 -1.3 -1.3 -1.3 -1.3 -1.3 -1.3 -1.3 -1.3 -1.3 -1.3 -1.3 -1.3
-1.3 -1.3 -1.3 -1.3 -1.3 -1.3 -1.3 -1.3 -1.3 -1.3 -1.3 -1.3 -1.3 -1.3 -1.3 6.6 15.4 27 35.8 35.8 31.8 23.7 19.4 21 24.5 25.6 36.2 59 78.3 94 109.4 119.7 132.8 146.2 153.7 161 167 168.8 173.7 179.7 182 182.8 182.5 180.1 183.9 188 189.2 186.8 183.4 181.1 176.8 170.9 160.6 150.9 142 132.2 125.4 118.5 108.4 95.7 80.1 72.4 62 49.7 40.2 27.5 14.8 8.2 -1.3 -1.3 -1.3 -1.3 -1.3 -1.3 -1.3 -1.3 -1.3 -1.3 -1.3 -1.3 -1.3 -1.3
-1.3 -1.3 -1.3 -1.3 -1.3 -1.3 -1.3 -1.3 -1.3 -1.3 -1.3 -1.3 -1.3 -1.3 -1.3 -1.3 8.3 22.6 28.8 30.2 22.7 20.8 17.7 17.5 20.2 23.3 34.5 58.4 77 92.5 107.4 121.7 137.6 151.5 158.4 162.3 167.3 169.2 173.7 176.7 178.2 179.2 180.1 178.3 178.1 182.6 184.6 184.1 180.8 180.5 174.6 164.2 154.4 146.9 137.9 127.4 119.9 113.1 104.3 92.9 82.3 71.8 63.1 51.6 44.1 31 21 10.1 5.6 -1.3 -1.3 -1.3 -1.3 -1.3 -1.3 -1.3 -1.3 -1.3 -1.3 -1.3 -1.3 -1.3
-1.3 -1.3 -1.3 -1.3 -1.3 -1.3 -1.3 -1.3 -1.3 -1.3 -1.3 -1.3 -1.3 -1.3 -1.3 -1.3 5.4 12 27 24.5 23 18.1 16.4 15.4 19 21.7 32.4 55.6 76 94.5 107.9 121.9 141.4 150.5 156.2 162.8 167.5 169.4 172.7 173.9 175.2 176.2 177.1 175.6 172 177.2 180.7 181 176.6 170.8 166.2 157.5 149.5 142.6 132.5 124 115 109.2 99 92 81.5 72.5 63.7 52.6 46.5 35.3 25.9 15.3 7.7 -1.3 -1.3 -1.3 -1.3 -1.3 -1.3 -1.3 -1.3 -1.3 -1.3 -1.3 -1.3 -1.3
-1.3 -1.3 -1.3 -1.3 -1.3 -1.3 -1.3 -1.3 -1.3 -1.3 -1.3 -1.3 -1.3 -1.3 -1.3 -1.3 5.7 12 15 14.7 14.6 12.6 12.6 13.4 15.4 20.2 30.2 52.4 75.6 94.8 106.7 125.9 138.7 146.6 156.3 166.5 170 170.3 170.6 171.3 172.2 174.5 175.4 172.2 168.3 171.7 175.9 175.2 170.5 164.6 159.9 151.7 144.9 137.9 129.5 120.9 112.7 107.3 99.8 88.3 79.2 72.8 64.3 54.7 47.9 39.4 29.2 20.9 10.9 5.2 -1.3 -1.3 -1.3 -1.3 -1.3 -1.3 -1.3 -1.3 -1.3 -1.3 -1.3 -1.3
-1.3 -1.3 -1.3 -1.3 -1.3 -1.3 -1.3 -1.3 -1.3 -1.3 -1.3 -1.3 -1.3 -1.3 -1.3 -1.3 9.1 10.3 11.7 11.3 9 9.6 9.8 11.3 13 18.9 28.9 52.5 77.7 97.2 112.6 125 134 146.3 155.6 170.1 171.6 171.1 170.6 170.8 170 171.3 174.9 172.6 165.3 167.2 169 167.8 164.7 159.1 153.5 147.7 142 133.9 127.1 118.6 110.9 103 97 87.8 79.6 70.9 64.9 55.8 48.1 42.2 33 24 15.4 8.5 -1.3 -1.3 -1.3 -1.3 -1.3 -1.3 -1.3 -1.3 -1.3 -1.3 -1.3 -1.3
-1.3 -1.3 -1.3 -1.3 -1.3 -1.3 -1.3 -1.3 -1.3 -1.3 -1.3 -1.3 -1.3 -1.3 -1.3 -1.3 -1.3 9.6 11.1 8.2 7.3 7.2 7.9 10.1 11.9 18.7 27 52.4 81.9 100 110.6 120.2 133 146.1 156.9 173.3 177.2 173.1 170.5 169.6 168.7 169.3 173.9 172.9 163.6 161.9 163.1 161 158.8 153.9 149.2 143.6 138.9 130.1 122.1 114.6 109.4 100.2 95.9 85.7 77.5 72.2 64.2 57.4 51.1 45.6 36.1 27.9 19.3 10.4 5.3 -1.3 -1.3 -1.3 -1.3 -1.3 -1.3 -1.3 -1.3 -1.3 -1.3 -1.3
-1.3 -1.3 -1.3 -1.3 -1.3 -1.3 -1.3 -1.3 -1.3 -1.3 -1.3 -1.3 -1.3 -1.3 -1.3 -1.3 -1.3 -1.3 9.8 5.5 6 6.4 7.3 9.6 10.9 17.3 24.7 51.9 81.9 97.9 107.3 116.9 133.6 148.5 159.9 173.1 176.1 172.6 169.8 167.2 165.6 168 175.4 176.4 164.2 157.6 157.4 156.5 153.6 149.5 145.1 141.9 136.7 129.5 119.3 112.6 109.7 103.4 93.3 84.3 75.8 70.4 62.1 57.6 51.8 45.9 38.9 31.1 22 12.6 7.7 -1.3 -1.3 -1.3 -1.3 -1.3 -1.3 -1.3 -1.3 -1.3 -1.3 -1.3
-1.3 -1.3 -1.3 -1.3 -1.3 -1.3 -1.3 -1.3 -1.3 -1.3 -1.3 -1.3 -1.3 -1.3 -1.3 -1.3 -1.3 -1.3 6.7 4.3 4.9 5.1 6.4 7.9 8.7 10 21.8 46.6 76.5 93.2 100.5 112.5 131.4 148.8 159.4 164.6 170.8 171.1 168.6 166.6 165 167.6 172.4 173.4 163 155.6 150.6 152.2 149.5 146.3 144.5 139.2 134.8 128.2 118 110.8 105.6 97 90.1 79.4 72.9 66.5 61.8 57.5 51.5 47.2 42.8 35 26.9 19.2 11.2 3 -1.3 -1.3 -1.3 -1.3 -1.3 -1.3 -1.3 -1.3 -1.3 -1.3
-1.3 -1.3 -1.3 -1.3 -1.3 -1.3 -1.3 -1.3 -1.3 -1.3 -1.3 -1.3 -1.3 -1.3 -1.3 -1.3 -1.3 -1.3 9.9 4.9 4.7 4.5 4.9 6.4 7.3 7.8 8.1 33.2 70.9 88.8 99 107.2 126.9 142.7 152.9 159.3 166.3 168.8 166.8 166 165 164.5 166.9 168.9 161.9 155.2 149.3 148.1 146.6 144.8 143 137.9 133.9 126.1 115.6 107.1 102.7 97.8 91.3 81.8 73.9 69.2 62.5 57.8 53.5 49.9 45.7 38.1 29.9 22.2 13.5 6.2 -1.3 -1.3 -1.3 -1.3 -1.3 -1.3 -1.3 -1.3 -1.3 -1.3
-1.3 -1.3 -1.3 -1.3 -1.3 -1.3 -1.3 -1.3 -1.3 -1.3 -1.3 -1.3 -1.3 -1.3 -1.3 -1.3 -1.3 -1.3 -1.3 11.6 8.2 5.3 5.2 4.9 6.2 7.6 7.8 23.2 64.8 85.6 96.3 108.1 122.5 134.1 143.1 154.9 158.5 162.6 163.1 163 161.4 161.2 162.6 163.7 161.1 155.4 148.6 145.5 142.6 141.6 140.3 137.7 132.5 124.8 114.8 106.7 100.5 99.4 95.2 91.1 83.6 74.7 66.8 62.7 57.5 52 46.7 40.3 31.7 26.5 17.4 8.5 -1.3 -1.3 -1.3 -1.3 -1.3 -1.3 -1.3 -1.3 -1.3 -1.3
-1.3 -1.3 -1.3 -1.3 -1.3 -1.3 -1.3 -1.3 -1.3 -1.3 -1.3 -1.3 -1.3 -1.3 -1.3 -1.3 -1.3 -1.3 -1.3 -1.3 10.9 11.2 6.1 5.7 5.4 6.1 8.6 20.9 59.5 78.2 92.5 102.5 114.5 126.9 137.4 145.6 152.9 157.5 161 161 161 156.7 155.1 155.6 154.3 153.3 146.2 142.1 139.8 139 138.2 137 134.1 126.6 115.9 106.7 102.2 102.7 102.4 100.2 93.3 80 72.4 66.4 59.8 54.9 48.1 42.7 34.9 29.9 23.1 13.5 -1.3 -1.3 -1.3 -1.3 -1.3 -1.3 -1.3 -1.3 -1.3 -1.3
-1.3 -1.3 -1.3 -1.3 -1.3 -1.3 -1.3 -1.3 -1.3 -1.3 -1.3 -1.3 -1.3 -1.3 -1.3 -1.3 -1.3 -1.3 -1.3 -1.3 -1.3 -1.3 7.9 10.1 7.1 5.8 7.9 21.7 54 72.8 87.8 96.7 106.3 117.1 131.7 139 144.3 151.1 157.3 156.6 157.4 154.1 150.3 148.1 145.7 144.7 141 139.3 137.8 137.7 136.8 135.1 132.4 127 120.3 112.6 108.8 111.1 111.6 109.7 104.1 93.5 83.6 72.6 60.1 57.3 50.4 44.9 39 32.9 26.8 17.7 5.6 -1.3 -1.3 -1.3 -1.3 -1.3 -1.3 -1.3 -1.3 -1.3
-1.3 -1.3 -1.3 -1.3 -1.3 -1.3 -1.3 -1.3 -1.3 -1.3 -1.3 -1.3 -1.3 -1.3 -1.3 -1.3 -1.3 -1.3 -1.3 -1.3 -1.3 -1.3 -1.3 -1.3 -1.3 8.5 7.5 24.4 49.9 66.6 80.1 91.1 100.2 108.8 122.1 132.7 137.6 144.7 153.2 153.2 152.2 151 148.7 145.5 144.2 140.3 138.1 136.9 135.9 136 135.4 133.2 131 127.8 123.1 118.8 113.4 119.2 121.3 119.6 111.8 108.4 96.7 84.4 73.4 64.9 53.8 51.1 43.2 36.4 31.3 21.1 9.6 -1.3 -1.3 -1.3 -1.3 -1.3 -1.3 -1.3 -1.3 -1.3
-1.3 -1.3 -1.3 -1.3 -1.3 -1.3 -1.3 -1.3 -1.3 -1.3 -1.3 -1.3 -1.3 -1.3 -1.3 -1.3 -1.3 -1.3 -1.3 -1.3 -1.3 -1.3 -1.3 -1.3 -1.3 -1.3 6.2 18.1 42.8 59 72.1 83.5 96 108.9 118.4 126 133 137.6 144.4 150.3 148.6 147.6 146.5 141 140.6 137.9 135 135.7 134.5 134.9 134 132.5 130.7 131.8 128.4 125.6 122.7 132.6 130.1 125.6 120.6 119.3 107.3 95.6 86.2 73.8 64.2 56.1 47.9 41.2 37 27.5 13.4 -1.3 -1.3 -1.3 -1.3 -1.3 -1.3 -1.3 -1.3 -1.3
-1.3 -1.3 -1.3 -1.3 -1.3 -1.3 -1.3 -1.3 -1.3 -1.3 -1.3 -1.3 -1.3 -1.3 -1.3 -1.3 -1.3 -1.3 -1.3 -1.3 -1.3 -1.3 -1.3 -1.3 -1.3 -1.3 5.1 14.7 31.4 52.3 67.8 76.8 89.6 100.7 109.3 119.2 126.9 132.3 137.6 142.9 141 143.2 141.6 137.9 135 133 132.5 134 133.3 133.3 132.4 131 132.1 133.3 133.5 131.6 133.4 140.6 137.7 132.5 131.9 126.4 115.9 103.2 95.9 84.3 74.3 63 54.2 46.6 42.8 31.2 21.4 7.9 -1.3 -1.3 -1.3 -1.3 -1.3 -1.3 -1.3 -1.3
-1.3 -1.3 -1.3 -1.3 -1.3 -1.3 -1.3 -1.3 -1.3 -1.3 -1.3 -1.3 -1.3 -1.3 -1.3 -1.3 -1.3 -1.3 -1.3 -1.3 -1.3 -1.3 -1.3 -1.3 -1.3 -1.3 4.9 12.9 21.1 42.9 59.8 71.3 84 93.2 102.6 111.7 119.5 126.3 130.4 134.9 137.5 137.1 136.2 133.6 130.7 128.8 130.8 132.3 131.5 130.8 130.3 132.7 134.3 135.4 140.5 138.9 141.8 147 146.2 145.9 144.3 135.5 120.8 109.3 101.9 99.1 86.2 71.8 61.4 54.8 48.9 41.7 27.1 13.1 -1.3 -1.3 -1.3 -1.3 -1.3 -1.3 -1.3 -1.3
-1.3 -1.3 -1.3 -1.3 -1.3 -1.3 -1.3 -1.3 -1.3 -1.3 -1.3 -1.3 -1.3 -1.3 -1.3 -1.3 -1.3 -1.3 -1.3 -1.3 -1.3 -1.3 -1.3 -1.3 -1.3 -1.3 4.8 9.2 19.2 31 50.3 63.9 74.3 86.1 93.1 103.9 111.9 117.9 124.1 129.7 132.9 131 130.8 128.8 126.4 127.5 130.3 130.9 129.8 129.4 130.6 134.3 136 139.8 147 147.1 152.7 157.6 155 157.3 152 142 126.6 118.7 112.3 107.3 94.3 80.6 67.1 65 57.3 52 37.2 18.5 6.4 -1.3 -1.3 -1.3 -1.3 -1.3 -1.3 -1.3
-1.3 -1.3 -1.3 -1.3 -1.3 -1.3 -1.3 -1.3 -1.3 -1.3 -1.3 -1.3 -1.3 -1.3 -1.3 -1.3 -1.3 -1.3 -1.3 -1.3 -1.3 -1.3 -1.3 -1.3 -1.3 -1.3 4.4 8.8 11.9 28.1 40.1 57.7 66 76.7 86.7 94.9 103.6 110.3 116.6 122.6 125.2 126.9 127.1 124.7 121.9 124.8 129.1 129.6 128.5 128.7 131.2 136.5 140.2 148.4 155.3 165.7 168.3 164.8 164.8 162.6 155.3 145.3 132.8 126.4 122.4 120.5 103.6 88.9 73.7 68.6 63.5 59.3 45.4 25.2 11.7 -1.3 -1.3 -1.3 -1.3 -1.3 -1.3 -1.3
-1.3 -1.3 -1.3 -1.3 -1.3 -1.3 -1.3 -1.3 -1.3 -1.3 -1.3 -1.3 -1.3 -1.3 -1.3 -1.3 -1.3 -1.3 -1.3 -1.3 -1.3 -1.3 -1.3 -1.3 -1.3 -1.3 1.5 6.1 8.7 22.5 35.6 46.5 59.5 70.2 81.1 91.1 97.1 103.2 108.7 114 120.5 123.7 123.6 120.1 116.6 120.3 125 127.6 130.5 132.9 135 138.9 148.2 156.8 165.7 175.7 176.8 170.9 172.1 168.9 160.1 149.2 138.4 134.7 127.3 127.2 110.2 95.2 80.1 72.3 64.6 59.1 47.1 32.2 16.2 3.8 -1.3 -1.3 -1.3 -1.3 -1.3 -1.3
-1.3 -1.3 -1.3 -1.3 -1.3 -1.3 -1.3 -1.3 -1.3 -1.3 -1.3 -1.3 -1.3 -1.3 -1.3 -1.3 -1.3 -1.3 -1.3 -1.3 -1.3 -1.3 -1.3 -1.3 -1.3 -1.3 -1.3 4.4 7.4 18.2 33.6 41 53.2 66.2 75.2 85.3 91.8 97.1 102 107.4 113.7 118.3 119.4 114.7 113.1 118.1 122.5 127.5 132.8 136.5 139.1 140.9 150.3 162.2 172.4 182.1 186.3 176 178.3 172.1 162.7 150.2 144.3 136.9 131.7 125.6 114.4 100.9 85.3 75.6 66.1 59.3 50.7 36.2 19.7 7.1 -1.3 -1.3 -1.3 -1.3 -1.3 -1.3
-1.3 -1.3 -1.3 -1.3 -1.3 -1.3 -1.3 -1.3 -1.3 -1.3 -1.3 -1.3 -1.3 -1.3 -1.3 -1.3 -1.3 -1.3 -1.3 -1.3 -1.3 -1.3 -1.3 -1.3 -1.3 -1.3 -1.3 2.9 6.2 10.6 28.5 39.8 48.8 60.8 69.3 78 86.5 90.9 95.8 101.8 106.7 111.4 115.5 109.9 111.1 118.2 124.6 130.1 133.9 136.7 139.5 141.5 155.6 166.2 176.2 185 190.4 181.8 180 175.7 165.4 156.2 148 140.1 136.7 134.7 124.2 104.1 89.2 77.9 68.6 58.9 50.4 38.9 23.4 10.5 -1.3 -1.3 -1.3 -1.3 -1.3 -1.3
-1.3 -1.3 -1.3 -1.3 -1.3 -1.3 -1.3 -1.3 -1.3 -1.3 -1.3 -1.3 -1.3 -1.3 -1.3 -1.3 -1.3 -1.3 -1.3 -1.3 -1.3 -1.3 -1.3 -1.3 -1.3 -1.3 -1.3 -1.3 5.3 9.8 24.9 36.1 47.3 55.3 64.8 73.6 79.4 84.9 91.3 97 101.7 104.7 107.3 104.5 110 119.8 127.9 132 134.5 137.3 140.6 150.5 161.4 171.5 179 186.4 191.1 185 182.5 179.7 169.3 162.5 152.5 141.6 139.1 136.1 129.1 108.6 93.7 81.6 71.3 61.1 51.3 42.1 26.5 13.7 2 -1.3 -1.3 -1.3 -1.3 -1.3
-1.3 -1.3 -1.3 -1.3 -1.3 -1.3 -1.3 -1.3 -1.3 -1.3 -1.3 -1.3 -1.3 -1.3 -1.3 -1.3 -1.3 -1.3 -1.3 -1.3 -1.3 -1.3 -1.3 -1.3 -1.3 -1.3 -1.3 -1.3 3.4 7.8 18.3 30.9 40.3 53.8 62.1 68.3 73 79.9 86.6 92.2 96.9 98.2 99.2 103.6 109.5 118.1 124.9 131.5 134.3 137.5 144.5 155.9 166.3 174.6 180.7 187.6 191.3 187.7 184.6 180.5 171.9 164.1 156.3 144.9 137 133.7 129 112.8 96.3 84 73.5 63.6 53.2 43.1 29.4 16.6 5.2 -1.3 -1.3 -1.3 -1.3 -1.3
-1.3 -1.3 -1.3 -1.3 -1.3 -1.3 -1.3 -1.3 -1.3 -1.3 -1.3 -1.3 -1.3 -1.3 -1.3 -1.3 -1.3 -1.3 -1.3 -1.3 -1.3 -1.3 -1.3 -1.3 -1.3 -1.3 -1.3 -1.3 -1.3 5.7 11.6 26.5 36.1 49.8 59 66 70.8 77.1 82.8 88.9 91.6 92.6 98.9 105.2 109.1 113.4 121 129.1 132.9 137.1 146.2 158 167 176.5 182 190 191.3 189.1 185 180.5 172.6 163.9 155.7 147 139.1 134.3 128.4 114.7 98.7 86.4 76.4 66.1 54 45.3 32.4 19.4 8 -1.3 -1.3 -1.3 -1.3 -1.3
-1.3 -1.3 -1.3 -1.3 -1.3 -1.3 -1.3 -1.3 -1.3 -1.3 -1.3 -1.3 -1.3 -1.3 -1.3 -1.3 -1.3 -1.3 -1.3 -1.3 -1.3 -1.3 -1.3 -1.3 -1.3 -1.3 -1.3 -1.3 -1.3 5.9 9.8 25.1 36.5 46.8 51.5 61.9 69.1 75 79.3 84.2 87.7 93.2 99.2 103.4 108.1 112.5 119.4 127.3 132.1 137.2 146.8 158.4 169.3 177.3 183.3 191.3 191.2 188.6 185.9 180.5 172.8 164.7 157 150 141.8 134 127 118.8 102.6 90 79.6 69 57.3 46.4 35.3 24.3 11.3 1 -1.3 -1.3 -1.3 -1.3
-1.3 -1.3 -1.3 -1.3 -1.3 -1.3 -1.3 -1.3 -1.3 -1.3 -1.3 -1.3 -1.3 -1.3 -1.3 -1.3 -1.3 -1.3 -1.3 -1.3 -1.3 -1.3 -1.3 -1.3 -1.3 -1.3 -1.3 -1.3 -1.3 4.2 10 27.1 33.3 41.5 49.3 56.8 64.4 70.8 75.2 80.7 87.2 91.1 94.7 102.5 108.9 112.8 119.6 126.7 133.1 138.2 147.1 158.5 169.9 178.7 184.9 191.3 191 188.9 185.3 179.4 172.7 165 159.2 157.5 145.1 136 129.4 118.9 105.3 90.4 81.6 72.4 60.8 48.7 37.9 24.8 14.1 3.4 -1.3 -1.3 -1.3 -1.3
