data/220000-950000.asc
ncols 200
nrows 200
xllcorner 220000
yllcorner 950000
cellsize 50
[rows 36 to 71 of 200, columns 83 to 165 of 200]
122.6 125.6 133.6 136.2 138.2 143.7 144.6 146.1 146.4 144.8 141.5 145.2 151.2 162.5 170.9 184.8 202.4 202.4 206.2 202 207.4 212.3 219.1 219.5 221 230.8 236.6 241.8 245.5 249.6 249.3 247.9 279.6 297.5 319.8 348.6 356.4 355.7 348.8 344.7 344.7 344.4 341.8 336.7 331.9 327.3 320 309.3 302.2 298.8 299.3 304.6 315.2 327.5 342.5 347.3 345.5 337.5 329.6 318.9 312 307.5 304.9 301.1 303.3 308.7 310.7 310.6 313.8 316.9 320.5 328.6 332.4 333.6 329.7 327.3 331.4 326.2 317 311.7 305.3 296.6 291.3
128.4 127.4 129.5 137.3 141.2 142.2 144.3 149.4 151.1 148.4 142.6 146.1 156.4 171.4 170 185.7 195.9 202.7 209.4 211.3 208.7 215.7 223.5 227.3 228.3 236.1 244.2 246.2 249.4 252.5 245.6 252 285.2 302.5 322.9 347.5 353 347.6 341.2 339.5 341 341.7 340.1 333.7 328.5 323 316 306.2 299.5 296.6 297.5 305.9 318.7 337.2 352.7 355.5 350.9 343.5 335.3 323.8 316.1 311.6 307 302.9 307.1 310.3 311.5 314.3 319.4 327.8 334.7 337.3 336 335.4 333.5 331 331.9 327.1 319.1 311.1 302.8 295.1 289.5
133.4 133.9 132.9 135.7 142.4 146.5 148 151.4 152.9 150.7 142.4 147.2 159.4 169.3 184.4 194.5 196 198 203.5 212.2 216 219 228.4 232 234 242.9 247.7 251.3 253.3 252.7 245.6 256 280.7 296.4 314.2 334.6 341.8 335.3 336.3 336.9 338.5 338.5 335.2 329.4 324.4 318.4 313.9 307.2 297.2 294.9 298.1 306.4 317.3 335.3 347.9 351.2 348.3 342.7 334.8 324.2 319.3 314.4 309.5 306.7 308.9 311.3 312.2 315.9 320.6 329.2 338.2 341.8 338 335.5 335.4 336.3 331.2 326 319.7 313.8 309 300.4 291.5
136.8 138.7 136.3 137.5 143.1 153.6 154.3 154.1 154.8 151.9 144.6 147.7 158.8 167.4 178.9 192.3 203.8 201.3 201.9 209.8 219.2 224.3 229.8 232 240.2 245 250.2 252.9 255.4 254.6 251 257.7 275 288.2 299.5 315.3 326.1 328.3 331.8 335.4 333.4 330.4 326.6 323.6 319.5 314 310.1 304.9 294.6 294.2 297.9 306 316.9 327.8 336.2 342.7 342.8 337.6 328 319.6 316.8 313.4 311.5 309.2 310.8 312.6 314 319.9 325.9 333 345.6 343.7 340.2 335.3 335.4 335.1 330.7 325.7 322.1 320.2 316.7 308 296.6
140.4 141.2 139.4 143.6 143.6 154 159.2 157.6 155.1 155.4 147.8 148.8 159.6 164.9 182.9 194.2 201.7 206 210.7 214 223.5 236.4 233.3 236.4 242.7 249.3 253.5 257.6 254.9 251 248.9 260.3 267 276.8 285.4 297.3 311 316.2 320.8 323.7 325 323.6 319 315.9 312.3 308.2 303.7 297.2 288.8 291.4 296.5 304 311.4 321.3 325.3 329.7 330.9 325.1 318.5 313.4 310.7 310.7 309.5 309.8 312 316.1 321.3 325 328.3 341.6 344 342.8 342.4 340.8 338.1 335.8 331.6 325.9 324.9 322.7 319.5 312.3 304.8
143.7 143.1 142.7 147.7 147.9 150.8 159 157.6 155.3 154.6 151.5 151.3 156.9 165.2 179.5 194 202.3 209.9 218.1 215.4 217.9 231.3 238.6 239.7 245.7 248.1 254.8 258.2 251.7 245.1 239 255.6 266.4 271.5 278.7 288 296.3 301.6 312.4 317 319.1 315.9 310.7 307.6 303.6 299.3 295.6 289.6 282.2 284.9 290.9 297.1 304.3 309.7 313.3 312.9 312.3 310.4 306.9 304.4 301 307 308.4 310.4 316 321.6 325.3 327.3 331.4 340.8 343.3 341.4 341.1 339.3 337.8 336.2 331.6 325.4 326.4 324.3 320.9 317.2 310.2
146.2 145.5 147.3 149.8 152.6 155.3 157.4 157.4 158.5 156.5 154.2 152.6 157.3 165.8 175.9 188.9 205.3 213.2 217.8 218.1 227.4 236.8 239.7 243.9 246.8 250.4 251.8 248.7 233.2 227.1 226.6 241.1 256.2 263.2 268.3 276.1 278.8 286.4 298.3 304.9 307.9 302.1 295.9 296.7 293 290 287.5 280.8 273.1 277.4 283.2 289.2 295.7 299.4 302.2 300 295.4 295.5 294.3 295.2 298.4 304.6 305.8 313.1 318 324 328.2 336.7 339.4 339.6 340.9 340.1 339.2 337.4 335.5 335.5 331.7 327.5 327.2 325.1 321.4 318.6 314.7
147.7 147 148.8 153.1 157.5 161.4 162.5 160 162 161.1 160.4 154.9 158.9 168.8 178.1 193.5 212.2 217.1 223.9 219.2 234.7 238.4 243.5 245.4 247.7 250.9 247.8 229 222.5 217.5 215.2 220.3 229.7 238.8 249.5 261.2 262.4 267.6 282.7 289 291.2 286.4 285.3 285.5 283.4 284.1 281.5 271.8 264.6 270.1 275 279 285.1 289.7 288.9 287 286.6 285.2 285.5 288 294.6 305.7 318.7 325.5 326.4 327 328.7 334.4 339.2 339.1 337.1 336.6 337.2 335 333.9 334.4 333.3 334.3 331.7 324.1 319.8 316.5 312.9
149.2 148.2 150.8 156.4 161.4 166.2 168.3 165.7 161.5 164.2 164.3 158.1 162.9 171.1 180.8 196.5 211.1 216.8 223.4 228.8 238.7 238.6 242.1 245.5 247.3 243.1 225 216.2 213.4 211.9 211.4 216.9 225.3 232 235.9 241 250 257.7 263.5 269.2 274.5 280.9 282.2 278.2 275.3 277.9 273.6 262.4 257.6 265.8 269.2 272 274 278.2 279.5 278.7 280.1 280.4 280.2 283.7 292.7 307 323.4 328.9 329.8 331.6 335.4 336.1 336 332.6 331.9 334.4 334.7 333 332.5 333.2 333.4 333.4 330.5 325.3 322.3 316.2 311.1
152.7 152.1 154.3 159.3 163.8 167.6 170.5 172.5 163.5 167.2 164.7 161.4 166.9 170.9 181.8 206.6 215.5 217.8 216.3 223.3 232.9 235.6 238 238.7 240.4 236.5 215.7 206.9 206.9 209.5 210.9 223 231.2 234.4 239.9 244.5 255.4 258.2 260.4 265.1 273.4 276.4 272.8 268.8 266.6 265.3 258.8 252 251.8 258.2 261.5 264.5 266.9 268.7 269.6 270.7 271.6 270.4 274 284 295.6 304.8 317.2 324.8 329.6 332.1 335.6 333.9 330.6 328.5 330.1 330.9 331 330 331.3 331 331.4 330.2 327.8 324.7 320.8 316.4 312.4
157.5 157.6 157.6 159.3 164 168 172.1 171.2 165.4 170.1 168.3 163.9 166.2 172.2 177.7 196.2 207.5 213 215.3 223.5 234.7 240.6 238.5 241.1 235.3 225.2 213.6 204.9 205.3 210.5 214.2 227.2 230.3 235.2 242.2 247 254.4 258.8 257.3 258.2 265.6 267.3 262.7 255.6 254.8 254.6 246.2 243.8 247.1 250.7 253.8 257.7 260.1 262.6 265.3 266.2 264.7 264.9 270.2 283.4 297.7 301.9 311.2 321 326.4 332.1 335.2 332.7 326.5 326.8 327.4 327.7 327.7 327.9 329 328.4 329 326.7 324.2 321.5 318.4 315.1 311.1
161.7 163.9 160.8 158.5 160.8 166.2 173 169.9 168.9 171.6 171.3 168.1 165.8 170 176.6 192 212.6 217.4 215 229.3 236.4 244.9 242.5 240 226.8 208.6 206.3 202.3 205.1 209 217.7 227.9 230.9 236.1 240.7 243.4 250.3 254.4 254.5 252.2 251.6 251.4 249.6 246.8 245.8 242.7 239.8 238.7 242.1 245.4 245.9 249.9 253 256.3 257.1 256.8 258.5 262.9 269.8 288.8 298.8 302.9 310 317.9 323.6 330.3 331.4 328.5 326.8 326.8 326.3 327.9 327.3 327.1 325.4 323.2 323.4 323.2 320.7 317.9 315 311.4 308.6
162.1 165.5 163.4 163 165.5 167.9 168.9 168.9 169.4 170.7 171.5 169 167.6 167.8 173.3 189.8 208.5 213.1 218.6 227.8 234.7 232.9 240.6 234.8 213.3 201.3 200.2 204.2 207.3 215.7 219.4 229.4 230.7 237.3 240.6 242.3 244 245 245.2 245 243 238.2 235.9 235.8 235 230.6 231.7 232.1 232.4 235.3 237.9 240.9 245.5 247.7 249.1 250.1 252.9 258.9 269.7 289.5 297 304.3 311.1 320.2 323.4 325.2 326.6 325.6 325.6 326.8 327.6 327 325.5 324.4 322 319.5 317.8 317.6 315.4 313 309.8 306.4 302.7
160.6 162.8 165 167.7 173 179.4 174.6 168.9 169.8 171.5 173 173.3 170 167 168.9 186.6 196.4 214.1 228 231.8 231.1 227.9 224.2 224.2 201.3 197 200.8 204.4 211.2 216.3 220.8 227.9 233.5 233.3 236.1 240 236.6 235.7 236.3 232.9 229.9 228.1 225.5 225.7 224.5 220.6 219.1 222.1 224.2 228.8 232.8 236.5 240.4 242.4 243.6 245 247.8 252 263.7 284.9 294.5 301.5 309.2 316.5 326.1 327.8 325 322.7 323.6 326 326.2 323.2 322.1 320.9 319 317 314.4 311.2 307.9 306.9 306.2 305.3 300.8
158.9 163.3 168.3 172.6 178.6 183.6 178.3 169.9 181.9 179.2 169.3 175.2 176.4 172.5 169.4 175.8 190.4 209.9 224.5 227.3 227.5 222.5 215.6 205.6 192.9 193.1 197.6 205 210.8 214.4 218.8 231.2 236.8 233.8 228.9 229.9 229.4 228.5 225.9 227.9 223.9 223.2 221.8 219.2 217 213 213.5 215.6 219.1 224.3 231.1 236 238.6 239.8 239.7 241.9 246.3 254.2 262 270.8 289.5 296.9 302 308.3 325.5 327.9 321.4 319.6 321.1 321.6 321 318.2 317.1 315.9 315.3 312.8 310.4 307.6 304.9 301 300.5 299.3 297.1
161.6 166.9 176.2 178.1 184.2 185.4 176.8 176.6 184 183.6 180.2 177.4 175.8 177.3 174.1 173 180.8 195.1 209.7 215.7 217 216.3 210 196.1 189 190.3 202.8 207 208 209.8 215.5 225.7 230.9 228.6 225.6 223.5 223 220.9 218.8 218.6 216.3 214.7 213.5 211 208.1 208.2 209.1 214.1 218.4 223.9 229.8 233.5 235.1 234 233.4 238.4 244.3 252.5 258.7 265.1 274.8 288.6 297.9 302.6 315.8 321.4 315.6 316.3 315.3 312.9 310.5 310.8 310.5 311.3 310.3 308.7 305.6 303.3 300.4 297.1 293.2 291.3 289.5
166.4 170.4 181 183.9 188.2 182 177.2 182.7 185.9 185.8 186.1 185.3 183.8 180.9 179.1 177.1 177 181.2 192.5 199.4 205 208.3 205.2 193.2 187.3 194 206.6 206.9 207.9 207.6 210.4 217.5 220.2 219 220.2 218.9 218.1 212.4 212.5 212.5 207.9 204.9 203.3 203.4 204.1 204.2 208 213.4 217.4 222.1 224.9 227.8 229.3 228.5 229.8 234.2 242.2 250 256.5 261.5 269.1 278.5 288.1 300.2 306.6 308.3 309.6 314.7 310 307.5 305.6 303.3 305.6 307.2 306.4 302.8 300 297.9 295.8 291.7 287.2 284.8 281.2
170.8 172 179.5 184.4 187.4 180.1 179 187.6 188.3 188.6 188.7 191.5 192.1 189.5 184.8 181.3 181 180.2 184 189.9 193.2 197.4 199.9 188 188 194.2 199.6 208.1 206.7 207.6 210.1 212 211.8 211.2 210.3 209.9 208.4 205.8 203.3 201.5 197.9 196.9 196.3 196.6 199.3 203.5 207.4 212.3 215.7 220.1 222.3 223.6 221.3 217.8 224 230.6 238.6 246.6 252 259.8 264.1 273.4 282.5 291.5 297 295.2 306.7 308.5 304.6 301.2 298 296.9 297.6 296.8 296.5 294.2 293.1 291.3 289.8 286.7 282.6 278.1 275.5
170.5 172.6 177.7 182.2 182.1 178.3 182.4 188.4 189 189.7 190.2 193.3 197.2 199.1 192.3 186.4 181.3 180.5 182.3 185.3 191 194 190.3 183.5 187.2 191 198.6 204.5 203.4 205.9 210.1 208.9 206.6 205.8 205 203.9 200.6 199 192.9 191 191.4 190.7 191.7 192.5 196.2 201.2 206.3 211.3 216.1 219.1 220.3 218.3 216.2 213.9 218.5 228.2 233.7 239.2 246.8 255.4 256.6 261.9 274.4 284.1 284.4 285.6 292.7 296.6 295.4 294.7 291.6 290.8 290.5 290.2 288.4 287.1 287.2 285.6 283 280.8 277.2 272.8 269.5
171.4 173.6 176.5 180.2 180 179.6 184 187.7 188.6 188.7 194.8 193 195.1 197.8 196.7 191.4 187.4 180.7 177 182.1 191.5 189 181.9 177.8 180 186.2 192.8 198.4 197.2 201.2 206.6 206.4 202.9 202.2 201.6 197.7 193.3 184.6 184.3 185.8 186.1 186.4 188.2 190.4 193.1 197.8 202.8 206.9 212.5 215.6 215.7 214.3 212.5 209.1 214.7 223.4 227.6 232.2 240.2 246.2 251.8 256.8 262.2 267.4 271.5 280.4 285.5 287.4 286.5 283.9 282.2 281.5 281.1 280.2 279 278.3 276.8 275.7 273.2 272.2 270.6 267.7 265.8
180.3 178.4 177.5 178.5 179.8 180.7 184.6 187.4 189.2 187.6 190.5 190.6 191.4 193 194 193.6 190.2 183.8 175.6 175 179.5 180.4 173.7 173.2 177.1 182.8 188.6 188.8 193.2 196.5 196.9 199 199.3 194.5 190.9 186.8 178 176.4 180 181.6 182 182.6 185 187.6 190.6 194.9 199.3 202 206 207.1 207.1 207.1 205.3 207.8 211.2 219.3 223.3 227.5 233.2 241.3 244.8 251.8 257.3 260 265.9 272.3 275.7 278 278.7 277.4 274.9 272.2 270.6 271.3 271.9 270.9 269.8 268.3 266.4 264.4 262.5 261.8 260.6
177.5 183.6 177.4 178.1 180.5 182.1 184.4 186.7 188.7 188.7 187.9 187.2 186.8 189.7 193.3 191 187.8 181 181.6 179.1 173.6 172.2 167.5 171.7 175.2 179.2 183.7 184.5 188.3 189.2 189.6 185.8 181.8 181.6 176.5 171.5 169.3 172.1 176 177.6 177.1 179.3 181.8 184.7 187.5 190.2 194 198 202.4 204.6 205.1 203.9 201.6 206.2 208.7 211.4 215.6 220.4 225.6 233.1 240.1 247.2 252.9 256.3 260.8 263.6 267.3 269.1 270.2 269.9 267.9 265.6 265.8 266 267.6 268.9 266 264.4 262.5 258.4 257.3 256.9 252.6
171.9 174.4 174.4 176.8 181.4 185.3 188 189.2 188 187.5 186.5 185.9 184.6 185.4 185.3 184.4 181.7 180 181.2 178.9 175.8 172.7 164.6 166.3 169.5 174.8 178.1 181.8 184.5 183.1 176.5 172.2 170.4 171.1 166.9 165.1 166.4 168.9 171.7 174.1 173.4 175.7 177.3 178.6 181.2 183.9 187.7 191.4 195.6 198.3 199.2 199 197.6 202.6 204.8 209.5 211.6 215.1 221 226.6 234.6 240.3 245.1 246.7 253.2 255 258.8 259.1 259.7 260.4 259.2 259.3 261.4 262.1 264.6 263.2 260.8 259.5 256.9 254.6 253.5 250.9 246.8
171.5 172.3 172 175.1 178.7 188.1 188.5 186.8 186.8 186.7 185.5 184.5 183.1 181.6 181.3 180.9 178.2 178.1 178.6 179.4 177.3 174.8 166.9 162 162.3 167 172.1 173.7 173.3 168.7 165.2 163.4 164.3 164.4 163.8 164.5 166.2 167.5 169 170.8 171.5 173.1 174.1 174.7 177.5 180.7 182.1 185.2 187.4 191.4 191.7 190.4 192 195.5 201.4 205.8 209.2 213.3 217.9 222.4 228.4 231.6 233.6 235.9 241.8 244.3 248.1 249.5 250.8 252 250.8 254.7 257.7 258 256.3 254.8 255.3 254.3 252.6 251 248.9 244.4 240.8
172.8 172.5 172 172.7 174.2 177.7 180.5 183.5 184.7 185.4 184.8 184.3 181.9 180.2 178.6 177.4 175.4 174.6 173.7 178.3 175.3 169.5 166.4 162.7 160.6 160.7 160.9 163.8 164 162.9 161.8 161.6 162.1 162.4 163.3 165 166.5 167.3 168.2 169.1 169 169.9 170.9 171.8 172.8 173.7 175.9 179.1 181 183.7 182.1 183.9 187.1 190.6 197.4 202.3 207.2 210.7 213.7 216 222.3 223.5 221.9 229.1 235.8 239.6 242.5 244.6 246.4 246.1 246.4 250.6 253.6 252.6 249.3 249.5 250.2 251.3 249.3 247 244.3 239.3 237.5
175.4 172.3 171.1 171.9 171.1 173.2 176.5 179.7 181.4 182.8 182.7 184.1 180.8 179.2 177.6 175.6 174.2 171.2 169.7 169.6 167.4 166 164.6 162.4 160.5 159.6 160.4 160.1 159.3 160.8 161 161.2 161.7 162.6 163.7 165.5 166.2 167 167.8 168.2 168.4 168.7 169 170.7 171.6 172.1 171.6 171.7 174.1 174.9 176.4 179.3 181.8 186.6 191.9 196.2 202.2 202.9 205.3 209.5 211.6 211.7 213.5 220.3 226.7 228.8 234.6 238.9 240.6 240 243.1 246.9 248.8 246.5 244.8 245.1 246.7 248.1 245.8 243.3 239.8 235.1 233.3
173 170.3 169.5 168.6 167.3 168.3 171.5 174.7 179.2 179.9 178 178.4 177.4 176 174.5 172.9 170.9 168.2 166.2 165.2 163.4 164.3 163.5 162.1 160.7 158.8 159.1 160 161.3 161.3 161.6 161.4 161.6 162.7 164.5 164.6 165.6 166.4 167.2 167.6 167.5 167.6 167.7 168.1 168.9 169.4 169.4 170.2 170 170.5 172.6 176.9 179.6 182.3 186.6 192 194 197 199.5 203.5 205.2 203.9 209.4 212.6 217.4 224 229.8 235.8 235.2 231.7 237.8 242 242.6 241.9 241.2 241.5 243 244.1 241.8 239 235.7 229.5 229
162.9 165.3 166 164.5 163.5 164.3 165 168.9 177.4 172.1 172.6 171.1 173 172.1 170.4 168.7 167.8 165.3 162.7 161.2 159.7 159.5 160.2 160.9 159.9 158.7 159.3 161.5 162.3 162.4 162.3 162.3 162.4 162.2 163.4 163.8 164.9 165.8 166.7 167 166.4 166.6 166.9 167.4 166.7 166.8 167.3 168.5 168.4 168.4 169.6 172.8 175.6 179.8 182.6 188.3 189.2 191.8 196 198.5 197.8 196.6 204 207.8 215.3 221.2 226.3 227.9 228.5 229.4 234.1 238.9 241.1 241.5 240.6 240.1 240.8 239.2 236.4 233.3 229.7 225.9 226
154.7 157 159 158.7 158.1 160.3 161 161.6 164.8 162.8 165.6 164.4 167.8 167.1 165.6 164.9 164.2 162.6 160.3 158.7 157.5 157.9 158.4 159.1 157.9 157.8 160 162.1 163.4 163.6 165.2 165.1 165.2 163.9 163.1 163.1 164.1 165.2 166 166.3 165.5 165.6 166.1 166.7 165.7 164.9 165 167.1 167.2 167 167.8 169.4 172.1 173.8 177.7 181.6 183.6 188.2 192.6 193.4 192 195.6 200.7 204.7 211.5 215.7 216.4 218 223.5 228.2 233.6 238.6 240.8 239.6 239.8 237.9 239.5 237.4 233.6 230.3 226.5 224.4 223.9
145.9 148.2 150 150.2 151.7 154 155.4 154.8 154.9 155.7 158.7 159.6 162.7 161.8 161.7 160.8 160 158.8 156.9 155.5 156 156.3 156.8 157 157.5 159.1 161 162.5 163.5 164.1 165.9 168 168.2 166.6 165.8 164.8 163.9 164.3 165.4 164.6 165.6 164.8 165.6 165.2 164.9 164.9 164.9 165.4 166.4 165.5 166.3 167.6 169.1 170.9 174 175.6 178.5 181.7 185 185.8 188.8 194.1 196.3 200.6 204.9 207.4 210.3 216.2 222.2 227.5 232.9 235.8 234.5 235.5 237.1 239.7 238.2 235.1 231.2 227.3 224.4 222.5 221.9
137.9 139.6 142.6 143.9 146.9 149.3 150 148.3 147.7 158.2 157.1 156.5 157.2 157.3 157.3 157 156 155 154.5 153.6 154.4 154.8 155 154.7 157.8 160 161.6 162.8 163.8 164.6 166.5 168.4 169.7 169.4 168.6 167.2 166.4 166.2 166.5 166.5 165.4 164.5 164.5 165.1 164.9 164.9 166.2 165 165.2 165.1 164.9 166.4 167.4 168 169.2 171.9 173.4 174.9 176.7 179.3 185.1 187.8 191.3 199.9 204.9 210.4 213.6 216.8 220.3 224.9 228.1 230.4 232.6 235.2 236.9 238 235.7 231.9 228 224 221.9 220 217.3
128.7 135.5 139.4 140.5 141.4 142.5 140.4 143.2 144 146.5 147.4 154 152.4 152.9 152.8 152.6 152.8 152.6 152.2 151.9 152.7 153.4 154 155.8 157.4 159.5 161.1 162.1 163.3 165.2 167.2 169.1 170.9 170.9 170.4 170.7 170.1 169.4 168.1 167.6 167.1 166.6 167.3 167.3 164.9 164.9 166.4 165.8 164.9 164.9 164.9 165.3 166.1 166.4 164.9 164.1 166.9 169.4 170.4 175.1 178.8 179.9 187 195.3 203.2 209 213.8 217.5 221.9 227.5 231.7 232.2 233.6 235.4 236 235.2 232.2 228.7 225.2 222.2 220.5 218.2 215.2
125.6 131.5 139.6 139.9 140.8 139.1 144.5 143.9 142.8 143.3 144.8 146 149.7 149.9 149.9 150.8 151.5 151.5 150.8 150.4 150.6 153.3 155.4 156.7 158 159.2 160.5 162.1 164.2 166.3 169.6 171.5 171.4 172 173.6 174.3 173.8 173 172.1 170.1 169.6 169.1 168.5 167.2 166.3 164.8 166.6 165.9 164.9 164.9 164.9 164.9 164.9 164.9 164.9 164.9 164.9 166.4 168.3 170.8 172.7 174.8 183.8 191.8 198.9 205.6 209.9 214.3 219.5 226.1 229.7 231.4 233 234 233.2 231.3 228.7 225.8 223 220.4 218.1 216 214.2
125.7 127.6 134.5 137.8 139.8 140.5 142.9 142.5 142.5 143.1 143.8 144.7 145.2 147.1 147.9 149 150 149.9 149.1 150.8 152.8 154.3 155.4 156.6 158.1 159.5 160.7 162.6 165 167.5 169.2 171 171.9 172.7 174.9 176.1 176.7 177.5 176.6 174.5 172.7 170.5 169.5 168.6 168.1 167.7 167.8 166.3 164.9 164.9 164.9 164.9 164.9 164.9 164.9 164.9 164.9 166.2 167.7 167.9 167.9 171.7 177.9 186.4 192.9 200.6 206.1 210.7 216.2 222.5 226.4 230.2 231.5 232.7 230.7 228.3 225.5 222.8 219.3 216.2 213.5 211.5 210.1
122.5 128.6 131.9 136.4 138 141.4 142.9 142.9 144.6 144.8 143.6 144.2 143.6 144 146 147 148 148 149.1 151.7 153.5 154.5 155.6 156.6 157.8 159.3 160.7 162.8 165.2 168.3 169.4 171.2 173.5 175.4 178.2 179.5 180.2 180.4 179.7 177.6 176.9 174.8 171.8 170.2 169.8 168.8 168.2 167.8 166.3 166.4 166.2 164.9 164.9 164.9 164.9 164.9 164.9 164.9 165.9 166.6 166.7 169.4 174.6 180.8 188.2 195.7 201.5 206.5 213 219.1 224.1 227 228.2 228.5 227.6 225.1 221.8 218.6 215 212.2 209.6 207.7 206.3
133.3 136.6 138 151.3 143.7 145.4 142.8 145.5 146.8 147.4 145.7 150 146.6 146.2 145.9 146.2 148.2 149.8 151.3 152.7 153.9 154.9 155.9 157 158 159 161 163 166.1 169.1 171.2 173.2 177.2 179.4 181.9 181.9 182.7 182.9 182.5 182.5 181.1 179 175.9 172.7 171.3 170.3 169.1 168.3 167.7 167.9 167 167.3 164.9 164.9 164.9 164.9 164.9 164.9 164.9 165.8 166.1 167.8 173.4 178.8 184.6 190.5 196.3 203 207.5 214.2 219.3 222.2 222.2 221.9 221.4 220.4 216.3 213.6 210.8 208.4 206 204.1 202.2
