data/220000-70000.asc
ncols 200
nrows 200
xllcorner 220000
yllcorner 70000
cellsize 50
[rows 35 to 69 of 200, columns 0 to 77 of 200]
298.9 298.5 299.5 298.2 296.5 293.3 289.3 285.1 281.4 277.3 272.5 269.4 267.4 268 272.3 277.5 281.8 288.6 293.6 296.7 298.5 300 301.3 302.2 301.1 298.6 294.1 288.3 284.6 280.7 274.2 267.7 259.7 259.6 265.4 271.3 275.6 278.4 279.4 278.7 276.2 273.8 270.4 276.8 281.6 285.6 289.9 292.9 296.5 299.4 300.2 300 298.4 294.3 290.4 286.3 282.6 279.4 278.9 279.7 279.8 279.3 277.9 278.1 280.7 282.8 283 284.5 286 287.5 289.1 291.1 292.5 293.3 294 295.1 296.5 298
298.5 298.2 300 298.9 296.8 293.4 289.7 284.6 279.5 275.4 271.5 269.5 267.9 268 271.5 277 280.6 285.3 291.3 294.8 296.4 298.5 300.3 301.1 300.6 298.6 296.1 290.8 288.6 283.1 276.4 269.9 262.7 260.9 266.3 272.6 277.2 281.3 283.6 283.3 280.5 277.7 275.3 276.3 280.8 285.3 289.6 292.5 295.5 298.1 299.4 298.9 297.9 294 290.1 284.9 281.3 279 280.1 280 279.5 279 278.5 279.7 282.2 283.7 284.5 286 287.6 288.9 290.1 291 291.3 291.9 292.6 293.7 295.2 296.7
298.6 300.4 300.2 299.5 297.5 294.4 290 283.9 278.1 273.5 270.7 269.7 267.6 267.5 271 275.3 278.9 282.5 287.3 290.6 293.6 296.4 298.6 299.9 299.8 298.6 296.2 292.4 288.5 284.1 278.9 272.3 265.1 261.7 266.9 274.1 279.8 283.9 286.8 287.9 285.5 282.9 279.8 278.2 280.3 285 289.3 292.1 294.9 297.1 298.1 297.8 297.1 294.7 290.4 285.1 281 280.5 280.3 279.9 279.5 279 278.7 280.6 282.3 284 285.6 286.7 287.7 288.9 290 291 291.3 291.5 291.6 292.4 294.1 295.6
298.9 300.5 300.7 299.9 297.8 294.5 289 282.8 276.9 272.1 271.1 270.6 268.7 268.2 270.2 272.9 276.7 280.2 283.8 287.4 290.6 293.8 297.1 299.8 300.9 299 297.2 292.3 288.3 283.9 278.6 272.8 266.7 262.3 267.8 275.2 281.6 287.2 289.9 291.5 291.4 289 285.1 283.5 281.7 285.2 288.5 290.9 293.7 295.9 297.3 297.2 296 294.7 291 285.2 281.9 281.1 280.7 280.3 279.9 279.4 279.7 280.9 282.3 284.3 286 287.2 288.3 289.3 290.2 290.7 290.4 290 290 291 292.6 294.9
299.8 300.3 300 299.8 297.6 293.7 285.9 279.3 274 272.5 273.4 271.9 271.1 269.5 270 272.2 274.4 277.5 281.1 285.4 289.9 293.7 298.3 301.2 301.9 300.2 298.3 292.1 287.1 282.9 277.6 272.3 266.1 263.4 268.9 276.4 283.5 289.5 292.8 294.1 294 292.6 290.4 287.4 285 285.6 287.8 290.2 292.7 294.6 296.1 296.6 295.5 294.3 290.5 284.4 282.2 281.5 281 280.7 280.2 280.1 280.8 281.1 282.2 284.2 286.2 287.7 288.6 289.3 290 290.4 290.3 289.5 289.5 290.8 292.7 295
300.9 301.1 300.1 299.8 297.6 292.9 285.3 279.3 275.7 275.8 277.6 276.9 274.7 271.6 270 271.9 273.9 276.8 281.1 286.1 291.5 296.1 300.7 302.1 302.8 301.5 298.5 293 286.7 281.7 276.9 272.2 267.1 263.9 271.7 278.5 286 290.8 293.8 295 295.2 294.3 292 289.3 287.8 287.2 288.6 290 292.3 293.8 294.8 295.7 295.3 293.8 290 283.5 282.6 281.8 281.2 281.1 280.7 280.7 281.3 281.3 282.1 284.1 286.4 288.5 289.4 290.2 290.7 291 289.3 288.2 289.3 291 292.9 295.9
302.3 302.9 301.6 300.1 296.7 291.8 286 281 278.9 280.7 282.6 282.3 278.8 273.5 271.6 272.1 274.1 277 281.8 287.9 294.2 298.5 302.1 303.6 304 302.3 298.2 292.5 286.9 283 278.2 272.5 267.5 265.8 273.5 281 287.2 291.1 293.8 295.4 295.8 294.7 293.1 290.4 289.6 289.9 290.4 291.6 292.9 293.9 295.4 295.7 295 293.5 288.5 283.4 282 281.8 281.4 281.3 281.4 281.4 281.5 281.6 282.1 284.7 287.3 289.3 290.5 290.9 291 290.4 288.5 287.3 289.5 291.7 294.5 297.8
303.5 304 303.7 301.7 297 292.2 288.7 285.2 283.6 285 286 283.3 281.2 277 273.2 272.2 275 277.6 282.7 288.8 295.3 300.3 303.8 305.1 304.7 301.1 297.4 292.1 287.3 283.4 277.4 271.2 268.6 267.6 273.9 281.2 287.1 291 293.2 295 294.3 293.7 292.9 292.1 292.4 293.9 294.6 294.4 294.7 295.3 296.3 295.4 294.2 293.1 288 283.3 282 282 283.8 285.9 285.9 283.9 282.5 282.3 283.1 285.7 288.1 289 289.9 290.3 289.8 287.9 284.8 287.2 290.1 293.3 296.6 301
304.5 305.1 305.4 303.3 299 294.7 292.1 289.7 289.7 290.1 290.2 286.2 282 278.4 275.2 273.8 276.1 279.5 285.2 291.7 297.1 301.6 304.5 304.8 304.2 301 297.2 292.6 287.8 283 275.9 274.7 273.9 268.3 272.8 281 286.7 290.2 292.2 293 292.8 292.1 292.2 293.7 294.7 297.3 299.2 299.5 299.1 296.3 297.1 295.9 294.4 292.2 287.6 284.6 284.2 285.9 288.1 289.2 289 287.3 284.7 284.4 284.7 286.5 287.7 288.3 288.5 288.5 286.9 283 284.8 288.4 293 296.7 300.5 305.7
304.5 306 306.1 305.1 301 298.7 296.3 293.6 294.8 294 293.5 290.6 286.5 281.2 277.3 275.6 277.6 280.9 287.2 292.7 298.4 301.8 304.5 305.2 303.6 300.6 296.5 292.2 287.2 281.2 280.6 282.7 281 273.6 272.2 280.2 285.6 289.1 290.6 290.8 290 290.4 292.9 295.3 297.7 300.6 302 302.4 301.9 299.5 297.5 295.7 293.9 291.7 288.1 286.9 287.3 289.6 290.6 290.7 290.2 288.8 287.7 286.8 286.1 286.4 286.5 286.7 286.4 285.2 282.3 282.6 286.3 291.2 295.7 300.1 306.2 311.7
304.6 306.1 306.6 305.8 304.1 302.3 299.5 297.3 297.7 297.1 296.1 293.7 290.5 284.6 281.4 278.5 277.8 282.6 287.9 293.3 298.1 302.5 305.6 305.5 303.4 299.2 295.1 290.8 285.3 283.1 286.7 287.3 285.6 278.5 271.8 278.6 284.3 287.4 288.8 288.7 287.7 290.8 293.8 296.7 299.5 301.4 302.8 303.3 302.9 300.3 297.5 295.3 293.3 291.2 289.3 290 291.5 292 292.1 291.5 290.7 289.1 287.8 286.5 285.7 284.8 284.1 283.4 281 278.8 280.1 284.1 288.9 293.9 299.2 305.8 310.9 315.5
304.1 305.4 306.3 306.4 305.8 304.9 302.6 301.1 301.2 300.3 298.5 295.7 292.8 288.8 284.8 280.9 279.5 282.7 288.3 293.2 297.7 302.3 305.1 305.1 303.1 299.9 294.3 290.1 287.5 288.6 291 291.1 289.1 283.2 275.4 275.3 281.7 285.1 286.2 286.5 286.6 290 293.2 296.5 299.3 301.6 303.1 303.9 303.1 301.1 297.9 295.1 293 292.5 291.6 292.3 293.2 293.1 292.6 291.8 290.2 288.4 286.5 285.5 283.9 282 280 278.3 277.9 277.9 281.4 286.5 291.9 297.2 302.9 308.2 313.2 317.4
303.1 304.8 306.1 307.5 307.5 306.8 305.7 304.8 304.4 302.8 300 297 294 290.5 286.4 282.3 281.5 283.2 288 291.7 297.6 302.8 304.6 304.9 303.5 300 295.1 291.5 290.8 292.6 293.9 293 291.2 285.6 278.6 274.9 278.3 281.8 283.2 283.4 285.5 289.1 292.7 296 298.5 300.7 302.1 303 302.7 300.9 298 294.8 293 292.3 292.6 293.2 293.7 293.7 293.2 291.9 290.1 288.1 286.2 284.6 281.9 279.8 277.4 276.7 276.3 279 283.9 288.8 294.6 299.8 304.9 309.6 313.4 317.8
301.7 304.1 305.8 307.3 308.5 309.4 309.1 308.4 307.2 304.6 301.4 298.4 295.7 291.9 287.7 283.9 283.7 284.9 288.4 292.6 298 302.1 303.9 304.3 302.9 299.5 295.1 293.5 293.9 295.7 295.8 295.2 292.4 286.5 280 275.9 276.8 278.1 279.9 281.8 284.3 287.5 291.7 294.9 297.5 299.4 300.7 301.4 301.4 300 297.3 294.4 292.7 290.5 292.2 293.9 294.2 294.3 293.2 292.7 291.9 290.7 288.7 286.2 282.7 278.8 276.6 275.3 276.5 280.7 285.6 290.5 295.2 299.7 304.5 309.2 312.7 315.3
300.4 303.3 305.5 308.7 311 311.8 311.1 310.6 309.3 306.6 303.3 300.6 297.1 292.3 287.6 285.9 285.1 286.3 289.5 293.5 297.5 300.9 303.2 304 301.6 298.3 296.7 296 296.8 297.7 297.4 296.1 292.4 286.3 280.8 277.3 277.2 277.7 279 281.2 283.4 285.7 290.2 293.7 296 298.1 299.2 299.7 299.6 298.6 296.9 294.1 291.1 288.5 290 292.1 293.5 293.9 293.9 293.1 292.7 291.6 290 287.6 284.4 279.7 275.8 274.4 275.4 280.5 285 289.4 294.1 299 303.2 306.9 309.7 311.4
299.8 303.3 306.8 310 313.2 313.6 312.2 311.2 309.8 307.8 304 300.8 296.7 292.1 288 286.3 285.4 287.8 290.5 293.1 297.4 301 302.6 303.5 301.8 299.3 298.1 298.7 299.5 299.3 298.4 296.3 292.6 286.2 280.9 278.3 278.5 278.8 279.6 281.1 283.2 285.5 289.7 291.8 293.9 295.4 296.3 296.8 296.8 296 294.7 292.5 289.3 286.7 287.9 289.9 291.5 292.1 292.6 293 292.4 291.8 290.2 287.8 284.8 280.8 275.8 274.3 274.9 279.4 283.8 288.2 293 297.4 300.7 303.4 305.5 306.3
299.7 304.3 308.5 311.7 314.9 316.6 313.9 311 309.4 307.3 305 300.8 297 292.7 289.1 287.8 287.1 288.3 290 293.7 298.3 301.3 302.8 303.2 302.9 300.6 299.5 299.9 300.6 300.3 298.8 295.9 292.6 286.2 280.7 278.9 279.2 279.6 280.6 281.9 283.9 286.3 287.8 289.4 291.1 292 292.9 293.3 293.4 292.8 292 289.9 287.7 284.5 284 286.2 288.2 289.7 290.4 290.7 291.1 290.2 289 286.2 282.7 279.2 274.1 273.5 273.2 276.9 281.4 285.8 290.1 293.5 297.1 299 300.4 301
300.3 304.9 309.4 313.4 316.7 318.4 315.4 312.3 309.9 306.6 304.4 302 298.3 293.9 290.1 288.9 287.9 289 291.9 295.3 298.1 300.9 302.3 302.8 302.6 301.7 301.2 301 300.9 300.3 298.5 295.8 291.3 285.3 280.7 279.5 279.8 281.5 284.5 286.5 287.8 288 286.9 287.7 287.9 288.5 289.4 289.7 289.7 289.6 289.1 288.1 285.8 283 280.9 282.5 284.9 286.6 288.1 288.7 289.6 288.9 287.6 284.1 280.5 276.9 273.1 272.6 272 274.2 278.7 283.2 287.1 290 293 294.6 295 294.7
300.2 305.4 310.2 314.3 318.1 319.2 317.5 314 312 308.8 304.7 301.9 298.7 294.6 291 288.7 287.6 289.1 292.1 295 297.7 299.6 300.9 301.4 301.4 300.6 300.3 300.1 300.1 299.9 298.1 293.8 290.5 286.5 281.7 280.5 281.8 286.1 288.8 289.7 289.1 288.3 287.3 285.3 284.4 284.8 285.2 285.9 285.9 285.7 285.5 285.2 284 281.4 278.4 278.9 281.4 283.2 285 287 287.9 287.8 286.4 282.7 278.4 274.7 272.1 271.2 271.1 271 275.3 280.6 283.5 286.5 288.7 289.6 289.7 288.3
299.7 305.4 310.5 314.9 318.1 319 318.3 315.5 312.6 309.2 305.3 300.6 297.1 293.7 291.3 289 286.7 288.4 291.3 294.2 296.7 298.3 299.4 300 299.9 299.6 299.1 299 299 299.1 298.9 296.3 293.5 291.2 285.8 282.6 285.5 289.8 290.7 290.6 290 288.4 286.5 282.5 281 280.8 280.6 281.4 282 281.8 282.3 282.8 282.2 279.8 275.8 275.6 277.8 280 282 284.1 286.8 286.8 285.1 281.7 277.4 274 271.8 270.6 270.2 269.8 272.5 277.1 279.6 282 283.1 283.3 283.7 282.3
298.2 304.3 309.9 314.6 317.5 318.7 317.2 315.9 312.1 308.7 305.6 300.9 295.2 292.6 290 287.8 285.9 286.9 289.7 292.6 294.8 296.8 297.8 298.1 297.8 297.4 297 297.1 297.8 298.1 298.1 298.1 296.8 295.6 291.4 288 289 291.3 292.4 291.8 289.4 287 283.5 280 278.2 277.2 276.2 276.9 277.6 279.6 280.1 280.7 280.3 277.1 273.3 272.8 274.1 276.8 279.6 282.6 285.7 286.3 284.7 281.1 277.3 274.3 272 271.1 269.9 269.1 269.1 272.2 275 276.8 277.6 277.8 277.7 276.3
296.7 303.1 309.1 314.1 316.1 317.5 315.5 315.4 312 308.2 305.3 301.3 295.8 292.5 288.8 286.5 285.2 285.5 287.8 290.6 292.6 294.7 295.7 295.6 295.2 294.8 294.4 295.1 295.7 296.8 298.1 298.6 298 297 296.1 291.8 292.3 293.7 293.7 292.1 289.3 285.8 282 279.2 277.6 275.3 272.8 272.4 273.6 276 278.6 278.8 278 275.1 271 270.8 271.1 275.3 279 282.1 285.3 286.7 285.1 281.1 277.4 274.6 273.5 273.5 273.9 272.4 267.7 269.1 269.7 271.9 272.5 271.9 270.5 268.9
295.4 301.9 308.5 312.7 313.9 315.1 313.7 314.7 313.1 308.3 304.7 302.3 298.7 293.5 288.2 285.7 284.2 284.2 286.6 288.6 290.6 292.6 293.4 293.1 292.7 292.2 292 293 293.7 295 296.9 298.9 299.4 298.7 297.7 293.6 295.6 295.6 294.7 292.8 289.6 286.1 283 280.1 278.2 276.8 271.6 269.5 270.9 273.9 275.8 277.6 277.2 273.7 269.7 269.4 269.9 274.2 278.5 281.9 285.4 286.3 284.5 281.5 278.1 275.7 275.3 276 277 275.7 271.1 264.6 262.2 263.8 265.6 265.2 263.1 261.6
293.2 300.4 307 311.2 312.1 313.1 311.9 312.2 311.9 307.8 305 302.4 299.9 294.9 289.9 286.3 283.6 283.5 285.4 286.7 288.5 290.4 290.9 290.6 290.2 290 289.8 290.9 291.9 294.4 296.9 298 298.5 298.3 297.5 296.3 296.4 296.2 295.2 293.9 291.6 287.9 285.3 283.5 281.8 278.6 273.4 268.5 268.6 271 273.4 275.3 276.6 273.9 270 267.6 268.5 272.3 275.3 279.5 284.1 285.2 282.9 280.6 278.4 276.9 277.2 277.7 278.1 276.9 274.1 268.6 260.3 255.6 257.1 258.2 257.1 256.3
291 298.3 305.8 308.3 309 309.5 309.3 309.3 310.1 307.3 304.6 302.7 299.8 295.8 291.6 287.1 283.1 282.5 283.6 284.9 286.7 288.8 288.8 288.4 287.5 287.1 288.2 289.5 291.8 294.4 296.4 297.2 297.5 297.4 296.3 295.3 295.6 295.6 295.5 294.3 293 290.1 288.1 285.9 283.2 279.5 274.3 267.7 265.4 268 270.8 273.6 276 275.2 272.1 265.8 266.1 269.2 271.7 275.4 280.1 281.8 279.2 278 277.4 278.2 278.8 279.4 278.4 276.8 274.1 270.8 264.4 256.2 251.6 251.6 252.7 251.6
287.8 295 300.6 303.9 304.5 305 306.9 306.7 308.6 306.6 304.2 301.3 298.3 294.8 290.7 287.2 282.2 281.8 281.9 283.3 285.7 287.4 287.4 286.1 284.3 284.7 287.1 289.1 291.6 293.9 295.3 295.8 296 295.5 294.2 293.7 294.7 294.7 294.6 294.2 293.1 291.2 289 286.4 283 279 274.5 268.2 263.3 263.7 267.2 272.3 274.6 274.5 271.7 266.9 263.5 265.6 268.1 271.5 275 274.9 275.4 274.8 276.5 277.8 279.5 279.5 278.3 276.6 273.5 270.1 265.5 259.3 252.9 249.3 248.2 247
284.7 291 295.9 298.2 299.4 300.9 303.3 304.2 305.2 304.4 302.8 300 296.7 293.6 289.5 284.1 281.1 280.9 280.7 283.1 285.3 285.9 286 284.1 282 282.9 285.5 288 290.2 292.1 293.5 293.7 293.9 293.1 291.1 291.7 292.4 292.8 293 292.7 291.6 289.7 287.8 285.9 283.5 280.4 276.6 270.8 263.7 260.3 264 269.3 271.8 272 270 266.4 259.6 260.5 262.4 264.2 266.9 269.3 270.6 272.3 275 276.9 278 278.5 277.7 276 273.1 268.6 263.7 259.3 254 249.1 247.1 245.5
281.5 286.9 290.1 292.5 294 297.3 299.5 301.6 302 301.1 299.9 297 293.8 290.5 285.8 281.7 280.2 280.2 280.1 282.7 284.1 284.8 284.4 282.9 280.3 280.8 283.5 286 288.5 290.3 291.6 291.7 291.5 290.6 288.2 289.3 290.1 290.5 290.9 291.1 289.7 287.9 286 284.2 281.8 278.7 275.9 271.8 264.5 259 261.5 265.6 267.9 268.4 267 263.8 258.4 256 257.3 259.1 261.8 264 266.1 269.6 272.9 275.3 276.4 276.6 276.4 275.2 272.6 268 263 258.3 254 250.2 247.7 245.7
276.7 281.6 284.6 286.6 289.3 293.3 296.7 299.3 299.8 298.8 296.5 292.9 290.1 286.9 283.4 280.7 279.9 279.4 279.2 280.7 282.7 283 282.6 281.2 278.1 278.2 281 283.7 286.5 288.3 289.3 289.6 289 288.2 285.6 286.1 287.8 288.6 288.6 288.2 286.8 285 283.2 281.4 279.1 276.2 274.1 271.3 265.8 257.7 258.2 260.6 262.7 263 262.2 260.6 256.1 250.6 252.3 254.5 256.9 259.3 262.9 266.4 269.9 272.8 274.2 275.1 275.1 274.4 272 267.2 262.4 258.8 256.5 254.7 251.9 248
271.8 275.7 278.5 281.5 285.5 289.8 293.7 297.3 298 296.8 293.9 291.4 288.4 286.2 282.8 280.7 279.8 278.8 278.2 279.6 280.4 280.7 280.3 278.7 276.6 275.7 278.4 281.5 284.3 285.9 286.9 287.2 286.8 285.4 282.6 282.8 284.7 285.5 285.7 285.3 284 282 280.1 278 276.2 274.2 272 269.8 266.3 259.8 253.6 255.2 256.8 257.3 256.8 255.6 252 247.2 248 250 252.4 256.1 259.7 263.2 266.8 269.6 271.5 272.4 273.3 273.2 271.8 267.7 266.6 264.5 262 258.2 253.9 249.1
265.9 269.6 274.4 277.9 282.6 288.8 294.1 296.2 296.5 295.8 293.1 291.3 289.2 287.6 284.2 281.9 280.2 278.7 277.2 277.2 277.7 277.9 277.4 276.5 274.5 273.5 276.5 279.4 282 283.4 284 284.1 283.9 282.4 279.7 280.2 281.5 282.2 282.4 281.7 280.4 278.6 276.6 274.5 272.3 270.9 269.5 267.4 264.6 259.7 252 250 250.1 251 250.5 250.3 247.5 244 244.5 246 248.7 253.1 256.5 260.1 263.6 266.7 269.1 270.1 271.2 271.3 270.7 271.2 268.9 267 263.8 259.8 254.6 248.7
259.9 265.2 271.5 276 284 289.2 293 295.1 294.9 294.2 293.8 292.2 290.4 288.4 286.3 285 284 278.8 276.7 275.8 274.9 273.9 273.5 272.7 271.6 271.9 274.5 276.9 279.3 280.9 281.5 281.3 281 279.3 276.6 276.7 278.4 278.9 279.3 278.5 276.8 275 273.2 270.9 268.5 267.2 265.9 264.7 262.1 258.5 251.9 245.7 246.5 246.3 245.7 245.5 243.3 241.6 241.6 242.9 245.3 249.8 253.4 256.6 260.4 263.8 266.1 267.9 269.1 269.3 269.7 270.4 269.5 267.4 264.2 259.1 254.2 248.6
255.6 262.1 270.1 277.8 284.7 288.8 291.7 293.6 293.4 293.1 292.7 292.9 292.1 291 291.9 291.5 289.2 283.2 278.7 276.7 275.2 273.7 270.8 269.6 268.9 268.9 271.2 273.7 276.7 278.3 279 278.8 278.1 276.3 273.1 273.5 275 275.5 275.9 275.7 273.2 271.4 269.7 267.7 266 264.5 263.2 261.3 259.1 256.1 251.9 246.7 243.8 243 242.4 241.3 239.9 239.9 239.9 241.2 243.1 246.5 250 252.9 257.1 261.1 264 265.9 266.8 267.5 268.9 269.3 268.2 266.3 263.2 258.9 252.8 246.3
255.3 263.8 272 278.7 283.6 287.4 290 292 292.6 292 293 295 295.2 294.9 294.9 293.7 291.1 285.2 281 278.7 277 275.7 273.4 270.7 267.2 266.9 267.7 271.2 274.6 276.3 276.6 276.3 275.2 272.8 270.7 270.6 271.6 272.9 274.1 274.4 272.3 270 267.9 265.8 264.1 262 260.3 258 255.8 252.8 249.8 245.3 242.2 241.4 240.4 239.5 238.8 238.7 238.7 239.9 241.5 244.3 247.4 251.9 256.3 259.9 262.2 263.2 263.9 265.1 267 267.5 266.5 264.5 260.1 254.8 248.6 241.5
256.9 264.6 271.7 277.7 282 285.7 287.5 289.5 291.4 292 293.8 296.7 298.4 299.4 298.5 296 292.4 287.1 283 280.1 278.8 277.4 275.8 274.1 271.4 267.6 266.1 268.9 272.4 274.8 274.6 273.8 271.9 269.3 267.5 267.9 270.2 271.5 272.3 272.5 271.1 269 266.7 264.2 262.2 259.7 257 254.3 252.6 249.1 246 243.3 241 240.1 239.3 238.5 238.2 238.6 239.2 240.3 241.3 244 248.8 252.5 255.4 257.5 259.1 260.2 260.6 262.3 264.2 265 262.9 259.5 255.6 250.5 243.8 239.3
