data/220000-860000.asc
ncols 200
nrows 200
xllcorner 220000
yllcorner 860000
cellsize 50
[rows 0 to 33 of 200, columns 0 to 77 of 200]
738.2 761.7 774.6 784.6 793.4 797.9 796.8 792.1 772.5 745.7 683.5 645.8 620 597.1 584.2 583.3 584.9 591.5 599.2 604.8 608.7 614.1 620.4 629.9 648.3 671.2 704.9 737.9 770.1 796.4 817.7 834.1 846.1 854.1 854.5 839.7 821.5 807.7 798.4 794.9 783.1 776.8 768.7 766 764.4 759.8 758.9 755.9 756.5 751.4 749 744.6 742.3 738.7 739.3 738 734.8 707.6 668.3 643.4 608 594 592.6 594.8 598.2 617.9 639.8 662 672.9 682.2 682 682.8 683.4 676.2 656.6 646.5 639.1 605.7
737.3 759.9 771.6 781.5 791.9 794.3 789.8 782.1 748.1 705.1 658.5 618.9 598 580.3 569.7 566.7 570.9 580 586.5 594.3 597.6 602.3 608.3 616.4 630.8 656.1 688.9 724.5 761 787.4 813 832.7 848.8 862.4 870.8 868.4 855.9 841.8 833.1 825.2 815.1 811 800.2 792.8 786.1 778.8 775.1 774.6 773.5 769 771.3 769.8 764.7 758.3 759 757 753.5 747.5 735.6 699.9 654.9 623.4 604.6 599 601.2 610.7 629.9 653.6 669.9 677 677.4 676.3 667.6 645.6 634.8 623.1 596.9 579.2
736.8 758.9 769 778.2 787.1 787.7 781.9 765.3 717.2 661.2 627.2 595.9 570.2 565.3 559.1 558 564.9 571.4 577 586 589.1 592.5 597.6 606.1 622.5 646.4 679.2 712.5 748.1 778.8 805 830.1 848.2 867.9 882.8 890.2 886.7 880.2 870.6 861 849.3 837.2 825.8 820.3 809.3 802.2 795 788.5 789.8 784.3 788.5 789.9 789.2 789.6 786.9 787.6 782.4 769.8 766 740.5 716.9 681.6 641.4 617.5 614.7 617.6 634.4 652.6 663.4 659.2 657.2 643.9 625.8 614 606.2 584.3 566.8 557.5
736.7 756.8 766.1 775.2 781.3 779.8 772.2 747.6 681.2 636.1 603.7 580.3 557.8 549.3 549.5 549.9 560 563 569.6 578 580.9 584.4 590.7 599.6 615 641.5 670.7 702.9 739.2 770.4 798.5 824.2 845.5 869.4 887.4 901.6 906.2 902 896.2 889.5 881.5 869 854.3 838.6 832.2 829.9 819.1 818.4 814.2 808.6 803.3 806.8 806.9 810.5 811.4 810.2 813.7 806.1 783.7 759.7 743.4 712.6 676.6 645.1 630.5 636.6 650.9 661.6 662.5 660.4 639.3 617.9 601.3 586.6 573.3 557.9 547.1 544.7
734.7 754.4 763.8 771.8 774.7 772 744.7 722.4 657.6 612 582.8 564.3 549.5 543.6 541.1 544.7 552.2 556.4 561.8 569.3 571.8 575.3 582.5 590.9 604.2 628.2 659.5 692 731.2 762.4 793.2 818.3 842.6 865.1 886.6 905.6 917.9 921.7 918.6 912.4 907 899.9 890.8 870.6 858 850.3 842.8 843.6 831.9 830.8 826.4 813.2 813.9 820.2 827.7 829.4 833.1 827.2 800.4 765.1 749.6 718.7 683.7 665.9 657.4 662.2 669.1 672.7 676.1 663.3 635.2 606.6 583.6 565.8 555.4 543.2 537.2 537.2
732.4 752.2 762.2 768.8 771.2 767.3 717.5 688.8 634.1 588.6 568.3 550.3 537.4 537.2 536.5 540.2 546 551.5 555.1 561.1 562.5 567.3 573.2 579.2 594 614.7 646.7 681.1 718.7 753.6 784.2 810.8 836.6 858.8 881.5 901.2 918.4 931.1 933.2 930.5 926 921.5 915.9 908.2 890.6 877.9 866 858.3 849.9 843.6 837.9 829.6 828.4 831.4 840 848.4 854.9 851.4 822.8 777.8 759.5 730.3 698.7 683 681.5 690.6 698.6 705.8 705.2 679.4 636.3 600.5 573 555.3 543 537.2 537.2 537.2
732.4 749.5 758.8 765.3 768.4 757.1 725 654.8 614 577 551.9 540.5 531.8 530.8 533.7 535.8 540.7 546.4 551.4 555.1 554.7 559.5 563.6 568 582.6 601.7 637.9 668.5 704.4 740.8 774 802.2 828.1 852.8 874.6 895 913.6 927.7 937 941.4 940 937.1 933.7 929.1 922.5 912.2 890.5 874.3 867.1 861.9 857.1 854.3 858.8 862.9 871.2 875.2 872.9 867.3 844.7 802.7 762.6 739.2 728.6 722 717.4 717.5 726.6 733.9 736.3 708.1 637.8 595.6 570.2 548.4 537.2 537.2 537.2 537.2
730.9 746.2 755 761.2 764.7 753 714.3 641.2 605.7 576.2 547.5 532.7 529.6 528.1 529.8 532 535.2 540.8 544.9 547.2 547.4 551.6 554.5 559.2 571.3 590.9 621.4 655.8 693.9 729.3 764.5 792.8 819.2 845.8 867 886.2 904.6 918.7 930.8 938.1 942.7 946.9 944.9 943.2 939.9 935.6 929.5 911 895.2 887.1 887.6 887.6 892.7 898.1 897.2 893.3 887.3 880 859.8 818.5 775.7 750.6 750.5 742.4 738.1 742.1 751.9 757.8 760.6 736.4 655.1 598.7 567 542.4 537.2 537.2 537.2 537.2
726.7 741.9 750.3 756.3 760 752.6 725.3 641.7 588.7 564.7 544 526 522.8 524.4 526.7 528.6 531.7 537.9 541.9 543 542 544.3 547.5 551.5 561.2 579.4 607.7 642.5 679.1 718.1 755.3 783.1 810.3 837.2 857.5 876.8 892.2 907.2 919.1 927.9 934.2 939.9 945.3 948.8 948.1 946.2 942.6 937.9 932.1 921.5 921.3 918.1 916.3 914.8 911.3 906.1 900.4 891.7 873.5 839.8 810.3 779.6 759.5 754.6 752.3 759.1 768.6 773.9 776.1 742.4 681.8 615.3 570.4 544.7 537.2 537.2 537.2 537.2
723.8 736.9 744.2 750.6 752.5 742.9 701 622.3 581.2 554.8 536.3 524.1 518.4 518.5 523.7 527.6 531.2 535.4 537.6 538 537.5 538.4 540.6 544.2 551.3 567.8 594.2 625.7 667.4 704.8 740.8 771.2 799.7 825.9 846.1 861.8 878 891.4 903 915 922 928.8 933.5 937.4 939.4 940.4 938 936.8 932.6 928.3 925 922.4 920.7 919.6 917.1 913.2 908.6 901.3 888.1 855.2 827.5 809.8 788.7 774.2 778.3 782.4 794.2 791.7 772.8 725.7 679.2 628.1 581.6 559 537.2 537.2 537.2 537.2
721.4 730.9 737.6 743.7 744.1 721.8 670 604.8 573.6 548.7 530.3 516.6 513.6 515.1 518.9 524.4 528.6 531.7 532.5 532.6 532.8 533.6 532.6 537.9 544 558.1 579.8 610.8 649.6 688 720.2 758.8 786.6 810.6 832.9 849.7 863.2 876.4 887.2 898.7 908.4 915.7 920.9 924.9 927.4 928.6 928.1 925.8 922.5 919.7 917.8 916.5 915.9 916.3 916.4 914.1 911.2 907.2 899.6 878.6 848.5 825.4 810.5 803.2 808.6 818.6 824.9 809.6 768.4 723.4 684.8 644.2 612.3 576.1 537.2 537.2 537.2 537.2
717.1 723.6 730.8 736.7 734.8 708.2 652.7 594 564.8 541.7 523.8 515.6 512 509.7 511.8 519.1 523.4 527 528 527.4 527.8 528.2 527.6 529.4 535.1 549.3 570 598.5 630.7 672.9 712.4 746.9 774.3 798.6 819 834.2 849.6 860.7 871.2 882.1 893.5 902.1 908.7 913 915.6 916.4 914.7 911.6 908.1 905.7 905.3 904.9 904.6 906.2 908.3 908.6 908.3 907.8 904.7 895.6 865.8 844.7 835.4 828.8 846 852.9 853 849.2 846.3 803.2 764.8 710.6 660.2 617.5 570.7 537.2 537.2 537.2
711.7 716.9 723.7 729.4 726.7 694.1 629.7 594 563.3 537.4 521.4 514.5 509.1 506 505.5 515.9 519.1 521.3 522.5 522.1 522.9 523.3 524.6 524.5 529.5 542.1 560.8 585.9 618.3 657.7 697.1 731 760.8 782.7 802.1 818.8 832.8 845.2 856.4 867.7 878.6 888.2 895.8 901.1 902.8 901.9 900 889.2 874.6 880.6 885.9 888.5 890.8 893.9 896.5 899.1 900.7 903.2 905.6 902.6 895.5 888.9 882.7 879.5 877.9 876.6 875.3 872.1 868.1 831.1 799.8 753.9 712.5 661.1 602 562.7 537.2 537.2
705.4 711.3 718.7 722.5 719 677.1 626.4 593.9 562.9 535.6 519.4 509.2 503.8 499.7 499.6 505.3 511.1 515.5 517.7 518.1 518.9 520.2 521.4 520.8 524.6 534.7 551.6 574.7 603.8 643.6 676.9 709.5 743.8 765.9 784.7 799.2 812.9 825.2 838.5 850.9 862.2 873.8 882.3 887.2 888.6 887.1 876.8 856.5 836.9 839.7 845.4 867.8 874.2 877.9 882.2 886 889.4 892.8 900.4 904.2 904 903.4 902.7 904.2 899.3 897.8 893 887.7 880.5 843.1 809.5 773.9 742.3 712.1 661.4 598.9 567.3 537.2
699.3 706.3 713.9 717.5 713.7 669.1 621.9 589.2 558.4 531.6 513.1 505.5 499.2 494.5 497.2 502.3 504.3 509.1 512.4 514.5 515.3 516 514.6 516.2 520.2 532 546.2 566.7 591.7 622.8 657.9 691.7 730.9 751.4 766.1 781.2 797 808.4 823.6 836.2 848.8 859.7 869.1 874.3 874.5 872.3 839.4 818.4 802.5 801 815.9 842.1 855.3 859.6 862.1 866.5 871.9 880.9 894.1 900 904.5 907.1 912.2 914.6 913.9 910 904.4 898.5 885.7 867.2 825.2 793.8 758.9 736.5 697.6 653.1 613.4 584.6
692.7 702.3 708.7 712.3 708.3 663.6 616 581.8 552.1 526 514.4 504.7 498 489.2 494 498.3 500.6 503.2 504.8 509.6 509.6 509.8 508.2 511.2 517.4 527.7 542.1 561.7 585 612.1 649.4 683.5 717.5 738.7 753.3 763.4 777.7 791.8 807.4 823.6 836.4 847.5 855.3 859.4 859.7 856.8 821.2 797.5 778.6 777.6 790.1 817.5 834 837.9 838.9 844.4 855.3 869.1 881.9 891.9 898.5 905.9 912.5 919.1 920.9 915 906.9 895.5 881 865.9 847.6 819.1 775.2 741.3 708.7 679.8 629.7 608.9
685.6 697.2 704 707.2 704.6 656.5 611.9 575.7 547 522.7 509.6 500 491.9 485.9 489.3 495.3 496.5 498.6 501.8 503.9 502.6 502.3 505.7 507.5 511.4 522.5 536.9 554.5 575.6 600.4 634.6 665.8 702.3 721.2 737.5 749.2 760.7 776 792 808.8 824.3 835.4 843 845.6 843.6 828.1 785.8 772.2 759.9 759.4 765.7 787.2 810.9 809.6 815.4 827.4 840.6 857.7 873.3 881.5 889.4 898.6 907.4 918.7 920.3 912.9 901.2 886.9 870.4 856.4 833.1 808.4 788.3 763.3 708.9 678.9 642.9 617.2
678.2 690.5 699.5 701.9 699.3 661.5 609 569.8 539.9 517.8 501.2 490 489.3 482.2 489.2 491.5 494.5 496.5 498.3 499.6 498.6 497.3 503.2 503.6 507.3 518.7 532.6 548.3 567.4 588.3 619.2 647.3 685.5 706.2 719.9 734.2 745.6 759.5 777.1 794.9 811 822.8 830.4 829 811.9 795.9 764.8 748.2 732.8 729.7 738.5 753.3 778.5 785.5 798.2 814.3 829 846.7 861.1 869.8 879.9 889.4 899.7 910.7 912.2 904.5 889.3 876.4 861.1 840.8 812.9 791.8 778.1 756.8 723.3 668.8 643.6 617
669 685.2 693.1 697 695 665.2 607.1 564 533.3 508.5 498 487.5 484.6 479.3 485.4 490.1 492.1 494.1 494.7 495.8 495.3 496.1 500.5 502.1 506.6 515.9 527.3 542.8 559.3 577.9 602.4 631.2 665.6 688.2 705 719 733.3 747.9 763.7 782.7 797.7 808.8 815.4 799.9 770 748.6 736.3 713.1 700.6 698.2 705.8 722.4 752.7 770 782.2 799 813.7 831.4 845 857 869.4 879.8 890.6 899.4 900.1 892 880.8 869.3 852.6 827.2 796.8 781.2 770.2 748.7 724.9 690.2 666.4 641.3
659.2 679.1 687.8 692.7 692.1 668 598.5 558.7 525.6 501.4 487.8 481.7 480.6 478.8 481.5 486.2 489.5 491 491.5 492.2 490.9 495.4 498.7 501.3 505.8 515.6 524.1 538 552.8 569.9 590.4 615.7 644.4 671 691.1 706 720.6 736.4 753.9 769.3 784.1 792.8 789.8 756.4 730.6 711.6 697.8 687.5 676.8 674.6 680.2 699.7 728.3 754.3 768.8 783.7 797.9 815 829.4 844.7 857.1 869.5 881.5 888.1 885.8 880.1 873.3 860.4 844.2 813.5 783 773.2 759.5 736.8 710 684.7 664.9 650.8
647.6 671.4 682.6 687.6 683.1 671.6 591.5 546.5 514.8 493.4 482 476.9 473.3 475.1 478.8 484.9 487.1 487.6 487.4 487.9 489.4 493.9 498 500.2 505.4 511.6 521.3 534.3 549.6 565.5 583.8 604.5 630.7 657.3 676.4 692 709.3 725.4 742.2 757 771 778.4 772.9 724.4 692.4 681.8 672.8 658 651.1 653.7 658.4 676.4 702.3 727.7 746.7 761.4 781.1 799.3 814.8 827.7 845.8 858.4 867.7 874 873.9 870.2 863.7 851.1 837.1 805.5 780.9 765.5 751.5 725 704.1 676 662.9 656.1
635 660.2 676.7 683.3 645.3 641.7 583.9 532.3 503.5 483.2 473.4 470.4 468.3 470.1 478.2 482.6 485 484.3 483.5 483.4 488.8 492.7 496.8 500.9 506 513.3 519.5 533 548.4 563.8 579.2 596.5 619.7 642 662.1 679 696.7 714.5 730.4 745 756.1 751.7 725.9 696.6 666.7 656.3 648.9 636.7 636.4 639.6 644.6 656.1 674.2 705.4 725.6 740.9 762 781.5 798.8 812.6 830.1 845.8 855 860 861.1 859 853.4 843.3 832.5 810.1 777.5 757.7 742.6 719 699.4 670.1 654.4 648.7
615.9 644.1 669.1 674.3 630 594.8 568.1 516.2 493.3 479.1 470 467.2 466.4 465.4 471.1 479 481.2 480.9 480.5 485.6 488.5 492.2 496.6 500.2 504.9 513.8 519.3 533.4 548.3 561.3 573.9 590.2 610.6 630.6 649.7 666.3 683.2 702.5 718.5 732.5 740.5 717 696.7 666.3 642.8 635.9 627.9 622.1 625.1 629 637.4 639 651.5 681.2 709.1 727.3 743.5 763.4 782.4 798 814.5 830.5 840.9 846.9 847.4 846.9 842.6 836.5 827.3 813.7 783.8 758.7 734.9 718.4 694.7 673.7 660.3 657.6
601.6 625.8 653.4 650.8 619.7 566.3 538 502.3 482.1 474.6 469.7 467.7 465.9 462.3 468 472.3 476.1 475.9 478.4 485.3 488.1 492.4 497.1 500 503.8 512.1 521.6 534 546 559 570.2 584 601.9 618.9 639.6 657.5 674 691.3 707.5 719.2 723.7 690.3 668.3 647.7 627.3 622 614.7 607.6 612.1 618.6 622.5 622.2 632.6 655.9 686.5 711 728.7 748.1 764.9 785.7 800.3 814.7 823.2 830.7 835.1 834.7 833.2 830.4 823.7 814 799.8 770.7 745.1 724.3 705.6 691.9 679.4 672.6
584 603.2 622 629.1 592.4 555.4 517.3 494.4 476.2 467.6 462.8 464.1 461.1 459.8 463.2 467.9 469.6 471.2 479.3 483 485.8 489.7 494.5 499.3 504.1 510.3 519.2 534.5 543.5 553.6 565.3 576.9 591.6 606.3 626.4 647.5 664.4 680.1 693.4 703.2 706.6 671.6 645.4 629.4 612.6 610.7 598.5 595 602.6 607.6 606.3 608.5 618.8 636.1 663.3 691.5 713.4 733.6 750.6 768.9 785.9 799.3 809.9 816.9 821 823.7 824.7 824.1 819.5 812.5 801.7 786.2 762.9 741.7 724.3 706.2 695.6 685.2
564.8 578.6 593.2 594.7 565.8 531.3 499.1 484.2 469.3 464.3 459 456.1 454.3 453.2 459 463.7 463.1 473 476.9 480 483.1 486.1 489.2 496.3 503.7 509.4 516.9 526.8 541.4 550.3 560.5 570.7 582.7 596.7 615.3 634.2 652 667.6 681.6 691 691.8 657.5 629.3 617.5 603.6 593.8 584.7 587 593.1 594.2 594.3 598 607 618.1 642.8 672.9 701.8 720.2 738.9 756.9 770.3 783.9 794.5 802.5 808.5 812.1 814 814.3 812 807.6 800.3 791.2 780 766 748 733.2 719.7 711.6
538.6 551.5 553 558.3 547.6 513.6 488.5 471.9 464.8 458.4 451.5 448.5 446.3 448.1 453.9 460.4 462.9 470.5 474 476.2 479.1 481.7 486 492.3 501.4 507.2 514 524.4 534.6 545.7 555.6 565.7 575.5 588.2 604.5 623.2 641.4 655.4 668 676.7 679.5 646.5 620.8 607.7 588.9 578 574 576.5 581.6 583.7 582.3 588.7 598.1 604.3 623.7 655.7 688.9 708.4 730.2 746.8 759 769.2 777.6 784.8 792.7 798.5 801.7 802.3 802.3 798.9 795 790.1 784.1 778.3 772.7 764.6 754.1 741.3
510.4 518 512 524.6 515.8 500.2 479.6 465.3 459.9 452.6 447.8 446.5 443 445.4 449.8 453.1 462 467.6 470.6 472.8 474.8 477 481.9 488.6 497.4 503.5 511.2 521.1 530.1 539.2 550.1 560.5 570.5 580.9 595.4 613.5 630.4 646.2 657.8 664.8 665.8 638 612.8 596.5 574 566.3 563.9 566.7 571.2 574.5 574.4 581.3 587.3 594.5 610.6 642.4 677 702.2 721.5 735.9 748.1 758.5 766.4 773.1 779.2 784.1 786.6 789 790.2 788.9 787.4 784.6 782 779.2 776.9 775 773.2 770.7
473.3 486.4 475.1 490.4 488.2 485.6 469.7 455.1 451.1 448.5 446.3 445.6 437 439.9 440.5 451.6 458.9 464.5 466.2 467.7 471.2 473.3 478.2 484.4 491.6 497.9 506.6 516.2 523.1 533.6 544.9 554.7 564.8 574.6 587.4 603.6 621.9 637.6 648 655.2 652.1 626.6 602.4 578.7 566.3 562.5 559.8 559.8 564.4 565.2 567.7 574.4 579.1 588 603.1 629.3 660.9 689.6 709.3 722.9 735.7 745.1 752.8 759.2 764.7 770.2 773.4 775.6 777.1 778 777.4 777.2 776.1 775.2 775.6 778.7 779.2 782.8
449.2 452.7 447.1 460.3 471.5 471.3 460.3 446.1 443.1 440 439.7 438.6 430.9 431.4 439.5 447.8 456.1 460.8 463 464.9 466.9 469.8 473.9 481.5 488.2 494.3 502.9 511 520.3 530.5 540.3 550 559.5 569.1 580.8 594.7 614.3 629 637.2 644 638.1 604.1 582 562.4 556.6 552.2 553.4 552.5 554.5 553.3 558.4 565.9 572 580 593.7 614.2 644.5 673.4 695.6 710.8 722.8 729.5 737.5 745.4 750.3 754.3 758.2 760.8 762.7 764.4 765.9 766.7 767 768.9 773.5 778.8 784.3 790.6
438.2 436 431.9 439.2 443.2 457.4 450.1 436.5 431.6 432.4 432 432.5 425 427.6 439.1 444.3 452.4 456 459 461.1 463.5 466.6 471.2 478.6 485.6 492.3 500.4 509.7 518.8 528.3 537.2 545.9 553.8 563.9 575.6 588.7 605.5 620.1 629.6 632.8 611 587.7 569 550.6 542.7 540.3 541.6 540.8 544 543.8 546.1 555.3 561.8 570.2 582 598.5 626.3 654.3 678.1 695.4 707.2 714.3 722.3 726.3 732 736.8 740.8 743.8 745.2 748.9 750.7 752.9 755.6 761.5 769.1 776.7 786.8 796.4
434.4 434.4 425.2 425.1 424 435 434.4 427.9 423 424.2 424.2 423.9 419 425.4 434.7 440.1 447.7 451.9 455.5 458.7 460.7 464.5 469.2 475.4 482.3 488.6 496.6 506.9 516.3 524.7 533.4 541.6 548.8 558 569.1 583.2 597.6 612.7 623.9 623.1 595 568.3 545.4 532.1 526.5 528.2 530.8 529.4 532.5 533.3 536.8 542.1 550.2 558.9 569.2 584.1 608.8 633.9 658.8 675.2 687.5 695.8 701.9 706.2 709.7 717 721.9 727.2 730.1 733.8 735.8 738.8 744.1 751.9 763.9 775 787.9 798.7
428.1 429.2 419.2 417.4 414.1 416.4 422.2 418.4 416.7 419 418.8 416.9 414.3 419.3 429.9 436.5 443.2 448.8 452.2 456 458.7 462.1 466.3 472.5 478.8 485.2 493.7 503.2 511.4 520.1 529.3 537.2 545.6 553.5 564.6 577.5 591.5 606.8 616.9 608.4 579.2 549.7 530.4 514.2 511.7 512.4 516.7 517.4 521.6 523.7 526.2 530.3 535.7 543.6 554.2 570.4 594.5 615.5 637.6 654.3 666.5 674.4 678.9 680.2 687.5 696.6 704 710.4 715.3 716.6 721.4 726.6 733.3 743.8 757.6 771.2 786.7 800.6
422.8 428.6 420 414.2 410.7 408.4 409.7 410.3 409.7 412.8 413.8 412.8 410.3 413.9 424.1 434.3 439.9 445.2 449.8 454.4 455.9 459.6 465.2 470.8 477 483.2 491.7 500.5 507.3 515.4 525.1 532.6 541.1 549.8 560.6 574.2 588.1 600.5 610.4 588.4 557.5 537.8 518 502.6 502.4 503.4 508.7 510.4 512 512.9 516.2 518.3 522.3 526 536.7 552.2 580.1 601.2 619.3 635.2 644.2 651.1 654.2 655.8 662.6 671.3 682.3 688.5 693 699.8 705.6 712.8 722.6 737 752.5 768.8 786.4 803.3
