data/220000-710000.asc
ncols 200
nrows 200
xllcorner 220000
yllcorner 710000
cellsize 50
[rows 35 to 69 of 200, columns 79 to 157 of 200]
484.3 487.1 483.5 483.5 487 472.2 468.3 466.7 464.1 462.5 462.6 462.3 464 464.9 467.8 465.8 464.7 460.3 455.9 446.5 442.6 438.7 433.3 431.6 426.5 421.5 414.2 412.9 408.9 404.5 402.6 398.6 395.9 392.7 388.8 387.3 386.9 388.4 390.6 386 384.5 384 382.5 381.3 380 381.9 382.1 384 386.4 389 388.7 395.9 407.5 412.3 423 427.4 429 433.4 431.4 426.2 430.7 433.8 427.2 427 419 418.5 420.4 429.1 430.1 419.7 409.7 405.3 404.9 401 396.9 393.1 388.8 387.4 387.7
483.3 479.9 478 477.4 480.3 468.6 461.8 461.2 460.5 459 457.7 457.6 457.7 458.9 461.1 459.2 457.3 450.4 444.3 439.2 431.6 426.1 422.4 418.7 413.9 409 402.4 401.2 399 393.8 392.3 386 383.1 381.2 379.5 378.1 378.3 378.7 375.7 372.2 371.1 368.2 366.6 365.4 366.5 368.2 368.7 371 373.3 374.1 373.6 373.3 380.9 390.7 397.9 399.3 414.6 417.2 408.4 412.1 423.3 423.7 413.7 411.9 406.9 405.6 419.8 418.7 414.1 401.5 396.2 396.3 396.7 393.4 389.9 386.9 385.3 383.6 382.5
481.5 477 471.5 469.6 467.9 464.6 457.3 456.4 454.6 454.3 452.3 451 451.5 452.7 454.2 451.7 449.3 444.7 434.3 428.3 427.5 421 413.8 406.9 402.4 396.3 392.3 388.5 385 382 378.6 372.5 371.6 372.3 368.8 365.4 363.9 363.6 360.8 358.8 357.2 354.9 353.5 352.7 354.1 354.9 357.9 359.4 361.2 360.4 360 359.4 363.3 369.2 374.1 382.8 390.5 396 399 395.9 402.3 392.9 391.9 389.9 393.2 390.9 400.6 395.5 394.2 390.7 387.9 387 389.1 387.9 385.9 384.4 383.5 382.7 381.5
477 479.5 472.3 463.1 462.1 458.8 453.9 453.3 451.2 450.8 449.5 443.9 443.3 444.9 443.4 444.9 437.3 432.9 425.9 417.9 417.5 411.9 400.6 395.1 392.5 386.1 380.5 376 372.8 368.5 365.3 359.9 357.8 356.4 356.3 351.2 350.5 348.5 346.4 344.9 344.7 342.5 341.1 341.6 344.5 344.9 344.2 346.9 348.8 349.2 347.2 347.9 349.8 355 357 362 371.3 376.8 382.3 372.4 375.4 375.2 379.5 380.4 383.2 379.4 378.4 379.6 379.8 380.4 380.2 381.3 382 382.7 382.2 382 381.8 381.6 380.8
468.8 471.9 467 459.2 456.8 453.8 449 448.3 447.3 445.4 439.1 438 435.8 433.1 435.9 432.4 423.5 419.1 414.5 411.1 407.6 401.7 394.4 384.9 381.9 373.9 369.3 363.5 360.5 355.6 350.9 347.3 345.2 344.5 341.3 339.3 337.5 337.7 335.5 334.3 333.8 330.9 331.3 332.9 334.8 333.4 334.6 338.4 340.7 340.1 337.8 338.9 341.3 344.3 345.9 353 360.7 364.3 363.1 357 359 365.3 369.6 370.2 373.1 371.8 371.9 371.5 373 375.5 377.6 377.4 378.8 380.3 380.2 380.1 380.4 380.5 381.6
467.3 464.9 461.1 455.2 451.9 447.4 442.1 440 439.7 434.6 434.7 429.2 429.3 425.8 427.3 421.3 413.5 409.5 405.9 401.6 396.1 390.9 384.6 375.4 367 362.7 357.9 351.5 345.4 341.9 337.7 336.2 333 328.8 327.7 329.1 326.6 325.8 325.1 324.5 322.8 322.8 323 324.6 325.6 325.3 327.7 331 331.6 330.9 331.3 334.5 334.2 337 338.2 340.5 346.4 352 350 349.2 350.6 356 359.9 361.6 365.2 361.8 363.2 362.9 366.1 370.9 377.2 379.3 378.8 379 380.3 381.6 382.4 382.6 383
467 464 456.6 450.9 447.8 441.9 434.4 432.2 427.9 426.4 424.7 421.2 422.2 420.7 415.2 413 405 397.6 393.4 389.5 385.8 381.9 374.4 365.3 357.3 349.1 345.5 337.8 331.2 327.8 325.4 324.5 321.6 318.8 316.7 317 316.4 316.2 316.1 315.3 316.6 317.3 317.2 316.9 319.5 319.4 324 326.1 324.2 326.2 328.5 335.5 329.6 331.1 331.7 332.4 336.3 337.5 337.3 339.1 342.1 345 349.7 352.2 355.9 355.5 354.3 356.6 363.3 371.7 380.3 386 382.9 384.7 387.5 390.1 390.9 390.5 392.8
465.2 459.4 452.1 446.9 440.5 431.7 427.2 424.3 418.3 417.7 415.1 411.4 411.6 408.5 405.6 400 394.7 390.5 385.5 382.5 376.6 372 364.3 355.3 348.4 338.2 332.3 323.7 318.4 316.7 315.7 315.6 313 309.9 307.6 305.5 307 308 308.2 308 309 310.5 311.3 312.2 314.1 317.3 319.7 321.5 321.4 323.6 326.2 326 325.6 326.6 328.5 330.1 331.1 332.2 333.3 334.8 335.4 338.7 343.7 347.5 348.4 350.5 349.6 355.4 365.2 374.9 387.1 392 393.5 393 396 399.6 401.9 404.5 406.2
453.8 448 444.7 440.1 431.1 423.8 418.6 411.9 410.7 407.6 406.2 404 403.2 398.6 395.2 392.3 387.6 383.4 376.7 373.4 369 363.1 354.8 345.9 337.8 329.1 318.5 314.5 309.5 308 306.8 307.4 305 301.7 299.4 299.4 299.6 299.4 301.4 302.3 304 305.3 306.7 307.8 310.6 312.9 315.4 316.9 317.9 320.4 321.9 320.8 321.4 324.3 327.6 328.6 329.3 330.2 331.7 333.1 334.6 336.4 342.6 344.4 346.3 346.7 350.9 355.4 365.4 378.4 390.1 400 402.8 405.8 408.3 412.4 416.4 422 423.3
438.4 432.2 435.2 429.7 423.5 412.1 405.2 403.2 401.1 399.4 397.7 394.8 394.8 389.7 385.9 381.9 375.9 374 365.4 362.2 359.3 353.8 345.1 336.4 326.9 319.7 310.3 305.8 301.5 301 300.7 299.4 299.4 299.4 299.4 299.4 299.4 299.4 299.4 299.4 299.4 300.3 303.1 306.7 308.2 309.3 312.3 315 316.1 317 318.3 321.3 322.8 324.8 327.1 327.8 330.4 332.9 334 335.4 336.6 338.8 342 343.2 345.9 351 356.6 362.7 372.3 387.5 398.6 408.5 417.1 420.8 425 429.4 433.8 438.8 442.4
417.6 414 415.5 411.5 405.8 395.4 396 393.6 384.8 387.8 389.7 387.4 384.6 381.4 376 372.1 367.8 362.7 356.2 350.8 345.4 340.9 334.7 324.4 317.6 308.8 299.4 299.4 299.4 299.4 299.4 299.4 299.4 299.4 299.4 299.4 299.4 299.4 299.4 299.4 299.4 299.4 304.4 306 307.1 309 310.3 312.5 313.3 314.9 318.3 320.8 324.6 324.2 327.9 331.1 333.7 336.7 337.7 336.8 338.6 342.8 346.5 351.5 352.9 359.1 366.6 372.3 383.7 397.7 409.3 422.6 428.2 436.3 443.2 448.4 452.7 458 463.1
388.5 394.5 393.7 388.6 387.7 381.5 382.9 382.3 376.3 379.8 381.7 377.9 375.5 371.1 365.1 362.4 358.2 350.1 342.8 337.1 333 327.8 321.5 313.4 307.8 299.4 299.4 299.4 299.4 299.4 299.4 299.4 299.4 299.4 299.4 299.4 299.4 299.4 299.4 299.4 299.4 302.7 303.3 305.9 310.1 310.3 311.7 313.6 315.7 317.3 320.1 323.7 324.9 327.6 330.2 333.9 338.2 342.4 344.1 341.9 345.8 351.6 358 361.7 362 370.9 379.7 386.8 395.8 409.4 420.1 433.1 443.3 451.5 460.6 467 474 479 484.1
364.6 365 371.7 371.7 371 364.4 369.8 372.5 366.2 366.4 370.4 366.3 362.4 358.2 354.3 351.3 346.3 338.8 332.1 325.9 320.4 314.7 308.2 304.1 299.1 299.4 299.4 299.4 299.4 299.4 299.4 299.4 299.4 299.4 299.4 299.4 299.4 299.4 299.4 299.4 299.4 299.4 304.3 306 308.4 311.1 313.7 316.3 318.5 320.8 324.3 327.6 329.4 332.6 337.8 341 345.1 349.7 351.8 353.5 362.1 368.5 376.7 376.3 379.4 386.3 396.1 404.1 413 423.5 434 447.6 459.1 469.7 479.4 486.9 494.8 500.5 505.2
345.4 348.7 351.2 353.6 354.6 350.3 351.4 356 356.7 350.7 351.2 351.7 347.8 345.2 345.2 338.4 334.5 328.7 322 315 309.3 302.8 298.5 293.9 294 299.4 299.4 299.4 299.4 299.4 299.4 299.4 299.4 299.4 299.4 299.4 299.4 299.4 299.4 299.4 299.4 299.4 302 305.9 310 314.1 317.8 321 324.6 328.2 331.3 335.1 337.6 342.1 352.5 355.8 355.4 358.2 362.2 369.3 380.8 392.1 390.2 391.9 394.6 403.5 412.3 421.7 431.1 441 451.4 463.2 475 488.6 498.9 506.8 514.8 523.4 529.9
329.7 331.8 336.7 340.2 341.2 337.9 338.9 339.2 342.4 339.6 334.9 333.9 331.8 335.2 331.1 326.9 322.9 316.7 310.4 304 298.5 291.7 289.7 288.9 287.6 296.7 299.4 299.4 299.4 299.4 299.4 299.4 299.4 299.4 299.4 299.4 299.4 299.4 299.4 299.4 299.4 299.4 304.6 308.3 313.9 320.8 326.2 332.9 338.4 339.7 341.9 346 350.6 353.7 361 366.5 367.4 370.5 374.9 387.9 397.7 406.4 403 406.2 412 420.8 428.2 438.4 448.2 459.4 470.7 480.6 492.5 506 518.7 526.6 535.9 546.7 554.3
312.1 313.5 319.8 327.4 330.3 321.9 325.2 324.8 325.7 324.7 325.3 321.2 320.4 321.8 317.6 315.2 310 305.8 301.4 294 288.5 284.7 285 285.8 283.8 289.6 299.4 299.4 299.4 299.4 299.4 299.4 299.4 299.4 299.4 299.4 299.4 299.4 299.4 299.4 300.7 305.2 311.7 320.4 327.2 333.6 342.5 347.6 352.2 355.1 357.6 360.2 363.4 370.9 374.2 378.5 381.8 386.3 394.6 398 408.2 412.5 412.1 418.7 428 437.8 443.8 454.8 465.1 475.9 487 500.2 513.7 525.9 538.8 546.9 557 569.6 582.5
296.2 296.4 303.2 312.3 316.2 305.1 307.4 308.1 308.2 308.5 310 311 311 311 306.3 301.2 298.2 295.3 291.3 286 281.1 279.8 280.6 281.3 280.6 286.7 299.4 299.4 299.4 299.4 299.4 299.4 299.4 299.4 299.4 299.4 299.4 299.4 299.4 303.6 308.8 317.9 326 333.2 341.7 350 357.8 363.2 368.1 367.9 372.2 373.2 377 383.9 386.6 394.4 396.4 402 411.7 418.2 417.1 421.2 426.8 433.4 440.5 449.7 455.3 467.2 478.5 489.9 503.6 522.3 537 550 561.5 569.2 579 590.6 604.2
277.5 283.2 288.3 293.3 297.5 289.6 291.7 293.7 294.9 294.6 298.2 300.4 300.1 298.8 295.2 291.5 288.3 283.9 282.1 279.2 277.3 278.1 277 277.5 280.5 283.9 299.4 299.4 299.4 299.4 299.4 299.4 299.4 299.4 299.4 300.6 302.2 306 310.7 314.1 320.9 332.7 341 346.8 355.5 367.1 370.4 375 379.6 381.2 385.3 389.2 388.7 391.9 397 401.8 409 421.9 430 428.7 428.2 434.7 438.9 444.9 454.4 460.9 467.2 477 489.6 500.8 513.9 535.4 565.2 572 580 588.4 599.2 609 621.6
260.5 266.3 270.4 275.3 278.6 275.3 276.2 277.8 280.1 283 287.2 288.8 289.5 288.8 285.1 282.5 279.8 278.3 275.6 276.1 275.6 276.4 277.2 281 286.9 286.7 299.4 299.4 299.4 299.4 299.4 303.1 306.8 309.4 311.1 313 315.1 320.1 325.5 331.3 336.5 345 352.8 361.4 370.5 377.8 379.2 384.6 391 395.9 402 403.7 404 405.4 409 412.9 421.4 432 435.2 433.7 433.8 441.7 449 454.8 462.4 470.1 475 484.7 497.3 509.3 526.5 546.1 564.4 586.2 601.5 610.3 618.1 625.8 635
244.9 249.1 254.4 259.7 262.5 259.7 260.5 263.3 268.1 272.2 276.4 278 278.4 277.1 276.8 276.3 274.6 273.1 272.5 272.7 272.9 276.1 280.6 285.8 290.8 294.4 300.2 303.2 308.3 313.2 317.2 321.2 325 327.7 328.8 333 333.4 337.6 342.1 347 350.5 359 367.5 376 383.1 389.7 390.4 394.8 400 407 418.6 419.3 420.8 422.2 421.4 423.2 430.5 433.4 436.1 439.7 440.4 446.3 454 460.4 469.6 476.3 484.3 491.6 501.1 517.6 533.4 547.5 565.4 586.4 611 626.7 632.7 636.1 644.5
229.4 234.6 239.1 244.5 247.1 249 250.2 252.5 257.3 261.1 264.3 265.9 265.8 263.9 269.3 271.1 269.3 269.6 272.5 275 279.2 285.5 292.5 298 305.6 311.3 316 320.8 325 330.8 335.5 339.4 344.3 344.2 348.8 353 354.9 360.6 363.7 366.3 364.5 370.9 380.3 386.4 392.5 394.9 397.3 401.9 409.9 415.8 421.8 423.7 427.2 430 430.9 427.1 432.8 438 440.9 446.6 451.2 455.5 460.1 466.3 473.3 481.9 490.7 497.9 507.9 518 535.1 548.9 561.7 579 604.4 624.6 640.2 642.5 652.3
218.1 223.5 229.2 233.2 237.1 240.1 240.4 242.7 246.7 250.3 253.7 258 258.9 263.6 266.7 267.2 270.9 275.7 278.3 283.5 291.6 302.8 306.5 314.2 320.3 328.8 334.5 340.1 344.5 349.8 354.7 357.7 362.4 366.3 367.8 372.7 378 381.6 380.3 384 379.5 386.6 392.3 396.2 401.9 401.3 405.2 411.1 419.4 424.7 429.1 431.3 434.3 434.9 434.6 432.8 437.1 441 445 448.2 457.6 462.7 466.3 470.9 478.7 487.1 493 499.6 510.2 521.2 534.1 549 561.4 573.3 594.1 611.6 629.3 644.2 656.8
210 216.6 222 226.6 229.7 231 232 233.3 237.7 239.9 247.4 256.3 262.8 267.2 272.3 276.7 285.6 288.9 293.5 300.2 307.8 315.7 323.7 332.1 339.7 347.5 354.1 361.6 366.4 371.6 375.4 379.6 384.9 387.1 389.5 392.5 397.1 396.6 395.6 398.2 394.9 395.7 402.5 404.7 409.9 409.3 414.5 421 427.1 429.5 433.5 434.8 437.8 438 439.4 436 443.2 448.2 451.4 453.6 459.7 469 470.9 474.9 483.2 490.6 496.1 501.6 511.9 520.2 533.6 544.5 554.1 570.6 584.6 601.1 618.8 635.5 650.5
196.4 207.1 215.1 219.7 221.1 223.3 224.7 226.4 234.4 244.7 253.6 262.7 269.4 273.8 278.1 287.4 298.1 307.5 314 319.9 326.6 333.9 343 350.4 356.4 363.7 372.2 375.4 380.7 384.6 393.8 398.2 401.6 406.3 403.5 410.2 411.4 409.2 406 405.9 405.8 404.4 410.9 412.3 420 422.4 425.4 430.5 434.8 437.9 443.1 447.2 448.4 448.2 449.6 446.1 451.1 455.6 456.6 461.3 465.6 470.2 475.1 479.5 487.9 493.9 497.1 503.3 513.4 522.4 533 542.1 555.8 567.9 581 596.3 609.6 625.3 641.4
205.5 197.3 211.8 220.3 225.4 229 233.1 237.9 242.3 249.3 258.8 269.5 278.2 284.6 291.1 301.5 312 322.5 332.4 338.4 348.5 353 361.7 367.7 373.3 379.3 384.9 392.1 395.2 401.8 409.6 413.8 421.9 422.1 421.2 426.6 422.8 420.5 419.9 421.5 417.2 418.5 419 423.4 428 433.6 438.3 441.6 445.6 450.4 457.9 465.5 462.5 459.1 459.3 453.2 455 459.7 464.2 469.3 471.7 472.8 477 484.4 489.6 494.7 501.7 507.5 516.6 523.6 534.2 544.4 555.7 567.2 580.8 594.3 605.2 622.4 633.4
219.7 216.9 222.4 231.8 237.1 242.9 248.4 253.5 257.1 262.2 272.1 283.1 295.2 302.1 307.4 319.4 328.5 342.5 350.5 360 365.7 368.6 376.7 383.8 388.8 394.9 397.4 403.9 413.8 422.4 431.4 433.6 435 436.1 438.3 441.3 438 436 436 435.6 431.8 429.3 426.6 433.4 438.1 443 448.3 451 455.9 462.5 472.2 476.8 473.2 472.2 463.1 459.5 461.6 465.6 468.2 472.1 476.1 477.9 481.7 488 493.6 499 505.6 514.4 519.7 527 536.7 547.8 558.5 568.1 580.5 592.3 603.4 616.7 630.5
234.1 235.6 223.9 244.3 251.4 256.9 263.9 269.1 274.4 278.4 286.6 299.1 310.3 320.5 326.7 337.7 348.9 357.6 367.5 375.6 384.7 385.4 395.1 406.2 404.8 408.9 415.7 422.6 432.9 440.9 446.6 455.1 452.2 449.8 454.3 454.7 452.2 447.3 448.1 446.3 445.5 443.6 437.2 439.5 443.9 450.8 455.6 460.3 466.5 475.1 483.2 481.3 479.1 478.6 470.4 467.4 469 472.4 475.4 476.4 480.6 483.1 487.1 492.8 499.6 503.2 508.2 514.8 527 530.2 541.2 553.3 562.6 569.7 579.5 590.2 601.9 612.3 619.9
256.6 254.8 236.2 257.9 266.8 273.2 280.3 287.1 293.5 298 304.1 315.8 327.9 345.9 352.7 357.3 362 370.4 386.5 396.3 399.3 405 404.3 409.1 417.4 425.3 433.2 438.5 450.9 462.4 470.9 469.4 465.7 461.6 466.2 461.6 460.4 457.8 458.5 458.2 458.3 454.9 447.2 448.6 452.2 459.1 465 470.2 477.9 491.5 495.4 484.8 480.7 475.3 472.1 476.6 475.6 477 481.5 482.7 485 487.5 489 496.3 504.7 508.8 513.4 520.1 526.1 534.7 545.6 555.1 566.6 575.3 581.7 588.7 598.9 607.4 612.8
264 277 259.9 256.4 281.9 287.2 298.9 305.1 312.9 318.3 322.2 334.5 345.5 356.4 366.5 370.4 376.5 381.7 394.5 408.4 409.2 413.5 415.2 420.9 435.7 440 448.8 451.6 460.2 470.5 479.3 481 473.5 474.1 473.7 472.4 470 472.3 475 474.4 473.4 464.6 456.2 457.8 461.1 468.2 474.6 479 484.8 495.8 497.5 488.4 482.8 479.4 481 484 482.3 484.8 487.7 488.3 491.7 494.5 496.4 496.8 503.3 509 515 521.3 531.8 538.8 550.1 557.8 567.8 580.7 587.7 588.3 595.2 603.3 608.5
283.4 283.7 291.5 272.6 289.9 303.3 312.9 322.3 330.4 338.5 343.4 349.2 355 369.2 380.2 380.8 389.1 399.3 405 414.5 420.5 421.9 423.7 433.6 443.8 451.6 459.5 463.4 471.9 478.3 484 486.1 483.8 483.6 486.5 485.1 483.1 484.9 484.1 483.2 481.8 474.6 467.6 468.4 470.8 474.9 482 486.8 490.3 498.6 498.2 494.8 491.2 491.3 487.9 491.3 491.8 492.2 496.8 493.9 497.4 503 503.7 500.6 505.6 510.3 517.6 524.7 533.6 545 551.3 559.4 569.3 583.8 590.2 585.4 592.5 596.7 604.6
298.1 297.2 299.2 305.8 283.5 306.7 323.7 336.9 349.3 357.8 359 361.1 368.3 374.9 385.2 393.6 399.6 406.6 416.1 419.8 421.8 427.4 433.6 441.1 453.8 462.3 473.4 476.2 483.5 489.9 493.4 495.7 492.8 496 498.5 499.2 496.1 494.3 495.9 494.2 489.7 482.9 478.6 477.5 481.8 484.4 489.8 496.9 500.2 497 502.2 500 495 495.1 494.9 499.8 498.3 499.2 500.8 499.5 504.1 510.3 508.6 506.5 511 512.4 522 529.9 536.1 547.7 554.8 559.6 566.5 575.5 582 581.1 588 590.8 596.9
296.4 304.4 311.8 315.4 309.5 294.5 330.6 351.2 364.5 372.5 376.2 376.1 383.2 393 397.8 407 411.8 418.3 420.9 425.7 430 440.5 445.6 451.4 467.2 474.4 485.3 489.5 496.7 499.6 504.1 503.6 504 507.7 507.6 510 505 505.5 503.7 501.7 495.6 491.8 486.9 489.9 493.8 492.9 497.5 505.6 508.1 503.7 504.9 506.8 499.9 497.4 502.6 506.2 508.5 506.9 505.1 504 510.1 515.5 515.3 512.9 515.5 518.3 524.6 533.4 539.8 548.2 554.1 559.7 566.8 571.2 577.3 583.2 579.5 589.8 588.7
307.9 307.8 325.7 333.2 330.1 316.3 336.2 357.3 375.9 386.5 390.4 392.2 396.2 402.7 405.4 413.5 423 424.2 427.5 430.6 441.3 451.7 454.7 462.7 474.2 487.4 497.6 501.5 509.1 508.3 510.8 510.6 518.6 516.8 519.9 523.8 518.8 513.7 514.1 510.1 506 503.3 503.1 499.4 502 501.9 505.8 515.7 518 512.5 509.5 508.1 506.5 504 510.9 516.2 516.8 510.2 508.5 510.9 512.2 516.3 519 516.4 521.7 521 524.7 535 542.5 548.5 553.8 558 565.2 570.1 574.6 578.1 580 581.4 578.4
320.5 327.5 328.9 341.2 341.8 342.1 326.1 366.6 393.7 405.1 406.9 409.7 410.5 411.3 416.9 423 426.4 432.6 438.7 444.5 447.7 455.2 461.4 473.7 480.3 493.8 505.3 517.9 518.5 518.5 516.9 525.3 529.7 527.3 534.6 535.1 530 525.3 524 521.6 516.7 516.2 515.2 511.6 511.1 510.4 517.7 522.9 523.2 519.7 513.5 512.7 515.8 515.9 517.8 525.5 515.5 510 512.6 514.2 520.9 520.5 519.2 518.7 521.1 521 527.3 532.8 539.5 545.6 554.3 556.9 563.2 568.9 569.3 573.3 572.4 574.8 574.1
333 338.8 337.3 344.4 350.5 363.6 348.9 360.2 402.8 421.2 422.8 423.6 422.4 423.3 428.8 431.1 439.6 445.4 450.5 453.9 455.6 463.2 474 479.5 489.3 494.3 506.8 523.6 526.4 530.5 531.9 536.7 538 538.6 542.7 542.1 543 534.9 532.2 533.5 528.4 530.5 527 521.7 522.2 525.1 530.4 540.3 533.9 525.5 518.8 522.1 525.2 524.4 524.6 528 518.2 514.2 517.5 516.9 523.1 522.8 523.5 520.8 521.2 523.9 530.4 529.9 535.3 542.5 551.2 556.5 560.3 567.7 569.3 569.6 566.6 566 567.3
