data/220000-660000.asc
ncols 200
nrows 200
xllcorner 220000
yllcorner 660000
cellsize 50
[rows 35 to 69 of 200, columns 79 to 157 of 200]
284.3 283.1 281.8 280.4 279.2 278.9 279.4 279.7 279.1 277.1 273.7 270.3 267.3 265.5 260.3 265.1 272.3 278.6 285.6 285.1 281.7 276 268.8 258.3 259.7 268.4 278 284.5 290.1 295.8 300.6 305 309.2 314 319.7 325.4 331.2 335.8 339.8 343.9 348.4 352.3 356.2 361.2 367.5 374.6 381.1 387 391.6 394.3 396.5 400 397.9 390.6 382.6 376.2 368.5 363.7 360 357.4 354.6 353.1 351.3 350.9 351 350.9 350.3 349.4 349.4 348.7 348.7 348.9 349 348.7 349.5 350.3 351.8 353.8 356.5
284 283 282 281 280 279.5 279.8 279.9 278.8 276.6 273.1 271.1 269.3 266.7 265.1 270.7 280.2 290 293.3 292.4 288.2 281.8 272.3 263.5 259.7 265.3 275.5 283.3 288.7 294.2 299.2 303.6 307.8 312 318 323.5 328.6 334.4 338.1 342.3 346 350 354 360.6 366.1 369.5 374.3 378.1 381.9 383.4 384.6 384.7 382.7 377.5 371.6 366.8 363 359.5 357.1 355.3 353.4 352.3 352.2 352.4 352.4 352.7 352 351.1 351.1 350.8 350.8 350.5 350 349.9 350.6 351.7 353.4 355.5 357.6
283.8 282.1 280.9 280.4 279.8 280 280.2 279.8 277.6 274.1 272.2 269.8 266.8 264.4 271.9 277.8 289.2 297.8 300.1 298 293.6 285.9 275.8 267.4 263 264.5 272.9 281.1 287.4 292.5 297.5 302.3 306.3 310.2 315.5 320.6 326.1 333 336.6 340 343.7 347.8 352 357.8 363.1 366.4 369.6 371.7 372.2 372.5 373.3 372.4 371.1 367.8 363.5 361.2 359.1 356.6 353.8 353.3 353 352.1 352.7 353.4 353.9 353.4 352.6 352.8 353.1 352.9 352.8 352.5 351.8 351.2 351.9 353.5 354.9 356.2 358.1
282.5 280.8 279.8 279.4 279.6 279.7 280.2 278 274.8 271.6 270.9 270 266.6 269.2 275 283.7 295.7 304.6 304.3 301.4 296.6 289.3 280.2 270 263.1 263.8 270.5 279.4 286 291.1 295.3 300.2 304.8 308.1 312.5 317.6 323.4 329.2 334 336.2 340.8 345.1 349.3 353.6 358.7 363 364.1 365.1 365.2 363.8 363 362.7 361.7 360.3 359.1 357 355.3 353.7 351.1 351.7 352.8 352.2 353.1 353.8 354 354.7 354.7 354.8 354.9 354.9 354.9 354.4 353.5 352.8 354 355.1 356.2 357.3 357.7
280.6 279.5 279 279.3 279.5 279.6 278.1 275.3 271.4 269.1 268.8 268.1 267.9 271.9 276.8 288.5 301.3 307.5 306.9 304 299.1 291.9 286.4 274.3 270 266.4 268.1 277.9 284.6 289.8 293.4 297 301.1 304.4 309.2 314.2 319.7 324.8 329.8 333 336 340.5 344.7 348.6 352.4 355.7 357.3 357.9 358.4 357.5 356.8 355.7 355.1 354.4 353.2 352.5 351.4 350.6 348.5 350 351.5 352.6 353.5 354.2 355.1 356.2 357.1 357.2 357.3 357.4 357.2 356.5 355.6 355.6 355.5 356.2 357 358.1 357.7
278.6 277.3 278.7 279.2 279.4 279.1 276.1 272 268.4 267.7 267.8 268.4 271.6 274.3 282 296.3 307 311.9 310 305.9 300.2 294.5 290.6 281.5 273.5 269.8 269.2 277.2 283.1 287.4 290.4 293.4 297.1 301 305.8 310.8 315.5 320 325.3 329.5 332.5 335.3 338.7 342.2 345.8 348.6 349.7 350.2 351 351.3 350.6 349.7 349 349 348.7 348.3 348.1 347.8 346.8 349.2 351.1 352.6 353.9 355.4 356.4 358.2 359.2 359.6 359.8 359.9 359.4 358.6 358.2 358.8 357.6 357.6 357.9 358.2 357.7
274.8 274.9 277.1 278.3 278.9 277.4 273.9 270.9 269.3 269.5 270.6 273.7 274.7 275.7 289 302.4 311 314.1 311 305.5 299 296.8 294.2 280.8 275.2 272.2 264.5 276.1 280.9 284.5 287.5 290.4 293.7 297.8 303.5 308.7 311.7 315.4 320.8 325 328.7 331 334.1 337.5 340.2 342.4 341.3 342.5 343.3 344 344.1 343.9 343.5 343.8 344 344.7 345.2 344.1 345.9 348.9 351 352.8 354.6 356.2 358.5 360.3 361.7 362.2 362.6 362.6 361.6 361.1 361.4 361.2 359.7 359.7 359.6 358.4 357.9
272.9 274.3 275.7 276.5 276.3 275.5 270.5 267.8 269.1 271.6 274.1 276.1 277.2 280.2 294.3 306.8 312.4 312.3 309.1 303.1 297.5 296.6 293.5 282.2 276.3 274.2 265.3 274.5 278.2 281.5 284.6 287.8 292.5 297.2 301.8 305.8 308.5 311.6 316.5 320.6 324.2 327 329.4 332.7 335.4 335.8 334.7 335.8 336.9 338.3 339.6 339.3 338.9 339.6 340.4 341.7 340.4 345.4 347.8 350.2 352.4 354.2 355.8 357.4 359.7 362.6 364.1 365.5 365.7 365.7 364.3 364.3 364.6 363.5 362 361.8 361.4 360.2 358.6
272.7 274 274 273.8 273.7 272.7 274.7 271.8 271.1 273.1 275.5 277.5 279.5 284 299.4 309.3 312.1 309.1 304.5 298.9 295.3 294.3 291 281.8 277.1 275.9 275.1 275.1 274.1 278.5 281.8 286.5 291.2 295.1 300.3 303 304.9 307.6 312.2 316.2 319.6 322.6 324.9 328.2 330.6 330.2 328.6 329.6 330.6 333.1 335 335.1 335.4 335.2 336.7 338 342.4 346.3 348.9 351.4 353.8 355.5 357.2 358.8 361.1 363.9 366.5 368.2 368.9 369 368.4 367.8 367.9 366.4 364.7 364 363.2 362.1 361.2
271.9 273.6 274.3 275 274.5 274.6 273.8 274.3 274.5 275.4 277.7 279.5 284.1 294.2 305.8 309.5 309.1 304.8 298.9 293.9 291.1 290.3 285.3 279 277.1 277.2 279.5 278.9 276.9 276.1 279.7 284.8 288.5 293.3 297.5 299.5 301.7 304.5 308.3 313.4 315.8 317.4 319.3 322.9 325.3 325 323 324.7 326 328.2 330.4 331.2 331.4 332.8 335.6 338.9 342.9 346.7 349.7 352.3 354.8 357 358.7 360.4 362.7 365.5 368.3 370.6 371.6 372.6 372.5 371.8 371.6 371 369.9 368.1 366.6 365.5 364.7
271.5 273.8 275.9 276.7 277.2 277.2 277.2 277.8 277.9 278.7 281.9 283.6 292.5 307.1 311.5 308.9 304.8 297.8 291.5 287.3 285.2 282.8 278.8 276.1 275 276.5 278.7 280.4 281.8 282.5 283.2 283.1 285.2 288.4 291.9 295.3 298 300.3 304.5 308.5 310 311.7 313.6 316.2 318.3 319.2 318 320.5 322.4 324.4 325.7 326.1 328.1 331.9 336 339.8 343.5 346.6 349.8 353 355.7 358.1 360.1 362.1 364.3 367.1 369.8 372.7 374.7 376.1 376.7 375.9 375.7 375.7 374 372.3 370.5 369.3 369.2
271 273.3 275.5 277.7 279.3 280.4 281.9 281.4 282.4 283.8 287.4 294.5 307.4 312 310.7 303.6 297.3 290.4 283.9 280.3 278.1 275.3 272.4 272.1 272.5 276 279.1 282.2 285.3 289.7 291.1 292.2 294.3 291.3 291.4 290 293.8 297 299.7 302.4 304.3 306 308 309.3 311.3 313.2 314.8 317.1 319.1 320.4 319 323.5 327.9 331.7 335.6 339.9 343.4 347.3 350.6 353.7 356.4 359.3 361.8 363.8 365.9 368.7 371.7 374.5 376.8 378.9 380.1 380.1 379.9 379.5 377.6 375.7 374.1 372.6 372.3
270.3 272.3 277.6 278.9 282.5 284.3 284.7 285 288.2 290 292.5 306.1 313.5 313.1 305.2 296.7 288.4 281.1 276.4 274.2 273.2 271.2 268.6 270.9 277 282.8 286.2 288.9 293 296.1 296.6 298.4 299.4 298.3 296.9 295.8 291.2 293.3 295.7 297.3 298.7 300.3 301.2 302.4 305.4 307.6 310.6 312.7 315 314.8 319.2 324.2 328.1 331.9 335.9 340.3 344.4 347.9 351.3 354.4 357.4 360.4 363 365.1 367.1 368.8 371.1 373.4 375.5 377.9 380.6 382.2 382.4 382 379.6 377.2 375.6 374.1 373.7
269.1 276.9 281.1 285.2 286.2 288.5 287.5 289.3 292.7 296.2 302 311.7 314.7 309.7 299 287.8 279.3 273.1 271.1 270.2 269.1 267.8 269.8 274 283.3 290.7 295.2 299.4 301.6 302.7 302.8 303.5 305.5 305.3 303.7 302.2 299.4 296.7 292.8 294.1 295.3 295.3 296.2 298.9 301 302.8 307.4 309.5 312.6 314.2 319.7 322.9 326.9 332.3 336.2 340.5 344.6 348.4 352 355.4 358.5 361.3 363.7 366 368 369.7 371.2 372.7 374.3 376.8 379.1 380.4 380 379.4 378.4 377 376.3 375.8 375.9
273.6 282.5 285.9 287.8 290.9 291 289.5 293.4 297.3 301.9 308.7 315.8 313 304.1 291.8 280.8 271.7 267.3 266.3 267 265.7 269.2 274.7 280.3 289 295.8 303.5 309.5 311.2 312.5 312.6 309.9 311.7 312 310.6 307.6 304.2 301.2 298 294.7 297.2 296.9 298.3 300.8 303.4 306 309.5 312.4 314.2 315.8 319.4 321.9 325.2 330.4 335.7 340.5 344.3 348.1 351.9 356 359.4 362 364.2 366.2 368.1 369.8 371.5 372.9 374.4 375.5 377.4 378.1 378.3 378.4 378 378.3 378.7 378.5 378.2
282.2 283.9 287.8 291.4 293.9 293.3 292.5 297.8 302.9 307.5 314.6 315.7 310.3 300.1 286.2 274.6 265.7 262.1 264.7 265.6 267.7 275.1 282.6 291.4 298.3 304.1 313 319.3 321.7 322.5 322 317.4 316.6 317.1 315.3 312.2 308.8 304.8 301.7 297.3 301 301.5 301 302.5 306.1 308.6 309.8 311.9 314.2 316.7 319 321.7 325.5 330 335 340.2 344.1 348.1 352.3 356.3 359.7 362.2 364.3 366.3 368.2 370 371.6 372.8 373.8 374.8 375.6 376.8 377.7 378.3 378.5 379.2 379.2 378.9 378.9
281.6 284.5 290.5 295.1 298.9 298.9 299.2 304.4 308.2 313.2 317.3 314.5 306.5 295.9 283.6 271.4 262.1 258.4 263.6 264.2 272.4 279.1 289.2 297.9 306.9 310 316.6 324.3 330.3 331.8 327.5 322.7 319.4 320.7 319.2 317 312.8 307.8 303.3 303.3 305.3 304.1 303.7 301.2 303 307.6 308.6 309.9 312.1 314.8 317.9 321.5 325.8 330.3 335.1 339.9 344.7 348.7 352.7 356.3 359.6 362 364.2 365.8 367.5 369.2 371.4 372.8 373.9 375.4 376.5 376.8 377.3 377.9 378.6 379.9 380 380 379.2
281.6 285.5 292.6 302.7 305.9 304.4 304.5 308.2 311.2 315.6 316.8 311.9 302.7 291.4 279.8 268.1 258.2 256.2 259.4 265.7 275.2 283.6 293.3 303.1 312 313.9 319 326.3 331.3 330.8 328.1 325.9 323.1 323.5 322.2 320 314.9 308.5 308.6 308.5 309.1 308.6 307.7 306.9 304.3 303.8 309.3 311.3 313.8 314.7 319.7 321.1 326 330.4 334.9 339.7 344.4 348.7 352.6 356.2 359.2 361.2 363.4 366 367.5 369.7 371.8 373.1 374.2 375.7 377.2 377.4 377.7 378.3 378.9 379.5 379.8 379.3 378.1
282.1 290.5 304.3 309.3 310.3 308.9 308.1 310.8 313.5 316.1 314.8 309.6 299.6 288 276.2 264.6 254.2 251.4 259.7 268.4 276.6 286.1 296.6 306 314.3 321.3 324.2 328.1 331.8 329.8 328 325.6 324.8 325.1 324 321.9 318.7 313.3 315.4 315.4 315.2 314.1 313.7 313.4 311.2 307.9 306.5 311.5 314.5 317.6 318.9 322.9 323.4 328.1 332.4 338.9 343.7 347.6 352.2 356 358.2 360.3 362.6 365.2 367.8 370.1 371.6 373 374.4 375.3 376.3 377.6 378.3 378.9 379.8 379.4 379.1 379.1 377.7
292.7 304.4 312 321.5 318.2 314.5 311.8 313.6 314.4 315.3 312.5 305.8 294.9 283.5 272.1 259.5 248.2 252.7 261.2 269.4 277.3 287.9 298.3 306.9 316.5 324 327.4 331.1 332.3 331.6 329.9 326.3 327.1 326.7 324.9 322.6 317.4 319.5 320.9 321.1 320.9 320.2 319.5 318.5 317 315.6 311 308.5 311.5 318.5 321.8 321.1 328.1 331.2 334.2 335 340.7 345 350.6 354.2 357.1 359.4 361.8 364.4 366.3 369.3 370.8 372.1 373.9 375.2 377.3 379.3 380.8 381.1 380.3 379.5 379.8 379.1 377.2
304.3 311 322.2 330.1 325.3 316.7 314.8 315.8 315.6 313.8 309.5 301 290 278.9 267.3 253.9 246 251.6 259.8 269.4 279.1 289.7 299.2 307.8 316 323.5 328.8 331.7 332.6 333 331.3 328.3 329 329 326.9 323.7 324.2 325 325.8 326.1 326.5 326.4 326 324.7 323 321.1 317.7 316.8 315 316.6 319.8 323.2 327.5 331 333.2 336.1 339.8 343.5 349 352.3 355.4 358.7 361.3 363.7 366 368 369.8 371.6 373.3 375.7 378.2 380.4 382 382.3 380.9 379.7 379.9 378.8 376.8
310.6 321 329.7 329 323.7 318.4 316.8 316.1 314.4 312.1 305.9 297.4 286.4 274.4 262.3 249.9 242.8 249.7 258 267.5 278.1 289.1 299.3 308.3 315.3 319.8 326.6 331.5 333.8 334.1 333.3 331.6 331.3 331.1 328.5 327.3 328.8 330.1 331.2 332.4 332.5 332.6 332.9 331.3 329.1 327.4 326 325.2 324.1 322 322.5 318.9 327.5 330.2 334.1 337.4 341.6 344 348.5 352 355.5 359.2 361.8 364.4 367.3 368.9 370.2 371.5 373.7 376 377.5 379.7 382.2 381.9 379.8 378.6 377.8 377 376
315.7 326.4 329.4 328.8 325.9 320 318.1 315.4 312.9 309.2 302.9 294.4 282.4 269.8 257.3 247.3 240.8 247.8 255.9 265.9 276.4 287.2 299.2 308.9 316.3 320.6 329.2 333.9 335 334.3 333.6 335.1 334.6 334 330.4 332.9 334.3 335.9 338.5 341 341.1 341.2 340.1 339 337.4 335.5 334.5 333.6 330.6 327.6 328.6 323.6 322.5 333.6 334.7 338.1 341.9 344.2 347.4 350.6 354.4 358.2 361.7 364.6 367 368.8 370 370.6 373.4 374.8 375.9 376.9 379.1 379.5 378 376.8 376.2 375.6 375.1
322.4 326.9 328.3 329.6 328.7 323.1 317.4 313.3 309.8 305.7 300 291.2 278.5 265.8 253.1 245.3 240.2 246.1 253.1 263.2 274.1 285.9 298.8 309.2 317.9 325.6 333.6 337 336.1 335.5 335.3 336.9 337.2 336.2 334.5 336.8 340.6 344.6 347.9 349.5 349.9 350 349.4 348.7 346.4 344.6 342.8 339.7 337.2 336.7 336.2 335.3 327.1 326.6 329.3 337.9 339.8 343.1 346.3 349.4 352.9 357.4 361.4 363.8 365.9 368 369.2 370.2 371.6 372.8 373.9 375.1 376.3 376.8 376.4 375.3 375.9 375.8 374.8
322.5 324.9 328.6 328.8 326.4 321.1 314.9 310.7 306 301.9 294.7 285.5 273.7 261.9 249.5 242.9 241.5 244.5 251.3 259.2 269.1 279.4 300.2 310 318.9 326.5 333.5 337.1 337.8 337.4 338.1 339.3 340.1 339.9 339.8 339.2 346.4 352.5 355.5 357.4 359.2 359.1 359.3 358.9 356.1 353.3 350.5 347.9 345.2 343.3 342.5 340.6 338.3 334.7 331.8 329.5 336.9 342.3 345.8 349 352.6 356.9 360.5 362.5 364.7 366.8 368.2 369.2 370.3 371.5 372.7 373.9 374.7 374.7 374.7 374.4 375 374.9 373.7
322.3 326.2 329 326.1 323.7 320 310.4 305 299.9 294.7 286.5 277 267.1 255.8 245.1 241 240.7 243.8 250.1 261.3 266.5 288.2 305 314.3 320.1 324.7 332.1 336.5 337.5 338.7 341.3 342.7 344.7 345.1 345.4 346.7 350.4 358.2 362.4 366.3 367.3 368.3 369.4 369.3 366.5 362.6 358.3 355 351.1 349.6 347.6 345.6 344.8 341.9 338.8 335.8 332.7 342.3 345.8 348.2 352.2 356.1 359.5 361.5 363.5 365.6 367.2 368.2 369.2 370.4 371.6 372.3 373.1 373 372.8 373.4 373.9 374.1 373
329 329.8 328.5 324.1 321.1 317.6 307.2 300.2 294.5 287.5 278.9 269.1 262 251.5 243 239.5 239.7 245.6 251.1 265.9 274.2 292.4 311.4 319.2 323.8 329 331.6 334.8 337.8 339.9 342.7 347.1 349.9 350.3 352.2 353.7 356.4 363 368.7 372.7 375.6 377.3 379.4 378.9 375.9 371.3 366.2 361.9 356.6 354.5 351.8 350.3 349 347.2 344.4 343 340.5 335.9 344 347.6 351.5 355.3 358.4 360.6 362.5 364.4 366.1 367.1 368.2 369.2 369.9 370.7 371.4 371.3 371.3 371.4 372.1 372.7 373
328.4 330 328.3 324.8 318.9 312.4 306.1 298.4 288.7 280.8 273.3 264.5 256.4 248.1 243.2 237.3 243.5 251.8 257.7 267.9 284.3 302.1 313.7 322.6 327.2 331.1 333.3 337.1 342.1 344.9 347.8 351.2 355 356.3 358.9 360.7 362.8 367.4 374.4 378.9 384.5 388.8 388.2 387.1 383.1 377.9 373.3 368.4 362.8 359.5 356.8 353.5 351.9 350.4 349.1 347.4 345 339.9 339.9 347 350.6 354.5 357.4 359.6 361.5 363.4 365 366 367 367.5 368.3 369 369.7 369.6 369.7 369.8 370.2 371.3 372.2
327.5 329.3 328.7 328.6 320.5 311.2 303.3 292 283 275 268.4 260.2 251.8 248.1 244.7 238.1 247.3 258.8 266 281.4 293.2 304.7 315.5 324 328.5 331.7 335.4 341.2 346.6 350.7 354.4 355.4 358.2 361.9 365.1 367.6 368.9 372.3 379.9 387.3 393.1 395.8 395.9 395 389.9 382.7 377.9 373.4 368.9 364.4 360.2 356.3 354 352.5 351.3 350.1 348.3 344.1 345.7 346.1 350.2 353.7 356.4 358.6 360.5 361.9 363.3 364.7 365.4 365.8 366.5 367.2 368 368 368.1 368.2 368.9 369.9 370.9
325.5 327.4 329.6 328.3 318.5 306.7 295.7 285.9 276.7 268.4 260.1 252 247.1 244.7 238.9 241.4 252.2 262.3 272.5 285.8 296.1 306.6 314.7 322.6 326.6 331.1 337.4 345.5 352.2 356.9 359.8 362.7 362.9 367.2 370.7 373 374.7 380.1 388.5 395.2 398.2 399.1 398.2 397.1 393.6 388.4 382.5 378 372.7 366.9 363.2 359.5 356 354.6 352.6 350.7 348.8 345 347.6 346.6 350.7 353.7 356.4 358.5 359.7 361.1 362.5 363.9 363.8 363.9 364.4 365.5 366.3 366.3 366.4 367 367.8 368.5 369.5
324.5 326 328.5 323.2 312.6 301.5 289.9 279.6 270.7 262.7 252 245.2 241.7 238.3 236.3 248.7 258.4 268.6 276.7 285.3 296.7 306.4 313.7 318.9 324 330.2 339 349.7 357.9 363.7 368 368.6 366.9 372.3 375.4 377.9 380.8 387.1 395.3 399 399.9 398.1 396.9 395.3 393.5 389.4 385 379.9 373.7 368.9 365.1 361.6 357.2 354 353 351.1 348.1 346.1 346.1 347.6 350.8 353.8 356.5 358.4 359.6 360.7 362 362.7 362.7 362.6 362.5 363.7 364.7 364.6 365.1 365.8 366.6 367.3 368.2
324 322.9 321.5 317.2 308 296.9 285.2 274.4 264.9 257.8 244.9 239.1 237.6 229.4 241.4 253.1 263.5 272.9 280.5 289.1 298.7 303.5 309.9 318.3 325.1 330.6 340.7 353.5 363.8 370.7 376.1 376.9 374.1 378.3 380.8 382.8 385.5 389.6 396.9 400.2 399.3 397.8 396.2 395.1 394.2 391.1 386.9 381.2 375.7 371.4 366.7 361.6 357 353.6 350.7 349.8 348.7 349.2 349.4 347.5 349.8 353.8 356.1 357.9 359.1 360.4 361.3 361.4 361.3 361.1 361 361 361.8 363 363.9 364.6 365.4 366.3 367.2
325 320.2 313.8 310.1 302.7 291 278.6 268.6 259.4 248.9 241.4 230.5 232.3 228.3 246.3 259 268.1 276.6 284.2 292.5 300.6 308.2 315.6 321.5 328 334.1 346.7 363.5 373.5 379.9 384.9 385.1 382.5 384 385.8 386.9 388.8 393.2 398.7 401.8 401.3 399.2 396.8 395.6 394.7 392.2 388.4 383.1 377.7 373.5 368.8 364.2 360.8 357.2 354.5 352 351 351.6 351 348.8 351.3 353.9 355.5 357.1 358.5 359.3 359.9 359.8 359.8 359.7 359.6 359.5 360.3 361.3 362.6 363.5 364.5 365.8 366.3
326.2 315.1 305.5 299.7 293.2 282.2 271.3 261.9 252.9 243.9 234.2 223 223.1 236 252.5 263.2 270.8 279 287.1 295.1 303 310.3 317.5 323.9 331.2 338.8 354.6 370.6 380.5 386.4 389.5 389.3 388.6 392.6 393.2 393.2 392.6 395.5 399.9 402.9 403.1 400.6 398.3 396.2 395.1 393 389.2 383.7 379.7 375.5 371.4 368.1 364.4 361 358 355.2 353.9 353.3 352.4 350.8 350.6 353.2 354.8 355.9 356.9 358 358.3 358.3 358.2 358.1 358.1 358.6 359.5 360 360.9 363 364.1 364.9 365.2
315.3 305.7 297.1 290.7 281.9 273.1 264.3 254.5 245.9 237.6 228 216.2 226.6 241.2 255.6 265.5 272.1 279.1 288.7 296.3 304.2 310.2 317.6 325.1 334.4 348.7 361.3 375 383.1 389.4 392.9 396.6 398.1 398.9 399.4 398.6 398 399.6 402.7 403.1 403.4 401.9 399.8 397.7 394.7 392.5 389.9 385.3 381.8 377.4 373.7 371.1 367.9 364.2 361 358 355.6 354.1 353.2 351.1 349.9 352 353.8 354.6 355.5 356.3 357 357 357.1 357.1 357.1 357.7 358.9 359.7 360.7 362.7 363.4 364.1 364.7
