data/220000-730000.asc
ncols 200
nrows 200
xllcorner 220000
yllcorner 730000
cellsize 50
[rows 105 to 139 of 200, columns 0 to 77 of 200]
564.8 606.4 634.9 668 699.1 723.7 742.2 755.2 759.5 757.7 753.7 748.4 739.3 727.7 717.6 706.2 692.9 677.5 669.8 669.9 665.4 664.8 661.8 663.4 649.5 623.3 604.7 584.6 572.6 565.7 563.4 556.4 554.8 556.7 560.7 561.5 559 552.5 551 554.6 558.4 553.8 553.9 544.4 547.3 546.2 540.6 533.4 523 503.8 490 482.1 477.2 467.7 460.8 451.8 445.2 446.2 445.3 450.9 455.9 454.1 452.6 450.7 453.2 452.3 452.9 458.9 465 468.7 464.1 456.9 460.4 465.6 471.8 468.2 460.6 451
584.4 615.5 645.5 674.3 708.3 732.8 745.1 751.6 753.6 744.4 735.7 721.2 705.4 693.5 686.4 675.7 664.3 651.2 648.3 647.3 643.5 641.4 647.3 644.5 623.3 606.9 588.2 574.4 567.4 561.7 558.1 546.6 538 539.2 541.5 538.6 534.5 533.6 531.8 534.9 535.4 535.8 531.4 536.6 536.9 533.6 529.1 520.6 507.8 495.2 480.1 473.3 469.5 462.8 457.1 447.9 436.5 435 437.3 443.1 456.5 451.1 451.1 447.9 448.8 451.9 454.6 459.2 467.1 467.6 466.4 461 467 473.1 471.6 466.1 458.5 440
595.1 629.6 650.5 678 712.4 731.5 747.8 748 746 726.4 702.6 684.7 673 663.5 656 646.2 635.5 624.7 627.4 625.3 624.4 620.6 632 621.3 607.6 592.7 581.4 570.5 564 554.5 550 543.3 522.7 521.5 524.1 522 517 515.3 508.9 514.9 517.2 514.6 522.7 525.4 523.8 519.9 514.1 505.1 496.3 483.4 471 466.3 464.4 457.4 449.6 440.9 433 429.2 429.5 433.7 440.9 440.1 444.7 443 445 456.7 457.9 464.2 469.2 467.2 464.8 465.6 470.9 473.3 465.1 460.9 448.5 429.8
588.7 631.2 659.5 684.7 712.9 729.4 744.8 741.2 724.9 697.8 672.3 651.6 642.1 634.7 626.7 617.3 608.5 594 600.3 606.2 606.2 607.6 611.8 605.4 591.7 581.2 572.3 565.6 557.7 550.5 541.9 531.7 522.9 499.8 502.8 503.6 492.6 487.7 488 496.5 493.7 501.6 510.4 509.7 508.3 503.7 498 493.3 480.5 470.2 464.5 462.1 459.3 450.7 443.1 433.4 430.2 414.5 418.3 421.1 423.7 429.8 432.4 435.7 448.8 454.4 461.6 466.2 464.3 465.7 466.3 470.3 469.9 462.9 455.2 446.3 434.5 423.6
595.7 630.5 666.7 693.1 715.3 730 738 721.7 694.4 666.3 641.2 622.2 612.4 605.8 600.3 592.8 582.5 565.6 581.4 588.5 584.4 592.4 590.8 586.7 581.3 572.4 564.8 559.4 550.7 544 535 524.7 514.7 499.1 478.7 479.2 469.4 468 470.3 472 477.5 488.1 488.2 489.7 492.4 488.6 483.8 477 468.1 461.7 456.5 452.6 449.8 439.6 430.4 426.7 426.5 411.2 403.9 409.8 415 418.1 426.2 438.7 449.5 450.5 455.7 460.9 461.1 463.7 466.9 467.2 462.3 455.3 455.1 444.6 427.5 420.8
605.9 640.6 678.6 705 721.6 728.7 723.6 703.6 671.2 643.1 617.4 599.3 589.1 579.8 572.1 568.2 555.2 542.8 567.2 571.5 569 572.4 572.2 572.5 568 563.2 556.5 548.7 540.8 532.6 521.8 513 504 488.4 462 449.5 451.8 448.7 454.2 453 461.7 466.3 467.7 473 476.9 474 466.2 461.4 453.1 450.2 449.6 445.3 435.4 428.9 424.5 418.7 414.8 404.3 393 400.1 403 407.5 418.5 431.9 434.2 441.9 449.7 457.4 460 461.6 458.7 457.6 455.6 454.7 443.9 422.6 419 412.7
623.6 657.9 691.4 714.4 724.1 722.3 712.2 690.2 658.8 625.8 602 583.5 569.7 558.9 550.9 545.2 532.2 520.4 544 550.7 550.7 547.6 552.7 554.6 552.4 545.8 539.4 532.9 525 516.1 502.2 497.1 489.1 474.3 450 430.3 435.8 431.4 436.6 435.1 442.9 449.1 453 459.3 458.8 454.9 450.6 445.4 442.3 442.3 441 433.9 428.2 421.8 415.7 411.3 405.4 392.5 380.7 385.9 389.2 401.1 414.3 426.6 426.9 433.1 442.2 448 452.2 455.4 455.9 444 443.7 424.1 407.6 400.5 398.7 384.1
649.4 682.9 708.5 721.4 721.8 715.4 701.4 679.6 653.8 623.2 599.2 573.4 556.4 544.3 533.1 525.1 509.2 503 521.1 523.4 526.8 528 531.1 534.7 532.2 525.7 519.2 514.5 508.8 497.3 487.2 478.5 466.9 445.8 433.6 419 422.5 412.3 418.5 421 430.8 435.8 440.5 444.3 443.3 440.8 435.7 432.1 431.7 435 430.2 423.4 417.1 414.1 406.2 403.5 393 378.4 376.9 375.4 383.5 393.2 410.9 417 421.1 428.8 429.2 433.6 436.5 435.8 429.3 416.2 408.4 397.2 385.9 379.9 371.1 363
678.6 707.9 719.6 723.7 721.8 712.8 702.8 685.1 656.7 620.6 593.3 563.7 544.1 528.9 518.3 505.1 491 485.7 503.5 501.5 504.5 506.4 512.3 513.4 509.5 506.5 499.5 496.6 487.6 479.1 468.1 458.3 445.1 429.6 414.4 409 403.5 401.3 402.1 410.5 417.7 424.7 428.5 428.6 428.1 426.4 422.8 421.7 423.1 423.6 417.6 411.6 411.7 403 391.5 390.9 380.2 365.1 371.4 370.7 376.4 385.4 401.6 403.8 409.2 414.6 418.9 421.1 422.7 416.7 399.3 392.7 379.7 368.6 356.5 352 344 333.1
702.3 722.8 726.4 721.5 719.9 705.6 695.1 679 652.2 614 585.8 552.2 532.2 518.1 502.2 494.2 472.8 466.5 483.1 485.8 489 492.3 494.5 492.5 492.9 488.3 482.2 476.2 470.3 465.3 454.7 435.8 422.2 414.1 401.2 390.2 389.2 388.6 391.3 398 404.7 412 413.9 414.8 413.2 410.7 410.6 411.8 410.8 408.8 405 401.9 398.1 391.1 381.8 374.7 365.2 359.1 364 364.4 368 378 386.4 391.5 396.6 403.4 412 410.3 399.4 393.3 385 375.3 363.8 351.3 339.6 324.9 321.3 312
720.4 733.7 723.9 715.5 707 691.2 682.9 664.3 641.2 605.3 572.9 542.3 521.1 504.7 491.4 481.1 466.7 449 464.6 465.6 472.1 475 471.7 470.1 469.9 466.9 462.4 457 456.8 448.1 434.6 421.2 407.1 400.5 394.5 383.6 377.4 377.5 380.1 390.5 394.1 397.3 399.7 401.1 399.7 398.9 402.3 401.1 397.6 395.9 395.3 390 384 376.6 369.2 356.6 353.4 356.9 352.9 355.1 360.8 366.7 370 375.3 382.3 388.2 394.4 390.7 384.1 378.7 372.5 361.5 346.6 336.5 324.3 311.9 303.3 299.6
730 728.2 718.3 703.4 695.1 675 667.9 643.6 622.7 590.6 560.9 531.5 511.6 495.8 479.5 466.9 451.3 436.1 439.5 446.5 456.4 456.3 452.3 448.9 447.4 445.7 442.3 439.4 437.2 427.1 416.4 402.7 392.3 393.6 388 377.4 368.6 369.2 371.6 379.4 383.8 385.6 385.1 384.8 388.3 388.5 388.2 387 385.2 385 383.1 377 371.7 363.7 354.4 347.9 345.4 344.2 338.2 343.3 349.6 354.1 356.7 359.9 367 374.1 378 376 374.4 367.8 359.4 351.2 339.8 323.9 314.1 300.9 290.7 282.4
726.1 719.9 705.8 687.1 668.3 662.7 650.1 628.6 605.3 573.9 551.3 521.8 502.2 487.1 469.1 456.6 444.9 426.1 415.7 432.3 437 436.6 432.7 436.9 430.3 426 423.7 419.9 413.3 406 395.7 388.2 383.1 379.9 373.1 363.2 359.6 362.4 365.5 369.6 370.3 372.7 372.7 373.7 375.7 375.1 375 374.5 372.9 372.9 370.2 364.5 360.7 353 340.1 339 337.4 333.9 327.2 333.1 339.3 348.9 343.4 353.4 359.9 361.1 362 360.7 356.5 348.8 349.2 344.2 336.7 319.8 302.7 288.8 279.7 270.3
717.1 707 688.2 665 648.9 651.1 634.5 608.1 585 561 537.4 513.5 492.2 477.7 460.2 445.6 431.8 422.4 406.1 415.3 420.7 422.4 416.7 426.5 413.8 411 407.5 400.2 391.8 387.6 387.8 379.7 369.7 363.8 358.3 349.9 351.2 354.8 356.1 357.7 358.5 359.7 360.8 361.8 363.7 364.1 363.2 362.9 361.8 358.2 357.4 354.1 347.6 341.6 331.9 328 326.6 321.4 318.7 323.3 328.4 331.6 333.9 343.5 348.4 349.3 349.9 342.7 337.7 337.1 337.5 334.7 326.7 310.2 293.6 277.9 268 259.3
704.3 690 668.9 647.1 632 635 611.2 585.8 567 547.5 526.4 505 484.7 466.5 449.5 433.5 421.5 408.3 399.7 391.2 406.4 405.3 401 407 396.6 394.7 389.3 380.5 378.3 376.2 371 363.2 354.7 347.9 342.8 338.2 343.2 345 345.8 345.9 346.8 347.7 348.3 351 352.6 352.3 353.5 352.5 351.6 345.7 343.6 338.9 333.8 324.1 319.9 320.9 317.3 308.5 309.2 310.1 314.8 321.9 321.7 326 329.9 332.3 332.1 329.5 325 324.8 325.8 323.3 314.8 299.2 280.5 268.4 257.4 252.7
689.9 673.3 646.9 621.9 607.8 597.3 579.2 564.8 553.4 538.3 517.3 498.8 475.6 453.3 440.2 421.9 409.9 393.8 391.5 379.5 387.7 389.8 389.5 388.8 382.1 376.9 373.5 371.2 366.6 363 355.8 347.2 340.9 334.8 330.2 330.8 335.3 334.8 335.4 334 336.4 335.9 338.2 340.6 341.9 343.5 343.9 341 339.3 334.3 330.4 327.3 323.1 313.1 310.2 310.6 302.7 299.5 301.8 303.1 304.1 314.9 312.7 314.2 315.5 316.5 317 315.7 317.3 313.4 311.7 305.5 298.1 285.7 266.2 258.4 249.6 240
672.7 649.1 615.8 594.8 584.2 574.9 558.2 551 541.1 527.1 507.8 488.6 465.7 442.9 426 409 395.8 377.2 375 369.5 370.2 373.3 373.7 369 366.3 367.5 364.4 360.5 355.4 349 341.1 334 327.7 322.7 318.1 325.8 329.3 324.6 324.4 324.7 325.2 326.3 328 330.1 332.7 334.1 333.8 330.9 328.6 325.5 320.9 316.3 309.9 303 302.4 296.4 293.4 290.9 291.9 289 293.4 299.7 300.5 303.4 301.8 301.9 308.6 307 306.5 301.9 296.8 290.6 277.3 266.4 258.4 249.7 238.1 230.7
654.6 613.6 586.8 570.7 563.4 551.3 539.8 538.8 528.3 514.2 494.1 475.1 448.6 429.1 413.3 398.2 383.3 367.3 358.2 358.1 357.4 359 354.4 355.5 356.1 359.2 354.9 349.8 342.7 334.2 329.5 323 317.1 311.2 310.1 317.3 316.9 313.3 312.3 316.1 316.7 316.7 317.3 320.3 322 323.9 321.7 320.9 320.4 316.5 312.1 303.2 296.3 296.7 292.7 284.3 283.1 280.1 280.3 278.4 288.9 290.5 295 289.2 288.8 293.1 299.4 296.2 294.7 289.1 283.6 272.9 263.3 255.6 248.8 241.7 226.6 217
598 574.5 555.5 544.9 536.5 525 521.6 527.4 514 498.6 482.5 455.8 431.8 414.7 401.1 384.7 372.5 357.3 348.3 347.1 347.5 346.5 344.4 347.1 348.4 347.3 343.8 338.8 332.1 325.1 318.3 312.5 307.3 305 302.2 309.4 308.6 304.6 303.2 307.8 306.7 308.4 311.7 311.7 314.3 313.9 311.7 311.8 313.7 308.6 300.6 291.2 288.1 289.6 284.6 274 277.3 270.1 268.1 272.7 278.5 285.8 285.9 279 278.9 284.9 285.3 285.5 279.7 273.8 270.1 259.6 250.4 243.6 238.6 231.5 214.3 207.5
553.8 537.6 531 522.5 508.9 500.9 503.9 504.8 492.2 474.8 451.7 433.5 413.4 398.3 383.3 372.9 358.8 344.9 335.4 338.8 338.5 338.1 338.1 337.5 336.4 336.3 333.2 329 322.8 316.2 308.1 303.3 299.9 299.6 295.4 299.5 297 301.8 292.6 297.4 298.6 299.2 302.1 304.1 305.8 305.3 306 311 308.6 297.8 289.5 285.9 280.5 280.6 275.4 268.3 269.2 262.9 261 265.6 272.2 276.5 273.7 269.6 270.5 273.4 275.7 273.5 267.7 261.9 253.8 247.1 238.1 234.8 231.9 220.1 207.5 200.5
513.2 505.1 502.3 495.5 481.9 482.3 489 479 465.5 447.5 431.4 414.3 395.7 381.6 368.3 358.1 347.2 335 326.6 328.2 329 333.1 333 329.9 327 328.8 329 324.6 314.7 305.1 298.9 295.8 293.5 291 287.2 287.4 288.8 292.4 285.2 291.3 291.9 295.1 296.7 297 298.7 300.3 300.9 302.6 295.4 286 281 278.3 273.7 269.9 265.4 260.5 261.2 252.3 256.8 261.3 267.1 264.8 261.9 268 270.9 265.4 262.7 259.6 255 247.6 240.2 234.6 228.2 225.6 220.7 207.9 197.5 192.8
480.1 475.4 472.8 466.6 459 467.4 463.7 450.1 440.6 426.4 411.1 396.2 379.5 366.8 355.1 346.4 337.5 326.7 316.9 318 320.8 325.2 323.8 319.9 317.1 319 324.4 319.9 309.2 295.3 289 286.4 287.3 285.6 283.4 279.9 279.7 280.9 279.3 285.3 284.9 289.4 293.1 291.7 296.2 295.4 293.5 287.7 279.3 273.3 272 266.5 261.9 258.6 255.1 250.4 249.9 244.5 250.7 263.6 260.1 256.2 252.1 255.8 259.4 260 251.4 248 243.4 232.4 227.3 221.1 219.3 213.4 204.9 197.9 187.8 178.5
452.2 452.2 449.6 445.5 441.3 439.7 430.5 424.7 414.9 405.3 390.7 376.5 362.3 353.4 343.9 334.3 325.1 315.9 310.9 305.5 313.9 314.4 312.6 311.2 307 304.6 309.8 306.4 298.6 287.9 280.7 280.5 279.1 280.3 277.8 275.3 272.2 275.2 277.8 281.3 277 281.6 287.6 285 286.7 283.9 279.5 273.4 268.3 265.3 264.9 258.7 251.4 249.4 247 242.4 241.1 237.5 247.2 252.3 251.3 245.4 245.3 245 243.7 242.1 234.8 230.5 230.8 223.2 215.3 210.8 207.6 199.6 193.2 186.8 177.2 171.1
428.2 432.4 434.8 420.9 411.4 405.2 399.7 399.3 393.7 378.8 367.7 356.2 348.7 341 332.6 323.1 315 306.2 303.9 300 308 303.7 302.4 301.5 297.1 291.7 292.6 294.6 291.5 282.5 276.3 271.8 274.1 274.7 274 274 270.4 270.1 274.3 273.1 272.7 275.7 278 275.7 272.9 271.8 266.6 262.5 258.1 255 253.7 245.7 244.4 241.2 239.1 234.8 229.4 233.4 245.1 247.3 246 240.1 238.3 237.8 233.3 228.8 222.7 218 215 210.1 204.2 201.5 199.5 189.1 182 177.3 171.9 167.8
402 404.9 402.5 397.8 383.2 380.3 378.1 371.9 369.2 357.3 348.2 339.9 332.5 326.9 324.9 317.8 306.9 299.3 298.5 295.6 298.3 297.8 293.9 292.5 288.9 286.7 286.3 283 278.6 274.3 274.3 271.3 269.4 269.9 269.1 267.7 264.6 272.5 269.9 268.1 270.9 271.7 271.8 269.1 263.3 258.7 256.2 257 248.8 244.1 241.8 237.9 235.9 233.6 234.7 231.8 223.5 233.8 240.2 236 234.1 230.6 224 225.8 223.6 220 214.2 208.4 205.7 196.4 191.5 190.6 187.1 180.7 175 171 167.1 163.5
378.5 382.5 380.9 376.1 368 362.9 359.8 352.9 348.3 339.7 331.9 321.9 314.4 316 316 311.9 298.8 293.4 293.2 291.8 289.6 292.8 286.7 282.4 281.5 279.8 276.5 273.1 269.5 269.3 266.7 265.3 264.1 265 264.4 262.7 259 263.9 265 266.5 266.9 266.8 266.1 262.3 258 252.4 248.1 245.4 242.4 239.4 235.5 232.8 230.1 227.8 229.4 225 218.6 230.1 229.9 224.5 224.9 221.5 212.9 211.2 210.5 206 203.1 197.9 194.8 191.3 184.4 187.3 177.5 174.4 170.8 167.2 164.4 161.4
363.3 363.6 367.8 361 355.5 350.7 343.4 339 331.7 323 316.8 310.5 302.6 300.2 301.5 298 289.7 288.3 288.8 287.5 285.6 285.1 281.5 278.7 275 272.5 270.2 266.2 266.5 264.6 262.1 259.6 264.8 263.5 263 259.9 260 261 265.2 262.1 261.9 262.3 260.2 255.8 251.6 249.4 240.5 237.5 238.4 234.4 232.4 229.9 224.7 221.1 220.1 219.9 214 220.9 223.7 218.6 215.6 214.1 207.7 205.4 201.8 195.5 190.6 189.8 187.5 186.5 176.5 173.3 171 166.4 166.5 164.6 161.7 160.7
347.8 346.8 346.4 344.3 339.5 338.2 332.3 325.9 317.1 310.1 302.2 296.5 293.8 288.9 286.6 286.5 283.8 283.7 283.9 283.9 282.7 280.5 278.5 276.5 273.6 271.2 269 265.7 261 260.1 260.6 258.1 257.7 264.6 261.8 258.1 253.2 254.2 265.1 264.7 258.6 257.9 256 248.5 245.7 246.5 236.5 233.8 234.5 230.8 229.2 231.1 223 218.2 214.8 212.1 202.6 208.4 203.3 205.2 200.5 199.2 197.2 200.6 194 189.6 189.1 189.1 182.5 180.2 172.3 166 159.6 157.3 152.5 155.7 156 157.7
336.6 331.9 330.4 327.6 320.8 320.3 318.9 312.4 304.2 298.7 292.6 289.5 286.6 280.5 277.8 280.3 279.1 279.9 280.2 280.3 279.3 278.6 276.4 275 272.6 269.3 267.7 264.3 262.6 261.3 261.1 258 254.8 254.6 253.2 253.3 252.8 250.6 251.8 253.2 249.3 251.1 252.7 247.1 239.8 235.2 231.6 231.1 232 232.8 228.1 226.3 224.3 212.3 211 204.9 200.4 196.5 196.4 195.2 193.5 191.1 187.5 189.4 186.2 182.5 184 185.7 179.9 170.4 170.3 170.2 168.4 165.4 164.3 151.9 149.6 152.1
324.7 321 319.4 313.5 308.1 306.7 306.7 303.3 291.8 288.1 283.4 284 278.9 273.6 272.5 273.9 275.2 276 276.3 276.5 276.2 276.5 274.9 273.4 272 270.4 272 268 265 263.3 261.7 262.8 259.5 254 251.5 248.9 248.9 246.8 244.8 243.5 244.3 244.4 245.4 242.7 236.7 234.5 230 224.9 231.4 226.7 222.2 218.6 218.4 209 204.3 200.1 197.4 190.5 190.6 190.4 187.6 182.7 181.5 181 179.9 180 178.5 177.9 173.3 181.5 179.6 178.8 181.2 177.3 172.7 163.1 150.4 145.9
313.7 311.5 308.8 303.3 298 295.1 294.1 290.9 284.1 280.8 276.2 274 272 269.2 269.5 271.1 272.2 273.2 273.9 274 274.1 275.4 273.5 272 271.8 272.5 278.8 277.7 273.2 266.1 263.8 268.4 267.6 263.5 259.9 254.3 251.7 251.2 250.3 243.2 240.1 237.6 235.9 232.5 232.2 235.9 229.9 219.7 220.1 220 218.2 217.5 214.6 205.8 200.1 197.2 193.8 190 186.9 186.4 181.5 183.2 180.6 179.9 180.2 181.2 180.5 181.4 185.8 195.7 192.3 192.2 193.5 189.9 172.3 161.6 154.8 141.2
303.2 303.5 298.9 292.5 289.6 287.2 284.5 283.4 277.2 270.4 269.8 268.3 268.5 266.4 268.4 269.3 269.9 270.5 271.3 272.2 274.6 276.9 275.2 274.2 274.8 274.5 279.1 281.3 281.1 276.9 273.8 273.5 273.2 270.4 264.9 262.7 259.6 263.3 261.4 259.1 257 253.6 250.1 246.5 247.5 241.6 235.2 219.4 210.4 208.6 209.4 214.4 209.5 204.4 198.8 194.1 192.3 189.4 188.2 187.9 184.4 187.6 184.8 182.2 181.8 182.2 182.5 185.9 194.5 210.8 207 200.7 198.3 192.2 176.1 162.7 154.5 144.7
295.1 292.4 288.9 283.1 279.5 276.3 276.4 272 263.5 264.1 264.8 262.2 266.6 266.5 267.2 267.1 267.5 268.3 269.8 271.5 275.4 278.3 276.5 276.4 276.7 276.6 281.3 284.8 285.9 284.6 282.8 281.7 279.3 274.6 272.9 273.4 271.8 269.6 268.6 268 266.8 265.9 263 259.3 254.7 248.4 242 236.9 226.9 217.1 205.1 204.4 201.3 198.4 202.8 196.2 190.2 187 185.5 184.3 185.6 189 189 187.1 186.3 186.7 187.1 191.2 197.4 208.8 211 205.2 199.2 189.3 176.8 164.8 156.1 147.8
282.4 281.6 276.9 273.1 272.6 267.5 267.2 265 260.2 261.3 259.6 260.9 263.1 263.5 265.4 267 267.7 268.3 271.2 273.3 277.7 281.3 283.4 284.2 283.9 283.6 286 289.7 293 294.2 291.9 290.9 289 285.7 285.4 283.8 281.5 278.8 277.7 275.9 274.2 272.1 270 265.9 259.6 255.5 249.5 246.1 236.9 227.9 219.5 206.4 199.9 194.6 191.9 189.2 187.9 190.3 190.9 190.4 189.2 190.1 192.9 188.5 189.4 191.4 194.3 200 214.2 209.4 208.9 204.2 201 186.6 177.9 166.3 157.8 149.4
270.5 267.9 267 263.7 260.8 263.5 261.6 260.8 258.8 259.2 260.7 261.3 261.7 264 268.3 270.1 269.3 270.4 273.9 278.2 282.6 287.8 291.7 290.8 289.9 290.2 291.3 294.7 300.4 301.7 302.3 301 298.7 295.8 293.6 293.4 291.1 288.6 286.9 284.7 282.6 280.9 276.8 271.8 264.7 260.7 253.2 248.8 239.8 229.1 225.9 216.2 208.9 204.7 197.6 193.7 191.3 192.5 195 193.5 193.1 195.2 199.2 200.6 195.9 197.8 199.1 200.6 205.7 206.8 200.1 199.8 193 185.8 180.3 168.4 157.8 151.3
