data/220000-560000.asc
ncols 200
nrows 200
xllcorner 220000
yllcorner 560000
cellsize 50
[rows 105 to 139 of 200, columns 79 to 157 of 200]
139.9 139.3 138.5 137 136.2 136.7 137.5 137.8 136.7 135.2 133.7 131.7 128.9 126.7 125 122.7 122.4 122.8 122 121.2 120 118.8 117.4 116 115.1 115.2 108.9 107.6 106.9 106.9 106.9 105.6 105.5 106.2 106.7 106 107.9 109.7 109.4 110.9 108.3 113.5 111.3 109.5 109.3 109.8 109.9 108.5 106.8 106.2 105.5 104.7 103.9 103.3 104.3 104.7 105.9 106.8 107.5 106.4 106.8 102 100.8 100.8 100.8 100.8 100.8 100.8 103 105.2 107.8 112.3 118.8 119 122.6 126.8 133.1 136 137.3
139.9 139.1 138 136.5 135.4 135.9 136.2 136.7 135.3 133.6 131.5 128.9 126.2 123.6 122.9 123.7 124.3 123.2 120.7 119.8 118 118.6 117.6 117.6 114.3 112.8 108.8 107.5 106.4 105 105.5 104.5 105.7 105.6 105.7 105.5 107 107.2 108.7 107.4 112 113.6 110.2 109.4 108.8 108.6 108.7 107.3 104.3 104.3 104.4 104 102.1 99.8 101.5 103.2 103.9 103.7 104.1 102.6 102.1 100.8 100.8 100.8 100.8 100.8 100.8 100.8 103.2 106.7 108.8 111.4 114.1 115.5 124.1 130.1 132.9 136 134.1
140.8 139.4 137.4 136.5 135 134.7 135.2 135.4 133.6 131.2 128.6 125.6 123.8 123.6 124.2 123.9 123.9 122.4 120.1 118.2 117 117.6 117.3 117.4 115 113.4 107.9 105.9 105 104.2 104.6 103.8 105.8 105.9 105.2 105.6 105.7 105.4 106.4 107.2 113.2 113.8 109.1 108.5 108.2 107.9 107.6 105.7 99.8 102.1 99.8 99.8 99.8 99.8 99.8 99.8 99.8 99.8 99.8 99.8 102.6 100.8 100.8 100.8 100.8 100.8 100.8 102.8 106.6 110.3 111.3 112.1 113.3 116.4 125.5 129 129.5 129.4 128.8
142.4 140.5 137.7 136.3 134.5 134.2 134.5 134.3 131.2 128.3 125 124.3 124.2 123.9 125.2 124.7 123.8 121.8 119.6 118.2 116.8 116.2 116.5 116.6 114.9 112.4 106.4 105.4 104.4 103.9 104.2 103 104.1 103.9 104.4 105 105.4 105.4 105.4 109.6 113.8 113.2 108.9 108.9 108.7 107.3 106.2 102 99.8 99.8 99.8 99.8 99.8 99.8 99.8 99.8 99.8 99.8 99.8 99.8 104 103.5 105.8 105.5 103.3 103.6 103.5 105.4 111.3 113.8 113.4 113.1 114.7 118.7 124.2 126.2 125.9 124.2 124.3
145.5 142.5 141.1 136.1 135.2 134.2 133.4 132.1 129.2 124.6 123.8 124.9 125 125.8 124.9 123.6 122.3 120.8 119.3 118.1 116.6 116.1 115.6 116 113.8 110.5 106.4 105.1 103.2 103.6 103.7 104.2 103.3 103.3 103.7 104.1 104.5 105.2 104.5 111.6 114.5 111.7 109.4 109.2 107.4 106 104.5 99.8 99.8 99.8 99.8 99.8 99.8 99.8 99.8 99.8 99.8 99.8 99.8 99.8 104.6 104.6 105.8 107.6 106.9 107 106.8 106.8 112.6 114.9 114.2 114.1 116.6 120 122.7 124.2 123.8 124.3 124
149.4 146.6 142.4 137.7 134.6 133.7 132.9 131.2 127.9 124.5 125.4 127.7 126.8 126 125 123.1 121.8 120.5 118.6 117.4 116.3 115.5 115.9 116.5 113.3 109.3 106.8 105.2 103.6 103.1 103.1 103 103 102.5 102.9 103.3 103.7 104.1 105.9 112.6 114.1 109.9 111.2 110.6 106.5 105.3 104.3 99.8 99.8 99.8 99.8 99.8 99.8 99.8 99.8 99.8 99.8 99.8 99.8 103.3 105.5 106.9 108.5 110.3 109.4 108.3 107.9 108.1 110.7 114.3 114.4 114.2 116.4 118.9 120.7 122.8 123.9 124.6 123.3
150.1 147.6 142.3 139.6 134.5 133.2 133 133.6 129 127.6 127.7 129.3 127.4 126.3 125.2 123.1 121.2 120.1 117.9 116.6 115.4 115.1 117.1 117.4 113.2 108.8 107.4 106 103.9 102.9 102.6 104 103.1 99.5 103 103.2 103.4 103.7 106.3 112.2 111.5 109.1 111.5 108.3 106.5 105.7 104.5 99.8 99.8 99.8 99.8 99.8 99.8 99.8 99.8 99.8 99.8 99.8 99.8 105.8 107.3 110.6 114.2 114.7 110.3 109.4 109.4 109.5 111.1 114.8 114.8 114.9 115.4 117.6 119.1 121.9 123.6 124.9 123.4
147.9 148.2 142.7 135.9 134.3 133.4 133.5 135.7 131.9 128.7 130.2 128.8 127.5 126.5 125.2 123.1 120.9 119.1 115.9 114.4 115 115.2 118.5 119 113.8 108.2 106.7 105.6 104.5 102.9 102.7 102.8 102.4 102.1 102.5 102.7 103 103.5 107.2 110.2 109.1 109.4 111.1 107.1 106.5 106 105.1 99.8 100.8 99.8 99.8 99.8 99.8 99.8 99.8 99.8 99.8 99.8 104.8 109.4 110.6 113.5 115.1 111 111 110.8 110.9 111.2 113.8 115.6 115.6 115.7 116.1 117.8 119.1 123.6 128.2 130 123.3
146.9 145 137.4 135.3 134 133.7 133.3 135.7 131.5 131.6 130.3 129.3 128.8 127.7 126.7 125.2 121.8 117.9 112.9 114.3 114.9 116.5 119.8 118.7 113.9 107.8 106.2 105.3 104.6 103.1 102.6 101.6 101.3 101.7 102 102.2 102.8 103.8 106.7 107.5 107.9 109.5 110.6 105.9 106.1 105.6 102.6 99.8 99.8 99.8 99.8 99.8 99.8 99.8 99.8 99.8 99.8 99.8 106.9 110 112.1 114.5 114.2 113.2 113.8 113.6 113.4 115.2 116.1 116.1 116.5 116.3 117 119.1 123.5 130.6 134.5 131.1 122.2
149.7 145.3 139 134.1 133.5 133.6 133.7 135.2 132.1 133.1 132.6 133.4 130.1 129.7 129.5 126.2 118.5 112.9 114.7 113.1 113.8 117.6 119.2 117.5 109.8 107.1 105.7 104.9 104.2 103.4 102.4 101.3 101.3 101.6 101.8 102 103.1 104.2 106 106.4 107.5 109.7 110 105.8 106.1 106.2 104.6 99.8 99.8 99.8 99.8 99.8 99.8 99.8 99.8 99.8 99.8 103 106.8 110.1 112.5 114.8 113.7 114.7 115.4 116.9 115.6 117.4 117.4 117.3 116.5 116.3 117.6 121.6 130.6 137.6 137.3 130.9 121.2
144.7 139.4 134.1 133.3 132.4 132.4 132.8 133.3 135.6 138.3 135 133.4 131.4 130.2 128.5 124.2 117.1 115.6 114.4 112.4 112.5 116.5 116.6 113.9 108.5 106.6 105.3 104.7 103.9 103 102.1 101.4 101.6 101.8 102.1 101.8 102.9 103.8 104.5 106.1 109 111.6 109.8 105.5 106 106.2 99.8 99.8 99.8 99.8 99.8 99.8 99.8 99.8 99.8 99.8 99.8 103.5 107 109.8 112.9 114.4 114.8 116.2 117.4 119.4 123.3 119.2 119.1 118.7 116.9 116.5 119 124.9 136.1 140.5 137.3 127.7 118.6
137.5 134.6 133.8 133 131.6 131.4 132.1 133.6 135.1 135.4 132.8 131.1 130.8 128.3 124.8 119.2 117.4 115.8 112.6 109.5 111.1 113.9 113.8 110.3 107.2 106.2 105.1 104.2 103.3 102.2 101.8 101.7 101.4 101.3 102.4 101.6 102.5 103.3 103.9 105.2 109.9 111.1 106 105.7 105.8 104.6 99.8 99.8 99.8 99.8 99.8 99.8 99.8 99.8 99.8 99.8 99.8 104.1 107.1 109.9 113.9 115.6 116.4 117.4 119.5 123.2 121.5 121.8 118.9 117.5 115.7 115.2 119.9 127 136.9 137.8 132.3 123.3 114.4
134.5 134.2 133.4 132.1 130.8 130.8 131.1 131 132.3 131.7 130.4 128.1 124.9 122.8 120.5 117.2 114.8 112.7 109.6 108.9 111.1 112 110.5 108.5 106.3 105.2 104.5 103.6 102.6 101.5 101.4 101 100.6 100.1 101.5 100.8 100.7 101.4 102.6 104.4 106.9 107.9 105.1 105.2 104.7 102.2 99.8 99.8 99.8 99.8 99.8 99.8 99.8 99.8 99.8 99.8 103.2 106.1 108.5 111.1 115.1 117.3 118 117.8 120.8 121.5 120.5 119 118.3 116.8 115 114.2 119.3 126 129.4 128.2 123.6 118.3 111
133 132.6 133.4 131.5 129.1 129.6 129.9 129.5 129.5 127.6 128.6 124.8 122.2 120.1 117.7 115.3 111.2 110.1 109.2 109.9 109.2 109.7 107.7 106.7 105.6 104.3 103.7 103 101.9 100.8 100.7 100.6 100.2 100.5 100.4 100.3 100.1 100.8 101.7 102.9 104.3 104.9 105 103.1 100.8 99.8 99.8 99.8 99.8 99.8 99.8 99.8 99.8 99.8 99.8 99.8 104.7 107.6 110.6 113.9 117.5 118.5 118.6 118.3 120 120.5 118.7 118 117 115.2 113.7 113.7 116.4 119.5 121.5 120.1 116.9 111.5 106.1
134.5 130.9 131.7 131.5 128.3 129.2 130.6 129.2 127.9 127.2 127.1 123.7 121 117.5 114.2 112.1 110.8 110.1 109.2 109.5 109.3 107.3 105.5 105.2 105.2 104 103.1 102.7 101.6 101 99.9 100.6 100.2 100.6 101 101.7 100.1 100.2 101.2 101.9 102.6 102.6 99.8 99.8 99.8 99.8 99.8 99.8 99.8 99.8 99.8 99.8 99.8 99.8 99.8 103.7 107.2 110.7 112.6 115.4 117.9 118.9 119.5 119.9 119.7 118.9 117.6 115.9 114.1 112.7 111.6 111.7 112.3 114.1 114.5 113.7 110.5 107.1 102.4
134 130.2 128.2 127.6 126.6 129.5 131.3 130 127.6 126.7 126.1 124 120 115.7 112.9 111.6 110.4 109.7 109.4 109.5 109.6 107.8 104.5 103.6 103 102.8 102.2 101.8 103.1 100.6 100.6 100.6 100.5 101.5 103 104 100.3 100.3 101 101.8 102 102.2 102 99.8 99.8 99.8 99.8 99.8 99.8 99.8 99.8 99.8 99.8 99.8 99.8 104.7 110.5 114.1 114.9 116.9 118.5 119.8 120.1 119.6 117.8 116.6 115.4 114.2 112.5 110.4 109.5 108.6 107.7 108.3 108.6 107.8 106.3 104.2 100.2
132.1 130 125.9 125.6 127.4 127.3 130.5 127.5 126.2 126 124 121 116.6 113.3 111.7 110.7 109.6 109.1 108.9 109.3 109 105.5 104.8 102.8 102.2 102 101.8 102.1 102.3 99.3 101 101.7 102 103.9 107.7 106.7 100.8 100.9 101 101.2 101.2 101.1 101.9 99.8 99.8 99.8 99.8 99.8 99.8 99.8 99.8 99.8 99.8 99.8 99.8 108.3 116.3 117 116.8 118.2 118.2 119 119.8 118.4 115.7 114.8 113.7 113 110.5 108.4 106.6 105.6 104.6 103.9 103.9 103 102.2 101.2 99.2
130.9 126.7 125.4 124.6 124 125 125.1 124.2 122.4 122.5 120.9 118.1 114.5 112.7 110.8 109.9 108.8 108.5 108.4 108 106.3 105.4 104.2 102.7 102.2 102 103.9 103.4 100 99.4 101.3 102.8 104.5 109.1 112.7 108.5 101.3 101.4 101.6 102 102.3 102.5 102.3 99.8 99.8 99.8 99.8 99.8 99.8 99.8 99.8 99.8 99.8 99.8 104.6 112.5 117.8 118.9 117.9 116.7 117 118.1 118.5 116 113.2 113 111.6 110.3 108.4 104.9 104.1 103.5 102.8 102.1 102 101.2 100.4 99.5 98.8
127 125 124.7 123.8 122 123.1 123.1 120.6 119 120.5 117.7 115.8 114.5 112.8 110.2 108.8 108.1 107.7 107.5 107.3 106.4 105 103.4 102.9 102.5 102.1 101.8 100.5 99.1 99.1 100.9 103.1 107.9 115.7 116.8 108.8 102 102 102.2 102.8 103.1 102.6 102.1 99.8 100 99.8 99.8 99.8 99.9 99.8 101.1 99.8 99.8 99.8 108.2 114.2 116.7 119 117.2 115.6 116 117 116.4 114.4 111.9 110.1 109.6 107.6 104.3 103.5 102.3 101.4 100.9 100.6 100.1 99.3 98.6 97.7 97.9
124.7 125 123.7 124.8 121.5 119 120.3 118.1 116.2 115.9 115.4 114.3 112.2 111.7 108.6 108 107.4 106.9 106.7 106.7 105.6 104.7 104 102.7 102.3 101.9 101.5 100 99.5 99.7 101.9 105.1 113.5 119.3 117.1 108 103 102.9 103.2 103.5 103.4 103.1 102.1 102.2 103.3 101.6 100.7 103.8 105.2 105.9 105.3 99.8 99.8 103.4 112.4 115.9 116.4 117.4 115 114.1 114.3 114.4 114.4 113.2 110.6 109.9 109.2 106.6 104.3 102.5 101 99.4 99.7 99.2 98.6 97.7 96.8 96.7 97.1
123 123.6 123.5 124.1 120.4 117.5 118 115.8 114.6 113.3 112 113.2 111 110 107.6 106.9 106.5 106.7 106.4 105.9 105.6 105.1 104.5 103.3 102.1 101.7 101.4 99.9 97.1 99.6 101.7 107.2 117.4 120.8 115.8 105.6 103.9 103.9 104 104 103.9 103.7 103.5 103.9 104.1 104.1 103.4 106.4 113 114.2 107.5 103.3 99.8 104.4 114.7 115.9 115.8 114.2 112.2 112.8 113.2 113.8 114.7 114.9 112.6 112.2 111 107.9 104.4 101.1 99.9 99.4 98.6 97.7 97 96.3 95.4 95.5 96.2
122.4 119.7 119.5 120 118.1 116.6 117.7 114.2 113.6 113.4 111.5 109.8 108 107.7 106.8 105.9 105.3 105.3 105.6 104.8 104.4 104.3 104 103.4 101.9 101.6 101.1 99.4 99.5 98.9 101.3 110.6 118.5 119.5 113.2 105 104.5 104.4 104.4 104.4 104.3 104 104.2 104.4 104.5 104.7 104.1 108.1 115.5 115.9 107.2 104 103.9 106.3 111.1 113.3 112.7 110.1 110.3 111.1 111.9 112.5 113.4 114.2 115.4 115.5 110.1 105.9 102.3 99.5 98.8 98 97.2 96.3 95.3 94.8 94.8 95.5 96.6
117.9 119 119.7 119.3 120 116.3 113 112.8 113.1 113.1 110.1 108.6 107.1 106.6 105.8 105 104.2 104.5 105.6 104.8 103.3 104 104.2 103.8 102.7 100.4 100 98.9 99.5 98.5 102.3 112.2 117.5 116.6 109.5 105.2 104.5 104.4 104.6 104.7 104.6 104.1 104.4 104.7 104.4 104.3 104.1 105.1 109.4 108.8 106.4 104.7 104.8 106.6 109.2 109.5 109.1 109.5 110.6 111.6 112.6 113 114 115.9 117 116.7 108.5 103.7 99 98.2 97.4 96.6 95.8 94.9 94.6 94.1 95.2 96.7 97.6
115.7 118.5 120.2 119.1 119.2 114.6 111.9 111.8 112.2 111.9 109.1 108.1 106.3 106.1 105.2 104.5 104.7 104.4 104.4 104.2 102.2 103 103.4 103.3 103.1 99.9 99.1 98.8 99.2 98.8 102.2 109.9 113.5 111.6 106.5 104.4 104.3 104.4 104.6 104.8 104.6 104.1 103.9 103.8 103.9 103.9 103.7 103.7 105.8 105.4 104.1 104.6 105.6 106.8 108 108.9 108.9 109.6 111.6 112.4 113.2 114.5 115.8 120.4 120.6 115.8 106.1 100.1 97.3 96.7 96.1 95.5 94.4 94.1 94.3 94.2 95 96.4 97.4
115.1 118.8 122 119.5 114.3 113 111.7 111.1 111.5 110.5 108.2 107.6 105.4 105 105.2 104.2 103.6 102.4 103.1 102.4 101.5 101.2 102 101.5 100 99.7 99.1 98.6 98.7 98.4 101.5 106.8 107.4 106.3 105.2 105.1 104.2 104.3 104.5 104.4 104.4 104.1 103.8 103.5 103.1 102.8 102.8 103.1 103.7 104.3 104.1 105.1 105.8 105.7 107.1 108.6 109.7 110.7 111.4 111.8 112 112.9 116.9 120.7 120.2 116.3 106.9 98.4 96.2 95.7 95.2 94.6 94 96.1 94.9 94.7 95.2 96.5 97.3
115.3 120.7 126.1 120.8 114.4 113.5 111.5 110.3 110.3 109.1 110.2 107.3 104.9 103.3 104.4 103.5 103.8 104.6 104.6 103.7 102.6 99.7 99.6 99.4 99 98.6 98.3 96.7 98.8 99.8 101.1 102.5 102.8 103.8 104 104.3 104.2 104.2 104.2 104.1 104.1 104 103.7 103.2 102.7 102.3 101.9 101.9 102 102.5 103.8 104.6 105 105.4 106.5 108.3 109.2 110.2 110.1 109.9 110.1 111 114.3 120.3 120.5 117.7 107.7 98.6 95.3 94.7 94.2 94.2 96.2 98.7 96.6 96 96 97 97.8
115.3 126.2 130.7 123.1 115.1 114.8 111.4 108.5 108.2 107.1 107.4 106.4 104 103.8 105.3 105.5 106.1 107.2 109.5 109 103.5 100.7 100.2 99.7 99 98.3 98.7 97.9 99.6 100.5 99.2 99.4 100.9 103 103.3 103.5 103.8 104.1 104 104 103.9 104 103.3 102.8 102.2 101.9 101.4 101 100.3 101.5 103.2 104.4 104.3 104.8 106.3 108 109.3 109 108.4 107.9 107 107.3 110.5 116.9 117.4 115.2 105.2 97.7 94.2 93.8 93.8 93.6 96.5 98.4 97.8 97.3 97.2 98.3 99.2
117.7 131.1 131.6 123 114 112.6 110.2 107.9 106.7 105.8 105.9 106.2 104.7 103.9 106.6 107.3 107.7 110.7 115.3 112.8 104 101.7 100.1 100.7 100.8 100.4 99.5 98.3 98.7 99 100.1 101.2 103.5 103 103.1 103.3 103.9 104.3 104.3 104.5 104.6 103.6 102.8 102.3 101.8 101.4 100.9 100.4 100.3 100.7 102.6 103.7 104 105.2 105.7 107 107.7 107.3 105.8 105.2 104.3 104 106.5 109.7 109.5 109.1 102.1 95.2 93.4 93.1 93.5 93.4 97.3 97.6 98.2 98.5 98.5 99.9 100.6
122.7 131.7 131.4 122 113.7 110.9 108.8 106.9 105.6 106.1 104.5 105.1 103.8 104.7 107.5 108 110.5 116.1 119.9 114.8 104 103 102 103.3 103.2 102 100.2 98.6 98.5 99.9 102.1 102.2 103.9 103.8 103.8 104.5 105.1 105.1 105.2 105.2 104 103.2 102.4 101.9 101.4 100.9 100.3 100.1 100.1 100.3 102.1 103.6 105.4 108.9 106.4 104.8 105 105.2 104.4 105.9 104.2 100.6 101 105.3 105.6 105.4 99.4 93.6 92.1 92.4 93.6 93.5 96.8 97.4 97.3 98.2 99.1 104.5 104.4
123.8 131.7 130.1 121 113 110 108 106 104.1 104.9 104.3 103.6 104.8 106.8 107.8 108.6 114.6 120.3 120.5 112.7 104.5 103.6 104.1 104.6 104.4 103.7 102.8 98.2 97.8 100.4 101.8 104.5 104.6 104.8 106 106.2 106.4 106.4 105.7 104.4 103.6 102.9 102.1 101.4 100.9 100.4 99.9 100 100 100.2 102.1 104.2 107.7 111 106.3 104.6 103.9 104 104.9 105.8 104.5 99 98.9 98.8 99.9 100.4 95 92.7 91.5 91.8 92.8 94.1 95.3 96.2 96.7 97.7 102.6 109 105
124.3 130.9 130 120.8 112.3 109 107.1 105 103.7 103.9 102.7 104.2 104 106.7 107.6 109.7 116.3 121 119.3 110.9 105.4 104.8 107.8 104.8 104.1 103.1 98.9 98 100.1 99.9 101.1 105.9 107.2 106.8 108.4 112.9 110.1 108.4 104.9 104.1 103.3 102.6 101.9 100.7 100.4 100.1 99.9 99.7 100 101.3 103.4 104.8 110 109.9 104.2 103 101.9 103.7 105 105.9 103.9 99.7 98.1 96.4 96.7 96.6 93.2 91.5 93.9 93.1 92.7 93.7 94.2 95.6 96.5 97.7 106.1 110.5 103.9
122.8 127 126.5 118.9 110.8 107.7 106 104.4 104.1 104.4 105.2 104.5 104.6 105.8 107.7 111 115.8 119.8 119.2 111.5 107.1 106.9 107.3 104 101.7 100.2 98.8 97.6 98.2 99.1 103.2 107.6 108 109.6 110.4 112.7 109.1 106.4 105 103.8 103.1 102.3 101.6 100.2 100.1 99.9 100 99.3 100.1 102.1 104.9 107.5 110.9 111 105.2 101.9 100.7 102.6 104.3 105.4 100.7 99 97.6 95.9 95.4 94.5 92.8 91 93.8 94.5 93.7 93.7 94.7 96 96.9 98.1 107.7 109.3 101.6
117.5 121.9 122.2 118 109.2 106.8 105.4 103.8 104.6 105 105.4 105.4 105.3 105.5 109.1 110.5 113.7 118.3 119.4 111.4 110 109.4 107.1 103.1 101.2 99.9 99.2 97.5 98 100.9 106.9 109 109.7 110.7 110.6 114 107.9 107 105.3 103.2 102.2 101.6 101 100.6 100.5 99.9 99.7 99 102 103.5 106.7 109.6 111.6 110.8 105.6 101.3 100.1 100.8 102.1 101.3 99.6 98.3 96.9 95.4 95.5 95.1 92.9 90.7 93.6 94.6 93.4 94.5 95.1 95.9 96.8 97.8 107 106.5 100.6
112.5 115.7 116.9 113.4 107.8 106 103.9 104.7 105.7 105.3 105.6 105.6 105.7 106.3 108.1 109.7 111.4 117.7 118.3 116.1 116.8 114.7 106.9 102.8 101.1 99.6 98.5 96.7 100.6 103.9 108.8 110.4 110.7 111.5 110.9 108.3 107.6 106.6 103.4 102 101.1 100.5 99.9 99.4 98.9 97.8 98 104.5 105.4 104.3 107.1 110.7 110.9 109.8 104.6 102.2 99.9 99.8 100.1 99.8 98.4 96.9 95.4 94 94.2 93.8 91.8 90.2 91.7 93.8 93.4 94.3 95 95.8 96.8 98.2 104.7 102.5 100.1
109.3 111.7 113.8 109.2 107 105.2 103.8 105.3 106.5 105.7 105.6 105.6 105.9 106.9 108.1 109.7 111.3 115.4 117.7 121.9 123 117.7 107.7 102.1 100.7 98.3 97.2 98 104.6 105.5 109.7 110.7 109.9 110.9 108.9 108.4 106.4 103.3 101.6 100.6 99.8 99.1 98.3 97.5 96.8 99.3 104.2 106.3 105.7 104.6 105.2 108.4 109.9 107.3 103.6 101.5 100.1 99.1 99.2 98.2 97.2 95.9 94.5 93.6 93.6 92.6 90.7 89.1 94.1 92 92.9 94.8 95.4 96.2 97.1 98 100.5 99.5 99.2
