data/220000-770000.asc
ncols 200
nrows 200
xllcorner 220000
yllcorner 770000
cellsize 50
[rows 70 to 104 of 200, columns 0 to 77 of 200]
320 315.8 312.2 315.3 320.2 321.5 333.1 328.8 323 313.9 330.1 335.2 334.9 359.9 371 379.4 392.1 407.7 421.2 432.8 451.2 467.1 477.1 494.4 510.1 516.9 518.3 516.7 513.4 503.5 489.1 472.4 457.7 440.9 420.9 399.8 382.8 367.3 352.2 341.2 336.5 331.7 328.4 325.8 325 326.7 328.1 328.4 326.1 321.1 308 295.3 284.7 272 257.3 243.8 234.7 226.3 221.6 207 216.8 238.3 258.8 277.5 290.5 297 302.8 305.3 305.4 307.6 307.5 307.6 307.4 306.5 304 301.8 295.2 289.1
343.9 344.1 343.8 341.6 349.3 358.8 369.7 357.4 346.9 329.8 356.5 375.3 384.1 388.4 398.5 408.4 422.2 435.5 450.2 466 484.6 500.8 514.1 533.1 549.8 546 534 528.3 524 513.9 500.3 483.5 472.8 451 428.7 409 387.6 371.1 353.5 342.6 336.9 333.2 330.8 330.1 330.3 330.5 330.9 331.6 331.1 323.8 310.2 296 283.3 268.3 250.7 236.7 228 227.2 214.5 208.5 223.3 247.1 270.1 290.3 302.5 307 307.6 311.1 314.3 315.9 316.6 320.6 321.5 320.5 319.9 317 309 299.6
387.4 390.6 383.4 374.6 382 390 397.6 383.6 368.1 341.3 378.7 390.6 394 405.2 418.3 432.6 449.4 464.2 479 499.6 518 533.5 548.1 556.3 557 549.2 547.2 543.8 536.8 526.7 507.7 490.3 475 456.4 433.1 411.9 393.1 376.2 362.3 350.9 340.8 336.7 335.5 335.4 335 333.4 333.3 334.2 334.2 323.1 308.6 293.8 278.8 262.3 243.4 230.1 214.3 209.8 209 209.3 231.5 255.5 278.8 298.6 309.9 314.7 318.8 322.8 326.8 329.7 331.1 332.5 331.4 334 336.7 331.2 322.1 307
443.4 442.4 432.8 402.5 413.5 432.2 430.7 414.1 400.6 366.5 388.6 398.3 408.9 418.4 436.9 450.6 467.4 483.4 505.5 524 538.9 550.7 562.1 564.2 562 560.5 559.5 555.1 550.2 538.4 519.4 495.5 476.6 455.1 430.5 411.5 394.2 379.8 366.9 355.4 348 344.5 341.8 338.7 337.1 336.2 336.1 335.4 331.3 318.9 303.7 289 275.2 257.1 236.8 222.7 212 213.9 216.5 224.3 238 262.6 285.8 303.7 315.8 325 329.4 334.1 337.7 339.3 340.2 341 342.6 346.6 350.6 341.8 329.4 314.4
504.3 491.8 463 448.5 449.6 467.3 454.1 443.4 424.9 395.9 390.4 413 430.9 433.7 446 460.5 482.9 504.2 521.5 540.2 555.9 570.3 576.4 577.6 576.1 572 567.8 564.4 562.4 549.3 529.3 502.2 482.1 456.4 432.9 412.8 396.9 381.1 368.2 355.4 353.2 349.7 347 343.7 338.7 336.1 334.6 332.7 325.4 312 297.8 283.6 267.8 250.5 231.2 215.3 219.1 229.5 234.4 240.9 247.2 271.5 294.8 314.1 327.2 334.1 340.3 345.3 348.3 349.4 351.5 352.8 354.3 355.3 355.8 349.5 339 325.1
526.6 506.6 492.6 476.2 481 485.9 478.9 462.8 449.3 425.4 408.4 416.8 436.7 452.2 462.8 474.2 498.7 517.6 536.5 552 564.3 583.3 591.7 589 584.5 578.6 573.9 570.1 563.2 554.6 534.9 511.1 492.9 464.3 439.9 419 401.2 383.7 371.8 363.1 359.4 354.8 347.4 342.5 337.3 333.5 333.1 328.9 318.1 304.8 290.5 276.5 262.4 245.2 225.4 216 235.7 244.7 255 258.7 273.3 281.2 302.6 322.8 337.9 346.7 353.3 357.4 359.1 362.3 364.6 366 368.5 368.6 363.4 358 349.1 336.7
559.1 538.7 524.9 512.4 507.5 505.1 498.3 489.8 468.1 445.5 423.5 417.1 453.1 472.8 475 487.7 510.5 531.1 549.1 563.2 575.7 592.2 602.3 595.3 589.6 587.1 582.1 577.5 570.7 560.2 546.4 520.2 500.4 472 446.5 427.5 405.8 390.4 379 369.7 364 356.7 349.1 341.3 335.1 331.4 326 324 312.6 299 283.8 269 252.3 237.6 225.4 224.5 245.5 261.9 289.7 313.8 322.6 307.8 311.5 329.7 348 358.6 364.7 367.7 373.3 378.2 379.9 380 382.3 378.8 372.7 367.5 360.9 352.1
584.7 576.4 562.8 551.9 530.3 515.8 506.7 502.4 485.1 455.7 427 428.4 464.5 479.1 485.8 504.5 526.8 544.5 560.5 573.5 586 600.1 612.6 604.4 596.7 593.2 588.5 582.6 575.4 566.6 545.9 524.2 503.9 478 454.1 432.9 408.8 391.6 381.2 370.7 361.7 355.3 347 341.3 331.7 324.2 319.9 316.2 306.7 291.2 276.8 260.6 242 227.5 222.3 237.3 254.4 286 307.3 328 331.5 325.6 332.1 343.5 355.1 368.4 376.8 383 391 394.1 393.6 394.7 392.8 388.6 383.3 378.1 371.9 359.7
593.8 585.7 581.3 567.4 543.5 525.8 518.7 513.5 493 461.6 433.8 438.3 472.1 487.5 502.4 520.7 541.6 557.3 571.5 583.4 594.7 606.8 616.8 610.8 607.1 601.3 593.9 584 574.6 560 540.9 515.8 491.9 467.6 450.3 424.6 407.7 389.3 376 364.5 353.4 346.1 338.2 330.8 326.2 318.2 312 303.3 294 275.9 259.4 241.9 229.2 225 227.9 238.7 254.3 280 312 328.8 338.3 343.6 351.1 359.2 369.9 381.2 393.2 401.7 407.7 409.5 407.4 405.4 405.3 402.2 397.4 390.8 381 370.6
599.2 592.8 586.9 575.4 550.8 533.6 527.3 515.8 494.4 463.5 437.9 454 477.8 502.3 518.7 536.1 555.3 571.2 583 594.5 602.9 611.7 618 618.9 617 610.5 603.7 590.3 577.2 562.1 545.9 529 506.6 482.2 454.6 432.2 416.1 404.3 386.1 370.2 357.4 349.3 345.6 335.5 331.6 331.1 325.3 317.9 301.8 278.7 257.3 231.8 225.7 229.7 238.3 245.8 265.9 303.6 325.1 340.1 357.3 366.6 374.5 380.5 389.9 398.7 411.9 418.5 424.2 428 423 420 419.6 417.7 415.4 404.9 395 387.7
607.7 597.6 590 573.6 553.2 538 536.1 522.8 500.8 468.6 449 466.1 486.8 509.4 529.3 547.8 568.5 584.3 595 604.2 612.9 621.1 630 634.3 628.4 623.6 612.3 597.9 584 570.5 557.3 538.5 512.3 488.9 468.7 444.1 425.7 409.4 393.2 372.6 364.2 353.1 343.9 337.5 334.2 332.1 326.5 303.2 282.5 261.2 242.7 227.2 227.7 241.9 252.2 263.3 277.8 305.1 330.6 347 364.4 381.8 393.7 400.7 411.1 421 426.8 434.2 438.9 438.5 436.8 435 434.7 436.7 430.5 414.4 412.1 408.4
613.7 599.4 587.4 571.5 559.6 547.2 533.8 511 490.8 469.6 470.4 489.7 504 532.4 546.5 561 581.9 594.5 605.6 614.8 622.3 631.6 641.7 646.6 640.8 631.1 620 609.1 597.6 585.5 565.5 541.4 519.5 493.1 470.3 445.9 425.1 408.4 393.9 380.2 370.7 353.2 343.4 339.5 335.1 331 327.1 309.3 276.8 252.2 240 232.3 234.1 252.4 268.2 276.5 285.2 314 336.9 357.4 376.6 394.7 409.3 422.5 434.4 442.5 447.4 451.6 452.5 454.8 454.1 451.5 453.9 449.6 438.3 436 428.7 424.2
618.4 606.2 595.8 577.4 560 550 539 521.4 504.7 484.9 483.8 500.1 517.5 533.9 549 569.3 591.9 607.4 619.1 627.1 634.3 644.3 649.1 649.8 646.5 643.9 634.6 623.7 608.5 587.6 565.1 543.9 521.2 493.3 467.9 442.4 421.2 404.9 391.2 384.7 373 358.8 344.7 339.4 333.3 332.1 331.8 316.2 287 270 258.8 248.2 246 261.9 277.6 283.8 293.1 320.2 347.7 368.6 392.5 412.8 430.7 444.5 456.6 464.3 469.6 469.8 474.2 471.5 470.7 467.3 464.5 459 455.5 457.3 447.5 436.9
625.2 617 603.7 587.3 571.4 561.5 551.2 537.6 518.3 497.9 488.4 502.6 515.4 530.2 550 575.4 604.4 620.8 630.5 639.2 646.6 653.9 656.4 657 655 651.7 643.9 628.7 608.7 586.7 568.4 549.5 525.6 496.1 467.1 440.3 416.1 399.4 384.2 377.6 363.8 350.6 341.9 336 334.4 335.5 338.7 328.4 310.5 289.7 278.7 259.8 253.7 266.7 280.8 289.3 302.1 330.7 355.9 381.3 413.3 434.6 449.2 466.5 477.9 483.3 485.8 488.7 491.1 493 486 482.8 477.3 471.5 470.1 469.8 457.7 445.1
632.8 624.1 615 596 580.8 568.4 554.6 544.7 526.9 504.7 502.5 508.8 521.6 538.9 561.1 590.4 614.4 633.2 643.6 651 657.8 662.2 665.6 663.7 659.8 652.1 643.7 631.7 608.8 586.8 567.7 546.9 522.4 496 467 436.4 412.6 399.1 382.7 370.3 357.3 347.9 341.6 338.1 336.1 337.8 334.7 325 311.1 293.7 275.8 258.3 263.4 275.7 287.8 298 317.6 341.6 366.7 396.3 428.6 453.1 466.3 486.8 495.5 498.4 502.6 505.9 507.1 506.3 501.9 498 492.7 486.2 484.1 479.1 467 456
639.5 636.4 628.6 624.1 604.4 585.4 572.3 567 550.9 529.7 518.4 530.5 540.6 550 573 614.4 637.3 648.6 655.9 662.5 667.1 672.2 673.4 669.5 662.2 653.5 642.6 629.9 611 590.2 568.2 547.8 521.1 492.5 464.5 436 412.8 394.2 378.5 365.3 353.9 346.6 341.4 337 335.1 332.2 328.1 319.8 301.7 289.6 277.4 267.3 274.1 286.5 298.9 312.6 325.6 353.9 380.7 410.9 441.4 464.3 489.4 504.2 509.8 517.3 520 522.5 522.5 520.1 516.7 512.5 505.8 497.4 498.2 490.2 477 467.4
655.8 650.5 641.8 639.5 622.6 603.2 584.5 578.7 576.9 568.3 551.6 561.9 568.5 588.2 609.6 634 650.8 661 666.7 672.4 676.1 677.6 677.4 672.9 667.5 659.7 646.1 629.2 613 592.7 564.8 542.6 514.6 486 455.9 432.6 412.7 391.8 371.7 358.7 350.3 344.2 341.2 336.7 335.4 335.5 333 323.5 305.5 292.3 286.9 284.1 287.6 302.7 322.8 329.8 347.4 363.1 397 431 458 488.3 510.5 518.9 529.5 533.7 535.4 535.6 535.2 533.3 529.6 524.2 518.2 515 506.5 495.3 485.3 475.9
669.6 663.1 654.4 654.7 646.3 621.7 601.8 591.1 581.8 575.3 571.7 577.6 601.1 613.1 626.1 645.6 662.5 671 676.1 681.4 685.8 687.5 686.4 681.3 676.8 666.5 650.2 631.6 611.6 590.9 566.7 538.9 509.7 481.7 452.1 427.5 408 384.5 365.8 355.2 344.7 339.5 340.5 346.4 348 345.7 339.1 325.2 308.7 301.7 294.8 296.7 302.7 327.6 333.3 344.7 357.4 385.7 411.2 444.9 474.7 513.1 526.2 537.3 544.8 547.8 549.3 548.9 547.6 545.4 541.1 535.9 530.8 524.3 513.4 500.5 488.1 473.2
682.1 674.4 671.6 666.7 653.4 636.9 619.1 601.5 586.4 576.5 588.4 602 613.2 624.4 644 660.3 669.9 679.6 685.4 692.3 696 699.4 697.8 698.5 688.7 671.7 654 632.6 606.8 587.2 563.7 532.3 504.1 474.4 443.7 417.2 398.9 378.4 363.4 351.9 344.2 345.6 352.6 354.9 357 355.2 350.1 328.2 316.8 312.8 322.5 336.9 333.8 336.5 346.6 356.6 379.9 404.2 434 460.1 494.3 527.9 543.5 554.8 560 561.6 561.5 560.7 558.9 556.1 552.5 548.9 539.4 529 516.9 504.5 490.1 487.1
694.7 681 680.1 672.1 658.1 646.1 626 610.2 609.4 590.3 596.1 607.2 624.7 638.5 650.7 667.9 680.5 689.6 696.9 703.8 708.3 711.8 717.2 711.1 700.3 682.8 657.5 630.8 607.5 581.2 556.8 524.5 494 464.1 437.8 407.9 385.9 370.7 357.6 345.5 350.1 353.2 358.7 364.2 364.1 362.4 365.7 369 344.4 342.9 355 355.8 349.9 350.8 362 374.3 399.3 418 447.7 478.9 515.6 539.4 560.1 569.1 573.2 573.1 572.5 572 569.5 566.3 564.2 559.1 546.5 531.8 520.1 508.4 502.2 497.6
705.2 692.3 687.9 679.7 670.1 651.2 634.7 621.3 611 596.8 609.4 622.8 634.4 648.2 660.3 681.7 693.6 701.1 711.2 718.5 726.8 734.3 734.1 725.4 710.4 693.1 665.9 630.5 606.5 575 552.8 524.7 503.6 477.9 443.9 410.1 381.2 362.7 353 350 354.1 360.2 370.4 374.2 369.7 387 397.6 408.5 388.7 366.9 363.6 369.8 361.3 364 376.5 394.8 424.6 444.7 472.4 501.2 526.1 555.3 569.8 579.7 585.1 586.4 585.9 584.2 582 580.5 575 566.7 553.1 537.2 523.9 515.7 511.2 503.5
714.9 707.2 697.5 686.6 675.9 661.8 643 629.3 616.2 612.9 616.3 629.4 647.7 660 675.4 692.7 705.1 716.7 725.4 735.8 746.8 753 748.1 739.1 722.9 701.5 670.6 639.1 611.9 582.8 553.8 524.8 496.3 463 443.3 411.8 387.2 366.1 359.7 353.1 362.2 374.5 376.9 375.8 403.1 423 419.9 405.2 391.4 371.3 365.2 368.9 372.8 381.4 390.4 419.5 444 465.4 494.2 513.1 541.1 564 580.4 590.2 596.9 599 597.3 595.9 594.2 592 587.7 575.1 560.7 541.7 531.4 522.6 515.6 508.5
724.9 712.3 696.3 686.3 674.1 660.2 643 632.9 622.5 619.3 629.4 648.4 659.8 668.4 683 703.1 720.9 730.1 740.9 753.7 764.4 766 762.4 750.4 729.8 706.3 682 651 618.1 589.2 558.3 526.1 493 466.7 437.2 411.5 400.9 378.3 358.3 360.6 376.5 376.5 377.5 408 422.1 420.9 417.2 404.6 387.2 374.1 371.6 372 385.1 389.2 407.9 435 452.2 477.1 498.8 520.2 554 577.3 594.6 602.8 607.3 608.5 608.7 607.8 607.5 604.8 597.5 583.7 575.2 553.6 540.8 528.4 519.5 515.2
731.7 712.2 700.7 686.3 669 656.3 645.5 635.2 623.4 627.7 643.7 658.1 667.3 676.5 694.8 719.1 735.4 746 754.9 768.6 783.1 786.9 776 756.6 736.9 715.4 688 655.4 622.6 589.4 559 527.5 495.9 460 446 424.4 393.5 369.2 362.1 362.1 366.3 373.9 394.6 412 422.8 420.5 409.4 394.1 383.6 385.5 386.5 391.9 398.2 404.3 430.6 442.2 462 481.8 504.1 535.7 564.4 592 610.8 617.2 620.3 620.8 621.3 622.5 621.3 615.3 606.2 591.5 580.6 575.9 562 536.1 524.6 522.1
741 722.2 700.4 682.1 661.8 653.2 646.4 635.7 626.4 635.4 650.6 661.2 672 687.4 711.3 732.5 748.2 761.7 771.8 795.2 805.8 798.1 784.2 767.7 745.5 721.2 692.7 657.7 625.2 585.3 554.8 518.6 492.5 470.6 445.4 425.2 395.1 380.4 373.8 362.1 364.2 379.5 397.2 419.3 422.8 415.9 400.1 393.7 394.1 399.3 408.7 406.3 409.8 430.9 445.3 456.3 472 489.4 515.3 546.7 570.7 602.8 626.9 633.1 635.2 635.1 637.2 638.1 634.2 626.2 613.5 606.3 602.8 591.3 570.5 547.9 531.2 531.2
751.4 727.2 702.2 682.9 662.8 652 648.6 634.3 641.1 644.2 655.5 667.3 684.1 705 722.1 743.2 758 772.3 792.7 813 814.2 811 792.9 771.8 748.2 723.2 695.1 662.2 628.1 588.7 555.2 523.4 491.7 467.6 446.1 422.8 406.6 385.3 362.1 363.9 364.6 374.6 405.6 423.3 418.2 407.1 400.3 396.6 402.5 411.2 420.4 422.9 442 455.1 467.5 474.9 484.7 498.8 526 554.7 582.2 616.3 641.1 647.4 651.5 653.8 655 652.6 644.3 635 628 623.5 613.4 596 575.7 556.4 544.9 539.7
756.5 733.9 705.5 683.6 672.5 659.4 647.1 647 647.5 653.9 666.2 675.1 695.7 713.1 736.2 754.9 766.9 784.5 810.8 822.1 827.1 814.3 793.6 774 749.8 723.3 694 660.8 626.5 593.9 559.3 525.7 499.7 458.9 442.6 421.4 402.1 372.8 363.7 364.9 365.4 383.7 410.4 417.6 408.7 403.9 398.4 401.3 413.5 420.9 445.3 468.9 484.9 497.1 500.1 501.5 510.5 536.7 553.7 571.9 596.9 630.9 658 664.4 667.4 670.6 668.4 663 654.4 648.3 640.3 632.1 618.4 594.9 579.4 560.7 553.8 543.4
757.4 734 706.8 689.4 682.5 678.7 659.7 653.1 658.5 667 682.7 688.6 707.1 725.9 751.3 766.7 779.5 798.8 820.8 839.6 830.4 815.6 794.9 773.4 748.9 721.8 691.1 659 627.5 592.3 558.3 526.2 490.6 462.2 439.1 413.2 385.5 366.4 363.9 362.3 365 388.5 404.8 405.9 399.4 394.9 397.5 410.7 423.2 446.9 474.3 489.1 504.4 519.8 515.9 526.3 555 567.8 579.1 596.1 616.5 650.2 677.7 683.3 682.8 682.1 678.7 672.3 668.8 662 651.6 640 618.9 601.1 591 576.5 560.1 544.5
756.5 733 708.9 699.4 693.2 682.6 664 660 670.2 686.3 687.8 699.3 718.4 745.3 760.9 777.5 788.7 811.3 838.5 843.3 831.1 814.6 794.9 772.5 747.5 718.3 688.1 655.9 628.9 593.1 551.6 521.9 493.4 459.2 428.7 401.6 382.5 368.4 364.5 363.9 364.4 375.2 394 385.9 386.2 387.1 396.6 412.8 436.4 463.6 479.2 491.8 510.4 515.3 527.8 566.3 589.7 600 606.1 623.2 649.8 683.8 697.7 700.8 698.9 694.5 686.6 683.9 682.4 673.9 661.1 644.8 631.1 613.7 598.8 588.9 569.3 559.6
758.7 734.5 712.5 714.4 700.3 689.3 665.7 669.2 685.2 692.2 695.6 717.4 731 747.1 771.5 784.7 803.4 829.3 853.8 844.9 827.7 810.9 791.8 771.4 746.8 717.2 687.6 654.3 622.3 585 546.9 519.4 487.6 450.8 413.9 393.1 377.4 385.4 377.3 369.8 366.3 377.9 378 376.6 377.4 382.5 394.2 415.2 441.9 462.5 478 496.5 509.8 519.5 545.6 592.1 615.9 638 653.6 657.3 681.2 710.6 715.3 720.2 715.1 705.4 702 698.3 691.1 683.9 669.8 657.3 642.2 622.3 608.5 589.8 573.6 570
766.9 749 726.5 720.9 705.5 686.7 669.8 678.5 691.8 701.6 715.8 724.5 735.1 754.1 779.2 801.9 830.5 850.2 857.3 842.6 826.1 807 789.8 767.7 743.1 713.6 683.2 648.3 614 577 544.5 508.5 473 451.8 420.3 401.5 392 395.1 373.8 371.3 373.4 375 374.6 375.3 375.6 377.5 390.9 408.3 432.2 453.4 480 500.2 508.8 533.5 561 598.3 633 658.7 681.5 704 717.6 731.6 736.3 739 729.1 720 717.5 713 702.3 693.1 685 667.9 651.6 632.8 614.2 590.1 576.7 581.4
775.5 758.8 735.8 724.7 704.7 685.2 677.5 682.6 705 719.2 722.8 731.1 743 766.9 796.9 827.1 853.2 868.4 858.7 843.6 824.9 805.9 786.5 766.7 743.5 712 677.5 643.1 611.6 575 540.3 511.9 480.5 448.8 421.4 412.1 408.5 396.3 379.5 375.1 375.4 375.4 375 374.9 374 376.1 383.4 398 418.3 448.3 481.5 498.7 518.9 547.1 576.2 606.7 645.6 667.1 698.5 722.2 738.6 751.7 755.7 759.6 744.5 739.1 729.9 722.6 716.7 706.6 697.1 679.1 664 643.1 619.6 593 588.8 595.5
779.8 762.3 741.9 728.1 700.2 690.5 685.2 696.6 722.6 728.4 735.5 738 760.5 795.4 820.4 849.9 873.6 872.6 861.6 843.2 821.1 803.7 786.5 766.3 738.1 706.2 675.4 641.9 607.1 577.3 542.3 504.6 473.5 443.1 438.7 428 412.3 402.3 381.9 376 375.8 376 375.8 375.5 375.2 374.7 383.5 389.6 426.9 456.2 477.1 495.1 520.3 556.8 589.1 615.2 650.3 673.6 707.2 734.1 751.1 767.5 777.6 775.9 770.4 756.1 745 735.3 730.3 724 707 693.5 676.1 655.1 628 605.3 597.6 605.5
779.4 759.6 751.6 733.3 701.8 690.6 699.1 711.3 721.3 738.5 737.2 753.7 787.8 820.8 840.9 868.7 885.3 878.8 862.6 842.7 821.4 802.6 783.6 763.5 734.1 702.4 673.2 640 608.7 565.1 535.9 505.2 484.5 470.7 447.1 424.2 421.2 398.1 385.3 376.4 376.3 376.4 376.3 374.5 375.5 376.1 379.8 403.3 440.7 465.5 479 502.6 534 570.2 599.5 626.7 652.6 680.2 712.6 742.4 761.9 782.4 793.1 794.8 789.2 774 760.9 754.7 740.8 734.7 725.5 706.6 689.1 667.5 642.6 629.2 621 613.6
784.6 768.5 754.5 738.1 706.3 705.6 711.7 719.8 732.2 735.4 749.7 775.2 812.3 836.9 861 887.2 893.9 882.3 865 844 822.1 800.4 781.6 757.6 725.6 697.9 663.1 623.7 598.7 576 548.6 529.8 503.4 468.8 443.5 434.7 418 398.6 385.1 376.9 376.8 376.8 376.1 375.2 375.9 378.3 385.6 422 447.6 464.1 472 503.2 539.2 577.5 602.2 628.9 657.7 685.7 716.4 746.1 767 789.9 801 805.2 804.2 794.4 784 774.5 757.5 742.5 736.9 717.4 701.3 677.9 663 645.4 629.8 635.6
