data/220000-930000.asc
ncols 200
nrows 200
xllcorner 220000
yllcorner 930000
cellsize 50
[rows 144 to 179 of 200, columns 80 to 159 of 200]
-1.8 -1.8 -1.8 -1.8 -1.8 -1.8 -1.8 -1.8 -1.8 -1.8 41.9 58.2 68 74.9 82.8 88.3 101 117.2 117.7 108.7 110.1 124.9 137 141.1 150.9 153.4 145 136.9 135 128 127.4 131.1 131.4 129.5 125.3 117.6 112.3 104.9 107.9 116.3 122.9 134.9 156.3 168.3 166.2 164.2 161.4 160.1 157.9 155.7 154.1 155.4 158.3 164 173.2 198.3 204 230.1 222.8 237.8 237.3 256.4 281.3 287.2 335.4 358.3 369.8 373.3 372.6 372 386.9 398.8 411.4 418.8 421 416.8 417.4 416.7 405 397.6
-1.8 -1.8 -1.8 -1.8 -1.8 -1.8 -1.8 -1.8 -1.8 -1.8 -1.8 40.2 47.4 59.4 76.4 88.6 102.1 112.7 119.3 120.8 119.9 130.4 140.4 146.6 154.9 160.3 159.7 160.6 155.9 149.6 140.1 137.3 138.2 132.3 125.7 121.7 120 117.3 127.6 135.5 147.4 169.5 173.5 172.5 169.8 166.4 165.6 164.7 162.9 165.5 167.4 172.2 184.5 199.6 220.5 235.8 260.8 303.8 315.1 306 308.3 306.8 337.4 359.2 372.1 376.6 382.4 387 385.8 388.3 408 413.6 423.1 426.6 431 423 426.5 430.8 418.3 405.2
-1.8 -1.8 -1.8 -1.8 -1.8 -1.8 -1.8 -1.8 -1.8 -1.8 -1.8 16.3 32.8 52.1 69.7 83 93.4 105 116.8 123.3 136.2 138.8 143.8 149.5 154.3 160.5 164.7 168.9 168.2 165.5 159.5 153.6 147.7 143.1 139.7 139.8 143.6 146.8 156.4 167.9 179 186.1 181.5 178.1 175.5 177.7 173.5 174.3 174.7 179.9 189.5 202.2 228.8 241.9 251.6 271 316.1 345 345.7 344.7 345.1 359.9 371.7 381.8 385.2 390 395.3 399.9 400.6 400.7 419 423.7 426.7 431.2 431.3 429.6 433.7 435.3 427.5 422.9
-1.8 -1.8 -1.8 -1.8 -1.8 -1.8 -1.8 -1.8 -1.8 -1.8 -1.8 8 30.6 44 58.5 75.6 88.1 98 107.9 125.9 137.7 143.2 145.9 158.4 158.1 160.7 167.2 174.3 173.7 170.5 167 160.3 161 164 171.5 178.2 178.1 182.6 206.9 202.2 197.4 193.9 189.9 190.3 189.3 190.1 189.6 188.5 193.6 198.2 218.1 240.4 251.7 269.4 291.2 310.5 324 339.2 353.8 353.6 371.3 384.1 393.4 400.8 401.3 404.3 407.4 409.2 411.2 425.1 426.5 430 428.9 431.4 432.9 428.2 435.1 434.8 431.8 427.1
-1.8 -1.8 -1.8 -1.8 -1.8 -1.8 -1.8 -1.8 -1.8 -1.8 -1.8 13.9 29 37 45.5 71.2 79.1 88.6 94.6 120.2 136.2 145 147.9 160.2 162 160 164.5 174.7 176.6 177.9 177.3 179.8 183.6 190.9 205.4 212 209.5 206 207.9 205.8 206 209.2 206.9 206.6 208.4 211.1 214.5 219.2 226.2 243 250 262.7 276.3 298.7 316.7 324 335.7 350.9 364.3 388.1 399.4 405.7 411.4 416.1 421.3 425.5 427 428.6 427.7 431.4 437.4 432.1 430.7 426 428.3 426 428.8 432.7 434.9 428.2
-1.8 -1.8 -1.8 -1.8 -1.8 -1.8 -1.8 -1.8 -1.8 -1.8 -1.8 -1.8 17 22.7 32.9 48.6 75.9 79.1 93.4 108.9 126.7 138.5 142 147.9 156.4 161.1 158.6 161.6 167.8 181.1 196.6 206.7 213.1 215.8 216.9 211.9 209.1 206.4 206.2 206.8 211.8 213.3 218.8 225.1 237.3 275.1 295.7 293 279.7 276.9 275.5 283.5 295.7 313.3 325.1 335.7 349.7 376.4 396.7 405.9 416.2 421.2 428.5 428.8 433.7 436.7 436.6 436.8 434 438.2 437.1 433.8 427.5 426 426 428.4 439.2 440.5 441 435.8
-1.8 -1.8 -1.8 -1.8 -1.8 -1.8 -1.8 -1.8 -1.8 -1.8 -1.8 -1.8 -1.8 5.7 16 34.3 48.8 68.2 84 93.4 111.2 124.2 132.4 132.9 140 154.7 156.5 153 158.7 167.1 200 217.4 224.5 219.7 213.3 208.8 206.7 205.2 205.3 209.1 209.7 214.5 230.3 269.9 292.6 307.9 304.9 300.8 292 287 283.7 293.8 306.3 318.8 332.2 345 382.5 402.6 412.6 420.6 429.3 432.4 438.7 443.3 442 441.6 436 434.5 435 437 433.2 428.7 426 426 432.3 437 443.5 444.1 439.5 436
-1.8 -1.8 -1.8 -1.8 -1.8 -1.8 -1.8 -1.8 -1.8 -1.8 -1.8 -1.8 -1.8 -1.8 -1.8 25.6 34.4 60.5 77.7 90.4 97.4 112.7 121 123.5 129.4 140.5 150.2 141.6 145.9 153.7 186.7 206.8 220.9 219 213.8 206.7 204.1 202.9 203.9 206.3 209.5 214.4 227.1 268.2 291.6 303.6 299.9 295.9 296.5 298.1 295.8 301.2 314.8 324.6 340.3 364.1 395.3 412.2 423.7 436.7 440.7 444.9 452.6 447.7 453.2 449.3 437.1 435.8 429.7 434.4 430.7 431.7 426 433.4 442.5 445.6 446.8 445.1 434.4 433.6
-1.8 -1.8 -1.8 -1.8 -1.8 -1.8 -1.8 -1.8 -1.8 -1.8 -1.8 -1.8 -1.8 -1.8 -1.8 -1.8 24.8 37.4 59.8 72.8 84.8 91.8 103.5 112.9 119.9 128.3 129.6 127.1 136.5 139 176.5 191.7 205.8 210.8 208.4 204.6 202 200.3 202.8 204.6 206.9 209.8 222.6 258.9 278.6 289.2 293.3 297.8 307.3 309.3 306.6 312.7 325.3 327.8 347.2 373 397.2 420.4 434 442.5 449.6 454.9 459.7 460.8 456.8 449.9 440.9 429.6 429.6 429.6 429.6 440.9 435.7 440.6 444.2 448.4 447.7 442 433.6 433.6
-1.8 -1.8 -1.8 -1.8 -1.8 -1.8 -1.8 -1.8 -1.8 -1.8 -1.8 -1.8 -1.8 -1.8 -1.8 -1.8 -1.8 27.1 30.8 48.1 61.7 64.7 75.9 95 102.8 112.1 114.9 116.3 123 124 133.3 176.5 187.9 201.4 200.9 199.9 199.7 198.4 201.6 203.4 205.3 203.8 208.3 228.9 257.1 269.8 286.3 307.3 314.8 311.2 308.9 317.7 326.1 334.3 353.5 379.2 397.4 420.8 438.7 448.6 457.5 466.7 468.6 468.6 462.7 453.2 441.9 429.6 429.6 429.6 429.6 437.6 444.3 437.1 440.2 450 449.3 442.2 437.7 437.5
-1.8 -1.8 -1.8 -1.8 -1.8 -1.8 -1.8 -1.8 -1.8 -1.8 -1.8 -1.8 -1.8 -1.8 -1.8 -1.8 -1.8 -1.8 20.5 29.2 36.7 49.3 58 67.1 80.5 91.4 98.3 104.8 102.4 113.6 119.6 134.7 168.4 194.4 195.1 193.9 194.1 194.7 199 202.9 202.7 199.3 198.2 212.4 237 259 276.5 313.6 316.6 314.1 310.8 315.9 322.9 335.9 361 378.5 390.2 426 444.5 456.5 464.9 473.1 475.4 473.8 466.9 449.6 440.3 429.6 429.6 429.6 440.9 450.2 452.5 439.8 439.7 448.2 446.1 443 441.5 441.2
-1.8 -1.8 -1.8 -1.8 -1.8 -1.8 -1.8 -1.8 -1.8 -1.8 -1.8 -1.8 -1.8 -1.8 -1.8 -1.8 -1.8 -1.8 -1.8 -1.8 22.9 20.8 35.1 44.2 55.5 63.4 77.8 81.8 86.3 104.2 105.4 114.2 130.9 182.2 190.9 189.5 189.6 188.7 193.3 199.4 198.2 194.7 194.3 208.2 232.5 250.9 274.8 299.6 309.8 321.7 325.1 324.8 323.3 337.9 363.5 376.7 388.2 423.3 449.2 462.9 469.4 471.5 473.4 474.3 465.2 451.4 448.2 442.7 452.9 454.1 453.7 462.4 470.1 454.3 447.4 446.3 443.5 442.1 442.2 453.2
-1.8 -1.8 -1.8 -1.8 -1.8 -1.8 -1.8 -1.8 -1.8 -1.8 -1.8 -1.8 -1.8 -1.8 -1.8 -1.8 -1.8 -1.8 -1.8 -1.8 -1.8 -1.8 13.7 17.5 23.2 39.1 50.3 61.5 70.4 82.8 89.1 95.4 110 159.8 185.4 186.9 186.1 182 185.4 190.4 192.1 188.3 188 211.1 235.9 256.3 276.8 295.8 316.7 333.6 344.8 345.2 339.4 342.6 357.7 370.9 385.9 419 448.7 464 471.6 475.9 472.9 470.4 472.1 479.5 476.8 468.4 472 471.7 473.9 479.4 479.5 473.8 461.7 452.6 448.4 445.5 446.2 457.9
-1.8 -1.8 -1.8 -1.8 -1.8 -1.8 -1.8 -1.8 -1.8 -1.8 -1.8 -1.8 -1.8 -1.8 -1.8 -1.8 -1.8 -1.8 -1.8 -1.8 -1.8 -1.8 -1.8 -1.8 7.6 16.4 29 40.7 48.7 61 70 77.3 92.4 128.9 168.4 176.9 178.1 175.2 178 180.5 178.3 179.8 181.6 200.3 223.2 247.7 272.8 293.2 321.7 333.9 343.3 350.7 348.3 347.2 357.7 366.3 392.8 428.2 457.5 469.8 477 477.8 472.7 468.2 468.2 475.2 481.9 490.1 486.9 483.6 486 488.8 488 476.6 474.5 468.3 463.3 459.5 456.5 479.8
-1.8 -1.8 -1.8 -1.8 -1.8 -1.8 -1.8 -1.8 -1.8 -1.8 -1.8 -1.8 -1.8 -1.8 -1.8 -1.8 -1.8 -1.8 -1.8 -1.8 -1.8 -1.8 -1.8 -1.8 -1.8 9.5 13.5 19.3 31.3 43.4 52.7 63.2 76.5 105.2 129.9 163.2 166.8 166.8 166 169.7 163.1 167.9 173.8 179.8 204.5 228.7 261.9 287.4 318.1 327.4 330.4 337.5 347.5 353 356.9 370.3 401.8 426.5 455.5 470.4 483.2 478.7 472.9 468.2 468.2 474.3 483.6 487.7 491.1 487.9 485.6 486.1 483.1 479.7 488.8 492.9 481.7 475.6 478 493.9
-1.8 -1.8 -1.8 -1.8 -1.8 -1.8 -1.8 -1.8 -1.8 -1.8 -1.8 -1.8 -1.8 -1.8 -1.8 -1.8 -1.8 -1.8 -1.8 -1.8 -1.8 -1.8 -1.8 -1.8 -1.8 -1.8 -1.8 3.1 12.2 23.4 36.7 52.8 63.2 72.8 94.9 123 152.9 155.9 147.9 150.1 152.5 153.7 162.5 167.9 186.3 209.5 239.3 277.8 295.6 313.3 322.6 338 351.5 356.6 356.1 370.5 396.6 421.6 441.8 459.5 476.1 467.7 471.5 468.2 468.2 479.4 484.4 488.6 493.3 489.8 484.7 484.1 484.7 486.2 505.2 507.5 494.6 490.9 502.7 504.2
-1.8 -1.8 -1.8 -1.8 -1.8 -1.8 -1.8 -1.8 -1.8 -1.8 -1.8 -1.8 -1.8 -1.8 -1.8 -1.8 -1.8 -1.8 -1.8 -1.8 -1.8 -1.8 -1.8 -1.8 -1.8 -1.8 -1.8 -1.8 -1.8 13.7 23.4 37.8 47.6 57.2 68.1 90.8 129 143 139.3 132.9 133.3 142.6 151.5 155.5 170.3 193 221.4 258.1 290.9 301 316.7 327.3 339 345.8 349.3 358.9 386.4 410.4 424.8 448.9 464.9 458.5 462.8 467.3 476.7 479.3 477.5 484.6 491.7 493.7 488.4 492.3 496.9 496.3 496.2 497.7 496.6 501 508.4 509.9
-1.8 -1.8 -1.8 -1.8 -1.8 -1.8 -1.8 -1.8 -1.8 -1.8 -1.8 -1.8 -1.8 -1.8 -1.8 -1.8 -1.8 -1.8 -1.8 -1.8 -1.8 -1.8 -1.8 -1.8 -1.8 -1.8 -1.8 -1.8 -1.8 -1.8 -1.8 21.8 29.7 38.9 48.7 62.1 95.5 128.6 133.1 125.8 119.8 126.4 134.2 142 160.2 188.8 220 261.5 286.2 295.7 309.3 318.2 324.5 332 341.1 349.6 373.5 395.5 410.8 432.6 455.1 453.8 461 469.9 480.8 487 476.6 482.5 482.6 484 490.7 499.1 500.5 499.9 488.6 486.2 486.2 502.8 510.5 508.3
-1.8 -1.8 -1.8 2.9 -1.8 -1.8 -1.8 -1.8 -1.8 -1.8 -1.8 -1.8 -1.8 -1.8 -1.8 -1.8 -1.8 -1.8 -1.8 -1.8 -1.8 -1.8 -1.8 -1.8 -1.8 -1.8 -1.8 -1.8 -1.8 -1.8 -1.8 11.7 18.9 28.2 36.9 38 57.3 85.3 116.5 119.6 113.2 112.4 120.3 129.8 153.9 186.3 226 250.7 278.6 292.4 302.3 306.8 312.6 320.8 329.4 345 364.6 387.3 408.7 422.9 443.6 442.2 454.5 474.5 484.3 487.4 484.1 482.1 482.1 478.7 482.1 488.9 499.9 501.9 494.9 486.2 490.1 505.4 510.9 512.3
-1.8 -1.8 -1.8 -1.8 -1.8 -1.8 -1.8 -1.8 -1.8 -1.8 -1.8 -1.8 -1.8 -1.8 -1.8 -1.8 -1.8 -1.8 -1.8 -1.8 -1.8 -1.8 -1.8 -1.8 -1.8 -1.8 -1.8 -1.8 -1.8 -1.8 -1.8 -1.8 -1.8 -1.8 24.9 30.1 38.7 56.2 89.8 110.1 108 108.9 115.6 124.7 144.2 175.1 214.6 239.5 264.3 285.6 299 301.1 307.6 311.9 318.7 336.5 354.7 374.2 395.8 412.5 426.3 428.7 442.8 459.6 473.6 482.2 476.3 479 478.7 478.7 483.7 486.2 487.2 487.2 488.5 485 505.4 518.3 521.7 517.6
1.6 -0.8 -1.8 -1.8 -1.8 -1.8 -1.8 -1.8 -1.8 -1.8 -1.8 -1.8 -1.8 -1.8 -1.8 -1.8 -1.8 -1.8 -1.8 -1.8 -1.8 -1.8 -1.8 -1.8 -1.8 -1.8 -1.8 -1.8 -1.8 -1.8 -1.8 -1.8 -1.8 -1.8 14.2 20.2 21.2 33.7 54.4 100.8 101.4 101.7 106.8 118.6 133.8 159.7 202.9 227 256.4 275.8 292.2 295.5 298.3 302.3 309.9 325 342.7 361.6 381.6 397.8 412.3 418.2 427.1 442.2 454.9 469.2 472.2 476.7 488.2 494.9 493.9 482.5 489 492 487.2 484.4 507.2 522.5 525.4 524
7 0.7 -1.8 2.5 -1.8 -1.8 1.6 -1.8 -1.8 -1.8 -1.8 -1.8 -1.8 -1.8 -1.8 -1.8 -1.8 -1.8 -1.8 -1.8 -1.8 -1.8 -1.8 -1.8 -1.8 -1.8 -1.8 -1.8 -1.8 -1.8 -1.8 -1.8 -1.8 -1.8 -1.8 -1.8 -1.8 9.3 31.5 74.5 95.6 91.5 97.6 105 118.9 149.7 179.4 209.1 247.4 262 272 283.5 287.9 297.5 305.4 313.5 339.9 351.9 369.6 385.3 399 398.1 411.8 417.3 435.1 455.1 465.2 474.2 486.9 492.7 487.1 472.6 472.6 476.3 479.2 482.3 504.7 517.7 522.4 516.3
16.8 9.9 2.3 2.5 8.2 6.2 7 -1.8 -1.8 -1.8 -1.8 -1.8 -1.8 -1.8 -1.8 -1.8 -1.8 -1.8 -1.8 -1.8 -1.8 -1.8 -1.8 -1.8 -1.8 -1.8 -1.8 -1.8 -1.8 -1.8 -1.8 -1.8 -1.8 -1.8 -1.8 -1.8 -1.8 -1.8 -1.8 23.7 83.4 84.8 84.8 90.5 105 135.7 174.4 196.7 222.8 244.9 253.9 266.9 273.9 289.7 301.7 309 330.4 341.2 355 370 380.8 377.8 385.6 398.4 414.5 440.5 453.1 463.7 476.4 480.2 479.2 475.5 476.2 471.1 470.9 471.2 497.3 515.8 514 505.5
26.6 19.8 13.6 7.4 8.4 13.7 14.7 13.3 10.5 -1.8 -1.8 -1.8 -1.8 -1.8 -1.8 -1.8 -1.8 -1.8 -1.8 -1.8 -1.8 -1.8 -1.8 -1.8 -1.8 -1.8 -1.8 -1.8 -1.8 -1.8 -1.8 -1.8 -1.8 -1.8 -1.8 -1.8 -1.8 -1.8 -1.8 -1.8 20.9 67.7 70 76.1 91.5 121.3 172.2 183.3 204.4 227.8 241.7 245.5 254.1 275.2 293.7 301.9 317.3 326.6 339.1 353.6 362.2 363.3 369.4 383.4 396.5 409.8 438.9 459 466 471.4 471.4 469.6 464.1 461.3 461.3 462.2 488.8 501.4 503.7 502.9
39.6 28.4 26.6 20.8 12.8 18.3 26.2 31.9 23.6 17 11.9 -1.8 -1.8 -1.8 -1.8 -1.8 -1.8 -1.8 -1.8 -1.8 -1.8 -1.8 -1.8 -1.8 -1.8 -1.8 -1.8 -1.8 -1.8 -1.8 -1.8 -1.8 -1.8 -1.8 -1.8 -1.8 -1.8 -1.8 -1.8 -1.8 -1.8 -1.8 41.4 63.7 74.9 96.2 140.9 159 182 208.5 223.6 220.9 234.1 254.6 273.7 292.2 300.4 311 321.6 333.6 345 353.2 360.1 370 385.5 398.1 425.1 439.9 454.6 464.4 467.5 463.9 458.1 459.8 455.9 456.1 469.7 483 503.5 506.4
44.7 41.8 40.2 33.7 35.5 32 29.9 30.6 30.5 25.9 23.7 -1.8 -1.8 -1.8 -1.8 -1.8 -1.8 -1.8 -1.8 -1.8 -1.8 -1.8 -1.8 -1.8 -1.8 -1.8 -1.8 -1.8 -1.8 -1.8 -1.8 -1.8 -1.8 -1.8 -1.8 -1.8 -1.8 -1.8 -1.8 -1.8 -1.8 -1.8 -1.8 52 58.1 71.6 93.9 125 159.6 186.5 207 209.7 218 232.4 247.9 268 284.1 294.9 307.4 318 327.4 336.4 348 358.5 375.1 394.9 412.4 423.1 441.3 459.4 468.5 461.4 456.8 461 454.3 446.3 456.9 483.8 502.4 509.2
52.6 52.6 49.6 49.2 53.8 47.7 40.9 41.4 43.2 43.9 31.2 15.6 -1.8 -1.8 -1.8 -1.8 -1.8 -1.8 -1.8 -1.8 -1.8 -1.8 -1.8 -1.8 -1.8 -1.8 -1.8 -1.8 -1.8 -1.8 -1.8 -1.8 -1.8 -1.8 -1.8 -1.8 -1.8 -1.8 -1.8 -1.8 -1.8 -1.8 -1.8 -1.8 43.6 52 69.2 96.9 133 160.5 187.8 196.3 204.3 216.1 229.5 249.7 273.1 278.5 288.9 303.1 311.7 323.6 334.6 344.6 360.8 378.9 392.5 413.3 433.4 442.9 450.5 445.3 446.9 451.6 445.7 440.1 446.9 464.5 490.7 497.8
64.2 65.1 62.2 70 74.2 63.2 50.5 47.2 50.8 61.9 46.6 23.5 11.1 -1.8 -1.8 -1.8 -1.8 -1.8 -1.8 -1.8 -1.8 -1.8 -1.8 -1.8 -1.8 -1.8 -1.8 -1.8 -1.8 -1.8 -1.8 -1.8 -1.8 -1.8 -1.8 -1.8 -1.8 -1.8 -1.8 -1.8 -1.8 -1.8 -1.8 -1.8 28.8 38.4 53.8 72.9 101.1 129.2 168.7 179.3 192.8 199.6 206.2 227.1 251.6 259.5 269.7 283.2 296.5 312.8 319.5 330.7 347.8 367.8 377.9 398.6 414.3 420.4 427.3 428 437.1 439.1 435.1 435 442.5 455.8 476.4 477.2
73.5 74.8 76.5 85.9 85.7 75.2 61.8 50.2 50 57.1 68 39 24.5 -1.8 -1.8 -1.8 -1.8 -1.8 3.5 -1.8 -1.8 -1.8 -1.8 -1.8 -1.8 -1.8 -1.8 -1.8 -1.8 -1.8 -1.8 -1.8 -1.8 -1.8 -1.8 -1.8 -1.8 -1.8 -1.8 -1.8 -1.8 -1.8 -1.8 -1.8 -1.8 24.8 36.3 49.1 64.6 100.8 134.2 154 174.3 180.3 189.6 205.1 220.8 241.3 256.6 266.6 285.6 298 306.4 313.5 332.3 352.3 361.4 371.3 386.7 398.6 406.4 407.4 414.5 422.7 424.5 425.8 438.1 451.6 460.8 467.3
84.9 89.2 86.8 87.3 86.5 80.8 63.7 54.3 50 49.3 50.2 46 29.5 10.5 -1.8 -1.8 -1.8 -1.8 -1.8 -1.8 -1.8 -1.8 -1.8 -1.8 -1.8 -1.8 -1.8 -1.8 -1.8 -1.8 -1.8 -1.8 -1.8 -1.8 -1.8 -1.8 -1.8 -1.8 -1.8 -1.8 -1.8 -1.8 -1.8 -1.8 -1.8 -1.8 14.9 27.5 41.1 80.4 111 130.5 151.7 161 171.4 179 198.4 224.6 233.6 245.5 264.3 280.7 289.9 298.2 312.4 331.3 338.7 348.4 360.4 373.1 383.3 386.5 395 404 415.7 418 432.1 442.1 454 457.7
89.3 91.7 90.2 91.2 90.7 77.9 63.6 57.9 51.8 50.3 46.6 46.2 34.3 7.3 -1.8 -1.8 -1.8 -1.8 -1.8 -1.8 -1.8 -1.8 -1.8 -1.8 -1.8 -1.8 -1.8 -1.8 -1.8 -1.8 -1.8 -1.8 -1.8 -1.8 -1.8 -1.8 -1.8 -1.8 -1.8 -1.8 -1.8 -1.8 -1.8 -1.8 -1.8 -1.8 5.3 9.1 23.7 55.4 94.5 114.7 130.1 150.1 164.7 173.2 188.5 210.5 220.7 231.5 239.8 252.6 265.5 278 292.5 307 317.9 330.4 343 357.3 364.3 366.4 372.8 379.5 390.6 411.4 423.4 435.7 445.8 452.8
94 94.5 93.6 91 82.4 73.4 64.7 60.3 54.7 51.2 50 49 37.2 19.3 -1.8 -1.8 -1.8 -1.8 -1.8 -1.8 -1.8 -1.8 -1.8 -1.8 -1.8 -1.8 -1.8 -1.8 -1.8 -1.8 -1.8 -1.8 -1.8 -1.8 -1.8 -1.8 -1.8 -1.8 -1.8 -1.8 -1.8 -1.8 -1.8 -1.8 -1.8 -1.8 -1.8 -1.8 -1.8 21.4 50.9 85.5 105.9 126.9 154.2 172.8 183 196 208 214.9 226.9 234.3 245.1 264.8 275.4 287 298.4 309.7 326.5 335.1 341.9 351 360.5 368.5 378.2 399.9 407.8 426.1 436.7 447.7
105.2 105.2 98.7 93.2 82.5 73.5 66.4 63.8 57.3 59.4 60.3 57.2 44.9 29.1 14.6 -1.8 -1.8 -1.8 -1.8 -1.8 -1.8 -1.8 -1.8 -1.8 -1.8 -1.8 -1.8 -1.8 -1.8 -1.8 -1.8 -1.8 -1.8 -1.8 -1.8 -1.8 -1.8 -1.8 -1.8 -1.8 -1.8 -1.8 -1.8 -1.8 -1.8 -1.8 -1.8 -1.8 -1.8 -1.8 16.1 48.5 74.6 102.1 131.3 150 162.7 174.4 189.4 197.5 209 223.4 235 256.4 276.9 282.6 285.6 292.6 307 317.9 324.4 333.4 345 353.6 366.4 382.8 393.9 413.5 434.7 436.2
116.6 114 113.3 100.1 86.4 75.8 67.8 66.3 74.3 75.6 71.1 70.3 49.2 36.6 23.6 9.5 7.3 -1.8 -1.8 -1.8 -1.8 -1.8 -1.8 -1.8 -1.8 -1.8 -1.8 -1.8 -1.8 -1.8 -1.8 -1.8 -1.8 -1.8 -1.8 -1.8 -1.8 -1.8 -1.8 -1.8 -1.8 -1.8 -1.8 -1.8 -1.8 -1.8 -1.8 -1.8 -1.8 -1.8 -1.8 -1.8 31.5 76.8 102.9 136.8 153 166 175.4 182.9 197.5 210.4 221.9 234.9 261.1 273.1 280 279.2 286.7 294.6 307 321 333.3 341.6 358.1 375.9 393.5 408.3 421.6 423.2
129.6 121.1 119.2 106 92.3 82.5 79.5 79.5 83 90.8 90.8 68.9 54.4 43 31.6 17.6 12.6 12.1 -1.8 -1.8 -1.8 -1.8 -1.8 -1.8 -1.8 -1.8 -1.8 -1.8 -1.8 -1.8 -1.8 -1.8 -1.8 -1.8 -1.8 -1.8 -1.8 -1.8 -1.8 -1.8 -1.8 -1.8 -1.8 -1.8 -1.8 -1.8 -1.8 -1.8 -1.8 -1.8 -1.8 -1.8 -1.8 29.9 71.5 108 135.9 156.2 157.8 164.5 178.4 195 205.2 220.4 238.1 249.1 259.4 267.5 268.4 281.9 293.4 304.5 311.5 334.6 354.6 366.7 386.5 396.2 411.3 406.3
137.2 129.6 123 110.9 99.2 90.7 82.2 87.4 96.3 98.4 98.2 73.7 60.4 49.3 37.4 22.5 19.2 16.7 4.1 -1.8 -1.8 -1.8 -1.8 -1.8 -1.8 -1.8 -1.8 -1.8 -1.8 -1.8 -1.8 -1.8 -1.8 -1.8 -1.8 -1.8 -1.8 -1.8 -1.8 -1.8 -1.8 -1.8 -1.8 -1.8 -1.8 -1.8 -1.8 -1.8 -1.8 -1.8 -1.8 -1.8 -1.8 -1.8 36.7 69.9 109 124.5 129.8 139.1 155.1 172.2 186.6 198.4 214.9 232.8 240.3 244.9 255 269.1 286.3 289.5 299 331.8 347.4 352.5 365.3 375.3 378.5 382.4
