data/220000-970000.asc
ncols 200
nrows 200
xllcorner 220000
yllcorner 970000
cellsize 50
[rows 114 to 151 of 200, columns 84 to 167 of 200]
-1.7 -1.7 -1.7 -1.7 -1.7 -1.7 -1.7 -1.7 -1.7 -1.7 -1.7 -1.7 -1.7 -1.7 -1.7 -1.7 -1.7 -1.7 -1.7 -1.7 -1.7 -1.7 62.5 69.6 76.6 85 91.3 97.5 102.3 104.5 106.5 115.5 119.1 120.8 124.3 130.4 135.7 141.5 145.7 150.8 155.3 157.1 150.1 135.5 30.5 21.7 45.9 2.4 -1.7 -1.7 19.6 -1.7 -1.7 -1.7 -1.7 -1.7 -1.7 -1.7 -1.7 -1.7 -1.7 -1.7 -1.7 -1.7 -1.7 -1.7 -1.7 -1.7 -1.7 -1.7 -1.7 -1.7 -1.7 -1.7 -1.7 -1.7 -1.7 -1.7 -1.7 -1.7 -1.7 -1.7 -1.7 -1.7
-1.7 -1.7 -1.7 -1.7 -1.7 -1.7 -1.7 -1.7 -1.7 -1.7 -1.7 -1.7 -1.7 -1.7 -1.7 -1.7 -1.7 -1.7 -1.7 -1.7 -1.7 -1.7 49.1 62.8 73.3 81.1 87.4 95.8 101 103.7 111.5 119.4 125.2 125.7 131 134.6 142.5 146.9 151.7 150.3 154.6 154.5 142.2 93.8 48.1 74.2 94.3 43.4 19.2 6.2 49.4 -1.7 -1.7 -1.7 -1.7 -1.7 -1.7 -1.7 -1.7 -1.7 -1.7 -1.7 -1.7 -1.7 -1.7 -1.7 -1.7 -1.7 -1.7 -1.7 -1.7 -1.7 -1.7 -1.7 -1.7 -1.7 -1.7 -1.7 -1.7 -1.7 -1.7 -1.7 -1.7 -1.7
-1.7 -1.7 -1.7 -1.7 -1.7 -1.7 -1.7 -1.7 -1.7 -1.7 -1.7 -1.7 -1.7 -1.7 -1.7 -1.7 -1.7 -1.7 -1.7 -1.7 32.9 55.4 64.3 65.8 72.4 81.4 89.3 96.6 101.1 107.6 115.9 122.2 127.2 128.7 135.1 141.8 148.9 152.6 157.9 156.5 154.7 149.5 137.3 123.3 88.6 107 101.5 83.7 76.7 73.8 21.1 -1.7 -1.7 -1.7 -1.7 -1.7 -1.7 -1.7 -1.7 -1.7 -1.7 -1.7 -1.7 -1.7 -1.7 -1.7 -1.7 -1.7 -1.7 -1.7 -1.7 -1.7 -1.7 -1.7 -1.7 -1.7 -1.7 -1.7 -1.7 -1.7 -1.7 -1.7 -1.7 -1.7
-1.7 -1.7 -1.7 -1.7 -1.7 -1.7 -1.7 -1.7 -1.7 -1.7 -1.7 -1.7 -1.7 -1.7 -1.7 -1.7 -1.7 -1.7 -1.7 -1.7 56.1 69.4 73.4 74.6 73.4 81.2 89.2 95.9 102.6 111.7 119.2 123.4 125.8 132.2 138.7 147.7 153.5 157.6 160.3 160 155.6 145.8 130.5 120 111.8 105.4 98.9 94 85 51.2 2.4 -1.7 -1.7 -1.7 4.1 -1.7 -1.7 -1.7 -1.7 -1.7 -1.7 -1.7 -1.7 -1.7 -1.7 -1.7 -1.7 -1.7 -1.7 -1.7 -1.7 -1.7 -1.7 -1.7 -1.7 -1.7 -1.7 -1.7 -1.7 -1.7 -1.7 -1.7 -1.7 -1.7
-1.7 -1.7 -1.7 -1.7 -1.7 -1.7 -1.7 -1.7 -1.7 -1.7 -1.7 -1.7 -1.7 -1.7 -1.7 -1.7 -1.7 -1.7 -1.7 52.2 67.9 78.5 81.9 77.6 75 80.7 88.2 94.8 104.6 113.6 118.1 122 127.4 135.9 144.7 152.6 158.1 160.5 162 162.4 156.1 141.6 127.4 118.8 110.4 103.1 96.4 90.4 82.7 53.9 3.5 -0.6 -1.7 24.4 47.5 42.9 -1.7 -1.7 -1.7 -1.7 -1.7 -1.7 -1.7 -1.7 -1.7 -1.7 -1.7 -1.7 -1.7 -1.7 -1.7 -1.7 -1.7 -1.7 -1.7 -1.7 -1.7 -1.7 -1.7 -1.7 -1.7 -1.7 -1.7 -1.7
-1.7 -1.7 -1.7 -1.7 -1.7 -1.7 -1.7 -1.7 -1.7 -1.7 -1.7 -1.7 -1.7 -1.7 -1.7 -1.7 -1.7 -1.7 -1.7 55.4 75.1 84.6 86.3 79.4 76.4 79.8 86.2 93.9 103.8 112.2 116.2 121.5 130.2 139.1 147.8 155.7 159 161.5 161.8 160.4 152 134.8 124.5 116 107.7 101.4 92.6 86.2 79.6 63.2 5 7.3 2.4 42.8 50.2 44.8 30.8 -1.7 -1.7 -1.7 -1.7 -1.7 -1.7 -1.7 -1.7 -1.7 -1.7 -1.7 -1.7 -1.7 -1.7 -1.7 -1.7 -1.7 -1.7 -1.7 -1.7 -1.7 -1.7 -1.7 -1.7 -1.7 -1.7 -1.7
-1.7 -1.7 -1.7 -1.7 -1.7 -1.7 -1.7 -1.7 -1.7 -1.7 -1.7 -1.7 -1.7 -1.7 -1.7 -1.7 -1.7 -1.7 40.5 66.3 78.9 86.4 88.2 80 77.3 79.3 83.9 93.7 103.5 108.8 114 123.7 133.1 141.4 147.7 153.7 158.7 161 160.9 154 142.8 129.9 119 111.3 106.5 99.3 93.6 86.6 79.7 64.4 65.7 42.3 40.6 39.8 45.3 38.8 25.2 12.5 -1.7 -1.7 -1.7 -1.7 -1.7 -1.7 -1.7 -1.7 -1.7 -1.7 -1.7 -1.7 -1.7 -1.7 -1.7 -1.7 -1.7 -1.7 -1.7 -1.7 -1.7 -1.7 -1.7 -1.7 -1.7 -1.7
-1.7 -1.7 -1.7 -1.7 -1.7 -1.7 -1.7 -1.7 -1.7 -1.7 -1.7 -1.7 -1.7 -1.7 -1.7 -1.7 -1.7 -1.7 48 67.3 80.9 87.5 87.9 81.8 78.5 79.7 82.9 92.7 100.3 105.5 115.7 125.4 132.7 139.5 145.8 151.5 155.5 157.7 153.2 143.8 133.2 123 114.6 110.3 107.7 102.7 96.4 88.3 81.8 75.4 68.6 60.9 53.8 49.2 43.4 32.3 25.5 8.2 -1.7 -1.7 -1.7 -1.7 -1.7 -1.7 -1.7 -1.7 -1.7 -1.7 -1.7 -1.7 -1.7 -1.7 -1.7 -1.7 -1.7 -1.7 -1.7 -1.7 -1.7 -1.7 -1.7 -1.7 -1.7 -1.7
-1.7 -1.7 -1.7 -1.7 -1.7 -1.7 -1.7 -1.7 -1.7 -1.7 -1.7 -1.7 -1.7 -1.7 -1.7 -1.7 -1.7 36.2 63.3 75.4 84.9 87.3 87.4 85.3 81.5 80 81.6 86.9 95.1 106.3 116.5 125 130.9 135.7 141.8 146.7 147.6 147.7 142 132.6 123 115.2 111.4 108.6 108 102.9 96.1 90.8 84.1 77.8 71.1 64.2 58.1 55.5 52.4 45.3 30.5 4.7 -1.7 -1.7 -1.7 -1.7 -1.7 -1.7 -1.7 -1.7 -1.7 -1.7 -1.7 -1.7 -1.7 -1.7 -1.7 -1.7 -1.7 -1.7 -1.7 -1.7 -1.7 -1.7 -1.7 -1.7 -1.7 -1.7
-1.7 -1.7 -1.7 -1.7 -1.7 -1.7 -1.7 -1.7 -1.7 -1.7 -1.7 -1.7 -1.7 -1.7 -1.7 -1.7 5.6 43.6 68.7 79.3 82.2 83.7 85.5 86.3 85.2 83.2 82.5 83.1 87.3 102.4 114.3 122 127.4 131 135.2 138.3 138 136.4 131 121.6 115.3 112.5 110.1 108.8 106.7 103.9 98.5 92.5 86.2 80.4 74.3 65.8 59.8 60.5 59.4 49.9 36.8 3.3 28.4 23.3 -1.7 -1.7 -1.7 -1.7 -1.7 -1.7 -1.7 -1.7 -1.7 -1.7 -1.7 -1.7 -1.7 -1.7 -1.7 -1.7 -1.7 -1.7 -1.7 -1.7 -1.7 -1.7 -1.7 -1.7
-1.7 -1.7 -1.7 -1.7 -1.7 -1.7 -1.7 -1.7 -1.7 -1.7 -1.7 -1.7 -1.7 -1.7 -1.7 21.9 32.3 60.8 71.1 71.9 75.3 79.6 85.2 88.1 88 91.9 92.5 87 90.3 92.5 107.5 117.7 122.5 124.5 125.8 126.9 125.9 124.7 121.3 114.7 112 115.5 113 111 109.3 106.5 99.4 93.5 88.1 81.7 74.4 64.3 61 62.5 63.4 54.1 33.6 33.3 49.1 50.2 41.5 -1.7 -1.7 -1.7 -1.7 -1.7 -1.7 -1.7 -1.7 -1.7 -1.7 -1.7 -1.7 -1.7 -1.7 -1.7 -1.7 -1.7 -1.7 -1.7 -1.7 -1.7 -1.7 -1.7
-1.7 -1.7 -1.7 -1.7 -1.7 -1.7 -1.7 -1.7 -1.7 -1.7 -1.7 -1.7 -1.7 -1.7 -1.7 -1.7 46.7 60.5 60.5 65.2 73.1 80 85.7 88.7 91.8 95.7 96.8 94.7 99.2 95.2 95.9 113.4 117 118 117.9 113.7 112.8 113.9 112.3 111.3 112.9 114 114.7 113.4 111.1 106.9 99.3 94.2 89.1 83.1 73.2 64.5 63.8 68 65.3 57.5 37.8 48.9 65.4 64.9 -1.7 -1.7 -1.7 -1.7 -1.7 -1.7 -1.7 -1.7 -1.7 -1.7 -1.7 -1.7 -1.7 -1.7 -1.7 -1.7 -1.7 -1.7 -1.7 -1.7 -1.7 -1.7 -1.7 -1.7
-1.7 -1.7 -1.7 -1.7 -1.7 -1.7 -1.7 -1.7 -1.7 -1.7 -1.7 -1.7 -1.7 -1.7 -1.7 -1.7 51.5 39.1 56.4 65.6 73.5 82 88 91.2 93.7 96.2 98.1 100.1 103.2 104.4 99.4 97.1 108.9 110.7 107.8 105.6 105.8 106.3 107.5 109.1 112.4 115 115.6 114.9 113.6 105.6 98.8 94 90.5 85.1 77.7 69.2 68.1 71.3 71.1 51.2 46.7 59 67 60.2 -1.7 -1.7 -1.7 -1.7 -1.7 -1.7 -1.7 -1.7 -1.7 -1.7 -1.7 -1.7 -1.7 -1.7 -1.7 -1.7 -1.7 -1.7 -1.7 -1.7 -1.7 -1.7 -1.7 -1.7
-1.7 -1.7 -1.7 -1.7 -1.7 -1.7 -1.7 -1.7 -1.7 -1.7 -1.7 -1.7 -1.7 -1.7 -1.7 -1.7 34 16.4 51 64.8 76.4 84.5 90.1 92.9 95.4 98 100.8 103.5 102.2 103.6 103.8 103 98.2 102.2 103.8 105.2 104.2 105.9 107.2 110 111.7 115 116.6 113.5 110.3 102.5 98.3 94.1 92.2 89.2 84.1 74.5 74 77.7 72.1 53.8 55.5 68 58.1 17.4 -1.7 -1.7 -1.7 -1.7 2 8 -1.7 -1.7 -1.7 -1.7 -1.7 -1.7 -1.7 -1.7 -1.7 -1.7 -1.7 -1.7 -1.7 -1.7 -1.7 -1.7 -1.7 -1.7
-1.7 -1.7 -1.7 -1.7 -1.7 -1.7 -1.7 -1.7 -1.7 -1.7 -1.7 -1.7 -1.7 -1.7 -1.7 -1.7 -1.7 34.3 48.8 64.2 77.9 86.6 89.6 92.7 93.8 97.4 101.2 103.4 102.2 102.9 103.6 104.4 102.7 101.8 103.5 105.2 105.1 105.9 107.7 109.7 113.7 114.2 115.2 111.3 106.3 101.8 101.1 99.5 96.8 95.2 88.9 81.6 78.3 80.1 59.1 51.9 58.6 51.6 22.3 2.4 13.1 -1.7 -1.7 25.2 40.7 51.7 6.4 -1.7 -1.7 -1.7 -1.7 -1.7 -1.7 -1.7 -1.7 -1.7 -1.7 -1.7 -1.7 -1.7 -1.7 -1.7 -1.7 -1.7
-1.7 -1.7 -1.7 -1.7 -1.7 -1.7 -1.7 -1.7 -1.7 -1.7 -1.7 -1.7 -1.7 -1.7 -1.7 -1.7 -1.7 -1.7 31.3 65.8 79 85.6 88.8 91.6 93.8 98.3 99.7 101.5 102.2 102.6 103.4 104.2 102.2 101.2 102.4 103.8 104.3 105.4 107.7 110.2 113.1 113.3 109.9 106.9 103.1 103.3 105.2 105 100.9 96 91.4 84.2 81 74.4 51.7 56.4 46 19.1 12.7 24.3 37.5 5.3 5.6 56.7 64.7 66.1 52.2 51.9 33.7 -1.7 -1.7 -1.7 -1.7 -1.7 -1.7 -1.7 -1.7 -1.7 -1.7 -1.7 -1.7 -1.7 -1.7 -1.7
-1.7 -1.7 -1.7 -1.7 -1.7 -1.7 -1.7 -1.7 -1.7 -1.7 -1.7 -1.7 -1.7 -1.7 -1.7 -1.7 -1.7 -1.7 53.9 70.2 79.3 83.5 87.2 89.5 92.6 98.9 100.4 101.9 103.1 103.4 102.8 100.5 98.8 98.5 100.6 101.6 102.4 103.9 107.3 108.7 109.7 109.2 106.8 104.3 104.1 104.9 107.8 105 101 96.5 88.1 78.5 74.1 58.7 47.1 33.8 22.2 29.5 36.8 45.2 51.5 51.7 64.6 76.7 79.5 70.2 74.8 78.7 66.6 56 42.9 33.5 -1.7 -1.7 -1.7 -1.7 -1.7 -1.7 -1.7 -1.7 -1.7 -1.7 -1.7 -1.7
-1.7 -1.7 -1.7 -1.7 -1.7 -1.7 -1.7 -1.7 -1.7 -1.7 -1.7 -1.7 -1.7 -1.7 -1.7 -1.7 -1.7 -1.7 44.6 69.3 73.9 79.6 85.9 88.8 90.9 97.1 100.5 102.6 103.6 101.8 99.5 98.6 98.6 97.3 97.4 98.8 101.2 103.3 105.2 105.6 105.3 104.5 101.7 101.7 104.5 105.9 105.5 101.4 95.4 89.4 77.1 69.6 60.2 46.2 30.3 36 47.5 53.1 60.2 62.7 68.4 69.1 68.5 78.5 78.7 79.1 87.7 88.9 89.1 82.8 76.8 60 32 15.7 30.4 22.6 -1.7 -1.7 -1.7 -1.7 -1.7 -1.7 -1.7 -1.7
-1.7 -1.7 -1.7 -1.7 -1.7 -1.7 -1.7 -1.7 -1.7 -1.7 -1.7 -1.7 -1.7 -1.7 -1.7 -1.7 -1.7 -1.7 12.7 32.7 63.3 78.1 84.8 88.1 89.7 94.8 98.9 101.7 103 100.4 99.8 98.9 96 93.9 94.2 94.6 99.3 101.3 102.3 102.4 101 99.8 98.3 99.6 102.8 105.3 100.4 92.2 85.2 75.2 65.1 53.7 48.1 41.1 36.3 54.7 63.7 74 72.5 74 76.8 76.3 74.9 76 78.7 84.8 89.4 92.7 94.5 92.7 89.1 72 57.2 59.5 50.8 38.1 33.8 32.4 -1.7 -1.7 -1.7 -1.7 -1.7 -1.7
-1.7 -1.7 -1.7 -1.7 -1.7 -1.7 -1.7 -1.7 -1.7 -1.7 -1.7 -1.7 -1.7 -1.7 -1.7 -1.7 -1.7 -1.7 30.2 45.8 66.5 78.4 83.4 86.6 89.4 94.4 98.5 100.6 100.6 98.2 97.6 95.5 92 89.5 89.5 90.4 94.2 97.9 100.5 99.4 97.2 96.4 96.4 98.2 102.4 100.5 92.7 84.2 74.8 65.1 55.3 47.3 36.9 37.1 51.8 67.5 77.7 78.4 76.9 78.9 79.7 78.3 76.7 75.3 81.1 87.7 92.1 94.7 94.3 93.4 86.8 72.9 78.6 84.2 74.8 62.9 56.5 57.6 51.9 35.2 -1.7 -1.7 -1.7 -1.7
-1.7 -1.7 -1.7 -1.7 -1.7 -1.7 -1.7 -1.7 -1.7 -1.7 -1.7 -1.7 -1.7 -1.7 -1.7 -1.7 -1.7 19.9 43.8 59.7 69.6 78.1 81 84.6 88.4 93.8 96.3 96.7 94.4 92.7 91.6 90.1 87.3 85.1 86.3 89.5 93.4 97.1 97.4 94.5 93.3 93 94.9 99.3 99 95.3 88.2 79.3 68.5 58.2 47.6 38.4 40.8 52 69.2 80.7 84 86.1 85 82.6 79.9 79.1 77.6 76.3 81.2 85.5 89.4 92.7 93.4 91.1 86.7 86 89.4 88.4 86.8 84.2 77 72.7 64.5 59.8 34 -1.7 -1.7 -1.7
-1.7 -1.7 -1.7 -1.7 -1.7 -1.7 -1.7 -1.7 -1.7 -1.7 -1.7 -1.7 -1.7 -1.7 -1.7 -1.7 -1.7 23.2 55.1 60.9 69.4 75.1 77.4 80.6 85.3 89.8 91.1 89.7 87.2 83.5 82.2 81.5 81.1 81 84.3 87.4 91.2 93.2 90.8 89.4 89.1 89.4 92.7 94.9 93.8 90.9 84 73.9 61.8 50.3 43.6 45.4 52.4 64.9 77.6 84.2 87.9 90.1 89.8 88.2 83.5 79.9 79.3 81.3 83.8 86.1 89.8 90.2 89 86.6 86.3 90.1 91.1 90 90.2 91.2 89.1 88.4 78 70.7 43.9 -1.7 -1.7 -1.7
-1.7 -1.7 -1.7 -1.7 -1.7 -1.7 -1.7 -1.7 -1.7 -1.7 -1.7 -1.7 -1.7 -1.7 -1.7 -1.7 -1.7 29.4 12.6 56 66.7 69.7 72.2 76 80.6 84.3 84.1 79.7 75.9 72.2 71.2 72.5 74 79.9 83.7 86.1 86.8 86.1 84.3 82.6 82.5 83.4 86.8 90 88.1 83.5 75.7 63.4 52.6 46 45.3 53.5 62.1 72.3 79.2 84 89.2 90.9 89.2 88.2 85.2 85.1 82.9 86.2 89.7 90.3 91.2 88.4 84.5 84.5 86.7 90.9 92.5 93.9 95.2 94.8 92.3 92 91 86.9 63.9 43.3 -1.7 -1.7
-1.7 -1.7 -1.7 -1.7 -1.7 -1.7 -1.7 -1.7 -1.7 -1.7 -1.7 -1.7 -1.7 -1.7 -1.7 -1.7 -1.7 -1.7 2.4 52 61.6 62.2 68 70.8 74.1 75.9 73.1 68.5 64.6 62.3 63.2 71 77.9 83.7 85.5 85.4 84.6 82.8 79.9 77.1 76 76.6 77.7 79.4 78.3 73.2 62.8 52.5 46.6 46 51.1 61.3 69.6 77.2 82.4 87.3 89.4 88.8 88.8 88.3 86.9 85.7 89.3 93.9 95.7 92.5 89.4 84.9 84.5 84.5 87.2 91.6 95.2 97.5 98.5 98.2 94.5 92.4 91.8 85.2 70.8 42.8 -1.7 -1.7
-1.7 -1.7 -1.7 -1.7 -1.7 -1.7 -1.7 -1.7 -1.7 -1.7 -1.7 -1.7 -1.7 -1.7 -1.7 -1.7 -1.7 -1.7 -1.7 25.5 37.5 58.8 66.6 67.2 64.9 64 61 57.3 53.8 53.7 61.8 72.3 79.4 83.6 85.8 87 84.4 79.5 75.4 72.2 69.5 68.6 68.3 67.1 64.8 57.1 48.7 47 47.7 51.7 59.3 67.9 74.5 79.9 85.4 89.7 91.6 88.8 89.1 88.3 86.6 84.9 91.8 97 94.8 91.3 85.9 84.5 84.5 87.1 91.5 94.3 98.2 100.4 101.7 100.5 95.4 92.4 89.1 81.8 47.4 -1.7 -1.7 -1.7
-1.7 -1.7 -1.7 -1.7 -1.7 -1.7 -1.7 -1.7 -1.7 -1.7 -1.7 -1.7 -1.7 -1.7 -1.7 -1.7 -1.7 -1.7 -1.7 -1.7 30.4 54.1 62.5 60.8 55.5 53.9 51.5 47.5 44.7 48.2 56.9 66.7 76.3 81.7 85.7 86.4 80.9 75.6 69.7 65.7 62.2 59.4 57 53.3 49.6 48.8 47.5 47.8 50.1 56.9 65.7 73.7 78.8 84.8 86.8 90.7 90.9 89.2 88.6 85.4 85 85.3 94.7 95.7 93.3 89.4 85.1 84.5 86.2 91.1 93.9 97.6 101.2 102.5 102.6 100.1 95 90.8 84.6 55.5 2.4 -1.7 -1.7 -1.7
-1.7 -1.7 -1.7 -1.7 -1.7 -1.7 -1.7 -1.7 -1.7 -1.7 -1.7 -1.7 -1.7 -1.7 -1.7 -1.7 -1.7 -1.7 -1.7 -1.7 24.4 44.5 51.3 46.1 45.4 44.3 41.9 39.6 36.7 41.2 48.9 59.2 69.3 77.2 80.9 79.7 75.2 67.2 62.1 57.9 54.4 49.7 48.1 48.2 48.4 48.1 49.2 50.6 53.3 60.9 69.2 75.7 80.3 85.2 87 89.2 89.2 89.7 87.6 85 85 89.2 94.6 93.5 91.6 87.6 87.2 88.7 89 92.6 95.7 99.9 103.1 102.1 101 98.1 93.1 86 62.2 18 4.6 2.4 -1.7 -1.7
-1.7 -1.7 -1.7 -1.7 -1.7 -1.7 -1.7 -1.7 -1.7 -1.7 -1.7 -1.7 -1.7 -1.7 -1.7 -1.7 -1.7 -1.7 -1.7 -1.7 6.1 30.9 34.6 35.4 36.1 36 33.9 31.2 30.3 36.9 42.7 49.5 58.5 65.4 70.8 68.1 63.3 57.5 54 51.6 48.4 46.3 47.4 48.1 49.1 50.4 51.5 52.5 56.3 65.1 72.6 77 81.5 85.3 88.1 89.3 89.3 90.2 89.1 86.2 87.6 92.6 94.2 91.3 88.7 87.7 88.1 89.4 91 95.4 98.2 101.7 102.5 101 98.4 94.4 88 80.7 76.6 62 54.9 3.7 2.4 5.6
-1.7 -1.7 -1.7 -1.7 -1.7 -1.7 -1.7 -1.7 -1.7 -1.7 -1.7 -1.7 -1.7 -1.7 -1.7 -1.7 -1.7 -1.7 -1.7 -1.7 2.1 16 24 26.5 27 25.5 21.9 27.4 27.7 29 34.3 40.8 47.5 52.6 54.9 54.7 51.8 50.4 50.2 51.1 46.6 44.9 46.4 48 50.1 53.3 55.1 57.1 62.6 74.1 79.6 84.5 87.4 89 89.6 90.3 90.8 90.3 90.6 90.6 95.9 98.2 96.8 93.3 89.8 88.6 89 89.6 92.1 96.2 99.3 100.8 100.5 98.4 94.6 90.6 87 84.5 84.2 84.5 80.4 29.1 8 14.2
-1.7 -1.7 -1.7 -1.7 -1.7 -1.7 -1.7 -1.7 -1.7 -1.7 -1.7 -1.7 -1.7 -1.7 -1.7 -1.7 -1.7 -1.7 -1.7 -1.7 -1.7 2.4 11.5 15.9 16.3 20.2 24.9 29.5 33.2 35.5 35.8 36.5 38.5 41.7 44.3 47 48.8 48.1 47.2 47.5 43.9 45.4 47.5 49.1 53.2 56.3 57.4 61 67.6 76.2 84.2 89.5 93.4 95.9 94.8 93.8 94 93 92.8 96.6 102.5 101.5 99 96.2 93.9 94.7 96.5 96.4 97.5 99.4 99.8 99.1 98.1 94.7 91.1 88.1 87.6 87.1 88 86.4 83.8 79.6 73 70.6
-1.7 -1.7 -1.7 -1.7 -1.7 -1.7 -1.7 -1.7 -1.7 -1.7 -1.7 -1.7 -1.7 -1.7 -1.7 -1.7 -1.7 -1.7 -1.7 -1.7 -1.7 2.4 14.2 16.7 21 26.6 31.5 33.2 34.6 38.8 42.2 45.6 48.8 52.3 52 52.3 51.1 50.1 45.5 42.4 43.9 46 48.2 51.1 55.1 58.7 61.3 66.2 72.8 79.8 86.8 91.5 95 97.3 96.6 95 95 94.6 97.1 101 104.9 104.3 101.4 99.2 97.8 99.8 100.6 101.7 102.8 100.9 99.4 97.3 94.2 91.7 88.2 85.4 87.6 88.6 90.4 86.2 82.9 82.6 86.4 95.4
-1.7 -1.7 -1.7 -1.7 -1.7 -1.7 -1.7 -1.7 -1.7 -1.7 -1.7 -1.7 -1.7 -1.7 -1.7 -1.7 -1.7 33.3 39 38.9 32 25.8 26.8 30.3 35.7 41.9 45.6 45.3 43.4 45.4 50.7 55.8 59.1 59.9 61.7 60 57.7 54.8 49.5 42.1 44.3 46.2 48.4 52.1 56.3 60.1 66.9 72.6 80.6 86.1 90.1 93.1 94.1 94.2 94.3 93.8 93.1 94.3 98.3 102.9 102.6 101.4 101.8 101.4 99.8 102.8 103.4 103.5 102 99.6 97.2 95.3 92.7 89.5 85.4 85.4 85.4 89.6 87.6 84.7 86.1 90.5 92.7 98.1
-1.7 -1.7 -1.7 -1.7 -1.7 -1.7 -1.7 -1.7 -1.7 -1.7 -1.7 -1.7 -1.7 -1.7 -1.7 -1.7 25.9 42.5 51 51.3 41.3 39.8 41.5 45 50 55.5 59.6 60.2 58 58 59 60.6 61.7 63 64.4 64.3 61.5 56.9 50.5 44 48.5 49.6 47.6 52.4 56.9 64 70 75.7 82.9 87.8 89.6 90.1 89.4 88.9 90.1 90.2 91.5 92.1 95.1 97.1 97 97.7 99.7 98.1 100.2 102.4 101.5 100.6 98.9 97.5 96.6 94.9 92.8 90.4 85.4 85.4 85.4 85.4 86.5 88.5 89 92.9 95 95.1
-1.7 -1.7 -1.7 -1.7 -1.7 -1.7 -1.7 -1.7 -1.7 -1.7 -1.7 -1.7 -1.7 -1.7 -1.7 -1.7 18.4 42.4 53.9 46.8 38.7 48.6 54.4 59.3 60.7 62.8 64.4 65.2 65.7 65.9 64.4 63.1 63.8 64.9 66.2 69.2 64.7 57 45.8 48.3 50.7 51.7 53.1 55.2 56.7 61.3 67.4 73.8 78.9 83.5 85.3 83.3 81.4 80.6 84.1 88.8 90.2 89 89.4 90.2 90.7 91.6 92.5 93.9 95.4 96.6 97.1 96.8 97.2 97.4 97.3 95.6 93.9 92.4 85.4 85.4 85.4 86.2 90.3 92.4 93.9 96.9 99 95.6
-1.7 -1.7 -1.7 -1.7 -1.7 -1.7 -1.7 -1.7 -1.7 -1.7 -1.7 -1.7 -1.7 -1.7 -1.7 -1.7 29.7 41.7 46.7 31 49.4 57.9 62.2 65.4 66.4 66.1 66.7 67.9 70.5 71.5 70.5 69 67.2 64.9 65.9 65.4 58.8 53.2 41 50.4 53 54.9 57.5 59.6 60.5 61 64.2 67.7 72.2 74.1 76.1 75.2 75.2 76.4 80.9 84.6 85.5 84.4 84.4 84.6 85 85.7 86.5 87.9 89.8 91.9 94.1 95.4 97 97.6 98.3 97.9 94.5 91.9 85.4 85.4 85.4 85.4 89.4 91.3 94.1 96.9 97.1 97.4
-1.7 -1.7 -1.7 -1.7 -1.7 -1.7 -1.7 -1.7 -1.7 -1.7 -1.7 -1.7 -1.7 -1.7 -1.7 -1.7 4.8 37 21.1 36 53 59.1 66.1 65.7 65.7 67 67.3 69.5 72.5 74.2 74.6 72.4 68.8 64.4 60.9 56.1 53.1 51.1 45.8 55.2 57.5 60.1 62.5 62.4 62.6 61.7 61.7 63.4 64.9 65.8 67.6 68.9 70.7 71.9 74.9 78.4 80.1 79.8 80 80.2 80.8 80.8 81.4 84.6 87.9 90.9 93.2 95.6 97.1 98.8 100.1 100.4 96.4 94.6 91.3 91.8 88.2 85.7 90.1 90.7 95 94.8 95.5 96.5
-1.7 -1.7 -1.7 -1.7 -1.7 -1.7 -1.7 -1.7 -1.7 -1.7 -1.7 -1.7 -1.7 -1.7 -1.7 -1.7 12.9 3.9 36.6 50.4 56.7 60.7 65 65.8 67.4 67.3 69.7 72.5 74.9 75.7 76.1 74.2 68.3 62.7 57.8 53.8 52.3 50.9 43.3 59.9 63.8 66 66.8 65.8 64.4 62.8 61.6 61.4 62.6 63.3 64.5 66.1 67.9 69.4 71.6 73 75.2 76.4 77.2 77.5 77.9 79.2 81.7 85.7 92.1 94.4 95.6 98 99.4 100.4 100.8 100.5 99 97.4 97.9 98.9 97.3 93.3 94.2 97.4 95.5 94 93.2 92.3
-1.7 -1.7 -1.7 -1.7 -1.7 -1.7 -1.7 -1.7 -1.7 -1.7 -1.7 -1.7 -1.7 -1.7 -1.7 -1.7 -1.7 2.4 45.4 56.7 62.7 67 65.9 66.8 68.7 69.2 71.7 75.7 78 78.5 77.1 72.5 65.8 59.5 55.9 52.5 51.7 41.7 54.6 62.5 67.1 68.3 67.8 68 65.6 64.1 62 60.9 60.8 61.7 62.9 63.1 65.2 67.5 70.4 71.9 73.4 73.3 74.2 74.4 76.6 79.2 83.3 91.1 98.9 102.2 101 100.9 101.3 101.4 101.1 100.9 100.6 102.6 104.7 106.5 104.2 101.3 98.6 99.8 100.6 97.3 94.5 91.6
