data/220000-720000.asc
ncols 200
nrows 200
xllcorner 220000
yllcorner 720000
cellsize 50
[rows 140 to 174 of 200, columns 78 to 155 of 200]
595.1 584.5 579.9 578.4 580.7 576 563.5 548 523.8 511.3 500.4 494 482.7 477.5 473.2 464.6 457.3 450.4 448.5 445.1 440.4 440.4 437.1 435.2 436.3 435 434.4 430.8 429.8 424.6 421.9 425.1 428.8 421.9 422.4 421.1 422.6 417.7 416.2 411.4 411.1 413.1 418.1 420.9 422.7 424.3 425.8 428.4 428.8 426.4 423.6 423.9 426.7 427.3 426.9 427.4 427.7 429.7 431.8 434.3 433.7 433.7 437.5 440.2 443.4 440.8 448 451.6 453.3 455.2 456.7 458.8 461.5 463.5 465.5 472.2 472.6 476.5
594.6 587.5 582.1 576.8 569.9 559.7 553.6 540.4 520.7 508.5 497.1 486.8 480 476.5 470.9 463.7 455.1 450.5 445.8 442.1 439.1 435 434.7 431.2 431.3 431.7 429.8 429.4 426.2 421.7 421.2 418.6 428 420 420.3 418.4 417.1 415.4 412.6 406.1 406.9 411.8 414.5 419.1 423.5 425.8 425.3 423.7 422.4 424.6 422.2 421 421.6 427.3 427 426.1 426.6 426 430.2 432.7 434.8 432.4 434.5 438 438.5 439.6 444.7 447.5 450.7 452.3 454 455.3 456.7 457.7 461.4 465.4 468.2 474
595.3 588.9 581.6 578.2 574.8 564.9 551 527.8 516.8 506.6 495 487 479.3 474.8 469.1 460.7 454.5 450.4 446.5 440 438.2 434.4 430.4 425.6 425.4 425.7 426.3 428 421.7 420.9 419.5 415.4 415.7 413.9 414.1 413.9 413.5 412.7 410.9 407.4 401.7 404.8 412 417 421.5 424.8 422.4 419.7 420.2 419.7 418.8 418.3 421.6 418.8 422.3 427.1 426.5 421.3 423.9 427.7 432.6 428.1 432 434.6 434.5 437.3 439.2 444.6 447.1 447.6 448.8 450.3 452 456.1 461.3 464.4 468.3 472.9
596.5 588.8 580.6 575.9 574.6 569.3 548.6 530.2 514.6 501.6 494 484.4 476.8 472.4 465.5 456.3 451.5 447.4 442.5 437.6 435.4 434.6 431.2 424.6 423.6 420.2 418.6 420.5 419.4 418.9 418.1 413.5 409.8 409.3 410 410.8 409.5 407.8 407.8 405.7 401.1 403.4 405.7 411.8 415.3 421.4 416.2 413.3 415 416.1 417.4 416.1 417.9 417.6 414 419.9 421.4 417.5 418.8 420 425.3 423.4 426.7 430.3 429.8 435.9 433.3 439.9 442.6 444 442.1 443.2 449.4 455.1 459.7 462.6 464.2 466.3
594.9 587.7 579.7 573.4 566.1 556 544.4 529.4 514.1 499.2 486.2 480.8 473.4 473.4 463.8 455.3 449.6 447.5 442.9 437.9 434.7 433 431.6 427.3 420.9 417 415.7 416.8 416.8 417.9 420.5 411.3 406.7 405.4 407 411.2 406.9 404.7 403.3 401.2 397.1 393.2 397.6 405.4 405.6 405.2 408.9 410.6 409.2 411.8 414.8 415.1 411.7 411.4 413.9 411.5 414.9 414 415.4 417.2 417.5 419.2 423.2 427.6 422.9 430.7 433.1 435 438.8 439.6 442.3 444.9 447 450.8 452.6 454.5 458.2 461.3
592.4 587.9 581.3 579.1 564.3 551.6 550.2 535.8 514.1 496.5 484.8 476.1 470.3 464.7 462.8 454 448.4 444.4 440.9 436.9 433.1 429.5 425.5 429.5 423.9 418.5 414.6 411.4 410.1 408.1 412.4 408.7 405.5 401.4 403.2 403.1 407.4 401.4 399 396.1 394.2 388.6 394.8 395.9 399.7 401.7 402.1 403 403 406.4 406.9 409.6 406.8 405.1 406.1 407.1 408.7 412.9 411.3 415 417.2 417.5 414.6 420.9 422.3 423.3 427.9 429.8 431.5 432.4 438.3 442.6 445.3 446.4 447.5 449.7 453.6 457.4
588 589.3 586.7 570.9 552 544.5 542.1 530.8 508.8 489.9 476.5 472.3 467.1 459.6 458.4 453.1 447.7 443 439.8 437.1 434.2 430.1 427.3 421.7 421.5 417.5 414.9 413.2 410.3 406.5 404.9 409.3 402.9 399.2 397 396 398.2 398.4 395.6 393.1 392 388.4 390.5 390.1 396.1 398.4 396.7 395.8 397.1 396.2 397.9 401.4 401.6 404.7 402.5 403.9 406.8 408.9 407.3 410.1 413 413 409.8 413.8 417.5 421.1 422.6 422.9 426.6 431.7 433.2 434.8 436.9 440.6 444.1 445.4 449.6 453.1
572.1 571.6 563.4 554.4 538.7 533.1 522.2 507.7 496.2 488.1 474.7 465.7 466.2 458.4 455.6 452.2 447.3 445.9 442.2 439.4 435.6 432.6 429.4 425.2 420.8 417.5 414 412.3 409.6 409.6 407.4 402 398.4 397.5 396.2 393.2 393.2 400.2 394.9 390.1 391 387 390.4 387.4 387.1 389.5 390.1 390.3 392 392.2 395.3 403.3 399 402.9 400.6 402 404.7 405.5 404.4 406.4 408 407.6 409.4 414 417.6 420.7 418.1 422.6 423.8 427.9 430 431.7 434.2 434.7 437.1 440.3 443.8 445.4
552.2 542.5 536.5 530.3 521.4 508.5 498.5 489.1 483.3 476.8 472.5 467.7 460.2 457.9 456.2 456 451.9 447 444.6 443.9 437.5 436 431.8 428.1 422 418.3 414.4 412.7 411.8 411.1 405.6 400.8 398.2 390.8 395.8 398 390.3 389.7 393.2 390.2 386.3 387.3 384.9 389.6 388.1 384.1 386.9 387.7 388.8 390.7 391.8 395.1 399.6 399.7 401.2 401.9 402.8 404.1 402.6 401.6 404.2 402 408 408.9 412.2 415.7 416.9 417.9 419.3 421.3 425.9 428.3 429.7 431.3 431.3 433.7 436.8 439.1
533.5 523.5 518.8 519.9 506.4 494.5 483.1 472.9 468.1 463.2 460.5 461 454.2 452.6 449.5 448.1 450.2 446.3 444 443.9 443.3 438 434.3 434.1 425.5 427.8 414.5 411.9 408.9 405.4 403.2 401.6 398.4 399.3 388.3 389.9 394.5 388.7 386.3 390.8 390.2 384.3 384 383.2 383.6 386.3 386.7 388 388.4 391.7 394.3 394.7 392.5 397.4 400.7 400.6 399.6 399.8 401.6 399.5 400.9 399.3 404.6 407.2 408.1 408 413.5 414.5 415.6 417.9 419.7 421.6 425.7 426.8 426.9 426.3 427.2 430.4
507.6 506 505.4 500 488.4 479.8 471.8 463.8 460.1 454.9 451.2 450.3 448.9 447.2 447 445.5 443.4 444.8 441.6 440.8 442.1 435.5 434.3 431.2 430.5 419.5 413.7 409 404.7 401.1 399.4 395.9 395.1 391.3 394 385.1 389.3 391.2 385.7 383.3 386.5 388.2 382 381.8 380.3 380.8 389.7 386.2 387 387.5 389.5 389.7 390.6 391.4 398.9 402.7 393.4 398.8 400 398.9 400.7 398.1 398.8 403.6 403.6 407.3 409.5 411.2 412.2 413.7 414.3 415.8 416.7 418.3 419.4 420.3 419.6 419.5
493.6 491.7 490.3 483.2 473.4 463.6 454.3 452.1 448.7 447.4 443.8 444.6 445.4 444.6 444 443.1 442 441.8 441 440 440.9 441.5 436.4 428.8 426.7 423.6 413.7 408.7 402.7 398.6 394.5 393.4 393.9 396.7 388.6 388.7 384.6 388.6 386.6 382.4 383.5 381.8 381.3 382.5 380.5 379.1 381.8 386.2 384.1 386.9 385.1 384.6 385.7 385.8 386.5 389.6 387.9 387.5 389.9 391.3 390.9 396.8 394.6 398.5 404.3 404.9 407.6 410 411 410.5 411 412.2 411.3 410.1 411.6 409.5 407.1 411.3
482.3 478.9 475.3 468.5 459.4 453 447.8 445.4 440.5 440.9 440.7 440.7 442.6 443.4 442.8 442.3 441.1 441.6 439.6 438.2 436.5 436.5 434.3 427.4 423.9 420.6 413.8 409.9 403.5 398.8 395.5 391.4 391.2 390.8 388.8 386.9 383.4 386 387 381.8 381 379.6 380.2 381.7 380.4 378.2 377.3 377.7 382.4 382 380.7 380.8 379.8 377.5 379.7 378.8 380.9 384.6 382.7 386.1 386.2 388.3 392.9 398.4 398 402.9 406.2 405.2 406.2 404.5 406.7 406.4 406.3 403.9 402.7 396.8 396.9 400.6
464.8 463.5 459 455.8 447.8 442.4 439.1 439.1 436 433.9 437.1 438.5 440.6 439.6 441 439.9 438.2 439.3 438.4 436.9 435.1 433.5 432.2 430.8 424.3 422.5 418.1 414.7 411.4 411.6 404.4 397.7 394 391.4 386.6 386.8 385.8 379 386.2 382.3 381.2 381.3 379.1 379.5 379.4 379.1 378 376.3 375.9 377.8 376.1 375.7 378.7 374.8 373.1 374.3 374.7 378.4 379.8 381 382.7 385 388.3 392.5 390.3 392.4 393.1 393.9 394.5 393.7 398 400.4 398.2 395.8 388.3 386.7 392.6 393.5
448.7 448.3 445.8 443.8 438.2 434.5 429.7 430.4 429.7 430.5 431.4 433.2 433.3 436.1 437.2 437 436.8 435.8 437.2 435.6 433.8 433.1 430.9 428.1 424.5 420.2 413.9 411 406.7 405.4 406.6 401.8 396.3 391.7 389.4 384 384.8 382.4 379.1 381.6 380.8 379.8 380 379.9 378.2 377.7 377 376.5 375.9 376.2 376.2 375.6 377.6 378.3 379.2 376.9 369.1 372.8 374.2 377.7 373.1 380.4 382.3 381.2 380 384 383.7 385.8 387.3 386.3 383.8 381.2 378.1 377.8 378 378.2 381.4 386
435.3 432.5 433.5 429 426.7 426 424 425.2 424.9 423.7 424.9 426.8 428.6 428.5 429.4 430.7 432.7 432.4 432.3 432.2 431.6 429.4 428 425.1 422.1 418.3 414.2 411.4 404.9 401.8 400.4 399.7 397.5 393.2 391 385.4 383.7 383.1 375.8 381.9 380.4 382.5 380 380.3 379.4 380.3 384.8 388.4 379.6 379.5 378.6 377 373.6 371.9 374.6 374.7 371 365.6 367.9 369.2 368.4 373.1 374.9 374.8 374.4 375.2 374.2 374.1 372.9 369.4 371.8 369.2 365.7 364.8 364.6 371.8 371.3 375
417 416.7 416.2 417.5 416 415.8 415.5 415.7 417.2 416 421 421.4 424.6 423.6 424.2 426.1 426.3 425.6 427.9 427.6 428.4 426.1 424.8 422.1 419.5 417.1 412.2 408.3 405.6 403.2 399.4 397.1 395.3 392.6 386.7 382.5 382.7 379.9 381.1 377.2 377.5 379.4 379.6 381 380.8 381.4 381.8 385.5 386.3 387.1 387.1 382.9 378.1 371.1 371.1 375.2 367.6 362.2 365 361.6 362.2 365.1 367.1 369 367.8 368.9 366.2 363.9 364.3 361.5 360 361.3 358.4 358.6 356.8 359.2 358.5 362.6
400.4 401.7 404.3 408.3 407 406.9 408.7 408.7 408.8 410.1 413.4 414.4 417.2 417.3 416.8 418 420 421.7 421 423 423.3 424.1 421.4 419.1 417 414.4 409.9 407.2 401.5 401.6 400.8 395.7 392.9 389.6 383.3 379.2 377.6 378.7 384.5 373.8 378.7 379.6 378.8 381.1 383.3 382.2 382.8 384.4 384.7 385.3 380.9 378 371.2 367.1 364.2 365.3 365.3 361.6 355.9 355.4 357.3 359.2 358.2 357.2 357.7 356.7 356.4 354.5 353.1 353.3 352.3 350.3 350.8 348.7 351.4 350 350.7 352.2
388.1 391.9 393.8 397.7 398.8 399.7 400.6 399.1 400.1 402.6 404.1 408.1 409.3 411.1 411.2 412.9 413.4 415.7 415.1 415.7 416.3 416.9 417.1 416.6 414.4 411.6 407.8 404.1 400.9 396.9 394.6 394.6 387 386.2 382.8 375.5 376.9 375.9 382.2 373.9 376.5 378.9 376.9 378 378.9 380.6 380.6 381.5 377.4 375.2 373.7 373.2 369.1 367.4 365 363.5 364.5 363.8 364.7 357.9 355.2 356.5 357.9 353.2 351.3 349.5 350.6 349.4 346.5 346.1 341.5 340.6 345.2 341.5 344 342.4 345.6 347.5
379.3 380.8 381.9 386.3 389.7 390.7 391.6 392.4 393.8 394.2 398.5 399.8 399.9 404.2 405.3 405.4 407.1 408.8 410.5 410.9 410.6 412.1 412 411.7 410.3 407.5 403.6 400.6 398.3 395.9 393.4 388.8 385.2 380 381.8 372.9 371.7 373.5 373.8 371.7 374.5 374.2 374.4 374.2 376.4 375.7 376 376.9 375.4 373.7 372.5 370.8 369.5 369.6 368.5 366.5 361.9 361.9 361.5 358.7 362 355.7 353.2 354.4 353.2 350.2 345.4 347.7 345.5 341.4 342.1 340.6 336.1 339.1 333.6 341.1 342.6 341.6
370.6 374.3 372.8 377.8 382.3 382.6 382.5 383.3 385.9 386.9 388.9 389.2 392.8 392.9 396.3 399.3 401.1 402.2 404.2 405.2 404.7 405.3 405.8 406.4 405.2 403.1 400.3 397.6 396.6 392.8 388.6 382.9 378.4 374.8 375.3 371.8 369.8 374.1 371.2 370.4 370.9 371.4 371.5 371.7 374.2 375.2 374.4 375.3 376.5 378 372.2 373.4 370.8 370 370.4 366.3 366.2 361.9 361.9 361 362.5 364.7 365 364.1 362.2 358.8 355.4 351.9 346.3 346.4 345.1 343.4 341.6 341 337.2 332 329.1 329.5
359.6 366.1 364.2 370.5 371.8 369.4 371 373.3 373.7 374.6 376.6 381.3 385.9 387.4 389 393.9 393.8 396.4 397.1 398.6 399.4 399.5 397.3 397.7 398 398.4 398.3 395.7 391.5 382.7 379.3 377.4 373.1 370.6 373.6 370.4 369 368.8 369.2 370.2 371.9 373.2 374.5 373.2 375.9 378.3 376.3 374.3 374.9 376.3 373.7 372.3 369.3 369.2 368.7 367.8 364.6 364.6 363.6 366.2 363.7 364 362.9 362.3 362.2 361.1 357.5 356.3 354.3 350.7 348.6 345.4 344.2 340.6 337.1 326.9 319.5 311.1
349.6 355.7 351.8 358 361.7 359.2 359.3 364.5 367.6 368.6 370.4 374.4 376.9 379 381.2 383.9 387.2 390.3 391.4 392.5 391.7 393.3 392.3 392.1 390.5 392.1 389.3 388 383.3 380.3 372.2 369.4 370.4 367.6 369 372.5 367.5 369.1 369.8 370.3 373.4 373.3 374.8 375.1 375.9 376.2 375.4 374.7 373.7 375 375.6 373.8 374.2 371.3 370.8 370.3 369 365 365.6 362 366.9 367.9 366.7 362.6 361.5 360.6 358.6 357.2 356.4 353.2 349.5 344.1 339.5 337.1 326.8 322.8 313.9 304.2
340.7 343.4 342.1 345.5 351.8 354.2 352.7 358.1 361.9 363 364.2 367.3 370.6 373.7 373.7 376.2 378.4 379.3 381.6 382.6 383.9 385.6 388.6 384.4 383.1 384.4 381.8 379.7 374.8 371.5 365.9 364.5 364.6 366.3 367.7 367.8 364 369.4 370.9 371 373.4 374.1 373.6 374.6 375.4 375.4 378.3 374.8 373.3 374.8 375.2 374.7 373.5 372.7 375 371.5 368.2 364.3 360.9 360.8 361.6 360.8 361 360.9 360.9 361.2 360.2 358.1 355.1 349.9 345.8 342 334.3 327.4 320.6 314.5 309.4 307.5
331 332.9 331.7 336.5 339.5 341.8 345.3 349.2 351.9 353.2 356.3 359.8 361.9 366.3 365.8 367 368.9 370.6 370.9 376.9 377.5 376 376.5 376.3 375.1 376.1 374.8 373.8 366.8 361.9 358.7 355.8 359.3 366.7 366.4 363.7 362.6 369 370.5 369 369.5 370.9 373.6 374.4 375.8 375.6 374.5 374 373 374.6 376.4 376.3 374.9 373.5 369.8 362.1 360.9 360.9 360.9 360.9 360.9 366.2 366.2 367.4 369.1 368.5 364.1 358.8 354.7 350.3 348.3 340.1 334.6 326.5 318.3 313.8 308.3 302.4
315.2 326 325.4 322.2 329.6 333.7 335.7 341.9 344.6 344.4 345.4 348.9 351.1 356.2 353.7 355.4 358.6 360.2 362.3 363.5 362.3 364.7 366.9 367.1 367.4 367 365 361.8 358.1 351.2 349.3 349.9 356.5 362.5 360.2 365.4 362.1 364.6 367.8 366.7 369.2 370.7 372.7 375.1 375.8 374.9 373.7 373 373.5 375.6 379.8 381.5 374.9 371.2 368.7 365.5 360.8 360.9 360.7 363 364.3 366.2 366.7 367.7 370.9 372.1 367.4 360.4 352.7 348.4 341.8 336.6 330.9 324.3 316.4 311.6 304 295.1
303.9 308.1 317.8 312.2 317.6 321.4 325.7 331.4 332 334.7 335.8 337 339.6 347.5 343.6 346.3 348.1 350.5 353.6 355 354.2 354.9 357.2 357.6 358 357.8 356.9 346.6 343.9 338.3 336.2 346.2 348.5 352.2 360.3 365.5 362.3 365 367.7 365.8 367.1 369.7 372 370.6 372.2 375.1 372 371.8 373.2 373.5 372.9 374.4 371.7 369.8 369 367.9 366.8 368.8 371.3 369.3 366.6 369.7 371.8 368.5 368.6 369.8 365.7 361.5 351.8 345.6 338.1 332 323.2 319.4 312.4 304.4 294.9 290
295.2 298.8 301.7 304.8 305.8 302.8 316.8 324.9 323 326.3 326.3 327.7 329.7 334.6 331.9 335.3 339.8 341.1 341 342.8 344.3 346 347.6 348.3 350.5 348.9 340.7 330.7 329.5 322.2 336 339.2 343.1 351.8 355.8 361.1 360.8 366.1 366.8 363.8 363.6 366.9 366.1 368.6 369.7 370.8 368.8 371.1 369.2 366.8 366.9 366.5 366.3 367 369.8 368 366.4 366.6 367.6 371 364.5 367.9 370.5 367.8 366.9 367.9 366.3 361.9 354.5 343.3 334.2 325.4 318.3 311.5 304.8 297.8 290.7 286.7
289.6 290.5 291.4 289.5 289.9 290 298.4 307.3 313.2 316.1 314.4 315.9 316.1 324.7 321.5 323.5 326.6 327.3 328 332.2 332.6 337.1 339.9 340.4 338.2 330 323.6 319.6 309.3 325.6 327.7 334 340.4 347.1 350.5 353.3 348.7 354.5 360 360.4 360.4 362.7 364.8 366 371.1 368.8 366.2 367.5 366.1 364.5 363.9 363.8 362.6 362.4 361.6 358.6 358 357.8 359.3 360.7 360.2 361.7 361.2 362 361.9 361.9 360.1 355.7 348.2 339.1 333.6 323.4 312.1 302.5 294.5 291.7 286.9 281.7
283.3 286.3 285.8 283.4 281.8 281.2 267.7 286.2 303.2 302.7 303.2 302.3 304.5 309.4 305.1 309.8 313.8 315.6 319 324.8 324.8 326.7 330.9 326.2 319.6 306.5 305.4 296.9 311.1 314.2 322.1 329.9 338.7 341.2 341.5 341.2 348.5 349 355 360.6 358.9 360.3 363.9 363.4 364.5 365.2 364.2 362.1 360.3 359 358.3 355.9 353.8 353.5 353.7 353.2 351.7 350.8 353.3 352.1 353 353.4 352.5 352.2 352.4 352.3 352.6 345.3 340.1 332.7 324.3 317.7 310.2 304.8 294.5 283.5 279.5 275.3
295.2 290.2 288.3 286.2 284 282.4 273.3 264.3 280.7 291.7 289.3 287.3 288.8 286.3 293.1 302.9 308.2 305.2 311.2 317 317.4 318.8 314.9 313.5 296.5 275.8 282 293.4 301.2 309.4 317.5 323 330.7 332.6 333.5 338.6 341.4 343.2 347.5 349.3 352.8 351 350.2 351.3 353.4 356.2 353.9 353.4 352.6 351.5 351.8 350.6 350.5 349 349.2 349.1 347.5 346.3 345.5 345.5 346.9 347.5 345.3 342.8 343 340.7 340.7 335.8 330.2 322.3 315.5 308.3 301.4 294.1 287.4 281.2 274.9 271.7
303.5 301.3 296.9 292.6 287.9 282.2 277.8 265.7 255.4 270.2 269.7 272.8 272.7 270.8 278.3 291.6 304.6 303.1 300.2 304.6 307.8 310.1 298.7 289.5 265.2 256.6 268.1 287.5 295.7 304 311.8 317.1 321.4 323.3 324.3 327.9 331 334 337.4 342.7 343.4 348.3 343.1 346.8 350.4 350.8 346.6 349.1 348 346.7 348.1 347.5 346.2 344.5 342.4 342 341.1 338.8 336.4 335.4 333.1 333 332.7 330.4 331.9 327.9 325.8 322.1 316.2 315.7 309.9 302 295.5 287.4 280.6 274.1 272.4 272.3
311.9 303.8 304.1 299.1 294 287.5 281.2 272.7 256.4 253.9 256.2 255.3 252.3 248.7 255.1 264 276.1 295.1 290.4 292.1 294.9 296 285 255.7 239 247.4 272.4 282.9 290.6 300.5 304.9 309.2 312.3 316.1 317.8 320.7 325.3 328.8 331.1 333.6 335.6 340.9 337.3 343.7 342.8 345 342.8 340.5 340.7 339.8 337.9 342 340 337.5 338.3 336.4 335.9 332.5 332.8 330.7 328.3 326.4 325.1 325.2 322.2 320.1 317.1 313.7 308.9 306.6 302.6 295.6 289 282 277.6 275.2 276.5 277.9
317.3 314.3 306.8 301.9 299.1 292.6 287.2 279.6 268.7 249.4 238.5 233.7 230 232.3 234.2 240.3 257 272.8 278.4 275.4 281.5 282.1 267.4 234.9 233.8 253.4 270 280.2 283.9 289.9 296.3 299.6 305.5 305.8 309.2 312.8 321.9 325 326.9 328.4 327.3 333.8 329.5 333.2 334.4 333.6 335.1 334 332 333.9 330.7 335.6 331.3 328 328.4 325.5 325.4 324.7 322.6 323.7 320.1 321.6 317.3 320.6 316.6 313.9 310.7 307.7 303.4 300.2 293.7 290.5 285.7 282.8 285.3 288.1 286.9 289.7
330.1 324.4 318.7 315.4 308.4 301.9 294.2 287 277.6 266.4 255.8 243.9 219.3 210.2 201.4 213.1 239.5 252.2 264 266.9 264.6 264.6 240.4 217.4 242.4 253.1 266.2 274 279 283 289.1 293.7 296.7 301.9 304.4 310.2 309.7 312.9 317 320.2 319.4 322.8 320.9 322.7 323.3 323.8 326.8 324.7 327.1 324.9 324.5 323.6 325.5 320.7 319.9 318 318.5 316 315.6 313.8 311.7 312.4 310.7 310.1 306.9 306.6 304.7 301.8 301.2 293.8 290.7 288.6 289.9 293.4 295.3 297.6 298.6 297.4
