data/220000-970000.asc
ncols 200
nrows 200
xllcorner 220000
yllcorner 970000
cellsize 50
[rows 152 to 189 of 200, columns 84 to 167 of 200]
-1.7 -1.7 -1.7 -1.7 -1.7 -1.7 -1.7 -1.7 -1.7 -1.7 -1.7 -1.7 -1.7 -1.7 -1.7 -1.7 -1.7 29.7 51 60.6 65.7 68.6 68.5 68.3 70 70.9 73.5 78.3 79.6 79 77.4 70.9 63.6 58.8 56.1 50.2 39.7 48 61.9 64.6 66.6 67.4 66.5 66.2 65 63.8 62.4 62.1 62.2 62.6 63.6 65.4 67.4 69.2 69.1 71 72.1 72.3 72.2 73.7 75.7 78.9 86.6 98.1 102.8 104.3 103.3 104.1 105 103.5 102 101.8 101.7 103.5 108.2 112.3 109.3 106.4 102.3 102.5 106.2 105.1 101.1 92.7
-1.7 -1.7 -1.7 -1.7 -1.7 -1.7 -1.7 -1.7 -1.7 -1.7 -1.7 -1.7 -1.7 -1.7 -1.7 -1.7 -1.7 41.9 54 65.2 70.9 73.3 71.8 71.9 72.8 72.4 74.4 76.3 78.4 78.3 74.7 67.6 61.1 59 57.2 46.4 41.2 63 63.8 65.4 66.4 66.6 65.2 64.4 64.5 63.7 62.8 62.8 63.1 63.9 65.4 67 68.7 70.5 70.8 70.7 71.3 72.3 72.5 73.8 75.1 78.9 86.6 93.8 100.6 103.1 103.9 105.4 107.2 105.3 104.2 103 105 107.9 109.5 111.8 109.1 103.8 103.9 103.2 102.2 102.2 102 100.3
-1.7 -1.7 -1.7 -1.7 -1.7 -1.7 -1.7 -1.7 -1.7 -1.7 -1.7 -1.7 -1.7 -1.7 8.8 3 30.9 50.9 58.2 65.8 72.4 73.4 73.8 73.9 72.8 73.1 75.2 75.6 75.3 73.2 69.3 63.8 61.6 60.2 58.9 46.9 52.5 65.6 65.1 65.2 65.1 65.3 65.2 64.5 64.6 64.2 64 63.9 64.4 65.5 66.9 68.6 70.3 71.3 71.4 70.8 71.3 72.2 72.8 74.1 75.2 76.7 82.5 89.3 94.5 97.8 101.4 103.7 104.9 106.9 107.5 110.1 111.2 111.6 108.7 108.9 107.1 105.2 104.4 103.9 102.2 102.2 101.6 100.4
-1.7 -1.7 -1.7 -1.7 -1.7 -1.7 -1.7 -1.7 -1.7 -1.7 -1.7 -1.7 -1.7 6.4 43.3 47 25.1 55.6 61.9 67.7 72 74.2 73.8 72.8 72.8 72.8 76.1 76.9 74.2 68.5 64.8 64.1 63.1 63.1 60.5 35.4 61.3 63.9 62 61.8 63.5 66.4 69.5 68.3 65.7 65 64.3 65 65.9 66.9 68.5 70.4 72.8 72.7 72.9 72.5 72.1 71.9 72.6 74.2 75.7 77.1 78.6 83.3 88.1 92.3 95.7 99.8 105.1 111.6 113.6 114.4 112.6 109.6 107.9 106.1 106.1 107.3 109.7 107.8 105.7 104.6 103.5 101.6
-1.7 -1.7 -1.7 -1.7 -1.7 -1.7 -1.7 -1.7 -1.7 -1.7 -1.7 -1.7 -1.7 10.9 36.7 50.2 52.7 56.7 63.5 67.6 71.1 74 74.5 73.4 73.1 73 74.3 75.1 71.4 65.8 63.6 63.6 64.3 64.9 53.6 43.2 57.1 60 60.7 61.3 64.1 70 75 73.7 68.6 65.7 64.5 67.6 69.2 72.3 73.3 74.9 75 75.2 74.5 74.4 74.3 74.3 74.5 74.6 76.3 77.5 78.8 79.7 82.5 86.6 91.1 94.8 103.1 111.2 115.6 114.7 111.6 108.8 108.4 106.7 107.7 109.6 111.1 110.3 109.5 110.6 108 105.4
-1.7 -1.7 -1.7 -1.7 -1.7 -1.7 -1.7 -1.7 -1.7 -1.7 -1.7 -1.7 -1.7 -1.7 38.6 51.6 54.7 57.6 63.7 67.1 70.7 72.6 73.5 72.7 73 73 72.3 69.6 66.4 63.8 63.2 63.3 64.2 62.3 38 49 52.5 58.2 60.5 64.2 69.3 74.3 78.1 77.7 72.8 67.8 66.8 69.7 75.5 80.8 82.6 80.9 80 78.8 77.4 76.4 76.3 76.2 76.5 76.9 77.4 77.7 78.4 79 79.4 81.6 83.5 86.8 96.3 107 112.4 112.1 110.9 110.7 110.3 110.4 114.6 117.3 114.9 114.8 116.2 113.4 111.3 109.2
-1.7 -1.7 -1.7 -1.7 -1.7 -1.7 -1.7 -1.7 -1.7 -1.7 -1.7 -1.7 -1.7 -1.7 22.6 44.4 52 54 61.9 66.1 67.2 68.9 70.3 71.7 72.4 72.9 70.2 67.2 63.7 62.1 62.2 62.8 62.8 61.4 36.7 41.9 54.9 61.2 65.4 70.5 75.6 80.1 83.8 82.3 77.2 71.5 68.7 71.1 76.8 82.4 85.2 85.2 83.8 82.5 80.9 79.8 78.7 78.2 78.3 78.9 78.8 78.5 78 78 78.7 79.1 78.8 81.2 85.5 95.1 104 108.6 110.1 113.7 118.4 117.9 122 124.6 124.4 125.3 121 121.1 116.7 111.4
-1.7 -1.7 -1.7 -1.7 -1.7 -1.7 -1.7 -1.7 -1.7 -1.7 -1.7 -1.7 -1.7 0.6 31.4 29.4 39.4 46.9 55.7 59.9 59 60.2 63.4 67.9 70.1 70.1 67.2 62.6 59.7 60.2 60.9 60.1 56.5 46.4 34.1 51.9 60.3 68.7 72.5 76.5 80 84.1 86.8 85.5 80.7 75.1 71.6 74.9 76.9 80.5 84.5 85.2 85.3 85.4 84.4 83 81.8 80.8 80.1 79.7 79.4 78.9 78.1 78.1 79.1 79.5 79.5 79 80.3 83.2 89.6 98.6 106.8 112.2 117.6 121.1 124.3 125.3 126.9 127.6 126.7 126.2 120.6 116.6
-1.7 -1.7 -1.7 -1.7 -1.7 -1.7 -1.7 -1.7 -1.7 -1.7 -1.7 -1.7 -1.7 1.6 6.5 42.2 37.2 39.3 44.9 48.1 52.1 57.6 60.9 62.7 66 65.7 61.6 50.8 51.6 57.2 56.1 52 37.6 34.1 51.4 60.5 66.4 73.6 78.7 80.9 83.7 87 87.8 86.4 82.2 77.1 75.7 79.4 81.1 82.2 82.9 85.1 86.1 87.1 87 86 84.8 83.5 81.3 80.3 80 79.2 78.5 78.2 79.3 79.9 79.9 79.9 79.9 80.1 82 86.7 92.5 100 109.5 115.6 120.5 123 123.5 124.6 125 122.5 118.7 114.4
-1.7 -1.7 -1.7 -1.7 -1.7 -1.7 -1.7 -1.7 -1.7 -1.7 -1.7 -1.7 -1.7 29.3 36.4 25.1 25.7 39.3 41.9 46.7 54.2 64 65.4 62.1 61.1 59.1 49.6 32.1 29.6 36.3 33.3 31.9 42.5 56.4 63.7 67.1 72.6 78.6 81.6 83.8 86.7 90.7 91 87.8 83 77.4 79.4 82.8 87.8 87 85.3 86.5 87.7 88.7 88.5 88.3 87.7 86.2 84.7 81 80.3 79.6 79 78.5 79.9 80.3 80.4 80.6 81.9 82.6 81.2 81 84.3 90.4 98.4 108 113.8 117.6 119.4 120.2 120.1 117.5 113.8 107.4
-1.7 -1.7 -1.7 -1.7 -1.7 -1.7 -1.7 -1.7 -1.7 -1.7 -1.7 -1.7 -1.7 -1.7 -1.7 -1.7 -1.7 -1.7 17.6 27.2 42.2 52.1 53.7 52.3 49.9 36.4 26.8 40.6 44.3 38.2 47.7 54.6 58.3 66 69.9 72.3 76.1 80.5 84 86.3 89.6 91.1 91.5 89.6 85 80.4 81.3 84.3 88.9 91.3 88 87.9 88.9 89.6 89.7 89.5 90 89.6 87.8 84 82.3 80.6 80.2 81.8 81.1 81.2 82 84.7 88.8 86.8 83.7 82.7 81.7 83.2 89.3 97.6 105.5 110.4 112.5 113.2 112.7 110.6 105.8 99.3
-1.7 -1.7 -1.7 -1.7 -1.7 -1.7 -1.7 -1.7 -1.7 -1.7 -1.7 -1.7 -1.7 -1.7 -1.7 -1.7 -1.7 -1.7 6.1 22.1 18 22 25.4 23.4 25.8 40.9 47.6 50.3 52.4 57.1 60.9 63.2 65.4 71.9 75.6 77.7 79.9 84.3 87.4 89.6 91 92 92 90.9 87.1 83.2 82.8 86.2 89.5 90.7 89.1 88.9 89.8 90.5 90.8 90.7 91.4 91.5 91.7 90 88.2 86.4 85.7 88.7 90.2 84.2 85.4 87.5 91.6 92.4 90.2 85.5 84.3 83.2 84.1 88.2 95.2 99.6 102.7 104.3 103.5 101.8 99.3 94.6
-1.7 -1.7 -1.7 -1.7 -1.7 -1.7 -1.7 -1.7 -1.7 -1.7 -1.7 -1.7 -1.7 -1.7 -1.7 -1.7 -1.7 -1.7 24.3 57.9 60.6 63.4 60 56.7 53.2 52.7 52.8 56.5 62.1 67.5 70.6 72.2 74.5 77.9 80.9 83.7 85.4 87.9 90.1 91.2 92.5 93.1 93.5 92.2 89.5 85.1 86.6 90.1 91.9 91.6 91 90.6 90.8 91.4 91.9 94 95.8 94.7 94.9 93.7 93.3 93.2 93.2 93.9 94 89.8 90.5 91.5 94.4 98.6 99 92.6 88.8 87.9 84.6 85.3 87.2 92.7 95.2 96.6 97.6 98.1 95.9 90
-1.7 -1.7 -1.7 -1.7 -1.7 -1.7 -1.7 -1.7 -1.7 -1.7 -1.7 -1.7 -1.7 -1.7 -1.7 -1.7 -1.7 17.4 48.4 69.1 73 73.2 71.1 67.4 67.1 63 57.3 62.1 69.4 74.7 76.5 77.5 79.5 82.9 86.1 87.9 89.7 91.6 92.9 93.4 93.9 94.3 94.7 94 90.4 87.4 89.8 93 95.2 96.2 94 95.2 96.5 97.9 97.6 101.5 104.3 104.8 102.3 100.5 99.2 98 96.8 97.3 95.9 94.8 95.2 94.8 96.5 100.4 102.5 101.1 95.8 91 87.7 85.5 86 88.2 91.2 92.2 92.9 94.1 91.9 87.8
-1.7 -1.7 -1.7 -1.7 -1.7 -1.7 -1.7 -1.7 -1.7 -1.7 -1.7 -1.7 -1.7 -1.7 -1.7 -1.7 -1.7 30.1 60.5 74.9 78.1 78.2 76.3 74.7 73.1 69.2 64.4 68.3 71.5 76.8 80.9 83.1 82.6 87.1 90.3 92 93.9 95.1 95.1 95.3 95.6 95.9 95.5 94.9 90.8 90.8 92.9 96 98.7 99.7 99.4 99.7 101.4 103.6 105.9 107.9 109.1 109 107.6 105.9 103.1 100.6 99 98.1 98.4 99.7 100.5 98 103.1 109.7 115.7 112.6 107.5 102.4 95.7 90.3 87.5 88.3 89.8 91.4 91.6 91.1 88.6 85.1
-1.7 -1.7 -1.7 -1.7 -1.7 -1.7 -1.7 -1.7 -1.7 -1.7 -1.7 -1.7 -1.7 -1.7 -1.7 -1.7 4.9 37.4 78.5 81.2 82.1 82 81.4 80.1 76.9 73.6 70.1 72.1 74.8 78.5 82.8 87.3 89.5 92 94.3 96.2 97.3 97.2 97.4 97.9 98.9 98.5 97 95.7 91.4 95 97.7 99.6 102.2 102.9 102.8 100.5 104.4 106.7 108.6 110.3 111.5 112 111.9 110.4 107.2 103.6 101.1 100.6 102.5 104.6 106.5 106.9 114.1 122.3 126.2 123.2 119.5 117.7 110.8 105.5 95.8 91.2 91.4 92 92.2 91.1 87.1 84.1
-1.7 -1.7 -1.7 -1.7 -1.7 -1.7 -1.7 -1.7 -1.7 -1.7 -1.7 -1.7 -1.7 -1.7 -1.7 -1.7 11.3 43 84.1 86.5 87.2 87.2 86.2 84.1 80.5 76.9 75 74.4 75.9 81.5 86.3 89.5 92.4 93.9 96.9 98.9 99.7 99.6 100.6 101.6 102 101.9 100.6 98.1 93.7 99.2 102.5 104.7 105.4 106 105.9 105.8 104.7 108.8 109.8 111.5 113.3 114.1 113.7 112.7 109.5 106.8 104.7 106.1 108 110.1 113.1 121.8 125 129.5 131.9 130.7 130.3 127.2 120.1 113.3 106.9 101.3 98.1 97.1 96.2 94.2 89.1 84
-1.7 -1.7 -1.7 -1.7 -1.7 -1.7 -1.7 -1.7 -1.7 -1.7 -1.7 -1.7 -1.7 -1.7 -1.7 -1.7 24.4 67.8 89 91.7 91.7 90.8 89.7 88.2 84.3 80.7 79.1 78.5 81.2 86.1 89.2 92.7 96.2 98.2 99.6 101 101.5 101.9 103.7 104.7 105.5 106.1 105.2 102.7 97.6 103 106.3 108.9 108.9 109.1 108.8 108.7 109.2 109.5 110.5 112.5 113.7 115 115 114 111.5 109.4 108.5 111.4 115.9 119.7 125 128.4 130.4 132.8 134.2 134 132.3 129.6 125.1 120.6 114.9 109.8 105.7 103 102.6 99.7 92.4 85.3
-1.7 -1.7 -1.7 -1.7 -1.7 -1.7 -1.7 -1.7 -1.7 -1.7 -1.7 -1.7 -1.7 -1.7 -1.7 -1.7 34 54.3 81.9 94.8 97 97 96.1 92.9 89.7 85.1 83.6 83.6 86.4 90.3 93.2 96 99.1 100.9 101.2 102.2 103.1 104.3 105.7 108.2 110.4 111.3 110.7 107.3 102.3 106.6 109.8 112.7 112.9 113.4 112.6 111.6 111 111.2 112.4 112.9 114.1 115.3 115.2 114.6 112.9 111.5 112.4 116 120 125.1 129.7 132.7 133.8 135.6 135.9 134.8 133 130.6 127 123.8 120.4 116.4 112.2 109.2 107.3 103.9 95 86.5
-1.7 -1.7 -1.7 -1.7 -1.7 -1.7 -1.7 -1.7 -1.7 -1.7 -1.7 -1.7 -1.7 -1.7 -1.7 -1.7 1.8 14.4 67.3 98.7 100.2 102.1 102.8 98.5 94.1 91.8 90.7 91.4 94 96.1 98.7 100.2 101.3 102.9 103.7 104.7 105.9 107.2 109.8 113 115.8 116.5 114.6 111.4 107.9 109.2 112.3 114 116.6 118.5 117.6 116.2 114.4 113 113.1 113.3 114.4 115.5 115.5 115.3 113.9 113.6 114.4 118.1 123.9 129.5 132.8 135 136.8 137.5 136.8 135.6 133.6 131.6 128.5 125.6 122.7 119.9 117.5 114.2 110.7 104.8 95.3 87
-1.7 -1.7 -1.7 -1.7 -1.7 -1.7 -1.7 -1.7 -1.7 -1.7 -1.7 -1.7 -1.7 -1.7 -1.7 -1.7 -1.7 2.4 25.5 100.7 103.8 104.7 104.6 102.4 98.5 96.2 96.8 99.6 100.3 102.2 103.3 103.7 104.6 104.9 105.5 106.9 108.6 110.9 114.2 117.6 121 122 118.7 114.1 111.7 112.6 114.6 117.1 119.8 121.7 121.4 120 118.2 116.2 114.5 114 115 115.4 115.5 115.5 115.7 115.8 116.8 120.8 125.5 131.2 134.7 137 137.7 137.6 137.6 136.4 134.3 132.3 129.5 126.9 124.4 121.8 119.4 116.1 111.1 104.5 93.8 88
-1.7 -1.7 -1.7 -1.7 -1.7 -1.7 -1.7 -1.7 -1.7 -1.7 -1.7 -1.7 -1.7 -1.7 -1.7 -1.7 -1.7 -1.7 10.8 105.4 106.8 107.5 105.8 104.1 101.9 99 99.2 103.1 106.9 107.5 107.6 107.4 108.1 108.5 109 109.5 112.8 115.6 118.5 122.4 126.1 126.5 121.5 116.6 114.4 115.9 117.8 119.5 122.2 123.2 123.8 122.8 121.4 119.2 117 114.9 114.8 115.5 115.6 115.7 116.7 118.1 119.6 123.9 128.1 131.7 134.6 137.3 138.1 138.1 138.1 136.9 135.2 132.8 130.2 127.1 123.9 122.5 119.8 116.2 110.8 103.1 92.9 88.3
-1.7 -1.7 -1.7 -1.7 -1.7 -1.7 -1.7 -1.7 -1.7 -1.7 -1.7 -1.7 -1.7 -1.7 -1.7 -1.7 -1.7 -1.7 50.3 110.6 110.2 108.6 106.7 104.9 103.4 102.5 102.5 106.1 110.2 111.8 112.3 112.8 113.8 115.5 117.2 116.7 117.6 120.7 122.9 126.6 130.3 129.7 124 119.7 117.3 119.1 121 122.6 124.6 125.2 126 125.4 124.2 121.8 119.6 116.9 115.2 115.4 115.8 116.2 117.7 119.2 122.5 126.7 130.8 133 135.2 137.1 137.8 138.4 138.5 136.6 134.7 131.8 129.1 126.1 123.2 121.4 118.3 115.3 109.1 99.9 95 94
-1.7 -1.7 -1.7 -1.7 -1.7 -1.7 -1.7 -1.7 -1.7 -1.7 -1.7 -1.7 -1.7 -1.7 -1.7 -1.7 -1.7 -1.7 18.6 112.9 111.5 109.1 107.6 105.8 105 104.5 105.5 109 112.8 116 118.1 121.7 123.9 124.1 124.4 124 123.6 126.1 128.6 131.2 133.1 132.5 127.3 122.5 120 121.5 123 124.6 126.5 127.3 128 127.8 127 124.7 121.4 118.7 116.5 115.2 116 117.2 118.7 120.4 124.2 129.1 132.7 134.3 135.8 136.8 137.4 137.8 136.7 135.2 133.3 130.4 127.3 124.2 121.6 119.2 116.1 112.9 106.3 101.2 94.7 98.4
-1.7 -1.7 -1.7 -1.7 -1.7 -1.7 -1.7 -1.7 -1.7 -1.7 -1.7 -1.7 -1.7 -1.7 -1.7 -1.7 -1.7 -1.7 1.9 97.7 110.6 109.1 107.3 106.5 106.4 107.7 108.4 112.8 117.2 121.3 124.8 129.6 134.3 137.4 136.7 133.1 130.6 131.9 134.7 136.7 137.1 135.3 130.9 125.9 122.9 123.8 124.9 126.5 128.6 129.4 130.2 130.3 129.9 127.5 123.9 120.3 117.4 116.1 116.9 117.9 119.5 122.3 126.1 130.6 133.9 135.3 135.8 136.4 136.4 136.1 134.5 132.5 130.2 127.4 124.3 121.5 119 116.7 113.8 110.1 106.8 102.9 100.7 102.5
-1.7 -1.7 -1.7 -1.7 -1.7 -1.7 -1.7 -1.7 -1.7 -1.7 -1.7 -1.7 -1.7 -1.7 -1.7 -1.7 -1.7 -0.6 1.6 52.1 107.8 105.4 104.8 105.9 108.2 110.3 111.1 115.9 121.5 127.7 134 137.1 142.3 146.2 146.5 142.9 138.2 138.3 140.9 142.5 142.1 138.9 134.2 129.3 126.2 126 127.1 128.7 130.5 131.4 132.4 132.8 132.8 130.1 126.4 122.6 118.2 116.6 117.7 118.7 119.5 122.6 126.2 130.4 133.8 135.9 135.4 134.9 134.3 133.1 131.5 129.4 127 124.2 121.2 118.6 116.4 114 111.5 109.8 106.8 105.6 105.4 105.6
-1.7 -1.7 -1.7 -1.7 -1.7 -1.7 -1.7 -1.7 -1.7 -1.7 -1.7 -1.7 -1.7 -1.7 -1.7 -1.7 -1.7 0.2 2.2 58.2 105 104.6 104 105.4 108.4 112.1 113.7 117.7 126.1 134.3 142.8 147.5 151.4 154.6 153.5 150.2 145.8 145 146.9 148.1 147.4 143.9 138.7 132.4 130.1 130.3 130 130.9 132.4 133.4 134.8 136.4 135.8 132.7 129 125.7 120.6 117.7 117.6 118.3 119 121 124.8 128.7 132 132.4 132 131.9 131.2 130 128.2 126.4 123.9 121.6 118.9 116.4 114.5 113.2 112 110.1 109.2 108.3 107.8 108.9
-1.7 -1.7 -1.7 -1.7 -1.7 -1.7 -1.7 -1.7 -1.7 -1.7 -1.7 -1.7 -1.7 -1.7 -1.7 -1.7 -1.7 0.6 4.6 71.6 103.1 103.2 103.7 106.1 107.7 111.3 115.5 120.8 128.7 140 150.2 157.6 161 162.7 161.2 156.4 152.8 152.5 153.9 153.5 151.1 149 143.4 136.8 133.9 136.1 135.9 135.2 134.2 135.8 137.8 139.7 140.6 136.8 132.6 128.8 124.1 119.1 117.7 117.7 118.7 120.2 122.3 125 127.9 128.2 128.8 128.6 128 126.8 125.3 125.4 124 121.4 118.3 116.9 116.5 114.7 113.5 111.9 111.7 110.9 110.4 110.9
-1.7 -1.7 -1.7 -1.7 -1.7 -1.7 -1.7 -1.7 -1.7 -1.7 -1.7 -1.7 -1.7 -1.7 -1.7 -1.7 -1.7 0.3 17.8 84.7 96.4 95.2 100.1 106.1 108.9 111.2 116.5 123 132.2 143.8 154.8 162.3 165.9 167.2 166.8 161.9 157.2 157.7 158.6 158 155.8 152.8 147.9 141.9 138.4 139.5 141.6 141.9 141.2 141.6 142.7 142.2 143.6 140.3 135.9 131.3 126.7 122 118.8 118.3 118.6 119.4 121.1 123.1 124.5 124.8 125.8 126.8 127 126.7 126.7 125.7 124.1 122 119.9 119.1 118.6 117.8 114.2 115 115.4 114.8 114.3 114.8
-1.7 -1.7 -1.7 -1.7 -1.7 -1.7 -1.7 -1.7 -1.7 -1.7 -1.7 -1.7 -1.7 -1.7 -1.7 -1.7 -1.7 0.6 6.3 33.6 81.4 101.5 105.4 109.2 111.1 114.1 116.5 123.5 133.3 146.8 157.7 164.1 167.4 169.4 167.8 165 163.1 161.6 162.3 162.6 160.8 156.5 152 146.9 143.2 143.2 145.5 146 147.8 147.4 146.8 146.4 146.1 142.4 138.3 133.5 128.7 123.2 120.1 119.4 119.2 120.1 120.9 121.8 123 124.2 125.4 126.2 126.5 127 127.1 125.6 124.8 124.2 122.3 121.8 121.2 120.5 118.4 119.1 119.6 118.9 118.2 119.8
-1.7 -1.7 -1.7 -1.7 -1.7 -1.7 -1.7 -1.7 -1.7 -1.7 -1.7 -1.7 -1.7 -1.7 -1.7 0.4 1.5 4.4 20.1 46.5 85.6 104.5 108.2 111.7 114.8 117.8 121.8 123.3 130.8 141.9 153.1 161.1 166.1 169.5 169.1 167.2 166.2 166.4 166.8 166.5 166.1 163.9 160.6 154.4 149.3 148.3 149.7 151.8 152.5 152.6 151.5 151.1 149.4 146.4 140.8 135.2 130.3 124.4 122 121 120.5 121.6 122.1 122.9 123.4 124.2 125.2 126.5 127.6 128.3 128.1 127.8 126.9 126.4 125.1 124.6 123.8 122.5 122.5 123.6 123.7 122.5 122 124
-1.7 -1.7 -1.7 -1.7 -1.7 -1.7 -1.7 -1.7 -1.7 3.7 33.8 25.8 1.8 -1.7 6.1 7.4 20.7 37.6 51 74.9 92.3 109.7 113 116.1 119.6 123.2 127.3 131.6 136.1 138.3 148.5 156.5 163.2 167.6 168.7 169.3 170.4 171.6 172.8 173.2 173.4 172.2 169.7 165.9 159.8 156.2 157.5 159.9 162.5 162.5 159.9 157.7 154.9 150.6 144.2 137.7 131.7 125.5 123.9 122.7 122.5 123.9 124.2 124.5 125.2 125.8 128 129.5 130.4 131.2 132.3 130.9 129.1 128.5 128 127.1 125.9 124.8 125.5 128.2 128.2 126.6 125.7 126.9
-1.7 -1.7 -1.7 -1.7 -1.7 -1.7 -1.7 -1.7 3.6 90.3 94 102.5 113.9 84.5 113.1 108.7 83.5 65.6 81.1 107.4 114.1 116.6 119.6 122.7 126.5 130.1 134.5 138.7 143.1 146.7 149.2 156.4 162.2 166.7 169.5 171.1 172.6 173.8 175 175.8 177.4 177.9 179 177 173.6 166.5 166.8 169.8 173 176 172.8 167.1 161.2 154 147.1 140.5 133 127.7 125.6 124.7 125.6 126.6 127.3 127.5 128.1 129.3 131.9 132.3 133.7 135.4 136.4 135.7 134.1 132.9 131.8 130.1 128.8 127.1 127.1 131.3 130.4 128.5 127.9 128.6
-1.7 -1.7 -1.7 -1.7 -1.7 -1.7 -1.7 -1.7 83.2 100.3 110.9 120.9 127.3 126.5 119.3 114.1 104.7 114.1 113.7 119.9 122.7 125.2 127.7 131.4 134.7 139 144.1 147.5 150.3 153.9 157.5 156.2 163.9 168 171.7 173.6 174.9 175.3 175.9 176.7 178.6 181.4 184.3 187.7 185.8 182 177 177.7 181 184.7 183.3 174.2 164.2 156.3 149.5 143 135.5 131.1 129.5 129.3 128.4 129.4 130.4 131 131.9 134.8 137.2 138.2 139 139.5 139.8 139.2 138.4 137.5 135.5 133.9 132.4 129.7 129 132 132 130.8 130.1 130.1
-1.7 -1.7 -1.7 -1.7 -1.7 -1.7 -1.7 -1.7 85.8 107.4 122.9 129.7 134.4 125 121.8 120.6 120.7 121.9 123.6 126.1 131.5 134.4 138.8 142 146.5 151.3 156 158.8 161.2 163.1 165.7 165.1 166.6 171.1 173.9 176.1 176.7 177.2 177.5 177.7 180.1 183.6 187.7 192.2 196.7 198.3 190.8 183.8 186 186.9 183.7 176.2 166.7 158.8 152 145.6 140 136.5 134.9 133.4 132.5 133.9 134.6 136.1 137.9 140.5 142.4 143.3 143.8 143.8 143 141.9 141.7 141 139.3 137.7 136.2 133.6 131.9 132.4 132.1 130.9 128.8 129.5
-1.7 -1.7 -1.7 -1.7 -1.7 -1.7 -1.7 18.2 83 115 134.4 139.2 137.8 126 124.4 124 125.8 127.7 129.4 133.4 138.9 144.5 149.9 155.7 160.4 165.3 168 170.3 172.5 173.3 174 172.8 171.2 173.6 176.8 178.6 179.7 180.7 180.7 180.9 182.8 186.6 191.4 197.4 202.7 207.5 208.5 204.2 196.4 190.9 187.5 181.7 171.8 162.7 155.5 149.6 144.6 142.5 141.4 140.1 138.4 138.7 140.4 142.6 144.2 145.8 147.4 147.8 147.7 147.5 145.7 143.8 143.7 143.5 143 141.3 139.6 137.2 134.3 133.1 132.3 129.4 129.9 129.6
-1.7 -1.7 -1.7 -1.7 -1.7 -1.7 -1.7 38.2 89.5 121.4 140.9 148.1 143.4 128.4 126.5 127.2 129.9 133 136.4 143 150.2 156.1 163.6 170.9 173.8 176.3 180.3 183.6 186.5 185.5 181.5 177.9 174.7 175.6 178.4 181.4 183.2 185.2 185.8 186.7 188.9 193.3 198.3 203.7 211.9 218.5 222.3 222.8 220.5 209.9 199.3 192.5 180.3 168.9 159.8 153.4 148 147.5 147.7 146.5 145.9 145.3 147 149 151.1 151 152.2 151.7 151.5 150.5 148.5 146.3 145.6 145.5 144.9 143.4 141.2 139.2 137.2 137.1 133.5 130.5 129.6 128.8
-1.7 -1.7 -1.7 -1.7 -1.7 -1.7 36.1 61.2 98.6 125.3 147.6 152.1 146.5 133.8 127.6 130 135 140.9 148.2 154.4 161.3 168.3 175.8 181.3 182.7 185.8 193.8 198.9 196.1 191.6 185.1 179.6 175.9 178.4 181.7 185.1 188.5 190.5 192.1 193.8 196.9 201.7 207.3 213.8 222.4 228.9 235.4 237.7 236 232.3 218.5 204.8 190.7 177.3 166.7 158.4 154.2 152.6 153.5 152.6 152.3 152.1 153 155.1 157.7 157.5 156.4 155.4 154.7 153.3 151.3 149.1 147.5 147 145.8 144 141.7 139.2 138 140.6 136.3 130.8 128.8 127.6
