data/220000-730000.asc
ncols 200
nrows 200
xllcorner 220000
yllcorner 730000
cellsize 50
[rows 70 to 104 of 200, columns 78 to 155 of 200]
255.4 242 243.7 247.6 255.9 255.9 256.2 252 251.7 253.7 260.7 266 269.1 274.8 281.7 285.8 289.3 290 291.2 290.8 290.9 288.9 292.8 287.8 284.4 280.3 270.3 270.5 289.2 299.2 307.7 318.6 322.4 326.7 332.2 331.9 327.2 321.6 320 313.2 307 298.9 295.5 300.1 294.1 277.3 269.1 263.3 256.3 248.4 239.5 227.8 216.3 203.6 196 186.5 177.3 166.2 155.5 144.3 136.3 132.1 128.2 124.1 119.8 118 121.8 124.1 128.3 128.8 136.7 139.5 136.5 137.1 138.2 140.3 143 145.8
261.3 257.5 237.8 240 246.9 248.6 248.8 244.5 240.1 243.6 248.2 254 256 260.6 268.7 270.8 272.2 271.7 270.8 273 274.1 277.1 275.5 271.4 268 260.8 251 271.9 281.4 286.6 294 303.3 309.7 315.7 320.8 317.2 311.6 305.3 302.6 297.9 291.3 285.2 283.6 282.4 270.1 262.1 255.9 248.8 238.3 230 217.6 208.1 197.7 187.9 182.4 177.8 173.5 155.3 146.9 138.4 131 126.7 121.1 118.2 120.7 123.1 123.8 127.2 130 132.1 136.7 138.1 136.8 138.1 140.1 142.3 144.8 147.6
259.4 258.2 249.7 236.3 234.8 233.1 234.9 236.7 233.1 234.7 238.2 241.1 245.5 244.8 251.6 255.5 258.3 256 254.6 255.4 257 258.6 260.6 256 248.6 238.2 250.6 265 271.7 275.1 281.5 287.5 298.1 307.8 312.3 302.5 295.1 286.5 285.7 278.4 272.8 272.7 270.6 259.9 255.3 251.1 242.9 233.7 222.4 211.5 204.6 192.2 181.8 176 172.5 171.5 157.4 150.4 142.5 134.6 125.3 118.8 119.3 122.8 123.2 123.7 126.2 127.7 130.7 132.1 134.4 136.9 138.5 142.3 141.9 144.2 146.7 149.5
256.6 255.3 254 253.2 248.6 223.9 221.1 223.9 226.4 225.4 231.5 233 234.4 232.5 230.8 234.4 239 240.7 243.7 242.9 244.9 245.8 246.4 241.1 231.8 227.6 239.3 250.4 257.9 265.1 268 275.1 280.6 288.7 288.4 284.4 274.9 271 267.4 262.3 257.3 258.3 254 244.3 244.4 238.5 227.4 220.7 208.6 200.3 190.2 179.7 172.8 167.2 162.4 154.5 150 145.7 138.3 130.3 117.9 120.1 122.7 123.7 124 127.6 132.1 128 130 131.9 135.5 136.3 139.9 142.4 142.8 145.8 148.5 151.3
258.5 256.1 253.5 250.3 247.5 241.9 238.8 220.5 215.4 216.5 220.6 225.8 226.5 224.7 221.8 220.3 221.5 225.5 227.8 227.1 232 232.8 230.7 225.2 215.3 220 232.2 239.1 242.3 254 256 258.2 265.4 268.3 267.2 262.5 257.5 254.8 256.7 251.3 244.9 242.2 236.1 230.5 225.1 219.5 211.2 209.4 197.5 188.5 178.5 168.4 164.9 162.1 155.8 146.5 143.2 140.7 135 125.3 119.3 121.6 122.6 123.5 124.5 126 128.6 129.3 130.2 134.4 135.5 137.7 140.7 143.3 144.8 147.2 150.4 152.9
260.8 256.4 253.8 250.6 243.3 239.3 234.9 232.7 228.5 220.8 209.8 209.5 211.5 215.3 215.6 212.7 209.4 203.5 212.1 211 217.9 218.3 214.7 210.3 207.8 213.6 222.9 226.3 232.8 239.6 241.9 246.2 255 252.8 250.5 245.3 242.5 242.2 241.2 238.1 233.6 228.4 222.9 217.1 209.1 201.4 194.7 190.6 180.4 171.1 162.3 157.6 160.9 156.2 145.9 142.2 141.3 138.8 130.3 121.6 119.5 121.4 122.5 123.4 124.4 125.7 127.6 129.4 129 132.1 138.3 139.4 140.3 145.4 146.9 149.6 153.2 155.4
262.6 258.1 256 250.9 246.7 242.9 236.2 230.1 225.9 227.9 225.6 214.2 204 203.1 201.3 204.3 205.2 201.4 194.6 196.6 202.7 207.2 206.8 204.9 201 204.7 211.4 217.3 226.1 226.6 232.1 234.8 237.7 236.9 235.6 233.4 233.1 232 229.6 225.5 221.7 215.2 209.4 202.2 193 184.2 179.1 169.6 161.2 156.6 152.3 149 153 147.4 141.7 140.9 141.4 140.5 129.8 120 118.7 121.8 122.4 123.3 124.4 125.6 127.5 128.7 127.2 131.4 142.6 143.3 144 147.3 148.9 152 155.9 158.2
264.3 260.4 256.5 250.8 247.4 243.9 238.3 233.8 231.6 222.4 214 215.2 208.2 203.5 200.2 195.5 192.6 191.1 190.6 189.5 187.7 197.2 198.3 200.4 197.5 196.9 202.5 208.7 213.6 216.8 221.3 223.7 225.8 226.6 226.1 224.1 223 222 218.4 213.1 209.7 199.8 192.2 184.7 176.6 169.5 165 154.2 148.2 146.4 142.3 139.9 135.2 139.3 137.6 132.2 135.6 134.7 124 117.4 119.4 122.3 122.9 123.5 124.3 125.5 126.1 126.5 128.5 132.4 146.5 148.6 146.5 149.9 152.5 153 156.7 159
263.8 259.9 256 253.8 247.1 240.9 235.9 230 227.2 218.6 219.8 221.2 219 214.8 210.2 204.9 201.2 194.1 191.2 187 181.9 182.8 189 193 190.6 189.6 195.5 200.4 205.2 209 216.4 219.4 217.2 217.6 218.3 215.4 211.4 209 205.2 201.5 193 181.9 179.5 170.6 165 158.5 152.8 143.7 139.2 134.5 138.5 136.7 129.3 131.5 134.1 129.5 125.8 123.7 121.2 116.7 120 122.4 123.1 123.3 123.8 126.3 126.5 128.5 132.2 135.8 145 150.6 150.3 153.5 157.3 156.7 158 160.8
269.3 265.1 261.4 256.7 250.4 244.9 240.3 236.2 231.7 227 223.9 219.7 219.9 215.8 212.5 207.3 204.3 201.7 197.1 194.3 184.5 179 181 186.3 186.5 183 188.8 193.1 197.9 203 207.4 208.3 208.9 207.2 204.9 202.7 198.2 195.6 190.4 184.9 175.7 169.4 161.7 157.6 151.8 146.6 140.5 137.1 130.1 129 126.7 128.9 127.1 129.4 132.4 129.5 125.8 122.3 120.1 117 120.1 122.6 122.4 123.3 125.4 128.3 130.2 133.3 136.8 141.3 149.8 153.4 155.9 159.6 160 159.8 160.6 164.6
280 272.5 266.2 260.4 254.3 249 244.2 239.7 235 228.8 228 222.9 217.1 212 209.4 206.7 201.1 198.4 195.7 191.6 186.4 179.3 175.9 178.5 182.6 180.7 180.7 188.4 192.6 196.8 200.4 199.3 198 196.1 194 190.2 187 183.5 176.8 169.7 162.6 156.2 152.4 146.8 140.5 137.6 134.7 131.9 128.8 125.1 122.3 123.9 125.1 128.9 130.9 124.8 121.6 120.6 117.6 118.1 120.7 122.3 121.2 122.6 125.4 127.7 132.1 135.4 139.7 144.1 150.1 155.9 160.7 165.9 167.8 164.8 166.1 166.5
290.8 282.2 272.2 266 259.4 253.9 249.1 241.2 236.6 236.7 232.4 227 223.7 215.5 212.7 210.6 210.3 208.1 202.8 196.7 188.5 183 176 173.6 175.4 178.3 174.2 182.9 187.4 188.8 191.1 188.8 187.7 184.8 180.2 176.1 175 170.5 164.7 156.5 152.1 146.9 143.4 140.5 135.1 131.9 130 128.3 126.4 122.7 119.8 121.6 122.6 126.7 131.1 121.5 120 118.8 116.9 119.7 120.9 121.2 122.4 125.8 130.1 132.3 135.6 139.6 144.1 150.4 156.2 161.4 165.7 168.9 168.9 171.3 174.5 176
300.5 289.3 279.5 271.5 264.9 259.3 250.8 246.1 245.1 240.7 236 232.4 227.7 222 220.7 218.6 215.7 213.9 208.4 199.4 193 189.8 185.1 178.1 172.1 167.1 171.5 171.6 183 182.5 182.7 178.4 176 172 168.7 165.1 164.6 160.5 152.2 145.5 143.1 139.6 136.3 134.1 131 128.2 126.3 124.5 122.4 119.9 119.1 119.7 121 126.8 131.2 121.9 119.7 118.3 118.1 119.8 122.1 125 128.7 131.7 135.7 138 140.5 145.3 151 156.9 162.4 168 172 174.1 176.5 179.8 182.9 184.3
306.4 294.8 286.1 277.6 270 262.4 260.9 256.5 250.2 244.6 241.4 237.8 228.8 229.1 226.9 225.7 225.9 225.5 213.4 206.8 199.6 195.7 191.2 184.2 176.4 170 165 166.7 167.8 174.7 176.4 175.2 167.1 162 160.1 158.4 155.4 151.7 146.4 139.4 136.1 132.4 131.8 129.1 126.6 124.6 122.9 121.1 120.5 120.2 119.4 119.2 125.9 131.5 128.9 120.1 118.5 118.2 119 122.1 128.1 134.4 139.2 142 141.5 143.5 147.5 153 159.3 165 169.5 174.2 178.3 180.5 186 189.8 192.2 193.5
313.2 297.3 289 280.8 271.3 266.1 266.6 261.3 254.8 250.8 246.6 242 236.9 235.9 233.7 232.5 236.6 235 221.7 214.1 204.8 201.1 194.9 188.4 179.5 172.1 168.3 165.3 160.5 164 169.9 168.6 159.9 155.4 153.8 151.9 148 144.6 142.7 136.8 131.8 128.9 127.9 123.8 122 121.6 120.5 121.1 120.3 118.5 118.5 118.7 121.1 131.7 127.3 119.4 118.4 118.2 122.8 126.7 136.1 144.1 150.3 152.4 148.4 151.4 155.4 161.3 168.5 174.2 178.1 180.3 183.2 190.3 196.3 200.2 202.3 201.5
318.8 304.1 290.5 284.3 280.8 278.1 271.3 265.1 260.5 256 251.9 248 245.2 242.3 240.7 238.7 239.3 234 224.7 218 212.2 205.7 198.3 191.6 185.4 179.7 172.3 169.5 162.7 156.5 160.7 160.9 154.6 150.5 151 146.6 142.7 140.2 139.2 134.5 129.1 127.7 122.8 120.6 119.6 119.1 119.8 121 119.1 117.2 115.5 115.8 117 122.1 120.1 119 116.9 122 128.7 133 136.2 139.1 153.9 162.3 161.9 161.3 164.4 170.6 178 182.4 187.5 189.3 193.6 200.4 209.5 211.6 212.7 209.3
325.1 311.4 296.3 296.7 290.8 286.9 280.9 276 270.4 264.7 258.3 254.7 252 248.7 247.5 246.1 242.2 233.4 227.3 223.6 217 208.6 202.8 200.1 194.9 189.2 180.7 171.2 165.7 157 154.2 156.1 154 150.9 145.7 143.4 140.6 137.2 135.3 130.9 126.5 121.7 119 119.3 119.3 119.1 119.1 119.2 117.5 115.8 115.2 113.5 111.5 114.3 115.9 115.9 123.2 131.6 138.5 142.1 142.9 144.4 149.6 158.4 164.1 171.1 177 181.9 186.9 189.6 196.7 198.5 203.6 209.6 222.7 224.1 222.9 220.8
331.8 317.9 307.8 303.7 300 296.2 290.4 284.1 278.4 272.7 264.8 264.1 262.4 258.8 254.6 249.2 242.1 237.7 234.7 228.2 219.2 210.4 203.5 199.8 197 191.2 186.4 175.4 165.5 157.8 149.7 149.6 150.6 150.9 148.3 144.3 138.7 133 128.5 127 122.4 118.8 117.7 119.2 119.4 121.1 119.5 116.7 115.1 114.3 113.4 110.6 111 113.6 117.8 123.8 134.4 142.7 147.7 149.9 149.6 151.6 156.4 161.8 166.5 177.3 189.7 197.6 198.7 197.5 202.5 210 215.1 217 232.2 238.5 239.4 232.2
337.3 325.9 318.6 310.2 309.2 305.7 300.2 293.3 286.5 280 273.6 273.1 271.6 267.7 259.8 252.6 249.2 246 239.4 229.3 219.1 209.4 209.1 207.2 204.2 197.4 182.9 170.8 163.3 155.7 148.9 143.5 143.4 148.1 144.7 138 131.6 129.5 125.7 120.1 119.2 116.5 115.4 116.6 117.8 117.7 117.2 113.9 113.7 111.5 109.3 111.5 114.6 117.5 121.8 133.8 141.3 145.9 150.6 155.4 156 158.3 163 168.4 173.8 182.8 189.2 202.8 207 207.7 211.5 224.5 230.4 230.5 231.8 241.7 248.1 249.9
345.8 336.3 327.8 323 319.6 316.9 310.7 303.4 294.5 286.3 284 283.3 280.6 277 264.6 258.1 254.6 248.8 238.8 229.4 222.5 222 220 218.3 206.1 190.5 178.4 168.5 160.4 152.9 146.8 142.2 139.1 138.2 136.8 132.7 127.7 125.9 123.6 121 118.7 115.6 112.1 112.4 113.8 114.3 113.7 111.7 111.6 108.4 108.4 113.6 115.1 118.5 122.2 128 134.8 143.6 151.3 156.2 160.7 163.9 168.7 175.7 184 194.4 201.8 205.9 213.2 221.4 233.8 238 243.6 244.5 243 248 252.7 261.7
353.3 347.4 338.6 335.5 331.7 327.6 323 312.9 300.6 295.8 293.4 293.1 289.4 282.4 271.3 266.9 260.2 250.3 240.4 234.6 232.8 235.1 230.7 219.9 199.3 183.9 173 166.3 158 149.9 144.4 140.4 136 131.2 127.6 127.5 125 123.6 121.8 119.9 117.5 115.6 112.8 109.7 110.1 111.7 113.3 113.9 111.7 106.9 109.1 113.1 116 120.5 124.6 130.8 135.9 140.7 151 155.9 160.8 167.2 173.8 183.5 196 207.3 216.2 218.7 220.1 229.2 245 253.6 257.1 257.6 257.6 261.6 266.4 275.4
364.2 358.1 351 347.8 343.9 337 332.8 317.7 305.8 306.5 302 302 294.6 285.5 278.2 272.7 265.1 253.5 248.7 243.1 249.3 246.1 227.7 207.2 191 177.4 169.5 163.6 157.1 153.8 142 140.6 136.4 129.3 122.1 120.9 122.7 121.8 120.1 117.4 115.4 115.2 114.7 111.4 109.2 112.4 118.3 117.6 110.9 107 109.8 113 116.6 121.1 127.5 133.9 139.4 146.6 154.5 160.3 165.5 169.6 180 196.4 205.6 215.2 226.7 228.1 231.8 241.7 258.9 263.5 267.4 272.4 276.2 281 284.2 289
376.4 365 365.1 356.2 350.1 342.7 334.3 319.3 316.6 314.3 313 308.2 300.4 291.2 284.5 278.3 267.4 261.5 257.8 255.4 242.8 232 216.9 196.8 180.5 170.8 163.8 160.8 156.4 151 142.9 133.9 134.2 131.3 125.5 119.3 120.7 119.8 117.7 113.6 113 114.7 112.7 112.2 109.8 112.4 116 109.1 108.1 107.4 110.3 114 117.7 122 129.3 137 143.6 150.5 158.6 166.4 172.2 179.4 189.1 202.4 212.7 220 228.7 237 247.7 259.6 269.9 274.3 276.5 284.2 291.3 297.3 300.5 303
380.3 376.6 374.9 363.3 354.7 346.3 339.5 329.3 326.4 324.3 321.7 313 303.6 294.6 288.3 280.2 272.9 268.5 264.1 245.2 229.8 212.3 198.6 184.8 174.4 166.5 159.3 156.8 153 146.9 138.2 129.9 130.7 128.1 123.4 120.8 120 119.4 117.8 112 110.1 111.8 111.7 111.5 109.7 109.1 109.1 106.5 106 109.3 111.9 115.6 118.9 123.6 129.9 139.2 147.3 153.9 162.5 171.1 179.8 191.6 199.2 209.2 222.6 230.7 239.9 248.7 264.1 279.3 283.4 285.2 288.3 297.9 306 311.6 316 318.6
381.2 387.3 381.5 372 357 349.4 342.2 340.4 335.8 333.8 325.9 316.2 306.8 298.1 290.6 283.8 276.2 273.2 255.6 226.5 213.3 198.9 189.1 178.1 170.6 164.2 157.1 153.6 149.6 145.8 137.6 128.4 127.9 125.6 122.7 122.2 120.8 119.5 118.2 116.2 109.9 109.9 111.9 110.8 109.2 106.6 105.5 105.6 108.5 110.4 113.5 117.5 122.1 127 134.3 141 149.8 157.4 166.1 175.4 187.1 198.3 210.6 219.5 230.3 239.5 247.2 261.1 279.7 291.2 293.6 296.2 304.9 312.1 319.7 325.2 329.6 332.6
394.5 397.5 389.7 378.7 361.4 355.3 349 344.6 342.3 340.7 328.3 319.1 309.8 301.3 291.8 285.5 278.4 261.2 237.6 216.7 202.6 192.8 182.7 173.2 166.6 161.5 155.5 150.9 147 143.1 137.6 129.4 124.2 123.8 124.1 123.2 121.4 119.2 116.9 114.8 111.5 109.5 109.8 107.9 105.8 104.4 106.4 107.8 109.9 111.5 115.1 119.1 125.7 131.7 138.7 145.2 159.2 161.9 170.3 181.4 193.6 202.7 211.3 225.3 239.8 246.8 256.5 268.6 282.5 298.8 307.5 313.8 319.9 321.6 331.5 336.9 341.3 345
409.5 411.2 403.3 383.5 368.4 363.2 357.4 350.5 355.1 345.1 330.5 322.3 313.6 302.7 293.5 284.4 261.7 239.3 221.3 207.8 196.7 188.1 179.5 169.8 163.8 158.5 153.5 149.2 144.9 138.9 133.3 125.9 122.1 122.3 122.3 122.5 120.7 117.6 113.3 113.7 111.2 108.7 105.9 104.3 105.3 105.7 107.3 108.6 110.9 113.9 117 122.6 130.7 135.6 142.5 149.1 166.1 170.7 179 188.2 196.5 208 218.7 229.8 245.2 257.2 269.2 282.9 297.3 312.2 321.8 328.6 334.3 337 343.5 349.4 355.9 359.9
421.7 420.4 409 388.1 376.2 373.8 365.9 363 361.8 349.5 334.8 327.8 320.1 306.9 287.2 264.7 244.5 226 212.3 203 193.3 184.6 176.1 168.1 162.5 156.5 151 144.9 139.9 132.7 128.1 124.3 121.7 121.1 120.7 122 116.9 113.2 113.4 112.3 110.2 107 104.1 105.7 106.2 106.9 108.4 109.3 111.6 115.2 118.7 126.5 135.3 141.6 145.6 156.3 169.1 178.1 185 195.7 203.3 215.2 226.2 239.8 253.5 266.5 280.7 294.7 310.9 325.8 336.9 341.5 346.1 351 358.7 365.9 373.5 377.1
430.2 417.3 411.6 391.9 385.3 384.2 376.8 377.2 369.4 355.5 342.3 336.1 321.1 300.2 274 252.2 234.1 217.8 208.6 199.8 191 182.1 173.9 166.7 161.2 153.8 147.4 141.2 136.1 131.6 126.7 122.7 120.5 118.8 119 119 113.3 111.3 110.9 110.4 108 104.6 105.4 105.9 106.2 108.3 110.9 111.7 113.5 116.7 121.5 127.5 135.9 145.1 152.6 161.8 172.1 181.8 190.2 198.5 210.9 223.2 236.2 249.6 261.8 273.9 287.3 302.1 319.1 338.1 350 356.5 360 363.7 371.6 380.5 395.8 399.2
430.5 421.7 414 395.7 398.2 393.7 386.3 391.2 380 365.1 350.3 332.7 314.3 282.3 262.3 244.8 226.3 214.5 205.8 197 188.2 179.4 170.4 164.3 159.3 150.8 143.4 137.7 132.8 128.4 125.2 121.5 119.8 118.6 117.7 114.1 108.6 108.4 107.7 108.6 106.8 103 105.4 106.1 107.8 109.4 113.2 114.4 116.1 120.1 125.2 131.3 141 149.2 157.6 164.5 175.4 186.3 198.2 208.1 218.4 232.3 244.8 257.9 269 282.4 299.1 315.1 326.3 344.1 361.5 367.4 374.7 381.1 387.6 395.1 404.9 417.7
433.5 423.3 417 405 408.1 401.3 402 401.4 388.6 371.6 338.4 326 299.2 272.7 252.6 235.7 220.5 211.5 202.5 193.8 185.2 176.5 167.7 162 157 149.1 140.8 134.5 129.6 124.8 121.5 119.5 118.4 119 115.4 109.6 107.3 106.5 107.1 106.6 104.9 103.3 106.1 106.9 108.8 110.8 114.3 117.6 120.2 123.6 130 137 141.8 150.7 160 170 181.6 194.3 204.7 215.9 227.8 242.1 256 268.6 282.6 294.7 308.4 325.2 339.8 357 367.9 374.9 385.2 397.8 405 410.7 418 435.4
433.8 425.5 420.1 414 409.3 408.3 417.8 400.6 378.2 348.7 332.5 309.2 285.2 263 245.2 227.9 217.3 208.5 199.5 190.6 181.9 173.7 165.5 158.4 151.4 144.5 138 130.8 125.7 121.5 119.6 118.1 118.1 118.9 114.1 109 106 106.5 107.2 107.2 105 102.8 105.1 108 111 112.9 114.7 120.4 122.7 124.9 133.3 141.6 146.4 157.1 169.7 181.5 191.8 200.5 209.6 223.6 237.4 251.9 266.7 283.1 297.3 304.4 316.7 337.5 359.5 375.7 383.9 386.7 392.3 403.2 416.3 422.7 433.9 451
439.5 435.2 422.7 418.2 414.5 421.8 414.4 383.5 360.7 343.8 320.9 297.4 275.8 254.6 236.7 222.3 213.7 205 196.2 187.5 178.6 169.9 160.7 152.9 146.1 139.8 133.5 126.8 121 117.7 117 116.6 117.8 116.9 111.8 106.6 105.6 106.3 107 107.5 104.8 102.7 104.8 110.4 112.6 116.2 117.8 118.8 126.7 128.6 136 145.7 154.2 165.7 179.5 190.3 201.8 215.7 217 231 245.3 259.1 273.9 290.4 304.2 314.2 324.5 346.7 372.7 390.3 395.3 401.1 403.2 411 432.4 445.3 451.4 464.5
444.1 437.1 430.4 426.4 425.6 415.6 391.9 373.7 354.6 333.2 315.3 288.5 263.9 246 230.5 218.2 210 201.3 192.5 183.6 174.6 165.4 156.2 147.7 140.9 136.3 130.2 131.5 119 116.4 114.7 115.8 116.9 113.6 109.9 106 105.4 106.1 106.8 107.1 104.9 101.7 107 110.6 113.4 115.9 120.1 122.6 125.1 132.9 140.4 152 161.5 172.5 185.9 197.2 210.6 223.4 228.5 239.2 252.4 266.2 282 297.4 313.2 324 330.4 355 379.4 400.8 408.4 411.6 417.1 425 452 461 470.3 474.8
444.2 433.7 434.1 431 419.2 396.8 378.5 369.2 349.7 323.7 304.3 278.5 255 238.8 227.1 213.6 205.1 196.5 187.8 178.9 169.9 160.8 152.3 144.7 137.2 132.9 127.2 127 120 116.4 114.2 114 112.2 110.1 107 105.5 105.7 105.8 105.9 105.1 104.1 102 106.3 110.2 112.2 116.9 121.3 126 129.6 137.2 144.9 156.5 169.5 181.9 192 199 212.9 225 235.4 245.3 259.2 275.4 290.6 306.4 321.8 329.1 338.6 358.5 390 411.6 422.2 426.7 434.5 444.3 457.9 476.7 485.6 490.8
