data/220000-840000.asc
ncols 200
nrows 200
xllcorner 220000
yllcorner 840000
cellsize 50
[rows 70 to 104 of 200, columns 0 to 77 of 200]
677.4 643.6 622 605.7 586.5 574 564.6 552.2 527.6 506.2 514.3 523.8 532.9 537.8 540.7 541.6 542 538.9 538.9 534.2 523.9 510.6 499.1 488.8 476.8 459.9 444.6 425.4 407 392.4 381.7 369.8 357.9 351.3 341.3 336.8 327.4 322.9 320.7 316.1 312.6 313.1 312.3 312.4 312.3 312.3 312.3 312.3 312.3 312.3 312.3 312.3 312.3 312.3 312.3 312.3 312.3 312.3 312.3 312.3 312.3 312.3 312.3 312.3 317 321.2 323.2 329.8 329.7 331.2 337.2 333.2 332 329.2 326.2 320.3 315.4 310.7
662.6 636.4 614.9 595.2 580.3 568.7 556.6 541.7 524.5 502 491.4 499.8 507.1 511.7 513.6 515.9 517.2 515.2 512.7 512.1 498.6 481.9 469.4 458.4 447.2 435.7 421.1 406.2 390.9 379.4 365.5 352.2 343.2 336.4 326.7 323.5 320.7 315.3 312.8 312.3 312.3 312.3 312.3 312.3 312.3 312.3 312.3 312.3 312.3 312.3 312.3 312.3 312.3 312.3 312.3 312.3 312.3 312.3 312.3 312.3 312.3 312.3 312.3 312.3 312.3 312.3 312.3 312.3 312.3 314.1 315.8 315.8 317 314.5 311.1 310.5 308.6 310.2
636.9 619.2 602.5 587.6 574.5 561.1 547.5 532.6 515.9 499.6 481.1 478.2 485.6 491.8 490.2 491.2 492.1 488.9 485.3 479.6 471.9 457.5 446.5 437.7 426.4 414.7 401.3 388.2 373.1 360.4 346.6 335.8 329.9 326.6 319.6 318.4 315.5 312.3 312.3 312.3 312.3 312.3 312.3 312.3 312.3 312.3 312.3 312.3 313.2 316.1 315.5 312.3 312.3 312.3 312.3 312.3 312.3 312.3 312.3 312.3 312.3 318.4 317.5 319 317.3 316.9 316.4 316.5 316.4 318 321.8 321.1 317.7 315.4 312.3 310.9 312.8 321
611.9 599.4 587 574.9 562.2 548.9 538.4 527.3 509.1 497.5 483.4 462.1 466.2 473.5 472.3 469 467.2 465.3 461.3 450.8 444.3 435.4 425.3 417.5 405.9 394 380.8 365.9 350.6 340.3 329.2 322.4 318.2 315.7 314.9 314.4 313.4 312.3 312.3 312.3 312.3 312.3 312.3 312.3 312.3 312.3 312.3 312.3 316.7 319.7 320 316.8 314.1 313.2 312.3 312.3 312.3 312.3 312.3 320.8 325.2 328.1 328.7 325.5 325 323.5 321.5 320.5 320.2 321.1 321.2 321.2 320.6 318.7 318.1 320.5 324.8 332.8
588.3 579.6 570 559.9 547.1 533.8 522.7 514.3 504 487 470.6 460.6 445.5 452 452.3 448.4 449.5 448.2 441.8 433.5 425.7 416.6 403.8 394.4 385.6 371.9 358.3 342.2 332.2 324 318.8 315.1 314.5 313.9 313.9 313.3 312.8 312.3 312.3 312.3 312.3 312.3 312.3 312.3 312.3 314.8 318.8 322 326.1 325.5 329.9 329.8 328.9 328.3 332.7 332.3 323.5 324 331.3 333.5 336 337 336.7 333.8 331.9 328.5 326.2 324.9 324.1 324.5 326 325 324.5 323.9 328.7 334.3 341.2 346.9
564.4 557.8 549.7 540.2 529.5 517.6 505.6 494.2 484.6 470.9 456 446.8 438.3 431 433 432 432.2 429.7 421.1 415.5 406.1 399.4 383.5 373.3 362.5 351.3 338.3 328.5 322 316 314.8 314.7 314.6 313.7 313.1 312.6 312.3 312.3 312.3 312.3 312.3 312.3 312.3 319.4 328.1 329.6 329.9 332.9 338 339.3 344.4 349.1 346.6 346.5 351.7 353.8 354.1 348.4 350.9 353.7 353.1 351.4 348.8 344.9 338.8 334.7 331.4 329.3 328.6 329.4 331.2 333 335.2 339.3 343.6 349.5 355.9 361.5
544.9 537.3 529.2 520.2 511.5 501.1 490.5 481 467.2 453.8 443.6 434 426.1 418.4 416.4 414.4 412.3 407.7 398.8 391 382 372.6 361.5 352.6 343.8 335.2 326.6 318.7 316.1 315.4 315.1 315.1 314.6 313.7 313.3 312.3 312.3 312.3 312.3 316.2 321.9 327 333.4 341 344.8 352.3 359.8 363.7 361.6 360.6 362 367.5 367.5 367.4 375 379.4 377.8 373.5 372.8 377.9 374.8 367.4 360.6 350.1 349.1 346.2 342 334.2 336.5 337.9 341.4 347 351.7 357.3 361.5 366.4 374.2 381.1
522.9 517 507.4 501.5 492.8 484.9 474.7 463.8 451.3 441 432.2 423 414.3 409.7 401.9 396.2 392 385.3 379.4 370.7 363 355.3 345.9 338.7 331.6 323.5 318 317.2 316.1 315.5 315.7 315.5 315.6 316.1 314.5 313 312.3 317.1 324.8 334.2 341.1 347.4 357.2 366.6 377.5 389.3 392.5 392.1 390 383 385.6 389 392.1 400 406.2 409.1 403.7 403.9 399.6 400.8 395.7 383.7 371.3 362.3 360.2 353.8 348.6 345.4 347.2 353.8 359 363.5 368.2 374.1 381.2 387.4 393.8 401.5
504.7 497.7 490.5 486.5 477.2 471.9 463.8 452.8 441.1 431.4 422.9 413.5 405.1 396.8 389.9 380.9 377 369.4 363.4 355.6 347.8 339.9 332.5 326.7 324.1 321.8 317.9 317 316.6 316.6 316.3 314.8 319.1 322.4 323.8 324.7 327.9 334.2 345.3 355.9 365.7 376.2 388.7 404 415.6 420.8 426 431 424.5 415.1 410.5 412.7 420.8 424.2 437.5 439.7 434.7 430.4 430.1 424.5 416.2 403.5 391.3 380 375.3 369.8 364 362 360.6 366.9 372.6 379.7 386 395.3 403.8 405.7 411.2 418.7
488.4 479.3 474.6 470.5 463.3 458 450.8 443.4 432.2 420.7 411.4 402.2 395.6 386.8 378.6 370.7 360.3 354.3 345.6 339.5 333.1 328.6 324.5 321.4 320.6 319.7 317.5 317.2 316.6 316.4 317.3 321.3 327.4 332.3 335.7 339.5 346.7 356.7 370.9 382.9 394.9 408.3 427.8 438.2 448.6 456.3 461.7 457.2 449.5 438.9 443.5 451.2 454.1 458.1 464.4 472.9 476.6 461.3 462 457.1 452.7 434.2 417.5 403.7 395.1 391.8 384.5 378.3 377.1 379.7 391.1 399.5 409.9 417.8 423.6 426.8 429.4 436.8
471.2 462.6 458.3 455.2 450 442 435.1 427.4 418.1 407.7 397.2 390.1 380.4 375.3 364.3 354.8 347.9 337.6 335 332.8 327.6 323.1 321.1 319.7 319.7 318.6 317.8 316.9 317 317.3 322.4 329.8 336.4 344.3 351.7 362.2 370.9 385.9 401.1 415.6 433.6 451.3 470.7 484.3 495 499.7 498.8 489 476.5 481.2 481.3 481.9 485.6 491.2 493.5 501.4 507.8 495.1 493.3 496.6 499.4 482.3 458.8 439 428.3 414.7 406.9 400.7 395.7 396.2 411.4 421.3 426.9 435.5 445.2 455.6 459 462.3
453.2 447 439.8 437.7 431.5 424.7 418.9 409.7 399.5 394.8 384.2 372.4 363.5 356.4 353.2 340.1 334 330.9 328.4 326.9 322.7 320.6 319.8 318.8 318.6 318.5 317.7 321.2 322.7 324.3 330 340 348.4 360 373.8 386.5 401.8 418.3 433.1 452.7 472.6 494.2 512.5 521.9 524.1 518.5 507.6 503.1 496.9 497.6 503.4 508 511.9 519.2 524.2 529.4 532.3 531.8 529 527.1 526.5 520 495.2 463.1 468.3 456.5 439.5 430.3 420.7 420.3 429.2 440.5 447.1 457 467.9 476.6 479.9 476.9
435.8 432.2 423.5 418.7 413.6 405.5 400.2 394 384 376.1 364.1 356.4 349.7 345 340.1 333.2 328.3 325.5 323 322.1 321.9 322.8 323.2 323.6 324.8 326.6 328.6 331.7 334.6 338.2 345.8 357.3 368 382.7 397.2 414.1 432 449.5 468.3 493.4 516 527.3 534.9 538.6 533.7 528 518.4 517.2 517.6 519.2 522.6 529 536.6 545.3 551.6 556.4 557.7 562.6 566.9 557.3 556 553.9 526.1 495.5 503.4 490.7 485.9 463.5 450.9 440 451 461.4 469 477.2 484.3 489.8 491.6 494.4
416.7 412.9 407.6 404 395.9 387.7 382.1 374.6 366.9 359.4 349.9 344.3 341 336.2 332.2 328.7 325.2 322.8 323 325.1 327.2 327.3 327.9 329.4 333.1 337.6 342.2 346.1 350.6 355.5 367 380.3 393 407.9 423.4 439.2 454.7 480.4 499.6 519.3 534.8 541.7 545.6 545.3 537.5 530 531.8 535.6 530.7 534.9 540.6 549.1 557.4 564.7 568.7 572 577.2 583.4 588 585.5 582.1 576.4 565.7 528.8 528.8 519.4 504.5 493.2 482.7 472.9 476.3 483 489 494.9 501.7 508.1 510 514.3
404.1 400.7 394.2 387.8 382.4 376.1 369.2 361.2 355 347.9 341.1 337.1 335 332.1 327.9 324.8 325.2 324.3 323.8 328.1 332.1 333.8 335.8 339.1 344.6 351.1 356.8 363 369.3 380.9 393.7 407.6 424 437.5 450.7 461.2 481.5 504 519.5 533.8 541.1 548.6 549.2 546.9 544.6 542.6 547 546.6 544.7 550 554.7 562.7 571.1 578.1 582.4 588.3 594.9 602.7 608 609.7 605.3 595 579.3 553.8 558.2 545.4 531.7 524.3 515.3 502.5 501.9 511 517.8 522.1 522 522.4 520.5 520.6
395.1 383.3 383.6 376.1 370.9 365.6 360.2 354.5 348.1 341.4 335.7 332.2 328.7 328.2 327.3 326.2 326.1 326.8 330 333.9 337.6 343.7 348.6 350.7 357.2 365.7 374.8 384.2 394.3 406.2 420.6 445.8 460.3 469.6 476 486.6 504.3 522.8 535.2 544.1 551.1 554.9 555.7 554.9 551.8 552.2 553.6 552.5 553.4 559.7 566.2 574 581.3 588.5 599.9 608.6 616.7 623.8 629.1 627.5 617.9 604.9 588.4 576.4 568 558.4 548.7 541.4 533.9 525.6 530.7 535.3 540.8 540.9 542.3 539.3 529.7 527.9
382.2 376.7 367.6 364.1 360.6 357.2 353.4 348.2 342.9 334.2 329.7 333.2 333.2 330.3 329.3 327.1 328.4 331.8 337.7 343.3 349.5 358.3 364.9 370.8 377.1 387.1 398.7 409.7 424.3 439.3 456.3 475.5 488.4 499.6 500.6 513.9 527.3 536.9 546.1 555 560.9 562.5 563.4 560.8 560.6 561.1 561.3 561.5 562.2 569 575.9 584.1 594 606.7 623.6 630 637.1 640.6 636.9 631 623.2 611.3 602.1 592.3 582.9 574.6 566.7 560.4 550.8 546.4 550 555.6 557 554.5 550.1 545 538.1 534.5
368.2 362.2 357.4 354.7 351.7 349.5 345.7 340.6 332.3 336 336.7 337.8 333.9 332.5 331.2 332.1 335.7 343 350.5 357.3 364.9 375 385.1 393.3 397.6 409.4 424 438.9 456.7 471.8 487.2 501.5 514 518 525.6 540.8 545.7 552 560.4 566.9 570 570.3 567.9 568 570.1 569.8 569.4 569.6 572.7 578.3 587.5 597.2 608.3 621.1 633.3 640.4 645 644.3 641.7 637.7 629.9 619.8 610.4 601.5 593.1 587.6 578.8 569.3 563 562.7 562 560 556.7 550.6 543.5 538.7 535.6 532.5
360 354.6 350.3 346.6 343.2 341.1 336 339.6 341.2 341.2 340 339.9 336.8 335.9 337.7 341.6 348.4 358.7 368.4 377.3 386.5 397.7 410.3 415.8 417.9 432.5 451.5 467.8 485.2 502.7 513.2 523.1 527.6 534.3 552.2 556.6 560.8 566.4 576 576.8 576.4 574.6 578.2 580 580.1 578.3 577.1 577.2 583 590.5 599.2 609 621.5 633.7 642.5 643.6 648 645.7 645.2 639.7 633.9 626.6 618.7 605.9 593.1 585.9 581.5 569.8 562.2 558 555.2 552.7 548.6 542.8 536.7 533.4 530.3 526.8
353 349.4 345.4 340 339.9 341.2 343.3 345.5 346.6 345.8 345.3 343.1 341.9 343.2 347.7 354.5 368.5 379.4 389.6 399.4 413.2 429.1 441 444.8 445.7 460.8 479.6 493 509.1 521.2 529.4 534.2 543.6 552.6 558 563.3 569.3 576.9 583.1 583.6 582.7 587.7 591.3 590.4 588.5 586.5 585.1 585.4 591.7 599.6 607.6 618.3 631.2 641.4 645.2 646.3 643.8 638.4 633.4 629.6 624.3 618.5 608.8 600.6 591.9 582.2 570.8 562.1 554.2 549 548.3 545.2 541.2 537.8 535.4 529.4 525.8 519.4
347.8 343.8 339.9 339.1 346.3 350.8 352.2 354.3 353.7 354 352.6 351.5 351.8 355.8 362.4 380.3 394.6 401.3 413.8 430.3 446 458.1 468.5 479.2 479.8 487.2 504.4 516.7 526.7 534.3 535.6 541.2 548.4 556.3 562.7 569.3 575.1 582.1 589.1 592.3 595.7 599.9 600.1 598.8 597.1 595.7 592.9 598.3 599.2 605.5 612.9 623.9 634.2 639.2 638.1 635 633.4 631.3 628.3 624.2 616.5 608.3 602.3 595.1 584 571.1 560.1 553.3 547.6 543.4 541.3 538.8 536.1 532.9 528.9 522.5 521.3 521.9
341 341.5 345.6 352.3 357.5 362.1 363 365 366.6 363.4 362.4 363.5 368 376.6 391.8 408.8 421.5 432.2 447.4 460.2 472.4 488.4 496.3 507 503.3 511 521.1 527.6 529.1 533 539.9 545.7 552.8 560.3 569.7 576 583.5 590.4 596.7 603.6 606.6 609 607.3 607.6 606.8 607.2 605 603.4 603.7 606.7 613.6 619.6 624.9 628.1 628.8 630.8 628.2 625.2 617.5 611.9 605.3 596.5 589 581.1 572.8 563.5 556.3 549 544.9 540.4 536.3 532.6 530.2 529.3 525.6 526.8 526.6 528.3
343.8 349.7 356.1 362.3 368.3 373.4 377.9 379.5 382.1 379.5 376.5 380.6 390.4 404.5 421.2 433.2 451.1 468.5 479.5 488.2 498.8 507.8 514.6 518.9 509.5 515.7 521.2 527.8 533.9 539.6 543.8 550.5 558.9 568.1 577.2 586.5 595.3 600.9 606.5 612.6 616.2 617 618.7 618.8 616.3 611.5 608.1 604.8 602.8 603.9 607.6 611.4 616.6 622.8 624.8 621.8 617.8 611.5 605.3 601.5 596.1 589.1 582.2 575.2 567.8 560 553.9 548.3 544.2 539.3 536.2 536 534.2 531.8 531.8 531.1 531 530.6
352.3 358.5 365.2 373.1 380.2 387.3 396.3 401.2 400.5 397.5 398 405.8 416.7 432.5 451.6 461.9 483.8 499.8 509.1 513.2 509.9 510.2 509.3 509.3 514.6 523.2 531.3 537 536.3 540.1 547.7 555.1 565.5 576.8 587.1 597.3 607.5 613.6 619.2 624.3 629.3 630.3 630.1 624.8 618.7 612.9 609.3 605.7 602.4 601.8 603.3 607.4 612.4 614.2 614.1 612 608.5 605.5 601.1 596.8 591.2 584.5 577.5 570.5 563.4 556.6 550.7 545.7 541.2 540.1 542.1 540.3 537.9 537.9 537.6 537.4 537.7 539.5
361.4 367.9 375.6 385.1 394.2 403.4 414.2 415.8 416.9 416.9 419.8 427 438.4 455.6 473.3 489.9 503.8 506.7 509.3 509.3 512 511.1 509.9 515.5 523.9 531.4 536.2 534.5 538.8 545.9 553.3 562.5 574.2 586.2 597.2 607.9 618.8 626.6 632.1 637.1 636.8 635.4 631.9 626.2 619.6 613.6 610.1 605.9 602.4 601.8 601.8 604.6 607.1 608.2 607 605.4 603 599.4 594.7 589.8 584.3 578.8 572.7 565.7 558.9 552.7 547.1 543.2 544.1 545.9 545.7 543.5 544.4 544.6 544.7 545.5 545.3 546.2
369.5 377 388.4 399.2 411 418.7 426.6 429.1 429.9 432.9 436.4 436.9 459.9 476.6 492.5 507.9 517.5 519.1 513.4 512.9 518.4 524.5 526.2 530.1 529.9 529.4 530.6 537 545.3 554.9 564.7 574.7 587 598.3 608.1 620.8 631.3 638.9 642.6 641.5 640.2 637.7 632.5 627.2 619.8 611.8 607.9 605.6 602.4 601.2 600.8 600.1 600.5 600.3 598.7 597 594.9 591.4 586.1 581.8 577.3 572.2 567.5 561.3 555.9 551.4 548.1 547.9 548.1 548.4 547.3 550.3 551.9 551.8 553.5 554.1 553.5 554.3
381.1 390.6 402.6 414.2 425.9 435.2 439.7 442.7 443.1 447.1 451.2 459.8 464.9 484.6 497.6 508.9 515.6 518 517.4 519.2 525.2 532.5 533.4 533.8 532.9 526.5 533.1 542.5 553.6 565.3 576.5 588.3 603.6 614.8 627 638.6 645 646.1 644.1 643.3 637.8 630.6 622.1 616.1 609.6 604.5 600.5 597.8 595.8 595 593.5 592.4 591.3 591 589.2 587.7 585.8 582.9 578 575 572.3 567.1 564.3 559.4 558 553.9 553 553.1 553.8 554.4 556.3 557.9 559.5 560.6 562.3 562.6 564.5 565.2
395.2 404.3 418.8 429.4 440.3 449.8 454.6 456.2 455.9 461.9 467.6 473.1 474.7 487.6 496.8 505.7 509.7 516.4 519.9 521.1 526 529.4 529.6 531.7 525.4 527.4 537.2 550.9 564.3 578.2 591.9 605.1 620.3 632.2 644.3 649.4 649.4 645.1 638.4 632.8 627.2 619.9 611.8 606.4 601.4 595.5 592.4 590.4 588.7 588 583.7 581.9 581.7 581.8 581.4 580.1 578 575.6 574.3 571.8 569 568.9 566.9 564.9 562 562.5 560.9 560.8 561.8 564.1 565.9 567.5 568.9 570.1 571 573.1 575.7 576.1
412.8 422.5 435.6 446 458.3 469.9 472.5 472.1 473.1 477.3 482.2 485.1 486.9 488.3 493.7 503.8 510.9 513.3 518.4 521.3 523.2 521.7 523.4 525.1 525.8 532.7 541.2 560 575.7 589.9 607.2 622.8 637.9 648.6 654.9 653.5 648 641.4 633.2 621.7 616.1 610.2 603.5 597.8 594.6 588.5 584.9 584.3 582.2 579.2 574.5 574.1 572.6 571.8 574.5 572.9 571.8 571.8 571.8 572.7 571.7 571.5 571.3 570.6 569.5 570.6 569.5 569.6 571.4 573.8 575.6 576.9 578.3 580.5 582.6 584.8 587.5 590.1
429.3 442.2 455.4 470.6 478.8 485.8 491.5 493.2 495.1 494 497 496.1 495.2 499.4 505.8 512.3 514.4 514 514.4 517.9 520.3 519.4 524.3 521.8 533 540.5 551.1 573.6 589.1 608.5 626.2 641.1 652.6 660.3 661.2 656.9 648.6 639.3 629.5 621.1 610.3 603.8 596.1 588.1 586.8 580.7 576.4 575.3 572.1 571.8 571.8 571.8 571.8 571.8 571.8 571.8 571.8 571.8 571.8 572.7 575.3 578 578 578 578.4 578 578.3 579.8 581.7 583.5 585.8 588.7 591.6 594.3 596.9 599.4 602 604.5
449.8 464.5 482.2 492.3 500.5 512.6 526.8 532.2 528.5 526.4 521.8 510 506 505.9 510.3 517.1 519.4 520.6 515.3 513.5 515.6 508.6 511.2 528.6 542.1 549.9 563.7 588 609.6 629.1 642.9 656.1 665.3 668.9 666.4 660.2 654.3 652.6 635.5 617.1 607 599.8 593.2 585.6 577.7 574.3 571.8 571.8 571.8 571.8 571.8 571.8 571.8 571.8 571.8 571.8 572.2 575.2 579 580.7 583.6 584.3 585.3 586.7 585.8 586.4 587.7 590.5 593.6 596.2 600.6 603.7 606.5 609.1 611.5 614.2 616.7 617.2
471.8 485.7 500.1 508.6 522.8 542.4 553.8 561.3 561.1 555.6 539.2 532.7 528.8 529 530.9 531.7 524.9 517.7 507 502 496 497.8 522.7 540.1 552.6 565.1 582.7 606.7 629.6 643.4 657.4 669.4 674.2 673.8 670.1 667.5 664.2 658.6 642 621.7 605.6 597.2 591.2 585 572.1 571.8 571.8 571.8 571.8 571.8 571.8 571.8 571.8 571.8 572.3 576.5 579.3 583.9 585.4 588.7 591.5 590.9 596 593.6 596.2 598.5 602.3 606.1 609 611.8 615.2 618.3 621.4 623.6 625.5 627.7 629.2 627.7
489.2 504.1 519.8 529 543.9 558.5 570.7 579.5 573.3 568.2 561.2 557.9 553.9 551.5 538.4 526.9 513.3 505.9 491.5 479.8 486.7 506.2 532.1 554.4 566.8 581 603.4 628.2 642.8 655.8 670.2 678.3 680.4 679.6 679.1 676.5 669.3 662 646.6 626.6 612.8 598.4 588.8 579.6 574.6 571.8 571.8 571.8 571.8 571.8 571.8 571.8 571.8 574.4 577.6 582.3 585.2 587.4 590.1 592.4 596.3 598.1 601.3 606.8 609.1 614 618.1 621.8 624.4 626.7 629.8 633.4 636.6 637.4 638.4 639.1 640.4 639.5
508.2 523.1 539.6 549.1 562.5 576.7 577.4 577.1 580.9 578.8 577.1 573.3 562 543.6 522.4 506.4 495.3 484.9 471.9 474.5 490.7 513.8 544 562.6 577.7 597.9 623.5 640.1 654.5 668.4 678.1 684.6 685.2 684.1 683.6 678.6 672.1 665.8 646.9 627.8 607 592.9 581.6 572.7 571.8 571.8 571.8 571.8 571.8 571.8 571.8 571.8 573.6 578.3 581.7 587 590.7 592.4 595.9 599.5 604.2 608.4 615.5 620.3 623.7 628.1 632.6 636.5 639.8 644.1 647 648.3 649.3 648.8 647.3 646.6 647.7 646.6
523.2 540.2 559.1 568.5 580.6 591.4 590 590.6 587.4 588.9 584.5 570.5 546.6 525.1 502.1 489.3 477.7 465.4 466.1 477.1 494 516.9 545 568 590.2 615.8 635.6 651.6 665.5 678.8 688.3 689.8 687.6 686.4 685.1 682.9 678.7 665.2 647.8 622.1 599.3 584.1 574.4 571.8 571.8 571.8 571.8 571.8 571.8 571.8 571.8 574.7 579 583.9 588.5 593 598.4 602.8 607.7 611.4 616.6 623.9 629.4 634.2 637.6 641.5 646 651.1 658.1 659.2 659.1 658.4 657.8 657.8 656.4 654.9 654.4 653.9
