data/220000-570000.asc
ncols 200
nrows 200
xllcorner 220000
yllcorner 570000
cellsize 50
[rows 0 to 34 of 200, columns 0 to 77 of 200]
188.8 186.7 183.6 182.6 182 181.5 181.1 180.7 180.8 180.9 180.6 178.8 175.8 173.3 171.3 170.2 172.6 178.6 182.2 183.8 179.8 173 169.8 169.9 170.2 170.6 170.9 170.9 170.5 170 170.4 167.3 168.1 169.2 169.2 169 169.4 168.7 165 162.3 160.8 160.2 159.7 158 158.5 157.8 156.1 153.6 156.3 158.4 159.4 160.3 159.5 157.4 155 153.6 153 150.8 149.7 147.5 145.8 143 141.4 141.6 141.9 142.4 142.2 142.4 142.5 143.3 143.9 144.5 144.5 144.5 143.6 141.5 140.3 142.5
189.2 188.1 184.8 182.4 182.1 181.3 180.5 180 180.5 180.6 180.6 179.4 176 173.1 171 170.4 171.7 177 180.5 182.2 180.5 174.9 169.6 169.7 170.2 170.6 171.1 171.2 171 171 170.1 169.7 169.9 170.6 171.2 170.8 172 172.5 170 164.3 162.1 161.3 160.6 160.3 159.5 159.2 157.4 155.1 157.6 158.5 159.4 160 159.7 158 156.3 154.2 152.6 151.6 149.2 147.3 145.4 143.5 142 142.6 142.9 142.9 142.9 142.1 142 141.6 141.2 140.5 141.7 141.9 141.5 141.7 141.3 145.3
188.5 186 184 182.2 181.2 180.6 180 179.2 179.3 180.5 180.6 178.1 175.5 172.7 170 169.4 168.8 174.9 180 181 180.8 176.2 170.3 169.9 170.4 171.3 171.8 171.9 171.8 171.6 171.3 171.1 171.3 171.8 172.4 172.8 173.3 175.3 174.3 168.8 164.9 162.5 160.9 160.8 160.7 159.9 158.4 159.3 159.7 159.3 159.4 160 160 158.4 156.4 153.9 152.5 151.1 149.5 150.2 146.9 144.8 143.3 142.9 143.5 143.5 143.4 142.7 141.6 140.6 141.7 141.7 141.5 141.7 141.7 142.4 143.4 146.4
187.4 184.6 183.1 181 180 179.2 177.6 175.8 175.8 176.2 175.4 174.6 172.7 171.5 169.5 169.1 171.2 175.7 179.8 180.5 179.6 176.3 172.4 171.3 172.2 172.7 173.3 173.6 173.2 172.8 172.6 172.4 172.5 173 173.6 173.7 173.2 175.8 176 171.5 166.4 163.3 162.3 162.6 161.9 161.4 161 160.3 161.1 160.7 159.8 159 158.8 158.3 156.1 154.9 153.7 152.1 151.8 150.9 150.1 147.2 145.2 144.7 144.4 144.2 144 143.3 142.5 141 141.7 141.7 141.7 142.2 143.1 144.1 145.3 147.1
186 183.5 182.4 181.2 180 178.3 177.3 176.5 175.2 173.7 173.5 175.8 172.6 171.1 170.6 172.3 175.5 178.8 180.6 180.7 179.3 176.2 172 172.3 172.9 173.3 173.7 173.9 174 174 173.8 173.8 173.9 174.2 174.4 173.6 172.9 173.2 174.6 172 167.1 165.1 164.2 164 163.5 163.1 162.7 162.3 162.4 161.9 161 160.2 159.4 158.7 157.8 157.1 155.6 154.1 153.1 152 152.2 148.3 148.6 147.7 146.3 144.2 144.2 144 143.3 142.3 141.2 140.7 142.9 143.8 144.6 145.8 147.1 148.5
185 183.7 182.4 181.3 180.2 179.4 179.4 178.6 177.2 175.8 176 175.3 173.5 171.7 175.2 178.4 180.6 180.8 180.7 180.7 179.5 174.7 172.5 172.6 173.2 173.8 174.1 174.2 174.2 174.3 174.9 175.1 175.2 175 174.5 173.9 173.3 172.5 172.3 171.4 169.9 167.4 166.7 165.8 165.2 164.8 164.4 163.9 163.5 163.1 162.3 161.4 160.6 160.1 159.7 159.1 158.1 156.9 155.4 153.5 150.6 152.7 153.3 153.5 152.4 150.8 146.2 145.2 144 143.5 143 143.4 144.2 145.4 146 147.3 148.6 151.4
186.3 184.5 182.5 181.9 181.2 180.7 181 180.3 179.7 179.1 177.8 175.5 174.7 175.8 179.6 180.8 180.6 180.8 181 180.6 179 174.8 172.6 173.3 173.9 174.5 174.5 174.5 174.5 175.3 175.9 176.1 176.1 175.6 175.1 174.7 174.1 173.6 172.9 171.6 170.4 169.4 168.9 168.2 167.4 166.6 166 165.6 165.2 164.4 163.5 162.6 162.1 161.8 161.5 161 160 159 157.9 156.8 154.8 152.8 153.4 156.6 157.9 157.4 155.7 153.4 151.1 151 147.9 147.9 150.6 149.6 150.4 150 154.6 158
187 184.8 183.2 182.9 182.3 182.1 182.2 181.1 180.4 179.2 176.5 174.6 174.6 178.3 180.6 180.5 180.6 180.8 180.9 180.4 179.3 176.5 175 174.4 175.4 175.4 175.3 175.3 174.9 175.7 176.7 176.6 176.5 176.1 175.6 175.1 174.6 174 173.3 172 171 170.1 169.7 169.2 168.8 168.3 167.9 167.3 166.7 165.8 164.9 163.9 163.7 163.4 163.1 162.7 161.1 159.6 159.3 159.3 157.7 152 150.6 153.4 156.3 158.1 158.2 158.5 158.7 157.6 156.6 156.9 157 154.5 152.7 154.3 160.1 161.7
187.3 185.4 184.5 183.9 183.7 183.3 182.8 181.7 180.5 177.3 174.9 174.7 176 180.5 182.5 182.7 181.8 181.6 180.6 179.8 178.7 177.9 177.4 177.2 176.8 176.2 176.1 175.7 175.2 176.1 176.7 176.2 176 175.8 175.7 175.4 174.9 174.3 173.6 172.6 171.8 171 170.5 170 169.6 169.1 168.6 168.1 167.7 167.1 166.2 165.3 165.1 165 164.8 163.9 162.1 160.6 160.2 160.6 158.5 152.7 147.6 146.4 149.4 152.5 154.6 157 157.6 156.4 157.2 158.1 156.9 153.9 152.8 155.7 159.2 161.6
187.4 186.2 186.4 185.2 183.7 183.4 182.6 181.2 180 177.8 177.1 177.6 180.6 184.2 185.3 185.4 183.5 182.7 181.5 180.3 179.6 178.9 178.4 178.1 177.5 176.9 176.4 176 175.6 176.4 176.5 175.7 175.6 175.5 175.5 175.3 174.9 174.3 173.7 173.3 172.4 171.6 171.2 170.7 170.2 169.7 169.3 168.8 168.4 168.1 167.4 166.7 166.5 166.2 165.9 164.9 163.4 162.1 161.5 160.8 158.9 153.6 148.6 145 143.7 144 145.5 148.3 150.8 151.5 152 153.7 151.9 150.4 151.2 153.5 155.6 157
187.9 188.1 187.3 185.9 184.1 183.1 181.8 180.6 179.7 178.9 179.5 180.5 183.9 187.1 187.8 186.5 184.3 183.7 182.5 181.2 180.5 179.9 179.3 178.9 178.1 177.2 176.7 176.4 175.9 176.5 176.3 175.8 175.8 175.6 175.3 175 174.7 174.2 173.6 173.3 172.9 172.1 171.7 171.3 170.9 170.4 169.9 169.4 169.1 169 168.4 167.7 167.4 167.1 166.6 165.8 164.5 164 163.4 162.3 160.9 156.3 150 145.8 145.2 142.6 144 141.9 142 144.4 145 146.9 146.9 145.5 146.4 148.2 150 151
188.1 189.5 186 187.5 186.2 183.8 182.2 181.4 180.6 179.8 180 181 184.8 190 190.4 186.3 185.3 185.2 183.9 182.1 181.5 180.8 180 179.2 178.4 177.6 176.9 176.6 176.3 176.5 176.4 175.9 175.7 175.4 175.1 174.7 174.4 174 173.4 173.1 172.9 172.5 172.2 171.9 171.5 171 170.5 170.3 170.5 170.1 169.3 168.6 168.3 168 167.4 166.7 165.6 165.4 165.2 164.6 162.7 159.8 152.3 149.6 147.5 152.2 154.4 148.3 141.7 140.5 140.4 140.2 140.7 140.1 140.2 141.3 143.8 146.3
188.5 189.1 188.7 189.1 187.2 184.9 183.1 182.5 182.7 182.2 182.1 181.7 185.1 188 189.4 187.3 188.1 187.6 185.9 184 182.3 181.2 180.1 179.2 178.4 177.6 176.9 176.6 176.4 176.4 176.2 175.8 175.5 175.2 174.8 174.5 174.2 173.8 173.3 173 172.8 173.2 172.8 172.4 172 171.6 171.2 171.9 172.8 171.5 170.2 169.6 169.6 169 168.3 167.7 166.9 166.7 166.6 166.3 165.8 161.7 159 155.1 152 155.9 157 150.6 144.2 142.4 142.2 140.4 138.9 138.5 138.6 139.2 140.5 141.9
190.6 189.5 189.3 187.6 187.7 185.8 185.2 185 186.1 185.5 184.4 183.7 184.7 187.5 188.6 189.3 189.6 188.7 186.9 184.9 182.8 181.3 180.2 179.1 178.3 177.5 176.8 176.6 176.6 175.7 175.3 174.7 174.3 174.1 174.2 174.2 173.9 173.6 173.1 173.1 174.1 173.9 173.5 173.1 172.6 172.1 172.3 173.9 176.4 176 174.4 172.6 170.9 170.1 169.3 168.6 168.1 168 167.9 167.8 166.3 164.5 162 159.2 155.1 155.5 155.9 150 146.7 146.1 145.6 143.9 142.1 140.2 138.8 138.3 139.3 140.4
190.7 189.7 187.3 186.5 187.4 187.7 188.3 189.1 189 187.7 185.2 185.2 185.6 187.9 189.4 189.7 189.6 188.9 187.6 185.3 183.3 181.7 180.3 179.1 178.3 177.5 176.8 176.5 175.7 174.8 174.4 173.5 173.4 172.8 172.2 172.1 172.2 172.3 172.7 175.4 177.5 176.2 173.9 173.4 172.9 172.6 173.1 175.7 179 178.9 177.7 175.6 172.2 171 170.3 169.3 169.2 169.1 169 168.9 167.9 168.4 165.7 163.4 158.8 154.7 152.4 150.6 148.7 148.7 149 147.6 145.8 141.9 139.5 138.5 139.1 139.9
190.7 189.3 187.6 186.7 188.3 189.7 190.8 191.6 191.4 188.6 186.2 185.7 187.2 188.9 189.1 189.5 189.2 188.9 187.7 185.7 183.8 182.1 180.6 179.2 178.2 177.4 176.5 175.6 174.8 173.9 173.5 172.2 172.2 171.9 171.2 170.6 170 170.1 172.5 177.6 181.1 179.5 175 173.8 173.5 173.2 174.8 177.5 180.3 181.5 179.9 176.9 173.6 171.7 170.5 169.7 169.7 169.6 169.5 170.1 169.8 169.1 168 163.8 159 154.5 150.2 148.6 148.5 149.3 151.5 150.9 147.7 143.4 140.1 139.2 138.3 138.4
189.9 189.3 189.1 188.4 189 190.7 193.2 193.7 193.1 190.4 188.1 187.4 187.9 189 189 189.1 189.1 189 187.9 186.2 184.3 182.6 181.1 179.6 178.2 177.2 175.6 174.7 173.9 173 172.3 171 171 170.8 170.3 169.7 169.1 168.3 171.4 176.4 180.7 180.7 176.3 173.8 173.5 174 175.8 178 180.9 182.5 180.4 176.4 173.2 171.4 170.3 170 170 170 169.9 170.6 169.8 167.8 164.7 161.5 157.5 153.1 148.9 147.2 148.4 149.1 151.8 151.6 147.9 143 139.9 138.9 137.9 137.2
190.5 190.5 190.6 190.8 190.4 191.7 194.3 194.9 193.5 191.4 189.9 189.4 189.6 189.4 189.5 189.7 189.5 189 188.1 186.6 184.9 183.1 181.5 180 178.5 176.5 174.9 173.8 173 172.1 171 169.8 169.8 169.6 169.3 168.8 167.9 167.2 169.2 174.3 177.9 179.8 176.3 174.7 174.3 175.1 175.9 177.1 179.5 180.4 178.9 176.1 173.2 171.1 169.7 169.3 169.5 169.6 170 169.6 167.1 165.4 162.2 159.1 155.4 151.6 148.1 146.2 147.3 148.9 150.5 150 145.9 141.1 139.5 138.7 137.7 136.7
192.6 193 193.2 193.3 192.6 192.6 194.6 195.6 193.3 192.6 191.6 191.7 192.1 191.8 191.1 190.9 190.8 190 188.9 187.3 185.5 183.7 181.9 180.3 178.8 176.8 174.7 172.8 172 171.3 170.3 168.6 168.2 168.4 168.2 167.5 166.7 166.1 166.4 170.6 175 176.8 175.9 175.6 175 175 175.6 175.9 177.6 177.5 176.3 174.1 172.6 171 169.1 168.9 168.8 169 169 167.2 165.2 162.8 160.2 157.7 154.1 150.4 147 145.3 146.7 148.7 150.2 147.8 143 139.6 139 138.5 137.6 136.5
194.5 196.1 196.3 195.1 195 194.7 195 195.9 194.8 194.3 193.8 194.2 194.6 194.4 193.7 193 191.6 190.9 189.9 188.3 186.4 183.8 181.5 180.1 179 177.4 176 173.1 171.7 171.3 170.7 169.4 167.8 167.2 167 166.3 165.9 166.2 166.1 167.5 172.3 175.1 175.6 175.9 175.8 175.7 175.8 174.2 175.6 174.5 173.6 171.4 169.9 168.4 168 168.1 168.2 167.9 166.9 164.9 162.9 161 159 156.6 153.6 149.8 146 144.5 146.4 149.1 150.3 145 140.3 139.3 138.3 138 137.4 135.8
200 201.9 201 199 197 196.5 197 197.1 197.4 196.9 196.6 196.7 197.1 196.8 195.9 193.9 191.9 190.9 190.9 188.6 186 183.8 181.5 179.2 178.8 178.7 177 174.3 173.1 172.8 172.4 170.6 168.6 167.2 167.2 166.6 167 167.2 167 166.6 167.9 171.3 174.7 175.4 177.3 177.7 177.2 175.4 173.5 171.6 170.1 168.9 167.5 167.1 166.7 166.8 166.6 166.3 164.6 162.7 161 159.6 157.7 154.9 151.8 148.4 144.3 143.3 145.8 148.5 146 141.8 138.2 137.6 137.4 136.4 135.4 136.4
204.2 206.7 204.5 200.6 198.6 198.3 198.3 198.4 199.4 199.6 199.4 199.2 199.4 198.1 196.4 194.4 192.4 191.3 189.8 188.3 185.9 183.7 181.4 179.5 178.9 178.6 178.1 176.6 175.5 173.9 172 170.6 168.7 167.3 167.3 167.5 168 167.9 167.5 167.5 166.5 168.6 171.6 177.5 179.2 180.1 180.8 178.3 173.6 169.9 168.4 167 166.2 165.9 165.5 165.2 164.7 164 162.6 160.7 159.4 157.8 155.2 152.4 149.9 146.8 143.3 142.7 142.6 143.3 140.1 137.7 137.3 137.5 137.6 136.3 136.2 137.6
207.1 209.2 205.8 201 199.7 199.3 199.6 199.7 200.7 201 201 200.8 199.7 198 196 194.1 192.4 190.9 189.4 188 185.9 183.7 181.5 179.7 178.7 178.4 177.8 176.2 174.8 173.4 172.1 170.3 168.6 167.5 168 168.5 168.5 167.9 167.3 167.4 166.8 167.2 169.7 175.1 178.9 179.5 180.5 178.3 173.2 169.3 168 166.4 164.5 164.2 163.8 163.3 162.8 161.6 160.9 158.7 155.9 154.3 151.4 150 147.9 145.1 142.4 141.7 139.7 139.4 139.1 139.1 139.8 139.7 138.3 136.2 136.5 137.7
208 209.4 205.5 201.5 200.7 199.9 200.2 200.6 200.7 200.8 200.9 200.6 199 197.5 195.8 194.1 192.4 190.9 189.3 187.8 185.7 183.6 181.4 180 178.9 178.2 177 174.7 173.6 172.4 171.1 169.7 168.8 168.6 168.2 168.4 168.5 167.7 166.9 166.5 167.1 165.6 167.7 170.5 173.9 174.5 175.8 174.6 171.9 170.2 168.2 166.2 163.1 162.3 161.8 161.3 160.8 159.3 157.8 155.2 152.7 150.8 149.1 147.8 146.2 143.7 141.6 140.2 140.1 141.2 142.7 143.7 142.1 140.8 139.3 137.3 136.7 137.7
205.6 206.6 203.4 202 201.5 200.9 200.5 200.7 200.7 200.7 200.8 199.6 198 196.9 195.6 194.2 192.5 190.9 189.3 187.6 185.5 183.4 181.5 180.4 179.3 178.1 175.3 172.9 171.6 171 170.5 169.2 169.2 168.8 168.4 168.1 168.1 167.3 166.3 165.6 167.3 166.1 166.1 167.3 168.6 169.1 170.1 170.6 171.3 171.1 169.5 166.2 162.9 160.6 160 159.5 159 157.4 154.7 151.9 150.1 148.9 147.7 146.6 145.7 144.2 142.1 141.1 141.6 144.9 147.9 148.4 145.7 141.5 139.2 136.9 136 137.7
202.9 203.5 202.4 201.9 201.3 200.7 200.8 200.9 200.8 200.7 200.3 198.5 197.1 196 194.9 193.6 192.2 190.8 189 187 185 182.9 181.3 180.1 179 177.6 175.4 173.2 170.4 169.1 169 170.3 170 168.9 168.6 168.2 167.5 166.5 165.8 164.9 165.3 164.1 164.4 165.5 167.8 169 169.2 170.4 171.3 171.9 169.6 166.2 162.8 159.8 159.4 158.9 157.4 155.7 152.4 150.5 149.4 148.6 147.8 146.7 145.6 145 144 143.6 143.8 147.1 149.2 149.8 147 142.2 138.8 137.3 135.8 137.7
201.9 201.5 201.1 200.9 200.7 200.9 201 200.9 200.1 199.8 199.1 197.4 196.3 195.2 194.1 193 191.7 190.3 188.4 186.4 184.4 182.6 181 179.8 178.6 178.5 177.3 176.1 173.4 170.8 171.3 172.6 171.9 169.1 168.3 167.9 166.3 164.5 163.8 163 162.8 163 163 165 168.1 170.1 171.6 172.9 172.9 171.6 169.5 165.5 162 159.4 158.6 157.1 155.5 153.9 151.4 150.6 149.8 148.9 147.8 146.7 145.6 144.7 144.3 144.6 145 146.4 148 148.2 145.4 141.8 138.4 137.3 136.1 136.5
201.2 201 200.5 200.7 201 201.1 201.1 200.6 199.7 198.6 198 196.6 195.5 194.4 193.3 192.2 191 189.7 187.8 185.8 183.9 182.4 180.8 179.4 178.9 179.4 180.3 179.9 176.4 173.7 173.6 174.3 173.7 169.9 168.1 166.8 165.2 163.6 162.4 161.5 161.1 161.3 161.6 164.4 168.1 171 173.3 173.5 172.3 170.2 167.7 163.9 160.5 157.9 156.8 155.3 153.7 152.2 151.2 150.6 149.9 148.8 147.7 146.6 145.5 144.5 144.1 144.5 144.7 143.6 144.6 144.3 142.1 140.2 137.3 136.4 135.8 135.8
201 200.5 200.5 201 201.3 201.2 200.7 200.2 199.3 198.1 196.9 195.8 194.7 193.6 192.4 191.3 190.2 189.1 187.3 185.3 183.7 182.1 180.3 179.2 179.7 180.4 181 180.5 177.8 173.7 173.7 174 172.4 169.5 167.3 166 164.6 163.2 161.6 160.5 159.5 160.1 161 162.8 166.1 169.9 171.1 169.4 166.7 164.2 161.5 158.2 157.2 155.5 154.6 153.6 152.1 150.9 150.7 150.2 149.4 148.4 147.4 146.4 145.4 144.3 143.8 143 141.5 140.8 141.2 140.4 138.9 136.1 136.2 136 136.7 136.5
201 201.2 201.2 201.3 201.3 200.8 200.3 199.9 199 197.8 196.7 195.7 194.6 193.5 192.4 191.3 190.1 188.6 186.6 184.2 181.9 180.1 179 179.2 180.1 181 181.4 178.5 174.2 171.4 171.1 171.4 170.7 168.8 167.4 166 164.6 163.2 161.3 160 159.2 159.4 160.3 160.9 162.3 164.1 164.3 162.8 160.3 158.6 156.2 153.7 154.6 153.8 152.8 151.7 150.7 149.8 149.6 148.9 148 147 146.2 145.3 144.4 143.5 141.4 140.3 139 137.5 137.5 137.6 136.2 136.9 137.8 138.1 138.6 138.4
201.5 201.5 201.7 201.7 201 200.5 200 199.5 198.7 197.6 196.6 195.6 194.6 193.5 192.4 191.3 189.6 187.8 185.6 183.4 180.8 179.5 178.6 179.1 179.8 180.7 180.3 176.3 170.1 169.2 169.3 169.5 168.8 167.8 166.8 165.6 164.6 163.2 161.3 159.4 159.2 158.8 159 159.6 159.6 159.3 158.1 156.9 154.8 152 150.4 152 153.2 152.4 151.6 150.8 149.7 149 148.3 147.6 146.7 145.3 144.7 143.8 142.9 142 139.9 138.3 138 137.8 136.8 137.4 137.8 138.7 139.7 140.2 140.6 140.3
201.3 200.6 201.1 201.4 201 200.3 199.7 199.2 198.4 197.6 196.5 195.6 194.6 193.3 192.2 190.8 189.1 187.4 185.2 183 180.9 179.3 178.1 178.8 179.5 180.1 179.5 174.8 169.5 168.7 168.6 168.5 167.6 166.6 165.6 164.6 163.6 162.7 161.9 159.5 158.4 158 157.4 157.5 157 155.6 153.8 152.7 150.3 150.3 152.2 153.5 152.2 151.5 150.9 150.2 148.8 148.2 147.1 146.4 145.4 144.5 143.3 142.6 141.7 140.8 139.1 139 139.3 139.5 138.8 139.4 139.8 141.1 142 142.5 142.4 142
202.3 200.2 199.9 200.2 200 199.8 199.6 199.2 199 198.5 197.5 195.5 194.3 192.9 191.7 190.3 188.9 187.4 185.3 183.2 181.1 178.4 177.4 177.7 177.8 178 177.7 173 169.7 168.3 167.7 167 166.2 165.4 164.4 163.4 162.5 162.2 161.6 160.4 158.9 157.4 156.6 156 154.2 153 152.2 151.2 150.5 152 153.6 155.1 153.9 152.4 150.9 149.6 148.2 148.2 147.4 147.2 147.8 146.2 143.1 141.9 141.1 140 139.7 140.4 140.7 140.9 141 141.4 141.9 143.1 144.5 146.1 145.7 144.6
201.4 200.6 199.5 199.1 198.9 198.8 198.7 199.3 199.5 199.3 198.6 196.5 194.3 192.6 191.2 189.9 188.8 187.4 185.6 183.4 181.3 178.4 176.8 174 173.3 174 173.9 170.6 168.9 167.6 166.3 165.5 164.8 164 163.1 162.4 162.1 161.8 160.5 159.3 158.2 156.3 154 155.3 152.9 152 151.9 153.9 154.5 154.5 155.2 156.4 154.9 153.2 151.6 149.6 149.6 150.2 149.4 149.4 149.9 146.9 144 142.1 141.5 141.8 141.5 142.1 142.2 142.4 142.9 143.3 144.3 146.3 149 150.1 149.7 148.3
201.9 200.1 199.1 198.1 197.9 197.9 197.7 198.5 199.7 199.9 199.7 198.5 195.6 193.5 191.4 189.7 188.8 188 187.3 184.7 182.1 178.7 174.6 171.3 170.5 170.9 170.4 169.5 168.1 166.8 165.5 164.3 163.3 162.6 161.8 161.7 161.7 160.7 159.3 158.1 156.4 153.9 155.7 154.9 152.2 153.5 156.2 157.8 158.4 157.7 157.8 156.9 155 153.6 152.1 151.2 151.7 152.1 152.1 152.3 151.4 149.1 145.4 143.1 143.2 143.7 144.8 145 145.1 144.9 144.9 146.2 147.9 149.8 152.6 153.3 153.1 152.3
