data/220000-770000.asc
ncols 200
nrows 200
xllcorner 220000
yllcorner 770000
cellsize 50
[rows 105 to 139 of 200, columns 0 to 77 of 200]
793 769.2 760.2 741.2 719.4 711.4 717.8 730 735.5 746.6 769 802.2 830.7 856.4 879.5 901.2 900.7 885.5 865.9 843.2 820.5 796.1 775.8 745.9 714.9 687.9 667.1 639.1 614.2 584.6 554.1 532.6 494 460.9 445.3 431.4 422.5 403.9 385.8 378.2 376.1 376 375.6 375.4 375.9 378.5 407.8 428.3 443 451.7 469.2 513.7 546.8 585 605 632 664 692.4 721.5 741.9 764.2 788.9 802 811.6 814.6 811.9 803.5 790.2 766 746.9 741.7 727.3 713.6 696.4 676.7 657.2 648 642.3
798.8 782.3 759 745.6 733.3 716.5 723.6 731.8 742.5 756.9 789.9 820.5 845.9 869.1 892.4 911.6 904.1 885.2 860.7 837.4 818.4 786.2 767.3 743.2 720.3 690.9 663.7 639.4 615.1 587.5 549.9 524.1 491 468 444.4 434.7 420.4 402.3 387.2 378.7 375.9 375 375 375 377.7 389.2 406.2 428.6 430.4 443.8 469.4 518 556.8 584.5 605.4 634.5 666 692.8 713.7 730.5 754.2 781.1 803.3 818.2 827.7 826 819.3 801.6 778.4 756.2 742.1 737.4 725.3 705.2 685.2 667.1 658.4 649.2
808 781.8 763.1 747.7 732.4 723 728 740.2 752.6 770.9 811 832 857.2 878.6 904 915.5 901.3 879.9 857.9 834.2 810.7 783.8 770.1 745.6 714.8 685.5 659.6 632.5 610.4 584 553.8 534.3 498.4 468.3 449.9 432.2 417 399.8 387.8 377.9 375.6 375.9 375.6 376.8 382.5 404.1 418.8 421 423.7 440.9 466.5 507.9 552.9 579.3 606 638.9 665.5 685.5 700.4 720.7 746.3 771.5 796.2 825 839.1 840.8 834.7 828.6 801.5 780.3 763.7 743.2 735.1 717.1 702 677.7 670.8 657.7
805 783.7 761.3 740.4 734.9 729.1 735.4 747.8 768.8 795 819.9 837.2 862.9 887.7 908.3 913.3 904.2 886.3 854.4 830.7 812.1 781.5 766.6 740.1 710 681.4 651.1 627.6 602.8 573.9 546.9 524.6 489 468.7 445.1 428.6 415.4 395.7 384.5 377.6 375.7 376.2 376.9 378.3 399.9 402 408.4 407.9 429.8 448.1 473.2 515.5 546.1 573.7 606.7 638.6 658 674.2 687.2 710.4 741.7 767.8 801.1 829.1 847.8 851.2 858.2 846.6 826.2 803.4 778.5 753.9 734.4 720 702.4 679.8 674.8 655.6
804.3 783 752.4 749.1 749.2 735.1 741.1 754.2 778.2 800.9 816.8 841.9 868.3 890.5 907.7 917.3 906.6 882.7 852.8 830.4 806.8 777.7 757.4 731.6 701.6 671.2 643.2 616.3 586.7 551.8 530.8 514.1 484 453.7 439.6 423.4 409.1 395.8 383.8 378.4 376.3 375.7 377.6 388.2 388.8 399.5 397.9 413.7 430.6 447.8 474.9 508.5 538.6 567.3 606.2 633.8 649.5 663 679.7 706.3 739.9 771.9 804.4 837.3 857.5 869.8 870.1 863.4 849.1 818.3 789.2 756.9 730.6 722.5 700.9 680.5 670 651.5
810.2 785.9 770.5 766.3 758.9 740 748.8 759.4 776.3 797.2 819.8 843.8 866.4 890 908.2 916 900.9 872.2 845.1 821.4 794.4 769.2 745.7 719.6 692.8 663.3 632.4 599.8 563 529.1 515.4 488 468.2 450.9 431.6 414.4 402.3 393.9 383 380.5 377.7 377.2 378 382.7 388.7 390.2 393.9 410.8 424 445.4 474.6 517.7 532.6 554.4 593.5 619.5 636.8 652.4 679.5 709.3 742.7 775 806.1 837.2 861.6 875.8 881.2 878.8 852.4 818.2 782.1 750.9 731.3 721.6 698.8 678.7 663 650.2
826.2 801.7 791.4 776.8 772.1 748.7 754.2 761.7 772.5 794.7 818.3 837.5 862.1 887 908.4 909.8 883 853.3 829.5 804.3 779.6 759 733.7 707 671.5 646.4 618 584.5 552.5 515.9 497.3 477.2 459.5 442.3 423.3 410.4 402.1 393.2 385.2 380.5 383.9 378 383.5 379.8 382.8 384.4 390 403.6 425.7 450.5 488.4 518.9 523.9 549 581.1 604.1 619.7 648.3 680.7 711.8 745.4 774 806.7 840.7 863.6 878.8 887.2 884 847.8 795 762.6 741.4 716.4 710.8 688.7 671.7 664.8 659.9
838.8 821.1 806 791.1 769.2 756.9 761.3 763.5 770.2 788.6 809 830.8 856.6 884.6 902.6 890.8 850.3 828.1 805.3 784.1 765.3 740.8 715.5 680.3 650.1 625.3 598.3 563.1 531 503.9 488 470 456 432.7 432.1 420.7 404.6 393.3 389.6 390.6 382.2 387.8 380.5 382.1 383.1 383.9 395.6 418 440.6 470.3 496.6 510.5 514.4 538.9 565.4 584.5 613.9 647.9 679.5 712.3 744.8 777 810 842.9 864.9 878.7 889.1 892.1 840.4 788.4 761.5 740.7 708.3 697.3 686.3 673.5 666.2 664
856.6 836.6 813.5 800.1 778.8 760.9 761.2 761.9 768.2 785.1 805.7 826.6 847.9 875.4 895 859.5 826.2 802.1 782.9 765.6 745.4 720.6 690.8 661.1 633.2 606.4 576.2 545.9 513.6 501.4 491.7 472.7 459 458.1 450.1 423.6 417 408.2 407 398.3 388.6 389.9 379.7 380.7 383.6 391 407.4 430.1 448.8 472.7 487.6 496.7 504.5 530.5 554.3 578.6 611.6 645.8 678 708.7 743.9 779.4 813.6 844.9 865 878.1 892.3 890.7 829.6 799.7 777.6 749.4 720.5 698.8 687.4 675.2 671.4 666
859.2 838.9 820.5 800.5 771.1 762.9 764.9 763.1 769 783.7 804.2 825.4 848.1 871.3 887.6 846.7 812.3 791.9 772.7 753.7 725.7 703.8 676.5 643.1 612.5 584.1 558.6 538.7 516.6 501.8 488.6 482.4 479 477.8 466.4 442.7 433.7 425.6 423.5 407.7 398.5 387.1 385.2 387 385.3 397.2 417.9 445 457 465.6 474.7 480.5 508.5 529.3 545.8 574.3 608.7 640.8 673.7 705.2 744.4 782.1 815.1 845.9 865.7 879.4 894.8 891.4 849 822.5 800.8 774.9 753.6 718 703.1 680.5 671.7 667.1
857.7 834.4 821.2 800.4 785.1 770.3 768.2 762.2 767.4 780.9 803.3 828.1 851.7 872.9 887.2 873.5 819.6 782.2 756.9 734.8 711.9 689.7 664.9 628.1 594.3 565.1 551.7 538.8 527.8 515.2 510.4 505.2 495.9 487.3 478.8 484.5 464.2 440.1 427.4 414.6 401.8 389.1 391.4 400 389.4 401.8 426.8 445.5 451.1 457.3 464.6 477.3 494 517 542.7 570.7 603.8 638.2 672.1 708.5 746.4 784 818.6 850.6 866.4 882.2 895.9 898.5 868.5 844.5 819.9 810.5 778.3 746.4 713.6 699 677.4 669.9
856.6 845.1 822.9 798.7 779.6 773.4 766.9 762.9 769.9 782.8 804.5 829.4 853 873.6 889.1 880.3 807.4 772.5 750.5 726.4 700.6 677.3 646.7 627.9 601.3 578.7 557.8 542.9 536.3 533 524.2 516.7 510.6 501 511.3 497.4 467.5 445.7 432.9 416.5 399.3 394.8 408.7 403.9 398 407.8 434.9 444.2 443.9 453.1 450.9 464.2 486.3 512.7 546 566.4 600.5 634.6 673.5 710.2 747.8 785.3 820.4 851.4 866.7 882.4 896.8 904.3 900.3 888.3 864.6 825.4 787.3 752.8 726.4 715.2 689.7 675.1
852.8 833.8 817.5 799.9 782.3 773 765.2 766.3 770.6 786 806.5 833.8 855.1 874.1 887.5 865.7 803.5 767.2 744.2 719.3 689.1 676.2 658.2 632.5 605.2 579.6 563.1 556.8 549.2 536.9 535.6 528.6 528.6 532 523.7 494.8 466.2 452.6 432.3 418.3 403.9 417.6 417.4 412.7 398.2 413.4 437.5 434.7 437.7 439.9 447.1 454.3 487.3 516.4 544.9 568.4 602.6 633 673.3 709.9 750.6 790 825 850.4 867 883.7 897.1 910.9 918.4 917.3 881.3 838.1 797.3 767.3 739.5 722 707.7 687.9
839.6 828.1 814.5 796.3 781.4 769.4 767.2 767.4 775.3 793.8 815 839.1 857.8 874.4 887.8 873.8 817.8 770 741 717.6 688.3 678.1 658.4 638.3 615.1 602.2 596.1 576.6 549.8 545.6 544.3 547 545.7 543.2 520.4 489.8 476.2 453.4 434.8 417.8 424.4 432.2 426.1 427.6 419.1 415.4 428 423.7 430.5 427 436.8 453.7 486.3 512.3 543.5 572.2 603.1 640.7 683.7 722.6 760.1 799.4 829.6 850 866.6 884 902.4 915.2 924.3 923.4 886.4 850.2 815.4 786.2 756.2 732.8 719.3 705.5
826.5 812.8 802.8 787.1 777.3 769.3 770.4 771.3 782.9 800.8 821.3 843.9 860.4 877.2 887.3 851.1 798.3 775 749 721.6 697.3 681.3 667.5 651.7 638.1 626.9 603 576.8 564.6 554.5 550.1 557.2 554.7 542.4 512 497.1 475.8 453.4 432.9 447.7 439.9 439.6 437.1 440 427.3 402.9 416.2 415 420.6 420.6 428.6 455.1 482.2 510.1 542.7 574 602.6 644.6 689.7 729.1 767 801.8 830.1 847.9 864.9 885.1 904.9 915.3 925.1 933.4 900.3 861 824.5 793.7 766.7 745.6 736 733.3
807 799.9 791.9 783.4 784.4 785 776.5 779.8 787 806 826.3 845.4 865.3 880.4 888.2 852.7 809.6 780.1 753.3 730.2 707.6 701.1 693.3 673.5 658.4 640.6 601.1 591.1 585.2 584.6 566.6 576.3 565.4 537.1 518.2 495 473.7 448.8 475.4 476.7 449.5 446.6 448.7 447 428.4 410.9 406.9 411.1 409.9 413.3 421.9 456.7 477.5 513.6 541 570.7 610 652 693.5 734 769.2 801.3 828.3 845.6 866.7 886.7 901.3 913.8 923.8 931.7 912.7 870.7 836.9 814.3 796.1 773.6 738.4 724.1
792.6 789.7 789.1 790.2 786.7 789.7 790.9 791.7 801.7 818.8 838.6 856.5 873.2 886 895.6 891.2 833 793.3 770.6 750.5 745.6 725.6 710.2 693 671 668 653.7 641 621.8 606.2 585.2 581.7 556.3 535 518 494.7 474.6 494.4 495.1 477.7 456.4 459.4 455.1 443.8 423.3 416.5 409 407.8 407.9 413.1 424 453.5 478.1 502.1 531.6 578.2 618.6 658.9 698.2 735.3 769.4 799.2 823.2 845.6 867.6 885.1 898.9 912.8 923.4 933.3 925 883.8 845.9 821 797.6 768.9 733.5 715
799.6 792 794.5 792.6 793.6 801 805.8 797.8 810.9 829.3 850.4 867.8 880.1 892.9 905.4 897.3 851.7 824 817.8 794.2 765.6 749.2 728.5 712.3 709 699.5 682.3 656.4 634.1 620.2 597.5 577.3 554.7 538.1 519.5 497.3 520.9 507.7 490.3 476.5 464.5 465.6 453.5 439.8 430.5 425.7 420.6 412.3 409.4 413.1 429.2 453.5 471.4 500.6 538.9 582.6 623.8 663.7 700.2 733.2 766.4 796.3 823.3 847.5 867.2 884 898.2 912.8 924.5 935.6 927 887.3 858.4 835.7 804 772.9 748.1 726.9
832.2 802.5 804.2 799.8 801.5 811.4 816.7 807.1 823 840 860.9 875.4 885.2 902.5 914 924.6 913.2 896 883.6 845 797.3 770.2 751.7 735.2 725.3 712 688.3 661.1 639.1 625 599.2 573.8 555.3 535.2 522.1 534.5 526.4 511.5 498.1 483.6 470.5 461.8 447.7 437.4 428.8 426.9 420.7 409.5 410.7 415.8 433.1 447.7 466.9 497 546.4 586.8 623.2 662.3 697.8 734 767.1 799.6 825.6 848.5 867.1 883.5 899.3 913.8 926 938.7 951.6 929.5 879 848.1 814.1 785.9 761.8 732.4
857.9 835.5 816.8 815.9 814 818 820.1 821.6 837.5 857.5 873.6 885 892.9 912.7 924.7 939.4 951.9 945.4 897.7 858.4 831.6 797.8 768.3 755.1 730.5 711.5 684 659.6 641.6 621 593.2 571.2 554.5 537.5 540.8 543 528.1 514.6 501.7 485.5 470.4 458.6 440.7 431.5 430.9 424.5 421.1 409.7 410.4 420.8 435.7 447.7 470 506.7 555.2 584.7 618.3 653.1 695.1 733.2 770.2 802.2 827.2 848.2 866 883.3 898.8 913.4 929.5 943.3 951.5 935.5 894 858 828.5 802 770.8 736.8
873.4 868.1 867.1 846.4 825.3 829.6 829.5 835.3 849.6 866.9 883.9 896.9 907.7 924.1 933.7 946.2 961.3 948.1 908.6 870.8 836.4 805.7 784.1 756.8 732.7 712.9 688.7 661.7 639.1 614.4 593.4 572.3 559.4 562.1 557.7 544.8 525.6 510.7 503.3 478.6 467.3 454.8 442.8 434.9 428.5 423.7 414.9 414.3 427.4 433.9 440.6 457 492 518.7 558.6 595.6 621.4 662.6 699.9 733.9 770.8 799.2 822.3 845.9 866.5 884 900.8 917 930.8 944.2 955.1 955.6 925.3 895.1 853.8 816.1 787.7 758.7
898.2 893.4 880.6 863.9 843 846.9 850.3 862 869.9 881.3 892.6 905.7 922 934.3 939.5 952.5 970.7 962.5 903.3 864 838.4 812 784.7 759.9 735.2 713.2 689.4 663.2 642.6 619.3 593.9 597.6 592.7 583 561.6 540.6 525.1 516.8 492.2 477.3 465.7 454.7 444.4 432.5 430 421.7 409.4 434.8 433.4 432.5 442.4 476.9 504.6 538.4 577.3 603.1 638.6 676.8 710 748.2 779.4 802.6 825.3 848.3 867.4 886.3 904.1 918.8 932.7 947.6 960.2 971.7 968.4 933.3 878.4 839.2 801.4 782.5
912.8 905.7 890.2 863.9 870.8 866.9 861.7 873 881.6 890.4 901.9 915.3 931.3 939.9 943.8 958.5 979.1 967.2 910.7 868.9 841.3 816.1 786.9 763.7 740 713.9 691.5 668.4 643.6 624 630.3 622.2 604.8 581.7 558.7 539.9 524.8 505.8 483.2 472.9 461.9 451.9 437.9 433.3 427.6 412.7 430.3 437.4 434.2 438 461.6 489.4 516.1 545.2 582.9 621.9 660.6 694.1 727.8 760.8 783.2 806.4 828.4 852.4 873 891.1 906.3 921 935.9 951.3 966.6 980.6 987.4 949.9 899.8 858 833.8 795.9
907.4 908.5 888.8 885 885.2 878.3 878.1 881.5 889.2 899.6 912.6 927.8 938.1 943.5 946.7 965.7 986.5 958.7 916.1 880 849.6 822.6 788.9 765.7 741 717.5 697.9 672.5 647.7 648.4 636.3 622.2 599.1 573.5 555.1 537.1 518.5 491.7 481.8 468.5 455.7 445.2 437.8 429.9 412.1 420.5 433.6 436.3 435.8 451.1 476.3 500.2 532.2 566.4 604.9 638.5 672.4 710.4 744.4 773.9 797.6 818.1 829.6 857.9 877.9 893.6 909.2 925.7 941.2 956.6 973.2 988 994.1 977 920.3 876.7 843 803.5
900.7 899.1 894.9 892.2 890.3 888.2 890.3 890.9 896.9 909.4 925.8 937.3 942.4 945.1 951.9 973.9 985.4 951 916.8 891.1 857.9 826.3 796.3 772.2 750.8 726.8 702.7 681.6 673.2 652.2 637.5 617.9 592.1 568.5 551.6 525 503.1 485.5 475.8 463.4 449.8 442.9 432.1 415.1 423 430.5 437.5 435.9 445.1 462.7 485.4 510.9 546.6 581.7 617.2 651.9 688.2 726.9 757.7 784 807.6 829.5 850.7 861.6 881.6 897 913.2 928.6 945.1 961.5 979 993.7 998.2 963.1 920.1 886.6 857.5 839.1
903.3 906.7 903.6 902.7 894.9 894.7 898 897.5 905.6 921.6 935.4 941.8 945.5 949.2 964.8 982.1 962 934.7 910.5 884.5 855.2 831.3 805.7 784.7 763.9 734.9 718.2 711.6 677.4 650.9 634.7 612.8 584.7 559.3 542.9 515.3 496.4 479.2 462.8 453 442.6 435 417.7 428.6 434.8 436 441.8 443.8 459.2 474.9 493.8 523.1 558.4 594.1 628.5 665.4 702 736.2 764.8 790.9 816.8 844 866.1 879.3 885.2 902 917.3 934 950.4 967 982.2 996.3 1007.4 969.2 929.5 900.2 874.1 847.2
910.1 913.3 911.6 903.5 903.6 910.2 911.3 916.4 926.6 928.7 941.8 947.7 952 965.4 979.3 967.1 938.2 913.8 893.8 867.1 841.7 824.9 803.5 781.9 765.6 757.6 739.8 703.7 669.8 650.4 627.5 600.9 577.4 548.5 525.2 502.4 483.1 468.6 456.4 444.3 432.9 423.4 415.1 431.3 435.6 440.6 443.9 452.9 467.6 486.5 510.1 538.4 570.2 611 643.3 680 713.2 743.2 771.5 798.9 828 857.5 881.6 892.1 893.6 905.8 922.8 939.8 955.2 970.3 984.4 997.1 1004.9 986.4 943.1 905 870.1 857.2
916.1 919 919.1 915.4 925.1 926.4 938.3 949.3 950.8 949.3 959.4 965.5 977.1 988 974 940.9 919.8 892.8 873.9 850.6 828.3 811.8 792 774.2 767.3 750.2 726 697.8 672.2 637.9 614.5 588.7 561.8 535.6 510.2 488.1 468.1 462.1 448.1 441 428 425.1 431 428.4 435.4 445.4 450.9 459.7 475.4 497.5 523.3 552.7 590.3 627.8 656.7 689.9 721.9 751.9 779.9 808.5 838.7 869.1 890.2 903.5 909.9 910.9 928.4 945.5 959.4 973.4 985.7 995.6 1003.3 985.1 949.4 922 891.5 869.5
925.8 927.2 931.5 940.6 945.4 955.1 966 973.4 976.9 980.8 986 994.3 997.7 981.4 944.2 912.4 884.4 860 843.9 824.9 805.9 790.7 774.8 759.2 749.6 735.1 713.2 687.1 661.7 621.5 598.4 572 540 515.8 490.5 478.1 462.6 457.4 443.7 438.7 437.6 441.9 429.1 433.3 437.7 447.2 454.1 466.2 485.5 510.7 535.8 567.8 602 630.9 669 697.2 732.5 760.9 786.9 817.4 852.3 879.6 899 913.7 923.3 926.8 933.8 950.2 963.3 975 986.3 995.1 1001.6 996.8 975.4 934.4 904.8 878.8
937.1 940.4 947 960.2 971.4 981.7 991.1 999.9 1006.4 1008.4 1012.5 1013.9 992.1 958.9 922.3 885.4 858.2 832 812.4 796.2 786.9 773.1 755.6 741.4 729.6 719.5 697.7 671.8 631.5 602.5 578.2 551 522.8 497.4 481.5 467.4 460.2 453.4 446.3 446.6 440.7 438.2 440.5 435.9 437.4 447 460.3 480.6 502.4 521.7 545.8 576.9 607.2 643.9 680.3 703 741.3 765.9 790.1 825.9 859.6 885.4 905.1 920.8 933.3 943.1 948.2 954.6 965.4 977.2 986.3 994.9 1003.2 1001.9 969.1 931.1 907.6 875.9
953.6 959 968.3 980.8 992.4 1004.7 1013.5 1021 1027.9 1034.7 1034.4 1003.5 969.3 932.3 894.8 864.2 837 812.4 792.6 781.7 770.7 752.3 738.7 727.6 713 697.6 672.1 639.6 612.1 581 557.3 527.4 503.8 486.9 464.7 457.2 452 447.6 454.1 441.5 440.2 437.4 442.1 444 441.6 450 469.6 489.4 506.6 529.2 555.9 582.8 620.7 654.4 679.5 715.7 748.6 771.5 797.8 830.7 861.3 886.5 908.2 925.9 940.8 952 961 967.4 973.4 979.3 985.9 994 1002.5 985.1 949.7 918.9 885.7 858.6
973.7 982.2 992.9 1002.2 1016.9 1032.6 1043.4 1050.5 1053.5 1044.9 1016.4 971.1 941.9 906.9 874.4 845.1 817.9 797.3 778.7 764.2 752.1 735.6 724.5 715 700.2 673.5 641.3 618.9 591.6 562.9 540.7 510 493.9 477.5 462.8 456.4 449 450.8 446.6 441.4 440 443.8 449.4 444 450.2 466.6 484 496.1 513.8 534.9 560.1 594.6 628.3 660.2 679.6 724.4 752.3 775.4 805.3 836.3 862.4 887 909.8 929.3 943.3 956.2 966.3 974.5 980.8 984.1 985.8 991.8 998.1 982.2 939.8 897.6 869.1 843.4
996.8 1006.9 1018.7 1029.7 1043.2 1060.2 1067.3 1068.7 1056.5 1025.7 983.3 949.7 914.6 884.7 854.4 825.7 801.5 782.3 755.7 748.8 725.7 715.7 708.1 696.5 678.5 651.1 621.7 595.3 571.8 545.4 515.7 498.3 476.4 463.5 458.9 452.5 448.3 448 444.4 437.7 448.3 452 452.7 455.8 469.3 483.5 492.7 505.2 522.7 546.1 567 599.4 638 661.2 687.4 731.9 752.5 782.1 808.9 834.4 861.4 887.9 908.8 928 943.7 958.3 971.7 981 988.7 991 990.7 990.4 993.1 971 932.1 893.5 856.8 838.3
1024.6 1029.5 1036.4 1045 1047.5 1047.5 1043.4 1039.4 1027.8 1001 966.2 923.3 891.2 864.2 834.8 807.9 786.4 770.7 752.2 733.4 716.3 701.5 691.5 671.9 654.9 629 605 578.4 557.9 521.8 506.7 484.3 466.8 455.5 451.5 448.8 445.5 442.1 442.7 442.8 451.4 455 461.1 474.4 481.4 495.9 506.4 518.7 532.7 554.4 576.3 605.4 640.6 662.6 693.6 730.3 759 782.9 806.1 833.8 857.7 881.4 903.1 923.6 941.1 959.1 975.6 988.1 996 1001.1 1000.9 995.6 991.6 974.9 928.7 882.2 853.2 841.7
1036.2 1023.5 1018.6 1011.8 1012.3 1008.7 1004.6 1001.6 994.1 975 948.5 908.5 873.2 845.6 818.7 793.9 775.7 760.1 743.6 728.5 707.1 686.2 669.4 653.1 634.9 610.9 584.6 564.5 532.2 514.6 493.1 481.8 463.6 460.5 450 444.1 446.1 443.9 450.5 447.5 452.5 465 485.9 496.5 496.5 501.1 512.7 527.3 540.8 564.2 591.4 616.2 645.7 671.6 693.9 724.5 756.4 782.8 805.5 829.4 850.1 874.9 896.6 915.6 936.5 957.5 977 992.1 1003.3 1009.5 1010.1 1003.6 994.8 987.2 945.8 900 867 850.9
