data/220000-900000.asc
ncols 200
nrows 200
xllcorner 220000
yllcorner 900000
cellsize 50
[rows 140 to 174 of 200, columns 78 to 155 of 200]
303.8 311 317.1 323 329.8 332.4 334.1 338.5 342.9 346 350.7 357.5 363.6 367.9 373.2 382 387.6 390.5 393.5 392.5 395 398.9 401.4 402.9 404.5 406.9 408.8 413.7 418 422.3 425.2 428.4 430.3 431.5 432.8 434.2 435.4 434.7 431 426.8 419.8 413.2 406.6 399.2 389.8 380.9 376.9 372 368.6 368.8 367.2 367.2 362.7 360 359.3 359.8 361.8 359.5 362.4 363.7 366.6 369.3 373.2 378 382.7 389 395.5 401.7 407.2 413.2 419.9 425.9 431.5 434.7 436.9 437.7 438.3 438.5
304.1 308.6 314.3 321.6 326.6 329.4 331.2 335.5 340.1 343.6 348.2 354.2 361.3 366.5 376.9 382.7 385 386.5 388.4 389 393.6 398.7 401.8 404.6 408.2 412.1 413.5 414.3 419.2 423.6 427.9 432.6 437.4 439.4 440.4 441.7 442 442.3 438.3 432.6 424.4 416.6 409.3 401.6 392.1 383.4 380.7 377 375.1 376.5 371.5 370.4 368.4 366.6 364.4 363.4 365.5 366.8 367.5 369.7 374.8 377.2 380.9 383.9 390.4 395.7 401.6 407.2 411.8 417.3 427.4 435.9 441.5 444.3 447.1 448.6 448.8 447.9
303.7 305.7 311.2 320.1 323.9 325.8 327.5 333.4 337.9 341.7 346.6 351.5 359.4 365.8 373.4 377.6 380.8 382.5 384.2 386.8 390.2 394.7 398.9 402.9 407.4 412.6 415.7 418.4 423.7 430.2 436 439.8 442.8 445 446.7 447.3 447.5 446.4 443 436.5 429.1 420.8 411.7 403.5 394.5 387.6 383.8 382.6 379.9 380.2 376.8 374.8 375.7 372.6 372.4 372 374.1 373.6 377.4 377.3 381.9 386 389.4 392.9 396.5 402.3 407.5 413.4 419.1 427.4 436.5 444.8 449.7 452.4 455.4 457.1 458.1 457.2
298.9 303.1 309.4 317.8 321.1 320.3 321.5 328.2 333.4 338.1 342.6 349.7 357.1 362.8 371.1 374.1 376.7 379.5 382.7 384.6 387.7 392.4 397.8 403.4 409.1 413.8 416.9 422.4 429.8 435.6 441 444.7 446.6 449.6 451.7 453 452.9 451.2 447.2 440.3 432.7 425.7 416.9 409 400.8 394.9 390 388.2 383.7 382.3 381.6 379.7 378.8 379.5 380.3 379.6 382 382.7 386.4 387.7 389.4 393.4 396.5 400.4 404.9 409 414.6 421.2 428.9 438.5 445.9 451.1 456.2 460 463.3 465.5 467.4 467.7
292.4 296.1 303.9 311.8 315.6 316.4 319.7 325.5 331.1 335.7 340.4 346.1 353.9 360.6 367 370 371.9 374.5 378.7 383.3 387 392.9 399.2 405.2 410.6 415.1 418.6 424.8 432.8 440.4 445.7 448.2 450.1 453.7 456.4 456.8 456.5 453.9 450.4 443.5 438 431.8 424.2 416.2 409.5 404.4 399.8 397.1 393.2 388.7 389.3 388.3 387.2 387.1 388.5 390.1 391.7 394.1 396.5 397.2 398.6 401 404.1 408.8 413.3 417.5 422.3 429.8 438.2 445.1 451.6 456.3 461.5 467.1 471.3 474.3 476.4 478
288.4 291.8 296.6 302.6 307.6 312.3 318.7 325 329.3 334.6 339.9 345.3 351.5 358.1 361.6 365 367.8 372.7 376.9 381 385.9 392.9 400.1 405.6 410.8 415.3 419.9 426.9 434.6 442.4 448.2 451.9 455 456.7 458.3 459.2 458.8 456.3 453.6 449.1 444.6 439.2 431.6 425 419 414.3 411.2 406.9 401.5 399.1 397.1 396.2 395.7 397.1 397.4 399.8 400.9 403.6 405.4 406 406.9 409.4 412.4 415.9 419.9 423.3 428 434.4 441.7 449.1 455.7 462 468.5 475.3 479.7 483.1 485.5 488.4
288 292 297.6 301.4 304.4 310.5 314.6 320.7 326.6 330.5 336.1 342.3 349 352.8 355.9 359.5 364.8 371.1 375.5 379.4 384.1 390.4 397.3 403.6 408.1 414.3 422.7 429.1 438.2 447 451.7 456.4 460.4 463.4 463.9 462.5 461.8 459.4 456.9 452.5 449.5 444.8 439.7 432.8 427.2 423.6 420 416.6 413.2 409.5 406.3 404.5 404.1 405.5 406.7 408.3 410.4 412.1 413.9 414.6 416.2 418.9 421.5 423.6 426.1 429.3 432.6 438.2 444.7 452.5 460.3 467.7 476 483.6 487.9 492.3 496.4 500.4
285.7 288.8 297 299.7 301.1 306.9 312.9 318.8 321.9 326.2 332.4 338.6 344.6 348.1 352.2 357 363.6 369.9 373.6 377.3 381 386.6 394.2 399.8 407.7 417.2 423.2 431.2 441.6 450.3 456.2 460.8 465.2 469.1 469.6 467.4 465.5 463.3 460.7 457.5 453.8 449.5 446 441.5 436 431.5 427.9 426 422.3 417.5 415.4 414.2 413.9 414.3 415.4 417.6 419.8 421.7 423.5 423.1 425.6 428.4 430.6 432.5 434.6 437.4 440.2 444 450.1 456.6 465.4 475.9 485.2 491.6 497.3 502.9 508.2 514.3
283.6 284.8 292.9 295.7 300.7 304.2 309.8 314.3 318 323.2 329.1 335.6 341.4 345.7 349.6 354.7 360.1 365.7 370.2 374.3 378.1 385.7 390.2 397.9 405.2 414.8 424.6 431.3 443.4 451.3 458.1 462.9 468.6 472.9 472.6 470.5 468.7 466.9 463.5 460.5 456.9 454 451.1 447.7 442.7 438.8 435.8 432.6 428 425.3 424.2 423.4 424.3 424.6 425 427.8 429.7 431.6 433 433 435.4 437 438.8 440.8 442.9 446.2 449.1 451 456.7 463.4 472.1 483.9 493.6 501 507.7 514 520 525.3
275.2 279.1 286 290 294.7 299.6 305.7 309.4 314.1 320.2 326.6 332.4 338.3 343.5 347.2 352.6 357.8 362.5 366.6 370.2 375.3 380.3 385 391.7 401.8 412.5 421.6 429.1 440.7 450.4 457.9 461.9 465.7 469.9 469.6 469.3 468.8 467.3 465.5 463.1 460.6 458.5 455.7 452.6 448.5 445.1 442.1 436.8 433.8 433.9 433.2 432.8 434.2 434.4 435.6 437.5 439.4 440.7 441.2 441.6 442.7 444.8 446.6 448.4 450.2 453.7 456.9 460.2 463.7 471.3 481.6 493.2 502.1 510.4 517.7 524.8 530.8 536.5
270.5 275.2 282.2 286 289.1 293.4 300.2 304 310.9 316.9 323.4 329.5 335.2 339.7 344.1 351.3 356.1 359.1 361.8 364.1 369.2 375 380.8 386.9 398.2 411.1 416.9 426.1 435.8 446.8 453.3 458 460.2 463.1 464.1 465.1 465.1 465 463.8 462.8 461.3 460.8 458 454.4 453 450.1 446.6 444.7 442.4 442.6 441.7 441.6 442.2 442.8 443.7 444.6 445.7 447 448.2 448.4 448.5 450.3 452.7 455.4 458.5 461.3 464.7 468.3 472.4 481.2 492 502.5 510.7 519.2 527.7 535.1 541.3 548.8
270.1 275.1 279.3 282.1 285 289.5 293.6 298.1 305.3 312.9 320.3 326.5 332.1 335.5 339.7 346.3 350.1 352.4 354.8 357.9 365 371.4 378.5 385 396.4 405.3 410.8 421 430.4 441 447.3 452.4 453.7 455.2 457.3 458.8 459.4 460.5 461.7 462.6 462.6 459.2 456.1 455.1 455 455.2 453.5 453.3 452.6 451.2 450.6 449.7 449.6 449.3 449.3 449.9 450.4 450.9 452.1 453 454 453.8 457.4 461.1 464.1 467.2 470.9 475.5 482 490.8 501.2 510.4 519.3 528 536.5 544.5 551.7 560.2
266.9 272.3 276.1 279.7 283.7 287.6 291.6 295.8 302 308.5 314 321.6 327.5 331.9 335.1 339.7 343.2 346.2 349.1 353.5 360.7 366.9 373.9 379.3 389.5 398.4 404.6 414.2 422.7 432.7 438.6 444.6 445.7 446.9 448.9 451.3 453.2 457 458.9 463.1 458.8 454.7 455.6 456.4 457.1 456.7 457.7 458.3 458.3 457.8 457.5 457 456 454.5 452.8 451.4 451.5 452.1 453.9 455 455.2 457.9 461.2 464.3 466.9 470.4 474.8 481.3 489.5 498.9 508.5 517.7 526.1 534.3 542.4 549.6 555.9 561.6
261 267.7 271.5 275.8 281.5 285.3 289.1 293.8 298.4 305.4 312.1 318 321.8 326.3 330.3 333.6 335.7 339.5 344.7 349 355.3 362.2 368.5 373.6 382.3 391.9 398.4 407.7 416.5 423.8 430.8 435.7 437.7 437.8 440.3 444.2 448.6 452.9 456 453.9 450.6 451.2 453.2 454.7 456.7 456.4 457.5 458.6 459.5 459.6 459.5 458.6 456.7 454.6 452.7 451.6 451.7 451.7 453.2 454.5 455.3 458.4 460.8 464.4 467.8 473.1 479.1 486.7 495.6 505.3 514.7 523.8 532.3 540.1 546.2 550.7 555.4 559.7
257.6 263.4 268.6 271.7 276.9 280.1 283.1 288.4 291.3 298.9 305 309.3 314.9 319.6 323.7 327.8 330.6 335 340.6 344.8 349.4 355.8 361.3 366.6 375.5 384.4 392 400.9 407.6 414.4 419.4 424.9 428.9 431.1 432.7 434.6 439.6 445.4 443.4 441.7 444.7 448.2 450.5 452.4 455.8 455.9 456.9 457.9 458.3 458.7 457.6 456.8 454.7 453.2 452.2 450.2 450.2 449.2 450.9 452 454.7 457.7 460.8 464 467.8 474.1 480.8 490.4 500 508.2 517.6 526.7 533.9 540.2 544.8 548 550.8 554.1
255.6 260 259.8 268.1 273.8 276.4 279.4 285.2 288.3 292.9 300.6 306.2 308.1 313 316.9 320.5 325.7 331.7 337.6 343.1 346.8 349.2 353.5 358.3 366 375.2 384.3 392.8 400 406.1 410.7 416.6 421.8 424.4 425.4 427.6 431.1 432.4 432.6 436.6 443 446.6 448.8 451.3 454 456 457.6 458.9 458.5 457.3 456.7 454.7 453.3 451.7 449.1 446.7 445.6 446.9 447.4 448.4 451.5 453.9 457.7 461.6 466.7 474.5 482.3 491.5 500.4 507.9 515 523.4 530.4 535.8 539.9 542.8 545 548
252.4 254 257.5 264.7 269.4 273.3 278.2 279.5 283 293.7 300.2 306.2 309.9 313.8 316.6 320.1 326.6 331.4 337.3 340.9 345.1 347.8 349.9 354.8 360.4 369.4 376.3 383.6 390.8 398 402.5 410.5 416.3 418 419 422.1 423.7 427.4 434.9 442.1 445.3 447 450.6 453.8 455.5 459.2 459.8 459.7 459.8 458.8 455.6 451.1 449.6 447.6 445.1 442.8 441.1 441.3 442.3 444.7 447 448.9 452.9 456.8 463 471.9 479.2 486.4 495.4 501.6 507.7 514.6 521.4 526.7 531.1 534.3 537.6 540.5
244.7 245.6 253.4 260.6 264.6 269.7 272.6 279 283.5 289.8 296.3 301.3 306.6 309.2 313.6 317.9 321.5 329 332.9 336.3 341.2 345.2 349.5 355 360 367.9 373.6 378.4 383.6 389.4 395.5 403.5 409.2 411.9 414.8 415.8 419.4 427.9 435.7 440 444.4 450.4 454.2 459.2 463.1 463.6 463.7 461.4 458.5 457 453.3 448.5 444.3 441.9 439.4 437.1 436.2 434.7 437.2 439.4 441.1 443.3 446.3 450.1 455.9 462.8 470 476.7 483.6 489.6 495.8 502.1 508.5 513.8 517.9 523.1 526.4 529.9
236.5 241.4 248 253.4 255.9 258.3 260.9 271 278 282.6 287.3 293.4 304.2 307.6 310.8 314.7 318.1 324.9 330.9 333.4 338.2 341.9 347.8 353 358.5 365.1 369.5 373.4 379.1 385 390.9 396.5 402.5 408.3 413.2 414 417.4 424.1 434.5 444.8 448.4 454.1 458 462.6 465.1 466 463.7 461 457.8 454.3 450.5 444.9 440.2 435.6 432.3 429.1 429.9 427.7 430.5 431.6 433.2 435.2 438.6 442 447.9 453.8 458.3 463.7 469.1 476.4 482.8 489 494 498.1 503.3 509 512.6 516.1
233.7 236.8 241.2 246.7 249 252.8 260 266.6 274.3 280.1 290 298.7 304.8 309 312.7 316.2 320 324.8 330.3 331.8 334.5 338.6 343.9 349.7 354 358.4 363.1 367.7 376.1 381.4 388.7 393.9 400.5 402.7 406.4 412.8 422.6 429.4 437.4 446.2 453.2 459.1 462.7 464.8 466.6 465.3 463.2 459.9 455.9 451.7 447 440.8 436 431.4 426.8 422.5 422.4 421.6 423.2 423.9 424.8 427.3 430.2 433.9 438.3 442.6 446.6 450.1 454.7 460.5 466.9 472.8 478 482.7 487.5 493.2 498.4 502.4
231 232.1 230.9 238 245.7 254.5 262.8 266.7 272.1 280.1 288.6 296.2 301.6 306.6 310 313.3 316.7 320.5 325.3 327.9 331.5 335.4 341.1 345 349 353.2 357.7 363.1 371 375.9 381.1 386.3 393.3 394.1 408.2 420.2 429.4 435.2 442.7 451.1 455.9 461.7 463.9 465.3 465.4 463.7 461.9 458 453.8 448.6 442.4 436.8 431.4 426.2 421.8 418 415.8 415.4 416.5 416.3 416.8 418.5 420.2 423.7 426.6 429.4 432.8 436.4 441.3 446.1 450.8 455.9 461.6 466.3 471.5 477 481.9 487.4
222.1 221 229.7 235.2 240.9 251.4 259.5 265.6 270.5 277.1 284 289.6 293.8 300.2 305.4 310 313.2 315.2 318 321.7 325.1 328.6 334.2 339.8 343.8 347 351.3 355.8 363.7 369.4 377 379.7 388.5 407.2 417.7 425.6 436.4 444.8 452.6 456.5 462.1 462.2 462.9 463.5 462.5 460.6 457 453.7 450.3 444.9 438.4 432.5 426.9 421.4 416.5 415.3 410.9 409.1 409.7 407.5 408.2 409.9 411.5 412.8 414.5 417.5 419.4 423.7 427.1 432.5 436.5 440 444.6 448.5 453.5 459.4 464.7 470.9
215.1 217.9 220.3 223.4 228.1 244.7 255.8 262.3 265.9 272 276.7 282 287.3 293.6 298.2 301.2 304.1 308 311.3 314.5 319 322 326.3 329.9 334.5 339.1 345 353.1 358.7 364.7 376.8 389.7 397 409.3 419.2 430.6 444.8 454.8 457.5 456.9 458.6 458.4 459.4 459.9 459 455.7 452.2 448.6 444.6 439.1 432.5 426.6 420.6 414.8 411.2 409.1 406.5 404.5 403.6 401.3 400.7 402 403.2 404.1 404.8 406.7 408.4 411 415.5 418.9 422.4 425.7 428.5 432.6 437.6 443.2 448.5 454.8
209.1 214.4 214.9 214.2 228.8 239.1 248.7 252.6 256.2 263.7 269.2 276.1 282.9 290.8 297 300.2 303 303.8 305 307.4 311.1 315.5 321 325.5 332.7 339.4 343.9 349.5 358.1 369.5 382.7 391.9 402.4 412.4 423 436.8 449.4 453.9 454.3 454.3 454 453.3 453.8 455 454.5 451.1 447.5 442.8 438 433 426.8 421.6 415.7 410 405.2 402.2 399.8 399 397.7 394.2 393.6 393 394.5 393.8 394.5 396.5 397.5 399.3 403.5 406.3 408.6 411.2 415.5 418 421.8 427 431.6 437.1
210.5 210.9 208.3 217.2 230.9 240.2 244.4 250.3 255.2 257.4 261.8 269.1 277.2 284.4 291.4 297 300.2 301.1 302.1 301.6 306.6 314.4 317.4 325.1 332 338.8 341.9 351.7 362.6 372.7 382.5 392.2 402 408.4 417 426 435 443.1 448.8 450.2 449.5 449 448.3 448.1 446.6 445.1 441.7 436.4 430.8 426.1 421.2 415.7 410.6 404.8 399.8 396.7 393.9 393.6 390.8 386.9 385.2 384.8 384.5 385.6 387.4 388.2 389.1 390.5 392.9 394.6 396.7 399.1 401.2 404.3 407.9 411 414.2 420.4
200.8 201.9 204.5 211.6 228.9 237.9 241.9 251.3 255.2 258.2 262.8 269.7 274.5 278.6 284.5 291.3 297.5 297.9 297.5 302 308.1 311.9 316 322.9 330.9 337.7 342.8 351 361.8 367.9 375.6 386 394.9 399.9 407.7 416.2 426.5 434.1 441.7 443.6 442.3 442.3 441.8 441.2 439.7 436.9 433.9 429.1 423.8 419.1 414.4 409.4 404.2 399.1 394.1 392.5 390 387.6 385.6 380.9 379.2 378.3 378 377.4 378.5 380 381 382.2 383 385 387.1 389.2 390.1 392.9 394.8 398.6 400.9 404.5
196.9 199 201.9 202.8 220.4 230.6 237.5 245.9 251.7 255.6 261.6 267.8 275.3 278.3 279.8 281.7 283.7 287.7 288.2 298.2 305.9 308.1 311.9 315.3 321 328.1 340 350.1 358.2 362.9 365.8 373.9 382.4 389.8 399.7 412.4 422.2 430.2 435.8 437.6 436.7 434.9 434.1 433.6 431.4 428.6 425 421 416 412.1 407.4 402.1 396.8 391.8 387.8 386.7 384.8 382.4 379.8 376.3 373.8 372.3 371.4 370.9 370.7 371.7 373.5 374.8 375.5 376.7 377.7 377.4 379.3 381.7 384.2 387.2 394.2 394.9
196 200.6 201.3 202 214.6 228.3 235.8 242.6 246.6 252 258.5 266 271.3 274.3 276.6 279.2 279.9 283.8 286.8 290.9 296.4 300.2 302.6 306 317.2 326.1 336 346.2 354.1 359.8 366.2 374.8 381.3 389.6 397.7 407.7 418.6 424.3 428.9 431 431.2 428.5 426.3 424.9 422.7 418.8 415.8 411.8 407.6 403.4 399.7 395.6 391.2 386 382.1 380 377.9 375.9 374.5 371 367.7 367.7 366.1 364.3 363.5 364.1 364.4 366 367.5 370.1 368.6 368.3 370.5 372.3 375.1 379 384.4 385.2
198.9 198.5 200.7 205.8 216.7 228.5 236.9 242.5 244.9 251.6 256.2 259.9 266 268.6 271 273.6 273.3 280.2 285.5 286.6 288.9 294.2 299.2 306 316.5 326.2 331.8 341.9 348.4 353.4 360.2 369 377 387 396.1 405.8 413 419.6 422.2 422.3 422 420 417.7 417.1 413 409.6 406.6 402.8 397.5 393.6 392.9 390.1 386.2 381.2 376.7 375 370.4 368.8 367.8 365.8 362.4 360.4 358.8 356.9 356.2 356 355.5 355.8 357 360.2 359.7 359.7 362.2 364.3 365.5 367.3 379.8 390.2
201.6 201.3 202.1 203.8 205.8 220.4 229.5 226.9 236.9 244.1 248.7 249.1 254.2 260.9 265.2 267.6 272.1 276.5 280.6 282.9 283.5 284.7 292.3 297.7 307.3 315.6 322 331.2 338.3 341.6 350.8 356.8 362.2 370 377.4 386.3 396.5 403.5 408.6 411.5 409.8 408.6 407.9 406.8 404.8 402.1 398 392 388.1 386.9 385.1 382.6 379.7 374.9 371.4 369.9 366.5 363.7 362.6 360.9 358.3 355.3 353.8 351.1 351.4 352.3 349.9 349 349.7 351.3 351.4 352.4 355.5 356.7 360.5 370.3 378.5 383.8
205.2 206.1 206 203.5 210.8 224.6 233.4 235.6 236.5 239.4 245.1 242.3 243.6 249.8 255.1 259.2 264.4 270.3 273.2 276.3 282.4 291.1 293.6 299.2 304.9 311.1 317.7 324.3 332.4 339.8 348.2 352.8 358.8 362.2 367.1 374.1 381 388.3 395.4 399.8 401.8 400.1 399.4 397.7 396.1 392.5 387.9 384.9 381 378.8 376.6 373.6 371 367.9 366.4 363.6 361.3 360 357.5 356.6 353.7 349.9 347.4 345.7 345.7 347.7 348.8 344.8 347.1 347.1 345.7 347.1 348.9 346.7 362.3 367.8 373 376.5
205.3 207.4 207.5 202.2 208 217.2 227.1 230.6 234.7 241.3 246.2 249 249.6 254.6 255 254.4 254.7 257.5 260.6 269.2 276.5 286.2 290 294.3 300.7 307 313.1 317.1 320.9 328.3 336.1 344.4 351.4 356.3 361.5 365.9 370.7 378 383.1 387.1 391 391.8 390.3 388.4 387.5 384.9 381.9 378.1 373.9 371 367.6 365.8 363 361.2 359.3 358.1 357.5 356.3 353.5 352.8 349.3 345.4 343 341.5 340.9 340.9 341.9 340.2 346.9 343.8 338.8 341.5 349.9 350.6 356.7 362.1 367.6 369.5
203.4 206.3 203.1 202.1 208.2 214.3 218.8 222.8 227.6 232 237.4 241.3 245.2 250.1 254.7 257.6 259 256.7 264.4 267 271.7 279.8 282.3 288.3 296.2 304.2 309.3 314.9 320.8 325.3 327.7 329.2 333.1 339 348.6 353.3 359.1 364.8 369.9 375 377.2 380.1 380.5 379.6 379.7 377.3 374.3 371.1 367.7 365.5 363.2 360.7 358.3 355.8 354 353.1 352.8 352.1 350.4 349 347 343.4 339.3 337.9 337 335.9 334.9 334.4 338.6 337 338.1 344.8 350.2 348.4 351.8 358.2 363.7 366.2
203.9 205.6 203.6 202.3 212.8 215.2 217.7 219.7 224.3 228.4 233.2 236.7 240.7 243.6 245.4 248.8 249.7 254 258.7 261.2 265.3 270.8 272.8 279.8 286.9 292.8 302 307.4 311.5 316.1 320.9 324.7 329.2 334.4 338.9 340.7 342.5 351.7 356.5 361.3 364.6 367.6 370.1 371.1 371.6 369.7 367.6 365.5 361.9 359.9 358 355.8 353.4 350.8 349 347.2 346.4 348.1 347.5 344.7 342.4 340.5 337.9 334.9 332.5 331.2 329.5 330 330.6 332.7 337.2 338 346.1 343.9 350.2 355.9 360.2 363.3
199.6 201.6 200.3 203 211.2 212.9 214.7 217.4 221.5 226.7 231 233.7 235.6 236.5 236.9 241.6 243.7 246.8 250 254.2 263.3 266.2 265.4 270.7 277.7 285.2 291.6 298.1 303.2 307.2 312.6 315.3 319.1 324.4 328.9 332.1 334.9 340 343 346.4 351.8 358 359.8 361.3 362.1 361.2 360.6 359.4 357.1 354.6 351.5 349.9 348.1 345.3 342.4 340.9 341.1 341.9 341.9 339.5 338.5 337.8 336.1 333.9 333.8 329.4 325.7 326 331.1 333 333.5 331.5 335.5 340.9 347.1 352.5 356 359.3
