data/220000-650000.asc
ncols 200
nrows 200
xllcorner 220000
yllcorner 650000
cellsize 50
[rows 140 to 174 of 200, columns 0 to 79 of 200]
6.1 6 5.5 5.2 5.4 5.7 6.3 6.4 17.4 10.8 11.8 16.7 19.7 24.9 34 43.6 53.5 62.7 68.1 72.8 79.9 88.7 100.5 111.2 125.4 129.8 138 159.9 179.6 191.7 200.8 206.9 206.2 205.2 204.8 205.2 210.9 227.8 241.2 251.1 265.2 272.8 276.2 289.7 302.4 315.6 321.5 323.6 326.9 329 329.4 331 332.2 332.9 333.8 334.6 335.7 336.5 336.3 332.1 324.9 317.3 309.5 302.1 293.9 287.5 279.2 271 264.3 256.8 251.1 248.8 245.8 245.4 247.3 248 249.6 250.7 251.3 251.9
6.2 5.9 5.5 5.2 5.4 5.6 6.6 6.5 16.4 11.7 13.3 17.1 25.6 28.5 36.9 45.1 56.3 63.3 68.7 72 79.7 87.8 99.9 111.1 131.3 134.1 138.7 152.5 174.6 190.7 197.1 203.7 206.1 205.1 203.6 203.9 209.2 221.7 236.3 246 259 269.1 271.4 281.5 293.5 303.1 310 313.4 318.7 323.2 323.3 323.4 325.3 325.1 326.2 323.9 324.9 326 326.3 322.5 317.8 310.8 304.4 298.4 290.9 283.7 277.3 270.4 263.6 257.5 251.1 248.3 245.7 244.6 248.1 249.4 250.6 251 251.6 252.3
6.2 6 5.7 5.4 5.6 5.8 6.7 6.1 15.6 13 16.4 19.9 27.9 32.3 35.3 46.5 57.6 65.3 69.4 73.8 79.6 87.2 99.1 111.2 130.4 136.1 138.1 149.1 172.4 186.5 194.5 199.8 203.7 203.6 203.6 203.3 206.2 218.5 230.8 240.9 251.2 262.9 269.6 276.8 287.3 295.5 302.1 304.8 308.4 312.3 314.8 314.5 314.7 315.1 316.7 315.3 315 316 315.6 314.3 310.6 305.4 299.5 293.9 287.5 280 273.7 268.7 263.8 257.8 252 247.8 244.7 243.7 248.2 249.4 250.6 251.6 252 252.2
6.2 6.1 5.7 6 6.2 6.2 6.7 8.4 13.7 14.9 20.8 24.2 30.5 32.1 36.3 48.8 57.4 65.7 70.1 73.8 79.3 88.1 98 109.9 128.5 135.9 138.9 146.5 170.1 184 191.6 193.9 199.2 199.3 205.8 201.6 204.2 216 226 237.7 246.8 254.9 265.3 270.9 280.9 289.8 296.2 296.4 297.7 302 305.8 305.8 305.3 305.9 307.2 307.7 306.8 307.8 307.6 306.2 304.1 300 295.7 290 284.1 277.3 270.1 265.2 261.3 257.6 252.6 247.8 243.1 244.6 248.2 249.4 250.5 251.3 251.1 250.6
6.2 5.9 5.7 5.8 5.7 7.8 6.6 12 13.8 16.1 16.6 27.4 32.4 34.5 36.8 48.1 57.5 67.1 71.9 75 79.6 89.1 98.1 107.3 122 136.5 141.6 145.7 163.4 176.5 185.4 187.1 189.2 190.9 199.8 203.3 203 211.6 220.6 233.2 246.6 246.4 259.2 264.4 276.1 282.2 291.1 291 290.6 293.4 297.4 297.8 297 297.7 299.1 300.5 299.2 300 299.4 297.9 296.2 294.2 290.7 285.5 280 273 266.5 262 258.5 254.9 251.1 247.2 240.4 244.9 247.6 249 250 250.9 251 249.7
6.2 6 5.7 6 5.8 6.8 5.9 16.6 15.5 19 27.4 22.8 33.1 37.6 41.6 48.1 58 68.2 73 76.2 80.6 89.1 97.3 105.8 119.2 132.6 143.9 146.1 155.7 167.3 175.1 178.6 178.3 197.3 203.6 204.9 201.1 207.2 216 228.7 241.9 241.4 248.6 257.9 270.9 278.7 283 286 285.8 286.9 289 290.1 290 290.6 291.7 293 291.5 290.8 288.7 288.1 287.6 286.1 283.7 280 275.1 269.3 263.6 259.6 255.7 252.4 249.6 246.4 239.3 242.6 245.2 246.9 248.6 249.4 248.5 247.2
6.4 6 5.9 5.9 5.8 6.5 13.6 15.3 18 22.6 28.3 34.2 27.7 37.9 44.7 51.8 57.6 66.6 73.6 77.5 82.1 88.4 96.1 103.8 116.1 129 140.6 146.8 151.2 163.1 168.5 171.8 173.1 194 200.1 200.5 199.2 203.2 210.7 219.4 233.3 236 242.4 250.9 263.5 272.4 276.4 279.9 281.5 281.6 281.8 282.6 283.2 283.9 284.5 285.1 283.1 280.3 278.1 277.7 278.4 276.8 274.7 273.6 269.7 266.3 263.2 259.8 257.6 252.3 247.9 244.2 242.8 239.4 236.4 243.7 245.2 246.3 245.7 244.5
6.4 6.3 5.9 6 6.2 13.7 18.2 18 21.1 34.1 34.4 37.4 42.2 25.8 46.6 54.4 60.2 66.9 74.8 79.1 83.6 88.7 96.9 104.1 112.4 125.6 137.8 146.7 151.3 156.8 161 164 169.2 181.6 196.2 196.5 195.5 198.5 206.3 213.4 223.4 229.8 235.8 244.4 254.4 264.2 269.4 273 275.6 275.9 275.3 276 276.7 277.3 277.8 276.4 274.2 270.5 271.1 270.5 269.4 268.6 267.8 268 267.4 265.9 264 265.6 263.2 258 247.8 243.1 241.9 244.8 232.7 239.7 240.9 241.9 241.7 240.6
6.2 6.1 5.6 5.8 6.2 19.6 14.7 20.9 25.5 34 38.2 42.9 46.6 43.4 40.9 56.2 62.1 69.5 77 80.8 86.4 89.5 96.1 103.3 109.1 122.7 136 144.5 151.1 153.1 156.6 158.7 168.6 175 192.4 191.8 191.5 194.3 200.3 207 215.5 224.4 227.1 236 244.2 254.5 260.3 264.3 267.9 269 268.8 269.1 270.1 270.4 269.4 267.8 264.2 260.6 260.5 259.7 261.2 262.7 264.8 266 267.1 268.5 270.7 271.8 267.8 260 248.8 243.7 239.4 240.9 234.2 235.2 236.6 236.7 236.3 235.7
5.8 5.5 5.7 6 10.6 15.7 18.2 24.9 29.3 37.2 42.6 48 51.5 54.7 36.2 47.5 63.2 71.4 79 82.7 89.5 91.3 96.2 102.1 108 118.9 131.7 140.4 148.4 151.2 151.3 158.3 163.8 167.3 179.9 186.2 187 190.9 197.4 200.4 209.9 215.8 221.5 227.9 235.8 244.9 250.4 254.8 258.3 259.6 260.3 260.8 262.5 262.2 261.1 258.4 254.6 252 252.5 253.5 255.9 261 265 266.7 268.4 272 273.9 273 268.7 259.4 250.2 244 240.1 239.7 232.9 227.3 230.9 231.2 230.8 230.3
5.6 5.6 5.7 5.6 12.3 13.4 18.6 25.3 34.9 40.9 46.8 52.9 57.2 60.7 63.6 52.8 60.5 73.2 81.1 85.2 91.3 95.1 96.6 103.2 108.2 114.2 126 135.6 142.6 149 148.3 153.7 160 163.6 170.9 178.2 183.8 188.1 191.9 194.5 200.8 210.7 214.9 220.6 227.8 235.9 240.9 245.4 248.5 249.2 250.4 250.7 253.7 254.7 253.3 250.2 246.9 249.3 250.7 253.7 258 262.5 266.9 268.6 270.7 274 275.3 273 267.4 257.1 250.5 245.5 243.4 244 234.5 228 227.2 227.2 227.2 227.2
5.5 5.5 5.7 5.7 17.1 14.9 20.9 34.1 39.4 44.1 50 56.4 61.6 65.3 71.7 72.4 57.3 68.2 82.3 87.5 94.6 96.9 97.2 103.7 108.6 114.9 121.7 130.1 137.1 142.9 143.1 149.7 156.7 158.4 165.3 175.3 181.2 185.6 187 189.2 196.5 204.9 209.3 213.3 219.7 228.2 233.6 237.5 238.8 239.6 240.6 242 243.9 246.4 246.2 245.2 243.7 246.2 249.6 253.6 260.7 266.6 269.1 270 272.4 275.7 275.7 272.8 267.1 258.7 253 250.4 248.7 246.8 241 232.6 228.1 227.2 227.2 227.2
5.4 5.5 5.8 8.1 14 15.3 28 36 43.1 47.6 55 62.5 66.3 71.1 77.2 79.1 77.6 71.8 72.6 85.4 90.5 95.5 97.7 103.5 112.2 117.9 121.7 125.3 131.4 135 136.9 144.9 150.8 157.5 162.7 169.9 175.2 181.5 181.6 185.9 190 200.3 205.9 206.1 211.6 220.8 227.4 231 230.9 232.1 233.9 235.7 237.9 240 239.2 240.9 243.8 249.5 251.4 253.6 259.1 266.4 269.6 271 274.8 278 276.3 274.5 268.5 263.7 261.7 257.8 255.3 250.4 245.1 239.5 233.8 229.2 227.2 227.2
5.6 5.8 6 13.5 11.1 20 34.3 44.1 46.2 49.1 58.2 66 71.9 76.5 82.3 84.2 83.6 89 92.2 92.2 87.7 89.6 90.4 102.9 115.3 119.2 120.5 123.1 127.9 130.2 137.7 142.4 150.4 156 159.6 165.3 170.5 177.2 177 178.8 184.2 194.8 201.9 201.5 206 213.1 221.1 225 225.9 227.9 230.2 232.5 234.9 234.6 233.6 236.7 240.4 247.3 250.3 251.2 254.8 263.4 268.2 270.5 278.1 278.6 277.8 276.8 270 269 266.3 263.2 260.9 256.5 249.1 242.7 237.9 231.9 228.3 227.2
5.9 5.8 5.5 16 12.9 24.7 37.2 47.4 48 51.1 60.5 69.6 76.2 81.7 86.6 90.7 94.5 99.5 105 110.5 115 110.5 107.7 102.9 101.4 108.3 112.3 119.9 122 127.2 133 138.7 147.4 154.5 158.4 161.6 166.5 172.3 173.2 173.2 181.8 190.3 195.7 196.7 203 208.4 214.7 220.3 221 224.2 225.8 229.1 231.7 233.4 231.3 234.2 238.1 243.6 246.2 244.2 249.3 259.5 265.4 270.1 279 278.4 279.1 277.6 273.3 272.5 270.3 267.6 265.3 261.7 255.4 248.1 242.8 236.2 230.2 227.2
6.8 6.1 8.9 12.4 17.2 31.5 39.4 48.7 49.7 52.1 62.4 72 78.5 84.7 91.3 96.4 100.6 109.1 124.4 136.1 136.8 132.4 126.6 124.7 122.1 118.7 116.5 119 123.4 129.4 127.6 140.1 150.4 155.5 157.7 158.8 160.7 167.6 166 173.3 178.2 182.9 186.3 192.4 199.3 204.5 208.3 212.9 214.7 218.9 221.8 225.2 228.1 230.5 230.2 230.4 234.7 238.3 240.1 241.5 247.8 258.9 264.1 270.1 277.1 279.6 280.6 278.4 274.6 274.7 272.8 268.6 267.9 265.8 260.7 255.3 247.7 236.8 231.6 227.5
8.4 8.8 8.5 8.8 21.9 33.5 34.8 51.6 50.3 53.3 63.5 72.9 80.6 86.9 93.6 100.4 110 123.5 140.1 149.9 149.7 149.3 143.1 138.5 133.2 130.7 127.4 121.3 132.3 140.6 135.7 143.6 154 156.8 156.8 157.4 158.7 160.5 168.2 170.9 173.2 176.3 180.7 190.1 193.8 195.6 196.8 200.6 204.8 209 216.6 220.1 222.8 225.3 225.9 226.7 230.7 234.4 237.8 241 246.6 255 263.5 268.8 273.8 279.2 281.4 279.7 275.5 274.7 272.8 270.4 269.4 269 265.3 259.8 251.7 244.9 240.6 234.4
9.4 9 8.6 9.8 23.9 34.4 38.9 53 50.7 53.6 64.9 73.3 81 88.6 95.2 103.5 117.9 131.6 144.4 155.5 158.8 158.1 153.3 148.4 144.3 141.3 136.6 129.6 136.8 149 150.6 138.5 157.3 158.1 156.5 156.3 157.3 162.7 166.7 166.9 167.3 170.6 176.7 185.3 188.1 187.7 189.8 192.8 197.4 201.9 212.1 214.8 216.9 219.2 219.4 223.5 227.4 232.3 237.3 241.2 245 250.6 260.3 264.7 269 274 277.8 277.8 273.9 274 271.2 270.4 270.1 269.7 268.2 263.1 255.5 251.8 244.9 238.8
8.9 9.2 9.1 13.8 24.8 34.4 47.2 53.8 51.3 54.2 64.5 73.3 80.6 88 95.5 105.6 120.4 136.9 152.7 157 163.3 163.8 160.5 156 151.4 149.4 145.4 139.5 140 154 156.5 139.6 157 159.7 155 155 156.9 165.7 165.3 161.5 166 168 169.9 173.3 178.5 181 184.9 189.7 194.7 199.9 206.6 206.8 208 210.6 212.1 219.9 224.4 229.7 236.3 240.8 244.2 247.8 253.2 258.4 262.7 267.6 269.8 272.4 272.1 272.6 270.4 270.1 269.3 269.6 270 267.8 262.1 255.2 248.3 239.8
8.4 8.8 8.8 14.8 25.9 34.4 51.5 53.6 53.2 54.7 62.7 71.9 80.1 87.6 95.2 108 121.8 144.5 157.7 158.9 166 168.9 166.8 161.5 156.4 153.5 151.3 149.2 143.3 154.4 156.1 151.6 154.2 157.9 151.6 151.5 156.2 158.8 159.3 166.3 174 178.4 181.6 184 184.7 187 187.6 187 190 194 199.2 198.4 200.9 203.8 208.5 216.6 221.2 227.1 235.2 240.3 242.9 245.1 247.7 255.1 260.3 264.5 267.1 269.2 269 269.3 269 268.1 268.2 268.9 269.6 268.7 264.5 260.6 255 247.6
8.2 8.5 8.9 13.5 25.8 34.4 46.9 52.8 53.8 55.9 62.3 71.3 80 87.6 93.7 107.6 126.5 146.9 158.3 161.4 167.9 170.5 169.9 165.4 158.8 156.3 154.8 153.2 151.8 150.3 154.3 151.6 151.6 151.6 151.6 151.6 153.6 163.3 168.7 178.1 185.1 186.9 187.1 188.9 192.1 195.1 197.3 198.8 197.5 193.9 194.7 199.6 203.6 206.3 209.4 213.4 217.5 225.5 234.4 239 241.5 243.9 245.7 251.9 257.1 261.7 264.7 266.2 265.6 265.1 265.1 265 265.5 266.4 267.7 269.3 267.6 263.9 259.2 253.7
7.9 7.5 7.5 9 25.9 34.3 40 52.1 53.5 56.1 61.9 70.7 79.3 89.1 96.7 112.4 131.9 148.8 161.7 165.8 166.8 171.6 170.5 166.3 159.6 157.6 156.8 154.5 154 151.4 152.3 151.8 151.6 151.6 151.9 155.8 163.8 171.4 178.3 188.3 193.3 194.3 194.3 195.3 197.7 203.2 203.8 205 204.5 202 201.6 206.8 213.5 218 218.8 219.5 221.7 227.2 233.7 239.3 241.3 243.2 245.1 248.9 253.8 258.6 261.1 262.4 261.4 261.1 261.2 261.3 261.9 264.7 267.3 268.7 267 264.8 260.7 258.4
7.9 7.7 7.4 9.7 20.2 33.8 34.3 50.8 53 55.1 61.5 69.8 79 89.5 97.6 109.3 130.8 151.6 163.9 168.5 169.1 171.8 171 167.3 163.1 159.6 157.9 156.7 154.3 152.3 151.9 151.6 151.6 151.7 154 161.1 170.3 180.3 192.3 196.5 201.9 205.4 205.2 203.4 205.2 210.9 210.2 210.7 211.8 209.6 209 214.4 218.7 223.4 226.2 227.3 226.8 228.8 232.9 237.6 240.5 243 245.1 247 250.1 253.1 256.2 258.2 257.2 256.5 256.5 256.3 258.1 261.4 264 265.4 264.7 262.4 261.8 262.3
8 7.8 8 9.1 17.5 32.4 34.3 48.8 51.8 54.4 61.4 68.5 77.7 87.4 96.8 108.6 124.5 146 161.4 168.8 170.3 170 170.6 166.1 162.7 160.2 158.9 158.3 155.2 153.4 152.3 151.6 151.6 152.6 156.2 165.6 175.5 192.8 204.5 207.7 212.6 213.9 213.1 214.7 216.1 217.9 218.2 218.7 220.7 217.4 216.3 219.9 224.2 228.5 229.5 229.7 229.7 229.6 231.8 235.6 238.6 242.5 245.2 244.8 245.8 246.8 249.8 252.9 253 251.8 251.3 250.8 253.6 256.7 259.9 262 261.5 260.3 261.4 266.4
8 7.9 8.2 8.4 10.9 24.7 34.2 42.2 50.5 53.9 59.3 66.2 74.8 85 95.2 107 127.1 148.8 157.7 165.8 167.2 165.9 168.7 164.3 163 160.8 159.1 157.1 155.1 154.3 152.8 151.6 151.6 153.6 158.6 170.7 185.6 207.4 215.1 219 222.7 224.3 225.1 225.7 225 226 225.9 225.8 227.7 224.4 221.4 227.7 231.6 232.3 232.2 232.3 231.8 231.1 232.7 234.6 237.7 242.8 245 244.2 240.5 240.8 242.3 246.2 248.1 246.6 245.7 245.4 248.4 251.4 254.6 257.9 259.2 259.2 263 273.5
8.2 8 8 8.1 11.3 22.9 34.2 37 48.8 53 57.3 64.2 72 82.9 93.7 107.1 125.9 151.6 160.1 161.5 162.5 163.6 166.2 164.4 163.2 160.9 156.7 155.1 154.5 153.7 152.2 151.6 151.6 155.2 162.7 178.4 202 217.6 223 226.2 233.3 235.5 236.5 236.2 234.9 234.3 232 232.3 233.7 228.3 230.8 237.4 240.5 239.5 236.6 236.7 235.5 235.3 233.9 234.9 237.8 241.9 244.3 241.6 237.7 234.4 235.1 238.9 242 241.3 240.2 239.7 243 246.1 249.4 252.6 256 257.9 261.3 274.6
8.2 7.9 8.1 8.3 10.2 19.6 33.2 34.6 47 51.2 56.2 62.5 71.8 82.6 92.2 104.7 123.9 150.2 161.2 161.5 161.6 160.6 162 162.8 160.8 157.7 155.9 156.1 156.2 153.4 152.8 152 154.5 158.8 169.7 193 214.5 224.5 229.7 235.6 239.7 244.1 247.1 247.6 245.8 243.5 240.6 239.8 241.5 242 242.4 243.9 244.9 243.5 245.2 248.2 247.7 246.8 245 241.3 239.1 241.1 242.1 240.1 235.2 229.3 228.9 231.9 235.4 236.1 234.3 233.5 237.5 241.6 245 249.3 253.7 255.1 256.8 268.3
8.7 8.6 8.3 8.6 9.9 14.2 31.3 34.4 44.5 49.5 54.9 65.4 74.2 83.3 91.3 102.1 118.4 145.9 158 162.6 159.1 157.3 158.4 159.4 156.9 160.1 158.6 155.3 154.6 153.6 154.2 155.2 157.8 166.7 182.6 209 224.7 232.5 236.1 241.4 247.3 251.7 254.6 255.1 253.3 251.5 248.4 247.6 251 251.4 250.1 250.2 248.7 246.3 254.1 259.6 263.2 261.5 258 251.7 245.2 240.9 238.8 236 231 225.1 222.2 224.4 228.8 230.5 230.7 229.9 233.9 237.7 242.6 247.7 251 251.6 254.9 265.5
8.5 8.1 8.5 8.9 10 13 26.1 34.2 41.4 48.1 55.7 65.5 74.9 84.2 92.2 101.2 107.5 139.7 140.5 136.3 155.9 155.4 155.5 157.4 159.4 162.3 157.6 154.7 153.9 154.6 156.1 158 161.6 173.3 197.5 221.8 234 239 243 248.9 256.2 259.2 261.7 261.7 260.3 258.5 254.3 254.6 256.5 256.5 255 251.6 247.5 252 260.8 269.5 279.4 277.4 270.3 264.9 252.5 240 233 228.9 225.6 220.8 219.3 217.6 221.9 225.7 227.2 226.7 230.8 234.8 238.9 244.2 246.7 247.9 253.4 260.8
8.3 8.3 8.5 9.1 10 13.3 23.8 33.4 38.1 45.3 54.2 65.3 75.2 85.4 93.5 101.1 110 122.5 144.1 135.7 155.8 155.8 153.9 156.2 159.6 160 156.1 154.3 154.7 155.8 157.3 162.2 166.9 182 211.5 229.7 240 243.5 247.7 255.8 261.5 264.2 264.4 266.3 266.8 264 258.1 258.5 259.5 259.7 257.4 252.2 249.6 256.6 265.4 277.2 292.3 290.5 283.1 273.9 264.4 252.1 242.1 233.9 224.8 221.2 220 215 215 219.2 224 223 227.8 231.4 234.9 240.2 243.7 244.8 252.8 260.1
8.2 8.3 8.5 9.3 10 12.5 21.7 33.2 36.1 44.2 55.6 67.8 78.7 87.6 95.4 101.7 106.1 112.8 136.1 140.7 153.1 153.5 151.8 150.8 158.3 156.9 156.3 154.1 154.2 154.9 159.2 164.6 172.4 188 216.7 231.9 242.4 245.6 249.3 259.2 264.5 267.1 266.8 267.8 268.9 266.4 258.9 257.4 260.4 261.1 258.4 253.8 255.2 261.9 268.6 281 295.3 296.3 289.3 275.6 269.3 261.3 250.6 241.2 231.2 223.8 217.6 213.6 211.5 213.6 218 220.7 223.9 227.6 231.9 236.6 240.9 242.9 252.4 254.5
8.1 8.2 8.7 8.9 9.5 11 18.4 33.3 35.2 45.5 56.5 68.6 77.8 87 95.4 101.1 105.2 112.1 133.9 142 148.8 149.2 148 146.5 155 156.4 155 152.8 152.3 152.9 159.3 166.2 174.1 192.2 215.4 229.2 239.1 246.9 249.8 259.8 265.2 268.6 267.8 267.2 269.5 264.3 257.9 255.2 258.6 260.1 255 252.6 255.2 262.8 270.5 281.7 300.5 295.8 289.9 281.9 275.7 266.8 259.6 250 235.5 226.3 217.8 213.3 210.3 210.6 213.5 215.9 219.3 224.7 228.9 233 236.6 240.2 247.1 249.5
8.1 8.4 8.8 9.2 9.6 10.7 16.6 33.4 34.7 47.6 56.7 67.9 75.3 84.6 93 99.8 100.9 107.3 130.5 138.2 140.9 143 141.6 142.2 149 151.7 150.6 149.9 150.8 152 159 165.2 172.7 189.8 210.9 224.9 236 244 248.2 258.8 263.5 265.7 266.8 265.4 264.7 261.3 254.9 252.1 254.6 255.8 249.2 249.7 255.5 262.9 272.5 281.6 304 301.9 297.7 291.4 289.6 280.5 269.1 256.4 241.2 227.6 217.4 212.8 209.9 210 210.9 211.6 214.5 219.4 225.3 229.1 232.4 236.5 241.8 244.2
8.3 8.6 8.9 9.4 9.7 10.1 15.4 33.5 34.8 51.8 59.3 66 73.5 82 90.6 98.3 98.5 102.4 120.5 129.8 131.7 133.8 136.1 137.2 142.8 145.3 144.9 141.8 144.3 149.1 157 162.1 170.5 186.7 205.5 218.1 230.8 238.3 245.6 256.1 258.8 260.8 261.8 260 256 255.1 250.4 247.1 246.7 247.6 243.3 247.2 254.1 262.2 271.4 281.5 306.6 314.5 313.7 311.1 307.6 296.8 283.4 272 257.7 240.9 219.7 213.3 210.5 209.3 208.8 209.6 210.5 215 220.6 224.9 228.8 233 235.7 238.4
8.6 8.7 8.8 9.1 9.3 9.7 14.1 33.8 35.1 54.7 61 66.3 73 80.9 88.9 95.5 96.2 98.3 113.2 120.8 124.4 127.8 130.1 131.3 135.7 140.5 139.7 137.1 139.5 144.1 152.4 158.7 165.6 179.1 196.3 210.6 222.6 232.4 241.8 249.8 250.3 251.3 251.5 248.9 248.2 246.1 243.1 238.1 237.6 236.5 237 242.5 251 260.3 269.6 285 309.5 318.8 322.3 323.6 320.4 304.7 291.4 282.7 270.2 255.5 233.7 217.9 213.4 210.4 209.3 208.4 209.3 210.7 214.9 219.7 224.3 229 231.1 233.2
