data/220000-870000.asc
ncols 200
nrows 200
xllcorner 220000
yllcorner 870000
cellsize 50
[rows 70 to 104 of 200, columns 79 to 157 of 200]
485.6 503.1 518.3 531.3 536.4 534.7 532.7 526.3 525.5 522.8 515 515.6 514 505.7 500.6 487.9 482.1 478.6 466.6 461.1 456.5 451.3 447.5 445.4 445.3 439.6 436.1 431.6 426.7 423.3 419.9 415.5 408.7 401.8 404.1 402 400.9 398.9 402 406.2 407.3 409.7 410.1 421.4 425.5 428.3 435.6 441.5 454.5 462.1 467.6 477.9 486.9 494.3 503.3 508.8 515.5 513.9 505 487.6 473.4 450.6 430.6 400 380 358.4 346.8 333.1 320.3 305.4 292.1 285.4 281.8 280.4 279.6 279.2 278.8 278.4 278.2
466.8 481.2 499.2 509.9 515.3 510.7 505.4 500 495.9 492.4 484.5 487.3 491.9 481.3 475.1 467.1 463.8 456 450.5 445.2 440.4 438.5 436.2 436.2 435.9 432 429.3 425.6 423.6 420.5 416.7 412.7 403.7 396.7 402.2 396.8 396.3 397.1 398.4 401.9 402.9 402.8 403.5 412.2 418.9 425 430.2 433.5 448.9 459.9 463.8 482.8 488 486.7 492.6 501.9 503.7 509 506.9 497.8 476.5 458.4 437.4 407.7 383.2 365.8 349.3 334.9 319.5 310 297.5 288.1 283.3 279.9 279.5 279.1 278.6 278.3 278
443.5 462 477.4 489.4 488.2 478 470.1 459 454.9 454.3 449.3 449.3 452.2 449.6 448 439.8 435.7 432.8 434.8 429.1 425.9 423.9 423.5 423.4 423 423.1 421.4 418 418.2 414.4 412.5 409 397.5 393.2 397.7 393.8 391.6 393.5 392.9 394.7 398.5 396.2 399.6 406.7 413.3 418.2 423.7 433.7 442.6 452.7 459.6 472.1 476.1 474.9 481.3 490.9 497.5 498.3 504.5 495 483.3 465.6 444.1 418.3 394.2 373.9 357.4 340.3 321.8 307.9 298.7 289.4 283.8 279.8 279.2 278.9 278.4 278.2 276.9
421.1 439.4 457.1 457.5 453.3 443.5 436.7 428.3 424.7 421.6 419 419.4 419.5 418.1 417.8 411.4 410.5 410.3 410.9 412 410.2 408.6 408.2 410.2 412.4 412.7 410.5 409.3 410.3 406.8 406.3 401.1 391.4 391.7 392.7 390.5 388.3 389.7 390.2 392.3 392.5 389.2 393.4 399.1 404.5 411.5 419.4 432 439.6 450.7 448.6 451.3 459.1 464.9 472.7 483.4 488.8 493.8 502 497.9 488.8 472.9 450.9 428 407.2 386.6 363.7 345.6 328.5 314.6 300.9 291.2 284.7 280 278.9 278.6 277.7 276.2 276.3
400.7 421.6 431.5 429.6 418.6 410.2 405.3 400.9 396.9 394.2 392.6 391 391.1 391.9 391.9 388.5 388.4 388 390.7 393.8 392.7 391.8 392.6 396.3 400.6 401 400.1 400.4 401.7 397.8 397.3 393.5 386.4 386.4 387.2 387.7 386.3 388.2 388.9 389.9 388.6 386.7 389.9 394.6 397.6 401.9 416.1 424 432.9 438.4 444.6 448.1 454.4 461.9 468.5 472.6 477.4 486.8 494.4 487.2 485.1 476.8 457.7 435.8 413.8 391.3 369.2 352.7 336.4 321.1 308.2 293.5 286.4 282.2 279.4 277.7 274.7 274.5 274.5
370 390.7 408.6 402.9 388.5 381.4 378.8 376.9 374.3 372.9 371.6 370.8 370.8 372 371.3 369.6 369.5 369.4 371.9 375.3 376.1 376.8 377.5 381 387.4 388.4 386.1 388.6 386.7 386.9 387.9 382.9 378.5 379.4 379.6 382.6 382 381.2 382.2 384.5 383.5 385 388.1 390.9 393 396.8 409.3 412 418.4 425.3 432.4 440.3 450.1 456.3 460.8 468.4 475.6 482.4 488.5 486.7 484.4 479.1 462 442.9 418.6 397.5 377.1 358.1 343 328.9 311 296.7 288.3 282.2 279.2 275.5 274.5 274.5 274.5
340.3 357.5 377.5 373.8 362.2 361.4 360.9 359.3 358.4 357.5 355.6 356.4 355.9 356.4 357.2 356.1 357.1 356.2 357 359.1 360.2 360.9 362.5 366.2 372.1 374.6 372.7 373.5 372.5 373.3 376.3 374.9 370.4 374.9 371.8 372.2 374.6 376.7 377.4 379.4 380.6 381.7 383.7 388.9 388.6 389.1 396.6 398.8 406.5 412 420.1 429.5 437.3 447.3 451.6 459.4 474.9 481.1 480.6 477.9 477 474 467.3 448 429.2 412 391.3 365 349.5 335.2 316.3 298.6 289.9 283.5 278.7 274.5 274.5 274.5 274.5
323.9 333 343.8 347.4 344.1 343.5 343.1 343.5 343.5 341.6 341.2 342.3 342.4 343.9 343.6 343.8 344.5 344.4 345.2 346.7 347.7 349.4 350.4 354.1 358 360.6 360.7 361 361.1 362.7 366.5 365.2 366.9 368.1 368.1 366.9 367 369.3 370.7 375 375.6 373.2 376.4 382.5 384.6 381.6 386.9 394 395.4 398.5 408.4 414.6 417.3 431.2 438.7 449.1 470.6 478.2 476.1 473.2 475.5 481.9 471.4 458.4 441.8 422.5 401.8 374.2 357.1 339.7 323.5 302.1 292.4 285.9 281.1 276.2 274.5 274.5 274.5
309.3 315.5 323.9 325.8 324.7 324.7 325.9 327.1 326 326.9 327.6 329.3 330.6 331.2 331.5 332.9 333.4 333.9 335.2 336.8 337.5 338.5 340.6 343.9 347.6 349.5 350 350.9 351.4 357.2 357.6 356.8 363.8 364.6 366.2 364.7 365.3 362.4 361.7 365.5 368.5 368.1 371 376.6 377.5 375.2 382.7 388.1 388 390.9 401 402.6 400.6 408.2 420 432.2 454 465.1 469.9 471.1 476.8 483.7 479 470.3 449.9 430.7 406.3 382.8 361.9 340.4 329.6 307.2 295.8 288.8 283.7 279.7 274.5 274.5 274.5
296.6 300.1 305.9 307.6 309 310.6 311.6 313.9 314.7 316.1 315.8 317.8 319.8 320.9 321.4 322.9 323.8 324.8 325.4 327.9 328.9 330.3 333 335.2 338.3 339.1 340.1 342.2 344.2 347.1 347.5 347.7 354.3 356.3 359.9 360.5 361.5 361.2 359.9 360.2 361.3 365.7 367.2 370.3 370.7 369.4 377.2 379 380.5 389.1 395.2 389 386.1 393 399.4 414.5 435.7 459 459.4 463.7 481.2 489.3 487.1 475.6 453.4 437.5 414.2 392.8 364.6 348.9 333.4 314.7 298.4 291.6 286.6 282 278.9 274.5 274.5
284.9 287.1 290.3 293 296.7 297.8 299.9 300.7 303.6 305.9 306.3 307.9 308.7 310.9 313.5 314.8 315.6 316.9 318.2 319.9 322 322.7 325.3 327 328.7 329.8 331.7 333.5 334.4 337.5 332.4 340.6 343.5 344.2 348.8 350.7 353.3 354.2 354.3 356.6 358.4 359.9 362.3 364.4 362.9 366.3 370.8 369.8 369.7 382.2 383.1 375.3 372.1 375.1 384.4 397.1 420.7 446.5 451.9 461.5 480.4 490.7 496 484.8 463.6 441.8 419.2 397.1 374 351.6 334.8 317 305.3 294.7 289.4 284.2 280 278.2 274.5
275.2 279.1 281.8 283.7 286.8 287.5 289 292.3 295.5 297.6 299.2 301.3 302.9 304.1 305.6 307 308.3 309.5 311.2 313.2 314.2 316.3 317.7 319.1 320.4 321.4 322.3 323.4 325.8 329 322.8 328.6 332.6 334.9 338.4 341.4 344 343.5 345.1 349.4 352.1 353.7 354.5 356.8 356.8 357.4 364.9 364 361.8 367.1 371.6 363.6 365.7 367.6 372.2 382 400.2 418.2 435 456.9 474.8 484.2 497.5 489.3 470.7 451.4 427.4 402.3 378.7 354.1 338.5 321.6 312 300.4 292.7 287 281.1 279.3 274.5
270.4 274.5 276 277 279 280.5 282.8 286.2 287.9 291 292.7 294.6 296.8 299.3 300.9 301.9 302.1 304 305 307.2 307.9 308.7 311.2 312.1 313.3 314.2 315 316.4 319.4 322.1 321.5 320.5 323 325.1 328.3 330.7 334.6 333.7 335.9 341.7 345.2 347.6 349 352.6 353.4 351.9 358.7 358 357.5 358 358.7 358.4 358.7 358.6 362.9 373.1 385.6 400.2 420.7 442.7 459.1 472.8 487 487.3 470.8 460.3 443.8 413.6 383.5 359.6 339 331.2 312 302.7 295.6 289.8 283 279.9 277.8
268.4 270.8 272.1 272.6 274.4 276.7 278.7 279.9 282.1 285.5 286.3 288.8 291.5 293.8 294.6 296.4 297.2 297.9 300 301.7 302.3 303.7 303.9 306.9 306.9 308.7 308 310.6 314.5 313.4 315.5 314.1 315.8 317.9 319.5 322.2 324.7 324.9 326.5 332.4 336 338.4 344.2 346.7 349.7 346.5 347.7 350.6 348.6 347.7 351.4 352.9 356 352.9 354.6 364.1 374 385.9 402.5 417.2 428.7 445.6 473.5 475.2 463.9 463.1 446.5 424.6 391.9 363.5 341.2 323.4 310.2 303.9 297.3 292.3 287.2 281.9 278.9
266.3 267.6 268.5 268 268.7 272.3 273.7 275.6 276.7 280 281.9 284.6 285.8 288.4 289.5 290.1 291.7 292.6 294.7 296.4 297.5 296.2 300.2 301.1 300.9 301.5 304 305 305.8 306.2 306 307.5 307.3 309.5 312.6 313.5 317.1 316.6 314.5 324.4 325.7 328.3 334.9 340.1 342.9 339.8 344.4 348 345.5 341 345.9 346.9 351.2 344.3 350.1 353.4 365.6 376.8 389.9 401.1 409 415.3 428 452.1 436.8 457.9 451.2 425.1 394.3 367.9 342.4 323.5 313.4 307.1 300.1 295.1 289 283.7 281.9
265.4 266.3 266.8 266.8 266.2 268 270.3 271.6 272.7 276 277 278.9 280.5 282.7 283.9 284.1 285.7 287.3 288.9 290.5 291.3 291.6 294.6 294.4 294.2 297.1 297.6 298.2 297.2 289.6 297.1 298.4 296.4 300.1 305.2 303.5 307.7 304.3 307.7 316.9 319.6 321.4 324 332.6 338.1 333 338 340 339.1 338.8 342.5 341.8 343.7 343 346.5 350.7 357 367.7 380.6 390.8 397.7 402.4 405.2 419.3 423.7 430.3 444.1 423.4 391.9 369.2 344 326.8 313.8 308.6 303 296.8 289.1 283.5 282.2
265.4 264.2 266.1 266.6 265 266.5 268.5 268.4 269.5 270.2 271.6 273.6 276.6 278.6 279.2 279.3 280.2 283 284.1 284.7 285 287.1 288.3 287.6 289.6 290.7 291.1 290.2 292.3 289.9 288.7 290.6 286.7 292 298.9 294.8 299.4 300.7 303.8 310 314.8 313.9 320.4 329.1 331.7 327.1 332.3 335.1 330.3 332.7 338.1 335.3 335.9 341.8 343.6 347.7 351.4 359.4 369 380.8 386.5 387.8 395.2 411.2 413.8 405.9 409.9 422.7 397.2 367.2 348.5 334.2 321.1 310 302.6 296.9 289.9 284.5 282.3
262.6 263.9 264.7 264.6 264.8 266.9 267.8 267.9 267.5 267.1 268.2 270.4 272.1 274.3 275.4 275.5 277.5 278.9 279.7 280.9 280.3 280.8 282.8 283.4 286 285.9 286.8 285.4 288.3 282.6 282.9 284.3 281.1 284.6 289.5 289.5 290.7 295.4 300.6 301.2 306.3 309.4 314.3 319.1 321 319.4 325.5 323.8 322.7 321.9 329 333.3 336.4 334.3 339.7 344.3 347.3 355.3 360.7 370.9 373.6 373.9 383.5 397.7 405.8 387.5 391.1 404.2 395.4 375.7 354.3 336.4 326.3 317.1 307.6 300.1 292.5 286.4 281.6
264.2 265.9 266.1 265.7 264.8 267.2 267.5 267.7 266.9 266.4 267.3 268.3 268.6 270.8 270.7 272 273.3 275 276.4 278.3 278.4 278.4 278.8 279.6 280.7 281.2 280.1 280.5 283.1 278.2 278.7 279.3 278 282.7 285.9 284.5 285.5 288.4 291.9 293.5 298.2 301.7 306.2 308.6 311.1 313.7 316.6 312.6 315 320.6 325.3 330.2 338.3 335.3 333.7 338.4 346.8 351.2 358.6 363.5 363.5 365.3 369.3 382.3 390.1 376.6 377.7 390.4 391.1 375.9 353.2 336.9 327.3 320.3 315.2 304.1 292.6 287.2 282.9
264.9 265.9 266.5 266.1 264.4 267.3 266.7 266.5 266.4 267.2 267.9 267.6 267.5 267.8 268.8 270.6 272 272.8 273.4 275.1 274.7 274 273.9 274.6 275.8 277.3 275.6 273.6 274.8 275.4 276.1 275.6 275.3 278.9 279.5 278.8 281.6 284.6 286.7 288.1 291.3 294 295.1 298.3 305.2 307.1 311.1 307.7 309.3 317 323.2 327.5 331.1 333.2 334.7 336.4 340.3 346.1 351.7 354.4 354.2 359 361.8 369.7 376.2 369.8 370.1 380.7 386.1 373.1 349.9 336.6 327.7 321 318.3 308.1 295.5 285.1 281.5
266 266.3 267 266.9 266.1 264.7 264.9 265 266 267.5 267.7 267.5 266 266.7 267.5 268.3 269 271.2 271.4 270.8 269.3 271.6 272.1 272.5 271.1 271 271.3 272.1 273.3 273.5 274.4 273.5 273.7 275.2 276.4 275 276.1 280.6 279.4 283.1 281.4 279.2 280.9 291.3 298 301 301.5 301.4 308.2 310.2 317.5 322.1 325 324.9 327.3 334.3 336.3 343.5 344 348.2 351.7 353.7 359.7 365.1 369.3 363.8 362.4 369.8 371.1 366.4 344.6 335.2 327.9 321.4 317.9 307.5 298.4 287.9 280.6
269 268.7 268.5 268 266.6 266 265.4 265.3 266.4 266.9 266.5 266.3 266.2 265.9 266.9 267 268.3 269.2 269.6 269 269.2 270.2 269.5 268.9 267.8 268.1 270 272.4 271.5 272.2 272.7 272.7 271.7 271.1 272.3 271.5 271.7 273.4 274 272.9 272.9 274.9 277.5 283.9 289.3 292.7 296 300.4 302.5 303.3 312 315.9 323.6 321.6 323.4 330.2 332.8 338.9 342.5 344.5 343.8 348.3 354.4 360.4 362.5 359.9 356.3 353.3 352.9 349.1 340.6 332.8 327.7 321.5 317 307.2 296.6 289.2 281.6
270.1 270.1 270.3 269.8 269.2 267.8 266.4 266.7 265.7 265.7 265.8 265.7 265.5 266 266.6 266.6 268.7 269 267.8 266.4 266.5 266.1 265.7 265.9 265.8 265.7 267.7 270 270 270.2 271.1 271.4 270.6 269.8 270 270 270.1 270.6 271.6 271.7 271.9 272.8 274.4 276.2 282.1 286.5 289.9 297.8 295.2 298.2 304.3 310 314.8 314.5 320.1 324.6 328.7 332.1 334.3 335.7 336.7 339.4 344.7 352.8 358.6 354.3 350.8 348.3 347.1 343.4 339.6 332.9 328.7 325.7 318.6 308.3 297.1 289.8 284.6
273.7 272.4 272.5 274 271.9 269.6 267.9 268.5 268.8 266.9 268.1 267.3 268.4 266.8 267.2 266.8 266.3 266.1 266.9 268.3 268.9 268.5 269 270.2 269.9 268.2 268.5 270 270 270 270 270 270 270 270 270 270 270 270 270 270 271.2 271.4 271.7 274.2 278.4 288.2 292.7 289.9 293.6 298.5 305 306.2 309.3 317.3 321.9 325.2 328.2 329.1 331 332.6 336.2 339.6 340.5 345.9 347 348.6 348.8 346.4 343.7 340.4 335 331.1 330.6 324.9 312 300.1 292.8 283.6
279.3 278.3 275.3 276.3 275 272.3 271.6 271.2 271.5 271.3 270.8 272.6 268.7 267.9 268.8 269.5 266.7 266.7 267.8 268.3 268.8 269.5 270.1 271.7 270.4 270.7 269.3 270 270 270 270 270 270 270 270 270 270 270 270 270 270 270 270 270 270.1 272.6 279.8 280.2 282.1 285 293.3 297.5 297.8 301 307.9 313.3 318.1 321.9 324.9 327.8 329.6 332.6 337.3 340.5 343.1 347.1 349.8 349.3 347.5 345.8 341.2 335.9 333.6 328.6 326.5 314.2 303.7 294.3 284.1
281.6 282.1 280.4 278.3 277.7 276.7 274.1 271.2 276 274.4 274.3 273.7 271.6 269.8 270.8 269.9 268.5 267.3 266.9 268.9 270.8 271.3 271.7 271.6 271.1 270 268.2 270 270 270 270 270 270 270 270 270 270 270 270 270 270 270 270 270 270 270 270 271.4 273.7 277.1 282 292.3 296.3 299.5 305.3 309.3 313.5 316.4 321.1 324.8 327 331.2 336.2 339.8 344 349.4 352.2 351.6 349.8 347.5 344.7 339 333 326.2 322.2 311.9 307 293.6 284.3
285.8 285.1 284.2 283.3 280.2 278.3 272.7 272.9 275.6 276 276 276 272 269.7 271.7 271.4 272.1 271.4 267.7 269.7 270.8 273.6 270.7 270.2 270.2 271 272 271.5 270.6 270 270 270 270 270 270 270 270 270 270 270 270 270 270 270 270 270 270 270 270 271.3 277.9 285.7 292.8 295.4 297.9 302.4 310.1 311.9 316.1 320.5 323.9 327.2 331.9 337.7 343.3 348.5 353.8 355.5 352.6 346.6 343.5 337.8 330.5 326.5 320.9 311 303.7 292.9 283.8
292.2 291.1 292.1 288.6 283.1 279.3 274.9 274.6 275.5 275.8 275.8 274.5 271.5 272.6 275.3 275.8 273.3 269.8 270.4 269.5 269.6 271 272.8 274.8 278.3 280.2 280.2 280.2 278.1 274.7 270.4 270 272.6 270 270 270 270 270 270 270 270 270 270 270 270 270 270 270 270 270 272.4 277.7 284.5 288.8 291.8 298.8 302.4 304.7 310.6 313.9 317.8 324.3 327 332.4 339.7 345.4 352.1 354.8 352.9 347.2 342.7 336 328.9 324.3 317.8 310.1 300.8 293.3 287.5
294.9 296.3 291.8 288.3 285.2 283.2 280.4 278.1 273.7 274.2 275.6 275.4 276.3 278.7 275.1 276.3 277.2 281 275.7 274 278.2 282.7 282.1 287.6 287.7 287.7 286.9 285.6 284.1 281.3 277.4 278.3 276.7 273.7 270 270 270 270 270 270 270 270 270 270 270 270 270 270 270 270 270 271.6 272.4 282.4 286.6 291.5 294.4 299.2 304.5 309.7 312.6 317.6 323.8 327.8 334 337.9 343.7 348.2 346.6 345 340.4 329.9 321.8 316.5 312.3 305.5 299.3 293.4 288.4
292.7 291.8 292.5 290.6 288.9 285.5 278.6 277 275.8 280.7 280.9 283.4 285.5 288.1 287.8 290.3 290.9 287.2 286.9 287 287.6 290.5 294.5 294.6 296.3 297.8 294.5 292.1 289.9 290.1 289.6 286.4 283 280.4 276.2 278.7 272.7 272 271.6 271.9 271.7 271.3 271 271 271.1 270.4 270 270 270 270 270 270 270 273.5 281.4 288.7 289.2 293.8 298.3 301.2 308 314.4 316.6 321.4 327.6 329.4 334.5 339.1 343.7 347.2 340 331 323.3 317.1 310.7 305.8 299.2 293.9 288.5
299 295.7 294.9 297 298.7 300.8 300.8 297.6 293.3 293.8 290.3 295 297.2 299 298.7 299.2 294.7 298.1 298.2 294.2 295.3 299.4 298.5 301.5 301.4 302.2 298.7 296.6 297.2 297.1 297.7 297.1 292.8 288.1 284.3 281.9 280.6 277.8 276.2 275.7 274.5 274.2 273.8 273.7 273.2 272 270 270 270 270 270 270 270 270 272.6 279.3 285.4 290.7 292.4 298.2 302.4 307.5 310.8 313.8 319.3 322.7 326.9 331 332.1 331.5 333.6 329.4 326.1 318.7 312.6 307.8 301.7 293.7 288.9
308.7 314.2 311.3 309.5 309.1 307.1 306.6 305.8 306.4 304.1 300 301.8 303.7 304.7 305.4 304.7 306.7 307.6 301.6 302.5 303.4 303.4 305.4 307 306.8 306.5 303.8 305.6 306 306.9 305.4 304.7 301.1 296.6 293.9 289.9 287.3 283.5 281.6 279.7 277.9 275.7 275.6 275.5 275.2 273.1 271.3 270 270 270 270 270 270 270 270 270 278.2 285.6 288.5 295 297.9 300.5 302.5 307.1 313.8 316.3 319.7 324.8 321 325 324.4 326.1 322.9 319.7 314.9 309.9 303.7 300.4 294.5
322.7 320.7 319 318.4 315.6 316.2 314.9 314.2 315.5 312.3 313.1 304.8 304.9 309.3 310.5 310.7 312.8 309.1 308.6 309.8 309.4 310.3 311.4 311.1 312.5 313.8 309.8 310.3 313.1 315 315 313.6 308.7 305.5 304.1 296.9 292.9 289.1 287 282.3 279.5 277.6 277.1 276.7 276.3 275 274 271.7 270 270 270 270 270 270 270 270 270.2 278.6 284.4 288.6 291.3 295.1 298 302.3 308.7 312.3 314.5 316.3 316.1 315.9 318.4 319.4 317.9 315.8 314.5 310.1 305.9 301.5 294.9
329.7 328.9 327.5 326.3 325.4 326.1 323.3 322.8 322.3 321.3 320.9 316.3 316 314.5 314.5 316.5 316.1 316 315.6 318.2 317 318.5 318 318.2 318.9 318.4 317.9 319.2 320.5 325.6 328.4 324.5 320.1 318.9 315.4 308.5 301.8 296.3 292.7 286.9 284.7 282.9 280.8 278.4 277.3 276.3 274.5 272.3 270 270 270 270 270 270 270 270 270 273.3 279.8 283.2 288.7 290.9 294.7 296.6 302.2 304 307.8 311.9 311.2 314.8 310.9 310 312.9 312.2 309.9 308 304.5 301.2 297.4
336.6 335.4 335.2 335.2 334.3 334.2 332.9 333.3 330.5 329.9 328.4 325.3 323.8 319.1 320.5 321.1 322.9 323 324.1 325.6 326 325 325.8 326 328.2 327 327.4 327.6 330.9 336.1 337.1 337 336.8 334.5 332.3 323.9 313.5 305.7 297.8 291.9 286.2 285.6 283.9 279.9 278.7 277.2 276 274.8 270.9 270 270 270 270 270 270 270 270 270 276 279.5 283.2 286.1 290.5 293.6 295 298.9 301.3 304.7 306.6 307.6 303.9 305.9 306.7 306.4 303.7 302.4 302.5 296.9 298.8
