data/220000-960000.asc
ncols 200
nrows 200
xllcorner 220000
yllcorner 960000
cellsize 50
[rows 72 to 107 of 200, columns 81 to 161 of 200]
91.2 102.3 94.7 90.1 86.5 84.1 83.6 84.8 85.8 85.7 83.4 81.4 85.9 87.4 89.6 93.3 97.6 101.7 105.8 110.3 115.1 119.5 123.9 128.3 132.8 136.8 139.1 142.3 145.6 149.1 153.8 158.5 162.9 167.1 172.6 177.5 180.9 184 187.6 191.2 195.5 199.8 206.8 210.2 213.2 218.4 234.9 251.3 267.3 277.9 291.3 313.7 322.4 323.8 325 332.4 344.6 349.2 348 347.6 347.5 348.8 352.6 352.7 354.9 357.6 357.7 359.4 368.4 374.9 379.1 373.3 365.3 356.8 347.1 337.1 332.2 328 330.7 331.5 334.3
94.9 108.5 102.7 94.4 90.4 88.3 87.9 87.5 87.4 87.4 85.1 82.2 87.1 89 90.5 91.8 96 100.3 104.7 109.5 114.7 119.5 123.8 128.3 132.7 137.4 141 144.1 147.1 151.6 156.4 161.2 166 170.6 175.3 179.3 182.7 186.1 188.9 193.9 198.1 201.5 205.8 209.4 212.2 219 233.6 245.2 259.2 271 281.9 302.5 313.7 319 323.1 335.4 345.8 349.1 349.2 349.4 355.2 359.1 364 364.3 363.7 364.2 365.4 370.9 375.4 382.5 381.9 374.9 366.5 357.3 351.4 345.2 339 335.4 338.2 340.7 344.8
101.4 110.8 105.4 96.6 93.2 90.7 89.7 89.4 89.2 88.5 87 83.5 84.8 87.3 89.3 91.5 94.8 99.2 103.9 108.6 113.6 118.9 123.8 128.8 133.4 137.9 141.6 144.7 147.8 153 158.5 163.2 167.9 172.5 177 181.1 184.5 187.3 191 196.1 200 202.7 206.9 211.1 213.4 220.3 231.9 243.6 258.4 266.2 273.9 289.2 304 310.5 318.9 331.9 339.1 344.6 346.3 353.4 364.1 369.4 372.2 371.5 369.7 369.7 371.4 374.5 379.9 385.4 383.8 378.5 370.4 365.3 359.6 353.6 348.2 341.3 345.9 353.5 355
104.2 110.9 105.5 98.1 96.1 93.9 91.5 91.2 89.9 88.6 87.3 86.5 84.7 87.5 89.4 91.6 94.4 98.4 103.1 107.8 112.5 117.7 124 129.4 134 138.3 142.2 145.3 149 153.5 159 163.5 167.9 172.6 177.7 182 185.7 188.5 193.1 197.6 200.9 203.8 207.5 211 214.7 220.6 229.8 242.3 255.6 262.8 267.6 279.5 292.7 301.9 311.7 321.9 333 341 351.2 362.6 372.8 375.2 375.7 375.2 374.4 374.1 376.6 379.8 384.5 388.6 386.9 383.2 379.3 375.2 371.6 365.5 359.8 355.9 359.2 361.9 362.3
103.2 107.5 103.4 99.9 97.9 95.9 93.9 91.8 90.5 89.2 88.2 87.7 85.1 89.6 90.9 92.1 93.8 98.2 102.8 107.2 111.6 117.2 123.3 128.5 133.7 138.7 142.6 146.2 150 153.8 158.8 163.8 167.9 172.3 176.3 180.3 184.7 188.7 192.8 196.7 200.5 203 205.5 209.2 214.5 219.8 227.8 239.5 251 257.1 263.4 273.2 282.3 292.1 303.8 316.7 330.6 345.4 360.4 371.1 375.3 377.8 378.2 377.9 377.6 379.2 382.2 385.5 389.1 391.3 391.6 389.8 387.3 384.3 380.3 376.7 373 370 367.2 364.9 363.9
104.6 104.3 102.4 100.5 99.3 97.7 95.6 93.1 91.2 89.9 89.2 88.4 86 88.3 90.8 92.4 93.3 96.7 101.2 105.4 109.4 115.1 121.3 127.3 132.5 137.5 142.3 146.5 150.4 154.2 159.1 163.9 168.2 171.7 174.7 178.7 182.8 185.9 190.6 194.8 197.9 200.9 203.5 207.3 212.2 218.3 226.1 236.2 245.6 252.3 260.3 270.5 277.9 286.5 301.2 316 332 350 364.2 373.9 376.6 378.3 379 379.6 379.4 383.4 386.3 390.9 395.6 397.3 397.1 395.6 393.2 391.2 389.5 386.2 385.8 384.1 381.3 377.5 372.2
106.1 103.1 101 100.2 99.3 98.3 97.3 94.8 92.1 90.9 90.2 88.7 87.9 87.5 91.4 92.6 92.6 95.4 99.1 103.2 107.3 113.1 118.5 124.8 131 136.4 141.5 146 150.4 154.6 159.3 163.9 168.5 171.9 174.6 177.1 179.4 182 186.1 190.9 194.7 198.3 201.9 206.1 210.3 216.7 224.7 234 243 251.8 261 270.4 277.2 287 299.6 316.5 332 346.4 364.2 372 376.2 377.8 379.5 380.9 382.5 385.9 389.4 397.9 401.6 402.3 402 400.7 398.5 398.2 398.5 399.6 400.3 398.3 393.8 389 384.4
104.7 102.7 100.6 100.1 99.5 99.2 98.4 96.6 95.2 92.8 92.2 91.3 90 87.8 89.8 91.9 91.8 93.9 97.4 101 105.1 110.5 115.7 122 128.1 133.7 140.3 145.6 150 154.4 159.4 163.9 168.2 171.7 173.8 175.1 176.6 178.5 181.5 186.3 190.7 193.5 198.2 202.8 208.1 215.3 223.9 233 242.5 251.1 259.9 267.8 276.5 287.1 300.7 318.6 333.8 347.5 360.2 365.5 374 376 377.4 378.7 383.3 387.6 396.7 404.9 403.7 405 404.9 403.7 404.5 405.2 409 409.7 409.2 407.5 404.4 399.6 394.4
104.7 103.1 101.5 100.1 100.3 100.1 99.6 98.1 97.6 96.4 95.3 93.6 91.6 89.5 88.4 91.1 89.2 90.6 95.7 99.3 103 107.7 113 119 125.1 131.8 138.5 144.5 149.6 154.1 158.5 162.4 166.5 169.4 171.1 171.6 173 174.7 176.9 181.9 184.3 188.4 194.4 202.2 209.2 216.1 223.4 232.1 241.9 249.8 256.1 264.3 274.7 288.3 302 316.7 334.6 346 353.5 361 366.9 371.5 374.1 376.3 381.4 390.1 400.5 403.4 403.3 405.6 406.2 406 408.5 411.7 413.7 415 415.4 413.7 410.9 406.1 401.9
106.3 104.8 103.1 102 101.5 101 100.7 100 99.5 99 97.7 94.2 90.3 89.5 91.2 89.9 91.1 91.2 96.4 99.6 102.8 105.5 110.8 116.6 122.8 129.8 136.7 142.7 148.7 153.6 156.6 159.8 162.7 165.1 166.6 167.5 168.3 171 172.9 176 182.4 187.3 194.6 203.2 211.5 220.4 228.6 236.1 243.3 249.5 254.5 261 270.9 287.1 304 311.9 325.5 336.2 343.9 351.8 358 364.4 368.2 373.7 380.4 389.6 397 397.7 400.3 403 404.4 407.3 409.4 412.1 416.6 418.2 419.8 418.9 417.1 412.9 407.5
107.4 106.5 105.6 104.7 104.1 103.8 103.8 103.5 103.3 102.8 101.6 99.2 90.3 90.2 92.3 93.1 93.3 92.5 97.3 100.3 103.8 107 110.7 114.7 120.6 127.4 134.7 139.5 144.8 149.4 152.4 155.1 157.6 160 161.8 163.5 164.7 166.7 171.4 176.1 180.7 186.3 193.3 204 215.6 230.3 236.7 241.7 247.4 252.5 257.8 263.7 276.4 287.8 303.1 308 315.7 325.2 331 337.1 351.5 356.1 362.4 368.5 374 383.3 389.7 392.3 394.4 397.4 402.1 405.6 408.6 411.7 416.5 421 422.8 422 420.7 417.3 411.2
109.6 109.1 109.8 108.3 108.5 108.5 108.4 108.1 107.4 106.2 105 103.3 100.5 91.4 92.2 93.5 94.1 94.4 97.2 101.3 105.2 109 112.7 115.8 119.8 125.4 132.2 136.8 141.2 144.8 147.3 149.8 152.3 154.7 157.1 159.3 159.2 165.8 169.9 174.1 179.1 185.5 193.7 206.5 220.8 238 243.1 246.8 251.7 256.3 262.5 269.3 276.8 287.1 295.7 299.1 304.9 312.3 312.3 321.9 339.6 342.5 353.9 360.9 366.9 375.3 381.3 383.7 385.4 389.5 395.4 400.2 404 407.5 412.6 418 421.6 422.8 422.4 419 411.9
112 112.3 113.6 112.9 113.4 113.2 112.7 111.8 110.7 109.6 108.4 107.1 104.8 100.9 94.3 94.9 95.8 96.9 97.3 101.3 106.8 111 114 116.9 120.7 125.3 129.8 133.3 136.9 140.7 142.5 144.6 147.1 149.7 151.5 154.3 159.6 164.3 168.3 173 178.9 187.8 199.8 216.9 235.7 243.1 248 251 255.1 260.5 266.2 271 275.2 280.4 286.7 288.4 291.9 297 298.8 309.8 317.2 327.8 339.2 348.3 356.9 363.2 369.3 372.2 375.5 380.4 385.5 391.3 396.2 400.6 407.4 413 418.6 421.9 421.2 417 411.4
115.4 116.7 117.3 117.7 117.5 116.9 116.1 114.7 113.6 112.5 111.4 110.4 108.3 105.9 103.4 100 98.1 97.7 96.2 102 106.3 111.7 114.7 117.8 121.6 125.1 127.8 131.2 134.6 137.6 139.3 141 142.6 144.9 147.6 152.8 158.1 162.4 167.3 172.9 180.5 192 204.2 221.1 239.7 245 248.9 252.7 256.3 261.6 267.6 272.3 273.3 275.1 279.1 280.3 282.1 286.1 291.9 298.3 302.6 311.4 320 334.7 341.9 352.1 358.9 361.4 364.4 368.9 373.2 378.1 383.8 390.3 397.8 406.5 414.9 417.8 417.4 414.5 408.8
117 120.8 124.6 127.1 123.8 120.5 119 117.7 116.6 116 114.7 113.3 111.5 109.5 107 104.2 103.5 103.3 101.5 99.4 109.6 111.6 115 118.5 122.3 124.4 126.7 129.7 133.1 135.5 137.2 138.4 138.1 142 143.9 147.6 153.5 160.1 166.5 174.3 185.1 196.7 212.7 230.2 239.3 243.4 245.8 248.7 252.7 258.2 264.6 269.8 271.9 271.9 271.9 273.5 275.3 279 282.6 283.7 287.8 295.9 305.7 317.2 324.3 332.2 338 345.8 349.2 354.9 361.1 366 372.2 378.1 384.6 395.8 405.4 411.5 413.7 411.1 403.5
131.7 135.1 134.5 137.4 132.5 126.6 122.1 121 120.4 119 117.7 116.2 114.4 112.5 110.7 109.6 109 108.4 107.9 101.5 110.8 114.9 115.7 119.8 122.1 123.8 126 128.3 131.7 133.5 135.1 136.3 138.1 140.2 142 145.9 150.9 157.6 164.3 176.4 187.5 204 220.4 228.7 234.5 239.4 240.8 243.4 246.6 251.5 255.6 260.1 263.5 265.2 265.2 265.6 266 268.9 272.4 274.6 276.6 284.2 293.3 302.3 306.6 310.7 313 320.1 330.3 337.3 344.9 354.2 362.5 368.1 373.5 384.3 394.9 400.9 403.8 402.6 392.9
143.5 145.1 143.8 141.8 135.7 130.2 127 124.7 123.3 122 120.6 119.1 117.2 115.4 113.7 113.2 113 112.9 112.8 102.1 111.3 115.6 118 119.8 121.9 123.9 125.3 127.5 130.2 131.3 133.6 135.3 137 140.5 143.3 146.1 150.1 156 162.6 173.2 184.1 201.9 213.7 221.5 227.6 231.8 233.1 235.8 239 242.5 245.5 250.1 252.8 254.4 256.5 256.7 256.8 258.2 261.7 265.3 266 271.8 281 286.9 290.1 293.5 297 300.1 305.7 314.9 323.7 332.1 346.9 359.4 365.8 374.3 384.8 391.5 392.3 387.9 381.4
147 149.2 148.6 144.3 138.3 134.1 131 128.8 126.4 124.9 123.6 122 120.1 118.2 116.9 116.4 115.9 116.1 116.2 106.4 110.3 116.2 118.8 121.5 121.9 123.8 125.4 126.8 129 132 132.9 134.6 137.4 140.4 143.6 146.5 151.4 156.2 161.9 169.1 177.8 191.1 203.7 212.2 219 221.9 224.9 226.8 231.7 234.5 236.9 238.6 239.6 242.5 244.9 247 247.9 249.9 251.2 255.2 256.5 257.9 263.6 271.7 272.5 277.3 282 286.9 291 294.8 305 313.4 326.1 345.7 358.7 365.8 372.6 377.6 378.9 376.7 373.9
155.7 155.2 151.3 144.3 139.3 135.9 133.7 132 130.3 128.5 126.5 124.9 122.9 120.9 120.1 119.5 118.8 118.4 117.8 113.1 106.1 110 119.4 121.4 122.6 123.8 125 126.4 128 130.5 132.3 134 136.8 139.8 142.9 147.4 152.6 156.7 161.2 167 174.2 182.9 193.3 201.3 207.6 212.1 215.5 218 222.1 225.1 225.3 225.1 226 228.2 233.1 237.9 238.2 238.6 240.3 243.4 244.4 245.8 247.3 252.2 253.3 258.3 262.8 268.1 279 281.4 282.6 292.4 308.4 320.9 340.1 353.4 360.2 363.6 366.6 369.4 367.8
158.9 153.8 148.8 144.1 141.1 138 136.4 134.7 133.1 131.3 129.5 127.7 125.8 123.7 122.3 121.4 120.8 120.4 120.1 119.5 115.4 111.2 117.7 120.3 122.2 123.7 124.9 126.6 128.3 129.9 131.8 133.7 136.2 139.4 142.7 146.3 151.1 155.2 159.6 164.9 170.8 177.9 186.7 193 197.1 202.9 206.1 209 212 213.1 213.9 214.5 215.1 218.8 223.2 227.2 227.8 227.6 229.2 231.9 234 235.3 235.9 238.6 241 243.8 248 250 261.8 270.6 269.4 275.5 291.1 301.7 308.7 325.7 340 352 358.2 360 360.3
161.2 153.8 147.6 144.6 141.8 140.6 139 137.4 135.8 134.1 132.4 130.7 128.7 126.6 124.5 123.3 122.7 122.4 121.4 120.5 120 114 115.4 120.2 121.3 123.2 124.9 126.8 128.8 130.4 132.2 134.2 136.2 139.4 142.9 146.2 149.6 153.6 157.9 162.2 168.1 173.5 179 184.3 188.9 193.1 197.4 200.5 202 203.8 204.8 205.3 207.4 212.1 212.3 213.1 213.2 214.8 218 220.7 224.8 224.4 225.7 227.7 230.3 234.1 238.9 240.4 248.9 260.7 260.8 262.6 281.9 294 296 303.9 315.9 334.9 345.2 347 350.6
162.4 154.2 148.5 145.4 144.1 142.8 141.4 139.8 138.3 136.7 134.4 131.9 130.4 128.8 127.3 125.2 124.4 123.4 122.3 121.6 120.9 118.5 117 120.2 120.9 123 125.1 127 129 130.8 132.9 135.1 137.3 139.6 142.4 145.7 149.1 152.8 156.4 160.4 165.4 170.5 175 180.2 183.7 187.2 190.7 192.8 193.7 194.5 195 195.2 199.1 201.1 201.5 202 201.9 202.6 204.4 207.9 210.3 211.5 213.9 216.2 218 220.1 224.3 230.1 239.3 249.6 254 258 281.3 291.4 292.9 300.8 301.8 309.7 323.4 333 335.6
160.9 155.5 150.3 147.6 146.4 145 143.6 142.2 140.3 137.8 134.8 132.3 130.7 129.1 127.6 126.1 125.1 124.2 123.2 121.7 119.9 118.2 116.2 118.8 120.7 123.1 125.1 126.9 128.3 130.7 134.1 136.3 138.8 140.9 143.3 146.1 148.3 151.9 155.6 159.3 163 167.3 171.8 175.4 179 182.6 185.2 187 187.9 188.1 187.5 186.2 185.8 187.2 187.3 188.6 189.1 189.9 192.2 193.9 197.4 200.1 205.6 208.5 208.7 209.2 213.5 220.6 234.3 248.4 250.7 259.8 277.9 286.1 290.1 294.8 297.7 306.7 316.3 319.7 320.9
159.4 156.6 153 149.8 148.4 147.1 145.8 143.7 141.8 139 135.2 132.8 131 129.4 128.3 126.6 125.6 124.3 122.8 122 120.5 118.9 113.9 117.9 121 122.5 123.9 125.3 126.7 129.6 133.3 136.9 139.9 142.2 144 146.4 147.8 150.1 153.6 157.2 160.4 164.4 167.6 171.1 174.5 177.7 179.9 181.4 182.4 182.8 182.5 181.6 181.7 181.9 181.9 182.9 183.6 184.1 183.4 182.5 183.9 196.1 197 196.6 196.8 203.3 211.2 216.2 227.1 237.1 242 248.2 269.2 274.6 282.3 290.5 297.3 307.4 310.8 310 310.4
159.2 157 154.1 151.2 149.6 147.6 145.6 143.4 141.8 140 136.1 133.2 131.3 130.3 128.3 127.1 125.1 123.7 122.5 121.7 120.9 118.2 117.5 118.5 120.5 121.5 122.4 123.8 125.2 128.5 131.8 135.5 138.7 142.2 144.5 146.1 147.6 149.2 151.7 154.5 157.8 160.9 163.9 166.7 169.8 172 173.9 175.2 176.5 177.2 177.4 177.1 177.1 177.1 177.1 178.3 180.5 180.1 179.8 179 177.6 182.8 186 185.1 181.5 187.3 199.2 211.3 219.6 223.7 228.5 237.3 251.6 265.6 281.1 294.3 302.5 304.9 304.8 303.6 302.2
158.6 156 153.2 150.8 149.1 147.1 145.2 143.2 141 140.2 137.3 133.1 131.7 130.5 128.4 126 124.7 123.4 122.2 121.4 120.6 118 117.2 119.3 119.7 120.8 121.8 122.7 123.7 126.9 130.4 134 137.6 141 142.7 144.4 145.9 147.4 149.3 151.4 153.6 156.2 158.9 161.3 164.2 166.3 168 168.1 169.3 170.1 170.4 170.1 171.1 172.3 172.4 173.6 176.5 176.9 176.8 175.3 175.4 176.5 176.4 177 176.7 184.9 204.3 209.5 211.8 219.5 225.3 228.2 243.4 259.8 281.3 295.9 300.4 302.8 300.2 296.8 293
155 154.1 151.5 150.2 148.7 146.7 144.7 142.7 140.7 137.9 134.9 131.1 131 130.2 126.9 125.6 124.3 123 121.9 121 118.8 114.4 116.8 120.1 119.5 120 120.4 121.4 123.3 124.9 128.6 132.3 136 138.4 140 141.8 143.5 144.9 145.5 146.7 148.6 151.1 153.5 155.8 158.4 160.7 161.9 161.7 161.9 162.6 163.3 163.5 164.6 166.5 167.4 168.9 170.8 172.8 173.8 174.1 174 174.4 174.6 174.7 176.8 183 196.3 209 217 230.5 236.7 249.2 249.4 254.2 274.4 289.8 294.1 297 293.7 290.9 287
150.8 151.2 150.6 149.7 148.2 146.2 144.2 141.8 137.9 131.7 128.1 125.4 125.4 125 124.4 123.3 122.7 122 121.1 120.1 118.1 119 120.8 121.1 120.8 120.7 122.1 122.5 123.4 124.8 126.6 128.5 132.2 135 137.4 139.1 140.8 141.2 141.6 142.9 144.7 146.4 147.8 150 152.2 154.5 155.6 156.8 155.7 156.4 156.6 157.1 157.7 158.5 159.8 162.4 166.1 168.7 170.7 171.3 172.1 173.2 173 174.8 176.1 180.2 200.3 218.3 225.1 231.1 251.4 260.7 266.1 270.9 274.9 276.8 280.2 284.6 288.6 287.7 281.4
147.9 148.3 147.8 149 147.6 145.1 142.7 139.4 133.7 130.1 127.8 125.5 124.7 124 122.7 121.4 120.2 118.5 118.3 117.9 117.4 117.9 121.1 121.3 121.7 122.7 123.5 123.7 123.8 124.5 126.1 127.7 129.2 131.4 133.9 136.1 137.8 138.4 138.3 139.9 141.7 143.3 144.2 145 146.2 147.7 149.2 150.5 149 154.1 153.5 154.5 155.7 156.9 160.1 163.6 167.8 170.2 171.8 172.1 175.1 175.6 175.3 176.4 176.7 177.4 192.1 208.6 227.6 241.9 251 259.1 276.7 288.3 290.8 288.9 285.4 280.9 284.1 284.1 278.9
144.2 145.4 144.2 144.2 145.3 145.1 142.1 135.8 132.2 129.3 127.8 126.3 124.8 122.7 121.5 121.9 121.9 122.2 120.5 119.8 118.7 115.3 118.9 121.2 121.6 122.3 124.7 123.8 123.6 124.3 124.9 125.8 126.6 128.6 130.6 132.8 134.4 134.7 135.5 136.9 138.7 140.3 140.8 141.3 142.1 142.3 142.5 146.6 153.8 160.4 171.5 181.8 184.8 183.1 181.5 180.5 180.3 178.4 179.7 183.1 182.4 183.2 184.8 185 180.2 180.4 187.9 200 212.9 229.8 235.7 244 274.7 289.2 297.6 298.7 296.8 294.4 284.1 282.3 280.8
141.9 144.6 146 145.5 144.2 144.5 142.2 138 135.5 132.2 133.5 134.5 132.7 129.2 125.8 124.5 123.8 124.9 123.3 122.6 121.2 120.3 116.8 118 120.3 121.9 123.3 122.7 124 124.6 124.9 125.6 126.3 126.5 128 129.7 130.6 131.3 132.6 133.9 135.7 136.9 135.9 135.8 137.8 138.9 141.8 147.2 158.1 177.4 199 218.8 227.6 221.6 218.2 215.9 209.5 204.3 199.9 197 195.5 196 200.4 195.7 192.3 197.2 199 200.2 205.5 217.5 228.3 247.6 275.7 290.7 295.7 297.4 295.8 293.6 287.7 282.6 276.6
140.3 146.5 151.5 158.9 158.5 152.6 149.3 148 148.9 149.2 145.5 143.3 140.5 136.8 132.1 129.8 125.4 125.2 125.1 125.1 122.7 123.5 119.9 119.3 116.9 119.7 121 122.7 124.3 125 125.3 125.6 125.7 126.3 127 127.6 128.6 129.5 130.3 131.1 132.2 133.2 136.7 141.8 143.9 148.8 155.2 162.1 176.7 197.5 222.6 238.4 252.1 250.1 250.9 248.9 244 240.8 235.3 231 228.1 237.7 235.3 239 233.6 221.1 220.1 221.3 226 228.7 232.8 244.4 267.4 278.3 287.2 288.3 288.7 289.9 288.1 280.4 273.4
141.1 161.8 177.2 183.3 179.6 175.4 172.8 168 163 159.3 155.2 151.9 148.3 144.9 137.9 139.4 135.4 129.6 127.5 127.1 125.5 124.7 123.5 122.7 119.3 118.5 118.4 122.6 125.9 125 124.5 124 123.5 124.4 124.1 125.2 127.3 128 128.3 130.1 133.1 135.4 137.9 144.3 154 165.5 178.5 192.9 207.9 232.5 247.4 260.6 264.9 265.7 269.1 269.6 267.7 264.3 262.9 268.4 268.4 265.3 265.6 266.5 266.2 260.3 251.7 247.6 252.9 250.4 253.5 252.3 264.5 271.8 276.5 279 279.5 278.7 278.5 277.3 267.7
149.8 170.6 188.2 202.1 203.2 195.4 187.4 182.1 175.5 170 165.8 159.8 156.8 151.1 148.1 145.6 142.3 136.9 132.9 130.8 129.5 129.1 129.5 127.3 123.2 122.2 122 120.5 123.3 124.4 123.9 122.6 125.6 131.7 128.9 128 126.9 128.6 130 132.2 134.7 138.4 141.9 152.4 164.6 176.7 191.8 210.4 227.8 247.6 259.8 267.4 269.4 271.5 275 276.4 276.5 278.2 279.2 281.1 281.8 280.8 284.4 287 288.2 289.4 287.3 277.8 278.1 274.6 275 275.6 275.2 272 273.4 275 274 272.6 269.3 264.9 258.4
153.1 171.7 193 214.2 209.3 197.8 191.2 186.5 181.7 176.5 171.7 166.8 162 156.7 155.2 152.5 149.3 146.6 142.6 136.6 133.8 135.3 134.9 132.1 128.2 124.9 124 122.7 122.3 123 122 125.4 127.7 135.6 136.3 134.8 133.6 136.9 138.3 137 136.9 141.2 144.7 156.4 169.9 185.7 201.1 215.6 231.6 248.4 261.1 267.2 270.7 275.3 282.9 284.3 279.6 283.4 283.2 284.7 284 282.4 284.1 286.2 288.8 294.1 296.6 295.1 291.8 293.1 293.5 292.9 288.3 283.2 279.5 275.9 274.2 270.6 267.1 260.1 255.4
160.4 173.4 194.9 211 204.7 198 192.4 187.8 183.6 180.6 175.8 171 166.4 162.5 161.3 158.6 155.9 154.2 151.1 143.8 142.2 141 138.6 136.6 134 129 125.8 121.2 119.9 123.5 125.6 128.1 132.8 137.8 141.8 141 143.6 154.9 151 149.8 151 153.6 153.5 158.9 173.8 189.1 204.1 217.3 229.6 243.5 257.5 267 273.3 280.1 283.6 283.5 281.8 283.6 284.5 282.9 279.3 280.1 285 286.8 293.6 297.5 299.4 300.1 299.1 297.9 293.8 293.8 292.6 290.3 283.9 278.1 271.9 264.7 257.3 255 253.2
