data/220000-690000.asc
ncols 200
nrows 200
xllcorner 220000
yllcorner 690000
cellsize 50
[rows 0 to 34 of 200, columns 80 to 159 of 200]
512.1 494 488.3 461.8 437.9 413.9 412.8 402.8 379.4 348 337.6 316.6 305.3 289 274.5 263.9 251.1 238.1 224.2 208.2 194.2 176.4 158.6 151 138.1 128.2 121.1 116 108.7 91.1 73.7 54.2 37.7 14.9 -1.3 -1.3 -1.3 -1.3 -1.3 -1.3 -1.3 -1.3 -1.3 -1.3 -1.3 -1.3 -1.3 -1.3 -1.3 -1.3 -1.3 -1.3 -1.3 2 23.7 41.5 53.8 70.5 90.5 105.2 121.2 135.3 151.7 158.2 162.2 165.2 167 165.9 163.5 158.5 153.9 149.6 146 147.4 149.6 152.9 157.6 161.7 166.1 171.7
502.2 484.1 463.6 442.5 427.1 413.9 407.7 393.6 366.8 338.7 321.8 305.5 294.6 287.1 268.2 249.7 243.5 228.8 216 200.5 185.8 167.2 156.1 135.6 124 117.3 102.8 101.7 91.7 73.8 57.7 47.7 29.8 10.1 -1.3 -1.3 -1.3 -1.3 -1.3 -1.3 -1.3 -1.3 -1.3 -1.3 -1.3 -1.3 -1.3 -1.3 -1.3 -1.3 -1.3 -1.3 -1.3 16.5 38.8 51.8 62.1 87 100.2 116.3 130.9 148 162.7 166.9 170.5 173.7 174.4 169.7 165.3 160.2 158.4 151.3 145.4 145.2 148.3 150.9 152.8 155.7 159.5 164.8
487.8 475.4 458.3 435 419.3 405 395.5 381.9 356.4 334.9 310.6 300.8 290.2 283.1 266.5 246.6 232.4 221.4 205.1 194.8 181.1 164.5 145.9 127 114.2 99 83.7 77.8 65.1 51.8 41.7 35.9 16.7 3.9 -1.3 -1.3 -1.3 -1.3 -1.3 -1.3 -1.3 -1.3 -1.3 -1.3 -1.3 -1.3 -1.3 -1.3 -1.3 -1.3 -1.3 -1.3 24.2 33.8 48.6 65 78.4 96.2 113.4 130.2 149.3 162.8 171.1 174.2 178.3 180.4 177.4 172.8 167.7 160.8 157 149.5 143.8 144.9 147.5 149.3 151.5 153.1 153.6 154.5
473.4 458.8 450.5 428.1 410.5 398.3 388 375.6 349.9 326.9 304 292.5 287 276 257.4 235.1 224.2 212.3 200.1 191.5 172.7 156 139.8 117.8 100.6 84.8 68.2 54.3 41.1 34.9 29.1 28.8 9.4 -1.3 -1.3 -1.3 -1.3 -1.3 -1.3 -1.3 -1.3 -1.3 -1.3 -1.3 -1.3 -1.3 -1.3 -1.3 -1.3 -1.3 -1.3 12.1 31.7 44.9 58.6 76.8 92.5 108.5 127.7 155.1 168.8 177.6 180.5 182.5 184.8 186.7 184.7 179.2 171.1 161.9 155.3 147.1 142.7 144.9 146.3 147.5 148.3 152.9 157.7 153.8
469.3 439.1 436.3 418.5 403 391.1 384.4 371.5 346.3 319.4 297.2 285.5 276.3 264.2 248.7 229.4 216.2 201.7 191.9 187 167.9 145.9 135.5 114.3 88.9 72.9 55.9 44.1 29.3 20.4 17.2 9.7 -1.3 -1.3 -1.3 -1.3 -1.3 -1.3 -1.3 -1.3 -1.3 -1.3 -1.3 -1.3 -1.3 -1.3 -1.3 -1.3 -1.3 -1.3 -1.3 24.1 42.8 56.1 76.5 91.3 104.6 122.1 151.6 181.6 189.4 191.5 191.2 188 189.3 191 191 188.3 174.5 161.7 157 146.8 144.4 143.5 144.2 145.4 145.1 146 149.4 151.8
461.1 429.9 421.6 406.9 391.4 383.2 378 363.3 337.5 309.8 294.4 276.5 265.4 254.9 245.2 228.3 217 198.3 184 178.2 159.3 142.4 126.5 105.4 79.4 59.7 47.2 36.3 22.6 9.9 2.3 -1.3 -1.3 -1.3 -1.3 -1.3 -1.3 -1.3 -1.3 -1.3 -1.3 -1.3 -1.3 -1.3 -1.3 -1.3 -1.3 -1.3 -1.3 -1.3 12.5 34 54.4 71.4 88.6 103.7 121 140.6 174.4 200.4 203.2 199.7 196.8 194.4 191.7 191.1 191.2 183.8 174.1 162.2 157.8 146.4 144.3 143.1 142.8 143.4 143.5 144.3 148 144.6
454.9 419.7 409.8 397 385.4 376.4 365.4 352.5 327.7 301.1 279.8 267.5 254.2 245.5 237.8 226.4 213.7 192 177.8 166.8 151.5 142 121.2 96 71.5 53.8 39.5 26.3 12.5 4.4 -1.3 -1.3 -1.3 -1.3 -1.3 -1.3 -1.3 -1.3 -1.3 -1.3 -1.3 -1.3 -1.3 -1.3 -1.3 -1.3 -1.3 -1.3 -1.3 2.8 27.7 50.9 66.5 83.3 101.8 115.8 134.1 165.6 192.2 212.5 213.3 211.1 202 196.3 193.4 192.5 191.4 183.2 170.8 161.6 155.2 146.5 144.5 141.9 142.2 142.1 142.4 142.6 142.8 142.2
441.5 413.7 395.4 380 377.8 365.2 352.5 337.4 318.7 291.7 270.5 254.5 245.5 245.1 236.7 221.8 198.5 182 168.8 155.6 143.6 134.5 112.6 83.8 57.3 45.7 33.6 17 7 2.3 -1.3 -1.3 -1.3 -1.3 -1.3 -1.3 -1.3 -1.3 -1.3 -1.3 -1.3 -1.3 -1.3 -1.3 -1.3 -1.3 -1.3 -1.3 -1.3 23.3 44.7 68.6 81.8 96 111.6 133.7 160.9 186.7 207 219.2 223.9 221 210.1 199.5 194.6 192.1 188.7 181.3 169.6 161.1 155.1 147.2 144.9 142.6 141.8 140.9 140.1 139.3 140.1 141.4
431.3 402 383.9 370.7 361.6 351.6 339.3 325.5 309.9 285.2 266.4 252 248.2 245.9 232.8 214 190.1 173.1 164.9 145.9 129.6 120.3 102.2 74 48.3 38.4 27.2 13.8 2.9 -1.3 -1.3 -1.3 -1.3 -1.3 -1.3 -1.3 -1.3 -1.3 -1.3 -1.3 -1.3 -1.3 -1.3 -1.3 -1.3 -1.3 -1.3 -1.3 20.1 38.5 62.2 79.9 95.4 109 128.8 150.5 183 205.3 215.2 226.1 231.2 227 215 198.8 192.4 188.4 186 178.1 168.3 159.2 156.4 146.9 145.7 143.6 141.2 140.1 139.5 140.2 141.5 139
418.5 384.2 364.3 358.4 345.8 338.6 325.4 314.2 298.9 279.8 267.7 255.5 247.8 234.2 222.2 209.2 184.3 163.8 156.8 136.5 116.4 106.6 92.5 62.4 41.4 32.8 14.6 3.4 -1.3 -1.3 -1.3 -1.3 -1.3 -1.3 -1.3 -1.3 -1.3 -1.3 -1.3 -1.3 -1.3 -1.3 -1.3 -1.3 -1.3 -1.3 -1.3 -1.3 34.1 58.3 75.4 95.3 109.7 125.2 147.7 168.9 198.6 211.8 223.1 238.3 237.4 227.7 215.4 199.1 190.8 185.1 181.9 177.2 167.5 159.5 153.9 148 146.7 144.9 140.8 140.1 142.4 144.2 145.2 143.9
397.5 383.6 356.1 343.8 334.7 328.6 321.3 309.3 292 279.3 269.8 246.7 230.2 223.2 213.5 197.6 169.2 155.8 144.1 127.2 107.3 93.7 76.8 49.5 30.4 19.7 2.9 -1.3 -1.3 -1.3 -1.3 -1.3 -1.3 -1.3 -1.3 -1.3 -1.3 -1.3 -1.3 -1.3 -1.3 -1.3 -1.3 -1.3 -1.3 -1.3 -1.3 32.7 54.1 75.4 93.3 109.2 123.6 140.3 164.5 189.7 205.8 219.2 237.8 247.2 238.3 225.1 214.5 198.5 187.7 183.2 178.7 173.5 165.5 157.5 153.4 152.3 148.6 145.4 143.1 143 146.8 147.8 147.8 145.9
379.8 370.7 347.3 331.9 326.8 309.3 307.5 299.7 291 279.2 258.4 228.7 215.3 214.4 204.2 182.4 162.1 143.9 132.5 117.3 100.2 83.7 66.9 45 21.3 7.5 -1.3 -1.3 -1.3 -1.3 -1.3 -1.3 -1.3 -1.3 -1.3 -1.3 -1.3 -1.3 -1.3 -1.3 -1.3 -1.3 -1.3 -1.3 -1.3 -1.3 29.8 44.6 67.6 87.4 105.2 121.5 137 158 181.4 198.8 213.3 231.8 245.5 246.4 234.5 223.3 210.2 195.3 186.1 182.5 178.6 170.2 161.2 156.3 153.2 151.6 150.2 147.3 146.8 147.2 154.5 155.3 154.8 155.9
363.5 354 335.4 309 304.7 301.3 293.4 288.5 282.9 263 239.6 219.5 210.7 205.5 193.3 170.8 153.3 133.3 123.4 111.2 90.7 73.5 59.1 39 9.8 -1.3 -1.3 -1.3 -1.3 -1.3 -1.3 -1.3 -1.3 -1.3 -1.3 -1.3 -1.3 -1.3 -1.3 -1.3 -1.3 -1.3 -1.3 -1.3 -1.3 23.1 42.2 59.3 81.9 103.2 118.3 134.3 155 171.4 190.6 208.8 226.3 239.7 246.4 243.6 235.4 218.2 204.2 194 184.9 180.4 175.3 167.1 161.6 155.6 154.5 152.9 152 153.3 153.4 155.9 158.9 161.5 161.9 161.8
347.6 336.8 310.4 292.1 289.9 288.6 286.8 273.4 266.6 245.4 224 211.2 205 197.4 183.3 153.8 142.8 128.2 116.2 104 82.7 66 47.3 22.9 -1.3 -1.3 -1.3 -1.3 -1.3 -1.3 -1.3 -1.3 -1.3 -1.3 -1.3 -1.3 -1.3 -1.3 -1.3 -1.3 -1.3 -1.3 -1.3 -1.3 -1.3 36.9 51.9 71.1 96.6 116.1 131.4 148.4 164.6 185.3 201.1 220.1 243.1 247.4 248.4 244.7 231.7 218.6 205.4 194.5 185.5 178.5 172.3 165.3 159.1 157 156.4 155 155.4 160 161.8 165.8 168.5 170.5 170.7 168.6
335.6 326.6 301.7 283.1 281 276.8 270.3 251.9 245.6 229.8 213 202.4 195 176.8 155.5 138.4 134.9 122.7 109.1 97 78.2 53.6 32.1 -1.3 -1.3 -1.3 -1.3 -1.3 -1.3 -1.3 -1.3 -1.3 -1.3 -1.3 -1.3 -1.3 -1.3 -1.3 -1.3 -1.3 -1.3 -1.3 -1.3 -1.3 31 48.9 64.1 84 107.5 126.1 142.1 161.8 181.5 197.8 214.3 235.4 253.2 255.6 253 247.1 238 221.9 207.5 191.8 181.6 175 168.8 163.5 160.7 156.6 157.5 157.2 159.4 164.1 169.3 175.1 179.6 181.2 181.7 179.5
328.2 316.7 293.2 282.7 277.3 266.9 251.6 239.7 231.1 215.9 199.9 189 174.9 159.4 143.8 132.2 134.7 117.8 101.1 85.2 60.1 42 19.3 -1.3 -1.3 -1.3 -1.3 -1.3 -1.3 -1.3 -1.3 -1.3 -1.3 -1.3 -1.3 -1.3 -1.3 -1.3 -1.3 -1.3 -1.3 -1.3 -1.3 -1.3 41.8 58.9 74.7 95.8 118.2 133.4 152.8 178.7 196.3 207.6 232.6 249.4 261.5 258.2 255.7 250.1 233.9 218.9 206.8 191 179.9 172.5 167.6 164.5 161.6 157.7 158.8 159.8 163.7 168.6 176.2 184.9 189.7 192.2 192.7 192
318.4 307 289.4 277.6 272.4 264.5 244.4 228.7 219.4 206.4 189.8 172 158.8 147.3 129.3 126.9 127.7 108.8 94.8 74.4 47.7 25.3 -1.3 -1.3 -1.3 -1.3 -1.3 -1.3 -1.3 -1.3 -1.3 -1.3 -1.3 -1.3 -1.3 -1.3 -1.3 -1.3 -1.3 -1.3 -1.3 -1.3 -1.3 32 54.1 70.2 87.3 107.9 129.1 146.3 167.9 188.2 207 228 252 259.4 264.5 260.4 255.7 249 238.9 219.6 206 189.4 178.4 172.5 168.8 165.3 162.2 160.6 162.4 164.8 168.2 178.6 185.2 192.4 199.4 205.2 205.5 214
309 298.1 283.2 268.2 256 247.8 230.7 220 210.9 196.6 179.6 165.1 151.9 144.6 131.8 121.4 111.2 96.3 77.6 56.8 33.3 16.2 -1.3 -1.3 -1.3 -1.3 -1.3 -1.3 -1.3 -1.3 -1.3 -1.3 -1.3 -1.3 -1.3 -1.3 -1.3 -1.3 -1.3 -1.3 -1.3 -1.3 18.3 42 64.7 82.4 99.7 120.8 139.5 162.8 179.6 195.9 214.5 239.2 256.9 268.9 270.8 264.1 255.4 243.7 232.6 217.6 203.7 186.4 177.4 173.9 170.1 169.1 163.2 162.2 165.9 173.1 176 184.1 193.5 203.3 211.3 224.5 241.7 246.8
303.4 291.7 275.4 259.4 241.8 231.1 218.5 210.2 197.4 186.3 175.6 164.9 149.6 141.1 129.4 114.1 97.6 78.9 61.3 39 21 7.1 -1.3 -1.3 -1.3 -1.3 -1.3 -1.3 -1.3 -1.3 -1.3 -1.3 -1.3 -1.3 -1.3 -1.3 -1.3 -1.3 -1.3 -1.3 -1.3 3.6 30.4 57.9 78.3 95.7 114.4 137 155.5 172 191 211.4 229.4 243.2 269.5 283.2 276 264.3 252.9 238 224.5 213 196.1 185.1 178.5 174.2 171.7 167.9 162.4 166.9 170.1 175.3 183.8 193.5 199.8 208.5 217.7 239.5 256.1 265.2
292 279.7 264.4 250.2 228.5 221.6 204.9 183 171.6 164.7 157.8 148.2 135.6 127.7 113.8 96.4 84.1 66.8 47.3 29.7 13.6 -1.3 -1.3 -1.3 -1.3 -1.3 -1.3 -1.3 -1.3 -1.3 -1.3 -1.3 -1.3 -1.3 -1.3 -1.3 -1.3 -1.3 -1.3 -1.3 -1.3 18 46.7 69.1 90.5 110 127.9 148.8 170.3 182.8 203.6 230.2 240.4 258.9 280.4 280.7 267.6 258.2 251.2 229.7 217.5 202.8 189.4 179.2 174.9 172.2 171.1 166.7 168.1 171.2 175.2 183.8 190 199.3 208.4 218.8 231.3 252.6 273 282.8
298.3 278.6 244.2 234.1 220 207.3 193.2 168.9 155.2 142 128.8 118.9 112.9 104.8 87.5 76.7 66.7 52.2 30.9 20.7 8.8 -1.3 -1.3 -1.3 -1.3 -1.3 -1.3 -1.3 -1.3 -1.3 -1.3 -1.3 -1.3 -1.3 -1.3 -1.3 -1.3 -1.3 -1.3 -1.3 -1.3 32.3 56.8 81.2 106.4 123.7 142 162.7 182.2 193.5 227 241 249.7 273.1 280.6 273.6 258.3 252 243 223.2 209.7 199 183.9 174.8 171.9 170.4 169 168.1 171.9 177.1 184 185 196.5 206.8 216 226.6 251 264.7 277.6 292.4
298.8 283.9 261.6 235.1 213.9 203.1 187 169.3 160.2 151.6 136.5 124.1 113.8 100 89 77.3 59 37.5 23.9 17.7 6.8 -1.3 -1.3 -1.3 -1.3 -1.3 -1.3 -1.3 -1.3 -1.3 -1.3 -1.3 -1.3 -1.3 -1.3 -1.3 -1.3 -1.3 -1.3 -1.3 29.9 43.8 70.1 95.8 116 134.7 157.6 181.7 191.4 218.2 243.9 249.7 260.3 270.2 276 271.3 263.1 252.7 233.6 214 203.5 192.3 180.7 174.2 171.6 171.1 169.7 171.1 176.4 180.8 183.9 196.6 203.6 214.3 224.6 238.5 255.6 271.2 283.6 299
295.9 284.3 269.5 252.1 236 217.8 197.4 177.7 164.7 157.3 145.2 135.1 123.1 110.3 93.5 80.3 60.3 30.5 19 11 7.7 2.6 -1.3 -1.3 -1.3 -1.3 -1.3 -1.3 -1.3 -1.3 -1.3 -1.3 -1.3 -1.3 -1.3 -1.3 -1.3 -1.3 -1.3 24.1 40.1 56.5 81.9 105.6 125.5 146.7 175.2 189.8 211.3 231.8 245.7 264.3 269.3 269.3 271.2 268.9 262.9 250.4 224.9 213.4 198.7 186.1 176.8 172.8 172 171.3 172.1 175.6 178.2 183.1 193 201.8 210.3 220 231.6 246.4 265.7 279.8 291.3 306.8
291.9 279.6 263.4 247.9 234.1 214.2 196.2 183.3 167.3 159.5 148.9 143.6 131 111.4 93.3 78.2 58.9 34 17.5 10.3 5.3 1.5 -1.3 -1.3 -1.3 -1.3 -1.3 -1.3 -1.3 -1.3 -1.3 -1.3 -1.3 -1.3 -1.3 -1.3 -1.3 -1.3 -1.3 38.8 58.5 71.2 94.4 117.1 136.5 158.8 180.7 201.2 228.6 241.3 255 270.7 267.5 264.7 270.7 263.2 258.5 241.7 220.3 207.6 191.8 178.7 174.8 173.3 172.1 172.8 176.1 178.1 181.2 189.4 197.7 206.5 218.6 233.2 245.6 255.8 269.6 288.2 303.5 315.9
286 273.7 258.3 243.3 229.7 213 192.7 183 171 159 151.2 147.2 128.1 110.6 89.3 76.4 53.7 32.5 15.6 6 1.3 -1.3 -1.3 -1.3 -1.3 -1.3 -1.3 -1.3 -1.3 -1.3 -1.3 -1.3 -1.3 -1.3 -1.3 -1.3 -1.3 -1.3 33.4 59.9 74 85.3 103.6 127.2 147.9 165.3 190.3 218.1 238.8 253.6 263.5 270.3 271.3 257.5 258.5 252.8 246.1 236 207.8 198.9 182.5 174.6 172.8 171.8 171.5 175 177.9 178.1 186.2 195.6 204.1 216.4 229.5 239.4 251.3 261.8 280.4 298 311.9 324.8
281.3 266.6 252.1 239 223.3 208.8 191.3 179.7 166.5 152.2 150.6 147 123.8 103.9 86.1 68.2 43.5 28.8 14 -1.3 -1.3 -1.3 -1.3 -1.3 -1.3 -1.3 -1.3 -1.3 -1.3 -1.3 -1.3 -1.3 -1.3 -1.3 -1.3 -1.3 -1.3 18.4 51.5 74.3 88.5 96.6 119.7 143.5 162.9 183.9 202.8 222.6 245.9 256.6 268.9 274.2 272.1 251.5 241.9 239.7 234.9 213.9 198.5 187.6 176.2 172 170.3 170.6 173.1 176.9 180.9 184.4 192.6 198.8 212.2 225.6 236.9 250.1 263.4 274.5 289 305.7 317.3 332.5
278.6 261.7 247.5 235.6 219.5 202.4 188.9 176.7 160.9 148.6 148.3 133.2 114.2 94 76 51.5 34.1 22.6 6 -1.3 -1.3 -1.3 -1.3 -1.3 -1.3 -1.3 -1.3 -1.3 -1.3 -1.3 -1.3 -1.3 -1.3 -1.3 -1.3 -1.3 -1.3 38.2 66.8 88.1 103 116.3 139 162.5 178.1 197 220.7 239.5 255.5 260.3 271 278.3 271 249.8 234.2 228.3 216.6 200.5 190.9 180.3 174.3 170 168.8 170.8 174.9 180.4 181.2 189.4 199.2 208.5 221.4 233.7 246.1 259.5 271.7 282.2 292.5 309.2 324.5 353.7
274.8 256.8 243.6 230.5 214 198.5 186.7 174.3 158.3 142.1 135.3 123.3 104.5 87.6 73 45.4 30.9 15.4 -1.3 -1.3 -1.3 -1.3 -1.3 -1.3 -1.3 -1.3 -1.3 -1.3 -1.3 -1.3 -1.3 -1.3 -1.3 -1.3 -1.3 -1.3 22.2 51 79.9 100 116.6 135.1 155.6 173.8 191.2 215.5 234.5 253.1 261.5 267.2 271.6 274.3 268.9 245 225.4 216.3 203.7 196.4 187.1 177 170.5 168.5 168.6 172.9 177 179.3 187.6 199.4 208.7 218.6 232.1 240.9 252.3 268.3 280.4 289.9 299.7 318.4 341.5 371.2
274.8 255.8 243.3 221.6 207.9 197.4 182 164.9 149.8 137 126.1 108.8 103.6 85 63 42.8 26.5 8.1 -1.3 -1.3 -1.3 -1.3 -1.3 -1.3 -1.3 -1.3 -1.3 -1.3 -1.3 -1.3 -1.3 -1.3 -1.3 -1.3 -1.3 -1.3 35 64.5 93.4 113.6 132.4 151.1 174.1 192.7 212.8 227.2 241.8 261.2 268.6 270.5 271.6 269.4 259.8 241.5 218.6 209.6 193.7 190.1 181.2 172.5 167.1 169.3 171 175.2 178.6 183.9 192.2 203.5 212.8 226.3 241.4 252.1 259.1 277.9 291.6 299.6 308.5 339.2 355.9 380.5
269.2 248.3 232.8 216.6 203.5 191 175.7 157 145.2 128.7 115.1 97.9 90.7 75.5 56.4 42.1 23.1 2.6 -1.3 -1.3 -1.3 -1.3 -1.3 -1.3 -1.3 -1.3 -1.3 -1.3 -1.3 -1.3 -1.3 -1.3 -1.3 -1.3 -1.3 29.9 47.5 75.6 104.1 126.7 145.6 165.2 187.5 208.9 231.2 240.4 258.4 267.6 270.8 270.9 273.7 263.7 248.8 233.8 215.2 203.7 191.8 182.3 174.2 169.4 166.6 168.1 172.7 178.1 180.5 189.1 199.6 207.6 219.4 234.1 248.9 259.6 271.5 285.7 298.2 308.4 330.2 352 366.4 386.9
265.2 241.1 226 210.4 197.2 184.9 170.1 151.9 138.1 122.2 108.9 89.5 77.5 69.4 53.1 41.5 26.9 -1.3 -1.3 -1.3 -1.3 -1.3 -1.3 -1.3 -1.3 -1.3 -1.3 -1.3 -1.3 -1.3 -1.3 -1.3 -1.3 -1.3 13.3 38.2 59.4 87.8 116.9 137.6 156.7 176.4 199 227.7 245 255.8 269.8 271.6 271.1 269.7 267.7 251.3 236.9 223.8 213.3 199.8 189.8 178.6 170.5 166.8 167.3 170 174.2 180.7 185.3 195 205.5 216.1 228.1 241.6 254.8 266.9 279.4 294 306.8 319 339.3 364.3 375.4 385.4
252.8 233.2 218.8 203.8 189.1 179.9 164.1 148.9 131.8 119.3 99.5 77.5 65.5 59.2 54 37.4 9 -1.3 -1.3 -1.3 -1.3 -1.3 -1.3 -1.3 -1.3 -1.3 -1.3 -1.3 -1.3 -1.3 -1.3 -1.3 -1.3 -1.3 22.4 42.5 70.1 98.5 124.3 147.1 164.1 188.4 213.8 246.5 260.4 270.2 278 278.6 271 261 249.7 237.7 229.8 216.6 205.7 193.6 183.5 176.8 168.9 165.6 168.2 171.4 178.2 183.2 193.6 203.7 213.6 224.5 237.4 250.2 262.1 273.9 287.9 303.4 317.4 328.4 347.7 363.8 377.2 394.2
239.5 224.2 210.6 200.9 182.7 175.4 156.3 138.4 122.3 105.1 86 66.5 60 58.9 52 33.2 -1.3 -1.3 -1.3 -1.3 -1.3 -1.3 -1.3 -1.3 -1.3 -1.3 -1.3 -1.3 -1.3 -1.3 -1.3 -1.3 -1.3 -1.3 28.7 53.3 80.2 107.1 135.6 156.3 175.9 200.1 233.4 259.2 274.8 277.5 284.4 281.5 274.7 259.9 243.2 231.2 220.5 212.9 198.4 185.9 178.7 171.5 163.9 166.7 170 173.3 181 188.6 198.5 209.1 219.5 232.7 245.5 259.5 270.6 283.3 297.7 313.3 326.6 338.3 354.9 373.7 390 407.4
233.1 220.8 206.3 188.3 174.7 165.6 147.6 131.5 114.1 95.4 79.2 59.3 51.5 59.6 53.1 37.9 -1.3 -1.3 -1.3 -1.3 -1.3 -1.3 -1.3 -1.3 -1.3 -1.3 -1.3 -1.3 -1.3 -1.3 -1.3 -1.3 -1.3 15.9 41.5 63.8 91.1 118.8 143.8 164.2 187.4 210.3 243.8 267.9 282.3 283.7 287.4 287.8 279.6 264.5 244.8 223.5 214.3 207.1 191.7 178.4 172.5 165.2 163.1 166.8 170.8 176.3 184.9 193.8 204.4 214.8 226.6 239.8 253.1 270.4 281.2 293.4 307.6 324.3 333 347 371.9 387.2 403.4 422.1
228.1 215.4 202.5 179.8 168.4 158.2 145.8 124.4 103.9 87.4 71.8 56.9 46.3 58.5 51.8 36 -1.3 -1.3 -1.3 -1.3 -1.3 -1.3 -1.3 -1.3 -1.3 -1.3 -1.3 -1.3 -1.3 -1.3 -1.3 -1.3 8.6 33.1 52.7 74 101.5 133.7 158.1 173 191.8 222.3 248.7 275.8 280.8 284.3 289.5 289.8 280.5 262.3 241.1 220.4 208.2 196.3 182.2 173.1 169.5 161.8 162.8 167.5 171.9 180.6 189.9 198.8 210.8 220.5 233.2 246.2 260.1 277.7 292.3 304.6 317.3 330.8 345.2 356.8 380.7 400.4 414.5 439.8
