data/220000-680000.asc
ncols 200
nrows 200
xllcorner 220000
yllcorner 680000
cellsize 50
[rows 108 to 143 of 200, columns 0 to 81 of 200]
-1.3 -1.3 -1.3 -1.3 -1.3 -1.3 -1.3 -1.3 -1.3 -1.3 -1.3 -1.3 -1.3 -1.3 -1.3 -1.3 -1.3 -1.3 -1.3 -1.3 -1.3 -1.3 -1.3 -1.3 -1.3 -1.3 -1.3 1.1 19.8 35.5 43.4 51.4 60.4 69.7 74.6 80.9 88.9 96.8 102.8 107.4 111.1 111.7 112.6 113.5 114.4 115.9 116.1 116.6 117.6 117.7 118.2 118.9 120.4 121.9 124.6 129.2 134.3 138.3 143.3 147.1 150.5 154.1 157.9 161.8 164 165.2 166.5 167.8 167.5 166.6 166.6 166.7 166.5 166 164.7 167.3 170.2 166.5 160.3 154.1 145.3 135.1
-1.3 -1.3 -1.3 -1.3 -1.3 -1.3 -1.3 -1.3 -1.3 -1.3 -1.3 -1.3 -1.3 -1.3 -1.3 -1.3 -1.3 -1.3 -1.3 -1.3 -1.3 -1.3 -1.3 -1.3 -1.3 -1.3 -1.3 1.5 25 39.4 47.3 59.4 67.4 75.5 81 85.1 90.8 98.2 105.8 107.9 110.1 110.3 111.3 113 114.9 114.3 114 115.1 115.7 116 115.9 116.3 118.1 119.1 121.8 125.5 128.9 133.8 138.9 143.6 147.4 151.1 154.9 159 162.6 163.9 165 166.2 166.4 166.5 166.6 166.6 166.6 166.1 165.7 170 171 168.8 163.4 157.5 149 139.2
-1.3 -1.3 -1.3 -1.3 -1.3 -1.3 -1.3 -1.3 -1.3 -1.3 -1.3 -1.3 -1.3 -1.3 -1.3 -1.3 -1.3 -1.3 -1.3 -1.3 -1.3 -1.3 -1.3 -1.3 -1.3 -1.3 -1.3 4.1 30.1 42.5 51.3 62.6 71.3 78.9 84.3 87.6 90.7 99.3 106.7 108.3 111.2 110.8 111.8 113.7 113.3 113.1 112.9 113.4 113.1 113.6 114.6 114.6 115.9 116.9 118.8 121.7 124.8 130.3 136 140.4 144.4 148.2 152 156.2 160.3 162.6 163.8 165 166.1 166.2 166.4 166.5 166.6 166.7 168.3 171 171 171 164.5 158.8 153.2 144.5
-1.3 -1.3 -1.3 -1.3 -1.3 -1.3 -1.3 -1.3 -1.3 -1.3 -1.3 -1.3 -1.3 -1.3 -1.3 -1.3 -1.3 -1.3 -1.3 -1.3 -1.3 -1.3 -1.3 -1.3 -1.3 -1.3 -1.3 9.8 31.8 44.5 53.7 63 70.7 79.3 85.7 89.5 94.1 102.2 111.8 115.2 114.2 112.2 112.7 112.3 112.1 111.8 112 111.4 110.9 109.7 112.3 113 113.3 112.6 115.7 118.9 122.4 127.5 132.6 137 141.3 145.3 149.2 153.3 157.5 160.8 162.6 163.9 165.1 165.8 165.9 166.1 166.3 166.9 168.4 170.8 170.3 169.9 165.8 160.3 154.8 150.3
-1.3 -1.3 -1.3 -1.3 -1.3 -1.3 -1.3 -1.3 -1.3 -1.3 -1.3 -1.3 -1.3 -1.3 -1.3 -1.3 -1.3 -1.3 -1.3 -1.3 -1.3 -1.3 -1.3 -1.3 -1.3 -1.3 -1.3 13.3 32.8 45.5 54.7 63.5 69.8 74.9 84.6 91.5 97.5 107.7 118 121.6 119.6 114.5 113 112.9 111.9 110.6 109.9 109.4 108.8 107.9 110.7 111 111.2 110.9 111.2 116.3 120.1 124.9 129.2 133.6 137.9 142.3 146.5 150.8 155.1 158.8 161.2 162.7 164 165.1 165.6 165.8 166 166.2 168.2 170.4 171 169.2 165.5 161.8 156.7 151
-1.3 -1.3 -1.3 -1.3 -1.3 -1.3 -1.3 -1.3 -1.3 -1.3 -1.3 -1.3 -1.3 -1.3 -1.3 -1.3 -1.3 -1.3 -1.3 -1.3 -1.3 -1.3 -1.3 -1.3 -1.3 -1.3 -1.3 14.8 33.3 45.8 54.7 62.1 71.7 84.3 89.2 93.5 100.7 111.3 120.2 124.6 124.5 118.2 113.8 113.6 112.1 110.1 108.1 107.3 106.8 106.2 107.8 108.6 107.6 104.5 109.3 115 117.9 122.6 125.5 131.2 136.3 140.9 145.3 149.4 153.6 156.7 159.4 161.4 162.5 164.3 165.3 165.2 165.5 165.7 167.4 170.8 170.5 168.7 164.7 160.6 156.7 151.3
-1.3 -1.3 -1.3 -1.3 -1.3 -1.3 -1.3 -1.3 -1.3 -1.3 -1.3 -1.3 -1.3 -1.3 -1.3 -1.3 -1.3 -1.3 -1.3 -1.3 -1.3 -1.3 -1.3 -1.3 -1.3 -1.3 -1.3 13.3 32.3 45.2 55.1 63.5 76.7 87.2 94.1 96.6 103.4 111.8 118.6 122.7 123.1 120.6 114.9 113.9 112 109.4 107.3 106 105.1 103.3 105.3 106.1 104.3 103.6 113.2 117.6 122 123.2 126.6 130.4 135.1 139.7 144.1 148.4 151.1 154.3 157.5 159.9 161.6 163.5 165.2 165.1 165.1 165.2 168 170.9 171 170.9 167.9 162.2 157.5 152.3
-1.3 -1.3 -1.3 -1.3 -1.3 -1.3 -1.3 -1.3 -1.3 -1.3 -1.3 -1.3 -1.3 -1.3 -1.3 -1.3 -1.3 -1.3 -1.3 -1.3 -1.3 -1.3 -1.3 -1.3 -1.3 -1.3 -1.3 9.8 31.8 48.2 57.2 66.6 76.8 88 96.2 98.3 103.4 109.6 116.7 118.7 119.6 118.7 117 113.9 111.4 108.6 106.7 105 103.9 101.1 102.2 103.6 101.7 105.4 113.2 115.4 119.1 122.3 123.9 129.2 133.6 137.1 140.6 144.4 148.8 152.6 156.3 159 160.8 162.7 164.6 165 165.2 165.9 168 170.5 170.8 171 169.1 163.1 158.1 152.3
-1.3 -1.3 -1.3 -1.3 -1.3 -1.3 -1.3 -1.3 -1.3 -1.3 -1.3 -1.3 -1.3 -1.3 -1.3 -1.3 -1.3 -1.3 -1.3 -1.3 -1.3 -1.3 -1.3 -1.3 -1.3 -1.3 -1.3 18.7 38.5 50.4 58.1 67.8 78.3 88 94.1 97.2 100.9 107.6 114.2 116.2 116.5 116.5 115.4 113.7 110.6 107.9 106.1 104.4 102.6 100.4 99.5 99.7 99 100.9 107.9 112.2 116.8 120.6 122.3 125.3 130 134.2 141 146.6 151.2 153.5 156.3 158.3 160.2 162.1 163.9 165.3 165.8 166.4 167 170.5 170.9 171 168.1 163.4 158.1 152.2
-1.3 -1.3 -1.3 -1.3 -1.3 -1.3 -1.3 -1.3 -1.3 -1.3 -1.3 -1.3 -1.3 -1.3 -1.3 -1.3 -1.3 -1.3 -1.3 -1.3 -1.3 -1.3 -1.3 -1.3 -1.3 -1.3 -1.3 18.3 41.6 50.4 61.4 71.5 79.5 86.6 91.5 93.5 97.1 103 110.4 112.8 113.6 113.6 113.6 112.7 111 107.2 104.9 103 101.2 98.2 95.2 96.1 96.8 97.8 102.9 107.9 113.4 118.4 120.2 120.8 125.2 133.5 143.5 148.6 151.5 154.6 155.5 157.6 159.6 161.4 163.9 165.3 165.8 166.3 166.8 169.2 171 170.8 167.4 163.3 157.9 152.2
-1.3 -1.3 -1.3 -1.3 -1.3 -1.3 -1.3 -1.3 -1.3 -1.3 -1.3 -1.3 -1.3 -1.3 -1.3 -1.3 -1.3 -1.3 -1.3 -1.3 -1.3 -1.3 -1.3 -1.3 -1.3 -1.3 -1.3 21.3 36.3 48.5 55.6 70.7 78.2 86.2 89 90.6 94.3 99 103.6 108 109.3 110.3 110.9 111.1 110.2 106.7 103.4 101.6 99.8 96.9 94 91.8 94 95.8 99.7 105.5 111.6 114.3 115.3 116.5 127.1 136.9 144.2 150.1 152.7 155.5 156.2 157.6 159 161.5 164.1 165.3 165.8 166.3 166.7 168.1 171 169.7 166.5 162.8 158.2 152.4
-1.3 -1.3 -1.3 -1.3 -1.3 -1.3 -1.3 -1.3 -1.3 -1.3 -1.3 -1.3 -1.3 -1.3 -1.3 -1.3 -1.3 -1.3 -1.3 -1.3 -1.3 -1.3 -1.3 -1.3 -1.3 -1.3 -1.3 19.6 36.8 47.7 54 67.5 76.6 83.7 85.8 87.7 91 93.5 97.9 102.2 105.5 107 107.5 107.7 107 104.9 102.4 100.1 98.4 96 93 88.4 90.8 94.6 98.4 103.1 107.2 105.8 112.9 119.3 126.8 137.6 144.6 149.5 153.1 155.5 157.1 158.7 160.3 161.7 164.3 165.4 165.9 166.3 166.7 167.2 171 170 166.4 163.5 159.8 154.6
-1.3 -1.3 -1.3 -1.3 -1.3 -1.3 -1.3 -1.3 -1.3 -1.3 -1.3 -1.3 -1.3 -1.3 -1.3 -1.3 -1.3 -1.3 -1.3 -1.3 -1.3 -1.3 -1.3 -1.3 -1.3 -1.3 -1.3 15.9 31.8 42.5 49.8 62.6 72.1 77.3 81 83.5 86.5 89.1 92.4 96.9 102 103.6 104.1 103.8 103.1 102.9 100.4 98 96 94.7 91.9 86 89 91.5 95.3 95.7 98.9 108.1 116 121.8 128.8 136.8 143.1 147.9 151.8 156 157.8 159.3 160.9 163.4 164.5 165.4 165.8 166.2 166.8 167.6 170.2 170.8 168.9 165.6 162 158.3
-1.3 -1.3 -1.3 -1.3 -1.3 -1.3 -1.3 -1.3 -1.3 -1.3 -1.3 -1.3 -1.3 -1.3 -1.3 -1.3 -1.3 -1.3 -1.3 -1.3 -1.3 -1.3 -1.3 -1.3 -1.3 -1.3 -1.3 10.8 27.3 37.1 44.8 54.1 64.7 71.1 75.9 78.4 81.2 84.7 88.2 92.4 98.7 100.2 100.7 100.1 99.2 98.4 97.8 95.3 93.4 92.1 90.5 83.2 86.6 89.1 91.7 89.9 101.4 111.2 119.5 126.3 130.8 136 141.7 146.2 151 155.6 158.4 160 161.7 164.1 165.1 165.8 166.5 167.3 168 168.7 171.3 172.5 170.9 169.2 166.5 165.2
-1.3 -1.3 -1.3 -1.3 -1.3 -1.3 -1.3 -1.3 -1.3 -1.3 -1.3 -1.3 -1.3 -1.3 -1.3 -1.3 -1.3 -1.3 -1.3 -1.3 -1.3 -1.3 -1.3 -1.3 -1.3 -1.3 -1.3 -1.3 18.4 31.5 39.7 47.9 56.7 64.2 70.8 73.8 77.2 80.6 83.3 88.8 96.5 98 97.2 95.7 94.7 93.7 93.4 91.9 90.4 89.1 87.7 83.1 83.4 85.7 86 92 104.6 113.8 119.5 126.1 131.3 135.9 140.5 145.5 150.3 155.2 158.3 160.5 162.4 165 166.1 167 167.7 168.5 169.2 170.1 173.3 175.7 176.3 176.6 176.9 175
-1.3 -1.3 -1.3 -1.3 -1.3 -1.3 -1.3 -1.3 -1.3 -1.3 -1.3 -1.3 -1.3 -1.3 -1.3 -1.3 -1.3 -1.3 -1.3 -1.3 -1.3 -1.3 -1.3 -1.3 -1.3 -1.3 -1.3 -1.3 11.5 27 34.9 42.5 51.1 60 65.2 68.1 71.7 75.1 77.1 81.7 90.5 92.8 93.2 91.1 90.3 89.5 89.1 89.2 87.9 86.3 84.7 81.4 80.8 82.3 86.9 99.6 108.2 114.3 119.5 126.1 132.2 137 141.5 145.5 150.2 154.9 158.1 160.4 162.4 164.8 166.9 168.1 168.9 169.7 170.4 171.4 174.9 180.2 182.8 183 181.9 180.2
-1.3 -1.3 -1.3 -1.3 -1.3 -1.3 -1.3 -1.3 -1.3 -1.3 -1.3 -1.3 -1.3 -1.3 -1.3 -1.3 -1.3 -1.3 -1.3 -1.3 -1.3 -1.3 -1.3 -1.3 -1.3 -1.3 -1.3 -1.3 9.7 26.5 31.3 38.2 47.4 54.3 59 62.8 65 68.3 68.4 77.6 85.8 88.7 88.7 88.6 88.4 88.4 87.2 86.6 85.7 84.1 82.4 79.9 79.2 79.7 93.3 101.6 109.8 115.8 121.6 127.6 133.6 138.5 142.4 145.8 150.5 154.7 157.7 160 162.2 164.3 166 167.6 169.1 170.7 171.7 173.3 178.2 186 188.1 188 186.3 184.4
-1.3 -1.3 -1.3 -1.3 -1.3 -1.3 -1.3 -1.3 -1.3 -1.3 -1.3 -1.3 -1.3 -1.3 -1.3 -1.3 -1.3 -1.3 -1.3 -1.3 -1.3 -1.3 -1.3 -1.3 -1.3 -1.3 -1.3 -1.3 8.4 22.2 26.5 34.2 41.6 47.7 52.3 57.5 59.2 63.2 65.1 79.3 84 85.4 86 86.1 86.9 86.4 85.7 84.6 82.8 81.6 79.2 75.7 76.1 81.7 96.7 104.2 110.8 116.1 121.7 128.4 134.7 140 143.2 146.5 150.7 154.2 156.9 159.3 161.5 163.6 165.6 167.1 168.7 170.8 173.8 176.9 182.7 190.3 191.8 191.6 190.7 188.7
-1.3 -1.3 -1.3 -1.3 -1.3 -1.3 -1.3 -1.3 -1.3 -1.3 -1.3 -1.3 -1.3 -1.3 -1.3 -1.3 -1.3 -1.3 -1.3 -1.3 -1.3 -1.3 -1.3 -1.3 -1.3 -1.3 -1.3 -1.3 -1.3 8.7 19.2 27 34.2 41.5 47.9 51.8 54.3 58.4 63.7 71.2 77.4 80.8 83.7 84.3 85.3 85 84.8 83.6 81.4 79.6 76.1 73.6 76.3 83.5 96.7 105.5 110.1 116.3 121.7 127.9 135.3 141.2 144 147 150.7 153.5 156.2 158.6 160.8 162.9 165.1 166.7 168.8 171.8 174.8 178.9 185.9 190.2 192.6 194.6 194.5 195.1
-1.3 -1.3 -1.3 -1.3 -1.3 -1.3 -1.3 -1.3 -1.3 -1.3 -1.3 -1.3 -1.3 -1.3 -1.3 -1.3 -1.3 -1.3 -1.3 -1.3 -1.3 -1.3 -1.3 -1.3 -1.3 -1.3 -1.3 -1.3 -1.3 5.9 8.4 15.2 23.7 36.1 43.4 46.9 49.8 53.9 60.3 68.7 74.1 78.9 81.8 81.5 82.4 83.3 84.3 82.8 80.6 77.6 74.1 73.3 78 84.5 96.2 104.9 111.9 117.3 122.2 128.3 134.6 139.2 143 146.7 150 152.7 155.4 157.9 160.1 162.2 164.4 166.7 169.1 171.5 173.9 177.9 186.4 192 195.4 198.4 196.8 196.8
-1.3 -1.3 -1.3 -1.3 -1.3 -1.3 -1.3 -1.3 -1.3 -1.3 -1.3 -1.3 -1.3 -1.3 -1.3 -1.3 -1.3 -1.3 -1.3 -1.3 -1.3 -1.3 -1.3 -1.3 -1.3 -1.3 -1.3 -1.3 -1.3 -1.3 6.3 8.7 16.5 29 36.4 41.7 46.2 51 57.7 66.4 70.7 74.2 77.6 78.5 79.3 80.3 81.3 81.4 78 73.1 69.8 75.6 78.9 85.5 95.4 103.5 110.9 116.4 121.9 126.7 133 138.1 141.9 145.7 149.2 152 154.7 157.2 159.4 161.5 163.4 165.6 168.1 170.5 172.9 176.3 186.8 193.4 200 200.1 198.4 197.9
-1.3 -1.3 -1.3 -1.3 -1.3 -1.3 -1.3 -1.3 -1.3 -1.3 -1.3 -1.3 -1.3 -1.3 -1.3 -1.3 -1.3 -1.3 -1.3 -1.3 -1.3 -1.3 -1.3 -1.3 -1.3 -1.3 -1.3 -1.3 -1.3 -1.3 -1.3 6.9 9.6 19.2 27.2 34.4 40.3 45.5 52.7 60.6 69.6 73.1 74.5 76.1 76.6 77.4 78.3 79 76.7 71.8 70.1 76.9 80.9 87 92.9 101.6 108.7 114.3 120.8 126 131 137.1 140.9 144.7 148.3 151.1 154 156.5 158.6 160.4 162.4 164.5 166.9 169.4 171.8 176.3 186.2 193.8 198.8 200 198 197.9
-1.3 -1.3 -1.3 -1.3 -1.3 -1.3 -1.3 -1.3 -1.3 -1.3 -1.3 -1.3 -1.3 -1.3 -1.3 -1.3 -1.3 -1.3 -1.3 -1.3 -1.3 -1.3 -1.3 -1.3 -1.3 -1.3 -1.3 -1.3 -1.3 -1.3 -1.3 4.5 8.2 12.4 24.8 32.4 38.2 43.4 54.4 60.7 70 73.8 74.5 74.3 74.2 74.8 75.5 76.2 75.9 72.6 69.7 77 79.2 85 93 102.1 109 113.8 120.1 124.1 128.9 135.2 139.8 143.5 147.5 150.9 154.1 155.8 158 160.2 162.4 164.4 166.3 168.4 170.9 175.4 186 193.8 197.7 198.7 197.9 197.1
-1.3 -1.3 -1.3 -1.3 -1.3 -1.3 -1.3 -1.3 -1.3 -1.3 -1.3 -1.3 -1.3 -1.3 -1.3 -1.3 -1.3 -1.3 -1.3 -1.3 -1.3 -1.3 -1.3 -1.3 -1.3 -1.3 -1.3 -1.3 -1.3 -1.3 -1.3 -1.3 4.1 17.8 25.1 30.8 35.3 41.3 49.6 55.9 70.9 73.7 79.9 73.3 71.9 72.6 73.3 73.5 72.2 66.1 72.8 75.3 78.1 84.6 93 102.5 109.4 114.1 119.1 121.8 127 132.5 135.6 142.3 146.4 150 153.2 155.3 158.1 160.4 162.3 164.5 166.3 168.1 171.7 177.1 186.6 192.7 196.1 196.9 196.4 195.7
-1.3 -1.3 -1.3 -1.3 -1.3 -1.3 -1.3 -1.3 -1.3 -1.3 -1.3 -1.3 -1.3 -1.3 -1.3 -1.3 -1.3 -1.3 -1.3 -1.3 -1.3 -1.3 -1.3 -1.3 -1.3 -1.3 -1.3 -1.3 -1.3 -1.3 -1.3 -1.3 7.1 19.5 23.8 26.8 30.7 35.6 42.9 50.8 59 67.3 71 70.7 70.6 70.6 70.5 69.3 67.2 66.4 72.7 74.8 78.2 86 93.9 100.2 107.1 112.4 117.9 122.5 126.9 131.3 135.8 140.2 145.4 148.7 152 154.7 157.5 160.3 163.1 165 166.6 168.4 172.5 178.1 185.2 191.1 193.9 194.8 194.5 194.1
-1.3 -1.3 -1.3 -1.3 -1.3 -1.3 -1.3 -1.3 -1.3 -1.3 -1.3 -1.3 -1.3 -1.3 -1.3 -1.3 -1.3 -1.3 -1.3 -1.3 -1.3 -1.3 -1.3 -1.3 -1.3 -1.3 -1.3 -1.3 -1.3 -1.3 -1.3 -1.3 -1.3 7.1 14.2 21.7 26.1 30.8 37.3 45.6 53.4 58.9 65.7 66.9 68.2 69.3 68.7 66.9 62 65.6 69.8 72.1 77.1 82.6 92.4 100 106.3 112.1 117.4 121.8 126.2 130.4 134.6 139.8 144.2 147.5 151.1 153.7 156.5 159.3 162.1 165.6 167.1 169.4 173 178 184.6 190.2 192.3 193.1 192.6 192.1
-1.3 -1.3 -1.3 -1.3 -1.3 -1.3 -1.3 -1.3 -1.3 -1.3 -1.3 -1.3 -1.3 -1.3 -1.3 -1.3 -1.3 -1.3 -1.3 -1.3 -1.3 -1.3 -1.3 -1.3 -1.3 -1.3 -1.3 -1.3 -1.3 -1.3 -1.3 -1.3 -1.3 -1.3 6.5 11.8 20 25.8 31.7 39.7 48.3 53.6 59.1 62.5 64.1 65.5 66.1 64.9 57.1 63.5 68 70.9 75 82.3 91.1 99 105.9 112.1 116.8 120.4 125.4 130.1 134.7 139.2 143.3 147 150.5 152.9 155.4 157.8 160.7 165.5 167.5 170.4 173.3 178.2 182.9 188.2 190 190.9 191.4 190.8
-1.3 -1.3 -1.3 -1.3 -1.3 -1.3 -1.3 -1.3 -1.3 -1.3 -1.3 -1.3 -1.3 -1.3 -1.3 -1.3 -1.3 -1.3 -1.3 -1.3 -1.3 -1.3 -1.3 -1.3 -1.3 -1.3 -1.3 -1.3 -1.3 -1.3 -1.3 -1.3 -1.3 -1.3 -1.3 6.9 8.9 17.2 25.8 33.1 43.2 49.1 53.8 56.6 58.9 60.2 62.8 60.9 56.2 62.2 67.2 69.4 72.5 80.5 88.7 97.1 104.1 110.1 113.8 120.5 126.2 130.5 134.8 139.2 142.7 146.7 149.7 152.1 154.8 157.8 161.5 165.5 168.3 171 173.7 177.3 180.9 184.8 187.8 188.7 189.1 188.8
-1.3 -1.3 -1.3 -1.3 -1.3 -1.3 -1.3 -1.3 -1.3 -1.3 -1.3 -1.3 -1.3 -1.3 -1.3 -1.3 -1.3 -1.3 -1.3 -1.3 -1.3 -1.3 -1.3 -1.3 -1.3 -1.3 -1.3 -1.3 -1.3 -1.3 -1.3 -1.3 -1.3 -1.3 -1.3 2.4 6.9 8.8 15.7 27.4 34 43.5 48.8 51.5 54.3 57.2 59.9 55.1 55.1 60.8 65.6 67.7 70.5 80.8 87.5 92.1 100.4 108.5 114.4 120 125.5 129.9 134.4 138.3 141.9 146.4 150 153.1 156.3 159.4 162.2 165.1 167.9 170.5 172.8 175 178.6 182 185.5 186.4 185.6 185.9
-1.3 -1.3 -1.3 -1.3 -1.3 -1.3 -1.3 -1.3 -1.3 -1.3 -1.3 -1.3 -1.3 -1.3 -1.3 -1.3 -1.3 -1.3 -1.3 -1.3 -1.3 -1.3 -1.3 -1.3 -1.3 -1.3 -1.3 -1.3 -1.3 -1.3 -1.3 -1.3 -1.3 -1.3 -1.3 -1.3 4.5 6.9 8.1 15.3 27.8 36.4 43.6 47.5 50.2 52.7 54.8 48.1 53.4 59.5 63.1 64.7 68.9 80.6 88.5 95.9 99.2 106.8 113.4 118.4 125 130 133.5 137 141.7 147.2 150.9 153.4 156.7 159 161 164 167.1 169.5 171.5 173.5 176.3 179.7 182.2 183 183.2 183.4
-1.3 -1.3 -1.3 -1.3 -1.3 -1.3 -1.3 -1.3 -1.3 -1.3 -1.3 -1.3 -1.3 -1.3 -1.3 -1.3 -1.3 -1.3 -1.3 -1.3 -1.3 -1.3 -1.3 -1.3 -1.3 -1.3 -1.3 -1.3 -1.3 -1.3 -1.3 -1.3 -1.3 -1.3 -1.3 -1.3 -1.3 5.8 6.5 8.3 17.8 28.5 37.6 43.3 46.2 49.1 49.1 46.5 52.1 58.6 59 61.5 67.8 76.9 87.3 93.9 98.8 104.5 112.1 117.2 123.6 128.4 132.5 137 142.7 147.1 150.8 154 156.8 158.5 160.3 163.3 166.1 168.2 170.2 172.2 174.2 177.1 177.8 179 180.2 181.3
-1.3 -1.3 -1.3 -1.3 -1.3 -1.3 -1.3 -1.3 -1.3 -1.3 -1.3 -1.3 -1.3 -1.3 -1.3 -1.3 -1.3 -1.3 -1.3 -1.3 -1.3 -1.3 -1.3 -1.3 -1.3 -1.3 -1.3 -1.3 -1.3 -1.3 -1.3 -1.3 -1.3 -1.3 -1.3 -1.3 -1.3 -1.3 6 7.8 12.9 23.4 32.2 37.3 42.2 45.2 42.4 43.7 51.2 56 53.9 59.4 65.9 74.1 83.9 91.4 96.9 103 110.1 114.8 120.9 127.9 133.7 139.1 143.3 146.8 150.6 153.7 156.2 157.9 159.7 162.1 164.8 167 169 171 172.9 174.1 175.3 176.6 177.8 178.9
-1.3 -1.3 -1.3 -1.3 -1.3 -1.3 -1.3 -1.3 -1.3 -1.3 -1.3 -1.3 -1.3 -1.3 -1.3 -1.3 -1.3 -1.3 -1.3 -1.3 -1.3 -1.3 -1.3 -1.3 -1.3 -1.3 -1.3 -1.3 -1.3 -1.3 -1.3 -1.3 -1.3 -1.3 -1.3 -1.3 -1.3 -1.3 2.3 7 9.4 19.3 27.7 33.1 37.9 40.4 35.3 40.9 49.1 50.8 49.2 57.6 63.5 72.7 82.6 90 94.7 101.9 108.8 114.6 122.2 130.2 133.6 139.1 142.6 145.1 150.3 153.4 155.8 157.4 158.8 160.1 163.5 165.8 167.9 169.4 170.5 171.7 173 174.2 175.3 176.3
-1.3 -1.3 -1.3 -1.3 -1.3 -1.3 -1.3 -1.3 -1.3 -1.3 -1.3 -1.3 -1.3 -1.3 -1.3 -1.3 -1.3 -1.3 -1.3 -1.3 -1.3 -1.3 -1.3 -1.3 -1.3 -1.3 -1.3 -1.3 -1.3 -1.3 -1.3 -1.3 -1.3 -1.3 -1.3 -1.3 -1.3 -1.3 -1.3 4.7 8.9 14.1 20.9 27.8 32.7 33.8 30.2 40.6 45.9 43.4 49.5 57.2 62.9 71.9 83.2 91.1 96 101.4 109.4 116.4 122.2 129.2 133.3 138.1 140.8 144.4 149.7 152.8 155.8 156.6 157.9 159.2 160.8 165.1 165.9 167 168.2 169.4 170.5 171.6 172.8 173.8
-1.3 -1.3 -1.3 -1.3 -1.3 -1.3 -1.3 -1.3 -1.3 -1.3 -1.3 -1.3 -1.3 -1.3 -1.3 -1.3 -1.3 -1.3 -1.3 -1.3 -1.3 -1.3 -1.3 -1.3 -1.3 -1.3 -1.3 -1.3 -1.3 -1.3 -1.3 -1.3 -1.3 -1.3 -1.3 -1.3 -1.3 -1.3 -1.3 -1.3 7.4 9.1 11.7 19.7 25.2 23.1 33.7 41.4 40.3 42.4 51.3 56.9 64.2 73.2 82.8 90.4 96.6 103.7 110.1 116.7 120.9 125.1 131 134.7 139 144 149.3 153.7 155.8 157 158.2 159.1 159.9 162.2 163.4 164.6 165.7 166.9 168 169.1 170.2 171.2
-1.3 -1.3 -1.3 -1.3 -1.3 -1.3 -1.3 -1.3 -1.3 -1.3 -1.3 -1.3 -1.3 -1.3 -1.3 -1.3 -1.3 -1.3 -1.3 -1.3 -1.3 -1.3 -1.3 -1.3 -1.3 -1.3 -1.3 -1.3 -1.3 -1.3 -1.3 -1.3 -1.3 -1.3 -1.3 -1.3 -1.3 -1.3 -1.3 -1.3 4.4 6.9 8.5 15.1 18.6 26.6 32 35.9 36.2 47.1 55.2 57.9 68.5 76.1 82.7 88.8 95.9 103.7 110.7 116.6 123.4 130.6 137.9 139.8 143.3 149.3 152 155.7 156.3 157.1 157.8 158.6 159.3 160.1 161.6 163.1 163.8 164.6 165.5 166.6 167.7 168.7
