data/220000-880000.asc
ncols 200
nrows 200
xllcorner 220000
yllcorner 880000
cellsize 50
[rows 105 to 139 of 200, columns 78 to 155 of 200]
558.9 560.9 563.9 565.8 569.9 572.7 577.3 582.1 586.7 593.6 600.3 606.7 613.8 623.2 633.4 643.4 652.9 660.7 668.7 677.5 690.1 703.3 719 728.2 738.8 747.4 759.6 770.2 778.3 786.3 792.3 800.5 810.9 824.9 834 838.3 839.6 841.1 843.1 843.3 844.2 838.3 830.2 828.8 827 832.9 838.5 836.1 840.9 845.7 850.4 851.1 846.7 839.1 828.4 821.8 813.2 811 804.4 802.1 796.8 790 795.4 797.2 795.6 796.6 796.9 795.1 795.4 796.3 794.6 797.4 801.4 802.1 804.2 804.7 808.5 808.7
564.5 565.8 567.4 569.6 574.2 576.6 581.1 584.9 591.9 597.1 604 612.7 620.8 629.6 638.3 646.1 652.6 660.1 668.4 677.1 686.2 696.8 710.4 721.4 731.8 741.5 748.8 759.8 766.7 774.2 784.6 795.5 805 821.1 828.4 837.4 843.9 851 854 851.1 846.6 838.8 828.8 824.6 822.3 827.9 833.6 838.1 841.8 844.7 848.5 849.1 847.6 843.8 839.8 834.6 827.3 823 818 817.3 807.2 804.4 806.5 807.8 808.5 814.1 810.6 808.7 805.4 807.9 805.3 803.1 804.8 804.1 806.9 807.8 809 806
568.2 569.4 572.1 575 577.6 580.7 584.3 590.4 597.6 605 609.7 616.5 622.8 629.2 637.8 643.8 649.3 656.6 665.6 675.3 685.1 694.9 705.5 714.8 724.6 732.6 740.8 748.7 755.7 761.7 771.9 788.3 802.5 818.1 833.4 842.8 849.5 863.2 862.5 856.9 851.9 842.7 829.4 821.1 817.2 819.7 826.6 833.3 837.3 841.5 845.9 847.3 848.6 847.4 847 842.9 837.5 833.6 828.1 830.3 821.4 818.2 820.9 821.3 823.2 827 827.8 824 814.1 814.8 814 811.4 806.2 806.2 808.1 805.4 803.8 801.1
568.9 570.1 572.7 578.4 580.6 582.8 589.2 596.9 604.6 610.2 615.1 619 625.6 631.2 638.4 645.1 655 661.3 667.1 675 683.2 691.3 703.3 714.8 725.4 736.3 745.1 751.9 758.1 765.9 775.2 792.1 809.2 821.2 838.1 852.6 862.7 868.8 867.6 862 854.5 845.8 832 821.9 816.2 815.9 820.3 826.9 832.4 836.7 841.4 845.3 847.5 848.2 847.6 844.8 844.9 842.7 839.5 846.9 846.1 837.6 834.7 836.4 835.3 835 838.4 835.8 823.8 820.5 819.7 816.2 809.1 805.9 805.9 802.6 799.9 796.2
571.8 573.8 576.8 580.1 581 583.1 590.3 598.9 606.4 611.8 616.5 620.8 629.1 633.4 641.5 649 654 659.7 667.5 675.7 680.3 685.4 696.4 708.8 722.9 736.1 747.3 755.3 761.7 772.1 787.7 802.9 815.7 843 869.3 884.5 888.9 883.9 875 869.1 859.4 847.3 835.6 824.3 817.3 814.6 815.5 820.6 826.6 830.2 835.3 839.9 843.8 845.9 847 844.6 846.7 847.3 850 854.2 852.3 847.4 846.2 846.4 848.1 847.8 845.2 842.5 836.6 825.1 822.1 816.6 810 806.7 800.6 798.1 794.2 790
572.7 575.1 579.6 583.8 587.8 590.8 596 602.8 605.3 611.6 617.1 622.2 628.6 637.2 644.7 650.9 657.1 660.4 665.2 670.6 675.2 689.2 701.2 715.6 732.2 741.7 753.3 760.3 765.9 780 797.2 807.7 828.8 854.9 882 896.3 899 893.2 883.8 875.5 861.4 847.2 837.5 828.8 821.1 815.5 814.7 815.7 820.6 823.3 827.5 831.6 836.5 840.4 841.7 844.3 846.5 848.9 855.2 855.2 858.1 856.9 854.9 852.9 854.2 855.2 852.9 846 841.1 830.4 821.9 814.7 808 802.8 796.9 791.1 786.1 781.9
573.6 576.3 579.9 582.1 586.4 590.7 596.4 604 605.1 611.7 619 624.8 630.1 639.4 645.9 654.3 660.5 665.8 671.5 673.6 682.1 698.6 713.8 731.4 745.2 757.7 768.5 778.5 790.1 799.5 816 833.6 848 868.7 885.9 903.6 907 899.9 893.9 884.4 869.5 852 843.2 835.1 824.2 818 815.1 814.5 815.3 817.2 819.7 822.9 827.4 830.7 834.1 838.3 842.7 846.4 850.1 853.4 856.6 858.4 858.2 858.6 860.9 861.8 858.4 848.2 842.4 832 821.4 811.5 802.6 794.6 789 780.9 776.2 774.7
574.2 577.9 581.4 583.8 587.5 590.6 599 606.5 610.4 615.7 620.9 626.6 633.7 641.7 648.4 653.9 660.2 666.6 670.7 673.5 690.3 710.3 729.3 747.3 766.7 789.5 800.6 808.6 819.6 833.3 851 857.7 867.2 878.6 893.5 913.8 916.2 908.8 902.6 892.9 882.9 868.3 850.1 839.7 831.8 825.1 816.8 814.8 814.4 814 814.4 815.5 817.6 820.5 822.7 827.4 833.1 838.7 842.9 847.2 851.6 854.7 855.5 858.4 860.5 861.1 856.9 847.8 839.8 828 817 807.1 796.9 792.5 782.2 775.7 768.9 768.3
576 580.5 583.9 586.5 589.3 591.3 599.3 605.7 611.7 618.2 624.8 630.3 635.3 642.3 647.1 655.6 664.1 672.3 679.7 684.3 703 720.3 744.9 771.7 794.5 823.1 836 841.8 844.2 850.8 858.8 865.5 869.8 878.9 900.3 925.3 924.8 919 910.7 899.7 891.8 881.3 864.5 852 843.7 834.9 823.7 816.7 814.9 812.3 810.9 809.7 810.2 811.2 813.2 818.3 822.3 827 832.7 837.8 842.3 846.1 848.4 849.5 851.2 851.1 847.9 845 839.1 829.9 819.5 807.8 798.1 790.7 783.4 770 762.9 761.8
580.7 582.2 583.6 587.7 591.6 596.7 602.9 608.1 610.9 615 621.4 628.7 635.8 643.2 653.1 659.1 663.7 671.9 680.4 694.9 718.7 734.6 764.8 790.6 828.1 834 837.6 837.7 836.9 841 852.3 859.1 861.9 871.5 898.3 916.4 923.5 924.9 919 911.1 901.2 892 877.4 863.9 853.2 839.2 829.9 823 817.4 814.1 811.5 805.8 803.9 804.2 805.4 808.9 812.1 815.6 821 825.4 829 832.8 834.5 838.1 842.3 844.5 843.7 838.4 834.1 828.9 821.5 811.8 799.7 789.8 778.6 767.6 758.5 755
592.8 593.4 592.1 596.4 598.4 602.1 604.2 612.1 617.5 622.7 627.2 629.8 633.6 644.5 655.1 668.6 678.1 688.5 703.2 720.2 736.6 757.7 775 800.4 823.8 829.3 830.2 827.8 826.2 829.3 837.7 847.3 853.6 871.4 892.1 910.7 921.7 927.7 925.3 917.5 905.8 894 880.6 866.7 856.3 843 833.6 825.3 819.6 817.2 813.2 807.3 800.6 796.9 796.5 797.7 801.5 805.4 808.6 812.6 817.4 821 824.3 828.5 832 833.6 833.4 830.2 827.2 821.9 817.7 807.8 798.8 787.3 779.3 763.9 755.8 750.4
605 604.4 602.2 599.5 601.9 607.2 610.2 619.6 629 639.8 644.4 650.7 658.6 661.8 678.1 688.2 697.1 705.4 721.1 744.7 770.6 786.6 800 810.5 816.8 819.2 817.9 815.4 813.7 814.2 824.1 839.3 851.2 867.9 886 904.7 916.1 924.4 923.1 915 906.5 894.1 879.5 869.2 859.6 847 835.4 826.2 820.4 817.5 812.3 806.6 799 790.7 787.3 787.3 789.8 793.8 796.4 798.9 803.2 808.6 813.6 817.4 820.8 822.4 822.4 820.2 816 811.1 808.5 799.9 790.5 783.5 772.9 758.3 752 746.2
616.1 614.9 612.4 613.1 616 620 625.8 632.3 640.2 648.7 657.4 664.9 670.8 679 706.6 715.9 722.1 731.3 743.8 761.8 787.7 804.1 809.8 806 806.8 809.5 806.8 802.4 799.6 797 801.7 814 829.1 845.9 864.1 885.1 901.5 909.3 919.5 914.9 905.5 894.2 881.6 869.5 857.9 845.1 836.8 827 819.7 813.3 809.3 803.7 798 791.6 782.8 777.3 777.1 781.2 783.1 786.2 789.4 792.7 798.1 801.3 805.6 809.3 809.5 806.3 801.3 798.6 795.8 789 779.3 774.2 770.9 753.2 742.6 737
629.9 629.3 629.9 629.9 633.7 636 640.1 651.2 659.7 667.9 677.1 682.7 695.2 706 720.2 728 735.2 743.6 761.4 786.2 798.1 801.3 801.3 799.1 798 798.1 793.9 789.2 783.7 775.1 770.1 779.3 790.8 804.5 815.8 817.3 840.4 855.2 868.4 883.7 895 888.1 878.5 864 852.3 842.6 833.9 825.7 819.5 812.6 807.6 801.2 795.4 794.5 787.3 778.4 770 771.1 771.6 772 773.8 778.1 781.1 785.7 788.9 791.3 792.5 790 785.6 784.4 782.1 771.3 763.6 760.4 754.5 743 733.9 725.9
644.2 644.1 644.6 647.5 650.5 654.8 660.2 669.4 680.5 688.1 693.6 703.9 719.3 729.2 738.3 743.6 745.6 748.2 755.2 771.7 782.8 788.6 790.9 788.1 786.2 781.3 777.9 766.4 759.1 743.3 735.8 741.7 747.6 757 774.2 767.7 770.1 786.2 803.6 822.2 854.2 864.5 861.6 852 843.8 839.2 828.7 816.8 810.6 800.2 803.4 800.1 792.3 789.5 786.6 781.1 774.7 768 761.7 761.9 763.4 765.2 767.9 769.8 772.1 774.4 775.1 775.1 773.5 770.5 759 753.1 746.1 743.9 735.3 727.1 721.1 712.5
653.2 655.4 657.2 661.8 667.3 674.1 678.9 686.6 694.4 707 714.1 721.3 729.5 738.3 747.9 753.5 752.8 752.9 756.6 759.4 766.8 769.7 772.3 770.8 764.6 758.9 752 744.9 731.3 719.1 716.5 720.1 723.8 724.2 718.6 729.2 735.5 748.7 759.3 782.6 818.5 850 851.3 840.9 831.3 825.9 819.4 809.9 802.1 793 791.3 789.9 789.1 782.4 778.6 779.3 776.1 771.1 763.4 757.3 755.3 755.6 755.9 757.1 757.3 758.2 757.5 756.8 754.7 749.8 741.5 733.8 727.3 722.2 714 707.3 702.6 696.6
653.1 656.3 661.3 668.8 676.2 682.8 689.9 697.2 706.4 715.6 724.2 734.6 742.2 750.8 753.6 753.5 752.6 752.6 752.4 753.6 754.1 752.9 749 746.5 744 735.3 724.6 722.3 704 703.6 707.4 706.2 692.5 693.6 695.9 701.1 702.1 711.2 723.2 733.1 759.4 786.8 816.1 830.1 828.7 817.7 805.1 795.9 791.7 782.3 782.6 782.8 784.3 776.5 772.2 772.8 772.7 770.3 763.4 757.5 752.4 750.1 749.4 748 747.3 745.6 745.2 742.1 738 734.2 729.6 722 717.1 711.3 705 698.9 692.9 685.4
649.6 656.5 662.6 670.4 679 687.4 694.3 702 711.4 719.5 726.6 735.3 744.6 751.9 754.9 751.9 752.3 753 751.1 746.1 741.4 732.2 730.8 717.9 712.8 708.1 705 700 695.3 694.3 692.1 690.9 690.4 685.4 685.2 684.6 686 691.7 698.8 705.8 726.2 742.8 766.3 776.7 799.8 800.3 786.7 780.3 770.6 768.7 769.6 765 765.9 772 769.9 765.2 765.3 765.6 763.1 758.8 751.7 745.6 744.1 741.2 737.2 735.7 734.6 728.9 724.6 720.3 716.5 711.2 707.1 702.9 698.1 692.4 687.4 677.5
642.8 654.1 661.7 668.7 675.6 683.7 692.9 701.3 709.7 717.6 724.4 731.3 737.9 743.9 747.4 746.8 744.4 741.8 736.5 729.8 726.6 717.3 705.4 694.7 694.8 695.5 692.7 692 686.7 684.9 686.7 682.1 685.4 684.4 669.4 669.4 669.4 669.4 687 692.5 706.2 713.9 729.1 738.8 754.5 774.2 770.9 763 757.4 757.4 756.3 755.3 761.7 761.3 761.2 760 761.1 760.2 758.3 754.4 748.7 743.8 739 736 733.8 731.4 730 723.9 721.6 715.5 707.7 703.9 699.6 698 692.5 692.8 683.7 675.9
630.3 641.6 650.5 658.2 665.1 673.5 683.5 693.2 702.8 711.9 719.4 724.9 728.6 733.3 735.2 732.3 727.1 719.8 712.6 703 701.3 694.6 687.7 686.4 687 687 687.9 683.8 683.7 682.2 680.8 681.1 672.7 679.7 684 669.4 669.4 669.4 669.4 682.9 688.9 691.2 700.4 707.6 719.1 731 736.9 740.4 739.9 747.8 752.7 754.6 761.6 758.5 761.4 754.1 759.4 751.3 750.2 745.8 745.8 746.2 741.5 736.6 732 731.3 728.8 724.2 722.4 715.8 711.6 707.5 702.9 703 702.2 696.6 691.6 682.4
610.3 622.9 633 641.1 649.1 658.4 669.3 679.2 689.6 699.5 708.9 715.1 718.1 718.2 715.8 712.1 706.4 697.7 688.9 684.1 683 679.1 677.8 679.8 684.1 685.6 686.6 684.8 683.3 681.8 682.3 682.7 684.8 686.2 688.7 686.8 682.9 669.4 669.4 669.4 669.4 688.3 694.5 707.5 720.7 737.3 747.2 748.3 751 763.1 756.9 763 769.5 764.6 758.7 749.9 753.3 749.6 748.6 749.4 746.3 745.8 746.7 737.7 734 731.5 729.3 726.4 725 718.9 714.4 710.4 709.3 709.8 706.8 703.4 695.4 692.3
586.8 597.1 609.5 623.8 632.7 641.4 652 662.8 672.2 682.1 690.9 697.1 699.2 697.3 694.5 691.9 690.5 686.8 683 684 681.3 677.4 675.4 678.8 684.5 686.4 687.7 688.5 686.9 685.9 688.2 690.8 691.6 689.7 691.1 687.8 684.6 671.6 669.4 669.4 670.5 687.4 705.6 719.8 733.4 745.9 757.4 760.8 755.3 773.2 764.4 768.4 777.3 763.3 755 749.9 749.9 753.2 756.1 756.9 755.4 752.8 748.3 743.5 739.2 735.5 731.9 729.7 731.7 723.7 719 716.9 716.6 716 713.4 708.3 701.6 698.3
566.6 576.5 585.9 597.4 610.4 622.1 632.8 642.7 653 661.8 669 673.5 676.3 676.5 674.4 674.6 677.8 674.9 675.3 678.4 675.6 672 673.6 677.7 683.5 683.6 685.9 685.9 686.2 692.6 692.8 693.4 694.9 695.4 693.4 693.4 686.4 669.4 669.4 669.4 679 687.4 710.7 731.2 738.3 758.3 765.5 768.1 761.5 777.3 774 773.5 781.7 772.5 761.6 757.2 757.3 768.2 762.4 763.2 765 762 756 751.7 745.2 742.5 734.6 736.7 734.8 728.3 726.6 724.5 723.4 721.1 719.3 713.8 708.4 702.4
550.3 558.3 567.7 577.3 586.9 598.2 610.3 621.9 632.9 641.8 648.9 653.6 656.6 658.5 661.4 663.5 666 665.2 665.5 666.9 668.6 671.7 673.9 677.3 680.4 681.8 682.9 685.2 689.2 691.7 696.7 698.5 698.7 695.3 691.7 689.5 686.1 669.4 669.4 669.4 669.4 689.4 717.3 734.5 747.4 778 782.6 776.9 778.4 786.7 781.8 784 790.7 785.2 769.5 773.4 773 779.1 777 775 776.8 772.1 764.6 761.1 755.2 750.7 744.9 747.6 739.8 736.5 734.6 733.5 730.8 728 726.5 723 719.5 713.7
540.5 545.8 558.7 565.8 570.7 578.8 586.9 600.8 610.3 621.9 630.5 636 640.3 647.3 652.6 656.5 658.7 657.1 655.5 660.7 664.4 667.2 668.3 669.4 676.2 678.6 680.6 685.6 689.4 693.9 694.8 697.3 698.8 695.6 690.4 690.2 688.8 683.3 669.4 686.4 693.1 711.1 729.2 744.7 764.4 796.1 790.4 792.3 795.1 795 799.5 794.5 804.3 794.7 785.1 785.3 804.7 800.4 797.2 799.1 794.4 785.4 775.6 772.7 766 761 759.7 754.6 748.6 747.8 747 744.8 740.8 737.9 735.1 732.7 729.6 722.7
530.6 534.9 547.7 555.4 560.3 568.7 574.4 582.5 592.2 604.9 610.4 620.6 627.7 633.7 640.5 643 646.7 646.3 644.4 651.1 656.7 659.9 664.7 667.7 672.9 675.6 684 687.3 694 698.4 701.7 702.8 703.6 700.8 700.2 697.9 697.6 697 698.3 708.6 723.9 743 756.7 769.6 801.3 802.3 798.8 810.9 809.9 816.7 822.2 821.9 813.6 812 811.6 812.2 824.3 819.5 823.1 819 808.1 799.1 788.9 783.8 778 776 771.7 766.1 761.3 762.6 763 763.4 752.6 749.9 747.8 742.9 739.9 732.5
519.9 526.9 537.5 546.6 551.5 559.2 565.8 573.1 581.8 592 600.9 607.8 617.2 620.2 625.3 631.9 635.6 634.7 642.4 646.5 651.2 654 657.9 662.2 664.5 674.4 681.1 687.1 693.1 697.8 701.9 709.8 712.2 711.7 706.8 706.2 704.6 708.5 724.2 748.7 764.1 773.5 789.9 808.7 823.3 828.3 826.1 827.8 837.7 850.4 842.7 835.7 844.6 844 839.7 840.9 839.1 843.6 845.3 836.1 825.3 814 803.4 795.7 790.5 786.1 782.1 778.9 775.7 777.2 778.5 778.3 768.6 762 761.8 753.5 748.5 741.1
519.2 525.3 531.4 538.8 543.3 549.3 559.8 566.4 574.1 581.4 590 598.1 604.4 608 612.8 620.5 625.2 633.5 639.3 643 648 652.3 656.6 661.3 663.2 672.7 677.7 683.1 696.2 702.4 704.7 708.9 715.4 715.6 713.8 714.4 718.5 734.5 755 781.4 808.2 817.8 834.7 837.8 843.2 848.4 857.5 864.6 861.4 859.7 855.7 866 868.9 869.8 870.5 871.4 870.5 866.9 861.8 855.4 841.5 830.4 818.9 810.7 802.8 798.7 799.2 795.7 795.3 796.3 794.9 788.8 781.2 772.4 768.8 766.5 756.9 747.1
511.1 518.8 525.8 530.2 534.2 543.7 555.3 563 568.2 574.8 580.9 589.7 595.7 600.7 604.1 611 620.5 629.4 634.5 639.5 645.3 651.7 657.2 662 666.6 669 673.8 688.8 694.2 697.2 700.6 704.9 712 719 727.9 734.9 744 771 797.3 817.8 837.5 850.1 857.7 868.2 875.3 877.9 877.7 874.7 870.3 871.2 875.4 886.5 886.5 892.8 896.8 893.1 890 888.9 881.8 869 854.5 843.3 833.1 820.1 817.3 815.1 813.9 812 811.9 812.3 807.4 800.7 795 788.9 778.8 771.1 762.6 753.1
505.5 514.4 518.3 524.6 527.2 537.3 547.6 556.7 563 569.4 577 584.2 590.1 591.3 597.2 606.2 614.6 623.2 633.7 639 643.7 649.6 656.6 664.9 672.9 676.5 679.4 690.6 692.8 697.1 702.5 707 713.9 723.9 740.8 764.1 776.5 799 835.7 861.7 871.1 875.3 885.3 884.3 885.5 888.4 889.9 890.2 886.4 886.7 894.1 899.9 905.3 909.3 913.6 909.6 905.9 903.2 896.2 881.2 869.9 854.3 840.3 831.6 830.9 832.1 825.9 827.2 825.3 825.3 817.7 810.7 803.6 795.9 786.8 776 765.1 756.6
498.4 503.5 507.6 515 523.5 530.1 539.3 548.9 556.5 564.4 571.2 576.1 581.8 590.6 599.9 605.4 612.8 621.6 629.9 635.8 640.8 648.4 657.4 666 673.6 677.1 679.1 686.7 690.8 694.9 700.4 707.8 713.4 729.7 754.5 778.9 810.3 846.3 878.3 904.2 913.9 916.2 916.1 914.4 912.2 908.2 896.7 898.8 902.7 906.3 911.8 919.6 921.7 924 926.6 923.6 916.7 916.3 909.6 897.6 879.7 862 849.4 843.6 843.2 844.2 843.1 840.4 838.9 834.7 827.4 819 813.8 802.5 790.8 782.2 771.8 762.6
485.5 492.7 501.6 511.6 523.2 531.3 537.7 544.5 550.3 554.9 561.3 573 582.1 593.1 598.7 603.2 608 614.2 622.2 630.8 639.1 647.6 656.5 665.1 671.3 675.1 680.8 685.5 688.8 694 702.1 712.7 726.6 746.3 769.6 804.5 847.4 887.7 915.4 930.5 939.2 940.1 938 938 935.3 929.8 921.1 912.2 909.6 913.8 925.1 932.1 934.7 933.3 933.5 932.9 927.6 926.9 919.1 900.7 883.1 871.7 861.9 854.9 855.5 858.1 860.9 857.1 849.5 842 835.4 825.4 818.6 806.9 793.6 782.7 774.8 769
474.5 484.9 495 502.2 513.6 522.1 527.4 533.9 541.3 552 559.6 569.6 576.9 587.5 595.5 600.4 606.1 611.4 617.3 626.1 635.5 644.3 651.8 660.8 667.3 672.2 677.9 682.9 686.6 692.5 705.6 720.1 736.4 760.8 790 823.7 876 912.9 939.1 950.5 956.4 955.6 953.8 952.7 948.1 941.4 935.5 928.8 921.7 924.9 935.1 938.2 936.7 936.3 941 940.6 936.2 932.7 918 899.8 890.3 881.3 872.7 866 866.1 869.1 870.7 868 857.6 849.7 841.2 831.2 819.1 805.3 792.5 783.9 778.4 775.3
470.5 480.7 488 493.9 504.1 511 522.5 531 543.5 552.9 560.5 568 574.6 581 590.4 596.3 603.1 609.3 615.2 621.2 633.3 641.7 647.6 652.2 663.8 669.2 673.2 677.2 686.5 693.8 711.7 723.6 744.7 771.4 803.5 851.8 903.6 929.5 947.7 958.6 964.9 967.4 964.5 957.8 950.9 944.1 939.9 937.7 936.6 937.3 941.2 939.3 936.9 936 939.4 939 936.7 929 917.4 904.5 894.9 884.1 875.4 871.1 870.4 871.1 872.8 871.4 865 860.4 847 835.4 820.4 806.2 795.6 787.6 783.8 783.1
459.9 472.3 478.3 486.6 497.5 509.8 523.5 533 541.7 547.7 554.2 561.8 568.3 576.4 584.3 590.2 599.7 607.9 608.8 620 630.3 637.8 644.6 649.3 663.9 663.6 673.1 678.3 682.3 700.6 710.1 730.3 757.4 785.9 819.2 884.9 924.4 941.8 954.3 959.8 964.5 965.3 961.4 953.5 947.2 941 938.5 937.1 938.2 938.9 937.9 936.2 933 932.5 936.3 935.1 931.3 927.3 918.7 908.4 898.2 885.9 875.3 870.9 867.8 869.4 870.3 871.4 868.5 862.4 854 840 823.1 810.8 798.3 792.8 790.3 790.7
