data/220000-690000.asc
ncols 200
nrows 200
xllcorner 220000
yllcorner 690000
cellsize 50
[rows 70 to 104 of 200, columns 0 to 79 of 200]
-1.3 -1.3 -1.3 -1.3 -1.3 -1.3 -1.3 -1.3 -1.3 -1.3 15.3 38.6 55.8 68.1 77.3 88.2 111.4 136 163.7 183 190.6 192.9 202.3 214.9 238.4 257.8 292.2 331.8 348.9 350 349.8 349.3 332.8 293.4 289.1 300 309.8 309.3 318.2 338.6 347 358.3 377.8 375.6 362.6 359.8 365.3 363.2 360.6 378.7 392.3 385.1 395 380.7 347.5 320 299.4 291.9 288.4 282.2 268.1 260.2 246.2 230.2 209.1 204.4 194.3 177.2 179.4 175.3 166.7 161.5 158.5 149.9 146.8 144.2 135.1 145.3 141 119.6
-1.3 -1.3 -1.3 -1.3 -1.3 -1.3 -1.3 -1.3 -1.3 -1.3 37.5 47.9 64.3 78.3 86.2 96.7 119.4 149.6 166.2 177.1 191.8 196.6 209.9 230.3 251.1 264.9 302 340.5 355.3 358.6 359.8 343 331.5 292.2 288.6 289.9 305 306.4 307.9 324.7 332.7 349.4 367.6 374.8 365.7 350.5 354.2 355.9 351.5 364.7 373.9 363.5 377.9 357.6 318.8 297.6 286.8 281.1 271.6 265.8 251.2 236.9 224.9 215 198.6 185 172.1 161.4 160.5 156 147.7 142.6 142 138 133.2 126.9 121.5 131.9 130.3 109.2
-1.3 -1.3 -1.3 -1.3 -1.3 -1.3 -1.3 -1.3 -1.3 27.7 51 60.5 68.3 88.5 96.9 110.8 133.7 153.1 164.4 182.2 201.2 206.5 225.5 244.5 263.7 276.9 301 330.5 353.6 361.9 350.1 336.3 315 292.2 289 288.6 293 298.1 305.4 322.2 328.6 345.8 356.8 359.9 367.5 349 342 346.4 337.7 351.6 368.8 361.9 339.6 325.8 304.9 285.7 274.1 264.1 257.2 246.5 232.6 219.2 202.5 195.4 187.7 170.8 162 146.9 145.2 140.2 130.2 127 127 126 122.2 111.3 116.3 116.9 112.1 96.7
-1.3 -1.3 -1.3 -1.3 -1.3 -1.3 -1.3 -1.3 -1.3 40.7 66.3 68.5 82.3 102.2 116.3 120.7 140.5 156.1 169.1 185.9 201.4 222.1 241.2 260 287.9 289.4 300.2 323.2 347.2 366.9 352.6 331.4 313.6 293.2 288.7 288.3 290.7 293.7 307.6 319.1 325.3 335.5 344.6 351.8 358 355.2 337 339.9 328.6 329.4 342.3 346 321.8 295.4 290.5 277.8 276.5 258.4 248.6 229.2 220.2 205.9 195.7 190.1 178.8 167.9 152.9 134.6 125.9 118.6 115.4 108.4 112.4 111.3 103.1 105.6 109.4 101.5 98.6 84.8
-1.3 -1.3 -1.3 -1.3 -1.3 -1.3 -1.3 -1.3 33.6 56.5 66.6 77.6 92.6 112.3 125.2 135.7 146.5 163.4 175.3 189.3 207.8 233.5 262.9 279.4 301.3 304.1 300.5 316.3 331.9 341.4 349.8 338.9 307.9 293 288.2 288.6 289.9 291.4 306.6 324.5 328.7 329.2 333.9 344.1 339.4 347.4 352.6 318.3 313.8 313.8 319.1 316.4 303.8 278 269.4 279.4 278.7 260.4 236.4 222.8 214.4 204.9 193.7 182.1 169.9 159.7 146.6 131.3 115.3 111.1 101.8 97.7 94.6 95.5 90.1 96.5 99.4 99.4 92.5 83.1
-1.3 -1.3 -1.3 -1.3 -1.3 -1.3 -1.3 -1.3 39.1 62.4 70.6 87.5 109.5 117.9 137.1 150 155.7 170.3 181.5 204.5 224.6 249.2 267.1 295.5 306.1 311.1 312.6 312.1 331.7 346 347.9 338.7 325.6 308.3 288.7 288.8 290.5 293 308 328.1 330.4 330.1 328.6 330.9 332.3 332.4 334.3 317.6 303.7 299.5 302.6 293.3 283.2 270 253.4 276.7 262.6 252.3 234.3 217.5 208.3 202.3 190.3 176.9 162.6 150.4 139.5 127.2 112.9 96.2 82.4 82.7 78.4 81.4 81.8 90 94.8 93.7 89.8 76.7
-1.3 -1.3 -1.3 -1.3 -1.3 -1.3 -1.3 -1.3 31.9 63.4 81.2 92.9 115 129.3 144.3 160.3 163.5 175.4 201.2 224.7 235.5 258.5 282.8 300.5 309.9 319.4 320.9 317.2 331.6 337.5 348.6 342 331.5 319.2 288.7 289.1 290.5 293.9 311.7 325.4 329.1 327 324.4 321.6 321.4 324.5 320.7 314.3 291.7 290.2 282.5 277.6 258.1 246.6 240.4 257.7 247.3 244.1 228.2 210.1 198.1 186.6 173.8 164 156.1 146.2 132.2 119.8 102.9 84.2 73.4 58.1 63.2 67.8 69.6 75.7 75.7 78.3 69.2 58
-1.3 -1.3 -1.3 -1.3 -1.3 -1.3 -1.3 -1.3 21.1 45.1 75.7 96.6 121.6 136.5 150.2 166.3 174.2 188.8 222.8 240.9 247.9 266.5 295.3 311.5 327.3 332.4 329.4 326.3 320.3 331.5 351.3 345.2 321.3 307.7 286 283.5 287.7 292.1 306.2 321 323.1 322.3 320.4 318 313.5 313.6 309.3 296.2 277.9 273.2 257.6 254 237.1 232.1 228.5 231.6 233.7 234.5 214.5 190.4 181.8 172.8 165.8 158.1 149 139.6 125.1 110.7 92.3 76.8 50.3 49.2 49.1 52.3 54.1 59.2 60.1 61.8 49.3 40.2
-1.3 -1.3 -1.3 -1.3 -1.3 -1.3 -1.3 -1.3 25.9 43.4 74.4 101.7 133.2 149.4 161.2 168.5 180.8 202.6 232.8 251.9 264.8 277 299.6 322.7 334.4 346.3 338.8 339.7 318.7 330.1 351.2 348.8 320.7 294.8 281.2 281.2 284.7 290.9 304.6 314.5 322.1 320.3 320.4 319.7 311.6 310 306.4 298.7 276.1 260.4 250.2 236 229 224.8 222.1 213.9 220.3 210 195.1 180.7 171.8 165 158.6 151 142.4 129.8 119.9 100.1 91.4 77.1 61 37.4 33.3 40 42.2 45.1 43.3 43.5 40.6 25
-1.3 -1.3 -1.3 -1.3 -1.3 -1.3 -1.3 -1.3 31.1 45.3 84.3 110.5 150.8 160.4 173.2 173.9 182.4 212.8 233 261 274 289.4 312.4 333 346.1 356.8 349.9 339.8 320.4 320 342.9 331.9 301.5 290.2 279.8 280.1 281.3 293 318.1 328.3 329.8 327.1 321.4 318.8 310.4 300.9 299.1 292.9 283.2 252.1 243.4 231.9 226.5 219.8 216.9 199.4 202.1 191.2 179.8 172.2 166 158.9 152.8 143.2 131 119.1 109.4 94.1 83.3 68.2 54.2 29.6 13.2 19.6 30.1 29.9 29.5 28.6 22.2 25.2
-1.3 -1.3 -1.3 -1.3 -1.3 -1.3 -1.3 -1.3 35.2 51.9 91.1 122.1 159.1 177.2 185.9 187.7 186.6 218.1 241.6 258.2 280.9 295.1 320.5 345.1 356 361.5 359.2 355.5 330.8 319.5 320.6 321.2 314.6 301.3 287.9 280.8 279.5 294.4 324.5 330 330.1 330.2 320.9 313.1 304.4 298.2 280.1 273.7 260.9 249 234.5 225.4 216.7 210.3 210.9 191 181.3 175.5 170.2 163.2 151.7 150.1 146.6 133.3 120.4 110.5 99.1 85.8 62.6 55.7 42.3 22.2 6.9 7 11.9 13.2 12.9 15.4 27.8 30.6
-1.3 -1.3 -1.3 -1.3 -1.3 -1.3 -1.3 -1.3 39.6 59.8 87.7 134 159.1 177.7 186.4 191.3 198.9 228.9 252.4 266.3 281.3 305.1 327.8 347.2 362.3 368.8 365.3 354.3 333.4 318.6 314.9 320.7 322.2 310.3 301 271.7 276.4 291 320.6 321.1 325.7 329.3 320.7 294 280.6 270.7 258.4 253.8 248.8 241.8 232.6 222 212.8 199.7 200.7 186.4 172.7 168 164.6 154.7 145.9 140.9 133.6 125.2 108.6 99.8 88.3 72.7 51.7 39.7 29.7 7.6 1.8 -1.3 -1.3 -1.3 -1.3 12.4 25.2 15.5
-1.3 -1.3 -1.3 -1.3 -1.3 -1.3 -1.3 13.3 46.5 71.1 95.8 137.1 157.6 175.2 182.4 190.6 211.8 241.6 265.1 286.7 297.9 308.4 331.7 344.7 365.5 381.8 368 352.9 333.6 326.1 311.7 314.9 310.1 299.9 289.3 269.6 269.3 282.5 304.2 309.1 311.1 309.4 305.7 278.8 265.2 256.9 250.9 242.9 238 237.3 229.6 219.2 207.6 194 190 178 160.3 160.3 153.6 137.2 135 127.6 116.6 111.3 98.7 87.6 74.4 59.2 39.4 23.4 5.2 -1.3 -1.3 -1.3 -1.3 -1.3 -1.3 1.2 6 3
-1.3 -1.3 -1.3 -1.3 -1.3 -1.3 -1.3 11.7 43.3 74 113.6 141.4 162 175.6 180.4 203.7 232.4 264.8 278.7 307.3 323 320.3 336.2 350.5 365.1 377.7 368.6 369.1 350.9 328 311.8 292 297 279.3 270.6 266.3 266.9 276.9 300.5 300.8 292 284.8 282.2 271.1 260.5 253 246 234.4 230.4 228.2 221 213.8 201.5 191.3 174.2 163.7 150.9 149.7 135.6 123.2 122.7 114.5 105 97.1 87.9 77.4 65.9 45.4 30.1 10.2 -1.3 -1.3 -1.3 -1.3 -1.3 -1.3 -1.3 -1.3 -1.3 -1.3
-1.3 -1.3 -1.3 -1.3 -1.3 -1.3 -1.3 -1.3 37.6 70.9 106.8 133.5 157 169.3 185.9 226.7 251.1 278.1 295.8 318.3 330.9 338.4 330.9 341.4 359.1 368.8 358.5 350.7 343.2 319.8 317 283.2 269.4 265 261.9 260.6 264.5 276.3 295 293.1 282.3 274.6 267.3 257 251.8 247.9 233.3 226.5 224.5 221.4 213.6 209.6 196.2 182.1 166.5 150.4 143.5 129.8 120.3 109.7 107 100.2 94.5 86 77.8 67 51.4 34.2 14.7 -1.3 -1.3 -1.3 -1.3 -1.3 -1.3 -1.3 -1.3 -1.3 -1.3 -1.3
-1.3 -1.3 -1.3 -1.3 -1.3 -1.3 -1.3 -1.3 36.6 68.1 99.5 127.6 154.9 179.2 198 229.1 268.3 291.5 315.1 330.1 346.1 366.3 348.4 347.1 353.3 358.8 352.7 333 321.6 306.1 295.8 275.3 262.3 259.4 258.7 259.4 268.2 281.2 290.3 283.9 276.4 261.2 253.1 244.3 236.3 229.6 225.3 221.3 216.8 209.9 206.6 200.4 185.5 171.7 154.6 139.3 134.6 122.6 107.2 96.5 94.6 83.8 83.7 75 66.6 51.6 39.4 21.5 2.6 -1.3 -1.3 -1.3 -1.3 -1.3 -1.3 -1.3 -1.3 -1.3 -1.3 -1.3
-1.3 -1.3 -1.3 -1.3 -1.3 -1.3 -1.3 -1.3 37.6 65.6 93 133.2 153.6 180.1 214.1 241.2 275.6 302.5 327.3 343.5 363.2 370.5 369.4 370.4 355.7 359.1 364.2 343.2 316.8 292.5 279.2 264.5 265.1 260.8 258.9 260.2 271 290.1 286.7 275.6 263.2 252.1 243.9 237.3 232.3 225.6 219.7 215.4 208.4 204.4 193.6 184.7 178.4 157.5 142.7 128.4 131.1 121.7 105.3 86.6 81.9 74.2 69.9 61.5 52.5 46 25.5 9.3 -1.3 -1.3 -1.3 -1.3 -1.3 -1.3 -1.3 -1.3 -1.3 -1.3 -1.3 -1.3
-1.3 -1.3 -1.3 -1.3 -1.3 -1.3 -1.3 -1.3 38.8 66.1 90 125.4 152.6 185.4 228.9 248.5 284.2 310.5 342.9 360.2 370.7 370.3 371.1 371.2 368 365.2 361.3 346.6 330.7 305.9 297.2 269.2 273.9 267.1 259.1 258.7 278.2 290.9 283.6 271.2 258.1 247.6 238.5 234.2 228.5 222.9 216.4 207.5 199.6 194.2 192.8 180 161.7 150.2 130.5 121.7 126.6 117.1 101.7 83.6 65.8 66.3 56.6 47.9 41.2 35.7 20.6 -1.3 -1.3 -1.3 -1.3 -1.3 -1.3 -1.3 -1.3 -1.3 -1.3 -1.3 -1.3 -1.3
-1.3 -1.3 -1.3 -1.3 -1.3 -1.3 -1.3 -1.3 39.4 68.1 91.1 121.7 149.9 189.9 228 256.6 290.9 325.4 343 378.2 386.4 384.9 389.7 387.6 384.6 374.7 357 349.4 330.8 320.3 311.8 278.5 270.1 267.5 258.1 264.2 287.4 287.9 276.6 264.6 251 243 236.9 229.9 223.6 219.1 213.4 203 187.7 186.3 182.4 167.1 151.7 138.6 120.1 120.2 114 106.9 95.1 72.5 57.4 53.9 41.8 32.4 30.6 17.4 -1.3 -1.3 -1.3 -1.3 -1.3 -1.3 -1.3 -1.3 -1.3 -1.3 -1.3 -1.3 -1.3 -1.3
-1.3 -1.3 -1.3 -1.3 -1.3 -1.3 -1.3 -1.3 41.1 67.9 90.6 119.4 149.3 187.8 229.1 268.5 302.1 330.8 346.8 382.1 399.3 403.6 412.3 414.7 395.9 383.2 354.4 331.1 319.5 320.2 310.8 291.1 271.7 262.8 260.2 274.3 289.8 278.7 266.9 261.8 251.2 249.3 239.8 228.3 219.7 216.1 210 201.9 181.4 171.3 173.1 160.6 147.8 129.8 108.9 105 102.9 97.8 80.8 64.5 48.1 41.1 31.3 16.3 12.8 6 -1.3 -1.3 -1.3 -1.3 -1.3 -1.3 -1.3 -1.3 -1.3 -1.3 -1.3 -1.3 -1.3 -1.3
-1.3 -1.3 -1.3 -1.3 -1.3 -1.3 -1.3 -1.3 33.6 60.4 82.2 105.9 147.2 189.7 237.8 270.4 318.3 339.7 351.3 369.2 389.8 409.4 426.6 426.7 407.5 385 362.6 352.5 338.6 314.8 302.2 292.8 275.6 264.9 257.4 276.9 288.8 273.3 260.1 260.1 251.5 241.4 232.4 224.7 219.8 211.2 202.9 192.2 176.6 157.7 158.7 151.5 139.9 123.1 102.6 95 95.1 86.6 70.1 54.6 41.6 30 22.6 9.2 -1.3 -1.3 -1.3 -1.3 -1.3 -1.3 -1.3 -1.3 -1.3 -1.3 -1.3 -1.3 -1.3 -1.3 -1.3 -1.3
-1.3 -1.3 -1.3 -1.3 -1.3 -1.3 -1.3 -1.3 23.3 51.1 74.8 93.9 145.6 185.2 232.6 258.6 313.1 340.7 366.9 375 391.9 412.7 422.6 429.9 417 393.4 377.5 359.4 341.1 327.4 294.1 275.1 264.3 258.5 256.5 267.9 278.5 262.6 256.7 256.8 248.5 237.2 231.7 224.9 217.8 210.6 196.2 182.6 172 149.2 145.8 137.4 124 105.4 93.9 85.8 88.6 76.7 62.3 44.4 30 15.6 9.5 -1.3 -1.3 -1.3 -1.3 -1.3 -1.3 -1.3 -1.3 -1.3 -1.3 -1.3 -1.3 -1.3 -1.3 -1.3 -1.3 -1.3
-1.3 -1.3 -1.3 -1.3 -1.3 -1.3 -1.3 -1.3 13.6 44.4 70 90.6 138.6 180.6 228.5 250.7 285.3 341.7 370.8 375 389.4 399.2 417.2 431.9 419.9 409.1 391.8 377.5 350.3 311.2 290 271.1 258.5 256 256 262.9 266.7 260.4 253.3 249.2 242.7 235.1 230.1 224.7 209.7 196.8 186.9 171.3 158.8 141.4 127.2 122.9 110.1 86.7 89.4 74.3 73.4 61.5 52.4 36.4 17.2 5.4 -1.3 -1.3 -1.3 -1.3 -1.3 -1.3 -1.3 -1.3 -1.3 -1.3 -1.3 -1.3 -1.3 -1.3 -1.3 -1.3 -1.3 -1.3
-1.3 -1.3 -1.3 -1.3 -1.3 -1.3 -1.3 -1.3 -1.3 36.2 64.7 88.3 129.9 178.9 223.7 244.4 275.4 322.2 365 357.6 386.9 399.3 406.4 429.4 428.3 420.1 401.5 386 360.2 336.7 304.4 269.6 256 256 256 258.7 259.3 260.4 247.9 240.1 234.8 227.6 225.6 214.8 200.9 186.4 174 165.9 151.5 135 115.5 108 94.4 77.5 81.5 61.8 54.1 47.4 39.5 26.7 11.3 -1.3 -1.3 -1.3 -1.3 -1.3 -1.3 -1.3 -1.3 -1.3 -1.3 -1.3 -1.3 -1.3 -1.3 -1.3 -1.3 -1.3 -1.3 -1.3
-1.3 -1.3 -1.3 -1.3 -1.3 -1.3 -1.3 -1.3 -1.3 27.2 56.9 85.7 121.6 172.2 217.4 230.9 262.7 293.7 331.1 351.6 380.8 411 407.6 419.6 423.1 419.6 422 400.4 372.1 349 317.2 277.9 256 256 256 256.8 255.5 253.9 247 235.1 225.1 218.9 211.5 200.4 190.9 179.7 176.5 161.3 150.5 119.4 101.7 85 76.8 67.6 65.8 51.6 34.6 34.8 27.1 11.2 3 -1.3 -1.3 -1.3 -1.3 -1.3 -1.3 -1.3 -1.3 -1.3 -1.3 -1.3 -1.3 -1.3 -1.3 -1.3 -1.3 -1.3 -1.3 -1.3
-1.3 -1.3 -1.3 -1.3 -1.3 -1.3 -1.3 -1.3 -1.3 18 48.5 85.6 121.7 163.6 203.8 217.4 260.8 286.7 305.8 337.3 369.8 421.1 409.2 409.9 420.1 429 423.9 405.9 380.4 353.3 332.7 304.9 267.7 256 256 259.7 257.8 250.5 235 222.6 215.5 208.5 199.3 194.4 188.1 180.1 178.6 165.6 156.7 132.8 112.3 88.6 65.2 59.2 61.4 47.3 34.5 19.6 15.1 6 -1.3 -1.3 -1.3 -1.3 -1.3 -1.3 -1.3 -1.3 -1.3 -1.3 -1.3 -1.3 -1.3 -1.3 -1.3 -1.3 -1.3 -1.3 -1.3 -1.3
-1.3 -1.3 -1.3 -1.3 -1.3 -1.3 -1.3 -1.3 -1.3 -1.3 42.6 82.6 117.8 155.9 189.9 201.3 246.6 275 293.3 327.8 356 403.7 410.8 408.7 423.6 430.8 429.3 420.3 395.2 357.7 326.9 297.4 275.4 256 257.6 263.3 263.6 258.6 244.9 229.6 220.3 212 206.2 199.6 191.2 178.9 175 163.1 153.5 140.4 120.1 93.6 67.6 53 52.6 41.8 32.4 23.4 11.2 4.9 -1.3 -1.3 -1.3 -1.3 -1.3 -1.3 -1.3 -1.3 -1.3 -1.3 -1.3 -1.3 -1.3 -1.3 -1.3 -1.3 -1.3 -1.3 -1.3 -1.3
-1.3 -1.3 -1.3 -1.3 -1.3 -1.3 -1.3 -1.3 -1.3 -1.3 36.7 75.3 107.7 145.1 170.7 192 236.9 256.8 283 322.2 351.5 379.5 401.3 407.9 425.7 427.1 426.5 409.6 381.7 351.3 328.4 298.3 269.3 258.1 261.1 265.9 270.4 264.1 251 234.7 221.1 213.1 203.5 197 189.6 179 172.4 157.8 141.7 132.2 115.9 92.7 63.6 45.4 42.8 37.5 26.5 12.4 5.8 -1.3 -1.3 -1.3 -1.3 -1.3 -1.3 -1.3 -1.3 -1.3 -1.3 -1.3 -1.3 -1.3 -1.3 -1.3 -1.3 -1.3 -1.3 1.3 4.5 -1.3
-1.3 -1.3 -1.3 -1.3 -1.3 -1.3 -1.3 -1.3 -1.3 -1.3 32.6 67.9 105 136.7 160.5 180.1 213.7 240.2 274.1 322.3 345.7 373.4 409 418.8 420.6 419.5 420 417.1 391.1 347 339.3 323.4 286.7 262.3 262.1 268.5 268.1 258.4 245.3 230.7 221.3 210.6 203.3 197.1 188.5 182.1 168.3 162.8 147.6 122.2 98.1 82 56.1 42.3 36.1 29.7 19.3 5.2 -1.3 -1.3 -1.3 -1.3 -1.3 -1.3 -1.3 -1.3 -1.3 -1.3 -1.3 -1.3 -1.3 -1.3 -1.3 -1.3 -1.3 -1.3 -1.3 5.5 8.3 4.3
-1.3 -1.3 -1.3 -1.3 -1.3 -1.3 -1.3 -1.3 -1.3 -1.3 28.8 65.3 101.3 129.1 154.7 171.5 208.3 242 265.2 314.4 351.4 363.2 395.9 426.9 404.8 409.6 405.1 410.3 389.4 343.4 315.5 318 287.5 264.8 267.5 270.9 267.1 255.9 245.1 232.4 219.6 208.9 206.2 201.3 191.9 178.8 166.1 153.2 138.6 120.8 94.3 73.9 55.5 46.4 32.5 20 11 3.2 -1.3 -1.3 -1.3 -1.3 -1.3 -1.3 -1.3 -1.3 -1.3 -1.3 -1.3 -1.3 -1.3 -1.3 -1.3 -1.3 -1.3 -1.3 5.8 8.8 9.6 13.1
-1.3 -1.3 -1.3 -1.3 -1.3 -1.3 -1.3 -1.3 -1.3 -1.3 33.1 63.8 95.7 124.2 147.2 166.1 194.9 228.8 268.4 319 356.1 366 378.6 404.4 395.2 386 383.7 390.6 378.2 321.7 299.1 306.9 281.6 268.8 281 270.4 262.3 258.7 245.1 233.7 219.3 212.6 208.1 199.7 188.9 175.1 160.3 150.2 131.7 109.8 85.8 64.6 56.9 42.1 26.1 20.2 7 -1.3 -1.3 -1.3 -1.3 -1.3 -1.3 -1.3 -1.3 -1.3 -1.3 -1.3 -1.3 -1.3 -1.3 -1.3 -1.3 -1.3 -1.3 1.8 5.4 10.9 12.4 14.2
-1.3 -1.3 -1.3 -1.3 -1.3 -1.3 -1.3 -1.3 -1.3 -1.3 29.9 77.3 94.3 116.6 140.6 165.5 186.3 219.8 266.9 316 351.9 375.3 371.4 381.9 380 374.2 369 367.3 346.3 311.5 288.8 288.6 269.1 264.5 279.9 268.4 259.6 254.9 246.4 235.8 223.2 215.6 208.5 198.5 188.4 165.9 149.5 143 127.2 99.6 75.1 63.4 54.7 37.9 24.5 8.4 -1.3 -1.3 -1.3 -1.3 -1.3 -1.3 -1.3 -1.3 -1.3 -1.3 -1.3 -1.3 -1.3 -1.3 -1.3 -1.3 -1.3 -1.3 -1.3 6.8 12.1 17.7 17.7 18
-1.3 -1.3 -1.3 -1.3 -1.3 -1.3 -1.3 -1.3 -1.3 -1.3 24.4 68.4 87.8 109.3 136 164.9 182.8 208.9 252.9 303.9 341 369.8 374.3 362.3 359.6 366.7 349.6 338.1 313.2 283.7 271.3 268 266.2 260.1 274.6 272.8 262.8 252.8 246.9 235.6 228.8 217.7 207.8 202.7 191.3 170.2 148 138.3 110.9 88.4 69.5 59.9 49.7 26.2 7.2 -1.3 -1.3 -1.3 -1.3 -1.3 -1.3 -1.3 -1.3 -1.3 -1.3 -1.3 -1.3 -1.3 -1.3 -1.3 -1.3 -1.3 -1.3 5.7 6.8 19.6 19.7 24.7 25.5 24
-1.3 -1.3 -1.3 -1.3 -1.3 -1.3 -1.3 -1.3 -1.3 -1.3 -1.3 53.9 80.7 102 132.6 162.7 177.8 207.4 246.5 288.7 324.6 349.4 364.9 361.4 342 350.6 348.9 327.8 305.7 267.9 261.1 260.8 255.8 255 267.6 271.2 265.5 250.6 242.5 240.6 232.6 219 213.8 209.4 194.5 165.1 143.1 124.5 103.9 88 69.1 48.8 39 12.9 -1.3 -1.3 -1.3 -1.3 -1.3 -1.3 -1.3 -1.3 -1.3 -1.3 -1.3 -1.3 -1.3 -1.3 -1.3 -1.3 -1.3 -1.3 5.9 7 18.1 13.9 24.8 31.1 29.4 33.2
-1.3 -1.3 -1.3 -1.3 -1.3 -1.3 -1.3 -1.3 -1.3 -1.3 -1.3 38.7 67.6 96.3 126.6 157.2 174.6 202.5 242.3 278.8 308 330.3 345.7 340.3 331.7 340.4 340.5 325.5 288.4 264.4 254.7 258.6 260.7 249.5 262.9 264.5 258.9 249.9 244.2 241.1 233.8 221.6 214 207.3 193 161.9 141.3 119.9 97.7 79.8 58.5 42.3 33.3 -1.3 -1.3 -1.3 -1.3 -1.3 -1.3 -1.3 -1.3 -1.3 -1.3 -1.3 -1.3 -1.3 -1.3 -1.3 -1.3 -1.3 -1.3 -1.3 7 18.3 13.5 22.6 33.7 29.9 29.1 29.9
