data/220000-900000.asc
ncols 200
nrows 200
xllcorner 220000
yllcorner 900000
cellsize 50
[rows 105 to 139 of 200, columns 0 to 77 of 200]
362.6 365.8 367.7 363.3 364.8 365 362.7 362.1 358.5 356.6 355 354.6 354.6 354.6 356.6 358.2 367.1 376.9 384.5 389.4 394.7 398.5 401.9 403.1 406.8 409.5 412.2 413.2 416.7 419.5 417.3 416.4 416.5 414.9 414 413.2 410.5 407.6 404.5 400.2 397.3 396 389.8 390.8 388.9 386 384.2 383.4 383 380 382.5 384.2 385.2 386.6 387.2 387.3 384.9 381.8 378 382.2 387.8 392.9 396.4 399.1 400.8 401 400.3 401.2 402.9 402.8 401.3 399.3 395.6 389.4 381 372.6 363.8 355
363.5 364.5 365.6 362 369.1 365.6 364.9 366.8 366.8 367.6 366.1 363.1 362.3 362.5 362.6 363.4 374.2 380.3 384.1 389.5 393.1 395 397.6 399.4 402.1 406.4 407.9 409.9 414.5 414 411.4 411.9 410.2 409.2 407.1 405.8 403.4 400.6 397.7 394.3 391.8 389.5 387 385.5 383.3 381 379 376.6 376.2 375 377.6 380.1 381.4 382.9 382.2 380.7 378.6 376.5 378 383.7 388.1 391.7 394.5 397 399.1 397.6 395.6 396 397.8 399.4 397 392.5 388.4 383.5 376.5 368.3 359.8 351
362.5 367.3 370.7 366.4 372.3 373.4 372.1 372.4 370.9 370.3 371.8 374.5 370.3 371.7 370.1 369.5 377.1 381.9 384.3 387.5 389.6 392.3 393.1 394.9 395.9 398.8 401.6 404 408.4 408 405.1 405.3 404.7 403.4 401.8 399.3 396.6 393.6 390.9 389 385.9 383.7 381.3 376.8 376.4 373.8 372.9 371.8 371.8 371 374.1 375.4 376.6 377 375.8 374.8 370.2 372.7 376.9 379.7 381.9 385 388.4 391.1 392.8 393.3 394.3 394 394 395 391.2 386.3 383.1 376.5 370.7 364.7 356.8 348.9
365.3 362.4 367.1 368.8 371.3 374.6 375.8 370.7 371.5 371.1 371.5 376.3 375.3 379.9 381.5 376.1 378.6 382.1 384.8 385.5 384.3 386 387.1 388.1 388.6 390.3 392.9 396.7 402.2 400.7 398.4 400.1 399 398.1 395.9 394.4 391.5 387.6 385.2 383 379.7 376.5 374.2 370.1 369.3 368.8 368.5 367.4 367.7 366.7 368.4 369.2 370.6 372 371.7 370.2 365.8 372 376.1 378.3 380 380.2 382.1 386.5 393.4 398 396 394.3 392.5 389.6 385.8 381.1 377.6 371.6 365.6 360.3 355.1 347.9
366.4 371 375.8 379.6 382.5 382.1 380.3 380.2 378.5 376 375.7 375.2 373.4 379 379 376.6 376.4 377.9 376.5 377.9 377.8 379.9 382.1 382.1 382.2 382.9 385.4 388 391.1 391.3 391.6 393.3 393.4 392 390.8 389.3 385.9 382.4 380.3 379.4 376.4 373.2 370 366.4 362.6 364.4 364.1 363.5 362.5 362.7 363.8 363.8 365.8 367.3 366.9 366.5 366.8 371.4 374.4 378.5 379.9 383.2 388.4 392.7 395.6 397.4 396.8 395.9 394.1 391 384.7 376.7 373.1 368 361.4 356 351.3 344.9
378.3 384.7 389.9 392.2 393.2 394.5 392.2 388.4 383 380 379 378.1 376.3 375.2 379 379 376.4 377.8 377.3 377.6 379.4 382.6 382.3 380.5 380.8 381 381.9 382.3 383.9 382.7 383.2 387.1 387.6 385.4 384.4 382.8 380.2 378 376.6 375.2 372.8 369.8 366.6 363 360.7 361.2 360.3 359.7 358.9 360.2 360.8 360.7 362.4 363.8 362.7 362.5 365.9 370.6 374.7 378.1 381.2 386.5 392.9 395.5 400.9 406.8 406.3 401.1 398.2 396 387.2 377.4 370.2 365.3 359.9 354.2 348.5 341.7
384.9 393.1 399.8 404.5 408 410.5 406.9 400.6 393.7 389 386.7 381.8 380.7 377.8 375.7 378.1 376.1 378.6 377.4 376.2 375.9 376.8 377.5 378.2 379 378.8 377.8 376.6 376.4 376.9 376.5 376.7 379 378.1 377.8 376.2 375.2 374 372.5 370.9 369.1 365.4 362.2 358.7 356.5 356.1 355.9 356.6 358.9 361 361.6 359.2 358.7 359.7 361.2 360.6 365.2 367.9 371.8 375.8 378.5 383.7 397 404.2 409.1 411.7 412.5 408.6 404.8 400.1 392.1 381.6 373 366.5 360.6 353.8 348.1 342.7
383.6 391.3 397.9 404.2 410.1 413.3 413.6 409.9 400.9 394.2 389.4 383.2 378.9 379 377 375.8 376 375.3 376.1 376.3 374.8 374.8 373.4 374.5 374.6 374.6 374.3 374.6 373.4 373.5 372 372.5 372.4 372 369.8 368.6 369.9 369.7 367.9 365.8 363 358.7 355.5 354.4 353.4 353 354.5 356.5 357.9 358.5 356.8 355.2 355.6 356.2 359.2 360.8 362.9 365.2 369.2 375.7 382.3 394.4 403.8 410.7 413.7 417.1 417.4 413.7 410.2 406.4 398.1 389.2 380.7 372.1 364 356.7 349.5 343.3
373.7 374 381.4 392.4 402.6 407.9 411.1 411.2 406 398.4 395.1 390.8 386.5 383.3 380.7 377.4 376.9 374.9 374.9 374.5 374.5 373 372.2 373.3 373.1 373.9 372.5 371.1 370.4 369.9 368.1 367.5 367.6 366.7 364.9 362.6 362.6 362.1 360.8 357.7 353.8 351.2 350.6 350.6 351.9 354.3 353.6 352.2 352.7 353.8 353 351.5 352.6 354.1 358.6 361.7 363.8 365 369.3 376.4 387.7 401.6 409.9 415.2 418.6 422.6 421.9 416 410 405.3 399.6 393.8 386.1 377.6 367.4 359.6 351.8 345.2
382.9 381.8 379.1 384 391.6 400.4 401.9 402.3 402.9 402.3 399.1 393 390.3 386.4 384.1 380.8 378.2 374.2 372.4 371.7 370.5 369.7 371.1 370.2 369.1 367.9 367.1 366.1 365 364.9 363.3 362 361.5 360.7 360.6 360.1 358.4 356.5 354.1 350.9 349.7 349 348 350.7 351 350.8 350 349.4 348.3 347.8 348.2 349 348.6 352.6 358.6 364.3 368.1 371.4 371.3 377.3 392.6 406.4 414.3 419.2 424.6 426.4 423.9 417.4 408 402.6 398.6 394.5 388.4 380.5 370.5 361.3 353.4 346.9
378.2 380.1 379.9 384 384.5 384.5 389.6 393.9 398.1 399.3 399.3 394.8 388.8 384.7 381.5 377.6 374.9 371.7 368 365.6 363 364 363.3 363.6 362.8 361.5 361.8 361.3 361.9 360.7 359.6 357.9 356.9 356.3 356.1 356 354.6 352.6 350.4 348.8 348.9 348 344.8 346.8 347.6 347 346.5 345.9 344.9 344.4 344.3 344.3 347.8 353.5 360 367.3 374.1 380.3 380.1 389.3 396.8 409.4 418.4 423.4 426.5 425.4 422.1 416.8 406.9 401.5 397.6 394.2 388.4 380.9 372.4 363.8 355.2 348.5
379 380.4 386.6 393.5 400.7 400.6 399.2 391.2 390.4 391.2 391.4 389.6 384.6 380.8 377.6 373.4 370.7 369.8 367.5 365.5 362 359.8 359 358.4 357.8 357.3 356.4 357 357.4 356.4 354.9 354.1 352.6 351.6 350.3 350.5 350 349.2 348.2 346.8 346.3 346.2 344 342.1 341.4 341.6 341 342 342 341.9 343.1 346.5 349.9 355 362.5 370.9 378.5 382 386 397.8 404 415.4 422.6 426 427.3 423.6 419.9 414.7 407.6 402.6 398 393.2 387.2 380.8 373.9 365.3 357.5 350.2
401.7 404.1 411.7 418.3 417.8 415.9 411.7 405.9 401.2 396.9 392.9 388.1 383.6 380.3 374.7 370.5 367.8 365.6 362.6 361.2 359.1 356.2 354.8 354.1 352.5 351.1 350.5 351.4 352.7 350.7 348.6 347.6 348 348.5 347.3 345.6 345.3 344.3 342.5 342.9 343.1 343.2 342.4 339.6 338.6 337.4 338.5 338.8 340 340.2 344.9 348.1 351.9 357.4 363.9 372.2 380.6 384.3 395.6 403.1 411.2 422.3 427.9 431.1 427.3 423.1 418.8 413.5 405.5 401.1 397.7 393.4 386 379.6 373.7 366.7 359.5 351.9
424.7 427.4 431.5 435.5 428.3 422.5 417.2 412.3 407.5 403.2 398.3 392.1 385.7 378.7 372 367.8 366.1 364.4 360.6 358.9 355.7 352.1 350.9 349.7 347.7 346 343.3 341.4 340.3 341.1 342.3 343.6 344.1 344.5 344.6 342.4 341 338.5 336.1 336.9 337.9 339.9 340.1 338.7 337.2 337.4 341.1 339.2 341.1 346.5 350.4 352.2 351.9 357.3 364.6 374.1 382.5 390.6 404.3 408.8 417.7 428.4 434.2 430.3 426.9 422.3 417.1 410.9 402.8 398.8 396.8 392.1 386.4 380 373.8 367.4 360.8 353.7
438.5 439 439 437.4 430.2 425.6 422.2 417.8 413.6 407.8 402.5 394.7 388.2 380.7 372.2 366.4 364.2 361.9 359.6 357.4 353 349.4 347.9 347.4 345 342.8 340.2 338.9 336.9 335.8 337.9 339.7 340.7 342.9 341.5 339.2 338.7 336.6 331.3 331.5 332.5 338.2 337.5 337 337.1 338.3 340.7 342.1 344 350.2 352.6 354.3 356.6 365.1 370.4 379.1 386.7 393.6 404 411.1 420.5 427.7 430.6 428 423.8 418.9 413.2 406.2 398.6 396.4 394.5 390.3 386.5 381 374.9 368 361.7 354.4
439.2 438.7 435.9 431.5 425 420.8 417.8 414.9 411.2 405.7 398.3 391 384.3 378.1 369.5 363.7 358.9 355 352.9 349.2 346.2 344.2 342.5 341.2 339.1 338.2 337.6 337.4 335.3 332.9 332 332.9 332.2 332.8 333.4 335.3 334 330.7 329.6 334.6 338 339.1 337.2 336.5 341 345.3 345.1 345 348.8 354.5 357.1 356.8 360.7 366.9 373.6 380.3 387.9 396.9 406.4 412.2 419.1 426.2 425.7 422.3 418.8 414 408.8 399.9 393.3 390.9 389.2 387.5 384.5 379.9 374 369.1 362.6 355.7
440.4 435.9 430.7 425.5 419 412.9 408.1 405.1 401.7 397 390.2 382.7 374.8 369.1 363.4 357.6 351.5 344.5 336.9 332.3 332 334.1 335.5 335.6 334.9 333.6 333.3 332.8 332.8 333.5 330.5 328.5 327.1 325.7 323.8 326.4 327.1 326.5 331.7 336.6 339.5 340.8 340.2 342.8 350.3 356 354.2 353.8 356.7 362.7 363.7 358.7 362.2 369.4 375.5 382 388.2 397.9 403.4 408.3 412.9 416.6 418.1 416.3 412.6 408.9 402.9 393.7 389.3 387.4 385.4 383.5 380.3 376.6 371.4 366.4 361.4 355.8
431.4 428.4 425.4 420.4 415.3 408.5 402.7 396.5 389.2 384.8 379.4 371 366 360.2 354.7 349.6 345.9 337.8 328.9 321.7 320.4 321.6 326.2 328.4 329.9 330.6 331 330.4 332 333.5 330.4 324.5 326.5 325.6 327.7 326.8 325.6 326.9 333.9 337.1 339.2 341.5 342.8 352.9 364.1 365.8 363.1 361.7 368.6 373.4 372.3 367.2 367.8 371.7 374.4 378.9 383.5 390.7 396.6 401.8 408.7 411.8 413.7 410.7 406.9 401.9 396.1 387.2 384.4 382.6 380.8 378.7 375.3 371 366.3 361.9 358.9 354.5
405.5 411.1 414.1 411.8 407.1 400.8 393.7 388.4 383.5 374.6 368.1 363.3 359.4 350.9 343.7 337.1 330.4 324 316.9 315.1 314.3 312.5 312.5 315.6 319.6 322.4 323.3 321.6 320.8 321.7 322.3 328 332 334.6 338.8 334.8 331.5 331.4 333.6 335.4 339.3 343.7 351.7 364.9 373.3 371.8 368.1 368.8 376 377 375.4 373.1 372.1 373.6 375.2 377.8 380.1 387 394.5 398 404.5 408.6 408.3 405 401.4 396.7 389.9 382.1 378.8 376.6 374.6 372.7 370 366 361.7 358.8 355.8 352.3
382.9 387.5 394.6 400 395.1 388.6 386.2 383.7 379.9 367.8 359.2 353.7 347.6 341.1 333.3 326.6 320.5 316.2 312 305.1 313.5 313.6 312.2 308.5 308.9 310.3 311.9 312.6 312.8 320.7 326 333.2 339.2 342.1 341.4 338.5 336.2 335.6 337.5 341.1 345.9 350.9 358.5 364.2 368.9 370.9 368.8 370.9 373 372.5 370.5 372.6 375.9 377.4 378.4 379.1 380.4 386.3 392.9 395.1 398.2 401.5 402.3 399.7 396.3 390.2 383.4 377.1 374.1 372 369.3 366.2 364.1 361.8 359.1 355.8 352.7 349
367.5 366 370.9 378.6 377.4 378.6 377.2 373.9 366.4 353.3 345.9 341 337.3 330.5 324.9 316.1 311.7 312.5 307.7 307.3 315.6 317.2 317.3 315.8 313.8 313.3 312.2 313.1 315.1 321.7 328.2 337.6 342.7 343.8 341.7 338.8 338.9 340.3 342.4 344.8 350.3 355.6 362.3 366.9 369.7 369.2 369.3 371 371.1 370.9 372.2 374.6 377.8 379.1 378.8 378.3 380.4 384.8 388.1 391.1 395.2 398 397.5 394 390.7 385.7 378.7 373.3 370.7 369.2 365.3 362.3 360.1 357.9 355.8 353.1 349.4 346.9
348.6 347.2 347.3 346.1 352.4 358.2 359.9 357.8 352.4 347.9 343 336.7 328.5 320 308.1 300.5 296.2 299.3 296.9 308.1 313.8 314.7 315.8 317.1 319.2 318.6 317.2 317.9 318.9 323 328.4 334.9 338.5 341 339.6 337.7 337.7 340.4 343.3 348.5 354 361 370 372.3 371.5 369.9 370.7 371.5 371.6 372.3 374.1 377.1 379.9 382 379 378 377.8 379 382.9 388.4 391.8 392.8 391 387.3 383.9 379.9 374.9 369.9 367.7 365.6 362.7 359.8 356.5 354.4 352.3 349.9 347.5 346.4
338.1 337 337.6 338.6 335.5 332.1 329.5 329.2 330.4 331.4 331.5 325.9 321.2 314.2 303 299.8 292.2 298.4 302.1 305.2 309.5 312 314 316.2 319.9 319.2 319.6 319.4 320.3 322.5 324.6 329.9 333.7 336.6 337.8 338.6 337.7 343.8 349.8 353 356.3 364.7 370.8 371.8 371.5 369.2 369.6 370.1 370.1 370.4 373.2 375.5 377.3 377 374.8 372.5 372.4 375.5 379.7 383.2 383.7 383.4 383.8 381.7 378.6 374.5 370.1 367.1 365 363.6 360.5 357.4 354.2 351.2 349.3 347.3 346.2 344.8
318.3 317.5 324 326.4 324.2 322.6 319.6 321.8 320.9 318.3 317.4 317 310.7 303.6 299 298.1 287.3 301.1 301.2 301.6 301 303.5 305.9 309.1 315 317.3 319 319.2 321.2 325.3 330.4 337.8 336.8 335 335.1 336.4 339.1 344 346.9 350.3 355 361.7 364.7 365.1 364 363.3 362.9 364.2 363.8 364 367.2 370.3 372.1 369.1 366.6 364.7 366 370 374.2 375.7 379.2 380.7 379.9 378.4 374.9 370.6 367.7 365.6 363.3 361.6 358.4 355.3 351.9 348.8 346.7 345.2 345.2 343.5
307.5 308.4 308 308.7 309.2 311.3 317.4 317.4 314.3 311.3 309.4 304.8 301.3 292.6 288 281.9 295.2 300.1 298.2 300 300.7 301.5 302.2 304.5 309.9 315.3 317 318.4 323.5 325.6 329.7 338.6 340.1 336.5 330.9 330 331.9 336.3 340.2 343 348 353.3 355.9 356.5 354.7 352.1 351.2 353.6 354.5 357.2 359.9 362.6 362 361.1 360.5 359.9 361.1 364.1 368.9 375.7 377.6 377.3 375.9 373.7 371.4 368.7 365.1 363.5 361.7 359.8 357 352.4 349 346.4 344.6 342.9 342.1 339.2
296.9 299.4 298.3 297.4 298.9 304.8 308.8 312.8 309.2 306.6 302.8 294.7 291.5 286.3 286.2 292.8 297 301.2 299.5 299.6 299.9 299.5 298.9 304.4 304.9 306.4 310.7 313.3 318.3 319.4 320.4 325.3 326.4 325.2 323.6 323.8 325.9 329.8 332.6 334.5 339.7 344.3 346.8 347.7 346.8 341.3 341.9 343.6 346.5 349.7 352.1 353.1 354.3 354.3 354.4 354.9 355.3 361 370.7 374.9 375.3 375.2 372.6 371.5 370.3 365.7 362.9 360.8 357.8 354.8 352.4 348.8 345.5 343.1 340.9 338.9 337.4 334.7
295.6 292.6 291 290.1 292.5 294.1 294.8 298.3 302.3 300.1 296.9 293.3 288.9 282.4 285.6 293.9 295.3 294.3 292.2 292.6 292.8 292.6 295.4 302.2 298 300.5 305 308.6 308.9 307.8 312.6 312.6 312.5 314.7 315.4 317.7 321.9 323.5 323.3 325.7 332.2 336.5 339.6 338.7 335.9 332.2 334.8 337.7 340.8 344.2 343.4 344.7 346.4 346.2 345.8 347.4 353.6 361.4 368.4 373.2 372.6 371.9 371.4 371.2 369.1 363.9 362.3 359.9 356 351.4 347.8 344.5 341.9 339.7 337.5 335.5 333.4 331.6
299.8 297.6 296.2 294.5 291 287.3 293 295.1 293.8 289 286.5 287.7 284.5 278.7 282.6 288 288.7 287 285.5 285.6 287.8 285.8 290.7 292.9 293.7 297.7 302.1 300.9 302.5 300.2 299.1 301.8 303 303.8 307.1 309.2 312.4 314.6 315.4 316.4 319 323.3 329.4 329 325.6 329.2 331 333.9 336.3 335.9 336 337.4 337.7 337.4 338.2 343.9 349.8 355 358.5 362.6 365.9 368.8 371.3 372.6 369.2 362.2 358.1 356.9 353.7 350.5 346.1 342.7 340.8 337.8 335.5 332.9 331 330.1
309.3 306.1 302.5 298.7 294.2 285.7 277.7 276.8 277.7 277.2 277 276.8 278.9 284.8 286.3 286.9 284.5 282.6 281.7 281.3 280.4 283 287.6 288.2 290 291.7 292.5 290.3 288.9 288.6 292.1 295.3 296.6 296.6 297.7 299.4 302.8 305.9 305.6 308.4 311.1 311.9 313.8 315.3 315.7 320 322.6 326.5 327.3 329.5 332.1 332.6 331.4 330.7 332.5 335.6 339.7 344.9 351.2 358.9 363.1 365.5 367.3 366.9 363 356.6 354 352.5 348.8 346.2 342.8 340.5 337.9 335.3 332.7 329.8 326.9 324.7
317 311.5 308.3 307.5 304.2 296.8 289 280 275.5 273.2 273.6 282.9 291.3 293.7 294.2 292.4 289.9 285.4 280.3 279 278.7 279.6 281.9 282.9 283.1 284.5 285.2 284 282.3 283.8 285.3 287.3 291.3 293.3 295.2 294.1 294.6 293.8 295 298.1 302.9 304.7 306.2 305.7 309.4 311.9 317 319.1 321.8 323 324.3 325.9 325.1 326.9 328 330.5 334.8 340.1 345.3 352.6 354.9 355.1 356.2 356.4 353.9 349.3 348.1 346.8 344.5 341.8 339 336.4 334.4 331.7 327.6 323.2 322.1 320.3
326.6 319.4 313.5 310.2 307.3 305.1 300.4 296.1 285.4 277.3 273.9 283 292.1 294.3 294 288.4 280.9 276.2 274.1 273.4 274.1 275.8 276.9 275.3 274.7 274.8 275.1 273.6 275.7 279.2 281.3 286.5 289.4 291.4 292.9 291.7 290.3 290.1 288.6 287.5 288.4 290.8 293.3 296.9 300.8 301.4 305 309.9 314.1 314 318.3 320.1 322.1 323.3 324.4 325.4 328.2 332.1 335.4 338.3 340.7 341.9 344.8 346.1 343.7 340.7 340 339.6 338 335.1 334.5 333.1 329.5 325.3 322.4 319.3 318.3 316.5
336 326.4 315.3 307.8 304.2 298.5 295.6 288.4 280.6 275.8 272.7 272.8 275.1 273.3 269.7 267.1 266.7 266.3 269.5 271.4 273 274.1 273.8 271.7 268.7 265.6 264.9 266.3 268.5 270.7 274.4 278.9 283.2 284.8 289.9 289.2 287.6 286 285.2 285.1 284.6 284 285.8 289.7 292.9 295.6 299.4 305.7 305.1 302.7 305.4 306.9 309.8 313.1 316 317 318.3 323.3 327.1 331.1 332.3 334.1 339.4 339.3 335.4 330.5 330.8 332 332.2 329.2 328.6 327.3 324.1 320.9 318.1 315 314.2 313.7
337.8 329.8 315.7 306.6 299.4 287.2 280.6 276.8 276.2 274.4 275.9 278.1 272.2 262.8 258.2 258.5 256.1 254.5 253 256.2 259.9 260.3 260.8 260.1 261.3 260.4 260.9 262.6 262.2 262 266.7 274.1 278.6 282.9 285.3 285 285 282 280 277.6 276.2 275.8 279.5 282.2 289.9 290.1 293.7 296.4 297.6 298 301.1 301.9 305.6 308.3 312.5 314 313.9 316.8 319 320.9 323.2 326.7 332.7 330.9 326.1 320.7 321.6 324.7 323.5 321.9 321 319.5 318.9 316.5 312.4 310.3 309.1 308.4
338.2 331.8 320.8 306 298.1 288.7 280.9 276.1 276 278.1 277.6 276.4 274.6 272.9 271.1 267.1 265.3 260.7 257.1 253.1 248.4 249 250.8 254.2 256.9 258 258.1 260.1 258.8 261.3 269.2 274.2 276.8 280 280 279.5 280.1 280.3 277.9 275 271.3 267.2 271.6 274.8 283.5 283.9 284.1 286 292.7 295.3 296.3 295.9 296.6 301.6 306.7 306.7 307.6 308.2 310.6 312.6 314.4 316.6 319.4 319.7 317.4 313.6 314.6 314.6 315 314.4 314.3 314.4 315.3 311.4 306.6 305.7 305.4 303.8
343.1 335.6 325.7 311.8 301.1 296.3 288.3 279.6 279.7 282.1 279.2 278.5 276.4 275.6 274.6 275.1 272.7 266.8 261.5 258 254.3 253.5 249.7 252.9 250.5 253.5 253.9 256.2 254.9 259.6 267.9 268.9 268.6 270.8 270.1 271.3 271.4 269.9 266.4 266.2 261 255.6 263.1 266.4 270.6 273 274.5 278.3 281.6 283.9 285.6 286.6 291.9 291.8 291.1 291.8 294.9 299.9 303.6 308.1 308.5 308.5 308 308.6 306.7 306 306.4 306.1 306.7 308.3 307.6 307.8 310.1 305.5 300 301.6 303.6 301.9
