data/220000-850000.asc
ncols 200
nrows 200
xllcorner 220000
yllcorner 850000
cellsize 50
[rows 0 to 34 of 200, columns 0 to 77 of 200]
136.8 132.5 129.2 125.5 122.2 121.9 122.8 123 122.9 123 123.4 123.4 123.8 123.7 126 127.1 126 125.4 125.9 126.6 126.7 126.3 125.2 125.2 126 129.4 128.9 130.3 131.4 129.4 133.9 134.2 135 137.1 141.3 144.9 146.7 147.9 147.7 149 149.4 147.7 145.6 145.9 145.5 145 145.6 147.7 150.4 151.9 152.5 152.8 152.8 152.5 151.5 150.1 148.3 146.5 145.7 144.6 143.6 143.8 143.9 143.7 142.6 142.9 141.7 140.9 139.3 138.8 139.3 142.6 144.9 145.1 143.2 137.9 136.4 137.4
133.1 129.2 125.4 122.6 121.8 124.1 125.6 124.7 124.5 124.7 125.2 125.8 125.7 125.1 127.1 127.1 126.3 126.6 127.1 127.2 127.6 127.7 128.5 129.4 130 136.4 134.2 135.2 134.9 137.4 138.8 140.1 141.1 144.1 148.5 152.1 153.9 155.2 154.6 155.1 153.7 151.3 149.6 148.9 148.8 150.1 151.8 153.4 155.1 155.7 155.7 155.4 154.4 153.5 152.4 150.7 149.9 149.3 148.4 147.4 146.4 146.6 146.5 146 145.4 144.7 144.5 143.2 140.6 141.3 144.3 147.6 147 144.1 141.6 139.6 138.8 140.5
129.7 126.8 122.7 122.3 125.1 126.5 127.1 126.4 126.9 127.3 128 128.7 127.9 127.2 128.3 128.2 127.8 129.2 128.5 128.9 129.4 132.2 132.2 132.3 134.4 139.1 138 139.1 138.1 143.3 142.8 147.4 148.2 151.2 155.6 158.9 161.8 162.6 160.5 158.2 155.8 153.8 152.3 153.1 154.4 155.6 157 158.4 159.2 159.2 158.7 157.9 156.4 154.6 153.6 152.4 151.9 152 151.2 150.3 149.9 149.2 148.6 148.7 148 147.2 147 145.4 144.6 146.6 148 148.8 147.4 144.1 142.4 142.5 141.9 142.6
128.2 124.3 122.8 125.7 127.5 128.1 128.4 128.6 129.3 130.1 130.1 130.2 130.1 129.1 131 130.5 131.1 132.8 132 131.3 133.9 136.4 133.8 134.9 141.2 146.2 147.2 144.8 143.9 146.2 149.3 154.5 156 158.9 162.4 165.8 169 167.7 164 160.9 157.9 156.6 157.5 158.4 159.6 160.8 162 162.8 163.1 162.2 161.5 160.3 158.9 157.2 155.5 153.9 154.1 154.6 154.4 153.1 151.9 151.1 150.9 151.1 150.1 149.4 148.2 147.4 149.4 150.1 151.2 150.1 147.5 145.6 145.2 143.5 144.4 148.5
126.6 120.3 125.8 128.3 129.4 130.5 130.6 131.7 132.5 132.3 132.1 133.9 131.3 131 132.7 132.6 135.4 135.4 134.6 137.3 141.4 141.8 141 142.4 153.2 153.2 150.9 147.1 147.7 150.7 158.4 160.8 163.3 166 169.1 172.4 172.3 169.7 166.4 163.1 160.4 162 162.9 163.7 164.7 165.8 167 167 166.5 165.5 164.5 163.6 161.9 161.6 158.8 157.7 157.5 157.8 157.4 155.8 154.4 153.1 152.7 153.4 152.8 151.5 149.9 149.5 151.8 153.1 152.7 151 148.7 146.3 143.5 146.6 149.1 152.3
121.1 125.3 129.2 129.9 131.3 132.9 133.3 134.5 135.5 134.7 133.7 131.3 132.3 134.4 135 136.6 138.5 138.5 138.5 145 145.7 145.5 146.2 148.3 156.4 157 150.5 148.8 150.5 160.5 163.6 166.9 170.5 172.2 174.3 174.6 172.6 170.1 168.2 165 165 166.5 167.4 168.1 169.1 170 170.3 170.4 169.8 168.8 168.3 166.9 164.3 161.6 160.1 160.1 160.3 160.1 159 158.5 157.2 156.5 155.6 155.7 155.5 154.3 153.3 154.1 154.1 153.5 152.1 150 148.4 147.3 147.6 148.4 151 155.2
125.3 128.5 132 133.3 136.2 136.2 135.8 138.5 137.8 136.6 134.8 134.2 135.6 137.3 137.6 139.7 140.8 142 145.4 148.4 147.8 149.8 152.1 154.4 157.2 154.1 152.2 151.6 163.4 167 168.7 171.8 174.9 176.3 177 175.4 173.3 171.3 169.5 168.7 169.6 170.3 171.2 172.1 172.7 173.4 173.3 173.4 172.6 171.3 170.6 167.3 165.2 162.8 162.2 162.3 162 161.8 161.8 161.5 161.1 160.4 159.7 159.2 159.3 158.4 157.4 156.6 152.8 152.8 151.5 150.1 149.1 149.1 150 151.4 153.5 156.9
129.6 132 134.9 137.5 138.6 140.2 139.8 140.3 139 137.4 133.7 138.3 138.3 139.6 142.4 144.3 145.3 147.2 149.7 150.2 152.5 157.3 158.3 161 158.2 155.9 159.2 164.8 170.1 172.6 175 177.4 179.4 180 178.3 176.7 174.9 173.8 172.7 173 173.7 174.4 175.1 175.8 176.3 176.6 176.4 176.1 175 173.8 170.5 168.4 165.7 165.8 165.3 165.2 165.2 165.6 165.6 165.1 164.8 164.6 164.2 164.5 165.6 163.8 161.6 158.5 155.6 153.8 152.4 151.3 150.5 151.1 154.6 157.5 153.6 163.4
133 136.6 139.7 141.2 141.5 144 143.4 141.1 138.8 137.4 139.7 142.7 141.3 144.7 146.5 148.4 148.9 153.5 152.7 156.3 164.1 164.7 162.9 162.1 158.7 162.1 168 171.9 174.4 177.2 179.9 181.8 184.2 182.8 180.3 178.6 177.7 177 176.9 177.2 177.9 178.5 178.9 179.5 179.1 179.4 179.1 178.5 177.1 176.2 172.3 169.6 167.9 169.2 169.1 169 169.3 169.4 169.4 168.8 168.4 168.5 168.7 170.9 173.5 168.7 163.8 160.3 156.9 154.8 153.4 153.2 156.9 154.6 156.8 156.3 158.2 163.9
137.9 142.1 143.7 144.6 146.7 147.6 145.1 142.6 139.2 136.7 145.8 143.1 144.4 148 149.3 150.6 151.6 155.1 157.6 165.3 170.1 167.3 164.9 160.1 165.7 169.3 174.5 176.5 178.9 181.7 185 186.7 187.3 184.8 182.3 180.8 179.9 179.9 180.5 181 181.4 181.9 182.5 183.2 182.9 182 181.8 180.4 178.7 176.3 173.9 170.3 171 172.9 173 172.8 173.5 173.7 173.5 172.7 172.6 172.7 174.5 177.7 173.9 167.9 164.5 160.9 158.3 156 155.2 162 162.8 158.2 157.1 162.7 163 166.5
144.4 146.8 148.1 148.8 151 147.6 145.8 143.3 137.2 145.1 146.4 144.7 148.3 151.2 152.3 153.8 156.5 160.5 164 170 171.3 167.5 163.5 168.7 169.6 177.4 180 180.8 184.6 187.9 190.3 189.8 187.4 184.9 183.2 182 182.2 182.9 183.8 184.3 184.8 185.4 186.2 186.9 186.9 185.3 184 181.9 179.9 176.8 174.9 172.9 175.1 176.6 176.8 176.9 177.3 177.3 176.6 176 175.5 176.3 177.7 174.8 170.6 166.7 163.2 161.1 159.8 158.7 162.5 162.8 159.5 159.5 161.1 165.4 168.5 172.8
148.3 150.1 151.6 152.3 150.8 148.3 147.3 143.6 144.5 146.4 146.9 148.3 152.5 153.3 154.3 155.7 158.2 162.3 169.1 174.2 171.3 165.4 171.2 172.4 176.6 182.6 183.2 184.8 188.8 190.6 191.8 189.4 187.2 186 184.7 184.7 184.9 185.9 186.9 187.6 188.1 188.7 189.7 190.6 191 188.3 185.7 183.1 181 177.4 175.1 176.6 179.1 180.1 180.2 179.5 180 179.7 178.4 177.6 176.7 176.5 175.4 171.6 167.9 165.3 164 164 162.8 162.2 161.1 160.1 160.3 161.8 169.4 171.9 176.8 178.9
151.1 152.6 152.3 152.6 150.8 148.8 146.5 146.9 147.3 147.5 149.6 153.3 154.2 154.9 156.5 159.1 161.3 167.1 175.2 173.9 169.1 175.5 175 176.4 181.5 183.9 185.1 186.7 189.3 192.2 193.4 189.1 188.8 187.7 187 187.3 188 189.1 190.1 190.8 191.2 191.7 192.6 194.4 194.9 190.8 187.5 183.9 181.4 179 179.3 181.4 182.8 183.3 182.9 181.6 180.9 182.5 180.9 178.8 177.8 176 174 168.7 165.4 165.2 165.1 164.3 164.8 164.9 164.6 168.7 170.8 175.2 175.9 181.9 183.2 185.7
153.2 153.5 153.3 152.9 151.8 149.4 149.2 150.2 147.4 151 153.2 155.6 156 156.8 161.9 163.5 164.5 173.4 178.5 173.2 173.5 175.8 176.3 181.1 183.6 186.4 187.2 188.5 191.7 195.6 195.7 193.3 190.9 189.4 189.9 190.4 192 193.1 193 193.8 193.5 193 193.9 194.7 195.3 190 187.5 181.2 181.9 182.6 184.3 186.2 187.1 186.9 186.2 185 185.1 184.9 183.6 181.3 179.3 177.4 172.9 169.9 170.6 173.4 171.6 167.2 168.4 170.6 173.9 180.8 181.3 182.2 181.4 185.9 189.4 195.3
154.6 155.3 154.1 153.9 152.9 151.7 151.8 152.2 149.6 154.5 156 156.6 157.8 160.5 165.6 166.5 171.1 177.3 174.8 173.3 176.5 177 180.4 184.3 186.3 188.1 189.8 194.4 195.2 197.5 196 194.4 191.5 193.2 194.2 194.7 196.6 196.5 195.9 196.1 195.6 195.2 194.4 192.7 191 189.2 184.7 185.5 186.3 187.5 189.4 191.2 191.9 191.1 192.1 193.6 191.9 190.8 187.7 184.6 181.8 176.9 179.2 176.6 177.4 176.3 171.4 173.9 179.6 182.6 187.3 189 186.3 182.1 187.9 194.4 200.7 204
156.3 156.8 156.1 155.4 155 154.2 153.5 152.5 153.5 156.2 157 158 161 165.2 167.5 171 174.2 175.9 175.9 176.8 177.5 176.8 184.7 186.6 189.2 192.1 194.9 197.8 200.2 198.7 197.3 196 196.6 198.8 200.1 200.9 202.3 202 200.7 199.3 197.8 195.8 193.5 192 190.3 188.4 189 190.6 192.2 194.3 196.1 195.8 198.5 200 201.2 202.9 200.9 196.1 190.6 189.3 186.7 180.2 180.8 180.6 176.1 177.6 181.7 185 189 193.6 194.7 188.6 192 192.5 197.8 205.7 208.8 211.5
158.3 159.8 158.6 157.6 158.3 157.9 156 154.3 155.7 157.5 158.4 160 164.2 168.3 169.9 173 176.5 177.4 177.9 178.4 178.7 183.5 188.2 190.4 194.4 197.3 200.3 203.6 203 201.2 199.1 200 201.3 203.5 204.4 204.8 206.1 205.5 203 202.8 199.5 196.6 195 193.6 193.1 194 195.9 197.2 198.4 200.9 203.4 205.2 206.9 208.8 209.3 207.8 203.2 199.2 193.6 189.3 183.6 183.3 186.8 181 183.9 188.3 196.4 199 200.9 197.4 197.1 199.8 198.9 207.1 210.2 216.5 218.6 219.9
162.1 162.7 160.5 159.9 161.1 160.2 158.9 155.3 156.8 159.5 160.4 161.6 164.6 166.5 171.1 174.8 178.3 179.6 180.1 180.6 181.8 188.9 192.9 194.7 198.4 202.5 205.5 206.4 205.8 203.9 203.1 203.8 205.3 206.8 207.1 208 209.7 207.1 206.1 204.1 200.1 198.2 196.7 196.1 199.3 202.7 201.6 202.7 204.3 208.5 212.3 214.6 215.9 215.8 214.6 210.3 202.5 199.2 188.3 186.9 190.9 190.8 190.1 189.9 195.2 202.2 205 207.6 202.1 206.2 208.9 210.8 215.9 219.3 222.1 225.6 228.6 228.3
165.1 163 163.1 164.9 164.8 162.1 158.7 158.3 159.4 161.4 162.9 163.4 166.5 169.8 173.5 177.2 179.8 180.9 182.9 184.1 190.9 193.6 198.2 202.4 204.6 207.5 209 208.9 208.3 207.8 208.1 208.2 209.7 210.1 210.7 211.8 211.8 210.4 208.9 205.9 203 201.8 200.3 204.8 207.8 206.4 208.2 209 213.9 217.8 220.9 222.1 222.2 218.1 210.7 207.7 200.9 196 194.6 197 199.2 200.6 202.1 204.2 207.5 211.8 213.5 212.8 214.2 217.7 221.1 224.2 229 234 234.1 235.2 234.7 235.2
164.4 164.6 168.2 168.9 164.5 161.5 161.1 160.4 159.3 163.2 164.4 167.6 170.6 172.5 176.4 180.7 181.5 185 186.6 192.8 197.1 199 204.1 206.9 209.4 212.7 212.6 212.6 212.8 213.6 213.3 213.7 214.1 213.7 213.7 214.2 215.1 212.2 209.8 209.2 208.5 208.5 210 212.2 214.6 216.5 219.2 220.9 221.9 221.8 220.9 220.1 214.4 211.8 208.5 200.8 203.2 201.4 204 206.1 207 210.6 216 219.4 219.3 220.2 221.6 223.7 226.9 230.4 234.7 236.8 238.3 240 240.5 239.9 238.5 237.7
165.3 167.9 171.2 167.1 164.9 163.2 162.3 161.9 161 163 165.4 170.7 173 175.8 183.2 183.9 184.3 187.8 192.9 199.2 202.8 205.6 208.9 211.6 214.7 216.4 216.5 217.4 217.5 217.5 217.1 217.7 217 217.6 218.3 216.7 216.8 213.9 211.5 211.9 213.1 216.2 218.3 219.1 223.1 225.6 224.8 223 223.1 222.6 219.4 215.8 211 212.2 210.4 209.7 208.1 209.9 213.6 218.2 222.1 225 228.3 229.5 229.4 229.9 233.1 237.1 240.3 241.1 243.5 245 245.2 244.4 243.7 243.5 243.1 241.7
167.9 172.1 170.5 166.7 165.3 163.9 166.2 165.2 163.1 166.7 168.9 171.3 175.1 182.2 186.1 185.3 186.9 190.1 199.8 204.4 207.6 211.3 215.4 217.4 219.1 219.1 220.4 220 220 221.5 220.6 220.2 219.8 222.2 221.2 220.7 219.7 215.5 214.9 216.9 220.8 224 224.9 227.6 229.4 230.4 227.4 227.1 224.4 223.1 220.1 215.9 213.6 212.3 216.9 217.7 219.1 222.1 225.8 231.7 235.3 235.1 235.8 237 238.8 240.3 243.5 245.2 247.6 248.2 249.6 248.4 248 246.7 249.1 247.8 245.3 247.5
170.9 171.3 169.4 168.1 166.8 167 168.3 167.1 166.5 170.4 172.9 175.4 179.1 187 188.4 187.9 191.1 199.1 205.5 209.5 211.7 214.9 219 221.7 221.8 221.8 223.1 223 223.6 224.2 223.9 223.8 226.7 227.6 226.8 225.7 222.7 220.3 220.8 222.1 225.9 228.2 229.7 232.4 234.4 233.7 231.7 232.7 229.9 224.3 218.8 222.1 219.5 228.5 227.5 229.6 231.1 233.4 237.4 239.8 240.7 240.6 242.6 245 247.1 248.9 251.1 253.6 255.7 257.5 259 258.7 259.3 259.5 258.2 255.7 254.9 252.7
173.2 172 170.7 171.2 168.9 169.8 170.7 171.8 171.9 174.3 177.7 180.3 186.9 189.8 191 192.1 197.7 204.7 208.6 211.8 216.4 219.8 223.5 223.4 224 225 225.7 226.7 228.1 228.3 228.9 231 232.5 232.8 231 229 226.1 223.3 225.1 227.1 229.8 231.5 233.4 236.5 238.4 233.5 234.8 231.7 226 223.4 229.7 229.1 232 237.4 236.2 238.3 241.8 243.3 243.9 244 245.7 248.1 250.8 252.9 255.5 258.1 262 263.7 266.2 266.9 267.9 267.9 266.6 264.7 262.5 260.7 259.5 257.1
174.2 173.7 173.7 173.5 171.6 171.8 172.6 174.5 178.5 180.5 183.3 186.5 190.6 193 193.9 195.8 204 208.1 215.3 217.4 219.7 223.3 224.8 225 226.9 229.5 230.6 232 232.3 232.6 235.6 235.6 236.2 235.8 233.5 228.1 228 228.5 229.5 231.3 233.1 234 239 236.8 236.9 236.2 233.4 230 227.2 237.3 236.7 235.1 241.6 242.1 244.4 247.6 250 249.5 249.5 250 254.5 258.1 262.9 265.8 268.2 270.2 272.7 274.3 275.2 274.3 274.4 272.1 270.9 269.3 266.3 264.3 260.8 257.8
176.2 175.7 175.5 175.3 172.6 177.9 178.3 182.6 184 185.2 189.1 194.5 195.4 197 197.1 202.4 207.8 212 218.4 220.4 224.3 225.7 226.6 229.2 231.7 233.8 235.8 236.9 236.5 238.3 239.8 239.1 239.7 237.7 234.4 231.5 231.3 231.5 232.2 233.4 234.7 236.4 238.1 239.1 238.5 236.6 235.2 233 248.4 245.2 238.2 246.1 248.3 250.4 253.2 254.6 255.5 256.7 258.7 265.2 267.9 270.8 273.7 276.3 278.1 279.8 281.3 282.1 280.8 279.9 280.4 278.6 275.6 272.2 269.8 266.4 261.9 261.1
178.8 178.3 179.3 179.3 178.4 181.2 185.4 187.3 188.2 189.9 196.1 198.2 197.1 200.5 202.5 209.1 211 216.9 221.3 225.9 227.3 228.2 231.7 234.4 236.5 238.4 241.3 240.8 241.4 242.6 242.2 241.8 240.1 237.7 235.2 235.3 233.6 233.8 235.2 235.8 237.6 239.8 244 242.7 239.6 238.5 243.7 253.8 250.6 241.2 250.4 254.7 255.7 257.3 260.4 261.8 265.5 269.1 272.3 275.6 278.9 281.7 284.1 286.1 287.7 288.8 288.7 287.4 286.4 286.6 286 284 280.1 276.2 271.9 268.1 268.6 264.4
183.8 184.1 184.8 182.5 183.2 185.7 191.5 190.5 191.2 195.3 199.3 201 200 203.1 208.9 215 218 221.3 225.5 230 230.8 233.8 237.2 239.9 241.7 243.1 245 244.5 243.5 243.2 243 241.1 239.4 237.1 237.5 237.4 236.6 237.2 239.2 238.9 241 244.2 245.6 244.2 245.5 247.7 256 247.7 247.4 256.2 257.4 258.8 261.4 266.9 269.8 272.9 275.9 280.1 284.1 287.1 290.1 292.6 294.2 295.7 296.6 296.8 296.2 295.2 293.4 292.4 290.8 287.6 285 281.5 277.3 274.9 272.6 267.4
187.6 187.5 186.7 186.1 189.2 191.5 193.5 193.6 195.7 200.8 203 204.3 205.1 205.1 213.5 220.3 224.6 227.2 229.7 234 235.3 237.9 241.2 244.4 245.2 245.1 246 244.8 243.8 242.8 242 241.2 239.3 237.7 241.8 238.1 239.4 241.4 245.2 243.3 244.4 246.9 247.6 246.7 248.5 248.3 248.3 254.9 259 260.9 264.3 268.4 272.9 276.3 278.6 282.1 287.7 292.3 295.4 297.8 301.4 302.7 304.4 305.5 305.4 305.6 303.9 302.7 301.9 302.5 300.8 298.5 296.2 292.2 287 285.1 280.6 272
189.4 186.7 188.6 190.5 195 196 197 196.8 200 204.3 205.8 207.3 210.6 213.7 217.5 223.4 228.5 231.5 234.7 236 238.3 241.5 244.5 246.1 247.2 247.1 246 245.2 244.2 243.6 242.9 241.8 241.1 240.2 244.4 242.7 243 244.4 248.2 247.9 248.5 250.1 253.1 250.1 251.2 254.4 259.5 263.3 267.1 271.3 274.2 277.3 281 284.9 289.2 294 299.6 303.1 306.8 309.8 313.6 316.3 316.7 318 315.7 314 313.6 315.4 316.3 315.9 312.1 309.4 304.7 302.8 298.4 292 283.6 277.1
189.1 187.4 190.8 196.4 200.1 200.7 199.6 200.2 203.8 207.1 208.7 213.4 218.5 219.9 222.5 227.2 232.5 236.9 237.5 238.5 241.3 244.6 246.1 246.9 249.8 248 247 246 245 244.3 243.7 244.9 245.1 242.1 244.8 248 247 247.5 250.5 250.4 251.3 252.6 251.8 254 258.7 263.1 266.2 270.8 276.2 279.1 281.8 286 291.6 295.3 300.4 306.1 310.4 314.3 319.8 324.8 330.4 329 325.5 324.3 324 323.8 325.6 329.6 329.3 326 320.6 321.9 316 312.3 307.3 294.1 285.7 277.5
192 193.7 196.8 203.2 204.4 203 202.2 203.4 207.7 209.9 213.3 220.7 224.1 225.1 229.7 226.4 236.3 241.4 241.8 242 244.4 247.1 248.2 253.1 256.5 253 248.4 247.3 246.4 245.6 244.7 248.9 248.5 243.3 245.8 252.9 253.1 253.2 253.6 253.9 256.7 256.6 257.6 265.2 267.6 272.6 274.8 279.7 283.5 287.2 292.2 296.2 301.7 307.5 311.8 316.3 320.8 326.9 331.4 332.2 333.1 333.7 333.4 333.8 334.3 334.5 341.6 343.2 337.3 334.7 340.9 332 320.4 316.8 304.1 293.9 284.4 276.6
194.5 199.2 202.8 206.5 206.4 205.1 205.8 205.2 211.1 214.6 220.4 224.9 227.9 229.8 234.2 231.8 238.8 243.9 246.5 247.9 247.8 248.4 249.4 257.2 260.7 257.6 251 248.5 247.6 247.3 245.7 253.7 256.7 248.3 248.3 253.1 256.8 259.2 259.5 260.4 261 261.9 268.9 273.3 275.4 278.9 283.5 287.9 292 296.7 302.4 307.2 312 316.5 321 326 330.7 334.2 336.6 338.2 339.8 341.4 343 343.5 343.1 343.9 344.5 343.3 340.8 337.3 335.3 330 316.6 305.8 302.4 289.6 276 282.5
199.8 200.2 205.6 207.7 208.6 208.4 210 212.4 212.1 218.8 225.8 229 231.2 233.6 238 235.2 240.1 244.6 249.8 251.3 250.4 250.4 252.2 260 260.3 257.9 253.2 250.5 249.8 249.2 249.2 254.6 260.9 252.7 252.8 253.8 256.1 258.3 264.2 268 265.3 269 275.9 279.3 283.2 287.2 291.4 296.4 301.1 305.3 310.9 314.6 320.1 323.7 329.4 334.7 338.2 340.4 343.4 345.1 346.9 348.7 350 350.4 350.2 349.7 348.2 345.2 340.9 336.9 330.4 320.1 309.1 300.3 291.5 283.1 284.7 289.9
204.9 201.8 209.1 211.2 211.7 212.2 214.4 218.6 218.2 223.4 228.3 231.4 233.8 238.4 242.7 242.7 239.3 245.9 250 250.9 251.7 252.8 254.5 261.6 260.4 254.4 251 250.3 248.8 252.2 260.8 255.6 256.8 258.4 256.4 258.3 260.3 264.7 269.4 276.8 277.8 278.6 281.3 285.2 290.7 296 300.7 305.5 310.3 314.4 318.9 322.9 327.2 331.7 337.7 341.4 344.5 346.7 349.8 351.2 353.1 354.7 355.4 355.1 354.4 353.2 350.3 346.6 341.6 336.3 326.7 314.9 305 298.4 293.3 295.7 293 302.2
