data/220000-720000.asc
ncols 200
nrows 200
xllcorner 220000
yllcorner 720000
cellsize 50
[rows 35 to 69 of 200, columns 0 to 77 of 200]
55.4 57.6 61.2 65 66.4 69.5 72.9 77.1 82.3 86.1 89.6 91.6 96.2 102.9 110.1 116.8 122 128.7 135.1 143.2 151 157.2 168.9 177.7 189 205.5 212.8 231.5 250.5 270.3 291.2 303.8 319.4 341.5 357.7 372.6 387 405.2 423.4 438.5 452.1 460.8 469.2 480.5 493.1 510.2 520.5 530.1 537.6 545.1 550.9 555.6 555.9 555.8 545.7 535.9 525.3 512.8 500.3 487.9 480.9 477.5 471.2 463.5 456.2 448.7 432.5 413.8 398 380.6 357.3 329.8 312.9 294.9 273.8 257.7 251.3 237.3
57.8 59.8 62.7 65.4 67.3 70.4 73.7 77.3 80.8 84.1 87.2 90.9 94.9 102.1 108.9 115.9 122.4 129.1 135.2 144.6 152.8 163.2 173.2 183.3 197.7 208.8 217.5 236.3 258.2 276.2 292.3 307.3 327.3 343.2 359 372 387 407.9 421.7 434.4 437.1 445.1 452.2 469.2 482 493.2 503.7 513.4 525.8 533.6 537.8 543.7 544.4 540.2 537 529.9 512.8 494.5 480.3 471.4 464.5 457.1 449.7 440.9 433.1 421.9 407.1 391 375.9 355.4 331.9 308.3 292.5 273.7 258.2 244.5 233.2 225.3
59.8 62.3 63.5 66.8 68 71.1 73.8 76.4 79.6 82.8 85.6 92.1 97 103.4 110.5 116.6 123.5 131.6 139.6 151.4 158.9 169.4 177.7 186.2 196.5 207.4 223.9 239 258.2 276.9 295.3 309.4 327.5 341.3 352.3 369.3 385.6 395.4 398.8 411.2 419.9 426.9 437.2 454.6 463.6 473.7 483.6 493.7 508.2 515.4 520.8 525.2 524.9 522.7 524.1 518 501.3 480.3 463.6 453.4 444.6 437.4 429 419.6 407.4 402 391 367.1 349.9 330.7 311.3 293.1 275.5 257.5 243.9 233.4 223.4 217.4
62.1 62.7 64.2 66.6 67.7 70.1 72.6 75.6 78.9 82.5 87.4 93.6 98.6 103.4 110.3 116.9 125.4 136.4 148.1 161.5 165.3 177.2 184.4 190.4 196.4 208.4 223.5 243.2 262 277.9 295.7 307.7 319.7 335.7 346.5 357.3 367.9 377.2 382.2 391.8 402.2 411 420.7 431.6 445.1 454.2 462.3 472.9 485.1 491.8 496.2 497.3 501.2 502.2 507.1 500.6 480.2 460.8 443.6 432.1 425.6 417.3 409.8 399.6 380.4 374.8 357.3 342.8 327.3 310.9 292.7 274.9 256.5 243.8 233 224.8 217.5 210.1
60.4 61.6 64.1 65.7 66.8 68.7 72 75.8 78.6 83.6 91.8 95 99.9 104.5 110.3 119.7 131 142 151.3 163.4 173 186.6 191.5 189.8 199.4 216.3 233.8 250.9 268.5 281.1 292.4 303.1 311.7 323.6 335.8 340.3 350.4 359.1 367.6 376.6 385.2 394.7 403.6 414.2 430.1 440.2 443.5 451 460.1 461.2 461.9 469.2 472.9 473.1 473.4 469.8 459.2 441.9 426 413.1 406.3 395.7 391.1 384.1 369.6 350.8 341.2 325.3 308.4 292.3 277.6 259.4 243.9 231.2 222.4 215.9 214.5 208.2
62.9 61.5 63.4 64.8 66.2 67.5 71.6 76.2 81.5 87.9 92.9 98 101.5 107.9 115.8 125.9 137.2 144.1 153.2 162.1 173.3 181.7 184.1 190 209.6 220.8 236.3 252.1 263.7 272.9 281.6 291.1 302 313.7 324.8 328.7 337.5 342.7 351.3 364 370.2 378.4 389.6 400 411.5 420.1 424.4 435.2 445.5 441.6 436.3 447.2 456.2 458.7 454.6 448.1 438.1 419.3 403.4 391.4 383 375.5 369.7 364.8 347.1 329.6 319.4 304.9 289.1 271.9 259.4 246.5 232 221.3 213.1 207.8 204.1 203.7
63.5 62.2 63.5 64.7 67.5 71.1 75 78.5 79.3 85.8 90.5 101.1 108.2 113.6 119.3 128 137.4 147.5 157.1 162.3 164.4 171.8 182.4 198.9 208.3 220.7 233.5 243.6 250.8 256.7 271.3 283.4 293.1 299.2 307.6 315.3 324.4 333.2 340.7 352.5 353.3 358.1 366.8 377.6 382.8 389.4 397.4 401 403.8 412.2 420.6 428.1 436.9 434.8 431 425.9 413.7 392.3 378.5 368 362.6 352.3 345.5 336.5 323.5 308.3 294.8 285.7 271.5 258.4 245.4 228.7 220.3 213.3 207 204.3 199.2 197.1
64.5 62.6 63.8 66.9 70.8 74.7 78.3 80 80.1 82.7 87.1 96.4 111 113.7 119.9 128.1 138 145.1 148.5 152.7 160.4 174.4 186 195.1 205.9 215.7 226.7 238.8 243.4 249.6 257 267.8 279.8 290 300.4 306.6 310.5 320.7 328.1 335.2 332.4 341.1 346.2 355.8 359.4 360.8 367.9 373.9 385.3 389.8 397.1 405.3 408.2 407.3 403.9 397.2 381.1 364.1 356.4 346.2 341.2 326.5 318.8 309.8 300.7 291.5 276.5 269.2 255.9 244.5 234.1 222.5 213.1 206.9 201.2 202.7 193.4 187.6
64.3 62.9 66.1 69.8 73.7 77.6 81.2 82.6 83.3 83.6 86.2 91.8 99.2 108.4 119.2 125.1 132.7 137.6 142.9 150.8 161.7 171.1 179.8 190.9 202.2 212.7 223.2 231.9 234 239.7 242.8 255 265.2 273.6 286.9 296.3 293.2 302.9 306.4 312.8 313.6 318.2 324.1 329.1 334.2 340.4 347.4 361.9 367.6 364.7 368.7 378.5 378.2 380.2 378.4 364.9 350.7 342.6 334.9 324.4 318.6 313.3 298.5 293.9 281.8 273.3 261 251.1 241.6 233 222.9 216 208.9 203.2 198.5 193.3 188.7 185.4
61.6 63.8 67.1 71.5 74.9 77.9 81.8 82.5 82.7 82.6 83.9 88.6 95.5 104.1 108.2 116.9 122.4 131.7 137.5 146.2 156.5 165.5 176.4 189.3 199.7 206.5 213.4 213 218.6 222.3 233.2 240.2 251.8 254.7 264.8 275.6 272 280.2 293.6 291.6 302.4 304.1 307.5 309.7 317.9 327.5 334.8 339.8 341.6 338.9 346 350.1 353.6 351.6 346.7 334.3 327.1 321.7 313.4 305.6 295 290.9 284.4 278.3 264.3 256 247.1 239.8 227.8 218.1 213 209.1 204.3 198.8 190.2 186.8 185.2 185.2
61.9 64.7 68 72.6 75.7 78.4 81.2 81.3 80.9 81.1 86.2 89.6 95.9 101.7 106.5 114.7 117.6 121.4 130.8 138.4 147.7 159.8 171 180.9 188.2 187.9 189.9 195.4 200.4 206.8 217.8 226.1 233.4 242.6 246.4 247.7 259.2 263.4 269.2 276.2 283.6 287.9 292.2 303.3 308.3 314.1 311.2 314.7 318.1 318.2 323.1 326.6 326.6 323.4 319.3 313.9 305.4 302.2 293.3 286 278 274.3 268.6 261.4 250 241.9 232.8 224.5 217.5 209.6 204.9 202 198.2 194.4 188.9 185.6 184.6 184.8
61.3 64.4 68.5 73.6 76.4 78.5 79.8 78.4 80.3 84.9 88.9 91.9 95.3 99.7 101.8 103.8 113.4 115 122 125.5 141.8 150.9 160.3 169.4 174.5 175.5 177.2 183.2 190.2 200.5 207.1 211.8 216.5 230 232.3 236.1 243.5 250.3 255.6 261.4 268.2 272.5 280.8 286.9 293.5 296 292.6 297 302.4 297.9 303.7 305.2 304.6 300 297.5 292.3 285 282.4 279.6 266.3 258.6 259.6 250.8 242.4 238.2 228.9 220 214.3 208 201.7 198.9 196.5 193.4 189.9 186.8 184.9 184.2 184.5
64.9 65.3 67.5 71.9 75.4 76.5 78.1 79.9 83.6 88 91.9 94.8 97.3 99.6 102.9 103.7 109.9 111.4 114.5 122.1 136.8 143.8 151.1 156.1 163.6 166.3 169.7 176.2 183.3 189 196.4 199.3 205 213.6 221.6 227.1 231.8 238 247.2 254.5 255.2 262.6 268.2 272.4 277 275.7 276.9 282 285.7 283.3 286 286.3 283.8 280.2 276.5 271.1 266 265.2 258.7 249.5 242.6 240.3 235.2 228.5 221.5 213.7 208 205.4 201.7 196.4 193.9 192.7 190.2 187 183.2 183.3 183.5 184
65.6 72.4 69.2 71.1 74 75.4 80.5 84.2 87.8 91.3 95 97.6 101.2 104.6 105.9 104.7 107.2 109.8 112.2 119.7 130.2 137.1 142.8 152 158.1 160.5 165.6 169 172.3 178.6 182.9 188.8 203 208.8 221.4 223.1 225.8 230 235.4 243.1 243.4 248 251.1 256.5 259.7 262.5 264.8 266.7 270 270.4 266.3 268.2 264.7 263.3 259.4 256.5 252.3 250.4 243.7 233.5 231.4 226.7 222.8 217.4 211.4 204.6 200.5 198.6 195.6 192.7 189.9 189.2 184.2 183.1 183.1 184.1 184.7 186.8
63.6 69.2 68.7 74.2 79.1 80.8 84.7 88.1 91.4 94.6 97 100.7 104.2 107.4 110.9 113.1 110.9 113.6 115.5 115.5 124.7 129.3 133.4 142 151.3 157.5 164.7 162.4 165.1 170.7 184.1 192 197.8 199.7 206.3 212.2 216.8 220.3 224.2 231.1 232.1 235 235.6 242.4 248.6 248.3 253 254.2 251.8 253.7 247.9 251.6 249.9 247.4 245 241.5 241.4 233.4 232.4 222.2 216.6 212.6 208.8 205.9 202 198.3 194 191.3 189.7 188.7 188.8 185.9 180.9 182.7 183.2 183.7 186.7 187.6
70.9 72.6 73.8 78.6 82.5 84 85.1 86.6 89.5 93.3 94.5 97.4 101.1 107.1 110.5 115.5 117.6 120.6 120.8 118.1 120.6 128 137.3 140.9 142.9 146.9 152.8 158.5 163.6 169.3 174.7 184.9 187.1 192.3 194.6 202.3 208.4 211.7 215.5 218.8 220.4 223 224.9 231.8 236.1 235.7 240.2 239.2 237.6 238.8 236.2 237.4 236.9 235.3 233.7 228.7 229.9 224.8 222.5 211.8 206.9 203.8 200.5 197.4 194.5 191 189.4 187.5 184.9 182.8 183.9 180.5 182.3 182.5 182.9 186.2 188.2 192.1
72.6 76.1 78.6 78.9 78 79.2 81.1 83.8 86.1 89.2 92.7 94.8 98.4 103 104.8 116.8 119.2 123.3 122 120.2 120.3 126 132.3 136.4 137.5 140.1 144.5 154.1 160.4 166.2 169.4 175.8 179.5 186.6 187.2 195.4 199.2 204 208.1 209.1 210.8 211.9 214.8 221.4 225.2 225.4 228.1 228.5 227.6 229.4 226 225.1 226.2 224.1 222.1 218.4 220 213 204.8 201.2 198.4 195.6 192.9 190.5 189.6 186 184.1 180.4 185 181.6 179.9 182.3 181.9 184.3 187.3 188.6 191.2 196.7
68.4 68.9 72.8 72.6 73.3 74.4 75.7 80.2 85.2 90.4 93.9 97.4 100.4 103.8 106.8 108.5 112.1 123.2 123.4 121.2 119.3 122.9 127.2 129.4 134.4 139.4 143.1 147.7 154.2 159.9 164.5 168.9 176.3 177.9 179.8 187 192 196.9 201 201 202.3 204 206.9 211 209.8 214.3 216.7 217.9 218 218.9 216.4 213.8 215.2 212.7 211.2 211.1 208.8 199.6 195.1 192 191.1 188.7 185.6 184.4 183.5 180.7 180.1 179.2 179.5 181.4 181.1 180.8 185.5 188.6 188.6 189.3 194.9 202.1
63.5 64.1 65.8 69.1 70.9 72.6 77.1 81.1 85.9 91.5 94.5 97.1 100.1 103.1 105.1 107.4 111.8 115.3 122.6 121.9 121.9 123.1 125.2 127.7 131.3 137.6 142.3 147.8 152.5 155.9 158.5 163.1 172.1 171.7 175 180 185.6 190.7 194.5 194.3 194.5 196.7 199.3 201.8 202.4 206.6 208.1 209.1 206.8 209 207.5 205.1 207.1 205.6 203.2 203.5 203.8 194.9 189.3 187.2 188.1 179.4 179.1 177.5 178.4 178.7 179.8 180.5 180.6 180.9 182.5 186.8 193.4 193.6 194.5 193.1 204.5 207.2
57.5 58.2 61.1 61.1 60.8 61 64.2 64.8 70.3 78.5 86.1 90.1 95.3 98.6 102.4 105.1 109.3 113.5 119.8 123.1 126.9 128.6 134.2 136.7 139 142.1 145.7 148.1 151.7 155.2 158.2 160.9 163.9 165.7 169.5 174.2 179.2 185.1 188.4 188.4 188.2 189.3 191.5 193.5 195.6 198.9 201.6 202.7 200.1 201.3 201.7 198.7 198.8 199.4 196.7 197.1 203.5 192.3 186.5 183.3 178.5 177.6 178.4 179.4 178.8 179.6 182.2 183.7 183 184.5 188.9 191.6 195.4 197.6 201.5 198.3 203.4 210.5
58.4 63.4 64.6 65.6 66.7 69.1 73.3 77 73.6 71.3 72 71.6 80.9 94.5 98 102.5 106.4 110.7 116.3 121.6 123.6 124.2 129.4 133.9 137.7 140.1 144.1 146.1 148.5 152.1 155.8 158.9 160.5 161.8 163.4 168.8 173.2 179.4 182.3 182.4 182.7 182.9 185.2 186.5 189.2 193.6 196.8 200 199.7 199.8 199.3 194.5 191.4 192.5 191.8 196.5 189.1 186.3 183.6 180.9 177.4 178.3 181.8 184.6 185.6 186.7 188.3 186.3 187.2 189.7 193 194.2 197.8 200.9 204.4 207.6 211.8 217.2
64.4 64.4 63.2 63.6 65.8 68.9 73 76.1 77 77.5 79.6 79.8 74.2 88.8 92.9 98.5 102.7 108.8 114.6 119.8 123.5 126.5 130 134.5 138.4 144.9 146.5 146.5 149.2 151.4 154.7 156.9 158.7 162.8 160.9 163.5 167.4 171.3 174.1 176 177.4 178.5 179.2 179.6 180.7 188 189.7 190.8 190.8 193.2 193.7 190.2 187.5 186.6 187.9 186.6 184.3 183.7 182.4 177.4 178.1 180.8 183.9 185.4 187.3 189.2 190.6 191.2 193.5 197.2 198.5 201 207.9 215.1 224.8 232.1 228.1 228.8
74.3 77.7 72.6 68.5 65.5 68.4 72.3 76.1 77.5 79.2 81.2 83.3 81.9 81.5 87.5 96.3 102.1 107.6 112.7 117.2 121.9 127 130.5 135.1 139.5 142 145.2 145.6 147.8 150.5 153 154.9 156.4 166.6 156.9 159.2 160.6 163.4 166 169.9 174.3 176.4 176.4 173.4 174.2 178.6 181.1 183 184 185.5 186.7 186.9 182.3 181 180.3 180.8 179.9 181.7 180.9 176.5 181.5 183 184 193 189.5 191.4 195.7 197.8 206.3 213.1 219.5 222.8 222.5 227.6 233.5 238.6 237.1 244.8
74.7 75.1 76.2 73.9 71.7 70.9 71.6 74.8 78 81.1 84.1 86 86.9 80.9 82.1 81.4 96.6 105.3 110.5 115.5 120.3 125.6 131.5 140.1 140.9 138.9 138.3 141.8 142.6 143.8 143.9 144.5 146.1 149.2 151.2 152.7 154.5 151.1 154.6 162.2 172.9 173.4 172.8 171.1 172.4 173.1 175 175.1 175.7 178 177.9 178.2 178.4 176.2 175.3 175.3 177.1 174.5 176.7 178.1 182 185.2 189.8 194 196.2 200.3 207.6 207.7 210.5 219 229.6 235.6 237.6 238.8 242.4 246.1 249.8 259
74.8 76.7 78.1 78.6 77.9 75.3 72.9 76.1 80.3 84.1 87.1 88.8 90.4 91.3 89.7 88.5 83.1 96.4 104.9 111.6 116 121.7 126.6 127.2 123.4 123.3 123.4 123.4 125.4 126 125.9 121.9 120.2 121.8 131.5 136.2 133.5 136.8 134.3 148.5 156 158.7 168.7 167 166 163.8 162 157.7 155 155.1 162.1 166.9 169.8 169.4 173.6 177.9 179.3 180.6 181.3 183 184.8 192.3 202.9 211.1 202.6 212.9 215.8 220 217 224.3 230.4 239.8 243.7 248.2 252 256.7 260.5 270
78 79 81 84.2 84 81.6 77.8 77 81.9 86.9 89.1 90.3 90.8 91.5 91.8 92.1 94.6 87.6 84.8 88.9 99.3 98.4 99.3 108.7 118 120.5 125.2 127.8 132.6 139 139.8 143.5 145.7 147.5 145.3 145.3 149.1 155.6 157.5 134.9 144.8 142.6 147.3 145.7 151.4 162.6 169.2 171.1 171.8 174.8 175.2 176.9 178.5 180.7 181.1 184.3 193.1 188.2 189.4 191.7 194.8 203.6 211.3 217 214.2 220.1 223.9 232.1 230.2 232.5 237.8 243.4 248.8 253.1 259 263.8 275 281.9
81.6 81.9 84.7 89.8 90.5 86.6 83.5 80.6 83.7 88.7 90.7 92.5 94.4 95.4 96 97 99.5 100.9 102.8 103.9 110.3 114.9 119.6 124.2 129.1 132.9 137.8 140.8 143.8 147.4 149 153.6 157.1 162.2 162.2 162.9 166.7 170 172.4 169.3 171.5 171.3 168.4 172.4 168.1 165.3 168 173.5 177.9 179.6 182.6 185.5 189 191.3 190.3 191.2 198.8 204.2 200.5 203.5 208 208.5 216.2 222 219.3 227.5 234.6 234.6 235.6 239.7 245.3 251.4 256.1 260.2 267.7 281.5 289.4 298.6
85.9 86.3 88.8 90.8 93.6 94.3 89.2 82.1 87.5 90.7 93.6 96 97.8 99 99.5 101.8 105.4 108.2 110.3 116 116.9 119.3 122.9 127.9 132.4 135.9 140 143.9 147.2 150.5 154.5 164.2 166.5 168.1 170.5 175.1 178.1 180.7 182.3 180.9 185.3 185.6 185.1 186.7 185.9 182.9 181.8 182.9 182.2 185.7 189.3 192.4 200.4 204.1 203.3 199.6 210 217.4 214.2 216.9 216.4 221.8 217.6 221.8 230.7 236.2 235.7 236.3 240.4 247.7 255.5 261 265.5 269.9 281.1 290.4 303.4 316.8
89.6 90.7 93.7 96.4 98.9 100.3 93.2 83.6 87.9 92.4 96.5 99 101.5 101.6 103.3 105.4 108.2 113.5 116.3 121.8 125.7 130 131.5 133.8 134.3 138.5 143.7 146.7 149.1 154.2 156.4 162.5 169.9 173.4 178 180.7 184.2 187.7 191.1 191.2 194.6 197.1 195.9 197.5 197.1 197.7 197.2 196 192.9 192.5 197.3 199.1 200.9 205.5 214.4 215.1 214.7 222.5 224.1 227.4 234.7 233 231.2 232 234.9 243.2 244.4 245.5 251.6 257.6 265 272.7 278.8 284.7 291.2 308.9 324.9 340.9
89.1 93.4 93 94.7 102.9 99 95.4 89 90.2 95.4 99.1 101.6 104.7 106.6 107.8 109.6 112.9 116.7 121.5 125.8 128.9 135.9 139.4 144.6 149.3 151.2 153.2 157.3 157 156.4 159.4 163.8 168.4 171.8 176 179.9 185.6 190.8 192.8 196.5 201.7 203.8 202.7 203.2 206.9 206.8 207 210.7 207.7 203.3 210.9 209.7 213.8 213.2 218.7 222.8 230.6 233.7 236.9 236.1 244.9 240.8 240.2 241.9 244.7 251 252.6 258.5 264.5 269.8 276.7 283.5 294.9 303.9 316.7 335.4 350.9 356.7
88.9 92.5 98.2 106.2 106.1 99.4 96.1 90.1 92.1 98.7 101.7 104.5 107.4 111.1 113.3 114.6 116.9 122.8 125.3 133.1 132.9 139.9 146.5 152.9 160.8 168.4 168.7 170.2 165.3 160.9 163 168.4 170 172.3 175.9 180.2 186.2 188.8 190.9 196.1 201.1 206.3 207.4 209.1 213.6 214.8 214.7 217.7 217 214.4 215.8 219.1 226.9 228.7 231.2 234.6 235.5 238.5 246.8 250.2 254.1 257.7 251.1 253.1 255.4 260.3 264.6 270.1 276.6 282.6 289.7 300.8 309.9 330.8 342.6 351 361.7 371.2
95.2 97.2 96.4 97 103.2 97.8 95.9 94.9 96.5 99.7 101.9 106.9 110.4 114.7 119.2 120.5 125 132.4 134.6 138.2 140.5 143 150.3 158.6 161.9 169.8 170.8 171.5 170 166.9 167.6 169.2 174.3 177.6 179.3 184.4 189.5 192.8 194.1 197.3 199.9 205.4 208.5 212.6 219 220.9 222 225 226.5 223.7 222.8 225.7 230.7 238.5 239.5 245.2 249.3 249.4 247.9 254 261.2 265.8 260.8 261.7 265.2 270.2 275.9 280.5 290.1 296.6 307 318.3 331.7 344.2 354.9 366.4 378.4 386.2
95.5 96.9 99.1 100.3 101.9 100.2 98.6 96.9 98.4 98.9 101.8 107.1 112.8 119.7 123.5 130.1 131.3 136.7 140.9 139.8 140.6 146.7 150.9 159.2 161.4 166 167.5 169 172.2 172.1 169.9 172.7 178.1 183.1 189.8 196.4 198 199.9 203.7 206.3 211.2 211.8 212.7 217.8 220.5 220.8 225 229.7 231.3 230 231.3 237.4 241.6 247.2 249.6 256 260.3 258.7 257.3 261.6 262.9 264.8 265.4 270.9 275.3 280.9 286.8 292.9 301.5 311.2 321.9 333.5 349.4 364.3 374.7 385 391.7 399.1
104.8 101.7 103 103.3 107.3 106.2 104.9 102.2 105.1 104.6 104.9 108.7 111.1 117.6 122.7 131.1 132.9 138.5 141 140.7 141.5 147.5 151.5 154.2 158.9 161.2 164.2 165.8 170 178.1 175.3 176.2 182.3 189.5 195.3 198.3 204.6 208.8 212.1 215.1 220.9 221.2 223.8 226.5 230 235.8 233.6 237.1 238.4 245.4 246.1 246.7 249.6 252.9 258.1 261.1 266 267.7 268.3 268.8 271.4 274.6 277 282.6 287.5 294.6 301.2 310 317.9 331.1 343.4 356.5 366.3 377.8 388.2 396.9 408.8 419
109.3 105.6 107.3 105.4 105.7 107.3 103.5 105 108.5 109.6 108.1 109 109.9 114.1 120.2 124.6 128.4 135.2 137.7 139.1 141.4 144.7 146.9 149.8 155.3 160.3 163.7 166.3 168.8 172.5 175.2 180.3 186 192 203.7 211.6 219.6 224.4 225.7 226.1 233 230.7 236.5 238.3 240.9 244.7 247.3 251.3 254.4 256 261.2 260.6 267.4 267 271.4 276.3 273.4 275.9 280.5 284 285.3 287.5 292.7 298.2 303.3 310.9 317.8 328.3 339.2 347.9 359.6 371.9 383.8 397.9 409.3 420.6 434.4 446.2
