data/220000-850000.asc
ncols 200
nrows 200
xllcorner 220000
yllcorner 850000
cellsize 50
[rows 105 to 139 of 200, columns 0 to 77 of 200]
464.8 462.2 459.1 455.4 455.2 456.2 454.6 454 454.6 452.7 450.9 448.9 448 448.7 448.7 449.4 449.9 451 453 453.4 452.9 453.2 454.6 455.6 455.9 456.2 456.8 456.7 457.6 457.2 457 459.3 461.6 462.5 464.8 466.1 467.9 469.5 467.5 469.8 469.5 469 467.4 466 463.1 461.7 459.6 456.9 453.1 450.2 445.9 441.3 435.8 428.9 428.3 422.7 414.8 402 385.7 363.5 342.9 320.7 298.9 279.4 268.1 258.9 249.8 240 233.5 231.8 229.5 229.1 232.8 238.5 244.5 256.9 271.8 283.6
466.1 462.9 458 457.4 459.3 459.8 458.4 457.2 455.3 452.9 450.9 448.8 448.4 448.7 449.1 450.5 451.8 454.6 455.5 456.5 455.4 455 456.8 458.3 457.6 457.1 458.5 460.1 459.9 460.6 462.7 463.5 468.2 469.8 469.6 473 475.3 476.6 477 476.7 477.1 475.7 474.7 472.6 470.6 469.2 467.2 464.4 461.3 458.3 453.9 448.3 443.8 440.7 440.1 438.4 431 419.7 402.7 382.8 362.5 340.8 319.6 302.3 283.2 271.9 262.1 252.6 243.3 232.4 229.9 228.8 228 230.6 237.5 246.3 253.3 260.7
468 463.7 463 467.1 465.1 463.9 462.7 460.6 457.4 453.1 450.6 451.6 451.9 450.5 451.8 453.1 457.1 458.5 458.6 458.6 456 457.5 458.4 459.5 459.4 459.2 461.8 463.3 464.2 465.4 467.9 468.1 473.3 475.2 477 478.5 483.2 483.9 484.4 483.9 483.3 482.6 482.4 480.4 478.3 476.6 473.6 471.4 470.1 466.8 461.9 456.9 452.8 450.7 450.7 450.4 447.5 438.9 422.8 399.8 381.9 362 338.6 317.2 301.3 287.4 275.8 264.4 252.7 239.4 231.6 227.9 227 226.8 230.8 236.7 241.6 242.7
469.7 468.2 470.4 471.9 471.7 470.1 467.3 463.4 459.5 457.3 456.3 456.2 455 452.7 453.8 458.7 461 461.7 459.7 458.5 459 459.2 460.2 460.8 461.1 461.6 463.3 465.3 468.6 471.3 472.8 472 477 480.8 485.6 488.1 491.2 492.6 492.3 492.5 491.2 490.3 490.8 489.2 486.6 482.9 480.6 477.4 475 471.4 466.9 462.9 460 459.5 460.8 461.4 461.2 456.9 443.4 426.6 403.6 383.8 360.5 336.8 315.8 305.2 293.2 280 267.8 255.5 241 232.3 228.4 226.1 225.4 230.7 235 237.2
475.1 475.5 477.3 477.9 476.6 474.7 469.9 465.3 464.1 464.7 463.9 460.8 456.8 457.7 458.2 462.2 463.1 462.6 461.2 460.5 461.4 462 463.8 463.9 463.8 465.2 466.5 470 475.5 476.7 476.9 477.4 479.9 486.6 491.3 495.8 497.7 500 500.4 500.3 500.8 499.9 500.4 498.3 494.8 490.8 486.6 483.8 481.8 477.6 475.7 473.7 469.4 470.2 472.6 474.6 476.9 477.3 472.5 457.1 436.8 410.1 382.3 360.3 341.2 326.8 311.6 295.9 281 268.4 256.6 240.6 235.2 231 224.7 228.1 230.4 232.2
484.8 484.7 485.7 483.3 480.4 477 472.1 472.5 472.5 472.7 469.1 464.2 463.5 464.3 463.9 465 464.8 464.4 463.6 463.8 465.5 465.8 468 468.3 469.6 470.7 471.7 476.1 482.1 481.7 481 480.2 482.9 489.5 494.7 499.8 502.5 506.4 507 506.8 508.2 507.7 507.4 505.2 503 499.3 493.9 489.3 486.6 483.1 482.7 481.6 479.1 481 484.8 488.5 491.4 492.9 492.9 484.5 468 432.5 413.4 391.6 369.4 349.2 331.8 315.5 299 284.1 270.6 251.5 245.9 238.4 230.5 224.7 226.4 228
496.1 492.9 490.5 486.8 482.6 478.7 481.2 481.6 481.1 477 472.5 472 472.8 470.4 467 467.4 468.5 469.2 469.9 470.9 473 472.2 474.9 474.1 474.5 475.9 478.6 480.3 486.1 487.4 486.8 484.8 485.7 490.4 496.4 503.6 507.6 511.2 512 512.3 512.3 511.3 511.5 509.8 509.4 506.2 501.4 495 492 490.2 489.3 488.3 489.6 491.2 494.3 498 501.1 505.1 507.6 509.2 497.9 468.3 453.2 433.9 406 380.9 358.9 337.9 320.1 305.2 287.5 270.8 259.6 250.6 236.6 228.2 222.9 224.5
504.6 499.8 495.1 490.3 485.9 491.6 491.4 488.8 483.9 482.8 481.4 481.8 479.8 474.1 469.6 472.9 475.9 477.5 477.9 479.7 483.4 484.2 483.2 481 478.5 485.8 487.5 486.6 489.3 491.3 491.8 490.5 490 492.4 499.1 505.7 511 513.1 517.5 519 519 518.9 516.5 515.7 514.7 512.7 508 503.5 499.4 496.4 497.5 498 498 499.5 505.3 508.3 511.6 515.2 519.4 521.2 520.4 515.9 501.7 481.8 449.3 421.3 398.2 377.1 350.5 326.8 303.1 294 276.9 263.7 248.6 237.2 228.6 225.5
512.4 504.9 498.1 494 496.6 500.7 499.2 490.6 492.4 493.1 492.1 486.4 481.5 474.1 475.8 483.8 486 486.1 488.2 494.2 494.5 493.4 490.1 486.2 488.1 494.1 495.4 496.6 497.4 496.4 495.9 493.7 494.3 496.5 501.3 506.7 512.8 516.5 519.3 521.2 523.2 521.5 518.4 518.3 518.4 517.5 515.8 511.2 508.5 505.7 506.1 507.2 508.7 512.4 517.6 521.1 524.3 527 529 530.3 529.1 525.6 519.3 512.4 500.1 464.2 429.2 408.3 380.8 346 338.4 323.3 309.4 293.6 273 257.3 242.2 232.5
511 504 499.3 497.9 503.2 504.6 496.5 500.4 503.9 502.9 497.1 489.7 482.3 479 484 491.5 494.9 497.1 502.5 504.9 503.9 500.2 496.3 496.1 502.1 502.9 503.7 505 508.9 506.9 504 496.9 499.2 500 504 506.5 510.4 514.8 517.4 518.3 519.5 519.7 519.4 520.3 521.3 521 521 518.2 516.5 515.2 514.7 517.5 521 526.4 531.5 535.5 536.1 538.6 539.9 539.3 537.2 534.2 527.3 520.2 511.9 492.4 468.6 440.1 404.4 389.1 375.2 359 341.4 325.5 303 282.2 270.5 255.4
505.7 503.1 501.9 503.5 507.1 502.9 504.8 510.3 509.9 505.6 498.5 490.7 485.9 487.3 491.2 496.5 502.5 508 512.3 513.9 511.3 506 501.2 511.8 514.1 512.3 512.7 517 517.5 517.1 510.8 502.9 499 501.9 505.4 506.4 507.3 511.3 514.1 515.6 517.8 518.4 519.9 522.7 524.1 525.5 525.9 527.7 527.1 526.7 530 532.9 534.3 538.2 543.4 547.3 548.2 548.1 548.3 546.8 544 540.1 532 523 515 505.3 491.1 470.7 446.8 429.2 412.8 405.3 383.7 362.4 339.2 318.5 300.7 286
504.7 503.6 504.6 508.9 507.4 505.3 518.3 516 510.8 505.4 498.4 495.7 495.5 494 495.1 499.6 509.2 515.1 518.6 518.5 515.8 508.6 510.9 519.3 519.8 521.4 525.3 529.7 522.9 519.7 517.3 509.2 499.1 498.7 502.5 503.2 504.1 504.8 508.6 513 515 517.2 519.5 521.9 525.3 529.7 532 533.9 535.9 539 543.4 547.5 551.2 553.6 557.2 562.3 561.8 556.9 549.6 549 547.1 542.5 538 530 520.4 507.8 494.2 479.3 483.6 477.3 471.4 467.8 443 419.7 386 363.1 340.5 320.3
502.1 502.8 507.3 508.9 505.3 518.8 519.4 515.4 509.9 504.1 498.6 502.7 497.9 498.1 499.7 503 510 518.1 519.5 520 517.9 517.6 518.4 521.6 524.3 528.1 531 533.7 534.8 528.6 522.4 508.9 498 492.3 490.6 492.6 493.7 497.9 502.2 506.3 508.7 512.2 515.2 519.2 523.2 528.6 533.5 537.7 543.7 549.1 554.2 561.1 564.3 566.1 567.5 573.3 572 564.3 552.1 546.2 542.4 539.5 536.3 531.3 521.3 510.7 497.5 493 493.5 495.7 503.3 506.6 494.3 467.3 458.1 418.1 386.7 363.1
498.8 501 504.4 503.6 509.5 513.4 513 511.9 508.1 502.9 499.8 499.6 500 504.9 505.1 506.6 511.8 518 521.9 523 523 528.7 528.9 532.5 529.9 529 531.2 531.5 532.3 530.4 523.5 505.1 493.4 487.7 484 482.9 485.7 489.7 495 498.1 502.2 505.3 510.1 514.5 519.7 525.3 532.5 538.9 545.2 552.7 560.1 566.4 568.5 569.5 570.9 575.4 574.4 567.5 554.2 541.5 535.9 533 529.1 524.5 518.3 507.6 501.3 496.9 498 500.7 506.2 512.2 515.3 511.7 496 456.5 423.5 396.4
494.9 496.8 497.7 501 506.2 508.3 509.3 508.1 503.7 499 496.6 498.4 503.4 507.9 507.5 509.2 515.1 520.9 525.6 527.1 529.4 533.8 542.5 548.2 540.3 531.9 532.1 531 529.3 526.8 514.3 500.1 489.2 481.4 479.5 478.8 478.5 482.8 486.1 492.4 494 498.1 503 508.6 514.3 520.5 527.1 533.9 541 549.9 557.6 563.2 566.6 568.1 569.3 574.2 577.4 569.3 557.5 541.9 531.6 527.1 523.6 516.2 511.2 505 501 502.2 501.6 503.4 506.7 510.8 517 521.3 518.7 493 457.5 425.7
486.5 488.8 490.9 495.9 500.9 503.4 506.6 506.1 500.2 495.3 493.3 496.6 502.4 507.2 509.4 515 520.8 526 527.9 531 534.9 539.6 548.3 549.9 541.2 534.6 534.7 535 528.6 519.4 507.9 495.7 483.7 480.6 478.2 476.8 475.9 477.9 481.6 485.5 487.9 492.3 497.2 502.6 508.2 515.3 521.4 527.7 535 544 552.4 557.2 560.8 562.9 563.5 568.7 573.3 566.4 557.2 540.3 528 523.3 516.9 513.8 508.5 503.2 503.1 504.6 504.3 505.4 508.3 512.2 517 523.5 528 522.4 504.2 468.8
480.7 483.1 485.6 489.3 491.9 496.9 498.6 497.4 494.1 492.7 490.3 491.3 497.7 503 509.6 518.1 522.3 525.6 528.2 537.3 541.2 546.6 557.7 559.6 551.6 539.4 534.3 533.6 529.8 519 504.5 493.9 484.7 481.2 476.1 475.5 474.2 475.4 477.5 480.8 484.1 487.7 491.8 496.9 502.7 509.1 515.4 522.1 528.3 537.9 545.4 549.5 554.7 557.7 557.9 561.6 565.8 562.1 554 541.1 527.2 520 512.2 509.9 508 504.7 504.6 506.1 506.5 507.7 510.3 514 518.8 524.1 532.2 536.1 532.1 510.2
473.5 476.6 480.7 484.7 486.8 489 489.6 490 489 489.5 486.9 489.8 495.3 499.8 505.4 511.3 517.3 522.6 530.2 540.7 546.1 553.7 562.4 562 562.5 544.5 534.3 533.4 526.7 512.6 504.7 496.9 487 480.6 476.3 472.3 471.7 474.5 476.8 478.5 479.1 481.3 486.7 492.4 497.5 502.3 508.7 515.6 522.1 530 538.1 543 547.5 552.3 552.2 553.4 557.3 557.2 550 541.5 528.6 515.9 510.4 511.1 507.5 504.9 505 506 507 508.8 511.4 515 519.3 524.6 532.8 538.4 539.5 531.9
466.9 471.1 475.6 478.3 480.6 483.6 482.2 482.5 484.7 483.7 482.7 487.7 491.6 494.9 500.7 505.9 513.8 521.6 531.4 541.6 551.9 560.3 568.6 566.9 559 549.3 537.6 530.6 524.4 512.4 502.9 496.8 490.8 487.6 482.3 474.8 470.5 471.9 474.9 476.5 476.8 478.4 482.8 488.1 492.8 497.1 503.6 510 517.3 526 534.2 538.9 539.8 542.7 544.4 544.2 546 545.5 542.8 536.9 527.6 515.9 509.3 508.7 507.6 504.9 504.7 505.5 506.8 509.1 512 515.7 519.6 524.7 531.8 538.3 540.5 536.7
461.4 463.8 467.6 470 472 473.4 473.9 478.5 479.6 476.4 478.5 483.5 486.2 491.1 498.4 501.8 512.4 521.6 533 543.7 555.3 563.8 568.7 569.3 567 554.6 546.3 530.6 525 514.3 499.9 493.6 491.5 491 487.5 480.6 473.4 470.8 470.9 470 472.3 474.9 479.7 483.8 487.9 493.6 499.4 506.1 514.1 521.9 528.7 532.2 534.3 536.9 538.5 537.5 538.3 538.8 537.8 533.1 524.7 514.8 510.6 508.9 506.5 505.3 505.5 506.1 506.9 509 512.3 515.9 519.7 523.8 528.7 536 541.4 544.8
455.4 456.7 456.9 457.5 458.2 462.7 465.1 470.5 470.5 470.3 473.5 479.1 482.4 485.7 490.6 498.6 510.6 520.5 530.3 543.1 555.9 564.3 569.2 572.1 567 558.7 548.6 534.9 522.8 513.9 501.1 492.6 486.5 484 482.8 473.8 468.2 464.8 466.1 466.7 467.9 471.7 476.6 479.7 483.8 489.8 496.1 503.8 510.6 518.9 525.9 530.6 531.1 531.3 533.9 534.1 534.7 535 533.1 531.1 523.4 515 511.3 509.9 507.8 505.9 505.8 506.8 508 509.3 512.6 516.3 520 523.9 528.7 534.6 541.4 546.8
448.1 449.4 450.2 448.4 449.4 452 452.2 457.3 461.3 464.3 467 473.7 476 478.4 484.1 493.1 504.2 517.2 527.8 540.2 553.8 563.1 569.7 570.6 566.6 561.5 552.8 542.1 522.7 516.6 506.5 493.9 486.3 482.7 478.3 472.2 464.4 461.5 464.2 465.2 463.4 466.8 471.5 475.9 480.4 485.1 491.8 498.1 506.4 513.4 519.4 524.3 527.3 528 530.3 531.2 533.4 533 532.1 530.1 526.3 516.9 511.5 510.7 508.8 506.3 506 505.2 506 509.6 512.9 516.6 520.3 524 528.8 534.1 539.5 544.8
445.3 447.5 448.4 446.4 444.6 446.4 445.3 445 451.9 455.7 459.9 464.9 468.7 474.1 479.6 486.4 497.1 510.9 523.2 535.5 548.2 558.6 567.3 569.4 571.1 566.3 558.4 547.2 530.4 512.2 505.6 490.7 482.4 481.8 477.4 469.4 462.7 459.3 461.8 460 459.6 462.9 466.6 471.5 477.2 480.8 486.3 494 501.8 508.5 514 519.1 522.5 526.6 531.5 533.4 534.6 535.4 533.7 531.5 526.8 518.8 511.1 510.6 509.7 507.7 506.9 506.2 504.4 506.2 511.7 514.9 518.2 522.3 527.8 531.8 536.5 541.4
446.7 448.6 449.4 447.5 445.4 443.8 440.8 439 443.7 447.4 453.2 458.3 465.3 472.1 473.1 479.8 488.3 503.2 516.4 529.2 541.9 554.5 563.5 570.5 569.1 564.5 557.6 550.4 530.9 510.4 497.4 479.9 475.8 472.8 467.7 464.1 459.6 457.3 458.2 457.6 458.9 461.4 465.8 469 473.8 478.3 481.5 489.6 497.7 505 511.2 516.8 522.4 528.3 532.9 534.8 538 535.8 535 536.3 531.2 522.2 514 511.2 510.1 509.4 508.9 507.6 505.1 504.4 507.3 511.7 515.4 519.4 524 528.8 533 537.4
445.6 450.8 452.2 450.2 446.8 443.9 437.3 434.7 436.7 442 449.1 455.8 462.6 466 466.7 472.1 479.9 492.7 506.6 521.1 536.1 549.4 560.7 566.6 564.3 558.8 551.2 547.2 534.7 512.7 494.9 475.4 471.3 467.8 462.8 459.3 457.1 455.1 456.3 456.3 457.8 461.3 465.2 467.3 470 473.9 478.6 487.4 495.2 503.2 509.3 514.6 519.9 525.1 530.9 532.9 535.7 536.1 536.8 535.1 530.9 525.1 517.4 512.8 510.9 510.5 509.2 507.4 505.7 504.6 504.4 509 512 513.8 518 523.3 528.3 532.9
442.7 451.8 452.4 450.4 447.1 442.7 438.6 433.6 432.5 439.6 446.3 455 455.5 457.3 461.7 467.2 473.7 482.2 496.2 511 527.4 542.1 553.3 558 554.7 548.4 544 538.9 529.4 509.5 489.9 472.8 466.5 464.3 458.8 457.3 455.6 454.2 455.8 456.5 456.5 457.4 459.3 461.8 466.2 472.5 480.2 486.2 493.8 500.3 506.7 512.7 517.5 522.1 528.3 532.2 535.7 536.2 536.4 537.4 534.2 528.1 520.1 514.1 512 511.4 510.3 508.8 507.2 505.7 504.4 506.4 507.5 507.1 510.8 515.2 520.2 525.9
433 438.8 445.8 447 442.6 440.2 437.5 433.7 430.6 434.7 440.6 446.2 447.7 452.1 456.7 461.9 466.9 473.1 483.7 499.3 517.1 532.9 543.8 547.2 544.7 535.2 535.8 526.2 517.6 505.8 488.8 471.4 464.1 462.1 459 457.1 454.9 452.3 452.2 455.7 455.7 455.1 455.4 459.6 464.5 468.9 474.9 482.8 490.3 497 502.8 508.4 514.7 519.5 524.6 529.8 535.1 536.6 536.5 537.5 539.8 532.3 522.9 517.4 514.2 513.5 513.6 512.8 511.3 508.4 506.4 505.6 504.3 502.4 503.6 508.7 512.9 517.7
422.7 427.2 432.4 434.5 432.1 437.1 435 431.4 427.8 428.4 432.6 437 440.8 446.2 451.1 455 460.6 466 476.6 490.4 506 522 531.6 533.3 528 521.7 518.1 512.2 509.2 502.7 487.9 471.1 464.6 464.4 463.6 459.4 456.4 453.4 447.7 451.3 453.4 451.5 452.6 456.7 459.9 463.8 469.9 477.2 486.2 492.9 498.1 504.7 510.1 514.6 521.7 526.3 531.6 534.1 534.2 533.1 530.4 528.2 522.4 518.8 517.2 516.6 516.6 516.1 513.4 510.5 507.5 504.8 502.1 501 503.6 505.1 507.4 511
410.3 414.7 421.5 422.7 423.2 424.2 425 423.1 421.7 421.5 424.4 430.1 434.7 439.6 444.7 449.5 454.6 461 470.6 481.3 494.9 508.9 519.3 520.4 516 514.4 508 505.2 504 501 492.5 475.3 467.4 464.8 463.9 460.2 457.9 454.6 448.5 445.9 448 447.9 448.3 450.6 454.5 459.4 465.6 473.1 481.8 488.7 493.6 499.8 505 510.1 517.2 525.7 531.2 533.1 531.4 527.9 527 526.8 523.7 520.9 520.3 519.6 517.6 517.1 516.9 513.4 510 505.2 501.5 499.6 502.4 502.8 505 507.2
400.2 404 407 409.3 410.9 414.2 414 414.3 413.4 415.5 418.7 422.9 427.7 432.9 438.1 443.8 449.7 455.6 463.2 471.5 484.3 497.9 506.8 508.5 507.2 505.4 503.4 499.9 500.4 500.8 494.7 480.1 471.5 466.8 464.3 461.5 458.8 454.9 447.8 439.1 441.7 442.4 444.2 445.7 446.5 452.5 458.6 465.9 475.9 484.9 490.6 497.2 502.8 508.9 512.3 518.9 527.4 530.4 527.9 524.6 523.9 523.5 521.9 520.5 520.5 519.7 516.8 516.2 518 515.2 511.8 507.3 500.8 497.6 498.2 498 500.9 501.9
389.1 392.6 395.7 397.8 398.7 400.2 401.9 404 405.2 408.2 412.4 415.1 419.7 424.9 431.7 436.9 443.4 450.4 457.2 463.9 475.8 487.4 497.8 500 499.7 500.6 499.4 496.5 497 495.3 494.5 490.1 479.5 473.1 469.7 464.4 458.1 454.7 447.2 437.6 431.3 431.3 435.5 437.7 439.3 444.1 451.1 458.5 468.1 477.9 485.2 492.8 500.4 503.9 506.2 514.4 524.6 529.1 529.2 522.9 520 519.2 518.3 518 518.6 516.7 514.6 513.5 515.4 513.6 511.5 509.6 502.9 497.4 494.7 496.5 497.4 496
377.9 381 384.5 387 388.7 390.5 391.5 393 396.4 399.5 400.7 404.6 410.5 416.1 422.5 429.4 436.8 444.1 450.9 457.9 468.1 479.1 489.7 494.9 495.5 496.1 495.3 493.8 493.6 490.1 490.1 490 488.8 489.5 481.7 473.2 459.9 454.6 449.1 439.9 428.6 419.6 427.3 430.5 433.8 436.4 443.8 451.9 461 471.3 480.1 487.1 493.6 497.3 500.7 510.8 522.3 529.7 530.1 526.2 519.2 513.7 511.4 512.1 512.6 511.5 509.3 508.7 511.4 511.9 511.5 510.3 504.7 498.1 492.7 493.8 491.9 488.4
366.9 370.3 373.8 376.6 378.4 380 381.4 382.4 383.2 387.8 392.1 397.1 401.2 407.4 415.8 422.5 430.4 437.6 444.5 452.4 461.2 471.6 481.7 488.9 492.7 494.5 493.8 490.8 490.7 490.1 492.5 498.3 502.9 495.4 488.4 480.4 461.6 455.4 449 441.6 431.5 419.4 420.7 420.4 424.7 428.8 436.6 444.3 453.8 464.7 473.9 480.2 486.3 489.9 497.4 507 519.7 527.1 531.4 528.2 520.6 510.6 502.6 504.1 504.3 503.1 502.2 502.6 506.2 506.4 506.8 506.6 502.8 497.9 492.1 489.8 487.6 483
355.1 360.3 364.5 366.1 367.3 368.8 370.7 372.2 374 377.9 381.8 386.9 391.4 397.6 405.8 414 421.4 430.6 437.8 446.2 454.7 464.6 473.5 481.9 487.4 490.9 491.4 488.4 490.7 494.4 498.1 501.2 502.6 495 491.5 476.6 463.3 455.3 448.2 439.9 430.4 417.5 412 410.8 414.7 420.2 427 434.7 444.5 455.1 465.7 472.8 481.5 485.8 489.8 501 512.9 525.9 528 526.8 521.9 512.3 502.6 497.4 494.7 494.8 496.8 497.5 500.1 502.2 502 501.6 499.5 496.9 489.5 485.3 480.5 475.4
341 345.2 350.9 352.4 354.3 357.6 360.2 361.9 364.2 367.3 370.8 376.6 381.5 386.9 395.8 404.9 412.3 420.4 430.1 438.5 447.9 456.6 465.8 474.1 481.3 484.8 487.2 490.6 493.8 496.7 499 498 499 495.7 492.3 477.6 463 454 444.5 436.7 428.2 414.3 400.9 401.1 403.6 409 416.9 425.7 435.1 445.8 456.9 468.8 477.7 481.8 484.3 488.4 501.1 519.4 525.4 525.1 520.3 513.4 504.4 496.1 489.5 489 486.8 489.7 495.2 496.5 495.9 495 495.9 492 487.1 481 474.7 472
