data/220000-70000.asc
ncols 200
nrows 200
xllcorner 220000
yllcorner 70000
cellsize 50
[rows 105 to 139 of 200, columns 78 to 155 of 200]
257.7 253.9 250.3 249.3 249.8 251.5 254.2 257.9 262.3 269 276.3 283 291 298.5 306.3 313.6 320.3 327.2 335.9 346.1 356.7 372.5 372.1 367.6 362.9 360.7 358.4 356.8 355.1 353.9 352.8 351 348.8 346.3 343.8 341.4 339.4 337.6 335.6 334.7 333.7 332.3 331.1 330.7 330.6 330.3 330.8 332.2 331.1 329 323.9 315.2 307.2 299.7 290.9 282.6 274.9 267.3 258.3 247.2 234.7 221.8 208.3 204.2 200.6 197.5 195.5 192.7 189.4 186.1 184.5 182.3 179 175.2 170.8 167.1 162.5 157.9
268.5 261.2 252.8 251.1 250.9 253.1 255.3 258.4 264.2 271.4 279.8 287.8 296.4 305.7 313.2 319.8 326.5 336.8 348.7 355.5 362.8 362.8 357.7 356.2 355.5 354.8 354 353.1 352.5 351.6 350.6 348.7 346.8 345.2 343.4 341.7 340.2 339.2 338.1 337 336 335.4 335 334.6 335.7 337.4 340.9 342 337.8 332.2 325.1 314.7 304.9 296.7 288.4 280.5 272.3 263.7 255.4 245.3 234.6 222.3 210 202.7 196.8 191.6 190.4 186.6 181.2 179.9 179 177.9 175.9 173.2 169.3 165.6 161.5 157
275.2 270.7 257.3 252.3 251.9 253.9 256.1 259.2 265.8 275.2 284 292.2 302 311.6 320.4 327.3 337.6 350.3 354.5 356.5 355.6 354.4 353.2 352.1 351.4 351 350.8 350.6 350 349.2 348.7 347.6 346.3 345.2 344.3 343 342.6 341.6 340.6 339.9 339.4 338.7 339.2 338.8 344.4 343.5 342.8 337.9 336.3 329.4 320.8 310.2 300.4 292.3 284.1 275.2 267.1 258.7 250.6 242.1 232.6 221.8 209.7 201.7 194.3 188.9 182.7 176.8 171.7 171.4 172.4 172.1 172.3 170.4 168.8 165.5 162.6 159.4
286.7 277.3 264.9 254 252.8 255.1 257.2 260.3 268.2 278.6 287.1 296 307.2 316.8 325.8 334.8 344.8 350.8 353.1 353.2 351.8 350.3 349.1 348.4 348.2 348 347.8 348 347.5 347 347.3 347.7 346.4 346.8 346 345.4 344.8 344.4 343.9 343.4 342.9 342.2 342.6 350.1 346.8 338.3 332.9 329.9 325.4 320.3 312.3 304.1 295.6 287 278.7 269.1 261.5 255.3 247.4 238.7 229.8 219.9 208.2 198.6 190.7 183.6 177.1 173 169.4 167.6 166.1 166.4 167.5 168 166.9 165.1 163.1 160.3
298 287.4 273.6 260.7 254.7 256.6 258.4 261.6 271 280.3 289.4 297.8 309.5 319.4 328.9 336.9 345.2 348.5 349.1 348.5 347 346.1 346.1 345.5 345.2 345 345 345.2 345.6 346.1 346.5 347.3 348.4 349.2 349.3 348.7 348.3 348.5 348.1 347.7 346.4 346 341.5 335.5 329.4 324.7 321.9 319.4 314.6 308.5 302.4 296 288.9 280.9 273.2 264.9 257.9 251.5 243.3 234.5 226.3 216.3 205.3 194.1 186.6 180.1 173.8 171.6 169.3 167.6 165.1 163 163.2 163.2 162.4 162.2 160.6 158.8
308.1 297.8 284.9 270.3 255.8 258 260.4 263.6 273.4 282.3 290.3 298.2 308.5 318.8 328.4 335.4 341.8 343.4 343.5 342.7 342.2 342.3 342.7 342.7 342.7 343.1 343.4 343.8 345 346 348 349.6 350.7 352.3 352.9 353.1 356.4 358.3 359.2 354.9 339.6 335.1 328.5 323.8 319.3 315.8 312.5 308.5 303.3 297.9 293.3 288.2 282.3 275.3 269.1 261.4 254.7 247 239.5 230.1 221.9 212.8 201.5 191.2 184.1 180.7 178.5 177.2 174.4 172.1 169.3 162.2 160.6 158.9 157.5 154.6 153.1 150.1
316.5 306.5 292.9 277.3 261.5 258.5 261.5 265.6 275.1 283 290 298.2 306.2 314.9 324.7 330.2 334.8 337.4 337.6 338.2 338.8 339.3 339.5 340.2 341.2 341.7 342.3 343.4 345.1 346.7 348.7 350.7 352.7 355 356.4 360.7 361.4 357.9 352 345.2 337.8 328 321.1 316.7 312.4 308.1 303.2 299 293.7 288.9 284.7 280.4 275.6 270.1 264.4 257.9 250.1 242.1 233.6 225.4 217 207.7 197.8 190 188.6 188.4 188.5 188 183.4 179.9 177.7 173.2 168 160.6 156.4 154.9 153.8 148.7
323.2 313.7 300.5 285.8 269.1 260.1 262.9 267.5 275.5 282.1 288.1 294.8 302.7 310.6 318 324.2 328.8 331.2 333.4 334.6 335.4 337.2 338.3 339.2 340.5 341.8 342.6 344 345.6 347.9 349.9 351.9 353.8 356.2 358.1 358.8 355.8 351.2 344.6 336.3 328.6 321.4 315.8 311.4 306.9 302.4 297.2 292 287.1 283.1 278.7 273.2 268.3 264.2 258.3 251.8 244.3 235.9 227.4 219.7 211.7 202.9 196.5 195.5 198.3 199.9 199.1 197.2 193.1 189 186.2 183.6 179.3 173.5 166.9 164 161.2 155.7
327.1 318.5 305.8 291.7 276.3 265.5 262.3 267.8 275.2 280.4 286.1 292.5 299.2 306 312.5 318.4 322.9 327.9 330.5 332.5 335 337.1 338.8 340.5 341.8 343.1 344.3 345.8 347.5 349.4 351.2 353.1 354.8 355.4 353.8 350.9 347.4 343.4 337.2 331.6 323.9 318 312.3 307.2 302.7 297.9 292.5 287.8 282.9 278 273.1 267.7 262.6 256.9 251.3 244.6 236.7 229.1 220.9 214.8 207.7 201.7 199.9 202 208.1 211.4 210.7 208.1 204.1 198.9 194.7 191.5 187.9 182.8 175.5 169.9 165.7 159.8
329.4 321 309.7 296.3 282.7 271.4 267 268.2 273.9 278.8 284.3 290.4 295.7 302 307 312.8 320.4 327.4 332.3 336.5 339.7 340.7 341.7 342.1 343.5 344.7 346 347.5 349.2 351 352.8 354.1 354 352.6 350.3 346.7 343 338.1 332.2 327 320.1 314.6 309.8 304.7 300.1 294.7 288.6 283.6 278.7 273.6 268.2 262.8 257 249.8 242.5 235 228.5 221.2 216.2 211.6 207.6 206.2 207.4 211.4 218.2 219 217.4 214.3 210.4 205.3 200.1 195.8 191.4 186.5 181.1 175.1 167.2 160.2
328.9 321.5 311.4 299 286.6 274.6 269.8 270 273.4 277.3 282.4 286.2 292.6 299.6 306.5 313.8 321.1 328.3 334.2 338.9 342.1 344.5 345.7 346 346.3 346.5 347.7 349.1 350.9 352.3 353.2 353.7 352 350.2 347.3 343.5 339.3 334.7 329.6 324.2 317.3 311.8 307 302.1 297.3 291.9 285.6 280.3 275.6 270.9 265 257.9 251.2 242.3 234.4 227.1 221.2 216.9 214 210.7 209.6 210.6 212.8 217.2 222.7 223.2 221.5 217.6 212.9 206.8 201.2 196.4 192 187.8 182.5 176.3 172 167.4
326.8 319.2 309.7 299.3 287.9 277 270.6 271.3 273.3 276.6 279.6 285.2 290.5 298.5 305.8 313 320.2 327.4 333.5 338.3 342.5 346 348.1 349.3 349.7 349.9 350 350.6 352.1 353.2 353.7 352.7 351.5 348.5 345.1 341.3 336.9 332.2 327.1 321.4 316.3 310.4 305.1 300.5 295.8 290.8 284.2 279.5 274.5 269.1 262.8 257.1 250.6 241.5 233.7 227.8 222.7 216.8 213.4 212.6 212.5 215.1 218.5 221.5 225 225.7 224.4 220 214.6 208.6 202.4 197.1 191.7 188.1 184.8 181.4 177.2 174.2
321.6 314.7 307.5 298.4 288.1 278.9 272.3 272.3 273 275 278.7 283.3 290.7 297.5 304.5 311.6 319.1 326.2 332.6 337.8 341.9 346.5 349 350.9 351.9 352 352.3 353.1 354 354.4 354.3 353.2 350.6 347.9 344.8 340.6 336 331.4 325.6 320.6 315.6 309.4 304.8 301.3 297.8 293.6 288.3 282.6 276.9 272.3 267.1 261.4 255.7 247.4 239.5 233.8 228.1 219.1 215 214.6 216.4 219.2 221.9 226.8 230.3 230.1 228.1 223.1 216.8 210.1 203.8 198.4 194.6 192.3 188.8 186.7 183.8 180.5
316.2 310.4 303.9 295 287.1 279.5 273.3 269.8 273.9 274.7 278.1 282.9 289.4 296.1 303.1 310 317.4 324.3 330.6 337 341.9 346.6 349.9 352.1 353.5 354.2 355 356.2 357.2 356.8 356.5 355.5 353.4 351 347.2 342.6 337.6 332.5 326.3 320.7 316.3 311.8 307.9 304.5 300.5 296.5 292.9 287.9 283.5 278.4 274.2 268.5 262.1 255.5 247.2 240.5 232.6 220 217.1 218.5 220.8 223.8 229.3 234 237.7 237.5 235.1 229.6 222.6 213.5 207.8 203.2 199.4 197.6 194.3 192.2 189.2 186.1
311.6 306 299.5 292.1 286 280.2 274.1 271 272.8 275.1 277.3 281.9 288.1 294.6 301.2 307.9 315 322 328.8 335.2 340.9 346.1 350.6 353.6 356.2 357.1 358.4 360 360.2 360.9 360.8 359.3 357.2 354.4 350.7 346.7 341.8 336.1 330.1 324 319.9 316.4 312.5 309.5 306.1 301.6 298.2 294.7 292.1 288.8 285.1 280.4 274.2 266.7 259.2 251.2 240.5 227.6 221 223.4 226.2 229.9 236.4 241.5 244.3 244.2 241.3 236.6 228.6 218.6 212.8 208 206.1 204.3 201.5 197.9 195.1 191
307.2 302.2 296.7 291.1 285.1 280.3 275.1 272.3 271.8 275.7 277.5 280.7 286.5 292.3 298.5 305.6 312.5 319.4 327 334 340.8 346 351 354.9 358.1 360.5 362.1 363.5 364.5 364.8 365.1 364.5 363.1 361.1 357.5 352.8 347.2 341.7 335.3 329.4 324.8 321.6 318 315.2 312.6 309.7 308.7 307.6 304.7 301.9 298.7 293.3 285.8 277.6 269.3 257.8 244.5 233.1 227.2 229.5 231.4 234.9 242.1 246.6 249.6 250.1 248.3 242 233.7 224 217.9 212.9 211.4 210.2 208.4 203.8 198.8 195
303 298.8 294.2 289 284.7 280.6 275.7 273.3 271.7 275.5 277.2 279.8 284.5 290.3 296 303.2 309.9 316.6 324.8 332.9 339.6 346.1 350.9 355.1 358.9 361.5 363.3 365.1 367.2 368.8 369.5 370.4 369.4 367.8 365.3 360.7 355.3 349.8 343.7 337.1 330.6 326.5 323.5 321.3 319.6 320.1 318.9 317.3 315.4 311.8 307.1 301.8 292.9 282.4 271.4 258.8 245.9 236.1 231.8 233 235.8 242.5 247 251.5 254.4 257.6 254.6 246.9 238.6 228.4 222.4 217.3 216.2 216.2 213.7 208.6 202.7 197.7
299.4 295.8 292.1 287.6 284.1 280.6 276.7 272.8 271.1 275 276.9 279.1 282.8 288.1 293.7 300.8 308.1 315 322.8 331.1 338.8 345.6 350.7 355.2 358.3 361.4 364 366.1 367.9 370.4 372.6 373.9 374 372.9 371.1 367.9 363.4 358.4 353 346.9 340.6 335.8 332.6 329.5 328.8 326.3 324.2 321 317.2 313.2 308.3 300.9 291.2 280.6 270.1 256.7 245.9 238.2 234.9 236.3 240.1 245.4 250.8 255.9 261.4 265.1 260.1 250.9 241.4 232 225.7 220.9 218.8 218.6 217.8 215 207.9 201.5
296 293.2 290.1 286.9 283.7 280.2 276.7 273.9 271.8 274.5 276.4 278.7 281.5 286.2 292 299 306.6 314.1 321.3 329.6 338.1 344 349.1 353.3 356.7 360 362.6 365.4 368.5 370.7 373.4 375.8 377.5 376.3 375 372.6 368.9 364.8 360.9 355.5 349.9 345.3 341.2 337.3 334.4 329.5 324.3 319.5 314.4 308.7 302.6 294.1 285 276.2 266 253.8 244.4 239.6 236.9 238.4 242.6 248.5 253.8 259.4 269.2 272.1 263.6 252.6 244.1 234.8 227.4 223.3 220.7 219.3 218.4 216.4 212.3 204.2
292.3 290.6 288.7 285.7 283.2 280.1 277.4 275.4 272.9 273.8 276.2 278.2 280.5 284.3 290.4 297.4 305.3 313.2 320.7 327.7 335.9 341.4 346.2 350.4 353.8 357.6 360.8 363.5 366.8 369.5 372.1 374.5 377.3 378.1 376.1 373.6 370.5 367.5 364.6 361.2 357 353 348.8 343.2 336.5 329.9 322.3 315.2 308.5 302.1 295.1 286.6 278.7 269.8 260.6 251.6 242 237.5 236.5 238.3 242.5 248.4 254.3 261.8 273.5 276.8 262.3 251.8 243.2 234.4 228 222.6 218.6 217.2 216.1 214.4 210.7 203.6
289.3 287.9 286.2 284.7 282.4 280.7 278.8 276.8 273.9 275.1 276.5 278.2 279.8 283.2 289.4 296.1 304 310.9 317.5 325 331.9 337.8 342.6 346.9 350.3 354 357.7 360.9 363.9 366.9 369.7 371.9 374 375.2 373.7 371.5 368.4 365.6 363.1 361.7 360.9 359.2 358.7 357 341.6 328.3 316.8 307.5 300.5 293.4 285.7 278.9 271.6 263.3 255.5 247.7 239.5 235.3 235.8 236.4 241.4 246.8 252.9 262.5 269.9 266.3 258 248.4 239.6 231.5 221.1 218.2 214.5 212.3 210.5 208.9 203.9 198.6
286.5 285.1 283.9 283.4 283.7 282.1 280.6 277 274.7 274.9 276.5 277.7 279.6 282.8 288.1 294.9 301.6 308 314.5 321.2 327.3 333 338.3 342.5 346.4 350 353.2 356.4 359.6 362.6 365 367.1 368.7 369.5 368.4 367.2 364.4 361.5 358.6 356 352.9 358.8 367.6 363.5 334.8 322.8 309.4 300.6 291.6 284 276.7 269.7 262.6 256.6 250 243.1 236 232.1 231.7 234.1 239.8 244.6 249.6 256.4 257.9 254.7 247.4 238.1 230.5 224 217.8 211.6 206.6 203.5 201.8 198.6 193 187.9
283.5 282.5 282.6 284.3 285.5 285 283.6 281.2 277.2 275.5 276.1 277.3 279.5 282.2 286.8 292.9 299.3 305.5 311.2 317.3 322.6 327.8 332.8 337.1 341.1 345.6 348.3 351.1 354.5 357.4 359.8 361.7 363 363.1 362.4 360.9 357.5 354.2 349.6 344.4 341.5 337.5 333.8 330.9 322.5 313.4 302.7 293.5 283.4 275.1 267.6 260.6 254.4 248.3 242.3 236.9 232.6 228.4 229.5 231.4 236 240.1 244.7 247.5 238.6 235.6 229.2 223.7 217.5 211.8 206.5 200.7 194.6 191.2 189.3 187 183.3 180.3
281.3 281 282.6 285.4 288.1 288.9 288.3 286.6 282.6 277.7 275.9 277.6 279.6 281.7 285.1 290.6 295.6 301.4 307.2 312.8 317.4 322.5 326.9 331 334.9 338.6 342 345.3 348.7 351.8 354.1 355.5 356.3 356.4 354.8 352.8 348.4 344.2 338.7 334.3 330.6 326.8 321.9 317.4 311.1 304.7 297.5 288.3 278 268.2 260.9 252.4 246.3 239.6 232.1 229.3 226.1 223.6 225.1 227.5 231.3 233.7 235.1 233.4 227.6 222.1 216.8 210.6 205.9 200.2 195.9 191.1 186 182.9 180.8 179.1 177.4 175.1
279.6 280 283.4 286.6 289.6 291.7 292.3 290.4 287.2 281.3 277.5 277.6 279.5 281.4 284.2 288 292.9 297.7 303.1 308 312.3 316.6 320.7 324.9 328.9 332.5 335.7 339 342.2 345.2 347.3 348.7 349.3 348.5 346.6 343.2 338.6 333.8 329.4 325.1 320.8 316.4 312.2 306.7 302.2 296.3 289.9 281.8 272 262.5 253.7 244.6 237.5 228.8 224.6 221.9 219 217 219.3 222.3 225.1 224.6 222.8 219.5 215.9 212 207.5 202.7 198.2 194.1 188.9 183.5 179.4 177.4 175.7 174.1 172.3 170.3
278 279.4 283.2 287 290.7 293.7 294.8 293.6 290 284.3 279.9 277.7 279.2 281 283.1 286.1 289.7 294.3 298.6 302.9 307.8 311.1 314.7 318.7 322.9 326.3 329.4 332.9 336 338.6 340.5 341.5 341.6 340.1 337 333.8 329.8 325.1 320.9 316.7 312.6 307.8 302.3 297.3 293 287.8 282.1 274 266 256.7 245.9 236.1 227.1 219.3 215.9 213.7 212.6 210.5 212.8 214.3 215.5 214.8 212.4 210.7 208.1 204.1 200.8 196.6 192.5 188.3 183.9 179.9 175.7 172.8 171.1 169.3 167.9 167
276.3 278.5 283.7 287.6 292.2 295.5 297 296.1 293.3 287.9 283.1 279.7 278.8 280.6 282.3 284.9 287.7 291.2 294.2 298.8 303.1 306.2 309.8 313.4 317 320 322.7 325.6 327.9 329.8 331.3 331.7 331.7 330 328.3 325.9 322.9 318.2 313.5 309 304.4 299.8 293.5 288.8 284.3 279.5 274.2 267 259.5 249.9 238.6 227.1 219.1 213 208.9 206.9 205 204.4 206.2 206.4 207.5 208.1 207.3 205.2 202.4 199.3 196 194.4 188.7 184.1 179.9 175.9 171.9 168.4 166.4 165.4 164.2 163.6
275.2 278.6 283.6 288.7 293.1 296.8 298.6 299.1 296.7 292.1 287 283.7 281.3 280.2 281.7 283.6 285.7 288.3 291.1 294.8 298.5 301.3 304.9 308.8 311.4 313.8 316.2 318.3 320.5 321.9 323 324.3 324.2 323.6 322.2 319.6 316.5 311.8 306.8 302.4 297.4 291.7 285.7 280.7 275.7 270.7 265.8 258.6 251.1 241.9 230.8 220.2 210.8 204.9 200.9 199.3 197.2 199.3 201.1 201.5 202 202.5 201.3 199.2 196.8 193.8 190.6 187.7 184 179.5 175.8 171.5 167.4 163.4 160.9 160.7 160.5 160.7
274.3 279 284.3 289.3 293.4 297.2 299.5 300.7 299.5 296.9 292.8 288.5 285.1 282.8 281.2 282.9 284.7 286.6 288.6 291.8 294.2 296.6 300.7 303.4 306 308.1 310 312.4 314.9 316.1 317.2 317.9 318.1 317.8 315.9 313.6 310.1 305.9 300.9 295.7 289.6 283.2 277.6 272.6 266.9 262 257.2 250 242.7 234.5 224.2 212.6 203.6 198 195.4 193 192.1 194.2 195.7 196.5 197.2 197 195.6 193.7 190.9 188.3 186 180.9 178.1 175 170.9 166.4 161.7 158.1 154 154.5 155.4 156.5
272.8 279.2 285.2 289.6 293.3 296.2 299 300.3 300.6 299.2 296.5 293.7 289.5 285.7 283.2 282.1 283.9 285.1 286.6 289.4 291.4 293.5 296.6 298.7 301.3 303.2 305 307 309.3 310.4 311.5 312.7 313.2 312.4 310.9 308.2 304.7 300.5 295 289.6 283.3 276.2 270.1 264.1 258.8 253.9 248.3 241.3 234.9 226.2 215.3 206.5 197.8 193.7 191.2 187.8 187.1 189.1 190.9 191.2 191.5 191.4 190.2 188.2 184.9 181.5 178.8 174.9 172.3 169.5 165.6 161.5 157.1 152.4 147.8 147.9 150 150.8
274 280.6 285 289 291.9 294.7 297.6 299.3 300.1 299.8 298.5 295.7 292.3 288.7 285.9 283.4 283 284.2 285.4 286.7 288.7 290.6 292.6 294.8 296.8 298.7 300.6 301.6 303.6 304.9 306.3 307.1 308.3 307.5 306.3 304.2 300.3 295.5 290.2 285 277.8 269.6 262.4 256.8 251.2 245.8 240.1 234.1 228.3 217.8 208.9 200.8 192.9 189.7 187 184.5 181.2 183.5 184.7 185.5 185.6 185.3 184.3 181.6 178.4 175.4 172.2 168.1 165.6 163.1 160.2 156.5 152.5 149.3 144.1 143 143.9 145.3
275.3 280.1 283.9 287.3 290.4 293 295.2 297.1 298.1 299.1 299 297.4 294 291 288 285.5 283.6 283.7 284.6 286.2 287.5 288.5 290.3 291.5 293 294.2 296.2 297.3 298.9 300.5 302 303.7 305.1 304 302.9 300.9 296.9 293.1 288.3 282.9 275.1 265.1 256.9 250.7 244.9 239 233.7 228.3 221.9 211.7 202.3 195.3 190.7 186.9 183.6 180.4 177.7 177.2 175.5 176.8 177.7 177.5 176.8 174.6 171.2 168.4 165.6 161.5 157.7 155.3 152.6 149.7 146.3 142.4 138.2 137.9 137.3 138.5
273.8 278.3 281.9 285.1 287.9 290.8 292.6 294.5 295.8 296.8 297.9 297.9 296.7 294.4 291.4 287.3 285.3 284.6 283.8 285.7 286.4 287.1 288 289.1 290.3 291.7 293.1 294.4 295.6 297.3 298.8 299.9 301.2 302 302.1 301.4 298.7 295.6 290.9 285.5 279.1 270.8 260.2 250.7 240.4 233.5 228.4 222.8 215.9 206.2 199.4 193.7 188.4 185.2 182 178.6 175.5 172.8 169.3 166.4 165.9 169.4 169.1 167.7 163.5 160.1 157.5 154.6 151 147.6 144 141.6 138.6 135.1 131.8 129.4 126.5 123.6
271.6 275.5 279.1 282.2 285.1 288.1 290.1 291.9 293.6 295.4 297.7 299.9 299.2 297.8 295.8 292 287.4 285.8 284.8 284.8 284.6 285.6 286.8 287.8 288.9 290 291.4 292.7 293.7 294.5 296.9 299 301.9 303.5 304.4 303.5 301.2 298.5 294.1 289.1 281.3 274.4 266.2 257.2 243.1 232.5 226.9 221.8 214.8 208.9 202.1 196.3 191.9 187 183.8 180.8 177.8 174.4 170.5 166.9 163.1 160.8 162.3 159.9 155.7 153.2 150.4 146.2 142.5 140.2 137.5 135.7 134.8 130.2 128 126.3 126.5 128.3
269.4 272.8 276.2 279.4 282.4 285.4 287.6 289.4 292.8 295.8 298.8 301.6 302.9 304.1 302.1 298 291.9 286.9 286.1 285.9 286 286.3 286.4 286.6 287.8 288.8 290 291.4 292.8 294.8 296.7 299.8 303.3 306.4 307.3 308.8 307 304.7 301.2 295.9 287.9 278.9 270.3 260.9 248.8 240 234.2 228.8 222.7 217.2 207.9 201.6 196 191.9 188 183.7 180.8 176.8 171.9 168 164.8 161.7 157.5 154.8 151.2 146.8 146.9 148.5 146.6 143.7 139.6 137.6 135.6 134 131.4 133 137.2 139.9
