data/220000-570000.asc
ncols 200
nrows 200
xllcorner 220000
yllcorner 570000
cellsize 50
[rows 70 to 104 of 200, columns 78 to 155 of 200]
165.3 165.4 169.3 173.8 172.7 169.5 166.2 165 165.3 174.6 175.9 173.5 170.7 169.5 168.3 167.6 167.4 167.3 166.4 165.6 164.6 164.4 164.5 163.8 162.4 160.4 159.2 159.2 159.8 157.5 154.5 151.7 150 148.4 147 145.5 144.8 144.7 144.8 145.5 146 146.4 145.9 144.9 144.5 142.9 141.9 140.4 140.5 140.5 140.5 140.3 140.3 140.4 140.4 140.5 140.8 141.5 142.9 150.2 155.3 147 143.1 145.6 148 149.9 152 154 155.5 156.4 156.7 158.2 162.2 168.3 169 163.6 157.7 154.7
165.9 165.8 171.3 175.8 175.7 172.7 169 165.2 166.7 174.1 174 172.4 169.7 168 166.7 165.8 165.4 164.7 163.9 163.1 162.2 162 162 161.7 160.4 160.1 159.3 158 155.5 152.8 151.8 150.2 148.8 148 146.9 145.6 144.6 144.6 144.5 145 145.5 145.9 146 145 144 143.1 142.6 142.1 141.1 140.1 139.7 139.6 139.7 139.6 140 140.5 140.9 141.4 142.1 151.5 152.5 142.1 143.5 145.9 147.8 149.6 152 155 157.7 158.3 160 160.9 163 167.7 169.5 165.1 160.6 156.7
165 165.5 167.3 171.7 174.9 175.6 170.8 165.6 166 167 169.2 170.2 168.4 166.5 165.2 164.5 163.5 162.2 161.4 160.6 159.8 159.6 160 160.1 159.7 159.4 159.1 155.4 151 150.6 149.8 149.5 148.7 147.9 147 146 145 144.5 144.5 145.3 145.8 146.2 147.4 146.5 145.4 143.5 142.9 142.2 141.4 140.7 139.9 138.7 138.7 139.5 140.2 140.6 140.6 141.3 141.7 147.7 146.8 142.2 143.8 145.9 147.6 149.4 152.7 156.2 159.9 161.6 163.4 164.1 166.1 169.1 169.1 167.2 160.5 156.6
165.8 164 165.9 166 171.1 175.6 172.2 166.3 166.1 166.1 166.1 166.1 166.5 167.2 165.7 164 162.7 161.5 159.8 158.4 157.4 157.3 158 158.7 159.2 159 158.2 153.8 151.2 150.4 149.7 149.8 150.4 150.4 148.5 146.7 145.5 144.6 144.6 145.3 146 147.7 148.8 148.6 145.9 143.7 143 142.2 141.5 140.7 138.7 137.8 139.1 139.9 140 140.1 140.1 140.3 141.7 142.5 141.8 143.4 144.3 146.1 147.6 149.2 152.4 158.3 161.7 164.5 166.5 167.6 168.6 169.2 169.4 167 160.1 154.2
167.1 166.3 165.9 165.9 166 172.1 171.5 165.2 166.1 166.1 166.1 166.1 166.1 165.9 164.7 163.5 162.4 160.9 159 157.6 156.4 156.1 156.8 157.8 159.7 159.7 158.6 154.1 152.8 151.9 151.8 152.2 153.7 153.3 150.6 147.5 145.2 144.5 144.3 144.9 145.5 148.1 150.3 149.7 146.4 143.6 142.9 142.1 141.3 140 138.6 137.5 139.1 139.5 139.5 139.5 139.6 140 140.8 141.2 141.9 143.4 144.8 146.3 147.8 149.3 152.6 159.8 164.5 167.9 169.2 169.3 169.4 169 168.6 163.2 155.7 149.4
169 166.4 164.6 165.9 165.9 169.7 169.8 166.7 166.1 166.1 166.1 166.1 166.1 165 163.6 162.5 161.9 160.6 158.4 156.8 155.5 154.5 155.3 158 160.4 162.3 162.4 156.6 154.8 153.7 154.1 154.9 156.9 158.5 153.4 149.3 146 143.3 142.9 143 143.7 146.4 150 149.5 146.3 143.2 142.4 141.7 140.8 140.5 139.3 138.2 139.1 139.1 138.9 138.9 139.3 141.2 142 142.9 145 144 144.8 146.2 147.7 149.2 152.4 158.8 165.4 169.9 170.7 168.5 164.8 163.2 161.5 156.8 151.2 145.6
171.9 169.7 167.3 170.4 169.8 170.7 170.2 168.7 166 166.1 166.1 167 165.3 164.2 162.6 162.3 161.7 160.3 158.4 156.1 154.5 154.6 154.8 157.3 160.3 163.4 163.4 155.5 155.2 154.7 155.2 157.4 159.5 159.4 154.3 150.5 146.7 143.9 142.1 140.8 140.5 140.9 144.8 148.3 145.1 142.8 141.8 141.5 141.2 140.9 139.4 138.7 138.6 139 138.5 138.6 140.4 142.4 144 147 149 146.1 144.5 145.8 147.6 149.2 151.7 157.4 163.1 166.5 166.6 163.8 158.8 155.8 154.1 150.6 146.3 143.5
175.9 174.4 175.8 175.6 175.1 174.4 172.5 169.1 166.6 166.1 167.4 166.4 164.1 161.1 161 161.2 161.7 160.7 158.5 155.9 153.3 153.3 153.7 155.5 157.6 160.3 159.5 155.1 155.2 155.9 157.1 158.5 160.2 159.2 153.8 149.8 147.5 144.5 142.2 140.5 138.9 138.5 140.7 145.1 143.7 142.4 142.2 141.9 141.6 141.3 140.2 138.7 138.4 138.2 138.8 139.5 141.2 142.6 144.7 150.7 151.1 147.4 144.5 144.9 146.7 148.6 150.8 152.6 156.6 159.2 159.9 156.8 153 150.1 147.7 145.6 143 140.5
180 181.3 181.4 180.2 179 177.4 173.1 169.5 166.2 165.8 164.4 160.3 158.5 157 157.1 158.8 160 160.4 158.6 155.6 152.7 151.3 152.6 154.3 156.1 157.7 157 155.6 155.7 156.5 158.5 160.1 160.3 156.9 152.7 149.5 147.5 145.8 144.1 142.7 140.6 139.1 138.4 140.4 141.4 142.6 142.6 142.3 142 141.6 141 139 138.2 138.2 139.4 140.5 141.7 142.9 145.7 151.3 150.6 146.9 143.8 144.4 146 148.2 150.4 150.9 151.1 153.3 155.5 152.3 147.1 144 143.8 143.1 141.3 138.9
185.5 186.7 186.8 184.5 181.4 178.2 173.6 169.2 165.3 162.6 160.4 155.7 153.9 154.2 154.4 156.4 157.9 158.5 157.6 155 152.2 150 151 152.7 154.7 156.7 156.1 156 156.4 157 158.9 160.3 159.8 157.2 153.2 149.7 148.9 148.4 147.6 146.1 142.9 140 137.8 139.8 141.2 142.5 142.9 142.7 142.4 142 141.7 140.5 139.3 138.1 139.1 140.2 140.7 141.5 147.1 150.9 147.9 143.7 142.4 143.1 144.4 148.6 151.4 150.8 150.4 149.5 149.6 148.7 144.8 141.4 142.5 141.1 139.7 138
190.8 190.8 189.8 187.3 182.1 178.1 172.1 167.4 163.6 160.7 158.2 164.5 162 156.1 153.7 154.8 155.6 156 155.4 153.7 151.3 149.5 149.5 151.3 153.6 155.6 155.8 156.2 156.5 156.8 158.4 159.5 159 156.2 152.1 149.6 149.1 149.2 149 148.3 144.8 140.6 137.8 139.1 141 142.5 142.9 143.1 142.9 143 143.1 142.9 141.4 139.4 138 139.2 140.7 140.5 142.8 145.4 142.4 141.1 140.7 140.7 142.4 149.4 154.4 152.1 149.5 147.8 146.6 145.7 144.5 142 141 139.7 138.4 136.7
194.6 193.2 191.2 187.7 182.3 176.6 170.7 166 161.8 158.9 166 170.3 168.7 161.2 154.4 153.6 153.1 152.9 153.1 151.5 151 151.6 150.1 151.2 153.8 155.6 156.1 156.5 156.9 155.9 156.2 156.7 156.2 153.8 150.7 149.5 149.6 150.1 149.9 148.6 145.1 140.5 137.7 139.7 141.8 143.5 144.3 144.5 144.5 144.7 144.6 144.1 142.1 140.1 138 138.2 140.5 140.7 140 140.2 139.4 139.2 139.1 139.3 140.6 148.3 154 153.1 148 144.9 143.7 142.7 141.8 140.4 139.2 138.1 136.9 135.3
197.4 195.6 192.7 189.7 183 175.6 169.7 165.1 160.5 160.2 168.1 171.8 171.4 166.1 159 154.1 153.1 151.6 150.7 150.8 152 153.2 149.7 150.6 152.9 155.3 157.5 157.9 157.1 155.2 153.9 153.6 153 151.6 149.5 149.2 151.4 154.8 152.3 148.1 144.3 140.2 138.2 140.7 142.7 144.5 145.8 146.4 146.2 146.3 146.2 144.9 142.9 140 137.6 136.9 139.3 140 139.4 139.2 139.3 139.2 139.2 139.5 141.5 147.7 151.4 150.2 147.3 143.1 141.2 140.1 139.3 138.5 137.3 136.2 135 133.9
198.6 196.6 193.2 188.8 182.3 175.5 169.2 163.6 161.3 161 164.7 169.8 169.8 166.8 161.7 156.6 153.9 151.6 150.5 151.3 155.6 154.9 149.7 149.3 151.6 154.3 158.5 159.2 157.2 154.8 153.2 152.3 151.5 150.3 149.8 149 151.5 155.7 154.3 147.9 142.6 138.1 137.1 140 142.9 145.7 148 148.9 148.2 148.3 147.3 145.6 141.8 138.9 137.3 136.1 139.7 140.1 139.3 139.3 139.3 139.3 139.2 140 141.9 145.8 148.8 147.2 145.8 142.8 141.1 139.2 137.6 136.7 135.5 134.3 133.2 132.1
198.1 195.4 192 187.2 181.9 175.6 169.9 164.2 161.5 160.9 161.7 165 167.3 164.5 160.4 157.2 153.7 151.7 152.3 154.6 159 157.2 151.1 149.7 150.9 153.8 157.3 159 156.5 153.8 152.9 152 151.2 149.6 148.2 147.7 148.7 150.9 149.5 145.2 139.3 137.1 137.9 139.1 141.6 144.2 147.3 149.7 151.3 151.3 150.2 146.6 141.4 138.2 136.3 135.8 140.2 140.3 139.4 139.3 139.7 139.3 139.6 140.4 142.3 143.9 145.6 145.8 144.7 142.7 141.2 139.7 136.8 134.9 133.5 132.4 132 131.4
198 194.1 190.1 184.5 179.3 174.8 169.5 164.1 160.9 160.1 160.5 161.4 162.7 161.8 159.2 156.2 153.4 152.7 153.6 157.4 162.4 159.2 151.6 149.9 150.6 152.4 154.3 155.4 154 153.2 152.6 151.8 150.7 148.9 146.7 145.5 144.9 144.7 142.9 138.1 137.2 134.3 134.5 137 139.9 142.7 145.8 149.6 153.4 154.5 152.6 147 140 136.7 135.5 135.2 139 140.9 137.8 138.9 145.2 146 143.7 142.6 142.4 142.7 143.5 143.8 143.8 143 141.8 139.9 136.9 134.1 131.5 130.5 129.4 128.9
197.1 192.9 188.4 182.9 178 173.5 168.3 163 161 159.9 159.5 160.1 160.2 159.6 158.1 155.4 154.5 154.9 154.9 158.8 164.3 159.9 151.3 148.7 150.4 151.1 151.7 151.9 152 153.2 152.2 152.5 151.4 148.5 145.9 142.9 140.9 138.9 136.4 140.6 139.8 138.8 134.5 134.3 138.3 140.3 144.2 148.2 152.5 153.7 151.5 146.6 138.4 135.4 134.5 134.1 137 140.2 137 144.3 152.9 152 149.4 146.1 142.7 141.9 141.8 141.7 142.2 143 142 140.1 137.3 134.6 132.1 130.5 129.5 128.5
195.6 191.3 186.9 182.1 176.9 172.7 170.5 162.1 161.7 160.2 159.4 159 158.7 158.4 156.4 155.3 155.2 156.1 156.2 158.9 162.9 157.7 151.4 148.1 148.5 149.3 148.7 149.1 151.4 154.3 157.4 158.9 152.7 148.6 146.2 141.8 139.1 136.9 141.4 145.1 140.3 139 138.1 135.3 134.2 136.7 139.2 144 150.6 151.2 150.5 144 136.6 134.9 134.3 134.1 134.8 135.8 136.7 149.6 160 157.6 150.6 147.2 143 141 140.9 140.8 141.1 142.1 142 140.2 137.7 135.2 132.8 130.5 129.5 128.1
194.1 189.7 184.9 180 176.9 174.5 167.7 165.3 162.8 160.7 161.1 158.8 157.8 158.9 159.5 156.8 156.8 157.3 157.3 157.8 158.2 153.9 151.1 149 146.9 145.9 147.7 151.8 156.4 159.5 162.3 160.3 151.5 146.7 143.7 140 138.9 139.2 145.7 144.1 140.3 140.1 138.5 136.2 133.7 131.8 134.5 137.3 143.9 147.5 146.6 141.3 135.2 134.4 134 133.8 133.9 135 139.1 153.6 160.7 160.2 154.5 148.7 143.6 142 141.7 142.1 142.6 142.3 142 140.2 138.3 136.5 133.9 130.8 128.6 127.3
191.3 187.8 182.6 178.2 176.3 172.6 166.9 163 162.3 162.6 161.5 159.2 160.3 159.6 160.2 158.4 158.2 158.5 158.2 156.8 154.6 151.8 149.6 148.1 146.6 145.7 149.2 156.5 160.4 164.5 165.9 160.2 147.8 143.3 141.4 140.3 138.4 143.2 145.4 142.4 140.3 139.7 137.6 135.5 134.6 133.1 133.8 135.5 137.7 141.1 142.6 138.4 134.2 134.1 134.2 134.1 134.1 135.3 138.4 152.4 160.4 161.2 157.6 149.5 144.1 143.5 145.5 146.7 147.4 143.8 140.7 140.1 139.4 137.5 134.4 130.8 128 125.9
188.9 185.2 180.6 178 175 171.7 165.8 164.2 164.6 166.1 162.8 160.7 161.2 161.7 162.7 160.6 161 162 160.7 157.2 154.8 153.1 151.2 149.1 146.7 144.3 147.8 156.5 160.8 163.3 162.9 152.8 141.6 140.8 139 138.6 139.9 142.1 144.6 142.3 140.1 138.9 136.3 135.3 135.6 135.3 132.4 134.5 136.2 137.3 137.6 135.7 134.7 134.3 134.4 134.4 134.4 134.9 136.5 144 157.3 160.3 157.6 149 143.9 145.1 148.2 150.3 152.5 145.9 141.3 140.4 139.3 137.5 134.4 130.8 127.6 125.2
186.6 182.6 180.4 177.2 173.6 170.1 167.1 165.4 165 164.2 162.3 163.3 167.3 167.8 165.1 166 166.4 165.2 163.7 159.7 155.8 153.9 152.4 148.7 146.9 144 145.7 149.4 154.2 158.4 154.6 144.7 142.5 141.1 140.5 140.1 141.5 144.7 144.9 141.3 138.7 137.6 136.4 136 135.7 135.3 133 132.4 134 134.9 135.9 135 134.9 134.5 134.5 134.5 134.8 135 135.5 137.1 147 154.1 152.6 147.9 143.9 146.1 149.4 153.9 156.5 147.8 141.1 140.1 138.7 137.1 134.8 131.1 126.9 124
184.5 180.5 177.8 174.6 172.2 169.2 167.3 166.1 166.5 167 164.3 167.3 173.8 173.4 168.2 168.6 167.8 166.1 162.7 162.5 160.7 155.6 151.9 150.9 147.1 144 144.1 146 147.2 147.6 146.4 142.8 143.7 144.4 143.7 144.2 145.9 145.8 144.1 140.1 138.7 137.5 136.7 136.4 136 135.3 134.2 132.9 133.3 135.1 135.5 135 134.9 134.7 134.6 134.9 135.1 135.4 135.6 136.2 139.7 149 150.8 147.9 143 145 149.4 152.7 152.7 144.1 139.4 138.5 138.1 136.4 133.7 130.5 126.3 122.5
183 179.4 176.2 175.1 172.4 170.3 168.7 170.5 169.3 166.7 167.3 174 179 174.8 170.6 169.2 168.6 167.9 166.1 166.6 165.3 158.9 154 152.5 148.8 145.2 145.1 144.1 144.2 143.1 143.1 148 146.7 147.6 148.4 145.8 145.8 145.2 141.7 140.7 139.3 138.2 137.2 136.7 136.3 135.5 134.5 132.9 133.9 134.8 135.1 134.9 134.7 134.5 134.5 134.7 134.9 135.1 135.3 135.6 136.4 139.7 146.2 144.7 140.9 142.1 146.7 150 146.2 138.4 137.5 136.5 135.3 133.6 131.3 128.5 125.6 121.7
182.9 179.9 178.1 176.8 175.8 173.8 172.6 172.2 170.5 170 171.4 177.3 179.4 174.6 171.3 170.3 170.1 170.7 169.9 168.1 166.1 161.3 158.4 153.4 150.8 146.9 145.8 142.5 145.3 145.2 148.2 152.3 152.6 154.9 154.4 148.2 145.2 143.8 141.4 141.1 140 138.9 137.9 137 136.2 135.4 134.6 133.2 132.3 134.7 134.7 134.6 134.4 134.4 134.2 134.2 134.3 134.5 134.7 135 135.6 137.3 139.3 139.9 139.6 138.3 138.7 140.7 139.9 136.8 135.1 133.2 132.1 130.8 129.6 126.5 125 124
182.9 180.8 181.2 179 177.4 176.6 174.6 173.5 172.5 172.5 173.4 177.7 176.3 173.4 171.5 172.6 173 172.4 169.5 170.5 169.6 166 163.1 157.5 150.4 147.6 145.9 143 145.5 146.7 151.1 158.7 159.9 160.8 158.2 149.4 144.9 142.6 141.3 141.5 141.3 139.6 138.6 137.7 136.6 135.6 134.5 134.3 132.3 133.6 134.1 134.2 134.2 134.3 134 133.9 133.9 134 134.1 134.4 135 136.2 137.3 137.4 136.6 135.9 137.3 137.4 136.4 134.4 133.5 131.9 131.6 131.3 130.1 129.3 128 126.8
182.7 182.4 181.5 180.1 178.7 177.1 176 174 173.7 173.6 174.4 175.4 174.6 172.8 173.3 173.9 174.9 174.9 171.5 171.6 171 169.2 167.8 162.8 155.9 147.3 145.4 142.8 144.4 146.1 153.8 161.8 163.5 163.3 159.7 149.4 143.8 143 143.1 144.1 144.5 145 140.4 137.5 136.3 135.2 134.1 134.3 133.5 132.7 133.5 134 134.1 134.1 133.9 133.5 133.6 133.6 133.7 133.8 134.5 134.8 135.4 136 135.1 134.4 134.4 135 133.8 133.6 134.3 134.3 133.1 132 131.2 130.2 129 127.8
183.7 182.7 181.6 180.5 178.2 177 175.9 175.1 174.7 174.6 174.7 174.8 174.6 174.3 174.1 174.9 176.2 175.6 177.6 174.1 174.7 173 171.2 165 156.9 146.6 144.7 142.9 143.5 144.7 152.7 161.4 162.7 161.7 157.2 144 143.8 144.3 146 148.2 149.1 149.6 138.9 137.3 136.1 134.9 133.9 133.9 134.3 134.7 132.2 134 134 134 133.7 133.3 133.2 133.3 133.3 133.3 133.9 134.3 134.4 134.1 133.2 133.2 132.4 133.3 134.5 136.1 137.1 135.9 133.5 132.7 132 131.1 130 128.3
182.9 181.6 180.2 178.9 177.6 176.7 176.1 175.7 175.3 173.8 174.2 174.2 174.1 174.4 175.1 175.9 176.7 180 179.2 178.7 177.6 177.8 171.7 165.3 158.9 146.8 145.2 142.8 143.7 144.5 149.7 157.5 158.7 157.5 151.5 145.8 144.6 145.6 150.3 152.2 153.6 151.7 138.5 136.8 136 134.6 134.2 134.6 135.1 135.1 133.6 132.7 133.8 133.8 133.6 133.2 132.9 132.9 132.4 132.6 132.8 132.7 132.6 132.1 131.4 132 131.3 134.7 136.9 137.8 138.2 137.6 135.1 134.1 133.1 132.2 130.5 128.7
183.6 181.5 179.6 178.1 176.7 175.6 174.9 174.7 173.4 172.8 173.3 172.8 174.2 175.1 176.1 177 178.5 180.4 182.6 182.6 183.4 179.8 175.9 167.8 162.6 148.3 146.2 143.4 144.4 145.8 146 151.6 150.9 149.8 149.5 146.6 145.9 148 151.2 151.7 154.1 150 138 136.7 134.3 134 134.6 135.6 135.8 135.6 135 132.9 132.5 133.5 133.3 132.9 132.5 131.9 131.6 131.6 131.8 131.7 131.7 135.3 132.9 133.6 134.4 136.8 137.9 138.2 138.3 138 136.5 135.3 134.1 132.8 131.3 129.3
184.5 182.2 179.9 178.1 176.7 175.7 174.7 174.3 173.9 172.7 172 172.3 174.6 175.7 176.3 177 179.6 181.2 182.8 186.4 188.8 186.7 181.3 173.6 167.3 154.6 148.9 144.6 145.8 147.4 147.9 148.9 149.6 150.1 148.9 148 148.7 151.5 152.1 148.4 149.7 144.8 138.8 137.8 135.4 134 135.1 136.1 136.3 136.2 135.6 134.7 132.3 133.3 132.8 132.3 131.9 131.5 131.5 131.3 131.5 131.6 131.2 132.4 133.9 135.5 136.5 138 138.4 138.9 138.8 138.3 137.1 135.9 134.7 133.5 132.1 130.1
186.8 183.5 180.7 178.7 177.8 176 174.8 174.4 173.1 172.1 171.8 172.8 175 176.2 176.9 177.6 179.3 180.6 184.4 189.3 194.6 195.7 194.2 185.7 173.3 162.2 154.9 149.8 148.6 149 149.2 149.4 150 150 149 148.4 148.7 150.6 147.7 144.5 141.8 140.1 138.9 138.5 136.9 135.6 136 136.4 136.5 136.4 136 135.1 132 132.7 132.6 132.2 131.7 131.6 131.3 131.5 132.3 133 132.6 133.6 135 136.4 137.8 138.6 139.1 139.6 139.4 138.9 137.7 136.5 135.3 134.1 132.9 131
189 185.9 182.9 180.4 178.2 176.4 174.9 173.6 172.1 170.6 171 171.3 175.7 176.8 177.5 178.4 179.4 182.1 187.1 190.2 193.5 196.6 196.1 188.5 179.3 165 159.7 154.6 149.5 150.4 150.8 151.1 151.8 152.6 150.4 149.5 148.5 146.6 144.6 143.5 140.8 139.7 139.2 138 136.2 137.3 138 136.6 136.3 135.9 135.8 135.5 133.5 132.1 132 132 132.1 132.2 132.2 132.3 133.3 134.1 134.4 135.1 136.3 137.7 139.1 139.5 139.9 140.4 140 139.4 138.3 137.1 135.9 134.7 133.6 132.1
191.1 187.7 184.6 181 177.9 176.2 174.1 172.6 171.2 170 170.3 170.7 175.1 177.3 178.2 179.2 180.2 182.1 187.4 191 192.8 195.5 195 189.6 179.9 168.7 161.6 157.9 152.9 149.6 152.8 154.7 156.3 157.2 156.8 155.8 149.5 146.7 149.2 144.6 143.8 142.4 139.2 138 138.2 146 142.5 136.1 135.7 135.4 135 135.4 134.3 131.9 131.9 132.9 133.6 133.2 132.9 133 134 135 135.8 136.5 137.8 139.1 140 140.4 140.8 141.2 140.5 140 139 137.7 136.5 135.5 134.4 133.4
193.5 189.6 186.4 183.6 178.9 175.9 172.5 170.7 169.6 169.2 168.9 169.7 174.8 178.2 179.7 180.7 182.7 182.8 184.5 187.5 189.3 193.1 192.3 188.4 185 173.4 161.6 157.6 153.5 153.7 155.4 158.6 162.3 164.4 165.2 157.2 151.3 150.7 158.7 154.1 150.2 144.1 140.4 140.3 141.1 149.5 146.8 135.3 135.3 135 134.6 134.7 134.3 133.8 134 134.4 134.7 134.3 133.9 133.5 134.1 135.2 136.5 138 139.2 140.6 141.3 142 142.7 142.1 141.2 140.5 139.6 138.4 137.3 136.3 135.3 134.2
