data/220000-910000.asc
ncols 200
nrows 200
xllcorner 220000
yllcorner 910000
cellsize 50
[rows 105 to 139 of 200, columns 78 to 155 of 200]
212.1 203.8 195.5 188.8 181.9 175.3 168 166.7 160.3 156.7 156.8 159.4 158.5 157.7 158.9 159.8 161.2 160.4 159.1 162 163 164.8 169.3 175.5 180.3 191.8 199.4 205.8 212.1 218.3 220.5 224.9 230.5 235.7 237.9 239.4 241.4 244.7 247 249.5 252.3 254.5 255.5 261.8 270.4 279.2 281.3 286.1 290.8 293 296.4 300.5 303.3 307.3 312.2 313.3 314.6 314.4 317.9 327.6 336 343.8 339.6 353.3 348.7 351 357.8 365.4 369.8 372.1 376.2 380.5 387.1 402.1 414.4 426.8 441.1 462.9
218 210.4 203.5 193.1 184.3 177 169.6 164.1 158.9 157.6 157.8 157.6 158.4 157.6 159.4 158.8 158.9 157.5 158.1 160.3 160.9 162.5 167.7 172 178.8 188 195.5 199.1 202.8 208.6 212.9 218.3 223.7 228 230 233 236.8 240.6 243 246 247.3 247.6 254.2 260.8 267.8 271.6 274.6 278.3 282.8 285.6 289.7 291.2 295.7 303.7 306.4 309.7 309.8 309.2 316.3 325.6 329.2 334.2 338.3 347.7 343.1 344.7 352.5 362.4 366.2 369.2 372.2 376.7 382.4 393.1 405.5 416.9 435.4 453.3
224.4 224.7 213.1 199.7 186.9 179.4 173.5 169.3 161.1 159.8 160.1 160.2 158.6 157.2 158.2 156.8 156.2 157.1 157.7 158.5 158.8 162.6 167.6 170 179 187.6 191.1 192.4 195.8 205.7 209 215 223.7 226.3 229 232 234.8 238 239.6 240.3 239 243 249.8 257.1 263.5 267.6 270.4 274.6 276.4 280.1 283.8 284.6 295.5 298.3 301.5 304.5 303 305.5 312.4 317.5 321.8 323.5 338.7 340.8 337.5 338 348.4 358.1 361.9 364.9 367.9 373.2 380.1 388.5 398.8 410.7 427.3 444.8
222.7 226.4 228.1 212.9 194.2 182.4 174.4 170.5 163.6 162.9 162.5 159.8 157.8 156.3 156.4 155.6 157.5 156.6 156.7 157.6 158.8 162.1 166.1 171.8 180.6 187.6 188.6 191.6 194.3 197.8 204 211.4 222 226.9 229.8 231.1 232.4 236 237.5 236.7 238.6 241 244.2 250.4 257.4 262.7 264.6 267.6 270.6 275.1 275.8 282.3 291 295.7 294.1 295.9 300.7 299.7 303.3 309.6 315.4 324.1 336.7 333.5 333.1 331.3 345.7 354.1 357.4 360 365.4 371.6 376 382.9 393.8 406.6 421.5 434
218.7 220.4 218.4 211.8 206.3 198.5 181.6 172.6 169.8 165.5 161.8 160.4 157.4 156.9 155.5 153.5 154.7 154.4 155.5 157.9 161.4 163.2 163 171.3 180.8 186.9 188.9 191 192.9 195.5 198.9 205 215.3 222.7 229.5 226.4 223.9 225.8 229.5 233.9 237.5 240.4 239.4 242.6 250.4 255.8 257.9 260.4 265.5 270.4 271.9 277.5 285.9 289.9 287.9 290.2 292.3 289.2 297.3 305.1 311.9 320.3 325.2 328 328.6 329.4 343.6 348.9 350.5 356.5 362.8 369.3 373.2 381.8 393.4 405.6 417.6 429.6
207.9 205.8 202.3 204.5 202 194.7 183.5 175.4 171.9 167.9 162.1 159.2 156.2 155.6 155.1 155 152.8 153.1 154.6 156.4 159.8 159.4 158.7 166.9 177.5 184.1 186.8 188.9 191.2 195.5 198.2 200.5 206.7 212.6 214.7 215.2 214.4 214 215 217 223.3 230.1 230 236.2 242.6 248.5 252 255.5 261.1 266.6 265 269.5 280.2 280.7 282.3 280.6 277.6 279.8 294.2 301.7 307.6 312.3 322.7 325 322.6 328.2 337.1 341.9 346.8 355.3 360.3 366.6 370.5 379.7 392.1 403.8 415.5 426.3
194.3 194.4 195.2 199.7 200.5 191.4 182.4 176.2 171.7 166.3 162.1 158.8 156.4 156.1 156.1 155.5 153.5 152.7 154.5 155.8 157.2 156.8 156.8 159.3 165.3 173.4 179.6 180 186.7 198.2 197.7 195.3 198.4 202.6 203.6 204.3 205 206.3 204.6 204.9 213.1 216.3 221.6 226.8 232.3 242 245.2 248.6 254.7 261.3 261.5 265.6 272.3 273.5 277 272.2 268.7 283.4 288.6 296.2 303 313.8 322.1 319.5 314.9 323.5 331.1 335.9 343.2 351.4 358.5 362.3 368.6 377.8 391.4 404.4 413.6 424.8
189 192 192.3 193 195.9 189.8 181.8 175.9 171.6 167.2 162.4 160.1 157.8 157 156.4 155.6 153.6 151.9 154.8 155.5 155.8 154.7 154.9 156.2 158.9 162.6 168.5 174.6 177.3 180 180.5 183.1 187.1 192.8 194.7 196.6 197.9 198.6 196.3 195.7 201.7 204.4 210.8 214.9 222.4 235.6 239 241.7 252 255 255.9 261.6 267.9 269.2 268.8 265.2 273.9 281.5 286.9 295 300.2 314.1 316.4 312.8 308.3 316.9 327.8 334.1 338.5 348.3 355 358.9 366.5 378.8 393.4 401.1 412.9 424.4
184.6 186.7 190 187.4 186.8 186.8 182 175.1 171.7 166.9 161.4 159.8 161 157.8 156.9 155.4 152.1 152.6 154.9 157.7 155.8 154.1 153.6 156.2 157.7 160.4 162.2 168.5 173.3 176 175.3 173.7 177.7 189.6 187 187.1 187.7 186.3 184.9 182.2 188.3 193.4 202.9 203.1 217 226.8 232.1 236.3 244.3 245.8 251 253.7 261.1 263.2 261.7 260.8 272.6 276.1 285 289 297.8 307.7 308.9 304.5 304.1 314.6 324.8 327.8 334 344.2 353.4 357.9 367.3 381.5 389.4 398.7 412.8 424.8
177.7 179 183 181.2 180.1 180.4 175.4 171.6 168.4 163.4 159.5 161.5 161.9 157.6 156.1 154.4 153.2 154.3 156.1 157.4 155.4 153.3 152.7 153.7 158 156.9 156.5 160.3 169.8 170.5 167.2 165.8 166.9 175.9 174.3 173.8 172.7 171 171.5 173.2 177.2 187.7 193.3 197.2 210.4 216.9 224.3 229.2 237.6 241.3 245.4 246.1 254.1 261.4 258 261.9 272.8 274 279.9 286.3 296.4 302.5 302.9 298.5 300.6 313.3 318.8 319.1 334.7 345.9 353 358 369.7 379.9 386.2 399.8 414.8 427.6
172.2 172.2 172.4 170.5 173.7 170.7 166.4 165.4 162.3 159.9 157.6 158 157.5 155.6 154.5 153.5 153 152.9 155.4 155.3 154.5 152.1 151.6 152 152.6 152.6 153.8 153.3 158.3 163.3 159.7 160.4 163.6 166.3 165.2 163.9 162.3 162.6 164.1 164.4 170.7 179.8 184.6 195.3 205.3 209.9 218.2 221.1 231.1 234 238.6 242.5 246.8 249 248.8 259.4 268.6 271.1 274.7 282.6 293.3 296 294 293.3 296.9 304.1 306.8 319.6 338.2 343.1 349.4 355.7 366.4 376.2 386.5 399 411.7 423.4
164.4 166.6 165.8 165.8 164.8 163.2 162.8 162.6 159.2 156.7 155.3 155.2 154.5 153 152 150.6 149.3 151.5 152.8 153 152.4 150.5 152.2 153.4 153.9 155.5 156.7 157.7 158.6 160.2 158.1 159.8 162.1 161.8 161.1 160 159.6 159.8 161.3 161.3 166.7 178 181.4 192.1 198.1 204.3 211.3 214.9 224.5 226.1 232.5 239.6 235.8 236 248.8 254.6 260.7 263.7 269.1 278 288.9 290.6 288.3 286.7 291.4 298.8 301.5 316.5 331.4 336.9 343.5 356.3 372 383.1 389.1 402.3 414.2 421.8
164.8 159.8 162.7 162.2 161.6 161.2 160.8 159.5 155.4 153.9 154.1 152.8 152 150.3 150 148.9 149.5 148.8 149.3 153 151.8 154 159.2 158.1 156.9 157.8 159.1 160.9 163 157.4 157.4 158.4 158.6 158.4 157.9 158.6 158.3 157.7 158.7 159.7 165.8 173.7 177.9 186.5 194.1 200.2 206.8 210.8 215.1 221.2 226 231.9 227.4 231.6 238.1 245.4 251.6 254.9 261.4 272.3 281.2 282.8 280.7 279.5 286.4 295 296.1 306 318.9 327.8 338.2 355.7 371.4 379 387.4 401.6 414.1 422.1
161.9 158.5 159.2 158.3 157.6 157.7 155.5 154.5 153.1 151.7 151.1 149.1 147.9 148.1 148.4 149.5 152.9 151.8 152.8 153.9 156.8 163.4 165.7 167.8 178.6 179.2 169.4 165.4 166 162.6 158.3 156.9 156 157.2 157.1 157.9 156.8 157.8 156.9 158.7 163.1 170.3 174.3 183.2 189.1 194.7 198.7 204.6 209.6 215.9 218.5 219.5 220.2 226.2 234.1 238.9 240.8 246.7 256.4 267.2 274.9 274.8 274.2 276.9 282 286.9 285 305.3 309.9 321.3 333.1 353.2 365.4 370.3 387.3 399.3 414.1 423.4
162.2 158.1 156.3 154.9 154.9 154.9 153.8 152.4 151.1 150.1 149.2 147.9 149.7 151.2 152.3 153.8 156.2 154.1 153.2 154.8 159.4 163 170.1 178.5 188.7 190.3 187.4 179.9 173.5 169.8 162.2 162.9 161.4 159.7 156.5 157.6 156.3 158 158.4 158.2 162 168.2 173.1 178.8 184.3 189.4 194.9 200.3 206.4 211.1 210.9 211.4 217.5 225.4 232 234.2 234.1 239.4 251.6 263.4 268 268.5 267.5 270 272.8 275 283.7 296.9 302.4 314.8 331.2 345 354 363.3 386.1 400.7 411.6 420.7
162.1 158.4 155.9 154.7 152.7 152.6 153.5 151.6 151.1 149.9 150.1 150.4 151.5 156.1 157.7 155.4 156.7 153.4 153 154.7 159.1 164.8 173.7 182.3 190.3 195 194 188 182.7 180.8 176.4 170 167.7 163.1 159.1 158 158.8 158.5 159.3 159.3 159.9 170 173.1 176.4 183.2 185.9 190.4 199.5 203.5 206.2 204.8 204.8 211.4 221 226.7 228 227.2 232.1 245.5 254.3 259 259.8 257.7 258.7 260.5 260.7 274.5 287.9 294.6 304.8 327.2 341.7 346.5 359.8 385 399.2 407.9 416.7
162.4 158.5 155.6 154.9 152.6 151.1 152.4 151 150.6 152.6 150.2 152.7 158.7 167.5 164.2 155.7 155.7 152.3 152.5 155.6 160.3 167.4 173.9 181.7 190.8 195.5 197.8 196.8 191.3 184.9 181.2 175.9 174.1 171.3 166.8 161 160.8 160.1 160.6 161.5 159.9 168.1 174.6 178 184.1 184.9 189.3 195.5 200.2 201.5 199.9 200.8 211.3 221.8 223 220.6 219.4 228.3 239.3 245.6 248 248.7 250 251 249.9 255 268.7 279.5 285.8 292.6 318.6 331.7 337.1 360.7 382.9 393.2 398.7 411
162.5 158.6 155.5 154.1 152.6 150.7 149.1 149 156.8 149.8 153.1 155.7 162.6 164.8 158 154.9 153.3 151.6 155.5 157.8 163.9 170.9 175.7 183.3 190.7 195.5 200 200.7 195.5 189.2 185 181.6 181 179.6 175.2 170 167.6 162.3 165 168 159.3 164.1 172.7 178.1 183.9 184.5 187.8 192.6 196.8 197 196.6 199.5 209.8 220.4 215.2 213.1 213.7 222.3 230.2 235.7 240 241.3 244.7 243.3 241.6 246.1 261.5 272.1 278.4 283.8 312.3 321.5 334 356.2 369.4 378.9 386.6 401.4
162.3 160 156.9 155.9 154.2 150.7 148.6 145.8 147.3 147.4 150.8 154.7 159.7 158 154.3 152.8 151.4 150.7 154.6 161.5 169.9 176.9 180.1 186.2 191.3 196.4 201.4 201.2 196 192.8 190.9 187.1 186.4 185 181.9 177.6 175.1 171.3 170.5 170.3 161.8 163.2 167.3 174.1 180.7 183.1 186.4 192.7 197.3 195.6 194.1 198.9 209.3 211.6 210.4 208.4 211.2 214.9 220.4 226.5 232.3 234 237.3 237.4 234.5 240.3 259.5 264.7 269 289.5 304.8 310.6 337.5 350.4 361.2 367.7 373.3 394.2
162.9 160.5 159.3 154.6 153.4 150.6 149 146.7 148.2 147.8 149.5 152.5 153.9 152.7 151.5 150.8 150.3 151.2 156.5 164 171.8 179.8 184.8 190.8 196.9 203.5 204.1 197.7 196.4 194.7 193.6 190.6 190.8 189.7 186.8 184.1 181.5 178.6 177.6 175.8 172.1 170.4 174.5 180.1 181.9 179.3 183.6 190 195.6 194.5 191.5 196.9 201.9 207.7 208.5 207.4 207.7 210.2 212.9 218.6 225.3 227.5 231.9 230.5 225.9 238 249.1 252.7 265.9 282.5 292.1 306.4 324 338.2 345.7 351.5 355.9 387.4
161.7 160.3 161.5 157 156.3 153.6 149.6 145.9 145.9 149 151.7 153.6 155.3 150.5 150 149.4 149.6 153.4 157.5 164.3 174.1 182 189.5 198.5 205.2 202 191.2 189.6 191.6 193.1 192.1 193.2 192.6 192.5 193.9 191.9 188.6 184.5 182.9 181.7 182 179.1 179.7 185.2 188.3 187.7 189.2 189.6 190.6 189.5 190.5 195 201.1 207.5 208.3 206.7 207.1 207.4 208.2 212.2 218.2 221.9 225.3 221.5 225.2 231.1 236.4 240.6 257.2 269 282 298.1 309.7 326.9 329.8 330.3 346.3 373.9
160.4 159.2 159 156.9 154.2 150.9 150 147.5 147.3 145.8 148 156.3 152.6 148.5 147.9 148.2 151.1 155.2 158.6 165.5 176.2 184.6 191.4 197.2 203.1 197.1 185.7 182 191.9 195.9 195.6 196.1 195.6 197.3 195.7 194.4 192 189 190.2 190.1 189.8 188.4 185.9 186.2 191.2 191 193.7 193.4 190.9 190.5 193.3 194.7 199.1 205.8 208.5 206 205.8 205.8 207.1 211.7 218.5 219.7 219.1 215.2 221.5 232 232.4 234.6 244 255.3 272.9 288 291.5 305.2 310.5 310.8 331.3 356.1
159 157.5 156.1 154.6 150.4 149.5 148.8 149.2 147.6 149.2 143.7 150.8 145.8 145.6 147.2 149.3 154.4 157 160.5 165.6 174.1 183.6 190 194.1 189.4 190.8 191.1 188.2 194.8 196.2 197 197.7 198.3 198.7 198.4 199.3 202 198.8 198.5 198.1 197.1 194.9 192.9 191.8 192.5 192.7 196.1 195.7 195.6 199.8 198.8 198.4 196.2 203.1 204.8 203.2 202.2 204.5 208 211.1 215 217.2 210.3 210.7 214.6 223 225.6 229.8 234.8 243.2 260.6 271.1 273.6 286.8 293.1 295.4 316.8 334.3
157.5 157.3 154.1 150.1 149 148.1 147.8 148.1 148 150.9 142.8 144.3 143.1 145.4 148.8 150.9 152.6 156 161.9 166.8 173.4 178.8 186.8 186.5 187.2 190.3 191.4 193.1 197.6 198.5 199 199.7 200.4 203.9 206.8 212.1 215.5 210.1 210.9 210.8 209.1 205.6 201.9 201.3 199.3 196.7 199.9 202.4 203 206.9 205.8 204.3 203.9 202.9 202.7 203.2 202.6 207.2 209.6 209.4 211.9 210 208.9 208.9 209.2 217.4 218.4 217.9 225.1 242.6 253.6 256.7 257.5 264.9 272.6 281.6 300.2 311.1
155.9 155.7 153.7 147.8 147.2 147.5 146.7 147.3 145.7 148.6 150.5 144.4 143.8 148.7 152.6 151 152.8 155.6 158.5 165.7 170.9 177.6 182.2 184.7 187.5 188.1 191.3 194.8 198.8 207.2 213.8 214.6 215.8 218.1 219.7 222.5 226.6 222.9 221.1 221.2 221.6 219.5 214.7 213.2 210.6 209 208.4 208.5 207 208.4 209.3 212.4 210.2 207.5 206.1 205.2 204.6 207.3 210.1 208.4 208.9 208.9 208.9 208.9 208.9 208.4 211.1 214.4 223.2 230.5 241 242.6 243 246.5 258.9 273.8 284.7 293.8
153.9 154.3 149 145.2 145.6 148 145.4 144.1 144.2 145.7 143.1 147.7 148.7 150.6 155.6 152.7 153 156.1 159.3 161.9 169.3 176.3 178.5 181.5 184.6 188.5 195.6 201.4 206.7 217.4 227 237.1 245.4 242.5 237.9 236.9 236.6 235.3 233.6 231.9 230.5 229.2 227.2 226.3 222 221.1 219.7 217.1 213.3 211.8 213.2 220.5 219.8 214.7 210.5 210 210.9 211.3 211.9 211.9 209.3 208.9 208.9 208.9 209.4 209.5 209.8 209.8 220.4 227.8 236.2 229.7 232.8 236.3 248.3 263 269.6 276.9
153.1 146.3 142.9 142 141.5 143.7 143.3 141.4 139.6 141.3 142.5 147.4 151.6 151.1 154.8 153.6 153.2 155.5 157.7 160.5 165.3 171.9 174.1 181.3 186.7 193.2 206.4 212.1 222 240.4 258.1 272 275 270.4 261.8 256.3 253.4 251.3 251.2 248.6 245.2 243.7 242.8 239 233.2 230.8 229.1 227.2 222.9 219 216.8 219.6 222.6 221.6 217.9 214.8 217.7 217.3 215.6 215.9 214.5 212 212.8 209.5 209.7 208.7 209.8 210.2 211.9 219.3 223.3 222.7 225.3 229.7 237.8 253.3 257.2 263.4
143 141.5 140.5 139.5 138.9 139.4 140.3 140.5 143.3 144 143.9 148.7 153.7 157.6 155.4 154.2 153.8 155.9 159 162.1 169.4 174.2 180.2 186.8 195.2 205.5 219 228.9 241.5 263.7 274.8 285.7 285.2 279.1 276.3 279.5 277.9 272.7 270.4 266.3 263.5 260.7 256.9 251.6 245.5 239.6 236.8 234.9 232.9 228.6 225.2 223.4 224 225.9 225.5 223.1 225 223.4 221.3 219.4 217.5 214.9 214.8 212.7 212 210 208.4 210 211.2 213.1 215.1 217.1 220.1 224.2 236.3 249.1 246.3 248.5
144.6 140.2 139.2 137.4 137.3 137.9 133.6 145.2 145.5 145.7 146.5 150.9 154.8 160.3 158.2 155.9 155.3 162.2 163.7 165.3 172.3 185.5 193 202 207.8 218.6 232.6 249.4 265.4 276.9 280 290 289.9 289.8 289.7 294.4 297.4 294.7 288.6 281.7 278.3 277.6 274.7 268.2 263.2 255.6 247.1 242.2 239.7 239.1 234.6 228.6 227.5 228.8 229.9 226.6 229.3 228 225.7 223.1 220.1 218.2 218.3 215.9 214.5 212.3 210.2 208.4 209.6 210 212.1 215.2 215.1 220.8 229.9 234.7 235.1 240.3
141.7 138.9 139.5 139.2 137.4 137.7 131.4 140.5 145.9 146.4 148.1 149.7 152.5 156.1 159.9 159.7 160.3 167.5 172 175.9 181.6 205.7 214.4 216.5 220.6 227.8 251.8 270.2 285.1 290.1 289.2 291.3 300.1 303.3 301.4 306 312.6 310.9 308.8 303.1 306.7 315.8 316 301.9 289.9 280.3 266.4 254.7 248.1 246.7 243.9 239.2 233.5 232.2 231 228.6 231.2 230.7 228.5 225.8 223.2 222.1 221.5 218.4 217.1 215 212 211.2 210.2 210 212.3 214.7 213.6 216.7 221.7 226.3 228.5 236.1
139.6 137.9 138.5 137.1 135.3 135.2 136.4 131 142.7 146.9 149.5 150.5 153.1 157.7 163.1 166.2 168.1 176.9 181.4 193.1 212 225.6 228.6 229.7 235.3 252.1 274.9 290.1 301 305 301.8 303.4 311.3 313.9 320.6 328.1 332.8 333.4 332.3 328.5 326.7 333 342.1 343 322.6 308.4 290.2 274.2 261.1 252.1 247.3 243.3 239.1 236.1 233.7 230.7 233.1 232.8 232.3 228.4 226 224.7 222.7 220.8 219.4 217.4 213.4 211.9 211 209.4 211.9 214.3 212.3 216 219.7 222.2 225.5 234.2
139.8 138.9 138 137.8 136.5 132.1 132.5 135.3 140.1 145.7 154.1 152.7 154.3 162.3 169.6 170.6 175.4 188 196 223 242.3 242.4 240.5 243.4 259.8 277.2 301.9 309.5 319.3 319.4 313.8 318.2 327 339.3 348.5 354 355.5 352.6 352.4 349.7 345.5 343.6 350.1 353.7 340 322.9 304.6 289.8 277.1 265.5 254.3 246.7 242.4 238.5 235.5 234.5 235.9 235.4 234.6 232.4 231 227.1 226.3 224 222.5 219.6 215.1 215.4 215.3 213.8 210.6 212.1 212.1 214.1 215.5 218.1 222 231.7
140.9 139.4 138.8 137.5 136.1 134.8 133.1 140.6 140.9 144.4 154.3 156.8 161.5 166.1 171 174.7 184.6 196.4 214.6 242.3 254.1 252.6 261.3 264.8 292 313.5 328.1 338 334.9 331.6 329.7 337.8 349.7 356.7 365.4 373.2 371.1 366.3 363.9 361.4 356.5 355.1 355 352.6 345.1 329.2 309.9 296.3 285.4 273.5 262.6 252.3 246 241 237.4 238.1 238.6 237.6 236.8 235.9 232.9 232.4 230.7 227.8 225.3 220.7 217.7 219 219 218.4 215.1 212.3 212 211.2 212.7 214.8 219.1 224.7
142.2 139.5 137.3 136.2 134.8 133.4 131.1 137.4 140.5 144.3 150.4 160.1 167.5 166.7 172.2 182.5 194 210.4 225.7 244.7 258.1 268.9 281 290.7 310.2 326.6 336.8 347.7 347.3 347.5 348.6 356.3 365.4 371.3 377.9 380 377.1 374 372.4 369.1 365.4 363.6 360.7 355.8 347.8 327.9 313 301.4 289.6 277.8 266.2 255.8 250.2 241.7 243.1 242.9 241.3 239.8 239.1 238.1 235.6 236.8 234.7 232.1 227.4 221 220.8 221.2 220.8 219.1 218.9 216.4 215.6 214.3 212.7 213 218.2 220.4
143.2 141.2 136.9 135 133.5 132 130.4 135.5 139.2 142 145.8 151.2 161.5 163.8 172 182.1 192.1 207.9 227.8 248.7 264.4 275 287.1 298.7 322.4 340.2 352.2 362.4 361.9 368.5 366.9 376.4 384 385.7 388 387.3 381.5 378.3 375 374 370.6 367 363.5 358.1 345.8 325.8 312.5 301.2 291.5 279.3 267.8 260.4 251.6 247.8 248.2 247.3 245.4 243.5 241 239.6 237.3 237.9 237.5 235 231.5 226.4 225.8 226.3 221.3 220.5 220.5 218.8 217.9 216 214.1 212.6 212.2 214.8
