data/220000-920000.asc
ncols 200
nrows 200
xllcorner 220000
yllcorner 920000
cellsize 50
[rows 70 to 104 of 200, columns 0 to 79 of 200]
120.5 117.8 119.6 120 120.3 123.7 128.8 128.2 124.5 125.3 136.6 147.7 166.2 174.2 179.7 183.8 196 220.2 252.5 291.4 313.4 327.3 330.4 333.1 334.9 335.8 334.1 331.7 328.1 323.4 319.6 316.6 313.5 313.8 315.2 315.4 314.1 322.3 326.5 331.7 331.1 332.5 330.3 331 324.8 318.9 312.2 306.7 299.1 290.9 282.6 276 269.5 264.8 256.8 245.8 237.8 232.9 227 234.1 237.8 241.2 243.8 247.2 250.9 263.1 280.7 288.6 290.4 286.1 281.5 279.4 279 282.7 285.2 288.2 292.7 296.9 303.9 310.4
113.4 110.5 115.2 117.5 118.1 117.7 119.7 124.7 123 118.3 122.3 133.4 152.4 167.8 176 181.7 186.1 205.9 239 276.5 298 312.1 317.9 323.8 324 322.8 320.8 320.7 319 318.9 316.1 313.2 311.6 310.9 310.3 308.7 310.1 310.4 309.6 309.1 308.3 317.4 321.3 324 318.6 312.5 307 300.1 293.2 285.1 275 266.5 260.6 254.3 249.9 241.5 234.2 230.1 227.7 234.4 238.2 241 243.6 246.9 252.4 270.9 282.2 294.1 295.8 290 281.5 279.1 278.1 280.6 283.4 286 290.2 294.7 300.3 306.1
107.5 111.2 111.3 114.8 115.3 114.7 113.7 113.9 113.6 114.6 112.1 123.3 141.4 157.7 173.4 180.4 184 193.5 228.8 265.1 280.7 299.4 307 310.7 314.1 308.2 306.6 305.2 304.5 301.7 300.6 305.4 309.3 311.4 310.7 305.4 308.4 303.5 299.8 292.4 289.2 288.7 304.6 315.1 313.1 308.4 302.9 296.5 288.2 279 269.4 260.6 251.9 246.6 242.2 237.3 230.2 225 228.3 232.9 237.1 240.2 242.7 245.4 255.5 277.1 287.4 294.7 292.5 290 282.8 279.1 276.9 278.2 280.6 282.9 286.7 290.4 295 300.5
104.5 107.9 109 110.1 111.2 106.9 108.5 107 103.1 102.9 110 111.4 123.5 137.6 163.1 176.7 179.9 185.7 209.6 253.2 272.2 278.8 289.1 287.5 288 285.7 286.4 285.9 284 281.5 279.6 285.6 296.1 300.4 301.9 299.5 303.1 296.5 290.1 285.5 282.2 281 283.2 300 303 300.4 296.7 292.7 283.9 273.6 263.1 256.1 248.6 238.3 233.6 228.7 224.3 219.8 226.8 229.6 234.6 238.1 240.4 243.2 256.7 279.8 288 290.7 292.9 285.2 282 278.6 276.1 275.3 277 279.3 282.3 285.4 289.5 294.8
101.7 102.5 102.3 104.3 103.8 99.4 106.2 105 102 101.1 112.8 110.7 111.7 125.9 142.6 166.8 176.1 179.7 193.6 235.6 255 262.4 265.1 264.5 265.9 269.3 267.8 266.6 262.6 261.2 262.8 268.7 275.6 283.5 287.9 287.5 287.3 286.9 281.8 276.1 277 275.3 277.3 298 298.2 294.2 290.6 285.6 275.9 267 260.3 253.3 244.1 234 226.2 221.3 217.6 213.1 220.8 224.1 230.9 235 237.2 239.8 258.2 278.3 285.9 286.9 287.4 286.9 281.9 278.8 277.1 272.6 272.7 273.8 276.8 280.1 283.8 288.2
93.8 95.9 91.5 98.5 97.1 92.2 98 102.3 99.8 97.6 112.1 113.5 113.9 114 128.1 154.2 171 175.5 181.3 216.8 231.9 236 243.2 249.1 247.7 248.3 250.1 253.4 250 249.9 251.5 254.3 261.5 265.5 268.6 269.9 270.8 270.7 272.8 268.9 268.7 269.3 273.3 296.2 296.9 292.7 286.2 278.6 269.9 261.2 255.2 248.9 239.7 230.2 222.4 217.2 212.7 210.7 213.7 218 224.8 229.2 230.9 236.1 253.3 275.9 284.5 284.4 287.5 282.6 279.1 277.5 274.7 270.6 267.7 269.8 272.7 275.9 278.8 282.4
79.6 81.7 85 90.1 89 89.1 93 96.7 95.7 99.1 109.7 115.2 120.1 109.9 120.5 136.2 162.8 169.2 174.9 194.6 216.9 220.9 225.9 225.6 222.9 222.3 228.8 233.7 232.7 234 235.2 238.3 244.5 246.8 248.2 249.2 250.6 251.5 251.7 251.7 254.6 254.1 259.5 283.5 290.4 286.9 281 272.6 262.9 254 248.3 242.6 234.9 225 217.9 213.4 209.9 207.4 209.1 210.6 218.6 222.5 224.4 227.3 241.3 266 277.8 282.8 280.3 278.3 273.6 273.5 272.6 268 263.6 266.4 268.9 272.2 275.2 278.2
77.4 76.4 79.7 82.2 83.1 84.4 84.8 83.4 90.5 94.2 101.6 106.8 114.5 109.4 113.8 126.4 146.7 156.7 163.4 175.6 196.8 203.4 209.9 209.5 209.9 208.8 212.4 216.7 216 215.2 219.7 219.3 223.7 225.6 225.3 229.3 229.4 228.3 229.6 232 238 241 246.5 263.3 272.1 272.7 269.5 262.4 254.5 246.1 241.5 235.1 227.1 219.9 212.8 207.5 205.7 203.9 204.1 205.8 210.7 215.3 218.3 218.7 223.4 246.7 263.6 273.4 274.8 270.5 270.5 269.8 268.6 266.8 262 261.2 265.6 268.5 271 273.5
73 73.2 73.9 76.4 76.7 79.9 83.2 79.1 85.4 89.1 93 98.6 101.7 104.4 103.9 116.2 131.4 141.5 153.7 160.3 168.8 176.4 180.6 186.7 199.7 201.5 200 201.3 202.9 204.5 205.8 206.4 213.5 214 215.1 217.9 219 219.8 221 224.2 228 233.5 238.9 242.5 250.7 255.4 263 257.7 249.5 239.5 232.5 227.5 221.9 215.4 209.9 203 200.1 198 195.4 199.9 203.4 207.6 211.6 211 209.2 219.9 236.1 249.2 263.1 262.9 265.5 264.4 263.6 264.1 260.4 256 260.7 263.3 265.8 268.6
67.9 65.4 65.4 70 71.5 74.6 76.1 77.8 84.1 86.2 85.2 85.8 94.2 97.5 100.3 101.5 117.3 128.7 132.8 144.7 156.7 161.8 165.2 167.7 185.1 192.6 191 197.2 200.2 203.4 206.6 207.9 212.2 213.3 214.4 216.4 218.3 218.2 219.5 221.4 221.6 224.3 228.4 238.5 242.1 246.9 254 255.6 249.6 247.9 243.5 234.9 225.7 218.7 210.2 201.8 195 193.8 189.6 191 196.7 200.5 205.4 205.7 201.8 203.5 210.1 227.6 245.1 254 258.2 260.8 256.9 259.4 258.2 251.5 254.2 257.5 260.6 264.5
66.2 65.4 65.4 66.1 67.7 68.7 68.7 72.5 74.4 76.3 80.7 82.7 81.9 90 94.8 96.5 107.1 110.5 119.9 132.9 138.3 145.3 156.3 162.2 169.4 175.3 186.6 192.1 199.5 203.4 206.2 208.7 211.4 210.2 208.9 208.9 208.9 211.3 212.7 213.5 214.2 214.6 216.4 224.5 235.3 239.7 245.7 248.5 247 247.6 240.4 232.5 225.9 217.4 209.3 203.7 195.7 191.4 187.9 185.6 190.2 194.5 199.4 200.3 195.5 194.8 199.3 214.4 231.1 243.6 252.3 252.7 251.6 253.8 253.1 251.2 248.7 253.8 257.4 260
65.4 65.4 65.4 65.4 65.4 70.2 69.2 70.3 71 71.7 74.9 76.1 78.7 80.8 83.9 89.8 94.7 97.9 104 118.2 128.8 133.3 140.6 144.6 149.2 163.9 176.5 181.5 190.7 197.4 201.3 204.4 207.2 209 210.8 209.5 209.6 208.8 208.9 208.4 210.2 208.4 210.4 236.4 237.9 233.6 234.9 237.1 241.2 243.4 238.2 229.1 221.8 215.1 207 198.4 194.9 189.8 187.5 181.7 184.5 189.5 192.6 195.5 192.7 187.2 193.6 207.1 216.9 230.9 245.7 243.4 245.9 247.8 247.4 244.3 247.5 251.8 254.3 255.2
65.4 65.4 65.4 65.4 65.4 67.7 69.2 71.3 74.3 72.1 72.4 71.6 74.2 73.5 82.3 86.7 85 88.4 97.6 106.4 116.3 128.5 137.6 136.2 141.6 156.5 164.9 172.2 179.4 184 189.9 192 195.5 199.8 202.2 203.8 205.9 206.8 206.1 204.8 206.6 207.5 221.8 238.7 235.3 230.6 231.2 234.5 238.2 236.8 234.8 228.7 221.2 212.8 206 200.2 193.9 189.7 186.7 183 179.6 182.3 186 189.3 189.1 182.4 185.6 192.5 200 213.4 230 236.6 241.3 242.8 240.6 237.4 245.4 248.2 250.3 251.7
65.4 65.4 68.2 67.6 66.1 70.8 69.4 67.3 71.5 71.7 69.4 69.4 71.3 73.2 75.6 78.3 88.9 96.1 103.4 107.4 108.5 116.2 130.5 135.5 138.8 154.2 160.1 165.3 171.3 178 181.4 184 186.8 189.3 191.3 196.3 200.4 200.6 200.9 201.7 203 206.1 229.9 241.8 246.3 234 237.4 243.3 239.3 234.3 230.5 225.7 217.8 209.9 201.9 193.4 190.6 186.4 182.1 181 176.1 176.3 179.7 182.2 183.5 180.4 178.1 180.9 183.4 202.6 217.1 227.5 232.8 235.3 232.6 236.7 241.2 245.3 248.8 250.3
65.4 69.1 71.1 68.9 68.3 70.1 79.2 75.6 67.5 69.4 68.6 73.6 70.2 71.8 74.2 80 90.1 94.3 104 107.6 107.7 109.6 107.9 110.3 124.4 137.6 147.8 156.7 162.2 169.2 179.5 182.9 184.7 187.6 187.9 186.7 187 190.6 194.2 197.3 201.7 209.1 235.4 246.6 245.5 237.1 244.7 246.6 240.4 236.1 226.9 218.4 212.8 205.8 199 191.8 188.5 182.9 176.8 172.9 174.8 170.7 172 176.5 176.2 176 172.7 173.7 176.7 194.3 211.5 222.5 226.8 226.8 229.9 235 239 245 248.2 248.9
68.2 71.3 71 67.7 65.4 65.4 76.6 79.9 74.7 70.8 68 69 72.3 72.3 74.2 79.1 90.2 92.2 93.7 104.5 110.7 111.3 109.7 109.7 109.6 117.2 126.2 130.1 139.4 152.7 169.9 178.2 183 184.5 184.8 183.5 180.6 183.2 186.2 189.9 197.7 205.6 214.9 229.8 239.7 240.3 251.4 256 250.9 240.5 228.1 214 208.3 200.3 193.1 187 180.7 176.1 169.4 168.8 164.9 165 167.5 170.9 172.7 171.5 168.6 168.7 171.1 190.9 202.7 214.1 216.5 225.4 229.5 231.6 234.3 243.4 246.3 246.7
73.5 76.6 75 70.6 65.4 65.4 75.9 80.3 76.5 72.6 70.1 69.9 71.4 72.6 75.2 77.9 87.3 89.3 84.6 89.8 111.1 115.8 115.8 116.3 115.6 116.9 117.6 126.2 133.9 144.5 147.6 164.5 171.8 174.7 177.6 175 178.9 182.9 182.9 184.5 186.7 186.3 190.4 202.3 215.9 228.9 240.2 248.9 248 239.8 224.8 214.1 204.5 192.5 183.2 180.7 173.9 165.9 160.8 158.3 158.1 156.4 160.7 165.8 166.5 166.2 163.9 162.5 163.7 179.3 196.7 203.2 209.6 220.7 228 226.5 228.1 236.5 243.5 243.3
73.2 74.4 68.7 65.4 65.4 66.3 79.2 81.2 79.5 75.7 71.8 74.2 78 78.2 77.7 79 82.1 82.6 77.3 86.4 116.8 121 122.5 121.2 118.8 120.5 124 136.8 140.8 141.2 148.1 152.4 158.1 161.8 165.8 166.5 169.8 174.3 175.7 176.7 178.4 175 179.6 185 191.5 204.5 214.8 229.1 230.5 229.3 218.8 208.6 198.7 189.9 180 172.4 168.2 161.4 155.5 150.6 150.8 152.6 155.3 159.9 160.9 160.3 157.5 153.9 155.5 176.9 193.1 205.2 212.6 216.3 221.9 221.8 222.6 230 238.7 238.1
65.4 65.4 65.4 65.4 65.4 65.4 75.4 80.3 77.7 76.9 78.8 81.8 80.5 79.5 79.4 78.7 78.1 76.2 78.4 85.6 109.4 119.7 123.1 124.6 123.8 122.8 124.8 137.9 143.4 145.2 150.9 153.5 155.8 157.1 160 163.7 164.5 164.1 166 165.5 165.6 164.1 169.2 174.7 178.6 181.7 188.8 194.9 204.8 207.1 207.9 204.5 195.9 186.2 176.3 168.3 161.7 154.7 151.5 147.1 146.3 146.8 150.9 154.5 155.5 154.9 151.7 145.8 154.5 175.2 192 202.6 212.3 214.7 213 213.3 218.3 223.1 230.5 235.2
65.4 65.4 65.4 65.4 65.4 65.4 70.8 79.8 72.7 74.1 80.1 82.9 81.7 80.3 80.1 81.4 79.3 76.8 77.6 79.3 93.2 107.9 116.2 126 128.8 128.2 128.6 135.2 142.9 150.9 150.9 152 154.2 157.9 160.6 157.4 157.4 157.4 157.4 157.4 157.4 157.4 163.2 165.2 167.6 168.8 172.2 177 182.2 187.9 185.9 186.6 186.4 182.1 172.8 164.6 159.8 151.8 144.8 142.2 140.8 140.8 144.5 148.2 149.3 149.4 146.2 143.4 157.1 178.3 190.3 200.5 206.9 208 206.4 209.7 213.4 216.5 220 228.4
65.4 65.4 65.4 65.4 65.4 65.4 65.4 65.8 69.6 75.1 79.2 79.3 80.3 81.2 80.8 81.8 80.3 76.7 75.5 74.8 76.6 86.7 103.7 120.3 128.6 129.8 129.7 129.3 133.2 146 149.6 150 152.9 158.3 160.7 161.5 157.4 157.4 160.9 166.6 159.3 162.2 164.3 164.4 163.7 162.6 162.4 159.2 160.8 164.3 166.4 168 169.4 169.7 170.9 163.1 153.8 150.3 142.7 135.4 134.2 132.4 137.9 138.7 141.6 142.6 144.4 138.3 156.6 178.1 192.2 198.3 199.1 203.1 200.1 203.6 207.7 213.1 214.3 216.9
65.4 65.4 65.4 65.4 65.4 65.4 65.4 65.4 66.5 76.7 81.8 80.2 80.6 80.7 80.6 80.8 74.6 73.2 74.7 74.7 74.5 77.7 83.6 109.2 118.5 123.8 127.8 127 126.6 131.6 141.2 146.5 150.9 156.5 160.1 162.9 166 177.1 182.2 178.8 176 168.3 165.7 165.8 164.6 164.2 164.3 161.1 154.9 150.8 148.5 146 146.3 150.4 149.5 150 150.2 142.6 137.6 134.1 129.8 126.2 127.6 131.3 134.5 133.9 130 135.4 154.3 172.9 188.4 194.8 197.7 197.1 197 199.2 202.3 206.6 206.2 208.1
65.4 65.4 65.4 65.4 65.4 65.4 65.4 65.4 68.2 73.4 77.5 80.3 81.9 81.6 78.5 71 65.6 69.3 74.1 74.8 74 75.5 78.4 86.7 106.3 115.9 123.7 125.4 124.9 124.4 130.8 141.3 149.5 155 158.7 161.5 163.3 172.2 182.7 181.3 178.8 174.7 172.4 171.3 170 170.5 171.1 166.9 160.1 155.3 147.5 142.2 134.9 133.2 133.1 132 131.5 132.2 134.5 133.1 127.9 124.5 118.6 124.6 128 124.4 121.3 136.5 152.1 168.4 181.9 190.4 189 190 191.5 194.6 196.6 199.2 200 198.1
65.4 65.4 65.4 65.4 65.4 65.4 65.4 65.4 65.4 65.4 70.3 77.3 87.3 83.3 65.4 65.4 65.4 66.2 73 73.9 72.8 75.4 76.4 80 85.8 100.4 119.6 124.3 123 119.9 125.4 136.6 146.6 152.5 156.6 159.3 159.9 162.3 171.5 180.4 179.3 179 177.5 175.8 173.9 174.1 174.5 168 159.8 152.8 146.2 138.4 130.7 124.3 123.4 122.5 120 123.7 126.4 129.7 129.7 124.2 121.1 116.1 119.6 122.2 119 132.8 149.2 162.6 173.8 180.1 182 180.3 187.8 191.5 192.6 193 192.3 189
65.4 65.4 65.4 65.4 65.4 65.4 65.4 65.4 65.4 65.4 65.4 73.7 82.6 79.3 66 65.4 65.4 65.4 70.3 72.9 71.6 74.6 75.2 76.5 79.8 86.3 105.2 114.8 118.6 114.8 116.2 124.2 136.2 146.8 150.2 153.6 153.2 156.3 161.6 167.9 176.5 178.9 177.6 175.8 175.5 174.3 174.6 167.6 158.8 151.4 145.7 136.3 130.5 120.1 116.2 117.1 113 115.4 113 117.3 117.9 118.4 118.3 116.1 114.1 119.1 116.3 128.6 141.9 155.5 164.6 171.3 173.3 174.5 179.5 184.4 187.8 188.8 188.6 186.6
65.4 65.4 65.4 65.4 65.4 65.4 65.4 65.4 65.4 65.4 65.4 70.2 81.7 69.6 65.4 65.4 65.4 65.4 68.1 67.9 70.5 72.7 73.3 73.4 77.1 79.9 88.5 103.9 104.3 100.7 107.1 107.1 119.3 130 136.6 142.7 141.7 146.4 153.7 159.1 163.3 166.3 168.2 174.3 166.5 167.1 165.9 164.3 159.3 151.2 146.3 140.9 134.6 121.8 115.6 113.5 113 113 113 113.5 113 115.5 117.2 115.6 113.6 112.9 115.9 123.7 127.5 141.3 151.8 158.1 164.6 167.4 172.9 179 181.8 183.6 183.3 183
65.4 65.4 65.4 65.4 65.4 65.4 65.4 65.4 65.4 65.4 65.4 65.4 66.2 65.4 65.4 65.4 65.4 65.4 65.4 65.4 65.4 65.8 69.8 73.2 75.5 76.3 76.5 81.1 82.9 88.2 87.5 83.1 94.7 107.4 114 122.6 130.1 138.6 143.9 147.4 152.1 155.5 156.7 156.1 157.9 158.6 156.7 156.8 155.3 149.8 144.2 142.3 133.6 123.3 117.6 113 113 113 113 113 118.9 120.9 116.3 115.1 109.9 111.2 118.5 121.4 123.5 125 134.8 142.3 152.3 157.7 166.7 168.8 173.5 174.9 176.7 176.1
65.4 65.4 65.4 65.4 65.4 65.4 65.4 65.4 65.4 65.4 65.4 65.4 65.4 65.4 65.4 65.4 65.4 65.4 65.4 65.4 65.4 65.4 65.4 68 70.8 74.4 72.1 70.7 73.4 71 67.6 69.3 71 93 102.6 111.1 118.4 124.7 127.7 132.9 140 146.4 148.4 147.7 143.1 143.1 143.8 143.4 144.8 144.8 144.2 142.3 131.5 122.8 114.9 113 116.3 113 113 115.2 122.1 126.2 119.4 114.2 109.1 110.6 117.6 120 121.4 121.1 123.9 128.7 135.5 145.1 151.4 156.1 159.7 165.4 167 168.5
65.4 65.4 65.4 65.4 65.4 65.4 65.4 65.4 65.4 65.4 65.4 65.4 65.4 65.4 65.4 65.4 65.4 65.4 65.4 65.4 67.3 72.6 69 65.4 68.7 65.6 65.4 67.7 68.7 69 65.4 65.4 65.4 67.8 78.9 89.7 104.7 111.3 111 117.9 121.8 131.1 132.3 127.7 131.5 133.1 133.1 133.9 135.3 134.8 133.2 130 125.8 119.7 119.6 114.2 117.7 114.8 113 121.1 125.8 127.3 117.8 110.8 107.1 104.1 112.9 115.6 116.3 115.8 116.1 117.4 122.3 130 137.5 145.3 149.1 154.4 156.7 159.9
65.4 65.4 65.4 65.4 65.4 65.4 65.4 65.4 65.4 65.4 65.4 65.4 65.4 65.4 65.4 65.4 65.4 65.4 65.4 65.4 65.4 65.4 65.4 65.4 65.7 65.4 65.4 65.4 65.4 65.4 65.4 65.4 65.4 65.4 66 69.4 78.9 97.4 102.1 105.7 106 106.6 108.8 116.4 117.7 119.5 123.2 123.8 124.7 123.2 121.8 121 118.2 113.6 113.4 111.7 115.9 120.1 121.8 127.6 130.7 128.6 124.1 112.1 106 102.9 105 108.1 111.3 112.4 112.5 113.4 118.1 124.9 131.2 135.3 142 146.6 149 151.8
65.4 65.4 65.4 65.4 65.4 65.4 65.4 65.4 65.4 65.4 65.4 65.4 65.4 65.4 65.4 65.4 65.4 65.4 65.4 65.4 65.4 65.4 65.4 65.4 65.8 65.4 65.4 65.4 65.4 65.4 65.4 65.4 65.4 65.4 65.4 65.4 66.4 71 82.3 94.6 91.8 90.2 95 100.5 101.8 101.6 104.3 106.6 112.4 112.2 112.3 110.2 108.1 106.8 104.1 114.5 119.5 129.6 134.8 139.3 135.9 128.8 124.9 118.8 108.8 101.6 101.5 102.4 102.8 108.4 111.3 112.9 120.9 128.7 131.3 132.7 136.2 141.1 142 143.9
65.4 65.4 65.4 65.4 65.4 65.4 65.4 65.4 65.4 65.4 65.4 65.4 65.4 65.4 65.4 65.4 65.4 65.4 65.4 65.4 65.4 65.4 65.4 65.4 65.4 65.4 65.4 65.4 65.4 65.4 65.4 65.4 65.4 65.4 65.4 65.4 65.4 65.4 65.4 71.3 78.2 81.3 81.8 84 84.6 87.2 88.1 92 101.2 104 104.8 104 101.1 99.3 96.3 102.5 111.5 128 134.6 144.8 138.6 128.1 120.1 114.5 106.8 101.9 98 100.5 102.5 108.9 113.5 116.8 132.1 133.8 134.8 135.2 136.3 137.6 138.2 138.6
65.4 65.4 65.4 65.4 65.4 65.4 65.4 65.4 65.4 65.4 65.4 65.4 65.4 65.4 65.4 65.4 65.4 65.4 65.4 65.4 65.4 65.4 65.4 65.4 65.4 65.4 65.4 65.4 65.4 65.4 65.4 65.4 65.4 65.4 65.4 65.4 65.4 65.4 65.4 65.4 65.4 65.4 65.4 65.4 73.4 79.5 80.2 82.5 88.3 96.1 97.7 97.1 93.9 91.4 87.3 86.3 96.7 112.6 122.8 139.6 138.5 130.1 121.7 109.9 105.5 101.7 101.4 103.9 106.5 113.3 116.1 122.3 135 134.2 134.8 136.6 139.2 137.4 136.7 137
65.4 65.4 65.4 65.4 65.4 65.4 65.4 65.4 65.4 65.4 65.4 65.4 65.4 65.4 65.4 65.4 65.4 65.4 65.4 65.4 65.4 65.4 65.4 65.4 65.4 65.4 65.4 65.4 65.4 65.4 65.4 65.4 65.4 65.4 65.4 65.4 65.4 65.4 65.4 65.4 65.4 65.4 65.4 65.4 65.4 68.5 73.2 77.1 80.4 86.6 90.4 91.3 89.3 86.8 83.6 80 76.6 91.7 104.5 133.3 135.2 127 118.8 110.9 102.6 99 93.9 101 104.1 110.1 111.1 122.1 132.8 130.7 132.9 136.7 142.4 147.5 146.5 140.1
65.4 65.4 65.4 65.4 65.4 65.4 65.4 65.4 65.4 65.4 65.4 65.4 65.4 65.4 65.4 65.4 65.4 65.4 65.4 65.4 65.4 65.4 65.4 65.4 65.4 65.4 65.4 65.4 65.4 65.4 65.4 65.4 65.4 65.4 65.4 65.4 65.4 65.4 65.4 65.4 65.4 65.4 65.4 65.4 65.4 65.4 65.4 72.2 73.9 77.6 84.6 86.6 85.4 82.2 79.5 76.8 72.9 72.7 89 115.4 127.7 123.5 115 106 99.7 94.5 89.4 93.1 96.3 101.5 104.1 110.2 120.6 120.3 126.3 129.6 139.2 151.3 142.3 135.4
