data/220000-760000.asc
ncols 200
nrows 200
xllcorner 220000
yllcorner 760000
cellsize 50
[rows 140 to 174 of 200, columns 78 to 155 of 200]
440.6 440.5 444.8 452.9 460 468.7 484.5 493.6 507.4 510.7 516 529 533.1 540.2 547 553.8 558.3 561.6 569.4 570.4 567.2 568 568.8 575.4 574.2 569.9 566.2 569.3 574.6 583.3 588.9 590 590.4 587.6 592 604.8 610.1 615.4 620.1 621.3 620.8 625.2 627.1 614.4 593.6 566.2 542.4 514.6 493.9 481.8 467.9 459.6 454.5 426.5 414.3 407.9 402.8 398.2 395.4 391.9 395.5 398 401.8 404.7 408.7 412.6 416.5 418.3 424.7 432 435.8 438.5 440 440.1 438.7 437.8 438.1 437.7
432 438.6 445.6 451.7 459.6 474.9 484.8 494.8 503.4 511.7 518.4 530.8 532.6 539.9 550.6 554.7 558.8 560.7 568.6 570.2 566.3 567.1 568.9 567.7 565.9 561.2 561 564.6 570.2 579.9 582.6 583.4 582.2 581.8 591.7 600.3 607.6 616 620.5 619.6 617.6 618.6 617.3 612.1 593 562.9 535.1 508.9 488.9 470.9 459.3 444 439.6 419.5 411.1 404.4 398.7 394.5 391.6 389.8 392.6 397.7 400.3 401.3 405.4 410.2 413.2 415.8 422.8 429.5 431.3 434.3 434.6 432.4 429.5 428.2 426.6 422.6
429.5 437 444.4 451 464.2 479.5 486.4 493.7 504.5 512.4 518.3 530.1 533 543.4 551.1 555.6 558.9 561.4 568.7 570.3 565.8 566.6 570.3 562.8 555.8 551.9 555.9 559.5 564.5 570.9 575 576.6 579.4 590 592.1 599.7 605.8 613.4 616.1 615.9 614.2 612.8 610.9 609.1 590.2 563.6 530.9 510.1 485.2 465.4 448.1 432.5 420.2 411 409.4 400.7 395 391.1 390.3 388.3 388.7 392.1 395.2 396.4 400 405.8 410.3 412.3 417.9 423.8 426.7 429.7 429.5 426 422.5 418.7 416.5 413.2
425.6 436.3 445.5 455 468.4 479.2 488.5 496.1 503.5 510.8 521.7 530.6 536.9 543.5 550.7 555.2 558.9 566.5 570.4 570.4 566.2 565.8 570.7 556.5 544.7 547.9 550.3 552.2 557.2 562 567 570.4 576.5 586.5 591.4 598.8 604.2 609.2 612.2 611.2 610.4 610.5 614.1 609 591.9 571.6 543.3 510.9 486.4 464.3 447.3 433.4 420.7 410.6 401.3 395.2 390.7 389 388.2 385.7 385.4 388.9 390.7 393.2 396.8 400.8 404.4 407.1 411.3 417.1 419.2 421.9 422.6 418.5 414.5 409.8 405.3 404.4
427.6 437 446.2 457.4 467.6 479.4 486.8 495 503.1 512.4 530.8 529.5 540 542.3 554 560.1 566 572.3 570.5 569 563 561.1 560.3 547.2 538.8 542.6 542.3 547.8 553.5 555.4 562.8 570 570.8 582.1 590.8 591.6 597.8 600.4 600.4 598 606.6 613.3 610.3 590.1 574.4 563.5 540.6 512.1 484.1 460.4 443.8 431.6 420 409.4 401.1 392.4 387 383.5 380.4 380.3 382.6 385.5 388.5 389.9 391.9 397.2 400.7 404.2 407.6 410.7 412.4 414.1 416 410.8 409.8 403.7 400.4 398.4
427.7 436.3 446.7 459.7 465.7 475 483.8 492.2 499.5 508.7 530.1 529.8 533.1 540.5 557.7 559.7 568.3 571.5 571.6 568.1 561.4 555.4 549 539.5 533 533.9 536.9 541.7 547 548.7 557 565.4 568.8 578.6 581.2 585.2 589.4 589.9 588 594.1 600.5 603.3 588.4 570.6 556 550.3 529.2 509.9 477 456.3 440.7 426.6 417.2 407.8 398.4 392.2 388 384.1 380.5 379 382.2 384.4 385.3 386.4 389.1 392 397.5 401.6 402.8 404.1 406.3 406.5 407.5 409.1 403 398 395.9 394.3
425.6 437.1 447.6 453.5 464.1 473.8 479.4 487.7 497.9 510.8 522.2 527.4 532.4 542.5 560.6 560.5 560.7 568.6 570.8 566.6 557.8 544.7 537.5 532 528.6 529.6 531.2 534 536.9 542.9 551.2 558.8 562.4 568.5 573.5 573.9 575 576.2 575.2 574.9 576 577.1 567.2 552.2 536.3 515.3 507.4 492.9 469.3 451.6 436.9 422.5 413.5 405 396.3 390 387.5 382.9 377.2 378 380.3 381.4 382.1 382.8 386.3 389.2 392.6 395.5 398 399.3 399.6 400.7 400 397.1 395.9 392.7 390.4 389.7
423.1 433.8 440.8 452.6 463.4 471.2 477 486.5 496.8 512.5 519.2 525.7 532.2 545 559.8 559.4 559.8 570.3 571.3 561.6 548.7 537.1 531.9 525.3 521.1 518.5 523.2 526.1 530.6 535.6 543.8 549.7 553 552.1 558.6 557.9 561 565.1 561.1 557.8 553.4 554.1 538.5 524.1 513 495.8 483.1 472.3 458.8 444.7 431.4 418.3 408.9 401.2 394.3 388.3 384.8 381 376.3 373.7 376.2 377.1 377.3 378 381.8 385.4 388.4 391.2 393.6 395.1 395.5 395.8 393.9 391.4 390.4 387.4 382.7 380.1
417.8 426.8 439.8 451 457.9 467.8 474.7 485 503.9 517.4 522.5 528.4 532.8 541.6 554.6 559.6 558.7 561.4 561.4 557.6 538.9 531.3 524.6 518.7 516.9 513.1 510.5 519.6 522.3 526.3 535.1 540.3 540.6 537.6 539 537.5 540.6 547.1 548.2 542.7 532.4 519.4 506.9 500.6 487.8 475.4 465.8 452.8 443.6 432.5 423.4 413.4 405.5 399.1 390.7 386.3 383.3 379.9 378.5 373.1 371.9 373.7 373 374.1 377.7 381.4 384.8 387.7 389.3 391.1 391.7 390 387.6 385.7 384.9 381.3 378.2 375.6
413.5 424.3 438.7 444.8 456.6 465.2 476.2 487.2 511.6 520 523 530.9 536.3 543.7 551.6 552.8 558.7 569.4 564.4 552.2 539.4 526.8 516.4 512.3 512 510.8 509.1 509.8 512.3 518 524.5 527.8 523.9 526.4 525.7 522.7 523.5 525.5 522.1 514.6 506.2 495.1 484.7 478.4 464.5 457.4 449 441.3 430.5 422.2 416.1 407.6 400.7 393.9 388.9 384.4 381.3 379.7 377.6 373.8 370.8 371.1 371.5 374 376.7 377.5 380.6 384.8 388.1 390.3 389.4 387.1 384.2 380.3 380.2 377.8 372.5 369.8
411.1 421.8 429.5 440.9 453.7 465.7 480.5 495.7 515.9 519.9 521.4 528.8 535 546.4 550.6 553.1 561.5 562.1 556.1 545 536.3 522.4 511.1 508.8 508.4 504.7 501.4 500.5 506.5 517 516.5 514.5 517.2 521 518.4 513.1 506.1 500 499.8 493.5 485 474.7 462.8 456 448.7 443.2 437.9 429.7 421.1 415.7 409.9 402.9 398 388.8 384.9 381.4 379.7 379.5 375.9 372.2 369.7 369.2 370.9 374.1 376.9 379.1 378 381.5 384.9 385.4 385 384.2 382.1 380.1 375.1 370.8 368 364.7
410.1 417.8 428.5 439.8 453.1 468.3 478.4 503 508.4 509.9 514.8 520.2 541.8 547.1 550.9 558.9 561.3 560.6 552.9 543.4 530.3 516.8 509.2 503.9 500.2 496.3 492.4 493.6 500.5 508.9 505.8 506.9 508.2 510.4 507.5 502 495.7 485.6 481.8 474.5 467.4 458.6 447.7 439.9 435.9 432.3 429.7 421.5 416.5 409.4 403.5 395.9 389.2 386.6 380.5 379.3 379.4 377.5 374.2 370.9 369 367.7 370.5 374 376.2 377.4 375.6 378.9 380.4 379.2 380 380.5 378.7 371.7 368.2 365.4 362.6 362
403 413.7 424.3 440 454.7 461.8 489.4 495.8 499.7 504.3 510.2 522.2 537.8 545.6 553.2 559.1 561.3 558.8 547.3 538.8 521.8 513.5 506.4 501.1 493.8 487.8 487.4 489.2 489.6 494.5 497.5 498.5 496.1 499.2 495.4 493.8 486.2 476 465.7 459.9 452.5 446.2 437.1 429.6 424.9 422 421.8 415.9 410.6 403.2 397.8 392.3 390.7 385.4 380 377.7 377.6 376.1 372.9 370.2 368.3 366.6 369.9 372.5 375 376.1 376.3 377 376.2 376.2 376.6 375.9 371.4 370 363 360.1 362.5 365.5
402.6 415.7 427 439.4 450.2 467.6 480 489.4 490.2 497.2 507.9 521.5 539.6 545.5 554.3 559.8 558.8 555.9 543.9 531.4 516.8 507.5 501.4 495.2 488.6 482.5 480.2 482.7 484 485.6 490.4 490 486.6 483.9 482.2 479.7 471.4 464.5 457.5 449.4 441.4 436.5 429.9 421.8 417.5 414.5 412.7 409.9 405.1 399.2 392.4 389.7 387.4 382.6 377.7 376 376 374.4 371.6 369.7 368 366 367.3 370.1 375.3 375.4 376.1 375.5 373.2 373.1 373 368.8 365.6 361.9 361.3 364.3 366.4 373.2
400 410.8 425.5 434.5 451.6 459.8 471.1 477.3 484.1 492.1 503.9 519.3 532.7 545.1 553.3 553.3 552.5 548.8 537.2 524.4 513 506.5 500.7 488.7 484.7 478.8 470.6 475.7 477.3 477.4 480.2 480.3 475.9 474.7 473.1 468.6 460.3 453.9 447.3 439.8 432.1 428.3 422.9 414.8 410.3 407.3 405.1 402.5 398.1 391 387.2 383.5 380.6 377.5 374 373.9 374.5 372.6 371 369.6 367.3 365.2 366.4 369.3 372.4 373.1 374 373.8 372 370.6 369.1 363.3 359.3 358.6 364 368 369.7 374.2
397.3 408.3 420 433.4 446.6 454.1 463.1 468.9 475.2 489.3 500 513.4 528 543.3 546.3 547.4 546.7 544.1 534.3 521.2 512.9 506.7 497.7 484 480.5 475 463.3 467.7 468.2 469.1 468.1 469.5 466.7 465.4 464.4 459 452.9 443.6 438 432 423.9 420.8 413.2 406 401.5 398.8 399 395 389.9 388.4 383.2 377.4 374.8 374.8 373.3 374 373.3 371.9 370.3 368.2 366.2 364 365.4 368.7 371.2 371.3 369.8 369 369.2 364.6 360.3 359.1 359.1 356.8 361.4 365.3 364.9 362.9
395.2 407 417.8 427.4 440.5 448 452.4 459.4 474.1 486.7 497.9 509.3 526 535.2 538.1 539.4 539.3 537.7 531.6 517.7 510.2 499.9 493 482.9 476.3 470.5 460.8 458.8 461.2 461.3 459.7 458.8 458.6 460 456.5 450.9 441.7 435.6 430.6 421.7 412.8 408.9 401.7 398.5 394.7 390.3 387.1 384.4 382.5 381.2 378.6 373.6 373.4 373.9 373.7 372.8 371.7 370.4 369.4 366.4 364.3 362.7 363.5 365.7 368.4 369 366 366.5 362.4 359.6 357.5 357.9 356.9 356.1 359.4 362.3 360.9 359
394.9 405.2 419.3 430.9 439.4 440.4 443 454.8 469.7 480.9 488.7 502.2 515.8 521.1 520.5 529.5 526.2 526.5 522.2 518.1 509.9 498.6 487.9 479.1 471.3 469.8 462 450.3 456.3 452.5 450.9 451.2 449 449.5 446.7 439.2 433.6 427.1 417.8 410.1 404.3 399.7 395.6 391.5 389.8 385.9 379.4 376.4 377.2 378.9 371.8 373.4 374.3 372.8 371.9 371.1 370.2 369.5 367.1 364.4 363 361.4 361.6 362.7 363.2 362.7 362 360.2 358.7 358 357.4 358.1 357.6 355.6 356.1 358.7 357.8 357
392.4 404.7 418.2 419.3 429.2 431.9 438.2 450.6 462.8 471.8 488 493.9 502.1 506.7 510 515 516.5 512.6 515.8 514.6 506.7 492.6 482.5 475.7 470.3 462.1 453.9 447 441.6 441.7 441.7 443.7 441.1 439.5 436.1 429.6 424.8 418.4 409.6 402.6 398.7 395.1 391 389.7 386.2 381 374.3 370.6 369.5 370.5 372.2 373.7 371.9 370.8 370 368.6 368.1 366.1 365 365 363.3 360.6 360.4 361.8 359 356.6 354.5 355.4 357.3 357.2 357.6 358.5 358.6 355.8 354.5 356 357.2 358.6
391.1 403.6 403.4 415.4 424.2 424 435.6 444.9 454.9 466.1 476 486.2 489.6 488.3 500.4 508.3 503.9 498.2 504.5 501.3 494.8 482.8 476.6 470.1 464.1 452.7 448.9 443.7 436.7 435.7 433.4 434.8 432.8 430 425.5 420.5 415.9 410.3 404.7 400.5 394.2 388.9 387.4 384.4 380.7 376.4 371.6 368.4 366.8 368.2 369.3 370.7 369.7 368.2 366.7 366.6 366.4 365.4 365.5 365.5 365.5 362.3 357.8 354.6 353.2 351.7 352.6 353.6 355.8 357.1 358 358.9 357.5 355.3 353.5 356.3 358 359.1
389.6 393 400.2 410.4 411.8 420 429.4 438 445.8 453.8 465.7 478.4 479.5 479.1 491.8 491.5 487.7 488.8 498.9 497.2 485 478.9 469.9 464.3 454.3 444.5 443.6 441.4 437.5 426.4 423.2 423.8 423.5 421.9 418.4 415 410.5 404.4 400 394.6 388.3 384 380.5 379.9 376 371.6 367.2 365.9 366.6 366.5 366.6 367 366.2 364.7 364.4 364.8 365.4 365.9 366 366.1 363.9 361.4 358.5 355.2 350.8 351.4 352.2 353.2 355.9 356.8 357.2 357.8 356.3 354.3 352.3 355.4 357.7 359.1
380.1 389.9 398.6 404.9 403.9 412.7 422.3 426.4 431.8 443.2 454.1 460.5 465.2 471.3 479.5 475 472.3 478.9 486 484.1 478.8 471.3 465.7 459.2 444.5 439.2 440.9 438.2 431.2 424.3 413.3 417.9 417.3 414.1 409.6 407.4 402.3 398.5 393.5 389.9 386 381.5 379.8 375.7 371.1 367.4 363.9 364.2 364.6 364.6 364.1 364.9 364.4 363 363.2 364.1 365.6 366.4 366.6 364.3 361 357.2 351.8 349.7 350.1 351 353.8 354.6 356.3 356.5 356.7 356.8 355.1 353.4 351.6 354.3 357.1 358.5
376.1 386.2 394.5 389.6 400.5 407.6 411 415.4 422.9 435.9 442.1 444.8 452.9 464.2 465.1 460.5 460.9 469.7 470 467.2 467.1 458.4 453 442.9 434.4 433.4 433.2 428.5 422.4 419 407.2 409.2 411.7 410.5 405.5 400.7 397.5 394.8 390.8 388 384.8 380.9 379.1 371.7 367.3 365.5 362.7 360.8 361 362.3 367 368 366.3 365.1 364.2 364.4 366.2 367.1 364.5 360.9 356.5 351.2 347.4 349 350.5 353.8 358 357.8 358.9 357.3 356.6 355.3 353.5 352.1 350.7 353.3 356.4 357.5
373.8 379.9 380.4 386.5 391.3 398.4 404.2 410.6 417.4 424 429.8 436.3 446.7 452.7 450.8 446.5 450.6 455 455.4 455.4 450.6 446.1 442.9 435.9 428.7 427.4 425 420.2 417 412.5 404.7 402.2 407.5 406.5 401.8 396.5 394.1 391.4 388.6 385.7 382.5 379.2 374.1 366.8 365.4 364.7 363.1 362.3 362.5 359.4 364 370.2 368.3 366.8 364.1 364.7 366.2 364.4 361.8 356 349.6 346.6 348.7 351.1 353.2 356 359 362.2 361.1 358.7 355.5 353.4 351.8 350.9 352.2 354 355.6 356.2
370.7 372.3 372.6 378.5 384.1 390.1 399.5 407.4 411.1 414.3 419 428 434.9 441.9 442.3 439.1 445.3 442.5 439.8 439.1 436.6 434.9 434.3 430.4 426.1 422.2 417 411.2 410.6 406.7 401.4 396.5 399.6 400.3 397.3 391.9 390.1 387.3 384.2 381.7 379.5 375.1 370.3 367.5 365.2 364.4 363.6 362.8 365.5 360.5 359.8 364.7 366.8 364.4 365.1 364.1 363.8 360.8 354.6 347.1 344.8 346 350 353.9 356.4 357.7 359.6 364.2 360 356.2 353.3 351.4 351.1 352.3 353.7 355 355.6 356.2
367 363.6 367.4 373.2 378.1 387.4 393.8 400.4 404.4 407 412.3 417.9 422.4 431.9 434.9 432.4 434.5 434.6 433.2 431.3 428.9 424 425.9 422.5 421.9 415.7 410 409.3 405 399.6 398.5 391.4 392.9 394.1 392 388.8 384.2 381.7 379.4 377 374 371.2 368.8 366.6 364.9 364.2 363.4 366.1 368.1 361.5 356.8 358.6 362.9 363.8 363 360 360.2 353.4 345 344.1 344.5 347.9 351.6 355.8 357 356 356 357.8 356.9 352.9 350.2 351.1 352.1 353.4 353.9 354.4 355 355.7
359.2 359.6 365 375 379.3 381.4 386.8 391 400.5 402.6 405.3 408 410.1 421.4 423.7 425.8 426.6 429.9 425.3 425.4 420 420.2 419.5 421.1 415.4 409.2 408.9 406.3 400 396.5 392.8 388.1 388.8 390.3 390 386.3 380.8 377.3 376.5 376.6 377.6 372.3 368.9 365.4 364.7 363.9 364.3 368.4 366.4 362.5 359.4 353.5 357.1 360.3 355.7 352.4 350.4 343.1 343.5 343.8 346.4 349.1 351.6 353.5 354.2 353.8 353.1 355.1 351.2 349.9 351.4 352.3 352.9 353.6 353.4 353.4 354.1 354.7
355.9 359.7 361.8 378.6 380.7 377.2 380.2 386.4 393.5 398.7 400.7 401.5 405.1 408.7 413.7 416 413.4 415.9 418.1 419.5 415.7 416.1 417 416.5 408.9 411.5 409.2 404.3 399.4 395.5 390.7 387.6 385.5 390.3 389.2 382.1 376.9 372.7 374.1 375.6 373 370.3 367.5 363 363.6 363.7 366.2 368.4 366 362.6 359.7 354.3 350.7 351.8 350 345.4 342.6 343.6 343.9 344.3 346.8 349.6 351.9 351.7 351.9 350.1 348.5 347.7 349.6 352.3 353.3 353.2 352.9 353.3 352.9 352.6 353.1 353.8
354.8 358.9 368.3 372.6 373.3 371.1 373.4 381 387.8 389.1 398.4 400.5 399.8 398.3 401.9 407.4 407.6 411.8 414.3 412.9 410.1 409.8 417.7 412.7 409.8 408.6 405.2 403.6 399 394 390.1 384.5 382.2 387.1 383.4 377.9 372.3 369.1 368 368.1 368.1 365.6 363 360.8 361.8 362.9 365.3 367.1 364.9 362.4 358.8 353.7 350.5 346.2 342.9 342.6 344.1 345.3 345.1 344.9 346.9 349.6 352.8 352.5 350.8 348.1 345 345.6 350 351.8 352.8 353.5 353 352.9 352.5 352.1 352.2 352.8
353.9 358.9 360.5 370.8 369.7 370.8 371.1 380.7 383.2 386.6 392.4 398.4 399.2 393.9 396 400 401.2 410.4 411.1 409.4 409.7 410.5 409.4 407.5 406.2 404.7 400.8 399.1 397.7 393 388.8 382.3 378.4 380.7 378.2 372.9 369 366.5 364.2 362.4 362.6 361.1 360.3 360.9 361.5 362.1 364 365.8 364 362 358.2 353.8 348.8 344.3 342.1 344.1 345.5 346.1 346.5 346.9 347.8 348.8 350.1 349.9 349 345.5 343.2 345.4 349 349.7 350.9 352.2 352.3 352.5 352.1 351.6 351.3 351.9
352.3 356.6 361.6 364 365.6 368.8 370 373.9 378.5 382.1 390.1 393.7 393.4 391.1 390.3 392.2 400.1 407.4 409.5 408.8 410.4 408.7 406.5 404.5 402.9 400.8 397.7 395.7 394.5 391.5 387.2 381.6 376.5 373.5 372.1 369.9 368.4 366.1 363.9 361.9 359.4 360 360.5 361.1 361.4 361.6 363.3 364.6 363 361.4 357.9 352.3 344.7 341.4 345.4 347.9 349.8 350.8 351 350.8 349.8 347.4 346.8 345.2 343.2 341.1 343.8 346.4 347.3 347.7 349.1 350.3 350.4 350.8 351 351.2 350.8 350.9
351.3 354.3 356.8 359.5 359.8 365.3 367.4 368.3 372.8 376.6 381.7 389.2 388.9 390.6 383.9 386.4 399.5 400.3 400.9 403.6 406.6 404.7 403.1 401.6 400 397.7 394.7 392.4 391.1 389.6 388.7 383.8 378.8 371 368.1 368.7 367.7 365.7 363.6 361.3 358.7 359.4 360.6 360.6 360 361.1 362.7 362.9 361.7 360.3 356.2 349 340.8 346 348.9 352.1 354 355.6 354.9 356.1 355 351.3 346.6 343.5 343.6 339.8 342.2 344 344.6 345.6 347.4 348.3 348.6 349 349.2 349.4 349.6 349.5
358.4 355.2 355.8 358.1 360 360.8 362.9 368.5 370.4 372.7 376.9 381.2 382.3 380.4 376.1 384.9 389.9 396.1 399.8 399.3 399.8 399 397.8 396.5 395.3 394 391.3 389.8 389.9 389.9 388.7 383.9 378.2 369.2 365.7 367.5 366.5 365.4 363.2 360.7 358.2 358.7 359.6 359.4 359.4 360.6 361.1 361.1 360 358.7 352.7 341.4 346.8 350.9 351.7 352.3 353 354.2 355.4 357.1 359.2 352.7 348.7 345.2 344.2 340.7 339.8 341.1 341.9 343.4 345.4 346 346.2 347.2 347.3 347.5 347.7 346.3
359.7 359.4 360.3 359.3 358.5 359.4 360.8 366.7 370.7 371.1 374.8 378.6 378.6 372.9 374.4 389.4 390.5 390.8 393.3 394.5 393.6 391.5 391.3 391.6 390.8 390.6 390.4 390 389.9 388.7 385.5 380.9 376 368.7 363.7 365.1 364.5 363.7 362.5 360.1 357.7 358.3 359 360.3 362 360.9 359.5 360.1 357 352.3 341 345 350.3 350.5 351 351.7 352 352.9 353.8 354.4 354.9 349.6 347.8 346.1 344.3 341.8 339.1 339.1 341.9 343 343.3 343.6 343.2 345 345.4 345.6 345.8 343.1
357.3 358 358.7 358.5 355.2 357.5 360.3 367 370.5 370.8 372.2 375.2 371.1 366.8 378.3 385.6 390.6 390.6 389.3 390.6 389.2 386.7 385.9 387.5 389 388.6 387.9 386.5 386 385 381.5 377.4 371.6 364.4 361.4 362.1 362.3 361.9 361 359.2 356.9 358.5 359.5 361.1 364.6 366.1 364.7 360.6 354 341.4 346.7 350.5 350.5 350.6 350.6 351 351.1 351.4 350.8 350 349.9 349.8 348.3 345.9 344.4 343.2 339.3 338.9 343 344.6 343.9 342.9 342.2 342.7 343.6 343.7 342.9 342
