data/230000-730000.asc
ncols 200
nrows 200
xllcorner 230000
yllcorner 730000
cellsize 50
[rows 35 to 69 of 200, columns 0 to 77 of 200]
170.4 170.7 172.2 174.4 176.9 181.3 187.4 193.2 198.2 206.7 214.9 223.5 235.3 243.6 254.9 266.6 278.8 289.7 302.2 313.9 326.3 341.9 357.9 377.2 393.4 412.9 431.4 451.3 468.7 487.1 507.7 528.4 549 571.6 594.6 617.6 643.3 669.4 698.9 729.3 764.2 792.2 824 857.2 890.6 930.7 966.9 1002.6 1030.5 1058 1063.5 1046.3 1027.7 1006 982.6 992.6 946 920.9 882.4 850.5 821.2 796.4 773.1 785.6 765.9 749.9 741.5 742.6 750.4 745.4 737.2 729.1 717.1 698.3 682.4 650.3 620.5 578.6
170.1 169.3 171.7 174.2 175.7 179.4 184 189.8 197.6 202.5 210.6 219.2 228.9 236 246.2 257.2 269.6 282 293.9 307 318.6 335.8 351.9 368.7 386.4 404.2 420.3 441.4 463.2 480.4 501.5 523.2 542.2 565.9 590.2 613.7 639 665 694.1 726.4 759.4 788.7 819.3 850.9 883.2 918.7 960.9 988.2 1015.9 1048.5 1047.1 1018.6 983.3 955.2 942.1 916.1 899.3 881.6 834.8 782.2 757.4 736.7 737.3 756.9 743.7 721.5 709.2 707.7 711.8 714.7 710.7 707.8 692.6 673.5 637.9 610.8 580.1 556.6
168.6 169.7 173.1 175.9 175.1 179.1 183.5 187.3 193 198.7 206.7 214.4 222.5 229.7 238.6 249.1 260.6 272.6 286.2 300.8 315.2 328.6 345.3 360.4 374.5 395.6 414.5 435.6 454.6 473.1 493.9 514.4 536.7 560.1 585.6 610.5 634.8 661.5 689.6 721.4 751.6 782.5 812.5 843.7 875.6 907.8 945.4 975.2 1010.8 1043.3 1036.5 1003 972.5 938.8 913.2 882.5 854.7 834.2 796.4 761.2 738.2 717.2 711 715.6 708.6 688.6 674.9 674.6 678.1 682.8 678.5 677 661.5 632.4 606.2 580.5 553.5 526.1
168 169.6 171.8 176.9 176.3 179.2 183 187.5 192.6 197.2 202.4 210.4 217.4 226.2 234.7 245.8 255 265.9 282.6 294.9 308.4 320.4 334.5 352.5 368.6 388.1 405.6 424.6 445.7 467 484.1 507.6 528.8 551.9 577.1 604.8 628.9 656.4 685.5 714 743.2 773.6 804 834.6 866.2 896.3 929.8 963 998.8 1031.2 1042.7 1011.5 974.8 952.6 916.5 877.9 857.6 836.3 798.3 765.1 734.8 711.4 689.3 681.5 672.7 661.3 651.4 647.4 647.6 648.2 647.5 640.4 627.5 598 573.4 551.9 526.9 503.2
170.6 170.9 173.1 176.2 178.2 180.3 184.1 188.7 192.6 197 202.2 208.5 215.5 223.3 232.3 239.3 247.3 257.6 271.4 283.4 295.2 313.3 327.8 343.9 360.3 379 399.5 416.7 436 457.1 477 499.4 520.7 545.5 569.8 596.2 620.6 647.9 677.5 705.4 733.7 764.2 795.1 826 858.4 889.4 919.9 954.2 996.5 1029.6 1048 1020.3 988.9 963.7 932.3 901.7 883.2 871.2 819.2 772.7 727.5 692.5 667.7 653.6 647.3 636.3 626.3 623.5 623.7 622.3 618.5 607.4 592.1 571.3 548.6 526.3 503.6 483.3
171.4 174.6 176.4 176.6 178.6 181.1 184.3 188.2 191.8 195.4 199.7 205.1 211.4 218.7 226.8 233.8 242.4 252.1 262.6 276.2 288 302.9 321.6 334.5 351.7 370.6 389.8 408.4 427.3 449.6 470.1 489.9 512.5 537.4 562.7 587.5 611.9 638.4 667.5 696.8 728 757.1 788.4 821 853.3 884.2 914.4 946.2 984 1022.6 1055.7 1033 1007 985.5 962.6 941 925.7 883 840.3 777.9 709.6 677.1 648.7 635.2 623.6 615.1 601.3 601.6 598.1 597.1 593.8 581.6 564.7 548 526.7 505.5 485.1 462.2
170.6 173.2 176.3 177.6 178.7 181 184.4 186.9 189.9 193.2 196.6 201.3 207.3 214.5 221.5 229 237.2 247 256.4 267.5 279.9 292.2 306.4 324.8 341.8 360.3 379.4 398.7 419.5 440.7 461.1 480.9 503 527.8 553.8 578.8 603.2 630.3 659.6 688.5 720.3 752.1 784.8 817.5 850.7 883.1 911.7 942.6 984.1 1023.2 1060.9 1062.6 1040.4 1018.2 991.6 968.5 941.1 885 826 753.1 707 674.2 644.3 621.3 608 599.1 585.3 577.4 573.1 570.5 568.2 555 541 524.2 504.6 484.2 464.6 442.6
168.6 170.5 174.4 178.1 179.8 181.1 183 185.2 187.9 191.3 194.7 198.2 205.7 211.8 217.7 224.8 232.1 241.1 250.2 260.4 272.3 283.3 297 314.3 332.3 350.5 369 386.9 407 429.2 449.7 471.3 493.7 517.3 543.5 569.8 594.8 622.1 652.3 683.3 715.8 748.2 780.1 812.5 846.1 881.1 910.5 940.6 980.7 1025.3 1066.4 1069.5 1050.5 1018.6 997.3 967 929.5 886.4 820.4 739.7 702.3 669.8 643.8 615.3 599.9 587.1 571.5 556.7 547.9 543.8 539.3 531.4 517.9 500.2 484.1 464.1 441.8 422.2
171.4 172 174.7 178.3 181.5 180.8 181.7 183.6 186 189.4 192.6 197.7 201.7 207.2 212.6 219.5 226.8 234.6 242.7 251.7 262.4 274.4 288.8 304.1 321.6 339.3 357.8 377.2 396.5 418.6 439.9 462.7 483.1 505.9 532 558.9 586.2 614.1 644.7 677.4 709.9 742 773.7 806.3 840.1 876 908.2 940.1 976.8 1017.8 1060 1065.9 1051.1 1009.9 968.3 936.3 903.9 871.6 816.9 732.1 692 662.8 640.4 614.4 592.3 579.2 562.4 539.1 524.9 519.2 514.8 508 496.5 482.1 461.8 444.5 423.1 403.6
172.5 173.4 174.1 182.5 180.9 181.4 181.2 182.5 184.7 187.8 191.8 195.7 199.1 203 208 214 221.4 228.9 236.4 244.5 256.2 266.1 280 293.1 309.2 327.5 346 367.8 385.5 407 429.7 451.7 472.9 495.5 522.9 549.5 576.1 604.2 634 668.8 702.3 734.2 764.8 798.9 832.9 869.1 903.4 935.7 971.5 1002.6 1042.8 1055.2 1031.8 995.6 952.9 913.4 876.8 839.7 782.1 735.6 701.1 669.4 640.7 611.5 586.1 572.7 555.2 536.2 519 499.2 487 482.6 476.9 462.7 447 424.2 407.9 390.8
175.4 175.9 173.4 179.3 178.1 181.5 181.6 184.4 184.8 187.6 190.2 193.1 196.5 200.7 205.1 211.2 217.7 223.7 232 239.5 248.4 259.2 271.4 284.9 300.5 315.8 333.7 354.2 376.2 393.5 415 439.2 462.8 485.2 511.4 538.8 566.2 595.3 624.7 657.2 692.4 724.3 756.7 790.5 824.3 858.7 894.9 927 960.5 990.2 1025.8 1042.8 1026.8 993.8 950.9 908.9 862.7 818.1 776.9 740.3 704.3 672.6 642.5 611.6 585.8 567.7 548.4 531.7 515.9 498.3 478.8 458.1 454.3 442 429.9 410.5 393.6 375.1
175.8 176.7 178.8 176.4 178.5 181.8 180.9 184.1 184.8 188.3 189 192.8 196.6 200.2 204.1 208.8 213.6 218.8 227.3 235.6 243.8 254.2 263.6 275.8 289.3 305.8 323.5 342.2 360.7 383.5 400.8 425.8 451 474.2 499.3 527.2 554.8 583.7 613.3 646 681.1 714.2 746.8 780.3 813.3 847.2 884.4 914.7 947.4 982.5 1003.6 1026.3 1005.7 979.6 946.2 907.8 866.5 822.4 783.2 740.2 704.8 674.4 647 614.7 583 564.2 543.7 527.4 511.6 492.9 474.1 454.7 436.5 420 408.7 395.9 375.8 361.5
179.8 179.6 178.1 179.1 177.1 177 183.8 184.2 186.1 186.8 189.4 193.1 196.5 199.9 202.7 205 209.7 214.9 221.1 229.6 239 247.9 256.6 268.7 282.3 296.2 312.1 330.3 349.7 371.6 392.2 411.6 436.6 461.3 486.2 513.8 544 571.8 604.5 636.9 669.9 702.8 736.1 768.8 801 835.4 870.7 902.5 934.4 967.2 987.9 986.6 971.6 952.8 928.2 898 860.3 821.6 782.4 745.2 712.1 682.7 656.3 620.8 587.3 562.1 539.6 522.8 506.7 485.8 465.6 449.9 433.8 416.2 395.2 375.2 366.5 348.9
181.6 180.6 180 180.9 179.8 177.9 183.9 185 187 188.4 190.5 192.9 195.8 198.3 200.8 203.8 207.2 212.3 218.3 225.3 233.8 242.4 250.9 261.1 272.5 285.3 303.1 321 339.2 356.4 379.1 401.1 421.7 445.8 471.7 500.3 530.9 561.2 591.2 624.1 656 688.4 720.9 754.2 786.3 822.4 857.6 889.5 921.2 950.5 970.8 971.5 947.3 921.7 894.9 867.7 839.3 811.8 783.8 750 721 689.8 661.3 629.8 593.1 564.8 538.8 520.3 499 476.6 457 440.1 425.1 403.9 384.3 363.8 343.3 337.9
182.4 180.8 180.7 180.8 180.8 180.3 177.6 183 185.8 186.3 190.3 192.4 194 196.3 199.1 203.1 205 209.7 215.4 221.1 229.4 238.3 245.9 255 266.6 279.5 294.9 309.1 325 345.2 364.5 386.9 409.8 432 458.2 485.1 515.6 545.3 576.6 608.9 642.2 672.8 704.5 738.5 771.9 807.4 841.2 871.2 904.8 932.7 947.4 946.6 923.8 896.8 866.8 839.8 814.2 789.2 766.6 740.8 712.6 686.7 658.7 627.7 596 564.6 535.4 512.6 490.8 468.3 449 428.2 407.4 390.6 376.1 356.2 339.3 319.9
184.4 182.8 183.1 182.6 181.7 181.3 182 178.2 183 185.4 188.8 190.1 191.9 193.9 197.7 201.3 203.3 207.4 212.1 217.4 224.1 231.6 239.5 247.4 257.9 267.7 283.8 295.6 313.4 333.4 351.5 371.3 396 420.4 444.3 469.6 501 529.3 558.2 591.4 624.4 655.5 687.1 719.5 752.5 786.6 820.3 850.8 882.1 914.4 926.4 921.2 902.6 871.8 840.4 814.4 789 766.5 744.7 722 698.9 674.6 650.1 619.8 589.7 556 525.7 499.1 479.6 458.1 438 415.2 396.6 380.2 364.7 345.2 329.8 315.3
188.2 186.4 184.9 183.7 182.8 181.6 182 181.6 181.1 185.2 186.9 188.1 190.8 192.2 196.7 199.3 201.4 204.5 208.5 213.8 218.9 226.2 232.8 240.3 248.7 261.1 271.9 285.8 302.2 318.5 337.8 358.8 379.7 404.6 430.3 454.4 483.8 512.5 539.8 571 604.4 637.4 669.2 699.6 732.4 764.5 800.1 829.2 858.6 891.4 904.4 898.9 884.1 854.3 818.9 791.5 769.1 748.5 728 708 685.6 663.7 638.5 609 574.6 543.4 514.6 490.4 468.3 444.8 424.5 406.1 388.5 371.2 355.2 334.4 323.7 306.7
195.7 192.9 186.6 185.1 183.6 182.3 182.7 182.6 181.5 182.7 184.9 186.2 189.2 192.3 194.5 199 198.6 202.3 206.3 209.8 214.4 221.4 227.8 233.8 242.5 252.3 262.5 274.1 288.2 305.4 325.8 344.1 363.6 388.4 413.9 438.6 464.8 494.2 522.3 552.3 583.6 615.9 647.6 678.5 710 744.6 780.9 806.5 834.5 862.6 878.2 875.6 863.7 838.7 805.8 776.1 753.3 732.5 713.2 694.6 674.7 651 624.2 593 557.8 529.3 503.4 480 454.4 431.3 412.1 395 377.1 361 343.2 328.9 311.1 297.8
205.7 199 193 188.3 186.1 184.1 183 183.4 183.1 183.2 182.8 183.6 184.9 188.2 191.2 193.8 196.4 199.8 202.3 204.7 210.9 215 221 228.2 236.2 245.2 253 265.9 278.5 292.7 312.5 329.1 348 371.2 394.3 419.6 445.8 473.6 503 533.2 563.6 594.2 626.9 657.4 690.7 720.5 756.1 780.5 807.3 837.9 850.6 850.7 842.3 822.4 796.3 767.3 743.5 719.9 698.1 679.8 660 636.6 607.3 575.5 543.4 516.6 490.3 465.4 443.2 423.5 403.4 383.8 367.3 349.4 332.6 317.8 304.7 289.1
214.2 206.7 202 200.6 195 189.2 186.3 186 185.3 184.7 184.2 184.5 184.9 185.2 189.8 192.5 196.1 199.4 201.8 203.1 206.4 212.3 216.2 223.2 229.6 237.6 246.7 257.2 267.7 280.1 294.9 316.1 332.6 352.9 376.8 401.1 424.5 452.9 484.5 513 541.8 573.9 605.5 633.9 669.8 697.5 726.6 753.4 779.8 813.5 827.7 826.2 821.1 808.2 784 759.2 730.7 706.7 685.1 664.9 643.1 619 588.8 557.9 528.6 503.6 477.8 451.2 430.4 409.8 391.1 372 354 336.9 320.9 307.6 296.3 281.5
232.6 221.4 212.6 209.6 204.6 200.2 194.1 190.1 187 186.1 185.6 185.8 185.6 185 187.7 190.1 193.1 198.1 200.2 201.7 204.2 208.3 213.5 219 223.8 231.2 241.6 248.1 259.9 270.8 283.3 297.6 318.8 340 357.4 381.6 406.6 432.8 464.1 491.4 519.9 552.8 581.8 606.3 644.3 670.3 706.5 729.3 755.4 782.6 801.5 804.1 801.8 794 776.1 747.2 718.5 694.9 671.8 650.7 629.1 601 571.6 541.1 515.2 489.5 462.6 439.7 419 398.4 378.3 361.6 341.2 320.5 308.9 296.4 286.2 273
247.6 237.9 227 219.9 214.2 209.6 203.2 196.3 190.8 188.3 187.4 187.1 187.5 185.6 185.7 187.8 189.7 192.8 196.3 199.1 203.9 208.7 212.3 215.7 218.6 224.8 233.2 240.2 249.1 260.5 271 283.5 301 323.1 343.4 361.4 386.3 412.5 440.7 468 496.8 524.9 553 577.5 612.1 646.8 675 708.5 730.9 752.7 773.1 780.7 777.6 770.3 755.8 730.8 704.2 680.4 659.9 638.8 614.2 585.8 555.9 524.6 497.7 474.8 451.5 429.4 408.1 388.6 367.5 346.6 326.2 312.1 296.1 286.3 276.3 265
265.8 251.4 243.4 235.5 225 218.4 211.5 204.9 198.4 192.4 190.4 188.5 188.5 185.6 185.6 186.6 188.6 190.5 192.8 196.9 201.3 205.8 208.8 211.9 217.1 219.5 226.5 233 242.7 251 260.8 272.8 286.9 305.3 323.1 345.4 366.3 390.3 415.6 442.7 470.8 498.1 525.8 553.4 587.6 616 645.7 684 709.7 730.6 750.5 757.3 754.3 747.6 735.5 714.8 689.2 666.1 647.3 627.3 600.9 573.2 542.5 512.6 485.2 458.2 437.2 417.8 397 376.8 355 336.5 317 301.2 288.7 278.2 269.5 261.3
278.1 263.3 257 248.2 238.2 228.9 221.7 214.9 208.5 201.4 193.6 191.5 188 186.5 185.7 186.2 187.3 189.2 191.1 194.2 199.5 202 205 208 211.1 215.9 219.9 227.2 235.5 243 252.1 263.2 275.4 288 308.9 327.5 345.4 368.5 391.4 418.9 446.4 472.2 502.9 529.4 558.1 587.6 616.7 654.7 679.3 705.5 731.8 744.3 739.9 732.5 719.7 701.8 678.5 654 636 613.3 587.7 560.4 529.3 501.4 472.2 450.2 427.9 403.9 382.7 364.6 345.1 324 305.3 291.2 280.9 271.6 263.5 256.4
289.2 281.5 272.7 265.5 252 243.2 235.2 227.1 218.7 211.6 202.6 194.1 190.1 187.1 186 185.9 186 187.8 189.7 191.8 195.6 198.5 200.7 204 207 210 214.5 221.2 228.2 235 243.6 253.8 263.3 274.4 290.8 308.7 326.5 348.3 369.9 393.6 423.5 449.6 477.1 503.5 531.9 555.1 589 624.1 653.1 676.7 704.4 725.1 726 718.4 706.9 692.2 669.7 645.9 624.4 600.5 575.1 546.4 517.7 488.5 461.5 437.3 415.2 393.9 373.7 353.6 333.1 312.6 294.3 281.5 272.5 265.3 258.1 246.9
302.3 298.1 287.6 279.7 267.3 258 248.1 239.6 230.5 220.8 211.4 202.2 194.8 190 186.6 185.2 185.2 186.3 187.8 189.7 192.4 194.7 197.1 200.1 203 205.9 210 216 220.6 226.1 235.8 244.2 252.6 266.2 277.2 292.4 307.3 327.6 346.4 372.5 397.1 423.3 448.5 474 501.9 524.4 559.4 599.6 628.2 649.9 675.4 700.5 711.4 702.4 691.6 675.8 654.7 631 609 586.9 561.7 534.1 506.4 477.4 448.8 424.9 402.4 380.8 360.8 341.6 321.6 301.6 285 273.1 264.8 258.3 254.2 239.2
320.7 314 303.3 296.7 285 272 261 250.5 240.6 230.1 220.6 211.2 202.4 194.7 191.5 187 185.9 185.9 185.4 188 190.6 192.7 194.7 196.5 199.2 202.2 206 209.9 213.4 219.9 228 235.2 243.7 253.3 264.6 278.9 290.9 309.4 329.7 350.2 371.9 395.8 421.5 445.8 469.7 496 528.8 565.7 597.7 619 649.4 674.6 685.7 684 673.7 658 636.4 615 593.7 571.7 546.5 521.1 493.8 463.6 436.4 412 389.6 368.6 349.5 329.7 308.1 288.5 274.6 264.8 256.9 251.7 249.6 235.9
336.9 326.6 317.2 311.7 298.7 286 272.2 263.1 251.9 240.1 230.2 220.9 211.6 201.9 195.8 191.6 186.2 185.6 185.7 187.7 189.8 191.8 192.8 194.5 196.3 198.9 202.2 204.7 208.1 213.1 220 229.5 235.2 243.1 253.9 266.6 279.7 294.1 311.5 330.7 350.7 372.2 393.3 418.4 442.9 467.9 498.5 536.1 563.8 593.1 624.3 649 664.6 663.6 655.8 643.8 624 603.2 580.1 558.8 533.3 506.5 479.4 449.5 421.7 398.4 376.8 355.8 336.7 318 297.4 279 264.6 257.2 250.1 244.3 244.4 234.5
349.7 339.3 332.5 324.6 309.8 294.6 286.6 277 264.8 252.5 239.9 230.5 221.3 210.8 200.8 195.3 190.3 185.8 186 187.1 188.7 190.6 191.7 192.6 194.2 196.5 197.5 200.4 203.7 207.4 212.3 218 226.1 234.8 243.5 255.6 266.9 280.3 294.3 309.3 329.9 349.9 369.9 388.5 416.1 441 468.7 505.1 520.4 567.5 596.2 619.8 632.3 647.5 643.1 631.5 612.2 591.7 571.9 547.3 518.5 490.6 461.5 433.3 406.6 384.2 363.3 342.8 323.2 304.4 285.6 268.3 256.6 249 244.7 239.7 233.5 233.1
364.5 354.3 346.8 336.9 320.9 307.5 300.3 289.4 276.6 264.2 251.5 239.3 229.1 219 208.9 200.3 194.8 189.1 187.2 186.5 186.4 188 189.6 190.8 191.9 193.9 195.3 196.7 199.6 202.5 205.9 211.3 219.8 225.7 234.3 245.1 255 266 278.7 292.5 310.8 327.7 343.5 367.6 388.9 413 440.3 468.8 495 537.3 556.4 579.9 599.3 620.7 628.2 616.5 596.2 581.6 557.6 530.9 501.4 471 442.1 415.9 391.8 370.8 349.8 330.2 313.8 293.7 273.3 260.4 249.7 242.4 239 234.4 232 235.2
375.6 369.2 361.1 351.9 332.2 322.9 313.6 303.8 289.9 276 262.9 250.2 237.7 227.2 217.8 207.1 200.2 194.2 189 186.7 186.6 186.3 186.9 188.1 189.3 191.4 192.8 194.1 195.9 198.7 201.8 206.8 212.9 217.9 223.5 232.6 243.3 252.2 261.5 277.1 291.7 308.5 327.2 344.6 366.1 386.8 410.3 428.9 459.2 492.8 516.2 536.6 564.5 587.1 605.3 595.8 580.8 563.4 540 510.6 480.5 450.1 421.9 397.4 375.3 356.3 336.9 318.8 300 281.1 264.1 252.8 244.3 238.5 235.9 231.5 233.6 242.1
392.2 384.1 373 361.2 349.4 338.8 328.1 317.4 304.2 289.7 274.9 262 249.3 237.3 226.8 215.9 205.2 199.3 194.2 189 187.5 186.9 186.9 187.3 187.7 188.8 190.3 191.8 193.4 195.5 198.2 202.4 206.9 211.4 217.3 224.7 232.5 241.3 251.6 262.2 276.6 291.6 308.6 325.2 342.7 361.3 381 404.1 426.9 454.3 478.4 496.2 529.3 549.9 561.9 568.4 563 543.2 517.3 487.3 458.2 428.5 401.9 378.9 360.4 341.1 323.4 304.8 287.2 269 256.9 246.2 238.9 234 228.8 235.9 238.5 246.9
407.2 398.8 385.2 373.4 363.4 353.5 343.1 331.2 318 303 288.4 274.4 261.2 248.9 236.4 224.6 213.7 205 199.2 192.7 189.1 187.6 186.8 187.2 187.8 188.4 188.8 189.8 191.6 193.7 196 199.2 202.7 205.9 210.9 217.8 224.5 231.8 240.9 249.9 263.1 278.1 290.7 303.8 321.6 341.1 357 376.2 397.5 419.4 440.2 457.7 484.3 510.2 515.9 537.5 535.6 518.3 490.7 460.3 434 405.6 382.2 363.1 345.9 325.7 309.3 291.1 273.8 259.7 248.6 241.4 233.4 228.6 230.5 238.7 245.9 253.9
421.3 408.9 400.2 388.9 377.4 366.4 355.2 343.3 330.4 315.9 301 287.4 272.8 259.4 247 234.5 222.4 211.5 203.5 196.8 192.9 188.8 187.3 187.3 188.1 189 188.9 189.1 190.2 191.8 194 196.3 199.2 202.6 206.4 211.6 216.9 222.9 230.3 239.8 249.5 262.5 273.2 286.5 304.8 317.8 333.5 350.7 369.1 386.9 407.1 424.7 447.4 466.8 476.8 508.3 507.6 490.4 459.8 432.9 404 382.3 364.2 345.8 328.9 312.5 292.8 277.8 264 252.8 242.3 236.6 230.6 226.3 233.7 240.9 251.6 265.1
433.7 421.4 413.7 402.1 391 379.6 367.4 355.3 342.9 328.9 313.9 299.6 284.1 268.6 255.7 242.5 230.6 219.7 209.7 204.3 198 192.9 189.1 187.5 188.2 189.1 188.9 189.6 189.4 190 191.3 193.5 196 200.1 202.2 205.9 209.3 215.7 222 230.8 239.2 250.5 262.6 275.5 285.3 296.1 308.9 326.4 342.9 361 376.5 391.9 412.2 428.3 439.9 462.2 469.7 452.6 422 400.1 379.9 361.3 345.9 329.6 312.7 295.4 282.4 269 255.6 245 238.2 234.3 229 226.9 234.8 243.3 257.1 274
