data/230000-860000.asc
ncols 200
nrows 200
xllcorner 230000
yllcorner 860000
cellsize 50
[rows 35 to 69 of 200, columns 78 to 155 of 200]
351.4 351.3 351 348.4 344.8 340.4 334.7 326.5 320.3 322.4 324.7 323.9 329.7 335.1 344 355.1 361.3 366.4 371.3 374.6 379.9 379.1 372.7 365.9 360 355.4 356 357.8 359 357.6 357.3 357 356.2 355.1 352.3 349.1 347.6 345.5 341.1 336.4 331 327.9 324.8 323.3 320.5 316.9 308.9 303 292.8 287.6 284.1 283.4 282.6 286.2 292.2 293.5 296.7 299.5 302.2 304 305.3 310.8 312.7 311.8 311.8 312.9 314.8 309.4 305.7 302.1 297.2 295.5 293.4 290.9 288.1 281.7 275.5 277.3
352.1 351.8 351.3 348.5 344.3 340.1 332.3 324.2 322.2 325.5 325.7 324 332.6 338.3 348.3 360.9 367.3 370.8 375.9 382.6 388.4 387.7 379 370.2 363.1 357.9 356.3 357.4 358.8 358.4 358.1 357.5 356.9 355.6 352.5 349.6 345.8 343.4 338.7 335.8 330.5 326.9 323.4 318.4 313 310.4 308.7 302.7 293.5 292 287.7 287 285.8 290.3 292.7 294.1 297.9 302.1 305 307 307.5 308.4 310.5 310.5 310.3 309.2 310.7 309.2 303.8 299.5 295.4 293.2 291.1 288.1 284.2 281.4 278.7 283.8
353 351.6 350 346.6 343.3 340.3 332.8 325.5 325.3 327.1 325.3 328.7 336.6 339.7 351.1 363.1 369.4 373.2 379.2 386.1 389.2 389.3 383.2 374.5 367.4 361 357.2 357.5 358.6 359.2 358.8 358.3 357.3 356.1 353.3 349.8 345.7 340.6 337.8 334.6 329.8 326 322.5 317.8 312.5 306.8 304.2 302.7 298.5 296.8 291.1 290.4 291.5 290.7 293 295.2 298.3 302.4 305.8 308.6 309.7 309.2 309.1 309.4 309.1 307.1 305.7 306.6 301.6 297.2 292.2 289.3 286.2 283.5 281.4 279.8 281 284.9
354.7 355 350.7 345.5 344.4 340.6 333.2 327.7 327.4 326.9 325.9 332.2 337.7 340.1 351.7 362.6 369.2 374.8 379.9 385.1 388.9 389 385.2 378.3 369.8 363.7 359.1 357.5 358.6 359.4 359.5 360.4 358.6 357.3 354.8 352.7 349.1 343.7 337.6 334.7 332.2 326.6 322.3 317 315.4 312.4 307.6 303.5 298.5 295.6 294.5 297.7 295.5 293.8 293.6 296 298.7 302.6 306.1 308.9 310.8 311.3 308.8 308.8 307.5 304.9 302.4 303 299.7 294 289.1 286.1 284.6 281.1 282.1 285 286.3 285.2
356.7 357.1 352.6 349.2 345.3 340.7 333.7 329.1 329 327.3 327.5 335 339.5 341.3 351.4 360.3 366.5 373.6 379 383.5 392 389.6 385.6 379.5 372.1 365.5 360.4 357.5 359.3 361.3 362.3 364.3 363.3 360.3 356.8 355.3 352.8 347.9 342 337.5 333.6 328.4 323.4 321.6 318 313.5 312.1 310.4 306.5 300.5 299.4 296.6 294.9 294.9 294.6 297.7 300.5 304.4 306.5 308.1 310.3 312.5 312.2 309.6 306.8 303.4 300 299.2 297 291.6 287.7 286.7 284.7 281.9 287.7 289.3 288.8 287.5
358.6 358.7 353.6 350.8 348.8 341.4 334 330.9 331.7 327 329.6 335.7 340.1 341.8 350.1 356.8 364.7 372.7 377.2 380.6 385.7 388.3 386.2 380.7 374.2 368.8 362.4 358.8 360.9 364.2 367.3 370.1 370.7 364 359.3 356.7 355.3 352.3 346 340.1 335.9 331 326.9 323 321.1 318.9 316.4 315.3 312.9 309.8 306.8 300.7 296.5 297.3 296.4 297.5 301.5 304.7 306.2 306.8 307.8 309.1 312.7 312.1 310.7 302.4 297.4 294.8 293.7 290.1 285.7 285 282.4 286.9 290.2 291.8 291 290.1
360.2 358.1 355.2 351.6 347.7 342 336.2 333 333.1 327.9 331 337 340.6 341.4 348.3 357.2 367.2 373.8 376 376.6 379.7 384.7 383.6 380.2 375.8 372 367.1 360.2 362.6 369.8 375.8 378.3 379.3 375.7 363.6 359.7 357.3 353.9 349.3 345 338.7 334.9 330.9 327 327.1 325.6 322.2 320.3 318 312.8 307.5 302.6 298.8 299.8 299.8 300.5 300.7 303.3 304.9 305.8 306.7 307.1 308.1 309.5 310.8 304.3 297.4 292.6 290 288.7 283.9 284 285.2 288.4 292.2 294.8 295 294.3
361.7 359.8 357 353.2 348.9 343.2 338.1 333.8 334.5 330.9 332.8 338 340.7 342 350.3 361.4 370 374.8 374.9 375.4 376.5 377.7 378.8 376.1 376.3 372.4 367 361.1 366.5 377 385 387.3 384.2 379.4 372.9 361.6 358.8 356.7 353.6 349.9 343.7 339.2 335.2 333.8 333.9 332.9 330.4 326.8 322.8 319.7 310.7 306.5 301.2 301.7 303.2 303.3 303.1 304.2 304.5 305.1 305.4 307.2 305.2 305.6 305.8 305.1 296.2 291.8 287.9 286.2 288.2 288.5 291.1 291.9 294.9 297 298.2 298.4
362.8 361.3 358.7 354.2 349.7 341.5 333.8 333.8 333.8 332.5 334.6 338.3 341.1 342.8 355 364.4 370.7 374.3 374.3 373.6 374.1 374.4 374.3 374.5 374.4 371.6 365.7 361.8 367.3 384.9 392.7 394.2 394.1 382.2 375.5 367 360.3 358.5 357.1 352.4 347.5 344.5 341.8 341.1 340.5 338.5 336.6 332 328.3 325.1 318.3 310.1 304.8 304.4 306.5 306 305.8 305.4 306 305.8 304 302.6 302.7 301.3 301.9 300.1 292.3 288.7 286 286.6 290.3 291.1 291.8 294.9 298.1 300.3 302.2 302.1
363.1 362.2 360.1 354.8 349.4 342.4 334.1 333.8 333.9 333.5 334.4 336 340.5 343 354.9 363.1 368.4 372.5 372.3 371.3 370.9 371.8 373.7 373.9 373.6 372.6 365.3 363 369.9 387.5 394.7 397.1 399.1 394.3 377.4 370.3 362.9 359.7 357.9 354.8 351.3 350 350.9 348 346 344.5 342.5 338.2 333.4 327.7 321.9 314.6 308.6 306.7 307.8 307.8 308 309.4 307.8 306.7 304.8 300.9 298 297.6 296.8 294.8 291.3 287.3 287.4 292.4 291.7 293.2 294.7 298.5 301.5 303.9 307.7 308.8
363.7 362.3 361.3 355.5 348.9 341.8 334.5 333.8 334.7 334.7 335.5 337.2 340.1 344 352.9 360.5 366.1 370.5 370.2 369.2 369.3 370 372 373.3 372.8 371.9 366.4 363.7 371.9 391 395.5 396.2 395.1 391.2 383.8 372.3 365.9 361.7 360.2 358.1 356.3 357.5 357.5 354.9 351.8 350.5 348.8 343.9 340.3 334.9 322.9 316.1 313.1 309.5 309.2 308.9 308.5 311.8 310.6 306.2 304.1 300.9 296.2 293.8 292.8 291.4 288.7 287.2 288.2 291.2 292.6 294.5 299.5 301.7 306 308.9 311.5 315.1
362.6 361.8 360.9 355.1 348 340.6 334.6 333.8 335.5 335.6 336.4 339.2 341.2 345.4 350.7 356 361.9 366.3 367.9 367.7 367.8 368.4 369.9 370.6 371.1 370.9 366.7 365.4 379.2 397.2 401.9 396 392.8 388.8 384.3 375.7 367.6 364.3 363.2 364.5 364 363 362.4 359.4 356.5 356.7 353.4 348.1 344.7 339.8 328.8 318.9 315.1 310.6 310.2 307.8 309.7 311.5 310.3 306.4 303.7 299.2 293.9 291 289.9 288.3 287.5 288.5 295.6 291.6 293.4 298.2 302.8 305 308.2 313.6 317.7 323.7
360 359.7 359.8 354.1 348.1 341.2 336.2 336.7 337.1 336.4 337.7 340.2 341.7 347.4 352.6 355.5 358.9 361.5 364.9 366.4 366.7 367.4 367.8 368.3 368.1 367.4 365.6 367.2 388 396.7 397.7 393.9 388.6 385.9 382.2 378.7 372.5 369.2 367.9 369 368.7 366.8 365 362.6 359.3 361.2 357.3 352.6 347.6 341.1 334.1 321.9 316.2 312.4 309.5 307.9 307.7 309.6 308.8 306.9 303.8 297.1 292.6 291.6 290.5 287.9 287.6 288.1 295.3 296 297.3 301.3 305.4 310.1 315 321 326.4 333.3
356.4 357.1 357.5 353.5 347 341.2 337.2 337.5 338.4 337.2 339 341.3 343 349.8 354.5 356.3 359.4 362.3 364 365.7 367.2 368.1 369 369 368.2 367 365.2 367.5 390 396.9 393 388.9 384.4 381.5 380.3 378.9 375.8 373.8 374.1 373.5 372.6 371.7 368.7 367.1 364.1 361.9 361 359.4 355.9 348.6 331.6 325.2 315.3 312.1 310.4 309.5 309.5 309.4 309.3 308.2 304.3 298 293.2 291.7 290.2 287.6 288.7 293.5 299.8 298.7 300.3 304.7 311.6 317.6 324.1 330.7 335.7 340.2
352.8 354.5 355.9 352.2 345.5 341.1 335.8 337.5 338.4 338.6 340.7 343.1 346 351.9 357.2 360.9 363.5 366.4 366.6 365.7 367.3 368.3 369.1 369.9 369.5 366.7 365.6 366.7 382.5 391.4 389.9 391.6 395.6 392.9 382.4 380.2 377.3 376.2 375.6 376.2 374.6 373.7 370.9 369.3 367.2 364.8 361.2 363 359 348 335.7 329.2 317.9 313 312.3 308.9 307.4 308 308.7 307.2 305.5 297.9 293.7 295.9 288.8 288.1 291 296.7 301.5 302.8 304.1 309.9 318.5 325.6 332.6 338.2 342.1 347.5
352 353.2 352.7 348.1 344.8 340.2 335.7 336.6 338.2 339.5 342.4 345.5 348.8 354 361 366.3 369 370.4 370.4 367.7 367.9 368.5 369.2 370 370.5 368.2 368 370.3 380.5 388.2 393.4 401.3 408.7 412.9 391 384.5 380.7 377.4 376.6 376.4 375 372.8 372.8 371.2 369 367.4 362.8 357.8 354.7 346.8 338.1 325.7 318.5 313.1 311.1 308.5 305.4 305.2 305.7 304.8 304.8 299.1 293.7 292.8 289.4 288.1 291.3 295.8 301 303.6 304.8 312.8 324.2 333.1 340.2 344.2 348.8 354.3
348.4 350.1 349.5 347.3 343.9 339.9 334.7 336.2 337.9 339.5 343.3 348.3 350.8 357.5 364.6 370.7 374.8 374.8 373.5 370.6 368.6 369.1 369.7 370.4 371 371.2 371.9 376.4 383.5 391 397.8 405.5 414.7 421.5 404.5 385.8 382.9 380.5 377.9 376.9 375.1 371.7 372.9 372.3 369.9 367 365.5 356.7 351.2 344.4 334.8 322 316 314.3 309.3 307.8 304.3 303.6 303.3 303.8 304.2 298.5 293.3 291.2 289.2 287.3 290 295.1 298.3 302.2 309.4 318.5 328.3 337.4 344.5 350.1 354.8 360.3
346.1 347.9 345.7 343.9 342 336.5 333.3 335.9 338 339.2 344.3 349.5 354.2 360.2 369.1 374.7 378.9 379.8 377.6 374.2 370.9 370.2 371.1 372 372.6 373.2 374.1 380.1 387.5 395.1 402.4 410.9 419 423.7 411.4 388.7 381.3 380.7 378.3 378.4 379.6 373.5 371.9 370.5 368.7 366 362.1 358.6 350 347.5 333 324.7 318.1 314.6 309.4 305.7 303.8 303.1 302.4 302.8 303.7 297.4 292.8 290.9 288.4 288.5 289.4 293.3 295.8 305.3 313.4 321.7 329.8 339.6 349.6 355.9 360.5 365.6
340.9 342.1 339.7 338.5 337 333.8 332.8 336.4 338.8 339.9 342.8 350 355.7 363.6 374.5 378.7 382.6 383.6 381.1 377.1 373.9 372.9 372.8 374.2 376.1 376 377 383.1 391.3 400.4 408.3 415.2 421.5 426.9 418.5 391.3 380.9 378.1 377.6 375.9 376.1 374.4 370 369.4 367.7 365.5 360.7 356 348 343.7 337.3 336.1 325.6 323.6 314.7 309.5 304.3 303.1 302.3 302 302.9 298.3 291.3 289.7 292.1 292.3 289.3 294.1 300.9 306.8 313.9 323.1 330.4 341.1 352.1 360.4 365.3 368.4
339 335.1 334.8 333.7 332.3 331.8 331.7 337.4 340.2 340.4 341.5 348.8 356.2 366.1 376.8 385 388 387.5 384 379.5 376.4 374.8 374.5 376.5 378.8 380.8 384.1 392.8 400.9 408 415.8 423.2 429.9 436.4 430.6 395.5 381.5 377.3 375.3 372.6 370.5 369 368.6 368.9 368 365.2 360.3 353.6 347.5 338.9 334.2 331.6 325.3 322.8 318 314.6 311.2 306.2 303.8 302.6 302.5 299.7 296.7 291.3 292.4 296.5 293.6 299.7 304.9 310.8 315.9 323.7 330.8 341.4 354.1 364 369.4 371
335.2 330.5 330 329.3 329.3 330 331.4 336.6 339.4 340.1 341.5 345.9 354.5 365.5 376.8 385.8 389.6 389.6 387.5 382.7 380.4 378.6 378.5 380.2 383.3 388.8 395.1 412.6 416.4 419.3 425.7 433.1 440.5 443.3 436.9 400.8 383.9 376.4 371.5 369.4 367.2 366.7 366.9 366.1 368 364.4 362 355.3 345.1 335.1 327.5 322.2 320.4 317.9 317.5 316.5 314 310.8 315 305.7 302.7 301.6 299.1 292.8 292.1 298.3 297.8 303.2 308.5 313.3 317.7 324.6 332 340.9 353 363.3 371.9 376.2
331.8 329.3 326.3 325.9 326.9 328.8 332.2 335 337.4 339.1 340.4 343.3 349.8 358.2 374.5 383.5 388.4 388.1 387.6 386.3 384.8 383 384.2 386 389.3 398.2 410.9 427.6 433.7 432.9 437.2 442.8 448.8 452.4 434.3 401.1 386.6 377.6 372.1 369.7 366.4 364.2 363.9 362.7 363.6 361.5 358.9 356.3 343.8 334.3 323.1 319.3 317.6 316.3 315.7 316.7 314.2 312.7 318 314.5 303.7 303.8 301.7 292.4 293 301.4 301.4 306.1 310.6 312.5 317.2 325.4 333.6 339.5 351.9 360.7 372.5 378.5
330.3 328.4 324.4 322.7 324.4 327.3 332.3 332.9 334.5 337.3 339.9 343.8 348.9 357.1 369.1 380.9 385.6 384.9 387.2 388.3 388.6 388.1 388.7 391.6 395.4 405.3 423.4 437 444 446.2 449.2 452.5 459.3 456.3 420 398.5 386.1 378.4 374.4 371.4 366.6 362.6 360.9 359.9 358.4 358.8 359.6 356.8 351.2 337.3 329.5 321.4 317.5 316.7 315.9 315.7 314.6 313.6 314.7 315.6 309.5 308.2 302.9 298.2 296.9 304.4 306.4 309 311 312.8 314.6 323.4 331.6 339.1 351.9 358.2 378 380.3
330 327.7 324.1 321.8 322.7 324.6 329 329 334.1 337 340.6 344.3 349.4 355.1 362 373.3 377.9 382 385.6 389.8 390.5 391.3 390.4 393.6 399.7 411.6 430.5 441.1 450.6 456.4 461 462.9 464.9 448.6 412.7 395.1 386 380.7 377.1 373.9 368.4 365.4 360.6 359.5 358 359 363.8 358.6 351.6 339.9 336.7 331.8 323.2 322.5 320 317.7 316.6 315.4 313 312.4 312.3 309.5 309.1 305.3 301 308 309.7 310.3 312.6 312.5 313.4 319.7 328 337.3 347.4 356.2 371 377.8
328.8 326.1 323 320.3 320.5 323 324.5 328.2 333.3 337.9 342.3 345.5 349.5 353.9 359.3 365.5 372.6 379.9 385.8 390.6 392.3 393.4 393.3 393.8 401.6 419.1 438.3 446.5 455.2 463.3 466.5 465.4 457.6 429.6 406.3 393.1 385.9 382.4 379.9 377.7 374.4 370.7 360.2 358.4 357.6 358.7 361.6 359 351.9 341.3 336.9 337 329.5 329.4 324.6 324 324.7 315.4 313.1 311.6 310.7 314.3 313.7 310.2 303.1 307.6 313.2 313.2 314.3 313.9 313.8 318 329.4 335.1 345.3 352.7 362.2 379.4
326.5 323.6 321.5 319.8 320.3 323.4 324.9 329.2 333.3 339.3 344.5 348.1 350.7 353.4 357.7 362.6 372 378.7 385.3 391.1 392.9 394.3 395.3 396.4 402.8 423.4 443.9 453.5 461.8 468.7 465.6 452.2 436 416.4 401.6 390.8 385.5 383.6 381.6 381.3 381.1 377.7 362.4 358.6 357.3 357.2 363.6 361.3 357.5 341.6 333.5 331.9 333 328.9 325.4 325.3 326 318.3 314.7 316.4 320 320.6 316.9 313.1 305.8 307.2 311.2 316.1 315.3 313.7 314.4 317.4 330.2 333.5 341.8 347 355.8 383.6
325.5 323.2 322.3 319.7 320 323.1 325.9 329.5 333.8 340 345.6 350.6 351.6 354 358.2 363.4 371.1 376.5 381.4 388.3 391.7 393.4 396.5 397.7 404 424.8 444.1 458.4 468.7 472.4 462.4 440.1 419.7 407.5 396.2 389.3 385.2 383.5 382.2 384.2 385.9 382.5 365.5 359.6 358.8 356.8 355.4 355.6 352.1 344 331.5 329.3 327.7 325.7 325.2 325.4 324.9 322.2 322.7 328.7 325.4 322.5 319.6 317.2 308.6 312.9 316 318.5 315.2 314.9 313.8 316.3 323.1 336.9 338.4 343.4 351.3 382.6
326.1 325.2 323.5 321.3 318.2 320.7 324.8 328.9 332.4 337.5 343.5 347.9 351.5 354.7 358.8 363.3 370.7 374.8 379.8 386.1 390.4 394.2 396.8 398.7 405.5 424.9 442.1 459.6 471.2 470 453.6 427.4 409.2 397.6 392.2 386.6 384.8 383.8 384.1 385.8 394.4 389.5 366.8 362.3 364.1 361.8 360.5 362.9 355.6 346.8 335.4 330.3 327.7 327.5 327.5 327.8 328.5 334.4 336.8 334.4 331 325.7 322.6 314.5 316.5 320.5 320.2 322 319.6 320.3 315.7 315.2 322.6 335.1 335.8 342.8 346.3 363.4
327 325.4 323.5 321.3 318.4 317.5 323.6 327.4 331 335 339.9 344 349.5 355.3 359.8 362.9 369.6 375 381.7 386.7 391.5 396 398.3 400.7 406.8 423.3 441.2 458.7 468.6 463.8 446.1 418.9 401.3 391.7 387.9 385.4 385 385 386.3 390.7 399.9 394.1 369.1 364.1 364.7 368.2 367.4 367.5 365.1 355.4 343.8 338.1 332.4 330.9 330.5 331.5 339 344.8 344.3 342.2 338.7 327.6 324.3 317.5 322.9 323.4 323.5 323.1 322.3 321.4 317.7 318.4 320.7 324.3 327.8 335 336.9 351.2
327.9 324.9 321.6 319.9 318.6 315 322.3 326.2 329.3 332.4 337.4 342.5 347.8 353.8 359.2 362.9 369.4 375.8 383.8 390 393.5 395.9 400 403.6 408.8 421 439.4 458.5 465.4 458.5 436.3 411.7 396.5 388.9 385.4 385.1 385.4 386.8 391 397.4 401.3 390.9 372.1 366 366.2 373.6 376.4 371.2 368.3 358 347.5 346 341.3 336.6 336.6 340.3 348.5 353.7 353.7 348.6 343.6 332.6 327.2 329 330.5 327.2 326.8 323.5 321.8 320.9 317.1 315.8 316.8 318.2 322 323.2 327.4 334.1
326.9 323.7 321.4 319.2 317 314.8 319.6 324.2 327.6 332.1 337.9 343.5 349.8 354.6 357.7 362.3 369 376.3 384.6 392.3 396.7 399.5 402 404.8 412.3 425.2 440.4 456.2 462.8 454.6 437.3 410.2 393.3 387.2 385.4 385.4 386.8 389.7 394.6 400.7 401.2 388.7 374.5 366.5 367.2 377.3 385.2 377.7 374.5 361.4 353.9 350.2 344.2 343 343.6 364.3 362.3 359.3 357 352.6 343.8 338 335.1 337.3 335.9 335.7 336.3 331.8 331.1 325.2 322.2 318.1 317.1 317.9 317.7 318.2 320.2 320.9
326.7 323.1 320.3 317.3 314.9 314.2 318.3 322.2 327.3 332.8 338.4 344.7 350.1 353.8 357.5 361.7 368.7 376.4 386.3 394.8 400.4 405.1 408.5 413.4 421.3 431 440.6 453.5 461.2 455.7 437.6 410 391.3 386.5 385.6 384.4 387.8 392 397.4 398.9 396.3 388.4 375.2 367.8 367.2 378.5 387.9 380.4 372.7 361.1 355.2 353.7 350.7 349.3 356 363.7 368.5 362.5 354.6 354.4 347 341.4 341.5 345.7 345.2 348.5 347.7 346.8 343.8 336.9 331.4 327.4 320.2 320.4 319 317.7 319.1 320.4
327.2 323.6 319.2 315.4 312 313.5 316.7 319.2 326.4 334.8 340.5 344.5 349.4 352.6 356 360.7 364.6 373.9 383.4 394.3 401.1 408.2 416.2 430.5 434.9 436.6 443.5 451.8 460.7 457.2 441.8 407 388.7 385.5 384.3 384.3 388.4 392 394.2 393.8 391.4 384.7 373.3 367.7 365.8 374.9 379.8 378.1 367.3 357.7 355.8 356.5 356.4 356.3 360.2 365.2 366.7 358.9 353.8 352.9 349.8 347.4 352 361 366.1 372.2 358.5 354.9 348.3 345.6 339.8 330.8 322.9 323.9 320.5 318.5 322 320.8
326.2 321.6 317.6 313.7 311.2 313.6 316 319.6 326.6 336.9 341.3 345 348.3 350.3 353.8 358.5 361.1 370.6 377.6 387.5 397.2 407.8 423 436.1 444.8 445.1 447.2 452.9 459.2 457.8 438.4 405.5 389.3 384.8 384.6 386 389.5 388.9 387.8 387.6 384.7 379 370.5 365 363.5 365.8 371 372.1 363.9 357.5 356.4 360.2 360 366.2 362.5 365.6 365 355.3 353.6 353.2 354.2 354.7 363.3 370.1 372.5 372.9 359.9 352.9 346.8 343.6 337.7 329.3 325.6 325.4 324.8 320.4 325.2 322.1
324.8 321.1 316.2 309.9 311.3 313.1 315.2 319.7 325.3 335.7 340.5 343.1 345.6 346.1 351 355.1 357.9 363.8 372.1 380.6 390.8 402.7 416.8 431.8 442.4 449.9 451.8 456 458.3 454.1 431.3 406.8 389.3 383.9 385.3 386.2 385.4 383 380 376.6 374.5 369.5 363.9 358.5 359.2 360.5 361.6 362.6 358.8 357 356.5 361.9 371.9 370.7 363.7 365.5 360.6 355.1 354.6 355.7 360.4 359.9 360 367.7 371.9 364.4 357.8 350.3 346.2 340.1 336.2 328.9 326.2 328.5 324.8 321.8 322.8 323.7
