data/230000-920000.asc
ncols 200
nrows 200
xllcorner 230000
yllcorner 920000
cellsize 50
[rows 140 to 174 of 200, columns 79 to 157 of 200]
248.6 248.6 248.6 250.7 248.6 248.6 255.3 259.7 260.6 261.9 273.4 273.8 281.1 287.8 297 298.5 302.4 307.1 311.8 316.4 320.7 322.9 324.4 325.4 327.3 330.2 333.5 334 335.1 335.7 340.8 342.6 343.3 343.9 348.5 351.5 350 349.9 351.6 351.6 354 356.2 357.3 357.8 358.9 358.3 357.2 357.8 358.1 358.4 358.6 357.1 357.8 358.6 357.6 357.3 357.7 355.8 352.7 348.6 342.1 336.9 331.5 327.1 324.4 321.4 317.9 314.7 312.6 311.5 311.3 309.5 307.9 308.2 307.3 303.7 300.6 301.6 301.4
248.6 248.6 248.6 251.4 250.7 248.6 252.8 259.7 257 255.9 261.7 273.6 281.1 286.4 293.7 298.8 304.1 309.1 312.8 315.7 320.8 323.3 326 327.4 329.2 331.3 335.2 335.1 336 337.3 340.6 344.9 345.4 346.8 351.5 355.2 354.9 354.3 356.5 357.1 358.1 361 361.3 362.1 362.8 362.7 361.4 361.8 362.1 362 361.6 361.5 362 361.2 359.7 359.8 358.2 356.9 355.7 352.5 346.7 341.5 334.4 332.7 329.8 326.4 322.9 320.2 318.3 317.2 316.4 313.6 312.2 312.1 311.3 308.3 305.4 306.5 305.5
248.6 248.6 248.6 252.3 253.5 249.5 248.6 255 253 255.1 262.6 272.3 278.8 282.9 291.5 296.9 303.9 308.5 313.1 315.3 318.3 321.2 325.7 329.4 332.5 335 334.5 336.3 337.5 339.2 341.3 345.3 347.9 350.2 355 358.2 360.2 358.7 359.8 363 363.5 366.1 367.5 367.1 366.5 365.8 365.1 364.2 363.6 364.5 364.3 363.4 364 363.6 362.1 361.4 360.4 358.9 356.9 354.6 349.5 344.5 341.4 338 334.2 331.3 329.2 327.5 326 325 322.1 319 317.3 316 315.8 312.9 309 310.1 308.8
248.6 248.6 248.6 249.8 249.7 254.8 248.6 248.6 248.6 258 263 267.8 273.3 280.6 290.4 296.1 302.8 308.3 312.4 314.1 316.8 321.1 326 329.9 332.9 335.3 335.9 336.9 339.1 339.3 343.6 345.9 349.1 354 356 358.9 364.3 362.3 364.4 367.2 368.6 370.7 372.4 372.2 371.6 368.6 367.3 366.2 365.7 365.7 366.3 364.7 364.4 364.3 363.6 363.2 362 361.3 359.2 357 353.2 348.7 346.1 342.3 339.4 338.1 336.9 335.6 334.2 332.2 328.8 325.9 325.5 323.5 321.1 316.8 313.7 314.3 312
248.6 248.6 248.6 250.9 248.5 248.5 248.6 252.9 253.1 249.8 260.1 261.6 269 279.6 288.3 295.3 302.3 309.5 314.1 315.5 317.2 321.7 325.7 330.7 334 335.1 336.1 338 341.9 342.1 344.4 348.8 351.5 356.9 358.3 359.1 364.2 366.2 368.1 370.4 371.6 374.8 376 375.3 373.6 371.7 371 367.7 368.3 367.3 367.2 365.4 363.9 364.3 364.9 364.3 363 361.3 358.6 357 355 352.4 349.9 347.9 345.9 344.3 342.9 342.5 341.3 338.7 335.5 333.7 333.6 329.6 327.1 321.9 319.8 318.7 314.1
248.6 248.6 248.6 248.6 248.6 248.6 250.3 254.5 257 246.5 253.7 258.6 267.2 278.2 286.4 292.4 300.9 309.3 315.8 317.9 320.3 322.3 324.9 329.2 333.5 335.7 338.9 340.1 341.6 344.8 347.3 351.2 355.4 359.1 360 361.2 362.2 364.7 369.7 372 374.1 376.1 378.8 378.4 376.1 374.8 372.8 370.3 367 365.8 365.4 364.4 363.5 362.7 363.9 364.5 363 361.9 359.8 358.4 356.8 355.5 354.4 353.2 352.4 350.5 349.3 348.5 347.4 345 343 340.9 338.4 336.4 334.2 330.1 327.4 324.3 318.6
251.5 248.6 248.6 253.1 248.6 248.6 248.6 251.8 256.3 251.1 245.9 253.1 262.2 271.6 281.1 289.3 297.8 306.1 314.2 319.5 321.2 323.5 325.9 329 333 335.6 340.8 341.7 342.9 347.2 351.2 352.9 356.9 360.1 361.6 364.9 365.6 368.4 371.4 373.9 376.8 378.6 380.1 380.7 379.8 378.7 374.1 371.2 369.3 366.4 365.5 363.2 361.6 360.4 361.2 362.9 363.8 361.7 361.7 359.9 359.1 358.7 357.4 358.3 357.9 356.8 355 353.3 352.5 350.9 349.2 346.9 344.5 343.1 340.9 337.8 333.8 330.1 324.4
249.9 251.7 248.6 255.2 248.7 248.6 248.6 253.2 255.5 254.6 245.9 245.9 255.2 266.1 278 285.4 294.4 303.2 311 317.9 321.3 325 326.2 329 333.7 337 340.5 341.8 345.6 348.4 352.3 353.3 357.9 360.7 363 366.7 369.7 371.8 372.7 375.5 378.2 380 383.1 384.3 383.7 383.5 381.7 374.8 371.3 368.2 365.3 362.2 359 358.3 358.7 358.3 363.7 362.3 361.8 361.2 361.1 361.3 362.4 363.2 363.2 360.8 359.5 358.1 357.6 356 355.5 353.5 351.4 349.4 347.3 345.2 341.8 336.9 331.9
248.6 251.6 255.5 248.9 248.6 248.6 253.5 255.8 256.1 253.7 245.9 245.9 255.9 266.5 274.8 283.5 292.4 299.8 307.7 312.3 317 323.9 325.9 327.4 333.9 336.8 338.4 342.3 346.8 348.9 351.5 354.7 360.1 361.1 362.8 367.9 371.4 372.3 375 376.9 380.6 381.4 383.4 386 386.5 386.2 384 376.5 372 370.9 365.9 363.2 358.3 358.3 358.3 358.3 364.1 364.6 364 363.8 364.3 365.4 366.3 367.1 367.2 365.3 364.7 363.8 362.8 361.7 361.3 359.9 357.9 356.4 354.1 351.9 349.6 344.8 338.8
252.1 253.9 253.1 248.9 248.7 252.3 252.1 256 257.4 253.3 245.9 252.8 258.4 264.9 271.8 279.9 286.4 295.1 304.1 311 314.6 320.9 323.1 325.3 331 335.3 337.8 341.2 345.1 349.3 353.1 355.2 359.1 361.6 363.5 368.9 371.4 372.5 377.1 379.9 383.2 384 384.8 386.3 386.9 386.7 383.1 376.5 371.3 369.3 365.6 363.6 359.1 358.3 358.3 358.3 363.9 367.5 367.7 367.1 367.8 368 368.7 370.3 370.6 369.9 369.5 369.9 368.6 367.8 367.1 366.4 364.7 363.5 360.9 357.7 354.9 351.7 346.1
253.9 253.3 253 255.8 254.1 251 251.2 252.8 256.7 255.8 248.9 255.2 258.6 264.7 269.4 275.3 281.6 289.4 298.9 306.1 310.4 316 319.6 323.2 330.3 336.1 338.1 341.6 348.3 350.1 352.9 355.2 359.8 361.7 365 369 372.6 373.7 377.1 381.9 384 384.6 384.7 385.5 385.8 385.5 382.7 377.6 371.4 369.7 368.1 364.6 364.5 358.3 358.3 359.1 365.2 368 368.2 369.6 370.2 370.7 371.4 372.6 373.3 373.6 375.5 376 374.6 373.9 372.9 372 371.2 369.3 366.5 363.6 359.7 355.4 350.3
250.8 254.5 255.7 254.5 252.4 251 252.9 251.1 248.9 253.3 251 256.8 258.5 262 265.3 269.2 276 283.5 292.7 300.3 306.3 311.4 316.3 323.6 328.5 335.5 338.7 342.4 345.5 348.5 352.1 355.6 359.9 363.5 366.6 371.6 375.5 376 377.8 382.6 383.2 383.8 383.5 383.8 384 384.4 382 376.2 370.9 370.1 368 364.5 364.4 360.7 358.3 358.3 364.9 368.6 369.8 372.6 373.4 373.8 374.3 375.5 376.4 377.6 378.8 379.7 379.3 378.1 377.7 377 376.2 375 372.3 369.3 365.8 361.3 356.4
252.1 253 258.2 252.7 253.8 252.5 252.4 251.7 249.2 245.2 256.3 258.9 257.9 258.8 260.5 265.6 273.3 279.8 287.8 296.1 303.2 308.7 315.9 323.2 327 332.6 337.7 341.2 343.8 347.1 351.6 357.2 361.8 363.9 366.7 372.5 375.9 377.8 379 382.7 383.1 383.2 383.2 383.1 382.7 381.3 377.5 372.3 369.8 367.2 366 365.8 364.1 361.8 358.7 361.5 366.1 369 371.5 374.9 376.8 377.9 378.7 380.2 381.8 381.7 381.7 382.8 383 382.5 382.3 381.7 380.6 380.2 378 374.9 371.7 367.3 362.4
251.1 256 252.2 247.2 246.9 246.9 249.2 251.4 249.4 244 256.2 258 257.4 256.4 257.2 262.7 268.8 276.3 282.9 291.3 299.1 306.1 314.3 321.5 326 331.1 336.6 339.6 343.4 346.9 350.5 357.8 360.7 364.4 367.1 372.7 375.1 378.9 380.3 382.3 384.5 384.4 383.2 382.7 382.3 378.9 373.6 369.3 365.2 363 362.2 362.5 361.8 360.9 360.5 361.9 365.8 369.2 372.6 376.1 378.5 380.5 381.9 383.3 384.2 384.7 385.1 386.1 387.2 387 386.5 386 384.5 384 382 379.8 377.8 373.3 368
249.8 250.1 249.1 246.8 249.6 250.4 248 248.5 247.5 243.7 254 255.8 256.3 255.8 256.7 259.1 264 271.7 278.8 286.8 294.8 302.3 311.7 316.5 324 330.7 335 338.7 341.8 345.6 349.7 356.1 360.9 364.3 368 372.2 376.5 381.3 381 382.1 383.6 384.4 383.5 382.5 381.8 378.7 373.8 369 363.9 360.2 359.1 359.1 359.9 360.9 359.4 360.6 364.7 369.5 371.9 375.5 378.1 380.4 382.6 384.8 387 387.9 389 390.1 390 391.3 390.8 390.2 388.8 387.5 386 384.2 383 379.2 374.2
247.5 248 247.8 248.1 249.4 246.2 246.9 245.7 247.6 246.7 242.9 254.2 254.4 254.5 255.3 256.8 259.8 263.6 272.1 280.9 288.5 297.8 306.3 314.3 321.8 329.6 332.8 335.6 341.2 346 350.6 355.3 362 364.6 368.1 372.1 376.3 379.7 381.7 384.3 385.8 386 384.3 382.2 381.7 379.3 373.6 368.6 362.9 358.2 356.9 357.8 357.9 358.2 355.4 360.3 363.5 368.3 372.7 375.5 378.2 381.2 383.9 386.2 388.5 389.9 392.5 392.5 393 393.9 394.4 394.2 393.9 392.6 390.9 388.9 387.3 383.3 377.5
254.9 250.6 248.9 246.8 244.4 243.1 243.8 239.5 244 246.2 247.2 248.4 255.3 253.7 253.8 255.4 256.2 258.3 262.6 273.3 282.2 291.9 301.2 310.8 320.9 327.4 331.4 335.3 340.5 344.3 350.9 355.3 362.4 364.3 368.4 372.4 376.4 380.1 383.5 385.5 387.7 388 384.8 381.8 379.9 375.9 372.1 367.7 360.7 354.8 355.9 354.5 353.9 354.8 355.6 360.1 363.3 368.6 372.6 375.9 378.1 381.6 385 387.4 390 391.8 394.2 394.7 396.1 396.9 397.6 398.1 398.6 398.4 396.2 393.7 391.7 387.6 381.8
260.9 251.6 245.6 242 241.8 241.7 244 240 241.9 244.3 243 244.3 251.6 252 254.2 253 253.5 254.9 258.4 264.7 274.5 287 297 304.8 314.7 326.5 330.8 334.4 339.7 345.9 349.9 354.5 361.8 364.3 369.5 374.2 377.1 381.2 383.3 385.8 387.5 387.4 385.6 381.6 376.6 370.1 367.2 362.8 357 351.8 353.1 353.7 353.5 355 356.6 359.7 362.5 367.3 372.5 375.9 378.2 381.5 385.4 388.2 391.8 393.9 395.3 397.8 399.5 400.9 402.3 403.2 403.5 403 401.1 398.7 396.2 391.8 387.8
266.2 251.8 242 240 239.8 241.8 242.9 243.8 240 241.3 240.4 243.8 247.4 250.8 254 252.1 251.8 251.9 254.7 260 268.4 279.4 291.9 302.1 311.7 324.1 330.6 336.1 340.8 346.3 349.4 353.1 359.8 363.4 370 374.9 378.3 381.7 383.8 386.4 386.8 387.2 386.3 382.9 374.8 366.6 361.6 357.4 353.2 349.2 349.2 351.6 353.3 357.3 359.9 360.9 362.3 366 372.6 376.4 379.4 382.3 385.9 389.2 392.7 395.3 397.5 399.9 403.1 404.6 406.7 408.6 409.1 407.7 405 403 400.3 397.9 394.7
259.1 252.2 240.7 239.9 239.7 240.7 240.9 240.6 241.4 237.4 240.9 240.8 242.8 247.8 250.9 249.7 250.3 250.7 254.1 257.3 264.3 276.8 289.7 298.7 309.6 320.9 329.5 336 341 346.6 349.6 353.9 359.8 363.9 370.3 374.9 379.1 383 385.2 386.9 387.6 386.7 384.6 378.5 372.1 364.1 357 352.4 349.2 346.4 345.2 349.7 355.2 358.7 362 362.4 362.9 365.7 372.7 377.6 380.2 384.5 386.8 389.8 394 397.7 399.9 403.1 406.6 409.4 411.8 413.5 415.2 414.2 411.4 408.8 406.8 404.3 401.2
263.5 251.9 244.6 241.4 240.2 240 239.6 239 236.7 236.6 236.5 238.3 239.6 245.1 248.7 249.4 250 250.2 252.1 254.9 259.4 269 285 295.9 308.1 322 329.4 334.5 342.1 347.1 352.8 356.1 362 367.6 373.5 377.3 381.6 384 387.1 389.3 390 384.6 379.2 373.4 366.4 360.9 353.4 348.4 346.2 344.6 344.3 349.5 354.6 359.4 363.8 364.8 365.6 367 372.9 378.1 383 386.2 388.1 392.3 396.3 400.3 403.6 406.4 410.2 413.8 416.8 418.6 420.5 420.7 418.3 416 413.5 411.2 409
258.7 252.3 246.9 245 241.5 239.5 238.3 238.3 238.8 240.4 237.2 236.3 236.3 241.6 247.9 249.1 246.7 249 250.4 250.3 253.9 261.7 276.7 293 305.1 316.1 326.4 334 342 348.5 353.9 358.6 362.9 369.7 374.5 379 384.1 386.6 388.8 389.9 387.7 381.9 375.2 370 363.8 357.4 350.9 346.7 343.1 343 342.1 348.1 353.7 359.1 364.1 365.2 365.9 368.9 373.7 377.9 382.7 386.9 389.7 393.9 398 402.7 406.9 409.9 414.1 418.1 421.4 423.2 424.9 424.7 423.6 422.1 421.3 418.3 416.5
251.9 248.5 247.4 242.5 240.8 238.5 237.6 238 237.9 237.7 238.7 236.3 236.3 238.4 245.1 247.9 246.6 246.3 245.3 243.9 249.9 256.6 266.1 282.1 297.4 310.7 324.2 332.1 341 348.9 354.1 359.7 364.1 369.7 374.6 380.4 385.7 388 389.2 389.5 386.5 380.6 371.3 366 360.6 354.8 348.3 344.8 341.7 341.6 341 348 352.6 357.3 362.2 363.3 366 371.1 374.8 378.6 382.4 387.1 390.9 395.2 398.9 404.9 409 412.2 417.8 422.4 426 427.9 429.4 430.4 430.2 431.4 429.5 425.3 423
259 253.3 249.3 246.6 245.5 240.2 237.2 236.4 236.3 236.3 236.3 236.3 236.3 236.5 242.4 244.8 247.6 242.5 240.7 240.8 247.4 252.6 257.9 268.5 288.8 306.4 321.6 330.6 339.2 347.5 354.3 359.9 364.9 370.9 376.1 381.3 386.4 388.4 388.3 387.1 382.5 376.8 367.9 362 357.4 351.7 346.3 342.5 340 339 341.5 348.6 351.6 354.1 357.5 364.2 367.2 371.9 375.9 379.7 382.3 385.7 390.3 394.7 400 404.5 408.8 413.4 419.5 425.1 429.3 432.1 434.2 435.5 437.7 439.4 437.1 433.5 431
263.9 255.5 250.4 247.8 244 239.9 236.3 236.3 236.3 236.3 236.3 236.3 236.3 236.3 240.8 241.3 243 244 239.2 238.8 242.6 247.6 253.1 260.1 274.7 294.4 312.5 325.5 336.5 346.8 353.6 359.9 366.9 371.7 377.2 382.5 387 388.1 386.3 383.9 379.8 373.1 365.6 357.9 353.2 347.7 345.3 342.2 339.3 336.6 345.6 346.7 349.2 352.4 357.6 363.8 366.4 371.5 375.3 379 381.3 384.5 389.2 393.6 398.9 403.8 408 413.6 419.9 426 431.9 436.3 438.7 440.8 443 445.1 444.8 442.2 439.7
271 259.4 255.5 251.5 247.6 244.3 236.3 236.3 236.3 236.3 236.3 236.3 236.3 236.3 236.3 239 241.9 243.2 242.7 237.1 238.4 242.4 246.5 254.5 264.5 280.9 295.9 317.7 332.9 344.1 353.5 360.7 369.2 375 380.1 383.6 387.4 387.6 386.2 382.2 374.8 368.3 363.6 355.5 350.2 343.6 342.4 339.9 336.8 339.7 345.3 345.9 350.1 353.1 356.5 360.5 364.9 370.2 373.9 377 380.7 383.5 387.4 392 397.6 402.2 407.9 414.2 420.6 427.6 433.7 439.2 443.6 445.7 449.2 452.4 451.7 450.3 447.9
279.3 272.8 267.5 259.7 254.4 251.1 242.7 236.3 236.3 236.3 236.3 236.3 236.3 236.3 236.3 236.3 236.3 241 241.6 239.4 233.5 234.8 242.3 249.7 257.3 269.3 287.9 307 331.6 345 353.7 362 371.3 377.5 382.2 385.8 387.5 388.1 385.6 381.2 372.7 365.1 358.8 352.5 347.6 341 339.7 335 337.2 342.8 345.1 345.6 349.3 351.3 355.4 358.6 363.2 367.8 371 374.6 379.2 382.8 385.7 391.3 397 401.8 406.9 413.3 420.1 427.5 434.9 441.3 447.4 452.8 456.6 459.4 459.7 457.9 455.5
296.6 291.5 282.3 272.8 263.9 259.4 250.7 242 236.3 236.3 236.3 236.3 236.3 236.3 236.3 236.3 236.3 236.3 236.1 234.1 233.1 231.7 237.4 243.6 252.3 266.3 282.7 304.9 330.2 344.9 354.1 362.6 371.4 378 382.6 386 387.6 388.5 384.5 379.6 371.5 360.6 354.2 350.5 343.9 339.6 335.5 331.7 336.9 341 345.3 345.7 346.6 349 353.9 357.2 360.9 365.5 370.1 373.1 376.8 380.7 384.3 390.1 395.1 400.2 405.4 412.5 419.6 427.6 435.8 444 451.1 458.7 463.2 466.6 467.6 465.6 462.6
306.7 301.8 296.7 294.4 287.8 272.7 258.5 251.9 239.8 236.3 236.3 236.3 236.3 236.3 236.3 236.3 236.3 236.3 239 237.9 232.6 231.6 230.8 237.8 248.6 265 284.5 307 328.6 343.4 353.8 362.5 370.4 377.8 382.6 385.2 386.2 387.3 383.7 378 369.3 358.9 353.6 347.9 340.7 334.9 331.3 329.6 336.2 341 345.4 345.4 344.6 348 352.5 354.3 359.9 365 368.9 371.9 375.1 378.7 383.1 388.2 393.2 398.7 404.8 412 419.7 428.2 436.7 445.1 454 462.6 468.8 473.9 475.9 474.7 472.3
306.6 309.7 308.2 311.6 299.8 292.1 278.7 261.5 251.7 248.4 243.5 237.4 236.3 236.5 236.8 236.3 236.3 236.3 239.9 239.6 236.9 233.5 230.6 231.4 243.8 260.6 283.6 307.8 327.1 341.4 352.1 361.1 369 376.3 381.8 384.4 385.1 385.8 383 377.4 369.3 359.2 351.3 346.1 338.5 331.9 327.7 326.6 334.8 339.6 344.2 342.6 342.1 345.6 348.9 352.7 359 363.1 367.1 370.4 373.7 377.9 382.2 387.5 392.8 397.9 404.7 412.1 420 428.4 437.1 446.4 455.4 465.1 473.3 480.7 483.5 483 480.4
312.5 307.6 307 299.2 289.7 282.8 274.6 271.4 253.6 248.8 246.8 240.6 240.6 238.2 237 237.5 237.3 238.1 240.9 242.2 240.1 236.8 233.4 230.5 239.6 253.3 278.4 303.7 323.9 339.5 350 359.1 367.2 374.2 379.8 383.5 384.4 383.7 381.6 378.3 369.6 359.3 351.6 345.7 336.4 329.3 325.9 323.6 331.7 336.8 338.7 337 339.6 342.7 348.3 353.4 358 362.2 365.7 369.2 372.8 377.3 381.6 387.2 392.3 397.1 404.4 412.1 420.1 428.5 437.5 447 457.4 468.8 477.9 486.2 489.6 489.2 485.9
325.3 316.9 307.2 291.2 278.3 271.3 266.6 267.3 258.4 250 245.1 242.7 239.7 241 239.9 239.5 239.2 240.8 242.9 243 242.2 240.8 240.7 230.5 235.5 245.3 264.4 288.5 319.7 336.3 347.9 356.9 365.3 372 377.7 382.1 382.9 381.5 379.2 376.7 368.8 358.3 350.5 343.8 335 328.5 323.7 323.8 327.7 330.7 334.4 334.8 337.8 342.4 346.1 351.5 356.1 360.7 364.8 368.2 372.2 376.7 381.1 386.1 391.2 396.3 403.3 411.4 420.1 428.6 438 448.1 459.3 471.8 482.4 491.1 495.7 495.6 492.9
326.6 320.8 317.4 290.9 277.8 268.1 259.4 255.8 253.1 251.4 246.3 248.9 247.3 244 241.8 241.3 240.2 241.9 243.8 243.8 243.8 242.4 243.6 229.1 230.2 239 252 274.1 306.3 328.2 342.5 353.6 362.9 369.5 374.9 379.5 381 379.5 376.3 371.7 365.1 355.8 349.1 339.7 332.9 324.1 317.9 323.4 323.4 328.1 331 331.1 335.7 340.4 344 348.2 354.1 358.7 363.3 367 371.6 375.9 379.8 384.2 389.2 395.6 402.6 411.1 419.8 428.6 438.2 449 460.6 473.5 486.1 495.7 500.4 500.4 498.4
331.6 321.6 313.1 289.4 277.9 270.8 262.9 257.1 252.9 252.4 248.8 250.4 251.3 249.2 250.5 245.9 243 244.9 246.5 245.4 245.4 244.9 243.2 236.2 228.2 230.3 239.5 258.1 284.1 316.5 333.9 347.2 358.8 366.4 372.3 376.6 377.9 376.6 372.6 367.1 360.7 353.4 347 336.2 325.1 319 313.5 318.1 321.1 324.6 326.1 328.8 333.8 338 342 346.7 352.3 356.8 361.4 366.3 370.7 374.7 377.7 382.5 388.2 394.9 402.4 411 419.7 428.3 438.3 449.3 461.5 474.5 487.3 497.8 504.1 504.2 502
333.2 321.2 307.6 288.7 278.5 270.7 265.8 261.1 254.5 250.6 252.6 253.4 253.4 252.7 255 249.6 245.4 247 247.6 248.2 248 246.1 243.5 238.3 227.4 227.1 231.3 242.2 267.9 293.5 321.3 337.5 352.9 362.6 369.8 374.8 375.8 373.1 367.8 360.7 354.8 349.7 341.4 330.5 320.3 313 311 312.1 316 318.7 319.5 325.3 330.9 335.7 339.6 344.5 350.4 355.1 359.9 364.7 369.7 372.7 376 381.2 387.2 394.6 402.4 411.1 419.4 427.9 437.7 449.2 460.6 474.3 487.3 499.6 508.1 508 504.8
