data/230000-50000.asc
ncols 200
nrows 200
xllcorner 230000
yllcorner 50000
cellsize 50
[rows 111 to 147 of 200, columns 84 to 167 of 200]
104.3 103.6 97.2 92.8 95.5 101.4 110.1 110.3 106.4 100.4 90.6 76.4 65.8 61 74.9 90.9 99.5 106 109.9 111.5 111.2 108.8 106.3 102.9 98.7 93.8 87.2 74 58.8 52.3 47.1 46.7 52.2 64.9 73.7 78.6 79.7 79.4 77.5 74.8 71.9 72.9 76.9 81 83.9 87.4 87.9 87.3 86.2 82.2 76.3 70.5 67.6 67.3 63.8 59.4 47.2 50 51.5 48.8 42.1 35 28.7 24.5 33.1 50.1 59.8 60.8 57.7 49.7 43.1 26.8 13.5 21.8 40.2 55.4 61.6 65.3 66.5 65.1 61.5 55.9 50.8 42.6
111.5 110.5 107.3 106.9 109.4 115.5 118.1 115 110.1 103.8 96.6 87.1 73.4 66.9 78 94.2 102.4 109.2 113.7 115.3 113.8 111.3 107.4 102.8 97.5 93.4 88.3 79.4 64.4 55.2 50.3 49.9 55.9 68.9 76.3 80 82.3 82.5 82.1 81.4 81.7 83.1 84.7 87.4 90.8 91.2 91.1 87 82.7 78.8 72.1 63.4 56.2 56.1 54.4 47.5 43.6 43.3 44 41.6 33.9 29 26.1 31.3 41.2 53.4 62.5 65.5 63 56.8 44.4 30.4 16.2 16.9 30.9 48.9 59.3 64.2 66.2 64.6 60.7 56.7 50.5 41.9
117.7 117.1 114.8 114.7 118.1 121.4 121 118.3 112.6 107.3 101.8 94.1 80 71.9 79 93.6 103.6 110.6 115.2 117.9 116.1 112.3 106.9 99.8 93.5 90.3 86.2 79.7 67.8 59.6 54.1 52.9 60.6 70.2 76.1 79.4 82.5 85.1 85.5 87.2 88.1 88.1 89.5 90.4 92.5 93.3 92.8 89.1 82.7 72.6 60.5 53.4 50.5 46.9 44 43.6 43.6 37.3 35.4 30.7 29.7 30.7 33.2 45.7 59.8 63.8 68.3 69.6 65.9 59.6 51.1 34.5 19.3 16.8 27.3 50 58.1 62.5 63.2 61.9 60.3 57.2 52.8 47.1
121 120.9 119.7 119.2 121.4 121.3 119.7 116.9 113.6 109.5 106.1 99.4 87.6 78.8 81.3 92.2 102 109.1 113.4 116.6 115.3 111.1 103.9 96.4 89.9 86.4 82.7 76.9 68.9 60.2 56.6 57.3 64.2 69 73.5 76.6 79.4 82.7 86 89.6 90.9 90.3 89.9 90.6 91.7 92.5 91.7 88.5 83 70.3 60.4 64.8 64.5 61.3 57.5 54.1 46 38.4 34.7 34.7 36.3 42.2 52.3 62.9 69 73.5 75.1 73.6 68.6 61.2 51.6 36.3 21.5 17.5 30.8 51.4 56.6 59.1 60 59.2 58.4 56.9 54.7 53.6
121.5 118 116.2 114.6 116.3 115.7 113.8 111.5 110.5 108.7 106.4 101 93.6 84.3 85.9 91.1 98.2 104.4 108.2 111 110.3 105.9 100.8 92.4 87.1 82.2 77.9 71.7 65.9 61.5 59.6 60.6 62.8 65.9 70.8 73.4 76.9 81 85.1 88.4 88.3 88.1 88.1 88.5 89.3 90.2 90.1 88.3 80 68 73 77.9 74.8 70.5 63.7 56.3 47.9 41.9 42.2 47.2 52 59.8 68.4 72.9 78.2 80.3 80.6 78.7 73.4 64.6 52.4 37.5 22.8 18.4 38.3 49.4 52.6 54.7 54.6 53.8 54.9 55.1 56.8 57.5
118.1 113 108 102.2 101 101.9 101.6 101.8 99.5 101.9 100.8 99 94.4 89.4 87.6 90.6 96 98.8 98.6 99.1 98.7 96 92.4 88.2 84.6 80.5 76.7 71.7 67.7 64.3 63.8 62.1 62.4 65.8 67.1 70.3 74.9 78.8 83.2 84.9 84 83.3 83.4 84 85.9 88.4 91.4 91.3 85.4 81.4 85.3 85.5 84 80 74.1 67.2 57 48.2 52 59.9 67 73.8 77.4 81.4 83.9 84.7 83.7 80.6 76.2 70.6 59.3 43.1 26.7 23 38.9 42.8 44.9 45.5 46.1 47.3 49.4 53.5 57.2 59.8
104.6 90.6 88.1 88.3 88.2 87.3 90.3 90.1 88.3 90.1 91.8 92.9 91.6 89.2 89.4 91.7 92.8 92.1 90.9 86.6 83.3 81.3 78.9 78.7 78.8 77.9 75.2 76 74.6 72 67.3 62.9 61.2 61.6 63.9 68.6 72.7 76.3 78.7 78.1 77.6 77.7 78.1 79.5 83.2 85.9 91.1 92.9 92.4 89.7 89.4 92.7 91.9 89.8 83.6 74.5 61.6 56.7 63 68.7 73.8 79.9 83.3 84.4 85.8 85.4 84.4 83 80.3 73.6 64.1 47.8 28 20.1 23.9 27.2 31.4 34.2 38.4 42.1 45.9 49.9 54.4 58.9
73.6 68.8 61.7 75.3 78.7 75.6 78.9 77.3 73.2 76.4 76.4 81.2 84.8 86.7 87.8 89.7 89.4 86.4 83.2 77.3 71.1 66.6 65.9 64.6 64.1 66.5 66.4 70.8 73.2 73.2 69.7 64 58.7 57.8 60.3 64.1 68.1 70.8 71.7 71.7 68 68.4 69.7 74.7 80.8 84.5 88.3 92.7 94.8 94.9 95.4 97 96.8 95 89.5 80.1 65.2 67.3 76.6 79.7 81.9 84.4 85.4 85.8 85.3 84.5 83.7 81.7 77.4 72.2 64.1 48.8 31.6 23.2 29.4 36.1 34.8 34.3 34.4 37.6 42.5 47.4 52 58.5
35.8 32.9 41.5 61.4 61.4 60.6 62 59.2 56.2 58.3 60.1 65.9 73.4 78.9 80.7 84.4 85.4 79.9 72.6 66.8 58.5 51.8 48.5 49.2 48.1 51 56.3 61.3 65.1 65.3 65.6 61.3 53.2 51.2 56.3 59.1 64.5 62.7 58.4 56.2 56.4 61.8 68.9 75.9 80.4 83.8 87.1 89.9 93.1 95.4 96.5 98.3 98.5 96.6 91.9 84.7 75.3 80.8 84.4 84.8 86 87 86.7 85.1 83.1 79.9 78.2 76.3 73.5 67.9 61.8 50.8 36.2 25.9 38.6 46.9 47.4 43.5 38.2 36.5 41.6 48.8 54.3 61.3
1.6 1.7 4.1 31.7 34.1 32.4 39.2 37.3 39.6 28.4 32.7 42.4 59.7 66.1 67.3 75.9 60.5 70.5 57.6 49.8 40.6 36.9 34.2 34.9 35.8 41 45.1 47.9 51.5 51.3 49.7 47.7 40.8 43.5 44.9 44.5 40.2 42.5 44.9 51 59.8 71.5 75.3 77.2 79.9 82.9 86 88.6 91.3 94.1 96 98.1 98.8 96.7 95.1 89.5 87 88.6 89.2 88.2 87.7 87.1 85.4 83.1 80 76.7 73.8 70.7 66.2 61.5 54.1 43.8 35.2 30.6 44.8 51.6 52.9 50.3 46.9 42 40 50.8 58.3 63
-1.7 -1.7 -1.7 1.6 1.6 1.6 1.7 15.9 1.6 1.1 1.7 3.3 40.2 41.4 21.7 29.2 21.9 57.4 44.8 33.8 25.8 3.4 3.1 5.1 27.2 28.8 30.7 35.1 35.3 32.9 32.9 33.5 31.5 32.9 31.2 29.4 33 44.4 53.6 63.9 74.3 78.5 82.1 82.3 83.4 83.8 85 87.3 90 92.2 94.3 96.3 98 97.6 96.4 94.2 93.7 93.9 91.5 88.9 87.6 86.5 83 80.3 77.2 73.6 67.9 62.7 57.9 52.5 42.3 38.2 40 42.6 47 53.9 60.2 60.7 60.1 57.4 45.1 48.1 57.9 62.9
-1.7 -1.7 -1.7 1.6 -1.7 -1.7 -1.7 -1.7 -1.7 -1.7 -1.7 -1.7 -1.7 7.2 1.1 1.2 2.1 41.7 24 22.3 1.4 0.1 0.5 1.1 3.4 19.2 18.3 20.5 21.9 21.7 22.9 23.1 23.2 24.6 20.1 31.3 43.8 54.5 69 72.9 74.4 78.9 82.4 84.5 85.1 85 85.7 85.1 87 90.2 93.3 95.6 97.3 97.6 96.9 96 95.8 94.9 92.8 90.2 87.2 84.9 81.3 77.8 73.4 67.4 62.2 56.3 49.7 42.6 42.7 46.1 49 51.5 56.6 61.9 67.9 69.5 67.5 60.8 51.8 47.8 54 60.5
-1.7 -1.7 -1.7 -1.7 -1.7 -1.7 -1.7 -1.7 -1.7 -1.7 -1.7 -1.7 -1.7 -1.7 -1.7 -1.7 -1.7 1.6 0.4 0 -1.7 -1.7 -1.7 -0.5 0.9 2.9 3.9 6.5 8.6 10.3 9.2 3.3 1.5 1.5 1.6 6.9 25 54.9 62.3 64.2 69 74.3 78 83.3 84.8 83 81.3 81.4 83.8 87.6 91.2 93.3 95.4 96.7 97.4 97 97 95.6 92.9 89.2 86.1 81.4 79.4 74.5 69 62.3 57.3 49.7 45.6 48.9 53.5 56.7 59.4 64.4 69.9 70.9 73.2 74.3 71.1 65.8 60.2 53.9 52.4 57
-1.7 -1.7 -1.7 -1.7 -1.7 -1.7 -1.7 -1.7 -1.7 -1.7 -1.7 -1.7 -1.7 -1.7 -1.7 -1.7 -1.7 -1.7 -1.7 -1.7 -1.7 -1.7 -1.7 -1.7 -0.2 1.4 1.1 0.9 1 0.9 0.8 0.5 0.4 0 0.2 0.8 1.5 32.7 47.3 47 46.4 57.5 51.9 71.8 67.2 75.6 75.8 75.9 79.5 83.8 87.3 89.3 91.2 94 96.1 97.1 96.6 94.3 90.6 86.9 83.2 79 73.3 68.6 63 57.6 52.1 48.7 52.6 58.6 62.5 65.7 71.2 74.7 75.7 75.5 78 79 76.4 71 65.1 59.8 56 56.9
-1.7 -1.7 -1.7 -1.7 -1.7 -1.7 -1.7 -1.7 -1.7 -1.7 -1.7 -1.7 -1.7 -1.7 -1.7 -1.7 -1.7 -1.7 -1.7 -1.7 -1.7 -1.7 -1.7 -1.7 -0.4 0.3 0.2 0 -0.1 -0.2 -0.4 -0.7 -0.8 -1.7 -1.7 -0.5 0.7 8.3 3.5 1.6 1.6 21.5 13.5 31.4 32.5 65.7 62.9 66 70 75.6 78.4 80.6 84.1 87.4 89.5 90.2 91.5 89.3 87.4 83.5 79.9 75.1 70.7 65.1 62.7 60.7 58.9 54.4 55.1 62.7 67.6 71.2 74.7 76.4 77.6 79.3 81 83.3 82.4 77.9 70.3 64.4 61.7 60
-1.7 -1.7 -1.7 -1.7 -1.7 -1.7 -1.7 -1.7 -1.7 -1.7 -1.7 -1.7 -1.7 -1.7 -1.7 -1.7 -1.7 -1.7 -1.7 -1.7 -1.7 -1.7 -1.7 -1.7 -1.5 -0.8 -0.6 -0.9 -1.1 -1.7 -1.7 -1.7 -1.7 -1.7 -1.7 -1.7 -0.8 -0.1 0.1 0 0.3 0.8 1.2 1.6 5.9 28 32 21 52 53.4 50.6 65.9 73.8 75.8 78.1 79.4 79.2 76.9 76 76.2 76.3 73.6 71.1 69.3 67.7 67.9 66.4 60.9 57.1 63.6 67.6 70.7 72.8 74.7 77.8 81 85.1 86.7 85.8 83.8 79.3 73.9 70.6 68.3
-1.7 -1.7 -1.7 -1.7 -1.7 -1.7 -1.7 -1.7 -1.7 -1.7 -1.7 -1.7 -1.7 -1.7 -1.7 -1.7 -1.7 -1.7 -1.7 -1.7 -1.7 -1.7 -1.7 -1.7 -1.7 -1.7 -1.7 -1.7 -1.7 -1.7 -1.7 -1.7 -1.7 -1.7 -1.7 -1.7 -1.7 -1.7 -1.7 -1.7 -1.7 -0.5 0 0.5 1.1 13.7 1.8 1.6 13.8 14.7 12.1 56.4 57.6 58.6 47.1 63.3 63 57.2 63.9 68.8 74.7 75 73.9 72.8 71.5 71 69 65.5 63.3 63.3 66.5 69.2 71.6 75.7 80.1 84.4 86.4 87.8 87.3 85.9 84.4 82.4 80.2 77.6
-1.7 -1.7 -1.7 -1.7 -1.7 -1.7 -1.7 -1.7 -1.7 -1.7 -1.7 -1.7 -1.7 -1.7 -1.7 -1.7 -1.7 -1.7 -1.7 -1.7 -1.7 -1.7 -1.7 -1.7 -1.7 -1.7 -1.7 -1.7 -1.7 -1.7 -1.7 -1.7 -1.7 -1.7 -1.7 -1.7 -1.7 -1.7 -1.7 -1.7 -1.7 -1.7 -1.2 -0.6 0.2 0.8 0.7 1 1.2 1.6 1.3 38.2 36.4 32.4 16.3 35.8 42.2 43.5 52.2 66.8 77.5 78.3 78 76.9 74.4 73.3 72.9 72.1 68.1 67.4 68.9 70.8 73.7 77.8 80.7 83 85 86.6 89.2 90 90.7 89 86.1 83
-1.7 -1.7 -1.7 -1.7 -1.7 -1.7 -1.7 -1.7 -1.7 -1.7 -1.7 -1.7 -1.7 -1.7 -1.7 -1.7 -1.7 -1.7 -1.7 -1.7 -1.7 -1.7 -1.7 -1.7 -1.7 -1.7 -1.7 -1.7 -1.7 -1.7 -1.7 -1.7 -1.7 -1.7 -1.7 -1.7 -1.7 -1.7 -1.7 -1.7 -1.7 -1.7 -1.7 -1.7 -1.7 -1.7 -0.4 -0.2 0.2 1 1.4 16.1 6.9 4.1 1.5 1.6 3 3.7 24.2 59.2 71 70.2 70.7 72.5 75.1 74.4 75.9 73.9 72.3 71.5 72.1 74 76.5 76.8 78 79.7 82.1 85.6 89.4 92.5 93.1 92.2 89.6 88.2
-1.7 -1.7 -1.7 -1.7 -1.7 -1.7 -1.7 -1.7 -1.7 -1.7 -1.7 -1.7 -1.7 -1.7 -1.7 -1.7 -1.7 -1.7 -1.7 -1.7 -1.7 -1.7 -1.7 -1.7 -1.7 -1.7 -1.7 -1.7 -1.7 -1.7 -1.7 -1.7 -1.7 -1.7 -1.7 -1.7 -1.7 -1.7 -1.7 -1.7 -1.7 -1.7 -1.7 -1.7 -1.7 -1.7 -1.7 -1.7 -0.8 -0.1 0.3 0.6 0.9 0.8 0.8 1 1.1 1.4 1.5 43.8 51.4 54.7 58.4 65.8 66.3 67.6 69.6 70.2 72.2 73.9 73.1 73.8 75.7 75.9 75.3 74.5 77.1 80.2 84.8 89.3 91.6 91.7 92.4 91.7
-1.7 -1.7 -1.7 -1.7 -1.7 -1.7 -1.7 -1.7 -1.7 -1.7 -1.7 -1.7 -1.7 -1.7 -1.7 -1.7 -1.7 -1.7 -1.7 -1.7 -1.7 -1.7 -1.7 -1.7 -1.7 -1.7 -1.7 -1.7 -1.7 -1.7 -1.7 -1.7 -1.7 -1.7 -1.7 -1.7 -1.7 -1.7 -1.7 -1.7 -1.7 -1.7 -1.7 -1.7 -1.7 -1.7 -1.7 -1.7 -1.7 -1.7 -1.7 -0.9 -0.5 -0.4 -0.3 -0.1 0.1 0.6 1.3 3.2 31 34.8 35.1 46.3 49.9 54.5 58 60.9 68.1 69.7 66.8 67.6 71.9 74.5 68.6 67 70.4 74 78.7 82.5 88.5 91.1 92.9 94.7
-1.7 -1.7 -1.7 -1.7 -1.7 -1.7 -1.7 -1.7 -1.7 -1.7 -1.7 -1.7 -1.7 -1.7 -1.7 -1.7 -1.7 -1.7 -1.7 -1.7 -1.7 -1.7 -1.7 -1.7 -1.7 -1.7 -1.7 -1.7 -1.7 -1.7 -1.7 -1.7 -1.7 -1.7 -1.7 -1.7 -1.7 -1.7 -1.7 -1.7 -1.7 -1.7 -1.7 -1.7 -1.7 -1.7 -1.7 -1.7 -1.7 -1.7 -1.7 -1.7 -1.7 -1.7 -1.7 -1.7 -0.8 -0.2 0.3 1.1 1.7 1.6 10.3 28 34.9 39.8 43.8 47.8 53.5 55.7 54.4 59.2 66 68.7 59.3 54 57.7 64.3 70.4 76.9 82.3 85.8 89.9 94.4
-1.7 -1.7 -1.7 -1.7 -1.7 -1.7 -1.7 -1.7 -1.7 -1.7 -1.7 -1.7 -1.7 -1.7 -1.7 -1.7 -1.7 -1.7 -1.7 -1.7 -1.7 -1.7 -1.7 -1.7 -1.7 -1.7 -1.7 -1.7 -1.7 -1.7 -1.7 -1.7 -1.7 -1.7 -1.7 -1.7 -1.7 -1.7 -1.7 -1.7 -1.7 -1.7 -1.7 -1.7 -1.7 -1.7 -1.7 -1.7 -1.7 -1.7 -1.7 -1.7 -1.7 -1.7 -1.7 -1.7 -1.7 -1.7 -0.8 -0.1 0.2 0.7 1 1.4 3.2 7.3 30.6 34.5 37 39.5 43.1 47.4 57.1 57.1 49.6 42.9 47.3 52 56.7 62.6 69.7 76.6 85.9 93.1
-1.7 -1.7 -1.7 -1.7 -1.7 -1.7 -1.7 -1.7 -1.7 -1.7 -1.7 -1.7 -1.7 -1.7 -1.7 -1.7 -1.7 -1.7 -1.7 -1.7 -1.7 -1.7 -1.7 -1.7 -1.7 -1.7 -1.7 -1.7 -1.7 -1.7 -1.7 -1.7 -1.7 -1.7 -1.7 -1.7 -1.7 -1.7 -1.7 -1.7 -1.7 -1.7 -1.7 -1.7 -1.7 -1.7 -1.7 -1.7 -1.7 -1.7 -1.7 -1.7 -1.7 -1.7 -1.7 -1.7 -1.7 -1.7 -1.7 -1.7 -1.7 -0.4 -0.1 0.4 0.7 1 1.2 1.5 5.9 1.6 3.8 37.6 45.6 41.7 38.1 33.5 40.1 42.7 47.5 52.6 59.9 70.3 80.7 88.2
-1.7 -1.7 -1.7 -1.7 -1.7 -1.7 -1.7 -1.7 -1.7 -1.7 -1.7 -1.7 -1.7 -1.7 -1.7 -1.7 -1.7 -1.7 -1.7 -1.7 -1.7 -1.7 -1.7 -1.7 -1.7 -1.7 -1.7 -1.7 -1.7 -1.7 -1.7 -1.7 -1.7 -1.7 -1.7 -1.7 -1.7 -1.7 -1.7 -1.7 -1.7 -1.7 -1.7 -1.7 -1.7 -1.7 -1.7 -1.7 -1.7 -1.7 -1.7 -1.7 -1.7 -1.7 -1.7 -1.7 -1.7 -1.7 -1.7 -1.7 -1.7 -1.7 -1.1 -0.6 -0.2 0 0.3 0.7 0.9 0.9 1.1 1.5 32.4 30.4 28.9 26.9 31.6 35.8 40.2 45.6 53.8 63.8 72.9 80.7
-1.7 -1.7 -1.7 -1.7 -1.7 -1.7 -1.7 -1.7 -1.7 -1.7 -1.7 -1.7 -1.7 -1.7 -1.7 -1.7 -1.7 -1.7 -1.7 -1.7 -1.7 -1.7 -1.7 -1.7 -1.7 -1.7 -1.7 -1.7 -1.7 -1.7 -1.7 -1.7 -1.7 -1.7 -1.7 -1.7 -1.7 -1.7 -1.7 -1.7 -1.7 -1.7 -1.7 -1.7 -1.7 -1.7 -1.7 -1.7 -1.7 -1.7 -1.7 -1.7 -1.7 -1.7 -1.7 -1.7 -1.7 -1.7 -1.7 -1.7 -1.7 -1.7 -1.7 -1.7 -1.7 -0.8 -0.5 -0.2 0.1 0.2 0.5 0.8 1.4 2.4 19.4 16.6 23.7 27.1 32 40.5 48.3 59 65.2 69.6
-1.7 -1.7 -1.7 -1.7 -1.7 -1.7 -1.7 -1.7 -1.7 -1.7 -1.7 -1.7 -1.7 -1.7 -1.7 -1.7 -1.7 -1.7 -1.7 -1.7 -1.7 -1.7 -1.7 -1.7 -1.7 -1.7 -1.7 -1.7 -1.7 -1.7 -1.7 -1.7 -1.7 -1.7 -1.7 -1.7 -1.7 -1.7 -1.7 -1.7 -1.7 -1.7 -1.7 -1.7 -1.7 -1.7 -1.7 -1.7 -1.7 -1.7 -1.7 -1.7 -1.7 -1.7 -1.7 -1.7 -1.7 -1.7 -1.7 -1.7 -1.7 -1.7 -1.7 -1.7 -1.7 -1.7 -1.7 -0.9 -0.7 -0.4 -0.2 0.1 0.6 1.1 1.3 1.6 16 22.2 28.6 38 45.2 51.5 57.4 63.2
-1.7 -1.7 -1.7 -1.7 -1.7 -1.7 -1.7 -1.7 -1.7 -1.7 -1.7 -1.7 -1.7 -1.7 -1.7 -1.7 -1.7 -1.7 -1.7 -1.7 -1.7 -1.7 -1.7 -1.7 -1.7 -1.7 -1.7 -1.7 -1.7 -1.7 -1.7 -1.7 -1.7 -1.7 -1.7 -1.7 -1.7 -1.7 -1.7 -1.7 -1.7 -1.7 -1.7 -1.7 -1.7 -1.7 -1.7 -1.7 -1.7 -1.7 -1.7 -1.7 -1.7 -1.7 -1.7 -1.7 -1.7 -1.7 -1.7 -1.7 -1.7 -1.7 -1.7 -1.7 -1.7 -1.7 -1.7 -1.7 -1.7 -1.1 -0.9 -0.6 -0.2 0.2 0.4 0.9 1.2 1.7 4.3 33.3 40 45.1 51.2 56.1
-1.7 -1.7 -1.7 -1.7 -1.7 -1.7 -1.7 -1.7 -1.7 -1.7 -1.7 -1.7 -1.7 -1.7 -1.7 -1.7 -1.7 -1.7 -1.7 -1.7 -1.7 -1.7 -1.7 -1.7 -1.7 -1.7 -1.7 -1.7 -1.7 -1.7 -1.7 -1.7 -1.7 -1.7 -1.7 -1.7 -1.7 -1.7 -1.7 -1.7 -1.7 -1.7 -1.7 -1.7 -1.7 -1.7 -1.7 -1.7 -1.7 -1.7 -1.7 -1.7 -1.7 -1.7 -1.7 -1.7 -1.7 -1.7 -1.7 -1.7 -1.7 -1.7 -1.7 -1.7 -1.7 -1.7 -1.7 -1.7 -1.7 -1.7 -1.7 -1.7 -1 -0.6 -0.3 0.1 0.5 0.9 1.5 23.8 33.4 41.4 42.8 53.3
-1.7 -1.7 -1.7 -1.7 -1.7 -1.7 -1.7 -1.7 -1.7 -1.7 -1.7 -1.7 -1.7 -1.7 -1.7 -1.7 -1.7 -1.7 -1.7 -1.7 -1.7 -1.7 -1.7 -1.7 -1.7 -1.7 -1.7 -1.7 -1.7 -1.7 -1.7 -1.7 -1.7 -1.7 -1.7 -1.7 -1.7 -1.7 -1.7 -1.7 -1.7 -1.7 -1.7 -1.7 -1.7 -1.7 -1.7 -1.7 -1.7 -1.7 -1.7 -1.7 -1.7 -1.7 -1.7 -1.7 -1.7 -1.7 -1.7 -1.7 -1.7 -1.7 -1.7 -1.7 -1.7 -1.7 -1.7 -1.7 -1.7 -1.7 -1.7 -1.7 -1.7 -1.7 -1 -0.6 -0.2 0.3 0.7 1.2 1.6 4.4 34.7 45.3
-1.7 -1.7 -1.7 -1.7 -1.7 -1.7 -1.7 -1.7 -1.7 -1.7 -1.7 -1.7 -1.7 -1.7 -1.7 -1.7 -1.7 -1.7 -1.7 -1.7 -1.7 -1.7 -1.7 -1.7 -1.7 -1.7 -1.7 -1.7 -1.7 -1.7 -1.7 -1.7 -1.7 -1.7 -1.7 -1.7 -1.7 -1.7 -1.7 -1.7 -1.7 -1.7 -1.7 -1.7 -1.7 -1.7 -1.7 -1.7 -1.7 -1.7 -1.7 -1.7 -1.7 -1.7 -1.7 -1.7 -1.7 -1.7 -1.7 -1.7 -1.7 -1.7 -1.7 -1.7 -1.7 -1.7 -1.7 -1.7 -1.7 -1.7 -1.7 -1.7 -1.7 -1.7 -1.7 -1.3 -0.9 -0.4 0 0.4 0.9 1.3 2.6 22.1
-1.7 -1.7 -1.7 -1.7 -1.7 -1.7 -1.7 -1.7 -1.7 -1.7 -1.7 -1.7 -1.7 -1.7 -1.7 -1.7 -1.7 -1.7 -1.7 -1.7 -1.7 -1.7 -1.7 -1.7 -1.7 -1.7 -1.7 -1.7 -1.7 -1.7 -1.7 -1.7 -1.7 -1.7 -1.7 -1.7 -1.7 -1.7 -1.7 -1.7 -1.7 -1.7 -1.7 -1.7 -1.7 -1.7 -1.7 -1.7 -1.7 -1.7 -1.7 -1.7 -1.7 -1.7 -1.7 -1.7 -1.7 -1.7 -1.7 -1.7 -1.7 -1.7 -1.7 -1.7 -1.7 -1.7 -1.7 -1.7 -1.7 -1.7 -1.7 -1.7 -1.7 -1.7 -1.7 -1.7 -1.7 -1.7 -0.7 -0.3 0.1 0.6 1 1.5
-1.7 -1.7 -1.7 -1.7 -1.7 -1.7 -1.7 -1.7 -1.7 -1.7 -1.7 -1.7 -1.7 -1.7 -1.7 -1.7 -1.7 -1.7 -1.7 -1.7 -1.7 -1.7 -1.7 -1.7 -1.7 -1.7 -1.7 -1.7 -1.7 -1.7 -1.7 -1.7 -1.7 -1.7 -1.7 -1.7 -1.7 -1.7 -1.7 -1.7 -1.7 -1.7 -1.7 -1.7 -1.7 -1.7 -1.7 -1.7 -1.7 -1.7 -1.7 -1.7 -1.7 -1.7 -1.7 -1.7 -1.7 -1.7 -1.7 -1.7 -1.7 -1.7 -1.7 -1.7 -1.7 -1.7 -1.7 -1.7 -1.7 -1.7 -1.7 -1.7 -1.7 -1.7 -1.7 -1.7 -1.7 -1.7 -1.7 -1 -0.6 -0.2 0.3 0.8
-1.7 -1.7 -1.7 -1.7 -1.7 -1.7 -1.7 -1.7 -1.7 -1.7 -1.7 -1.7 -1.7 -1.7 -1.7 -1.7 -1.7 -1.7 -1.7 -1.7 -1.7 -1.7 -1.7 -1.7 -1.7 -1.7 -1.7 -1.7 -1.7 -1.7 -1.7 -1.7 -1.7 -1.7 -1.7 -1.7 -1.7 -1.7 -1.7 -1.7 -1.7 -1.7 -1.7 -1.7 -1.7 -1.7 -1.7 -1.7 -1.7 -1.7 -1.7 -1.7 -1.7 -1.7 -1.7 -1.7 -1.7 -1.7 -1.7 -1.7 -1.7 -1.7 -1.7 -1.7 -1.7 -1.7 -1.7 -1.7 -1.7 -1.7 -1.7 -1.7 -1.7 -1.7 -1.7 -1.7 -1.7 -1.7 -1.7 -1.7 -1.7 -0.9 -0.5 0.1
-1.7 -1.7 -1.7 -1.7 -1.7 -1.7 -1.7 -1.7 -1.7 -1.7 -1.7 -1.7 -1.7 -1.7 -1.7 -1.7 -1.7 -1.7 -1.7 -1.7 -1.7 -1.7 -1.7 -1.7 -1.7 -1.7 -1.7 -1.7 -1.7 -1.7 -1.7 -1.7 -1.7 -1.7 -1.7 -1.7 -1.7 -1.7 -1.7 -1.7 -1.7 -1.7 -1.7 -1.7 -1.7 -1.7 -1.7 -1.7 -1.7 -1.7 -1.7 -1.7 -1.7 -1.7 -1.7 -1.7 -1.7 -1.7 -1.7 -1.7 -1.7 -1.7 -1.7 -1.7 -1.7 -1.7 -1.7 -1.7 -1.7 -1.7 -1.7 -1.7 -1.7 -1.7 -1.7 -1.7 -1.7 -1.7 -1.7 -1.7 -1.7 -1.7 -1.7 -0.7
-1.7 -1.7 -1.7 -1.7 -1.7 -1.7 -1.7 -1.7 -1.7 -1.7 -1.7 -1.7 -1.7 -1.7 -1.7 -1.7 -1.7 -1.7 -1.7 -1.7 -1.7 -1.7 -1.7 -1.7 -1.7 -1.7 -1.7 -1.7 -1.7 -1.7 -1.7 -1.7 -1.7 -1.7 -1.7 -1.7 -1.7 -1.7 -1.7 -1.7 -1.7 -1.7 -1.7 -1.7 -1.7 -1.7 -1.7 -1.7 -1.7 -1.7 -1.7 -1.7 -1.7 -1.7 -1.7 -1.7 -1.7 -1.7 -1.7 -1.7 -1.7 -1.7 -1.7 -1.7 -1.7 -1.7 -1.7 -1.7 -1.7 -1.7 -1.7 -1.7 -1.7 -1.7 -1.7 -1.7 -1.7 -1.7 -1.7 -1.7 -1.7 -1.7 -1.7 -1.7
-1.7 -1.7 -1.7 -1.7 -1.7 -1.7 -1.7 -1.7 -1.7 -1.7 -1.7 -1.7 -1.7 -1.7 -1.7 -1.7 -1.7 -1.7 -1.7 -1.7 -1.7 -1.7 -1.7 -1.7 -1.7 -1.7 -1.7 -1.7 -1.7 -1.7 -1.7 -1.7 -1.7 -1.7 -1.7 -1.7 -1.7 -1.7 -1.7 -1.7 -1.7 -1.7 -1.7 -1.7 -1.7 -1.7 -1.7 -1.7 -1.7 -1.7 -1.7 -1.7 -1.7 -1.7 -1.7 -1.7 -1.7 -1.7 -1.7 -1.7 -1.7 -1.7 -1.7 -1.7 -1.7 -1.7 -1.7 -1.7 -1.7 -1.7 -1.7 -1.7 -1.7 -1.7 -1.7 -1.7 -1.7 -1.7 -1.7 -1.7 -1.7 -1.7 -1.7 -1.7
