data/230000-880000.asc
ncols 200
nrows 200
xllcorner 230000
yllcorner 880000
cellsize 50
[rows 0 to 34 of 200, columns 0 to 77 of 200]
385.5 396 402.8 408 412.4 411.6 411.3 412.3 413.4 417.6 421.4 413.6 406.3 401.3 399.7 395.7 394.2 387.2 382 378.9 378.1 376.5 375.3 372.5 372.9 378 376.4 373.2 374 377.6 386.8 399 418.1 444.3 473.8 507.9 533.4 554.4 553.4 552.6 545 532.6 517.8 505.3 494.6 485.1 478.7 472.9 470 466.7 466.8 466.9 468.5 477.7 483.3 483.6 482 481.6 480.1 477.4 472.3 465.4 457.4 452.3 445 450.2 452.9 456.5 458.2 459.1 468.7 471.6 467.1 466.8 470.1 469.1 473.9 482.9
375.4 386.6 393.5 399.1 402.5 402.6 404.3 408.2 411.3 417.2 416.9 411 403.4 396.8 394.1 389.3 386.9 384.2 381.6 379.9 378.3 377 375.3 373.3 375.1 380.8 378.6 376.2 380.4 386.4 394.9 406.9 425.9 454.2 489.1 517.6 536.4 546.4 545.4 541.5 534.6 523.8 514.6 505.1 492.9 484.6 478 472.7 469.3 468.3 469.2 471.9 477.8 487.1 492.3 491.2 488.6 486.6 483.6 480.4 473.9 466.3 458.4 450.9 451.2 454.7 459.7 462.8 464.7 469.9 475.8 482.3 481.9 478.5 475.1 477.5 481.8 490.1
364.7 373.5 383 388.6 395.9 398.5 401.2 404.8 412.2 412.5 412 402.5 393.7 387.8 384.5 385.3 384.9 383.6 381.9 379.8 378 376.5 374.8 373.6 375 384.5 382 381.5 385.2 391.4 404.3 418.1 436 467 493.3 520.5 533.2 539.9 537.7 532.7 526.1 517.1 510 500.4 491.3 484.2 479.7 473.6 473 471.2 473.9 480 488.6 496.2 500.3 497.6 495 490.4 487.7 482.2 475 465.8 458.1 453 451.5 455.9 462.8 468.6 473.8 485.2 493.5 496.1 495.2 492.4 486 487.1 494.3 501.9
354 362 368.6 374.2 383.6 386.8 391.8 397.2 402.6 402.7 398.6 394.9 391.7 385.5 383.7 384.2 384.4 382.3 380.9 380.2 377.8 376.4 374.9 375.1 380.8 386.3 384.8 384.6 389.5 396.3 411.6 430 450.4 474.9 500.7 519.5 529.2 533 529.1 523.8 517.6 510.3 503.9 497.5 490 484.7 481.9 479.8 477.6 478.5 481.9 490.2 498.1 505.7 506.1 503.2 499.2 494.9 490.6 483.9 473.2 463.1 456.1 451.6 453.9 459 469.7 476.5 485.3 497.2 505.9 507.9 506.4 504.5 498.5 496.6 504.8 514.2
343.6 353.2 358.1 363.1 373.3 376.3 382.5 392.1 394.4 394.6 392.1 391.2 384.3 384 383.2 382.5 382.1 380.9 380.7 380.2 379.4 378.4 378.8 379 382.2 390 389.5 388.9 392.4 402.7 417.1 437.7 459.5 482.2 508.1 519.1 526.1 526.4 521.7 516.2 510.9 505.1 499.7 494.8 490.8 486.7 484 482.6 482.3 484 487.7 495.6 507.2 512.1 511.8 508.1 503.3 497.4 492.1 484.1 471.3 461.1 456.7 454 458.7 464.8 474.9 483.1 495.9 505.8 515.9 519 522.4 518.1 514.5 514.7 519 527
332.9 340.7 347.1 355.5 362.3 370.2 378.3 382.7 386 389.6 390 385.2 382.8 385.2 382 381.5 381.1 380.2 380.9 380.1 380.2 380.1 380.2 381 383.9 392.6 391.1 392 397.1 407.6 424.3 441.9 465.2 487.4 508.8 518.5 522.8 520.2 515.9 511 506.4 503.5 499.1 495 491.8 490 488.3 486.5 485.5 486.7 492 504.4 511.3 514.6 513.4 509.8 505.7 500.7 493.3 482.8 471 462.4 458.3 453.9 461.3 467.2 480.4 492.3 501.4 514.3 527.3 534 538.1 536.2 533.6 533.3 536.5 542.2
322.6 331.6 339.8 347.1 355.5 361.9 370.4 372.2 381.1 384.8 386 381.5 392.1 387.3 380.8 379.8 378.2 379.5 380.3 380.1 379.8 380.3 380.6 381.2 383.1 390.9 391.7 395.1 401.3 414.6 427.7 448.7 467.9 491.9 511.4 517.1 519.2 516.7 512 508 504.2 502.7 498.9 495.9 495 493.2 493 491.1 487.6 488.6 498.7 512.7 517.3 517.5 515.6 512.7 508.6 502.7 493.4 481.9 471.2 461.9 460.4 458.5 459.6 469.9 485.8 499.4 512.8 527 541.1 550.6 554.6 555.7 553.9 554.7 555.2 556.8
313.2 319.5 326.6 336.8 343.6 347.7 353.8 358.7 371.7 377.3 377.1 379.7 391.7 385.9 379.3 376.2 376.5 378.6 378.6 378.3 379.5 380.1 380.5 381 383.6 389.6 392.2 397.2 405.5 417.6 431.5 451.9 471.8 497.2 510.1 514.3 515.8 514 509.2 506.4 503.8 502 500.8 499.3 497.7 498.2 498.1 496.3 497.5 501.3 510.1 519.3 522.8 520.9 518.5 515 509.7 503.2 493.4 481.4 472.6 463.5 463.3 463.3 462.5 476.1 491.8 505.8 520.7 535.9 552.9 563.9 571.8 574.9 574.9 573 574.1 575.3
304.6 308.3 317.6 326.8 336.4 342.6 346.1 357.5 361.2 372.2 372.3 379.9 387.6 384 378.1 374.7 374.8 375.5 376.5 377.8 378.9 379.7 379.8 380.8 381.3 388 392.5 398.4 407.3 419.8 435.9 456.4 476.3 497.4 507.4 512.2 513 510.4 507.5 505.6 503.5 503.1 502.7 502.7 502.7 503.3 504.5 507.7 510.5 516.2 521.1 525.2 527 525.9 523.7 518.4 511.7 504.5 494.3 482.2 475.1 467.5 466.8 462.3 466.3 479.7 496.1 513 528.7 544.8 562.2 575.7 585 593.4 594 593.1 591.8 588.8
297.7 305.2 311 323.6 328.6 334.1 341.2 353 372.9 370.3 374.3 381.8 382.8 379.8 375.4 374.2 372 370.2 372.9 375.4 377 379.7 380.1 381.4 383.5 389.1 395.8 400 407.6 419.4 442.6 460 478.8 499.1 505.7 508.6 509.3 507 506.5 505.1 505 505.2 506.1 506.6 507.9 509.9 512.1 516.5 520.4 525.4 528.6 529.5 531.4 530.3 527 521 514.9 506.6 496.7 484.4 477.2 470.9 468.5 466.9 473.3 484.2 502.2 519 536.3 554.5 570.1 582.5 595.3 607.9 613.6 612.4 607.7 601.2
299.7 300.2 307.2 316.7 325 332.1 339.1 358.4 377.6 372.8 373.6 380 378 369.1 371.8 374.4 370.8 367.9 369.6 374.2 375 376.4 379.9 382.5 383.6 387.7 398.8 404.9 410.9 426.7 445.7 466.3 483.9 499.5 504.3 505.5 506.1 505.7 504.2 505.6 506.5 507 509 512.6 515 518.7 521.4 524.6 525.9 532.4 535.3 536.6 535.2 532.2 528.5 523.3 516.2 508.7 499.1 488.3 480.5 475.8 469.1 472.6 479.5 489.4 506.1 522.2 541.2 558.9 573.9 586.9 600.8 616.6 624.2 624.9 617.9 608.4
302.4 297 305.1 311.9 319.4 329.7 339.8 352.5 371.7 370 368.4 370.8 368.5 370.1 375.8 373.1 368.9 364.8 366.8 369.2 371.8 373.4 375 377.4 380.2 385.6 396.8 406.7 414.1 432.3 451.1 467.6 486.7 501.4 503.6 504.1 503.3 504.5 505.9 507.3 508.8 511.4 516.4 520.6 523.2 526.3 526.8 532.1 536.5 540.8 542.3 540.8 540.1 535.8 531.4 525.2 518.8 511.4 501.4 491.2 483.9 480.1 473.4 479.7 481.9 489.7 508.5 528.5 545.9 561.2 574.6 588.3 602.8 616.1 624.4 627.7 622.1 612.9
302.6 299.2 297.5 309.4 314.4 325.8 336.7 344.6 358.4 361.3 360.3 359.4 361.8 375.9 376.8 369.5 365.2 362.2 363.4 364.4 366.6 368.4 371.8 375.5 378.2 384.7 393.3 406.5 417.4 437.7 454.3 470.9 488.5 501 500.7 503 504.9 504.8 507.3 509.1 511.8 517.1 523.4 527.9 531.2 532.9 536.4 542.5 545.2 551.4 550.8 547.1 542.8 537.9 532.9 527.5 521.2 513.1 503.3 493.3 487.1 484.8 476.9 484.2 483.5 491.6 508.9 529.1 547.1 562.3 574.1 587.6 601.8 613.1 620.6 625.4 622.6 614.5
300.7 301.2 299.6 301.1 311.7 323.2 330.6 342.2 350.7 356.2 356.3 358.8 362.5 371.9 372.2 365.5 361.5 360.3 359.8 361.1 362 365.3 367.6 372.5 377.5 386 395 406.8 419.6 440.6 458.4 474.5 490 494.5 501.2 505 506.8 507.7 509.4 512.2 517 523.3 528.8 534.9 539 542.8 547.1 554.2 559.8 557.9 554.3 551.9 546.2 541.2 535 529.1 521.7 513.8 505.3 495.8 489.9 484.6 485.8 486.3 486.6 493.1 506.6 525.9 545.2 559.8 572.7 585.5 597.6 609.2 615.9 620.6 619.3 613.3
300.2 299 297.8 301.3 304.4 318.9 325.9 335.9 346.6 355 357.5 360.6 362 364.9 364.4 362.8 359.7 357.4 357.5 362.1 361.1 362.6 367.5 371.2 375.9 384.6 392 405.1 428.4 445 458.9 473.1 486.8 496.7 505 511.8 509.6 511.3 513.1 516.9 523.1 530.7 538.2 544.4 547.9 554.1 558.8 565.4 569.4 565 558.2 554.5 549.4 543.6 537 530.5 521.2 515 507 498.3 491.3 488.1 489 488.2 490.2 498.1 507.9 523.6 539.3 554.1 569.4 582.3 594.7 604 612.3 616 615.3 611.8
302 300.1 298 300.5 302.8 309.8 319.7 328.8 341.4 352.8 355.5 361.9 362.1 363.1 363.1 361.5 358.9 357.3 358.9 363.3 361.8 364.2 368.7 372.6 377.8 383.8 389.6 409.8 427.8 444.3 459.3 473.5 486 500.6 511.3 512.8 513 514.6 517.4 522.8 529.6 538.5 545.4 552.3 556.3 562.7 568.1 577.3 577.4 570 563.1 555.8 550.7 544.7 537.7 529.9 521.6 514.7 505.9 498.5 494.2 492.4 490.7 492.9 493.6 500 512.1 523.8 536.8 550.6 565.1 578 589.9 600.7 608.1 611.4 612.1 609.4
303.4 300.5 298 298 299.5 302.7 311.8 322.5 337 346.2 353.3 362.2 361.3 362.4 363.8 360.7 358.4 357.1 360.9 366.3 363.2 367.6 371.4 376.4 379.8 384.6 396 412.1 428.6 444 458.9 473.9 490.3 507.4 513.5 513.3 516.3 519.6 524 530.7 537.7 547.1 553.9 561.2 566 571.3 584 588.6 583 575.1 566 557.7 552.6 542.5 536 525.8 518.4 509.8 504.4 503.2 499.8 495.6 491.2 495.1 495.1 506.6 515.5 526.7 537.6 545.7 561 576 585.6 596.7 603.4 608.2 609.8 607.5
304.9 300.8 298 298 298 298.1 306.3 315.1 326.5 337.1 347.9 358 356 359 362.1 358.4 356.2 358.4 362.5 369.8 368.9 371.7 377 380.4 383.9 389.7 404.6 417.5 430.4 446.6 464.2 483 497.6 509.8 514.6 518.1 521.9 526.9 534.8 542.9 554.4 558 564.3 571.5 577.4 587.2 595.7 594.5 587.8 578.3 569.4 560.9 547.8 536 526.5 515.2 509.7 509.7 507.5 506.1 503.2 499.8 491.8 498.9 503.1 508.2 518.9 529 539.4 544 555.4 569.8 582.4 591.4 599.7 605.9 607.8 606.9
304.9 300.5 298 298 298 298 300.5 308.2 318.5 330.5 338.1 344.6 349.1 351.8 357.6 355.7 355.5 359.6 363.6 375.6 375.6 377.4 382.2 387.2 393.1 399.7 415.6 426.9 441.1 464.7 487.3 501.6 511.9 515.5 519.3 524.2 528.8 536.1 544.5 558.2 566.2 571.4 575.5 582.1 591.5 600.6 603.1 599.2 589.5 579.7 569.9 556.1 544.2 531.6 523.1 514.9 511.5 509.3 505.3 505.4 504.3 500.9 499 501.1 507.9 517.1 519.9 529.5 539.1 546.1 557.4 570.4 582.8 590.8 599.1 603.8 606.8 608
305.6 298.3 298 298 298 298 298 303.6 311.2 321.8 329 336.2 343.6 348.8 351.5 350.2 359.2 361.3 368.7 377.6 380.5 381.5 389.4 395.2 402.6 410 425.7 432.4 463 502.1 514.6 521 519.2 521.2 526.3 533.5 544.4 548.9 561 576.8 583.5 586.9 591.4 598 607.4 611.5 609.4 602.5 591.8 579.6 567.8 552.5 541.5 531.8 525.2 520.3 515.2 510.2 508.1 505.9 503.8 501 500.3 502 509.4 520.9 522.5 528.6 541.6 550.5 561.3 573.7 583.5 590.6 598 605 606.6 608.8
308.5 298.2 298 298 298 298 298 298 305.2 319.5 327.5 333.5 337 341.9 349.8 355.4 361.4 365.1 374.7 383.6 388.3 391.6 398.7 406.8 417.8 417.5 429.1 445.1 485.2 517.6 531.9 526.5 529.5 528.9 534.1 545.3 558.1 570.4 586.6 596.5 601.8 605.5 606.9 616.2 620 618.7 612.7 603.4 591.3 580.3 567.5 553 544.6 538.2 532.8 528.1 524.2 521.5 511.1 507 502.6 500.3 500.3 502.3 507.9 520.6 532.1 536.9 542.2 550.6 562.2 573.5 584 591.2 598.3 605.6 606.3 611.1
310.4 301.2 298 298 298 298 298 298 301.7 311.5 322.5 328.7 332.8 337.3 346.1 360.2 365.8 365.7 378.7 391.8 397.3 396.5 404.3 410.8 418.1 425 437.2 457.8 496.8 523.1 535 533.5 535.4 538.3 547.7 562.6 576.3 592.6 606.1 616.4 621.3 623.5 627.6 632.3 628.5 623.1 616.6 606.2 595.1 583.5 569.4 557 552.2 546.5 544 540 537 525.9 513.7 504.5 501.7 502.6 501 503.4 508.5 519.5 531.9 540.6 545.7 551.2 561.4 573.3 583.3 592.2 599.7 605.2 609.9 614.6
314.7 306.2 298 298 298 298 298 298 298.9 306.2 313.8 318.5 331.7 335.1 341.5 352.6 359.3 363.1 379.8 393.5 398.7 397.2 405.6 413.5 419 431.6 450.1 473.8 498.1 526 539.2 543 546.9 557.7 570.1 585.3 596.1 612.6 626.7 632.9 636.2 639.7 645 643.3 636.4 629 619.4 610.8 600 588.7 573.3 566.1 559.8 555.9 555.8 552.5 547.2 537.2 524.4 510.6 503.2 503 502.7 504.2 509.1 519.2 532.7 541.6 547.3 554.3 565.9 577.4 586.9 594.2 600.1 604.9 611 619
317.3 309.2 298.9 298 298 298 298 298 298.7 299.7 304.2 314 324.6 331.5 334.8 345.7 354.8 361.7 375.6 386.8 391.7 396.1 408 425.8 426.6 446.5 470.5 492.5 526.6 559.9 559.8 556.5 566 581.7 600.2 606.5 619.7 633.3 642 647.6 653 659.6 659.3 652.8 645.1 634.2 624.3 617.5 607 596.5 584.8 578.7 576.5 570.9 567.5 564.1 559.2 546 535.8 520.3 506.6 503.7 501.2 503.5 509.2 520.5 531.6 541.5 549.1 557.3 568.9 581.7 591.9 598.1 604.1 609.3 616.4 626.9
322.4 310.4 304.5 298 298 298 298 298 298 299.5 300.5 305.7 314.1 327.5 331.2 335.8 345.8 356.5 371.9 377.6 384 390.8 419 422.3 445 470.4 496.5 517.8 544.6 561.8 569.1 578.1 597.9 616.2 620.5 626.3 639.2 649.6 657 663.4 672 677.2 670.1 661.7 651.5 641.4 632.9 625.6 616.4 605.2 595 592 588.8 587.8 580.8 575 569.9 557.3 541.5 529.4 515.6 508.1 504.1 504.2 511.4 521.6 533 543.6 551.2 560.4 572.5 585.7 595.9 603.2 609.5 615.9 624.2 636.2
331.1 318 306.7 300.8 298 298 298 298 298 298 298 299.9 306.1 317.3 326 331.8 337.5 349 365.3 371.9 377.3 395.4 410.2 422.6 459.1 489.5 507.9 519.3 542.1 556 573.6 620.2 623 633.2 637.4 643 655 663.8 671.3 680.3 689.2 687.5 679.1 669.2 658.7 650 641.3 634.6 626.3 618.4 611 608.4 604.9 603.7 596.6 587.3 578.5 568.8 546.4 533.8 521.6 508.1 505.8 508.8 514.1 523.2 534.5 546 555.6 566.2 577.8 592.4 602 608.6 615.4 623.5 634.4 645
377.6 351 332.1 313.9 307 299.9 298 298 298 298 298 298 299.3 308.7 316.6 324.4 330.8 339.5 357.5 371.5 373.2 400.4 404.4 420 451.4 484 501.7 512.5 528 549.2 573.8 619.8 627.6 638.5 644.6 655.5 668 676.9 687.2 696.5 703.6 695.8 687.6 678.7 668.9 662.2 657.3 651.1 643.8 636.1 633.3 626.9 618.3 614 608.4 596.4 587 571.1 553.6 536.3 524.1 514 513.5 515.6 518.6 525.7 537 550 561.5 572.5 582.3 598.8 608.1 616.9 623.4 632.5 645.1 655.7
409.8 384.5 359 336.8 318.8 307.7 301.8 298 298 298 298 298 298 302.3 309.4 315.8 322.1 330.5 348.1 366.5 373.9 396 400.9 421.1 459.9 485.8 495.1 500.4 517.7 537.1 560.6 592 619.2 633.8 644.1 660.2 673.4 685.2 699.9 711.4 712.4 703.6 696 691.1 685 678.5 674.8 669 664.9 661.4 656.2 643.7 631 620.7 611.2 598.3 586.2 569.6 552.3 538.8 521.9 520.8 514.7 516.5 518.7 526.9 538.1 552 563.7 574.5 588.2 603.4 618.9 628.2 636.4 644.9 655.7 666.9
420.2 396.6 373.4 350.5 329.6 314.2 303.5 298 298 298 298 298 298 299.3 303.2 311 316.9 322.7 335.4 355.2 384.9 396.6 404.4 434.3 460.4 482.6 485 493.9 511.3 528.5 552 584.1 613.7 641.4 662.1 674 685.7 694 710.9 727 722.3 713.5 708.3 704.5 701.9 700.1 695.4 691.4 689.8 685.4 675.6 662 642.9 625 608.6 593.4 578.6 563.5 551.5 534.8 524.9 522.5 516.4 520.4 522.4 530.8 539.3 552 565 576.2 593.5 607.9 625.9 642.9 651.6 659.2 666.4 678.3
432.7 405.1 380.9 361.4 338.9 318.2 304.1 298 298 298 298 298 298.2 298.7 300.8 304.7 312.9 324.6 332.4 345.3 371.4 384.4 412.6 430.4 450.2 473 480.3 495.7 499.5 518.1 534.3 570 600.6 639 664.7 686.1 693.7 705.5 732.1 741.3 735 729.8 727.8 727.9 729.5 726.8 723.1 719.6 715.8 706.1 686.3 663.3 640 618.7 601.4 583.6 568.4 558.3 543.9 534.5 527.6 519.2 516.1 519.4 524.2 531.1 543.6 554.5 567.8 583.7 602.2 624 642.3 658.5 666 672.8 682 697
473.1 424.1 394 372.6 348.8 324.4 305.1 300.1 298 298 298.3 298 298 298.5 298.8 300.9 308.9 323.4 333.7 347.4 354.9 374 397.6 421.8 456 465.7 481.6 485.6 493.7 505 513.9 549.5 578.9 626.2 657.4 683.2 694.5 710 735.1 744.7 744.4 742.9 745 748.9 749.4 748.6 746.6 744.1 735.2 709.9 682.2 656.2 631.7 610.2 591.9 574.5 558.2 545.4 540 534.2 525 516.1 516.1 516.1 525.4 536 545 555.3 572 591.7 616.4 640.7 661.5 676.3 685.1 690.5 701.4 713.7
481.4 443.3 409.7 381.6 354.5 330.6 314 305.8 304 303.3 299.9 298 297.9 298.4 299.1 299.3 300.8 311.2 323.9 339.6 351.8 361.9 385.4 410.1 439.6 459.5 474.7 476.4 487 493.2 501.7 524.4 553.2 584.3 631.7 674.1 689.3 706.5 731.3 741.4 746.3 751.9 755.9 760 760.5 761.3 759.6 756.2 739.8 705.5 674.5 646 622.9 603.9 584.6 569.3 550.6 541 536.3 526.8 520 516.1 516.1 516.1 523.4 537.8 547 556.8 576.3 601.3 636.7 666.3 684.2 696.3 703.1 710.9 721.3 735.2
503.1 456.6 424.6 397.3 368.7 343.8 327.7 309.7 306.4 301 298.8 298.6 299 299.6 301.9 300.7 301.3 300.7 311 326.5 343 361 384 391.4 421.9 446.4 465.5 467.5 475.6 480.8 489 506.4 531.3 557.2 595.8 654.9 676.4 694.3 718.3 736.3 746.1 754.4 761.2 766.1 769 768 766.3 761.5 734.7 692.1 659.9 631 612.4 597.4 580.9 565.6 549.8 539.1 528.8 520.5 516.1 516.1 516.1 516.1 524 536.2 547.9 560.2 582.6 617.1 656.2 689.2 707.3 716.7 723.2 732.1 741.4 757.8
512.7 471 440.2 410.5 383.3 356.8 336 317.7 307.3 304.8 300.3 299.1 299.2 302.2 301.8 301.4 302.1 302.8 302.4 313.3 325.9 344.7 368.5 379.8 393.4 417.3 447.7 456 454.7 470.2 478.7 496.2 520.3 533 555.5 618.8 654.8 675.2 695.2 720.6 741.6 752.6 761.9 766.8 768.9 768.3 767.4 763.9 728.3 685.5 651.2 622.2 599 586.4 574.4 561.8 547.5 534 520.9 516.1 516.1 516.1 516.1 516.1 522.3 535.3 548 566.4 598.6 634 672.3 709.8 728.5 737.4 744.7 754.2 767 777.9
529.4 487.7 452.8 421.8 390.8 364.5 341.7 324.8 306.2 302.4 300.2 299.8 300.2 306.4 302 301.4 302.7 305.6 306.4 303.6 312.3 323.9 343.3 360 377.8 391.3 411.1 436.9 439.1 449.9 465.2 477.6 502.5 511.3 527.8 590.2 630.3 654.3 673.4 698.7 727.9 747.9 758.8 762.5 763.9 763.6 764.9 764.9 732.9 686.1 651.2 619.4 594.5 578.1 566.6 556.9 542.6 527.9 516.1 516.1 516.1 516.1 516.1 516.1 516.1 530.9 550.4 578.8 616.2 662.3 694.5 727.9 749.9 759.8 768.6 776.6 784.7 794.5
