data/230000-60000.asc
ncols 200
nrows 200
xllcorner 230000
yllcorner 60000
cellsize 50
[rows 74 to 110 of 200, columns 0 to 82 of 200]
135.2 136 135.8 133.6 130 126.7 121.8 116.3 110.3 109.7 110.4 112.4 116.9 126.1 133.8 140.1 145.5 150.3 155.6 159.4 161.6 162.1 162.4 160.5 156.7 151.4 150.3 149.3 146.6 134.8 127.8 141.9 152.3 157.7 161.1 163 162.6 160.1 155.6 150.5 142.6 135.4 145.5 149.9 152.4 154.2 153.8 151.5 147.4 140.4 132 126.5 119.7 112.1 106.7 103.3 101.9 97.9 93.8 84.7 72.6 60.3 56.2 51.1 56.1 66.5 84.6 93.1 97.8 99.7 100.4 99.3 97.3 95.8 94.2 92.9 91.5 89.9 87.5 84 80.5 75.5 68.9
130.2 131.2 131.7 129.8 126 121.3 116.8 112.2 107 106.5 112.5 120 124.5 129.3 133.6 139.7 145.3 151.3 156.9 160.6 163.8 164.5 165.1 161.4 157.6 149.4 142.1 142.4 139.6 128.5 134.1 148.1 153.7 158.1 161.9 163.7 163.8 161 157.3 153.4 147.3 141.8 148 151.6 154.8 157.3 157.3 154.7 150.5 143.7 133.7 124.2 120.4 115.4 109 98.9 89.9 83.5 75.3 73.1 75 77.8 69.3 55.2 49.4 60.9 80.6 89.7 94 95.9 96.2 95.7 94.7 93.5 92.1 90.2 89.4 88.4 85.9 82.4 78.7 74 68.4
123.5 125.3 127.1 125.6 121.1 114.6 109.7 105.2 104.1 109.2 119.1 126.4 130.2 132.6 136.8 141.1 146.8 152.3 157.9 161.8 165.2 166.7 167 164.1 160.6 153.6 146.1 138.3 131 123.8 136.6 147.9 152.7 156.9 160.7 162.8 163.3 161.1 158.5 155.7 152.7 148.9 150.4 153.9 156.6 159.1 159.2 157.4 153.8 148.7 141.9 137.4 130 126.8 119.5 110.2 98.7 91.7 92.1 93.7 93.4 87.1 77.5 60.9 49.1 57.8 78.5 86.1 89 91.9 92 91 89.9 89 88 87.1 85.9 84.6 83.3 80.2 76.7 72.7 68
115.4 118.8 120.5 120.2 116.8 108.5 103 101.6 107.3 115.7 123.1 127.7 132.1 135.3 139.5 143.7 149.2 154.1 157.9 161.5 164 165.4 165.8 164.9 162.3 158.3 153.9 148.8 138.8 122.2 135.7 144.6 149.6 154 157.9 161.1 161.9 161.6 159.8 157.2 155.7 153.8 154.5 156.2 158.7 159.9 160 159.8 157.6 154.3 149.4 145.2 140.8 135.4 127.8 115.2 108.9 109.4 108.6 105.6 99 89.1 79.5 66.7 49.6 59.4 76 80.8 82.8 83.8 84.8 84.2 82.6 82.1 82.2 81.9 80.7 79.5 77.8 74.4 73.1 69.8 68.4
103 109.1 111.9 110.4 103.9 99.4 100.5 110 116.9 121.2 126.5 130.6 134 137.6 141.8 146.3 150.1 153.9 156.7 158.9 161 162.4 163.7 163.7 161.8 160.4 157.7 153.6 145.4 126.6 128.4 138 144.6 150.4 154.9 158.7 160.4 160.6 160 159.4 159 158.2 157.2 158.4 159.9 160.5 160.6 160.5 160.4 157.5 154.7 152.2 147.9 142.2 136.8 129.3 127 123.4 120.4 112.9 102.7 89 76.4 63.5 48.7 56 69 73.3 75.5 76 75.7 74.7 73.1 73.1 73.3 74.2 74.3 73.6 70.7 67.8 66.4 65.2 66.2
90.1 92.2 96.6 96.5 95.6 100.6 112.8 123.1 124.3 127.6 129.9 132.1 134.6 137.5 140.7 144.7 148.6 151.4 153.5 155.7 157.9 159.5 160.9 161.6 161.2 159.8 159.1 156.6 151.7 138.6 121.6 126.8 135.8 145 151.7 155.6 157.3 159.3 159.4 159.4 159.4 159.2 159.4 159.4 159.3 160.7 160.9 160.7 161 159.9 157.4 155.6 153.3 149.9 145.6 142.6 140.5 136.9 131.4 123.2 112.5 101 86.8 71.2 51.2 49 57.6 62 66.4 67.1 67 64.8 62.1 61.8 62 62.4 64.5 64.8 63.3 60 53.7 50.9 52.1
98.2 94.7 93.5 96.6 103.4 115.3 121.9 125.5 127 128.6 129.4 131.6 132.9 135 137.1 140.3 143.8 146.4 148.9 151.5 153.8 156 157.5 158.2 158.5 158.3 157.7 156.5 153.9 148.5 137 123 123.8 136.3 145.8 150.2 153.8 155.8 156.3 157 156.9 157.3 157.7 158.1 158.7 159.6 160.3 161.1 161.6 161.6 160.1 158.7 156.5 154.5 151.9 150.2 148.2 144.3 139.4 131.7 124.1 115.4 101.7 82.9 64.1 50.1 44.5 46.6 51 51.6 51.7 52.8 52 51.8 52.7 52.4 53.9 56.1 54.4 45.3 38.3 34.6 32.1
117.1 112 111 114.9 121.9 126.1 126.5 126.3 126.8 126.4 127.5 129.4 130.5 130.9 132.8 135.6 137.8 140 142.7 145.9 149 151 152.2 153.8 154.3 154.4 154.4 154.3 152.3 149.8 146.3 136.9 122.3 124.1 135.9 144.4 148.2 150.6 151.2 152.6 153.5 153.6 154.9 155.6 156.3 157.5 158.2 159.8 161.6 161.8 161.5 161 159.6 158 155.8 153.8 151.9 149.5 145.3 138 130.7 123.5 114 97.5 81.2 69.9 59.2 51.4 46.4 43.4 39.7 40.5 40.4 41.4 44.7 43.4 42.2 42.3 38.1 34.7 36.5 38.9 40.4
131.8 131.6 132.1 129.6 128.5 128.9 127.5 126.4 124.8 123.1 122.2 124.1 125.7 126.8 128.5 131 132.4 134.4 137.8 141.3 144.3 146.3 147.8 149.4 150.1 150.2 150.3 150.6 150.3 149.2 147.6 144.1 134.4 119.9 122.4 132.6 138.9 142.5 146.2 147.8 148.9 149.7 150.5 151.6 153 154.7 156 158 160.7 161.8 161.6 161.4 161 159.9 159.2 157.4 155.1 152.5 149.1 144.8 138.5 131.5 122.7 112.1 101.7 89.4 80.3 71.7 68.3 64 56.6 49 43.9 39.8 37.4 40.2 40.2 38.8 38.2 48.5 50.9 52.5 53.6
135.6 136 135.8 133.7 130.4 128.8 127.2 125.2 122.7 120.1 116.5 116 117.9 120.7 123.3 126.1 127.4 129.7 134.1 137.8 141.6 143.8 144.4 145.2 145.8 146 146.3 146.7 146.9 147 146.3 144.5 141.4 131.4 118.9 113.3 115.4 124 131.9 139.7 143.6 145.3 146 146.2 147.3 148.7 151.9 156.1 159 160.9 161.8 161.5 161.1 160.6 160 159.2 157.6 155.1 152 148.1 143.2 137.7 130.7 123.1 115 105.7 96 88.6 82.2 78.7 71.7 64.2 56.3 45 47.7 54.5 54.7 51.7 48.4 60.2 64 65.4 66
134.9 134.9 133.8 132.4 130.2 127.4 125.8 122.8 120.1 116.7 112.7 109.4 109.5 111.4 115.7 119.1 122.1 124.3 130.8 136.4 140.2 142 142.7 143.4 143 142.3 142.2 142.7 143.3 144 143.7 143.2 141.7 138.5 129.7 120 113.3 107.2 113 122.8 131.1 135.8 139.6 140.6 141 143.6 149.1 154.9 157.9 159.3 160.1 160.3 160.5 160 159.9 159.6 158.7 156.3 153.3 150.2 146 141.9 135.6 128.7 121.5 113.2 103.7 95.2 89.3 85.2 78.7 70.7 62 47 49.1 56.2 57.6 52.4 55.6 63.3 69.6 73.4 74.1
133.3 132.8 131.6 130 127.3 125 122.7 120.2 117.2 113.6 110 106.4 106.1 108 110.2 112.9 116.6 122.3 129.8 135.9 139.2 140.6 141.8 142.4 141.7 139.8 138.6 138.3 139.4 140.5 141 141.4 140.3 138.9 137.9 133.1 127.3 120 111.1 108.1 115.2 123.1 130.7 126.8 135.2 143.5 149.7 153.8 156.9 157.4 157.9 158.2 158.3 158.2 159 158.9 158.2 156.5 153.8 150.9 147.4 143 137.8 131.9 125.4 118 109.6 100.4 93.2 86 78.9 69.2 57.7 49.4 48.5 54.1 56.3 53.3 57.8 63.7 71 76.8 78.3
130.5 129.6 128.4 126.8 124 119.7 116.6 115.7 114.3 113.3 107.6 103.4 108.1 111.2 113.4 115.3 117.4 120.5 129 135.1 137.9 139.2 140.5 141.3 140.5 138.2 135.5 134 135.1 136.2 137 138 137.9 138.7 138 137.4 135.5 132.9 127.3 116.7 104.3 109.8 116.8 129.5 138.8 143.6 147.6 151.1 153.6 154.7 155.2 155.1 155.1 155.5 157.1 157.3 156.6 155.1 152.6 149.8 146.2 142.5 137.8 131.8 124.6 118.5 111.7 101.3 86.4 76.9 66.3 56.3 51 54.5 54.4 50.4 55 56.6 58.7 64.4 71.7 78 79.6
126.9 125.9 124.4 122.6 119.2 114.6 110.9 108.6 109.5 107.7 101.7 106 115.8 119.5 121.3 121.4 121.7 124.3 129.9 133.8 136.3 138.7 140.5 140.6 139.6 136.7 132.9 129.1 130.7 131.5 132.2 132.9 133.5 134.8 134.5 134.6 135 134 131.3 126.7 114.2 103.3 118.6 130.2 135.7 139.2 143.4 146.4 149.2 151 151.7 152 151.9 153.1 154.7 155.2 154.6 153.2 150.8 147.6 143.6 139.7 134.9 127.5 116.6 104.9 94.1 83.4 71.4 65.1 63.5 67.3 69.8 66.7 63.4 56 59.4 59.6 62.9 66.9 73.3 79.5 80.9
123.3 122 120.6 118.7 115.5 109.9 105.2 102.9 100.6 97.6 108.9 119.3 123.6 124.7 125.7 126.4 127.3 129 132.3 134.5 137.2 139.2 140.1 140 138.3 135.3 131.6 128.5 123.9 123.3 125.5 127.4 128.1 128.6 129.1 129.6 129.9 130.3 128.6 124.8 114.6 101.2 120.6 126.4 130 134.3 138 141.6 144.6 146.8 148 148.4 149.1 150.9 151.9 152.5 152.4 151 148.5 144.7 140.2 133.5 124.9 113.6 102.6 91.6 90 86.7 82.7 82.9 83 82.8 78.3 73.9 68.8 62.6 64.1 66.5 70.2 74.5 79.3 82.1 82.9
119.9 118.4 116.5 114.8 111.6 106.1 100.1 96.7 94.3 106.4 122.1 125.7 127.3 128.4 128.9 129.4 131 132.4 133.6 134.8 137.5 138.9 139.4 139.4 137.1 136.8 134.8 131.3 127.6 122.1 118.9 121.1 121.4 121.8 122.1 121.5 122.5 122.8 122.1 120.8 114.2 100 114.6 120.9 124.8 128 132.5 136.1 139.5 141.6 143.4 143.4 145.1 147.5 148.5 149.4 149.7 148.6 146.7 143.2 137.6 127.8 118.8 113.9 112.4 111 108 104.2 102.2 101 99.1 95.5 90 82.4 75.1 69.7 70.5 75.5 80.8 85.4 87.7 87.9 87
116 113 111.4 110.1 108.6 103.7 96.7 91.5 98 117.2 126.4 130.2 131 131.4 131.5 131.9 133.1 133.7 134.9 136.1 137.6 138.6 139.1 139.7 139.7 139.2 137.5 134.4 130.7 124.2 119.5 116.2 114.6 114.6 114.6 113.9 113.4 114.4 114.7 113 110.9 98.1 105.8 113.7 117.3 120.9 124.9 129.2 132.8 135.4 137.4 138.3 140.7 143 144 144.9 145.7 144.9 144.5 142.1 138.4 131.8 128 127.2 127.4 126.2 123.2 119.5 116.9 114.6 112.8 109.5 104.1 97.6 89.7 82.8 80.7 84.9 90.2 92.1 93 91.6 90.1
110.8 107.8 105.9 105 104.7 101.6 91.7 93 109.6 121.2 126.4 129.4 132 133.1 133.2 133.3 133.4 133.5 133.4 134.8 136.5 137.9 139.1 140.8 141.3 140.8 139.8 136.2 132.1 127.7 123.1 119.5 115.8 110.7 110.4 108 105.1 103.4 103.9 104.6 103.1 96.7 97.5 104.7 109.9 113.3 117.2 121.2 124.4 128.6 131 133.2 135.6 137.3 138.5 139.7 140.3 140.5 140 140 138.8 136.1 134.9 134.6 134.2 132.4 129.3 126.3 124.4 123.1 120.7 118.3 115.3 110.8 105.5 99.4 98.4 99.3 97.1 97.4 97.2 95.5 93.7
109 104.1 98.6 97.3 98 92.9 88.4 103.9 117.2 121.5 124.1 126.7 128.6 130.7 132.7 132.4 132.7 132.6 132.4 132.8 134.8 136.9 138.5 140.7 142.5 142.3 141.4 138.7 134.9 130.9 127.2 124.6 122.5 119 116.6 114.6 112.6 108.9 104.4 100.6 97.6 95.2 95.8 99.4 103.9 107 110.1 114.3 119.2 122.4 125.6 129.2 129.9 131.1 131.5 132 133.4 134.3 135.2 135.6 135.1 135.6 135.9 135.9 136.1 134.2 132.1 130.3 129.1 128.3 127 125.1 123.5 120.3 115.9 112.1 110.9 109.8 108.2 105.8 101.5 98.6 96.4
108.9 105.7 99.8 93.2 89.2 86 95.2 110.6 116.6 120.3 122.3 123.6 125 127.2 129.4 130.3 130.1 129.7 128.7 129.8 131.4 134.3 137.2 140 142 143.1 143 142.5 140 136.5 132.6 129.9 127.5 124.7 122 119.4 116.3 113.4 107.7 102.8 96.6 94.5 94.1 95.5 98.6 102.1 105.7 110.1 115.3 119.4 123.1 124.4 123.8 123.3 123.8 124.5 126.2 127.5 128.6 129.5 130.3 131.6 132.6 134 134.1 133.2 131.9 130.2 129.8 131.1 131.1 130.8 129 127.3 125.2 122.9 120.6 118.6 115.7 111.7 107.5 102 98.9
109.6 107 103.1 97.1 90.3 84.9 95.5 106.7 112.9 116.3 118.7 120 121 123.1 125.5 127.5 127 126.3 125.8 126.8 129.1 131.8 134.5 137 139.4 142.1 142.6 143.2 142.4 139.9 136.1 133.3 130.9 128.3 124.7 120.6 115.2 111.3 106.4 99.5 96.6 94.7 92.7 93.2 95.3 99.8 104.1 110 115.1 119.3 121.6 122.9 121.2 117.6 113.5 113.5 116 118.8 120.6 122.1 123.4 125.7 127.5 129.2 129.7 129.6 129.1 127.5 127.6 129.6 132.3 134.1 133.4 131.7 130.2 129 126.9 124.4 120.7 116.6 112.1 107.2 102.1
110.1 106.8 103 99.2 93.2 82.4 91.4 102.7 107.2 111 113.7 115.9 117.3 118.9 122.5 124.9 125.4 124.6 123 125.9 128.6 131.6 134 136.3 138.2 140.6 142 142.9 142.8 141.8 139.8 136.9 134 130.6 126 121.3 116.1 110.8 105 101.7 97.8 95.4 92.6 91.7 93.5 98.4 103.7 108.7 113.6 117.5 120.3 121.3 120.1 116.8 112.1 106.2 101.7 107.7 107.9 111.5 113.6 116.5 120 122.5 123.8 124.7 124.7 123.4 122.2 125.1 131.4 134.9 135.1 134.4 133.5 132.3 130.4 128 124.3 119.4 115.1 110.6 105.9
109.6 105.8 101.6 96.9 89.7 81.1 86.9 95.2 100.2 104 107.9 110.7 112.4 114.3 118.9 122.6 123.8 122.8 121.8 126.5 130.5 133.3 135.6 137.6 139.2 140.5 141.5 142.5 142.8 142.3 141.4 139.5 137.7 135.5 130.9 124.8 120.1 114.7 109 104.6 100.2 96 93.3 90.9 91.5 96.7 101.9 107 111.6 116.5 120.1 121.2 120.4 117.9 113 107.3 100.5 98.4 96.5 95.3 96 103 109.6 113.6 115.4 117.4 118.2 113.1 109.2 120.3 129.8 134.7 136.3 136.5 135.8 134 131.6 129.2 126.2 121.6 116.8 112.1 106
108.3 103.8 98.9 93.7 83.6 80 84.1 87.5 92 97.9 101.4 105.4 108 111.6 116.9 121 122.4 121.6 119.3 126.6 130 132.8 134.8 136.8 138.2 140 141.8 142.9 143.2 143.5 143 141.3 139.8 137.7 134.1 130.6 126.2 120.4 113.2 108 103.1 98.7 95.4 92.4 89.8 94.6 99 104.2 110.2 115.4 119.2 121.7 122.5 120.8 116.7 111.6 102.9 98.2 95.9 93.1 83.8 84.6 93.4 100.9 106.8 108.9 107.6 97.7 107.9 123 129.5 133.2 135.1 136 135.4 133.6 131.6 129 126.3 122.9 118.1 113.3 106.7
105.5 101.3 96.1 88.9 79 82.3 90.2 99 103.2 104.2 102.1 101.9 106.3 110 115.3 119.5 120.9 120 116.3 123.7 127.9 130.4 132.7 134 135.4 137.7 140.2 142.5 143.7 143.9 144.5 143.7 141.8 140.1 138 134.5 131.6 128.3 122.8 113.2 106.8 101.3 97.4 93.4 89.5 90.6 95 100.6 108 114.3 119.2 122.2 123.9 124.8 122.7 118.8 112.6 106.8 98.6 95.3 88.7 77.7 84.1 90.8 95.8 98.8 93.4 92.4 110.9 124.6 128.6 131.2 132.6 133.4 132.9 131.3 129.7 128.1 126 123 119.4 114.5 107.4
102.1 98.1 91.7 80.3 76.8 85.7 97.9 107.9 112.1 112.3 110.2 106 106.8 111.9 115.3 118.2 120.1 118.9 114.2 120.2 124.8 127.3 129.6 130.4 132 134 137 140.7 143.5 145.5 147.2 146.8 145 143.4 141.8 138.4 135.6 132.7 128.8 122 113 105.9 99.5 95.2 91.6 87.5 92 99.9 107.3 113.4 119.7 123.1 125.3 127.2 127.6 126.6 122.9 117.3 110.8 101.9 91.7 79.2 75.5 86.9 92.3 92.1 84.3 91.7 110.6 119.5 124.9 126.8 128.1 128.4 127.7 127.4 126.9 125.4 123.9 121.9 119.9 115.9 109.5
98.2 93.3 81 75.4 82.3 93.3 103.5 111.7 116.6 117.3 116 115 114.7 115.6 117.5 118.4 119 117.3 113 116.1 121.3 124 125.9 127 127.8 129.9 133.1 136.9 141.3 143.6 146.7 148.1 147.4 145.3 143.7 141.2 139.6 136.8 132.6 127.2 119 110.6 104.5 99 93.9 88.8 87.9 96.4 106.1 113.9 119.6 124.5 127.5 129.7 131 130.4 128.1 124.1 116.5 109 99.1 84.4 70.3 80.6 85.9 85.5 75.7 92.3 105.9 112.8 117.7 120.5 122.1 122.4 122.2 121.9 121.8 121.3 121.4 120.1 119.1 117 111.4
94.5 87 74 80.1 92.8 103.8 109.3 112.4 115.9 116.8 116.5 116.3 116.8 118 118.2 118.1 118 115.6 110.7 113.3 118.1 121 122.3 123 122.4 125.5 128.4 132.5 136.9 140.5 143.3 145.2 146.2 145.7 144.8 143.1 142 139.9 136.5 132.8 125.8 118.3 110.5 105 97.5 90.7 86.6 92.2 101.8 113 119.8 125.3 128.9 131.2 131.3 131.5 128.9 123.7 116.5 109 101.2 89.4 74 71.1 79.2 77.7 72.2 89.1 98 104.2 109 111.9 114.2 115.2 115.9 116.3 116.4 117.2 118 117.4 116.7 115.2 111.8
82.6 74.9 74.5 90 104.5 109.2 112.4 114 114.9 115.5 115.5 115.6 116.1 117.5 118 117.9 117 115.3 108.2 110.1 116.3 119.5 119.9 119.9 118.3 120.5 123 127.6 131.4 134.9 137.6 140 141.8 142.9 143.6 142.1 142.3 141.8 140.1 136.5 130.9 126.4 119.4 113 104 93.2 87 90.5 99.5 110.7 118.9 125.6 129.5 132.2 132.2 130.1 127.3 121.8 112.7 106.3 99.3 90.6 80.3 68.5 68.8 68.6 72.5 81.2 88 93.5 98.3 102 103.8 104.8 105.7 106.7 107.7 110.2 112.8 113 112.5 111.4 108.5
67.1 67.4 82.1 97.5 105.6 109.3 112.3 114.5 115.7 115.2 114.3 113.8 113.5 114.9 116.1 116.9 115.9 113.2 105.5 107.9 115.2 117.7 118 117.8 115.6 113.5 116.5 121.5 125.9 129.1 132 134.5 136.9 138.5 139.3 140.4 141.1 141.1 139.9 136.7 133.6 129.4 125.6 119.6 111.2 98.6 85.9 87.9 96.8 107.2 117.1 125 128.9 131.3 132 129.3 125.5 117.5 109.1 102.9 95.6 88.4 79.3 70.4 63.4 61.2 67.3 72.4 77.7 82.7 86.6 90 93.1 94.9 95.9 96.9 98.4 101.5 104.1 105.4 105.4 104.2 102.7
68.2 75 86.8 97.2 102.8 105.7 107.2 111 112.4 112.8 113 111.8 110.8 111.7 113 114.2 113.6 110.5 101.6 108.1 113.7 115.9 116.2 115.6 113.3 108.7 109.9 116.2 120.1 123.2 126.1 129 131.7 133.7 135.5 136.6 137 137.6 137.9 136.2 133.6 130 125.7 120.3 114.3 106.3 87.4 86 95.1 106.6 115.9 124.1 127.7 130.3 131.2 129 124.5 115.5 106.2 96.3 89.2 82.6 76.2 67.6 60.9 57.9 60.3 64.5 68.5 72.5 75.5 79.1 82.2 83.6 85.7 87.2 89.1 91.9 94.3 95.6 95.7 94.9 93.3
69.3 75.6 83.1 91.4 95.8 99.4 101.8 105.5 106.5 107.6 107.6 107.8 106.2 108.5 110 111 110.4 107.6 97.2 106.4 111.6 113.6 113.9 112.8 109.4 102.6 105.2 109.6 113.1 116.8 120.8 125 127.6 129.6 132.2 132.2 132.7 133.4 133.3 132.4 130.1 126.7 123.2 117.7 111.7 105.2 89 84.8 98.6 111.4 119.7 124.2 127.8 129.8 130.2 128.3 123.7 116.4 107 93.2 81.4 74.1 68.2 63.4 59.4 58.2 54.1 57.9 60 62.5 65.3 66.7 69 70.1 71.1 74.2 79.2 82 84.2 84.3 83.7 82.5 77.9
61 65.7 71.1 77.6 83.6 90 96 100 101 100.9 100.7 100.7 101.4 104.8 106.7 108.3 107.7 105.2 95.3 103.7 108.9 110.7 110.8 110 107 100 100 106.1 112.4 116.5 119.1 122.6 124.8 127.4 129.2 128.8 128.7 129.5 128.7 127.4 125.4 122.1 118.6 114.2 105.8 96.8 84 87.6 102 115.3 122.6 126.8 129.5 131 130.5 127.3 122.4 116.1 108.1 99.5 88.9 82 73.6 62.5 59.2 57.2 54.9 52 53.7 53 51.3 54.8 57.2 58.1 58.9 61.7 67 71.7 73.3 72.9 70.1 65.8 61.6
57 56.6 57.7 62.3 67.7 76.4 87.1 92.7 94.1 93.2 91.8 92.2 97.4 101.6 104.6 105.7 105.8 103.1 93.4 103.1 106.4 107.8 107.8 106.9 104.9 95.7 101.6 113.5 117.2 120.5 120.3 122.5 124 125.4 126.5 126.5 125.1 124.8 123.4 122.6 119.2 115.4 113.8 109.4 95.6 84.9 83.4 93.5 106.1 119.9 127.8 132.7 133 132.8 131 128.3 123 116.8 108.4 100.6 94.2 87.9 81.5 69.7 60.4 57.6 56 58.1 56 52.7 50.4 47.1 47.6 50.2 53 53.7 56.3 59.6 61.2 53.8 52.2 45.5 40.2
65.3 57.1 54.9 55.5 57.5 62.7 75.2 83.8 85.8 84.1 82.6 87.9 94.3 100.7 104.7 105.7 105.3 101.7 90.9 91.9 104.1 105.1 104.6 103.2 99.5 90.1 102.8 113.1 117.3 120.8 121.7 121.4 123.4 124.4 124.6 124.2 122.8 120.3 118.2 117.3 115.7 115.3 106.9 98.1 84.2 81.5 89.1 99.6 115.7 129.4 135.5 137.8 137.5 135.7 133.6 130.7 124.8 117.1 106.5 98.6 92.8 88 83 76.4 65.8 58.7 62.4 71.1 71.7 66.9 61.2 56.2 50.3 45.5 46.3 47.7 48.3 48.9 46.3 42.1 42 45 47.7
84.7 75.5 63.2 53.8 54.3 56.4 64.4 73.8 77.4 75.8 78.4 85.3 92.6 99 103.5 104.5 104.2 99.5 88.9 92.2 99.2 100.5 100.7 99.3 97 87.5 103.4 109.5 113 116.7 119.5 119.7 120.7 121.4 121.7 121.4 120.4 117.8 114.9 113.5 114.9 108.7 100.2 85.9 81.6 85.6 96.9 114.5 128.2 136.3 140.7 142.4 140.9 139 137.7 133.4 127.3 119.5 109.1 100 91 82.4 73.6 67.8 62.4 67.5 73.3 79 82.4 78.5 74.4 67.3 58.1 50.8 46.4 44.6 44.1 43 43.8 49.4 56.1 60.6 61.3
98.6 93 84.9 70.2 56.6 53.5 56.8 65.1 68.3 72.6 78.9 85.1 91.5 97 100.5 103.1 102.2 98.2 88.7 84.1 90.3 94.3 95.6 95.1 92.3 88.4 100.8 105.2 108.7 111.2 113.5 116.3 117.6 117.8 117.8 116.9 116.1 114.3 111.5 109.6 109.2 106.5 98.2 80.7 82.4 90.8 104.4 121.9 133 139.4 143.9 146 145.6 143.2 141.3 137.4 131.4 123.1 114.3 105.4 97.5 89.7 83.6 76.6 67.2 77.4 80.6 85.3 88.9 88.4 85 78.6 69 58 50.6 47.4 47 49.4 58.4 66.2 73.1 75.3 73.6
