data/230000-870000.asc
ncols 200
nrows 200
xllcorner 230000
yllcorner 870000
cellsize 50
[rows 35 to 69 of 200, columns 78 to 155 of 200]
384 372.9 362.6 352.9 344.7 331.2 322.9 317.1 312.5 305.2 297 290.5 283.1 275.6 268.1 267.4 263.7 260.2 256.7 256.7 259.2 262.1 265.9 271.3 278.1 289.5 302.9 314 321.5 338.8 358.5 370.4 384.9 403.1 417.8 432.4 446.2 460.5 474.2 483.8 494.9 522.3 552.6 581.4 605.1 626.1 643.6 661 675.5 686.9 696.1 705.2 713.1 720.4 725.9 727.4 730.7 732.1 731.3 726.9 716.8 678.9 638.3 606.2 584.2 567.8 547.6 528.9 515.2 505.7 493.1 482.2 472.9 463.5 457.8 450.5 442.8 437.8
385 371 361.7 351.7 344.2 332.1 322 316.2 310.2 303.6 297.3 290.2 285.6 279.9 269.8 262.3 263.7 256.7 256.7 256.7 256.7 257.9 262.8 267.8 278.5 293.4 306.2 320.9 333.7 347.5 363.9 378.3 393.7 408.9 425.4 441.9 460.3 476 488.5 501.5 514 524.7 549.3 581.8 610.7 632.1 652.2 670.2 684.3 695.3 704.1 713.3 721.5 728.7 734 733.7 733.9 732.3 729.4 723.9 709.7 674.6 643.3 605.3 584.3 565.6 549.7 532.1 516.2 506.3 493.6 483.8 474.6 465.3 458.3 451.9 445.9 439.6
383.3 370 360.4 352.4 343.3 335.1 321.1 314.2 309.2 301.4 296.1 288.9 282.6 275.3 266.1 261.3 258.5 256.7 256.7 256.7 256.7 256.7 258.7 270.6 280.7 296.6 309.3 327 341.9 355.9 373 385.5 399.5 416.3 433.5 450.4 469.1 487.3 499.5 513.1 531.3 552.6 570.3 585 614.2 638 658.4 677.9 692.7 704 713.4 722.4 730.4 736.8 738.8 736.8 733.2 729.6 724.3 714.7 698.2 663 640.1 604.8 583.8 564 549.9 533 516.9 506 494.2 483.8 474.1 466.3 458 451.9 448.2 443
382.9 370.5 361.1 352.2 340.7 332.5 320.9 311.4 305.4 298.1 293.2 286.9 277.9 271.7 265.1 256.7 256.7 256.7 256.7 256.7 256.7 256.7 258.6 273.5 287.2 300.6 315.4 332.3 346.3 360.9 376.4 391.2 405.1 423 441.3 460.2 481 497.3 507.8 519.8 538.3 564.9 587 608.2 627.1 647.6 669.4 686.4 700.1 711.3 722.8 733 739.5 742.3 743.3 738.7 731.4 724.9 716.6 700.7 673.5 646.6 622.9 601.1 582 563.3 549.1 531.8 517.2 504.3 492.2 481.7 473.2 465.2 459.5 455.3 448.8 441.8
383.5 370.9 362.2 349.7 340.1 330.6 319.8 308.8 303.1 295.3 289.6 283.1 274.1 271.6 263.2 256.7 256.7 256.7 256.7 256.7 256.7 256.7 265.6 279.7 296 308 322.9 339.7 351.1 365.5 380.2 394.9 412.3 430.5 451.1 471.1 489.9 507.3 515.8 527.3 544.8 570 597.5 621.1 641 659.9 678.1 695.2 708.9 722.2 732.5 740.5 746.8 750.7 749.5 738.5 720.3 711.8 698.8 682.1 654.9 629.1 611 595 579.4 561.3 546 530.9 513.4 498.7 487.3 479.8 472.2 465.5 460 456.2 448.9 443.6
384.8 372.1 362.2 348.2 340.4 330.8 318.7 306.8 299.2 293.3 285.7 278.7 271.7 269.9 258.5 256.7 256.7 256.7 256.7 256.7 256.7 256.7 268.7 284.2 298.9 313.5 325.9 341.3 353.5 368.6 382.5 399.5 418.1 435.1 456.9 475.1 495.8 515.6 522.6 534.5 549.8 575.1 603.9 626.1 646.9 669.7 689.1 704.4 718.2 730.9 740.7 749.1 754.2 755 751.3 733.7 701.9 686.1 674.6 662 644.7 616 599.8 587.5 577.6 560.5 545 530.1 513.9 499.3 487.6 480.4 473.1 464.8 461 455.5 448.8 443.2
383.1 372.6 361.3 347.9 340.9 329.8 319.2 306.4 298.3 289.9 283.1 275.9 271.1 265.2 256.7 256.7 256.7 256.7 256.7 256.7 256.7 257.2 275 294.1 304.6 314.4 326.3 341.6 356.2 373.6 389.1 404.7 424.2 441.5 462.8 479.9 499.7 519.5 532.1 540.7 554.7 574.6 601.2 628.5 656.2 683.5 701 715.1 728 739.5 748.9 755.5 758.6 757.4 750 721 689.7 668.3 658.4 647.2 631.4 607.6 591.2 582.5 574.8 562.5 543.3 529.6 514.2 496.8 489.4 481.4 472.9 465.5 459.5 455.4 450.2 444.3
384.5 370.6 358.3 345.5 338.8 329.6 317.9 305 295.3 287.2 281.2 273.4 269.5 267 256.7 256.7 256.7 256.7 256.7 256.7 256.7 263.4 280.7 294.7 305.6 317.1 330 346.2 360.5 376.7 391.5 410.7 430 449 468.5 484.4 505 524.1 539.4 547.7 556.9 573.9 601.5 633.6 669.6 698.8 714.1 727 737.2 747 754.8 759.8 761.3 757.8 741.2 710.8 679.7 658.9 648.6 635.7 619.1 599.6 589.2 585.4 577.6 562.5 544.6 527.5 511.9 498.2 490.4 481.8 472.7 466 458.9 454.5 451.1 444.7
385.5 372.1 360.9 348.7 337.2 328.6 316.5 304.9 294.8 284.2 276.8 270.4 266.3 263.9 256.7 256.7 256.7 256.7 256.7 256.7 256.7 267.2 278.2 292.4 308.1 321.5 335.4 348.9 363.4 376.7 390.9 419 435.4 452.4 472.8 487 503.7 524.1 538.5 544.6 553.9 574.6 604 639.9 683 710.3 722.6 734 743.6 751.3 757.9 762.2 762.8 757.3 730.7 702.8 676.4 656.4 644.8 630.6 612.4 598.1 589.8 583.1 571.1 557 539.1 524.5 511.1 499.4 491.5 483.3 472.9 465.2 459.1 454.4 449.8 443.2
386.3 374.5 361.6 349.6 336.6 329.5 318.3 304.8 292.3 281.2 275.2 266.7 262.7 256.7 256.7 256.7 256.7 256.7 256.7 256.7 256.7 268.2 279.5 292.5 306.2 321.1 336.8 353.5 368 382.3 393.2 417.2 437.2 456.7 472.1 483.4 501.9 521.6 535.9 543.6 552.1 575.7 600.5 633.9 678.6 706.6 720.3 735.2 744.8 752.4 757.8 761.7 762.7 757.2 728.9 701.3 676 654.8 640.2 627.2 611.8 597.5 589.1 577.8 563.1 547.1 535.6 522.7 509.6 499.3 490.4 482.7 472.5 465.1 457.9 452.5 446.6 440.7
387.9 376.7 363.7 348.8 336.3 330.1 318.3 305 293.7 283.9 271.1 264.1 256.7 256.7 256.7 256.7 256.7 256.7 256.7 256.7 256.7 269.6 279.5 293.6 308.1 323.6 339.3 356.6 374 384.5 393.2 417.8 437.1 459.5 471.4 483.8 505 523.2 535.7 544.5 552.9 570.9 593.9 623.8 654.9 690.4 711.8 730.8 742.2 749 758.1 764 765.6 760.3 734.7 707.9 682.5 657.2 634.8 622.2 607.3 594.1 583.6 572.3 557.9 545.2 534 522.8 508.9 499.4 489.3 478.8 469.9 462.3 456.1 450.2 444.6 439.6
389.9 378.3 361.8 350.3 338.2 327.5 318.1 305.6 295.3 285.1 272 261.9 256.7 256.7 256.7 256.7 256.7 256.7 256.7 256.7 266.2 271.9 281.8 295.2 310.6 324.1 342.7 360.6 378.1 384.8 395.9 416.5 436.3 459.5 474.7 489.1 507.5 522.1 532.9 541.5 550.6 563.9 583.6 607.7 633.4 661.2 686.8 717.3 735.7 745.5 758.8 767 770.2 765.8 743.2 716 686.3 660.9 635.1 614.8 604 590.9 580.1 571 557.1 544.7 531.5 523 509.1 497.9 485.5 475.2 466.3 458 451.9 447.2 442.9 436.6
389.1 377.1 361.6 350.7 338.9 325.7 314.8 303.6 293.9 287.2 274.5 260.2 256.7 256.7 256.7 256.7 256.7 256.7 256.7 256.7 263.7 272.3 282.2 296.1 315.3 327.6 343.9 361.3 376.5 384.6 397.2 415 435.2 463.4 480.2 490.5 506.5 519.6 528.6 536.1 547.1 560.3 576.1 591.7 612.8 642.2 673.1 694.1 718.4 737.6 754.6 765.9 772.4 771 752 722.3 691.2 661.8 638 612.6 598.9 591.1 581.7 569.4 554.8 542.2 530 518.2 507.4 492.7 481 471.9 461.4 454.1 448.2 443.6 439.7 434.2
387.3 375.6 363 350.4 335.3 322.2 312 302.8 292.6 283.9 273.8 259.1 256.7 256.7 256.7 256.7 256.7 256.7 256.7 256.7 266.9 274.4 283.7 298.7 316.6 327.7 347 362.2 376.6 385 397.9 414.1 434.4 461.5 479.8 490 502.8 514.2 520.5 531.9 542.8 558.1 568.4 580.2 590.8 617.7 646.6 673.5 698.8 723.8 742.6 758.9 769.6 772.2 758.2 728 694.2 666.1 642.6 615.1 597.5 589 579.7 565.5 552 537.4 524.8 513.7 502.8 487.1 477.6 467 457.8 450.2 443.3 438.4 434.6 429.8
388.7 377.3 363.4 351.7 339.9 326.7 316 304 293.5 286.8 280.3 263.9 256.7 256.7 256.7 256.7 256.7 256.7 256.7 256.7 264.9 277.8 290 308.4 320 329.5 348.3 366 377.7 386.1 398.3 414.7 429.6 453.7 473.6 485.3 501.9 508.3 513.3 524.7 535.9 552.3 563.1 570.2 582.1 600.2 623.3 651.6 676 700.7 719.7 743.8 760.4 768.4 763.7 733.6 701.7 675 650 625.1 601.7 588.1 577.7 562.6 547.9 532.8 520.1 508.7 498.2 484.1 471.3 458.8 449.5 442.9 437.7 432.2 429.1 423.8
389.5 377.3 362.9 353 342.2 327.7 315.9 303.1 292.2 284.2 277.3 263.8 256.7 256.7 256.7 256.7 256.7 256.7 256.7 256.7 267 280.3 293.5 306.3 319.2 330.4 347.8 372.3 380.2 387.8 397.9 412.3 424.3 443.4 464.8 478.6 495.1 500.5 504.6 514.5 525 542.1 554.1 562.5 577.7 588.2 606.3 630.6 657.4 681.7 702.6 723.2 745.5 760.4 761.4 740.2 708.2 679 652.9 629.9 613.1 588.5 573.7 557.7 542.9 529.5 514.2 498.4 484.1 478.3 467.4 452.7 442.7 436.9 433.4 429.1 424.5 420.1
388.2 375 363.9 351 339.5 326.9 318.5 303 290.7 282.6 275.9 261.1 256.7 256.7 256.7 256.7 256.7 256.7 256.7 256.7 269.9 282.1 294.5 307.5 318.3 331.4 348.7 372 386.4 389.4 398.2 410.1 421.8 436.5 456.2 471.3 485.6 491.1 495.1 503.2 520.1 534.3 545.9 556.7 571.8 582.8 597.5 615.5 638.5 663.6 683.3 700.4 720.6 743.2 753.2 745.8 716.4 685.7 654.9 629.3 612.2 585.5 569.3 550 535.7 523.3 505.5 488.3 477 474.8 459.3 450.3 439.6 435.2 430 425.2 421.1 417.3
387.5 376.3 362.9 349.1 336.2 324.5 315.6 302.1 289.5 279 274.1 272 256.7 256.7 256.7 256.7 256.7 256.7 256.7 256.7 272.6 283 295 305.9 317.1 331.8 348.6 368.6 384.2 392.7 399.6 410.1 423.6 433.4 446.5 464.1 474.3 481.2 489.5 499.3 517.1 532.8 544.3 556.5 568.4 579.6 593.6 602.6 619.8 640.2 659.2 676.1 694.2 718.7 737.8 736.2 715.5 688 649.9 624.6 604.6 576.7 562.6 543.5 529.5 515.9 498.7 483.9 472.4 467.4 454.8 446.4 440.8 433 428.6 420.5 416.4 414.5
383 368.3 357.4 351.6 334.2 319.7 307.9 298.3 286 278.4 274.7 275.2 256.7 256.7 256.7 256.7 256.7 256.7 256.7 256.8 273.3 279.9 297 304.4 315.3 330.5 347.2 365.9 384.5 395.5 402.9 410.8 423.2 431.8 440.8 455.9 464.9 477.7 488.3 498.6 517.1 533.5 548.7 560.6 567.1 574.5 587.2 596 601.2 618.2 635.1 652.4 672.3 695.7 714.3 715.1 699.4 671.9 637.2 618.7 592 572.2 554.9 534.6 523.9 506.2 491.3 478 466.7 456.7 447.3 439.6 438.9 434.5 425.3 421.3 415.2 410.3
394.5 384.5 370.4 355.6 340.2 325.7 311.3 296.9 281.8 275.1 268.7 264.1 256.7 256.7 256.7 256.7 256.7 256.7 256.7 256.7 271.4 283.1 295.6 304.6 317.7 331.1 347.5 366.2 385 399 406.5 413.2 422.1 431.6 441.8 453.2 463.1 472.9 483.6 495.9 516.9 531.3 549.9 560.8 564.5 571.1 579.5 592.2 598.3 602.2 612.9 630.1 653.2 672.4 691.7 691.9 668 647.1 621.4 603.4 581 566.6 543.2 529.9 517.2 500.2 484.9 470.3 458.6 449 440.5 435.5 432.7 430.1 427.4 418.7 415 407.1
396.6 384.5 371.4 358.9 343 328.7 313.9 301.5 286.9 274.2 264.2 260.3 256.7 256.7 256.7 256.7 256.7 256.7 256.7 261.1 276.5 284.5 293.9 305.8 319.5 332.5 347.4 363.8 385.8 402.4 413.2 416.4 422 431.6 443.8 453.2 462.5 470.2 479.5 491.8 512.7 526.1 542.5 557.2 560.3 570.6 578.4 587.8 599.5 605.1 607.3 614 633.7 649.7 664.6 664.1 645.3 627.5 608 588.8 572.9 557.5 536.4 517.3 506.5 492 476.9 461.6 448.7 441.4 435.8 429.7 427.1 425.2 424.9 421.7 411.8 405.1
397.1 386.5 371.4 357.1 345.2 330.1 316.8 304.9 289.3 274.3 266 258.1 256.7 256.7 256.7 256.7 256.7 256.7 256.7 265.9 277.4 287.9 296.2 307.1 319.2 333.3 347.4 361.6 377.8 396.6 415.8 415.2 420.7 432.1 446 451.8 460.2 467.8 476.4 487.2 505.6 519 534.8 547.8 553.3 566 575.5 586.6 598.4 611.2 613 612.6 620.7 633.5 640.8 641.3 628 614.9 598.9 581.3 564.3 549.5 529.1 508.4 495.1 481 468.6 454.4 441.6 436.1 430.7 425.9 419.5 419.2 419.6 416.2 415.9 408.3
398.4 385.5 372 360.9 348.6 333.1 317 304.8 290.7 273.4 263.7 256.7 256.7 256.7 256.7 256.7 256.7 256.7 256.7 266.9 276.6 287.4 296.8 310.6 320.6 333.6 348.9 361.7 372.5 389.1 412.4 413.3 419.6 432.3 444.1 450.3 458.5 465.9 473.9 484.2 497.1 508.1 524 539.2 542.5 555.7 568 581.5 593.1 606.5 610.8 608.3 616.4 625.8 629.6 629.6 627.2 615.9 598.6 576.8 557.9 543 524.8 501.5 485.6 474.2 463.1 448.5 437.2 430.3 425.4 420.2 415.1 412.2 412.8 412.4 408.9 404.5
397.2 387.9 374.2 360.8 346.6 333.7 317.3 303.9 291.4 274.9 259.5 256.7 256.7 256.7 256.7 256.7 256.7 256.7 256.7 264.4 275.3 284.9 296.3 311.8 323.1 337.5 350.2 362.6 372.4 382.6 400.5 409.6 416.3 426.4 440.2 450.1 458.2 464.6 471.9 479.6 487.6 492.1 501.1 518.2 530.6 547.8 559.4 572.9 584.1 598.8 604.3 602.9 605 615.7 620.7 623.1 626.2 614.1 594.4 573.3 553.2 536 516.9 497.6 478.7 466.8 456.5 444.5 433.1 425.5 420.5 414.2 409.2 407.1 406 406.4 405.7 401.9
395.5 385.4 373.5 359.8 344.8 331.9 318.7 306.2 291.8 275.8 260.4 256.7 256.7 256.7 256.7 256.7 256.7 256.7 256.7 265.7 274.6 284 298.3 314.6 326.3 337.8 350.5 361.4 371.3 381.9 388.4 404 407.2 419.1 434.9 446.8 455.3 460.4 466.6 473.4 479.9 480.3 488.4 501.1 519.3 537.5 545.8 561 570.6 585 595.3 596.6 600.5 606.6 613.8 616.5 615.8 607.9 590.3 572 549.7 531.2 511.7 490.7 471.8 460.7 449.1 438.2 428.6 421.7 415.1 409 405.4 405.4 402.3 401.9 400.9 398.5
393.4 381.8 373.9 358.1 344.8 329.3 318.1 310.2 293.3 278.1 263.7 256.7 256.7 256.7 256.7 256.7 256.7 256.7 256.8 267.3 275.6 288.2 302.3 316.1 326.7 336.2 346.3 355.8 367.1 379.2 383.7 395.9 401.6 412.7 429.5 440.7 447.9 453.5 458.6 463.7 469.3 474.4 481.3 493.7 516.2 524 532 549.7 558.2 567.8 582.4 587.6 594.6 602.5 607.6 606.3 604.3 599 587.6 568.9 546.5 524 504.4 480.9 463.7 452.6 440.8 429.1 421.9 417.6 411.6 406.8 403.1 403.3 401.2 395.5 396.2 397.3
391 380.9 370.3 359.5 347.3 334 318.3 310.2 296.6 281.9 268.4 256.7 256.7 256.7 256.7 256.7 256.7 256.7 260.3 268.6 277.8 287.4 302.3 316.1 325.2 334 344.3 352 360.4 369.7 379.4 387 396.9 407 425.7 437.6 442.4 447.5 451.8 455.6 460.6 470.2 478.7 488.9 511.9 515.2 519.8 533.8 544.4 550.4 568.9 575.5 580.9 592.2 596.2 596.8 594.7 590.7 583.3 563.4 539.1 515.3 491.2 471.9 456.7 444.7 429.6 422.3 416.7 412.6 410.1 408.2 403.7 400.7 398.9 395.2 391.3 389.1
388.8 379.1 368.8 357.1 346.1 334.4 321.4 309.9 297.1 282.6 271.2 256.7 256.7 256.7 256.7 256.7 256.7 256.7 262.8 270.8 276.8 286.7 301.3 314.8 321.3 330.6 339.5 346.6 356.6 364.4 376.3 384.8 391.6 401.6 420.5 435.6 440.8 444.8 448.8 450.1 456.5 465.1 476.8 484.6 494.8 508.8 509.8 515.7 530.1 537.8 553.8 562.6 567.7 577.8 583.4 588.8 587 583.5 575.3 556 530.6 507.9 485.8 463.8 449.7 436.2 424.4 417.5 412.2 408.5 406.8 406.1 401.5 397.6 394.9 390.6 389.1 380.1
383.6 375 366.6 356.1 348.4 334.6 319.9 311 296.7 282.4 272 256.7 256.7 256.7 256.7 256.7 256.7 256.7 263.3 269.7 278.5 286.7 299.5 311.6 318.2 324.5 334.3 344.6 353.4 360.9 373.7 385.1 388.1 397.3 412.7 431.9 440.6 444.1 446.9 446.7 452 460.1 472.7 480.3 486.6 496.8 505.5 509.2 512.8 522.9 534.7 548.9 556 568.1 573.4 579.9 579.3 576.5 568.2 547.1 523.5 502.8 478.7 457.5 441 427.4 419.7 413.6 408.8 404 399.4 399.9 398.1 393.9 389.2 387.6 383.4 367.9
376.7 370 359.3 351.8 345 334.1 319.1 309.2 297 282.7 270.7 256.7 256.7 256.7 256.7 256.7 256.7 256.7 261.5 269.3 276.1 286.8 297.5 307.4 312.2 320.4 331.9 340.8 349.8 357.8 371.5 379.8 383.4 393 406.7 426.4 437.2 441.1 443.5 443 447.3 455.2 466.6 474.4 482.6 488 497.7 504.4 506.9 513.5 520.5 533.5 546.8 557.1 561.9 566.9 569.2 568.6 559.8 539 514 496.1 473.1 454.6 437.7 424.7 416.4 408.1 404.7 400.1 394.9 393.7 392.1 388.2 384.5 386 379.4 367.2
375.2 362 354.1 345.9 338.6 330.6 318.4 309.2 294.5 285.5 268.5 256.7 256.7 256.7 256.7 256.7 256.7 256.7 261.5 269.9 279 286.7 291.8 302.5 308.9 314.7 326.9 337.1 347 353.8 367.5 375.6 379.3 387.2 400.8 417.8 430.9 436.1 439.3 439.6 441.5 449.3 459.6 467.6 479.6 483.2 492.5 497.2 503.4 505.4 507.8 517.1 528.6 542.7 549.5 556.5 563.1 561.9 552.4 533.2 509.7 489 468.2 449.1 433 421 411.6 401.2 398.1 395.2 392 386.5 386.2 382.4 384 383.2 374.3 364.9
373.2 357.9 346.6 340.6 333.6 327 319 307.4 295.1 284.2 272.1 256.7 256.7 256.7 256.7 256.7 256.7 256.7 261.9 271.3 280 285 289.9 298.4 304 311.1 322.3 332.1 344.9 350.2 360 370.5 373.9 382.2 392.6 406.5 422.7 429.5 432.8 435.5 436 441.8 451.4 461.7 476.2 478.2 487.2 495.4 500 500.7 499.5 505.4 516 529 536.8 546.8 556.3 557 548.7 529.2 505.9 486.9 466.4 442.7 428.1 415.9 404.4 393.2 389 384.2 382 380.5 382 379.2 381.7 379.9 367.2 370
369.7 355.5 340.4 332.9 322.2 320.2 314.2 303 296.4 287.4 268.6 256.7 256.7 256.7 256.7 256.7 256.7 256.8 262.7 274 279.8 284.1 287 292.5 300.1 308.5 317.2 327.6 340.2 345.2 352.6 362.4 367.3 376.8 385.7 396.2 412.6 422.1 426 429.5 430.5 434.5 444.2 454.9 467.3 469.5 476.8 488 492 493.4 493.5 498.9 508.6 520 530.1 544.9 553.9 552.7 543.3 525.9 503.1 483.3 461.5 435.7 422.1 407.9 396.2 389.3 386 383.2 378.4 376.6 374.1 376.7 377.1 369.9 358.7 371.9
363.1 349.5 335 322.5 312.1 310.5 306 299.1 295.3 285 262 256.7 256.7 256.7 256.7 256.7 256.7 258.8 269.2 273.2 278.8 282.9 287.1 292 297.2 302.8 311.6 323 332.2 341.5 346.7 355.7 362.1 367.8 378.2 386.3 400 413.9 419.2 422.4 424.1 427.2 435.2 444.8 453.5 460.3 465.1 473.1 482.6 485.7 487.4 493.4 505.1 516.6 526.4 539.5 546.9 545.7 537.2 521.5 500 478.4 454.1 426.6 413.5 399.8 390.8 384.5 380.5 376.9 373.5 370.8 370.1 373.1 364.1 356.1 364.3 375.1
358.2 340.5 327.5 315.1 305.9 300.3 295.8 294.6 286.2 278.5 256.7 256.7 256.7 256.7 256.7 256.7 256.7 261 270.9 272.2 276 279.9 285 291.1 294.9 301.1 309 320.4 330.3 337.9 343.7 348.3 357.6 361.9 369.8 378.8 390 402 411.5 415.6 416.8 420.6 426 434.7 442.4 449.8 454.7 462.2 473.3 477.5 480.5 484.9 498.7 512.4 522 531.1 540.7 539.4 530.8 516.7 496.6 472.1 448.2 419.1 406.4 392.5 385 379 374.5 371.8 368.7 366.8 364.9 363.1 350.2 366.7 371.6 374.8
