data/230000-680000.asc
ncols 200
nrows 200
xllcorner 230000
yllcorner 680000
cellsize 50
[rows 80 to 119 of 200, columns 0 to 89 of 200]
176.8 170.3 164.4 161 155.8 152.5 149.4 145.5 141.7 136.7 131.5 125.8 121.4 117.2 111.4 102.1 96.2 89.5 85.7 105.3 114 116.6 119.3 122.1 124 125.3 127.4 128.8 129.7 132.6 135.9 139.1 137.7 134.4 130.5 129 124.4 122.5 123.2 126 128.6 130.4 131.5 133.2 134.7 135.5 135.9 135.7 135.3 136.6 136.7 134.9 133.2 133.6 133.1 130.5 129.2 129.2 129.1 128.2 127.8 126.5 123 121 121.6 120.6 119.2 117.3 116.3 115.1 113.2 111.4 109.2 107.9 104.9 101.5 97 92.5 87.4 82.8 79.6 74 69.6 64.6 61.1 57.3 51.2 46.3 43 39.7
173.6 167.9 161 159.4 154.6 151.3 148.6 145.2 141.7 137.7 132.2 124 121.2 114.1 109.9 107.5 99.7 88.2 85.2 106.1 110.6 113.2 116 118.7 120.6 122.2 123.9 125.1 126.3 127.3 129.1 132.4 133.4 131.5 130.8 128.2 123.5 120.9 120.1 121.4 124.3 126.1 128.3 130 131.5 132.4 133.5 132.4 131.4 135.1 133.4 132.9 130.1 130.9 129.4 128.3 127.1 126.4 126.6 126 125.9 123.7 121.1 119 118.6 117.6 116.6 114.7 113.2 112.3 110.8 108.5 107.4 105.3 102.2 98.7 94 89.4 85.3 80.9 79.8 75.4 71.4 66.3 60.6 55.8 48.5 44.4 40.6 39
176.1 167 161.5 159.2 155.9 151.6 149.4 144 141.5 136.6 129.6 122.3 121.8 119.1 111.5 109.5 87.6 85.4 90.9 102.3 107.3 109.9 112.1 115.4 117.3 118.9 120.1 121.3 122.5 123.9 125.8 127.8 128.3 129 128 125.8 123.7 120.2 119.7 120.1 120.3 122.3 124.9 126.3 128.4 131 131.1 129.8 133.3 130.7 130 130 131.5 127.6 127 125.8 124.7 123.8 123.9 123.9 123.7 122.3 120.2 115.9 115.6 115 114 112.3 110.7 109.5 107.9 106.3 104.7 102.4 99.3 96.2 92 87.8 84.4 80.8 81.7 77 74.3 67.8 60.4 55.4 46.7 42 39.5 38.9
175.4 167.2 162.8 161.2 157.3 153.2 150.4 146.6 143.3 137.8 130.6 126.7 122.8 119.3 114.7 109.6 86.3 82.4 84.1 101.1 104.7 106.7 108.7 111.1 112.8 114.9 116.8 117.4 118.8 120.6 122.4 123.3 123.4 123.8 124.9 123.4 121.4 120 118.6 118.7 120.2 121.2 121.1 123.5 126.1 126 127.1 128.9 129.2 128 127 127 126.7 123.8 123.2 123.2 123.1 122.1 121 120.6 120.6 119.5 115 111.9 112.2 112.1 111.4 109.8 108.1 106.6 104.4 102.4 100.9 99.3 96 93.6 89.2 85.8 83.7 83.3 81.7 77.7 73.2 66.9 60.6 54.4 46.6 40.9 38.9 39
176 168.3 165.1 162.8 160.1 155.8 150.4 146.5 143.7 139.8 131.7 128.2 123.3 119.4 116.7 110.7 101.8 87.2 78.5 99 102.3 103.6 105.5 107.6 108.8 110.8 112.5 114.3 115.6 117.4 118.5 119.4 120 119.9 119.9 120.3 119.9 117.8 115.2 118.1 118.5 119.1 119.7 121.6 122.2 120.5 123.4 124.7 125.6 124.5 123.7 122.7 121.8 121.2 119.4 120.1 121.1 120.7 119.8 117.8 115.5 114.5 111 110.5 109.9 108.6 107.6 107.1 105.5 103.6 102.3 100.4 98.2 95.9 93.6 91.2 87.2 83.2 81.1 80.7 78.1 74.3 70.3 64.1 59 52.7 44.7 41.8 39.1 38.4
177.7 170.8 166.7 162.9 160.7 156.2 149.7 145.6 142.6 138.3 134.1 129.3 124.4 120.8 114.9 109 103.1 87.9 78.1 82 93.9 101.2 104.1 105 105.9 107 108.9 110.7 111.9 113.8 114.9 115.4 116.3 116.5 116.3 116.3 116.1 115.3 115.2 115.7 115.9 115.8 115.9 117.7 117.9 120 119.7 120.1 121 121.1 120.3 119.2 118.1 119.4 118.3 117.8 117.5 116.8 116.3 113.9 111.5 109.7 108.8 107.8 106.5 105.2 105 103.7 100.5 99.6 98.6 97.4 95.8 94.1 92.2 89.6 84.7 80.3 78.5 75.3 72.1 69.6 66 62.4 55.5 49.9 45.9 40.6 37.7 35.7
178.4 171.8 166.6 162.2 159.6 155.5 150.5 145.8 141.6 136.9 132.5 128.3 124.3 121.2 115.6 110.6 105.9 99 90.8 78.1 76.9 87.6 99.9 102.3 102.2 103.4 105.4 107.4 109.3 110.3 111.7 112.2 112.7 113.2 112.9 113.1 113.6 113.4 113.2 113.6 113.4 112.6 112.3 114.1 113.3 116 118.2 117.5 118.8 118.1 116.9 115.9 114.8 116.2 113.2 112.6 112.5 112.3 111.6 109.5 108 106.5 105.6 104.4 103.1 102.1 102 99.3 99.3 98.2 97.1 95.8 94.1 92.2 90.4 88.4 84.6 80.7 76.2 70.7 69.2 67.1 64.7 61.9 58 52.5 45.5 39.4 37.6 33.5
177.3 170.3 165.5 160.9 157.1 153.9 149.9 145.9 141.1 136.4 131.7 129.2 125.3 122.1 117.2 112.5 107 102.7 95.1 86 76.9 74.7 91.5 98 98.7 100.2 102.5 104.4 105.5 107.3 108.4 109.2 109.4 109.9 109.8 110.3 110.8 110.3 110.1 109.6 110.8 110.7 113.6 114.1 111.5 114.2 115.2 113.5 114.7 113.4 111.8 111.7 111.5 112.6 110.8 109.9 110.8 110 110.4 108.4 105.2 103.3 102.4 101.2 100.6 101 101.1 99.2 98 96.9 95.7 94.5 92.6 90.4 88.4 86.6 83.6 80 75.3 70 67.4 65.7 64 62.3 59.7 53.6 47.9 41.3 37.8 34.3
176 168.3 163.9 159.8 155.8 152.5 148.5 144.9 140.5 135.7 132 128.7 126.2 122.8 119 114.6 109.7 104.2 96.6 89.7 80.9 76.4 85.9 93.7 96.4 98.2 100.2 101.6 102.1 102.8 104.8 106.4 106.2 106.6 106.9 107.6 108.9 108.7 107.2 104.8 108.3 109.1 109.4 109.4 109.6 111.1 111.8 111.2 110.8 109.9 109 108.7 109.4 109.2 107.9 107.3 106.8 105.8 105.7 105.5 103.3 101.4 100.4 100.8 101.1 98.8 98 97.7 96.8 95.6 94.6 93.3 90.3 88.3 86.5 84.6 82.5 79.2 75.2 70.6 67.6 63.4 62.3 61.5 60.4 55.1 49.9 44.3 39.3 34.8
173.5 166.7 161.9 158.8 154.7 151.1 147.3 143.9 139.9 135.3 131.2 128 126.1 122.9 119.2 115.9 112.2 107 99.6 88.9 80.7 76.8 75.5 90.7 94.5 96.3 97.1 98.3 98.8 100.1 101.7 103.3 104.4 104.5 104.7 105.6 105.7 106 102.6 100.2 108 106.5 106.8 106.9 106.9 108 108.2 107.6 107.2 107 107.2 107.2 107.6 105.7 102.9 103.8 103.4 103.2 101.5 99.8 99.5 99.2 99.6 99 97.6 96.1 96.3 95.9 95.3 94.4 92.9 91.3 89.9 87.1 84.7 82.8 80.8 78.5 73.6 69.7 66.8 62.6 61.1 60.7 61.1 57.4 53.1 47.5 42.1 35.9
171.7 165.1 160.9 157.8 154.1 149.8 146.3 142.8 139.4 137.1 132.9 128.8 125.6 122.4 119.2 116 112.9 109.1 101.9 92.2 80.1 74 76.3 85.4 90.7 92.7 93.9 95 95.9 97.5 99.1 100.4 101.4 102.1 102.7 102.3 101.7 102.9 99.7 102.9 103.2 103.4 104.5 104.5 104.1 103.8 104.7 104.4 104.2 104.1 104.5 104.7 104.8 101.7 99.9 101 101.8 100.5 100.4 98.5 98.5 95.4 94.8 95.5 95.9 93.8 93.9 94.2 93.6 92.7 90.9 89.3 87 84.1 82.7 80.9 76.8 74.4 71.5 67.7 63.8 60.7 59.2 60.1 62.6 62 55.7 50 43.3 37.3
170.9 165.5 159.4 154.1 151 147.6 143.6 139.8 140.6 138.3 134.4 130 125.9 122 118.8 115.7 112.7 109.3 104.7 97.1 87.6 76.2 71.2 79.1 85.2 88.7 90 91.6 93.3 94.7 96 97.4 98.7 98.8 99.2 100.3 100.2 98.8 100 101.6 101.2 101.1 102 101.9 101.5 101 100.7 101.3 101.2 101.5 101.8 101.5 101.2 99.4 99 99.8 99.3 97 96.3 94.3 94.1 93.9 93.1 94.7 94 93 89.7 92.7 92.1 91.4 89.3 86.7 84.2 82.2 79.2 75.8 71.5 69.7 68.3 65 61.9 59.5 58.6 59.7 60.8 61.2 55.6 50.5 45.9 39.8
168.6 162.7 160 151.6 148.3 144.5 140.6 139 140.3 138.2 134.9 131.4 127.2 123.2 119.2 115.4 112.2 109.6 104 98.8 91.3 80.7 69.7 69.6 75.6 81.8 86.2 88.5 90.6 91.7 93 94.4 95.9 96.3 97.3 97.4 98.1 95.5 100.2 99.7 99.8 100.5 99.9 99.8 100.1 99.7 99.4 98.9 98.7 99 99.2 99.2 98.4 96 94.4 97 95.9 93.7 92.4 91.6 89.8 88.8 90.4 91.9 93.5 93.7 92.4 91.2 90.9 89.1 87.3 85.3 80.9 79.6 75.4 72 69.2 67.1 65.7 63.1 60.5 60.4 57.5 59.3 60.6 57.5 54.3 50.9 48.4 41.3
166 161.3 159.4 153 147.8 144.1 140.4 138.6 137.6 136 132.9 129.8 127.2 124.7 121.3 117.4 112.5 108.6 103.4 97.9 92.5 85.2 73.6 69.3 69.2 72.9 82.9 85.3 87.3 89.6 90.6 91.6 92.9 94.2 95.2 95.5 93.1 94.5 98.1 98.8 98.2 98.7 98.4 98.6 97.9 98 97.6 97.2 96.5 96.6 96.8 96.9 95.9 92.5 90.1 95.6 95.3 94.4 89.4 87.6 86.2 86.4 87.7 88.8 89.4 89.5 89 88.4 87.1 85.4 83.8 82 80.4 76.8 72.3 69.6 66.8 65.6 63.2 61 60.8 59.7 56.9 55.2 55.4 50.5 48.8 48.1 43.2 39.6
162.1 160.1 154.2 150.4 147.1 142.5 139.2 137.3 134.1 131.9 130.8 127.8 124.6 121.5 121.1 118.2 112.6 108.7 103.9 98.5 92.5 87.7 79.3 71.1 67.9 70.2 79 82.8 84.9 86.6 89.3 90.2 91.3 91.4 92.6 93.4 90.6 96.3 96.7 98.3 96.9 97 97 96.2 95.5 95.1 95.4 95.4 94.7 94.2 94.4 94.5 93 90.4 90.1 95.2 96.2 93.5 88 86.1 83.4 84.3 85.6 86.8 87 86.4 82.4 84.2 84 82 80.8 79.5 77.9 74.4 71.4 67.7 65.1 64.3 60.6 60.4 59.9 57.4 54.4 52 49.9 45.9 45.2 43 41.2 40
156.3 153.7 150.9 147.3 144.1 141.2 138.3 135.5 132.2 129.9 126.8 123.5 121.6 119.9 121.1 119.3 113.9 109.9 104.5 98.2 93.8 90.3 84 75.9 68.7 68.5 73.5 80.1 81.5 83.1 88.7 88.4 85.9 81.2 91.8 91.5 90.6 96.6 96.5 97.6 95.7 95.3 94.5 93.7 93 92.3 92.5 92.8 93.5 93.3 93.2 92.4 91.5 90 91.5 92.6 93.2 91.3 85.8 82.2 81.2 82.2 84.3 84.9 85.3 84.6 80.4 80 78.8 78.4 77.9 77.1 74.8 71.6 69.9 66.4 63.7 62 59.3 58.5 57.7 55.2 52.2 48 44.8 41.2 40.7 40.5 40.7 39.2
149.4 148.3 147.3 143.6 140.6 138.2 136.6 134.1 131.2 128.3 122.8 119.8 118.7 117.5 116.9 114.2 112.4 109.9 105.6 98.2 93.7 89.5 84.1 77.1 69.3 66.3 68.6 76.5 78.6 80.3 77.1 80 88.1 90.9 90.7 90.9 90.3 95.1 95.2 95.6 93.7 92.8 92 91.3 90.6 89.9 90.1 90.5 92.4 92.4 92 92.2 90.7 81.2 85.2 88.3 86.2 82.8 81.7 77 73.4 75.9 78.5 79.5 81 80.6 79.2 76.8 73.9 73.6 73.2 73.7 71.2 69.9 68.2 65.7 63.6 60.1 58.9 54.7 54.2 51.4 47.2 44 42 39.7 39.2 40.4 40.7 37.9
151.7 146 143.8 139.9 138.3 136.6 134.3 132.2 129.3 127 123.4 120.9 118.8 116.6 114.2 109.9 109.2 107 104.5 100.5 94.3 87.9 82.5 76.9 70.5 66.8 66.6 71 74.4 74.9 77.3 87 89.2 89.8 90.2 90.5 92.2 93.8 93.1 92.2 91.4 90.5 89.6 89 88.6 88.2 89.9 90.9 90.9 90.7 90.1 88.7 87.3 86.4 79.5 81.8 79.4 75.7 74.4 73.8 69.2 70.3 71.8 73.3 74.4 74.3 72.1 72.7 69.6 69.6 70.5 71.1 70.1 69.2 68.1 65.7 64.5 61.5 57.2 52.5 50.1 47 43.5 41.2 39.9 38.9 39.6 39.5 40.7 38.4
151.7 146.7 141.7 138.3 136.9 134.9 132 130.3 128.1 126.1 124.4 122.3 120.1 119.6 116.6 112.1 109.5 102.4 99.7 98.9 94.5 87.9 81.6 76.9 70.8 66.2 63.9 67.8 71 70.2 74.9 82.9 88.2 90.3 90.6 91.2 91.4 90.5 89.9 90.4 89.8 89 87.9 87.6 87.1 85.6 87.2 85.7 85.6 84.6 85 83.9 80.3 80.2 79.3 79.4 74.7 70.2 69.9 71 68.1 66 68.1 68.1 67.2 68.8 70 68 66.2 66.9 68 70.6 69.6 68.2 67 67.1 66 62.5 59.4 54.1 48.4 44.7 41.2 39.6 38.9 38.2 39 38.8 39 37.7
149.8 145.3 141.8 138.1 135.6 133.3 130.5 128.7 127.3 125.6 123.9 122.8 123.1 123.1 120.3 117.6 113.3 106.3 100.8 96.7 92 91.8 83.8 81.1 77.8 71.1 62.3 64.4 68.7 68.9 74.7 81.1 85.3 87.6 89 89.3 89.5 88 87.1 86.7 86 85.7 84.9 86.3 86.2 83.5 83.1 81 79.3 79.4 79.8 79.3 75.3 70.9 76.5 78.5 74 69.7 68.8 69 68.1 61.3 64.3 63.5 63.3 65.3 66.2 65.8 65.5 66.4 66 68.1 67.8 66.6 65.9 66.7 66 63.3 60 52.9 46.6 43.4 41.5 40 38.6 37.1 38 37.4 36.7 33.8
147 142.9 139.4 136.6 134.5 132.5 129.7 128.2 126.7 125.2 125.8 126.7 128.7 126.6 123.4 118.9 114 110.6 106.2 101 96.5 94.6 90.9 88.3 81.2 73.3 64.4 60.4 62.4 70.6 73.1 77.8 80.4 83.7 86.5 87.5 87.6 86.6 84.6 82.3 79.4 78.5 78.5 80.2 80 77.7 78.5 77 76.8 75.9 75 74.5 69 67.9 75.3 77.3 71.5 66.9 63.7 63.5 63.8 56.2 60.1 60.2 60.6 61.6 62.4 61.8 64.9 64.8 64.4 65 64.3 63.8 64.6 65.5 65.8 63.8 59.6 51.7 45.5 42.9 39.6 39.5 39.1 37.8 37.1 36.2 35.8 34.4
143.6 139.9 136.5 133.7 131.6 129.6 130.6 129.3 126.4 124.5 124.8 125.7 127.5 126.9 125.2 122.5 114.3 110.3 107 104.1 99.9 95.5 92.8 88.2 81 73.1 68.1 62.2 59.3 68.7 73.3 75.7 76.3 78 85.8 85.4 83.8 81 80.5 78.7 75.6 73.4 74.1 73.7 74.4 74.2 73.5 72.1 70.8 69.3 68.5 68 65.4 62.7 68.3 65.2 65.1 63.3 59.7 55.3 51.9 51.5 50.3 52.4 53.3 54.7 57.3 54.2 60.5 59.4 60 59.7 60.9 60.9 62.8 61.7 65.1 63.1 56.1 49.9 44.8 42.9 40.7 39.3 38.7 36.7 35.4 36.2 36 35.5
142.1 138.6 133.1 130.3 128.8 127.4 128 128.2 127.2 125.1 123.1 122.4 123.8 124.7 124.4 120.8 115.6 108.9 103.4 100.3 96.5 92.7 88.4 83.1 78.7 70.8 63.8 62.2 59.9 64.9 68.8 72.8 73.9 75.5 81.3 81.8 77.5 75.5 76.4 75.1 72.6 70.6 71 69.3 70.8 71.2 70 67.5 65.3 65.5 66.5 65.4 65.8 59.9 62.2 62.7 64 62.6 57.8 51.4 42.8 42.8 40.6 42.5 43.4 44.6 49.6 53.6 57.2 55.7 54.7 54.1 57.6 60 60.1 59.5 61 62 58.7 51.9 47 42.8 41.2 40.4 38.4 35.5 35.9 34.5 35.3 34.6
142.8 139.4 136.1 130.5 127.6 125.4 125.3 125.3 125.5 125.8 124.1 119.7 119.7 120.6 120.3 118.4 114.7 108.1 102.1 95.2 92.2 87 88.2 86.7 84.4 80.5 75.8 64.5 61.4 59.5 62.1 67.2 70 76.7 81.5 74.7 70.2 72.3 73.7 72.9 70.8 70.3 68.7 66.4 67.3 67.8 66.7 64.8 63.2 63.2 64 62.8 60.3 54.7 59.1 61.8 61.7 60.8 54.9 43.8 43.5 44.7 43.9 42.8 40.5 40.2 43 45.8 46.3 48.9 50.6 50.1 54.7 56.3 59.8 59.1 58.5 60.2 59.3 55.8 48.8 42.8 42.6 44.3 40 36.6 33.7 32 32.3 35.4
142.4 139.1 135.4 132.8 128.2 124.3 124.2 124.3 125 125.6 124.7 123.1 122.1 115.2 115.5 110.6 104.9 101.8 97 90.6 90.2 93.8 94 93.3 91.9 88.7 84.4 77.7 67.2 58.9 59.1 61.3 63.9 71.6 74.9 68.3 64 66.9 71.1 70.8 67.5 64.7 64.4 64.6 63 62.4 62.8 63 59.9 60.9 60.9 58 53.5 50.7 50.1 50.2 51.9 48.7 48.4 43.8 43.5 44.1 44.5 43.7 41.4 41.1 40.1 41.3 41.7 42.8 44.3 48.5 51.2 53.5 54.9 53.6 53.8 54.7 55.3 54.8 50.5 47.8 35.3 33.6 36.4 34.4 32.2 30.6 31 29
141.3 137.5 134.2 132 129.7 126.4 124.6 121.1 121.6 122.9 122.8 122.9 122.3 119 116.8 118.8 114 110 103.5 100.9 101 100.2 99.6 99 98 94.8 90.2 85.5 79.1 70.6 58.7 58.7 58.8 61.2 70.2 64.6 59.1 59.3 54.1 63.7 62.7 60.3 59.9 59.7 55.7 56.2 60.5 61.7 59.2 55.8 49 48.9 47.4 46.9 49 46.3 44.2 45.2 44.2 43.3 43.7 44.3 44.3 44.6 43.2 42.3 41 40.1 40.9 41.9 43.7 45.2 46.5 48.4 48.3 46.6 48.5 51.2 52.6 52.6 51.1 41 32 30.1 34.6 35.1 35.9 35.3 43 34.3
139.8 136 133.3 131 128.6 126.5 125.2 122.2 119 120.8 121.6 122.1 121.3 121 120.6 119.1 116.8 113.6 111.3 110.4 109.2 107.8 107 104.9 103.1 98.5 93.1 87 80.9 75.6 70.8 65.8 61.7 58.1 55.4 62 56 53.6 52.5 53.1 55.8 57 55.3 54.4 54.6 53.6 55.6 60.1 55.5 53.7 49.1 47 46.5 45.1 46.7 49 46.4 44.1 43.6 44.8 44.6 44.1 44.1 43.5 43 42.2 41.7 40.5 42.5 41 41.7 40.9 44.1 45 45.4 46.2 46.2 47.3 49.7 48.8 42.7 33 33 34 45.7 42.9 46 51.3 48.4 38.7
137.1 133.6 131.7 129.8 127.4 125.2 123.5 122 119 118.7 121.2 121.3 121 121 120.4 119.3 118.2 116.4 115.7 115.8 114.1 112 110.5 106.3 103 99.1 92.5 86.3 80.3 75.3 72.9 67.5 63.1 61.1 55.8 54.6 54.1 53.5 52.9 54.6 51.4 52.7 54.9 55 55.4 51.8 49.6 49.4 50 50.9 48.5 47.3 49.3 46.2 45.5 45 45.8 43.9 46.5 51.3 49.1 44.1 44.1 43.6 43 42.8 42.9 40.9 40.1 40.9 40.5 41.3 44.3 45.7 47.3 48.8 48.7 49 49.3 47.3 40.6 33 33.5 33.9 42.3 46.9 45.7 48.3 42.8 40.5
134.3 130.6 128.8 127.4 126 123.8 121.6 119.3 116.2 116.5 118.6 119.3 119.8 120 119.6 118.7 117.7 116.2 116 115.9 113.9 112.2 108.5 103.7 100.7 97.3 91 86.2 81.3 76.9 72.9 69.4 64.7 69 63.4 57 54.9 53.3 53 52.6 51.6 50.9 51.4 54 54.4 49.1 48.8 48.2 47.4 46.6 47.1 46.5 49.8 47.1 45.5 45.2 44.6 44.6 50 56.8 54.7 51.5 48.3 44.9 45.9 44.7 42.1 40.1 39.2 40.7 40.2 41.3 44.8 47.7 48.8 50.6 50.4 49.5 48.9 48.3 46.9 36.1 34.1 33.1 45.9 44.1 44.4 44.4 43 41
131.1 127.6 126 124.5 123.1 121.6 119.9 117.9 114.8 113.6 115.5 116.6 117 117.3 117.5 117.6 116.3 115.9 115.9 115.8 113.6 111.2 107.1 102.1 97.2 93.1 90.2 85.3 80.1 77.6 75.9 72 65.1 80.3 72.8 62.7 57.9 56 53.3 54.4 55.2 53.3 50.8 50.3 50.2 48.9 48.2 48.6 48.1 47.8 47.3 47.1 49 54 54.6 54.1 44.8 54.3 58.3 60.4 57.7 54.9 50.4 50.7 50 50.8 48.6 42.1 39.2 39.7 40.1 40.8 44 46.8 49.3 51 50.5 50.1 45 35.9 35.8 35.5 34 33.7 35.4 44.1 43.5 43.5 42.7 40.6
127 124.6 123 121.5 120 118.5 116.8 115.6 113.8 113.8 113.7 113.8 114.3 114.5 114.7 115.8 115.7 115.2 115.6 114.1 112 109 105 100.6 97.2 91.4 89.7 84.5 79.7 80.9 76.9 73 69 81 78 68.4 64.3 61.8 60.8 62.7 61 58.4 54.5 51 48.6 50.4 48.6 50.3 51.4 50 48.5 48.4 48.5 55.9 55.8 55.5 50.5 58.1 60.3 61.9 60.4 58.4 53.8 53.6 55 54.2 51.7 47.8 39.1 38.8 39 40.5 42.7 45.9 48.9 50.2 45.1 36.3 37.2 35.5 35.9 34.9 34 33.3 36.9 40.1 41.5 42.5 40.9 40.4
125.7 123.7 120.2 118.5 117 115.7 115 115 113.8 113.8 113.8 113.8 113.1 112.7 112.7 112.3 112.8 113.9 112.7 111.3 109.6 106.5 102.3 98.7 95.3 93.6 91.2 84.5 80.6 80.8 80.3 76.5 72.1 78.3 84.4 76.6 70.7 69.9 71.5 71.9 71.1 64.5 59.1 54.5 49 48.3 54.3 57.8 55.5 52.8 51.4 50.8 55 55.3 54.7 54.4 58.2 58.5 61.2 62.5 60.5 56.9 54.2 54.3 55.7 55 53.5 49.9 43.1 39.6 40.1 39 39.1 40.8 45.9 48.9 43.8 37.4 41 35.2 35 35.8 33.9 33.1 34 36.3 40.8 39.7 40.1 38.2
125.9 124.6 119.9 117.9 116.6 115.3 114.6 114 113.8 113.8 113.8 113.8 113.9 112.6 113 112.6 111.4 111.1 110.3 109.5 107.6 104.5 101.6 98.4 95.8 95.3 89.7 85.4 81.6 80.8 81 79.6 74.1 74.1 80.3 82.5 76.8 74.4 76.8 74.9 72.9 71.6 65.8 60.5 56.1 54.4 62 60.3 55.9 55.2 59.1 62.2 59.1 57.4 57.2 58.6 58.6 59.4 61.3 61.2 60.1 58.7 55.2 54.2 55.1 56.1 54.7 51 46.5 46.6 43.7 46.7 47.8 42.5 38.9 38.6 37.8 37.2 38.9 42 40.5 39.5 34.9 37.2 36.1 46.1 48.9 47.8 49.7 52.9
123.1 120.9 119.8 118.4 116.2 115.4 114.9 113.9 113.8 113.8 113.8 113.8 113.8 112.6 113.3 114.3 113.2 112.6 111.5 109.4 104.6 102.4 99 95.9 94.6 92.5 88 85.2 82.3 79.7 79.3 75.9 74.9 76.1 82 85 78.1 76.4 76.3 76.1 77.5 75 73.5 66.5 61.7 61.6 66.6 59.9 58.2 59 62.1 61.3 58.5 55.7 58.1 59.8 60.1 60.3 62.8 63.6 62.3 60.3 57.5 55.9 57 57.5 56.6 52 55 54.3 52.9 55.1 52.4 46.5 39.5 38 37.9 37.3 38.8 47.7 50 50.3 39.1 58.7 60.4 61.8 64.8 64 63.1 60.9
118.6 118.8 118 117.5 116.4 116.5 115.7 114.4 113.8 113.8 113.8 113.8 112.7 113.6 114.9 115.8 115.8 114.9 113.1 111.2 108.2 105.7 102.8 99.2 94.4 90.4 88.8 85.2 87.2 85.8 83.1 79 78.7 78.5 83.1 84.8 80.3 77.9 77.6 79.4 81 80.3 74.9 71 67.8 70.8 67.7 64.3 64.8 64.4 62.8 59.7 58.6 59.7 59.4 61.1 63.1 63 63.9 65.5 64.9 61.3 59 59.2 60.4 59.7 58.7 51.4 60.8 63.2 65.7 65.4 59.6 52.9 42.6 38.1 38.9 39.5 43.7 56 60.6 60 53 47.9 62.5 62.7 62.6 64.2 65.8 62
115.2 115.1 115.7 115.9 116.8 117.3 116.5 115.2 113.8 113.8 113.7 107.8 110.4 111.7 112.9 114.4 115.8 115.8 114.5 112.6 110 105 101 97.9 95.3 94.6 94.3 92.4 91.4 90.3 86.6 82.8 81.5 80.1 84.9 84.1 81.1 79.2 78.6 79.3 79.2 79.1 75.3 74.5 75.7 74.2 71.7 69.9 69.9 68.8 65.4 62.9 61.5 60.4 63.3 65.2 66.4 66.1 66.4 67.3 67.2 65.9 63.4 62.9 64 65.4 64.6 60.7 64.7 71.7 76.8 76.5 68.1 58.3 45.7 47.6 56 59.7 59.2 67.5 66.9 64.2 60.3 59.8 58.4 57.8 60.9 64.6 64.2 61.9
113.5 113.7 114.4 115.1 116.7 117.4 117 116.1 113.8 111.6 106.3 104.8 108.5 109.8 111.2 112.8 114.7 115.6 113 110.2 106 102.3 99.2 97.5 96.5 96.1 95.5 95.7 95.5 93.4 89.7 87 85.1 80.6 84.5 85.3 84.1 85.7 79.5 80.3 79.2 79.8 78.8 78.2 78.3 77.5 76 76.2 75.1 74.2 70.5 66.8 65.4 64.6 67.8 70.4 70.9 70.7 68.5 69.8 72.4 73.3 71.2 68 70.8 72.9 71.5 64.3 65.8 72.5 78.5 83.2 80.3 69.5 65 63.8 61.1 63.3 66.5 71.9 75.1 74.2 69.4 68.5 62.6 63.9 65.5 65.2 64.6 63.9
112.6 113 113.9 114.7 115.5 115.9 116.1 116.1 115 110.5 106.8 103.9 105.5 108.2 109.9 111.6 113.5 113.8 111.1 108 104 100 100 101.1 101 100 99 98.8 98.6 97 93.2 89.5 86.7 84 82.8 82.2 83.4 85.5 84.8 85.1 85 84.5 82.3 79.8 79.6 79.6 80 79.6 80 80.6 76.1 72.2 70 65.8 72.4 78.2 81 74.5 72.9 74.6 77 79.2 76.4 73.6 76.4 77.2 75.3 72.8 72.2 71.3 79.6 85.7 84.6 73.2 78.3 74 72.2 68.2 69.9 78.1 84.5 87.1 85 80.7 71.2 73.3 70.4 70.2 70.4 70.5
111.6 112.4 113 113.5 113.9 114.4 114.7 114 113.6 110.3 105.3 103.9 103.9 104.9 107.6 110.1 111.2 111.5 110.2 105.7 102.4 99.9 101.8 104.9 104 102.7 100.4 101.5 101.3 100.3 97.3 93.7 89.6 85.9 84.1 83 83.1 86.7 88.9 88.4 85.6 83.9 82.5 81.2 81.3 83.2 83.4 82.7 81.7 83.9 81.6 75.8 71.1 68.3 76.8 81.6 82.8 80.9 78 75.3 78.7 81.4 83.3 82.8 83.1 83.3 82.6 81.2 83.5 74.6 85.6 89.8 87.6 84 85 84.3 85.1 81.6 78.1 86.2 90.1 92 88.9 85 83.1 80 79.9 82.3 80.1 79.3
109.3 110.4 110.9 111.4 111.8 111.6 111 110.7 110.6 108.6 103.9 103.9 103.9 103.9 103.9 106 109 109.2 107.6 104.3 103.1 101 106.3 107.7 107.6 106.4 106 105.8 103.3 101.3 99.2 97.4 92.4 88 87.6 84.8 84.1 86.6 90.8 89 90.8 87.8 85 85.2 85.5 85.9 87.8 85.3 84.8 84.3 85.8 79 74.5 72.3 74.9 81.3 85.4 85 85.3 82.2 81.4 82.6 87.4 90.4 91.8 91.3 90.8 87 85.5 86.3 89 89.7 88.3 90 90.8 91 91.7 88.2 89.3 90.5 93.6 95.3 92.8 88.2 91.7 90 90.7 92 88.1 84.8
