data/230000-70000.asc
ncols 200
nrows 200
xllcorner 230000
yllcorner 70000
cellsize 50
[rows 105 to 139 of 200, columns 79 to 157 of 200]
185.1 183.4 181.7 180.2 178.6 176.7 177 177.6 177.2 177 176.3 175.4 174.5 173.6 172.8 171.9 170.5 170.3 171 171.7 173.2 173.7 173 170.8 168.2 165.7 163.2 161.8 159.9 157.7 154.9 152.2 149.5 146.8 142.9 137.4 133.9 133.5 136.9 143.1 143.1 144.8 147.6 150.3 152.8 155.2 156.6 158 159.2 160.1 160.7 161.9 161.6 159.6 157.3 154.9 151.9 149 147 146.3 146.5 146.3 145.9 147 147.9 148 145.9 143.6 141.4 138.1 134.1 130.8 127.9 125 122.1 120.2 117.7 116.4 120.1
187.5 186.1 184.5 182.8 180.5 179.6 179.4 179.9 180 179.6 178.3 177 175.7 174.4 173.6 172.9 172.2 172.1 172 171.9 172.8 173.9 173.1 171 168.4 165.9 164.4 162.5 160.2 157.4 154.5 152.3 149.7 146.8 143 138 132 133.1 140.6 144.4 144.6 146.2 148.1 150.7 153.5 156.9 158.7 160.2 161.2 161.8 161.5 162.4 160.5 159.1 156.9 153.6 149.6 147.6 146 144.8 144.4 144 143.6 144.3 145.5 146.1 144.9 142.6 141 138.4 134.5 130.6 127.9 124 121.1 118 115.5 114 117
189.4 188.2 186.5 184.2 183.1 182.9 182.6 182.3 181.9 180.9 179.6 178.3 176.9 175.3 174.4 173.9 173.3 172.8 172.8 172.9 172.1 172.2 171.8 169.1 167.1 165.1 163.2 161.2 159.2 157 154.1 152.1 149.4 145.6 142.5 136.9 129 134.9 142.8 145.7 146.7 147 149.8 152.3 155.2 158.3 160.5 162.5 163 162.7 162.4 161.3 159.6 158.3 156.4 152.6 148.6 145.3 143 142 142.1 141.7 141.2 141.7 142.6 143.5 142.9 142.1 140.6 138.3 136 132 128.5 124.3 120.2 116.9 113.6 111.5 112
190.3 189.4 187.9 186.6 186.3 185.3 184.2 183.2 182.2 181.2 179.8 178.7 177.5 175.9 174.5 174.6 174.1 173.2 172.3 171.4 170.4 170.3 170 167.7 165 163.2 161.3 159.4 157.5 155.7 153.1 150.2 149.2 144.4 141.3 134.7 127.3 137.1 143 144.1 145.5 146.6 150.6 153.5 156.2 158.5 161.6 163.2 163.4 162.7 161.6 160 158.9 157.5 155.8 152.5 148.3 144.3 140.2 138.6 139.4 139.2 138.8 138 139.9 141.1 141.1 142 140.8 140 137.7 134.5 129.7 124.4 120.4 116.5 112.4 107.3 106
190.6 190 188.9 187.9 186.6 185.6 184.5 183.4 182.1 180.4 179 177.9 177.3 176.5 174.9 174.7 173.9 172 170.7 169.8 168.8 168.6 167.2 164.8 162.2 160.2 158.4 156.6 155.1 151.7 152.2 149.4 145.7 142.4 138.8 132.5 125.7 136.9 140.4 141.9 143.3 145.5 149.9 153.6 155.9 157.8 160.6 162.1 161.8 160.3 158.8 157.4 156.5 155.6 154.2 151.6 148.2 143.5 137.8 133.6 133.7 134.4 134.9 135 136.6 138.4 141 142.2 143.3 143.1 140.8 137 131.5 125.9 121.7 118.1 113.9 106.6 101.6
190.5 190.5 189.5 188.7 187.7 186.4 185.2 183.6 181.7 179.9 178.2 177.1 176.5 175.8 175.2 174.6 173.2 171.3 169.3 168.3 167.3 165.9 164.3 161.9 159.4 157.2 155.2 153.5 152.5 148.9 148.8 148.1 142.3 140 135.6 130.2 122.9 133.4 135.8 139.4 141.9 146 148.2 151 153.7 156 157.7 158.7 158.5 157.4 156 154.8 153.9 152.7 151.8 149.7 146.4 142 136 128.9 128.3 129.2 130.3 131.7 134.1 137 139.8 142.6 144.5 144.5 141.8 137.8 132.8 128 123.5 119.8 115 109.6 104.6
189.9 190.4 190.1 189.3 188.5 187.5 186.2 184.1 182.1 180.2 178 175.8 175.3 174.8 174.3 173.7 171.8 169 167.8 165.9 164 162.3 161.4 159.3 156.7 154.3 152.1 150.5 149 147 146.7 139.4 135.8 136.9 134.9 129.9 119.7 125.1 129.9 136.2 140.2 143.1 146.2 148.3 150.3 153.1 154.4 155.1 154.8 153.7 152.4 151.3 150.2 149 148 146.4 142 137.6 132.2 127.6 125.3 124.8 127.1 130.8 134.2 136.6 139.4 142.9 145.5 145.3 143.1 138.8 134.2 129.3 125.1 120.9 116.2 112.1 107.4
189.5 190.5 190.9 190.4 189.4 188.4 186.9 184.6 182.3 179.9 177.5 175 173.2 172.6 172.5 172 170 166.9 163.6 162.7 160.5 159.6 158.4 155.4 151.8 148.8 148.6 146.9 145.5 144.6 140.9 133.5 132.3 133.4 133.2 131 119.3 117.4 125.9 133.8 138.4 141.8 143.8 146 147.7 149.9 150.9 151.5 150.8 149.8 147.8 146.7 145.9 144.9 143.8 142.1 137.6 132.9 128.2 124.7 121.9 121.7 125.2 129.6 133.7 136.3 139.3 142.8 146 147 144.1 140.3 135.6 130.8 126.5 122.2 117.7 113.1 107.9
189.4 190.4 191.1 191.1 190.4 189 187 184.7 182.1 179.4 176.9 174.4 171.9 171 169.9 169.6 168.7 165.5 159.6 158.3 157.6 155.8 153.6 150.9 147.7 147.2 147 144.1 143.1 139.3 133.3 130.8 130.3 129.9 131 130.9 122.8 112.7 120.7 130.8 133.6 137 139.1 142.9 144.8 146.4 147.4 147.4 146.8 145.4 143.2 142.1 141.3 140.9 140.2 137.8 134.6 130.4 125.3 119.8 115.8 118.1 121.5 127.8 132.3 135.6 138.9 142.1 144.5 144.6 143.6 140.9 136.9 132.1 127.3 122.8 118.2 114.3 111.3
188.1 189.8 190.6 190.8 190.3 189.3 187.1 184.8 182.2 179.6 176.9 174 171.3 168.8 167.2 166.3 164.5 159.2 156.6 153.9 152.5 151.5 149.7 146.3 143.4 143.1 142.2 140.8 136.4 132.1 128.2 125.8 125.9 127 128.3 129.8 123.7 110.7 116 126.6 131.4 133.6 136.3 139.3 141.4 143 142.7 142.8 141.9 140.6 139 138.3 137.9 138 137.1 135.4 132.3 128.4 122.8 116.8 110.1 113.6 120.7 125.5 130.6 134.6 137.5 140.2 141.3 141.6 140.7 139.6 136.6 133.3 128.5 124.1 122 119.2 116.4
187.1 189.1 189.9 190.1 190.1 188.8 187.3 184.8 182.3 179.7 177.1 174.4 171.4 168.6 165.9 163.1 160.2 157.7 154.2 151 148.3 147.8 146.2 143.1 139.5 138.1 136.6 133.9 129.6 125.3 123.4 122.3 123.1 125.5 126.3 126.9 122.4 107.5 113.6 123.6 125.8 128.6 132.1 134.7 136.1 137.2 137 136.7 136.5 134.9 133.8 133.3 133.9 134.1 133.2 131.8 129.7 126.7 122.3 116.6 105 110.2 119.9 125.1 129.6 132.7 135.5 137.5 138.3 138.2 138.2 137.1 135.6 133.8 130 127.1 124.6 123.4 121.8
186.2 188.2 189.1 189.8 189.9 188.8 187.2 185.5 183.2 180.8 178.4 176 173.9 170.7 167.4 164.2 160.5 157 153.7 151.1 148.4 143.6 144.3 141 136.6 134 131.3 127.8 124.3 122.1 118.6 113.8 112.3 121.1 122.7 122.9 118.1 103.8 110.1 117.8 120.5 123.5 126.8 128.2 129.7 129.8 130.5 131.1 131.3 130.2 128.6 127.6 128.7 129.6 128.9 127.7 125.6 122.6 120.2 115.6 98.6 108 118.6 123.5 127 130.6 133 134.5 135.3 135.3 135.5 135.9 134.9 133.6 132 130.1 127.6 125.6 123.4
185.6 188.1 189.7 189.9 189.8 189.1 187.6 186.3 184.6 182.7 180.3 178 175.5 172.6 170.5 166.7 163 159.5 155.6 152.4 148.1 141.8 138.6 135.9 132.8 130.3 127.3 125.6 122 119.5 116.1 112.4 109.6 106.7 108.7 111.1 108.4 101.2 108 111.4 115.2 118.9 121.1 122.2 122.9 121.9 122.6 124.5 123.9 122.1 121.2 121.4 123.1 124.3 123.8 122.5 120.9 118.2 115.7 111.8 94.3 104.4 116.5 121.2 124.6 127.9 129.8 131.5 132.3 132.8 133.1 133.4 134.2 133.9 132.7 131.5 129.6 126.7 123.7
188.6 190.8 192.2 192.3 191.8 190.9 190 188.6 186.8 185 182.7 180.3 178.6 176.3 174.3 171.9 167.8 162.9 157.9 152.6 147.9 141.4 137.3 135.3 133.8 131.3 128.5 125 122.5 120 118.6 117.1 113.7 108.1 104.4 100.9 100.6 98.9 100.9 103.8 108.4 112.4 114.3 115.5 116.1 115.2 115.1 116.6 116.7 115 113.6 113.7 115.8 117.9 118 117 115.2 113.3 111.2 105.9 90.6 101.1 112.4 118 121.8 124.5 126.4 127.9 128.8 129.7 130 131.2 132.5 133.2 132.4 131.3 128.9 126.2 122.7
191.3 193.4 195 194.7 193.5 192.7 191.8 190.7 189.1 187.3 184.6 181.9 180.5 179.4 177.8 175.3 171.5 167.1 159.5 151 144.9 142 145.4 145.2 142.2 136 131.9 128.9 126.9 125.9 124.6 124.3 120.5 114 108.2 103.3 98.6 97.2 97.2 100.6 103.2 105.4 106.8 108.4 109.4 108.4 107.8 109.1 109.3 107.6 106 106.3 107.9 110 109.9 109.4 108.1 106.5 104.9 95.8 83.4 99 107.4 114.2 118.1 121.4 123.3 124.3 125.1 126.2 126.9 129 130.8 131.2 130.5 129.2 126.7 124.4 121.4
192.3 194.9 196.3 196.2 194.6 193.8 192.7 191.4 189.7 187.9 185.7 184 182.6 181 179.1 176.5 172.7 167.7 157.5 149.4 146.5 150.8 151.4 151.6 149 142.4 139.3 137.8 136.1 133.5 132.1 130.7 128.6 122.2 117.4 110.8 102.4 97.6 94.2 94 96.7 99.4 100.5 101.5 101.8 101.3 100.7 101.6 101.8 99.6 97.7 97.5 98.7 99.9 99.7 98.9 94.4 95.8 95.4 84.2 81.1 94 101.6 106.6 113.8 118.4 120.3 121.1 120.4 121.8 123.3 126.4 128.8 129.1 127.7 126.3 124.5 122.2 119.1
192 194.7 196.3 195 193.9 193 192.1 191.1 189.7 188 186.3 184.7 183 180.9 178.9 176.6 172.2 164.6 153.5 155.3 155.8 156.6 156.4 155.7 154 149.9 149 146.3 141.9 139.5 137.5 135.5 133.5 128.4 122.9 117.4 107.4 98.8 94.7 92 91.5 92.5 95.2 95.5 94.1 93.6 93.3 92.9 93.6 92.5 88.8 86.8 87.3 87.3 87.2 84.5 81 79.5 80 73.6 75.5 83.1 92.2 101.3 108.7 115.1 117.1 117.9 116.7 117.1 118.2 122.6 125.5 125.2 123.9 122.5 120.9 119 116.8
191.1 193.5 194.4 194 193.1 192.2 191.4 190.5 189.2 187.8 186.1 184.1 182.5 180.3 177.6 174.8 169.5 161.3 157.7 158.8 162.3 161.5 160 158.3 157.2 155.6 153.2 150.6 146.5 142.4 139.7 136.1 133.3 130.2 125.1 119.1 111.8 101.9 95.1 92.1 90.4 90.3 89 87.1 87.8 86.3 85.8 84.9 84.7 83.6 81.6 79.5 76.3 73.5 71.8 69.3 67.7 66.3 65.9 65.1 65 67.9 80.5 96.5 104.6 112 115.2 114.9 113.9 112.4 113.2 116.2 118.8 119.4 119.9 118.6 117.4 115.9 113.9
189.4 191.7 192.7 192.8 192.3 191.4 190.6 189.7 188.6 187.2 185.3 183 181.2 178.4 175.4 171.5 166.8 162 162.4 166.4 165.4 164.2 162.5 160.8 159.6 157.7 155.4 153.1 149 143.8 139.1 134.5 131.7 129 124.1 119.6 113.6 106.6 96.6 92.1 89.1 86.6 85.9 84.4 82.8 82.1 81.2 79 77.6 76.7 75.1 71.1 71.5 72.5 71 69.5 71.6 74.4 74.5 73.4 69.7 63 71.1 92.1 100.4 109.5 112 111.8 111.3 110.7 106.8 107.8 111.7 112.8 113.9 114.2 113.1 110.6 108.4
187.8 189.7 190.9 191 190.7 190.4 189.8 188.9 188 186.7 184.6 182.3 180.2 177.1 173.9 171.5 167.7 164 163.6 167.4 167 165.4 163.7 162.6 160.7 157.2 154.5 152.3 149.3 144 138.7 132.3 127.3 124.5 120.7 116.9 113.2 108.3 99.8 92.9 89.4 87.4 86.1 84.2 82.1 80.4 78.4 77.9 77.7 76.7 75.6 74.1 74 73.5 72 73.5 81 86.3 88.1 87.1 83.5 67.4 63 80.7 94.6 104.7 105.7 105 105.1 104.1 98.4 96.9 101.9 106.9 108.5 108.1 106.1 102.2 101.3
186.3 188 189 189.3 189 188.6 188.3 188 187.3 186.1 183.9 181.8 179.9 177.3 175.2 172.4 169.6 167.5 168.9 168.3 168 165.4 164.2 162.9 159.6 156.4 153 149.8 147.7 141.9 135.5 129.3 123.8 119.9 117.2 114.3 111.2 106.4 100.3 93.1 89.7 88.1 85.7 82.9 83.1 81.9 81 79.9 79.4 78.5 77.4 76.9 75.9 76.8 74.1 75.2 82.6 89.5 93.7 95.3 92.7 79.6 61.8 66.4 77.5 87.6 94.8 95.2 95.7 95.5 93.7 89 91.1 96.4 99.9 100 98.4 95.2 93
185.6 187 187.2 187.5 187.2 186.9 186.6 186.3 185.9 185.6 183.9 182.2 180.3 178.7 176.6 173.8 171.9 169.2 170.5 169.5 168.1 165.6 163.1 159.9 156.2 150.5 146.1 144.8 143.5 139.1 132.4 126.4 120 116.6 112.4 109.7 107 103.3 97.1 92.6 90.5 87.4 85.8 86.7 88.3 87.9 86.2 84 81.8 80.1 79.6 80.3 84 81.9 75.3 75.9 84.4 92.7 98.3 100.8 98.4 88.5 68.8 59.8 62.5 70.4 75.2 80 81.3 80.5 79.4 76.1 79.3 85.4 89.4 91 90.8 88.2 86.4
185 186.3 185.8 185.8 185.5 185.1 185.1 185 185.2 185.9 184.5 182.8 181.3 179.8 177.5 175 173.2 171.8 170.8 169.8 168.3 165.8 162.2 158.3 154.8 150.3 144.9 139.9 136.9 134.2 127.7 120.1 116.2 113 108.8 104.2 101.1 97.6 94.2 91.8 89.2 88.8 90.7 92.7 92 91.2 90.3 90.1 88.4 87 86.9 89.6 89.6 85.7 76.2 79.7 89.3 96.9 102.3 104.6 103.1 97.7 81.9 63.4 58.9 59.6 62.2 65.6 67.9 66.7 65.5 64.4 65.5 70.7 77.6 81.3 82.2 81.7 78.9
184.7 185.5 185 184.4 184.4 184.4 184.3 184.6 185.2 186.1 185.3 183.9 182.5 181 178.4 176.5 175.5 173.9 171.7 170.4 168.4 165.6 163.2 161 158 153.1 147.3 141.4 135.6 130.4 123.8 118.3 115.4 112 108.1 103.6 100.4 97.7 94.8 92.5 94.7 94.6 95.1 94.9 94.9 94.2 93.5 93.7 94.1 94.4 94.5 95.6 94.5 85.5 77.9 85.8 92.7 99 104 107.2 107.3 103.5 93.2 76 63.7 59.3 57.6 58.5 55.6 53.2 52 52.3 54.4 58.8 64.6 70.6 72.5 69 64.3
183.2 183.9 183.4 183.3 183.5 183.6 184 184.6 185.3 185.9 185.7 184.6 183.6 182.6 179.9 178.9 177.9 175.9 173.8 171.4 170.1 168.2 165.9 163.8 161.8 158.2 152.7 147.1 139.8 132.5 126.8 121.7 117.6 114 110 104.6 100.6 97.9 95.5 96 96.8 97.6 97.5 97.2 97.1 97.1 97.4 98.1 98.9 99.8 100.3 100.3 99 83.7 78.9 87.8 95.2 100.4 104.5 107.8 110 106.6 99.5 89.3 79.2 68.5 65.3 64.4 64.2 63.3 64.1 61.8 57 52.8 52.5 56 56.2 53 48.7
180.9 181.6 181.8 182.1 182.3 182.1 182.1 183.6 184.7 185.8 186.2 185.4 184.2 183.7 182.1 181.3 180.1 178 175.9 174.4 172.9 170.6 169.2 166.5 164.5 160.1 154.7 149.2 143.2 134.9 129.1 124.6 119.9 115.5 111.7 105.4 101.6 99.4 99.3 100.3 100.5 100.6 100.2 99.8 99.7 99.7 100.7 101.9 103 103.6 103.6 103.4 101.3 84.4 81.3 92.8 100 103.9 106.9 109.3 111 109.2 106 101.5 93.2 84.5 83.2 81.9 80.9 79.8 78.3 75.9 72.1 66.3 60.6 57.3 55 56.6 61
176.8 178.4 179.4 180.6 180.7 180.5 180.3 182.4 183.9 185.4 185.6 184.8 184.1 184.3 183.9 183.1 182.5 180.6 179.3 178.2 176.8 176 174.6 171 167.8 162.9 156.7 150.7 142.8 134.2 128.7 125.2 120.8 116 111.2 104.5 102.6 102.7 103.4 103.5 103.5 103.3 102.8 102.5 102.2 102.6 103.6 104.8 106 106.8 106.3 105.3 100.9 81 85.1 94.5 102.9 106.6 109.3 111.3 113 111.9 110.6 109.1 104.9 100.8 99.3 98 97.2 96.5 95.4 93.2 89.8 84.5 79.3 75.9 74.5 75.3 80.5
172.9 174.2 177.2 178.8 179.1 178.7 179.1 181.2 182.9 184.6 184 183.5 184.3 184.7 185 184.8 185.2 183.7 182.9 181.9 180.7 180.1 178.8 174.8 171 166.7 160.3 152.9 141.6 132.2 127 122.9 119.7 116.6 109.3 105.8 105.2 105.4 105.7 105.9 105.7 105.6 105.4 105.3 106 105.5 106.5 107.8 109.3 109.9 109.5 107.4 93 84.1 89.3 96.3 103 106.7 110.9 112.8 114.5 114.8 114.1 113.3 112.6 110.1 109.4 108.6 107.4 106.9 106.1 103.7 100.6 96.4 92.9 91.7 90 89.1 89.1
167.2 171.5 175.2 177 177.5 176.1 177.5 179.6 181.7 182.7 182.6 183.2 184.4 185.4 185.7 186.7 187.1 186.8 186.2 185.4 184.3 182.7 180.2 177 172.6 166.5 160.3 153.3 141.8 130.4 125.2 120.3 116.6 112.6 109.7 109.4 108.5 108.7 109 110.2 109.2 109.1 109.2 110.4 111.5 110.9 110 112.6 114 114.4 113.1 103.1 86.1 88.3 93.4 99.4 105.1 110 113.1 115.1 116.8 117.9 118 117.4 116.9 116.2 115.4 114.5 114 112.5 110.5 107 103.8 100.7 97.7 96.1 92.9 91.6 89
164.9 169.8 173.4 174.6 174.8 174 175.6 177.7 179.8 181.4 182 182.8 183.9 185.5 186.7 188 188.7 188.8 189.4 188.5 187 185.5 182.2 177.9 172.8 165.7 158.9 151.3 142.2 129.8 124.6 120.4 116.4 113.6 114.5 113.3 111.9 112.2 112.9 114.2 113.6 112.7 113.3 116.1 119.2 119.3 119.6 119.9 120 117.7 103.7 88.6 89.4 93.2 98 103 108 112.5 115.3 117.6 119.2 120.8 121.5 121.9 121.3 120.6 119.9 118.8 117.5 115.4 112.2 108.5 104.9 101.3 97.4 93.5 90.1 86.3 80.2
162 166.1 170.3 171.4 171.3 171.3 173.3 175.7 177.8 179.6 181.4 182.6 184.4 186.3 187.7 189.6 190.7 191.6 192.5 191.8 190 187.9 184.2 179.4 173.3 163.6 156.1 148.4 141.1 131.8 124.7 120 117.7 117 117.7 116.8 115.4 116 116.7 118.3 118.7 117.3 122.4 125.2 126.1 125.5 124.3 124.3 123.2 115.1 94.6 91.3 94.5 97.9 102.7 106.9 112 115.4 117.9 120.1 121.8 123.8 124.8 125.4 125.4 124.4 123.3 122 119.7 116.3 112.5 108.2 103.8 98.3 92.4 85.6 78.4 74.6 70.3
159.5 163.6 167 167.1 168.9 170.5 172.2 174.7 177.3 178.2 180.1 182.6 184.6 186.4 188.6 190.7 193.7 195.2 196.4 197.1 194.8 191.3 187 181.6 173.3 162.6 154.7 146.9 139.4 132.9 127 121.4 120.4 120.7 120 119.3 118.8 119.3 121.5 122.8 124.4 127.6 130 131.5 130.7 128.9 127.5 124.9 121.1 102.8 93.1 95.9 100 102.6 107.2 111.2 115.8 118.7 121.3 123.4 125.2 126.8 127.8 128.8 128.5 127.6 126.2 124.1 120.7 116.7 111.6 106.1 100.5 96.2 92.1 89.6 87.7 85.9 85.6
157.2 160.1 161.9 165.9 169.8 171.8 174 176.2 177.2 178 179 181.5 184 186.3 189.3 192.3 195.6 198.3 201 200.9 198.5 194.4 189.7 184.1 174 163.8 154.6 146.3 139.2 133.2 127.3 124.3 124.1 124.3 123.6 123.2 122.9 127.2 129.2 129.7 132.5 134.7 136.2 135.6 133.5 130.8 128 124.2 116.5 97.6 95.6 99.6 103.5 106.5 110.9 115.4 118.8 122.3 124.7 126.6 128.1 129.4 130.4 131.2 131.4 130.8 128.7 126.4 121.8 116 110.9 108.1 105.1 101.2 99 97.5 96.3 97.2 97.5
157.4 161.3 165 168.8 171.4 173.7 175.7 175.7 176.4 177 177.9 180.9 183.2 185.5 189.4 193.3 197 201.4 203.7 203.8 201.3 196.9 192.1 185.7 175.6 165.9 156.8 147.6 138.6 133.1 128.9 128.8 128.4 128.2 127.1 127.3 129.7 136 137.3 137.7 140.1 143.2 142.7 140.9 137.4 132.6 125.6 118.9 110.3 97.1 98.9 103 107.7 111 115.2 118.3 121.3 124.8 127.3 129 130.5 131.8 133 134.5 135.5 133.1 131 128.7 125 118.9 115.8 112.3 110 108.3 106.1 105.3 105.8 106.6 107.3
160.7 162.9 167.9 171 173.1 175.3 176.2 174.8 174.1 174.9 176.8 179.7 182.1 184.5 188.9 193.3 198.4 202.1 204 205.3 202.6 198.1 192.9 184.7 178.3 167.7 159 149.6 139.9 133.8 131.5 133.2 132.8 132.8 133.2 134.3 139.2 144.8 146.3 144.8 147.2 148.6 148.7 145.7 141.5 135.5 126.4 117.2 105 99.6 102.1 105.6 110.4 114.9 118.1 121 124 127.3 129.8 131.3 132.8 134.3 135.6 137.6 137.3 135.5 133.4 131 128.2 123.7 120.6 117.1 115.1 114.6 114 113.9 115.2 115.8 116.2
