data/230000-900000.asc
ncols 200
nrows 200
xllcorner 230000
yllcorner 900000
cellsize 50
[rows 70 to 104 of 200, columns 0 to 78 of 200]
160.5 159.7 159.3 160.3 159.6 159.4 159.3 158.9 158.6 158.7 158.9 161.1 161.1 161.1 161.1 159.1 159.1 161 160.9 160.7 161.1 161.5 164.2 167.3 170.2 173.5 177.7 179.7 180.1 179.4 179.4 179.7 179.3 179 179.7 181.6 182.6 181.1 180.5 180.5 178.8 177.3 175.8 174.2 173.1 172.5 172 171.7 171.1 169.4 168.4 167.8 166.3 164.4 162.5 160.9 161.1 160.3 159.2 158 157.3 157.5 158.1 156.8 155.3 152.9 149.7 146.5 143.2 138.6 133.4 126.9 121.5 116.9 112.7 108.8 104.7 101.8 100
159.7 159.2 159.4 160.7 161.1 159.8 161.1 161 159.1 159.1 159.1 161 161.1 161.1 159.2 159.1 159.1 159.6 159.6 159.1 160.6 160.6 163.4 167 170 172.9 175.4 178 178.7 179.1 178.4 178.3 178.4 178.9 179.4 179.8 180.4 180.3 180.3 179.6 179 178.2 176.7 176 175.3 174.7 174.3 174.1 173.5 172.9 172.1 170.9 169.4 167.6 165.8 164.8 163.8 162.8 161.6 160.6 160.2 160.4 161.1 160.2 158.5 155.7 152.9 150.7 148.8 144.7 140.1 133.2 127.2 121.4 116 111.4 107.2 104.4 100.9
160.2 161.6 161.3 161.1 161.3 161.3 161.6 161.6 160.8 159.5 161.1 161.1 161.1 160.1 159.1 159.1 159.1 159.1 159.1 159.1 159.1 159.4 160.7 165.2 169.4 171 173.2 175.9 177.8 178.2 178 177.1 177.1 177.6 178.2 178.4 178.4 178.4 178.9 178.6 177.9 177.6 178.1 177.4 176.8 176.3 176.9 176.5 175.9 175.6 175.8 174.9 173.3 171.6 169.4 167.5 166.5 165.3 164.5 163.8 163.4 163.8 164 163.2 161.5 158.7 156.7 154.4 153.2 150.8 146.2 141.7 135.6 128.3 120.6 115.2 109.8 106.7 103
163.6 164.6 164.2 163.8 163.2 163.8 164 164 162.8 161.9 161 161.3 160.5 159.6 159.1 159.1 159.1 159.1 159.1 159.1 159.1 159.1 160.8 163 166.8 170.1 171.8 174 176 176.7 176.2 175.2 175.5 175.8 175.3 175.3 174.9 175.3 176.2 176.6 176.6 177.5 178.3 178.4 177.9 178.3 179 179.1 178.9 179.2 179.3 179.3 177.4 176.4 174.2 171.3 169.4 168.6 167.8 167 166.8 167.1 166.4 165.8 164.3 162.3 160.5 158 157.3 155.1 153.1 149.4 144.1 136 126.9 120.6 114.5 109 104
169.7 170 167.8 166.9 166.6 167 167.3 167.4 166.5 164.6 164.4 163.8 161.6 160 159.1 159.1 159.1 159.1 159.1 159.1 159.1 159.5 160.1 160.4 164.6 168.8 170.3 171.4 173.4 174.3 174.1 173.4 173.4 173.4 172.7 172 171.9 172.4 173.5 174.2 175.4 176.6 177.8 178.6 179.5 179.9 181.2 181.9 182.1 182.5 184.4 183.7 182.1 180.8 178.8 176.7 174.5 173.2 170.7 170.6 170.6 170.1 168.8 168.2 167.1 164.9 163.5 162.5 161.1 159.7 157.7 153.6 147 140 131.7 124.7 118.7 111.5 105.7
175.7 174.5 173 171.8 170.5 171 171.1 171.1 169.2 168.2 168 166.5 163.9 160.9 159.1 159.2 159.1 159.5 159.1 159.1 161 160.7 160.2 160.1 163.2 166.9 169.5 170.3 170.3 171.2 171.9 171.7 171.8 171 170.3 169.4 169.5 170.1 170.9 172.4 174.2 176.1 177.7 179.4 180.8 182.3 184.7 185.4 185.7 187 188.7 187.8 186.2 184.1 182.5 181.1 180.1 178.1 176 175.5 174.4 173.3 172.4 171.6 169.9 167.9 166.6 165.6 164.6 163.6 162 157.2 149.5 143.8 136.9 128.8 122.3 115 108.1
181.9 180.7 179.8 178.8 177.4 177 175.5 173.4 171.2 170.5 169.3 169.4 166.6 162.8 160.8 160.5 160.9 161 160.3 160.7 160.9 160.7 160.2 161.3 163.1 166.1 168.7 169.4 169.5 169.9 170.8 170 170.4 170.9 169.5 169.3 169.3 169.3 170.4 171 172.9 174.9 178.1 180.1 182.6 185.3 188 189.2 189.2 190.3 191.3 191 189.5 188.9 186.9 184.8 183.9 181.7 180.9 179.5 178.1 177.3 176.4 174.8 172.9 171.1 169.6 168.8 167.2 165.8 163.4 160.7 154.3 147.7 140.9 132.8 126 117.7 109.9
190.8 188.3 186.3 183.3 181.5 181.6 180 177.5 175.1 172.4 171.7 170.2 168.4 165.1 163.4 163.9 164.2 163.8 163.3 162.7 162.3 162 161.9 162.5 164.3 166.4 168.3 169 169.2 169.2 169.7 168.5 168.8 167.9 167.3 167.9 168.1 168.3 170.2 169.9 171.3 174.3 177.3 180.8 182.1 185.7 188.3 190.2 191.6 193.2 194.8 194.5 193.3 192.2 190.7 189.2 187.8 185.7 184 183.2 181.9 181.2 180.1 178 176.4 174.8 173.8 172.7 169.1 167 164.1 160.1 155.1 149.9 143.7 136.9 129.6 120.5 111.6
197.3 198.2 193.2 189.7 188.6 184.9 183 180.5 178.3 176.2 174.3 172.9 169.6 167.7 166.8 167.4 168 167.9 166.6 165.2 164.1 163.3 163.8 164.3 165.7 167.6 168.7 168.9 168.6 168.5 167.6 167.1 166.8 165.8 164.9 165.2 166 166.3 168 169.2 170.1 172.2 175.4 178.4 181.3 184.6 187.4 188.9 192.1 195.2 197.9 198.6 197.9 196.7 195.2 193.8 191.9 189.8 188.3 187 185.6 184.8 183.9 182.7 180.5 179.2 178.5 175.3 171.6 168.6 164.7 160.3 156.8 152 147.2 140.7 133.8 125.1 113.8
203.4 202.8 198.7 194.8 190.9 188.7 186 183.2 182.1 180.2 179.3 177.3 175.2 173 171.4 172.2 172.5 171.8 170.6 169 167 166.6 166.8 166.7 167.3 168.6 168.9 168.9 169 168 165.8 165.3 164.8 163.8 162.8 162.4 163.2 164.2 163.8 167.1 167.5 170 172.9 175.8 179.9 183.3 186.8 189.7 193.4 197.2 200.6 200.9 201.2 200.8 199.7 198.4 196.3 194.8 193.3 191.3 189.7 189 188.1 187.1 185.3 183.7 181.9 179.4 176 172.3 167 162.9 159 155 151 145.9 137.1 129.3 116.4
207.7 206.8 202.7 199 195.3 192.9 190.1 188.5 187.2 186.7 185.3 182.8 181 179.2 177.7 178.1 177.3 176.2 174.4 171.4 170.1 169.1 169.7 169.6 169.1 169.2 169 168.7 167.8 167.7 165.1 164.3 163.4 162.3 161.1 160.8 160.2 160.7 160.5 162.5 164.2 167.9 170.1 173.6 177.9 181.9 185.8 189.8 193.3 197.1 200.2 202.2 204.2 204.4 203.9 203 201.3 199.8 198.5 196.5 194.5 193.5 192.6 191.6 190.3 188.8 186.8 183.8 180 174.8 169.5 164.8 160.1 156 151 146.8 138.5 129.8 118.7
211.1 210.1 206.6 203.5 199.8 196.9 195.3 193.8 192.3 192 190.9 189.3 187.8 185.9 184.2 183.7 181.7 181 179.4 176.2 172.5 174.1 174.6 172.7 172.1 170.3 168.7 168 167.7 167.7 165.2 164.2 162.7 161.2 160 159.9 159.1 159 159 159.4 160.3 163.8 168.1 171.2 174.9 178.7 183.1 189 193 197 199.9 203.8 206.5 208.3 208 208 207.1 205.5 203.5 201.9 200.3 199.4 198.1 196.3 195.1 193.4 190.9 187.7 183.2 177.8 172.1 166.5 160.7 155.4 148.8 145.1 137.9 131.2 121.6
213.9 211.8 210.2 207.5 205.5 202.4 200.6 199.1 197.6 197.5 196.6 195.8 193 191.2 190.9 191 188.8 187.3 186 182.7 179.3 181.2 179.3 177.3 176.6 174.5 172 169.5 168.4 167.8 166.2 164.9 163.2 161.5 159.6 159.3 158.9 158.7 158.7 158.7 158.6 159.3 163.9 169.7 171.3 172.5 178.3 186.2 192 196.7 201.2 205.9 209.2 211.7 214 214 213.5 211.7 209.7 207.7 206.4 205.3 203.8 201.9 200 197.6 195 191.4 186.8 180.2 174.2 167.4 160.9 155.4 149.1 143 137 131.2 122.2
216.5 215 213.5 213.3 211.7 209.8 207.3 205.3 203.9 203.4 202.7 202.3 199.7 198 197.3 198 197.3 194.9 193.3 190.4 187.8 187.2 184.7 182.2 181.1 178.6 176.2 173.6 171.4 169.4 168.4 166.8 164.6 162.7 160.5 159.3 158.9 158.5 158.3 158.1 157.8 158.4 159.5 162.4 169 170.3 174.5 181.8 189.9 195 200.9 205.7 211.6 216.1 219.6 219.8 220.2 217.5 215.7 214.1 212.8 211.5 210.1 207 204.4 201.9 198.2 194.6 191 183.7 175.9 168.6 161.7 155.2 147.5 141.1 134.8 128.4 121.4
219.6 217.9 218.8 219 217 214.9 212.9 211.2 210.4 210.3 208.4 208.4 206.7 204.8 203.9 204 203 202.1 199 195.4 192.4 192.2 189.8 188.2 186.1 183.2 180.4 177.8 175.8 173.9 171.2 169.1 167.1 165.1 163.1 161.3 159.7 158.9 158.3 157.9 157.8 157.8 157.8 160.1 160.9 166.2 169.7 177.7 185.3 192.3 199.8 205.5 212.3 220.7 224.4 227.3 225.9 224.1 222.4 220.5 218.7 216.9 214.5 211.5 208.2 204.8 201.2 197.6 192.1 185.5 178.1 170.4 161.8 153.8 146 139.2 133.4 126.9 119.4
223.4 221.5 223.5 222.9 220.4 220.1 219.5 216.1 216 215.8 214 213 211.5 211 209.2 207.9 206.4 204.6 202.7 199.7 197.6 196.8 195.3 193 190.8 187.2 184.9 182.3 180.1 178 175.2 172.8 170.8 168.7 167.5 166.3 165.8 161.7 158.8 157.8 157.8 157.8 157.8 157.8 157.9 159.3 162.8 170.3 176.9 185.3 195.3 200.3 210.8 221.2 228 231.9 233 231.8 229.7 227.5 224.7 221.6 219.3 216 211.4 207.4 203.7 198.6 192.7 184.9 177.6 170.8 161.3 151.4 143 136.2 130.8 124.9 117.7
227.7 225.7 227.9 228.1 226.5 224.6 223.3 221.4 221.1 221 218.3 216.5 216.8 215.8 213.6 211.6 210 207.9 205.9 203.9 202.8 201.7 199.8 197.7 195.4 191.1 190 187.2 184.7 182.2 179.3 176.5 174.4 171.3 169 169.2 169.9 164.4 158.9 157.8 157.8 157.8 157.8 157.8 157.8 157.8 157.8 159.6 165 173.8 181.3 190.3 202.4 215.2 223.9 231.6 239 240.3 239 232.9 227.8 224.4 221.3 218.9 213.5 209.5 204.8 199.6 192 183.3 175.3 167.3 156.4 148 140.2 133.6 128.6 123.3 115.6
230.4 229.5 231.2 231 229.8 229.1 228.3 227.3 226.1 225.4 222.1 220.2 220.6 220 217.7 215.4 213.4 211.4 209.4 208.2 208 205.6 203.5 202 199.7 196.8 194.4 191.5 188.9 186.4 183.5 180.2 177.4 174.1 171.1 170.9 169 163.3 159.9 158.1 157.8 157.8 157.8 157.8 157.8 157.8 157.8 157.8 158.5 160.7 170.7 179.4 188.3 201.5 215.2 222.6 230.8 236.2 243.9 237.5 228.4 223.6 221.2 219.2 212.7 208.2 204.9 199.3 192.1 182.1 172 163.4 152.3 145.4 136.5 130.1 125.4 120 112.6
235.8 234.3 234.6 233.9 233.6 232.1 233.2 232.6 231.2 229.5 226.5 224.6 224.2 223.4 221 218.4 216.4 214.4 212.8 211.8 210.8 209.9 207.3 205.7 203.4 200.8 199 196.4 193.2 190.6 187.5 183.9 180 177 174.7 171 169.2 166.9 165.3 160.3 157.9 157.8 157.8 157.8 157.8 157.8 157.8 157.8 157.8 157.8 160 168.8 176.2 187.8 199.7 211.1 220 225.6 230.7 231.3 226.4 221.7 217.9 215.3 210.4 206.7 202.9 197.5 190.1 179.6 169.6 161.2 151.4 141.7 132.6 126.5 121.5 115.2 108.2
241.1 238.8 238 237.3 237.4 237.8 238.5 237.1 234.9 232.5 230.2 229 228.5 226.4 223.8 221 219.1 217.1 215.7 215.1 213.8 212.3 211.3 209.1 206.7 204.2 202.6 201.1 198.7 194.8 191 187.5 184.1 181.7 179.4 176.1 173 170.1 170.7 164.2 160.7 158.4 157.8 157.8 157.8 157.8 157.8 157.8 157.8 157.8 157.8 159.2 167.3 178.7 191 199.6 209.4 210.9 213.8 217.2 218.4 214.8 209.6 208.3 206.5 204.1 202.4 196 186.8 178.6 168.2 157.4 147.5 138.2 129.2 121.9 116.9 111.1 104.7
244.1 242.1 241.9 240.4 239.5 240.9 241.1 239.8 237.5 235.1 233.1 231.8 231.1 229.1 226.5 223.8 221.7 219.8 218.9 218.2 216.9 215.5 214.2 212.5 210 207.6 206.7 205.1 202.3 198.9 195.6 191.8 190 188.1 185 181.6 180.1 177.8 174.5 169.4 167.2 160.8 158.8 157.8 157.8 157.8 157.8 157.8 157.8 157.8 157.8 157.8 161.8 170.3 178.7 185.3 193.5 194.2 194.6 196.4 199.9 200.9 200.6 201.7 198.9 198.6 201.1 192 182.3 170.4 162.3 153.9 143.8 134.7 125.9 118.8 113 106.2 100.2
247.1 245.7 244.8 243.6 242.2 242.8 242.9 242 239.8 237.6 235.9 234.6 233 231.2 229 226.5 224.3 222.2 221.8 221.3 220.2 218.4 217 215.8 213.5 211 210.6 210 207.5 204.6 201.3 199.7 197.8 195.2 192.5 189.5 187.3 184.3 181 177.1 171.8 169.1 164.1 161.8 158.9 157.8 157.8 157.8 157.8 157.8 157.8 157.8 158.6 161.7 167.5 173.2 178.7 181.2 180.6 180.2 182.6 187.2 190.5 192.9 191.7 191.3 191.9 190 178.8 165.9 155.5 148.9 138.4 131.5 122.8 116.3 109 99.7 94.5
250.1 248.4 247.9 246.8 246 244.9 245.1 244.1 241.5 239.6 238.5 236.5 235 232.3 230.6 228.5 226.6 224.9 224.5 224.1 223.6 221.6 220.2 219 217.6 215.3 214.6 214 212.2 210.3 208 206.9 205.7 203.9 201.7 198.4 195.4 192 188.7 183.8 179.8 176.2 171.1 169.5 165.9 160.5 158 157.8 157.8 157.8 157.8 157.8 157.8 157.8 159.3 162 167.9 169.8 171.2 169.5 168.7 173.4 178 184.4 183.2 181.2 177.7 173.6 170.8 160 150.7 141.8 133.8 124.8 116.8 109.6 99.6 94.1 88.8
253.9 251.5 250.9 250.2 249.3 248.1 247.3 246.4 243.8 241.6 240.4 238.5 236.2 233.6 231.1 230.3 228.6 227.6 227.3 227.1 227.2 226 224.1 223.4 220.6 219.4 219.5 218.1 217.2 215.4 215.1 214.3 213 211.5 209.4 206.7 203.3 199.8 196.6 192.3 187.9 183.7 181.4 177.1 173.6 169 164 160.5 157.9 157.8 157.8 157.8 157.8 157.8 157.8 157.2 157.5 161.6 161.1 160.3 158.8 161.2 166.3 169.3 168.7 168.4 165.4 161.3 156.4 152.4 146 138.5 130.2 119.4 108.5 101 92.9 89.2 85.5
257.5 255 253.5 253 251.9 250.7 250 248.6 246.2 243.7 241.4 239.8 237 234.1 231.5 229.5 229.8 229.4 229.7 229.6 230.5 230.3 229.3 227.7 225.2 223.6 223 223.1 223.2 222.3 222.4 221.3 219.9 218.8 217.1 214.2 211.1 207.6 204.3 200.9 196.3 190.8 186.3 182.5 180.2 176.1 172.6 168.3 164.6 161 159.5 158.6 158.1 157.8 157.8 157.8 157.8 156.4 156.1 154.8 153.3 154.5 156.5 155.7 154.8 156.8 154.9 151.4 147.8 142.4 138.6 133.4 124.4 114.6 103.2 94.2 88.5 85.5 82.6
260.4 258.4 256.4 255.7 254.5 253.3 252.1 250.7 248.1 245.3 242.4 239.6 236.9 234.3 231.9 231.4 231.9 231.4 231.4 231.7 232.4 232.4 232 232.1 231.5 229.3 228.6 229.5 230.4 229.4 228.8 228.2 227 226.5 224.9 222.5 220.3 216.9 213.4 209.2 204.9 199.8 194.4 189.5 186.3 182.8 179.3 176.6 173.9 170.8 167.9 163.2 161.6 160.1 158.9 158 157.8 156.5 154.5 152.4 150.8 151.3 150.3 149.7 148.8 148.1 145.6 144.1 140.5 133.7 129.6 124.2 116.4 105.4 96.6 90.3 85.2 83 81.5
263 261.2 259.7 258.3 257.3 256.4 255.4 253.5 249.4 245.9 242.8 240 237.3 234.7 233 233.4 233.8 233.7 233.6 233.7 234.3 234.9 235 235.2 235 234.4 235.6 236.6 237 236.5 236.2 235.4 234.9 234.4 234 232.6 231 227.6 224 219.7 215.7 210.4 204.8 199.1 193.5 189.8 187.2 184.1 180.6 177.1 174.5 170.9 167.9 164.8 162.3 160.3 159.4 158.4 153.9 151.6 149 149.1 149.5 149.4 146.1 142.5 139.8 137.9 132.9 130 123.8 116.7 108.7 96.1 89.2 85.4 82.5 80.9 79.6
266.3 264.5 262.7 262 260.8 259.7 258.3 255.9 251.3 247.5 244 240.5 238 235.5 234.9 235.3 235.6 235.7 235.6 235.6 236.2 236.8 237.6 238.2 238.9 239.9 240.6 242.8 243.1 243.2 243.4 243.3 242.9 243.2 242.8 242.3 241 236.3 234.4 230.1 226.2 222.1 216.8 208 203.3 198.7 193.8 189.1 185.3 182.9 180.8 178 173.9 170.7 169.9 166.4 164 161.4 156.9 153.3 149.9 148.2 148.6 148.9 145.7 141.2 140 135.4 130.1 119.9 117 109 103.3 92.7 86.4 82.5 79.9 79.5 79.1
269.6 267.6 266.3 265.7 264.4 263.1 261.1 258 253.5 249.4 245.1 241.4 238.5 237 236.5 237.1 237.3 237.4 237.5 237.6 238 238.7 239.4 240.4 242.1 244 245 247.5 248.5 248.6 249.1 250.2 251.3 252 252.1 251.8 248.9 246.5 244.1 240.6 237.5 231 224.3 216.7 211.9 206.8 201.4 195.7 191.4 188.4 184.9 182.6 179.8 176 173.8 171.4 170.3 166.2 162.1 158.1 152.7 149.7 146.2 143.2 144.6 141.6 137.6 134.1 128.7 118.5 112.3 104.9 98.1 88.2 83.6 80.1 78.4 78.1 78.4
273.5 271.1 270.3 268.9 267.5 266.1 263.2 260.2 256 251.3 247 242.3 239.3 238.6 238.3 238.2 238 237.9 237.8 238 239 240.5 241.7 242.9 244.6 246.8 249.4 251.4 253.8 254.4 254.6 255.9 257.6 259.6 258.7 256 253.7 252.1 250.5 248.5 247.4 243.3 236.8 227.9 220.2 214.1 210.3 202.7 197 192.8 188.7 186.4 183.8 180.6 178.1 175.1 172.9 170.4 165.7 161.1 158.2 152 145.9 140.2 138.8 138.2 134.2 130 125.1 117.5 110.8 102.4 94.4 88.2 81.6 78.7 77.9 77.9 78.3
278 275.9 274 272.1 270.5 269.3 266.1 262.4 257.8 253.6 248.9 243.6 239.1 238.4 238.2 237.7 238.1 238.1 238.3 238.6 239.4 240.9 242.8 244.8 247.4 249.9 252.2 255.3 258.3 260 259.7 260.9 262.8 262.5 260.7 258.8 258.2 257.1 257.1 255.6 254.1 251.5 243.9 236 228 221.2 215.4 207.2 201.2 196.5 192.3 190.3 187.4 184.2 181.6 178.5 175.7 173.2 170.3 165.4 160.8 155.1 151.1 143.6 135.7 128.9 126.2 120.4 115.3 110.3 103.4 98.6 92.3 86.7 79.3 77.8 77.7 77.7 77.9
281.1 279.4 278 276.6 274.8 271.8 269 265.5 259.2 254.3 249.3 243.3 238.9 238.1 237 236.7 236.5 236.1 236.9 237.6 238.9 240.4 242.8 245.6 248.7 251.3 254.2 258.2 260 262.4 264.9 266 267.1 266.4 264.5 261.8 260 261.1 261.3 260 258 254.3 248 241.4 236.7 230.6 220.6 213.2 207 200.4 195.8 193.4 190.7 187.7 184.8 181.7 179 176.5 172.3 167.8 163.2 158.9 154.8 150.2 142.4 133.8 128.2 121.7 116.6 109.9 102.6 96.1 89.1 81.4 78.3 77.6 77.6 77.6 78.2
287.3 283.9 282.4 280.9 279.2 275.7 272.1 267.7 261.4 254.7 248.9 243.9 239.4 236.5 234.3 233.3 233.9 233.4 234.1 236.4 238.1 239.5 241.9 245.3 248.9 252.3 255.3 260.2 261.8 264.8 267.8 269.3 270.6 269.1 265.6 262.7 261.1 261.3 262.7 262.6 260.5 256.2 251.1 246.7 242.2 235.7 226.7 219.3 211.3 204.4 199.8 196.7 193.2 190 187.5 185 182.2 178.4 173.7 169.1 164.8 160.9 157.3 154 149.3 141.8 130.9 120.4 113.5 107.9 102.9 98.4 90.5 82.5 78.9 77.8 77.6 77.6 77.8
290.5 288.9 287.1 285.3 283.3 279.7 276.3 272.4 265.9 259.8 252 245.6 240.3 236 232.2 230.5 231.4 230.9 233 235.1 237.4 238.8 241.4 245.1 248.8 252.6 256 260.5 263.2 265.9 268.7 270.4 270.7 269.3 265.5 261.7 260.1 260.1 260.7 260.8 259.4 255.8 252.2 248.1 242.2 236.1 228.9 221.3 214.3 207.6 202.7 198.8 194.5 191.9 189.4 186.7 183.4 179.8 175.3 170.8 166.5 162.7 160.4 157.5 153.8 145.4 133.5 124.5 113.5 107.5 102.7 98.4 90.7 82.7 79.8 77.9 77.7 77.6 77.6
295.6 292.8 290.9 289.5 287.4 284.2 280.9 277 269.5 263.6 255.8 248.4 242.3 237.5 232.5 229.3 229.6 230.4 231.6 233.5 235.8 238.3 240.2 243.9 247.8 251.7 255.6 259.6 262.9 266.1 269.1 271.1 270.3 266.6 262.2 260.2 258.7 259 259.1 258.9 256.5 252.3 249.3 245.8 240.8 235.1 229.4 220.9 214.4 208.6 203 198.4 195.4 193.4 191 188.3 184.5 180.9 176.6 172.4 168.2 165.4 162.5 157.4 152 145.8 138 129.5 116 108.7 104.2 96.6 90 82 78.8 77.9 77.6 75 75.4
