data/230000-960000.asc
ncols 200
nrows 200
xllcorner 230000
yllcorner 960000
cellsize 50
[rows 0 to 35 of 200, columns 81 to 161 of 200]
146 147.8 146.2 144.9 148.2 149.9 150.9 154.9 158.8 164.4 168.2 171 173.2 179.1 190.8 201.3 211.6 215.5 212.5 206.3 196.2 189.4 180.8 178.3 174.6 170.1 165.6 163.4 161.1 156.2 153.5 147.7 146.6 146 143.8 139.3 128.5 116.4 102.2 86 69.7 49.3 38.5 30.2 16.1 2.3 -1.7 -1.7 -1.7 -1.7 -1.7 -1.7 -1.7 -1.7 -1.7 -1.7 -1.7 -1.7 -1.7 -1.7 -1.7 -1.7 -1.7 -1.7 -1.7 -1.7 -1.7 -1.7 -1.7 -1.7 -1.7 -1.7 -1.7 -1.7 -1.7 -1.7 -1.7 -1.7 -1.7 -1.7 -1.7
154.9 149.5 147.9 147 148.9 150.7 151.9 156.8 166.8 169.9 172.2 173 173.5 176.9 182 195.3 206.3 214.7 208.8 196.8 191.8 188.3 177.9 176.8 174.6 170.4 163.7 159.6 150.7 146.6 142.3 141.3 143.7 144.3 142.6 137.2 120.5 110.3 99.7 87.7 72.2 54.3 32.7 19.9 3.8 -1.7 -1.7 -1.7 -1.7 -1.7 -1.7 -1.7 -1.7 -1.7 -1.7 -1.7 -1.7 -1.7 -1.7 -1.7 -1.7 -1.7 -1.7 -1.7 -1.7 -1.7 -1.7 -1.7 -1.7 -1.7 -1.7 -1.7 -1.7 -1.7 -1.7 -1.7 -1.7 -1.7 -1.7 -1.7 -1.7
156.6 151.8 151 154.1 160.4 154.3 156 161.1 166.7 170.2 171.8 172.9 173.8 176.4 181.8 188.3 192.3 201.4 196.9 191 187.4 178.8 175.8 176 174.6 161.9 153.5 146.1 141.4 138.6 137.6 137.7 138.1 142.3 138.3 128.6 122.6 108.7 95.9 85 76.1 59.7 36.8 16.9 0.9 -1.7 -1.7 -1.7 -1.7 -1.7 -1.7 -1.7 -1.7 -1.7 -1.7 -1.7 -1.7 -1.7 -1.7 -1.7 -1.7 -1.7 -1.7 -1.7 -1.7 -1.7 -1.7 -1.7 -1.7 -1.7 -1.7 -1.7 -1.7 -1.7 -1.7 -1.7 -1.7 -1.7 -1.7 -1.7 -1.7
154.5 152.7 159.4 166.8 161.7 158.8 160.8 159.9 160.5 163.4 167.1 172.3 172.9 175.8 180.8 185.4 187.7 186.4 179.2 177.9 177.4 176.2 175.8 173 160.9 152 145.9 142.7 139.7 134.4 133.5 133 131.3 133.6 131.2 127 118.3 109.6 95.8 82.9 72.6 54.2 35.5 14.5 0.5 -1.7 -1.7 -1.7 -1.7 -1.7 -1.7 -1.7 -1.7 -1.7 -1.7 -1.7 -1.7 -1.7 -1.7 -1.7 -1.7 -1.7 -1.7 -1.7 -1.7 -1.7 -1.7 -1.7 -1.7 -1.7 -1.7 -1.7 -1.7 -1.7 -1.7 -1.7 -1.7 -1.7 -1.7 -1.7 -1.7
153.2 152.2 156.3 157.3 157.3 156.4 153.9 153.3 156.1 159.1 161.9 166.3 170.9 175.8 177.2 178.5 181.4 175 168.4 170.5 171.1 171.7 171.1 161.7 157.8 154.7 149.8 144.1 136.9 133 131.1 127.3 122.8 120.7 119 115.2 106.1 101.2 90.1 75.1 61.7 45.3 27.8 2.4 -1.7 -1.7 -1.7 -1.7 -1.7 -1.7 -1.7 -1.7 -1.7 -1.7 -1.7 -1.7 -1.7 -1.7 -1.7 -1.7 -1.7 -1.7 -1.7 -1.7 -1.7 -1.7 -1.7 -1.7 -1.7 -1.7 -1.7 -1.7 -1.7 -1.7 -1.7 -1.7 -1.7 -1.7 -1.7 -1.7 -1.7
147.7 144.6 145 146.4 145.3 145.1 146.6 148.5 151.4 155.6 158.6 164 167.2 172.3 174.2 171.5 170.1 164.4 164.1 165.1 164.6 162.6 161.2 158.4 156.7 155.1 149.6 142.2 135 130.5 129.6 126.2 119.3 112.5 108 101.4 95.1 84.2 76.3 70.3 57.6 36.6 18.4 -1.7 -1.7 -1.7 -1.7 -1.7 -1.7 -1.7 -1.7 -1.7 -1.7 -1.7 -1.7 -1.7 -1.7 -1.7 -1.7 -1.7 -1.7 -1.7 -1.7 -1.7 -1.7 -1.7 -1.7 -1.7 -1.7 -1.7 -1.7 -1.7 -1.7 -1.7 -1.7 -1.7 -1.7 -1.7 -1.7 -1.7 -1.7
143.7 142.5 140.9 138.1 138.1 140.7 142.9 145.6 148.8 152 157 163.1 165.1 167.8 169.5 167.4 163.7 162.1 161.8 162.4 160 156.7 155.7 152.3 151.3 150 144.7 136.8 132.9 128.3 125.9 120.4 116 111.3 103.9 93.9 84.6 73.2 65.8 58.6 48.7 29.5 -1.7 -1.7 -1.7 -1.7 -1.7 -1.7 -1.7 -1.7 -1.7 -1.7 -1.7 -1.7 -1.7 -1.7 -1.7 -1.7 -1.7 -1.7 -1.7 -1.7 -1.7 -1.7 -1.7 -1.7 -1.7 -1.7 -1.7 -1.7 -1.7 -1.7 -1.7 -1.7 -1.7 -1.7 -1.7 -1.7 -1.7 -1.7 -1.7
143.1 143.5 139.9 138.1 138.1 138.1 143.7 147.1 149.8 152.6 156.7 161.8 164.9 166.5 168.9 166.5 161.8 160.5 161 160.8 157.7 155.1 150.4 145.2 142.2 139.1 134.2 132.4 128.5 123.8 118.4 114.5 113.1 105.8 102.8 92.6 81.7 68.6 61 47.9 31.9 2.3 -1.7 -1.7 -1.7 -1.7 -1.7 -1.7 -1.7 -1.7 -1.7 -1.7 -1.7 -1.7 -1.7 -1.7 -1.7 -1.7 -1.7 -1.7 -1.7 -1.7 -1.7 -1.7 -1.7 -1.7 -1.7 -1.7 -1.7 -1.7 -1.7 -1.7 -1.7 -1.7 -1.7 -1.7 -1.7 -1.7 -1.7 -1.7 -1.7
141.1 142.3 140.2 138.1 138.6 144.9 146.3 148.7 150.8 155.2 161.3 165 166.2 167.5 166.2 161.6 160 159 159.2 158.5 157.7 153 143.8 137.8 132.8 128.5 127.2 125 120.9 115.2 110.9 107.6 103.8 97.3 92 87.2 74 62 53.3 41.7 36 23.9 2.7 -1.7 -1.7 -1.7 -1.7 -1.7 -1.7 -1.7 -1.7 -1.7 -1.7 -1.7 -1.7 -1.7 -1.7 -1.7 -1.7 -1.7 -1.7 -1.7 -1.7 -1.7 -1.7 -1.7 -1.7 -1.7 -1.7 -1.7 -1.7 -1.7 -1.7 -1.7 -1.7 -1.7 -1.7 -1.7 -1.7 -1.7 -1.7
136.6 137.7 139.7 140.9 149.8 151 150.9 151.1 156.1 159.4 164.8 166.8 165.9 165.8 160.5 157.9 158.6 158.4 159.9 160.5 154.9 146.5 137.1 130.5 126.6 124 121.8 116.8 110.8 106.8 104.7 100.9 96.9 91.8 80.3 73.9 68 64.2 58.2 51.8 37.1 22.8 3.2 -1.7 -1.7 -1.7 -1.7 -1.7 -1.7 -1.7 -1.7 -1.7 -1.7 -1.7 -1.7 -1.7 -1.7 -1.7 -1.7 -1.7 -1.7 -1.7 -1.7 -1.7 -1.7 -1.7 -1.7 -1.7 -1.7 -1.7 -1.7 -1.7 -1.7 -1.7 -1.7 -1.7 -1.7 -1.7 -1.7 -1.7 -1.7
133.8 134.9 137.9 150.4 158.2 157.6 155.6 159 160.7 159.3 163.9 160.5 156.9 153 152.2 154.3 156.8 159.5 161.1 157.3 149.3 139.5 132.9 127.6 124.3 123.2 119.1 109.2 104.2 102.8 101.1 98.9 93.6 83.5 75.4 70.9 67.6 69.3 61.6 49.5 35.2 20.6 2.2 -1.7 -1.7 -1.7 -1.7 -1.7 -1.7 -1.7 -1.7 -1.7 -1.7 -1.7 -1.7 -1.7 -1.7 -1.7 -1.7 -1.7 -1.7 -1.7 -1.7 -1.7 -1.7 -1.7 -1.7 -1.7 -1.7 -1.7 -1.7 -1.7 -1.7 -1.7 -1.7 -1.7 -1.7 -1.7 -1.7 -1.7 -1.7
131.4 135 139.8 154.6 158.9 159.4 159.7 155.4 153.2 152.7 150.8 150.6 148.5 146.9 148.7 154.5 159 161.9 161.3 153.4 143.5 136.9 130.8 123.7 119.8 117.3 109.4 102.3 99.8 100.3 100.5 96.9 86.2 80.1 75 69.4 67.2 67 64.2 48.6 34.2 19.7 -1.7 -1.7 -1.7 -1.7 -1.7 -1.7 -1.7 -1.7 -1.7 -1.7 -1.7 -1.7 -1.7 -1.7 -1.7 -1.7 -1.7 -1.7 -1.7 -1.7 -1.7 -1.7 -1.7 -1.7 -1.7 -1.7 -1.7 -1.7 -1.7 -1.7 -1.7 -1.7 -1.7 -1.7 -1.7 -1.7 -1.7 -1.7 -1.7
131.8 136.8 141.7 148.3 153.6 156.6 154.1 150.2 148.6 147.1 145.6 144.6 143.8 145.1 150.5 154.4 159.1 161.8 158.7 148.2 141.3 136.4 127.3 119.1 115.1 108.8 102 98.8 96.7 97.6 97.8 93.6 81.6 78.1 72.2 66.6 62.4 64.3 56.6 43.2 31.8 -1.7 -1.7 -1.7 -1.7 -1.7 -1.7 -1.7 -1.7 -1.7 -1.7 -1.7 -1.7 -1.7 -1.7 -1.7 -1.7 -1.7 -1.7 -1.7 -1.7 -1.7 -1.7 -1.7 -1.7 -1.7 -1.7 -1.7 -1.7 -1.7 -1.7 -1.7 -1.7 -1.7 -1.7 -1.7 -1.7 -1.7 -1.7 -1.7 -1.7
130.6 138.8 142.7 143.6 144.8 145.1 146.7 147.5 146 144.1 142.9 142.1 142.6 145.5 150.7 154.6 158.9 162.9 157.1 149.8 144.3 134.6 125.2 120.1 115 106.4 100.2 96.9 93.1 93.7 88.2 80.1 77.3 75.5 69.8 64.1 55.7 54.9 44.5 36.4 -1.7 -1.7 -1.7 -1.7 -1.7 -1.7 -1.7 -1.7 -1.7 -1.7 -1.7 -1.7 -1.7 -1.7 -1.7 -1.7 -1.7 -1.7 -1.7 -1.7 -1.7 -1.7 -1.7 -1.7 -1.7 -1.7 -1.7 -1.7 -1.7 -1.7 -1.7 -1.7 -1.7 -1.7 -1.7 -1.7 -1.7 -1.7 -1.7 -1.7 -1.7
130 137.9 139.5 139.5 140.3 141.1 143.4 144.1 141.1 141 140.6 141.8 142.8 143.3 148.5 154.4 160.3 155.9 151.6 152.7 154.4 143.4 134 125.6 115.8 107.6 101.8 95.7 91.4 86.5 78.3 72.8 71.1 72.3 66.5 58.7 47.7 39.9 33.9 8.6 -1.7 -1.7 -1.7 -1.7 -1.7 -1.7 -1.7 -1.7 -1.7 -1.7 -1.7 -1.7 -1.7 -1.7 -1.7 -1.7 -1.7 -1.7 -1.7 -1.7 -1.7 -1.7 -1.7 -1.7 -1.7 -1.7 -1.7 -1.7 -1.7 -1.7 -1.7 -1.7 -1.7 -1.7 -1.7 -1.7 -1.7 -1.7 -1.7 -1.7 -1.7
128.2 133.1 134.8 135.4 136.2 137 138.1 137.8 137.2 137.6 140.9 142.9 144.4 144.6 147.6 152.4 154.4 151.9 152.4 157.5 155.7 148.5 143.6 131.6 115.7 110.6 103.3 95.8 90.2 81 72.9 69 67.2 68.3 68 60.5 43.6 34.9 22.1 11.1 -1.7 -1.7 -1.7 -1.7 -1.7 -1.7 -1.7 -1.7 -1.7 -1.7 -1.7 -1.7 -1.7 -1.7 -1.7 -1.7 -1.7 -1.7 -1.7 -1.7 -1.7 -1.7 -1.7 -1.7 -1.7 -1.7 -1.7 -1.7 -1.7 -1.7 -1.7 -1.7 -1.7 -1.7 -1.7 -1.7 -1.7 -1.7 -1.7 -1.7 -1.7
125.1 128.4 131.1 132.1 132.9 133 132.6 132.3 136 140.6 143.2 143.2 144 145.1 147.4 148.9 151 153.8 160 160 155.6 149.4 136.6 124.5 116.3 108.8 105.6 99.8 96.9 91 76.2 74.5 69.2 70 63.7 51.5 40.2 24.8 22.3 19 -1.7 -1.7 -1.7 -1.7 -1.7 -1.7 -1.7 -1.7 -1.7 -1.7 -1.7 -1.7 -1.7 -1.7 -1.7 -1.7 -1.7 -1.7 -1.7 -1.7 -1.7 -1.7 -1.7 -1.7 -1.7 -1.7 -1.7 -1.7 -1.7 -1.7 -1.7 -1.7 -1.7 -1.7 -1.7 -1.7 -1.7 -1.7 -1.7 -1.7 -1.7
124.1 126.2 126.9 127.4 128.7 128.7 127.7 132.7 135.3 140.9 140.8 142.3 143.6 145.1 148.5 149.8 151.8 158.7 161.5 156.9 152.7 135.3 129 125.2 117.7 121.6 117 107.8 102.2 88.4 81.3 73.8 81.1 74.2 65.9 45.7 34.7 36.2 31.5 19.9 2.3 -1.7 -1.7 -1.7 -1.7 -1.7 -1.7 -1.7 -1.7 -1.7 -1.7 -1.7 -1.7 -1.7 -1.7 -1.7 -1.7 -1.7 -1.7 -1.7 -1.7 -1.7 -1.7 -1.7 -1.7 -1.7 -1.7 -1.7 -1.7 -1.7 -1.7 -1.7 -1.7 -1.7 -1.7 -1.7 -1.7 -1.7 -1.7 -1.7 -1.7
121 123.2 124 124 124.1 124 127.6 132.6 133.1 135.2 138.5 141.6 144 148.6 154.2 152.7 157.4 160.6 158.1 154.9 149.6 131.8 125.9 122.8 131.3 129.6 121.4 116.8 105.9 93.9 80.6 77.4 86.3 78.8 63.9 44.8 41.9 43.2 34.9 21.1 20.6 13.8 3 -1.7 -1.7 -1.7 -1.7 -1.7 -1.7 -1.7 -1.7 -1.7 -1.7 -1.7 -1.7 -1.7 -1.7 -1.7 -1.7 -1.7 -1.7 -1.7 -1.7 -1.7 -1.7 -1.7 -1.7 -1.7 -1.7 -1.7 -1.7 -1.7 -1.7 -1.7 -1.7 -1.7 -1.7 -1.7 -1.7 -1.7 -1.7
118.3 120.3 120.3 121.2 120.7 120.1 126.4 128.6 130.2 132.5 137.1 144 147.2 156.2 156.4 157.5 161 159 155.6 152.3 144.5 131.9 125.8 132.2 134.8 130.4 128.2 117.4 105.2 94.8 78.5 78 82.4 77.5 50.5 44.4 42.4 39.3 30.6 26.9 22.6 19.5 16.2 -1.7 -1.7 -1.7 -1.7 -1.7 -1.7 -1.7 -1.7 -1.7 -1.7 -1.7 -1.7 -1.7 -1.7 -1.7 -1.7 -1.7 -1.7 -1.7 -1.7 -1.7 -1.7 -1.7 -1.7 -1.7 -1.7 -1.7 -1.7 -1.7 -1.7 -1.7 -1.7 -1.7 -1.7 -1.7 -1.7 -1.7 -1.7
113.6 115 117.9 118.4 115.6 120.2 123.3 124.6 126.4 130.1 139.7 146.6 152.8 154.8 157.1 159.9 160 157.7 155.1 148.8 136.4 128.2 129.7 132.8 131.8 132.6 126 113.4 104 82.7 77 75.9 73.2 54.4 46.1 44.6 44.8 39.2 31.7 29.1 24.5 19.8 -1.7 -1.7 -1.7 -1.7 -1.7 -1.7 -1.7 -1.7 -1.7 -1.7 -1.7 -1.7 -1.7 -1.7 -1.7 -1.7 -1.7 -1.7 -1.7 -1.7 -1.7 -1.7 -1.7 -1.7 -1.7 2.5 11.6 -1.7 -1.7 -1.7 -1.7 -1.7 -1.7 -1.7 -1.7 -1.7 -1.7 -1.7 -1.7
109.7 111 114.2 114.6 112.7 117.2 118.8 121.3 124.3 130.7 141.1 143.9 148.6 152.2 155.7 159.4 158.8 156.8 152.7 139.8 129.5 128 130.5 131.6 132.1 130.3 121.7 112.3 103.6 77.5 75.8 75.6 58.6 53.1 44.6 45.7 45.1 38.1 33.1 28.9 22.8 -1.7 -1.7 -1.7 -1.7 -1.7 -1.7 -1.7 -1.7 -1.7 -1.7 -1.7 -1.7 -1.7 -1.7 -1.7 -1.7 -1.7 -1.7 -1.7 -1.7 -1.7 -1.7 -1.7 -1.7 -1.7 -1.7 1.9 10.2 -1.7 -1.7 -1.7 -1.7 -1.7 -1.7 -1.7 -1.7 -1.7 -1.7 -1.7 -1.7
106.6 107.4 110.1 109.3 108 113.2 115.3 118.8 122.8 131.2 135.9 139.6 144.4 149.8 156.3 158.8 159.1 156.3 150.7 133.4 130.3 130 132.5 133.5 132.4 127 118.4 109.7 96.8 75.1 72.2 64.4 56.7 46.3 43.7 43.2 41.7 38.3 33.4 25.9 19.1 -1.7 -1.7 -1.7 -1.7 -1.7 -1.7 -1.7 -1.7 -1.7 -1.7 -1.7 -1.7 -1.7 -1.7 -1.7 -1.7 -1.7 -1.7 -1.7 -1.7 -1.7 -1.7 -1.7 -1.7 -1.7 -1.7 -1.7 9.2 -1.7 -1.7 -1.7 -1.7 -1.7 -1.7 1.1 -1.7 -1.7 -1.7 -1.7 -1.7
101 101.3 102.7 103.5 105.5 109.1 112.2 116.6 121.1 127 132.4 136.1 142.1 151.6 156.9 158.9 158.8 155.2 145.7 135.8 138.1 137.1 139.6 133.5 128.8 123.2 116.5 107.3 92.7 73.8 69.2 60.8 53 44.4 42.6 41.1 41.2 37.8 30.6 23.1 2.3 15 -1.7 -1.7 -1.7 -1.7 -1.7 -1.7 -1.7 -1.7 -1.7 -1.7 -1.7 -1.7 -1.7 -1.7 -1.7 -1.7 -1.7 -1.7 -1.7 -1.7 -1.7 -1.7 -1.7 -1.7 -1.7 -1.7 1.9 0.3 -1.7 -1.7 7.8 3.5 2.7 4.5 -1.7 7.5 -1.7 -1.7 -1.7
95.9 97.7 99.4 101.1 102.4 105.2 108.1 112.1 119 124.1 129.3 134.1 141.8 150 156.6 158.5 157.9 153.4 142.5 140.1 139.7 140.5 140.7 133.2 129.1 121.7 114.3 100.9 79.3 67.3 60.7 53.7 48.3 43.5 40.6 39.2 42.1 36.4 26.6 26.9 23.6 13.4 -1.7 -1.7 -1.7 -1.7 -1.7 -1.7 -1.7 -1.7 -1.7 -1.7 -1.7 -1.7 -1.7 -1.7 -1.7 -1.7 -1.7 -1.7 -1.7 -1.7 -1.7 -1.7 -1.7 -1.7 -1.7 -1.7 1.8 0.4 -1.7 12.7 18.9 17.4 12.7 12.8 24.8 23.3 23.7 -1.7 -1.7
95.4 96.4 97.7 98.1 99.3 101.4 104.6 108.5 116.1 120.7 127.1 132 137.4 146.9 154.7 156.4 154.8 146.8 141.1 139.6 139.7 140.7 138 132.3 125.9 118.2 109.2 97.8 75.7 62 55.5 50 44 42 38.5 38.1 39 29.7 35.9 29.8 22 -1.7 -1.7 -1.7 -1.7 -1.7 -1.7 -1.7 -1.7 -1.7 -1.7 -1.7 -1.7 -1.7 -1.7 -1.7 -1.7 -1.7 -1.7 -1.7 -1.7 -1.7 -1.7 -1.7 -1.7 -1.7 -1.7 -1.7 2.8 2.3 1.7 18.3 19.9 24 25 27.7 31.1 31.7 32.5 32.4 -1.7
93.9 94.5 95.6 95.9 95.9 98.4 101.1 104.6 110.8 117.3 124.3 129.8 133.6 143.3 150.6 150.7 148.6 140.5 140.8 140.6 141.1 141.5 134.7 127.9 122.2 115.5 103.6 89.3 70.4 58 50.6 44.2 42.7 39 37.5 36.6 33.4 41.3 38.2 29.6 18.3 1.2 -1.7 -1.7 -1.7 -1.7 -1.7 -1.7 -1.7 -1.7 -1.7 -1.7 -1.7 -1.7 -1.7 -1.7 -1.7 -1.7 -1.7 -1.7 -1.7 -1.7 -1.7 -1.7 -1.7 -1.7 -1.7 -1.7 12.4 4.8 11.1 19.6 24.2 28.4 30 34.3 36.2 37.1 38.9 38.5 35.5
92.4 93 93.5 93.6 94.1 96.6 98.7 101.6 105.2 111.6 117.3 122.6 130 139 144.7 146.4 141.5 138.3 139.5 140.6 141.5 137.6 130 124.5 119.7 113.3 101.1 86.1 70.9 51.1 45.2 47.7 41.4 37.6 37.1 36.9 42.2 44.5 37.7 25.9 15.8 1.4 -1.7 -1.7 -1.7 -1.7 -1.7 -1.7 -1.7 -1.7 -1.7 -1.7 -1.7 -1.7 -1.7 -1.7 -1.7 -1.7 -1.7 -1.7 -1.7 -1.7 -1.7 -1.7 -1.7 -1.7 -1.7 -1.7 16 11.7 13.3 24.4 35 31 34.2 38.3 40.6 41.9 43.2 43.6 40.1
89.6 89.5 91.8 93.1 94 94.8 96.2 99 101.8 104.2 109.6 114.3 123.3 131.4 138.2 137.5 134.2 133.4 134.5 136.3 136.8 131.5 126.2 120.9 116.4 107.5 95.2 83.7 68 49.4 46.3 40.4 37.9 37.3 37.3 39.5 46.7 42.8 34.1 22.2 10.9 1.4 -0.1 -1.7 -1.7 -1.7 -1.7 -1.7 -1.7 -1.7 -1.7 -1.7 -1.7 -1.7 -1.7 -1.7 -1.7 -1.7 -1.7 -1.7 -1.7 -1.7 -1.7 -1.7 -1.7 -1.7 -1.7 6.5 14.9 11.2 16.1 33.5 34.9 33.5 38.1 41.8 44.4 45.9 47.2 46.9 44.6
89.5 90.8 91.9 93.3 94 94.5 94.5 95.4 97.3 98.8 99.9 104.5 111.9 119 125.9 127.2 126.2 125.2 125.8 126.9 128.6 124.9 121.1 115.2 108.1 98.6 85.7 74.7 55.5 46.3 41 38.1 37.8 37.4 39.2 46.3 48 39.6 28 17.4 10.6 1.6 0.3 -0.6 -1.7 -1.7 -1.7 -1.7 -1.7 -1.7 -1.7 -1.7 -1.7 -1.7 -1.7 -1.7 -1.7 -1.7 -1.7 -1.7 -1.7 -1.7 -1.7 -1.7 -1.7 -1.7 -1.7 15.1 13.6 11.9 18.3 39.3 33.5 35.4 41.6 45.3 47.5 49.4 50.1 49.6 47.9
88.4 91 92.7 93.9 93.8 93.9 94 93.9 93.5 94.5 95.6 98.5 101.1 110 113 115.4 117 116 117.2 117.6 117.1 116.2 113 102.7 94.7 86.8 76.3 64.8 51.2 43.1 41.9 38.9 38.1 40.8 46.2 49.3 44.8 34.3 24.1 14.8 9 1.5 0.4 -0.6 -1.7 -1.7 -1.7 -1.7 -1.7 -1.7 -1.7 -1.7 -1.7 -1.7 -1.7 -1.7 -1.7 -1.7 -1.7 -1.7 -1.7 -1.7 -1.7 -1.7 -1.7 -1.7 -1.7 15.9 13.2 12.3 17.2 35.7 33.2 38.9 45.3 48.1 50.9 52.8 53 52.3 50.6
86.7 90 92.1 95.1 94.3 93.6 93.6 92.3 91.4 90.4 91.6 91.7 92.5 92.2 98.5 100.8 102.6 108.5 109.9 111 108.4 104.4 99.7 89 83.4 77.1 69.7 58.8 47.6 45.7 45.5 46.5 47.5 47.8 49.9 45.9 38.7 28.8 19.4 11.6 1.7 1.4 0.3 -0.7 -1.7 -1.7 -1.7 -1.7 -1.7 -1.7 -1.7 -1.7 -1.7 -1.7 -1.7 -1.7 -1.7 -1.7 -1.7 -1.7 -1.7 -1.7 -1.7 -1.7 -1.7 -1.7 4.5 12.4 13.8 12.4 18.2 33.9 34 41.1 47.5 51 54 55.5 55.5 54.7 52.8
84.7 88.8 93.3 96.2 95.2 93.3 92 90.8 89.3 88.3 88 86.2 84.3 84.6 85.1 85.8 87.8 96.8 100.7 101.7 96.5 88.5 84.9 82.4 78.5 70 62.8 53 50.4 51.4 51.6 54 53.8 52.1 46.3 39.9 32.1 22.8 15 1.8 0.1 0.3 0.2 -0.8 -1.7 -1.7 -1.7 -1.7 -1.7 -1.7 -1.7 -1.7 -1.7 -1.7 -1.7 -1.7 -1.7 -1.7 -1.7 -1.2 -1 -1.1 -1.2 -1.2 -1.3 -1.7 2.3 10.8 13.3 13 22.7 32.3 36.2 43.7 49.3 53.5 56.5 57.5 57.5 56.5 54.9
83.9 89.7 92.5 93.5 92.5 91.6 90.8 89.8 88.2 85.9 83.9 81.7 77.9 78.8 77.7 78.7 78.9 82.5 88.1 89.3 88.5 83.8 80.9 78.7 75.5 65 56.5 53.1 56.4 55.7 56.6 58.7 56.8 48.1 41.1 33.4 24.6 16.1 -1.7 -1.7 -1.7 -1.7 -0.9 -1 -1.7 -1.7 -1.7 -1.7 -1.7 -1.7 -1.7 -1.7 -1.7 -1.7 -1.7 -1.7 -1.7 -1.7 -1.1 -0.8 -0.4 -0.3 -0.3 -0.4 -0.5 -0.6 1.3 7 12.2 14.5 32.9 31.7 41.8 46.7 51.3 55.3 57.7 58.9 58.2 56.9 55.5
84.5 87.3 89.2 90.3 88.9 88.8 88.6 87.4 85.2 83.2 80.8 78.1 75.8 70.5 70.8 70.6 70.1 69.1 71.8 77.5 80.5 78.3 75.2 73.8 71.1 62.4 56.6 58.4 57.7 57.1 59.2 56.6 51 41.2 31.9 22 9.8 -1.7 -1.7 0.5 -1.7 -1.7 -1.7 -1.7 -1.7 -1 -1.7 -1.7 -1.7 -1.7 -1.7 -1.7 -1.7 -1.7 -1.7 -1.7 -1.3 -1.1 -0.8 -0.4 -0.1 0.3 0.5 0.4 0.4 0.4 1.5 9 11.8 21.1 32.5 33.3 41.8 47.9 52.7 56.3 58.8 59.2 57.6 55.2 53.6
77.8 81.2 84.1 85 84.9 85 85.1 84.1 81.6 75.8 73 74 73.1 67 65.1 64.5 62.3 59.9 58.7 61.6 65.5 65 66.3 66.8 63.4 60.1 59 57.9 55.1 54 50.9 44.9 36.5 27.4 15.2 5.9 5.8 -1.7 3.6 10.8 5 22.9 -1.7 14.9 1.8 -0.1 -1.7 -1.7 -1.7 -1.7 -1.7 -1.7 -1.7 -1.7 -1.4 -1.2 -0.9 -0.7 -0.4 -0.1 0.3 0.6 1 1.3 1.2 1.4 2.2 11.3 14.3 26.6 31.8 34.7 40.3 48.1 53 57 58.5 58.1 56 52.4 50.4
