data/230000-950000.asc
ncols 200
nrows 200
xllcorner 230000
yllcorner 950000
cellsize 50
[rows 0 to 35 of 200, columns 0 to 80 of 200]
299.6 313.3 327.1 342.9 360.5 370.4 383 389.3 391 392 393.6 391.8 389 388.4 385.7 381.4 375.9 362.9 343.6 322 307.8 294.5 281.2 270.2 260.5 250.6 244.4 244.5 242.3 238.4 234.6 230.6 225.3 222.1 219.4 217.8 217.8 219.6 222.7 226.3 229.7 233.7 239.3 242.5 246.6 250.5 253.6 254.9 256.6 257 256.8 255.5 253.6 250.5 241.5 229.7 218.3 207.3 195.5 188.6 177.2 166.9 159 150.4 140.9 131.2 124.4 116.3 110 105.9 97.6 87.4 76.9 70.3 65.6 61.8 58.5 56 53.6 52.1 52.3
313.2 327.9 345.9 363.9 379.4 389.6 396.9 399.3 400.1 402.6 401.7 398.2 396.4 393 389.3 385.3 373.4 356.1 334.3 317.9 302.9 291 277.4 266.4 256 249.5 250 249.3 246.7 243.5 240.9 236.8 233 229.7 226.4 224.3 224.8 226 229.7 234 237.6 240.7 244.8 247.6 250.1 252.8 254.5 255.4 256.9 258.6 255.8 254.8 252.7 247.1 238.3 227.9 216.5 204.2 194 186.9 175.3 167.9 159.5 150.1 140.7 131.4 122.5 113.2 106.4 105.4 95.1 78.6 71.9 67.7 64.7 61.5 58.4 55.9 55 54.2 53.4
325.6 343.7 362.5 380.8 395.2 402.2 406.4 407.9 409.3 408.3 407.5 405.9 403.2 398.6 393.6 386.7 373.2 348.9 328.9 312.6 297.9 285.6 274.1 263.9 252.1 254 253.1 251.6 250 248.5 245.9 243.3 239.6 236.1 233.1 231.2 231.8 232.9 237 241.5 243.6 246.5 248.3 249.2 251.6 252.8 254.4 255.6 256.3 258.2 257.7 254.9 251.5 244.6 237.6 225.8 211.3 199.4 190.3 180 171.7 165.2 159.9 150.4 140.8 130.7 120.7 110.8 102.9 94 84.2 75.5 68.6 66.1 63.7 61.1 58.7 57.5 55.9 54.6 53.2
341.1 360.4 379.8 394.4 404.4 409.4 411.6 414.4 414.6 412.4 411.3 411.4 406 399.8 393 383.9 366.3 343.2 325.2 307.5 293.7 282.8 272.3 261.2 260.1 260.2 259.7 257.1 254 253.5 250.9 248.2 244.1 240.7 238.3 237.4 238.2 240.4 244.2 246.3 247.5 249.5 249.8 250.8 252.4 253.2 253.9 254.7 255.3 257 256.8 253.3 248.1 240.6 232.9 218.9 205.1 195.1 188.4 176.8 170.4 166.1 163.5 150.7 139.3 130.3 118.5 108.2 98.4 88.8 78.9 72.2 66.7 64.4 62.1 60.3 59.2 57.6 56.3 55 53.3
356.1 378 393.2 405.1 411.7 414.9 415.5 415.5 415.8 415.8 416.5 413.5 406.5 398.7 389.4 375.6 358.3 337 319.5 301.9 290 279.5 269.5 265.9 267.5 267.7 265.9 262.4 259.5 257.6 255.8 252.9 248.8 245 242.8 242.1 243.3 245 247.4 248.4 250.6 250.8 253.2 252.3 253.2 254.6 253.8 253.2 252.8 253.4 253.1 247.6 241.7 232.1 222.8 209.6 197.1 187.4 180 175.1 168.7 164.3 157 146.6 135.1 127 116.8 106.3 96.2 86.8 78 70.7 65.7 62.7 60.4 59.6 59.1 57.7 55.5 53 50.5
370.5 391 403.3 411.8 415.7 416.4 416.2 416.6 419.5 420.3 418.9 414.1 406.5 396.1 382.5 365.9 349.3 330.8 312.5 295.9 284 274.7 273.2 274.5 274.5 273.1 272.4 268.4 265.8 263.5 264.2 260.6 255.2 251.3 249 248 248.8 250.2 249.5 250.7 252.5 253.6 258 258.1 259.8 263.3 256.6 253.4 250.6 249.6 246.7 244.3 236.3 225.2 213.2 202.1 193.1 185.4 178.4 170.8 164 157 148.2 141 131 121.9 112.7 103.6 93.5 84.3 75.3 69.9 65.3 62.5 60.2 58.8 57.2 54.9 52.5 49.9 48.2
380.4 400.6 411.6 415.7 416.7 417.2 417.3 417.7 418.4 419.4 416.6 411.4 402 389 373.3 355.2 339.5 321.9 303.9 289.8 280.7 278.5 280 279.5 279 278.4 277.8 275.3 273.6 273.9 275.3 272.1 269 264.9 260.7 259 258.3 256.2 255.9 255.7 258.2 262 265.2 263.7 262.6 262.2 259.6 256.5 251.9 246.6 243.2 238.1 230.1 219.7 209.6 200.7 191 182.7 175 166.5 158.7 150.7 141.2 132.4 126.3 118.1 108.8 99.1 88.7 78.8 71.4 67.3 64.7 61.9 60.2 58.3 56 54 51 47.9 46.8
389.8 408.6 414.1 416.2 418 419.1 420.8 423.6 421.4 420.5 414.9 406.6 395.1 380.6 362.3 346.2 330.5 313.4 297.8 288.4 285.7 286.1 287.3 285.4 286 284 283.7 282.3 283.1 284.2 284.3 283.7 282.7 283.9 280.1 277.1 274.7 273.1 269.7 268 271 272.2 271.5 268.4 264.7 263.3 263 258.6 252.6 245.8 238.7 233.2 226.6 218.9 209.4 200.3 190 180.1 170.2 161.3 152.5 144.2 135.7 126.3 119.8 113.6 104.2 93.2 82 75.4 69 66.1 63.2 60.8 58.4 56 53.5 51.2 49.3 46.7 44.8
392.9 407.8 413.3 416.8 420.6 424.9 428.4 429.5 425.7 420.1 412.4 401.3 387.7 372.1 354.3 337.8 321.3 305.7 296.4 294.6 295.3 295 295.8 294 291.9 289.4 290.7 291.8 292.3 292.2 291.8 292.2 295.8 298.5 302.7 303.3 296.6 288.8 281.3 279.9 280.2 279.6 277 272.7 267.9 261.5 260.3 256.2 249.9 239.3 233.8 230.5 227.4 219.5 209.7 198.5 188.1 177.6 165.6 156.2 146.9 139.8 131.3 120.6 113.4 107.3 97.9 84.5 76.1 69.7 66 64.1 61.9 58.9 55.7 53.7 51 48 46.7 43.3 40
393.6 408 413.7 419 427.4 434.2 437 435.3 429.9 421.6 409.8 397.1 383.2 366.3 348.4 330.5 314.6 304.6 302.7 301.7 302 304.5 305.9 304.2 301.9 299 298.9 300.5 301 301 301.4 303 306 313.3 317.1 313.1 307.5 295.7 293.4 289.2 286.4 283.4 276 271.3 266.7 258.7 251.6 248.2 241.7 234.2 230.8 227.5 223.9 218.2 207.6 197.8 181.8 172.1 161.9 151.4 142.3 133.4 124.6 116.3 108.1 98.4 87.6 76.6 72.6 67.3 63.3 61.6 59.6 56.5 53.5 50.8 48.4 46 42.9 40 39.9
388.6 406.3 415 423.4 436.5 444 446 441.4 432.2 419.8 407.3 394.1 379.8 363.4 344.3 326.6 315.1 312.3 310 308.1 308.3 310.6 311.5 312 310.6 310.7 310.3 311 311.9 312 313.9 317.6 326.9 326.3 320.8 311.7 304.3 301.3 297.1 293.2 289.1 283.2 276.1 269.1 263.1 254.2 245.3 237.4 231.4 231.7 226.7 222 217.9 214.2 203.6 188.7 175.8 166 156.2 145.5 135.6 126.6 117.5 111.1 101 90.4 80.4 72.3 68.3 64.5 60.8 59.4 56.5 53.2 50.9 48.5 46.5 44.2 41.3 40 40
386.9 404.8 415.2 431.4 447.9 454.7 452.5 443.2 431.6 418.8 406.2 394.5 380.3 362.9 341.4 328.7 324 321.3 319.7 317 315.4 316.8 318.5 322.6 327.1 326.4 324.4 324.9 329.1 332 336.9 337.7 338 331 319.8 309.8 302.6 298.9 293.9 289.7 282.8 277.9 273.2 265 256.5 248.5 241 233.2 224 223.8 221.3 215.6 209.6 204.1 195 181.1 170.8 158.4 147.6 137.4 129.3 120.5 110.6 101.1 91.1 84.4 76.9 69.6 64.5 60.8 57.9 56.3 53.2 50.7 48.1 46.3 45 43.2 40 40 40
386.7 402.4 420.4 440.2 456.1 460.2 453.8 443 431.4 419.4 408.6 398 382.8 360 344.5 340.1 336.1 332.9 332.4 333.7 335.2 331 332 340.6 349.8 351 349.6 349 353.9 355.1 355.3 350.3 338.5 326.8 315.9 305.3 299.3 291.4 287.2 282 274.7 271.7 265.4 257.4 250.2 243.9 237.4 229.1 218.6 215 214.6 208 201 195 186 174.8 165.3 150.2 141.4 132.2 122.3 114 103.2 92.1 84.7 78.4 72.2 66.2 61.4 57.6 55 53 50.5 47.9 46.6 45.5 44.4 43.2 40.1 40.3 42.8
385.3 402.7 422.4 443.8 454.4 456 451.6 443 432.4 422.3 412.3 401.1 382.1 362.3 358.7 356.2 350.5 351.5 350.7 353.1 353.6 350.8 354.9 364.9 372.9 374.6 373.8 374.5 376.5 378.2 368 346.6 329.1 316.2 306.2 293.7 284.8 277.2 274.5 269 263.9 262.5 256.2 250.1 245.1 236.9 231.2 223.7 212.6 207.4 204.4 198.4 191.8 184.2 174 162.5 152 141.8 133.1 125.2 115.8 105.5 94.6 86.4 78.9 72.9 68 63.3 58.6 54.6 51.1 49.9 48.1 47.2 46.2 44.9 44 43.1 41.2 42.7 44.5
385.3 403.8 425.3 445.8 452.8 452.8 449.7 444.1 435.4 425.8 416.1 402.8 383.2 377.9 376.5 374.4 372.1 372.2 373.6 374.6 373.8 376.2 382.1 392 396.7 399.8 399.2 396.5 395.3 379.6 355.1 334.6 316.3 306.5 293.7 282.4 270.5 265.8 262.6 256.8 254.4 252.9 249 244.5 239.1 231.1 223 214.4 206 198.5 194.3 188.9 181.7 172.4 162 151.9 142.2 133.9 125.3 117.4 107.8 96.5 87.1 79.4 72.7 67.5 63.1 59.2 55 50.6 48.6 48 47.5 46.7 45.7 44.6 44.2 43.3 42.4 44 44
383.3 406.7 433.1 448.6 451.6 451.4 451.3 445.4 438.4 428.9 418.5 402.3 396.3 395.7 395.8 394.7 395.1 396.3 398.1 399.9 402.1 405.2 409.9 415.9 419.7 423.1 421.9 411.8 391.5 368.6 345.7 326 309.3 298.9 289.1 280.6 272.1 263.8 251.8 248.1 245.4 244.8 243.6 239.3 233.9 226.7 215.9 207.7 199.7 192.7 185.2 179.2 171.5 163.1 153 143.1 133.9 125 117.4 109.8 99.4 87.8 78.6 72.2 66.5 62.2 57.6 53.7 50.2 48.4 47.4 46.8 46.3 45.7 45.2 44.6 44.1 43.7 43.6 43.5 43.4
384.2 412.9 437.9 448.5 450.2 449.9 450.6 446.4 439.9 433.6 426.2 420.3 417.1 418.5 419.5 420.4 421.6 423.5 426.1 428.1 431.7 434.1 436.8 442.1 445 442.3 431.7 415.8 384.3 362.1 341.5 322.3 306.4 297.6 290.3 286.3 281 267.2 251.6 240.3 238.6 236.5 235.2 231.5 228.9 220.7 209.6 201.6 195.2 185.5 175.5 169.7 162.7 153.4 144.1 134.9 125.6 116.7 108.1 99.5 88 78.9 71.3 64.8 60.2 55.9 51.5 49.2 48.6 47.7 46.5 45.6 45.1 44.6 45.2 45.3 44.8 44.7 45 44.8 44.5
385.4 416 437.2 444.1 446.7 448.6 450.8 448.2 444.4 439.9 435.6 435.2 435.4 436.6 438.3 440.2 444 448.2 450.8 453.6 459.2 463 464.8 464.7 459.3 448.6 432.3 409.6 379.2 357.7 338.6 321.8 308.9 299.6 292.3 289.2 282.1 261.2 244.1 235.9 231.4 229.2 226.5 223.2 221 213.4 203.6 195.8 188.2 177.7 167.8 160.5 154.3 145.3 136.6 126.8 117.4 108.3 98.1 88.2 78.9 70.8 64.1 58.7 54.9 50.4 48.4 47.8 46.9 46.1 45.2 44.3 44 44.4 46.1 46.5 45.6 45.6 45.9 44.4 42.9
381.6 411.8 430.5 438.3 444.8 448.4 452 449.5 447.6 446.8 446.7 448.8 449.9 452.8 455.3 458 463.8 468.6 474.3 480.3 482.6 479.6 478.6 473.9 464.1 449.5 428.8 402.4 377.3 358.6 342.1 328.8 318.3 309.8 285.6 278.7 262.1 250.5 239.7 231.3 224.1 222.3 218.1 214.7 211.1 206 196.4 186.7 178.6 169.5 159.7 150.2 144.5 137.1 128.2 119.4 109.7 99.5 89.9 79.8 71.9 65.5 59.1 53 49.4 47.9 47.3 46.2 45.2 44.4 43.6 43.2 45.2 45.7 47 47.8 46.4 46.4 43.8 39.2 36.8
378.1 403.4 422.5 435.7 441 444.3 447.8 448.8 450.2 453.6 457.3 459.2 460.4 463.7 468.3 473.1 480.9 489.8 495.5 495.8 491.5 486.6 484 476.5 464.4 447.3 427.3 402.3 382.9 368.3 353.8 337.7 326.1 313.5 281.8 261.9 255.6 247.6 235.7 226.2 220.6 218.5 214.9 208.3 203.6 197.2 187.6 179.6 170.8 162.8 151.8 141 135 128.4 119.1 110.5 101.8 91 81 71.5 65.5 59.3 52.7 48 46.6 46.2 46 45.4 43.6 42.9 43.5 44.9 46.6 47.8 48.5 49.1 47.7 44.8 40.6 34.1 26.8
374.9 391.7 419 435.3 435.5 439.6 444.2 448.5 452.3 457.9 461.5 464 466.1 471.8 478.7 488.3 501 506.5 505.6 502.1 496.8 490.3 483.6 475.1 461.6 448.3 431.5 416.8 399.9 383.4 364.6 341.2 329.1 307.5 272.9 257.4 247.9 238 227.1 222.7 216.9 211.5 208.3 202.7 195.7 189.1 181 172.2 164.8 155.2 143 131.5 125.3 119.7 109 100.7 92 80.4 72.1 64.2 58.2 52 47.7 45.7 45.5 46 45.5 45.4 44.6 42.9 42 43.7 45.9 46.6 47.5 47.7 44.5 40.7 32.5 23.3 21.4
367 392.2 411 424.2 428.5 433.7 439.7 448.5 453.2 459.1 462.9 467.8 471.5 480.4 490.7 504.2 511.9 512.7 510.7 505.8 499.2 489.7 480.8 472.1 461.9 451.7 439.4 427.8 411.1 392.8 367.6 340.5 316.7 291.7 274.1 254.2 239.4 227.2 218.7 213 208.2 204 201.2 196.5 190.4 181.5 172.4 165.3 158.2 145.3 133.7 123.2 116.9 110.7 100.3 90.6 80.8 71.8 62.4 56.9 52.5 48.5 44.4 44.6 45 45.7 46 46.1 46.2 45 42 43.7 44.4 45.2 45.6 43.3 36.8 28.6 22.5 18.5 19.3
366.9 391.9 403.4 412.5 420.4 426.9 434.1 441.9 451 457.8 463.2 468.7 477.8 489.8 503 513.8 517.5 517.2 514.3 508.8 500.3 489.7 478.4 470.3 460.6 453.7 445.1 433 416.4 395.8 366.1 336.4 310.5 295.6 278.4 251.2 235.9 224.7 214.5 206 201 197.6 195.3 188 182.1 174.1 166.4 157.6 148.1 137.8 124.1 113.9 108.8 100 90.8 79.4 70.7 62.7 56.1 50.7 47.4 43.7 42.6 42.7 43.3 45.4 46.4 46.4 46.6 45.3 40.2 41.7 42.2 42.4 40.1 31.4 20.2 18.6 19.7 19.3 18.5
368 385.1 397.6 404.8 416.2 421 425.8 436.4 446.7 454 461.9 471.2 481.5 497 511 518.4 521 519.9 516.1 510.2 498 486.7 478.1 469.9 463.2 457.1 446.8 433.7 418.3 392.3 361.5 331 306.9 292.7 271.7 249.3 231 218.9 209.5 200.3 194.7 191.7 187.5 179.8 172.2 166.3 158.3 149.5 139.8 128.8 116.4 107.8 101.1 91.9 80.6 72.4 64.3 55.8 50.5 46 43.4 40.3 41.5 40.5 43.2 45.4 46.9 46.9 46.5 44.1 39.2 37.5 37.5 33.3 25.5 18.6 20.1 20 19.3 18.9 19.4
368 377.7 391.9 398.2 407.9 412.7 420.1 428.7 439.2 449 459.6 471.8 485.5 503.1 514.5 520.5 522.5 519.6 514.4 508.3 496.4 486.9 478.5 472.1 466.3 459.1 447.6 433.1 414.5 390.6 357.2 328.3 303.7 287.7 264.4 250.6 223 213.1 203 193.4 188.7 184.1 179.3 174.5 167 157.8 149.8 141.2 129.7 120.3 110.1 102.7 96 85.7 72.7 65.7 59.3 52.1 46.6 43.4 40.1 37.2 34.3 39.8 45.7 45.4 46.7 45.4 43.5 40.8 34.3 28.8 27.3 22.7 19.1 19.2 19.2 20.5 20.1 19.6 20.8
363.9 370.4 381.3 390.7 398.6 405.5 410.6 420.5 432.8 442 453.3 467.5 487.8 506.8 515.7 520.4 520.1 516.8 511.7 506.4 497.1 488.2 480.6 475.5 469 459.8 446.4 431.9 412.3 389.6 353 322 298.1 281.4 258.3 240.7 215.6 205 195.2 186.7 182.1 178.5 173.7 168.7 161 152.7 141.2 132.6 123.8 113.1 103.3 95.1 87.3 78.7 69.2 61.8 55 49.5 45.8 42.6 40 37.8 34.4 33.5 44.7 44.1 43.9 41.9 35.9 29.9 28.3 23.4 20.4 19.9 19.8 20.1 18.8 21.1 20.5 20.9 21.1
355.9 364.4 369.6 376.8 385.7 395.8 402.7 409.3 423.8 433.9 445.7 461.6 483.8 503.6 513.2 517.7 517.9 514.1 509.5 504.1 497.7 488.2 483.8 477.9 470.8 458.8 445.2 428.8 408.5 384.2 347.9 314.9 292.8 274 250.9 233.9 210.6 200.3 192.8 185.1 179 173.5 168.7 161.3 153.9 145.9 136 124.8 116.1 107.4 97.4 90.4 80 71.7 63.5 58.1 52.5 48.3 44.8 42.2 39.5 40.2 37.8 41.1 43.1 40.1 35.8 32.6 27.5 25.7 24.3 22.2 20.9 20.5 20.3 19.5 18.9 21.7 21.6 22.2 23
345.2 353.9 359.8 366.7 374.6 383.8 392.7 401.1 412.4 425.5 439.2 454.8 475.5 495.1 508.5 514.5 514.9 512.1 507.6 502.5 496.5 490.4 486 478.6 468.5 456.8 443.2 425.1 403.2 377.8 342.1 309.5 288.9 265.5 245.7 227.6 207.5 197.6 189.2 181.6 173.8 168.7 162.2 154.5 149 141.4 132.4 121.2 109.2 98.5 92 82.6 73.3 66.7 59.9 54.9 51.1 47.6 44.4 42.2 41.9 42.9 44 36.7 40.9 32.7 29.4 27.6 25.6 25 24 22.8 21.5 21.1 20.7 20 21.3 20.8 20.9 21.9 23.5
331.7 342.3 349.4 355.7 362.4 370.2 380.1 392.8 402.4 415.5 430.9 446.4 467.1 488.4 503.8 510.4 511.8 509.8 505.7 500.9 495.9 491.4 486.9 478.3 466.5 453.6 440.9 421.1 397 371.6 336 303.7 283.2 260.1 240.2 222.3 209 191.3 180.2 172.5 166.8 162.1 157.2 150.9 141.9 135.4 126.7 115.1 106.6 94.5 84 78.5 72 65.3 57.9 52.3 49.5 47.2 44 43.3 47 46.2 43.2 31.7 32.6 28.5 27.3 26 24.5 24.2 23.2 22.1 21.3 21.4 19.1 22.1 22.6 23 22.3 21.1 23.5
324.6 329.5 336.2 344.4 350.3 359.2 369.5 381.8 393.9 407.7 422.6 436.9 454.7 479.5 498.4 508.6 509.5 506.8 503.5 499.2 494.4 490.6 485 475.8 462 450.7 436.9 416.5 389.8 364.2 329.1 296.7 276.6 253.4 234.3 215.7 207.2 184.9 172.9 166.2 161.6 156.7 150.4 145.1 137.7 127.6 119.8 108.7 98.8 89.9 81.9 71 68.3 60.8 55.8 50.4 47.5 46 44.3 48.3 49.4 48.3 39.4 33 27.1 26.2 25.3 24.3 23.5 23.1 22.1 21.8 20.4 20.4 20.3 21.3 23.3 25.2 23.9 21.1 23.5
310.4 317.1 323.9 332 339.9 349.8 359.7 373.4 386 400.5 411 426.3 444.2 466.1 490.6 506.2 506 503.8 500.8 497 493 488.9 482.4 468.8 455.9 445.6 433.2 411.8 383.2 353.3 318.8 289.2 262 244.5 224.1 208 191.9 177.1 168 162.4 156.7 149.9 143.2 137.8 132.5 122.9 110.2 101 93.6 85.8 76.3 68.2 62.6 58.4 53.6 50.5 47.6 47.5 49.4 48.9 48.1 38.4 32.2 28 26.7 24.6 24.3 23.4 22.8 22.5 22.6 21.9 21.4 20.7 20.2 19.6 23.5 25.4 24.9 23.6 21
295.2 308.8 316.5 322.4 331.4 340.9 350.2 363.3 376 390.4 401.3 414.8 433.1 452.4 474.6 498.7 500.8 499.5 496.7 494.3 491 483.8 475.7 461.4 449.6 440.1 427.7 407.3 377 340.2 306.3 279.9 257 234.5 215.6 194.1 179.5 169.5 162.9 157.5 151.5 145.1 137.5 131.1 125.9 116.2 105.2 95 88.9 80.8 71.7 64.3 59.4 55.8 52.9 50 48.6 49.9 51.4 48.5 36.7 30.7 27.5 25.7 25.3 24.4 24.4 24 24.2 24.1 23.8 23.1 22.2 21.3 19.6 20.5 22.7 25.5 25.4 23.5 20.9
287.1 297.4 306.1 314.2 322 333.2 342.7 354.1 364.7 377.8 392.5 404.2 420.2 440.3 460.9 485.2 493.3 493.3 491.5 490.6 486.7 478.8 469.9 456.7 446.8 436.8 423.6 403 368.3 330.3 297.3 271 249.2 223.2 206.1 188.8 174.6 163.8 158.6 153.1 147.2 140.3 132.8 124.9 119.6 109.5 100.5 90.8 81.1 72.9 67.3 61.1 57.5 54.1 51.9 50.4 51 52.1 51.2 40.2 31.1 28.2 27.6 28 28.4 26.4 25.5 24.9 24.9 23.9 24 23.9 22.9 21.8 19.7 20.7 23.4 25.8 25.3 23 21.5
273.8 285.8 296.3 305.1 312.1 324.7 333.9 343.5 355.8 369.1 384.2 396.2 407.3 426.6 449.5 475.3 484.4 485.4 486.4 486.9 483.7 476.8 466 453.2 443 434 418.8 399.2 361.5 325 291.3 265.8 245.6 222.1 203.6 183.9 171.1 160.9 153.9 148.2 142.4 135.5 128.3 121.8 112.2 104.3 95.4 85.2 78.8 69.9 62.8 59.1 56.7 53.2 52.6 52.2 51.9 51.3 44.3 32.2 32 30.8 29.6 32.7 30 27.8 26.7 26 25.6 24.2 23.7 23.3 22.4 21.5 20.1 20.2 23.9 25.7 25.3 23.3 22.3
255.8 272.2 285.2 295.2 305.6 317.3 325.2 332.6 344.8 359.3 375.7 390.2 398.5 414.7 436.5 458.2 473.6 478 482.2 482.9 479.7 472.9 460.7 450.2 439.9 429.2 416 398.3 359.4 320.7 286.9 262.9 242 220.5 200.3 179.6 168.9 157.6 150 143.7 137.3 130 123 115.8 107.4 98.8 87.3 77.5 73.7 65.8 61.5 58.5 55.9 54.5 56.1 55 51.8 47 37.8 38.3 37.3 35.1 36.4 37 30 29.9 27.7 26.3 26.5 24.9 23.3 22.8 21.7 20.5 23.1 20.8 22.7 25.2 25.4 24.1 23.6
244 259.6 272.1 285.6 297.3 308.9 318 327.6 338.8 348.8 365.7 381.3 388.5 401.9 419.5 438.2 458.4 470 477.4 477.3 473 464.9 454.9 446 436.7 424.9 412.2 395 357.1 318.7 284.9 257.2 233.9 216.8 195.1 175.9 165.8 153.3 146.1 139.3 131.8 123.8 116.2 109.5 103.3 94.7 86 77.5 68.7 64.2 60.8 59.3 58.3 57.2 57.6 56.1 49.5 42.8 44.2 44 42 39.9 39.8 33.9 32.1 30.9 28.1 28 20.9 21.7 21.9 20.4 20.1 23.5 23.3 21.2 24.2 25.3 25 24.6 24.6
