data/230000-940000.asc
ncols 200
nrows 200
xllcorner 230000
yllcorner 940000
cellsize 50
[rows 140 to 174 of 200, columns 78 to 155 of 200]
471.5 473.1 473.7 471.3 463.5 458.1 448.3 437 424.9 417.1 407.7 389.8 376.1 362.3 351.1 340.1 331.5 321.7 319.1 324.6 328.2 327.7 326 322.8 318.6 315 317.4 322.4 336.9 369.6 413.6 446.4 494 532.1 558.5 570.5 571.8 568.2 557.2 543.5 528.7 511.6 493 470.8 460.6 462.8 463.8 461.7 457.3 449.1 446.6 449.5 454.6 466.4 480.1 510.8 528.1 545.3 561.9 587.1 611.9 642.3 670 693 708.4 720.3 727.6 729.5 727.6 724.8 722.9 718.5 713.6 709.6 706.4 700.8 694.8 686.6
452.9 453.7 454.4 452.4 451.4 445.3 437.9 427.8 418.2 412.5 402.8 384.5 368.3 354.1 341.5 330.4 322.1 311.8 304.4 312.4 318.2 320.3 318.1 313.9 308.7 305.4 314.8 323.6 343.8 376.7 419.3 458.3 510.6 549.2 562.4 569.6 567.8 563.3 550.4 535.4 521.4 509.7 490.9 466 462.4 463.3 461.9 458.9 451.4 447 448.2 447.9 447.1 451.8 471.4 507.9 519.6 536.2 552 580 606.6 636.3 666.5 690.4 707.8 720.5 727.8 730.6 731.4 729.1 727.7 723.5 717.8 712.6 709.9 705.3 698.2 690.2
423.9 428.6 432.5 432.7 433.1 434.2 427.7 418.9 412 411 396 375.8 358.2 343.7 332.5 323.2 314.4 307.5 295.1 297.1 303.8 308.3 306.9 302.4 297.1 300 310.9 329.4 352.3 383.5 423.8 466.8 514 549.4 561.7 568.4 564.7 556.9 546.6 530.9 516.1 502.1 485.9 469.6 461.4 459.6 456.3 452.3 446.6 441.6 444.9 443.4 439.7 437.6 464.6 498.6 515.3 529.9 545 574.4 606.7 635.2 663.4 689 707.5 719.3 725.6 728.9 730.2 729.2 726.7 722.7 718.2 713.6 709.1 703.6 696.4 688.4
386.6 392.1 393.3 412.3 422.3 424.8 422.6 411.7 406.4 394.2 380.2 362.1 345.1 331.7 322.2 313.8 306.6 301.2 286.8 290.6 294.6 295.1 294.3 289.4 283.9 290.4 309 335.9 360.2 391.2 426.4 473.9 509.6 541.8 560.5 562.1 560.1 550.7 540.9 524.6 508.9 494.1 478.7 464.7 456.6 453.3 449.8 446.7 441.8 438.5 439.7 437.6 436.8 435.7 461.2 489.4 508.6 523 541.2 575 606.8 637.1 662.9 686.8 703.5 714.3 720 721.7 722.5 722.3 720.4 717.1 713.4 709.3 704 697.7 689.9 682.3
358.4 353.1 354.6 373.4 396.8 403.2 405 398.1 389.3 377 363.9 347.3 333 318.5 309.9 302.6 297.1 292.7 287.9 281.9 284.7 284 278.7 274.9 272.9 286.7 314.9 337.5 364.3 389.5 420.8 471.5 509.4 537 552.9 554.1 550.2 541.6 533.2 514.1 499.9 485 467.3 455.8 449.7 445.7 442.9 440.6 437.5 426.8 432.3 428.7 430.9 433.2 464.5 483.5 502.2 521.6 543.6 579.8 606.4 638.6 665.2 684.4 697.4 707.5 711 711.6 712.2 710.8 709.1 706.5 703.5 700.1 694.7 688.3 681.1 673.5
337.5 334.1 333.5 336.2 346.7 357.9 367.2 379.5 374 362.2 346.8 331.1 316.5 303.2 296.3 289.9 285.3 282.1 277.6 274 274.5 273.2 268.7 264.8 265.2 283.4 310.9 331.7 355.8 371.3 403 456.4 491.9 516.8 531.7 535.7 532.4 526.4 518.8 503.8 488.9 472.1 455.5 444.9 440.2 437.2 434.2 431.8 429.4 419.7 420.9 417.8 423.6 427.2 459.5 481.6 503.8 524.1 555.4 582.2 612 644.1 667.1 679.6 691.3 698.5 699.8 699.5 698.4 696.3 695.1 693.6 690.7 687.2 682.5 676 669.4 664.1
320.8 323.8 320.7 318.6 319.1 321.6 327.7 341.2 340.2 329.7 319.9 307 296 289.6 282.7 277.5 273.8 271.7 268.5 264.8 264.4 262.7 260.1 257 267.5 289.2 305.4 316.7 327.4 343 362.3 409.9 448.2 481.5 503.7 509.5 506.6 502.1 496.7 487.2 474.1 457.7 443.3 434.5 431.1 428.4 425 422.6 420.6 416.1 411.9 408.3 419.6 428.8 457.8 476.8 505.3 534.2 565 591.5 620.4 648.8 664.8 675.6 684 688 687.4 686.2 683.9 680.7 679.6 678.4 676.1 673 668.5 663.5 658.6 654.4
308.8 310.2 306.6 299.4 295.2 296.3 298.4 301.6 298.6 294.6 289.3 286.4 280.4 277.6 270.9 267.9 264.3 262.3 257 253.7 251.4 252 252.3 266.1 276.2 286 290.9 294.4 298.8 315.5 339.3 368.6 405.9 426 460.8 468.1 476.7 477.2 471.3 467.1 459 442.3 429.7 423.8 421.4 418.5 415.5 414.2 412.5 406.1 402.8 405.6 421.4 438.5 458.1 482.7 511.4 538.3 571.5 601.2 628.6 649.2 662.1 669.8 676.1 678.1 675.2 672.2 668 666.5 665.4 663.8 661.9 658.2 654.2 650.7 647.6 643.8
302.2 296.3 291.9 289.2 287.6 287.7 283.6 281.6 280.7 279.2 276.9 272.1 266 264.4 261.5 257.3 253.4 252.1 246.3 240.6 242.7 248.2 255.1 265.1 271 273.9 278.8 276.7 279.8 299.5 322 360.2 377.8 391.9 404.7 435.2 442 443.2 442.8 444 437.7 426.8 417.8 412.3 410.5 408.1 405 404 403.1 397.4 395.2 402.4 426.8 447.9 471.4 496.4 519.6 542.9 575.5 607.5 632.4 650.2 660.4 664.5 667.6 666.6 662.6 657 653.8 652.4 650.6 648.6 646.1 643.1 640.5 638 634.9 632.5
294.1 289.1 284.5 279.5 276.4 276.7 275.4 273.3 271.3 266.9 264.6 260.3 256 255.1 251 244.9 242.7 242.3 236.8 236.6 246 250 253.1 257.3 260 264.4 270.4 266.7 268.4 286.9 305.3 334.5 347.7 360.1 371.2 378.9 399.2 408.5 412.8 414 416.5 412.9 404.6 400.5 398.9 397.1 395.5 394.6 394.5 390.5 389 398.6 425.5 446.8 473.1 500.9 525.3 549 582.9 611.1 635.9 650.2 657.8 660.1 658.9 654.1 648.2 640.6 637.6 636.5 635 633.6 631.7 629.5 627.3 625 622.7 621
279.5 277.1 274.1 270.1 267.1 263.1 262.7 262.5 259.9 255.4 252.2 249.7 247.7 241.8 242.1 236.2 234.2 232.6 231.2 241.3 243.4 246.7 245.3 246.3 250.5 257.8 257.7 257.5 257.3 270.9 289 308.2 320.8 341.7 350.4 358.8 375.9 375 372.4 372.2 386.5 389.9 388.8 386.2 385.7 384.5 384.9 384.6 384.9 380.9 385.2 398.4 417.9 442.2 470.5 500.5 521.2 553.8 587 612.9 638.2 650.8 654.8 653.8 650.5 639.9 632.7 626.2 622.5 621.5 620.6 619.4 616.6 615.9 613.8 612.5 611.5 610
265.9 261.7 259.3 258.8 256.9 255.2 253.1 252.6 248.2 244.1 240.8 241.7 239.5 235 234 230.3 229 229.3 235.1 238.5 240.2 240.8 239.8 240.9 242.6 247.3 249.2 249.9 253.9 265.3 278.9 291.7 316.3 330.5 339.1 338.1 339.4 343.9 347.3 345.7 346.1 349 367.3 368.6 368.7 370.5 372.5 373 372.5 374.2 378 389.4 405.3 431.4 468.1 497.1 517.3 557.5 584.2 610.8 632.6 646.8 653.8 649.9 643 632.4 621.2 614.8 610.1 608.5 607.5 604.5 602.8 601.6 600.7 601.1 600.9 599.5
251.6 250.2 248.9 248.5 248 246.9 244.6 241.7 237 235.8 234.8 231.6 231.4 229.1 229 226.8 225.7 226.7 232.8 236.7 238.2 239.2 239.9 239.7 238 240.1 245.2 246.7 248.6 257.3 269 279.6 296.1 318.5 323.7 323.1 323.9 325.6 327.3 330.5 333.6 337.7 344.7 349.7 352.7 354 359.5 363.4 365 368.4 372.3 380.8 397.8 422.3 459 490.5 511.5 546.4 580.6 607.4 624.4 639.2 649.3 643.6 638.3 630.3 618.6 607.5 600.1 595.6 593.4 590.6 587.9 587.7 588.7 590 590.5 590.1
242 241.7 240.7 239.9 239.2 238.5 235.4 231.8 228.5 229.5 232.3 230.4 229.5 228 228.1 226.6 224 225.7 230 235 236.2 237.5 239 238.7 237.9 237.5 240 245 247.8 252.8 262.3 267.3 275.5 285.1 299.1 304.1 306.5 310.2 315.1 321.2 325.6 330.9 334.1 335.6 337.4 340.4 347 352 354.2 362.7 367.8 373.8 395.1 419.4 450.5 478.8 496.6 526.7 566.7 595.9 612.1 629.6 638.6 636.6 632.6 626.4 615.7 601.9 589.9 583.5 579.8 576.8 574.3 574.2 575.1 578 579.9 580.3
233.6 233.9 233.4 232.9 232.2 231.7 228.6 223.8 220.5 223.3 227.9 229.6 229.1 228.1 227.5 226.9 222.9 222.7 225.8 231.2 233.4 235.6 237.9 240.1 238.5 237 238.6 243.9 248 252.3 260.2 264.7 270.3 276.9 281.9 286.1 291.9 298.9 306.6 312.6 314.3 318.4 321.8 323.2 327.1 330.7 338.4 342.6 346.7 353.4 358 368.1 388.3 411.4 440.7 465.5 480.7 506.5 546.9 560.3 587 606.6 619.4 624.3 623.9 616.6 606.6 594.9 581.5 573.6 568.5 564.1 561.7 559.9 561.8 564.6 567 569.6
228.3 227.6 227 226.8 226.2 225.2 221.8 217.2 212.9 218.3 221.3 223.9 224.9 224.6 224 224 224.7 220.9 222.2 229.1 231.6 234.3 236.5 238.3 236.2 235.8 239.1 242.5 244.9 250.3 259.8 264.9 264.3 268.2 274.1 276.6 281.7 288.3 292.6 299.3 301.2 305.5 309.8 313 317.4 321.8 330.1 332.9 338.7 345.9 351.8 362.2 378 400.3 429.6 448.1 462.6 483.5 504.4 532.7 559.3 583 596.7 606.6 608.3 603.6 594.5 583.6 573 565.1 558.2 552.3 548.1 547.6 549.3 552 555.3 557.2
223.3 222 220.8 219.6 219.9 218.6 215.7 210.7 209 212.5 213.4 212 214.3 216.2 218.6 221.6 222.7 221.1 217.4 225.3 227 230.1 230.5 230.1 228.6 229.7 235.8 239.9 243.8 250.8 257.1 259.5 259.3 259.7 261 266.4 271.8 276.5 282.1 288 292 294.4 301 304.7 310.8 317.9 323.5 327.5 332.6 339.2 346.2 355.1 372.5 394.1 417.1 431.7 440.1 458.1 486.5 507.2 529.1 551.8 570.9 584.1 587.3 583.3 573.9 566 557.7 552.8 546.6 538.6 534.7 535.2 535.7 540.6 543.3 544.4
219.5 217.4 213.4 213.8 214.4 212.4 209.7 208.2 207.4 208.4 210.2 209 209.6 212.9 216.7 219.5 221.9 222.1 216.1 219.9 221.5 226.1 225.4 223.9 224.7 226.8 230.9 233 235.5 241 246.9 248.2 250.2 252 252.5 256.8 263.7 265.8 270.5 274.5 281.4 286.9 292.7 296.7 305.3 313.3 319.2 319.5 329.2 333.4 340.8 352.2 370 392.7 408 423 424.6 438.2 466.7 485.4 507.9 526 543.9 556.9 556 553.8 550.9 546 540.3 536.5 529.7 522.4 519.1 517.9 520.5 525.2 529.9 531.3
211.6 210.5 206.9 208.6 209.2 207.6 206.8 205.9 205.2 207 207.7 207.2 210.4 214.5 217.5 218.8 220.5 219.5 214.2 218.1 219.6 222 222.4 223 224 224.6 226.7 227.2 228.2 230.4 232.4 237.4 240.4 241.8 243.6 252.7 254.9 255.1 257.9 265.4 270.9 280.2 282 290.2 296.3 306.9 314.5 318.6 328.5 334.4 340.6 350.2 366.5 382.8 397.3 410.5 416.7 431.5 447.8 460.7 484.4 504.6 518.4 523.5 524.2 521.9 522.5 520.3 519.1 516.4 509.1 504.1 500.5 499.5 501.6 507.1 512.2 513.1
205.5 204 203.8 205.2 205.2 202.5 203.4 203.9 204.1 205.8 206.2 207.2 210.7 215.1 217.4 217.8 216.2 214.1 214.6 215.1 215.8 218.2 220.8 223.4 222.9 221 223 224.6 225 227.6 228.8 232.2 232.5 234.6 239.1 242.9 244.8 248.2 252.1 258.2 263.5 266.4 275.1 285.9 289.6 298.4 312 320.2 327.3 335.9 341.9 348.7 360.7 374 384.8 400.3 417.2 430.9 438.8 443.8 455.2 468.7 483.2 495.6 500.2 500.5 497.9 496.2 497.4 497.2 488.6 487.8 482.6 477.7 481.3 486.7 491.3 492.5
201.8 200.3 200.9 200.8 200.4 201.5 203.1 202.8 204.2 205.2 206.6 207.6 210.2 213.2 215.3 215.6 212.9 210.8 212.6 213.7 215.4 217.8 219.7 221.2 219.8 221.3 224.5 227.1 230.7 233.4 234 235.1 239.2 245.1 254.1 247.5 248.7 248.9 255.6 257.3 264.1 270.1 280.3 285.9 296.4 302.8 309.7 319 325.7 334.8 341.1 348.3 360 371.4 381.8 396.1 415.8 424.1 424.4 432.8 442.4 442.6 458.8 472.4 479.2 480.4 479.7 479 480.3 476.9 470.5 470.3 466.4 462.3 464.3 467.4 470 471.2
199.5 197 197.7 198.4 198.9 199.6 200.6 200.8 201.5 202.9 204.1 206.2 209 207.1 208.2 208.7 209.7 211.2 213.6 216.5 216.5 217 219 219.7 222.1 225.3 228.7 234.4 240.3 244.5 247.3 250.9 259.1 271.8 273.5 264.7 262.1 263.2 260.7 264.3 273.7 277.2 281.9 286.6 296.8 304.8 311.1 321.3 330.1 338.2 345.8 354.4 362.7 370.8 382.2 395.4 405 408.2 409.3 419.9 435.3 439.3 452.8 459.1 461.9 463.1 464 463.6 463.8 460.6 457.3 455.4 453.7 451.5 450.6 453.3 455 453.9
195.5 197.1 198 197.6 197.8 199.7 201.8 201.6 201.5 202.8 203.4 205.1 207.6 208.1 209.4 213.7 214.1 214.9 216.3 221.9 223.6 224.8 229 232.7 235 240.6 246.7 255.6 261.5 265.8 271.1 276.6 281.6 287 289.7 286.1 283.1 282.8 280 276 283.4 289.3 292.6 297.5 300.1 305.8 313.9 323.2 330.4 339.3 346.3 354.4 365.4 372.5 382.8 397.4 400.9 401.8 404.2 413.1 419.8 426.2 435.6 444 451.1 453.7 453.8 452.8 452.9 449.7 448.2 447 446.9 445.8 441.2 440.9 442.1 442.4
200.5 198.8 199.7 200.7 201.6 203.5 204.9 204.3 204.5 206.7 209.4 211.3 214.3 217.2 219.1 225.8 226.1 225.8 225.8 232.8 238.5 240.9 243.2 247.9 249.6 261 285.8 288.8 289.1 291.9 298.9 301.3 302.7 304.3 304.6 306.5 304.6 305.5 302 298.1 298.9 301.1 302.7 305.6 306.9 312.9 320.1 329.3 336.9 343 349.3 359.5 365.7 373.6 383.4 394.4 397.1 400.1 409.6 421.1 417.9 424.7 434 443.1 449.1 453 453.6 453.1 449.6 445.4 444.1 442.5 442.5 442.9 438 433.3 432.3 431.9
205.4 206 205.8 207.7 206.8 208.4 210.1 211.1 212.7 216.9 220.4 222.3 225.2 226.9 231.2 231.1 233.9 235.6 237 245.7 253.6 257 261.4 266 272.4 282.6 296.1 302.6 306.8 313.4 316.2 316.6 321.4 321.7 321.5 322.6 323.3 323.7 320.2 315.5 316.4 315.9 315.9 316.2 319.7 326 332.1 338.1 345.2 350.7 355.5 363.7 371.5 378.6 391.1 399.9 400.6 404.2 414.9 424.4 426.3 434.6 449.7 457.1 461.2 461 462.1 460.8 456.2 449.4 445.4 445.6 442.9 437.6 435.4 427.6 422.4 421.3
212.4 217.3 215 215.3 214.6 215.9 217 221.4 224.6 225.4 229.5 232.2 233.3 234.1 236.8 237.4 242.2 244 251.3 261.6 269.6 273.2 277.1 282.2 286.8 297.4 305.6 313.5 319.9 330.2 329.9 331.8 337.5 335.5 335.8 337.8 339.3 338.8 332 333.4 333.8 333.5 332.2 332.2 333.4 335.5 341.8 348.4 350.5 356.9 363.4 373 380.1 387.6 401.3 411.9 411.5 413.3 424.3 433.3 434.8 444.1 458.3 468.7 475.3 476.2 477.1 469.6 464.7 457.1 450.2 452.5 448.9 443.7 438.3 434 431 426.1
216.6 220 220 219.9 221.8 223.2 226.1 230.6 234.2 234.3 238.2 238.8 239.2 239.8 244.9 252.4 256.9 261.3 267.7 275.7 285.9 287.4 293.3 295.5 306.2 312.5 315.7 323.1 333.7 340.5 342 346.3 347.1 350.5 350.6 351.1 352.3 350.9 341.7 347.8 351.7 347.9 349.3 349.4 348.7 345.6 347.7 351.5 358.6 365.7 373.7 384.4 391.6 399.8 412.7 419.7 423.1 426.4 436.5 446.3 446.8 449.8 463.5 472.5 478.2 478.8 481.6 474.8 467.5 459.5 455.1 455.4 452.2 446.7 441 433.7 429.9 426.6
219.2 221 222.7 224.8 228.1 229.9 233 236.3 238.8 243.9 244.5 244.4 247.6 249.4 256.2 263.6 269.7 277.7 283.7 291.8 301.6 310.2 310.3 313.1 324.9 330.1 333.2 338.4 346.2 352.2 354.1 357.7 364.2 362.1 361 362.5 363.5 363.3 350.8 361.3 361.6 361.1 365.9 364.8 362.2 356.8 355 360.5 366.6 371.8 383.4 397.8 407.1 414.3 421.4 427.7 435 445.7 460.8 461.5 457.1 464.7 475.9 481 482.7 488.1 483.2 470.1 463.1 459 454.3 451 447.4 443.1 437.2 432.5 429.3 423.9
221 224.4 228.4 231.9 234.1 234.7 237.7 241.4 245 253.8 251.9 249.3 256.7 260.9 265.8 271.4 281 289.7 298.4 305.2 313.8 324.8 328.1 329.3 345.5 348.6 351.9 355.9 371 376.7 376.9 377.2 375.2 373.5 369.5 370.9 371.1 368.4 366.7 369 367.7 370.6 375.9 375.8 373 368.5 367.1 378.7 382.2 385.6 398.3 412 420.8 426.2 431.8 444 457.3 469.6 482.6 483.3 480.4 486.6 492.3 495.4 492.9 495 488.4 471.7 456 453.7 449 444.5 440.5 435.2 429.3 428 424.5 418.6
225.4 228.6 231 238.1 239.4 240.4 242.8 247.4 250.9 256.3 258.4 256.7 262.9 268.8 274.7 282.9 296.1 306.7 314.5 321.8 326.2 335 341 354.5 361.1 365.3 367.1 373.2 379 386 386.2 387.4 384.1 382.3 379.5 379.4 376.9 373.7 371.8 373.4 372 380.5 385.1 385 384.8 380.9 382.2 389.4 388.8 397.3 412.7 429.8 435.6 442.2 453.9 469.3 483.7 484.1 496.1 505.4 502 502.3 502.8 504.1 503.5 498.8 486.4 471.9 459.8 452.1 447.2 440.5 434.2 428 422.3 417.8 413.3 404.6
228 230.6 234.4 243.3 248 246.8 248.6 250.7 255 259.4 265.5 269.4 274.3 281.9 289.2 301 314.5 323.3 333.6 340.3 347.6 348.4 350.9 360.4 367.2 374.3 376.1 382.5 388.6 395.8 399.8 397 393.5 388.3 388.8 387.2 384 379.4 376.9 376.8 377.2 388.1 390.7 392.6 392.3 389.9 395.2 397.6 399.8 402.7 424 441.5 456 460.1 472.1 484 492.4 500.9 510.9 522.5 519.5 516.4 510.9 510.6 509 497.6 486.7 475.3 462.2 454.2 447.7 439.3 431.7 423.4 417 409 386.7 380.3
226.5 230 235.6 241.5 247.4 248.4 249.8 253.6 259.9 266.3 273.7 282.8 295.7 313.1 322.1 327.8 338.2 343.2 350.5 355.6 359.6 361.2 368.1 371.9 379.7 382.2 386.2 387.1 395.5 405.6 408.2 404.8 403.9 397.4 393.6 391.8 388.8 385.1 382.5 382.5 382.7 392.7 395 396.5 395.9 394.9 396.5 396.9 399.8 403.7 424.6 450.9 473.8 477.3 489 502.3 509.5 513.2 520.6 527.9 529.3 524 517.2 513.4 509.6 497.1 487.6 478.9 464.5 451.9 442.3 436.5 426.3 416.4 409.1 400.7 386.6 365
225.6 230.6 241.2 245.4 248 250.5 253.2 258.6 263.9 273.7 286.4 306.6 331.8 350.2 371.1 373.2 375.6 377.1 378.6 376 374.6 377.2 384.1 393.7 394.3 391.7 392.8 399.6 404.7 406.8 409.5 407.1 406.3 401.4 395.6 392.1 388.5 384.2 386.7 386.8 387.1 390.5 393.1 395.5 395.7 394 394.7 395.4 395.4 403.8 434.1 459.3 472.1 482.7 500.6 514.9 525.4 531.5 536.9 541.5 537.1 529.3 521.9 513.2 503.5 493.6 484.8 476.7 461.8 451.3 444 438 421.2 409.7 400.2 383.6 370.4 351
227.8 232.9 241.1 248.7 252.4 254.4 257.1 264.4 271.7 286.6 314.5 346.9 370.2 382.9 391.1 398.1 397.9 395 394.6 392.1 392.1 396.8 404.5 410.3 413.4 417.6 419.3 418.3 413.7 418.9 417.5 411.8 405.5 403.8 398.2 392.4 388.2 384.8 384.7 385.1 389.3 389.9 390.2 392.3 393 393.5 394 393.9 394.3 409.1 430.8 448.2 463.8 479.9 505.6 517 532.5 546.5 552.3 553.7 546.4 535.8 525.6 516.8 506 492.5 482.8 472 461.1 453 445.1 436 421.2 407.1 389.2 372.4 356.7 335.8
228.5 234.8 243.1 253.8 260.5 258.6 264.2 274.4 289.2 307.3 343.2 372.2 390.4 405.8 413.6 417.3 416.3 413.2 409.6 411.2 410.6 413.2 423.6 428.2 438.7 443.5 444.8 443.3 440.5 439.6 430.6 419.9 413.9 403 397.9 392.8 388.6 387.1 385.7 388 388.2 389.1 388.8 389.2 390.9 392.2 392.9 392.6 395.8 409.6 425.1 438.9 455.5 476.8 491 506 525.2 543.8 554.3 560.2 554.4 544.5 534 525.1 514 502.1 490.9 475.2 465 455.1 447.3 436.1 426 406.9 381.3 368.3 345.3 320.9
