data/230000-220000.asc
ncols 200
nrows 200
xllcorner 230000
yllcorner 220000
cellsize 50
[rows 70 to 104 of 200, columns 0 to 78 of 200]
211.7 209.4 207.2 204.1 200.6 197 194.2 191.1 187.3 183.7 178 168.7 156.6 134.4 120.7 119.4 121.4 127.7 131.4 146.7 156.9 164.8 168.5 172.5 177.7 183.4 188.3 191.8 195.4 197 196.6 194.6 191.2 186.9 181.8 174.1 152.3 128.3 113.1 131.6 149.5 165.4 168.4 168.8 168.9 169 168.7 168.5 163.8 151.6 134.6 128.1 132.3 148.8 162.6 167.1 167.5 168 166.1 162.6 156.6 137.3 148.6 147.1 132 113.9 94.1 93.2 102.9 111.3 122.9 126.3 117.1 116.2 130 143.5 152.6 159.9 166.7
211.6 210.8 208.8 206.4 202.8 199.8 196.4 192.9 188.9 184.8 180 171 161.9 142.5 122.8 120.1 118.3 120.8 128.6 144 157.1 161.8 163.2 165.2 172 176.8 182.7 187.3 191.5 194.1 195.1 193.6 190.1 185.7 180.5 165.4 138.6 114.2 117.7 139.5 159.2 165.4 165.8 164.6 163.4 163.2 162.9 163.3 157.2 143.5 127.4 124.4 133.8 151.3 161.6 167.2 168.6 169.9 168.9 165.9 159.7 142.8 125.2 125.4 115 95 88.2 97.5 101.6 108.6 114 105.9 111.8 121.5 132.5 141.8 149.5 156.9 162.1
211.4 210.7 208.7 206.5 204 200.8 197.4 193.7 189.2 185 180.3 171.1 158.3 138.6 123.2 119.8 116.7 119.1 124.2 138.7 143.5 144.3 146.7 151.5 159 167 174.7 181.2 186.6 190.8 191.6 190.6 187.9 184.7 180.2 171 142.7 114.1 115.4 133.8 152.3 161.5 162.4 162 159.1 154.5 155.2 155.2 148.8 136.8 121.2 123.3 136.1 148.1 157.9 164.5 169 172.2 172.1 169.1 162.9 149.4 124.9 102 93.1 88 93.1 94.4 93.1 100 100.8 106.5 113.8 122.5 129.1 137.6 146.2 152.3 156.8
211.2 210.5 208.6 206.4 203.7 201 197.7 193.2 188.3 181.9 175.8 163.5 145.7 127.3 126.3 124.5 119.8 116.4 117 119.9 122 121.9 126.4 135.8 144.4 156.1 165.7 173.9 180.2 183.4 186 185.7 184.4 182.5 179.4 173.8 151.7 125.5 101.9 118.8 134 148.9 155.2 155.9 152 146.6 145.2 145.2 138.9 128.5 115.8 121.2 131.4 141.7 150.5 158.5 166.1 172.6 173.7 172.1 166.3 154.6 129.2 103.4 88.4 90 96.7 102.5 105.2 104.7 105.9 107 106.2 111.6 121.5 129.6 137.5 143.6 147.9
209.7 209.3 208.2 206 203 200.1 197.4 193.2 187.1 171.9 161.8 149.4 132.9 131.8 135.3 137.5 132.4 122.9 115.4 116.5 114.7 114.3 113.1 111.9 126.2 143.3 154.9 163.5 170 175.4 178.5 179.6 180.5 179.8 177.5 174.6 166.9 141 113.8 100.8 118.3 132 140.8 143 142.2 137.4 133.9 134.4 126.4 113.6 113.2 122.4 133.4 145.1 152 158.1 166.9 172.3 174 171.3 164.8 149.4 127.2 104 88.2 90.2 98.3 105.7 111.2 113.2 114.6 115.5 117.3 120.1 117.9 118.9 125.8 133.4 136.7
207.5 207.1 206.1 204.7 202.1 199.3 196.4 192.3 187.4 177.7 156.4 138.4 137.6 141.5 150.1 154.8 156.2 153.9 142.3 138 140.4 134.5 123.5 110.8 110.8 128.8 142.3 151.5 158.8 165.9 171.6 174.1 176.2 176.3 175.4 173.9 168.7 157.6 131.1 102.1 102.6 115.7 126.8 131.9 132.5 128.7 123.3 121.2 110.7 110 116.5 128.2 141.6 153.1 160.8 167 171.3 173.8 172.3 168.1 162 144.7 124 102.6 89.6 94.7 99.8 107.8 113.3 116.7 118.9 123 126.6 130.5 134.5 134.3 135.1 137 139.8
204.9 205 204 202.8 200.8 198.2 195.4 191.4 185.7 174.7 152.1 152.3 143.9 153 164.8 171.3 174.4 173.9 170.8 166.3 158.3 149.4 135.9 119.6 110.9 116.6 129.6 142 151.4 158.5 164.4 167.9 171.6 172 171.9 170.7 166 159.4 143.8 120.5 97.1 102.6 116.6 122.5 124 120.3 112.2 109 103.1 112.2 123.8 138 151.5 160.4 166.3 169.7 171.6 171.1 168.2 164.3 159.8 139.5 118.2 97.3 86.6 95.8 101 108.4 114.1 118.4 124 129.7 136.1 141.8 146.4 148.7 149.7 150.4 151.4
201.3 201.7 201.5 200.6 199.3 197 194.2 189.8 183 170.9 162.2 162.7 150.8 163.7 177.3 181.3 184.1 184.3 181.4 176.5 170.6 160.2 144.6 125.4 111.6 110.6 120.8 133.5 144.3 152.8 159.3 163.6 166.8 167.8 167.6 166.6 163 156.2 148.6 133.5 111 92.3 106.1 114.1 116 112.5 99.4 96.3 110.8 121.3 134.5 148.4 156.6 162.3 167.1 169.1 167.9 166.6 163.8 159.8 158 135.5 109.7 92.2 90 97 102.5 110.4 116.4 122.7 131.3 138.2 146.8 152.4 156.1 158.5 160.4 161.6 162.3
197.8 198.8 198.7 197.7 196.8 195.8 193.2 188.7 183.2 177.4 175 170.8 159.7 176.6 183.7 186.1 187.2 186.7 184 179.7 174.4 166.4 152 132.1 111.9 109.7 114.5 126.2 140.3 148.7 155.1 159.4 161.7 163.7 163.1 162.5 160 155.4 147.3 138.9 123.8 98.8 96.1 105.2 107.4 90.9 97.7 106.7 120 130.3 140.4 151 157.2 162.7 165.6 165.9 164.4 162.4 158.6 154.5 149.9 130.7 102.9 84.3 92.8 97.7 105 115.9 122.9 131.4 139.3 147.4 154.3 160.2 163.7 166.4 168.5 169.3 169.8
194 195.8 195.9 194.9 194.1 193.8 192.6 189.4 184.9 181.2 178.9 176.7 172 182.1 185.6 187.2 187.3 186.8 184.7 181.1 175.9 168.8 158.5 140.1 113.9 108.8 111.9 118.5 135.8 145.1 151.2 155.4 157.7 159.1 159.1 158.7 156.3 152.3 145.2 136.4 126.1 110.3 88.9 95.8 90.9 100.7 109.2 117.4 128.2 137 144.3 150.7 156.8 160.7 162.8 162.5 160.4 157.3 153.1 147.9 140.7 120 90.3 84 93.4 98.8 110 122.1 130.5 138.1 145.3 152.8 159.5 164.9 168.8 171 172.8 174.2 176
190.2 192.3 193 192.2 192.5 192.1 192.9 191 187.2 184.5 183.9 183.6 182.5 185 186.6 187.6 187.1 185.8 183.8 180.1 174.7 168.7 160.3 150.1 122.6 107.8 110.1 112.3 128.6 141.6 147.6 151.6 153.9 155 155.8 155 152.8 149 141.9 130.1 117.2 100.7 90.1 87.5 97 107.8 117.6 126.6 133.6 140.8 146.4 152.1 156.2 159.1 159.8 158.3 156 150.9 145.7 139.9 130.3 103.2 82.6 85.9 95.1 102.9 115.6 125.3 134.3 142.3 149.7 156.1 162.6 168 171.5 174 176.3 177.8 179.1
185.8 188.3 190.2 190.6 190.8 191.9 193 191.2 189.7 188.5 187.8 187.4 187.1 187.1 187.4 187.3 186.7 184.8 182.8 178.9 173.7 168.1 160.7 151.8 133.7 109.2 107 109.8 121.6 137.6 144 148.1 150.3 151.7 152.5 152.2 150.3 146.9 138.3 129.2 122.7 114.6 95.4 86.3 98.1 111.2 120.9 128.1 135.8 142 147.4 152.3 155.4 156.6 156.8 154.3 150.1 145.2 138.8 130.7 120.2 100.5 82.5 89.5 98.6 108.7 118.5 125.9 135.7 144.5 152.5 158.9 164.8 169.5 173.2 175.4 177.2 179.2 180.3
181.8 185.1 187.2 188.3 190.2 191.6 192.9 192.6 191.9 191 190.3 190 189.6 189 188.5 187.4 185.7 183.8 181.8 177.9 173 167.5 160.6 151.9 140.3 116.9 105.7 108.5 117.9 133.1 139.9 144 146.4 147.8 149 149 148.9 146.6 142.8 137.7 131 124 110.3 84.7 92.5 107.4 119.6 128.1 136 142.8 147.7 151.6 154 154.1 153.6 150.7 145.7 138.2 131 120.8 110.3 97.7 81 90.9 101.7 111.8 119.6 127 137.1 147.2 155.2 161 166.1 170.4 173.5 176 177.6 178.5 178.5
178.4 181.8 184.5 186.5 189.5 192 193.6 193.7 192.6 191.7 191.1 190.9 190.7 190.1 189.5 188.2 186.4 184.5 180.9 176.7 171.6 164.4 157.6 150 134.7 116.1 107 106.9 114.6 128.4 134.1 137.8 140.1 142.3 143.9 144.8 144.8 144.5 143 139.4 134.3 128.6 121.5 93.5 84.6 101.7 117.3 125.4 132.7 139.7 145.4 150.1 152 152.9 151.4 147 141.5 133.6 121.9 111.3 101 88.9 80.9 90.8 103.1 114 122 129.5 140.3 149.8 156.7 161.8 165.6 169.2 171.9 174 175 174.4 174.6
173.1 177.4 180.2 184.3 188.3 192 193.3 193.3 193.2 192.3 191.8 191.5 191.3 191.3 190.4 188.9 187 185.2 182.2 173.8 165.3 160.4 143.6 128 120.2 111.6 106 106.4 112.7 121.6 124.5 127.3 130.1 133.8 137.1 139.4 139.8 139.2 137.9 135.1 129.8 125.7 121.9 103 81.5 96.3 116.5 122.1 129.2 136.5 142.7 147.6 150.3 151.7 151.4 148.3 144.7 138.5 130.6 124.9 115.8 98.3 79.5 89.4 101.4 116.7 126.6 134.5 143.2 151.1 156.2 160.4 163.8 166 168.8 169.9 170.3 170.2 170.7
174.7 169.7 174 180.6 185.6 189.3 191.3 192 192.3 192.6 192.5 192.1 191.8 191.3 190.7 189.6 187.7 185.8 183.5 180.6 171.7 160.3 147.3 142.5 136.3 124.7 106.2 105.3 107.7 110.4 116.4 119.8 123 127.5 130.9 133.1 133.7 131.3 130.6 128.2 123.3 121.1 118.3 103.5 80.5 92.4 113.4 122 129.8 136.2 142.3 147.1 151 152.3 153.2 153.2 151.6 147.4 142.1 135.9 126.1 110.3 90.2 85.6 100.8 118.3 129 136.9 144.3 150 154.2 157.8 160.4 161.4 162.8 163.8 165.3 165.8 166.6
178.9 176.1 169.5 172.9 179.4 184.8 188.1 190 190.7 191.2 191.7 191 190.4 189.9 189.4 188.4 186.7 184.5 182.4 178.9 172.8 165.6 156.8 147.9 139.2 123 104.7 104.1 108.3 118.5 125.9 129.6 129.7 130.1 130.8 123.9 117.3 112.7 106.2 100.8 103.9 111.1 111.6 99.5 78.1 90.4 111.2 122.6 131.1 137.6 143.3 147.8 152.3 155.1 157.3 157.1 155.3 151.3 146.7 140.6 131.2 117.3 94.2 83.4 97.6 118.5 129.2 137 143.2 147.9 149.9 152.9 154.5 155 156.4 158 159.7 161.1 162.1
183.5 182.2 177.9 169.3 170.9 178.4 184 186.8 187.9 188.9 188.7 188.4 187.8 186.9 186.1 184.8 182.9 180.8 178.8 175.3 170.3 162.5 153.7 142.8 134.7 120.6 103.6 103.2 109.6 121.3 130.5 135.3 137.3 136.3 135.7 134.6 130.7 122.9 115.6 107.6 98 87.2 90.2 84.9 84.8 93 114 125.6 133.3 139 144.3 148.9 153.5 157.9 160.2 159.5 157.6 153.7 148.4 142.7 131.5 116.8 92.2 83.7 96.3 114.7 128.2 135.1 141.2 145.1 146.5 148 148.2 148.3 149.2 151.1 153.1 155.6 156.9
188.8 187.9 184.9 177.1 164.2 171.2 178 180.6 181.5 182.6 182.6 182.5 183.1 181.7 180.4 178.6 177.1 175.9 173.3 169.3 163.4 152.8 139.3 128.5 120.2 115.2 102 102.1 110.6 123.7 134.9 140.1 142.4 142.7 141.7 139.5 130.7 131.7 132.3 124.3 112.8 103.1 91.8 79.5 88.5 102.4 117.7 127 134.3 140.1 145.3 150.2 154.7 158.9 161 160.6 157.9 154.4 149.8 142.5 131.4 112.8 86.8 84.8 95.4 110.4 123.7 130.3 135 139.1 141 141.2 140.4 139.6 140.9 143 147.2 149.1 150.5
194.6 193.6 191.6 186.3 171.6 160.2 169.8 170.9 172 174.1 177.2 178.1 177.9 176.6 174.4 172.5 171.1 169.7 167.8 163.1 153.9 135.4 122 113.7 106 102 101.9 101.6 111.8 126.7 139.8 144.5 146.3 147.5 146 143.8 139.1 139.6 135.7 131.7 127 120.1 101.4 77.5 87.9 105 116.5 126.9 134.1 140.2 145.2 150 154.1 158.2 160.6 160.3 157.7 153.5 148.7 140 129.1 108.4 83 85.1 93.8 104.6 114.9 120.7 126.4 127.1 129.6 129.5 129.3 129.3 131.3 135.9 140.4 141.6 143.3
200 199.7 198.8 195.4 178.1 160 148.8 147.3 146.3 150.5 166.4 174.1 174 173 170.8 165.8 163.8 162.2 160.5 157 138.2 120.4 105 100.1 100.1 100.2 101.3 107.7 121.5 135.2 144.9 148.3 150.6 151.4 149.3 147 143.7 139 135.7 129.9 123.7 116.3 96.8 77.8 89.7 105.4 115.6 124.6 131.8 137.7 142.7 147.3 151.5 155.5 158.4 159 156 151.5 145.6 135.5 119.3 92.5 77.7 80.1 88.3 96.3 102.5 106 108.8 110.3 112.5 113.2 113.1 113.6 120.4 125.6 129.2 134 135.7
206 205.5 203.7 200.4 194.9 179.7 166.3 150.7 139.5 133.2 145.3 170.7 170.7 169.6 167.9 164.1 151.2 146.4 142.2 141.1 124.4 106.4 98.9 98.3 110.9 113.2 122.4 129.8 140.7 148.6 152.7 154.8 156.6 156 153.9 150.8 146 136.6 128.6 121 112.1 101.9 85.1 75.6 87.2 101.8 111.7 121.6 128.1 134.4 139 142.9 146.9 151.5 154.5 154.7 151.7 147.3 139.2 128.7 107.2 87.2 76.4 77.6 79.8 82.6 85.9 89.1 91.5 93.4 95.4 96.3 97.3 102.7 109.4 114.7 118.3 122.1 120.8
210.4 209.2 207.4 204.8 200 193.3 184 168.1 151.3 132.1 130 159.5 166.7 166.7 166.4 163.1 154 134.1 116.5 116.8 111.4 98.3 98.5 108.1 120.4 133.1 142.5 152.7 158.1 161.3 162.3 162.2 163.5 162.1 159.2 155.7 150.5 142.3 130.7 112.5 92.8 84.1 79.5 75.4 81.2 94.6 107.9 117.8 125.4 131.1 135.4 138.8 141.7 145.1 147.4 148.2 145 140.1 130.3 118.4 98.8 76.6 76.2 80.3 80.9 80.2 78.2 79.9 81 82.1 84.1 85.1 88.1 94.1 100.4 103.9 106.8 102.8 98.3
213.3 212.5 211.1 208.3 204.1 198.1 190 173 150.6 132.8 128.4 152.1 161.2 164.1 164.5 164.1 160.1 149.4 136.5 118.4 99.1 97.6 102 113.8 127.7 144.4 158.1 164.4 167.4 168.9 168.5 167 167.6 166.9 164.6 161.4 157.1 146.8 136.4 127.7 123.4 117.9 95.1 74.9 78.3 90 104.5 114.9 122.7 127.9 131.8 134.2 135.9 138.1 138.8 139.2 134.5 127.5 117.2 106.2 86.9 74.7 77.8 88.4 96.6 101.1 103.3 100.5 97.9 93.9 91.4 89.1 83.7 84.9 88.1 91 89.1 88.6 92.1
213.7 212.7 211.4 208.6 204.6 199.3 187.9 164.6 145 127.1 125.3 146.8 158.8 163.3 165.7 166.3 164.3 158 145.4 120.8 99.2 97 104 118.5 135.1 154.2 166.4 169.9 171.9 172.7 173.2 171.5 170.5 169.5 167.5 165.4 162.3 156.9 149.6 141.7 135.6 127.6 109.9 76.7 75.4 86.6 102.8 111.4 118.6 122.7 125 127.7 129.9 130.8 131.1 129.4 123.8 113.7 103.7 94.2 78.7 76 81.8 94.6 103.7 110.4 114.7 117.7 120.1 120.6 118.5 113.4 102.4 92.5 89.1 89.6 90 95.8 106.8
212.1 211.3 209.5 206.5 202.8 191.3 170.6 151.8 134.4 123.8 126.1 151.4 160.4 164.6 167.5 168.4 165.8 160.8 150.7 123.1 96.1 95.9 102.2 120.8 140.3 159.7 169.8 172.6 174.2 175.4 174.8 173.8 172.4 171.5 170.1 168.1 164.6 160.1 154.7 149.2 141.3 137.6 113.6 82.8 73.1 77.7 89.6 97.9 108.9 113.1 116.4 119.8 121 120.5 120.1 117.4 110.3 101.1 91.4 82.6 76 76 87.9 99.7 108 114.6 120.7 125.6 129.6 131.6 131.8 130.9 121.4 102.1 95.6 101.5 103.9 109.4 122
209.3 207.7 206.1 201.1 192.3 173 154.1 137.2 124.5 119.1 129.1 147.5 159.4 164.9 168 169.2 167.9 163.9 155.3 128.9 98.2 95.2 104.1 124.6 144.2 162.5 171.4 173.3 175.1 176.4 175.7 174.5 173.5 172.9 171.6 168.3 163.9 158.7 154 150.1 146.1 139.1 121.9 89.7 72.9 73.4 74.3 82.8 88.9 95.3 105.6 111.2 112.2 111.4 109.9 105.5 97.3 89 81.1 76.6 73.7 75.8 85.6 97.5 108.3 115.8 123.1 128.7 133.6 135.9 137.6 138.4 134.7 114.2 102.5 128 136 128.8 137.8
205.6 203.8 199.5 194.4 175.4 154.3 139.2 127.1 124.6 115.2 125.3 139.4 154.5 164.7 168.5 170 169.6 166.9 158.2 133.9 103.4 95.3 106.3 128.2 149.5 165.2 171.3 173.8 174.8 175.7 175.3 174.3 173.3 172.1 169.3 165.9 161 155.7 151.8 148.1 144.3 138.2 130.1 101.7 76.1 70.9 71.7 72.4 74.3 80.2 88.2 97.2 101.5 101.4 98 93.4 87 80.3 76 72.8 73.2 78.2 87.8 92 103.1 116 123 131.7 137.7 140.9 143.8 144.9 142.9 126 111.6 136.5 154.4 156.8 152.5
203.1 200.5 195.8 185.6 160.9 145.2 147.3 146.3 137 122.8 116.1 129.4 145.9 162.1 168.4 169.8 168.9 165.9 155.6 125.7 99.8 96.1 109.9 134.6 155.5 168.4 171.4 173 173.8 174.5 174.8 173.8 172 169.2 166.3 162.4 156.9 151.2 146.8 142.8 137.7 130.4 117.9 100.2 79.8 70.2 70.9 71 71.6 71.5 74.1 80.6 85.2 86.3 86.2 83.9 76.9 72.6 72.5 72.1 74.8 88.1 104.4 110.7 108.8 111 122 132.9 141 145.7 149.2 151.7 151.5 137.9 127.9 137.7 158.9 172.9 176.6
200.9 198.3 193.5 174.9 161.8 167.9 170.9 167.7 155.7 136.2 115.3 118 134.5 151.8 164.6 167.6 167 161 139.7 112.6 93.9 97.6 117.8 143.9 163.5 169.1 170.8 172.2 173.1 173.8 173.3 171.4 168.5 165.6 161.9 157.6 151.8 145.6 140.5 133.9 122.6 110.5 97.5 83.6 74.1 71.1 69.9 73.7 79.7 73 69.7 70.4 70 71.9 72.3 70.2 70.9 71.1 71.4 79.1 92.8 106.4 118.5 124.3 128.1 128.5 121 131.2 143.1 150.7 157.8 161.3 162.4 152.2 146.3 153.5 165.3 182 190.2
198.7 196.4 191.1 175.8 187.2 189.5 189.2 188 171.6 151.2 131.3 111.3 117.9 137.4 154.5 163.3 162.6 150.3 124.6 97.7 92.4 105.7 125.9 152.1 165.4 167.9 169.5 171.4 172.4 171.7 170.1 168.4 165.2 161.4 156.9 152.2 147.1 139.3 123.6 110.5 100.9 91.3 78.3 75.5 75.7 87.7 71.3 68.2 76.7 79.3 75.7 69.6 70.8 70.1 70.3 70.9 72.5 81.8 88.5 99.3 112.6 123.3 130.1 135.6 141.1 146.5 148.9 139.8 142.7 158.7 167.5 173.1 175 171.9 166.8 176 189.1 194 196.9
197.4 195.7 189.2 192.5 194.6 195 196.5 194.7 186.5 167.4 148.8 128.6 107.2 121.1 142 154.8 155.7 138 110.9 93.1 98.7 116 138 157.9 163.8 165.9 168.1 170 170.8 169.3 167.4 165.6 162.2 156.5 151.1 146.3 135.8 117.1 101.7 88.7 81 83.6 87.8 96 110.8 108.1 88.5 68.4 68.8 71.4 69.1 69.3 70.4 72 80.8 88 94.8 98.8 105.2 115.8 127.5 135.5 142.8 148.8 153.7 158.9 163.4 167.3 159.2 161.8 178.6 184.7 186.8 188.6 184.8 194.1 197 200.5 203.5
198.9 199 199 199 200.4 200.3 200.2 198.7 195.3 185.7 166.9 145.9 124.6 104.4 124 136.5 138.1 125.6 100.4 91 107.7 128.3 147.7 158.4 161.4 163.3 165.4 167.1 168.2 167.4 165.5 163.3 159.6 152.5 146.6 132.6 116.3 96.9 93.2 93.8 95.4 99.9 108.4 119.4 120.6 115.4 102.1 78.7 67.9 71.2 74.5 80.6 87 93 99.8 107.4 114.4 119 122.3 130.4 140.7 148.9 156.8 162.5 167.7 172.5 177.4 181.6 183.8 184 190.5 194.1 196.6 197.3 195.7 202 203.8 205.9 207.2
200.7 201.6 202.4 202.7 203 203.1 202.5 200.7 198.6 194.9 180.5 160 137.1 117.5 102.2 109.1 112.3 105.1 91.9 93.8 114.8 133.4 148.5 156.3 158.7 160.4 162 163.9 165.3 165 164.3 162 157.1 149.6 131.3 114.6 113.7 112 110.2 108.5 112.4 119.6 129 132 129.4 123.3 112.7 82.6 66 75.1 85.5 92.7 103.9 111 119.2 126.9 134.2 138.1 139 144.1 153.7 163.1 171.3 176.9 181.8 186.2 190.3 193.3 195.3 196.5 198.9 201.5 203.7 204.7 205.5 207.5 207.5 208.5 209.5
201.8 203 203.5 203.5 203.7 203.9 203.3 202.1 200.1 197 191.5 177 157.1 136.2 117.3 104 93.6 92.8 90.2 94.5 117.1 135.2 146.5 151.3 154.6 155 157.1 159.7 162.1 163.5 163.6 162.8 156.1 136.5 135.1 134 132.6 131.5 130.4 130 133.1 138.3 143.4 142.1 138.3 132.3 122.8 98.7 70.3 71.8 84.2 104.7 119.7 129.9 137.9 145.8 153.2 154 155.3 159.4 166.3 174.4 181.3 186.5 191.1 194.5 197.5 199.5 201.5 203.4 205.4 206.8 207.9 208.8 209.8 209.5 209.5 210.7 211.3
