data/230000-940000.asc
ncols 200
nrows 200
xllcorner 230000
yllcorner 940000
cellsize 50
[rows 105 to 139 of 200, columns 0 to 77 of 200]
295.6 324.5 329.1 337.3 343.3 346.6 350.6 362.7 380.5 405.3 446.9 468.2 494.8 517.5 541.7 566.3 605.7 644.4 679.7 692.7 692.4 689.1 685.9 681.2 673.7 661.6 647.7 632.2 621.7 614.4 609.4 602.1 600.7 593.8 585.1 573.5 557.8 543.5 541.3 542.3 541.7 544.8 538.9 539.1 541.8 535.8 523.8 513.9 499.3 498.3 497.5 498.7 498.3 499.2 502.6 501.3 497.8 491.7 481.8 474 466.2 453.3 436.8 424.8 421.3 415 409.9 406.6 397.4 390 384 381.7 378.7 380.5 385.1 392.3 402.1 411.2
277.6 315 316.9 331.5 338.2 338.3 339.2 354.5 369.5 388.6 430.9 463.4 492.2 518.3 547.6 575.9 615.6 654.5 670.7 675.8 674 672.4 669.3 665.5 658.1 648.1 632.1 619.7 608.5 606 602.4 585.6 586.8 581.4 575.3 568.1 559.9 556.9 559.3 554.8 553.2 552 544.4 548.7 542.2 538 526 512.8 501.2 496.4 496.2 497.1 498.5 503.2 504.1 501.8 497.7 488.5 478 469.5 459.2 451 433.3 424.5 418.9 406 404 394.2 383.9 378 374 373 369.5 378.3 386.3 396.2 405.1 411.9
265 295.5 307.4 327.6 329.6 329.7 328.6 335.5 356.1 371.3 417.1 457.5 488.8 520.8 549.4 582 628.5 655.4 654 654.7 653.3 653.1 652.6 648.7 640.8 630.6 618.3 606.9 599.8 598.2 596 586.8 565.8 564.4 560.8 559.9 557 563.7 563.7 559.3 558.2 555.3 554.4 552.1 543 535.4 522.6 507.9 499.1 497.3 494.9 498.3 501.6 505.5 504.8 502.1 497.6 487.5 476.2 466 454.6 450.8 431.2 423.4 413.6 401 393.1 382.5 371.5 368.4 366 363.8 371.7 378.6 388.6 396.9 403.1 407.2
249.6 264.8 296 316.8 322.7 323.3 321.7 321.5 340.5 356.9 396.4 445.7 488.1 523.8 555.4 597 635.1 642.8 640.8 634.8 632.8 632.2 632.2 630.6 622.4 612.5 601 594.1 590.1 589.1 585.6 577.8 563.4 547.3 547 547.6 554.7 564.8 569.2 568.7 562.2 559.2 560.8 548.6 541.7 532.5 517.1 505 498.1 494 494.2 497.6 499.7 504.1 504.1 502.3 494.8 485.2 473.1 464.7 453.5 448.5 431.7 418.7 406.2 394.6 382.3 371 360 357.8 358.4 367.8 374.1 381.5 387.5 392.2 397.8 402.8
228.5 257.1 291.1 310 316 315.8 314.7 313.1 323.3 344.7 375.4 424.8 481.5 524.5 560.7 599.7 629.2 629.1 623.5 622.6 619.7 616 615.9 613 604.9 596 587.8 581.5 578.7 578.7 573.3 564 553 541.5 532.4 532.1 548.1 564 573.6 574.7 571.7 568 557.7 547.3 539.7 527.1 513.4 504.3 497.8 493.4 493.4 495.8 497.3 501 503.6 501.2 491.2 481.4 470.1 460.1 454.3 442.5 426 414.6 403.4 389 374.6 358.3 346.8 353.9 361.9 368 370.8 376.1 380.8 386 391.2 395.6
220.1 242.8 267.5 292.5 303.6 307 305.7 305.1 314 330.5 360 407.3 467.2 512.6 546.4 584.8 613.4 614.1 609.3 609.1 605.5 598.2 598.9 596.1 589.9 581.6 574.1 569.4 569.2 568 561.7 551.8 542.4 533.5 524.3 521.8 544.5 561.3 571.7 576.8 576.3 567.6 552.6 541.6 533.9 520.7 507.7 500.3 495.7 491.6 490.4 493.5 496.6 500.6 502.5 497.5 486.9 475.6 464.8 456 449.4 435.2 420.3 409.3 398.1 382.6 364.8 346.4 344.5 355.7 362.1 360.5 368.5 374.9 380.5 384.5 387.5 390.1
200 221.2 249 281.4 290.4 295.5 299.4 296.8 308.8 323.5 350.4 398.7 452.2 487.7 527.9 555.7 593.2 607.3 603.6 599 593.2 589.1 585.7 582.2 575.7 566.5 561.3 558.3 558.9 557 550 541.5 531.3 523.3 513.7 514.9 539.6 552.2 562 566.5 565.4 555 541.8 532.8 525.4 512.1 500.8 494.4 490.8 487.1 487.7 491.2 496.1 498.5 499.6 492.2 481.7 470.6 462.3 452.9 443.5 430.4 414.8 404.1 393.3 373.5 352.7 333.8 344 352.2 348.9 354.6 363.2 367.6 381.6 382.9 384.6 386.2
177.6 203.3 230.7 256.7 272.5 285.2 291 288.7 295.5 310.2 336.7 381.2 426.2 462.6 495.4 530.5 567.1 576.6 588.7 590 584.5 576.2 570.3 565.8 561.9 554.2 550.9 548.4 547.8 545.3 539.4 529.6 520.7 511.5 501.5 514.3 529.6 539.8 547 550.9 550.7 543.1 530.5 519.6 512.7 501.8 491.7 487.5 484.8 482.5 484.9 488.5 493.3 495.6 494.4 485.6 476.8 466.7 456.4 447.1 438.3 422 408.3 399.1 383.8 358.8 338.7 330.8 336.2 339.4 354.3 370.6 373.7 378.3 382.8 387.7 390.8 394.5
167.1 188.7 208.7 231.1 249.7 269 276.5 279.6 282.9 296.9 320.9 359.4 392.5 436.2 473.4 506.7 526 537.2 548.5 570.7 572.4 563.5 556.7 554.9 548.9 544.6 539.3 539.8 537.5 531.2 525.9 517.9 508 497.1 493.6 508.5 518.2 525.1 528.8 532 531.7 527.8 519 509.8 501.8 489.8 480.1 478.5 476.9 477.4 482 485.8 490.3 491.7 488.1 478.2 469.9 459.5 451 441.1 432.4 415.1 400.4 389.4 363.7 341.8 326 325 339.1 355.7 371.7 376.3 379.1 383 394.3 399 406.6 410.3
150.1 171.6 192.7 211.6 229.5 247.4 264.2 266.9 268.8 282.5 301.2 326.1 358.5 380.7 446.2 479 490.7 500.6 515.4 525.9 560 552.5 544.8 544.1 538 532 528.1 529.8 527 519.2 512.7 504.7 494.9 484.7 486.2 496.9 505.2 508.6 510.8 514.7 513.8 513.2 505.2 496 488.8 476.5 469.7 470.2 470 473.2 478.1 483 486.1 486.2 479.3 469.8 462.2 452.9 444.7 436.9 427 408.4 396.8 375 351.2 330.4 318.5 332 343.3 360.4 374.5 377.6 379.5 383.4 392.9 412.7 427.2 421.2
135 153.5 176.9 199.7 226.9 244.6 250.3 254.8 252.8 268.2 280.4 300.2 324.8 346.6 383.4 439.6 453.5 463.2 451.5 501.9 547.3 540.7 532.6 531.6 526.5 520.6 518.3 518.8 514.2 507.6 499 492.9 484.1 474.6 477.4 485.9 491.9 492.5 493.9 498 498.1 498.1 491.6 484.3 476.5 464.8 462.4 463.4 464.6 468.6 473.5 477.3 480.3 478.9 470.1 461.3 453.3 445.7 439.8 432.3 420.2 400.4 386.2 357.8 338.6 321.4 321.5 332.1 344.1 361.5 374.1 377.7 380.7 389.2 407.3 427.3 433.7 432.6
122.9 140.6 162 184.2 207.2 223.9 232.6 239.7 244.5 255.8 257.8 274.2 293.9 313.7 339.2 398.6 411.1 422.5 469.1 515.7 536.4 529.3 521.2 517.2 511.8 507.1 503.6 506.3 504.2 498.6 487.5 480.9 472 463.7 468.7 475.3 479.3 479.2 479.4 483.2 484 485.3 479 471.5 464.1 456.6 456.5 458.5 462.4 464 468.3 472.9 474.9 473.4 463 455.7 447.2 441.1 435.1 429.5 414.9 392.9 366.6 343.7 326.7 310.3 323.6 331.6 347 364.1 376.5 380.3 385.7 404.9 432 439.4 442.2 443.2
114.4 125.4 144.3 166.4 191.3 210.3 219 224.3 238.5 243.5 246.8 248.6 265.3 283.5 307.6 331.2 353.1 414.4 453.3 494 522.4 518.5 511.6 505.1 497.3 489.7 486.7 491.8 494.5 488.7 477.8 469.5 462.3 451.8 460.9 465 467.8 468.2 467.6 469.9 471.1 473 465.6 460.8 454.8 451.3 454.5 457.5 460.7 461.8 466.7 471.1 471.7 467.2 459 451.8 445.3 437.9 431.2 421.9 406.8 382.6 356.1 334.2 314.8 310.2 321.3 334.8 348.5 368.4 382.1 387 401.3 426.9 440.6 448 454.1 455.7
105.7 114.7 128.5 148.9 171.9 192.8 206.6 212.9 224.6 233 234.4 234.5 237 254.8 280.3 304.3 325.8 375.1 417.8 442.4 478.8 506.2 501.4 494 487.3 475.7 474.7 477.4 484 478.3 469.2 458.8 452.6 440.2 447.9 455.2 458.8 459.3 458.1 459.8 459.7 459.2 454.7 449.6 444.7 448 453.9 457.6 459.1 458.8 463 466.2 466 461.7 454.7 447.4 438.2 430.7 424.6 411.3 393.9 370.7 343.1 324.6 307.9 311.8 323.6 338.5 355.5 376.2 389 396.4 413.3 429.1 444.2 454.8 462.5 465.9
97.6 103.6 117.6 133.8 149.5 173.4 187.5 194.7 209.7 219.6 220.8 223.3 223.2 236.7 262.6 276.4 298.5 323.2 374.7 405.9 431.3 490.8 494.7 487.8 478.7 467 460.3 465.9 472.7 468.5 459.5 448.3 441.7 433.2 433.8 446 448.8 450.4 451.1 452.2 451.4 448.3 442 439.1 441.5 447.7 453 455.8 455.6 456.8 459 459.5 460 455 448.3 439 430.5 423.8 416 400.4 384.4 359.6 337.2 319.1 301.9 313 326.9 343.6 364.9 389.5 400.1 409.3 426.3 441.2 455.2 465.3 474.2 479.1
88.2 93.5 106.8 123.2 135.2 153.9 169 172.3 187.7 202.6 208.2 208.4 208.5 222.6 234.3 244.8 263.3 290.7 339.4 372.7 412.1 463 492.9 485.1 474.8 460.3 449.8 453.9 460.8 459.1 448.9 436.7 429 423.2 422.3 435.7 440.7 441.6 441.9 440.9 440 435.6 430.8 432.7 439.8 445.3 450.4 451.5 452.9 454.3 454.9 452.1 451.8 447.4 439.6 431 422 412.1 403.1 384.7 367.7 347.2 321 308.2 303.4 317.2 330.6 347.2 377.8 398.6 412.2 427.1 445.1 458.2 474.2 490.1 493.4 495.2
82.8 87.7 97.3 109.3 117.5 130 147 156.9 173.2 192.9 196.8 197.7 198 200.2 204.6 215.7 238.1 261.2 287.4 338.9 380.5 420.5 473.9 477.5 467 454.5 440.5 443.4 448.4 444.7 438.1 427.3 418.5 411 415.4 425 431.4 432.5 431.3 429.3 427.1 423.7 420.7 427.9 435.4 440.9 445.8 447.8 448.8 449.8 450.2 446.2 443.4 437.8 429 421.3 408.8 398.3 386 366.1 350.7 330.9 306.6 295.6 309.8 321 333.1 351 381.4 407.3 426.1 444.6 460.6 474.5 492.8 502.5 508.4 512
74.5 81.4 89 97.7 105.4 112.9 123.5 134.9 155.7 178.1 186.3 188.1 187.4 185.3 182 190.9 212.5 234.4 257 301.7 336.6 379.2 415.2 447.7 457.6 443.9 430.2 431.1 435.5 435.4 430.2 418.1 407.7 395.7 405.8 414.4 420.2 420.9 419.9 416.7 414.9 411.9 408 418.3 428.3 435.8 440.2 442.8 444 445.5 443 438.5 433.9 428.6 418.7 408.7 396.2 382.3 367.2 349.6 331.1 314.3 296.4 299.7 315.8 326.5 339.7 356.1 390.8 418.4 440.7 459.8 472.2 496.6 508.1 515.8 521.2 525.3
69.5 74.9 80.1 87.9 96 103.3 110.2 119.7 133.4 151.1 166 176.2 176.4 174 168.3 171 187.1 208.6 230.2 259.7 303.5 326.3 370.4 428.9 445 428.2 414.8 415 420.4 422.7 418.5 408.7 395.2 384.6 395.3 401.3 406.3 407.5 405.6 403.2 401.2 397.7 389 406.9 419.4 428.5 433.8 436.5 437.8 437.1 434 426.9 420 410.6 402.2 392.1 380.1 364.7 345 327.7 313.7 304.6 287.3 307 321.3 331.8 344.7 364.9 396.6 423.4 453.4 472.2 490.6 510.6 521.5 528.1 533.2 538.6
61.8 67 72.4 78.9 86.7 93.9 100.6 113.3 123.3 138 151.2 167 165.2 161 161.9 156.9 164.1 181 207.8 239.3 264.7 301.9 348.9 396.7 433.7 421.4 403.1 405.8 411.9 408.4 404.8 396.6 386 375.5 382.7 386.9 389.8 390.2 390.8 388.9 384.8 374 374.8 395.9 409.1 420.4 425.3 425.2 429.5 428.2 424.8 416.1 399.2 388 378.2 369.9 357.4 338.4 320.5 305.1 300.4 295 291.2 312.8 326.2 336.2 349.9 376.8 405.1 430.4 465.4 484.7 506.4 523.5 532.3 539 546.1 551.2
55.9 62.3 67.2 73.8 81 86.4 93.7 105.1 116.1 125.5 143.1 157.2 155.3 152.3 151.1 150.1 144.3 161 191 216.3 232.3 265.4 308.6 343.8 389.9 410.3 397.7 392.5 404.2 399.7 394.3 384 374.4 365.1 371 374 374.7 376.2 374 369.8 370.9 354.9 369.9 388.9 400.6 409.5 412.9 412.1 414.9 416.9 415.3 397.1 378.5 365.8 355.5 343.5 327.7 311.5 297.9 284.5 276 278 298.6 316.5 331.3 342.6 358.7 382.8 416.3 451.9 475.6 498.2 519.5 533.5 541.9 549.2 555.1 560
51 58.8 67.2 71.1 74.8 75.8 88 100.4 110.4 124.3 139.1 142.8 142 141.1 138.9 139.1 133.5 143.2 167 185 204.7 233 264.4 308.7 333.2 379.7 382.8 378.9 391.2 390 385.4 373.6 362.7 353.5 357.8 363.3 361.2 359 356.7 353.2 352.9 344.1 363.6 379.1 385.4 392.1 394.6 388.6 395.3 396 391.7 376.1 356.5 339.6 325.6 311.2 297.3 285.8 274.5 262.3 265.7 287.5 306.5 322.2 337.8 351.5 368.1 392.9 431.9 465.1 486.2 510.9 531.9 545.1 552.1 558.3 563.8 569.1
46.9 53.7 64 70.3 68.9 69.2 73.7 88.8 104.7 119.2 123.5 125.8 126.8 128.1 127.2 125.9 125.6 124 139.5 155.2 175.5 197.5 226.7 257 292.6 339.2 351.3 356.8 376.2 377.2 376.4 364.6 352.4 343.1 346.8 349.2 347.3 343 340.6 339.6 334.5 329.1 352.6 359.2 365.1 370 371.2 360.3 358.1 359.9 353.5 342 323.5 306 291.9 280.5 270.3 265.2 256.2 253.6 274.8 296.5 315.3 330.5 346.2 363.4 382 405.3 445.3 477.2 498.9 522.9 541.9 553.3 559.5 565.3 570.9 577.2
42.9 46.2 48.5 54 57 63.6 67.2 77 92.3 108.4 110.3 115.8 114.7 113.6 119 117.8 116.8 112.3 113.8 127.7 144.5 164 185.8 223.6 255.9 281 313.5 335.1 353.5 359.3 366.4 356.4 345.9 334.7 336.7 335.9 332.6 327.4 323.1 324.4 318.7 312.8 330.4 331.9 334.5 338.7 338.4 334.6 320.7 321.6 313.1 300.7 288.5 273.7 261.6 251.2 249.6 248.9 240.7 261 283.8 306.4 324.8 342.2 359.3 379.4 399.7 422.9 463.8 488.1 511.2 533 550 559.9 565.3 571.7 578.2 584.1
42.2 42.7 43.3 46.1 50.2 57.5 65.6 76.5 86.2 95 101.1 106.6 106.5 106.8 112.8 111.4 109.4 103.8 99.5 103.3 117.3 136 156 177.1 229.3 253.1 272.4 295.2 342.5 348.5 351.5 342.4 336.6 324.7 319.3 316.9 311.1 309.7 304.9 303.9 296.8 290.9 300.9 305.1 301.9 304.6 304.4 303.1 290.1 284.3 278 267.9 257.1 246.2 235.1 231.5 235.7 237 247.3 271 294.2 317.6 336.1 353.7 372.8 395.3 417.7 452.4 477.5 498.5 520.3 541.3 557.8 565.7 571.6 577.9 585 589.5
43.5 42.3 42.4 43.7 44.1 49.7 56.9 61 73.3 81 88.6 98.8 101.3 103 104.2 107.3 101.3 97.9 93.8 92.7 94.1 108.1 127.6 147.1 189.9 230.6 244.9 266.4 322.5 331.6 337 330.6 323.4 310.6 305.3 296.2 288.6 286.5 283.5 280.4 276.2 270.3 272.5 275.4 272.9 269.7 268.6 264.7 262.4 256.8 250.4 243.4 232.3 221.6 217.3 216.8 221.1 236.7 261.5 283.4 306.3 329.4 347.9 367.5 389 410.6 437.5 469 491.6 506.4 527.8 548.6 564.2 571.6 577.1 583.7 588.3 591.8
46.7 46.8 42 44.5 44.7 49.1 49.3 53.4 61.7 69.4 77.1 86.8 86.7 86.7 93.4 96.9 96.4 93.6 87.7 85.8 85.4 89.1 100.5 122.3 152.7 199.6 217.8 243.4 300.5 316.5 325.3 318 307.7 296.3 291.6 283.3 273.6 265 261.4 266.8 258.5 250 249.7 247.9 245.7 242.7 240.6 238.9 238.4 239.1 228 220.1 210.7 209 210.1 222.3 239.6 255.6 276.8 299.2 321.4 343.5 361.3 384 408.7 432.8 455.1 478.9 496.7 512.7 534 553.6 566.5 574.3 581.6 588 591.7 594.3
49.5 48.2 43.1 46.4 50.7 52.4 53.1 54.2 55.8 61.7 68.3 74.5 77 80.4 86.7 89.8 90.7 87.7 80.3 82.1 80.7 77.4 82.8 101.6 128.2 164.8 181.6 217.9 259.1 302.1 318 305.5 290.8 284.3 283.3 274.2 268 255.8 235 250.1 245 230.3 233.9 228.7 226.7 222.7 219.3 219.5 217.7 217.3 208.9 203.7 204 213.4 226.4 240.4 255.4 274.6 293.4 319.2 339.2 359.9 378.5 401.9 430.1 456.3 470.6 485.7 499.9 519.3 539.8 556.7 567.8 572 582.1 591.6 595.6 594.9
48.3 48.4 42.8 42.9 44.8 48.8 52.7 54.7 55.3 58 63.3 68.1 65.9 73.5 78.7 83.2 86.4 81.8 77.9 78.2 78.1 74.5 75.6 87 106.7 138.7 166.8 193.6 217 277.7 301 291 277.9 273.1 274.7 267.4 258.1 245.9 218.2 234.1 229.5 217.1 217.4 213.8 208.7 205.8 201.8 202 200.4 201.4 199.9 204.3 215.5 224.8 238.3 253.5 271.4 292.5 312.3 336.9 358.7 375.4 394.9 423.3 449.2 461.2 472.7 486.1 500.4 518.5 542 558.7 567.2 573.8 584.9 593.7 594.3 591.4
47 47.5 46 42.4 41.4 42.4 44.1 49.1 51.7 52.7 55.8 57.8 62.1 68.8 72.2 76.5 79.3 77.1 73.6 74.5 74 69.3 69.7 76.7 93.5 113.3 147.1 168.2 190.9 251.7 270.5 273.4 265.9 262.5 265 256.9 247.5 235.8 215.1 213.8 211.4 204.1 201.9 196.8 195.3 192 190.3 191 193.2 201.6 208 217.8 227 239.8 255.7 272.7 291.2 310.9 330.5 363.6 375.1 389.5 409.5 429.2 446.2 461.7 469.9 479.5 495.2 511 534.4 555.4 567.3 574.8 583.1 591.2 593.9 585.6
46.1 43.3 45.4 45.2 42 40.1 39.4 41.1 47.6 49.2 48.1 46.3 49 61.4 68.8 70 70.3 68.9 69 71.7 66.8 66 68.1 75.2 84.8 96.3 122.1 140.6 167.5 222.2 251 256.8 249.4 245.9 248.5 247.2 239.3 228.7 211.5 197.4 191.9 191.5 191.8 190.4 187.1 187.4 193.2 199.7 204.8 212 220.5 231.3 243.9 259 272.5 292.1 311 331.8 351.7 378.8 387.3 398.7 409.3 427.3 446.5 456.4 461 466.4 481.9 496.7 516.6 541 558 567 572.7 579.8 584.8 577.1
46.3 41.3 41.6 43.6 41.8 40.1 39 38.5 43.9 46.4 46.4 45.9 46.5 54.4 63.1 64.3 65.2 63.8 64.9 65.5 63.9 62.2 61.5 67.4 76.6 87.6 101.5 117.4 144.1 195.8 237.7 239.3 232.5 230.6 234.1 235 230.1 221.4 204.2 191.4 177.7 179.5 180.5 187.1 193.9 196.6 202.1 208.1 214.8 223 232.6 246.6 260.7 273.6 292.5 311.1 329.7 349.4 365.5 381.9 386 392.4 401.3 418.7 431.6 440.3 447 452.5 464.3 477 487.7 505.2 543.2 557.1 562.3 562.7 567.1 560.5
42.3 40.5 34.7 41.9 42.4 41.6 40.3 38 41.4 44.5 46.6 46.9 46.6 49.2 53.8 58 60.4 59.2 59.8 60.4 60.1 54.7 59.5 65 71.8 80.9 91.4 102.9 127.2 164.4 221.4 224 218.3 216.7 222.6 222.5 219.5 209.8 193 172.1 169.8 183.2 197.7 201 204.9 206.3 211.4 218 226.8 236.7 247.7 262.7 275.5 288.4 312.1 328.9 342.7 353.7 364.4 376.6 383 384.2 389.7 399.6 409.3 422.9 432.4 437.1 442.1 455.2 467.6 481.9 524.9 538.6 545.4 550.2 548.9 545.7
34.7 34.7 34.7 39.1 40.2 42 41 38.6 39.4 40.6 41.6 43.6 43.9 46.4 49.1 52.8 55.2 54.8 58.3 57.6 57.4 51 58 63.2 69.6 77.9 88.2 97.7 114.8 142.5 197.5 213.7 209.4 205.2 209.4 211.5 211.6 199.3 176 174.8 194.9 206.2 207.7 210.6 216.1 218.8 224.1 230.8 239.6 250.3 262.9 277 290.3 306.3 328.5 337.6 346.4 353 362.8 372.6 376.3 376.1 380.6 389.5 400.9 410.5 420 428.1 428 436.3 445.5 462.3 477.1 501.5 513.9 522.5 523.5 524.4
34.7 34.7 34.7 34.7 34.7 40.2 41.9 39.9 38 37.7 38.5 40.9 44 45.8 48.3 50.6 51.3 51.4 51.7 53.2 53.3 48.6 53.1 60.9 67.8 74.4 82.8 91.2 108.7 127.5 164.5 203.2 201.5 198.1 199.3 201.4 200.2 186.5 162.7 185.7 203.2 213.5 216.3 220.8 226.8 230.5 236.5 244.8 252.5 262.5 273.6 291.4 316.1 332.4 336.8 342.1 343.7 350.5 359.2 365.7 367 366.3 369.7 378.6 394.2 404.4 410.5 417.3 423.8 427.4 436.7 447.3 456.6 466.4 482.8 494.1 498.3 498
