data/230000-970000.asc
ncols 200
nrows 200
xllcorner 230000
yllcorner 970000
cellsize 50
[rows 152 to 189 of 200, columns 0 to 83 of 200]
68.1 79.7 90 99.1 106.9 118.1 128.3 134.5 139.4 142.7 146.7 149.7 152.8 156.3 159.7 164.6 169.5 172.8 175.3 179.9 185.3 189.7 193.9 195.7 197.5 199.3 203.8 205.3 205.9 208.1 207.8 210.1 215 227.4 247.5 261.9 271.3 277.7 281 281.2 281.2 280 278.1 275.4 274.1 274.5 274.6 274.8 279.7 286.7 288.6 287.8 289.5 283.8 271.4 254 233.2 219.1 210 191.1 166.9 133.9 107.9 87.4 81.8 82.5 84 83.8 75.3 68.4 2.4 -1.7 -1.7 -1.7 -1.7 -1.7 -1.7 -1.7 -1.7 -1.7 -1.7 -1.7 -1.7 -1.7
60.4 72.7 84.4 94.5 104.7 116 126.4 131.7 136.6 140 143 146.6 150.3 152.6 156.1 160.6 164.9 168.9 171.1 175.4 181.9 186.3 190 192.6 194.6 196.5 200 201.3 202.9 203.9 205.1 207.6 212.5 221.8 235.8 255.6 264.8 272.3 276 277.8 278 278.4 278.2 277.6 278.9 279.8 281.6 284 289.9 294.5 294.8 296.5 295.1 291.8 288.1 280.3 260.3 241.1 228.9 215.3 199.7 168.3 127.4 110.8 105.1 89.5 85.6 78.3 72.1 65.4 21.4 10.2 9.8 -1.7 -1.7 4.7 -1.7 -1.7 -1.7 -1.7 -1.7 -1.7 -1.7 -1.7
54.9 67.3 79.2 90.4 102.7 114.6 124.6 130 134.9 138.5 141.7 144.5 147.9 150.8 152.7 156.5 160.7 165.1 167.8 171.5 176.6 181.1 184.3 187.8 190.1 192.6 195.9 197.4 198.7 200.5 202.4 205.3 210.4 218.2 231.5 250 258.8 266.6 271.3 274.2 276.1 277.7 278.9 280.3 283.1 284.8 289.2 293.9 300 300.5 301.8 301.1 298.6 299.7 294.2 286.9 279.8 265.2 243.1 226.9 214.6 186.6 149.3 132 114.2 94.9 88.9 81.2 74.5 30.1 63 63.5 63.1 62.7 61.6 59.5 18.1 -1.7 -1.7 -1.7 -1.7 -1.7 -1.7 -1.7
42.9 56.9 75.7 87.8 101.5 113.3 123.4 129.5 135.4 138.6 141.5 143.8 146.6 148.8 150.6 152.7 156.8 160.6 164.4 168.1 171.5 175.3 178.8 182.3 185.5 188.3 191.8 193.7 195.4 197.7 200 204.1 209.3 216.5 227 240.1 251.4 260.2 265.7 270.7 274.7 277.7 280.7 284.9 289.8 294.3 302.4 309.8 312.6 311.5 310.3 309.6 307.9 304 297.5 289.6 281.3 273.7 257.4 240.9 218.7 190.6 159.3 133.8 116.1 99.5 97.1 85.6 67.9 70.1 68 67.6 66.6 67.6 68 64.9 54.4 30.4 0.2 -1.7 -1.7 -1.7 -1.7 -1.7
58.1 60.4 72.7 85.4 98.5 112 124.1 128.7 136.3 139.2 142 143.5 144.7 146.1 148.2 150.1 153.5 157.2 161 164.7 168.1 170.8 174.1 177.3 180.6 183.9 187.5 190.2 193.2 195.8 199 203.5 208.5 215.1 224.7 234.6 245.3 254.1 260.8 266.7 273.3 277.8 283.3 288.4 294.1 299.8 308.5 314.4 317.2 319.1 319.4 317.7 314.2 307.8 300.3 292.3 282 274.3 260.1 246.4 216.8 187.9 155.4 134.1 117.4 107 96.3 85.7 83.8 79 72.3 72.3 72.7 74.3 73.8 69.7 63.6 54.1 49.6 -1.7 -1.7 -1.7 -1.7 -1.7
60.2 56.4 72.1 84.4 94.8 106.3 120.1 127.5 135 137.6 139.8 140.8 142 143.5 145.6 147.6 150.4 154 157.7 161.4 165 167.5 170.1 173.3 176.6 180.4 184.6 188.3 191.8 194.9 198.4 203.1 208.1 213.5 221.3 230.4 239.8 251.4 259.6 266.3 272.5 279.3 284.7 290.5 298.4 307.2 320.5 325 326.8 326.4 324.8 322 318.8 311.7 302.5 293.2 282.4 273.8 256.2 235 209.9 176.3 150.8 136.3 118.8 104 95.4 89.6 88.4 85.7 79.4 78.2 78.4 76.7 73.8 70.8 65.6 60.1 54.2 47.6 -1.7 -1.7 -1.7 -1.7
64.5 68.4 66 81.4 93 102.1 112.5 123.3 130.2 133.7 136.6 138.4 139.3 140.9 143 145.1 147.7 150.9 154.6 158.4 162 164.8 167.2 169.6 172.8 176.5 182.2 187.5 191.6 195.4 199.2 202.8 207.5 212.7 220.2 228.1 237 249.3 258.4 266.4 273.8 281 287.8 295.3 305.9 321.2 328.2 331.1 331.9 331.1 329.2 326.3 322.5 315.2 303.1 293.3 281 267.7 243.9 224.3 196.7 168.7 149.4 130.7 114.9 106.1 100.1 97 96.6 92.6 85.2 80 77.4 74.9 72.7 71 67.9 62.1 57.9 51.3 42.9 23.2 -1.7 -1.7
71.7 72.7 76.9 75.2 89.7 99.1 107.3 116 123 127.9 131.3 134.5 136.6 138.3 140.5 142.8 145.1 148.5 151.6 155.4 158.9 161.8 164.8 167.5 172.1 177.4 182.9 187.5 192.2 196.4 200.1 203.7 207.6 213.1 220.1 228 236.3 247 257.5 266.5 275.7 283.5 292.9 302.7 320.1 330.7 333.4 335.5 336 334.4 331.5 327.9 323.3 315.7 302.7 288.5 274.2 252.7 234.7 211.5 183.4 166.7 148.3 125.9 116.6 114 102.4 104.5 104.2 96.6 89 80.7 77.5 75.7 72.4 71.8 68.7 65.6 59.6 55 47.8 42.1 2.2 -1.7
79.4 79.8 80.3 82.1 79.4 94.4 102.8 111.4 117.6 123.8 127.7 130.9 133.7 135.2 136.9 140 142.4 146 149.1 152.5 155.9 159.2 163.3 167.9 173.1 178.3 183.5 188.8 193.5 197.1 201.1 204.8 209 214.2 220.8 228 236.1 246.7 257.6 268.4 278.6 288.5 298.8 313.6 331.4 336 338.1 339.7 338.6 335.8 332.3 327.8 322.4 312.8 300.7 280.3 258 241.4 229.2 199.2 175.8 160.2 150.1 132 120.7 113.6 109.1 110.4 108.9 104.3 98.2 89.1 84.4 78.1 73 72.8 71.6 68.9 61.9 58.9 52.5 43.6 31.3 -1.7
87.7 88.5 89.9 89.7 88.3 82.9 96.9 107 113.6 119.6 123.5 127.4 130 132 133.5 136.5 139.6 142.9 146 151.2 154.9 159.9 164 168.5 173.5 178.5 183.6 189.1 194 198 201.9 205.8 210.3 216.1 222.3 229.3 238.2 248.5 260.7 271.3 281.6 292.9 308.1 328.3 337.8 341 343 342.1 339.2 336 331.6 326.7 321 308.2 291.5 266.5 247.3 234.3 219.3 194.4 175.7 164 152.4 137.3 121.8 116.3 118.3 117.9 114.5 112.7 109.5 97 89.8 82.7 76.6 75.7 76.1 69.6 63.7 62 56.4 47.7 40.1 -1.7
90.6 94.7 98.5 98 96.8 94.3 96.1 98.8 107.4 112.9 118.1 123.1 126.4 128.2 129.6 131.2 138.3 143.4 147.3 151 155.2 160.1 165.1 169.3 174.1 179.1 184 189.4 194.1 198.9 202.8 206.8 211.9 217.7 224 232.1 240.7 250.6 263.3 274.2 285.4 297.9 316.9 334.3 341.3 344.4 343.9 341.9 338.9 335.3 330.7 325.8 320.7 300.1 276.7 257.3 239.5 225.1 208 193.4 179.7 169.5 157.5 128.6 127.4 126.3 127.1 125.4 121.4 119.4 118.5 104.2 96.9 89.8 80.8 79.3 79.4 71.5 63.6 60.9 58.8 51.5 45.6 14.9
95.1 101.7 105 103 103.3 101.4 102.2 104.3 107.2 103.7 104.5 113.7 118.9 125.2 130.9 136.4 140 143.4 147.3 151.5 155.5 160.2 165.3 170.2 174.7 179.6 184.4 189.4 194.2 199.1 203.7 208.3 213.5 219.4 226.1 233.8 243.1 254.3 266.2 277.5 289.8 304.5 325.3 338.8 343 344 343 341.3 338.7 335.7 331.3 326.6 319.6 291.2 267.7 247.9 232.7 217.7 206.2 194.7 186.9 178.9 152.6 143.5 136.6 137.3 137.8 132.9 127.2 122.9 119.4 110 101.6 91.2 84.9 82.6 79.8 71.8 63.5 62.3 60.1 54.2 49.1 39
96.8 103.1 106.7 108.4 108.6 107.2 106.1 108.4 111.3 113.7 116.9 119.3 122.5 124.6 131.3 136 140.1 143.3 147.2 151.4 155.6 160.4 165.7 170.5 175.2 179.9 184.7 189.4 194.3 199.1 204.2 209.6 214.9 221.1 228 235.7 245.9 257.9 270.5 281.6 296.4 316.1 332.8 341.2 343.7 343.7 343.6 341.9 339.1 335.9 332.1 327 319.9 290 264.7 248.8 230 217.9 207.6 196.5 188.6 179.5 167.2 159.1 154.2 150.2 147.8 142.4 131.1 127.5 122.4 112.8 103.8 94.5 89.1 85.9 81.5 70.2 65.3 64.8 62.6 57.1 50.6 41.9
99.4 102.3 107.2 110.6 112.3 111.7 109.9 111.5 114.1 118.1 120.4 122.3 125.3 128.3 127 134.5 139.3 143.3 147.1 151.3 155.4 160.2 165.5 170.9 176 179.6 184.4 188.9 193.6 198.7 204.4 210.1 216.7 223.2 231 240.1 250.4 261.7 274.1 286.6 301.5 321.6 336.9 342.3 345.6 346.3 346.1 344.3 340.8 337.1 332.9 326.9 318.3 286.9 265.9 248.5 227.3 216.8 208.7 206.3 204.2 196 188.5 183.7 176.2 166.1 155.5 147.4 137.8 133 125.2 114.7 106.5 99.8 91.5 87.8 81.3 73.8 69.6 68.2 66.2 57.6 48.2 41.2
101.8 102.5 106.1 110.2 113.4 113 113.4 114.8 117.5 121.4 123.9 125.3 128.5 131.5 134.3 137.5 140 142.1 147.2 151.1 155.5 160.3 165.3 170.4 175 179.5 184.1 188.6 193.3 199.1 204.8 212 218.6 226.2 235 245.2 255.5 265.1 276.7 291.2 312.5 331.1 340.8 345.5 348.2 349.2 348.5 346 342.5 338.9 331.5 325 308.7 283.1 264.7 247.7 227.6 215.9 217.7 221.8 221.6 217.5 213 210.4 204.2 185.8 165.8 153.2 145.5 137.9 127.1 118.2 110.2 102.7 93.1 89 83 78.2 72.6 72 64.2 54.9 47.9 41.3
103.7 104.2 106 110 114.3 115 115.4 117.6 121 124.6 128 128.3 130.6 133.8 137.2 140.2 142.1 145.8 149.2 152.6 156.3 160.7 166 171.2 175.1 180 184.4 188.8 193.6 199.4 205.3 213.1 221.2 229.4 239.7 249.9 259.5 269.9 282.2 299.3 320 338 345.8 349.9 352.1 352.3 350.6 347.4 343.8 339.8 329.4 319.6 298.1 281.1 264.5 247.8 233.5 234.9 237.1 234.4 230.7 227 223.2 220.7 219.6 205.3 177.2 160.7 152.4 141 128.8 121 114 102.8 93.5 90.1 87.2 81.4 75.8 68.3 60.1 54.7 49.8 46.4
104.7 105.7 106.6 109.3 113.1 115.4 117.7 120.1 123 126.7 130.2 131.2 132.6 135.5 138.9 142.9 145.9 148.9 152 154.8 158.5 162.3 166.9 171.5 175.7 180.4 184.7 189 193.8 199.8 206.6 215 223.8 233.1 244.4 254.2 264.4 277.4 290.9 306.2 325.8 344.6 350.7 353.4 354.9 354 352 348.7 343.3 339.4 324.7 309 293.4 279.2 263.3 244.5 251.8 250.3 244.4 238.3 238.3 236.5 231.1 225.8 220.9 208.6 183.5 166.8 154.2 138.8 130.1 122.6 112.3 100.5 95.8 92.8 89.1 84 76.7 69.5 63.6 58.3 53.6 54.3
105.7 106.8 107.8 109.8 111.7 114.6 116.5 119.8 123.1 126.7 130.4 132.2 134.2 137.3 140.6 144.9 148.8 152 154.2 156.7 159.9 164.2 168.5 172.7 176.9 181.1 185.8 190.4 195 200.3 207.9 217.7 227.8 237.6 248.4 260.5 273.1 289.2 303.6 320.2 338.8 351.6 354.6 357.2 357.1 355.5 352.1 348 342.7 337.1 319.8 303.2 290.4 271.5 271.1 266.5 260.6 255.3 251.4 250.6 252.8 246.9 237 228.4 221.2 208.6 185.7 169.5 152.2 140.7 132.6 120.7 110 98.7 97.2 94.4 89.6 85.7 83 75.5 70 64.8 61.1 61.7
106.1 107 108.4 110.9 113.1 115.9 117.6 119.5 123.3 126.7 130.5 132.7 135.5 138.7 142.1 146 149.9 153 156.7 159.3 162.3 165.6 169.6 173.8 178 182.2 187 191.8 196.6 202.4 211.4 222.4 234.8 244.8 254.1 267 282.9 301.2 317.7 335.4 354.5 358.2 359.2 359.4 357.5 355.2 351.4 347.4 341.8 333.8 320.1 304 292.3 290.1 283.9 277 270.1 266.4 265.3 263.4 260 251.1 238.5 227.4 221 207.4 181.9 167.7 154.3 142.8 126.4 116.2 106.5 100 98 93.8 92.1 89.9 86.7 81 74.1 69.7 72.3 66.3
106.7 107.6 110.1 112.7 114.7 118.3 121.7 119.7 123.1 127.1 130.7 133.5 136.4 139.7 142.7 146.8 150.7 154.4 158.7 161.9 164.9 168 171.5 175.1 179.2 183.4 188.4 193.5 198.8 205.4 214.4 227.6 242.4 251.8 261.2 277.6 296 317.2 337.8 356.5 362.9 363 362.4 360.7 358 354.3 350.3 346.3 340.8 332.6 319 305.3 297.3 293.3 286.9 282.2 277.5 273.3 270.1 265.2 259.2 249.3 236.4 229.4 219.9 200.2 178.3 164 151.7 128.2 118.4 113.2 104.1 101.3 101.1 96.8 95.3 92.4 89.4 85.7 78 74.8 74.5 68.1
107.1 109.1 111.7 114.4 116.6 120.3 124.8 124 122.7 127.6 131.2 134 136.6 140.1 143.6 147.2 151.4 155.7 160 163.8 167.2 170.4 173.9 177.4 180.9 185.6 190.2 195.6 201.8 208.5 217.1 228.6 244 257.8 268.4 289.3 313.4 339.9 362.4 369.4 367.6 365.3 361.6 359.2 357 353.3 349.3 345.2 340.1 330.9 319.4 308.5 304.3 296.3 291.1 286.6 280.6 274.1 270.7 263.1 256.5 244 235.4 230.2 214.3 191.2 174.8 161 134.4 121.1 116.4 111.1 105.1 105.3 105 100.7 97.7 94.6 91.5 86.2 79 77 74 67.5
109 110.8 113.4 116.2 119.3 124.9 127.2 127.4 127 128.3 131.6 134.7 137.2 140.6 144.1 147.6 152.2 157.4 161.6 166.2 170.9 174.1 176.7 180.2 183.2 187 192.2 197.9 204.9 211.7 219.8 228.3 240.5 253.9 268.9 291.6 324.3 357.1 368.1 367.6 365.9 362.9 359.8 357 354.7 352.2 348.5 344.2 339.4 332.1 322.1 312.1 304.2 298.9 294 288.1 281.4 274.7 268.9 262.9 253.3 240.8 236.9 225.8 205.2 186.6 168.5 145.6 127.2 120.4 116.9 110.6 110.4 109.5 106 101.7 98 94.1 88.7 82.1 79.2 77.4 73.9 64.8
111 113.1 116.1 118.9 123.7 128.2 129.8 131.4 129.7 128.1 131.7 134.8 137.8 141.2 144.8 148.4 153.3 158.6 163.4 168.1 173.8 179 179.4 182.2 185.8 189.3 194.3 200 205.9 212.9 220.4 228.1 238.8 251.1 267.7 292.1 325.3 348.7 358.7 359.8 358.6 355.8 353.6 353.3 352.6 350.7 347.6 343.3 338.5 332 325.7 316 306.2 299.2 294 287.3 280.1 273.9 268.2 263.3 250.6 242.2 232.7 216.6 198.3 184.1 164.1 144.1 128.5 123.9 122 115.5 114.8 112.1 106.6 101.2 96.4 94 83.4 81.3 79.8 77.3 67.8 56.4
113.4 115.8 120.5 123.5 128.6 131.7 132.9 133.6 131.8 128 131.8 135 138.2 142.1 146 150 154 159.2 164.8 170 177 183.5 183.9 184.3 187.7 191.7 196.3 202 207.7 214 221 228.5 237.4 251.1 266.8 293.9 330.3 334.6 340.7 345.1 346.1 347.4 348.1 348.9 349.3 348.7 346.4 342.5 338.7 333.1 325.5 317 308.8 300.9 293.6 285.6 279.4 273.8 268.8 261 248.2 240.6 227 210.1 194.8 178.8 159.6 146 135.3 130.8 126.9 120 117.4 113.7 105.1 99.2 95.3 86.2 81.4 81.6 79 69.3 59.2 49.7
115.1 118.5 123 127.4 132.7 135.3 135.7 135.7 133.2 128.8 131.8 135 138.3 143.7 147.7 151.1 155.1 159.6 165.3 171.6 177.8 186.4 187.6 186.8 189.9 194.1 198.3 204 209.8 215.8 222.2 229.4 236.8 251.1 270.9 292.7 309.9 317.6 322.1 326.4 331.5 336.8 342.4 344.3 345.8 346.1 345.6 342.7 339.1 331.7 323.9 315.9 308.7 301 292.5 285.4 278.7 273.2 266.1 257 248.6 233.7 218.9 204.2 191.9 175.4 162 151.9 142.5 135.7 125.7 123.7 117.2 109.2 100.9 95.5 87.5 80.6 79.3 77.5 69.4 60 51 42.8
115.7 119.5 125.6 131.2 134.3 137.1 138.4 138 136.5 133.1 132.6 133.9 138.4 143 149 152.3 155.9 160.2 165.5 172.1 177.8 183.7 185.6 188.4 192.4 196.5 201 206.1 212.1 218.1 224.8 230.7 237.4 250.5 270 280.4 289.4 298.3 304.9 309.1 315 325.3 335.8 340.7 343.5 344.9 344.7 342.2 337.9 330.2 321.8 314.8 308.2 300.1 291.7 284 277.6 271.3 262.4 255.5 241.5 226 212.4 201.3 189.2 174.5 165.8 153.1 141.6 130.7 126.5 119.5 110.5 101.8 95.9 87.6 80.4 77.1 75.5 69.5 58.2 48.9 40.6 35.8
117.7 119.9 125.6 132.5 134.1 136.8 139.4 140.7 140.1 136 135.6 136.1 136.6 141.6 148.2 152.9 156.9 160.5 165.2 170 175.1 179.2 183.5 188.7 193.8 199.7 204.4 209 214.1 219.2 225.2 231.7 238.2 247.2 257.3 267.3 276.6 285.9 292.1 297.2 304.9 318.8 331.1 336.2 340.4 343 343.5 340.4 335.9 328.7 320.1 313 307 298.8 290.2 281.8 275.2 268.2 261.1 248.9 233.2 219.9 206.3 197.5 184.1 176.3 161.8 148.7 136.6 127.9 121.9 112.8 103 96.2 90 81.6 76.7 73.2 66.5 56.8 46.8 39.4 37.2 34.8
119.8 120.1 124.2 129.1 133 135.7 138.5 140.2 141.8 138 137.9 138.7 139.3 142 147.8 152.2 156.3 160 164.7 169.4 173.5 177.8 182.6 188.4 194.1 200.9 206.7 211.9 215.6 218.9 223.1 229.7 235.8 241.8 247.8 255.5 266.1 276.4 282.5 287.1 294 306.1 319.7 330 335.7 339 339.7 336.6 331.2 325.2 318.5 312.6 306.3 297 287 278.8 272 266.4 255.1 239.8 226.8 210.2 196.4 185.3 177.4 165.6 151.4 139.3 129.8 125.4 118.4 104.5 97.6 91.7 85.7 76.9 72.6 66.8 58.1 46.5 40.4 43 41.1 36.5
122 122.1 123.9 127.3 130.7 133.6 136.5 138.4 139.7 138.8 139.2 139.7 143.7 145.7 148.1 151.6 155.5 159.9 164.2 169.1 173 176.8 182.5 188.2 194.5 200.5 206.3 212.6 216.5 218.4 220.3 225.3 229.3 233.4 238.5 245.6 255.2 265 271.3 275.8 283.8 293.4 303.6 316.3 328 332.5 333 330.1 326.5 322.1 317.8 312.4 304.1 293.2 284.7 277 270.2 259.6 244.8 229.6 211.5 193 178.9 169.5 161.3 148.3 139 130.6 124.2 119 106.6 98.4 93.9 88.6 78.3 71.3 63.5 57.8 47.2 45.2 46.6 50.5 45.2 42.2
124.3 124.6 124.8 125.6 128.4 131.3 133.7 135.6 137.5 137.9 138.8 139.7 142.4 145 148.2 151.5 155.1 158.9 163.4 168.4 172.2 176.6 182.3 187.9 194.2 199.9 205.7 211.2 214.2 216 216.8 219 221.9 225.9 230.3 235.8 243.8 252.6 257.4 266.3 274.1 282.5 290.6 301 314.1 322.3 325.5 326.5 324 320.6 316.2 310.8 299.3 288.5 279.7 272.4 262.9 249.7 233.1 215.6 193.6 178.2 164.3 154.5 144.5 137 130 122.9 116.1 108.3 100.5 96.4 88.9 79.2 68.6 59.2 51.4 51.9 49.2 52.6 57.1 57.7 49.8 52.3
127.9 129.1 128.4 126.3 126.7 130 132.3 134.1 135.8 136.9 137.8 138.7 140.5 144.3 148.2 152.6 154.8 157.7 161.9 166.6 171.9 176.6 182.5 188.2 193.6 198.9 204 208.6 210.7 212.4 212.8 213.8 216.8 219.5 223 228.5 234.7 241.8 248.4 257 265.6 274 281.4 290.6 304.4 313.9 320.1 323.3 322.7 319 314 307.7 293.8 282.4 272.5 262.3 253.5 238.9 222.4 197.1 178.4 163.7 152.7 143.7 135.9 127.7 119.7 110.3 103.7 101.8 100.6 90.2 78.4 67.1 57.1 56.3 58.3 56.4 56.4 62.1 73.7 64.6 58 57
130.8 131.8 131.4 130.6 129.5 128.1 130.7 132.9 134.3 135.4 136.7 137.6 139.3 144.2 148.4 154.2 154.7 156.6 160.7 164.9 171 177 183 188.6 193.6 197.6 202.7 205.8 208 208.9 209.3 210.1 212.8 214.9 218.7 224 228.5 234 241.6 248.9 256.9 266.1 272.9 280 292.8 308.1 317.3 321.5 321 316.4 311 300 285.1 273.4 262.9 255 242.9 228.4 206 183.6 166.6 156.9 144.2 135.2 125.9 115.4 104.5 99.2 99.8 100.8 90.7 76.7 64 57 56.8 61.9 63.5 61.2 64.7 72.4 75.4 67.1 63 60
131.7 132.6 132.7 132.3 131.4 131.4 132.5 132.6 132.8 134.3 135.1 136.1 138.1 142.1 146.5 149 151 155.8 159.8 164.1 170.6 177.1 183.5 189 193.4 196.8 199.9 202.5 204.3 205.1 205.7 207.3 209.6 211.2 214.3 219.4 223.8 227.4 232.8 240 247.4 256.5 264.3 272.9 284.8 301.4 315.1 318.2 316.9 312 303.7 288.7 277 267.1 258.5 246.5 231.8 211.9 190.5 174.6 163.9 148 137.2 125.7 115.2 102.8 96.6 95.8 96.9 91.8 73.9 64 57.5 59 63 70.7 69 67.8 74.2 82.8 78.5 68.6 66.4 64.2
133 134.1 134.2 134.2 133.3 133.6 136 136.1 134.8 133 134.5 135.5 137.1 138.6 140.9 143.8 148.1 155.9 159.8 164.2 170.9 177.9 184.3 189.4 193.3 196.1 197.8 200.3 202 202.6 203.5 204.9 206.3 209.1 211.9 214.7 218.6 221.8 225.2 231.3 239 248.2 255.2 263.4 277.4 293.4 308.1 311.7 310 302.4 290.7 277.3 269.2 259.4 248.7 233.1 213.4 196.1 179 168.5 154.7 142.5 130.8 118.3 105.7 95.3 91.4 89.1 82.9 71.8 62.1 61 63.9 68.8 81.7 81.7 77.5 77.8 87.1 87.5 76.6 69.3 68.1 66.4
135.5 136 136.2 136.1 136.4 136.6 138.4 138 136.5 135 134.8 135.9 137.3 138.3 138.4 143.2 147.8 155.7 160.4 165 172.1 179.1 185.2 189.2 192.4 194.6 196.5 198.6 200 201.1 202.2 203.3 204.6 205.6 208.2 210.5 213.6 216.3 219.1 224.8 232.1 239.6 246.1 252.4 265.5 278.5 291.1 296 294.5 286.8 276.2 266.9 257.6 248.1 232.1 215.2 197.7 183.5 171.8 161 148.4 137.2 127 110.4 98.2 90.1 86.1 76.3 66.7 63.6 66.3 70.3 77 85.5 92.6 93.3 94.7 91.5 94.6 86.6 71.4 68.2 66.8 85.8
137.4 137.9 138.2 138 138.1 139 140 140.6 138.9 137.2 136.2 136 137.3 138.7 139.7 144.3 149.1 158.1 161 166 172.8 179.2 184.1 187.1 190 192.8 195 196.5 197.8 198.9 200.1 201.2 202.2 203.6 204.8 206.8 209.8 211 213.9 218.8 225.1 230.9 238.4 243.8 251.6 261.5 269.5 273.5 273 270.2 263.2 252.9 243.7 231.9 213.2 196.8 186.2 175.8 165.1 153.1 142.4 135.2 122.6 102.9 95.4 88.4 76.8 65.3 64.3 71.1 78.9 85.9 96 99.4 100.4 102.3 105.1 101 91.1 78.1 70.3 68.3 75.1 97.1
138.2 139.3 139.5 139.5 140.1 140.9 141.5 141.9 141.7 140.1 138.5 137.5 137.2 140.2 141.8 144.9 149.9 156.9 160.4 165.7 171.9 177.2 181.5 184.6 187.4 190 192 193.5 194.9 196.2 196.7 197.9 199 200.2 201 203.1 205.5 205.7 209.6 214 219.6 223.8 228.2 235 239.9 245 248.7 250.3 250.8 248.2 242.2 233.8 226.1 213.7 197.4 186 175.8 166.2 156.1 146.3 139 131.5 114.6 102.1 93.8 78.8 65.7 65.8 75.3 87.6 92.7 100.5 106.8 112.4 116.6 109 102.6 95.2 86.1 78 71 74.6 89.7 97.4
139 140 140.5 140.7 141.5 142.3 142.8 143.3 143.4 142.4 140.7 139.5 138 140.5 142.5 144.7 149.9 155.1 159.2 164.7 169.5 174 178.2 181.8 184.6 187.1 188.9 190.6 191.4 192.7 193.5 194 194.9 196.3 196.7 198 199.4 200.7 204.4 209 214.4 218 220.5 224.2 228.4 231.4 233.1 233.8 232.4 227.9 222.5 217.3 210.7 202 189.7 176.9 166.3 158 149.3 141.4 135.2 122.8 110.7 98 81 65 67 80.4 88.6 100.8 112.2 112.8 118.4 127.4 129.8 118.6 104.8 96.4 85.8 78.3 78.9 87.7 93.8 99.8
