data/230000-920000.asc
ncols 200
nrows 200
xllcorner 230000
yllcorner 920000
cellsize 50
[rows 140 to 174 of 200, columns 0 to 78 of 200]
656.7 653.4 599.4 559.5 527.2 500.5 484.7 468 457.8 442.5 437.7 434.8 434.7 429.6 426.2 421.1 422.5 400.9 371.4 348.5 341.3 333.5 333.5 334.3 334.4 335.8 333.5 334 343.7 340.7 342.9 350.6 351 357.8 357.8 359 366.6 371 366.9 363.2 359.2 354.5 349.6 339.2 333.8 324.7 320.5 314.4 312.6 310.1 305.4 300.1 296.6 291.5 290.4 285.2 286.8 288.4 285.8 281.6 273.4 275.3 269.3 271.9 274.2 275 268.7 265.1 264.8 263.8 264.6 258 257.5 254.9 252.9 251.5 250.4 250.3 248.6
665 644.3 597.3 554.7 525.6 509.6 495.4 476.7 460.8 453 449.1 446.2 450.9 441 435.5 433.1 422.9 427 411.6 375.8 359.2 352.7 349.4 347.6 346.1 347.3 343.8 342.4 338.2 340.8 342.3 348 350.3 357.4 360.9 362.6 369.7 374.9 377.3 368.8 364.3 361 355.1 348.5 337.7 329.7 321.3 316.9 314 311.7 307 300.8 297.1 292.2 287.3 282 287.2 288.6 285.7 284.9 282 273.3 267.7 267.1 269.9 268.2 267.2 272.4 266.8 264.7 258.8 263.3 264.4 261 257.9 255.1 252.7 253.9 248.6
672.8 655.5 599 551.1 532.1 515.9 498 478.6 468.4 461.9 463.5 457.3 453.8 446.4 439.4 435.5 434.8 436.4 418.4 393 364.9 358.2 356.5 351.8 341.1 353 353.2 351.3 349.7 348.1 344 347.6 354.1 360.2 366.4 366.1 373 376.5 378.7 375.3 371.2 366.9 357.3 350.2 343.3 333.7 325.7 323.4 321.7 318.6 311.3 303.7 298.8 293.8 288.8 281.5 283 282.2 277.2 282.1 283.4 278.3 269.7 267.6 267.3 267.4 267.1 271.1 267.4 269.1 268.1 269.4 264.7 261.6 261.1 258.8 255.1 255.6 249.5
677.4 650.1 590.3 556.5 544.8 528.7 515.9 492.2 479.4 475.9 468.7 465.4 459.3 454.5 448.2 446.3 439.2 429.4 416.6 394.8 372 357.4 353.5 350 335.4 352 358.7 358.2 351.7 353.7 348.6 347.1 354.9 362.6 366.2 374 378.2 378.1 379.4 380 377.1 372.3 362.7 356.3 352.1 345.4 339 332.5 326.9 321.8 320.4 316.4 306.2 300.3 295.1 283.6 277.2 277.2 277.2 278.4 283.1 280.7 269.8 267.4 268.1 268.7 267.2 271 269.1 267.5 270.1 267 264.1 261.2 261.3 258.1 257 255.7 251.6
681.1 648 591.9 566.2 551.7 540.2 519.5 504.1 497.4 490.2 479.9 475.1 470.9 463.1 460 458.7 442.4 432.3 404.8 384.6 368.4 362.5 346.3 333.5 333.5 342 363.7 364.6 360.7 351.3 347.4 349.2 362.5 370 370 373.5 379.2 378.6 380.4 381 379.8 376.9 367.7 360.7 357.5 350.9 345.6 339.2 333.2 329.1 320.3 317 315.4 305.3 297.4 290.1 279 277.2 277.2 276.7 280.3 276.1 268.4 268.1 272.5 277.2 268.4 271.4 271.4 269.4 268.6 269.1 266.7 262.7 261.6 256.4 254.8 255.7 248.6
685.6 648.3 598.1 573 560 545.7 524.9 513 512.9 501.1 496.5 486.1 480.4 475.5 470.5 468.8 458.4 434.7 411.1 388 363.8 352.9 333.5 333.5 340.3 333.5 359.6 361.5 355.9 350.1 348.6 352.1 365.9 372.8 372.6 372.6 375.5 378.7 379.3 381 381 376.2 373 369.8 362.1 355.1 347.9 342.3 337 330.7 323.2 320.4 313.5 308.8 300.8 294.8 289.1 277.2 277.2 276.4 279.7 276.7 271.1 269.6 271.6 273.4 271.1 274.4 269.3 267.7 268.6 266.3 270.5 264.6 261.6 255.5 253.2 251.8 251.5
690.3 654.7 606.4 570.7 555.3 540 524.6 519.3 511.3 502.6 498 493.5 486.1 479.6 476.7 474.9 466.9 448.2 423 394.8 366.8 351.8 345 337.6 340.3 333.5 357.4 364.9 360.9 362.3 353 357.5 365.5 373.7 378 376.6 379.5 381.6 383.6 383.4 382.6 379.6 374.9 374.9 372.2 364 355.8 345.8 338.6 336.1 327.3 316.3 311.1 307.5 300.9 300.6 296.6 282.6 279.4 282.1 278.3 279.6 282 273.4 270.4 272.9 270.4 272.5 270.3 267.3 264.6 266.6 271.4 266.9 260.9 255.9 252.4 249.9 248.6
695.8 660.6 606.7 571.7 550.2 540.8 526.8 520.5 511.6 504 496.5 495.8 492.3 490.9 480.1 474.8 474.5 456.6 440.2 407.4 368.9 354.7 351.1 349.8 354.1 360.4 364.3 360.7 361.1 359.4 361.5 367.8 365.1 370.3 378 378.4 385.9 385 385.6 388.5 392.4 389.5 383.3 380.5 377.2 375.1 362.5 354.1 342.5 336.8 328.6 316.3 308.5 304 297.4 295 297.9 297.2 289.3 292 282.5 279.6 280.9 275.6 268.5 271.2 268.4 267 268.1 267.6 264.6 256.8 262.4 263.6 262.5 256.9 253.7 251.1 248.6
692.7 654.8 610.4 577.7 562.2 550.9 536.9 522.6 516.3 518 506.5 507 510.2 503.2 488.5 481.6 478.1 460.3 439.4 423.2 385.2 359.6 362.7 357.8 372.3 372.1 380.2 379.5 367.4 366.3 372.6 377.4 370.8 373.8 384.1 380.3 388.4 391.1 391.1 397.2 400.9 400.4 392.6 387 388.8 383 374.3 356.2 345.3 336.6 328.4 319 308.5 302.2 296.3 293.4 297.2 298.5 291.1 287.9 281 288.1 283.7 275.1 269.1 266.7 264.8 262.9 264.2 269.6 267 261.3 251.5 254.1 256 255.8 255.2 253.1 248.6
709.2 665.1 622.8 590.7 576 565.3 548.6 527.4 520.7 517.5 514.5 512.2 514.2 502.6 490.4 484.1 480.5 462.7 443.1 429.7 386 371.6 378.5 364.6 377.1 378.5 391.5 391.3 384.9 382.2 377.6 386.7 383.2 383.4 391.3 395.2 395.4 395.6 398.3 403.3 404.7 405.2 405.7 397.6 395.1 391.6 383.5 367.4 352.6 342.3 330 318 307.9 301.2 298.2 294.6 291.2 291.6 287 286.2 286.6 290.7 287.7 278.7 277.4 277.9 270 263.2 262.4 264.5 267.9 259.4 251.9 251.1 251 252.5 255.4 255.2 254.7
715 670.9 634.3 605.1 592.4 578.4 561.1 536.6 525.6 518.7 517.6 517.9 518.3 512.7 495.3 486.6 483.4 474 455.3 429.5 390.8 386.4 384.9 372.7 386.1 381.6 390.2 398.8 395.5 395.6 394 400.5 392.6 392 389.8 400.4 403.3 405.6 406.5 407.9 410.3 411.5 413.1 409.9 404.4 401.4 394.8 387 367.2 350.9 337.5 323.6 310.4 303.5 300.6 300.4 296.5 293.5 291 289.1 293.5 295.8 294.4 284.5 275.9 276.4 271.8 263.8 260.8 259.1 260.3 255.5 253.3 255.6 251.4 250.4 251.7 254.6 256
713.9 668.7 640.8 617.3 604.2 585.4 571.9 553.4 537.1 524.5 525.6 522.2 523 518 510.8 496.5 490.4 475 460 424.4 402.6 400.8 390.2 378.3 390 390.7 398.6 400.2 399.7 397.9 394 399.5 406.7 408.4 399.9 404.7 407.8 410.4 413.5 416.3 415.3 416.3 417.5 416.6 415.2 410.8 407.9 402.3 387.5 356.7 343.7 331.3 320.1 315 312 302.8 300.1 298.9 296.4 298 299.4 299.1 297.4 286.4 275.5 270 267.8 264.3 263.1 259.5 256.7 256 254.6 255.6 255 250.7 249 250.3 250.9
703.2 666.5 640.1 624.3 607.4 592.9 575.7 554.7 544.6 532.8 535.9 532.1 529.5 516.4 510.6 509.5 491.8 476.9 456.2 426.8 419.7 412.4 387.8 384.8 396.1 394.6 397.8 399.6 402.1 402.9 398.4 408.3 417.6 416.7 420.9 420.3 417.3 415.3 414.4 418.2 418.7 421 419.7 419 418 415 414.6 414.8 417.4 370.2 351.2 342.1 331.4 318.3 314.2 311.1 309.1 304.5 305.2 303.4 303.2 301.7 300 287.9 276.3 270.4 269.8 267.9 268.3 267.3 259.7 258.5 256.1 258.2 262.9 254.9 251.5 249.1 250.3
697.2 671.4 637.3 617.4 609.1 603.5 586.8 563 552.5 537.6 536.9 532.3 529.6 515.2 510.1 503.5 495.4 481 460.1 431 417.4 407.4 391.7 391.6 391.7 396.8 398.8 400.5 401.8 405.1 406.9 415.2 422.7 423.3 424.9 425.6 427.6 426.3 425.1 425.8 424.7 427 425.3 423.2 422.6 422 422.5 420.8 424.5 403.9 368.5 356.2 341.5 323.8 316 315 315.1 310.2 309.2 308.5 307 304.8 302.8 285.9 280.5 276.1 270.7 270.9 274.3 272.5 262.3 259.7 258 259.5 263.8 262.4 253.8 250.8 249
699.5 670.9 629.6 614.9 610.1 603.3 582.5 570 562 547 544.9 544.2 538.2 517.4 511.1 503.5 491.8 476.9 458.8 437.6 420.8 412.1 401.4 396.4 397.9 395.8 397.5 398.5 401.4 408.3 411.9 418.3 423.7 427.8 429.7 434.1 437.5 435.7 433.2 431.5 432.2 434.9 431.5 428.2 427 427 430.1 430.6 428.8 425 388.9 372.4 351.6 334.9 323.8 319.3 320 317.7 314.5 311.7 309.4 307.6 304.4 288.6 281.9 282.9 277.1 274.1 275.7 271.5 265.1 262.6 260.6 261 263.1 262.3 255.8 253 249.3
704.7 673.4 644 627.5 620.9 601.7 582.5 571.4 564.8 564.2 562.1 553.4 538.5 526.9 518.9 511.2 493.8 476.4 460.1 441 428.6 409.8 415.8 407.9 402.8 404.5 404.3 406.5 404.4 410.3 417.5 423.2 430.8 434.5 438 439.9 439.9 440.5 436.4 434.9 438.8 440 437.9 436.8 436.3 438.1 440.3 440 435.5 420 402.3 386.2 373.8 349.7 334.1 327.1 325.1 322.4 319.7 316.4 311.6 310.2 306.3 292.4 286.6 285.2 278.7 280.4 277.9 269.7 269.1 270 267.2 265.9 264.8 261.3 258.8 253.6 249
710.9 682.4 666.7 651.2 642.3 611 592.8 582.2 574.3 571.9 581.6 568.1 549.9 539.6 529.4 520.5 501.3 475.8 459.7 439.8 422.6 414.1 422.2 419.4 411.6 414.1 424.6 419.7 430.5 423.7 425.5 430.7 439 441.7 445.8 447 448.2 451.7 445.8 442.7 448.7 445.8 447 445.8 446.1 448.7 449.5 449.4 443.8 428.8 412.8 400.4 382.4 357.3 346.8 340.3 333.4 329.5 326.5 320.3 314.6 311.5 308.3 300.6 288.9 283.6 282.8 284.5 273.8 272.1 270.9 271.5 273.9 269.3 268.5 263.3 259.4 257.6 254.3
716.6 686.8 677 654.6 644.2 625.5 615.5 602.4 591 584.2 582.6 569.2 553 543.1 534.1 530 518.5 486.5 460.1 431.2 419.6 419 424.6 424 426.6 428.1 441.1 440.6 440 429.8 434.2 435.6 443.8 449.3 454.3 456.2 456.1 457.7 457.4 456 456.7 455.2 455 455.6 456.1 455.4 456.9 456.3 450.5 438.7 426.7 414.9 392.3 375.9 365.2 356.6 346.1 342.4 336.7 325.3 318.8 314.6 313.9 308.4 294.3 285.9 285.4 286.5 282.8 277.1 272.8 274.4 273.2 273.4 271.7 270.1 268.6 269.3 265
728.4 693.9 671.2 648.5 642.2 636.3 627.3 614.5 608.3 591.5 579.9 570.2 560.1 555.3 544.9 535.6 522.5 486.4 469.4 433 422.2 423.4 432.8 437.6 438.7 449.7 454.2 455 449.4 436.2 443.7 444.4 449.3 457 460.9 463.2 465.4 467.8 465.4 463.6 463.4 465 465 464.9 466.2 464 462.9 463.2 462.4 455.3 442.4 429.4 411.7 400.9 383.6 370.2 363.6 362.4 351.6 340.5 331.9 321.5 315.9 308.1 300.1 294.3 289.7 290 288 282.1 278.3 279.7 277 276.3 274.6 272.7 272.4 275.2 270.9
744 710.9 678.7 664.7 644.2 643.4 641.7 625.9 616.5 599 588.5 578 572.6 565.8 552.9 539.3 520.5 482 464.6 444.9 429.7 431 444.1 454.3 452.8 458.1 461.9 461.9 453.4 451.2 453.2 456.3 458.5 466.5 470.1 470.1 473.3 474.3 473.9 471.1 471.9 474.1 474.9 475.7 476.5 477.4 475.9 474.1 476.7 474.7 465.9 450 437.5 425 409.3 397.4 384.4 375.7 366.2 354.7 343.9 336.1 325 315.3 307.2 299.2 293.1 293.5 293.8 290.7 288.2 287.8 286.2 284 279.5 277.3 276 273.9 269.5
752.7 713.9 686.1 672.5 656.9 651.5 645.2 629.3 611.9 599.9 591 583.6 572.7 566.4 545.2 531.4 512.1 481 457.1 443.7 444 449.1 462.3 463.9 463.7 463.7 465.6 465.6 461.4 461 460.2 464.4 470.1 474.7 477.9 477.4 479.7 479.7 480.3 478.6 479.9 482.7 484.6 486.7 488.4 489 488.9 489.8 491.8 492 487 477.3 464.1 445 433.9 423.4 410.1 400.6 385.7 374 360.7 351.9 340.8 327.9 315.9 304.5 299.7 298.7 299.2 299.3 294.6 289.6 286.9 288.2 280.7 273.7 271.1 270.8 270.5
756 720.9 693.7 676.5 667.2 662.6 659.4 642.7 621.2 607.1 593.9 582.1 574.2 561.6 543.5 529.6 511.6 485.8 471.6 459.9 462.7 471.6 474.2 475.4 477.2 468.7 470.5 469 468.5 466.7 471.8 472.5 478.6 481.7 483.6 481.4 483.3 483.7 484.8 486.3 486.5 491.1 495.5 498.6 501.6 503.3 502.7 504.3 502.9 502.6 504.2 497.1 482.5 460.8 454.9 452.3 441.8 429.9 417.4 409.3 394.8 375.3 359.5 341.7 331.1 318.2 310.2 306.7 303.4 298 298 294.4 290.1 286.9 283.9 276.7 271.2 264.7 263.2
776.7 739.2 713.1 694.5 683.6 681.8 684.4 675.2 649.4 626.9 604.1 591.4 575.4 560.3 545.2 533.9 529.3 521.7 498.2 477.2 471 476.1 479.6 483.7 491.1 483.7 476.8 471.8 473.3 467.5 474.6 476.6 482.4 483.6 484.6 486.2 487.6 488.8 489.7 493 494.9 497.2 504.7 511.7 516.3 517 516.8 517.8 515.2 514.4 518.7 515.6 501.8 488.7 478.6 472.3 467.4 457 447 432 422.3 408.3 384.2 359.5 343.6 332.8 325.3 319.2 311.8 302.5 300.5 296.5 295 289.8 285.9 277.7 271.8 267.1 256.5
806.2 761.3 736.7 718.6 713.5 713 714.8 713.8 702.1 679.5 629.1 602.8 584.4 559.5 542.6 530.9 527.6 511.4 490.2 481.8 476.3 479.8 484.7 489.3 492.2 492.8 481.7 475.7 474.2 471.1 471.9 479.4 482.8 485.3 485.1 487.5 491 492.9 495.4 497.8 501.9 508.2 517 525.5 531.5 531.6 529.7 531.8 529.3 527 527.3 527.7 524.2 518.5 499.5 490.4 481.7 474.4 473.1 460 441.2 427.5 414 389.1 375.9 365.2 345 333.5 324 313.3 308.1 307.7 303.7 297 288.6 282.6 278.2 272.8 266.6
815.7 795.7 775.2 756.1 748 753.5 754.8 751.8 737.2 720.1 679.8 617.3 591.8 560.9 541.2 528.2 512.8 492.5 480.4 475.7 481.2 483.9 488.6 490.9 490.5 490.3 486.9 483.4 478.5 476.8 480 483.8 486 490.2 491.2 490.3 493.2 496.9 499.4 504 511.2 521.4 528.6 538.3 544.3 543.8 542.6 543.6 545.2 541.4 537.3 537.4 536.3 532 512.3 504 496.5 488.2 486.6 484.2 473.6 454.6 441.1 424.8 410.3 389.2 379.6 358 342.6 331.2 321 315.9 310.6 304.3 298.4 296.5 293.6 290.8 282.5
826.3 825.6 822.8 822.2 798.6 794.6 826.6 813 778 741.1 704.1 637.4 593 559.5 530.9 523.9 510.4 488.7 477.3 475.7 480.9 483.8 486.5 487 488 488.6 488.8 483.8 485.8 486.1 494.1 498.7 487.5 494.6 493.7 495.3 499.1 502 508.6 515.1 524.9 532 540.7 549.7 556.1 557.8 555.9 557.7 559.9 554 550.7 549.9 548.2 540.2 527.4 517.3 509.9 502.9 499.2 499.4 495.9 478.7 460.2 443.4 432.2 425.4 415.2 400 372.9 352.3 342.5 330.8 321.6 315 308.1 303.8 301.8 298.4 285.7
832.8 835.3 837.8 838.3 841.6 846.5 838.6 838.9 829.2 759.1 704.7 640.2 604.9 568.7 531.4 510.2 501.5 477.8 477.2 475.7 477.6 479.8 481.8 482.6 483.8 486.1 492.2 490.5 486.9 495.2 502 500.8 500.3 497.5 501.4 506.6 511.7 516.3 519.7 526.2 536 546 554 563.7 568.9 570.2 569.6 571.1 570.2 565.3 564.2 560.1 555.5 545.9 537.7 528.3 518.1 512.7 510.3 507.7 502.3 494 481.2 457.4 448.7 441 429 418.2 410.9 396.2 380.3 361.4 347.5 336.9 322.6 305.2 306.7 300.5 290.3
837.6 839 841 843.4 845.4 848 847.3 842.6 819.4 755 701.2 646.1 610.5 569.5 539.4 516.4 493.4 477.8 475.7 475.7 477.1 478 478.4 479.3 481.6 483.1 489.7 495.1 493.3 494.7 506.7 507.8 511.6 509.2 512.3 517.4 519.8 527.2 533.7 539.8 549 559.7 568.7 577.9 584.2 585.7 585.5 587.1 584.7 582 581.4 577.2 566.6 555.3 546.1 533.5 522.5 514.5 512.1 511.3 513.4 503.7 495.3 480.3 461.7 448.8 437.4 431.6 423.2 412.4 408.4 394.2 383.9 369.5 354.6 323.4 308.9 304 301
838.5 842.5 843.4 845.2 847.1 848.4 848.4 843.8 821.6 760.4 721.5 673.2 616.8 579.2 539.2 509.1 490.4 480.3 476 475.7 476.7 476.8 477.5 479.4 483.1 483.9 496.3 491.7 499.1 502.4 507 512.8 518.7 517.8 522.5 526.8 532.3 539.6 547.5 554.3 562.6 572.9 580.8 589.6 597.8 600.7 604.1 604.4 604.5 600.5 596.9 590.3 577.5 565.3 551.7 539.8 528.4 519.6 514.5 512.8 512.6 515.7 506 488.9 469.5 454.6 450.9 442.4 431.2 427 421.5 405.2 391.3 376.3 354.1 333.2 321.6 308.9 307.8
831.7 841.9 845.1 847.1 848.3 849.2 851.9 852 829.7 805.6 744.9 671.2 621 586.2 547.5 512.8 487 481.4 478.5 477.5 477.7 478.9 486.4 481.8 485.6 498.2 509.3 500 498.5 505.2 511.3 517.3 522.2 526.2 530 538.1 543.4 551.3 560.3 568.2 578.2 587 592.5 599.7 607.7 611.2 616.5 618.8 617.3 614.9 610.2 599.7 588.5 577.2 562.9 546 536.3 527.8 521.9 514.3 511 511.6 508.4 505.1 495.5 474.8 463.8 456 445.8 434.6 423.6 406.6 391.1 374.2 359.6 345.3 334.4 313.6 308.1
826.7 838.3 843.9 851.1 848.9 848 848.1 858.7 807.2 787.1 733.7 657.8 618.9 589.3 558.2 520.3 493.6 485.9 481.1 478.5 481 492.8 502.8 495.6 498.4 512.8 515 511.6 505.3 510.5 515.8 517.2 524.2 530.9 537.5 546.5 551.5 563.3 572.8 581.3 589.7 599.7 604.5 610.3 618.9 624.7 627.1 627.8 626.5 621.1 614.7 605.2 591.5 580 564.2 549.6 536.9 529.2 524.1 518.3 511.7 511.7 517.5 516.1 511.4 497.1 480.6 464.2 454.4 443.9 429.4 406.4 392.1 379 369.7 362.1 349.9 328.1 320.5
813.8 833.4 835 837.8 843 838.2 828.8 821.7 787.9 755.7 709.6 654.9 611.8 583.5 558.3 525.5 504.4 490.3 500.1 487.6 493.9 505.6 517.8 505.5 507 512.1 514.4 510.6 514.1 512.8 518.4 519.7 528.5 538.6 552.3 556.9 564.8 571.3 583.6 592.9 599.8 612.5 617.7 622.5 629.4 635 637 636 632.6 626.6 618.1 606 593.9 583.8 572.3 560.1 552 543.1 528 523.8 520.3 519 525 523.9 518.8 506.6 494.7 480.7 464.2 444.8 432 412.3 396.9 383.8 377.2 365.6 353.7 346.2 338
793.6 816.1 830.4 821.6 820.6 817.9 796.8 775.7 757.4 738.2 698.5 666.6 609.2 581 557.7 530.8 514.5 521 526 522.6 514.2 524 544.5 537.7 521.6 514.8 520.3 519.7 524 523.4 522.1 529.9 535.7 548.5 562.6 572.4 579.3 583.7 595.1 605 613 618.3 627.5 633.4 637.8 643.6 646.1 644.2 639.8 630.9 621.3 612.9 603.6 592.4 580 569.8 563.4 555.1 547.1 538.1 531.8 528.8 530 528.7 521 508.3 498.1 486.7 469 458 442.9 427.5 403.8 387.7 379.8 369.1 356.9 351.6 341.2
776.5 801.5 816.8 818.1 806.1 797 773.2 747 722.5 701.6 673.7 640.7 605.1 579 564.9 567.6 541.1 552.7 556.1 576.7 555.1 557.1 564.2 563.5 545.6 530 538.3 535.5 534.4 535.2 535.1 536.4 549 565 576.2 586 594.2 599.8 606.1 617.9 624.8 628.4 638.8 644 647.4 651.8 654 652.4 646.6 639 631.7 620.6 613.7 604.8 594.3 582.5 573.7 560.7 556.2 547.2 541.3 540 538.9 532.1 520.9 511.3 499.7 487 468.8 457.2 442.5 429.3 418.1 402 383.2 366.6 362.2 354.8 346
767.2 781.1 794.6 798.1 790 771.7 748.9 723.7 691.9 668.3 642.7 616.1 593.5 574.1 567.3 565.5 568.6 591 589.1 588.7 576 570.8 568.7 559.5 541 545.5 556.5 553.5 543.4 550.3 551.1 554.7 566 583.6 593.3 599.6 601.9 605.1 617.2 632.2 639.7 646.9 654.1 656.7 658.6 662.3 662.5 660.5 654.7 650.2 641.4 632.8 623.1 615.3 606 592.8 582.7 574.5 565.2 558.1 551.4 549.1 543.6 536.3 523.6 513.9 502.1 483.9 466.4 454.9 444.3 426.6 416.5 404.7 392.1 376.2 366.6 356.9 342.7
