data/230000-770000.asc
ncols 200
nrows 200
xllcorner 230000
yllcorner 770000
cellsize 50
[rows 70 to 104 of 200, columns 0 to 77 of 200]
650 648.4 646.6 631 622 610.5 598 583.4 564.3 552.3 539.1 533.6 536.3 535.3 528.6 519.1 510.9 506 497.8 493.8 489 486.4 487.3 478.1 471 467.7 468.6 468.4 460.9 446.8 436 426.2 418.9 413.9 408 404.2 400 394.9 387.3 376.1 374 373.4 365.9 353.2 348 345.3 354.4 367 376.7 383 395 404.8 416.1 427.5 438.4 449.7 456.5 466.8 472.6 484.9 496.6 508.3 513.4 519.3 523.1 520.6 514.5 513.7 513.4 511.8 509.5 506.2 488.1 471.7 464.6 449.8 419.7 413.3
641.7 636.6 628.9 621.2 613.2 605.5 592.3 572.1 553.1 540.3 530.3 527.2 529.8 527.4 521.8 513.7 499.9 489.5 486.1 485.8 481.5 480 476.8 468.9 462.1 460.5 458.9 455.5 447.6 437.6 427.4 420.8 414.5 409.8 405.4 401.7 395.4 389.9 386.1 382 380 375.5 359.4 351.5 348.9 354.1 361.7 372.2 382.4 393.2 402.7 413.3 424.5 434.5 447.5 458.9 467.7 477.7 485.7 496.8 505.7 511.4 518.2 527.2 533.8 534.1 527.9 527.5 528.5 529 521.7 505.7 488.4 476.8 469.4 454.6 424.9 413.6
629.2 616.3 611.3 610.6 604.6 592.1 577 558.7 543.1 531.3 524.7 519.5 522.3 520.4 515 500.6 489.6 480.6 476.3 476.1 472.2 474.4 465.9 461.9 456.3 453 448.6 443.1 436.2 428.9 423 417.7 408.9 406.2 404.5 398.9 392.4 392.8 390 386.9 383.1 365.6 352.8 351.5 354.9 359.7 371.3 381.3 390.5 402.3 410.2 421.9 432.4 441.3 454.1 470.1 480.4 489.4 498.5 508 515.3 522.3 531.1 539 545.2 549.2 544.8 548.9 548 542.9 528.4 505.2 489.9 477.7 474.6 454.5 424.2 412.8
607.9 598.4 599.8 597.8 590.9 577.3 561.2 547.1 531 523.7 517.8 509.5 511 509.4 500.2 489.2 481.8 471.4 469.2 465.2 466.2 468.1 459.5 447.4 447.1 445.6 441 434 426.6 420.8 415.4 410.6 406.2 404.2 402.5 397 396.3 393.5 390.2 383.9 370.1 356.3 352.2 355.9 359.3 367.2 380.1 388.4 400 410.6 420.8 433.5 441.1 451.9 465.2 481.9 491.2 500.2 509.3 520.1 527.8 538.4 546.1 553.6 560.3 565.3 563 559.3 555.3 546.9 536.8 506.7 490.2 483 474.7 453 425.9 412.2
595 585.2 586.8 582.6 571.6 562.3 550.2 537.4 522.6 514.7 509.1 501.8 500.1 496.7 488.8 477.7 472.7 466 463.9 456.6 453.6 450.2 444.2 438.3 438.2 435.1 429.8 424.6 419.3 412 407.1 404.8 403.7 401.8 399.8 398.8 396.9 391.8 381 370.8 360.2 355.1 359.7 360.8 367.1 375.4 385.3 395.6 409.3 419.1 431.7 440.7 451.1 463.4 476.9 488.8 500 513.1 524.1 533.7 544.1 552.8 561.8 569.6 579.3 580.7 582.1 570.3 561.6 552.4 531.8 510.9 492.5 485.1 475.5 454.2 423.7 405.3
576.6 571.6 571.5 563.8 555.8 544.5 531.3 518.4 516.3 509 497.2 492.6 488.1 488.4 482.4 473.8 468 459.1 451.9 444.5 439.4 437.2 434.9 429.9 424.4 424.3 421.9 416.3 407.8 405 403.7 402.4 401.4 400.7 398.8 392.8 387.1 377.1 368.4 359.7 356.5 357.6 362.7 369.7 376.1 384.9 394.1 406.6 417.4 428.7 440.5 451.7 464.1 479.6 490.1 500.5 514.5 526.6 538 550.1 561.3 576 588.6 593.2 599.3 600.4 597.6 584.5 574.4 566.1 534.7 514.1 491.5 481.6 473.5 447.7 421.1 395.7
560.1 558.8 557.1 550.1 543.4 533.3 520.1 509.4 511.4 500.4 487.2 479.8 476.4 478.4 472.9 465.5 458.7 450.5 445.5 440.9 427.8 426.5 425 417.1 416.6 414.9 410.6 405.3 403.3 402.3 401.2 400.1 398.5 396.2 388.7 380.5 372.4 365.2 356 357.6 358.8 362.9 370.4 378.5 387.5 395.7 405 416.8 429.1 440.1 452.9 465.9 480.2 492.3 504.4 517 530.6 542.9 556.6 572.5 586.6 599.3 611.4 618.7 622.8 617.5 611.3 596.4 592.6 567.7 541.7 517.7 493 484.3 468.9 448 416.4 386.3
547.8 544.5 541 536.4 528.9 518.2 505 498.3 492.4 484.4 472.3 465.9 464.5 460.9 456 449.5 447.7 443.4 442.4 436.4 425.4 416.3 415.2 412.4 406.9 404.7 400.7 400.2 399.6 399.5 396.9 393.7 390.5 384.4 376.4 370.9 362.8 356.9 359.9 361.2 363.3 367 376.8 387.3 396.7 407.3 416.8 427.9 440 453.4 466.6 479.2 496.1 507.3 519.7 534.3 548.1 563.7 577.7 591.5 607.9 623.6 638.4 651.2 654.3 643.7 625.9 617 613.1 579.5 555 517 495 487.5 465.5 438 406.3 384
531.6 528.7 524.2 519.8 511.3 497.1 489 480.4 474.3 463.9 459.6 454.9 445.1 444.8 442.3 437.9 432 429.6 425.6 421.2 415.3 410.4 409.8 409.6 407.5 400.1 395.4 396.9 396.7 392.8 389.1 385.9 379.7 374 368.1 364.2 360.1 360.8 365.8 366.4 367.7 375.1 387.5 397.5 408.4 417.8 429.2 441.7 454 468.3 480.6 496 510 522.5 538 551.5 565.8 580.6 596.7 611.4 630.2 651.2 672 685.2 683.7 663.6 643.6 639.8 626.9 587.4 557.4 519.6 497.2 487.5 464.4 431.6 395.6 379.2
515.3 512.6 505.8 497.5 485.4 478.2 470.5 462.4 455.7 446.2 446 440.3 430.4 429.9 428.2 426.3 419.6 416 411.5 406.4 404.9 402 407 406.4 400.6 394.5 390.4 391.2 388.9 383.2 380.2 375 370.1 366.8 362.1 359.3 360.4 365.9 368.5 370.8 377.7 391.8 401.6 412.1 422.2 430.8 440.3 454.9 467.9 481.3 494.4 509.4 523.7 540.3 556.4 570.1 587.9 601 615.7 636.5 666.5 689.1 704.3 725.3 715.6 679 656.8 644.6 626.4 592.6 562 528.8 499.4 487.9 461 424.9 396.9 379.4
499.4 494.2 484.9 475.5 467.1 460.5 453.2 445.6 437.9 435.4 437.9 432.2 424.1 416.8 416.5 420.5 410.2 404.1 401.5 396.7 400.8 402 398.3 397.2 392.8 389.7 386.1 383.3 379.7 376.1 373.3 368.4 366.5 362.6 362.1 364.1 367.1 371.1 375.6 378.2 391 403.5 414.9 425.6 436 446.9 458.4 474 485.6 499.2 514.3 527.8 543 559.2 575.3 589.1 604.5 620.6 645.8 674.9 700.3 725.2 752.2 764.2 740.2 694.4 667.7 647.2 623.3 600.6 572.4 535.2 504.3 487.3 457.5 416.2 400.7 382
484.1 474.7 470.2 461.8 452.8 447.5 440.1 433.9 428.4 424.8 426.9 425.1 418.6 412.4 403.3 407.5 400.6 397.3 393.5 394.1 394.6 393.2 390.4 386.2 385.1 381.8 378.4 375.6 373.4 370.9 368.9 365.7 361.9 364.4 365.8 370 377.3 381.7 384.4 392.8 405 417.5 427.5 438.3 453 466.7 483.6 494.9 509.2 518.1 533.4 550.5 566.2 581.7 594 610.4 629.2 651.2 678.6 708.3 741 757.2 773 776.1 753.3 711.3 676.6 644.6 623.2 600.2 577.6 549.6 512.4 493.4 447.8 416.9 402.7 375.4
469.1 467.1 460.8 450.6 442.9 435.8 426.6 421.9 418.5 416 420.6 420.5 410.5 403.7 398.2 394.4 391.1 390.2 388.2 390.8 389.4 387.8 384 381.3 377.9 375.1 373.5 371.9 369.6 366.9 363.3 365.2 366.1 368 376.3 383 388.7 391.7 396.4 411.9 423.6 433.6 443.9 458.3 473.2 489 505.1 511.8 526.6 539.9 557.9 573.2 588.8 602.1 619.5 635.5 655.9 679.9 711.4 740.3 759.6 773.8 780.6 780.4 763.9 729.2 683.7 645.8 624.1 594.5 575.3 550.8 518 488.4 445 419.3 397.3 386.3
459.9 457.1 451.3 441.1 430.4 423.9 414.2 410.2 410.7 413.2 409.3 405.7 399.5 394.5 389.6 384.3 385 386.3 385.8 386.8 384.6 382.2 377.8 374.5 372.5 371.1 370.2 368.9 367.2 363.1 368.5 370.8 370.9 379.5 388 394.2 397.6 402.8 413.4 426.8 439.4 452.4 466.3 481.6 494.6 510.7 522.6 531.8 546.4 561.2 576.1 591.5 606.9 623.4 640.6 661.3 684.8 709.8 736.4 755 769.3 780.2 786.8 784.1 771.2 739.1 684.6 650.1 625.3 596.1 573.2 552.7 520.6 476.9 443.3 416.7 399.7 384
448.6 446 437.8 426.9 420 414.3 409.7 405.5 409.9 410 407.1 400.1 391.9 385.8 381.2 380.2 378.3 379.1 379.7 380.4 377.6 375.1 372.8 370.7 367.8 366.5 367.1 367.7 365.6 369.2 374 379.8 386.1 394.2 400.5 404.6 409.7 418.4 432.8 443.5 458 474.1 488.9 500.9 517.7 530.9 542.3 551.5 559.4 579 597 613.1 627 644.8 665.4 688.6 710.9 732.4 750.3 764.7 777.2 786.5 788.6 782.8 775.7 735.7 680.9 649.3 629.1 603 576.7 556.9 513.1 468.5 439.5 418.9 402 382.5
436.7 432 424.2 418 413.1 409.2 406.8 403.9 406.8 405.5 402.2 396.3 389.7 385.1 379.7 376.5 375.7 375.7 374.1 374.4 371.8 371.8 369.4 367.8 367.6 369.5 371.2 372.9 374.5 377.6 384.9 394.6 402.2 405.5 412.6 418.7 425.5 437.8 452 463.5 480.7 494.6 510.2 523.1 538.1 548.7 561.6 576.2 588.1 600 615.8 631.2 647.6 666.1 686.6 708.7 729.4 746.5 759.7 771.8 780.8 786.3 785.4 785 771.1 728.2 680.1 646.6 632.4 602.8 577.8 550.8 505.4 465.2 437.7 419.5 397.1 383.3
427.6 422.8 416.7 410.8 405.3 402.5 402.7 400.1 400.4 398.3 396.3 391.2 385.7 382.1 376.8 374.3 373 372.1 370.9 369.9 369.6 369.2 367.6 368.3 374.3 375 375.7 380.2 383.2 390.2 397 407.2 414.9 420.7 425.6 433.5 444.7 458.6 476.7 487.4 502.2 518.8 534.9 549.2 559.2 571.9 585 601 614.5 619.1 633.3 646.5 662.8 681.3 702.2 721.7 738.5 753.2 765.4 772.5 780.8 786.5 789.8 789.3 767.9 718.9 677.7 645.5 630 601.4 575.5 536.6 498.5 464.9 448.7 421.3 399.7 384.9
433.8 425.9 418.5 412.3 402.1 392.3 396.9 396.2 394.9 392.7 390.1 385.3 380.7 378.4 374.4 373 372.1 371 369.1 370.4 370.6 370.3 375.4 379.7 382.8 384.5 384.3 386.2 392.8 401.3 410 419 425.7 431.8 441.9 455.8 469.6 486.7 496 512.4 529.2 545.6 555.2 567.7 577.9 593.3 606.4 620.9 632.9 638.3 648.6 661.8 676.5 694.2 712.1 729.7 748.5 761.4 770.9 776.1 782.1 787.1 790.6 787 766.6 725.3 680.8 647.9 625 597.5 567 527.1 491.7 464.5 457.5 410.6 407.5 383.5
438.1 432.1 423.6 413 399.9 391.3 388.2 392.5 390 387.9 384.2 381.4 378.5 376.5 374.2 372.3 372.5 371.5 371.5 372 374.4 379.3 385.1 387.5 391.5 394.9 393 399.1 403.8 413.7 421.5 431.6 438.3 448.9 464.4 479.8 493.9 503.1 519.9 533.9 547.2 561.4 573.3 589.6 602.9 618.5 633.5 646.6 651.7 655.4 664.7 677.3 690 705.8 723.8 742.1 758.1 768.6 777.1 783.1 789.1 793 790.5 779.3 762.8 729.4 683.5 649.2 622 587.9 551.4 521.2 489.2 469.7 454.5 419.9 407.1 381.6
438.9 431.2 422.8 411.7 400.3 390.5 386.2 388.6 387.4 384.4 381.4 377.1 376.1 375.3 373.7 374 373.6 372.9 374.5 377.3 380.5 386.9 392.7 397 402 405.1 404.6 412 416.5 430 438.8 447.8 459.4 472.4 484.4 498.3 515.2 523.9 533.8 548.5 564.1 577.5 593.8 608.7 623.5 649.9 664 664.2 665 671.2 681 692.2 703.1 718.4 735.2 752.2 765.7 775.3 783 788.4 792.9 795.5 788.2 775.2 759.6 726.8 680.7 643.9 615.9 579.6 538.3 508 493.9 464.3 452.1 418.4 393.5 373
438.1 428.3 421.6 411.6 402.3 391.4 383.5 383.7 384 382.9 380.2 377.3 376.5 376 375.7 377.8 376.7 375.1 377.2 381.4 390.2 394.6 399.9 406.2 411.4 413.6 418.8 427.5 436.4 445.9 458.1 470.2 480.3 492.1 505.8 521.4 541.3 551.4 560.3 572.7 585.6 601.5 620.8 635.7 655 669.6 675.9 678.2 685.3 692.6 695.9 704.7 714.2 728 744.1 759.6 772.1 780.9 789.1 792.8 794.5 794.7 786.9 769.6 751.4 721.8 676.8 636.9 607.5 562.3 523.8 499.2 489.5 459.7 438.3 419.1 383.7 354.6
443.2 432.7 422.9 417.8 404.7 391.9 384.4 381.2 380.9 382.2 377.2 377.9 378.7 379 383 381.6 379.6 379.7 384.4 390.7 392.2 402.1 409.4 415.6 421.5 427.3 434.3 443.9 454.6 463.7 476 489.2 499.8 514.2 526.9 540.9 558.5 570.7 589.9 600.2 613.9 634.9 649.2 660.8 673.2 679.9 685.2 692.6 700.7 706.4 710.5 716.1 724.9 736.7 751.3 765.8 776.4 785.2 793 797.6 801 797.1 784.6 766.2 746.1 715.9 671.2 632.2 591.2 547.6 514.3 492.3 472 454 438.6 401.9 359.8 333.4
453.1 438 429.1 419.6 405.6 392.5 386.8 383.4 381 379.6 379.8 381.2 384.8 384.5 386 385.7 384.6 385.3 392.5 398.6 405.7 409.1 419.3 426.1 434 442.2 451.8 461.2 472.6 484.5 487.6 503.7 521.8 537.4 552.7 568 580.8 599.7 617.4 631.5 641.5 657.1 667.8 677.5 685.3 690.2 696.2 703.2 709.7 715.4 720.9 725.8 734.1 745.1 758.1 769.7 779.3 789.3 798.4 803.1 804.6 796.2 782.5 764.2 743.3 701.3 666.5 627.4 578.1 534 506.7 481.9 463.8 454.7 417.8 382.8 345.7 318.4
458.6 440.8 430.8 418.7 406 397.3 391.5 384.7 381.4 382.7 384.4 387.7 389.6 391.7 394.7 391.3 388.5 392.9 401.4 408.8 416.2 423.7 426 440.7 448.2 459 471 482.3 495.6 505.5 513.5 528.3 543.7 559.9 581.1 598.5 612.4 627.5 639.5 648 660.5 673.6 682.7 690.4 699.6 709 715.1 718.1 721.8 727.7 732.4 736.9 744.7 755 764.7 773 784.1 793.2 799.4 804.2 803.6 793.4 780 758.7 733 694.1 657.1 615.2 570 527.5 497.3 472.8 460.5 459.1 409.3 364.8 339.9 306.7
454.2 439.4 432.6 421.5 408 401.9 394.9 387.4 383.2 385.8 388.7 391.6 394.4 401.3 400.1 398.4 394.5 400.1 410.1 418.5 428.9 438.4 445.6 453.9 465.6 479.9 491.8 507.2 516.2 530.7 545 559.4 568 584.5 609.5 622.1 634.8 644.8 654.4 665.8 677.4 688 699.5 711.6 719.7 725.6 728.8 733.2 738.9 743 745.9 749.5 755 763.2 771.5 779.9 788.7 794.5 800.4 806.6 802.1 790.6 779 757.8 732.9 696.6 651.1 608.6 561.3 524.6 494.1 467.6 455 443.4 402.5 351.6 321.4 297.3
454 442.9 435.5 420.7 408.7 404.5 399.5 390.2 385 387.6 391.6 395.3 399.6 402 403.6 404 400.7 407 419.6 431.8 443.8 452 461.8 470.1 490.4 505.7 519.2 530.4 541.1 563 578.3 587.6 590.1 601.2 622.7 640.1 650.3 659.4 669.9 682.1 693.8 705.5 716.5 726.1 735.7 742.1 748.5 755.3 756.9 757.4 758.1 762.1 766.5 773.3 780.4 786.4 794.2 800.8 803.3 804.9 798.6 786 776.8 757 726.5 695.9 646.7 606.4 557.7 528.7 502.9 465.9 442.9 407.6 373.8 336.5 307.9 288.4
459 446.7 437.3 420.6 410.3 406.9 399.6 388.6 389.3 389.2 392.8 398.1 401.9 402.7 405 407.9 409.7 419.7 433.6 444.8 455.7 465 476.9 496.4 512 528 541.2 551.8 564.5 583.2 600.3 603 612 623.8 641.8 654.7 664.9 674.3 687.8 699.3 710 720.7 731.1 742.5 750.5 759.8 766.9 769.9 770.4 770.4 771.8 777.7 782 783.8 787.7 792.6 799.4 803.3 805.2 805.4 797.2 783.5 773.8 757.3 718 682.3 637 590.9 556.3 541.2 512 463.3 435.4 406.5 362.7 325.3 309.2 283.2
465.7 451.6 435.8 417.8 412.2 405.2 397 393.5 396.3 395 394.7 400.8 405.2 404.8 407.3 411.7 421.8 436.6 452.6 465.7 470.1 481.4 495.9 511.7 530.7 538 552 564.4 579.7 595.5 608.5 624.8 630.9 644.9 656.6 668.1 676.8 688 701.7 713.9 724.6 734.6 745.4 754.1 759 765.8 771.3 776.4 780.9 784 788.6 794.7 794.9 795.2 796.7 800 803.7 805.7 809.2 805.1 791.8 777.7 765.5 749.7 712.8 671.5 632.9 591.1 560.4 557.8 514.6 459.4 424.3 400.3 361 330.4 310.1 281.5
471.9 450.3 430.9 417.4 411.8 406 400.3 404.4 404.7 405.1 402.9 404.4 406.6 407.2 413.4 429.9 441.1 448.7 465.9 480.9 490.8 499.6 515.9 528.3 542.5 554 557.8 576.7 592.5 605.9 621.4 633.7 644.8 656.5 667.7 677.2 684.3 698.1 713 722.9 737.1 749.9 756.9 765.9 776.1 783.5 788.8 796.4 799.9 799.1 803.5 805.8 806.4 804.3 804 805.8 809.4 811.9 808.8 800.3 775.5 751.9 746.1 734.4 710.9 667.4 626.8 599.4 574.1 560.2 509.3 448.7 413.1 399.9 367.6 329.1 305.5 276.9
476.6 448.1 432 424.4 420.9 415.6 418 413 412.3 412.9 411.7 411.9 413.6 418.6 431.9 444.1 454.8 465.6 471 489.9 502.9 514.4 532.6 541.9 550.7 570.1 571.2 586.9 605.6 619.4 634.6 643.6 655.7 669.8 675.2 681.1 689.9 706.4 718.9 736.3 751.4 764.8 774 784.4 794 799.9 806.7 812.9 813.7 812.7 814 814.3 814.4 813.5 813.1 812.8 815.6 812.3 808.7 780.2 746 736.4 727.4 717.5 693.2 658.7 622.3 601.4 578.9 542.9 488 431.3 402.6 387.2 357.4 340.5 313.7 268.1
460.1 440.6 436.8 433.1 428.9 424.6 420.7 420.4 418.1 418.5 421.2 422.6 424.6 432.3 445.4 459.3 467.9 475.6 485.9 503.1 515.8 529.3 544.9 552 572.9 582.5 590.5 604 615.6 631.2 640.4 653.3 664 673.2 677.9 686 698.5 716 734.3 748.9 768.7 784.5 794.5 806.4 815.3 815.9 821.7 826.1 827.1 825.4 824.9 824.8 824.5 823.8 822.9 818.8 817.8 811 792.1 760.5 731.1 715.9 698.1 681.8 671.2 643.5 620.2 591.5 568.4 505.6 462.4 423.8 392.9 381 352.9 343.2 308.7 261.5
446.8 443.4 441.9 434 425.9 426.7 426.2 427.6 428.5 430 431.3 434.8 440.3 447.8 464.6 477.1 491.9 502.5 509.3 515.1 527.4 542.9 557.7 566.9 586.8 597.3 606.6 615.8 628 639.5 656.9 666.9 674.6 679.9 687.1 700 714.5 729.7 749.2 774.7 791.7 805.9 815 826.4 832.4 840.8 843.9 845.7 845 839.9 842.1 841.2 843 841.9 829.4 821.5 815.7 796 772.5 744.1 719.6 696.2 676.5 658.1 643.7 625.1 609.7 581 552.4 498 464.3 436.9 383.7 374.1 356.4 338.3 291.2 259.8
446.8 441.2 440.5 438.3 432.6 437.4 441.9 443.7 444.7 441.3 443 447.8 457.9 469.3 482.3 500.6 515.8 528 530.6 533.9 543.5 564 576.1 587.4 605.3 614 621.3 630.3 644.7 659.9 667.7 676.9 684.9 699.1 717.1 726.4 738.1 755.6 774.5 794.2 809.2 820.9 832.2 841.5 855.4 859.8 862.2 865.3 861.7 859.7 864.7 866.7 860.4 848.6 830.7 824.7 806 772 749.4 734.8 706.7 689.5 661.1 644.4 627.7 610.1 590.3 566.8 533.9 500.3 451.6 405.9 376.2 366.5 350.3 317.5 290.4 258.4
442.5 445.3 442.5 441.9 443.2 448.4 454 457.4 455.5 455.9 458.4 471.9 477.6 490.4 503.9 523.1 546.4 554.4 559.4 562 567.9 587.6 599.4 614.3 626 630.5 639.8 652.7 665.2 676 685.8 696.7 714.3 730.3 748.6 763.2 774.6 787.8 796.3 810.3 822 831.8 844.6 860.3 868.3 875.2 880.2 880.1 882.3 884.2 889 876.9 847.5 823.6 814.2 801.3 779.1 751.2 733.6 721.5 709.3 690.3 648.6 627.9 611.9 593.4 576.1 563.4 548.4 511.5 472.2 414 370.9 355.6 340.8 317.9 284.9 257
448.5 449.8 449.6 450.5 448.1 456.1 459.2 468.5 468.1 471.5 473.8 486.5 496.1 508.2 525.3 554.2 564.9 570.4 577.2 584.4 594 607.7 625.7 635 643.3 654.1 664 673.9 686.1 696.4 705.1 716.5 742.9 756.7 772.1 789.6 800.4 805.1 814.8 823 830.5 841.2 856.6 870.4 881.7 886.9 892.8 898.9 898.2 901.2 891.7 854.8 823.4 800.8 787 778.2 766.5 744.5 730.9 725.9 713.3 672.7 640.9 615 602.9 592.4 579.3 563.5 552.5 509.7 451.7 417.9 380.4 349.9 328.5 305.9 284.6 267.4
