data/230000-880000.asc
ncols 200
nrows 200
xllcorner 230000
yllcorner 880000
cellsize 50
[rows 35 to 69 of 200, columns 0 to 77 of 200]
555 519 479 440 404.4 374 349.1 328 310.5 306.4 301.9 302.2 304.8 307.6 304.1 306.1 304.5 308.1 307.4 303.3 308.4 316.8 325.2 336.6 357 378 392.1 406.4 414.8 431 451.7 469.8 482.8 488.4 498.8 552.8 604.6 631.5 651.1 676 703.6 732.7 750.7 755.9 757.1 759 761 763.9 748.8 693.4 664.2 629.7 598.7 578.9 563.4 551.3 535.9 517.3 516.1 516.1 516.1 516.1 516.1 516.1 516.1 532.8 557.1 588.9 627.4 669.4 704.5 741.2 770.6 782.3 788.5 792.5 799.1 806.8
576.1 538.4 496.9 456 419.6 386.5 357.3 337.5 322.9 313.4 307.4 307.2 311.8 313.5 312 310.6 308.8 309.3 307.9 304.9 309.4 313.1 319.9 330.5 358.9 398.6 401.6 391 399.4 423.3 439.6 458.9 465.8 465.9 474.3 526.3 574.9 607.6 627.6 648.7 675.8 705.5 733.3 746.1 749.8 751.9 756.5 763.1 768.6 715.9 684.2 649.6 616.6 591.2 568.2 550 530.8 516.1 516.1 516.1 516.1 516.1 516.1 516.1 524.3 561.9 594.4 624.2 665 696.9 728.9 764 787 797.8 801.1 802.6 807.9 814.6
603.4 564.1 524.6 484.7 440.2 410.9 383.6 359.6 342.9 326.2 318.5 315.9 320 322.9 320.6 315 311.5 309.7 307.8 308.7 311.7 313.5 317 326.1 358.2 391.2 399.3 401.4 394.4 402.9 423.7 444.8 451.9 451.8 453.5 495.6 545.2 581 604.3 619.6 640 671.2 704.2 731.6 737.9 744.1 750.5 758.5 768 771.9 728.4 679.5 649.5 623.5 595.6 565.7 542.9 524 516.1 516.1 516.1 516.1 516.1 539.1 563.5 596.2 621.1 659.6 696.8 735.8 760.1 784.1 791.7 798.3 802.3 806.2 811.3 819.4
622.5 596.7 561.8 526.6 482 443 409.4 380.3 357.1 342.9 337.2 329.8 328.3 331.1 325.1 318.7 312.2 308 305.5 309 310.2 310.4 314 320.8 359.2 382.5 390.3 395.2 399.9 395.3 402.6 420 434.7 437.8 439.8 465.5 514.6 552.5 581.1 593 609.7 644.2 672.6 710.1 723.1 734 743.8 754.8 764.2 773.6 759.3 739.5 704 683.2 639.2 611.8 581.4 559.8 536.4 530.4 524.7 544.6 570.9 584.6 605.6 639.8 666.3 699.2 733.2 768.6 785.5 787.6 792.3 797.2 801.6 807 813.4 822.5
668.9 610.8 577.8 544.1 506.7 473.2 433.4 408.3 377.3 368.2 361.5 352.2 341 339 330.1 320.8 313.9 311.5 307.3 306.5 308.1 309.5 313 321.5 353.4 372.7 379.2 385.3 391.8 396.3 401.5 402 415.6 425.8 425.7 442 482.9 526.2 556 568.3 579.8 601.7 644.8 680 701.1 720.7 737.5 751.2 761.4 771 776.9 777.5 760.4 726.7 693.1 653.3 621.7 607.6 579.5 576.5 584.6 602.2 617.6 625.6 650.6 678.2 706.2 736.1 769.7 781.5 782.9 786.6 791.2 796.2 801.3 807.2 815.2 824.3
669 639 604.3 560.6 524.8 505.3 477.6 458.9 426.1 401.9 391.2 374.1 352.3 342.8 334.1 321.7 313.7 310.5 308.7 306.8 309.3 310.2 314.3 323.7 349.8 364 371 376.9 382.9 387.1 401 402.2 401.4 410.4 416.4 427.5 452.6 495 525 542.2 552.8 572.7 612.4 648.5 665.8 706.3 729.4 747.2 759.1 768 772.9 773.4 770 761.1 738.2 696.6 654.6 630.7 635.6 630.5 644.1 667.5 670.2 670.5 684.3 712.2 742.4 764.4 772.8 777 781.2 785.6 790.2 795.4 801.3 808.3 817.7 825.5
659.9 626.1 592.6 557.2 531.3 502.2 479.7 457.5 446.3 424.5 403.9 384.1 363 346 335.2 322.7 314.9 314.1 312.4 307.8 310.6 312.8 315.3 325.6 341.9 354.8 362.4 367.5 370.9 377 386.6 392.2 395.6 396.7 401.1 415.5 436 470.7 493.4 514.8 526.9 548.3 577.9 613.9 650.1 687.3 715.3 738.7 752.5 761.3 766.6 768.1 767.1 764.3 757.3 719.6 706.9 696.1 690.8 679 706.3 731 731.2 726.4 730.6 729.9 753 766.6 771.9 777.1 781.1 785.3 790.4 796 803.8 811.1 820 826.6
647.4 611.2 576.2 544.3 517.5 488.9 468.8 450.6 435.6 424.5 407.4 389.3 371.8 350.1 335.9 323.7 316.2 313.4 308.8 309 312.2 316.4 322 326.8 335.6 345 351.9 353 357.7 366.5 373.6 380.1 386.9 392.2 392.7 402 418 439.2 463.4 483.5 504.9 520.4 550.3 577.5 625.2 664.6 695.8 724.7 744.2 753 759.9 762.2 761.7 761.4 759.6 757.4 750.7 748.5 746.8 733.6 747.4 746.1 747.7 751.8 756.2 756.1 760 767.4 773.6 779 782.7 786.8 792 797.5 805.8 813.6 823.3 829.2
631.8 595.8 562.2 527.4 499.6 477.2 456.9 440.3 427.9 419 406.3 392 376.8 357.1 335.4 324.3 321.2 314.5 310.3 310 314.4 321.2 324.7 330.3 335 339 341.6 343.7 345 353.4 361.2 367.8 373.9 380.2 384.7 391.4 404.1 415.5 440.3 464 483.1 496 516.8 549.7 592.9 638.1 669.3 698.6 722.2 741.7 750.6 755.6 757.3 757.5 758.3 759.7 759.5 759 756.5 753.3 750.5 748 750 754.3 758.4 761.5 764.8 769 775.1 779.5 784.3 788.6 794.5 801.1 809.1 819.4 826.3 831.9
612.6 581.5 545.5 510.8 482.9 463.2 444.2 428.5 420.2 412.7 403.1 393.2 378.6 361.6 335.1 327.4 326.7 317.3 312.2 311.4 311.9 318.2 323.2 328 334.5 336.4 338.4 339.5 340.7 342.6 347.2 355.9 363 368.9 373.3 380.3 388.4 399.4 417.4 440 456.9 473.5 488.6 530.2 565.2 604.9 636.3 662.1 692.5 720.5 728.1 748.8 752.1 755.9 758.1 759.4 759.3 758.9 756.9 753.3 748.8 746.1 749.4 754.2 759.2 763.6 766.9 771.2 776.6 782.1 787.6 792.5 799.2 805.8 816.8 825 830.6 835.3
601.1 564.6 527.4 494.1 466.5 450.1 430.3 418.9 410.1 403.8 397.4 389.8 373.3 356.2 339.2 331.7 328.7 321.7 316.6 313.9 318.5 323.1 325.1 330.3 336.6 338.3 340 338.3 337.2 336.4 337.8 342.9 354.6 359.5 366.6 371.3 377.7 386.1 398.5 415.8 433.3 449.8 466.3 493.9 536.9 572.1 606.7 629.7 656.2 680.2 704.6 735.1 747.4 754 757.4 758.2 757.9 756.7 755.3 751.5 746.6 743.7 746.6 753.8 760 763.6 766.5 771.5 780 786.5 791.8 797.3 803.6 814.8 823.8 829.9 834.5 838.1
583.1 544.3 507.6 477.8 453.4 439 422.6 411.7 405.6 399.8 399.5 390.7 382.3 367.5 347.5 338.9 336.7 335.2 333.2 330.2 329.9 334.8 338.1 334.5 335.9 337.7 339 340.7 340.1 338.9 336.8 338 340.4 349.6 358.6 365.1 368.8 375.8 383.2 398.2 414.7 430.7 444.4 474.2 509.6 545.2 572.5 598.8 622.3 638.7 686.9 712.9 736.3 749.6 754.1 755.6 755.5 754 752.1 748.8 744.8 740.2 746.1 753.3 759.2 763.5 767.3 773.9 782.5 790.6 797.2 804.5 811.3 822.1 828.9 833.9 837.9 840.5
569.3 534.7 499.7 469.5 444.5 428.6 417.1 406.8 401.7 395.3 395.6 392.9 384.3 371.3 361.8 351.8 352.3 354.4 352.2 350.7 345.2 346.8 344.5 341.9 342.1 342.1 341.4 343.7 346 344.1 340.3 338.3 337.6 338.3 342.1 351.6 361.9 365.5 370.8 382.6 397.3 412.1 425.5 447.4 481.9 509.5 541.7 566.2 589.7 618.2 653.2 677.4 711.2 739 748.7 751.3 752 750.9 749.1 745.7 742.5 736.8 743.8 751.1 756.9 763.1 768.5 776 784.5 793.2 802 810.1 819 826.9 832.2 837.3 841.5 842.5
564.2 528.3 495.1 467.2 444.7 426.1 413.4 405.6 400 399.4 399.6 391.2 383.1 382.1 372 369.5 373.4 377 376.5 375.4 364.6 357.5 355.2 353.4 351.4 350.8 356 365.7 366.1 362.5 356.4 345.5 341.8 338.4 337.7 342.1 347.1 354.2 361.3 370 381.8 393.5 407.1 425.8 456 477.7 512.6 535.7 555.1 586.2 613.4 650.2 678.5 716.5 737.6 744.3 747.1 746.9 746.1 743.9 740.6 731.2 739.3 748.8 755.1 762.5 769.5 777.8 785.8 796.2 806.5 815.4 823 829 834.8 840.4 843.8 843.5
565.4 526.6 494.9 466.1 442.9 428.6 413.1 406.1 402.6 400.4 397.8 395.2 392.2 392.4 394 397.2 403.5 406.3 405.9 399.1 388.2 375.7 370.4 363.1 365.2 371.7 395.4 403.4 405.5 393.8 381.1 363.6 352.7 343 338.4 340.4 342.7 345.1 353.5 356.7 366.8 379.1 390.9 407.1 430.1 455.7 478.7 505.8 528.1 557.8 583.9 615.4 648.6 691.8 718.8 734.4 740.6 742.4 742.3 740.9 737.9 725.9 739 747.6 755.8 762.6 770.6 779.8 790.5 801.1 810.6 818.6 824.3 829.9 835.5 840.7 843.3 842
581.2 538.1 501.7 468.2 455.1 441.5 427.6 419.6 413.2 410.6 408.4 407 407.4 414.1 422.2 435.4 439.6 438.1 428.7 425.1 415 399.3 385.3 377.7 384.2 423 454.2 462.4 441.3 415.7 401.6 382.5 364.3 350.3 339.4 338.2 339.1 340.7 345 349.6 354.4 363.8 376.1 389.1 410.8 433.4 456 480.8 498.4 526.9 559.6 585.5 615.6 666 693.7 718.4 732.3 736.6 737.7 736.4 729.5 721.9 737.8 747.4 755.1 762.8 771.4 782.4 795.2 804.6 812.9 818.6 824 828.8 833.3 837.2 839.5 837.9
618.5 568.1 525 485.8 465.4 455.9 447.5 446.2 443.2 435.2 437.3 435.7 440.7 446.4 466.8 493.9 482.4 479.4 478.1 464.7 446.8 427.2 414 434.4 467.9 487.2 496.9 481.3 457.4 437.5 418 398.9 382.2 365.4 347 342.4 338.5 339.5 341.5 345.3 350.4 356.3 365.1 375.2 393.1 410.5 430.9 455.5 482 506.2 531.8 559.7 585.5 633 668 689 717.8 729.1 731.8 728.3 717.4 720.3 736.8 746.8 754.6 762.4 772.5 784.3 796.1 804.8 811.7 816.9 822.3 826.3 829.4 832 832.9 831.6
639.7 582.7 533.1 514.4 494.6 479.8 477.7 481.9 483.6 486 503 505.3 495.2 506.1 539 561.6 548.8 555.5 538.5 530.1 497.8 481.1 515 531.1 515.4 498.3 487.8 479.9 466.9 451.2 434 414.4 398.1 377.3 356 346.6 342.6 340.3 340 342.3 346.1 351.8 357.8 363.5 376.7 391.5 412.1 429.9 453.3 482.3 509.9 531.7 555.8 600 633 662.6 692.1 719.8 721.4 713.9 705.2 720.9 736.8 745.8 753.5 762.5 772.7 784.7 795.5 803.1 808.8 813.8 818.8 822.7 825.2 826.9 825.8 823.5
650.4 592.6 585 561.3 535.1 514.7 527.2 540.7 537.3 567.9 579.6 573.6 539.1 567.1 616.6 611.1 627.4 621 605.2 592.2 572.1 568.3 551.6 529.8 510.7 493.8 483.1 478.4 473.5 459.5 442.9 425.7 403.6 383.8 372.5 352.7 344.4 341.8 340.6 341.2 342.1 345.3 351.1 358.2 365.5 376.5 393 411.4 431.5 453 481.6 500.7 537.6 569.5 603.3 635 667.5 704.5 704.1 694.9 707 724.9 736.5 744.7 753.2 762.6 772.3 783.7 793.4 800.4 805.6 810.7 814.7 818 820.7 821.2 820.4 818.4
671.5 659.8 642.8 606.6 579.7 557.6 594 606 629 659.6 639.4 605.2 593.7 620.1 673.7 680.5 692.8 681 655.6 626 594.8 568.5 545 523 502.9 489.3 480.9 473.9 474.1 463.4 445.3 431.1 416.8 400.1 381.4 365.5 352.3 347 344.8 341.4 341.7 343.2 344.3 350.1 357 365.9 378.1 393.6 413.8 432.8 454.7 478.5 520.2 544.2 576.1 603.5 641.7 678 675.1 684.6 710.6 723.6 734.8 743 752.4 761.4 769.9 781.5 790.6 797 801.6 806.9 810.9 814.1 816.5 817.2 814.9 812.9
703.6 693.8 672.3 643.5 611.2 613.4 662.9 692.1 720.1 703.1 661.2 636.1 635.2 674.4 724.1 743 738.3 710.1 666 626.6 592.5 562.5 536.5 517.1 500.8 488.2 480.2 472.7 471.5 468.5 454 436.2 421.3 407.2 393.1 384.5 374.1 358.9 350.8 345.9 342.4 343.8 343.7 345.7 350.8 355.9 365.5 377.7 395.8 415.3 432.3 456.5 484.8 518.4 543 573 606 643.8 671.6 696.2 711.1 722.2 729.3 740.4 750.6 758.7 767.7 777.5 786.8 792.9 798.1 801.2 806.1 810.8 813.4 812.4 808.9 807.1
706.3 701.4 682 667.1 645.8 668.3 739.4 761 765.6 724.8 696.5 678 702.8 741.1 768.3 760.9 758.2 722.2 675.1 632.7 598.6 565.8 536.8 516.4 503 487.3 479.8 477.9 475.8 471.3 457.8 442.6 431.5 422.5 417.3 411.6 397.7 376.6 362.1 352.7 344 343.9 345.2 345.8 347.2 352 359.6 368.1 382.5 401.7 418.3 440.3 462.6 495.5 514.3 543.5 576.1 614.1 668.5 697.3 715.4 728.2 737.3 744.6 752.5 759.7 764 774.7 782.3 791.2 796.6 802.6 808.2 811.6 814.5 813.7 809.5 805.1
711.4 711.3 697.5 676.7 679.6 711.3 759 765.7 770.4 774.8 734.5 757.8 788.7 778.5 773.9 764.2 760.5 754.8 709.1 648 611.1 579.5 553.2 537.2 520.3 501 489.6 487.1 483.5 481.1 471.9 457.5 451.4 448.4 445 434.6 424.1 400.7 376.1 359.7 348.3 345.3 346 346.6 348.3 350.4 354.7 363.7 372.3 385 400.8 424 445.5 472 494.7 517.7 551.1 614.3 654.8 690 713 727.9 737.9 746.3 754.5 762.9 770 777.1 785.2 792.8 799.2 803.9 809.2 813.3 816 816.3 811.9 806.6
710.5 714.7 710.1 704.1 723.8 750.2 756.3 768.6 772.4 780.7 790 791 784.6 776.8 773.3 766.5 758 756.3 731.5 684.1 642.8 610.9 587.9 566.8 543.5 530.2 517.3 505.6 505.6 503.9 499.6 489.6 484 483.2 477.2 462.2 452.3 423 393 378.5 360.3 352.4 350.9 350.5 348.5 350.5 352.4 357.6 366.3 375.7 389.3 409.2 427.8 452.8 473.1 499.1 529.6 590.8 637.8 669.9 700.6 722 734.4 743.2 752.1 761.6 771.2 778.1 786 793.2 800.3 805.2 810.7 815.7 818.8 819.9 816.2 809.7
714.6 716.4 718.4 734.3 745.8 748.7 754.7 764.7 773.6 782.2 785.2 788.3 784.5 772.6 766.1 763 756.7 755.7 746.5 710.4 668.1 647.3 624.4 606.9 582.9 569.6 556.8 549 549.4 551.9 548.9 543.2 544.9 532.4 520.5 509.4 479.8 447.6 418.8 402.9 378.5 368.1 364.8 360.1 354.1 351.1 353.5 355.2 356.4 366.8 380 395 413.2 432.3 457 491.3 515.2 567.7 609.2 646.5 690.1 712.5 727.2 737.1 745.7 757.9 768.4 777.4 785.1 793 800.2 806.4 813 818.2 821.8 823.9 822 816.3
721.3 732.7 736 742.4 749.4 749.4 760.8 762.5 772.7 779.6 782.3 783.8 778.3 766.9 761.8 759.7 755.1 754.3 746.5 724.5 702.5 686.5 664.6 649.1 634.5 615.5 603.8 612 615.4 605.4 619.5 607.7 607.5 590.2 593.1 570.1 528 488.6 450.9 425.3 402 387.5 380.7 368.6 361.8 361 359.4 360.4 360.7 362.5 372.8 385.3 399.7 420.2 445.5 489 506.6 542.6 590.7 630.6 662.2 694.4 714.3 727.9 740.3 753.3 765.2 774 782.7 790.5 800 807.6 814.8 820 824.2 826.8 826.1 822.5
741 754.7 748.4 748.8 749.2 756.3 758.4 763.3 771.3 776.7 780.2 778.7 774.1 769.6 761.9 758.6 757.2 754.4 747.6 734.4 721.2 723.8 721.4 716.8 689.7 669.8 673.7 673.8 668.8 694.8 700.1 680.8 658.2 649.6 633.1 598.1 561 523.2 479.9 458.7 432.6 413.7 397.9 387.2 382.8 374.8 370.9 370.4 372.6 370.2 366.4 378.3 391 411.9 437.6 464.9 493.9 521 560.8 607 636.9 662.6 682.4 717.6 734.7 751 762.9 772.1 779.7 787.5 797.5 807.2 814.9 821.1 826.3 829.6 829.8 826.2
757.6 759.3 752.3 749.1 744.6 754.5 757.2 763.6 770 774.4 777.1 777.4 773.4 769.7 760.1 756.2 752.4 749.6 743.9 732.3 736.4 740.1 744.1 742.9 723.3 725.7 728 727.6 731.3 745.9 728 711.4 695.7 676.6 646.2 620.8 576.4 547.7 523.9 491.7 473.7 461.1 439.5 434.1 412.3 394.2 387.9 389.8 388.7 381 375.6 372.1 385.6 402.5 425.5 453.6 479.9 502.7 536 568.6 602.8 626.6 657.9 699.1 733.2 748.5 760.4 770.5 778.7 786.4 794.7 805.5 813.6 821.7 828.5 833.4 833.4 829.8
759.5 753.5 747.3 744.5 748.7 751.1 757 761 767.4 772.3 772 773.3 770.8 760.2 758.1 754.2 748.3 747.6 742.5 738.6 736.1 737 747.2 743.1 742.9 741.2 742.6 746.4 760.1 748.7 732.3 721.6 699.5 682.8 664.3 648 625.8 599.7 583.2 573.1 555.1 531.4 503.1 482.8 441.5 420.5 404.7 417.9 410.5 396.2 386.1 384.1 379.7 397.6 413.4 438.9 465.7 489.3 514.7 539.9 566.8 603.3 652.2 704.6 731.9 745.5 757 766.3 775.4 784.1 793.8 802.8 812.3 822.6 831.2 836.1 836.3 833.1
755.1 749.2 743.3 740.5 745 749.5 753.1 758.1 762.1 766.5 766.3 768.8 765.4 756.5 754.3 749.8 747.6 746.4 747.2 745.8 741.7 737.7 738.4 738.2 740 739.5 742 744.8 742.3 736.2 724.5 715.4 696.3 691.4 677.2 665.3 655.3 642.9 617.2 591.9 570.3 546.6 522.5 495.8 461 435 437.2 442.5 424.9 414 406 396.2 391.4 390.8 404.7 428 450.8 474.3 490 522.7 554.4 598.5 649.1 707.2 727.5 741.4 751.5 761.2 770.1 780.5 792.6 801.9 812.4 823.5 833.1 837.8 837.7 834.9
750.3 741 740.3 737.9 741.9 745.1 750.4 754.5 757.2 760.9 760.7 760.4 758.2 753.8 752.3 748.7 746.3 749.5 749.9 749.3 746.1 739.6 735.8 736.8 736.5 736.2 740.8 734.5 730.5 726.2 718.4 706.3 694.7 689.7 682.9 673 662.9 651.8 627.2 596.1 577.4 560.4 539.4 510.2 473.1 450.3 483.2 508.1 475.7 443.9 431.4 412.2 401.8 398.1 404.4 423.2 442.7 460 484.7 511.8 547.7 586.7 641.1 700.4 723.9 738 748.7 758.9 767.5 778.8 789.9 802.5 813.3 825.3 834.3 838.4 838.8 836.2
747.6 738.1 736.1 736.3 741.2 742.9 746.1 749.3 754.3 755.4 757.9 752.3 748.4 749.5 748.1 746.7 747.4 750.8 750.9 750.6 746.8 737.4 730.8 729.8 733.9 731.2 733.8 729.5 721.1 714.8 704.2 701 689.5 687.4 678.6 666.7 662.7 653.6 633.6 605.3 590.5 568.8 545.1 508.7 474.8 486.3 526.9 524.8 495.4 467.2 444.9 424.8 412.7 407.7 403.9 417.4 437.9 456.3 480.4 509.1 541.9 584.6 635.2 690 725 737.9 748.1 757.6 766.6 777.1 789 801 813.7 825.8 834.8 838.3 838.4 835.7
741.4 739.5 738.2 734.5 736.4 740.7 742.4 746.2 750.5 752.9 753.7 747 747.9 745.1 744.2 745 745.7 749.2 754.7 751.4 741.1 733.9 730.6 728.9 725.6 724.4 727.4 717.6 711.2 702.6 695.8 686.6 681.6 679.5 670.9 666.7 668.7 657.6 652.1 625.8 603 581.7 550.1 510.1 516.5 543.8 575.3 577.5 546.2 511.7 463.3 441.6 428.2 421.9 416.7 419.4 437.7 459.7 485.3 511 542.6 582.1 643.7 691.7 724.3 736.9 747.5 757.5 766 776.1 789.3 801.5 813.8 824.8 832.9 837.3 835.8 833.2
737.9 738.3 738.2 732.8 735.6 737.6 740.1 743.8 747 748.8 748.1 742.3 742.2 740.9 740.3 742.2 746.9 753.6 755.3 750.4 741.4 733.9 728.8 725 721.6 718.7 719.2 711.8 707.5 700.5 694.4 687 682.1 678.6 672.2 674.6 674.8 669 657.2 640.3 611.3 585.8 552.6 546.9 574.2 602.9 604.7 579.6 550.6 523.3 499.3 466.9 446.6 438.5 435 432.5 445.2 467.1 495.3 525.7 563.4 611.9 662.6 705.3 722.7 734.3 744.5 756.1 765.3 775.9 787.6 799.5 812.8 823.5 830.4 834.1 833.1 830.4
735.3 734.1 733.4 731.5 733.4 732.9 736.1 740.2 743.7 745.2 741.3 737.8 738.1 737.7 739.5 741.7 748.8 754.9 749.3 747.2 739 734.5 728.1 723.5 713.1 717.9 713.7 709 705.3 698.7 697.6 692.6 687.8 685.1 677.1 682.1 682.8 674.7 663 638.9 613.5 585 572.8 597.3 618.2 619.6 613.6 592.7 562.9 536.1 512.8 507.6 507.9 499.6 469 455.2 465.6 480.5 494 536.7 585.7 632.9 685.1 711.2 720 730.8 743.4 754.5 764.9 776.5 787 798.3 810.6 820.5 827 829.6 830 828.4
