data/230000-730000.asc
ncols 200
nrows 200
xllcorner 230000
yllcorner 730000
cellsize 50
[rows 0 to 34 of 200, columns 78 to 155 of 200]
579.6 582.3 580.8 575.7 574.8 569.6 561.7 555.4 553.3 548.1 542.2 531.7 518.7 505.2 490.9 474.7 461 445.6 428 414.7 399.9 390 389.5 384.3 383.8 380.4 379.4 371.5 386 399.1 410.5 421 429.8 437.6 440.3 444.8 447.4 448.5 449 448.2 448 448.5 451.3 452.7 449.3 449.4 445.8 448.2 453 451.7 453.3 455.6 459.5 461.9 465.4 467.1 468 463.6 457.5 480.4 484.1 488.2 491.9 496.9 501.1 505.2 509.4 510.7 511.3 514.5 514.1 516.2 515.3 512.6 508.8 503.6 498 491.6
593.5 591.9 590.2 588.5 585.4 579.6 573.6 568.6 563.2 557.1 550 536 522.6 507.8 493.2 478.2 465.4 450 432.2 417.2 402.3 389.9 373 365.7 367.5 368 368.4 360.4 373.6 388.2 393.8 402.8 409.5 415.9 422.6 423.8 426.3 427 423.1 422.6 426.4 430.4 428.3 429.8 424.4 426.9 420.9 421.1 425.7 429.6 428.9 431 434.5 437.7 440.6 443.7 451.7 444.8 449.8 463 464.4 468.7 473.3 476.1 479.1 482.8 485.4 487.5 487.2 488.7 489.2 490.1 490.4 489.3 486.7 481.7 476.8 473
604.8 602.5 598.5 598.3 594.3 589 581.1 577.9 568.1 564.7 558.7 548.7 523.5 509.1 495.6 480.2 467.5 453.5 435.7 417.5 401.7 389.7 377.9 363.8 356.2 356.6 358.4 354.5 357.7 372.9 377.8 383.1 388.9 395.1 400.5 403.9 405.1 404.3 401.2 398.6 401.4 405.2 403.1 404.5 399.8 403.3 397.5 397.2 401.1 403.6 406.4 408.2 410.8 412.9 415.8 416 429.1 432.7 430.2 443 446.5 449.8 453.4 455.4 458 462.2 463.8 465.5 464.8 465.4 464.5 466.4 466 465.7 463.2 459.9 456.3 452.2
616.8 612.9 607.2 606.3 602.4 596.3 587.2 579.4 571.3 568.7 560.3 552 527.5 510.6 497 483.3 471 456.2 437.7 418.9 399.8 388.6 374.3 365.6 355.5 344.9 350.8 345.6 348.3 356.3 362.2 363.6 368.3 374.9 379.6 382.2 382.6 382.6 380.2 376.8 374.8 377.9 377.1 377 378.3 381.7 378.7 380.2 383.2 385.3 387.6 390.6 391.4 391.2 394 399.1 401.7 406.5 412 424.8 423.8 430.1 432.5 434.1 438 441.4 442.7 443.4 444.6 443.7 446.9 446.5 444.3 443.2 441.5 438.9 435.7 435
625.7 620.8 615.5 614.1 610.2 602.7 593.7 582.9 575.1 566.9 560.4 543.3 524.8 510.6 499.5 486.8 472.5 458.7 437 418.2 401 383.9 370.6 362.2 354.1 342.7 337.1 337.3 342.2 345.6 347.8 348.7 348.8 354 361.5 362.2 360.5 361.2 353.7 358.2 355.9 353.8 356.5 356.7 357.8 360 363.8 365.3 367.5 369.5 372.5 374.3 375.9 376.9 378.2 380.9 384.2 392.3 395.7 401.6 404.1 407.8 412.3 413 410.6 416 420.8 421.8 424.7 423.7 426.4 427.1 426.2 424.7 422.8 421 418 417.2
633.1 627.8 624.1 620.8 614.8 606 598.5 588.1 579 566.5 551.3 540.8 525.3 512.2 500.3 487.1 472.5 457.8 436.4 416.2 400.3 384.9 368.2 357.8 350.3 339.6 326.2 331.4 330.7 339.7 341.6 339.8 339.2 336.8 340 341.5 340.7 337.4 335.2 341.5 341.4 341.1 340.3 340.5 343.3 353.3 352.7 352 354 356.6 362.5 359.1 362 365.8 366.8 369.9 375.7 381 383.2 389.6 392.2 389.2 389.4 391.5 390.6 391.4 395.2 398.2 403 405 408.3 409 406.7 405.8 404.5 404.4 400.6 402.3
640.6 635.2 634.7 626.1 618.3 609.9 602.5 591.4 580.7 566 552.8 544.6 527.4 516.7 502.9 488.9 475.1 460.9 438.5 419 401.8 382 364.5 352.8 346.1 337.2 327.2 320.1 321.1 333.8 332.7 331.5 329.9 326.1 324.4 326.8 324.7 323.1 323.1 325.6 332.2 329.7 330.2 330.8 331.4 340.2 349.5 342 344.5 346.2 349.2 349.1 353 357 360.6 364.8 368.8 372.7 374.5 374.8 374.6 374.5 376.8 375.3 376 377.5 375.6 379.5 381.6 384 387 386.9 389 387.6 387 388.3 386.1 387.1
646.2 642 641.3 633.2 622.7 615.1 607 596.4 588.8 573 558.7 548 530.9 519.3 504.5 488.4 477.9 461.4 440.8 421.5 401 384.2 364.6 348.5 334.7 331.3 325.4 313.4 320 328.1 325.7 324.6 321.4 320.8 316.6 316.8 317.5 317.5 315.8 317.2 330.4 325.8 324.4 326.3 331.6 334.9 336.4 342.8 341.3 344.8 348.4 352.7 352.6 355.8 359 362.1 366 369 370.1 371.3 368 366.1 367.5 367.1 364.6 362.3 363 362.2 367 367.2 372.2 372.7 369 369.7 369.4 369.4 369.5 368.1
651.1 648.6 646.7 641.9 632.8 623.5 615.1 604.8 595 578.2 562.3 552.6 536.5 522.8 507.4 489.9 478.4 463.6 442.7 423 403.2 383.7 364.4 347.2 330.7 322.7 319.4 307.9 314.5 322.9 318.8 318.7 315 312 310.4 310.3 311.1 315.3 313 317.4 320.2 326.1 332.1 337.1 341.9 346 349.2 351.2 351.5 354.1 358.1 361.4 361.3 360.8 362.3 364.4 365.8 368.6 369.3 370.5 370 368.1 364.1 363.9 362.5 360.4 357.4 354.9 354.7 355.4 360.8 359.5 359.5 355.5 355.6 355.6 352.5 353.4
657.8 657.6 657.4 652.8 643.2 632.8 624 615.9 603.6 580.4 565.1 554.4 543.3 529.6 509.1 491 478.1 462.2 442.4 420.6 402.9 382.5 362.3 344.3 331.2 320.2 309.9 303.2 314.4 313.1 314.1 313.1 310.5 309 306.8 305.4 307.4 311.5 314.9 322.3 330.7 340.9 347.9 354.5 359.7 364.3 367.9 372 370.7 372.5 375.1 375.9 377.4 376.9 377.7 378.5 375.7 376.4 377.7 378.5 376.8 373 369.4 366.8 365.7 366.5 362.3 360.1 355.3 352.6 349.9 352 351.8 348.5 344.8 337.8 338.1 340.6
666.6 669.8 672 673.6 666.8 655.6 641.6 624.8 615.1 588 567.2 557.8 544.9 526.8 507.1 493.5 476.4 460 443.1 422 401.6 379.9 358.8 339.1 327 316.8 306.2 301 310.5 308.3 307.1 304 301.8 300.5 302.4 303.1 307.1 314.7 325.5 337.1 349.3 359.2 369.8 375.9 383.9 390.3 392 396.6 394.6 399 397.8 395.2 397.6 397.5 396.8 396.4 393.1 389.2 391 389.1 390.2 381.9 378.5 378.8 375.5 380.3 371.1 366.9 361.8 359 353.8 348.7 346.8 346.7 342.9 342.9 340.1 338.3
676.8 685.9 694 696.8 693 674.9 663.8 650.8 632.5 605.1 578.3 561.6 548.2 525.9 509.2 495.5 477.2 460.8 443.1 421.9 401.4 376.8 351.3 333.9 320.3 310.5 306 298 304.8 304.6 302.3 298.6 295.5 301.9 302.2 306.2 313 327.3 341.4 358.2 374.6 386.5 394.2 401.8 409.8 418.7 417.3 420.2 422.8 422.5 416.6 415.4 421 419.1 419 419.6 412.6 409.5 410.6 411.9 401.8 394 393.9 390.4 389.6 390.9 378.9 372 366.5 360.9 353.7 352.8 352.2 350.4 347.2 344.7 337.2 332.6
691.1 701.5 710.7 714.5 715.1 709.7 692.2 679.4 652 621.5 597.9 576.7 554.6 530.1 514.3 498.3 478.1 462.4 445.1 420.9 398 372.9 348.3 330.1 315.2 305.1 299.5 294.3 300.1 301.2 296.3 295.8 293.2 297.6 302.1 310 325.7 342.8 360.5 383 396.8 412.7 421.5 431.7 434.7 441.5 442.7 447.2 452.8 449.9 439.9 437.9 438.9 442.2 441.2 439 433.4 427.7 424.9 421.4 415.1 409.4 408.1 402.9 399.5 396.2 391.6 385.5 383.8 374.9 365.5 362.9 361 354.3 351.1 348.1 342.9 335.9
706 715 723.4 723.4 721.6 721.8 714.9 698.6 674.7 636.4 608.2 585 565.8 541.2 522.1 504.4 481.6 464.2 444.1 421.2 395.3 372 347.1 326.6 312.4 302.2 295.2 287.7 291.7 292.6 293.2 291 292.2 297.5 308.1 321.4 340.7 361.3 383.5 406.3 424.3 439.6 454.3 456.9 459.7 466.6 470.9 481.2 480.2 464.1 461.2 462.2 464.8 470.1 471.2 455.9 447.2 447 444.3 436.4 430.3 426.7 422.7 415.2 410.6 406.1 400.4 396 393.6 386.9 375.4 374.9 373.3 364.9 358.5 354.4 351.5 346.1
715.5 723.9 723 725.6 722.1 720.7 721.6 713.9 686.3 647.7 615.5 593.6 575.5 552.3 529.8 507 485.8 465.9 444.6 419.8 394.3 370.2 344.4 319.4 304.7 296.7 292.7 288 287.7 291.9 292.6 289.3 292 300.7 315.5 333.9 353 379.7 403.7 426.4 448.4 467.1 478.4 483.5 487.2 497.7 501.5 498.4 486.8 484.4 484.6 483.6 484.4 494.2 484.7 467.7 463.9 460.6 457.3 450.2 447.8 442.9 438.4 432.9 425.7 419.8 416.3 410 401.6 394 390.4 383.9 380.9 376.1 369.6 364.7 360.8 356.7
712.6 717.1 718.8 717.8 721.8 719.2 719 719.1 701.8 661.8 626.9 604.2 579.7 558.8 531.8 509.7 489 467.7 444.9 417.4 390.5 362.9 337.1 314.6 299.9 289.9 285.6 284.2 284 285.9 291.8 288.2 294.9 305 322.4 345.3 371.2 395.8 422.7 447.4 472.3 499.8 508.1 516.7 521.4 531 528.6 513.9 512 510.7 509.5 501.8 498.2 497.9 491.8 482.9 479.2 479.2 475.4 470.8 466.4 458.2 454.9 447 441.2 435.4 433.6 423.2 413.3 404.8 398.6 396.4 391.1 387.3 384.7 377.2 371.9 365.9
701.9 706.7 712.7 712 713.5 718.6 719.3 719.7 705.7 673.8 637.4 609.5 589 562.1 532.1 512.3 490.6 465.7 440.7 413.9 386.3 359.8 333.2 309.4 295.8 286.9 281.3 280.6 282.4 283.3 286.9 287.5 297.5 311 332.8 355.9 383.6 404.8 439.2 467.3 500.7 527 538.7 549.9 559.5 559.9 551.9 543.8 543.1 542.5 533.3 525.6 517.7 511.2 505.9 498.9 499.2 496.6 492.3 487.3 482.1 474 472.7 462.6 457.4 451.9 444.2 435.9 427.8 418.5 412.1 408.3 406.4 401.6 393.4 389.2 383.4 376.2
694.5 694.5 702.5 702.1 704.2 712.8 713.2 713.4 707.5 684.2 646.3 613.1 587 561.1 531.1 510.5 486.2 461.2 435.8 408.1 383 355.5 324.7 303.8 291.4 284.9 278.5 278.9 281.6 280.9 282.7 288.1 302.5 319.5 341.3 367.4 396.4 420.9 455 485.8 522.7 550.6 573.1 580 596.8 597.8 592.6 583.3 572.6 572 559.3 551.4 541.6 533.5 526.4 519.1 516.6 515.5 509.1 504 497.9 491.2 484.5 482 472.7 462.8 455.3 448 440.8 433.8 426.8 421 414.6 411.3 405.8 398.3 391 382.2
684.7 682.3 688.7 696.3 693.7 700.9 703.3 703.7 699 687.8 651.1 612.3 583.3 562.7 529.7 508.6 486.1 455.1 429.7 400.7 373.9 345.9 319.1 295.1 285.5 283.8 275.5 277.8 279.1 280 287.7 297.7 310.5 327.6 352.1 382.1 412.7 438.8 467.5 503.6 543.3 573.6 593.5 604.2 618.6 621.4 622.1 612.8 603.7 593.6 588.5 584.7 578 565.1 552.3 538.1 537.1 533.3 529.9 526.2 515.6 502.7 501.4 494 485.3 474.6 465.5 458.8 453 446.6 439.9 434.2 427.1 421.6 414.8 408.3 397.8 387.1
678.6 672.1 672.2 678.4 678.3 684.8 690.9 692.3 692 682.4 650 608.7 574.7 547.6 528.1 505.2 477.7 450.1 420.6 394.2 367 336.5 310.7 290 279.5 275 275.2 276.8 277.3 280.6 289 302 318.3 335.7 359.9 392.9 424.9 449.2 482.4 519.2 556.6 588.2 608.6 620.7 629.3 640.6 644.8 645 637.9 628.1 618.8 612.4 602.5 590.5 577.4 562.7 555.5 549.4 549.2 537.9 526.5 521 513.6 507.4 496.2 485.7 477.6 473 467.3 460.4 454.1 448.3 438.6 429 420.9 412.3 398.1 387.5
661.3 661.9 660.2 663.1 665.9 663.6 667.8 680.1 681.2 674.4 640.4 605.5 562.4 537.1 512.8 494 469.3 444.8 419.1 386.8 357.6 330.2 306.5 288 278.6 273.5 276.8 279 275.4 281.6 291.6 305.1 323.2 346.2 373.1 403.6 437.4 462.5 495.5 533.4 573.2 602.5 622.1 635 646.1 655 662.1 664.5 660.2 648.8 644.2 641.3 628.5 617.4 597.6 581.9 571.1 564.1 557.4 547.9 540.9 535 527.3 520.8 510.4 502.1 494.2 490.3 482.5 475 468.6 458.9 445.2 433.2 423.9 412.6 398.1 385.6
649.2 650.5 650.3 650.1 650.1 645.6 654.3 660.1 666.1 660.4 636.2 595.8 556.1 529 506.3 491.6 470.2 441.5 407.7 374.7 347 317.8 299.5 284.9 277.4 271.8 275.3 274.3 278.1 286.1 295.6 313.1 335.2 361.1 383.5 416.1 446.9 476.8 511.5 547.8 586.4 614.6 634.3 646.8 656.8 665.8 674.9 677.7 673 677.2 672.3 659.6 640.6 625.2 611.2 601 588.2 578.3 568.5 561.5 555.6 549.4 541.9 532.4 525.6 521.6 511.7 504.3 497.3 489.6 479.8 467.7 452.6 436.8 423.5 412.1 396.9 380.9
636.6 639.1 637.6 639.9 634.9 632.3 632.4 641.4 651.6 649 624.4 590 552.2 520.8 501.5 485.3 463.2 429.7 392.4 362.2 332.6 309.3 289.4 278.4 273.4 271.8 270.4 275 281.4 288.8 301.4 319.1 343.2 371.4 399.9 425.8 454.7 487.2 526.4 562.2 596.3 623.6 644.6 657.3 667.5 676.1 683.5 686.4 689.2 690.4 683 672.3 654.3 642.8 631.4 619.4 606.1 595.3 585.3 578.3 572.3 566.2 557.7 551.9 543.6 536.4 529.8 520.1 507.6 497.6 485.1 471.3 457.4 436.1 423.6 409.3 393.8 377.7
632.5 627.6 623.1 624.4 618.3 616.3 615.9 620.5 627.7 615.5 605 580.8 548.4 512.5 492.7 474.8 450.3 411.8 378.9 348.3 320.2 299.7 282.6 272.2 270.5 269.3 269.5 274.4 283.2 292.9 308 328.5 355.3 383.2 412.5 441.4 468 499.2 535.5 577.9 609.8 634.2 652.5 666.8 677.1 683.9 690.9 696.5 702.5 702.9 698.3 691.6 676.7 662.4 650.1 641.3 630.2 623.2 612.6 598.8 590.4 586.1 580.6 576.9 568.3 553.2 542.5 530.1 514.6 501.8 488 472.1 455 439 422.3 406.5 391 375.2
635 624.5 612.2 605.4 605.4 596.8 597.3 598.7 596.7 586.2 579.2 565.5 536.9 502.9 477.8 456.7 423.2 394.5 364.3 335.4 311 289.2 274.8 268.6 267.8 268.7 272.5 277.5 285.4 297.5 315 339 364.7 398.4 425.6 457.4 486.7 519 544.9 577.7 615 643.1 660.7 673.8 684.2 692.7 699.1 706.1 710.6 711.9 708.7 703.2 694.2 682.2 672 664.1 660.9 656.7 640.4 622.8 617.9 611.3 604.7 594.3 580.5 563.9 549.1 536.6 519.4 500.9 487.8 470.1 453.3 435.7 420.4 407.4 390.4 375.1
632.8 622.2 609.4 594.2 579.7 577.1 574.3 575.5 575 564.8 552.5 536 514.8 487.7 461.4 434.5 405.2 378.8 351.9 323.9 300.7 282.9 267 266.8 266.8 272.5 274.3 279.8 287.9 300.9 324.6 351.9 376.8 406.2 442 471.7 501.7 534.4 575.6 601.9 624.9 650.2 669.1 682.3 692.2 701.8 709.1 714.5 716.7 717.8 716.2 713 708.7 704.4 697.6 686.5 680.4 666.7 657 641.4 639.8 633.4 618.9 605.4 589.7 572.1 556.3 538.2 519.6 502 486.1 468.6 451.2 435.3 419.7 403 386.9 372
630.5 617.4 602.4 585.5 571.2 557.7 553 555.8 557.2 548.2 536.8 518.4 491.4 468.5 443.1 414.8 389.4 363.7 337 313.7 292 278.2 265.7 266.5 266.8 272.1 276.4 282.8 291.3 309.4 336.6 362.3 389.3 419.2 452.5 484.2 516.5 554.4 602.2 629.1 648.2 664.7 679.1 691.3 702.4 710.6 717.9 721.5 723.8 725 725.5 724.6 723.2 720.2 713.9 707.8 692.7 684.5 677.3 671 658.6 643.9 625.4 607.1 590.1 575 558.8 539.4 517.6 499.7 483.6 466.5 448.4 433.6 416.5 400.3 384.4 368.9
623.9 610 595.3 577.2 558.7 548.8 530.7 535.5 536.9 529 514.9 495.1 473 450.5 423.4 398 372.8 348.4 324.9 303.1 285.8 270.1 264.7 265.4 267.9 270.3 276.5 288 300.5 322.3 348.3 372.5 405.8 437.9 461.1 494.5 531.4 574 617.5 643.6 662 676.8 690 701.1 712.1 719.8 725.9 728.8 733.3 736.7 735.6 735.2 737 731.4 726.1 718.9 707.2 697.5 691.3 676.1 655.5 634.3 617.5 602.1 587.1 573.5 556 535.9 517 497.3 479 461.9 444.8 430 412.3 395.3 380.3 364
617.3 599.9 587.7 569.9 551.1 537.9 522.1 513.2 518 507.6 494 475.2 453.8 430.1 406.5 382.2 356.9 334.9 311.7 292.2 278.8 266.9 264 264.8 265.8 269.3 277.9 291.1 310.5 335.1 360.3 384.4 415.7 450.4 479.7 514.5 549.4 595.7 629.1 655 673.6 687.8 700.5 710.2 720.6 728.1 734.9 742.2 745.1 745.9 746.3 745.1 742.1 736 728.4 720.9 708.6 696 680.5 661.9 637.7 626.6 612.4 598.3 584.5 568 550.9 530.2 513.6 494 475 458.5 441.4 425.6 407.1 393.9 377.5 362.7
613.3 593.6 577 559.8 543.1 527.4 509.6 496.3 499.5 486.4 472.7 453.6 433.5 411 388.1 365.7 344.5 321.5 301.7 285.3 275.5 265.9 264.1 264.5 265.5 271.5 281.4 297.8 324.4 349.2 374 394.8 433.4 461.4 496.1 531.5 569.9 611.9 640.5 666 683.5 697.7 709.4 720.4 730.1 738.8 749.6 754.5 756.7 756.9 754.1 749.6 741.6 732.4 721.1 710.4 697.4 680.9 661.8 644.5 630.8 620.2 609.1 596.6 582.1 566 547.4 527.1 509.1 485.5 467.5 452.5 436.9 421 403.4 389.2 374.7 360.2
609.6 586.1 567.7 550.4 534.4 518 501.8 482.9 476.1 466.4 451.4 433.2 414.9 393.4 371.7 350 328.7 307.6 291.7 279.9 274.9 269.3 262.8 263.6 265.1 272.7 282.9 305.7 336.2 360.6 386 409.4 442.8 477.5 509.9 547.8 587.2 622.8 653.2 674.4 691.4 706.8 720.2 731.7 742.3 752.3 763.6 768.6 767.7 763.6 753.3 744.9 735.1 723.7 711.7 699.2 679.8 661.5 647.5 634.1 623.6 616.3 604.4 595.9 580.3 563.2 543.9 525 505.5 488 468.4 450.2 433.8 413.3 399.7 385.9 368.9 356.8
606.6 581 561.2 541.7 525.6 509.5 494.7 475.6 446.7 441.6 432.6 414.9 396.5 376.3 354.9 336 315.4 296.6 283.1 274.4 274.6 271.4 262.4 262.8 265.3 274.1 291.2 316.6 346.6 371.4 396.7 424.8 454.9 488.3 524.8 561.6 601.4 632.9 661.9 682.4 698.8 716 731.6 746.2 756.2 766.9 775.3 778.9 772.7 763.9 749.6 739 728.9 716.5 697.2 680.6 665.4 651.8 639.8 628.9 618.6 610.5 604.2 591.7 577.2 560.1 543.1 521.2 504.4 481.8 467.1 448.8 429.5 409.9 395.1 379.8 367.9 356.8
602.8 578.8 551.6 531.2 516.3 497.7 481.1 461.9 441.7 409.7 413 397.2 377.6 358.2 340 321.4 303.2 287.6 274.4 269.4 271.3 263.8 261.2 261.9 267.3 278 300.6 333.5 357 385.2 410.8 438.7 469 497.5 531.6 567.4 607.9 641.7 671.4 690.4 709.6 725.8 743.9 759.9 770.9 781.9 785 782.4 770.1 759.3 742.8 732.3 720.4 707 686.6 671.8 657 644.6 634.9 625.9 616.5 609.9 603.5 589.6 576.5 560.6 542.8 527.3 501.2 479.6 462.7 442.6 425.3 407.6 393.6 378.2 364.8 353.6
598.7 567.4 538.8 519.4 501.7 483.9 466.2 446.6 428.1 408.3 382.9 379.9 362.6 341.7 323.1 306.6 291.3 279 269.3 263.9 262.5 259.9 260.8 262.8 273.6 287.1 318.2 346.6 370.5 401.5 424.9 454.8 481.9 512 545.2 579.8 615.7 648.1 676.4 698.9 718.4 736.4 756.2 773.1 784 791.1 788.2 777.5 763.3 748.1 732.2 721.7 708.6 694.2 677 659.1 647.4 638 630.1 623.3 616.1 608.9 601.2 590.3 575 560.2 538.4 521.2 497.5 476 460.2 441.4 424.1 407.1 391 375.8 363.4 350.2
574.5 546.5 523.1 504.1 484 466.4 449.7 431 411.5 395.6 377.7 356 348.6 332.3 310.8 296.1 282.6 272.8 266.2 263 259 259.3 259.8 267.3 281.1 300.8 330.4 358.4 382.2 415.6 442.1 469.1 499.6 527.8 555.8 587.5 622.1 653.9 678.8 704.1 723.2 746.9 766.7 781.2 793.7 793.2 780.5 764.6 750.1 733.9 719.9 708.3 695.1 680.6 663.9 649.1 640.5 632.8 625.1 617.4 611.5 605 597.2 587.9 573.3 558.2 537.7 521.6 491.2 473.7 456.6 439.5 421.7 401.1 386.1 374 361.1 349.9
