data/230000-950000.asc
ncols 200
nrows 200
xllcorner 230000
yllcorner 950000
cellsize 50
[rows 144 to 179 of 200, columns 81 to 161 of 200]
115.1 111.3 109.6 108.2 105.9 101.2 97.2 94.8 95.9 97.3 99.8 112.7 131.1 149.5 178.1 204.7 229.6 260.3 293.2 327.2 353.7 386.6 416.4 443.9 466.7 485.6 490.4 489.2 487.1 482.8 470.6 449.1 432.9 420.2 406.4 401.4 406.9 409.1 410 412.8 419.2 418.9 412.7 404.1 400.5 397.2 391.7 381.4 369.1 357.6 348.5 338.1 332.7 330.6 327.6 327.3 328.5 328.8 326.8 322.4 312.7 302.3 290 281.4 276.3 266.6 262.5 258.4 254.2 238.1 225.3 213.8 190.6 175.8 160.7 141.2 122 103.3 93.9 86.1 77.6
117.4 112.7 110.5 108.9 106.3 103.7 97.9 94.7 95.7 96.1 99.2 104.2 118.9 137.8 158.9 183.2 211.7 247.4 281.2 311.5 346.1 381.2 406.7 426.7 448.1 467.6 485.1 487.7 487 482.9 473 449.2 440.8 429.7 421.7 421.1 416.3 414.2 414.9 420.6 425.5 424.3 419.3 415 407.3 396.6 386.5 377.2 366 354.7 345.1 337.9 335 332.1 330.4 330.2 331.3 329.9 325.5 318 307.3 295.5 293.7 285.6 282.9 279.2 280 279.6 266.7 250.3 235 205.8 183.8 167.8 147.1 130.4 106.8 92.4 86.2 79.4 70.4
120 114.9 111.7 109.5 106.4 103.5 102 96.7 95.7 95.4 97.8 102.1 107.9 127.4 149 167.9 200.3 235 268.9 306.2 345.8 376.9 397.5 409.5 429.2 450 471.1 484.3 484.6 482.5 474.3 455.5 444.8 438.1 430.6 422.3 416.5 418.8 420.6 426.6 431.4 429.6 425.4 416.1 405 391.5 381.3 371.9 361.1 351.3 343.1 337.9 336 336.1 335.6 337.1 333.2 331.2 322.6 314.3 307.8 309.4 304 303.3 302 302.1 300.9 294.3 275.6 260.5 239.2 205.4 178 159.3 140.1 123.6 97.2 84.1 77.4 69.6 61.1
123.7 118.7 116.4 112.1 105.5 102.5 101.8 99.2 95.2 95.7 96.7 100.8 104.9 116 138.1 158.4 180.7 221.7 259.3 297.9 343.2 372.4 385.8 393.8 411.7 432 453.5 475.7 481.4 478.4 468.9 455.6 445.2 437.6 431.1 422.5 421.6 424.5 426.7 432.2 433.6 431.9 427 412.1 397.2 386 377.6 367.8 357.1 348.2 342 338.8 339.8 338.6 338 337.1 337.7 331.6 322.3 324.1 324.7 320.5 321.5 322.5 323.7 323.7 312.5 299.4 280.8 266.6 235.8 198.7 171.5 155.1 133 111.4 93.8 78.7 71.3 67.1 62
127.9 122.7 116.5 111.3 107 102.1 101.2 99.3 96.8 97 97 96.7 103.3 108.9 126.8 148.1 165.5 206.7 248.4 281.7 323.5 350.3 372 382.8 394.3 413.2 434.5 458.2 475.5 474.2 464.6 452.2 443.9 437.3 431.1 424.5 428.1 429.7 430.9 432.3 433.2 430.1 422.5 408 393.7 384.6 374 363 355.4 348.8 342.6 339 342.9 339.2 339.5 340.4 338.7 332.6 330.7 335.9 333.9 334.5 334.7 335.5 331.6 321.5 309.7 292.8 281.7 260.7 221.5 191.9 171.7 149.2 125.6 103.4 90 75.7 73 69.7 63.9
131.1 124.4 118.6 113.2 109.6 102.8 99.4 97.9 98 97.1 97.9 96 97.5 105.8 115.7 138.3 159 183.5 217.4 258.1 291.7 329.2 354 370.7 381.2 395.3 417.2 441.4 466.5 468 462.3 451.6 443.3 434.4 431 431.4 432.6 434.1 432.4 432.4 431.1 426.7 416.7 403.5 393.3 383.2 372.4 362.6 354.4 345.8 345.8 346.6 341.7 341.5 341.4 345.7 345.8 345.6 344.8 347 343.6 342.9 339.8 335 325.9 315.5 302.5 286.5 272 245.3 216.4 186.2 160.1 143.3 118.5 98.2 87.5 79.5 76.2 71.7 63.8
132.8 126.6 120.8 115.3 110.7 108 100 98.8 98.2 97.1 97.1 95.9 96.6 100.3 110.7 126.3 147.7 172.5 203.7 242.4 275.2 306.5 335.7 360.8 369.7 380.1 401 425.4 451 461.6 456.8 453 445.8 439 436.5 435.3 434.6 435.2 433.5 432.2 428.8 421 411.5 400.4 390.5 381 371.7 361.6 354.4 353.1 350 345.6 348.4 348 352.9 355 354.6 354.8 354.8 350 350.6 344.8 333.9 325.6 316 306.6 294.5 281.3 265.4 238.3 210.2 180.6 154.2 135.4 114.9 99.6 88.3 82.1 77 70.8 60.4
133.7 128.4 122.4 116.6 111.3 108.3 102.7 99.9 98.6 97.2 97.6 97 96.1 97.4 103.2 114.4 135.6 160.3 202.3 245.5 267.8 295.6 333.7 357.1 363.9 365.8 381.9 405.2 430.1 453 456 451 447.2 442.3 438.9 436.6 437.2 436.5 434 430 425.2 419.2 408.5 397.9 386.7 376.5 368.3 361.9 359.4 355.5 354.2 356.4 358.9 363.4 361 360.7 362.6 362.3 358.1 356.3 346.4 338 329.7 317.3 311.6 299.2 289.2 275.9 261.2 229.8 204.7 182.5 158.4 134 116.2 102 90.6 82.7 75.9 67.6 55.7
135.4 130 123.5 117.8 111.6 107.5 103.6 101.1 99.8 99 99 98.9 97.8 97.2 98 107.9 125.5 162.8 204.6 231.1 259.5 294.1 321.6 344.8 353.8 356.7 364.7 387.3 413.5 442.3 450.1 451.6 449.4 443.8 443.8 443 438.8 434.8 432.2 430 425.4 416.9 407 396.7 385.3 374.9 370 366 361.5 358.8 362.3 371.5 375.7 370.7 367.7 367.2 367.8 366.1 359.4 349.4 340.3 331 326.9 319.5 307.6 286.6 271.7 257.2 246.3 227.5 203.2 177.6 161.7 134.6 117.7 106.1 93.3 83.2 77.4 69.4 59.8
136.2 131.5 124.6 118.5 112.6 108 104.1 102 101 101.6 101.2 100.5 99.7 98.7 96.3 102.3 121.3 163.1 208.4 231.5 256 282 307.4 327.2 341.1 346.3 354.2 374 406.6 435.7 446.7 450.9 446.9 449.7 447.3 441.3 438.4 434.6 434.3 428.8 421.7 413.6 404.6 395.4 385.1 377.1 372.4 369.4 369.3 374.5 381.5 381.9 378.5 375.4 375.4 376 370.3 360.5 350.6 345.9 339.8 335.7 326.1 315.9 306.2 295.8 288.6 265.4 242.5 225.3 203.4 185 165.4 150 131.5 113.2 103.3 93.6 86.7 79.4 68.1
136.8 131.8 127.1 120.8 114.3 109.1 105.9 103.3 103.8 102.9 102 101.1 100.3 99.4 98.5 98.6 112.3 140 179.3 212.8 238.3 262.4 278 307.5 332.2 337.6 346 365.2 399.3 428.5 440.3 446.9 455.5 452.4 447.2 441.4 437.3 434.3 434.6 428.2 418.2 409.8 400.9 391.9 383.6 379 376 378.3 382.2 386.1 385.8 384.8 386.4 384.4 379.5 373.6 362.1 359.3 354.9 348.5 343.8 339.5 332.7 321.9 304.7 301.1 291.1 273.1 262.3 251.5 235.5 210.2 182.4 159 140.5 126.7 116.3 105.1 98 86.5 75.9
134.9 131.1 127.5 121 116.2 110.8 107 106.1 104.7 103.8 102.7 101.7 100.8 99.9 99.3 96.4 103.9 123.9 151 183.4 207.9 233.5 270.8 305.5 322.7 329.2 336 357.6 386.8 419.4 432.3 452 460.6 452.6 444.9 440.1 436.1 433.6 432.3 426.4 416.6 405.7 398.4 392.2 387.1 382.9 384 388 390.2 388.8 388.9 390.3 385.9 380.9 373.8 367.4 364 359.7 353.7 349.6 350.3 342.7 329 317.2 315.5 313.8 303 285.8 281.7 271.9 263.9 243 208.3 187.9 161.5 148 149.9 149.3 141.5 129.7 125.8
135.5 129.7 125.6 120.9 116.6 110.5 109.8 108 105.6 104.6 103.6 102.5 101.5 100.7 100 99.9 99.3 110.1 132.4 156.5 182 211.8 258.8 297.1 309.4 318.6 327.5 346.1 382.4 414.9 426.9 454.9 457.9 452.8 445.4 439.8 436.6 435.1 429.8 423.8 415.3 406.6 401 394.1 390.4 391.1 392.8 394.5 392.7 392.4 392.4 388.8 383.1 380.5 378 375 370.4 364 360.1 354.4 351.2 343.8 335.3 330.1 325.4 317.1 301.6 300.2 294.7 284.9 275.1 253.3 224.8 208.1 199.2 190 185.2 176.3 158.7 140.6 127.6
135.7 129.1 125.1 118.9 114.3 114 112.1 108.9 106.3 105.4 104.4 103.2 101.3 100.7 99.5 100.2 97.3 100.4 117.2 139.4 164 190.9 230.2 273.3 293.7 307.9 317.7 336.1 376.2 405.4 423 451.5 456.4 454.3 446.9 441.1 436.9 435.4 430.3 421.9 413.3 406.3 401.4 397.2 396.5 399.5 399.1 399.4 398.9 397.8 393 389.1 390.5 390.7 386.3 380.9 372.5 371 363.9 358.4 350.9 345.3 338.4 331.4 325.8 320.4 311.4 304.5 294.2 280.7 266.6 247.4 231.4 213.2 202.4 195 186 165.8 147.2 130.1 110.6
133 126.5 121.9 117.9 117.5 115.4 113 109.9 106.6 105.2 103.9 102.4 101.2 100.6 99.8 98.8 101.5 97.9 104 121.6 147.9 173.8 197 235.6 262 291.2 306.4 327 357.6 389.5 415.5 444.5 456.4 454.9 447.6 441.7 437.4 433.3 426 421 415.1 412 407.1 403.2 404.7 405.6 407.3 405.7 403.9 399.3 397.3 398.7 400.9 397.1 394 386.7 387.7 376.2 366 365.7 355.4 349.2 342 337.2 331.3 320.4 309.7 297.9 287.8 274.7 259.2 243.2 223.5 205.8 198.5 185.9 172.4 152.3 132.7 117.6 101.6
133 130.8 124.3 121.5 117.8 115.2 112.7 109.5 106.9 105.4 104 103.3 102 100.7 99.9 101.1 102.4 101.7 97.5 109.7 130.2 156.5 177.5 204.8 243.7 273.2 294 312.4 339.2 368.6 399.2 430.1 454.2 451.2 445.8 442.9 434.4 426.5 424.1 420.3 417.2 414.1 410.5 409.2 410.4 410.2 413.3 410.1 407.2 408.3 407.3 409.7 408.6 405.1 399.5 396.2 387.5 382.8 374.7 364.1 355.8 350.9 344 339.2 331.4 316 311.4 298.3 284.4 266.9 247.3 234.9 215.2 203.9 186 171.3 157.6 142.6 127.8 110.7 92.7
136.9 130.2 124.3 120.8 117.5 114.8 112.4 109.4 108.3 106.9 105.1 104.3 102.3 101 100.8 103.2 103.8 103.7 100.8 99.2 115.4 139.3 159.2 184.6 222 257.5 281.1 297.3 321.7 350.7 381.1 410.4 440.5 445.7 439.8 438.1 434.2 432.6 426.3 421.6 419 419.4 417.4 417.3 418.5 417.9 414.5 414.9 419.3 418.6 419.3 419 416.8 412.2 408.3 399.8 394.1 386.4 378 367.9 359.7 354.5 352 341.6 327.6 319.7 307.9 295.9 276.8 251.8 233.5 219.9 206.2 194.4 177.5 167.7 153.1 143 129.2 117.5 100.7
141 134.5 127.8 122.3 117 114.3 112 110.6 109.7 108.5 107 105.4 102.9 102.9 104.3 103.8 103.5 103.9 101.4 96.8 106.2 125.4 145.4 166.7 193.3 230.7 261.1 281.6 305.5 332.5 361.3 387.8 415.4 434.6 435 436.2 436.6 432.8 430.4 428.5 429.9 427.3 427.6 426.3 422.2 418.4 420.3 427.2 427.1 426.5 425.3 422.4 420.9 417.5 408.4 400.4 397.5 388.9 381.8 377.1 371.1 367.7 355.2 340.6 323.9 308.2 291.1 276.2 261.1 245.9 228.5 212.5 203.7 193.7 181.6 168.3 162.1 151.8 141.6 131.1 120.4
143.3 136.7 130.8 123.4 118.9 115.3 112.8 112 111.2 110.1 108.9 105.6 103.6 105.9 105 105.2 105.6 104.7 98.3 97 100.5 114.9 132.5 152.6 176.5 205.7 237.2 260.3 288.6 312.2 339.3 363.2 390.5 420.4 431.6 436.8 437.8 437 432.7 431.7 433.7 436.6 431.4 425.9 424.3 428.2 430 431.6 434.9 434.7 432 425.2 420.8 413 406.7 402.7 395.1 392 394.8 387.8 372.2 356 336.2 319.3 302.3 284.9 270.2 260.4 245.4 229.1 218.8 210.1 203 195.5 189.2 188.1 185.9 178.3 171.4 163.4 151.5
144.8 138.5 131.4 123.6 118.9 115.4 113.2 112.1 111.6 109.6 108.7 108.9 107.1 108.3 106.1 109.7 107.3 105.2 98.5 98.2 97.1 104.1 120 140.4 167.4 196.8 217.5 248.2 271.4 295.3 319.1 345.4 380.2 406.7 421.4 432.4 434.4 432.7 432.4 433.7 436 436.6 435.3 435.2 437.4 435.4 435.9 438.6 437.8 434.4 431.1 429.2 421 413.4 414.9 408.4 402.3 397.4 388.2 373.8 355.3 345.8 339.2 332.3 319.8 307.5 284.7 262.1 241.7 228 218.1 211.4 205.1 199.8 207.9 205.1 196.9 190.5 181.9 168 150.3
165.9 145.9 133.1 125.7 119.7 115.7 113.2 111.9 112.5 111 110.7 109.6 109.3 112.9 109.3 109.8 107.7 105.9 100.8 97.5 98.1 97 109.8 128.7 151.4 176.8 212.3 238.2 257 281.2 305.8 334.6 372.5 396.4 409.7 424.7 427.7 432.7 433.7 439.6 436.7 439 443.3 442.7 442.4 444.2 445.6 445.2 439.8 434.7 432.6 429.4 423.4 423.7 414.2 407.7 400 389.6 377.8 378.2 379.8 372.5 358.8 343.7 325.3 312.1 296.3 276.1 241.7 225.5 218.6 216.9 220.5 213.9 210.4 206.6 199.2 184 169.1 152.7 134.5
193.1 164.4 148 137.5 126.3 119.2 115.3 111.9 112.4 113.3 111.4 110.1 110 111.6 111.6 108.4 107.1 103.2 99.8 97.8 99.8 97.1 101 115.6 136.3 163 206.9 227.7 247 268.3 293 321.5 355.8 383.2 399.4 416.9 424.6 431.6 438.2 435.1 440.8 447.7 448.7 447.3 450.3 452.2 452.9 448.2 442.2 438.4 439.5 435.8 431.6 424.8 415.7 406 397.6 403.8 408.2 403.4 389.7 364.8 348.3 330.5 314.2 300.4 293.9 280.2 258.2 239.9 232.5 238.6 235 218.3 209.1 196.2 184.3 169.9 158.9 144.7 127.2
232.1 190.4 169.3 157.4 145.4 133.6 120.5 112.1 114.7 113.5 111.9 109.6 110.3 111.3 112.6 113.8 106.7 101.2 98.5 97.5 99.9 99 97.1 105.8 125.3 149.9 190.7 221.2 236.9 254.6 277.9 304.7 336 368.3 392.8 415.7 426.5 436.2 436.8 441.3 447.8 450.2 452.2 454.7 458.5 456.6 457.2 450.9 443.3 439 438.4 434.6 430.3 427.1 415 416.6 421.7 421.5 411.5 402.3 383.9 361.4 339.5 320.3 302.3 289.5 282.2 272.1 257.1 240.8 235.5 239.9 227.5 212.4 196.2 182.5 168.7 165.2 156.5 138 125.1
272.4 221.5 201.5 193.5 180.6 156.5 133.4 118.2 116.3 114.9 112.1 109.5 110.1 111.7 112.9 112.9 108.7 99.8 97.8 97.9 100.2 100 97.1 100.1 114.1 136.6 167.3 198 221 242.2 266 296.3 335.7 364.8 399 425.3 439.8 446 445.6 446.9 450.6 461.8 465.3 464.1 465.5 463.1 459.4 453.5 450.6 444.8 441.7 440.2 438.1 437.6 433.1 435.5 432.3 422 407.4 392.5 375.5 354.7 332.9 314.1 295.5 279.1 267.1 258.1 242.7 231.6 228.9 223.5 211.4 196.4 178 166 156.6 152.2 138.5 127.9 119.3
318.4 290.7 243.4 251.8 237.6 193.5 148.3 127.9 116.8 114.2 113.7 110 110.5 112.1 113.8 114.5 113.1 102.8 98 98.2 98.2 98.6 97.9 97.9 103.7 122.8 146.1 179.9 206.3 229.6 254 284.4 320.6 355.4 389.4 425.1 445.6 444.7 446.9 454.4 466.1 464.4 463.7 465.1 462.7 463.4 462.3 458.1 456.2 449.3 447.8 448.4 457.4 460.4 458.8 449.2 439.2 421.1 407.3 391.8 375.1 363.6 338.4 313.4 297.2 284 268.3 246.6 233.8 220.9 214.4 207.1 195.6 179.3 160.2 148.2 141.9 135.5 129 116.7 102.9
388.8 349.3 287.8 292.3 281.7 233.5 172.1 139.5 122.1 117.9 115 111.1 111.8 112.7 115.1 114.2 118 103.8 98 98.2 98.2 97.6 97.6 98.5 98.9 112.7 135 162.8 189.1 216.4 241.5 270.7 303.2 344.4 376.4 408.9 435.2 444.4 457.4 466.2 466.6 463.7 463.3 460.4 461.1 461.7 460.8 464.8 467 463.3 467.4 470.2 477.5 472.6 465.1 457.9 439.8 424.5 408 396.1 389 369.8 335 311.8 292.7 277.8 259.4 238.3 222.2 211.5 201.3 193.7 179.8 163.1 145.2 131 123.4 116.8 105.2 94 81.1
429.1 386 359.8 328.1 305.8 261.1 201.2 151.7 132.5 122.1 118.1 113 114.4 114.8 116.7 115.1 118.8 107.8 98.2 98.8 99 99.1 99.2 99 98.3 103.2 121.5 145.5 176.6 204.6 230.1 256.4 287.6 325.5 360.1 394.7 428.5 460.5 470.1 470.9 467.5 460 459.6 464.6 462.6 463.5 471.6 477.4 475.6 475.4 480.3 483.7 477.7 471.8 466.7 454.7 438.8 425.9 408.3 398.9 388.8 369 331.2 310.7 285.3 268.3 253.9 229.4 213.9 199.7 188.3 178.5 161 140.1 128.2 118.1 107.2 97.6 85.8 73.5 62.2
441.7 422.3 396.7 365.3 337.9 288.4 228.5 169.1 144.6 129.8 120.4 117 115.7 116.2 117.9 116.3 115.5 108.2 99 99.8 100.2 100 99 98.9 98.7 97.8 113.3 133.9 162.7 191.8 218 244.4 274 309.3 345.7 379.8 416.6 453.8 468.3 465.3 458.4 456.8 458.8 466.6 470.5 476.6 480.4 478.5 478.2 482 480.6 477.5 471.7 471.9 465.9 445 426.7 414.4 405.4 393.3 383.2 366.4 330.4 299.1 279.3 260 244.7 221.6 202.4 184 172.3 161.7 141.3 125.9 118.2 104.5 94 81.3 69.2 58.3 46.9
434.3 422 409.1 387.7 357.8 310.6 259.4 194.6 156.8 136 125.7 120.1 116.2 117.5 117.3 113.4 110.5 105.8 98.9 98.7 100 100.1 99.4 98.1 97.8 97.8 105.6 125.1 150 177.6 205 233 261.9 295.6 329.7 365.7 400.7 432.9 457.7 454.5 457 459.1 458.1 470.5 482.2 482.9 480.4 478.3 480.5 477.3 471.6 470.5 469.6 465 448 429.9 415.4 404.8 396.6 385.3 374.6 358.7 321.2 288.5 270.5 244.6 220.4 203.5 184 168.9 156.5 138.4 126.6 119.4 107.1 95.5 81 67.5 55.5 42.9 33.9
428.9 418.5 406.8 395.8 373.3 335.3 278.7 232.6 174.8 145.9 131.2 121.3 117.6 117.6 117.3 115.3 113.6 106.1 99.3 99.8 99.8 100.2 98.6 99.8 99.4 98.4 97.8 115.8 138.9 164.8 192.2 222.1 250.5 284 316.5 349.6 386 413.7 440.2 444 449.7 456 462.3 479.7 484.6 478.7 478 478.5 474.5 468.6 466.6 464.4 459.2 449.1 432.3 419.3 403 393.5 384.1 374.8 363.3 347.7 307.2 271.8 254.4 230.2 205 184.7 168.2 152.9 141.1 129.5 119.7 105.5 96.6 82.1 67.6 54.9 43.6 34.6 33
426.9 415.7 405.7 400.2 387.9 358 309 250.9 189.2 153.6 138.4 125.2 119 117.2 116.4 119.4 116.4 109.1 99.9 99.9 99.6 98.5 98.5 100.4 100.1 98.5 98.8 107.9 129 154.2 179.8 207.7 238.3 272.1 301.7 333.8 370.8 397.1 423.9 438.5 449.2 457.2 465.9 478.5 475.7 471.7 473.1 468.1 464.3 460.1 459.7 454.2 446.1 433 414.8 404.3 392.9 383.2 372.9 362 352.2 327.4 283.2 252.2 228.1 207.2 186.2 168.7 153.7 142.6 128.7 118 104.5 91.2 79.5 67.4 55.2 42.8 35.5 33.3 32.8
423.9 411.3 402.9 397.2 387.3 368.5 314 264.8 204.4 162.2 143.7 129.9 120 117.3 116.9 121.1 118.2 110 107.5 102.6 100.3 99.3 98.5 100.1 100.3 97.8 99.6 101.9 121.5 144.2 168.7 195 226.7 260 288 317.6 352.1 378.2 405.4 427.9 447.1 455.8 467.1 466.7 464.3 465.2 460.1 455.7 454.6 449.7 446.9 442.7 428.6 415 402.7 392.8 382 372.2 361.2 350.3 340.7 309.3 262.6 234 212.3 195.3 178.2 162.5 147.4 131.2 115.5 101 90.4 78.5 62.5 55.5 42.4 35.8 32.8 32.1 32
422.9 409.2 400.1 392.6 382.5 370.1 315.7 273.4 220.6 176.1 150.2 134.4 121.5 116.4 118.3 119.4 117.1 110.1 111 107.7 104.3 100.4 99.8 100.1 99.6 97.8 99.5 100.6 113.6 134 156.2 183.3 214.5 246.7 274.4 300.1 331.4 355.5 386.7 418.6 442.4 454.6 458.2 457.3 454.3 451.3 448.9 443.9 439.5 436.3 434.4 428.6 413.3 404.1 392.3 383.5 371.7 358.5 348.8 340.7 330.8 298.4 261.1 229 211.5 193.5 174.6 160.9 141.7 120.4 104.5 88 78.5 66.7 54.8 45.4 36.6 32.9 31.9 32.1 30.9
420 403.2 397.9 390 379.6 366.6 334.7 283.9 239.2 186.9 161.3 139.9 127.7 121.8 120.6 120.8 116.3 114.7 111.2 117.9 106.3 100.8 100.6 100.4 100 99.6 98.4 100.1 106.8 126.4 147.9 171 201.3 232 258.5 281.2 308.2 342.3 377.2 408.9 435.6 447.1 448.1 444.5 440.9 440 439.8 435.1 430 430.2 427.6 413.5 400.5 393.5 382.3 370.9 359.7 347.5 341.1 332.4 318.7 296.2 268.9 239 219.7 198.1 184.9 165.5 133.1 111.4 90.8 78.1 64.6 55.5 45.6 37.5 33.5 33 33.1 32.4 31.3
411.6 400.7 396.3 387.7 376.2 361.8 332.7 296.6 282 252.3 190 157 139 129.6 126.4 123.9 122.5 118.1 117.7 117.8 107.6 103.2 101 100.6 100.3 99.8 99.6 98.8 102.6 121.2 141.9 160.7 188.1 216.1 241.1 269.2 299.5 332 366.3 397 425 434.3 430.6 431.9 428.9 428 427.4 427.3 427.8 425.1 414.9 403.1 388.4 380.3 369.3 361.1 351.3 340.3 333.5 322.1 303.5 286.4 259 238.4 214.8 190 166 137.4 113.2 97.5 82.9 66.6 58.5 48.4 39.9 35.2 33.6 33.4 32.6 32.1 31.4
409.2 403.3 395.4 382 368.8 357.9 346.2 330.8 309.9 271.7 212.1 178.3 153.5 137.4 132.6 131 133.2 129.4 122.5 117.7 112 105.7 101.9 101.2 100.6 98.8 99.5 99.4 102 115.6 134.7 153.8 177.2 204.8 230.5 261 292.1 323.3 354.2 384.1 408.8 417.7 421.9 420.4 416.9 417 418.8 425.4 421.4 414.7 405.5 393.7 379.1 372.4 364.8 355.4 344.4 336.5 323.9 303.7 284.9 261.5 241 222.8 195.2 171.2 145.1 120.4 97.5 86 71.6 57.9 47.9 39.6 35.2 34 33.4 33.1 32.2 32 31.5
