data/230000-680000.asc
ncols 200
nrows 200
xllcorner 230000
yllcorner 680000
cellsize 50
[rows 40 to 79 of 200, columns 0 to 89 of 200]
133.4 138.3 144.3 152.2 161.3 169.8 176 183.3 191.7 199.5 211.3 220.1 229.2 241.5 250.8 257.8 262.5 269 274.2 274.6 277.5 280.1 278.5 268.9 275.2 280.4 291 299.5 306 315.8 326.3 337.7 348.5 355.3 359.9 363 364.5 364.8 363.9 362.2 360 357.7 354.9 352.2 350.3 350.4 355.6 357.3 358.5 358.7 358.3 357.1 355.7 354 351.2 347 342.7 338.8 334.7 331.6 328.3 326.1 323.3 318.7 314.3 313.2 311.6 305.7 295.8 289 283.4 276.9 270.6 263 253.3 242.1 231.6 220.8 206.2 189.9 190.8 182.2 170.5 159.1 147.6 135.4 123.3 113.9 106.9 96.4
127.4 134.4 140.6 149 156.9 165.5 170.2 178.3 184.9 193.1 201 209.5 219.5 230 238.2 246.3 252.9 259 262.7 265.9 268.1 270 261.8 264 271.2 279.3 287.8 293.1 299.1 304.7 316.8 330.7 341.7 348.4 353.5 357.7 358.5 359.1 358.8 357.4 355 352.6 351.9 350.8 350.1 353.7 360 361.1 362.3 362.4 361.4 360.2 359.4 357.7 354.8 351.5 347.2 342.3 338.5 335.4 333.3 330.5 328.4 324.3 321 320.3 315.3 308.7 301.9 296 289.9 283.1 276.2 267.7 259 249.5 235.9 223.8 210.7 210 203.6 192.9 179.4 166.4 149.4 138.8 130.6 120 109.3 98.6
124.8 132.2 138.9 144.5 151.1 159.6 165.2 172.2 179.2 186.1 193.3 201.9 211.4 220 228.6 235.2 241.3 247.6 251 256 259.9 260 250.2 253.3 271.9 280.9 286.3 290.3 292.5 295.8 310.1 323.8 334.2 342.9 348.1 352.9 354 354.5 353.7 351.8 349.5 348.8 348.4 349.8 350.6 356.2 360.8 360.7 361.5 364.7 363.9 364.4 365.5 365.1 362 358.2 351.7 347.8 345 340.1 337.5 334.3 331.2 329.7 327.1 324.6 319.7 315 309.3 302.5 295 287.9 280.3 273 263.8 254 244.9 235.2 230.7 224.8 216.7 202.5 181.8 173.4 161.8 151.9 140.1 125.8 114.8 103.9
124.7 130.5 135.6 140.8 147.1 153.2 161.8 167.6 174 181.2 188.2 195 203.4 212 219.7 222.5 231.6 237.9 241.9 247 248.9 250.3 250.5 258.7 269.9 278.2 282.3 284.9 287.5 289 300.7 312.6 323.1 335.1 342.5 346 348.4 348.9 348.4 346.3 345.5 344.7 346.3 348.9 351.4 355.1 359.5 359.6 362 365.6 366.8 369.5 370.4 371.2 371.6 370.6 363.4 356.6 351.2 345.8 341.3 338 335.1 332.3 330.8 329.2 325.3 322.6 315.7 308.4 300.6 291.8 284 275.6 268.2 260 252.5 248.4 242 233.9 220.7 207.6 200.9 185.6 173.4 163.4 148.5 136.2 125.1 112.6
123.8 128.5 133.4 139.1 142.8 147.5 154.6 160.7 168.7 175.8 182.6 189.1 196.3 203.4 209.8 216.2 222.9 228.8 234.6 239 238.7 238.4 245.5 253.9 264.4 273.5 276.1 277.8 280.9 282.3 289.9 300.4 315.4 324.2 332.2 337.3 341.2 341.7 342.6 341.5 340.5 341 342.1 345 348.1 351.7 356.1 358.5 361.5 366.1 371.1 373.8 376.3 376.1 375.6 371.3 365.1 359.1 353 347.8 343.5 340.5 339.3 336.4 333.1 331.3 330.5 327 321.6 314.6 304.9 295.5 286.5 279.1 272.2 263.6 260.2 257.1 248.8 239.5 231.4 221.4 210.5 197.6 185.4 172.7 160.3 148.7 137.1 124.3
120.9 128.7 131.6 137.5 139 144.2 150.1 157.3 161.2 168.9 176.1 182.1 187.3 195.9 202 209.5 215.4 220.8 227.1 231.2 224.3 231.3 240 246.8 254.4 258.1 264.4 270.9 275.8 276.2 281.6 293 304.2 313.1 322.7 329 334 336.4 337 337.1 336.9 337.5 338.4 341.2 344.6 348.6 352.7 356.2 360.4 367.4 372.7 376.3 377.2 374 370.8 367.1 362.4 357.6 352.7 347.9 344.6 341.6 340.1 336.2 332.9 331.3 329.4 326.4 323.2 318.4 306.5 296.6 289.2 282.5 275.5 270.7 268.9 262.9 255.7 248.8 240.9 231.1 221.7 213.5 196.8 184.6 172 159.6 146.5 133.7
118.9 125.1 129.3 134.6 140.8 142.1 147.8 151.8 159.6 164.3 169.3 176.4 181.7 188 195 201.9 207 212.9 219 220.1 220.1 228.9 234.6 239.4 244.7 251.2 255.4 264.5 269.8 271.3 276.3 284.6 297.4 309.2 317.3 323.5 327.3 331.3 332.4 332.4 332.7 332 335.1 339.1 342 346.6 351.5 354.5 358.1 361.8 367.2 369.5 370.3 367.7 364 360.3 356.6 353.3 350.8 347 345 342.5 339.9 335.5 330.8 327.8 325.8 323.9 320.1 312 303.1 293.9 287.7 284.1 282.9 278.6 274.5 269.4 264.4 257.9 250.8 239.8 229.5 217.4 205.2 193.3 181.3 168.9 155.1 141.6
117.1 121.1 127.3 133 136.4 140.5 144.9 150.4 154.3 159.8 164.4 171.1 175.9 183.2 190.2 194.7 200.1 203.9 207.2 209.2 219 224.2 229.7 234.3 239.4 245.3 252 260.1 263.8 269.3 274.6 283.5 293.4 303.5 310.3 316.9 321.9 326.5 330.1 329.7 328.9 328.7 332.2 336.1 340.3 344.6 349.5 351 352.7 355.7 360.1 362.1 361.7 360.6 357.8 354.6 350.5 347.3 347.7 345.9 345.1 343.5 340.3 334.1 327.5 324.7 322.1 320.1 312.9 303.3 296.3 291 289.1 289.8 288.2 282 277.8 274.1 270.1 263.7 257.2 249.1 238.8 224.6 213.4 200.9 186.8 174.4 161.6 147.4
116.7 121.4 123.9 128.8 134 140.8 143.6 148 150 154.2 159.7 162.6 171.3 178.5 185.2 190.3 194.1 189.8 199.1 207.7 215.2 220.3 224.5 230.4 235.7 242.4 248.9 254.7 260.7 267.5 272.7 278.5 287.2 296.7 303.6 310.5 314.7 318.6 322.7 323.2 322.4 323.5 328.1 331.9 337.7 340.8 342.7 344.5 346.8 349.7 352.5 354.1 354.3 353 351 348.7 344.9 341.5 343 344 342.4 341.4 338 331.9 325.7 319.5 315.6 308.9 302.9 297.9 295 292.6 290.2 289.4 289.5 285.8 281.1 277.9 272.9 267 260.1 252.9 243.1 229 215.4 205.5 189.3 175.6 161.9 150.9
113.3 119.9 120.7 125.9 131.1 137.2 141.4 143 146.7 150.2 152 161.3 168.5 174.9 180 184.2 183 190.3 195.9 201.1 208 214.1 217.4 230.3 236.3 240.4 244.8 248.2 254 262.1 268.3 274.7 281.9 290.1 297 303.3 307 311.1 316 319 320.6 319.7 323.7 328.4 332.4 333.7 334 335 336.1 339.2 342.9 345.4 346 344.6 342.8 341 339 337.5 340 340.7 339.6 338.3 335.7 330.9 324.4 313.9 306.6 302.5 300.4 297.4 295.8 293.4 291.1 290 287.4 285.2 281.5 277.3 271.9 266.5 260.3 252.9 241.4 230.5 215.7 204 189.4 175 163.7 153.9
108.9 112.7 117.7 123.1 128 132.6 135.8 138.2 141.9 146.6 148.8 156.1 161.9 169.2 174.5 177.1 176.4 189 191.5 197.6 203.3 209.9 215.9 223.8 231.2 237.9 240.7 242.5 251.5 260.9 269.8 273.7 278.9 283.7 289.9 296 299.1 303.6 309.2 313.1 313.4 313.4 320.3 322.9 325.9 326.6 326.6 325.5 325.5 328.8 334.3 336.7 339.1 338.6 336.6 335 331.9 332.2 334.6 336.3 335.1 333.2 332.4 328.7 321.7 309 304.6 301.4 298 295.7 295.1 293 290.8 287.6 282.7 280.3 277.2 271.9 267.5 261.7 256.5 248.8 237.4 227.7 213.1 200.8 187 172.7 164 155.2
108.1 110.3 113.6 120.6 123.9 127.3 130.1 131.3 134.2 141.2 145.1 150.1 155.7 161.9 167.4 159.6 176.2 182.8 186.6 193.9 200.3 207.3 212.5 219.7 227.2 230.8 234.1 238.1 247.6 260.2 266.5 271.2 274.8 279.2 284.4 289.7 291.8 298.3 299.3 303.1 303.5 309.4 313 316.5 317.7 318.6 318.3 317 316.8 318.5 323 327.5 330.6 330.7 331.9 328.8 327.3 326.9 329.1 331.1 329.5 326.7 324.7 321.1 314.7 306.7 302.6 296.7 293.5 294 292.8 291.5 288.6 284.2 279.2 274 271.9 266.7 261.7 256.2 250 243.2 233.6 222.2 207.3 194.6 182.1 170.8 160.7 152
108.4 109.5 111.6 114.5 118.2 121.9 123.3 127.1 130.6 135.7 141.2 145.2 149.5 155.2 158 161 170.2 178.5 183.6 189.6 198 203.5 212.1 218.5 223.3 227.8 229.6 236.4 249.1 257.3 262.8 267.1 271.6 275.5 279.3 283.3 286.2 289.7 293 293.6 300 302 305.3 308.7 308.6 309.4 309.7 309.7 308.1 309 311.5 316.4 320.8 321.4 322.8 321 320.8 317.1 320.3 322.8 322.1 319.2 316.1 313.2 310.9 305.4 297.3 290.2 287.8 289.9 288.9 285.6 282.4 278.1 273.7 269.6 264.4 261.4 254.5 248.4 242.5 237.2 227.4 215.3 199.2 186.5 176.2 167.6 156.5 146.9
108.8 108.5 109.4 112.5 115.6 117.3 120.2 123.4 127.2 130.9 135.1 139.3 143.4 136 153.6 161.2 170 177.3 185.2 193.9 199.9 203.5 208.4 215 219.4 222.4 223.6 233 241.1 253.7 261.2 264.5 268 270.6 273 275.5 280.5 280.4 284.6 285 290.8 294.5 296.1 298.2 299 300.6 301.8 301.4 301 301.9 303.4 305.5 308.8 310.8 312.5 313.6 313 307.9 310 312.3 312 311.4 308.5 306.4 305 300 290.2 282.7 281.4 282.8 282.3 279.7 276.4 271.2 265.8 260.7 255.6 253.1 245.8 241.1 234 228.3 219.8 206.7 192.9 179.4 170.1 161.8 150.5 138.6
108.9 108 107.2 109.7 112.1 114.2 116.4 120.6 123 125.7 128.8 131.4 134.9 146.5 154.8 162.7 169.6 176.6 184.7 191.5 196.3 200.4 203.3 207.3 215.6 218.2 219.9 229.6 242.2 250.5 256.9 260.3 263.4 265.9 267.9 270.5 273.2 275 276.7 281.9 285.1 286.2 287.5 290.3 291.6 293 294.1 293.4 293.7 292.9 293.8 297.8 297.9 300.9 302.8 303.1 302.4 302.1 302 303.5 302.8 301.1 300 298.7 296.7 290.4 280.4 274.9 272.2 274.3 273.8 271.5 268 262.6 258.5 254.3 250.4 243.4 238.3 233.9 226.4 219.2 208.7 197.5 184.1 171.6 161.8 153.9 144 132.1
109.1 108.2 108.2 109 109.5 112.4 113.5 117.3 119.6 121.2 123.1 126.6 134.7 144.1 152.4 159.3 167.3 173.5 179.6 190 194.3 196.7 197.1 206 210.8 210.4 222.9 234 243.3 248 252.6 255.9 259 260.7 263.2 266 267.5 269.6 269.8 276.1 277.9 279.9 281.9 283.6 285.2 286 286.3 285.6 286.2 283.5 285.3 287.5 290.6 291.7 293.3 293 293.4 292.4 291.9 292.6 291.8 290.3 289.5 288.3 285.5 278.8 272.5 267.1 262.6 263.3 263.5 261.3 258 254.6 250.2 245.5 241.1 234.8 230.3 225.4 218.7 209 198.8 187.2 175.9 163.7 154 145.1 135.5 125.3
110.4 108.8 108.6 108.5 106.4 112 113.5 114.9 116.8 117.9 121.3 126.9 134.2 140.9 148.9 156.1 163.5 168.2 173.4 183.6 189 190.8 196.7 202.4 207.8 207.9 221.5 229.6 239.1 243.6 248.3 251.7 254.5 256.9 259.7 261.1 261 264.3 266.9 268.9 270.3 272.4 274.9 277.4 278.8 279.2 279.6 279 278.2 278.2 277.8 278.4 279.8 281.8 283.5 282.8 282.9 280.3 281.3 280.8 279.2 278.4 280 278.5 274 266.9 261.2 257.2 253.1 250.2 250.5 249.9 247.5 243.7 239.4 235.2 231.5 226.2 221 216.6 210 198.8 189.8 178 166.4 156.1 145.1 135 125.7 116.8
112 109.8 108.7 109 106.1 111.8 113.8 113.9 116.1 116.4 120.3 124.4 129.7 136.4 142.2 152.2 158.6 162 166.8 173.2 179.6 185.1 189.5 193.5 197.3 202.1 214 223.7 233.8 240.6 247.5 248.4 250.3 253.4 255.3 256.3 257 259.3 261.7 262.8 264.3 266.3 268.1 270.3 272 272.2 271.9 271.8 270.2 269 270.2 270 269.9 271 272.3 273.1 271.4 269.5 269.2 268.3 267.3 266.8 266.8 264.6 261.6 254 249.7 244.4 241 237.1 237.7 237 234.6 232.1 228.7 223.9 220.3 214.5 208.4 203 194.5 185.9 178.5 167.7 157.2 144.8 134.8 125.3 116.9 107.3
115.2 111.2 107 108.3 107.9 109.7 111.7 112.2 114.6 115.8 118.1 121.3 125.8 132.8 139.9 148.1 152.9 155.9 162.2 167.9 175 179.2 182.8 185.2 186.2 202.3 219 226.4 233.7 242.7 245.4 245.1 247.8 251.3 252.3 252 251 252.9 255.9 257.3 258.7 260.7 262.7 264.4 265.2 264.8 264.9 264.8 263.1 262.5 261.9 262.6 261.7 260.3 260.7 261.4 260.7 258.8 258.5 258.1 256.1 253.4 253 250.8 247.5 243 237.3 231.6 229.8 225.3 224.8 223.1 221.3 216.2 213.5 210.3 206.6 201.1 193.7 187.9 180.5 173.2 165 156.8 147 137 124 115.8 107 99.1
118.5 114.2 109.5 107.6 107.4 108.4 109.7 110.6 112.5 114.3 115.5 119 121.4 131.3 137.8 143.8 148.6 153 158.5 163.6 168.6 172.7 173.3 178.7 189.9 202.4 216.5 224 231.6 237 239.6 241.6 244.4 248.9 251.2 249.3 248.2 249.3 250.7 251.7 253.5 254.4 256.1 257.9 257.9 258.1 258.3 257.6 256.1 254.3 254.5 254.3 253.8 252.4 252.1 250.8 249.1 249.4 248.3 246 244.8 242.3 238.9 237.3 235.2 231.1 227.3 222.3 219 214 212.1 208.1 205.7 200.3 197.7 195.7 192.6 187.5 179.7 173 166.5 157.9 150.1 143.4 134.5 125.3 113.8 106.3 100.2 90.1
121.8 115.8 108.6 106.6 107.6 108.3 108.6 109.4 111.1 112.4 112.7 114.8 118.8 126.3 133.2 138.5 143.2 148.4 152.3 156.4 161.8 163.5 169.4 180.6 191.1 202.7 214.9 221.4 227.1 230.1 233.7 237.8 240 242.4 244.9 243.7 242 244.7 245.6 246.6 247.2 247.7 249.4 251.3 251 249.8 250.6 249.2 248.8 248.6 248.3 246.2 245.7 244.7 242.2 241 238.9 238 236.8 233.9 232.3 230.5 227.1 224.7 222.1 218.9 214.3 210.8 206.2 202.5 199.8 194.8 190.6 186.6 185.2 180.1 176.8 171.6 165.3 158 150.3 143 134.4 128.9 121.9 112.7 104.5 100.7 91.2 84.3
122.8 117 111.1 105.7 107.6 107.4 107.7 108.4 109.5 110.7 109.5 110.3 115.7 122.4 128.3 133.3 137.8 142.5 147.8 153.5 157.3 160.2 163 178.9 191.5 201.4 210.1 216.6 221 224.8 228.3 232.1 234.6 236.1 237.8 235.9 240 239.7 240.4 241.8 242.2 241 242.3 242.7 244.4 243.1 242.5 242.2 240.6 240.7 240 237.7 237.9 236.6 233.9 231.2 229.8 227.4 225.9 223.2 221.3 219.4 216.6 210.3 210.8 205.6 201.2 197.6 193 188.1 183.6 183.2 179.2 175.2 172.1 167.6 160.7 155.3 148.2 139.9 134.3 127.1 120.7 111.4 107 101 96 90.1 83.9 78.4
125.6 120 113.9 109.4 107.8 106.4 106.8 107.7 108.6 106.9 108 109.2 111.1 116.3 123.2 127.6 131.2 136.1 142.1 147 151.3 152.3 163.8 177.1 191.4 198.9 205 210.6 215.8 219.9 223.2 226.4 228.4 229.8 231.2 229.7 231.5 235.5 234.9 237.8 237.7 234.3 233.1 235.2 237 235.5 235.4 233.8 231.9 232.8 231.2 229.3 229.6 228.5 225.7 223.4 221.3 218.7 215.2 213.8 213.2 210.1 207 201.5 198.8 193.8 190 186.2 181.7 177.8 173.2 172.2 166.9 162.6 158.9 153.4 147 142.3 134.6 129.4 122.3 116.6 107.1 99.9 96 91.2 87.7 83.2 78 72.9
132.3 124.2 117.9 112.3 109.1 106.6 106.2 107.2 106.1 108.1 108.6 111 110.6 112.3 118.6 122.5 127.1 132.2 137.6 142.1 146.4 151.3 161.7 176.9 188 193.5 199.5 205.3 208.6 212.5 217.5 220 222.6 223.5 224.9 221.4 225.4 229.7 228.1 230 228.9 226.9 226.4 227.8 227.9 228.4 227.3 226.1 223.5 225 224.2 222.1 220.6 219.6 216.5 215.1 213.4 211 208.4 204.4 203.9 200.5 197 191 187.3 184.6 180.5 177.1 172.9 170.6 165.9 162.1 160.8 155.2 149 143.9 138.8 134 129.5 123.5 116.1 108.2 100.1 95.3 88.9 84 77.3 70.5 71.3 66.6
136.2 129.5 122.8 117 113.5 108.3 106.7 105.6 105.7 105.5 107.3 108.2 109.3 111.2 115.6 119.3 123.1 128.3 132.1 135.6 140.4 150.5 159.9 174.8 183 188 192.4 200.3 201.7 208.3 211.5 214.3 216.2 217.6 219 218.9 220.5 222.3 222.4 222.9 221.6 219.4 220.7 220.9 220.2 220 220 218.5 216.6 217.2 216.2 214.1 212.9 209.7 208.3 206.5 204.2 200.4 197.3 194.6 192.8 189.6 186.6 182.7 178.7 176.2 174 169.4 165.3 162.1 159.6 154.6 149.2 146.9 141.6 138.1 133.6 127.7 120.8 115.1 109.1 101.3 96.2 91.3 86.1 80.6 69.6 62.8 65 60.4
144 136.3 129.3 123.3 118.3 110 110.4 109.7 107.6 106.5 106.8 106.1 108 109.5 113.1 118.4 122.2 123.2 127.2 131.1 139.3 148.8 159.2 170.4 178.1 183.7 189.3 190.7 198 202.1 206.2 210.5 211.3 211.9 212.5 210.1 216 215.4 215.6 216.6 215.4 213.5 214.2 215.4 213.8 213 212.4 211.2 209.3 208.2 208 205.5 203 201.7 199.5 195.3 191.2 189 185.9 185.2 184.3 181.6 179 174.9 172.6 167 164.6 161.5 158.4 155.6 152.1 146.9 143.7 140.6 136.4 130.1 127.7 122.9 117 110.8 102.7 96.8 91.3 85.8 80.2 73.4 67 59.4 60.8 53.7
148.2 139.3 132.7 125.8 119.3 117.8 118.2 120 116.4 110.3 107.5 105.7 106.4 107.8 112.5 116.3 119.3 121.1 122.2 129.6 138.3 144.5 153.9 165.2 174 179.6 182.5 187.4 193.6 197.7 202 205.1 207 207.9 208.6 209.2 209.5 208.7 209.3 210.5 208.9 207.5 208.2 209 207.2 205.3 204.4 202.8 201.5 202.4 201 198.5 195.9 192.9 189 186.6 183.4 183.5 180.4 180 177.6 174.9 172.6 170.7 168.1 162.5 157.6 155.1 153.5 150.3 144.7 141.5 138.2 136.9 132.4 127.9 123.5 117.7 114.3 110.1 101.5 94.3 88.5 81.2 75.9 68.9 62.6 56.2 50.7 47.8
155.1 141 133.6 129 125.1 126 122.9 120.9 120.1 113.5 108.4 107.3 106.2 106.9 110.1 113.4 115.8 119.4 124 129.6 135.3 141.9 153 163.5 170.1 175.6 179.6 184.2 189.2 193.5 196.6 199.8 202.5 203.3 202.7 202.8 204 203.2 203.6 203.9 202.3 202.7 202.2 201.9 200.9 198.3 197.5 196.6 195.1 194.7 194 191.8 189.7 186.2 183.9 181 179.5 179.2 177.5 174.7 171.8 170.3 169.9 167.4 161.8 157.6 151.5 150.2 147.2 143.5 139.3 137.6 134.1 131.1 128.5 124.5 119.7 115.1 111 106.9 101.1 92.6 84.9 80.1 70.5 63.6 57.7 50.1 48.3 40.7
163.6 149.4 140.3 133.1 130.5 129.3 125.9 124.1 121.7 113.8 107.8 107.8 105.5 107.9 109 110.6 114 119.2 123.1 127.1 132.2 139.3 149.6 159.3 165.4 171.7 176.6 180.1 185.3 190.6 193.4 195.8 196.8 196.9 197.3 198.8 198.4 199 196.9 196.4 195.9 196 194.6 194.6 192.5 191 189.4 188.8 187.3 185.5 186 184.3 182.8 180.7 178.8 176.9 174.5 173.1 171.4 170.4 168.7 169.1 165.1 159.1 154.5 150.6 149.9 147 142.8 141.8 136.8 133.9 130.4 127.6 125 120.6 117.8 112.8 108.9 103.5 99.5 91.9 83.6 74.2 67.7 60.4 52.3 49 45.6 39.8
169.9 156.6 148.2 138.1 135.2 132.4 129.6 127.4 123.2 118 109 105.9 104.9 108 110.7 112.1 114.9 117.9 121.2 125.5 130.7 138.2 146.7 156.1 160.9 167.6 172 177.9 182.9 186.5 189.3 191.1 190.8 190.8 190.9 192.9 192.1 192.1 190.2 189.2 189.1 189 188.8 187.4 185.8 183.6 182.4 182.8 179.5 179.5 180.2 178 176.5 175.9 173.6 172 170.8 169 167.4 165.7 166.9 164.1 160.5 156.5 150.7 148.1 146.2 144.6 141.3 139.5 133.1 129.9 126.6 123.7 121.9 119.2 113.5 109 105.4 100.8 94.4 90.8 83.5 76.8 71 62.8 56 51.7 45.9 42.4
178.6 163.8 155.7 150.3 140 135.7 132.9 127.9 122.4 116 110.7 105.7 103.7 108.4 111.1 110.6 113.5 116.8 120.1 123.7 129.1 135.5 143.1 151.4 159.4 164.9 170.6 175.7 179.8 182.6 184.8 186.1 186.2 186 185.8 184.5 185.9 185.2 183.6 182.6 181.8 181.7 180.9 180 177.9 177.4 176.1 174.8 173.2 171.3 173.9 172.8 171.7 170.2 168.9 167.9 166.9 164.3 163.8 163.9 160.9 158.7 156.4 152.6 148.6 145.7 142.5 140.3 138.8 133.4 130.2 126.3 122.3 120.1 118.9 114.9 109.1 104.7 100.6 97.6 94.6 89.2 84.3 78.8 71.9 65.2 58.9 54 48.4 42.9
188.9 178.7 164.1 155.3 145.5 138.6 134.5 130.3 124.4 117.7 112.1 109 106.7 103 112.6 111.1 112.1 115.6 118.7 122.8 125.7 134.8 141.9 149 154.8 161 167.7 172.8 176.5 178.8 179.8 180.6 180.9 180.7 180 179.4 178.7 178.1 177.4 176.7 175.8 174.8 174.9 173.2 171.3 169.6 168.9 168.7 168.4 167.4 168 168 167.2 166 164.5 163.4 162.1 160.2 161.1 158 155.1 154.6 151.7 148.2 145.7 143.6 141 138.4 134 132.4 128.5 123.7 120.3 117.7 114.2 110.5 102.3 101.5 96.5 93.9 93.6 86.6 81.3 75.3 70.5 66.6 60.6 56.3 51.1 45
195.5 190.2 175.4 160.6 149 141.1 136.4 132.1 127.2 122.1 117.1 113.2 106.4 103.3 111 110.6 110.5 113.9 116.7 121.3 124.6 128 136.7 144.9 152.9 159.3 165.7 170.4 173.1 174.2 175.6 175.2 175.4 175 174.5 173 172.3 171.6 170.7 169.9 169.5 168.9 168.1 168 165.6 163.9 163.8 163.1 161.1 161.7 162.9 162.5 162.1 162 160.3 158.9 157 157.7 155.9 153.3 150.9 148.1 147.1 145.4 144.1 143 140.4 137.5 133.6 130.5 128.2 124.7 121 116.9 113.9 108.4 100.9 97.9 94 90.6 88.6 84.9 78.4 71.2 67.2 63.8 60.6 58.7 52.4 46.1
199.7 189.8 177.8 162.1 152.6 144.2 138.3 131.8 129 125.5 122.1 117.3 115 99.6 105.3 103.8 101.1 111.7 115.8 119.2 122 125 129.9 139.9 148.5 158 163.2 166.5 168.5 169.6 171 170.5 170.6 169.7 169.9 166.5 167.1 166.7 165.2 163.6 163.8 162.8 163.2 162.1 161.1 159.3 159.2 159.1 157.9 158.1 159.2 158.8 158.3 157.1 155.1 153.9 154.6 152.4 150.7 149.9 148.5 145.9 145 144.4 142.6 140 137.5 133.9 130.9 129 127 124.8 121.5 118 114.5 111.1 104.6 94.6 89.8 88.4 85.9 82.5 76 69.2 65.5 62.4 59.9 58.4 53.2 45.4
199.7 189.6 177.1 164.9 154.6 144.9 137.9 132.9 131.3 130.5 129.2 123.3 118.4 107 98.6 98.6 96.2 109.6 114.7 116.7 119.1 122.6 128 137.1 149.4 154.5 158.2 161.4 163.5 163.6 165.6 164.8 164.3 163.4 162.2 160.7 162.7 161.4 159.1 157.9 158.4 157.9 157.6 156.8 155.7 154.9 155.5 155.1 154.9 154.7 154.8 155 153.8 152.5 151.6 151.5 149.5 149.5 148.2 147.7 146.2 143.9 143.6 142.2 139.5 136.8 134.1 131.4 129.1 127.6 125.6 123.7 121.4 118.4 115.5 112.4 108.3 100 92.7 86.2 80.2 79.2 72.9 68.1 64.8 61.1 59.5 56.8 53.1 46.3
197.5 188.6 178.5 165 153.5 148.2 140.8 136.2 134.2 132 130.7 127.8 122.5 116.6 109.5 101.6 92.9 101.8 110.3 113.9 118 121.4 127.5 140.1 145 149.5 152.3 154.9 157.6 158.9 159.5 159.1 158.3 156 154.2 155.3 155.1 154.7 153.3 152.3 152.1 151.6 152 152.2 151.2 150.3 151.6 151.7 150.9 151.2 151.8 151 150.5 150 148.5 148.9 147.7 145.9 143.9 144.6 143.4 140.3 139 139.1 136.5 133.8 131.1 128.6 127.4 126.1 124.1 122.2 120 117.2 114.4 111.8 107.5 101.5 96.6 89.1 83.9 79.8 71.3 63.8 61.2 60.1 56.5 53.8 51.4 46.1
194 185.4 175.2 164.5 155.8 148.2 143.7 139.2 135.9 134.3 132.6 129.4 124.2 120.5 115.9 107.2 96.1 91.1 105.8 113.8 118 123.1 128.8 138 143.3 146.6 148.9 149.3 151.3 152.5 153.9 153.4 152.1 150.2 145.8 144.1 144 146.7 147.5 147.5 147.7 147.5 148.3 147.3 147 149.3 149.8 148.9 147.7 147.6 148.3 147.1 145.8 145.8 146 145.5 144.5 144.1 142.8 141.4 140.1 137.9 135.1 136 133.5 130.7 128.3 126.4 125.3 124.5 122.5 120.5 118 115.1 111.9 109.1 104.3 98.9 94.4 89.5 83.6 78.2 72.3 67 59.7 57.4 55.1 53.2 49.5 45.5
191.9 184 175.3 165.3 157.6 150.6 146.1 141.5 137.7 135.6 132.6 128.7 124.1 119.4 116.5 111.3 101 90.3 94.4 111.7 116.6 121.5 126.9 134.3 139.3 142.1 145.5 150 150.6 149.4 148.6 147.4 146.3 143.5 140 134.4 137.4 139.8 142.2 143.6 143.6 143.7 143.5 141.9 142.8 145.6 146.1 145.8 143.3 143 144.4 146.5 144.3 142 142.4 142.1 140.9 139.4 137.2 137.7 137 135.6 132.8 132.8 130.4 128.1 126.2 124.3 123.1 122.3 120.7 118.9 116.1 113.2 110.3 106.6 102.3 97.7 91.4 87.2 81.8 76.3 71.2 66.4 61.4 57.5 51.6 51.4 47.2 43.8
185.8 181.2 173.6 163.6 157.3 152.7 148.4 143.7 139.2 135.2 132.3 127.8 123.4 117.4 113.7 109.3 101.2 94.6 88.6 106.6 114.9 120 124.2 129.4 132.7 136.4 140.4 144.4 147.6 147.3 147.6 144.8 141.4 138.6 134.7 129.3 129.9 133 133.5 136 138.5 139.2 139.6 139.6 140.8 142 142.8 142.7 141.5 143 145 142.3 139.2 138.6 139.3 138.5 136.7 135 133.5 134 133.6 133.1 130.7 129.5 127.9 126 124.1 122.2 121 120 120.3 118.4 115.1 112 109.1 105.2 101.2 96.3 89.2 85 80.6 75.8 70.9 66.4 62.2 58.4 53.5 50.8 46.7 42.6
181 177 170.2 161.9 156.1 153.4 150.5 145.1 140.5 136.4 131.7 127 122.5 118.5 112 103.7 96.7 91.6 87.1 107.1 114.5 118.8 121.7 125.1 127.9 129.6 133.1 135.3 139.1 142.2 144 143.3 140.1 135 131 128.1 127.2 126.4 127.6 129.2 133.1 133.8 134.6 136.1 137.9 138.7 139.3 139.2 138.2 137.9 140.5 137.9 136.7 136.1 136.7 134.9 132.3 130.8 130.1 130.2 130.3 129.9 127.5 124.9 125.2 123.7 121.9 120.1 119 118.4 116.6 114.9 112.6 110.3 107.6 104.3 100.1 93.4 88.2 84.2 80 74.7 69.9 64.8 60.9 57.8 53.3 49.3 45.4 41.7
