data/230000-910000.asc
ncols 200
nrows 200
xllcorner 230000
yllcorner 910000
cellsize 50
[rows 0 to 34 of 200, columns 78 to 155 of 200]
468 457.7 445.7 437.8 430.7 424.2 419.1 414.1 409.2 404.9 401.6 396.8 389 384.2 380.2 375 370.8 364.8 359.4 356.2 352.3 350.2 347.5 344.9 343.6 340.5 335.6 337.2 336.2 335.2 334 331.6 329.6 326.9 325.3 322.3 318.6 314.2 309.8 304.1 299.4 295.8 291.4 287.8 284.1 281.2 276.4 272 268 262.8 258.4 256.2 255.4 253.8 250.5 249.2 245.2 239.6 234.3 231 229.2 207.8 198.6 198.3 202.1 222.6 242.5 255.8 269.9 277.3 286.2 293.5 297.5 301.5 303.8 305.1 307.2 311.9
470.4 459.2 449 437.7 431.3 426.9 421.9 416.3 411.4 408.6 403.6 396.2 389.2 386 382.4 378 372.8 367.8 363.9 360.8 356.6 353.9 350.5 348.4 346.1 342.5 338.7 339.2 337.7 336.4 335.1 334.3 332.4 330.6 328.8 326.7 322.7 317.5 312.3 306.4 301.6 296.9 292.4 287.8 284 280.9 278.6 274.9 269.6 264.4 260.4 257.2 255.6 253.7 251.8 249 245.7 241.3 239.4 237 230.5 221.8 200.6 196 196.8 208.4 228.9 247.3 261.9 272.1 280.4 289.4 294.5 298.7 302 301.8 305.3 309.4
474.1 463.2 451.1 439.4 430.7 426.7 424.4 419.4 413.8 408.5 403.4 395.6 391 387 382.4 377.9 373.3 369.9 366.5 362.5 360 355.6 352.8 350.6 347.8 340.9 342.7 340.8 338.7 337.4 337.2 337 335.1 333.8 332.8 330 326.3 321.7 315.9 310.9 305.7 300.6 293.9 288.7 283.9 280.6 278.7 275.8 270.5 265.9 262.1 258 255.8 253.5 252 247.9 244.6 242.6 242.6 241.5 236.3 227.3 216.8 198.5 196.3 194.7 214.1 236.2 251.5 264.4 274.5 283.5 290.7 295.2 297.1 300.8 303.9 307.9
477.5 466.6 453.7 442.9 433 426.4 422.6 419.6 415 410.6 403.5 396.9 392 387.8 383.2 379.2 376.3 371.6 369 365.1 362.1 357.4 354.2 351.3 348.3 345.4 343.4 341.9 340.3 339.8 339.4 338 335.7 335.3 334.7 333.4 330 325.4 320 314.8 310 304.3 298.1 292.4 286.9 281.5 277.6 274.9 270.4 266.2 261.3 257.4 254.6 251.8 250.1 247.8 246.8 246.6 243.7 241 234.6 225.2 215.8 204.7 196.4 192.5 207.2 232.8 243.4 254.9 268.2 277.5 285.1 290.3 296.2 299.7 302.9 306.7
478.2 467.8 459.3 448.7 436.2 426.8 424.4 418.9 416.1 412 407 400.2 395 391.3 387 382.5 378.5 372.9 369 366 362.5 358.4 355.6 352.5 349.5 347.2 344.9 342.7 340.3 341.3 340.9 339.4 338.2 337.3 336.5 336.2 333.5 329.1 323.5 319.4 314.5 307.8 301.9 297.2 291.4 285.2 279.3 273.8 270.4 265 260 255.9 253.1 250.3 250.1 248.8 248.3 244.6 243.4 238.9 230.6 225.1 217.6 210.1 196.4 191.6 198.8 220.2 236.2 246.7 260.1 272.1 280.7 288.9 294 298 300.9 304.7
475.3 467.5 460.8 449.6 434.4 426.8 423 419.1 413.3 411.3 403.4 402.8 396.1 392.6 387.3 382.4 378.6 372.9 369.1 365.3 361.9 359 355.4 352.5 349.9 347.9 346.5 344.6 342.2 342 341.4 338.8 337.9 336.7 336 336.2 335.6 332.2 327.5 323.1 317.8 311.6 306.3 302.3 297.1 289.1 283.3 277.4 269.8 264.2 259.3 255.7 252.5 249.3 249.1 247.9 246.1 244.1 243 240.7 230.2 226 218.6 211.3 198.6 191.9 196.2 208.4 224.8 242.1 256.9 269.3 278.1 286.3 292.5 296.2 300.5 303.4
474.9 468.3 460.8 450.9 437.4 425.4 422.5 419.2 411.9 413.6 408 400.2 394.3 391.2 387.3 384.3 379.9 372.4 367 362.8 359.8 358.1 355.1 351.9 349.6 348.3 346.3 344.4 342.8 341.8 341.6 338.9 337.2 336.6 336.3 336.3 335.5 332.5 329.1 325.7 321.9 315.9 310.8 307.6 302 295.3 287.3 281.4 273.2 266 261.3 256.5 252.1 248.7 247.1 245.8 243.3 242.9 241.8 240.2 231.7 225.4 220.9 212.8 198.9 192.3 198.3 209.9 225 241.6 255.5 267.6 276.1 284.8 290.8 295.8 300.2 302.5
472.2 464.9 456.9 447.8 438.3 426.8 419.9 416.2 415.8 414 409.1 402.3 395.7 390.3 381.1 381.7 378 373.5 367.8 363.6 358.6 356.1 352.8 350.6 349.1 347.2 345 344.3 343.7 342.6 341.1 339.1 337 336.6 336.6 335.9 335.1 333.3 330.8 327.1 324.8 320.2 315.2 311.4 307.2 300.7 292.8 286.5 278.6 269.2 262.7 256.7 252 248.6 247.3 244.7 242.1 241.4 241.2 240 236.8 225.6 219.5 210.9 198.2 189.5 205.2 208.2 224 238.5 253.1 266.2 275.1 283.3 289.7 295.4 299.7 301.3
474.6 465.9 452.1 441 431.6 424.8 419.2 417.3 418 415.3 412 405.1 396.3 388.9 382.4 374.2 374.8 369.1 365.7 363.5 357.7 353.8 350.9 348.4 348.7 345.7 343.5 342.9 342.1 341.6 340.2 339.1 336.9 337 336.3 335.5 334.7 333.3 331.3 328.5 325.4 322.2 317.1 312.7 310.4 304.7 296.8 289.3 283.9 276 265.4 257.9 252.7 248.5 245.7 242.8 240.8 239.4 238.1 239.5 235.4 225.5 218.7 211.3 199.3 188.1 204.1 205.6 219.1 234.8 249.2 264.4 273.7 281.8 288.2 294.2 298.1 299.5
482.7 468.9 448.9 435.9 426.2 421 418.2 419.1 420.4 416.6 413.6 407.3 398.6 390.7 383.6 376 368 364.8 361.7 360.5 359.9 354.8 351.2 348.6 346.2 343.8 341.2 340.3 340.1 341 339.7 338.5 337.2 336.3 335.6 334.3 333.9 332.6 331.5 329.5 326.2 322 317.2 312.8 309.4 305.9 300.1 292.4 286.5 280.7 271.5 263.3 255.7 248.5 244.8 241.7 239.7 237.9 236.1 236.3 230.9 224.3 217.8 210.8 198.4 187.3 198.5 203.7 217.8 233.9 247.5 259 270.9 277.8 284.5 291.3 295.8 297.3
485.5 468 448.2 432.7 424.4 419.3 416.8 418.8 420.8 415.1 412.7 405.9 399.4 393.9 385.3 375.9 369.8 360 358.2 356 353.9 352.9 352.9 349.6 346.3 344.2 341.8 337.9 335.6 338.4 338.7 336.6 335.5 334.7 333.8 332 331 331 329.9 328.2 326 321.4 317.3 311.6 307.6 304.1 299.1 293.5 288 282.3 274.6 264.5 258.5 250.1 245 241.6 239.8 237.9 236.1 232.8 229.2 220.3 214.2 207.5 195.1 186.5 193.2 199 204.7 219.5 235.6 250.1 262.1 271.5 279 286.3 287.5 293.5
486.4 459.6 436.9 427.5 420.9 415.9 414.8 415.8 415.9 412.3 409.7 404.6 397.7 392.2 385.1 375.8 369.1 361.1 352.7 351.7 350.4 350.7 348.8 345.2 343.4 341.6 339.3 336.3 333.9 335 336.6 335.2 333.1 332.6 331.2 330 327.6 326.8 326.1 324.5 322.9 319.5 314.3 310.1 306 300.3 295.6 291.6 288 283.1 275.8 267.1 259.5 252 246.5 242.8 240.1 238.5 238.4 234.4 230.2 222.2 214.7 201.8 191.5 185.7 189.2 205.2 221.7 236.8 251.2 263.3 270.8 275.9 281.1 287.3 292.2 295
477 450.1 426.4 418.9 416.5 415.7 414.2 413.4 412.3 408.5 405.9 400.7 394 387.1 381.6 375.3 368 360.3 352.9 348 347.5 348 345.2 342.4 338.8 337.8 335.6 333.4 332.3 332.2 331.8 331.7 329.9 328.9 327.9 326.8 324.8 323.8 322.7 321 318.4 314.8 310 307.5 303.3 298 293.4 289.9 286.3 283.4 275.3 267.2 260.7 253.6 248.2 244.6 243.1 243.1 238.7 234.3 229.5 222.1 216.2 201 188 186.1 189.6 213.4 230.7 245.7 260.1 272 278.8 283.3 288.4 293.9 297.2 297.6
461.4 442.4 422.3 419.5 418.4 416.8 415.7 414.7 411.9 408.6 399.2 394.8 388 381.4 376 371.6 365.4 359.3 351.4 348.9 344.6 344.4 343 339.5 335.1 332.6 332.1 329.7 328.8 329.1 327.8 325.7 324.9 325.2 323.6 324 322 320.9 319.4 317.9 315.6 311.2 306.1 303.1 300.8 297.1 292.6 288.9 286.2 283.5 276.4 268.6 261.1 254.1 249.5 246.8 244.7 243 237.7 234 228.5 221.3 212.8 198.8 186.5 185 192.5 210.7 233.3 251.4 265.9 275.5 282.1 287.1 293 296.8 302.2 301.5
446.6 435.7 424.1 421.5 420.2 418.7 417.4 417.4 412.6 408.1 401.1 391 381.9 374.8 371.7 367.1 362.5 357 351.2 348.4 344.7 336.9 340.5 339.3 332.8 328.5 327.5 326 325.4 323.5 322.2 321.3 320.6 319.9 319.3 318.8 318.9 317.7 316.3 314.7 312 307 302.5 299.8 298.1 294.6 291.4 288.4 286 283.4 278.4 272 264.6 256.7 253 248.5 244.9 243 237.2 232.7 227.6 215.2 208.5 196 184.7 184.5 191.9 215.4 236 254.6 268.3 276.8 284.1 290.2 293.4 296.9 299.3 302
443.8 435.5 426.5 424.6 423.1 422.5 424.8 422.6 415.6 410.6 403 394.2 384.4 375.5 368.3 363 356.6 352.2 349.3 347.5 344.1 340 335.1 334.4 330.1 325.9 324.1 322.4 320.1 317.4 317.6 315.9 315.5 315.8 315 315.2 313.5 314.4 313.9 312 308.5 303.3 299.9 297 294.9 293.2 289.8 287.2 285.5 282.6 278.7 270.9 262.3 257.9 255.6 250 246.2 239.4 235 229.4 223.7 215.7 202.7 194.4 187.2 183.7 196.1 217.5 238.5 255.8 268.2 277 284.9 289.8 293.4 296.7 298.4 300.6
441.8 436.4 432.5 430.6 429.3 430.3 431.2 426.6 420.8 415 406.2 398.4 390.2 378.8 370.4 362.1 356 351.5 348.2 341.4 339.7 340.3 336.8 335 328.9 323.9 319.9 319.1 316.3 314.6 309.5 313.8 312.4 310.1 309.5 308.5 309.2 309.7 310.8 312.7 308.5 303.7 299.6 295.9 294 291.7 288.5 286.1 284.3 282 278.1 273.5 269.3 266.8 259.9 253.9 248.3 243.1 239.5 232.7 226.5 219 209.6 189.3 185.2 182.4 192 214 235.9 253.6 266.2 276.3 283.5 288.7 293.6 294.7 297 299.6
445.1 443.6 439.2 438 436.5 437.9 436.2 430.7 424.3 417.4 410.1 400 389.9 377.9 369.5 363.5 357.2 353.8 350.1 345.5 342.1 339.4 336.2 329.1 328.2 328 326.6 325.1 322.6 318.8 313.6 308.8 306.4 306.9 304.7 303.7 302 302.5 301.2 301.9 301.6 300.2 296.4 295.5 293.8 290.6 289.7 286.9 284.8 280.4 277 275.4 271.4 267.1 261.3 255.7 251.2 246.5 240.2 233.1 229.4 221.3 213 197 182.1 180.2 188 203.5 231.1 248.8 263.5 274.4 281.9 287.2 290.2 292.1 295.3 297.8
452.1 449.6 446.4 440.7 444.5 444 441.2 433.3 425.9 420.3 414 401.8 390.6 380.4 371.6 365.2 358.7 354.2 349.9 345 342.8 340 336.7 334.5 332 329.9 327.9 326.8 324.7 321.4 315.4 311.5 306.1 304.2 304.9 301.3 299.6 298.1 296.3 294.2 294.4 292.1 291.5 291.8 290.4 289.9 287.3 285.2 284.7 281.6 274.3 271.4 269 265 259.3 255.8 251.7 245.9 240.2 233.2 229.3 221.4 215.1 205.6 191.8 178.2 184.1 200.9 224.8 245.9 259.8 271.3 280 285.3 288 290.8 293.9 296.4
459.3 456.1 450.5 451.5 449.2 447.9 443.5 436.6 429.5 424.3 416.5 404.9 395.7 384.8 374.7 367.3 360.5 353.9 348.7 344.8 341.5 338.1 335.2 333 331.3 329.1 327.2 325.3 326.3 323.3 317.8 314.8 309.5 305.1 300.1 298.3 295.8 293.5 291.7 291.7 289.2 287.9 290.3 288.6 286.6 286.1 283.5 281.5 280.1 278.5 274.2 270.2 264.6 260.4 256.7 252.3 248.1 244.4 238.7 235.8 229.9 223.6 216.9 209.4 197.7 186.7 177.2 191.5 218.6 239.6 256.4 267.8 276.2 281.5 286.6 290.2 293.4 295.5
467.5 461.4 456 458.3 455 452.1 447.6 439.8 432.9 427.5 419.3 409.9 400.3 388 375.8 368.4 362.2 354.5 347.7 344 341.3 337.2 333.7 333.2 330.9 329 324.1 321.8 322 318.3 316 312.4 311.5 310.1 306.6 302.9 299.9 297.1 292.7 290.9 287.4 284.2 279.1 283.9 281.7 283 280.7 279.8 278.6 275.8 272.3 269.7 265.7 259.7 254.1 249.4 246.7 242.9 236.4 233.9 229.2 223.1 217.3 210.6 203.3 192.8 180.5 183.6 207.6 231.8 251.9 265.1 273.8 280.3 285.7 289.3 292.8 294.4
474.1 466.8 467.5 464.7 461.2 458 451.2 444.4 438.6 433.6 423.7 415.2 403.9 391.2 377.6 370 362.4 354.9 348.1 343.2 339.3 336.7 333.3 330.7 329.2 324.8 321.9 321.2 319.4 319.4 316.2 314.7 311 310 307.8 305.5 303.1 299.8 295.8 292.9 292.1 288.3 284.9 280.5 276.4 279.2 278.8 278.7 277 274.6 270.3 267.3 260.3 254.8 251.9 249.1 244.4 240.2 236.7 233 229 225.6 220.1 212.7 202.5 193.9 181.8 180.8 205.1 228.5 248.9 263.5 271.6 278.8 284 288.2 291.5 293.2
476.4 475.7 472.3 468.6 465.4 459.3 452.7 447 442.4 437.4 427.6 420.5 410.3 399.2 381.2 371.9 363.6 356.1 349.3 341.7 338.7 336.7 334.2 330 327.6 324.1 322.1 321.3 321 321.1 318.2 316.6 315.1 312.6 307.7 305.2 303.6 299 295.7 294.6 291.5 287.2 285.5 281.2 276.2 265.9 273.4 274 273.9 270.3 266.4 262.2 257.5 253.8 250.4 245.9 241.7 237.6 234.1 234.1 229.9 226.3 220.8 214.2 205.9 194 182 181.7 205.3 227.2 245.6 259.2 268.6 276 281.1 285.4 289.7 292.4
482.6 479 475.1 472.5 468 461.4 455 449.6 444.3 440.2 432.9 424.8 414.7 404.1 387.6 374.1 364.1 356.1 347.4 341.6 337.7 335.5 333.2 329.7 326.1 324.6 322.6 321.2 320.3 319.5 319.3 316.6 315.1 311.2 308 303.7 301.9 299.6 296 293.3 291.2 289.8 286.1 283.6 278.9 274.8 268.1 268.8 268.4 265.6 263.6 260 256.4 252.4 248.5 244.4 238.7 235 233.1 230.3 227.8 225 219.3 214.3 205.8 194.1 181.2 180.6 203.8 223.3 240.7 254.3 266.1 273.5 278.4 283 287.5 290.7
486.8 483.3 480.5 476.6 471.8 465.3 459.5 453.5 448.5 442.9 434.9 427.2 417.1 404.3 392.1 375 364 354.8 347.4 339.5 336.5 333.7 332.5 330.5 326.9 324 322.3 320.8 318.9 318.9 317.6 314.6 317.6 310.6 305.6 303 301.5 300.8 297.7 293.6 291.5 289.6 285.9 283.2 278.4 274.6 270.2 266 254.5 260.3 258.7 258.1 254.9 250.3 247.5 243.6 238 235.9 232 229.3 225.1 221 218.4 212.9 203 189.7 176 180.8 201.7 220.7 235.3 249 262.7 269.9 274.1 278.8 283.8 287.1
493.9 490.5 486.4 481.6 476.2 469.4 463.8 458.8 454 448.7 440.8 430.6 421.3 405.5 393.8 379.5 367 353.5 345.8 339.9 334.3 331.5 329.1 327 326.3 325 321.4 319.4 317.6 317.2 314.2 313.4 313.3 310.2 305.5 301.7 299.3 299.8 299.5 295.8 293.5 292.7 289.8 286.7 282.2 279.5 274.4 268.8 261.7 255 252.3 252.4 250.8 247.5 245.8 241.6 236.9 234.1 232.1 226.5 222.5 218.8 215.5 206.4 195.8 182.6 173.9 181.8 199.5 213.3 228.9 242.2 255.2 263.2 268.4 272.4 280.6 281.9
499.5 494.8 491.4 487 481.6 473.9 468.3 463.9 459.1 453.5 445.2 435.4 425 411.4 397 380.4 363.5 354.5 344.7 338.1 332.3 328.7 324 323.9 322.9 323.2 320.3 315.8 314.8 315.9 313.3 312.6 311 309.1 305.7 302.8 299.4 298 298.8 297.7 294.4 296.4 293.2 287.5 283.7 281.5 276.9 273 265.7 260.5 252.8 244.8 244.9 242 239.4 235.4 234 228.9 224.1 220.7 217 214.5 209.7 200.4 190.2 179.3 171 179.6 196.4 205.3 215 230.8 243 254.8 261.5 267.6 271.8 274.9
504 498.7 495.7 492.9 487.2 478.6 471.6 469.6 464.5 457.9 450.1 439.6 429.1 415.7 399 384 366.6 354.7 343.6 335 330.4 327.5 325.2 323.7 321.1 318.7 316.7 314.7 313.8 314.2 313.1 312.2 311.1 308.6 307.4 304.1 300.4 299.6 297.9 296.5 294.6 295 292.2 289.4 286.2 283.8 281.1 275.9 271.9 266.9 259.7 250.5 247.8 243.4 236.9 231.5 223.9 223.1 219.5 214.4 210.3 205.6 200.5 193.1 184.6 176.2 168.6 180.9 198.8 197.8 206 215.4 230.2 242.7 250.8 256.9 262 268
507.7 503.8 501.1 497.7 491.2 482.6 476.1 474.2 469.8 462.1 451.8 444 433.1 418.4 402.3 388.2 368.8 357.1 344.9 339.3 332.5 327.6 327.7 324.6 317.9 316.8 315.5 313.9 313.2 313 312.7 311.9 309.2 307.9 306.9 305.8 300.6 297.8 296.3 295.4 295.3 294.9 292.1 289.5 285.4 282.3 281.2 279.9 274.2 268.4 263.3 261.5 252.4 246.7 241.6 236.5 230 224.4 218 210.3 202.2 195.1 187.8 183.4 178.8 173.3 168.4 179.4 188.7 188.5 192.9 203.9 213.1 225.6 238.5 246.2 251.7 257.6
511.4 508.7 505.2 501.2 494.8 486.1 482.6 480.3 474.9 465.7 454.9 446.2 435.5 420.3 405.1 390 370.3 356.8 347.1 338.2 331.9 326.7 325 321.9 316.9 314.3 313 313.4 312.7 311.8 313 309.6 306.7 307.2 306.5 304.7 300.9 298.8 296.4 295.6 295.1 294 291.9 290.5 286.5 283.5 283.9 279.5 274.4 268.9 264.9 261.1 255.6 250.3 246.4 240.5 233.8 228.1 219.9 213 203.6 194.2 183.9 173.7 173.1 169.3 165.4 175.2 180.4 181.3 186.5 195.8 200.4 211.2 221.9 234.7 241.6 248.8
514.4 510.7 507.9 504.1 496.8 490.2 491.7 485.7 477.9 468.5 456 448 435.6 421.5 406.1 391.1 375.5 359.7 351.2 338.4 335.5 324.9 320.5 319.1 317 312.2 311.3 312.2 310.8 310.2 311.9 308.6 306.1 305.8 305 302.4 300.8 298.7 297.3 295.1 293.9 294.3 295 291.7 289.8 285.6 285.7 280 276.5 271.5 265.9 260 255 249.9 247.2 242.8 237.1 231.6 224.6 216.1 207.3 197.4 189.8 182.3 176.3 169.1 159.4 168.5 172.4 175.2 178.3 184.5 193.8 199 208.1 219.8 232 238
514.8 510.4 507.3 503.8 497.4 492 491.7 486.1 474.6 467.2 456 448.5 434.9 420.7 407.9 392.1 377.6 365.7 354.4 343.4 340.6 326.6 321.1 316.3 315.4 309.2 309.7 310.1 307.8 308.4 309.9 307.7 304.5 302.9 302.5 301.4 299.3 298.2 296.2 294.5 294.2 296.6 296 291.8 289.1 288.1 285 279.4 273.9 270 265 261.9 259.5 254.2 250.3 247.5 240.9 235.2 229 222.4 215.2 206.4 198.9 191.6 184.7 172.9 159.1 162.9 163.9 165.3 169.6 176.5 180.1 186.4 192.5 205.7 218.4 224.2
515.2 507.7 504.6 501.2 495.4 489.1 487.1 480.7 469.1 462.5 454.3 443.1 431 419 403.1 388.6 376.5 368.5 356 344.5 335 327.6 325.7 318.2 311.8 307.7 305.4 306.3 305.4 304 305.6 307.6 304.4 300.1 300.2 299.1 301.3 298.5 295.6 294.4 293.5 293.9 291.9 291.4 291.2 289.8 288.1 281.3 276.9 272.1 269 265.8 261.5 257.3 253.5 249.5 244.5 238.6 233.9 228.6 221.8 216 209.2 201.8 192.2 183.4 171.4 158.2 158.6 160.9 161.7 165.1 172.1 176.2 182.1 181.3 204 209.5
513.1 504.9 501.6 497.5 491.2 485.1 480.1 472 461.7 454.1 443.4 431.5 420.6 412.5 397.9 386.2 374.8 365.7 356 345.4 334 329.2 327.1 318.2 310.6 307.8 305.7 304.4 302.8 300.4 300.9 301.6 301.1 299.3 298.2 297.5 299.6 297.8 295.1 294.1 293.6 292.7 292.8 292.2 290.8 291.4 286.7 281.5 277.7 273.3 270.9 266 263.6 260.2 256.7 251.4 250.6 242.4 235.2 232.5 226.8 218.4 211.5 205.5 197.4 190.6 181.9 169.4 162 155.7 154.8 159 161.1 166.7 173.3 176.9 181 195.3
508.4 497.9 494.8 490.9 484.8 478.1 467.8 459.1 448.9 440.1 430.8 422.4 412.5 403.4 391.8 381.1 371.8 362.5 353.6 344.2 333.7 331.1 327.1 317.3 310.8 308 306.8 305.6 304.2 300.4 298.2 298.1 297.1 297 296.7 295.8 297.4 294.9 295.3 293.9 295.2 292.6 292.6 292.3 291.6 289.9 286.2 281.4 276.6 273.1 270.5 264.3 261.5 257.6 253.3 249.7 247.7 241.6 236.1 229.4 224.7 221.4 216.1 211.4 204.4 197.1 189.8 179.4 171.8 164.4 154.9 152.8 154.9 157 163.5 169.4 170 174
