data/230000-850000.asc
ncols 200
nrows 200
xllcorner 230000
yllcorner 850000
cellsize 50
[rows 0 to 34 of 200, columns 0 to 77 of 200]
228.4 231.6 234.9 240.1 248.3 253.3 254.5 255.8 259.2 261.2 263.8 270.8 277.3 280.3 286.8 293.2 304.3 314.7 324.5 334.8 339.5 341 341.9 337.3 332.3 320.1 313.4 315.4 320.5 316.2 307.7 301.1 292.2 278.8 273.3 260.7 257.5 258 254.3 244.1 250.8 245.8 243.7 249 257.5 261.9 266.8 272.3 275.5 286.5 291.2 296.7 306.6 319.9 329.8 329.2 329.7 341.1 345.1 351.5 352.4 351.1 354.1 354.8 356.6 360.4 368.3 371.5 371.6 376.5 387.6 401.2 409.8 418.4 425.9 435.8 441.8 450.6
231.5 234.8 238.8 245.5 253.1 257.3 260.1 264.8 266.9 273.4 280.6 283.3 286.6 290.5 296.7 299.6 310.3 319.4 328.5 336.7 341.6 342.1 341.6 341.6 336.5 328.4 321.7 314.8 313.6 309.1 301.6 294.6 282.5 269.4 263.8 261.9 263.9 266.3 259.6 249.3 255.6 253.5 248.6 253.1 260.5 269 276.6 280.7 281.8 290.5 294.8 302.7 315.2 322.8 326.3 327.1 331.8 337.1 334.1 338.4 346.6 348.1 348.1 350.1 352.7 359.1 366 372.4 373.6 377.3 385.9 396.2 407.2 420.8 432.2 442.7 452.7 468.7
235.2 242.3 246.3 252.5 260.7 266.5 271.1 274.3 280.8 287.1 289.2 293.9 297.4 301.9 304.9 308.5 313.5 322.3 332.9 342.1 347.1 349.1 346.7 343.2 338.9 333.5 326.6 316.6 312.4 307.7 300.8 291.2 279.4 268 265.2 265.4 268.5 274.6 263.1 255.5 253.9 252.7 253.9 260.3 267.8 274 282.7 283.2 286.4 294.6 304.9 313.7 320.9 325.5 324.6 324.6 327.8 326.7 326.9 326.9 329.2 329.6 332.1 334.7 340.4 348.4 356.4 360.3 370.3 385.7 391.6 399.3 408.8 424.5 436.1 451.6 464 486.3
244.1 251.7 256 264.7 272.9 278.1 282.1 285.2 291.5 295.5 299.6 309.7 310.7 312.1 312.7 315.5 319 325.2 335 343.7 346 353.9 358.3 354.5 343.5 336.3 330.5 322.1 312.6 305.4 296.6 286.8 277.1 270.1 267.3 268.4 273.4 273.8 263.1 256.4 254.6 253.7 258.4 266.9 274.6 280.6 283.5 284.6 292.4 303.2 311.7 317.1 322 324.9 322.3 320.9 321.7 320.7 327 329 330.5 329.2 326.8 331.6 340.7 347.9 354.8 364.7 376.2 383 396.7 402.2 413.6 427 437.1 445.1 465.1 488.8
249.3 256.9 262.5 271.4 278.6 284.4 292.4 297.2 302.6 308.3 311.7 314.4 316.2 320.8 321.5 324.2 325.9 333.2 333.9 343.4 348.5 349.8 352.3 360.8 349.7 337.4 327.5 321.2 313.3 303 293.3 283.9 274.2 269.5 268 270.4 276.8 271.4 262.6 257.7 256.9 258.1 264.9 273.1 278.3 283.6 285.9 291.1 297.7 306.9 312.4 315.7 316.1 319.6 320 320.6 321.9 321.1 325.7 331 333.2 329.7 327 326.8 341.6 352.9 360.8 367.2 377.9 388.3 393.6 399.6 414.1 429.1 440.8 445 452.6 473.7
249.7 260.6 269.7 277.1 283.8 296.5 304.6 305.2 314.2 317.3 320.2 322.1 328 328.1 329.2 332.7 336.9 343.9 345.5 350.7 350.6 353.3 357.1 354.5 347.9 338.8 329.3 322.6 312.4 299.9 288.3 279.5 272.7 271 272.1 274.5 273.5 266 260.4 259 260.4 263.5 270.3 277.8 285.5 288.9 288.3 293.1 299.7 306.6 311 310.4 310.3 311.1 310.8 319.3 320.9 318.6 318.2 322 321.4 320.8 327.3 329.8 337.1 350.2 360.5 367 374.1 385.9 396.5 406.1 415 425 432 441.2 454.1 468
254.2 260.4 268.2 279.8 293.1 300.5 302.4 310.7 317.8 321.6 323.8 326.4 331.7 334.1 336.8 344 348 351.9 355.5 355.2 367.6 376.8 372.8 367.9 362.7 352.7 344 334.9 323.7 309.2 292.6 280.8 278.3 276.7 273.6 274.3 272.8 266 258.8 263.4 265.6 271.8 278.7 284.6 289.1 290 290.4 295.6 301.2 305.5 307.9 307.6 307.4 307.8 308.6 310.4 312.3 311.7 312.2 312.4 313.4 316 323.5 328.4 336.3 344.9 360.5 369 373.9 385.7 393 400.9 411.4 420.7 432.7 440 447 458.3
273.8 278.5 279.5 283.3 293.6 297.9 303.5 311.5 314.6 320.6 323.3 330.1 334 341.6 345.6 350.4 353.4 360 365.7 371 379.2 386.2 382.7 380.6 369.7 358.6 348.5 339.7 326.2 308.9 289.6 280.6 281.3 277.5 271.6 271.7 270.3 265.1 261.1 264.2 266.7 273.3 280.7 286 292.9 293.8 290.9 297 304.1 308.6 309.2 307.6 306.4 308.2 312.5 313.6 313.9 312.8 312.5 312.8 315.8 321.3 326 331 332.5 342.3 358.2 369.6 373.5 377.2 387.9 397.3 404.7 410.4 420.1 429.5 436.1 441.5
282.2 283.7 286.5 294.2 298.3 301.4 308.3 313.2 316.5 326.5 327.9 338.3 344.4 350.7 355.3 356.8 358.9 363.4 369.3 382.6 393.2 394.3 388.9 381.1 372.3 357.9 344.9 334 321.8 300.8 285.8 281.4 283.4 275.8 270.8 269.1 268.8 262.5 263 264.7 269.6 274 279.6 282.8 284.9 285.5 286.2 297.4 301.8 308.5 308.7 306.7 306.5 309.1 314.2 315.9 314.9 313.9 313.2 314.8 316.3 321.6 326.1 327.6 329.9 332.1 341.1 354.4 365.9 368.5 373.7 384.2 395.9 404 407.9 415.1 424.4 433.4
281.3 286.4 291.9 302.1 306.6 310.3 312.5 316.2 320.7 330.7 341.3 348.2 355.6 360.7 365.3 366.2 367.6 368.3 381 390.3 401.9 400 391.2 381.3 371.4 357.9 341.7 330.1 311.8 292.4 283.8 282.5 279.6 273.6 269.8 268 264.5 262.3 264.1 268.2 273.3 281.8 285.8 290.2 288.9 282.8 282.3 292.4 297 298.2 298.7 303.3 307.8 311.4 315.7 320 321.3 318.3 316.2 316.3 316.3 318 320 323 326.4 326.3 329.4 337.3 345.3 353.4 361.6 370.8 377.4 388.8 395.9 405.3 413.1 423.3
290.8 291.4 301.3 308.8 312.4 314.5 320.3 321.4 327.1 341.2 350.7 356.3 363.7 368.9 372.4 375.3 378.2 380.1 389 400.5 404.4 396.6 390.9 382.9 373.8 353.8 338.7 323.7 303.9 286.1 284.2 284 281.7 272.9 269.7 266.6 262.3 262.3 267 271.9 278.5 283.8 287.3 289.8 287.1 280.4 276.1 279.3 286.5 291.8 294 304.5 310.4 314.7 317.4 319.4 322.8 323.1 319.8 317 316.2 316.3 317.2 320.2 322.6 323.5 325.6 330 332.8 339.5 350.5 356.5 363 371.3 381.5 393.2 401.8 409.6
291.1 305.4 311.3 313.9 317.3 319.7 327.4 332.5 341.5 350.8 359.3 366.1 373.2 377.8 381.8 387.5 385.2 388.6 398.9 408.5 406.4 402.4 401.3 388.5 367.1 350.1 335.5 315.3 296.6 283 282.7 284.8 282.7 273.2 269 262.3 262.3 262.3 267.9 274.4 274.1 274.2 282.8 285.9 280 274.2 271 274.7 286.1 285.6 291.4 301.4 308.5 313.6 318.4 320.3 326.1 328.6 327.3 324.1 317.5 313.7 311.7 312.5 316.1 319.7 322.4 325.1 325.9 324.3 334.6 343.9 350.8 355.6 364.2 377.1 383.8 388
302.1 308.7 318.4 320.4 320.5 330.4 336.2 344.1 350.3 354.9 363.1 374.2 383.7 389.2 394.2 399 393.2 401.1 415 413.3 417.2 410.5 404.1 386.1 358.3 338.1 329 308.4 291.2 280.9 281.5 285.2 284.4 274.2 268.3 262.3 262.3 262.3 266.3 270.5 272.4 271.8 275 273.1 266.4 267.5 274.1 276.6 277.4 279.3 288.6 299.8 302.4 306.6 308.9 316.2 318.8 326 333.3 330.1 319.6 313.7 310.9 309.6 308.9 314.8 315.7 313.6 315.3 312 317.7 326 333.7 335.8 343 353.6 362.9 370.6
311.9 315.9 322.7 325.5 330.1 340.4 349.9 353.2 356.1 359.9 374.2 386.9 396 401.5 409.3 410 406.6 413 414.5 414.5 412.5 404.8 396.5 378.4 346.4 327.8 312.2 297.5 284.3 280.6 281 287.4 286.9 277.6 267 262.3 262.3 262.3 266.9 268.2 268.4 267 264.9 262.7 263.2 269 274.1 275.3 273.8 275.1 282.9 289.2 296.1 301.8 304.8 307.8 311.6 314.9 326.1 333.8 324.7 313.1 310.2 310.7 304.5 302.5 299.2 305.9 300.8 301.6 303.8 308 311.2 317.8 322.8 335.8 347.3 360.5
316.1 321.2 329.8 332.7 342.5 353.5 359.1 359.4 369.2 385.9 393.6 403.1 411 413.2 418.3 418.7 420.6 416.8 416.7 413.7 406.3 398.7 393.8 372.5 341 317.8 298.3 291.5 281.5 280.3 282.1 286.9 284.3 275.8 264.9 262.8 262.3 262.3 262.8 267.3 265.2 262.7 262.7 262.7 264.3 268.3 274.9 274.5 271.5 272.1 276.3 279.9 284.9 293.4 302.7 303.1 304.1 304.6 311.3 320.2 316.6 310.6 304.9 301.4 299 295.7 291.6 290.2 291 295.6 298 299.8 300.5 300.4 310.8 321.9 338.7 349.7
326.1 331.2 342.3 347.9 365.4 372.2 374.9 392.8 398.4 407.5 417.6 416.3 420.2 427 432.2 431.7 434.7 439.4 429.1 416 410.3 405.3 394.7 365.8 332 308.8 293.3 284.3 280.2 279.9 281.8 282.8 279.2 269.2 264.3 263.2 263.5 262.3 262.3 266.5 263.1 262.7 262.7 262.7 262.7 262.7 271.6 267.4 266.3 267.7 269.8 273.9 276.7 276 286.6 296.8 294.7 290.8 291.6 298 304.6 305.5 298.8 294.3 290.2 286 286 286 287.2 291.2 295.2 296.4 294.3 290.8 299.4 310.6 316.8 334.5
337.1 345.1 353.3 365.8 375.7 386 400.5 408.6 416.5 428.7 438.4 436.5 435.3 438.7 439.4 435.5 441.3 444.3 436 425.4 412.4 406.6 388.8 360.5 325.9 304.1 291 282.9 279.4 278.5 280.5 277.7 274.5 265 263.7 266 265.9 264.3 264.6 265.5 262.7 262.7 262.7 262.7 262.7 262.7 262.7 262.7 262.7 262.7 262.7 262.7 262.7 262.7 271.5 279.4 282.4 279.7 278.3 283.5 289.8 293.7 293.4 291 286.4 286 286 287.2 287.4 287 288.5 289.8 288.2 285.4 288.5 301.4 303.9 315.2
348.9 362.3 367.9 373.7 388.2 398.4 410.3 422 430.5 442 447.1 444 444.4 445.3 443.4 437.8 442.3 440.6 430.8 418.6 408.3 402 374.4 346.7 319.9 298.9 286.6 282.2 278.3 277.1 276.3 273.8 267.2 264 267.9 267.9 266.2 265.6 266 262.7 262.7 262.7 262.7 262.7 262.7 262.7 262.7 262.7 262.7 262.7 262.7 262.7 262.7 262.7 262.7 267.8 271 272.8 278.3 284.7 288.3 292.8 293.6 293 291.1 286 286 289.1 294.6 296.1 285 278.9 276.5 279.4 278.8 287.6 295.8 305.2
363 371.4 379.2 382.6 392.8 403.2 413.6 426.6 445.1 449.3 449.3 447.8 451.4 456 436.4 438.6 444 439.8 428 417.3 402.6 394.8 361.2 341.1 322.2 304.7 288.1 282.6 279.6 278 276.5 272.6 266.6 264.2 263.4 263.5 263.9 265.3 262.7 262.7 262.7 262.7 262.7 262.7 262.7 262.7 262.7 262.7 262.7 262.7 262.7 262.7 262.7 262.7 262.7 267.6 269.2 275.6 284.1 287.2 284.6 287 288.3 291 293.4 289.7 287.6 286.7 285.6 285.4 283.3 279.2 274.6 271.8 274.2 282.7 291.5 296
370.1 381.6 388.7 391.1 398.5 405.2 421.8 435.1 449.7 447.3 443.3 446.9 455.3 448.4 432 435.2 444.6 439.5 421.4 409.5 393.6 387.4 358.1 340.7 324.8 307.6 291.2 284.2 281 279.5 279.9 276 269.7 268.1 270.6 272.4 268.2 267.8 264.2 262.7 262.7 262.7 262.7 262.7 262.7 262.7 262.7 262.7 262.7 262.7 262.7 262.7 262.7 262.7 262.7 262.7 262.7 271.7 276.4 279.4 281.3 286.8 287.1 284.2 285.3 290.7 286.6 282.6 279.7 275.8 274 272.7 272.9 271.2 271.2 277.1 285.4 288.7
375.9 382.8 392 400.3 405.5 417.6 433.5 440.3 441.3 440.2 432 438 442 434 427.4 425.8 431.6 426.1 410.2 394.1 380.5 377.5 354.5 335.4 321.4 305.7 294.5 284.7 284.8 285.7 285.5 283.2 275.1 276.1 274.1 273.2 275.2 272.8 267.8 262.7 262.7 262.7 262.7 262.7 262.7 262.7 262.7 262.7 262.7 262.7 262.7 262.7 262.7 262.7 262.7 262.7 263.7 270.3 275.8 279.1 282.3 283.9 285.1 286.7 291.7 295.5 295.4 291 286.9 282.5 276.8 271.2 270.8 270.8 270.4 271.5 279.7 285.2
371.4 378 396.5 410.7 422 433.4 441.7 439.7 436.9 425.8 423.3 437.4 438.2 434.4 423.1 417.7 422.5 415.8 397 384.6 381.8 369.3 349.3 331.4 320.6 305.2 294.5 287.8 292.8 292.5 294.9 290.7 285.2 281.2 279.6 277.8 280.1 275.5 270.8 262.7 262.7 262.7 262.7 262.7 262.7 262.7 262.7 262.7 262.7 262.7 262.7 262.7 262.7 266.2 264.7 262.7 268.3 274.7 277 279.5 284.4 281.5 290 298.3 309.3 313.9 316.2 312.6 304.4 294 287.2 281 274.9 270.7 270 270.5 272 275.1
366.9 374.4 394.4 411.1 425.2 432.4 433.8 424.8 417.4 415 416.6 426.5 432.1 419 407.6 406.5 404.2 414 393.6 387.5 383.6 369.5 353.6 334.6 320.8 307 294.9 295.5 298.1 298.3 300.8 296.5 292.3 288.8 287.8 286.7 287.6 280.9 273.5 267.6 271 270.8 269.3 268.5 271.7 267 262.7 262.7 262.7 262.7 262.7 267.5 266.8 266.7 265.9 264.6 266.2 269 270.7 273.9 276.2 278.2 286.3 297 306.4 319.7 325.5 327.6 324.7 314.9 303.4 296 286.9 276.6 272.6 270.4 269.5 275
362.9 369.5 390.8 404.1 407.4 409.2 410.4 401.3 403 402 409.8 424.1 417.9 401.8 392.9 389.5 387.9 400.2 395.6 389.2 384.9 371.9 351.7 333.6 320.5 309.4 295.4 296.4 300.2 303.6 304.5 301.5 298.5 298.8 294.5 296.2 295.8 289.5 278.3 280.6 282.5 284.7 285.4 284.4 282.5 286.5 281.3 275.3 269.5 265.1 266.8 270.2 269.3 268.3 266.6 266.4 267.2 271.9 274 276.7 274.5 278.4 285.6 294.3 302.4 311.8 324.8 328.4 330.2 326 313 307.2 295.1 286.9 278.1 272.8 267.7 265.3
358.8 360.7 374.6 381.2 386.6 386.9 388.6 391.1 391.7 391.9 401.9 412.6 403 390.3 382.3 375.2 374.1 380.7 399.3 402.5 388 370.7 348.5 331.7 321.7 311.8 300.3 300.4 303.6 308.1 306.2 307.8 306.6 304.6 303.9 305.9 300.7 292.8 288.5 293.2 292.9 299.6 302.8 306.1 304.3 297.7 289.2 283 278.3 272.3 275.1 278.4 277.1 273.3 280.5 280.4 275.9 275.1 276.5 279.2 277.6 277.8 282.4 291.7 297.6 306.1 311.7 319.3 322.5 321.7 317 306.2 299 291.8 286.3 279 267.7 262.7
357.8 359.7 361.8 366.7 373.4 382.8 386.8 388.2 387 384.6 395.4 399.9 392.7 377.1 365.7 364.4 367.4 370.7 389.7 401.9 389.8 364.4 344.6 330.2 320 312 303.7 304.2 307.9 309.9 315.3 313.7 317.6 309.2 311.6 308.1 302.2 299.6 300.9 301.9 308.1 315.2 312.9 312.8 308 302.2 297.4 292.2 285.1 284.2 283.7 285.1 283.7 282.3 279.5 278.8 280.6 282.2 281 279.7 278.6 279.7 282.4 290.5 289.6 297.2 302.7 310.2 314.5 311.6 305.3 298.2 288.6 277.8 270.7 265.3 261.6 259.7
369.3 367.5 368.2 370.9 378.6 387.1 389.3 395.9 386.3 380.9 387 391.1 378.8 364.1 355.5 355.2 356.6 369.1 374.8 389.3 382.3 358.4 338.5 327.4 318.2 312.1 305.9 310.1 314.2 318.7 319.4 318.8 322.9 317.3 314.8 312.7 308.5 309.4 311.9 315.5 324.2 325.6 325.6 319 314.8 308.5 306.2 304.2 302.3 302.4 296.5 290.7 288.2 287.7 289.1 284.4 287 289.3 284 281.5 279.6 280.5 282.4 283.9 284.1 287.1 292.5 299 305 312.5 316.2 307.4 296.2 283.6 270.5 262.8 253.8 253
383.9 382.1 378.1 378.1 380 380.5 389 389.3 379 378.5 378.3 376.2 364.9 348.2 344.1 345.9 347.3 361.1 366.1 378.3 372.2 350.9 334.2 327.5 320.7 314.3 312 315.9 321.8 324.9 324.4 326.8 330.7 325.8 323.5 320.5 320.1 322.7 325.2 330.2 334.1 339.1 333.3 327.4 323.9 323.7 322.5 321.4 321.4 315.9 316.3 303.4 299.7 294.8 289.8 288.2 290.4 290.7 292.4 288.6 284.8 283.7 282.4 284.7 286 286.2 285.6 286.7 291.1 302.5 311.4 310.7 299.4 288.4 273.4 263.9 252.1 252.1
396.4 392.2 387.5 384.1 379.8 378.4 378.1 373.1 368.9 372.4 370.2 365.6 353.7 340.3 342.8 345 347.2 355.8 357.4 364.3 365.9 348.3 337.1 328.4 322.8 318.4 319.3 321.4 326.1 329.6 332.1 334.2 334.1 332.7 332.4 332.2 334.9 338.7 344.6 347.5 355 351.7 347.3 343.8 343.6 339.7 337.1 339 334.1 328.7 322.7 315.9 305.9 296.6 291.4 288.5 289.8 297.6 299.1 299 298 288.3 289.2 286.6 287.8 288.4 288.8 284.3 277.3 280.6 297.8 304.6 292.2 278.7 267.3 255.4 252.1 252.1
396.9 397.1 389.6 384.7 379.6 375.1 369.2 362.9 363 365.6 360.4 358.2 343.4 340.3 341.1 343.3 345.8 349.9 353.1 356.5 354.1 350.1 339.6 331.3 326 323.6 325.1 327.1 333.3 336.7 338.3 337.2 338.4 340.7 342.7 345.5 350.1 353.3 359.3 365.4 368.8 369.7 374.2 375.6 370.7 366.3 362.8 356.4 346.7 335.6 326 317.8 308.4 300.2 294.5 291 289.6 293.9 292.1 291.6 291.6 291.4 300.4 293.6 292.6 290.1 289.7 290.5 281.8 273.1 269.5 277.2 274.9 272.4 264.4 252.1 252.1 252.1
391.5 388.2 383.1 375.8 372.2 367 364 356.7 359 357.8 354.4 345.6 340.3 343.3 343.5 343.9 345.6 347.4 348.8 345.7 343.5 339.5 334.4 331.1 329.4 328.8 332 335 337.8 338.8 341.8 341.6 345 349.1 352.5 357.5 362.3 367.6 372.5 379.5 382.6 386.3 389 392.7 394 388.9 380.8 369.6 358.2 347.1 337.5 325.5 320 309.2 299.2 293.3 290.1 290.3 290.7 291.1 291.1 296.6 302.9 305.3 302.6 300 294.3 291.7 286 280.9 272.2 267.6 265.6 264.9 258.8 255.1 252.1 252.1
381 379.1 372.7 366.9 362.6 357.7 353.2 350.7 352.7 348.9 344.6 340.3 341.4 344.4 345.1 345.4 346 348.2 344.1 341.4 338.5 336.4 334.9 333.7 333.6 335 338 337.8 338.8 342.1 343.1 346.9 351 355 360.1 366.3 372.2 378.8 385 391 396.1 400.8 402.7 401.4 402.1 398.7 390.5 379 365.6 350.2 337.9 328.7 322.2 314.5 307.3 299.9 293.3 292.2 292.5 298 300.8 300.9 302.4 305.4 307.3 310.4 312.2 304 296.6 295.3 284.5 280.3 274.7 267.1 262.7 257.9 254.2 252.1
371.3 370.6 363.4 357.1 350.8 345.9 342.3 344.5 345.4 340.3 340.3 340.3 340.3 344.5 347.4 350.7 346.4 344.2 345.2 346.7 352.3 352.4 349 341 335.6 336.6 338.9 338.4 339.9 341.6 344.6 350.5 354.3 359.2 364.6 371.9 381.2 388.5 393.5 400.2 404.2 406.1 406.4 404.9 399.5 393.1 383.7 374.5 363.4 348.6 337.4 329.4 322.7 314.4 308.3 301.7 298.3 296 297.8 298.8 299.9 302.4 304.3 306.4 309 309.4 312.7 316 317.8 307.4 300.8 295.7 289.2 281.3 273.5 266.3 261.8 256.8
368.1 365 360 354.1 345.3 339.4 337.5 338.8 342.4 340.3 340.3 340.3 345.2 351 354.8 351.4 344.3 341.6 343.4 345.7 348.4 347.3 343.5 341.3 339.8 339 338.9 338.6 340.8 341.8 344.5 349.4 355.7 361.6 368.7 376.2 388.8 395.2 401.3 408.3 410.9 410 406.7 401.6 395.4 389 378.3 366.2 355 345.4 337.4 331.8 324.5 316.3 308.5 303.1 300.8 300.5 301.7 302.9 309.7 313.3 308.3 311.9 311.5 310.7 309.7 312.5 316.6 316.9 311.9 304.9 300.2 290.4 280.8 277.8 266.4 258.9
354.7 360.9 358.4 350.8 343.8 337.5 337.5 337.5 339.5 341 345.3 350.5 350.3 352.9 355.1 351.9 341.2 339.5 337.8 340 345.6 345.4 348.7 347.5 345.8 340.7 339.5 343.1 348.2 348 345.4 348.6 352.4 362.2 370.8 381.4 394.2 400.9 408.7 415.4 417.4 415.1 409.5 404.3 397.2 388 376.2 363.3 351.1 344.8 336.1 328.1 323.2 318.9 313.9 309 308.4 308.9 310.8 312.7 314 313.3 316.4 318.2 318.6 317.9 315.2 309.9 307.9 309.7 308.9 302.3 297.4 291.4 283.9 280.9 279.7 257.1
