data/230000-760000.asc
ncols 200
nrows 200
xllcorner 230000
yllcorner 760000
cellsize 50
[rows 35 to 69 of 200, columns 78 to 155 of 200]
408.5 402.9 401 402.3 401.4 399.7 400.2 398.1 395.7 391.7 393.2 398.1 410.8 419.1 426.1 431.5 436.6 443.3 450.1 456.5 460.9 468.3 475.6 482.1 487.1 494 501.2 512.9 524.7 534.2 543.8 553 561.5 571.3 574.8 577.5 579.4 583.4 586.2 586.8 587.8 590.4 593.1 592 593.1 593.2 593.1 591.7 587 584.8 580.8 580.3 577.9 574.8 573.2 571.1 569.6 566.9 563.8 563.3 558 555 551.7 548.4 543.7 538.1 534 528 521.6 512.9 509.4 501.6 499.4 492.2 489.8 482.5 477.1 472.5
391.5 389.3 388.4 388.4 389.5 388.8 389.3 387.4 385.8 395.2 400.9 405.9 413.3 420.6 425.4 431.2 435.9 443.1 447 454.2 459.9 465.9 472.7 479.6 485.5 492.3 499.7 509.6 519.8 529.2 541.3 548.6 555.4 558.3 563.2 567.7 570.6 574.1 576.3 576.6 578.6 579.5 580.5 579.3 579.4 579.2 576.9 575.1 572.9 570.4 566.8 566.5 564.8 562.4 561.2 558.8 555.8 553.7 550.1 547.5 545.5 539.1 536.4 533.2 526.6 520.7 519.2 510.5 505.8 499.3 490.4 487.5 487.4 479.7 476.2 471.3 467.1 462.8
379.6 378.8 378.6 376.9 382.3 383 380.3 381.9 388 393.9 399.9 405.2 410.9 418 423.2 429.2 436 440.7 445.5 451.3 457.3 464.7 470.3 477.4 483.6 490.9 499.7 509.4 516.9 523.4 533.1 539.4 544.8 548.7 553.8 558.2 560.1 563.3 566 566.9 568.2 568.7 566.8 566.1 565.5 563.7 561.5 559.7 558.7 555.5 552.5 551.8 550.7 548.6 547.1 545.9 542 540.2 536.4 533.1 528.8 523.6 521.4 516.9 508.9 504.1 500.9 496.5 493.1 487.3 477.9 476 472.3 465.7 462.5 458.7 454.9 452.4
376.5 372.2 373.4 375 375 378 379.8 384.8 387.8 395.3 401.1 404.2 409.7 414.2 419.9 425.7 432.5 439 443.1 448.6 455.5 461.9 466.7 472.3 479.5 488.9 495.3 502.2 511.7 518.7 524.2 527.6 534.3 539.5 544.8 547.5 550.8 554.2 556.7 555.9 555.9 555.5 554.5 554.8 552.6 550.4 549.1 547.2 545.3 541.8 538.9 536 536 534.1 532.6 529.3 527.7 525.7 521.4 518 514.2 508.1 505.4 499.8 494.2 489.1 485.3 482.2 479.4 472.4 464.7 462.2 457.2 453.1 448.8 445 442.2 440.3
372.9 374.6 377.6 377.1 378.8 379.1 381.8 382.8 386.5 391.2 397.2 403.8 410.9 413.3 417.2 422.5 430.8 436.7 442.1 446.5 451.2 456.4 461.1 469.1 475.4 482.7 490 497.7 504.2 509.2 515.2 522 527.4 531.4 534.9 539.1 541 544.8 545.5 545.1 545 544.6 543.6 543.2 541.2 538.5 536.3 534.3 531.5 528.3 526.1 522.7 521.7 519.8 517.9 515.8 513 508.2 507.1 502.3 499.1 495.7 490.6 484 480.2 476.1 472.5 469.6 462.9 458.3 451.1 449.2 446.2 440.7 437 431.9 429.5 424.4
367.3 371.4 373.7 374.4 376.7 376.4 378 377.5 381 388.6 394.9 403.3 408.9 411 416.4 422.2 428.1 432.3 440.2 442.3 446.6 452.2 458.8 466.7 471.9 479 487.4 493.3 498.9 504.8 510.8 515.3 519.6 523.5 525.9 529.6 532 533.8 535.5 535.1 534.7 534.1 533.2 531.5 530.5 527.3 525.4 522.1 520.1 517.6 513.8 512 509.6 507.2 503.7 499.9 498.3 495.8 491.6 487.9 484.1 480 476.9 471 467.9 464.1 460 454.3 452.2 444.6 439.4 437.2 431.3 426.4 422.5 418.4 413.2 412.9
368.2 369.9 373.7 373.1 378.2 373.3 373.3 375.3 378.7 385.7 392.2 400.7 404.7 408.7 413.8 417.7 421.7 427.2 435.7 439.3 446.7 449.6 453.9 461.1 468.1 477.5 482.9 488.4 496.5 500.5 505.5 508.4 511.6 515.4 517.9 520.8 522.7 524.2 524.4 525.7 525.6 524.5 523.1 519.8 519.9 515.8 514.3 510.8 508.8 505.8 504.1 501.2 497.8 494.7 490.9 487 485.5 480.7 478.3 475.8 472.1 467.1 462.7 459.2 454.7 450.8 448.6 441 438.4 434.1 426.5 422.8 418.2 415 411 408.8 401.9 402.3
370.2 369.8 369.5 370.8 370.7 372.2 376.2 378.6 382.3 388.3 387.5 393.3 398.9 401.9 407.2 413.5 418.2 425 429.5 432.3 440.9 446 449 456.8 463.7 471.9 477.7 483.2 490.8 493.8 497.8 500.5 504.4 507.2 510.5 513.4 514.8 516.2 516.5 516.6 516.6 515.3 513.9 511.4 510.1 507.2 504.4 501.7 499 495.1 492.8 489.1 485.6 482 478.5 477.1 474.9 469.1 466.4 464.2 459 456.3 454.4 449.2 444.6 440.8 436 429.1 424.8 421.9 416.8 412.4 410.3 406.4 401.8 401 397.1 393.8
373.7 373.7 373.9 374 373.4 373.8 378.1 382.4 380.8 384.2 387.2 391.2 392.1 396.7 401.6 406.4 413.2 420.9 424 429.9 439 439 444.5 451.6 459.3 467.4 470.7 477.4 483.2 486.2 490.1 492.8 497.4 499.8 504 506.8 508.1 509.1 509.9 509.3 507.6 505.5 504.3 503.1 500.3 496.7 494.3 491.3 487.8 484.6 481.2 478.4 473.4 469.8 468.4 466.9 462.5 458 453.9 451 450.6 447.1 441.6 438.5 433.9 429 422.7 418.3 411.6 409.3 410.3 406.1 399.5 398.8 396.5 392.3 390.9 388
378 378.1 378.8 378.8 377.4 380.4 378.2 382.6 383.3 386.8 385.9 386.5 393.2 396.4 396.1 401.4 408.3 412.3 414.8 421.8 425.8 434 439.2 447.2 451.6 458.3 463.8 471 474.1 478.4 483 487.8 491.2 494.5 498.1 500.1 500.3 500.7 500.6 500.7 499.3 497.4 495.6 492.4 490.2 487.2 483.2 480.2 477.2 473.1 471.1 467.9 464.7 461.1 459.2 455.7 450.1 446.2 443.3 441.7 439.4 432.8 428.1 425.2 425.3 418.6 412.3 410.3 404.9 399.3 399.8 398 394 392.3 390.9 388 388 388
384.4 384.2 383.5 382.8 381.3 382.1 380.9 381.3 383.6 384.8 383.9 388.1 391.8 390.2 394 401.3 405.6 405.8 408.8 413.9 419.4 427.2 432.7 438.1 444.3 451.1 457.8 462.6 468.8 473.2 478.6 483.6 485.6 488.7 490.8 491.9 492.1 492.9 491.2 491.6 489.5 487.7 485.3 481.7 478.9 476.6 473.2 470.9 467.3 462.5 460.5 457.9 455.7 451.8 449.1 444.2 441.1 437.4 434.9 431.2 426 421.4 418.6 416.7 412.8 409.4 404 400.6 401.9 396.1 392.9 391.6 388 388 388 388 388 388
393.4 388.7 387.3 386.7 387 387.8 386.7 384.9 382.7 383.6 384 388.4 391.4 394 397.5 399.6 401.3 401.9 405.9 409.3 414.5 421 426.1 431.1 436.7 443.9 447.9 456.5 462.2 468.3 473.6 476.9 478.8 480.7 482.9 483.4 484.8 483.8 483.3 483.2 480.4 478 474.3 472.4 471 468 463.9 462 457.4 454.8 453.4 448.8 447.1 442.8 440.1 436.4 433.5 429.6 424.8 421.2 417.4 414.2 412.3 408.4 406.1 404.1 400.4 396 392.8 391.8 390.1 388 388 388 388 388 388 388
396.1 399.9 393.3 389.4 387.8 391.2 391.2 388.1 384.6 385.6 384.6 384.7 386.2 387.5 394.7 397.5 395.9 402.4 402.9 407.5 411.8 416.2 420.9 424.8 429.3 435.6 442 449.9 455.4 461.1 465.5 468.8 472.6 473.3 473.3 474.4 475.7 475.2 476 474.9 471.1 468.9 466 463.6 461.9 458.3 455.9 454.1 451 448.4 442.8 439 437.1 434.8 431.5 427.6 425.5 421.1 416.7 414.7 411.8 408.6 407.2 403.5 402.7 399 395.8 392.1 391.2 388 388 388 388 388 388 388 388 388
398.3 400.9 399.8 394.7 391.4 392.2 391.7 388.2 387 395.7 385.5 384 385.1 387 392.8 394.5 393 399.7 401.7 404.7 404.9 408.2 415.3 419.9 426.4 431.2 436 442.8 448.1 453.3 456.7 459 461.3 463.2 464.2 466.3 467.6 467.9 468.4 465.2 462.4 460.4 457.8 455.7 455.3 452.4 449.3 446.5 440.2 437.7 435 432.5 428.8 427.3 424.3 420.7 418.5 415 411.9 410 408.5 405.2 400.6 400.3 397.1 394.1 390.7 388 388 388 388 388 388 388 388 388 388 388
404.3 403 402.1 402.1 396.6 395.3 393.8 392.2 389.9 391.5 386.4 386.1 385.7 386.5 387.4 388.6 396.6 398.5 400.3 399 398.8 405.6 411.7 415.6 420.6 425.4 430.2 435.9 439.8 444.1 445.6 447.2 450.6 455.3 456.9 459.2 459 460.2 460.2 453 452.4 452.7 451.1 449 447.7 446.2 441.5 436.4 434.3 432.5 430.2 427.9 424.1 422.4 419.3 415.6 413.2 410 406.8 404.1 402.2 400.4 398.5 392.4 390.1 388 388 388 388 388 388 388 388 388 388 388 388 388
408.1 407.5 406.5 406.2 401.8 399.6 398.1 394.9 394.6 394.2 391.6 389.5 388.2 388 388.8 389.2 389.5 393.2 399.1 398.5 399.7 405.8 409.1 409.2 414.4 419.6 424.7 428.3 433 435.8 436.5 438.1 441.5 446.2 446.9 449 449.8 447.2 449 445.7 446 448 444.3 442.5 441.2 438.3 436.6 432.2 429.1 425.7 422.4 421.4 420.3 417.9 413.7 412.2 410.2 406.2 401.9 400 398.4 398 392.7 392.4 389.7 388 388 388 388 388 388 388 388 388 388 388 388 388
413.6 412.2 411.9 409.4 406.5 404.1 401.6 400.2 398.8 396.1 395.6 394.4 391.6 390.9 391.3 391.7 392.2 392.5 392.7 398.4 401 403.7 402.4 403.7 409.8 416.4 421.1 425.6 425.9 427.1 429.1 432.3 432.4 434.6 435.1 435.3 437.8 433.6 440.7 438.6 439.2 441.6 437.2 435.6 434.1 431.2 427.9 425.1 421.7 417.7 416.1 416.7 415.6 411.9 408.1 408.6 405.6 403.4 401.3 395.6 395.8 389.2 390.7 388.9 388 388 388 388 388 388 388 388 388 388 388 388 388 388
420.6 416.2 414.2 412.3 410.6 409.3 408.2 406.9 404.4 401.4 401.1 398.7 395.1 394.6 394.8 394.8 394.7 395.6 395.8 395.6 396.3 399.6 398.8 406.8 410.8 413.6 416.6 419.4 417.1 420.5 422.4 424.8 423.4 423.5 425.5 427.3 429 431.3 435.8 432.7 433.5 433.2 429.4 427.2 426.5 424.7 421 418.7 415.9 414.5 414.1 412.9 412.8 410.3 405.5 401.6 401.6 401 400.6 395.7 391.6 389.7 388 388 388 388 388 388 388 388 388 388 388 388 388 388 388 388
424.7 418.3 417.9 417.6 417.4 418.2 416.6 413.1 410.1 407.1 405.9 402.5 400.3 399.1 399.7 398.8 398 399.1 398.6 398.4 399 405.8 403.9 408.1 410.6 412.2 414.1 410.5 411.2 414.6 417.3 417.7 418.5 423.9 422.4 424.1 428.5 426.4 429.4 426.6 426.8 424.2 423.7 422.5 419.1 419.2 414.2 415.3 415.2 413 414.6 409 408.9 406.9 403.8 401.1 400.6 400.7 396.5 391.7 388.3 388 388.4 388 388 388 388 388 388 388 388 388 388 388 388 388 388 388
427.6 427.2 427.1 425.4 426.7 426.4 421.3 418.6 415.8 414.3 410.3 407.5 405.7 404.5 404.6 403.4 401.9 402.7 402.4 400.8 399.6 400.5 400.9 403.6 408.5 406.9 406.6 407.5 409.5 412.6 411.4 414.3 418.2 417.5 417.6 419.1 421.2 421.8 422.2 421.8 422 420.8 420.1 418.6 415.7 415.8 414.1 409.1 410.5 413 405.5 407.7 405.6 404.6 401.3 396.6 396 393.5 388.1 388.1 389.8 390.5 388.6 388 388 388 388 388 388 388 388 388 388 388 388 388 388 388
434.2 434.1 434.8 434.4 432.4 430.1 425.9 422.9 420.3 419.1 417.2 413.9 411.5 410 408 406.5 407.3 406.2 407.5 402.9 401.7 402.3 402.9 402.6 406.4 404.6 405.9 408.4 406 408 410.7 414.5 415.3 415.8 414.7 418.6 419.5 419.3 420 419.3 418.7 417.8 413.7 411.6 413.4 412.5 407.6 407.9 410 401.9 401.7 401.7 402.9 400.6 392.5 387.8 388.3 387.6 389.8 391.1 390.5 388 388 388 388 388 388 388 388 388 388 388 388 388 388 388 388 388
439.4 439.5 439.7 437.7 436.9 436.7 436.4 430.9 429.2 426.1 422.3 421.8 417.2 416.3 412.2 409 407.7 408.5 403.7 402 407.5 404.9 405.2 405.1 404.3 406 406.1 406.4 408.4 412.7 414.4 412.4 414.1 415 414.1 417.1 414.6 415.4 415.8 415.4 415.8 413.3 409.6 409.9 411.6 409.2 402.5 405.3 403.9 401.2 401.2 402 402 395.6 389.1 391.8 391.1 390.9 392 388 388 391.8 388 388 388 388 388 388 388 388 388 388 388 388 388 388 388 388
448.2 447.9 449.4 449.3 447.4 446.2 444.9 441.8 439.6 437.5 436.6 434 426.8 422.4 414.9 413 408 404.2 403.7 403.2 403.4 404 406.9 409.3 407.6 407.5 408.3 410.4 406.9 408 410.1 410.3 410.5 413.5 417.7 414.7 414.4 415.1 418 415.2 413.4 411.4 407.7 408.1 409.5 404.1 401.1 403.3 402 401.9 402.4 399.7 394 389.6 388.2 392 391.9 390.4 388.5 388 388 388 388 388 388 388 388 388 388 388 388 388 388 388 388 392 392.6 393.5
464.9 465.9 466.3 463.6 462.3 462.2 461.3 458.9 457.6 449.8 449.6 442.1 432.2 427.6 420 406.2 406.7 408.7 406.5 405 405.4 407.7 414.6 411.6 406.7 408.4 407.9 407.3 407.4 410.2 411.5 409.9 418.7 419.3 417.8 415.6 414.2 415.9 413.4 407.6 405.3 405.9 404.7 403.7 402.8 401.6 400.3 401.9 402.3 402.9 398.8 389.5 388.3 389.5 391.2 393.1 391.1 389.7 388.1 391 389.7 388.7 388 388 388 388 388 388 388 388 388 388 389.6 392.2 394.7 396.3 397.6 398.1
480.7 480.3 483.3 480.8 481.1 478.7 474 478 470.8 463.6 455.8 447.4 438 424.6 414.6 409.5 412.9 408.9 407.7 407.4 407.6 408.3 408.5 408.8 409.3 407.1 407.4 407.8 407.7 408.4 409 410.9 415 416.7 414.2 412.9 411 411.1 406.8 405.6 406.1 404.2 403.5 403.3 402.8 402.7 398.6 401.1 399.6 392.6 389.6 390.7 392.1 394.5 396 394.8 391.5 388.7 390.1 392.1 390.3 390.2 389.1 388 388.9 388 388 388 391.2 388.2 391.3 390.6 394.2 397.4 400.2 401.3 403.4 405.7
495.9 497.3 501.2 501.8 502.7 500.3 494.8 495.5 487 472.3 462.4 451.9 439.6 427.2 419.9 419.5 412.1 410.5 409 409.2 409.2 409.6 409.5 408.7 408.2 410.4 409.4 410.1 409.8 410.6 411.2 410.7 412.7 412 410.4 409.4 409.1 406.2 405.3 406 408.8 405 404.2 403.2 402.3 401.2 397 394.3 392.9 394 395.2 396.7 397.5 400.7 398.3 394.6 392.1 392.3 392.5 392 390.4 390.4 389.1 388.7 390.2 389.6 388.5 388.7 391.5 392.4 392.4 393.4 397.4 400.6 401.8 405.4 407.5 410.4
508.8 515.4 520.3 518.9 517.1 512.2 505.9 499.3 484.2 472 463.7 452.3 441.3 435.9 432.9 421.8 412.2 412.6 411.1 412.9 410 411.2 408.8 408.4 408.1 414.5 411.7 411.8 412.5 412.8 412.7 410.5 410.3 409.8 409 408.8 409 406.9 406.1 408.8 406.3 405.3 405.4 403.6 401.7 399.9 398.7 396.2 398.1 398.3 400.1 400.6 400.5 399.5 395.3 393.1 393.4 396.2 397.5 398.3 391.1 390.1 390.5 389.2 390.1 390.8 391.2 391.6 392.7 395.6 399.5 396.2 395.8 398.8 404.4 408.9 410.1 418.9
524.6 528.7 529.4 527.1 529.1 528.9 522.1 510.6 492.4 481.9 473.2 463.1 451.9 444.3 432.9 425.7 416.9 414.8 413.9 412.4 412.5 413.3 410.1 409.6 409.2 411.7 411.9 413.1 414 414.8 412.3 410.4 408.8 408.9 409.1 408.7 408.6 408.1 406.9 407.3 408.4 406.8 405.1 403.9 400.9 398.5 399.6 400.4 401.6 401.8 400.9 399.8 402 396.7 397 400.2 396.5 397.2 394.5 392.6 390.8 390.4 389.8 391.5 391.1 391.9 392.8 397.5 404 401.1 398.9 396.9 399 402.6 407.6 413.3 419.2 428.2
537.8 540 543.9 549.5 549.1 539.7 524.6 515.1 507.6 493.4 481.5 469.8 457.1 447.3 440.8 427.2 421 417.9 417.3 414.8 413.5 413.2 413.1 416.7 413 410.8 411.9 412.4 412.4 411 411.2 409 408.7 408.8 408.9 408.6 408.3 408.1 407.5 409 411.4 405.8 403 401.4 400.5 400.6 402.1 403.5 402.8 401.8 400.4 398.7 398.8 398.1 399.2 398.7 399.9 394.9 394.8 393.1 391.1 393 396.2 395.1 395.7 395.2 401.5 395.3 394.3 395.9 397.5 399.7 404.6 408.1 414.4 423.6 431.7 443.2
554.5 557.1 554.1 554.2 548 537.4 527.4 516.9 506.1 492.1 481.6 470.6 457.2 449.6 439.9 430 426.3 421.3 416 415.2 413.4 413.1 411.9 410.8 410.2 410.9 411.8 411.6 410.1 409.2 408.7 409.2 409.1 409 409 408.4 407.9 407.6 409.6 408.7 404.8 403.7 403.9 404.7 405.9 404.7 405.6 407.2 405.5 401 400.6 399.2 399.2 399.1 399.1 399.8 398 394.5 393.7 392.9 392.7 393.1 392.6 392.5 392.2 392.1 393.5 394.7 396.4 397.9 399.4 404.5 411.1 416.8 423.3 436.3 446.5 458.5
561.6 558.1 556.9 551.5 541.6 530.9 521.7 510.6 500.2 487.4 478 465.3 454.7 447.4 438.4 431.9 424.4 419.4 418 417.8 415.4 413.3 412.8 413.9 413.1 412.2 411.6 412.2 411.9 411.7 410.8 409.6 409.5 409.2 409 408.6 408 407.5 407.4 405 405.4 407 407.6 408.1 408.2 407.2 408 409 404.6 400.2 399.2 399 399.8 399.5 398.3 400.5 395.7 394.1 393.2 392.4 393 393.3 392.8 393 392.8 394.5 396.9 398.7 399.1 401.6 404.9 410 416.8 426.7 438.6 448.8 459.8 475.1
559.9 557.6 553.2 546.6 536.9 528.1 516.2 504.3 491.6 481.9 472 462.4 454.3 445 438.4 428.4 423.8 419.3 418.2 417.8 416 414.4 413.4 413.7 413.5 412.9 412.3 414.6 412.5 411.9 412.6 411.5 410 409.4 409.1 408.6 407.7 407.4 406.7 407.5 409.3 409.8 409.9 410 410.1 408.8 408.7 404.8 402.2 400.6 399.4 398.6 398.4 398 397.2 400.9 394.6 393.5 392.7 392.8 393.8 394.1 394.2 398.8 398.2 399.6 399.3 401.6 404.4 407.8 412.6 419.5 427.5 439.3 450.9 463 475.8 493.6
560.5 556.8 549 542.6 529.9 518.5 507.7 496.4 485.2 476 467.1 460.7 454.1 445.6 435 429.7 426.8 423.8 421.9 418.6 417.7 416.2 414.2 414.5 413.1 412.7 417.3 413.9 410.7 410.8 411.2 410.3 409.3 408.9 410.6 409.4 408.9 408.8 409.2 410.1 410.9 411.6 411.7 411.9 411.2 409.7 407.7 405.2 402.5 401.5 400.6 399.2 398 396.4 395.3 394.1 393.6 393.6 394.2 395 395.9 397.1 398.9 396.4 396.7 399.4 399.5 402.3 405.8 411.4 420.4 427.5 436.7 448.1 462.3 476.3 490.1 515
555.9 552.6 543.1 531.5 520.4 511.8 503.2 493.2 483.3 472.8 462.6 458.4 449 441.8 436.7 434.6 431.8 429.1 424.9 422 419.9 417.2 417 417 414.9 413.4 412.6 411.5 411.1 411.4 410.8 410 409.6 409.8 409.4 409.7 410.3 409.6 409.9 411 412.2 413.2 413 411.9 410.7 409.6 407.8 405.8 403.3 401.5 402.8 399.4 398.7 397.1 396.6 395.6 396.7 396.2 397.1 399.3 398.5 397 396.4 396.4 398.3 401.5 403.3 406.2 409.9 416.1 424.2 435.5 447.6 456.9 470.2 487.5 511.7 526.5
547.8 541.4 530.9 522.2 513.9 508.1 499.4 489.4 479.4 471.4 464.8 459.5 449.8 444.6 443.3 439.9 436.2 431 427.9 423.9 422.1 419.3 419.7 418.6 417 415.1 413.7 412.7 412.7 410.5 410.6 410.3 409.7 409.6 409.7 411 413.1 410.3 410.7 411.9 413.3 413.3 412.5 411.4 410.3 409.1 407.6 405.8 404 402.3 398.7 398.6 399.2 397.7 397.8 397.5 398.7 399.9 399.2 399.8 399.2 396.8 396.4 401.7 403.6 404.5 408.2 410.1 414 421.8 431.2 443.8 456.5 466.2 480.5 498.7 515.2 529.4
