data/230000-900000.asc
ncols 200
nrows 200
xllcorner 230000
yllcorner 900000
cellsize 50
[rows 105 to 139 of 200, columns 0 to 78 of 200]
298.7 295.7 294.1 292.6 290.9 287.9 284 280.6 271.7 265 258.2 250.8 244.3 239 233.9 230.4 228.8 229 230.2 232 234.3 236.3 239.3 242.6 246.4 250.3 254.6 258.8 262.2 265.4 268.6 269.3 269.6 265.4 260.4 258.9 257 256.3 256.5 255 252.7 249.2 245.3 242.4 240.2 232.7 229 221 213.6 207.3 202.2 198.1 195.9 193.9 192.5 189.9 185.6 182.1 178 173 168.6 165.9 162.9 159.2 153.9 146.7 137.7 129.3 119.6 110.1 104.6 97.4 90.2 84.3 79.3 76.5 75.3 75 75
300.8 298.5 296.4 294.5 292.5 290.9 285.4 279.7 272.2 264.6 258.2 250.5 244.6 239 232.9 229.2 227.3 227.4 228.7 230.3 232.1 234.1 237.2 241.5 244.9 248.4 252.5 256.8 261.5 265 268.5 269.6 269.9 264.4 260.2 257.9 255.8 254.7 252.8 250.9 249.1 246 242.1 238.4 235.6 229.8 225.4 219.4 212.4 206.7 201.9 198.2 195.6 193.7 191.7 190.3 186.7 183.3 179.6 174.8 169.6 166.3 163.1 159.3 155.5 150.8 139.5 132.1 124.3 115.7 105.9 97.5 91.3 84.6 78.7 76.7 75.6 75 75
303.4 300.2 298.7 296.2 294.1 291.9 287.2 280.8 273.9 266.9 258.8 250.9 244.6 238.4 232.3 228.7 224.3 223.2 225.1 227.7 229.5 230.1 234.3 239.2 241.9 245.9 250.1 254.6 259.9 263 267.7 270.6 269 263.3 260.2 258.3 256.1 253.9 251.4 248.9 245.4 242.2 239.5 234.9 229.9 226.7 221.8 216.7 210.9 206.7 201.8 198.1 195.6 193.8 191.8 189.6 187.7 184.3 180.7 176.5 170.9 168.1 164.1 160.5 155.4 150.1 143.8 135.9 127.7 119 109.4 99 91.1 82.1 77.1 74.5 74.4 75.1 75
305 301.6 300.7 298 296 294 290.7 283.3 276.3 268.2 260.2 253 244.5 236.7 231.2 226.6 222.2 220 221.6 223.6 225.7 227.6 230.6 234.6 238.6 242.3 247.1 252 256.5 259.8 262.1 264.2 263.8 260.5 258.7 257.9 256.4 254.6 252 249.4 245 240.7 236.7 232.1 227.3 222.7 220.1 215.3 210.5 206.1 201.3 197.7 196.2 194.4 192.6 190.8 188.3 184.8 181.7 178.2 173.9 170.5 166.4 161.8 156.2 150.9 145.6 139.5 130 120.1 111.3 102 91.2 83.2 77.7 73.5 70.3 71 74.3
307.5 303.4 301.5 299.7 297.4 294.7 291.4 286.4 278 269.5 262.9 255.5 245.4 236 229.1 224.6 219.9 217.5 216.6 218.3 221.1 223.8 226.5 230.3 234 238.3 243.4 247.8 251.7 255.2 257.4 260.2 258.9 257.7 256.6 256.1 254.9 253.7 252 249.3 244.9 240.1 235.5 231.1 227.5 221.2 217.7 212.9 208.4 204.9 200.6 197.8 196.3 195.1 193.4 191.6 189 185.8 181.6 180.3 177.1 172.9 168.8 163.5 158 153.1 147.1 140.8 132.3 122.3 113 103.8 93.8 85.8 80.5 74.9 70.3 70.1 70.1
308.9 303.2 300.4 298.9 296.2 293.5 290.7 284.9 277.8 270.8 263.2 255.5 246 237 228.5 222.2 216 211.6 211 212.8 215.6 218.6 221.1 224.7 228.8 233.6 238.6 242.7 246.4 250.4 253.4 255.8 256 254.5 254.2 254 253.7 252.4 251.4 250.4 245.2 239 234.1 230.5 226.3 221.4 216.9 211.9 208.1 203.6 200.8 197.8 196.4 195.3 194 192.4 189.5 187.6 184.3 181.6 178.6 174.9 171 166.6 161.7 156.5 149.8 141.6 133.6 125.3 115.3 106 96.3 88.2 81.8 76.3 72.2 70.2 69.3
308.8 303.3 298.7 297 294.4 291.8 287.6 281.9 275.8 269 262.6 256 247.1 238.7 230 223.1 216.4 211.1 209.1 205.5 210.5 212.9 213.9 218 221.7 226.9 232.7 236.4 240.4 244 247.7 250.4 251.7 251.8 251.4 250.9 252 251.8 251.4 251 245.1 239.1 232.9 228.1 223 220 215.6 211 208.5 203.8 199.9 198.1 196.5 195.4 194.4 192.4 190.4 189.9 186.8 183.8 180.7 177.4 173.8 170.7 165.9 158.3 152.5 144.6 136.5 127.5 118 109.9 98.6 90.2 82.5 77.8 75.4 73.3 72.4
309.6 303.8 299.1 295.5 292.6 289.6 285 279 272.2 266.1 259.4 254.2 247.1 239.6 231.7 224.6 220 211.3 205.8 199.8 206.7 207.7 208.3 213 216.7 220.7 226.2 229.7 234.3 237.5 239.5 243.1 244.9 245.2 245 246.8 248.3 249.7 251.2 250.8 244.4 238.6 232.6 227.1 223.8 220.1 215.9 210.2 207.3 204.4 200.9 198 195.9 194.7 193.6 192.6 191.2 190.5 188.1 185.3 182.9 179.6 176.8 172.9 166.6 160.6 154.7 149 140.6 131.1 121.8 111.8 101.2 92.9 84.4 78.8 79.4 77.8 76.7
308.7 304 299.4 295 291.6 287.5 282.1 276.9 270 264.5 259.2 253 246.6 240 232.2 226.7 220.7 213.9 209.3 198.8 201.4 201.9 200.4 206.4 211.1 215.2 220 223.8 228.8 232.4 234 236.7 238.4 238.3 239.3 241.2 242.1 244 245.9 243.9 241.7 235.5 229.6 227.5 224.4 221.7 217.4 211.3 207.3 204.1 200.8 197.5 195.3 193.8 192.5 192.3 191.6 191 189.3 187 184.9 182.1 179.6 174.9 170 164.3 158 151.6 144.6 134.4 125.7 115.5 105.4 95.7 85.9 80.2 82.5 78.6 77
308.7 304.1 300.1 295.2 290.2 286.4 282.4 277.2 271.4 266.6 260.3 254.3 248.4 242.2 235.6 229.6 223 216.8 210.6 202.1 199.1 190.3 194.6 195.8 201.2 208.9 214.1 216.4 222.1 225.9 228 229 231.3 233.1 234.5 236.1 237.4 238.2 239.4 238.4 236.6 233 227.4 225.2 226.5 223.7 219.2 211.9 208.1 204.1 200.8 197.6 194.8 193.3 191.6 191.6 191.7 190.9 190.3 188.9 186.8 184.3 180.8 177.3 172.7 167.6 161.8 155.6 146.8 137.1 130.3 122.1 109.9 99.6 88.6 83.2 80.6 79.1 76.6
310.6 305.3 300.4 295.8 290.6 287.3 283.1 279.6 273.7 267.7 261.4 255.6 250.5 243.5 236.6 230.8 221.9 218 212 207.5 201.1 192.7 189.6 189.8 192.5 197.7 204.9 210.6 214.2 217.1 223.8 225.7 226.5 227.7 229.3 230.6 231.7 232.8 233 232 231.2 228.8 225.3 222.4 221.6 222.7 219.3 211.2 206.2 202.6 199.4 196.8 193.6 191.6 190.8 191.2 191.3 191.1 190.8 190.7 188.3 185.8 182.5 179.3 174.8 169.2 164.1 158.1 150 141.2 135 126.2 115.3 103.6 95.4 86.7 80.3 78.3 75.9
312.1 307.9 302.2 297.9 293.5 290.2 285.5 281.3 277 270.5 265.3 259.7 253.4 246.5 239.7 232.8 227.7 223.5 217.7 212.6 206.3 199.9 191.7 188.8 188.3 189.7 194.6 199.2 205.2 210.5 218 222 223.8 223.6 224 225.3 226.4 226.9 226.5 225.9 225.6 224 221.8 219.3 218.8 220.2 217.7 210.7 204.8 199.6 196.9 194.5 192.1 190 190.7 190.9 191 191 191.1 190.9 189.3 186.9 184.6 181.2 176.9 171.7 164.9 157.9 152 144.7 136.6 128.5 118.1 110.1 101.7 94.6 84.6 77.9 74.4
311.8 309.3 303.5 300.8 296.1 292.6 288.8 284.6 280.3 274.8 269.7 264 257.4 250.5 244.5 237.7 233.2 227.2 221.5 216 209.8 204.4 196.3 188.3 183 182.7 185.9 188.3 194.5 201.2 207.4 212.8 216.3 215.9 217.7 219.7 221.5 221.8 220.8 221.3 220.6 219.7 217.7 215.5 214.2 214 212 208.2 202.4 197.6 194.6 192.5 190.1 189.1 189.3 189.4 189.4 190.4 190.9 190.5 189.4 187.7 185.5 182.2 179.2 173.3 167.4 159.6 151.6 145.1 137.1 129.9 121.9 114.7 107.1 99.7 88.8 79.6 74.9
312.4 309.7 305.4 301.7 298.3 294.3 290.9 287 281.4 277.1 273.2 268.1 261.7 255.1 249.4 242.2 237.3 231.1 225.7 219.7 213.6 207.2 197.5 189.5 179.6 179.2 178.8 181.5 185 190 196.8 201.6 206 207.2 209.6 212.7 216.3 216.2 215.8 217 216.4 215.8 213.7 211.6 210.4 208.9 207.4 204.7 199.9 197.1 193.4 191.1 188.8 187.9 188 187.7 188 188.3 189 188.7 187.9 187 185.5 183 179.8 174.3 169.7 163.7 155.6 147.7 140.2 133.2 125.4 117.9 113.3 105.4 93.7 87.1 78.5
312.3 308.5 305.5 302 299.8 296.2 292.7 288.9 284.6 280.7 276.5 272 266.3 259.8 254.2 247.5 241.1 234.5 229 223.3 218.4 211.9 204 195.7 187.2 179.8 178.6 178.8 179.2 180.8 184.7 189.5 194.1 198.5 201.3 207.3 210.6 211 211.4 214.2 213.1 211.7 209.6 208.2 206.7 207.5 204.7 201.8 198.3 195.6 192.7 189.9 186.9 186 185.8 185.4 185.5 186.2 186.6 186.7 186 185.1 184.2 182.1 180.3 176.1 171 167.7 160.7 153.2 145.5 137.4 129.7 122 114.6 107.2 99 90.8 84.6
308.2 306.9 304.5 302.3 301 299.3 294.8 290.6 287.8 284.1 279.8 275.7 271 265.5 257.6 249.3 242 237.5 232.8 228.2 223.7 218.9 210.7 201.7 194.9 188.1 183 179.2 178.3 177.7 178.1 182.9 185.7 189.6 193.7 198.8 203.6 205.1 207.9 211.4 211.2 208.1 206.3 204.8 203.4 205.9 204.3 199.4 196.6 193.9 191.2 188.4 185.8 184.8 183.5 183.2 183 183.6 184.2 184.4 183.9 183 182.6 181.6 179.3 175.4 171.8 168.1 162.7 156.2 148 139.9 131.6 124.2 117.5 111.1 104.7 95.5 90.8
304.2 304.1 302.6 302 301.4 300 298.1 294.1 290.6 288 282.9 279.9 275.3 268.4 260.1 253.3 247.6 243.2 238.2 233.2 228.6 223.6 215.8 207.2 202.1 197.5 192.4 186.3 181.7 177.3 171.1 172.8 179.4 182.7 186.1 190.3 196.2 197.7 201.7 205.4 205.3 203.5 202.7 201.3 200.1 201.9 201.9 197.2 193.9 192 189.3 186.9 184.9 183.7 182.4 181.2 180.2 180.1 182 182.1 181.6 181.2 180.8 179.7 177 173.6 171 168.2 164.1 158.2 150.5 142.8 133.6 126.3 119.9 114 108.6 98.5 90.6
300.7 301.1 302 301.8 301.3 301.1 299.2 297.4 293.6 291.8 289.2 283.7 279.1 272.1 265.3 258.2 253 248.7 243.7 239.1 234.3 228.7 220.4 214.2 210 205.4 200.7 195.1 189.1 183.4 177 170 168.8 173.8 179.3 181.7 187.1 189.6 192.6 197.2 197.9 199.9 198.6 196.6 196 197.2 198.4 195.3 191.9 189.7 187.4 184.9 183.3 182.1 180.8 179.7 178.9 179 179.3 180.5 180.6 180.5 179.6 178 175.5 172.2 168.9 166.2 162.8 158.8 150.8 143.4 137.3 130.3 123.7 116.2 109.2 99.9 93
296.5 298.3 299.5 299.5 300.7 301.1 300.7 298.7 296.1 293.4 290.8 288.8 283.1 277 269.8 262.5 257.3 253.3 248.1 244.5 239.9 233.8 227.5 221.1 217.1 211.3 206.4 202.1 198 191.3 186 179.3 172.4 169.3 170.6 172.8 177.6 179.2 183.4 188.4 191.2 192.4 192.1 191.5 191.3 192.5 193.9 191.7 189.3 187.4 185.1 182.8 181.4 180.1 179.1 178.4 178 179.4 179.6 180.7 180.9 179 178.1 176.5 174.4 171.7 168.5 165.2 161 157.7 150.8 145.4 139.7 134 127.1 117.5 110.6 100.8 95.6
289 291.5 294.1 295.3 297.5 298.7 298.7 298.5 296.9 295 293.4 291.1 286.9 281.1 275.1 269.2 264.1 259.2 254.1 249.2 244 238.1 232.2 227.2 222.8 217.8 213 208.5 205.5 201.6 195.4 187.6 181.9 176.4 170.2 167.9 168 169.1 173.2 177.8 182.3 184.5 185.4 186.3 186.5 188.2 190.3 189.6 186.3 184.6 182.7 180.9 179.8 178 177.2 176.4 175.9 177.7 178.8 179.2 178.1 177.2 176.5 174.9 174.2 171.5 168.2 164.8 161.1 156.5 151.9 145.7 139.9 134.5 127.8 120.7 112.3 105.2 98.4
283.7 286.2 288.9 291 293.3 295 295.3 296.4 296.4 297.5 298.8 296.1 291.7 285.5 279.7 274.8 270 265.3 259.8 255.1 250 242.9 237.7 232.5 228.1 223.6 219 215.5 212.5 209.1 205.1 200.2 193.9 185.2 177.7 170.4 160.4 160.7 162.9 165.5 171 175.6 179.6 180 181.6 183.4 185.4 184.8 182.6 180.3 178.4 179 177.3 176.1 175.4 174.5 173.8 175.3 176.4 177.4 175.5 176.2 175.2 174.1 174 171.2 168 164.5 160.9 156.3 151.7 146 138.9 134.1 128.1 122.1 116.5 108.2 101.3
277.7 280.7 283.7 286.2 289.6 290.4 291.3 293 295 298 300.4 301.1 294.9 289.2 284.3 279.8 275.3 271.1 265 259.9 255.2 249 243.5 236.6 232.5 228.4 225.2 220 216.6 214.3 210.8 207.5 204.3 194.9 184.7 175.3 169.1 162.1 159.3 158.8 161.2 165.4 171.8 172.7 174.8 178 179.9 179.6 178.3 175.2 172.6 174.3 174 174.2 173.6 172.6 171.8 172.9 174 175 174.1 174.1 174.1 174.1 173.6 170.7 167.7 164.3 160.9 156.1 151.8 146.5 140.1 135.1 131.2 125.1 118.5 112.3 104.2
266.7 272.1 276.1 279.1 280.7 284.3 286.8 289.4 292.2 294.8 297.4 298.8 295 290.6 286.9 283.1 279.4 274.9 269.9 264.5 259.5 254.5 248.7 240.5 235.9 232.6 230.1 223.6 218.9 216.4 214.2 212.1 209.2 201 192.7 183.8 176.3 168.2 163 157.6 150.2 151.8 158.9 162.1 167 170.9 174.3 174.3 172.6 170.8 169.7 170.4 170.5 171.3 171.7 170.9 170.4 171.4 173.5 174.1 174.1 174.1 174.1 174.1 172.9 170.3 168.7 165.6 162.1 157.7 152.9 149.2 143 138.1 133.4 126.6 121.1 115.4 110.4
255.1 260.1 265.4 269.8 274 278.2 282.5 285.1 287.6 289.4 290.8 292 291.4 291.1 288.9 286.5 281.9 279 274.9 269 263.9 257.8 253 246.5 237.9 234.6 231.1 226.4 221 218.2 216.2 213.6 209.9 205.7 201.1 193.2 183.9 174.4 168.3 162.6 155.9 150.5 149.4 151.3 157.6 162.2 166 167 165.9 164.4 164.9 166.5 166.9 167.9 169.6 169.6 170.2 170.1 172.1 173.8 174.1 174.1 174.1 174.5 173.5 171.3 169.8 166.7 163.6 159.8 156 152.4 148.4 142.3 136.1 130.1 125.7 119.6 114.9
246.4 249.3 254.2 260.1 264.1 271 275.2 278.4 281.4 283.1 285.4 287.6 288.7 289.4 290.2 287 283.4 281.2 279.6 273.7 268.4 260.7 253.6 246.4 239.7 236.4 232.6 229 224.4 220.4 217.9 215.3 212.6 208.7 205 198 189.9 181.3 175.2 169.8 164.4 159.2 154.7 150.5 149 151 155.3 157.1 156.8 155.5 158.9 160.8 162.4 164.5 166.3 167.9 169.8 170.3 171.9 173.1 174.1 175.4 175.9 175.8 174.8 172.8 170.5 167.9 165 162 158.6 156 153.2 149.1 142.1 135.2 130.5 124 118.1
239.3 239.5 244 250 255.8 261.4 265 269 272.9 275.1 279.1 282.6 285.3 286.6 287.2 286.3 283.6 282.5 280.9 278.4 273.8 265.8 254.4 247.6 242.8 239.6 235.5 232.4 228.9 221.6 219 216.3 213.5 211.6 205.7 198.9 192.9 186.3 180.7 175.8 171.6 167.5 161.5 155.8 150.8 139.8 141.5 146.1 147.3 149 151.7 155.3 160.8 160.7 163 166.1 168.5 170.6 172.9 175 177.2 178.1 178 177.6 176.8 174.6 172.1 168.9 165.8 163.4 161.7 159.1 156.5 152.4 146.7 140 134.1 127.8 122.1
238.6 230.6 231.3 238.4 243.1 249.2 252.6 258.8 263.8 267.1 272.3 276.4 280 281.1 282.2 283.7 284 283.1 282.4 281.7 278.9 270 257.7 250 245.5 240.5 237.5 233.7 230.5 223.4 218.7 215.9 213 210.8 204.5 198.3 193.1 187.6 183.6 180 176.4 172.6 167 161.3 155.5 148.2 141.5 140.2 139.4 140.9 144.5 150 153.8 159.5 161.7 165.1 168.1 170.4 172.9 175.4 177.5 179.1 179 179.1 178.8 176.1 172.7 169.9 167.5 165.5 164.2 162.1 159.1 154.7 150.3 144.7 138.4 132.6 126.9
242.9 238.2 232.3 229.6 233.3 235.6 242.7 249.8 255.1 259.1 264.3 269.9 272.8 275.3 277.2 279.4 281.3 281.9 282.4 283 281.4 275.3 260.5 251.7 247.6 241.3 236.4 233.1 231.4 226.6 218.7 214.5 210.8 207.3 201.5 196.9 192.9 189 184.8 181.6 178.5 174.5 170 165.2 159.9 152.9 146.2 140.7 139.1 139.6 140.7 148.5 152.5 157 161 165.1 168.5 170.1 172.5 176 178.3 180 180.3 180.6 179.9 177.4 174.1 170.7 169.2 167.7 165.7 163.8 160.6 156.9 152.9 149 142.7 137 130.1
250.5 245.4 240.2 234.6 229.8 229 231.1 237.2 243.3 248.7 254.2 259.2 263.9 267.1 270.5 273 275.9 277.9 280.2 281.5 281 273.2 262 253.1 246.2 240.7 236.3 231.9 231.2 227.1 218.5 213.1 209 204.3 199.7 195.3 191.1 187.4 184 181 179.2 175.1 169.9 166.2 162.3 157.2 150.1 143.8 138.1 132.9 134 141.8 148.2 153.8 159.2 163.1 167.9 170.4 172.6 176.3 179.1 180.7 180.8 180.5 180.2 178.4 175.4 172 169.6 168 166.4 164.7 161.5 158.7 155.4 152.2 146 137.8 132.3
257.1 251.9 246.5 242 237.1 231.8 222.9 223.3 229.6 236.5 241.2 246 252.2 257.4 261.7 265.5 268.7 270.8 274 275.3 272.9 264.2 259.1 253.1 244.1 238.6 233.4 230.2 228.3 224.2 217.6 210.8 206.7 202.4 197.9 191.6 188.3 185 181.4 178.3 176.5 173.1 169.9 166.6 163.5 158.9 152 146.3 139.7 131.6 129.9 135.1 144.3 151.1 157.5 162.2 166.2 168.9 172.4 176.1 179.4 181.1 183.3 183.6 180.7 179.1 176.7 173.6 170.4 169.3 167 164.8 161.6 159.5 156.3 152.7 149.1 142.1 136
262.6 257.8 252.2 247.5 242.4 239.1 233.2 225.9 216.8 221.7 228.5 232.6 239.9 245.9 251 255.4 258.1 260 263.7 263.5 259.8 252.3 247.1 246 239 236.1 230.7 226.8 221.6 219.2 215 208.5 204.1 200.3 193.2 188.5 183.9 181 177.6 174.3 173.5 170.9 168.4 165.6 162.6 158.9 153.5 146.7 140.1 134.7 130 132.1 141.3 148.3 154.3 160 165 168.7 172.2 176 179.6 182.2 186.2 188 184.3 180.2 178.5 175.7 172.6 170.2 167.8 164.5 161.2 158.8 156.4 153.5 150.8 144.5 136.7
267.6 262.9 257.8 252.4 247.5 243.7 237.6 230.8 223.7 207.9 217.7 220.3 227.2 234.7 239.4 244.7 247.2 248.6 250.1 249.8 245.3 242.2 238 237.2 234.1 232.1 228.3 223.7 218.4 213.8 209.9 203.4 199 195.5 190.1 185.1 180.6 176.1 171.1 169.7 169.1 168.1 166.1 164 160.6 156.4 151.7 145.9 139.7 133.9 129.2 129.2 135.4 143.2 149.5 159.8 163.4 168 171.3 175.1 178.6 181.8 185.9 188.8 188 181.2 179.5 177.6 175.2 171.6 168.5 164.8 160.3 158.1 156.5 153.4 150.3 143.5 136.2
271.7 266.7 262.2 256.7 251.1 246 239.4 232 224.7 214.8 198.5 213.2 216.3 222.8 229.5 233.4 237.9 238.5 238.4 237.7 235.2 230.2 229.1 229.8 228.5 226.7 223.9 220.1 213.6 207.8 202.4 197.1 192.7 189.2 185.6 181.1 173.6 169.6 164 164.7 165.1 164.2 163.9 160.9 158 153.7 148.8 142.7 137.4 132.5 128.8 127.7 130.5 141.7 149.4 155.2 160.3 164.2 169.2 173.3 177.1 180.5 183.7 186.9 188.7 186.2 181.4 180.2 177.9 174.2 171 168.7 164 160.5 157 153 148.7 143 136.5
277.6 272 266.1 259.4 253.7 247.8 241 233.2 225.5 217.6 210.2 192.5 207.7 212.2 219 223.2 228.5 230.8 230.1 231.2 228 224.9 222.3 222 221.9 220.5 217 213 208 202.1 194.9 188.2 185.3 181.2 177.2 171.5 167.3 161.1 157.9 159.3 160.1 160.8 160.6 156.8 152.7 147.9 141.9 139 133.2 128.8 127 127.9 131 139.2 144.8 150.4 156.8 161.2 167.2 171.4 174.9 178.7 180.9 184.2 188.1 188.2 183.7 180.5 179 176.5 173.9 170.7 168.9 164 159.2 154.6 149.8 142.7 138
281.7 275.6 268.7 260.8 255.2 249 242.3 234.5 226.4 219.8 215 203 196.8 203.3 209.9 215.5 222.3 222.9 221.6 222.5 220.6 219.1 217.9 215.1 213.3 212.1 208.1 203 199.3 191.8 186 180.3 174.7 171.4 168.4 165.9 159.6 153.2 151.1 151.8 153.3 154.4 153.4 150.1 145.8 140.2 136.8 134.4 130.9 125.9 121.5 124.1 129.3 134.1 141.1 147.1 152.8 160.1 164.8 169 173.3 177 179.1 181.2 184.8 185.2 182.2 179.7 179.5 177.8 176 172.9 170.5 166.4 160.7 156.3 151.6 146.1 140.3
