data/230000-650000.asc
ncols 200
nrows 200
xllcorner 230000
yllcorner 650000
cellsize 50
[rows 0 to 35 of 200, columns 0 to 81 of 200]
378.5 377.5 375.7 373.9 369.3 365.7 359.6 355.7 349.8 347.7 344.4 341.6 341.5 340.3 336.9 332.6 330.4 326.5 323.1 322.5 320 319.4 318.7 317.2 316.6 314.5 311.1 305.8 299.3 292.6 288.3 283.2 276.9 268.8 267.6 266.4 274.7 273.1 281.4 293.7 298 299.3 296.6 299.6 305.6 309.4 307.2 300.8 290.7 278.5 271.3 268.5 258.4 254.3 250.6 248.9 244.6 236 229 221.5 218 210.3 205.7 203.7 201.3 197.4 184.4 192.8 190 185.8 182.7 180.2 177.3 173.8 167.7 171.3 171.5 169 165.3 163.1 161.3 160.5
375.2 373.5 370.8 369.6 365.5 363 360 357.8 354.9 352.3 348.8 346 345 343.8 342.9 340.7 334.8 331.6 329.2 327.1 325.4 324.3 322.6 322.9 320.4 318.3 316 310.4 305.8 299.9 296.6 293.2 289.1 279.1 272 262.5 269.6 271 274.9 285.9 294.4 296.5 295.4 293.7 299.7 308.4 307.3 302.4 295.4 284.8 277.3 273.1 262.5 255.2 250.6 248.4 247.6 241.1 229.2 221 215.7 208.6 201.7 197.2 194.1 189.2 185.7 185.1 183 179.3 175.4 173.8 171.3 167 161.5 161.9 162.3 160 157.8 155.6 155.8 154.6
374.1 375.3 375.9 371.3 367.8 367 369 366.9 362.9 357.8 354 352.5 352.5 349.3 347.5 345.7 341.1 335 332 329.1 327.2 325.3 324.5 323.6 320.9 320.1 317.8 313.4 308.3 304.7 303.7 300.4 291 285.1 280.2 270.6 261.8 270.2 276.3 280.8 284.9 286.7 287.8 286.3 291.8 304.7 305.4 301.1 293.4 286.4 278.1 272.8 268.9 262.2 255.8 243.9 241.6 236.1 229.1 219 211.7 203.9 198 193.2 189.1 185.6 183.6 177.1 176.2 174.3 170.5 168.4 165.5 162 158 153.2 153.3 151.2 149.2 147.1 148 148.9
376.2 376.3 374.2 372.3 370.1 375.6 373 369.6 365.4 360.6 360.8 359.7 357.9 352.7 349.2 348.8 346.3 341.6 337.6 332.3 328.5 326.3 324.8 323.5 321.9 320.1 316.2 311.8 309.4 308.2 310.8 306.2 293.4 285.8 280.9 273.9 264.4 273.4 276.1 283.4 284.4 282.9 283 281.5 284.8 298.5 305 299.1 293 285.6 277.6 267.3 265.9 263.1 256.5 247.6 240 234 228.5 218 208.5 201.1 194.9 189.4 186.1 184.3 181.8 175.7 172.9 166.8 166.3 163.1 159.6 156.6 154.4 149.2 146.2 144 141.8 140.3 141.1 143.9
374.5 374.8 374.6 372.1 372.3 379.8 376.1 369.7 364.4 360.8 361.6 362.9 359 353.5 350.6 350.1 347.2 343.6 340.1 337 333 328.4 325.5 323.3 320.7 318.4 313.5 309.3 307.8 309.4 313 309.9 291 285.1 280.6 274.6 262.1 277.2 282.1 287.9 285.7 283.4 280.4 280.5 289 296.5 296.1 294.2 290.8 281.5 270.4 263.8 260.8 259 256.1 245.4 238.7 234.1 228.2 220.3 213.6 203.7 193.4 187.5 182.3 181.5 177.1 172.7 169.7 165.7 156.4 157.5 153.6 151.3 148.3 145.3 141.2 137.7 135.5 133.9 135.2 138.1
372 374.4 378.5 372.1 371.5 374 371.8 368 363.6 360.2 359.1 359.4 356.4 353.1 351.9 350.6 346.8 344.3 341 335.7 331.1 332.1 327.1 324.4 321.7 317.2 311 306.3 303.1 304.7 312.6 306.9 286.8 280.4 274 266.6 250.1 268.6 285.3 290.4 284.9 279.8 279.1 277.8 292 297.3 295.1 291.9 291.4 284.1 270 262.8 262.7 259.9 254.5 245.9 236.8 232.7 227.4 220.6 212.5 202 193.3 182.1 176.7 178.3 175.1 169.9 166.6 160.1 153.8 144.5 148.2 146 142 140.4 135.4 130 128.5 128 128.8 132.3
372.8 376.8 374.6 371.9 370.9 371.1 372.6 369 360.6 358.8 357.2 356.3 354.2 351.5 350.7 349.7 345 341.6 337.3 332.9 327.7 330.1 328.5 325.8 323.3 318.9 315.1 307.7 303 297.6 299.3 303.3 285.6 274.7 266 259.8 250.4 258.6 275.3 277.9 276.5 276.6 279.2 275.4 284.1 290.2 291.5 289.2 289.4 285.2 275.3 267.5 265.5 261.3 253.4 246.3 239.3 231.4 227.4 220.6 207.8 192.1 181.5 174.1 167.1 172.5 169.6 165.5 163.3 155.3 148.3 143.7 137.9 136 135 133.4 131.2 127.1 121.1 122 122 127.7
384 385.9 382.5 375.3 370.2 367.8 365.5 361.4 356.5 357.4 354.4 353.4 350.6 346.2 346.1 345.6 341.7 337.2 333.2 327.9 323.3 326.1 325.4 322.7 323.2 318.7 314.8 310.3 305.8 298.1 292.3 290.3 282.2 272.4 261.6 253 248.3 243.3 258 267.9 270.4 274.9 277 275 272.9 278.5 288.3 285.4 283.5 280.2 276 273.8 268.1 261.8 255.8 246.6 235.2 228.3 220.2 208.1 194.8 184.7 174.7 168.4 162.9 162.9 163 161.5 157.7 152.2 146.2 142.1 140 135.5 128.2 128.5 125.9 121.3 119.5 114.8 115.9 120
382.1 383.1 382.3 378.6 372.2 366.6 362.6 357.1 352.3 350 348.6 348.3 345 341.1 339.6 338.1 338.7 335.3 331.3 324.2 318.4 317.1 318.3 317.8 319.1 315.3 312.2 307.7 304.7 300.1 295.1 290.1 284.3 271.8 263.8 253.8 240 230.4 247.4 255.8 268.5 273.9 272.5 271.7 269.2 268.9 274.3 276.1 274.7 272.5 270.1 269.1 265.9 259.9 250.8 241.8 228.7 219.4 210 197.5 187.1 181.6 172.2 165.1 161 159.7 159.6 158.3 155.7 151.4 145.5 141.4 136.6 132.7 125.6 119.4 118.2 117.1 115.2 110.5 107.7 112.5
377.9 380 377.6 376.3 373.7 369.6 365.3 364.1 357.5 360.8 356.4 353.1 348.4 340.9 336 333.6 330.6 327.5 323.5 319 314.7 311.9 311.6 311.5 312.1 312.5 308.7 303.2 301.1 299.7 294.9 290.8 285 272.2 261.2 252.3 240.9 225.1 243.6 251.6 262.3 271.2 267.4 266.1 266.7 262.8 262.1 264.4 265.8 263.7 261.4 260.9 258.1 252.6 244.6 232.6 224.2 215.2 204.9 194.6 187.2 188.4 194.1 172.2 160.1 158.9 158.5 154.6 153.5 150.8 146.7 141.5 135.4 131 124.6 118.6 112.9 119.5 115.1 111 102.7 105.5
373.4 375.1 377.9 374.5 372.9 369.7 366.2 366 358.6 364.1 361.6 356.5 351.9 345.4 341.2 338.6 331.8 324.7 321.5 315.6 310.6 309 307.2 306.5 304.8 307.9 304.7 299.5 296.8 293.7 291 289.8 285.1 276.1 266.2 254.6 239.4 227.7 233.7 244.6 250.3 261.1 263 264.2 261.8 261.6 258.1 253 255.1 254.1 251.6 251 248.7 243.4 236.1 226.1 219.6 211.1 208.5 200.3 194.8 198.8 203.6 176.2 161 160.3 165.9 158.4 152.6 145 141.3 138.3 131.8 129 123.4 116.6 110.1 119.9 116.8 109.9 103.6 96.6
371 375.5 374.7 370.3 368.7 365.3 364.8 363.6 359 360.3 359.8 355.8 352.8 349.6 345.3 341.3 334.3 330 322.4 314.8 312.1 312.7 311.2 314.5 312 296 296.7 293.8 290.1 287.2 284.1 285.9 281.8 280.6 274.1 259.2 243.2 230.6 220.5 233.5 245.1 251.8 256 259.9 261 256.6 252.6 247.5 241.4 245.1 244.4 242.4 240.2 235.5 228.4 219.8 212.6 207.7 204.8 198.5 191 190.1 187.6 173.9 163 162.3 168.3 159.6 153.4 148 140.8 133.3 130.5 125.7 122.7 117.2 107.4 112.3 111.2 106.1 100.3 95.5
368.8 374.2 372.6 371.3 365.3 361.4 357.4 358 357.9 356.2 356.5 355.6 351.4 350.5 346.7 343.1 336.7 331.9 326.3 318.1 318.2 318.7 320.7 325.3 318.1 306.3 295.7 286.7 274.4 270.4 273.3 274.7 276.9 276.6 269 254.9 243.1 235.9 221.9 231 241.3 244.3 251.7 254.7 255.1 248.5 239.5 233.2 228 234 239.7 236.9 234.5 230 220.2 211.8 205.6 202.4 198.9 193.7 187.6 182.9 176.7 169.2 164 162.3 163.4 158.2 150.7 146.1 145.1 136.6 132 128.4 117 114 110.5 100.7 101.3 101.6 97.2 92.1
366.4 375.9 371.2 367.5 362.3 358.3 355.4 352.3 353.1 353.4 352.4 352.4 351.3 350 348.1 347.5 341.5 335 329.3 326.2 326.2 323.6 323 323 313.1 305.9 299.5 292.5 286.6 283.2 274.2 265.1 266.1 267.3 260.6 250.8 240.5 233.1 222.4 223.1 234.1 239.8 243 250.5 253.5 252.6 238.9 227.3 222.9 223.3 235.5 234.6 228.6 224.6 218.7 208 201.2 198.5 196.2 191.9 186.6 180.5 175 170.6 165.9 164.5 168 156.4 146.4 144 137.7 130.4 124.5 118.2 112 108.6 106.3 103.1 95.6 89.7 88.9 85.5
362.9 369.9 369.2 367.5 361.9 357 357 350.8 350 350.9 351.9 349.8 349.4 348.6 346.8 346.4 343.9 336.4 329.2 333.8 335.7 330 324.5 319.3 311.8 306.7 300.8 295.3 286.7 283.2 277.6 268.4 263 260.6 255.1 245.2 236.3 230.9 224.4 214.3 230.7 231.7 237.6 241.9 247.5 248.5 242.9 236.8 223.9 219.5 223.3 223.6 221.7 219.5 215 205.7 201.4 198.6 190.8 188.6 185.4 187.7 184 177.9 178.1 176.1 171.2 158.8 141.4 138.7 132.7 126.3 121.5 118.3 121.2 120.9 116.5 107.2 101.3 101.3 97.1 92.4
358.9 365.6 364.2 364.7 361 358.4 352.9 348.5 347.8 351.5 352.9 351.7 349.8 348.8 346.9 343.9 340.6 336.9 335.1 335.9 337.1 333 328.2 321.1 314.8 309 304.6 297.8 289.3 284.5 278.3 273.3 267.9 261.1 246.4 239.1 225.2 220.1 219.6 206.1 225 225.8 228.2 233.5 240.2 241.7 241 239.1 229 221.7 213.8 215.4 213.6 211 206.3 201.2 199.2 192.7 188.1 186 185 186.6 182.7 177.5 183.2 179.7 169.7 153.4 139.7 136.9 134 132 127.8 126.4 126.2 121.5 116.6 110.3 103.5 105.2 101.2 93.6
353.9 358.2 359.2 356.1 355 354.7 351.1 345.3 344.3 352 357.9 353.9 354.2 353.7 353.2 349.3 351.7 344.4 339.6 337.2 335.7 334 330.7 326.6 318.8 312.4 305.8 299.3 290.5 284.8 279.9 275.7 268.9 263.6 253.8 242.5 231.3 222.8 214 201.3 204.1 218.7 220 225.2 230.3 233.1 232.9 233.7 229.2 217.4 209.1 207.2 206 203.1 199.2 194.9 191.9 187.9 183.4 181.4 181.7 182.9 179.7 176.1 175.2 169.5 159.5 147.3 137.4 132.7 134.6 133.4 130.4 126.9 125 121.9 114 107.8 104.6 104.4 98.4 93.2
348.5 349.3 354 352 349.4 348.1 346.5 342.6 338.5 347.6 360.2 350.4 350.5 357.2 360.6 357.6 350.7 347.4 341.5 335.9 334.5 333.6 330.7 329 322.2 315.1 307.5 300.4 292.2 287.3 281.4 276.3 269.4 264.1 257.7 246.6 236.6 226.1 217.8 208.1 202 200.9 212.9 216.7 220.4 226.8 226.9 226.9 222.1 212.3 203 198.3 200.3 198.4 192.3 188.2 185.6 182.2 178.4 176.7 177.3 177.9 175.4 174.5 170.1 164.1 154.5 144.7 136.9 130.8 132.6 131.4 130.2 129.2 127.6 120.1 114 107.1 103.4 97.9 94.7 90.1
344.3 340.9 347.1 347.2 347.6 341.8 340.3 339.2 335 341.2 352.5 347.4 344.3 352.8 356.4 354.7 350.4 346.7 343 333 331.5 332.2 330.8 330.5 324.4 317.4 309.9 301.2 294.9 289.4 282.7 276.1 269.6 263.6 256.2 246.7 238.6 228.9 221.3 213.3 203.6 192.3 206 212.5 215.4 219.6 217.8 215.2 210.6 202.7 192.9 193.4 194.6 193.4 191.1 187.4 181.7 179.4 173.6 170.7 171.6 171.1 169.5 167.2 163.4 155.9 146.7 139.5 134.1 130.4 129.3 129.1 129.8 128.9 127.9 120.1 112.4 105.5 100 95.8 89.2 84.1
338.2 336.4 341.3 345 345.8 339.9 335 332.9 332.3 337.2 342.8 341.9 338.2 343.9 351.5 348.6 343.7 340.2 338 330.4 329.1 329.8 328 330.7 326.4 320.6 312.1 302.2 296.1 293.5 283 279.2 273.2 264.1 258.1 252.9 245.3 235 223.1 215.2 208.2 199.5 189.6 207.6 206.7 206.8 205.6 203.6 199.1 189.9 179.7 182.8 185.8 185.4 184.2 181 176.4 173.5 170.7 165.6 165.8 165 163.1 160.3 156.8 152.4 143.2 133.3 129 126 125.5 126.5 127 124.6 120.5 112.9 105.1 95.9 90.9 87.4 82.3 77.2
332.8 332.7 339.7 341.6 343.7 337.9 332.7 329.5 330.5 333.4 334 333.6 331.6 333.6 340.6 339.9 337.2 334.3 331.7 326.9 326 327.5 325.8 326.1 322.8 318.3 309.9 302.2 297.2 291.9 283.7 276.9 272.8 267.2 257.4 250.4 245.4 236.3 224.1 216.1 208.9 200.3 187.3 201 202.1 197.9 195.4 193.6 185.8 177.2 172.7 170 177.9 176.2 174.8 172.3 169.5 166 166 160.8 162.2 159.2 156 153.3 150.8 146.9 137.5 129 124.3 122.7 122.7 123.5 124.6 124.6 115.7 108.5 102.7 92.7 84.3 79 74.8 71.2
326.5 328.9 343.5 338.1 338 336 334.9 329.1 325.5 329.6 330.2 328.1 326 325.7 329.2 330.7 328.5 326.9 325 321.4 320.5 322.6 322.2 320.4 316.7 311.9 308.1 300 294.7 287.6 280.7 272.4 266.5 260.8 254.8 246.8 242.8 234.7 221.6 212.5 206.1 196.7 184.2 197.2 201.2 198.6 191.7 186.6 179.7 169.4 161.4 165.1 172.1 169.4 163.1 162 159.8 158.4 156.7 153.4 154.2 152.6 148.8 145.5 142.5 137.3 131 124.6 120.4 119 119 119.3 119.9 118.1 113.3 107.3 102.8 95.6 86.9 80.8 77 75.7
320.1 322 331 334.8 334 335 334.1 328.3 322.4 323.2 323.9 322.4 320.1 317.6 318.4 321.2 319 318.6 318.2 315.8 313.4 316.1 314.8 316.2 313.3 306.5 302.3 296.1 289.5 281.2 276.4 268.1 264 258 250.8 243 241.6 233.5 223.4 212.3 204.6 194.3 185.9 193.4 191.8 189.1 184.2 180.9 175.7 167.8 160.5 159.9 165.1 161.7 154.8 149.4 148.9 151.9 150.5 147.8 147.2 145.6 143.7 139.9 135.9 130.1 124 119.2 116.2 115.2 115.3 115.6 115.5 110.8 106.7 102.4 97.4 96.6 94.1 87.6 87.1 79.5
314.4 320.7 328.4 330.5 330.8 331.3 329.9 326.1 318.6 318 317.2 315.7 314.5 312.3 310.5 310.5 310.5 310.2 311.9 309.4 306.5 309.4 310.1 309.8 310 304.1 297.9 288 280 274.3 270.9 267.8 261 255.6 249 242.7 239.4 233.9 228.5 212.6 200.9 192.8 187.2 179.4 186.2 183.9 187.7 178.5 175.9 170.8 163.5 158.1 158 156.8 149.4 144.2 143.2 143.9 143.8 142.6 140.6 138.8 136.6 133 128.9 122.8 117.3 113.2 112 109.8 111.1 111.7 110.4 105 100.6 95.9 91.9 91.5 90.1 87.9 85.8 84.6
314.8 322.6 329.3 334.9 332.9 326.8 324.9 322.5 315.2 313 311.7 310.1 309.3 307.8 304.1 302.7 302.7 304.1 304.3 303.2 301.2 301.7 303.9 301.6 303.9 302 294.8 283.3 274.7 270.9 267.7 261.9 258.5 253.9 246.9 240.8 235.1 228.6 225.1 214.6 199.5 191.5 185.2 175.5 182.1 181.3 201.5 186.7 175.7 168.8 163.4 159.7 158.5 160.5 159.9 157.2 143.6 132.5 129.9 136.4 134.2 132.7 130 126.8 121.7 116.1 111.7 107.5 107 106.4 106.8 107.3 104.2 99 96.7 91.4 88.8 88.7 87.9 86.6 87.1 92.5
317.4 320.4 324.8 330.4 332.8 330.7 326.1 322.9 315.7 307.5 307.1 305.2 302.8 300.9 298.5 296 297.3 298.6 297.9 296.1 297.6 297 297.1 297.3 294.9 291 286.2 276.4 269.9 265.6 259 256.8 250.2 246.5 241.6 235.5 229.4 223.7 218.3 212.9 199.5 192.6 186.6 179.3 178.7 181.4 199.2 192.1 180.3 168 164.8 166.7 170.6 175.9 172.4 164.9 149.2 138.8 128.1 131.6 128.2 126 123.9 120.8 116.6 112 108.4 104.8 102.2 102.2 102.4 102.6 98.2 94.9 93.5 91.6 91.1 94.5 95.8 93.5 91.6 95.6
312.9 314.5 316.7 320 320.6 323 330.6 328.3 318.4 307.8 304.3 301.8 297.2 295.3 294.1 291.3 292.1 292.6 291.6 292.1 292.5 292.3 291.7 293.2 288.5 284.8 279.6 273.9 265.1 257.3 250.9 246.4 238.8 234.6 231.2 227.7 222 217.6 212.5 209.3 201.3 192.9 184.1 178 168.1 180 193.6 192.5 179.9 173.4 169.7 169.2 181.7 177.7 168.6 160.5 146.3 134.4 124.2 125.4 124.7 122.7 119.7 116.5 114.4 110.1 107.3 105.7 101.6 98.9 98.6 97.3 95.2 93.6 95.3 98.7 100.2 104.7 106.6 102.1 99 98.1
306 308.2 311.8 315.6 318.4 319.6 320.3 327.1 316.2 308.2 301.8 296.1 291.8 288.5 287.6 285.9 285.6 287.2 287.1 287 289.3 289.2 287.9 289.8 284.7 281.1 277.7 277.9 270.5 263.2 255.7 250.5 244.7 238.6 235 226.8 216.8 214.7 205 202.1 198.1 190.8 182.8 173.3 161 172.1 186.9 187 173.3 171.6 169.7 172.8 181.9 175.8 165.8 155.7 142.4 130.9 123.7 116.6 119.1 118.3 115.7 113.1 112.1 108.8 105.7 104.2 99.6 96.8 95.9 94.8 94.2 93.5 96.8 100.9 104.8 108.2 107 102.8 99.6 98.6
299.7 302.9 309.9 316.2 321.8 320.6 320 320.2 313.5 306.3 299.9 295 292.2 286 278.6 278.4 279 282.5 282.5 283 284.7 285.6 285.5 285.9 280.8 277.6 275 271.4 267 258.4 251.2 245 241.4 235.7 232.1 228.3 216.8 210.6 205.6 202.5 194.3 188.5 184.6 173 167.5 157.5 176.9 176.5 168.9 166.4 166.1 174.2 178.6 171.3 162.5 156.8 140.7 131.3 125.3 121.1 112.2 112.4 111.9 110.4 109.4 106.8 103.8 101.5 97.1 95.2 94.7 94.8 94.3 93.8 98.6 102.5 106.7 108.6 107.1 102.6 99.3 98
294.5 303.3 312.6 322.7 328.8 329.9 328.7 321.4 317 310.7 304.4 297.1 295.5 296.1 288.8 279.6 273.8 277.7 277.8 278 278.2 281.9 284.4 282.5 279.2 275.5 272.2 267 263.7 257.8 248.8 240.6 232.9 226.1 224 216.7 210.2 204.7 200.1 199.6 197.8 191 182 176.7 171.2 161.2 169 169.9 163.9 161.8 163.9 174.5 175.5 166.9 159.7 156.5 142 131.9 126.8 121.9 116 111.4 107.9 107.7 106.4 103.9 102 99 95.2 94.2 93.8 94.5 94.1 93.4 98.7 102.9 108 109.1 105 101.1 98.4 95.7
289.8 301.8 310.6 322.1 323.9 325.7 326.3 320.7 318 312.5 305.5 298.4 296 295.2 289.8 281.7 272.5 272.6 271.4 270.5 270.7 279.7 288.2 287.8 282.4 277.6 273.4 270.1 267.6 260 250.4 245.2 236.1 225.8 210.4 210 204.1 199.7 195.7 195 192.4 190.8 188 180.7 177.7 165.9 158.7 164.7 164 159 161.1 171.8 173 168.8 161.4 152.9 140.9 131.5 124.7 120 115.1 111.8 106.3 105.4 105.3 101.7 99.6 97 95 93.5 93.1 92.9 92.1 91.5 98.8 105.2 108.1 106.4 102.9 99.4 98 94
286 296.4 305.7 317.8 320.7 320.7 320.7 317.4 315.7 311.4 306.5 297.6 292.6 289.6 285.4 280.7 272.3 259.9 266.2 264.3 265.9 274 284.3 286.9 290.6 292.8 285.1 271.5 265 256.2 250.1 240 229.2 223.1 215 201.2 200.6 200.5 194.3 189.8 188.2 193.6 192 179.8 175.2 169.8 159 155.2 159.5 156.9 160.4 167.1 170.1 168.9 159.7 150.3 141.8 132.5 124.8 119.4 114.4 111.1 107.8 104.9 102.2 100.6 97.7 99 95 94 93.4 92.8 92.5 91.3 97.6 106 107.6 104.7 101 98.7 96.4 91.8
278 285.5 297.3 316.2 316.8 316 315.9 313.6 310.9 308.9 307.9 301.8 289.3 285.6 280.9 275.9 273.7 267.1 257.1 259 260.9 267.3 278.6 280.9 284.9 288.1 283.8 278.4 277.7 266.4 252.7 240.9 227.8 222.8 215.3 202 193.8 191.4 188.2 184.2 183.9 188.5 190.6 188.1 176.3 165.4 158.7 155.3 142.2 142.2 157.3 163.8 168.3 163.3 157.8 153.8 143.8 132.9 124.9 118.8 113.2 109.4 106.9 107.4 104.7 105.5 104.3 99.9 96.2 93.9 93.3 92.7 92.3 91.3 98.7 105 105.2 101.5 97.8 95.3 93.4 90.3
263.2 271.8 284.5 308.4 316.1 311.2 313.2 312 306 303.2 301.8 297.9 289.7 280.8 276.3 271.1 266.3 261.6 249 251.3 255.1 260.4 270.5 273.1 278.1 279.6 276.8 274.8 275.2 269.1 262.8 256.4 248.5 237.5 226.3 215.3 209.2 196 189.7 184.3 176.9 183.2 185.6 182.7 178.7 161.3 155.3 160 149.3 142.2 153.8 160.8 165.4 159.6 159.1 151.7 143.3 131.9 124.4 118.3 112.5 108.4 107.1 107 105.6 105.5 102.9 99.6 95.9 93.7 93.1 92.6 92.2 92 98 103.1 101.5 97.6 94.6 91.9 89.9 87.2
249.6 258.5 268.3 285.4 306.1 308.8 303.7 307.2 303.1 298.1 292.6 289.6 285.9 279.6 272.2 266.5 259 253.5 250.2 239 246.8 253 257.6 263.4 266.3 267.4 267.2 267.5 265.6 263.2 259.2 252 245.3 239.1 233.2 226.7 219.3 211.6 200.6 194.1 188.8 178.6 172.5 174.5 171.6 157.4 153.1 158.1 153.3 142.8 151 156.4 160.4 156.6 153.1 150.4 142.3 130.9 123.6 117.3 111.8 108.7 108 106.9 106.1 105.5 102.6 99.1 95.8 93.6 92.7 91.3 89.9 94 99.6 102 98.7 94.1 91 89 87.5 83.9
234.8 245.1 252.7 264.9 285.6 295.5 294.6 297 299.5 291.1 284.3 281.3 277 272.6 263.3 257.6 251.7 245.8 243.1 239.4 240.4 244.6 247.8 251.6 251.4 253 253.7 254.5 255.4 252.2 248.1 242.2 238 232.5 229.1 223.5 213.4 205.6 198 190.5 188.7 182.9 179.5 161.9 158.7 157.3 152 152.5 149 143.2 148.8 158.5 160.1 153 155.2 152.5 143.6 131.9 122.8 116.6 111.7 108.8 109.1 108.4 107.7 105.2 102.5 99.1 95.8 93.9 92.4 90.9 91 95.8 99.7 100 95.8 91 88.4 86.7 84.6 80.6
