data/230000-720000.asc
ncols 200
nrows 200
xllcorner 230000
yllcorner 720000
cellsize 50
[rows 105 to 139 of 200, columns 0 to 77 of 200]
633.8 628.8 629.2 632.9 638 640 640.7 643.1 642 646.8 646.5 649.4 650 648.4 657.8 659.3 656.3 667.3 665 659.9 660.2 651 640.3 626.3 613.7 598.7 582 555.5 539.7 527.4 518.8 497.8 497 492.5 482.6 479.7 477 472.7 467.5 464.5 458.3 454.2 447 442.8 437.5 429 422 414.4 408.3 406.7 405.3 405.7 406.3 413.9 416.6 416.5 423.2 425.3 434.6 447 460.8 467.6 478 499.3 515 522.5 531.3 541.5 543.9 542.3 542.9 548.1 559.1 560.6 561.5 555.5 549.8 544.1
632.2 627.4 622.7 628.9 633.8 635.1 637.2 637.9 639.3 639.8 642.4 644.5 645.8 646.1 645.3 643.6 639.8 644.9 640.2 638 638.9 629.9 623.4 602.8 589.1 574.3 549.2 536.9 519.5 508.5 498.3 487.1 483.9 478.9 472 469.6 470.3 472.4 469.3 465.8 459.4 451.8 446.5 443.7 439.2 429.5 424.5 418.2 411.6 408.4 409.4 412.8 413.8 415.3 421.2 423.3 423.7 427.5 443.5 454.9 458.3 459.9 484.7 503.5 514.8 522.3 527 536.9 539.5 534.6 533.8 537.1 545.7 547.7 543.8 540.7 533 524.5
626.7 620.4 619.7 625.2 628.9 630.9 632.5 633.6 635.2 633.1 632.3 634.5 633.4 632.8 633.9 630.1 628.4 627.8 625.5 621.7 616 609 591.1 577.7 566.4 550.8 532.5 516.2 502.6 493.5 490.1 475.6 472 466.3 462.2 464.4 468.1 469.5 470.7 469.3 467.8 459.3 448.2 445.8 439.6 428.6 424.1 420.8 419.5 421.8 409.4 411.4 413.1 419.1 423.9 426.3 428.6 431.2 443.9 455.4 454.2 466.1 488.9 507.5 516.9 521.8 526.1 530.9 531.8 531.8 524 523.9 530 527 523.2 520.2 514.9 503.8
620.9 614.6 617.4 620.5 622.7 626.2 627.2 627.8 627.2 628.6 629.7 629.2 627.9 626.3 623 624.7 620.1 618.5 611.7 600.4 594.6 582.3 566.3 554.5 545.7 529.1 514.6 503.8 492.1 484.4 478 465.1 462.2 458.6 462.7 467.2 466.4 472.8 474.8 476 473.6 462.8 455.1 445.4 443.5 438.9 432.3 421.8 415.5 413.1 410.5 414.1 420.6 426.3 432.2 428.4 436.9 443.2 452.9 454.4 456.9 470.9 483.8 503.1 518.5 521.2 522 523.9 525.1 518.1 512.4 513.6 516.7 513.7 512 507.6 501.1 489.5
617.4 608.6 613 616.7 617.4 620.2 623.2 625.4 623.9 626 623.3 620.5 617.9 617.2 616 615.5 609 600.7 590.8 582.2 570.2 560.6 546.8 536.6 524.4 513 503.5 496.7 485.8 474.8 466.3 457.2 454.7 459.1 463.7 468.3 471.6 470.3 474.3 476.9 474.2 466.3 458.7 454 457.3 453.2 448.8 440.2 426.6 417.7 418.5 422.9 423.3 423.3 425 425.8 434.5 447.8 456.6 457.5 461.4 472.7 481.9 510.7 535.3 524.4 518.8 519 519.5 509.3 506.7 506.5 506.7 504.6 505.8 502.3 498.9 491.9
616.4 606.6 609.9 611.3 612.4 616.7 619.9 621.4 619.1 614.5 611.8 610.1 607.1 603.1 601.6 604.4 597.9 588.9 578 566.4 555.5 543.2 534 525.4 516.9 503.7 494 489.4 476.4 470.2 456.8 451.4 452.2 459.3 462.5 468.4 475.9 472.9 471 471.3 471.5 467.6 461.5 463.4 461.5 459.6 450.5 438.9 437.3 435.7 430.1 433 427.7 435.3 433 435.6 441.8 450.6 460 460.4 467.9 476.8 480.6 491.6 517.2 518.7 511.3 518.9 525.3 504.7 501.6 500.6 494.6 495 497.4 501.2 498.4 489.2
614.7 606.4 601.3 605.4 608.6 610.6 610.5 611.4 611.6 610.1 605.2 602.9 600.7 596.4 594.7 593.5 592.9 583.3 569.5 557.8 544.4 534.7 527.4 519.7 509.9 497.8 485.5 478.4 464.4 458.4 448.2 448.1 453 457.3 461 467.7 474 477.4 479.4 481.7 477.7 470.8 467.5 464.9 459.5 458.6 457.8 450.6 442.9 441.1 438.2 439.2 439 436.5 444.6 449.7 457.3 463.5 466.1 467.5 482.9 478.9 483.6 484.2 509.1 506.2 496.1 508.3 517.4 490.4 491.9 492.3 490.9 489.8 492 495.1 487.1 477.1
610.2 604 592.9 597.3 600.8 602.1 603.8 606.1 603.6 601.7 602.3 600.8 598.6 594.2 591.8 587.9 586.4 575.6 561.3 551 534.8 522.4 518.5 510.1 499.5 488.7 477.8 463.9 454.3 449.7 445.7 449.8 453.6 466.1 467.4 472.3 473.9 480.4 485.1 485.4 484.9 481.2 475.1 470.6 468.3 469.2 468.4 468 457.1 455 451.1 450.2 451.6 446 457.8 464.8 469.5 470.5 472.1 472.3 474.1 474.9 473.2 480 489.8 480.2 485.4 490.1 491.1 483.4 484.1 488.6 488.8 486 487.3 485.8 473 461.9
602.4 596.9 594.3 588.2 593.7 595.6 597.2 601.2 602.6 600.3 598.4 594.6 595.2 590.1 587.5 583.5 574.2 567.3 556 543.3 529.2 515.3 505.6 502.7 491.8 481.1 468.2 463.1 448.1 441.8 442.3 444.2 451.5 463.5 465.3 472.1 480.3 483.1 485.6 488.7 489.5 489.5 485 482.3 480.3 480.4 475.5 472.9 471.3 469 464.3 462.6 455.6 462.5 472.6 480.5 476.7 474.7 483.3 476 468.7 467.6 466.3 475.6 476.3 474.1 478.2 482.5 482.6 481 480.4 483.7 482.9 483.9 478 474.9 462.4 452.5
593.9 589.5 584.8 579.7 587.4 591.3 592.3 593.9 600 600 596.8 586.3 583.7 580.6 577.6 573.6 566.9 558.4 549.7 536.4 521.6 509.6 498.5 491.3 485.5 474.5 461.5 451 442.8 433.4 437.2 446.7 456 458.2 461.6 471.9 481.7 487.6 489.1 488.1 490.8 494.7 493.9 494.2 492.7 486.5 482.2 476.9 478.8 479.3 476.4 469.7 462.5 461.2 473 479.7 473.2 476.5 486.7 470.8 465 463.9 464.9 464.8 465.9 474.2 471.3 479.2 480.1 479.5 481.1 476.6 468.4 470.6 470.7 466.3 453.6 445.1
582.1 579.6 580.2 578.8 582.8 583.2 582.2 581.5 582.4 584.3 584.5 580 579 576.3 569.9 566.9 559.6 550.9 541.2 527.7 518.1 502.6 492.1 478.6 476.2 467.7 451.4 442.1 431.3 427.2 432.6 447.4 446.4 450.5 460.5 474.1 480.6 487 493.3 493.9 497.1 493.7 496 495 494.2 491.6 491.6 490.4 490.3 487.7 483.4 476.5 473 469.4 470.6 475.4 476.3 478.6 477.7 467.4 463.3 461 462.5 462.2 461 464.2 465.3 470.6 474.8 480.2 482.4 476.8 466.9 461.5 464.3 457.9 445.7 440.5
572.1 572.1 571.4 570.8 578.3 578.5 579 577.9 580 583.3 580.8 577.7 571.2 574.4 569.1 562.9 555.4 547.3 537.4 525.4 513.6 499.9 485.9 476.4 466.3 461.4 449.5 433.5 425.9 417.8 428.9 436.1 438.5 444.9 462.9 476.1 480.8 487 500.5 498.9 501 498.5 503.6 502.5 505.7 501.5 496.7 499.3 501.6 498 495.4 491.9 490 480.9 477.3 480.1 482.7 479.9 473.8 468.2 463.7 461.1 461 463.8 466.8 459.9 464.6 462.7 462.7 467.6 479.1 479.4 464.4 456.1 456.9 448.5 439.5 436.1
568.8 569.4 566.5 567.6 572.3 572.9 573.9 574.6 576.9 576.6 578.1 573.8 567.4 565.2 564.4 561.2 551.8 543.2 531.3 520.3 507.8 493.2 478.6 464.7 453.4 447.7 438.5 430.3 419.5 413.7 423.9 429.5 432.7 440.8 457.8 468.6 482.5 492.7 499.2 501.5 506.2 506.5 510 510.3 509.2 509 514.1 517.6 515.6 508.8 501.8 495 492.4 488.8 488.5 494 492 486.1 477.5 471 466.8 462.4 462.5 471.3 464 452.9 458.8 460.5 456.4 461 467.6 462 457.1 448 447 440.4 441.7 433
564.9 560.4 559.1 560.4 566.5 567.9 568.3 567.8 568.4 569.5 571 569.2 565.5 559.9 557.5 552.6 546.1 535.8 524.9 514.9 499.3 487.6 473 457.3 445.2 440.3 428 422 413 408.7 418.6 422.1 426.2 436.7 452.8 464.9 483.2 493.8 502.9 504.8 508.4 512.6 514 518.6 518.3 516.2 525.8 530.2 529.5 526.4 511 504 503.8 502.5 499.9 500.2 500.2 495.1 487.1 480 473.5 467.1 462.3 462.5 453 448.5 452.4 454.8 449.1 452.5 455.6 450.3 449 438.4 433.8 428.2 427.8 427.8
559.1 558.9 558.4 561 564.6 563.4 564.3 566.4 565.7 566.4 566.3 566.8 562.7 555.2 556.8 556.8 542.2 530.9 519.7 506.6 493.8 480.5 465.8 448.4 436.2 433.8 423.8 412.7 406.2 402.7 410.3 414.4 422 436.1 445.3 461.5 481.1 491.4 500.4 507.3 511.9 518.5 520.1 524.3 526.5 531.2 542.6 543.5 544.5 537.2 520.7 513.8 517.9 515.9 512.1 511.6 512.1 503.6 510.3 482.6 476.4 470.3 462.4 456 457.3 450.2 445 445.7 445.5 445.8 445.4 443.1 436.2 430.5 425.8 421.6 415.3 408.6
561.7 559.1 553.6 553.4 559.2 560 560.5 564 561.8 558.5 555.9 553.3 550.5 546.9 544.1 546.5 537.1 528.1 518.1 504.8 488.7 473.6 460.5 445.4 433.1 423 416 406 399.3 395.9 405.5 418.2 427.5 435.5 442.1 454.8 475.1 489.1 496.1 506.1 511.9 522.4 524 524.3 530.6 547.9 563.8 561.2 566.3 550.5 529.8 529.5 535.7 533.3 524.9 523.1 520.8 511.3 510.5 484.2 479.4 472.3 464.4 455.9 451.8 448.6 444.8 443 447 449 442 436.9 432.6 426.2 419.7 419.2 415.5 408.2
565.8 559.1 549.8 548.9 552.7 553.3 553.7 554.2 554.5 553.5 550.7 548.2 545.3 541.6 536 532.7 530.8 524.6 512.7 498.6 484.4 471 460.3 448.3 435.1 416.4 406 400.3 395.3 394.4 403.8 413.5 421.9 430.9 438.1 449.5 472.6 488.6 496.1 504.6 514.2 524.7 528.2 525.9 532.4 560.8 565 574.3 573.7 552.8 541.6 543.1 557.3 553.6 534.8 533.4 526 510.4 501 491.1 486.4 484.9 457.2 448.2 446.8 445.6 444.9 444.6 442.4 450.3 445.4 441.1 438.7 432.8 423.9 418.8 415.8 410.7
557.4 548.5 546.2 546.8 549 549.6 548.3 552.7 554.7 555 547.9 543.2 542.9 541.7 535 526.5 523.5 509.5 502.8 491.1 478.3 467.8 455.7 441.1 430.5 411.6 401.8 396.1 392 394.7 404.6 407.7 410.5 424.2 434 444.9 465.4 482.3 499 507.4 518.7 525.6 532.4 532.3 536.4 561.1 570.5 574 572 556.4 552 554 571.1 569.5 550.1 535.6 527.5 515.9 505 496.1 492.4 490.9 464.6 448.4 446 445.1 443.6 442.4 441.7 445.9 441.1 432.2 427.9 431.5 419.1 413.5 408.6 405.6
552.2 543.7 541.9 543.6 548 548.5 544.8 542.7 541.7 540.6 539.1 538.8 538.9 534.9 528.3 519.4 513.2 502.9 493.1 482.1 479 462.2 443.4 439.8 424.3 407.4 398.2 392.7 386.3 389.4 398.8 404.9 404 414.3 428.3 446.8 464.4 482.5 493.8 503.6 518.7 529.5 536.7 533.8 540.5 560.2 571 572.7 573.3 560.5 565.2 566.7 571.9 576.8 555.1 542.6 529.1 529.8 503.9 497 485.1 473.7 463.4 451.4 448 445.4 445 446 445.8 441.8 434.4 429.4 428.5 423.3 410.7 406.2 401 395.7
544.7 539.5 540.8 539.2 542.9 541.8 541.1 535.6 536 535.4 532.5 530.6 527.9 524.1 520.7 516.9 511.2 506.4 494.9 487.1 476.1 464.2 448.2 425.5 420.1 407.5 395.7 389.5 383.1 382.1 391.1 396.1 397.2 408.8 429.9 450.8 463.6 480.1 490.8 496.8 513.7 522.8 538.6 533 545.4 559.7 570.1 572.7 574.4 570 574.4 570.4 568.8 569.9 548.7 543.1 528.5 520.2 502.5 505.3 491.6 473.7 461.7 459.4 452.4 449.3 449.3 448 448.5 443.1 433.5 431.9 426.8 421.8 409.1 398.4 393.2 392
544.5 539.5 538.8 539.9 537 536.3 538.8 537.5 529.9 531.5 528.3 523 518.8 517.9 515.4 510.9 503.4 493.5 491.1 480.4 465.5 457.4 444.6 422.6 418.1 407.8 396.2 386.6 381.1 374.2 380.6 390.4 392.2 408.8 435.8 453.9 461.6 476.2 488.9 493.5 510.5 517.8 526.1 532.9 546.8 558.9 568.5 574.6 566.5 572.8 570.6 565.2 562.6 554.6 539.9 532.5 523.6 516.5 502.5 501 489.2 479.4 475.3 469.8 460.8 453 450.2 445.5 440.8 433.9 430.2 427.4 425.1 416.7 404.6 397 396 392.6
547.7 544.3 540.3 539.2 542.3 536.8 535.7 535.2 527.1 524.6 523.7 520.6 517 514.1 509.9 503.9 496.9 491.8 480 469.7 460.1 447.3 434.1 417.3 405.6 399 393.3 385.7 378 371.5 374.8 380.5 394.1 408.8 430.3 447.4 455.6 467.5 484.5 491.3 506.7 513.3 520.4 532.9 548.7 559.9 569.5 572.5 568 575.8 575.3 564.1 559.6 551 536.6 526.4 518.8 513.2 505 498.1 496 493 487.3 477.6 470.8 450.9 446.2 439.4 435.6 434.5 437.5 421.6 416.4 406.8 405.5 404.6 408.3 407.7
552.9 550.6 542.7 541.7 543.9 536.7 528.2 526.9 523.1 521.6 518.2 516.4 514.4 511.2 511.3 507.6 498.6 489.8 479.9 471.4 459.5 444.8 432.4 422.2 410.4 394.7 385.5 379.7 375 371.5 368.3 379.1 392.2 404.7 416.9 441 444.6 459 472.2 487.9 500.9 507.1 516.1 536.2 552.4 567.1 572.2 571.1 569.3 575.9 572.2 561.2 554.9 544.3 536.6 524.3 512.5 511 511.7 503.8 497.4 494.8 488.8 478.1 467.8 451.8 446.1 440.1 437.1 436.2 428.5 418.4 414.4 413.5 412.6 412 411.2 406.2
551.6 544.3 537.7 533 533.7 528.4 522.3 522 518.9 515 513.5 511.3 508.7 506.6 504.6 499.4 493.4 484.5 478.1 466.4 457.5 443.8 426 419.6 404.6 394.4 384.2 374.8 370.8 368.6 367.6 375.2 389.3 398.4 405.4 425.9 433.3 449 464.5 484.9 497.5 502.9 512.4 530.4 552.3 568.8 573.5 571 580.1 580.5 571.4 560.9 551.6 545.4 535.4 528 520.5 515.9 509.1 496.6 490.8 485.7 481.6 472.8 467.4 455.9 454 451.2 444.5 435.4 429.5 427.2 423.6 421.3 419.3 416.2 411.9 408.6
538.9 531.7 528.4 525.5 526.8 521.4 521.2 519.2 520.2 512.6 509.2 509.5 507.3 501.4 496.8 491.5 485.5 482.2 472.2 464 451.4 437.5 420.5 407.1 396.7 389.3 378.9 370.3 365.8 363 364.9 369.3 378.5 388.9 396 410.2 420.9 436.5 452.7 474.4 483.5 498.8 506.6 524.7 537.7 557.7 569.9 569.7 580 580.8 571.9 562.1 555.8 553 540.2 535 531.9 525.6 513.9 506.2 499.1 490.3 481.2 474 465.7 466.4 460.9 456.3 451.1 444.3 439.8 435.8 428.7 424.6 419.6 413.8 411.3 406.5
533 529.9 525.1 520.6 521.3 518.5 516.8 515.1 513.8 512.6 506.4 502.6 503 500 493.2 489.8 490.1 478.1 465.3 455.8 447.7 431.7 418 403.8 392 384.3 372.8 365.8 359.3 356.4 357.9 360.9 369.6 381.1 388.8 398 414 425.8 443.4 463.8 469.5 485.7 502 519.2 529.3 541.3 562.1 571.7 578.4 579.3 579.1 567.9 563.8 556 545.3 544.2 535 529.4 524.8 518.5 507.4 495.5 487.8 480.4 469.5 469.3 464.7 459.5 453.6 447 439.4 432.7 428.1 424.7 421 416.5 410.8 407.3
526.8 521.1 520.5 518.6 519.1 518.7 521.1 523.3 513.8 508.4 502.2 500.7 495.4 492 486.1 483.7 479.3 471.3 461 446.8 437.6 428.9 416.8 404.9 388.9 376.7 372 362.2 353.3 349.2 351 356.3 361.8 372.9 381.5 390 404.6 415.4 429.9 447.4 455.7 473.8 499.2 512.7 520.2 538.9 556.5 570 578.1 582.8 581.6 571.1 564 553.6 552 548.9 542.3 528.8 516.7 505.3 491.9 485.3 479.8 474.9 473.9 470.5 467.1 463 456.4 450.3 443.7 439 433.9 428.9 421.7 417 410.6 404
524.5 519.3 518.6 519.9 522.7 521.2 524.7 519.7 517.3 513.7 510.9 507.4 502.2 498.3 494.1 488.2 481.4 472.5 461.2 446 432.4 416.4 404 389.5 371.1 366 363.2 357 349.3 344 342.9 351.6 355.7 364.7 374.6 384.6 395.6 406.3 419.4 435.6 451.5 465.4 489.8 499.7 510.8 531.5 558.4 568.3 584.1 583.1 581.5 576.8 563.3 551.1 546.2 543.2 531.1 516.3 504.4 498.1 495.9 489.2 483.6 479.1 477.2 474 470.2 466 460.8 452.3 446 440.3 434.9 429.6 426 420.1 413.7 409.2
522.5 518.9 518.6 522.5 523.8 522 522.8 520.8 519.1 516.3 512 507.7 504 501.3 497.2 491.9 485.7 475.2 463.1 449.8 437.6 420.1 407.6 391.2 376.1 361.3 355.8 352.2 346 337.8 338.9 347.1 350.9 354.2 364.1 376.9 389.9 398.7 419 431.8 445.4 461.5 471.8 487.8 502.8 530.9 554.1 564.3 574.4 568.6 564.4 561.1 554.3 548.6 544 537.1 527.3 519.1 508.9 504.3 499.1 494.9 488.3 484.8 480.1 475.7 472.7 468.7 462.4 456.8 450.1 444.1 438.3 432.1 427.9 423.4 418.6 412
521 518.6 522.2 526.2 524.1 523.1 520.7 518.2 516.2 515.2 512.3 509.7 509.2 501.8 495.8 492 487 477.4 465.8 452.9 437.7 420.9 407.9 396.3 382.1 361.6 345.4 344.9 340.7 332.8 330.2 338.6 341.6 345.8 355.3 367.2 380.7 391.8 406.1 422.7 436.8 451.3 462.9 474.5 490 520.4 542.7 544.3 554.3 555 557.2 555.1 551.5 546.6 546.1 538.1 532.6 529.6 516.8 518.2 512.3 507.1 497.5 486.2 482.7 477.2 475 471.1 465.1 459 451.1 446.5 441.7 435 429.3 422.6 419.7 412.3
520.4 527.1 529.6 527.8 523.4 518.5 518.2 517.2 521 518.9 516.5 507.1 504.7 499.9 498.2 495 488.9 481 468 454.1 441.2 424.2 406.9 393 381.4 368 351.6 332.3 332.7 327.9 326.7 328.6 332.8 337.1 345.5 356.5 371.2 381 393.5 407.2 427.8 441.1 454.1 464.5 480.1 506 527.2 539 551.3 550.3 553.7 560.7 556.5 550.4 549.5 540.3 538.3 536.1 528.3 528.3 519.2 510.2 503.9 492.5 485.9 479.8 475.4 471.5 466.1 460.4 454.1 448.2 442 438 428.9 422.6 419.4 413.1
521 525.1 519.7 519.8 517.7 515 518.3 518.8 519.5 511.3 508.6 503.2 501.2 500.8 501.3 493.7 485.8 480.7 469 453.2 438.3 420.1 404.8 392.1 380.7 367.5 357.7 342.7 333.2 324 318.5 323.5 326.1 331.3 337.3 347.6 359.5 371.7 384.4 395.1 415.7 430.8 444.7 456.1 469.2 496.7 514.4 524.5 543.6 549.4 555.9 558.6 556.2 552.5 548.2 551.9 551.8 547.2 539.7 532.1 521.8 512.1 503.4 494.4 483.1 480.6 475.8 471.6 466.8 460.3 453.9 448.6 442.8 436.6 431.3 426.2 419.3 414.1
520.5 519 519.3 517.6 514.4 511.9 512.1 514.6 511 510.5 506.5 503.2 501.4 501 495.6 493 489.7 486.2 475.7 455.1 438.7 423.6 413.1 398.3 383 369.5 358.4 348.1 335.4 327.9 320.6 315.1 319.8 325.3 328.6 340.2 349.4 361.1 373.4 386.2 403.2 421 435.4 444.7 453.5 481.6 488.5 499.9 527.6 551 559.6 563.8 553 549.2 549.5 550.6 554.1 550.5 541.4 532.1 522.4 513.1 502.4 494.4 482.8 477.2 474.3 472.3 466.8 460.3 453.8 448.1 443.2 438.1 432.7 426.9 419.8 413.3
515.5 515 516.2 516.6 514.6 512.1 511.7 511.7 507.9 505.9 502.1 498.4 497.5 498.6 502.1 494.9 489.1 484.7 475.3 453 440.4 424 414.4 395.8 382.5 367.8 355.3 349.3 340.2 330.4 321.7 315.7 307.2 313.5 319.6 326.9 335.8 346.7 360.8 370.8 389.6 407.8 427.1 436.2 438.7 445.1 466.3 482.6 520.7 544.4 550.3 556 548.6 544.3 545.6 545.8 547.7 543.5 533.7 526.5 512 496.2 490.9 484.2 478.6 475.2 472.3 470.1 465.2 460.2 453.7 447.7 442.7 437.1 431.6 427.1 419.7 411.8
510.5 509.8 512.6 513.4 513.8 512.3 509.2 505 505.3 503.7 498.1 495.5 492.1 493.8 492.5 487.8 484.2 474.4 465.4 451.1 441.1 426.5 414.7 401 386.2 373.1 358.6 349.1 341.3 331 324.4 317.8 312 305 312.9 319 324.6 338.4 349.9 359.2 377.7 394.3 410 422 418.3 431.4 451.2 472.4 500.6 525.3 529.5 536.3 535.3 530 533.9 527.7 531.5 523.7 521 512.3 503.9 495.3 490.4 482.6 477.7 474.4 471.1 467.6 462.8 457.7 452.7 447.2 442.1 437.7 432.9 425.3 416.7 408.9
