data/230000-230000.asc
ncols 200
nrows 200
xllcorner 230000
yllcorner 230000
cellsize 50
[rows 140 to 174 of 200, columns 78 to 155 of 200]
303.8 303.7 303.4 302.6 301.6 300.6 299.5 298.1 297 297.1 297 295.7 294.3 293.1 291.9 290.4 289 287.5 285.8 283.7 281 278.3 273.9 273.8 272.9 271.9 270.7 268.9 267.2 264.9 260.9 256.6 252.7 248.8 236 213.8 196.9 211.2 225.2 238.1 242.8 245 245.3 243.8 242.5 239.1 235.9 233.8 236.2 249 253.8 258.2 261.8 264.7 267.6 270 271.5 272.9 274.4 275.1 274.6 273.8 271.6 269.5 267.5 265.5 262.4 260.5 259.9 259.8 259.7 260.1 258.9 257.8 256.7 255 252.3 246.6
302.7 303.7 303.4 303 302.1 301 299.6 298.1 297.9 297.4 296.5 295.3 294.1 292.9 291.7 290.8 290.4 289.2 287.9 286.2 284.5 281.7 279.9 278.9 277.4 275.9 274 272.2 270.4 268.3 265 261.1 257 253.9 246.3 224.7 202.5 200.5 211.4 229.1 239.6 240.3 240 238.6 228.9 223.1 220.5 233.2 244.1 250 255 258.7 262.3 264.4 266.5 268.3 269.7 271.1 272.4 273.2 272.5 271.6 269.8 267.6 265.4 263 260.5 257.8 257.1 257.3 257.6 258.2 257.3 256.3 254.2 252.9 250.1 243.6
301.4 302.8 303.3 302.8 301.9 300.8 299.6 298.7 297.8 296.5 295.1 294 293.2 292.4 291.5 290.8 290.3 289.9 289.5 288.4 286.8 285.4 283.9 282.4 280.9 279.2 277.3 275.4 273.6 271.6 268.7 265.2 261.3 256.1 253.1 238 214.9 195.8 200.1 212.5 225.2 234.1 234.3 222.7 210.5 217.1 234 243.5 248 253.1 256.6 259.7 260.9 262.8 264.8 266.2 267.6 269 270 270.7 270.6 269.1 267.6 265.5 263 260.3 257.7 255.4 254.5 255.4 256.8 256.9 255.8 253.7 251.5 249.9 247.3 239.3
300.3 301.3 301.1 301.8 301.3 300.3 299.1 297.4 295.6 294.2 292.8 291.9 291.1 290.5 290.2 290.1 290.5 290.4 290.2 289.5 288.7 287.9 287 285.8 284.3 282.4 280.4 278.8 276.8 274.9 272.3 268.7 264.6 260.2 256.4 249.6 230.2 209.9 194.3 198.3 206.3 217.7 219.2 203 213.4 227.8 238.7 244.9 250.2 254.1 258.2 260.6 261.7 262 262.4 263.8 265.2 266.7 267.6 267.8 267.3 265.9 263.7 261.6 259.6 257.2 255.1 253.3 252 253.4 255.1 255.4 254.1 252.2 249.4 244.4 238.5 230.4
299.8 300.7 300.9 300.1 300.4 299.6 298.3 296.6 294.7 292.9 290.8 289.6 289 288.8 288.2 288.1 289.3 290 290.7 290.3 290.2 289 287.8 286.9 285.7 285.1 283.4 281.9 280.2 277.4 274.4 270.9 267 262.7 258.6 253.4 245.6 230.3 211 193.6 194.7 198.1 196.4 201.7 217.6 234.9 240.7 246.3 252.1 257.3 259.9 260.7 259.9 259.1 259.8 261.2 262.6 264.2 264.8 264.6 264.1 262 259.6 257.4 255.4 253 251.8 251.4 246.3 251.9 253.1 253.9 252.4 250.6 246.9 238.5 231.6 222
299.2 299.6 300 299.6 299.7 298.8 297.5 295.9 294 292.1 289.8 286.8 285.5 286 286.1 286.3 288.1 288.9 289.6 290.4 290.4 289.7 288.8 287.9 286.9 286.3 285.8 283.7 281 278.3 275.7 272.2 268.6 263 259.3 254.3 248.3 243.3 231.6 216.2 198.3 190.8 190.8 202.3 221.7 234.7 239.9 247.1 254.7 258.4 259.4 257.9 257.1 256.1 257.1 258.5 260.1 261.7 262.4 261.8 260.9 258.2 255.5 253.2 251.2 248.5 248.8 248.5 248.3 250.2 251 252.2 251 249.2 244.9 236.9 224 212.9
298.1 298.5 298.9 299.1 298.5 297.6 296.7 295.1 293.3 291.4 288.8 285.5 282 282.1 283.8 284.6 286.6 287.7 288.8 289.7 289.7 290 289.8 289 288.1 287.4 286.1 283.7 281.7 279.1 276.3 272.4 268.2 263 259.1 255.1 249 243.6 235.6 224.1 208.1 201.4 194.5 195 215.6 233.4 238.8 245.5 251.9 254.7 255.9 255.5 254.1 253 254.4 255.9 257.5 259.2 259.5 259 257.8 255.6 252.9 249.3 245.2 243.2 243.7 237.3 246.9 249.2 250.2 250.5 249.6 247.8 244.6 235.5 222 209.5
297 297.3 297.7 298.3 297.3 296.4 295.5 294.4 292.6 290.4 287.7 284.1 279.9 277.9 279.5 282.5 284.9 286.5 287.4 288 288.4 288.9 289.4 289.8 289 287.7 285.9 283.5 281.4 278.8 274.7 270.8 266.7 261.6 256.7 251.6 247.2 240.6 232.5 223.2 213.1 208.3 198.5 189.8 206.7 226.7 236 241.7 246.4 249.5 250.3 249.9 249.5 249 251.1 253.9 255.4 256.3 256.6 256.4 254.8 251.9 245.4 243.4 231.5 225.2 237.1 243.5 247.6 249 249.9 250.5 249.2 246.9 242.8 233.8 218.1 205.4
297.8 298.1 297.7 297.3 296.3 295.1 294.3 292.9 291.4 289.4 286.9 283.5 279.1 274.9 275.6 279 281.9 284 285.4 286 286.6 288 288.5 289 289 287.8 285.8 283.4 281 277.1 273.1 269 264.8 259.7 256 251.8 242.2 234.7 229 221.7 214.4 207.6 196.8 184.9 201.6 216.4 229.2 235 239.3 241.2 242.7 243.5 243.3 244.2 247.6 249.9 251.6 252.9 253.2 253.3 252.1 238 225.4 219.6 226.4 239.8 243.1 246 248.5 249.5 250.6 250.4 248.6 246.5 241.5 231.6 215.2 203.3
297.9 298.2 297.7 296.5 295.5 294.3 293 291.3 289.7 288.1 285.7 283.8 279.7 275.7 269.7 275.7 278.5 280.5 282.5 283.9 284.7 286 287.3 288.2 288 287.1 285 282.5 279.1 275.6 272.8 268.8 264.8 260.6 257.7 254 247.8 242.5 232.6 223.2 220.1 215.6 214.1 191.1 192.2 206 215.9 224.6 227.5 230.9 235.4 236.9 235.1 236.8 243 245.1 246.4 247.9 249.1 247.5 235.2 219.7 202.7 225.8 242.5 244.1 246.4 248 249.3 250.5 250.4 249.5 248.2 245.2 239.7 232.3 218.1 202.5
297.9 298 297.3 296.1 294.5 293.3 291.2 288.6 287.5 286.4 284.6 282.3 278.5 275.2 267.5 271.7 274.9 276.9 278.9 280.6 282.8 284.3 285.7 287.1 286.7 285.9 283.7 280.3 277.8 275.6 273.7 269.7 265.7 263.2 259.8 255.2 250.2 243.5 235.3 226.7 220.5 219.3 218 202.6 183.3 193.3 202.9 213.2 216.3 219.9 225.6 228.1 225.3 225.3 231.5 235.8 238.2 239.8 240 233.7 216.9 198.4 212 237.4 244.4 246.3 247.5 248.1 249 249.2 249.1 248.7 246.5 244.2 239.9 232.4 221 204.1
297.8 297.6 296.8 295.2 293.6 292.1 289.4 286.7 284.7 283.6 282.3 280.1 277 274 267.9 267.7 271.1 273.2 275.3 277.5 280.5 282.5 283.9 284.7 284.6 284.5 283 280.9 278.8 276.3 274.4 270.6 267.6 264.9 261.1 256.1 251.3 244 233.7 224.9 218.5 214.8 208.8 196.9 186.2 184.4 190.6 197.5 205.2 206.3 209.6 213.6 207.7 204.8 207.4 213 217.6 224.5 229.1 220 199 197 219.3 240.6 243.6 245.2 246.6 247.6 248.2 248.1 248 247.4 245.4 243.1 239.6 232.6 221.3 205.4
297.2 297.2 296.1 294.2 292.6 290.3 287.6 284.9 282.5 280.7 279.5 277.5 274.2 272.3 268.6 262.6 267.3 269.7 272 275.1 278.1 280.4 281.8 282.1 282.1 282.2 281.2 280.3 278.9 276.9 274.8 272 268.8 265.6 261.9 257.7 252.4 244.4 232 223.8 216.1 209.9 202.4 202.5 201.3 191.4 181.2 183.1 185.7 184.9 182.8 192.7 187.8 181.1 184.3 188.2 192.4 198.5 207.5 210.4 184.8 197.2 224.1 238.3 241.3 243.3 245 246.3 246.7 247.1 247 246.1 244.5 242.1 238.6 232 219 203.6
296.1 296 295.1 293.4 291.2 288.4 285.6 283 281 278.9 276.9 274.6 272 270.1 268.1 260.1 262 266.6 269.6 272.6 275.7 277.6 278.7 279.5 279.7 279.8 279 278.4 277.9 276.6 274.4 272.3 269.5 266.3 262.7 258 253 246.1 227.2 229 226.1 224.8 223.6 224.2 228 218.9 206.8 193.2 184.2 182.9 177.2 170.5 170 168.3 164.5 163.5 165.4 172.7 185.4 184.4 176.3 195 225.1 234.1 238.3 240.2 243 244.2 244.8 245.3 246 244.7 243.3 240.8 236.7 228.7 213.3 194.1
294.4 294.2 293.2 292 290 286.8 283.7 280.9 278.5 276 273.6 272.8 271.2 269.4 266.7 262.4 257.5 264.8 268 270.8 273.4 274.6 275.6 276.2 277 277.8 277.3 276.7 275.8 275 273.7 271.7 269.6 266 262.1 258 250.2 238.6 243.4 243.8 241.7 243.9 243.6 244.4 245.1 244.5 235.6 215 204.1 203 194.9 187.7 188.9 187.3 183.7 184.6 176.8 161.6 160.8 169 180.9 205.4 225.3 231.2 235 237.6 240.5 241.6 242.6 243.4 243.6 242.5 241.1 237.3 233.4 221.5 204.7 184.2
292.6 292.4 291.3 289.7 288.2 285.7 282.7 279.8 276.3 272.7 269.8 270.3 269.2 266.3 264.9 261 252.5 261.9 265.8 268.3 270.5 271.6 272.4 273.1 273.9 274.6 275 274.6 273.7 272.8 272.1 270.8 268.8 266.1 261 257.1 257 256.8 256.6 254.1 257.6 259.9 260.9 261.3 261.2 259.3 251 234.7 230.9 226.4 220.8 216.6 217.2 218.4 220.7 216.8 199.7 175.9 159.7 170 191.2 209.5 221.6 227.5 231.6 235 237.7 239.5 240.4 241.2 241 239.8 237.5 233.9 228.3 212.3 192 183.1
290.6 290.5 289 287.5 285.9 284.4 281.7 279.3 275.8 272.2 268.6 265.4 265.5 262.4 260.1 257 249.4 259.7 262.9 265.1 266.8 267.8 268.6 269.8 270.8 271.4 271.9 271.5 270.9 270.7 269.9 269.2 267.9 264.9 263.6 262.9 263.4 264.4 265.5 267.5 269.5 271.6 271.9 271.4 269.2 265.9 261.8 244.7 251 248.3 244.5 241.5 237 235.4 233.1 229 211 184.2 163.8 157.4 179.2 198.2 216 223.5 228.8 232.7 235.3 237.4 238.2 238.3 237.8 236.6 234.6 231.4 222.9 203.3 181.5 186
288.5 288.5 287.8 286.1 284.5 282.9 281 278.3 275.3 271.8 267.4 263.7 260.7 256.8 252.6 249 246.5 255.9 259.4 261.7 263.2 263.8 264.2 265.4 266.5 267.6 267.9 268.3 267.7 267.2 267.8 267.7 267.4 267.5 267.4 267.4 268.9 270.7 272.4 275.6 278.6 279.3 278.1 276.4 273.4 270.6 267.3 261.8 260.4 256.5 252.5 249 245.9 242.9 239.3 233.5 221.7 195.4 172 155.6 166 186.5 204.4 219.7 226.5 231.5 233.6 235.4 236 234.8 234.4 233.4 231.2 228 212.8 187.3 179.9 192.3
286.5 286.4 285.8 285.1 283.8 281.9 280.2 278.1 275.1 272.3 268.8 267.4 266.9 265.1 262 257.9 249.9 249.1 255.7 257.6 257.6 259.2 259.6 260.8 261.8 263.2 263.9 264.5 264.5 263.8 265.1 266.9 267.6 268.9 270.2 271.8 273.3 275.5 277.5 280.7 282.5 282.9 281.7 279.5 276.1 273.2 270.3 267.9 264.7 261.4 258.5 255.3 252.9 249 245.1 239.8 232.1 209.1 183.3 160.7 157.8 176.2 197.4 215.1 225.5 230 231.5 233.4 233.6 232.4 231 230.2 227.7 216.5 196.6 177 183.5 196.2
284.4 284.3 283.7 283 282.7 281 279 278 275.5 273.6 271.5 269.2 266.7 264.4 261.3 256.4 253.5 243.3 252.4 253.2 254.2 253 254.2 255.8 257.2 258.9 260.4 261 260.9 261.2 263.1 265.5 268.7 271 272.2 274.4 277 279.6 281.7 282.7 283.2 283.4 283.3 281.6 278.7 275.9 273.5 271.1 268.7 265.3 262.8 260.5 258 254.5 249.9 243.7 236.3 218.1 191.6 167.2 150.2 169.8 191.1 212.1 225.2 229.4 231.3 232.4 231.8 229.7 228.2 226.2 215 195.7 177.4 175.7 188.9 199.6
282.4 282.2 281.6 281.4 281 280 277.8 276.9 275.5 273.8 272.1 269.5 266.6 263.8 259.6 256.1 252.8 244.7 245 249.3 249.5 247.5 249.9 251.2 253.3 254.6 256.2 258 257.8 258 262.2 266 269.8 272.9 275.4 277.4 279 281.3 282.2 283.2 283.9 283.9 283.4 282.3 279.8 277.7 275.7 273.8 272 270.1 267.8 265.3 261.8 257.8 252.2 245.4 237.1 219.9 192 167.7 148.8 166.8 188.1 208.9 222 227.4 230.6 231.1 230.1 228.6 225.8 217.1 196.2 174.3 173.8 185.4 195.7 205.2
280.3 280.1 280 279.7 279.4 279.7 278 276.5 275.2 274.2 273 270.7 266.6 263.3 258.2 254.3 250.1 244.9 238.4 237.8 243.9 241.6 244.9 246.7 248.6 250.2 252 252.8 252.9 257.6 262 265.9 269.7 273.1 276.4 278.1 279.6 280.9 281.4 282.1 283 283.6 282.8 281.9 280.6 278.5 276.8 275.3 273.9 272.2 269.7 267 263.6 258.6 252.7 245.4 236.9 222.9 192.6 168 147.9 165.6 185.1 205.4 218.6 225.7 229.6 230.1 228.9 227.4 223.3 206.2 182.5 173.1 182.9 192.8 201.6 211.9
278.1 278.2 277.9 278.2 278.4 279.3 278.6 277.6 276.6 275.4 273.7 271.8 267.5 263.1 259.4 255.7 251.7 248 243.5 238.6 234.1 234.1 237.3 238.2 241.3 246.7 249.4 246.8 252.4 256.5 261.3 265.4 269.5 273.1 275.6 277.7 278.7 279.9 280.8 281.5 281.4 282.5 281.7 280.9 280.2 278.5 276.9 275.2 273.6 271.9 270.3 267.4 263.5 259.1 253 245.3 236 212.3 190.7 167.3 148 162.7 182.6 201.6 217.1 225.2 229 230 229.4 227.6 222.4 200.7 174.1 173.8 186.9 196.8 208.4 216.8
276.4 276.3 276.2 276.1 276.9 277.3 277.6 277.5 276.5 275.3 273.3 271.7 269 265.9 261.9 258 254.1 250.4 246.1 241.3 235.8 231.3 229.5 233.5 237.7 243.9 244.4 244.4 251.1 255.8 260.7 264.8 268.9 272.3 274.1 275.7 277.1 277.8 278.6 279.2 280.2 280.2 280.2 279.4 278.6 277.8 276.2 274.5 272.8 271.2 269.6 267 263.3 258.6 251.9 243.4 218.6 190.3 174.9 158.9 147.6 159.5 179.8 197.5 214.5 223.6 227.9 229.8 230.1 227.9 221.3 196.3 169.4 174.9 189.5 199.7 212 219.6
274.4 274.3 274.3 274.2 274.6 275 276.2 276.3 276.3 275.1 274 272.3 270.1 267.3 264.1 260.9 256.9 253 249.2 244.4 239.1 237.2 233 228.7 233.1 233.5 236.5 244.7 250.4 255.4 260.1 263.9 267.3 269.9 271.9 273 273.8 274.4 275.6 276.3 277.2 278 278.3 277.6 276.7 276 275.3 273.7 272 270.3 269.1 266.9 262.8 255.1 243.8 229.9 220.7 216.3 191.1 168.3 146.7 153.3 172.3 192.8 210.4 219.8 227.1 231.7 231.7 229 218 193.4 167.3 175.8 190.7 203.7 213.8 220.4
272.4 272.3 271.9 271.2 272.4 273.2 274.7 274.8 275.5 274.8 273.5 272 269.9 267.8 264.7 261.5 259.1 255.4 252 249.5 245.6 242 238 235.6 225.6 231.9 238.9 245.5 250.8 255.8 259.1 262.6 265.7 267.5 269.3 269.8 270.4 271.2 272.6 273.4 274.2 274.7 274.2 275.6 274.7 274.1 273.5 272.8 271.2 269.5 268.6 266.9 263.2 258.9 255.7 250.7 244.7 234 200.4 175.6 153.7 145.7 164.6 186.1 207.2 216.3 224.9 230.5 230.4 226.2 214.6 193.1 164.4 174.7 192.3 207 214.9 220.7
269.6 268.9 268.3 268 269.7 271.6 273.3 273.7 274.4 274.1 272.8 271.4 269.7 267.5 265.2 262 260.5 257.4 256.2 254.2 250.6 245.4 242.9 241.7 236.6 226.6 239.9 247.8 252.5 256.4 259.2 262.4 263.8 265.2 266.2 266 266.8 267.9 268.9 269.3 269.8 271.2 271.3 272.5 272.8 272.2 271.5 270.9 270.2 268.7 268.1 266.8 264.4 261.4 257.2 253 248.1 241.4 212.9 189 170.8 148.4 153.9 176.7 198.6 213.3 222.2 226.4 227.3 222.8 213.6 191.2 164.3 165.5 189.2 208.2 215.6 220.7
266.1 265.4 264.8 265.9 268.1 270 271.5 272.2 272.9 272.3 270.8 269.6 268.5 266.8 264.6 263.2 261.5 260.6 259 257.4 254.6 251.8 249 247.2 241.5 222.3 241 249.9 254.1 257 259.8 260.9 261.8 263.2 263.1 262.6 261.6 261.8 263 263.7 264.2 266 267.7 268.7 269.7 269.5 269.1 268.6 268.2 267.7 267.3 266.3 264.1 261 257.3 253 249 244.6 228.1 204.8 182.4 158 143.4 165.3 186.5 206.3 219.4 222.8 223.1 220.3 212.7 193.7 167.6 160.3 182.2 205.5 214.3 218.4
262.9 262 262 264.2 266.5 268.1 268.8 269.5 270 269.4 268.7 267.5 266.7 265.6 264 263.4 263.5 262.8 261.5 260.1 258.6 256.1 252.8 250.8 240.6 219.1 236.8 251.7 255 257.7 259.7 260.3 260.3 261.2 260.2 258.1 256.2 255.6 256.9 257.8 258.8 260.3 261.9 263.9 264.9 263.9 265.2 264.9 264.4 265.8 265.6 265.4 263.7 260.7 257.4 253.2 249.3 245 239.4 217.9 194.6 169.6 140.1 153.6 173.5 194 214 218.6 219.5 217.9 213 195.9 168.9 148.7 170.8 193.7 208.1 213.6
259.6 258 260.1 262.6 264.1 265.5 266.2 266.9 266.9 266.2 265.8 264.8 264.6 263.9 262.8 263.4 263.9 263.8 263.5 262.1 261.1 259.1 256.1 252.9 241.6 215.2 229.2 246.1 254.8 258 259 259.6 259.7 258.7 255.6 253.1 249.9 247.8 249.9 250.8 250.4 250.8 255.1 257.2 258.3 260.6 261.7 261.5 262.6 264 263.9 263.8 263.3 260.5 257.4 253.3 249.3 244.6 239.7 229.9 207.9 180.8 153.5 139.3 156.8 180.8 204.4 214.4 215.9 214.8 209.8 195.1 169.3 145.8 160.1 181.9 200.9 208.2
254.4 255.7 258.1 260.1 261.2 262.3 263.5 264 263.7 263.4 262.8 262.1 261.9 261.7 261.9 262.4 262.9 263.9 264.1 264.1 262.5 261 258.1 255.4 248.4 227.6 216 229.5 238.1 247.4 256.3 257.7 257.4 255.5 252.9 248.1 242.2 236.5 235.5 238.4 238.3 239.1 243.3 248.2 252.3 255.1 257.2 256.8 261 263.2 263.6 263.6 262.6 260.2 257.2 253.1 248.8 243.8 238.7 233.7 216.4 187 157.2 138.1 140.9 167 191.4 206.7 210.7 209.8 204.7 190.6 164.5 145.1 148.5 171.9 194.2 202.5
250.2 252.7 255.6 257.4 258.5 259.5 260.5 260.9 260.7 260.6 260 259.4 259 258.8 260.2 260.8 261.7 262.8 263.9 264 263.7 262.1 260.6 258.6 255.5 243.3 219.2 210.8 215.4 223.7 235.2 249 254.9 252.6 249.8 244.6 241.1 231.4 215.4 217.3 221.7 228.4 234.6 238.6 244.1 248.4 251 256.2 259.3 262.2 262.5 262.9 261.8 259.3 256.5 252.4 247.8 242.7 237.7 233.5 221.5 188.8 162.2 138.6 135.9 156.5 177.5 187.4 194.8 198.6 195.5 184.2 162.7 142.2 142 164.1 186 196
245.8 249.7 252.1 253.6 255.3 256.4 257.2 257.5 257.2 258 258 257.4 256.5 256.4 257.6 259.2 260.6 261.7 262.9 263.8 263.8 263.1 261.8 260.2 259.6 255.5 241.3 222.6 208.1 198.9 210.5 225.8 244.4 248.6 246.6 243.6 239.2 230 215.7 198.9 205.2 212.2 218 227.1 235.5 246.3 251.8 256.1 257.9 260.8 261.7 261.4 260.3 258.3 255.8 251.5 246.8 241.7 236.4 230.5 219.9 194.8 167.4 143.2 134.9 147.4 160.2 165.4 171.1 175.4 175.1 175.9 156.4 138 133.1 161.5 179.2 190.5
242.6 246.7 248.3 249.9 251.5 253 253.7 253.9 253.6 254.7 254.8 254.7 254 252.5 253.8 255.6 257.5 259.2 261.3 263.1 263.5 263.8 263.4 262.8 262.3 259.7 256.8 245.2 227.3 209.6 194 204.6 228 243.5 244 241.6 234.3 217.5 204 192.6 201.2 218 235.1 241.6 246.6 249.8 252.9 255.7 256.9 259.1 259.9 259.4 258.3 256.7 254.3 250.3 244.3 237.7 227.5 216.8 200.8 180 158.9 141.3 136.2 138.2 141.6 142.6 149.5 152.5 156.8 158.9 148.8 133 135.5 160.3 179.5 191.2
239.3 242.9 244.8 246.3 247.9 249.4 249.9 249.5 248.9 250.8 251.1 251 250.9 248.2 250 251.8 253.9 256.5 258.9 261.1 263.2 263.9 264.7 264.6 264.1 262.7 260.1 258 245.8 223.2 197.7 188.7 211.1 230.5 241.3 231.9 213.9 198.8 186.7 194.7 217.6 233.5 240 245.1 248.6 251.6 254 255.1 256.1 256.9 257.6 257.5 256.3 254.7 251.5 248 242 232 209.1 190.7 176.2 162.3 155.1 152 134.5 133.4 132.2 132.5 134.6 135.6 137.1 138.6 137.1 130.4 133.9 156 173.1 184.9
