data/230000-930000.asc
ncols 200
nrows 200
xllcorner 230000
yllcorner 930000
cellsize 50
[rows 140 to 174 of 200, columns 0 to 78 of 200]
64.8 74.1 81.5 86.5 117.1 151.2 201.2 243.2 229.9 204.7 190.7 180.7 181.7 179.8 178 178 177.6 179 182.1 187.5 194.4 209.3 231.1 226.5 237.9 244.9 232 249.3 259.4 259.4 259.5 261.8 259.3 263.5 264.9 258.3 258.3 258.3 258.3 258.3 262 263.2 277 299.9 303.4 299.9 313.9 320.1 326.1 331.4 334.8 347.3 355.7 362 364.8 371.7 378.7 385.8 392.1 396.9 399 403.7 408 413.7 417 421.5 430.4 434.1 437.3 440.5 446.9 451.1 449 450.9 458.2 466.8 470.1 471.4 468.7
79.3 90.5 105.9 104.6 115.3 145.2 169.4 201 202.8 186.8 179.7 178 178 178.9 178 177 177.5 178.5 180.2 179.1 198.5 211.4 236.7 239.1 252 253.6 249 238.3 257.2 272.2 262.2 258.9 267.7 268.2 261.9 258.3 258.3 258.3 258.3 258.3 258.3 258.3 260.4 283 287.2 285.7 291.5 298.7 313.7 319.6 321.7 332.8 342.5 351 358.2 362.3 367.4 373.7 381.6 387.9 388.1 396.7 400.7 409.8 413.1 415.9 421.8 425.8 429.8 433.1 435.4 442.5 443.1 445.8 459.2 467.8 470 472.9 473.5
100.9 110.9 123.1 127.2 114.4 137 145.7 157.3 171.2 181.5 178.6 180.3 182 191.2 182 181.1 180.7 181.6 181.9 186.2 193 205.6 231.3 251.7 271.9 267.3 262.8 254.8 255.9 279.3 276 265.3 274.8 279.4 271.1 258.3 259.2 272.3 258.7 258.3 258.3 258.3 258.3 258.3 269.8 273.4 273.1 280.2 299 306 313.2 327.9 332.2 338.3 345.8 351 357 361.8 370.6 377.5 382.1 385 395.1 403.8 406.6 408.6 412.4 419 424 428.4 432.2 437.3 436.1 438.8 454.4 466 469.4 478.3 484.5
128.2 136.2 144.7 147.5 138.7 138.3 151.1 163.7 180.3 197.9 199.3 194.3 201.5 210.1 196.9 193.4 189.3 189.8 189 189.6 197.9 208.3 233.5 275.3 286.5 281.2 266.3 268.3 246 271 276.2 269.5 275.9 302 290.3 270.2 282.1 312 296.7 268.9 258.3 258.3 258.3 258.3 258.3 258.3 258.3 266.4 278.1 285 293.2 314.1 321.6 326.4 334.7 341.8 347.4 350.6 358.6 366 370.8 376.5 387.1 395 397.6 399.5 405.8 413.9 418.3 424.8 431.2 434.8 432.8 438.7 449.9 461.6 473 483.4 492.7
171.6 171.3 178 183.9 173.9 173.5 182.2 190.5 223.5 233.5 234.4 226.4 224.9 233.8 218.4 216.5 210.7 215.3 210.7 203.3 201.1 212.7 230.4 261.8 290.3 291.3 274 269.7 259 255.6 265.7 268.4 278.9 310.4 315.4 291.1 301 314.2 305.9 288.2 272.8 258.3 258.3 258.3 258.3 258.3 258.3 258.3 258.3 262.4 271.6 305.3 303.6 315.2 323.3 330.3 334.7 340.4 346.8 354.5 358.7 365.4 377.4 385.1 389.2 391.6 400.8 410.6 413.1 419.2 426.3 430.1 432.3 441.2 449.5 464 478.4 487.1 496.4
214.2 229.8 215.9 218.7 214.3 215.1 228.9 252.9 272 271.1 262.3 253.9 250.6 251.5 255.1 244.7 244.8 246.2 234.7 226.9 225 222.7 227.1 244 285.8 292.4 281.1 268.1 261.8 255.5 259.1 274.8 298 306.7 324.1 327.5 307.4 326.2 313.8 292.7 279.2 269.4 258.3 258.3 258.3 258.3 258.3 258.3 258.3 258.3 258.3 271.8 284.1 293.3 305.2 309.9 320.3 327.3 334.4 341.5 348.9 354.3 364.5 374 378.5 381.6 391.5 405.6 409.8 414 421.9 426.9 435.8 447.2 455.7 463 475.5 489.2 504.1
260.4 273.6 279.2 260.7 254.8 251.5 272.9 294.9 299.5 299.4 293.6 283 277.9 283.6 289 283.2 279.2 270.2 259.4 281 268 247.6 238 243.1 259 268.8 271.7 268.6 264.7 260.2 264.8 285.7 302.2 319.2 319.7 326.3 322.8 327.6 322.8 307.2 285.9 277 269.8 258.6 258.3 258.3 258.3 258.3 258.3 258.3 258.3 258.3 267.8 274.2 287.3 293.3 303.3 310.5 319.5 327 337 344 351.2 362.5 365.3 369.8 381.7 399.7 403.1 410.8 418.7 430.5 438.6 450.7 460 464.2 479.5 492.9 513.5
293.3 287.9 289.7 295.4 295.5 291.2 305.5 325.5 325.3 318.2 317.7 311.5 314.4 313.7 312.1 305.4 310.9 295.1 288.5 307.9 293.5 274.7 264.8 266.9 262.9 259.8 262.7 269.6 264.2 261.4 271.3 282.4 297.8 318.7 322.1 322.2 329.7 324.5 323.2 317.5 300.4 290.6 291.8 281.9 282.6 270 258.3 258.3 258.3 258.3 258.3 259.9 260.1 264.4 271.6 282.1 289.4 297.8 306.2 314.7 322.6 333.2 342.1 351.7 359.1 364.8 374.4 387.3 390.5 406.3 418 426.3 433.9 447.1 461 469.6 485.9 500.3 512
297.8 299.9 303 305.1 302.6 308.5 331.1 340.3 337.9 341.7 347 347.3 339.5 332.6 321.5 331.5 329.2 324.7 338.6 325.6 316.9 301 302.9 297.7 291.4 287.1 271.9 273.4 267.8 266.4 276.1 288.7 301 321 331.6 328.4 335.3 330.5 323.8 320.1 314.8 313 303.3 303.2 301 287.5 275.2 264.2 259.9 258.3 258.3 260.3 260.2 260.2 262.4 273 277.5 283.4 290.8 300.9 309.8 319.1 326.4 339.2 347.4 354.2 364.4 376.6 379.1 399 410 417 425 437.4 456.7 471.6 490.1 502.4 518.5
310.1 316.3 315.1 312.3 310.1 324 342.6 348.7 349 356.9 361.9 357.3 352.5 343 338.7 357.9 363.1 359.1 353.2 343.6 342.2 333.6 329.4 325.2 320.7 305 298.3 291.5 283.1 271 279.6 293 307.1 326.5 342.3 338.8 336.8 334.2 327.1 320.3 326.4 324.1 318 314.9 307.3 297.9 286.6 277.2 272.8 266.4 261.7 261 261 260.4 260.2 266.6 267.5 271.9 278 284.9 294.5 303.4 313.3 325.2 335.8 344.2 353.2 363.3 372.5 384.1 398.5 408.9 418.5 429.7 445.6 467.3 488.2 504.4 518.9
327 328.8 326.7 326 322.8 330.3 347 352 362.9 366 365.7 362.2 359.2 352.4 348.9 365.3 374.7 374.6 366.5 357.1 349.6 342.6 340.8 334.7 330.2 323.3 320.1 333.3 316 287.6 279.4 296 313.2 328.8 344.1 345.7 342.9 336.8 329.8 323.4 327.4 324.4 318.2 309.3 304.4 299 293.3 284.8 280.1 273.9 267 262.2 261.8 261.1 260.2 263.3 264 265.6 271.7 276 289.2 300.4 307.9 314.8 323.6 333.4 342.5 347.5 361.1 373.8 381.9 396.8 410.9 421.9 438.5 457.2 482 502.3 515.8
330.1 331.1 334.8 334.1 328.9 336 347.6 360.5 368.2 378.2 379.8 373.1 366.8 361.7 359.2 367.3 370.4 369.4 364.9 361.3 358.7 350.2 346.3 344.3 348.6 345.5 342.9 342.6 336.7 316.8 298.3 310 324 331.2 339.9 341 342.5 341.3 336.1 329.4 324.6 321.5 315.5 306.7 302.5 299.4 297.2 290 285.6 278.4 273.3 266 262.8 261.5 260.2 260.8 261.7 263.6 267.1 276.3 289.7 293.2 296.3 302.5 310.6 321.3 329.9 338.7 350.3 361.2 371.6 382.9 397.2 414.3 429.7 448.2 471.3 495.1 511.2
333.2 334.3 338 338 334.7 340.3 353.4 367 375 382.3 384 384.8 384.1 379.6 379 375.8 375.6 371.9 368.9 363.4 358.8 355.3 353.7 352.8 354.5 353.2 353.2 349.4 344.8 338.4 330.9 334 340.6 343.4 339.2 337.8 339.6 340.5 337.4 331.8 324.7 319.8 314.3 308.5 302.8 298.9 292.9 288.9 279.7 274.6 272.3 268.1 264.2 262.4 260.2 262.4 262.8 263.7 265.4 271.2 280.1 286.1 288.1 292.8 303.2 314.3 318.7 332.5 340.9 353 364.9 376.3 388.9 406.9 419 439.4 458.5 482.7 502.6
333.9 339.8 342 338.5 337.7 349.7 363 369.3 379 387.3 390.1 396.4 400 402.3 401.8 397.6 396.6 389.8 382.1 375.8 370.6 366.9 364.9 363.5 362.9 362.2 361 357.9 351.8 346.3 339.4 339.7 349.6 349.5 343.4 339.2 339.6 334.4 330.5 327.1 323.6 319.6 314.4 308.5 303.7 297.5 299.5 291.7 285.8 281.1 275.5 271.3 263.6 261.9 260.2 262.2 263.7 263.5 263.4 265.5 271.5 278 282.4 287.1 297.1 303.4 312.1 324.7 336.8 345 360.4 371.9 382.4 395.1 408.5 427.6 451.1 469.1 488.9
335.4 348.8 355.3 346.1 350 363.1 376.6 375.6 384.4 391.7 405.6 412.8 423.7 429 424.8 423.3 416.4 411.6 404.5 396.6 390.3 383.7 378.7 378.6 378.4 379.3 376.7 368.6 358 353.7 349.1 341.1 343.8 344.9 344.5 341.6 336.8 331.7 327.7 322.6 318.2 316.5 313.7 308.8 302.5 302 299.9 297.4 291.7 285.7 278.6 273.2 266.1 263 260.2 262.8 263.9 264 263.5 264.4 269.6 273.9 278.2 285.1 292.8 294.9 304 316.7 325.6 334.6 348.8 361.1 373.9 385.4 396.7 412.9 441.9 459.6 475.4
342.7 352.9 367.2 364.3 364.4 378.9 381.6 381.3 388.4 400.5 413.7 423.6 449 455.7 452.8 449.6 443.9 431.6 424.3 418.4 413.9 408.1 401.7 396 393.7 392.9 394 387.8 378.2 369.1 359.4 346.6 347.7 344.9 345.2 341.5 338.8 335.2 329.9 324.9 320.5 315 312.2 307.1 307.8 303.9 302.4 299.1 295.1 289.3 281.6 272.8 267.2 262.9 262 260.9 261.9 262.7 263.5 265.2 268.4 271.8 276 280.9 283.7 290.6 300.8 308.1 317.2 328.9 336.4 352.6 363.3 376.7 387.3 399.4 421.4 444.2 461.4
359.8 359.2 369.8 378 377 387 385.4 383 393.1 404.5 416 433 460.3 463.2 461.9 460.8 452.2 443.1 437.3 432.7 427.4 425.3 420.7 414.3 409.9 408 406.3 403.5 396.4 387.7 370.7 368.6 360.8 357.2 355.1 353.6 349.1 347.2 341.4 332.1 327.1 319.7 319.1 316.6 313.1 311.8 310 308.3 302.1 295.5 287.3 278.7 267.6 263.8 264 262.3 263.1 262.6 261.6 262.8 266.9 268.2 270.2 280 284.5 289 293.4 298 308.6 319.9 326 341.6 351.3 366.7 378.8 390.5 406.5 427.7 446.3
367.7 369.6 365.5 373.9 377.7 383.7 381.5 381.1 388 405.2 423.2 446.1 468.7 468.8 471.4 466.3 459.4 453.7 447.6 443.1 439.3 436.5 431.2 426 422.6 418.1 416.3 415.2 407.8 393.9 391.5 383.5 378.5 372.8 370.7 379.5 366.3 359.7 356.1 347.1 342.4 332.8 330.9 339.2 344.4 338 346.7 365.5 339.7 322.2 305.6 295.5 282.2 270.7 267.8 265.4 263.9 266.1 264.5 262.9 264.5 267 271.9 276.1 280.1 283.5 287 294.9 305.1 312 319.1 331.7 344.7 355.9 372.8 383.3 396.4 416 433.1
377.3 379.7 381.7 378.4 378.4 378.1 378.3 382 392.9 408 428.3 453.8 470.8 474.7 476.3 473.5 468.6 462.8 456.3 450 447.8 444 440.6 437.9 433.6 430.1 424.4 420.7 408.4 408.7 406.4 400.2 397.6 396 400.8 402.6 386.7 379.3 373.8 362.9 353.8 348.3 347.9 356.3 365.1 364.9 373.8 379.5 377.4 369.3 358.4 318.9 299.8 283.3 274.4 269.5 269.3 268.1 266.6 265 265 269 270.9 272 276.6 281.6 291.3 293.1 298.1 302.7 311.5 325.3 336.1 348.9 360.2 374.7 386.6 402.4 418.5
378.7 395.5 399.6 390.3 386.4 382.7 381.3 391.9 402.1 413.7 428.7 450.8 465.1 474.2 477 476.2 473.8 469 463.5 457 452.7 449.2 445.6 443.9 438.7 433.7 430.2 425.5 417.7 419.9 415.7 412.6 411.2 409.7 405.8 404.4 397.5 389.7 389 376.9 363.4 365.7 369.9 370.8 376.3 388.8 393.2 392.2 384.9 378.2 371.4 362.4 333.1 310.2 290.2 275.8 277.3 272.2 269 268 265.5 268.8 269 269.8 272.8 278.3 284.6 293.7 295.2 298.6 309.8 313.8 326.5 338.7 351.4 358.7 376.8 392.9 407.2
378.5 394.8 403.4 399.3 394 392 398.6 402.5 411.1 420.9 432.3 449 466 474.1 476.2 479.4 476.3 472 466.6 462.9 456.7 452 449.4 446.5 441.8 436 431.5 427.8 424.2 427.6 426.7 424.1 422.8 421 418.2 409.4 402.8 400.5 398.1 388.3 383.7 383.4 390.7 395 393.3 404.4 408 402.8 395.2 386.2 380.1 374.5 366.1 343 317.1 295.6 284.4 278.7 275.7 271.2 264.9 265.3 266.6 267 269.6 274.1 279.2 286.8 292.9 297.7 305.8 310 318.3 331.3 342.6 349.3 363.5 383.4 396.7
383.7 387.3 396.9 404 398.6 400 404.6 413.9 422.1 429.7 437.2 452.1 467.6 474.8 481.4 482.5 475.4 470.1 464.1 459.4 456.7 453.8 450.7 448.8 445.3 439.3 434.4 429.7 422.8 429.1 431.3 433.9 433.1 428.6 425.1 419.6 410.1 410.2 407.6 398.3 403.9 406.3 406.5 402.3 402 412.7 417.1 414 406.4 395.9 390.5 385.4 381.5 366.7 336.1 313.9 296 286.4 276.6 272.5 268.4 266.6 268.5 267.7 269 273 275.1 279.5 287.7 296.5 298 304.6 315.8 323.3 331.2 341.6 355.5 371 387.3
399.7 416.1 411.2 401.9 406.3 406.5 410.3 415.7 427.4 435.1 439.5 452.9 467.6 473.7 479.8 477.3 472.3 469.6 463.4 457.5 455.5 454.1 451.1 448.1 444.8 441.7 436.7 432.3 428.2 430.7 431.4 435 436.4 435 431.2 424.6 418.9 414.3 411.8 412.7 421.2 421 416.2 417.9 417.6 416.1 418.4 419.6 413.2 404.6 400.7 395.7 388.8 381.1 352.8 346.9 317.7 293.7 282 276.7 273.7 269.7 269.9 269.5 269.9 269.1 273.1 279 283.1 290.2 299.2 300.4 309.9 318.7 323.1 335 352 359 373.4
438.2 439.5 431.7 420 414 417.5 418.7 421.6 431.1 441 443.1 455.4 467.9 475.6 475.5 472.4 470.5 468.5 466 463.1 457.8 454.3 449.4 445.9 443 441.9 438.6 435.8 430 433.3 432.4 430.9 431 433 432.2 426.5 421.6 419 416.4 414.2 419.7 422 422.6 423.6 423.4 422.5 421.6 421.3 418.6 413.8 410 405.3 397.4 386 377.5 372.6 357.5 312 298.8 287.9 281.5 277.2 275.9 271.9 271.9 270.6 274 275.8 277.2 283.7 291.6 296.3 302.8 310.2 316.1 324 342.3 351.3 362.7
452.4 453.5 447.6 435.2 430 425.7 425.7 431.5 441.7 446.4 449.3 457.3 467 476.8 477.2 473.5 470.5 465.9 461.8 458.9 455.6 452.3 448.1 444.1 442.2 442.1 440.6 438.6 437.3 437.4 436.3 434.4 431.5 429.2 428.4 425.9 422.8 421 419.3 418.3 418.1 420.2 423.3 424.8 426.3 426.3 425.6 425.3 423.7 418.8 415.1 411.7 403.8 391.3 390.3 388.1 373.3 344.4 314.5 310 302.8 295.2 282.6 276.7 275.8 271.2 272.8 275.7 277.9 280.5 286.9 291.4 297.5 302.1 308.2 313.9 329.7 343.7 354.4
458.6 461.7 458.8 449.1 441.9 440.6 438.8 441.6 443.9 449.1 450.6 458.3 468.2 478.3 476.4 473.5 470 463 458.1 454.3 453.1 451.4 447.7 445.4 442.5 440.3 439.3 437.9 439.7 440.2 438.8 436.5 433.1 429.8 429.9 427.6 425.2 422.2 420.7 419.7 423.9 429.1 433.9 436.5 434.1 433.4 431.6 429.9 426.8 423.6 419.2 415.9 410 398.4 398.8 400 390.9 367.9 337.8 331.8 337.2 320.4 299.6 285 282.1 279 274.2 272.7 277.4 279.6 281.8 285.9 289.3 293.5 299.6 309.2 321.1 333.2 350.8
467.8 466.7 465.6 457.9 448.8 459.1 455.4 454.2 447.5 448.4 453.9 462 464.6 476.3 475 471.8 467.7 460.1 454.6 453.3 452.2 451.3 448.7 447.6 443.8 442.8 441.7 441.1 440.9 441.3 440.3 438.1 435.5 433.5 432.1 430.6 427.9 425.2 425.9 428 429.9 432.6 439.7 446.3 442.3 440 436.1 432.4 430.8 427.9 424.7 421.7 416.4 404 414.1 412.6 402.4 388.1 360 354.4 346.9 342.7 327 304.4 293.4 289 281.1 280 277.1 278.3 278.4 281.2 283.3 288.1 293.9 300.7 312.7 324.6 338.6
469.1 470 473.6 467.8 462.8 471.6 468.9 467.9 467.1 462.7 461 466.7 470.5 468.8 473.7 470.8 464.9 458.8 456 454 452.2 451.4 449.7 448.1 445.7 447.5 447.8 447.8 444.1 442.4 442.1 440 438.6 436.7 434.3 434 431.5 427.2 430.1 434.8 438.4 439.7 442.4 445 443.2 439.7 437.9 434.8 434.6 432.9 429.8 426.3 423 420.8 424.6 421.8 415.3 403.6 375.5 365.8 358.8 348.5 337.6 324.5 309.6 301.2 288 283.6 278.8 277.7 281.4 282.5 284.1 285.3 288.3 295.6 304.5 315.8 329.5
466.1 468.3 474 473.6 470.5 485.3 480.3 477.1 477.3 478.8 480.1 475.2 471.1 467.2 467.6 469.3 462.5 458.1 455.3 452.9 451.6 450.1 447.7 447.5 447.4 452.3 455.5 454.8 449.8 446 443.4 441.1 440.6 439.1 436.7 434.8 434 431 433.9 443.6 445.5 447 446.9 445.4 442.3 440 438 435.4 436.2 434.4 433.5 429.9 426.8 428 429 427.1 424.9 411.6 384.8 372.5 378.3 364.7 350.6 337.2 329.7 315.6 299.3 288.5 287.9 281.5 278.9 281.6 282.6 283 286.1 289.8 295.1 304.1 316.6
465.8 466.6 470.1 472.7 471.4 490.4 489.4 486.7 489.7 492.8 493.7 491.2 486.2 476.6 471 467.8 459.5 459 454.9 451.2 449.8 448.1 447.4 447.4 450.1 456.4 460.3 459.4 457.9 453.8 448 444.6 441.9 439.6 436.5 433.9 432.5 433.7 438.4 445.1 448.2 448.5 445.9 444.8 442.9 440.6 438.9 436 436.3 435.8 434 432 430.6 429.3 428.8 425 422.2 405.7 404.3 397.7 393.3 388.2 376.4 353.9 340.3 315.7 307.9 295.9 292.4 285.7 283.3 281.6 282.3 284.6 285.5 287.8 294.5 301.2 308
463.9 464.8 463.8 467.2 470 489.6 491.7 491.5 497 505 504.8 499.9 494.5 490.4 476.3 466.1 459.8 456.4 455.4 451.4 449.2 447.5 448.5 453.2 459.3 463.4 464.5 462.8 461.2 457.4 452.7 449.5 447.7 443 436.1 432.9 432.9 434.2 437 443.7 449.7 451.4 449.7 446 443.5 441 439.4 437 435.9 436 434.2 434.2 434.6 432 429.9 424.4 418.9 416.5 416.9 412.2 402 399.7 398.6 380.2 350.2 335.6 318.1 309.3 297.9 292.4 288.1 284 286 291 290 287.4 288.6 295.4 304.1
461 460.7 458.5 457.6 463 480.9 487.3 492.2 496 505 506.5 504.6 501.4 497.2 486.9 472.2 464.1 460.7 455.6 450.9 449 447.9 453.9 459.8 465.6 470.2 476.6 470.1 464.5 459.9 455.8 453.5 451.9 447.4 440.9 434.3 433.9 437.1 440.5 442.3 446.3 447.2 448 446.9 444.8 441.6 439 437.5 436.7 436.3 434.8 435 435.1 434.5 432.4 427.1 422.7 419.1 417.7 414.5 409.9 407.5 399.7 393.5 381.9 361.6 341.7 336.8 320.6 307.8 298.8 295.2 292.8 294.8 292.6 292 291.3 294.3 304
455.2 453.7 452.5 450 454.4 471 477.3 486.4 490.4 499.8 501.7 505.9 504.8 501.2 491.4 480.6 472.3 466.4 461.1 456.2 452.7 453.6 456 458 464.5 471.2 478.5 476 471 465.4 465.5 465.3 457.5 450.4 445.5 439.9 437.1 443.6 450 451.1 446 447 447.7 445.6 444.3 441.5 439.1 437.4 437.9 436.3 435.1 433.8 435.3 435.2 433.5 432.8 430 421.8 418.6 415.5 412.9 404.1 396.7 392.5 397.5 391 380.6 370.9 358.8 363.3 350.2 320 305.3 299.8 298.5 297.1 295.4 294 303.8
448.5 444.6 441.1 438.1 445 458.2 468.1 477.2 481.7 491.1 496.5 502.9 504.1 500.1 494.3 487.8 483.4 476.4 470.6 467.5 463.4 461.1 459.1 460.9 466 472 476.2 476.7 475.5 476.3 475.2 474.9 465.2 456.1 449.7 446.8 449.3 455.7 457 455.3 450.4 447.2 445.4 444.6 443.4 441.5 440.3 439.6 437.7 435.5 434.6 433.8 435.5 434.8 433.7 434.1 433.6 426 416.9 420.4 418.8 416.3 408.4 403.8 408.8 411.6 410.9 420.8 402.9 380.9 367.5 347.2 327.2 311.1 307.6 302.6 299.4 297.6 300.6
442.8 435.7 431.4 426.9 432.6 445.3 450.5 464.8 472.7 484 489.3 495.3 498 498.7 497.4 496.7 494.6 489.3 480.3 475.7 471.3 468.5 468.9 467.6 469.6 476.4 480.3 479.6 483.7 485.7 487.6 487.7 484.5 474.4 468.2 463.8 465 466.2 465.3 460.1 454.8 450.1 445.6 442.8 442 439.9 439.2 437.8 435.5 434.4 434.5 435.6 433.6 432 434 432.1 432.6 423.7 421 424.2 426.5 426.8 421.3 421.6 422.4 423.1 419.6 422.9 423.7 406.5 391.5 371.5 344.6 325.8 320.9 311.6 304.9 300.9 300.5
