data/230000-710000.asc
ncols 200
nrows 200
xllcorner 230000
yllcorner 710000
cellsize 50
[rows 0 to 35 of 200, columns 0 to 80 of 200]
348 342 341.8 340.7 338.8 331.8 318.9 313 309.2 302.7 295.5 281.7 279.1 269.2 264.1 257.5 253 242 235.8 236.6 239.1 233.9 231.1 232.6 241.4 229.4 208.9 180.6 161.9 140.7 127.6 122.3 102 79.2 64.3 49.7 39.8 22.7 22.3 21.2 19.7 17.8 13.9 15.7 21.9 30 43 50.4 58.6 67.2 78.7 87.8 97.1 102.5 102.3 101.8 112 123.4 134.3 138.2 144.6 158.5 170.7 179.3 188.5 201.2 209.8 222.9 236.7 248 253.2 267 280.2 288.8 296.1 299.9 311.3 320.4 327.1 341 354.6
360.9 353.5 352.1 348.5 343.5 342.1 335.2 333.1 327.4 320.4 315.6 313.9 309.4 293.1 290.1 281.9 275.9 257.4 254.1 253 248.3 245.8 246.6 248.4 245.7 226.7 217.9 188 170.4 150.6 135.4 123.2 108.8 86.4 72.1 54.8 44.1 19.5 20.2 19.1 17.5 17.1 13.1 17.3 26.7 41.8 51 61.6 71 86.1 97.7 105.7 110.9 119.5 116 116.2 123.6 134.5 141.8 156 162.2 173.4 187.4 195.9 204.8 213.1 221.2 236 246.9 263.4 267.9 275.2 290.5 302.8 305.5 311.4 324.1 333.4 339 350.7 371.1
372.3 367.6 363.5 363.8 360.8 357.7 350.1 345.9 342.7 338.5 338.3 335.2 332.1 315.9 315 311 298.5 282 274.4 262.7 251.6 250.8 242.3 252.5 234.2 218.6 201 185.8 170.5 155.7 136.6 128 116.5 91.1 77.7 68.2 45.4 25.2 18.5 17.5 16.3 14.2 14.7 20.5 33.3 46.7 58.2 73.5 83.9 95.1 104.2 116.2 120.6 125.4 127.4 132.9 136.8 143.1 148.6 165.2 173.6 184 196.7 208.6 217.9 224.7 233 243.5 253.7 274.6 281.5 285.8 302.2 312 318.5 323.1 333.5 346.1 355 362.3 377.9
392.7 383.5 381.2 376.8 373.6 373.3 369.6 361.6 358.8 357.6 355.2 351.6 345.5 334.2 331.4 323.1 305.4 287.5 281.6 256.1 244.8 245.6 227.1 246.3 235.9 218.9 200.3 181.4 170.2 159 137.9 124.9 116.2 92.5 78.5 71.3 49.8 29.7 17.5 14 16.8 11.9 17.9 27.4 38.7 48.7 66.3 83.6 94.1 108.2 121.8 129.4 134.6 137.9 142.6 144.2 149.8 154.8 158.8 173 189.6 196 209.9 219.3 225.7 235.8 246.3 258.6 265.9 284.1 297.2 300.1 316.3 323.2 330.7 334.2 342.3 358.7 373.1 382.1 389.5
407 403.3 395.3 391.1 388.7 390.2 385.2 382.6 382.1 377.3 367.2 357.3 351 341.2 331.3 316.4 288.6 276.2 257.5 241.9 238.7 231.8 221.9 237.2 231.1 213.9 199.8 178.9 167.4 154.8 141.3 121.5 112.7 92.8 77.1 69.3 50.9 29.6 19.6 15.7 12.9 11.6 18.3 28.3 41.8 48.3 68.3 89.4 100.8 121 132.5 142.7 146.5 149.8 152.7 156.3 159.9 166 171.6 176.6 189.8 205.1 219.8 229 232.7 244.7 256 267.8 275.5 288.2 304.2 311.3 321.1 337.6 344.4 351.7 360.6 373.9 379.7 391.1 401
438.2 425.6 416.3 410.2 412 409 399.2 398.6 401.1 393.1 373.4 371.2 371.8 364 337.3 314.2 284.2 272.6 257.9 241.9 239.6 228.4 217.9 223.7 212.5 196.8 178.9 169 154.8 144.2 135.8 121.7 104.6 85.8 73.3 63.8 49.7 31.1 15.5 15.6 14.9 12 15.8 29.9 43.4 52 69.1 94.5 116.2 129.8 142.5 153.8 160.2 164.2 167 168.8 171.2 177.2 184.2 187.6 197.9 213 227.1 234.3 244.2 253.1 263.6 272.2 285 297 314.2 323.7 333.6 350.4 354.9 359.4 379.7 388.9 399.9 397.7 410.2
443.6 437.7 437.9 433.5 431.8 426.2 410.4 402.7 397.4 396.9 396.8 393.5 371.4 354.6 325.8 294.8 280.8 262.1 240.8 235.2 230.9 225 211.9 220.1 213 198.3 174.9 161.7 143.9 140.3 134.2 123.7 100.9 77.5 71.4 61.4 48.6 32.1 16 15 14 13.2 13.9 31.2 41.3 53.4 72.5 96.6 124 138.2 153.3 165.6 171.2 176.2 179.3 180.1 184.8 188.8 193.7 201 209.4 220.3 233.2 243.1 253.4 265.2 271.1 283.3 292.5 304.9 324.3 333.6 355.4 363 369.9 367.9 390.1 399.3 409.8 409.9 417.6
462.4 456.1 451.1 445.5 432.6 432.5 424.2 415.9 413 407.9 398 386.6 365.4 329.6 304.2 288.3 263.9 248.3 231.2 228.9 229.4 219.7 204.7 207.6 208.9 200.1 166.3 158.1 143 138.2 131.8 121.2 93.9 74.8 66.8 57.4 45.2 35.5 16.4 14.2 13.1 12.7 11.4 26.3 37.8 52.8 71.9 94.9 126.1 147.9 170 178.4 184.1 187.5 190.1 192.7 196 200.8 205.4 214.4 221 232.2 244.7 255.8 258.8 275.1 285 293.7 301.1 314.7 332.8 351.6 367.7 375.6 380.7 380.7 397.1 411.3 412.9 419.3 431.6
477.5 466.9 457.1 453.2 448.4 440.5 427.3 418.2 411.3 399.8 395.3 385.5 357.7 331.4 294.3 271.3 253.8 237.6 230.7 226.7 225.3 211.2 202.5 194.6 201.1 180.4 159.5 154.8 142.8 134.4 127.5 110.4 88.2 69 60.7 54.6 41.6 34.9 15.9 13.6 12.6 12.2 9.5 20 35.2 51.7 74.1 99 127.6 153.9 175.3 189.2 196 198.7 201.3 204 206.5 209.5 210.6 222.7 230.1 238.6 251.8 263.2 270 288.5 291 300.6 313.3 326.5 349.5 363.7 375.4 388.7 390.1 400.3 415.6 420.9 429.6 428.5 435.1
500.7 487.5 475.5 460.8 453.4 436.5 435.5 431.9 424.7 415.1 391.1 374.4 353.4 313.3 291.9 264.7 246.3 236.5 230.9 221.8 215.7 204.7 201.8 188.2 183.8 165.3 151.7 148.5 142.4 131.9 121.4 106.1 85.9 65 60.3 50.9 48.1 32.7 16.3 13.2 12 11.9 9.2 18.9 34.3 52.4 77 104.5 132.3 160.2 180.3 198.3 206.5 209 211.1 213.7 212.3 216.5 221.5 230.6 238.8 249.2 264 270.6 279.3 294.9 301.1 310.5 324 337.2 355.4 373.1 386 399 398.9 412 427.6 437 439.1 439.9 451
503.9 481.3 470.1 457.3 447.9 443.7 441.3 428.8 417.1 401.8 377.3 350.4 326.8 292.8 274.6 257.4 245.1 238.7 232.7 220.3 207.1 195.5 191.4 178 167 156.6 147.9 139.8 138.1 127.4 113.9 100.7 83.9 66.4 58.4 55.8 48.5 34.1 16 11.4 11.4 11.7 9.1 17.3 34.2 57.5 86.8 113.3 144.5 168 192.6 204.1 216.1 218.9 221.4 223.1 219.7 224 230.3 236.6 250.2 261.8 272.4 278.6 289.1 301.3 309.9 325.9 337.2 348.5 360.4 378.2 394.7 408.1 409.2 429.7 438.8 448.2 450.1 455.8 465.9
501.2 477.7 469.2 455.6 446.4 440.9 427.7 410.7 404.2 387.3 357.1 326.2 304.1 286.1 264.7 252.2 248.9 244.4 236.4 223.9 210.1 193.5 183 173.3 160.5 148 141.4 134.7 130 120.8 107.7 96 80.6 66 61 50 41.2 32.6 16 10.8 11.3 11.4 9.1 17.3 35.7 62.3 93.3 120.1 150.8 181.8 200.6 212.9 217.4 226.7 228.7 231.3 225 231.9 235.7 245.5 259.8 267 276.1 283.6 295.8 309.8 319.1 341 353.5 361.9 374 392.2 403.9 413.6 418.8 440 448.7 458.6 463.8 465.5 481.4
492 474.6 468.1 452.8 440.9 431.3 423.2 406.8 385.8 371.6 343.7 314.9 297.1 274.5 260.2 252.6 250.3 249.2 241.6 226.4 209.7 191.6 181.2 171 156.3 141.3 132.7 130.6 126.3 116.4 107.9 96.6 79.1 63.4 58.5 47.3 37.2 28.1 16.1 10.8 11.1 11.3 9.5 14.8 39.2 68.5 98.6 124.6 155.4 189.2 211.8 219.8 225.4 235.7 238.5 234.2 234.3 237.9 247.7 256.7 267.6 273.9 283.5 293.8 303.9 315 328.7 350.3 361.5 373.6 388.7 405.2 422.8 426.5 434.4 449.7 461 462.8 471.4 474.3 493.3
486.7 466.3 460 448.3 434.6 419 401.9 388.3 365.8 342.6 316.4 301.7 284.6 271.1 254.8 251.7 248.8 246.1 241.2 227.2 211.7 193.6 176.5 167.5 158.7 140.8 127.7 122.6 113.7 112.1 105.7 98.8 79.2 61.2 53.4 46.3 36.5 25.5 13.8 10.6 11.2 11.2 10 19.2 44.5 75.4 103.3 128.3 160.7 196.3 222.2 224 237.1 248.6 245.7 241.2 240.8 242.9 258.4 265.5 274.1 280.9 290 303 312.6 327.4 340.3 357.8 369.9 384.5 405.5 428.4 436.8 445.3 450.2 464 468.6 469 479.3 483.2 503.4
488.1 463.4 457.2 436.7 417.9 397.9 377.1 362.1 335.9 316.9 303.1 292.8 276.2 262 254.5 252.9 250.9 241.7 234.7 225.3 220.6 189.7 169.9 161.8 157.7 139.9 128 118.4 110 102.7 99.4 94.4 77.4 65.1 51.2 42.4 36.2 25 10.4 11.2 11.1 10.9 10.8 20.5 45.2 75.6 102.8 133.4 162.6 199.4 229.3 228.4 236.4 248.1 250.8 244.2 245.1 247.5 262.6 272.4 279.8 286.5 293.3 304.8 322.5 340.8 348.8 369.1 381.6 397.2 419.8 441.3 449.3 462.1 456.6 474.8 480.3 489.1 491.9 491.2 501.3
481.3 455.3 439.8 423.6 397.4 371.1 347.3 334 322.3 306.3 292.4 283.7 272.7 258.3 255.3 253.7 250.4 245.5 235.5 228.3 223.6 185.9 168.8 154 147.8 137.1 128 116.2 109.7 96.9 94.8 90.4 72.9 62.1 54.4 44.3 29.4 22.6 10.6 11.3 11 10.9 10.4 21.7 49.2 76.6 104.6 131.7 165 196.9 229.3 230.3 236.6 250.5 248.8 247.4 252.9 259.3 268.2 274.4 282.5 292.5 303.4 318.2 338 347.7 358.9 376 391.8 411.7 427 453.8 459 470.4 471.2 481.3 486.6 496.6 502.3 503.7 512.1
458.3 442.4 422.7 396.2 373.8 349.9 335.6 320.5 306.7 299.6 289.4 274.8 261.1 258.1 257 254.9 253.4 248.9 235.2 223.5 220.4 187.6 164.9 150.5 140.1 131.2 126.4 114.2 107.1 90.8 86 78.7 71.4 59.9 51.7 40.6 28.9 20.9 10.4 10.1 10.3 10.6 10.3 23.2 51.3 84.3 112.8 136.4 165 197.1 219.2 233.9 242.2 246.7 248.8 253.2 256.6 269.4 277.7 282.7 289.3 303.6 313.5 331.2 353.5 362.5 367.3 388.7 408.1 427.2 442.7 460.8 475.4 480.4 487.6 489.7 501 507.1 523.7 513 531.2
440.1 424.6 402.9 380.7 358.6 338.7 319.9 306.1 301.7 290 274.9 261.3 255.4 253.2 252.6 257.3 255.2 252 242.6 211.7 199.2 187.1 161.7 150 131.5 126.1 123.4 111.3 101.6 88.2 78.5 69.4 63.8 54.5 49.3 35.4 30 22.2 9.6 9.8 10.1 9.8 11 24.9 56 91.4 122.7 141.1 170.6 194.7 215 230.4 246.3 247.7 252.8 258.3 263.5 273 281.8 288.5 298.7 314 322.6 340.6 361.4 377 384.8 401.6 416.8 440.9 451.7 468.5 485.4 495.3 500.3 502.4 510.1 519.1 533 524.6 539.8
421.5 412.5 389.1 362.9 339.2 320.7 309.4 295.4 281.9 270.5 263.7 255.3 251.8 246.7 246.5 251.8 252.3 253.4 246.9 208.2 184.8 181.5 162.9 150.1 133.3 120.2 117.8 107.1 95.3 85.5 71.7 64.8 54.5 49.2 44.5 33.2 27.3 20.2 9.2 9.5 9.7 9 14.2 34.2 59.6 93.2 116.5 141.2 171.6 196.1 216.5 234.4 248.7 251.4 258.8 264.2 272.2 280 287 296.1 305.5 318.3 329.8 347.2 370.7 386.2 402.8 411.8 430.7 453.2 461.7 484.1 496.4 513.2 516.7 516.6 519.6 532.3 539.6 535.1 546.3
413 398.4 373.2 356.6 338.7 317.4 304.3 280.7 267.4 256.8 251.7 247.8 248.1 241 241.4 235.4 234.6 234.6 232 205 182.5 176.3 166.1 152.1 133.7 118.2 108.9 99.4 90.9 79.4 66.5 59.4 54.3 47.8 44.4 35.3 27.4 17.6 9.2 9.6 9.6 8.8 13.8 44.2 70.4 93.8 114.7 144.8 170.3 192.2 219.7 237.8 244.4 254.2 262.8 276.4 283 290.9 293.3 303.2 313.7 325 339.5 354.9 381.9 398.9 415.7 415.2 440.8 452.2 477.7 505.3 512 524.8 530.4 538.2 534.6 540.9 549.9 548.2 556.4
401.3 380.2 369.4 352.9 338.7 317.6 290.9 271.4 257.2 251.8 246.1 243.3 240.3 236 233 226.5 216.9 215.8 213 205.9 183.4 170.2 164.6 150.6 133.1 118.8 107.2 93.9 85.8 76.1 65.8 60.5 54.3 49.4 46.9 36.2 26.1 16.6 8.9 8.9 8.1 10.4 16.8 45.9 73.1 94.1 115.9 141.9 170.7 196.5 224.6 248.4 258.6 265.4 268.8 279.1 290.8 300.3 301.2 310.2 319.7 333.2 349.7 368.6 388.7 399.3 421.4 421 447.4 454.1 480.6 521.8 522 533.4 541.2 554 540.7 547.7 555.1 556.7 569
391.9 372.4 366.7 359 335.8 298.3 276.6 260.7 254 246.5 240.9 238.9 233.4 227.6 224.8 219.8 207.8 204.6 202.8 196.3 186 169.4 163.3 151 138.2 118.4 106.5 96.6 82.6 71.3 64.5 62.7 55.6 51.9 46.5 36.5 24.9 15.7 8.2 8 10.5 11 12.5 38.3 70.3 95.1 114.7 143.7 169.4 201.6 233.2 260.6 268.2 272 278 291 297.9 306.6 308.8 316.7 327.3 336.4 361.4 382.9 393.2 402.9 423.3 435.8 452.2 464 482.3 501.9 524.7 533.8 548.5 564.2 552.6 554.1 559.3 561.4 575.6
374 363 349.7 337.6 313.3 284.2 266 256.2 248.4 239.7 234.3 231.6 227.6 220.1 215.9 210.5 198.3 191.3 191 182.2 177.3 167.3 157.9 147.8 133.9 119.5 108.7 98 83.6 69.2 63 58.4 54.1 47.4 41.2 32.7 21.9 14.6 7.8 10.6 10.7 11.4 12.1 31.5 65.7 89.7 110.8 139.8 169.7 203.1 242.8 268.2 276.9 275.2 284.6 301 303.9 311.8 315.4 321.3 332.8 346.7 370.4 389.6 407.2 416.7 427.8 443.4 463 471.8 491.5 503.8 519.2 542.2 554.7 562.2 560.3 562.1 566.1 567.9 583.7
365.8 348.8 331.4 308.4 290.9 273.9 261.1 255.1 244.6 240.4 239.4 239.9 235 229 221.8 211.6 201 192.2 184.1 173.3 169.2 160.4 149.2 142.5 130.3 119.9 107.4 96.9 82.3 69.1 58.6 57.4 49.9 42.8 33.9 25.1 18.1 11.8 10.4 10.3 10.3 11 12.1 22.8 47.4 74.3 103.5 137.8 176.1 205.9 249 268.8 272.9 281.4 290 301.8 309.2 312.8 318 328.4 336.3 348.8 371.1 389.3 415.2 423.8 437.5 442.1 471.7 483.7 500.3 510.4 514.6 529.1 557.9 571.3 574.7 566.7 576.5 575.5 588.9
364.1 352.9 335.3 306.1 280.9 267.1 257 247.9 242.6 247.4 249.3 249.2 245.2 237.9 231.2 220 211.1 202.5 191.4 179.6 169.3 155.2 139.9 135.6 128.8 117 101.5 89 77.5 64.2 58.3 51.1 44 37.5 30.7 25.1 14.3 7.6 10 9.7 10 11.1 12 15.8 40.6 67.3 97 136.1 180.6 203.3 248.8 262.9 264.1 281.3 290.2 305.2 316.4 315.3 321.2 335.9 339.3 356.5 372.1 391.6 423.9 429.3 439.3 451.9 479.6 495.1 507.4 517.9 516 530.9 570 578.7 583.6 575 577.6 582.2 601.5
353.3 347.5 331.6 313.5 288.9 267.4 253.8 245.7 252.4 256.5 260.7 260.5 258.8 252.4 244.7 234.8 223.7 212.5 199.3 186.2 176.2 163.1 147 131.2 120.2 99.7 94.3 80.1 69.6 61.3 53.4 47.6 37.9 30.7 24 17.6 10.7 7.6 9.8 9.5 9.7 10 11.2 14.2 42.8 68.3 93.4 136.3 178 204.8 227.6 251.5 260.7 290.9 293.8 309.8 317.8 320.6 324.7 334 340.1 353.4 376.8 388.8 425.6 437.9 442.1 466.4 480.2 497.8 514.8 522.6 520.2 540.7 571.8 582.2 590.4 582.3 594.6 584.7 601.1
346.8 339 320 303 287.1 261.7 253 254.1 262 269.3 274 275 275.6 269.1 261.8 250 235.9 223.2 207.7 194.8 183.7 168.9 154.2 137.2 119.3 97.8 89.3 74.4 63.8 55.7 52.4 40.4 35.4 26.1 18.8 12.5 9 8.1 9.5 9.2 9.5 10.2 12.5 17.5 39.3 60.8 82.2 124.1 170.9 202.6 226.7 243.5 255.8 291.7 300.9 307.3 320.2 325.3 326.6 332.3 340.8 354.9 379.5 389.2 418.2 439.9 441.2 464.3 471.1 492.4 514.7 521 522.9 549.3 572.1 592.5 590.9 592.7 596 597.4 599.4
338.4 320 306 295.9 271.6 258.5 255.8 265.2 278.5 286.2 290.3 294.2 292.8 286.3 276.9 262.7 250 230.9 214.7 202.4 190.4 175.6 160.6 145.3 124.8 105 87.2 78.1 61.9 52.8 45.7 41.9 36.4 28.6 18 11.9 9.2 7.3 9.5 8.9 9.5 11.1 14.2 17.6 40.7 56.1 78.4 115.5 152.6 196.6 221.2 241 250.7 274.5 304.4 314.7 324.1 329 327.6 330.2 345.4 355 370.6 386.4 412.6 431.7 447.8 468.7 470.2 481.7 505.3 507.2 528.7 551 569.1 586 576.9 588.4 590 601.1 588.8
322.8 305.7 292.9 277.6 262.4 258.2 266.4 280.6 294.2 302.5 306.9 309.6 301.3 298.7 288.2 275.6 254.9 238.8 222.8 210.8 199.7 185.4 169.8 151.6 130.8 110.1 90.1 69.7 58.3 47.1 40.5 36.9 32.3 28.2 18.1 12.5 10 7.4 9.4 9 9.8 11.3 13.8 20.9 26.6 48 76.9 108.6 142.2 171.7 206.5 229.3 249.6 269.2 295.5 316.8 324.4 331 329.4 326 343.3 345.4 359.1 381.3 403.4 418.3 441.7 461.8 462 471.8 493.6 487.1 514.7 540.8 556.5 555 574.4 590.3 586.2 593 573.7
309.9 298.2 283 266.6 261.3 265.6 282.7 300.3 312 320.5 324.4 325.3 318.7 307.5 295.8 277.2 267.3 258.2 240.9 226.2 212.1 195.9 177.9 159.5 136.8 113.1 94.1 72.3 54.2 44.4 35.1 30 28.6 24.7 17.9 14.3 12.2 8.4 7.6 8.8 9.4 10.2 15.9 33.4 36.7 48.1 68 99 135.8 166.8 191.7 224.3 248.7 282.5 291 298.6 317.3 332.2 322.7 324 331.8 334.5 350.3 376.1 395.6 413.9 426.1 430.5 444.1 466.8 469.9 483.2 505.5 520.1 533.7 536.9 567.1 574.4 578.7 569.9 559.2
300 290.8 275.9 265 268.1 278.4 296 314.5 323.4 329.6 336.2 341.8 338.7 315.2 308.1 297.6 286.5 271.6 252.9 239 223 203.5 184.6 165.7 143.5 118.5 96.3 76.7 60.2 47.3 36.3 26.8 21.6 24.9 18.2 15.5 13.8 9.3 7.5 8.1 8.8 10.1 12.2 31.3 40.4 61.3 80.7 81.1 120.1 160 178.1 213.3 242.6 275.1 294.2 301.6 306.4 315.1 314.6 319.2 324.5 328.5 342 374.6 380.7 383.5 397.1 409 428.6 455.2 452.4 468.8 487.9 510.6 496.6 527.5 540.7 548.8 568.2 559.4 538.4
294.4 285.8 273.5 268.1 282 294.8 308.1 323.9 336.5 343.6 350.9 354 349.1 328.6 326.2 314.1 298.1 280 267 250.4 232.3 214.6 192.2 172.7 151.4 124 99.5 80.1 63 49.2 38.6 28.6 22.3 19.4 18.4 15.6 14 9.5 7.1 7 7.9 8.7 8.9 20.6 37.1 63.7 87 101.5 101.3 154.4 181.5 208.6 223.2 260.3 292.1 310.2 310 308 306.5 308 316.1 324.8 332.1 350.7 364 365.1 376 390.1 408.4 417.1 436 444.4 459.6 480.5 472.5 496 506.6 529.4 546.8 544.9 517.7
289.8 282.2 269.4 281.7 292 302.9 319.6 335.7 351.2 360.5 360.8 365.9 350 347.2 338 327.9 311.4 293.3 277.6 261.9 245.8 229 206.7 180.6 156.6 129 102.1 83.4 65.9 51.1 39.7 31.1 27.3 22.1 18 13.4 10.9 9.2 8.1 7.1 6.9 7.6 8.4 19.9 42.1 70.1 94.1 110.4 122.1 143.8 172.6 208.1 233.5 248.6 273.7 298.1 307.4 311.8 304.2 303.5 308.6 315.2 324.7 336.4 345.7 354.9 372.3 376.1 382 395.1 417.5 422.7 433.6 440.2 454.8 468.6 494.2 527.2 539.5 523.4 486.6
284 275.1 282.7 291.7 302.9 316.2 332.9 349.1 361.5 358.8 363.9 368.7 371.1 367.7 357.8 341 326.1 306.9 288.2 270 259.6 248.8 218.6 189.9 161.5 134.8 106.2 90 68.5 53.5 38.6 35 31.1 26.1 20.1 14.1 11.7 10 8.7 7.7 6.6 7.6 7.3 19.8 43.7 73.7 98.8 113.7 132.2 152.1 172.8 214 238.2 247.2 270.5 292.9 306.3 308.7 301.2 303.2 304.7 315.5 325.9 325 332.4 345.7 361.5 368.1 364.8 377.8 398.6 401.5 411.5 427.5 451.7 460.3 474.7 498.7 504.4 489.4 465
284.3 284.4 292.3 299.6 311.3 331.4 343.4 346.9 352.3 360.5 371.1 380.8 388.8 391.4 377.6 357.5 338.1 319.1 298 289.8 277.2 257.4 230.3 197.4 166.9 138.7 112 94.7 74.9 55.5 44.5 38.4 34.4 29 23.4 16.8 12.1 10.6 9.2 8.6 7.7 6.5 6.5 22.4 47.1 75.2 97.8 112.7 135.4 156 183.2 211.7 236.7 252 269.7 289.6 303.9 305.3 299.5 302.8 303 308.6 330.5 321.5 327 340.1 353.6 361.9 354.7 364.6 381 387.3 396 416.2 440.4 452.1 466.3 476.5 486.2 475.5 445.8
292.8 292.1 298.6 305.7 315.5 330.5 341.1 352.2 363.4 371.7 377.2 388.3 391.4 393.3 390 375.1 351.9 335.8 312.1 302.9 287.6 259.1 228.8 205.4 173.4 143.3 117.8 100.2 83.1 59.4 45.9 38.1 36 30.8 24.7 17.2 12 10 9.6 9.1 8.6 7.5 6.5 23.5 46 72.4 95.7 115.2 140.7 166.1 186.1 209.3 235.1 255.8 272.2 283.3 291.9 300.7 294.7 301.6 301.7 306.3 321.1 318.7 321.7 331.6 353.8 351.2 346.3 353.4 364.4 374.5 390.8 405.3 432.7 432.4 435 450.3 457.4 445.5 429.2
