data/230000-850000.asc
ncols 200
nrows 200
xllcorner 230000
yllcorner 850000
cellsize 50
[rows 70 to 104 of 200, columns 78 to 155 of 200]
449 459.4 461.4 438.6 419.2 418.6 421.6 423 423.1 417.2 421.2 428.6 432.7 440.9 451.6 449.5 427.8 398.5 388.9 384.9 390.3 383.7 381.2 374.3 365.6 364.6 366.1 371.6 379.8 381.1 375.3 366.6 357.3 344.6 333.9 330.5 323.5 326.5 330.6 331.1 330.1 330.8 326.7 326.3 314.5 303.8 291.7 293.4 285.1 288.2 271.7 278.3 282.4 286.5 276.6 266.7 261.4 256.7 246.9 236 225 229.6 233.6 233.1 225.8 218.3 213.2 212.5 200.7 193.8 197.4 199.3 188.3 178.9 170.6 165 153 143
438.4 442 440.5 429.1 418.3 415.8 413.6 413 409.5 401.3 400.5 398.4 402.5 408.8 419.3 429 427.4 408.9 389.3 380.2 377.1 372.7 367 365 356 352.7 350.8 347.7 350.7 352.2 353.4 348 341.6 334.5 329.4 321.5 316.1 323.2 328 328.3 325.7 321.9 311.9 299.5 282.6 267.8 259.2 255.9 252.9 249.7 246.7 253.5 253.6 251.6 247.2 243 234.6 220.1 214.7 210.6 208.4 210.7 210.1 204.7 201.6 199.6 198.7 193.7 186.2 188.5 196.5 197.1 192.6 188.3 175.1 160.7 145.1 137.1
433.2 431.1 431.2 428.5 415.6 412.6 414 407.5 394.2 383.5 378.8 379.5 385.2 387.3 392.9 397.3 401.4 399.3 388.2 375 368.1 361.5 357.5 354.1 347.6 340.6 335.2 331.3 329 332.5 335.5 336.9 332.2 325.9 320.2 310.8 312.1 315 320.9 325.8 324.4 315.1 306 289.8 260.5 246.5 238.9 232.9 225.3 222.6 226.6 233.6 228.7 221.5 219.8 214.3 206.4 200.2 196.7 196.3 194.2 194.5 193.3 193.7 189.1 182.8 174 178.9 180.4 181.7 182.6 181.1 173.8 169.2 158.4 145 132.6 133.4
426.6 423.5 435.2 429.6 409.9 403.4 399.7 389.6 370.9 361.1 356.6 360.4 364.2 366.3 373.3 377.1 378.3 378.4 375.2 367.8 355.2 353.3 346.1 341.4 333.4 324.6 318.5 318.6 318.7 319.2 315.5 312.8 312.2 303.4 308 302.1 301.2 304 302.6 305.9 303.5 298.1 287.4 271.3 246 229.2 219.9 213.9 208.6 204.5 204.6 207 207.5 204.2 197.2 195.1 189.6 184.4 183.2 180.5 180.9 178.2 175.6 173.7 170.3 169 169.4 172.5 172.1 167.5 167.2 163.9 159.3 149.8 138.6 134.3 129.4 127.3
410.4 407.3 424.8 419.2 414.3 401.2 386.3 380.9 361.9 345.2 338.1 336.3 340.3 341.7 338.9 348 344 348.2 350.4 344.8 337.9 328.9 337.2 330.5 320.6 314 311 309.1 304.9 304.5 302.4 298.6 292.9 288 292.6 289.9 285.6 287.2 290 287.6 278.7 269.7 255.1 242.6 232.1 215.2 211.3 208.9 203.9 200.3 192.9 190.8 191.5 190.4 187 181.3 174.7 168.2 165.9 163.6 166.2 166 162 161.1 163.6 164.5 165.2 159.4 154.1 151 146.6 149 151.2 144.7 131.3 124.8 123.7 120.5
400.7 390.3 397.3 402.6 405.6 393.3 375 361.7 347.2 338.1 334.7 319 312.6 313.3 313 308.6 313.7 314.2 319.1 322.9 314.2 317.3 314.1 315.2 311.7 306.5 300.2 294.1 291.6 287.1 286.2 283.6 282.1 277.6 277.1 275 272.6 270.4 265.5 254.1 248.2 245.3 226.4 216.6 207.4 202.7 205.2 202.6 196.7 186.6 179.7 176.3 178.3 174.3 168.4 167.7 162.1 157.2 158.6 159.4 152.4 147.7 152.4 155 148.6 143.3 134.3 133.8 134.2 140.2 148.5 148.4 149.8 137.4 125.5 118.5 119.4 119.8
399.9 384 379.2 382.2 384.9 382.9 366.1 349.6 336.5 330.2 321.5 311.3 296.5 287.1 288.6 285.4 285.3 288.9 289.5 295.1 294.3 296.4 300.4 301.8 294.2 296.7 291.9 284.5 274.9 270 267.6 270.2 267.5 262.8 256.4 257.7 253.4 252.3 248.2 236.2 222.2 219.7 211.7 197.9 191.4 190.8 188.2 186 184 176.7 169.1 168.4 172.6 167.9 162.4 157.3 152.6 147.9 140.1 144.1 145.6 138.7 133.2 124.3 118.5 117 117.3 123.4 127.4 137.9 138.4 140.1 132.3 119.4 113.9 114.1 112.8 103.6
398.3 376.1 365.6 362.2 361.8 360 354.7 346.3 337.7 322.6 309.8 301.5 283.2 275.3 267 265.5 266.1 263 267.7 268.2 273.5 278.2 280.3 276.6 278.5 274.1 276.5 273 265 252.5 250.7 252.6 251 251.6 234.2 227.6 227.4 222.6 221.7 213.1 208 207.2 195.8 179 177.1 173.2 168.3 166.3 166.3 157.5 148.4 148.3 147 151.5 153.2 145.2 131.1 123 122.1 118.5 110.9 105.7 101.7 108.5 109.8 107.4 103.4 110.6 115.2 117.2 116.8 113.8 109.7 105.7 102 97.3 90.7 82.4
386.4 372.9 365.8 358.7 351.7 347.4 348.5 342.4 339 332.7 314.8 296.2 278.2 262.5 252.4 243.1 240.3 239.7 237.8 242 248 250.7 255.4 254.3 253.1 247.9 251 249.8 250.7 243.8 229.3 227.8 223.6 217.3 213.8 211.5 205.1 202.6 199.8 198.3 194.5 183.4 171.4 162.7 160.8 154.7 144.8 142.1 143.7 137 130.2 129.1 126.4 124.2 117 111.7 107.4 105.3 102.7 101.2 99.5 96.2 92.9 98 100.3 98.8 95.7 96.8 98.6 100.5 101 100.2 98.3 93.6 87.6 74.8 83 85.9
388.4 370.2 368.1 358.8 345.2 340.1 333.2 325.4 324 319.5 312.2 303.9 284.5 258.4 242.1 233 222.4 218.3 215 219.2 223.2 223.8 222.3 225.8 227.2 220.2 220 222.8 223.1 218.3 210.7 206.4 199.4 193.1 191.4 186.6 177.3 171.5 172.4 181.8 177.3 164.8 155.3 146.2 139.2 133.8 125.1 123.7 123.2 115.4 112.6 111.8 102.4 100.8 98.3 95.7 94.4 94.7 94.9 90.4 86.4 86.4 86.4 86.4 86.4 86.4 86.4 88.9 89.7 92.4 86.4 90.1 87.9 74.5 79.9 86.9 88.1 90.2
372 367.3 360.4 353 343.6 342.2 334 315.1 304.4 299.2 296 284.9 273.1 258.2 237.5 220.6 208.7 199.1 197 198.4 196.1 193.7 190.4 193.8 197.6 197.6 193.9 195.2 194.5 193.2 187.8 180.4 183.5 174.4 166.2 160.1 150.5 146.3 149.5 149.2 150.5 148.8 140.4 130.4 122 117.6 109.2 103.9 102 99.9 96 94.9 91 89.8 86.4 86.4 86.4 86.4 86.4 86.4 86.4 86.4 86.4 86.4 86.4 86.4 86.4 86.4 86.4 86.4 86.4 86.4 86.4 82.9 88.5 90 92.1 93.3
362.7 355.3 343.9 337 331 326 324.7 318.5 303.9 284.8 270.1 266.4 255.6 245.5 237.3 223.9 206.2 183.4 177.8 177.8 174.6 169 162.6 160.7 163.6 160.9 162.7 164 160.9 155.6 156.5 154.6 157.6 155.9 142.3 139.2 128.6 125.9 123.2 125.3 124.7 125.3 116 107.3 103.3 101.1 95.1 94.6 93 91.8 89.7 88 86.4 86.4 86.4 86.4 86.4 86.4 86.4 86.4 86.4 92.6 93 92.3 91 90.9 86.4 86.4 86.4 86.4 86.4 86.4 86.4 92.2 93.1 96.2 95.8 98.1
350.1 342.7 332.5 321.5 317.7 307.5 300.1 296.8 291.3 277.5 263 250.9 242.3 232.2 221.3 209.9 197.3 179.2 167.3 161.7 153.9 148.4 139.3 134.3 130.4 128.8 132.8 127.8 129.6 125.1 125.2 124.5 127.5 125.8 115.7 109.7 104.1 101.8 103.5 103.5 102.8 99.6 94.3 90.7 87.7 86.4 86.4 86.7 86.4 86.4 86.4 86.4 86.4 86.4 86.4 86.4 86.4 86.4 90.2 97.4 99.7 100.3 100.9 100.6 97.6 97.5 95.5 92.3 86.4 92.4 94.1 101.2 110.5 113.2 111.5 109.4 109.5 107.6
339.8 334.4 331.6 313.8 300.4 292.8 277.3 276.7 275.6 261.5 251.8 242.9 233.9 224.3 208.9 192.7 185.6 172 158.9 148 139 131.5 123.7 117 109.7 108.1 106.3 104.8 100.9 98.6 99.3 101.1 101.5 96.9 93 86.4 86.4 86.4 86.4 86.4 86.4 86.4 86.4 86.4 86.4 86.4 86.4 86.4 86.4 86.4 86.4 86.4 86.4 90 96.7 99.5 102.6 104.2 105.5 110 113.6 116.8 120.1 119.7 115.8 112.4 110.5 110.2 104.6 112.2 125.3 130.3 128.7 130.1 119 118.9 118.7 114.3
332.7 316.2 315.9 303.7 283.9 278.1 263 254.6 257.1 247.9 235.9 227.7 216.6 207.1 196.7 186.7 175.9 164.3 151.9 142.4 126.8 118.1 108.6 103.2 98.7 89.8 86.4 86.4 86.4 86.4 86.4 92 87.3 86.4 86.4 86.4 86.4 86.4 86.4 86.4 86.4 86.4 86.4 86.4 86.4 86.4 86.4 86.4 86.4 86.4 86.4 99.4 107.9 112.5 115.1 117.3 120.7 129.7 140.4 143 144.2 154 149.7 143.6 136.8 131.1 126.7 123.8 118.7 129.5 141.4 139.7 138.1 128.8 129.7 125.8 123.7 118.5
315 303.9 291 290.8 272.1 262.4 245.6 233.1 233.1 229.4 219.2 207.3 196.2 183.3 178.6 174.1 168.1 153.4 137.9 127 115.9 106.1 101 96.5 87.6 86.4 86.4 86.4 86.4 86.4 86.4 86.4 86.4 86.4 86.4 86.4 86.4 86.4 86.4 86.4 86.4 86.4 86.4 86.4 86.4 86.4 86.4 94 106.8 113.3 118.3 125.4 136.8 143.4 148.6 151.6 155.6 163.4 173.5 176.9 169.3 164.6 156 150.8 144.3 140.3 135.9 131.2 129.9 135.7 141.3 144 139.1 138.1 134.8 134.9 135.8 140.5
297.2 290.2 269.2 268.5 260 247.3 229.7 215.8 208.5 203.9 200.6 187.2 175.6 163.2 151.3 149.7 138.3 131.2 122.8 113.2 105.9 99.5 95.1 89.5 86.4 86.4 86.4 86.4 86.4 86.4 86.4 86.4 86.4 86.4 86.4 86.4 86.4 86.4 86.4 86.4 86.4 86.9 91.8 86.9 86.4 97.6 113.6 127.5 144.9 150.3 157.3 166.1 169.4 174.5 178.3 182 191.9 196.6 202.1 198.2 188.5 177.7 172.3 167.4 162.5 154.3 146.6 140.2 138 135.8 144.1 142.9 141 137.2 139.7 144.5 145.4 147
278.9 272.3 259.3 247.3 246.8 233.2 214.3 201 190.4 183.2 174.7 169.1 151.7 142.5 128.9 124.6 124.4 107.7 108.3 104.6 100 93.5 86.4 86.4 86.4 86.4 86.4 86.4 86.4 86.4 86.4 86.4 86.4 86.4 86.4 86.4 86.4 86.4 86.4 86.4 86.4 91 95.8 96 107.1 124.5 147.4 163 174.8 184.1 191 199.1 196.2 200.3 207.9 220.2 226.4 230.9 229.7 216.2 210.3 200.7 191.3 180.6 169.5 158.4 155 149.3 145.2 143.4 150 148.2 146.4 147.3 150.9 151.4 155.9 158.5
266.3 266.7 254.5 238.1 229.5 215.4 198.3 186.6 175.6 168.2 159.9 147.7 134.3 128.2 121.4 110 105.9 99.7 97.9 95.4 88.9 86.4 86.4 86.4 86.4 86.4 86.4 86.4 86.4 86.4 86.4 86.4 86.4 86.4 86.4 86.4 86.4 93 95.4 93 96.1 98.6 104.6 115.8 137.6 154.1 170.3 190.2 202.5 213.3 219.5 217.9 220 230.7 241.5 246.1 248.6 247.2 232.2 228.4 228.7 217.4 214.1 207.2 191.9 177.6 165.8 158.9 150.6 147.3 149.9 154.6 161 165.3 169 175.2 179.1 177.4
249.2 251.1 241.9 225.1 209.8 204.2 197.4 179 165 156.7 145.4 135 124.3 114.3 112.5 101.5 96.3 92.3 89.3 86.4 86.4 86.4 86.9 87.9 87.6 87.3 86.3 86.4 86.4 86.4 86.4 86.4 86.4 86.4 86.4 86.4 94.1 104.6 111.1 109.7 118.8 114.4 121.1 142.8 162 174.1 194.1 209.1 216.9 223.7 226.8 228.1 236.3 247.9 255.6 260.9 255.5 249.8 240.8 236.7 227.7 231.9 217 205.7 194.7 180.3 174.4 167.3 156.1 160 160.8 165.5 172.2 175 181.6 184.4 183.8 177.9
236.3 231.9 225.9 217.5 198.5 185.7 182.4 166.8 150.7 134.4 131.4 123 112.5 105.7 101.1 94.6 89.6 86.4 86.4 86.4 86.7 88.3 88.6 88.3 88.6 86.4 86.4 86.8 87.2 88.3 87.2 86.4 86.4 86.4 86.4 91.2 110.9 129 140.6 141 138.8 131.4 145.8 170 181.6 191.5 206 212.9 221.5 228.2 234 243.7 244.9 253.5 257.4 257.3 257 255.1 248.6 239.2 245.6 241.9 225.9 212.2 197.5 181.9 175.9 168.3 168.6 170.6 172.9 177.9 182.5 183.6 187.7 191.9 192.7 190.8
221.8 216.1 211.2 207 192.9 177.3 170.9 159.9 136.7 125.3 114.9 113.1 105.9 99.5 92.6 87.4 86.4 86.4 86.4 89.9 89.3 89.3 90.4 91.4 92.5 93.4 95.5 97.6 97.1 97.4 93.6 89 90.1 93.1 95.4 104.3 132.8 148 152.5 146.6 141.5 140.2 159.7 177.3 186.5 191.3 204.6 213.2 221.1 229.5 240.7 251.4 251.4 254.9 257.1 257.3 256.7 261.8 256.3 262.2 260.8 261.7 260 236.3 210.5 194.6 178.3 180.4 183.9 186.8 185.7 188.4 191.9 194.2 195.2 193.9 193.3 194.6
202 200.2 194.3 194.3 188.9 168.4 157.7 150.6 123.8 112.8 107.1 105.8 104.4 90.5 86.4 86.4 86.4 90.8 93.8 96.8 98.9 100.5 103.8 106 106.9 107.8 109.5 111.8 113.1 112.2 110.5 101.9 97.6 100.3 105.9 112.8 133 145.8 147.3 144.3 142.6 145 160.2 170.6 182.8 190 195.3 203.9 213.3 223.2 236.1 239.4 245.7 252.3 259.7 262.1 265.4 275.7 280.4 287.5 292.5 285.5 280.5 248.3 221.8 198.2 193.6 204.5 205.7 206.9 206.2 203.7 203.5 206.2 205.6 203.3 207.9 210.2
177.5 180.5 179.7 179.3 183.6 164.7 144.4 125.2 113.7 105.7 97.9 91.4 87 86 87.8 90.8 95.3 99.1 102.3 104 110.4 115.9 126.5 132.9 131.1 122.2 124 128.3 130.3 128.1 127.1 120 106.7 103.5 110.2 119.5 134.8 145.7 144.6 145.1 151.1 165.9 177.5 190.8 196.8 198.4 201.5 203.6 208.5 222.4 227.4 233.4 245.6 254.7 261.9 270 281.7 289.9 291.9 296.2 295.6 292.1 286.6 255.7 218.7 208.9 210.9 213.3 214.1 216 212.8 212.3 222.1 227.1 225.5 219.7 218.7 217.6
156.7 159.8 161.7 163.8 163.4 155.9 132.7 117.3 107.7 100.5 93.2 88.6 86.6 88.9 93 98.5 101.7 105.3 107.4 112.7 121.2 128.8 135 136.5 137 134 135.2 137.7 141.6 140 137.7 131.6 115.5 107.4 113.3 123.3 137 141.7 153.8 165.8 173 185.9 201.2 205.2 209.1 206.2 208.3 213 219.8 228 238.1 245.9 253.9 264 272.8 284.2 291.3 295.6 303.3 298.6 297.5 296.8 289.4 243.8 225.7 221.6 220.7 220.9 224.3 223.1 222.1 225.7 235.5 238.4 236.5 233.1 229 233.5
137.3 140.5 138 142.4 148.9 145.9 127.9 118.7 104.9 97.7 90.4 86.3 90 93.5 97.6 104 109.1 112.8 116.9 124.4 129.8 138.8 147.8 154.5 158.7 150.5 148.2 153.5 153.1 150.7 145.1 131.5 123.4 119.2 117.3 125.3 137.5 148.1 166.7 173.8 186.2 199.3 211.3 211.6 216.9 213.7 213.3 219.4 227.3 234.9 240.6 247.3 252.6 263 275.5 286.3 293.4 301.7 306.5 299.7 298.2 299.5 282.8 244.2 244.2 238.4 236.2 234.2 237.1 234.5 235.9 238.9 243.4 249.3 251 246.7 244.1 245.8
119.1 120.4 128.9 132 124.9 122.4 120.3 107.4 96.8 89.9 86.6 90 94.1 98.9 104.9 110.5 117.2 122.3 129 134.6 140.1 151 158 165.9 167.7 171 171.5 163 158.8 152.1 145.4 136.6 130.8 130.9 130.7 129.7 148.8 164.3 181.4 185.6 189.5 200.8 208.9 216.2 217.2 218.4 221.9 229.5 235.9 239.7 240.6 243.1 248.5 258.7 271.8 287.5 298.5 305 303.5 300.8 290.6 296 263.6 267.3 266.6 261.7 258.4 254 251.6 250.8 251 248.8 254.4 258.2 259.4 260.5 263.9 261.7
111.1 117.3 124 120.5 111.5 108.4 109.4 100.4 95.2 88.8 88.1 93.5 98.4 105.7 113.1 120.1 127.3 131 135.5 141.7 146.4 156.1 169 178.6 180.7 180.4 177 170 162.1 151.7 148.6 147.9 137 139.1 149.8 143.8 167.9 186.1 192.9 201.7 202.8 207.9 212.9 218.4 223.3 224.5 228.6 237.3 241.3 242.2 244.4 251.3 257.9 267.5 272.4 285.4 296.1 299.3 295.3 287.5 272.7 271.1 276.8 280.6 286.1 291.8 290.5 285 282.3 275.4 267.4 261.4 265 268.7 269.2 271.8 269.5 267.3
107.4 111.1 113.3 107 103.7 99.2 98.7 99.1 94.2 86.2 90.4 99.2 104.4 113.4 123.5 132 137.8 142 145.3 151.7 160.9 173.4 179.8 186.7 190.2 185.9 178.3 170.8 165 158.5 153.1 150 142.2 141.8 155.1 164.2 180.7 201.6 206.1 210.3 216.8 224 226 227.1 231.1 234.8 236.9 246.6 247.4 245.1 246.8 250.7 259.3 268.4 276.5 287.9 292 298.3 292.4 274.3 279.9 289.9 298.5 299.1 307.9 314.2 321.3 322.6 306 295.2 285.3 274.7 278.2 279.1 276 275.4 274.3 276.2
104.1 105.8 107.8 104.8 97.8 94.8 91.6 89.6 86.2 89.1 99 103.7 112.5 123.5 133.9 141.5 147.4 152.4 159.5 168.9 176.9 183.4 185.8 189.5 191.5 190.6 183.3 176.4 173.3 170.2 163 156.7 157.7 158.3 169.4 182.3 186.5 202.5 215.2 218.1 226.9 232.8 243.3 250 255.2 254 251.9 257.1 259.9 253.1 249 250.2 255.4 264.4 274 281.9 288.9 297.5 286.4 289.6 304 316.4 324.4 330.9 345 353.8 350.3 349.2 338.3 319.2 306.1 290.8 282.5 284.4 282.8 275.4 271.5 270.6
102.6 102.4 101.6 94.4 92.2 91.1 89.2 86.7 91.2 100.3 105.5 111.5 123.6 134.4 144.4 152.3 157.7 164.2 174.2 183.6 189.3 194.6 193.4 193.3 191.4 189.9 182.5 181.4 184.6 176.5 169.8 166.9 168.7 172.2 181.7 192.2 194.8 204.3 218.9 231.5 245.9 259.4 268.7 272.2 282.5 282.4 275.1 268.8 265.9 260.9 254.7 252.7 254 261 271.3 272.3 275.7 282.4 286.5 293.5 305.3 313.7 327.4 345.2 357.5 362 360 363.6 360.9 349.1 335.8 314 299 290.6 287.6 278.6 269.3 267.5
100.6 96.3 93.6 92.3 91.9 89.9 90.4 90.8 101.3 107.5 112.2 122.7 135.7 144.8 154.4 162.6 171 179.7 190.2 199.1 204.3 206.8 207.2 206.8 201.7 190.9 188.9 190 188.2 183.3 184 187.2 181 191.7 200.1 198.2 205.1 205 224.4 237.7 251 266.7 276.4 282.6 290.2 292.3 289.4 284.5 281 274.7 271.6 265.3 262.7 261.4 275.2 278.7 282.3 290.5 295.3 302 314 324.2 331.7 342 353.4 359.2 361.4 359.3 352.4 350.4 348.1 335 317.4 305.8 287 281.7 283.4 276.9
92 92 90.6 91.6 91.5 90.8 87.4 100.5 107.5 114.8 125.1 136.7 147.4 158.5 169.3 176.6 184.5 196 207.1 211.3 212.8 217 216.8 214.4 207.1 195.4 194.9 201.8 202.5 209.7 210.2 209.5 202.5 211.8 215.8 209.4 216.8 214.8 231.7 248 259.5 275.8 284.6 291.5 300.3 299.2 293 298.7 300.9 290.2 289 279.8 274.8 277.5 283.1 295.4 299.7 314.5 325.2 338.1 342.9 345.1 352.2 349.8 351.4 355.9 365.3 367.7 360.7 360 354 337 320.7 295.6 289.7 285.8 287.8 280.3
90.4 90.2 89.8 89.7 89.6 91.4 103.2 110 119.3 126.3 139.9 151.3 160.5 169.2 178.3 187.8 195.8 206 217.6 226.4 229.4 228.7 221.6 213.7 207.7 200 203.1 204.6 207.5 217.6 214.7 212.9 214.8 220.8 220 214 225.4 230.7 241.2 252.8 262.2 274.7 285.6 293.5 301.5 305.5 313.3 311.4 303.5 293.1 285.9 284.9 289.8 293.5 296.2 308.1 317.9 329.8 348.5 354.9 360.4 362.9 362.5 363.5 355.9 351.8 359.9 361.1 359.7 352.2 341.7 328.1 304.4 282.1 276.5 279.7 281.2 279.4
96.3 95.3 95.7 99.7 103.2 109.8 118.8 126.6 135.3 140.9 154.2 166.4 175.3 182.5 188.1 198.4 206.1 213.1 219 221.1 220 220.9 219 210 208.3 210.5 212.6 213.5 217.9 224.3 224.6 222.3 220.1 225.2 222.9 222.2 229.5 241.4 243.2 254.6 265.9 271.5 279.2 293.4 304.4 309.4 313.9 310.8 298.6 289.9 293.1 295.5 301.1 306.1 308.4 319.5 328.9 339.8 343.7 356.9 370.7 377.2 374.2 372.1 367.1 360.9 358.2 350 340.4 336.2 325.9 312.4 301.7 285.4 276.3 276 276.6 276.2
