data/230000-70000.asc
ncols 200
nrows 200
xllcorner 230000
yllcorner 70000
cellsize 50
[rows 70 to 104 of 200, columns 0 to 78 of 200]
185.5 185 183.5 179.9 175.1 170.2 164.1 157.6 151.1 144.8 141 137.2 132.1 127.3 122.4 119.5 117.9 116 113.6 112 109.2 109.3 113.5 118.1 120.7 120.3 116.8 111.5 110.7 118.2 123.9 129.7 134 135.7 138.3 143.2 146.4 149.5 151.5 151.7 152.2 152.5 150.9 148.4 144.7 140.7 137.5 134.4 131.7 129.3 126.9 124.5 119.5 111.5 90.2 98.7 106.5 110.4 110.8 110.9 110.2 108.7 108.2 107.5 106.8 106.6 106.5 106.2 101.2 82.1 66.9 75 92.4 104 104 87.1 94.6 106.9 112.9
182.4 181.8 180.3 177.3 173 168.4 162 155.4 148.9 141.9 135.4 131.4 128.1 127 125.2 122.4 120.3 117.7 116 113.3 110.4 112.9 117.7 122.7 125.1 123.7 119.3 113.4 114.6 121.6 127.2 132.6 136.9 139.2 141.3 143.8 146.7 149.5 151.9 152.3 152.6 152.8 151.6 149.6 146.1 142.8 139.9 137.3 134.4 131.2 129.4 127.1 125 110.7 91.9 102.8 109.9 111.8 111.3 110.1 108.2 106 105.3 104 104.8 104.6 104.5 103.1 99.2 78 68.4 81.5 98.8 108.9 108.5 95.8 88.6 104.2 112.5
178.7 178 176.4 174.2 169.9 165.5 159.7 153.2 146.7 139.9 134.4 131.3 130.7 131.2 129.6 126.8 122.7 119.7 117 114.1 112.2 116.6 122.5 128.5 129.4 127.2 121.2 115 117.3 123.9 129.6 134.2 138.3 141.5 143.7 146 148.8 151.7 152.7 152.7 152.7 152.7 151.1 149.4 147 144.1 141.2 138.4 135.5 132.5 129 126.3 120.9 104.4 96.4 107.5 111.7 112.4 111.5 109.1 106.4 103.7 100.5 99 100.8 102.2 102.1 99.5 85.7 72.4 71 89 106.5 112.2 112.4 104.8 92.4 98.5 110.4
176.1 174.6 173 170.3 166.6 162.4 157.4 151 145.3 139.8 135.4 134.6 135.3 135.2 133.2 129.6 124.4 121.4 118.2 115.4 115 120.2 127.8 133.5 133.4 130.7 125.2 117.8 121.6 127.3 131.1 135.7 139.7 143.6 146.3 148.5 151 153.3 153.5 153.5 153.2 152.3 150.4 148.7 146.4 144 141.8 138.6 134.2 129.8 125.6 121 109.8 101.4 109 113.3 113.9 112.4 110.7 107.8 104.9 100.7 95.9 91.1 90.3 90.5 94.7 84 73.4 71.5 81.3 95.4 108.4 113.9 113.9 112.4 102.6 93.1 105.9
172.6 171.6 169.5 166.2 163 159.2 155 149.8 145.1 140.5 138 137.9 138.4 137.5 136.8 131.3 126.2 122.4 119 115.9 117 124.7 132.1 136.3 136.2 133.3 128.8 120.9 121.7 128.3 132.5 137 141.2 145.1 148.4 151.1 153.3 154 154.2 153.5 152.7 151.9 150.1 148.3 145.5 143 139.8 134.6 128.8 124 118.8 113.1 110.6 115.6 118.8 118.7 116.9 113.3 109.5 106.4 102.3 96.5 87.6 82.8 80.6 78.8 78 75.3 76.5 82.4 92.2 103.2 112.1 116.2 117 116.9 113.5 103.4 98.8
169.9 168.6 167.2 163.8 160.4 157.1 153.6 149.3 145.4 142.5 141.1 141.4 140.9 140.1 138.4 134.7 127.9 123.1 119.6 117 120.8 128.5 135.1 138.4 138.4 135.5 132 124.8 121.2 127.1 131.7 136.3 142.1 147 150.3 153.9 155.4 156.3 155.5 154.5 153.9 152.8 150.5 148.2 146 143.7 141.7 139.1 137.8 133.8 128.7 125.6 126.9 128.3 127.3 123.9 119.7 115.1 110.1 105.5 99.1 91.2 84.9 84.3 85.6 84.7 84.2 85 90.2 97.4 106.8 114.6 118.4 119.2 119.8 119.9 119 115 103.7
166.8 166.3 165.4 162.9 159.6 156.4 153.3 150.2 147.2 145.4 144.8 143.7 142.6 141.5 139.7 137 131.6 124.8 120.6 118.8 124 130.9 136.3 139.8 139.8 137.6 134.4 129.3 123.6 126.2 131.6 137 142.9 148.6 152.4 156.1 157.6 158.4 157.9 156.6 155.4 154.1 152.2 150.6 149.5 147.8 148 149 147.4 144.1 141.4 137.6 136 136.6 134.2 130.4 124.8 119 112.7 107 99.7 89.7 86.2 92.8 94.6 94 96 99.9 105.6 113 118.3 120.7 122 122.1 122.3 122.1 121.3 119.2 114.3
164.4 164.6 164.5 162.8 160.6 158 154.7 151.9 149.3 147.3 146.5 145.2 143.8 142 139.8 137.3 134.2 127.6 121.2 121.7 127.9 132.7 137.3 139.6 139.8 138.1 135.3 131.1 126.5 127.3 132.2 137.4 143.3 149.6 154.7 158 159.8 160.1 159.6 158.9 157.5 156.1 154.6 153.3 152.6 152.1 152.6 152.2 151.5 149.5 147.6 146 144.7 142.6 139.9 134.9 129.3 124.2 118.4 111.5 105 89.4 91.5 97.5 99.8 104.5 108.2 112.2 116.8 122.5 125.3 126.5 126.2 125.9 125.5 124.7 123.5 121.7 118.8
163 164.3 164.5 165.1 163.6 160.7 157.2 153.7 151.5 149.1 147.3 145.4 143.4 141.5 139.1 136.5 134 127 123.3 127.3 131.2 134.9 137 139.7 138.9 137.1 134.7 131.5 127.9 130.5 135.2 138.8 145.1 151.1 155.9 159 161 161.1 161.3 160.1 158.8 157.6 156.9 156 154.9 154.7 154.8 154.9 154.3 153.1 151.6 150.3 148.6 146.2 142.9 137.9 132.2 128.7 124.2 118.5 108 90.5 99.4 106.5 111.7 114.9 116.8 120.2 124.7 129.9 132.3 133.6 133.7 133.1 131.7 129.4 126.9 124.6 122.2
160.6 162.1 165.7 166.8 165 163.5 159.2 155 152.2 150.9 147.3 144.4 142.2 139.6 136.5 131.5 126.9 125.9 129.3 133.4 135.7 137.9 138.8 139.7 137.9 136.1 134.4 131.2 130.3 133.1 136.4 141 147.5 153.1 156.5 159.8 161.1 161.9 162.2 161.4 160.1 159.1 158.4 157.8 157.2 156.8 156.6 156.6 156.8 155.6 154.1 152.7 149.8 146.9 142.8 137.6 133.2 128.8 123.1 114.2 98.3 97.3 111 116.3 119.1 121 122.4 125.4 130.5 135.1 137.9 140.5 141.5 141 139.9 136.9 135.1 131.3 126.9
159.1 163.3 167 168 166.7 164 160.8 156.2 153.2 148.8 144.6 141.5 139.2 136.3 130.9 130.5 130.4 133.2 136.5 138.6 139.9 140.9 140.9 140.7 139 137.2 134.3 132.2 133.4 135.6 138.5 142 149.4 154.2 156.9 159.1 161.4 162.2 162.7 162.4 161.5 160.5 159.8 159.1 158.1 157.6 157.3 157.3 157.8 157.4 154.9 152.5 149.2 145.8 141.2 135.3 128.7 122 109.6 98.9 95.8 108.3 118.8 122 124.6 126.3 127.6 130.9 135.5 140.3 143.3 146.6 147.1 147 145.2 144.8 142 139.2 135
159.1 164.3 167.5 168.4 166.8 163.6 160.6 156 150.9 146.1 142 138.8 135.8 133.1 134.2 135.5 138.7 142.5 144.5 144.5 143.3 143.8 143.6 142.7 140.4 138.3 135.8 135.1 137.1 139 141.2 145.7 151.5 155 157.4 159.5 160.9 161.8 162.1 161.6 161.8 162.2 160.6 159.9 159 157.9 157.9 158.2 158.8 158.4 155.6 152 148.2 143.8 138.6 131.7 120.8 106.7 97.7 98 105.7 117.5 123.3 126.9 129.3 130.7 133.1 136.2 140.3 145.2 148.6 151.5 152.6 153.1 152.1 150.7 147.8 143.8 138.4
158.7 163.9 168 168.5 167 164 159.4 155 148.8 144 139.9 137.6 136.4 136.3 137.6 139.6 142.5 145.1 147.8 149.1 149 147.6 146.6 145.1 142.5 139.8 136.1 137.4 140 142.6 145.7 149.5 152.8 156.3 157.7 159.2 160.6 161.2 160.8 160 159.8 160 158.9 159.3 159.5 158.6 157.1 157 157 155.9 153.5 150.3 145.4 139.9 133.9 126.3 111.7 99.6 98.5 107.9 117.6 124.1 128.6 131.3 133.5 135.6 138.6 141.6 145.1 149.8 152.8 155.7 158.4 158.4 156.8 155.1 152.2 148.4 141.3
159.5 166.1 169 169.1 168.3 166.2 161.4 155.3 146.8 142.7 140.8 139.4 139.8 140.8 141.7 143.8 144.5 147.5 150.6 151.8 153.1 151.6 149.4 147.5 144.6 141.1 139.2 140.3 142.6 145.4 149.1 152.5 156.2 158.1 159.1 160.4 160.2 159.9 159.5 158.7 157.5 156.6 155.5 155.2 155.8 155.8 155.2 154.8 153 151.4 149.1 145.5 139.5 132.7 126.6 116.8 103 100.3 106.8 119.9 127.4 131.4 134 137 139.1 140.5 143.1 146.1 149.7 154.3 157.3 159.8 161.2 162.2 160.7 158.3 155.2 151.3 146.3
160.6 167.7 171.6 171.8 171 168.6 163.3 157 148.5 143.8 144 145.5 144.7 145.3 148.2 149.6 148.4 149.9 153.7 154.2 154.6 154 151.7 148.5 145 142 142.7 143.7 145.4 148.5 151.9 155.3 158.6 160 160.7 159.8 159.5 158.8 158 156.6 155.3 153.5 151.6 150.2 148.4 148.3 149.6 150.3 147.6 145.6 141.8 137.3 130.4 125 118.2 108 101.1 106.2 118.2 131.4 136.5 138.5 140.7 143.1 145.6 146.3 146.9 149.3 153.8 158.6 162.1 163.7 164.2 165.3 163.8 160.9 157.9 154.1 150.9
162.1 168.9 173.4 174.8 173.4 169.5 164.1 157.8 149.7 145.9 148.6 151.9 152.3 155.3 151 151.2 152.9 153.2 157 157.8 157.8 155.2 152.6 149.3 146 145.8 146.3 147.1 148.7 151.5 154.8 158.2 161 161.7 161.5 160.7 158.7 158 156.3 154.4 152.5 150.4 148.3 146 143.5 141 140.8 140.7 139.3 136.3 133.3 127.7 123.1 118.1 109.1 102.7 106.3 116.1 131.2 141.7 143.8 145.5 147.5 149.9 152 152.8 152.5 152 157.9 163.5 166.9 167.7 167.6 168.3 167 164.2 160.6 157.2 155
163.6 168.8 173.4 174.3 173.4 169.4 163.7 157.5 152.5 149.3 152 155.8 158.8 160.2 159.2 158.3 158.5 159.1 160.6 160.9 159.6 156.5 153.7 150.7 149 149.6 150.6 151.6 152.5 154.8 157.8 161.1 162.8 163.3 162.6 161.5 159.4 156.6 153.6 151.4 149.5 147 144.2 141.4 138.9 137.2 135 131.3 129.6 125.1 121.4 119.1 117.2 110.6 104.8 107.8 116.4 130 143.6 148.9 151.5 153 154.4 156.4 158.2 158.8 158.5 158.7 163.3 168.4 170.4 170.8 171.1 171.3 170.2 167.4 164.8 161.8 159.4
164.2 168.2 171.6 172.9 172.2 170.1 164.2 159.2 155.7 152.8 153.9 158.2 162.1 163.3 163.4 163.2 162.2 163.1 164.2 162.9 161.3 158.7 156.1 153.8 153.2 154.3 155.7 157.4 157.9 159.2 161.6 164.2 165.1 165 164.4 162.9 160.9 157.6 153.9 150.5 147.6 144.8 142 139 136.1 133.6 131 128.4 125.4 121.5 118.9 115.4 110.9 106.8 109 117.3 132 142.5 149.9 153.9 157.1 159 160.6 162.2 162.6 164.8 166.6 167.6 170.1 172.7 174.3 174.6 174.5 173.9 173.1 171.2 169 166.5 164.4
161.7 166.1 168.9 171.5 171.3 171.1 166.2 161.9 158.6 156.7 155.9 159 163.3 165.4 166.1 166.3 165.3 166.5 166.5 165.3 164.1 163.1 160.5 159.5 159.9 160.8 161.9 163.3 163.7 163.8 165.5 167.2 167.3 166.9 166.4 164.9 162.7 159.8 155.8 151.8 148.4 145.1 142.1 139 136.5 133.8 131 128.1 125.5 122.7 119.6 116.1 112.2 109 113.3 126.5 139.4 145.4 151.8 155.8 159.5 162.3 164.4 165.9 167.1 169.3 171.5 173.7 175.8 177.5 177.7 177.6 177.2 176.6 175.8 174.2 172.3 170.3 168.6
160.5 164.5 167.9 170.7 172.4 172.2 169.3 166.1 163.1 161.1 159.8 160.1 163.1 166 167.9 168.4 168.6 168.8 168.7 167.8 166.8 166.2 167.2 167.3 167 167.9 168.2 168.6 169.6 169.2 170.1 170.8 170.4 169.1 168.3 166.9 164.7 161.9 157.9 153.9 149.7 146.1 143 140.2 137.7 135 132.3 130.1 128.1 125.2 122.1 119.6 115.5 110.9 116.4 126.7 137.6 145.5 151.6 156.6 161 164.3 167.1 169.1 171.2 173.2 175.3 177.4 179.5 180.4 180.7 180.5 179.8 179.2 178.6 177.5 175.6 173.9 171.6
159.4 163.9 167.6 170.7 173.7 174.8 173 169.3 166.2 164.5 163.4 162.7 163.6 166.5 168.8 170.5 170.9 170.9 170.9 170.9 171 171.1 172.6 174 173.9 174.7 174.4 174.5 174.9 174.6 173.8 174.1 173.9 172.9 171.6 170.2 168.3 165.8 161.6 157.3 152.5 147.6 144.2 141.5 138.8 136.1 133.7 132.2 130.6 127.3 122.3 119 116.9 112.3 116.7 124.5 134.7 143.6 150.7 156.5 161.9 165.7 168.7 171 173.3 175.5 177.6 179.7 181.7 182.9 183.1 183 182.4 181.7 181 179.9 178.3 175.7 173
160.2 163.7 167.4 171.3 174.4 175.9 176 173.3 169.9 168.1 166.6 165.1 165.9 168.1 169.2 171.5 172.8 173 172.9 173.2 173.3 173.1 176.7 178.6 178.8 179.8 180.1 179.9 179.7 178.7 177.8 176.9 176.5 175.8 174.7 173.2 171.3 168.9 165.2 160 155.2 150.1 146.5 142.6 140 137.6 135.8 134.2 132.5 127.8 122.7 119.1 117.4 115.6 115.5 123.2 131.8 140.8 149.4 156.6 162.2 166.6 170.2 173 175.3 177.6 179.9 182.1 183.8 184.9 185.3 185.4 184.7 183.9 183.3 181.9 180.1 177.3 174.4
162.1 165.5 167.9 172.2 175.1 176.7 177.3 176 172.5 169.9 168.4 166.8 167.6 169.5 171.4 172.2 174.3 175 175.2 175.5 175.8 176.7 178.3 181.3 182.5 183.3 183.6 183 182 180.6 179.3 178.5 178.2 177.7 176.6 175.2 173.6 171.6 168.3 163.2 157.9 152.9 147.9 143.8 140.6 138 135.4 133.4 131.4 127.3 123.1 120.9 119.3 118.2 117.3 122.3 130.7 139.6 147.2 155.9 161.7 167.3 170.9 174 176.4 178.8 181.2 183.4 185.2 186.2 186.6 186.6 186.5 186 184.8 183.1 180.5 177.6 174
164.4 165.9 167.7 172.5 175.5 176.6 177.1 175.4 172.4 170 169.2 167.6 168.6 170.5 172.4 174.2 175.3 176.1 176.6 176.7 176.8 177.8 179.4 182 183.4 183.4 183.4 182.2 181.1 180.4 180.2 180.1 179.8 179.5 178.5 177.3 175.8 173.8 171.2 166.9 161.8 156.9 151.3 145.9 142 138.1 135.5 132.4 129.9 127.3 124.9 123.3 121.8 120.2 119 122 129.7 138.4 146.9 154.3 161.3 166.4 170.4 173.9 177 179.4 181.8 184.1 186.1 187.2 187.6 187.6 187.6 186.7 185.3 182.9 179.6 176.4 172.1
165.4 165.9 167.4 172.2 174.2 174.8 174.7 172.6 170.1 169 168.8 167.8 169.6 171.5 173.4 175.8 177 177.8 177.5 177.6 177.7 178.6 179.5 180.5 181.9 182.7 182.4 181.2 180.1 179.4 179.6 180.1 181.1 181 180.6 179.5 178 175.9 173.6 170.5 165.8 160.9 155.7 149.6 143.1 139 135.5 132.9 130.3 127.9 126.8 125.6 123.8 122.2 120.7 122.7 128.3 138.3 146.7 154.2 160.2 165.8 169.9 173.5 176.7 179.2 181.6 184.4 186.5 187.7 188.6 188.6 188.6 187.5 185.7 183.1 179.5 174.1 169.6
166.1 166 167 168.9 170.7 171.7 171.5 170.4 167.1 166.2 167.1 167.5 169.4 171.2 173.4 176.9 178.7 179 178.6 178.6 178.7 179 179.6 179.6 180 180.3 180.3 180.1 179 178.6 178.9 180.1 181.3 181.8 182.2 181.7 180.3 178.2 175.9 172.8 169.5 164.7 159.6 153.5 147.2 140.8 137.2 134.1 131.6 129.4 128.6 128.3 127.7 125.7 122.9 122.8 129.1 139 147.2 153.6 159.7 164.8 168.7 172.5 175.4 178.2 180.8 183.5 186.4 188.2 189.2 189.7 189.7 188.4 186.1 183.3 179.8 173.7 167.2
164.1 162.3 163.1 164.7 166.1 167.4 167.4 166.9 161.6 162.8 164.8 166.8 168.7 170.9 173.9 177.2 178.9 179.4 179.3 179.4 179.5 179.1 179.3 178.7 177.4 177.4 177.1 177.2 177.8 177.8 178.8 180.3 181.6 182 182.4 182.9 182.3 180.3 178.2 175.9 172.4 168.3 163.6 158.1 151.8 145.5 140.2 136.7 134.2 132.4 131.5 131.1 130.6 128.6 126.2 124.7 131.8 141.3 148.2 154.1 159.8 163.8 167.4 170.3 172.9 175.9 179.7 182.8 186.1 188.2 189.7 190.7 190.3 189.1 186.9 183.5 180.1 173.6 165.1
160.6 157.9 159 159.8 161.1 162.4 161.8 160.7 160 162.7 165.9 167.9 169.4 171.7 174.4 177.1 178.4 179.3 179.8 179.1 178.2 177.5 177.3 176.9 176.3 174.8 174.7 174 175.2 177 178.4 179.7 181.4 182.3 182.8 183.8 183.7 181.6 179.4 177.7 175.2 171.7 167 162.5 156.6 150.6 146.1 142 138.4 136.3 135.7 134.4 133.1 130.8 127.9 125.8 134.1 143.6 149.7 154.1 158.9 162.3 165 167.6 170.1 173.2 177 181.9 185.6 188.8 190.4 191.5 191.6 190.4 187.3 183.8 180.2 173.1 166.4
157.5 155.2 155.1 155.8 156 157.2 157.1 157.8 161.4 164.7 167.5 169.2 170.7 172.6 175.2 176.5 177.4 178.3 179.6 178.8 177.9 177.1 174.5 174.1 173.2 172.8 172.3 171.8 173.3 175.5 177.4 179.4 181 182.4 183.4 184.5 184.8 182.6 181 179.3 177.6 174.1 170.4 166.1 161.6 154.7 151.2 147.7 141.6 139.5 139.7 141 138 134.3 130.4 127.9 134.9 143.5 149.4 153.8 157.1 159.8 162.4 164.9 167.4 170.5 175 180 184.9 188.2 190.6 192.3 192.6 191.2 188.3 185.4 181.9 176.7 170.4
153.5 151.3 151.5 152.2 152.9 155 156.7 158.1 162.3 165.4 168.2 170.2 172 173.5 175.6 176 176.7 177.9 179.2 178.6 178.1 176.6 173.7 171.2 170.3 169.8 170.2 170.1 171.7 174.1 176.5 178.3 180.1 181.7 182.8 183.8 184.6 183.4 181.6 179.8 179.1 176.4 173.2 168.9 164.8 160.3 155.9 151.9 148.1 145.6 143.8 145.8 144.6 139.2 132.8 130 135 143.5 148.6 151.5 154.2 157.1 159.9 162.5 165.3 169.5 174.1 179.4 184.2 187.6 190.2 192.5 193.2 193 191 188.1 184.2 179.5 174.7
148.9 147.5 149 151 153.1 155.2 157.2 158.8 162.6 165.4 168.1 170.5 172.7 174.7 175.5 175.9 176.3 177.5 178.8 178.8 178.1 176 173.1 170 167.9 167.5 167.1 168.5 170.4 172.4 175 177.2 179.4 181.1 182.1 183.1 183.9 183.5 182.1 181.4 180.5 178.7 176.1 172.3 167.7 163.3 159.7 156.2 152.5 150.4 149 148.4 145.9 140.6 134.9 134.1 137.5 142.8 146.2 148.6 151.1 153.6 158 160.9 164.9 169.3 174 178.8 183.6 187 190.2 192.8 194.2 193.6 192.8 190.8 186.5 182.4 177.8
145.2 147 149 151.1 153.2 155.4 157.5 159.7 162.5 165.1 167.8 170.5 173 175.2 176.4 176.4 175.9 175.8 177 178.1 177.2 174.9 172.1 169.3 165.5 164.7 163.9 166.1 168.9 171.2 173.6 176.2 178.5 179.8 181.2 182.3 182.9 182.7 181.8 181.7 180.9 180.1 178.5 175 170.1 165.9 162.3 158.7 155.5 153.3 151.3 148.3 144 140.1 137.5 140.1 134.9 138.1 142.8 145.6 147.8 150.5 155.5 160.9 164.8 170.4 174.2 178.5 183 186.4 190 193.2 194.3 194.6 193.9 192.7 189.8 185.4 180.1
143.5 146.7 148.8 150.9 152.9 155.1 157.3 159.4 161.9 164.6 167.3 169.9 171.9 174.2 175.7 176.7 176.2 175.7 175.2 175.4 175 173.1 169.6 165.9 163.1 161.4 161 164.3 167.6 170 172.5 174.9 176.6 177.9 179.3 180.7 181.6 181.2 180.7 180.4 180.2 180.1 178.1 175.6 171.6 168 164.4 161.2 158 155.3 152.8 149.5 145.7 143.8 142.9 143.1 139.4 139.1 140.6 143.1 146.1 149.1 154.8 160.2 166.2 171.2 175 179.2 182.8 186.2 189.6 192.9 194.2 194.9 194.7 193.1 190.5 186.6 181.9
143.9 146.1 148.2 150.4 152.6 154.8 157 159.1 161.2 163.9 166.5 168.3 170.3 172.2 173.6 174.9 174.8 174.2 173.7 173.4 172.6 170.3 165.8 161.4 158.4 157.2 157.7 161.3 165.2 167.7 169.9 172 173.7 175.4 177.1 178.7 179.6 179.1 178.6 178.4 178.5 179.1 178.3 175.6 172.9 170.1 166.9 163.7 160.5 157.4 154.5 151.3 148.5 147.4 146.5 144.7 143.3 142.8 141.4 143.5 146.7 150.9 156.8 161.7 167.9 171.5 175.6 179.2 182.6 185.9 189.2 191.6 193.6 194.5 194.7 193.5 190.8 186.9 183
144.6 146.6 148.4 150.3 152.4 154.6 156.8 158.9 160.8 163.1 164.9 166.6 168.5 169.8 171.1 172.5 173.4 172.8 172.4 171.4 169.5 167.2 162.6 158.2 155 153.3 154.5 157.6 161.9 164.7 165.8 167.6 170.5 172.2 173.9 175.6 176.9 177.1 176.6 176.6 177.4 178.1 177.8 176.3 174 171.3 168.9 166.6 163.6 160.2 156.7 153.8 151.1 149.3 148.3 147 147.1 146.4 145.8 144.9 147.6 154.6 159.1 163.3 168.7 172.1 175.8 179.1 182.3 185.3 187.9 190.4 192.3 193.5 193.6 193 191.2 187.6 184.1
