data/230000-690000.asc
ncols 200
nrows 200
xllcorner 230000
yllcorner 690000
cellsize 50
[rows 160 to 199 of 200, columns 90 to 179 of 200]
305.6 307 309.8 315.1 323.7 319.9 308.7 295.8 285.7 269.2 247.6 228.9 212.9 202 191.7 175.4 153.5 122.7 104.4 103.6 78.4 46.8 31.2 24.3 13.3 10 8.7 6 6 6 6 6 6 6 6 6 6 6 6 6 6 6 6 6 6 6 6 6 6 6 6 6 6 9.4 10.9 19.8 19.8 19.4 18.8 23.6 26.7 24.4 21.6 19.3 14.2 10.5 6 6 6 6 6 6 6 6 6 6 6 6 6 6 6 6 6 6 6 6 6 6 6 6
295.6 303.7 315.7 327.8 335 327.8 315.3 304.7 295.4 278.3 258.7 240.2 226 210.5 202.1 188.2 170.7 148.1 106.2 92.1 76.1 41.6 32.8 24.6 12.2 9 9 6 6 6 6 6 6 6 6 6 6 6 6 6 6 6 6 6 6 6 6 6 6 6 6 6 6 6 8.9 12.9 10.6 13.6 20.2 35.1 33.9 26.9 22.7 18.7 12 6 6 6 6 6 6 6 6 6 6 6 6 6 6 6 6 6 6 6 6 6 10 6 6 6
296.3 305.3 326.4 336.1 333.3 329.9 318 310 303 289.6 268.1 258.5 238.3 217.1 204.6 194.2 176.4 148.8 108.7 91.8 66.1 43.6 36.9 27.5 14.9 9.6 7.8 6 6 6 6 6 6 6 6 6 6 6 6 6 6 6 6 8.5 10.6 8.4 10.2 12.1 11.3 8.9 6 6 6 6 6 6 8.4 15.2 30.5 48.9 38.8 27.6 22.8 17.9 6 6 6 6 6 6 6 6 6 6 6 6 6 6 6 6 6 6 6 6 6 16.4 19.7 6 6 6
295.3 313.2 336.9 341.4 338.4 329.6 324.8 317.2 304.5 291.7 276.7 266.6 244.2 221.9 206.2 195.6 173.3 145.8 115.7 90.8 70.7 57.1 44.5 29.1 18.4 11.3 9.9 6 6 6 6 6 6 6 6 6 6 6 6 6 6 6 6 9.2 15.6 18.4 20.6 21.1 17.9 15.1 10.9 8.7 6 6 6 6 10.7 20.5 30.8 37.6 34.6 29.2 20.7 13.6 6.8 6 6 6 6 6 6 6 6 6 6 6 6 6 6 6 6 6 6 6 6 19.7 20.1 8.8 6 6
297.7 316.7 339.3 344.1 343.8 337.8 331.5 320.8 308.8 299.1 283.2 264.8 243.9 222.7 207.3 194.9 169.6 138.7 112.4 92.7 77.2 63.3 51.8 34.1 22.9 13.5 11.3 6 6 6 6 6 6 6 6 6 6 6 6 6 6 6 6.9 19.6 27.5 31.5 33.9 35.5 35.4 26.5 19.7 12.1 6 6 6 6 13.4 23.2 28 31.9 30.4 24.6 13.5 6.4 6 6 6 6 6 6 6 6 6 6 6 6 6 6 6 6 6 6 6 6 6 15.9 20.3 10.1 6 6
300.7 322.5 335 341.6 346.2 347.8 336.4 322.7 311.7 307.8 284.7 264 242.8 222.2 207.9 196.4 168.1 133.7 107.9 92.3 78.2 65 54.7 39.4 26.4 16.1 12 6 6 6 6 6 6 6 6 6 6 6 6 6 6 6 23.8 44.9 51.3 53.1 50.9 49.4 39.5 28.5 17.5 11.2 6 6 6 6 16 21.2 23.7 27.9 22.3 14.7 7.4 6 6 6 6 6 6 6 6 6 6 6 6 6 6 6 6 6 6 6 6 6 6 8.6 12.8 6 6 6
304.9 322 335.1 343.6 350.2 350.9 340 321.3 304.9 297.5 283.1 262.1 241.6 221.1 206.9 197.3 163.2 132 108.3 89 75 66.2 57.4 42.2 29.8 17.7 9.8 7.1 6 6 6 6 6 6 6 6 6 6 6 6 6 7.7 39.8 68.1 68.7 62.1 50.4 48.3 39.2 23.7 13.7 9.3 7.8 6.3 6 11.8 17.6 17.4 18.9 9.7 8.3 6 6 6 6 6 6 6 6 6 6 6 6 6 6 6 6 6 6 6 6 6 6 6 6 6 6 6 6 6
313.7 324.1 333.4 343.2 350.2 346.7 334.7 321.6 295.9 282.8 275.7 258.8 239 218.5 204.4 192.4 169.5 136.4 108.5 91.5 77.1 65.8 56.9 45.5 35.7 28.1 14.1 9.9 8.4 7.3 6 6 6 6 6 6 6 6 6 6 6 18.4 56.4 83.6 74.8 61 48.8 47 43.2 27.3 15 8.2 6 8.1 6 7.4 9.2 9 9.5 9.8 11.1 8.9 6 6 6 6 6 6 6 6 6 6 6 6 6 6 6 6 6 6 6 6 6 6 6 6 6 6 6 6
311.3 318.6 330.9 343.4 345.1 339.3 320.7 299.2 280.9 267.3 260.3 246.7 227.3 213 201.3 189.6 161.2 131.1 108.7 89.1 74.8 65.8 57.4 48.6 37.9 31 21 16.3 11.4 10.6 8.7 6 6 6 6 6 6 6 6 6 6 18.8 51.9 70.6 63 57 47 40.7 34.7 25.6 13.8 6 6 6 6 6 8.6 8.7 9.1 10.6 13.2 19.5 20.1 11.9 6 6 6 6 6 6 6 6 6 6 6 6 6 6 8.3 6 6 6 6 6 6 6 6 6 6 6
310.6 316 326.4 332.6 325.5 321.6 303.9 285.1 271.4 256.1 246.7 232.5 218.1 206.9 196.1 181.3 157.6 135.6 114.7 91.4 77.2 59.5 51 48.1 43.5 36.5 29.3 25 19.2 12.5 7.7 6 6 6 6 6 6 6 6 6 6 16.8 38.4 46.6 48.4 45.9 43.4 36.6 30.6 18.9 6 6 6 8.5 8.5 13.6 14.5 9.5 10 13.3 18.9 29.3 22.9 12.9 6 6 6 6 6 6 6 6 6 6 6 6 7.1 7.7 10.6 11.7 12.4 14.1 7.7 6 6 6 6 6 6 6
314.7 314.8 315 315.2 311.3 301.9 284.9 274.3 264.2 251.4 239.7 228.4 215.7 203.6 191.7 174.8 159.9 138.9 113.8 97.7 78.4 66.9 49.6 41.7 49 43.4 32.2 22.5 16.7 14.5 10.1 6.8 6 6 6 6 6 6 6 6 6 13.8 21.8 29.1 32.3 34.3 28.1 20.9 17.1 6 6 6 6 7.9 15.6 21.6 21.5 15.9 10.7 11.5 17.6 23 20.8 9.7 6 6 6 6 6 6 6 6 6 6 6 6 6 7.3 10.3 14.2 19.4 19.6 13.7 7.4 6 6 6 6 6 6
318.1 313.6 307.1 301.9 298.2 287.1 278.9 270.6 255.3 247.6 231.1 219 204.8 193.7 178 169.2 165 165.3 152.8 130.4 103.9 83.3 60.4 43.4 38.2 30.3 27.9 29.1 26.9 20 11.5 8.6 6 6 6 6 6 6 6 6 9.8 16.8 22.5 28.4 28.9 15.9 11.4 9 8.9 6 6 6 6 9.8 18 27.9 26.7 18.4 9.5 9.4 13.7 19.3 17.1 6 6 6 6 6 6 6 6 6 6 6 6 6 6 6 9.4 12.1 17.3 17.4 16.5 11.1 6 6 6 6 6 6
317 310.9 306.4 299.2 294 285.4 277.8 267.3 246.2 238.4 236.6 232.1 225.3 207.2 190.8 180.1 172.8 171.2 161.6 143.1 118.7 89.1 59.6 44 45.9 40.8 44.3 27.7 35.6 25.4 12.3 6 6 6 6 6 6 6 6 6 9.8 11 15.9 16.2 10.7 8.9 8.9 10 7.9 6 6 6 6 10.2 16.8 29 26.9 18.3 7.9 7.5 10.2 13.1 9.3 6 6 6 6 6 6 6 6 6 6 6 6 6 6 6 6 8.8 14.3 13.9 12.2 11.3 9.1 6 6 6 6 6
317 310.8 310.4 307.1 300.4 288.3 278.5 273.5 266.5 260.4 254.6 249.6 239.1 220.1 195.2 180.8 172.9 165.9 148.6 132.5 109.9 82 66.9 68.9 67.2 69.2 58.4 29.6 26.9 18.8 11.4 6 6 6 6 6 6 6 6 6 10.8 12.7 14.5 15.8 16.2 12.4 10.8 15.4 8.8 6 6 6 6 9.7 13.2 22.5 22.1 17.1 8.7 6 7.3 8.2 6 6 6 6 6 6 6 6 6 6 6 6 6 6 6 6 6 8.8 12.5 11.5 11.3 10.7 8.9 8.5 6 6 6 6
323.2 318.1 313 308.7 300.2 291.7 286.7 280.8 275.2 266.4 256.3 248.1 241.1 229.5 191.8 166.2 164.1 159.7 141 117.4 108.9 115 108.7 100.9 85.7 69.4 47 29.8 16.4 13.3 8.6 6 6 6 6 6 6 6 6 12 22.8 28.9 26.2 21.4 28 21.1 13.9 9 6 6 6 6 6 8.8 11.1 17 17.1 11.9 6 6 6 6 6 6 6 6 6 6 6 6 6 6 6 6 6 6 6 6 6.5 8.7 11.1 10.9 10.8 10.1 9.2 8.9 8.6 6 6 6
328.3 323.1 317.1 311.3 304.7 301.1 295.5 283.8 277.7 271.6 260.5 247.5 235.8 231.6 197.2 198.6 163.7 149.4 153.6 158.5 146 140 125.9 101.8 77.7 60.5 40.7 25.2 15.9 11.4 7.9 6 6 6 6 6 6 6 9.5 20.2 33.9 36.2 33.3 28.6 29.2 19.6 12.3 9.2 6.1 6 6 6 6 6 8.8 10.9 11.4 7.2 6 6 6 6 6 6 6 6 6 6 6 6 6 6 6 6 6 6 6 6 6.8 8.4 11.1 10.7 10.3 9.9 9 10.3 10 6 6 6
330.2 325.2 319.4 313.4 310.4 305.5 295.6 287.8 280.3 272.5 264.4 244.1 241 237.2 233.5 224.4 203.2 188.9 183.2 172 148.6 133 114.9 96.2 71.4 54.4 34.6 24.6 13.3 10.3 9.9 9.9 6 6 6 6 6 6 22.5 33 40.3 41.7 37.9 32.4 27.2 16.8 12.6 9.8 6.9 6 6 6 6 6 6 10.2 7.7 6 6 6 6 6 6 6 6 6 6 6 6 6 6 6 6 6 6 6 6 6 6.4 8.2 11.1 10.7 10.6 10.4 9.2 8.9 9 8.5 7.5 6.2
332.1 325.9 318.3 310.8 310.6 305.6 297.4 289 280.1 271.5 269.6 263 251.8 243.9 239.6 225.9 214.6 203.3 191.4 173.5 148.9 128 107 86.6 63.3 48.2 30.8 23.9 10.8 6.4 9 15.2 15.6 6 6 6 6 12.8 29.9 41.6 48.3 44.1 38.4 31.2 22.4 15.6 10.9 8.2 6 6 6 6 6 6 6 6 6 6 6 6 6 6 6 6 6 6 6 6 6 6 6 6 6 6 6 6 6 6 6 7.6 10.3 10.7 10.6 11.2 11.2 10.3 9.3 7.1 6 6
333.9 327.5 316.1 309.8 307 299.8 293.1 287.3 280.5 282.3 286.3 274.6 260.2 246.1 236.9 225.4 210.9 199.2 188.5 173.1 150.6 124.4 98.6 82 62.6 46 30.1 22.4 6.8 6 6.3 7.2 6.5 6 6 6 6 26.4 38.3 53.7 51.1 42.6 32.2 23.3 17.8 14.7 10.6 6 6 6 6 6 6 6 6 6 6 6 6 6 10.3 6 6 6 6 6 6 6 6 6 6 6 6 6 6 6 6 6 8 8.8 9.6 9.8 10.1 10.8 11.2 11.2 10.5 7.8 6 6
332.8 329.1 322.8 311.5 311.3 303.5 299.1 294.4 289.6 291.8 291 279.9 259.7 247.2 238.1 225.2 208.6 193 180.9 175 158.5 129 95.7 76.8 63.2 48.8 31.4 17.7 6 6 6 6 6 6 6 6 11.2 36.9 41.9 49.2 46.4 35.9 27.2 19.4 14.4 11.8 9.6 8.3 6 6 6 6 6 6 6 6 6 6 6 6.3 7.2 6 6 6 6 6 6 6 6 6 6 6 6 6 6 6 6 6 6 6 8.7 9.1 9.8 10.4 11 9.6 10 9.3 8.5 8.5
330.9 333.6 329.4 326.4 322.1 314.7 308 304.2 303.7 298.9 286.9 278.2 261.8 249.8 238 224.6 206.8 189.5 178.9 175 160.3 135.4 99.6 73.6 62.3 46.6 27 13.7 6.7 6 6 6 6 6 6 6 14.5 31.2 37.3 42.2 38.2 32.8 25.1 17 11.7 10.1 9.6 8.7 6.5 6 6 6 6 6 6 6 6 6 6 6 6 6 6 6 6 6 6 6 6 6 6 6.2 7 9.1 6.8 6.4 6 8.4 6 6 6 8.2 8 7.6 8.4 8.8 8.9 8.9 8.5 7.1
332.3 337.5 336.7 338.2 334 329.9 326.6 317.4 308.5 299.5 288.5 279.5 266.4 244.9 231 215.8 198.5 182.8 171.2 167 156.6 137 109.4 75.4 61.5 46.1 22.7 11 6 6 6 6 6 6 6 6 19.7 33.3 31.7 30.9 30.7 28.2 20.1 16 11.1 8.8 6 6 6 6 6 6 6 6 6 6 6 6 6 6 6 6 6.2 8.5 6 6 6 6 6 6.6 9.2 9.2 10 11.1 10.5 8.2 6 6 6 6 6 6 6.8 8.6 8.7 8.6 8.6 6.1 6 6
342.9 348.6 349.1 350 344.6 341 335.9 326.7 315.1 304.5 292.2 281.5 268.5 244.5 233.2 215.3 194.7 181.5 165.4 158.2 147.5 130.3 106.7 75.9 53.5 36.2 20 6 6 6 6 6 6 6 6 6.8 18.7 26 27.2 25.8 24.8 21.3 20.5 15.8 10.7 6.9 6 6 6 6 6 6 6 6 6 6 6 6 6 6 6 6.6 8.5 8.6 8.6 8.5 6 6 6 8.6 10.3 11.1 11.1 11.3 11.5 9 6 6 6 6 6 6 6 6.4 8.5 8 6.5 6 6 6
354.6 356.5 357.2 356.9 356 352.5 345.9 337.1 323.4 310.3 296.5 281.9 263.2 250.1 241.1 225.7 198.3 180.5 158.9 148.3 145.9 123.2 92.9 62.4 43.3 28.4 19.4 8.8 6 6 6 6 6 6 6 9.1 19.7 23.8 23 22.1 21.1 20.7 19.8 14.5 9.5 6 6 6 6 6 6 6 6 6 6.9 6.6 6 6 6 6 6.2 8.5 8.6 8.6 8.7 8.6 8.6 9.1 9.6 10.5 11.2 11.2 10.3 10.2 10.4 6 6 6 6 6 6 6 6 6 6 6 6 6 6 6
364.7 364.3 362.5 360.6 365.4 371 359.6 346.1 332.3 317.2 301.4 280.9 261.7 250.4 238.8 223.8 202.3 182.2 157.6 137 126.7 108.4 81.8 58.4 34.1 24.1 16.7 7.1 6 6 6 6 6 6 6 12.6 26.9 30 29.7 20.5 19.3 16.8 14.4 9.8 6 6 6 6 6 6 8 6 7.1 8.7 8.4 7.3 6 6 6 6 8.3 8.6 8.6 8.7 8.8 8.8 8.9 9.9 10.8 11.2 11.2 11.3 10.7 9.6 9.3 7.9 6 6 6 6 6 6 6 6 6 6 6 6 6 6
372.3 371.2 368.8 364.4 369.3 379.9 367.8 355.5 336.2 316.1 302 277.4 258.7 249 236.6 221.4 204.4 184.6 159.1 136.9 115.3 99.7 82.3 61.1 39.8 24.9 16.2 7.3 6 6 6 6 6 6 6 22.4 34.7 29.4 23 16.5 13.7 9.6 9.3 6 6 6 6 6 6 6 7.9 7.7 6.8 6.9 6.6 6.4 6 6 6 7.8 8.5 8.6 8.7 8.8 8.8 9.4 10.7 11.1 10.6 11.2 11.3 11.3 11.3 9.4 8.8 6 6 6 6 6 6 6 6 6 6 6 6 6 6 6
377.4 376.4 375.6 369.7 365.8 371.3 365.1 352.7 337.1 318.2 293.6 271.4 262.3 250 239.4 223.5 205.3 183.1 150.1 125.5 107.9 95.4 83 64.9 46.3 26.8 14.3 7.8 6 6 6 6 6 6 10.6 21.7 20.3 16.2 12.5 9.8 6 6 6 6 6 6 6 6 6 6 6 6 6 6 6 6 6 6 7.4 8.5 8.6 8.7 8.8 9 9.2 10.8 10.5 10.1 9.1 11.2 11.3 11.3 11.4 10.3 8.6 7.6 6 6 6 6 6 6 6 6 6 6 6 6 6 6
379.1 379.1 381.1 375.1 360.1 363.6 354.1 340.3 327 305.9 284.4 264.1 253.5 241.5 231.6 212 190.4 167.9 141.2 122.2 103.4 90.5 79.6 66.4 49.4 26.8 14 10.5 6 6 6 6 6 6 6 7.5 8.7 7.7 6 6 6 6 6 6 6 6 6 6 6 6 6 6 6 6 6 6 6 6 7.6 8.6 8.8 9 9.2 9.4 9.5 10.7 9.6 9.1 7.3 10.7 10.6 11 11.4 11.2 6 6 6 6 6 6 6 6 6 6 6 6 6 6 6 6
382.2 380.3 380.7 376.1 353.8 346.3 333 318.2 305.4 292.2 274.1 254.6 238.5 227.2 208.8 191.2 178.8 158.1 134.3 117.7 100.3 86.4 75.2 60.8 41 21 13.4 6.1 6 6 6 6 6 6 6 6 6 6 6 6 6 6 6 6 6 6 6 6 6 6 6 6 6 6 6 6 6 6 6 8.5 8.6 8.7 8.9 9 8.8 7.6 7.8 6 8.8 9.8 10.4 9.8 9.9 10.1 6 6 6 6 6 6 6 6 6 6 6 6 6 6 6 6
382.6 379 379.2 358.5 341.5 328.4 314.1 303.6 294.2 283.1 263.3 245.5 229.2 211.5 194.1 177.3 166.8 147.8 127 112.4 97.9 82.5 68.9 52.8 32.9 18.1 14.4 11 9.6 8.4 6 6 6 6 6 6 6 6 6 6 6 6 6 6 6 6 6 6 6 6 6 6 6 6 6 6 6 6 6.9 7.5 8.1 8.5 8.5 6.5 8 6 6 6 6 8.7 10.2 9.6 8.8 8.8 6 6 6 6 6 6 6 6 6 6 6 6 6 6 6 6
380.9 372.5 363 351.7 339.6 329.6 308.6 297.1 282.5 266.7 253.5 235.9 219.7 206 186.1 171.2 156.4 138.7 123.6 112.4 99.3 78.3 61.3 47.9 32.9 18.4 16 15.1 14.9 11.3 6 6 6 6 6 6 6 6 6 6 6 6 6 6 6 6 6 6 6 6 6 6 6 6 6 6 6 6 6 6 6.3 7 7.6 6 6 6 6 6 6 6 6 8.3 6.8 8.6 6 6 6 6 6 6 6 6 6 6 6 6 6 6 6 6
378.8 372.1 365.7 354 339.7 322.9 305.9 292.9 276 253 236.8 221.3 206.5 193.6 176.6 161.1 149.8 135.7 124 111.8 98.8 81.2 63 45 29.8 18.4 16.5 18.8 19.9 11.9 6 6 6 6 6 6 6 6 6 6 6 6 6 6 6 6 6 6 6 6 6 6 6 6 6 6 6 6 6 6 6 6 6 6 6 6 6 6 6 6 6 6 6 6 6 6 6 6 6 6 6 6 6 6 6 6 6 6 6 6
379.5 372.1 362.6 349.8 335.8 318.2 300.5 284.1 261.6 242.1 222.9 206.6 192 180.4 166.1 153.6 143.6 129.6 119.1 114.6 102.8 78.5 60.6 43.6 26.3 17.2 16.1 18.9 20 8.9 6 6 6 6 6 6 6 6 6 6 6 6 6 6 6 6 6 6 6 6 6 6 6 6 6 6 6 6 6 6 6 7 6 6 6 6 6 6 6 6 6 6 6 6 6 6 6 6 6 6 6 6 6 6 6 6 6 6 6 6
376.3 365.7 355.5 343.6 326.5 307.6 287.4 266.1 248.6 231 214.4 203 188.4 171.6 156.7 144.9 135.2 121.2 116.7 112.8 97.5 76 62 44.6 26.1 16.4 14.8 16 13.1 7.3 6 6 6 6 6 6 6 6 6 6 6 6 6 6 6 6 6 6 6 6 6 6 6 6 6 6 6 6 6 6 6 6 6 6 6 6 6 6 6 6 6 6 6 6 6 6 6 6 6 6 6 6 6 6 6 6 6 6 6 6
368.5 358.8 344.7 329.7 310 291.2 270 250.1 237.5 226.2 214.4 203 182.6 165.9 150.1 135.6 125.6 116.1 110.5 107.3 91.3 74.1 60.3 42.9 24.7 18.6 13.7 10.9 7.5 6 6 6 6 6 6 6 6 6 6 6 6 6 6 6 6 6 6 6 6 6 6 6 6 6 6 6 6 6 6 6 6 6 6 6 6 6 6 6 6 6 6 6 6 6 6 6 6 6 6 6 6 6 6 6 6 6 6 6 6 6
359.4 348.7 331.5 317 295.5 271.9 256.9 243.4 233.3 229.1 212.3 200.8 176.1 159 142.7 128 117 111.7 106.2 99.6 82.8 70 56.8 40.2 33.4 21.6 12.7 7.4 6 6 6 6 6 6 6 6 6 6 6 6 6 6 6 6 6 6 6 6 6 6 6 6 6 6 6 6 6 6 6 6 6 6 6 6 6 6 6 6 6 6 6 6 6 6 6 6 6 6 6 6 6 6 6 6 6 6 6 6 6 6
351.9 338.1 320.5 304.6 286.6 268.8 254.7 239.5 226.3 216.5 203.3 189 167.2 151.1 136.3 121 112.7 105.4 101.1 92.7 79.4 65.1 56.9 51 37.8 24.4 12.5 6 6 6 6 6 6 6 6 6 6 6 6 6 6 6 6 6 6 6 6 6 6 6 6 6 6 6 6 6 6 6 6 6 6 6 6 6 6 6 6 6 6 6 6 6 6 6 6 6 6 6 6 6 6 6 6 6 6 6 6 6 6 6
340.8 330.3 312.7 297.3 284.2 268.4 251.5 232.6 215.7 203.7 192.3 175.4 156.8 143.5 129.7 114.3 106.6 100.1 92.8 83.6 72.5 67.7 66.2 59.5 39.9 25.8 12.2 6 6 6 6 6 6 6 6 6 6 6 6 6 6 6 6 6 6 6 6 6 6 6 6 6 6 6 6 6 6 6 6 6 6 6 6 6 6 6 6 6 6 6 6 6 6 6 6 6 6 6 6 6 6 6 6 6 6 6 6 6 6 6
329.2 318.7 306.9 294.8 285.3 264.8 238.7 221.9 204.4 191.3 180.3 165.2 145.2 134.3 123.7 111.4 106.1 98.4 90.2 80 73.9 73.2 74.4 64.6 47.6 29.4 13.3 6 6 6 6 6 6 6 6 6 6 6 6 6 6 6 6 6 6 6 6 6 6 6 6 6 6 6 6 6 6 6 6 6 6 6 6 6 6 6 6 6 6 6 6 6 6 6 6 6 6 6 6 6 6 6 6 6 6 6 6 6 6 6
323.2 306.6 295.4 284.5 266 253.4 231.9 210.8 192.8 180.9 170.9 155 137 124.9 114.4 110 105.2 94.9 85.1 80.4 78.1 81.4 84.5 69.9 51.7 31.6 14.3 6 6 6 6 6 6 6 6 6 6 6 6 6 6 6 6 6 6 6 6 6 6 6 6 6 6 6 6 6 6 6 6 6 6 6 6 6 6 6 6 6 6 6 6 6 6 6 6 6 6 6 6 6 6 6 6 6 6 6 6 6 6 6
