data/230000-840000.asc
ncols 200
nrows 200
xllcorner 230000
yllcorner 840000
cellsize 50
[rows 35 to 69 of 200, columns 78 to 155 of 200]
302.7 310.9 320.6 327 335.8 343.9 349.5 354.5 360 366 379 384.6 387.7 389.1 383.6 374.5 370.1 367.9 367.9 359.9 340.5 320.4 303.9 288.8 279.4 269.6 270 274.8 278.8 285.7 295.4 300.8 304 311 319.5 328.2 339.8 355.4 366.5 374.4 382.8 385.9 389.3 383.6 377.2 366.5 359.8 355.4 356.6 359.3 370.7 380.4 382.4 383.5 387.5 392.9 389.4 382 374.8 375.1 376.1 382.7 382 378.7 376.1 374 374.7 376.4 378.7 380.5 377.6 376.8 375.7 367.3 364.9 376.1 379.9 385.1
314.2 322.5 329.5 335.3 341.3 347 355.2 362 364 369 375.4 383.4 390 389.5 382.8 380.4 381.6 378.9 368.7 353.9 334.1 316.2 302 291.9 281.1 276.4 273.9 285 289.3 294.7 302.8 307.9 312.7 318.1 324 334.5 344.5 357.9 362.6 365 370.9 373 374.3 366.3 361.1 358.4 357.3 357.4 357.7 362.9 387.3 395.8 401.3 403.4 404.2 405.2 402.6 394 383.8 381 382.8 387.6 386.7 382.7 382.7 380.6 381.8 384.3 384.2 388.9 384.5 382 382.6 372.6 369.8 384.4 386.8 390.2
323.1 332 339.3 343.7 345.2 350.8 359.4 368.8 372.2 371.1 374 377.6 384.6 384 386.8 383.7 376.9 370.5 357.5 343.2 329 314.6 302.7 294.1 284.5 284.5 280.6 293.6 294.4 297.4 306.2 311.1 317.1 322 324.9 333.3 343.6 352.2 353.9 354.4 356.1 356.3 358.3 359.6 359.1 358.5 360.6 361.1 362.4 371.8 390 402.9 408.6 412.5 414.1 415.7 416.9 411.3 400.8 395.6 393.5 391.4 389.3 386.2 388.9 388.4 393.3 395 391.7 392.1 389.2 388.3 387.7 376.3 372.2 386.7 390.5 394.7
334.4 344.5 349.8 351 350.7 354.7 361.3 368.2 374.8 374.9 378.8 376.1 375.8 376.8 381.9 374.6 366.8 360.9 349.5 333.3 321 310.5 300.3 291.2 290.9 287.1 283.6 297.1 300.4 302.9 305.4 310 314.8 319.6 325.1 333.1 339.2 351.7 359.5 364.8 367.4 364.6 361.3 362.7 361.8 361.8 365.5 365.9 370.8 379.1 404.7 419.4 423.7 425 427.9 431 433.7 430.8 423.7 415.2 407.2 402.3 393.4 391.6 392.4 396.6 403.2 405.1 398.1 398.8 389.9 389.3 388.4 380.4 379.9 392.2 397.6 409.6
341.2 348.6 355.6 357.8 357.4 357.4 361.8 365.1 371.6 372.6 373.4 370 361.9 370.5 371.9 360.3 349.3 338.1 327.2 317.7 304.8 299.8 304 303.3 301.5 298.4 291.6 292.8 302.6 305.2 309.1 313.8 319.8 330.3 333.1 333.6 343.5 351.3 361 366.2 371.2 370.4 366.3 367 366 369.6 372.6 374.7 383.4 396 418.1 431.3 435.8 438.4 442.3 449.1 451.6 451.7 446.3 440.3 431 419.4 405.3 396.1 394.2 397.5 402.3 404.4 398.5 395.1 389.9 389 388.7 384.4 390.4 398.5 405.6 416.6
342.5 346 353.8 360.3 360.7 359.5 361.1 360.9 358.2 357.2 357.9 357.8 353.7 352.1 344.5 335.2 322 309 310.1 316.4 322 325.9 328.4 323.6 316.5 309.4 300.7 300.8 299.8 308.2 313.7 316.3 321.4 331.4 336.1 333.7 340.1 351.7 357.8 363.4 373.8 372.7 371.3 370.7 373.9 377.5 382.1 388.4 397.4 409.2 424.7 441.2 449.3 455.1 461.5 465.7 475.6 477.4 472.1 467.1 456.6 437.5 421.3 406.9 397.9 398.8 402.2 402.8 397.9 397.1 394.4 390.6 393.8 389.5 394.9 402.5 408.4 415.4
342 344.8 347.2 357.4 360.1 361 360.4 355.1 347.5 343.5 340.1 335.6 336.8 327.7 314.7 319.3 322.5 324.5 326.5 332.9 338 344.5 344.3 332.5 324.3 318.1 309.4 313 317.7 313.8 321.4 327.7 329 330.9 333.5 334.8 337.3 345.2 357 360.6 367.2 371.3 374 378.2 383.2 386.6 391.3 396.6 402.7 411.9 429.2 449.3 460.8 469.6 483.2 494.2 498.8 501.8 497 488.8 477.1 456.9 437.3 422.9 407.8 401.2 401.6 401.4 398.4 405 398.3 392.1 395.5 390.7 400.3 408.8 412.3 419.4
349.1 344 344.8 349.1 359.5 359.2 355.1 346.1 338.5 330.4 323.9 321.4 321.6 325.6 332 341.5 347 346 344.1 349 359.4 361.4 355.6 343.9 334.5 327.7 318.8 320 329.9 332.5 327.7 330.5 336.7 343.6 345.8 346.4 348.2 351.4 358.5 364.7 363.6 372.2 377.9 383.5 388.7 394.9 400.5 403.8 406.4 411 427.7 450.9 468.2 483 497.3 506.5 507.1 507.5 501.8 494.3 485.3 471.3 452.3 435.9 421.8 408.9 403.5 401.4 398 407.7 402.7 394.4 396.1 394.1 405.9 411.1 416.3 425.6
352.9 346.4 344.9 349.5 352.2 348.9 341.5 332.5 328.2 325.5 324.6 325.7 334.6 342.6 350.5 360.2 368.3 368 365 375.9 383.3 382.2 372.3 357.6 344.6 335.8 330.4 332.7 334.5 339.2 344.8 344.2 337.9 343.6 350.1 354.4 360.5 362.7 364.7 367.5 369.5 370.7 378.3 386.2 392 399.5 403.8 409 411.5 414.2 430.1 452.7 470.3 483.6 497.5 504.6 502.6 497.9 492 481.1 472.8 463.5 452.3 440.5 425.4 409.4 407.1 407.5 411.8 412.7 406.4 402.7 401.7 398 407.7 409.7 414.1 420.2
358.2 348.5 345.4 343.5 340.9 336.5 333.3 333.7 332.2 329.1 329.6 337 346.9 356.8 370.3 378.5 386.2 389.9 385.3 389.9 395.2 393.2 379.4 362.1 347.6 341.5 337.9 342.5 343.9 345.5 350.5 355.3 360.3 358.3 349.2 355.8 361.1 365.9 368.1 370.2 370.7 371 377 388 397.2 401.5 406.8 411.3 413.6 417.8 429.8 447.7 461.2 469.4 475.5 483 477 470.4 464.6 452.6 439.3 433.7 432.3 426.9 430.7 427.5 427.8 427.4 426.7 423.5 416.6 415.1 413.5 406.2 405 411.7 415.9 419.3
354.9 347 343.9 342.1 338.7 334.5 336.7 339.5 332.7 330.6 336.7 348.3 360.3 372.6 383.2 390.5 399.2 403.3 400.6 396.1 398.2 391.1 376.6 360.4 345.9 342.6 341.5 343.8 346.9 350.4 354.1 360 364.9 368.2 367.9 365.1 359.6 362.5 366.1 368 369.3 370.7 373.9 386.9 398.5 404.3 411.1 413.2 411.9 418.9 429.5 442.3 455.5 459.1 460.3 456.4 449.1 450.4 451.6 445.6 445.3 449.2 450.9 454.2 452.8 443.9 439.5 435.2 431.5 429.1 425.2 420.6 420.1 412.3 413.4 422.3 419.1 422.8
354.4 349.6 344.8 342 338.5 338.7 339.9 341.5 343.5 342 343.7 359.3 373.8 385.6 393.4 399.1 404.4 409.8 403.7 390.1 392.3 388 373.5 356.2 346.9 350 348.8 347.1 349.9 354.9 360.9 364.4 365.1 368.7 371.7 373.9 375.2 375 370.1 367.4 371 374.2 379.9 390.8 402.5 409.9 416.8 421.7 420.1 426.2 436.8 442.4 449.6 454.3 457 457.6 463.3 465 463.9 462 464.3 469 470.5 473.8 472.7 462.9 455.1 447.6 441.6 436.8 431.5 429.7 429.4 417.3 424.4 428.7 425.5 426.2
357.2 354 349.3 344.8 340.4 342.1 340.4 355 361.9 359.7 360.9 370.8 388.7 394.5 400.5 406.8 405 404 392.2 378 378.9 375.3 363.1 355 354.2 358.4 357 353.3 356.8 360.2 369.1 371.7 371.9 373.5 374.2 375.6 381.1 393.3 390 389.2 381 380.3 387.5 393.9 402.5 409.7 416.7 424.3 429 432.6 440.2 445.7 451 455.8 458 460.3 466.3 469.4 470.2 471.1 474.6 478.5 481 484.6 483.3 474.6 466.4 457.1 449.4 441 435.6 433.1 429.9 419.6 431 434.6 437.4 439.9
360.1 358.8 354.4 349.4 344.8 345.5 349.4 368.7 377.2 371.2 368.8 375.6 393.9 402.8 404.6 403.9 395.7 386.9 376.3 370.8 369 370.4 369.9 365.1 366.5 371.2 372.6 371.3 369 371.6 374.3 381.2 384.9 387.1 386.2 388.1 393.3 394.8 399.2 397.8 399.9 392.9 394 395.8 402.7 411.9 419.9 428.9 434.2 437.9 446 452.5 456.9 459.4 462.3 464 468.3 471.2 472.9 475 478.6 480.8 481.5 479.1 476.8 470.8 462.3 454.2 446.8 442.4 437.7 440.9 431.8 433.2 441 445.5 450.2 450
363.4 364.8 363.2 355.6 346.8 351.9 346.1 374.3 387.5 382.5 375.6 380.8 390.3 395 394.7 388.8 381.9 375.9 378.7 379.7 379.8 379 381.1 373.6 380.1 384.5 384.7 384.2 382.9 383.4 387.6 389.4 392.2 395.2 395.7 400.4 404.2 405.1 409.4 413.6 417.2 420 416.9 411.9 415.7 419.5 423.7 431.9 436.6 446.5 453.6 460.5 464.3 469.5 472.3 472.9 473.7 474.3 475.7 476.2 480.9 481.6 480.5 479 476.7 472.4 464 456.2 450.7 445.9 450.2 446 435.8 445.6 449.5 457.2 460.2 458.7
371.6 374.5 371.1 362.4 356 352.8 356.9 374.8 392.8 395.4 389.4 389.6 390.4 387.1 384.6 384 384.3 388.1 398.6 396.8 391.8 386.8 388.6 384.8 390.4 393.9 392.6 391.9 390.1 392.1 397.1 398.8 399.1 401.1 405.9 410.7 415.5 417.6 417.5 423.9 429.8 433.8 436.5 433 430.1 428.6 430.3 436.7 442.1 453 465.1 471.4 475.6 479.6 479.7 479.7 480.7 479.5 481.6 478.9 481.9 483.6 482.7 481.8 482.5 479.1 472.1 465.3 462.7 457 458.3 452.3 444.1 455.9 459.9 467.5 470.1 467.3
379.6 377.2 374.8 370.6 368.7 362.7 368.3 372.7 385.5 398.4 393.9 390.3 390.9 396.3 394.3 396.9 393.7 404 411.1 410.7 405.8 398.5 390.6 390.8 394.3 400 402.1 401 398.8 398.4 403.1 408.4 409 413 417 418.8 423 423.2 424 435 441.9 446 448.5 445.7 442.3 441.9 437.9 442.8 453.7 467.8 474.9 480.4 487.5 488.5 487.6 486.5 486.9 485.1 487.4 484.9 484 486.1 487.9 490.3 493.5 489.3 482.9 478.5 474.6 466.5 465.7 459.2 458.7 467.6 467 473.9 478.3 475.1
382.8 385.8 383.5 381.9 378.6 379.4 377.6 376.9 373.3 378.9 387.4 390 396.3 404.3 404.4 409.1 411 412.5 418.2 420.8 414.4 407.8 396.3 393.7 402 410.8 415 413.1 409 405.7 410.1 416.3 420.1 423.8 428.2 427.5 429.6 432.7 437 440.7 450 455.2 454.7 453 451.4 451.7 450.1 449.6 464.8 476.5 484 489 495.2 495.2 493.1 494.1 493.3 495.5 497 494.1 492 490.9 494.9 500.5 502.5 500 493.7 489.8 485 477.7 471.8 465.7 470.4 476.2 477.5 480.2 479.3 474
392.2 398.9 394.8 391 387.3 382.8 383.8 385 381.8 388.5 394.7 390.6 397.8 404.9 411.8 417.8 424.8 423.1 423.9 427.3 418.8 408.9 404 406.7 404.2 417.4 423.7 422.7 418.4 412.6 416.2 420.6 429.2 432.9 437 437.5 440.6 443.3 447.2 450.1 452.6 456.5 457.6 460.7 461.9 461.2 467.1 464.3 462.5 477.6 489.9 495.7 502.1 502.1 502.6 503.8 502.5 506.1 506.2 501.8 500 499.8 503.4 507.1 508.6 506.4 502.1 498.8 496.7 487.8 478.7 472.7 478.4 484.3 485.5 488.2 487.3 483.4
399.2 399.2 396.9 393.3 393.3 390.2 383.6 394.2 391.2 388.9 399.7 400.8 398.2 409.6 419.6 427.5 427.8 428.7 426.8 424.5 419.1 408.6 409.3 413 404.7 412.5 424.2 425.3 422.6 420.1 422.6 428.8 435.2 444 444.6 447.8 450.1 454.1 450.8 462.1 461.7 464.1 465.9 468.4 469.2 469.6 478.3 480.9 473.6 477.3 491.4 502.1 506.7 509.6 512.6 512.5 510.1 514.4 513.3 508.3 506.6 507.5 510.7 513.5 514.1 511.7 507.4 503.4 505 494.5 486.3 482.1 481 489 492.2 494.8 494.7 488.8
402.3 400.6 398.9 397.7 396 393 388.2 395.7 398.5 394.3 390.9 400.3 405.5 407.7 421.2 433.3 437 432.5 427.5 423 418.4 413.1 415.8 419.6 416.3 414.4 422.2 429 429.6 428 429.3 434.9 440 447.9 452.9 454.6 456.3 459.8 461.1 465.7 469.8 470.4 476.9 479.6 480.4 481.9 483.1 486 487.1 487.9 494.8 507 511.6 517.1 519.2 517.3 518.2 522.8 520.5 517.2 511.7 511.2 517.7 520.6 521.4 514.8 509.5 508.2 509 499.9 494.9 490.8 491.7 492.5 500.2 504.7 502.1 495.1
403.7 400.4 399 398 399.1 400.8 400.2 392.7 402.1 401.3 398 399.8 406.3 408.8 414.6 420.4 423.8 423.9 422.4 420.5 422.9 425.3 424.9 424.3 418.9 419.1 427.6 431.7 434.3 436 438 441.8 447.1 454.3 460.1 460.1 464.6 469.5 470.5 469.7 475.1 477.7 485.2 490.8 492.1 493.9 492.2 492.3 499.3 500 500.1 509.9 519.3 524.4 524.8 520.7 524.6 527.5 523.8 520.4 517.9 517.1 528.2 529.2 524.1 519.3 516.5 513.4 510.1 506 502.9 501.3 502.3 504.9 511.3 513.3 510 503
405.1 402.6 403.5 404.9 405.7 406.3 406.6 404.8 403.4 404.4 400.4 403.6 406.9 413.9 413.1 418.3 420.6 424.8 431.9 429.3 429.6 431.1 431.6 427.7 419.6 426.1 431.2 433.8 435.9 441 445.8 446.1 450.2 455.9 462.5 464.1 473.9 478.5 480 475.4 482.3 486.6 487.9 494 500.3 505.5 504.6 503.6 512.2 513.6 508.4 512.8 524.9 530.4 529.7 527.2 528.9 527 524.6 521.7 520.9 527 536.4 535.3 530 526.2 521.4 518.3 515.9 515 510 509.7 512.8 514.1 517.1 517.9 513.2 503.5
404.8 407.8 408.8 410.9 410 410.9 411.8 410.9 407.7 403.4 406.4 404.3 407.1 415.7 419.8 418.7 422.7 433.1 442.8 441.8 435.4 433.1 430.1 426 425.4 429.1 432.9 436.7 439.5 448.7 452 451.3 453.8 460.7 468 472 478.2 486.4 489.4 484.3 487.4 494 497.3 498.3 503.8 509.8 511.7 516.1 518.9 520 511.4 517.4 528.4 532.5 531.7 529.7 532.4 531.7 528.6 527.1 526.7 534.7 540.3 540.3 536 531.1 524.2 523.6 523.3 525 522.1 519.9 521.7 522.6 522.2 521.3 516.1 506
406.5 411.8 415.4 418.2 418.8 415.3 415.3 415.6 413.7 411.2 413.6 416.6 416 415.8 421.8 422.1 422.2 429.4 437.8 438.4 435.5 432.3 429.9 430.6 430.4 431.4 435.3 440.5 446.5 450.1 454.3 456.6 459.9 464.6 471.5 473.3 485.9 493.7 497.2 493.3 498.1 501.1 505.7 504.6 512.3 515.1 521.7 524.7 523.3 522 521.6 517.2 526 532.3 534 535.8 536.3 534.9 532.8 532.2 533.8 543 545.1 542.1 538.6 537.1 538 539.6 538.3 534.9 531.6 528.7 528 526.2 526.8 525.3 519.1 512.9
414.1 416.1 421.2 421.7 422.3 422 421.6 422.5 421.3 417.6 418.7 423.6 424.9 421.7 423.3 424.6 423 425.3 429.6 431.7 432.8 432.8 432.2 435.6 435.5 439.3 441.5 446.9 453.4 453.2 457.3 464.1 466.4 471.1 475.9 482.3 493.6 499 501.5 496.1 506.2 509.4 510.4 512 515 522.4 525.8 526.8 528.4 525.6 526.3 524.6 526.7 532.4 537.7 542.6 542.1 539.8 539.9 538.4 538.4 547.6 545.8 543.6 544.7 545.7 547.5 550 546.3 545.3 539.1 531.4 530 532.8 535 531.7 527.5 523.5
424.4 424.8 429.5 430.5 432.9 431.2 428.5 427.4 425.7 422.8 420.1 425.9 426.9 426.1 424.5 426.1 425.4 424.2 426 429.5 432.9 434.2 435.5 438.2 438.3 444.7 447.5 450.4 453 455.3 460.2 466.6 473.3 476.2 481 490.8 500.7 505 505.5 504.1 510.1 518.5 517.1 521.8 523.9 526.1 528.2 530.5 529.4 529.4 531.4 531.2 531.9 532.4 539.3 543.7 545.9 543.9 544.4 544.3 543.1 547.9 546.1 549.1 550.4 550.9 549.8 551.5 548.1 542.7 535.7 536.6 541.4 543.7 548.1 545.9 539.6 532.9
431.9 433.3 435.4 436.6 438.7 437.7 435.2 432.7 428.7 425.3 421.5 426.4 428 427.8 424.9 427.2 426.8 426.2 427.6 428.9 431.4 435.2 437.1 439.2 441.3 447.7 452.5 455.6 457.5 460.8 464.3 470.1 475.9 480.8 487.1 495.2 505.1 509.3 511.9 510.3 515.2 523.1 525.5 528.9 531.6 532 530.7 530.7 534.5 534.6 538 536.2 534.2 535.5 538.1 544.4 548.3 549.2 547.9 546.6 545.8 546.7 548.8 553.2 555 552.9 550.9 551.2 547.2 542.5 539.4 541.8 547.7 551.4 555.1 551.4 542.8 534
441.8 445.1 448.6 447.8 443.7 440.6 437.7 434.3 431.3 427 423.2 426.8 429.5 430 427.8 430.9 430.2 430.6 431.9 433.1 434.5 438 440 441.1 446.2 454.3 459.4 461.9 465.1 468.4 472.3 473.1 478.1 483.7 491.6 497 504.2 509.8 513.7 513.7 517.1 527.9 530.3 534.6 535.9 533.8 534.4 536.2 538.6 539.1 541.9 539 544.6 547.4 552.4 555.7 553.9 550.7 547.3 546.3 547.7 546.2 548.2 551.2 554.2 549.8 547.9 548.8 547.8 544.8 543.8 541 548.3 550.1 552.4 547.6 539 532.4
447.8 451.8 454.5 453.9 449.3 443.1 439.1 436 432.8 428.2 428.8 429.2 430.7 431.4 432.5 434.1 434.6 437.7 437.9 438.5 439.7 442.5 444.2 445.9 454.2 461.9 467 470.2 474.3 476.6 480.1 483.2 484.6 485.9 495.4 508.3 515.5 517.1 520.9 523 529.3 536.2 541.1 544.1 543.1 539.1 538.8 541.2 542.3 544.4 546.2 550.6 553.7 561 562.7 564.3 561 557 550.7 547.9 548.7 545.9 544.8 545.7 549 545.4 544.7 547.4 547.9 545.4 543 542.6 545.7 546.1 544.9 540.4 533.5 531.4
450.1 455.3 458.9 458.1 452.9 445.3 440.1 437.3 434.6 432.2 430.7 431.3 432.8 433.9 435.1 437.3 439 441.8 443.6 443.4 444.9 447.9 451.4 456.8 464 470.4 475.7 478.6 484.1 485.2 487.1 489.6 491.3 489.9 497.3 513.1 522 524 523.7 528.5 534.4 540.9 545.1 546.2 547.2 543.4 544.3 545.2 547.1 551.1 550.5 549.5 552.3 558 561 560.5 558.8 557.3 553.9 549.8 546.6 544.5 540.7 542.8 542 541.2 543.8 547.4 548.8 545 540.7 543.8 545 545.1 545.2 539.4 532.4 529.3
449.2 457.3 459.4 457.9 451.6 446.7 440.2 437.2 435.8 432.9 434.5 435.3 435.4 437.9 436.4 439.5 442.8 445 448.2 448.3 451.9 453.9 458.5 465 472.3 478.3 486.4 491.7 491.5 490.9 492.2 494.9 497.2 493.4 501.7 514.6 523.3 526.7 527.4 530.6 537.5 542.1 545.2 547.6 550 549.4 548.4 548.5 552.8 553.8 551.5 549.3 549.3 550.2 554.8 555.8 555.5 559.2 557.6 554.7 549.7 547.8 543.2 540.7 540.7 540.7 540.7 544.8 545 540.7 540.7 540.7 544.4 544.8 545.3 540.5 532.1 527.2
449.4 453.8 455.4 453.3 448.7 444.7 440.4 437.4 437.2 438.6 439.9 439.9 439.6 440.5 442.2 443.2 446.5 448.8 452.2 455.7 459.2 462.3 466.8 473.8 480.6 486.5 493.7 498.8 497.9 497.6 497.8 499.8 501.4 503.4 509.2 517.4 523 527.9 533.4 543 549.9 557 562 564.8 567.2 562.6 557.2 559.8 566.8 572.1 569.4 559.4 552.4 549.3 549.3 549.3 555.6 558.7 559.4 555.7 554.2 556 553.3 548.1 543.4 540.7 540.7 540.7 540.7 540.7 540.7 540.7 545.2 545.7 546.7 543.6 535.2 532
453.7 455 454.6 448.8 446.1 443.2 442.1 439.6 441.5 442.1 443.7 445.5 444 444.1 445.6 447.4 450.7 454.6 458.2 462.3 466.6 469.7 475.7 481 487.5 493.1 497.3 500.7 501.5 502.1 505.3 506.1 512.6 516.1 522 524.6 530.6 537.9 546.7 553.1 559.6 569.5 577.3 579.6 579.3 576.4 571 576.2 585.8 588.1 589.2 579.3 562.1 554.9 549.3 549.3 549.3 554.4 556.9 555.7 556.3 559.1 555.6 551.2 547.8 540.7 540.7 540.7 540.7 540.7 540.7 544.6 548.7 549 549.2 545.2 536.1 532.7
466.5 461.3 457.3 451.3 447.2 443.7 442.9 444.3 445.9 445.6 447.4 449.2 448.3 448.8 449.7 450.9 458.5 461.9 464.7 468.9 473.9 477.3 481.5 486.5 492.6 497.5 500.9 506.5 508.2 511 519 525.4 529.1 536.8 539.9 540.2 542.2 550.3 558.7 565.3 578 585 592.9 595.4 596.3 593.2 589.6 587 601 604.4 600.3 589.2 572.2 562.6 557.2 555.5 555.2 553.5 549.4 554 556.4 557.6 553.4 547.7 543.9 540.7 540.7 540.7 540.7 540.7 540.7 542.9 546.6 546.6 549.2 543.8 535.1 532.2
