data/230000-960000.asc
ncols 200
nrows 200
xllcorner 230000
yllcorner 960000
cellsize 50
[rows 0 to 35 of 200, columns 0 to 80 of 200]
151.8 157.7 163.9 169.9 175.7 178.1 180.5 182.7 182.4 181.7 184 186.2 186.4 186.1 185.9 184.5 184.5 186.1 185.8 185 184.4 184.8 184.3 181.8 177.8 173 168 162.7 157.9 154.2 154.1 153.5 152.4 152.2 150.3 147.6 148.4 148.7 149.9 150.6 151.3 152.4 153.3 154 154.1 154.1 154 151.6 149.8 147.1 142.9 137.8 131.5 123.4 113.6 104.2 95.5 92.1 89.1 86.9 96.4 111.5 122.5 130.8 132.8 127 119.6 117.2 119.6 128.8 134.9 142.2 145.9 156.9 156.5 158.5 161.9 165.8 163.7 153.7 147.6
154.8 161.2 167.9 174.2 180.9 184 186.7 188 188.8 188.7 190.9 192.5 191.8 190.1 190.2 190.2 190.1 190 189.6 189.3 188.1 187.7 186 183.7 178.7 173.8 168.3 163 158.4 154.4 152.9 151.7 150.2 149.4 147.8 146.3 144.5 144.4 144.2 145 145.8 146.3 146.6 147.4 147.5 147.7 147.8 146.5 144.8 142 138.9 133.9 126.5 118.9 112.1 104.6 93.7 88.1 86.7 85.9 98.1 109.9 118.6 124.7 124 117.9 112.1 112.7 119.5 127.8 133.9 141.4 148.8 153.9 156.3 159.5 160.9 161.2 157.6 152.6 151.4
157.7 164.4 171.2 179 185.9 190.6 193.2 193.2 196.3 197.1 196.7 196.9 196.4 195.1 195.5 198.3 197.6 196.5 194.8 192.8 191.4 190.3 188.6 185.5 179.8 174.8 169 163.1 158.3 154.6 152.2 149.8 148 146.2 145 144.4 142.2 141.5 141.4 141.1 140.8 140.8 141.1 141.8 142.1 142.3 142.3 141.5 140.4 137.3 134.2 129.3 122.6 116 110.8 103.6 91.5 86.9 85.6 85.6 96.8 107.2 113.9 116.7 114 107.3 106 111.3 118.7 125.5 131.7 138.8 146.3 151.3 153.7 154 154.2 156.3 155.7 153.9 157.1
160.7 167.5 175.4 183.9 191.3 195.6 196.5 199.3 203.4 206.3 203.7 203.8 202 201.6 201.3 203.5 203.7 202.6 200.8 197.3 195.9 194.1 190.3 186.2 180.1 175.2 170.4 164.7 159.8 156.1 153.5 150.9 147.6 144.1 142.4 142.6 140.7 138.8 138.6 138.3 138.6 138 137.2 137.2 137.1 137 136.7 136.4 135.7 133.3 130.6 126.3 121.1 114.7 108.3 100.8 89.3 85.6 85.6 85.6 95.8 102.4 106.3 107.7 104.4 98.2 102.9 109.9 117 122.7 129.4 135.9 141.3 144.3 146.6 149.9 151.8 154.4 155 155.3 157.9
163.8 170.8 179.9 189.8 192.5 195.3 198.5 201.7 209.2 213.2 212.3 212.4 209.9 207.5 206.7 207.6 207.5 206.3 204.4 202.2 201.6 197.3 192.2 187.1 181.5 176.8 173.5 169.3 164.3 157.9 154.2 151.4 147.7 144.9 142.7 139.1 138.7 136.4 135.9 135.9 136.5 135.6 134.5 133.6 134.2 133.8 133.7 133 132.2 129.7 126.1 121.5 116.2 110.4 104.2 94.5 88 85.6 85.6 85.6 92.3 97.4 99.8 98.8 95.8 93.3 100.8 108.4 114 119.2 125.2 131.6 135.6 138.4 140.4 144.6 148.5 153.2 154.2 155.2 154.9
167.3 174.5 181.9 189.5 191 195 198.7 203.9 214.7 219.6 222.2 224.7 221.2 216.1 213.5 212.8 212.1 211.5 209.2 206.1 205.8 203 195.5 191.8 185.1 180.8 178.4 172.9 166 159.5 154.4 151 147.1 145.3 143 140.4 136.8 134.9 132.9 133.6 134.2 133.2 132.5 132.2 132.1 131.7 130.9 129.9 129 125.8 122.5 118.1 112.4 106.4 99 90 87.1 86.2 85.6 85.6 85.6 91 93.7 92.6 90 92 99.5 106.1 111.3 116.4 121.5 126.2 129.9 133 137.4 141.2 146.6 150.5 152.1 155.4 154.7
170.2 178.5 184.8 187.1 189.5 193.8 199.1 206.4 223.9 232.8 236.3 236.8 235 229.4 224.5 225 221.5 217.9 215.2 210.2 207.6 205.8 201.8 197.6 191.5 185.6 184.2 175.5 168.5 161.6 155.9 151.3 147.5 144.6 142.4 139.6 137.4 134.6 131.9 130.9 130.8 131.1 130.8 130.4 130.2 130.1 129.5 127.2 125.3 120.8 117.1 113 103.1 100.4 95.3 88.4 87.6 86 85.3 85.6 85.6 85.6 88.3 86.1 88.3 90.9 96.9 103.6 108.8 113.8 118.9 123.3 126.5 131.3 136.3 137.9 140 144.8 147.7 147.6 145.1
172.7 179.5 182.4 183.8 187.2 192.3 198.8 212.8 236.8 248.9 249.3 248.4 247.1 241 240.7 244 236.4 228.1 224.7 216.8 213.5 212.9 209.7 204.3 197.1 190 188.7 179.5 171 164 157.5 152.4 148.3 145.5 141.9 139 137.2 134.7 134 132.2 131 128.8 128.7 129.1 126.4 127.2 125.4 125 124.3 122.3 118 113.9 107.4 99.7 94.6 90.9 87.6 85.6 85.6 85.6 85.6 85.6 85.6 85.6 86 89.7 94.5 100.5 106 111.1 116.1 120.9 125.2 129.8 133.9 135 136.2 139.2 141.7 141.3 140.8
171.8 175.9 179.2 181.5 186.3 192.5 200.6 224.4 251.1 260.9 260.6 257.1 255.7 254.6 258.4 263.1 253.1 245.2 241.2 231.7 223.6 221.3 216.2 208.6 200.4 193.2 190.4 184.3 172.9 165.7 160.1 153.7 149.4 146.2 142.6 139.1 136.8 135.4 134.3 133.4 131.9 130.7 128.8 127.6 127.8 128 128 127.7 125.8 122.8 117.4 114 107.7 100.4 95.3 89.7 85.6 85.6 85.6 85.6 85.6 85.6 85.6 85.6 85.6 88.6 93.8 98.9 103.2 108.3 113.5 119.8 124.8 130.6 135.3 133 133 133.4 135.2 135.5 137.7
169.7 173.4 176.4 180.1 186.8 193.2 211.6 239.6 262.7 267.1 265.5 263.9 264.1 271.7 272.8 271.3 265.7 259.9 253.4 243.7 234.1 230.4 223.1 212.7 204.7 196.8 191.3 184 175.8 167.3 161.6 156 150.1 146.7 142.9 139 136.5 134.8 133.6 132.9 132.1 131.4 130.7 129.3 128.6 128.3 128.1 127.6 125.8 122.4 117.2 113.1 107.6 101.3 95.2 86.6 85.6 85.6 85.6 85.6 85.6 85.6 85.6 85.6 85.6 89.9 93.5 97.3 101.4 106.3 112.7 118.9 123.6 129 130.1 130 129.7 130.9 132.1 132.2 134.7
168.9 172.4 176.2 180.4 188.2 197.8 224.2 256.2 271 270.9 269 269.6 273.4 280.9 283.9 277.3 273.5 268.7 262.1 253.6 242.5 234.7 227.1 217.4 208.4 199.4 191.6 183.8 176.6 168.9 162.9 157.1 150.7 146.8 143.1 139.3 136.2 134.2 133.2 132.4 131.8 131.6 130.1 129.2 129 128.7 128.2 126.6 124.6 121.7 117.5 113 109.4 101.7 94 85.6 85.6 85.6 85.6 85.6 85.6 85.6 85.6 85.6 85.8 90.1 92.3 95.5 99.6 104.9 112.1 116.5 121.6 125.2 126.7 127.5 127.7 129.2 130.6 131.4 132.8
168.3 173.1 177.8 182.6 192.1 205.5 232.5 263.7 272.3 272.8 274.1 275.3 284.5 292.2 286.2 281.4 277.7 273.3 267.4 260.7 248.9 238.1 230.3 220.1 208.5 198.8 190.8 183.7 177.1 170.2 163.9 157.4 150.7 146.3 142.9 139.5 135.8 133.8 131.6 131.5 131.7 131.2 129.5 128.1 126.9 127.1 126.4 125.2 123.3 120 117.1 113.1 108.8 101.6 91.5 87.8 85.6 85.6 85.6 85.6 85.6 85.6 85.6 85.3 87.8 88.9 92.1 94.6 97.9 102.7 109.2 114.4 118.2 122.1 124.3 125.4 126.4 127.8 128.9 129.7 131.6
169.7 174.3 180.8 186 197.8 215.2 245.9 268.4 273.4 274.4 276.9 281.8 297.2 297.4 287.9 284 281.4 276 269.1 263.6 252.8 241.9 232.5 220.3 208.1 198.5 190.4 184 177.4 171.1 164.4 157.7 150.7 145.5 142.2 138.9 135.5 133.5 131.4 129.5 130.1 130.1 128.5 125.3 124.2 123.8 122.9 121.7 120.1 118.2 115.3 112.5 107.5 98 93 90.9 90.6 88.8 85.6 85.6 85.6 89.4 89.5 90.1 89.3 89 91.6 93.9 96.6 100.8 105.7 110.2 115 119.3 122.3 123.9 125.2 126.6 125.9 125.7 127
170.9 176.4 183.7 193.2 208.1 227.8 256.5 266.6 272.1 279.7 285.3 294.1 297.9 293 288.9 286.2 283.2 277.6 270.9 263.5 255.4 244.5 232.1 218.3 207.3 196.4 189.9 183.3 176.8 170.6 164.3 158.1 151.3 145.4 142 138.5 135.3 133.3 131.3 130.5 129.3 127.1 124.9 122.8 121.9 121 119.8 118.3 116.7 115 113 109.6 102.6 96.3 94.2 94.6 94.9 91.7 89.3 89.9 92.2 92.5 92.2 92.1 92.1 91 91.1 93.5 96 99.7 103.1 107.6 112.8 116.8 120.4 122.2 124.1 123.7 123 122.8 126.4
174.5 180.6 190.9 203.9 221 239.5 260.9 266.9 275.1 285.5 289.9 293.2 294.9 291.9 290.7 289.7 284.6 279.8 273.6 266.7 258 245.1 228.7 216.1 205.1 195.1 188.5 182.1 176.3 170.3 163.9 157.5 151.3 145.8 141.7 138.1 135.2 133 132.1 131 128.9 126.1 123.2 120.6 119.3 118.3 116.8 114.7 112.3 110.7 109 105.1 100.5 96.7 96.4 98.5 98.8 95.7 93.8 93.7 95.2 95.5 95 94.6 93.6 93 92.5 93.7 96.1 98.6 101.6 105 110.1 115.1 118.4 120.2 122 122 120 120.4 124.4
177.7 186.5 200.6 218 237.3 250.4 258.8 265.8 277.9 285.2 288.9 291.9 292.8 294.5 295 289.9 285 282.2 276 268.5 257.3 241.4 225.1 213.8 203.2 194 187.1 180.8 175.3 169.7 163.2 157 151.8 146.9 142.2 138.7 135.9 133.7 132.2 131.1 128.1 126.1 123.4 120.5 117.7 115.6 113.6 109.5 107.4 106.1 104.4 101.1 98.1 96.4 98.5 101.2 100.5 98 96.7 96.9 97.6 97.7 97.1 96.1 95 94.4 94.7 94.9 96.8 98.8 100.9 103.4 107.1 112 115.2 116.9 118.1 118.3 117 118.5 122.4
179.8 192.2 211.3 232.2 244 251.9 255.9 262.9 276.6 282.8 283.6 286.8 291.2 293.5 293.6 288.2 283.1 280 276 265.9 252 236.2 221.5 211.1 201.2 192.3 186 179.8 174.1 168.2 162.1 157.2 152.7 147.8 143 138.9 136.4 134.4 132.9 131.1 128.5 125.7 124.1 121.8 119.6 117.1 113.6 109.8 105.7 102.9 101.2 98.9 96.2 95.6 97.9 101.6 102.2 100.3 98.7 98.9 98.9 98.9 98.3 97.4 96.5 96.7 96.7 96.2 97.1 98.6 99.8 101.4 103.3 106.8 109.6 111.1 111.8 113 113.6 117.7 121.6
180.2 199 217.9 234.5 241.2 246.2 250.1 256.3 268.2 275.1 276.5 283.3 288.7 288.9 287.6 283.5 278.7 276.5 271.4 258 243.8 232 217.5 207.9 198.5 191.1 184.8 178.9 173 167.3 162.1 157.5 152.7 147.9 143.1 139.6 136.9 135 133.2 131.1 128.3 125.3 122.1 121 118.5 116.3 113.8 109.4 105.1 101.1 96.7 95.8 95.1 94.9 96.8 100.3 102.9 101.1 99.7 99.7 99.7 99.5 99.2 98.7 98.4 98 97.9 97.7 97.5 97.9 99.2 99.4 100.9 103 105.4 107.2 108.3 109.1 112.9 116.8 120.7
180.5 200.1 218 228.3 234.7 237.6 242.1 250.5 257.7 265.2 269.3 275.4 279.9 280.3 279.9 276.6 273.3 269.6 260.5 247.5 235.7 224.7 213.5 204.3 195.8 189.3 183.9 179 173.3 167.3 162.2 157.4 152.6 147.8 144 140.5 137.9 135.2 132.9 130.4 127.5 124.6 121.7 118.9 116.7 114.6 111.7 106.7 102.5 98.7 96.1 92.3 92.8 93.5 95.7 99 101.2 101.1 99.9 100 100 100.2 100.2 100.7 100.6 100.1 99.2 99 98.5 98.6 98 97.5 98.7 100.7 102.7 104 105.4 107 111.3 116.6 118.9
178.8 192.9 211.5 222.1 226.8 229.6 235.9 243.3 249.4 256.5 261.5 269.6 272.2 272.9 271 267.5 263.1 258 248.5 238 227.6 217.6 208.6 199.9 193.1 188 183.6 178.9 174 167.6 161.4 156.6 152 148 144 140.5 137.6 135.3 132.8 129.3 126.4 123.5 120.2 116.7 114.6 112.1 108.8 104.2 99.9 97.2 95.4 93.2 91.2 91.8 93.1 96 97.3 98.6 100.8 100.3 100.2 100.4 101.2 101.9 102.5 101.9 100.5 99.7 98.4 98.2 97.2 94.1 94.8 98.5 100.2 101.1 103.3 105.4 108.7 114.1 115.8
175.8 187.7 202.5 213.8 218.4 222.2 227.8 233.1 239.1 245.2 254.4 260.7 262.7 262.5 260.5 258.3 253.3 247.3 238.9 229.4 220.6 211.2 203.3 195.4 189.9 186.6 183.5 178.8 173.4 166.6 160.6 155.5 151.2 147.7 144.1 140.4 137.5 135.2 131.8 128.5 125.3 122 118 114.5 111.7 109.1 106 102.2 98.9 96.5 94.7 93.3 91.3 89.9 91.7 93.7 95.2 97.2 100.2 100.5 100.7 101.2 102.1 103.1 104 103 101.5 100.3 98.9 97.3 94.1 94.1 94.1 96.7 98 100.3 102.4 103.7 106.4 110.4 112.2
172.4 182.3 193.8 204.9 210.2 214.8 218.9 222.9 229.6 237.6 247.4 250.8 251.4 252.3 251.1 248.5 244.2 237.2 228.4 220.7 212.4 205 197.4 191.7 187 184.6 182.4 178.3 172.4 165.8 160.2 155.1 150.1 146.4 142.6 139.1 136.5 134 130.5 127.3 123.7 119.5 115.6 113.3 110.7 108 104.8 101.7 99.3 97.5 95.4 93.6 92 90.5 91.3 92.6 94.1 96.3 99.4 101 101.6 101.5 102.1 104.3 105.2 103.6 102.4 101.2 99.5 95.8 94.1 94.1 94.1 97.5 99.2 100.7 101.5 102.7 104.2 107 108.4
165.5 175.8 185.2 194.8 201.3 205.4 210.1 214.9 222.2 230.3 237.2 239.8 242.1 242.9 241.9 238.9 234.1 227.2 219.5 212.4 204.9 199.3 193.6 189.4 185.2 183.3 181.1 177.3 171.1 164.7 159.6 154.3 149.2 145.2 141.4 138.1 135.5 132.1 128.8 125.2 120.7 117.3 114.2 111.7 109.8 107.2 104.6 102.7 100.6 98.4 95.8 93.1 91.9 90.7 90.2 92.3 93.5 95.5 99 101 101.5 101.6 102 104 105.3 104.2 102.6 101.1 99.6 94.1 94.1 94.1 94.1 95.7 99.3 99.7 100.5 101.6 102.6 104.5 105.5
160.8 168.6 178.1 186.2 191.4 197.2 201.9 206.8 214.7 222.4 228.3 231.4 233.4 233.8 232 228.6 224.1 218.3 210.8 204.9 199.3 194.6 189.7 185.5 183.6 181.6 179.1 174.7 168.7 162.5 157.7 153.2 148.5 144.1 140.7 137.1 133.3 129.9 126.1 122.2 118.2 114.8 112.6 109.9 107.9 106.2 103.8 101.8 99.7 98 95.5 92.7 91.6 90.7 89.9 90.3 91.8 94.5 98.1 99.9 100.2 101.6 101.9 104 104.8 104 102.8 101.2 99.6 94.1 94.1 94.1 94.1 94.4 98.8 98.6 99.3 99.9 100.6 102.2 101.1
154 162.9 169.9 176 181.6 187.5 194 199.5 204.8 211 217 222.2 223.8 223.7 221.4 217.5 213.8 208.4 202.3 198.5 194.1 190.3 185.9 183.3 181.5 179.4 176.5 171.8 166.3 161.2 156 150.7 146.1 142.3 138.8 135.1 131.1 126.8 123.1 119.2 115.4 112.2 110 107.8 106.2 104.7 103.2 100.8 98.9 97 95.2 92.8 91.7 91.6 90.4 89.6 91.4 93 96.4 98 100.4 101.1 101.8 103.2 104 103.7 102.8 101.3 99.6 95.8 94.1 94.1 94.1 94.2 95.4 95.9 96.1 96.7 97.6 99.2 97
148.9 155.8 161.8 167.6 172.7 179.5 185.1 190.9 196.4 202 207.9 212.2 213.6 212.8 211 207.6 203.4 198.8 195.8 192.1 188.4 185.7 183 181.1 179.1 177.2 173.4 168.4 163.2 157.9 152.5 147.4 143.5 139.7 136.1 132.3 127.7 124.3 119.6 116 113 109.9 107 105.2 104.5 103.6 103.2 100.1 97.3 95.7 94.6 93.6 93.2 92.7 91.4 90 90.6 91.9 94.3 97.4 98.5 99.9 101.1 102.3 102.9 103.4 102.9 101.9 100.6 99.4 95.4 94.8 96.5 96.4 93.5 91.8 92.1 92.6 93.5 92.5 94.5
144.7 149.8 154.4 160.1 166.8 171.9 177.9 183.2 187.7 193 198.9 201.9 202.2 202.7 201.2 198.2 194.9 191.6 188.4 185.5 182.1 179.9 177.9 176.8 175.7 173.7 170.1 165.1 159.9 154.6 149.3 144.1 140.9 137 133.2 128.9 124.1 121.8 119.2 116.4 113.2 110.4 107.1 105.2 104.4 101.7 101.4 98.5 95.7 95.4 94.5 93.7 94.7 93.8 92.3 90.6 89.7 92.2 93.9 95.7 97.2 97.4 99.2 101.1 102.1 102.6 103.2 102.2 101.1 100.2 99.3 97.7 98.4 96.2 92.1 88.6 88.1 88.9 91.1 91.5 93.2
139.4 144.6 148.7 153.7 160.9 166.5 170.1 175.5 178.5 184.4 189.7 191.7 193 192.9 192 190 187.5 184.6 181.4 178.9 177.6 175.9 174.4 173.1 172.1 169.6 165.8 161.3 156.4 150.5 145 140.1 136.8 133.1 129.4 125.3 122.4 121.2 119 115.5 111.9 108.7 106.9 104.8 103.4 100.9 99.1 96.7 95.8 94.7 94.4 94.2 96.7 94.2 92.5 90.7 89.4 91.7 92.5 94.5 95.8 96 96.7 98.7 100.6 102 102.2 101.8 101.4 101.1 101.3 100.5 99.2 95.6 91.1 87 86.2 87.6 89 90.8 91.8
135.4 140.1 143.7 148.4 156.6 161.7 165.4 168 171.7 176.8 180.3 182.4 184.5 184.1 183.4 182.2 180.4 177.7 175.6 174 173.2 172.3 170.8 169.5 167.9 164.7 160.7 156.2 151.4 146.7 142.3 136.1 132.9 129.2 126.2 124.9 122.8 120.7 117.8 114.1 110.4 107.1 105.2 103 101.3 99.7 98.8 96.1 94.5 93.8 93.8 95.1 95.9 93.1 91.3 89.9 90.5 91.5 91.6 93.6 94.1 94.4 94.7 96.4 98.3 100.5 101.9 102.5 101.5 101.8 102.2 102.1 99.8 94.5 89.4 85.5 83.5 85.7 87.8 88.8 88.5
133.4 136.9 140.5 144.3 151.4 156.7 160 162 164.9 169.2 173.2 176.3 177.6 177.5 177.2 176 174 172.2 170.8 169.5 168.6 167.9 166.8 165.3 162.6 159.7 155.6 150.8 146.3 143.9 140.3 136.8 131 126.6 124.2 123.3 122.1 120.1 117.9 114.4 110.9 107.1 101.9 100.4 99.3 99 96.4 94.4 93.1 92.6 92.7 93.3 93.6 92.4 90.2 88.7 90.1 91.4 91.6 92.2 92.6 93 93.4 94.4 97 98.9 100.8 101.6 102 103.2 104.2 103.1 99.3 93.1 87.6 83.7 80.4 82.5 84.7 85.7 87
131.2 134.1 138.4 142 147.2 150.8 153.8 156.4 159.9 162.7 166.3 170.1 171.2 171.3 170.9 169.7 167.9 166.8 165.5 164.5 163.8 163.1 162.1 160.3 157.5 154.5 150.8 146 143.3 141.1 138 134.3 129.4 125.8 121.8 121.9 120.2 118.6 115.5 112.5 109.6 105.6 101.6 97.5 97.8 98.5 94.5 93.1 91.4 91.6 92.4 92.2 92.2 92 90.3 89.5 91 90.7 91.5 91.5 91.7 91.9 92.1 93.3 95 96.7 98.9 101.7 102.6 104.5 105.7 103.9 97.5 91.1 86.1 83.2 80.2 80.3 80.9 81.8 87.6
128.4 131.6 135 139.1 142.6 145.6 148.6 151.4 155.1 157.9 160.9 163.1 164.7 165.1 164.7 163.5 162.3 161.4 160.5 159.7 159 158.2 157.3 155.1 152.4 150 147.1 143.5 141.7 138.4 134.9 131.3 128 124.2 123.3 123.4 120 114.3 112.8 110.1 107.6 104.7 101.8 100 98.6 96.2 93.5 93.6 91.5 90.2 92.2 90.9 90.9 91.6 89.3 90.4 91.5 90.7 90.5 90.6 90.7 90.6 90.5 90.4 92.3 94.8 97.3 99.9 102.4 105.2 106.4 101.6 94.2 88.9 84.8 81.5 77.1 76.5 77.3 82.9 85.7
126.9 130.3 133 136.8 138.5 141.1 143.8 147.3 150.7 153.2 156.3 157.1 159 158.8 157.9 157.4 157.2 157 156 155 154.2 153.4 152.2 151.1 149.8 148 144.6 141.4 138.2 134.9 131.2 128.3 125.9 125.8 125.8 125.5 121.6 117.9 113.3 109.3 107.9 108.2 103.6 103.6 102 98.7 97.7 94.8 93.4 92.3 89.7 89.7 90.2 90.9 89.8 90.1 89.9 89.8 89.4 89.4 89.1 88.8 88.7 88.8 90.3 92.9 95.5 98.1 99.3 102.4 101.7 97 91.5 86.7 82.7 78.5 75.2 73.7 76.6 79.3 82.5
123.5 127.5 130.9 133.6 135.3 137.6 139.9 144.1 146.9 148.6 150.2 151.4 152.4 153.1 153.3 152.7 153.6 153.6 152.2 152.1 151.2 150.4 149.9 148.8 148 146.4 143.6 139.6 134.7 131.4 129.3 128 127.9 128.9 129.9 129.8 126.4 121.8 116.5 113.2 110.6 109.6 106.8 107.7 105 101 99.8 94.7 93.5 92.5 91.2 90.1 88.8 89 88.9 88.7 89.7 89.2 88.3 87.6 87.1 87.1 87.2 87.2 87.9 90.7 93.5 95.7 96.9 97.8 96.5 93.1 89.2 83.9 79 76.3 73 69.7 73 76 80
120.8 123.5 127 130.6 132.8 135 137.3 140.8 144.6 146.5 147.4 148.3 148.9 150 150 151.1 152.1 152.4 152 151.1 150 149.9 148.5 147.3 145.5 144.7 142.5 140.1 136.1 133.5 133.8 133.9 133.7 135.3 136.9 135.3 131.4 127.3 124.4 118.9 114.8 113.1 113.9 112.3 105.9 100.6 97 94.6 93.2 93.2 93.1 91.5 90.5 87.5 87.6 89.7 89.9 88.5 87.5 86.6 85.7 85.8 85.8 85.5 85.5 89 91 92.5 93 93.3 90.8 87.8 84.9 80.8 76.6 74.2 71.2 68.3 68.4 70.8 77.3
120.3 121.2 125.1 127.9 130.3 132.6 134.7 139.4 142.9 144.4 145.1 146 148.7 150.4 151.9 153.2 153.6 154 153.8 152.3 151.9 151.7 151.9 151.4 149.1 148.4 146.4 144 140.6 137.5 137.8 140.9 143 146.7 146.8 144.3 139.1 136.9 133.3 127 122.5 122.9 124.6 118.5 107.8 101.9 98 95 94.9 95.1 93.6 92 90.6 86.9 90 89.7 88.7 87.7 86.7 85.8 84.8 84.5 83.9 83.5 84.2 86.1 87.8 88.9 88.8 88.5 86 83.5 81 77.1 74.5 72.4 70.8 68.4 66.2 67.1 72.7
