data/230000-220000.asc
ncols 200
nrows 200
xllcorner 230000
yllcorner 220000
cellsize 50
[rows 70 to 104 of 200, columns 79 to 157 of 200]
171.3 174.5 176.6 177.4 178.6 181.7 184 186.3 188.8 191.4 194.9 197.8 200 202.3 204.3 205.7 206.1 206.5 205.1 203.4 200 196.6 192.9 189.8 186.7 185 183.6 182.5 180.8 178.9 175.3 169.4 162.9 154.9 146.3 137.9 131 123.5 117.4 110.8 107.9 121.9 129.2 142.3 148.8 150.6 150.9 150.1 145 139.6 130.3 119.6 107.7 104.8 118.3 124.9 131.2 138 144.6 149.1 152.5 153.7 150.8 138.8 116 113.6 134.4 158.6 167.6 172.7 174.2 174.7 173.4 171 166.9 162.5 158.4 158.7 161.7
166.2 169 170.8 171.7 173 175.5 178.3 181.7 185.6 190.8 194.9 197.9 200.2 202.5 204.4 205.1 205.6 205.2 203.7 202 198.3 194.4 190.7 186.1 181.6 177 178.5 175.7 172.4 168.8 164.1 157.7 151 143.1 134.4 128.8 123.7 121.3 118.3 110.1 114.7 130.2 146.9 153.2 156.2 157.4 156 153.6 145.3 131.1 120.6 111.3 106.8 115.1 130.1 136.6 143 148.7 153.7 157.2 159.2 158.5 155.6 143.8 120.9 118.2 142.8 166.7 172.6 176.3 177.9 178.6 177.4 176.4 173.4 169.7 170 170.4 170.6
159.9 162.5 163.3 163.7 165.5 169.1 173.8 180 185.7 190.7 195.3 198.2 200.6 202.2 203.4 204 203.9 203.6 202 199.6 196.6 192.4 187.9 179.5 166.1 158.1 158.4 157.6 158 157.6 153.4 147.4 141.9 135.5 135.3 136.3 135.4 135.1 127.4 113 117.3 134.2 151.3 157.8 162.4 160.2 156 149.4 136.3 120.9 112.1 109.7 117.5 126.3 141.9 148.3 155.2 160.6 164.8 165.1 165.3 164.8 161.3 145.6 124.2 123.1 152.2 170.1 176 179.7 181.5 182.4 181.9 181 179.4 178.1 178 178.6 178.7
150.8 151.4 153.6 156.8 162.2 168.4 175.8 181.8 187.1 191.8 195.2 198 199.2 201 201.2 201.3 201.4 200 198.4 196.1 193.5 188.2 176.3 162 152.6 149.9 152.6 150.3 149 148.5 145.4 143.2 144.6 147.6 150.9 151.3 151.4 143.9 126.1 113.1 116.8 132.5 149.3 158 161 159 152 139.2 123.4 114.5 114.7 121.3 129.1 142.9 159.3 168.4 172 173.4 173.9 173.5 172.5 170.4 166.1 146.5 126.7 136.1 145.5 169 178.3 182.3 185.9 187.3 187.1 186.9 186.1 185.1 185.7 185.3 185
140.4 144.8 152.1 158 165.3 172.1 178.7 183.5 188.2 191.6 194.6 196 196.5 198 197.8 197.3 197.1 195.8 194.2 192.4 188.6 178.2 158.4 147.7 149.5 157.2 162.9 159.5 154.3 153.4 153.5 159.8 162.7 166.1 166.3 161.1 152 140.2 122.9 112.3 120.2 136.8 151.7 160.8 161.9 157 145.3 130.4 118.3 123 127.4 133.9 146.6 161.9 176.6 180.1 181.7 181.4 180.6 179.4 177.5 175.5 170.2 150.8 136.6 159.3 162.5 164.3 181 187.6 191.6 193 193.4 192.9 192.7 191.9 191.2 190.6 189.6
145.7 150.9 157.7 162.3 169.4 175.9 180.6 184.9 188.2 190.5 192.5 192.5 193.6 194.1 193.3 192.7 191.6 190.9 189.1 184.9 178.8 158 147.2 145.8 156.7 171.1 173.4 174.5 175.4 176.2 177 176.8 176.5 175 170.4 162.5 147.3 131.5 117.4 113 126.2 144.2 160.9 165.2 161.5 153 140.9 127.8 128.3 137.7 145.7 157.4 170.3 181.3 185.4 187.3 188 188.2 187.3 185.5 183.8 181.2 176.2 158 143.8 169.6 180.2 181.2 186.4 192.9 197.1 199.4 200.1 199.4 198.8 197.9 196.5 194.8 191.7
153.5 158.5 163.6 168.3 173.3 177.8 181.5 184.7 187 188.2 188.6 188.2 188.3 187.8 188.3 185.8 184.7 182.6 180.1 176 165.5 150.3 143.4 152.2 174.5 176.2 177.7 179.7 181.6 182.3 182.3 182.3 180.7 177 171 151.7 136.1 121.3 115.3 117.7 131.9 150.3 163.9 165 160.7 152.4 141.9 130.6 142.2 154.2 165.3 177.8 184.1 188.6 191.7 193.1 193.9 194.7 194 192.5 190.6 187 179.9 159.9 157.4 180.8 189.7 192.7 194.2 199.9 202.8 205.6 205.8 205.1 204 202.6 200.8 198 193.1
162.8 165.5 168.6 172.3 176.3 179.2 182.1 183.3 184.4 184.5 184.7 184.2 183.3 182 181.3 177.8 175.2 173.4 170.9 165.7 153.7 139.8 145.8 168.4 177.2 179.4 181.1 182.6 184.4 185.3 184.7 183.4 179.5 172.9 154.5 139.2 124.8 118.9 114.2 130.2 146.5 163 168.5 168.2 163.4 157.4 150.5 137.8 152.9 166.8 176.6 184 189.6 193.8 197 199.1 200.2 200.9 200.4 198.2 195.4 190.2 172.3 157.2 175.5 191.7 197 200.2 203.2 206.1 208.1 210.9 210.4 209.3 208.1 206.4 203.3 199.9 196.2
170.4 173.1 175.1 177.6 179.6 181.4 181.5 181.7 181.7 180.9 180.2 178.7 175.1 169.3 163 160.4 158.6 156.5 152.1 142.6 134.8 138.3 158 175.1 179.5 181.6 183.4 184.7 184.7 185 183.7 179.9 171 157 142 128.1 120.7 118.3 131.1 147.1 163.2 173.1 176.6 176.5 173.1 171 165.3 151.3 150.8 170.5 181.8 188.8 194.7 198.4 202.1 204.4 205.9 205.7 204.3 201.8 196.4 186.4 166.7 179.7 195 200.3 203.6 206.7 209.6 211.3 212.9 214.5 213.7 212.3 211 208.1 205.3 201.9 198.6
177.6 178.7 179.9 180.3 180.8 180.8 180.7 179.8 178.6 176.7 174.1 168.6 156.7 145.9 141.1 139.3 137.2 134 129.4 133.2 136.7 148.9 171.3 177.8 181 182.9 184.3 184.6 183.6 182.2 178.5 165.7 151.3 140.3 128.4 121.5 117.8 129.9 147.5 163.8 176.3 181.3 183.3 183.7 182.1 180.1 179 161.6 153.3 173.1 187.3 194 199.6 203.4 206.6 208.5 209.3 208.5 206.8 202.8 193.4 179.5 187.8 197.4 203.2 206.2 209.3 212.5 214.7 216.1 217 216.7 215.7 214.3 213.1 210.6 207.1 204 199.2
179.8 180.5 181.3 181.2 181.2 180.2 179.2 176.9 174.3 171.6 168.3 161.4 139.3 127.7 121.7 127 130.6 134.2 138.4 148 156.9 161.6 167.3 179.7 181.9 183.4 184.7 184.6 183 172.2 162.8 147.5 139.2 137.4 130 120.5 125.4 145.3 162.8 176.1 182.4 185.7 186.9 186.9 186.2 184.1 179.2 164.3 165 182.6 192.8 198.9 204.2 207.5 210.1 211.1 210.5 209.3 207.7 203.5 193.8 194 200.1 205.3 209.1 211.9 214.5 217.1 218.3 219.1 219 218.7 217.7 216.4 215.2 213.4 210.1 206.4 201.1
180.4 180.4 180.1 179.9 179.3 178 176.6 174.1 171.2 168.2 162.8 153.2 127 119.9 132.7 141.7 147.9 153.3 160.8 170.9 176.2 177.9 180.2 181.1 182.8 183.9 185.1 185.1 183.4 173.5 158.2 160 161.3 154.3 137.1 121.4 134.6 158.1 171.7 179.9 185.7 188.5 190.2 189.8 189.4 188.1 182.4 171.8 172.1 189.4 198.2 203.6 207.4 210 211.1 211.9 211.6 210.6 208.9 206 202 205.6 208.3 211.5 213.5 215.1 218 220 220.5 220.8 220.9 220.6 219.8 218.5 217.3 215.9 214.3 211.5 208.1
178.4 178.2 178 177.7 176.8 175.3 173.9 171.4 168 163.4 154.9 132.7 117.5 120.9 144.8 157.4 164.6 168.9 173.8 176.6 178.5 180 181.9 183.4 185.1 186.4 187.7 187.6 184.1 172.4 176.4 179.7 175.8 163.4 143.9 125.8 131.4 158.2 171.5 181.9 187.5 191 193.1 193.7 193.6 191.9 185.8 179.5 178.3 194.6 202.2 206 209 210.7 211.7 211.9 212 211.9 211.4 209.4 210 212 213.9 215.6 217.4 219 220.8 221.5 221.6 221.9 222.1 221.3 220.7 219.8 219.2 218.8 217.7 215.7 213.3
174.9 174.9 174.8 174.5 174 172.6 171.2 167.9 163.7 159.3 149.3 123.4 111.8 127.8 152.6 164.1 169.1 172.1 175.8 178.5 181 182.5 184.8 187.1 188.1 189.2 190.3 189.8 187.5 185.4 186.7 184.4 178.3 167.8 146.4 128.6 128.8 157.2 173.1 183.5 189.3 192.9 195.5 195.7 195.2 195 192.4 190.8 188.9 195.3 203.4 206.7 208.7 210.7 212.1 212.7 213.3 213.5 213.3 212.3 213.2 214.5 216.4 217.8 219.3 220.5 221.6 222.1 222.3 222.5 222.1 221.4 220.7 219.6 220.7 221.2 220.9 219.4 216.9
171.3 171.4 171.6 171.3 170.8 169.1 167.2 164 160.2 156.6 143 118.9 114.7 135.3 159.7 164.5 168.9 173.8 177.4 180.2 184.1 186.9 189.3 191 191.6 192.2 192.6 192.2 191.6 189.8 188.5 183.4 175.5 159 141.7 128.9 129.2 155.9 174.2 184.1 190.1 193.2 194.8 195.6 196.5 196.3 196.4 196.4 193.5 198 203.9 206.3 208.5 210 211 212.1 213.2 213.6 212.6 213.4 214.5 216 217.3 218.3 219.6 220.8 221.9 222.5 222.6 222.1 220.8 220.1 219.1 218.4 220.5 222.1 222.1 221.2 218.5
167.3 167.7 167.4 166.6 165.6 163.6 162.6 160.8 156.9 142.3 126.6 109.6 115.5 134.5 150.8 157.8 164.6 174 180.4 184.4 188.3 191.2 193.9 195.4 196.2 197 197.2 196.3 195.3 191.7 186.1 176.3 163.4 149.7 135.9 129.8 135.2 155.3 172.8 182.1 188 190.7 192.7 193.9 195.8 197.3 198.4 199 198.7 199.1 203.8 206.1 208.2 208.8 209.9 211 212 212 211.3 213.2 214.5 215.1 216.1 217.8 219.5 221.1 222.2 222.3 221.9 220.5 218.4 216.7 217.1 217.4 219.8 220.7 220.8 219.9 216.7
162.3 162.6 162.3 161.7 161 160.2 158.6 153.2 136.7 121.6 109.5 108 116.9 132.2 146.5 158.3 168.6 176.2 182.1 187.3 192.6 195.9 199 200.2 201.1 202.6 202.1 201.2 199.6 196.5 189.8 172.3 156 142.3 134.4 134.8 133.9 147.2 167.4 177.8 183.2 186.9 190.2 191.7 196.2 198.4 200 201 201.5 202.6 204.7 206.6 207.2 207.7 208.7 209.4 209.9 209.7 211 212.3 212.8 212.7 214.4 216.6 218.8 220.2 221.1 221.3 220.3 218.2 216.1 213.9 213.3 214.3 215.9 216.2 215.9 215 212.6
157.1 157.4 157.5 157.2 157 156.2 145.1 129.5 113.9 107.8 105.9 116.6 134.1 149.1 161.5 169.1 174.6 181.2 187.7 192.8 197.9 201.2 204.2 205.4 206.9 207.5 207 205.6 203.6 198.7 185.5 166.2 149 138.2 134.5 146.3 140.6 140.1 158.9 170 175 178.5 185.4 191.2 197 199.6 201.6 203.1 204 205.3 206.6 206.6 206.5 206 206.7 207.3 206.9 207.3 208.8 209.9 209.9 210.5 212.6 214.7 216.8 218.3 219 219.3 218 215.4 212.9 210.6 207.9 208.3 209.2 209.4 209.7 208.3 206.6
151.3 151.8 152.3 151.4 147.9 136.7 121.2 106.9 103.3 103.7 116.9 135.9 153.5 165 173 179.3 183 188.3 193.1 197.8 202 205.5 208.5 211.1 212.6 212.2 210.9 208.6 205.9 198.6 175.5 156.8 143.1 137.9 143.7 156.9 154.8 141.8 149.3 156.9 169.1 180.6 188.9 194.6 199 201.6 203.7 205 206.3 207.1 206.9 206.1 205 203.9 204.4 204.1 203.7 204.7 205.9 206.6 206.8 208.9 210.9 212.9 213.9 214 214.2 215.6 213.5 210.8 208 205.3 202.7 200.8 199.9 199.9 199.1 196.8 194.5
144.5 143.3 138.5 132.5 125 112.6 102.8 98.9 103.9 115.8 137.4 155.7 171.5 176.8 183.3 187.5 191 195.2 199.3 203.5 207.9 211.7 214.8 216.8 216.7 215.6 213.5 210.6 205.8 191.6 168.4 150 143 143.7 155.6 170.8 166 147.7 165.9 166.6 179.1 187.5 194 198 201.1 203.8 205.3 206.6 207.2 206.7 206.1 204.9 203.9 202.1 201.3 200.9 200.4 201.1 202 203.1 205.2 207.1 208.5 209.5 209.6 209.5 209.6 209.4 207.6 204.9 202.3 199.1 195.9 192.6 190.7 188.1 186.5 184.3 180.1
134.3 124.8 118.9 112.7 104.5 99.6 99.1 105.9 119.8 135.5 156.8 175.1 183.8 188.1 191.3 194.4 197.5 201.4 205.8 209.9 213.5 216.6 218.8 219.6 219.1 217.5 214.8 210.5 198 176.2 155.7 147.8 146.7 155.3 169.7 178.2 174.7 157.2 175 182.7 184.6 193 198.2 201.1 203.5 205.6 206.6 206.8 206.7 206.2 205.3 204.1 203 200.5 197.9 196.7 196.4 197.3 198.1 200.4 202.7 203.9 205 205.6 206.2 205.8 205.4 204.5 203.2 200.6 197.9 194.6 190.9 186.3 182 179.5 174.6 166.6 160.2
114.5 105 98.9 94.5 95.3 99.5 109.1 125.9 143.3 160.1 176.5 187.2 191.5 195 197.9 201 204.1 207.4 211.7 215.9 218.5 220 221 221.1 219.8 217.5 214.4 207.2 188.7 165.5 151.3 147.7 159.8 173.1 183.1 186.4 183.7 168.8 184.1 192.4 193.6 197.7 201.2 203.9 205 205.9 206 205.9 205.5 205 204.3 203.4 202.5 200 197.6 193.6 192.5 193.5 194.4 196.5 198.4 199.5 200.7 201.8 202.3 202.5 202.5 202.2 200.9 198.7 195.7 192.4 188.6 181.4 170.6 165.3 156.9 157 158.2
92.9 93.4 97.8 99.9 103.9 113.8 129 144.7 162.1 179.1 191.9 195.7 198.8 201.5 204.3 207.3 210.7 213.7 217.5 219.9 221.1 221.7 222 221.2 219.1 216.8 212.4 199.2 178.4 157.6 152.6 163.8 178.5 190.7 194.6 194.7 193.3 185.5 192.2 199.5 200.1 200.8 203.6 204.2 204.9 205.1 204.9 204.6 203.6 203.1 202.6 202.9 202 199.5 197.6 194.3 190.5 188.9 190.8 192.6 194 194.4 195.6 197.4 199 200.6 200.4 200 198.7 197.3 193.7 189 184.5 177.3 166.1 163.2 167.9 171.3 173.6
100.6 107.1 114.1 119 123.4 134.8 148.3 164.2 180.7 195.4 199.9 202.7 204.6 207.2 209.7 212.4 214.8 217.3 219.5 221.1 222.1 222.7 222 220.2 217.4 214 205.5 187.2 167.1 158.2 169 182.7 197.1 200.1 201.1 201.3 200.8 198.8 202 204.7 204.3 202.8 204 204 203.7 203.7 203.4 202.6 201.7 201.2 201.4 201.7 201.5 199.8 198 195.4 193.3 190.1 184.6 187 188.3 189 192.4 194.7 196.8 199 200.4 200.6 199.2 198 194.1 188.1 176.1 173 167.5 175.1 180.3 183 187.1
117.5 127.1 136 141.1 146.3 156 169 182.8 196.8 201.9 204.6 208.1 209.7 211.5 213.4 214.7 215.9 218.5 219.8 221.5 222.5 222.6 221.3 217.9 213.4 206.7 195.4 177.5 159.9 169.2 185.4 198.4 203.6 205 206.2 206.8 207.2 207.7 208.2 207.8 205.8 204.7 203.7 203 202.3 201.6 200.9 200.1 199.5 199.4 199.4 199.6 200.9 200.4 199.4 198.2 196.4 193 188 181.7 184.2 187.6 191.2 194.7 197.9 200.6 202 202.4 201.7 199 194.3 182.8 182.1 180 183.2 185.5 189.5 194.2 198.6
133.5 143.3 153.3 163.1 168.8 178.8 190.8 199.4 203.8 206.5 209 210.5 212.3 213.7 214.8 216.1 217.5 218.9 220.1 221.6 222.3 222.4 220.2 217 210.9 198.1 180.1 169 169.8 184.9 198.9 204.8 207.7 209.2 210.5 211.1 211.7 212.2 210.9 208.8 206.6 205.1 204.1 201.9 200.5 199 198.1 197.2 196.9 196.8 197.3 198.5 199.4 200.7 200.9 199.8 196.6 192.8 189 182.6 182.7 188.4 192.3 196.1 200.1 202.8 204.3 204.5 203.9 201.7 198.1 194.9 193.4 191.1 192.5 194.5 197.6 202.2 206
149.2 159.2 169.8 181.7 191.1 195.7 201.8 205.3 207.2 208.5 209.3 210.7 212.9 213.6 214.4 215.4 216.8 218.4 220 221.4 221.8 221 219 215.9 210.6 199.4 182 174.7 181.7 194.6 205.2 209 211.5 213.2 214.7 214.7 214.4 213.4 211.8 209.3 207.3 205.4 203.4 200.9 198.8 195.9 194.6 194.1 193.9 194.7 195.5 196.3 198.3 199.5 200.3 198.5 194.6 191.4 188.6 181.3 181.6 188.7 193.9 197.9 201.9 204.9 206.4 206.8 207 206 203.7 202.3 200.5 199.8 200.7 203.2 205.4 208.8 212.7
170.1 179.8 189.7 197.3 201.8 204.7 205 206.5 208.1 208.8 209.7 211.2 212.5 213.2 213.8 214.3 215.9 217.3 219 220.2 220.6 219.4 217.4 213.6 206.4 188.4 181.8 184.5 197.5 201.1 209.3 213.3 214.9 216.3 216.7 216.2 215 213 211.2 209.4 207.3 204.4 201.7 199.3 195.9 193.4 189.3 186.4 185.3 190.8 193.3 195.2 197.1 198.1 198.6 196.9 192.7 188.6 184.1 178.8 181.2 189.6 196.5 200.9 205.2 207.6 208.9 209.4 209.9 210.1 209.2 208.4 207.3 208.3 209.9 212.3 214.4 216.6 218.6
181.4 191.9 199.5 203.8 205.5 206.3 206.4 207.1 208.1 208.8 209.6 210.2 210.7 211 211 212.6 214.5 216.3 218.1 218.9 219.1 217.5 215 209.6 198.2 193.3 199.2 201.9 206.8 210.3 214.5 216.9 217.7 218.3 217.6 216.2 214.8 212.4 210.1 207.6 205.2 202.5 199.5 196.8 192.7 188.5 187.8 186.9 183.7 178.6 186.3 189.6 194.6 195.4 196.1 195.4 192 189.1 185 177.5 180.6 191.9 199.2 204.3 208.3 209.5 210.7 211.9 212.8 213.4 214.1 215.1 214.9 216.8 219.3 220.5 220.5 221.1 221.9
195 199.5 202.2 205.6 206.9 207 207.1 206.1 206.3 206.7 207.4 208 208.5 206.9 208.5 210.9 213.7 216 216.7 217.4 217.5 216.1 213.9 207.9 204 207.4 210.3 211.5 213.6 216 218 219.3 219.5 218.9 218 216.7 215.5 212.7 209.4 206.3 203.4 200.6 197.8 195 193.5 193.6 192.5 191.8 189.6 185.3 176.3 181.1 187.9 192.9 193.8 193.3 191.1 188.3 179.6 169.4 183.4 196 203.4 207.4 209.8 211.5 212.9 214.1 215.2 217 218.2 219.1 220 222.9 223.8 223.9 223.8 223.9 224
201.3 203.3 205.6 207.3 207.4 207.7 207.1 204.6 203.3 203.7 203.6 203.9 202.8 204.3 207.6 210.7 213.5 214.7 215.2 215.8 215.5 214.8 213.5 211.4 210.3 212.4 213.4 215.1 217.2 219.4 220.5 220.6 220.6 219.7 218.8 217.4 216.2 213.9 210.9 208.1 204.9 202 199.5 197.9 197.4 197.7 196.6 195.4 193.1 190.4 185.6 176.9 175.7 184.4 190.3 191 189.5 184.5 170.5 176.7 190.9 200.9 205.5 208.8 211.2 213.1 214.7 216.1 217.2 218.6 220.4 222.1 223.8 225.4 225.6 225 225.5 225.9 226.1
205.8 207.1 208 208.5 208.3 208.3 206.5 203.9 200.7 199.5 199.2 198.7 200.5 205 208 210.8 212.5 213.7 213.7 214.3 213.6 213.3 213 212.5 213.1 214.4 216.2 217.9 220.1 220.8 221.3 221.7 221.7 220.8 220.1 218.9 217.3 215.5 212.9 209.9 206.7 204.3 202.6 201.2 200.9 201.1 200 198.8 196.4 194 191.2 187.5 177.7 171.3 174 184.2 185.9 167.5 165.8 180.8 195 202.5 206.1 208.8 210.9 212.8 214.8 216.8 218.4 219.9 221.5 223.3 224.5 225.1 225 224.6 225.1 225.7 226.5
208.3 208.7 209.3 209.3 208.7 207.4 205.5 201.7 198 196 195.8 194.9 200.7 205 208.2 211.1 212.6 213.1 212.9 212.5 211.4 211 210.8 211.9 213.3 215.2 217.3 219.4 221 221.7 222.1 222.5 223 222.4 221.4 220.5 219.2 217.9 215.2 213 209.2 207.2 205.8 204.6 204.9 204.4 203.4 201.8 199.9 197.6 195 192.2 185.7 178.5 165.3 160.4 162.9 164.3 168 185.7 198 202.7 205.5 207.9 210.4 212.3 214.1 216 217.6 219.1 221.1 222.7 224 224.2 224.3 224.3 224.8 225.1 225.8
209.7 210.1 209.9 209.2 207.8 206.1 203.4 200.4 195.4 189.9 192.1 195.5 201.9 205.4 208.3 211.3 211.6 211.1 210.4 210 209 208.6 209.2 210.9 213 215.2 217.5 219.8 221.3 222.6 223.6 224.6 224.5 223.5 222.4 221.4 220.7 219.9 218 215.8 213.3 212.1 212.4 211.8 210.5 208.7 206.6 204.8 203 201 198.5 195.3 189.6 182.8 171.7 157.2 152.9 153.8 170 188.5 197.7 201.7 204.3 206.5 208.4 210.7 213 215.1 216.8 218.4 220.1 221.7 222.6 222.6 222.8 222.3 222.1 222.6 223.5
211.4 210.8 209.9 208.4 206.6 203.9 200.3 196.7 191.6 184.1 185.4 198.8 203.3 206.7 208.8 209.5 209 208.7 208 207.5 206.5 206.5 208 210.1 212.8 215.2 217.6 220.2 222.1 223.9 225.4 225.5 225.1 224.3 223.4 222.4 221.7 221 220.8 218.8 218.8 218.9 218.4 217.3 215.7 214 211 208.8 206.6 204.3 200.8 197.3 189.8 183.3 168.9 166.1 165.7 148 159 180.3 195.7 200.4 202.5 204.3 206.2 208.5 210.6 212.7 215.2 217.4 219 220.7 220.8 220.8 220.4 219.8 219.4 219.9 220.6
