data/230000-870000.asc
ncols 200
nrows 200
xllcorner 230000
yllcorner 870000
cellsize 50
[rows 35 to 69 of 200, columns 0 to 77 of 200]
831.8 824.1 813.7 806.6 801.6 788 789.6 794.4 800.8 804.4 806.1 807.2 809.9 816.1 824.1 829.8 834.1 835.8 838.1 840.3 844.4 849.6 853.4 856.3 856.8 855.6 851.6 844.5 830.4 808.5 789.4 773.3 758.4 749.3 739.5 731.9 717.4 698.9 688.9 673.1 665.7 649.1 645.6 635.6 635.2 631.5 632.9 632.4 631.7 632.7 630.6 633.2 629.7 625.3 621.7 618.2 614.6 610.6 604.6 593.9 579.3 569.4 562.3 555.5 546.9 537.9 532.1 525.1 516.3 506.1 496.3 484.9 473.4 461.2 447.4 432.6 418.2 400.9
836.5 829.1 819 811.3 800.9 787.4 783.3 787.7 793.2 794.9 795.8 795.6 799.1 805.5 811.8 817.6 822.3 824.5 825.4 827.3 831.6 840.4 847.1 851.9 854.2 854.4 851.8 845 834.1 812.6 788.6 770.3 752.7 738.8 728.2 716.1 707.4 701.2 684 667 655 638.4 633.7 625.7 622.7 620.1 622 625.7 624.4 626.5 624.3 624.3 624.5 622.7 623.6 628.1 622 611.6 603.4 595.6 580.9 567.7 559.1 552.6 544.6 535.2 529.5 522.5 514.7 504.5 493.9 482.7 471.7 459.1 447.2 431.6 417.5 400.7
838.7 833.3 822.1 813.3 800.6 786.1 777.3 782 784.7 787.7 786.7 785.3 787.2 793 800.4 806.4 810.7 813.2 814.4 817 821.3 828 837.8 845 849 850.1 849.3 843.5 834 815.8 792 773.3 755.2 743 729.6 717.8 702.7 695.5 680.2 661 647.9 640.7 637.1 629.5 629 627.6 622.3 615.2 615.9 615.6 612.4 612.4 611.2 615.1 623.2 626.2 619.6 606.6 594.7 590 577.9 563.5 554.6 548.2 541.8 533.4 525.6 519.1 511.3 501.8 491.3 480.6 469.6 456.6 444.7 431.1 416.3 400
839.5 835.4 825.9 814.8 799.7 787 776.3 775.1 776.5 776.9 776.4 773.8 774.9 780.4 788 795 799.3 802.7 804.5 808.1 812.2 819.4 827.8 835.7 841 842.5 842.5 838.5 831.3 816.7 795.4 777.5 758.7 744.2 730.7 716.1 701.1 691.8 676.7 661.7 650.8 642.4 638.8 631 630.7 629.2 628 623 618 611.7 604.4 602.2 600.3 603.6 611.9 612 610.6 598.5 582.2 578.8 569.7 557 548.4 543.9 536.9 530.4 522.5 516.1 508.5 500 488.1 477.2 467.1 454.1 442.1 429.2 414.4 398.7
839.3 836 829.8 818.3 802.6 787.5 775 765.9 767.9 767.3 764.2 759.5 759.5 766.6 774.4 781.2 787.1 790.2 793.2 796.7 803.4 810.5 817.3 823.8 830.3 833.1 833.6 832 826.5 814 793.9 777.9 761.6 745.7 733.2 716.6 704.4 691.7 680.4 666.5 655 647.9 643.2 636 634.5 632 628.6 625.1 618.2 614.3 608.6 604.6 601 598.8 600.2 601 594.7 583.9 571.4 564.9 559.8 549.7 544.6 539.2 531.8 526.5 520.3 513.2 505.8 498.5 486.4 474.4 463.4 451.5 440 429.3 415.1 399.1
838.1 835.9 831.4 823.7 809.5 793.8 778.2 764.4 758.2 757.1 753.5 748.7 746.3 751.7 759.9 768 775.1 778.7 780.9 786.4 794.4 801.2 808.2 813.7 817.8 821 822.8 823.1 818.5 808.2 789.8 774.1 761.3 748 735.8 719.4 707 695.2 683.5 673.4 662.3 658 651.7 646.8 641.4 636.6 632.3 626.5 620.3 614.1 608.1 602.7 601.9 596.6 597 592.6 585.9 573.9 563.3 555.2 550.6 545.2 541.8 536.7 529.6 524.6 520.9 514.6 506.6 498.8 486.8 473.9 459.6 447.2 435.5 426.1 413.6 398.7
833.3 833.9 832.6 828.4 816.9 802.7 787.1 771.8 757.3 745.9 742.4 737.4 733.9 737.8 745.1 751.6 761.2 766 769 778.1 785.3 792.8 799.3 804.3 806.9 808.4 809.5 809.7 807.2 797.5 782.3 769.6 758 748.2 741.3 724.8 713.7 702.6 694.4 687.1 677.7 669.4 662.2 655.6 647.8 641.4 634.3 626.6 620.4 613.8 605.3 598.4 593.8 590.1 589.8 585.7 580.6 572.2 558.9 548.8 543.8 542.2 541.3 536.6 529.2 523.4 521.6 516.1 508.2 499.8 488.2 474.7 461.2 448.7 435.1 422.8 410.7 397.9
824.4 828.8 831.6 830 824.6 811.8 796.7 782.9 768.1 754.5 744.1 728.7 718.3 722.6 731.2 737.6 745.3 750.9 759.1 770.1 778.3 784.9 790.5 794.8 797.3 797.5 797.5 795.7 794.4 785.4 774.6 764 754.6 748.6 743.5 732.2 719.5 710.1 705.5 697.6 689.6 679.9 670.1 663.1 653.1 644.3 635.4 625.9 616.3 608.8 602.1 595.1 589.1 583.7 573.8 573.3 568.1 562.3 554.7 547 541.2 539.9 538.6 534.8 527.7 523.6 522.5 517.5 509.6 501.4 491 477.2 462.7 450.8 439 424.6 412.1 398.4
815 822.5 828.6 829.9 826.6 819.1 804.2 791.3 779.2 765.3 752.1 737.8 720.6 707.6 716.8 727.5 731.6 740.8 753.5 765.2 773.5 779.9 784.1 787.4 788.8 788.2 787.2 785.2 782 774.2 764 756 748.9 744.2 739.2 730.9 720.4 713 707.4 701.2 693.5 685.6 677.2 669.5 655.2 644.8 635.6 623.4 614.7 607 598 588.6 583.2 577 569.8 565.9 563 560 552.2 544.9 539.2 539.3 537.3 533 527.1 523.3 522.6 518.8 511.5 502.6 492 478.8 464.8 451.8 440.6 428.1 414.7 400.6
805.7 815.4 825.1 828.3 826.5 822.6 809.6 798.6 785.8 771 753.9 735.9 719.1 705 702.9 714.4 724.1 742.5 754.9 763.4 770.3 776.4 780.8 782.1 782.4 780.8 777.9 773.9 768.6 763.8 753.6 745.6 739.1 735.4 732.8 726.6 721.3 714.5 708.1 702.9 696.6 688.3 680.1 671.7 658.6 646.9 637 623.2 612.8 603.9 593.6 582.5 577.3 570.7 563.8 560.1 556.5 553.3 550.7 544.8 541.6 537.1 535 530.6 525.9 522.7 522.5 519.7 512.2 503.1 492.1 478.8 465.5 451.9 438.1 427.9 414.5 401.9
796.3 808.9 820.6 826.4 827.9 824.2 814.2 802.2 789.4 770.4 748.5 730.3 714 700.3 690 704.1 722.7 740.2 754 762 767.9 773.8 776.8 778.7 777.7 776.3 769 762.2 757.1 750.4 742.5 735.2 727.8 724.6 723.2 718.5 714.6 710.2 704.7 699.6 695.5 687.9 678.7 670.7 658.2 645.3 635 621.9 611.4 601.3 589.9 578.9 573.2 565.3 558.9 552.1 551.5 548.6 546.9 542.2 539.6 538.5 533.1 530.2 526.1 523.5 521.7 518.7 511.5 502.7 492.3 478.8 465.3 452.3 437.9 427.6 415.2 403.7
786 802.6 817.1 825.2 827.7 823.8 816.7 804.2 791 764.3 741.4 724.3 709.8 693.8 680.7 697 714 734 751 759.5 765.8 771.2 774.7 776.6 775.6 773.5 765.3 755.7 749 740.8 731 726.2 719.2 714.2 713 709.7 704.3 700.9 699 692.6 689.6 684.8 676 668.3 656.2 641.5 630.3 621 608.1 597.8 585.3 573.7 570.5 561.1 552.4 546 545.3 543.9 543.4 540.6 537.7 536.8 533 528.7 526.3 524.9 520.1 516.6 510.1 501.3 489.7 477 462.8 450 438.1 426.6 414.9 404.8
779.7 797.3 813.7 822.5 826.3 823 815.3 804.6 790.6 760.3 738.5 722 707.4 690.3 674.7 687.4 705.7 726.5 744.5 755.5 762.3 768 772.3 774.8 775 773.4 767.9 760.1 749.1 740.5 730.7 718.4 709.3 704.3 702.1 698.8 694.5 690.5 690.4 684 680 678.3 671.9 662.5 651.7 638.4 624 614.6 603.8 593.7 581.7 571.6 568 557.1 548.1 540.6 538.3 536.7 537.4 538.5 538.1 535.5 532.5 529.1 527 523.5 518.6 513.8 506.2 498.1 486.8 474.1 460.8 447.5 434.6 424 414.3 403.6
772.4 790 808.2 819.9 824.1 820.4 812.1 802.3 784.3 753.7 736.7 721 705.1 687 669.5 678.2 694.4 713.7 735.8 749.8 758.6 764.5 769.2 773.2 774.1 773.2 769.9 764.1 753.7 742.1 732.6 723.3 713.5 701 690.7 688.4 687.1 684 682.2 675.4 669.9 669.4 664.4 654.4 645.4 632.8 619.1 608.6 597.7 590.1 576.4 567.8 562.2 555 546.1 538.3 532.8 531.7 531.5 533.8 534.9 535.3 533.4 530.5 526.7 520.9 516.7 510.9 502.9 492.8 482.5 472 457.6 446.8 433.1 421.6 411.5 401.8
766.5 786 800.7 814.7 818.7 815.7 808 798.8 781.9 752.8 733.6 718.9 702.7 685 667.4 668.3 682.4 699.5 723.9 742.3 752.6 760.1 765.4 769.6 771.5 772.4 771.5 766.9 757.6 746.5 736.2 726.6 717.6 708.7 697.4 690.2 683.4 673.6 670.2 665 662.8 660.9 655.1 645.4 638 626.2 615.9 606 594.6 585.2 571.9 564.1 558.2 552.2 543.8 536.9 532.3 527.9 528.2 530.2 530.5 532.2 531.1 529.3 525 518.6 513.9 508.4 500.7 488.9 478.4 468.6 455.3 443.4 431.1 421.4 410.8 401
762.9 780.8 796.8 806 808.6 807.3 800.7 793 782.4 758.2 735.8 718.9 702.1 683.6 667.7 658.2 669.1 687.2 711.7 733.3 745.6 754.9 761.2 764.9 767.4 768.5 768.9 768.4 761 751.2 741.5 733.7 724.8 716.7 707.8 698.4 690.9 679.7 668.2 655.5 653.7 651.4 645 636.2 631.1 622.6 615.4 607.5 598 587.5 577.1 566.3 557.2 549.2 541.6 536.3 531.5 528.7 526.8 526.8 526.4 527.6 527.6 526 523.2 516.7 510.4 504.5 497 486.4 476 467.1 454.3 440.8 430.6 420.1 410.3 400.3
756.5 773.3 787.9 795.6 797.7 795.1 789.8 784 775.7 763 741.2 720 702.4 683.3 667.8 648.9 658.3 677.2 699.5 723.1 737.8 748.4 754.6 758.9 760.8 761.5 762.9 765.4 762.3 753.7 746.3 740.5 731.9 723.6 714.3 704.7 696.7 686.1 673.6 662.7 651 640.7 636.1 628.5 623.9 617.7 612.4 606.1 598.8 588.6 579.4 570.2 561 551.9 543.2 537.6 533.8 530.2 528.5 524.9 524 522.5 524.2 522.3 519 514 507.6 499.7 491.2 481.7 473.3 463.9 453 441.5 430.6 421.8 411.6 399.5
745.9 759.8 773 780.4 781.7 779.8 776 771.4 766.6 759.7 744.8 724.2 703.2 683.5 667.5 652.1 648.8 667.8 688.2 712.9 728.6 740.4 745.8 749.2 751.4 753.1 754.2 755.9 760.1 753.7 747 741.9 734.3 726.5 717.9 708.4 699.6 692.2 678.7 667.5 659.3 647.9 633.9 621 616.3 611.4 607 601.5 594.8 588.7 581.1 572.4 564.4 556.6 548.3 542.1 538.5 533.9 530.3 529.7 528.1 524.2 518.7 517.2 513.8 509.2 502.2 492 482.3 468.9 452.1 441.9 434.9 433.8 428.1 417.7 409.4 397.8
733.4 745.6 756.2 762.9 762.1 762.5 762.3 760.3 757.3 752.5 742 722.8 701.4 682.3 664.7 651.3 638.7 657.3 677.6 700.8 718.8 730.7 736.8 739.5 740.3 741.6 743.3 745.2 749.6 747.9 742.4 737.9 731.7 724.1 717.2 709.1 700.6 693.5 684.3 675.4 664.2 654.9 644.1 632.9 621.4 610.7 599.9 595.8 591.2 586.3 580.1 573.1 565.7 558.9 552.3 547 542.5 536.7 534.2 532.4 530.9 527.7 517.9 504.7 503.3 497.8 486.9 472.6 469.7 469.9 473.1 466.5 456.6 441.1 431 408.8 397.5 389
718.2 729.7 738.2 742.8 745.4 747.6 749.3 750 748.2 744.5 736.3 718.1 695.9 677.6 661.8 648.1 632.3 646.9 664.3 689.2 706.5 717.4 725 728.2 728 727.3 728.2 728.9 732.7 735.5 731.6 727.7 722.9 717.2 711 705.4 697.8 693.6 686.7 679.3 670.2 660.8 650.9 640.3 630.8 620 607.6 595.5 586.7 582.4 577.7 571 564.9 559.9 555.4 549 547.6 543 539.2 536.7 534.4 531.4 528 520.9 511.8 503.7 499.3 496.9 493.3 489.9 481.8 474.3 464.2 452.5 440.6 428.8 417.3 406.8
701.8 711.7 719.2 726.2 731.2 735.9 739.4 740.4 739.9 736.4 725.3 708.3 690 672.1 657.6 642.5 627.1 635.6 652.2 674.6 693.6 703.6 710.9 713.6 712.5 710.8 709.9 709.1 709.9 714.4 714.5 712.4 708.4 704.5 701.3 697.8 693.5 691.2 688.1 682.2 675 666.1 655 646 636.7 627.5 614.8 602.8 592.1 583.7 576.7 569.9 565.2 560.6 557.2 554.1 551.6 548.2 545.2 543.2 541.2 538.8 535.1 529.9 524.6 517.9 513.3 508.3 502.3 497.3 489.3 480.7 469 456.6 443.9 431.2 420.4 407.9
684.6 695.7 705.1 714.3 721 725.9 729.3 732.1 731.4 727.1 710.9 693.8 677.5 662.9 651.2 637.5 619.2 622.7 639.2 658.5 675.1 684 688.9 691.4 689.8 687.6 687.7 686.6 684.7 686.8 690.3 688.7 687.1 685.9 686.8 686.8 685.3 684.6 683.7 681.8 676.1 667.8 657.5 650.6 641.6 632.9 621 609.7 597.9 587.8 578.9 573.1 568.6 564.7 561.5 558 556.5 553.2 551.1 550.2 548.8 545.7 542.2 537.5 532 527.1 520.4 515.5 508.6 501.3 494 484.7 472.8 459.7 445.7 433.5 420 408.5
671.1 683.1 694.8 704.5 712.7 718.6 722.9 725.6 723.8 718.2 699.4 680.9 666.4 653.3 642.8 631.7 615 609.1 623.1 637.3 650.9 658.4 662.1 662.4 661 656.3 657.1 659.2 657.9 660.4 663.7 668.9 667.3 668.1 670.6 672.5 674.2 675.2 677 677.9 674.1 667.3 659.3 651.8 642.8 635.2 625.9 615.4 603.4 592.6 584 578.5 573.7 569.2 565.9 563.6 561.5 559.2 557.7 556.6 555.3 551.9 548.8 543.3 537.6 531.2 525.3 519.5 512.8 504.5 497.4 487.1 475 460.8 445.4 432.7 420.2 409.4
661.9 672.5 684.1 695.2 704.6 712.6 718 720.7 718.6 711.4 690.3 672.2 657.2 644.9 635.9 625.6 613.5 591.8 606.1 615.2 625.4 630.9 633.5 631.5 631.7 626.9 624.9 628.9 630.1 633.6 639.5 640.9 645.4 649.5 651.6 655.4 658.5 662.5 665 666.9 667.9 663.8 656.5 648.9 639.6 632.7 625.9 617 606.8 598.6 590.5 582.5 576.3 571.9 569.1 566.6 565.2 563.2 561.9 560.2 557.2 554.2 550.4 545.7 541.8 535 528.3 522.8 515.5 507.3 499.9 490.2 476.7 462.6 446.2 431.1 420.1 408.7
653.4 662.9 673.2 684.7 696 706 713.9 717.5 715 708.9 688.5 671.3 652 638.9 628.7 618.3 608.4 594.5 585.5 595.1 600.3 606 606.6 606.5 600.3 597.8 595.7 601.8 604.1 611.9 618 623.5 624.4 632.6 633 636.7 641.3 645.3 650 653.8 656.3 655.1 649.3 641.7 634.8 628.3 622 615 607.5 600.2 592.7 585.2 578.4 571.9 568 565.7 564.3 562.9 561.8 558.9 556.2 554 550.9 546.7 542.5 537.1 530.8 525.5 518.5 510.4 502.8 493.2 478.1 462.9 447.3 431 416.9 407.3
642.8 653.1 664 676.3 688.1 701.1 709.8 715.3 714.5 709.2 692.7 674.7 655.9 640.5 626.5 613.5 602.9 590.4 578.9 576.5 579 583.9 583.6 582.5 577.5 570.5 574.2 581.4 585.2 589.9 596.9 600.5 601 607.5 614.4 617.5 622.4 628.4 632.3 636.1 640.2 643.3 635 629.3 626.2 622.1 617 612.1 607.1 600.9 593.5 585.9 578.6 571.1 564.2 560.2 558.8 558.3 557.3 554.6 551.5 549.8 547.9 543.9 540.7 536.6 531.7 526.2 520.4 512.9 504.9 495 479.6 463.2 447.3 430.5 414.8 404.5
632.3 644.8 656.8 670.4 683.7 696.7 707.8 715 714.8 709.8 698.4 684 664 645.3 629 614.3 601.4 589 575.7 569.1 565.7 567.2 570.3 566.6 567.5 557.6 561 562.7 564.1 569.3 576.5 579.7 580.1 585.7 591.2 597.7 602.9 608.1 613.5 618 620.5 628.9 625.8 616.1 615.1 611.6 610.5 607 603.1 597.1 589.9 582.9 572.8 567 559.5 553.5 551.4 551.6 551.5 548.9 545.6 544.1 542.6 540.4 538.2 533.8 529.8 525.5 519.8 513.5 505.1 494.2 481.2 463.3 446.5 430.7 414.3 401.1
623.6 636.3 649.7 664.5 679 693.1 703.9 713.3 716.1 713.7 708.1 693.5 674.9 653 634.5 617.2 603.3 591.9 579.7 570.3 562.5 559.3 557.2 557 557.1 548.3 551.5 547.6 547.1 551.2 557.5 561.9 565.1 570.9 571 573.9 580.4 585 591.1 597.2 601.7 608.6 611.2 599.3 599.8 597.7 598.2 596.8 594.2 587.5 579 573.2 566.3 559.7 554.9 549 547.2 543.8 542.8 543.1 539.7 537.5 535.9 533.9 533.2 529.8 526.9 523.3 517.3 511.8 503.8 494.3 480.7 462.9 445.6 428.4 412.1 397.2
616.2 629.6 641.6 656.9 671.8 686.3 699.7 710.6 716.1 717.1 713.3 704.2 687 663.6 642.3 623.1 608.2 595.7 582.3 571.3 563.7 557.1 555.5 551.9 549 540.9 540.7 537.1 534.4 530.1 536.5 540.6 547.7 556.2 554.1 551.8 558.4 564.2 569.2 573.9 579.9 585.3 592.4 583.3 579.9 580.5 577.7 581.4 582.5 576.5 568.2 562.1 558.5 551.8 547.9 543.8 540.2 535.4 532.9 533 534 531.1 528.7 527 525.1 524 520.4 518.2 515.6 510.5 503.3 493 478.9 462.3 444.4 425.8 408.8 393.2
609.2 622.2 633.9 648.6 664.5 679.6 693.8 706.4 716.1 720.6 718.8 712 699.4 676.7 653.4 632.1 615.6 602.5 589.8 580.7 572.7 564.5 560 553.7 545.9 545.5 538.4 533 528.2 524.7 521.7 524.1 526.3 534.5 537.3 533.4 538.6 547.3 548.1 553 556.9 563.5 565.4 562.6 558.3 561.5 560 561.5 566.2 560.6 555.8 549.7 544.1 538.5 536.3 535.6 531.7 527 522.8 524.6 526.6 526.2 522.6 519 516.4 516.1 511.5 510.4 510.5 506.7 500 489.2 474.4 459.6 442.2 423.7 405.6 389.2
606.2 616 629.1 643.2 658.9 674.1 688.5 702.9 714.5 722.6 724.2 719.4 710.9 686.7 663.3 644.1 627.8 614.5 603.7 594.4 586.3 577.9 572.5 566.7 558.5 554.5 550.4 546.8 536.2 530 526.2 519 516 513.5 517.2 518.5 519.3 528.3 528.3 534.8 534.7 541.9 545 544.6 542 541.5 539.8 541.4 547.2 543.6 537.3 533.6 527.4 523.7 518.4 516.6 515.7 515 513.4 515.4 516.2 517.2 515.4 508.4 504 506 501.3 499.3 501.2 498.2 494.5 484.8 471.3 456.1 438.9 421.5 403.8 387.2
604.3 615 629.1 641 655 670.4 684.2 699.4 712.7 723.5 728.4 725.9 719.3 700 676.3 657.1 642.3 629.7 617.7 607.5 599.7 592.2 585.6 580.8 575 569.6 565.7 560.1 552.2 547.5 538.7 531.2 525.4 518.5 511.5 505.8 505.4 508 511.8 516.6 515.1 519.6 522.3 527.4 525.8 524.2 523.8 524.6 530.6 530.8 524.8 521.2 513.7 509.3 505.2 504.7 504.7 502 500 501.4 504.1 506.8 503.5 498.4 495.4 492.5 491.4 491.8 491.3 490.8 485.6 479.8 468.8 453.5 437.9 419.1 401.9 384.2
607.8 617.8 631.1 642 655.6 669 682.5 698.3 712.2 723 730.7 731.6 726.4 712.4 690.2 671.5 657.9 646.1 633.2 622.5 614.3 607.5 602.1 597.8 593.3 589.3 584.6 578.4 570.5 562.6 552.7 542.8 534.8 527.7 518.1 508.4 502.9 500.9 498.9 498.1 498.2 498.2 504.5 509.1 511 508.3 508.7 508 510.8 516.1 513 506.7 501.6 500.6 499 497 495.1 494.5 489.5 486.8 485.2 485.9 486.2 483.4 479.6 482 484.1 483.5 481.5 481.1 477.9 473 464.4 451.2 436.5 418 399.9 382.1
612 622.5 632.4 643.6 657.5 672.1 685.3 700 714.3 725.7 733.1 736.2 733 724.2 703 685 672.1 660.8 649.2 639.2 630.9 624.7 620.7 616.5 611.2 608.3 603.1 597.9 591 582.5 572 559.5 547.1 535.1 521.7 510.3 505.6 502.2 499.7 494 491.6 490.6 491 494 498.6 497.6 495.9 495.8 498.1 501.9 497.5 493.1 491.1 490.8 491 487.8 483.6 482.4 480.8 477.8 476.1 476.4 474.2 473.9 474.5 471.2 478 476.3 472.1 474 470.5 465.4 457.7 446.6 433.4 416.2 398.2 378.9
613.5 626.9 637.6 647.5 661.8 676.8 691.3 703.7 718.3 729 736.6 740 738.6 732.2 714.2 697.7 684.1 675.9 667 658.2 651.1 646.5 642.9 639.2 635.3 631.7 624.9 620.4 611.8 602.1 592.2 580.9 563.8 540.2 527.2 515.2 509.1 506 500.7 495.3 491.3 489.4 488 487.1 489.6 489.2 487.3 486.5 490.2 495.9 491.1 483.8 482.4 480.6 480.4 479.5 475.7 475.6 473.5 470.6 470.1 469.7 468.4 465.9 465.9 463.2 465.5 467.5 462.9 462.2 462.5 457.7 450.8 441.9 429.9 412.8 396.2 376.4
