data/230000-120000.asc
ncols 200
nrows 200
xllcorner 230000
yllcorner 120000
cellsize 50
[rows 111 to 147 of 200, columns 0 to 83 of 200]
127.8 104.2 118.4 135.2 143.4 148.5 152 155.8 158.5 161.5 163.9 166.4 168.5 170.3 170.9 170 167.9 163.9 167.3 171.1 174.1 174.7 178.9 180.8 182.2 182.4 181.1 177.9 173.1 168 163.3 164.8 167 168.1 167.1 163 155.2 141 101.9 70.3 47.3 53.7 84.9 99.5 55.4 16 2.3 0.8 -2.5 -2.5 -2.5 -2.5 -2.5 -2.5 -2.5 -2.5 -2.5 -2.5 -2.5 -2.5 -2.5 -2.5 -2.5 -2.5 -2.5 -2.5 -2.5 -2.5 -2.5 -2.5 -2.5 -2.5 -2.5 -2.5 -2.5 -2.5 -2.5 -2.5 -2.5 -2.5 -2.5 -2.5 -2.5 -2.5
135.7 117.7 115.6 130.5 136.9 142.8 147.4 152 155.5 158.7 161.5 165.1 169.1 172.5 174.4 175.2 174.1 170.1 172.1 176.1 179.3 180.7 183.2 185.3 186.6 185.9 184 182.1 177.8 173.7 170.9 171.9 172.3 172.6 170.3 163.9 155.9 142.8 108.2 76.4 51.3 58.8 89.5 111.6 102.9 82.6 44.2 13.7 2.6 1.8 1.3 0.1 -2.5 -2.5 -2.5 -2.5 -2.5 -2.5 -2.5 -2.5 -2.5 -2.5 -2.5 -2.5 -2.5 -2.5 -2.5 -2.5 -2.5 -2.5 -2.5 -2.5 -2.5 -2.5 -2.5 -2.5 -2.5 -2.5 -2.5 -2.5 -2.5 -2.5 -2.5 -2.5
141.4 128.4 112.2 123.4 131 136.5 143.3 149.2 154.2 156.6 159.4 163.8 168.5 173.4 176.8 177.7 177.9 176.6 177.8 180.8 183.6 186 186.6 189.2 190.1 189.1 187.2 185.2 181.8 178.7 177.8 177.3 176.4 174.9 171.7 165.9 158 143 112.5 82.3 57.4 72.3 108.2 127.9 140.1 116.7 97.6 70.3 52 45.6 34.1 10.7 1.8 0.4 -2.5 -2.5 -2.5 -2.5 -2.5 -2.5 -2.5 -2.5 -2.5 -2.5 -2.5 -2.5 -2.5 -2.5 -2.5 -2.5 -2.5 -2.5 -2.5 -2.5 -2.5 -2.5 -2.5 -2.5 -2.5 -2.5 -2.5 -2.5 -2.5 -2.5
149.5 137.1 119.2 131.7 138.4 142.9 148.2 153.4 157.4 160.6 162.7 164.7 169.6 174.5 178.3 179.4 181.2 180.4 181 183.2 185.8 188.8 188.8 191.8 192.9 192.3 190.5 188 185.7 183.1 182.2 180.4 178.5 176.5 173.2 167.6 157.2 132.7 108.3 75.3 67.5 91.9 120.8 141.6 148.6 143.7 122 102.5 91.4 83.2 72.6 56.7 32.6 7.6 1.8 0.5 -0.6 -2.5 -2.5 -2.5 -2.5 -2.5 -2.5 -2.5 -2.5 -2.5 -2.5 -2.5 -2.5 -2.5 -2.5 -2.5 -2.5 -2.5 -2.5 -2.5 -2.5 -2.5 -2.5 -2.5 -2.5 -2.5 -2.5 -2.5
157.1 145.2 125.1 134.7 143.3 149.5 154.7 159.4 161.8 164.7 165.6 167.7 171.2 175.3 180.1 182.7 184.1 184.6 184.9 185.6 188.4 191.2 192 194.3 194.9 194.6 192.8 189.8 187.4 185.6 183.7 182.3 179.3 175.7 169.7 160.2 132.1 105.2 84.9 72.9 86.5 107.2 139.3 154.5 159.5 159.2 151.8 138.9 127.5 119.9 105.8 87.4 68.2 46.1 27.1 5 2.3 1.6 -0.1 -2.5 -2.5 -2.5 -2.5 -2.5 -2.5 -2.5 -2.5 -2.5 -2.5 -2.5 -2.5 -2.5 -2.5 -2.5 -2.5 -2.5 -2.5 -2.5 -2.5 -2.5 -2.5 -2.5 -2.5 -2.5
160.7 151.8 129.6 133.1 146.1 153.8 159.7 162.9 165.1 167 168.2 170.2 172.9 176.7 181.1 184.1 185.7 186.9 187.6 188.6 190.6 193.3 195.2 195.8 196.5 196.2 193.8 191.2 187.2 183.4 182.6 180.2 176.8 172.7 165.7 143.7 111.2 93.3 94.4 86 115.1 139.3 154.1 165.4 170 171.7 171.3 171.9 162.1 154.8 139 122.9 100.4 79.2 66.2 53.9 42.2 20.1 2.5 0.9 -2.5 -2.5 -2.5 -2.5 -2.5 -2.5 -2.5 -2.5 -2.5 -2.5 -2.5 -2.5 -2.5 -2.5 -2.5 -2.5 -2.5 -2.5 -2.5 -2.5 -2.5 -2.5 -2.5 -2.5
161.9 153.9 132.1 129.9 142.1 151.9 158.1 162.2 163.5 165.1 167.4 170 173.9 178.1 181.3 184.8 186.7 188.3 190.3 191.6 193.6 195.6 196.7 197.3 196.8 195.3 192.6 189 182.7 179.4 178 175.5 171.5 165.8 149.1 120.3 105.1 113.3 118.8 105.1 131.1 151 164.9 172.7 178.3 180.8 181.9 181.7 180 176 166.3 152.9 131.9 113.3 97.4 86.1 75.3 60.8 45.7 11.9 1.9 0.2 -2.5 -2.5 -2.5 -2.5 -2.5 -2.5 -2.5 -2.5 -2.5 -2.5 -2.5 -2.5 -2.5 -2.5 -2.5 -2.5 -2.5 -2.5 -2.5 -2.5 -2.5 -2.5
158.8 150.2 130.4 140.7 138.4 143.7 152.4 157.9 160.4 161.9 163.8 167 170.9 175.1 180.4 182.6 185.4 187.4 190.7 193.5 195.4 197.1 197.3 196.9 195.4 192.1 187.6 183.6 178.5 174 171.1 168.2 162 141 123.4 111.6 121 144 149.7 136.8 135.7 150.3 163.6 175 181.8 186.1 188.8 190.6 188.2 184.9 184.5 177.6 159.5 137.6 132.8 122.5 106.5 88.1 76.2 60.1 50.1 2.3 0.7 -2.5 -2.5 -2.5 -2.5 -2.5 -2.5 -2.5 -2.5 -2.5 -2.5 -2.5 -2.5 -2.5 -2.5 -2.5 -2.5 -2.5 -2.5 -2.5 -2.5 -2.5
151.7 141.2 142.8 146.9 149 147.4 142.9 148.8 152.7 155.8 158.7 161.1 165.6 170.6 174.5 178.1 183.8 185.8 190.7 193.8 196.2 197.5 197 196.2 193.6 188.9 183.3 177.8 172.5 167 162.5 159.3 148.1 128.5 128.6 140.6 153 161.5 163.8 158.9 141 144.6 161.6 174.3 181.6 187.1 190.9 194.1 194.5 193 191.2 188.3 184.6 161.6 158.8 151.2 138.9 128.5 114 99.4 83.3 41.9 2.9 1.8 0.3 -2.5 -2.5 -2.5 -2.5 -2.5 -2.5 -2.5 -2.5 -2.5 -2.5 -2.5 -2.5 -2.5 -2.5 -2.5 -2.5 -2.5 -2.5 -2.5
150.7 152.5 145.1 148.4 152.1 154.8 152.5 148.6 149.6 150 153.2 156.6 158.6 168.5 174.8 180.5 184.6 188.4 190.6 193.9 195.3 197.7 197.8 196.6 191.5 186.4 180.3 173.4 167.1 160.5 152.3 142.9 134.3 144.1 159.8 162.6 165.1 167.7 169.4 167.4 159.3 142.7 165.3 175.5 183.7 189.7 194.6 198.3 200.4 200 198.1 194.7 192 187.1 180.2 171.8 165.4 159.9 146.8 122.4 99.8 76.8 56.3 44.2 2.8 1.3 -0.3 -2.5 -2.5 -2.5 -2.5 -2.5 -2.5 -2.5 -2.5 -2.5 -2.5 -2.5 -2.5 -2.5 -2.5 -2.5 -2.5 -2.5
162.3 160.8 154.1 150.1 153.3 159 159.3 159 161.6 161.7 160.6 159 162.5 170.5 176.9 182.5 188 190.9 193.5 196.5 198.3 199.1 199.5 196.8 194.2 190.2 185.1 180.1 175.3 170.5 164.7 154.1 136.3 160.8 168.1 171 173.3 175.1 175.3 174.9 171.4 160.5 169.8 180 189.4 194.6 198.8 202.6 204.3 204.6 202.8 200.1 196.8 191.7 186.4 180.7 179.7 177.2 163.8 134.6 112.8 100.4 80 75 46.9 18.2 2.5 1.3 0.2 -0.6 -0.8 -0.5 -0.5 -0.6 -0.1 -0.7 -2.5 -2.5 -2.5 -2.5 -2.5 -2.5 -2.5 -2.5
169.3 168.2 165.1 158.5 157.3 164 166.9 167.8 170.6 170.8 169.2 168.9 167.2 171.8 178.5 184 189.4 192.6 195.2 198.5 199.9 201.4 201.9 199.8 198.8 195.6 190.8 185.8 181.4 178.2 175.3 159.1 152.6 173.5 181.6 183.7 184.7 185.3 183.8 184 182.3 170.4 174.9 185.6 193.5 197.8 201.8 205.9 207.4 208.1 207.4 204.5 201.5 198.2 194.8 189.9 187 186.7 180.8 156.6 133.8 120.6 112 97.5 61.7 75.2 65.6 12.7 3.9 2.4 2.1 2.2 2.2 2.1 2.5 2.1 1.6 0.9 0.2 0.4 0.2 0.7 1.8 2
172.8 172.7 171.4 168.8 164.6 169.1 173.2 174.3 177.6 177.2 177.7 177.2 176 176.9 181 186.8 191.3 195 197.2 200.2 201.7 203.3 204.3 202.5 200.8 198.2 194.9 189 185.3 183.6 177 159.5 167.5 179.8 185.9 189.8 191.3 192 192.3 191.8 189.7 180 179.3 189.3 196.1 201 203.7 207.8 209.7 210.6 209.9 207.5 205.4 202.9 202.6 197.8 193.3 192.9 191.4 180.8 164.8 148.4 137.8 114.1 79.6 88.7 100.2 61.5 53.5 48.8 43.5 40.9 38 41.2 40.7 39.5 32.1 16.3 6.6 3.3 3.7 9 23.5 32.9
177.5 178 177.3 174.8 171.6 172 178.3 180.3 181.9 182.7 182.9 182.8 182.4 183.5 186.4 190.8 194 198 199 201.4 204.8 205.9 205.7 203.9 201.4 198 195.2 190.7 187.8 183.1 173.1 161.3 177.1 186.2 191 194.7 196.9 197.6 197.8 196.9 194.6 184.7 181.2 190.8 197.8 202.6 204.9 208.4 210.6 211.1 210.3 208.6 207.5 205.5 203.3 200.4 198.3 197.2 197.3 193.2 184 165.9 154.2 122.3 86.4 92.5 121.1 93.7 81.4 75.7 75.3 75 75 76.2 74.4 71 67.2 58 53.6 54.7 58.1 60.9 67.1 70.4
182.1 181.6 180.7 179.8 178.3 176.7 180.7 182.8 184.3 185.2 186.3 186.2 187.2 189.1 192.3 193.1 197 199.5 203 204.7 206.2 207.8 207.5 204.5 201.5 196.5 190.5 185.6 181.5 177.4 179.1 167 182.8 189.2 193.8 197.7 200 201.9 202.3 201.5 198.4 188.4 191 193.2 196.3 200.8 203.8 207.5 210 210.7 210 208.5 208.2 206.6 203.3 201.7 199.7 198.3 198.1 191.9 181.5 158.4 145 120.2 89.6 103.8 131.5 129.1 109 99.6 103.5 106 104.6 107.7 98.8 98 95.4 88.8 89.2 92.5 95.2 98.5 97 97.5
185.8 185.1 184 183 181.6 181.6 182.6 184.4 186.1 187.3 189.7 191.5 192.2 195.1 195 196.7 198.9 202.7 205.5 207.6 209.2 210.1 209.2 206.6 202.6 199 194.9 191.7 187.4 186.4 188.5 183.5 177.7 187.4 193.1 198.3 201.1 203.3 203.3 201.6 198.7 193.4 195.2 197.9 198.8 202.3 205.5 208 209.7 210.4 209.6 208.3 207.7 205.4 203.7 202.2 199.6 196.7 194 187.9 167.1 137.9 114.5 100.8 91.2 106.1 137.2 154.2 146.7 131.7 135.3 143.9 147.1 152.9 154.3 156.6 146.6 144.1 141.4 146.7 142.5 121.2 119.8 124.3
188.9 188.1 187.2 186.3 185.3 184.6 185.6 187.1 188.7 190.1 191.6 192.7 195 197 198.9 200.8 204.6 207.2 209.3 211.1 212.2 212.2 211.5 211.1 206.1 202 200.3 198.5 195.6 194.1 194.3 191.9 187.2 187.4 193.3 196.9 200 202.9 204.1 202.6 200.3 196.6 197.6 200.8 202.4 204.8 207.1 208.9 209.2 209.9 209.2 208 206.5 204.1 202.9 201.4 197.5 193.1 185.1 175.1 154.1 116 117.2 114.3 120.3 114.6 125.4 146.1 158.2 161.5 159.2 167.6 170.4 170.7 168.5 166.3 164.5 158.9 157 159.2 159.7 156.4 153.5 152.5
191.8 191.6 190.5 188.9 188 187.4 188.1 189.5 190.6 192 193 194.1 196.2 198.6 201 203.3 206.8 209 211.2 211.6 212.3 214.4 213.5 210.5 208.2 205.9 204.3 203.3 202.5 201.6 200.4 199.2 197.5 194.3 199.5 201.4 203.2 205.1 205.8 205.4 204 201.7 199.9 203.2 205.8 207.3 208.7 209.3 209.3 208.2 207.4 205.4 203.9 202 200 196.4 193.2 188.8 181.3 161.9 139.9 128.1 154.4 147.9 150.5 146.3 144 140.8 151.3 161.3 167.5 171.7 173.7 174.5 174.9 174.3 171.7 168.5 166.9 168.4 168.5 168.8 168.3 166.2
193.8 192.9 190.8 190.5 189.3 189.5 189.4 190.4 191.4 192.9 194.4 195.5 197.3 199.9 202.4 204.5 207.2 209.4 211 211 212.4 213.1 214.2 212.8 212.2 209.9 208.6 207.5 206.4 205.1 204.2 203.6 202.3 199.8 203.2 205.3 205.7 207.3 207.8 208.3 207.8 206.7 205.3 206.3 208.5 208.6 209.2 209 208.2 206.5 204.3 201.7 200.3 197.2 195.4 193.2 191.4 186.8 172.9 153.5 137.1 145.6 174.2 179.8 179.6 177.1 172.2 165.4 156.5 156.3 158.7 166 171.7 176.2 177.4 179.1 178.6 177.7 177.6 178.7 179.3 178.7 177 175.2
192.8 192 189.6 189 188.9 188.9 188.9 190.2 191.5 192.3 193.9 195.6 197.4 199.5 201.6 203.2 206.5 208.9 209 210.8 211.5 212.3 213.2 212.6 212.6 211.8 210.4 208.2 207.5 206.8 206 205.9 205.2 203.9 206 208.1 208.5 208.7 209.5 209.9 210.2 209.8 208.4 209.4 209.8 209.8 209.8 209.3 208.5 206.5 204.1 201.2 198.5 196.4 191.1 185 176.8 172.9 167.2 154.2 139.7 164.9 178.7 187.1 188.8 188.3 186.5 184.5 180.8 177.4 174.6 170.5 172 178 181.8 183.6 185.2 185.8 186.1 186.4 185.9 184.3 180.9 175.6
188.8 188.2 187.6 187 186.6 187.2 188.5 189.8 191 191.7 193.4 195 196.5 198.6 200.8 202.9 205.3 207.7 208.5 209.4 210.6 211.5 212.3 211.5 212.1 210.9 210.1 208.5 207.6 207.2 206.9 206.9 207.2 206.7 208.2 209.1 209.8 209.7 210.8 211.7 211.8 211.5 210.7 210.2 210.3 210.6 210.7 210.3 210 207.9 205.7 204.5 202.9 201 196.7 191.3 190.1 186.6 180.9 174.9 163.8 160.6 174.2 186.3 191.2 191.9 191.2 190.4 188.9 186.9 184.5 181 177.7 179.9 183.5 187.6 189.4 190.4 191 191.3 190.7 189.2 185.2 180.5
184.6 184.7 184.1 184 185.1 186.5 187.9 189.4 190.4 191.2 192.8 194.3 195.9 197.8 200 202.6 205.1 206.9 208.5 209 210.2 211.4 210.3 210.8 211.2 209.6 208.7 207.8 207.1 206.6 206.7 206.9 208.1 207.5 208.6 209.4 210 210.5 212.5 212.5 213.2 213.3 212.3 212.7 212.6 212 211.6 211.3 210.9 209.9 208.4 207 205.8 203.4 200.9 199.5 199.3 196.9 193.9 189.1 181.1 171.9 177.8 189.4 192.6 193.4 193.1 192.4 191.4 189.8 187.8 187 182.7 182.9 185.2 188.6 190.8 192.3 193.6 194.5 194.3 193.2 191.4 187.8
180.7 181.6 181.5 181.9 183.6 185.1 186.6 187.9 189.1 189.9 191.4 193.4 195.3 197 199.5 202.5 205 207.6 209.5 210.4 210.4 210.5 210.3 210 208.6 207.9 207.4 207.1 206.4 206.5 206.9 207.6 208.7 208.4 208.9 209.8 210.3 211.5 213.4 214.1 213.8 214.1 213.4 213.1 213.5 212.9 212 211.4 211.1 210.4 209.3 207.9 207 206 204.2 203.4 202.4 200.5 199.4 196.8 179 182.4 189.8 192.6 194.3 194.2 194 193.5 192.2 191.3 189.9 189.7 187.6 188.9 189.7 190.7 192.5 193.9 195.2 196 196.1 195.6 194.2 191.8
177.6 178.4 178.7 179.9 181.6 183.2 184.2 185.5 187 188.6 189.9 191.9 194 196.3 198.9 201.9 204.1 206.2 208.1 209.3 209.3 208.9 208.4 207.4 207.2 206.1 205 204.9 204.8 205 206.2 206.4 207.6 208.7 209.6 210.1 210.6 211.8 213.3 213.5 214.4 214.5 213.9 213.1 213.4 213.5 212.6 211.7 210.9 209.4 208.6 207.7 206.3 206.1 204.7 203.7 202 199.7 197.5 186.9 188.5 196.4 196.6 196.4 195.9 195 194.7 194.5 194.2 193.5 192.5 191.8 191.4 191.2 192.1 193.1 194.3 195.7 196.4 197.3 197.4 197 196.4 194.8
173.6 175.3 177.7 178.6 179.5 181.2 182 183.7 185.5 187.2 189.2 191.2 193.3 195.5 198.2 200.7 202.9 205 206.4 207.8 208 207.5 206.4 204.9 204.5 204.3 203 202.2 202.3 202.4 203.3 204.6 205.6 207 209.3 209.5 210.6 211.4 212.5 213.6 214.2 214.1 213.6 213.3 213.1 212.8 212 211.1 210 208.1 205.7 205 204.1 204.4 202.5 200.2 198.1 195.3 189.4 194.8 197.9 199.6 199.2 197.7 196.3 195.3 194.5 193.3 193.4 192.9 192 190.8 191 191.7 192.4 193.6 194.8 196.4 197.1 198 198.7 198.4 197.9 196.5
176.9 176.5 176.1 176.3 178.6 181.1 182.7 184.4 186.2 188.7 190.3 192.7 194.4 195.5 197.6 200 201.8 203.7 205.6 206.6 205.7 204.9 204 202.8 201.8 201.3 200.3 199.9 199.7 200.8 201.6 202.3 204.4 206.8 208.9 209.9 211.1 212.1 212.9 213.3 213.9 213.4 213.4 213.2 213 212.5 211.6 210.4 209.5 208.9 207.2 207.1 206.4 206 201.8 198.8 197.7 199 201.3 200.8 200.2 200.3 199.2 197.9 196.3 195.1 194.3 193.5 193.3 192.4 191.5 190.2 191.6 191.2 192.3 193 194.6 197 197.7 198.4 198.5 198.5 198.3 196.8
179.9 179.6 179.5 179.6 180.1 182 183.6 185.7 187.8 190.3 192.7 194.5 196 197.3 198.4 200.2 201.9 203.9 204.8 205.2 204.5 203.6 201.9 200.4 199.6 198.9 198 197.5 197.7 199 199.6 202.9 205.6 207.9 209.5 210.8 212.1 213.3 213.6 213.5 214.1 213.9 214.2 214.8 214.5 214.2 212.5 212.5 210.9 210.3 210.7 210.2 209 208.6 206.6 205.9 205.1 204.4 203.4 201.8 201.4 200.5 199.3 198 196.3 195 194.1 193.2 192.4 191.6 191 189.6 190.5 191.4 191.3 192.7 194.3 196 196.4 198 198.5 198.9 198.7 197.6
183.2 183.3 183.3 182.9 182.3 184.4 186.4 188.4 189.4 192.2 194.2 196.1 197.1 198.1 199.4 200.5 202.2 203.4 203.9 203.8 203.1 202.8 201 199.4 198.3 197.3 196.3 195.6 195.9 197.2 200.2 203.2 205.9 209 210.4 211.7 213 214.3 214.4 214.3 214.4 214.7 215 215.5 215.6 215.4 214.5 214.4 213.1 212.8 211.5 210.8 211 209.9 208.2 207.7 206.2 204.8 204.7 204.8 202.8 201.5 199.4 198.1 196.4 194.8 193.9 192.5 192.2 191.5 191.3 189.8 190.1 190.4 190.6 192.1 193.1 194.2 195.9 196.8 197.5 197.9 197.4 196.2
188 187.7 187.2 187.3 186.5 187.7 190.5 192.3 193.1 194 195.1 196.3 197.7 198.5 199.5 200.8 201.8 202.5 203.1 203 202.9 202.1 200.8 198.6 197 196.1 195.1 194.5 194.7 196.3 200.1 203.2 205.9 208.6 210.9 211.9 212.9 213.7 214.7 214.7 215 214.6 214.7 216.2 216.4 216.5 215.9 215.4 214.4 213 211.3 211 211.1 211.8 209.4 208 206.4 205.2 205.4 205.3 204.1 202.2 200.7 200.5 198.7 197.4 196.7 191.7 192 191.3 190.5 189.8 188.6 189.1 189.9 191.1 192.1 193.1 194.3 195.5 196 196.8 196.2 194.8
191.6 190.2 190.9 191.6 191 190.8 194.2 196 196.2 196.8 196.6 197.6 198.3 198.9 199.1 199.3 200.4 201.4 202.2 202.7 202.4 202 201 199.4 197.9 196.7 195.3 194.2 193.5 195.9 199.4 202.2 204.9 207.7 210.1 211.8 211.9 213.9 214.4 214.3 213.9 214 213.6 215.8 215.7 215.6 215.2 215 214.4 212.7 211.5 211.3 211.1 211.2 210 208.8 206.6 206 205.9 205.6 203.9 201.5 199.3 199.1 197.2 196.3 194.9 192.9 191.8 191.3 190.7 190.1 189.6 188 189.2 190.1 191.3 192.9 193.1 194.5 194.4 195.1 195.1 195
195.1 195.1 195.8 196.1 196.3 196 196.9 198.2 198.3 198.1 197.3 198 198.6 198.3 197.9 197.6 198.8 199.7 200.7 201.5 201.5 201.5 201 200.1 199 197.8 196.2 194.5 192.4 195.6 198.6 201.2 203.9 206.3 208.3 210 211.7 212.1 213.4 213.1 212.5 211.6 211.9 213.6 214.2 214.2 214.3 214.1 213.9 212.5 211.7 211.5 211.1 211.1 209.9 208.7 207.4 206.8 206.4 205.9 203.6 201.5 199.8 197.8 196.9 195.6 193.7 191.9 190.7 190.1 190 189.6 187.6 186.4 187.2 189.7 191.1 192 193.1 193.6 194.1 194.4 194.8 194.9
199.3 199.2 199.7 200 200.5 200.1 199.6 200.2 200.1 198.8 198 198 197.7 197 196.7 196.3 197.2 198 198.8 200 200 199.9 199.4 198.6 197.8 196.8 195.3 192.8 190.8 193.9 197 199.9 202 204.2 205.9 207.9 210.1 210.3 211 211 209.7 209 210.4 211.5 212.2 212.7 212.6 212.9 212.9 212 211.6 211 210 210.2 210 209 208.1 207.6 207.1 205.8 203.6 202.2 201 199.4 198 196.3 193.8 191 189.7 188.5 187.9 187.7 187.1 186.4 186.5 189.4 190.9 191.6 192.1 192.2 192.8 193 194.1 194.7
201.5 201.7 202.3 202.7 202.6 202.5 202.2 201.7 200.5 199 198.3 197.5 196.9 196.1 195.4 194.8 195.4 196 196.8 197.2 197.9 197.6 197.1 196.4 195.6 194.5 192.4 189.4 188.2 192 194.1 196.8 199.1 201.6 204.1 206.3 208.3 208.6 209.2 207.4 207.2 205.7 206.6 208.4 208.9 209.3 209.8 210.5 210.8 210.2 210.7 209.7 209 209.3 209.3 209.8 209.2 208.1 207 205.9 204.7 203.4 202.1 200.7 199.1 197 193.5 190.7 189.2 187.1 185.6 183.5 185.5 184.9 186.1 188.6 190.6 191.2 190.4 190.8 191.4 191.5 192 192.7
202.8 203.1 204 204.3 204.3 204.2 203.6 202.3 200.6 199.5 198.9 197.9 197.1 196.3 194.3 192.7 193.5 193.9 193.4 194.3 194.2 194.6 193.3 192 190.5 189.9 187.8 187.5 188 190.2 192 194 197.1 200.4 203.2 205.4 206.6 207.8 207.4 206.6 205.2 204.7 205.6 206.7 207.3 207.5 207.9 208.6 209.1 208.9 208.3 207.5 206.9 207.7 209 209.7 208.9 208.1 207.2 206.2 205.5 204.3 203 201.6 199.9 197.4 194 192.7 190.7 188 186.4 183.5 184.5 183.4 185.9 187.8 189.3 189.3 188.5 188.6 188 188.8 190.2 191.7
203.5 204.2 205.4 205.8 206 205.7 204.7 202.9 201.6 200.6 199.5 198.5 197.4 195.9 194.1 191.9 190.3 191 190.5 190.3 190.5 189.3 189.2 189.1 188.7 187.9 187.3 188.1 188.2 189.7 191.5 194.1 197.7 200.6 203 205.1 206 206.7 206 205.5 204.5 202.7 203.6 204.6 205.4 205.6 206 206.7 207.3 207.1 206.6 205.6 204.8 205.5 206.7 207.4 207.6 206.7 205.8 206 205.3 204.8 203.6 202.1 200.3 198 195.3 192.9 190.9 188.9 185.8 183.5 183.2 182.4 183.5 185.1 186.7 187 186.8 186.7 185.5 186.5 188.9 190.4
204.1 205.3 206.4 206.6 206.8 206.6 205.8 202.8 203.3 201.9 200.1 198.8 197.5 195.7 193 190.6 188.3 188.1 188 188 187.8 186.6 186.8 186.9 186.9 186.1 184.3 184.7 186.9 188.3 190.6 194.6 197.8 200.5 202.7 204.4 205.1 205.4 204.6 203.6 199.8 199.7 200.2 202 202.6 203.2 204.3 205.1 205.4 205.2 204.7 203.7 202.6 203.1 204.3 205.4 205.7 205.2 205 204.2 203.3 202.7 202 200.4 199.1 197 194.4 191.8 189.7 187.5 183.5 183.5 182.5 181.4 181.8 183.3 184.1 185 184.7 184.2 183.4 185.2 187 189.4
204.8 205.7 207 206.4 206.2 205.6 204.5 203 201.7 200.8 199.4 197.4 195.6 194.3 191.8 188.8 186.9 185.5 185.1 184.7 184.3 184.1 184.3 184.6 184.5 184 183.3 184.7 186 186 188 191.6 194.2 196.7 199 201.1 201.5 201.8 201.5 201.3 199.5 197.5 197.9 199.3 200 201.2 202.8 203.6 203.5 203.3 202.4 201.8 200.3 200.7 202.1 203.1 203.6 203.7 202.6 201.8 201.2 200.6 200 199.3 198 196 193.4 191.2 189.3 187.2 183.5 183.5 182.5 180.9 179.8 180.5 181.1 181.8 181.8 181.4 183.2 184.1 186.7 189
