data/230000-840000.asc
ncols 200
nrows 200
xllcorner 230000
yllcorner 840000
cellsize 50
[rows 35 to 69 of 200, columns 0 to 77 of 200]
360.2 345.3 328.7 315 303.2 292 285.8 280.5 273.6 268.8 266.9 266.8 266.9 266.5 266.1 262.5 269.2 274.2 278.4 285.1 296.4 301.2 302.4 305.8 303.6 296 289.3 278.5 279.1 273.8 267.8 273.7 274.3 280.7 283.5 288 286.1 282.8 277.4 272.9 275.4 276.1 276.2 270.6 264.8 264 264.9 263.9 265.8 259.2 257 256.5 257.3 255.3 248.3 248.2 249.5 254.1 262.6 263.5 262.7 263.7 263.1 260.4 261.7 261.3 263.6 263.3 266.4 267.1 263.9 265.7 266.2 270.4 278.3 283.6 291.3 298.1
366.2 338.6 325.5 315.6 301.8 293.4 285.6 278.8 271.1 267.5 265.2 264.9 265.2 266.1 262.7 268.1 272.1 278 284.8 293.9 301.3 304.6 310.8 315.5 313.3 311.7 305.3 290.8 290.8 288.1 279.1 278.1 286 292.7 292.1 290 294.2 293.9 289.2 281.2 278.6 282.5 282.7 281.2 274.5 268.7 271.9 271.4 270.7 263.4 257.8 257.7 256.8 248.2 248.2 254.8 259.7 264.9 266.9 268.9 269.1 266.6 262.8 263.9 265.2 265.8 267.5 273.7 276.6 277.2 271 273.6 273.6 281.6 289 293.5 300.2 307.3
361.4 329.7 315 306.2 300.3 293.6 282.6 273.6 271.7 269.6 265.3 264.8 265.7 262.4 269.2 274 276.9 282 289.2 299.8 305.5 309.6 319 318.6 322.5 323.4 314.2 303.6 309.1 309.5 293.7 294 291.3 300.5 296.7 298.1 304.7 300.6 296.4 291.8 290.4 296.2 294.4 293.6 287.7 279.8 281.8 281.1 276.8 268.8 262.6 261.2 259.3 260.6 259.2 261.4 262.8 269.2 271.5 271.7 270.9 268.7 266.2 267.5 268 271.3 275.6 281.3 283 283 279.7 282.5 285.9 293 299.5 306.1 311.4 317.1
338.3 318 308.2 306 296.8 288.8 282.3 271 272.5 268.3 264.4 264.3 263.7 266.4 271.8 277 280 285.4 294.1 304.9 308.5 306.1 311.7 313.8 321.7 322.9 314 304.2 301.9 302.4 298.1 293.2 293.2 296.7 296.1 302.8 316.3 308.7 306.2 300.2 306.5 309.3 305.4 301.9 296 287.2 294.3 293 283.3 276.5 274.1 267.1 265.4 269.1 268.7 265 271.1 271.1 274.3 274.5 274.6 273.9 272.7 273.2 275.8 279.2 285.4 288.6 293.6 292 289.5 293.1 298.5 304.4 309 314.3 320.8 324.4
317.2 304.1 299.1 297.1 294 287.2 280.8 274 267.7 266.5 265.1 264.6 264.5 266.5 268.9 277.1 279.9 284.3 295.4 304.2 300.1 300.8 304.4 307.2 312.9 314.2 304.3 301.1 298.9 304.2 295.8 297.1 297.6 298.1 297.7 307.2 318 318.2 316.1 311.4 314.8 323.1 319.1 313.3 305.8 295.5 301.3 296.7 287 282 280.2 275.3 266.8 273.5 271 270.6 273.6 272.7 278.4 280.3 283.9 286.2 285.9 284.8 284.5 288.3 293.3 298.3 303.5 301.5 299.7 300.4 306.2 311.1 316 321.4 329.7 336.4
304.8 292.7 292.5 290.7 288.9 285.2 279.8 271.8 266.8 265.6 265.1 264.6 265.1 267.6 272 276 279.8 283.9 287.9 290.4 293.5 296.1 299.1 302.8 306 304.3 305.1 295.9 303 306.7 302.2 314.5 318.5 309.5 313 314.3 321.8 328.1 333.9 333.3 332.4 338.6 331.9 325.2 320.4 311.2 306.8 299.8 293.1 286.7 284.6 283.7 271.8 273.4 278.2 277.2 278.9 278 286.1 288.2 292.4 295.6 299.1 296.2 296.7 298.2 301.1 304.8 314.1 311.3 308.2 303.5 312.5 317.7 323.1 329.5 336.9 340
290.8 287 286.5 285 283.4 281.6 275.8 267.9 266.1 266 265.7 265.3 265 267.8 273.7 278.2 281.9 283 285 287.7 290.6 292.2 296.7 299.1 301.1 304.1 302.4 293.3 300.9 304.8 304.6 314.9 320 321.5 322.6 324.9 328.9 337.7 343.3 349 343.7 355.1 355.5 345.5 335.4 322.7 308.4 301.4 294 291.2 284 278.8 274.5 280 282.4 284.2 285.2 286.4 291.2 297.4 300.2 301.6 306.4 307.1 308.4 306.5 307.2 310.9 321.9 319.6 314.1 308.4 320.3 326.5 327.4 335.3 343.2 343.6
284.9 283.3 280.7 280.7 278.9 276.4 269.5 266.6 266.3 266.3 266.2 265.8 266.1 267.5 273.5 279.2 281.4 282.3 284.3 286 288.9 290.5 296.6 295.1 297.6 300.9 297 293.9 292.2 295.4 302.9 311.3 314.9 321 325.2 329.6 333.5 339.5 352 351.7 348.4 364.2 368.2 365.1 353.8 324.3 308.9 302.1 298.1 289.7 285.4 278.3 282.2 286.1 288.6 293.4 294.7 298.4 298.4 308.4 312.2 314.9 316.8 316.4 318.3 315.3 323.1 322.8 323.2 327.2 327 316.3 324.7 333.8 338 349.9 356.5 357.5
281.3 279.7 278.9 276.4 275 273.6 266.9 266.4 266.5 266.1 264.8 265.9 266.3 266.5 273.6 279.1 280.5 281.9 283.4 284.7 285.4 289.1 292.7 295.4 298.8 298.4 296.4 296.3 294 292.2 295.3 296.8 305.7 315 320.3 324 328.7 336.1 342 337.9 341.9 354.2 357.7 350.9 331.8 316.5 308 300.3 295.5 291.1 287.1 282.9 285.6 290.7 295.3 301.5 303.7 304.6 306.8 317.5 322.2 327.1 328.5 324.8 337.7 346.2 346.1 337.8 332.5 339.4 336.2 321.7 327 337.2 351.4 365.4 364.9 360.7
278.5 276.1 274.8 273.9 271.5 270.1 266.7 266.9 268.6 268.2 265.4 266.9 267 267.8 274.2 278.1 279.2 280.3 283.3 284 284.4 289.2 293.7 295.5 297.9 297.1 297.1 296.2 291.5 288.4 289.5 290.8 298.9 307.5 312.1 312.7 315.7 321.2 326.2 325.9 331 335.2 332.5 326.4 319.1 310.7 304.3 298.2 295.2 291.9 288.5 288.8 293.8 295.7 302.3 307.8 309.8 313.3 313.8 323.1 329 334.3 339.6 345.9 356.3 358.9 359.2 350.7 342.7 343.2 336 326.7 337.3 348 361.4 369.4 369.9 365.8
277.6 275.9 274 269.5 268.9 266.7 266.3 269.1 268.9 268.6 268.4 268.3 267.7 268 273.3 276.7 277.4 278.5 279 280 285 290.6 295 294.5 295.8 295.5 296.2 291.4 288.4 287.7 287.7 288.6 296.3 303.1 309.2 301.3 303.2 311.2 315.2 327 325.7 324.5 319.8 317.4 313.4 308.4 302.7 297.2 295.1 293.8 292.1 296.3 303.3 305.8 306.8 311.9 317.7 321.8 325.6 329.3 336.2 341.3 348.5 354 360.7 363.5 363.7 356.1 347.5 344 338.3 331.1 342.8 352.4 362.2 366 365.5 363.3
276.2 274.5 270.1 267.2 267.4 267.6 267.1 269.7 269.2 269.1 269 269.1 267.7 270 273.6 275 275.7 276 278.8 281.6 286.1 291.3 290.7 291 292.5 294.4 294.9 292.9 288.1 287.8 287.7 287.6 293.4 300.9 301.2 298.3 298.5 303.9 313.5 322.6 322.7 319.8 318 318.7 315.6 309.5 303.6 298.7 295.2 294.4 298 300.5 306.7 311.4 312.6 323 331.3 331 335.9 339.3 342.5 348.2 353.7 357.7 358.1 363.8 366.1 357.1 351.6 344.2 344.9 346 344.3 349.8 360.6 360.5 359.5 356
273 271.3 267.9 267.8 267.5 267.2 268.9 269.3 270.2 269.5 269.5 270 269.2 268 271.8 273.5 275.4 278.1 279.6 281.4 288.6 292.4 288.8 288.2 289.9 292.9 291.2 288.7 287.7 287.4 288 288.6 289.2 291 293.1 295.7 297.2 304.3 313.2 318.4 318 314.5 313.6 315 312.7 306.9 301.6 298.7 297.7 300.1 304 306.9 313.2 320.6 329.1 336.2 338.6 336.7 341.2 343.5 346.2 350.2 353.2 354.9 356.7 360.3 360.7 356 350.7 342.7 349.4 349.8 346.8 349.1 354.1 358.7 359.3 359.2
269.6 269.6 267.8 267.6 267.4 267.4 268.2 269.1 270.8 270 270 270.1 271.3 269.2 271.1 271.3 275.2 275 277.6 281.5 292.4 291.1 286.9 285.3 287.6 287.5 287.9 287.1 287.1 287.5 288 288.5 289 289.9 294.2 297.9 298.1 303.3 312.9 313.8 312.2 311.5 310.1 307.9 306.6 303.6 300.4 299.9 302.6 306.7 311.8 317.7 324.6 330.3 338 343.7 344.8 343.3 344.4 347.5 348.7 350.4 352.8 354.6 356.4 357.2 357.2 355.5 353.3 347.6 349.7 351.1 349.2 349.7 354.8 359.7 362 362
270.9 269.9 269.5 268.3 267.8 267.7 268.5 270.9 271.3 270.4 270.5 270.8 275.2 276.2 278.8 279.1 276.8 279.6 281.5 281.3 286.5 284.1 284.6 285.2 286.8 287.2 285.7 286 286.6 287.3 287.9 288.4 289.6 290.8 292.5 298.4 300.4 302.8 309.2 311.2 310.9 310 308.1 305.8 303.5 303.2 304.3 307.2 312.2 316.3 319.5 324.3 328.7 335.3 342.3 347.9 349.6 349 348.3 351.5 352.1 351.3 352.5 354.7 357.7 359.2 359.8 359.9 358.6 355.7 356 355.5 354.5 357.4 358.2 359.8 364.3 363.7
273.9 271.3 270.5 269.5 268.2 268.3 269.3 272.8 272.9 276.5 274.1 276.2 281.9 286 289.2 285.5 279.2 283.3 287.8 289.8 290.3 289.5 283.8 284.7 290.1 292.3 292 288.9 287.2 287.6 288 289.3 290.6 291.9 293.7 298.3 301 304.3 307.8 309.9 309.7 308.4 307.1 305.9 307.1 309.4 313.5 317.9 321.7 324.5 326 328.1 332.4 339.9 346 351.2 352.8 350.6 352.2 355.9 354.1 353.2 354.1 359.5 365.3 370.3 371.6 368.7 364.3 360.7 362.7 360.8 359.8 363.1 363.8 365.4 367.5 367.1
276.6 275.9 273.9 273.3 271.8 270.9 274.1 277.3 278.8 282.5 285.2 287.7 292.2 294.9 294.1 291.2 288.6 288.8 298.2 295.3 294.2 289 284.7 285.7 290.3 296.4 295.2 290.3 289.3 288.8 288.7 290.2 291.5 292.8 294.1 295.9 299.6 304 307.8 309.7 309.9 309.1 308.2 311.9 315.1 317.3 320.9 325.5 328.9 332.5 333.9 335.4 340.2 345.3 350.9 356.7 355.2 350.6 355.4 359.6 356.4 355.2 364.2 376.1 379 378.5 380.3 376.6 372.4 368.5 373.6 372.5 371.3 369.2 371.3 369.4 371.4 374.2
279 277.4 274.5 274 275.7 277.7 284.4 287.9 289.4 298.4 305.3 307.6 308.1 307.5 303 296.2 290 299.4 304 301.5 295.7 287 285.7 286.9 293.9 300.4 297.5 290.6 289.6 289.8 289.2 291.1 292.5 293.7 295.7 297.4 300.4 304.1 307.3 309.4 311.2 311.5 314.5 318.9 323 324.5 327.4 333 336.8 340.5 342.8 343.6 345.8 348.8 353.1 356.4 353.7 350.4 358.9 360.6 358.3 367.7 378.7 385.2 384 382.2 380.9 379.6 376 375 377.2 377.8 378.6 378.3 379.3 377 380.4 384.1
284.3 280.3 276.3 279 284.1 286.6 291.2 293.2 302.5 320.1 324.7 329.1 330.2 322.8 310 300.5 293.6 300.8 303.4 303.3 292.5 287.7 287.2 289.6 299.2 300.2 292.3 291.3 291 290.8 290.3 290.7 293.4 297.8 300.2 300.6 305.4 306.4 309.1 311.2 314.1 317.3 323.2 329.4 333.3 334.5 336.2 341.9 350.5 353.4 356.6 358 357.4 354.5 355.6 356 352.3 354 360.6 363.6 368.4 378.3 388.5 390 385.9 381.6 380.1 378.3 374.8 376.4 379.2 386.1 395.8 394.6 398.6 393.9 393.2 391.4
289.7 288.2 289.6 290.2 291.2 293.4 297 306.8 322.9 333.2 344.2 362.3 345.3 331.4 316.8 309.9 305.4 301.3 301.9 299.3 291.7 290.5 288.7 290.1 299 297.8 293.1 292.1 292.2 291.8 291.3 290.7 297.5 306.9 303.6 302.8 309.1 311.3 313.5 316.5 319.6 325.5 331.3 338.1 342.6 343.5 346.3 352.9 361 363.2 364.2 363.6 361.7 358.5 358.3 359.3 353.3 358.3 364.5 366.9 371.5 381.3 390.1 388.9 383.8 381.1 379.1 376.4 378.6 380.3 383.1 390.6 403.7 404.1 402.4 400.4 398.1 398.1
297.4 301.5 298.1 299.2 304.8 309.3 314.9 330.6 342.5 351.4 370.7 377.6 355 336.3 328.2 320.4 311.6 304.2 303 300 296.1 294.4 291.5 291 296.4 297 294 294.1 293.6 293.5 291.9 294.8 303.1 307 305.7 307.8 313.6 317.6 321.7 324.2 326.6 332.3 338.4 345.2 349.7 353.5 356.3 361.6 366.7 369.6 370.8 370.6 367.6 363.2 362.2 359.3 359.7 364.1 366.3 368.5 374.5 382.6 389.8 385.8 381.7 379.8 378.7 382.8 384.4 385.6 386.8 394.1 400.9 405.9 406 403 400.5 401.5
306.5 309 312.4 314.8 314.7 325.4 339.7 358.2 369.9 383.3 402.2 401 370.8 352.3 344.9 341.7 319.2 309.6 304.5 303.1 300.4 298.6 294.8 292.4 294.2 295.8 296.8 295.6 295.7 295.4 296.6 299.9 305 309.4 311 316.3 321 325.4 329.9 332.6 335 339.8 344.9 351.9 356.7 361.1 364 368.8 373.6 379.3 381.2 379.1 375.3 371 368.4 363.2 361.6 367.6 370.3 371.1 379.3 384.5 385.8 384.1 382 380.8 380.4 384.4 389.8 391 390.8 398 401 406.3 406.7 404.8 403.5 404.3
316.8 325.9 324.5 326.2 335.7 348.1 367.4 385.8 396.6 418.8 421.1 409.2 384.9 366.4 362.9 348.9 330.9 315.6 309.2 306.3 301.6 298.4 295.6 295.3 297.4 297.4 298.4 298.1 298.3 300.8 305.7 304 307.2 315.1 319 324.8 328 329.6 337.3 343.1 344.2 347.2 351.3 359.8 364.7 368.3 371.6 376 380.6 385.5 384.7 380.4 377.3 374.3 369.4 367.1 365 365.9 370.1 373.1 380.1 385.2 386.5 385.6 384.9 383.7 382.5 385.9 390.3 391.5 391.8 396.1 400.2 401.6 403.2 404.9 405.7 407.2
330.6 333.7 337.2 345.3 363.7 378.9 393.4 405.7 427.6 439.8 435.5 421.7 396.8 379.5 371.5 353.7 335.1 319 310 306.2 304.3 299.7 296.3 297.2 298.7 300.4 301.3 300.8 303.5 307.7 307.8 306.7 310.1 316.3 323.1 329.1 335.3 336 343.3 350.4 350.5 353.5 359.5 366.2 371.3 374.7 378.5 382.9 387.1 388.9 385.1 381.1 377.4 376.4 379.5 377 374.2 369.9 370.2 374.1 379.4 385.8 387.1 386.6 386.4 386.1 385.3 386.4 390.5 395.2 396.3 397.9 401.9 402.8 405 408 409.4 409.4
345.3 351.5 361.3 372.5 395.2 404.3 413.9 435.8 451 453.4 449 431.5 408.7 394.6 378.7 363.8 348 328.4 317.9 307.7 303.7 300.7 299.1 298.7 301.3 301.6 302.4 304 310.7 313.6 311.7 310.6 314.1 321.9 330.1 338.4 342 343.1 345.2 349.1 353.2 359.1 365.8 373.7 376.9 380.2 383.2 385.9 389.9 389.2 386.6 384.2 383 386 385.2 383.1 381.1 375.6 372.1 372.1 377.7 386.5 387.4 387.2 387.3 387.5 389.6 389.5 393.5 399 399.5 400.1 406.4 407.9 408.8 411.8 411.9 411.2
365.2 374.1 385.4 401.3 415.2 425.1 444.2 461 467.8 465.8 457 447.3 427.3 408.5 392.2 371.2 351 331.2 321.5 312.1 306.9 303.2 300.8 299.4 302.4 304.7 305.2 308.3 311.8 317.6 317.5 315.7 318.8 328 336.6 343.8 348.5 350.9 355.7 357.7 356 363.6 371.4 378.1 380.2 382.1 385.4 388 390.1 390.1 388.3 386.4 388.1 388.1 389.2 391.1 388.5 383.5 381.4 375.8 376.8 381.4 386.4 388.3 389.9 391.8 395 394.5 400.3 404.2 404.2 402.8 407.9 411.1 413.1 413.8 415.9 417.1
388.2 399 411.9 427.5 437.5 452.1 466.8 479.1 476.4 471.6 464.5 453.7 442.6 426.1 410.7 383.9 355.7 338.2 326.6 319.5 311.7 306.8 303.2 301.4 303.8 307.3 313.3 316.9 318.7 318.8 324.4 324.9 325.6 333 338.7 346.3 353.4 354.3 360.2 364.7 360 366 372.3 378.6 382.4 384.7 387.3 390.2 391.2 390.7 389.1 387.9 390.4 392.8 393.7 397.4 393 389.7 386.4 383.3 385.6 385.6 390.6 393.3 395.1 396.5 400.8 403.2 403.6 408.9 409.2 408.6 410.7 416.8 418.2 419.3 422.6 425.7
414 424.6 435 447.4 467.6 479.1 487.2 494.1 489.9 485.4 479.7 464.9 457.5 437.1 427.3 399.3 368.2 349.6 335.6 328.2 319.2 311.8 305 304.7 307.8 313.7 320.4 323.3 323 320.4 327.5 330.3 332.2 338.9 344.3 350.7 355.9 358.7 364.1 368.7 366 368.5 374.8 381.2 385.6 388.7 390 391.8 393.2 392 389.1 389.8 392.7 396.7 399.7 402.7 397.3 394.9 397.6 394.7 392.1 390.8 392.3 396.3 401.5 402 404 406.6 405.8 411.1 413.4 416.5 419.8 421.9 424.4 425.2 427.4 430.7
440.5 450.1 454.6 470.1 487 494 501.1 510.4 505.4 504.1 493.8 487.9 475.1 456.8 440.8 406.1 380.3 360.2 347.9 344.9 329.9 318.9 311.9 310.6 317.4 320.7 326 329.8 330.4 332.1 328.3 338.1 341.2 347.2 351.4 354.4 357.5 363.7 369.9 371.5 368.2 370.5 374 382.1 386.3 392.3 393.6 394.2 395.7 394 392.9 396.8 400.4 403.6 407.6 408.9 405.6 407.7 404.7 401.7 403 404.4 404.8 404.4 408.7 409.7 410.4 412.3 413.4 414.5 421.3 424.2 426.3 427.7 428.4 430.8 430.5 436.3
474.4 477.2 481 490.2 499.7 509.4 516.8 529.2 536.7 532.2 515.6 512.7 497.9 478.2 447 412.7 386.6 367.5 361.3 354.3 339.4 328.5 319.6 319.5 325.8 330.3 334.2 337.8 337.4 338.7 334.5 337.6 348 355.4 358.6 361.6 362.2 366.8 373.5 372.6 371.9 378 381.8 382.5 387.4 392.6 395.3 397.5 399.4 399.2 398.8 401.2 405.9 411 414.7 413.8 412.1 415 413.2 412.3 412.8 414.2 414.6 414.7 415.7 417.5 419.3 421.5 423.2 422.3 428.9 432.5 433.1 435 434.9 435 435.6 439.5
496.1 497.5 501.1 508.7 516.6 521.5 537.1 552.2 558.3 551 547.1 541.9 525.2 508.9 463.7 425.5 394.7 381.3 372.9 361.9 349 336.2 328.9 328.7 338.5 343 343.8 347.1 344.5 347.4 343.2 344.3 360 367.1 368.6 372.2 376.5 376.3 375 374.5 377.6 383.3 386.3 387.9 392.1 396.1 396.5 401.3 403.2 406.2 407.3 411 413.8 417.6 420.6 420.8 422.7 420.4 419.8 421.1 422.7 425 423.9 422.3 424.6 427.1 429.2 434.3 434.7 431.3 434.4 439 440.3 441.1 440.4 438.9 439.2 440.2
509.7 515.4 521.4 529.9 534.3 540.2 560 571.6 577.5 583.1 581.2 568.4 549.7 524.7 479.3 440.3 409.5 394.9 379.4 368.4 358.5 345.9 343.9 346.1 357.1 355.6 351.3 350.9 351.9 352.7 345.2 350 364.9 372.3 376.9 382.1 388.6 390.3 380.1 380.9 380.6 385.3 389.6 394.5 397.5 398.7 402.6 404.7 408.6 413.9 417 422.6 431.1 436.9 436.4 432 431.7 435.2 433.2 431.4 430.9 432.8 433.6 428.7 432 435.7 434.6 439.9 440.1 435.9 436.9 441.4 445.3 444.6 442.7 441.3 442.6 444.3
531.1 532.4 538.3 547.5 555.5 556.9 580.4 589.6 598.6 606.1 598.5 580.1 552.9 522.1 482.4 451.6 438.7 431.2 400.4 379.4 367.9 361.7 361.3 365.8 367.8 361 359 356.6 358.4 356.6 352.4 353.8 368.8 381.1 384.5 387.4 397.2 398.1 394.2 390.4 388.9 390.2 397.1 404 406.3 409 412.7 415.9 419.7 422.8 433.8 441.7 452.5 454.3 448.4 445.4 445.5 447.4 446.2 445.6 444.9 445.5 443.6 437.5 438.6 440.5 440 439.2 438.4 436.1 437.4 440.1 446.6 448.5 446.5 444.4 445.8 448.4
544.8 549.5 553.2 557.7 558.4 582.5 599.8 606.9 620 615.9 608.3 584.8 558.7 528.3 504 487.2 480.8 469.9 431 400 387.8 385.9 386.1 378.7 376 369.6 364.1 363 363.1 360.6 357.2 360.7 372.4 383.9 391.2 393.3 399.9 407.2 402.3 398.8 399.6 402.7 407.5 412.1 415 419 422.3 426.9 431.7 438.8 443.5 453.7 460.4 462 454.8 459.1 458 456.2 456.1 456.6 454.9 453.3 447.8 443.2 447.3 449.3 448.1 446.1 443.3 440.3 439.6 440 443.7 448.4 453.5 456.8 457.5 455.3
564.2 574.3 580 576.6 574.8 596.9 612.1 619.2 622.4 617.8 606.7 593.2 585.1 576.4 560.4 538.9 518.4 498 464.3 428.4 412.1 408.3 408.9 394.1 383.2 377.2 374.5 371.5 370.8 367.3 363.9 360.3 378.1 386.6 394.1 396.8 399.9 405.3 406.7 406 407.6 410.8 414.4 417.8 421.1 425 429.7 434.8 439.9 444 452.1 460.7 467 468.9 464.4 470.9 475.7 474.2 471.2 468.5 469.1 467.1 458.6 448.3 455.7 461.2 456.3 452 447.5 444.7 444.4 446.3 443 447 453.5 462.1 471.5 470.5
