data/230000-760000.asc
ncols 200
nrows 200
xllcorner 230000
yllcorner 760000
cellsize 50
[rows 35 to 69 of 200, columns 0 to 77 of 200]
366.5 356.8 316.1 300.3 277.5 270.4 263.9 268.8 275.3 280.8 285.5 288.5 290.6 300.6 310 318.5 328.1 331.2 336.2 342.3 348.3 347.8 351.9 357.3 359 358.6 357.1 349.6 344.4 336.4 324.9 315.7 305.1 292.5 284 279.3 272.7 276.4 284.8 295.7 307 318.3 329.8 340.2 362.3 372.5 379.7 388.8 392.6 398.7 393.5 390.7 386.1 380.1 373.6 360.1 356.5 352.1 344.3 335.8 327.9 325 333.4 344.5 353.5 362.2 375 384.6 391.4 400.9 412.5 413.9 419.2 419.2 413.8 407 410.5 410.2
358.1 345 312.5 294.9 274.2 266.8 269.5 270.9 276.5 281 285.9 289.9 296.5 307.5 313.5 318.8 326.8 333.4 345.7 352.5 347.7 349.1 353 356.8 354.3 351.7 349.3 338.4 331.8 322.9 314.2 304.7 295.2 288.3 282.5 281.2 273.3 282.8 292.7 307.8 316.3 328.1 337.4 351 372.1 386.2 387.8 391.9 394.4 397.3 392 389.8 385.5 380.3 373.6 367.7 365.8 360.2 351.9 343.5 335.6 327.8 332.4 340.5 347.7 357.9 365.4 375.6 382.7 390.9 401.8 396.1 402.4 397 397.1 391.9 394.1 392.6
340.5 323.3 309.1 282 272.3 264.5 270.6 275.1 279.2 284.1 293.8 293.7 304.5 311.1 314.6 321.9 330.4 341.5 350.5 350.4 343.4 349.2 350.7 350.9 347.4 343.6 333.9 327.5 322.6 316.8 307.8 299.5 292 287.7 283.3 277.4 281.9 293 303.2 316.9 329.1 339 341.7 353.2 372.2 382.2 388.4 392.3 394.6 395.8 392.3 388.4 384.2 380.4 375.4 371.3 368.6 360 354 351.8 346.1 337.3 330.5 338.2 345.6 352.9 360.5 367.1 373 378.4 380.9 382.3 382.9 381.8 382.1 380.7 378.7 379.6
334.3 313.1 298.2 276.1 269.7 267.2 270.8 275.3 280.6 291.5 294.5 296.7 301.5 311.9 317.1 327.3 335.4 342.6 347.1 346 342 344.9 346.8 345.8 341.1 334.5 327.8 322.2 314.4 309.1 302.6 295.5 290.4 288.8 287.4 284.2 293.9 305.9 318.7 330.6 345.9 348.3 352.9 358.5 371.5 379.4 385.4 391.1 393.1 393.9 391.9 387.5 384.1 380.6 377.6 373.3 366.1 367 369.9 360.9 351.4 348.1 338.7 336.1 336.3 344.7 349.7 355.9 360.4 366.8 365.7 367.7 372.2 371.8 370.6 369.5 372.6 373.6
325.6 306.2 284.5 275.5 271.2 269.2 271.1 283.3 286.2 291.7 294 298.8 298.7 314.1 320.9 330.2 337.5 349.1 348.7 340.5 339.9 339.7 341.1 338.7 331.9 325.4 317.3 311.7 307.6 302.6 299.5 295.3 292.8 291 289.8 290.9 300.5 316.6 332.6 347.1 360.2 358.1 361.6 366.9 368.4 376.8 384 390.4 392.3 392.5 389.7 386.4 382.9 380.3 377.5 373.1 370.6 372.9 365.7 361.6 360 357.4 350.5 346.7 347.1 345.2 343.8 344.2 347.4 351.6 353.6 355.8 359.4 360.8 363.3 365.2 369.3 369.3
313 296.4 282.6 277.7 272.2 271.7 269.2 278.2 287.1 292.5 297.1 300.6 300.6 314 323.7 333.4 341.7 351.3 343.7 340.8 340.8 341.1 340.4 339.6 326.9 318.9 312.6 309.5 305.9 301.6 298.9 297.5 297 293.6 297.3 298.7 306.4 323.2 345.6 366.5 369 364.5 367.9 371.5 376.9 377.7 381.9 389 392.4 392.1 389.7 387 382.6 383.1 381.3 376.7 377.2 373.4 371.8 366.9 367.2 364.9 362.2 361.1 359.1 358 356.4 356.8 361.1 360.5 360.9 362.7 362.5 362.6 363.5 363.7 365.6 367.6
300.9 292.3 278.9 275.4 272.5 271.7 277.2 281.6 288.3 295.6 300.3 303.8 305.7 316.7 328.1 335.3 340.8 342.6 342.4 341.4 342.6 339.2 336.5 329.9 321.9 319.9 311.4 309.1 304.2 302.2 299.8 301.8 301.2 302.2 301.4 304.9 316.4 338 355.6 369.4 375.6 378.1 376.5 380.9 382.9 382.1 381.5 388.3 392.3 391.7 389.5 388.2 386.1 389.4 386.5 382.1 381.6 376.4 372.3 374.2 374 373.6 372 370.9 370.3 371.2 371.3 371.4 372.2 370.6 372.4 371.5 369.9 369.7 369.5 369.3 370 369.8
279.2 278.6 277.6 273.5 271.9 274.1 280.5 283.5 287.6 297.9 301.4 304.4 310.2 319.7 327.8 334.2 341.3 341.9 341.6 341.1 340.9 338.1 333.6 327.9 321.4 315.9 311.2 309.1 307 305 304.6 305.8 305.6 305.1 303.4 309.6 327.2 348.3 363.9 372.1 380 383.9 385.8 387.2 391.5 390.3 388.5 389.8 391.2 391.3 390.4 388.6 388.1 388.3 387.5 385.2 381.5 380.7 384.1 385.4 383.9 384 384.6 381.9 381.4 380.9 380.5 378.9 378.1 377.3 378.9 379.5 379.2 378.7 377.5 376.8 375.6 373.2
280.2 279.7 281.2 277.9 275.6 278.7 282.9 283.2 288.9 296.5 303.6 305.2 316.4 322.1 328.4 334.5 341.1 342.1 341.7 341.1 340 337 332.3 328 321.3 316.8 314.3 312.7 312.4 311.3 310.8 311.8 310.2 310.7 310.2 316.6 335.6 353.6 366.4 375.5 385 391.7 393.8 397.6 395.5 393.6 392 391.6 390.6 390.8 390.2 388.5 388.1 387.9 387.8 386.5 385.8 386.6 389.4 391.6 389.7 389.7 390.5 390.2 389.4 389 388.2 386.7 385.8 386.3 387.4 387.5 387.9 388.3 385.3 383.9 378.5 375.5
298.8 293.2 290.3 282.7 279 284.7 289.6 285.6 292.7 297 301.7 309.2 317.8 322.6 328.8 335.3 338.7 341.1 341.3 341.8 340.1 337 332.2 329.5 321.4 317.8 317.8 318.3 317.4 318.9 318.4 320 317.2 314.4 315.7 327 343.9 360.8 371 379.2 388.7 395.6 404.6 404.6 401.7 399 395 393.5 390.4 391.6 391.5 389.7 390.2 390.3 390 389.4 387.9 390.3 392.1 392.4 390.7 392.6 395 396.1 395.9 395.6 394.3 393.9 393.5 392.5 393.7 394.5 396.8 393.5 390.2 387.2 384.1 379.3
316.2 304.8 296.6 290 286.4 287.1 289.3 293.1 292.1 299.2 307.3 313.7 318.5 325.9 330 336.3 338.8 340.3 340.9 341 340.2 338.1 332.9 327.2 322.7 322.6 322.9 324.3 323.8 326.4 325.5 323.7 323.3 320.7 321 333.6 352.3 364.9 374.5 383.8 392.9 399.7 414.4 406.3 406.4 403.2 397.9 394.5 390.5 389.9 390.5 392.1 395.4 396.7 394.2 395.9 394.5 394.3 396 395.2 398.2 404.4 405.6 404.1 401.9 400.4 399 398 397.3 396.5 396.5 398.4 398.2 396.7 392.5 389.8 391.2 385.3
330.8 315.7 303.4 297.4 295.5 295.3 297.9 303.2 305.7 299.2 307.7 317.1 328.8 329.1 331.6 336.3 338.9 340.7 341.5 341.8 340.7 336.7 331.1 329 328.5 329 329.6 330.5 331.8 334 333.3 330.5 328.9 323.2 328 346.2 356.5 371.5 381.4 390.2 399.3 407.6 412 407.5 413.3 407 401.6 395 390.7 390.4 391.3 393.1 397.7 397.4 397.4 398.4 400.7 401 400.7 402 407.3 409.9 409.2 408.5 407.4 405.2 402.9 401.1 400.6 401.6 401.6 402.6 400.7 399.3 394.6 395.9 398 392.4
336.9 322.7 311 304.6 303.9 306 309.9 312.8 315.4 312.1 309.4 317.2 329 329 333.1 336.6 339.7 342.3 343.1 343.8 340.1 335.7 334.9 335.1 333.3 335.9 337 338 341.6 340.8 338.5 337.3 335.4 334.4 335.9 353.7 366 383.7 392.8 392.5 403.9 411.7 410.3 410.3 416.2 409.4 403.4 396.8 392.6 391 393.2 395 397.1 398.7 399.1 403.1 406.8 409.3 408.3 408.3 410.9 411.2 412.3 409.6 407.8 407.9 406.1 405.1 404.5 406.1 407.8 406 403.5 401.6 400.9 401.7 398.2 396.2
344.8 332.3 321.1 314.2 313.4 314.2 319.3 321.4 322.5 320.1 315.5 319.6 326 331.8 336.6 339.8 345.5 347.8 348.3 346.5 341.9 338.6 339.2 341.4 341.2 345.4 348.7 350.3 351.2 348.9 346.4 344 341.1 345.4 344.1 362.4 377.3 396.5 400.2 402.6 407.1 412.1 412.4 413.7 415.2 412.1 407 400 394.2 391.8 395.6 397.2 398.2 402.4 402.5 406.9 410.4 412.5 412.7 411.4 411.4 411.5 412.6 411.7 410.9 410.8 410.4 409.5 409 411.1 410.1 409.6 407.2 408.3 405.2 402.2 402.7 399.5
354 341.9 329.8 324.1 324 323.5 333.5 332.6 330.2 328 321.3 326 332 336.7 342.4 345.8 349.5 352.1 352.8 349.5 343.6 345.7 346.3 347.6 350.1 354.8 361 362.5 360.7 357.1 355.8 352.4 347.3 340.7 353 369.8 390.4 405.6 409.4 411.8 413.6 421.9 415.6 417.5 419.7 413.6 408.7 402.4 396.6 394.3 394.4 397.4 408 410.2 407.6 412.8 413.5 416 414.1 412.8 413.3 413.7 414.6 415.7 416.9 417.4 415.9 414.4 415.7 416.5 413.9 411.9 408.7 409.9 406.2 406.6 406.1 402.9
360.2 347.7 339.3 334.7 340.8 345.5 342.6 344.7 339 332.3 329.4 330.9 339.3 343.4 348.2 350.7 352.8 354.1 353.7 349.6 351.7 352.2 353.8 355.9 361.9 362.7 367.5 369.8 367 363.4 360.8 358 353.8 347.2 361.3 377.8 399.4 409.6 413.8 417.1 423.3 429.6 418.3 417.7 422.8 415.4 412.1 405.7 397.8 396.5 396.9 399.8 409 410.2 412.1 416.9 417.5 418.7 418.2 416.4 416.9 417.5 419.2 421.8 424 422.9 421.3 420.7 421.3 421.3 419.1 415.4 412.2 413.4 411.9 411.4 410.5 408.1
364.9 356.5 352.5 349.2 356.4 363.3 356.8 350.2 343.7 341.3 334.3 343 342.7 348.9 352.9 357.2 359.2 360.1 358.8 356.4 357.1 362.7 360.5 363.3 367.5 371.2 373.8 375.3 372.7 367.4 365.5 362.5 358.9 352.6 367.6 386.7 401.8 411.1 415.1 418.9 428.5 430.6 421.9 421 418.5 415.7 411.6 405.4 400.7 397.9 399.4 401.9 406.4 413.3 417.6 423.6 424.9 422.7 423.1 420.7 421.1 423.5 426.5 426.7 427.8 426 426.4 427.2 425 424.9 422.9 419.5 416.8 416.4 416.3 415.6 414.5 414.1
370.8 363.7 359.5 360.5 371.3 370.1 361.2 356.5 353.1 347.7 347.6 348.9 355.5 357.7 360.5 364.2 366.2 365.8 371.6 368 368.5 371.7 366.7 370 376.2 377.2 378.8 379.2 377.3 375.2 370.8 367.4 362.1 358.3 375.8 395.1 408 415.5 417.5 422 429.2 422.7 426.5 422.2 418.8 415.7 411.6 409.7 404.1 398.3 402.6 404.9 410.5 417.7 424.1 430.5 428.2 426.7 426.8 426 426 426.9 430.3 431.2 431.7 431.3 430.6 427.2 428.4 426.6 423.8 421.7 420.7 419.9 420.1 423.1 420.5 420
378.9 371.5 368 370.9 374.4 374.6 367.2 366.3 360.6 359.1 356.1 355.4 365.6 367.7 368.7 371.5 376.8 379.4 382.7 377.9 379.1 379.3 376.8 378.6 382.4 383.7 384.3 384 378.4 378.1 376.7 371.7 364 366.9 384.4 401.8 412.5 417.5 419.9 424 425.8 424.1 427.1 423.3 421 417.7 413.1 409.1 403.8 402.5 406.6 408.5 413.3 421.5 426.1 429.9 431.4 431.5 429.9 428 428.8 432.6 436.1 437.4 438 437.7 435.2 432.2 430 427.4 425.9 423.8 424.9 424.3 425 427.7 426.4 425.7
392.2 380.1 381.9 386.2 384.2 381 376.2 370.8 369.5 366.5 364.6 369.4 369.2 378.5 382.1 385.9 390.5 394.1 392.1 389 389.8 391.4 388.8 391 390 390.9 388.3 388.2 380.4 378.8 376.7 372.9 362.8 378.9 395.9 409.9 416.6 418.9 420.6 429.2 432.2 427.3 425.8 423.5 419.6 411.9 410 406 404.8 408.6 409.6 411.8 416.9 422 428.6 433.8 435.8 436.4 436 433.1 435.2 439.1 441.2 441.6 441.3 439.8 437.9 435 432.1 430.8 430.3 429.2 430.2 429.8 428.7 429.7 431 430.4
394.9 390.3 392.1 391.9 389.5 387.1 380.8 377.1 376.4 375.2 376.4 379.6 384.6 388.1 393.4 398.4 404.1 403.8 402.9 400.6 398.1 399.7 400.4 400.8 399.6 396.9 394.4 392.7 387.7 382.2 381.1 372.5 370.6 390.4 404.8 412.2 418.4 420.6 424.8 435.1 437 429.7 426.9 425.2 418.8 409.2 408.5 407.4 407.1 408.9 415.3 417.4 422.3 426 430.8 435.9 438.7 438.5 438.8 437.8 441.5 444.5 444 443.1 441.4 439.7 437.5 436.4 435.7 436.3 435 434.8 435.3 435.2 434.6 437.8 436.8 435.8
405.8 402.3 405.5 405.8 397 395.9 391.2 391.5 388.1 388.4 390 391.8 395.7 399.4 409.4 417.6 419.4 416.5 415.3 413.9 411.5 411.2 411.8 413.8 412.4 410.3 405.5 398.1 389.2 384.3 379.8 368.4 380.2 397.2 410.9 420.4 423.4 425.6 434.5 443.7 433.6 430.4 426.8 421.5 412.2 409.7 408.7 409 411.3 413.3 416.8 423.4 431.1 431.4 434.8 438 439.8 441.4 445.8 445.4 447.3 447 446.4 445.7 444.7 442.3 441.8 443.3 444.5 440.7 442.9 445.4 444.8 443.2 442.9 444.2 445.3 441.9
418.3 414.2 421.2 420.2 412.1 413 407.2 403.1 402 401.6 403.8 406.7 411.2 416.4 420.8 431.9 434 432.1 429 431 430.3 427.5 427.1 429 429.3 424.2 414.5 401 392 386.4 379.3 375.4 387.9 404.8 416.4 424.6 427.7 430.4 441.6 442.6 435 429.5 424.1 418.3 412.5 410.2 411.6 412.6 415 417.8 419.7 423.4 429.7 435.4 439.4 441.8 442.4 444.5 448.7 449.3 449.4 449 447.8 448.1 447.6 447 447.2 447.3 447.5 446.9 451.3 449 451 450.6 450 451.4 451.9 449.7
426.1 430.5 433.9 426.9 428.7 430.5 422.1 416.6 415.8 418.3 421.6 424.8 427.6 434.1 435.4 443.1 444.9 444.2 443.8 443.8 443.9 445.4 442.5 444.5 443 432.9 423.8 409.7 395.5 388.8 377.9 379.2 397.9 408.6 422 428.1 433.1 435.7 440.8 444.8 433.2 428.8 423.5 418.4 417.4 414.5 414.2 415.6 420.6 423.6 426.3 428.7 435 441 443.4 446.6 448.2 449.5 451.5 451.6 449.6 447.9 449.4 451.4 452.7 451.8 452.7 456.1 453.2 457.6 458.4 453.9 456.4 457.6 459.8 463.3 465.6 463.1
439 439.9 449.6 439.7 439 438.4 436.8 433.8 431.8 435.7 437.9 441.1 446.8 451.1 451.4 456.1 457.7 459.9 460.4 461.8 462.4 463.5 456 457.2 450.7 439.7 436.3 418.7 399.2 382 376.9 385.3 401 414.5 423.5 431.8 438.8 437.6 440.2 443.3 433 428.8 423.1 420 418.5 418.4 417.7 419.1 424.4 429.6 432.1 434.9 442 445.2 447.3 450.8 453.3 454.3 456.2 455.6 454 457.8 456.9 459 459.8 459.6 459.8 460 463.5 468.9 464.5 460.4 465.3 467.5 473.1 476.9 478.9 479.2
454.4 454.9 454.7 451.8 453.5 451.2 451.6 450.7 448.3 453.9 455.7 459.5 464.8 470 468.9 470.9 478.9 482.1 481.6 483.9 483.3 480.2 471.3 468.3 458 447.3 438.4 419.7 400.8 386 376 386.9 404.6 418.9 428.3 433.1 436 437.2 439.4 437.4 431 427.2 423 419.9 419 419.1 421.4 425.4 429.4 433.2 437.2 439.9 445.6 448.6 451.2 455.2 456.8 457.6 460.8 458.6 458.5 461.8 466.8 465 465.2 466.2 468.6 468.4 472.6 470.2 470 472.5 475.2 478.7 476.5 480.6 485.7 487.8
467.9 468.5 463 464.3 466.7 466.6 466.1 466.7 467 473.3 475.4 475.3 481.3 484.5 487.1 486.8 493.4 497.4 501.1 505.8 500.4 494.6 485.7 479.8 459.7 448.8 438.6 419.2 402.7 390.5 379.5 392.4 408.1 422.4 427.7 432.9 435.9 436.9 439.2 434.4 428 427.7 424.6 421 421.8 424.5 427.8 431.2 434.5 437.8 441.3 445.3 451.9 455.8 457.1 459.1 457.9 458.6 460.8 464.3 467.2 469.9 470.1 471.3 470.1 471.9 475.4 475.5 479.9 479.5 481.9 486.9 492.9 495.2 496.3 494.4 499 502.7
482.5 478.7 478.9 478.9 480.6 485.2 485.6 483.7 488.2 489.5 492.7 495.2 496.8 499.2 504.6 507.8 512.6 513.3 520.5 521.1 518.6 517.3 507.8 482.5 465.3 453.5 439.9 420.2 402 391.5 382.8 396.7 411.3 420.2 426.4 430.5 433.5 436.8 435.3 430.6 428 427.9 426.6 425.5 427.5 430.5 431.5 437.2 440.6 444.8 447.6 452 457 461.5 461.9 463.1 462 463.1 468 471.6 474.8 478.6 478.9 481.7 481.6 482.3 485 486.1 487.9 490.8 498.5 499.6 502.5 505.8 507.3 507.7 510 516.2
497.4 496.1 494.3 493.4 498.4 497.6 499.9 501.2 501.4 506.3 509.1 513.4 513.5 517.3 522 524.3 524.3 530.2 532.9 539 538.2 538.2 529.6 486.9 467.2 451.5 437.7 421.6 402.7 389.6 390.4 400.2 413.2 420 425.6 427.8 429.3 431.4 431.2 431 429.5 428.1 428.1 428.1 433.7 440.1 440.1 445.2 447.8 450.4 453.6 457.3 462.4 465.5 466.8 468.5 468.5 470.5 474.2 477.7 484.5 486.2 487.4 491.9 492 494.7 496.3 499.6 498.1 503.1 508.9 513.9 519.6 520.6 520.4 523.2 526 532.1
511.7 511.4 510.1 512.3 513.4 514.8 517.6 519 521.4 528.8 530.7 531.3 535.3 538.8 545.6 546.4 542.2 546.7 551.4 552.8 551.2 548.8 534.5 505 474.3 451.1 441.1 422.2 400.6 388.4 396.3 407.5 416.5 420.9 424 427 427.6 431.2 431.7 431.3 431.7 431.2 431.6 433.1 439.3 444.2 450 453.4 453.8 455.7 459.8 464.1 466.4 469.8 470.2 475.7 477.4 482 485.7 486.5 490.2 492.6 498.1 502.2 506.2 507.9 510.6 508.3 509.7 517.1 523.2 526.8 531.4 531 533.2 537.7 543.5 549.3
526 528.6 530.1 529.9 528.8 534.3 536.4 536 543.7 548.1 550.1 555.1 556.6 558.2 563.7 569 563.4 563.2 570.2 568.3 563.9 553 533.4 503.3 483.7 457.4 438.7 416.3 395.3 392.6 400.7 408.9 416.9 418.2 423.1 426.7 427.7 429.9 432.5 434.1 435.7 434.4 435.8 439.4 447.2 451.8 457.4 463.2 461.2 460.2 465.6 468.9 471 475.4 480.2 481.5 485.4 490.1 493.1 495.8 499.3 505.2 511.5 516.8 520.7 522.6 518.4 521.8 524.8 531.1 532.5 534 539.2 542.5 546.6 552.4 560.7 563.9
540.5 540.7 545.7 542.8 545 552.3 552.3 555.2 561.8 562.4 565 572.1 578.7 582.5 576.9 579.5 577.6 574.8 579.9 577.2 573.8 561.1 542.6 498.5 477 452.3 429.4 404.2 397 395.3 403.1 414.4 416.5 418.4 423.1 425.7 428.1 431.4 435.6 437.3 438 436.9 439.1 444.6 452.8 460.6 467.4 469.1 469.9 469.8 469.6 472.7 475.3 481.4 488.4 491.7 495.2 499.2 502.5 508.8 512.3 515.7 520.7 528.7 531.4 530.6 529.9 531.8 537.7 541.3 544.6 550 551.5 552.8 557.8 566.8 566.1 565.7
557.3 554.1 556.5 556.9 560.5 561.3 565.4 570 574.3 579.8 587.3 589.8 595.2 601.3 590.9 584.7 586.6 583 581.5 577.1 572.9 560 520.6 492.8 463.6 438.6 417.1 402.2 398.7 399.8 404.5 416.9 417 419.1 422.5 425.6 428.7 431.4 437.9 439.6 441.5 445.8 448.1 453.9 461.3 468 473.8 475.7 476.3 473.2 472.8 476.8 478.9 487.3 493.4 495.9 501.5 507.9 515.3 522.2 524.5 530.9 535 537.9 538.8 541.5 545.8 548.8 555.3 555.4 559 563 560.6 565.9 569.5 571.3 567.1 564.6
562.9 564.5 565.8 571.1 573.1 577.9 580.4 582.8 590.9 597 601.4 603.9 609.5 608 594.9 590.7 589.1 583.9 578.1 577.4 571 557.1 522.1 475.8 450.9 427 408.6 398 398.1 403.3 408.2 412.8 418.9 420.1 423.4 426.4 428.7 431.5 437.7 441 447.3 450.1 459.6 469.5 474.1 479.7 479.3 478.9 476.1 474.5 479.1 484.1 487.3 490.8 498.3 502.8 511 520.6 530.9 536.9 543.3 547.4 552.7 552.6 556.8 555.6 557.9 564.2 568.4 571.2 574 572.6 573.9 578 574.7 570 564.3 559.2
567.4 570 573.6 579.2 581.8 588.2 591 596.1 599.1 606.3 614.8 615.4 615.8 613.8 611.6 603.1 599.4 587.5 578.8 572.9 565.6 542.7 515.1 468.9 439 418.7 401.9 399 398.6 405.8 410.7 416.5 418.9 422.1 425.9 427.9 428.6 433.8 438.2 442.2 447.5 452.7 462.9 478 483.6 483.9 481.9 479.8 477.4 478.7 483 492.4 496.4 499.2 506.1 512.1 525 536.6 541.2 549.6 558.5 568.5 568 565.6 567 568.6 571.3 579.7 585.7 584.7 586.5 585.8 583.4 581.1 573.5 564.7 558.3 553.7
