data/230000-700000.asc
ncols 200
nrows 200
xllcorner 230000
yllcorner 700000
cellsize 50
[rows 111 to 147 of 200, columns 84 to 167 of 200]
243.8 264.3 283.4 308.7 317.3 320 339.8 367.2 375.1 383.1 406.7 428 459.3 467.9 492.2 507.8 486.9 476.7 466.4 454 440 423.8 414.8 405.1 401.9 396.6 388.8 389.4 381.6 385 390.1 395.2 400.9 408 416.7 425.2 433.8 442.3 451 461.4 475.4 488.3 498.7 501.1 492.2 477.2 442.6 420.2 408.8 401.2 392.4 388 378.7 372.8 365.9 360.9 354.7 349.4 343.4 338.1 337.4 336.7 332.2 321.6 327.9 328.8 320.5 318.4 311.7 304.1 298.6 292.7 285.3 277.5 270.7 264.1 254.6 244.7 238.5 230.2 220.6 206.5 198.8 190.9
247 268.5 291.5 319.4 329.5 328.8 341 356.6 366 395.4 420.5 445.7 468.5 469.5 488.4 501.1 488.9 477.6 470.9 459.6 446.1 431.4 414 406.1 401.5 395.6 388.9 388.4 385.1 391.4 397.6 402.7 406.4 413.8 422.9 432.1 440.8 449.4 458.9 470.7 484.6 495.9 508.3 504.4 483.5 459.6 435.6 417.2 404.5 397.7 389.6 380.4 373.2 369.6 363.5 359 355.4 350.7 346 344.1 344 344.2 339.7 330.6 339.9 339.7 331.9 326.8 325.3 320.1 313 305.3 298.8 289.7 282.1 275.8 266.2 255.8 242.1 235.6 222.7 212.3 204.6 196.1
245.7 259.9 296.3 319 332.4 331.9 336.8 351.8 375.7 404.6 429.1 457.7 466.3 470.3 481.7 493.1 488.5 480.1 471.7 459.2 449.8 434.2 417.4 405.4 398.7 394.8 393.7 393 390.9 398.9 405.1 408.4 412.5 419.7 428.9 438.1 447.4 457.3 469.3 480.7 493.7 506.1 510.8 503.5 488.2 475.9 458.6 428.9 407.1 395 387.3 380.6 373.2 370.7 365.6 361 350.3 349.5 349.3 349.4 349.4 347.6 344.2 341.6 348.3 351 346 342.5 339.7 332.4 326.6 317.2 314.1 304.4 293.4 287.2 278.3 266.6 252.2 244.4 233.6 222.4 212.7 205.9
251.5 264.2 295.2 321.2 341.7 340.3 340.7 361.3 390.8 418.6 447.6 470.8 469.2 471.4 477.8 485.5 486.4 481.5 468.1 455.1 447.8 433.3 414.6 404.1 397.9 399.1 399.5 395.8 398.1 405.2 410.2 414.3 420 426.8 435.7 444.6 454.2 467.4 480.1 491.2 502.8 511.3 511.4 505.8 501.8 478.8 457.4 432.4 405.9 394.7 386 378.8 374.6 369.8 365.9 361.6 359.2 354 356.7 355.3 353.3 353.4 352.7 348.7 353.3 354.8 354.2 350.4 345.3 348.2 344.2 334.5 325.5 317.3 302.8 300 288.8 277.1 265.9 250.1 238.5 229.5 219.9 211.8
258.3 265.6 285.2 319.2 339.2 341.2 347.3 376.8 408.9 432.4 466.2 475.8 475.9 472.9 477.8 480.9 478.7 471.7 460.9 447.5 428.4 420.6 409.2 402.5 398.2 399.6 400 396.3 401.2 406.4 416 423.7 428.5 435.2 443 453.2 463.4 476.7 490.3 503.3 515.1 518.8 526.9 521.5 516.3 493.9 471.7 434.7 410 399.2 390.6 381.7 375 372.3 370.3 366.2 362.1 362.1 362.7 359.3 357.4 358.7 360.5 358.5 359.2 360.8 362 360.6 359.9 358.4 351.5 343.7 331.5 321.3 314.9 309.4 300.3 287.6 278 263.9 249.5 232.3 216.4 208.7
250.8 262.3 286.1 308 332.8 340.9 358.5 395.7 427.2 445.3 473.1 479.2 480.4 479.1 480 480 463.8 454.5 448.9 438.3 424.2 415.7 409.6 406.9 402.3 406.9 402.1 399.9 405.2 412.5 421.7 429.6 434.3 438.9 450.3 461.5 473.2 487 501.7 518.3 532 536.4 532.6 524.7 519.7 491.9 463.2 451 432.9 420 405.3 390 380.5 376.1 371.3 369.6 369.9 368.9 367.6 363.5 362.2 364.3 364.4 360.7 365.3 368.3 370.4 369.4 367.3 364.3 359.3 347.9 338.1 332.5 325.1 318.5 310.4 298 288.9 279 262.3 240.7 224.6 209
246.8 256.8 289.6 306.7 323.1 336.2 372 413.5 453.4 457.8 471.1 486 480.5 470.4 475.6 478.2 463 445.3 430.9 424.9 420.5 416.4 411.3 409.2 409 408.6 404.5 401.1 408.6 417.2 425.3 433.6 439.5 448.7 460.7 472.5 483.6 498.9 515.8 532.5 543.2 547.5 544.7 531.8 516.5 502.5 481.9 465.4 453.7 442.9 420.5 397.5 388.9 381.5 378.4 376.2 378.5 376.1 373.5 370.7 370.4 371.3 372 368.5 371.2 377.6 377.1 377.3 375.4 372.3 370.2 365.2 357.8 345.3 329 323.8 320.2 305.8 290.6 278.9 268.3 247.1 228.6 214.2
237.2 249.4 287.7 300.6 318.4 346.6 383 436 460.7 466.6 476.6 490.9 476.6 468.2 469.3 474.1 454.6 441.3 438 424.3 418.2 414.4 411.1 408.7 409.1 409.1 405.3 404.6 413.3 421.7 430.4 439 446.5 457.3 472.1 484.5 495.1 513.1 530.5 544.5 555.7 561.8 567.5 552.1 538 536.8 514.6 492.2 465.6 449.1 419.6 404.6 401 391.3 384.4 384.9 384.2 380.8 378.2 378.3 378.7 379.6 378.1 376 376 381.5 383.3 384.2 383.4 379.5 381.3 374.1 367.3 354.1 340.7 324.5 317.6 309 301.5 286.2 274 261.5 239.2 225.6
235.6 250.7 272.9 295.3 330 355.6 389.4 445.2 465 470.6 473.3 479.1 466.3 463.7 462.9 458.7 444 440.2 436.5 428.2 418 413.5 410.4 409.1 410.9 410.5 409.2 411.9 418.7 427 435.2 444.9 452.9 464.2 481.5 497 506.9 525.8 544.5 558.7 569.6 577.1 579.4 580.5 576.2 566.5 541.8 496.1 472.8 444.6 420.2 413.4 408.8 398.3 393.1 392.6 388.1 386.7 389.1 389 386.1 381.4 380 379.3 380.6 385.8 388.7 390.1 389 385.4 380.8 374.8 365.4 353.6 344.9 332.2 321.2 307.8 296.5 285.1 274.6 260.1 240.9 226.6
231.1 254.6 284.1 310 339.5 358.4 391.4 451.6 468.7 465.8 475.2 478.1 465.8 455.9 449.4 449.4 443.2 437 433 429.7 422.4 416.3 411.7 411.2 410.4 412.4 413.1 418.5 424.9 432.3 440.3 450.5 458.5 473.7 488.8 504 516.3 535.7 557.1 572.4 584.3 599.4 603.4 604.3 590.5 576.4 559.8 527.1 494.5 474.3 436.8 420.1 412.3 410.5 402.7 401.6 400.1 400.1 400.9 395.7 389.8 388.5 385.8 386.7 384.1 391.2 394 395.1 394.5 391.9 388.3 382.5 371.1 358.5 348.1 339.2 324.8 312.8 300.8 287.8 272.4 247.8 234.4 219.1
232.3 261.5 295.2 320.1 349.1 358.5 389.5 437.3 457.3 455.2 470.8 477.7 473 458 448.8 448.8 448.9 441.9 431.1 427.8 423 419.1 417.5 416.4 415.4 417.6 420.2 424 430.2 437.8 445.6 454.4 467.1 482.7 497.9 513 525.1 543.8 570 592.4 610.5 623.8 629.6 627.7 610.7 583.7 563.4 536.6 502.2 485.8 463.9 433.1 421.4 415.5 414.3 415.1 413.8 413.3 408.9 402.8 397.9 396.1 393.4 390.2 391.3 394.5 399.2 399.4 399.8 399.9 393.8 390.3 380.6 365.9 356.9 345.4 332.2 319.3 307.6 285.7 267.3 249.6 232.3 217
234.7 261.4 297.5 326 347.1 356.3 383.7 424.8 439.9 447.3 463.6 478.5 478.3 462.3 448.7 448.9 449.9 441.2 433.7 427.5 422.7 419.4 419.3 419 418.3 420.9 424.8 429.9 437.1 443.4 451 462.3 475.9 491.1 506.7 522.1 535.1 555.3 581.2 609.4 628.5 637.4 642.6 637 618.6 588.2 560.6 542.1 517.7 491.8 476.7 448.9 431.7 430.5 428.2 428.1 426.7 421.6 417.6 415.8 413.2 410.1 401.9 399.9 402.9 402.6 403.6 404.5 404.9 404.1 400.2 395.5 387.3 379.2 363.9 348.6 336.7 326.4 316 301.7 281 258.5 239.2 222.6
236.4 265.9 292.5 318.1 335.9 351.3 379.9 421.4 437.6 443.7 460.9 468.4 470 463.8 453.2 447.8 443.3 435.2 429.3 426.9 424.5 420.3 419.8 419.8 422.1 425.1 429.7 434.8 442.4 453.3 460.5 471 484.6 499.6 515.9 533.3 549.2 572.1 601.3 627.1 640.9 649.1 650.6 647.6 626.3 593.2 561.1 536.4 517.1 497.6 484.1 459.1 445 444.6 442.6 443.2 438.7 433.6 430.3 425.6 417.4 409.1 407.4 406.9 411 411.1 411 411 411.9 410.5 406.6 402.6 400.4 391.5 372.1 354.7 343.8 334.2 323.6 306.5 284.8 264.4 251.6 238.8
238.2 257.6 281.2 305.6 325 345.4 379.7 409.6 430.2 438.7 456.8 468 473 465 456.1 444.2 437.6 432.8 430.1 429.3 428.1 424.9 423 422.3 426.9 430.1 433.4 439.6 446.2 455.3 466.4 478.8 492.2 510.4 528.3 545.7 563.9 592.3 620.8 639.3 652 661 661.2 639.5 625.8 595.7 564.5 539.7 518.9 506 495.7 467.7 462.3 459.9 457.2 454.6 447.7 441.1 434.9 426.8 417.7 411 410.8 413.9 420.5 418.8 421 420.5 418.3 417 412.6 404.2 397 387 375.5 363.9 353.2 342.8 327.3 310.2 300.2 286.2 270.5 256.8
237.6 256.2 275.5 299.8 313.4 336.3 372.6 396.5 415 433.7 453.7 467.7 468.3 465.4 452.9 445.1 439.8 439.1 432 427.8 427.8 427.7 427.3 426.8 428.1 432 437.9 445.2 452.5 461.7 473.4 485.6 498.3 517.8 538.1 558.8 578.5 608.2 635.4 651.8 662.7 668.9 663.5 641.5 610.1 584.9 562.7 545 524.3 511.3 490.7 471.6 477.9 476.5 471.5 469.1 461.2 457.6 447.8 440.7 425.1 420 422.5 425.6 429.3 427 426.9 427.8 425.2 423.4 418.7 411.8 405.2 399.3 392 376.3 367.1 357.1 343.4 330.4 316 304.2 286.7 266.6
242.2 250.1 268.2 287.2 301.6 325 360 386.7 407.1 436.4 456.7 468.5 461.4 460.8 459 452.3 443.3 438.8 433.9 431.5 431.9 430.7 431.1 428.6 431.2 436.1 441.3 448 457.6 467.5 481 493.5 507.1 525.3 546.6 574.1 592.5 621.5 645.4 665.9 672.6 674.2 660.3 643.7 616.3 594.4 580 567.5 537.4 515.4 502.4 491 495.9 491.6 488.2 488.4 478.1 470.3 453.1 443 434.5 437.9 436.2 435.7 438.1 438.8 441.2 440.3 436.4 430 427.6 424 419.4 411 399.4 389.1 381 376.1 365.6 349.7 337.4 321.5 306.2 290.5
239.3 249.4 258.2 283.2 295.9 316.1 342 375.4 403.4 433.3 452.3 458.9 452 458.9 458.8 458.5 445.1 438.8 437.2 432.8 432 431.8 430.6 430 434.9 441.3 445.4 451.7 461.5 472.8 485.4 501.8 515.7 537 561.1 586.1 604.5 631.9 659.7 671.6 680.2 673.3 662.2 643.3 632.8 613.8 591.8 563.9 541.9 530.2 523.4 514.9 514.4 510.6 505.6 497.3 482 476.7 471.2 456.3 454.5 450.2 443.9 447.2 450 453.3 454 454.3 452.8 441.3 434.2 431 428.1 414.4 399.2 396.9 391.8 383.2 369 348.9 334.9 320.5 308.5 291.3
231.2 243.3 258.2 281.7 294.8 313.7 344 379.5 394.8 416.3 433.5 449.4 460.4 462.5 461 460.4 450.4 439.9 438.6 435.3 433.2 431.6 429.5 432.6 437.2 443 448.8 455.4 467 478.5 492 512.5 527.5 546.6 574.1 602.9 617.4 637.5 668.2 677.1 676.4 668.8 660.7 649.2 629.1 607.4 593.7 562.8 563.2 554.6 540.5 539 534.5 532.7 520.2 508.7 501.7 496.6 485.6 478.4 472.1 462 457.5 460.7 465.8 481.3 481.5 486.1 483.2 467.8 439 433 427.9 421.9 413.1 406.9 401 393.7 382.6 364.2 346.8 334.4 314.3 298.9
232.5 246.5 261.8 281.6 299.3 316.6 348.8 379.3 401.9 421.7 441.5 457.5 466.7 467.8 463.4 459.1 448 439.2 437 434.4 431.7 431.8 433.8 436.5 440 446.1 451.7 459.5 472.1 484.2 497.8 518.2 534.8 556.5 590.3 617.3 627.6 649.5 671.7 681.9 680.1 671.3 663.9 646.6 625.7 607.2 600.9 588.1 577.5 568.7 559.4 558.7 554.4 545.1 532.2 531.7 522.3 510.7 500.8 492.5 488.1 486.4 481.7 488.5 490 497.5 501.3 498.4 493 476 449 439.8 437.8 431.7 423.1 416.5 411 404.2 387.3 362.6 344.5 332.9 319.8 307.9
226.1 247.4 261.1 283.9 299 318.8 357.6 381.9 402.8 426.8 446.7 465.7 472.5 470.2 464.9 460.2 449.5 443.6 440 436.9 434.7 432.7 436.3 440.4 444 448.2 455.2 466.3 478.3 489.1 508.2 521.6 543.8 572.8 603 630.7 640.3 660.4 675.3 689 691.3 681.1 669.9 658.9 643.4 626.8 613.3 602.6 592.6 590.9 575 573.9 565 556.8 555.5 541.7 533.5 527.4 525.6 529.3 514.6 507.4 511.2 514.7 510.7 509 512.4 508.4 489.3 476.1 452.7 451.1 448.7 443 437 429.9 422.8 406.2 389.6 373 360.6 348.7 331.3 322.9
218 241.4 263.8 291.6 301.8 319.5 355.5 370.4 392.7 424.1 465.8 480.4 476.8 470.7 467.5 462.5 452 447.5 441.1 439.6 435.3 432.7 436.8 442.3 447.4 452.4 460.6 470.5 482.5 493.5 510.4 530.4 550 583.3 612.4 635.8 645.3 665.2 684 701.9 701.9 698 696.8 685.8 677.1 658.4 638 630 616.8 601.3 592 591.6 583.5 576.1 569.7 567.2 557.9 552.3 560.8 551.6 534.7 527.2 527.2 530 531.4 521.8 517 507 494.3 477.1 470.8 463.1 460.1 460.3 459.5 450.7 450.3 441.5 426.4 404.4 381.2 365 349.2 339.2
224.1 251 274.3 293.7 299.7 316.6 346.6 367.9 394 435 469.9 480.1 479 471.8 471.2 461.9 449.4 443 440.7 439 435.5 436.7 441.1 445.8 452.2 459.2 466.9 477.1 490.7 502.5 517.6 541 557.4 585.4 616 635.4 647.8 666.7 692.1 711.4 722.7 723.1 722.9 701.9 691.3 675.3 666.9 652.7 629.2 613 610.8 605.6 603.1 609.3 611 585.2 582.4 586.7 580.1 570.5 554.1 547 536.1 535.1 528.7 520.7 510.1 507.1 504.1 509.8 504.8 483 475.4 474.9 480.2 469.7 467.5 462.6 452.6 439.2 417.8 399.2 381.5 346.2
230.1 257.7 269.9 283.9 291.6 314.1 333.3 362.9 398.3 451 468.9 477 478 480.1 475.8 468.2 457.1 448.9 445.5 440.1 438.7 443.7 448 450.8 456.9 460.5 471 482.4 496.4 510.2 526.9 551.5 571 594.5 619.4 642.4 655.4 673.9 697.3 728.6 743.3 745.4 735.7 729.6 706.4 689.3 671.1 657.2 639 635.3 624.7 619.8 626.5 631.1 630.5 611.5 610.2 601.6 597.5 588.1 565.3 554.2 547.4 539.3 529.9 526.8 526.9 525.1 528.1 532.7 529.1 509.3 487.1 486.7 481.2 478.5 476.9 475.5 462.3 448.2 427 402.2 385.3 362.1
233 257.2 266.9 278.3 291.2 312.3 334.4 368.2 404.8 447.7 468.5 476.2 489.1 487.4 478.4 470.3 464.5 460.1 453.9 449.3 447.5 449.7 451.7 454.9 460.7 468.8 476 489 503.6 512.6 534.5 560.4 572.5 604.9 631.4 653.3 663.9 681.4 711.1 742.2 755.6 758.2 751 736.8 717.8 689.2 673.8 662.5 657.1 645.9 649 647 654.1 656.3 648.7 654.4 646.2 634.1 622.1 606.8 583.9 559.4 552.4 542.1 541.7 544.8 545.4 551.3 552.3 550.8 539.7 530.6 510.3 496 491.9 483.1 480.6 479.5 461.8 438.9 426.2 409.2 385 361.2
229.6 253.6 264.2 283.7 295.1 319.1 338.9 366.8 405.9 445.6 470 475.1 489 491.9 482.1 472.4 465.9 461.1 457.8 456.2 455.1 453.7 457 460.3 465.3 477.9 486.7 495.7 511.8 524.7 547.1 560 585.5 614.1 644.3 663.9 670.7 690.4 725.6 747.3 768.6 770.2 764.9 749.3 723.5 705.3 688.5 680.3 679.2 675.5 678.9 687.1 695.6 685.9 684.8 680.1 655.3 638.6 622.8 608.3 594.5 579.9 570.5 568 568.3 569.5 575.6 586.4 574.4 565.5 556.1 541.7 527.1 506 490.4 490.1 480.9 476.9 464.7 445.7 433.2 415.4 390 365.1
230.3 249.2 262.5 283.1 296.4 318.1 339 369.4 411.8 447.3 468.2 476.3 490.7 492.6 487.2 476.3 470.1 468.1 463.5 462.7 461.1 458.4 460.3 464.3 471.9 484.3 490.6 506.9 524.3 534.6 552.9 569.2 598.6 621.9 646.4 663.1 682.6 708.6 743.2 756 770.4 773.3 771.6 759.7 743.5 732.4 724.6 714 727.3 726.6 720.6 728.7 725.1 719.2 711.6 693.2 666.3 650.6 641.6 625.8 616.8 616.6 601.5 590 591.3 599.6 619.7 614.4 591.8 578.4 565.1 548.2 535.6 525.7 496.9 486.7 480.3 477.6 465.1 453.6 432.9 412.6 391.5 368.8
225.2 239.6 260.6 280.9 299 318.5 343.4 380.4 420.7 451.3 473.2 476.7 493.2 498 495.3 483.1 480.4 477.3 471.8 468.9 466.4 463.5 467.4 470.9 479.2 489.4 498.5 514.9 527 536.6 557.3 578.2 606.1 620.5 643.9 667.5 696.2 720.3 755.2 767.3 771.3 779.4 779.4 784.2 782.7 773.9 765.3 765.3 764.8 763 758.2 761.6 760.3 755.8 748.1 724.4 696 677.6 672.9 661.3 666.2 641.6 621.9 612.1 621.2 642.2 644.9 628.3 603.8 583.2 571.1 553 542.9 530.2 511.7 485.9 476.8 475.6 462 443.1 422.4 407.7 388.9 361.4
219.1 238.9 264.5 279.1 294.8 322.7 348.3 382.4 422.7 444.9 474.1 479.6 496.2 500.9 498.1 488.3 485.7 483 480.5 477.4 476.1 475.3 479.2 482.9 488.1 495.6 506.3 520.7 537.8 545.6 567.5 585.2 604.3 631.3 656.4 675.8 711.5 730.4 756.4 761.5 764.5 771.2 780 812.2 814 813.4 809.3 804.9 799.3 794.1 795.3 802.9 804 800.8 784.2 765.7 729.4 702 696.4 685.9 679.5 643.5 643.6 646.6 669.5 684.9 665.9 636.1 617.2 588.3 574.5 561.4 546.9 530.9 508.9 492.6 477.5 450.9 443.7 430.9 417.2 401.3 379 395
215.3 245.9 271.3 281 289 317.5 340 378.2 422.9 438.1 467.8 479.8 500.2 500.9 496.5 492.6 493 494.7 493.1 491 487.3 487.7 491.4 494.8 494 502.7 515.2 538 544.8 555.2 572.5 589.4 612.7 640.1 671.6 699.9 730.6 742 740.7 751.5 757.3 758.8 771.7 816.4 836.5 852.4 846.4 841.7 833.9 831.3 842.3 855.9 848.6 841.2 820.6 795 770.3 743.5 716.6 700.9 680.5 681.3 676.3 686.5 716.2 694.3 667.9 636 614.6 591.4 583.6 572.6 560.8 546.7 528.8 498.9 487.5 451.3 435.7 424.7 411.2 388.5 400.8 440.4
221.2 254.1 271.5 273.8 281 309.7 340 370.5 415.3 439.7 467.7 484.3 497.7 499.2 499.9 498.8 503.2 503.1 504 500.8 497.1 498 500.5 503.7 506.2 510.6 522.8 540.8 552 562.4 581.3 601.8 623.6 653.7 689.1 719.8 743.8 753.3 749.7 748.6 744.5 758.5 760.7 797.5 831.1 864.7 888.2 888.3 875.1 873.5 887.6 907.8 892.2 870.7 844.9 815.5 783.4 752.9 720.5 707.4 705.3 703 693 720.8 745.5 717.6 690.5 653.2 623.5 603.6 587.7 581.7 572 558.1 543.6 513.2 499.8 462.4 438.5 427.8 407.4 416.5 445.9 447.9
232.5 250 262 262.5 270.1 307.3 342.8 365.4 403.2 439.8 460 481.6 493.7 502.2 507 504.9 513.2 512.1 512.6 509.2 506.9 509.2 511.7 515 518.3 518.1 527.9 541.2 552.9 574.5 596.8 620.3 644.7 675.7 709.6 734.6 757.6 765.6 758.7 750 739.9 748.6 749.8 774.3 813.5 847.2 904.1 923.5 909.5 918.4 929.2 933 905.1 879.3 854 819.9 783.7 761.6 736.7 727 726.7 715.2 724.2 759 757.1 730.6 704.7 667.3 633.9 611.6 596.8 586 578.1 566.3 551.3 517.4 496.4 480.9 457.1 434.1 422.9 455.9 457.9 453.9
221.3 250.2 256.9 250.8 260.8 298.3 328 368.7 385 428.9 446 482.2 498.1 508.9 509.1 507.8 518.2 520.7 518.5 519.3 520 524.7 527.9 527.2 530.4 530.6 533.9 544.8 565.3 589.5 620.4 647.2 673.5 703.6 738.3 755.8 775.1 772.6 770.1 748.3 740.9 729 741.6 767.4 793.8 824.2 877 913.2 938.2 962.5 964.6 940.2 907.5 876.4 849.3 815.3 783.2 758.8 745.2 740.3 741.3 736.2 756.9 800.7 778.1 744.6 711.3 679.4 651 620.7 600.9 591 582.9 572.3 555.7 520.4 499.2 482.5 465.1 436.9 456.8 478.9 478.3 463.7
209.4 246.7 246.6 246.3 250.8 281 317.7 351.3 375.1 407.3 426.3 468.5 497.7 511.3 511.2 507.2 519.9 524.8 520.1 533.1 535 542.7 543.1 537.1 540.4 540.2 540.6 554.2 578 611.9 644.1 674.8 698 729.3 761.1 760.9 770.7 768.7 760.4 748.2 731.2 724.1 731.7 758.6 785.2 817.6 859.3 894.5 910.2 932.1 965.3 944.2 904.3 867.9 841.7 816.1 784.2 770.9 766.8 766.9 760.3 767 820.1 819 788.8 756.2 726 683.7 652.8 628.4 615.8 603.1 589.4 579.7 560.2 535.4 505.7 487.8 460.9 467.2 492.1 491.6 488.5 481.6
199.9 228.2 234.3 237.7 240.5 270.7 302.3 334.3 362.3 379.2 410 448.3 480.3 502.7 510.7 500.1 518.3 524.5 526.4 541.4 549.8 552.6 550 550.2 551.5 548.4 548.1 564.7 597.7 634 667.7 687.3 717.1 741.7 754.5 760.1 766.8 760.5 753.5 744.4 730.3 720 727.9 752 778.8 812.7 846.7 877.1 883.8 902.5 944.5 941.2 906 875.5 849.9 829.5 822.7 813.1 799.1 787.9 797 859.8 850.8 817.4 784.8 760.8 734.7 708.6 672.3 647.8 630 619.2 601.6 585.2 569.1 530.5 507.9 483.8 477.9 511.9 509.6 505.3 500.6 500.4
182.1 196.3 224.7 229 229.4 255.2 284.9 317.7 340.7 369.1 401.4 426.1 458 488.2 502.8 481.9 516.1 530.9 528.5 545.5 551.4 552.8 555.4 554.5 549.7 548.8 551.7 574.5 617.5 662.3 685.8 707 725.4 742.2 748.4 752.4 750.9 744.3 739 738.8 731.8 722.5 720.7 743.5 773.3 803.1 831.6 856.9 862.1 886.1 922.6 941.1 948.1 933.3 898.9 872.3 852.2 828.8 829 841.2 883.9 872.5 847 818.4 782.3 755.8 738.4 713.7 690.9 669 649.8 627 607.8 585 562.5 531.9 504 501.6 523.9 535.2 535.4 523.5 511.1 499.2
166 188.4 207.9 223.1 217.5 234.3 259.6 302.4 317.9 352.7 375.7 406.5 434.1 452.2 472.1 471.4 499.6 527.8 528.5 539.6 549 557.3 562 556.8 550.2 549.1 554.2 588.8 634.5 677.9 703.4 724.3 736.7 743.3 742.5 733.7 727.8 729.6 739.9 735.1 728.4 718.4 710.8 733.7 763.1 788.1 809 831.3 843.9 868.8 896.9 916.7 936.4 944.2 923.8 890.9 867.7 866.9 876.4 919 899.7 866.7 836.8 808.6 781 753.5 735.1 718.5 699.8 681.1 659.5 630 603.6 585.7 559.3 526.8 525.8 535.7 554.3 565.9 553.2 537.8 519.9 502.6
161.5 182.8 191.2 205.8 204.5 223.1 249 283.4 301.9 335.2 348 383.3 411.5 421.5 437 459.2 495.1 513.2 518.1 537.7 564 568.1 571.4 553 547.9 548.6 558.2 597.2 645.2 690.4 711.7 733.4 747 747.2 724.2 709.8 720.8 724.4 727.1 724.8 716.6 710.8 699.4 725 748.5 763 784.5 806.8 823.2 844.9 873.6 892.6 910.3 921.6 932.1 928.8 940.1 938.6 929.5 928.4 895.9 861.5 825.9 801.2 777.8 755.3 736.5 716.4 700.9 684.1 662.2 631.7 600.5 584.6 557.8 547.6 562.5 579.2 585.1 582.1 564.5 548.2 527.2 506.4
