data/230000-710000.asc
ncols 200
nrows 200
xllcorner 230000
yllcorner 710000
cellsize 50
[rows 108 to 143 of 200, columns 81 to 161 of 200]
502.8 530.2 561.9 572.3 570.8 571.6 530.2 503.7 479.4 470.2 460.5 442.4 431.3 418.3 403.1 394.6 391.8 388.7 385 376.8 369.1 359.6 352.6 343.6 339.4 334.7 329.8 323.4 317.3 308.6 299.6 291.6 278.3 268.6 255.8 245.1 234.8 224.7 218.7 207 196.2 189.8 184 180.9 181.2 184 184.6 186 193.6 197.6 202 220.7 237.3 249.6 266.5 265.5 291.8 281.4 309.4 314.8 307.2 325.2 343.7 342.2 343.9 346.7 338.6 348.9 350.4 344.4 367.1 399.7 407.9 404.6 439.2 462.7 482.9 502.8 516.2 527.4 529.1
499.8 537.1 571.4 582.3 585.4 582.3 544.4 517.8 501.6 483.7 468.2 466.1 442.4 423.6 409.9 403.4 396 395.4 393.2 383 373.5 368.9 362.1 358.3 352.6 349.2 345.3 340.2 329.9 324.4 315.4 304.4 295.3 280.6 266.9 254.1 243.8 233.5 225 215.4 204.1 195.4 190.2 185.9 177.4 177.6 175.9 175 178.9 184.2 186.8 191.8 201.6 215.5 229.6 235.1 254.2 250.6 273.7 291.8 290.1 289.3 296.3 311 325.9 333.6 328.3 313.6 318.2 309.5 337.9 353.2 369.5 380.3 393.3 425.6 453.3 467.2 486.2 509.6 512.5
497.9 544.4 575.5 592.4 603.6 584.2 568.2 543.5 520.1 503.8 479.4 466.2 438 427.5 427.7 417 405.5 404.5 402.2 396.2 387.9 380.7 373.9 369.7 368.4 364.4 358.4 353.9 347.4 339.6 329.5 321.9 311.5 295.8 280.7 264.5 252.2 241.6 230.1 220.2 211.7 202.1 196.9 190.9 183.7 176.7 177.1 173.6 172.7 176.4 177.8 180.4 187 192.5 200.7 206.7 211.7 219.3 237.4 253.1 278.4 265.3 267.8 271.3 302.7 303 309.7 297.1 285.2 282.3 301.5 320.3 344.1 353 368.2 395.2 429.2 444.3 463.3 482.4 490.2
504.2 540.4 577.7 594.4 604.8 583.5 574.3 561.9 534.7 501.3 478.2 457.1 440.6 434.7 439.8 430.2 424.6 425.7 418.5 414 403.2 398.7 391.9 382.8 378.4 377 372.6 364.8 360.9 355.1 345.8 337.2 327.2 319.2 297.3 281.3 266 252 240.4 228.3 216.9 210.3 204.7 199.2 192.5 183.7 182.8 179 171.6 172.4 173.1 172.3 176.2 178 183 189.9 193.1 200.1 214.9 227.6 249.7 250.1 240.4 241.5 262.5 264.3 262.9 262.5 257.3 257.7 271.5 287 309.6 330.9 347.5 359.2 400.5 418.6 426 446.9 459.7
516.9 546 571 586.8 586.8 584 571.4 565 539.6 507 474.9 463.6 455.3 447 446 447.6 448.9 451.5 450.8 443.2 426.1 413 409.2 398.6 396.2 393.2 384.5 379.7 376.1 373.4 363.9 358.7 346.1 336.8 322.6 304.3 285.7 268.6 254.5 241.6 231.7 221.6 217.1 208.9 200.3 188.1 184.6 180.8 173.4 170.3 169.1 168.2 166.8 165.6 167.2 173.9 179.5 187.7 197.1 215.2 217.7 220 217 214.1 231.3 244.7 234.8 228.4 232.9 234.9 253.5 264.5 273.7 291.3 309.8 324.4 352.2 384.9 405.2 413.7 430.9
521.3 549.3 568.2 582.2 576.2 557.9 554.8 549.2 531.7 506.2 492.4 480.1 478.2 481.1 481.6 472 482.7 472.6 477 471.4 449.9 430 427.7 416 418.3 405.9 398.4 401.7 403.5 386.2 384.9 376.1 366.6 360.1 349 324.3 306.6 285.5 270.6 256.7 245.4 233.7 225.6 217.7 212.4 196 187.5 186.6 176.7 173.9 173.4 171 167.8 165 163.8 164.8 176.1 177.8 180.1 189.4 196.1 200.7 199.7 197.2 196.2 199.3 209 213.7 218.1 207.7 223.3 241.1 249.6 262.4 278.7 292.4 308.5 344.1 372.7 382.6 397.9
509.8 540.3 557.1 566.1 567.5 552 549.1 548 548.3 535 521.9 512.9 512 504.6 501.8 505.2 515.2 503.8 492.8 490.8 468 447.5 446 431.3 430.9 423.9 426.1 424 410.1 409.3 407.5 398.2 385.2 376.8 366 347 334.5 306.7 289 272.5 260.1 246.6 232.7 222.2 212.7 206.8 195.5 186.3 181.6 179.8 177.9 177.3 170.5 168.1 166.1 162.7 163.7 166.2 165.4 172.5 181.2 186.4 190.8 183.9 180.9 176 181.1 187.5 193.3 194.3 193.7 216.6 226.3 241.6 257.1 272.7 286.8 312.6 327.2 351 366
489.9 529.5 551.1 565.2 557.1 553.6 563 567.8 572.2 570.8 559.8 542.2 543.5 535.4 529 529.9 538.3 523.6 515.1 500.4 476.2 466 461.8 447.5 459.3 449 454.6 433 438.4 435.5 428.1 426.1 406.8 402.6 383.4 371.5 360 333 309.4 292.9 273.7 256.5 239.6 228.5 218.7 209.8 201.2 195.6 190.2 188.4 184.1 181.8 177.4 174.3 168.5 161.9 160.2 158.8 159 160.3 163 166.1 171.1 171 173.9 166.6 162 167.1 174.7 178.4 178.1 183.7 206.2 221 237.5 252 264.9 276.3 300.3 306.9 316
478.7 522.8 536.9 567.5 570 567.7 563.5 571.5 578.8 584.7 580.3 571.3 570.9 557.5 551.8 557.7 556.9 532.8 526.1 513.6 491.1 484.9 475.9 467.3 472.1 465.7 459 457.7 458 456.3 450.4 435.8 427.5 426.1 414.1 391 369 353.8 324.2 307.5 285.9 268 250.8 235.8 229.2 222.1 213.6 212.6 208.4 199.3 194 185 179 174.5 168.3 163.5 159.1 156.7 155.9 155.1 158.3 160.2 159.7 159.5 162.8 165.1 157.2 159.6 161.1 161.1 164.4 171.1 177.3 195.3 208.2 230.9 243.2 251.5 280.6 279.2 288.3
472.7 517.3 543.7 569.1 570.4 564 565.3 571.5 578.7 583.7 582.1 581.6 580.5 580.2 583.7 585.2 567.6 560.2 553.3 530 513 507.5 486.5 485.2 481.8 481 483.5 481.6 482.7 479.1 472.9 449.9 446.4 442.9 436.8 409.5 388.5 359.4 341.1 321.1 297.5 279.9 262.9 249.6 240.9 233.5 223.8 215.6 210.1 208.4 202.7 196.3 194.5 185.6 176.5 168.1 163.3 164.1 161 158.1 154.9 155.2 154.4 151.7 152.5 152.8 150 150.8 152.1 156.1 156.9 160.5 164.1 170.1 181.8 198.4 210.8 216.8 227.9 244.9 260.3
468.9 515.8 553.3 566.6 575.8 564.8 568.7 577.5 588.2 605.2 608.2 594.1 597 607.9 605.2 611.5 611.1 602.7 582.3 560.5 536.4 515.5 508.7 502.1 498.1 501.4 506.1 502.3 502.2 490.1 482.7 468.1 458 456 450.1 433.1 404.3 372.1 346.9 329.2 307.9 288.7 269.8 254.9 252 242.4 232 232.7 228.3 222 216.8 208.9 205.8 201.5 189.6 180.4 174.5 173.4 167.1 159.1 155.6 151.3 147.4 144.9 146.4 146.9 143.8 142 141.7 145.7 151.2 150.1 155.8 162 163.8 170.1 176.8 190 196.7 206.5 225
458.1 491.4 532 568.6 584.1 589.2 590.7 595.1 599.9 602.5 622.4 610 619.7 612.9 619.9 628.7 639 633 609.9 583.7 552 544.3 526.8 520.3 519.8 540.5 539.2 524.3 520.4 502 497.1 485.2 477.9 463.3 460.8 455.6 427.6 391.2 355.4 334.9 310.3 294.1 274.8 271 265 255.7 245.1 240.4 238 233.3 228.5 223.6 216 206.1 197.7 190.2 185.5 177.4 168.6 160.3 155.2 151.9 150.9 144.8 142 142.2 141 137.2 137.2 138.9 141.8 143.2 149.7 151.7 154.1 155.8 161.1 169 176.8 186.5 195.9
463.1 478.3 506.3 554.4 578.3 596.1 604.7 600.5 600.4 605.9 607.3 610.4 621 630.4 633.8 637.5 648.4 650.1 626.7 606.3 578.3 570.1 547.9 543 557.5 567.5 572.8 543.8 535.7 525 519.2 504.4 491.9 473.7 450.4 445.1 423.1 401.4 378.9 343.1 317 301.3 292.3 283.9 275.2 266 258.4 257 254.2 248.8 239.7 235.6 228 217.3 207.7 193.3 186.2 176.7 169.8 164.6 157.2 154.1 154.4 147.3 143.5 138.7 136.5 134.3 133.4 135.5 134.7 137.5 140.1 142.2 144.1 144.8 149.9 154.8 162 171 178.3
478.8 482.1 513.7 551.7 583.7 591.4 593.2 602.6 604.3 615.1 623.4 628.9 632.1 642.1 644.1 635.9 648 651.3 635.5 615 596.8 580.6 569.4 578.3 589 593.6 597.5 567.1 558.7 548.1 535.6 523.4 504.2 484.9 467.5 439 428.1 414.7 394.8 367 329.5 314.3 309.1 296.7 290.4 281.8 278.7 278.3 270.3 257.8 249.6 243.2 233.5 226.9 216.7 201.5 193 182.7 177.7 171.1 161.6 154.8 153.6 148.2 143.8 137.1 134.4 132.4 130.6 131.2 130.3 131.1 133.6 134.4 134.3 135.7 140 142.2 146.9 154.4 165
484 484.9 525.3 567.3 590.1 599 596.8 609.2 613.2 601.2 615.9 637.2 621.9 625.3 636.3 624 613.9 623.6 624.4 615 617.4 613.2 598.1 619.5 620.5 620.3 613.1 594.7 587.9 580 555 541.1 515.9 492.4 475.9 445 428.9 418.3 402.5 365.2 343.3 339 328.2 313.5 308 300.3 298 293.5 288.2 278.8 270.2 252.9 239.1 227.8 218.4 213.6 200.8 192.8 183.2 174.7 165.5 158.4 152.9 149.7 147.2 140.9 133.5 131.9 130.7 129.7 129 128.4 128.9 127.9 128.2 129.4 131.1 133.3 136.1 142.1 152
479.7 487.1 523.4 555.5 591.4 610.4 609.3 615 611.1 601 599.1 623.8 611.3 605.7 606.5 606.8 607.7 611.3 616.1 611.9 632 620.1 627.1 634.2 633.7 635.5 628.6 625.2 617.7 595.6 564.6 542.6 525.7 507.5 472.3 454.2 432.3 411.7 393.4 372.5 372 362.7 346.2 330.9 328 319.5 315 307.1 297.5 286.4 282 270.6 253.5 238.5 228.1 225.7 209.4 194 186 172.9 164.6 159.2 154.5 149.8 147.6 142.8 134.8 131.9 130.8 129.6 134 131 127.9 127.2 126.6 126.5 126.1 127.2 128.9 130.6 139.1
487.2 495.6 515.9 545.9 567.2 603.4 610.3 611.5 604.6 600.2 591.9 598.6 592.6 606.9 599.6 606.3 611.8 607.4 604.6 609.6 624.3 637.5 642.5 645.2 642.2 652.7 644.3 637.2 618.9 605.2 581 550.5 524.4 511.7 490.7 468.7 452.4 429 405 397.5 393.3 381.7 361.5 350.6 344.8 337.9 334 328.4 318.9 304.4 290.2 284.9 276.3 255.2 234 221.7 209.6 198.1 187.7 177.7 168.9 163.2 157.2 157.1 151.8 148 141 134 132.4 131.8 139.2 131.7 128.7 126.7 125.6 124.8 123.5 123.8 122.9 124.7 132
485.2 500.2 509.5 540.3 561.7 586 604.4 604.2 602 596.7 582.3 579.1 579.5 602.2 599.2 596.1 602.1 596.6 608.7 615.1 619.3 640.3 644.9 641.5 651.9 655 651.8 649.5 631.7 612.4 580.5 565.2 531.7 515.4 505.8 491.6 477.4 439.8 433 432.3 428.4 401.2 390.3 374.1 366.6 369.2 360 352.2 339.9 330.1 317.4 291.8 283.3 263.7 249.1 234.6 215.6 203.7 193.7 182.6 175.4 168.7 163.8 162.4 164.6 159.4 148.2 136.9 133.6 137.9 140.8 133.5 131.8 128.3 124.6 124 121.8 122.8 122.6 120.9 127.1
477 501.2 510.5 532 564.7 577 594.2 600.2 602.2 594.2 578.6 573.8 568.8 586.9 593.9 590.8 593.1 587.2 599 620.5 622 624 638.9 641.8 656.5 663.9 658.4 660.1 646.5 630.5 599.9 564.6 539.2 530.3 517.7 504.2 483.5 472 472.9 478.3 446.9 425.7 407.3 399.6 410.9 405.6 391.6 379.5 361.7 345.9 328.9 310.6 281.4 262 248.1 240.7 225 209.5 200.6 188.4 177.8 177 169.3 166.4 162.7 156.7 151.1 140.9 139.4 145.8 143.3 136.3 135.8 130.3 125.5 126.9 125 122.8 120.5 119.5 121.6
475 489.8 515.4 527.5 549.4 574.1 578.8 593.3 597.8 588.9 582.5 576.6 565.7 573.2 584 585.6 580.7 585.7 604.1 619.6 623.5 627.8 642.4 652 652.7 665.2 666.7 680.8 674.8 648.5 631 589.9 561.5 549.7 537.9 521.9 517.3 505.9 498.6 473.3 450.1 442.3 429.3 425.3 438.6 430.6 415.9 398.9 385.8 362.1 352.2 335.8 298.1 268.9 251.4 241.8 228.8 214 201.1 191 183.8 182.8 175.2 166.5 163.4 159.9 149.2 142 143 142.7 141 136.8 132.6 129.6 129.9 129.8 127.3 124.1 118.5 118 119.5
475.9 471.7 511.7 508.3 530.1 556.5 576.5 579.3 575.5 579.8 573.6 578.1 564.5 576.1 585.5 586.9 570.5 590.8 605.1 616.7 626.6 637.2 651.5 661.1 663.8 666.5 681.5 689 685.6 657 652.2 624.8 588.2 570.8 569.5 557.5 551.9 530.7 507.7 493.9 472 453.7 445.4 453.1 460.4 455.1 427.9 415.5 398.7 382.6 361.3 354.2 327.7 284.2 258.3 247.2 237.4 232.4 223.5 198.6 186.7 183.7 179.1 169.4 163.1 160 154.1 152.5 155.9 146.2 145.6 143.1 139.6 137.9 134 131.1 128.2 122.7 117.6 117.3 117.3
462 455.1 487.6 501.9 506.9 532.3 558.5 570.7 570 573.4 571.7 569.1 562.9 568.8 582.4 574.4 574.7 594.9 607.2 617.1 630.9 648 659.5 670.8 671.9 680.3 680.1 677.6 664.4 644.3 631.6 613.5 603.4 586.5 587.7 575.8 554.8 536.7 517.3 490.3 482.3 472.8 462.1 477.5 478.1 473.1 440.2 433.7 420.5 389.6 375.4 365.1 347 313 281.9 258.5 250.9 239.6 235.6 221.8 192.1 183.8 182.3 173.2 170.4 168.4 163.9 165.6 161.1 161.1 160.9 159.5 150.5 144.7 138.5 131.1 124.8 120.2 117.4 116.4 116.5
447.3 452.2 463.2 499.3 493.5 518.6 555 569.4 563.1 562.6 557.7 563.7 558.9 565.9 561.6 554.8 573.4 591.3 604.2 622 636.2 654.6 661.5 673.7 681.6 686.7 685.7 683.2 673.9 649.5 636.2 615 605.1 599.4 591 570.2 553.2 531.2 511.9 495.8 492.6 477 470.6 486.9 483.7 461.6 438.9 436.7 424.1 410.4 378 371.9 356 329.4 301.1 271.6 254.2 242.8 241.4 224.7 207.5 195.4 192.6 181.9 183.6 183.7 178.8 169.2 178.7 175.4 175.5 162.9 161.7 154 142.7 134.4 127.9 125.5 122.1 118.5 117.7
441.5 451.1 458 490.4 485 489.7 533.7 541.9 553.1 546.3 553.5 542.3 545.5 554.4 550.4 559.7 576 590.1 606.2 629.5 643.1 653.5 663 671.5 681.4 686.6 692.9 691.9 681.6 655.4 642.5 624.7 617.3 608 596.5 577.6 561.9 542.3 522 492.2 481.6 475.1 469 475.2 471.5 466.3 442.8 430.1 422.1 409.8 381.7 368.6 355.8 336.6 306.7 286.7 249 240.1 232.5 226.3 217.6 195.1 193.6 194.5 191.7 188.6 187.3 186.1 190.1 184.3 177.1 166.1 159.4 155 150.4 147.6 137.4 126.7 122.2 122.3 120.6
434 442.2 451.9 471.5 477.9 477.7 490.2 525.5 515.1 516.2 522 529 543.6 545.8 544 563.7 579.3 593.8 609.8 633.1 654.6 659 669 666.3 673 684.7 696.6 702.6 689.1 666.3 646.7 634 621.6 610.9 593.3 578.3 564.5 539.8 519.5 494.6 479.2 463.3 461.8 462.6 468.4 463.6 443.7 424.8 422.5 408.6 375.9 357.7 353.5 337.2 315.2 289.2 257.9 239 231.8 222.3 209.1 203 204.8 204.8 201.2 196.2 192.3 197.6 196.4 186.3 175.5 166.8 168.1 167.3 163.6 163.8 151.8 133.9 129.8 128.6 125.6
429.6 435.7 447 473.9 476.9 472 482.3 488.1 500.3 510.4 520 525.4 536.1 534.1 545.8 565 583.3 594.4 613.4 632.6 653.1 667.3 671.7 670.4 680.2 691.8 704.8 710.8 707.4 688.8 664.2 645.6 622.9 608.1 587.1 568 559.8 534.6 523.8 493.1 473.7 462.7 457.2 456.6 456.6 456.6 446.7 428.2 406.9 392.1 364.2 341.1 328.4 313.3 297.8 289.2 266.3 241.9 228.5 218.6 225.2 214.5 216.4 210.5 205.1 202.9 199.8 204.4 208.1 198 182.2 180.2 170.6 166.2 162.4 155.4 147.7 139.1 134.5 134.3 130.8
423.3 430.4 444.8 464.5 472.6 464.9 481.5 490.3 495.9 513.4 511.5 516.3 524.7 532.4 547.1 570.1 584.4 595 621.8 635.2 658 669.8 687.1 682.7 686.5 697.1 711.8 710.2 717.3 708.3 682.5 658.1 630.5 616 600.2 567 540.1 536.7 519.8 494.8 471.1 462.2 457 453.3 452.7 443.5 436.5 425.8 409.4 398 380.4 354.8 328.7 313.1 300.6 282.8 266.8 250.3 241 228.6 231.1 226.2 221.2 217.6 212.6 208.2 204 202.7 201.7 197.9 193.5 180.9 174.7 172.6 170.8 168.5 161 145.6 139.5 134.8 131.5
417.2 428.1 437.3 457 465 458.8 472.5 484.7 489 499.4 512.7 519 521.4 533 549.8 569.3 582 600 621.6 638 662 673 690 696.5 692.8 705.6 709.9 717.5 727 722.9 711.3 689.9 647.6 630.1 612 586.5 550.2 524.2 509.2 490.8 474.3 465.2 458 458 459.5 452.7 441.6 430.9 423.1 420.7 403.4 371.6 337.7 327.3 316.2 300.6 274.8 257.1 251.5 241.6 236.4 233.4 228.1 225.3 220.3 213.6 210.7 207.9 206.3 199.6 198.5 195.8 190.5 181.5 175 168.8 163.7 160.1 151.9 144.4 137.3
411.7 423.3 430.8 447.3 460.7 454.2 457.8 479.3 498.4 508.9 510.2 515.7 522.3 533.7 547.2 572.2 582.2 604.2 620.1 642.2 663.5 677.4 692.4 698.1 688.7 711 717.4 729.7 736.5 729 728.4 706.6 670.6 653 630 607.3 582.4 532.8 511 494 478.7 471.5 463.8 462.4 465.6 463 452.6 441.3 434.4 428.4 408.3 379.8 355.2 333.4 324.3 305.4 288 268.8 252.7 251.3 243.9 240.4 241.4 233 229.4 226.8 225.7 216.4 215.6 211.7 208.5 200.5 192.9 187.4 183.5 175.2 173.8 180.5 168.2 156.6 153.8
409.3 412.6 420.2 441.4 448.4 446.7 456.8 474.8 494.1 503.4 508.3 510.2 516 533.5 550.8 569.8 588.3 607.2 618.3 640.1 668 687.4 689.1 685.5 686.8 710 727.9 742.6 745.1 740.3 739.4 731.6 695.9 675 648.7 635.2 589.6 545 520 496.8 477.7 472.7 465.9 467.3 471.4 470.9 463.8 455.9 451.5 442.4 429.9 398 368.5 343.9 331.1 316.5 299.1 280.1 270.2 264.4 255 251.8 247.9 246.8 244 245.3 236.9 227.1 226.8 217.5 212.3 209.4 201.6 193.3 191.5 190.8 177.7 168.9 165.2 159.3 152.7
398.2 404.6 405.8 419.4 425.5 437.6 454.7 472.2 478.7 493.2 503 503.1 525.7 543.1 550.9 565.1 588.9 606.7 621.1 643.2 660.6 684.4 682.8 681.8 685.9 710.2 744 757 752.3 754.2 750.7 748.1 719.4 696.3 676.7 646.6 589.9 580.3 535.6 510.5 483 479.8 473.1 474 477 477.3 474.4 468.6 460.5 454.8 430 407.2 386.2 357.7 349.1 329.3 313.1 296.1 290.5 280.2 275.7 271.1 265.7 262.4 259 257.2 249.1 245.8 236.4 231.9 220.5 215 212.1 201.4 195.5 186.6 179.8 180.1 175.4 168.1 164.8
398.7 411.4 403.9 416.7 428.2 434.5 445.4 463.5 477.9 485.2 481.2 506.5 538.5 551.8 561.2 569.9 589.1 609.6 627.1 651 657.9 677.5 681.5 682.1 688.7 722.3 749.1 767.3 757.8 757 755.6 749.9 730.3 714 693.2 647.6 637.2 598.6 569.9 535.1 504.6 491.6 483.5 485.6 490.2 486.5 481.8 475 464.2 452 433.9 417.9 397.5 384.4 376.3 360.2 333.6 316 312.1 301.9 298.6 288 282.2 279.8 274.8 269 263.2 256.4 253.7 244.3 233.9 229.1 214.1 204.8 206.8 201.4 198.6 194.6 183.7 178.6 177.4
402.7 407.3 398.2 416.9 428.3 439.4 448.2 447.7 476 472.3 483 509.2 537.4 558 569.7 586.7 584.5 611.9 633.1 652.3 656.5 669.4 688.3 684.2 694.3 726.3 746 759.1 758.4 761 760.9 747.9 725.5 717.7 698.8 686 663.6 645 600.3 576.8 541.4 516.4 502.3 515.1 514.9 505.6 495.4 486.9 481.8 462.8 449.2 436.6 424.2 408.1 384 370.5 359.2 341.1 331.7 320.8 316.3 309.4 299.4 295 291.7 277.3 272.4 274 260 252.8 245.3 237.1 230.2 220.4 212.1 209.9 207.2 201.8 198.9 192.1 187.9
398 400.9 395.2 415.1 419.9 438.9 442.9 440.4 453.1 466.8 484.6 525.1 547.1 558.9 577.8 599.3 598.1 602.9 623.1 648.3 655.5 678.5 693.8 684.6 704.8 720.5 739.7 752.4 759.3 764.1 762.8 745 727.8 726.5 716.3 698.3 686.7 659.5 630.3 589.8 571.3 553.3 524.8 528.3 528.4 535.7 530.5 518.3 504 481.3 461.3 448.5 438.9 431.3 413 390.4 372.9 361 350.5 339.5 330.4 323.2 313.4 306 298.4 297.3 286 281.6 271.1 262.8 252.5 243 238.3 231.3 221.7 219.5 212.4 212.3 206.5 204.3 202.4
390.9 396 393.6 409.8 416.1 433.2 427.1 435.1 445.2 463.5 487.3 532 549.8 559.5 579.6 598 608.3 621.3 621.8 638.3 665.9 676.6 688.7 689.5 707.1 709 722.1 747.1 751.9 759.8 757.8 740.7 731.8 727.5 720.5 703.6 688.3 662 637.8 596.6 576.3 556.8 537.9 553.8 566.4 572.2 567.1 555.8 523.4 495.5 476 464.3 453.3 432.9 421.4 410.8 392.7 387.5 364.9 353.9 347.9 337.1 328.2 319.2 315.3 310 302 295.6 286.6 274.4 264.7 255.3 248.9 244.9 237.3 232.3 225.1 222.5 218 217.1 216.5
379.3 388.8 386.8 403.9 415.1 423 428.4 441.6 447.7 455.3 492.3 529.9 557.3 553.3 575.1 602.3 613.4 621.2 625.2 638.7 659.3 670.6 670.8 696.7 703.4 704 701.4 721.2 730.9 751 741.8 730.8 730.5 734.1 718.1 703.4 679.6 663.1 638.5 611.2 584.1 565.9 557.1 564.5 587.3 585.3 581.4 578.9 559.4 523.5 500.5 484.9 464.4 445.2 429.9 416.9 406.2 392.2 380.9 372.5 366.9 354.9 342.3 326.2 328.7 323.6 316.2 308.3 299.1 285.8 279 268 263.3 257.9 253 248.1 243.4 232.8 233.9 231.1 229.5
