data/240000-920000.asc
ncols 200
nrows 200
xllcorner 240000
yllcorner 920000
cellsize 50
[rows 35 to 69 of 200, columns 0 to 77 of 200]
232.2 243.6 256.8 269.9 282.9 295.9 309 321 328.9 334.7 339 340.7 338.8 334.3 327.9 321.9 315.5 308.9 301.6 293.1 289.5 290.5 291.3 290.9 286.5 282.3 278 273.6 270.6 269 267.5 267.1 267 267.2 269 272.6 277 279 279.8 284.6 289.7 294.3 297.8 300.4 303.3 307.1 311.2 315.2 318.6 321.4 325.3 329.9 334.4 338.4 342.5 346.1 349.6 353 356.3 359 360.2 361.4 364.5 367.2 370 371.2 372 373 375.2 376.7 377.4 378.4 378.3 377.3 371 364.7 356.9 349.7
232.8 243.3 256.7 270.2 282.1 294 306.7 319.1 326.5 333 339 340.6 338.6 332.9 326.1 319.9 313.4 306.8 300.4 293.3 289.1 289.4 290 288.5 284.3 280.1 275.7 272.9 270.3 267.1 265.3 264.2 263.7 263.1 265.5 268.5 271.7 274.6 275.5 280.1 283.9 288 291.5 295.1 299.9 302.9 306.2 309.5 313.5 316.2 319.1 323.4 327.8 331.8 335.9 340.1 343.3 346.7 350.1 353.5 354.6 355.8 359.4 361.8 362.6 363.4 364.2 365.5 367.6 368.8 370 371.5 371.7 371.9 368.2 361.4 353.2 346.3
234.6 244.1 257 270 282.5 293.2 304.4 316.9 325.3 331.9 337.6 340.1 338.4 332.7 324.2 317.8 311.8 306.1 300.4 293 283.3 280.8 285.1 290.6 284.6 279.7 276.9 274.1 271.3 268 264.6 261.5 260.6 260.7 261.4 264.2 267.1 269.8 271.3 275.6 279.1 282.5 285.1 287.8 292.3 296.7 300.4 303.7 308.2 311.2 314.2 317.6 321.5 326 330.3 333.7 336.9 339.8 342.6 345.5 348.1 350.2 351.7 353.1 354.7 355.6 356.4 358 360 361.6 363.1 364.6 364.9 364 362.8 358.2 349.9 344.4
236.8 247.1 260 272.2 281.4 291.4 302.1 314.3 323.5 330.6 336.1 339.5 337.6 332.4 326.2 318.4 312.7 306.9 301.3 292.8 284.4 280.3 279.7 283.4 286.6 281.7 278.1 275.2 272.2 268.8 265.5 262.4 261.8 261.4 259.8 259.8 262.4 265.1 267.3 270.7 273.8 277.2 280.5 284 287.5 290.8 294.3 297.9 302.8 306.1 309.2 312.9 316.8 320.6 323.8 327.1 330.5 333.1 335.3 337.5 339.7 341.2 342.2 343.7 345.2 346.8 348.5 348.5 348.7 351.5 355.2 357.7 357.4 355.9 354.5 353.6 350.9 345.6
239.4 250.3 262.8 271.6 281 290.8 300.8 311.7 321 328.6 334.3 336.1 335.9 333.8 329.1 319.7 314.3 308.7 300.3 291.6 283.9 279.2 278.3 277.4 281.2 283.1 279.9 276.4 273.1 269.8 266.7 263.8 262.9 262.4 260.6 259.2 260 262.3 263.5 265.8 268.4 271.7 275.8 279.1 282.5 285.8 289.3 293.3 297.8 301 304.6 308.4 312.3 316 319.5 322.3 324.2 326.5 328.7 331 331.4 332.2 333.8 335.8 337.7 339.7 341.3 339.4 337.2 339.7 343.7 347.9 349.5 348.1 349 347.3 343.1 338.8
242.2 253.4 262.2 271.1 280.5 290.2 300.2 310.2 318.9 325.4 330.2 332.7 334.2 332.3 328.9 321.7 314.3 308.4 299.3 290.3 283.9 279.4 277 273.8 273.8 275.9 280.8 277.6 274 270.9 268 265.1 263.7 262.4 261.2 260 259.7 259.9 260.3 262.4 265.1 268.5 272.9 274.4 277.3 280.4 281.6 287.4 294 297.6 300 303.6 307.2 310.1 312.5 316.7 317.9 320.1 322.3 324.4 324.4 324.9 326.9 328.9 330.8 332.8 334 332.1 329.6 330 333.6 337.1 340.2 342 342.9 339.8 336.5 333.1
244 252.7 261.7 270.6 280 289.8 299.5 309.2 315.7 322.1 328.3 332.6 333 331.6 327.7 321.2 313.8 307.2 297.8 289.5 284.3 279.7 276 273.8 273.8 273.8 279.3 278.5 274.5 271.1 268 265 263.2 261.8 260.4 258.9 258.1 258.3 258.5 259.8 262.4 266.3 270.1 271.7 273.3 275.4 280.2 283.9 288.3 292.7 294.8 298.4 302 305.7 307.8 309.9 311.6 313.7 315.9 317.6 317.6 319.1 319.9 322 323.9 325.8 326.7 324.8 324.1 324.5 324.8 326.1 330.3 333.3 335.6 335 334.1 332.1
243.6 251.3 260.7 270.1 279.4 288.5 297.7 307.2 313.9 319.8 325.7 330.7 333.1 331.3 327.2 320.1 313.8 306.1 296.7 289.1 285.5 282 279 274.9 273.8 273.8 276 274.4 273.9 270.3 267.2 264.2 262.8 261.4 260 258.3 256.8 256.5 256.8 258.4 260 264.8 267.4 269 270.7 271.8 275.3 278.2 281 284.8 289.5 293.1 296.8 300.5 303.5 305.1 307.3 308.7 310 311.4 313.1 314.4 314.6 315 317 318.5 319.4 318.2 318.8 319.8 319.8 320.1 321.3 324.6 328.6 327.7 327.7 328.9
246.4 254.6 262.8 270.1 277 286.4 296 305.3 312.4 318.3 323.9 328.7 333.1 330.7 327.8 320.5 313.3 306.8 300.4 292.9 289.7 286.2 282 278.8 276.8 275.4 272.2 270.4 269.9 269.4 266.3 263.8 262.4 261 259.6 257.9 256.1 254.8 255.5 257.3 260.1 263.5 265.1 266.6 268.2 268.6 271.5 275 277.8 280.9 284.9 290 291.6 295.3 299 301.6 303 304.6 306.2 310.3 309 309.3 309.5 309.7 310.1 311.2 312.2 313.2 314.2 315.2 315.1 316.6 320.3 322.4 323.5 324.1 325.3 326.5
246.9 254 261.1 268.1 275.4 284.7 296 302.3 309 316.7 322.1 327.2 330.4 329.3 327.9 320.3 315.4 310.6 304.9 300.3 295.4 291.9 288.7 285.8 281.8 277 271.8 268.9 269.1 268.3 265.4 263.4 262.1 260.7 259.2 257.5 255.7 254 254.6 257.4 260.3 262.2 263.3 264.8 266.1 266.8 269.2 271.9 274.2 277.1 281.3 287.2 290 290.1 293.5 297.5 299.3 300.9 302.4 304.2 304.5 305.7 305.9 306.1 306.8 307.9 309.3 310 309.9 310.6 312.4 316 319.7 321.9 323 323.1 322.7 323.6
248.5 255.4 262.7 269.8 275.5 282.2 289 295.4 301.6 310.2 319.4 325.6 327.7 329.5 328.5 324.2 319.5 314.6 308.4 304.6 301 299 297.8 294.7 287.8 282 276.6 270 270 267.2 267.1 263.2 261.7 260.4 258.9 257.1 255.3 253.5 252 254.5 259.1 261 261.6 262.9 263.6 264.4 266 268.4 270.7 273.2 279 283.2 285.3 286.1 289.8 293.4 295.4 297.1 298.7 299.2 300 302.1 302.6 303.1 304.1 305.1 306.3 307.6 307.5 307.5 311.8 315.5 319.1 321.4 322.4 323.1 322.7 322.3
251.3 259.4 266.7 271.9 276.3 280.8 285.5 290.2 294.4 302.4 314.7 322.4 325.2 328.8 329.6 327.8 323.8 318.1 312.4 309 305.5 304.9 303.5 300.2 293.2 287 280.2 273.7 272.1 272.3 270.5 267.2 262.5 260 258.5 256.7 254.9 253 251.2 251.6 256.4 258.5 259.6 260.7 261.7 262.5 263.1 265.5 267.8 270.5 275.8 278.1 280.3 282.7 286.1 289.3 291.3 293.3 294.9 294.6 295.5 297.5 299.4 300.4 301.4 302.5 303.5 304.8 305.1 305.5 309.7 314.4 318.5 320.9 321.9 322.8 322.6 322.4
256 260.9 266.6 270.5 275.3 280 283.5 287 290.5 295.5 305.8 315.2 320.8 328.7 330.2 331 327.8 321.6 316.7 313.2 309.9 308.5 305.7 302.9 297.5 291.2 283.6 278.6 276.9 276.8 274.1 270.5 265.9 261.2 258.6 256.9 255.2 253.5 251.4 250.3 253.5 256.2 257.3 258.5 259.6 260.5 261.1 262.6 265.2 267.8 270.2 272.7 275.2 278.8 282.5 285.2 287.2 289.2 290.8 290.7 290.9 293.4 296.1 297.8 298.8 299.8 300.8 301.8 302.7 303.6 307.6 312.3 317 320.2 321.3 322.3 322.6 323.4
257.5 260.7 265 268.7 275 280.7 282.6 284.1 287.7 292.5 298.9 308 318 328.1 331.3 332.8 330.6 325.4 320.7 317.1 314 311.7 307.8 304.2 297.7 290.7 285.6 281.6 279.7 281 278.6 271.7 267.1 262.7 260.6 258.8 257 254.4 251.7 250.6 253.2 254.5 255 256 257.1 258 258.7 259.3 261.3 265 267.8 269.5 270.6 274.6 279.1 281.4 283.5 285.6 287.7 287.5 287.4 290.1 292.6 295 296.3 297.3 298.2 299.2 300.2 301.6 305.5 310.6 316.6 318.7 319.9 321.2 322.1 321.6
256.1 259.2 262.8 270.4 278 281 283.7 285.8 287.8 289.7 294.6 305.4 316.8 326.9 333.6 336.1 335 331.3 325.1 320.9 318.2 314.4 310 303.6 297.3 292.6 289.1 285.3 281.8 279.4 276.9 273 268.6 264.8 262.7 259.9 257.3 254.7 252 251 252.4 253 253.4 253.8 254.6 255.4 256.1 257.1 259.3 262.4 264.8 267.5 269.8 272.6 275.2 277.5 279.9 282.1 284.2 284.5 284.3 286.7 289.1 291.6 293.8 294.8 295.7 296.7 296.9 299.3 304.3 310.4 316 317.2 318.4 320.3 321.9 320.6
263.7 263.1 265.1 270.4 277.5 280.4 283 285.8 289.1 290.8 295.1 304.8 319.2 330.8 338.5 341 340.7 335.9 331 324.5 319.9 315.9 311.9 306.3 301 295.9 292.5 289.2 286.9 282.5 277.4 274.7 270.3 264.9 261.1 259.6 257.4 255 252.3 251.5 251.1 251.5 251.9 252.3 252.8 253.4 254.4 255.4 257.6 259.1 260.9 264.9 267.6 269.3 271.5 273.7 276 278.4 280.6 281.4 281.3 283.2 285.6 288.1 290.5 292.3 292.3 292.4 294.7 299 304.2 310.3 314.5 315.7 317.3 319.7 321.7 320.4
269.2 268 268.5 269.9 276.7 280.5 282.5 285.8 289.6 290.3 296.5 306.1 320.3 333 343.5 351.3 349.2 343 335.7 328.3 321.8 317.5 313.5 310.1 305.4 299.3 294.6 290.7 290.7 285.8 279.6 275.9 271.2 262.7 259.4 259.2 257.7 255.4 252.8 252 251.2 250.6 251 251.4 251.8 252.6 252.6 253.6 255.6 257 259.2 262.2 265.3 266.6 268.1 270.3 272.6 274.8 277 278.7 279.3 281.2 283.6 285.2 286.7 288.3 288.9 291.1 294.7 299.3 304.1 310.1 313 314.3 316.8 319.2 321.4 320.1
275 273.3 270.7 270.8 278.1 281.4 285.2 288.1 291.6 292.6 296.5 306.1 319.3 332.1 344.5 351 350.9 346.5 339.5 332 325.4 319.2 315.2 312.5 309.2 302.3 297.1 292.5 291.1 289.5 283.3 279.4 273.1 264.3 259.8 260.5 260 256.4 253.3 252.4 251.6 250.8 250.1 250.5 250.9 252.3 252 251.8 253.5 255.7 257.9 260.1 262.9 263.8 264.8 266.9 269.1 271.9 274.6 275.5 276.2 278.3 278.3 280.5 283.6 284.5 286.9 290.9 295 299.5 304 310 311.5 313.8 316.3 318.7 321.2 319.9
278.3 278.7 274.5 272.3 278.6 285 289 291.1 293.8 296 298.9 307.4 321.7 332 343.5 349.8 350.9 349.4 342.9 335.8 329 322.7 316.8 313.4 309.2 303.1 296.4 291.5 290.9 290 283.9 279 273.5 266.8 261.9 261.3 259.4 256.6 253.7 252.9 252.1 251.2 250.4 249.6 250 252.1 251.8 251.4 252.5 254.7 256.9 259.1 260.6 261.2 262.1 263 266.8 270 271.6 272.2 272.9 274.1 275.6 277.9 280.5 282.9 287.3 291.8 296.2 300 304.3 308.7 310.9 313.3 315.8 318.2 320.6 319.7
280.6 280 279.2 276.7 281.9 287.4 293 294 295.3 298.1 301.3 311 323.3 331.8 340.6 349.8 350.5 351 345.4 339.1 332.5 325.4 319.1 313.5 308.3 303.2 296.5 290.2 290.1 286.2 280.8 275.8 271.2 267.8 264.5 261.3 258.7 256.1 254.2 253.3 252.5 251.7 250.9 250 249.2 250.4 251.1 251.3 251.7 253.8 256 258.1 259.5 259 260.1 261.5 265.5 267.1 268.8 269.2 269.7 271.1 273.4 275.8 278.5 283.1 287.8 292.5 297.1 301.2 304.8 307.9 310.4 312.8 315.2 317.7 320.1 319.7
278.8 279.3 278.4 280.2 285.6 290.9 296.3 297.6 298.9 300.3 305 314.3 323.9 332.4 341.2 349.4 350 350.8 347.1 340.7 333.4 326 321.5 316.4 310.3 303.8 296.3 289.7 285.7 282.5 278.2 273.5 269.5 266.2 263 259.7 257.4 255.9 254.7 253.8 253 252.2 251.4 250.5 249.3 249.3 250.8 251.2 251.5 252.9 255.1 257.2 258.3 258.3 259.2 260.2 262.9 265.7 266.5 266.9 268 269.4 271.5 273.8 277.5 282.2 286.9 291.6 296 300.1 303.6 307 309.6 312.2 314.7 317.2 319.6 320
278.1 278.1 280.1 283.7 290.1 296.5 301.6 301.5 302.5 304.1 309.7 320.2 332.6 337.5 342.7 349.6 349.5 349.8 344.9 340.9 335.1 328.6 323.9 319 313.2 305.7 297.4 291.4 286.8 281.2 276 271.2 268 264.9 261.8 258.9 257.9 256.5 255.1 254.3 253.5 252.7 251.9 250.7 248.8 248.3 250.3 251 251.4 252 254.1 256.2 257.2 257.6 258.6 259.5 261.6 263.7 264.1 265.4 266.8 268.1 269.6 272.8 276.6 281.3 286 290.3 294.6 298.9 302.4 305.8 308.7 311.3 313.9 316.4 319 320
278.5 278.8 282.8 289.5 296.7 303 306.7 306.4 306.7 307.9 315 326.9 339.3 345.4 348.5 350.5 349.8 346.3 341 337.8 332.2 330.9 327.1 321.9 315.3 307 299.1 293.9 289.8 284.7 277.5 270.8 268.4 264.5 261.1 258.8 258.3 257 255.6 254.8 254 253.2 252.1 250.2 248.3 247.4 249.8 250.5 251.2 251.5 253.2 255 256 256.9 257.9 258.8 260.3 261.5 262.8 264.2 265.6 266.9 268.7 271.8 275.7 280.3 284.6 289 293.3 297.6 301.2 304.6 307.8 310.4 313 315.5 317.6 319.1
280.2 282.2 287.6 294.9 303.5 310.3 313.8 315 318 319.3 321.3 334 346.5 354.7 357.9 353.2 349.7 343.8 339.4 334.1 330 330.6 329.4 324 315.7 307.3 300 297.4 293.3 287.9 282.1 275.2 270.4 265.8 261.2 258.7 258.1 257.6 256.1 255.3 254.5 253.5 251.6 249.7 247.7 246.6 249.3 250 250.7 251.4 252.3 254 255.9 256.8 257.6 258.4 259 260.3 261.7 263.1 264.5 265.8 268.6 271.6 274.7 279 283.3 287.6 291.9 296.2 300 303.4 306.7 309.5 312.1 314.5 316 317.5
284.7 287.7 293.4 301.7 311.9 319.2 324 326.5 330.1 329 330.7 339 346.3 351.3 352.9 350.8 349.3 346 340.6 335.5 329.1 329.9 326.7 321.4 315.1 310.9 305.1 302.1 296.8 291.3 285.6 279.8 274.8 270 265.4 261.4 259.2 257.5 256.7 255.8 254.4 253.2 251.9 250 248.3 248.9 248.9 249.5 250.2 250.9 252.4 254.5 256.6 257.5 258.3 258.9 258.3 259.3 260.6 262 263.4 265.5 268.5 271.2 273.8 277.7 281.9 286.2 290.5 294.8 298.8 302.2 305.5 308.6 311.1 313.2 314.8 316.4
290.3 294.1 299.8 309.5 319.9 324 327.1 332.8 337.1 337.2 339.5 340.2 342.5 347.8 348.8 349.2 348.5 345.6 342.8 337.8 329.8 326.2 321.7 319 313.4 311.1 310.4 305 300.1 294.8 289 283.5 278.6 273.9 269.9 265.7 260.8 258.4 257.4 255.8 253.6 252.1 251.6 250.2 248.9 248.9 248.9 249.2 249.7 250.3 251.7 255 257.1 258.3 259.1 257.8 257.7 258.6 259.5 260.9 262.3 265.3 267.9 270.5 273.1 276.7 280.8 285 289.2 293.5 297.6 301 304.2 307.5 309.9 311.9 313.8 314.8
288.2 294.5 303.5 315.4 323.2 325.5 328.3 338.2 346.1 348 345.6 344.8 346.6 347.6 347.5 349.2 347.3 344.5 341.5 338.5 331.5 326.8 322 317.4 310.9 310.2 310.4 307.9 303.3 298.2 292.5 287.4 282.4 278.1 273.8 269.5 264.2 261.1 259.6 257.8 255.8 253.1 251.5 249.8 248.9 248.9 248.9 248.9 249.2 249.5 251 254.3 257.6 259 258 256.7 257 258 258.9 259.8 262 264.6 267.2 269.8 272.4 275.8 279.6 283.8 288 292.2 296.4 299.4 302.3 305.3 307.6 309.7 311.8 312.5
283.2 292.8 302.7 315.4 323 330 337.4 347.2 353 352.3 350 348.9 349.3 348.8 349 348.2 346.2 343.3 340.4 336.9 331.1 327.1 323 318.3 313.8 311.8 310.9 310.3 306.1 301.5 296.1 291.1 286.1 281.9 277.7 272.9 268.1 267 262 259.6 257.1 254.1 252.4 249.9 248.9 248.9 248.9 248.9 248.9 248.9 250.3 253.6 256.8 258.2 256.9 255.7 256.4 257.3 258.2 258.1 260.9 263.9 266.5 269.1 271.7 275 278.7 282.7 286.9 291.1 293.8 296.7 299.6 302.4 304.7 306.9 308.8 310.2
270.1 279.8 295.4 311.2 325.1 337 343 348.6 354.9 357.4 350.3 349.5 349.4 349.8 349.6 348.3 345 342.1 339.3 335 330.7 327.5 324.4 320.8 317.1 315 313.9 312.6 309.1 304.5 299.9 294.8 289.9 285.7 281.6 278.7 275.7 269.5 265.4 260.9 257.1 256.6 255.2 253.3 250.3 248.9 248.9 248.9 248.9 248.9 249.7 252.5 255.1 255.7 255.9 254.8 255.7 256 256 255.9 258.9 262.5 265.8 268.4 271 274.1 277.8 281.6 285.7 288.5 291.3 294 296.9 299.5 301.7 303.6 305.4 307.3
261.9 273.3 290.4 309 323.3 335.5 341 344.4 355.4 356.6 350.1 349.8 349.6 350.1 349 350.4 346.7 342 338.5 335.9 333 330 324.4 319.6 319 318.5 316.9 315.1 312.1 307.1 302.5 298.5 293.7 289.6 286.7 282.4 277.2 270.4 267.1 263.9 259.7 259.1 257.7 256.1 252.9 249.1 248.9 248.9 248.9 249.8 250.9 252 252.6 253.1 253.6 254 253.9 253.8 253.7 253.7 256.9 260.4 264 267.6 270.3 273.3 277 280.4 282.8 285.7 288.5 291.4 294.2 296.4 298.3 300.1 302 303.9
262.4 273.9 287.9 309.9 326.9 331 335.8 341.9 351.1 351.1 350.6 350.5 350.8 353 355.6 353.5 349.6 345.3 339.2 336.6 333.3 330.1 326.1 322.6 323.9 323.1 320.1 318 314.4 309.7 304.9 301.5 297.6 293.2 288.5 283.8 279 271.6 267.5 266.9 261.9 260.5 259.4 256.7 253.8 251.6 250.8 250.4 249.6 249.4 250.5 251.5 252.2 252.7 252.8 252.3 252 251.7 251.5 251.4 254.8 258.4 262 265.6 269.1 272.4 275 277.3 279.6 282.1 285 287.9 290.4 292.9 294.8 296.7 298.6 300.1
264.9 274.5 284.4 304.2 316.3 324.1 327.8 338.5 351.3 350 349.4 350.9 354.8 358.1 361.1 358.6 355 348.5 340.5 336.5 333 329.9 327.9 327.6 328.5 327 323.7 320.6 316.6 312.1 307.4 303.8 300.3 295.6 290.9 286.2 281.2 275.3 271.6 270.9 265.2 262.1 260.7 257.7 255.1 254.2 253.1 252.2 251.1 248.9 249.9 250.9 251.8 251.9 251.4 250.8 250.5 250.2 249.8 249.7 252.8 256.4 260 263.6 267.2 269.6 271.9 274.2 276.5 278.8 281.4 284 286.4 288.8 291.3 293.2 295 296.9
269.1 278.7 288.1 298.9 307.4 311.2 319.5 328.5 337.9 343.4 346.5 351.6 357.5 362.3 366.4 364 359.3 351 342.7 337.1 332.7 329.7 326.7 329.1 331.4 331 327.6 323.5 318.4 314 310.2 306.1 302.5 298.3 293.6 288.9 283.5 277.7 274.1 271.4 267.6 264.8 261.9 260 258.4 256.6 255.4 254.2 252.5 249.8 249.4 250.2 251 250.4 249.9 249.4 248.9 248.6 248.3 248.5 251.6 254.7 258.1 261.7 264.1 266.5 268.8 271.1 273.4 275.6 277.4 279.8 282.3 284.8 287.2 289.7 291.8 293.9
273.6 281.6 291.1 296.4 302.5 308.2 314.2 320.9 328.7 335.5 342.6 350.7 359.7 366.7 369.9 366.9 362.4 354.6 346.7 339.3 334.8 329 323.3 325 330.5 331.4 329.3 324.3 320.4 317.8 314.5 308.8 304.7 301 296.3 291.4 285.8 280 277 272.7 268.6 265.7 263.5 261.6 259.7 257.8 256.4 255 253.2 250.2 248.1 248.7 249.5 248.3 248.4 247.9 247.4 247.1 247.1 247.4 250.4 253.6 256.4 258.5 261 263.3 265.7 268 269.5 270.9 273 275.5 278 280.4 282.4 284.5 286.9 289.3
271.5 278.8 286.6 293.4 299.9 309.2 313.5 317.9 324.7 333 340 348.5 357.4 366.2 369.6 368.7 364.4 360.1 351.5 344.5 337.9 331.8 320.5 322 326.2 329.7 329.3 325.6 322.6 320.5 318.4 312.4 307.4 303.4 299 293.7 288.1 282.5 278.2 273.8 269.5 267.1 265.1 262.7 260.3 257.9 255.7 254 252.3 250.6 246.9 247.3 248 246.6 246.1 246.2 245.9 245.7 245.9 246.2 249.2 251.3 252.4 254.6 257.2 259.9 261.9 263.4 264.8 266.3 268.7 271.2 273.2 275.1 277.1 279.3 281.7 284.1
