data/240000-910000.asc
ncols 200
nrows 200
xllcorner 240000
yllcorner 910000
cellsize 50
[rows 0 to 34 of 200, columns 0 to 77 of 200]
425 418.9 413.5 407.9 403.3 398.8 394.2 389.6 385.7 384 382.4 380.7 380.8 380.8 378.8 377.8 377.9 377.1 375.9 374.8 375 375.5 374.8 374.1 373.4 373.7 374 374.1 373.4 371.8 368.9 365.9 362.7 356.9 350.1 343.4 336.7 329.3 321 312.8 304.1 295 286.7 280.4 274 269.9 265.3 261.6 258 255.6 254.1 252.5 251 247.6 243.4 239 235 231.1 228.8 226 220.6 215.3 210.4 207.6 203.6 199.2 195.4 191.9 187.3 184.1 180.7 177.5 174.3 170.7 166.9 163.4 158.8 155
426.4 420.8 415.8 411.5 408 403.5 398.9 394.4 389.9 387.3 385.6 383.9 383.6 381.7 380.3 378.8 378.1 378.6 379.1 379.8 379.3 378.9 380.9 381 380.6 380.7 380.2 380.8 380.4 378.1 376.8 374.6 370.4 365.4 359.6 352.9 346.1 339.6 331.1 321.5 312.3 303.5 294.5 288.3 282.8 278.5 273.4 268.5 265.1 262.9 262.6 261 257.6 253.6 250.2 245.8 241.7 237.6 233.2 229.5 226.3 220.6 215.5 214.6 209.9 205.5 201 197 194 191.9 187.1 183.4 180.8 177.5 174.2 171.4 167.1 160.1
427.2 421.7 416.8 413.5 410.5 407.6 404.2 399.7 395.2 391.4 389.3 387.2 385.3 383.3 381.6 379.9 378.6 378.8 379.3 380.5 381.7 381.9 383.7 385.8 387.2 386.6 386.8 387.5 386.6 383.6 382.2 381.1 378.2 373.4 367.8 361.9 355.4 348.4 342.5 332.9 322.7 312.8 303 296.8 291.7 286.2 281.4 277.1 273.4 270.7 270.6 269.1 265.1 260.8 256.2 252.6 248.4 244 239.5 235.1 230.7 226.6 222.8 221.3 216.2 211.8 207.4 203.7 201 197.5 193.7 188.8 186.1 183.6 179.7 175 171.7 167.6
428.2 422.7 418.4 415.5 412.5 409.6 406.6 403.7 400.5 396.3 391.9 388.5 385.7 383.9 381.3 380.9 379.3 379.1 379.9 380.8 381.2 383.1 385.9 388.6 390.5 389.5 390.2 390.6 389.1 389.2 387.5 386 384 378.9 374.2 369.2 362.6 356.1 351.5 342.9 332.7 323 313.1 305.8 299.2 292.2 288 285.5 281.9 279.1 278.8 276.7 272.6 268.4 263.9 259.4 254.9 250.4 245.9 241.4 237 232.5 230.7 228.1 223 219.6 215.9 211.2 207.8 202.9 198.6 194.7 191.6 189.1 185.9 181.6 178.2 175.1
429.1 423.8 420.6 417.9 415.2 412.5 409.7 406.6 402.9 399.5 393.5 389.7 386.2 383.2 380.4 379.1 378.6 377.5 377 378 379.1 381.5 384 386.4 388.7 388.8 388.6 388.7 389.7 389.7 388.9 388.3 387.6 383.2 378.9 374.6 368.1 362.3 356.9 348.3 340.2 331.6 322.4 313.9 306.2 300.1 296.2 293.4 290.3 287.4 287 284.5 280.3 276.2 273.2 270.2 264.2 258.1 252.2 247.7 243.3 238.6 237.2 233.8 232 229.2 223.9 218.5 214.8 209.6 204.6 200 197.1 194.5 191.3 187.8 184.2 180.3
430.1 427.6 424.8 422.1 419.4 415.8 412.1 408.5 404.8 400.8 397.5 392.5 388.6 382.2 379.3 376 373.9 373.1 372.7 373.5 375 376.5 380 382.6 385.3 386.3 385.4 385.8 385.7 386.6 387.5 390.4 389.6 386.9 383.5 379.6 372.5 367.3 362.1 353.9 345.8 337.5 330.5 322.5 314 310.1 306.2 302.5 300.6 297.1 296.5 294.6 290.7 286.9 283.4 279.9 276 269.4 263.1 256.7 251 247.5 244.3 240.1 238.7 235.1 230.7 225.2 221.5 216.3 211.2 206.4 203.2 200 196.8 192.9 188.9 184.7
435.3 431.8 428.7 425 421.3 417.7 414 410.3 406.7 402.7 400.9 396 390.1 383.5 376.3 371.6 370.2 367.5 366.7 366.2 368.8 371.8 375.3 378.2 380.4 381.5 382.2 381.6 381.6 382.6 383.4 385.5 386.7 383.7 381.3 378.6 376.4 371.7 365.6 358.9 351 344.7 338 330.4 323.4 321.1 317.2 314.4 311.9 309 306.7 305.3 301.4 297.6 294 290.5 286.8 281.4 274.9 267.7 261.4 257.9 254.1 249.2 245 240.4 235.8 231.5 227.9 222.9 217.9 213.4 210.2 205.6 202.1 197.9 193.5 189.1
440 435 431.3 427.1 423.2 419.5 415.9 412.2 408.5 404.6 399.4 392.3 388.8 384.2 378.2 371 365.1 361.8 360.7 359 361.2 363.9 366.4 369.5 373.5 374.8 377.5 377.3 377.5 378.5 379.5 380.6 381 381.2 379.6 376.9 374.3 371.8 367.3 361.5 357.5 352.7 346.2 340 334.8 331.8 329.1 326.2 323.4 320.8 318.3 315.7 312.1 308.3 304.7 300.5 296.3 292.3 286.1 278.7 271.4 267.6 263.8 259.2 252.9 247.2 242.2 238.2 233.4 228.2 223.9 220.4 216.9 211.6 206.6 202.1 197.6 193.3
442.3 438.1 434.5 430.9 427.2 422.9 418.7 414.4 410.4 406.6 399.2 391.7 385.3 380.5 373.9 366.2 360.5 356.5 355.5 351.3 352.9 355.6 357.4 360.3 364.2 368.4 372.4 373 373.4 374.2 373 372.9 374 373.5 371.7 370.6 369.7 368.6 364.4 360.5 359.6 355.1 351.9 348.5 344.7 340.9 339.7 338.5 335.6 333.5 331.5 328.2 323 319.4 315.9 312 308 303.7 297.8 290.1 282.6 277.2 273.5 268.8 262.3 256.1 250.8 246.5 241.2 235.4 230.7 227.3 223.4 218.4 213.5 208.1 202.7 197.6
443.6 440.6 437.3 434 430.4 426.8 423 418.8 414.5 408.1 400.6 392.6 386.5 378.6 370.5 363 356.3 352.2 350.2 347.4 346.2 346.6 348.5 351.4 354.3 357.2 361.7 365.5 366.9 365.7 365.1 364.9 366 366.8 364.8 364 363.4 362.3 361 359.7 358.5 357.5 355.6 352.4 350.8 348.8 348.6 349.5 348.1 347.5 344.7 341.3 335.3 331 327.8 323.8 319.8 314.8 308.9 302 294.2 286.8 283.7 279.3 273.6 267.5 262.9 254.6 249.3 244.4 238.5 234.1 230 225.2 220.5 215.3 210.1 205
443.3 441.3 438.9 435.6 432.3 429 425.7 422.4 419.1 410.1 402.4 393.5 384.7 376.6 369.6 361.6 354.4 348 345 342.2 341.4 340.3 339.4 342.2 344.7 347.2 349.2 351.4 355.4 356.5 357.1 357.1 357.8 358.7 359.1 357.7 357 356.1 356.9 357.4 356.6 355.5 354.8 354.2 352.7 352 354.1 355.8 357.6 358.6 355.3 353.3 348.1 343.2 339.7 335.6 331.1 325.8 319.9 313.9 306.2 299 294.6 289.9 284.1 278.3 273.4 265.2 259.4 253.6 247.5 242.3 237.6 232.5 226.9 222.2 217.5 212
442.7 440.9 439.6 437.3 433.3 428.5 423.7 418.6 413.4 406.5 398.5 389.1 380.7 372.3 365.3 359 353.2 347.3 341.7 339.1 335.9 333.6 332.5 334.7 336.1 337.9 340 342.1 343.8 346.6 348 349.2 350.6 351.6 352.7 351.6 351.6 352.3 353.2 353.7 354.1 353.5 353.1 353.9 353.3 353.9 356.7 359.6 360.8 361.9 362.3 360.5 357.4 353.1 348.7 344.9 341.2 336.5 330.6 324.6 317.9 310.3 303.5 298.1 292.7 286 279.2 272.7 266.5 260.6 254.9 249.6 244 238.3 232.7 228.3 223.9 218.9
441.2 440 438.9 437.4 433.9 429.4 424.9 417.7 410.2 402.7 393.8 385.6 378.1 368.1 361.2 355.5 351.3 347.6 341.9 336.2 331.5 330.3 329.5 330.4 332.5 334.2 334.6 335.3 336.9 338.3 339.8 341.8 343.5 345.3 346.2 346.2 347.7 348.6 349.4 350 350.4 351.3 352 352.4 352.8 353.5 356.4 358.7 360.1 361.3 362.4 363.1 362.5 360.6 355.5 350.2 345.4 341.1 336.6 331.3 324.8 318.7 311.8 304.3 297.5 290.7 283.9 277.5 271.3 265.2 260 255.2 249.8 244.1 238.7 234.3 229.2 224.1
440.5 439.4 438.3 436.9 435.1 430.6 425.6 417.4 409.3 399.6 390.1 380.7 373.3 362.2 354.3 348.6 344.8 342.9 338.2 334 331.4 330.5 329.5 328.6 330.3 331.1 332.3 332.9 334.2 335.9 337.2 338.2 338.9 339.4 340.5 342 343.5 344.8 345.7 346.2 347.2 348.8 349.6 350.3 351.1 353 355.7 357.2 358 358.8 361 362 361.8 361.1 358.1 352.9 347.7 344.1 340.8 335.4 328.5 321.4 315.7 309.1 302 294.7 287.5 281.7 275.5 269.7 265.6 260.7 255.4 249.9 244.7 239.7 234.4 229.3
438.1 438.3 437.7 436.4 434.6 431.7 425.3 417.6 409.8 401.5 392.1 381.3 368.3 355.8 344.6 341.4 341.2 338.2 333.7 331 330.2 329.4 328.6 327.7 327.7 328.9 330.1 330.6 331.8 333.5 334.6 335.4 336 336.8 338.3 339.2 340 340.9 341.9 343.2 344.9 346.3 347.1 347.8 349 350.3 352 354.6 355.5 356.8 359.6 360.9 360.4 359.8 356.5 351 347.5 342.9 339.5 334.3 328.2 322.2 316.2 309.9 304.2 297.5 290.3 284.5 279.1 274.6 270.8 266.3 261 255.7 250.3 244.6 239.5 233
435.4 435.4 436.1 435.4 433.6 431.8 425.5 417.5 409.6 402.3 392.2 382.7 370.6 357.4 345.7 337.7 334.1 330.4 329.4 329.6 328.7 327.9 326.9 326.2 326.3 326.7 327.7 328.4 329.4 331 332 332.5 333.5 334.9 336.5 337.5 338.4 339.2 340.5 340.9 342.6 343.9 344.7 345.9 347.1 348.5 349.9 351.3 353 355.3 358.2 359.6 358.8 357.9 355.4 351.7 347.3 342.6 337.9 331.6 326.1 320.2 315.9 310.5 304.7 299 293 286.8 282.3 278.7 275.1 271 265.9 260.4 255.1 249.6 242.9 236.2
431.5 432.7 433.9 434 432.9 431.1 424.2 415.9 407.7 399 389.1 379.7 370 360 348.3 337.3 332.1 329.1 328.8 328.3 327.1 326.1 325.1 325 325.1 325.1 325.4 326.1 327 328.4 329.1 330.2 331.4 333 334.5 335.9 336.7 337.6 338.9 340 340.7 341.7 342.9 344 345.3 346.7 348.1 349.4 351.5 354.5 357.5 359.9 359.9 359.8 357.2 354.1 349.4 344.4 340.3 335.3 330 324 318.4 313.5 308.4 303.2 297.4 290.2 286.1 282.8 278.9 274 270.2 265.7 259.6 252.8 246.4 240
427.3 429.9 431.6 431.7 430.9 426.9 419.8 412.3 404.4 395.6 385.9 375 365.9 357.2 348.7 337.7 332.7 329.2 328.9 327.4 325.7 324.3 323.7 323.7 323.3 322.9 323.4 323.8 324.6 325.7 326.8 328.1 329.5 331 332.6 334.2 335.1 336 337.4 338.1 338.8 339.8 341 342.1 343.5 344.8 346.4 348.3 351 353.9 356.6 359 359.9 359.9 359.4 356.5 351.6 348.7 345.8 340.6 333.9 327.7 321.4 316.5 311.3 305.9 300.8 296.2 290 286.8 281.6 277 273.8 269.4 262.9 256 249.5 241.5
420.6 424.3 426.1 426.2 422 418.1 412.9 405.2 397.3 387.6 378.9 370.3 361.7 354.4 348.5 340.6 333.9 329.3 328.1 326.4 325 323.7 322.8 322.3 321.9 321.3 321.7 322.1 322.5 323.5 324.7 326 327.5 329.1 330.7 332.2 333.5 334.4 335.5 336.2 336.8 337.9 339.1 340.2 341.7 343.4 345.1 347.8 350.5 353.1 355.4 357.8 359.8 359.8 358.9 358.9 357.1 354.1 351.3 344.2 336.4 331 325.1 319.4 314.1 308.1 302.6 298.9 293.2 289.1 284.2 279.4 274.6 269.7 264.6 259.3 252.1 245.9
418.9 419.1 417.6 417.8 414 408.7 402.2 394 385.7 376.8 370.4 365.6 360.1 356.2 352.1 345.1 338.6 332 328.9 327.6 326.4 323.9 323.5 323.1 322.6 321.7 321.1 321.5 321.8 321.4 322.6 324 325.6 327.2 328.7 330.3 331.8 332.9 333.6 334.3 334.9 336 337.2 338.7 340.4 342.1 344.6 346.7 348.6 350.7 353.4 356 358.7 359.8 359.7 360.2 360 356 352.3 347.3 338.4 333 327.6 322.1 316 310 303.9 298.5 293.2 288.3 283.4 278.3 273.4 269 264.5 261 258.5 252.5
416.5 415.3 412.7 410 406 400.9 392.5 384.2 378.3 372.1 365.6 363.1 359.9 356.1 352.2 347.5 342.5 336 330.9 329 326.8 324.1 323.7 323.8 323.3 322.2 321.2 320.9 321.1 320.1 320.5 322.1 323.7 325.2 326.8 328.4 330 331 331.7 332.4 333 334.1 335.5 337.2 339 340.6 342.5 344.3 346.2 348.3 351.1 353.7 356.4 358.7 360.6 360.9 358.6 355.4 351.4 347 340.3 334.7 329.2 322.4 316 309.8 302.7 297.1 292 287.2 282.2 277.1 272.1 267 262.4 259.7 255.8 253.9
413 411.5 409 405.3 400.6 395 389.1 381.6 375.1 367.8 361.7 360.9 358.8 355.2 351.2 347.9 343.2 338.6 333.8 329.5 326.9 324.2 323.8 324.5 323.8 322.8 321.8 320.7 320.4 319.4 319.4 320.6 322.2 323.7 325.3 326.9 328.6 329.2 329.8 330.5 331.1 332.2 334 335.2 336.4 338.1 340.1 341.9 343.8 345.8 348.7 351.4 354.1 356.4 358.2 359.2 356.9 354.1 350.7 347.5 342 336.2 329.7 322.7 316.3 310.4 302.3 295.9 290.1 286.1 281 276 271 266 260.9 256.1 252.3 247.1
408 406.9 403.9 400 395.9 390.6 385.3 380.1 373.4 367.6 361.4 357.4 350.9 350.8 350.9 345.1 341.3 336.7 332.7 328.5 326.3 324.1 323.9 324.8 324.4 323.4 322.4 321.4 319.7 319.4 319.4 319.4 320.9 322.5 324.2 325.8 326.9 327.5 328.1 328.7 329.3 330.1 331.3 332.5 333.7 335.5 337.6 339.5 341.4 343.4 346.3 349.1 351.7 353.9 354.7 355.6 353.4 351.1 349.4 347.1 343 337 329.9 323.1 316.7 311.3 304.5 298.1 292.5 285.9 280.8 275.7 270.7 265.7 261.2 255.3 249.3 244.6
401.5 400 397.8 394.5 391.8 385.9 380.4 375.6 372 368.2 363.6 359.8 353.7 349.8 342.7 338.7 337.1 334.3 331.1 327.4 325.2 323 322.7 323.6 323.7 323.6 323.1 322.1 319.7 319.4 319.4 319.4 319.7 321.4 323.1 324.7 325.2 325.8 326.4 326.7 327.1 327.5 328.6 329.8 331.1 333 335 337 339 341 343.9 346.8 349.4 350.3 351.1 351.9 350 347.5 345.6 342.2 338.6 333.7 328.8 322.1 315.5 310.5 304.9 299 292.5 285.9 280.6 275.4 270.4 265.9 261.1 255.8 251 246.1
397.1 389.3 387.4 391.3 387.8 381.9 376.1 370.7 368.8 366.9 362.2 360.8 359.3 352.3 345.4 339 333.9 331.1 328.3 326.3 324.1 321.8 321.6 322.4 322.4 322.3 322.2 322.2 320.5 319.4 319.4 319.2 319.8 320.3 322 323 323.5 323.8 324.2 324.6 325 325.4 325.9 327.2 328.4 330.4 332.4 334.4 336.5 338.5 341.4 343.9 345.1 345.9 346.6 347.4 346.2 343.7 340.7 337.1 332.7 327.9 324.1 317.5 312.3 308.2 302.7 297.2 291.6 285.9 280.6 275.3 270.6 267 263.2 258.4 253.5 248.7
392.2 384.9 377.5 378.3 382.1 378.9 373.7 369.4 366 363.1 360.5 361 358.3 351 343.9 337 332 328.8 326.8 324.9 322.9 320.9 320.8 321.2 321.1 320.9 321.1 321.2 319.9 318.4 317.8 317.2 318.4 319.6 320.6 321 321.3 321.7 322.1 322.5 322.9 323.3 323.6 324.5 325.8 327.8 329.8 331.9 333.6 334.6 336.7 338.9 339.3 339.7 340.5 341.2 339.8 338.4 335.6 331.7 327.2 323.5 319.8 313 309.1 305.1 300.6 295 289.5 285.3 280.4 275.7 272.3 268.7 265.1 260.9 256.1 251.2
386.8 379.2 371.7 366.8 370.1 373.1 369 364.6 361.3 358.9 356.2 355.7 351.4 345.5 339.6 333.5 329.1 327.3 325.4 323.6 321.7 320.1 320 319.9 319.3 318.6 319.1 319.1 317.4 316.5 315.7 315.3 316.4 317.6 318.5 318.9 319.2 319.6 320 320.4 320.8 321.1 321.5 321.9 323.2 325.2 326.8 328.1 329.4 330 331.7 333.1 333.5 333.9 334.3 334.7 333.3 332 330.5 326.5 322.8 319.1 315.4 309.8 305.8 301.9 297.9 292.8 288 283.8 280.1 277.2 273.9 270.5 267 262.8 258.6 255.3
384.1 376.4 368.7 361.7 359.1 361.7 364.5 360.8 358.2 354.3 352.1 351 348 342.1 336.8 332.4 328 325.1 323.4 321.7 320.1 318.7 318.2 317.6 316.5 316 316.7 316.5 315.5 314.5 313.6 313.3 314.5 315.4 316.3 316.8 317.2 317.5 317.9 318.3 318.7 319 319.4 319.8 320.2 321.4 322.6 323.9 325.2 325.5 326.7 327.3 327.7 328.1 328.5 328.2 326.9 325.5 324.1 321.3 318.2 314.7 311 306.5 302.6 298.6 294.7 290.7 287 283.4 280 276.9 274.1 271.6 269.2 265.3 261.3 258.3
382.4 374.7 367.2 359.9 354.4 352 355.1 358.4 356.2 353.3 350.6 348.2 346.2 341.9 337.7 333.2 328.7 324.8 321.6 320.4 318.6 316.1 315.6 314.6 313.7 313.5 314.2 314.5 313.5 312.6 311.7 311.4 312.3 313.2 314.2 314.7 315.1 315.5 315.8 316.2 316.6 317 316.9 316.8 317.1 318.3 319.5 320.7 321.5 321.2 321.1 321.4 321.8 322.1 322.5 321.6 320.2 318.8 317.8 314.8 311.7 309.1 306.8 303.7 299.8 295.9 292 289.9 286.7 283.2 279.9 276.6 273.8 271.4 270.8 268.1 264.1 261
380.9 373.1 365.8 358.5 351.4 350.1 349.3 351.2 352.7 350.9 348.9 347.3 346.3 344.6 339.7 334 329.4 325.7 322.3 319 316.2 313.4 312.6 311.8 311.4 311.7 312.7 313.1 312.1 311.1 310.1 309.4 310.2 311.1 312 312.6 313 313.4 313.8 314.1 314 313.8 313.7 313.6 314 315.2 316.4 317.6 318 317.7 317 316.4 316.3 316.5 316.7 315.9 315 314 311.1 309.1 307.4 305.5 303.2 301 297.5 293.3 290.2 288.9 286.4 283.1 279.8 276.5 273.4 271.6 270 267.5 264.5 261.9
379.4 372.6 365.3 358 351.9 349.5 349.3 349.6 350.4 350.8 349.6 348.6 349 347.8 342.1 336.4 331.4 327.8 324.4 320.9 317.1 311.9 310.5 310.3 310.3 310.4 311.2 311.8 310.7 309.7 308.8 308 308.4 309 309.9 310.6 310.9 311.3 311.1 311 310.8 310.6 310.7 310.4 310.9 312.1 313.3 314.3 314.4 314.1 313.3 312.7 312 311.4 311.6 311.2 310.3 307.8 306.1 304.5 303.7 302.8 300.7 298.1 295.4 292.9 290.4 288.7 286.3 283 279.7 276.4 273.1 271.1 268.7 266.3 263.5 261.2
376.5 369.6 363.2 356.8 352.1 348.6 348.9 349.1 349.5 350.6 350.9 351 351 349.7 343.9 339.9 335.9 331.8 328 324.3 320.6 315.8 309.2 309.1 309.2 309.3 309.7 310.2 309.4 308.4 307.6 306.8 306.8 307.4 307.9 308.5 308.3 308.1 307.9 307.7 307.5 307.6 307.5 307.2 307.8 309 310.2 311 310.9 310.3 309.5 308.9 308.3 307.7 307.1 306.5 305.4 304.6 303.7 302.9 302.1 301.3 299.3 296.7 294.5 292.7 290.9 289.1 287 283.7 280.3 276.9 273.8 270.5 267.5 265 262.7 260.5
372.8 367 360.6 352.5 348.9 346.4 345.8 345.1 344.5 346.3 351 351 351.2 352.8 349.7 346.4 343.8 339 333.5 327.7 324 319.5 310.7 308.3 308.6 308.7 308.5 308.6 308 307.2 306.4 305.6 305.2 305.8 306.3 305.4 305 304.9 304.7 304.5 304.5 304.6 304.3 304.1 304.7 305.9 307 307.7 307.4 306.5 305.8 305.2 304.6 303.9 303.3 303.3 303.3 302.9 302.2 301.4 300.6 299.7 298 295.5 293.7 292 290.8 289.6 287.7 284.4 281 277.9 274.9 271.4 268.4 265.3 262.5 259.8
370.5 364.1 355.9 349 345 343 342.2 341.6 341.8 341 344.4 350.5 353.9 356.6 357.3 354.7 350.1 345.7 341.9 335.7 329.3 323.5 316.4 311.5 309.5 309.3 309.2 308.7 306.6 306 305.2 304.4 303.6 304.1 304.2 302.6 301.8 301.6 301.4 301.4 301.6 301.4 301.2 300.9 301.7 302.8 303.7 304.1 303.7 302.7 302 301.4 300.8 300.2 300 300.1 300.3 300.2 299.8 299.5 299 298.2 296.6 294.7 293.5 292.3 291 289.8 288.3 285.1 282 279.1 276 272.5 269.2 266.2 263.4 260.4
365.2 358.8 351.2 345.6 341.5 339.5 338.7 339.1 339.1 338.2 340.1 348.4 357.2 358.9 362.6 361.4 355.9 352.5 348.8 342.8 335.3 331.7 323.5 316.9 312.9 311.7 311.2 308.3 305.5 303.7 303.8 303.2 302.4 302.5 301.5 299.8 298.6 298.4 298.3 298.5 298.5 298.3 298 297.7 298.6 299.7 300.3 300.6 299.9 299 298.3 297.7 297.1 296.7 296.8 297 297.2 297.4 297.1 296.8 296.4 296 295.6 294.3 293 291.7 290.4 289.1 287.7 285.7 283 280.2 277.1 273.6 270 267.1 264 261
