data/240000-920000.asc
ncols 200
nrows 200
xllcorner 240000
yllcorner 920000
cellsize 50
[rows 140 to 174 of 200, columns 0 to 77 of 200]
90.2 90.2 90.2 90.2 90.2 90.2 90.2 90.2 90.2 90.2 90.2 90.2 90.2 90.2 90.2 90.2 90.2 90.2 90.2 90.2 90.2 90.2 90.2 90.2 90.2 90.2 90.2 90.2 90.2 90.2 90.2 90.2 90.2 90.2 90.2 94.3 99 103.2 108.1 112.1 116.1 119.7 120 120 120.7 122.9 125.3 128.7 131.3 132.7 131.8 130.4 129.8 129.2 128.4 126.9 127.7 128.2 128.7 129.2 129.4 130.6 133.8 137.2 140.6 144 146.2 148.1 150.4 156.1 161.6 167.6 173.7 177 178.6 183 186.8 191.6
95.8 91.6 90.2 90.2 90.2 90.2 90.2 90.2 90.2 90.2 90.2 90.2 90.2 90.2 90.2 90.2 90.2 90.2 90.2 90.2 90.2 90.2 90.2 90.2 90.2 90.2 90.2 90.2 90.2 90.2 90.2 90.2 90.2 90.2 90.2 90.2 92.7 98 103.5 107.7 111.7 114.8 118 118.6 118.2 118.5 122 125.5 126.1 127.1 128.2 129.7 128.9 128.2 127.1 125.6 124.5 125.1 125.4 125.9 126.5 128.1 131.5 134.9 138.4 141.8 142.7 144.3 147.2 151.6 156.8 162.9 168.5 172 175.4 179.1 182.9 187.9
104.5 102.2 104 104 100.7 90.6 90.2 90.2 90.2 90.2 90.2 90.2 90.2 90.2 90.2 90.2 90.2 90.2 90.2 90.2 90.2 90.2 90.2 90.2 90.2 90.2 90.2 90.2 90.2 90.2 90.2 90.2 90.2 90.2 90.2 90.2 90.2 93.3 98.2 103.2 106 109.5 113 115.5 116.3 117.1 119.2 120.6 121 121.5 124.7 126.5 127.7 126.5 125.2 123.3 121.9 122.6 122.9 123.5 124.1 125.8 129.2 132.6 136.1 139.5 140.3 140.7 142.6 147.1 152.1 158.2 162.9 166.1 169.7 174.1 179.2 184.1
110.5 110.1 113.4 114.8 109.8 102.9 90.2 90.2 90.2 90.2 90.2 90.2 90.2 90.2 90.2 90.2 90.2 90.2 90.2 90.2 90.2 90.2 90.2 90.2 90.2 90.2 90.2 90.2 90.2 90.2 90.2 90.2 90.2 90.2 90.2 90.2 90.2 90.2 93.4 97.9 101.2 104.7 108.3 111.5 112.7 113.8 115.5 117.3 117.8 119.3 121.2 122.6 124 124 122.9 121.6 120.8 120.7 121.5 121.1 121.9 123.5 126.9 130.3 133.8 137.2 138 138.3 139 142.5 147.4 152.8 157.2 160.6 162.5 165 173.3 179.1
116.2 117.6 118.6 119.5 114.8 106.6 95.3 90.7 90.2 90.2 90.2 90.2 90.2 90.2 90.2 90.2 90.2 90.2 90.2 90.2 90.2 90.2 90.2 90.2 90.2 90.2 90.2 90.2 90.2 90.2 90.2 90.2 90.2 90.2 90.2 90.2 90.2 90.2 90.2 93.8 96.9 100.3 103.7 107.1 108 108.9 111.2 113.7 115.3 116.9 118 119.4 121 120.5 120.4 120.1 119.9 119.4 123.7 124.3 120.4 121.4 124.6 128 131.5 134.9 135.6 136.1 137.3 139.2 142.7 147.2 151.4 153.6 156.5 159.3 166.5 173.5
120.1 118.2 119 119.6 115.1 110.7 107.3 100.5 90.2 90.2 90.2 90.2 90.2 90.2 90.2 90.2 90.2 90.2 90.2 90.2 90.2 90.2 90.2 90.2 90.2 90.2 90.2 90.2 90.2 90.2 90.2 90.2 90.2 90.2 90.2 90.2 90.2 90.2 90.2 90.2 92.7 95.5 98.2 99.6 103.6 105.9 108 111.1 113 113.8 114.8 116.2 117.5 118.4 118.1 118.8 119.3 119.5 119.3 121.9 120.4 120.7 123.5 125.7 129.2 132.6 133.2 134.3 135.5 137.4 139.8 143.1 147.2 150.1 152.9 156.8 160.7 166.8
120.8 118.3 118.6 116.5 110.9 110.2 108.6 101.6 94.5 90.2 90.2 90.2 90.2 90.2 90.2 90.2 90.2 90.2 90.2 90.2 90.2 90.2 90.2 90.2 90.2 90.2 90.2 90.2 90.2 90.2 90.2 90.2 90.2 90.2 90.2 90.2 90.2 90.2 90.2 90.2 90.2 91.5 90.8 94.8 100.9 102.4 104.3 108.5 110.4 111.1 111.8 113.7 115 116.4 116.5 117.5 118 118.6 118.9 118.9 119.1 119.5 121.6 124.6 127.5 130.3 131.3 132.3 133.9 135.7 138.1 140.7 143.4 146.4 150.1 154.6 157.5 160.4
120.8 118.6 115.3 112.2 110.1 109.5 106 100 94.3 90.2 90.2 90.2 90.2 90.2 90.2 90.2 90.2 90.2 90.2 90.2 90.2 90.2 90.2 90.2 90.2 90.2 90.2 90.2 90.2 90.2 90.2 90.2 90.2 90.2 90.2 90.2 90.2 90.2 90.2 90.2 90.2 90.2 90.2 91.9 96.2 99.6 101.3 107.3 108.8 108.5 110.3 112.3 113.3 114.2 115.3 116.2 116.8 118.1 118.1 117.7 117.5 118 119.5 121.7 124.7 127.1 129.2 130.5 132.3 134 136.5 139.1 140.7 143.4 147.8 151.4 154.3 156.9
122 119.3 116.9 113 111.9 110.5 104.6 100.8 95.9 90.2 90.2 90.2 90.2 90.2 90.2 90.2 90.2 90.2 90.2 90.2 90.2 90.2 90.2 90.2 90.2 90.2 90.2 90.2 90.2 90.2 90.2 90.2 90.2 90.2 90.2 90.2 90.2 90.2 90.2 90.2 90.2 90.2 90.2 90.3 93.5 95.6 99.7 106.5 108.4 108.5 110.1 111.6 113.4 113.8 114.5 115.4 116.7 117.3 117.4 117 116.7 116.6 117.6 119 121.8 123.8 126.1 128.1 129.8 131.7 133.8 136.7 139.8 142.8 145.7 147.9 150.4 153.1
127.6 124.7 121 116.4 114.2 111.5 107.2 104.1 99.7 95.3 90.9 90.2 90.2 90.2 90.2 90.2 90.2 90.2 90.2 90.2 90.2 90.2 90.2 90.2 90.2 90.2 90.2 90.2 90.2 90.2 90.2 90.2 90.2 90.2 90.2 90.2 90.2 90.2 90.2 90.2 90.2 90.2 90.2 90.2 90.2 93.4 98.1 104.3 108.4 108.8 109.8 112.1 113.6 113.7 114.2 114.7 115.7 116.3 116.7 116.5 116.3 116 116.8 117.5 118.4 120.4 123.8 125.6 127.5 129.4 131.4 133.9 137 140.6 143.5 145.4 147.6 150.3
132 130.1 125.1 119.2 116.1 113.2 110.2 108.3 102 99.2 95.4 91.7 90.9 90.2 90.2 90.2 90.2 90.2 90.2 90.2 90.2 90.2 90.2 90.2 90.2 90.2 90.2 90.2 90.2 90.2 90.2 90.2 90.2 90.2 90.2 90.2 90.2 90.2 90.2 90.2 90.2 90.2 90.2 90.2 90.2 91.7 96.2 101.4 107.4 108.8 111.5 114.4 116 116.2 115.1 115.5 113.5 113 114.2 115.2 115.6 115.5 115.8 115.9 116.4 119.4 121.4 123.4 125.3 127.2 129.1 131 134.1 137.8 141.3 142.9 145.6 148.8
135.7 132.7 128.4 122.4 119 117.2 114.8 110.5 105.2 101.7 100 99.3 98.6 95.1 93 90.2 90.2 90.2 90.2 90.2 90.2 90.2 90.2 90.2 90.2 90.2 90.2 90.2 90.2 90.2 90.2 90.2 90.2 90.2 90.2 90.2 90.2 90.2 90.2 90.2 90.2 90.2 90.2 90.2 90.2 90.2 93 99.2 105.6 110.7 113.1 116.6 119.8 119.3 118.2 116.5 113.7 112.2 114 114.3 114.3 114.4 114.6 114.2 114.7 115.9 118.2 120.4 122.5 124.6 126.7 128.8 131.3 134.9 138.4 140.4 144.2 147.4
138.8 135.8 132.6 127.4 122.5 119.7 119.7 116.6 111.8 107.1 106.8 106.3 104.5 103.6 102 99.4 94.5 93.4 90.2 90.2 90.2 90.2 90.2 90.2 90.2 90.2 90.2 90.2 90.2 90.2 90.2 90.2 90.2 90.2 90.2 90.2 90.2 90.2 90.2 90.2 90.2 90.2 90.2 90.2 90.2 90.2 90.2 94.3 101.7 108 113.1 116.2 120.5 120.2 120 119.5 117.4 115.2 113.4 113 113 113.1 113.1 112.5 111.2 112.8 115.1 117.2 119.4 121.5 123.9 126.4 128.4 131.5 134.2 137.1 140 143.8
144.6 141.5 138.3 132.9 128.1 123.6 122.3 122.7 118 113.7 113.7 112 110.2 108.5 109 108.8 106.3 101.5 100.6 99.9 97.1 92.6 92.3 90.2 90.2 90.2 90.2 90.2 90.2 90.2 90.2 90.2 90.2 90.2 90.2 90.2 90.2 90.2 90.2 90.2 90.2 90.2 90.2 90.2 90.2 90.2 90.2 90.2 96 104.8 110.4 115.7 118.4 120.7 120.1 119.1 117.9 115.8 114.1 112.3 111.7 111.8 111.5 110.1 108 109.7 112.2 114.6 117.1 119.6 122 124.5 126.3 128.1 130.9 133.8 136.8 140
150.8 147.3 144 138.6 134.7 131.6 128.7 126.4 121.9 120.3 119.2 117.5 115.7 113.6 111.8 110.8 110.3 110 106.7 106 104.2 98.9 99 98.1 95.1 92.8 91 90.2 90.2 90.2 90.2 90.2 90.2 90.2 90.2 90.2 90.2 90.2 90.2 90.2 90.2 90.2 90.2 90.2 90.2 90.2 90.2 90.2 90.2 94.8 101.8 109.1 116.3 118.7 120.4 119.5 118.4 116.8 115.1 113.2 111.1 110.4 109.5 107.4 105.3 106.8 109.7 112.2 114.8 117.3 119.8 122.3 123.9 125.9 128.8 131.8 135.2 138.4
156.5 152.8 149.1 145.1 140.6 137.1 133.9 130.1 127.7 127.2 124.7 123 121.1 118.6 117.4 115.2 112.5 111.5 112.6 111.5 109.5 107.6 105.7 107.3 103 99.7 96.1 92.9 90.2 90.2 90.2 90.2 90.2 90.2 90.2 90.2 90.2 90.2 90.2 90.2 90.2 90.2 90.2 90.2 90.2 90.2 90.2 90.2 90.2 90.2 92.6 101.1 111.3 115.5 120.3 119.9 119.5 118 116.1 114.2 112.1 109.9 107.7 105.9 104 103.2 106.4 109.7 112.3 114.9 117.3 119.6 121.5 123.8 126.8 130.4 134 137
160.3 156.6 152.8 150 146.8 142.7 139.9 136.4 134.6 134.1 130.4 128.4 125.5 123.6 122.4 119.8 117.1 116.6 117.4 115.9 114.6 112.8 111.6 112.4 109.2 106.1 105.3 103.2 101.4 90.9 90.2 90.2 90.2 90.2 90.2 90.2 90.2 90.2 90.2 90.2 90.2 90.2 90.2 90.2 90.2 90.2 90.2 90.2 90.2 90.2 90.2 90.2 98.9 111.9 119.8 120.5 121 117.7 116.3 114.2 112.2 110.3 107.4 105.4 103.3 100.6 102 106.4 110 112.4 114.6 116.9 119.1 122.1 125.6 129.2 132.8 135.7
166.3 161.8 157.1 154.2 150.2 148.4 146.8 143.3 141.9 139.5 136.2 133.1 129.9 128.6 124.8 122.8 121.9 121.7 122.5 120.4 118.3 117 116.7 117.3 113.6 111.2 109 110 107.2 99.1 90.2 90.2 90.2 90.2 90.2 90.2 90.2 90.2 90.2 90.2 90.2 90.2 90.2 90.2 90.2 90.2 90.2 90.2 90.2 90.2 90.2 90.2 90.2 97.6 109.4 124.3 119.8 116.4 115.3 114.3 113.1 110.1 107.2 104.9 102.7 100 98.2 102.8 107.1 108.7 110.9 113 115.7 120.5 124.4 128 131.6 134.3
172.8 169.6 161.3 159.5 157.1 154.2 153.1 150.3 148.2 143.9 139.8 137 134.5 132 129.8 128.1 126.8 126.8 127.5 124.9 122.4 120.9 121.3 121.1 117.6 114.9 112.1 109.8 108.4 100.1 92.8 90.2 90.2 90.2 90.2 90.2 90.2 90.2 90.2 90.2 90.2 90.2 90.2 90.2 90.2 90.2 90.2 90.2 90.2 90.2 90.2 90.2 90.2 90.2 95 107.8 108.5 111.8 111.7 110.8 111.1 108.6 106.3 104.4 102.5 100.1 95.6 99.4 103.4 106.9 107.9 109 112.6 117.8 122.5 126.7 130.4 133
179.1 172.2 169.8 168.1 165 160.7 158.9 157 153 149 145.2 143.9 140.7 137.5 134.6 132.8 131.5 132 131.7 129.4 126.8 124.5 124.4 122.1 120.2 118.2 115.7 113.4 110.1 104.7 98.9 93.1 90.2 90.2 90.2 90.2 90.2 90.2 90.2 90.2 90.2 90.2 90.2 90.2 90.2 90.2 90.2 90.2 90.2 90.2 90.2 90.2 90.2 90.2 90.2 90.2 95.2 98.4 102.5 105.8 103.9 106.7 105 102.8 100.8 98.3 94.6 96 99.7 103.7 107.2 108.9 110.6 116.9 120.9 123.7 127.7 131.9
181.8 175.4 174 171.1 169.8 166.4 164.3 161 158.7 155.2 152 150.6 146.8 143.3 140.2 137.5 136.4 137.4 135.9 133.8 131.4 129.2 126.7 124.7 122.8 120.8 119.3 117.3 114.7 109.4 103.6 98.4 94.3 90.2 90.2 90.2 90.2 90.2 90.2 90.2 90.2 90.2 90.2 90.2 90.2 90.2 90.2 90.2 90.2 90.2 90.2 90.2 90.2 90.2 90.2 90.2 90.2 90.2 90.6 93.5 95.1 98.4 100.4 100.4 97.6 95.2 93 92.5 96.2 100.7 106.6 109 110.7 117.2 118.3 120.4 123.3 128.1
186 181.9 181.6 178.2 173.2 170.9 169.2 165.4 161.7 159.7 159.1 156.7 153.1 149.5 146 143.1 143.1 142.4 140.5 138.2 135.3 132.4 129.9 127.4 125.5 123.5 124.5 122.3 119 114 108.2 103.5 99.2 90.2 90.2 90.2 90.2 90.2 90.2 90.2 90.2 90.2 90.2 90.2 90.2 90.2 90.2 90.2 90.2 90.2 90.2 90.2 90.2 90.2 90.2 90.2 90.2 90.2 90.2 90.2 90.2 90.4 93.6 95.1 94.5 92.1 90.4 90.2 94.3 98.7 103.6 109.6 111.2 112.7 114.7 115.7 119.8 122.4
192 189.4 190.4 181 179 177.6 175.1 168.6 165.7 165 165.5 162.5 159 155.5 152 148.7 147.7 147.2 145.5 141.8 138.4 135.7 133.2 130.6 128.2 127 128.9 127.4 123.3 118.3 112.9 108.6 104.2 98.3 91.2 90.2 90.2 90.2 90.2 90.2 90.2 90.2 90.2 90.2 90.2 90.2 90.2 90.2 90.2 90.2 90.2 90.2 90.2 90.2 90.2 90.2 90.2 90.2 90.2 90.2 90.2 90.2 90.2 90.2 90.2 90.4 90.2 90.2 90.4 93.8 100.1 105.9 110.1 110.8 111 111.8 115.3 121
197.7 194.5 190.6 187.9 185.8 184.2 180.3 174.5 171.3 171.5 172 168.1 164.6 161.1 156.8 153.8 152.7 150.5 148.2 144.5 142.3 139 136.4 133.9 131.3 130.1 130.6 130.8 127.9 122.9 117.4 112.8 108.1 103.5 95.2 90.2 90.2 90.2 90.2 90.2 90.2 90.2 90.2 90.2 90.2 90.2 90.2 90.2 90.2 90.2 90.2 90.2 90.2 90.2 90.2 90.2 90.2 90.2 90.2 90.2 90.2 90.2 90.2 90.2 90.2 90.2 90.2 90.2 90.2 90.2 92.4 94.9 99.4 107.7 107.8 109.2 110.5 112.6
203.1 199.8 196.8 195.2 191.5 187.9 183.7 181.9 179.7 178.5 178.6 174.7 169.9 165.6 161.3 158.8 157.7 154 151 149.4 147 143.4 139.5 137 134.8 133.6 131.7 130.8 130.1 126.7 121 116.1 111.4 106.7 100.5 97.1 90.2 90.2 90.2 90.2 90.2 90.2 90.2 90.2 90.2 90.2 90.2 90.2 90.2 90.2 90.2 90.2 90.2 90.2 90.2 90.2 90.2 90.2 90.2 90.2 90.2 90.2 90.2 90.2 90.2 90.2 90.2 90.2 90.2 90.2 90.2 90.2 90.2 91.3 100.4 105.3 106.8 108.2
207.8 204.9 201 199.2 195.6 191.6 189.6 188.1 186.8 181.8 180.6 179.4 173.5 170 165.8 164 161.2 157.6 155.8 154.1 151.4 148.2 144 140.6 138.4 137 133.7 130.4 128.7 126.3 122.9 119.3 113.6 109.3 106.1 101.7 98.3 90.2 90.2 90.2 90.2 90.2 90.2 90.2 90.2 90.2 90.2 90.2 90.2 90.2 90.2 90.2 90.2 90.2 90.2 90.2 90.2 90.2 90.2 90.2 90.2 90.2 90.2 90.2 90.2 90.2 90.2 90.2 90.2 90.2 90.2 90.2 90.2 90.2 90.2 91 102.3 103.6
212.4 209 204.7 202.8 200.7 196.4 194 192.1 188.4 185 182.9 180.5 178.4 175.2 170.5 168.4 165.4 162.9 160.4 157.9 155.4 152.5 148.5 145.4 142.5 139.4 135.4 132 128.9 126 123.8 121.5 118.2 114.6 110 107.6 103.8 101.1 97.3 90.7 90.2 90.2 90.2 90.2 90.2 90.2 90.2 90.2 90.2 90.2 90.2 90.2 90.2 90.2 90.2 90.2 90.2 90.2 90.2 90.2 90.2 90.2 90.2 90.2 90.2 90.2 90.2 90.2 90.2 90.2 90.2 90.2 90.2 90.2 90.2 90.2 90.2 97.3
215.7 212 208.7 206.1 204.6 202.2 199.5 197 194.5 189.7 188.8 187.5 184.1 180.8 179 175.5 171.5 167.9 164.3 161.7 159.2 156.7 153.1 150.2 146.9 143 138.1 134.7 132.7 130.1 127.5 125.1 121.3 117.6 113.9 110.9 108.8 106.2 103.5 99.1 94.1 90.4 90.2 90.2 90.2 90.2 90.2 90.2 90.2 90.2 90.2 90.2 90.2 90.2 90.2 90.2 90.2 90.2 90.2 90.2 90.2 90.2 90.2 90.2 90.2 90.2 90.2 90.2 90.2 90.2 90.2 90.2 90.2 90.2 90.2 90.2 90.2 90.2
221.1 216.9 213 212.7 210.4 208 205.3 203.7 202.5 198.2 196.1 194 190.8 188 186 179.4 175.4 171.8 168.2 165.6 163.1 160.6 157.7 154.2 150.8 147.4 143.2 139.4 137.3 134.5 131.7 129 124 120.4 117.5 115 113.7 111.3 108.1 104.4 101.2 97.5 94.2 90.2 90.2 90.2 90.2 90.2 90.2 90.2 90.2 90.2 90.2 90.2 90.2 90.2 90.2 90.2 90.2 90.2 90.2 90.2 90.2 90.2 90.2 90.2 90.2 90.2 90.2 90.2 90.2 90.2 90.2 90.2 90.2 90.2 90.2 90.2
226.5 222.6 220.9 217.5 215.9 213.7 211.4 209.4 207.7 206 203.4 200.7 197.9 195.3 190.7 185.3 180.8 176.8 172.6 169.8 167.9 165.8 161.5 158.1 154.6 151.6 148 144.2 141.7 138.9 136.3 134.6 129.8 125.5 121.8 118.9 117.6 116.4 113 109.5 106.3 103.3 102.8 98.7 92.2 90.2 90.2 90.2 90.2 90.2 90.2 90.2 90.2 90.2 90.2 90.2 90.2 90.2 90.2 90.2 90.2 90.2 90.2 90.2 90.2 90.2 90.2 90.2 90.2 90.2 90.2 90.2 90.2 90.2 90.2 90.2 90.2 90.2
232.1 228.9 225.5 222.8 220.3 220.5 219 216.4 214.3 212.3 210.1 206.6 204.5 201.1 196.2 191.8 186.5 183 179.4 175 172.4 169.7 165.3 162.2 159.9 155.6 151.3 148.7 146.3 143.8 141.2 140.5 134.5 131.3 127.8 123.3 123.3 121.6 118.1 114.7 111.9 111.5 111.6 107.1 101.4 95.8 90.2 90.2 90.2 90.2 90.2 90.2 90.2 90.2 90.2 90.2 90.2 90.2 90.2 90.2 90.2 90.2 90.2 90.2 90.2 90.2 90.2 90.2 90.2 90.2 90.2 90.2 90.2 90.2 90.2 90.2 90.2 90.2
241 237.5 233.4 229.3 227.3 228.5 226 223.3 221 218.8 216.4 212.6 208.5 205.8 201.1 196.8 192.4 188.7 185.5 181.4 177.3 173 169.1 167.6 164 159.6 156.2 153.7 151.2 148.9 145.8 142.4 140.6 137.4 134.3 131.5 129.8 127.7 124.9 122.4 119.9 117.6 115.4 111.7 109.1 104.6 101 94.1 90.2 90.2 90.2 90.2 90.2 90.2 90.2 90.2 90.2 90.2 90.2 90.2 90.2 90.2 90.2 90.2 90.2 90.2 90.2 90.2 90.2 90.2 90.2 90.2 90.2 90.2 90.2 90.2 90.2 90.2
248.6 245.5 241.2 237.3 234.5 234.6 232.3 229.9 227.5 225.1 222.6 219.1 215.3 211.4 206.7 202.7 197.2 193.6 195.2 191 183.9 177.5 175.6 173.3 169.1 165.9 163.5 159.8 156.8 153.7 151.3 149.5 147.4 144.2 141 138.6 136.6 134.1 132.7 130.2 127.6 124.7 119.8 116.1 113.2 110.7 106.6 101.1 95.7 91 90.2 90.2 90.2 90.2 90.2 90.2 90.2 90.2 90.2 90.2 90.2 90.2 90.2 90.2 90.2 90.2 90.2 90.2 90.2 90.2 90.2 90.2 90.2 90.2 90.2 90.2 90.2 90.2
255.6 252.5 248.9 246.1 243.4 240.7 238.2 235.6 233.1 230.7 227.4 222.8 218.8 215.2 211.1 206.6 201.8 199.5 200.8 196.6 190 183.9 180.5 178 173.9 170.2 168.7 165 162.5 160.1 157.7 155.9 154 150.9 147.8 145.7 143.1 140.4 138.8 137.4 134.8 131 126 120.6 118 115.5 112.1 106.7 101.6 96.6 93.3 90.3 90.2 90.2 90.2 90.2 90.2 90.2 90.2 90.2 90.2 90.2 90.2 90.2 90.2 90.2 90.2 90.2 90.2 90.2 90.2 90.2 90.2 90.2 90.2 90.2 90.2 90.2
262.7 259.3 255.9 252.4 249.6 246.8 243.8 241.3 238.8 236.3 231.4 226.7 222.1 218 214.7 211.5 206.6 204.5 202.2 198.7 192.5 188.9 184.8 181.9 177.7 176.7 173.9 168.5 167.4 166.5 164.1 162.3 160.4 157.7 154.5 152.2 149.5 146.9 145 144.7 141.1 137.2 132.4 127.3 123.1 120.5 117 112.3 107.3 102.4 99.8 96.3 91 90.2 90.2 90.2 90.2 90.2 90.2 90.2 90.2 90.2 90.2 90.2 90.2 90.2 90.2 90.2 90.2 90.2 90.2 90.2 90.2 90.2 90.2 90.2 90.2 90.2
