data/240000-660000.asc
ncols 200
nrows 200
xllcorner 240000
yllcorner 660000
cellsize 50
[rows 160 to 199 of 200, columns 90 to 179 of 200]
55.4 56.8 59.1 60.4 57 55.8 56.5 56.9 58.3 59 59.9 60.3 60.2 62.7 64.6 63.7 61.4 57.9 59 64.4 69.3 71.5 71.7 71 69.2 65.8 61.4 56 50.7 45.8 40.1 39.8 39.4 36.3 38.3 35.2 36.9 38.9 40.9 43.8 46 51.3 57.1 60.3 56.1 52.4 50.3 46.4 43.2 40.6 37.5 36.9 37 35.5 34.5 33.9 34.3 33.2 33.8 33.5 33.4 34.2 35.1 35.7 38 38.5 37.9 38.8 43.5 47.6 48.3 46.3 42.6 39.3 38 39 41.5 39.8 39.3 40.9 45.3 48.8 50.5 51 51.2 51.3 51.3 48.8 45.8 44.6
57.7 55.1 57.9 59.4 58.1 58.2 58.9 59.1 59.4 59.2 60 59.3 60.8 61 61.7 60.3 59.3 57.7 64 68.5 71.7 72.4 72.8 72 69.5 65.2 60.2 54.3 48.8 45.5 41.9 40.2 39.7 39 37.8 38.1 38 38.6 39.6 42.1 47.4 53.3 57.6 59.6 59.8 56.9 51.9 46.9 44.1 43.4 40.3 39.6 39.5 38.8 38.1 37.8 37.5 36.8 35.3 34.1 34 34.4 34.7 35.7 37.3 38.7 38.2 38.4 39 43.6 45.9 45.3 41.9 38.5 37.7 39.3 41.2 39.6 40.5 42.8 47.8 50 51.8 52.3 53.2 52.4 50.7 48.9 45.9 42.4
59.6 54.4 56.1 62.7 60.5 60.4 60.7 60 59.5 59.4 61.5 63.8 64.4 62.7 59.7 58.7 58.1 60.1 67.1 70.7 72.9 73.3 73.3 72.1 68.6 64.7 58.9 53.1 48.2 49.1 47.8 44 40.9 40 40.4 42.1 41.2 41.6 42.6 44.3 48.4 50.7 55 56 55.9 50.7 50.7 48.8 45.5 43.8 42.7 41.3 40.2 39.9 40 39.8 39.6 39.6 38.9 35.7 34.9 35 35.4 37.1 38.1 38.6 38.5 38.5 40 42.1 45.1 44.2 43.4 41.9 41.4 42.5 42.6 41.7 42.3 43.6 48 50.6 52.3 52.6 52.3 50.6 48.3 45.6 41.6 38.8
59.9 58.5 62.2 64.4 63.8 64 63.6 60.9 60.1 64.6 69.3 71.8 71.7 69.3 64.4 60.3 58.7 65.5 71 73.3 73.9 74.1 73.3 70.9 67.3 63.3 57.7 52.4 49.2 50.8 51.1 49.9 48.7 47 47.3 46.7 44.7 44.5 48.2 50.7 50.7 50.7 50.7 50.7 50.7 50.7 50.7 50.7 51.4 45.8 42.3 40.7 39.9 39.5 39.3 39.5 39.5 39.4 39.3 39.5 37.8 38 38.5 39.4 40.3 39.8 40 41.1 44.2 46.2 47 47.3 49.9 51.6 51.3 49.2 45.3 43.6 44.4 46.6 47.9 49.2 50.5 50 49.3 47.6 44.1 40.5 37.6 34.6
57.6 58.9 63 63.8 65 65.5 63.8 64.4 65.9 70.2 73.1 73.6 73.5 70 65.8 61.3 63.3 72.5 75.2 76.3 76.3 75.1 73.2 71.2 67 62.2 56.4 49.5 51.3 51.9 52.1 51 49.9 48.9 50.6 51.2 50 50.7 50.7 50.7 50.7 50.7 50.7 50.7 50.7 50.7 50.7 50.7 50.7 44.4 41.8 40.9 40.4 40.1 40 39.9 39.4 39.7 39.9 40.3 39.8 39 39.3 41.1 42.5 45.1 46.6 48.5 50.3 51.7 51.7 51.3 54.1 56.5 57.8 57 53.8 50.8 47.9 48.9 49.1 49.2 47.6 45.4 44.8 42.2 38.2 35.3 33.6 30.5
58.9 58.4 60.4 62.6 63.3 63.3 64.3 69.6 72.6 74.3 75.3 75.2 73.1 69.3 64.7 61.7 68.6 75.4 77.3 77.7 77 75.2 72.5 69 64 58.2 55.6 51 53 53.7 54.1 52.8 51.7 51.5 52.5 50.7 50.7 50.7 50.7 50.7 50.7 50.7 50.7 50.7 50.7 50.7 50.7 50.7 50.9 41.5 41.5 40.9 40.9 40.7 40.2 39.8 39.7 41 41.2 41.6 41.4 40.7 40.3 40.9 41.7 43.8 46.6 49.7 52.4 55.1 55.5 55.5 55.9 56.7 58.5 58.7 57.4 53.6 50.1 47.8 47.5 45.6 43.7 41.3 39.5 36.4 32.3 31.1 29.5 28.9
61.3 61.5 60.6 61.1 62 63.8 67 70.9 73.6 75.1 75.8 75.2 72 67.6 64.5 65.8 72.7 75.6 77.2 77.6 75 73.4 69.2 63.7 58.4 56.8 55.5 53.6 54.2 55 55.3 54.7 54.5 54.5 53.7 50.7 50.7 50.7 50.7 50.7 50.7 50.7 50.7 50.7 50.7 50.7 50.7 50.7 46.9 43 41.3 41 41.1 41.3 40.1 40 40.1 42.6 43.5 44.8 44.7 43.9 43.6 41.1 41.2 42.3 43.1 45.9 48.7 52 55.9 57 57.2 57 57.7 57.1 54.8 51.4 49.5 46.6 44.1 42.9 40 37.2 34.4 32.2 32.2 31.5 30.3 30
64.6 62.5 61.8 60.5 62.1 65.2 69.5 72.4 74.8 75.8 75.7 75 71.5 66.2 63.9 66.1 73.9 76.1 76.8 76 73.6 69.5 63.9 58.8 56.8 56.8 56.4 54.9 55.2 56 56.6 56.6 56.3 55.8 53.9 51.2 50.7 50.7 50.7 50.7 50.7 50.7 50.7 50.7 50.7 50.7 50.7 51.8 48.2 45.7 43.1 41.5 41.4 41.2 41 40.8 40.7 43.6 44.7 45.9 46.5 46.4 45 42.1 41.3 41.4 41.8 42.4 44.6 47.8 51.3 54.8 56.3 57.2 56 54.1 50 48.2 46.2 45.3 43.6 38 35 34.3 33 32.1 33 33.8 34.9 35
66.3 64.6 61.9 62.5 62.7 65.6 70 73.3 75.2 76.3 75.6 74.3 71.2 67.2 64.1 65 72.8 75 76.1 74.5 72 66.5 60 58.2 56.8 56.8 57.2 56.3 56.2 56.6 57.8 58.2 58 58 55 53.8 50.7 50.7 50.7 50.7 50.7 50.7 50.7 50.7 50.7 50.7 50.7 52 50 47.7 44.7 42.5 41.9 41.6 41.7 42.4 44.7 46.1 47.4 47.2 47.8 46.1 45.4 42.7 42 42 42 42.5 44 46.5 48 51.9 54.1 54.7 54 50.4 47.4 45.4 43.5 43.2 42.7 40.3 36.7 35.7 36.1 34 32.9 39.2 42.7 41.3
65.9 62.4 61.8 63.4 65.1 67 70.5 73.8 75.8 76.5 76 74.4 71 67.1 64.3 64 70.1 73.4 74.4 72.5 70 65 61 60.7 59.8 58.1 57.8 57.3 57.6 58.1 59.5 60.3 59 57.6 56.7 56.9 54.4 51.1 50.7 51.2 50.7 50.7 50.7 52 52.3 50.7 52.8 52.5 49.8 47.3 45.9 43.9 42.7 42.4 44.9 47.5 50.6 52.5 51.9 51.2 51.3 48.8 46.9 45 42.7 42.6 43.1 43.2 45.3 46.9 48.5 49.2 51 51.2 49.7 46.4 44.6 43.3 41.9 41.5 40.7 38.7 38.2 35.8 35.4 33.7 36.5 38.7 45.6 48.8
65.5 64.2 64.1 64.8 68.9 71.1 72.7 74.6 76 75.9 74.9 73 70.3 67.3 64.4 64.3 67.7 70.5 71.9 71.3 68.4 64 61.8 61 61.8 60.2 58.5 59 59.9 60.8 61.4 61.3 60.6 59.9 58.4 57.8 57.6 58.1 56.8 55.5 59.2 59.2 59.1 59.2 59.7 58.7 56.4 52.7 49.9 47.9 46.8 45.5 44.2 45.1 50 54.2 57.4 58.6 58 57.4 56.4 53.6 50.4 47 44.4 43.8 43.8 43.2 45 47.1 48 47.6 48 47.6 46 43.5 44.1 43.3 40.4 40.3 40.4 40.9 39.4 39.7 35.9 41.1 44.5 44.6 43.7 47.6
65.2 66.3 65.4 66 68.4 71.3 73.2 74.8 74.6 73.8 72.9 71.2 68.8 65.9 65.2 65 67 68.8 68.8 67.7 66.2 63.1 61.2 61.2 61.9 60.3 60.1 61 62.1 63.2 63 63.5 63 62 61.1 60.5 59.2 59.8 59.9 59.6 59.8 60.1 60.3 60.5 60 59.1 56.2 52.8 50.4 48.6 48.4 48.3 48.1 49.3 52.5 57.3 60 62.4 63 62.8 61.3 59.1 55 50 46.2 44.4 44.3 43.4 43.8 44.8 45.9 45.8 45.2 43.6 42.4 41 42.9 44 43.9 46.6 48.3 48.4 47.2 47 46.4 45.4 49.1 49.7 47.9 44.9
67.2 67.8 67.4 67.1 67 68.8 70.8 72.2 72 71.2 69.7 68 66.7 67.3 67.6 68.4 69.5 68.6 67.7 67.1 65.6 65.2 63.2 63.4 63.7 63.8 63.5 63.4 64.3 65.1 65.3 65.4 65.3 65.6 64.6 62.8 60.6 60.7 62.1 63.6 63.8 64.4 64 62.3 60.4 57.9 55 52.3 51 50 51.7 53.7 52.7 51.4 52.3 55.5 59.7 62.4 64.1 64.6 63.3 60.9 57.1 51.9 46.7 45.3 45.2 44.9 44.1 43.4 43.7 43.9 42.9 41.9 41.3 41 43.5 48.8 52.8 55.3 56.3 55.9 55.5 54.2 55.2 52.5 49.7 47.7 46.8 45.5
69.2 68.1 67.2 68.1 67.9 67.3 68.1 69.5 70.1 69.8 68.9 67.8 68 69.5 70.9 75.3 75.3 74.3 74.1 72.2 70.9 70 69.2 67.8 68.3 68.7 68.4 68.3 69.3 70.1 70.5 70.8 69.8 68.4 67.4 65.8 62.6 64.2 66.5 66.9 67.3 66.9 65.1 62.8 60 56.6 53.8 51.5 49.9 51.1 53 54.8 54.6 52.6 50.9 53.2 57.5 61.9 64.2 63.5 62.1 59.6 56 51.3 47 46.2 46.1 45.6 44.8 43.9 42.7 42.5 42 42 43.4 45.1 49.3 54.5 59.4 63.2 64.2 63.6 61.3 58.3 55.9 51.8 48.4 44.7 42.2 41.8
69.9 68.3 68.6 69.9 69.1 69.5 70.2 71.8 73.2 73.5 73.5 73.7 73.9 73.4 74.6 76.3 77 77.4 76.9 76.9 75.3 74.5 74.2 74.1 73.7 73.3 73.3 73.4 74.7 76 76.4 76.6 76.2 75.6 73.4 71.8 69.3 69.8 71.1 70.6 69.7 68.3 65.4 62.6 59.8 55.9 52.6 51 49.8 52 54 54.9 54.8 53.8 53.3 54.7 59 62.4 63.3 62.1 60 57.5 53.6 49.5 47.2 47.1 47 46.3 45.5 44.2 42.7 42.3 42.1 43.1 44.5 52.9 56.7 60.7 63.5 65.9 66 64.4 61.3 57.2 52.2 47.7 46.5 44.4 41.4 39.1
71.4 69.3 71.3 73.3 72.1 72.5 73.7 77 80.8 81.6 81.9 80.9 78.8 77.2 76.1 76.9 79.2 81.1 82 81.3 80.2 80.4 80.4 79.8 79.7 79 77.8 77.7 80.5 82.1 82.2 82.2 82.5 82.2 83.2 81.8 79.3 78.6 78.4 77 74.8 71.5 67 62.9 58.7 54.6 52.9 51.6 50.9 54.2 57.7 59.8 60 60.2 61.3 63 64.3 64.2 63.5 61.6 59.2 55 51.1 48.7 48 48 47.9 47.3 45.6 44 43 42.6 43.2 44.4 51.3 57.3 61.1 64.6 66.5 67.8 66.5 63.6 60.5 55 51 48.5 46.7 45.9 43.2 41
72.7 71.4 73.6 76.6 77.3 77.3 78.1 80.8 83.4 83.9 84.3 83 81.8 79.4 79 81.1 83.9 86.5 87.3 86.3 86.1 87.4 87.8 87.4 86.8 85.8 84.5 82.9 86.3 89.1 89.9 91.2 91.4 90.8 89.1 87.6 86.1 84.1 83.4 83.5 83.6 79.1 68.6 62.1 58.3 55.9 54 53.1 53.3 56.3 60.5 64.9 66.3 67.4 67.5 67.9 67.8 66.7 66 62.8 58.6 55 51.4 49.5 49.4 49.2 49 48.9 48.3 46.8 43.8 43.1 44.5 46.8 55 59 62.3 65.9 68.2 68.4 65.9 61.9 58.1 54.2 50.4 48.4 47.2 46.6 42.8 41.7
75 73.5 75 78.9 82.7 82.7 83.2 84.3 85.5 85.2 85 85.1 86.1 85.2 85.3 87.2 89.3 91.8 93.1 93.8 93.1 94.4 94.7 94.3 92.8 90.1 88.2 87.2 91.3 96.1 98.6 99.6 98.8 98.4 95.4 92.5 89.9 88.4 86.7 85.6 82.5 76.7 69.1 61.2 59.7 57.6 55.3 54.6 55.6 58.3 63.6 68.1 70.4 71.3 71 70.3 70.3 68.4 67.1 65.6 64.4 58.6 54.3 52 51.1 51.2 51.6 51.5 51 49 45.9 44.2 45.6 50.3 57.1 60.8 63 64.3 66.5 66.3 64.2 60.5 56.4 52.9 50 48.9 47.8 47.5 42 39.9
81.9 80.1 81.3 83.2 86.2 88.3 88.4 89 90.4 90.4 90 89.9 93.2 95.9 95 94 96.5 99.7 101.8 101.4 100.5 101.7 101.3 100 97.3 92.1 90.3 90 94.4 100.4 103.1 103.5 102.2 100.8 98.8 96 92.9 89.9 89.4 86 81 77.8 64.7 65.4 64.8 62 58.8 56.8 59 63.2 68.2 71.9 73.9 73.9 72.9 72 70.8 69.3 67.9 67.1 65.6 62.8 60.8 56.8 53.6 53.7 54.5 54.1 53.5 50.7 48.6 46.3 47.2 50.4 58 60.2 60.1 61.7 62.4 61.7 59.3 55.6 52.5 50.7 50.9 49.9 49.3 50.6 42 40.3
86.2 85.8 86.9 86.7 89.2 93 94.1 95.3 95.8 95.9 95.2 96 101 103.4 105 106.8 107.9 109.1 109.5 109.1 109.5 110.1 107.6 105.9 98.4 95 96.3 96.2 101.3 106.4 108.5 106.5 104.1 101.7 100.5 98.9 95.3 91.3 83.3 79.5 74 74.5 74.8 71.7 71.4 68.1 64.7 60.1 66.9 70.7 73.9 76 76.1 75.5 74.1 72.9 72.5 70.9 70.2 68.9 67.6 67.5 66.6 65.4 62.1 59.4 60 57.2 56.6 56.4 55.2 54.7 54.3 55.3 56.9 57 56.2 58.2 58.3 58.3 56.7 52.2 51.3 51.1 51.2 50.7 50.1 48.4 43.9 41.2
89.3 89.5 91.4 92.2 92.9 96 99.8 102 102.1 101.4 99 99.9 105.5 109.3 112.3 114.4 114.8 115.1 115.7 116.6 117.9 117.6 114.4 109.1 103.9 99.5 102.8 103.9 108.9 110.2 112.8 111 106.4 107.1 97.3 96.3 88.9 90.8 95.9 92.1 90.3 84.6 80.2 78.7 76.8 73.9 72.5 69.3 68.8 74.2 76.2 76.5 76.7 75.9 74.7 74.5 74.1 73.8 73.9 73.1 73 73 71.8 71.6 69.1 64.9 66.1 62 61.7 61.7 59.8 58.6 58 57.3 58.4 55.5 55.5 57.5 56.9 55.5 56.8 57.2 56.6 55.5 52.4 50.7 50.1 48.5 46.7 43.2
92.1 95.3 97.3 98.8 99.3 101.7 106.4 109 109.7 107.5 102 104.9 109.8 113.1 117.9 121.1 120.7 121 122.2 123.5 124.6 122.3 118 114.2 111.6 117.3 120.6 123.9 123.6 123.3 125.6 126.7 124.7 117.9 114.7 110.8 103.3 102.5 103.7 100.1 95.4 90.3 86.3 85.4 82.4 79.5 78.2 76 69.2 74.8 75.7 76.3 76.7 76.6 76.8 77.3 77.4 77 76.7 76.4 76 74.9 73.4 73.6 70.7 68.7 66.8 66.2 65.8 66 62.9 60.5 59.2 57.6 55.5 55.5 55.5 55.5 55.5 55.5 58.9 64 65.1 63.9 61 56.4 52.6 51.2 51.1 50.9
100.6 103.1 104.9 106.6 106 106.3 112.8 117.6 117.5 113.7 108 111 113.7 116 121.5 125.2 125.4 126.5 128.8 130.5 132 134.7 126.8 127 121.9 132.1 134.9 135.4 139.8 140.9 139.4 137.4 135.1 120 126.9 122.8 114.9 116.5 114.3 108.2 105.8 98.6 93.6 93.6 89.2 85.7 82.6 81.3 76.4 74.9 76.3 77.4 78.7 78.5 78.6 78.6 77.9 77.6 77.2 76.5 76.4 76.8 74 74 72.5 71 67.5 66.8 67.1 67.5 66.9 64.7 61 60.5 60.1 58 58.7 60.8 61.8 62.3 65.3 66.5 68.2 69.2 67 63 59.8 57.1 54.1 52.4
108.9 112.5 114.1 111.2 107.9 109.4 116.3 126.4 124.5 121.3 122 126.3 129.8 131.9 136.3 136.6 137.5 138.2 141.6 142.3 148 152.5 147 143.5 139.3 141.3 148.8 150.1 150.3 150.2 149.6 143.8 140.8 138.7 138.5 138.5 129.1 121.5 132.2 123.7 118.5 111 105.6 100.2 94.4 92 88.8 83.1 78.5 78.6 79 79.8 80.9 81.1 80.3 79.2 78.1 78.3 78.6 78.1 78.5 79.8 77.5 77.8 75.4 72.8 69.2 68.6 69 69.2 67.8 67 65.7 63.9 63.1 61 65.3 69 67.8 69.7 68.5 67.4 68 68.5 67.7 66.7 63.4 61 58.2 55.3
117.6 120.1 116.6 115.3 114.7 118.6 126.8 133.8 135.6 140.6 144.1 144.3 145.8 148.8 150 149.1 150.4 151.4 154.3 156.7 158 159.3 158.1 156 148.1 146.8 155.5 158.6 158 156.5 154.5 150.9 147.2 143.4 150.5 152.1 145.3 139.4 140.6 138.9 132.8 124.5 116.6 108.6 101.5 98.3 94.2 86.3 85.7 88.8 87.7 84.2 84.6 84.4 84.3 81.8 80.7 81.8 85.2 86.4 85.9 86.7 85.6 84.9 82.5 79.8 78.1 72.7 73.3 71.4 70.8 72.4 74.8 74.3 69.4 66.3 72.4 74.5 72.5 71.4 71.6 69.9 68.1 67.6 66.7 65.9 63.1 61.1 59.3 56.6
130.6 129.8 128.8 130.5 134.2 137 138.6 145.7 152.6 156 158.3 159.7 157.9 158.4 160 160.5 159.4 160.5 165 166 166.9 167.3 166.8 167.2 163.2 158.3 161.7 164.3 164.2 162.9 159.1 155.6 150.6 152 160.8 161.4 156.8 151.1 152.1 148.4 143.8 137.7 129.1 121.5 115.4 108.7 98.2 90.3 95.5 98.4 94.9 95.2 96.4 95.2 92.3 91.6 92.1 92.1 94.4 98.2 97.6 96.2 94.3 92.8 91.1 89 86.6 78.5 80 80.1 78.7 81.2 84.3 85.1 79.1 75.7 76.3 77.4 77.3 73.9 71.5 70.4 68.1 66 65.1 63.8 61 60.5 59.3 57.8
154.6 155.2 155.3 154.3 156.6 158.9 159.7 160 161 164.3 166.6 168.5 169.8 168.8 169.9 170.1 169.1 169.6 172.1 174.5 174.8 174.5 176.4 175.1 172.6 166.6 167.6 170.2 168.2 165.9 163.1 159.1 155.7 165.1 168.5 167.8 164.5 157.9 161.6 158.9 154.5 147.9 140.3 132.1 125.7 115.9 106.8 98.1 102.6 104.9 105.6 107.3 108.3 107.1 105.6 103.1 103.2 103 102.8 105.1 105.6 106.2 103.8 100.6 97.4 93.4 92.1 86.8 83.7 88 87.8 89.5 92 90.1 85.7 83.9 84.7 85.1 85.1 80.6 79.9 75.6 69.1 66.1 63.5 61.5 61.2 62.8 60.2 58.8
177 178 179.4 178.3 175.9 177.6 178.3 177.7 178.8 174.9 175.6 174.3 177.5 178.8 177.3 176.4 175.1 173.9 177.1 180 179.9 179.5 181.2 181.3 179.2 175.5 173 171.9 171.3 169.6 166.4 157.5 165.8 168.3 169.5 169.5 168.4 164.3 168.9 169.7 165.9 160 152.1 144.9 137 130.4 121.3 111.8 112.8 113.9 118.6 118.9 117.9 116.9 115.5 113.3 112.3 112.2 110.2 109.2 108.6 103.5 101.5 97.4 93.6 90 87.4 87.2 94.1 95.3 95.5 95.9 96.5 93.1 89.4 87.8 88.9 89.7 89.6 90.5 88.5 82.8 76.8 71.6 65.5 65.4 65.4 66.9 63.1 60.2
192.3 190.9 191.7 191.1 189.1 189.1 192.6 194.5 193.1 191.7 186.8 183.2 185.9 185.9 185 183.7 181.6 179.5 181 183.7 184.6 184.4 184.8 184.6 183.4 180.8 175.9 173.9 173.6 171.2 167 167.1 172.1 173.3 173.3 171.7 170.2 168.6 173.8 175.4 173 166.9 161.6 158.3 151.5 144.9 140 132.2 129.9 128.2 128.6 127.5 125.7 124.2 123.1 121.2 118.4 115.2 111.1 105 99 97.8 97 91.8 96 103.4 100.9 102.2 104.3 102.8 101.6 99.2 98.4 96.5 95.8 97.1 97.7 96 92.6 94.3 93.4 89.6 83.5 75.1 69 71.9 70.8 69.8 67.4 63.4
200.3 199.3 199 198.8 198.9 199 200.3 202.3 201 199.5 199.5 196.9 195 196.4 194.8 191.4 188.9 186.7 184.9 187.1 188.4 187.6 186.8 186.2 184.8 183.8 180.4 177.6 176 172.7 167.7 175 177.1 178.2 177.6 175.6 172 170.5 174.2 176.5 174.7 173.1 167.6 165.3 161.8 155.9 150.6 144.7 145 141.9 137.5 135.5 135.1 133.7 131.9 129.8 126.2 127.1 117.3 118.8 116.7 115.4 107.5 116.6 119.4 118.3 117.1 115.5 116.5 112.9 109.9 105.9 103.7 104 105.3 104.5 104.1 99.8 97.3 98.1 97.1 95.6 89.7 83.2 77.3 76.5 74.7 71.9 68.8 66
203.6 202.9 203 204.5 205.4 205.6 206.9 209.5 209.1 208.5 205.3 204.7 201.9 202.7 204.3 198.8 195.1 190 187.4 189.2 190.3 190.3 188.9 187.3 186.8 186.1 181.9 180 177.1 172.3 175.6 180 180.5 181.5 180.3 177.6 174.7 172.6 175 176.5 176.3 174.7 173.2 169.3 166.3 163.4 157.8 154.7 154.9 151.8 148 146.6 145.6 144.7 142.5 140.5 137.3 137.3 134.5 129.6 131.9 130.7 126.1 134.1 139.5 136.2 136.8 135.6 126.7 121.4 116.7 115.1 115.4 116.2 117.2 114.5 112.9 107.9 103.7 102.2 101.9 100.9 94.9 89.6 84.8 81.5 79.4 75.4 70.6 66.1
206.8 204.7 205.7 208.8 210.7 211.4 212.4 214.9 215.3 214 211.5 211.3 206.1 204.8 205.2 203 198.1 193.4 192.3 190.7 191.6 191.4 190.6 189.2 188.1 187.4 183.7 180.4 178.2 176 181.3 182.2 185.9 184.6 183.1 180.7 178.2 175.5 176.6 177.6 179.1 176.8 175.3 172.8 170.7 168.5 162.5 162.1 161.5 159.2 157.1 156 154.9 154.5 152.9 150.5 143.6 144.3 145.6 140 145.2 146.7 142.9 148 150.5 152.3 150.1 147.2 144.6 133.9 131.7 137.3 136.2 134.1 129.4 125.7 120 118.7 113.8 113.4 109.5 106.5 101.9 96.7 92.3 88.1 84.7 80.3 76.9 73.1
207.6 206.2 208.7 211.5 214.1 215.9 216.8 217.8 218.7 217.7 213.9 211.2 208.2 207.3 206.4 203.6 199.5 196.7 195.9 194.2 192.7 192.2 191.4 190.8 189.9 187.5 184.1 181 181 181.7 183.5 186.5 188.2 185.3 183.8 182.7 180.8 178.1 179.5 179.7 180.3 178.5 176.6 174.6 171.9 169.6 168.2 166.5 166.5 163.7 162.1 161 161.6 161.3 159.1 155.8 150.4 151.1 152.6 141.4 148.6 152.9 149 153.3 156.4 159.7 158.4 155.4 152.5 148.7 147.1 153.6 155.4 153.3 150.2 141.8 132.9 127.8 127.2 128.4 122.9 116.4 112.6 107.3 102.4 96.8 91.9 87.8 83.9 79.5
205.6 203.4 206.7 210.8 212.4 213.7 214.3 215.1 216.8 216.6 213.7 210.2 207.2 208.3 207.7 205.8 200.7 198.3 196.4 195 193.5 192.1 191.5 190.7 188.8 186.2 184 183.2 183.6 184.4 185.7 188 189.2 189.1 187.4 185.5 183.3 180.7 185.4 183.7 181.3 179.4 177.5 175.6 173.6 172.5 172.4 170.7 168.5 167.2 167 166.6 166.4 166.1 164.3 160.8 157.9 156.5 156.3 154.4 153.7 156.7 154.5 154.9 157.9 160.2 159.5 159.2 158.5 155.9 154.5 161.7 160.3 158 156.2 151.2 142.8 142.7 144.7 142.7 138.4 135.2 125.5 117 110.8 105.5 100.3 94.9 91 86.3
201.7 201.7 204.4 207.4 209.2 210.6 211.2 212.1 213.7 213.4 211 208.4 207.9 208.5 206.9 204.2 201.9 199.6 197.3 195.5 194.4 193.3 191.1 189.5 187.4 185.6 185.4 185.8 186.5 187.3 188.2 189.9 191.8 193.2 192 190 186.4 183.8 188.9 186 183.2 180.4 178.6 176.9 175.8 175.6 175.4 174.1 172.1 170.5 170.2 170.7 170.1 169.2 167.4 164.9 161.4 159.9 159.1 159.8 156.5 157.8 158.2 157.4 158.3 160.1 161.6 162.5 162.9 160 157.2 160.5 162.8 160.1 157.5 153.5 150.3 150.7 151 148.5 146.4 142.9 139.2 129.6 119.3 113.4 107.8 102 97.4 92.1
197.6 199.9 202 203.9 206 208.2 207.8 209.2 209.4 209.4 208.3 206.3 206.7 207.1 204.8 203.2 202.1 200.7 199.1 197.5 196.5 195.5 193.5 190.8 190.1 188.8 187.7 189 189.8 189.9 190.1 191.2 193.2 195 192.9 190.6 188 186.4 189.4 188.4 185.8 182.4 179.5 179 177.5 177.6 177.5 177.4 176.5 175.2 175.8 174.2 173.9 171.1 168.9 166.9 163.7 161.6 160 157.9 159.6 164.5 164.5 160.8 161.4 163.2 165.4 165.5 165.2 164.4 163.8 166.1 165.6 161.7 158.8 156.2 154.5 155.2 155.4 155.2 153.7 150.9 147.5 142.7 131.6 121.6 115.8 109.8 102.7 97.5
195.8 197.6 199.5 201.2 203 205.5 207.1 207.2 206.8 206.2 204.9 204.3 205.2 205.9 205 204.3 203.9 203 201.6 200.1 198.7 197.6 196.2 195.4 195.1 193.5 191.6 191.6 191.5 191.4 191.8 193 194.2 194 192.4 190.5 189.4 188.8 190.9 189.7 185.8 183.1 182.1 180.8 179.4 179.8 180.2 180.2 179.6 179.4 179.8 178 175.6 173.3 170.5 168 164.4 162.2 163.2 164 164 164 164 164 163.6 166.5 168.1 169.6 169.4 169.4 169.1 169.5 168.6 165.6 162.1 162.1 160.2 160.5 160.8 162.5 162 159.4 157.7 151.7 143.8 132.1 125.8 119.1 111.2 103.6
193.5 195.2 197.1 199 200.9 203.4 205.9 206.6 206.4 204.5 203.7 203.2 204.8 206.2 207 207.2 208.1 206.6 204.7 203.1 201.7 200.3 199.6 199.3 201 198.8 196.2 195.4 193.6 192.8 193.4 194.5 195.2 194.5 193.2 193.4 191.5 190.9 193.4 190.7 188.1 185 184.4 183 182.1 182.4 182.9 182.6 181.6 182.3 183.6 181.4 178.4 175.7 173.3 169.9 167.5 164 164 164 164 164 164 164 164 164 165.4 167.5 168.9 168.7 169.1 169.1 167.4 165.5 165.1 167.1 167 163.9 164.9 166.6 166 164.1 161.7 158.2 150.3 140.8 131.7 125.2 117.8 111.1
191.7 193.1 195.3 198.4 200.4 202.3 204.2 205.5 204.7 203.2 202.7 203.1 203.9 207.6 211.3 212.6 210.7 209.5 207.9 206.3 205.5 205 205.2 205.4 206.6 203.3 201.3 199.2 197 195.2 195 196.1 196.5 195.5 195.3 194.5 192.4 191.9 194.3 192.5 189.9 188 186.5 185.9 184.5 184.7 185 186.2 184.9 185.2 184.6 182.9 180.8 177.6 175.2 171.9 169 166 164 164 164 164 164 164 164 164 164 164 165.3 167.2 167.8 166.8 166.1 166.9 168.1 170.5 170.4 167.3 167.6 168.7 168.5 166.2 163.8 160.7 155.7 148.9 137.9 127.7 116.1 103
191.5 193.1 195.8 197.7 199.3 201.2 202.7 203.9 203.5 202.1 202.4 203.6 204.8 206.6 212.5 214.2 214.6 212.2 210.3 209.8 210.7 211 210.9 209.7 208.9 206.4 204.7 202.4 200.4 197.9 195.7 196.7 197.5 200.4 199.4 195.2 193.1 192.2 195.4 197.9 196.8 193.7 191.8 190.5 189.7 190.2 189.2 188.7 187.8 186.5 185.1 183.7 182.3 180.5 177.5 174.3 171.2 168.4 165.4 165.3 164 164 164 164 164 164 164 164 164.9 167.4 168.4 168.4 168.4 169.3 171 173.3 172.9 169.5 169.6 167.6 168 167.4 165.1 161.2 156.7 150.1 140.8 131 110.6 117.8
