data/240000-890000.asc
ncols 200
nrows 200
xllcorner 240000
yllcorner 890000
cellsize 50
[rows 140 to 174 of 200, columns 78 to 155 of 200]
141.9 144.9 155.3 163.3 171.4 186.3 200.9 209.4 218.5 225.6 229.1 232.1 235.2 240.9 246 249.5 251.6 255.1 259.1 265.5 273.7 278.3 280.9 286.8 292.7 294.3 297 298.7 299.6 301.7 303.5 305.3 306.8 306.3 303.9 301.5 299.2 297 293.4 293 298.1 301.2 306.9 313.7 321.5 329 337.3 348.2 359.5 370.5 379.5 390.4 401.9 411.5 417.7 419.1 416 410.8 403.7 395.5 386.2 376.7 357 325.3 297.6 281.8 270.1 261.4 258.9 255.8 251.5 244.9 241.5 237.2 230.4 223.9 209.6 185.7
129.4 139.5 147.3 153 162.5 176.6 190.6 204 213.3 217.5 223.7 228.6 232.1 233.3 238.1 243.5 246.6 250 252.6 258.6 265.8 271.4 274.8 278 284.3 286.9 289.7 293.1 295.4 297.2 299 300 301.2 302.1 301 298 295.5 292.7 291 294.8 298.7 304.1 310.1 317.2 325.4 333.5 343.7 354.6 365.7 376.2 385.7 396.3 404 410.8 416.4 418.3 417.5 409.3 396.5 387.3 380.1 375 363.8 343.3 313.3 297.9 287.1 279.1 274.1 269.8 262 256.9 253.4 251.1 244.1 238 224 212.6
127.6 132 139.2 146.4 155.9 168.1 182.9 195.3 204.4 209.5 216.8 223.1 227.4 229.2 234.3 238.4 242.2 245.3 247.9 252 257.8 263.4 267.7 271.6 274.1 280.4 284 287.9 291 293.1 294.8 296.5 298.3 298.7 297.2 294.4 291 288.6 294.8 297.5 301.4 307.8 314 321.7 330.3 338.8 349.4 360.7 371.7 381.7 389.6 396.8 404.4 409 412.1 412.7 408.5 401.6 396.7 387.6 377.6 370 361.2 352.7 339.8 321.2 313.6 303.6 296.9 296.8 287.6 275.8 268.9 269.4 264.9 250.1 237.6 224.4
133.3 136.2 137.6 142.9 150 161.3 177.9 184.7 192 199.8 208.4 216.9 221.8 226.1 230.2 233.3 236.4 239.8 242 246.1 251.3 257.1 259.8 264.3 270 273.1 277.9 281.8 286.3 288.7 291.3 294 296 295.3 294.4 292.7 290.2 290.3 294.8 298.4 303.9 310.4 318.1 325.9 333.9 342.5 352.1 361.3 371.2 380.1 388.8 396.6 403.8 406.7 405.8 409.1 403 398.1 389.5 384.1 376.6 373 372.2 366.1 359.4 352.8 342.9 328.4 323.7 319.4 304.8 293.4 286.6 280.3 271.9 255.6 242.6 230.5
131.6 137.8 139 140.7 146.4 156.9 170.8 178.3 184.2 191.3 200.3 209.4 215.7 220.6 225.1 228.5 231.8 234.9 237.1 241.3 245.4 251.4 254.8 258.4 263.1 267.1 271.1 275.9 280.9 283.9 286.8 289.8 291.9 291.5 290.9 289.6 288.3 288.8 295.1 300.7 306.5 312.7 321.1 329.3 337.1 344.7 352.4 358.7 364.4 370.9 380.9 390.7 397.3 398.7 397.2 394.1 393.4 390.1 386.1 384.3 382.7 384.3 382.5 382.2 378.8 372.2 361.1 349 339.9 331.9 317.4 306 298.4 288.2 274.2 262.9 250.4 239.1
134.8 138.5 139 140.9 142.5 150.3 162.6 172.4 178.8 184.9 193.9 201 208.9 215 220.2 222.9 226.1 228 231.9 237 242.1 246.6 250 254.9 258.8 261.8 265.6 270.2 275.4 278.6 281.5 283.8 285.9 286.9 287.3 286 281.8 289.2 296.4 301.7 308.2 315.6 324 332.1 339.5 347.2 350.6 354.1 357.1 359.6 363.2 373.4 383.5 390.8 390.6 387.2 384.7 386.6 387.9 389.2 392.8 394 395 396 393.7 387 373.9 365.8 360.8 348.8 328.6 314.6 308.1 294.9 280.2 266.1 257.1 253
135.3 140.1 140 137.5 139.7 145.7 155.3 164.4 173.7 181.9 188.2 194.5 200 207.8 215.1 217.3 219.7 223.8 228.1 235.7 239.9 243.8 247.3 250.3 253.5 258.2 261.1 264.3 269.4 273.3 276.2 277.9 279.7 280.7 282.4 281.5 286.2 291.9 296.4 301.9 308.8 317.6 326 334.3 339.7 344.2 347.9 350 350.9 350.7 353.2 357.1 368.7 378.2 384.2 383.4 381.4 386.6 391.3 396.8 399 397.5 400.5 405.4 404.3 397.2 383.1 369.8 362.6 354.5 340.6 329 317.9 307.8 294.1 279 269.7 262.9
126.7 134.9 137.2 133.7 136.8 143.9 150.4 157.8 168.8 177.9 182.8 191.1 196.6 204.5 210.2 212.8 216.5 223.1 227.6 235.5 241 244.4 246.9 247.9 250 252.5 253.9 257.4 262.8 267.3 270.3 272.4 274.4 276.1 277.7 274.6 286.3 291.9 295.9 301.4 309.3 319.1 328.1 336.4 342.5 345.1 346.5 348.2 348.2 347.3 345.2 346.9 354.2 365.3 370.4 377.4 382.1 388.6 392.2 395.7 397.1 398.6 403.1 409.2 408.6 401.4 387.8 374.3 364.3 357.7 351.6 343.6 330.7 321.2 310.6 294.9 280.8 266.6
134.5 126.5 129 127.8 132.5 140.3 147.4 151.9 160.8 170.8 179.5 186.7 192.7 195.9 200.2 203.3 214 220.2 226.7 234.9 243 247.1 247.5 247.8 247.2 246.1 247.4 251.2 255.3 260 264.1 266.4 269.4 271.4 271.1 276 284.7 289.5 293.6 300.6 308.4 317.4 327 334.6 340.2 342.5 343.6 343.1 342.2 341.5 337.6 334 340 349.9 361 375.3 387.1 392.2 393.8 395.7 396.6 398.4 401.6 401 398.5 392.2 384.2 372.4 365 360.5 352.7 343.3 332.2 323.3 309.2 293.5 278 266.2
141.8 133.5 129.9 128.2 125.7 137.1 144.5 148.8 156.6 167 175.4 180.7 185.8 191.2 195.5 199.6 208.8 214.1 223.7 231.6 242.6 246.1 247.9 247.3 246.4 244 241.4 243.9 248.9 253.7 258.9 261.8 264.3 265.8 266.6 276 281.7 286.7 291.4 299 307.2 315.1 324.1 331 335.4 337.8 336.5 334.3 335 332.2 328.8 325.1 330.4 340.6 353.4 370.4 387.9 394.7 395.6 397.3 399.2 399.4 399.2 397.9 394.8 389.2 381 370.6 361.5 354.5 346.5 338.8 328.8 319.4 303.9 288.9 274.1 263.4
144 140.6 136 131.9 124.6 131.7 140.2 143.1 150 162.8 168.4 172.5 174.9 180 186.1 194.9 204.1 212.5 219.3 225.9 236.2 245.4 248.6 246.9 245.4 241.7 237.7 238.8 243 247.9 253.3 257 259.8 257.2 267.5 272.1 277.8 284.2 289.5 294.6 302.5 310.7 320.9 330 331.3 329.9 328 326.1 327 323.8 323.5 321 327.4 336.8 352 371 386.3 395.4 401.1 406.3 406.6 402.7 398.2 392.8 385 376.1 369.2 363.5 358.5 351.1 345.2 337.5 328.9 317 300.3 285.7 275.6 263.3
149.5 145.3 139.5 132.1 126.5 126.7 129.6 134 142.2 154.5 161.2 161.1 169.3 179.3 180.2 192.8 199 206.3 213.4 219.9 230.1 241.2 246.1 244.9 242.8 239.7 236.4 235.2 237.8 242.6 247.9 252.1 254.7 256.9 263.9 268.4 273.5 279.5 283.6 289.3 297 305.6 313.4 320.9 320.4 318.4 317.5 320.2 315.9 315.5 318.5 318.7 325.7 336.2 351.4 374.1 390.4 401.1 407.4 409.7 407.3 401.4 393.1 383.4 373.7 363.2 355 351.9 349.6 346.6 341.9 334.6 325.3 316.2 306.6 296.1 283.4 268.4
153.1 149 144.3 136.5 128.1 124.4 125.3 128.2 136.2 145.6 152.8 152.6 164.4 172.3 179.4 188.4 192.9 198.4 206.4 213.2 222.7 233.5 236.9 237.6 239.1 236.7 235 233.4 234.6 237.5 242.2 245.6 246.6 254.8 258.9 262.5 268.3 272.1 277 282.7 289.2 296.9 302.1 304.1 304.8 304 306.3 310.3 308.1 310 312 317.9 327.4 339.6 357 380.7 397.8 408.7 411.7 412.9 409.1 400.1 388.4 375.6 364.5 354.4 348.2 345.2 342 338.9 334.9 330.3 324.9 317.6 309.3 301 288.2 273.7
157.5 152.3 145.5 138.2 130.5 124.1 125.8 125.9 131.4 140.5 142.3 148.6 159.4 162.4 173.2 184.8 189.5 193.2 201.6 210.2 215.6 223.9 228.7 226.2 234.3 233.8 232.4 232.1 233.5 232.7 236.8 241.4 246.1 249.8 252.5 255.7 260.7 266.6 271.5 276 280.7 286 288.2 290.5 293.3 294.4 297.1 300.1 302.8 306.3 312.1 322.1 332.7 347.4 364.2 385.3 404.5 410.8 411.8 413.2 408 397.2 383.2 369.5 359.9 351.9 350.6 347.8 344.3 340.2 334.7 329.4 322.5 315 306.2 297.7 286.9 275.6
163 158.5 150 142 135 126.3 123.6 123.8 126.7 133.8 134.3 142.8 148.6 153.5 169.2 180.6 182.9 185.8 196.1 204.6 207.5 216.8 222.1 221.4 231 233.2 230.1 225.2 224.3 232.8 238.8 244.3 246.4 245.8 246.6 247.8 252 258.9 266.2 270.9 275.6 280.6 283.1 285.8 288.4 288.3 291.4 290.2 294.5 306 314.7 325.6 336.8 350.9 367.9 388.4 409.9 416.2 411.5 408.7 402.8 393.6 375.8 363.4 363 359.5 357.3 353.4 349.3 342.7 334.8 326.5 317.3 310 301.5 291.3 278.7 269
169.3 159.8 152 145.7 138.4 130 127.5 123.2 123.8 126 126.5 131.3 133.5 146 159.3 172.8 177.6 184 189.8 194.9 200.2 211.9 214.9 215.3 223.8 229.4 229.5 224.8 219.9 226.7 237.4 243.3 244.9 244.6 244.3 243.8 246.4 251.7 258.6 265.7 271.8 276.7 277.7 279.8 279.5 280.2 282.8 285 296.2 304.1 313.9 324.1 335.6 350.5 368.2 390.5 411.9 413.3 404.3 398.1 391.6 381.8 373 374.9 373.2 366.2 361.2 355 348.6 340.9 332.4 322 312.4 301.8 293.4 282.9 272.8 262.9
174.6 168.4 161.9 151.6 141.3 130.9 126.4 124.8 125.3 122.8 123.9 124.2 128.8 135.6 148.5 155.6 171.9 178.7 183.7 190.1 195 203 211.3 211.8 216.4 222.4 226.8 223.1 219.2 220.4 232.1 238.4 241.5 243.5 243.8 242 242.8 244.8 250.7 261.3 267.6 268.8 271.2 270.9 268 275.1 278.4 281.8 289.4 297.9 309.9 320.9 333.8 350.6 369.5 395.1 403.9 400.7 393.6 392.4 392.4 388.5 386.4 386.8 382.3 371.6 361.7 353.7 345.4 336.1 327.6 317.3 306.6 294.4 285.1 275.1 266.1 256.5
183.3 176.4 168.9 158.3 146.1 139.5 128.1 125.5 125.1 122.8 124.4 124.2 124 128.4 134.3 148 161.9 171.5 175 182.7 189.8 195.5 202 206.2 210.1 215.2 219.8 219.5 216 217.6 225.9 232.3 236.2 240.5 242.5 241.9 238.1 234 241.4 250.1 255.6 259.5 261.9 261.7 262.2 267.4 269.7 274.9 282.9 293.8 308.5 318.6 330.5 348.5 371.3 390.5 396.3 399.9 400.8 399.9 400.6 396.6 391.6 390 385 376.3 367.1 358.3 350.9 342.1 332.9 322.2 308.9 293.5 282.3 271.1 260.1 249.5
190.5 183.1 175.3 165.2 153.7 145.9 136.7 130.9 126.5 125.8 124.9 124.5 124.1 124 128.5 138.4 153.2 166.1 172.8 177.5 185.8 189.3 194.2 197.7 201.7 207 212.2 215.4 211.6 214.9 220.5 225.1 228.9 237.2 240.4 240.7 238.3 225.3 232.2 238.2 240.5 249.9 251.2 250 254.9 256.5 260.6 270.6 279.5 290.1 304 313.9 332.7 353.5 372.2 391.5 401.5 403.8 404.4 407.7 410.6 403.5 393 391.5 388.1 384.4 378.2 370 356.4 347.7 336.5 324.9 310 295.4 280.9 269.6 259.5 247.1
195.1 187.9 177.9 170.6 163.5 155.7 145.3 139.1 132.5 132 125.3 125.2 121.8 124.1 125.2 130.3 144.6 159.6 168.7 171.7 181.4 185 190.8 193.3 195.4 201.7 206.4 210.2 211.6 207.8 214.5 220 222.1 226.6 231.3 231.4 230.3 221 227.7 227.9 226.6 237.4 240.9 239.4 243 250.3 256.1 261.9 270.4 285.7 301.2 318.6 341.5 364.1 380.3 391.5 400.5 404.8 404.8 406.7 405.6 394.5 390.7 397.6 399 396.8 391.1 381.1 367.8 353.7 340.9 327.2 312.8 299.4 286.7 272.9 261.7 247
198.9 195.9 188.1 183.6 175.6 166.1 153.9 143.4 137.7 131.6 127.7 126.5 122 122.7 122.9 127.5 140.5 152.4 159.4 163.8 167.1 179 186.7 190.2 188.4 193.3 199.1 202 204.6 204.8 206.5 212.6 215 212.8 220 221.9 219.5 212.6 221.4 222.8 221.1 223.8 227.5 223 233.3 243.8 249 254.9 265.6 282.1 300 322 344.7 363.4 378 385.5 390.6 393.9 398.2 393.6 385.9 383.5 388.7 401.7 408.3 404.1 396.8 387.9 376.3 363.7 349.3 330.3 315.3 303.9 292.4 277.2 260.5 244.5
212.5 206.5 200.3 189.9 180.4 171.5 159.9 152.1 145 136.3 130.9 129.2 127 126.2 123.2 122.8 130 144 154.7 156.9 158.6 171.5 180.8 183.7 181.8 185 189.9 196.1 197.1 197.2 198.8 202.1 206.6 204.2 202.6 205 206.5 198.5 214.9 218.3 217.6 218.1 218 213.7 221.9 235.2 244.2 249.4 258 275.2 294.8 318.4 341.3 355.8 365.9 374.2 381 383.5 380 374.4 371.9 376.5 380.5 391.4 405.4 407.6 402.1 393.6 380.7 365 347.7 332.5 320.4 309.2 297 283.4 264.9 248
217.6 209.5 203.9 192.8 182.2 172.2 165.2 158.3 152 143.8 134.8 131.2 128.6 126.5 125.1 124 122.7 135.4 150.8 150.2 147.9 160.8 174 180.1 176.2 174 177.7 184.3 187.3 188.4 188.6 193.1 198.4 198 193.2 191.6 193.4 183.4 201.3 203.5 210 208.7 210.1 206.5 212.6 223.7 236.4 243.4 250.2 266.1 287.5 304.6 322.5 339.7 353.2 360.6 364.7 365.6 361.8 361.2 362.7 366.6 372 378.8 385.6 390.1 388 381.5 372.1 363 352.4 339 325.4 313.8 301.9 288.4 271.8 251.7
219.6 214.5 207.4 197.1 188.6 181.7 171.3 164.2 158.2 149.5 139.4 132.2 130.8 127.5 126.7 125.9 122 128.5 142.9 147 142.2 149.7 162 171.6 171.5 167.2 169.1 171.4 173.8 177.5 179.1 182.5 184.1 187.6 181.4 180 181.9 175.9 188.7 193.1 198.5 199.7 200.6 202.6 204.3 210.2 221.8 233.4 244.3 257.4 278.4 291.7 302.7 317.6 337.4 343.4 344 346.5 345.6 350.2 354.2 360.4 365.5 368.6 371.5 373 372.8 372.1 365 359.8 350.3 339.5 327.6 317.8 305.9 290.6 274.8 260.9
223.7 217.8 209.2 201.3 193.7 187.6 179.2 169.9 160.7 153.1 143.3 135.7 130.5 128 127 126.3 124.4 122.5 133.6 141.6 140.9 142 152.8 162.5 167.9 162.1 158.7 156.9 161.3 165.4 168.6 170.8 172.3 173.2 171.6 170 169.4 169.4 177.8 185.7 189.1 193.7 186.6 197.1 194.9 198.7 208.8 220.8 233.6 248.8 268.6 285.3 295.2 303 312.7 318.9 327 333.4 339 342 344.9 350.9 357.5 357.5 360.9 365.1 360.9 359.2 358.3 352.1 344.6 334.4 322.8 312.3 299.1 290 281.1 269.9
226.2 217.1 211.1 203.6 196.8 190.4 182.3 173.2 165 158.3 149.8 142.7 132.8 128.2 127 125.7 124.5 123.8 128 135.7 136.7 134.2 144.8 153.4 162.1 159 154.5 149.2 147.5 152.8 157.3 160.4 161.3 160.6 159 155.9 155.7 157.7 161.6 166.4 175.5 179.3 179.6 182.6 184.7 190.3 197.8 209.9 222.3 241.4 259.1 276 292.1 302.8 307.3 310.9 314.8 322.3 329.3 331.2 332.7 338.9 341.1 340.9 343 351.5 351.4 347.6 343.8 338 332.1 326 317 304.6 293 285.1 277 268
232.4 219.9 213.3 207.1 200.1 193.6 186.2 178.4 171 164.7 156.3 148.7 139.1 130.3 128.1 126.6 125 127.7 125.1 129 128 128.5 137.2 146.9 153.6 157.9 150.5 142.5 141.2 146.2 147.6 153.9 154.8 150.6 147.1 146.4 146.6 153.1 153.8 154.6 163.1 165.8 167.3 169.9 176.5 182.4 189.5 198.4 209.5 229 247.9 267.6 281.3 291 292.5 299.1 309.4 315.2 317.4 320.6 323 325.7 326.8 327.2 327.2 330.6 333.5 330 324.8 322.5 320.5 313 303.8 290 280.9 276.5 269.2 262.4
240.4 229.5 220.6 213.3 206.5 200 192.6 183.7 176.8 169.9 161.6 150.9 142.6 140.1 133 131.4 127.8 125.4 122 125.5 125.3 125 128.8 136.4 149.5 155.6 145.4 137.8 133.6 138 141 142.3 145.1 141.5 137.4 135.1 141 146.7 142.9 141.6 146.9 153.1 153.3 156.3 166.3 175.9 182.3 189.4 197.9 214.9 235.5 253.7 270.7 280.4 280.9 292.2 304.5 312 311.3 311.6 313.3 313.9 312.1 318 320.2 317.8 320.1 312.8 308 308.5 304.4 294.3 286.5 281.1 272.5 262.7 257.5 252.6
247.8 237.6 229.8 219.3 213.2 205.3 197.6 187.4 179.5 172.3 166.7 162 152.8 145.6 141 136.2 131.7 127.3 124.9 124.5 124.8 124.7 123.6 128.8 141.1 145.8 137.1 134.3 129.1 130.8 134.4 131.4 130 129.5 128 124.9 125.5 132 128.4 130.5 133.2 135.8 135.3 146.9 154.5 164.1 171.9 180.5 189.6 202.6 218.9 235.6 249.8 255.8 280.3 288 291.1 295.1 302 303.5 302.3 300.3 300.3 299.5 303 300.7 302 299.5 291 284.5 280.7 275 271 264.3 257.4 249.2 239.8 235.9
256.2 246.6 237 228.3 217.9 209.8 200.3 190 184.6 179.7 172.9 167.6 160.7 151.2 149.5 143.5 136.6 131.5 124.9 124.1 123.8 124.5 123.2 125.7 131.3 132.4 130.2 128.5 127.9 124.5 125.9 122.8 121.5 122.5 119.3 115.9 113.9 118.7 118.2 119.1 122.1 125.2 128.6 134.3 141.3 151 160.6 169.3 178.8 189.6 202 215.8 230.5 243.3 255.2 266.2 275.2 281.7 288.7 290.6 291.6 290.4 290.9 291.6 294 287.1 281.9 277.4 268.1 262.7 261 255.2 249.7 244.3 237.5 226.1 220.6 217.2
264 253.3 242.6 230.4 218.9 214.5 206.5 197.3 190.4 184 176.5 171.8 167.8 160.9 153.5 148.8 142.5 134.2 128.3 122.7 121.8 121.6 122.2 122.8 125.4 125.1 123.7 121.6 121.1 117 118.9 116.7 116.5 113.6 110.6 110.5 105.5 108.8 109.3 112.1 115.7 116.5 122.8 125.4 132 137.5 145.9 154.2 164.9 177.8 187.4 196.6 210.9 228.7 240.1 248.8 261 272.2 275.8 276.7 274.5 273.3 277.1 279.7 276.5 266.3 258.6 255.4 248 242.6 239 233.6 227.6 225.4 216.8 208.3 200.7 197.3
273.3 262.5 254.1 243.5 234.4 225.6 215.4 205.3 195 186.2 179 174.5 171 166.1 160.1 153.9 146.7 135.6 134.8 130.1 124.5 122.2 122.8 122.6 122.4 115.5 118.2 118.2 117.3 112.9 113.2 111.8 110.7 108.4 107.7 103.7 102.2 102.9 105.5 108.8 109.1 110.7 115.4 118.9 123 128.7 132.9 138.8 151.1 164.5 175.4 181.5 195.5 206.4 219.1 230.5 242.2 254.1 267 263.8 262.1 259.5 258.3 255 249.1 241.4 233.5 233.6 230.4 221.8 215.2 208.5 207.1 202.5 194.4 188.3 182.6 177.8
284.4 273.6 262.1 252.8 243.7 237.5 230.5 219.4 206.1 193.6 181.7 177.3 174.2 169.4 166.9 156.7 150.3 141.9 139.6 136.3 128.6 122.2 123.8 125.7 123.7 122.1 118.3 113.5 111.9 108.2 110.5 109.7 108 106.4 102 103.5 104.3 102.3 103.4 104.8 105.9 106.2 110.2 111.2 114.4 118.5 123.4 127.9 136.1 152.8 156.6 167.6 177.5 187.7 196.7 207.3 222.3 237.1 255.9 257.5 253.7 248.6 244.8 238.1 233 232.2 227 224.6 219.6 208.5 196.4 188.6 184.7 176.3 169.5 165.7 160 153.4
295.9 283.5 272 262.3 251.5 241.6 234.2 226.8 212.4 197.5 187.7 181.4 177.3 172.7 169.7 163 155.5 150.5 146.1 138 128.7 124.3 122.3 126 121.1 118.6 118.7 113.7 109.8 107.2 105.4 107.2 106.6 103.7 105.9 105.9 104.5 104 100.4 101.9 103.1 103.4 102.6 105 108.7 112.2 113.7 118.9 123 136.9 144.3 156.1 164.7 172.6 180.4 188.1 202.1 218.3 235.1 243.8 243.8 239.8 231.2 224.7 219.3 218.1 216.6 211.4 207.6 193.5 182.8 172.9 164.1 156.3 148.4 145.1 138.2 134
306 293.7 283.1 272.4 262.8 249.1 240.1 231.7 217.5 203.5 195 184.7 180.5 174.6 169.9 168.9 164.6 156.9 149.1 140.4 132.6 138.1 131.4 122.2 116.2 114.8 115 115.1 114.7 111.8 109.1 107.4 105 108.2 108.7 107.4 105.5 104.5 102.5 100.6 101.8 101.9 100.2 100.9 104.3 107.8 108.8 112.5 113.2 122.9 135.8 144.1 152.1 155.7 164.5 173.4 183.4 198.4 213.7 219.5 219.3 217.5 212.3 205.8 205 202.7 197.4 193.8 193.1 179.8 173.8 164.1 147.5 138.9 133.4 129.1 120.7 114.6
