data/240000-550000.asc
ncols 200
nrows 200
xllcorner 240000
yllcorner 550000
cellsize 50
[rows 0 to 40 of 200, columns 92 to 183 of 200]
8.6 9 9.1 8.9 8.9 8.8 8.6 6.2 5.4 5 4.5 4.3 4.1 4.4 4.7 5 5.2 5.2 5.2 5.1 5.1 5.2 5.3 5.6 5.8 5.6 5.4 5.2 5 4.7 4.8 4.9 4.8 4.1 0.7 -3 -3 -3 3.6 4 8.7 24.3 24 20.7 20.8 21.9 25 30 34.6 38.5 41.5 45.5 50.2 53.5 56.5 60 62.5 63.6 63.1 63.1 63.1 63.1 62.3 61.1 59.2 56.2 54.3 53.3 54.1 55 54.8 53.4 53.9 55.3 51.2 43 49.2 48.5 44.6 39.8 38.8 40.7 45.1 52.6 60.9 64.5 68.1 75.5 81 84.7 89.2 95
7.2 8.3 8.5 8 8.5 8.4 8.4 6.4 5.3 4.5 4 4 4.2 4.3 4.5 4.7 5 5 5 5 5.1 5.2 5.4 5.6 5.6 5.6 5.1 4.9 4.8 4.5 4.2 4.3 4.2 3.4 -3 -3 -3 -3 3.7 4.8 7.9 19 22.5 20.9 19.8 19.7 22.4 25.9 29.6 32.8 38.2 42.3 46.3 50.1 53.4 57.4 60.5 61.7 62.1 61.7 61.4 60.9 58.8 56.2 54.4 52.9 51.9 51 50.1 51.1 51.4 51.2 51.5 52.4 49.3 40.8 41 35.6 36 36.8 42.7 48.5 55.1 62.8 67.7 71.4 75.3 80 86.5 90.6 94.9 98.2
6.5 7.5 7.8 7.4 8.1 8 7.9 6.5 5.5 4.4 4.3 4.4 4.6 4.7 4.7 4.7 4.8 4.9 5 5.1 5.2 5.3 5.5 5.5 5.5 5.4 5.2 4.7 4.5 4.3 3.9 3.8 3.5 -3 -3 -3 -3 3.3 3.6 3.8 7.7 17.3 21 18.9 17.6 17.9 19.9 22.9 25.7 29.1 33.8 37.7 43.6 47.5 51.1 55.4 58.7 60 60.3 59.6 59.4 58.2 56 53.6 51.3 49.3 49.1 47.8 46.5 46.5 48.2 48.7 50.5 47 42.7 34.2 34.3 36.7 42.3 48.7 56.2 60.3 65.2 69.7 74.3 78.2 82.5 87.3 91.6 95.8 100.9 103.1
5.9 6.6 6.8 6.9 7.6 7.6 7.5 6.7 5.6 4.4 4.8 5 5.1 5.3 5.5 5.6 5.6 5.6 5.4 5.3 5.2 5.3 5.3 5.3 5.3 5.3 5.3 4.7 4.2 4.1 3.7 3.4 -3 -3 -3 -3 3.3 3.1 4 5.6 6.9 13.3 17.8 16.5 15.4 15.1 17.4 19.9 22.4 25.7 29.9 34.7 40.6 44.8 49.9 54.6 57.3 58.8 58.4 57.5 56.8 55.5 53.1 50.5 47.7 45.2 45.1 44.2 43 43.6 44.4 47.2 46.4 34.4 31.7 32.9 40.5 49.9 55 57.6 60.8 65.7 71.4 76 80.7 85.1 89.2 92.6 97.3 101.6 105.7 109.6
6.7 6 5.9 6.3 7.1 7.2 7.1 6.6 5.3 4.9 5.3 5.5 5.7 5.8 6 6.2 6.4 6.5 6.2 6 5.7 5.3 5.2 5.1 5.1 5.1 5.1 4.8 4.2 3.8 3.4 -3 -3 -3 -3 1 3.2 3.2 4.3 5.5 6.6 7.9 9.9 12.6 12.6 11.8 15.1 17.6 19.6 23.3 26.8 31.2 37.2 42.9 48.4 53.8 56.4 56.8 56.3 55.4 53.9 52.5 49.4 46.5 43.6 41.3 41 40.4 39.7 41.4 43.2 36.7 29.9 28.9 30.1 37.7 45.6 53.3 58.4 62.3 65.2 70.7 77.1 82.2 87 91.6 94.7 97.7 102.3 107.2 110 113.1
7.7 7.1 6.4 6 5.5 6.6 6.5 4.8 5 5.5 5.9 6 6.2 6.4 6.6 6.6 6.6 6.6 6.6 6.3 6.1 5.4 5.3 5.2 5.1 4.9 4.9 4.9 4.3 3.8 -3 -3 -3 -3 -3 3.9 3.9 3.3 3.5 4.7 5.9 7.6 8.7 9.3 9.3 10.2 12.2 14.9 18.1 21 24.1 28.5 35.8 41.8 47.3 51.8 54.6 54.5 54.2 53.6 52.5 49.3 43.6 41.2 39.1 37.9 37.2 36 36.9 40.3 38.2 28.4 27.1 29.9 35.8 43.3 52.6 58.7 63.4 67.1 71.3 75.9 82.2 88 94.8 98 100.5 102.4 106.4 109.7 111.4 112.1
8.3 7.5 6.9 6.3 6.2 6.3 5.8 5.7 5.6 6.1 6.4 6.6 6.7 6.7 6.7 6.7 6.7 6.7 6.8 6.6 6.4 5.7 5.3 5.3 5.2 5.1 5 4.8 4 2.2 -3 -3 -3 -3 2.1 3.4 3.3 3.4 3.6 3.8 4 6.9 6.9 7.2 6.8 7.5 9.4 14.1 17.5 19.8 22.9 27.2 34.5 40.8 45.1 48.9 51.9 52.6 52.1 51.4 50.4 45.7 40.3 37.5 35.4 34.9 34.5 32.5 35.2 31.8 27.8 25.6 30.1 36.1 41.3 50 58.5 63.6 67.1 72.2 78.2 83.8 90.1 95.3 100.5 102.1 102.5 105.9 108.3 110.4 111.2 114.3
8.6 7.8 7.2 6.7 6.9 7 7.2 7.3 7 6.8 6.8 6.8 6.8 6.8 6.8 6.8 6.8 6.9 6.9 6.9 6.7 5.9 5.3 5.3 5.3 5.3 5.1 4.3 3.6 -3 -3 -3 -3 0.3 3.3 3.4 3.4 3.4 3.5 3.7 4.7 6 6.1 4.9 5.1 5.9 8.3 10.2 16.6 18.5 21.7 26.7 33 39.7 43.3 46.5 49.2 50.4 50 49.3 45.8 41.3 37.9 35.5 32.7 33.3 31.2 29.5 25.8 24.5 26.3 32.5 36.6 41.9 47.3 56.6 62.4 66 70.7 76.5 82.7 88.9 93.2 98.1 101.9 104.2 105 108.6 110.7 111 112.3 112.5
8.9 8.1 7.5 7.4 7.5 7.7 7.6 7.3 7 6.8 6.9 6.9 6.9 6.9 6.9 7 7 7 7 7 6.8 6.1 5.3 5.3 5.3 5.3 4.1 3.6 3.3 -3 -3 -3 -3 3 3.3 3.7 3.7 3.1 3.4 4.7 5.6 6.4 6.3 4.4 5 5.5 7.9 9 13.9 17 20.1 25.4 31.2 36.9 41.9 45.4 47.1 47.3 46.9 44.1 40.1 36.3 35.4 33.4 28.2 25.2 21.3 21.6 23.5 23.6 32.2 35 41.6 46.3 52.7 61.5 66.2 69 74.3 79.5 85.7 91.8 95.2 100 102.3 103.6 106.6 111.6 114.1 113.9 110.3 105.8
9.1 8.3 7.9 8.1 8.2 7.9 7.6 7.2 7 6.9 7 7 7 7 7.1 7.1 7.1 7.1 6.9 6.7 6.2 5.8 5.3 5.3 5.4 5.4 3.6 2 -3 -3 -3 -3 1.2 3.9 4 3.5 3.5 3.1 3.8 4.5 5.3 6 6.7 4.5 4.9 5.3 5.9 8.4 11.4 16.1 19.1 24.4 29.9 34.9 39.5 42.9 44.3 44.2 42.9 40 36.6 33.9 32.5 29.8 21.2 17 17.3 18.9 22.4 31.2 34.8 39.4 45.5 49.9 57.4 63.2 68.8 71.9 77.1 82 87.6 92.2 96.4 99.7 102.2 104.3 107.6 111 111 110.6 107.6 103
9.4 8.6 8.6 8.6 8.3 7.9 7.6 7.2 7 7 7.1 7.1 7.2 7.2 7.2 7.2 6.9 6.7 6.5 6.2 5.7 5.3 5.3 5.2 5.3 3.9 3.1 -3 -3 -3 -3 -0.2 2.2 3.9 3.5 3.5 3.5 3.1 3.8 4.6 5.3 6 6.6 6 4.5 5.1 5.7 8.4 11.5 15.6 18.6 24 29.1 32.3 36.9 40.3 41.1 40.7 39.1 36.4 33.4 31.3 28.9 21.8 16.8 17.8 19.8 29.5 32.7 34.7 38 43.6 48.6 53.7 60.2 64.6 69.8 75.6 79.6 85.3 90 93.9 97.8 99.1 101.3 104.2 108.5 111.4 112.5 111.9 105.8 103.9
9.7 9.1 9 8.6 8.3 7.9 7.5 7.2 7.1 7.2 7.2 7.2 7.3 7.2 7 6.8 6.5 6.3 6.1 5.6 5.3 5.3 5.3 5.3 5.2 3.5 -3 -3 -3 -3 -1.3 0.9 3.2 3.5 3.4 3.5 2.8 3.2 3.9 4.6 5.3 5.9 6.4 6.8 6 6.2 5.7 8.3 11.8 15.8 18.5 23.9 27.4 30.8 34.1 36.6 37 37.3 35.6 33.4 30.7 28.9 21.3 16.4 17.1 19.1 27.6 32.2 34.6 37.1 42 47.9 52.9 57.6 63 68.2 74.2 79.9 83.9 88.1 91.3 94.9 97.5 99.4 101.1 106.4 111.5 111.9 111.5 112 107.2 105.1
9.8 9.3 9 8.6 8.2 7.9 7.5 7.2 7.2 7.3 7.3 7.3 7.1 6.8 6.6 6.3 6.1 5.9 5.5 5.3 5.3 5.3 5.3 5.3 5.2 3.3 -3 -3 -3 -3 -0.5 1.4 3.3 3.4 3.6 3.4 3.5 3.3 4 4.6 5.1 5.2 5.2 5.1 5.8 4.7 6 8.5 11.8 15.9 18.4 22.8 26.2 28.3 30.3 29.5 29.3 30.8 32.1 30.3 27.8 29.4 16 13.1 22.1 28.1 30.1 32.2 35.9 40.3 46.6 52 56.9 60.9 67.4 70.8 76.5 82.1 85.6 89.3 91.5 94.7 97.4 99.5 103.5 108.2 110.8 110.4 111.5 109 106.5 105.2
9.5 9 8.7 8.3 8 7.7 7.4 7.2 7.2 7.2 7.2 7.3 6.8 6.5 6.2 5.9 5.7 5.4 5.3 5.3 5.3 5.3 5.3 5.3 5.1 3.4 -3 -3 -3 -1.8 -0.1 1.7 3.6 3.8 3.7 3.3 3.3 3.4 3.7 3.6 3.6 3.6 3.7 3.8 5.9 4.8 6.2 8.7 12.2 15.3 18.2 23.6 24.8 26.4 27.8 30.3 29.3 29.8 30.1 28.4 25.8 19.6 13.7 15.3 25.2 28.8 30.7 32.6 35.9 42.3 49.2 54.7 60 64 68.8 73.7 78.9 82.7 85.6 88.3 92.6 94.4 99.1 101.9 105.2 107.9 108.7 110 111.6 107 106.3 105.7
9.3 8.7 8.3 8 7.7 7.6 7.4 7.3 7.2 7.2 7.2 7.2 6.5 6.2 5.9 5.6 5.3 5.4 5.4 5.4 5.4 5.5 5.5 5.5 4.2 -3 -3 -3 -3 -1.1 0.5 2.1 3.7 4 3.9 4 3.4 3.5 3.4 3.5 3.5 3.6 3.7 4.6 5.9 6.4 6.8 10.2 13.8 18.1 22 22 22.3 23.7 24.9 25.5 25.5 29.3 26.1 27.1 23.3 13.5 11 15.3 27.4 30.6 32.6 34.7 39.4 45.5 52.1 56.4 62.4 66.7 70.6 75.4 79.6 83.3 85.5 88.2 91.4 96.9 101 102.1 105.2 106.9 107.8 109 108.3 107.2 106.2 103.2
9.1 8.5 8 7.9 7.8 7.7 7.6 7.4 7.3 7.2 7.2 6.9 6.2 5.9 5.6 5.4 5.1 5.2 5.3 5.4 5.5 5.5 5.6 4.1 3.4 -3 -3 -3 -1.8 -0.6 0.6 2.1 3.6 3.8 3.7 3.1 3.3 3.6 3.4 3.4 3.5 3.6 4.4 5.7 6.5 6.8 7.8 11.4 15.5 21.1 22.2 20.6 19.7 21.7 23 23.1 23.1 24.5 25 26.1 20.3 11.6 12.9 25.3 29.3 31.2 33.6 35.7 41.9 49.8 56.3 60.3 64.3 68.4 71.7 75.7 80 82 86 89.4 92.6 96 98.5 101.5 104.9 105.9 106.9 108.2 105.1 103.6 102 99.8
8.9 8.3 7.9 7.8 7.7 7.6 7.5 7.5 7.4 7.3 7.2 6.6 5.9 5.6 5.4 5.1 4.9 4.9 5.1 5.2 5.4 5.4 5.5 4.2 -3 -3 -3 -3 -1.3 -0.2 0.8 2 3.3 3.6 3.5 2.8 3.2 3.4 3.3 3.4 3.5 4.3 5.3 5.6 5.8 6.3 7.6 10.7 17.6 20.9 21.4 20.3 19.2 21 21.5 22 22.2 22.1 23.6 17.8 10.9 10.4 12.4 27.6 31.2 31.5 33 37.8 45 50.7 56.8 61.5 66 69.3 72.2 75.7 79.5 80.8 85.5 89.9 92.9 95.3 98.1 101.6 104.1 104.8 105 105.1 101.1 100.1 98 93.6
8.6 8 7.8 7.7 7.6 7.5 7.4 7.3 7.2 7.1 7 6.3 5.8 5.4 5.1 4.9 4.6 4.7 4.8 5 5.1 5.3 5.4 3.7 -3 -3 -3 -2.3 -1.2 0 1.1 2.1 3.1 -3 2.6 2.8 3 -3 -3 3.4 4.1 4.4 4.6 4.9 5.1 4.9 6.6 9.7 18.1 19.5 20.8 20.2 19.8 19.8 20.1 20.6 20.9 20.8 18.7 7.9 9.1 10.8 17.2 29.5 31 30.6 34.8 41.3 48.8 53.1 57.8 61.9 67 70.2 73.8 76.5 77.4 82.3 86.5 89.7 92 94.4 98.2 100.2 102.1 103.7 102.4 99.9 98.5 97.6 93.6 88.5
8.4 7.8 7.7 7.6 7.5 7.4 7.3 7.2 7.1 7 6.7 6 5.8 5.7 5.6 4.6 4.4 4.4 4.5 4.7 4.8 5 5.3 3.7 -3 -3 -3 -2.2 -1.2 -0.2 0.8 1.7 2.7 -3 0.6 3.2 3 -3 -3 3.3 3.5 3.7 4 4.2 4.5 4.1 4.1 8.4 11.8 16.7 17.3 19.2 18.7 19 19.3 19.5 18.5 16.9 6.6 8.8 9.4 10.9 25.2 28.4 30.3 31.5 35 42.8 50.5 55.8 61.3 63.6 67.8 71.3 76.5 79.8 76.2 81.8 85.4 88.5 91 93.7 97.7 98.9 99.7 101.6 100.3 95.4 95.1 91.3 86.7 86.6
8.1 7.7 7.6 7.5 7.4 7.3 7.2 7.1 7 6.9 6.4 6 5.9 5.8 5.7 5.6 4.2 4.1 4.3 4.4 4.6 4.9 5.4 3.8 -3 -3 -3 -2.5 -1.6 -0.6 0.4 1.3 2.2 3.1 3.2 3.5 3.3 3.1 3.1 3.3 3.5 3.6 3.7 3.9 4 3.7 3.8 6.9 6.1 7.1 9.2 10.8 12.7 16.9 18.4 18.7 16.3 6.1 9.1 9.1 10.6 20.3 26 28.3 30.4 32 37.9 45.7 52.8 59.1 63.5 65.6 68.5 73.4 80.1 82.3 74.6 79.8 85.9 87.7 90.3 93.5 95.4 96.1 95.8 96.6 92.9 91.1 90.4 87.2 83.1 85.2
7.9 7.6 7.5 7.4 7.3 7.2 7.1 6.9 6.9 6.8 6.2 6.1 6 5.9 5.8 5.6 5.3 4.4 3.9 4 4.3 4.7 5.3 4.7 2.7 -3 -3 -2.9 -2 -1 -0.1 0.8 1.7 2.5 3.3 3.3 3.2 3 2.9 3.3 3.5 3.6 3.7 3.8 4 -3 4.6 6.3 5.1 5 5.7 6.4 7.5 9.1 11.2 13.8 7.6 7.1 8.5 11.4 11.3 19.8 25.8 28.4 30.5 33.3 42.2 48.6 56.1 61 63.4 65.4 68.9 74.6 82.8 82 74.6 76.7 85 87.2 89.7 91 92.5 91.6 91 89 84.8 85.8 85.9 82.3 84.3 88.3
7.7 7.5 7.4 7.3 7.2 7.1 7 6.8 6.7 6.5 6.3 6.2 6 5.9 5.7 5.5 5.2 4.3 4 3.9 4.4 4.8 3.7 4.6 0.9 -3 -3 -3 -2.4 -1.5 -0.6 0.3 1.1 1.9 2.8 3.3 3.2 3 2.8 3.3 3.4 3.6 3.7 3.8 3.9 -3 4.2 5.7 6.9 5.2 5.5 5.2 5.3 5.8 6.1 7.1 6.9 7.1 8.6 10.8 14.3 21.3 25.9 29.1 30.6 34.8 40.5 48.6 56.2 60.7 63.2 65.1 69.1 75.7 83.2 79.8 73.3 79.2 83.8 87.1 88.5 88.6 87.3 85.6 83.1 79.5 77.1 80.4 80.8 81.4 87.8 93.2
7.6 7.5 7.4 7.2 7.1 7 6.9 6.7 6.6 6.5 6.3 6.1 5.9 5.8 5.6 5.4 5.1 4.2 4 3.9 4.2 3.7 3.5 3.3 0.6 -3 -3 -3 -2.9 -2 -1.1 -0.3 0.5 1.4 2.2 3 3.2 3 3.5 3.5 3.4 3.5 3.7 3.8 3.6 -3 3.4 3.6 4.2 5 5 4.7 4.7 5.4 6.2 5.4 6.3 6.5 8.2 12.1 19.1 22.9 28 31.8 31.9 39.8 44.5 48.7 52.3 59.6 62.3 65 71 77.7 80.1 76.4 74.8 72.4 73.1 82.1 84.7 83.4 79.1 76.5 76.9 81.8 80 79.6 84.6 89.3 95 99.4
7.5 7.4 7.3 7.2 7.1 6.9 6.8 6.7 6.6 6.4 6.2 6 5.8 5.7 5.5 5.3 5 4.1 4.1 3.9 4 3.7 3.3 4.3 2.5 -3 -3 -3 -3 -2.5 -1.6 -0.8 0 0.8 1.6 2.3 3 3.3 2.7 3.4 3.4 3.5 3.5 3.4 3.3 -3 -3 5 6.2 6.8 4.5 4.4 4.4 4.9 6.1 3.1 5.9 5.7 7.9 12.3 19.8 24.2 29.7 31.6 35.5 43.6 50.2 54 53.8 57 61.6 66.4 72.8 74.5 69.5 64.3 59.8 59.6 61.6 62.9 71.6 71.3 72.6 79.3 83.5 87.1 87.3 88.7 94.5 98.4 102.2 106.4
7.5 7.4 7.3 7.1 7 6.9 6.8 6.6 6.5 6.3 6.1 5.9 5.8 5.6 5.4 5.2 4.9 4.2 4.1 4 3.8 3.7 3.1 4.2 3.9 -3 -3 -3 -3 -3 -2.2 -1.4 -0.5 0.3 0.9 1.6 2.3 2.4 2.8 3.6 3.2 3.4 3.3 3.2 3.2 3.2 -3 4.4 5.6 6.8 4.4 4.4 4.3 4.2 3.7 -3 4.6 5.9 9.5 12.7 20 25.7 29.1 32.1 39.5 46 51.3 55.5 58.6 59 57.8 57.4 53.1 52 61.5 64.2 67.4 71.4 74.9 75.9 77 78.4 80.8 85.3 89.4 93 95.3 99.4 104.1 107.7 110.3 113.4
7.4 7.3 7.2 7.1 7 6.8 6.7 6.6 6.4 6.2 6 5.8 5.7 5.5 5.3 5.1 4.8 4.2 4.1 4 3.8 3.7 3.3 4.1 3.8 -3 -3 -3 -3 -3 -3 -1.9 -1.1 -0.5 0.1 0.8 0.9 0.2 1.7 3.4 -3 3.2 3.3 3.1 3 3.6 -3 4 5.2 6.4 4.2 4.2 4.1 4 -3 -3 5.2 6.7 9.4 12 22.8 26.6 29.5 34.7 41.2 46.5 50.9 55.1 54.1 43.4 48.7 53.6 59.1 65.7 70.1 72.3 74.6 77.6 80.1 81.6 83.9 87.3 88 91.2 96.2 99.1 102.5 107 112.5 115 115.9 119.2
7.4 7.3 7.2 7 6.9 6.8 6.6 6.5 6.3 6.1 5.9 5.8 5.6 5.4 5.2 5 4.7 4.3 4.2 4 3.9 3.7 3.5 4 3.7 3.6 -3 -3 -3 -3 -3 -2.5 -1.9 -1.3 -0.7 -0.5 -1.3 -2 -3 -3 3.3 3.7 3.3 2.8 3.2 3.6 -3 -3 4.2 5.6 6.8 4.1 3.9 3.8 -3 5.3 5.9 7.9 9.4 13.8 21.9 26.3 29.8 35.6 42.3 46.9 51.4 52.9 44.7 52.9 60.7 66.8 71.9 78.3 80 82.1 84.3 85.5 86.6 87.5 90.4 95.3 95.1 98.8 102.3 105.5 109.5 112.7 116.1 119.5 124.6 126.9
7.4 7.2 7.1 7 6.9 6.7 6.5 6.4 6.2 6 5.8 5.7 5.5 5.3 5.1 5 4.6 4.3 4.2 4 3.9 3.7 3.6 3.8 -3 -3 -3 -3 -3 -3 -3 -3 -3 -2.2 -2 -2.7 -3 -3 -3 0 3.2 -3 -3 3 -3 -3 -3 -3 -3 4.3 6.6 4 -3 3.3 -3 5.5 6.2 7.9 9.6 11.1 15.7 16.2 24.1 35.7 43.3 42.9 41.5 45.8 56.6 63.5 70.6 77.5 82.3 87.2 90 91.9 93.7 96.4 97.1 97.1 97.2 97.4 100.4 103.3 105.1 108.2 111.9 119.9 123.3 129.8 132.6 133.7
7.3 7.2 7.1 6.9 6.8 6.6 6.5 6.3 6.1 5.9 5.7 5.6 5.4 5.2 5 4.9 4.5 4.3 4.2 4.1 3.9 3.7 3.6 -3 -3 3 3.3 3.1 3.3 -3 -3 -3 -3 -3 -3 -3 -3 -3 -3 -3 -3 -3 2.5 3.4 3.7 -3 -3 3.3 -3 -3 5.4 3.9 -3 -3 -3 3.9 5.8 7.3 8.8 10.9 16.1 22 26.5 30 35.4 46 55.5 61.7 68.3 75 81.8 86.3 91.1 96 98 99.7 101.8 106.7 107.1 106 104 102.5 105.2 108.4 108.1 113.6 118.4 124.6 130.4 136.3 139.5 141.9
7.3 7.1 7 6.9 6.7 6.5 6.4 6.2 6 5.8 5.7 5.5 5.3 5.1 4.9 4.8 4.5 4.4 4.2 4 3.7 3.5 -3 -3 3 3.2 3.3 3.3 3.3 3.3 -3 -3 -3 -3 -3 -3 -3 -3 -3 -3 -3 -0.6 1.6 3.5 3.8 -3 -3 3.3 3.7 -3 -3 3.8 -3 -3 3.9 3.4 4.9 6.6 7.7 17.8 22.9 28.2 32.6 36.8 45.1 54.6 63.5 72.7 79.8 86.4 91.6 95.5 99.6 103.4 106.3 107.3 110.2 114.6 117 112.9 107.7 109 110.6 112.5 115.6 121 129.9 133.6 135.9 138 141.3 143.6
7.2 7.1 7 6.8 6.6 6.5 6.3 6.1 5.9 5.7 5.6 5.4 5.2 5 4.8 4.6 4.4 4 3.8 3.7 -3 -3 -3 3.5 1.5 3.4 3.3 3.3 3.3 3.3 -3 -3 -3 -3 -3 -3 -3 -3 -3 -3 -1.8 0.2 1.9 3.1 3.3 -3 -3 3.3 3.4 -3 -3 1 -3 -3 6.5 6.4 3.3 4.8 6.8 17.4 25.1 29.6 35.2 42.1 51.9 61.3 70.5 80 90.2 96 98.5 102.5 106.5 111.3 116.6 115.2 116.6 115.9 117.3 116 112.4 115 115.8 118.3 121.1 127.2 135.8 140.4 144.3 146.9 148.3 150.7
7.1 7 6.9 6.7 6.5 6.4 6.2 6 5.7 5.5 5.3 5.1 4.9 4.7 4.5 4.3 3.6 3.7 2.5 2.9 -3 3.6 3.6 3.7 3.5 3.4 3.3 3.3 3.3 3.3 3.3 -3 -3 -3 -3 -3 -3 -3 -3 -3 -1.3 -0.1 1.1 2.3 3.3 3.3 3.4 3.3 3.3 3.3 3.7 6.2 4.2 6.4 7.6 6.9 6.5 7.6 8.5 16.7 26 32.1 39 49.1 58.7 68.3 77.9 87.4 97.2 101.8 104.8 107.7 113.5 114.9 114.9 118.1 121.8 118.7 117.2 116.2 118 118.8 120.4 126.9 131.1 137.5 142.6 147.5 152.3 156.9 160 158.3
6.8 6.9 6.7 6.5 6.2 6 5.8 5.6 5.4 5.2 5 4.8 4.6 4.4 4.2 4 3.1 3.3 3 -3 3.5 3.9 3.8 2.8 3.5 3.3 3.2 2.7 3.3 3.3 3.3 -3 -3 -3 -3 -3 -3 -3 -3 -3 -1.8 -0.6 0.6 1.6 2.5 3.2 3.4 3.6 3.5 3.3 4.1 6.8 4.6 7 7.3 6.8 7.5 7.4 8 17.3 27 35.1 44.4 57.1 65.6 74.8 84.9 95 103.3 106.2 109.2 113.4 118.8 120.8 121 120.7 120 122.1 121.8 119.7 120.7 124.7 131.1 135.8 140.9 145.3 149.3 154.8 159.1 162 163.6 156.9
6.9 6.8 6.5 6.2 5.9 5.7 5.5 5.3 5.1 4.9 4.6 4.4 4.2 4 3.9 3.7 2.6 2.5 -3 3.4 3.8 3.8 3.7 3.7 3.7 3.4 3 2.7 2.9 2.9 3.7 3.5 -3 -3 -3 -3 -3 -3 -3 -3 -2.1 -1.2 -0.2 0.7 1.5 2.4 3.3 3.5 3.7 3.6 4.2 6.8 5.1 6.3 7.1 7.2 7.1 7.3 7.7 20.4 29.8 38 48 61.8 68.5 78.2 88.1 100.9 107.1 111 113.6 118.2 123 125.4 124.8 123.5 126.9 128.9 124.9 129.5 130.5 134.6 139.9 145.7 148.8 151.5 154.8 158.7 159.5 162.6 164.5 167.9
6.8 6.8 6.4 6.1 5.7 5.3 5.1 4.9 4.7 4.5 4.3 4.1 3.9 3.7 3.6 3.5 -3 -3 3.2 3.6 3.8 3.7 3.7 3.7 3.7 3.8 3.5 3.2 2.4 2.5 3.5 3.9 4.3 -3 -3 -3 -3 -3 -3 -3 -3 -2 -1.1 -0.2 0.6 1.4 2.4 3.3 3.4 1.9 2 6.8 5.9 5.8 6.5 7 7.3 7.7 8 20.2 30.7 45.5 54 59.9 66.8 81.1 93.1 103.5 108.7 113.7 117.8 121.7 126.6 129.5 129.3 132.7 135 133.8 130.3 135.5 141.2 143.7 145.4 149.2 152.7 156.7 159.8 159.9 163.1 170.3 176.1 184.1
6.7 6.7 6.3 5.9 5.6 5.3 4.9 4.6 4.4 4.2 4 3.7 3.6 3.5 3.3 -3 -3 3.1 0.9 2.8 3.7 3.7 3.6 3.6 3.7 3.8 3.9 3.7 2.2 2 3.4 3.6 3.8 3.6 -3 -3 -3 -3 -3 -3 -3 -2.9 -2 -1.2 -0.4 0.5 1.6 2.7 3.3 2.4 3.6 6.7 7.3 7.5 6.3 6.8 7.1 7.3 8.1 19.6 30 43.3 55 62.3 71.2 83.6 95.9 105.9 110.2 114.2 120.2 124.6 130 134.9 138.8 139.9 139 136 136.6 140.6 143.5 149 149.7 151.4 155.3 158.5 162.1 167.6 174.7 183.2 191 195.9
6.6 6.6 6.1 5.7 5.4 5.2 4.8 4.4 4 3.8 3.6 3.4 3.3 3.4 -3 -3 3.7 3.5 2 2 3.5 3.6 3.6 3.5 3.6 3.7 3.8 3.9 3.8 1.9 2.9 3.9 3.3 3.4 3.3 -3 -3 -3 -3 -3 -3 -3 -3 -2.2 -1.3 -0.2 0.9 2.1 3.3 3.5 4.3 6.7 6.2 7.5 6.8 6.9 7.2 7.6 8.2 17.8 27.7 40.1 53.3 65.2 77.4 87 100 107.1 110.6 115.2 122 126.6 134.7 142.6 145.3 144.9 141.2 138.5 140.5 146.1 148.6 151.1 154.9 157.2 159.8 163.3 172.7 178.6 185.4 190.7 196.3 199.6
6.6 6.5 6 5.5 5.3 5 4.7 4.3 3.9 3.5 3.3 3.4 3.4 -3 -3 3.3 3.3 2.1 2.2 2.2 2.5 3.5 3.5 3.5 3.6 3.7 3.8 3.9 3.9 3.8 3.1 2.7 3.6 3.3 3.3 3.5 -3 -3 -3 -3 -3 -3 -3 -3 -2 -1 0 0.9 2.1 3.6 4.1 6.6 7.5 7.6 7.4 7 7.5 7.8 8.1 16 25.2 37.8 51.7 65.4 78.8 89.1 99.7 106.3 110.6 116.7 123.3 130.2 138.5 144.4 150.9 147.9 143.3 142.4 143.9 149.1 152.4 154.3 158.1 162.1 168.3 173 179.3 186.5 193.5 198 205.5 210.6
6.5 6.5 5.9 5.3 5.1 4.8 4.5 4.2 3.9 3.5 3.3 3.3 -3 -3 3.3 3.3 2.3 2.4 2.5 2.6 2.6 3.1 3.4 3.5 3.5 3.6 3.7 3.7 3.9 4 3.8 3.7 3.5 3.6 4.4 3 3.3 -3 -3 -3 -3 -3 -3 -3 -3 -2.1 -1.5 -0.9 0.8 3.1 4.9 6.5 7.9 7.9 7.6 7 7.5 8 8.2 15.1 25.3 35.9 49.7 63.5 79.6 89.3 99.3 105.7 112 118.8 125.3 133.2 139.3 145.2 149.9 150.7 147.5 149.4 150.5 154 154.1 156.6 160.6 165.7 173.9 181.2 185 191.9 202.1 206.6 212.4 215.2
6.4 6.4 5.8 5.2 4.9 4.6 4.2 3.8 3.4 3.1 3.2 -3 -3 3.3 3.3 3.3 3.3 2.7 2.8 2.9 2.9 3 3.4 3.4 3.5 3.6 3.7 3.9 4 4.1 4.1 3.9 3.7 4.2 3.4 3 1.3 -0.4 -1.8 -3 -3 -3 -3 -3 -3 -3 -3 -3 -0.6 1.8 3.6 6.4 8.3 8 7.7 7.6 7.3 7.8 8 14.1 24.5 33.7 49.3 65 81 90.4 101.9 110.2 116.6 122.1 129.2 136.1 142 146.7 149.8 148.8 151.1 153.9 155.2 155.2 157.4 162.5 166.9 174.8 183.6 186.6 192.1 199.3 211.5 217.9 220.1 224.4
6.3 6.3 5.7 5.1 4.5 4.2 3.8 3.4 3 2.8 -3 -3 3.3 3.3 3.3 3.3 3.3 3 3.1 3.2 3.3 3.3 3.3 3.4 3.6 3.7 3.8 4 4.1 4.2 4.3 4.1 4.2 4.5 3.3 2.2 1 0.1 -0.9 -1.8 -3 -3 -3 -3 -3 -3 -3 -3 -3 0.5 3.3 6.4 8.9 8.2 7.8 7.7 7.7 7.6 8 13.3 24.3 35.1 50.6 67 81.3 91 103.4 117.2 122.2 125.4 132.5 142.1 146.9 150.9 153.9 156 156.2 157.5 158.7 158.3 161.6 167.8 173.1 183.7 190 192.6 199.3 205.6 216.8 224.4 230 237.1
