data/240000-880000.asc
ncols 200
nrows 200
xllcorner 240000
yllcorner 880000
cellsize 50
[rows 70 to 104 of 200, columns 78 to 155 of 200]
449.1 456.6 464.7 470.1 475.4 481.1 486.4 491.8 495.8 500.5 505 508.5 509.9 511.3 507.9 507.4 506.1 503.2 497.8 488.5 480.3 470.2 456.2 444.3 434.3 420.4 414.9 411.5 405 396.8 394.2 393 387.5 384.6 386.9 385.8 378.3 366.8 363.6 358.9 348.2 336.2 319.6 310.6 297.6 288.6 283.4 280.3 278.5 275.6 268.5 260.9 255.6 252.8 251.4 240.9 232.4 208.1 184 192.6 215.7 240.8 267.4 290.9 305.7 317.9 325.7 332 339.6 347.1 351.7 353.4 347.4 350.2 352.5 354.3 357.3 359.2
458.5 466.8 473.6 479.4 485.7 491.2 495.7 499.4 502.8 505.9 507.9 509.7 511.4 512.2 514.2 517.9 520.2 520 512.2 504.4 496.2 486.7 478 467.9 456.5 443.4 436.2 437.6 432.2 423.3 419.6 417.6 409.3 406.2 404.5 398.1 386.3 378.8 371.5 364.3 351.3 332.2 315.3 305.7 298.7 293.4 286.3 283.5 282.3 279.7 273.3 263.1 255.2 250.3 248.5 242.7 232.3 208.2 187.3 191.2 211 234.4 258.4 281.2 295.8 306.6 314.9 321.8 330.6 338.4 342.8 337.5 340.4 343.8 347.5 352.6 356.4 360.2
470 477.2 484.2 490.6 497.2 501.3 505.1 507.9 509.3 511.2 512.2 513.9 515.6 516.9 519.9 523.5 526.4 527.6 524.6 518.9 517.1 506.5 495.1 484.5 476.6 469.7 466.2 460.7 452 444.2 438.2 432.9 425.4 420 409.9 402.1 393.7 386.6 376.9 361 345.5 326.6 315 306.5 300.4 296.3 291.9 293.7 289.5 285.2 276.7 267.9 259.8 251.2 246 244.9 237.1 219.8 198 187.7 207.4 230.2 252.1 272.7 289.1 298.9 304.7 312.2 322.7 331.4 336.4 334.1 335 339.6 344.7 350.1 354.9 360.1
480.2 488.4 496.5 503.4 508.6 513.3 516.9 519.1 521.2 522.3 521.8 523.6 524.4 523.7 524.4 525.6 527.6 528.8 528.5 525.4 521.1 513 505.2 494.1 485.9 480.1 474.2 466.5 456.2 449.2 442.7 436.8 430 422.6 413.4 404.7 397.6 386.5 372.7 356.9 341.9 331.5 319.3 310.4 304.4 299.6 298.2 296.3 293.2 286.9 278.8 274.8 266.7 257.8 251.2 242.9 241.8 230.1 201.5 194.9 203.8 228.1 249.6 266.6 283.4 289.1 297.1 306.5 313.7 320.3 325.4 327.2 332.8 339.7 345.1 350.3 353.9 358.8
491.6 499.7 508.6 516.8 523.7 528.7 532.8 533.5 532.3 530.7 529.2 531 534.1 531.3 527.6 527.6 529 530.1 530 526.3 521.9 515.1 505.7 497.9 490.1 481.7 473.3 463.5 454.8 447.9 443 437.2 430.1 424.5 418.3 408.4 398 386 371 356.1 345.4 332 322.9 316.2 306.1 303 302 298.9 292.6 287.9 277.2 269.7 263.6 258.2 251.8 242.2 242.1 235.7 221.1 195.3 197.6 224.3 244.7 263.1 276.3 282.1 290.7 302.2 310.7 313.5 320 324 332.1 338.7 343.1 347.8 357.3 362
504.3 513.3 523.9 534.4 539 540.2 539.7 538.2 535.8 531.7 534.2 536.9 533.4 528.2 526.7 527.2 526.9 526.5 526.8 523.6 517 509.5 501.4 493 483.7 474.7 467.1 458.5 450.6 445.5 441.6 435.9 430.1 423.4 415.1 405.5 394.4 379.8 367.8 355.8 346.7 331.5 323.8 316 308.1 304.7 301.8 298.3 293.9 285 276.1 268.8 262.9 259.6 252 242.5 237.9 234 229.2 203.7 197 222.5 240.1 257.1 266.8 279.5 284.9 289.9 305.6 309.4 320.6 320.7 330.2 335.5 340.5 347.9 355.6 360.8
515.7 528.1 539.4 547.2 549.3 547.9 543.3 540.8 538.2 534.1 530.4 529.7 526.8 524.3 523.8 524.2 524.4 521.6 516.9 512.4 507.2 498.4 489.8 481.4 472.1 463.4 457.2 452.2 445.8 440.7 435.8 430.5 424.2 416.7 407.9 397.5 386.9 374.4 362.6 352.7 339.8 330.9 324.1 314.8 306.7 302.4 294.4 292.5 285.2 279.3 270.7 264 258.8 255.8 249.1 244.5 237.8 235.1 214.9 193.7 194.2 216.6 235.1 247.5 259.2 268.7 279.6 288.8 299.8 308.4 318.8 314.9 323.1 332 341.2 345.1 352.9 361.2
526 535.9 545.2 549.4 548.9 547.2 544.6 541.4 539.2 536 531.2 527.8 524.1 522.1 520.4 519.3 516.4 511.7 505.6 499.2 492.3 485.2 476.4 467.8 459.4 454 448.5 444.4 439.4 433.2 428.2 423.3 416.7 409.4 399.5 388.8 378.3 367.4 357.4 347.2 337.2 328.9 323.2 313.9 305.5 300.1 294 287.6 281.1 273.9 264.6 260.1 254.8 253.5 245.1 244.7 238.5 231.2 218.6 197.3 200.6 206.1 222.3 237.5 248.1 264.7 276.4 284.8 293 300 307.2 315.8 322.7 326.1 334.6 341.7 353.4 361.8
530.3 537.9 544.3 548.3 547.7 545.8 543.7 540.9 539 535.9 529.6 524.8 521.6 517.8 514.5 509.7 505.2 498.9 491.6 484.2 477.8 470.3 462.8 454.4 447.3 442 438.5 434.4 429.2 422.7 415.9 411.4 405.8 397.9 387.5 379.3 370.5 362.9 350.6 340.9 332.7 324.7 316.7 309.9 301.1 293.3 285.9 277.8 277.3 272.9 259.7 253.5 249.8 248 239.9 237.6 235.9 231 218.4 202.2 210.7 216 208.5 228.4 242.7 258.1 273 280.1 289.3 298.7 307.9 320.1 326.4 328.5 340.3 344.6 356 364.9
535 540.6 545 545.6 543.8 542.1 539.7 537.1 534.2 529.9 524.3 518.4 513.4 509.1 504.1 498.1 491 483.7 475.5 468.2 462.3 454.5 447.7 441.9 435.8 431.1 425.7 422.1 415.9 409.9 402.7 396.9 391 385.1 378.7 371 363 353.3 342.8 333.7 325.1 316.1 308.9 302.6 294.9 286.3 278 271.6 271.7 269 258 253.5 251.2 243.3 238.9 226.3 217.5 206.9 206.3 210.5 216.9 226.5 218.6 223.3 242 258.8 274.4 283.5 288.8 301.1 313.8 322.8 327.7 332.1 342.8 349.9 358.6 367.8
540.2 543.8 542.1 541.1 538.7 535.9 532.5 529.6 526.7 521.6 515.6 510.2 504.2 498.3 491.2 483.4 476.4 468.3 461.1 455.4 447.7 440.2 434.3 429.2 422.9 418.5 413 408 401.6 395.5 389 384 379.1 374 368.4 361 352.8 345.1 334.5 325.1 317.1 308.7 300.5 294.1 285.3 278.3 270.6 265.4 263.6 261.1 249.9 247 246.5 238 222.9 211.5 211.6 212.5 214.7 222.9 227.6 235.5 232.6 221.3 239.8 256.3 271.6 282.5 291.3 307.3 316.4 325.2 326.8 336.9 345 350.2 361.4 369.5
543.7 541.8 538.9 536.3 532.8 529 524.5 519 514.2 510.1 503.8 496.9 490.2 482.6 476.1 468 460.7 454.3 448.9 442.5 435 428.3 422.2 416.7 409.5 403 397.7 392.6 388.1 382.3 376.9 372.8 368.1 361.7 355.6 349.2 342.7 334.7 325.9 317.2 309.1 300.9 292.2 285.7 280.7 273.2 266.3 264.1 262.9 257.1 241.2 239.1 233 219 216.4 225.3 224.5 223.7 226.2 234.2 234.2 239.3 239.4 225.2 232.5 252.8 267.3 281.5 290.1 304.4 310.9 319.7 327.3 338.4 345.7 353.7 362.9 371.7
541.5 537.9 533.5 528.8 524.9 520 514.1 507.5 500.7 495.4 490 482.8 474.9 466.3 460.2 453.3 446.6 441.4 435.8 429 420.1 414.2 407.6 401.1 395.1 389.5 384.1 379.5 375.7 370.2 365 360.6 355.1 347.6 342.2 337.5 330 322.9 314.6 305 297.8 291.6 284.1 277.7 272.7 264.4 260.6 256.9 253.9 248 237.7 221.3 218.9 225.5 235.1 233.2 233.2 235 236.9 235.1 238.8 239 241.4 229.9 228.2 246.1 261.9 275.8 287.3 300.3 309.9 316.7 328 339.1 342.6 354.7 363.9 375
536.2 530.2 525.7 521 515.8 509.5 501.8 495.3 487.1 481.8 474.6 467.5 460.1 453.1 446 438.5 432.6 424.5 418.6 411.9 404 397.7 391.5 386.4 381.8 376.4 371.8 368 362 357.4 352.2 347 341.4 335 329.2 322.8 315.2 308.1 300.3 294 286.6 281.4 276.7 271.3 266.1 259.2 253.3 246.4 240.7 230.5 222 224.9 229.1 234 236.1 239.6 244.1 248.4 248.3 246.6 246.9 245.1 241.7 238.6 226.9 238.9 257.2 272.2 282.8 295.9 307.2 316 328.3 336.3 345.7 354.9 362.9 371.9
528.1 521.8 516.2 510.6 504.5 496.1 488.2 480.8 473.3 467.6 460.4 452.4 444.2 435.6 428 420.7 414.5 408.2 402.3 396.7 391 384.5 379.5 374.9 370.3 365.2 359.6 355.1 349 343.2 338.4 332.5 327.6 323.8 316.2 308.6 301.5 294.3 290.5 286.3 277.1 271.3 265.8 261 253.7 247.7 240.4 233.9 229.7 228 236.5 237.7 237.4 239.7 247.3 254.3 258.9 262.9 259.9 257.8 256.8 252.5 246.4 243.6 232.2 231.5 249.1 263.8 278.1 291.5 306 316.4 327.3 337.8 347.7 354.6 358.4 367.3
516.2 509.3 503.3 495.2 487.9 480.8 473.9 466.1 458.6 451 443.4 436.2 428 419.4 411.9 405.4 398.9 393.7 387.9 381.3 376.2 370.7 366.3 360.9 355.9 351.6 346.3 340.5 335.3 329.9 324.7 320 314.9 311.3 304.5 298 292.1 287.8 284.1 281.1 275.3 267.2 260.8 254.2 249.9 242.7 232.5 229.4 234.3 238.4 241.5 243.4 247.6 252.9 259.4 270.9 275.9 277 270.6 270.7 268.2 258.7 253.8 245.6 233.7 228.7 241.6 261.6 275.3 290.1 302.5 311.9 327.8 336.7 345 349.8 352.2 361.1
500.5 493.9 486.1 477.5 470.9 464.8 457.3 450.1 442.5 435.4 427.4 419.8 411.7 402 395.7 389.7 383.3 378.6 372.9 366.7 360.9 355.4 351.7 346.5 342.6 336.1 332.9 327.4 322.1 317.7 312.4 309.5 304.6 296 293.4 287.7 283.9 277.7 275.9 269.3 264.4 258.3 251.6 248.9 238.1 233.8 235.9 238.7 243.2 246.3 249.7 255.2 260.4 267.9 279.1 288 291.1 284.2 282.4 280.8 274.1 265.1 259.3 244.2 238.6 234.6 236.5 253.6 272.2 285.2 297.6 308.6 321.5 331.3 340.7 344.9 346.8 352.2
484 477.2 469.5 462.2 454.6 447 439.4 432.3 423.5 416.5 409.2 400.7 393.8 385.9 379.5 373.9 367.8 362 356.2 349.7 345.3 339.7 337.6 332.4 330.2 325 322.3 316.5 309.6 305.4 301.7 298.5 294.3 289.5 283.4 278.3 273.9 269 264.8 259.8 254.9 248.8 243.7 236.7 236.3 239.4 242.3 246 250.3 258.7 264.7 268.5 276.9 283 291.3 300.8 304.8 297.7 295.4 288.4 277.7 271 260.5 248.7 242.3 240 232.4 252.9 265.3 280.9 292.7 304.9 313.4 324.3 331.6 336.1 340.6 345.9
466.4 460.5 453.5 444.8 436.2 428.5 418.8 411.5 403.3 397.3 390.8 382.9 375.8 369.7 363.3 357.4 352.5 345.4 339.6 333.6 330.1 325.6 323.1 319.5 316.1 312.2 308.6 304.5 299.3 293.7 292.1 290.2 285.7 279 272.4 268.4 266.5 260.6 255.1 252.1 246.2 240.5 238 241.2 242.6 245.3 250.5 256 262.4 269 278.8 288.1 293.8 301.2 304.7 308.1 306.7 309.8 307 298.1 283.9 273.8 262.7 254.4 245.4 242.7 234.8 248.6 262.3 275.3 288.7 298.2 305.8 314.4 324.1 328.8 334.4 338.7
449 440.8 433.5 424.8 416.7 407.7 400.2 393 385.7 380.1 374.3 366.8 358.5 352.1 344.9 339.8 336 328.5 322.7 320.5 318.7 313.9 312.7 310.1 305.3 302.3 300.9 295.3 290.1 285.6 284.1 280.1 275.3 270.5 264.4 260.5 256.8 252.5 246.9 244.2 243.7 246.1 247.8 247.4 251.6 257.7 266.1 271.1 278.4 288 296 301.6 309 316.1 315.3 315.6 319.7 321 312.9 301.1 289.8 278.9 265.9 259.7 254.9 250.5 236.7 241.6 260.1 271.7 284.5 294.9 303.1 310.3 317.5 322.4 327 331.8
428.3 418.9 411.2 402.1 394.9 386.2 380.8 373 368.5 362.7 357.4 347.3 341.4 334.1 329.6 324.6 321.1 316.9 312.5 311.4 307.9 303.1 302.4 300.3 294.4 291.1 290.6 288.1 282.4 276.7 275 271.2 265.9 261.8 256.6 253.4 250.3 247.8 244.5 248.5 249.6 253.1 255.9 262.6 269.1 277.7 284.5 293.2 298.7 307.1 315.2 322.6 326.3 331.5 329.1 327.6 326.6 320.6 312.7 301 290.6 284 270.9 265 262.9 258 237.6 247.8 256.4 266.9 280.6 291 298.6 305.5 311.5 318 322.2 327
408.3 400.2 390.9 381.8 375.1 367.6 361.5 355.3 350.3 345.9 338.2 329.5 326.2 323.3 320.6 317.4 311.6 310.6 305.8 301.1 299.1 294.7 293.5 291.8 286.3 283.6 283.1 279.6 272.2 267.9 263.9 262.5 259.3 255.8 256.6 249.9 247.4 249.9 252.8 253.8 257.3 265.2 273.2 282.5 291.6 298 306.2 315.5 319.9 325.9 334.3 340 337.9 337.3 333 332.3 326.7 320.7 308.4 298.6 291.3 280.8 271.6 266.1 258.4 253.2 238.1 249.8 260.8 263.9 274.8 287.8 295.8 301.8 308.7 314.1 318.6 323.3
386.1 377.7 369 361.8 354.3 347.2 343.3 339.6 337.5 333.2 324 320.6 318.1 314.4 310.4 307.3 303.1 299.2 295.8 292.1 290.5 289 285.8 283.4 275.9 276 274.7 266.1 262.4 261.2 257.8 256.4 254 252.4 251.7 252 259.5 261 261.8 267.6 272.7 281.8 293.3 305 313 321.6 327 337.1 343.5 342 352.7 355.3 352.9 348.8 343.5 337.3 330.8 321.6 305.2 294.2 284.5 275.4 268.7 264.3 259.5 245.1 239.6 244.8 250 262.2 274.7 285.1 291.7 298.4 305.1 311.1 315.5 319.2
364.4 359.4 351.7 345.4 339.5 336 331.8 327.5 325.8 322 314.1 311 304.6 302.7 298.4 298.5 293.4 290.3 287.7 284 280.5 276.8 274.6 269.5 266.6 269.3 264.5 261.8 259.5 257.5 256.7 255.7 259.9 261.6 263.9 263.9 267.2 271.2 276.2 285.1 297 297.5 311.4 321.3 333.6 344.8 348.9 355 362 362.7 365.4 365.7 361.7 359.5 357.3 348.9 336.6 318.6 302.2 292.1 278.9 270.7 263.4 260.8 256.6 239.5 243.8 250.9 259.7 267.1 273.7 277.7 286.2 297.4 305.2 311.2 315.1 320.7
345.8 341.5 338 330.2 326.8 323.8 322.3 317.9 316.6 307.5 305.8 306.4 296.4 295.2 291.6 290.5 284.1 282.2 276.5 272.4 270.1 269.2 267 266.8 263.5 263.1 261.8 258.4 258.3 261.3 262 265.1 272.1 275.6 275.8 276.7 282.4 291.5 298.1 307.6 317.3 320.9 328.2 340.9 356.3 364.8 368.8 372.4 375.3 378.4 379.9 377.7 371.7 373.1 370.8 360.6 341.2 314.7 297.5 286.5 274.3 265.5 261.9 257.5 244 242.7 249.8 258.8 265 267.5 277.1 286.1 294 301.9 307.8 313.7 317.8 322.4
332.6 326.7 324.3 322.2 318.7 316.2 314.6 310.4 309.3 299.9 301.1 293.9 288.3 290.2 286.5 284.8 276.6 273.2 271.1 266.3 266.9 266.4 264.2 263.2 263.6 261.2 259.2 264.8 268.6 273.1 279 284.3 286.9 291.4 290.4 290.5 298.8 308.3 320 326.6 332.4 341.3 351.4 363.7 371.3 377.2 382.5 385.2 387.1 388.6 388.5 388.1 385.1 388.7 379.4 359.7 342.4 312.8 293 283.5 271.8 263 257.8 253.7 243.8 247.5 256.6 262.5 267.8 271.4 277.8 283.8 295.8 304.7 309.2 314.5 318.8 323.2
322.7 319.2 318.8 315 311.5 309.9 306.8 305.1 302.3 296.3 298.1 283 283.3 282.3 281.7 274 271.8 271 269.5 272.4 273.6 279 273.1 272 270.6 273.6 275.2 278.4 284.2 290.7 296.2 306.6 307.5 306.4 312.2 307.3 320.1 327.6 336.9 345.5 353.5 361.6 370.7 379.5 386.3 391.8 394.6 398.6 398.1 396.1 396.3 396.6 395.2 395.8 378.5 352.1 324.7 303.5 292.2 277.2 268.6 261.9 255 248.3 245.9 250.9 258.4 264 270.9 274.7 281.4 291 296.6 304.7 309.9 315.2 320.6 326.3
316.3 314 312.1 307.3 306.8 305.1 302 299.6 294.2 294.1 288.4 280.5 283.5 277.9 274 271.9 269.2 269 273.1 277.7 279.9 283.5 284.2 284.3 285.7 288.7 294 299.8 303 306.3 318.8 329.5 334.3 335.1 335.9 343.5 350.7 358 360.9 367.9 371.7 378.6 385.7 394 402.9 410 415.2 417.5 419.2 416 409.3 404.4 396.6 391.5 373.1 337.3 314.2 295 284.5 273.8 262.8 259.6 252.8 248.7 249.2 256.2 262.6 265.2 271.6 277 283.7 292.6 299.4 304.2 311 318.6 324.5 330
309.7 307.5 303.2 302.5 300.8 298.5 296.3 292.7 292.1 291.7 284.6 281.5 282.3 273.9 272.2 270.8 273 275.6 280.4 285.9 292.8 296.4 301.5 300.4 305.8 309.4 315.6 319.6 325.9 332.8 346.6 356.6 362.9 362.9 366.3 371.3 377.1 384.7 388.6 392.1 389.9 394.7 404.6 415.8 424.4 431.5 437 436.7 438.5 438.5 428.3 417.4 398.3 388.6 351.9 321.3 299 285.8 277.5 266.7 260.4 251.8 252.8 251.1 256.6 261.4 266 266 274.8 279.1 286.1 293.7 299.9 305.2 313.1 321.1 327.8 334.1
303.2 302.9 297.8 296.3 290.5 289.5 286 288 283.6 282.6 274.5 274.1 273.6 274.7 276 277.6 282.1 286.2 293.8 301 307.5 310.8 314.1 320.2 326.9 330.6 339.2 347.9 353.1 363 377.5 384.4 389 387.4 389.3 392.8 399.7 404.7 409.6 407.9 411.8 417.7 427.9 436.6 443.4 448.3 453.6 456.6 456.7 449.6 440.6 421 397.7 360.2 332 303.4 291 278.9 270.2 259.5 255.6 254.4 255.5 257.6 264.8 267.8 271.5 272.4 278.6 282.4 287.8 294.4 300.9 306.6 314.9 325.1 333.2 339.1
297.6 294.3 291 290.2 286.3 282.9 282.6 279.2 276.7 275.9 274.1 279.1 282.7 282.1 285.8 289.8 297.7 308.2 316.4 318.5 324.5 329.1 332.7 343.2 349.1 356.3 365.1 374.1 381.8 391.8 398.8 404.7 405.3 405.8 406.8 412.5 418.3 422.6 423.6 427.5 432 438.9 444.2 454.4 461.2 464.1 471.4 476.1 471.4 464.5 453.6 422 384.4 343.3 316.4 294.9 288.5 275 265.4 256.5 256.5 255.5 258.7 265.1 270.4 278.2 280.8 279.1 279.3 288.3 291.8 296.5 302.8 309.7 319.1 331.7 339.3 345.6
287.9 288.6 285 284.8 279.6 279.5 279.4 278.2 277.4 278.8 280.3 291.5 292.6 294.3 299.7 306.4 315.2 327.6 331.2 336.4 342.8 353.1 362.1 368.3 376 382.7 391.8 399.9 405 411.6 418 421.7 423.9 424.6 426 431.3 435.6 436.4 439.3 444.8 449 453.1 461.2 470.7 477.1 481.5 486.7 488.1 484.4 482.6 462.4 427.8 384.3 337.5 306.5 290 279.2 272.4 260.3 256.5 256.5 257 264.1 274.3 282.1 288.1 288.5 289.8 288 294.2 298.2 301.2 307.2 315.6 323.7 335.1 347.2 356.4
283.3 283.3 281.7 280.8 285.6 285.9 281 280.9 282.7 286.9 296.8 306.8 311.3 312.9 317 322.6 335.9 343.5 352.7 363.4 376.1 385.8 387.9 391.5 400 411.3 417.5 423.3 427.3 430.4 433.7 437.2 439.6 441 444.5 449 449.2 451.1 456.9 460.9 461.8 468.9 477.9 483.7 491.2 498.2 501.8 501.4 495.9 485 462 422.8 390.1 336.9 300.3 282 273.4 264.8 256.8 256.5 258.4 260.8 273.2 283.1 293 298.6 304.2 303 298.1 297.6 303.3 308 315.6 324.9 334 348.1 359.2 368
285.5 284.5 284.8 287.7 292.1 294.4 292.2 291 295.5 303.9 311.3 323.2 329.2 333.8 342.2 351.2 362.4 373.7 384.3 393.8 398 402.8 405.9 415.7 424.9 436.8 442 445 446.9 448.5 450.3 453.6 455.4 457.6 459.6 462 459.6 465.5 471.4 476.8 478.3 483.1 488.4 496.5 505.9 512.3 512.8 509.9 496.1 476.2 446.4 417.1 386.6 326.5 294.1 276.2 267.6 260.2 257.7 257.9 259.8 268 280.5 294.6 312.1 325.3 327.1 319.8 310.3 307.6 306.2 317.5 326.5 336.1 348.2 361.1 371.3 381.9
291.2 292.7 293.9 298.2 300.4 303.4 306.5 314.5 320.1 328.2 338.8 349.1 354.2 361.7 374.5 384.2 393.5 399 404 408.7 412.8 419.5 429.6 440.2 448.7 456.3 460.3 461.7 462.9 466.4 466.8 467.2 469.9 471 471 472.2 476.9 484.2 488.4 491.5 493.4 494.4 501.1 507.8 515.4 514.6 509 498.2 482.6 461.3 429.9 402.5 353.4 311.4 285.7 273.3 262.8 258.8 256.5 261.6 263.3 275.4 291.9 312.8 334.1 349.9 356.3 339.5 324.4 317.7 319.1 327.1 337.8 347 359.8 371.5 383.5 394.7
