data/240000-80000.asc
ncols 200
nrows 200
xllcorner 240000
yllcorner 80000
cellsize 50
[rows 70 to 104 of 200, columns 79 to 157 of 200]
186.2 187.7 188.9 189.7 190.2 191.6 191.6 193.3 194.6 195.3 196 195.3 191.7 188.2 185.8 183.9 179.8 175.3 172.6 175.7 177.8 180 182.1 182.6 182.1 181.9 181.1 179.4 178.1 176.3 175 174.2 173.1 172.3 171.8 170.2 168.5 166.4 164.8 163.8 164.3 165 166 167.3 169.1 171.6 174.2 175.4 175.9 175.8 174.8 173.4 171.7 171.5 170.4 170 167.5 167.2 159.5 139.7 129.3 120.9 114.4 109.7 106.5 107.9 109 112.6 115.9 120.6 126.3 129.1 131.7 135.2 140.6 147 154.3 163.2 171
191 193 194.5 195.7 195.2 194.1 193.8 195.7 197.4 197.9 198.9 197 193.8 188.9 185.7 182.7 177.3 170.3 167.7 171.5 174.5 175.5 176.6 177.9 175.8 175.5 174.9 173.1 171.7 171 170.5 169.8 168.9 169 168.2 166.6 165.4 163.5 160.5 158.7 159.2 160.5 161.9 163.1 165.4 168.2 170.4 172.5 173.7 173.5 172.7 171.7 171 170.7 169.5 168.4 159.5 147.2 137.9 130.7 124.7 117.4 112.2 106.7 106.4 108.1 113.7 119.3 118.9 124 128.5 134.2 137 141.4 147.9 156.1 162.8 169.2 179.6
191.8 194.5 196.7 197.8 197.5 196.9 196.1 197 197.6 199 199 197.6 189.3 187.7 182.8 176.5 169.9 164 164.9 168.3 171 172 171 171.6 169.3 168.7 167.7 166 165.4 166.5 165.9 165.6 165.5 165.7 164.9 164.3 163.3 160.6 156 154.1 155.6 157.2 158.4 160.3 163.1 166 168.6 170.6 171.1 170.7 170.3 169.1 167.4 165.8 157.1 148 139.1 131.3 127.9 123.5 118.2 113.3 108.9 106.2 107 113 119.4 123.4 122.4 126.3 131.1 137.2 141.9 147 154.1 163.1 172.1 180.7 186.6
191.5 194 195.9 196.8 196.6 196.3 196.3 196.9 197.8 197.8 196.2 190.8 186.7 183.4 177.8 169.5 162.2 159.2 162.6 165 166.6 168.3 167.2 165 161.6 160.5 158.4 157.5 159.9 162.2 162.9 162.6 162.8 162.4 161.1 160.5 160 156.4 150.9 149.6 152 154.3 157.2 159.7 162.9 165.9 168.7 169.2 169.3 168.7 166.8 159 150.6 140.6 133.9 131 126.8 122.5 119.6 115.9 111.3 108.3 106.1 107.4 110.9 116.4 121 124.5 125.2 127.2 132.7 138.8 145.4 152.3 161.3 171.6 179.6 189.4 197.3
189.9 192.4 194.2 195 195.5 195.5 196 196.4 196.5 194.7 190.2 185.9 181.1 175.2 169 162.2 157.8 156.1 158.1 160.8 162.5 161.3 159 157.7 152.8 151.9 152.7 150.5 150.9 152.3 154.8 157.1 158.3 156.9 155.7 157.5 156.4 152 143.4 149.6 153.6 155.4 157.8 160.1 162.8 166.1 168.2 165.2 157.5 147.9 142.2 137.2 132.3 127 121.5 118.3 115.8 113.4 111 107.8 105.9 105.2 105.7 108.3 112 115.9 120.9 123.8 128 131.3 137.3 144.2 151.7 160.8 169.5 178.6 186.5 197.1 204.8
187.7 190.1 191.4 193.1 194 195 195.5 196.1 195.6 192.1 187.3 181.4 175.1 167.5 160.2 157.3 154.6 152.3 154 155.8 154.9 151.9 149.4 147.9 146.1 145.5 145.5 145.4 146.3 148.2 149.9 151.1 150.5 149.5 150.7 153.4 151.5 142.2 137.9 149.7 153 154.9 156.9 160 162.6 163.1 154.3 144.5 138.6 136.2 132.3 126 121.2 116.5 113.7 110.9 107.5 106 106.3 105.2 104.8 104.5 106.1 109.5 113.5 117.2 122.1 125 129.5 136.9 143.4 151.9 159.3 168.9 178.1 186.7 196.3 204.3 211.6
185.6 187.8 190.1 192 193.5 194.8 196 196.3 195.4 191 184.8 176.4 170.5 162.5 157.1 154.1 150.5 147.4 148.7 149.2 148.3 146.3 145 142.8 140.6 138.1 136.6 139.3 143.2 144 143.2 142.8 142.9 141.1 143.1 146.3 143.7 131.8 142.4 146.4 148 150.3 153.1 151.6 147 141.6 137.3 135.2 133.1 132.2 125.5 116 108.3 109.8 107.9 104.5 105.1 104.7 105.1 104.4 104.4 106.4 108 111.1 114.3 119.5 124.5 127.8 132.7 142.2 148.3 158.8 167.8 177.3 186.9 197.1 205.8 212.6 219.8
184.9 187 189.4 191.6 193.6 195.6 196.4 196.2 195 191.3 183.3 174.2 167.4 160.1 154.8 150.8 147.4 142.6 142.1 142.5 142.1 142.2 141 138.2 136 131.5 132.6 135 138.4 136.6 133.5 129.7 129.8 130.3 130.4 130.7 130.5 127.7 135.1 137.9 138.9 136.1 134.8 132.8 130.1 128.6 128.8 127.4 127.9 125.4 114.6 109.7 104.6 103 103.2 103.8 104 103.2 104.1 104.4 105.8 108 109.5 112.5 114.6 119.2 124.5 128.6 136.9 146.8 156.3 165.5 175.2 185.3 196.4 207 215.2 223 228.9
184.8 186.3 188.7 190.9 192.6 194 194.3 194.2 192.6 188.7 181.7 172.1 164.8 157.9 152.1 148.5 145 139.9 137 137.8 139 138.4 136.6 133.8 129.9 127.8 128.4 129.9 127.4 127.8 126.1 123.4 123.4 124.3 124.8 125.8 124.9 124.2 121.7 123.4 123.8 122.7 121.6 120.2 119.1 118 116 114.3 112.9 108.2 105.8 102.4 102.3 102.5 102.4 102.8 103.4 103.7 104.3 104.8 107.8 110.6 111.9 114.1 116.7 120.6 124.4 130.8 140.4 151.4 162.4 172.1 183 194.3 205.2 214.5 223.3 230 232.6
183 185 187.5 189.6 191.2 191.5 191.7 191.3 187 182.5 176.9 169.4 162.4 156.5 150.9 147.8 144.3 138.4 135.4 133.5 133.9 134.4 133.1 130.9 127.3 125.1 124.7 121.7 121.3 120.5 119.6 118.5 118.9 119.3 121 120 121.2 121.9 119.6 118.6 116.8 115.2 113.9 113 111.2 109.6 108.2 106.6 105 102.8 101.3 101.6 101.8 102.1 101.7 103 103.6 103.9 105.9 108.2 109.8 112.6 115.8 116.7 119.4 122.9 129.8 135.9 144.1 155 166 177.5 189.3 200.9 212.1 221.6 228.2 234.2 239.1
181.3 183.5 185.8 187.3 188.7 189.1 187.5 184 179.7 175.2 172.2 168 162.5 157 150.1 145.4 141.6 136.7 133.2 129.7 129.4 129.9 129.5 127 123.4 121.9 121.2 118.4 116.3 115.3 114.7 114.1 114.9 115.3 115.9 116.2 112 118 116.8 111.3 112.9 111 110.2 109 107.5 105.8 103.7 102.2 101.2 100.7 100.3 101.7 101.3 102.2 103.3 103.7 103.9 107.1 110.6 113.2 114.5 116.5 119.6 122.5 124.2 127.1 134.3 142.8 150.7 158.7 170.2 180.9 193.2 206.9 217.5 226.6 233.6 239 243.7
178.3 178.9 180.5 181.8 182.1 182.1 180.2 176.3 172.3 169.5 168.6 166.6 162.6 157.4 151.4 146.4 140.8 136 132.4 129 125.5 125.4 123.6 122.2 120.1 118.8 117.5 116.3 113.2 110.6 111.2 110.3 110.5 111.4 112.2 114.3 103.9 103.9 103.9 103.9 109.6 109.1 107.7 105.5 104.4 103.8 100.6 100.3 100.1 99.5 100.7 102.2 103.1 103.9 107.5 111 112.7 115.3 119.1 122.3 125 127.5 129.2 127.2 131.5 136.3 136.7 145.3 155.5 165 175.3 186.3 197.5 210.1 221.4 230.6 237.1 242.6 248.2
173.8 174.6 175.4 175.5 174.9 174.5 173.4 170.1 165.5 165.5 165 163.8 160.9 156.1 150.6 145.9 140.4 136 132.9 129.8 126.2 122.9 120.1 118.1 116.8 115.1 114.7 113.1 111.7 109.8 108.2 107.5 107 107.6 109.5 113.2 119.6 119.4 113.5 111.7 109.7 107.3 105.5 103.4 100.4 99.5 99.4 99.3 100.2 100.7 101.1 103.7 107.1 111.7 115.7 119 122.3 125.3 129.3 132.4 134.8 137.5 138.5 135 139.3 146.2 147.7 147.7 155.2 167.8 180.1 192.7 203.5 214.6 225.3 232.7 239 246.5 250.3
169.5 169.7 170.9 171.3 170.8 169.1 167.2 164.8 161.8 160.6 160 158.6 156.2 152.1 148.1 144.1 140 136.6 133.9 128.5 124.9 122.3 120.9 119.8 119.2 117.9 115.9 114.1 112.3 111.1 109.3 108.4 106.1 104.8 107.9 110.9 113.8 112.5 110 112.1 110 106.8 102.9 99.2 99.2 99.2 99 99.5 100.4 102.1 106.8 111.1 114.4 117.7 122.5 126 129.6 132.3 136.6 141.4 143.9 146.8 149.7 147.2 146.3 156 161.8 163.1 164.6 171.1 186 198.6 209.5 220.1 228.5 234.8 240.9 247.2 251.5
165.9 167.3 167.8 168.7 167.9 165.3 163.2 160.2 157.2 155 153.9 152.5 151.2 148 145.3 143.2 140 134.4 130.4 126.4 124.7 123.2 122.5 122.4 122.1 122.3 121.6 120.5 119.2 117.6 115.9 112 105.7 103.6 104.3 106.1 107.2 107.2 104.6 103.8 103.6 104.4 100.6 98.3 98.5 98.5 99.6 100 100.9 107 112.3 116.9 119.8 124.8 130.3 133.4 138.2 142.1 145.2 149.9 153.2 156.6 159.2 159.6 150.8 165.8 173.5 178.2 183.1 188.6 196.1 204.7 213 221.3 228.6 235.9 241.2 246.5 251.4
162.9 164 165.4 165.9 164.9 162.4 159.4 156 153.7 151.8 150.1 149.8 148.5 144.9 143.2 140.7 136.2 131.4 129 128 126.5 126.6 126.6 127.8 128.3 127.7 126.1 124.7 122.9 120.9 118.1 113.3 106.8 102.3 102 101.9 102 101 100.6 100.4 100.9 100.5 98.4 97.8 98.1 98.6 100 101.7 107.4 112.1 116.7 121.9 124.6 132.7 139.2 144.1 149 151.7 155.6 159.9 163.1 166.8 169.7 171.4 163.7 173.8 183.2 189.1 195.5 201.4 206.5 210.4 216.2 223.7 230.7 236.3 241.9 246.1 249.3
160.3 161.8 162.8 163.1 162 159.8 156.8 153.3 151.7 149.8 148.7 147.8 146 142.8 140.2 137.8 134.4 133.1 132.4 131.7 131.3 135.1 135.7 134 132.6 130.8 127.5 126.1 123.2 121.3 117.2 112.5 106.4 101.8 100.8 100.5 100 99.4 99 98.5 98.3 97.9 97.6 97.7 98.4 99.2 101.7 108.1 115 120.1 125.6 132.1 138.1 143.1 149.7 154.5 158 161.4 166.3 169.9 174.1 178.2 181.3 184.1 181 180 191.3 198.6 204.7 209.3 212.9 216.1 222.3 228.8 234.1 239.1 242.6 246.2 248.1
158.3 159.7 159.8 160.1 158.8 157.2 154.9 151.5 149.7 148.5 147.5 145.1 143.4 141 138.6 137.4 136.4 136.9 137.3 137.2 140 142.8 145.3 139 135.1 131.7 128.2 124.8 120.8 118.1 114.2 110 105.1 101.2 99.8 99.3 98.6 97.8 97.4 97.5 97.4 97.8 97.4 97.7 98.8 100.8 108.5 117.9 125.3 131.8 138.4 144.1 151.1 156.8 160.9 164.2 167.2 170.9 175.7 181.2 185.9 188.9 192 194.6 196.3 192.3 198.2 204.3 211.6 216.5 219.3 224 229.5 233 236.2 240.3 243.3 245.9 246.9
157.1 157.7 158 158.7 157.8 156.1 154 151.2 149.5 147.6 146 144.3 143 141.9 142.3 142.3 141.5 142.9 142.9 142.1 142.1 142.7 143.3 141.1 136.3 132.2 127.5 123.1 118.5 114.8 110.7 106.5 102.6 100.1 98.7 98.3 97.5 96.6 96.5 96.6 97 97.4 97.6 100 106.7 115.4 122.9 129.6 136.5 143.9 152.7 159.8 166.8 170.5 173.5 175.5 177.2 181.7 187.1 192.5 195.5 198.7 201.4 203.8 204.7 202.8 204.7 210.8 216.7 221.4 227.1 230.7 234.4 236.7 238.9 241.4 243.8 244.8 245.7
155.8 156.9 158.1 159 157.8 155.9 154 152.4 151.4 149.9 147.4 146.1 144.8 144.6 145.6 146.7 147.1 145.4 144.5 143.1 142.3 141.2 141 140.1 135.5 130.7 124.1 121.9 116.6 112.1 107.3 103.9 100.7 99 97.7 97.4 96.7 96.1 96.2 96.5 97.2 99.5 104.8 112 120.2 127.1 133.8 140.9 149 157.7 166.7 174.5 178.9 182.6 184.1 186.7 189.3 194.2 198.3 201.7 204.2 207 209.5 210.5 210.7 209.7 212.9 218.2 220.8 226 230 234.1 236.6 238.6 239.8 242.2 242.3 243 244
158.3 158.8 159.9 159.9 159.4 157.8 158.3 158.2 156.6 154.4 152.2 150.7 149.7 149.8 150.6 149.7 148.7 147.5 145.3 143.1 140.3 137.8 137.2 135.4 131.9 127.6 122.7 118.6 115.4 111 106.3 101.9 98.7 97.1 96.6 96.5 96 95.8 95.9 96.3 99.2 108 116 123.2 131 138.1 144.8 151.8 159.9 168.4 177.6 183.8 189.5 192.8 193.9 197.5 201.3 203.1 205.8 208.8 211.1 212.6 213 214.1 215.4 218.8 219.3 221.2 225 229.3 232.3 234.8 236.8 238.5 240.2 241.4 242 240.8 240.3
165.5 165.4 163.8 163.3 164.9 168.7 170 166.4 163.3 161.4 159.6 158.8 157 155.5 153.3 150 147.8 144.8 143 140.6 137.5 134.8 133.3 131.8 128.3 123.5 119 115.4 112.1 108.9 104.2 99 96.5 95.1 95.2 95.3 95.5 95.5 95.8 101.8 112.6 119.7 127.4 134.5 141.9 149.1 156 163.1 170 178.5 185.4 192.9 196.1 198.5 201.8 204.7 206.4 209.1 212.3 214.1 215.4 216 217.9 219.4 221.1 222.9 223.5 225.7 229.2 230.5 232.1 235 237.5 239 240 239.4 238.2 236.8 233.2
173.5 174.2 175.2 174.5 175.1 175.2 174.2 170.9 169.1 167.7 167 166.5 162.8 157.9 153.6 148.4 144.2 141.7 139.6 137.2 134.9 132.2 128.7 127.3 123.9 119.4 115.5 110.7 107.2 104.6 101.5 96.3 94.6 94.6 94.8 95.1 95.6 95.8 105.6 116.5 124.1 131.5 138.7 145.9 153.1 160.2 167.3 174.4 181.3 188 193.1 199.4 202.4 206.4 208.5 209.9 211.5 213.7 216.3 217.6 219 220.7 221.8 223.1 224.6 225.7 227.3 229.5 230.4 231.5 234.5 236.8 238.1 239.2 238.6 236.3 232.8 228.9 219.6
175.3 177.2 178.3 178.2 178.4 178.3 177.4 175.4 173.7 172.1 172.6 172.2 169.3 164.3 155.2 148.8 143.6 137.4 135.3 133.6 131.6 130.4 127.5 122 119.6 113.8 109.1 106.7 103 100.4 98 96.1 94.3 94.4 94.6 95 95.5 107.1 120.2 127.6 135.8 142.4 149.8 157.2 164.9 171.8 178.8 185.2 189.6 194.9 200.4 206 209.1 210.5 212.1 213.1 216.1 220.4 220.4 221.6 222.8 223.8 225 227.1 230 231.3 231.5 232.5 234.6 236.4 237.7 238.6 238.6 237.3 234.6 229.8 223.4 212.6 199
175.4 176.8 178.1 179.4 179.7 179.8 179.7 178.7 177.9 176.6 176.5 175.8 173.7 167.5 156 149.3 143.8 138.6 132.5 129.6 128.7 128 126.2 123.1 118.2 116.3 114.5 111.9 109.2 106 100.9 94.9 94 94 95.2 98.9 111.5 124.1 131.9 141.4 145.2 146.2 159 167.8 174.6 181.6 186.8 191 195.5 201.2 207.2 210.9 212.3 213.8 215.5 216.1 220.8 223.9 225.6 225.9 226.1 227.3 228.9 231.9 232.8 234 236.1 237.2 238.4 240.4 240.3 239.1 236.7 232 226.2 217.6 203.8 191.1 181.7
174.9 176.4 177.8 179.3 180 179.6 179.7 179.7 179.6 179.6 179.5 178.5 173.2 162.6 154.4 147.5 142.6 136.6 129.9 126.5 126.2 125.8 124.2 122.3 122.2 120.8 118 117.3 115.6 111.6 103.4 94.1 93.8 94 96.6 109.7 123.6 132.8 137.8 142.4 152.8 159.5 167.7 174.4 179.9 186 191.6 196.7 201.3 206.2 209.9 213.4 215.6 217.8 220 222.1 223.3 225.9 227.8 228.6 230.3 232.1 233.9 235 235.5 236.7 237.9 239.3 241.1 240.8 240.2 235.8 229.9 221.8 211 198 184.5 176.1 168.1
173.8 175.4 177.2 178.9 179.2 178.9 178.3 178.8 179.4 179.3 179 178.2 170.9 159.1 150.7 144.6 138.7 132.3 126.3 123.9 124.5 124.5 124 124.5 124.4 123.3 121.9 121.5 120.4 115.6 110.3 94.3 93.8 93.8 97.6 115.1 129.2 139 143.7 155.5 165.3 169.5 174.6 180.1 185.6 191.1 196.1 200.6 203.9 208.2 212.4 217 219.4 221 222.1 223 224.9 227.2 230 231.6 234 235.3 236.4 237.5 237.4 237.7 237.8 239.1 240.6 238.3 233.9 226 216.9 202.9 188.4 178.7 168.2 162 161.5
171.9 174.2 176.5 177.5 177.5 177.1 177.5 178.1 178.3 178 177.7 176.9 167.9 155.6 147.6 138.4 130.3 125.4 121.3 121.5 123.4 124 125.3 125.8 126.1 125.7 125.4 125 122.9 119.9 114.4 101.9 93.4 93.7 97.4 121.3 136.2 145 153.9 165.6 171.4 175.8 180.9 185.6 190.4 195.1 198.9 201.5 204.8 208.9 213.2 217 219.6 221.5 222.6 222.7 227.3 229.4 232 234.8 237 239.1 240.6 241.1 238.8 236.9 234.5 236.2 236.8 229.2 219.6 209.2 194.6 182.1 174 164.7 158.6 160 162.9
169.4 171.9 174.1 175.3 175.2 174.7 176.6 177.3 177 175.9 171.7 167.6 160.5 154 145.5 135 121.7 117.4 119.2 123 123.2 124.1 125.5 126.9 127.9 129.6 129.6 129.2 127.8 124.8 118.5 100.8 93.1 93.6 101 127.7 142.3 152.1 162.9 171.2 176 180.8 184.7 189.4 194.1 198.1 200.8 203.3 205.7 209.5 211.9 214.5 217.1 219.5 222 222.7 224.4 228.4 233.3 240 239.4 238.9 234.6 231.4 226 225 222.9 223.1 222.4 212.7 199.7 187.9 176.7 168.8 160.6 156.6 157.5 161.5 166.3
166.2 168.6 170.4 170.9 170.6 169 170.3 173.6 169.7 168.8 164.9 162.4 157.6 150.3 141.7 127.6 114.5 115.6 120.7 122 122.9 123.6 125.7 127.9 131 132.5 134.3 135.1 134.6 129.8 119.9 98.7 93.1 94.5 107.3 133.1 147.4 158.3 169 175.1 179 184.2 188.8 193 197.1 200.6 202.8 204.5 206 207.5 208.7 206.4 204.4 204.8 205.4 207.1 207.6 211.7 217.9 221.1 218.6 214.2 209 205.8 204 203.6 204.1 203.8 199.4 189.3 177.2 170.5 162.9 156.6 153.1 154.9 158.6 163 166.2
163.1 164.9 166.3 165.8 165 163.7 163.9 163.5 162.5 161.2 159 156.1 150.8 144.7 136.8 119.4 109.3 116.9 118.2 118.7 121.9 124.8 126.9 130.3 134.3 136.6 138.5 139.3 139.2 134.5 119 96.5 92.6 94 114.7 137 151.2 161.1 171.6 176.8 180.6 185.7 190.4 193.9 196.5 199.5 200.7 202.1 203 200.9 195.4 189.9 184.4 182.3 183.7 184.8 187.7 192.2 192.6 193.5 192.3 190.6 185.6 181.2 181.5 181.4 181.8 180.5 175.7 169.8 163.8 155.7 152.6 148.6 153.2 159 160.3 162 164.7
159.7 161.3 160.7 159.5 158.8 156.7 157.8 158.4 157.6 155.9 152.3 148.4 143.8 137.8 129 114 107 111.8 115.6 118.9 121.9 124.8 128.5 133.1 137.9 141.2 142.3 142.8 141.7 137.6 117 93.6 92.4 97.3 121.3 139.9 152.7 160.9 173.9 178.3 181.3 185.8 189.4 191.2 192.5 192.6 190 188.2 186 180.9 177.1 175.3 177 177.9 178.1 176.2 173.9 173.6 173.4 172.8 171.4 169.6 165.6 163.1 161.7 160.9 159.5 159.3 157.1 153.4 149.6 147 147.7 149.9 153.3 154.1 156.6 160.2 166
157.9 157.8 156.2 152.9 149.7 147.5 149.1 150.1 149.2 148.2 145 141.6 137.9 132 123.9 111.3 103.9 111.1 114.2 117.2 120.9 125.4 131.5 137.7 143.1 145.4 145.5 145.4 144.2 129.5 109.1 91.1 92.4 101.9 126.5 142.6 152.7 165.8 173.8 177.2 179.6 183.3 185 186 184.2 179.1 175.9 172.2 166.4 163.9 166.6 168.4 171 167.3 157.7 152 155.9 160 161.1 157.6 158.2 157.2 155.9 154.3 153 152.2 152.1 150.2 146.4 143.6 143.5 146.6 150.6 152 154.2 156.6 158.2 160.9 163.8
157.7 156.9 151.1 146.1 142.7 137.8 138.7 139.5 139.2 139 137 134.1 130.8 126.4 120.2 112 101.2 109 112.5 116 120.4 126.9 134.8 142.6 144.6 144.4 141.7 138.5 131.6 119.3 97.8 91.4 92.9 109.6 131.3 144.1 152.6 165.3 172 175.5 177.6 179.1 178.6 174.4 168.2 164.6 161.4 158 150.1 147.8 149.1 148.3 144.3 140.8 142.3 144.9 147.7 145.5 141.1 152.9 151.4 151.1 150.1 148.7 147.4 147.3 146.7 143.2 141 142.1 147.5 153.6 156.6 157.7 159.8 161 163.1 165.5 168.1
159.4 158.7 155.5 151.1 144.6 136.8 129.2 128.6 128.8 126.8 125.6 124 121.3 118.5 116.4 111.3 103.7 104.4 109 114.1 120.8 127.4 133.7 131.5 127.2 122.5 120.4 119.3 115.6 100.5 91.3 90.3 96.4 118 137.8 146.4 152.6 160.6 169.6 172.3 171.1 169.7 164.4 158.8 153.4 150.4 147.6 144.2 138.6 135.7 133.2 132.7 133.4 134.4 135.6 139.5 142.4 148.2 148.9 148.3 147.7 147.8 147.3 146.3 144.3 142.1 138.9 139.1 142.2 148.4 154.8 158.1 159.5 162.7 165.1 166.3 169.4 175.3 177.2
