data/240000-220000.asc
ncols 200
nrows 200
xllcorner 240000
yllcorner 220000
cellsize 50
[rows 144 to 179 of 200, columns 0 to 79 of 200]
74.1 76.3 75 75.8 75.2 73.6 71.1 67.5 64.6 60.6 59.1 58.9 62.2 64.1 64.3 60.7 58.5 59 72 79.8 81.7 81.6 81.6 82.1 81.5 79.5 76.7 75.2 74.1 72.6 69.3 66.2 63.5 58 51.9 45.9 45.4 50.7 54.1 55.3 58.7 56.5 50.9 41.5 27.3 19.3 18.4 17.5 17.2 18.6 28.1 35.4 37.6 40.4 47.8 51.9 51.8 56.6 60.1 66.5 72.9 76.3 78 78.3 75.1 72.2 65.1 53.1 48.8 57.1 60.5 63.8 69.3 73.8 76.8 79.6 81.6 83.1 84 82.4
80.3 80.9 80.2 78.9 78.3 76.5 74.5 70.5 66.5 64 59.9 58.4 55.8 56.6 56.6 59.9 67.3 77.6 84.6 86.5 88.6 89 89.9 90.3 90.7 89.4 88.1 87.1 87 86.7 84.1 81.2 76.9 71.8 63.1 52.5 47.8 49.2 56.4 65.4 71 70.8 63.7 54.3 40.1 22.4 19.2 18.5 17.5 17 19.1 31.8 33.6 36.2 38 42.3 46.8 52.6 57.3 61.4 66.4 70.5 73.3 75.6 74.7 72.5 67 48.5 55.7 60.5 63.7 68.4 75.7 80.2 82.9 84.7 85.8 86.6 86.6 84
83.5 83.2 81.9 82.1 81.7 79.9 77.9 75.9 74 71.7 65.6 59.5 56.8 55.2 64.6 71.5 80.8 87.2 92.3 95.6 96.8 98.6 100.3 102.1 102.5 102.8 102.4 102.3 102.1 101 99.7 97.4 93 85.2 71.4 58.1 53.2 52.7 53.3 64.6 75.9 79.7 76.2 66.2 52.1 32.8 20.4 18.5 17.6 17.1 17.2 18 30.2 33.2 37.3 40.8 44.5 48.5 53.6 57.2 58.5 59.9 61.4 63 70.2 71.6 68.1 48.7 56.3 61.2 66 71.9 80.9 85.1 87.2 89.5 90.1 91.1 91.5 89.7
87.4 87 86.4 85.8 85.7 85.3 84.2 82.8 81.5 79.3 72.9 62.5 55.9 55.6 64.1 72.9 80.8 88.4 95.7 100.8 103.3 106 107.8 110.2 110.8 111.7 112.1 112.8 113.2 114.7 113.4 109.4 103.5 93.1 80.6 67 59.3 56.4 55.3 63.6 75.5 82.5 82.4 75.9 63.8 46.8 26.4 18.7 17.8 16.7 16.8 16.4 25.6 27.2 35.2 41.7 44.7 47.9 52.6 56.6 61.5 69.3 74 71 65.6 64 62.7 48.1 55.3 60.9 65 72.7 80.5 85.1 87.8 90.1 92.3 93.4 94.4 93.6
92.4 92 91.6 91.3 92 91.8 90.8 90.3 89.1 87 81.9 69 57.8 54.4 59.1 67.6 77.9 88.1 95.8 102.8 107.2 109.8 112.8 115.3 115.7 117.7 119.8 122.2 124.1 124.9 123.6 119.7 114.7 107.3 95.2 80.4 67.7 61.2 59.6 65.3 74.7 84.3 86.9 82.2 73.7 58.2 35.5 19.7 17.7 16.4 15.2 16.4 16.6 25.9 33.4 39.5 44.3 47 51.1 57.2 63.1 71 75.7 78.8 77.3 76 68.3 47.4 49.6 58.5 61.7 67.4 73.6 79.9 84.2 87.3 90.7 92 93.2 93.5
100.3 99.4 98.6 97.3 98.1 99.1 99.8 101.2 99.8 98.6 92.3 73.5 57.6 53.8 55.6 60.3 73.2 88.6 97.3 104.3 108.2 112.2 116.1 118.6 120.6 123.3 128.3 133.4 135.3 136.1 136.3 134.3 132.8 126.5 112.7 94.9 78.7 66.9 62.9 68.5 78.2 90.8 93 91.7 83.9 69.6 48.5 26.1 19.6 16.4 15.6 16.2 16.2 19.2 30.4 34.8 40.7 45 49.8 56.1 65.7 75.5 80.7 83.9 83.8 81.3 71.1 50.8 41.6 51.6 57.6 61.7 67.7 74.1 79.9 85.6 89.8 91.9 93.9 93.9
109.7 107.4 104.5 103.6 104.5 106.9 110.4 112.1 112.4 111.6 102.2 78.4 61.2 52.8 54.1 56.4 68 85.8 96.1 103 109.6 114.1 118.5 123.5 129 135 139.7 143.9 147.1 148.7 148.2 146.7 144.5 139.7 128.6 110.3 90.4 74 67 73 85.7 98.7 101.2 100.2 96.6 83.8 63.9 40.5 19.3 15.8 15.4 15.7 15.2 15.2 17.4 30.2 34.7 40.4 47.6 56.7 69.1 79.8 83.9 86.3 86.3 81.8 71.3 51.9 35.7 45.5 51.6 57.1 63.8 70.6 78.6 85.9 89.7 92 94.3 94.7
118.5 113.8 110.5 108.2 108.8 112.7 116.8 120.4 122.9 123.8 116 97.6 75 53.9 53.9 56.6 64.1 81.3 93.1 100.1 106.9 113 120.5 127.8 135.1 143.5 146.9 150.1 153.1 154.5 153.6 152.5 150.2 146.1 135.9 120 98.9 78.7 69.6 78.8 93.2 103.8 106.5 107.3 107.1 100.2 79.7 56.5 34.9 18.5 14.3 15.3 14.9 14.9 15.1 15.4 24.6 35.5 45.9 58 72 78.9 84.1 87.1 87.3 82.9 70.9 51.4 37.8 38.6 44.9 53.8 64 73.4 80.9 85.8 89.3 91.5 94.2 95.8
123.3 119.1 115.6 112.3 112.3 115.4 119.5 123.1 125.9 128 120.8 110.1 92.5 68.6 52.6 54 60.1 76.8 88.4 96.6 103.3 111.2 118.5 126.3 134.7 145.1 149 152.3 156.4 157.6 156.9 156.1 153.7 146.7 137.5 121.5 98.5 82.3 75.7 83.3 96.2 102.9 107.9 110.3 110.9 106.8 96.3 74 52.5 32.7 20.3 13.7 15.3 14.6 14.5 15 16.2 27.6 38.4 56.3 70.1 77.4 82.4 85.4 85.5 80.2 62.6 48 41.9 31.4 41.5 51.6 61.7 70.5 78.3 84.2 86.6 88.1 90.2 92.5
122.4 119.8 116.6 113.6 113.5 115.2 117.6 120 123.5 122.8 119.4 113.6 102.7 81.9 59.9 52.4 56.1 65.9 78.6 87.9 96.6 106.6 113 113.7 119.1 126.8 136.7 146.9 153.5 156.5 156.5 156.6 154.4 148.3 137.7 123.8 103.4 86.7 80.4 85.5 94.5 101.7 107.3 110.4 112.4 109.4 101 86.5 64.4 44.4 32.3 19 12.2 15.1 14.1 14.5 15.6 17.8 26.8 44.4 61.7 73.2 78.8 81.9 81.1 73.1 55.3 43.5 38.9 29 39.7 49.5 59.6 67.5 74.1 78 80.5 80.8 82.4 85.4
116.4 115.2 113.1 110.3 109 109.1 111.6 114.1 116.1 115.9 115.7 113.2 108.1 95.4 71.4 53.1 52 58.3 68.1 76.8 85.9 94.6 96.8 94.4 99.6 107.4 124.4 143.3 152.9 158.6 159.7 159 154.8 148.6 138.2 125.7 107.9 91.8 88.2 96.5 100.8 104 107.8 111.2 112.1 109.1 102.3 91.9 74.2 61.5 37.1 30.2 16.6 12 14.1 14.7 15.5 15.4 18.4 32.7 50 64.1 72.5 76.6 73 62.9 49.5 38.8 33.4 29.1 39.4 50.2 60.9 68.7 74.6 74.6 75.5 74.1 71.1 71.1
106 105.3 104.5 102 101.2 100.9 103.2 105.1 108.6 106.1 102.5 99.3 91.7 78.7 65.1 54.1 49.5 52.7 59.9 67.4 74.2 78.7 81.5 82.4 93.7 108.9 130 147.6 158.7 164.7 164.1 160 154 145.4 137.2 121.9 104.6 93.2 97.6 107.9 109.3 110.4 111.9 113 112.7 109.6 102.1 92 79 67.9 57.6 39.2 26.7 10.6 14 14.5 14.5 14.4 14.4 21.8 35.5 49.5 59.1 63.7 58.9 52.4 41.7 33.8 29.4 33.9 40.4 48.7 58.3 64.9 68.2 66 62.4 59.9 57.9 56
93.3 91.8 91.9 91.1 90.9 90.4 89.6 87.7 87.4 83.2 80.1 77.2 72.2 65.6 59.1 50.9 48.7 51.5 54.9 61.5 67.4 69.6 74.9 85.6 101.4 122.9 142.4 160.4 166.8 165.4 161.7 156.2 148.2 139.7 130.1 113.3 104 104.5 109.4 114.1 114.6 114.7 114.7 114 113.6 109.4 101.8 91.4 79.5 68.8 56 44 32.9 21.1 9.4 13.9 13.8 14.1 13.9 14.9 21.2 31.3 43 47.2 43.8 37 31.8 26.9 23.9 33.2 38.8 45.8 51.8 54.8 55.5 53.6 50.6 47.7 45.3 45.6
81.1 80.8 81 79.4 79 78.3 76 71.3 66.4 62.6 58.6 58.3 59.6 58.8 53.1 48.2 48.6 51.2 54.4 58.2 62.8 70.1 77.2 90.8 123.7 132.8 151.6 162.6 164.3 162.9 159.3 152.3 144.9 136.7 124.7 117.2 115.4 118.4 120.2 118.7 118.4 118.5 118.5 118.5 114.8 108.3 95.9 80.6 66.9 57.2 49.5 41.7 34.2 28.1 25.5 13.5 12.5 13.8 13.6 13.6 14 16.6 19.7 23.5 27.6 27.6 24.9 18.2 28.6 32.2 36.2 39.1 41.8 43.1 43.5 42.8 40.6 38.4 36 35.8
80 76.6 74.1 68.7 67.5 64.8 59.4 54 51.7 50 48.3 48.5 49.8 49.7 47.7 46.8 48.2 51.1 54.9 59.1 64.6 71.9 81.2 96.4 129.4 139.6 153 159.7 161.3 160.2 156.9 150.6 144.8 137.2 131.7 128.2 127.4 126.2 123.6 120.7 120.2 122 121.8 119.7 114.1 103.3 85.2 71.5 63.5 56.9 49.9 43.9 37.4 29.5 25.2 22.3 13.7 10.3 13.6 13.7 14.1 14.2 15.1 16.5 17.8 20.4 17.7 24.7 29.1 30.6 32.9 34.8 35.9 36.4 36 35.6 33.1 30.4 26.1 22
82.3 76.2 68.6 62.3 57 52.3 50.3 46.8 44.4 43.7 43.9 44.6 45.1 45.6 45.7 47.2 49.9 54.3 57.9 63.3 68.3 75.7 87.1 103.2 125.6 142.3 154.4 160.2 160.3 158.4 155.6 150.3 145.4 140.1 135.9 133.3 131.1 128.5 125.4 123.5 124.7 124.6 123 119.2 110.9 96.3 81.9 75.2 69.9 64.2 58.1 51.6 41.2 30.4 24.2 21 13.7 13.2 10.6 13.8 13.3 13.4 14.6 15.1 15.5 15.5 16 21.2 27 28.4 29.7 31 31.3 30.8 30.5 28.4 26.6 17.2 17 17.6
72.5 67.2 61.9 55.4 48.9 46.8 44.4 43 42.6 42.9 43.5 44.3 44.9 46.3 47.8 53.5 62.3 67.2 68.9 71.3 75.7 86.1 102.5 122 140.8 152.3 158 160.1 158.4 156 153.5 149.8 145.2 140.5 136.7 132.8 130 127.8 125.8 125.9 125.5 123.7 120.7 115.4 107.7 98.1 92.7 85.4 77.1 69.4 60.7 48.9 37.5 29.7 24.9 21.2 13.3 13.4 12.7 12.3 8.9 13.1 13.9 13.3 13 13.6 14.5 13.9 22.2 25.4 27 28.3 28.2 27.6 25.7 21.9 16.2 16.1 20.4 24
66.8 61.2 55.7 50.5 45.5 43.6 42.4 42 43.5 45.5 47.5 48.4 48.8 53.4 60.3 67 73.9 78.2 81.2 85.1 91.3 104.2 123.1 140.5 150.2 154.9 157.5 157.2 155.8 153.3 150.7 147.6 144.1 139.7 135.4 130.7 125.9 123.8 123.3 123.8 124.5 122.8 120.1 114.9 109.9 106.3 101.8 92.2 80.7 67.7 54.3 43.1 34.9 29.6 25.2 21.4 13.4 12.9 12.8 12.3 11.7 8.5 14.3 12 12.4 12.8 12.9 12.8 12.1 15.1 24.7 25.3 25 24.8 18.9 14.8 17.3 18.2 22.9 26.8
58.4 53.2 50.5 46.8 43.4 42.3 41 45 48.7 50.5 52.6 55.4 59.2 63.7 69.1 75.9 80.7 86 91.3 99.9 109.1 121.8 134.3 143.8 149.3 150.9 153.1 153.9 152.8 151.9 149.4 146.6 144 140.6 136.1 128.7 123.6 119.9 120.2 122.5 123.4 122.7 120.4 117.3 113.7 110.3 103.5 92.2 78.6 62.8 48.9 41.3 35 29.5 25.4 22 19.8 12.4 12.5 12.3 11.7 14.6 8.2 11.7 12.2 12.1 12.2 12.1 11.3 10.5 11.1 21.8 21.7 16.2 14.2 17.2 19 22.1 23.6 23.1
66.3 61.5 52.3 45.1 42.3 40.2 48.1 53.6 56.6 56.8 60.1 62.1 63.8 66.8 70.7 76.8 82.8 89.5 96.8 106.2 117.4 125.7 132.5 137.6 140.9 143.9 148.8 151 152.6 151.1 149.3 147.3 145.7 145.1 140.6 130.4 121.7 115.5 116.9 119.8 122.8 122.8 122.4 120.4 117 111.6 102.7 89.4 73.9 61.1 51 43.9 37 30.8 26 22.6 19.1 12.7 12.2 11.9 11.6 11.6 11.8 11.6 11.5 11.4 11.5 11.5 10.6 10.8 11.1 13 15.1 13.6 15.3 20.1 23.2 25.9 27.3 28.7
70.9 64.7 53.2 42.2 40.7 44 52.8 55.7 58.6 62.9 65.5 63.9 64.4 65.8 68.4 72.6 78.7 87.6 97.2 107.3 116.3 123.2 128.2 134.6 138.9 144.8 149.9 151.9 152.2 150.3 148.8 149.7 147.4 146.2 139.4 130.7 120.4 111.2 114.1 119 122.3 124.1 124.9 121.9 116.8 111.5 102.8 89.2 75.3 65.1 56.2 49.5 42.6 34 27.1 23.2 20.1 14 12.2 12 16.3 12.2 11.5 8 10.5 10.7 10.8 10.8 10.7 11.1 11.5 11.4 13.1 14.4 18.5 22.7 26.5 29.2 32 35.2
76.2 67 49.9 40.5 39.8 43.5 48.3 52 55.9 58.4 60.8 61.4 60.4 62.3 64.9 67.5 71.2 79.2 89.6 99.6 108.1 114.4 122.9 130.1 139.8 148.5 152.8 152.6 150.7 149.8 151.4 152.1 148.3 143.7 137.1 128.1 116.9 103.4 104.2 112.5 117.6 119.8 119 116.5 113.4 110.9 104.4 94.7 81.6 70.5 61.5 55.1 48.5 32.4 29.1 23.7 20.9 13.2 12.2 11.6 16.3 13.1 10.6 8.1 10.6 10.5 10.5 10.5 10.8 11.2 12.3 13.4 15.1 19.1 22.8 28.1 33.1 37.3 42.3 46.9
78.4 61 45.8 39.9 38.9 42 45.4 48.5 48.6 51.1 54.1 57 60.9 63.6 64.4 65.1 68.8 73.4 79 87.6 95.2 106.4 118.4 127.2 137.8 146.7 149.1 149.4 150.5 152 153.3 150.6 147 141.8 136.4 125.2 106.7 91.8 88.4 95.8 102.2 106.5 109.1 110.5 110.6 109.1 104.7 96.3 85.9 75 67 59.8 51.3 35.8 29.2 24.3 20.9 13.1 12.1 14.8 12 15 11 7.6 10.6 10.4 10.4 10.4 11 11 12.3 14 18.1 23.1 28 33.8 39.5 44.9 50.4 53.3
78.5 57.2 42.6 39 38.8 42.4 48.9 52.7 56.2 58.3 63.1 64.7 69 72.9 72.3 71.4 69 71.7 75 81.2 89.8 100.7 113 123.6 132.5 140.9 144.9 146.5 150.2 151.4 150.5 148 144.3 138.9 131.3 117.8 96.4 83.4 79 82.5 87.6 96 103.4 106.9 107.3 106.9 104.9 96.6 86.8 77.8 70.1 60.6 48.6 37.1 28.6 24 21.2 16 12.1 11.8 11.4 11 11.7 10.4 10.3 10.3 10.4 10.3 10.1 10.5 12 14.1 19.3 24.5 29.2 34.6 40.9 46.1 51.1 54.8
76.2 53.9 42.1 38.8 38.6 43.1 48.7 53.9 58.3 64.8 72.5 76.8 83.4 87.7 88.9 83.6 76.6 73.5 75 78.3 82.7 90.4 102.5 115.9 127.3 133.8 139.6 142.8 144 143.7 142.4 139.8 136.7 132.9 125.7 113.4 93 78.8 73.3 73.3 77.4 88.4 97.2 101.2 102.4 103.8 103.4 94.3 86.3 77 68.1 57.9 46.3 34 27.5 23.7 21.6 19.8 15.4 12.6 11.7 11.6 14.5 10.5 10.2 10.1 10.1 9.7 9.7 9.8 11.5 13.6 16.4 21.9 27.7 32.5 39.4 44.8 48.6 52.8
74 51.1 41.6 38.3 38.8 43 48.2 53.7 60.3 68.8 77.7 86.8 93.6 98.3 104.7 104.6 93.5 82.5 81.4 83.1 88.3 100.5 110.1 118.5 126.9 134.6 139.2 138.6 137.8 137.8 137.1 134.9 131.7 127 119.8 109.5 86.5 73.3 68.5 67.6 70.5 80.8 87 91.3 93.4 95.9 94.3 88.9 81.6 73.9 65.2 54.7 41.8 31.6 26.4 23 20.8 18.6 17.6 12.9 12.1 11.6 13.6 10.6 8.9 9.9 9.5 9.4 9.5 10.1 10.6 12.2 14.2 17.7 22.7 26.7 30.3 35.1 39.2 41.4
72 53.4 40.9 38.6 37.4 43.5 47.7 53.6 60.6 69.2 80.9 92.5 100.5 107.2 113 115.5 112.8 102.1 97.5 97.7 103 115.5 123.3 128 133.4 136.7 136.7 134.1 134.3 135.3 133.2 128.9 124.8 119.4 109.1 94.5 77.7 64.6 61.3 60.6 63.7 70.3 77 82 85.4 87.7 88.5 85.6 79 74.4 66.5 58.3 38.9 29.1 25.3 22.7 20.7 18.5 17.7 17.8 13.8 14.9 14.6 17.3 7.5 9.2 9.4 9.1 9 9 9.8 10.9 12.2 14.2 14.6 17.9 21.4 26.5 31.6 35
69.1 51.7 40.1 37.5 38.1 44.2 49.9 55.7 62.4 71.3 85.5 98.7 107.1 114.7 119.7 123.7 124.9 121.1 119.1 118.4 122.5 129.2 133.6 136.6 139.2 138.4 136.1 133.5 133.3 132.8 128 121.3 112.2 101.8 90.8 78.6 64.5 55.6 54.5 55.9 58.6 62.2 67.6 72.6 78.2 81.9 83.5 81.6 78.4 74.1 67.1 53.5 35.5 26.4 23.7 22.2 21 20.6 18.3 17.4 16.7 13.6 14.2 14.4 16.3 9.5 9.1 8.7 8.6 8.6 8.7 8.7 10.1 12.6 13.4 13.7 15.4 18.7 23.9 27.3
67 49.1 37.3 36.2 37.1 47 57.5 66.2 74.6 84.2 95.5 105.9 114.7 121 125.7 129.4 131.7 133.6 134 135.3 135.7 133.6 135.9 139.3 140.1 138.8 135.3 132.5 131.6 131 121.2 103.7 90.3 81.7 71.5 61.7 55.1 51.3 48.4 50.8 53.5 56.3 59.4 63.5 72.8 76.8 78.9 76.9 74.8 71 60.7 43 29.9 24.1 22.6 21.7 20.6 20.4 18.1 17.5 16.9 13.2 12.7 12.4 16.5 7.1 8.9 8.2 8.2 8.2 8.2 8.3 8.7 11.1 12.7 13 13.5 13.5 16 18.5
63.1 44.6 35.3 36.1 37 50.9 65.1 78.7 86.8 95.9 104.4 112.8 120.9 125.8 130.2 133.7 136.5 138.8 140.2 140.6 141.2 139.2 137.5 138.9 139.1 137.3 133.7 131.6 130 127.2 119 97.7 76.6 69.4 62.6 57 53.2 48.4 48.4 46.4 48.9 51.9 55.2 59.3 65.6 71.2 73.8 72.3 68.3 64.1 45.7 33.9 27.8 22.8 21.8 20.9 19.8 19.1 17.9 17.4 17 13.3 17.1 11.4 17 8.7 8.9 8 7.7 7.7 7.8 8 8.3 10.3 11.7 12.2 12.3 12.4 12.5 13.7
49.6 38.6 35.5 36 38.7 53.8 71.7 83.6 92.5 101.2 108.9 116.5 123.1 127.6 130.8 133.4 136.1 140.4 142.8 143 141.6 139.6 137.8 136.5 135.8 133.7 131.8 130.6 127.3 119.5 106.6 89.9 71.6 65.2 60.6 56.8 53.1 49.9 46.1 40.3 44.7 48.7 52.3 56.6 61 65.1 68 65.6 59.7 49.9 36.6 31.6 23 21.9 20.9 19.9 18.8 18 17.8 17.4 16.9 14.5 14.6 12.7 12.7 11.3 8.9 7.6 7.4 7.3 7.4 7.7 7.9 10.9 11.5 11.9 11.9 11.9 12.6 12.3
41.3 35.6 35.5 35.8 41.6 57 73.1 84.2 93.3 102.2 110.1 117.4 122.8 126.8 129.6 132.2 135 137.8 139.1 139.3 139.2 139.4 137.5 133.3 131.1 130.5 130.6 124.4 115.6 106.8 91.7 77.9 69.2 64.6 60.6 57.2 54 50.7 45.4 40.3 40.6 45.5 49.2 51.8 54.9 57.9 60.1 56.6 49.2 36.5 31.8 28.6 22.9 21.3 20 18.9 17.7 17.3 17.5 17.3 14.3 10.4 13.7 14.5 7.7 8.6 7.2 6.5 8.5 11.3 10.2 7.5 7.5 10 11.9 11.5 11.7 11.6 12.6 12.3
34.6 34.8 35.1 35.3 45.9 58.7 72.9 82.1 89.6 96.4 105.2 113.6 119 122.3 124.7 126.9 129.6 132.6 134.7 135 134.2 132.8 128.9 124.6 119 111.7 107.1 103.1 96.5 89 85 77.4 71.3 68.2 64.4 61.4 57.1 52.7 47.6 41.1 33.2 41.2 44.7 46.9 48.8 53.1 51.9 46.4 33.9 30.3 27.1 23.4 22.3 20.6 19 18.3 17.2 16.6 17.1 16.4 9.8 12.2 15.1 16.2 9.3 7.6 8 7 6.8 6.3 6.3 6.8 7.4 9.4 9.4 9.3 12.5 12 12.6 12.6
34.2 34.7 34.5 37.2 50.3 61.7 69.2 77.4 83.6 88.8 95.3 100.9 105.4 108.5 110.3 114.6 119.4 122.1 122.6 123 122.4 120.1 116.8 112.8 104.5 89.4 88.2 85.7 85.3 83.8 82.6 80.5 78.8 78 76.5 73.2 68.2 61.9 55.4 44.4 35.1 36 39.6 41.1 42.1 44.2 42.9 29.9 28.3 26.2 23 22.6 21.5 19.9 18.2 17.3 16.6 16 13.8 9.7 12.3 13.6 16 15.8 14.7 7.8 5.9 7.5 7.4 6.6 6.3 6.9 7.2 9.8 10 10.2 10.5 10.7 10.7 9.8
33.7 34.5 34.9 42.5 51.9 57.2 63.3 69.5 73.5 77.8 82.7 84.1 88.1 91 94.4 98.7 103.2 104.8 108.1 109 109.3 107.5 103.9 99.2 90.5 82.3 79.5 78.3 78.2 80.8 83.6 86.2 87.1 87.5 86.7 84.9 78.9 70.5 62.1 51.5 40.3 29.7 33 35.1 35.7 33.8 29.5 26.8 24.8 22.4 20.8 20.2 19.3 18.9 17.5 16.2 15.7 10.2 14.1 12.5 13 14 15.3 15.4 14.4 9.4 8.1 7.8 7.9 6.8 6.3 6.9 7.3 9.9 9.9 10 10.1 10.6 10.7 10.6
33.3 33.8 33.5 42.1 48.5 51.2 56.1 59.5 62.9 66.1 68.5 70.3 72.5 76.5 81.8 86.4 90 90.8 96.6 98.6 98.8 96.9 93.4 89.4 82.8 77.5 73.2 71.5 73.3 81.2 85.8 88 90.6 90.4 89 85.1 81.9 77 71.5 64 52 38.1 26.7 29.7 31.7 27.9 24.3 22.4 18.9 17.9 14.2 16.1 17.6 17.2 16.2 15.3 8.9 14 11.8 12.3 13.4 14.4 15.6 14 10.6 9.1 8.2 10.3 7 6.7 6.4 6.4 6.7 8.8 9.9 9.5 10 10.6 10.8 10.7
