data/240000-950000.asc
ncols 200
nrows 200
xllcorner 240000
yllcorner 950000
cellsize 50
[rows 0 to 36 of 200, columns 82 to 163 of 200]
-1.7 -1.7 -1.7 -1.7 -1.7 -1.7 -1.7 -1.7 -1.7 -1.7 -1.7 -1.7 -1.7 -1.7 -1.7 -1.7 -1.7 -1.7 12.5 30 49.9 65 72.8 75.9 80.6 84.8 81.9 81.8 89 102.5 131.1 132.6 123.6 113.9 96 68.9 54.1 46.1 43.5 44.5 48.7 52.7 56.9 56.1 56.3 60.3 62.1 64.2 65.3 59.5 52.1 49.8 55.4 49.2 42.7 35.6 30.8 27.5 28.8 27.6 14.9 3.4 3.4 3.4 3.4 7.9 18.4 33 40.8 56.3 65.6 77.8 84.1 84.2 86.4 78.9 90.8 104.2 107.1 105.9 105.5 107.7
-1.7 -1.7 -1.7 -1.7 -1.7 -1.7 -1.7 -1.7 -1.7 -1.7 -1.7 -1.7 -1.7 -1.7 -1.7 -1.7 -1.7 -1.7 12.6 28.5 46.7 63.2 71.2 76.7 81.2 81.9 82 82.6 91.3 104.1 122.7 133 128.5 122.3 106.6 73.5 59.2 53.3 47.6 47.7 49.8 53.9 58.4 60.2 57.6 59.6 61.5 63.4 64.9 58.6 51 54.3 56.1 50.5 39.8 34.2 34.2 28.9 29.7 28.2 11.8 3.4 3.4 3.4 3.4 6.6 21.5 36.6 41.6 51 63.3 72.3 77.8 84.4 90.1 81.9 86.2 96 101 100.9 104.7 108.3
-1.7 -1.7 -1.7 -1.7 -1.7 -1.7 -1.7 -1.7 -1.7 -1.7 -1.7 7.2 7.7 -1.7 -1.7 -1.7 -1.7 -1.7 16.2 33 50.8 60.2 67.6 75 81 83 82.5 86.8 95.4 103.9 114.2 133 130.1 130.8 121.3 96 75.8 70.4 61.5 52 53.2 55.2 60.9 64.5 58.8 59.4 60.9 62.8 63.5 56.1 49.9 52.8 55.9 50.4 37.1 34.2 33.8 29.3 23.5 14.5 4.2 3.4 3.4 3.4 3.4 4.6 15.6 34.1 40.1 55.3 65.7 71.7 78.1 83.1 86.4 82.1 83.8 101 96 98.5 101 107.2
-1.7 -1.7 -1.7 -1.7 -1.7 -1.7 -1.7 -1.7 -1.7 -1.7 8.1 14.3 14.3 -1.7 -1.7 -1.7 -1.7 -1.7 14.3 33.2 50.6 57.5 63.2 72.1 80.8 83.4 85.8 90.4 97.2 104.1 109.1 127.2 136.8 135.9 137.5 109.9 92.7 82.4 70 57.6 60.8 58.8 65.3 67.3 63.9 62.2 63 63.5 62.2 55.1 49.4 51 53.7 44.4 36.4 33.3 31 30.5 20.3 9.7 3.4 3.4 3.4 3.4 3.4 4 13.4 28.4 41.1 55.3 67.5 70.4 77 79.2 83.6 84.6 84.4 95.9 99.5 100.3 100.3 102.8
-1.7 -1.7 -1.7 -1.7 -1.7 -1.7 -1.7 -1.7 -1.7 -1.7 9.5 17.1 8 -1.7 -1.7 -1.7 -1.7 1.2 14.6 32.9 43.6 51.4 58.9 69.9 80.9 85.2 89.2 94 97.1 102.6 108.1 123.6 141.6 142.1 146 118.1 102.8 92.6 79.7 70.5 71 71 70.5 70.4 69.7 64.8 63.4 63.6 63.6 56.4 48.1 47.7 46.6 43 41.9 33.5 30.1 26.6 16.1 9.3 3.4 3.4 3.4 3.4 3.4 4.2 15.5 23.7 38.1 49.5 63.8 69.6 76 80.4 81.1 85 89.6 92.1 97 102.2 101.6 103.9
-1.7 -1.7 -1.7 -1.7 -1.7 -1.7 -1.7 -1.7 -1.7 1.5 19.2 22.8 7 4.4 2.3 2.4 3.9 4.4 14 28 36.4 44.7 53.2 67.4 81.4 88.1 94.1 97.5 96.7 100.7 115.9 128.5 140.2 140.5 148 131.2 105.8 91.5 81.7 81.7 89.1 88.2 84.8 75.1 74.2 67.1 66 65.9 64.4 56.4 47.3 45.9 45.2 42.2 41.2 33.3 32 27.6 14.9 7.5 3.4 3.4 3.4 3.4 3.4 4.3 15.2 21.5 38 44.1 57.5 63.5 71.6 79.8 81.2 82.2 86 90.2 95.7 98.2 102.4 103
-1.7 -1.7 -1.7 -1.7 -1.7 -1.7 -1.7 -1.7 -1.7 11.7 23.6 12.3 3.8 -1.7 -1.7 2.1 3 4.3 12.9 24.7 29 37.2 51.1 69.6 82.6 90.2 102 99.2 98.7 105.5 118.8 145.4 144.3 140.8 145 141.1 116.1 99.6 97.2 115.1 114 129.8 114.6 91.1 80.7 72.1 70 69.1 65.1 56 47.7 46.6 42.5 39.3 36.4 34.5 35.2 31.6 23.3 11.7 6.6 4 3.4 3.4 3.4 5.5 11.3 20.7 34.6 44.1 53.8 58.1 67.5 79.2 80.3 79 87.3 92 95.3 96 99.4 103.8
-1.7 -1.7 -1.7 -1.7 -1.7 -1.7 -1.7 -1.7 -1.7 18.1 21 10.6 -1.7 -1.7 -1.7 -1.7 -1.7 4.7 10.3 20.1 24.7 37.3 54.1 68.4 86.7 96.6 114.7 103.3 107.2 112.5 118.3 143.9 136.3 132.7 137.9 130.3 118.9 108 125.9 128.5 156.3 139.2 112.8 95.1 84.1 75.4 71 69.9 68.5 57.5 51.5 48 43.3 38.4 36.8 35.5 35.2 34.1 25.6 16.4 9.1 3.4 3.4 3.4 3.4 4.6 9.8 20.9 32.3 41.4 49.3 54.7 64.1 75 75.7 77.6 88 92.8 95.4 95.8 97.9 101.3
-1.7 -1.7 -1.7 -1.7 -1.7 -1.7 -1.7 -1.7 -1.7 15.6 14.7 -1.7 -1.7 -1.7 -1.7 -1.7 -1.7 -1.7 7.6 16.4 25.6 40.3 56.1 71.2 89.8 113.6 127.7 105.4 117.5 115 126.7 138 127 125.1 129.1 124.1 119.1 126 135.7 146.7 171 147.1 121.6 109.8 98.6 80.2 72.8 73.3 68.7 59.5 58.7 51.1 42.1 39.5 37 34.9 34.4 30.1 25 15.6 5.1 3.4 3.4 3.4 3.4 3.9 8.3 21.7 30.8 39.5 47 59.1 64.8 68.2 71.2 75.9 83.9 90.9 94.7 96.1 97.7 99.9
-1.7 -1.7 -1.7 -1.7 -1.7 -1.7 -1.7 -1.7 -1.7 -1.7 -1.7 -1.7 -1.7 -1.7 -1.7 -1.7 -1.7 -1.7 6.2 17.1 28.8 45.3 58.8 77.3 104 129.7 126.3 108.7 116 115.9 124 127.8 121.5 117.5 116.6 117.3 119 129.9 135.1 175.9 177.7 165.6 155 142.1 125.5 114 98.7 92.8 77.7 71.4 66.4 55.7 41.5 38.1 35.5 32.1 29.8 27.6 22.4 14.5 4.7 3.4 3.4 3.4 3.4 3.9 9.5 21.1 28.7 44.1 50.1 55.8 61 67.7 68.9 73.3 81.8 87.7 92.5 95.6 98.5 99.6
-1.7 -1.7 -1.7 -1.7 -1.7 -1.7 -1.7 -1.7 -1.7 -1.7 -1.7 -1.7 -1.7 -1.7 -1.7 -1.7 -1.7 -1.7 3.8 19.5 33.5 46.8 62.4 92.9 123.6 134.6 116.7 111.1 110.1 112.3 113.6 116.7 114.5 112.7 114.2 115.1 120.6 133.6 152.8 179.7 178.7 182.1 179.1 166.7 149.1 142.9 127 106.8 95.3 93.8 82 64.7 44.4 36.9 34.6 29.5 25.8 21.9 17.3 11.2 3.4 3.4 3.4 3.4 3.4 5.4 10 14.7 31 46.1 49.6 52 59 64.3 67.4 71.5 82.3 84.7 91.4 95.6 99 100.6
-1.7 -1.7 -1.7 -1.7 -1.7 -1.7 -1.7 -1.7 -1.7 -1.7 -1.7 -1.7 -1.7 -1.7 -1.7 -1.7 -1.7 -1.7 8.5 24.1 38.4 51.2 71.5 112.6 132.2 136 111.8 106.9 107 104.7 107.6 111.6 111 112 114 120.4 133.1 147.2 177.8 184.7 182.5 184.5 182.1 172.3 160.3 157.6 148.3 137.9 128.4 108.7 86 65 44.8 35.6 32.3 28.4 25.6 22.2 11.5 9.3 5.7 3.4 3.4 3.4 3.4 6.6 9.4 13.1 25.4 36.2 46.7 54.3 61.8 64.4 66.9 70.5 80.7 83.8 90.5 94.3 99 106.2
-1.7 -1.7 -1.7 -1.7 -1.7 -1.7 -1.7 -1.7 -1.7 -1.7 -1.7 -1.7 -1.7 -1.7 -1.7 -1.7 -1.7 -1.7 13.1 29.6 42.6 56.6 84.4 120.3 133.9 132.1 112.1 103.2 103 104.6 108.2 108.5 112.9 122.4 130.6 170 179.3 189.2 186.6 187 184.7 180.5 177.2 174 170.1 158.6 147.6 138.4 126.7 107.2 80.3 59.3 43.4 33.7 31.4 28.8 24.1 16.9 10.5 8.4 3.5 3.4 3.4 3.4 3.4 6.6 9.4 14.8 30.9 41.1 42.5 59.9 62.2 64.1 66.5 71.4 79.9 84.7 89.4 93.1 98.2 105.6
-1.7 -1.7 -1.7 -1.7 -1.7 -1.7 -1.7 -1.7 -1.7 -1.7 -1.7 -1.7 -1.7 -1.7 -1.7 -1.7 -1.7 0.8 17.9 33.5 45.5 60.9 99.1 124.7 135.8 131.8 110.5 100.1 100.5 106.5 105 112.2 132.3 159.8 175.5 198.5 201.7 193.7 189.5 191.1 185.9 176.3 169.4 174.7 170.8 154.5 149.2 139.6 121.3 101.1 69.7 52.1 39.6 32.5 28.8 27.6 22.3 17 10.2 4.3 3.4 3.4 3.4 3.4 3.4 3.4 10.8 16.8 30.7 40.8 44.4 64 62.8 63.1 65.5 69.5 77.6 82.6 87.7 91.8 97.1 102.4
-1.7 -1.7 -1.7 -1.7 -1.7 -1.7 -1.7 -1.7 -1.7 -1.7 -1.7 -1.7 -1.7 -1.7 -1.7 -1.7 -1.7 1.6 21.3 36.5 48.2 66 108 125.8 136.2 126.7 106.1 96.5 97.7 102.4 105.3 124.6 153.9 180.4 202.2 208.6 206.7 194.9 196.8 194.9 182.2 172.7 166.5 165.5 161.1 152.6 148.9 137.4 115 99.1 65 47.4 33.7 28.9 25.7 23.8 20.7 16.3 9.6 3.4 3.4 3.4 3.4 3.4 3.4 3.4 10.1 20 29.2 39.7 46.3 60.6 62.2 63 64.7 70.3 75.5 80.2 85.6 90.8 94.7 99
-1.7 -1.7 -1.7 -1.7 -1.7 -1.7 -1.7 -1.7 -1.7 -1.7 -1.7 -1.7 -1.7 -1.7 -1.7 -1.7 -1.7 4.1 25.5 37.7 48.9 69.1 100.6 126.6 135.5 120.9 101 93.7 92.8 96.4 108.1 133.5 164.9 190.7 203.8 205.6 201.2 197.8 205 201 200.2 193.4 177.5 167.6 157.8 145.2 141.1 130.1 109.5 95.8 71.4 47.1 31.2 26.2 23.4 22 19.5 13.9 8.9 3.4 3.4 3.4 3.4 3.4 3.4 3.4 6.5 21.7 28.2 38.8 46.3 51 59.4 61.3 63.3 68.8 73.6 78.5 83.6 88.8 93.1 97.1
-1.7 -1.7 -1.7 -1.7 -1.7 -1.7 -1.7 -1.7 -1.7 -1.7 -1.7 -1.7 -1.7 -1.7 -1.7 -1.7 -1.7 14.4 30.5 44.4 52.8 67.7 99.2 127 130.7 113.9 97.4 89.6 88.2 94.2 113.4 140.8 168.3 187 199.7 204.8 208 212.9 213.8 214.2 209.4 201.5 190.2 177 157.8 139.8 133.9 124.4 105.2 89.5 70.6 52 34.7 26.9 22.1 20.5 17.2 14 8.1 3.4 3.4 3.4 3.4 3.4 3.4 3.4 3.4 19.5 28.3 38.6 45 52.1 59.7 61.2 61.3 65.5 70.2 75.6 81.4 87.1 90.3 95.5
-1.7 -1.7 -1.7 -1.7 -1.7 -1.7 -1.7 -1.7 -1.7 -1.7 -1.7 -1.7 -1.7 -1.7 -1.7 -1.7 -1.7 20.3 32.7 44.4 56.2 73 99.1 123.7 123.6 106.1 94.8 86.5 86.5 103.5 131.7 159.5 185.6 197.8 208.9 218.3 220.4 220.9 218.6 217 209.9 200.8 193.9 182.2 166 143.9 132.8 121.6 104.9 85.9 67.4 57.2 45.7 35.3 26.8 20.4 12.1 9.1 3.4 3.4 3.4 3.4 3.4 3.4 3.4 3.4 3.4 17.7 29 36.6 41.1 49.9 57.8 55.5 58.3 62.8 65.2 73 78.6 85.3 85.8 91.7
-1.7 -1.7 -1.7 -1.7 -1.7 -1.7 -1.7 -1.7 -1.7 -1.7 -1.7 -1.7 -1.7 -1.7 -1.7 -1.7 1.7 26.3 40 51.7 64.7 81.4 102.8 120.9 113.7 101.4 91.7 86.5 89.5 105.5 158.4 193.9 202.4 204.3 217.1 224.2 225.8 223.1 218.8 210.4 200.8 199 197.8 181 165.9 146 129.6 121.4 107.5 83.8 67.3 61.7 50.6 41 27.8 16.8 11.3 5.7 3.4 3.4 3.4 3.4 3.4 3.4 3.4 3.4 3.4 17.6 28 33.1 38.2 41.6 49.3 58.1 59.5 63.3 67.1 75 78.2 81.6 94.8 100.9
-1.7 -1.7 -1.7 -1.7 -1.7 -1.7 -1.7 -1.7 -1.7 -1.7 -1.7 -1.7 -1.7 -1.7 -1.7 -1.7 11 30.8 44.7 58.5 72.7 90.2 106.7 118.6 109.3 98.3 90.6 87.1 88.1 108.2 160.3 198.7 206.5 212.2 221.7 226.6 228.6 222.5 209.9 199.1 199 199 197 188.6 172.3 153.3 131.8 123.3 108.9 81.8 67.9 59.7 49.9 39 26.3 13.5 9.6 3.4 3.4 3.4 3.4 3.4 3.4 3.4 3.4 3.4 6 15.2 26.2 29.2 34.2 49.1 57.6 62.2 62.8 63.8 74.2 76.9 82.5 82.3 105 111.1
-1.7 -1.7 -1.7 -1.7 -1.7 -1.7 -1.7 -1.7 -1.7 -1.7 -1.7 -1.7 -1.7 -1.7 -1.7 -1.7 19.5 33.9 49.1 62.9 78.8 97.4 110.1 115.4 106.8 98.2 89.9 87.5 92.4 117.9 155.2 189.9 203.3 214 222.3 228.2 228.1 219.4 205.6 199 199 199.7 203.9 195.2 177.7 157.4 133.6 123.4 104.4 90 78.6 61.4 50 36.7 27 14 9 3.4 3.4 3.4 3.4 3.4 3.4 3.4 3.4 5.2 8 10.5 23.4 29.9 41.7 55.2 59.4 64.1 63.2 64 72.3 92 113.5 110.5 112.7 111.6
-1.7 -1.7 -1.7 -1.7 -1.7 -1.7 -1.7 -1.7 -1.7 -1.7 -1.7 -1.7 -1.7 -1.7 -1.7 -1.7 18.8 33.7 48.9 64.7 81.7 101.9 111.1 110.5 103.5 96.6 89.6 87.5 96.8 127.3 148.2 166.4 198.5 213.4 218.9 221.5 222.3 217.1 206.3 199 198.9 204.9 207 205.5 188.6 168.7 146 122.9 101.2 89.7 77.5 62.6 47.3 32.3 22.8 16.7 9.1 3.4 3.4 3.4 3.4 3.4 3.4 3.4 3.4 6 7.6 11 22.5 32.7 46.2 55 60 64.6 64.3 67.3 73.1 103.9 109.6 111.4 112.4 111.4
-1.7 -1.7 -1.7 -1.7 -1.7 -1.7 -1.7 -1.7 -1.7 -1.7 -1.7 -1.7 -1.7 -1.7 -1.7 -1.7 19.4 32.9 52.6 68.5 89.7 106.2 111.9 104.5 99.7 94.3 88.9 87.2 98.4 125.5 140.1 156.3 193.6 211.3 213.9 216.1 217.1 216 205.9 196.2 210.4 224.4 214.6 204.4 189.5 173.7 160.7 140.6 104.5 84.9 72.1 58.3 43.6 26.2 15.4 9.7 4.3 3.4 3.4 3.4 3.4 3.4 3.4 3.4 3.4 3.4 8.5 12.8 24.2 35.3 46.8 54.3 60 64.8 65 67.2 78.1 106 109.3 113.9 110.1 111
-1.7 -1.7 -1.7 -1.7 -1.7 -1.7 -1.7 -1.7 -1.7 -1.7 -1.7 -1.7 -1.7 -1.7 -1.7 -1.7 16.4 34.6 53.3 73.9 96.2 110.1 111.7 99.7 95.7 91.2 87.8 86.9 98.1 116.9 131.7 150.7 193.5 209.1 210.6 213.9 215.9 217.4 207.6 204.5 220.9 227.4 220.1 203.7 184.9 169.5 158.6 142.8 113.3 83.7 69 54.6 39.7 22.5 9.2 6.2 3.4 3.4 3.4 3.4 3.4 3.4 3.4 3.4 3.4 3.6 9.8 14.8 25.1 36.6 45.9 52.5 59.1 62.9 66.2 79.8 85.2 106.4 113.4 108.6 109.4 112.5
-1.7 -1.7 -1.7 -1.7 -1.7 -1.7 -1.7 -1.7 -1.7 -1.7 -1.7 -1.7 -1.7 -1.7 -1.7 -1.7 13.7 35.5 55 76.3 100.4 109.8 100.8 93.3 89.2 88 86.3 86.3 92.9 110.7 138 172.9 200.4 203.4 208.9 212.6 217.5 218.3 211 208.9 220.2 222.8 215.2 204 183.6 165.3 152.5 136.1 112.2 95.7 67.5 51.6 34.4 18.3 13.8 4 3.4 3.4 3.4 3.4 3.4 3.4 3.4 3.4 3.4 4.3 10.7 15.8 25.9 35.6 44.1 50.5 56.8 61 69.3 78.5 85.9 102.9 103.5 106.4 109.1 116.7
-1.7 -1.7 -1.7 -1.7 -1.7 -1.7 -1.7 -1.7 -1.7 -1.7 -1.7 -1.7 -1.7 -1.7 -1.7 -1.7 3.1 33.6 53.4 73.6 98.2 96.8 90.8 86.3 84.7 84.8 86.5 86.2 92.2 117.1 159.1 183.6 196.3 199.7 208.6 211.8 216.5 217.6 217.9 213.5 213.2 209.6 204.6 191.1 176.1 162.5 148.7 126 110.3 87.9 67 49 31.9 22 15 3.4 3.4 3.4 3.4 3.4 3.4 3.4 3.4 3.4 3.4 6 12.1 17.7 27.5 35.6 43.5 50 55.4 60.6 68.9 79.2 85.4 94.6 100.5 104.9 113 119.4
-1.7 -1.7 -1.7 -1.7 -1.7 -1.7 -1.7 -1.7 -1.7 -1.7 -1.7 -1.7 -1.7 -1.7 -1.7 -1.7 1.6 24.4 49.3 75.1 88.4 86.7 83 80.4 82.3 85.8 87.3 86.8 101.5 128.4 158.4 176.8 190.2 195.6 203 206.7 211.8 216.3 223.3 220.4 212.1 203.7 194.5 178.3 166.9 158.4 142.9 124 103.9 84.6 64.2 46.5 30.9 21.5 11.2 3.4 3.4 3.4 3.4 3.4 3.4 3.4 3.4 3.4 3.4 8.5 15.7 21.8 29.9 37.2 46.1 53.1 55.4 61.2 70.1 79.1 86.9 94.9 100.2 105.8 113.6 117.4
-1.7 -1.7 -1.7 -1.7 -1.7 -1.7 -1.7 -1.7 -1.7 -1.7 -1.7 -1.7 -1.7 -1.7 -1.7 -1.7 0.9 18 43.3 74.8 87 80.4 76 79.3 83.1 86.4 87.5 87.5 94.3 116.5 143.3 169.3 183.2 190.7 196 201.8 207.6 211.9 221.3 219.9 217 204.3 187.9 173.4 161.4 153.5 137.5 120.5 103 80 62.8 43.1 31.5 19.4 7.2 3.4 3.4 3.4 3.4 3.4 3.4 3.4 3.4 3.4 3.4 9.1 15 20.9 29 38.3 47.2 51.7 53.9 61.3 71 79 86.2 93.4 99.5 103.2 109.3 113.9
-1.7 -1.7 -1.7 -1.7 -1.7 -1.7 -1.7 -1.7 -1.7 -1.7 -1.7 -1.7 -1.7 -1.7 -1.7 -1.7 0.7 14 32.4 65.2 78.5 73.2 72.9 80.6 82.4 85.3 86.4 89.4 105.2 118.5 141.4 154.8 171.4 184 191.6 200.1 203.7 203.3 204.1 212.3 212.5 206.2 193.2 176.3 158.1 147.1 135.5 119.9 100.4 80.1 67.7 55.6 42.7 18.7 4.2 3.4 3.4 3.4 3.4 3.4 3.4 3.4 3.4 3.4 3.4 7.7 18.4 27.5 32.9 39.7 43.9 46.6 51.8 61.9 71.1 78.5 84.5 92.1 98.8 102.3 105.8 112.8
-1.7 -1.7 -1.7 -1.7 -1.7 -1.7 -1.7 -1.7 -1.7 -1.7 -1.7 -1.7 -1.7 -1.7 -1.7 -1.7 1.1 11.5 30.8 48.2 67 67 67.9 72.9 76.8 82.4 89.3 99.2 107.2 127.9 156.5 167.7 177.7 180.6 187.2 196.8 200.4 194.5 190 193 197.8 198.5 193.8 178.8 157.8 144.8 134.3 118.8 97.1 83.3 74.1 59.3 47.7 30.1 6.3 3.4 3.4 3.4 3.4 3.4 3.4 3.4 3.4 3.4 3.4 9.8 20.9 27.8 34.3 39.7 44.4 46.1 50.5 62.8 71.4 77.4 83.4 90.7 97.9 102 105 107.9
-1.7 -1.7 -1.7 -1.7 -1.7 -1.7 -1.7 -1.7 -1.7 -1.7 -1.7 -1.7 -1.7 -1.7 -1.7 -1.7 1.7 15.5 26.7 43 53.8 62.7 64.7 68.3 76.4 84.1 95.5 110.2 130.8 140 154.8 165.9 176.9 183.1 187.3 187.5 197.2 191.4 186.7 182.5 179.5 181.3 180.1 172.5 156.9 140.4 129.5 115.7 98.9 85.8 73.1 58 45.4 28.8 4.2 3.4 3.4 3.4 3.4 3.4 3.4 3.4 3.4 3.4 3.5 11.9 21.8 28.3 33.2 38.4 42.4 47.1 56.2 65.8 72.2 77.8 82.6 89.3 95.6 99.3 101.5 104.6
-1.7 -1.7 -1.7 -1.7 -1.7 -1.7 -1.7 -1.7 -1.7 -1.7 -1.7 -1.7 -1.7 -1.7 -1.7 -1.7 2.3 14.7 29.4 48 58.5 61.2 67.4 82.1 89.6 96 112.6 120.4 138.7 147.4 162.6 168.9 176.4 183 184.9 182.6 180.8 188.3 182.1 178.3 173.6 168.4 164.4 158.9 153 138.3 125.8 108.9 98.3 88.6 72.6 57 39.6 22.3 3.4 3.4 3.4 3.4 3.4 3.4 3.4 3.4 3.4 3.4 6 17.6 19.7 27.4 32.4 36.4 41.4 50.3 60.1 65.2 72 79.2 83.6 87.1 93 97.8 101.2 103.1
-1.7 -1.7 -1.7 -1.7 -1.7 -1.7 -1.7 -1.7 -1.7 -1.7 -1.7 -1.7 -1.7 -1.7 -1.7 -1.7 7.1 11.4 25.5 39.4 50 62.9 68.9 89 105.2 109.3 133.2 137.1 154.4 154.3 167.3 170.1 171.6 175.6 179.3 176.6 175.5 177.4 176.8 172.9 167.4 160.2 153.5 147.5 144.7 136.6 122.5 107.4 96.2 86.4 71.5 52.9 34.8 19 3.4 3.4 3.4 3.4 3.4 3.4 3.4 3.4 3.4 3.4 8.5 15.6 25.2 26.7 31.5 34.6 41 53.5 60.5 64.9 71.8 79.6 84.2 87 93.2 96.2 100.2 102.2
-1.7 -1.7 -1.7 -1.7 -1.7 -1.7 -1.7 -1.7 -1.7 -1.7 -1.7 -1.7 -1.7 -1.7 -1.7 -1.7 7.7 14.1 27.3 38.6 48.4 60.5 70 76.8 100.1 115.1 134.9 150 157.3 170.4 174.9 172.1 170.3 170.7 171.8 170.3 169.5 170.4 171.8 172.3 161.6 155.8 154.5 147.3 138.1 128.6 118.2 104.3 94.9 82.7 67.3 48.3 31.6 16.9 3.4 3.4 3.4 3.4 3.4 3.4 3.4 3.4 3.4 3.4 9 16.3 20.2 24.7 28.1 33.7 41.6 54 60.2 63.8 71 77.8 81.4 83.8 89.7 93.9 98.3 100.2
-1.7 -1.7 -1.7 -1.7 -1.7 -1.7 -1.7 -1.7 -1.7 -1.7 -1.7 -1.7 -1.7 -1.7 -1.7 -1.7 7.6 18.3 36.6 46.7 49.1 57 68.8 76.9 85.3 97 113.3 140.9 158.2 172.3 176.2 175 171.8 169.2 166.8 165 164.9 165.2 165.2 179.6 174 168.9 164.2 154.7 142.7 127.1 114.5 102.9 90.1 75.1 60.9 44.2 27.1 12.5 3.4 3.4 3.4 3.4 3.4 3.4 3.4 3.4 3.4 3.4 9.3 18.4 21.9 25.6 29.6 35.1 43.1 52.4 59.3 63.8 69.8 75.6 78.6 82 86.4 92.5 96.8 97.9
-1.7 -1.7 -1.7 -1.7 -1.7 -1.7 -1.7 -1.7 -1.7 -1.7 -1.7 -1.7 -1.7 -1.7 -1.7 -1.7 7.8 26.6 40.7 50.5 53.2 56.9 63.3 74.9 85.2 86.4 95.5 113.1 139.8 159.8 173 173.9 173.4 174.7 166.3 162.3 160.4 159.8 160.6 173.2 175.3 175 172.1 161.8 146.1 126.3 113.4 106.6 102.5 79.7 57.8 27 24.6 10.9 3.4 3.4 3.4 3.4 3.4 3.4 3.4 3.4 3.4 3.4 8.8 15.5 21.1 27.4 29.5 36.7 43.1 50.8 57.6 63.4 69.4 72.8 76.4 80 85.8 90.6 94 94.3
-1.7 -1.6 0.9 1 -1.4 -1.7 -1.7 -1.7 -1.7 -1.7 -1.7 -1.7 -1.7 -1.7 -1.7 0.8 16.9 36.4 50.8 55.4 59.1 67.1 63.8 72.1 79.7 83.3 87.3 100.6 123.7 160.8 163.5 165.2 169.4 172.7 166.6 163.1 160 158.6 157.6 157.5 163.4 173.3 172.5 164 145.5 122.8 109.9 105.6 99.8 76.2 52.2 31.1 17.8 11.5 7.9 3.4 3.4 3.4 3.4 3.4 3.4 3.4 3.4 3.4 6.9 13.2 20.1 24.5 29.6 36.1 43.1 49.6 55.7 65 68 68.1 73.7 78.7 82.6 87.1 91.4 91.4
