data/240000-940000.asc
ncols 200
nrows 200
xllcorner 240000
yllcorner 940000
cellsize 50
[rows 35 to 69 of 200, columns 0 to 78 of 200]
348.6 342.3 343.8 342.8 341 339.6 342.3 343.4 343.9 344.8 344.4 344.1 344 340.8 332 319.8 313 307.5 302.6 299.6 300.4 307.4 314.3 320.5 327.3 334.3 340.7 348.4 353.5 358.2 361.8 364.4 364.6 361.9 355.3 344.9 337.8 331.6 329.1 331.7 338.4 345.2 353.6 363.2 371.3 373.1 374 372.2 368.1 365.6 364.5 367.6 367.5 369.9 378.2 367.6 363 350.4 328.8 320.6 306.6 287.2 274 257.9 250.3 241.7 236.2 223.9 213.5 205.4 197.5 191.9 187.7 185.9 183.9 184.8 188.4 190 190.2
347.7 343.6 338.9 338.8 338.6 338.8 340.8 340.8 341.6 341.9 341.8 340.9 338.2 335.3 328.5 318.5 311.5 306.1 300.5 294.1 300.2 306.5 312.8 318.9 326.9 335.4 342.1 348.4 352.1 354.7 357.1 357.7 355 352.6 348.8 340.5 331.8 328.7 328.5 331.3 337.9 344.3 351.5 361.4 370.3 371.1 369.1 371.1 364 358.2 356.2 358.5 357.3 355.5 356.1 351.5 346.6 334 317 311.9 294.5 271.6 261.2 254.9 245.6 234.5 223.7 215.2 204.7 200.1 191.8 189.1 188.5 187.1 189.2 190.1 190.6 190.3 201
347.6 343.7 338.9 338.9 338.9 338.5 340.3 339.6 338.9 340.5 339.3 336.6 333.9 329.4 322.8 315.4 309.4 303.4 296.6 290.1 300.4 304.8 311.1 316.8 326.6 338.3 343.2 346 349.1 350.3 349.6 348.2 346.2 343.3 338.8 334.7 328.4 324.7 327.3 330.8 334.5 340.9 346.9 356.7 369.6 371.1 364 363.9 361 353.9 350.3 351.7 343.9 345.3 343.1 341.9 333.1 319.7 309.7 297.9 277.2 252.3 243.4 238.5 227.9 218.8 211.3 208.5 199.9 195.2 190.7 190.3 189.1 189.1 191.9 192.3 191.7 194.4 206.6
344.3 341 339.2 339.5 338.2 338.3 338.7 337.9 336 336.4 335.6 332.1 328.5 322.7 315.6 310 305.8 300.4 292.9 290 298.6 303.7 308 315.5 326 340.6 342.1 343.4 344.2 342.5 339.5 337.6 337.7 336.1 333.5 329 324.3 320.7 323 327.9 331.3 334.7 340 349.1 363 369.8 360.5 359.2 356.5 350.4 343.6 339.2 333.2 335.4 333.9 331 323.4 312.1 297.8 277.6 260.8 265.5 255 244.5 236.1 230 222.1 212.5 201.1 194.4 190.9 189.7 189.5 194.2 199.3 199.2 199.2 204.3 217.5
346.8 339.7 338.9 340.3 335.1 331.5 333.5 334.1 332.1 331.2 330.4 327.1 321.8 314.7 308.4 304.3 300.9 296 289.6 289.3 296.3 301.4 305.7 313.6 325.6 335.1 338.6 338.5 338.2 334.2 329.6 327.2 328.7 330.6 330.3 324.6 318.9 318.7 320.4 323.9 326.2 327.3 329.4 339.1 353.4 361.6 359.2 353.9 352.1 347.6 338.6 331.6 327.2 324.8 323.6 319.7 314.6 304.5 291.2 275.5 279.2 271.6 260 246.8 238.2 229.5 220 209.6 199.3 195.8 193.3 192.8 195.7 200.6 203.4 206.8 214.4 220.6 231.4
349.3 342 338.9 338.9 334.1 329.8 329.1 331.1 328.1 327.4 326.1 323 317.5 309.8 304.8 300.8 297.4 292.6 289 289.8 293.8 299.4 303.6 312.4 324.5 331.6 333.8 333.7 331.7 326.6 321.8 321.1 323.5 324.8 328.1 322.2 318.7 318.5 318.4 320 321.5 320.7 321.1 331 347 355.2 354.7 349.3 350.4 345 335.4 328.7 325.3 321 319.6 320.7 322.3 313.7 298.1 293.3 284.6 272.6 260.2 249.9 239.4 229.5 218.8 208.1 201.6 199.5 199 198.1 201.5 205.4 212 223.5 234.2 242 257.3
349 343.3 338.7 334.9 330.1 326.6 327.8 329.5 325.9 323.6 322.2 319.1 314 306.6 300.8 296.8 293.6 290.3 280.2 290.4 293.7 296.2 300.2 309.9 318.3 330.7 329.6 327 324.1 319.3 315.8 315.8 318.5 319.3 319.8 320.9 319 317.4 315.6 315.2 315.2 312.5 311 319.7 339 349.6 350.8 344.9 339.4 334.3 329 328 327.6 327.5 331.2 337.1 333.2 327.8 318 306.5 288.2 271.5 259.4 252.6 241.5 232.3 226.5 218.4 211.1 207.6 205.9 205.6 208.6 218.2 228.3 245 259.3 268.5 292.6
345.4 341.5 337.9 332.3 326.9 322.4 320.2 319.9 320.1 318.6 317.2 314.6 310.3 303.4 297.3 292 289.2 285.3 280.1 290.5 292.8 294.5 299 305.8 313.6 320.6 320.3 319.4 317.2 314.9 312.4 311.2 312.9 314.6 316.7 316.7 315.3 314.8 312.8 311.5 310.5 309.7 309.7 309.7 324.4 337.3 340.5 340.6 337.4 332.4 329.2 328.5 331 339.7 345.5 350.6 348.9 347.9 333.9 315.9 292.9 273.5 263.8 254.9 249.8 244.2 238.7 231.6 226.6 218.4 212.5 212.4 218.5 236 256 278.9 283.3 295.3 339.8
342.8 338.8 332.7 328.2 321.7 317.8 314.6 313.7 314.6 313.5 312.1 308.9 305 299.6 294 288.8 283.9 280.6 280.5 290.3 292.3 294.2 297.1 302.7 308.9 314 314.7 314 311.9 310.3 306.6 304.2 308.4 311.9 314.3 313.5 312.3 312.1 310.7 310.2 309.7 309.7 309.7 310.8 319.7 331.2 335.4 338.2 338 336.3 335.1 337.3 348 357.2 360.8 366.4 378.5 394.3 371.1 346.6 308.8 291.4 277.4 265.5 261.2 255.2 248.6 240 234.7 225.3 218.9 223.8 244.3 271.4 279.1 296.3 309.3 330.8 368.8
343.8 332.1 326.1 320.5 316.9 314 311.4 311 309.7 307.9 306.2 303.3 298.7 294 290 284.9 279.7 279.3 280.8 287.6 291.7 293.7 295.4 298.7 304 307 309.2 309.3 306.4 304.9 301 300 305.8 310.5 311.2 310.5 311.1 311.4 311.2 310.2 309.7 309.7 309.7 313.5 320.6 328.1 333.6 337.5 340.6 342.5 347.2 350.6 358.7 366.8 375.2 392.9 422.9 438.4 430.3 391.2 340.3 312.9 293.8 281.7 271.1 265.8 255.6 248.5 239.1 228.5 238.7 259.2 273.6 283.2 293.9 309.8 324.5 352.7 369.7
341.2 328.6 322.3 317 312.9 311 309.7 306.6 304.4 302 298.7 295.5 291.7 288.7 285 280.1 271.1 277.3 282 285.4 290.3 292.4 293.2 294.4 295.3 299.7 306 304.7 300.9 300 300.2 300.2 305.4 309.2 311.2 310.9 313.2 319.5 313 309.7 309.7 309.7 309.7 316.7 321.6 330.1 336.4 341.3 344.3 350 356.1 362.9 370.8 381.1 397.2 414.5 438 440.1 435.8 416 360.4 327.4 303.6 288.3 279.7 271.6 261.4 253.3 244 230.6 254.4 271.6 283.1 292.7 306.1 318.4 334.1 364.4 369.1
333 328.9 323.9 314.3 309.1 306.8 306.2 303 299.7 298 292.7 288.3 284.8 282.7 279.6 273.5 269.8 274.2 280.2 283.5 286.7 289.5 291.1 289.9 289.7 292.8 301.4 301.5 299.1 296.7 297.8 300.3 305.7 311.1 311.2 311.2 309.9 315.9 311.5 309.7 311.5 313.8 319 324.5 326.3 333.6 340.5 345.1 354.1 362.9 370.5 375.5 384.6 400.6 415.7 426.5 435.5 431.7 430.2 416.7 380 341.4 323.1 305.6 289.3 276.6 268.7 260 250.7 244.8 261.7 275.1 290.2 307.1 319.6 328.4 348.2 370.6 370.2
325.8 326.4 322.7 310.9 307.1 304.2 304.2 302.1 297.3 291.7 290.4 284.8 281.6 277.7 275 272.6 269.7 271.4 277.9 281.5 284.5 287.4 287.5 285.8 284.9 288.2 294.9 298.4 294.8 292.4 296.2 299.5 303.4 308.7 311 310.2 309.4 310.7 310.8 313.4 319.3 323.1 329.1 333.8 334.2 339.6 346.4 353.5 363.5 372.1 379.7 392.3 411.1 419.6 426 430.1 430.7 424.9 421.5 420 396.9 366.3 332.8 315.2 295.9 279.5 272.7 263.6 251.6 259.5 270.8 283.3 299.5 314 329.7 339.5 361.7 371.6 369.3
320.6 317.3 315.1 308.3 304.3 301.7 302.2 300 295.4 290.9 284.1 280 277 273.3 272.4 270.5 268 270.9 275.3 280.3 283.2 284.5 282.9 280.7 281 286.6 292.2 290.9 290.2 292.1 299.5 299.2 301.2 304 307.6 308.2 308.3 310.6 314.4 319.7 327.1 332.2 339 342.2 341.6 347.1 353.2 360.9 369.6 380 390.7 407.3 423.4 429.1 430.1 423.2 419.9 416.4 415 413 412.4 397.2 347.3 323.7 306.9 293.7 279.4 265.2 252.9 270.2 277.1 289.8 305 320.9 341.6 365.4 378.2 371.5 367.8
314.5 310.6 309.2 305.6 302.9 299.6 299.2 296.6 293 290.1 284.6 280.4 271.7 270.6 269.5 265.4 259.6 269.5 274 278.4 281.1 282.2 280.6 280 279.4 282.4 290.9 291.1 290.3 296.1 300.7 300.5 300.1 300.9 303.1 305.8 308.6 314.6 320.6 331.3 334.5 339.9 349.2 349.1 348.9 351.8 357.2 366.4 377.5 388.8 402.2 418.6 430.3 428.7 423.2 414.9 410.6 407.8 402.1 409.6 415.1 417.9 374.5 332.2 312.4 292.4 275.9 263.8 263.8 279.2 285.1 299.8 308.5 333.7 361.7 388.2 399.4 383.5 369.1
310.9 305.3 302.4 301.6 300.6 297.5 293.9 291.6 289.3 286.3 281.9 277.9 273.6 269.7 266.2 261.9 259.5 268.4 271.7 276 278.8 281 281 281 279 283.2 289.5 289.1 291.9 298.4 304.4 305.1 300.7 301.1 302.8 306.3 312.4 321.2 330.1 339.4 342.6 346.9 350.8 349.5 351.7 355.7 361.6 372.3 385.7 397.8 412.3 422.3 426.4 421.1 411.4 405 401.3 396 391.4 396.2 399 409.1 392.3 342.4 314 295.4 275.2 268 272.6 283.8 290.4 305.1 323.5 348.8 382.9 400.9 401.3 388.9 383
308.4 301.5 300.5 298.4 296.6 293.5 290.1 286.8 284.9 282.3 278.9 274.8 272.3 268.2 260.5 257.9 259.9 265.5 270.9 272.4 272.1 274.8 277.5 278.9 279.3 282.9 288.2 290 295.1 305.3 311.3 310.5 307.2 305.4 307.4 311.5 318.8 327.7 341.2 347.8 349.5 353.2 353.6 355.1 358.5 360.9 366.6 378.8 390.5 404 414.3 420.2 416.6 406.9 399.2 391.7 387.9 383.2 380.8 382 384.1 391.5 390.7 351.8 317.6 302.5 276.7 268.7 273.4 284.4 295.8 314.6 341.2 370.2 397.2 403.7 400.6 390.9 387.3
303.1 299.9 298.4 296.3 294.2 291.5 286.4 281 280.1 278.3 275.4 271.9 269.8 266.3 262.3 259.7 259 261.5 265 269.9 269.1 274.5 279.7 283.2 279.6 285 290.3 294.8 301.4 311.7 316.9 314 310.2 309 312.6 316.7 326.3 336.2 350.8 357.1 359.5 360.8 361.6 362.3 366 365.7 368.5 382.6 397.5 409.3 413.2 412.9 406.1 396.1 387.3 381.7 375 369.2 366.1 362.5 367.6 368.3 371.6 365.5 320.3 303.7 278.3 273.1 278.9 292.6 305.4 326.4 366.1 388.9 398.5 406.6 400 390.5 399.9
296.6 297.2 295.9 294.5 292.4 289.8 282.5 278.4 276.7 274.9 271.9 269 266.1 263.7 261.5 259 258.6 259.5 260.4 270 274.3 279.7 285.9 290.1 284.4 289.3 293.4 296.9 310.2 316.9 320.7 316.9 309.7 312.7 317.2 323 331.4 345.2 361 361.3 359.6 369.3 369.4 369.1 370.8 370.1 369.3 383.8 401.9 412.2 413.9 410.2 398.3 387.1 379.3 371.4 363.8 355.5 353.6 349.8 353.1 353.2 354.2 355.9 325.8 301.5 278.9 280.8 291 301.3 321.1 355.5 376 392.3 400.4 410.7 401 405 413.7
291.8 296.7 293.3 292 290.6 286.1 279.8 276.8 273.9 271.5 269 266.5 264.7 263 261 256.7 253.9 258.9 262.9 269.2 273.9 277.6 281 286.5 289.3 292.2 296.2 305 316.4 319.2 319.7 318 312.6 314.2 320.1 328.2 337.3 349.9 361.4 363.1 364.8 369.3 369.1 370.3 373 377.6 376.1 386.9 401.9 410.7 409 400.2 388.2 379.3 370.1 362.1 350.6 342 341.8 339.7 337.4 337.7 339 341 324.1 293.4 280.8 285.1 301.8 317.1 350.5 379 378.9 388.1 401 401.5 408.3 420.5 426.2
296 299.4 291.3 289.1 286.9 281.9 278.7 275.4 272.6 269.9 266.9 264.4 262.5 260.9 258.6 252.5 248.9 256.1 262.9 267.6 271.1 274.7 278.7 283.5 288.8 294 299.2 310.5 317 318.9 318.9 319.2 315.9 317.1 323 332.4 343.6 356.4 362.5 366.4 369.2 368.7 368.4 373.4 379.3 385.8 383.3 390.4 400 401.9 398.5 390.9 379.6 370.2 358.9 350.7 339.5 331.6 333 330.8 327.4 326.2 324.8 323.4 319.4 296.5 285.1 289.4 309.5 331.4 359.9 370.9 377.1 391.6 400.6 398.1 413.5 430.6 431.4
295.5 299.4 287.9 283.5 281.5 279.5 276.4 273.4 270.9 268.7 265.7 262.4 260 257.6 253 249.5 250.3 256.9 261.5 265.1 269 273.6 278.5 283.4 287.6 293.9 302.2 313.4 319.3 319 318.6 318.2 318.1 321 328.6 337.3 350.6 365 366.8 368.4 370.4 369.1 369.5 378.5 388.1 391.2 388.9 390.7 395.8 394 389.9 381.1 369.7 359.6 349.3 337.6 327.7 323 321.7 321.1 318.6 317.2 315.2 311.9 308.4 296.4 288.3 297.4 324.1 341.1 361.9 368.5 382.5 397.9 399.9 401.9 426.2 440 431.3
291.1 288.2 283.3 279.6 278 276.6 273.6 271.9 269.5 266.7 263.7 261.1 257.9 254.4 250.4 249 249.5 254.8 260.4 263.8 267.8 271.2 277.6 285.3 290.3 295.8 305.5 318 320.1 319.2 319.2 320.2 321.4 325.4 333.2 343.2 354.9 367.1 370.7 371 371.9 371.1 373.4 384.2 400.4 398.1 390 391.1 390.7 384 376.3 370.2 359.2 348.6 339.3 327.9 320 316.3 311.1 311.7 309.7 307.6 304.7 301.7 296.9 288 290.9 315.2 329.9 346.8 360 372.5 387.7 400.1 398.8 413.4 431.8 435.4 425.3
291.1 287.1 280.1 277.6 274.9 273.2 271.5 269.6 267.4 264.4 261.4 258.3 254.7 251.1 250.8 248.9 249.7 253.6 258.2 262.8 267.4 271.4 279.8 288.3 293.8 299.2 307.1 315.5 319.3 320.5 320.6 322.8 325.7 329.9 338.1 347.2 361 366.3 370.4 373.8 375.9 375.8 381.5 396 409.8 397.7 390.1 385.6 381.5 372.1 362.3 357 348.2 338.6 328.8 318.8 312.1 309.9 305.6 302.3 301.2 295.8 293.3 291.3 287.9 287.5 297 311.6 327.1 344.9 360.3 376.2 390.5 398.5 398.2 416.9 430.9 427.4 419.6
289.5 283.8 280 278.5 275.3 271.9 269 268.8 264.9 262.2 259.1 256.2 253 250.5 249.7 249.4 250.7 254.8 260 263.3 267.8 273.9 281.2 288.5 294.5 299.6 307.4 313.1 318.8 321.8 323.4 326.3 329.7 334.2 344 354.6 363.9 369.4 373.5 377.5 379.9 379.1 389.5 404.5 415.3 398.7 386.5 378.9 372.6 363 353.3 344.4 335.9 329.4 320.9 312.8 306.2 302.5 300.1 292.6 290.9 286.4 286.8 287.1 288.2 288.1 303 319.3 332.2 345.9 362.6 377.8 398.8 398.6 399.2 413.3 426.5 421.5 418.9
282.1 281.2 280.5 277.2 274.5 271.5 270.9 268.3 262.6 259.3 257 254.3 251.3 248.8 248.9 249.2 252.1 256.3 259.8 265 269.5 275.5 280.4 288.7 295 299 306.7 312.7 317.7 321.6 325.8 329.6 332.7 337.5 349.5 360.5 367.4 372.6 376.2 379.4 381.9 385.2 396 410.7 419.9 406.5 386.2 374.2 364.6 354.4 344.2 334.7 325.1 320.5 312.8 307.5 301.2 295.7 292.4 285.5 282.2 281.7 282.9 284.2 288.2 291.6 307.1 320.9 335.4 346.7 369.4 388.2 400.9 398.8 405 416.8 421 418.7 416.9
278.1 279.6 278.4 276 273.1 270.7 269.5 265.8 260.9 257 254.2 251.8 246.5 240 248.3 250.5 253.8 257.3 261.4 267.3 272 276.7 282.5 289.8 299.1 300 306.6 312.5 317 321.8 326.5 331.7 335.5 341 355.7 367 371.9 375.1 376.8 378.7 382 388.9 399.9 412.7 419.9 412.1 391.1 372.4 358.7 348.9 337.1 326.9 316.9 311.3 305.3 300.9 296 290 284.4 279.6 280 280 281.1 284.6 290 296.3 310.4 324.7 336.7 358.8 375.8 392.9 400.9 400.3 411 420.3 420.2 416.8 411.1
275.1 275.7 274.5 272.8 271.3 269.4 268.5 264 259.3 254.9 252.1 247.5 238.9 241.6 249.3 251.1 254.6 258.3 261.5 266 271.1 277.2 283.3 290.4 301 303 307.9 312.4 318.1 322.9 328.3 333.8 340.7 349.1 362.5 371.1 375.9 377.1 377.7 379.2 380.4 389.9 401.4 411.5 415.2 411.3 389.8 369.6 355.7 341.8 329.3 320.1 310 302.9 297.2 293.4 290.3 285.1 278.5 279.4 281 280.1 283.3 288.3 295.2 306 317.4 328.5 347.2 366.4 378.4 389.9 398.3 406.6 419.5 420.9 419.8 414.1 409.1
271.8 271.7 270.8 269.6 268.3 266.4 264.3 261.9 257.3 253.1 249.4 243.1 238.9 241.9 250.9 250.6 252.7 259.5 261.9 266.1 270.6 275.6 282.1 286.8 300.6 305.1 307.5 311.7 318.8 324.1 329.8 336.8 344.6 355.7 368.5 376.1 378 379.7 381.1 378.8 378.4 389.7 400.7 411.2 414.3 407.1 388.2 366.7 350.6 335.7 323.5 312.6 301.5 294 289.1 285.7 282.9 278.1 271.1 274.2 280.1 280.1 286.4 289.9 298.8 307.2 318.8 334.2 352 365.9 377.8 387.9 390.1 416.6 419.7 420.9 419 415.5 408.9
267.9 268.3 266.7 265.1 264.6 262.7 260.6 258.1 255.9 251.7 246.8 240.8 238.9 242.2 250.1 249.6 252.2 259.6 261.8 265.9 268.6 273.1 280.7 282.8 297.6 304.1 306.3 311 319.5 324.9 331.7 339.7 347.7 361.9 374.6 379.8 379.6 380.7 379.3 378.9 378.7 387.3 398.1 408.2 408.9 399.6 380.9 364.1 346.5 328.7 315.9 302.5 293.4 287.6 282.2 279.6 276.4 270.5 269.2 278.7 279.8 290 298 301 299.4 306.6 319.4 336.3 354.1 368.2 376.4 381.9 399.1 419.6 421.1 420.6 420.9 423.4 408.3
263 263.1 260.7 261.1 260.8 260.2 257.2 255.6 253.9 250.5 244.9 239.7 238.9 241.4 246.2 248.7 254.8 260.5 262.4 265.7 268.7 270.3 278.7 286.1 299.2 304.4 305.8 310.6 319.6 326 332.9 340.7 351.5 365.1 378.3 381.3 380.3 380.9 379.8 379.1 378.3 383.1 391.9 398.4 400.1 392.1 373 358.5 339.7 319.6 307.5 294.9 287.5 282.3 278.7 270.5 269.1 269.1 273.7 287.3 292.1 291.2 295.1 303.1 308.5 313.2 326.7 342.7 355.8 368.4 375 384.9 407.9 417.8 424.1 427.3 429.5 426.6 412.7
259.3 260.7 259.5 257.7 257 256 253.7 253.2 251.6 248.5 243.2 239.2 238.9 240.5 244.4 248.8 255.6 261.6 264.4 267.6 271.1 275.8 282.8 290.1 297.9 309.6 308.5 311 318.8 325.8 332.6 341 353.3 365.2 379.4 381.7 380.7 379.7 380.5 376.9 374.6 377.8 385.5 388.5 387 379.4 366.1 351.3 332.4 314.4 301 288.3 281.8 277.2 270.4 264.6 263.7 269 276.5 290.2 296.7 300.2 300.7 302.3 312 319.7 332.8 348.8 362.7 372.9 379.7 389.8 410.8 421 427 430.8 430.9 425 418.9
259 260.4 257.3 254.8 253.9 252.4 249.9 250.5 249 246 241.4 239 239 242 245.9 252.2 258.7 262.1 264.7 268.4 272 277.8 286.1 293.3 299.4 310.6 309.2 311 317.7 323.1 328.8 340.8 353.2 364.6 374 383.5 382 380.3 377.6 372.9 370.3 371.1 377.3 376.6 375.5 368.6 357.6 344.6 324.6 306.5 293.3 282.2 274.8 269.5 264.4 259.3 263.3 270.4 276.8 290.1 298.1 304.8 310.2 312.6 317.7 327.5 339.3 354.8 367.6 377.8 384.8 399.7 417.4 424 429.4 433.7 430.1 429 425.1
256 255.3 254.3 252.1 251.8 250.1 247 247 246.7 243.5 240.6 233.3 239.7 243.1 247.9 255.1 260 262.3 265.9 269.4 272.8 278.6 288.4 294.2 299.4 306.4 308.3 312.3 315.3 319.2 324.6 336.4 351.8 362.7 369.5 379.3 380.2 376.9 374.4 370.9 367.4 367.5 366.7 365.5 363.4 357.2 348.9 336.7 315.3 297.6 284.7 273.6 266.8 261.4 259.1 258.9 262.2 269.6 278.1 288.3 296.8 307.2 316 322.3 328.6 338.8 349.6 363.3 377.4 385.8 393.8 415.2 426.3 431.1 438.9 435.9 429.8 429.8 430.2
251.7 249.9 249.7 247.8 247.7 246.8 242.7 239.8 242 241.4 237.3 229.6 240.5 243.4 248 253 258 261.4 265.4 269.6 273.4 279 287.8 293.4 298.7 304.1 308.4 312.7 314.2 316.2 320.6 333.3 347.2 360 365.4 372.4 375.1 370.8 368.4 366.4 363.3 361.8 358.7 353.5 349.8 344.5 336.7 325.7 305.3 287.9 273.4 264 259.5 258.1 258.1 258.3 262.7 271.1 280.7 293.1 303.1 312.3 323.2 332.7 339.8 347.9 361.8 376.9 387.7 395.1 407.6 429.8 437.1 438.8 440.2 435.9 430.2 431 429.3
