data/240000-930000.asc
ncols 200
nrows 200
xllcorner 240000
yllcorner 930000
cellsize 50
[rows 35 to 69 of 200, columns 78 to 155 of 200]
218.3 217.2 216.4 216.6 217.8 219.1 222.3 225.7 229.3 232.4 235.2 238.4 241.5 244.7 245.1 243.6 246.9 250.9 254.7 258.4 262.2 266.4 270.2 273.5 276.8 280 283.2 286.4 289.6 292.8 296 299.2 302.4 305.7 309 312.3 318.1 324.4 330.7 337.1 337.8 337.3 336.9 336.4 336.2 334.2 332.4 330.6 328.8 327 325.3 323.3 320.7 318.6 318.1 317.5 316.9 315.9 315.3 315 313.8 312.5 311.3 310 308.8 307.5 306.3 305.1 303.8 302.6 301.3 299.9 298.2 296.5 294.9 293.2 292.8 292.8
218.8 218 217.1 216.7 219.9 223.3 227.1 231.1 234.1 237 239.8 242.7 245.6 248.5 248.9 247.5 248.9 252.8 256.8 260.7 264.5 268.5 272 275.2 278.4 281.6 284.8 288 291.2 294.4 297.6 300.8 304 307.3 310.6 313.9 320.2 326.5 332.8 338.7 338.2 337.7 337.2 337 335.9 333.8 332 330.2 328.4 326.6 324.5 321.9 319.3 318.4 317.8 317.3 316.7 316.2 314.8 314.3 314 313.2 312 310.7 309.5 308.3 307 305.8 304.5 303.3 302.2 301.9 300.4 298.7 296.9 295.1 293.8 293
219.2 218.4 217.9 222 224.9 228.8 232.8 235.8 238.7 241.6 244.4 247.2 249.3 251.4 253.2 251.8 250.9 254.8 258.8 262.7 266.6 270.5 273.7 276.9 280.1 283.3 286.5 289.7 292.9 296.1 299.3 302.5 305.7 308.9 312.2 316 322.3 328.5 334.8 339 338.5 338.2 338.4 338.6 336.1 333.6 331.6 329.8 328 325.7 323.1 320.6 318.7 318.2 317.6 317.1 316.5 315.9 315.3 313.7 313.3 313 312.7 311.4 310.2 309 307.7 306.5 305.2 304 303.4 303.3 303 301.2 299.5 297.7 296.3 295.7
219.7 219.1 223.2 227.3 230.6 234.6 237.5 240.4 243.3 245.4 247.5 249.6 251.8 253.9 256 256.7 257.6 261.2 264.3 267.4 270.5 272.7 275.3 278.5 281.7 284.9 288.1 291.3 294.5 297.7 300.9 304.1 307.3 310.5 313.8 318.1 324.3 330.6 336.9 339.5 339.7 339.9 340.1 338.9 336.3 333.8 331.3 329.4 326.9 324.3 321.8 319.2 318.5 318 317.4 316.8 316.3 315.7 315.1 314.2 312.6 312.2 312 311.8 310.9 309.7 308.4 307.2 305.9 305.3 304.8 304.6 304.4 303.8 302 300.2 298.7 298.4
220.3 224.4 228.5 232.6 236.3 239.2 241.5 243.6 245.7 247.9 250 252.1 254.2 256.3 258.5 260.2 261.3 264.4 267.5 270.5 273.3 275.2 276.9 280.1 283.3 286.5 289.7 292.9 296.2 299.4 302.6 305.8 309 312.2 315.4 320.1 326.4 332.7 338.8 340.8 341.2 341.5 341.6 339.1 336.6 334.4 332.2 328.1 325.5 323 320.4 318.9 318.3 317.7 317.2 316.6 316 315.5 314.9 314.4 313.1 311.5 311.2 311 310.8 310.4 309.1 307.9 307.2 306.4 306.2 306 305.8 305.6 304.6 302.8 301.2 301
225.4 229.3 233.4 237.1 239.9 242 244 246.1 248.2 250.3 252.4 254.6 256.7 258.8 260.9 263.1 264.5 267.6 270.5 273.3 276.2 277.6 278.8 281.6 284.9 288.1 291.3 294.5 297.7 301 304.2 307.4 310.6 313.8 317 322.2 328.4 334.6 340.7 341.9 342.3 342.6 342.3 340.7 338.5 336.3 334.1 327.3 324.2 321.6 319.2 318.6 318.1 317.5 316.9 316.4 315.8 315.3 314.7 314.1 313.5 312 310.5 310.2 310 309.7 309.5 309.1 308.3 307.8 307.6 307.4 307.2 307 306.8 305.3 303.7 303.6
231.2 232.5 236.1 239.8 243.2 245.3 247.3 249.3 251.3 253.4 255.4 257.4 259.4 261.5 263.5 265.5 267.7 270.6 273.4 276.2 279 280.1 281.3 283.2 286.4 289.7 292.9 296.1 299.3 302.5 305.7 309 312.1 315.1 318 324.2 330.3 336.4 342.6 343.1 343 342.9 342.6 341.9 340.3 338.1 335.1 327.7 322.8 320.2 319 318.4 317.8 317.3 316.7 316.1 315.6 315 314.5 313.9 313.3 312.4 310.9 309.4 309.2 308.9 309.3 309.3 309.3 309.1 308.9 308.8 308.6 308.4 308.2 307.9 306.2 306
237 237.7 238.8 242.5 246.2 248.6 250.6 252.6 254.7 256.7 258.7 260.7 262.8 264.8 266.8 268.9 271 273.4 276.2 279.1 281.5 282.6 283.8 284.9 288 291.2 294.4 297.7 300.8 303.7 306.7 309.6 312.6 315.6 318.6 326.3 332.4 338.5 343.1 343.1 342.8 342.6 342.6 342.2 341.4 340 335.5 328.1 321.5 319.3 318.7 318.2 317.6 317 316.5 315.9 315.4 314.8 314.2 313.7 313.1 312.5 311.3 309.8 308.4 308.3 308.8 309.3 309.7 309.7 309.7 309.7 309.7 309.7 309.6 309.4 308.7 308.3
242.2 243 243.8 245.2 248.8 251.9 253.9 255.9 258 260 262 264.1 266.1 268.1 270.2 272.3 274.4 276.7 279.1 281.9 284 285.1 286.2 287.4 289.5 292.4 295.3 298.3 301.2 304.2 307.2 310.2 313.2 316.2 319.5 327.8 334.6 337.5 339.6 341.7 341.6 341.6 341.6 341.5 341.3 340.8 335.5 328.3 321.1 319.1 318.5 317.9 317.4 316.8 316.3 315.7 315.1 314.6 314 313.4 312.9 312.3 311.8 310.2 308.9 308.3 308.3 309.1 310.3 310.3 310.2 310.2 310.2 310.2 310.2 310.2 309.8 308.5
247.5 248.3 249 249.8 251.5 255.2 257.2 259.3 261.3 263.3 265.3 267.4 269.4 271.5 273.6 275.7 277.8 280.1 282.4 284.8 286.5 287.3 288 288.8 289.9 292.8 295.8 298.8 301.8 304.8 307.7 310.7 313.7 316.7 320.8 329.1 331.8 333.9 336 338.1 337.9 338.1 338.2 338.4 338.4 334.8 330.3 326.1 319 318.1 317.3 316.8 316.3 315.9 315.4 315 314.5 314 313.6 313.1 312.6 312.1 311.5 310.7 309.4 308.4 308.3 310.3 311 310.8 310.7 310.6 310.6 310.6 310.6 310.2 309.3 308.1
252.8 253.5 254.3 255 255.8 257.9 260.5 262.6 264.6 266.6 268.7 270.8 272.8 274.9 277 279.1 281.2 282.4 283.1 286 287.7 288.5 289.2 290.2 291.3 293.7 296.6 299.4 302.3 305.3 308.3 311.3 314.3 317.3 322.1 326.1 329.2 330.2 332.3 334.4 333.2 333.4 333.5 333.7 330.9 328 323.9 320 316.2 317.3 316.4 315.4 314.9 314.5 314 313.5 313.1 312.6 312.1 311.7 311.2 310.7 310.4 310.4 309.4 308.8 309.1 310.8 311 311.2 311.2 311.1 311.1 311.1 310.6 309.7 308.8 307.7
258 258.8 259.5 260.3 261.1 261.8 263.9 265.9 268 270 272.1 274.3 276.6 278.8 281.1 283.4 282.7 281 280.4 289.6 289.4 289.7 290.4 291.6 293.8 296.2 298.8 301.6 304.5 307.3 310.1 312.9 315.7 318.4 319.6 322.8 325.9 327.2 328.6 330.6 328.5 328.7 328.9 326.4 323.5 320.5 318.7 317.7 316.6 316.3 315.7 314.7 313.8 313 312.6 312.1 311.6 311.2 310.7 310.2 309.8 309.7 309.8 309.9 309.3 309.3 309.6 310.5 311 311.1 311.4 311.6 311.6 311 310.1 309.2 308.3 307.3
263.1 263.8 264.6 265.3 266.1 266.8 267.6 269.9 272.1 274.4 276.7 278.9 281.2 283.5 285.7 287.4 285.8 284.1 282.9 284 291.4 290.9 291.8 294.1 296.5 298.8 301.2 303.9 306.7 309.5 312.4 314.8 316.6 318.3 319.6 319.8 322.6 325 325.1 326.9 324.1 324 321.8 318.9 318.3 317.7 317.1 316.6 316.2 315.8 315 314 313 312.1 311.1 310.7 310.2 309.7 309.3 308.8 308.9 309 309.1 309.2 309.3 309.3 309.6 310.2 310.5 310.7 310.9 311.2 311.3 310.5 309.6 308.7 307.7 306.8
267.4 268.2 268.9 269.6 270.4 271.1 272.3 274.3 276.7 279 281.3 283.5 285.8 288.1 290.3 290.5 288.8 287.9 286.8 286.6 289.2 291.9 294.3 296.7 299.1 301.4 303.8 306.2 309 311.3 313 314.7 316.5 318.2 319.5 320 320.1 322.4 322.9 323.2 320.2 318.6 318 317.4 316.8 316.2 315.6 315.1 314.6 314.3 314.6 313.7 312.6 311.4 310.4 309.5 308.8 308.3 308 308.2 308.3 308.6 308.4 308.2 308.5 308.3 308.8 309 309.2 309.5 309.7 309.9 310 309.9 309.1 308.1 307.2 306.3
270.8 272.3 273.2 273.9 274.7 275.7 276.9 278.8 281.2 283.5 285.8 288.2 290.4 292.7 295 293.5 292.6 291.5 290.4 289.3 291.8 294.4 296.8 299.2 301.6 303.9 306.3 308.6 309.8 311.2 312.9 314.7 316.4 318.1 319.5 320.2 320.3 320.4 320.5 320.2 319.5 319 317.7 316.4 315.3 314.7 314.1 313.5 313 313.2 313.5 313.7 312.6 311.4 310.3 309.1 307.9 306.7 306.5 306.4 306.2 306 305.8 305.6 305.8 305.8 307.6 307.8 308 308.2 308.5 308.6 308.7 308.7 308.4 307.6 306.7 305.8
273.8 275.3 276.8 278.2 279.2 280.4 281.6 283.3 285.6 288 290.3 292.6 295 297.3 298.4 297.3 296.2 295.1 294 292.9 294.4 296.9 299.3 301.7 304 306.3 308.5 310.8 312.8 312.9 312.9 314.6 316.3 318 319.4 320.2 320.4 320.4 320.4 320.4 320 319.6 318.8 317.5 316.2 314.9 313.6 312.4 311.9 312.3 312.7 313.2 311.7 310.5 309.3 308 306.8 305.5 304.1 303.7 303.6 303.4 303.2 303 303.1 303.5 305.3 306.6 306.8 307 307.2 307.3 307.3 307.4 307.4 306.9 306.2 305.3
276.8 278.3 279.8 281.5 283.5 285 286.2 287.8 290.1 292.4 294.8 297.1 298.8 299.6 298.8 298.3 298.1 297.9 297.6 296.5 297 299.4 301.6 303.9 306.2 308.4 310.7 313 315.3 315.9 316 316 316.2 318 319.3 320.2 321.2 321.6 321.6 321 320.5 320.2 319.8 318.5 317.2 316 314.7 313.3 311.7 312 312.4 312.8 311.4 309.4 308.2 307 305.8 304.5 303.1 301.7 300.9 300.8 300.6 300.4 300.4 301.2 303 304.8 305.5 305.7 305.9 306 306 306.1 306.1 305.9 305.4 304.8
279.8 281.3 283.1 285 287 288.9 290.8 292.2 294.6 296.5 298.2 299.9 300.7 299.9 299.1 298.3 298 297.8 297.5 297.9 299.6 301.6 303.8 306.1 308.4 310.6 312.9 315.2 317.5 319 319 319.1 319.1 319.2 319.6 320.7 321.9 323.2 323.3 322.3 321.4 320.7 320.3 319.6 318.3 317 315.7 314.1 312.5 311.6 312 312.5 311.5 308.8 307.1 305.9 304.7 303.5 302.1 300.7 299.3 298.1 297.9 297.8 297.7 298.9 300.7 302.5 304.3 304.5 304.6 304.6 304.7 304.7 304.8 304.8 304.5 304
282.8 284.7 286.6 288.5 290.5 292.4 294.1 295.9 297.6 299.3 301 301.9 301 300.2 299.4 298.6 298.2 298.6 299 300.8 302.5 304.4 306.3 308.3 310.6 312.8 315.1 317.4 319.7 321.9 322.1 322.1 322.2 322.4 323.6 324.5 325.3 326.2 325.4 323.9 322.7 321.7 320.8 320.5 319.3 318.1 316.5 314.9 313.2 311.6 311.7 312.1 311.6 308.8 306.1 304.9 303.6 302.4 301.1 299.7 298.3 296.9 295.5 295.1 295 296.7 298.5 300.3 302.1 303.2 303.3 303.3 303.4 303.4 303.5 303.5 303.5 302.9
287.6 289.4 290.6 291.4 293.2 294.9 296.6 298.4 299.9 301.8 303 302 301.2 300.3 299.4 298.9 299.8 300.3 302 303.7 305.4 307.3 309.3 311.2 313.1 315 317.3 319.6 321.9 324.1 325.1 325.2 325.2 326.2 327.3 328.5 329.4 330.2 329 326.9 325.4 323.8 322.3 321.2 320.4 318.9 317.3 315.6 314 312.4 311.3 311.8 311.6 308.9 306.2 303.8 302.6 301.4 300 298.6 297.2 295.8 294.4 293 292.6 294.4 296.1 297.7 299.2 300.3 301.3 301.3 301.4 301.4 301.5 301.6 301.6 301.2
293.9 294.8 295.6 295.8 295.7 297.4 299.2 300.9 302.1 304 305 302.6 301.1 300.2 299.4 300.3 302.1 303.2 304.9 306.6 308.4 310.3 312.2 314.1 316 318 319.9 321.8 324.1 326.3 328.2 328.2 328.8 330 331.1 332.3 333.5 334.3 332.7 329.9 328.4 326.8 325.3 323.8 321.5 319.7 318.1 316.4 314.8 313.2 311.5 311.4 311.7 309 306.3 303.6 301.5 300.3 299 297.6 296.2 294.8 293.4 292.1 290.8 291.6 293.2 294.6 295.9 296.9 298 299 299.3 299.4 299.4 299.5 299.6 299.6
299 299.8 300.6 301.4 300.7 300 301.7 303.4 305.2 306.2 307 304.2 302.2 300.2 302.2 305.1 307.1 306.5 307.9 309.6 311.3 313.2 315.1 317 319 320.9 322.8 324.7 326.6 328.6 330.8 331.4 332.6 333.7 334.9 336.1 337.3 338.4 336.4 333.3 331.3 329.8 328.3 326 322.7 320.6 318.9 317.2 315.6 313.9 312.3 311 311.5 309.1 306.4 303.7 301 299.3 298 296.6 295.2 293.8 292.5 291.2 289.9 288.6 290 291.4 292.5 293.5 294.6 295.6 296.7 297.3 297.4 297.5 297.5 297.6
304 304.8 305.6 306.4 306.8 305.7 304.6 306 307.7 308.4 309.1 306.6 304.5 305.9 308.2 311 312.1 311.5 310.9 312.5 314.2 316.1 318 320 321.9 323.8 325.7 327.6 329.6 331.5 333.3 335.6 336.9 338.1 339.3 340.5 341.7 342.6 340 337 334.3 332.8 330.6 326.8 323.9 321.8 319.8 318.1 316.4 314.7 313.1 311.5 311.1 309.2 306.5 303.8 301.1 298.4 296.9 295.5 294.2 292.9 291.5 290.1 288.6 286.5 286.8 288 289.1 290.1 291.2 292.3 293.3 294.2 295.1 295.4 295.5 295.6
309.2 309.8 310.6 311.4 312.2 311.7 310.6 309.5 310.2 311.1 311.1 309.3 311.1 312.4 314.1 317 317.1 316.6 316 315.5 317.2 319 321 322.9 324.8 326.7 328.6 330.5 332.3 334.1 337 340.4 342.2 343.4 344.6 345.8 347 345.5 342.9 340.3 337.6 335.2 331.4 327.7 325.1 323 320.8 319 317.3 315.6 313.9 312.2 310.8 309.3 306.6 303.9 301.2 298.5 295.9 294.5 293 291.6 290.2 288.8 286.9 284.8 283.6 284.7 285.6 286.4 287.2 288 289.2 290.5 291.8 292.2 292.6 293
314.9 315.3 315.6 316.4 317.2 317.7 316.6 315.5 314.4 314.5 314.3 316.1 317.7 319.4 320.2 322.8 322.2 321.6 321 320.4 320.1 322 323.9 325.8 327.6 329.4 331.3 333.1 334.9 337.1 341.2 344.6 347.5 348.7 349.9 351.1 350.9 348.4 345.8 343.2 339.9 335.8 332.3 328.6 326.3 324.2 322 319.9 318.2 316.5 314.8 313.1 311.4 309.3 306.4 303.4 300.4 297.5 295 293.2 291.8 290.4 289 287.3 285.2 283.1 279.5 280.3 281.1 281.9 282.9 284.2 285.5 286.8 288.1 288.8 289.2 289.6
320.6 320.9 321.3 321.6 322.2 323 322.7 321.6 320.5 319.5 321 322.8 324.6 326.1 327.2 327.8 327.2 326.6 325.3 324 323.1 324.7 326.6 328.4 330.2 332.1 333.9 335.7 337.6 341.3 345.4 348.9 351.7 354 355.2 356.2 353.7 351.2 348.6 345 340.5 336 332.6 329.5 327.5 325.3 323.2 321.1 319.2 317.5 315.8 313.9 311 308.2 305.3 302.3 299.3 296.5 294.3 292 290.5 289.1 287.6 285.6 282.6 278.7 275 275.8 276.6 277.9 279.2 280.5 281.8 283.1 284.4 285.5 285.9 286.3
326.2 326.6 327 327.3 327.7 328 328.7 327.6 326.6 326.2 327.9 329.6 331.3 332.9 331.1 328.7 327.1 325.9 325.2 324.6 325.1 327 329.1 331 332.9 334.7 336.5 338.4 341.5 345.6 349.7 353.1 355.9 358.8 360.5 359.1 356.6 354.1 350.1 345.6 341.1 336.6 332.7 330 328 326.1 324.2 322.2 320.2 318.3 315.5 312.7 309.8 307 304.2 301.2 298.2 295.8 293.6 291.3 289.3 287.9 285.9 282.1 278.2 274.3 270.5 271.6 272.9 274.2 275.5 276.8 278.1 279.4 280.7 282 282.5 282.6
330.7 332.3 332.6 333 333.4 333.7 334.1 333.8 332.9 333.1 334.8 336 335.4 333.6 331.4 330 329.4 326.8 326.1 325.7 327.3 329.2 331.3 333.4 335.5 337.3 339.2 341.6 345.7 348.8 350.5 353.2 356.8 360.8 363.4 360.6 357.8 354.3 350.1 346 341.8 337.2 332.7 330.5 328.4 326 323.7 321.4 319 316.5 313.9 311.4 308.6 305.8 303 300.1 297.3 295.1 292.8 290.6 288.3 285.6 281.9 278.2 274.6 271 267.3 267 268.4 269.9 271.3 272.8 274.2 275.6 277 278.3 279.1 279
335.3 338 338.3 339.1 340.5 341.8 343.1 342 339.8 338.2 337.6 337.1 336.5 334 331.2 332.2 334.6 331.8 327.9 327.2 328.2 330 332.6 335.2 337.8 339.9 341.8 344.9 347 348.5 350 352.9 356.4 359.9 361 359.6 356.8 352.7 348.6 344.4 340.1 335.7 331.2 328.6 326.5 324 321.7 319.3 316.7 314.2 311.6 309.1 306.5 304 301.4 298.9 296.1 293.3 290.6 287.8 285 282 278.9 275.6 272 268.4 264.8 261.9 263.3 264.8 266.2 267.6 269.1 270.5 272.2 274.1 274.8 274.8
340.2 344.5 346.8 348.5 349.9 351.2 352.6 350.8 346.2 336.4 338.6 338.2 337.6 334.4 331.1 331.6 332.3 330.6 327.4 327.4 328.3 330 332.5 335.1 337.7 340.3 342.2 343.9 345.9 347.9 349.6 352.6 355.3 357.1 356.7 356.2 355.1 350.7 346.3 341.8 337.4 332.9 328.5 325.4 323.5 321.6 319.3 316.6 313.9 311.2 308.5 305.8 303.1 300.4 297.7 295 292.2 289.5 286.7 283.9 281 277.9 274.9 271.8 268.8 265.7 262.2 258.5 258.2 259.6 261.1 262.6 264.5 266.4 268.4 270.4 270.7 269.9
346.7 351.1 354.3 356.3 358.1 360 361.5 356.9 349.9 340.2 335.3 337.6 338 332.6 327.1 327.6 328 325.9 324.3 326.6 328.5 330 332.4 335 337.6 340.1 341.5 342.9 344.3 346.3 346.8 348.4 350.5 350.3 349.9 349.4 349.1 346 342.5 339 334.6 330.2 325.7 322.1 320.2 318 315.7 312.9 310.1 307.3 304.6 301.9 299.2 296.5 293.8 291.1 288.4 285.6 282.8 280 276.9 273.9 270.8 267.8 264.7 261.7 258.6 255.6 253.1 254.9 256.8 258.8 260.7 262.6 264.6 266.5 266.5 265.8
353.1 357.8 361.4 364 365.9 367.8 368.7 362.8 353.7 343.9 334.2 334.3 333.3 327.5 322.2 322.5 321.6 319.6 320.2 322.3 324.7 328.2 332.1 334.9 337.3 339.4 340.4 340.7 340.9 341.7 342.3 343.6 343.8 343.5 343.1 342.7 342.4 340.2 336.8 333.3 329.9 326.4 323 318.9 316.6 314.2 311.9 309.4 306.6 303.8 301 298.2 295.4 292.6 289.9 287.2 284.5 281.7 279 276 272.9 269.8 266.8 263.7 261.1 258.4 255.7 253.1 250.4 251.1 253 255 256.9 258.9 260.9 262.2 262.2 261.8
361.7 367.8 370.8 372.2 373.7 378.7 375.8 367.2 357.5 347.7 338 330 327.7 322.8 317.5 316.2 315.3 314.4 316 317.9 320.7 324.6 329.1 331.2 334.2 335 335.2 335.5 335.9 336.7 337.5 337.3 337 336.7 336.3 336 335.7 334.5 331.1 327.6 324.2 320.7 317.2 314.6 312.8 310.5 308.1 305.7 303.1 300.3 297.5 294.7 291.9 289.1 286.3 283.5 280.7 277.9 275.1 272.5 269.8 267.1 264.5 261.8 259.1 256.5 253.8 251.2 248.5 247.3 249.2 251.2 253.1 255.1 257.1 258 258 257.8
375.5 381.7 384.4 385.8 389.3 393.1 388.8 380.6 370.9 361.1 348.7 331.3 324.3 318.8 314.6 311.2 309.5 310.2 311.8 313.6 317 321.4 325.3 327.1 329.8 329.8 330.1 330.4 330.9 331.7 332.5 331.2 330.3 329.9 329.6 329.3 329 328.3 325.3 321.9 318.4 315 311.8 309.8 308.5 306.7 304.3 302 299.5 296.7 293.9 291.1 288.3 285.5 282.7 279.9 277.1 274.3 271.9 269.5 267.1 264.7 262.3 259.9 257.2 254.6 251.9 249.2 246.6 243.9 245.4 247.4 249.4 251.4 253.4 253.7 253.8 253.8
388.1 395.6 398.1 401.4 405.8 407.5 403.5 394.1 384.5 371.3 352.4 333.8 325.6 315.9 310.3 307.2 307.2 306.8 308.2 309.9 313.6 318.8 321.4 322.9 324.7 324.7 324.9 325.2 325.9 326.7 326.9 325.3 323.5 323.2 322.9 322.6 322.2 321.9 319.6 316.2 312.7 309.3 306.8 305.1 303.8 302.5 300.6 298.2 295.8 293.2 290.4 287.6 284.8 282 279.2 276.4 273.6 270.9 268.4 266.1 263.7 261.3 258.9 256.5 254.1 251.7 249.3 246.9 244.5 242 241.6 243.6 245.6 247.6 249.5 249.5 249.5 249.5
