data/240000-570000.asc
ncols 200
nrows 200
xllcorner 240000
yllcorner 570000
cellsize 50
[rows 0 to 34 of 200, columns 0 to 77 of 200]
127.7 121.8 115.1 110.3 104.7 99 93 88.9 83.1 77.7 77 76.5 76.9 75.2 73.7 73.7 73.7 76.1 73.7 73.7 73.7 73.7 73.7 73.7 73.7 73.7 73.7 73.7 73.7 73.7 73.7 73.7 73.7 73.7 73.7 73.7 73.7 73.7 73.7 73.7 73.7 73.7 73.7 73.7 73.7 73.7 75.8 90.3 105.4 116.2 119.9 118.1 114.5 109.7 101.3 94.3 88.7 85.3 84.2 85.1 83.6 83 85 87.7 90.8 95.9 100.2 103.3 111.8 127.2 140.3 145.8 153.2 161.4 164.9 169.3 177.3 182.4
115.7 108.7 100.3 92.9 90.3 87 83.8 81.9 79.2 76.8 75.1 73.7 73.7 73.7 73.7 73.7 73.7 73.7 73.7 73.7 73.7 73.7 73.7 73.7 73.7 73.7 73.7 73.7 73.7 73.7 73.7 73.7 73.7 73.7 73.7 73.7 73.7 73.7 73.7 73.7 73.7 73.7 73.7 73.7 73.7 78.3 94.2 110.1 125.3 137 145 142.9 134.2 126.5 116.4 107.7 99.6 93 91.1 89.9 87.7 85.5 85 84.8 87.2 90 93.1 95.3 101.8 113.3 124 130.2 137.4 143.9 149.6 156.1 164.4 172.4
103.3 95.6 86.7 82.2 82 80.6 80.6 80.2 78.9 76.8 73.9 73.7 73.7 73.7 73.7 73.7 73.7 73.7 73.7 75.2 73.7 73.7 73.7 73.7 73.7 73.7 73.7 73.7 73.7 73.7 73.7 73.7 73.7 73.7 73.7 73.7 73.7 73.7 73.7 73.7 73.7 73.7 73.7 76.7 85.2 97.7 114.3 129.7 145.1 156 165.5 168.7 162.9 148.7 134.6 121.4 113 105.5 100.1 96.9 93.7 90.8 89.1 87.3 86.2 88.1 89.1 91.4 96.4 103.8 111.9 119.2 126.8 134.4 140.6 147.8 156.4 164.3
90.8 84.1 83.3 81.6 79.4 78.7 79.2 79.9 78.4 75.6 73.7 73.7 73.7 73.7 73.7 73.7 73.7 73.7 84.9 74.7 73.7 73.7 73.7 74.3 76.2 73.7 73.7 73.7 73.7 73.7 73.7 73.7 73.7 73.7 73.7 73.7 73.7 73.7 73.7 73.7 73.7 79.6 85.8 95.2 106.2 117.1 137.9 152 164 175 180.7 182.7 182.2 175.3 162 140.2 128.6 120 112.9 107.1 102 98.1 95 92.3 89.6 88.4 88.2 89.6 93.3 97.3 103.2 110.8 119.6 128.4 135.1 142.1 149.7 157.1
83.2 82.6 82.3 80.4 79.5 79.2 79 79.3 78.5 75 73.7 73.7 73.7 73.7 73.7 73.7 73.7 78.1 94.2 93.8 79.5 81.7 81.7 92.4 104.1 103.2 104.7 98.4 88 80.6 76.8 73.7 73.7 73.7 73.7 73.7 73.7 73.7 77.7 85.6 92.5 99.3 107.5 118.2 134.8 151.7 169.1 182.3 188.3 192.4 194.7 197.2 196.6 191.7 182.1 165.8 147.2 135.3 127.5 120.5 113.8 108.4 103.6 98.9 94.7 91.4 90.7 90.4 91.4 94.7 97.4 103.6 112.5 121.9 129.9 136.8 144.1 152.2
80.6 80.9 81 80.7 80.2 80.4 81 80.4 80.2 75.9 73.7 73.7 73.7 73.7 73.7 73.7 73.7 85.1 102.3 109.9 108.2 108.2 110.3 118.1 125.4 123.1 125.7 120.7 110.4 104.8 99.3 94.6 91.7 90.1 89.2 90 91.3 94.8 99.8 107 115.7 124.7 134.2 150.8 173.7 194.6 205.4 210.2 209.5 209.5 210.6 211.4 209.6 205.4 197.6 188.1 173.2 155.1 144 136.9 128.2 120.8 114.6 108.9 103.1 98.6 95.1 94.4 93.4 93.9 95.6 100.2 107.2 117 125.3 133 140.6 148.9
79.7 80.6 80.9 81.6 82.1 85.2 87.8 83.8 80.5 75.8 73.7 73.7 73.7 73.7 73.7 73.7 80.9 93.9 103.9 113.6 122.1 132.7 145.1 142.2 140.7 137.7 140.6 136.9 132.9 129.1 124.4 117 111.6 109 108.6 109.3 112 115.9 121.4 132.1 145.2 152.1 166.2 184.8 212.1 230.6 235.3 229.4 226 225 226.4 225.3 222.1 217 207.6 196.1 183.7 168.1 157.7 149.8 141.9 133.3 126.2 118.7 111.6 106.3 102 99.5 97.7 96.9 96 100.6 105.9 114.8 124.4 131.8 138.8 147.1
79.6 80.6 80.9 82.1 84 87.5 90 84 83 74.3 73.7 73.7 73.7 73.7 73.7 76.9 89.4 96.7 104.4 111.6 128.9 150 165 155.1 149.1 146.9 151.6 153.7 151.6 151 147.5 139.4 131.6 129.3 129.4 134.1 136.1 138.6 143.1 150.1 165.4 175.5 188 213.4 243.7 259.9 252.7 237.7 232.6 232.5 232.7 230.4 225.7 219.6 210 199.1 187.7 177.3 168.9 160.7 152.1 144.8 137.1 129.5 121.9 114.9 109.3 104.4 101.4 99 97.2 100.4 105.7 113.7 124.1 130.7 137.5 145.3
79.7 80.3 81.1 82.7 85.1 89.5 88.8 83 74.3 73.7 73.7 73.7 75.9 81 83.6 92.6 100.2 108.5 116.7 124.6 134.9 157.5 166.3 162.1 158.9 159.9 174.7 182 175.4 175.1 170.1 160.5 150.5 150.4 153.5 161.5 166.3 167.6 169.8 175.6 184.9 196.2 209.1 226.2 265.5 278.8 269.5 254 241.9 241.8 242.8 238.1 232.7 222.3 213.4 202.5 197.8 186.6 182.9 170.8 164.5 157.1 148.7 139.6 131.4 123.4 116.9 111.2 107.2 102.8 99.8 101.1 107.4 112.4 120.1 127.4 134.7 143.5
79.8 80.4 81.4 83.2 84.4 87.9 81.9 77.1 73.7 73.7 73.7 76.7 87.3 93.7 100.3 110.8 116.9 123.9 128.4 134.6 141.4 152.5 160 162.3 169.9 187 204.9 205.6 196.7 198.4 203.3 185.5 173.8 174.4 179.9 193.3 196.6 214 208.9 209.2 213.6 227.5 249.8 246.2 259.8 286.5 284.1 276.8 265.5 258 253.6 248.5 237.4 226.2 217.6 210.9 207.1 200.7 193.6 189.6 187 179 164.6 153 142.8 136.2 126.8 119.1 113.3 107.5 103 102.3 106.4 114.4 117.5 126 130.7 137.8
79.9 80.4 80.5 81.8 80.5 79.6 77.4 73.7 73.7 73.7 80.9 87.4 95.2 103.7 113.1 119.6 124.8 130.1 134.9 139.5 146 150.9 157.5 166 184.1 207.9 220.3 224.8 214.7 225.4 230.4 219.1 204.4 203.1 204.2 217.4 227.9 251.2 246.1 240.2 243.2 259.1 280.9 279.3 271.4 280.2 296.4 293.7 294.2 288.6 265.5 258.2 248.8 238.6 231.5 224.4 222 215 210.1 209.7 210.1 196 185.1 168.9 158.7 156.7 144.8 130.4 121.2 113 108.2 105 106 109.7 115.3 122.1 128.3 134.3
78.9 79.1 78.4 77.2 75.9 74.5 74 73.7 73.7 77.2 87.6 95.1 103.7 111.5 115.7 121.6 128 133.2 137.9 142.5 146.9 152.6 162.6 173.2 196.1 216.8 228.1 234 230.2 240 246.1 243.5 232.1 227.6 226.7 244.4 252.7 265.2 270.7 269.9 273.6 277.1 297.8 303.8 294.7 291.6 303.1 314.4 312.6 306.8 288.9 273.2 262.3 254.9 245.7 238.6 232.5 227.7 224 222 224.3 210 197.3 184.7 174.7 168.2 158.8 141.7 130.4 123.3 115.2 109.1 109.4 109.8 112 121.6 126.5 132.4
76.1 75.2 73.7 73.7 73.7 73.7 73.7 73.7 73.7 85.5 95.9 104.3 108.7 111.3 114.8 122.3 129.3 133.4 138.3 140.3 146.7 154.1 163.5 181.5 205.8 224.8 233.4 239.7 239.1 247.5 254 254.1 251.3 247.1 246.5 260.5 271.2 284.1 286.4 288.6 299.1 306.5 310.7 317.6 314.2 310.8 309.4 323.9 330.4 321 313.1 294.7 278.2 269.4 262 259.7 249.9 244.6 237.3 231.4 228.4 221.5 212.4 202.7 192 176.8 162.7 150.9 141.8 130.8 122.2 116.7 113.6 114.1 114 121.3 126.3 133.6
73.7 73.7 73.7 73.7 73.7 73.7 74.6 78.4 83.7 92.8 103.9 108.3 109.6 112 117 123.1 130.2 138.7 141.6 150.8 152.6 168.3 173.6 184.3 208.5 221.3 229.4 232.8 242.4 249.7 252.8 256.4 262.1 264 265.6 274.1 290 300.7 306.3 304.1 316.9 325.8 326.8 327.2 332.2 331.7 326.4 322.4 332.1 331.9 319.1 314.3 301.6 290.1 282.1 274.7 265.1 261.9 251.4 245.1 241.7 237.4 232.4 219.4 205.5 191 178.2 163.4 151.5 140 130.8 124.1 119.3 117.9 118.1 122.4 128.6 137.2
73.7 73.7 73.7 73.7 73.7 75.8 81.9 82.3 91 102.6 109.5 109.9 109.6 117.5 122.4 126.7 129.8 145.6 145.3 157.1 161.5 180.8 181.8 185.5 207.6 212.1 214.7 231.5 241.4 245.5 248.6 252 263.5 276.6 284 297 306.9 314.8 322.1 317.4 330.9 349.8 348.2 341.1 347.7 346.6 344 337.2 335.2 328.4 322.2 317.3 317.6 313.8 297.3 286.4 279.4 276.7 268.6 265.8 259.2 253.5 254 240.3 218.8 203.9 190.4 178.9 165.1 150.5 141.9 133.3 126.4 123 122 123.6 133.2 141
73.7 73.7 73.7 73.7 75.2 85.3 91.7 89.9 99.2 105.1 110 110 112.7 124.8 131.2 130.9 131.8 136.4 148 167.1 177 180 182.7 197.8 215.2 216.3 216.8 228.3 237.4 232.9 240.3 245.7 260.8 284.2 290 308.5 311.1 319.4 322.3 337.5 351.1 368.1 364.4 360.3 362.1 362.5 354.9 354.5 347.2 338.8 330.7 327.6 333.2 327.4 315.1 301 293.7 290.2 291 299.3 283.2 279.1 265.9 255.2 242.4 220.8 204.2 190.8 179.1 163.2 151.8 142.2 132.5 129.5 127.6 127.3 134 146.3
73.7 73.7 75.3 79.1 81.4 83.4 90.9 99.7 100.5 100.5 106.9 112.6 128 142.2 139.4 131.3 131.6 134.2 147.2 172.1 173.5 173.9 192.6 209.7 217.2 225.1 224.1 222.8 223.8 229 234.4 239.2 249.5 268 279.9 308.4 316.5 325 337.9 366.9 373.1 386.9 388.7 388.7 383.1 376.5 369.3 359.1 353.7 354.3 343.1 335.4 337 338.7 328.4 316.3 305.4 302.7 305.8 316.6 311.9 300.3 282.6 271 255.8 230.5 208.4 196.1 185.1 173.2 158.8 146.3 138.9 135.7 133.1 132.1 140.5 157.3
73.7 76.7 77.5 78.8 80.8 83.5 89.5 95.8 98.9 102.1 111.2 124.2 144.7 152.1 140.5 133.9 133.7 139 144.4 161.2 162 184.2 194.2 202.9 218 231.6 233 227.9 227.6 229.1 228.6 228.5 231.9 247.9 271.6 301 309 332.7 360.2 368 385.9 401.3 418.2 407.5 401.8 392.5 377.3 367.7 367.7 363.1 352.8 345.4 350 347.2 340.1 329.4 321.6 316.7 316.7 318.1 325.2 326.8 298.1 283.7 261.8 236.2 217.7 199.4 181.8 170.4 157.9 147.3 143 140.8 137.4 135.5 139 151.9
76 78.5 78.8 79.7 82.6 84.6 86.8 88.5 102.7 111.7 122.7 134 144.5 150.6 140.6 135.5 134.1 136.6 137.7 150.2 169.6 197.1 201.7 202 232.6 237 240.4 236.5 229.2 228.8 227.9 228.2 230.7 240.7 260 287.8 325.6 338 361.4 380 397.4 403.8 429 426.4 421.6 406.5 390 387.8 383.3 376.8 367.5 361.7 360.2 352.6 350 339.3 334.2 326.4 323.7 323.3 326 337.4 319 299.6 273.7 242.4 227.4 207.2 189.7 174.1 158.9 152 148.1 144.5 141.5 139.9 140.3 146.5
78 79.2 79.6 80.3 84.5 86.9 87.3 92.8 107.3 117.9 128.1 133.9 138.1 138 137.4 133.6 132.8 132.9 135.2 152.2 170.6 188.1 193.4 207.7 229.2 239.6 235.1 230.2 229 228.3 228.5 229.6 237.5 242.3 257.9 283.5 318.7 331.7 370.4 386.7 397.6 403.7 424.2 432.8 438.7 424.7 411.6 412.3 402.3 392.9 389.3 380.3 370.5 362.1 357.4 350.4 348.1 339.9 339 333 330.4 344.9 349.2 313.1 295.9 262.5 238.3 219 196.6 182.3 163.2 159.3 155.3 151.8 148.2 146.5 145.6 151.6
78.5 79.9 81.1 89.3 88.9 90 89.8 97.3 109.1 117.8 125.1 130.1 130.2 128.4 131.5 130.3 130.2 131.9 139.2 156.8 171.8 186.8 197.8 209.6 222.2 228.7 231.1 226.8 226.4 227.9 231.7 234.3 240.7 255.4 263.6 285.7 312.6 337.1 363.8 378 391.6 409.1 423.6 429.6 452.8 436.5 428.3 432 425.1 409.9 409.8 406.3 391.3 380.9 373 369.7 367.6 361.5 356 352.7 349 355.4 368.4 338.1 310.9 289.6 253.6 231.4 209.5 193.6 175.1 169.4 167.6 163.2 158.8 156.7 153.5 156.1
79.3 80.9 83.3 89.4 90.4 91.2 95.6 101.9 101.9 108.1 116.7 123.4 120.9 118.7 124.7 128.6 129.6 133.1 140.7 163.3 175.2 192.6 200.2 206 212.4 216.9 219.8 221.5 223 230.1 247.2 251.4 256.3 271 278.7 303.3 322.7 341.8 361.3 380.1 393.9 403.7 419.2 425.8 446.3 448.5 441.6 439.3 439 433.4 430.7 422.8 412.1 400.4 397.8 390.8 387.7 380.2 375.8 372.9 368.6 369 377.1 370.6 326.5 307.8 280.1 255 230.3 211 194.6 187 184.7 178 172.5 170.5 167.9 161.1
80.5 81.9 85.2 88.2 90.3 93.4 93.5 95.9 98.7 104.4 109.6 112.8 117.4 128.3 127.6 131.4 132.2 137.3 147.7 169.1 186.3 191.5 195.4 200.6 203.7 209.8 220 221.6 223.7 239.5 273.5 271.5 269 276.2 300.3 308.6 321.5 341.5 361 371.3 387.1 403.8 419.5 433.9 451.4 456.4 455 450.1 451.5 453.3 451.3 445.5 434.6 421 412.9 407.4 402.7 399 397.6 394.4 388.4 382.4 392.6 377.1 347.4 323.6 308 291.2 263.7 236.9 216.4 211.7 207.7 193.5 187 183.2 179.7 171.8
86.8 86 88.6 92.5 95.8 99.4 103.2 104.8 110.7 112.4 111.8 120.4 126.4 132.5 136.7 137.6 138.6 142 154.3 173.5 188.5 188.4 187.2 192.9 201.5 211.6 223.5 229.1 238.8 249.7 277.6 293 283 286.1 305.7 318.8 326.7 343.4 353.6 367.9 386.8 402.2 413.6 432.9 457.1 468.6 463.6 461.3 470.4 478 473.4 462.7 452.5 442.5 433.4 425.1 419.5 421.2 424.3 412.6 400.6 394.8 397.9 386.5 372.2 358 320.7 309.6 290.9 267.7 242.2 232.8 223.6 209.9 200.8 195.5 186.7 179.7
95.5 97.4 99.2 102.9 106.2 109.9 111.6 120.2 122.7 126.8 130.4 136.2 144.4 150.7 155.5 154.3 146.2 158 161.5 171.8 180.4 180.9 180.3 191.6 204.6 210.4 221.3 239.1 251.7 263.7 293.3 308.6 303.8 302 311.4 329.3 337.4 348.1 352.6 364.5 384.1 404 420 431.6 465.2 476.6 474.2 478.1 484.7 493.2 496.6 486.5 475.1 471 454.3 448.1 442.7 446.5 440.2 433.2 420.4 412.4 397.7 385.1 371.8 356.9 337 313.7 296.5 284.3 266.5 256.1 246.2 227.8 216.7 205.6 193.9 184.8
103.3 108.3 111.4 114.8 122.5 127.6 127 133.5 137.9 144 152.1 161.5 165.8 163.3 166.9 163.5 154.4 168.8 169.3 170.7 177 178.7 178.4 196.9 211.2 218.9 230.6 248 258.8 274 305.9 321.9 325 321.7 324 338.6 343 346.9 355 370.7 391.2 396 415.5 438.3 461.6 477.3 476.3 482.4 486 500.8 508.5 511.2 505.6 497.1 478.1 476.8 469.3 464.5 462 455.8 440.7 425.1 398.7 385.3 367.2 353.4 338.4 319.9 306.9 297.8 284 278.1 265.9 248.4 230.7 217.9 204.5 194.2
112.2 117.3 122.9 127.2 132.8 141.7 142.1 145.9 153 162.6 166.7 181.5 184.7 183.8 177.8 168.7 161.4 170.5 170.7 171.8 176.5 178.1 182.8 206.4 220.6 230 239.1 266.3 277.7 291.2 316.2 336 341.7 339.6 338.6 338.1 346.5 351.4 357.9 378 385.1 397.4 409.5 431.9 452.9 471.7 474.1 483.1 487.4 500.4 510.9 525.5 531 519.3 501.1 499.1 496.4 487.2 484.1 478.4 463.9 439.7 406 388.1 367.2 353.9 340.8 326.7 315 307.7 302.4 293.7 285.4 271.7 249.6 233.6 220.1 207.8
119.9 124.5 130 136.5 141.1 144.5 147.7 155.3 163.7 174.8 183.6 195.5 200.3 191.5 182.2 179 172.6 172.7 175.4 175.8 176.1 181 193.4 214.8 229 237.4 255.4 281.1 295.3 308 322.8 343.8 351.6 352.5 354.1 354.6 357.9 360.4 367 375 383.3 401.1 416.5 428.3 445.8 466.6 470.3 484.7 496.5 507.7 518.5 538.2 544.3 535.1 521.6 519.4 512.6 505.5 500.5 494.1 482.7 450 412 389.4 372.3 356.7 345.3 332.2 323.7 320.4 319.3 311.7 304.9 297.9 281.9 252.1 233.8 221.3
127.4 129.1 136.5 141 144.4 147.3 153.1 162 170.9 187.9 199.6 210.9 209.1 200.1 187 181.1 178.8 177.5 180.2 180.6 181.8 189 204.5 221.5 233.9 249.8 282.6 300 312.3 326.3 336.2 351 358.6 365.1 368.1 370.2 370.3 373.3 376.8 382.3 389.5 404 419 432.3 448.4 467.3 471.6 480.2 493.3 510.9 533.4 550.2 549.2 548 540.9 536.4 530.6 519.4 511.5 503.6 497.3 458.5 420.5 401 378.2 361.9 348.4 341.1 333.6 333.1 339.8 342.4 325.2 313.7 301 271.1 251.5 235.8
132.8 135.2 140.6 142.4 147.2 152.6 159.4 170.9 183 195.4 214.3 219.3 215 206.7 199 188.2 182.3 183 182 181.8 186.9 198.6 212.2 226.2 241.8 274 301.7 316.1 324.9 337 348.3 363.2 370.2 378.5 380.4 382.2 384.7 386.6 389.1 393.7 399.4 415.3 426 439.7 457.5 474.9 488.8 496.7 507.6 528 539.8 541.7 550.1 554.5 556 546 540.2 527.7 523.6 509.8 498.9 468.7 428.7 404.2 381.6 366.1 357.5 350.8 344.6 347 356.7 368 360.7 330.9 318.6 296.1 270.8 254.8
136.3 139.6 143.5 149.5 153.2 158.5 167.1 179.5 192.8 207 219.2 222.5 221.1 216.2 211.2 196.4 192.4 191.2 188.7 187.3 192.8 206.6 217.5 229.8 263.1 295.3 311.9 324.1 329.6 347.6 363.1 375.5 377.2 386 390.3 395.9 402 398.7 398.2 405.7 412.5 417.5 427.3 439 456 472.5 489.9 501.7 521.1 530.6 534.4 543.7 549.3 552.7 551.5 538.8 530.5 528 515.7 502.5 488.4 461.3 425.1 403.2 386.5 371 366.9 359.7 356.2 358.6 367.7 380.6 392.1 359.1 341 320.6 293.6 276.1
138.1 141.9 153.7 159.2 159.8 162.8 170.5 183.6 196.7 208.2 223.3 233.8 231.7 225.3 214.5 202 201.1 198.3 194.8 192.4 197.8 211.6 221.4 247.7 283.9 305.4 317.2 323.5 329 348 369.9 382.6 383.2 389.5 395.6 405.2 409.8 410.4 411.8 413.8 419.6 423.8 428.4 442.6 452.4 463.8 478.9 492.5 512.1 521.7 526.1 524.5 526.2 532.5 533.3 526.3 522.8 518.1 514 498.8 476.2 448.7 427.4 407.8 392.4 382.5 376.1 371 364.2 369.6 381.5 389.6 403.5 390.7 360.1 341.8 321.1 311.2
143.9 146.8 159 163.2 164.3 165.7 173.8 187.7 195.8 212.9 230.3 240.5 239.2 231.7 219.5 214.2 207.7 203.2 202.8 201.6 203.6 212.5 233.1 273.9 294 305.5 315.7 324 330.8 346.7 371.8 384 388.8 390 394.1 403.3 407.7 416.4 422.2 419.8 422.5 424.6 434.4 440.7 453.1 460.9 468.6 476 485.9 499.6 504.9 508.5 514.4 516.2 515.6 514.8 508.7 501.5 504.3 488.6 467.5 446.2 426 412 401.9 394 387.5 383.5 380.7 382.2 391.8 400.9 418.9 430.5 393.5 374.2 353.3 339.2
144.7 147.7 156.3 164.8 166.6 172.7 185.5 192.5 198 212.8 226.4 234.3 234.1 228.9 223.1 221.4 210.7 210.6 211.2 207.4 209.1 221.6 247.7 275 294.7 299.5 312.5 319.3 329.4 352.4 369.8 382.8 388.3 386 389.2 395.3 403.9 413.8 420.9 422.6 422.6 426.4 436.6 438.7 445.1 451.9 458.6 463.5 474.5 482.4 488.2 496.6 505.3 508.5 507.5 509.7 503.3 496.3 489.3 479.5 465.3 445.2 431.1 422.9 415.1 407.5 401.1 397.6 395 390.9 398.4 410.8 431.1 450.1 433.3 408.3 390.4 378.6
139 143.7 154.2 159.8 168 182.5 188.5 193.9 200.6 209.1 218.7 221.8 223 222.3 221.4 220.3 218.5 219.9 220.4 215.9 215.8 237.2 263 272.2 287 297.5 309.3 315.3 328.9 346.4 355.9 368.8 375.5 380.3 383.5 391.5 402 408.5 416.1 423.7 424.7 425.9 429.5 434.3 438.9 440 446.5 453.4 462.6 468.2 472.9 483.7 501.7 509.5 507.5 506.7 503.3 497.6 488 480.8 468.3 450.9 441.6 436.2 429.8 421.1 415.1 410.6 408 406.3 404.4 418.2 441.3 465.5 472.5 448.6 426.3 411
