data/240000-770000.asc
ncols 200
nrows 200
xllcorner 240000
yllcorner 770000
cellsize 50
[rows 105 to 139 of 200, columns 77 to 153 of 200]
720.9 711.4 705 702.6 698.4 694 690.6 690.4 691 692 693.4 695.4 699.4 709.5 718.9 729.5 738.2 744.3 748.5 753.9 758.8 763 770 780.3 793.5 806 822 842 860.3 886 907.3 923.1 934.7 940.3 941.5 937.4 921.6 903.8 890.3 883.2 885 886.6 886.9 887.2 885.1 887.2 884.2 884.6 884.8 886.4 888.7 901.1 908.7 916.7 932.4 946.6 958.7 965 977.4 1006.2 1049.3 1094.2 1118.7 1126.5 1125.6 1120.7 1116.2 1111.6 1108.8 1107 1105.3 1103.3 1100.3 1093.4 1083.9 1078.6 1081.9
727.6 718.2 712.2 707.7 702 697.5 693.8 693.7 694.1 693.7 694 695.8 699.4 711.8 724.7 735.7 743.7 749.9 754.9 759.5 765.3 769.3 774.8 783 793.2 803.5 818.9 841.2 858.3 885.4 912.4 931.7 945.9 954.8 964.9 967.8 945.2 914.7 897.1 888.1 888.8 891.7 895.6 897.5 897.3 899.4 896 892.6 893.1 896 897.5 904.2 917.1 928.3 935.4 948.5 963.5 975.3 986.8 1013 1050 1093.2 1126.8 1130.3 1127.7 1121.6 1116.5 1111.8 1108.6 1106.6 1105.1 1103.2 1098 1090.4 1086.1 1084.9 1089.1
732.7 724 717.8 711.8 706.4 702 700.2 699.6 699.5 698.2 695.9 698.4 703.8 717.2 729.8 740.3 748.6 754.7 760.2 764.1 768.9 774.5 776.9 787 794.4 804.3 818.9 837.8 856.4 880.8 914.1 939 954.6 970.3 985.5 988.8 963.9 927 903.4 894.8 892.4 894.3 899.9 906.3 906.9 905.3 903.1 901.4 901.6 905.1 906.7 918.9 918.4 926.2 937.6 952.4 966.6 981.7 998 1019.5 1050.7 1092.3 1131.3 1130.9 1127.6 1121.2 1115.2 1111.5 1108 1106.6 1104.7 1101.9 1095.7 1093 1092.9 1095 1098.6
740.9 732.2 725 720.1 715.7 711.7 709.6 709.2 708.1 703.2 700.2 705.2 708.6 722.4 733.7 742.9 750.8 757.4 763 767.7 774 780.1 784.8 790.8 797.3 807.1 820.3 833.4 855.2 876.4 909.4 941.1 965.2 988.5 1002.4 1003.1 976.5 943.5 917 900.9 899.9 900.6 905.6 912.8 914 913 911.1 906.7 906.1 911.7 921.9 929.4 927.4 935.3 952.8 964.7 978.7 996.9 1010.8 1034.4 1067.2 1120.2 1130.3 1127.7 1123 1117.8 1112.1 1108.8 1105.5 1104.4 1103.3 1100.3 1098 1098.5 1100.3 1101.9 1102.8
750.1 742.6 737.3 732.6 727.2 724.9 724.6 723.9 716.7 710.2 711.1 716.5 721.5 722.7 734.6 743.3 751.4 758.7 764.9 773.4 781.2 787.6 792.1 795.1 801.7 811.4 823.4 834.8 850.7 871.4 904.9 939.6 972 998.9 1013.1 1017.2 995.1 966.5 940.3 919.9 905.8 906.9 911.6 911.2 912 921 916.8 911.1 913.9 927.3 934.6 938.2 940.5 956.3 973.4 986.2 1001.9 1023.8 1035.7 1066.9 1106.5 1124.4 1123.9 1120.6 1116.4 1111.5 1106.9 1104.3 1102.1 1101.7 1100.8 1099.7 1100.5 1102.2 1104.4 1104.8 1103.5
762.9 754.6 749.3 743.8 741.9 740.9 739.3 739.7 728.9 717.8 723.2 727.2 730.6 732.2 733.9 742.5 751.2 759.9 768 778.2 786.6 794.6 798.7 802.3 807.6 816.4 825.3 835.9 850.9 869.2 901.3 937.1 971 1000.3 1022.1 1031.5 1020.7 991.7 965.1 945.5 931.5 927.5 922 916.5 923.5 931.8 925 919.2 932.4 936 937.1 948.7 963.2 982.6 1001.4 1031.1 1043.8 1071.2 1081.4 1102 1118.9 1118.2 1116.2 1112.4 1107.7 1102.9 1100.5 1099.3 1098.9 1098.7 1099 1099.8 1102.9 1105.5 1106.2 1104.9 1102.8
775.6 766.6 760.7 758.1 756.7 757.3 756.5 756.5 746.2 736.6 736.5 738.6 737.6 737.3 735.5 742.1 750.9 761.5 771.7 782.5 791.6 800 805.7 810.8 815.2 820.7 828.1 836.9 849.4 866.7 897.2 934.3 969.7 999.9 1024.8 1041 1043.7 1020.2 989.8 971.4 954.3 945.7 941 939 941.5 941.1 936.2 943.5 941.4 944.5 949.5 965.5 986.1 1013 1045 1073.7 1096.4 1111.9 1111.6 1111.2 1110.4 1109 1106.3 1102.3 1097 1094.8 1093.5 1094.4 1095.2 1096 1098.5 1101.7 1104.8 1107.3 1106.1 1102.4 1101
788.8 777.8 772.7 771.4 768.5 769.8 772.8 778.1 768.2 763 762.9 750.2 744.1 742.1 742.4 743 752.2 763.3 775.4 786.5 796 806.3 814.2 818.9 822.1 825 831.7 838.7 850 863.9 893.3 931.9 971 1002.4 1029 1051.5 1064.5 1047.5 1017.1 995.2 979.1 969.2 963.9 957.8 956.9 954 951.7 962.2 962.1 964.4 973.1 989.2 1009.5 1036.6 1071.9 1101 1107.1 1105 1102.7 1101.5 1100.6 1098.8 1095.3 1092.4 1088.6 1086 1086.5 1087.8 1090.2 1093.4 1097.1 1100.7 1103 1103.8 1101.7 1098.5 1098.1
803.3 790.6 782.6 782.8 781.9 784.2 784.3 791.2 794.3 796.8 784.6 764.3 754.1 750.9 752.5 750.5 754.9 764.6 777.7 790 799.1 810.4 819.3 825.8 828 830 835.5 844 854 863.2 888.7 925.2 967.1 1004.6 1032.9 1058.8 1075.6 1078.6 1047.5 1024.3 1006.9 995.6 990.1 984.3 977 974.9 980.8 983 991.1 994.9 1002.6 1016.2 1038.1 1071.5 1093.1 1097.6 1093.6 1090.6 1089.2 1088.7 1088 1085.9 1083.2 1080.5 1078.2 1077.6 1078.6 1081.7 1085.4 1090 1093.9 1096.4 1097.8 1097.2 1095.3 1094.3 1092.6
819.2 803.9 795.4 791.5 792.6 796.4 802.3 803.4 808.5 815.3 799.4 785.7 774.1 765.7 767.7 762.7 761.4 767.5 780 794.2 805.4 815.6 823.6 831 835.4 836.2 840.4 847.6 856.7 865.6 883.4 917.1 960.1 1002.4 1034.3 1060.6 1083.1 1100.4 1083.8 1061.2 1039.1 1028.4 1022 1011.2 1002.3 1002.7 1017.4 1011.2 1022.6 1029.7 1036.9 1049.9 1063.8 1076.6 1082.5 1079.9 1076.2 1073.5 1074.2 1074.3 1073.3 1071 1070.2 1068.7 1067.5 1068.3 1070.9 1075.9 1081.1 1085.7 1089.1 1091.1 1091.5 1090.3 1089 1087.8 1082.1
833.4 815.5 807.2 800.8 801.8 807.8 816.2 815.7 825.7 839.1 825.7 815.2 796 791.8 785.8 776.4 773.6 779 784.8 799.4 811.5 820.9 829.2 835.4 841 842.2 846.2 851.8 858.6 870 882.5 911.7 952.3 996.8 1033.9 1064.1 1090.9 1105.9 1111.1 1104.7 1078.1 1067.3 1055.4 1040.6 1032.8 1036.9 1028.5 1020.3 1021.4 1025.8 1034 1044.7 1055.6 1061.4 1061 1058.4 1055.3 1055.2 1057.9 1058.3 1057.2 1056.4 1057 1057.2 1058.6 1061.6 1065.1 1071 1077.1 1081.5 1084.1 1084.8 1085.1 1083.9 1083.1 1078.4 1070.5
845.5 827.4 815 810.8 811.5 817.5 824.3 831.1 838 858.8 846.6 831 827.7 820.7 806.2 807.6 801.5 800.7 801.5 807.1 818.8 828 835.3 841.6 846.5 848 852 856.1 860.4 870.3 882.3 910.1 946.9 988.1 1028.6 1063.3 1090.4 1105.2 1115.4 1113.4 1106.4 1099.2 1077.4 1056.3 1044.9 1029.1 1013.8 1004.3 1002.8 1009.3 1020.3 1030.4 1036.3 1034.2 1033.4 1031.8 1032.5 1034.6 1037.9 1039.7 1039.7 1040.2 1039.3 1042.5 1049 1054.7 1061.5 1067.4 1073.1 1077.2 1079.4 1079.7 1078.8 1077.5 1071.5 1062.7 1056.2
857.2 842.6 827.8 829.1 831.5 829.5 838.2 846.3 859.7 865.9 869.7 856.8 848.9 841.6 844.1 843.9 830.7 832.9 827.2 831 831.3 837.7 842.9 849.1 853.2 854.9 857.6 860.2 865.3 872.2 885.2 910 943.1 985.7 1024.6 1060.9 1085.4 1103.6 1110.8 1108.2 1099 1081.2 1063.5 1048.5 1030 1013.2 995.2 982.2 979.8 985.9 994.7 1002.2 1004.1 1003.1 1002.9 1003.2 1007.2 1011.6 1014.3 1016.9 1020.5 1022.3 1024.8 1028.5 1036.4 1050.9 1057.7 1063.6 1069.1 1073.3 1075.3 1075 1073.4 1064.5 1057.2 1050.6 1044.5
877.4 863.2 861.1 853.9 850.7 847.1 847.6 858.2 873.2 881.3 894.3 890 878.6 872.7 871.4 874.9 871.1 860.9 855.1 855.5 847 850 853.4 857.8 860.2 861.9 863.5 863.7 867.9 873.5 885.1 908.6 942.1 980.5 1021.8 1056.6 1081.3 1096.3 1093.6 1084.1 1070.1 1055.2 1041.9 1025.1 1009 991.5 973.1 957.7 950.2 955.5 963.7 967.4 969.9 971.6 971.8 979.4 985.6 991 991.6 996.2 1000.2 1004.6 1014.6 1026.7 1038.6 1047.6 1054.4 1059.7 1065.3 1069.2 1070.1 1068.7 1064.1 1055.1 1047.1 1042.5 1031.5
906.1 895.7 875.9 869.7 863.7 861.9 853.9 863.6 883.9 891.8 907.3 928.4 913 908.6 904.2 905.6 913.5 893.8 883.2 873.3 866.8 861.7 863.6 866.8 866.7 867.8 869.8 867.7 870.5 876.1 888.3 912.5 941.5 975.5 1016.5 1051 1075.1 1076.4 1064.2 1053.1 1039.9 1026.1 1013.1 999.3 982.7 965.6 946.5 925.4 918.7 924.3 929 934.5 938.5 946 953.3 960.6 964.7 966.5 962.7 968.5 991.4 1008.1 1019.4 1031.6 1041.3 1047.1 1052.2 1056.5 1062.2 1063.5 1063.1 1060.3 1054.4 1044.6 1040 1033.8 1018.5
931.5 912.3 892.2 891.9 882.9 877.9 869.5 878.5 892 900.2 917.1 952.3 951.7 948.6 943.2 942.9 950.8 934.3 911.2 899.5 889.5 872 872.3 872.6 871.2 873.4 875.2 872.9 874.9 881.3 892.9 910.1 938 972.3 1013.2 1050.4 1059.5 1044.9 1031.5 1020.4 1007.7 995.4 983.1 968.2 950.2 932.4 916.4 898.3 890.7 893.9 900.5 906.7 913.6 927.8 936.6 941.6 938.2 931.5 955.4 981.5 1000 1013.8 1025.6 1036.4 1043.5 1048.3 1052.5 1056 1059.2 1059.1 1054.3 1047.8 1042.2 1034.3 1031.9 1020.1 998
953.5 933.4 914.9 908.8 899 893 891 898.2 899.6 909.4 929.5 960.3 982.9 988.8 984.9 993.5 997.6 965.9 946.3 927.6 905.3 883.1 876.9 874.4 876.8 879.9 881.8 880.1 881.8 887 894.2 910.1 935.4 970.9 1015.7 1043.7 1031.2 1011.5 997.6 985 973.4 962.6 950.9 932.9 917.3 902.7 888.4 874.2 860.8 863.1 874.9 882.8 894.3 904.5 907.8 907.9 903 937.1 965.1 976 1002.1 1021.2 1032.3 1040.7 1045.4 1049.9 1052.8 1053.8 1052.8 1050 1045.1 1036.5 1028.2 1023.9 1020.7 1003.7 983.3
966.8 961.3 938.2 928.4 915.1 912.1 909.3 914.3 913.5 918.1 939 969.5 995.9 1008.5 1021.2 1031.8 1031.7 1001.4 976.1 947.7 912.5 890.3 881.7 878.7 882.4 886.6 888.2 889 889.2 892.1 893.9 911.5 937.5 976 1011.3 1025.3 1003 977.9 963.5 951.5 939.9 929.9 917.9 899.7 887 873.9 860.9 843.8 830.5 837.4 846.7 854.2 865.7 870.2 870.9 871.9 912 944 971.6 983 1001.9 1023.5 1035.7 1042.5 1046.3 1049 1048.4 1045.5 1044.2 1041.7 1035.6 1025.9 1016.1 1013 1000.7 988.7 969.3
977.3 976.4 963.1 947.3 932.1 926.4 925.8 929.5 929.4 938.5 958.5 986.1 1005.8 1019.4 1031.4 1040.7 1048.5 1024.3 984.1 953.3 916.6 893.3 884.3 883.5 887.5 892.2 896.9 898.4 900.2 896.7 898.2 913.3 939 974.7 1010 994.9 970.4 946.1 931.7 920.6 910.6 900.8 887.5 872.3 859 845.4 833.9 823.1 811.2 814.6 821.1 830.6 840 838.9 841 878.9 912 949.2 974.5 987 1002.1 1030.7 1036.7 1041.7 1043.3 1041.9 1038.6 1036 1035 1032 1024.9 1014.9 1006.1 994.4 988 973.3 956
988.9 987.6 978.8 968.5 956.8 945.8 947.6 954.4 957.3 968.3 986.3 1004 1015.6 1027.8 1039 1048.6 1055.4 1026.2 986.3 952.6 920.9 895.1 885.8 883.2 889.2 896 901.4 908.3 907.9 903.8 907.2 923.6 947.6 976.2 982.9 963.6 939.3 920.8 910 899.4 888.3 877.8 863.1 846.9 834.7 822.7 811.7 803.1 794.9 792.3 799.8 807.5 813.9 807.5 840.9 874 905.1 938.3 965.2 986.5 1016.7 1032.1 1037.3 1039.6 1035.4 1032.9 1027.8 1026 1024.2 1020 1012.7 1004.4 996.7 982.6 972.4 954.9 937.4
996.3 995.8 989.1 984 977.5 973.9 974.1 978 985.6 998.2 1008.1 1018.7 1027.5 1039.3 1048.6 1058 1061.1 1022.2 978.4 947.8 915.3 896.2 888.2 884.6 887.9 899.1 907.3 915.3 913.5 913.2 923.9 942.3 960.6 978.3 959 943.1 932.5 911.7 896.9 882.1 870 856.3 843.7 830.3 817.3 808.5 796.2 786.8 780.2 775.7 782 785 781.3 800.9 829.2 858.9 895.8 931.8 957.6 988.3 1015.5 1029 1027 1022.6 1021 1017.2 1015.4 1014.7 1012.1 1007.8 1002.5 993.4 981.4 964.1 956.5 937.6 922.3
1001.9 1002.5 995.1 993.7 992 989.2 992.4 997 1003.5 1015.4 1023.8 1032.2 1040.1 1049.7 1058.2 1066.4 1062.9 1023.8 975.3 938.2 916.4 899.8 891.1 885.3 888.1 902.1 913 922.5 924.3 925.4 940.1 952 972.3 983.3 954 944.5 931 914.5 891.5 873 853.3 841.8 827.9 817.5 808.5 798.8 787.5 775.1 769.3 760.6 767.7 764.7 770.6 792.3 814.7 852.2 892.9 921.1 944.6 975.6 1003.5 1010.2 1006.8 1006.2 1005.6 1002.2 1002.4 1001.6 999.5 994.5 988.8 977.2 957.1 947.7 942.3 922.2 905.3
1008.8 1007 1004.9 1004.2 1000.8 1001.2 1008.9 1011.2 1016.9 1026.2 1033.9 1043.3 1050 1057.4 1065.7 1073.7 1060.5 1017.1 978.4 946.6 924.6 907 895.8 889.5 892.7 905.8 916.1 930.4 935.1 936 952.9 969.5 986.9 996 964.7 940.2 922.8 899.9 881.5 863.7 844.5 824.8 813.6 805.4 797 788.6 780.1 768.2 755 750.7 753.9 748.8 762.6 778.2 803.6 834.7 869.5 901.6 928.7 957.6 980 987.1 989.2 989.1 987.1 986.6 986.6 986.8 984.6 980.2 970 950.6 938.5 932.1 921.1 901.4 883.4
1016.1 1018.5 1016.4 1015.4 1009.5 1012.9 1015.7 1021 1027.4 1035.3 1041.9 1049.3 1055.1 1062 1069.7 1078.7 1070.6 1020.8 987.9 962.7 938.4 919 910.5 902.4 905.6 913.1 923.4 936.3 941.9 955 978 996.7 1015.7 1012.1 976.9 939.8 910.9 896.4 876.2 860.4 835.5 818.6 804.9 795.8 788.3 780.2 770.6 761.4 747.3 737.6 737.8 735.8 747.5 760.9 785.3 815.2 847.4 878 909.7 937.5 958.1 970 972.5 972.7 973.6 973.5 973 972.7 966.9 956.2 943.5 930 915.2 906.1 888.8 871.8 851.8
1021.5 1029 1027.5 1019.2 1016.6 1016.5 1020.1 1024.4 1030.5 1037 1045.2 1050.1 1055.7 1062.5 1069.5 1078.7 1069.5 1055.6 1017.1 991.9 963.2 941 935.8 936 931.4 924.3 929.1 939.8 957.9 983.1 1010.8 1030.1 1045.7 1021.5 986.4 940.5 907.6 888.3 870.5 849 833.1 819.1 802.4 791.6 781.8 767.4 763.9 755.4 741.9 725.6 728.6 726.3 731.6 745.6 770.7 797.9 827.9 856.4 893.4 925.4 945.6 954.7 958.4 959.7 960.1 958.2 954.6 951.5 943.1 928 910 899 893.7 872.8 855.9 841.1 828.9
1019.6 1027.6 1025.2 1017.1 1017.1 1015.2 1017.3 1022.2 1023.9 1028.8 1038.1 1042.8 1049.2 1056.9 1066.4 1075.9 1085.9 1090.9 1075 1039.4 1005.2 986.7 971.4 966.8 957.8 945.4 948.3 962.4 980.2 1007.1 1037.9 1055.7 1041.1 1022.4 993.5 962.7 921.9 894.9 874.5 856.8 839.9 821.1 804 793.7 784.5 776.1 763.9 751.8 739.4 724.4 713.4 718.6 719.4 732.3 758.1 785.8 813.9 846.2 877.3 909.5 932.8 939.6 945.4 945 943.3 937.6 930.6 924.4 914.1 890.7 875.1 871.1 859.4 843.4 827.9 817.4 799.9
1009.8 1014.7 1014.1 1011.4 1016 1010.4 1008 1009.1 1011.2 1015.1 1021.5 1028.5 1036.3 1044.1 1056.2 1068 1079.3 1093.1 1098.8 1079.8 1045.2 1024.2 1014 997.8 985.1 981 981.2 988.5 1007.9 1039.6 1062.8 1049.9 1031.7 1010.8 989.4 972.5 942 913.5 889.4 880.4 856.6 826.1 808 795.5 786.3 776.8 763.8 751.6 738.1 724.1 710.3 705.2 713.5 724.5 746.8 771.9 799 830.8 864.3 898.6 917.2 923.4 927.7 927.5 918.4 910.6 903.3 891.9 874.4 858.1 845.5 835.7 827.6 823.6 802.7 790.7 777.1
996.5 996.6 997.8 998.3 998.7 995.4 992.6 990.2 991.1 995.7 1002.1 1009.8 1018.7 1030.3 1043.1 1056.3 1070.2 1083.6 1095.1 1101.1 1070.5 1055 1047 1027.9 1022.5 1018.7 1016.8 1022.4 1033.4 1059.2 1052.8 1037.6 1016.9 994 973.5 964.3 950.8 937.3 914.1 891.3 873.8 849.4 815.2 800.2 789.9 778.1 762.7 749.9 736.9 722.4 709.3 698.3 697.6 714.3 734.5 755.2 785.1 816.1 852 879.3 894 901.4 904.7 895.7 885.1 881.8 869.2 851.9 843.3 832.5 820.2 815 811 797 782.1 773.1 752.8
980.9 977.8 974.6 972.3 968.6 965 965.3 966.4 968.6 973.5 980 988.9 1000.1 1013.1 1027.2 1042.8 1057.9 1070.8 1083.2 1092.2 1095.7 1085.1 1091.6 1068.3 1060.1 1057.3 1056.4 1054.1 1052.1 1046.7 1037.1 1018.7 996.8 974.3 961.3 946.7 938.2 928.9 917.4 902.2 889.3 863.2 827.4 811.2 796.8 782.4 764.3 748.1 733.5 720.5 708.6 699.4 688.6 708.4 726.2 743 763.3 793.7 822.1 849.2 863.5 875.4 873.3 863.1 857.9 845.5 830.5 822.3 812.2 805.6 801.3 795.7 790.2 771.5 766.6 747.2 732.4
963.3 955.6 947 942 939.1 937.2 937.6 942.9 944.6 948.6 954.3 964.5 976.3 990.1 1011 1028.5 1044.4 1057.8 1069.8 1080.1 1090.1 1098.3 1099.8 1092.7 1089.5 1077.7 1063.5 1047.6 1033.4 1023.4 1009.6 992.9 976.7 959.1 947 933.3 922.4 912.2 903.6 897 890.8 871.9 841.4 820.1 801.8 786.6 763.9 744.3 729.4 715.7 705.1 695 681.7 702.9 714.2 726 746.1 767.7 787.7 811.9 830.7 833.6 831.4 826.8 823.4 812.6 806.9 792.3 782.1 783.3 782 775.4 758.1 749.4 738.9 725.1 717.2
940.8 926 917.3 914.7 911.6 912.3 915.5 915.5 920.3 925.9 932.1 940.7 948.6 976.4 995.2 1013.9 1029.6 1043.5 1055.1 1066.4 1077.7 1089.1 1089.6 1085.7 1077.5 1063.6 1046.4 1026.7 1010.2 994.2 982.2 970.3 956.5 946.2 934.4 920.6 907.5 896.8 892.1 889.7 881.1 869.6 849.7 829.7 809.3 784.5 759.5 741.4 727.2 709.9 697.2 687.4 673 689.6 699.6 713.7 730.4 743.7 755.8 767.4 786.5 794.3 794.6 791 793.2 793.5 781.4 763.3 759.2 758.3 752.8 742.4 729.9 725.2 714.8 703.2 700.8
916 901.2 896.3 892.6 892.1 893.2 894.5 896.4 898 901.5 909.5 914.4 942.3 962.7 980.8 998.8 1014.5 1028.6 1040.7 1052.2 1064.2 1073 1077 1074 1058.6 1043.3 1025.6 1004.3 986 973 964 950.1 940.2 933.1 919.4 905.9 895.3 885.9 880.8 876.3 867 861.4 845.4 829.2 804 776.7 756.1 734 717.1 702.5 692.1 683.1 664.7 679.4 688 698.6 711.5 732.4 738.9 746.1 755.2 761.6 769.5 770.4 769.4 762.7 747.6 736 729.2 726.3 722.3 713.1 705.1 697.9 691.3 687.3 688.3
894 885.2 877.1 872.9 872.1 872.8 874.3 876.2 878 881.5 886.1 910.9 933.5 952.3 966.4 982.1 997.7 1011.7 1025.5 1038.3 1050.3 1058.5 1062.4 1056.4 1034.8 1018.9 1002.9 979.1 964.8 953.9 942.4 933.8 922.4 910.3 902.4 891.4 884.2 874.2 867.9 861 854.7 846 834.1 817.4 794.5 769 744.6 724 710.1 697.1 686.4 677.8 657.2 671.9 678.4 683.7 696.4 713.1 713.9 720.8 725.2 731.2 735.2 734.7 729.3 719.7 711.9 705 699.3 699.7 696.3 690.6 679.9 677.8 673.5 666.7 663
879.8 871 861.3 853.2 851.3 852.1 854.9 856.7 858 858.8 883.6 904.9 922.4 938.8 953.1 964.8 979.2 994 1009 1024.9 1036.4 1043 1044.1 1034.6 1012.6 993.4 977.7 960.8 948.9 935.1 923.3 915.3 904 893.6 886.6 880.8 873 861.8 849.3 843.9 839.4 829.4 818.9 803.2 779.4 756.6 734.6 716.1 700.9 690.2 678.5 670.6 655.2 664.6 668.6 672.4 678.2 687.9 692.3 696.3 698.2 700.7 706.2 702.3 692.7 687.4 685.3 681.6 676.4 676.1 674.4 667.2 663.1 662.4 657.5 645.9 644.1
870.6 858.4 847.6 837.2 832 833.2 834.8 835.3 837.8 852.1 876 894.7 910.2 922.8 938.9 947.7 959.7 975.7 992 1007.6 1020.1 1026.1 1023.4 1011.3 989.9 970.5 957 944.8 930.3 916 904 895.1 886.2 880.5 876.7 871 858.7 841.6 830.8 826.9 821 812.2 800.1 782.1 763.3 740.2 720.9 704.9 691.5 679.4 671.2 661.7 647.4 649.3 659.1 658.6 663.1 666.1 674.4 674.6 676.2 676.2 679 673.6 666.1 662.4 661.7 659.7 654.9 654 651.3 651.7 648.8 643.7 638.1 635 642.6
