data/240000-130000.asc
ncols 200
nrows 200
xllcorner 240000
yllcorner 130000
cellsize 50
[rows 0 to 39 of 200, columns 90 to 179 of 200]
69.1 64.2 59 50.5 45.1 48 52.6 56.7 61.5 67.9 74.2 79.7 85.2 90.5 93.9 97.2 100.2 102.6 103.1 102.3 101.4 99.4 97.2 94.9 92.9 92.4 92.9 92.6 91.5 91.6 91.8 92.3 92.9 94.4 95.7 96.6 98.2 98.2 95.9 86.7 85.1 88.6 93.9 96.6 98.6 100.2 100.9 101.9 103.2 104.7 104.3 102.9 101.4 105.3 108.9 112 114.3 116.4 117.8 119.6 121.3 121 118.6 115.8 112.5 108.7 107.4 105.7 104 102.5 99.6 96.6 93.9 90.2 86.1 82 79.1 75.2 74.1 78.3 84.4 90.6 97.1 103.5 109.2 113.4 117.4 120.5 121.9 122.1
71.2 67.8 62.1 55.7 47 46 51.8 57.2 63.2 69.5 76.1 82.2 87 91 94.5 97.8 100.3 102.3 103.7 103.7 102.3 99.7 97.3 95.1 93 91.5 88.9 87.6 86.4 85.9 86.1 86.6 87.7 89.4 90.8 91.7 92.6 92.1 89.9 82.1 85.9 91.5 95.4 97.6 99 100.3 100.7 101.3 104.1 102.8 100.2 100.1 103.6 107.2 111.2 113.7 116.1 117.9 119.6 121.1 122.4 122.4 120.5 117.9 115.9 113.2 111.3 109.9 108.1 106.6 104.8 101.8 98.2 92.5 88.4 84.3 80.4 75.9 70.3 78.1 85.5 92.3 98.6 104.9 109.3 113.4 117.1 119.2 119.9 120
74.7 72.5 68.2 61.7 52.6 43.5 46.4 52.3 60.3 68.3 75.6 81.1 86.2 90.6 94.4 97.8 100.1 102.1 103.9 104 102.5 99.9 97.5 95.4 93.3 92 90.5 87.4 84.4 80.9 80.4 81 82.7 84.4 86 86.9 87.2 86.2 78.5 82.2 87.5 92.2 95 97.4 99.5 100 99.5 99.6 99.2 99.6 98.6 103 107 110.8 113.5 115.7 117.8 119.4 120.5 121.6 122.7 124 122.3 120.3 118.4 116.9 115.2 113.6 112.3 110.8 109.2 106.8 103.2 96.2 90.7 86.6 81.8 75.9 70.1 75.8 83.2 92.7 99.3 105 109.4 113.6 116.1 117.6 117.9 117.6
78 78.3 74.6 70.6 61.8 48.9 42.9 45.5 54.5 62.9 70.7 78.5 84.9 90.1 94 96.7 99.1 100.8 102.2 102 101.6 99.6 97.6 95.8 94.4 93.6 92.2 89.1 84.7 79.7 76.7 76 77.7 79.4 81.1 81.2 81 80.1 77.6 82.1 88.5 92.2 94.5 96.2 98.2 98.6 97.6 96.8 95.8 96.4 100.4 104.5 107.7 111.5 114.1 115.9 117.3 118.6 119.7 120.9 122.2 123.2 124.7 122.8 121.2 119.7 118.3 117.7 117 116.1 114.9 112.6 109.3 102.8 94.4 88.2 82.4 76.5 69.9 73.6 82.2 92.7 99.2 104.7 109 112.9 114.6 115.7 115.8 114.9
81.2 81.8 79.9 75.7 68.4 55.8 46.2 40.7 47.1 55 66.1 75.8 82.9 89.1 93.2 95.5 97.8 99.2 100.1 100.1 99.7 99.1 97.6 96.3 96.1 95.5 93.9 89.7 85.5 80.2 75.4 72.3 73.5 75.1 73.8 74 72.2 75.8 80.2 85.8 89 91.9 94.4 96 97.4 96.9 96 94.4 94.3 98.2 101.7 104.8 108.1 111.3 112.7 114.1 115.5 117 118.5 120 120.8 122.2 122.9 123.5 124.1 122.6 121.6 121.9 122 121.8 120.5 118.5 115.5 110.6 99.9 89.7 82.6 76 66.8 73.2 81.8 92.1 98.8 104.3 108.5 111.5 113.2 113.5 113.6 112.1
81.3 84.9 84.9 81.7 73.7 65.4 52.5 40.9 40.1 48.1 60 73.4 81.7 88 91.8 94.2 96.4 97.6 98 98 97.8 96.5 95.3 94.9 94.7 95.2 94.7 90.8 86.2 80.7 74.6 67.1 66 67.4 71.5 73.2 74.4 78.4 85.1 88.8 90.7 91.6 94.3 96.2 96.5 94.5 92.5 91.7 95.2 98.6 101.9 105 107.7 110.1 111.3 112.6 113.8 115.2 116.6 118.1 119.3 119.9 120.4 121 121.7 122.8 124 124.5 125 125.2 125.5 123.7 120 116 105.1 91.7 83.3 73.8 65.7 74 83.8 92.8 99.3 104.8 108.4 111.1 111.5 109.6 109.3 109.3
79.6 86.4 90.1 87.3 81 73.5 62.4 48.5 38.9 41.4 53.5 69.1 78.9 85.2 89.7 92.8 94.9 95.9 95.8 95.7 94.7 93 92 91.6 92 91.9 90.9 89.9 85.5 80.1 71.3 63.7 68.6 71.8 75.7 80.9 81.7 86.4 89.6 92.4 94.9 95.7 96.5 97 95.9 92.3 90.2 92.5 95.8 99.1 102.2 104.1 106.8 108.8 110 111.3 112.5 113.8 115 116.3 116.9 117.2 117.9 118.5 119.4 120.8 122.2 123.3 123.8 124.3 124.1 122 120 115 106.1 94.4 81.3 71.2 67.7 76.1 85.5 93 99.1 104.5 108.4 110.1 108.5 105.7 104.9 104.8
77.3 86.9 92.9 90.5 87.2 81.6 71.8 58.1 42.9 35.5 43.9 58.6 71.4 80.5 87.3 91.7 94 94.7 94.3 92.8 91.1 89.6 87.7 85.7 84.1 84.4 83.2 82.2 81.7 78.7 68 65.1 71 79 83.3 86 88.6 91.1 93.7 97.1 99.1 99.7 99.7 98.3 96.4 91.7 87.5 93.2 96.2 99.5 101.7 103.5 105.8 107.5 108.7 110 111.2 112.5 113.4 114.3 114.5 114.7 115.4 116.1 117.4 118.8 120.3 121.4 122.1 122.9 122.1 120.2 116.7 113.1 106.4 95.1 79 66.5 67.7 76.8 86 92.3 98.5 103.9 108.1 108.8 105.4 102.1 100.6 100.3
76.3 85.2 90.6 91.8 88.5 83.3 79 68.1 49.8 37.3 38.3 48.2 63.3 77 86.4 91 93.2 93.6 91.4 89.5 86 82.9 80.9 78.7 76.9 74.1 72.1 71.2 70.3 67.6 59.2 69.2 80.3 84.4 88.5 91 94.1 97.2 100.3 101.6 102.8 102.7 102.4 100.8 97.8 87.4 89.2 93.9 96.6 99.3 101.2 103.1 104.6 106.2 107.4 108.6 109.6 110.5 111.3 112.1 112.5 112.8 113 114 115.4 116.9 117.5 118 118.1 119 118.4 117.8 114.6 111.4 106.3 98.8 81.3 64.3 66.6 76.4 84.7 91.3 97.8 103 105.9 105.3 101.6 98.4 95.3 95.2
74.5 82.1 87.6 88.7 88.7 84.7 78.1 69.5 54.7 39.4 34.4 43 59.2 75.9 85.9 91.4 93.7 93.5 91.9 89.5 84.6 79 74.2 71.7 69.2 66 61.8 60.2 60.3 58.3 64.3 77.1 84 89 93.7 96.6 99.3 101.3 103.3 104.1 104.9 105.2 105.1 103.7 98.5 84.9 91.1 95 97.6 99.4 101.6 102.9 103.8 104.8 105.8 106.6 107.5 108.3 109.2 110 110.5 110.5 110.8 112.1 113 113.6 114.1 114.6 114.6 115 114.6 114.3 113 110.1 106.9 101 88.4 67.1 63.3 71.4 80.4 88.8 94.9 100.3 102.8 101.7 97.2 92.8 89.8 89.1
67.7 74.8 80.9 83.6 82.8 80.2 76.1 68 48.5 36.5 32 41.7 56.7 75.9 86.5 92.6 94.5 93.5 92.1 87.9 82.9 78.6 70.5 64.2 60.9 57.1 53.9 52.7 57.3 62.2 70 80.1 86.5 91.2 95.5 99.9 103.8 105.1 105.8 106.6 107 107.3 107.5 103.9 91 83.2 94.3 98 100.8 100.9 101.4 102.3 102.7 103.3 104.5 105.3 106 106.7 107.4 108.1 108.6 109 109.3 109.6 109.7 110.2 110.7 111.2 111.1 111.1 111 110.5 109.8 109.1 106.8 102.1 95 76.8 62 65.1 72.3 82.6 91.8 97.1 99.4 97.1 91.8 86.5 83.5 85.8
56.4 62.9 69.9 72.4 72.3 69.7 66.5 60.5 42.2 33.8 31.6 43.6 60 76.8 86.9 93.5 94.3 92.8 91 88.3 84 78.5 68.8 58.7 50.7 49.4 54.4 66.7 71.7 75.6 79.5 83.7 87.7 92.4 97.2 101.6 105.3 106.9 107.7 107.9 108.8 109.3 109.2 106.5 95.9 83.8 90.6 97.8 100.3 100.3 101.1 101.4 101.2 100.8 103.8 104.6 105.3 106 106.7 107.7 109 109 109 107.7 107.6 107.7 107.8 106.8 106.4 105.8 104.6 103.7 103.9 104.2 103 101.5 96.9 86.5 70.4 58.7 62.6 70.7 82.1 90 95.2 92.5 87.5 80.1 77.7 82.1
42.8 50 55.4 57.5 57 55.1 52 48 37.6 29.4 35 49.2 65.3 79 87 88.7 88 86.8 86.5 86 85.1 78.4 66.3 52.1 47.7 54.3 66.7 73.6 78.4 81.4 85.1 88 89.5 93.6 97.2 100.8 103.4 104.9 106.4 107.4 107.1 108.1 108.7 105.9 100.4 86.1 85.5 96 97.9 98.2 98.2 99 99.3 98.4 101.3 103.9 104.7 105.4 106.1 107.6 109.2 109.4 108.5 106.8 105.2 104 103.4 102 100.4 99.1 97.6 97.9 98.1 98.3 97.4 95.3 93.7 89.8 80.4 63.6 56.7 60.5 69.9 79.9 86.2 86.9 81.3 72.4 72.6 75.3
32 36.6 39.3 40.4 40.4 40.9 38.3 34.6 28 28.8 42.3 56.3 69.8 76.6 77.7 75.8 74.4 73.4 73.7 75.5 76.4 76.6 64.9 49.1 50.1 61.5 71 78.2 84.3 87.3 90.2 92.2 93.6 95.4 97.4 99.4 99.7 100.9 102.1 103.4 104.7 104.7 104 100.1 90.9 78.6 86.2 95.1 95.2 94.5 94 94.2 95.2 96.3 98.9 101.9 104 104.7 106 107.6 109.1 109.3 108 106.7 105.3 103.5 102.1 100.3 98.3 96 93.5 92.2 93.2 89.4 89.3 88.4 86.8 83.1 78.7 66.2 57.5 55.8 58.3 68.2 74.7 75.2 72.8 65.9 66 67.4
25.6 25.4 27.2 27.6 26.8 28 27.4 27.1 27.4 33.5 42.8 52.7 56.8 60.2 60.5 58.2 56.2 54.5 55.2 57.1 60 60.3 54.3 46 53.5 63.7 72.6 80.2 85 89.2 94.5 96.5 97.8 97.8 97.9 97.6 96.5 96.6 97.9 99.2 100.1 98.3 95.7 90.4 81.1 75.1 86.3 91.2 90.9 90.4 86.2 90.6 92.8 95.5 98.7 100.8 102.6 104.4 105.6 106.8 107.9 108.8 107.9 106.4 105.4 104 102.2 99.5 99.3 97.4 94.8 86.5 87.5 83.2 80.3 78.3 75.8 72.9 65.3 63.9 66.3 59.7 54.8 57.3 64.7 66.8 63.8 58.9 57.9 58.5
19.8 20.2 20.9 20.9 22.1 23.1 23.3 24 24.3 27.6 32.8 36.7 40.2 41.5 40.9 39.6 36.8 33.1 37.1 39.7 40.9 41.7 41.6 47.4 56.7 63.7 72.3 78.4 82 85.6 89.9 92.5 93.1 92.8 91.5 90.9 91.7 92.3 93.7 95 95 92.3 88.1 80.5 72.8 74.6 77.4 80.5 83.5 83.3 84.9 89.8 91.9 95.5 98.8 100 101.3 102.2 103.6 104.8 105.9 106.9 107.5 106.2 105.3 104.7 104.3 103.6 103.3 102.9 102 99.2 94.4 88.9 80.2 73.7 71.8 74 76.4 78.8 79.6 70.8 62 53.6 55.3 57.4 55.5 52.6 50.9 45.7
17.7 18.1 20.2 20.1 21.6 23.7 24.2 25 27.8 26.5 26.8 27.6 29 30.9 30.9 33.9 37.4 40.3 40.6 40.9 41 41.8 41.9 44.8 52 57.2 62.6 65.8 70.2 75.6 80 81.4 80.1 76.6 77.8 79 81.8 83.9 86 86.4 87.1 86.5 78.1 71.4 72.6 75.3 76.9 79.5 80.2 81.2 83.7 87 88.7 91.6 95 98.1 99.2 100.1 101.3 102.8 103.8 105.6 106 106.4 106.6 107.7 108.2 107.9 107.8 107.6 107.1 106.2 102.8 97.5 87.7 86.6 90.2 92.5 93.7 94.1 91.5 86.7 72.9 62 52.6 50.1 48.8 49.3 49.4 48.9
21.4 23 23.8 27.2 30.7 33.2 34.9 36.1 36.6 35.1 33.4 29.9 30.6 32.7 36.6 41.6 45.9 49.2 50.9 52.6 54.4 56.7 53.6 46.8 44.8 47 49.8 51.9 55.2 60.5 64.4 63.7 61.3 57.6 58 62.5 68.1 72.1 74.8 75.7 76.8 75 68.6 73.4 78.8 81.2 83.3 85.7 86.2 86.6 86 85.5 87 90.3 93.7 94.9 97.2 98 99.3 101.3 102.8 104.3 106.3 107.4 108.2 109.5 111.1 112 112.3 112.2 111.9 110.7 108.5 103.2 93.1 94.3 99.7 104.9 105.2 103.6 99.3 95.2 87.4 75.8 64.2 57.5 54.5 56.6 57.6 61.8
22.4 24.7 26.5 32.9 38.3 43.5 48 49.4 49.3 47.9 47.2 45.2 38.4 40 46.4 53.2 57.3 61.3 62.5 63.7 65.1 65.3 64.2 58.7 48.4 49.5 50.4 50.7 51.6 51.3 53.1 56.3 59.6 63.4 65.8 65.8 63.2 62.7 62.3 65.8 65.9 67.6 72.5 78.5 84.6 87.5 89.7 91.1 91.5 91.8 92.8 94.1 95.4 95.9 95.8 98.5 99.1 99.7 102.1 103 104.3 105.7 107.4 109.1 110.6 112.2 113.8 114.9 115.6 116.2 116.5 115.1 112.4 108.7 98.1 101.9 105.6 107.9 108.9 107.4 106.1 102.3 97.3 90.2 83.8 76.5 73.5 73.7 73.6 76.2
25.9 26.3 32.5 38.5 44.9 52.2 58.3 58.5 59.5 60.8 60.2 54.8 42.2 44.6 53.3 62.8 68.8 72.6 74.8 76.6 77.2 79.2 78.3 69.6 52.3 55.7 61 62.2 62.5 62.4 63.7 67.7 72.3 76.2 77.1 77.2 74.8 71.5 69 69.8 70.9 74.9 80.9 86.4 90.2 93.6 95.9 96.3 96.6 97.2 98.3 99.4 100.5 101.5 99.7 102.2 102.7 103.8 104.6 107.3 107.8 109.4 110.9 112.3 113.9 115.4 117 117.1 117.6 118.3 117.8 116.5 114.2 109.2 107.7 109.5 111.4 112.2 113.5 112.3 111 109.6 106 101.4 96 94.8 93.3 90.9 88 85.8
27.8 31.2 36.1 41 47.7 54.9 59.9 64.6 64.9 66.8 67.8 57 44.2 49.8 59.6 70.6 78.5 83.3 87.2 89 89.3 89.8 86.4 71 56.3 62.4 75.7 80.4 81.2 81.5 82.2 84.7 86.8 87.9 88.5 88.7 87.2 85.8 83.4 79.9 78.3 83.9 89.6 93.2 96.1 99.1 99.5 100.4 100.9 101.5 102.6 103.8 105 106.2 106.3 106.4 107.6 108.5 109.3 110.1 111.3 112.7 114.2 115.7 117.1 118.7 119.4 119.5 119.7 119.9 118.6 117.4 115.9 112.2 113.6 115.6 117.2 117.4 117.9 117.2 116.5 115.5 113.4 109.4 106.3 102.1 102 100.8 97.3 90.9
30.1 34.5 38.2 43.4 49 56.5 62.6 67 69.4 71.8 68.6 57.1 45.1 54.4 61.6 73.7 85.2 92.7 98.6 100.6 100.5 98.6 91.4 73.6 60 67.5 83.9 92.1 96.5 97.8 98.6 99.4 99 98.7 99.7 99.9 99.1 98.3 96.7 93.7 88.9 93.5 96.6 98.9 101.2 103.6 104.9 104.6 105.8 105.8 106.6 107.8 109 110.2 111.2 111.3 112.3 113.1 114.1 115.2 116.3 117.4 118.4 119.5 120.5 121.6 121.9 122.2 122.4 121.3 120 118.8 117.8 117.7 118.5 119.2 120.2 121.4 121.5 122.2 122.2 120.8 117.3 114.1 110.6 108.5 106.3 104.2 101 91.5
34 35.8 40 45.2 51.9 59.4 65.5 71.9 74.7 75.3 70.5 61.5 53.3 56.1 63.6 73.6 84.5 95 104 110.3 109.4 104.4 91.1 75.3 64.5 73.7 87.2 96 101.3 103.8 106.3 106.6 106.7 108.2 108.6 108.1 106.6 105.2 103 100.8 99.1 100.1 101.3 103.5 105.9 107.7 108.6 110.3 110.9 110.4 111 111.9 113.1 113.9 114.2 116.1 117.3 118.4 119.4 120.5 121.7 122.8 123.8 124.9 125.3 125.1 125.2 125.2 124.3 123.2 122 120.9 120.3 120.5 121.1 121.7 122.5 122.5 123.3 123.3 122.4 121.2 119.3 116.7 114.4 110.6 107 104.8 101 83.1
38.1 39.9 42.9 47.1 54.7 62.2 69 76.9 80.7 81.3 78.9 71.9 61.3 64.2 69.3 74 84.7 96.6 106 112.1 111.8 106.7 94.6 79.1 70 77 86.3 94.1 101.1 105.8 108.9 110.6 111.6 112.6 113.5 113.1 111.6 109.8 108 105.8 105.2 106 107 108.2 110.1 111 112.1 113.4 113.1 112.7 113.2 113.7 114.8 116.9 118 119.8 121.8 123.2 124.5 125.8 127 128.2 129 129.2 129.5 129 128.2 127.5 126.3 125.1 124.1 123.4 122.5 122.8 123.1 123.3 123.5 123.6 122.9 122.2 121.9 119.9 117.4 114.8 111.6 108.1 103.9 98.9 96.2 81.2
42.1 44.4 46.7 52 59 68 76.2 82.4 86.9 87.4 84.8 78.4 69.5 72.2 76.1 82.6 91.6 101.2 107.9 113.2 111.8 107.9 95.9 84.2 76.6 76.5 82 91.2 98.1 104 109.2 113.5 115.9 117.2 118 118 116.3 114.5 112.7 110.8 111.5 112.2 112.9 113.4 113.6 114.4 115.5 115.5 115.2 114.9 114.9 114.5 115.5 117.6 119 123 125.7 127.8 129 130 131 132.4 133.1 133.4 133.2 131.5 129.2 127.1 125.9 124.2 123.5 122.6 121.8 122.5 123.6 124 124.2 122.9 121.2 120.1 118.2 116.1 114.1 112.1 108.8 104.6 98.1 90.9 87.1 77.3
46.8 49.2 52.7 58.2 67.6 77.3 86.1 91.4 93.8 94.5 92.9 89.1 86.8 85.3 84.6 91.8 99.3 107.4 113 116.5 114.6 109.6 100.9 91.4 86.3 84 86.2 90.4 96.1 102.5 108 113.3 117.7 120 121.1 121.7 120.3 118.8 117 116.1 117.2 117.6 117.9 117.6 117.8 118.1 117.3 117.2 116.5 115.2 114.7 114.5 115.4 116.6 119.7 122.6 125.7 127.9 129.2 130.5 132 133.6 132.8 132 131.3 130.1 127.4 125.1 122.9 122.3 122.3 121.8 121 121.5 122.6 123.8 123.5 121.3 118.8 115.4 112.5 110.4 110.5 108.9 105.8 100 93.6 84.9 77.5 70.9
51.7 55.1 60.5 68.7 80.2 90.3 98 101.9 104.2 105.1 103 99.9 97.5 96 97.5 102.3 109.8 114.8 119.8 122.5 120.4 117.2 109 105.8 98.8 95.9 98 100.7 103 106.2 109.5 114.2 119.4 122.7 124.4 124.5 123.6 122.1 120.6 120 120.4 120.7 121.1 120.5 118.8 117.8 116.8 115.1 113.5 112.1 111.1 111 112.1 113.9 117.2 120.7 124.3 126.4 127.9 129.3 130.5 131.8 130.8 129.6 128.4 125.6 122.9 120.8 118 116.9 117.4 118.4 120.3 120.6 121.7 121.5 121.8 118.6 114.3 110.6 107.3 105.7 105.7 107.3 104.7 98.9 92 85 77.7 66.3
60.4 66.4 74.5 84.8 96.4 106.9 113.9 118.2 120.9 122.7 119.8 118.6 116 115.5 116.6 120.1 123 125.4 127.7 130.5 127.8 124.7 117.7 114.7 112.2 110 110.5 112.2 113.8 115.1 116.8 119.5 123.8 126.4 127.5 127.4 126.6 125.1 123.6 122.7 123.2 123.8 123.2 121.1 118.9 116 113.6 112 110.5 108.4 106.1 105.9 107.2 109.9 113.9 118.1 122 125.2 126.7 127.9 129 129.8 129 127.8 126.3 123.1 118.6 115 112 111.2 111.4 112.8 115.2 116.1 115.4 115.1 113.2 108.1 102.7 98.6 95.7 97.3 100.2 103 104.6 100.5 94.8 87.6 78.6 70.2
73.1 81.7 91.2 102.8 113.9 125 131.1 134.3 136.4 138.1 139.1 139.7 139.6 138.1 138.4 136 136.8 137.1 137.9 138 135.9 132.1 126.5 124.2 121 118.6 118.2 119 120.7 122.7 123.2 125.9 128.1 129.7 130.2 130.5 129.5 128 126.7 125.5 125.7 126 123.6 120.1 116.6 112.8 109.4 107.3 104.2 101.5 99.8 99.3 100.7 105 109.3 114.3 118.4 121.8 125.1 126.4 127.6 127.8 127.2 126 124.1 121.7 117.6 112.6 106.7 104 104 106 107.2 108.1 105.4 101.4 94.7 88.9 84.1 81.3 79.2 85 90.9 96.9 100.9 103.2 98.3 91.2 82.4 72.5
91.5 100.2 109.6 119.4 129.1 138.1 145.1 149.3 151 151.4 151.8 151.8 151.6 150.9 149.6 148.3 146.7 145 143.9 143.5 140.8 137.1 132.7 129.8 127 124.2 123.2 123.9 125.3 127.1 129.5 131.5 132.6 133.5 133.1 132.6 132.4 131 129.8 128.6 128.4 125.1 121.1 117 112.7 108.5 104.8 99.1 94.3 88.6 85.9 86.8 90.1 94.7 100.4 107.3 113.8 117.2 122 124.3 125.7 126.4 126.3 125.2 123.3 121 117.6 112.6 105.7 100.1 96.8 96.7 96.8 95.9 90.1 81.8 75.9 71.4 67 65 65.3 67.7 72.7 82.7 91.9 97.7 98 91.4 82.7 75.3
109.3 116.4 123.1 129.6 136.1 142.5 148.5 152.5 154.4 155.4 155.6 155.9 156.4 155.6 154.1 151.9 149.4 146.7 143.5 140.2 137 134.7 132.5 129.7 127.2 124.6 123.3 124.5 126.9 129.5 131.6 133 133.7 133.5 131.5 129.4 127.8 126.7 126 125.4 124.1 121.1 115.8 111.3 107.5 103.7 99.5 93.8 87.7 82.6 77.5 78.1 81.9 87.3 93.8 100.4 107.1 112.6 118.1 122.1 123.8 125.6 126.2 127.3 125.9 124.1 120.5 116.9 110 102.8 95.1 89.4 86.5 84.2 77 72.2 68.4 65.5 65.2 61.9 56.7 53 58.7 66 77.9 89.5 93.5 90.7 83.1 74.8
115.8 122.6 127.8 131.8 139 142.7 147.4 149.6 151.4 152.3 153 153.2 154.2 153.4 152.1 150.3 146.9 143.1 139.3 136.3 133.1 130.6 127.7 124.1 120.9 118.1 116.4 121.3 125.1 127.2 129.7 130.9 130.5 129.4 126.1 123.4 122.1 120.8 119.9 118 115 111.1 106.6 101.1 93.4 90 88.1 87 83.2 77.1 71.7 69.4 74.9 81.3 88.2 94.2 100.9 107.7 114.1 118.9 123.2 125.7 126.6 128.1 129 127.2 123.7 120.2 114.6 107.5 99.9 92.6 86.2 81.8 79.6 79.5 80 81.8 78.4 73.9 65.9 57.4 50.1 56 67.2 82.5 92 89.8 82.7 73.6
120.9 125.9 130.4 134.4 139.3 142.4 145.3 146.8 148.2 149.2 150.1 150.9 151.3 150.5 148.9 146 142.5 139 135.2 132.1 128.5 125.7 122.4 118.4 114.5 108.6 103.2 112.3 120.8 124.1 126.6 127.8 127.3 124 120.7 117.4 114.4 112.1 109.4 107.2 103 95.2 88.3 82.3 77.7 76.3 75.2 74.6 72.8 69.4 63.8 63.2 69.5 75.5 82.3 87.6 96 104.7 113.1 118.1 122.8 125.7 127.2 128.9 130.1 130.1 126.8 123.5 118.8 112.2 105 98.5 92.8 89 87.1 87.2 88.7 90.8 90.6 85.7 76.8 64.8 53.8 50 59.4 75 90.9 91.5 84.7 73.9
122.9 128.1 131.7 135.9 138 141.8 142.4 144 144.6 145.1 145.6 147.2 147.3 146.2 144.4 141.7 138.2 134.5 130.7 126.4 122.3 119.9 116.6 112.5 108.5 94.7 90.6 103.8 117.5 120.4 122.9 124.3 123.3 120.7 117.2 111.9 106.7 101.2 98.6 94.2 85.3 77.8 71.8 67.2 65.3 63.2 61.4 59.1 57.7 57.9 56.4 57.6 64.1 73.4 83.5 91.4 99.6 107.1 113 117.8 121.3 124.4 127.2 129.4 130.8 131.2 128.3 125.8 122 115.5 110.7 104.8 99.9 97.3 95.3 95.2 96.1 96 95.4 92.2 86.1 72.5 53.9 46.7 56.7 71 86.1 94.6 87.8 77.3
125 129.2 132 133.3 135 138.1 138.9 138.7 139.2 139.7 140.2 142.2 142.6 141.6 139.6 137.2 133.9 129.9 124.5 120 115.1 112 109.7 106 99.9 84.2 82.3 97.8 113.4 116.6 119.1 120.6 119.3 117 112 106.1 97.9 91 84.9 78.4 68.8 62.4 59.2 56.4 54.8 53.6 51.8 51.5 50.1 50.6 52.1 54.2 63.5 72.3 80.4 88.2 96.7 104.5 109.8 114.8 119.1 122.9 126.4 128.9 131.2 131.7 129.8 127.9 125.1 120 115.7 111.7 107.7 105.2 103.5 103.4 103.3 102.2 100 96.1 91.5 76 54.9 43.5 53.5 67.7 83.2 94.2 87.8 75.4
127.1 128.8 130.7 131.5 132.4 133.9 133.4 133.3 133.8 134.4 135 137.1 137.3 137 134.7 132.4 129.3 124.1 116.6 110.3 104.9 102.5 102.2 99 86.9 76 73.8 90.5 106.5 112.5 114.9 114.5 112.2 109.7 103.7 96.4 87.4 80 71.3 62.7 57.1 54.1 52 50.7 49.4 47.3 46 44.9 46 46.9 49.4 53 58.6 67.2 74.5 82.9 90.6 97.9 104 109.2 115.2 120.3 124.8 128.3 131.1 132.7 132.5 130.7 129.2 126.1 122.4 118.9 116.3 114 112 111.2 110.1 108.3 103.2 97.5 91.5 79.5 58.5 44.8 48.5 62 76 90.7 81.7 64.8
126.6 127.9 129.2 129.8 130.5 128.6 127.9 127.9 128.4 129 130 131.8 132 131.9 129.8 127.5 124.6 119.4 111 98 92 94.3 94.6 90.9 77.9 64 63.9 79.8 98.9 102.8 103.6 102.4 99.8 95.9 89.9 83.3 76.1 68.8 61.4 55.4 51 48.3 46.7 45.7 44.6 42.8 42.1 41.3 41.8 43.7 46.8 49.9 54.1 59.9 67.2 74.8 82 89.5 97.6 103.6 110.2 116.9 122.5 127.5 131.6 134.9 135.6 134.2 133.1 131.1 130 127.8 125.2 122.8 120.8 118.8 116.3 113.9 108.1 100.4 92 79.1 61.1 48.3 41.8 56 69.7 78.7 71 54.6
125.8 126.3 126.9 127.6 126.1 124.1 122.4 120.8 120.6 120.8 123.2 126 126.2 125.5 124.6 122 119.7 114.6 106.3 93.8 81.1 91.9 92.5 85.2 71.6 58 58.8 71.4 89.8 91.9 90.1 88.6 85.7 80.7 75 69.3 63.7 57.5 52 48.4 45.7 43.6 41.8 40.7 39.6 38.6 37.9 38.1 38.8 41.6 44.6 47.8 51 55 61.2 67.2 74.5 80.9 89.7 98.1 106.8 113.9 120.4 126.2 130.2 133.5 134.4 133.9 133.2 133 133.9 133.2 131.7 129.8 127.4 124.8 122 117.6 111.5 102.9 95.8 82.8 66.7 49.7 37.8 50 63.8 72.1 62.9 44.8
117.4 120.4 121.9 121.5 120.6 117.2 114.1 111.1 111.1 113.1 116.8 119.5 120.1 118.5 116.6 114.5 113 108.8 99.9 83.9 74.9 87.2 86.7 79.3 67.1 51.6 53.1 70.1 82.1 81.5 79 76.3 71 65.8 61.1 56 50.4 47.1 44.3 42.9 40.5 39.4 38.3 35.8 34.8 35.4 35 35.7 36.9 40 43 46.1 49.2 52.6 57.3 60.1 66.2 75.2 84.4 95.4 105 112.7 119.1 124.3 127.7 130.7 131.7 131.6 131.4 131.1 130.7 130 128.4 126.1 122.7 119.8 116 110.8 104.2 96.7 88.4 79.4 65.5 49.3 35.9 45.7 55.1 58.4 49.9 35
104.2 110.1 114.3 113.5 111.9 107.8 101.9 98.6 99.7 106.2 110.4 113.6 114.8 111.5 108.2 104.4 100.9 98.1 91.2 77.5 69.3 78.9 77.2 70.4 61.2 46.9 50.7 67.9 73.9 71.7 67.2 61.6 56.2 50.9 46.3 43.7 41 39.7 38.4 37.1 36.5 35.2 34.1 31.7 32 32.3 32.9 34 35.2 38.2 41.3 44.4 46.7 49.7 55.1 56.9 65.2 74.7 85.8 96.7 105.9 112.5 118.4 123.5 127.6 130.4 130.6 130.3 129.4 128.2 127.6 126.2 123.9 121.6 118.5 114.7 109.4 103.5 96.9 89.9 81.7 72.4 57.7 43.3 31.1 40.1 42.4 42.3 32.3 32.7
