data/240000-940000.asc
ncols 200
nrows 200
xllcorner 240000
yllcorner 940000
cellsize 50
[rows 70 to 104 of 200, columns 0 to 78 of 200]
251.4 250.4 245.4 242.5 242.6 242.2 240.2 240.1 240.2 238.5 233.4 229.8 239 242.1 246.8 251.3 256.8 260.8 263.4 267.3 272.4 277.9 285.1 292.5 298.4 304.5 310.1 311.8 314.4 317 318.9 330.2 343 352.2 358.5 364.1 364.5 365.1 363.2 360.7 357.1 355.7 353.8 345.8 337.1 331 320.4 309 294.3 278.3 264.4 258.5 258 258 258.2 258.4 266.1 278 282.9 296.9 309 319.6 328.8 344.7 356 363.9 372.8 390 398.1 406.6 424 444.3 445.1 441.9 440.7 435.9 430.6 431 426.6
246.8 242.7 241.3 240 240.8 240.2 239.2 237 236.3 234 230.5 229.8 235.1 239.2 245.5 251.1 255.2 258.6 259.9 265.5 270.6 276.4 279.8 291.1 299.7 302.8 309.4 311.6 314.5 317.7 323.2 329.2 335.5 342.6 350.1 353.7 347.7 352.4 355.8 353.4 349.5 345.8 343.4 333.6 324.3 319.1 309.1 295.6 282.6 264.7 256.6 252.3 258 258 258.3 261.6 270.6 283.8 291.3 303.8 320.5 332.6 347.5 358.7 371.6 382.2 393.8 406.8 416.2 424.1 439.8 454.4 450 445.1 439.5 436.9 429.8 429.5 423.2
239.1 240.9 239.6 237.7 240.9 239.2 235 231.9 233 232.3 228.5 229.3 235.1 240.9 244.2 249.2 252.7 256.3 260.1 265.2 271.6 278.4 286.1 295.7 303.5 306.6 310.6 313.3 316.2 318.9 324.2 328.9 332.1 338.3 342.5 344.1 337.6 337.9 345.8 345.8 343.3 338.5 331.5 323.5 312.6 307.3 297.8 284.9 271.9 257.1 253.4 250.8 254.4 258.4 261.2 269.2 279.1 286.7 300 311.3 326.3 351.3 364.5 374.9 386.9 403.9 420.9 432.7 437.7 441.5 451.8 461.2 449.6 442.2 439 436.2 429.1 428 417.6
234.2 240.7 237.8 228.9 234 235.3 230.5 230.6 230.6 230.8 219.8 231.2 235.5 239.7 243 248.8 251.9 255.5 258.6 264 271.1 277.7 287.1 297.2 303.4 308.2 312.1 314.9 318.1 323 328.5 332.6 335.7 339.3 340.7 341.1 333.1 329 329.2 334 331.2 324.3 317.3 313.7 304.7 298 287.8 274.1 261.9 253.2 250.5 249.6 254.6 261.5 266 272.8 283.6 294.5 306.5 320.4 335.8 361.3 376.9 389.1 402.4 416.9 436.5 454.4 457 455.6 459.5 459.7 449.5 440.2 440.2 428.1 423.6 419.7 408.9
231.3 234.3 231.2 228.9 230.5 231.8 229.6 230.9 230.8 223.8 223.5 230.3 234.4 238.9 244.2 248.6 251.6 255 257.9 264 271.9 278 285 293.9 302 307.5 312.8 316.5 321.2 329.3 332 336 338.5 339 339.7 340.7 334.8 328.7 326.5 323.8 319.3 312.9 306.1 300.4 297.4 290.3 278.2 265.6 255.5 250.5 249.9 249.8 256.4 263.5 270.7 278.2 289.9 301.9 317.3 336.1 351.4 371.9 391.3 405.6 416.3 427.1 444.7 461 464.2 462 460.8 447.3 442 433.7 430.5 423.5 418 409.8 397.9
228.1 230 228.9 224.8 230.5 229.1 228.2 228.9 227.1 219.9 223.5 229.2 235.2 241 244.7 249.7 251.7 255.2 259.5 265 272.1 277.8 284 291.2 299.6 308.1 314.4 319.3 324.5 330.1 334.6 339.3 339 339.5 339.2 339.5 335.5 328.9 324.1 318.7 313 304.3 296.9 290.5 290.4 282.5 271 259.5 251.9 248.9 250 253.8 258.1 266.1 275.1 283.6 298.3 311.1 332.2 356.2 373.1 384.1 404.4 410.5 415.4 426.6 440.8 455.2 456.4 451.2 442.8 436.9 429.3 420.9 418.4 415 407.2 398.2 388.2
220.2 224.1 221.6 219.7 224.2 225.1 222.6 223.4 222.8 212.5 219.7 231.9 237.1 240.9 241.4 249.1 252.7 255.4 259.9 266 272.1 277.1 283.8 291.7 301.8 310.4 319 323.3 327.7 329.9 335.7 339.2 339.3 339.8 339.1 341 335.9 327.9 322.1 316.6 310.3 295.8 288 283.1 276.5 272.1 264.9 254.7 249 250.3 251.6 257.9 263.1 270 281.7 292.2 309.1 327.8 357.1 372.8 387.9 395.5 401.2 407.1 411.2 417.3 429 434.8 439.8 437.1 431.6 431.4 416.5 412.6 408.3 406.2 398.9 387.3 378.7
210 214.5 215.6 221.1 221.2 220.9 220.1 221.2 221.6 212.5 226.8 230.6 235.1 239 239.5 247.2 251.4 253 258.6 265 270.7 275.6 282.6 293 303.4 312.3 320.9 325.1 329.2 331.4 337.1 339 339.4 338.9 338.9 341.3 333 326.4 321.9 313.1 301 288.7 282.2 270.7 265.6 263.2 257.7 249.1 248.8 254.8 259.3 264 269.2 277.9 288.8 306.1 325.1 352.3 370.7 386.6 394.4 394.9 395.2 400.9 404.7 409.1 414.3 416.6 422.1 423.3 420.9 421.8 408.8 406.1 403.9 395 388.8 378 369.5
201.5 207.2 211 216.6 218.7 219.1 219.9 220.7 218.5 209 226.3 228.9 233.5 238.1 240.3 246.9 251 249.8 255.9 263 270.3 275.5 282.6 293.3 304 314.2 321.2 326.5 330.1 333.3 338.1 339.5 338.2 335.5 334 334.8 328.3 324.2 320.7 308.5 292.5 279.7 277.9 269.6 261.6 252.9 250.7 248.8 253.2 259.8 265.5 270.9 275.6 289.3 301.1 323.7 349.2 372.4 382.8 391.5 392.4 389.5 387.4 392 398.6 403.1 404.6 404.6 409.6 411.7 410.3 405.5 401.4 401 397.4 387.3 379.2 367.9 362.7
198 205 209.4 209.6 211 211.7 218.4 221.2 209.6 217.2 222.7 228.8 233.1 236.7 240.2 244.9 248.9 249.8 255.9 262.6 269.1 275 281.6 291.7 303.7 313.5 321.8 327.1 330.8 335.5 337.8 336.3 336.5 331.2 329.1 327.5 322.6 320.9 313.8 304.7 287.4 276.4 268.1 263.8 256.4 249.3 248.4 251.9 260.4 264.8 270.4 276.8 288.1 302.3 317.9 350 367.5 378 386.6 391.5 389.3 380 378.3 381.4 390.6 397.7 400.8 401.3 401.1 401.8 402.2 398.1 400.6 395.9 391.8 380.4 368.7 358.6 351.2
196.1 200 205.8 208.3 210.1 209.2 209.9 211.4 209.8 211 219.5 225.2 231.5 234.8 239.1 242.9 245.3 249.9 256.7 262.5 267.6 274.4 282.6 290.8 300.3 313 322.4 327 331.3 333 332.6 332.6 334 331.6 328.2 322.7 317.8 314.1 304.5 297 284.4 271.4 260.4 256.8 251.4 242.7 245.4 255.3 264.3 271 278.4 286.6 297.5 316.3 337.2 362 370.5 380.1 382.4 380.8 377.5 371.3 367.9 372.8 385.1 393.4 397.8 396.5 394.8 395.5 395.9 392.8 391.2 388.5 385.1 378.1 364.4 348.4 340.4
197.9 198.1 200 200.9 209.2 209.2 209.4 209.2 209 210.5 219.2 222.8 230.1 232.2 236.5 240.6 243.9 249.1 254.6 259.9 266.9 275 282.3 289.2 296.7 310.8 321.5 327.1 331.2 332.8 333.3 332.6 331.7 329.5 321.3 319.4 314.6 308.3 299.1 286.7 274.7 263.6 256.4 249.7 246.2 240.1 242.6 255.2 269.2 278.3 286.3 300.6 314.3 333.5 354.7 363.2 365.9 371.5 373 368.6 364.9 361.5 359 368.2 380.2 389.4 392 391.6 389.5 390.7 392.1 390.1 384.8 381.7 376.6 372.3 360.4 342.7 333.3
197.8 197.9 198.7 199.7 204.1 209.6 210.1 209.9 207.2 202.6 218.3 221.4 221 227 229.5 235.6 242.6 246.7 251.2 258.2 265.9 274.4 283 289.3 297.5 309.6 317.9 326.8 331.3 331.3 331.7 331.7 331.1 324.1 318.4 315.3 311.3 305.5 294.9 284.7 272.6 257.3 250.9 250.9 241.2 238.7 247.5 261.7 274.8 284.8 296.7 311.5 328.4 348.4 356.6 360 358.9 362.1 359.6 356.9 355.2 352.9 351.1 363.7 376.2 385.9 389.2 389.7 388.7 388.8 389.8 384 379.4 373 367.4 361.9 355.4 340.1 325.7
197.8 197.8 198 198.5 200.6 204.7 208.1 210.4 207.5 200.2 202.4 220.8 219.1 221.8 228.1 233.1 239 243 248.2 255.1 264.1 275.5 283.7 290.6 299.1 307.8 316.9 325.5 330.7 330.9 331 329.4 329.2 325.9 319.1 315 308.5 298.7 287.2 276.2 264.9 255.1 249.4 241.6 238.6 238.8 249.6 265 281.3 293.4 304.4 319.2 335.3 347.9 352 350.3 350.3 351.4 349.9 347.4 346.1 346 345.7 357.9 373.9 380.6 381.9 384.4 383.5 385.8 385.7 378.7 375.5 371 360.7 353.5 348.1 335.4 321.5
199.2 198 197.8 197.8 198.3 197.7 199.9 205.6 204.4 199.8 200.3 209.1 218.9 221.3 226.5 230.1 235 239.5 246.6 254 262.8 273.6 282.5 290.8 300.1 307.7 316.5 320.9 325 328.7 328.9 328.9 329.3 329.3 324.9 314.6 305.2 294.2 283.4 272.1 260.2 252.2 248.1 240 238.2 238.3 249.2 267.5 284.1 294.1 306.1 322.9 336.1 343.9 346 345.3 343.6 342.7 339.6 338 338.6 337.4 340.1 355.9 369.5 372.9 380.9 381.1 379.6 385.4 384.5 375.3 370.6 364.4 356.3 345 337.2 326.6 321.3
199.8 198.4 197.9 197.8 195 194.4 196.2 198 200.3 200.2 198.7 200.9 212.7 219.2 222.8 225.7 231.6 236 243.8 251.7 261.7 272 280.7 291.6 301.3 306.4 313.4 317.4 319.8 324.3 328.8 328.8 330.9 329 328.7 317.2 305.1 289.2 277.6 267.2 259.2 251.5 245.2 238.9 238.7 239.8 257.1 279.3 286.7 293.6 304.5 320 331.7 336.5 338.3 337.8 335.4 329.8 331.5 331.9 332.2 329.8 340.1 351.3 359.9 372.2 381.1 380.7 379.9 381 378.8 368.7 362.6 354.3 346.4 338.3 327.2 318.4 314.8
199.2 198.7 198.8 197.8 191.6 190.3 190.4 190.5 199 200.1 199.1 200.9 206.7 213 219.4 222.4 225.7 234 241.9 249.5 260.1 271.2 282.6 291.7 300.2 305.5 309.8 313.1 316.7 319.6 323.8 328.8 332.8 331.7 330.2 318 301.5 284.1 275.6 263.3 254.2 251.7 246.4 240.9 238.9 245.1 263.2 278.3 289.4 294.7 302.5 313.6 323.1 328.3 329.7 327.7 324.9 323.2 324.6 326.2 325.3 329.8 336 347.3 360.4 373.8 377 377.8 378 380.4 373.8 363.4 354.1 347 337.3 329.2 319.6 312.9 311.3
198.8 198.7 199.1 197.5 191.4 189 189.2 191.3 197.4 196.3 192.8 198.1 203.6 207.8 214.9 218.4 223.3 230.7 238.5 247 257.4 269.4 281.2 289.5 297.8 303.4 308.5 310.7 313.5 317.4 319.5 327.2 332.7 330.1 322.9 313.3 298.1 281 270.7 260 250.9 247.9 240.3 238.9 238.6 246.2 257.7 274.1 285.2 291.6 301.7 311.6 316.2 319 319.7 316.7 313.5 315 318.3 319.5 319.5 327.8 335.2 346.9 360.6 370.5 373.5 375.4 374.9 374.5 368.1 358.6 352.2 342.2 333.3 322.8 311.7 309.1 305.5
200.7 199 199.2 194.4 190.4 189 189 191 191.4 191.4 191 195.5 200.2 203.5 209.3 211.4 221.3 226.4 235.2 244.6 255.2 266.6 279.4 288.1 294.8 302.1 310.1 310.7 311.8 315.7 320.3 327.2 330.2 325 317.8 305.9 293.2 282.6 272.8 260.5 252.1 244.3 237 237.1 237.1 244.5 255.7 267.6 277.5 285 295.7 304 308.1 310.1 308.7 302.1 306.7 306.9 310.4 310.4 320 324.8 330.6 345.1 360.1 366.9 371.1 372.2 371.9 370.8 366 357.9 351 338 328.9 318.5 312.9 307.2 301.6
209.5 200.3 199.1 197 191 189 189.5 191 189.3 189.2 190.6 195.1 199.5 200 204.2 207.1 214.4 223.2 234.1 242.3 255.4 265.1 276.2 284.7 292 299 307 309.6 310.2 315.5 320.9 329 329.6 319.2 314.1 302.2 287.9 277.8 273.2 261.2 247.2 236.9 230.3 230.6 233.9 241.9 252.4 259.9 267.7 277.2 289.9 295.1 298.6 300.2 295.3 298.4 298.8 299 300.9 311.6 318.3 324.6 332.5 341 356.6 364.6 368.6 369.5 370.3 370.1 364.4 355.9 345.8 335.5 324.6 315.7 311.5 306 299.8
213.1 205.6 201.6 199 191.9 189.8 190 190.2 188.9 188.6 189.9 194.6 200.4 198 199.3 201.4 205.9 217.1 230.7 242.8 252.9 263.3 272.5 281.7 290.8 297.8 304.5 307.1 310.1 315.3 320.5 328.3 328.6 317.2 310.2 299.6 287.6 274.6 267.6 256.6 243.5 233.6 229.4 231 233.5 236.2 242.4 249.7 260.4 271.8 279.5 283.4 286 287.5 283.7 288.5 285.9 294.8 301.1 310.1 315.1 321.6 328.8 342.9 354.4 360.7 365.2 367 368.6 366.9 362.2 355.1 345.2 336.6 326 313.2 311.2 306.1 296.3
240.3 217.4 204.2 198.8 199.7 189.7 188.9 188.8 187.1 187.5 190 191.8 197.8 191.9 195.9 199.7 199.3 210.5 223.8 239 248.6 260 270.4 279.5 286.8 294.9 301.8 305.5 309.4 313.8 318.2 319.8 319.1 313.6 306.1 298.3 288.9 275.9 266.9 260.7 248.3 240.3 230.5 230 231.7 234 238 248.8 254.4 260.5 266.1 272 275.1 275.5 273.3 276.6 291.1 293.6 301.2 309.8 313.9 319.3 324.7 339.7 349.3 356.7 361.8 363.7 365.1 363.6 358.5 350.9 339 328.1 319.8 312.4 310.6 304.4 293.4
247.9 231.8 215.5 202.8 199 189 188.9 187.1 185 186.2 189.4 191 190.2 189.9 196.6 199.7 199.1 210.4 215.6 234.2 244.9 254.7 267.2 277.6 284 290.7 299.3 301.3 307.4 312.2 316.8 318.5 315.9 311.6 302.8 296 289.5 278.5 272.9 267.3 256.6 242.1 233.5 229.4 230 230.9 232.4 241.3 250 255.1 257.4 264.4 268.3 271.4 267 279 288 293.8 303.4 310 317.1 322.4 326.3 334.2 347 356.2 360 360.3 361.4 361.2 357.1 349 336.9 326 313.7 308.7 304.7 299.8 289.8
248.8 233.7 217.9 208.1 202.9 191.9 190.9 190.1 186.1 187 189.2 189.5 189.2 191.2 196.4 201.1 199.5 209 215.7 230.8 238.5 249.6 262.5 273.3 281.4 287.3 294.4 298.3 304.9 311.2 315.5 316.4 314.9 311.2 304.1 298.1 292.4 284.4 277.1 268.3 255.2 244.9 238.9 230 228.9 227.5 225.8 229.6 237.5 243.7 249.8 257.9 259.7 255.4 263.5 278.3 290.2 296.9 302.9 310.5 319.5 324.1 327.1 335.7 347.2 352.6 356.6 359.2 360 359.3 355.5 346.1 331.8 322.8 307.7 303.7 301.3 299 290.2
244.5 233.1 218.7 211.6 204.6 197.9 199.4 193.1 188.4 188.4 188.8 189.1 190.3 189.7 193.7 198.9 199.4 208.7 216.2 226.7 235.1 247 258.2 270 277.2 282.4 288.6 295.5 304.4 311 313.3 315 314 311.3 306.3 302.8 297.4 289 283.1 275.4 259.1 250.3 242.2 230.2 225.2 220.5 219.9 225 230.8 234.8 242.7 250.3 247.7 262.2 276 282.6 289.9 297.1 305.2 314.2 320.9 323.9 327.7 334.7 346.2 349.3 355.3 359.1 359.2 357.9 353.1 341.3 327.8 318.4 305.7 302.5 299.3 296.9 291.2
239.4 230 220.9 213.2 208.8 201.9 199.7 190.9 190.2 188.2 188.4 188.4 188.2 189.1 189.5 196 205.4 211.5 218.7 228 234.6 242.8 253.6 265.3 272.6 278.1 285.6 294.4 303 309.5 313.2 313.5 313.2 309.9 309.4 306.7 301.8 294.4 287.8 275.8 262.8 253.1 242 230.7 228.1 229.4 221.8 219.2 224.8 227.3 231.5 239.8 251.1 267.9 281 288.7 295.7 301.1 303.5 311 318.5 322.9 328.7 334 339 346.1 353.8 359.1 359.6 357.6 351.4 338.5 325 312.9 306.6 300.7 297.4 293.2 290.1
232.4 224.8 218.6 211.6 209.4 204.4 201.1 198.3 188.9 188.5 188.8 188.5 185.3 187.1 188.9 191.2 200.4 209.2 220.3 226.3 230.6 238.7 246.9 255 263.1 273.6 283.5 292.9 299.2 306 311.3 313.3 313 311.8 310.3 310.3 305.7 296.5 287.7 272.5 262.3 254.2 241.7 230.3 228.9 230.6 226.4 219.8 218.4 224.7 235 244.9 255.1 267.2 277.9 288.4 296.4 302.3 308.3 312.6 320.2 324.9 330.7 336.1 342.5 348.9 355.2 359.1 360.2 356.5 349.4 336.8 321.6 310.6 308.9 298.9 300.2 294.8 289.3
222.4 220.2 216.3 211.9 210.1 205.2 201 200 190.5 189.1 188.9 181.8 182.1 185 188.6 189.1 195.4 200.3 211.3 220.9 226.4 236.3 242.3 246.7 254.8 270 277.1 288.3 294.4 302.3 310.1 311.8 313.3 316.8 318 320 312.3 296.8 285.2 274.2 264.2 256.5 242.4 231.6 227.4 223.4 219 212.3 212.6 226 236.7 245.2 256.9 271.2 280.1 288.2 295.6 302.1 309.5 315.9 321.6 327.1 333.3 339.5 346.8 352.9 358.4 361 359.3 355.1 348.2 334 320 310.1 300.8 299 301.1 298.9 294.1
221.3 213.9 211.7 210.8 206.5 203.7 199.3 194.6 190.8 191 187 180.3 182.1 184.5 188.4 191.5 197.5 202.9 210.5 217.6 224.3 231.2 236.1 240.9 247.4 257.5 268.5 280.2 289.2 298 307.4 310.6 313 318.9 323 320.6 311.6 298.7 282.5 269.8 264.9 259.4 244.2 228.7 220.5 213.4 208.7 209.6 211.7 224.9 235.6 246.7 259.2 274.2 284.8 290.6 296.3 303.1 311.1 318.5 324.5 330.3 337.2 343.4 348.8 354.4 359.5 360.4 358.6 354.7 345.4 331.9 321.5 304.8 299.1 300.7 301 300.8 298.7
226.5 215.8 210.6 209.8 200.3 198.9 197.5 194.1 191.3 191.1 188.5 180.1 180.5 186.9 190.3 192.2 196.1 201 207.2 213 219.5 224 231.6 235.9 239.4 245.3 253.1 268.9 282.4 291.8 299 304.1 309.6 317.6 326.3 316.9 305 293.5 277.8 268.6 261.5 256.7 244.6 223.4 213.9 208.4 208.3 211.1 214.3 222.3 234.9 248.8 262.7 279.7 291.6 293.6 298.3 306.8 313.6 320.8 327.3 333.2 338.8 345.1 351.7 357.9 360.6 362.2 356.1 351.2 341.3 327 314.4 302 301.1 300.2 301.1 301.3 297.6
240.1 224.3 210.8 201.7 199.7 195.2 190.6 193.3 192.1 191.1 191.1 180.6 181.5 188 189.8 192.5 194.5 197.3 203.1 209.6 220 219.9 226.5 233.9 240.8 240.5 243.9 255.3 271.4 281.4 290 299.1 306.3 314.5 317.7 311.4 298 285.5 274.3 265.2 257.3 251 243.5 223.9 209.7 208 208.6 210.8 212.2 220 234.9 248.6 268.1 282.7 288.7 292.9 301.5 310.2 317 323.9 330.5 334.6 339.4 345.4 352.4 361.1 359.2 359.6 351.2 341.3 333.1 318 307 299.2 298.8 299.5 300.8 301.1 294.5
238.2 220.1 210.2 204.7 208.5 197.5 191.3 191 189.5 188.9 186.1 179.6 180.8 183.5 189 190.9 190.9 191.6 197.8 201.2 207.1 215 220 228.5 235.7 239.7 240 243.9 256.1 269.3 279.8 291.2 298.8 306.8 308.9 304.1 293.3 282.1 270.1 258.8 249 243.1 236.4 225 212.6 207.4 208.4 208.9 212.2 221.2 235 252.2 270.4 279.2 286 293.6 304.5 312.8 319.9 326.4 333.8 337.8 340.6 345.8 350.5 361.1 359.5 354 343.7 333.5 324.7 315 303.4 298.8 298.8 300.1 299.6 297.5 291.6
230.3 224.4 219.4 213.5 208.3 201.3 189.4 189.1 182.7 181.3 180.8 178.9 178.4 178.9 180.1 189.9 190.8 189.9 191.7 194.8 198 207.2 213.6 219.8 227.5 238.2 236.2 239.1 244.5 252.3 265.3 276.4 285.8 289.9 295 294 286.9 279.5 269.8 258.4 243.8 234.6 226.1 215.3 206.8 203.9 206 209.8 216.7 224.1 235.7 254.2 268.9 279.2 287.4 297.6 307.1 316.6 323 327.9 336.9 339 341.2 346.8 352.7 360.6 358.3 350 338.5 331.9 322.2 311.6 302.5 298.8 298.8 309.6 297.5 291.6 286.5
241.2 232.6 225.8 219.2 210 202.5 195.7 191.6 185 179.3 179.4 178.9 178.6 178.7 178.8 181.7 185.9 184.3 187.4 190.7 193.1 202.6 210.2 214 221.8 229.5 229.5 235.2 241.2 240.6 250.2 261 270.8 279.2 283.6 285.1 283 276.7 268 256.3 240.1 229.7 219.4 209.3 202.6 200.7 204.1 209.2 217 228.5 242.4 257.7 270.8 280.7 291.4 301 311.3 318.9 325.6 330.5 336.3 339.4 340.4 346.3 350.8 356.1 354.5 345.9 335 329.9 323.5 310 299.8 298.8 298.8 298.9 293.5 287.8 280.9
242.2 239.8 234.2 225.1 217.5 206.4 201.4 197 189.6 181.7 179.1 177.5 177.1 179.9 179 179.2 179.5 180.2 183.1 188.1 192.4 198.5 203.9 208 215.5 219.4 222.3 228.2 234.2 239.3 241.8 247.3 257.3 267.9 274.7 275.7 275.1 270.8 263 248.6 236.3 227.2 217.2 203.4 201 199.7 204.7 210.5 218.6 229.2 245.4 262 274.1 284.8 294.8 305.2 313.4 318 324.8 330.9 335.5 340.1 339.8 345.5 350.3 351.3 350.7 343.4 333 325.1 319.3 306.1 299.1 298.8 300.4 295.9 291.2 286.2 278.4
