data/240000-850000.asc
ncols 200
nrows 200
xllcorner 240000
yllcorner 850000
cellsize 50
[rows 0 to 36 of 200, columns 84 to 167 of 200]
109.2 106.2 101.6 101.2 99.3 91 95.9 98.6 103.1 108.9 112 111 111.4 116.1 125.6 128.6 131.9 136.2 142.1 150.7 156.4 164.9 172.3 178.3 180 185.1 188.7 190.8 198 207.8 209 213.2 221 225.2 222.7 219.5 221.4 226.7 236 234 219.8 212.3 206.9 193.8 190.3 184.2 183.7 191.4 189.7 185.2 175.5 179.5 187.2 203.4 216 212.1 208.2 189.6 183.2 178.5 172.4 164.9 161.7 159.5 158.4 157.5 155.9 154 151.7 146 135.6 122 104.3 92 84.5 77.7 75.1 72 64.3 52.7 51.1 49.3 53.2 66.2
101.7 100.9 95.6 94 92.7 89.4 96 101.2 102.1 108.4 118.7 114.4 110.5 116.6 127.6 127.1 129.8 130.6 140.6 153.2 162 171 174.6 178 180.8 184.8 188.5 192.6 202.5 206.9 209.7 212.2 216.1 217.7 216.1 216.7 218.9 221.7 226.8 217.3 207.8 201.9 195.4 188.8 184.6 183.5 183.3 193 190.1 193.3 189.8 188.7 194.1 203.4 205.8 210.9 215.1 206.5 195.9 199.2 203.6 185.5 171 165.6 166 167.8 167.3 163.6 158.8 154.3 150 143.3 133.7 118.3 103.1 94.7 89.5 80.5 75.5 72.7 68 60.5 48.1 48.6
98.8 94.3 89.6 86.1 86.2 94 102.1 112.3 111.8 110.7 109.4 105.8 101.1 109.9 118.1 122.9 121.6 128.1 143.4 156.8 165.6 174.8 174.5 176.4 181.9 186.6 194.5 200.3 203.4 206.8 208.6 210.3 214 215.6 215.3 216.8 218.1 212.5 211.3 203.8 198.7 195.4 190.3 185.7 183.3 182.2 181.9 187.3 192.5 192.9 189.7 192.7 198.5 202.6 206.2 210.9 211 201 200.8 205.4 217.6 223.4 194.3 185.1 175.5 171.9 173.8 173.2 171.8 168.8 166.2 160.5 148.2 135.9 123.2 114.6 107.6 100.5 95.4 85 77.3 72.3 60.6 46
92.7 89.3 83.7 84.6 98 104.1 97.3 97.5 97.8 96.2 94.6 93.4 96.7 105.7 108.2 111.2 121.4 131.2 143.9 157.3 169 169.7 171.3 178.8 185.3 194.2 200.3 201.1 204.2 209.5 214.2 217.2 217.4 215.9 214.7 212.9 207.1 201.4 198.7 195.6 192.8 191.1 190.7 184.1 183.7 181.6 178.8 181.3 191.5 195.2 187.4 190 197.9 201 207.1 207 210.8 201 200.7 201.7 211.7 223.2 209.1 199.9 186.8 176.7 178.9 181.3 182.6 181.6 181.7 181.3 175.6 160.9 142.3 132.4 123.2 113.8 106.4 97.6 86.9 76.1 63.7 52.7
92 89.3 80.8 85.2 91.1 99.1 96 87.8 86.9 89.4 93.5 91.6 98.4 105.9 106 112.3 126.4 135.6 147.6 160.2 164.1 166.4 170.9 179.6 191 198.4 198 199.6 208 215.2 222.8 224.5 221.1 218.4 217.3 214.6 204.1 197.4 192.3 190.1 187.6 186.4 182.8 183.2 185.1 185.1 170.5 175 189.9 194.3 181.2 186.3 194 198.2 213.3 205.5 202.4 199.3 199.3 200.1 206.6 222.8 223 206.3 194.2 184.3 186.3 189 191.6 193.4 194.3 195.9 193.4 185.8 167 150.9 137.3 124.3 113.1 104.5 93.3 82.9 69.6 59.2
91 82.8 80.8 80.4 83.5 88.2 85.7 81.5 82.8 86.3 89 90.4 97.4 101.2 108.9 122.3 132 136.9 152.7 159.5 158.5 166.6 176.2 185.3 192.4 194.7 192.8 199.1 209.4 215.3 221.4 220.3 218.4 220.4 218.5 218.3 211.4 200.6 191.5 186.6 183.4 182 182.3 185.7 186.1 176.4 168.6 177.8 186.6 183.5 178 187.3 201 199.8 199.9 200.4 199.1 198.7 199 200.2 205 212 219.6 211.5 198.8 189.9 193.5 196.3 199.1 201.6 204.5 206.6 207.8 201.8 185.9 167 149.5 135.9 121.9 109.2 99.3 89.1 76 63.4
90.3 85.2 77.9 77.3 77.2 76.8 79 80.2 77.5 79.9 83.5 89.3 96.6 107.9 119.2 129.1 135.9 143.6 151.3 149.4 160.1 173.8 185.8 192.3 192.7 187.1 189.1 196.1 204 210.9 216 217.6 214.2 212.6 215.6 216.2 209.9 201.4 191.4 184.6 182.9 181.9 181.1 181.6 176.4 169.4 166.9 177.1 176.7 175.8 178.3 190.5 203.2 198.6 197.4 196.2 196.1 197.8 198.8 199.9 203.3 206.9 206.8 208.8 195.8 194.2 197.6 200.7 203.8 205.4 207.2 212.1 215.4 203.5 192.2 178.8 161.2 147 132.9 119.2 106.6 95.5 87.5 73.4
84.2 83.7 75.8 88.7 75.9 74.2 73.4 72.1 71.2 71.7 80.6 89 101.1 113.7 125.6 134.4 133.6 141.1 141.2 151 161.8 179.5 191.9 194.1 186.8 180.5 182.9 190.7 198.8 206.3 213.5 214 211 210.9 210.8 211.4 207.6 201.1 190.9 184.1 183 182 182.2 176.7 171 165.6 165.3 173.8 167.5 169.5 179.2 186.9 188.9 192 194.7 193.1 195.8 198.4 198.2 198.6 197.9 198.6 200.4 204.5 196 195.5 198.3 201.6 204.5 208.2 210.5 210.2 208.3 204.2 196.6 184.1 169.7 155.2 141.2 128.7 117.1 102.5 92.2 79.2
77.3 75.6 74.4 76.4 78 75.1 71.9 71.8 70.7 70.7 79.2 93.3 104.8 116.3 127.4 128 129.9 130.8 139.6 151.4 166.5 184.3 184.4 181.7 177.9 176.4 179.4 186.6 194.8 200.1 208.5 210.3 209.8 209.7 208.4 205.7 200.4 197.4 189.8 182.2 184.7 182.3 179.5 172 166.1 163.9 161.9 166.9 162.1 163.4 174.4 182 188.5 195.9 192.8 192.5 192.4 196.6 195.8 195.2 199.6 197.5 197.6 203.8 196.7 198.5 200.9 203.4 205.8 207.4 210.5 212.5 211 206.1 199 190.6 178.5 166.9 150.4 138.7 125.4 110.4 97.5 88.5
77.4 72.5 69.4 69.6 70.7 75.1 70.4 70.5 69.9 70.2 77.3 91.1 103.7 113.9 117 119.6 122.5 127.7 137.5 150.1 164.3 178.2 178.6 174.1 173.1 175.8 184.4 191 199.1 205.4 207.9 211.8 210.7 208.7 205.1 197.2 191.7 191.4 180.8 185 181.9 176.4 174.2 168.2 166.6 160.7 164.5 159.5 160.1 162.2 167.3 179.5 189.3 195.7 193 191.7 191.9 195.1 195.2 195.2 195.2 195.7 198 200.2 203.4 203.4 204.4 207 209.1 213.2 213.3 212.9 210.4 206 201.4 200.9 195.5 188.3 166.6 150.3 133 119.2 108.5 95.6
70.3 67 66.9 66.3 72.5 71.1 69.2 70 69.6 70.5 77.2 89.7 100.6 104.4 110.7 114.1 117.8 124.4 134.3 146 156.9 163.7 166.1 166.8 165.8 174.8 185.3 190.9 201.9 212.9 222.4 223.5 218.2 210.5 200 190.3 189.1 182.9 178.3 178.9 172 171.5 169.3 163.9 161.1 159.6 160.8 158.8 161.3 162.8 173.4 181.4 187 188.9 194.6 191.2 193.1 196.3 195.2 195.2 195.2 195.2 196.3 198.5 202.6 211.2 208.1 211.2 213 212.7 213 213.3 212.1 211.9 211.2 208.7 203.3 183.5 169.6 152.3 135.6 124.9 112.8 98.8
63.8 64.5 65.7 65.4 66.6 68.7 68.6 69.4 72.9 81.3 88.1 99.6 103.9 108.1 107.3 111 117 125.3 132.5 141.4 150.3 154.5 160.1 159.2 158.4 170 182.1 189.7 200.7 211.7 217.6 223.2 215.8 207.6 196.8 189 186.2 179.4 178.8 174 169.5 169.2 166.8 161.4 159 158.9 159.2 162.3 165.8 169.8 181.5 184.9 184 184.2 186.4 190.2 194.1 195.6 199 195.2 196.2 196.3 196.3 199.5 202.4 206.5 212.8 212.1 216.6 215.8 214.1 213.3 211.6 215.7 212.6 206.1 196 180.8 167.5 154.5 139.1 126.1 113.9 99
64.1 64.7 64.8 65.5 67.7 68.5 75.4 73.8 79.4 87.4 97 103 105.4 104.6 107.4 115 125.6 127.8 134 139.4 146.3 150.9 153.3 153.4 157.6 167.4 178.4 185.5 195.1 206.9 212.5 213.4 205.5 195.7 188.6 186.2 186.7 183.1 180 173 169.4 166 159.6 159.1 159.3 158.5 158.4 166.1 172.4 178.9 181.7 183.4 183.9 185.2 190.6 191.2 194.4 196 198.1 200.6 196.9 200.7 203.5 202 207.3 207.4 206.9 214.1 219.3 219.5 212.9 213.6 210.3 212.9 211.7 201.5 197.2 184.9 175 156.7 140.1 126.7 113.6 99.6
65.1 65 64.8 64.9 71.2 76.9 78.6 79.1 84.7 91.1 93.9 97.4 97.9 101.7 108.7 119.5 125.6 126.6 132.4 142.6 144.5 146.3 146.5 149 158 166.5 177.8 183.7 191.4 203 208.7 203.5 197.7 187.4 180.3 180.5 188.7 187.6 182.2 174.6 171.4 167.6 158.1 159.4 160.3 158.1 159.2 166.6 175.1 177.1 186.3 184.3 186.6 194.9 199.4 195.7 198.8 203.8 209.3 212.9 208.5 202.2 204.4 212.9 209.1 207.4 212.1 215.4 214.4 217.6 213.5 211.7 208.2 207.4 206.9 205.1 216.7 198.3 179 155.1 139.1 124.5 111 97.1
64 64.7 63.8 67.6 80.6 84.1 78.6 80.4 85.6 88.4 92.7 93.4 94.6 102.6 113 120.7 121.4 124.9 130.6 143.9 146 143.6 142.8 142.8 153.4 165.2 180.3 185.9 193.5 201 201.2 196.1 188.3 180.8 178 179 185.8 185 180 174.3 169.3 163.3 158.1 163 160.7 159.7 165.6 166.6 173.4 175.7 181.6 187 185.3 191.1 192.2 197.7 201.9 211.1 220.3 222.9 215.7 209.9 207.4 209.6 208.3 208.7 213.7 214.8 213.4 213.3 220.9 216.3 207.7 202.6 200.7 211.5 196.2 176.5 163.2 145.5 130.7 120.8 108.1 94.4
63 62.9 64.6 73.5 75.5 74.4 72.7 82 83.6 87.2 89.2 91.7 98.7 108.3 120.4 123.9 122.8 125.2 131.5 143.6 142.4 140.2 141.5 147.7 152.1 163.5 178 182.8 192.8 195.7 189.6 185.5 181.3 179.5 178.4 180.7 186.7 183.6 176.9 172.1 166.2 160.9 157.4 157.9 164.2 163.5 163 173.2 180.6 180.7 181.3 182.7 185.4 191.6 193.6 195.8 202 208.9 213.5 216.8 213.8 211.1 210.5 207.9 207.8 210.5 211.4 214.1 216.3 212.9 214.2 208.4 198.8 197.2 193.4 190.4 171.8 158.4 147.9 137 122.8 114.2 102.2 90.8
62.9 62.4 63.3 64 64.5 64.6 72.1 74.3 74.9 81 86.7 96.3 106 116.1 126.6 124.5 127.2 131.5 133.2 138.9 137.1 138.8 142 145 152.3 164 170.9 176.9 183.6 184.3 182.3 181.5 180 179.3 178.1 177.4 175.7 174.7 171.5 165 162.3 159.1 158.4 158 162.5 165.4 172.3 177.6 183.9 183 183 183 185.7 193.4 197.3 200 206.4 206.1 206.9 209.3 209.9 210.7 212 214.2 208.4 209.2 209.9 212.6 220 211.3 204.7 199.7 193.6 182.3 181.1 169.5 156.1 143.5 136.8 126.9 115.9 105.8 95.8 83.4
62.2 61.9 62.3 62.4 63.1 64.7 63.7 65.4 75.9 84.8 86.9 101 111.6 119.7 121.9 120.2 126.3 135.3 135.9 136.4 136.8 137.8 139.8 142.9 154.4 162.3 166.2 172.2 176.9 176.4 178.7 179.4 180.3 182.1 180.1 176.6 172.1 170.1 168.6 162 156.1 155.1 157.5 165.2 169.5 174.3 179.4 190.4 190.6 184.1 183.9 185.1 194.2 198.5 197.9 198.7 203.3 212.8 216.6 213.5 208.8 210.9 219.1 227.2 212.1 210 206.1 209.9 211 203.7 196.3 188.6 179 177.4 172 157.8 146 138.8 130.8 121.1 109.3 98.3 88 75.2
61 61 61.7 62.5 62.4 62.8 62.4 62.9 68.1 83 84.8 103.4 112.5 111.9 112.9 121.2 132.3 138.1 139.6 137.8 137.3 139.4 144.3 149.2 159.6 164.7 169.4 170.8 174.6 175.1 175.3 176.1 183.9 189 182.8 178.3 174 168.6 160.6 156.9 154.4 154.9 158.9 165.3 168.9 179.5 187.2 190.7 183.2 184.3 190.7 187.2 195 198.7 196.2 198.8 206.7 215.9 223.2 215.5 212.6 213.1 223.5 224.7 208.2 204.2 203.1 204.7 198.8 192 184.1 172 172 173.7 158.6 148 143 135.7 120.8 108.2 96.5 86 77 64.8
60.2 60.2 60.1 59.8 60.9 60.7 60.5 60.2 63 77 95.6 102.7 105.2 106.8 119.6 133.1 137.8 140.1 142.3 139.4 144.6 149.2 144.6 153.9 160.1 168 172 170.2 175.2 177.7 175.8 176.8 187.3 187.7 182.2 176.2 170 163.4 158.7 157.1 154.4 154.3 159.4 164.5 169.3 178.3 183.3 177.2 181.3 188.2 198.8 197 193.6 195.5 198.2 204.7 212.4 217.1 221.4 219.2 218.9 228 233 225.2 206.7 200.6 198.8 195.3 193.5 192.2 181.5 164 162.6 160.1 152.6 152.3 138.9 121.8 109.1 96.8 85.2 76.8 70.5 61.3
60.7 61.6 60.9 62.4 69.1 69.5 66.1 69.5 58.9 78.1 94 93.6 96.4 110.3 128.2 139.8 140.7 140.6 138.8 138.9 143.3 147.2 144.8 146.2 158.5 164.3 163.9 162.2 168.9 173.2 174.7 182 190.8 187.8 183.5 173.7 165.4 163.4 158.4 157.3 149.8 160.8 170.7 171.3 174.7 178.7 175.2 172 177.5 189.4 197.3 198.2 204.6 203.1 198.3 203.3 215.1 219.8 220.1 222.7 226.3 232.3 234.2 221.1 214.5 208.4 199.3 193.9 186.8 183 162.6 159.5 152.9 149.2 148.4 139.5 124 108.7 97.2 85.7 75.7 68.7 60.8 49.5
68.1 72.2 71.6 70.5 71 74.2 75.5 70 58.7 75.7 86.3 86.7 101.9 117.9 128.1 136.6 141 137.4 139.7 140.5 143.1 143.7 144.3 146.3 155.9 154.7 158 163.8 165.5 169.9 172.1 187.2 192.1 186.6 185.7 173.8 166.4 163.8 161.4 154.8 148.4 166.4 172 180 177.9 173.8 170.8 170.6 172 185.4 197 199 199.4 199.5 198.9 206.9 217.3 219.8 220.5 223.2 227.1 231.3 227.4 218.2 212.6 202 191.4 182.7 175.4 162.8 147.9 145.7 141.9 141.8 136.5 122.2 108 95 85.6 76.6 66.7 57.5 50.5 41.5
77 83.9 83.2 84.1 74.8 73 73.9 67.5 58.6 68.1 73.1 88.8 105.8 119.3 130.2 136 133.8 134.3 140.4 139.7 140.2 143.5 145.9 147.3 148.4 154.7 160.1 161.6 164 165.9 177.9 187.8 192.6 184.4 175.5 169.9 163.6 158.3 157.2 149.3 147.5 159.4 166.3 174.6 172.7 170.9 170.3 170.6 173.4 184.7 192.2 193.9 197.3 198 205.6 208.2 212.3 229.5 231.3 227.1 227.4 230.5 223.3 211.5 199.4 187.9 180.9 172 157.5 149 147.7 140.9 139.8 135.4 125.5 110.5 99.4 87.1 82 77.4 65.9 57.7 48.8 41
84.1 86.5 87.9 92.1 94.2 79.9 79.2 66.1 57.9 66.4 80.3 89.7 105.6 116.2 122 126.4 123.9 129.9 135.3 141.1 148.5 150.7 154.9 148.9 149 158.7 156 157.6 159.5 169.1 178.4 180.5 177.8 173.5 168.5 164.4 159.3 152.3 149 144.6 148.3 155 157.9 167 170.9 169.5 170.8 171.9 182.9 186.3 191.7 193 198.1 206.7 203.2 208.6 222.4 241.9 244.6 238.6 235.9 234.5 223.6 206.1 192.1 179.6 170 157.9 143.8 144 136.5 128.7 125.4 122.4 111 105.5 98.5 88.2 83.2 71.9 63.9 54.8 46.5 40
82.1 87.9 92.5 98.2 101.8 82.7 81.7 66.9 57.9 66.7 78.6 87.2 103.2 112.3 115.4 119.2 119.7 128.3 137.5 147.6 155.1 159.3 153.9 149.1 153.4 159.5 157.6 155.7 162.6 173 173.9 172.4 166.9 161.7 160.8 157.8 151.9 145.8 138.9 137.1 146.6 148.5 154.1 169.6 169.9 168.9 173.4 179.7 182.8 185.5 199.6 205.8 197.5 198 201.6 214.8 220.5 238.7 241.2 241 238.1 233.8 211.2 196 187.2 172.9 161.2 145.7 141 132.2 119.1 108 103.7 103.7 105.3 108.2 101.9 90 86.5 77.4 66.4 58.6 50.8 43.5
90.2 91.4 98.9 105.8 106.5 91.7 79.4 67.3 56.8 63.4 76.5 84.6 95.4 108.3 115.8 119.2 125.6 133.7 140.4 148.5 160.8 164.4 156.2 147.6 150 154.9 154.5 155.5 164.7 166.6 163.3 159.8 156.1 154.1 153.5 151.4 147.5 137 134.5 139.4 149.9 155.4 163.2 165.9 163.1 168.2 183.4 187.8 194.6 195.4 205.6 199.4 199.6 204.3 202.5 213.7 221.2 232.4 235.4 237.9 243.3 223.7 202 187.8 173.4 162.7 147.3 143.1 132 121.2 111.4 106.1 103.7 103.7 103.9 103.5 102.4 99.8 92.5 81.5 69.7 64.1 59 49.4
89.8 98.3 103.6 105.1 107 91 80.3 77.2 60 56.2 67.4 79.6 96.8 110.7 122.4 132.2 139.6 137.1 142.1 150.1 164.4 159.7 155.1 145.8 142.3 147.7 150.6 156.8 162.8 159.4 155.3 147 146.4 151 144.7 139.7 134.4 134.4 134.4 137.2 144.2 154.7 165.1 161.2 161.1 168.9 179.5 190.8 199 204.2 207.1 195.5 211.5 222.1 214.9 218.7 221.2 230.9 236.6 235.8 232.5 213.5 195.5 179 164.5 148.3 144.2 133.4 126.8 122.4 124.7 116.6 108.6 105.6 112.6 110.3 111.5 110 101.4 88.9 74.1 70.7 68.2 64.5
88.4 96.6 98.7 101.2 97.3 79.1 82.1 71.7 61.3 57.8 58 77.2 92.1 105.8 119.8 132.9 143.5 145.8 146.7 154 157.6 154.8 151.4 141.2 137.2 138.6 145.3 153 159.1 153.8 145.9 140.8 140.4 140.6 137.4 134.6 134.4 134.4 134.4 134.4 143.2 155.1 158.3 160 169.4 181.2 184.5 187.1 197.4 200.5 195.3 194.3 204.3 220.5 236.3 229.6 226.4 232.6 235.2 230.6 214.8 202.4 183.2 169.6 154.5 148.9 138 132.3 127.8 128.1 128.1 122.6 117.9 118.4 119.3 116.2 116.4 114 104.6 92.5 77.9 73.6 74.5 71.2
85 75.7 77.4 85.9 81.3 75.8 77.1 66.7 62.1 56.7 55.5 72.5 87.8 106.6 118.5 128.9 137.4 142.6 145.2 142.2 142.4 146.1 142.8 139.4 129.9 128.7 137.5 144.1 144.3 142.2 141 134.1 135.9 136.4 135 135.6 136.3 134.4 134.4 134.4 147.1 150.5 146.2 166.8 170.5 171.8 179.4 180.6 182.4 187.9 186.9 197.6 209.7 219.4 232.3 231.5 226.2 226.7 224.8 214 198.6 191.5 177.2 160.7 157.8 147 140.5 136.4 132.8 138.1 137.8 135.2 133.3 132.8 127.8 126 119.3 113.5 104.8 95.2 78.6 76 75.5 69.4
85.2 81.6 68.7 68.5 70.5 64.3 61.4 57.9 56.6 53.7 53.9 69.9 84.5 105.6 123.2 136 140.4 142.3 140.5 138.6 137.5 136.1 135.4 132.9 125.3 125.2 137.3 136.7 132.7 134.5 132.5 130.3 129.8 135.3 122.4 136 140.7 134.4 134.4 134.4 145.8 139.8 145.3 155.4 170.2 172.3 174.9 173.3 174.1 173.2 179.1 194.3 201.9 215.1 215.2 217.7 219.8 216.9 207.5 193.6 186.4 176.5 177.3 166.9 152.6 149.2 146.2 141.2 137.1 143.1 144.5 148 139.3 137 135.6 129.7 123 115 104.9 91.2 80.9 79.8 76.4 71
93.2 84.7 86.1 60.2 60 58.6 56.7 53.9 54.8 63.3 71.7 78.8 87.7 109.8 127.6 140.8 144.4 148.5 148.3 141.2 136.1 134.8 131.8 128.4 123 121.4 124.9 125 127.2 132 132.3 128.6 128.4 121.5 124.9 132 135.7 134.4 134.4 136 140.1 134.3 145.7 152.4 165.3 172.6 169 169.2 166.5 166.4 175.4 187.9 193.8 206.4 204.9 208.9 208.1 205.3 192 187.6 183.6 173.8 167.4 159.9 154.7 152.6 149.6 146.4 144.5 149.9 150 151.1 145.1 140.3 138.7 136 127 116.8 106.1 90.4 83.8 81.1 78.9 72
106.9 82.9 74.3 66.8 49 53.4 50.7 55.9 66 75.1 80.5 87.3 97.9 115.1 132.9 148.7 152.6 148.5 150.1 144.6 139.2 132.8 129.3 127.4 121.1 119.6 118.4 121.1 126 125.5 123 122.4 118.9 116.3 116.3 129 138.1 138.6 136.8 138.9 131 137.1 147.3 159.1 160.9 166.8 168 165.9 165.8 166.4 181.1 184.1 190.7 195.2 199 198.3 198 192 180.2 175.8 174.6 173.8 164.9 162.3 156.4 155.5 153.1 154.2 152.6 155 156 155.1 155.2 147.9 141.4 136.6 124.9 114.2 104.5 89.9 85.4 81.4 75.6 67.9
111.1 84.3 72.3 59.9 41.3 56.7 64.2 68.5 76.9 82.1 86.6 92.1 102.6 118.3 137.4 153.5 154.9 148.7 143.3 143 142.3 137.6 130.6 124 120.6 118.4 116.5 116.3 116.3 116.3 116.3 116.3 116.3 116.3 116.5 120.2 136 140.7 139.2 137.2 130.4 130.3 149.8 155.1 157.1 155.4 163.9 164.9 161.9 173.9 183.8 187.4 189.8 189.6 187.2 186 184.9 179.7 172.7 170.9 174.4 169.4 164.7 161.7 159.9 157.6 156 159.8 157.2 156.7 158 157.4 158.1 150.2 144.3 137 121.4 113.3 103.6 88.2 82.4 81.5 74 64.2
111.5 72.9 71.4 63.9 40.7 57.7 67.2 72 78.1 85.5 90.1 95.1 104 118.1 133.8 150 148.6 149.3 143.9 141.6 137.6 133.9 127.5 122.9 117 116.3 116.3 116.3 116.3 116.3 116.3 116.3 116.3 116.3 117.4 119.3 123.2 126.5 131.3 133.9 131.9 129.5 137.2 143.3 144 148.8 154.6 154.5 156.1 168.6 175 186.2 185.1 182.8 180.8 178.2 173.5 168.6 164.2 165.2 166 165.4 162.1 161.9 160.1 157.7 157.1 160.4 156.1 155.9 160 160.4 158.9 152 145.8 137.2 119.9 107.8 98.3 88.2 84 78.1 69.8 63.4
98.8 67.1 68 65.5 49.4 49.6 62.5 70.6 76.7 81.5 88.7 96.1 104.3 118 136.2 144.9 143.9 142.5 142.9 138.8 137.1 131.5 123.8 117.9 116.3 116.3 116.3 116.3 116.3 116.3 116.3 116.3 117.2 118.3 121.3 123.2 128.8 128.8 127.8 129.6 129.6 130.4 133.2 135.4 138.3 142.7 145.5 153.7 167.2 169.8 166.7 169.6 171.6 178.7 176.4 171.4 164 162.8 162 162.9 163 161.8 163.5 163.6 157.5 156.2 160.2 158.8 150.7 152.9 157.8 160.4 160.6 153.4 143.7 132 115.1 100.1 92.7 86 82.3 75.8 66.3 57.1
104.6 72.7 67.1 62.3 49.8 41.2 61.2 67 76.2 80.1 84 93.3 102.6 118.5 130.8 131 135.4 134.9 134.6 133 133 128 119.6 116 118.2 123.9 124.6 118.4 116.3 120.9 124.9 125.1 126.6 125.9 125.1 125.9 128.3 129.5 131.1 139.6 139.9 139.8 136.1 137.1 141.7 144.6 149.7 156.6 162.6 161.3 162.9 165.9 166.5 171.4 167 164.3 163.5 162.9 162.8 161.4 160.4 160.2 162 164.3 157.5 153.6 150.8 146.9 145.9 152 157.5 167.2 158.8 151 136.2 120.8 103.3 89.7 86.5 82.2 74.5 70.4 62.6 58.2
105.3 89.7 75.2 60.9 45.3 38 53.1 65.5 72.6 75.1 75.9 84.8 98.8 113.6 118.1 122 123.4 123.1 124.6 123.2 120.6 116.6 114.9 114.4 115.8 118 123.2 126.7 133.8 137 138.7 138.6 137.3 136.3 133 130.9 130.9 132 133.7 137.7 139.6 140.6 140.1 139.1 141.8 145.6 152.5 159.5 159.1 160.3 162.7 164.9 166.4 164.9 164.3 164.3 164.7 167 166.3 164.9 163.7 160.9 158.2 157 149.2 147.3 149 145.6 147.6 153.1 156.4 153.4 146.2 136.3 118.8 104.6 93.3 85.7 78.7 73.2 70.3 64.4 60.3 59.5
