data/240000-760000.asc
ncols 200
nrows 200
xllcorner 240000
yllcorner 760000
cellsize 50
[rows 105 to 139 of 200, columns 80 to 159 of 200]
663.2 673.9 683.2 686.5 687.8 690.6 694.7 700.3 705.5 710.6 718.4 730.1 740.2 753.8 762.5 773.7 791.5 799.7 803.5 804 795.6 762 736 712 692.3 656.8 640.7 624.2 605.5 589.4 573.4 568.8 568.1 567.8 569 569.1 565.8 564.3 562.2 560.3 559.2 557.4 554.9 553.6 552.1 550.7 549.4 549 549.8 548.2 546.7 543 539.4 538.3 534 529.8 525.6 521.7 518.8 514.5 509.7 504.8 497.9 492.2 484.2 476 466.2 459.1 450.9 440 432.6 424.4 416.6 410.6 406.2 403.1 400.4 397.4 397.6 394.8
670.1 683.2 696.8 701 700.9 701.7 704 710.6 716.8 722.4 730.7 740.5 751.9 764 771.6 783.3 798.3 808.1 808.9 807.6 800 784.4 756.9 736.8 716.3 687 658.7 634.6 614.2 599.4 584.4 575.9 575.3 572.8 572.7 569.2 569 568.1 567.4 566.5 563.3 560.2 557.6 557.2 555.2 553.3 552 550.8 549.6 547.9 546.6 544.3 540.6 538.6 534.4 530 527.5 522.2 519.2 516.2 511.2 508.4 498.8 492.1 480.4 473.4 466.8 461.7 451.1 440.7 431.7 423 415.8 409.5 404.9 401.7 398.5 394.2 394.7 396.4
676.1 687.4 700.5 712 716.3 716.5 719.1 723.1 729.6 733.9 739.8 749.3 761.7 771.5 781.8 793.9 804.6 814 815.5 810.2 810 804.9 786.2 761.2 739.9 717.4 685.3 651.5 626.7 610.6 595.9 583.4 580.2 579.4 577.1 575.7 575.9 576 573.9 574.5 569.5 565.2 561.1 560.2 558.5 554.9 552 550.6 549.5 549.2 547.3 543.6 540.5 538.5 534 530.3 529.1 524.8 522.4 519.3 514.7 510.3 500.1 491 479.1 472.5 466.7 461 452.8 443.1 431.9 422.4 414.7 408.2 403.8 400.3 397.2 393.7 400.5 404.2
678.3 690.1 702 715.1 726.8 732.9 736.3 737.3 742.8 748.4 753.3 765.2 772.4 779.1 788.4 797.7 807.6 817.9 820 816.1 818.8 817.2 810.7 797.8 771.6 738.9 706.2 675.6 650.9 624.4 614.3 598.7 589.8 587.8 583.6 585.5 588 587.2 582.6 579.3 574 570.6 566 561.4 557.7 555 552.3 549.2 549.2 549.4 546.3 542.6 540.4 538.1 534 530.9 528.7 526.1 522.8 520.6 513 505.1 496.7 489.7 479.7 470.2 465.2 456.8 447 439.6 428.6 419.2 411.3 407.1 403.2 400.5 392.6 395.5 397.3 398.6
677.3 689.6 700.9 714.7 730 739.3 751.1 758.2 766.5 769.4 770.9 776.8 786.6 793.6 799.7 804.8 813.7 821.8 824.5 824.6 823.6 824.1 822 812.8 789.9 753.6 724.8 702.4 674.4 643.3 634.7 619.7 608 599.3 592.9 598.4 599.6 599.5 593.1 587.4 582.7 576.3 569.9 563.9 558.7 555.3 551.9 550.4 548.7 547 545.5 541.7 541 537.5 533.4 530.7 528.4 524.8 521.2 517.2 508.3 500.6 494.2 487.7 478 471.5 461.5 453.2 442.5 430.9 422.1 416.3 409.9 405.3 402.9 397.6 389.7 394 394.3 395.9
673.9 687.1 699.9 714.4 728.9 741.4 753.2 762.7 770.1 778.9 781.8 787.8 793.9 800.6 806.1 813.1 819.5 825.2 828.4 826.5 827.5 829.8 829.2 819.6 799.4 778.6 751.1 736.8 709.6 676.9 661.7 640.9 630.7 617.6 610.6 609.6 608.8 612.1 605.1 598.7 592.8 585.7 576.7 569.6 563 557.7 553.3 549 547.1 544.8 543.2 541 537.7 534.4 531.6 530.2 526.6 523.2 519.5 512 505.7 497.1 490.1 483.4 474.4 466.1 459.4 452.7 442.9 430.3 421.5 414.2 408.8 404.2 399.7 395.4 388.4 389.6 391.7 392.9
673.8 686.9 698 711 726.3 741.3 752.8 763.3 772.2 780.5 787.1 793.1 799.4 802.7 807 811.4 820.5 820.9 819.8 821.6 830.8 839.7 837.6 828 819.3 804.2 780.5 763.8 734.5 715.8 690.8 666.3 653.3 631.9 624.1 622.5 620.7 619.8 614.1 608 602.8 595.5 584.4 573.2 567.6 559.6 553.9 549.4 545.6 543.6 540.6 540.4 535.2 529.5 531.5 526.6 522.7 519.1 515.3 511.1 504.2 494.1 487 479.9 472.5 465.4 458.8 449.4 440.2 429.1 421.2 412.3 407.7 403.7 399 394.3 388 384.3 384.6 390.1
676.3 689.9 702.2 716.8 732.6 747.2 759.4 772.2 781.4 791.4 795.6 799.2 805 805.5 808.4 813.1 817.7 816.6 814.2 818.2 827 837.3 837 830.6 827.2 816.3 804.3 782.2 755 742.7 722.7 701.9 682.3 667.3 639.7 628.6 626 624.8 621.3 615.7 609.2 602.2 592.9 579.2 572.5 561.9 554.6 549.9 546.1 542.3 540.1 537.1 533.6 531.3 528.4 522.2 518.5 515.2 512.9 508.3 500.2 491.5 483.2 474.4 466.4 459.1 449.7 440.6 434.3 427.8 419 410.7 407.6 403 398.3 394.3 390.7 387 380.3 385.2
676.8 693.1 704.6 717.2 734.8 749.4 764.1 776.8 789.1 805.1 813.5 816.2 821.2 826.9 818.1 821 819.2 813.2 813.2 817.9 819 828 831.4 832.8 829.9 819 810.9 792.1 776.1 763.2 748.6 721 700.8 682.9 658.8 644.6 637.6 634.8 631.7 628 619.8 609.2 597.5 586 575.2 564.6 555.8 550.4 546.9 542.1 539.5 535.3 531.6 528.6 522.8 519.6 515.9 510.3 507.5 502.6 494.2 487.7 477.2 468.4 460 454.3 447 438.9 432.9 425.2 415.4 410.4 406.2 400.7 395.4 390.5 386.5 382.1 378.8 381
679.7 696.8 708.4 719.3 733.8 748.6 766.5 779.5 792.7 806.1 820.4 827.7 834.9 844.4 845.6 849.3 842.2 834.3 832.6 822.5 819.7 821.2 826.6 834.9 829.6 822.8 816.4 806.1 798.2 781.3 767.9 746.5 728.2 707.2 682.3 672.6 667.1 653.9 648.7 641.6 629.9 617.5 605.4 591 577.6 569.8 560.1 550.7 546 541.8 538.9 533.4 529.4 523.5 519.8 519.6 512.6 507 502.1 497.1 489.1 482.8 473.7 463.1 456.1 450.2 444.9 437.1 430.6 420.9 412.2 408 401.3 397.5 390.8 387.1 381.7 379.9 377.5 378.2
681.7 700.1 710.8 720.3 730.8 743.5 761.6 777.7 790 803.1 819.8 831.1 842.7 852.3 860.4 862.8 863.9 854.6 842.5 831.4 830.8 829.8 821.5 820.8 820.8 822.7 827.6 832.9 830.9 817.9 803.7 777.9 760.9 739.9 712.9 700.1 690.2 683.4 666.8 664.3 640.7 626.3 610.4 596 583.3 574.4 565 557 549.3 544.1 541.1 536 528.9 521.6 518.8 515.9 509.5 502.9 497.4 492.3 485.1 478.3 470.3 460.6 452.4 447 441.2 435 427.4 419.3 408 400.8 397.3 393.8 389.7 383.1 378.3 375.7 375.7 379.5
682.3 700.2 711.7 721.3 728.9 738.9 751.5 769.4 783 797.2 814.5 827.4 841.6 852.3 857.7 859.1 862.5 860.8 845.3 835.1 832.6 823.4 820.8 820.8 820.8 822.4 829.4 833.5 832.5 829.5 818.1 798.5 788.3 764.6 747.5 733 707.5 707.6 683.8 678.4 656.5 632.4 617.2 604.5 589.5 577 570 563.7 554 547.6 543 537.6 531.7 525.2 517.6 511.4 506 499.2 493.2 487.2 479 470.8 462.8 455.4 448 442.2 437 430.7 423.9 416.9 405.2 396.9 393.5 390 385.2 380.7 375.6 372.6 374.5 378.2
679.2 695.4 708.2 718.7 726.7 734.3 744.7 760 773.5 787.8 803.3 816.7 831.6 845.2 851 856.5 861.3 854.3 843.6 833.5 827.2 825.4 820.8 820.8 820.8 823.7 825.1 823.9 823.1 818.8 812.3 800.6 793.5 779.1 765.2 747.7 727.9 718.8 701.4 685.6 666.3 640.4 627.8 615.2 601 587.2 577.6 571.2 559.5 550.7 545.5 539.7 531 524.2 517.1 510.4 501.7 491.8 487.4 481.1 473.3 465.4 457.6 450.2 443 436.4 432 428.2 417.3 411.2 404.9 398.8 391.1 388 384.7 381.1 375.7 371.5 373.1 375.1
672.1 689.4 703.2 714.2 723.8 731.4 740 749.9 763.7 777.3 790.4 803.4 819 832 843.2 849.6 849 839.3 835.3 831.1 827.8 826.7 826 822.8 821.9 827.7 821.7 818.7 810.7 808.8 802.5 795.2 788.5 780.2 765.8 750 735.2 720.4 703 690.5 674.7 661.1 640.3 628.3 615.3 599 587.1 580 566.5 555.2 548.1 540.1 529.9 522.9 517.8 508.7 498.1 487.7 481.2 475.7 468 460.1 452.5 445.1 437.9 430.8 425.5 420.9 411.5 406.1 402.7 398.9 390.4 386.9 383.7 380.5 378.7 375 370.4 372.4
662.8 680.6 694.5 704.5 713.5 722.6 730.3 740.5 752.5 764.1 776.9 790.1 804.4 820.6 832.6 839.4 840.4 831.2 828.5 826.6 827 827.9 831.2 833.7 832.7 831.3 829.6 823.5 811.8 799.4 793.3 784 779.3 767.3 752.7 738.7 725.7 708.3 700.8 692.4 681.4 668.1 646.3 628.6 615.2 598.6 584.1 575.5 562.7 551.3 542.8 538.8 525.3 518.1 514.1 504.1 494.1 485.3 477.9 469.8 462.2 454.8 444.6 437.2 430.2 422.9 416 410.2 405 401.3 398.6 393.9 388.9 386.1 383.2 380.1 378.4 370.5 370 370.9
653.3 670.4 682.3 692.1 701.5 711.1 719.9 729.8 740.2 751.2 763.4 775.6 788.1 802.4 814.6 820 821.6 816.6 816.3 819.7 824.2 828 831.4 834.2 837.2 834.1 829.9 822.4 801.1 786.7 783.2 772 767 756.7 742.4 723.6 711.8 705 697.4 686.1 674.8 659.7 639.8 624.2 609.9 591 581.1 570.2 554.6 546.3 537.6 527.5 520.3 511.5 503.6 496.3 486.2 478 469.6 461.8 455.1 447.5 438.6 429.3 421.1 413.7 408.7 402.8 399.1 396.8 392.8 388.4 385.8 383.4 380.6 378.5 374.7 371.2 369.5 370
644.8 659.9 671 681 690.4 699.6 709.6 719.9 730.3 740.8 751 761.9 773 782.7 789.4 797.3 802.2 808.9 808.2 812.6 818.3 825.9 829.9 832.4 833.5 831.2 825.7 818.1 798 782.7 766.9 761.1 752.7 735.9 718.2 701 700.5 694.8 686.5 675.8 664.2 651.6 637.2 616.8 600.4 588 575.4 564.4 552.4 541 530.2 519.4 512.8 506.6 497.7 489.1 480 470.4 461.8 459.2 450.5 442.2 432.4 423.1 414.3 408.2 404.3 400.1 396.8 392.5 391.2 386.9 382.3 379.9 379.3 377 379.6 371.8 370 369.9
634.1 647.1 659.7 670 679.9 690.3 699.9 709.9 720.3 730.9 741.1 749.8 759.6 767.9 775.6 784.4 792.2 799.6 805.1 808.7 814 820.1 823.6 826.5 827.9 822.7 811.9 803.8 790 777 755.1 742.6 732.6 721.1 699.7 693.3 690.4 681.9 673.3 664 653.6 643.2 629.8 611.5 595.1 583 570.7 560.4 546.6 534.9 524.5 512.7 505.6 499.8 493.7 481.7 471.6 461.5 453.7 449.8 441.7 432.9 424.8 418.7 409.1 404.2 401 399.1 393.6 390.3 387.8 380.9 378.1 378.2 379.1 377.7 374.4 371.7 372.2 375.1
623.1 635.4 647.5 658.3 670.1 681.3 691 700.7 710.8 721 731.2 739.7 748.4 757 765.7 774.8 783.9 793.5 802 805.9 810.5 814.8 816.4 819.6 819.8 810.1 800 790.6 779.6 761.9 740.1 720.9 714.2 700.6 692.2 688.6 680.4 672.2 666.1 654.9 645.2 636 625.3 608.2 592.1 579 566.1 555.2 539.7 529 520.2 512.3 500.1 494.4 486.7 478.3 468.2 455.5 448.7 442.1 440.4 435.4 424.7 419.5 411.8 406.1 400 399.1 391.4 390.5 385.2 379.3 376.5 373.7 373.4 373.5 370.8 370.7 371.9 373
613.7 626.7 639.2 650.6 660.7 672.3 682 691.9 702.1 712.9 722.4 732.2 743.5 750.6 758.9 768.1 779.3 790.1 800.2 806.7 810.6 811.2 809.7 807.7 803.1 796.1 786 778.7 767.4 745.5 725.6 710.4 698.5 693.5 687 681.6 671.2 664.8 660.1 651.1 640.9 630.6 614 600.1 588.5 576 564.6 554.6 539.5 525.9 516.9 511.5 497.2 488.3 475.5 469.4 466.6 452.6 448.5 442.7 434 428.4 419.1 415.6 411.7 407.8 399.7 401 392.4 388.5 384.4 380.1 375.1 371.1 370.1 370.5 369.5 369.7 370.3 370
607.1 620.1 632.9 643.7 651.7 663.3 673 683.2 694.7 706.4 714.7 726.5 738.3 744.9 754.1 765.6 776.3 790.4 801.2 811.2 811.2 810.4 807.8 800.7 790.1 776.8 767.3 756.6 736.9 724.1 705.1 699.8 693.1 683.2 679.5 672.9 663.8 656.1 650.4 640.6 631.3 620.2 610.6 599.8 588.7 577.3 567 555.6 541.6 524.5 511.1 499.7 488.5 478.3 470.7 464 457.2 448.3 442 433.8 424.9 419.7 416.5 409.8 409.6 405.5 398.8 398 390.5 389.5 383.2 378.2 375.4 371.1 364.8 367.5 366.9 367.1 367.6 367.7
602.8 614.8 627.4 637.2 645.3 657.5 667.5 678.8 693.1 706.3 715.7 726.2 737.8 746.2 754.6 765.2 777.1 791.6 804.4 814.6 818 813.2 809.2 804.8 785.2 762.4 751.9 737.6 722.9 712.2 702.3 694.8 689.1 678.6 672.6 664.9 657 651 642.7 631.3 619.8 611.2 602.4 592.5 582.9 571 563.5 549 533.6 513.1 504.4 492.2 481.1 478.6 466.8 455.1 446.2 439.1 430.9 423.6 417 414.5 410.3 405.3 402.4 398.6 395.3 392.8 391 389.5 380.7 376.7 373.8 371.5 368.7 360 362.8 363.5 364.4 363.5
604.1 618.5 629.1 639.3 649.4 657.7 669.2 681.6 694 706.1 717.1 727.6 738.2 748.1 758.5 767.6 779.3 794.1 808.2 819.3 827.6 824 825.4 810.6 781.4 753.6 734.3 721.1 709.5 704.2 698.8 691.9 686.1 678.5 669.9 659.5 654 649.5 639.6 627.2 617.4 605.9 594.2 584.5 574.3 561.9 551.2 538.6 524.5 509.2 499.3 486.8 475.8 466.8 457 444.8 438.5 427.3 422.7 415 411.7 409.1 403.7 399.9 397.3 395.1 392.6 391 389.5 384.9 380.2 375.7 371.8 369.4 366.1 360.4 360.5 363.2 362.5 361.1
606.5 620.7 633.2 643.7 655.6 663.6 671.6 680.7 697.7 709 719.8 729.3 738.5 750.2 762.5 770.7 781.2 792.3 805.9 819.2 828.3 834.4 833.2 815.4 785.2 754.5 734.3 715.5 702.2 696.1 690.8 682.9 678.9 671.4 665.8 661.1 654.8 648 639.5 624.1 615.1 604 588 578.7 565.9 554 541.9 531 517.6 500.9 489.5 477 467.9 460 447.6 440.7 428.9 420.2 418.4 409.1 409.6 403.6 400.1 396 393 391.9 388.9 386 383.2 379.3 375.8 372.3 369.8 366.1 362.8 358 359 359.1 360.2 359.4
609.1 622.5 635.2 646.9 659.7 669.5 677.2 689.2 704 718.8 728.3 738.7 745.6 755.9 767 774.7 781.9 792.8 800.4 811.7 820.3 828.2 825.1 811.8 785 751 732.6 714 702.2 690.2 679 671.8 669.6 666.9 662.6 661.3 655.2 650.4 638.9 623.2 610.2 602.4 588.3 573.3 559.3 546.2 533.2 520.1 506.9 491 482.1 469.8 462.4 458.4 448 437.4 428.7 421.5 418.4 409.1 403.4 398.5 395.2 392 391.4 389.1 386.1 383.3 381.2 377.3 374.7 372.8 369.8 365.1 360 358.6 357.6 357.6 357.3 358.6
612.2 628.3 641.3 655.1 669.1 679.2 687.4 697.5 711 727.9 740.3 747.9 753 758.1 769.6 777 783.4 789.4 795.3 800.4 808.4 813.3 813.4 804 784.6 748.6 732 714.2 697 684.5 676 670.7 669.6 666.2 662.8 659.8 653.2 646.6 637.7 622.2 607.9 593.6 582.8 567.6 551.6 538.1 521.5 507.5 497.7 484.6 473.4 463.4 456.1 447.5 438.8 429.4 423.8 418 411.8 406.1 398.6 395.1 392 390.3 388.7 387.4 384.7 381.9 379.3 376.2 373 370.2 366.8 362 357.2 356.6 356 355.5 356.4 359.8
617.3 630.9 650.6 664.9 680.6 694 699.4 707.1 727.5 742.5 753.8 758.8 760.1 762.8 767.9 777.9 781.4 783.6 786.8 786.4 790 795.8 795.3 788.7 773.1 750 725.2 706.9 690.7 681.9 677.1 672.1 668.9 667.6 663.5 657.8 651.1 640.1 630.2 617.8 602.6 586.2 574.1 560.4 543.6 529.1 515.1 498.6 485.6 479.6 464.6 455.4 442 436.9 430.3 425.6 421.4 412.5 408.3 403 398.6 392.1 389 386.1 385.1 384.3 382.7 380.6 376.8 375 371.9 368.1 362.9 358.8 355.1 354.5 354.7 357.8 358.8 362.1
619.1 637 657.3 675.1 695.3 706.5 713 727.3 744.1 761.2 767.5 770.2 767.5 769.4 769.4 772.7 775.1 772.4 774 771.2 771.4 774.3 772.9 772.4 762 747.5 718.1 697.3 685.9 679.9 676.2 672.7 671.6 670.3 665 659.3 652 642.5 630.7 620.1 600.6 584.7 567.7 553.8 538.8 522 504.1 489.5 480.5 463.8 457.1 448.4 439.3 428.2 423.6 418.7 414 408.8 404 401.8 400.6 392.2 386.7 383.2 382.6 380.9 378.9 377.6 373 371.2 371 365.8 360.6 355.6 354.1 354.1 355.2 356.3 359.7 366.6
620.5 641.3 665.1 686.6 704.1 717.6 731.8 745.9 764.3 781.5 787.5 783.6 773.5 769.6 774.9 769.6 762 761.1 756.8 753.7 755.1 753.3 752.9 754.8 751.9 742.9 721.1 694.9 684.3 678.7 678 675.7 674.6 671.3 667 662.3 655.6 645.2 634.7 626.4 609.8 590.4 569 547.5 527.3 510.7 498.1 489.3 476.5 458.4 443.1 435 428 421.9 419.5 412.5 408.6 405.4 401.3 399.2 391.7 389.4 389.4 387.2 383.3 380.9 379.4 372.5 370.2 370.2 368 364.3 361.2 356.1 353.9 354.3 356.3 357 368.3 377.4
620.5 642 664.8 691.7 709.4 728.3 746.2 760.9 780.4 792.3 798.7 792.5 782.9 768.9 771 765.5 758.8 751.2 747.7 739.4 737.7 737.4 734.6 741.6 736.6 729.3 717 699.7 682.4 678.2 679 678.7 677.1 675.5 673.1 670.6 665.1 652.4 638.3 627.6 611.6 592.3 564.6 542.8 527.5 513.3 496 484.1 469.4 454.1 439.9 424.4 419.6 414.8 411.8 407 403.7 400.9 396.5 392.9 388.6 385.6 384.6 382 379.7 375.8 374 373.1 370.9 366.3 358.8 354.1 352.6 354 355.3 357.5 358.2 365.5 376.5 381.4
623.8 643.7 664.4 691.5 714.6 735.5 754.6 768.8 788.4 800.5 800.5 790.7 776.9 771.3 762.4 753.6 746.2 740.3 732.3 723.8 720.9 721.6 717.7 720.8 724.6 718.3 710.1 697.8 682.4 678.1 679 678.7 679.1 679.2 680.3 678.9 672.7 662.5 649.1 636.8 617.4 590.2 563.3 548.1 533.6 509.7 497.5 483.9 467.2 451.8 435.6 424.1 409.9 409.3 405.7 401.3 400.9 392.8 391 389.9 384.9 382 381.2 378.7 374.5 372.8 372 368.2 361.1 355.1 353 352.2 355.6 366.1 360.1 359.9 362.5 369.4 375.6 380
627.7 648.7 667.4 688.4 712.9 737.4 755.7 773.5 791 799.8 800.5 782.1 768.9 761.1 754.5 743.7 735.2 729.3 722 718.3 712.6 709.4 706.9 703.8 707.6 705.7 698.7 692.7 684.1 679.4 678.9 678.7 678.6 682.8 683 680.6 680.5 673.4 667.6 646.8 621.7 591.8 568.4 551.2 532.5 508.7 503 491.9 470.1 448.2 434 425.1 416.6 405 400.1 396.1 391.3 387.6 385.5 384.2 380.3 378.5 377.6 374.2 369.9 370.3 362.2 359 356.5 352.7 352.3 352 352.6 358.2 359.9 362 365.5 369.3 372.7 376.9
632.3 654.6 673.6 688.1 711.1 733.1 755.5 772.5 791.5 795.4 790.7 777.2 758.8 752.7 745.7 737.3 731.7 724.4 715.3 711.1 703.8 699.5 695.8 691.1 693 690.3 686.6 685.3 683.7 686.9 681.4 681.1 678.5 677.7 678.3 679 678.9 678 672.2 652.3 631.1 598.1 578.2 560.3 535.9 516.4 502.4 490.2 478.3 456.2 438.9 429.2 418.1 406.7 397.9 391.2 388.8 381.9 380.2 378.1 377 377.8 375.2 372.3 370.2 367.8 360.8 358.6 352.3 352.2 352 351.9 351.4 353.8 361.1 364.8 367.2 368.4 370.4 373.9
633.7 652.3 673.9 687.4 703.2 725.3 749.5 770 789.9 786.9 778.7 772.4 763.1 750.5 742.3 732.4 722.1 715 708.4 700.3 695.6 688.6 683.1 676.9 680.5 680 675.8 678.1 678.9 681.1 680.4 678.9 672.6 674.5 676.2 681 680.8 680.9 674.8 660.3 635.4 613.1 595.9 575.2 550.9 527 509.5 500.5 490.3 470 445.5 434.5 421.4 410.3 400 393 386.6 384.1 381 376.2 372 373.4 372 369.5 366.6 358.7 354.6 353.2 352.6 352.4 351.8 351.6 351.1 357 360.1 365.5 367.4 368.7 369.3 372.1
631.4 650.6 671.7 685.9 702.4 722.8 748.1 767.5 779.4 781.5 780.8 775.1 770.9 755.8 743.4 729.9 718.9 710.7 703.6 695.6 688.6 680.7 672.9 665 666.6 671.3 668.4 668.2 671 674 676.7 675.7 672.1 671.9 672.8 677.3 680.2 678.5 671.9 661.3 650 629.8 621.3 593.5 575.6 547.1 528.4 509.8 494.4 475.8 453.1 440.6 426.2 413.4 401.2 394.5 388.6 385.7 379.9 374.9 370.6 370 370.3 370.4 361.4 365.8 354.7 352.6 353.5 352.9 352.1 351.5 351.4 358.8 359.4 364.4 368.3 369.4 369.1 369.6
