data/240000-850000.asc
ncols 200
nrows 200
xllcorner 240000
yllcorner 850000
cellsize 50
[rows 148 to 184 of 200, columns 84 to 167 of 200]
268.5 255.6 246.7 236.5 226.2 214.2 203 194.9 183.7 180.7 174.9 168.2 160.2 155.2 152.1 145.5 141.6 140 137.8 133.4 131.5 128.2 124.1 118.3 117.5 117.6 116.2 115.6 114.1 113.9 111.9 111.9 108.1 108.8 112.1 116.8 118.9 125.4 133.3 141.4 142.5 137.7 145.8 155.1 154.7 155.3 156.5 154.3 153.1 153.1 151.7 150.7 149.2 148.1 146.6 144.6 140.9 138.2 136.4 134.1 132 130.5 128.6 125.8 124.3 122.1 118.6 116.2 114.7 112.3 111.5 109.3 107.1 104.7 102.3 98.6 96 93.4 90.3 88.1 85.5 82.8 80 77.1
265.3 254.7 242.1 235.1 225.2 213.8 202.5 194.2 182.8 175.8 171.5 166.5 160.3 154.1 147.7 143.2 138.2 136.3 130.4 121.9 120.6 119.4 118.2 116.3 115.3 116 114.1 115 110.9 110.3 108.3 106.1 106.1 104.4 104.1 104.9 105.7 106.7 110.4 137.6 138.9 137.3 148.9 150.7 153.8 154.9 154.2 154.3 154.9 157.8 155.5 153.8 152.8 150.6 148 145.4 142.5 140 137.9 135.9 133.9 131.7 129.6 127.7 125.7 122.3 119 117.5 115.5 112.7 109.9 108.7 108.2 104.9 102 98.2 95.5 92.8 90.5 87.7 84.8 82.4 79.8 76.4
263.3 253 239.8 230.4 223.6 212.9 199.3 191.4 180.1 171.1 164.6 162.4 157 149.6 143.1 140.4 134.5 125.3 122.1 119.6 116.4 115.9 114.7 113.7 112.8 112.6 115.4 112 109.6 109.5 106.5 107.5 107.4 106.4 104.1 101.6 103.4 102.7 104.8 126.4 134 134.5 145.3 150.1 153.4 155.1 155.6 157.5 155.5 157.1 156.3 154.4 155.9 151.4 148.5 146.5 143.2 141.4 139 136.4 134.5 132.4 129.5 127.3 124.3 120.9 119.6 117 114.7 112.3 109.5 108.9 106 102.7 100.8 97.4 95.3 92.8 89.9 87.2 83.8 81.4 79 76.7
262 251.1 238.6 229 219.4 209.1 193.7 185.4 172.5 165.9 160.1 156.4 151.5 146.5 139.2 132.3 125.9 122.7 121.9 117 119.3 118.8 117.7 117.7 113 113 110.9 111.5 111.1 108.5 108.1 109.5 107.9 108.4 108.1 104.5 102.6 100.4 98.8 107.2 125.1 132.8 139.8 147.8 151.8 154.3 156.7 157 154.8 154.2 154.2 152.5 152.3 150.8 149.7 147.2 144.7 142.4 139.7 136.7 134.5 132.3 129.9 125.7 123.1 121.4 119.1 116.3 113.9 111.2 109.6 107.3 104.3 102.7 99.5 97.2 94.4 92.3 88.6 86.7 83.2 80.5 78.1 77
259.9 248.1 238.3 229 216.6 204.7 189.8 175.9 166.5 161.5 156.4 150.6 146.8 137.6 131.3 125.7 123.9 123.3 122.2 119.1 122.4 118.5 117.6 116.7 115.2 114.6 112.4 110 109.1 108.5 110.8 110.7 115.7 110.8 109.1 107.7 106.5 103.7 100.2 98.1 106.1 123.3 133.6 139.8 146.6 150.6 151.3 149.4 149.9 148.3 151.1 150 150.1 147.6 147 145.4 143.2 141.5 138.6 136.4 134 131.4 128.1 124.5 122.2 119.3 116.5 114 113.3 111.6 107.3 105.8 103.4 102.2 100.7 96.5 94 92.3 87.6 85.9 82.4 79.5 77.3 75.8
257.7 250.5 238.1 226.6 214.2 199.3 183.1 167.8 159.3 155.6 151.7 136.2 125.8 124.7 122.9 122 122.2 121.1 121.1 125.4 125.1 122.3 117.3 116.1 115.2 114.7 112.7 112.5 113.2 113.2 114.9 121.1 128 121.3 113.9 109.3 107.7 106.1 102.6 99 97.2 102.4 118.5 130.7 138.2 143.7 146.5 149.4 148.4 144.3 146.3 147.5 146.8 144.6 144.9 144.5 142 139.9 136.3 135 131.9 129.4 126.3 122.7 119.8 117.3 115.8 113.1 113.8 107.1 105.8 102.5 100.9 101.1 100.2 93.8 93.7 90.8 86.7 84.4 82 80.2 78.3 75.4
254.5 247.6 235.2 221.8 208.7 192.9 174.9 157.8 150.5 140.7 129 129 127.4 127.8 126.8 129.4 128.9 126.9 126.4 125.6 124.8 123.4 126.6 120.5 121.8 127.1 132.6 135 133.6 127.9 129.6 140.8 139 134.4 125.3 119.2 114.8 110.9 110.2 104.1 97.2 96.2 102 116.7 132.1 138.4 142.2 147.6 141.5 141.2 143.7 145.5 144.3 142.4 143 144.1 140.8 138.5 135.6 133 130.3 126.7 123.7 121.3 119.6 116.5 115.1 111.3 108.3 105.6 103.3 102.3 101 96.5 93.6 93.1 91 87.8 87.3 85 82.1 79.3 76.6 74.2
248.6 242.2 230.5 210.5 194.4 182.6 163.7 150.7 142.7 134.6 128.1 130.7 129.8 130.6 137.9 136.3 132.9 134.2 132.4 130.1 126.9 130.5 139.7 144.3 140.7 142.1 144 145.3 146.7 150.6 157.8 153.1 154.3 148.9 140.9 135.3 129.7 124 119.3 113.7 108.2 96.9 95.7 103.3 117.9 133.5 138.6 138.4 135.9 137.7 140.7 143.2 143.4 141.5 143.3 142.8 138.8 137.3 135.1 132.6 129.7 124.8 122.8 119.8 117.6 114.9 111.5 110 107.8 105.9 103.9 99.7 98.5 96.9 91.9 92.7 90 87.3 84 81.2 80.4 78.4 78.3 75.2
249.4 234.7 216.9 200.1 185.6 173.8 156.1 146.6 136.9 133.5 129.3 132.9 138.5 142.8 140.3 140.2 139.4 140.5 142.3 144.9 146.2 144 147.7 151.5 153.1 155.6 157.6 160.5 162.4 165.4 164.6 160.8 162.4 161.4 159.3 154.7 151.5 145.4 135.3 127.4 117 106.9 94.7 93.6 107.6 124.5 128 129.5 133.7 137.3 139.9 142.1 141.9 141.4 141.8 140.1 136.7 135.5 133.2 130.9 126.7 123.9 123 120.2 116.5 114.3 113.4 110.7 107.3 104.2 101.4 97.9 96.7 95.6 91.3 89.2 88 84.8 84.8 83.5 80.1 79.2 76.5 73.5
238.4 221.1 205.1 189.8 181.8 167.5 153.7 141.8 136.9 130.9 139.2 147.1 153.6 153 151.7 151.2 151.1 152.8 154.9 153.9 154 154 157.1 163.7 165.7 173.3 175.4 181.3 181.2 179.3 174 174.1 171.5 171 169.4 167.4 165.8 161.9 156.7 144.8 130.2 117.7 98.5 93.3 94.3 115.1 120.6 125.1 132.2 134.4 138.2 142.1 139.3 139.6 139.4 137.6 135.3 133.5 130.2 129 125.4 124.3 121.9 118.8 116.6 113.1 110.8 109.3 108.7 103.2 99.8 95.1 93.2 90.5 89.5 87.8 85.9 83.7 83.4 80.7 77.8 76.5 73.5 72.3
228 209.8 196.4 185.5 178.3 162.4 152.7 137.1 133 142.4 150.4 159 160.6 162.8 165 163.4 163.8 165.6 166.3 169.1 163.5 165.4 169.2 179.2 183.3 188.1 194.6 198.7 199.8 201.1 191.9 188.3 186.3 183.8 180.6 178.3 174.4 169.4 165.5 160.1 143.5 126.2 98.4 94.2 96.6 107.7 113.5 119.3 127.6 132.3 135.9 139.2 138.6 136.8 136.4 135.2 132.4 129.7 127.2 126 124 121.9 118.5 116.5 113.6 109.2 107.1 102.3 99.5 97.5 95.2 93.6 92.1 90.3 87.9 86.1 84.5 82.8 82.3 78.8 77.2 76.7 75.2 76.3
216.2 199.1 188.9 184.8 173.8 160.9 148.7 135.3 140.8 161.6 166.1 169.3 172.7 173.7 177.3 178.5 179.3 181.8 179.5 180.9 175.4 179.5 186.3 192.7 193.9 201.3 207.6 212.7 215.4 218.7 213.6 211.8 205.1 200.7 194.2 189.4 184.2 179 175.5 167.7 154.8 129.2 107.5 93.1 92.6 102.8 106.2 113.4 121.4 131.9 133.1 136 134 132.9 132.1 130.7 127.8 126.3 124.9 121.7 119.9 118.8 117.8 114.1 109.8 107.3 104.1 101.2 99.4 98.8 95 92.7 90.8 87.9 85.7 85.9 87.6 82.9 81.9 80 79.5 78.1 75 74.6
201.9 191 187.2 183.7 168.8 156.6 143.3 137.7 146.2 170.8 176.5 182.7 184.1 188.2 188.6 188.3 188.9 191.9 189.5 192.2 187.5 193.7 200.3 204 207.3 210.5 215.4 219.7 224.5 232.4 233 233.2 230.3 226 211.1 201.3 194.4 189.8 180.7 172.9 165.5 140.6 118.5 95.1 92.1 94.2 102.8 107.5 115.1 125.3 133.8 133 130.9 130.1 129.1 127.7 124.1 122.1 120.6 119.2 117.6 115.3 112.4 113 107.7 107.2 103.8 101.1 98.8 95.4 91.1 90.3 87.5 86.7 86.6 85.9 84.7 82.2 83.5 79.4 77.9 77.7 75.1 74
193.5 188.9 181.3 175.2 163.8 153.4 140.1 138.3 151.4 177.8 191 198.4 197.2 200.1 203.4 204.4 204.6 208.9 212 211.4 210.4 215.4 215.4 213.9 215.2 215.6 216.2 222 229.7 231.6 238.8 237.7 226.2 219.6 213.7 206 199.8 193.2 184.8 177.3 169.7 152.2 134.5 99.8 89.5 93.3 98.2 103.8 108.7 115.3 124.2 127.4 126.3 125.7 124.8 122.9 120 116 114.7 113.1 113 111.3 109.3 104.2 104.5 104 98.9 98.7 95.5 93.1 89.4 88.9 87.7 87.2 86.8 83.8 82.8 80.2 82.1 77.4 76.6 76.1 73 72.5
189 180.8 174.9 169.4 157.6 150.9 142.2 139.9 156.3 187.2 202.1 210 210.3 219.3 227.5 231.8 237.2 232.4 234.9 237.9 236.5 238 235.3 222.6 220.8 220 217.4 214.1 218.4 221.9 223.2 214.3 202.7 191.6 189.4 188.6 188.1 184.4 179.1 171 165.3 159.6 141.3 117.7 91.8 88.7 93.1 97.9 103.7 108 112.8 120.5 121.1 119.1 118 116.6 114 110.4 110.1 108.5 107 105.5 103.8 101.2 101.3 97.9 98 95 93.4 90.3 89.1 90.3 86.6 85.1 83 81.8 80.3 78.9 78.3 76.1 77.6 80.2 75.7 74.2
178.5 171.7 166 161.5 154.7 148.9 144.3 140.7 164.9 191.6 211.2 219.8 228.4 241.6 254.7 268.2 273.3 262.1 263.7 264.6 268.3 269.6 259.9 239.6 227.9 225.5 220.6 210.4 202.3 206.9 201.1 193.8 182.3 173.4 169.4 165.4 165.1 160 154.7 150.4 153.2 146.5 144.8 130.3 113.3 90 86.5 93.1 93.8 97.5 101.2 103.2 106.3 106.3 103.7 106.9 108.6 107.2 104.1 103 101.8 101.3 92.6 92.2 91.6 92 90.9 91.3 88.5 88.6 88.2 85.9 83.8 82.4 81 80.2 78 77.6 76.8 77.6 76.6 75.2 75.1 74.5
169.1 165.4 161.8 157.6 152.9 146.6 142.9 150.7 178.1 197.8 219.1 230.2 245.4 261.9 286.1 307 307.8 291.8 285.1 288.2 292.4 295.1 290 268 245.1 228.9 220.5 208.5 195 184.6 188.6 182.1 173.2 164.7 156.7 148.6 143.7 141.4 139.5 132.8 133.3 127.7 125.2 126.9 126.4 115.9 97.2 86.1 85.3 92.6 91 91.2 90.6 90.8 87.2 89.2 91.8 86.4 89.7 92.7 90.1 82.9 78 77.3 77.3 75.4 77.9 83.5 86.2 85.5 80.1 73.5 68.3 71.9 80.3 80.2 78.8 79.4 77.5 78.2 75.9 78 73.6 72
162.7 160.9 158.3 156.1 154.1 143.6 149.9 167.2 186.9 207.5 226.5 241.4 256.5 277.1 312.5 336 336.3 317.2 309.5 311.1 320.2 322.9 323.9 308.7 269.8 238.2 222.2 208.8 195.6 182.1 174.2 169.1 164.3 156 148.4 140.4 136.8 133.5 130.5 123.9 121.6 119.5 118 118.5 121 120.9 106.6 99.1 90.9 83.6 83.7 85.2 84.3 84.5 82.3 81 79.2 77.3 76.7 77.4 75.6 73.9 72.8 69.8 70.4 69.4 67 67 71.3 72 68.7 68.2 67 66.4 65.8 75.3 78 71.3 76.2 76.5 76.2 71.4 72.5 71.4
151.5 152.8 150.4 149 145.1 156.1 168.2 180.5 196.4 216.8 234.9 251.5 264.2 286.7 311.4 351 361.6 349.9 339.3 336.9 340.9 347 340.8 318.8 285 255.1 225.9 209.2 193.3 179.1 169.8 162.5 155.4 147.7 141.7 137.6 133.4 129 126.1 124.1 122.5 119.5 117.8 116.5 122.6 124.9 122.2 115.4 104.2 98 92 86.5 83.1 85 74.2 74 73.9 72 71.7 71.1 70.9 69.9 71.2 72.5 71.4 69.9 69.2 67 66.2 69.8 68.8 68.4 67 66.7 65 65.1 62.8 62.5 61.8 61.1 68.3 64 62.9 66.5
164.1 150 148.1 146.7 159.2 173.9 183.3 193.2 208.8 228 243.6 259 276 292.6 312.2 353.5 375.5 375.6 368 361.9 358.5 351.2 333.3 299.8 272.5 247.2 227.1 207.7 191.5 179.8 171.2 163.5 158.3 151.3 149.6 149.5 147.6 134.7 128.5 126.4 124.8 123 119.9 116.8 115.6 116.5 118.8 114.1 112.1 103.2 99.6 92 88.9 86.9 84 80.7 80.1 80.3 79.2 75.6 73.6 73.7 72.5 72.1 70.8 69 68.5 65.5 65.2 67.4 66.1 61.9 61.1 59.6 64 63.1 62.5 61.7 61.2 60.1 58.2 61.9 62.4 60.9
181.4 173.2 163.8 168.7 179.2 189.7 197.4 208.2 226.5 240.6 252.6 269.6 287.4 302.6 317.1 359.5 376.7 389.3 386 375.9 361.4 337 319.2 292.2 268.3 246.6 229.6 213 199.3 192.6 182 176 170.4 162.6 161.5 162 158.1 144.9 139 136.9 134.6 132.4 126.5 123.1 120.7 115 113.4 112.5 111.7 109.3 103.7 98 91.7 88.7 86.3 85.9 84 82.9 81.4 79.9 76.3 73.3 72.5 71.6 70.1 68.4 67.2 64.1 64.4 61.4 67.4 66.4 65.7 63.9 62.9 59.2 58.9 59.7 58.4 57.8 56.7 56.1 54.5 52.8
201.8 199.4 188.8 192.3 198.3 205.7 211.2 223.8 239.7 249.7 266.3 287.7 301.3 312.4 319.5 355.1 386.5 391.5 388.8 378.2 352.9 324.9 308.7 295.9 273.3 256.1 238.7 227.4 216 207.1 200.6 192.9 183.6 174 172.8 173 165.1 157.6 154.2 153.6 151.1 146.6 143.5 134.3 132.8 126.5 121.5 118.8 114.6 110.8 110.3 108.1 103.4 100.3 97.6 93.1 90.7 88.8 86.7 81.5 81.3 80.4 76 74.1 72 70.9 72.4 71.6 71.4 70.5 69.3 68.3 68.5 67.3 61.2 61.8 61.4 61.2 56.7 56.9 56.2 55.1 54.4 56
221.5 222.7 214.5 217.7 222 224.4 232.1 246.2 257.9 266.9 284 300.9 313.5 320.9 326.4 337.7 376.1 389.1 383.6 374.2 340.4 320 306.2 297.3 278 261.6 254.6 242.9 230 220.6 208.1 189.1 188.8 192.5 189.2 186.1 180.9 177.4 172.3 167.2 162.6 158.7 159.2 151.3 143.6 133.1 129.4 123.2 118.1 115 109.9 109.6 106.6 103.4 99.5 96.3 92.3 89.6 87.2 83.8 83.8 80.6 80 79 77.9 75.9 74.2 73.6 72.9 71.9 70.6 69.5 69.1 64.9 63.4 65.9 66.1 64.9 63 62 58.9 58.3 58.2 58.1
243.2 243.8 237.4 237.8 239.6 243.4 257 269.4 276.3 283.1 299.7 308.3 322.4 331.7 333.7 340.7 353.7 378.6 376.3 352.5 331.6 315.2 301.3 284.9 277.5 265.3 254.7 244.5 230.8 205.3 211.9 213.5 211.4 209.6 211.5 212.1 209.8 206.6 197.7 186.8 179.7 176.6 167.6 161.2 156.3 141.9 133.1 129.3 122.6 117.7 113.9 110.8 107.3 104.3 99.9 96.7 92.5 89.8 87.1 83.6 82.8 81.2 80.5 79.6 77.8 76.9 76.5 74.7 73.2 72.4 71.6 71 65.9 65.3 65.8 68.4 69.3 67.8 67 65.3 61.3 60 59.4 59.2
258.6 258.2 256 258.9 258.6 267.9 283 289.2 294.7 306.3 313.2 315.5 325.8 335.4 336.1 341.3 339.7 331.3 324.8 314.1 305.6 294.6 287.1 279.1 270.2 260 250.7 237.5 226.4 235.3 238.3 237.4 238.2 245.5 246.9 246.8 250.2 255.4 245.5 211.5 203.5 194.3 186.8 176.9 167.7 153 138.1 132.4 125.6 119.3 115.3 111.1 108.8 105.3 100.4 97 92.9 89.9 86.1 82.7 81.7 80.8 80.2 79.8 78.4 77.6 76.8 74.7 74 73.5 72.9 69.6 66.7 67.9 69.3 72.2 71.1 69 67.1 66.3 65.6 62.6 58.7 58
267.8 273 271.5 276.7 279.4 285.9 299.4 305.6 308.1 321.9 322.3 324.2 327.6 330.2 332 332.1 328.3 315.3 306.6 302.1 297 291.9 285.3 277.3 268.5 258.4 254 242.7 255.4 258.1 260.8 264.1 274.8 283.2 295.8 297.2 300.8 298.3 286.5 242.9 220.1 204.2 194.5 184.1 172.5 159.3 146.7 138.2 129.5 121.8 116.8 112.4 109.9 107.2 101.4 96.5 93.6 90.4 86.7 82.1 80.9 80.4 79.6 78.9 77.8 77.4 76.5 75.5 74.9 74.9 74.5 71.1 68.5 71.8 72.7 72.8 72 70.7 69.6 68.6 66.9 65.9 64.6 63.3
280.8 289.3 285.2 289.5 292.3 296.7 304.3 310.2 318.5 329 329.4 329.6 333.8 332.2 323.3 320.5 314.3 306.4 299.3 295.9 295.9 291.9 284.3 280.7 271.1 268 265.1 270.6 278.5 282.3 285.9 297.6 309.1 313.5 312.3 314.3 316.2 306.4 289.3 254.7 235 214.3 200 186.4 173.5 162.2 150.1 140.9 133.6 124.9 118.8 114.3 110.9 107.9 106.3 98.2 94.4 91.6 87.3 84.9 82.2 81 79.7 78.7 78.2 78.3 78.1 76.7 75.9 76.1 75.4 73.9 71.1 73.6 74.2 74.6 74.2 73.5 72.8 71.7 69.6 67.4 65.9 64
291.3 297.4 296 297.4 300.8 303.8 308.7 314.1 322.9 330.8 333.4 335 337.3 331.6 320.5 315.3 307 302.3 297.7 294.4 291.3 290.2 289.6 281.8 278.2 276.5 280.9 293.7 300.5 311.1 320 327.5 329.8 330.9 334.4 331.5 323.8 312.4 298.4 263.7 242.1 218 204 191.2 179.1 164.7 156 146.1 137.5 130.7 123.2 116 111 107.8 105.6 104.6 99.3 96.6 95.6 91.1 89.8 89.4 89.3 88.5 87.6 87.2 86.2 83 78.6 77.7 77.7 75.8 74 73.8 76.4 79.1 77.3 77.9 77.3 75.2 74.1 72.6 69.9 66.4
295.9 301 305.4 305.6 306.1 308.8 312.1 322.3 325.3 329.4 335.9 337.5 332.4 327.9 317.6 315.3 310.7 305.1 300.2 296 297.4 298.7 295.8 288.4 284.1 291.2 301.1 316.1 335 343.6 346.4 350.2 355.1 355.2 352.3 342.3 330.9 312.2 288.3 261.9 240.9 219.6 203.5 192.4 180.7 167.7 159.8 151.1 144.7 136.6 131.9 128.9 123.5 119.1 116.1 112 107.5 105.8 103.2 103.4 102.8 99.4 97.2 96.2 95.2 94.7 92.1 92.9 92.5 89 82.3 77.9 74.8 74.7 77.2 78.4 78.7 78.6 78.9 78.3 76.7 74 73.1 71.9
304 307 310 311.6 311.3 311.9 314.2 318.1 323.2 327.9 332.3 332.5 325.7 323.8 325.1 323.7 314 306.9 302.6 300.9 302.3 302.4 301 287.7 292.1 305 320.3 344.9 355 361.3 366.1 371.5 375.4 371.8 363.2 355 339.7 308.7 277.8 255.7 236.5 220.5 206 195.6 186.3 177.9 166.6 158.9 156.7 150.5 145.7 141.2 137.9 132.1 125.9 121.7 117.1 113.4 108.6 104 102.1 101.7 101.1 99.1 97.7 97.2 97 95.4 93.4 90.5 85.4 82 76.3 75.8 79.7 81.2 81.2 81.1 81.1 81 76.9 76.7 76.8 75.5
303.4 307.9 311.8 312.9 314.7 314.5 315.1 317.4 320.7 325.8 328.7 329 333.7 334 329.4 321.7 314.5 310.6 305.7 306.7 306.7 305.9 296.7 295.5 309.8 320.8 347.3 361.1 368.2 373.8 379.8 383.7 382.4 380.1 364 345.3 319.8 293.4 274.9 257.6 239 229.6 218.5 204 195 187.4 180.1 172.9 168.8 163.2 156.7 150.5 147.3 141.5 136.8 130 123 116.8 112.6 109.6 106 104.9 102.8 102.3 100.4 99 98.2 96.9 96.2 93.7 91.1 84.3 78 75.7 83.8 85 84.9 83.5 81.7 80.9 79.1 78.1 78.8 78.5
303.3 309.2 312.9 311.4 313.1 314.9 316.4 318.3 320.3 325.2 329.9 335.4 337.1 334.5 330.5 323.8 317.5 315.3 311.5 309.2 309.3 303.8 299.1 306.3 323.9 342.4 361.1 371.1 377.9 383.6 387.1 385.4 378.7 367.8 351.7 327.8 309 291.2 276.5 264.2 254.6 241.3 230 221.3 211.4 202.8 196 187.7 183.9 176.8 169.9 163.1 156.1 151.5 145 141.2 137.2 128.1 126 118.3 112.7 110.2 107.8 106.2 103.3 101.6 100.7 98.7 97 95.7 95.2 84.2 80.5 80.7 86.4 87.9 88.2 86.4 83.4 82.3 81.6 80 79 79.9
303.7 306.8 308.1 310.3 313.2 316.4 320.2 325.1 327 329.9 336.4 338.4 338 336.9 335.7 327.5 320.7 318 311.9 309.5 308 304.4 309.9 321.7 340.6 350.1 363.2 372.9 374.8 377.6 383.3 377.6 362.4 353.3 339.5 325.2 312 304.1 292.1 281.3 272.4 258.4 246.5 237.9 228.7 219.7 211.7 204.3 196 190.1 184.9 178.2 170.9 164.3 155.5 149.9 146.1 140.4 133.5 129.5 125.2 115.6 111.3 110.4 108.4 108.1 106.5 103.4 100.6 97.6 96.7 84 81.8 89 90.9 91.6 90 89.2 89.3 87.4 85.3 83.3 81.1 80.6
302.6 305.3 308 315.5 322.9 331.1 336.1 337.5 335.4 337.1 339.4 339.8 343.5 342.3 337.2 330.3 322.9 319.5 312.5 309.7 308.4 313.4 323.4 333.9 351.1 354.8 356.6 358.9 358.7 361 368.8 370.2 367 357 341.6 330.2 320.9 318.5 309.1 297.6 285.6 276.3 266.5 256.4 247.9 239.5 231.5 219.9 210.3 203.4 195.9 187.6 180.4 173.4 166 159.6 152.5 147.5 141.5 136 130.8 133.6 121.8 131.3 127.4 115.2 112.6 107.5 101.3 99.1 98.5 85.1 86.5 96.6 95.8 94.3 93.3 89.1 88.3 88.3 87.1 85.2 84.3 83.3
302.5 305.9 316.9 327.4 334.3 338.8 339.9 343.5 348.7 346 343.6 342.3 349.9 345.4 339.1 332 324.4 316.8 313.9 310.9 314.7 326 333.7 338.9 347.9 351.9 355.4 354.9 355.2 358.5 366.2 370.3 366.8 361.3 351.1 339.8 330.3 323.2 317.2 309 298.7 291.5 281.2 272.2 262.1 255 246 234.8 224.4 213.5 203.9 194.6 185.3 176.6 169.7 164.7 159.1 154.5 149.9 142.4 138.2 134.1 129.8 128.8 126.6 122.4 118.5 116.1 112.6 110.8 100.8 87 87.9 98.5 97.1 95.7 95 93.6 91.7 90 88 86.7 86.5 84.9
305.4 310.6 320.4 327.8 334.1 343.2 346.9 348.4 349.2 349 346.4 348.3 352.1 347.3 339.8 330 320.3 315.9 313.9 313.1 324.1 332.7 336.7 339.5 343.3 348.3 351.9 356.6 358.1 359.7 356.6 360 361.7 357.9 350.8 339.9 334.9 330.3 328 320.8 312.5 303.5 294.3 283.3 274.5 263.9 253.9 242.7 232.7 223 212.4 200.6 191 185.4 179.2 174.9 168.7 162.4 157.8 153.5 148.9 143.4 139.7 134.5 129.6 125.2 122 119.3 114.2 109.6 99.6 88.1 89.1 99.4 98.3 97.5 96.3 94.3 92.8 91.5 90.5 89.6 88.8 86.6
314.3 318.7 322.1 333.8 342.2 346.5 350 346.9 348.7 346.6 344.7 343.5 346.7 339.3 334.6 327.5 321.3 316.7 314.8 326.4 332.8 336.2 336.2 336.2 342.7 350.1 354.4 356 356.5 349.6 347 344.5 349.9 348.9 344.9 341 335.9 333.8 334.2 334.2 326.2 313.3 299.1 289.6 281.2 269.7 257.4 245.4 232.2 224.4 215.8 206.2 199.5 193.9 186.9 180.4 175.2 172.8 168.4 162.5 153.9 149.8 147.8 143.3 135.8 129.6 123.8 120.8 118 110.5 99.7 86.4 91.1 100.9 99.7 97.6 97.6 96 94.2 93.7 91.7 91.3 90.4 88.2
