data/240000-140000.asc
ncols 200
nrows 200
xllcorner 240000
yllcorner 140000
cellsize 50
[rows 72 to 107 of 200, columns 82 to 163 of 200]
-2.7 -2.7 -2.7 -2.7 -2.7 -2.7 -2.7 -2.7 -2.7 -2.7 -2.7 -2.7 -2.7 -2.7 -2.7 -2.7 -2.7 -2.7 -2.7 -2.7 -2.7 -2.7 -2.7 -2.7 -2.7 -2.7 -2.7 -2.7 -2.7 -2.7 -2.7 -2.7 -2.7 -2.7 -2.7 2.8 1.9 3.2 14.3 50.2 69.5 74.3 74.6 68.5 66.3 68.7 70.2 73.5 76.4 56.2 35.9 32.7 48.3 59.9 69.4 76.7 82.7 86.8 88.2 89.1 91.9 97 101.2 90.9 73.9 54.5 38.3 42.8 51.1 61.5 73 80.2 82.8 83.8 82.3 75.1 43.5 27.3 23 13.8 11.7 13
-2.7 -2.7 -2.7 -2.7 -2.7 -2.7 -2.7 -2.7 -2.7 -2.7 -2.7 -2.7 -2.7 -2.7 -2.7 -2.7 -2.7 -2.7 -2.7 -2.7 -2.7 -2.7 -2.7 -2.7 -2.7 -2.7 -2.7 -2.7 -2.7 -2.7 -2.7 -2.7 -2.7 -2.7 2.9 3.2 5.9 19.1 43.3 54.6 63.2 67.6 67.1 64.6 64.8 67.6 70.7 75.6 73.4 67 40.7 30.7 44.6 59.6 70.9 78.6 85.3 90.5 95.1 98.2 96.2 94.7 94.9 83.1 65.6 49.8 43 48 54.5 63.2 75.2 83.2 88.9 89.1 88.5 88.3 70.6 41 31.2 27.1 17.8 12.7
-2.7 -2.7 -2.7 -2.7 -2.7 -2.7 -2.7 -2.7 -2.7 -2.7 -2.7 -2.7 -2.7 -2.7 -2.7 -2.7 -2.7 -2.7 -2.7 -2.7 -2.7 -2.7 -2.7 -2.7 -2.7 -2.7 -2.7 -2.7 -2.7 -2.7 -2.7 -2.7 -2 0.8 3 18.9 35.3 54.6 64.8 62.5 59.9 62 58.7 59 62.8 66.3 73.8 83 90.5 79.1 52.9 29.4 39.8 55.6 71.6 81.5 88.9 91.3 93.2 93.6 93.1 90.9 85.7 74.6 59.7 49.2 51.2 54.5 61.5 68.5 76.7 85.1 93.1 98.8 97.7 97.7 92.5 69.5 45.7 37.6 39.2 40.9
-2.7 -2.7 -2.7 -2.7 -2.7 -2.7 -2.7 -2.7 -2.7 -2.7 -2.7 -2.7 -2.7 -2.7 -2.7 -2.7 -2.7 -2.7 -2.7 -2.7 -2.7 -2.7 -2.7 -2.7 -2.7 -2.7 -2.7 -2.7 -2.7 -2.7 -2.7 -2.7 -0.7 0.7 2.2 10.9 47.4 52.7 57.8 55.6 51.8 53 53.1 56.3 59.4 65.9 72.2 83.8 94.8 92.7 69.2 42.2 36 52.7 69.7 81.7 91.2 91.4 89.2 89.2 88.9 85.9 80 71.6 61.3 52.5 61.4 65.2 68.5 74.9 82.6 88.8 94.9 99.9 102.9 104.1 106.3 101.5 82.6 68.4 51.6 40.4
-2.7 -2.7 -2.7 -2.7 -2.7 -2.7 -2.7 -2.7 -2.7 -2.7 -2.7 -2.7 -2.7 -2.7 -2.7 -2.7 -2.7 -2.7 -2.7 -2.7 -2.7 -2.7 -2.7 -2.7 -2.7 -2.7 -2.7 -2.7 -2.7 -2.7 -2.7 -2.7 -1.3 0.2 1.7 3.1 20.3 39.4 41.7 42.6 44.4 46.4 50 54.2 58.1 63.7 69.7 78.2 88.2 96.8 86.8 60.1 35.9 52 69.9 80.2 85.1 84.3 84.1 84.4 84.6 84.7 81.4 75.1 64.9 61 65.7 70.3 74.8 79.8 85.4 92.1 98.1 102.3 105 107.7 109.9 109.1 105.6 88.7 63.5 37.4
-2.7 -2.7 -2.7 -2.7 -2.7 -2.7 -2.7 -2.7 -2.7 -2.7 -2.7 -2.7 -2.7 -2.7 -2.7 -2.7 -2.7 -2.7 -2.7 -2.7 -2.7 -2.7 -2.7 -2.7 -2.7 -2.7 -2.7 -2.7 -2.7 -2.7 -2.7 -2.7 -1.2 0.2 1.6 3 17.3 32.3 35.3 39.5 42.6 47.2 50.5 54.1 57.7 62.9 71.4 79.3 85.4 89.4 91.2 67.8 40.4 53.9 71.9 78.5 77.7 78.7 79 79 82.5 86.3 86.1 78 69.2 66.1 68.5 74.1 80.4 87.2 91.7 96 101.2 104.9 107.7 110.9 113.8 114.1 113.5 101.8 72.5 42
-2.7 -2.7 -2.7 -2.7 -2.7 -2.7 -2.7 -2.7 -2.7 -2.7 -2.7 -2.7 -2.7 -2.7 -2.7 -2.7 -2.7 -2.7 -2.7 -2.7 -2.7 -2.7 -2.7 -2.7 -2.7 -2.7 -2.7 -2.7 -2.7 -2.7 -2.7 -2.7 -0.8 0.5 1.9 3.3 26.6 31.7 36.1 41.4 46.3 49.8 53 55.8 59.4 63.3 67.6 73.7 80 86 90.4 70.1 42.7 52.4 63.1 68.2 70.9 72.8 74.1 76.4 81.2 96.1 86.2 81.5 75.1 72.5 71.6 76.1 90.8 97 98.5 103 106 109.2 112.1 114.8 116.8 116.3 112.9 95.1 69.9 43.9
-2.7 -2.7 -2.7 -2.7 -2.7 -2.7 -2.7 -2.7 -2.7 -2.7 -2.7 -2.7 -2.7 -2.7 -2.7 -2.7 -2.7 -2.7 -2.7 -2.7 -2.7 -2.7 -2.7 -2.7 -2.7 -2.7 -2.7 -2.7 -2.7 -2.7 -2.7 -0.1 0.8 1.5 2.6 4 32.7 36.5 40.3 46.3 52.4 57.4 62.1 69.3 74 80 81.1 76.9 80.9 83.2 81.5 64.4 47.3 43.7 50.7 58.1 63.3 68.6 72.5 76.7 81.5 89.8 91.3 87 85.7 83.9 79.8 78.4 85.9 99.4 104.8 105.4 109.1 112.6 115.7 118.8 122.4 121.8 115.6 81.1 59.6 35.4
-2.7 -2.7 -2.7 -2.7 -2.7 -2.7 -2.7 -2.7 -2.7 -2.7 -2.7 -2.7 -2.7 -2.7 -2.7 -2.7 -2.7 -2.7 -2.7 -2.7 -2.7 -2.7 -2.7 -2.7 -2.7 -2.7 -2.7 -2.7 -2.7 -2.7 2.1 2.6 3 3.2 10.4 44.6 53.2 59.9 65 60.8 58.6 66.6 76.4 85.5 93.6 97.7 102.8 98.3 94.6 89.1 86.8 62.8 48.7 51.2 49.5 54 63.1 69.7 74.3 79.3 84 89.2 95.4 97.8 96.2 94.3 91.9 86.2 85.2 95.1 105.9 109.1 112.1 115.8 119.1 122.7 126.3 128.9 122.9 90.8 64.2 34.5
-2.7 -2.7 -2.7 -2.7 -2.7 -2.7 -2.7 -2.7 -2.7 -2.7 -2.7 -2.7 -2.7 -2.7 -2.7 -2.7 -2.7 -2.7 -2.7 -2.7 -2.7 -2.7 -2.7 -2.7 -2.7 -2.7 -2.7 -2.7 -2.7 1.8 3.2 14.7 32.6 40.7 48.2 59 66.7 76.2 84.4 88.7 86.3 83.3 86.3 92 96.2 103 108.3 111.3 112.4 110 93.9 75.3 56.1 67 55.2 51.6 65.7 71.5 77.2 82.4 87.2 93.3 98.6 101.7 103.1 103.9 102.3 100.1 93.6 95.3 107.3 114.9 116 118.7 122.3 126.8 132.7 135.7 132.3 102.6 74.6 42.8
-2.7 -2.7 -2.7 -2.7 -2.7 -2.7 -2.7 -2.7 -2.7 -2.7 -2.7 -2.7 -2.7 -2.7 -2.7 -2.7 -2.7 -2.7 -2.7 -2.7 -2.7 -2.7 -2.7 -2.7 -2.7 -2.7 -2.7 -2.7 -0.9 1.7 3.2 22.5 38.1 50.8 57.8 61.3 67.2 76.5 88.6 96.2 103.9 106.5 112.6 105.6 101.8 108.1 112.1 116.5 116.3 105 88.7 72 67.9 71.2 67 57.7 69.1 73.5 78.6 83.5 90.5 97.3 104 107.2 109.6 112.2 111.8 110.6 106.2 99.9 105 113.9 118.4 121.4 125.6 130.9 135.9 137.7 122.9 95.7 72.5 42.4
-2.7 -2.7 -2.7 -2.7 -2.7 -2.7 -2.7 -2.7 -2.7 -2.7 -2.7 -2.7 -2.7 -2.7 -2.7 -2.7 -2.7 -2.7 -2.7 -2.7 -2.7 -2.7 -2.7 -2.7 -2.7 -2.7 -2.7 -2.7 2.9 3.2 4.5 24.5 40.1 53.4 64.6 70.1 74.3 77.9 90.3 99.6 104.2 111.7 113.4 119.3 121.9 118 117 115 108.6 95.7 79.1 69.4 75.8 80.1 77.8 72.4 61.7 74.3 82.1 87.3 94.5 100.8 107.4 111.8 115.4 117.2 118.1 116.9 114.4 110 106.3 113.9 120.4 123.4 130.4 137.3 138.7 141.1 122.7 100.2 68.3 38.8
-2.7 -2.7 -2.7 -2.7 -2.7 -2.7 -2.7 -2.7 -2.7 -2.7 -2.7 -2.7 -2.7 -2.7 -2.7 -2.7 -2.7 -2.7 -2.7 -2.7 -2.7 -2.7 -2.7 -2.7 -2.7 -2.7 -2.7 4.3 3.9 17.2 35.5 31.2 42.3 60.3 71.7 79.7 86.2 88.8 90.5 95.9 101.4 106.2 112.3 117.4 124.2 124.4 121.4 111.1 98.6 87.2 76.6 80.3 90.7 92.4 89.7 87 79.9 70.6 82.5 88.6 93.9 99.4 106 112.4 117.7 122.9 123.2 122.3 120.8 117.2 112.7 115.4 120.4 127 132.9 140 140.4 137.5 109.9 88.3 56.1 37.1
-2.7 -2.7 -2.7 -2.7 -2.7 -2.4 -2.7 -2.7 -2.7 -2.7 -2.7 -2.7 -2.7 2.6 1.7 2.8 14 18.9 19.9 -2.7 -2.7 15.4 3.2 4.2 12 9.6 20.2 7.3 47 63.7 62.5 43.1 38.3 56 79.7 99.2 100.7 104 103.8 106.7 108.3 108.1 109.9 114.2 116.3 116.1 111.6 105.3 95.5 84.9 86.8 98.7 104.7 108 107.5 104.7 94.9 81.5 79 88.9 94.7 99.5 104.3 108.2 119 125.1 128.5 128 125.3 122.9 119.1 118.1 123.1 129.4 134.2 138.2 137 133.8 106.5 78 54.6 38.3
-2.7 -2.7 -2.7 -2.7 -2.7 0.8 -2.7 -2.7 -2.7 -2.7 -2.7 -2.7 7 20.2 22.2 26.3 37 44.1 42 42.4 5.9 27.1 27.3 27.6 28 30.8 37.3 54.3 69 89.8 82.4 57.8 44.2 51.6 72 96 108.5 110.9 110.9 114.9 118.6 112 110.7 111.6 113.7 116.2 113.4 108.2 94.5 86.4 99.2 103.8 110.5 116.5 119.9 119.6 112.4 100.1 86.6 84.6 91.9 101 106.1 111 118.8 126.4 130.2 132.3 129.4 127.1 124.8 123.6 124.8 129.5 132.8 135.7 136.4 136.5 116.9 87 57.4 42.3
-2.7 -2.7 -2.7 -0.2 2.1 4.4 17.8 26.6 20.6 25.8 25.9 31.2 36.3 40.3 41.2 44.8 57.6 68.5 59.3 55.1 53 50.5 48.6 47.9 48.8 48.6 51.3 64.9 86.5 101.8 101.9 77.6 55.8 51.7 65.8 84 98.8 106.4 113.5 109.9 109.7 111.4 114.4 120.2 119.9 116.4 113 107.4 99.1 97.8 104.9 109.3 113.9 120.7 124.5 126.5 124.2 115.2 99.1 95.7 104.4 102.5 102.1 111.3 117.9 127.4 130.8 133.1 133.2 130.8 129.6 130.2 129.5 130.5 132.9 135.4 135.5 134.2 118.8 88.5 57.5 45.1
-2.7 -0.5 1.7 2.8 13.9 21.9 29.8 42.1 49.5 47.1 51.9 57.3 63.6 68.9 68.7 73.8 81.8 69.2 68.3 70.8 66 65.1 67.7 69.6 68.3 67.5 69.4 74.9 89 112.4 106 89.1 68.4 66.1 68.8 79.2 89.8 96.5 102.8 104.9 109.3 112.6 115.9 118.3 118.1 116.7 112 107.8 97.5 104.7 109.3 113.7 118.4 123.9 127.4 130.7 131.8 123.7 109.6 106.2 117 117.5 115.4 111.3 112.9 123.6 126.1 131.9 133.4 134.7 132 132.5 133.3 134.7 135.4 136.4 135.3 131.4 113.5 84.2 63.6 46.4
-2.7 -0.5 2.6 22.8 37.4 38.7 41.3 51.1 62.1 61.6 64.1 57.9 62.7 66.2 67.7 67.3 65.3 63.4 68.4 77.2 74.9 72.8 80.4 94.4 95.4 94 95.9 106.4 114 119.2 116 104.1 81.9 78.3 86.1 90.2 93.2 96.7 101.5 106.3 114.2 118.7 122.4 122.1 120.5 118.3 115.1 109.9 103.4 110.9 113.7 118 122.9 127.5 130.7 133.7 133.7 128.1 122 123.2 126.2 126.5 127.2 127.4 124.4 121.4 124.3 128.2 130 133.7 134.3 134.8 135.7 137.2 138.6 138.2 136.9 132.9 119.6 99.6 70.8 45
-2.7 -2.7 -2.7 -2.7 7.1 17 23.9 36.1 50.9 55.5 47.8 46.2 47.9 58.9 51.4 52.1 54.3 56.9 61.8 66.4 70.9 75.2 80.3 88.2 96.8 104.4 112.4 127.5 134.9 130.5 125 108.9 86.9 95 96.9 97.9 102.2 108.1 111.4 114.4 118.2 122.4 124.8 125 123.8 123.8 119.7 114.3 111.7 115 119.2 123.4 127.2 131.2 134.6 136.4 136 134.8 132.4 133.2 133.6 133.2 134.3 135 134.7 133.6 134.4 134.8 134.6 134.9 136 137.5 137.9 139.2 140.6 139 133.1 121.9 100.8 87.4 69.6 48.6
-2.7 -2.7 -2.7 -2.7 -2.7 -2.7 1.5 21.7 33.8 35.9 31.9 28.5 30.1 35.5 36.1 41.1 51.6 55.7 60.2 66.5 70.9 80 85.1 86.8 96.9 106.5 111.9 118.8 128.6 128.1 123.9 114.5 93.4 96.5 100.7 103.5 111.8 121.2 118.6 119.2 122.2 124.9 128 129.8 129.1 125.7 122.9 120.8 119.3 120.8 125.8 128.6 133.7 137.2 139.2 140.1 139.7 139.6 139.4 139.5 139.2 138.9 140.1 140.4 140 139.5 139.4 139.3 139.2 137.3 138.3 140 140.8 141.3 142 139.9 135 125.9 109.3 92.1 77.6 53.9
-2.7 -2.7 -2.7 -2.7 -2.7 -2.7 -2.7 2.6 16.8 25 19 15.6 17.2 20.5 25.9 34.3 50.4 63.7 69 66.1 71.4 79.2 85.8 89.7 94.7 107.8 118.2 121.8 122.9 120.4 116.9 109.4 95.9 96.6 101.3 105.2 112.9 119.6 124.6 124.8 126.8 129.3 132.2 133.1 131.9 130 127.9 126.6 125.6 128.1 130.9 134.2 138.4 142.4 144.4 144.5 144.1 143.7 143.6 144.5 144.7 144.6 144.8 145.1 145.4 145.1 144.5 143.7 142.8 140.9 139.7 141.6 143.9 144.1 143.3 142.6 140.6 137.4 126.2 111.6 96.6 63.2
-2.7 -2.7 -2.7 -2.7 -2.7 -2.7 -2.7 0.1 2.2 3.4 2.5 1.7 2.3 3.2 16.2 24.8 36.5 51.5 63.9 67.2 68.6 73.1 81 87.4 93.4 100.2 108.3 113.6 116.4 113 108.9 104 97.7 97.9 102.1 106.5 115.6 121.6 125.7 127.8 128.9 132.3 135.7 137.9 137.6 135.6 133.4 130.9 130.9 132.1 134.3 138 142.2 146.3 148.8 149.2 148.6 148.1 147.8 148.8 149.9 149.9 149.3 149.7 150 149.8 149.6 148.9 146.8 143.9 142.2 143.1 145.4 146 146.7 146.9 147.6 146.8 126.9 105.1 87.4 69.2
-2.7 -2.7 -2.7 -2.7 -2.7 -2.7 -2.7 -2.7 -2.7 -2.7 -2.7 -0.8 0.2 1.3 3 15.3 25.2 36 45.7 50.4 58.6 69.2 78.4 83.8 90.5 95.2 100.6 110.1 114 107.4 104.9 100.7 99.4 100 102.7 105.9 115.5 120.9 124.6 127.6 131.1 133.8 138.6 143 143.7 141 138.1 135.1 134.5 135.1 137 141.1 145.6 149.4 151.3 152.2 151.6 151.1 151.3 152.2 153.1 153.6 153.5 153.3 152.8 152.7 152.5 151.6 150.3 147.3 145.3 144.6 146.7 148.1 148.8 149.4 150.9 151.1 146.6 118.8 89.6 72.5
-2.7 -2.7 -2.7 -2.7 -2.7 -2.7 -2.7 -2.7 -2.7 -2.7 -2.7 -2.7 -2.7 -2.7 0.7 2.8 15.9 27.8 42.1 41.3 48.9 60.4 67.6 80.2 88.6 95.9 105.8 103.1 102.5 105.4 112.9 107.7 100.6 101 103.1 109.1 114.5 119 123.1 126.3 129.6 133.8 138 143 145.9 144 141.1 138.5 137.7 138 139.8 144.5 149.2 151.6 152.6 153.5 153.6 153.8 154.2 155.1 156 156.8 156.5 156.1 155.7 155.6 154.9 154 152.8 150.6 148.4 147.7 148.2 149.7 150.2 150.7 151.8 153 149.3 126 103 79.5
-2.7 -2.7 -2.7 -2.7 -2.7 -2.7 -2.7 -2.7 -2.7 -2.7 -2.7 -2.7 -2.7 -2.7 -2.7 0.8 2.6 19.2 30.2 36.4 33.9 42.1 53.5 68.9 86 90.6 91.1 98.7 101.3 107.5 110.8 105 101.2 102.6 105.1 109.7 114.8 119.5 122.4 125.3 129.4 133 136.9 141 143.2 143.3 143.1 141.6 140.2 141.5 144.3 148 152.1 154 155.1 155.9 156.4 156.6 157 157.9 158.8 159.5 159.4 158.9 158.7 158.3 157.3 156.3 155.3 153.8 151.4 151.1 151.1 151.2 151.6 152 153.1 153.7 152.7 140 113.2 90.9
-2.7 -2.7 -2.7 -2.7 -2.7 -2.7 -2.7 -2.7 -2.7 -2.7 -2.7 -2.7 -2.7 -2.7 -2.7 -2.7 0.1 2 2.9 17 23.3 28 41.5 56.8 68.9 76 84.6 97.8 105.8 111.4 111.1 104.7 99.4 102.1 106.8 112.3 118.8 124.8 127.9 128.7 130.7 133.8 138.1 142.2 142.7 142.7 142.1 143.2 144.7 145.3 148.5 151.4 154.3 156.9 158.2 158.6 159 159.4 159.8 160.7 161.4 162.2 162.2 161.7 161.6 160.6 159.6 158.6 157.6 156.5 154.5 154.4 154 153.4 153.4 153.7 153.3 152.8 152.3 148.9 124.2 106.9
-2.7 -2.7 -2.7 -2.7 -2.7 -2.7 -2.7 -2.7 -2.7 -2.7 -2.7 -2.7 -2.7 -2.7 -2.7 -2.7 -2.7 -2.7 0 2.2 14.7 18.5 27 41.6 52.3 63.6 79.3 91.6 98.8 100.7 99.8 94.6 98.8 105.7 111.6 119.7 126.9 134.2 137.8 138.9 138.8 137.2 139.5 142.2 144 142.5 141.5 142.9 145.5 148.3 150.9 153.8 156.2 159.1 161.3 162.1 162 162.1 162.7 163.4 164.1 164.8 165 164.6 163.9 162.9 161.9 161 160 158.9 157.6 157.6 157.6 156.3 155.7 155.8 155.5 154.9 154.2 151.5 138 115.9
-2.7 -2.7 -2.7 -2.7 -2.7 -2.7 -2.7 -2.7 -2.7 -2.7 -2.7 -2.7 -2.7 -2.7 -2.7 -2.7 -2.7 -2.7 -1.6 1 2.6 7.1 17.1 29.1 42.9 52.4 67.8 79.9 83 84.7 86.1 94.8 104.9 113.7 119.9 126.7 137.2 141.5 145.9 149.2 146.6 143.5 139.7 140.1 140.8 143.7 139.4 141.1 143 144.3 148 151.7 154.5 157.2 159.7 162.1 164.1 164.5 165.2 166 166.8 167.5 167.8 167.3 166.3 165.3 164.3 163.3 162.3 161.3 161.5 161.3 161 160.2 159.9 159.2 158.6 157.9 155.3 150 144.8 132.9
-2.7 -2.7 -2.7 -2.7 -2.7 -2.7 -2.7 -2.7 -2.7 -2.7 -2.7 -2.7 -2.7 -2.7 -2.7 -2.7 -2.7 -2.7 -2.7 -0.6 0.3 1.4 3.2 22.8 34.5 42.7 54.1 64.5 68.4 72.4 85.2 103.9 118.2 123.8 126 128.8 139.3 148.5 144.5 142.5 143.3 143.1 140.3 138.9 138.2 137.7 136.4 136.8 138 140.6 145.1 147.9 150.7 153.8 157 160.3 163.1 165.3 166.5 168 168.5 168.6 169.1 169.7 169.4 168.8 167.9 167.1 166.2 165.3 165.7 165.3 164.6 164.8 164.1 163.2 162.5 160.6 158.7 153.6 149 140.7
-2.7 -2.7 -2.7 -2.7 -2.7 -2.7 -2.7 -2.7 -2.7 -2.7 -2.7 -2.7 -2.7 -2.7 -2.7 -2.7 -2.7 -2.7 -2.7 -2.7 -1.9 -0.4 2.7 15.8 15.1 35 45 51.2 62.7 80.8 101.2 115.9 122 129.4 133.3 130.8 131.3 132.1 126.7 122.5 130.4 135.8 137.3 137.6 134.9 132.8 132.1 130.9 134 137.2 140.7 144.3 147.7 150.5 154 158.4 161.7 164.4 165.9 167.4 168.8 169.1 169.6 170.1 170.7 170.7 170.4 170.1 169.7 169.4 169.3 168.5 168 167.9 167.8 167.1 165 162.7 159.2 149.5 127.8 117.5
-2.7 -2.7 -2.7 -2.7 -2.7 -2.7 -2.7 -2.7 -2.7 -2.7 -2.7 -2.7 -2.7 -2.7 -2.7 -2.7 -2.7 -2.7 -2.7 -2.7 -2.7 -2.7 0.7 2.4 3.2 4.8 38.7 55.3 74.9 94.7 111.2 123.4 126 126 120.1 111.1 107.1 106.1 98.4 96.9 105.2 117.6 124.7 127.1 123.9 122.3 125.6 130.5 134.8 138.8 142 144.6 146.9 149.2 153.1 157.1 160.8 163.3 165.2 166.5 167.9 169.4 170 170.5 171.1 171.7 172.2 172.4 172 171.9 171.6 171.4 171.6 171.3 171.1 170.2 167.1 163.2 153.6 135.7 124.8 108.7
-2.7 -2.7 -2.7 -2.7 -2.7 -2.7 -2.7 -2.7 -2.7 -2.7 -2.7 -2.7 -2.7 -2.7 -2.7 -2.7 -2.7 -2.7 -2.7 -2.7 -2.7 -2.7 -0.8 0.9 2.5 5.7 40.2 61.3 86.5 107.5 117.3 129.4 129.5 115.3 97.7 84.4 80.9 79.7 76.7 88.3 93.6 95.2 106.4 107.7 120.3 129.4 129.8 132 136.1 139 143 146.8 149.7 151.7 154 157.6 160.4 162.6 166.9 168.1 169.2 170.5 171.7 172.5 173.2 173.9 174.3 174.6 174.5 174.2 173.9 173.6 173.7 174.6 174 172 168.6 162.6 149.4 147.3 145.4 129.1
-2.7 -2.7 -2.7 -2.7 -2.7 -2.7 -2.7 -2.7 -2.7 -2.7 -2.7 -2.7 -2.7 -2.7 -2.7 -2.7 -2.7 -2.7 -2.7 -2.7 -2.7 -2.7 -0.7 0.8 2.4 14.1 41.9 57.9 80.4 103.9 117.3 119.4 106.5 90.3 80.7 63.8 64.1 70.6 86.9 111.7 115.7 106.5 105.6 119.6 125 130 137.3 137.5 138.3 140.1 143.7 148.1 151.2 154.1 156.6 159.3 162.2 164.6 168.1 169.7 171.1 172.5 173.6 174.7 175.4 176 176.5 176.6 176.3 176 175.7 175.3 174.8 175.4 174.3 170.2 166 162 161.4 157.8 147.6 129.5
-2.7 -2.7 -2.7 -2.7 -2.7 -2.7 -2.7 -2.7 -2.7 -2.7 -2.7 -2.7 -2.7 -2.7 -2.7 -2.7 -2.7 -2.7 -2.7 -2.7 -2.7 -2.7 -1.1 0.7 2.5 24.1 44.2 58 73.8 94.8 105.7 100.9 85.1 70.5 61.2 58.3 78.3 89.3 104.3 123.9 127.4 127.7 112.1 116 119.9 129.5 136.4 140.3 141.2 142.5 145.8 149.4 152.9 157.1 160 162.9 165.6 168.3 170.5 171.7 173.2 174.4 175.5 176.5 177.5 178.2 178.6 178.3 178 177.7 177.4 176.7 175.9 176 174.9 172.7 172.5 170.4 167 161.5 147 132.8
-2.7 -2.7 -2.7 -2.7 -2.7 -2.7 -2.7 -2.7 -2.7 -2.7 -2.7 -2.7 -2.7 -2.7 -2.7 -2.7 -2.7 -2.7 -2.7 -2.7 -2.7 -2.7 -1.3 0.8 2.8 26 40.8 54.7 71 82 93.2 81.3 67.4 52.8 52 64.8 85.7 110.7 121.6 127.8 131.1 131.8 131.9 130.4 127.3 130.8 129.4 135.1 140.4 143.6 147 150.8 154.9 159.2 163.2 166.4 169.2 172 172.9 174.2 175.2 176.1 176.7 177.3 178.6 179.8 180.4 180.1 179.8 179.5 178.8 176.8 176.9 176.5 175.5 173.9 174.1 172.2 169.6 165.3 160.2 150.1
-2.7 -2.7 -2.7 -2.7 -2.7 -2.7 -2.7 -2.7 -2.7 -2.7 -2.7 -2.7 -2.7 -2.7 -2.7 -2.7 -2.7 -2.7 -2.7 -2.7 -2.7 -2.7 -1.8 0.1 1.9 3.2 30.8 49.7 62.6 75.4 75.2 63.6 52.4 44.3 57.8 75.4 100.6 121.6 127.6 131.9 135.2 137.4 138.7 137.9 135.2 135.1 135.2 135.6 138.1 143.1 148.5 152.4 156.4 160.4 164.2 167.6 170.7 172.6 173.7 175 176.1 176.9 177.5 178.3 179.6 180.7 181.9 182.2 181.9 180.8 179.3 178.4 177.8 177.7 177 175.6 175 174.2 171.6 169.2 164.4 156.1
