data/240000-550000.asc
ncols 200
nrows 200
xllcorner 240000
yllcorner 550000
cellsize 50
[rows 41 to 81 of 200, columns 0 to 91 of 200]
60.9 63.9 63.7 65.1 66.2 66.3 67.9 69 68.3 64.3 59.5 56.7 56.1 54.8 52.8 51.8 50.6 47.4 44.9 44.6 42.9 41.8 41.4 39.2 38.7 36.2 33.9 32 34 31.4 31.5 32.6 33.8 33.9 31 29.6 28.9 25.6 22.6 25.2 25.7 23.7 21.2 19.6 18.2 18.2 19.1 18.9 16.8 12.6 9.6 8.8 8.6 8.4 8.5 8.8 10.4 11.7 12.4 12.6 12.6 12 11.9 11.9 11.9 11.9 11.9 11.8 11.4 11 10.4 9.4 8.6 7.9 7.5 7.1 6.8 6.5 6.3 6 5.7 5.5 5.8 -3 -3 -3 6.8 6.1 6.1 6.1 6.2 6.2
58.9 61.3 63.7 63.5 64.9 66.4 67.4 66.8 66 63.1 59.4 55.9 54.7 53.6 52.1 51.7 51.2 49.2 46.6 45.8 45.8 42.4 41.3 42.2 39.2 36.6 34.9 36 34.5 32.9 33.4 32 32.8 33.4 30.2 28.7 29 26.2 21.8 22.8 23.8 20.2 18.6 20.9 20 18.2 19.6 18.5 15.8 10.6 8.9 8.8 9 9.3 9.4 9.5 9.6 11 11.2 11.6 12.3 12.4 12.4 12.3 12.1 11.9 11.8 11.9 11.7 11.4 10.5 9.5 9.1 8.6 7.4 7.4 7.1 6.9 6.6 6.3 6.1 5.8 6.4 6.6 -3 -3 5.5 7.3 6.2 6.2 6.2 6.3
62.5 63.7 64.6 66.2 67.3 70.4 68.5 66.9 64.2 61 58.5 55.7 55 53.9 53.1 52.4 51.2 50 48.9 47.6 44.6 42.5 42.1 43.9 44.4 37.5 35.5 37 36.6 35 33.7 32.3 32.3 33.6 30.5 28.8 29 26.7 25.8 23.4 21.6 19 16.5 16.8 19.5 19.2 18.5 16.6 14.9 10.1 8.9 9 8.9 9.1 9.2 8.9 8.8 9.4 10 10.7 11.3 11.8 12.4 12.2 12 11.8 11.9 11.9 11.9 11.7 10.9 9.1 9 8.4 7.4 7.3 7.2 7.1 6.9 6.6 6.4 6.1 6.8 6.7 -3 -3 3.9 -3 6 6.3 6.4 6.3
65.1 66.1 65.5 65.4 65.5 66.6 66 63.8 61.2 59.6 58.1 55.5 54.4 53.9 53.7 52.2 49.8 49.2 47.6 46 44.9 42.5 41.6 46.9 49.5 43 37.2 37.3 37.1 37.4 34.1 32.6 32.5 32.7 30.8 30 29.5 27.1 25.8 23.9 21.9 21.1 18.7 15.9 17.1 17.7 15.4 13.2 13.4 9.2 8.9 9 9.1 9.3 8.8 8.6 8.8 9 9 9.3 9.8 10.3 10.8 11.4 11.9 11.8 11.6 11.3 11.1 11.6 10.8 8.9 8.5 8.3 7.3 7.3 7.2 7.1 7 6.9 6.7 6.4 6.7 5.6 5.6 6.5 6.7 6.1 -3 5.4 6.3 5.3
64.1 65.3 66.2 65.3 64.8 64.1 63.7 63 61.5 59.1 57.7 55.5 54.5 53.1 52.7 51.2 48.7 47.9 47 47 44.9 42.7 41.7 48.6 52.5 47.4 40.2 37.6 36.6 37.3 35.2 33.4 33.2 31.4 32.3 31 29 26 24.7 22.6 21.7 22.1 20.7 18.8 14.8 13.4 11.6 10.3 11.4 8.9 8.6 8.8 9.3 8.9 8.5 8.7 8.7 8.9 8.6 8.5 8.5 8.9 9.3 9.8 10.1 10.2 10.3 10 9.9 10 9.4 8.8 8.2 7.7 7.3 7.2 7.1 7.1 7 6.9 6.8 6.7 6.1 6.5 6.8 6.6 6.3 6.4 5.8 -3 4.6 -3
64.4 65.4 65.9 64.9 63.8 63 62.5 61.6 61 58.7 57.4 55.7 53.8 52.9 52 50.2 49.3 50.8 48.5 45.7 44.9 42.3 41.3 50.2 54 50.2 43.6 37.6 36.5 35.7 34.6 34.1 33.2 32.8 32.2 31.3 28.9 25.9 23.6 23.2 22.4 22 21.4 18.5 16.5 13.6 11.5 11.1 9.6 8.7 8.4 8.7 8.9 8.4 8.4 8.5 8.5 8.4 8.2 8.2 8.1 8.3 8.6 8.9 8.9 8.9 8.9 9 9.2 9.6 9.1 8.6 8 7.4 7.3 7.3 7.2 7.1 7.1 7 6.9 6.9 6.8 7 7 6.8 6.7 6.5 6.2 5.5 -3 6.3
65.5 64.8 64.5 63.8 64.2 64.6 63.2 61.5 60 58.8 57.5 56.1 53.5 51.8 50.8 51.1 50.2 49.2 48.7 45.1 44.8 41.3 41.1 48.5 54.1 51.4 45.9 38 36.6 35 34.9 34.4 31.9 31.4 32 30.6 26.8 25.8 25.8 25 23.6 22.7 21.4 17.9 16.3 15.2 13.1 12.9 11.8 9.3 9.3 8.2 8.1 8 8.2 8.2 8.4 8 7.8 7.8 8 8.2 8.3 8.4 8.5 8.6 8.7 8.8 8.9 9.3 8.8 8.2 7.7 7.4 7.3 7.4 7.3 7.3 7.2 7.1 7.1 7.2 7.4 7.4 7.2 7 6.7 6.4 5.7 5.9 5.9 5.7
65 62.2 62.3 66.4 65.5 65 63.9 62.6 59.2 56.2 56.7 56.5 55.1 50.9 50.5 50.1 50.1 49.4 46 43.8 43.5 41.9 42.4 44.8 51.1 50.9 46 39.7 34.8 35.3 35.5 34.5 32.1 30.8 30.5 28.3 27 25.9 25.1 24.7 24.3 22.2 22.8 20.9 17.6 16.2 15.5 15 13.9 12.8 9.4 9 8.7 8.5 7.9 8 8.3 7.6 7.5 7.6 8 8.2 8.2 8.2 8.2 8.3 8.4 8.5 8.6 9 8.5 7.9 7.4 7.4 7.3 7.5 7.5 7.4 7.3 7.2 7.4 7.5 7.7 7.5 7.2 7 6.7 6.4 6.2 4.8 5.9 -3
63 61.9 61.7 65.3 65.5 63.6 63.1 61.3 57.3 54.2 53.3 54.7 53.7 50.7 50.3 49.3 48.7 47.8 45.4 42.6 42.1 43.4 41.7 40.2 47.3 47.7 45.2 38.7 35.3 36.3 36.1 34.9 32.5 30.6 29.6 29.5 27.9 26.2 24.7 24.6 24.3 22.4 21.7 22.8 19.9 17.1 16.3 16.2 15.1 9.9 9.3 8.8 8.4 8 8 6.8 7.8 7.2 7.2 7.6 8 8.1 8.1 8.1 8.1 8.1 8.2 8.3 8.4 8.7 8.1 7.6 7.4 7.4 7.3 7.5 7.6 7.5 7.4 7.5 7.7 7.5 7.4 7.4 7.2 7 6.7 6.4 6.1 4.1 4.5 -3
61.3 61.9 62.5 63.6 63.6 63.1 61.2 57.7 55.4 54.4 54.7 52.5 50.6 50.9 49.7 48.8 48.8 47.8 43.4 42.4 42.3 43.5 42.5 40.3 42.9 43.8 42.5 39.8 37.7 36.8 36.1 35.9 32.7 30.3 30.1 29.9 28.6 26.6 25.6 24.9 24.4 23.3 22.5 21 19.6 17.9 18 16.3 13.2 9.6 8.9 8.4 8 7.6 7.5 7.3 7.8 8.1 7.5 6.7 6.6 8 8 8 8 8 8 8 8.1 8.4 7.8 7.5 7.4 7.4 7.3 7.3 7.7 7.6 7.7 7.7 7.4 7.3 7.3 7.2 7.1 6 5.1 4.3 4 3.3 3.6 3.9
60.9 61.4 62.4 62.3 62.6 62.5 60.3 58.7 57.5 56.1 54.5 52.9 50.3 50.1 49.2 50.4 54.1 49.8 44.3 43.2 44.7 44 41.8 40.4 40.8 41.4 40 38.6 37.6 36.6 34.6 32.9 32.5 31.1 30.6 30.1 28.7 26.7 25.4 24.4 24 22.7 21.2 20.5 22.7 20.1 16.5 14 11.5 9.3 8.5 8 7.6 7.2 7 6.8 7.1 7 7.3 7.8 6.8 7.9 7.9 7.9 7.9 7.8 7.8 7.8 7.9 8.1 7.5 7.5 7.4 7.4 7.3 7.3 7.7 7.8 7.4 7.2 7.2 7.1 7 6.9 6.8 5.6 5.2 3.5 3.5 3.6 3.6 3.4
57.8 58.6 60.7 61.4 62.4 61.6 61.1 59.9 59.4 57.6 55.9 54.2 52.2 50 49.4 51.7 57.1 54.4 47.1 44.3 44.6 43.6 40.3 40.8 40.8 40.8 39.1 38.3 37.3 35.9 33.5 32.9 33.1 31.6 31.3 29.5 28.4 26.5 26 24.8 22.8 21.7 21.6 21.5 21.7 20 15.4 14.2 11.8 9.2 8.2 7.7 7.2 6.8 6.4 6.3 7.1 8 7.9 7.9 7.4 7.8 7.8 7.8 7.8 7.7 7.7 7.7 7.7 7.7 7.6 7.5 7.4 7.4 7.3 7.3 7.2 7.2 7.1 7 6.9 6.8 6.7 6.6 6.6 5.6 4.9 4 3.9 3.7 3.5 3.4
56.9 57.8 59.1 59.4 61.2 61.5 61.8 61.5 60.8 58.9 57 54.9 52.8 50.7 49.7 49.8 54 56.3 50.2 45.8 45.4 42.5 40.5 41.8 41.7 39.5 38.7 38.1 36.9 35.6 35.9 34.4 33.3 31.5 30.4 28.9 27.8 26.8 28 24.9 22.6 21.8 22.5 22.7 22 20.2 16.5 14.8 11.6 9.4 8.3 7.3 6.8 6.6 7 6.9 8 8.2 8.1 7.9 7.6 6.7 7.8 7.7 7.7 7.7 7.7 7.6 7.6 7.7 7.6 7.5 7.5 7.4 7.4 7.4 7.4 7.3 7.1 6.9 6.8 6.6 6.4 6.4 6.3 5.7 3.3 3.6 3.8 3.6 3.5 3.3
57.1 58 58.6 60.3 61.8 62.4 62.3 62.6 62.2 59.7 57.7 55.6 53.5 51.4 50 49.5 48.9 52.6 51.7 45.9 44.5 41 40 42.6 41.5 40 39.2 37.9 37 36.4 34.5 33.4 32.1 31.8 29.7 28.5 28.4 28.9 27.7 25.3 23.9 23.6 22.2 23.5 23.3 20.8 17.4 14 10.1 9.6 8.6 7.9 7.8 8.1 8.2 7.8 8.6 8.3 8.2 8 7.7 7.3 6.9 7.7 7.7 7.7 7.7 7.2 7.3 7.5 7.7 7.6 7.5 7.5 7.5 7.5 7.5 7.4 7.3 7.1 6.9 6.8 6.6 6.4 6.3 3.5 3.8 3.3 3.7 3.6 3.4 3.3
55.3 58.5 60.4 61.5 60.7 60.9 61.7 62.7 62.3 60.1 58.1 56.1 54.1 52 50.3 48.7 47.7 47.6 49.5 46.9 43.5 41.3 40 41.2 40.2 40.1 39.3 37.9 37.2 37.2 34.9 34.1 32.5 31.9 29.5 31.4 28.2 28.6 27.4 27 26.7 25.8 23.6 24.3 23.6 19 15.5 12 9.6 8.8 8.3 8.9 9.8 10.6 9.9 8.8 8.9 8.6 8.4 8.1 7.7 7.3 7 6.2 7.7 7 6.9 6.9 7.1 7.3 7.8 7.7 7.6 7.6 7.6 7.7 7.6 7.5 7.5 7.3 7.1 7 6.8 6.6 3.7 3.2 3.8 3.7 3.3 3.6 3.4 3.3
52.2 57.1 58.8 57.6 58.2 58.9 60 61.3 62.3 60.2 58.1 56.1 54 52 50.2 48.6 47.1 47.5 47.4 44.6 40.9 39.7 38.8 39.3 39.3 39.2 39.2 38.8 37.7 36.5 35.4 34.7 32.8 29.6 29.1 29.4 29.2 28.5 27.9 30.2 30.4 26.4 25.1 24.5 23.5 18.5 14.7 11.7 8.9 8.6 9.3 11.3 13 13.8 13.1 10.6 9.7 8.8 8.5 8.1 7.9 7.6 7.3 6.9 5.5 6.6 6.6 6.8 7.2 7.9 7.9 7.7 7.6 7.7 7.8 7.8 7.7 7.7 7.6 7.5 7.3 7 6.7 5.9 3.7 3.4 3.6 3.6 3.6 3.4 3.4 3.3
51.4 54.3 54 55.4 56.2 57.2 58.2 60 60.9 59.3 57.3 55.3 53.5 51.8 50 48.4 46.8 46.3 46.7 43.4 39.5 39.1 38.6 38.7 38.9 39.5 40.1 38.7 37.3 36.6 35.5 34.4 32.8 30.7 29.4 29.6 29.7 29.2 28 29.5 29.1 26.8 26 24.5 23.3 20.3 15.4 10.6 10.3 10.5 10.1 12.6 15.4 15.9 14.4 12.1 9.8 10.1 9 8.5 8.2 7.9 7.7 7 6.9 5.2 6.4 7.3 6.9 7.9 7.8 7.7 7.2 7.4 7.9 7.9 7.9 7.6 7.2 7.3 7.3 7 6.8 3.2 3.3 3.5 3.5 3.5 3.4 3.4 3.3 3.3
51.7 54.1 55.4 55.1 55.1 55.1 56.9 59 59.3 58.7 56.9 55.1 53.4 51.6 49.8 48.2 46.5 45.5 45.3 43.1 39.1 38.6 38.3 38 38.8 42 39.9 38.3 36.8 35.8 35.6 34.5 34.1 32 30 30.8 30.6 30.7 27.2 28.8 27 26.3 27 23.9 23.2 21.1 14.9 11.4 13.1 13.7 13.9 15.9 16.8 15.3 14.3 12.1 9.7 9.7 10.5 8.7 8.5 8.2 8 8.1 7.3 6.5 7.3 5.3 7.4 7.9 7.7 7.7 6.7 7 7.2 7.7 7.4 6.9 6.9 7.1 7.2 7.2 6.3 3.7 3.5 3.3 3.4 3.3 3.3 3.3 3.3 3.3
49.6 51.6 52.8 54.9 55 54.3 56.4 57.5 57.9 57.9 56.6 55 53.2 51.4 49.7 48 46.3 45.4 43.3 40.6 39.3 38.6 39.4 38.9 40.6 43.3 41.8 39.8 37.6 35.5 35.7 34.9 33.3 32.9 32.4 31.7 31.2 30.8 27 25.3 26.3 27.1 26.8 23.6 21.8 18 14.4 11.1 13.1 15.6 16.7 17.6 15.9 14.3 14.1 12.7 9.5 9.6 10.6 10.1 8.7 8.5 8.1 8.8 7.7 7.3 6.9 4.4 7.3 7.8 7.7 7.7 6.3 6.5 7.1 6.6 6.2 6.7 6.7 6.8 6.9 7 4.4 4.2 4 3.8 3.5 3.3 3.3 3.3 3.3 3.3
45 48.4 51.4 53.6 54.8 54.3 55.8 56.2 56.6 56.7 55.9 54.4 52.8 51.2 49.5 48.2 47.2 45.3 43 40.9 39.1 39 39.6 39.5 42.1 41.6 41.3 40.9 39 37 35.1 33.9 32.7 33.3 33.3 32.4 31.5 30.5 29 24.1 25.3 24.3 25.3 20.8 17.1 15.6 13.3 11.9 12.6 14.7 15.4 17.5 16.1 15.5 15.6 13.8 12 10.8 10.2 10.2 9.4 9 8.2 9 8 6.8 6.3 4.7 5.7 7.6 7.8 7.6 5.9 6.9 7.2 6.5 6.1 6.4 6.4 6.4 6.3 4.9 4.6 4.3 4 3.8 3.5 3.4 3.3 3.3 3.3 3.3
45.4 46.7 50.6 52 53 52.8 54.6 54.9 55.2 55.5 54.8 53.8 52.2 50.6 48.8 47 45.5 44.5 43.2 41.9 40 39 39.5 43.2 41.2 41.6 41.6 41.1 38.1 36.4 33.8 34.1 33.9 34.1 33.6 32.1 31.8 31.1 30.3 23.6 24.9 22.4 21.7 17.7 14.2 13.4 13.2 13.9 14.5 14.8 15.6 18.3 17.6 17 16.9 15.5 13.4 11.2 10.3 10 10.2 10.3 8.8 9.2 8 6.5 6.1 6.6 4.3 4.6 6.9 5.2 4.3 5.7 7 4.7 3.5 4.9 6 5.8 4 4.1 4.4 4.2 3.9 3.6 3.5 3.4 3.3 3.3 3.3 3.3
44.3 46.3 48.9 49.8 51.8 53.1 53.1 53.5 53.9 54.2 53.6 53 51.6 49.8 48.2 47.2 45.7 46.7 43.7 41.9 40.3 39.1 38.7 41.8 42.2 41.9 41.7 41.2 38 36.3 35.6 33.9 33.8 33.9 33.3 31.5 31.6 31.2 30.6 25.6 22.7 20.4 17.4 15.2 14.8 15.2 17.5 17.9 17.4 17 17.4 19.4 19 18.5 18.3 17 14.2 10.5 10.5 10.4 10.6 10.1 9.4 9.1 8 6.9 6.6 6.9 7.6 5.9 5.8 6.7 4.5 3.8 4 6.5 6.2 3.5 6.2 6.3 3.5 3.9 4.3 4 3.8 3.7 3.6 3.5 3.4 3.3 3.3 3.3
46.8 46.1 47.2 48.8 50.8 51.7 51.6 51.9 52.4 52.8 52.8 52.5 50.9 49.2 47.7 46.6 45.6 44.1 43.1 41.5 39.9 38.8 38.9 39.5 40 41.8 42.1 40.7 38.8 36.8 36.7 34.7 34 33.1 33.4 30.9 30.9 31.5 29.9 29.8 23.8 18.9 17 17 18.5 21 20.6 21.4 20.7 20 19.7 20.5 20.2 19.6 19 17.9 14.1 11.3 10.9 10.8 10.8 10 9.8 9.1 5.6 7 7.4 6.5 7.2 6.9 6.8 6.4 6.8 5.2 5.9 6.8 5.5 4.8 7.1 6.2 4 3.7 4.2 3.9 3.8 3.7 3.6 3.5 3.4 3.3 3.3 3.1
45.8 45.6 46.2 47.9 49.7 49.9 50.2 50.3 50.8 51.8 51.3 52.4 50.7 48.5 47.1 46.1 45.3 44.1 42.3 42 40.4 39 39.2 39.3 40.1 40.4 42 39.5 38.3 39.5 37 35.5 33.7 33.4 33.6 32 28.9 28.9 29 26.1 21.9 20 18.4 18.8 19.7 19 18.4 21.2 22 22.2 22 19.9 18.9 19 19.1 17.4 14.2 11.5 11.3 11.2 10.6 10 9.5 9.5 8.1 7.3 6.6 11.5 7.3 7.2 6.9 6.8 7.2 5.4 5.8 6.3 6.7 6.2 4.5 4.6 4.5 4.1 4.1 4 3.9 3.7 3.6 3.5 3.4 3.3 3.3 2.8
44.4 44.4 44.7 46.6 48.3 48.1 48.2 48.7 49.5 50.6 51.4 51.4 50.1 48.2 46.8 46.2 44.3 42.7 41.1 39.9 39.9 40.7 39.7 39.7 39.1 39.3 40.2 39.4 40.7 37.4 36.3 35.1 34.6 33.8 32.5 33.4 31.6 28.9 26.4 24.7 22.1 24.6 23.2 21.9 19.3 17.9 18.4 20.7 22.4 22.4 21.9 18.7 18 17.7 17.8 16.5 13.8 12.8 11.5 10.7 10.2 9.9 9.7 10.3 10 8 7.4 8.8 7.8 7.6 7.4 7 6.9 6.4 6.3 6.3 6.2 6.5 6.8 5.7 4.5 4.2 4.1 4 3.8 3.7 3.6 3.5 3.4 3.3 3.2 2.6
43 43.5 43.7 45.1 46.6 47.4 46.7 47.6 49.1 50.9 51.9 50.6 49.6 49.8 48.1 47.5 47 46.5 40.6 39.6 39.8 41.7 39.1 40.3 38.2 40 38.4 40.5 38.8 37.3 35.2 36.2 35.4 34.7 31.9 33 31.7 28.5 25 23.9 25.6 26.8 26.1 26.1 20.7 18.6 18.5 24.1 25 22.6 21.7 18.4 17.4 17 16.6 15.4 14.3 12.4 11.2 10.5 10 9.8 9.9 10 10.1 9.3 7.9 7.3 8.2 8.1 7.8 7.6 6.9 6.9 6.8 6.6 6.5 6.3 6.6 6.1 4.3 4 3.9 4 3.8 3.7 3.6 3.5 3.4 3.3 3 2.3
41 42 42.7 43.3 44.8 46.4 46.8 47.1 51 57.1 58.8 53.8 50 49 48.5 49.7 50.2 49.9 44.8 41.4 40.9 42.3 41.3 38.5 39 38.1 38.6 39.9 37.4 37.4 37.7 35.1 35.9 34.1 29.8 28.2 28.9 26.8 24.2 25.2 29.6 31.3 30.6 29.8 24.1 19.7 19.3 25.6 24.5 24 23.1 20.4 18.3 17.5 17.3 16.5 16 13.3 10.9 10.2 9.9 9.9 10 10 10.9 12.8 11.1 7.7 7.5 7.6 7.8 7.9 7.1 7.1 7.1 7 6.9 6.7 6.5 4.4 4 3.9 3.8 3.8 3.9 3.7 3.6 3.5 3.4 3.3 2.7 2.1
40.3 41.8 42.6 43.1 43.6 44.3 45.4 45.8 51.7 60.7 63.1 57.3 48.7 47.1 48.2 49.7 50.2 50.8 48.2 42 44.4 43.1 40.8 39.4 40 37.6 38.3 37 37.7 36.7 34.5 34.7 36.7 32.8 27.1 26.5 28.3 26.2 28.4 33.4 33 32.5 32.8 30.1 27 20.9 20.5 23.5 23.5 23.5 24.1 23.8 20.4 17.7 18.9 21.1 19.6 14.7 10.8 10.1 9.9 10 10 10 10.6 12.6 11.8 8.8 7.6 7.7 7.5 7.3 7.3 7.2 7.3 7.3 7.2 7 6.8 4 3.9 3.8 3.7 3.6 3.7 3.7 3.6 3.5 3.4 3.3 2.8 2.2
40.2 41.5 41.9 42.3 42.8 43.2 44.3 45.3 51.3 60.7 64.1 58 49.5 47.1 48.3 48.3 49.2 51.6 49.2 40.9 45.7 44.1 40.2 41.2 42 40.7 38.1 36.7 36.1 35.3 34.9 32 33.2 29.6 26.2 26.2 27.2 33.5 37.4 37.6 35.8 35.1 33.1 30.4 27.8 23.6 22.2 23.9 22.8 22.8 23.4 23.7 22.7 18.7 19.8 26.8 26.4 19.7 13.4 10.6 10 10 10.1 10.1 11.1 12.6 12.9 7.7 8 7.7 7.4 7.4 7.4 7.3 7.2 7.1 7.2 7.6 4.7 4.3 3.9 3.7 3.6 3.5 3.5 3.6 3.6 3.5 3.4 3.3 3 2.4
39.5 40.3 40.9 41 41.1 41.4 43.1 45 49.8 58.4 61.5 57.2 50.4 47 47.7 48.3 49.6 50.9 47.5 43 44.7 43.6 41.4 41.7 41.6 37.4 36.4 36.8 35.9 35.6 34.6 30.1 28.9 27.3 26.5 26.8 33.9 36.1 37.4 37.8 37.8 37.4 34 31.1 28.6 26.9 26.7 27.8 25.8 24.5 23.7 23.1 22.8 20 22.2 30.5 33.5 25.9 18.8 12.4 10.6 11 11.4 11.9 13.8 11.6 9.8 8 7.8 7.6 7.5 7.5 7.4 7.4 7.4 7.3 7 6.9 4.9 4.5 4.2 3.9 3.5 3.3 3.3 3.4 3.6 3.5 3.4 3.3 3.2 2.7
38.3 39.1 39.9 40 40 39.9 42.6 43.5 45.8 53.9 57.4 54.7 48.6 46.6 46.9 48.4 49.2 50.7 45.8 43.3 44.2 42.5 40.9 40.3 39.8 36.6 36.7 37.4 36.1 35.4 33.1 29.6 28.1 29.1 31.5 33 38.3 38.7 38.2 38.4 39.7 40.3 35.4 32.1 31 29.7 30.3 29.6 27.7 25.7 24.9 23.6 22.6 22.5 21.5 29.2 36.6 32.5 25.1 17.9 13.2 12.9 13.4 13.4 13.3 11 8.6 7.8 7.7 7.6 7.6 7.6 7.5 7.5 7.5 7.5 7.5 5.1 4.4 4.1 3.9 3.8 3.6 3.3 3.3 3.3 3.3 3.3 3.3 3.3 3.3 2.9
36.7 37.5 38 38.3 38.2 39.5 41.2 40.8 41.7 49.8 52.6 50.7 48.3 45.9 45.3 45.9 47.1 48.4 45.1 43.4 44.3 41.3 39.9 42.4 39.3 39.7 39.1 37.6 36.2 37.1 33.9 31.2 32.9 33.7 33.6 38.4 37.6 39 41.3 40.7 40.9 40.2 37.8 34.7 31.3 30.3 28.5 28.2 26.7 25.2 24.1 23.9 22.3 21.7 20.7 26 32.5 36.8 31 23.3 19.3 15.4 14.8 14.8 14.7 13.4 8.9 7.8 7.9 7.7 7.7 7.6 7.6 7.6 7.6 7.6 7.3 4.7 4.6 4.4 4.3 4.1 3.8 3.6 3.3 3.6 3.6 3.7 3.8 3.3 3.1 3.2
35.1 35.8 35.7 36.2 36.5 37.9 39.1 39.2 39.4 46 49 47.4 45.2 45.3 44.6 46.1 47.3 47.2 43.1 44.7 44.1 41.3 40.3 38.8 40 41.4 38.9 39.7 37.8 38.2 34.8 37.2 37.3 34.4 36.2 38.6 38.4 40.5 41.9 42.9 41.1 42.6 40.6 36.4 32 29.7 27.6 26.4 25 24 22.1 22.1 21.8 19 19.6 23.2 29.7 34.7 34.1 27.1 21.1 20.9 18.8 17 16.3 15.4 11.6 8.3 8 7.6 7.8 7.7 7.7 7.7 7.6 7.3 7 5 4.9 4.7 4.5 4.3 4.1 3.9 3.3 3.4 3.5 3.6 3.7 3.4 3.7 3.3
34 34.2 34.1 34.7 37.5 37.5 37.1 37 38.6 42.8 44.9 44.4 43.4 44.1 44.4 45.8 47.5 46.7 42.9 46.8 45.5 42.8 41.3 43.7 42.4 40.6 39.9 39.6 41.1 40.8 39.5 42.8 40.4 37.2 36.7 37.5 42.8 42.6 43.2 42.6 42.3 44 43.6 37.1 34.9 29.6 27.1 25.6 23.8 22.4 20.4 19.9 20.8 19.6 18 19.2 25.1 31.4 34.4 29 23 21.3 21.8 20.6 19 17.2 15 12.1 12 8 7.7 7.8 7.8 7.5 7.3 7.1 6.9 5.1 4.8 4.6 4.4 4.3 4.1 3.9 3.3 3.3 3.4 3.5 3.5 3.4 3.3 3.3
32.6 33.4 35.6 37.7 37.9 37.5 36.5 36.8 39.3 39.5 41.6 42.9 42.3 41.8 44.3 44.1 46.7 45.4 43 46.2 43.8 44.6 45.2 43.9 42.2 40.6 41.1 40.1 42.7 44.5 44.1 44.3 46.6 41.5 38.9 43.4 47.3 46.8 45.3 42.5 42.9 45.5 43.7 37.6 35.1 30 26.7 25.8 24 21.2 19.9 19.4 18.9 20.1 18 18.3 20.1 26 30.5 31 25.4 22.7 23.1 24.3 24 23.3 19.7 16.6 14.3 9.9 7.7 7.8 7.8 7.6 7.4 7.2 7 4.5 4.1 4.1 4 3.8 3.6 3.4 3.3 3.3 3.3 3.4 3.4 3.3 3.3 3.3
31.7 38 40.3 43.9 45.3 45.1 41.4 36.6 37.1 37.9 39.4 41.4 41.8 41.9 42.7 42.8 45.3 44.7 43.3 46.2 47.1 48.3 46.1 44 44.9 41.5 42.5 44.6 44.6 44.1 44.9 47.3 49.7 45 43.1 46 49.1 48.4 45.8 43.3 44.9 46.7 43.6 38.4 32.5 28 25.5 24.4 24.3 21.8 21 21.3 20.2 19.7 18.5 18 17.7 21.4 27.6 28.3 26.4 24.2 25.8 28.2 30.6 31.1 28.9 22.7 17 11.4 7.7 7.7 7.6 7.7 7.7 7.5 7.3 5.2 4.8 4.3 3.8 3.4 3.3 3.3 3.5 3.5 3.3 3.6 3.3 3.3 3.3 3.3
34.8 40.9 45.4 52.1 53.9 50.2 45.4 35.8 36.2 36.8 37.1 39.8 41.2 41.2 40.3 40.1 43.3 43.8 43.9 45.2 46.7 46.7 45.7 44.1 43.9 43.8 45 45.8 44.3 47.5 50.9 53.3 56.1 50.6 43.3 43.6 46.5 47.9 47.2 45.3 47.1 47 44.7 38.7 32.5 27.7 25.1 23 23.4 21.4 22 21.9 20.1 19 18.6 18.1 17.5 18.6 22.6 25.8 25.7 26.1 29.9 33.1 35.5 38.1 37.1 33 24.4 16.6 8.1 7.5 7.4 7.5 7.5 7.6 7.6 4.7 4.2 3.8 3.6 3.4 3.3 3.3 3.3 3.3 3.3 3.4 3.3 3.8 3.6 3.3
35 46.5 54.5 58.1 57 52.1 46.3 37.6 35.4 35.3 36.2 38.6 39.9 40.5 40.4 39.2 42.7 40.5 43.2 44.7 45.8 45.9 46.1 46.1 45.8 46.2 44.9 46.5 49.1 56 56.2 59.2 65.3 57 46.9 43.7 46.3 49.1 50 47 45.8 44.7 43.2 39.4 33.1 28.4 24.6 21.6 21.7 22 23.1 21.5 19.4 19.1 18.8 18.2 17.8 18.7 21.4 23.7 26 29.3 33 36.9 41.6 45.3 43.1 39.8 32.8 21 9.9 7.9 7.2 7.2 7.3 7.3 6.6 4.3 4.1 3.9 3.7 3.5 3.4 3.3 3.3 3.3 3.3 3.3 3.3 3.6 3.5 3.3
37.5 49.6 54.7 57.4 54.3 50.7 45.1 38.4 34.9 34.8 34.9 35.6 36.8 38.8 40.3 40.1 38.5 37.6 40.8 44.4 44.5 45.7 46.6 47.2 47.1 46.5 46.1 45.7 56.6 59.9 63 63 65.8 59.6 52.5 46.2 48.7 52.5 50.1 47.1 45.4 43.4 42.3 39.6 33.6 28.6 24.4 21.5 21.1 22.2 23.7 22.4 21 19.2 18.9 18.4 18.3 19.9 22.1 25.1 27.5 32.3 37.8 41.7 46.8 49.2 48.4 45.1 38.7 28 14.4 8 7 7 7 7 4.8 4.6 4.1 3.9 3.7 3.6 3.4 3.3 3.3 3.5 3.3 3.3 3.3 3.3 3.4 3.3
36.6 50.2 53 52.8 50.1 46.5 42.5 37.4 34.9 34.7 34.7 34.9 36.5 38.5 40.1 39 37.1 37.9 40.9 43.2 44.2 44.9 44.6 46.8 44 42.2 47.7 49.7 57.3 62.5 65.7 65 63.4 60.5 54.7 51.3 51.1 52.1 50 47.6 44 42.7 41.7 38.9 34.4 29.2 24.5 23.3 25.8 22.1 27.2 29.7 23.9 19.9 19 18.8 19.9 23.4 27 28.9 30.9 36.4 42.2 46.2 50.8 52.8 51.5 49.3 42.9 34.2 18.6 8.6 7.1 6.8 6.8 5.4 4.7 4.5 4.3 3.9 3.7 3.5 3.4 3.3 3.3 3.5 3.8 3.3 3.2 3.4 3.2 2.9
36.8 50 51.5 47.4 45.5 42.6 38.8 35.7 34.9 34.9 34.9 36.8 37.9 39.9 38.6 38.1 35.1 37.1 40.4 42.9 43.7 43.5 41.7 42.3 39.9 45.1 48.7 51.5 58.3 63.6 64.9 63.3 61.3 60.1 55.5 54.4 52.3 53.2 50.5 47.7 43.8 43.2 42.1 42 40.5 34.8 31.6 26.6 26.5 24.8 29.7 37.8 31.6 23.5 20.7 19.8 22.3 26.8 31.6 35.7 37.9 40.7 45.5 50.6 54.3 55.7 52.8 49.8 44 36.7 24.5 10.1 7 7.1 6.9 4.1 4.2 4.4 4.4 4 3.6 3.5 3.3 3.3 3.3 3.4 3.4 3.5 3.4 2.5 3.4 3.4
