data/240000-80000.asc
ncols 200
nrows 200
xllcorner 240000
yllcorner 80000
cellsize 50
[rows 0 to 34 of 200, columns 79 to 157 of 200]
147.9 137.8 136.1 140 143.2 144.7 144.8 143.9 142.8 140.8 138.7 135.5 131.1 125.9 119.9 114.9 110.9 106.5 102.8 100.7 99 98.9 99.7 101.7 103.6 104.8 106.1 107.3 108.3 108.2 108.9 110 110.3 110.7 111.1 111.2 111.6 111.4 110.5 109.6 108.4 107.4 106.6 105.6 104.6 104.4 104.9 103.9 103 102.4 101.7 102.3 102.1 102.2 102.5 102.7 102.1 102.7 103.9 103.4 104.7 107.6 112.6 112.9 113.2 120.3 129.3 140 146.3 148 148.2 146.9 142.7 139.2 137.2 135 133.6 128.6 126.3
152.9 145.9 137.9 132 136.9 138.9 138.3 137.8 137 135.4 133.4 129.3 126.8 123 117.6 112.4 108.8 105 102 99.9 98.5 98.5 98.9 99.9 101 101.8 102.5 104 105.3 105.4 105.9 106.4 106.4 107 107.6 108 108.6 108.8 108.8 108.1 107.6 107 106.6 105.5 104.3 103 103.3 102.6 101.8 101.4 101.5 102.3 102.2 102.6 102.7 102.4 103.7 103.6 103.9 107.9 112.1 112.4 111.6 116.2 127.1 137.3 145.8 152.4 155.6 156 153.5 149.7 144.1 140.2 136.9 134 131.9 130.9 130.2
155.4 150.9 145.3 134 129 132.5 132.6 132.3 131.6 129.7 127.4 125.1 122.3 118.8 114 109.5 105.9 103.1 101.1 99.1 98.1 98 98 98.5 99 99.6 100.5 101.6 102.5 103 103.4 103.9 104.8 105 106 107.1 107.3 107.8 108.3 108 107.8 107.3 106.9 106.7 106.3 104.6 102.4 101.2 101.3 101.7 100.8 101.4 102.4 103.3 105.5 109.3 110.6 111.2 111.9 112.4 115.9 120.9 123.9 128.1 136.7 145.2 152.7 155.6 155.6 153.8 151.2 147.2 143.5 140.2 137.9 136.6 135.6 135.4 135
154.3 150.7 145.3 137.6 126.2 125.5 126.9 126.5 125.6 123.8 121.3 119.2 117.7 114.6 110.7 106.9 104 101.9 99.9 97.9 97.7 97.4 97.2 97.6 98.2 98.8 99.1 99.9 100.6 101.2 101.8 102.7 103.6 104.4 105.5 106.9 107.1 107.6 108 108.2 108.4 107.4 106.6 106.9 107.2 107.7 108 108.1 107.6 107.1 101.4 102.5 107.1 107.3 108.8 110 109 107.4 112.5 116.4 118.7 121.6 125.3 129.1 133.2 139.8 143.9 147 148.5 147.9 148 146.5 144.1 142.4 140.4 139.9 139.9 140.2 140
151.3 148.3 144.3 139.2 129 120.3 120.6 121.3 121 119.6 117.1 115.1 113.3 110.3 107.6 104.8 102.8 100.7 98.6 97.5 97.2 96.9 96.6 96.8 97.5 98.1 98.4 98.7 99.3 100.2 101.1 102 103 103.9 105.1 106.4 104.1 104.5 104.8 107.1 110.1 113 115.3 115.6 113.8 111.7 113.7 111.8 100.2 99 99.2 103.7 106 109.2 111.1 112.3 112.2 110.4 111.9 113.2 117.4 119.4 122.6 125.9 128.4 132 135.2 139.1 142.7 145.6 146.7 147.5 148.4 147 144.1 145.4 145.3 146.1 147.1
146.7 144.8 142.2 138.2 132.3 123.4 116.2 115.6 115.8 114.9 113.6 111.1 109.3 106.9 105 102.8 100.9 99.2 97.4 97.1 96.8 96.4 96.1 96.3 96.8 97.5 98 98.8 99.8 100.6 101.5 102.5 102.5 102.8 104.1 107.6 109.5 112.1 114.5 115.9 117.4 119.6 122.2 121.8 116.8 110.2 110.2 103.4 100 100.8 101.3 103.7 105.3 107.5 109.3 110.3 110.7 113 114.2 116.4 117.8 119.9 122.2 125.6 127.8 129 132.8 137 141.2 145.2 148.1 149.8 150.7 151.5 149.7 150.9 151.8 153.2 154.7
141.3 139.8 137.8 134.5 130.2 124.6 117.6 113.2 112 110.6 109.4 107.8 106.1 104 102.5 100.8 99 97.5 96.6 96.5 96.2 95.8 95.5 96.1 96.6 97.8 98.8 99.6 100.5 101.2 101.5 104 105.2 106.3 109.9 111.7 114.8 119.1 120.1 121.2 121.2 118.9 119.4 114.9 106.7 101.6 100.3 99.4 99.7 100.4 101.5 103 104.6 106.4 107.9 109.4 111.1 113.6 115.7 117.9 119.9 122.2 125 128.7 132.3 134.8 137.8 140.8 144.4 149.2 151.9 153.6 155.4 155.9 156.4 157.3 159.7 161.8 163.5
132.5 131.5 131 128.7 125.9 121.1 115.3 111.5 109.7 108.1 106.3 104.9 103.6 102 100.4 98.9 97.5 96.2 95.8 95.8 95.5 95.2 95.5 96.8 97.5 99.3 100 100.2 103.4 104.6 106.4 108.8 110.5 113.4 117 119.2 122.4 125.1 122.8 119.9 115.9 109.8 104.5 100.5 98.8 98.8 98.9 99.1 99.9 101.7 103.5 105.1 106.2 108.3 109.4 110.5 111.6 114.1 116.9 120 123.5 126.4 128.4 132.8 137.2 141.3 143.6 145.7 149.5 155.1 158.5 159.8 162.1 163.6 163.8 163.5 167.4 170.5 172.3
123.9 123.9 123.8 122 118.7 115.6 113 109.7 108 106.8 105.1 103.5 101.9 100.5 99.1 97.7 96.2 94.8 94.9 95 94.8 94.5 96.1 96.9 99.1 101.3 104.4 107.5 110 112.5 115.5 117 118.6 121.4 123.5 123.8 123.1 120.6 115 109.1 103.4 98 98 98.2 98.1 98.2 98.5 99.3 100.5 103.6 105.3 107.1 109.2 111.7 113.6 114 113.6 114.8 119.2 123.2 127.5 130.6 134.2 138.4 143.9 147.8 151.2 154.3 156.2 160 163.7 166.9 168.2 168.8 169.6 169.5 174 178 180.2
116.8 116.6 115.6 114.3 113.5 110.6 108.6 107.6 106.2 105.1 103.9 102.3 100.7 99.3 97.9 96.4 95 94 94.4 94.2 94.2 96.9 98.1 100.9 104 107.2 111.9 115.7 118.7 120.4 123.3 125.3 124.2 122 118 113.8 112.2 107.8 102.4 98.3 98.1 97.4 97.2 97.5 97.8 98 98.7 101.5 102.7 105.5 107.3 109 113 116.8 119.4 120.5 119.2 117.1 119.8 124.3 130.6 135.9 140 145.3 150.6 155.1 158.5 160.3 161.8 163.9 166.8 170.5 172.2 173 173.9 173.9 177.2 181.7 184.6
111.1 110.5 109.9 108.9 108.2 107.1 106.5 105.2 104.9 104.1 103.2 101.3 99.6 98 96.6 95.2 94 93.4 94.1 97 97.7 95 101.4 107.9 112.3 116.2 119.9 123.3 124.8 125.6 124.7 121.6 116.6 110.4 104 101.2 100.1 97.5 97.4 97.2 97.6 97.7 97.3 97.7 99.1 100.5 102 103 104.2 107.7 110.1 113.2 117.2 121.1 124.3 125.7 124.7 121.9 119.6 123.2 131.8 138.3 144.9 150.4 154.5 159.4 164.2 165 165.3 167.4 169.6 172.8 175 176.1 177.4 178.6 180.4 182.9 186.3
106.1 106 105.9 105.8 105.6 105.1 104.6 104.4 104 103.4 102.6 100.5 98.8 97.6 96.3 94.2 93.4 95.6 97.6 94.1 94.7 98.7 108.9 115.2 119.5 121.6 120.7 119.1 117 115.5 113.1 108.3 105.9 100.4 97.1 96.7 96.7 96.8 97.1 96.9 97.6 98.4 98.3 100.3 102.3 106 105.3 106.5 111 116.1 116.9 115.1 121 125.3 129.3 130.9 130 128.9 127.1 125.5 127.2 132.2 137 142.7 149.6 156.8 162.8 166.8 168.6 171 173.6 176.4 179.1 181 182.6 184 185.6 187.7 188.5
102.9 103 102.9 102.9 103.2 103.2 104.3 104.5 104.6 104 102.2 101.2 100.3 98.3 97.6 98.6 98.4 94.8 91.8 92.4 95.3 106 112.8 115.5 114.8 112.4 111 108.7 106.1 104 102.5 100.8 97.8 94.9 95.4 95.4 95.7 96.2 96.7 98.4 99.4 100.5 100.1 103.4 112.6 115.1 116.6 117.9 118.9 122.9 124.2 120.3 123 129.8 134.3 135.8 135.4 134.5 134 133.8 133.1 134.3 138.2 143 145.9 151.6 158.4 165.7 171.2 175.3 178 180.8 183.4 185.9 188 189.6 190.8 191.6 191.8
100.6 100.3 100.2 100.7 101 103.1 105.1 107.2 108.9 108.5 107.1 106.7 104.8 100.9 99.5 98.5 94.2 91.4 91.3 91.9 95.6 100.5 102.1 103 103 102.7 102.2 100.6 99.4 99.5 98.8 95.7 94.3 94.6 95.4 95.7 95.8 96.8 98.6 102.5 103.8 105.7 104.5 104.8 113 117.2 120.9 126.2 127.2 130.1 132.7 130.1 123.5 128.6 133.7 136.7 138.1 138.9 140.5 141.9 142.4 143.6 148 151.6 155 157.4 163.6 170.1 175.1 180 182.8 185.1 187.7 189.6 190.9 190.7 189.9 188.5 186.6
98.7 98.5 98.5 99.4 101.4 103.9 106.3 110.1 112.3 113.1 113 111.9 102.4 100 96.3 96.2 92.6 90.9 91.1 91.2 91.4 92.2 92 91.3 92.9 95.1 95.3 95.1 94.5 94.7 94.8 94.3 94.4 94.2 95.3 96.7 97.7 101 106.6 111.1 112.7 114.9 114.4 106.2 108.7 118.2 123.9 130 135.2 137.1 137.2 134.3 130.4 128.6 131.3 135.8 140 144.4 147.3 149.5 152 153.8 157.8 160.9 164.2 167.3 171.8 176 181 185.1 187.4 187.8 188.9 185.7 183.7 183.2 181.2 178.8 176.6
96.7 96.7 98.2 99.6 102.6 105.6 107.3 110.5 113.3 114.2 104.9 100.4 101 92.3 90.1 91 90.4 90.6 90.8 90.9 91 90.6 90.9 90.8 91.7 92 92.4 93.4 93.2 91.8 92.8 94.3 94.6 96.1 98.7 100.5 105.7 112.3 115 118.9 121.5 122.5 122.9 119.5 107 114.2 126.1 130.8 137.9 138.9 139 137.2 135.8 135 135.6 140 143.5 149.3 153.9 159.4 162.1 163.2 166.8 170.1 173.4 175.9 178.5 182.7 186.3 189.9 189.1 185.3 182 178.7 176.5 175 173.9 171.2 170.1
95.3 96.9 98.6 102.5 104.5 105.3 107.4 110.9 104.8 100.1 102.7 94.1 88.7 89.1 89.2 89.5 90.1 90.3 90.5 90.6 90.5 91.1 89.6 91.9 92 92.3 92.4 93.4 93.7 94.3 94.6 95.5 97.4 99.5 105.2 106.6 113.3 119.3 124.4 128.4 130.6 132.9 132.2 123.2 111.8 110.1 122.9 129.8 132.6 136.6 139.8 141.4 142.6 142 141.4 146.5 150 153.7 161.5 162.7 168.8 171.7 174.7 177.8 181.6 185.3 187.5 188.6 190.9 189.1 184.3 179.4 175.2 172 169.8 168.6 166.9 166.1 166
94.3 97.4 101.6 107.4 103.6 103.2 101.4 99.3 101.2 97.5 89.5 87.7 88.6 88.7 89.1 88.3 89.8 90 90.2 90.4 90 91.2 91.2 91.9 92.3 92.6 92.4 93.4 93.8 95.9 97.6 98.9 105 114 120.1 118 118.6 125.9 131.9 136.8 140.3 138.7 131.6 118.4 117.8 115.5 117.6 129 133.3 136.9 142.2 145.7 148.5 148.9 149.4 152.4 158.4 161.3 164.9 171.3 175.5 178.8 181.8 185.3 190.3 192.8 192.3 190.3 187.3 183 178.4 173.8 169.3 166.7 165 163.9 163.5 163.6 163.4
95.8 98.6 103.4 104.7 97.3 98 93.1 91.2 88.5 87.2 88.2 86.5 88.4 87.7 88.4 90 90.5 91.7 93.6 95.2 95.7 97.8 100 102.5 102.4 101.2 102.5 97.2 99.9 101 103.8 112.6 123.2 127.8 130.1 128.4 124 132.5 139.5 144 141.8 137 127 126.8 129.3 128.2 115.2 126 133.7 140 145.7 150.1 153.7 156.7 158.1 160.3 166.6 168.2 172.3 177.2 181.4 185.4 189 192.1 194 192.8 188.1 184.9 180.5 176.1 172.2 167.8 165.4 164.3 163.2 162.1 161.1 161.2 160.8
96.7 97.5 95.4 95.2 88.2 86.9 85.9 86 87.5 87.3 88 89 88.8 89.7 91.2 92.9 96.7 97.5 100.3 101.4 103.9 108.2 112.5 115.1 114.7 111.7 109.6 106.7 110.8 111.5 111.5 119.6 130.2 136.5 138 135.2 129.3 134.5 140.4 143.1 141.7 135.9 136.8 139.5 141.8 137.9 121.1 123.2 134 143.1 149.5 154.5 159.5 164 166.5 168.4 173.1 177.7 180.5 183.3 186.6 190.6 193.2 193.6 191.4 187.9 183.6 179.2 174.8 170.3 166.7 164.9 163.5 162.5 161.5 160.3 159.2 158.2 158.2
93 89.3 86.3 85.4 86.6 86.7 87.1 87.5 88.5 89.1 90.1 90.3 90.5 91.2 93.8 98.7 100.8 106.3 108.8 112.7 114.2 112.1 114.1 115 115.5 116.6 118.3 119.6 121.2 120.7 115.2 114.3 124.5 133 136.5 137.4 136.9 138.3 141.2 143.8 144.8 142.7 147.7 150.5 150.9 146.3 128.5 123.1 134.3 144.3 152.7 159.7 165.3 170.3 174.2 177.4 180.1 184 186.3 188.9 191.5 193.8 192.7 189.9 186.5 182.6 178.3 174.2 170.6 166.5 164.5 162.9 161.6 160.5 158.9 157.8 156.2 154.6 154
85.6 85.8 84.9 85.7 86.6 87 87.6 88.4 89.7 90.8 91.7 92.2 91.8 92.7 101.5 106.8 110.2 114.3 110.9 106.6 106.6 109.1 111.8 112.6 115.8 119.2 123.4 126.7 128.9 130.2 128.1 122.1 126.2 133.6 139.4 142 143.6 145.5 148.1 150.6 151.5 151.5 154.7 157.5 157.4 152.7 135.2 122.8 133.6 144.5 155.2 163.5 170.3 175.5 180.4 182.8 185.7 188 190.8 191.9 193.5 192.1 189.2 185.4 181.7 177.7 173.9 170.1 166.6 164.2 162.6 161.3 160 158.8 156.9 155.3 154 153 152.5
84.7 85.7 86.5 86.7 86.9 87.9 88.8 89.9 91.2 93.2 95 97.1 96.2 93.8 98.7 111.4 107.1 100.9 102.7 106.2 111.4 115.4 118.1 117.8 116.1 122.3 128.2 132.4 134.5 137.4 137.3 134.3 129.9 136.7 143.3 147 150.5 153 155.4 158.2 159.3 159.5 161.3 163.6 163.8 158.5 141.5 123.4 132.4 143.7 155.1 167.3 174.3 180.1 184.3 187.2 189.5 191.5 193.7 193.9 192.7 190 186 181.6 177.6 174 170.5 166.9 164.8 163.2 161.4 160.2 159.1 157.6 156 155.1 154.3 153.7 152.9
84.2 86.2 87.1 87.7 89.4 90.6 91.3 95 98.2 101.7 106 109.3 108 101.3 95.7 97.5 98.9 103.2 109.2 113.7 116.9 120.6 123.4 124.3 123.3 119.7 128.3 134.3 138.3 141.8 143 142.8 137.2 139.2 145.4 151 155.1 159.3 162.9 164.9 166.3 166.9 167.7 169.5 169.7 164.2 147.8 126.8 129.8 141.7 154.9 168.3 177 183.1 187 190.1 192.8 194.6 195 192.6 190.1 186.5 182.3 178 173.9 170.5 167.6 165.6 164.3 162.7 161.2 159.9 158.6 157.3 156.8 156.4 155.7 154.7 153.8
86.7 88.1 90.2 90.9 93.1 95.5 98.5 103 108 112.9 117.7 120.8 117.4 109.1 99.8 98.1 102.6 109.3 113.8 118.6 122.1 125.3 128.7 130.5 130.8 126.1 124.6 132.6 140.6 143.3 147 146.7 145.2 143.3 147 152.9 159.1 163.7 167.1 169.3 171.3 172.7 173.9 175.1 174.9 169.9 155.4 135.3 124.5 136.4 149.3 162.7 174.3 182 187.5 192.1 194.6 195.2 194.2 190 186.6 182 178.1 174.1 170.6 168.5 166.5 164.8 163.9 162.4 161.1 159.8 159 158.5 158.1 157.6 157.2 156.1 155.4
88.6 91.4 95.4 98.7 100.9 103.2 106.5 111.1 116.4 121.5 126.6 128.8 124 112.5 103.3 104 102.6 107.5 115.4 121.6 126.3 130 134 136.2 137.3 135.3 128.7 128 134.7 141.1 146 149.8 149.3 148.5 148 154.7 161 166.8 169.4 172.9 175.8 177.5 178.7 179.9 180.1 177.4 165 148.7 129.6 128.7 138.4 150 161.7 172.4 183.1 188.3 189.9 189.2 187.6 185.3 181.2 177.1 173.2 170.5 169 167.4 166.1 165.4 164 162.9 161.7 160.8 160.1 159.7 159.3 159.2 159.7 160.1 160.2
93.8 97.4 100.6 105.6 107.8 110.2 113 117.4 123.2 128 133.1 133.5 125.1 113.7 108.7 111.6 109.9 106.1 113.8 122.3 129 134.4 139 141.7 142.9 142.1 138.3 134.8 132.4 132.8 141.9 147.7 151.5 152.2 153.1 155.7 161.1 166.8 171.9 176.1 178.7 181.6 182.9 184.2 185.1 183.8 175.5 159 144 128.4 130 137.5 146.5 157.4 166.9 171.9 173.8 174.6 175.4 173.9 172.1 170.2 168.1 167.2 167.3 166.2 166.8 166.2 166.1 164.8 163 162.2 161.9 161.9 162.4 163.2 165.6 166.7 167.6
99.2 103.4 107.5 111.6 114.5 116.7 119.3 123.7 128.6 133.7 133.8 130.8 123.4 112.7 111.9 117.6 118.4 113.1 109.4 119.4 128.3 135.6 140.9 144.4 145.9 146.6 146.1 144.3 143.9 138.4 135.7 143.3 148.2 152.2 155.5 158.4 162.2 166.7 173.4 178.6 182.4 185.7 187.3 188.4 188.7 187.7 182.6 168.4 152.7 136.5 128.2 129.8 135.7 143.8 150.9 154.9 158.1 159.9 161 162 162.9 163.9 164.8 164 165.7 167.9 168.6 169.2 168.7 168.2 166 166.2 166.7 168.8 169.6 172 173.4 174.1 176.4
102.3 107.7 112.2 115.6 119.4 122.5 126.2 132.4 136.2 137.3 134.4 128.7 120.6 116.9 122.1 125.2 126.8 123.4 116.4 112.9 122.3 132.3 139.6 144 149 150.7 150.9 150.8 149.9 148 143.9 139.7 143.9 149.8 155.9 160 164.6 169.6 175 181.9 186.7 189.8 191.6 192.2 192 190.6 186.1 172.7 155.8 142.4 133.3 130.8 131.3 133.4 139.2 143.3 146.7 149.2 151.3 153.2 154.7 155.7 158.6 160 166 169.8 171.3 172.9 172.4 173.5 172.4 172.6 175.6 179.3 180.9 180.8 180.5 182.3 182.1
104.9 110.7 116 120.6 125.2 129.2 134.1 137.4 138.9 137.9 134.1 129 122.7 127.5 129.6 131.7 133.1 132.3 128.3 121.3 117.4 126.4 136.2 143.6 149.5 153.5 154.8 154.8 154.8 154 151.5 145.8 143.5 146.9 153.4 160.7 166.9 171.5 178.5 185.3 190 193.5 195.7 196.3 195.1 191.9 185.8 173.4 154.2 142.8 136.2 133.9 133.4 134.1 134.8 135.7 138.2 140.3 143.2 144.6 148.1 151.2 156.2 161.7 169.2 172.7 174.4 176 178 179.7 179.2 181.7 186.9 188.7 188.4 187 185.4 183 179.9
105.8 113 119.2 125.6 129.7 133.1 135.4 136.7 137 136.7 134.5 131.3 129 133 136.2 137.6 138.9 139.1 139.2 135.4 128.7 122.2 130.9 140.7 148.2 154.2 156.7 158.3 158.3 158.1 157 151 147.9 146.7 150.6 157.3 164.8 173.3 179.5 185.7 191 195.2 197.7 198.5 197.8 193.1 182.7 167.4 149.5 143.2 140.3 138 138.6 139.1 139.1 139.2 140.6 140.8 142.3 146.7 151.2 156.1 161.8 167.3 172.4 176 178.5 179.7 181.7 184.1 189 191.2 193.3 191.7 189.1 186.9 184.5 179.8 175.6
107.3 117.5 122.9 127.2 130 130.8 130.8 132 134 134.7 135.4 135.2 134.9 136.9 140.4 143.2 144.8 146.1 146.1 144.4 139.8 133.3 126.3 134.9 144.9 152.1 156.3 159.5 161.5 161.8 158.7 157 152.8 150.6 151 154 161.7 170.6 177.4 184 190.1 194.2 196.7 197.8 197.8 190.7 176.4 157.7 147.4 143.5 141.7 142.1 144.5 146.1 148.1 147.6 147.7 147.1 144.5 147.6 152.8 160.6 166.8 172.4 177.3 180.4 182.3 183.3 185.4 190 193 194.5 193.8 189.6 186.2 184.2 179.8 175.6 171.9
105 112.8 118 120.9 123.5 125.2 126.5 127.6 129.6 132.9 136.2 137.8 140.1 141 144.1 147.3 149.5 150.6 151.5 150.4 147.7 143.4 136.4 130 139.2 149.2 155.2 160.5 163.3 163.6 163.9 162 158.7 155.8 154.8 153.7 157.9 165.9 173.4 180 186.3 190 193.1 194.8 193.7 183.8 166.1 156.8 149.5 146.3 145.2 145.2 147.7 151.8 155.7 158 158.2 158.2 156.6 150.3 153 162.3 169.6 174.6 178.3 181.8 183.9 185.9 186.7 189.7 192 191.1 190.2 187.4 183.3 179.4 173.7 169.5 162.2
95.2 101.6 105.7 111.2 114.9 118.4 121.5 123.4 127 132.4 137.5 140.3 143.6 145.1 148.1 151 153.2 155 156 156.5 155.4 152.5 145.7 137.7 138.5 148.9 155.4 160.9 165.1 166.1 167.1 166 164.2 162.8 162 160.7 161.8 164.4 169.1 175.9 181.2 185.3 189.1 190.4 185.1 173.5 162.6 156 153.6 152.9 154.1 152.7 154.4 157.8 163.1 166 166.1 165.6 163.8 160.6 156.8 159.1 168.1 171.6 175 177.5 180.4 183 185.9 187.9 187.9 187.4 185.8 183 178.7 174.2 168.2 163.3 159.6
97.1 97.8 99 101.9 107.3 111.5 115 120.8 126.6 132.3 138.2 142.4 146.7 149.3 152.3 154.8 156.6 158.1 159.9 160.3 160.1 158.2 153.9 148.4 139 152.7 159 163.6 167.1 169.4 170 169.9 168.6 167.6 167.8 169 169.9 170.7 172.2 173.9 177.6 181.6 183 180.5 174.4 167.7 161.3 160 158.9 160.7 164.7 163.1 163.2 163.7 167.2 171.3 172.3 171.7 169.8 167 163 160.7 161.6 165.6 170.7 174.1 177.3 180.1 182.9 185 184.5 184.3 181.2 177.4 173.7 169.8 166 160.4 152.4
