data/240000-670000.asc
ncols 200
nrows 200
xllcorner 240000
yllcorner 670000
cellsize 50
[rows 108 to 143 of 200, columns 81 to 161 of 200]
131.9 110.7 116.6 145.9 155.8 157.1 163.1 165.7 161.9 160.1 158.8 159.8 159.8 160.8 171.4 176.9 177.8 173.4 174.2 188.7 199.3 192.3 188.8 201 251.4 264.9 276.2 274.5 273.1 269.1 280.7 280.7 278.6 279.1 285.1 284.5 287.5 292.8 293.5 291.8 287.5 286.3 285.9 295.4 297.4 300.6 301.5 299.8 297.8 296.3 297.8 301.8 303 303.5 304.2 302.4 300.4 298.3 295.3 290.4 287.1 282.4 275.8 270.6 262.1 253.4 250.2 243.9 238.9 236.5 234.9 234.2 231 226.2 221.9 218.3 216.7 212.4 206 185.2 190.2
126.9 106 114.2 139.9 144.1 148 153.6 153.2 149.6 147 145.1 141.9 160.1 177.6 179.1 169.7 161.4 159.2 177.2 181.9 178.4 180.1 181.3 195.4 240.2 248.6 263 264.1 263.6 261.3 263.5 271.8 270.6 271.8 274.4 278.2 277 280.8 282.8 281.4 279.6 278.5 277 286.6 290.1 291.4 293.2 292.1 293.2 291.8 292.4 296.6 297.5 301 297.8 296.1 293.2 292.6 291.1 287 282.7 276.4 270.7 266 258 245.6 235 232 228 229.7 228.3 228 226.2 223.5 221.6 218.5 216.6 215.1 207.6 198.1 182.9
116.5 97.6 114.6 130 132.1 137.8 141.2 139.8 136 134.7 138.1 155.8 179.9 193 194.7 184.2 162.3 147.4 162.9 162.6 165.3 172.5 172.7 222.9 228.4 229 246.2 252.2 253.3 254.9 250.7 252.9 256.8 260.1 262.4 263.5 268.9 270.3 271.4 269.8 272.8 271.6 272.8 275.6 283.9 284 284.2 285.1 287.8 286.9 286.5 291.5 292 298.1 293.4 292.1 287.5 287.5 284.9 280.7 277.3 272 266.8 261.2 252.7 236.3 228.5 221.6 217.2 223.3 225 223.8 222.8 221.8 219.3 217 214.8 210.5 204.8 200.4 195.2
99.7 86.2 114.4 119.5 117.7 127.3 129.4 127.6 121.3 123.8 146.2 159.4 177.7 195.2 199.4 204.8 163.5 141.9 144.1 149.8 157.2 163.2 175.3 207.7 216.8 217.4 217.8 228.7 243.3 245.6 243.4 241.6 238.7 245.3 248.1 251.1 252.6 258.1 258 257 260.6 262.7 266.7 268.1 277.5 278.2 277 277.5 278.6 278.7 279.2 285.8 286.4 294.2 293.2 288.5 286 283.8 280 276.1 271.9 266.5 261.8 256.6 245 231.3 224.4 218.5 214.5 215.5 223.4 223 222.2 220.2 218 215.5 212.9 207.1 212.2 210.9 204.4
85.7 91.7 108.2 108.4 105.4 115.4 115 111.8 108.7 130.6 145.5 148.3 168.1 192 197.4 191.7 181.6 144.7 138 144.2 150.8 153.1 169 195.4 202.3 206.1 206.1 211.5 212.3 231.7 233.2 231.3 228.9 231.2 228.5 228.5 236.7 241.1 246.5 246.5 248.3 250.3 258 257.3 269.3 271.7 269.8 270.3 268.9 268.6 271.7 280.1 280.5 287 287.3 284.6 283.3 280 276 272.4 267.1 261.7 258.4 249.8 236.6 227.2 221.2 216.1 211.9 211.7 220.9 223.5 221.2 219.1 217 215 210 208 210.8 209.3 205.8
76.4 92.8 96.8 96.2 92 102 101.2 95.6 112.3 128.1 130.5 143.7 158.2 183 183.4 175.6 172.7 156.2 133.7 138 144.3 139.9 154.3 175.6 189.7 195.4 196.6 198.3 201.8 201.7 208 218.3 215.6 213.9 214 213.1 215.2 221.1 227.1 232.1 235.8 239.6 240.5 241.5 248.2 252.9 255.9 259 257.8 257.2 261.8 269.1 272.5 277.1 280.6 279.6 278.3 276.1 272 267.9 262.4 257.9 257 248.8 234.3 223.2 218.2 213.2 209.9 210.4 212.5 221.4 220.2 216.5 214.2 212.9 208.8 207.4 207.5 208.5 206.5
70.2 82 82.1 80 82.8 87.1 91.7 108 113.8 117.2 126 139.3 169.3 168.8 163.3 158 156.4 153.5 131.2 134.6 134.1 128.8 143.1 149.2 179.4 183.8 186.7 186.8 185.1 186.9 189.5 194 202.7 199.5 197.4 198.9 201.5 202.6 204.4 214 215.8 220.9 225.3 228.7 231.6 231.6 228.6 226.7 231.9 240.1 248 254.1 256.1 264 270.9 276.1 275.9 275.5 271.8 267.4 257.4 251.7 250.8 239.4 226.8 217.5 214.5 213.7 209.2 210.1 212.4 218.2 219.4 214.4 212.9 210.5 208.6 207.4 206.9 207.3 206.2
63.8 68.9 68.9 68.2 74 93.7 106 106.5 106.1 111.5 123 155 159.3 154.9 149.8 146.8 144.3 141.8 134.4 124.6 121.6 120.3 130.7 136.3 137.8 170.9 174.2 174.7 174.8 172.8 169.9 167.4 173.9 174.4 178 176 179.5 183.6 192.4 195 195.6 203.8 209.3 209.7 210.2 215.3 216.1 212.3 211.5 213 219.6 236.4 243.5 249 257.8 263.5 267.2 266.1 264.5 259.9 254.2 250.6 242.6 229.4 220.5 211.7 210.9 211.1 209 210.3 213.6 218.8 220.4 214.9 215.3 211.5 208.2 207.9 207.4 206.7 206
61.7 56.2 57.5 73.6 87.1 94.8 96.6 96.7 100.6 105.9 135.8 146.1 143.1 139.6 135.5 133.7 131.1 129.2 124.8 122.1 116.4 114.6 118.1 121.8 124.8 152.9 162.1 160.4 160 155.2 153.5 155.5 156.6 157.1 159 161.3 161.1 160.4 162.5 172.1 180.4 183.7 187.7 192.6 194.7 193.4 193.4 191.7 191.1 192.1 196.9 202.2 215.8 232 239.4 247.5 255.3 257.5 257.6 254.5 247.3 241.7 235.1 222.9 211.8 206.8 205.5 208 212.3 212.9 217.1 221.7 221 217.8 215.3 212.1 213.7 211.3 208.1 206.5 205.5
56.6 48.3 66 73.9 81.9 84.5 84.5 85.3 94 107.1 123.1 127.1 124 121.8 118.6 115.9 114.2 112 113.1 109.6 113.2 108 103.7 105.6 109.8 116 148.8 147.4 143.9 138.6 137.6 138.3 138.5 142.3 145.7 143.4 147.8 149 151.6 153.7 155.8 160.3 167 170.9 172.4 174.3 175.7 176.7 177.8 177.3 179.2 181.6 187.3 197.7 204.7 213.4 230.3 235.2 235.1 235.6 234.1 228.6 222.2 214.9 205.8 185.8 204.4 212.1 217.7 216.9 221.3 224.3 222.3 216.5 212.8 216.2 213.5 209.3 206.3 205 203.6
50.2 49 59.4 67.6 71.6 73.1 73.4 74.8 92.8 113.4 108.7 112 106.2 104.5 105.1 100.2 95.9 97.3 103.4 100.6 96.3 96.3 93 91.7 95.2 100.5 121.6 131.1 127.2 124.8 125.8 126 126.1 127.4 129.6 133.1 134 137.1 138.6 138.8 141.4 143.7 151.1 153.8 153.8 154.9 155.3 155.8 157.9 159.2 161.6 168.1 172.5 171.7 172.9 176.3 182.1 192.6 203.5 211.2 216.3 214.5 211 207.1 197.1 179.8 200.8 211.7 211.3 214.9 224.6 225.6 222.9 219.8 219.2 215.5 211.9 208.7 206.6 204.7 202.4
45 44.5 55.1 58.3 60.2 63.4 64.7 64.3 85.5 100.3 104.7 101 94.7 90.9 90 86.8 84.3 86.7 89.7 90.7 85.8 84.4 83.7 82.6 84 87.9 97.9 108.4 112.1 110.7 112.1 113.4 113.5 114.1 115.6 118 121.7 125.8 126.6 128.6 130 131.5 133.6 137.7 141.7 143.3 145.5 145.8 146.5 147.2 149.2 151.2 153.1 158.6 161.9 159.9 158.2 161.5 170.3 179.8 186.1 190.7 189.6 187.7 183.2 174.4 187.1 196.5 204.3 216.6 223.2 229.5 227.7 222.7 220.6 216.5 212.2 210.1 208 205.4 202.3
41.5 40.7 46.4 48.3 49.1 52.4 53.4 57.1 74.3 85.3 87.8 86.3 80.4 71.3 67.9 70.9 71.4 73.7 76.1 78.5 78.1 71.2 74.4 74.8 75 75.9 82.7 91.5 97.3 97.8 99.8 101 100.9 101.6 102 105.2 107.9 110.5 114.9 117.3 119.2 122.6 123.7 126 129.3 132.1 134.4 134.9 135.9 139.6 140.4 142.1 143.8 147.3 143.4 150.2 151.2 150.5 149.5 157.8 161.3 163.9 166.1 169.3 171.7 170.3 180.2 186.8 202.4 219 221.1 228 228.7 224.5 220.9 217.5 213.3 211.4 207.8 204.5 201.6
36.5 25.4 40.7 40.9 39.6 41.3 41.1 41.8 57.8 65.6 67.6 66.3 61.9 58.5 57.7 59.8 61.1 61.6 62.1 66.4 68.5 63.8 62.7 63 63.9 64 66.7 72.3 78.9 83.7 88.7 90 89.8 90.8 90.7 93.4 95.6 98.3 102.4 106.4 108.2 112 115.4 117.2 117.6 118.2 118.5 119.9 122.1 125.1 129 131.3 133.3 138 137.7 130.9 139.3 142.5 145.7 145.7 148.4 149.7 151.9 152.4 153.4 158 167.8 178.2 194.3 212.9 217.5 219.5 224 223.3 220.1 217.2 213 210.5 206.2 202.7 199.4
30.6 34.1 31.5 31.8 31.3 31.9 33.2 34.1 37.5 40.3 41.8 42 40.8 45 46.1 47.9 50.6 52.6 52.5 53.9 58.5 56.6 53.1 52.1 50.8 50.8 50.3 55.1 60.5 64.4 71.9 78.6 79.3 80.7 81.9 83.1 85.1 87.6 91.3 95.3 98.4 101.1 103.6 108.7 110.7 109.6 108.8 108.7 109.3 108.6 110.4 113.5 117.2 120.8 124.1 126.7 123.3 121.2 131.1 137.1 139 142.9 145 147 147.8 150.5 158.3 166 177.5 192.1 203.6 212.9 214.1 216.8 217.7 215.6 211.3 207.3 204 200.4 196.5
23 21.2 18 15.6 13.1 14 17.4 20.6 23.5 26.2 27.4 28.1 28.5 30.8 33.9 35.5 37.6 44.2 47.2 51.2 48.6 43.1 36.8 43.1 42.2 36.7 35.6 33.9 41.8 52.2 54.7 61.2 68.5 71.3 73.4 74.9 76 79.1 81.7 85.1 88.2 91.1 92.7 94.5 96.2 98 97.9 97.5 98.1 99.1 100.5 101.3 102.8 106 110.1 115.3 116 116.5 114.2 116.2 126.7 127.4 132.9 136.8 141.1 148.3 150.3 153.3 163.6 171 181.1 191.5 199.5 205.6 205.4 205.1 204.6 202.4 199.5 196 192.5
15.1 11.2 11.9 9.5 7 6.1 5.9 6.7 8.8 10.3 13.6 14.8 13.6 14.2 21.3 22.5 25.4 30.9 33.4 39.7 38.2 31.2 26.1 30 34.3 29.9 27.9 26.7 30.2 40.1 45.8 48.4 53 58.1 63.9 66.5 67.8 69.9 71.5 75.4 78.4 82.3 84.7 86.3 87.3 88 87.6 87 87 87.7 90.2 94.5 96.7 98.7 100 103.7 108.6 109.2 109.1 109.5 110.5 112.7 118 123.5 128.7 141.1 145.9 145 152.2 160.2 163.7 169.7 176.4 181.9 186.1 191.5 192.5 194.2 193.1 190.3 186.2
11 10.9 8.9 6.2 4.4 4 3.5 3.3 3.9 6.7 7.8 7.5 8.8 9.6 11.6 13.9 9.5 11.3 17.7 24.1 22.6 18.3 19.4 19.7 26.3 24.8 20.6 18.2 20 26.4 37.9 41.4 42.4 49.3 53.5 58.6 60.4 62.7 66.3 69.4 72.3 75.5 77.2 79.9 85.2 87.8 88.4 87.2 84.1 78.6 85.3 92.6 97.9 99.7 99.6 98.1 98.3 102.3 105.7 106 106.1 107.7 112.4 114.4 123.4 127.6 132.7 137.8 142.7 148.4 151.1 155.7 162.5 167.3 170.4 171.5 172.5 177 181.1 180.7 177.1
4.5 4.5 4.4 3.2 2.8 2.9 3.4 -1.5 -1.5 -1.5 -1.5 3 3.5 5.3 5.1 5.7 6.5 11.8 8.1 9.4 10.4 16.6 15.2 15.4 16 15.8 13.7 12.8 13 15.5 20.8 32.5 37.8 43.9 47.6 51.1 52.8 62.3 69.1 71.6 75.2 76.3 76.3 75.2 78.3 81.8 85.2 87 87.2 82.6 76.6 84.6 89.7 92.7 92.4 91.8 96.1 95.5 102.3 103.8 103 103.3 106.8 107.7 112.4 115.1 116.2 119.7 126.4 134.4 137.8 144.3 152.2 153.7 156.3 158.1 158.7 159.9 160.2 162.5 165.4
4.7 5.9 5.9 3 3.6 2.8 -1.5 -1.5 -1.5 -1.5 -1.5 -1.5 -1.5 -1.5 -1.5 3.8 4 4.6 5.5 11.4 10.9 11.5 11.7 13.1 12.8 12.5 11.8 12.2 11.8 13.7 16.6 21 29.3 36.8 40.6 41.1 51.1 60.6 67.3 72.9 77.6 80.7 81.6 81.4 78 76.7 77.6 78.8 79.5 77.9 73.9 70.4 78.6 83.7 85.7 87.7 88 90.5 90.6 92.4 95.6 98 99.4 100 105.7 107.6 109.1 108.8 110.6 116.3 122.7 130.6 141.3 143 144.4 145.5 146 146.5 146.5 146.8 146
4.5 4.4 5.3 -1.5 -1.5 -1.5 -1.5 -1.5 -1.5 -1.5 -1.5 -1.5 -1.5 -1.5 -1.5 -1.5 -1.5 -1.5 4.7 5.4 10.4 7.6 6.1 6.3 9.1 9.3 10.2 10.2 10.5 11.8 13.3 16.1 21 25 30.9 35.6 45.4 51.1 56.9 63.5 69.1 72.5 78.2 80.2 79.3 77.4 76.7 75.4 74.4 72.1 69 62.5 65.2 71.6 76.8 79.7 80.5 82.4 82.4 83.5 87.2 90.7 90.6 94.9 98.1 100.3 101.8 102.8 102 101.8 109.1 113.9 121.2 130.9 132.8 133.2 133.9 136.2 136.5 136.6 135.3
-1.5 -1.5 -1.5 -1.5 -1.5 -1.5 -1.5 -1.5 -1.5 -1.5 -1.5 -1.5 -1.5 -1.5 -1.5 -1.5 -1.5 -1.5 -1.5 2.9 4.1 5.4 6.7 6.9 3.4 7.5 8.5 9.4 9.2 10.9 12.5 13.9 20.4 23.4 26.4 27.9 31.7 38.2 43.3 49.3 55.1 59.2 66.5 70.7 74.4 75.1 73.3 72.2 69.8 66.9 64 59.7 56.2 57.5 65.1 70.1 71.5 74.4 76.9 77.9 78.6 80.8 78.9 86.7 89.8 92 93.6 95.1 95.2 94.4 97.6 99.5 100.3 106.5 113.1 121 123.7 126.2 127.1 127.8 127.8
-1.5 -1.5 -1.5 -1.5 -1.5 -1.5 -1.5 -1.5 -1.5 -1.5 -1.5 -1.5 -1.5 -1.5 -1.5 -1.5 -1.5 -1.5 -1.5 3.4 3.4 4.1 4.9 4.8 5.9 6.5 4.8 7.5 7.1 8.9 10.8 14.6 16.3 17.1 20 24.4 25.5 26.7 29.6 35.4 42.9 47.8 54.4 59.4 63.1 65.4 65.7 65.1 63.6 61.2 58.3 54.5 51.6 50.3 52.7 57.6 61.7 62.6 65.6 68.9 72.6 72.5 74.5 76.7 78.8 82.7 84.9 86.6 87.4 87.8 87.9 89.9 89.2 91.1 94.9 101.6 107.8 111.8 116.2 118.3 117.1
-1.5 -1.5 -1.5 -1.5 -1.5 -1.5 -1.5 -1.5 -1.5 -1.5 -1.5 -1.5 -1.5 -1.5 -1.5 -1.5 -1.5 -1.5 -1.5 -1.5 -1.5 2 4.3 4.3 4.6 4.9 6.1 5 4.6 8.2 9.1 12.1 19.2 12.3 20.7 20.9 21.6 22.1 22.9 25.2 26.6 34.1 42 48.9 53.2 56.8 57.3 57.9 56.8 55.1 53 50.2 48.1 47 45.5 46.5 51.3 53.5 55.7 59.7 64.5 64.9 66.2 69.5 71 73 75.2 77.1 79.2 79.6 80 80.5 79.6 81.3 84.8 87.2 94.5 98.8 104.3 104.5 106.3
-1.5 -1.5 -1.5 -1.5 -1.4 -1.3 -1.4 -1.4 -1.4 -1.5 -1.5 -1.5 -1.5 -1.5 -1.5 -1.5 -1.5 -1.5 -1.5 -1.5 -1.5 -1.5 -1.5 4.6 5.3 5 4.7 5.3 6.4 7.8 8 9.7 17.3 20.8 20.4 19.7 12.7 18.3 18.6 18.8 20.6 24.5 28.9 36.5 44.9 49.4 53.4 54.2 54.3 52.8 48.8 46.6 45.3 43.8 42.6 42.1 43.3 45.8 47.3 50 54.1 54.9 56.2 60.5 61 62.6 65.6 68.3 70 71.9 72.1 72.7 73 74.2 78.1 88.8 98.1 102.7 104.2 104.5 104.6
-1.5 -1.5 -1.5 -1 -0.9 -0.9 -0.8 -0.6 -0.5 -0.7 -0.7 -0.9 -1.5 -1.5 -1.5 -1.5 -1.5 -1.5 -1.5 -1.5 -1.5 -1.5 -1.5 -1.5 -1.5 4.4 4.7 4.6 5.4 4.8 7.5 7.7 13.4 22.2 21.2 20.1 19.9 18.8 18.3 16.2 16.6 18.6 21.9 26.4 31 39.1 45.7 49.6 51.8 52.6 51.5 49.6 49.4 46.4 42.2 40.2 39.3 39.4 38.7 39.5 40.4 40.7 42.3 44.8 47.2 48.6 53 55.1 54.2 59.7 64.8 67.2 69.2 69.7 73 84 91 95.1 96.6 97.1 97.5
-0.9 -0.7 -0.5 -0.3 -0.1 -0.1 0 0.3 0.3 0.2 0.2 0 -0.3 -0.4 -1.5 -1.5 -1.5 -1.5 -1.5 -1.5 -1.5 -1.5 -1.5 -1.5 -1.5 -1.5 -1.5 -1.5 3.7 4.7 4.8 6.8 9.8 19.5 24.1 21.8 20.5 19.6 19 18.5 16.7 15.4 16.2 17.6 22.7 28.3 33.6 38.7 43.4 48.4 50 51.8 51.6 48.7 44.7 40.7 39.2 39.6 37 34.5 34.9 36.8 37.4 35.7 36.6 38.4 41.5 43.7 47.3 52.9 61.2 67 68.4 68.7 70 76.5 81.2 83.7 87.2 88.7 89.2
-0.4 -0.2 0 0.3 0.6 0.7 0.9 1.1 1.2 1.1 1.1 0.9 0.7 0.6 0.1 -0.6 -1.5 -1.5 -1.5 -1.5 -1.5 -1.5 -1.5 -1.5 -1.5 -1.5 -1.5 -1.5 -1.5 2.6 4.6 4.8 7.3 11.8 19.2 20 19.6 17.1 17.3 16.4 15.5 14.6 13.8 13.6 14.2 17.4 22.4 28.9 34.5 36.7 43.7 49.7 48.2 47.8 44.7 41.4 38.2 37.1 35.4 33.8 31.8 34 34.2 33.6 34.2 37.2 42.5 50.8 58.1 65.8 72.3 74.7 75.1 74 71.8 70.7 71.4 72.5 73.4 76.2 75.7
0.1 0.3 0.6 0.9 1.2 1.5 1.7 1.9 2 2.1 1.9 1.7 1.7 1.8 1 0.2 -0.1 -0.6 -1.5 -1.5 -1.5 -1.5 -1.5 -1.5 -1.5 -1.5 -1.5 -1.5 -1.5 -1.5 1.7 4.5 4.8 8.3 12.3 18 17.8 17.2 17.1 16 14.5 12.9 12.2 11.8 12.6 13.3 14.6 17.2 21.3 27.6 36.2 38 45.6 45.1 43.4 39.9 35.7 33.2 32.6 31.9 30.7 31.2 35.1 41.2 41.2 45.7 50.7 55.4 61.5 66.4 70.7 72.1 74.5 74.6 73.3 71.4 70.4 69.7 67.9 66.9 67.5
0.6 0.8 1 1.3 1.8 2.8 2.3 2.5 2.8 3.3 4 3.4 2.8 2 1.6 1 0.7 0.3 -0.2 -0.6 -1.5 -1.5 -1.5 -1.5 -1.5 -1.5 -1.5 -1.5 -1.5 -1.5 -1.5 -1.5 3.5 6.6 6.3 11.3 15.6 17.1 16.6 14.3 12.9 11.3 10.7 10.4 11.1 12.7 13.6 12.9 14.4 20.4 26.6 35.8 37.7 37.4 39.7 36.9 32.7 31 31.3 29.3 29.9 37.3 39.9 43.1 45.8 50.3 55.2 58.2 59.4 62.2 64.6 67 68 68 67.4 66.7 65.4 63.9 62.2 63.2 66.2
1.1 1.3 1.5 1.8 1.5 1.6 2.6 3 3.2 4.1 4.7 4.9 4.6 3.8 2.8 1.9 1.6 1.2 0.7 0.3 0 -0.4 -1.5 -1.5 -1.5 -1.5 -1.5 -1.5 -1.5 -1.5 -1.5 -1.5 -1.5 -1.5 -1.5 4.8 6.2 9.8 11.3 10.5 9.1 9.8 9.5 9.2 9.8 11.3 12 12.5 13.6 14.1 19.5 26 32 35.6 36.7 33.5 32 29.5 29 27.3 25.4 30.4 38.8 42.6 47.1 49.3 52.8 55.4 57.2 59 61 63.2 63.2 63.2 62.8 62.6 61.5 59.7 63.6 66.4 68.6
1.5 1.8 2 2.2 2.2 1.9 2.4 3.2 3.8 4.8 4.7 4.7 4.9 5 5.1 4.6 4.1 2.2 1.6 1.3 1 0.8 0.3 -0.5 -1.5 -1.5 -1.5 -1.5 -1.5 -1.5 -1.5 -1.5 -1.5 -1.5 -1.5 -1.5 2.2 3.9 5 5.8 7.1 7.9 7.8 8.2 8.7 10 10.6 11.2 12.4 13.2 15.1 19.8 25.7 31.6 34.2 34.6 32.6 30.9 30.4 26.3 28 28.6 29.5 34.7 45.9 48.4 50.2 52.2 52.2 55.4 57.7 58.6 59.1 58.8 58.1 57.1 56 56.2 61.1 64.7 65.6
2 2 2.1 2.3 2.9 3.6 4.1 4.6 4.4 4.7 4.6 4.5 5 5.1 5.3 5.5 5.8 5.4 4.4 4.5 2.8 2.1 1.5 0.8 0.2 -0.3 -1.5 -1.5 -1.5 -1.5 -1.5 -1.5 -1.5 -1.5 -1.5 -1.5 -1.5 -1.5 1.6 3.4 4 5.1 6.6 7.3 7.6 8.6 9.3 10 11.1 12.4 14.5 17.9 19 25.1 31.8 34.3 34.2 27.7 30.3 30.5 30.8 33.6 37.2 33.7 36.6 45.2 47.3 46.9 44.7 50.9 52.2 53.2 53.9 53.7 53.2 52.6 52.6 52.7 54.1 60.4 64.8
3.3 2 2.1 2.6 3.2 4.2 4.7 4.8 4.6 4.6 5 5 5 5.1 5.2 5.5 5.9 6.4 6.2 5.7 4.7 4.1 3.5 2.1 1.6 1 0.3 -1.5 -1.5 -1.5 -1.5 -1.5 -1.5 -1.5 -1.5 -1.5 -1.5 -1.5 -1.5 2.1 3.8 3.8 5 6.5 6.8 7.3 8.2 9 9.8 11.4 13.3 15.2 18 21 25.7 30.4 30.4 27.7 27.1 23.7 28.8 31.4 31.7 33.6 37 37.1 43.7 44.4 43.7 47 46.9 47.8 48.5 48.7 48.4 48.3 52.2 51.7 52.6 56.4 62.9
3.2 2.4 3.7 4.3 4.8 5.4 5.2 5.1 5.4 5.8 6.4 6.1 6.2 6.3 6.3 6.2 6.5 6.9 7.1 6.9 6.6 5.6 4.8 4.8 3.3 2.6 1.8 0.8 -0.3 -1.5 -1.5 -1.5 -1.5 -1.5 -1.5 -1.5 -1.5 -1.5 -1.5 -1.5 -1.5 3.6 4.3 4.9 5.4 7.3 7.3 8 9.1 10.6 12.1 13.8 15.3 18.2 22 24.1 27.9 31.3 31.9 30.9 34.3 30.1 28.3 33.4 35.3 37.1 38.4 38.9 42 44.9 43.9 43 43 42.8 42.7 43.4 50.1 51.7 52.3 51.5 59.4
4.4 3.6 5.4 6.4 6.8 6.5 6.3 6.6 7 7.6 8.2 9 8.3 7.9 7.7 8.2 7.5 6.9 5.8 5.8 7.1 6.9 5.8 4.8 4.4 4 3.2 1.8 0.9 0.2 -0.2 -1.5 -1.5 -1.5 -1.5 -1.5 -1.5 -1.5 -1.5 -1.5 -1.5 -1.5 4.5 4.4 4.6 5.3 6.3 7.8 8.4 10.3 11.8 12.6 16 19.6 23 24.8 28.9 32.1 32.8 33.4 32.5 26.2 30 40.5 44.5 44.7 44 40.9 40.4 39.9 39.6 38.5 37.9 38.5 40.1 40.2 46.3 47.7 50.5 51.2 57.3
