data/240000-70000.asc
ncols 200
nrows 200
xllcorner 240000
yllcorner 70000
cellsize 50
[rows 0 to 34 of 200, columns 80 to 159 of 200]
236.2 238.3 239.2 240.1 241.1 242.6 243.7 243.8 244.2 244 243.7 243.7 243.4 241.4 239.8 238.4 237.1 236.4 236.9 237.7 238.5 239.5 240.9 242.4 244.1 245.6 248.2 250.9 253.5 255.8 258.2 260.7 263.2 265.7 268.2 270.7 273.2 275.5 277 278.7 280.1 281.5 282.6 283.4 284 284.7 285.7 286.1 286.1 286.1 286 286 285.8 284.5 282.8 280.2 277.8 274.3 269.9 265.2 260.4 255.4 250.9 246.7 246.1 244.7 242.4 240.4 238.1 234.6 231 227.6 223.3 220.4 216.5 210.9 207.5 204.5 202.2 203
236.8 238.5 239.4 240.2 241 241.9 242.2 242.3 242.6 243 243.4 243.4 243.4 243.1 242.7 241.1 240.1 240 239.8 240.2 241.3 242.8 244.5 246.2 247.5 248.8 250.6 253.1 255.6 257.8 260.2 262.7 265.2 267.7 270.2 272.7 275.2 277.6 279.1 280.8 282.5 283.5 284.4 285.1 285.7 286.4 286.6 286.6 286.7 286.7 286.6 286.7 286.8 285.8 284.5 282.6 280 276.7 272.2 267.5 262.6 255.5 248.6 244.3 240 238.8 237.6 236.2 234.3 231.4 228.1 224.9 221.4 218.1 213.5 207.3 204.2 200.9 198.4 197.5
237.5 238.3 238.5 239.3 240 240.5 240.7 240.7 240.6 241.3 241.8 243.1 244.1 245.4 245.1 243.9 243.2 243.1 243 243.7 245.1 246.7 248.1 249.4 250.7 252 253.4 255.6 257.7 259.9 262.2 264.7 267.2 269.7 272.2 274.7 277.1 279.4 281.2 282.8 284.4 285.3 286.2 286.8 287.1 287.5 287.6 287.5 287.3 287.2 287.2 287.2 286.7 285.9 284.8 283.3 281.6 278.6 274.3 269.8 264.3 256.7 249.2 242.5 236.2 231.4 230.3 230.2 230.3 227.3 225.5 223.1 219.3 215.1 210.2 203.4 198.8 195.6 194.4 192.3
237.2 237.8 237.6 238 238.8 238.7 239 239 238.8 240 242.1 243.7 245.3 246.7 247.6 247.1 246.3 246.2 246.5 247 248.6 249.8 251.3 252.6 253.9 255.2 256.5 258.4 260.2 262 264.2 266.7 269.2 271.7 274.2 276.5 278.8 281.1 282.9 284.6 286.2 287.1 287.7 287.9 288.1 288.4 288.7 288.6 288.4 288.2 287.7 287.1 286.5 285.7 284.4 283 281.3 279.6 276.4 271.7 266.2 260 252.1 243.7 236.4 230.1 224.7 222.8 221.5 219.7 217.1 215.3 213.4 210.5 202.6 197.9 196.4 195.3 193 190.8
236.4 236.2 237 236.9 237 236.9 236.9 237.1 237.1 239.1 241.2 244.2 246.3 248.1 248.5 249.1 249.5 249.7 250.3 251 250.9 252.3 253.8 255.3 256.8 258.2 259.7 261.2 262.9 264.6 266.3 268.7 270.9 273.2 275.5 277.8 280.2 282.4 284.4 286 287.7 288.7 289.3 289.5 289.7 289.8 289.9 289.4 289.1 288.8 287.8 286.9 286.3 285.3 284 282.7 281 279.3 276.9 273.5 269.5 263.8 257.4 249.3 240.5 232.7 228.2 222 218.3 214.1 211.8 209.2 206.5 205.1 204 203.4 202.3 200.4 197.5 195.7
235.8 234.8 235.5 235.3 234.9 234.8 233.8 234.6 236 238 240.1 242.7 246.8 248 250.2 250.5 251.5 251.9 252.4 253.1 253.2 254.6 256.3 257.8 259.3 260.7 261.8 262.7 264.2 265.9 267.4 269.3 271.9 274.5 276.8 279.1 281.3 283.5 285.7 287.4 289.2 290.4 291.1 291.1 291.3 291.5 291 290.4 289.8 288.9 287.9 286.9 286.2 284.9 283.6 282.3 280.8 279 277.2 274 270.9 266.9 261.8 256.4 249.2 239.7 232.9 228.2 224.3 219.7 217.2 215.8 214.6 213.3 212.2 211.2 209.6 206.9 203.3 201.2
234.7 234.4 233.9 233.4 233 232.4 232 233.4 235.1 238.6 240.3 243 247 248.5 251.6 251.7 253 253.7 254.3 255 255.5 256.8 258.8 260.3 261.6 262.4 263.1 264 265.2 266.8 268.1 270.1 272.1 274.7 277.1 279.5 281.9 284.2 286.5 288.7 290.5 292.1 292.6 292.5 292.7 292.7 291.6 290.8 290.1 289.1 288.1 287.1 285.8 284.5 283.2 282 280.5 278.7 277 274.9 271.8 268.7 265.4 260.5 254 247.2 240.2 235.9 232 229.1 227.5 226.6 224.7 222.7 220.6 218.9 216.7 214.2 210.7 208.3
233 232.5 231.9 231.3 230.7 230.1 230.1 232.3 234.6 237.7 239.5 243.5 247.5 249.3 251.1 252.5 253.9 255.3 256.1 256.8 257.6 259 260.9 261.9 262.6 263.2 264.2 265.3 265.2 266.7 267.9 269.9 272.1 275.1 276.9 279.4 281.9 284.4 286.8 289.3 291.3 293.1 293.8 293.9 294 293.9 292.8 291.7 290.3 289.3 288.3 286.8 285.3 283.9 282.5 281.2 279.9 278.4 276.9 275 272.8 269.8 266.7 263.8 259.2 254.1 248.6 245 243.8 241.6 238.5 236.2 233.7 231 228.2 226.4 223.7 220.8 218.1 216.5
231.8 231 230 228.7 227.6 226.6 228.6 231.7 234 242.4 241.1 245.8 248.9 254.3 251.5 253.3 255 256.5 257.2 258.1 259.1 260.8 261.7 262.6 263.3 263.6 263.5 263.4 263.4 265.1 266.8 268.7 271.2 273.3 276 278.4 280.8 283.3 286.1 289.4 291.3 292.9 294.3 295.2 295.8 295.1 293.8 292.2 290.7 289.3 287.8 286.3 284.8 283.4 282 280.4 278.7 277 276 274.9 273 270.6 268.3 266.2 263.8 260.1 257.6 256 254.2 251.6 248.8 244.7 241.3 238.5 235.9 233.3 231.1 229.2 226.5 225.3
230.4 229.3 227.9 225.4 224.3 224.1 226.7 230 233.3 239.7 243.4 248.2 246.9 249.4 252 253.9 255.8 257.7 258.7 259.7 261.1 261.7 262.1 262.3 262.6 261.8 261.6 261.5 261.7 263.1 265.3 267.1 269.3 272 274.7 277.3 279.7 282.4 285.3 288.2 290.7 292.5 294 294.9 295.7 295.3 294.2 292.8 291.5 289.8 287.9 286.1 284.2 282.2 280.4 278.7 276.9 275.8 275.1 274.4 272.9 270.6 268.9 267.4 265.5 263.8 262.7 261 259.4 257.3 255 252.1 249.2 245.7 242.9 240.5 239 237.6 235.9 235.1
228.5 227.2 225.4 223.4 222.3 223.1 225.9 229.5 233.1 243.7 243.7 244 247 249.7 252.2 254.6 257 259 260.4 261.3 261.6 261.2 261 260.8 260.4 260.2 259.9 259.6 259.9 261.1 263 265.3 268 270.7 273.4 276.1 278.8 281.7 284.5 287.1 289.7 291.4 293.1 294.2 295 295.3 294.3 293.2 291.7 289.9 288.1 286 283.9 281.7 279.5 277.4 275.4 274.6 273.9 273.2 272.4 271.3 270.1 268.6 267.2 266 265.1 264.1 262.9 261 259.2 256.7 254.2 251.8 249.7 247.7 246.2 245 244.3 243.8
225.3 224.4 221.9 218.9 219.6 222 225.3 228.6 235.9 237.6 242.2 243.2 246.7 250.1 252.6 254.9 257.3 259.5 260.2 260.7 260.6 259.8 258.9 258.5 258.2 258 257.1 256.4 256.4 258.4 260.4 263.2 266.1 268.9 271.6 274.3 277.1 279.9 282.8 285.5 288.1 290.3 292.1 293.3 294.1 294.6 294 293.2 291.8 289.9 287.8 285.7 283.6 281.4 279.1 276.6 274.1 272.7 271.5 270.8 269.9 269.8 269.2 268.2 267.3 266.8 265.8 264.6 264 262.6 261 259.7 257.8 256 254.2 252.5 251.4 250.9 250.6 250.1
222 220.9 215.7 215.2 217.9 221.4 225.5 228.9 233.9 241.7 239.6 243.2 246.6 249.9 252.8 255.1 256.7 258.1 259 259.3 258.7 257.9 257.1 256 254.2 253 251.7 251.7 252.8 255 257.4 260.4 263.3 266.3 269.2 272.1 275 277.9 280.8 283.6 286 288.3 290.2 291.9 292.7 293.2 293.1 292.3 290.9 289.2 287.2 285.3 283.2 280.7 278.2 275.7 273.2 271.4 270.1 268.3 267.2 267.4 267.2 267.1 266.7 266 265.5 265 264.3 263.5 262 260.2 258.9 257.9 257.6 256.1 255.3 254.7 254.3 253.8
217.4 215.7 210.1 212.4 216.7 221 225.3 232.6 233.3 238 239.5 243.1 246.5 248.9 251.6 253.3 254.9 256.6 256.9 256.9 256.6 255.8 255 252.9 250.5 247.8 245.4 245.2 247.6 250.9 254.2 257.5 260.6 263.5 266.4 269.4 272.3 275.2 278 280.9 283.7 286.1 287.9 289.4 290.4 291.3 291.4 291.1 289.6 288 286.3 284.4 282.3 279.8 277.3 274.8 272.3 270.2 267.5 264.9 264.5 264.9 264.8 264.7 264.5 264.3 264.1 263.6 263 262.4 261.3 260.5 259.3 258 256.9 256.7 256.5 256.2 256 256.3
212.3 210.4 207.3 210.6 215.9 220.3 224.6 228.4 234.5 235.6 239 241.9 244.8 247.1 249.3 251.2 252.8 254.1 254.4 254.4 254.3 253.7 252.1 250 246.9 242.8 238.7 236.2 243.1 247.6 251 254.3 257.5 260.6 263.7 266.6 269.5 272.4 275.3 278.2 281.1 283.2 285.3 286.8 287.7 288.6 288.9 288.7 288.2 286.6 285.1 283.5 281.4 278.9 276.4 273.9 271.7 269.1 265.8 262.6 261.5 262.1 262.3 262.3 262.2 261.9 261.3 260.7 260.9 260.4 259.6 258.8 258.1 257.5 256.9 255.9 255.7 255.7 256.1 256.8
207.9 205 204.8 210.9 216 220 224 227.8 231.3 234.5 237 239.6 242.3 245.2 246.7 248.6 250.1 251.4 251.7 251.8 251.8 250.9 249.4 246.8 243.4 238.6 229.2 232.5 239 243.8 247.6 251.1 254.4 257.5 260.7 263.8 266.8 269.6 272.5 275.4 278.1 280.2 282.3 284 285 285.9 286.2 285.9 285.7 284.9 283.6 282.2 280.6 278.3 276.1 273.9 271.7 269.1 265.4 261.4 258.8 258.1 258.5 258.5 258.4 258 257.8 257.3 257 257 256.9 255.9 255.2 254.6 254 253.6 254.1 254.6 255.1 256.1
206 201.2 203.5 210.3 215.3 219.4 223.2 226.9 229.9 233 235.6 238.1 240 241.1 243.8 245.3 246.7 248 248.7 248.9 248.8 247.9 246.5 244.4 240.9 233 221.9 229.3 235.5 239.7 243.9 247.7 251.2 254.4 257.6 260.9 263.9 266.7 269.4 272.4 275.1 277.1 278.9 280.7 281.9 282.6 283.3 283.2 283 282.4 281.6 280.6 279.5 278 275.8 273.6 271.5 269.6 266.2 262 258.2 255.2 254.6 254.6 254.4 254 253.7 253.6 253.4 253.1 253.1 252.6 251.8 251.1 250.8 251.2 251.5 252.2 253.7 254.8
204.3 197.6 200.9 209.2 214.3 218.4 222.2 225.9 228.6 231.5 234.1 235.6 237.1 238.5 240.5 241.9 243.3 244.5 245.5 245.8 245.7 244.9 243.5 241.4 238 226.3 218.4 226 231.9 236 240.3 244 247.7 251.3 254.6 257.8 260.9 263.6 266.3 269.3 271.9 273.8 275.6 277.2 278.3 279.2 279.8 280.1 280 279.3 278.5 278 277.7 277.1 275.5 273.6 271.9 269.9 267 263.3 258.9 255.1 251.7 249.8 250.4 250 249.6 249.4 249.3 248.6 248.4 247.2 246.9 247.2 247.8 248.5 248.8 249.4 251 253.3
201.1 195.6 199.5 208 212.8 216.7 220.7 224.6 227.4 229.7 231.2 232.7 234.2 235.6 237.1 238.6 239.9 241 241.8 242.3 242.4 241.8 240.5 238.3 234.5 223.2 214.6 222.5 228.2 232.6 236.5 240.3 244 247.7 251.2 254.4 257.5 260.5 263.3 265.9 268.2 270.3 272.3 273.6 274.6 275.7 276.2 276.6 276.7 276.1 275.4 275.8 275.5 274.9 275.1 273.8 272.2 270.3 267.7 264.7 260.6 256.4 252.6 249.3 245.1 246.2 245.6 244.9 243.6 242.8 242.9 242.3 242.3 243 243.7 244.7 245.7 246.7 248.3 250.4
197.6 194 199 206.3 211.4 214.7 218.4 222.5 225.7 227.5 228.7 230.1 231.6 233.1 234 235.2 236.4 237.3 237.9 238.2 238.4 238.2 236.5 234.4 229.9 219.5 210.5 218.7 224.7 229.1 233.1 236.8 240.6 244.2 247.5 250.8 254.1 257.2 259.8 262.1 264.5 266.7 268.5 270 270.9 271.7 272.4 273 273.4 272.9 273.2 273.6 273.4 273.7 274 273.7 272.1 270.9 269.1 266.3 262.7 258.5 254.5 250.7 246.8 242.5 239.5 239.7 238.2 237.1 236.4 236.8 237.2 238 238.9 240.1 241.1 243 245 247.8
195.6 192.2 198.3 205 208.8 212.3 216 220 223.3 225.6 226.6 227.6 229.1 230 230.8 231.8 232.6 233.4 233.8 234 233.7 233.3 232.3 230.2 226.9 215 207.2 215.6 221.2 225.6 229.7 233.4 237 240.4 243.7 247.2 250.6 253.6 256.2 258.5 260.8 262.8 264.5 265.8 266.9 267.7 268.4 269 269.6 270 270.2 270.6 272 272.6 272.9 273.2 272.1 271.1 270.2 267.9 264.7 260.6 256.6 253.2 248.4 245 242 238.9 235.9 233.3 228.7 230.3 231.9 233.1 234.1 235.4 237.1 239.1 242.3 245.7
193.6 189.6 195.5 202.1 206.3 210 213.8 217.7 220.4 222.9 224 225.1 225.7 226.6 226.9 227.5 228.2 228.6 229.1 229 228.6 228.3 227 224.6 221.4 213.6 204.1 211.2 217.7 222 226.2 229.8 233.3 236.7 240.1 243.6 247 249.9 252.5 254.8 256.8 258.6 260 261.4 262.4 263.4 264.4 265.1 265.7 266.1 266.4 267.5 269 270.4 271.5 272.1 272.2 271.7 270.9 268.8 266.4 262.7 259.4 256.1 252.1 248.5 245.1 242.2 239.4 235.7 232.1 227.5 223.5 227.3 229.7 231.6 234 236.9 240.3 243.6
192.3 187.4 191.8 197.4 204.2 208 211.8 215.3 217.3 219.8 220.7 221.4 221.2 222 222.5 222.4 222.8 223.5 224.1 223.7 223.4 222.5 221.6 218.8 215.5 211.2 200.8 208.4 213.3 217.8 222.7 226.8 230.2 233.6 237.1 239.9 242.4 245.5 248.2 250.5 252.5 254.1 255.5 256.9 257.8 258.6 259.5 260.8 261.7 262.2 263.1 264.5 266 267.5 269.1 270.5 270.8 271.1 270.8 269 267.2 264.8 262.3 259.3 256.2 252.4 249.2 246.3 242.2 238.6 235.4 230.3 225.2 221.5 224.4 228.3 231 235 238.9 242.1
194 187.5 188.3 193.8 202 206 209.7 212.5 214.4 216.5 217.4 217.4 216.6 216.9 217.7 217.8 217.9 218.4 218.9 218.5 218 217.8 216.3 214 210.7 207.2 198.3 205.6 209.7 214.2 219.5 223.5 227.2 230.7 233.8 235.9 238.3 240.9 243.8 246.1 248.1 249.7 251.1 252.3 253.1 253.9 254.8 256.2 257.3 258.5 259.9 261.4 263 264.8 266.9 268.5 269.5 269.7 269.6 268.4 266.5 264.9 262.5 261.1 258.5 255.8 252.6 249.1 244.6 240.8 237 232.5 226.7 220.1 220.2 224.5 229.2 233.4 237.5 240.6
196.5 190 185.6 191.4 199.4 204.1 207.7 209.7 211.6 213.2 213.8 213.3 212.3 211.2 212 212.5 213.2 214 214.3 214.5 213.3 212.8 211 209.1 206.1 201.8 196.5 203 208 212.1 216.3 220.3 223.8 227.3 229.8 231.8 234.1 236.8 239.4 241.7 243.7 245.2 246.4 247.4 248.3 248.9 249.8 251.7 252.8 254.3 256.6 258.5 260.4 262.5 264.4 265.6 266.8 267.4 267.3 267.1 265.9 264.9 262.7 261.2 259 256.4 253.4 250.4 245.9 241 237.3 232 225.1 218.7 218.3 223 227.6 231.7 235.9 238.7
198.4 193 183.3 187.3 195.3 201.4 204.8 207.4 209.3 210.5 211.1 210.3 208.7 207 206.7 206.8 207.7 208.6 209.4 209.1 208.6 207.7 206.1 204.4 202.5 196.3 194.4 201.7 206.1 210.3 213.9 216.9 219.9 223.1 225.8 227.7 230 232.6 235.1 237.3 239.2 240.5 241.5 242.6 243.6 244.3 245.3 247.1 248.2 250.3 252.7 255.4 257.7 259.8 261.2 262.3 263.5 264.5 264.2 263.9 263.3 262.4 261.4 260 258.2 255.5 252.7 250.1 246 241.4 236.2 230.1 221.9 215.7 217.2 222.5 226.7 230.6 234.4 236.5
199 192.8 184.1 184.2 193.4 197.2 202.4 205.6 207.6 208.2 208.4 207.4 206.2 204.1 201 201.7 202.4 203.2 203.7 203.3 203.5 202.7 201.5 199.8 198.2 192.8 194.3 200.2 204.4 207.8 211.1 214.3 216.6 219 221.2 223.6 225.9 228.2 230.5 232.7 234.7 236.1 236.9 237.8 238.3 238.6 240.5 242.3 243.9 246.2 249 251.7 254.5 256.9 258.2 259.2 260.3 261.1 260.8 260.8 260.3 259.6 258.7 257.6 255.7 253.5 250.5 247.8 244.1 239.3 233.7 227.1 218.1 212.3 216.6 221.3 225.4 228.3 231.2 233.6
198.8 192 182.7 184.7 199 202.7 203.7 205.2 206.4 207 206.4 205.2 203.7 201.5 198.6 196.5 196.6 196.4 196.4 197.9 199 199.9 199.7 197.9 196 190.3 194.4 200.1 203.8 206.7 209.2 211.1 213.2 215.4 217.5 219.7 221.9 223.8 225.8 228.1 230.2 231.5 232.4 232.1 232.2 232.7 235.1 237 240.6 243.4 246 248.7 251.4 253.9 255.1 256.2 257.2 257.7 257.7 257.8 257.2 256.6 255.8 254.3 252.7 250.3 247.4 244.4 240.1 235.3 229.8 223.8 214.5 210.3 214.4 219.3 222.8 225.8 228.3 230.5
199.4 191.2 179.2 186.5 196.3 200.3 202.6 204.3 205.2 205.3 204.4 203.5 202 200 197.3 194.1 191.9 192 192.6 194 194.9 196 196.5 196 185.9 190.1 197 200.9 203 205 207 208.3 209.7 211.6 213.7 216.1 218.4 220.3 222.2 224.1 225.7 226.2 226.9 227.2 226.9 226.9 229.5 233.9 237.7 240.8 243.4 246.1 248.8 250.6 252 253.1 254 254.4 254.7 254.8 254.1 253.5 252.7 251.1 249 246.2 243.3 239.7 235 230.9 226.1 219.4 211.4 208.6 215.6 217 220 222.5 224.8 227.1
197 187.4 176.5 188.2 194.9 197.9 200.3 202.6 203.7 203.4 202.4 201.5 200.1 198.3 195.7 192.8 189.5 188.7 189.1 189.5 190.4 192 191.5 182.9 186.2 192.7 199.2 201.1 202.6 203.6 204.1 204.9 206.1 207.8 210.2 212.7 214.9 216.8 218.7 220.6 221.8 222.8 223.3 223.2 222 222 227.2 232.5 236.2 239 240.9 243.5 246.1 247.3 248.7 249.8 250.7 251.1 251.4 251.7 251.3 250.5 249.4 247.6 245.6 242.4 239.3 234.8 230.3 226.9 222.9 216.2 208.2 206.2 210.4 213.9 216.8 219.1 221.3 223.6
193.3 182.2 177.2 187.5 192.8 195.7 198.8 201.1 201.3 201.2 200.1 198.9 197.6 196 193.5 190.5 187.4 184.4 184.3 184.5 184.3 183 179.4 184.4 189.7 196.8 198.7 200.6 201.4 201.6 201.8 202.5 203.2 204.3 206.7 209.2 211.4 213.3 215.2 216.8 217.9 219 219.4 218.3 214.3 220.3 226.8 231.2 234.6 237.2 239.1 240.9 242.6 244 245.3 246.3 247.3 248 248.4 248.6 248.5 248 246.4 244.4 242.1 238.8 234.4 230 225.7 222.5 218.3 213.6 206 203.6 207.2 210.8 213.4 215.7 217.9 219.9
189.7 180.7 174.8 187.3 192.1 195.4 198.7 199.8 199.7 198.1 196.9 195.5 194.2 192.8 191.5 188.3 185 181.8 180.1 179.7 177.3 177.6 182.5 187.2 194.3 197.8 199.1 199.4 199.4 199.6 199.8 200.3 199.9 201.2 203.4 205.7 207.9 209.8 211.6 213 214.1 214.6 214.6 211.4 212.7 220.2 226.5 230.1 233.4 235.4 237.2 239.1 239.5 240.6 241.8 242.7 243.4 244.1 244.8 245.6 245.5 245.4 243.3 241.3 238.8 234.4 230 225.6 221.4 217.8 214.4 208.9 203.5 200.9 204.6 207.6 210 212 213.9 215.9
186.1 176 174.1 185.1 192.5 196.2 198.8 199.5 198.7 196.2 194.7 192.9 191.1 190.4 188.9 186.7 183.4 179.8 175.8 174.5 174 180.4 182.9 190.2 194.2 196.7 198.2 198.1 197.3 197.6 197.8 196.8 196.8 198.3 200.2 202.5 204.3 206.1 207.9 209.1 209.5 210 209.7 206.7 211.5 219.7 225.5 229.4 232.5 233.9 235.3 236.9 237 237.5 238.1 238.9 239.6 240.3 241.6 242.6 242.7 242.6 240.2 238.1 235.5 230.4 225.7 221.2 217.2 213.7 210.2 205.8 201.6 198.3 201.6 204.2 206.6 208.3 210.1 211.9
182.2 172.1 174 184 191.3 195.9 198.5 198.9 198.2 196.3 194 191.8 189.4 188.2 186.2 184.4 181.8 176.4 170.9 169.5 174.5 182.4 186.2 191 194.4 196.3 196.9 196.8 195.8 195.5 195.1 193.6 193.9 195.3 197 199 200.7 202.4 203.8 204.6 205 205.4 204.5 204.5 210.9 219.3 224.6 228.7 231.4 232.9 233.9 234.2 234.3 234.1 234.3 235 235.7 236.8 238.5 239.6 239.7 239.7 237.6 235 231.6 227.2 222.2 216.8 213.1 209.6 206.5 203.5 200 196.5 198.4 201.3 203 204.7 206.4 208.2
175.8 167.7 174.3 183 190.3 194.4 196.7 197.3 196.9 195.7 194.2 192.3 188.9 186.9 184.3 182.1 179.6 175.6 167.4 169.2 178.1 183.7 187.9 191.3 194.5 195.3 195.7 195.3 194 193.5 192 190 190.9 192.4 193.9 195.5 197.3 198.7 199.7 200.1 200.1 200.4 200 204.1 212.2 218.9 224.4 228.1 230.2 230.8 231.3 230.8 230.5 230.5 230.8 231.2 231.9 233.6 235.3 236.6 236.7 236.8 235.1 232.6 229 224.8 220.2 214.7 210.8 207.2 203.9 201.4 198.7 195.2 195.4 197.6 199.3 201 202.8 204.3
