data/240000-860000.asc
ncols 200
nrows 200
xllcorner 240000
yllcorner 860000
cellsize 50
[rows 140 to 174 of 200, columns 78 to 155 of 200]
549 544.4 542.1 538.4 535.3 536.1 522.8 508.8 486.6 480.6 484.9 475.7 459.2 440.7 420.9 414.9 416.2 415 410.8 407.2 403.1 400.9 401.6 399.8 388.3 399.6 398.4 397.2 397.3 398.7 398.7 399.4 401.3 403.7 404.6 407.3 409.4 409.8 409.2 409 407.4 404.4 401.5 399.1 391.4 389.1 386.1 381.4 380.2 378.9 378.2 376.5 373.3 370.4 368.4 366.9 366.5 364.7 364.1 363.6 363.7 363.9 364.6 364.2 363.2 361.2 359.1 357.3 354.5 351.6 348.2 348.5 347.1 345.6 343.3 341.1 338.5 339.8
542 535.2 526 530.9 530.8 529 520 502.7 487.5 476.4 475 462.2 442.2 423.7 410 406.5 408.6 410.9 409.5 406.1 401.4 398.2 397.5 394.6 385.6 399.2 397.6 395.9 391.3 390.7 394.2 395.3 397.2 399.7 401.3 402.6 404.7 405.1 407.7 407.8 405.2 400.9 395.2 391.2 386.8 384.7 381.6 377 374.5 372.4 371.6 369.9 367.7 366.5 365.9 364.7 363.7 363 362.5 362 362.3 362.8 363.4 363.5 362.8 361 357.5 355.7 353.6 351.6 349.3 344.4 345.6 341.1 340.2 337.8 335.9 336.1
531.4 525.2 523.5 529.2 527.9 523.7 522 510.8 488.5 477.5 459.1 451.3 426.4 408.9 404.3 404.1 404.3 402.9 401.7 400.9 396.5 390.4 386 385.9 382 389.9 385 389.4 384.6 384.6 388.1 391.9 393.4 396.4 399.3 400 399.1 402.9 402.3 402.5 399.1 395.8 393.1 388.6 382.4 379.1 377.2 373.4 371.6 369.5 368.1 366.5 365.3 364.8 363.8 362.4 361.8 361.9 361.9 360.8 361.2 361.7 361.9 362.6 361.7 359.3 357.5 354.7 352.8 350.4 347.9 344.6 340.5 338.7 334.9 333.5 332.2 331.8
521.5 518.5 523 525 527.5 527.5 517.5 501.8 483 469.2 452.4 436.4 420.5 410.3 408.4 407.2 404.3 399.8 395.1 392.6 391.7 386.1 375.4 372.9 372 381.1 378.5 379.5 376.2 377.7 379.5 382.9 386.2 391.4 396.1 398.3 397.5 397.2 397.3 395.6 394.4 390.2 385 382.5 382 375.7 375.1 371.6 369.3 367.4 365.8 364.1 362.9 362.6 362 361 360.8 360.7 360.9 360.7 360.9 361.8 362 361.8 360.3 356.6 355.8 353.3 351.9 347.3 344.3 344.6 342.4 338.2 332.5 330.3 328.6 328.3
516.7 515.2 517.4 522.9 526.9 531 529.7 512.7 479 462.5 451.4 438.2 429.8 414.2 411.5 411 407.2 403.9 398 390 383.6 382.4 370.6 369.5 363.9 372.3 371.8 370.4 367.9 370.9 371 373.7 378.7 384 388.3 390 391.6 394.8 389.5 388.4 387.1 383.8 381 378 374.8 371 370.2 369.1 366.4 365.2 364.2 362.6 360.5 359.9 359.9 359.8 359 359.5 359.4 359.4 359.7 360.9 361.4 361.6 360.9 359.1 358.7 357.2 357 352.9 350.6 347.4 343.1 339.3 335.3 332.2 329.6 325.4
506.7 505.4 507 513.6 523.3 527.9 526.9 514.6 488.3 466.3 451 437.9 427.8 416.5 414 412.5 409.3 406.7 401.6 390.6 384.4 381.2 371.5 361.9 358.4 360.7 365.2 364.9 363.2 365.9 365.3 367.1 373.9 380.6 382.6 382.8 384.7 387.1 388.7 383.7 382.2 379 376.2 374.5 370.9 368.5 367.1 364.8 365.1 364.2 362.8 360.5 358.5 355.9 356.2 356 355.7 356.3 356.7 356.6 358.3 360.8 361.9 362.8 362.4 362.4 363.8 361.9 362.6 363 360.8 354.2 347.7 340.6 336.2 332.6 331.6 330.7
499.7 504.2 508.7 512.9 514.8 517.3 513.7 509.8 507.8 492.1 459.5 435.2 423 415.3 413.5 412.2 410.5 407.8 398.6 390.1 384.4 380.3 368.9 356.1 351.5 353.2 357.5 362.1 360.7 361.8 361 364.8 371.9 375.6 375.6 376.4 378.8 381.6 382 380.8 377 375.5 373.5 372.1 369.8 368.5 367.1 364.9 361.5 362.1 360 357.2 354.1 352.5 350.7 350.8 350.9 351.5 353.9 356.2 358.7 361.9 364.1 365.9 368.1 368.8 371.4 371.5 375.4 376.6 373.3 365 354.9 347.3 339.4 333.1 331.1 328.2
502.5 509.8 516.1 519.6 521.3 516.4 510.9 507.1 502.7 495.7 469.3 439.7 420 413.6 412 410.6 408.7 408.2 399.4 391.3 384.7 371.7 364.7 359 350.2 345.9 348.6 354.9 357.5 357.5 355 361.6 366.6 367.2 369.3 371.6 374.7 377.2 376.7 373.2 373.9 371.3 370.4 369.9 367.3 365.6 365.2 362.5 357.6 358.6 357.8 351.8 349.3 348.1 345.8 344.9 344.7 347.3 351.5 355.2 358.6 363.4 365.6 369.9 373.7 377.7 382.4 384.3 388 388 385.9 378 365.9 355.1 345.1 337.3 331.8 328.4
503.8 508.7 515.1 519 520 515.7 507.6 501 493.9 487.1 475.4 449.4 424.4 414.1 409.4 405 401.7 397.3 388.4 379.6 373.7 367.3 361.3 359.1 352 340.3 340.1 346.1 346.1 347.2 347.7 352.7 358 358.8 363.2 365.5 366.1 369.8 368 367.9 367.1 367 365.1 363.5 363.5 362.4 361 357.8 356.2 354.7 352.2 347.1 344.1 343.1 341.2 339.4 339.9 345 350.1 354.8 359.8 364.8 370.6 376.4 380.8 385.7 390.2 393.2 396.4 400.4 398.1 391.2 377.1 363.9 353.5 344.2 338.2 331.8
496.8 504.6 508.3 511.6 510.7 507.7 501 492.8 487.3 482.7 474 462.3 431.9 413.8 408 400.6 396.5 385.7 376.9 372.1 366.1 358.8 351.3 347.8 346.6 342.6 332.7 337.8 338 339.5 341.6 343.7 350.1 351.8 354.4 357.4 357.5 356.4 357.1 360.5 360.4 359.4 357.4 360.3 361.1 360.4 357.5 354.7 352.8 350.5 348 342.9 339.3 337.6 336 333.6 338.2 344.8 349.1 354.4 358.8 364.6 371.5 379.1 385.1 390.9 393.6 394.9 395.1 396.9 396.9 392.3 380.2 365.9 355.7 346.7 341.2 335.8
489.6 495.5 502.9 504 502.6 497.8 490 479.8 475.7 472.7 461.4 453 428.5 414.4 404.8 394.4 384.3 375.9 369.5 365.2 358.1 349.3 343.9 338.3 339.4 339.5 332.9 325.6 328.6 333.7 335.4 335.4 341.4 346.9 347.4 350.2 352.1 349.3 346.4 351.4 353.5 352.8 353.2 355.6 355.7 354.3 351.1 350.8 345.4 343.9 340.8 336.4 334.2 332.1 331 330 334.2 343.2 346.7 353 357.3 364.1 368.6 371.5 378.9 386.8 388.9 390.6 389.7 389.6 390.4 383.7 373.9 364.1 353.9 345.9 339.9 333.5
483.7 486.9 490.1 492 496.4 492.8 483.1 477.8 470.5 461.1 454.4 437.6 422.2 411.5 401.2 387.2 376.5 368.7 363.3 359.8 351 343 338 333.9 330.1 330 335 328.2 319.9 326.9 330 331.2 333.8 337.9 340.7 343.5 348.1 346.1 344.3 342.4 346.1 347.7 348.3 347.6 343.9 343.2 342.7 342.2 339.7 334.6 333.9 331.2 329.5 327.2 326.4 327.5 332.7 337.9 342.5 349.3 355.3 359.7 362.6 365.8 368.3 371.3 374.8 377.9 377.5 378.7 376.4 370.4 365.4 357.1 348.8 343.7 337 329.5
473.5 476.2 481.4 481.7 480.6 478.1 477.5 474.4 469.9 461.9 453.3 432.5 419.3 407 396.9 387.5 373.9 366.4 361.3 357 349.3 341.6 335.3 330.1 325.7 323.9 324.1 326 319.2 323.5 327.2 328.4 329.7 331.7 334.9 337.3 339.1 339.7 345.2 338.1 338.4 340.1 343.4 338.7 338.7 337.7 335.7 335.6 334.3 330.6 328.2 327.6 326.3 324.3 323.3 325.4 330.8 333.9 337.4 344.1 348.8 353.9 357.1 359.1 361.4 362.5 364.9 364.6 366.1 366 363.8 361.7 358.1 352 346.9 342.7 335.7 328.7
466 467 473.8 476.1 475.2 475 473.1 468.1 464.5 458.7 448.4 427.7 412.6 402.5 394.4 386.6 376 370 365.3 360.8 353 345.5 339.9 333.5 324.2 318.8 318.2 316.6 313.2 323.1 321.7 325.7 325.8 326.5 327.4 328.5 330.9 333.8 336.6 335.8 332.5 335 336.7 332.8 333.3 332.1 330.3 329.5 327.1 324.5 322.8 322.8 322 321.6 320.5 324.1 328.4 331.7 334.5 339.2 342.9 346.9 350.7 353.3 354.5 357.4 358.2 360.8 363.4 364.1 363.5 361 357.6 354.1 349.1 344.6 337 331.4
459.3 466 472.2 475 475.8 474.4 472 466.8 460.8 455.8 440.9 419.9 408.2 401.5 397.6 388.9 377.5 369.7 365.9 361.6 353.5 344.7 337 334 331.7 325.7 317 312.2 312.6 315.4 317.3 319.2 320.9 322 322.4 321.8 323.8 326.5 329.8 330.9 326.2 327.9 326.8 326.1 326.2 327.6 324.3 323.8 321.8 319.2 317.9 319.4 318.2 317.3 322.3 325 327.4 329.9 333.2 334.9 338 341.6 345.3 347.4 350.1 353.5 357.5 359.4 362.6 364.7 364.4 363 359.7 356.2 352.7 348.4 342.4 338.3
455.9 462 469 475 478.2 477.9 475.7 472.6 463.4 453.7 444.9 435 419.4 404.4 396.9 385.2 375.7 363.1 357 353.1 347.1 340.3 334 330.8 327.8 324.5 320.7 314.7 305.2 311.6 312.9 314.5 316.5 317.3 317.9 318.6 318.4 321 324.4 324.3 323.2 323.6 324.2 321.8 321.3 319.8 318.3 317.9 316.3 314.9 313.9 315.3 314.3 314.5 319.4 320.4 321.9 324.8 327.6 329.3 332.8 336.4 340.6 344.3 346.8 349.1 354.9 359.9 363.9 364.1 364.8 365 365.3 360.3 353.8 348 343.2 339.1
451 457 465.5 472.1 477.3 481.5 482 474.6 466 457.7 449.7 439.1 426.1 410.4 405.1 398.3 384.6 370 361.7 356 350.4 340.8 334.1 326.5 319.6 317.7 316.7 310.6 302.5 308.1 309 310.4 311.4 311.7 313.4 315.5 313.3 313.7 316.7 314.7 315.4 317 318.6 316.9 314.9 314.4 313 313.2 312.7 312.9 308.7 310.3 309.1 311.4 313.2 314.5 317.4 320.7 322.6 325.2 329 332.7 335.2 339.7 341.3 342.9 350.2 358 360.2 362.1 361.3 362.3 361.7 357 348.9 344.4 339.7 334.4
442.8 451.6 460.1 466 469.5 475.4 479.5 476.5 468.1 456.9 449.9 442.3 423.8 413 407.3 404.6 388.7 378.7 375.3 374.2 367.2 351.1 343.3 332.5 320.8 317.9 308.5 304.5 296.9 304.2 304.1 305.1 305.9 306.1 307.6 308.6 308.1 309.1 307.7 305.5 305.1 308.5 308.7 307.3 306.5 306.4 307.2 308.5 307.3 306.7 303.5 304.6 305.2 307.3 308.7 310.5 312.4 316.4 319.1 321.7 326.6 328.9 331.3 333.9 336.6 335.7 339.9 345.6 351.5 351.7 352.7 354 351.7 346.3 341.1 335.2 331.2 327.8
440.4 447.4 453.4 459.1 463.7 469.5 474.5 472.8 464.7 455.2 448.2 433.4 422.9 411.8 406.8 400.2 388 379.2 375.5 375.7 364.9 353.2 347.1 337.2 324.4 315 306 298.4 294.5 298.1 297.8 298.2 298.9 299.5 299.8 300.7 300.6 300.4 298.5 296.4 296.1 299.3 299.8 298.4 299.3 300.3 301.2 301.6 302 301.9 301.1 300.5 300.9 302.7 304.5 306.1 307.8 311.3 313.7 316.8 321 324.1 325.9 329.3 329.4 329.7 332.5 337.7 339.4 340 343.9 344.3 340.2 337.4 327.7 323.2 321.3 317.1
436.6 443 448 449.5 452.7 458.4 459 456.3 450.2 444.5 438.6 425 416.7 407.2 398.8 396.3 387.2 372.7 367.8 367.3 359.8 347.2 338.8 331.5 320.1 312 304.8 296.1 292.6 288.8 293.1 292.1 290.9 290.7 291.5 291.4 291.5 292 291.8 291.7 293.3 294.6 294.3 291.4 294.5 295.3 295.8 296.9 297.6 298.5 297.1 296 297.8 299.4 301.5 302.8 304 307 309.6 312 315 318.6 322.7 324.3 322.9 323.7 324.4 325.1 327.6 329.6 330.7 330.9 328.4 328 321.2 316.8 317 312.8
426.1 432.3 438.1 442.5 445.6 448.6 448.7 445.6 439.6 433.7 425.1 415.3 408.6 402.1 393.8 387.3 375.6 365.9 362.1 357.7 347.6 338.7 327.7 320.2 311.2 303.7 299 292.5 290.8 283.6 287 286 283.2 282.5 282.5 283.6 284.7 286.1 287.8 289.6 290.8 290.4 289.2 289.5 290.2 291.3 291.5 291.6 292.2 291.9 291.6 289.9 291.9 294.1 296.4 297.7 299.4 301.1 304.6 305.8 310.1 313.3 317.6 319.1 317.2 316.9 322 321.8 317.9 320.5 323 322.1 318.2 316.8 314.1 313.6 311.9 309.4
420.2 426.8 431.1 434.7 439.5 443.4 446.6 444.1 439.7 437 432.2 422.3 411.7 399.3 390.1 375.5 366 360.2 352.6 343.8 334.9 326.1 318 308.7 302.6 297.3 290.8 286.3 281.6 278.4 278.5 280.2 277.3 276.6 276.2 276.2 278.1 280.5 282.7 284.9 286.7 285.5 284.3 284 286 287 287.5 287.9 287.5 286.8 286.5 286.3 288.1 289.5 291.4 292.3 295.8 298.3 299.3 302.6 304.5 308 312.5 314.6 314.5 313.4 313.7 315.1 312.8 312.1 312.2 312.7 313 311.3 310 308.9 308.4 307.9
406.8 416.7 421.9 427.1 434.6 438.1 442.1 442.1 438.7 435.1 432 423.4 414.3 407.3 399 385 368.6 358.9 352.3 339.5 326 318.4 315.3 307.5 299.1 294.6 292.8 287.3 282.4 275.3 276.6 275.4 273.2 272.3 271.7 270.7 272.3 274.7 276.9 278.8 279.6 278.8 278.2 278.9 281.1 281.2 281.3 283.3 283.4 283.5 282.3 274.4 284.2 285.6 286.3 286.8 290.9 293.7 296.5 297.9 300.8 303.5 307.4 313.1 312.2 311.8 310.5 309.6 310.6 311.2 307.2 307.4 308.9 308.6 306.8 305.2 303.5 303.9
395.2 405.3 412.6 420.7 427.5 432.5 437 438.1 434.9 430.9 426.5 417.7 413.9 410.1 404.7 396.8 385.1 370.4 355.8 341.5 329.6 324 320 313.7 306.3 296.9 293.6 287.9 280.3 275.3 268.1 265.9 267.3 266.5 266.1 266.1 266.5 267.6 271 272.2 272.4 273.6 272.7 273.6 273.3 275.6 275.7 276.1 276.5 276 274.6 274.5 278.1 279 280.1 282.1 284.9 287.6 290.6 293.3 294.9 298.4 302.9 306.9 302.6 304.2 306.3 305.6 306.3 306.1 303.6 301.8 300.5 300.3 300.6 298.1 297.9 299.5
387.1 395.1 405.6 413.4 420.5 424.5 428.7 430.7 428.7 426 420.7 411.9 408 407.7 406.9 395.6 376.7 369.7 358.7 349 344.5 331.5 322.3 315.1 302.7 295.7 289.3 286.6 277.1 271.5 267.2 258 254.7 255.9 258.1 258.2 257.8 258.8 259.8 262.1 260.6 260.5 261.1 262.7 261.5 261.5 262.2 264.5 265.2 266 261.8 258 269.1 270.8 273.1 276.6 279.2 280.7 284.8 286.6 288.7 292.8 297.3 295.6 294.5 295.7 297.3 298.6 302.1 304.6 307.8 306.4 303.4 301.3 299 295 294.4 294.1
376.7 381.9 392.3 402.8 412.7 417.1 419.8 420.5 418.2 415.5 411.2 403.5 397.9 399.6 395.4 383.6 368.8 362.5 356.4 352.9 344.3 328.4 321.2 309.9 297.5 290 285 276.1 272.2 269.4 264.4 260.6 256.3 249.1 248.6 248.6 250.3 251.4 252 251.9 249.9 249.1 247.5 247.2 248.6 249.3 250.7 252.9 253.7 254.5 246.8 257.5 261.6 264.9 268.8 272.7 275 275.8 279.1 280.8 284.6 286.5 286.1 286.1 289 289.7 294.2 298.8 302 308 308.7 304.3 304.8 301.3 299.2 297.1 294.3 293.5
368.2 372.3 380.3 387.1 397 404.1 406.8 409 408 407 400.3 393.9 387.9 385.9 381.6 369.6 361.7 360.7 354.5 348.7 333.5 320.9 316.7 304.4 301.9 295.1 289.2 282.3 270.4 264.9 260.9 253.5 251.5 246 237.4 238.9 241.8 242.6 242.6 237.7 235.4 235.4 232.8 232.3 233.8 237.2 240.3 241.3 242.3 243.4 229.2 248.8 253.4 258.5 262.8 266.4 268.7 270 272.7 275.5 279.6 281.5 278.2 280.4 281.6 284.7 286.2 294.6 303.1 306.8 300.1 299.5 300.2 295.8 294.4 294.8 293.3 290.2
356.8 363.6 369.1 376.6 384.5 385.6 387.3 391.1 392.7 392.3 385.8 378.1 375 373.6 365.4 357.7 356 351.8 342.3 335 325.6 319.4 311.5 309.6 315 308.3 301 289.2 280.2 275 265.9 262.3 254.9 249.6 244.9 242.9 230 229.3 229.3 227.3 224.6 222.7 220.8 219.7 220.6 223 226.2 229.6 231.2 230.9 223 239.6 244.6 249.2 253.4 257.9 260.4 263 263.7 269.6 273.6 276.9 272.3 274.6 277.2 276.7 278.4 285.1 290.8 296.9 291.5 289.8 288 288.2 287.3 285.9 284.1 282.9
344.8 352.8 356.9 363.4 365.9 371.3 374.6 380.6 379.6 376.9 373.9 368.8 368.8 364.7 361 350.9 356 348.7 341.7 335.4 330.7 320.8 309.8 306 310.7 307 301 287.9 277.3 268.6 264.1 255.8 248.9 241.3 235 235.2 230.7 221.5 220.1 218.3 215.9 213.2 210.4 209.1 208.9 210.4 211 215.1 219.3 209.4 221.6 230.3 234.6 239.4 243.9 248.8 253.2 256.3 257.1 263.7 268 267.2 267.4 270 267.3 271 272.3 277.9 281.4 281.9 279.2 278.1 277.5 275.3 275.9 274.1 274.1 277.9
332.9 337.5 344.7 351.1 353.8 356.9 361.3 362.8 365.3 363 358.9 358.2 355.2 354.5 351.4 348.3 346.2 338.6 331.8 325.9 322.9 321.9 311.1 300.2 296.1 292.2 284.2 276.7 268.1 259.5 252.3 243.9 235.6 231.5 227.4 224.4 218.4 210.9 212.1 209.6 207.1 203.8 200.6 198.2 196.9 196.2 195.8 199 204.4 197.9 213.7 218.9 225.4 228.5 234.5 240.9 244.2 248 253.6 258.6 255.9 256.2 261.1 262.2 262.6 261.2 263.3 266.3 269.5 267 268.1 271 272.2 270.9 269.6 270.2 269.8 269.7
326.8 330.5 332.1 335.7 338.7 343.2 347.2 351.2 349.4 347 346 345.3 343 343.7 343.1 342.3 336.2 328.5 325.2 321.8 314.4 308.2 296.6 291.1 285.8 278.4 270.9 265.3 257.6 247.7 239 233 227 223 217.1 214 210.5 204.5 201.9 200.4 196.6 192.5 189.6 187.7 185.5 184.7 184.9 185.3 189.8 191.6 198.8 205.3 214 217.6 224.1 230.6 235 238.5 242.3 247.7 244.6 248.7 251.8 253 254.2 254.4 258 261.3 260.7 262.7 263 265.4 267.3 267.9 265.4 264.9 264.9 265.4
315.8 316 322.6 325.7 331.7 331.6 338.2 343.1 340.8 338.8 338 336.1 337.2 337.7 334.7 330.9 326.5 320.7 317.4 310.7 303.8 292.3 285.4 277.9 273.1 267.7 260.7 257 248.5 239.4 232.5 226.9 221 216.3 211.2 206.9 204.4 199.1 190.8 192.7 189.4 186.6 184.1 181.4 179.8 179.7 179.8 179.3 180.9 181.1 184.5 190 197.5 206.2 213 219.7 225.7 229.1 233.2 234.8 236 240.9 243.9 246 247.7 248.6 251.7 254.6 254.9 257.3 258.7 258.1 259 258.5 257.2 259.1 260.1 262
306.5 304.4 312.1 314.1 318 317.2 319 325.3 327.8 329 325.7 328 335.6 330.6 329.1 323.4 317.2 311.6 306.5 297.2 287.3 284.2 277.7 271.7 266.3 259.2 252.7 248.3 239.3 234.5 226.7 220.4 213.8 211.4 204.8 200.5 196.6 194.3 188.3 181.3 179.7 179 177.9 175 172.6 171.1 171.2 173.8 175 175.2 175.1 180.6 185.2 192.2 200.2 208.4 215.1 219.8 223.3 221.4 227.6 232 234.8 239.2 240.9 243 245.7 249.5 248.9 250.1 250.9 250.5 250.6 252.9 252.1 252.5 255.6 255.9
296.2 296.7 302.8 309.3 308.4 303 301 310.6 313.9 315.3 309.2 317.8 320.8 318.9 314.8 309.9 303.2 293.6 286.1 282.3 277.8 278 271.7 268.1 261.1 254.4 245.8 239.8 232.3 225.5 218.7 211.2 204.5 201 195.3 193.4 191 188.1 182.7 176.9 174.5 175.1 172.8 171.6 169.1 168 169 170.4 171.9 170.4 168.3 167.7 171.5 179.5 187.9 197.6 205.6 210.9 211 216.8 221.7 224.7 227.9 232.7 234.5 237.3 242.1 244.7 243.6 244.4 243.9 243 243.9 247.3 248.8 249.7 251.4 252.8
287.9 289.5 295 296.7 294.3 292.7 293.5 298 298.4 299.1 301 306.3 303.6 299.5 293 290.7 285.5 274.2 273.2 267.7 266.6 265.4 264.3 260.3 253.7 245.9 238.7 232.3 228.4 218.3 206.5 203.3 199.5 195.4 192 188.9 184.2 179.7 176.7 172.8 170.5 170.9 168.6 168.4 166.9 166.3 167.6 168.9 168.8 167.9 165.4 164.6 167.7 169.6 178 187.6 196 202.2 202.2 212.4 216.6 219.9 221.6 224.9 225.5 229.3 235.2 235.3 237 237.1 238.4 239.3 240.7 242.4 244.9 247.6 248.5 251
