data/240000-670000.asc
ncols 200
nrows 200
xllcorner 240000
yllcorner 670000
cellsize 50
[rows 72 to 107 of 200, columns 0 to 80 of 200]
3.7 3.7 3.7 3.7 3.5 6.5 8.5 9.5 10 12.1 11.4 14.8 27.3 33.8 34.3 34.2 33 31.8 28.8 25.8 23 21.4 24.6 26.6 31 40.8 48.2 55.9 62.5 71.2 76.2 77.4 76.4 72.4 65.7 68.5 72.8 77.5 82.8 89.2 94 97.4 103.1 109.5 115.1 120.9 129.1 130.5 122.3 116.2 124.3 126.7 127.9 134 141.6 149.8 156.6 160.7 169.6 179.7 184.6 209.5 240.4 267.3 275.4 286.9 291.5 294 297.3 307.7 309.7 310.2 311.7 307.8 307.1 306.6 298.6 296.3 292.9 286.8 282.3
3.7 3.8 3.7 3.7 4.3 4.9 8.1 9.1 9.3 9.6 12.9 13.8 25.4 30.6 33.6 32.2 31.5 29.6 27.6 25.3 22.8 19.9 21.6 24.9 29.8 39.5 48.6 57.2 62.9 71.5 73.7 75.9 74.1 71.2 56.3 66.9 74.9 77.5 81.2 84.8 89.6 92.9 99.3 106 111.4 117.2 125 126.7 117.4 115.9 122.1 124.2 127 133.9 141.3 147 154.3 160.2 169.2 180.4 182.8 213.7 226.9 263.7 274.2 283.4 291.7 299.3 305.2 307 308.1 312.4 314.5 305.7 306.4 301.9 295.7 290.4 286.4 284.8 278.4
3.8 3.7 3.7 4.2 4.9 5.7 8.1 9.2 9.4 9.7 12.5 13.1 24.6 31.5 31.6 30.1 27.8 25.5 24.3 22.3 21.4 18.8 21.1 24.4 32.6 41.1 49.6 59.2 64.4 71.9 72.7 73.7 73 69.4 51.2 70.4 74.3 76.2 78.8 82.5 85.8 88.8 93.9 102.4 107.3 112.1 118.9 122 113.4 115.2 118.8 121.6 128.4 135 140.4 146.2 152.7 159 169.3 173.7 184.1 213.4 220.7 261 273.1 285.4 296.6 306.2 307 307.9 308.8 313.3 315.8 306.2 302.4 297.7 292.4 286.3 287.7 281.2 272.7
3.8 3.7 3.5 4.2 4.5 7.2 8 7.9 8.1 8.6 9.4 12.3 18.7 27.8 29.8 27.7 24.3 21.9 21.1 20.3 19.3 18.1 21.2 27.9 35.7 44.6 52.9 60.9 67.6 72.1 72.7 71.8 70.1 66.3 52.1 64.7 73.2 75 76.8 80.2 82.1 84.3 84.6 95.1 101.2 106.2 111.8 116.1 108.5 112.1 113.7 120.1 128.3 132.7 139 145 150.9 157.9 166.2 174.1 181.4 205.7 227.6 261.2 278.4 293 300.7 305 306.2 307.3 311.8 313.3 317 306.9 300.7 294.8 288.7 282.2 281.3 275.8 267.7
3.8 4 4.3 5.1 6.7 7.8 7.7 8.2 8.6 9.3 9.7 10.7 12.1 21.6 26.8 26.5 23.4 21.2 20.4 19.9 19.3 19.5 24.1 30.9 38.2 47.1 55.8 62.4 69.4 73.2 74.6 72.6 69.8 67.9 64.6 48.4 69.2 73.5 75.4 75.8 72.8 77.7 74.5 89.7 97.2 101.1 106.3 108.9 98.2 110.9 111.9 119.9 125.6 130.2 137.1 143 147.6 153.2 159.2 169.3 181.4 206.4 248 266.7 277 289.5 297.7 303.1 306.8 306.1 309.6 312 315.6 311.4 298.9 292.1 284.6 278 273.7 270.5 265.6
5.1 5.9 6.3 7.5 7.1 7.7 8.4 9.1 9.6 9.4 9.4 9.7 10.8 12.5 18.6 22.9 21.2 20.3 19.9 19.4 19 22.1 27 32.6 40.4 48.6 56.5 63.2 68.5 71.9 74.6 73.7 69.8 67.3 65.2 56.3 55.4 70 70.3 63.8 46.9 53.2 60.7 74.8 88.9 97.5 101.9 95.8 107.3 110.4 112.1 117 122.2 126.9 132.5 137.6 141.9 146.6 156 170 190.3 202.6 216.3 249.4 267.7 280.4 294.7 300.5 304.2 305.1 308.5 311.1 314.2 312.8 298.3 288.2 279.3 271.4 263.8 264.5 267.5
7.3 6.6 6.9 7.6 7.9 8.6 9.3 9.4 9.4 9.3 9.4 9.6 9.6 10.8 11.7 16.2 17.8 19.4 18.8 16.3 16.9 21.6 26.2 31.7 40.4 48.4 55.5 61.1 66.2 69.5 72.2 72.3 69.9 66 58.2 46 50 61.8 56.1 47.1 44.8 55.1 58.4 54.6 70 88.9 91.3 96.9 107.6 105.8 108.5 112.9 116.5 123.1 127.7 131.4 136 139.8 147.3 155.4 190.1 199.9 206.4 216 261.3 273.3 284.9 297.4 301.8 303.3 306.8 309.5 312.2 310.7 298.5 286.3 274.1 264.5 264.3 264.3 268.1
6.9 7.4 7.8 8.3 8.8 9.1 9.1 9.2 9.2 9.2 9.3 9.4 9.4 9.6 9.7 11.5 14.2 17 17.9 14.6 16.1 20.4 24.3 30 37.9 46 52.1 57.5 62.7 66.3 69 68.8 67.1 63.3 48.9 44.1 52.1 43.6 38.6 57.5 72.4 81.8 84.7 72.1 62 73 77.5 96.1 104.7 105.6 103.8 109 111.5 117.7 122.9 126.1 131.1 136.7 145.4 150.8 171.9 190.6 203 206.2 225.4 262.6 271.4 291 297.5 300 303.2 306.2 309.2 310.8 297.9 282.7 266.9 264.3 264.3 264.3 269.7
9.4 8.3 8.7 8.7 8.9 8.9 9 9 9.1 9.1 9.1 9.1 9.2 9.2 9.4 9.6 10.7 14.1 15.9 13 15.8 19 22.6 28 34.5 41.1 47.3 53 58.2 61.7 64.6 65 62.3 57.4 49.7 44.7 36.7 41.9 55.8 72.2 80 88.4 96.8 93 84.2 86.8 83.3 91.3 97.3 99.9 100.5 104.2 108.5 112 115.4 120.7 126 133.9 142.1 150.9 155.9 174 192.7 204.1 219.9 258.4 260.1 274.1 282.6 291.6 297.3 301.3 304.5 301.5 292.1 278.6 262.5 261 264.3 267.3 270.6
4.6 8.6 7.8 8.3 8.4 8.8 8.8 8.9 8.9 8.9 9 9 9 9.2 9.4 9.4 9.3 10.3 12.8 10.5 15.3 18.6 21.8 26.4 32 36.9 41.7 47 52.4 56.1 59 61 58 52.2 48.9 39.1 41.1 52.8 64.2 73 81.2 91 98.5 100.6 98.7 98.5 98.1 96.6 96.9 100.2 103.8 103.8 105.5 107.2 110.1 119.5 127.7 132.5 139.8 152.6 154 158.5 188.2 199.1 208.3 219.9 250.6 266.9 267.4 269.4 278.2 295.7 298.5 293.1 287.2 273.9 258.9 257.5 263.5 268.7 269.3
3.3 5.8 7 7.9 7.9 8.3 8.6 8.7 8.7 8.6 8.8 8.9 9 9 9 8.7 8.3 9.6 9.4 11.1 14.9 18 21.2 25 29 33.4 37 41.2 44.4 49.6 53.7 55.9 53.9 48.3 41.6 31 44.9 50.9 57.3 70.8 81 91.4 98.8 102.6 107.9 110.4 109 100.5 98.9 99.1 102.1 104.7 109 110.5 113.8 120.2 126.2 130.8 136.1 145.2 149.7 156 181.4 196.2 204.1 206.5 218.3 256.5 263.5 264.4 269.6 275.4 284.1 285.8 285 270.4 249.9 255.1 259.8 262.9 263.1
3 3.4 6.5 7.5 7.5 7.6 8.1 8.5 8.6 8.3 8.4 7.7 7.4 7.9 8.8 9.3 9.2 9.5 9.3 11.5 16.7 18.8 20.7 24.1 27.7 30.7 34.5 40.1 48.1 53.8 52.7 51.4 49.8 41.8 37.2 33.7 29.9 45 51.9 68.3 78.4 89.7 97.7 104.5 110.2 114.2 113.3 103.8 98.2 97.2 98.6 101.3 103 105.9 111 117.3 122.2 126.9 132.2 138.3 148.1 154.6 169.4 191.3 196.9 203.9 210.4 231.7 258.1 260.7 266.4 253.8 260.4 273.4 274.7 269.8 247.3 253.9 255.5 257.2 256.8
2.7 3.3 5.5 7.2 7 7 7.4 7.9 8.4 8.2 7.6 7.1 7.4 7.9 9.7 9.7 9.6 9.5 9.7 9.3 13.5 18.4 19.8 23 26.3 29 31.4 40.4 46.5 53.5 60.1 52.6 44.7 37.1 32.8 26.8 32.4 44.4 50.9 65.5 77.3 88.8 98.8 107.7 114.2 115 112.5 103.6 99.3 97.8 96.8 98.1 99.7 101.9 107.8 113.5 119 124.3 131.2 136.1 144.8 150.9 168.6 187.6 190.6 195.1 204.9 208.6 233.5 251.4 234.3 244.9 251 259.5 263.5 263.6 259 240.8 247.9 250.9 245.8
2.8 3.5 5.6 6.6 7.1 6.8 6.8 7.2 8.1 8.3 8.2 7.8 7.2 8.9 9.7 9.7 9.8 9.3 9.5 9.8 10.1 14.7 18.3 22.3 24.8 28 29.9 38.8 43.2 51.7 59 53.8 42.8 33.1 26.6 33.6 40.4 48.4 64 87.4 103.1 105.3 102.1 106.5 112.1 113 109.9 103.6 100.8 98.8 96.5 97.6 98.8 99.5 103.6 109.8 115.4 122.4 130.9 136.5 140.9 149.2 165.4 178.4 184.5 189.3 200.2 206 211.4 221.6 231.7 239.3 243.8 245.2 250.8 256.4 257.2 251.2 235 239.8 243.3
2.8 3.8 5.2 6.1 6.7 6.6 6.6 6.6 7.1 7.9 8.8 8.7 7.8 9.7 9.7 9.7 9.3 9.1 9.4 9.9 10.2 13 17 20.6 23.8 27 28.9 36.8 43.8 50.2 56.3 51.8 40 28.3 26.5 36.3 41.8 57.2 76.1 103.9 118.5 114 110.9 112.5 111 106 104.6 102.4 100.5 97.9 96.2 97.5 98.7 99.4 102.9 109.1 115.8 123.3 128.1 134.9 139.2 151.6 164.4 171.3 178.9 186.1 195 204.7 208.7 218.4 224.2 230.1 233.6 236.1 240 247.1 250.5 249.2 242.1 235 247.6
3 3.8 6 6.2 6.1 6.3 6.5 6.7 6.8 7.1 7.7 8.1 7.5 8.2 9 9 9.1 9.1 9.4 9.8 10.3 12.6 16.9 20.2 23.2 26.1 28 37.9 43.8 50.8 52.6 48.3 31 21.7 35.9 47.9 53.5 59.9 76.3 101.6 120 119.7 115.6 115.5 115.6 103.7 100.8 98.9 96.4 95.6 95.9 99.4 101.6 104.4 108.5 113.7 119.9 124.6 129.4 132.5 138.8 150 160.5 167 173.8 181 188.7 198.3 205.6 212.2 218.8 220.3 222.4 225.6 231.4 239 243.2 244.3 242.7 235 243.4
7.1 6.5 6.5 6.6 6.5 6.1 6 6.1 6.3 6.6 6.9 6.9 7.6 7.6 8.6 8.9 9 9.1 9.4 9.8 9.9 11.5 16 19.9 22.9 25.6 27.7 37.3 43.1 48.8 49 43.4 24.5 32.9 49.4 58.1 64.1 69.5 72.9 89 118 122.4 119.2 114.3 113.6 105.6 99.7 95.2 93 93.4 95.9 102.8 105.3 107.6 112.9 124.6 124.1 132.4 144.4 139.1 140.7 150.3 157.2 163.6 168.4 174.4 181.7 192.9 201.6 207.6 209.8 211.4 215.6 220.5 225 230 237.2 238.9 238.2 235 236.3
3.6 3.8 5.9 6.9 6.4 6.6 6 5.7 5.9 6.7 6.7 6.8 6 6.9 7.8 8.4 8.9 9.1 9.3 9.5 9.7 10 15 19.8 22.4 25 27.6 36.3 42.2 47.7 46.7 34.9 19.6 47.3 62.8 71.3 76.5 80.4 81.4 83.5 102.6 116.4 117.8 113.6 108.2 102.7 97.9 94.7 90.4 91 95 100.6 105.3 106.3 121.4 132.6 126.5 126.9 142 142.6 140 147.4 154.6 160 164.9 170.2 174.2 186.1 193.8 199.5 201.3 202.2 210.7 213.1 220.3 224.1 229 231.5 233.3 227.5 227.8
3.8 3.6 4.1 4.2 4.3 3.4 6 6.2 4.9 5.3 5.9 5.7 5.5 6.4 7.1 7.7 8.3 8.9 9.3 9.6 10 9.2 13.2 19 21.9 24.4 26.5 33.9 39.8 45.2 39.2 23.3 36.9 58.1 68.3 77.2 83.6 87 89.8 93.1 96.5 100.7 104.4 104.3 99.8 96.8 94.1 91.6 88.8 88.5 92.6 98.2 102.4 107.1 122.4 129.8 127.4 121.1 125.7 134.7 138.5 140.5 148.1 154.8 160.6 164.4 169.1 179.4 187.3 190.6 198.7 206.8 215.2 220.1 219.5 218.9 223.9 226.4 227.9 224.3 226.6
3.6 3.7 4.3 4.8 4.4 3.8 3.2 3.7 6 4.9 4.8 5.1 5.7 6.3 6.6 7.2 7.9 8.7 9 9.2 9.6 9.9 11.2 16.5 21.2 24.2 26.2 30.4 36.7 42 30.5 18.1 42.1 60.5 71.4 79.2 87 92.5 96.9 99.8 100 100.8 100.5 100.5 99.1 93.7 90.7 88.3 85.5 88.2 90.7 96 104.5 111.6 116.9 119 121.5 119.7 118.7 124.7 132.2 136.7 143.5 150.6 155.3 159.9 163.7 174.6 181.5 189.7 197.2 205.1 215.2 223.8 224.5 222.3 220.9 222.7 223.7 222.9 223.5
3.4 3.8 4.4 4.7 4.4 3.8 3.2 4.4 5.4 6.6 5.7 5.3 5.5 6.1 6.3 7.3 8 8.4 8.7 9 9.2 9.5 11.1 16 19.5 23.2 24.6 28.3 35.1 36.7 19.5 16.7 49.1 62.2 72.5 80.9 88.8 95.9 98.9 100.2 103.9 107.6 108 115.7 114.2 100.2 93 89.2 85.5 85.5 91.7 94.6 114 112 112.2 112.5 114.4 117.6 117.4 120.8 126.6 133.4 140.7 147.6 152.4 155.3 151.5 172.9 181.1 188.3 195.7 203.6 213 222.3 227.4 227.2 224.7 221.4 221.7 221.2 220.9
3.2 3.8 4.5 4.7 4.3 3.7 3.2 5.2 5.3 5.3 4.5 5.3 5.5 5.8 6.1 6.8 7.7 8.2 8.4 8.7 9 9.3 10.2 13.2 16.1 18.2 20 21.6 31.1 15.1 24.7 38.4 52.6 64 74.9 85.6 92.3 98.8 105.2 108.5 113.2 129.9 138.3 140.5 128.6 107.6 99.8 94 85.5 85.5 87.6 93.7 113.4 115.8 111.6 113.2 114.9 116 116.4 117.3 122.1 130.6 139.7 145.3 149.6 148.7 155.1 172.6 180.7 187.4 194.9 203 211.3 218.8 223.6 229 229 224.3 227.5 223.3 218.9
3.2 3.9 4.5 4.4 4.6 4.9 4.3 5.2 5.5 6.2 6.3 5.2 5.6 5.4 5.5 6.7 7.5 8 8.5 8.8 9 9.3 7.6 8.4 12.2 11 11.6 14.6 15.5 18.5 21 28 36.4 61.5 73.5 84.7 92.6 98.4 103.6 105.8 111.4 126.2 147.5 148.8 135.6 114.9 100.9 92.8 87.3 85.5 85.5 91.1 101.9 110.7 114 117.4 117 114.9 115.1 116 122.8 130.6 136.3 139 138.1 147 159.5 173.3 181.5 187.3 194.9 203.1 210.2 214.9 220.8 225.7 227.4 231.8 224.4 224.5 218.9
3.3 3.9 4.2 4.3 4.4 4.8 5.1 4.9 4.9 6.6 6.3 5.3 5.5 5 4.9 5.3 7.5 7.9 8.2 8.6 9.1 7.2 9.8 11.2 12.5 12.5 13.7 16.7 19.7 29.6 34.2 41.5 49 57 64.3 74.6 83.9 92.5 98.2 100.3 112.3 135.2 149 149.5 139.2 120.3 104 92.2 86.4 85.5 85.5 85.5 91.5 100.4 106.8 115.2 117.4 114.6 113.3 115.1 118.6 124.8 128.4 127.9 140.9 149.6 160.5 171.2 180.7 187.7 194.9 202.7 208.4 209.6 216.2 226 229.4 232.5 229 229.6 224.1
3.4 4.5 4.4 4.1 4.2 4.8 4.9 5 4.5 5.9 6.7 6.7 4.5 3.9 4 3.9 5.5 7.1 8 8.4 7 8.3 10.5 11.1 11.6 11.9 12 14.9 20.1 24.8 30.1 37.6 44.3 50.9 57.6 66.1 76.5 86.6 93 97.7 116.2 131.8 136.6 149.3 144.6 124.9 109.7 100 90.2 85.5 85.5 85.5 86.6 91.6 97.5 107.7 113.6 112.7 112.3 112.4 112.9 117.7 128.1 135.4 142.3 150.5 157.4 167.7 177.3 186.3 194.5 201.5 203.5 211 214.5 222.5 230 231.4 233.4 231.4 222.1
4.9 4.6 4.7 4.4 4.4 4.5 4.6 4.7 4.4 3.7 3.6 8.4 4.1 3.4 4.7 5.5 5.8 4.8 6.6 5.5 6.7 8.6 9.9 10.4 10.9 11.8 12.4 12.8 21.6 25.6 26.9 33.1 39.2 50.3 57.2 63.9 72 79.9 91 99.3 105.8 117.3 116.8 123.4 137.7 124.8 112.7 109.5 99.8 92 88.4 85.2 79.7 83.3 88.1 95.5 103.5 108.5 108.5 109 113.3 120.1 127.9 135.4 141.8 152.7 159.6 165.6 173.9 183.7 191.9 199.2 200.7 207.7 212.4 217.6 223.7 229.7 232.3 231.6 225.5
5.5 4.3 4.7 4.7 4 4.1 4 4 3.6 3.5 3 7.2 4.4 3.5 5.3 6.1 6.7 5.3 6.3 5.8 7.3 7.5 9.3 9.9 10.4 11.3 11.6 12.4 13.7 23.4 28.2 32.1 40.1 49.8 54 61.3 71.1 79.9 90.4 99.4 105.5 104.4 105.3 107.9 117.7 117.3 109.8 108.5 107.5 99.4 86.9 73.6 85.2 88.8 89.9 90.2 94.8 95 106.7 109.2 113.3 119.6 128.8 135.5 148.5 155.5 160.2 165.4 172.7 179.9 189.1 196.1 200.1 207 210.9 215.3 220.2 224.8 227.6 230.9 231.8
4 4.3 4.6 3.9 3.5 3.6 3.6 3.8 4.3 4.4 4.2 4.2 3.8 4.2 4.4 5 6 6.2 6.3 8.9 6.5 7.6 8.8 9.3 9.9 10.4 10.7 11.7 12.7 14.6 24.4 28.7 37.7 48.7 55.5 63.3 71.7 80.3 88.6 98.2 108.5 112.4 118.9 121.1 123.9 121.6 127.5 116.9 106.1 96 84.5 71.2 82.2 86.5 92.6 94.9 99 104.9 106.1 106.8 110.2 117.4 126.6 138 149.7 155 159.5 165.1 172.1 179.8 186.3 192.3 196.6 202.4 208 210.8 213 217.2 222 225.4 227.3
4.2 4.2 4.2 3.3 3.2 3.3 3.3 3.7 4.1 3.8 3.7 3.2 4 3.6 3.9 4.6 4.9 5.7 5.5 6 5.8 5.7 7 8.1 8.9 9.4 9.6 9.4 9.4 12.2 14.4 26.3 37.4 44.8 53.9 63.1 71.7 79 86.6 95.5 105.2 115 127.3 132.4 132.4 142.4 138.9 121 102.5 91.1 79.6 70.3 76.2 82 93.1 97 101.1 106.1 105.8 106.5 108.6 113.9 121.4 135.8 147.3 152.4 157.3 165.9 171.8 178.3 185.5 193 194.9 199.5 205.1 209.5 204.5 205 210.9 218.1 219.8
2.7 4.3 4.3 3.9 3.8 3.6 3.5 3.4 3.5 2.9 2.7 3.7 6.4 3.7 4.3 4.6 4.9 5 5.1 5.5 5.4 5.4 5.9 6.4 7.4 8.3 8.4 8.2 8.3 10 11.8 16.3 30.5 42.6 50.7 59.1 68.6 75.7 83.9 93.4 104.6 121.9 125.1 93.9 88.9 134.8 148.4 118.9 99.2 84.6 67.4 71.1 73.4 78.3 88.3 98 105.3 105.8 104 104.3 108.5 115.5 123 140 151.8 161.7 152 153.3 175 177.1 182.6 187.9 191.3 198.7 203.9 202.9 197.7 194.8 201.9 209.6 213
-1.5 3.5 4.4 4.5 4.5 4.6 3 3.3 3.3 2.5 3.1 4 6 3.9 4.3 4.6 4.8 5.1 5 5.2 5.2 5.3 5.8 6.1 6.2 6.9 7.7 7.6 7.6 8.4 9.1 11.6 22 36.6 45.6 54 63.6 70.9 80 97.8 123.6 118.2 93.3 78.1 93.4 135.1 147.8 117.7 97.3 79.9 58.9 67.3 69.6 72.8 79.6 90.9 100 100.9 97.5 93.1 100.5 114.3 129.7 157.2 167.2 148.7 137.6 133 155 178.5 177.6 183.9 188.7 194.2 198.8 197.3 193.5 190.6 198.8 205.7 207.4
-1.5 8 5.3 5.1 4.8 3.2 2.6 3.3 2.6 2.9 3.1 3.5 4.4 3.5 3.8 4.1 4.3 5 5 4.8 5 5.3 5.7 5.8 6 6.6 7.3 7 7.1 7.1 7.3 9.1 11.8 27 38.7 48.4 56.1 63.9 81.1 102.6 102.6 85.6 71.5 71.5 118.4 147.2 139.5 114.1 93.9 78 62.7 58 62.9 66.3 71.8 82.7 91.3 93.8 92.5 87.9 94.5 103.2 132.1 153.8 171.7 137.2 123.5 128.5 169.5 174.1 175 178.9 185.9 186.7 187.5 190.6 189.4 187.9 195.1 200.8 200.6
-1.5 5.4 4.9 4.7 3.9 3.6 3.3 -1.5 -1.5 2.8 2.5 2.6 3.6 2.8 2.8 3.8 4.4 4.9 5.1 4.7 5.1 5.4 5.5 5.9 6.2 6.6 7 6.4 6.5 6.7 7.1 6.9 9.7 15.5 32 43.5 51.3 61.1 91.3 88.7 87.7 71.8 72.1 82.9 127.5 158.5 128.5 106.8 89.8 73.6 60.2 50.4 54.5 59.5 64.2 74.9 82.8 85.3 84.2 83.2 91 101.6 125.3 157.6 168.2 133.9 124 129.3 151.6 166.4 168.6 171.9 181.5 183.5 183.2 185.4 184.4 181.5 185 183.7 184.2
-1.5 4.6 4.6 4.4 4.5 4.1 3.4 -1.5 -1.5 3.3 3 2.6 2.2 3.3 3.4 3.7 4.2 4.7 4.7 4.4 5.3 5.3 5.3 5.4 5.8 6.2 6.5 6.6 6.4 6.7 6.5 6.4 7.6 10.5 23.3 37.6 46.1 68.6 92 87.1 75.8 72.2 88.2 135.8 147.9 140.7 113.9 96.3 81.9 66.6 53.7 42.1 47.4 51.9 56.6 65 72.4 75.8 74.2 77.9 87 103.1 127.5 158.1 160.2 118.4 109.7 115.2 139.2 154.2 161.4 173.3 179.4 182 184.5 184.2 180.1 174.2 173.4 172.5 161
4 4.5 4.5 4.2 4 4.6 6 -1.5 2.9 3.5 3.6 3.7 3.2 2.9 3.5 4 4.2 4.1 4.1 3.8 4.9 5 5 5.1 5.3 5.6 5.8 5.7 6 6.1 6 5.9 6.7 8.7 13.1 25.4 44 81.8 88 73.5 78.1 91.8 140.1 147.2 134.2 113.7 101.4 87.6 73.4 60.1 47.7 35.7 40.6 44.2 48.2 53.6 59.8 65.7 66.4 71.4 84.2 104.7 131.5 153.1 140.9 110.7 109.7 109.8 130.6 149.4 152.9 171.9 174.5 180 183.7 180.5 175.6 168.4 163.6 160.4 150
4.4 4.5 4.2 3.9 4.7 4.8 2.8 -1.5 3.3 3.3 3.5 3.6 3.8 3.7 4 4.1 3.9 3.5 3.4 3.6 4.4 4.2 4.6 5 5 5 5.1 5.2 5.2 5.2 5.4 5.4 5.9 7.2 9.1 19.3 50.5 112.8 72.9 72.6 112.3 145.6 137.4 118.8 107.5 98.4 88.3 77.3 66.1 52.8 42.3 28.3 35 38.1 41.3 44.1 47.7 55.4 56.1 65.3 80.5 100.3 130.8 159.9 128.8 110.1 109.8 109.8 114.1 147 148.9 155.4 167.5 176 178.3 175.9 170.2 164.3 158.4 151.8 146.2
