data/240000-780000.asc
ncols 200
nrows 200
xllcorner 240000
yllcorner 780000
cellsize 50
[rows 35 to 69 of 200, columns 78 to 155 of 200]
617.6 626.2 632 639.2 646.5 653.5 660.2 665.5 671.4 679.4 688.6 697.1 704.5 711.3 717.4 725.1 736 746.7 759.7 772.7 784.9 796.4 815.3 825.1 834.5 840.9 842.4 839.6 831.6 822.4 816.4 809.1 816.9 819 816.8 815 813.9 810.6 810.9 799.4 773.1 724 683.9 652.1 620.5 598.3 571 541.8 523.5 508 490.7 474.9 462.8 449.4 435.3 419.7 408.2 402 397.9 392.1 386.4 380.9 367 360.7 368.5 376.9 383.1 385.9 389.1 394.4 397.3 395.3 397.6 399 393.9 385.9 376.9 366.9
627.9 633.6 643.5 651.1 659 666 672.6 680.8 686.4 694.9 704.3 713.4 720.8 726.3 733.7 746.3 759.5 772.3 788.5 802.2 816.8 831.5 845.8 858 867.4 871.3 867.3 862.3 854.1 847.3 838.7 826 831 832.1 831 829.6 828.2 819.9 815.9 795 768.4 725.2 687.9 655 621.4 595.3 569.3 541.8 519 504.7 488.3 473.2 460.2 447.2 433.7 417 405.2 397.8 393.6 388 382 379.5 370.8 359.4 360 367.9 376 374.1 376.9 382 384.7 382.9 384.7 381.7 376.3 366.9 360.3 353.4
636.2 644.7 653.9 660.9 669.6 677.2 685.9 694.2 701.5 710.1 717.8 726 736.1 743.6 756.2 771.1 787.4 803.1 818.4 835.6 850.6 862.5 876.7 885.1 885.9 880.9 876.1 869.4 860.1 846.8 838.1 839.2 838.5 834.5 831.7 829.7 823.9 816.1 803.6 783.3 756.5 723.4 680.7 647.9 615.7 586.4 563.3 540.7 521.1 503.8 488.1 472.7 459.4 446.8 434.3 419.6 405.3 395.2 390.4 384.7 378.3 373.2 369.1 358.4 350.3 357.1 367.5 364 366.2 369.9 373.6 372.5 370.3 365.1 357.9 350.2 343.7 340.3
646.4 655.2 663.2 670.2 678.9 686.9 696.9 706.3 716.2 724.6 732.2 741.3 753.2 764.1 780.1 798.3 813.7 835.2 852.2 870.1 881.1 887.4 897.8 899.5 895.7 887.3 879.8 870.2 860 844.9 847.3 842.8 835.8 829.8 825.5 820.1 812.2 802.6 787.6 768 737.6 703.1 668.6 638.1 607.5 579.6 557.4 538.9 518.7 503.9 490.1 475.3 458.9 446.4 433.9 420.1 407.6 395.9 387.4 382.4 374.6 368.1 366.4 360.2 350.6 347.6 354.8 355.5 354.9 356.3 362.8 359.8 355 350.2 344.6 336.8 328.3 326.9
654.1 662.1 670.7 679.7 688.5 698 706.8 716.4 728.9 739.4 746.3 755.6 770.5 789.6 809.3 828.4 847.5 870.8 888.7 900.4 906.3 913.1 916.9 910.9 905.1 894.8 885.8 874 864.1 849.9 846.1 840.2 830.7 821.3 813.9 807 797.2 786.2 769.9 748.6 719.3 686.9 657.1 630 600.8 574.4 553.8 538.4 520.8 503.2 489.5 474 456.8 443.2 430.2 418.3 406.4 396.9 387.4 378 369.9 364.5 359.6 358.2 350.1 340.1 346.1 346.2 349.1 346.2 349.7 346 341.8 337.3 330.5 321.9 316.8 313.6
661.7 668.8 677.2 688 697.9 709.2 717.6 729.3 743.4 754.4 764.9 776.8 794.2 813.2 836.5 857 883.8 905.9 917 923.8 931.6 937.1 934.8 925.3 914.3 904.7 894.7 883.8 870.6 856 848 836.6 819.8 808.8 799.6 792 779.4 763.1 745.1 725.2 700.4 672 646.7 621.2 595.2 570.5 549.1 535.3 520.3 503.9 488 471.6 453.4 440.7 428.7 416.5 403.9 394.5 386 375.3 367.2 359.8 354.5 349.5 349.7 340.4 335.4 336.7 343.2 339.8 338 333.7 328.4 323.2 318 313.2 307.9 303.8
668.6 677.7 687.7 697.4 710.3 723.6 733.3 743.2 756.7 770.7 784 797.7 814.1 835.2 861.1 891.7 914.5 930.5 940 949.6 958.4 957.3 951 938.6 926.7 915 903.7 892.8 879.9 863.8 849.1 835.3 815.4 801.2 790.8 777.5 766.6 743 727 707.2 685.8 664 639.3 614.5 588.7 565.8 551.1 537.2 518.8 502.1 485 468.1 451.1 436 423.5 412.5 401.4 391.4 380.4 371.5 362.9 356.1 349.8 345.3 340.8 335.9 330.7 327.8 334.3 331.1 327.9 324.8 317.5 310.4 305.8 304.5 299.8 295.2
675.2 688.3 701.7 715.9 729.6 739.7 747 755.7 769.7 787.5 802.6 818.3 832.7 851.5 890 916.7 938.3 953.4 963.5 973.7 976.6 970.4 962.5 952.6 941.4 929.8 916.8 903.8 891 874.4 856.9 836.2 815.5 800.3 789.3 778 756.8 735.6 713.9 697.4 678.1 655.5 632.9 611.2 589.7 568.4 553.6 538.4 519.1 500.8 481.5 464.6 447.3 432.4 419.3 408.9 398.9 389.3 377 366.9 359.5 353.1 347.2 341.9 335.6 330.2 329.1 320.4 319.8 322.3 320.6 316.3 306.7 298.9 295.7 296.9 292 287
695 707.2 718.7 734.3 750.2 757.3 760.7 766.5 784.5 804.4 818.8 830.7 844 869.8 900.2 927.6 952.9 972.6 985.5 996 992.1 982 973.1 964.8 955.1 945 931.8 917.5 902.7 886.6 867.3 844.3 821.5 803.3 787.1 771.7 752 729.4 710.7 694 674.6 650.8 632.7 612.8 589 573.3 557.7 541.6 523 499.2 477.8 459.6 443 428.7 415.1 404.5 394.6 385.1 376.6 366.4 357.8 351.6 346.4 340.9 338.6 329 324.1 320.1 316.1 313.2 312.6 306.8 297.9 293.8 291.4 291 286.2 281.8
718.9 732.9 741.2 752 762.8 778.5 790.4 792.8 803 821.4 827.3 832.8 843.8 867 900.6 931.8 964.2 985.6 999.4 999.5 995.5 986.6 979.6 972.1 966.3 955.9 944.2 928.2 913.6 896.1 874.6 854.5 834.9 810.7 790 769 751.5 733.3 716.6 700 676.9 651.9 630.7 608 591.3 576.3 560.9 542.3 522.2 496.4 473 455.2 438.4 424.6 412.9 400.3 389.5 381.9 374.4 366.2 357.4 350.5 345.5 340.6 332.2 326.1 322.2 319.3 312.4 309.4 309 301.4 298.5 293.1 289.7 287.5 283 280
745.5 761.4 770.6 768.3 778.6 797.6 814.6 826.6 836.1 838.1 831.5 833.9 843.7 864.8 901 935 969 988.7 995.9 995.8 991.4 988.3 982.7 978 972.3 962.6 950.7 934.6 918.9 902.6 881.8 862.7 844.7 826.2 802.6 782.8 762.6 737.7 721.4 701.6 680.3 652.9 632.1 613.9 596.1 579.2 560.3 537.8 517 491.8 471.1 450 435.6 421 407.3 396.6 385.4 376.8 369.6 360.6 353 346 341 334.5 327.8 320.7 319.6 317.7 313.9 307.5 303.3 301.6 297.5 292.4 288.8 285.5 282 279.5
782.8 792.3 800.9 789.7 800.1 819 839.6 855.1 868.3 861.3 847.4 841.7 848.4 866.5 897.5 935.3 972.7 987.2 989.1 986.9 985.1 982.8 979.7 979.3 972.1 963.8 953.1 936.4 918.1 903.6 888.1 870.5 850.2 831.9 814.9 793.9 772.3 749 721.7 697.8 675.3 651.3 630.7 614.9 596.6 574.6 550.2 529.2 508.3 488.3 468.9 444.7 430.5 415.1 400.2 389.2 379.3 370.2 360.8 354.7 348.1 342.3 336.1 330.1 324.6 319.6 318.1 312.4 306.9 306.5 299.6 301.5 296.6 291.7 288.8 287.1 283.7 281.9
827.1 820.2 819.3 816.9 820.2 841.7 864.8 889.7 907.4 892.1 872.3 857.5 855.5 870.7 902.1 935.4 974.7 985.8 980.7 978.1 975.3 974 971.5 969.5 965.6 959.2 945 926.9 912.3 899.4 883.7 866.9 850 830.7 814.1 796 779.9 761.4 734.7 698.1 672.8 649.5 624.9 607.2 585.2 563.9 539.5 519.9 501.2 481.4 460.8 439.4 422.3 409.2 396.4 383.3 373.1 365.2 357.8 350.9 344.7 337.4 334.3 327.7 320.7 317.7 313.7 304.6 299.8 303.3 299.2 297.2 294 290.9 289.5 287.8 287.2 286.1
868.4 865.3 861.4 847.7 851.3 866.8 889.9 921.8 937.3 920.4 896.5 881.6 873.8 885.4 911.2 947.4 980.9 976.9 971.1 966.4 964.3 962.8 959.5 959 952.8 943.3 933.8 919.7 903.7 891.5 875.5 858.3 841.6 825.1 807.9 789.3 776.2 761.9 739.4 708.3 676.8 648.7 623.3 601 576.2 554.7 530.9 512.4 493.7 474.8 454.3 434.5 418 405.9 393.4 380.9 370.7 362.4 356.1 348.6 341.3 333.9 327.9 323.6 318.9 312 302.5 298.6 297 296.8 293.9 291.5 291.2 290.3 289 287.6 287.3 283.2
888.5 886.5 885.3 874.1 879.4 899.6 922.4 956.1 964.4 950.6 927 911.5 902.7 905.1 930.7 967.2 976.9 966.5 959.2 954.4 951.6 948.7 946.1 943.8 936.3 928.6 920 905.8 893 879.7 863.5 849.3 832 815.5 798.2 782 769.7 757.1 739.3 711.5 677.2 643.3 615 591.3 568 544.9 524.8 505.4 486.9 467.7 448.1 431.3 417.1 404.3 393.1 379.9 371.8 362.9 353.7 345.3 335.8 327.7 321.9 314.6 308.4 302.4 297.6 294.9 294 292.3 289.9 289.9 289.5 287.5 286.7 285.8 283.6 280
912.2 909.8 916.7 909.7 913.6 931 956.6 992.4 1001.3 980.9 960.4 941.2 931.4 933.4 956.1 979.6 972.1 960.3 950.2 942.3 938.5 932.7 927.4 923.3 916.9 911.9 901 886 875.1 866.9 851.9 835.9 820.8 803.9 788.5 773 761.3 747.9 729 706.3 674.1 636 604.3 583.4 559.1 537.6 518.9 500.1 480.5 461.8 444.1 428.6 414.8 405 390 380.3 372.5 360.4 351.5 340.5 331.3 322.3 316 309.9 304.9 300.5 296.3 293.4 292 290 288.9 287.6 285.2 282.2 282.8 283 281.7 277.2
941.8 944.4 952 955.6 947.5 973.9 998.2 1022.6 1038.3 1015 998.8 980.3 971 969.2 980.1 974.8 964.5 950.8 936 923.2 916.8 912.7 907 904.9 900 893.7 882.3 870.5 860.3 849.9 839.6 825.5 809.7 793.2 778 765.5 751.5 738.2 715.1 690.3 665.9 628.9 593.7 567.8 550.6 531.6 515.9 494.8 474.7 457.4 439.5 425.9 410.2 398 387 377.8 367 355.3 345.4 335.2 327.2 320.8 315 308.2 303.2 298.9 295.4 292.4 291 289 286.5 284.9 283.3 280.4 280 280.5 275.8 270.6
971.8 976.8 988.6 995.5 985.4 1008.1 1022.3 1045.9 1062 1044.6 1030.6 1009.4 999 984.4 978 968.9 952.1 936.6 916 901.8 892.5 886.8 883.2 880.7 876 871.4 862.9 856.1 844.8 835.5 823.9 811.9 797.4 782.3 765.3 751.8 737 722.1 701.4 676.7 649.2 616.2 581.6 557.8 539.4 525.1 508.4 489.2 470.6 453.1 435.7 418.2 404.3 390.4 381 371.5 359.8 349.4 338.9 330.4 323.5 320.2 317.4 308.5 301.9 297.5 294.5 291.5 290 287.7 284.8 282.8 281.2 279.9 277.8 272.4 269.4 269.3
1014.6 1022.2 1032.5 1043.5 1020.2 1046.6 1064 1063 1056.2 1040.6 1027.4 1005.4 990.9 978.9 966.1 952.6 935.5 915.1 895.8 878.2 873.7 863.5 853.7 852.4 850.8 848.6 843.4 836.1 827.4 820.9 805.8 792.4 779.3 765.1 748.6 734.7 721.6 702.3 684.7 666.1 635.3 600.9 572.7 550.3 534.5 518.7 501.6 484.7 466.5 447.4 430.7 418 399 388.1 376.1 365.7 354.3 345.4 336.5 326.1 319.5 319.1 313.6 307.3 299.8 298.8 295.4 291.5 289 286.4 283.5 280.8 279.3 277.8 275.5 272.5 270 269.2
1057 1060.7 1062.2 1063.2 1061.3 1062.5 1059.9 1054.3 1043.1 1031.2 1011.6 993.8 980 965.7 952.3 936.2 915 892.7 877.1 862.7 853.9 843.7 830.8 827.9 828.9 826.5 822.1 816.7 809.4 799.1 787.4 775.1 760.4 745 729.3 714.5 700.3 685.3 675.5 663.8 632.1 600.5 574.6 546.7 529.1 513.4 493.7 473.4 456.4 440.7 426.7 410.1 394.5 382.6 371.9 358.4 350.1 343.5 335.5 327.2 320.3 316.9 311.4 305.3 299.9 300.3 297.8 293.2 289.7 285.3 280.2 278.6 277.1 275.5 274.1 271.5 269.7 268.7
1049 1049.3 1049.7 1052 1053.4 1053.6 1051.4 1044.6 1032.1 1018.1 1000.8 983.5 968.2 953.4 937.1 920.7 892.4 875 858 847.6 834.1 820.6 811.7 808.3 802.9 799.2 796.2 791.4 785 777.1 768.2 752 736.8 721.6 706.3 693.7 680.7 674.4 660.4 641.7 623.6 605.5 577.9 544.7 522.6 504.8 484.2 464.7 446.9 433.2 416.5 402.8 389.2 377.4 366 357.7 350.5 343.7 333.9 326.7 322.7 318.4 313.4 307.9 303.6 301.2 299.7 295 289.9 283.9 278.5 275.9 274.4 273.2 271.7 270.2 269.4 268.1
1019.5 1024.4 1030.2 1035.3 1040.5 1042.6 1039.8 1031.9 1021.6 1007.8 987.3 969.6 957.4 940.1 919.1 894 876.5 855.9 842.5 829.5 812.8 803.5 795.5 790.4 780.9 775.4 767.2 760.5 755.9 749.1 738.9 726.1 707.4 697.6 686.3 677.3 663.8 653.9 642.4 633.1 620.5 602.8 577.4 542.6 516.2 492.3 472.5 458 439.8 423 406.7 395.7 383.6 373.4 361.9 354.4 347.7 340.3 333.6 328.4 324.5 319.8 314.8 309.8 304 300.5 300.3 294.6 288.1 282 277.4 273.4 271.4 270.3 270 270.6 269.3 268.1
986.6 994.8 1003.1 1014.5 1025.1 1031.7 1027.6 1021.8 1013 999 976.4 956.7 944.3 927 903.2 880.8 859.1 840.3 829.1 814.4 804.9 795.4 786.3 776.3 764.3 755.3 743.5 737 728.3 717.3 707.8 695.6 685.6 675.4 664.6 657.6 649.2 638.3 626.7 618.4 608.1 597 573.3 540.6 514.5 489.6 471.2 454 434.1 416.7 402.9 391 379.2 368.9 358 351.1 345.8 341 335.5 330.8 328 321.8 315.8 310 304.2 299.6 295.2 290.9 285.1 279.6 276.4 272.3 269.7 268.3 269.4 270.6 270.9 268.3
948.6 958.6 969.3 986.1 1007.3 1013.3 1016.5 1010.7 1002.9 984.7 962.9 946.9 929 915.2 893.9 868 845.4 831.9 818.8 808.7 799.9 790.4 780.7 770.2 757.9 743.5 728.4 716.3 703.6 690.2 680.6 671.6 662.5 652.7 644.2 636.1 629.1 619.5 610.9 607 590.7 577.5 557.9 540.2 524.8 504 485.8 465 441.3 421.7 405.9 391.8 378.8 364.9 355.7 349.4 345 340.7 335.5 331.5 327.3 320 314.8 309.2 303.6 299.3 292.9 289.7 285.6 280 277 272.3 269 267.2 268.8 270.6 267 259.8
906.7 916 934.2 954.8 976.7 990.9 997.8 992 986.3 976 959 943.4 923.9 916.6 895.2 859.8 837.9 827 818.5 808.6 799 790.7 778.5 763.3 747.9 733.2 718.7 702.5 686.2 671.7 660.4 650.4 637.8 627.7 622.3 615.5 608.6 606.1 599.4 592.8 583.9 570.8 564.7 552.6 542.4 522.6 500.6 474.6 450.1 423.9 408.4 394 377.8 359.7 353.9 350.3 346.6 340.2 334.2 329.4 322.6 317.1 312.9 308.9 299.4 295.6 292.4 289.2 284.8 279.7 278.3 273 270.3 265.1 266.2 263.5 259.2 258.2
860 880.7 899.4 917.3 938.3 957.1 970.3 971 968.4 964.1 953.8 947.3 940.5 923.6 896.2 860.3 841.7 831.2 820.5 813.9 800.5 788.9 773.8 759.1 744.4 729.3 713.6 696.8 675.8 654 643.7 629.6 617.2 608.3 601.7 596 589.8 590.4 588.4 586.1 581.3 571 570.4 558.1 543.3 528.2 505 478 450.9 424.2 409.4 391.9 373.6 358.8 357.4 354 349.6 341.7 333.2 325.6 319.3 314.1 310.2 301.7 296 293 290 287 283.2 280.3 280.4 274.1 269.9 266 262 259.2 258.6 258.5
826.5 843.1 863.6 884.9 906.7 925 937.7 950.1 952.8 951.4 952.4 951.5 938.3 918.7 882.3 854.5 840.1 830.2 820.4 814 802.3 789.1 772.8 756 739.9 724.4 709.9 691.7 671.1 654.3 635.7 620 605.4 591.2 583.8 576.5 572.6 574.1 572.1 569.3 560.6 561.5 561.6 551.1 536.5 522.4 498.7 468 443.3 427.2 406.7 386.5 368.4 360.9 360.8 357.4 350.9 342.6 333.4 323.3 315.8 310.7 302.3 296.6 292.6 290.1 287.4 284 280.9 280.6 275.9 270.4 270.1 266.8 261.8 259.9 259.6 258.8
798.9 814.1 828.3 848.6 871.2 888.6 910.9 924.3 931.8 933.8 936.5 940.2 927.4 913.7 888.7 865.8 849.4 843.1 832.2 825.6 817.7 796.2 774.2 761 746.7 728 719.1 697.1 673.8 654.5 633.4 612 595.7 580.7 567 558.8 556.5 555.2 552.3 548.3 543.5 546.6 546.4 535.8 520.2 505.5 476.4 453.6 445 425.4 395.4 379.7 370.3 363.8 362.2 357.2 350.6 340.5 327.6 318.1 311.5 305.8 297.9 294.3 290.6 288.9 286.8 282.1 279.5 279 272.7 270.8 270 268.4 264.8 262.4 261.2 259.4
773.7 785.8 800.8 818 835 859.8 880.6 898.8 911.5 916.9 922.9 928.2 925 916.4 894 885.1 874.1 860.9 852.6 840.8 827.7 804.9 783.4 775.2 760 747.2 734.3 711.1 687.5 660.8 638.4 610.6 592.6 574.7 560.4 549 542.5 535.7 531.8 526.7 522.3 518.9 520.3 513.1 501.7 483.2 453.6 445.8 433.7 408.2 384.3 376.2 370 363.7 358.4 352.4 343.6 329.5 318.7 310.6 305.1 299.7 297.2 295 290.4 289.6 288.6 284.2 281.3 280 276 275.7 275.7 274.2 268.6 265.5 262.9 261
754 764.9 776.5 791.5 810.4 829.6 851 869.6 885.6 896.6 904.3 912.4 914.4 909.6 898.8 898.7 896 872.6 865.9 856.6 844.7 816.9 795.5 784.8 773.3 764.1 753.1 731.3 705.5 673.3 646.5 616.5 590.8 572.6 553.9 541.8 531 518.3 514.3 504.9 500.2 497 498 494.5 480 455 441 428.3 409.7 390.4 379.8 371.5 366.3 357.6 351.7 341.5 328.6 317.9 309.3 307.7 301.8 299.9 302.2 301.6 297 297.6 295 294.3 290.6 287.7 282.8 280.8 280.9 280 272.8 269.7 267.8 267.2
749.3 747.8 757.9 769.2 783.9 797.8 813.1 831.7 853.6 868.1 880.8 891.4 895.7 892.4 894.1 897.8 894 885 882.8 870.7 852.2 832 808.2 798.1 790.1 778.6 760.7 741.1 717.3 692.6 657.2 622.1 594.8 570.8 548.9 533.6 516.2 501.2 494.6 484.3 478.2 475.4 478.2 468.5 447.7 435.3 418.9 405 388.3 378.1 374.1 367.3 360.4 349.4 338.9 325.6 317.9 312.2 315.2 320.4 318.2 318.7 320.6 312.7 308.9 307.2 305.4 303.2 300.9 297.6 295.5 292.4 287.8 282.7 275.8 268.6 268.2 269.3
755.9 743 742.8 748.3 755.4 765.4 778.9 798.1 819.9 842.3 859 868.2 875.4 875.9 881 882.8 885.4 884.6 883.6 873 859.7 840.4 816.5 809.4 799.4 782.3 773.6 758.7 736.5 721.2 683.9 638.4 603.7 573.4 548.1 526.3 501.1 487.9 475.5 468.8 460.8 457.4 454.5 442 428 414 404.8 392.1 379.3 371.4 366.2 360.4 350.5 337.4 325.2 320.3 323.9 324.1 326.6 334.8 332.7 335.7 327.6 319.8 317.6 315.5 313.2 313.9 312.1 310.2 306.9 304 299.6 289.2 280.1 274.4 269.8 269.4
759.2 747.4 735.6 732.1 732.3 741.3 753.6 770.9 793.2 816.9 835.4 846.1 856.1 861.2 865.6 868.6 875.8 877.3 877.7 868.9 857.1 837.2 820.7 814.8 802.2 789.3 776.6 743.7 714.9 694.1 655.1 620.4 593 565.2 542.2 522.4 490.5 478.8 460.2 447.5 443.5 440.7 434.9 422.8 411 401.8 387.8 377.5 369.7 363.7 357 349.9 338.2 329.5 333.2 334.7 333.7 333.2 335.3 340.7 341.2 340.5 330.3 328.2 323.6 323.6 321.1 323.1 322.2 318.9 312.6 312.3 307.3 298.5 290.4 283.9 275.1 269.1
753.9 747.2 738.9 729.3 720.6 723.9 735 750.8 769.4 792.1 812.6 824.9 838.4 848.1 850.5 857.9 867.1 867.1 868.5 860.8 854.9 836 819.4 815.2 801.2 783.9 757.3 732.2 700.8 666.1 639.2 607.2 576.3 551 523.9 500.2 478.9 472.3 458.8 435.3 427.3 424.6 416.8 406.4 395.3 385.9 373.7 364.1 360.9 355.9 348.3 340 337.6 335.6 342.4 341.8 341.9 343.1 342.4 343.6 345.4 343.5 341.1 335.9 331.4 329.9 326.8 329.1 331.9 326.3 322 318.1 313.1 304.7 293.9 282.4 272.3 269
748.4 744.7 737.3 728.9 720.5 713.6 721.9 733.7 751.7 772 795 809.2 824.1 833.7 834.8 840.4 847 846.9 850.6 850.3 839.4 823 809.4 802.1 784.2 759.6 738.4 710.6 678.9 641.1 612.6 586.9 560.3 536.5 510.7 485.7 469.3 458.5 442.5 426.5 412.9 408.1 402.4 391.8 380.1 370.2 362.4 356.7 352.5 346.2 347.3 346.8 344.4 346.2 348.4 351.2 352.6 352.5 351.3 352.2 354.4 355.3 353 345.9 337.1 335.7 338.8 343.6 340.6 333.6 328.7 324.2 315.1 304.9 292.2 279.6 274.2 271.4
