data/240000-790000.asc
ncols 200
nrows 200
xllcorner 240000
yllcorner 790000
cellsize 50
[rows 0 to 34 of 200, columns 78 to 155 of 200]
775.5 770.9 771.6 767.9 763.4 753.7 738.3 743.5 743 743.3 743.6 743 740.5 737.9 739.3 740.1 738.3 740.1 741.3 741.3 746.6 750.5 752 752.6 755.9 759.6 764.1 767.8 770.9 773.8 771.8 770.4 771 771.6 766.7 758.7 753.3 751.6 748.4 744.9 739.1 736.2 735.5 734.4 731.1 741.5 750.2 758.5 769 778.5 786.5 798 810.8 823.9 833.6 844.9 851.8 857.6 851.2 833 820.1 799.9 788 770.6 755.5 741.7 730.2 718.8 708.3 699.5 692 684.2 677.2 673.9 675 679.3 686.7 693.9
780.1 778.9 775.1 773 763.2 754.4 739 744.1 745.6 744.5 744.8 743.9 742.3 739.3 740.3 740.2 740.2 740.8 741.6 745.5 752.9 753.2 753.3 754.3 757.1 761.2 765.8 769.1 771.9 773.2 771.3 772.2 774.8 772.3 765.8 761.5 757.9 755.4 752.6 746.9 740.5 738 737 732.7 737.3 745.2 753.9 762 772.1 782.5 792.7 805 820.1 832.5 843 851.1 856.5 855.2 839.4 824.7 806.3 790.5 779.4 757.8 743.4 733.4 723.4 713.1 702.7 694.6 686.5 677 669.5 667.5 670.3 674.7 680.7 687.5
781.9 780.6 776.6 769.7 762.4 755 741 744.6 746.7 746.2 745.7 744.6 743.5 741.5 741.2 740.3 741.4 743.1 744.9 752 754.2 753.6 754 755.9 759 762.1 767.3 770.5 772.9 773.5 774.5 777.4 778.1 771.9 769.5 764.3 762.7 759.1 755.2 748.1 742.1 739.4 738.1 730.7 741.5 749.1 758.2 766.3 776 787.5 797.1 810.1 824.9 838 848.6 854.7 856.1 840.7 827.8 813.1 793.2 783.3 767.1 747.6 737.7 728 718.3 707.7 698.1 689.7 680.4 669.8 663.3 662 665.6 669.7 676.1 682.9
786.6 781.8 771.6 766.7 761.1 754.2 746.2 747 748.2 747.8 746.4 745.2 744.1 742.5 742 742.9 743.4 745.5 750.5 754.9 754.8 753.7 753.8 756.3 759.2 762.6 767.8 771.3 774.7 777.3 781.2 782.3 779.8 777.3 773.2 769.6 765.8 761.4 756.5 749.6 743.2 741 739.6 733.5 745.7 753.9 762.3 770.2 780.5 793.1 802.3 813.7 826.4 838.5 848.2 850.9 841.9 828 819.3 802.5 785.6 772.3 758.4 744.6 734.6 726 716.3 702.7 693.7 685.4 672 663.2 658.3 658.4 659.6 664.8 672.2 679.3
786.6 780.7 773 767.4 761.6 748.4 752.2 750.1 749.6 749.2 747.5 745.6 744.5 743.4 743.6 745 747.2 746.6 753.3 756.2 755.7 756.5 757.3 755.6 757.5 763 769.4 773.8 779.2 784 788.5 788 783.1 781.8 777.8 773.2 768.7 763.6 758.3 749.7 743.9 742.4 740.7 737.8 748.2 757.7 765.2 773.6 784.3 794.9 804.6 813.6 823.1 833.2 839.7 834.7 825.6 817.8 801.6 795.4 780.7 768.9 756.6 742.8 734.4 726.4 712.1 699.2 690 678.4 663.8 657.6 653.5 653.6 656 661.4 668.5 675.8
787 782.5 775.8 769.6 760.6 754.4 754.9 754.7 752.6 750.3 748.6 746.7 744.8 744.9 746.5 748.2 751.4 751.2 751.9 757.3 757.3 757.3 757.3 754.5 760 766.4 773.7 780.5 786.1 791.9 796 791.3 788 784.8 781.1 776.6 771.1 765.7 759.6 749.8 745.9 743.5 739.6 741.4 749.9 758.6 766.2 775.7 786.4 794.4 801.7 810.8 819.8 826.2 828.4 823.2 820.7 819.8 813.8 796.2 781 768.2 756.4 744.9 737 725.6 708.6 697.3 688.2 672.9 659.7 653.7 649.5 650.3 653 658 665.5 672.4
792.4 785.2 777.2 768.7 760.2 758.9 759.3 757.3 754.5 752.2 750 748.3 746.6 748 751.3 753.7 756.1 754 757.3 757.3 757.3 757.3 757.3 757.7 764 772.7 781.3 788.2 794 800.2 798.4 793.8 791.6 788.2 784.1 779.2 773.5 766.6 758.7 750.3 746.1 743 738.8 743.3 751.3 759 766.9 776.1 783.6 791.7 800.4 810.4 819 827.6 827.8 823.9 826.3 826.4 814.5 799.5 785.4 770 756 747.7 741.8 722.2 706.6 698.2 685.1 669.3 657.7 650 645.8 647.1 649.6 655.6 661.9 667.5
791.9 784.1 774.2 765.9 762.2 763.7 762.9 759.5 756.3 754.1 751.9 749.6 748.5 753.7 755.3 760.3 756.5 757.3 757.3 757.3 757.3 757.3 757.3 760.8 771.3 781.8 789.4 795.6 800.6 806.1 800.9 797.3 794.8 791.6 786.6 780.9 775.2 767.4 756.8 750.9 747 743.1 739 744.3 752.2 758.4 766.9 776.8 783.9 794.6 803.1 815.9 829.3 837.5 837.5 834.1 838.3 836.5 819.1 805.5 789.4 772.5 760.2 752.5 739.7 720.3 708 700.2 682.7 666.5 655.1 646.6 642.4 644.7 647.6 654.1 658.8 663.7
789.1 781.4 771.5 760.2 768.1 768.3 765.7 762.2 760.4 757.8 752 748.9 753.1 754.3 756 757 757.3 757.3 757.3 757.3 757.3 757.3 757.3 764.6 778.4 789.6 796.6 801.2 807.6 805.1 803.1 800.9 797.8 793.2 788 781.8 774.9 766.3 754.5 750.2 746.7 742.8 741.1 746 752.1 757.4 767.6 777.5 787.9 798.4 809.6 824.2 835.9 846.1 843.4 842.4 843.1 838 822.1 810 794.9 775.6 763.2 754.7 734.5 720.3 711.3 702.1 680.3 664.9 652.3 645 640.1 641.3 645.6 652 655.6 659.8
787.1 778.3 768.6 771.2 773.6 771.6 768.6 766.8 765.9 761.5 751.3 749.7 752.5 754.9 753.8 757.3 757.3 757.3 757.3 757.3 757.3 751.9 759.3 772.7 784.9 795 801 806.5 806.6 805.1 803.9 802.6 799.3 794.5 789.4 781.5 773.8 763.6 754.5 749.4 746 743 742.6 747.3 752.2 760.8 769.4 779.4 793.8 804.5 816.6 829.1 842 847.7 842.8 845 842.7 832.1 821 806.6 793.7 780.9 773.7 756.1 735.8 724.1 717 700.3 677.2 662.9 651.1 643.4 638.4 639.5 644.2 647.9 651.9 656.2
783.9 770.7 772.6 778.1 778.1 775 772.6 771.4 770.6 758.3 752.6 752.1 753 755.4 757.3 757.3 757.3 757.3 757.3 757.3 758 757.9 766.8 781.7 791.1 799.8 806.7 808.5 809.5 808.6 807.1 804.8 799.9 794.7 788.6 782.1 770.9 762.1 753.3 748.7 745.5 743.3 743.8 748.1 755.5 765.7 772.9 787 800 811.5 823.8 835.1 843.7 844.5 842.3 843.6 840.6 825.9 816.9 801.8 789.6 781.6 776.8 751 736.9 729.3 722.8 699.9 677.9 661.1 650.2 641.7 636.5 636.9 642.3 645.8 649.2 654.1
775.3 783.8 785.2 784.5 782.6 778 775.6 775.5 768.3 756.4 752.8 755.1 755.1 754.4 753.2 754 754.1 758.3 756.5 760.1 764.2 764 775.1 787 795.5 804.6 811.7 813.1 812.5 811.1 808.8 805.2 800.7 795.4 789.9 779.5 767.8 760 752.8 748.7 744.6 743.8 746.1 749.4 758.6 767.9 777.2 795.4 807.1 819 830.9 839.9 851.1 841.4 838 840.1 830.1 820.2 810.6 791.4 783.9 780.8 770.3 748.8 739.9 736.1 724.6 699.2 676.9 659.7 647 638.5 634.5 635.2 640.5 644 648.3 653.6
789.8 792.3 792.3 790.2 785.1 780.8 777.8 775.1 763.4 756.2 760.6 762 762.5 763.2 763.3 765.5 765.7 765 765.8 770.4 771.8 770.6 782.8 793 800.6 809.3 816.5 816 815 812.8 810.3 805 800.5 795.9 788.7 775.5 765.3 757.1 751.9 747.8 744.4 745.6 748 752.2 760.7 769.1 785.9 801.7 813.2 825 836.7 850.2 853.3 834.4 830.1 824.6 806.8 807.2 793.1 782.5 780.4 778.4 760.4 751 741.2 738.3 721.5 695.9 674.4 657.9 643.2 635 632.5 634.3 638.9 642.5 648.6 654.7
798.1 798.3 799 793.1 787.4 782.7 778.2 768.9 758 772.3 773.4 774.7 775.5 774.7 778.5 777.8 776.7 775 775.9 778.2 777.5 778.1 789.7 800.3 808 817.7 821.9 816.3 816.3 814.1 810 804.8 800.5 793.5 783.3 771.9 762.2 755.5 750.8 745.4 746.3 748.1 751.1 756.3 764.4 775.9 793.9 808.4 819.8 831.8 844.4 853.6 843.2 824 818.6 800.5 791.8 787.2 778.5 776.4 778.9 770.3 756.8 750.2 742.8 735.1 716.4 691.5 671 656.6 642.5 632.4 629.9 634.1 638.2 642.9 649.4 656
798.6 798.7 798.2 792.8 785.9 778 763.9 766.7 781.4 787 786.8 788.2 786.1 787.2 791.3 790.3 788 786.4 783 783.3 781.9 785.2 797.4 806 814 824.4 821.6 815.1 814.1 812.6 807.2 801.5 797.6 789.3 778.9 768.7 760.1 754.5 749.5 747.4 749.1 751.6 755.4 763.2 772.1 786.7 801.8 816 828.2 840.2 848.3 848 822.8 811.7 797.7 778.9 774.8 766.8 764.4 768.1 770.4 757.6 752.8 746.2 742.5 730 712.9 685.7 669 655.6 644.8 634.2 629.6 634.2 639 643.8 649.4 655.6
799 799.6 798.6 791.6 784.2 768.9 780.8 795.6 798.6 799.5 796.7 794.9 792.4 798.7 801.9 803.8 799.9 796.6 790.1 788.8 786 791.3 799.7 809.3 819 827.2 816.3 810.6 809.9 807.4 803.1 798.6 793.8 783.3 774.3 765.2 757.2 752.1 747.4 750.2 753.2 756.1 761.9 772.4 782.9 797 812 823.8 834.2 844 845.3 825 806.3 801 778.2 764.5 755.9 748.9 751 756.8 757.4 750.7 742.7 742.1 738.8 723.1 702 681.4 667 652.9 642.6 633.8 627 635.4 638.7 643 650.2 654.9
794.9 795.4 795.6 791.3 782.3 775.7 800 807.5 809.1 805.4 801 796.4 801.6 807.3 816.3 814.7 812.6 804.8 799.8 796.1 792.3 795.5 804 814.7 821.7 822.9 807.5 803 803.4 800.9 797.9 794.6 785.8 776.8 768.7 761.3 755.2 750.5 749.6 753.4 757.6 761.3 770.1 780.9 792.7 807.8 820.7 830.3 840.5 844.9 830.7 802.8 793 778.6 758.6 746.6 737.4 735.9 739.5 744.3 742 741.2 736 733.1 723.2 714.1 694.3 678.4 661.6 649.1 639.1 628.8 633.3 636 638.5 642 647.4 654.7
787 788.5 789.1 785.9 772.1 800.5 807.1 810.7 809.9 809.3 804.6 804.7 815.1 823.8 831.5 825.7 823.4 813.9 808.7 801.9 801.3 805.5 812.1 815 819.8 812.9 799.6 795.6 794.7 793.3 790.9 785.9 776.1 769.8 763.8 757.9 752 750.9 755.9 759.6 763.3 769.1 777.6 789.1 803.1 820.6 831.1 838.3 845.6 840.6 808.5 789.2 775.8 756.5 742.8 730.3 722.6 723.3 726.7 726.8 729.7 729.2 726.7 721.6 711.1 703.2 688 671.5 654 643.1 634.2 625.2 627.2 634.2 636.2 640.2 646.5 654.9
779.9 781.3 781.4 777.7 788.2 803.5 809.7 814.2 820.9 824.3 815.5 820.1 831 839.4 841.9 837.2 829.2 820.9 815 808.4 807.7 808.5 809.6 811.9 810.9 802.5 795.7 789.8 786.5 784.9 781.9 775.2 770.4 765.1 761 754.9 753.1 756.9 761.6 765.8 769.4 778.2 787.1 799.5 817.4 835.4 841 846.8 847.3 812 789.8 776.1 765.4 741.5 726.5 711 708.9 712.4 712.3 712.1 713.9 714.5 714 708 705.7 692.2 681.3 660.5 646 636.8 629.7 621.7 624.2 629.4 630.9 636.6 646.3 655.3
771.6 773.2 775.5 780.2 795.5 807.3 818.7 824.6 838.8 835.9 831.3 837.8 843.4 855.4 850.7 844.4 833 826.7 820.5 815 809.7 805.1 809.3 811 806.4 796.2 790.6 784.6 779.5 776.7 773.3 769.3 765.2 761.3 757.3 753.3 757.5 762.3 766.6 770 776.6 788.7 799.8 812.6 833.5 843.5 850.3 853.1 818.9 793.1 781.6 764.7 746.7 730.4 709.3 698.9 699.3 699.5 698.9 697.8 699.4 699.7 702.7 699 693.1 678.2 667 649.3 638.7 630.4 623.4 616.4 618.7 623 627.8 635.8 645.9 657.6
764.8 768.7 774.7 787.9 802.2 817.8 823 837.4 846.4 848.9 850 849.5 852.3 860.9 853.9 847.1 836.6 829.6 824.3 821.9 813.3 803.9 805.7 804 799.1 790.9 785.4 779.6 773.5 769.4 768.7 764.9 760.6 757.8 752.6 756.7 761.7 766.7 770.7 774.2 786.7 800 812.3 824.3 846.3 852.9 858.4 828.4 798.1 787.9 773.1 754.6 732.1 715.4 694.2 689.6 687 686.4 686.9 683.9 685.7 684.2 682.5 681 673.6 669 653.2 640.2 631.1 624.2 617.3 610.9 615.3 621.8 626.9 634.6 646.5 661.9
759.4 767 776.6 790.2 811.3 823.4 830.8 845.3 851.1 860.2 862.7 858.1 855.8 855.3 855 847.5 838.5 830.2 827.9 825.8 810.7 801.5 800.1 796.7 792.5 785.3 780.5 774.3 767.6 764.7 764.1 760.5 757.1 754.3 755.5 760.4 766.5 771.5 772.9 782.8 797.1 810.8 824.3 837.6 855.9 857.9 848.7 813.5 788.5 779.3 761.7 740.6 721.2 698.9 685.6 679.8 676 675.9 672.6 670.3 669.5 665.4 666.4 660.6 657.5 649.9 639.1 629.4 622.9 619 612.1 605.4 615.3 620.5 625.7 634 648 664.6
751.7 762.2 781.1 797.8 815 824 841.3 847.5 854.3 864.3 868.3 865.5 859.7 850.8 850.7 843.8 832.7 827.7 830.6 820.7 807 796.4 795.7 791 785.7 781.1 775.2 767.3 761 760.6 759 755.7 752.8 752.9 756.1 763.4 769.3 771.7 778.6 794.7 810 823 836.5 849.6 861.7 855.8 834.6 804.1 781.5 768.9 753 731.1 707.1 688.9 679.4 670.3 663.4 664.4 664.2 659.9 654 647.9 645.3 644.5 641 634.6 627 620.2 615.3 610.1 606.9 601.3 613.2 618.3 623.6 632.6 647.3 663.4
742.8 758.3 784.1 803.5 812.8 822.4 839.5 845.1 854 865.1 868.5 864.7 861.1 849.7 844.3 834.5 823.8 823.6 821.9 811.2 799.8 792.3 790.4 785.9 781.2 775 768.2 759.1 753 754 751.6 749.4 747.5 749.9 756.4 765 769 773.5 788.1 807.2 820.8 834.7 846.6 856.3 864.6 854 824.7 793.6 777.7 760.8 738.2 715.5 698 687.5 679.1 672.2 665.9 650.9 658.4 649.5 641.9 638 634.1 630.1 626.7 622.2 616.6 611.6 606.7 602.7 599.4 603.5 609 616.1 621.3 631.3 645.3 660.7
734.8 755.9 781 802 811.2 821 834.1 841.9 849.5 859.7 865.9 861 855.9 844.2 836.9 823.3 817.1 817.5 811.2 802.9 794.2 787.8 785.9 781.2 773.5 767 756.2 750 744.4 739.4 740.1 740.3 740.5 745.5 754.4 762.3 765.9 777.5 795 814.6 828.7 843.6 852.8 861.9 868.6 857.8 826.3 790.7 774.1 755.9 734.2 712.5 698 688.4 678.4 669.6 661.5 653.7 644.9 639.8 633.5 628 621.9 616.5 612.8 609 605.2 602.3 600.2 597.8 593.2 605.1 609.7 613.7 619.6 629.5 644.5 660.9
727.5 748.8 772.8 794.3 805.5 814.8 828.5 837.8 842.8 850.8 857.3 852.3 844 831.8 823.1 812.6 806.4 805.8 799.1 792.4 784.3 780.1 778.5 775.6 763.9 752.9 745.9 740.8 734.4 731 733.1 734 737.5 743.1 752 759.6 769.6 781.5 799 818.2 835.4 849.7 856.7 869.4 875.2 855.4 818.4 791.5 774.4 763.1 741.8 717.1 698.8 688.1 675.1 664 655.9 646.8 635.2 631.7 625.3 617.7 609.9 607.7 604.4 600.6 598.4 595.5 592.6 589.3 597.4 603.5 607.4 611.7 620 632.1 647.9 662.6
719.7 743.2 768.7 787.5 797.5 810.7 827.4 832.6 838.9 841.9 844.1 841.9 831.8 820.7 808.9 796.8 796.2 793.4 787.2 777.8 770.7 764.6 764.1 758.4 749.8 740.8 735.2 730.2 726.2 726.4 728 731.2 734.9 741.4 751.9 764.2 776.8 791 809 823 836.2 847.3 860.7 871.8 874.2 849 813.2 791.6 783.8 770.1 746.8 716.3 697.5 684.8 670.4 659 649.8 639 628.6 619.7 615.7 609.2 602.5 598.6 596.1 592.7 591.5 589.6 584.8 592 596.6 601.7 606.9 610.6 620.4 632.6 646.5 660.9
716.8 743.1 767 781.9 794.4 809.3 825 828.5 833.5 830.8 831.8 828.6 817.3 805.5 790.4 785.2 784.6 779.4 771.7 764.7 753.2 744.7 741.6 739.4 735.9 730.5 726 722 721 723.1 725.8 729.6 734.8 741.9 755.2 773.8 786.7 804.7 821.8 832.4 837.4 850.7 868.4 881.8 875.6 844.1 812.6 798.4 792.8 774.7 748.7 715.8 695.7 681.7 668.4 655.2 645.6 634.9 624.8 614.9 606.4 601.2 597.3 592.7 588.4 585.9 584.9 583.9 584 592.9 597.5 603.5 608.1 612.6 620.5 631.9 645.1 657.3
715.5 743.7 763.6 777.8 793.6 803.4 813.4 818 818.8 818.7 819.1 812.2 802.7 789.6 778.3 770.8 768.8 761.3 751.3 744.6 738.3 731.8 729.5 728.7 725.9 722 718.4 716.1 714.7 721.6 725.7 729.8 735.4 745.3 764.8 782.9 796.1 817.3 831.8 837.4 845.5 861.7 881.4 884.4 867.7 838 814.5 808 797.3 773.1 743.1 711.3 693 680 667.3 652.8 642.9 632.7 621.7 612.4 604.1 594.3 590.6 586.5 581.9 580 577.7 575 587.3 595.2 600.7 606.4 611 616.3 624.8 635.1 646.9 657.5
716.7 742.9 758.9 776.2 788.2 798.7 801.9 804.7 805.4 807.8 807.2 798.4 788.5 776.6 767 757 749.7 738.9 730.1 727.5 726.1 721.3 721 719.8 716.9 713.2 710.9 710.3 716.9 721.1 725.1 728.6 737.2 750.7 773.4 789.2 803.8 823.7 834.1 842.4 853.4 869.1 888.7 881.6 855 829.4 816.8 810.7 791.4 762.5 733.9 705.4 692.7 678.6 665.2 652 641.7 630.3 618.3 608.4 600.6 592.2 584.6 578.9 576.8 572.9 571 580.3 589.6 597.4 604.7 611.3 617.1 626.6 634.7 644.9 655 668.1
704.5 734.7 754.4 769.2 781.1 790.8 791.8 791.2 793.2 796 789.4 781.6 771.8 763.9 753.7 743.3 731.7 720.8 714.8 713.6 712.2 710.8 711.5 709.1 706.2 704 703.9 709.9 716.4 720.2 721.3 728.1 743.5 763.9 785.5 799.2 809 821.2 833.5 848.5 861.5 872.7 882.1 867 840.2 821.2 815.5 805.9 779.9 747.9 719.4 699 691.3 678.3 661.7 652.5 643.8 628.1 614.9 604.5 596.4 587.6 580.6 572.8 572.5 567.8 573.1 582.7 592 600.6 608.5 615.2 624.9 634.7 645.3 657.6 668.3 680.5
684.2 719.5 740 757.2 773.6 779 780.2 781.8 781.4 776.3 770.8 760.8 753 745.4 737.8 725.4 713 705.6 701.7 701.2 699.9 699.3 699.6 697.6 695.7 695.3 700.5 708.1 713 714.4 719.5 731.6 753.8 779.7 793.5 806.7 813.2 823.2 841.4 857.1 871.2 879.3 867.2 847 824.8 817 812 794.2 760.9 730.8 706.7 693.9 683.5 669.4 655.9 651.9 649.7 626.3 611.2 599.7 591.1 583 575.7 570.6 567.4 562.9 574.7 585.7 595.6 604.8 611.9 619.5 629.2 641.3 657.9 669.2 677.7 690.8
658.7 690.4 720.1 739.6 754 761.7 767.8 771.6 766.8 756.9 744.9 739.2 733.4 723.3 712.5 703 697.1 691.9 689.8 690 688.8 687.9 686.5 685.7 685.6 690.1 697 703.9 707.8 713.3 722.9 740.5 766.6 787.6 805.4 811.5 816.8 829.2 847.1 864 878.3 867.4 850.3 830.1 815.6 808.5 797.8 773.8 739.4 714.4 694.3 685.9 672.2 660.5 654.2 644.5 633 618.8 604.5 592.9 583.3 575.5 570.4 566.3 561.1 565.4 576.9 588.4 600 609.9 615.7 624.4 634.8 651.3 667.1 677 684.5 696
642.5 673 700.2 718.9 732.6 743.1 751 758.1 757.9 745.8 731.6 722.6 717.1 705.9 695.8 689.3 684.4 681.3 679.5 678.8 677.7 676.7 674.9 675.3 679.8 687.8 694.4 701.2 707 716.3 727 746 776.2 798.3 808.9 813.9 819.4 832.9 852 865.6 863.5 853.3 834.4 815.3 808 796.2 777.9 749.3 718.5 699.4 684.4 670.5 662.5 653.7 648.4 634.2 624 611.6 596.5 585.3 576 569.3 566 561.9 556.4 567.8 580.3 594.1 607.2 614.5 622.3 632.2 645.4 661.7 670.2 678.3 683.3 687.2
621.5 647.4 674.6 699.2 714.4 725.6 735.9 744.2 747.3 734.9 722.9 711.3 701.1 691.2 683.5 677.4 674.2 672.2 670.5 668.9 667.4 666.5 664.2 671.9 680.6 687.4 693.8 701.4 710.4 721.6 734.5 750.8 778.9 798.4 805.8 810.2 820.8 836 848.9 852.2 843.8 826.3 810.6 799.5 793.9 779.2 752.9 727.8 702.6 686.5 669.1 656.7 649.8 641.5 635.2 625 617 604.7 588.2 577.6 568.7 563.9 561 555.1 559 571.5 585.6 601.1 614.5 619.4 628.9 640.2 653.8 666 669.3 676.5 678.7 678
