data/240000-230000.asc
ncols 200
nrows 200
xllcorner 240000
yllcorner 230000
cellsize 50
[rows 0 to 34 of 200, columns 0 to 77 of 200]
59.5 64.2 71.2 76.3 86.4 88.7 75.9 72.1 70.3 70.7 70 68.9 69.6 69.1 68.6 69.4 72.1 74.1 74 72.6 72 66.1 62 61.3 57.2 56.8 57.7 61 70.3 74 72.9 72.9 76.6 80.2 87.2 100.7 116.2 126.4 134 142.1 148.1 154.2 159.4 162.3 165.7 169.7 173.7 176.8 178.4 178.1 173.9 163 146.3 138.1 132.9 128.6 125.5 122.5 120.3 118.4 118.1 118.1 118.2 117.3 116.2 113.3 110.6 105.5 101.3 95.4 97.9 101.8 102.4 103.9 104.5 108.8 119.4 123.8
61.8 68.1 74.1 84.6 95 97 86.1 76.8 74.2 73.1 72.7 71.8 72.4 71.9 72.8 73.9 74.7 75.6 74.5 71.5 69.3 66.1 61.8 62.4 61.7 57.7 57.9 59.6 68.6 76.3 77.2 79.6 84.1 93.8 109.4 124.3 133.9 140.1 145.1 148.6 152.1 156.5 159 162.2 165.5 169.5 173.6 177 179.7 179.7 177.1 166.6 149.9 138.6 133.6 130 126.8 123.5 120.9 120 118.9 117.9 117.4 117.2 115.3 113.6 111.2 108.4 104 98.7 100.4 103.9 105.3 108.1 110.9 117 122.8 127.6
67.3 74.7 80.8 95.1 101.7 103.4 101.7 88.8 80.6 78.8 77.6 76.2 75.5 75.8 75.7 75.8 76.7 78.1 73.7 68.2 67.1 67 62.5 61.8 61.2 61.1 58.3 60.8 70.9 79.4 82.8 94.7 105.2 115.3 123.8 133.5 142.3 146.4 150 152 154.1 157.3 159.6 162.6 165.7 169.7 173.8 178.5 181.3 182 180.9 170.3 154.4 140.3 135.4 130.9 126.7 124.5 121.8 120.4 120.1 118.9 118.7 118 116.6 115.1 112.8 110.2 104.1 101.3 102.6 104.9 107.2 110.9 116.9 118.3 125.8 130.2
76 83.2 89.9 102.4 107.2 110.1 111.5 110 101.8 94.8 91.1 86.6 81 79.4 78.5 78.8 80.2 80.5 76.6 70.3 68.9 69.1 70 62.7 62.2 60.9 58.4 59.5 72.7 81.3 92.9 110.5 116.1 121.6 128.5 136.7 144.2 147.9 151.3 154.2 156.8 159 160.5 163.2 166.4 170.6 174.9 179.6 184 184.8 183.3 174 159 140.8 135.5 131 127.7 125.3 122.9 121.4 121.3 118.5 118.2 117.6 117.9 115.8 114.5 109.7 107.1 106.4 106.7 108.8 110.4 113.7 118.3 121.4 127.7 132.2
84 91.4 101.5 108.7 113 116 117.6 118 115.2 111.9 107.5 101.3 89.5 82.8 81.3 81.7 82.1 81.1 78.1 72.8 70.3 69.5 69.5 63.8 62.7 61.7 60.9 58.7 59 68.7 87.4 103.3 115.6 122.6 129.9 138.2 144 147.5 150.8 154 156.9 159.1 160.9 163.4 167 172.1 176.3 180.2 185.5 186.3 182.9 176 163.6 147.6 137.5 133.5 130 127.3 124.6 122.3 121.6 120.2 119.7 118.9 118.1 116.3 114.9 113.7 113.1 112.9 114.2 115.5 116.2 119.1 120.7 125.7 130.1 134.1
94.9 101.6 109.3 114 117.4 119.6 121.7 122.8 122.4 119.8 114.9 107.5 101.8 88.5 84 83.5 83.4 82.4 80.7 76.8 73.3 69.5 66.6 64.3 63.3 62.9 62.2 60.2 60.2 60.6 69.1 87 102.5 116.3 126.4 135.4 142.6 146.5 149.6 152.8 156.7 158.8 160.8 163.4 167 171.8 176.8 183 186.3 185.3 181.6 176.7 167.9 154.5 141 136.7 132.8 129.6 127 124.7 123.2 122.5 121.6 119.1 119.1 119.3 117.6 117.2 118.3 119.4 121.3 122.7 123.7 128.5 132.5 135.7 137.7 139.9
106.9 111.5 115.1 118.2 121.1 122.8 125 126.3 127 125.8 122.3 117 109.8 99.7 88.4 86 84.9 84.4 81.7 76.8 72.7 72.6 70.1 66.9 63.9 63.5 63.1 60.7 61 60.8 61.2 69.7 86 101.2 116.8 128.9 136.9 143.3 149.1 152.5 156.1 157.6 160.2 163.8 167.7 172.7 179.4 184.5 184.7 183.2 179.3 176 169.2 161 149 141.9 137.1 132.8 131.1 128.8 127.6 125 124.5 122.4 122.7 122.4 123.4 127.3 130.9 133.1 134.2 135.1 134.3 137.4 144.4 148.6 152.2 154.1
112.4 116.2 118.8 122.1 124.5 126.2 128.1 129.3 130.2 129.8 128.3 124.3 118.2 109.8 100.5 89.9 86.6 82.2 78.4 76 76 76.8 73.6 70.5 69.3 66.8 65.2 63.7 60.5 61.2 61.9 62.6 68 84.9 100.4 117.1 130.9 140.1 146.5 151.3 154.7 156.4 160.6 165.8 169 174.7 180.6 182.7 181.2 179.1 176.4 174.3 170.6 164.2 159.2 153.5 147.4 138.7 134.6 132.8 130.8 128.6 127 126.3 126.5 128.6 134.1 140.9 144 145.7 147 147.8 147.7 146 153.9 158.4 161.7 164
117.1 120.7 122.9 125.2 127.1 128.9 130.6 131.9 133 133.9 133.5 130.9 126.6 119.4 103.7 96.2 89.5 85.2 83.5 81.7 81.8 80.7 78.8 76.3 74.3 73.7 73.4 72.4 69.1 60.4 60.7 62.5 63.1 68.4 86.1 103 123.1 135.9 142.4 149.2 153.4 155.9 160.4 166 169.7 173.8 175.7 176.5 176.4 175 173.9 172.1 169.2 166.8 163.9 161.7 158.3 151.6 144 137.7 135.6 133.6 132.6 133.7 134.7 139.6 145.6 150.7 153 155.3 157 158.9 159.1 158.8 162.4 165.4 168.2 169.6
118.7 121.5 123.1 125.5 128.7 130.6 132.5 134.7 136.3 137 137.3 136.9 132.4 125.8 113.8 105.8 99 95.6 94 91.5 87.8 89.7 87 84.2 81.6 79.9 78.2 76.4 74.4 68.2 62 62.8 62.6 62.7 73.3 91.4 111.6 129.2 139.6 145 151 155.5 160.2 164.6 167 167.8 168.9 169.8 170.9 170.8 170.4 169.2 167.5 166.5 165.8 163.9 161.5 158.2 155.1 148 144.7 143.8 142.4 145.4 149.1 151.8 155.8 158.6 161.1 163 164.5 166.3 167.3 168.4 169.8 172 173.6 174.6
116.5 118.6 121.2 124.3 127.8 131.4 134.6 136.9 139.5 140 140.5 141.5 138.9 133.1 123.6 117.9 112.2 107.8 107 103.3 97.7 104.1 103.2 101.6 98.5 93.1 88.5 85.3 82.6 79.6 64.9 62.7 62.4 62.6 63.3 77.4 96 114.7 129.7 139.4 147.1 153.5 158.4 160.4 160.2 160.6 161.7 163.3 164.2 165.2 165.1 165.3 165.5 165.7 164.9 164.4 163.5 162.3 160.4 158.4 155.4 153.7 153 154.5 156.3 158.9 162.4 165.2 167.3 168.9 170.6 171.8 173.1 174.2 175.5 177 178.3 179.6
114.4 116.4 119.3 123 127.1 132.8 136 139.1 142.2 143.9 144.8 146 143.4 142 136.3 128.5 127.8 122.1 122.1 117.1 106 116 120 119.8 116.8 112.5 106.7 101.6 96.7 92.9 83.9 64.8 63.2 63.8 63.8 64.2 74.3 95.3 112.8 123.7 135.4 143.6 150.1 152.4 152.6 153.6 155.1 156.6 157.5 158.4 160.5 161.8 163 163.7 164.7 165.1 165.8 165.9 165.3 163.7 162.3 160.4 159.7 159.7 161.5 164.6 167.9 170.2 172.3 174.3 175.9 176.9 177.9 178.2 179 180.4 181.8 183.2
112.4 114.5 116.9 120 126.2 132.5 137.5 141.6 144.9 146.7 149.2 150.3 150 149 145.7 140.9 141.6 135.7 134.5 126.9 120.7 132.2 135.3 135.9 133.5 130.8 126 122 116 110 98.9 77.1 67.2 65.4 65.9 64.4 65.5 73.3 88 99.5 109.7 118.3 123.5 130.3 137.5 140.2 146.6 149 150.8 154.1 155.7 158.7 160.7 163.1 164.2 165.8 166.6 167.5 167 166 164.4 163.1 163.5 163.9 165.4 168.7 170.9 173.2 175.2 177.3 179.6 181 181.6 181.8 182 183.2 184.5 185.6
110.5 112.6 115 117.4 124 131.6 138.3 144.7 147.7 149.6 152 154.5 155 154.1 151.7 149.8 148.7 147.8 146.8 138.8 136 144.7 147.8 148.1 147.6 146.1 142.7 138.1 132.9 127.1 118.2 98.2 73.2 66.7 65.1 64.4 64.8 65 65.2 74.3 83.1 91.9 98.4 104.6 114.1 124.5 132.7 140.2 144.7 149 152.1 155.5 158.7 161.3 163.8 165.1 166.3 167 167.2 166.4 165.8 166.1 165.9 168.1 169.9 171.5 173.5 175.5 177.6 180.1 181.8 183.4 184.2 185 185.1 186.3 186.9 187.7
108.8 110.3 112 115 121.4 127.3 135.1 141.2 149.5 156.2 158.7 159.1 158.7 158.3 157.5 155.8 155.2 154.6 153.7 152.3 153 154.4 155.5 155.7 156.4 155.8 154.2 152.4 147.8 140.6 131.3 117 94.1 71.1 67.4 67.5 65.2 65.3 65.8 66.5 65.7 66.6 67.9 78.1 90 102.6 115.1 126.5 135.4 141.4 147.3 153 156.6 159.2 162.1 163.9 164.8 165.7 166.5 167.2 166.7 166.8 168.2 170.3 171.5 172.5 174.1 175.7 177.2 180.3 182.7 185 186.2 187.3 188 188.4 188.7 189.6
106.9 108 109.4 112.6 119 128.2 136.6 144.7 152.2 160 163.9 162.5 162.7 162.2 161.1 161.3 161.1 160.5 161.1 160.5 161.1 162.1 162.9 162.8 162.7 163.4 163 161.8 156.8 150.5 143.3 130.7 114.7 89.7 74.2 70.3 69.1 66.8 64.9 65.2 67.3 67.8 67.1 68.2 72.4 77.6 93.5 106.7 121 132 141.2 148.5 154.8 158.2 160.7 162.5 163.3 164.2 165 167.1 167.8 168.8 169.9 170.1 171 172 172.9 174.5 176.6 179.2 181.8 184.5 186.6 188.4 189 189.4 190.3 190.6
104.4 104.5 106 109.6 116.7 126.3 135.7 144.2 152.4 161 163.7 164 164.3 164.5 163.4 164.6 165.9 166.2 166.3 166.4 166.8 168.1 168.8 168.8 168.5 169 168 165.8 161.2 155.5 150.6 142.8 129.7 108.2 84.8 80.9 79.2 76.4 72.2 69.9 67.8 67.9 67.9 68 70.2 71.4 73.4 84 101.1 119.9 132.6 142.5 150.9 155.3 157.3 159.2 160.9 162.7 164.3 166.9 168.3 169.7 170.5 170.4 170.1 171 171.8 173.8 175.9 178.4 181 183.8 186.6 188.5 189.5 189.4 190.2 190.4
99.3 101.4 104.3 107.6 113.8 124 135 144.2 152.6 159.5 162.8 164.8 165.9 166.7 166.6 167.9 168.9 170.2 171 170.8 171.1 172.3 173.8 175 173.8 171.1 169.7 166.5 163.6 160.1 154.3 148.2 138.5 116.2 94.9 92.8 86.4 84 83.2 79.5 75.8 69.4 68 68.7 69.8 70.5 70.7 72.9 81.6 102.4 121 134 143.1 149.3 153.1 155.3 156.4 159.5 162.7 165.7 168.2 170.2 170.8 169.8 169.4 169.7 171 173.4 175.8 178 180.5 183.1 186.2 188.4 189.4 189.7 189.9 189.7
95.4 99.4 102.9 105.6 110.6 124.9 136.1 145.3 154.2 159.9 164 167 167.5 168.4 169.7 170.5 171.7 173 174 174.2 174.7 176.2 177.7 178.2 176.7 173.3 170.5 167.6 164.7 160.8 155.3 149.1 141 111.8 113.8 107.3 94.9 87.6 87.3 83.8 81.4 70.8 69.2 68.1 68.1 69.1 70.3 70.6 70.7 82.5 100.5 120.2 133.8 142.3 147.2 148.2 152.1 157.2 160.9 164.2 166.9 168.5 169.1 168.7 168.7 168.5 170.6 172.8 175 177.6 180.1 182.5 185.2 187.6 188 188.2 187.7 187.4
94.8 97.7 100.5 104.3 109.1 121.3 135.3 145.9 155.3 162 166.8 169.7 169.8 170.6 171.9 173.2 174.7 176.1 176.8 177.2 177.5 179 180.2 179.8 178.1 175.2 172.2 169.3 165.2 160.5 155.6 149 139.4 120.8 126.5 118.3 107 94.4 88.5 87.2 86.5 79.2 69.9 70.4 69.6 69 69.8 69.8 70.2 71 82.4 100.4 116.4 127 125.1 139.3 150.6 155 158.8 162.1 164.7 166.2 165.4 164 165.1 167.1 169.4 171.6 174 176.9 179.4 181.9 184.1 185.7 186.4 185.9 185.4 185
94.1 96.4 98.8 102.8 107.7 115.8 131.8 143.3 153 162.1 168 171.4 171.9 173 174.1 176.1 177.9 178.8 179.4 180 180.5 181.6 182.7 181.8 179.6 176.8 173.9 169.8 165.4 160.8 154.4 147 139.7 135.3 130.7 123.4 113 99.8 92 89.7 87.8 83.5 71.1 72.1 79.9 79.4 72.8 73 71.9 71.9 71.7 82.6 99.6 106.4 130.5 141.1 147.6 152.3 156.6 159.9 162.2 163.5 162.9 156.7 158.3 165 168 170.4 173.1 176 178.4 180.4 182.5 183.6 183.4 183.1 182.7 182.5
92.6 94.5 97.3 101.2 106.5 113.3 127.8 140.6 150.7 159.9 166.5 171 173.1 174.2 175.5 177.3 179.2 181.4 182 182.6 183.2 184.2 185.3 183.9 181.2 178.5 175.8 171.7 166.9 162.2 155 148.2 142 136.7 130.6 121.9 111.9 103.7 97.9 93.8 91.4 86.1 71.1 72.8 78.8 85.5 86.5 84 77.2 73.2 72.9 73.8 84.3 105.6 121.8 133.6 142.5 148.8 154 156.9 158.6 158.6 153.3 142.5 149.9 163.1 166.1 168.8 171.6 174.3 177 179.1 180.5 180.5 180.1 179.5 179.2 178.9
90.8 92.8 95.5 98.7 104.4 111.2 123.3 138.8 149.6 159 165 169.4 172.3 174.9 176.6 178.7 181.2 183.6 184.5 185.1 186 186.9 187.7 186.2 183.2 180.4 177.7 173.8 169.4 165.2 159.7 154.2 149.8 142.1 134.9 128.4 120.6 114.9 109.9 106 101.3 94.8 72.7 74.3 78.8 84.4 87.9 89.1 88.4 84.8 73.9 73.4 76 95.5 115.2 127.8 133.5 132.9 134.6 138.4 141.1 139.9 133.3 131.1 143.4 157 162.9 166.1 169 171.9 175.3 177 177.1 176.9 176.3 175 175.3 175
88.9 90.8 93.5 96.7 102.1 109.2 120.5 135.8 147.5 155.2 161.8 167.2 171.2 173.9 176.8 180.3 183.2 185.5 187.1 187.8 188.8 189.7 190 189.1 186 182.9 179.9 176.8 173.2 169.6 165.5 161.2 157.3 152.4 146 139.5 133.6 127.6 120.9 115.9 109.4 101.4 75.5 74.6 79.5 86.7 88.7 88.1 87 83 74.4 73.5 73.7 80.2 93.1 105.6 106.8 103.8 104.3 108.2 113.7 115.5 114.8 122.2 140.7 152.9 159.5 163.4 166.2 169.1 171.2 172.7 172.9 172 171.1 169.8 169.6 170.5
86.8 88.8 91.4 94.6 99.1 106.4 116.2 131.8 142 149.1 157.3 163.7 169.3 174.5 178.1 181.7 185.3 187.3 189.5 190.6 191.5 192.1 192.1 191.3 189.4 186.4 183.7 181.1 177.9 174.5 171.5 167.9 164.3 160.4 154.8 149.3 143.6 137.8 130.4 124.1 116.3 99.9 75.9 75.5 77.4 88.8 96.6 96.9 90.7 88.1 82.6 74.5 73.7 74.6 75.2 77.3 77.5 78.6 77.5 83.2 87.4 92.1 102.8 123.6 136.1 148 155.8 160.3 163.1 164.7 165.9 166.1 165.7 165 163.4 163.3 164.3 165.4
84.9 86.8 89.3 92.7 97.1 103.8 113.7 127.5 138.2 147.6 155.1 162.5 169 174.5 179.5 183.1 187 189.9 191.5 192.8 193.6 193.6 193.3 192.7 191.1 189.4 186.2 184.7 182.7 180.4 178.3 174.5 170.8 166.7 161.9 155.7 150.7 144.9 137.8 130 122 95.5 77.7 76.4 77.8 89.5 100.1 105.7 103.8 99.8 92.2 75 75.4 74.3 74.6 75.1 75.3 75.5 75.7 76.3 76.2 77.9 91.9 111.9 126.2 138.2 146.8 152.7 155.2 156.3 158 156.8 155.9 156.5 157.7 158.2 159.2 160.2
83.5 85.2 87.4 91.4 97.8 106.9 116.2 128.6 139.2 149.2 156.3 162.9 171 175.8 180.8 185.5 188.7 191.7 193.1 194.4 194.7 194.4 194.2 193.4 192.7 191.6 189.2 187.6 185.7 184.1 182.1 180.5 176.5 172.2 167.4 162 154.9 148.9 141.9 133.9 121.8 94.6 79 77.1 83.6 94 103.8 114.2 115.6 113.7 106.2 88.4 82.8 85.3 85.4 84.5 86.1 90 86.7 77.4 76.8 77.4 77.4 88.2 109.2 121.5 132.1 140.5 144 146.1 147.3 146.8 148.5 150 151.5 153.1 154.1 154.9
82.5 84.8 87.1 91.3 98.5 107 117.5 131 143.2 152.2 160.4 166.6 175 179.4 184 187.8 191 192.9 194.2 195.1 195.4 195.3 194.9 194.2 193.6 192.9 191.7 189.7 188.1 186.9 185.4 183.7 181.7 177.2 172.1 165.6 158.1 150.8 144.7 136 120 96.9 78.7 78 87.6 101 113.4 122.9 126.4 125.3 119.5 108.2 97.1 100.1 106.8 110 111.1 111.4 106.1 96.8 85.1 79.3 78.2 77.7 82.8 102 115.1 125.5 129.1 131.9 136.6 138.7 141.1 142.7 144.5 146.7 148.5 149.3
83.5 85.1 87.1 91.2 97.3 106.1 120.3 134.6 145.9 156.3 164.2 171.4 178 181.6 184.8 188.3 190.6 192.6 194.1 195.7 196 196 195.6 195.1 194.5 193.8 193 191.6 190.2 188.8 187.4 186 184.2 180.2 174.7 166.9 159.5 152.8 145.9 135.8 114.5 90.2 79 82.7 92 108.9 123.4 131.8 135.3 135.5 132.6 125.8 118.6 119.2 121.9 120.9 118.4 118 114.3 110.9 105.7 96.3 83.6 78.4 78.8 79.2 86.6 101.5 110.8 117.9 124.8 129.8 133.3 136.7 139.3 141.7 143.5 143.7
84 85.5 87.8 90.4 96.7 106.2 121.4 135.1 146.5 156.4 164.9 172.9 177.9 181.7 185.3 187.7 190.1 192.4 193.8 195.1 195.9 195.8 195.5 194.9 194.4 193.8 192.8 191 189.6 187.9 187.8 186.3 183.7 180.2 174.4 167.4 160.1 152.3 145.6 128.1 103.5 80.7 80.9 90 101.2 119.1 132.8 140 142.9 142.8 141.8 138.9 134.8 132 128.5 126.8 124.2 122.9 121.3 118 113.2 105.1 95.5 85.3 81 79.7 80.1 81.1 91.8 100.8 105.4 114.3 122.9 131.1 133.6 136.2 137 137.7
85.8 86 88.7 91.6 94.3 103.9 117.6 129.2 140.3 150.7 160.1 168.3 174.4 179.4 183.7 186.3 189.2 192 193.4 194.3 195.3 195.7 195.4 194.8 194.3 193.6 192.4 190.3 188.7 186.7 185.8 182.6 179.9 176.1 170.8 164.1 156.5 150.7 145.9 123.2 90.7 81.6 84.1 96.1 111.9 129.4 140.9 146.3 147.4 147.1 146.3 145.9 144.6 142.5 138.3 135.1 133.6 130.9 128.7 126 122.9 114.5 104.1 93.5 82.1 81.2 80.9 80.8 81.3 83.1 88.4 96.5 106.9 119.7 125.8 128.6 129.5 131.4
87 88.3 89.9 91.4 93.9 96.9 107.6 121.5 132.7 144.3 153.4 161.8 170 176 181 184.8 188.2 191.4 192.7 193.6 194.6 195.5 195.3 194.7 194 193.2 191.9 189.7 186.8 184.8 181.1 177.1 173.6 168.3 161.8 156.2 150.8 148.2 140.6 119.6 92.2 83 92.8 102.8 121.3 139.7 145.9 148.5 149.9 150.5 150.8 151.8 151.9 151.3 148 145.8 145.1 141.8 137.4 133.3 130.7 124.3 114.5 103.4 92.4 84.9 81.3 80.7 81.1 82.2 83.8 86 93 103.3 111.3 111.5 114.6 119.9
88.8 91.8 93.6 95.8 99.8 106.2 103.8 112.2 123.9 135.8 147.7 156.8 166.2 173.3 179.8 184.4 188 190.3 192.3 193.4 194.4 195.5 195.3 194.4 193.6 192.1 190.2 188.1 185 181.1 177.6 171.3 166.7 158 149.4 142.5 139.8 138.6 133.2 115.6 87.7 84.2 100.4 110.1 127.4 143.1 147.8 149.8 152.7 154.9 155.7 157 157.9 158.7 156.1 154.5 154.1 151.7 148.2 143.5 136.4 132.7 124.1 115.2 101.1 92.9 90.7 81.3 81 81.8 83.5 83.3 84.7 87.5 93.3 98.2 105.2 109.6
92.6 97.4 101 105.1 110 116.9 119.7 115.5 119.2 134.9 148.4 159.2 167.8 174.5 180.8 185.7 188.7 192 194 195.1 196.1 197.2 196.7 195 194.2 192 189.5 186.8 183.5 179.3 174.3 168.3 160.7 154.8 145.6 136.9 126.1 117.8 116.4 101.2 84.7 92.7 103.9 116.8 136.1 145.8 150 153.1 156.3 158.4 160.4 162 163.5 164.8 164.6 163.4 162 160.4 158.1 153.4 150.1 143 133.6 126 112.2 99.7 96.9 91.8 85.2 82.1 81.7 82 83.2 83.9 84.4 89.5 98 110.6
100.8 105.1 109.2 112.2 121.1 127.6 129.9 131 120.8 133.2 148.4 159.8 168.7 176.3 181.9 187.2 190.6 193.8 195.5 196.9 197.9 198.9 198.3 196.6 195 192.5 189.9 187.2 184.3 180.7 176.3 171.8 167.1 160.4 155.5 148.4 135 113.8 92.1 85 86.9 100.9 107.4 125 141.6 149 153.5 156.8 159.9 162.2 164.3 166.4 168.1 169.4 169.4 168.4 168.1 167.1 165.8 162.9 158.2 152.7 145 134.7 123.1 112.1 102 99.7 94.8 89 83.2 81.7 82.3 83.1 83.2 84.5 86.1 96.8
