data/240000-890000.asc
ncols 200
nrows 200
xllcorner 240000
yllcorner 890000
cellsize 50
[rows 35 to 69 of 200, columns 0 to 77 of 200]
324 324.8 325 325 326.3 327.4 328.1 327.8 326 323.9 321.4 318.2 314.6 309.3 303.9 298.6 293.8 290 285.9 282.6 277.5 273.4 266.2 263.2 263 260.3 255.3 251.5 245.3 247.6 249.1 246.7 248.6 247.4 248.8 248.4 245.3 249 250.3 246 250.6 249 250.3 250.5 256.4 253.4 259.5 261.6 264.5 265.1 266 266.4 265.6 264 265.5 261.8 262.3 263.1 262.2 259.7 260.9 261.7 259.5 259.4 260.3 259.2 258.4 260.6 260.3 259.9 259.2 260.4 259.1 259.9 260.2 263.3 264.3 265.3
329.2 329.9 330.4 330.6 331 331.5 332 331.4 329.1 326.6 323.1 319.1 313.9 308.5 303.2 298.2 293.3 287.2 284.9 282 277.5 272.6 265 263.5 263.8 256 259.7 256.3 255.9 253.9 253.8 253.7 254.3 253.7 255.5 255.7 252.5 255.8 257.1 255.1 258.2 256.4 257.3 258.4 263.3 262 264.3 269.9 271.4 273.4 274.8 275.6 274.2 274.5 274.7 274 273.1 270.7 270.4 269.7 271.2 269.9 268.9 268.6 266.7 267.8 264.9 267.8 268.8 267.8 268.2 268.1 267.2 268.7 270.6 272.9 274 271.6
330.6 332.8 333.8 334.2 334.6 335.1 335.7 334.8 332.2 328.3 324.6 319.8 314.4 308.5 302.7 297.6 292 285 282.4 280.7 274.7 271.1 267.6 266.1 263.9 261.9 263.2 263.4 262.3 261.8 261.4 260.4 260.8 260.4 262.6 263.1 259.3 261.4 263.9 262.1 265.6 264.9 265.3 266.7 270.4 274.2 271.6 278.5 280.4 280.8 281.2 282.6 282.7 282 281.3 280.1 279.3 277.9 278.1 277.1 277.5 278.2 279.1 279.2 277.1 276.4 274.1 274.8 274.9 276.1 276.2 275.8 276 277.4 279.1 281.2 281.2 277.5
332.4 334.7 337.1 337.5 338.2 339 339.8 338.9 336.5 332.3 327.4 322.7 317.1 310.9 305.8 300.6 293.7 286.5 283.7 280.7 274.6 270.8 270.3 270.9 263.7 268 268.4 268.7 267.8 267.4 267.6 266.1 267.1 268.2 268.6 268.2 267.3 268.9 270.5 269.6 270 273.3 274 275 277.1 281.2 279.5 281.9 284.9 287.3 288.9 290.4 290.9 289.5 288 287.3 287.8 288.7 289.5 286.5 287.6 288.2 288.9 288.9 287.4 287.8 287.4 286.5 284.5 283.9 284.3 285.2 285.8 287 287.5 288.5 289.1 286.5
332.9 336.9 339.7 340.8 341.5 342.3 343.1 342.3 340.5 336.4 332.1 327.2 321.4 315.3 310.6 305.8 299.2 291.3 286.5 285 278 276.6 274 268.3 270.5 272.1 273.3 273.7 273.2 272.5 273 272.9 273 273.5 273.9 273.3 273.8 274 276.1 274.2 273.3 280.2 281.1 281.6 282.1 286.2 286.8 286.2 290.3 294.7 296.2 297.3 298.2 298.3 296.1 297.5 298 299.2 300.5 299.6 300.9 302.7 303.2 303.1 302.5 303 302 299.9 297.4 295.9 295.1 294.7 295.6 295.8 295.8 296.2 297 292.9
342.4 343.9 343.8 345.1 345.9 345.9 346.5 345.3 343.2 340.3 336.4 331.3 326 319.7 314.3 309.8 305 297.2 292.7 289.2 281.3 279.7 276.5 276 273.7 276.9 277.8 278.5 278.5 277.5 277.1 276.8 277.5 278.1 278.7 279.1 279.1 279.3 280.8 281.4 280.8 283.9 286.7 287.2 288 291 293.5 292.2 295.5 301 303.1 305.2 307 305.7 304 305.7 306.6 310 310.5 312.6 315.3 317.3 317.9 318.2 317 317.5 314.8 312.3 310.2 308 306.9 306.2 305.6 304.9 304.6 304.1 304 301.1
355.7 355.7 354.2 354.4 354.9 353.3 351.8 349.6 346.5 343.2 340.3 334.6 330.4 324.1 317.6 312.8 307.9 302.1 296.7 291 286.3 285.2 281.6 279.1 278.1 279.7 280.9 281.6 282 281.5 281.5 281.4 282 282.8 283.1 283.5 284.1 284.4 285.5 286.1 285.9 287.9 290.4 292.8 294.2 295.8 298.4 301 300.6 306.5 308.8 310.6 313 312.4 311.6 313.3 315.9 318.1 320.7 323.5 326.5 327.8 328.7 328.8 328.9 327.7 326.3 324.4 322.6 321.5 320.5 318.7 316.6 314.6 313.8 312.8 311.3 309.7
368.5 365.2 364.5 365.3 365 363.9 361.4 357.9 354.3 349.9 344.6 338.1 332 325.9 321.4 316.8 309.8 304.1 298.8 293.4 289.7 286.7 280.7 284 281.7 281.6 284 284.6 284.7 284 284.1 284.3 285.3 286.4 286.6 287.1 287.7 288.6 289.7 290.6 291 290.9 294.6 296.6 298.7 300.9 303.5 306.1 304.7 310.5 313.4 315.2 317.9 318.8 319.6 321 324.3 326.3 329.2 331.8 334.7 337.3 338.5 339.3 339.6 340.5 340 340.9 339.4 338.1 336.8 334.8 331.3 327.5 325.1 321.5 319.7 319.1
375.7 371.9 373.1 373.4 372.6 372.2 368.8 365.9 363 361.1 354.6 346.8 339.2 332.2 325.7 319.2 311.9 305.2 299.9 294.8 290.9 288.3 285.2 285.9 284.3 284.7 286.3 286.7 286.2 286.2 286.6 287.6 288.6 289.7 290.1 290.7 291.3 292.3 293.5 294.9 296.3 296.4 298.8 300.4 302.8 305.1 307.3 309.7 312.1 310.7 317.2 319.6 322.4 324.6 326.3 327.8 330.4 333.6 336.4 338.5 341.6 344.3 347 348.6 352.1 356.1 357.3 359.1 358.6 355.9 354.1 351 347.4 343.6 340.3 337.7 332.2 330.2
380.8 377.3 375.9 375.8 375.1 375 376.2 377.2 373.2 366.4 357 350 341.8 332.7 325.8 319.4 312.9 305.8 300.1 294.5 293.1 289.6 289.2 287.3 287 288.3 289.7 289.6 289.1 289 289.8 290.8 291.9 293 293.5 294 294.5 296.5 297.1 299.2 300.5 301.4 304.1 304.8 306 308.5 310.5 312.8 315.3 316.9 319.1 322.9 325.9 328.6 331 333.2 335.6 338.6 341.3 343.3 346.6 349.8 353.4 357.9 362.5 366.9 369.4 370.2 369.4 368.9 366.1 363.1 360.1 357.5 354.8 351.4 348 343.5
386 382.9 377.7 374.9 373 371.9 373.1 372.6 366.8 357.8 349 343.5 337.6 329.7 323.7 317.3 311 305.9 299.8 294.2 292.5 291.7 289.6 289.6 290.7 291.9 292.5 292.4 292.1 292.1 293.1 294.1 295.4 296.8 297.3 297.6 297.6 299.3 301.5 303.3 304.5 306.4 308.8 309.9 308.9 311.4 313.5 315.8 318.5 321.2 320.7 325.6 330 333.2 335.7 338.4 340.9 343.9 347.3 349.7 352.6 356.3 361.1 366.4 371.9 376.5 380.8 382.2 382.4 381.2 377.6 374.1 371.2 367 363 360.1 356.2 352.7
381.9 380.9 376.6 373.4 370.6 367.1 364 359.4 354.4 346.5 342.7 337.6 331.7 325.8 319.2 313.1 309.7 306 299.8 299.5 295 293 293.1 294 292.1 295.4 295.4 295.3 295.4 295.4 296.4 297.4 298.8 300.8 301.1 301.2 301.5 303.3 305.4 307.5 308.9 310.4 312.5 313.3 312.7 312.8 315.4 319.1 321.5 324.6 324.2 328 333.3 337.3 340.4 343.1 345.9 349.4 352.7 356 359.7 363.7 368.9 375.1 381.2 387.3 392 394.4 394.5 393.6 389.9 384.9 381 376.8 372.4 368.4 364.8 361
376.2 377.3 373.4 372 368.6 364.3 357.6 351.2 345.6 341.5 337.3 332.9 326.9 321.8 319.8 317.2 313.4 309.3 305.4 301.7 298.3 298 298.4 298.2 295.8 298.7 299.2 299.7 299.5 299.9 301.3 302.5 303.8 305.1 305.7 305.6 306.3 308.1 309.9 311.7 313.4 314.9 316.4 317.5 317.8 318.8 317.8 323.3 325.2 328.6 326.7 331.3 336.8 340.7 343.8 346.9 349.8 353.3 356.9 360.8 365.5 370.9 377.1 383.8 390.7 397.5 402.8 406.4 406.2 403.9 400.5 396.7 391.9 387.9 383 379.4 374.5 370.7
368.5 368.8 367.2 363.6 360.6 356.7 351.1 345.5 341.1 337.9 334.6 329.6 325.8 325.8 323.1 319.7 316.3 312.3 308 305.3 304.2 303 302.1 301.5 301 302.7 303.8 304 304.5 305 306 307.1 308.1 309.6 310.5 310.5 311 312.4 313.9 315.5 317.2 318.8 319.3 320.7 321.1 321.8 321.6 325.4 326.7 332.4 333.3 332 339.7 343.7 347.4 350.4 352.9 356.8 361.1 366 372 377.9 384.9 391.7 400.1 407.1 412.4 416.4 416.2 414.7 412.6 410.3 406 400.9 396.2 391.4 387.2 382.8
363.7 362.3 359.8 355.9 352.4 348.8 345.1 341 337.9 335.8 335.2 333.4 331.2 329.6 326 322.8 319.8 316.7 312 309.8 308.6 307.7 307.6 307.2 306.4 307.1 308.5 308.5 308.7 308.9 309.8 310.9 311.3 312.5 314.3 314.6 315.1 316.4 317.8 319 319.9 321.1 321.6 322.4 323.1 323.4 325.3 327.7 329 334.3 336.7 339.4 342.3 346.6 350.6 353.3 357 361.2 364.4 371.8 377.9 383.7 392.2 401.2 408.6 415.6 421.7 425.6 427.5 427.3 424.7 421.1 416.8 410.9 406.1 400.1 394.1 389
357.9 354.9 351.9 348.6 345.4 343.5 342.3 340.8 340.6 339.8 339.4 338.1 336.5 333 329.9 326.7 323.4 320.4 317.3 315.1 313.3 313 312.8 312.7 312.4 312.9 313.1 312.6 312.2 312.5 313.5 314.7 315.1 315.5 317.5 318.3 318.7 319.6 320.9 321.8 322.5 323.1 324.1 325 325.7 326.3 327.1 329.4 331.9 336.5 339.4 341.6 342.6 347.9 352.5 355.6 360.3 366.2 370 375.9 382.8 389.4 398.1 406.3 414.8 421.9 428.1 432.3 433.6 432.7 430.3 426.9 420.4 415.5 411.2 406.1 400.3 394.5
346.8 347.9 345.5 342.5 341.4 343.3 343.4 343.7 344.4 344.4 344.2 343 340.3 337.3 334.5 331.6 328.5 325.4 323.9 321.9 319.7 318.6 318.4 318 317.5 317.5 317.8 317.2 316.2 316.2 317.1 318.9 319.8 319.9 320.5 321.2 322 322.8 323.2 324.8 324.9 325.5 326.6 327.5 328.2 329 330.1 332.3 335.9 337.5 340.6 346 346.8 347.5 348.4 355 360.1 366.3 373.3 378.1 385.6 392.7 400.6 408.5 415.9 425.3 432.1 435.2 435.6 434 430.7 426.2 421.1 417.2 412.9 408.7 404.4 400.8
336 338.9 339.9 337.7 339.2 341.8 344.5 346.2 347.3 347.5 347 346.1 343.9 342.1 339.2 336.4 333.8 331.8 329.8 327.7 325.3 324.1 323.5 323 322.5 322 322.5 321.7 320.7 321.3 322 323.3 324.5 324.5 324.8 325.9 327 327.2 327.3 328.9 328.1 328.1 329 330.1 330.9 331.7 332.8 335.6 337.9 338.7 343.1 347.6 348.8 351.3 355.7 359 362.9 367.5 372.2 377.5 387 393.9 400.3 406.7 414 420.9 427.9 431.6 432.6 431.7 429.7 426.4 422.4 418.4 414.9 411.2 408 406.8
327.1 329.2 333.1 334.6 337.3 341.2 345.2 348.6 349.3 350 349.8 349.4 348.6 347.2 345.2 342.7 340.2 337.5 334.9 332.5 330.2 329.4 328.8 328.3 327.8 326.9 327.4 327.1 326.1 326.2 327.4 328.3 329.2 329.3 329.7 330.8 331.9 332.1 332.8 332.7 331.6 331.6 332.4 333.6 334.4 335.5 336.6 336.8 339.5 341.7 346.7 348.9 352 353.8 359.7 363.5 367.5 372.3 378.9 383.6 388.2 395.4 401.1 406 411.2 418.6 425.9 430.8 431.1 430.8 428.1 425.2 421.5 419.3 418.5 416.5 415.5 414.1
321 324.2 329.2 335.1 338.3 342.1 346.3 349.9 351.5 352.3 352.8 352.4 351.6 351.1 349 347.1 345.4 342.6 339.7 337.7 335.7 334.8 334.1 333.5 332.8 331.9 332.3 332.4 331.5 331.4 332.2 333.3 334.1 334.2 334.8 335.6 336.6 337.1 337.4 336.7 336.2 336.6 337.3 338.3 339.1 339.8 340.4 341.8 341.9 346.8 347.4 352 357.2 358.7 364.3 367.3 372.9 379.8 383.3 388.9 394.2 398.1 402 406.9 414.2 420.2 426.2 429.8 430.6 431.5 430.2 426.6 424.3 422.7 422.1 421.4 420.8 420.2
317 322 326.1 334 337.4 342 347.5 350.8 352.8 354.3 355.4 354.6 353.7 353.4 353.1 350.9 348.8 346.3 344.8 343.3 341.3 340.5 339.6 338.8 337.7 336.8 337.2 337.5 336.9 336.8 336.9 337.6 338.1 338.7 339.5 340.4 340.8 341.6 341.9 341.4 340.9 341.5 342.2 343 343.9 344.6 345.7 346.4 346.2 350.5 351.6 356.4 361.3 365.5 367.9 372.2 379.6 382.8 388.5 394.5 398.6 402.5 407.9 413.5 419.4 426.2 429.4 431.7 433.1 432.9 431.5 428.6 426.8 425.1 424.1 423.2 424.3 424.7
315.7 320.1 325.4 331.2 335.9 341.4 347.5 351.4 354 355.2 356.4 356.9 356.5 356.3 355.8 355.3 353.6 352.1 350.5 348.7 347 346.2 345.4 344.1 342.8 341.8 342.1 342.4 342.3 342.2 341.9 341.6 341.9 342.3 343 343.9 344.8 345.5 345.6 345.7 345.7 346.4 347.1 347.9 348.7 349.7 351 351.8 352 354.9 357.6 360.1 365.7 368.9 373.4 378.4 383.9 386.5 393 398.2 404.4 410.7 416.4 422 427.1 431.4 434.5 436.5 438.2 436.2 434.2 430.9 427.9 426.3 425.1 425.1 427.5 429.7
314.1 319 324.2 329.2 334.6 341.2 347.4 351.8 354.5 355.6 356.9 359 360.2 361 360.6 360.2 359.5 358.3 356.9 355.1 353.5 352.2 350.8 349.5 348.3 347.4 347.5 347.7 347.9 347 346.7 346.4 346 346 346.6 347.4 348.4 349.6 350 350.2 350.6 351.2 352 352.7 353.6 354.8 356.1 356.8 356.7 359.5 363.8 366.8 366.2 374.7 380.1 383 387.4 391.8 397.4 403.7 410.6 418 423.8 428.1 433.4 437 440.6 443.4 444.4 441.8 438.3 433.6 431.1 428.9 429.6 431.6 434.8 438.1
312.1 316.9 322.3 327.6 334 340.5 346.7 351.1 354.6 356.1 358.5 360.7 363.4 365.1 365.9 365.1 364.7 364.7 363.8 361.7 359.8 358.6 356.4 354.9 353.6 353.1 353.1 353.8 353.9 352.9 351.9 351.1 350.8 350.2 350.1 351 352.5 353.7 354.6 354.9 355.5 356.2 357.1 358.2 359.3 360.3 361.2 361.7 362.2 365.2 369.2 372 374.6 380 384.2 388.5 392.8 397.5 404.1 409.9 416.5 422.5 428.5 434.4 439.8 443.9 447.1 451.1 451 449.5 445.3 441 436.9 435.5 437.5 441.3 446.3 449.7
308.7 314.4 320 326.1 332.7 340.1 345.1 349.4 353.6 356.8 359.3 362.2 364.9 366.6 368.6 368.8 368.3 368.8 369.8 368.9 365.1 364.5 364.3 362.6 360.8 360 359.6 361.3 359.4 358.2 357.1 355.5 355.5 355 354.4 354.6 356 357.4 358.5 359.5 360.3 361.5 362.4 363.6 364.8 366 367.3 368.3 368.2 371.4 374.3 378.5 381.9 386 390 394.6 399.1 403.9 410 416.6 422.2 428 433.6 441.1 448.8 454.5 458.6 463.3 464.2 461.8 458.9 453.5 448.5 445.8 448.3 452.2 456.7 460
305.9 311.2 317.2 323.4 330.6 337.8 342.5 346.8 351.3 355.8 358.2 360.7 363.1 365.6 367.8 368.9 369.4 370.5 371.8 371.7 370.3 369.7 369.3 369.7 368.1 366.6 366.1 366.3 364.9 363.4 361.9 360.2 360 360.2 358.4 357.5 358.9 360.4 361.9 363.1 364.7 365.9 367.3 368.9 370 371.3 372.6 374 375.9 377.9 381.4 385.6 390.1 393.7 397.7 401.2 405.9 411 416.9 422.5 428.2 434 440 447.9 456.5 463.9 470.4 478 479.9 477 473.5 470.1 465.9 463.7 464.3 467 468 470.1
302.8 309.4 315.9 321.7 327.1 332.7 339.1 343.3 347.6 351.7 355.3 357.8 360.3 363.4 365.5 367.4 368.8 370.9 372.7 373.1 375.8 376.7 374.4 374 375.5 376 374.6 372.5 370.8 368.4 366.2 364.2 363.4 362.5 361 360.6 361.7 363.3 365.6 367.2 369 370.3 371.9 373.5 375.2 376.8 378.8 380.8 382.9 385.2 388.7 392.4 397 401.7 406 410.4 415.5 420.6 425.9 431.1 435.4 441.1 446.9 454.7 463.5 472.1 478.1 481.9 486.3 490.8 487.2 484.8 481.3 479.7 479.4 480.5 481.6 481
300.9 308 314.4 320.2 325.4 329.7 334 338.8 342.4 346.5 350.6 354.1 357.4 359.4 361.5 363.5 366.8 369.9 372.2 375.3 378 376.9 375.3 376.1 382.7 384 380.5 379 376.5 373.8 370.5 368.1 366 364.5 363.9 364.5 365 368.8 371.4 372.1 373.3 374.9 376.5 378.5 380.2 382.2 385 387.3 389.5 392 395.3 398.8 404.3 408.8 413.8 419.4 425 430.8 436 441.1 445.2 449.6 454.3 459.5 468.7 476.7 483.8 488.3 490.5 491.8 490.8 488.6 486.2 484.1 483.6 485.7 488.7 489.8
298.9 306.3 312.7 318.4 322.9 326.6 330.8 334.7 338.2 341.7 346.1 349.5 352.3 355.1 357.3 359.4 362.9 365.6 368.9 370.1 370.6 370.6 372.2 375.1 380.2 382.9 380.4 378.7 375.7 376 375.6 371.1 369.7 368.2 369 369.2 369.7 373.3 374.1 374.4 375.7 378.3 380.5 383.3 385 386.6 391 393.5 395.8 398.5 401.2 404.2 409.5 415.5 420.6 427.1 433.6 439.4 445.3 450.9 455 458.9 462.4 466.6 471.3 478.2 484.6 488.3 490.4 489.1 485.6 482 479.4 477.7 476.7 479.4 484.5 487.5
297.3 303.8 310.8 315.6 319.9 322.8 326.7 330.6 334.6 338.9 342.1 344.5 346.1 348.5 350.8 353.3 355.8 358.5 360.6 362 362.6 363.1 367.5 372.1 375.7 377 375.2 373.4 371.7 371.7 372.1 369.6 370.6 373.5 373.7 374 374.3 374.8 375.1 375.4 375.7 379.5 383.3 385.4 388 390.5 395.1 399 402.1 404.7 407.3 409.9 414.7 421.1 427.3 433.6 439.6 445.8 452 458.5 464 467.9 471.2 473.8 475.7 476.8 479.7 481.8 483.2 483.1 479.9 475.3 470.4 468.1 466.3 465 473.4 477.4
294.4 300.9 306.6 311.5 315.2 318.8 322.3 326.3 330.8 335.2 338.2 339.9 340.1 341.5 343.8 346 347.4 348.9 351 352.9 354.2 356.4 359.8 365.8 370.8 370.4 369.1 367.4 366.4 367.4 366.9 367.3 370.4 373.2 373.9 374.1 374 373 373.6 374.2 375.4 378.8 382.9 387.5 390.4 394 398.4 402.5 405.4 409.9 412.7 415.8 420.8 427.3 433.1 438.7 444.3 449.8 457.1 464.3 471.2 475.9 479.3 480.3 478.5 478.4 477.5 476 478.2 476.6 474.2 468.8 462.7 458.5 455.6 452.2 459.6 466.1
290.7 296.6 301.6 306.1 310.1 313.8 317.6 321.4 324.9 329.9 334.7 335.2 335 335.5 336.6 338.4 339.2 340.5 343 345.2 347.7 349.6 351 355.2 361.3 363.4 362.6 361.3 362.9 362.5 361.9 365.4 368.7 372.1 372.2 372.1 372.3 372.2 371.3 372.8 375.3 379 383.5 386.6 390.5 393.9 398.5 403.1 407.4 412.4 417 422.2 427.2 431.1 435.9 440.8 445.9 451.3 458.1 465.3 473.1 479.9 483.7 482.9 480.1 478.2 477.6 473.4 475.5 474.6 470.2 465 458.8 452 447.4 444.4 448.6 455.4
285.8 290.8 295.4 299.6 303.8 308.4 312.2 316.1 319.5 323.2 327 329.7 329.7 330.3 330.8 331.8 333.1 333.4 334.9 337.4 339.2 340.9 342.1 347.8 350.6 353.5 355.4 354.5 356 355.9 358.5 364.6 367.4 367.3 369.4 369.6 369.5 368.9 370.1 372 375.6 379.8 382.7 385.7 391.2 394.4 397.4 401.4 407.6 414.6 420.8 425.9 430.7 432.9 437.2 440.9 444.7 450.1 455.4 461.4 468.4 478.1 482.4 481.1 478.9 478.2 476.3 471.9 467.8 468.5 465.4 460.2 452.8 446.1 442.1 439 440 445.3
279 283.9 288.3 292.3 296.4 301.9 306.3 310.5 314.3 316.9 319.4 323.2 324.1 324.6 325.2 326.6 327.7 328 328.6 329.6 330.6 332.3 334.2 337.5 341.2 344.2 346.6 347.9 349.5 351.8 356.7 361.3 362.2 363.1 364.5 367.9 369.3 366.3 368.5 370.9 375.2 378.3 381.2 385.2 391.3 394.5 397 400.7 410.2 417.7 424.6 430.1 434 437.6 439.7 441.9 444.3 449.6 454.3 459.6 463 468.3 470.9 474.3 473.8 473.2 471.2 468.5 465 461 458.3 454.8 448.2 443.7 439.3 435.4 432.5 434.2
271.2 275.6 279.4 283.9 288.6 293.6 299.2 303.4 306.6 309.8 312.4 316.1 319.1 320.9 321.4 321.7 321.7 322.8 323 323.5 324.6 326.6 329.5 332.1 335.3 337.2 339.9 343.8 345.3 346.4 350.2 354.3 355.6 356.6 359.7 362.3 364 362.9 366.5 370.8 373.6 376 381.3 386.1 389 393.7 400 406.1 415.7 424 430.8 436.4 440.1 442.7 444 445.3 446.5 448.8 453.6 457.1 459.8 462.5 463.4 464.4 465.1 465.8 465.1 462.8 459.5 456.1 451.1 447.4 443.4 439.8 436.8 433.7 432.5 432.5
