data/240000-140000.asc
ncols 200
nrows 200
xllcorner 240000
yllcorner 140000
cellsize 50
[rows 144 to 179 of 200, columns 82 to 163 of 200]
-2.7 -2.7 -2.7 -2.7 -2.7 -2.7 -2.7 -2.7 -2.7 -2.7 -2.7 -2.7 -2.7 -2.7 -2.7 -2.7 -2.7 -2.7 -2.7 -2.7 -2 -1.3 -0.5 0.2 1 1.7 2.5 3.2 17.2 26.8 36.9 44.3 57 75.6 91.8 103.2 112 116.2 114.2 108.5 106.8 110.8 123.7 138.5 152.5 164 172.3 180.2 184.9 187.6 189.2 190.8 192.5 193.2 193.1 192.4 190.5 188.5 187.5 186.4 185.3 184 183.2 182.3 181.3 180 178.9 176.4 171.8 158.9 151.4 150 153.9 161.2 170 176.1 180.4 186.6 190 193 195.1 196.4
-2.7 -2.7 -2.7 -2.7 -2.7 -2.7 -2.7 -2.7 -2.7 -2.7 -2.7 -2.7 -2.7 -2.7 -2.7 -2.7 -2.7 -2.7 -2.7 -2.7 -1.9 -1.2 -0.4 0.3 1.1 1.8 2.6 4.3 19.7 31 39.1 49.4 63 82.7 101.2 111.6 118.8 122.2 123.5 123.5 120.2 122.1 126.6 135.3 150.1 160.9 168.6 175.7 180.7 184.4 187 188.8 189.1 189.3 189.3 188.7 187.6 186.5 185.1 183.8 182.6 182.7 181.8 180.8 180 178.6 178.2 176.7 174 166.8 153.8 148.3 148.5 152.3 159.8 170.2 178.7 186.2 190.7 193.9 196.4 197.7
-2.7 -2.7 -2.7 -2.7 -2.7 -2.7 -2.7 -2.7 -2.7 -2.7 -2.7 -2.7 -2.7 -2.7 -2.7 -2.7 -2.7 -2.7 -2.7 -2.7 -1.8 -1 -0.3 0.5 1.2 2 2.7 5.7 18.7 34.3 42.2 53.3 68.9 89 105.3 120.5 126.3 129.4 134.3 137.9 136.3 135.7 140.3 145.6 153.2 161.8 168.8 174 178.4 181.4 182.8 184.1 184.5 184.8 185 183.6 182.1 180.9 179.6 179.3 178.8 179 179.3 179.2 178.2 177 176.8 177 176.3 172.9 164.4 153.8 148.1 147.6 152.3 162.8 176.9 185.3 190.8 195 197.6 199.2
-2.7 -2.7 -2.7 -2.7 -2.7 -2.7 -2.7 -2.7 -2.7 -2.7 -2.7 -2.7 -2.7 -2.7 -2.7 -2.7 -2.7 -2.7 -2.7 -2.7 -1.7 -0.9 -0.2 0.6 1.3 2.1 2.9 8.1 22.7 32.4 43 57.7 73.7 92.9 111.6 127.4 134.9 138.6 144.5 147.8 147.9 148.1 151.1 155.2 160.4 165.5 169.9 174.5 177.7 179.6 181 180.5 180.3 180.7 180.2 178 176.4 176 175.9 175.7 173.9 173.2 173.9 174.9 174.8 174.6 173.9 175.2 176.8 175.6 172.6 165.5 149.6 144.8 147.3 155.4 174.1 185.1 191.1 195 196.8 198
-2.7 -2.7 -2.7 -2.7 -2.7 -2.7 -2.7 -2.7 -2.7 -2.7 -2.7 -2.7 -2.7 -2.7 -2.7 -2.7 -2.7 -2.7 -2.7 -2.7 -1.5 -0.8 0 0.7 1.5 2.3 3 11.3 22.3 34.7 49.5 65.8 83.5 100.5 118.8 133.2 144.5 149.5 154.7 156.5 156.9 158 160.3 162.9 166.5 169.7 173.1 175.4 178.4 178.6 179.3 178.5 177.6 176.8 175.7 172.8 170.6 171.5 170.5 169.4 168.6 167 168.6 168.9 170 168.6 167.2 169.2 171.1 171.6 172 168.9 160.3 143.7 144.4 151.5 169.6 182.7 189.4 192.4 194.1 195.3
-2.7 -2.7 -2.7 -2.7 -2.7 -2.7 -2.7 -2.7 -2.7 -2.7 -2.7 -2.7 -2.7 -2.7 -2.7 -2.7 -2.7 -2.7 -2.7 -2.2 -1.4 -0.7 0.1 0.9 1.6 2.4 3.2 15.3 20.6 40.8 52.6 73.5 94 111.6 126.9 139.2 147.4 154.8 159.3 161.4 162.5 164.8 167.4 169.4 171.3 173.4 175.4 177.1 177.9 177.8 177.7 176.8 176.1 174.6 171.6 168.4 166.3 164.9 164.3 163.5 162.9 163.1 162.3 160.8 161.4 161.3 158.5 160.5 162.8 163.8 165.4 165.7 161.4 143.7 140.6 147.8 164.5 177.2 183 186.5 188.3 189.6
-2.7 -2.7 -2.7 -2.7 -2.7 -2.7 -2.7 -2.7 -2.7 -2.7 -2.7 -2.7 -2.7 -2.7 -2.7 -2.7 -2.7 -2.7 -2.7 -2 -1.2 -0.4 0.3 1 1.8 2.6 3.8 17.4 34.9 47.6 62.4 85.1 105 122.3 135.3 145.7 152.6 158.9 163.9 166 167.7 169.6 172.3 174.1 175.6 177.4 178.1 178.7 178.4 177.7 176.9 175.7 173.7 171.7 168.8 166 163.1 160.3 159.6 157.4 156.2 156.2 154 153.6 153.1 152 149.3 149 151.6 155.6 158.2 159.7 158.2 143.7 138.2 146.4 163.1 173.8 179 181.6 183.2 184.5
-2.7 -2.7 -2.7 -2.7 -2.7 -2.7 -2.7 -2.7 -2.7 -2.7 -2.7 -2.7 -2.7 -2.7 -2.7 -2.7 -2.7 -2.7 -2.7 -1.9 -1.1 -0.3 0.5 1.2 2 2.8 5.1 19.2 34.2 51.7 72.7 94.6 115.8 132.4 143.7 151.2 158 163.1 168.4 171.1 172.8 174.5 176.9 178.7 179.5 179.8 180.2 179.3 178.4 177.6 175.8 173.7 171.9 169.9 166.5 163.6 160.5 157.7 156.3 154.1 151.4 150.3 148.8 147.3 146.4 144.1 143.1 141.9 140.7 142.4 145 146.2 146 137.2 136.5 145.8 162.4 172 176 178.3 179.1 180.2
-2.7 -2.7 -2.7 -2.7 -2.7 -2.7 -2.7 -2.7 -2.7 -2.7 -2.7 -2.7 -2.7 -2.7 -2.7 -2.7 -2.7 -2.7 -2.7 -1.8 -1 -0.2 0.6 1.4 2.2 3 6.9 18 30.8 59.1 78.6 100.2 122.6 141.6 151.5 158.9 165 169.4 173.1 175.5 177.5 179.5 180.6 181.4 182.3 182.2 181.6 180.4 179.1 177.7 175.8 173.8 171.7 168 164.6 161.2 158.2 155.8 154.1 152.1 150.2 148.9 146.5 145.2 143.4 143.7 143.4 142.4 139.4 137.4 134.4 130.4 131.3 131.4 134.6 146.6 162.6 169.4 173.6 174.2 174 174.4
-2.7 -2.7 -2.7 -2.7 -2.7 -2.7 -2.7 -2.7 -2.7 -2.7 -2.7 -2.7 -2.7 -2.7 -2.7 -2.7 -2.7 -2.7 -2.7 -1.5 -0.8 0 0.8 1.6 2.4 3.2 11.4 16.9 32.7 62.5 85 107 129.2 147.3 158.1 164 169.5 173.5 176.8 179.6 180.6 181.8 183 184 184 183.4 181.8 180.5 179.2 177.7 175.8 173.6 171.4 167.5 163.8 160 157.3 156 154.8 154.5 153.6 152.4 150.6 150.3 149.6 149.7 149.4 149.5 149.8 147.7 144.3 141.2 134 128.5 133.2 148.1 158.7 164.5 168.8 168.6 168.6 168.5
-2.7 -2.7 -2.7 -2.7 -2.7 -2.7 -2.7 -2.7 -2.7 -2.7 -2.7 -2.7 -2.7 -2.7 -2.7 -2.7 -2.7 -2.7 -2 -1.3 -0.5 0.3 1 1.8 2.6 2.9 15 17.6 48.2 67 89.6 113 132.6 149.3 161.3 168.3 172.8 176.1 179.2 181.5 182.7 183.9 185 185.2 184.7 183.9 182.7 180.9 179.4 177.7 175.6 173.3 171.1 168 164.8 162.6 160.2 159.2 158.5 158.8 158 157 155.5 155.7 156.1 155.7 155.6 156.1 156.5 154.9 151.1 147.1 139.4 124.7 132.2 143.7 150.2 156.4 159.6 161.9 162.1 162
-2.7 -2.7 -2.7 -2.7 -2.7 -2.7 -2.7 -2.7 -2.7 -2.7 -2.7 -2.7 -2.7 -2.7 -2.7 -2.7 -2.7 -2.7 -1.8 -1 -0.2 0.5 1.3 2.1 2.8 4 14.5 24 50.6 71.1 94.6 115.9 135.5 150.6 164.5 171.3 174.8 178.6 181.1 183.3 184.4 185.5 185.5 185.5 185.5 184.5 183.3 181.9 180.1 177.8 175.3 173 170.8 168.4 165.8 164.9 163.2 162.9 162.8 163.1 162.2 161.4 160.8 160.8 160.9 160.9 160.2 159.7 159.2 158 155.2 148.7 138.8 126.7 126.8 132.4 139.9 146.8 151.2 153 153.5 152.9
-2.7 -2.7 -2.7 -2.7 -2.7 -2.7 -2.7 -2.7 -2.7 -2.7 -2.7 -2.7 -2.7 -2.7 -2.7 -2.7 -2.7 -2.7 -1.5 -0.8 0 0.8 1.5 2.3 3.1 6.8 16.4 21.4 53.6 74.4 97.2 118.7 139.4 154 165.8 172.1 176.5 180.4 183.3 185 185.9 186 186.1 186.2 186.4 185.9 184.9 184.2 181.6 179.8 176.8 174.2 171.7 170 168.4 167.5 166.8 167.1 167.2 167.4 166.5 165.4 164.6 163.8 164.1 164.2 163.1 162.4 161.8 159.6 156.8 151.4 144.6 133 122.5 122.6 126.8 133.4 139.4 142 142.5 143.3
-2.7 -2.7 -2.7 -2.7 -2.7 -2.7 -2.7 -2.7 -2.7 -2.7 -2.7 -2.7 -2.7 -2.7 -2.7 -2.7 -2.7 -2.2 -1.4 -0.6 0.2 1 1.8 2.5 3.3 10.2 17.7 33.5 54.3 78.1 100.8 122.4 143.3 157.8 168.2 173.4 177.6 181.9 184.1 185.5 186.5 187.4 187.5 187.6 188.1 187.7 186.7 186.5 184.2 181.5 178.9 176 174.1 173.1 172 171.2 171.7 171.9 172 171.5 170.3 169.1 168.2 167.1 166.2 166.3 165.7 164.5 162.5 160.4 158.2 154.2 147.4 140.5 131.6 122.6 119.4 122.2 127.2 131.4 134.7 137.5
-2.7 -2.7 -2.7 -2.7 -2.7 -2.7 -2.7 -2.7 -2.7 -2.7 -2.7 -2.7 -2.7 -2.7 -2.7 -2.7 -2.7 -2.1 -1.3 -0.5 0.3 1.1 1.9 2.7 4.2 15.5 19.5 40.6 57.6 82.7 106.2 127.6 146.7 160.7 170 174.4 178 181.2 183.7 185.9 187.1 188.4 188.9 189.3 189.8 189.6 188.9 188.7 186.9 184.2 181.9 179.9 178.5 177.2 176.2 176.4 176.6 176.7 176.2 175.4 174.4 173.1 171.4 170 168.7 167.4 166 164.7 162.9 160.9 158.8 154.9 150.5 144.8 137.6 129.4 122.6 115.9 119.3 122.5 125 129.8
-2.7 -2.7 -2.7 -2.7 -2.7 -2.7 -2.7 -2.7 -2.7 -2.7 -2.7 -2.7 -2.7 -2.7 -2.7 -2.7 -2.7 -1.8 -1 -0.3 0.5 1.4 2.2 3 4.2 17 20.8 42.5 60.7 86.7 111.2 132.5 149.8 163 170.1 173.9 177.4 180.1 182.5 185.2 187 188.5 190.1 191 191.6 191.5 191.1 191 189.6 186.9 185.2 183.9 182.8 181.6 181.1 181.1 181.1 180.8 179.9 178.4 176.4 174.6 172.1 170.2 168.8 167.6 166.3 164.9 163.1 161.3 159.3 155.5 151.7 146.9 141.1 135.9 129.8 122.7 114.9 116.1 120.2 124.5
-2.7 -2.7 -2.7 -2.7 -2.7 -2.7 -2.7 -2.7 -2.7 -2.7 -2.7 -2.7 -2.7 -2.7 -2.7 -2.7 -2.7 -1.6 -0.8 0 0.8 1.6 2.3 3.1 8.3 13.1 29.9 44.9 66 91.8 115.2 135 150.4 162.6 168.1 172.9 176.5 178.9 181.3 184.1 186.7 188.4 190.3 192.2 193.3 193.4 193.3 193.2 192.2 190.1 188.4 187.4 186.5 185.3 185.3 185.1 184.2 182.9 181.6 180.1 177.8 175.9 172.9 170.7 169 167.8 166.6 165.2 163.3 161.5 159.8 157.1 152.8 148.4 144 139.8 134.9 128.8 119.7 112.9 115.3 118.7
-2.7 -2.7 -2.7 -2.7 -2.7 -2.7 -2.7 -2.7 -2.7 -2.7 -2.7 -2.7 -2.7 -2.7 -2.7 -2.7 -2 -1.3 -0.6 0.2 1 1.8 2.6 3.2 14.9 14.6 32.7 49.5 73.9 97.8 120.4 139.8 154.3 161 164.5 167.8 171.5 176.1 180.1 182.3 184.9 187.9 190.1 192.2 194.1 195 195.3 195.4 194.2 193.3 191.8 190.9 189.9 188.7 187.7 186.8 185.9 184.5 183.1 181.7 179.4 176.7 173.7 171.4 169.3 167.7 166 164.7 164.3 163.2 161.1 158.2 154.8 150.7 146.6 142.2 137.6 131.8 123.5 115.7 111.1 111.2
-2.7 -2.7 -2.7 -2.7 -2.7 -2.7 -2.7 -2.7 -2.7 -2.7 -2.7 -2.7 -2.7 -2.7 -2.7 -2.7 -1.7 -1 -0.3 0.5 1.2 2 2.8 4.3 16.4 19.7 38.7 55.1 79.2 103.9 126.6 143.1 152.6 155.3 158 162.7 166.5 171.1 175.9 179.1 182.2 185.7 188.7 190.9 193.2 194.8 195.1 195.6 195.3 194.9 194.5 193.5 192.4 191.4 190.2 189 187.3 185.2 183.2 180.9 178.5 176.6 174.2 171.3 168.4 165.5 164.1 163.2 163 162.5 161.7 159.4 156.8 153.5 149.5 144.6 139.7 134.6 128.7 122.5 115.2 109.8
-2.7 -2.7 -2.7 -2.7 -2.7 -2.7 -2.7 -2.7 -2.7 -2.7 -2.7 -2.7 -2.7 -2.7 -2.7 -2.2 -1.4 -0.7 0 0.8 1.5 2.2 3 7.7 11.2 20.6 42.6 60.2 84.7 109.8 130.2 142.1 146.8 146.7 149.8 156.1 161.5 166.2 171 176.3 179.6 183 186.5 189.5 192 194.5 195.1 195.5 196.1 195.7 195.2 194.5 193.5 192.2 190.8 188.9 186.6 184.4 182.2 179.7 177.3 175.3 172.8 169.9 167 164.2 161.5 160.3 160.5 161 161.6 160.8 158.3 156.1 152 147.3 143.4 139.9 136.2 131.5 124.7 117.5
-2.7 -2.7 -2.7 -2.7 -2.7 -2.7 -2.7 -2.7 -2.7 -2.7 -2.7 -2.7 -2.7 -2.7 -2.7 -1.9 -1.2 -0.5 0.3 1 1.8 2.5 3.4 15.7 12.5 22 48.3 64.1 88.2 109.8 126.7 136.4 136.7 135.2 139 146.1 153.3 160 166.3 172.9 176.7 180.5 184.2 187.9 190.3 192.7 194.4 194.8 195.5 196 195.6 194.9 193.7 192.2 190.3 187.9 185.7 183.5 181 178.5 176.2 173.8 171.2 168.2 165.2 162.1 159.1 157 157 157.6 158.8 159.7 159.5 157.1 154.9 152.8 149.3 146.7 143.1 139.6 134.1 127.3
-2.7 -2.7 -2.7 -2.7 -2.7 -2.7 -2.7 -2.7 -2.7 -2.7 -2.7 -2.7 -2.7 -2.7 -2.7 -1.7 -1 -0.2 0.6 1.3 2.1 2.8 5 13.9 13.8 34.2 54.1 69.8 91.4 109.4 122.4 124.4 121.4 123.6 129.6 136.5 145.3 154.4 161.6 169.1 174.5 179 182.9 186.2 188.5 190.8 193.2 194.3 195 195.8 195.8 195.1 193.6 191.8 189.2 186.8 184.3 181.7 179 176.6 173.9 170.9 168 165 162 159 156.1 153.1 153.5 154.9 156.1 157.2 157.7 157.7 155.3 153.8 152.4 150.4 148.2 145.7 141.7 136.6
-2.7 -2.7 -2.7 -2.7 -2.7 -2.7 -2.7 -2.7 -2.7 -2.7 -2.7 -2.7 -2.7 -2.7 -2.7 -1.5 -0.7 0.1 0.8 1.6 2.3 3.1 9.3 16.1 12.9 44.1 62.4 76.9 94.8 109.1 111.5 107.6 108 124.3 135.5 142.8 146.8 152.2 160.6 167.4 172 176.7 181.6 184.8 187.3 189.9 192.5 194.1 194.8 195.4 195.8 194.5 193 190.5 188.2 185.2 182.3 179.2 175.9 173.1 170.5 167.8 164.8 161.8 158.9 155.9 152.9 150.1 150 151.6 153.4 154.8 155 154.7 153.8 152.7 152.2 151.4 150 148.3 145.3 141.3
-2.7 -2.7 -2.7 -2.7 -2.7 -2.7 -2.7 -2.7 -2.7 -2.7 -2.7 -2.7 -2.7 -2.7 -2 -1.2 -0.4 0.4 1.1 1.9 2.7 4.1 16.9 17.4 24.2 52.7 71.1 85.9 92.8 94 91.1 99.6 117.1 131.5 139.4 145.7 150.1 155.4 162 167.4 172.5 177.5 181.5 184 186.8 189.4 192 193.8 194.7 195.5 194.9 193.6 191.1 188.7 185.8 182.3 179.1 175.8 172.5 169.7 167 164.4 161.6 158.7 155.7 152.7 149.9 147.1 145 147 148.7 150.6 151.1 150.8 150.2 149.5 148.4 146.7 146.2 145.9 145.6 144.2
-2.7 -2.7 -2.7 -2.7 -2.7 -2.7 -2.7 -2.7 -2.7 -2.7 -2.7 -2.7 -2.7 -2.7 -1.8 -0.9 -0.2 0.6 1.4 2.2 3 5 18 18.9 42.6 60.6 76.4 79.8 75.8 79.9 94.3 109.6 125.9 136.1 142.2 148.5 153.6 158.7 163.2 168.4 173.3 177.4 180.6 183.2 186 188.7 191.5 193.5 194.3 194.9 193.6 192.1 189.3 186.3 182.8 179.3 175.6 172.3 169 166.2 163.6 160.9 158.3 155.5 152.5 149.6 146.9 143.9 141 141.5 143.6 145.9 146.8 146.7 146 144.6 143.2 141.9 140.8 141.1 141.9 142.1
-2.7 -2.7 -2.7 -2.7 -2.7 -2.7 -2.7 -2.7 -2.7 -2.7 -2.7 -2.7 -2.7 -2.7 -1.4 -0.6 0.2 1 1.8 2.5 3.5 11.9 16.6 35.5 42.6 61.1 66.2 61.9 77.2 92.1 107.5 125.3 134.3 140.3 146 151 155.6 160.1 164.4 169.3 173.1 177.2 179.8 182.4 185.1 187.9 190.3 192.2 192.9 193.2 192 190.2 187.4 183.3 179.8 176.2 171.7 168.5 164.8 161.6 159.4 157 154.6 152.2 149.4 146.4 143.4 140.7 137.5 137 139.1 141.2 142.7 142 140.5 139.1 136.8 134.8 133.3 135 136.2 134.3
-2.7 -2.7 -2.7 -2.7 -2.7 -2.7 -2.7 -2.7 -2.7 -2.7 -2.7 -2.7 -2.7 -1.6 -0.9 -0.2 0.6 1.3 2.1 2.9 4.6 16.9 17.6 29 33.3 49.7 57.4 72.7 89.1 107.8 122.9 134.8 139.6 144.9 150 153.5 157.1 161.4 165.7 169.4 173.1 176.4 179 181.5 184.1 186.3 188.5 190.3 191.3 191.6 190.3 188.3 185.4 181.2 176.7 172.7 167.9 163.8 160.1 156.3 153.8 151.9 149.5 146.6 145.8 143 140.2 137.4 133.8 130.9 134.1 136.6 137.9 136.3 135 133.1 129.2 125.2 121.9 121.4 120.6 118.7
-2.7 -2.7 -2.7 -2.7 -2.7 -2.7 -2.7 -2.7 -2.7 -2.7 -2.7 -2.7 -1.9 -1.2 -0.5 0.2 1 1.7 2.5 3.4 8.9 23.5 31.2 37.1 45.5 54 66.5 83.7 103.7 120.8 133.3 135.5 144.2 147.8 151.2 154.7 158.5 162 165.3 168.7 171.9 174.7 177.4 180 182.2 184.4 186.6 188.4 189.4 189.6 188.6 186.6 183.5 179.2 174.3 169.4 164.6 160.1 155.3 151.5 148.2 146.2 143.6 141.7 140.8 138.4 136 133.5 130 126.6 128.2 131.1 132.7 131 126.2 121.1 115.8 109.5 106.9 105.2 102.7 102
-2.7 -2.7 -2.7 -2.7 -2.7 -2.7 -2.7 -2.7 -2.7 -2.7 -2.7 -2.7 -1.5 -0.8 -0.1 0.7 1.4 2.1 2.9 4.1 12.3 22.5 32.5 40.3 50.5 63.7 78.4 96 112 125.6 134.6 140.1 144.7 148.5 151.7 154.9 157.9 161.3 164.3 167.2 169 172 174.9 177.7 180.3 182.5 184.7 186.5 187.4 187.2 186.6 184.8 181.6 177.1 171.7 166.8 162.5 158.3 152.7 147.6 143.5 140.5 138.4 136.2 134.6 133.1 131.1 127.8 126.2 123.1 122.7 124.3 125.5 115 112 108.4 104.6 102.9 100.4 98.4 97 94.2
-2.7 -2.7 -2.7 -2.7 -2.7 -2.7 -2.7 -2.7 -2.7 -2.7 -2.7 -1.9 -1.2 -0.4 0.3 1.1 1.8 2.5 3.2 10.3 22.7 30.3 34.9 47.4 63.8 76 91.2 107.2 117.9 126.2 133 137.5 142 146.3 149.6 153.4 156.3 159.4 162.3 163.7 166 169 172 174.9 177.8 180.7 182.7 184.5 185.4 184.8 184.3 182.6 178.8 174.7 170.1 165 160.7 156.6 150.8 148.9 146.5 143.7 140.3 136.6 133.5 130.3 127.3 125.3 122.7 120.7 119 116.3 114.3 112.9 112.1 112 110.4 108.8 106.9 105.1 102.5 99.3
-2.7 -2.7 -2.7 -2.7 -2.7 -2.7 -2.7 -2.7 -2.7 -2.7 -2.1 -1.5 -0.8 0 0.7 1.5 2.2 2.9 4.6 16.5 24 34.1 40 55.7 71.9 86 98.8 109.7 117.6 124.9 130.5 134.7 139.2 143.6 147.3 150.5 153.5 156.2 158.6 160 163.1 166.1 169 171.9 174.9 178 180.1 182 183 182.5 181.9 180.3 176.8 173.2 169.3 163.8 159.4 155.4 154.4 153.1 151 148 143.4 139.2 135.5 132.5 129.5 126.8 125.2 124 122.6 121.3 120.9 118.6 119 118 115.5 113.4 111.5 109 105.7 102.7
-2.7 -2.7 -2.7 -2.7 -2.7 -2.7 -2.7 -2.7 -2.7 -2.7 -1.7 -1 -0.3 0.4 1.1 1.8 2.6 3.5 10.4 20.5 31.6 38.4 48.2 60.3 74 87.3 100 108.9 117.4 122.9 128.1 132.1 136.6 139.7 143.1 146.3 149 151.7 154.7 157.1 160.1 163.1 166.1 169 172 175.2 177.4 179.4 180.7 180.4 179.8 178.4 175.4 172.1 168.4 164 160.4 158.7 158 156.9 154.9 151.7 147 142.4 139.2 135.6 131.9 130.1 130.3 130.5 128.7 129.4 129 127.7 125.8 123.6 121.6 118.1 115.9 112.9 109.7 106.3
-2.7 -2.7 -2.7 -2.7 -2.7 -2.7 -2.7 -2.7 -2.7 -1.9 -1.3 -0.6 0.1 0.8 1.5 2.2 2.9 4.7 18.4 27.7 34.6 41.8 51.5 62.8 75.1 87.4 97.6 106.7 113.8 120 125.7 128.4 132.8 135.4 138.9 142 144.6 146.9 149.9 153.9 157.1 160.1 163.2 166.1 169.3 172.5 174.6 176.8 178.3 178.5 178.5 177.3 174.7 171.9 167.3 165.3 163.7 162.6 161.5 160.2 158 155.6 151.1 146.1 143.5 140.3 136.3 134.6 135.8 137 137.7 138.8 137.2 135.4 133.5 130.7 127.9 125.1 121.3 118.2 114.8 111.7
-2.7 -2.7 -2.7 -2.7 -2.7 -2.7 -2.7 -2.7 -2.2 -1.5 -0.8 -0.2 0.5 1.1 1.9 2.6 3.4 6.1 19.6 31.2 37 45.9 55.7 65.6 76.5 86.6 96.7 105.9 112.3 118.1 122.1 125.7 128.1 131.2 134.2 136.3 138.8 141.6 145.5 149.9 153.5 157 160.2 163.3 166.7 169.7 171.9 174 176 176.7 177.4 176.6 174.8 172.6 169.5 168.4 167.1 165.7 164.4 162.8 160.9 158.7 155.7 152.4 150 145.8 142.1 141.4 142.8 144 145.9 145.7 143.9 141.9 140 138.2 135.5 132.9 129.1 124.8 121 117.2
-2.7 -2.7 -2.7 -2.7 -2.7 -2.7 -2.7 -2.7 -1.7 -1.1 -0.4 0.2 0.9 1.5 2.2 2.9 4.5 14.6 23.7 31.3 38.2 48.2 59 69.3 78.9 87.5 96.7 104.6 110.4 114.7 118.1 121.4 123.7 125.8 127.5 129.5 132.6 136.3 141.1 145.5 149.1 152.7 156.2 160.6 163.9 167.2 169.5 171.7 174.3 175.8 176.2 175.4 174.5 172.9 170.9 170.6 168.7 166.5 165.1 163.3 161.7 160.3 158.9 157.5 155.8 154.2 152 151.5 150.9 151.4 152 150.8 149.4 147.5 145.7 144 141.9 138.5 135.4 131.3 127.6 124
-2.7 -2.7 -2.7 -2.7 -2.7 -2.7 -2.7 -1.9 -1.2 -0.6 0 0.7 1.3 2 2.6 3.6 12.4 23.1 30.5 36.2 42.7 52.5 63 72.4 81 88.6 95.4 102.8 107.4 110.3 113.3 116.4 118.2 120.3 121 123.4 126.8 131.6 136.8 140.8 144.4 147.9 152.1 157.1 161.3 164.8 167.3 169.8 172.4 174.8 175 174 172.9 172.8 171.3 170.5 168.8 166.7 165.5 164 162.6 161.2 160.1 159.6 158.6 157.6 156.9 156.4 156.3 155.7 155.1 154.3 153.3 152.7 151.3 149.3 147 143.8 140.3 136.8 133.2 130.2
