data/240000-780000.asc
ncols 200
nrows 200
xllcorner 240000
yllcorner 780000
cellsize 50
[rows 70 to 104 of 200, columns 78 to 155 of 200]
742.5 739.7 732.9 725 718.9 710.8 712.3 722.4 734.8 754.6 776 791 801.8 813.6 821.1 821.4 824.2 828.3 829.9 833.7 823 809.1 797.2 778.3 765.6 738.7 715 686.1 661.1 621.8 600.4 571.2 548.1 516.1 495.5 471.6 458.3 441.8 428.2 413.7 403 391.9 386.4 378.3 367.1 359.9 354.9 352.6 354.7 358.3 359.1 356.2 356.6 359.7 361.5 362.7 362.3 360.8 359.2 362.2 365.9 366.6 363.1 352.5 346.1 342.3 340.9 344.4 341.2 331.6 334.9 330.8 312.3 299 288.8 280.9 278.7 273.7
738.7 733.9 726.6 720.1 714.1 709 699.1 707.8 719.7 734.1 755.6 771 781 795.7 805.2 807.5 808.7 807.4 810.3 819.7 810.6 796 797.8 779.8 760.4 732.7 695.4 657.7 629.2 596.6 571.8 549.5 521.9 497.2 476.9 459.1 443 428.3 416.8 406.4 400.1 386.1 372.6 369.9 365.5 361.8 365.6 367.9 370.1 370.3 367.8 367.5 369.5 367.8 369.5 370.5 369.3 368.1 367.3 373.9 378.3 379.4 372.8 358.2 350.9 348.3 345.1 340.9 341.1 343.1 343.1 334.5 309.4 292.2 284.4 278.7 276.7 269.1
734.4 728.4 722.8 717.1 711.5 706.5 697 692.3 706.3 715.8 733.8 752.2 762 772.3 787.6 787.7 786.9 785 791.8 802.4 796.3 791.5 788.7 768.4 741.3 714.4 679.3 641.2 599 567.4 538.6 514.3 497.7 476 460.6 443.8 427.5 415.5 406 398.8 391.7 382.5 371.9 370.2 372.6 377.3 384.2 379.5 375.9 375 378 379.4 381.1 379 378.9 377.8 375.2 375 377.3 391 393.4 394.3 372.9 354.3 350.4 350.3 352 348.3 349.1 350 343 327.6 305.5 288.1 280.5 275.5 269.4 261.6
730.8 724.8 718.7 712.4 707.8 702.2 695.1 679.8 688.2 697.8 711.6 730.6 745.1 757.5 769.7 768.4 767.5 769.6 779.1 786.8 783.8 782.1 768.3 748.5 717.7 686.6 652 609.3 571.7 538.8 515.9 497.3 477.5 460 443.6 428.2 415.4 406 397.4 388.1 379.8 374.4 372.4 380.1 386.4 390.5 391.1 381.5 379.3 383.9 388.1 391.4 393.4 393.6 391.6 385.5 384.9 386 392.8 398.9 395.8 386.5 369.5 349.7 351.2 354.2 354.8 351.8 352.9 348 338.7 323.4 303.8 283.7 274.7 267.9 263.1 251.5
728.1 721.3 714.8 707.2 700.6 694.4 687.2 676 672.7 680.3 690.7 712.9 726.3 740 752.6 751.9 752.5 757.9 765 768.1 769.5 765.9 742.7 733.1 692.8 650.7 615.8 582.9 552.4 524.1 497.1 475.3 460.3 443.7 428.1 416.2 405.6 395.8 386.5 379.2 373.4 373.9 382.9 389 395.5 393.7 389.5 385.4 389.7 394.8 399.7 406.6 409.9 410.1 408.3 402 398.1 396 399.8 397.1 390.7 382.9 366.4 349.6 346.3 350.8 354.6 353.6 353.4 343.4 330.2 315.1 298.7 283.1 271.9 263.3 252.1 246.6
724.8 717.2 708.5 700.5 691.4 685.4 679.2 669 663.5 669.6 675.1 695 707 722.5 734.4 735.6 740.5 747.2 753.3 756.3 752.5 741.1 723.1 709.8 672.3 626.5 599.1 574.2 541.8 507.9 476.8 459.8 445.5 430.8 418.2 406.6 395.9 386.7 379.8 374.2 374.4 384.1 391.8 396.2 397.2 396.8 395.6 396.8 400.9 407.5 415.3 421.8 419.6 418.6 412.4 408.1 401 399 398.9 393.7 389.9 377.9 366.9 350 340.8 342.8 349.4 350 343.4 329.8 315.3 301.8 284.1 281.4 267.6 256.2 246.6 246.6
717.1 708.9 701.7 694.8 686.3 678.5 672.8 662.2 649.9 656.2 664.6 675.1 690.3 706.9 719.7 721.9 729.6 734.6 742.1 744.3 731.5 717.5 698.2 673.8 648.9 612.9 583.6 559.4 522.8 488.8 464.9 446.6 432.7 420.7 408.1 397.6 385.9 377.8 374.2 380.6 386.3 392.5 399.1 398.1 398.5 402.7 403.5 405.6 410.6 417.5 423.1 422.7 420.5 418.8 408.8 402.5 399.5 397.5 393.9 390.3 385.3 373.5 358.9 346.5 340.5 339.8 334.7 334.9 329.2 321.2 303.1 290 286 277.3 260.2 246.6 246.6 246.6
707.9 701.4 694.9 688.5 680.8 672.3 664 656.5 646.4 646.3 655.2 664.9 677.3 691.1 706 711.4 717.4 721.8 727.6 723.9 709.5 690.9 658.7 642.7 624.9 598.3 568.2 540.7 504.6 474 452.6 437.2 423.2 410.2 395.7 386.2 379.4 375.3 381 390.6 394.5 399.3 401.3 400 406.9 410.7 410.5 413.4 418.2 420.4 420.5 418.1 415.6 409.7 401.3 395.3 394.8 390 389.4 380.3 369.9 360.4 347 338.6 340.3 339.4 330.4 322.4 318.4 306.7 290.8 284.7 277.6 265.9 249.3 246.6 246.6 246.6
704.5 696.8 689.8 681 673.6 665.1 656.5 648.7 643.7 631.6 645.6 657.9 664.5 678.9 689.3 696.9 704.9 708.7 713.9 704 689.3 668.7 649.3 632.2 623.3 586.3 550.1 515.8 483.7 459.5 441.6 429.6 411 397.4 387.2 381.1 377.7 379.5 386.1 395.7 401.5 404.4 401.6 406.9 412.7 418.2 418.7 419.8 418.6 418.7 416.1 412.4 407.8 400.1 392.8 388 387.9 381.2 379.6 374.3 364.7 350 335.7 332.9 335.3 332.4 323.7 306.8 300.3 290 283.1 271.3 260.8 246.6 246.6 246.6 246.6 246.6
701.1 691.1 683 674 665.4 657.8 649.3 641.3 633.5 622.5 631.1 641.5 651.3 666.1 674.1 683.3 691.9 695.2 698.8 704.3 694.3 675.5 643.4 624.2 612.6 564.2 536.2 491.6 465.2 448 433.5 414.2 398.6 387 381.5 379.3 378 379.8 391 399.7 401.8 401.3 407.3 411.9 414.3 417.3 417.8 413.5 413.1 412.6 407.9 403 396.9 389.8 384.2 380.7 380.4 374.6 371.2 364.9 352.6 342 331.7 330 330.4 325.3 316.4 301.2 286 280.9 268.9 255.3 246.6 246.6 246.6 246.6 246.6 246.6
699.6 687.2 675.4 666 656.9 648.9 643.5 635.5 626.6 617.9 619.1 629.1 640.4 653 662.4 670.3 677.7 686.9 690.3 695 686.5 662.8 628 612.2 587.3 545.8 508.1 473.5 451.9 435.6 420.4 402.7 389.3 383.1 380.6 379.1 380.3 384.7 394.2 399.5 399.7 402.9 410 411.4 411.5 410.9 409.3 406.7 406.4 400.5 395.9 392.5 387.7 380.5 376.5 372.2 368.7 364.9 361.4 353.7 340.8 332.8 325.4 319.1 315.9 315.6 302.5 286.2 274 259.5 249.6 246.6 246.6 246.6 246.6 246.6 246.6 246.6
694.3 679.4 667.7 658.3 649.7 643.2 637.7 630.5 623.2 607.2 617.9 624.1 634.2 646.3 657.7 664.7 674.3 681.2 677 677.9 662.5 624.9 599.4 582.4 549.7 525 479.5 452.4 434.9 421.6 403.1 392.7 386.3 382.2 381.4 382.3 386 390.5 394.3 398.8 402.3 408 409.7 409.3 408.2 404.9 402.3 399.4 397.4 390.8 386.9 382.3 378.9 374 369.8 366.4 362 355.7 350.8 342 335.2 327.5 313.7 310.2 302.3 294.6 282.6 268.2 250 246.6 246.6 246.6 246.6 246.6 246.6 246.6 246.6 246.6
691.1 674.2 661.5 652.4 645.1 638.3 632.5 628 619.5 600.3 604 616.8 629.6 644.5 657.6 660.9 670.9 669.1 660.7 648.4 616.2 589.1 575.2 549.1 516.7 488 459.5 435 421.1 407.2 395.2 387.8 386.7 386 383.8 388.1 389.5 390.6 393.6 397.8 400.8 405 405.2 403 399.6 398.1 393.9 389.6 388 382.5 377.1 375.2 372.6 365.5 359.1 357.8 352.5 343.3 339.8 333.8 329.8 319.2 306.7 301.4 285.9 282.2 265.6 246.6 246.6 246.6 246.6 246.6 246.6 246.6 246.6 246.6 246.6 246.6
686.9 671.1 658.7 649 640.6 633.8 626.9 619.5 610.1 595.7 595.5 611.3 625.5 642.9 654.1 653.9 656.2 658.5 639.6 613.7 593.7 561.7 544.8 534.4 496.7 464.6 440.4 422.7 408.3 397.6 390.8 387.3 386.2 385.3 385.3 388.4 390 390.2 390.8 394.5 398.1 400.2 399.4 395 394.2 392 385.4 379.9 377 372 369.6 369.3 361.4 355.4 351.3 346.3 338.6 332.7 326.5 328.4 322.9 304.7 292.3 284.6 276 263.3 246.6 246.6 246.6 246.6 246.6 246.6 246.6 246.6 246.6 246.6 246.6 246.6
682.7 667.3 654.3 645.2 636.8 629.9 622.4 607.7 599.6 580.8 592.4 606.8 620.1 637.5 648.6 650.1 640.6 636 612.2 585.2 560.5 531.9 521.1 489.6 463.8 439 419.6 406.5 399.8 393.3 388.6 387 387 385.4 384.5 385.3 386.7 389.2 390.4 391.6 394.4 395.5 393.2 388.1 387.2 383.5 375.8 369.5 365.8 361.4 361.9 360.4 351.5 345.1 341.2 336.2 330.6 325.6 319.6 313.6 305 287.2 282.1 268.5 248 246.6 246.6 246.6 246.6 246.6 246.6 246.6 246.6 246.6 246.6 246.6 246.6 246.6
678.9 663.3 650.1 640.3 631.7 623 613.1 601 587.7 568.4 583.4 601.2 614 632.3 641.1 638 622.7 600.5 569.4 540.6 521.3 502.7 491.3 462 435.7 417.1 400.7 396.1 393.4 391.4 388.3 387.1 387.6 387.9 384.8 381.1 382 384.4 387.5 388.2 386.1 385.5 383.1 381.8 380.2 370.7 366.3 360.5 354.3 350.7 352.7 349.7 342.9 337.4 334.5 330.1 323.3 316.5 313.1 302.4 283.5 279.1 263.5 246.6 246.6 246.6 246.6 246.6 246.6 246.6 246.6 246.6 246.6 246.6 246.6 246.6 246.6 246.6
680.1 660.4 645.8 632.9 622.1 611 600.7 592 571 559.3 576.6 592 607.4 623.5 629.5 625.3 600.5 574.1 543.8 513.8 484.5 473.9 452.9 433.6 416.5 399.4 394.2 394.7 393.8 388.8 388 387.3 387.4 385.7 381.5 379.6 380 380.4 380.6 378.3 375.2 373.8 373.6 371.1 365.3 358.9 356.8 351.9 345.5 341.9 343.4 340.1 336.4 332.2 329.1 323.6 318.5 306.7 299 284.8 279 260.2 246.6 246.6 246.6 246.6 246.6 246.6 246.6 246.6 246.6 246.6 246.6 246.6 246.6 246.6 246.6 246.6
673.3 658 638.1 623.3 609.4 596.8 589.9 574.7 563.5 549.2 569.9 583.2 594.9 616.4 615.4 606.4 571.9 547.5 522.8 484.5 458.2 443.5 426 413.7 398.4 391.5 386.4 390.1 389.3 384.3 386.7 387.2 385.3 379.2 376.8 374.8 377.4 376 371.8 370.6 366.7 364.3 363.5 357.5 353.2 350.3 348.2 344.7 339.7 335.7 333.2 332.2 329 327.6 322.4 313.8 304.5 296.9 284.5 280.5 268.2 248.3 246.6 246.6 246.6 246.6 246.6 246.6 246.6 246.6 246.6 246.6 246.6 246.6 246.6 246.6 246.6 246.6
668.4 646.5 630.1 613.5 596.9 581 573.2 562.8 548.6 541.4 568 573.2 580.3 600.6 595.6 580.9 553.2 526.9 488.7 463.1 430.3 423.5 410.9 401.4 393.2 389.4 380.5 378.9 380.6 379 381.2 381.4 378.7 376.2 372.7 370.3 369.2 366.6 361.6 360.4 360.8 356 349.9 344.5 341.6 340.7 340.6 337.5 332.5 325.5 323.3 323.9 321.9 319.1 312.1 302.9 293.7 286.7 282 272.5 265.5 249.4 246.6 246.6 246.6 246.6 246.6 246.6 246.6 246.6 246.6 246.6 246.6 246.6 246.6 246.6 246.6 246.6
660.5 637.8 618.8 600.9 583.3 566.7 560.3 549.1 534.5 535.4 554.8 557.5 568.5 587.4 573.2 555.5 527.6 500.9 455.2 432 415.2 409.1 409 397.8 391.6 387.7 380 375.7 373.2 371.7 375.6 372.6 373.2 372.3 368.2 363.5 359.3 356.1 354.7 357.4 350.3 341.7 333 335 334.9 332.8 332.9 329.4 319.6 318.3 318.5 313.9 313.5 307.4 299 291.1 286.7 281.8 274.5 269.5 261.9 246.6 246.6 246.6 246.6 246.6 246.6 246.6 246.6 246.6 246.6 246.6 246.6 246.6 246.6 246.6 246.6 246.6
653 628.2 608.2 587.5 568.6 554.5 545.4 536.4 521.4 528.1 539.4 542.9 551.9 565.5 541.6 518.2 493.3 467.9 437.4 419 408.1 406.7 409.9 392.3 385.6 380.9 379.7 373.8 367.1 364 368.4 368.4 369.1 364.9 361.3 356.2 351.9 350.3 349.5 347.9 343.3 335 328.4 329.8 328.5 326.2 323.3 319.9 309.7 309.5 308.5 305.3 298.1 290.3 288.8 287.4 282.6 278.6 271.6 261.8 246.6 246.6 246.6 246.6 246.6 246.6 246.6 246.6 246.6 246.6 246.6 246.6 246.6 246.6 246.6 246.6 246.6 246.6
641.6 620.9 600.1 576.7 553.6 537.9 529.5 524.4 510.1 516.9 529.2 531 537.9 529.9 513.4 491.9 464.8 438.5 422.3 410 400.6 396.3 391.8 383.3 375.8 374.2 375.6 371.4 360.1 359.5 363.4 364 359.8 354.8 352.6 350.4 346.4 345.4 345.4 344.8 334 330.5 319.8 317.8 319.7 318.9 314.2 310.6 306.9 304.5 299.4 297.9 291.2 285.9 286 283.2 276.5 270 256.7 246.6 246.6 246.6 246.6 246.6 246.6 246.6 246.6 246.6 246.6 246.6 246.6 246.6 246.6 246.6 246.6 246.6 246.6 246.6
631.4 612.4 591.6 566.8 537.7 523.4 517.8 510.3 497 511.3 518 519.3 525.1 513.5 493.1 467.2 438.9 425 414.1 410.4 407.5 399 384.3 375.9 368.9 363.4 369.2 360.6 353.9 355.5 353 357.7 348.2 344.6 343.6 340 338.2 339.5 340.3 338.3 336.6 326.8 317.1 310.7 307.9 310 307.9 304.6 301 299 288.9 283.5 280.7 282.9 282.4 276 270.3 260.4 246.6 246.6 246.6 246.6 246.6 246.6 246.6 246.6 246.6 246.6 246.6 246.6 246.6 246.6 246.6 246.6 246.6 246.6 246.6 246.6
623.6 597.2 575.9 553.4 522.8 507.3 502 496.8 486.9 506 509.9 509.4 506.8 487.8 457.7 436.4 426.3 422.4 413.9 410.3 406.7 398.2 382.9 374.5 368.2 359.5 352.3 343.2 339.7 345.3 340.4 340.3 336 335.1 333.7 328.9 330.5 332 332.4 331.3 331 326.4 313 304 300.1 299.7 297.7 296.1 290.6 284.2 276.7 273.4 273.2 276.6 271.6 264.3 251.1 246.6 246.6 246.6 246.6 246.6 246.6 246.6 246.6 246.6 246.6 246.6 246.6 246.6 246.6 246.6 246.6 246.6 246.6 246.6 246.6 251.7
605.9 584.6 568.4 543 511.3 493.4 489.8 484.6 480.1 495.6 508.6 495.9 484.2 450.6 435.7 427.3 424.3 427 415.8 406.7 401 391.3 377.5 369.2 369.6 358.2 349.3 341.2 331.7 325.4 325.8 324 327.1 326.5 325.1 324 323 324.6 324.7 326.6 321.3 317.8 311 304.9 294.4 291.5 288.4 286 281.3 276.1 270.7 268.7 267.6 264.6 261.5 248.4 246.6 246.6 246.6 246.6 246.6 246.6 246.6 246.6 246.6 246.6 246.6 246.6 246.6 246.6 246.6 246.6 246.6 246.6 246.6 246.6 252.5 260
598.6 583 564 531.4 504 481 476.3 471.2 471.7 479.4 486.1 465.1 448.3 434.7 430.8 427.6 426.1 421.5 410.4 399.8 395.4 387 375.2 361.3 363.5 357.9 351.6 344.7 333.2 318 311.1 311.1 313.6 313.5 313.1 313 312 315 315.5 316.6 314.3 312.2 304.8 298.5 287.8 283.4 280.6 277.7 273.6 268.9 265 261.4 261.6 254.6 246.6 246.6 246.6 246.6 246.6 246.6 246.6 246.6 246.6 246.6 246.6 246.6 246.6 246.6 246.6 246.6 246.6 246.6 246.6 246.6 246.7 259.2 261.9 267.1
594.8 576.5 557.8 518 493.3 475.7 466.4 459.7 461 466.2 457.2 445 441.1 436.9 431 426.1 424.3 415.4 404.7 393.5 386.5 381.7 370.4 359.3 353.7 352.7 346.4 335.5 326.9 316.1 302.6 302.3 304.4 305.6 304.6 300.8 301.1 305.7 306.7 308.3 307.6 302.6 290.2 288.6 282.3 280.4 273.7 270.1 265.4 260.8 260.7 251.9 248 246.6 246.6 246.6 246.6 246.6 246.6 246.6 246.6 246.6 246.6 246.6 246.6 246.6 246.6 246.6 246.6 246.6 246.6 246.6 246.6 246.6 258.2 265.2 268.9 274.1
579.6 562.9 534.3 507.6 487.5 469.4 458.4 453.5 453.1 455.5 453.7 447.9 443.5 434.3 430.2 423.4 419.4 407.8 396.8 386 378.8 375.8 365.4 350.4 342.9 340.8 334.1 328.4 321.3 311.7 298 291.1 298.9 297.9 300.5 290.5 295.5 299.8 300.8 300.3 295.4 286.7 288.3 286.2 283.3 281.3 268.9 260.1 257.2 257.6 253.8 246.6 246.6 246.6 246.6 246.6 246.6 246.6 246.6 246.6 246.6 246.6 246.6 246.6 246.6 246.6 246.6 246.6 246.6 246.6 246.6 246.6 251.9 257 262.9 271.5 276.2 281.2
559.3 541.8 521.8 499.9 477.5 464.3 449.9 447.6 446.5 450.5 453.3 451.1 432.7 423 416.9 416.4 411.5 399.2 387.9 378.5 367.8 362.7 351.1 341.3 336.3 334.2 331.2 325.1 317.1 304.5 293.1 287.4 284.8 292 293.5 286 289.8 294.1 298.9 292.3 281.5 276.9 279.8 278.9 279.5 268.8 256.4 247 246.6 246.6 246.6 246.6 246.6 246.6 246.6 246.6 246.6 246.6 246.6 246.6 246.6 246.6 246.6 246.6 246.6 246.6 246.6 246.6 246.6 246.6 246.6 257.6 262.3 264.5 268.6 275.3 281.5 284.6
544.3 540.1 513.5 485.2 469 455.4 441.6 438.2 444.6 450.8 453.4 437.1 415.3 406 405.7 406.2 397.4 386.5 375.7 365.4 356.8 350.5 340.2 329.4 330.1 330.2 330.3 318.2 306.5 295.9 288.4 282.8 273.8 286.2 285.2 280.7 281.3 286.2 286.9 286.5 274.9 270.2 270.5 269 258.4 252.8 252.7 246.6 246.6 246.6 246.6 246.6 246.6 246.6 246.6 246.6 246.6 246.6 246.6 246.6 246.6 246.6 246.6 246.6 246.6 246.6 246.6 246.6 246.6 246.6 257.4 264.7 270.6 271.1 273 277.2 282.1 288
530.6 522.5 493.4 470.5 456.2 444.5 432.5 432.7 442.1 450.2 440.5 417 396.3 395.9 398.3 393 379.1 368.2 362.7 357.5 349.8 343.1 333.5 325 327.1 326.2 321.2 308.8 298.6 291.1 283.7 276.8 268.9 268.7 270 270.7 271.6 273.5 274 271.9 266.4 263.1 258.5 251.9 246.6 246.6 246.6 246.6 246.6 246.6 246.6 246.6 246.6 246.6 246.6 246.6 246.6 246.6 246.6 246.6 246.6 246.6 246.6 246.6 246.6 246.6 246.6 246.6 246.6 254.7 260.3 266.8 271.3 277.4 277.3 280.8 285.3 294.1
505.2 485.2 465.3 449.9 443.9 436.1 424.4 429.9 441.3 443.7 424.5 402.1 387.6 386.1 387.9 383 369 362 352 347.2 344.3 341.2 327.3 320.5 321.8 322 309.1 299.1 291.8 285 278.1 269.8 262.6 259.2 252.9 257.4 258.2 257.7 257.9 256.6 255.7 250.5 246.6 246.6 246.6 246.6 246.6 246.6 246.6 246.6 246.6 246.6 246.6 246.6 246.6 246.6 246.6 246.6 246.6 246.6 246.6 246.6 246.6 246.6 246.6 246.6 246.6 247.9 252.3 257.8 264.6 270.8 274.9 280 284.5 287.3 291.7 301.3
470.9 458.7 448.4 444.4 437 425.6 418.3 425.1 422 416.6 405.8 390.8 376.9 377.4 372.3 364.5 359 349.1 341.9 337.4 338 335.7 320.1 315.4 318 312.1 299.5 291.9 283.9 277.4 268.9 260 249.5 246.6 246.6 246.6 246.6 246.6 246.6 246.6 246.6 246.6 246.6 246.6 246.6 246.6 246.6 246.6 246.6 246.6 246.6 246.6 246.6 246.6 246.6 246.6 246.6 246.6 246.6 246.6 246.6 246.6 246.6 246.6 246.6 250.5 254.4 256.8 259.2 263.7 270.1 274.4 280.2 281.7 290 296.1 300.3 306.9
449.9 446.8 440.9 436.9 425.4 416 411.4 411.1 406.6 405.6 389.6 371.1 366.1 363.6 359.4 354.6 348.5 339.1 332.5 328.6 324.5 319.6 312.4 307.1 305.8 300.9 293.2 286 277.8 268.5 257 246.6 246.6 246.6 246.6 246.6 246.6 246.6 246.6 246.6 246.6 246.6 246.6 246.6 246.6 246.6 246.6 246.6 246.6 246.6 246.6 246.6 246.6 246.6 246.6 246.6 246.6 246.6 246.6 246.6 246.6 246.6 246.6 250.1 257.4 258.2 259.7 261.2 263 265.3 270.9 277.3 284.7 290.2 295.4 300 304.4 323.4
441.1 437.1 433.6 423.1 410.6 405.7 393.5 389.4 386.6 381.8 366.7 357.9 354.8 352.7 349.4 345.2 340.4 332 326.6 321.2 318.1 314.1 307.2 300.3 295.4 294.8 288.5 280.8 270 259.1 246.6 246.6 246.6 246.6 246.6 246.6 246.6 246.6 246.6 246.6 246.6 246.6 246.6 246.6 246.6 246.6 246.6 246.6 246.6 246.6 246.6 246.6 246.6 246.6 246.6 246.6 246.6 246.6 246.6 246.6 246.6 246.6 249.7 256.7 262 263.1 264.1 265.6 266.2 269.3 274.7 282.6 289.4 293.6 299.3 304.9 312.7 334.9
