data/240000-910000.asc
ncols 200
nrows 200
xllcorner 240000
yllcorner 910000
cellsize 50
[rows 35 to 69 of 200, columns 78 to 155 of 200]
258.5 255.5 252.2 248.4 245.3 242.5 239.1 234.3 231 228 228.9 221.5 216.2 211.5 207.2 202.5 200.3 199.5 197.2 193.4 189.5 185.7 182.6 178.5 175.3 172.1 168.7 165.3 161.8 158.4 155 151.5 147.3 143.1 139.7 136.9 134.2 132.1 129.2 126.5 123.3 120.2 117 113.8 110.7 107.6 105 104.2 101.4 98.7 95.4 93.4 92.6 91.1 90.2 90.2 90.2 90.2 90.2 90.2 90.2 90.2 90.2 90.2 90.2 90.2 90.2 90.2 90.2 90.2 90.2 90.2 90.2 90.2 90.2 90.2 90.2 90.2
259.1 256.1 253 249.6 246.1 243.3 240 236.2 231.9 229.9 228 222.8 217.9 211.6 209.2 206.9 204.6 200.9 197.5 196 192.9 189.1 185.4 181.7 178.8 175.7 172.5 169.1 165.6 162.2 158.8 155 150.9 146.8 144.1 141.4 138.7 136.1 133.1 130.2 127.5 124.9 121.9 118.8 115.6 112.5 110 107.6 104.6 101.1 98.5 96.1 95.3 93 90.2 90.2 90.2 90.2 90.2 90.2 90.2 90.2 90.2 90.2 90.2 90.2 90.2 90.2 90.2 90.2 90.2 90.2 90.2 90.2 90.2 90.2 90.2 90.2
259.9 256.7 253.6 250.6 247.1 244.1 240.7 236.9 233.2 230 226.7 222.2 220.6 214.8 209.8 210 208.4 205 201.8 198.6 194.7 192.5 188.6 185.3 182.4 179.3 176.1 172.8 169.4 166 162.3 158.6 154.5 151.3 148.6 145.9 143.1 140.1 137.2 134.2 131.2 128.5 125.9 123.3 120.5 117.4 114.9 111.6 107.6 104.3 101.7 99 97.5 95.5 93.5 90.7 90.2 90.2 90.2 90.2 90.2 90.2 90.2 90.2 90.2 90.2 90.2 90.2 90.2 90.2 90.2 90.2 90.2 90.2 90.2 90.2 90.2 90.2
260.8 257.6 254.4 251.2 248.1 244.9 241.4 237.9 235.1 232.2 229.2 224.6 220.6 220.3 215.3 210.1 210.9 207.8 204.6 201.4 198.3 195.1 191.9 188.9 186 182.9 179.7 176.5 173.2 169.6 165.9 162.2 158.4 155.7 152.8 149.8 147 144.1 141.2 138.2 135.2 132.2 129.5 126.9 124.3 121.5 116.9 113.2 111 108.3 105.5 103.4 101.3 98.7 96.7 94.1 91.7 90.2 90.2 90.2 90.2 90.2 90.2 90.2 90.2 90.2 90.2 90.2 90.2 90.2 90.2 90.2 90.2 90.2 90.2 90.2 90.2 90.2
261.7 258.5 255.3 252.1 248.9 245.7 242.8 239.9 237.1 234.3 231.4 227.7 224.2 220.9 219.1 215.9 214.9 212 208.9 205.7 202.2 197.9 194.9 192.2 189.5 186.6 183.3 180.1 177.2 173.9 169.8 165.7 162.6 159.5 156.4 153.4 150.9 148.1 145.2 142.2 139.2 136.2 133.2 130.4 127.8 124.1 119.3 117 114.8 112.6 110.3 108 106 103 99.7 96.9 94.1 91.5 90.2 90.2 90.2 90.2 90.2 90.2 90.2 90.2 90.2 90.2 90.2 90.2 90.2 90.2 90.2 90.2 90.2 90.2 90.2 90.2
262.6 259.4 256.2 253 249.8 247.3 245.2 241.7 238.4 236.1 233.5 230.6 226.7 221.7 218.9 219.2 218.9 216.3 212.6 208.3 204 200.7 198.1 195.4 192.7 190 185.9 181.8 179.4 177.9 173.6 170.3 167.5 163.3 160.1 157.1 154.8 152.1 149.1 146.2 143.2 140.2 137.2 134.3 130.8 126.8 123.2 122.5 120.3 118.2 116.1 113.6 110.7 106.6 102.8 100.1 98.8 97.4 94.8 90.2 90.2 90.2 90.2 90.2 90.2 90.2 90.2 90.2 90.2 90.2 90.2 90.2 90.2 90.2 90.2 90.2 90.2 90.2
263 260.3 257.1 253.9 251.3 249.1 248.1 244.6 241.1 237.6 234.1 231.3 229.4 223.5 220 220.2 219.8 218.8 214.4 210.1 206.6 204 201.3 198.7 196.1 193.4 189.3 185.4 182.6 180.1 177.4 174.6 171.8 169.4 166.1 161.8 159.4 155.8 152 149.3 146.5 143.7 141 134.9 129.7 129.5 128.9 127.8 125.7 123.6 121.5 119.4 116.5 110.4 106.4 103.8 101.9 99.9 96.8 93.3 93 90.2 90.2 90.2 90.2 90.2 90.2 90.2 90.2 90.2 90.2 90.2 90.2 90.2 90.2 90.2 90.2 90.2
262.8 261.2 258 255.4 253.1 251.1 250.1 247.6 244.1 240.6 237 233.5 229.6 228 226.1 224.5 222.6 220.7 216.4 212.5 209.9 207.3 204.7 202.1 199.4 196.7 192.6 189 186.2 183.6 180.8 177.9 175.1 170.8 170 168.1 165.2 159.2 155.7 151.7 145.8 143 140.5 138.7 138.2 136.8 134 131.3 128.9 126.8 124.7 121.2 119.4 114.1 111.4 108.6 105.8 103.2 100.2 97.5 98.9 92.3 90.2 90.2 90.2 90.2 90.2 90.2 90.2 90.2 90.2 90.2 90.2 90.2 90.2 90.2 90.2 90.2
263.1 261.4 259.5 257.2 254.9 253.1 252 250.5 247 243.5 240 236.9 234 232.2 229.4 227.3 225.4 223.5 219.3 215.4 213.2 210.7 208 205.4 202.8 200.1 196.1 192.6 189.7 187 184.1 181.3 178.1 175 173.2 172.1 170.2 164.4 158.8 155.6 152.5 147.1 144 145.3 143.7 140.5 137.7 134.9 132.2 130 127.3 124.4 120.9 118.5 116.4 113.8 112.8 111.6 110.1 108.8 102.3 96.9 92.1 90.2 90.2 90.2 90.2 90.2 90.2 90.2 90.2 90.2 90.2 90.2 90.2 90.2 90.2 90.2
263.9 262.4 260.9 259 256.6 255.1 254 253 249.9 246.4 243.1 240 238.3 235.5 232.7 230.2 228.2 226.3 222.3 218.6 215.5 213.3 211.2 208.8 206.2 203.5 199.7 196.2 193.2 190.3 187.4 184.3 181.7 179.3 176.5 175.4 171.4 167.2 162.8 159.1 156.2 154.7 151.1 150.1 147.2 144.6 142.1 138.9 135.8 133.2 129.9 126.4 122.9 120.9 120.6 120 118.5 116.4 113.5 112.5 111.3 101 96.9 93.5 90.3 90.2 90.2 90.2 90.2 90.2 90.2 90.2 90.2 90.2 90.2 90.2 90.2 90.2
264.8 263.4 261.9 260.4 258.4 257.1 256 254.9 252.8 249.3 246.8 244.3 241.6 238.8 236 233.3 231 229.1 225.2 221.8 218.6 215.6 213.5 211.4 209.3 206.8 203.3 199.8 196.5 193.5 190.4 187.1 184.2 182.4 180.5 177.8 175.5 172.5 169.9 166.6 163.3 161.9 157.6 154.8 152.5 149.9 147.4 144.7 141.5 138.1 133.5 129.3 127.3 126.2 125.2 124.8 123.6 120.3 117.3 114.9 111.2 104.8 100.1 96.5 93.4 90.2 90.2 90.2 90.2 90.2 90.2 90.2 90.2 90.2 90.2 90.2 90.2 90.2
264.3 263.1 261.9 260.7 259.8 259.3 258 256.9 255.8 252.9 250.3 247.7 244.9 242 239.2 236.6 233.9 231.9 228.4 225.1 221.8 218.5 215.8 213.7 211.2 208.8 207.9 203.6 199.6 196.4 193.2 189.9 186.7 184.9 183.1 180.6 179.4 180.4 179.3 174.5 170.4 166.4 162.2 159.4 157.1 154.8 152.5 150.1 147.3 143.8 139.2 134.2 132.2 131.1 130 130 127.9 124.6 120.3 116.8 111.6 106.4 102.5 99.1 95.8 91 90.2 90.2 90.2 90.2 90.2 90.2 90.2 90.2 90.2 90.2 90.2 90.2
263.7 262.5 261.3 260.1 261 262.1 261.7 259.8 258 256.1 253.8 251 248.2 245.3 242.5 239.8 237.2 234.7 231.6 228.3 225 222 218.3 215.8 213.4 210.4 207.7 204.7 202.3 199.2 196 192.7 189.5 187.4 186.3 185 185.4 185.9 183.5 178.8 174.8 170.8 166.7 163.9 161.6 159.4 157.1 154.8 152.4 148.7 143.3 138.5 137.4 137.6 137 135.8 132.5 128.7 123.4 118.7 114 109.6 105 101.1 97.6 94 91.4 90.2 90.2 90.2 90.2 90.2 90.2 90.2 90.2 90.2 90.2 90.2
263.1 262 260.8 261.1 262.2 263.6 263.6 261.7 260.1 258.4 256.5 254.1 251.4 248.6 245.8 243.1 240.4 237.8 234.8 232.1 228.8 225.2 221.1 218.5 216 212.4 209.2 206.5 203.9 201.6 198.7 195.5 192.3 190.3 189.3 188.8 189.3 188.6 186.1 183.3 179.3 175.3 171.3 168.5 166.2 163.9 161.6 159 156.3 152.8 147.8 140.4 143.2 143.5 143.7 140.7 137.6 134.5 129.2 124.8 120.1 115.7 111.2 106.6 102.1 97.9 95.3 90.6 90.2 90.2 90.2 90.2 90.2 90.2 90.2 90.2 90.2 90.2
262.6 261.4 261.2 262.4 263.8 265.2 265.4 263.8 262.1 260.5 258.9 256.8 254.4 251.9 249 246.4 243.7 240.4 238.4 235.2 231.7 228.2 224 221.1 218 214.9 212.1 209.4 206.6 203.9 201.1 198.3 195.2 190.1 191.4 192.4 193 191.2 189.4 187.5 183.8 179.8 175.8 173 170.7 168.1 165.5 162.9 160.2 155.7 150 147.4 149.2 149.6 148.5 146.1 142.9 139.7 135.9 131.5 126.7 121.9 117.4 112.9 108.4 103.9 99.3 94 90.2 90.2 90.2 90.2 90.2 90.2 90.2 90.2 90.2 90.2
262 261.2 262.6 264 265.4 266.8 267.3 265.9 264.2 262.4 259.9 258.5 256.3 254.2 252 248.7 245.3 242.7 240 237.1 233.9 230.4 227 223.6 220.6 217.8 215 212.3 209.3 206 202.8 200.2 197.2 195 195.5 196.1 195.9 194.2 192.7 191 188.4 184.3 180.2 177.3 174.4 171.5 168.6 165.7 162.8 158.9 153.2 152.6 154.4 155.6 153.3 151 148.4 145.2 142 138.2 133.5 129.5 126.5 124 117.6 111.2 106.5 98.8 90.5 90.2 90.2 90.2 90.2 90.2 90.2 90.2 90.2 90.2
260.9 262.2 263.4 264.7 265.9 267.2 268.7 267.5 265.5 262.8 260.8 259.6 257.7 255.3 252.8 250.3 247 244.4 241.4 238.1 234.8 231.5 228.2 225.6 223.4 220.2 216.9 213.7 210.4 207.2 203.9 201 199.9 199.4 198.9 199.2 198.4 196.5 195 193.4 191.4 187 182.8 179.6 176.4 173.3 170.3 167.4 163.8 159.8 156.4 157.6 158.8 158.5 157 155 153 150.7 147.4 144.3 142.2 139.3 136.2 133.6 127.6 117.5 111.5 103.8 96.9 90.2 90.2 90.2 90.2 90.2 90.2 90.2 90.2 90.2
259.1 260.4 263.1 264.3 265.6 268.1 268.8 268.1 265.8 262.9 261.7 260.1 258.4 255.9 253.5 251 248.3 244.9 241.6 238.3 235.1 231.8 228.4 226 224.1 221.2 218.1 214.8 211.6 208.3 205.1 202.9 203.3 202.9 202.4 202.3 200.8 198.8 197.3 195.5 193.4 189.3 185.3 182.1 179 175.9 172.7 169.8 166.4 161.8 160.3 161.1 161.6 161.3 160.2 158.2 156.2 154.3 152.4 149.7 149.4 148.4 146.1 141.8 134.8 124.8 115.5 107.8 99.9 93 90.2 90.2 90.2 90.2 90.2 90.2 90.2 90.2
257.6 258.9 260.1 263.2 266.3 268 268.9 267.6 264.7 261.9 260.3 258.6 257.3 255.8 253.3 250.6 247.9 245.2 241.9 238.6 235.3 232 228.6 226.5 224.8 222.1 219 215.9 212.8 209.5 206.3 207.6 206.1 205.6 205.4 205.3 203.3 201.3 199.4 197.4 195.3 191.7 187.8 184.6 181.5 178.6 175.8 172.8 169.3 163.8 162.2 163.2 163.6 164.1 163.4 161.5 159.5 157.5 155.7 153.9 153.3 154.8 151.5 142.7 135.8 128.7 118.8 111.5 103.9 97.9 91.5 90.2 90.2 90.2 90.2 90.2 90.2 90.2
256 257.3 258.5 259 260.1 262.9 266 265.5 262.7 260.4 258.7 257 255.8 254.9 252.9 250.2 247.5 244.8 242.1 238.9 235.6 232.2 229 227.1 225.5 223.3 219.8 216.7 213.7 210.6 210 210.2 207.7 206 206.1 206.8 204.9 202.8 201.2 200.9 199.5 195.1 190.3 187.2 184 180.8 177.6 173.9 171.1 167.5 165.3 165.2 165.7 166.1 166.3 164.2 162 159.8 158.9 157.1 152.1 154.9 151.1 144.6 138 129.5 121.3 114.4 107.2 100.2 98 91.2 90.2 90.2 90.2 90.2 90.2 90.2
254.5 255.4 256.1 256 257.1 259.2 260.9 261.6 260 258.6 257.1 255.5 254.2 253.3 251.8 249.2 246.6 244 241.4 238.9 235.8 232.3 229.4 227.8 226.1 224.4 220.7 217.6 214.5 211.4 210.1 210.6 209.1 207.6 208.5 208.2 206.1 204.1 202.3 201.3 201.7 199.7 194.8 188.8 185.5 182.3 178.6 175.3 171.6 170.5 167.8 166.3 167.2 167.8 165.6 163.7 162.1 160.8 160.8 161 154.6 149.6 145.1 141.9 136.1 128.3 122.1 115.9 109.2 101.8 96.7 92.9 90.2 90.2 90.2 90.2 90.2 90.2
252.3 253 253.5 253.2 254.4 256.1 257.4 258.8 257.2 255.6 254.5 253.6 252.6 251.6 250.6 248 245.5 242.9 240.7 239 236.5 232.5 230.1 228.5 226.8 225.2 221.9 218.4 215.3 213 210.3 210.7 210.3 209.6 208.9 204.9 205.1 205 203.3 200.5 197.7 197.5 194.1 190.9 188 182.5 179.3 174.8 172.3 173 170.3 167.5 168 167.4 165 162.7 161.4 161.3 163.7 168.8 163.1 153.3 142.3 139.5 132.7 126.3 120.8 115 110.3 104.3 99.2 94.6 90.2 90.2 90.2 90.2 90.2 90.2
250.6 250.6 250.8 250.5 251.5 252.8 254.1 255.8 254.2 252.3 251 250.4 251.4 250 249 246.9 244.3 242.5 240.8 239.1 237.4 233.6 231 229.1 227.5 225.8 223.1 219.4 216.2 213.7 211 210.4 205.8 200.8 202.5 202.3 201.2 201.8 201.8 199.2 193 189.7 185.4 179.9 179.3 178.7 177 171 171.5 172 172.1 170 168.7 163.7 162.4 162.1 161.4 161.3 160.1 162.3 158.5 153.5 149.3 141.1 130.3 125.2 120.2 115 111.2 106.6 102.2 97.4 91.2 90.2 90.2 90.2 90.2 90.2
249.8 249 248.7 248.6 249.2 250.8 252.4 253.1 252 249.1 247.4 248.1 249.1 249.1 247.6 246.1 244.4 242.6 240.9 239.2 237.5 234.8 232.4 230.3 228.3 226.5 224.3 220.6 216.6 212 209.5 209 207 204.3 202.6 201 196.7 189.7 190.5 191.5 189.2 188 184.7 183.7 184 181.6 178.7 175 171.4 169.4 168.9 169.3 163.7 160.8 160.8 160.7 161.1 160.4 157.4 153.1 150.8 150.5 147.6 140.8 134.1 128 121.8 117.1 113 107.8 102.6 96 93.3 90.2 90.2 90.2 90.2 90.2
249 248.4 247.9 247.8 248 249.3 250.5 250.4 250.3 247.6 246.8 247 247.8 247.8 246.2 244.7 243.8 242.8 241 239.3 237.6 237 234.3 231.4 229.9 228.1 224.8 221.5 210.2 210.8 212.2 210.5 209.1 210.1 209.2 206.6 203.5 202.9 200.7 197.3 194.5 191.2 191.5 190.3 189 187 184.3 181.3 177.7 175.7 172.2 169.6 163 162.9 161.8 156.7 152.4 151 150.9 143.7 141.4 142.5 140 137.5 133.3 128.6 120.1 116.7 110.3 105.1 98.5 92.3 91.2 90.2 90.2 90.2 90.2 90.2
248.4 247.9 247.4 246.9 246.9 248.1 249.5 248.7 247.5 246.9 246.5 246.6 245.8 245.4 244.6 243 242.1 241.2 240.4 239.4 239.3 238.2 233.2 231.3 231.1 229.8 224.9 218 215.1 219.2 217.7 214.9 213.4 214.3 214.2 212.2 210.4 209.7 207.7 204.9 202.3 199.6 197.5 195.8 194.1 192.4 189.9 187.3 183.9 181.3 177.7 174.1 172.4 170.5 166.9 162.2 158.2 154.1 150.8 145.8 143.8 140.6 135 131.9 128.8 120.3 118.7 115.9 109.7 104.2 101 91.6 90.2 90.2 90.2 90.2 90.2 90.2
249.1 247.7 246.9 246.4 246 246.9 246.4 245.6 244.4 243.8 243.8 245 244.4 243.1 242.5 241.3 240.4 239.5 238.8 237.7 234.8 232.6 231.6 230.9 230.2 229.4 220.6 221.9 222.3 224.1 222.5 221 220.7 220.6 219.5 218.4 216.2 216.5 214.7 211.2 208.6 205.3 202.3 200.3 198.6 197.4 195.1 192.7 190.2 186.9 184.2 181.5 179 175.7 171 167 163 160.3 157.3 153.9 150.3 147.4 142.6 138.7 135.5 132.4 128 125.2 120.8 114.7 110.1 104.1 99.9 96.5 90.2 90.2 90.2 90.2
251.6 249.9 248.5 247.1 245.7 244.5 242.8 242 241.3 241.1 242.2 243.5 243.1 241.9 240.7 239.7 238.7 238.2 237.8 235.6 232.4 229.9 230.5 229.8 229.3 229.2 227.4 229.7 231.1 230.6 229.4 227.9 228 226.9 225.7 224.6 222.8 222.6 221.7 217 213.6 210.3 207.4 205 203.1 202.5 200.1 197.8 195.9 193.4 190.4 187.7 183.7 179.9 175.8 171.8 168 164.4 161.8 159.5 156.1 153.3 148.5 143.8 140.1 137.4 134.5 131.5 127.4 123 117.5 112.4 108.7 106.9 106 99.6 93 90.2
254.3 252.4 250.6 249.2 247.8 245.4 243.9 242.6 241.2 239.3 240.6 241.9 241.6 240.8 239.5 239.3 239.4 239.2 239 237.4 235.6 235.5 234.1 234.2 235.4 235.6 236.8 238.4 238.4 237.3 236.2 234.8 234.5 233.3 231.8 229.9 228.9 227.4 229 222.3 218.8 215.4 212.3 210 207.7 207.6 205.3 203.6 201.8 200 196.2 192.6 188.5 184.6 181 177.3 173.7 170 167 164.4 161.9 158.3 153.6 148.8 145 142 139.9 137.9 133.4 129.4 124.7 120.5 117 111.8 109.3 105.5 100 91.1
257 255.1 253.2 251.3 249.5 248.4 247.3 246 244.6 242.2 241 240.4 240.2 239.5 239.9 239.8 239.9 240.4 240.2 241.4 243.1 243.3 242.6 242.3 243.4 244.3 244.7 244.8 244.8 244 242.9 242 240.5 238.6 236.7 235 233.9 232.8 230.4 226.9 223.2 219.3 216.4 214.3 213 215 210.4 208.4 205.5 202.3 198.8 195.1 191.9 189.1 185.9 182.7 179.3 175.8 172.3 169.2 166 162.8 158.8 153.9 148.9 145.6 144.1 141.6 134.8 129.9 125.6 121.4 118.1 111.1 108.6 103.3 98.3 92.5
260.2 258.3 256.5 254.7 252.9 251.8 250.6 249.3 248 245.5 244.6 245.2 245.1 245.3 244.2 244.1 244.3 244.8 246.2 246.5 249.1 248.7 249.8 250.4 250.6 250.6 250.7 250.7 250.8 250.3 248.3 246.9 245.5 243.6 241.7 240 238.9 236.3 233.3 230.3 226.8 223.1 220.3 218.4 219 219.3 213.9 211 207.8 204.6 201.3 197.7 194.9 192.1 189.4 186.2 183 179.6 175.8 172 170 166.7 162.6 157.5 153 149.5 146.4 143.3 139.8 134.2 128.3 121.9 116.2 110.7 108.7 101 98 93.3
263.4 262.6 260.7 259.5 257.9 255.1 253.9 252.7 251.4 250.3 251 251.3 251.1 251.1 251.3 251.3 250.6 251.5 252.9 253.1 253.6 254.7 255.2 255.7 256.1 255.7 255 254.3 254.2 253.4 252 250.7 249.3 248 246.6 245 242 239.1 236.1 233.1 230.1 226.8 224.2 222.3 220.4 219.4 215.9 214 211.2 207.7 204.2 200.7 197.8 195.1 192.3 189.6 186.5 182.2 177.9 174.2 172.3 170.7 166.1 161.1 157.2 153.8 150.7 147.4 143.3 137.5 131.3 125.5 120.3 115.5 111.1 105.6 100.9 95.4
266.9 265.8 264.9 264.5 263.2 260.7 258.9 257.6 256.4 258.7 259 258.3 257.5 257 258.6 258.8 258.3 259.3 259.6 259.4 259.5 260 260.5 261 261.5 261.5 261 260.3 259.6 257.3 255.8 254.4 253.1 251.8 250.2 247.8 244.8 241.9 238.9 235.9 233.1 231.1 228.4 226.6 224 221 218.4 216.1 214.4 212.6 210.8 205.7 200.8 198.2 195.5 192.8 188.6 184.1 180.3 176.6 174.3 172.2 168.5 164.8 161.5 158.1 154.5 150.4 146.3 140.7 135.4 130.3 125 119.7 115.1 109.8 104.4 98.8
274.9 273.5 271.6 271.2 269.7 267.4 265.6 263.8 262.3 265.3 269.3 266.2 264.1 262 263.7 265.3 265.6 265.2 264.9 264.7 264.8 265.3 265.8 266.3 266.8 267 266.8 266.4 264.2 261.8 259.5 258.1 256.5 254.8 253 250.6 247.6 244.6 241.7 238.9 236.4 234.3 232.8 230.9 227.9 225.8 221 218.4 216.5 214.7 212.2 207.8 203.3 201.2 198.8 196.2 190.7 186.4 182.7 179 176.3 173.1 169.3 166.3 163.2 159.8 159 156.4 150.2 145.4 140.3 135 129.7 124.4 119.1 113.8 108.3 102.1
288.3 287.8 285.2 282.8 280.4 277.9 275.5 272.8 268.6 269.2 271.1 270 267.9 265.9 266.9 267.9 268.9 270.1 270.2 269.9 270 270.5 271 271.6 272.1 272.5 272.3 271.5 270.3 268.9 267.4 263.4 260 257.8 255.6 253.3 250.4 247.4 244.6 242.1 239.6 237.1 236.6 234.9 233.3 230.8 226.2 221.1 218.6 216.7 213 209.6 205.7 201.9 200.8 200.4 195.9 189.4 185.4 181.4 178 174.1 170.1 167.3 164.6 162.5 161.9 158.7 152.9 149.7 145.1 139.7 134.4 129.1 125.4 118.9 112.7 106.2
