data/240000-790000.asc
ncols 200
nrows 200
xllcorner 240000
yllcorner 790000
cellsize 50
[rows 35 to 69 of 200, columns 78 to 155 of 200]
600.8 624 650.4 676.3 697 711 722.9 731.5 732 724.7 714.8 702 689.1 679.6 672.2 667.5 665.1 663.4 662 660.6 658.7 656.8 659.8 671.2 680.6 690.8 698.8 706.6 714.9 729.2 748.5 765.1 782.9 795.7 802.4 808.6 820.5 834.7 838 836.4 817.8 800.5 789.6 779.2 767.7 747.4 724.3 703.2 684.8 671 655.1 645.1 638.2 633.3 624.8 618.6 607.3 592.6 579.8 569.8 562 558.5 555.3 548.9 562.1 577.6 592.3 611.1 619.8 624.5 636.9 648 655.6 665.4 668.8 664.9 662 656.1
579.9 604.8 629.1 652.3 675.7 693.4 711.9 722.8 722.5 715.3 705.1 692.5 681 670.5 663.5 660.7 658.7 656.3 653.7 652.2 650.3 647.1 658.2 669.6 684.8 696 701 706 718 736.6 755.3 769.6 780 789.7 794.8 803.6 811.5 815.2 812.2 803.1 791.5 782.6 774.7 761.3 743.7 720.8 699 682 667.7 655.4 642.6 636.2 632.4 625.3 616 606.3 593.7 581.1 570.5 561.8 555.6 552.1 541 552.2 566.4 582.6 605.3 619 624.5 629.5 644.9 652.1 657.4 663.1 656.5 650.2 639.9 640.8
563.1 586.4 606.6 627.2 647.9 673.4 694.3 710.6 709.9 703.2 695.4 685.3 673.5 663.1 656.4 653.1 651.1 649.6 646.5 644 642.7 645 654.5 666.1 681.4 691.4 697.3 705.6 721.7 742.4 752.4 764.7 773.5 779.3 786.8 794.5 797.1 793.3 786.9 777.5 772 763.3 755.5 736.8 720.6 697.3 675.7 658.3 645.6 639.9 631.7 625.4 619.5 609.6 603.8 591.1 580.5 570.2 561.1 554.5 550.1 544.3 541.5 554.1 569.7 589.9 611.7 623.7 628.3 636.7 653.5 651.8 655.2 654 644.3 634.3 621.2 625.1
552.8 568.8 585.2 604.2 625.8 647.8 672.3 691.9 695.1 692 685.5 675.6 661.9 655.3 650.3 647.5 645.6 642.4 639.6 638.3 632.6 641.3 652.1 663.6 673 681.2 688.3 700.5 717.2 730.6 742.3 753.3 761.4 767 778.5 779.5 774.7 769.9 761.7 755.6 748.9 740.6 728.7 709.2 691 674.6 658.6 643.3 633.2 624 616.5 609.2 601.5 594.1 588.5 579.4 569 560.9 553.1 547.2 542.3 532.9 542 554.6 573.4 593.1 614 627.9 631.1 639.3 650.4 646.9 644 635.6 626.1 614.8 604.5 605.9
542.1 553.4 566.2 584.5 603.9 625.2 648.8 676.4 680.2 679.9 673.5 662.8 652.2 648.3 644.9 643 639.8 636.7 633.5 630.3 622.6 636.5 647.6 660.3 664.8 668.4 678.4 689.5 700.4 714.4 727.6 739.2 747.9 754.9 756.1 755.1 751.8 747.6 740.8 732.1 724.4 715.8 703.1 687.7 670 657.3 644.6 631.5 619.1 609.5 601.3 593.5 587.2 581.1 574.3 566.4 559.8 552.4 545.5 540.9 537.7 529.5 542 554 571.6 593.7 613.5 623.7 628.3 640.6 640.8 632.2 623.3 614.8 606.6 595.2 587.4 586.2
532.3 542.5 551.4 569.1 586.1 604.5 625.8 650.4 657.6 660 657.3 647.4 643.1 641.9 640.9 639.6 635.8 631.8 629 622.8 621.3 629.5 637.3 646 653.4 657.7 665.9 676.4 687.6 701.2 715.6 725.2 730.1 732 733.6 732.1 729.5 723.2 715 708.2 702 694.7 685.9 677.9 666.8 644.5 628.3 615.7 605.8 599.9 590.3 583.1 575.3 567.7 561.5 558 551.1 544.9 539.1 535.1 531.4 525.9 539.9 549.2 565.5 583.5 598.5 609 617.3 625.6 619 611.3 602.8 594.1 585.9 578.2 571.4 565
523.5 530 539.9 552.9 569.1 585.7 602.8 619.6 631.8 638.1 637.5 635.6 638.5 638.5 637.4 636.3 632.7 629 625.6 616.3 616.3 620.2 626.2 633.4 640 645.7 652.1 661.8 674.3 689.2 700.1 708.6 711.5 711.7 710.7 708.3 704.8 699.9 694.6 692.5 689.2 687.4 679.3 673.8 648 627.5 613.8 603.5 596.6 590.6 581.8 573.7 567 560.6 553.9 549.6 544.8 537.1 532.8 529.4 523.3 529.1 537.3 547.5 558.5 571.7 582.5 589.6 600.5 602 601.1 597.9 592.5 585.9 579.6 572.8 564.5 557.5
516.6 521.1 530.3 538.8 552.2 567.7 581.9 597.1 610.5 619.9 623.2 629.3 635.7 637.4 636 634.7 630.1 626 622 615.4 610.6 612 617 621.2 626 632 635.8 648.3 659.7 670.2 679.1 684.4 687.2 689 689 686.6 684.8 684 681.9 678.7 677 670 663.5 645.2 625.3 611.4 601.1 592 586 577.9 570.4 562.9 557.5 553.5 548.5 544.8 540 531.9 527.4 523.4 520.8 527.9 536.6 547 557.8 568.1 575.4 580.2 588.1 593.5 596.2 594.3 589.4 580.5 573 565.8 555.8 547.9
511.3 515.1 517.9 526.3 537.4 550.3 564.1 577.8 590.5 602.1 613.6 627.4 634.2 636.9 635.5 634.1 628.9 624.2 618.9 614.8 602.7 603.4 607.8 610.6 614.5 618 625.4 635.5 643.9 654 661.7 666.6 668.1 669.6 670.1 671 669 667.8 664.3 660.4 656.6 648.3 636.3 621.2 608.3 596.7 588.2 580.5 573 565.3 559.7 553.9 549.4 545.8 543.6 538.9 535.5 528.1 523.2 516.8 517.2 524.4 533.1 545.4 559.4 567.7 575.7 580.5 584.6 591.1 591.8 588.6 582.7 573.7 564.3 555.6 546.6 537.1
509.9 508.8 509.2 514.7 522.2 536.2 548.9 560.2 571 581.7 608.7 625.2 629.8 632 635.5 632.4 627.6 621.7 616.1 610.8 603.9 596.7 599.5 600.9 604.2 608.7 616.5 624.7 633.5 641.6 648.6 654.3 656.1 656.6 656.3 656.3 656.1 653.8 645.8 640.4 633 623 612 600.4 589.9 580 573 566.7 561.5 555.4 551.3 547.3 544 541.4 540.1 535.8 530.1 525.8 520.5 511.3 513.4 521.5 528.9 542.1 557 566.7 572.1 577.1 581.3 584.9 584.8 582.2 575.3 566.8 555.6 545.7 535.5 527.4
509.9 508.5 503.8 509.3 513.1 522.8 536 546.4 553.3 576.2 598.4 618 624.2 626.1 630.9 624.5 621.6 616.4 611 606.1 602.3 582.9 589.8 591.7 593 599 606.2 612.7 620.7 628.1 633.7 640.2 645.1 645.1 643.7 640.3 638.7 632.7 624.5 619.5 611.1 602.5 593 583.9 574.8 566.1 559.5 554 550.7 548.5 544.4 541 538.6 537.1 536 532.9 527.3 522.8 517.8 507 507.1 515.4 524.1 534.9 546.8 559.4 564.3 571 574.2 577 577.3 575.4 565.6 554.1 543.5 534.3 525.6 519.5
509.1 507.4 504.6 500.2 504.6 510.7 520.5 532.7 550.7 566.8 586 603.3 612.3 617.3 618.6 613 611.3 609.6 604.2 600 595.8 586.7 579.8 583.1 584.5 589.1 593.5 600 607.7 614.7 618.1 622.5 629.1 630.6 624.4 621 616.7 610.6 606 600.6 593.7 585.5 576.8 568.6 560.8 554.1 547 543 541 540.4 537.6 535.4 534.5 533.9 531.7 529.7 524.4 520.6 512.2 503.7 499.4 510.7 512.6 521.2 533 544 551.9 562.2 566.3 570.2 569.5 566.2 556.3 543.4 532.7 523 517.4 513.7
516.1 512.1 511 511.9 497.5 505.1 509.7 522.1 541.8 557.7 573 586.7 600 605.4 604.2 599.9 599.9 599.4 596.7 592.2 587.5 583.5 572.5 573.8 576.7 580.1 583.7 589 595.9 600.5 604 606.9 608.9 608.4 607.2 603.9 601.5 596.5 590.6 583.3 576.8 570.1 562 552.7 546.6 540.7 537 535.3 534.3 533.4 532.7 531 530.3 531.1 530.7 530.7 527.2 525.3 516.8 503 493.8 495.9 501.8 508.8 516.5 528 540.5 552.1 556 558.2 557.3 555.5 545.4 532.3 520.3 514.4 511.4 508.9
519.9 514 505.1 501.6 494.9 499.8 501.5 511.1 530.7 547.1 562.3 574.8 584.9 587.1 587.9 588.3 588.9 588.8 586.7 583.6 580.7 577.3 569.5 564.4 568.8 572.5 576 580.4 585.3 589.5 591.7 593.9 594 592.6 589.8 587.9 585.9 582 575.7 567.8 560.8 555 546.1 538.8 533.4 529.8 530.5 530.2 529.6 528.9 528.6 526.9 528.3 530 531.6 532.8 531.6 530.5 520.6 505.2 493.6 485.7 491 498.3 505.6 515 526.8 539.5 543.4 547.8 544.1 539.5 528.6 518 510.6 512.2 509 503.3
519 514.8 510 505.6 492.6 494.8 493.9 502.2 519.8 536.4 551.5 562.5 570.1 575.8 577.1 577.7 578 577.3 575.6 575.3 574.6 569.6 564.8 556.2 560.4 564.6 569.1 573.5 577.9 581.5 583.3 583.9 581.8 578.7 576.1 573.5 570 566.9 562.5 556 547.7 541.1 533.9 527.7 522.9 523.3 524.1 524.6 524.6 524.5 524.3 523.6 528 533.1 535.8 538.5 537.1 535.2 525.9 507.4 495.2 483.6 483.5 488.2 496.1 502.8 510.6 522.8 528.9 530.6 528.1 524.2 514.9 505.2 501.2 500.5 495.1 490.7
520.1 511.9 504.9 500.1 497.3 488.1 489 496 511 526.9 541.2 551 557.2 565.6 568.3 569.1 568.6 567.8 567.4 567 565.1 562.1 555.9 549.9 553.9 559.5 563.8 568.4 572.4 574 575.8 575 572.4 568.4 563.9 561.2 558.2 554.6 550.5 544.1 537.7 531.1 525.2 518.5 517.2 517.1 517.8 518.6 519.1 518.2 521.1 527.7 533.5 540.3 543.6 544.5 543.3 543.1 529 510.1 497.1 487.3 476.9 480.1 485.7 489.3 494.9 503 510.3 514.9 513.3 508.4 499.3 494.2 490.6 489.4 481.2 493.7
520 511.4 503.8 498.2 495.8 488.4 483.5 489.6 502.8 517.4 530.5 540.4 548.9 556.2 558.8 560.7 560 560.8 558.9 557.9 555.5 553.6 550.1 543.5 547.9 554 559.4 563.8 567.2 569.2 569.1 565.7 562.8 559.3 555.1 551.2 547.4 544.4 541.7 536.5 530 521.7 515.9 512.6 512.1 511.5 511.8 512.2 511.8 515.3 524.2 532.7 540 547.6 552.9 551.8 550.3 549 531.1 511.6 497.9 489.3 476.1 472.9 476.3 479.9 484.6 489.2 492.3 495.6 495.8 492.4 486.7 482.8 479.3 476.4 485.5 491.3
519.5 510.9 501.8 494.8 490.4 488 483.6 485.6 497.6 508.2 521.1 532.3 539.9 545.5 549.9 552.1 553.2 552.3 550.5 549.3 547.6 545.6 543.2 539.3 543.8 550.9 556.1 560.6 564.1 565.8 563.9 560.6 555.5 550.6 547.9 544.5 540.4 537.5 534.3 528.9 521.2 513.1 507 504.8 504.7 504.6 506 505.3 504.7 514.1 525.1 535.6 544.9 552.4 558.5 560.8 558.7 552.1 532.1 513.1 500.5 491.6 478.3 467.6 468.2 470.7 475.8 479 480.2 478.8 479.1 478.9 477.9 472 470.2 479.6 485.4 494.1
518.6 508.4 501.2 491.8 487.1 482.8 477.7 486.6 492.5 501.3 514 526.3 533.2 537.4 541.7 545.2 546 544.4 542.8 541.3 539.7 538.4 537.1 533.4 540.5 548.2 554.9 560 564.5 568.2 565.5 558.3 550 544.2 541.9 539.2 536.5 532.7 527.8 522.6 514.4 506.5 500.4 496.7 496.8 497.1 497.6 494.8 501.4 511 523.4 536.2 546.8 556.5 563.2 566.8 562.9 551 531.4 514.4 502.3 492.1 482.9 471.5 462.2 462.4 466 466.4 466.3 465.4 465.3 466 464.3 466 474 481.2 488.2 497.8
519.5 506.1 496.9 489.8 483.2 478.2 473.9 482.5 486.8 494.9 508 520.1 526.5 531.7 534.8 537.3 538 537.1 535.2 534.1 533.2 532.2 531.5 527.9 537.6 545.4 553.4 563 573.1 570.9 562.8 554.4 545.7 539.1 537.6 535.2 532.4 528.7 523.8 517.9 510.2 504 494.8 490.5 490.2 488.3 487 489.8 498.1 508.7 521.2 535.5 546.3 556.6 565 570.6 566.6 549.4 529.6 515 501.1 489.1 482.6 477.7 456.4 454.8 455.8 455.2 458.6 457 454.6 456.9 455.9 467.1 473.5 480.8 487.8 498.4
519.2 506 494.3 486.5 480 475.7 470.4 478.3 481.4 490.2 501.3 512.5 519.4 525.1 529.9 531.2 531.4 531.1 529.5 527.6 526.8 526.1 524.6 526.1 534.5 541.8 556.3 572.3 578 570.4 558.3 546.7 539 533.4 531.6 529.9 527.1 524 520.1 513.6 507.9 500.4 492.2 486.2 482.2 480.4 479.1 484.9 494.3 505.2 519.1 534.4 548 557.7 565.6 572.1 561.4 545.2 525.9 511.8 497.2 485.5 478.3 471.1 465.7 456.7 446.8 448.6 449.7 448.2 448.3 451.9 458.4 468.1 474.8 480.5 487.7 499
519.3 505.2 492.9 482.9 477.9 473.8 468.2 475.8 476.8 484.5 494.5 502.9 509.6 515.9 520.9 524.5 524.6 522.9 522 520.7 521 520 518.2 523.9 532 540.6 557.4 570.7 572.1 562 549.1 538.5 531.6 527.3 523.7 522.4 518.7 516.2 515.2 508.7 501.3 493.7 486.6 480.8 474.8 474.3 475.7 482.1 490.9 501.6 516.4 533.3 548 559.8 567.3 568.4 554.1 536.4 517.7 505.1 491.6 480.4 472.9 466.3 460.5 452.9 444.3 442.5 444.6 443.4 447.4 452.7 460.1 469.7 475.9 481.2 487.3 500
517.7 503.9 492.6 481.8 475.3 471.6 464.8 467.6 471.4 480.6 489.5 496 501.5 506.9 511.8 514.5 515.7 515.1 515.4 515.1 515.4 514.9 512.7 521 529.6 540.9 552.8 558.4 555.3 549.9 539.6 532.2 525.5 521 516.5 512.3 510.5 507.5 504.5 499.6 493.2 488 480.7 474 469.3 469.2 470.5 476.4 486.4 497.9 513 529.3 546.7 559.5 563.5 555.7 544.2 525.5 508 495.5 482.6 473.9 466.6 460.7 453.8 446.6 441 440.5 440 445.9 451.4 456.9 464.6 471.2 476.8 482.2 489.6 500.4
516 501.8 490.2 479.4 472.3 470.1 467.1 462.5 467.6 476.5 484.8 490.1 494.2 498.6 503 504.6 507.9 509 508.8 508.8 509.3 509.4 509.8 517.5 527.6 538.2 546.9 548.5 541.9 538.4 532.7 527.2 520 513.1 508 503.5 503.5 500.1 495.3 491.9 487.4 481.5 473.1 467.2 465.7 464.9 464.1 470.4 479.8 492.2 506.9 523.3 541.3 551.1 542.8 529.3 524.6 508.7 494 483 474 466 460.3 454.8 450.4 443.8 437.8 435.7 442.3 450 455.9 462.3 467.2 472.6 478.4 483.8 491.5 502.3
514.3 499.5 487 476.5 469.5 467.1 465.7 460.9 462.4 470.8 478.2 483.5 487.4 491.8 495.1 497.8 501.5 500.7 503 503.6 504.3 503.4 504.5 513.9 524.9 534 541.7 545.1 539.1 533.1 527.6 522.8 514.4 507.7 501.7 498.4 496.7 493.2 486.1 482 479 472.4 467 464.3 463.5 462.1 457.2 463.4 473.3 484.9 498.7 513.2 526.1 526.3 513.5 504.8 502.6 491.4 479.6 471 463.9 458.7 452.6 449.3 447.3 439.4 432.3 437.7 446.5 454 461.3 466.4 470.2 475.4 480.3 486 493.2 504.2
510.9 496.6 483.8 474.1 467 463.9 463.4 462.6 457.4 465.6 472 476.9 481.6 484.6 487.8 490.9 492.1 493.6 496.8 498.8 499.2 499.5 502.1 509.6 520.7 531.8 540.6 542.8 539.2 534.9 527.2 520.3 513 505.4 498.6 493.5 490.4 485.2 479.4 474.7 470.4 466.9 463.1 460.7 460.4 458.2 450.6 456 463.7 473.7 483.6 494.7 503.8 501.8 493 486.3 480.4 472.1 463.9 459.1 455.5 450 445.1 443.1 434.7 428.4 437.2 446.5 452.9 459.8 464.5 468.4 472.9 477.7 482.9 489.3 498.1 509.8
506.6 492.7 480 473.2 465.2 462 460.6 458.9 454.3 461.2 467.3 471 474.8 477.4 482.3 484.6 486.8 489.3 491.9 494.5 494.7 494.5 494.2 503.2 514.4 527.2 539.9 547.2 550.2 543.1 532.5 520.8 513.1 502.9 497.4 489.4 484.3 479.8 474 468.6 465.2 463.3 459.3 457.3 456.5 452.6 447.5 449.4 453.2 460.1 468.6 474.1 481 482 476 470.1 464.2 456.9 452.1 448.4 446 443.3 435.6 425 427 434.6 447.1 455.1 459.9 463 466.6 470.6 474.8 479.9 486.2 492.6 501.8 513.6
501.5 488.4 478.7 471.2 464.6 460.4 457.8 457.5 452.3 457.6 462.4 465.8 468.9 473.3 476.4 479.6 481.6 485.7 489.2 491.6 491.4 489.1 485.1 494.7 508.2 521.8 538 551.5 554.6 548.2 537.1 524.9 514.1 502.4 493.2 484.6 477.9 473.7 469.1 464.5 460.6 457.9 454.7 451.4 451.9 448.1 442.4 442.9 445.5 449 454.2 457.5 460.2 463.7 458.8 454.2 449.6 445.3 441.9 439.5 437.6 431.9 417.7 424.7 434.7 445.3 452 457.3 462.4 465.4 468.8 472.9 477 482.3 489.1 495.3 504.6 516.6
496.7 485.7 477.8 469.7 464.2 459.5 456.3 453.7 451 455.5 458.5 461.4 462.6 466.3 470.3 474 477 481.4 485.6 488.3 485.9 482.6 479.7 487.1 498.4 512.8 527.3 540 546.1 549.9 541.7 525.2 511.3 499.3 488.9 479.4 471.4 465.8 462.2 458.5 455.7 452.8 449.7 446.5 445.5 442.1 436.5 435.3 437.7 439.8 441.4 443.6 444.3 444.5 442.3 440.1 437.5 434.7 433.4 431.8 429.5 415.4 421.4 431.7 442.3 448.3 453.1 458.4 461.6 466.1 470.5 473.1 477.1 483.7 492.6 499.1 509.6 520.4
494.1 483.4 475.4 467.4 462.7 458.8 456 456.3 449.7 449.2 453.8 454.8 456.7 459.7 463.4 468.1 472.3 477.9 484.1 482 479.5 476.9 471.9 478.5 485.3 501.3 514.8 528.9 535 540.9 527.7 516.6 506.4 494.1 483.5 474.1 464.6 458.8 454.5 451.2 448 446.1 443.9 440.8 437.5 434.4 431.3 426.6 428.6 430.3 430.3 430.5 431.3 430.3 429.1 429.5 428.2 426 425.1 424.3 421.9 413.8 431 435.5 442.8 449.4 454.3 457.2 460.2 463.9 467.1 471.6 478 486.4 496.3 503.5 513.6 522.2
490 479.7 472.5 465.4 460.8 457.4 455.5 454 451.3 445.1 448.4 450.2 452 454.4 456.7 461.2 466 472.8 476.3 474.7 472.5 470.7 463.9 469 475.2 485.6 497.4 508.8 515 519.4 516.3 504.5 496.5 486.8 476.4 465.9 456.5 450.5 446 443.4 442.1 440.6 438.6 435.5 431.9 428.3 425.5 422.1 420.4 422.3 422.7 421.6 422.8 422.6 421 420 419 418 417.5 416.8 411.5 414.4 427.2 431.2 439.2 446.3 452.8 454.9 459.4 462.1 464.1 469.9 478.6 488.2 501.9 508 514.1 521.5
485.1 477.5 471.4 463.8 459 456.1 453.6 451.3 449.7 447.1 442.9 446 447.3 448.5 449.8 454.1 460.5 463 464.8 465.4 463.8 462.2 456.5 459 463.5 469.8 478.8 489 496.5 501.2 498.8 494.4 486.2 476.1 464 453.9 447.7 443.6 439.8 438 436.8 435.4 432.9 429.9 425.4 422 419.9 417.2 412.1 413.8 414.9 414.7 415.3 415 413.3 411.6 411.4 411.4 411.2 409.4 401.4 412.3 419.9 425.5 431.9 438.4 444.3 449.6 455 458.6 462.1 468.3 477.3 487.1 496.7 506.5 511.4 519.4
480.9 476.1 470.4 463.2 458.3 454.9 452.7 450.4 447.2 445.7 437.5 439.5 441.7 443 443.6 446.8 451.4 453.5 453.8 455.2 453 451.6 449.5 448.9 453.7 459 463.3 468.9 474.5 476.5 479.2 476.5 466.4 459.2 451.3 445.3 439.1 435.2 433.7 432.5 431.6 428.9 426.6 423.4 418.7 414.9 413.2 411.6 405.7 406.2 407.2 407.8 407.8 407.9 405.8 404.9 404.6 404.9 404.7 401.7 399 407.8 412.7 419.6 426.7 431.9 435.7 440 446 451.4 455.4 462.4 473.5 484.1 491 499.7 507.8 515.8
475.8 471.7 467.3 463.6 458.9 455.1 452.4 449.7 446.4 443.3 441 440.9 433.2 433.1 437.4 441.1 441.8 443.1 444.5 444.3 442.1 442.1 440.7 436.4 441.6 446.6 449 452.9 456 457 456.5 455.6 452.9 450.1 443 434.1 432.2 429.4 426.7 425.9 423.8 420.9 418.1 414.7 411.1 407.6 405.7 404.7 399.9 399.2 400.4 399.9 400 399.9 398.5 398.5 398.9 399.1 399.2 394.3 395.4 402.4 406.7 412.7 417.9 424.6 428.7 430.1 434.6 439.6 446.2 452.9 463 473.2 484 495.4 501.2 504
472.1 468.7 466.5 463.9 460.2 456.1 452.2 449.5 447.5 446.3 443.4 440.9 436.5 434.7 428.1 430 431 433.9 435.7 436.3 433.3 432.1 432 428.3 431 433.5 435.9 438 442.4 441.9 441.4 441.2 442.2 437.1 432.2 427.8 425.7 422.8 419.8 417.8 414.9 412.3 408.9 406 403.8 401.5 398.8 398 394.3 391.8 393.9 393.5 392.9 392.3 392.8 393.3 393.6 393.7 393.9 389.4 390.1 396 400.3 403.4 408.6 413.9 419.3 421.7 424.2 429.2 436.1 444.2 453.1 461.9 472.5 481.1 483.3 486.6
