data/240000-130000.asc
ncols 200
nrows 200
xllcorner 240000
yllcorner 130000
cellsize 50
[rows 160 to 199 of 200, columns 90 to 179 of 200]
-2.2 -2.2 -2.2 -2.2 -2.1 -1.6 -1.1 -0.6 -0.5 -1.1 -2.2 -2.2 -2.2 -2.2 -2.2 -2.2 -2.2 -2.2 -2.2 -2.2 -2.2 -2.2 -2.2 -2.2 -2.2 -2.2 -2.2 -2.2 -2.2 -2.2 -1.9 -1.1 -0.4 0.3 1.1 1.8 2.2 2.6 2.9 3.3 3.8 5.5 9 4.7 3.7 -2.2 -2.2 -2.2 -2.2 -2.2 -2.2 -2.2 -1.3 -0.3 0.7 1.9 3.2 3.6 5 3.9 4 3.9 3.8 3.7 3.7 3.6 4.8 4.5 3.9 4.1 4.4 4.7 4.9 5.2 5.8 6.3 6.8 7.2 7.6 8 8.4 8.7 9 9.3 10.1 10.9 11.7 12.6 13.7 14.9
-2.2 -2.2 -0.5 0.1 -0.6 -0.1 0.4 0.8 0.3 -0.5 -1.2 -2.2 -2.2 -2.2 -2.2 -2.2 -2.2 -2.2 -2.2 -2.2 -2.2 -2.2 -2.2 -2.2 -2.2 -2.2 -2.2 -2.2 -2.2 -2.2 -2.2 -1.5 -0.7 0 0.8 1.4 1.7 2 2.1 2.3 2.7 3.2 3.6 3.2 2 -2.2 -2.2 -2.2 -2.2 -2.2 -2.2 -2.2 -0.8 0.3 1.6 2.9 3.3 4 4.4 4.2 4.1 4 3.9 3.8 3.8 3.7 4 4.4 4.4 4.5 4.8 5 5.2 5.5 6.1 6.7 7.2 7.7 8.1 8.4 8.8 9.2 9.6 10.2 11 11.8 12.6 13.4 14.5 15.7
1.9 2.3 2.6 2.5 2 1.4 1.9 1.6 1 0.3 -0.6 -2.2 -2.2 -2.2 -2.2 -2.2 -2.2 -2.2 -2.2 -2.2 -2.2 -2.2 -2.2 -2.2 -2.2 -2.2 -2.2 -2.2 -2.2 -2.2 -2.2 -1.8 -1 -0.3 0.4 0.9 1.2 1.3 1.4 1.4 1.6 1.9 2 1.5 -2.2 -2.2 -2.2 -2.2 -2.2 -2.2 -2.2 -1.9 -0.7 0.5 1.7 2.9 3.3 3.5 6 5.5 4.2 4 3.9 3.9 3.8 3.8 3.9 4.1 4.3 4.5 5.1 5.3 5.5 5.9 6.5 7.1 7.7 8.1 8.5 8.9 9.3 9.8 10.3 11.1 11.8 12.7 13.5 14.1 15.4 16.6
6.2 6.5 6.8 6.9 7.1 4.3 2.9 2.4 1.9 1.1 -0.1 -1.2 -2.2 -2.2 -2.2 -2.2 -2.2 -2.2 -2.2 -2.2 -2.2 -2.2 -2.2 -2.2 -2.2 -2.2 -2.2 -2.2 -2.2 -2.2 -2.2 -2.1 -1.4 -0.6 0.1 0.4 0.6 0.7 0.6 0.5 0.5 0.5 0.2 -2.2 -2.2 -2.2 -2.2 -2.2 -2.2 -2.2 -2.2 -1.7 -0.5 0.5 1.5 2.4 3.2 3.4 4.2 7 5.2 4.2 4 3.8 3.7 4 3.9 4.2 4.4 4.7 5.2 5.6 5.8 6.2 6.8 7.4 8.1 8.6 9 9.5 10 10.5 11.2 11.9 12.6 13.3 14.1 15 16.5 18.4
5.9 6.1 7.2 7.5 7.4 6.9 6.3 3.2 2.7 1.9 1 -0.1 -2.2 -2.2 -2.2 -2.2 -2.2 -2.2 -2.2 -2.2 -2.2 -2.2 -2.2 -2.2 -2.2 -2.2 -2.2 -2.2 -2.2 -2.2 -2.2 -2.2 -1.7 -0.9 -0.4 -0.2 -0.1 0 -0.1 -0.4 -0.6 -0.9 -2.2 -2.2 -2.2 -2.2 -2.2 -2.2 -2.2 -2.2 -2.2 -1.9 -0.9 0 1 1.9 2.8 3.4 3.8 7.3 7.4 4.8 4.2 3.9 3.6 3.4 3.9 4.2 4.5 4.8 5.3 5.9 6.1 6.6 7.2 7.8 8.3 9 9.6 10.2 10.7 11.3 11.9 12.9 13.4 14.7 15.7 16.5 18 19.6
4.1 5.1 7.6 7.7 7.4 6.9 6.5 6.1 5.5 3.1 2.3 1.3 0 -2.2 -2.2 -2.2 -2.2 -2.2 -2.2 -2.2 -2.2 -2.2 -2.2 -2.2 -2.2 -2.2 -2.2 -2.2 -2.2 -2.2 -2.2 -2.2 -2 -1.3 -1 -0.8 -0.7 -0.8 -0.9 -1.3 -2.2 -2.2 -2.2 -2.2 -2.2 -2.2 -2.2 -2.2 -2.2 -2.2 -2.2 -2.2 -1.4 -0.5 0.6 1.6 2.7 3.2 3.3 7.3 9.4 6.4 4.2 3.8 4.8 3.6 3.9 4.3 4.5 4.9 5.5 6 6.4 6.9 7.5 8 8.6 9.3 9.9 10.6 11.2 11.8 12.3 13.7 14.6 15.9 17.3 18.3 19.4 21
4.1 3.4 6 7.3 7.6 7.2 6.8 6.3 6.2 6 2.6 2.9 1.6 0.1 -2.2 -2.2 -2.2 -2.2 -2.2 -2.2 -2.2 -2.2 -2.2 -2.2 -2.2 -2.2 -2.2 -2.2 -2.2 -2.2 -2.2 -2.2 -2.2 -1.7 -1.6 -1.5 -1.4 -1.5 -2.2 -2.2 -2.2 -2.2 -2.2 -2.2 -2.2 -2.2 -2.2 -2.2 -2.2 -2.2 -2.2 -2.2 -1.3 -0.2 0.8 1.9 2.9 3.2 3.2 5.2 9.3 6.4 4.9 3.7 3.7 3.9 4.1 4.4 4.6 5.1 5.6 6.1 6.7 7.2 7.7 8.2 8.9 9.6 10.3 11 12 12.3 13.2 14.5 15.7 17.1 18.5 19.9 20.8 22.4
4.4 5 4.1 6.5 7.8 7.4 6.9 6.4 6.2 6.5 6 2.7 3 2.4 0.3 -2.2 -2.2 -2.2 -2.2 -2.2 -2.2 -2.2 -2.2 -2.2 -2.2 -2.2 -2.2 -2.2 -2.2 -2.2 -2.2 -2.2 -2.2 -2.2 -2.2 -2.2 -2.1 -2.2 -2.2 -2.2 -2.2 -2.2 -2.2 -2.2 -2.2 -2.2 -2.2 -2.2 -2.2 -2.2 -2.2 -2.2 -1.1 0 1.1 2.1 3.2 3.2 3.2 4.4 8.7 6.3 5 4.9 4.1 4.2 4.3 4.4 4.7 5.3 6.1 7.3 8.4 8.2 7.9 8.4 9.5 10.2 10.9 11.6 12.2 13.6 14.7 15.8 16.9 18.3 19.7 21.1 22.6 23.8
4.9 4.9 4 3.4 8 7.5 7 6.4 6.4 6.5 6.7 7.5 5 2.7 2.8 1.1 -2.2 -2.2 -2.2 -2.2 -2.2 -2.2 -2.2 -2.2 -2.2 -2.2 -2.2 -2.2 -2.2 -2.2 -2.2 -2.2 -2.2 -2.2 -2.2 -2.2 -2.2 -2.2 -2.2 -2.2 -2.2 -2.2 -2.2 -2.2 -2.2 -2.2 -2.2 -2.2 -2.2 -2.2 -2.2 -2.2 -1 0.2 1.5 2.4 3.2 3.2 3.2 7.3 8.2 7.4 5.4 4.2 4.9 5 5.1 5.1 5.2 6.6 7.8 8.9 10.1 9.8 9.5 9.3 10.5 11.1 11.8 12.4 14 15 16.1 17.2 18.4 19.7 21.1 22.4 23.8 25.3
5.4 4.6 3.7 3.6 8.7 8.4 7.1 6.5 6.6 6.3 6.5 6.8 7 7 7.4 5.9 -2.2 -2.2 -2.2 -2.2 -2.2 -2.2 -2.2 -2.2 -2.2 -2.2 -2.2 -2.2 -2.2 -2.2 -2.2 -2.2 -2.2 -2.2 -2.2 -2.2 -2.2 -2.2 -2.2 -2.2 -2.2 -2.2 -2.2 -2.2 -2.2 -2.2 -2.2 -2.2 -2.2 -2.2 -2.2 -2.2 -0.4 0.6 1.8 2.9 3.2 3.3 3.8 6.4 6.5 6.3 5.4 4.5 5 5.6 6.1 6.2 6.3 7.9 9.4 10.6 11.7 11.4 11.1 10.8 11.5 12.1 12.6 14.3 15.7 16.4 17.5 18.6 19.8 21.1 22.4 23.7 25.5 27.6
5.5 4.2 2.4 4.5 10.5 9.3 8.1 6.9 6.2 6.3 6.4 6.1 6.2 6.6 6.7 6.5 5 -2.2 -2.2 -2.2 -2.2 -2.2 -2.2 -2.2 -2.2 -2.2 -2.2 -2.2 -2.2 -2.2 -2.2 -2.2 -2.2 -2.2 -2.2 -2.2 -2.2 -2.2 -2.2 -2.2 -2.2 -2.2 -2.2 -2.2 -2.2 -2.2 -2.2 -2.2 -2.2 -2.2 -2.2 -0.8 0.2 1.2 2.2 3.2 3.3 3.9 6.2 5.5 5.2 5.2 5.5 5.1 5.6 6.1 6.6 7.1 7.3 9.1 11.2 12.2 13.4 13 12.6 12.3 12.3 13.2 14.7 16.2 17.6 18.2 18.9 20 21.2 22.4 23.7 25.6 27.6 29.8
5.4 4.9 3.9 7.2 11.6 10.1 8.7 7.3 6.6 6.3 6.4 3.3 3.2 5.9 6.7 6.2 4.8 -2.2 -2.2 -2.2 -2.2 -2.2 -2.2 -2.2 -2.2 -2.2 -2.2 -2.2 -2.2 -2.2 -2.2 -2.2 -2.2 -2.2 -2.2 -2.2 -2.2 -2.2 -2.2 -2.2 -2.2 -2.2 -2.2 -2.2 -2.2 -2.2 -2.2 -2.2 -2.2 -2.2 -1.6 -0.7 0.2 1.2 2.1 3.1 3 5.2 6 5.5 5.5 5.9 5.2 5.8 6.3 6.8 7.3 7.7 8.4 10.5 12.4 14.4 15.1 14.7 14 13.8 14.6 16.2 17.1 18.1 19.5 20.1 22 23.3 24.8 26.2 26.4 27.3 30.1 32.6
5.3 4.8 3.1 5.4 11 14.2 9.5 7.8 6.6 6.4 3.1 3.2 3.2 3.2 3.1 2.9 0.1 -2.2 -2.2 -2.2 -2.2 -2.2 -2.2 -2.2 -2.2 -2.2 -2.2 -2.2 -2.2 -2.2 -2.2 -2.2 -2.2 -2.2 -2.2 -2.2 -2.2 -2.2 -2.2 -2.2 -2.2 -2.2 -2.2 -2.2 -2.2 -2.2 -2.2 -2.2 -2.2 -2.2 -1.2 -0.4 0.5 1.3 2.1 3.1 3.1 6.3 5.9 5.8 5.9 6.1 5.7 6.6 7.2 7.7 8.2 8.7 10.1 12.9 15.7 15.8 17 16.5 15.2 17 18.4 19.6 20.6 21.2 22.8 24.3 26.4 27.8 28.7 30.1 29.3 31.4 32.6 36.5
5.3 4.2 3.3 4.3 4.2 6 6.2 7 6.5 3.2 3.1 3.2 3.2 3.1 2 1.2 -1.1 -2.2 -2.2 -2.2 -2.2 -2.2 -2.2 -2.2 -2.2 -2.2 -2.2 -2.2 -2.2 -2.2 -2.2 -2.2 -2.2 -2.2 -2.2 -2.2 -2.2 -2.2 -2.2 -2.2 -2.2 -2.2 -2.2 -2.2 -2.2 -2.2 -2.2 -2.2 -2.2 -1.7 -1 -0.2 0.6 1.4 2.1 2.9 3 3.3 6.1 6.2 6.2 6.3 6.1 6.4 7.9 8.6 9.1 9.6 11.7 14.1 17.9 21 18.3 19.3 17.4 20.6 22 23.3 25.6 27.3 29 30.2 31 32.4 33 33.7 35.1 34.2 38.3 41.7
5.3 4.6 4 3 4.3 4.3 4.5 5.2 6.2 3.7 3.5 3.2 2.9 1.8 0.8 -0.3 -2.2 -2.2 -2.2 -2.2 -2.2 -2.2 -2.2 -2.2 -2.2 -2.2 -2.2 -2.2 -2.2 -2.2 -2.2 -2.2 -2.2 -2.2 -2.2 -2.2 -2.2 -2.2 -2.2 -2.2 -2.2 -2.2 -2.2 -2.2 -2.2 -2.2 -2.2 -2.1 -1.7 -1.3 -0.9 -0.3 0.4 1.2 2 2.8 3.2 3.4 6.5 6.5 6.6 6.4 6.5 6.8 7.5 9.2 10 11.1 13.4 15.7 18.5 20.6 22.8 23.2 20.6 24.2 26 28.2 31.5 33.5 35.3 38.2 39.8 40.5 41 41.4 41.8 42.9 44.2 46.5
5.3 4.7 4 3.7 4 4.3 4.3 5.4 6.5 3.7 3.4 3.2 2.2 1.2 0.2 -0.8 -2.2 -2.2 -2.2 -2.2 -2.2 -2.2 -2.2 -2.2 -2.2 -2.2 -2.2 -2.2 -2.2 -2.2 -2.2 -2.2 -2.2 -2.2 -2.2 -2.2 -2.2 -2.2 -2.2 -2.2 -2.2 -2.2 -2.2 -2.2 -2.2 -2.2 -2.2 -1.8 -1.4 -0.9 -0.5 0 0.5 1.1 1.9 2.7 3.2 3.6 6.1 6.3 6.4 6.8 7.2 7.3 7.6 8.9 10.8 12.8 15 18.7 22 24.9 25.1 26 24.5 26.7 30.7 33.4 36.5 42.2 45.3 48.4 50.3 50.5 50.3 49.4 48.3 49 50.1 51.3
5.3 4.7 4.2 4 3.8 4.1 3.1 6 3.8 3.7 3.4 3.2 2.2 1.3 0.4 -0.6 -1.5 -2.2 -2.2 -2.2 -2.2 -2.2 -2.2 -2.2 -2.2 -2.2 -2.2 -2.2 -2.2 -2.2 -2.2 -2.2 -2.2 -2.2 -2.2 -2.2 -2.2 -2.2 -2.2 -2.2 -2.2 -2.2 -2.2 -2.2 -2.2 -2.2 -2 -1.6 -1.1 -0.6 -0.1 0.3 0.8 1.3 1.9 2.5 3.2 4.7 6.7 6.6 6.6 7.7 8.1 8.2 9 11.8 14.3 17.5 20.4 23.1 25.7 28.8 30.1 31.5 31.4 31.9 34.9 36.8 43.6 49 55.1 58.1 59.3 59.4 58.6 57.4 56.1 55 56.1 56.8
5.3 4.7 4.4 4.2 4 3.8 4.2 7 3.7 3.5 3.3 2.9 1.9 1 0.2 -0.7 -1.5 -2.2 -2.2 -2.2 -2.2 -2.2 -2.2 -2.2 -2.2 -2.2 -2.2 -2.2 -2.2 -2.2 -2.2 -2.2 -2.2 -2.2 -2.2 -2.2 -2.2 -2.2 -2.2 -2.2 -2.2 -2.2 -2.2 -2.2 -2.2 -2.2 -1.8 -1.3 -0.8 -0.4 0.1 0.6 1.1 1.6 2.1 2.7 3.3 4.9 6.4 6.6 6.3 7.8 7.8 8.9 11.5 14.4 21.6 26.7 30.1 34.3 39.3 42.3 41.3 41 38.9 45.7 47.3 48.8 51 53.9 59 64.9 66.7 67.3 66.3 63.5 62.1 61.4 61.5 62.9
5.3 4.9 4.7 4.5 4.3 4.1 4.5 7.2 3.5 3.4 3.2 2.7 2 1.1 0.2 -0.6 -1.5 -2.2 -2.2 -2.2 -2.2 -2.2 -2.2 -2.2 -2.2 -2.2 -2.2 -2.2 -2.2 -2.2 -2.2 -2.2 0 -2.2 -2.2 -2.2 -2.2 -2.2 -2.2 -2.2 -2.2 -2.2 -2.2 -2.2 -2.2 -2 -1.5 -1 -0.6 -0.1 0.4 0.8 1.3 1.8 2.3 2.9 4.2 6.3 10.7 7.2 6.8 7.5 7.4 8.9 12 19.3 23.3 34.4 38.2 41.5 45.3 52.7 52.9 46.6 47.1 52.8 55.1 58 62.7 62.8 62.3 67.4 72.8 74.1 71.8 69.4 67.5 67.1 66.9 69.2
5.4 5.2 4.9 4.7 4.5 4.3 4.1 6.4 3.5 3.2 3.1 2.5 1.8 1.1 0.3 -0.6 -1.4 -2.2 -2.2 -2.2 -2.2 -2.2 -2.2 -2.2 -2.2 -2.2 -2 -2.2 -2.2 0.9 2.3 3.1 3 1.6 0.5 -0.4 -1 -2.2 -2.2 -2.2 -2.2 -2.2 -2.2 -2.2 -2.2 -1.7 -1.2 -0.8 -0.3 0.2 0.6 1.1 1.6 2.1 2.6 3.1 6.2 10.7 12.2 7.8 7.9 8.6 9 10.9 12.6 13.8 17.4 24 30 36.7 41.4 43.4 43.8 43.5 45.3 46.9 50.6 54 57.9 58.4 59.1 63.9 68.8 70.9 72.7 72.3 72.4 72.5 73 74.8
5.6 5.4 5.2 5 4.8 4.6 4.4 6.5 3.2 3.2 2.9 2.1 1.5 1 0.3 -0.5 -1.4 -2.2 -2.2 -2.2 -2.2 -2.2 -2.2 -2.2 -1.2 -0.8 -0.4 0.4 2.6 9.5 10.9 10 8.9 6.4 2.5 1.4 0.7 -0.2 -1 -2.2 -2.2 -2.2 -2.2 -2.2 -2.2 -1.6 -1 -0.5 0 0.4 0.9 1.4 1.8 2.3 2.8 3.1 7.8 13.5 7.2 9 9.3 9.8 12.1 15.1 17.1 18.2 17.9 18.6 23.7 31.8 34.4 35.1 34.9 35.2 35 38.6 42.2 43.8 44.6 47.6 51.6 57 62.9 67.8 69.8 70.4 70.8 71.9 72.3 75.6
5.9 5.7 5.5 5.3 5.1 4.9 4.7 5.5 5.7 3.2 3 2 1.1 0.5 0.1 -0.5 -1.3 -2.2 -2.2 -2.2 -2.2 -2.2 -2.2 -2.2 -0.6 0.7 1.2 2.3 6.6 12.1 13.9 14.2 13.1 10.1 5.8 3 2 1 0 -0.9 -2.2 -2.2 -2.2 -2.2 -2.2 -1.7 -1.1 -0.5 0.1 0.7 1.1 1.6 2.1 2.6 3 3.8 11.9 10 11.8 11.6 10.8 11 16.5 19.8 22.7 23.9 23.9 21.7 21.4 22.3 24.2 27.5 33.1 35.2 37.2 39.8 41.6 43.1 45.9 47.2 47.2 48.8 54.4 57.2 59.3 61.6 64.3 64.6 68.9 73.7
6.1 6 5.8 5.6 5.4 5.1 4.9 4.8 5.7 3.2 3 2 1.1 0.1 -0.5 -0.9 -1.4 -2.2 -2.2 -2.2 -2.2 -2.2 -2.2 -2.2 -0.2 1.5 2.6 9 12.4 15.3 19 20.7 19.9 18.1 12.9 7.5 2.9 1.9 1 -0.5 -2.2 -2.2 -2.2 -2.2 -2.2 -1.8 -1.2 -0.6 0 0.6 1.2 1.8 2.3 2.8 3.3 7.3 7.9 9 10.3 10.7 11.2 14.9 20.9 24.4 27.6 29.5 29.4 28.2 27.1 29 33.1 35.9 39.2 42.3 45 47.3 49.6 52 53.6 55.3 55.2 54.7 55.4 56.1 59.1 62.5 63.5 64.9 66.3 72.7
6.2 6 5.7 5.4 5.2 4.9 4.6 4.6 5 5.9 3 2.1 1.1 0.2 -0.8 -1.5 -1.9 -2.2 -2.2 -2.2 -2.2 -1.5 -1.2 -0.6 0.9 2.4 8.6 11.1 16.1 24 27.3 28.9 28 24.8 21.8 13.9 8.1 2.9 1.4 0.1 -2.2 -2.2 -2.2 -2.2 -2.2 -2.2 -1.4 -0.8 -0.1 0.5 1.1 1.7 2.3 3 3.6 6.2 6.4 7.8 10.1 11.2 14.8 20.3 25.3 29.4 32.2 35.1 34.9 35.3 36 39 40.8 45 48.1 51.1 54 56.1 58.4 60.7 62 63 62.4 61.8 61.9 62.5 65.1 65.9 67.2 67.8 69.9 73.2
6 5.7 5.5 5.2 4.9 4.7 4.4 4.5 4.6 5.2 5.6 2.5 1.5 0.5 -0.6 -1.6 -2.2 -2.2 -1.6 -1.1 -0.7 0 0.3 0.7 1.6 3.1 7.3 14.6 21.4 27.9 34.2 35.9 36.9 36.1 31.9 22.4 12.6 8.3 3.1 1.8 -2.2 -2.2 -2.2 -2.2 -2.2 -2.2 -1.5 -0.8 -0.2 0.5 1.2 1.8 2.5 3.2 4 5.8 8 10.1 11.4 13.2 21.6 25 30.9 35.9 38.9 41.7 42.9 43.7 45.9 49 52 54.6 57.5 60.2 62.9 65.2 67.3 69.5 70.6 69.4 69.5 68.9 68.4 69 70.4 71 71.3 71.7 72.7 75.2
5.8 5.5 5.2 5 4.7 4.4 4.3 4.4 4.5 4.6 5.4 3.2 2.1 1 0 -1.1 -2.2 -1.3 -0.5 0 0.5 1.1 1.7 2.1 2.6 3.2 11.9 17 26.9 38 45 46.6 48.8 47.9 43.6 34.5 18 11.4 6.5 6.3 1.7 -2.2 -2.2 -2.2 -2.2 -2.2 -1.7 -1 -0.3 0.4 1.1 1.8 2.5 3.3 5 7 8.7 10.5 14 18.4 28 34.4 40.3 44 46.9 49.6 51.2 52.6 55.2 58.2 60.8 64.6 66.7 68.5 71.5 74.4 76.2 77.7 76.6 75.4 74.9 75.4 75.4 75.5 75.2 75.4 75.8 76.7 77.7 79.1
5.5 5.3 5 4.7 4.5 4.2 4.1 4.2 4.4 4.5 4.6 5.7 2.8 2 1.1 -2.2 -2.2 -0.6 0.3 1.1 1.6 2.1 3 6.7 9.1 11 14.6 21.4 32.5 42.6 49.8 52.4 53.8 52.6 48.4 42.4 27.5 15.1 11.8 6.5 4.1 -2.2 -2.2 -2.2 -2.2 -2.2 -1.8 -1.1 -0.4 0.3 1 1.7 2.4 3.1 5.1 8.6 9.9 9.3 16.6 26.9 36 42.6 48.9 51.9 54.9 57.6 59.6 62.1 64 66.8 69 70.6 72.9 74.2 77.5 81.6 83.5 83.5 82.4 81.5 80.7 80.6 81.1 80.9 79.9 79.8 80.7 81.8 82.9 84
5.3 5 4.8 4.5 4.2 4 4 4.1 4.2 4.4 4.5 4.6 2.9 3.1 -2.2 -2.2 -1.5 -0.2 1.1 2 2.7 4.4 7.5 9 10.5 12.6 17.4 26.9 36.1 45.4 52.1 54.1 54.5 53.7 48.9 39.4 30.9 22 15.2 9.1 5.7 -2.2 -2.2 -2.2 -2.2 -2.2 -1.8 -1.1 -0.4 0.3 1 1.7 2.4 3 5.9 9.2 11.1 12.8 17.7 30.9 41.3 48.8 55.3 59.8 62.2 63.7 65.3 67.4 70.3 72.6 74.5 76.1 78.3 79.6 82.4 85.3 87 88.1 87.4 86.2 85.6 83.9 83.7 83.5 82.7 82.2 84.3 85.8 87.3 88.7
5.1 4.8 4.5 4.3 4 3.8 3.9 4 4.1 4.2 4.4 4.6 5.2 2.9 -2.2 -2.2 -0.2 0.8 1.6 2.7 5.6 7.6 8.5 10.4 12.1 14.8 21.6 30.6 39.2 47.8 52.1 52.6 51 49.5 44.9 37.6 31 23.4 15.4 9.8 6.4 -2.2 -2.2 -2.2 -2.2 -2.2 -1.8 -1.1 -0.4 0.3 1.1 1.8 2.4 3.1 5.8 9.4 11.4 15.1 21.3 27.9 37.6 46.9 54.7 60.5 64.8 67.1 69.5 71.8 73.7 76.3 79.1 81.2 82.7 83.9 85.6 87.4 87.9 87.9 88.2 88.7 87.8 86.2 85.5 84.8 83.8 83.7 85.1 88.1 89.5 91.5
4.8 4.6 4.3 4.1 3.8 3.6 3.7 3.9 4 4.1 4.2 4.6 5.1 3 -2.2 2.7 1.9 2.6 3.1 5.3 6.6 7.6 9.2 11.5 13.6 18 24.3 31.4 38.6 45.6 47.3 47.5 47.4 43.3 39.4 33 27.4 21.8 15.6 10 6.2 -2.2 -2.2 -2.2 -2.2 -2.2 -1.8 -1.1 -0.4 0.3 1.1 1.8 2.5 3.3 5.3 8.8 5.9 15.9 18.8 23.6 34.2 42.3 49.4 56.6 61.2 66.5 70.3 73 77.6 80.6 82.2 84 84.6 84.8 85.7 86.8 87.4 87.6 87.8 88.6 88.7 87.4 86 85.1 84.5 85.1 85.8 88.6 91.8 94.5
4.5 4.3 4.1 3.8 3.6 3.5 3.6 3.7 3.9 4 4.1 4.6 5.2 2.9 3.3 3.6 4.7 4.7 5.5 6.2 7.4 8 10 12.1 14.9 20 26 32.5 37.1 42.7 43.4 42.5 41.1 36.8 30.7 25.8 21.8 17.7 13.1 8.1 4.6 -2.2 -2.2 -2.2 -2.2 -2.2 -2.2 -1.2 -0.4 0.3 1 1.7 2.3 3.3 5.8 9.3 11 17.4 20.5 24.1 31.9 37.3 43.9 51 59.6 65.7 71.2 76 79.2 82.4 83.6 83.9 83.9 83.9 84.5 85.6 86.5 86.9 86.5 85.3 85.3 84.2 81.5 80.6 81.3 83.3 85.4 89.1 91.5 95.3
4.3 4.1 3.9 3.6 3.3 3.4 3.5 3.6 3.8 3.8 4 4.6 5.2 4.7 5.1 4.9 4.6 5.4 6.3 7.2 8 9.5 11.3 13 17.5 22.7 28.2 33.7 38.1 39.6 40.2 38.9 35.8 31.1 27.2 24.4 19.5 16.5 12.7 8.9 5.2 -2.2 -2.2 -2.2 -2.2 -2.2 -2.2 -1.6 -0.9 -0.2 0.5 1.3 2.3 3.4 6.3 9.7 13.3 23 28.5 36.9 42.9 47.8 53.3 58.2 64.2 69.4 74 78.4 81.5 84.1 84.5 83.7 82.5 80.1 83.1 84.5 85.1 83.8 82.5 81.5 78.7 76.8 75.7 75.8 77.3 80.3 83.3 85.9 91.4 95.5
4 3.9 3.6 3.4 3.1 3.2 3.4 3.5 3.6 3.7 4 4.6 4.6 3 4.6 4.4 5.1 6 7 7.9 8.9 10.9 12.7 14.4 19 25 31.3 35.9 38.1 37.6 36.5 33.9 30.7 26.8 22.2 19.4 16.1 12.7 9.7 7.5 4.9 -2.2 -2.2 -2.2 -2.2 -2.2 -2.2 -2.2 -1.4 -0.7 0.2 1 2.1 3.7 5.8 10.4 15.3 24.5 37.1 46.3 52.2 54.4 57.7 62.4 67.3 71.9 76.6 80.4 83.2 85.8 85.3 83 79.5 75.4 76.1 79.1 79.9 79.7 78 74 70.8 69.7 70.4 71.7 73.3 76.3 79.3 82.8 87.4 94.4
3.8 3.5 3.4 3.1 3 3.1 3.2 3.5 3.3 3.7 4.1 4.3 4 3.3 4.1 4.8 5.8 6.9 7.9 8.9 9.8 11.6 13.6 15.7 20.4 27.5 33.4 37.4 37.6 37.4 35.8 32.1 28.7 23.3 17.5 12.5 8.1 5.3 4.8 5.7 1.8 -2.2 -2.2 -2.2 -2.2 -2.2 -2.2 -2.2 -2 -1.3 -0.5 0.1 1.7 3.7 6.4 9.9 14.1 18.4 34 45.6 52.9 57.7 60.5 64.1 67.8 71.8 75.4 79.1 83.4 84.7 82.7 78.2 74.4 70.1 68.5 71.8 74.3 74.2 71.6 67.6 64.7 65.1 66.1 67.6 69.3 72.3 75.4 79 83.9 89.6
3.5 3.3 3.2 2.9 2.9 3 3.2 3.2 3.3 3.5 4 3.7 3.3 4.1 4.8 5.5 6.4 7.5 8.6 9.6 10.7 12.3 14.4 17.2 23.2 30.1 36.4 39.4 38.3 38.1 37.1 36.8 34.3 28.7 21.9 19.8 14.2 12.8 7.2 5.6 2.5 -2.2 -2.2 -2.2 -2.2 -2.2 -2.2 -2.2 -2.2 -2.2 -2.2 -2.2 1.3 3.1 5.3 8.8 5.9 16.3 28.8 39.9 43.5 50.5 55.4 59.7 64.4 69.6 73.9 77.7 79.5 78.8 75.6 71 66.8 63.5 63 65.6 68.1 68 66.2 62.3 60.3 61.2 61.5 62.9 65.2 68 71.4 74.9 79.3 84.1
3.3 3.1 2.9 2.7 2.7 3 3 2.9 3.3 3.5 3.4 3.5 4.1 4.7 5.5 6.2 6.9 8 9.1 10.1 11.4 13.5 15.5 19.6 25.8 32.6 39.7 41.9 43.4 42.3 41.6 38.9 35.2 33.5 28.7 26 23 18.2 13.9 5.5 1 -2.2 -2.2 -2.2 -2.2 -2.2 -2.2 -2.2 -2.2 -2.2 -2.2 -2.2 -2.2 -2.2 -2.2 6.3 9.3 13 19.8 28.9 38.2 43 45.8 54.3 61.3 65.3 67.2 69.1 69.6 69.7 68.6 63.9 60.5 58.2 57.6 59.7 62.3 63 60.9 58.1 56.5 56.8 56.6 58.1 60.4 63.6 66.9 70.6 74.9 77.7
3 2.8 2.5 2.4 2.7 2.9 2.7 2.9 3.2 3.1 3.7 4.1 4.9 5.5 6.2 6.9 7.6 8.5 9.3 10.2 12.9 14.8 17.4 22.4 28.4 35.9 42.4 49.5 51.7 52.2 50.6 46.7 43.9 41 34.4 30.4 26.9 22.3 17.2 11.5 -2.2 -2.2 -2.2 -2.2 -2.2 -2.2 -2.2 -2.2 -2.2 -2.2 -2.2 -2.2 -2.2 -2.2 -2.2 3 5.7 10.1 11.9 22.6 30.6 33.7 40.1 49.7 56.1 58.1 59.1 58.2 59.8 60.7 61.8 59.8 57.1 53.5 54.1 59.1 60.5 60.5 57.7 54.2 52.6 51.2 51.4 52.6 54.9 59.2 62.5 66.4 69.5 72
2.7 2.5 2.3 2.4 2.7 2.6 2.6 3.3 3.8 3.9 3.8 4.7 5.6 6.3 7 7.7 8.4 8.7 9.6 11.2 13.8 16.4 19.6 24.2 30.2 36.4 42.3 51.2 55.4 55.6 54.9 52.5 50.2 45.4 41.7 36.3 29.9 25.6 20.9 8.1 -2.2 -2.2 -2.2 -2.2 -2.2 -2.2 -2.2 -2.2 -2.2 -2.2 -2.2 -2.2 -2.2 -2.2 -2.2 -2.2 0.7 5.2 7.8 13.8 20.3 27.8 37.3 45.6 49.9 51.4 49.9 49.1 51.1 53.7 54.8 54.8 51.7 46 51.3 55.4 57.2 57.7 55.2 50.6 47.4 46.1 45 46.6 49.6 53.9 57.1 61.9 64.6 67
2.7 2.6 2.9 3 3.2 3.2 3.3 4 4.1 4.2 4.5 5.3 6.3 7.1 7.7 8.4 8.9 9.3 10.4 12.1 15 17.6 21.5 25.1 30.7 36.6 41.8 48.5 53 54.9 55 54 50.8 48 45.8 39.7 33.2 27.2 20.7 9.1 -2.2 -2.2 -2.2 -2.2 -2.2 -2.2 -2.2 -2.2 -2.2 -2.2 -2.2 -2.2 -2.2 -2 -1.2 -0.4 2 4.7 5 7.6 13.1 21.3 30.4 39.5 43 43.8 41.9 41.6 43.2 44.8 46.3 47.7 45.4 38.7 48.3 51.7 53.3 53.1 51.4 46.2 41.4 39.4 38.7 41.1 43.5 46.7 50.1 55.4 59.6 62.2
3.1 3.3 3.4 3.5 3.7 3.9 4 4.4 4.4 4.5 5.1 6 6.9 7.8 8.5 9.2 9.5 10.3 11.3 13.1 15.5 19.3 23.9 28 31.7 36.4 40.5 44.4 49.1 52.1 52.1 52.4 50.1 48.2 45 39.7 33.7 26.4 18.9 9.3 -2.2 -2.2 -2.2 -2.2 -2.2 -2.2 -2.2 -2.2 -2.2 -2.2 -2.2 -2.2 -0.6 0.2 0.9 1.7 4 5.1 4.7 5.6 8.6 14.2 19.9 26.3 29.5 31.3 30.4 31.3 33.3 34.8 36.3 39.3 36.4 36 42.7 43.9 43.7 43.6 39.3 35.3 35.3 38.3 41.6 44.9 47.5 46.4 45.7 49.5 54.3 57.8
