data/250000-760000.asc
ncols 200
nrows 200
xllcorner 250000
yllcorner 760000
cellsize 50
[rows 70 to 104 of 200, columns 0 to 78 of 200]
356 356 356 356 356 356 356 356 356 356 356 356 356 356 356 356 356 356 356 356 356 356 356 356 377.3 394.5 418.7 444.9 466.6 480 498.1 511.8 543.5 570.9 593.2 604.9 610.9 621 613.7 604.6 597.6 591.8 588.5 588.2 586.1 584.9 586.3 586.3 586.2 589 590.2 590.4 591.9 595.2 600.5 605.6 611.7 617.9 622.9 627.8 633 637.8 641.6 644.3 642.2 634.9 626.3 607.5 592.7 578.1 563.6 552.7 545.8 540.2 537.1 537.6 537.4 548.1 562.6
356 356 356 356 356 356 356 356 356 356 356 356 356 356 356 356 356 356 356 356 356 356 356 378.1 394.3 407 434.1 463.8 478.9 497 514.4 523.1 553.8 581.5 599.8 604.2 604.3 610.2 604.7 596.8 589.9 584.5 581.4 581.6 579.1 578.5 578.9 579.7 581.1 581.2 582.5 587.5 589.1 591.8 595.6 600.5 605.7 611.9 617 621.5 625.4 629.5 632.7 631.5 627.5 623.4 613.9 599.1 585 570.2 558.6 548.7 541.8 537.3 533.3 536 540.8 554.1 578.4
356 356 356 356 356 356 356 356 356 356 356 356 356 356 356 356 356 356 356 356 356 356 374.4 388.4 408.2 419.7 443.4 475.2 493.4 516.9 527.1 541.5 574.3 597 599.9 601.4 595.5 596 590.7 588.6 583.1 579 573.2 571 569.1 570 571.3 571 572.2 574.4 575.4 578.8 582.5 586 590.7 594.6 598.9 605.6 610.7 615.3 618.1 617.8 620.7 618.6 613.3 608.6 600.5 588.7 574.3 563.1 553.3 545.1 540 534.9 533.1 537.2 543.9 558.4 574.8
356 356 356 356 356 356 356 356 356 356 356 356 356 356 356 356 356 356 356 356 356 369.9 389.6 405.2 422.8 435.3 457 490.4 505.7 526.6 542.7 564.4 583.9 599.6 594.2 590.7 588.7 585.8 581.9 576.2 568.8 566.1 563.9 561.7 562.1 563.1 564.2 566.2 569 566.6 567.4 570.5 574.2 578.7 583.7 590.1 595.2 600.5 604.9 608.6 608.4 608.2 609 605.9 601.5 596 589.4 580.6 567 556.6 547.7 541.3 535.7 531.5 532.6 539.9 546.4 561.4 573.9
356 356 356 356 356 356 356 356 356 356 356 356 356 356 356 356 356 356 356 356 367.9 387.6 403.3 419.3 439.5 455.6 486.2 504.6 519 544.8 560.5 575.5 588.6 591.7 588.9 581.9 582.7 577.1 573.3 566.7 560.7 557.3 556.2 555.1 555.6 556.3 558.5 561.6 562.7 558.3 560.6 564.6 568.1 571.6 576.7 582.4 591 595.2 599.5 601.3 601 600.4 599.2 596.7 592.6 587.2 576.2 565.5 560 553.8 546.3 538.7 531.6 529.8 533.3 541.4 550 564.2 575.5
356 356 356 356 356 356 356 356 356 356 356 356 356 356 356 356 356 356 356 366 381.7 400.6 417.9 440.4 456.5 480.1 512 518.1 534.8 555.3 579.4 602 597.3 594 588.7 579.4 578.3 570.4 565 561.5 555.3 550.7 550.1 550.5 549.7 550.4 555.7 557.1 553.7 551.5 554.3 558.7 562.5 566.1 570.1 576.1 583.4 589.3 593.2 593.7 592.9 592.1 591.3 586.7 582 576.2 566.3 557.6 552.5 547 544.4 537.4 530.8 529.8 534.4 542.9 552.6 564.7 574.7
356 356 356 356 356 356 356 356 356 356 356 356 356 356 356 356 356 356 361.1 383.7 398.4 416 433.7 453.9 472.1 512.4 528.6 535.7 553.1 575.8 596.1 608.6 606.7 600.8 597.9 581.4 577.7 569.9 562.8 559.9 552.9 548.2 546.1 548.4 547.5 546 551.5 549.1 545.9 545.2 548.6 552.6 557.1 561 565.2 570.8 576.1 581.6 585.6 587.9 584.9 582.6 580 575.9 570.8 564.9 557.4 552.7 548.7 540.7 536.4 533.8 528.5 531.2 536.2 542.2 550.2 562.8 575
356 356 356 356 356 356 356 356 356 356 356 356 356 356 356 356 356 367.3 384.6 406.6 425.2 433 456.4 475 495.7 535 546.1 547.9 563.3 583.2 599.2 599.8 602.9 599.2 597.1 583.5 577.9 564.1 559 552.7 546.8 544.9 541.7 543 545.6 540.8 539.2 538.4 539.8 539 542.5 546.5 551.4 555.4 559.5 564.4 569.1 573.8 577.7 579.1 575.1 571.3 568.7 565.3 560.1 554.3 549 545.1 542.4 537.2 533 529.6 524.1 533 540.3 546.3 556 567.5 577.4
356 356 356 356 356 356 356 356 356 356 356 356 356 356 356 356 364.2 384.9 406.3 426.5 446.2 456 488 496.2 518.6 546.3 555.4 560.8 568.8 588 603.2 598.5 597 588.8 581.3 578.2 566.6 556.9 551.1 544.6 539.2 539 536 538.5 535.2 530 530.3 532.3 534.1 534.7 536.2 540.5 545.7 549.7 553.9 557.6 562.3 566.8 570.1 569.4 565.2 560.9 559 556.2 551.6 545.5 541.2 538.5 536.8 534.8 530.7 520.4 527.5 534.6 542.9 549.7 560.4 569.2 579.2
356 356 356 356 356 356 356 356 356 356 356 356 356 356 356 356.2 383.4 407.6 430 455.8 473.2 491.1 515.5 518 539.1 560.8 565.7 566.6 573.5 583.5 595 599.3 597.4 582.2 579.3 577.8 569.3 556.1 546.7 538.8 534.1 532.6 530.3 529.4 527.8 526 525.3 527.7 529 531 531.5 534.5 540 544.1 548.3 551.8 555.5 559.4 561 556.9 553.1 549.3 548.5 547.6 544.1 539.5 536.1 533.6 532.6 531.7 522.9 520.7 530.4 537.9 544.6 551.2 560.7 570 578.5
356 356 356 356 356 356 356 356 356 356 356 356 356 356 356 373.3 403.1 436.4 454.1 477.3 494.1 507.8 523.8 533.2 562 570.9 570.5 573.5 578.8 585.5 595.6 602.9 598.6 588.5 578 577.4 571.7 560.9 548.9 536.9 529.6 531.2 528 525 524.6 523.6 522.9 523.1 523.3 526.8 527.6 529.8 534.1 538 541.1 544.5 548 551.1 549.4 545.5 543 539.7 540.3 538.4 536.1 533.6 531.8 529.4 526.6 523.5 513.5 525.4 533.2 538.7 546 554.5 562.6 570.7 579.1
356 356 356 356 356 356 356 356 356 356 356 356 356 356 368.8 389 418.8 459.7 482 500.3 507.5 515.7 528.5 542 575.3 582.4 581.4 583.8 588.2 591.8 593.1 599.9 596.7 590.6 578.6 569.5 562.6 549.8 543.7 534 528.9 526.7 524.2 522.1 522.1 521.4 520.4 519.2 518.5 520.1 522 523.1 527 530.5 533.1 535.4 538.7 540.1 538.9 536 534.3 532.9 533.5 533.8 531.1 528.1 527 524.8 523.3 515.6 517.3 527.5 535.3 541.3 547.8 555.5 562.5 571.5 579.7
356 356 356 356 356 356 356 356 356 356 356 356 356 360.1 380.3 403.9 436.9 469.6 501.8 512.8 519.8 522 536.3 549.8 573.8 585.6 587.8 589.2 594.4 595 597.1 599.2 593.1 583.6 573.9 567.1 558.7 548.7 539.2 531.8 526.7 523 520.8 521.4 521.2 519.3 516.9 515.6 514.8 515.5 516.6 517.2 519.9 522.7 524.1 526.5 527.5 528.4 528.5 528 525.4 526 526.4 526.7 524.8 522.2 520.3 517.7 509.9 505.8 518.8 528.2 535.3 543.3 548.7 554.9 561.8 570.4 580
356 356 356 356 356 356 356 356 356 356 356 356 356 378.2 395.3 417.3 448.6 489.2 514.3 521.8 524 532 542.2 551.3 567.6 579.7 590.9 592.7 597.8 597.9 598.4 598.7 591.6 580.5 571.3 569.6 562.2 551 540 532.7 527.4 524.4 521.9 520.6 520.8 517.9 515 512.6 511.8 511.1 511.8 512.9 513.5 515.6 516.8 516.1 516.5 516.9 517.8 517.6 519.3 519.7 519.9 520.1 518.6 515.6 511.9 503.6 505.4 513.2 519.9 528.4 536.2 543.2 547.8 554.7 561.5 568.9 576.3
356 356 356 356 356 356 356 356 356 356 356 356 373.3 394.1 409.4 432.6 461.8 500.5 519.1 531.9 533.8 541.3 549.1 554.7 565.4 579.2 593.7 600.1 601.3 600 598.4 596.9 598.6 585.6 574.7 566 558.9 550.8 544.1 536.4 529.7 526.5 524.4 521.2 519.9 516.6 513.8 510.9 510.2 509.9 509.1 508.5 508.5 509.7 511.1 508.4 508.5 509.9 510.1 510.9 512.5 514.3 514.4 514.2 512.6 510 501.6 501.8 512.3 519.2 525.2 529.8 536.5 541.8 547.7 553.3 560.1 566.8 574
356 356 356 356 356 356 356 356 356 356 356 369.1 386 415.2 432.9 451 476.3 514 521.4 538.7 548.4 546.1 554.4 561.4 575 582.7 591.8 602.8 606.8 608.4 606.1 597.7 601.4 593.8 579.2 568.3 563 556.3 548.4 543.3 536.9 528.9 526.9 523.5 518.4 515.5 512.6 509.7 508 506.8 505.6 504.7 504.1 506.4 508.2 504.8 501.4 502.7 504 504.6 505.8 508.1 509 507.9 506.3 502.8 496.1 505.6 514.8 520.5 524.5 528.1 532.7 539 546 552 557.6 564.4 570
356 356 356 356 356 356 356 356 356 356 362.5 383.1 400.6 435.5 447.4 473.4 498.5 530.9 529.1 539 557.5 553.7 558.7 565.3 577.3 592.7 597 598.2 605.4 606.7 607.8 599.5 596.2 591.4 579.3 569 562.8 560.5 552.9 548.9 542 533.5 526.3 521.4 517.2 513.7 511.3 507.8 504.6 503.4 502.2 501.1 501.7 503.6 505.1 502.1 499.8 497.6 499 500.4 500.3 501.8 503.2 501.8 496.8 491.1 500.8 508.6 513.8 517.7 521.7 525.5 531.6 538.7 544 548.8 554.2 560.7 563.7
356 356 356 356 356 356 356 356 356 356 375 400.3 419.2 446.8 459.2 487.8 523.9 538.2 541.1 545 565.2 565.5 565.4 569.4 579.4 597 607.5 607.1 611.7 610.1 608.3 605.1 595.2 586.5 576.9 568.2 560.9 556.8 555.6 550.8 545.7 537.8 529.8 522.7 518.1 514 509.9 505.3 500.6 499.4 498.6 497.5 499.5 501.4 502.7 501.6 499.3 496.7 493.2 494.5 492.8 496.1 497.6 493.3 486.7 494.7 501.8 507 511 515 518.8 523.5 529.3 535.7 541.3 546.5 551.6 554.2 557.2
356 356 356 356 356 356 356 356 356 356 383.5 406.3 428.1 446.7 467.5 499.8 538.1 549.7 563.9 559 573.5 580.3 574.3 573.7 581.7 597.1 610 610.1 610.2 610 609.2 605.4 596.7 585.5 574.7 569.7 562.2 556.8 553.9 551.4 549.3 541.6 535.6 528.2 521 516.3 511.3 505.4 501.3 497 495.5 493.2 495.5 498.3 499.9 498.4 498.8 494.8 490.8 489.2 487.2 488.6 488.4 484 489 497 499.8 503.7 507.9 512 516.2 520.5 525.8 531.9 534.6 538.6 543.2 545.8 547.9
356 356 356 356 356 356 356 356 356 374.1 389.6 411.2 432.2 452.8 476.7 508.9 543.7 557.2 574.2 571.4 575.7 580.9 580.8 580.3 588.7 600.7 612.6 617.2 616.6 611.6 605.7 598.7 594.8 588.9 578.5 568.5 561.6 555.5 552.6 551 550.3 545.1 539.8 533.9 529.3 521 512.8 506.7 501.7 497.9 493.5 490 490.4 490.9 492.5 495.8 498.9 496.6 490.5 487.6 484.4 483.1 480.8 479.7 489.6 492.7 495.4 500.3 504 508.2 511.8 516.4 520.2 525.5 528.6 530.9 535.7 538.5 545.3
356 356 356 356 356 356 356 356 359.5 376.3 394.4 420.5 440.3 460.5 489.7 514.4 548.3 566.9 583.3 584.5 589.3 579.1 580.4 584.2 583.6 598.3 611.6 617 621.5 618.3 604.5 599.5 597.5 591.9 580.5 569.4 559.7 555.1 552 550.4 553.4 550.2 544.8 539.6 533.5 525.5 516.1 508.4 502.1 499 495.5 492.1 490.5 489.6 490.3 495.5 499.8 498 490.7 486.3 481.7 479.2 476.9 481 488 489.9 491 495.9 500.2 503.2 504.4 511.2 514.1 516.6 519.6 528.2 534.4 544.2 552.4
356 356 356 356 356 356 356 356 367.5 381.9 403.3 423.3 450.9 474.9 498.1 517.3 543.3 567.2 579 589.7 589.2 581.5 579.2 578.2 580.1 588.6 602.7 610.6 616.7 615.4 604.2 599.4 599.9 591.7 580.7 568.1 560.4 554.7 551.5 551.1 553.9 551.5 549.9 544 535.3 528.7 519.2 511.3 505.9 501.3 497.8 492.6 489.6 488.2 489 495.6 500.4 495.7 489.6 485.3 482.5 480 479 478.3 485.6 487.5 488.5 490.7 493.2 493.3 495.9 501.1 507.7 517.4 523.2 530.9 537.1 544.7 553.3
356 356 356 356 356 356 356 358.7 377.2 389.3 407.7 425.4 446.9 478.6 501.2 517.6 541.5 565.4 570.2 576 579.2 580.6 577.5 574 574.6 582.7 598.5 604.1 603.9 602.6 600.1 596.4 593.7 587 576.5 565.6 559.8 558.7 553.2 549.4 554.1 555.3 556.4 548.2 536.9 531.7 521.7 514 508.7 503 497.5 492.3 489.1 488 486.9 494.9 497.9 492.3 488.2 484.5 481 477.8 471.6 477.1 480.7 484.4 485.6 486.1 488.1 492.2 497 501.5 510.2 515.5 523.1 530 536.3 543.8 553
356 356 356 356 356 356 356 361.8 380.2 394.5 411.8 430.3 447.7 474.6 501 516.5 533 553.7 558.6 562.9 568.8 571.2 571.2 568.7 571.7 577.7 588.1 593.4 593.7 590.6 593 592 588.2 581.8 573.5 568 564.6 561.1 556.8 550.5 552.8 555.3 559.6 556 540 530.8 523.1 515.4 509 503.1 497.1 492.1 487.7 485.6 485 487.8 489.9 489.3 486.5 483.5 479.7 473.9 469.6 474.5 476.1 482.2 482.4 481.4 486.1 489.2 493.5 498.6 507 513.2 522.1 529.2 535.7 543.3 551.7
356 356 356 356 356 356 356 369.7 382.8 400.5 413.8 432.5 448.9 479.7 506.6 517.9 527.4 541.8 547.8 550.5 559.1 558.6 560.9 563.5 567.5 573 574.3 581.8 584.2 581.5 582.8 585.7 580.9 577.4 571.8 569.5 569.5 563.9 553.7 548.7 550 548.8 553 550.7 538.1 530.4 522.6 514.4 508.4 503.5 498.7 492.1 487.6 481.7 481.1 481.8 485.1 487.2 484.5 481.9 480.4 475.9 469.5 468.4 470.6 480.1 481.4 476.9 486.1 487.4 491.7 497.5 505.7 514.4 522.3 529.6 536.6 543.6 551.9
356 356 356 356 356 356 356 371.8 385.2 399.5 414.6 434.5 452.4 480.7 505.3 512.2 519.8 530 535.7 539.5 545.9 549.7 552.7 557.2 561.2 565.7 568.2 573.6 574.9 574 574.9 577.3 576.1 573 570 570.3 570.3 561.7 552.3 546.2 544.5 544.4 545.6 541.7 534 528.6 522 514.5 508.7 504.2 499.4 492.4 487 482.3 481.2 481 481.5 483.8 483 481.2 479.2 475.5 469.8 464.8 469.4 477.3 475.3 482.8 484.9 486.1 491 497.5 507.5 516.5 524 530.4 537 544.5 554.2
356 356 356 356 356 356 356.7 374.3 386.7 400.5 417 434.1 454.3 469.3 489.3 503.5 510.6 521.4 526.6 530.6 537.8 540.3 543.6 549.3 554.6 558.8 562.9 567.7 567.8 567.6 568.6 570.7 571.1 570 569.1 570 569.4 560.4 550.5 543.6 541.7 538.3 537.4 534.4 528.2 523.8 519.4 513.5 508 502.5 496.8 489.9 486.2 482.4 480.5 481 480.7 482 480.2 478.2 476.2 473.1 469.2 463.7 467.9 476.4 477.4 481.5 482.7 485.6 490.3 498.3 509.1 516.2 522.1 529.8 538.1 545.9 557.7
356 356 356 356 356 356 360.3 374.8 385.6 398.6 414.9 430.7 450.5 462.9 477.9 491.1 498.7 507.5 516.7 522.7 529.2 530.7 535.9 542.7 549.1 551.2 555.7 560.4 562.3 562.1 563.4 566.8 569.3 569.6 569.4 565.8 561.2 558.1 548.9 541.4 539.4 533.7 531 526.8 523.8 521 515.9 510.1 503.9 498.3 491.9 486.8 482.6 480 479.7 480.5 480.9 481.5 478.3 475.2 473.2 470.4 465.6 462.1 473.2 476.4 478.1 480.7 483.4 488.7 492.9 500.1 511.4 517.8 524.6 530.9 539.2 549.9 561.1
356 356 356 356 356 356 359.8 373.5 388.3 397.1 412.8 428.1 441.4 455.1 467.2 478.8 487.2 495.7 504.1 514.1 519.8 521.4 528 535.7 542 544.4 546.8 549.7 551.7 554.6 558.6 563.2 565.7 564.8 561.8 559 556 554.9 547.7 539.5 533.8 529.4 526.6 521.9 519.8 516.9 511.1 504.6 498.6 493.9 488.5 483.9 479.8 477.9 479.2 480.2 480.8 480 476.8 473.7 470.5 467.2 464.2 464.7 471.1 474.5 477.7 481 485.3 490.3 496 502.8 512.8 519.2 526.2 533.2 540.4 553.2 564.1
356 356 356 356 356 356 357.5 370 384.2 398.3 410.8 423.8 435.7 448.8 458.6 467.1 476 483.9 494.6 504.7 509.2 514.1 520.6 528.3 534.7 537.4 539.8 541.5 543.7 547.3 554.4 557.6 560.5 560.1 557.6 554.9 550.5 546.5 542.9 537.4 531.3 527.2 523.8 520.1 515 510 506.4 501.5 496.1 490.7 486.7 482.1 478.3 475.4 474.5 477.1 480.1 478 474.8 471.6 468.2 464 463.7 463.1 471.2 474.1 477.6 482.2 486.8 492.1 500.2 508.2 514.7 520.4 527.1 533.6 541.2 553.9 564.2
356 356 356 356 356 356 356 368 382.5 394.6 406.1 420.6 431.8 443.6 451.9 459.4 464.1 472.5 487.7 495.2 500.7 506.5 513.3 520.6 527.5 530.8 533.2 535 537.3 540.8 548.1 552.4 554.9 556.9 554.3 551.6 546.3 540.2 536.3 531.9 530.3 526.8 521.2 514.9 509.5 503.8 502.8 498.9 493.8 488.1 484.4 480.3 476.6 473.3 471.6 472.9 475.4 474.6 472.1 468.7 465.3 461.5 459.4 462.5 470.2 473.6 478.9 483.5 488.9 496 504 511 516.5 522 527.7 534.2 543.6 555.5 567.9
356 356 356 356 356 356 356 369.2 379.9 389.7 402.7 416.7 426.9 436.8 443.8 451.4 457.6 462.5 477.8 484.2 491.5 499.1 506 513.1 520.3 525.2 527.2 529.3 532.9 536.4 542.1 548.1 550.5 552.6 552.5 549.6 544.9 539.4 532 527.1 524.8 520.8 514.8 509.4 504.5 499.3 496.8 495.2 490.6 485.5 481.4 478.5 474.9 471.5 469.6 469.2 470.4 470.1 469.3 466.1 462.9 459.9 460.2 461 468 472.4 479.2 485.2 490.9 498.7 506.4 512.9 518.7 524.5 530 536.5 546.3 557.7 570.5
356 356 356 356 356 356 356 363.6 376.8 386.4 396.7 410.8 420.2 429.8 435.5 446.5 449.8 457 464.5 475.6 483.2 491.2 500.3 506.4 512.6 518.7 521.6 524.6 527.8 533.4 537.9 544 546.3 548.3 550.3 551.2 547.8 538.3 531.6 524.2 518.3 512.8 508.8 505 500.5 495.8 490.5 488.5 484.4 480.5 478.1 475.4 472.6 469.2 467.4 465 464.6 465.1 465 464.4 461.5 458.1 458.9 460.1 465 471.4 478.1 485.7 492.5 498.7 506 512.8 518.9 524.3 530.3 538 548.6 559.3 573
356 356 356 356 356 356 356 367.2 376 385.5 393.7 403.6 412.6 420.4 427.9 435 441.4 448.4 457.3 466.9 477.1 486 495.3 501 507 512.7 516.1 519.1 522.6 530.5 534.9 539.2 541.8 543 544.2 548.4 545.7 537.1 529.4 522.4 515.2 508.5 504.5 500.6 496 491.5 486.1 481.6 478.1 474.6 472.4 471 469.4 466.2 463.7 461.5 460.6 459.9 459.7 461.1 460.1 451.9 454.1 460.5 466.3 472.3 479.5 487.1 494.4 500.8 506.7 511.8 518.3 524.8 532 539.6 551.8 561 573.9
356 356 356 356 356 356 356 363.1 373.3 381.2 389.6 398.6 407.2 414.5 421.6 427.2 434.1 442.4 451.3 460.7 470.1 478.4 488.5 494.9 500.5 505.5 509.6 514.1 518.4 526.6 533 538.3 539.6 539.2 538.4 539.4 540.7 535.6 527.7 519 512.8 506 500.7 496.1 491 485.7 480.1 475.2 472.1 469.3 467.1 464.8 463.5 461.9 461.1 459.8 457.6 455.5 454.3 455.4 453.9 449.7 455.4 462.5 468.1 473.9 481.2 487.6 494.1 500.2 505.9 511.7 517.6 525.3 533.4 541.5 552.5 561.7 573.9
