data/250000-790000.asc
ncols 200
nrows 200
xllcorner 250000
yllcorner 790000
cellsize 50
[rows 140 to 174 of 200, columns 78 to 155 of 200]
289.6 287.7 282.6 280.1 275.9 271 269.1 273.6 273.9 268.6 268.1 268.3 268.3 268.3 268.3 268.3 269.9 288.2 291 292.8 289.1 283.1 279 274.8 270.7 270.2 268.6 268.4 268.3 268.1 268 268.3 267.7 267.5 267.4 267.9 268.9 271.4 273.6 274.6 273.5 274.7 273.6 270.7 271.6 275.6 273.8 273.5 273.3 278.1 270.4 270.7 272.5 281.2 287 286.9 281.7 277.5 277.9 273.4 274.2 273.1 271.7 275.2 281 285.4 290.3 295.4 298.4 299.5 300.2 302.7 304.8 310.6 316.4 325.3 334.5 343
286.3 286.7 282.4 277.1 272.6 272 272.9 275.8 273.7 268 268.3 268.3 268.3 268.3 268.3 268.4 283.8 289.3 289.5 288.7 286.5 282.7 279.3 277.7 277.9 279.6 279 277.8 276.1 275.2 275.6 269.2 269 266.4 266.8 266.6 271.9 274.4 274.3 280 278.5 280.8 277.6 275.7 275.4 280.6 286.3 281.1 277.7 277.7 275.3 277 282.3 286 290.3 292.1 288.5 280.9 282.5 278.8 277.3 278.9 278.2 285.7 289.4 294.3 299 302.6 305.3 307.3 309.6 312.8 317.4 325.9 337.1 347.4 354.4 362.1
284.1 281.3 279.4 275.6 275.1 277.7 274.1 271.3 268.3 268.2 268.2 268.3 268.3 268.3 268.2 281.3 285.8 289 288.9 287.7 285.9 284.6 283.7 287.2 290 286.1 293.1 292.6 288.5 288.2 284.9 280.6 274.6 270.4 271.5 267.3 271.5 275.3 275.5 279.3 282 282.8 278.8 277.1 276.4 278.5 281.2 279.6 278.7 279 280.1 286.8 289.9 287.4 288.3 288.2 284.8 287.5 289.5 282.6 282.4 283.7 287.5 292.4 298.4 303.3 307.6 311.2 314.5 317.4 322.9 328.7 336.4 347.6 360.2 371.1 376.7 383.2
284.4 281.6 279.8 278.8 279.5 277.5 270.5 268.6 268.3 268.3 268.3 268.3 268.3 268.3 269.6 282.2 286.1 288.7 288.7 288.3 287.4 287.1 292.2 300.5 298.4 291.3 290.8 296 290.9 294.1 292.6 284.2 274.8 275.8 273.5 271 269.7 270.8 273.6 276.7 279.4 281.1 280.2 279.3 278.8 279.8 282.2 282.5 281 283.1 288.3 291.5 293.7 290.4 289 290.8 293.9 294.2 293.2 286.1 288.9 291.8 296.6 301.4 306.5 311.8 316.4 320.6 326.2 333 348.3 360.5 372.7 382.1 393.3 400.6 405.4 408
283.1 282.2 281.3 284 279.3 271.6 269.3 267.3 268.3 268.3 268.3 268.3 268.3 268.3 280.2 286 286.9 289.3 289.8 290.2 290.7 290.8 296.2 297.6 296.5 294.4 290.1 289.2 287.2 290.5 286.2 285.4 287.9 282.5 279.9 275.2 271.9 271.7 274.8 277.4 280.7 284.3 284.2 283.4 282.4 283.2 284.6 283.9 286.5 290.8 292.3 293.2 293 294.8 295.2 295.1 298.6 297.5 298.7 295.2 297.6 301.2 306 310.8 318.4 323.9 327.8 336.4 345 364 380.9 390 397.9 405.8 415.8 431.5 435.3 437.1
284 281.5 284.7 286.5 276.3 271.2 268.1 266.7 267.5 268.3 268.2 268.3 268.2 270.6 283.3 288 289 289.6 289.8 290 291.5 291.7 294 295.9 295.8 292 288 285.9 285.2 284.4 284.6 287.3 289.7 287.8 282.8 279.3 273.5 273.6 277.6 279 282.1 284.9 287.9 287.3 287.3 288.6 288.5 288.4 290.9 294.6 298.6 297.7 296.4 298.4 301.3 302.8 302.9 305.9 301.1 302.8 307.2 311.1 315.8 322.3 330 336.2 344.7 360.5 374.3 388.3 399.1 406.8 422.8 432.5 450.5 461.4 466.2 469
283 282.4 284.1 279 271 269.9 268.5 266 265.9 268.3 268.3 268.3 265.8 272.7 282.8 286.2 288.8 289.3 289.5 289.9 291.8 291.1 294.6 296.3 291.5 288.1 286.1 286.3 286.9 289.1 289.7 292.4 291.3 289.2 286 282.7 277.5 277.1 280.5 281.1 285.7 288.1 292.4 292.3 292.9 292.6 292.2 292.9 296.8 299.9 303.4 305.5 304.6 305.8 307.5 310.7 312.5 311.9 311.9 314.6 317.9 322.1 327.6 335.7 343.7 355.2 369.3 385.3 396.1 405.3 420.7 439.9 450.1 458.1 471.2 478.2 487 481.7
277.2 280.4 276.3 271.3 269.5 268 267.2 268.4 266.3 265.8 265.8 265.9 266.9 273.6 282 286.4 288.5 289 289.3 289.8 289.1 289.1 289.1 287.3 287 286.7 287.4 288.1 288.5 290.6 293.6 295.2 296.9 295.9 293.4 289.8 286.2 285.3 287 292.3 292.7 292.5 294.2 294.2 295.2 295 296.8 300.1 303.7 308.9 314.9 318.2 317.7 319.9 324.4 322.4 323.4 322.6 322.6 325.6 329.2 334.8 341.5 351.1 364.3 375.7 389.7 404.4 413.1 429.6 445.8 459.6 470.1 476.4 483.4 494.4 497 468.5
271.4 271.1 270.6 269.8 268.9 267.8 268 267.4 265.3 266 266.2 266.7 267.4 271 279.2 285.5 289.3 290.1 290.7 290.3 289.2 288.7 288.7 289 289.5 289.7 290.5 291.7 296.7 299.5 301.3 300.3 301.6 299.7 299.6 295.9 292.3 293.5 296.5 297.7 298.2 298.8 299.7 299.3 300.6 303.1 305.7 311.3 315.5 321.1 329.4 333.1 334.5 341.7 342.4 340.9 336.8 330.3 333.7 337 342.3 349.9 358.9 370.6 382.3 393.5 406.7 420.5 432.6 451.3 461.1 475.6 482.9 490.5 499.1 510.5 502.2 460
270.3 270.2 269.9 269 268.4 268.4 268.2 267.3 266 266.1 266.7 268.6 270.9 276.6 283.7 290.6 293.5 294.9 293.2 291.6 290.3 290 291.3 294.6 294.8 296.7 298.6 300.8 304.7 309.7 313 312.8 313.7 311.7 312.3 312.1 306.7 303.4 306 308.3 309.2 307.6 308.2 309.6 312.1 316.3 315.9 322.1 328 338 346.6 351.7 356.9 360.7 363.1 357 348.6 340.1 346.1 351.2 357.6 367.5 375.5 386.4 398.5 411 422.4 435 448.7 462.6 474.6 484.4 493.5 504 513.4 515.8 491.1 446.9
269.8 269.7 269 268.9 268.3 268.2 268.7 268.4 267.4 268.2 268.3 274.3 281 287.9 292.4 295.1 298.9 302.3 296.3 294.1 293.1 293.3 294.8 299.5 303.8 306.2 309.9 315.2 319.8 323.2 327.1 331.7 333.5 331.3 330.1 331.2 325.8 322.4 320 321.3 325.1 323.8 320.7 322.1 322.3 327.2 334.2 343 349.3 359.7 370.3 378.2 387.1 383.8 377.1 364.8 352.1 354.4 360.8 366.8 376 384.2 392.6 402.7 414.1 426.1 438.1 450.9 462.5 472.9 483.7 495.1 504.6 516.2 524.3 520.3 472.7 433.6
269.6 270 269.1 268.3 268 267.8 267.9 268.3 268.4 271.3 276.3 284.2 292.4 301.7 305.1 306.8 308.7 309.6 301.2 299.1 298.2 299.8 302.5 310.5 314.2 320.2 325.9 331.1 338.1 344.1 349.8 354.7 357 354.7 356.2 355.1 352.4 351 349.4 347.6 345.6 344.1 341.1 336.4 338.2 346.6 358.9 369.5 379.5 391.4 403.9 408.6 407.2 398.6 384.3 368.8 362.5 371.1 377.5 382.9 391 400.2 409.2 419.4 429.7 441.4 453.5 464.6 473.8 482.7 493.7 504.7 515.1 527.7 532 517.2 475.2 427.7
272.7 270.9 270.2 269.4 268.8 268.3 268.8 270 272.1 277 286.1 295.1 308.3 320.8 329.3 325.5 322.8 311 306 304.3 305.6 308.3 315.2 326.5 329.8 336.2 342.3 348.9 355.8 365.9 373.6 378.8 384.6 386.6 382.1 378.6 379.6 379.8 383.7 378.1 375.7 369.6 367.2 363.9 364.4 373.6 390 408.6 416.4 424.7 426.8 420.1 411.7 400.4 385 373.1 378.6 385.7 397 401.2 403.3 412.1 422.2 432.1 442.4 454.2 465.1 474.9 484 492 504.7 516.9 526.9 535.3 535.1 509.7 470.2 416.9
273.7 272.5 271.7 270.4 269.7 269.6 270.3 272.5 279.3 286.9 296.3 309.1 325.8 344 354.7 341.5 329.2 316.4 313.8 314.2 315.4 320.4 331.6 345.3 348.3 356.6 362.2 368.1 375.4 387 396.1 402.6 410.6 411 408 405.4 405.3 403.9 403.4 400 404.6 401.7 399.2 405.4 409.7 416.6 430.3 437 434.8 430.3 425.7 418.6 412.4 398.9 388.4 384.4 394.6 400.1 403.7 407.8 413.6 422.9 432.8 443.1 453.7 464.5 474.9 484.4 495.6 502.3 514.9 528.4 536.3 541.8 531.4 504.5 461.8 414.1
279.9 276.1 273.9 271.7 271.7 271.4 273.3 276.7 284.5 295.6 308.2 327.8 355.2 378.3 369.8 353 337.5 327.1 324.9 327.1 330.3 339.9 353.1 359.1 364.8 372 380.7 390.7 400.2 411.7 420 427.4 430.8 432.4 431.3 425.7 420.5 417 423.9 435.2 437.6 449.8 444.9 444 446.6 446.9 443.9 438.7 435 431.1 424.3 417 409.7 400.4 391.7 400.9 403.9 407.5 411.5 415.6 422.4 432.3 442.6 452.6 463.6 474.6 484.5 494 508.5 522.4 533.7 539.9 537.3 544.6 527.1 503.9 463.5 411.6
283 280.9 276.8 274 275.5 275.5 278.5 283.2 293.8 307.4 332.1 365 396.6 414.8 394.6 369.3 352.8 341.3 339.5 344 351.4 358.5 369 375.9 382.1 387.2 395.6 404.7 412.5 421.5 427.5 432.5 433.6 433.2 429.7 427.2 431 444 459.9 469.9 477.9 482.5 485.4 475.6 460.2 450.6 445.2 440.6 433.9 428.2 422.7 415.5 408.5 405.8 406.5 408.8 411.7 415 418.7 423.5 431.4 440.9 450.9 461.1 473.2 484.3 494.2 507.2 522.1 537.2 545.7 543.8 532.4 537.8 528.7 495.3 461.9 432.2
283.8 282.3 278.9 278.9 280.6 281.8 284.8 294.7 307.8 328.7 364 401.3 429.2 435.5 417 387.5 370.4 358.7 358.4 363.5 370.1 376.9 384.3 390.8 397.1 401.9 406.3 414.7 426.5 431.7 431.5 434.6 435.2 437.7 443.2 455.9 460.5 477.8 490.3 505.9 513.3 506.4 484.7 468.4 457.8 451.3 445.4 439.5 432.3 426.2 421.9 419.4 417.2 411.1 414.2 416.8 419.5 422.8 425.9 433.6 440.9 449.4 456.5 468.9 481.3 491 502.1 515.3 533 549.5 550 536 519.9 516.4 515 503.8 481.1 436.1
287.2 285.7 282.5 284.8 286.9 289.3 295.5 305.5 324.2 357.4 399.4 434.5 453.4 449.2 424.5 401.8 382 374.7 376.7 381.1 387 393.6 399.5 405.3 411.3 415.1 417.8 424.3 432.4 440 443.9 445.3 450.3 463.4 472.4 485.2 494.7 507.1 518.4 523.6 516 495.4 477.1 469 459.8 452.7 446.6 440.1 434 428.8 426.5 424.5 422.6 419.6 420 422.8 425.8 429.4 434.8 443 451 456.1 465.7 476.8 487 497.3 509.4 523.8 542.5 553.2 546.2 533.9 514.7 506.8 494.8 486.1 466.7 439.8
291 289.2 289.9 290 291.9 296.1 304.5 321 347.2 388 432.4 462.9 484.2 463.7 433.9 409 393.7 393.1 395.7 400.2 405.2 408.9 414.7 420.7 427.9 434.5 435.4 437.6 442.3 448.2 458.4 464.4 477.3 491.4 498.1 509.4 518.6 531 536.2 524.7 504.2 488.3 477.5 470.3 461.3 455 450.6 445.5 438.3 434.2 432.4 429.7 428.2 426.2 425.2 428.9 432.1 436.5 442.6 450.1 457.5 463.4 472.9 483.7 494 503.4 515.5 530.7 545.7 549 542.9 531.5 515.2 495 479.6 470.7 448.3 419.7
294.3 293.1 294.3 295.3 298.5 304.5 317.6 337.2 365.5 407.1 451.1 476.3 481.7 467.2 441.1 421.1 411 408.8 415.3 426.6 430.6 433.8 442.5 443.4 450.5 458.5 465.3 461 462.2 468 476.1 485.8 499.1 514.4 522.7 529.4 542.7 551.6 536.7 517.8 498.8 489.3 480 472.3 464.9 459.5 453.8 448.4 442.6 440.1 438.1 435.8 434 432.1 432.3 435.5 438.7 442.6 448.7 455.3 462 471.2 481.2 491 500.3 509.1 520 534.2 550.9 561 552.6 524.6 507.2 485.1 465.3 456.2 438.2 422.2
297.1 297.1 298.1 300.6 306.7 317.4 331.1 357.1 389.9 425.4 461.1 472.6 468.8 458.9 448.8 437.7 428.5 434.1 447.7 457 453.8 461.3 474.1 476.7 482.9 487.6 481.1 477.8 482.4 491.5 501.2 509 522.5 536.5 553.8 565.5 559 549.2 534.4 513.5 502.3 491.9 482.7 474.9 468.1 463.2 456.6 451.3 446.8 444.3 442.9 441 438.1 435.5 437.8 441.1 444.3 448 454.2 460.2 466.3 477.1 487.7 497.9 504.9 515.4 528.9 544.7 559.4 559.4 546.7 529 511 487.2 469.4 452.1 439.9 411
302.9 301.3 302.3 308.3 316.8 329.6 346.2 379.8 413.4 434.9 451.9 460.7 456.2 455.8 454 446.5 440.6 449.6 469 486.6 474.7 486.9 500.6 504.9 504.8 499.3 498.4 502.4 506.9 517.1 526.3 533.5 541.4 558.4 576.4 569.3 559.7 543.6 527.9 515.8 505.7 495.1 484.1 475.3 468.7 464.8 459.6 455.3 451.5 448.4 447.2 445.1 442.5 441.6 442.9 446.1 449.4 453 459.1 465.8 473.1 482.2 492.3 502.3 510.1 523.7 539.8 552 558.7 556.5 543.5 531.5 508.8 490.1 478.1 452.6 427.8 396.8
306.5 306.1 308.4 318.9 330.7 344.7 366.3 395.5 423.9 442 451.3 452.4 453.9 459.7 464.1 453.2 453.7 460.7 480.6 497.2 498.5 514.7 524 518 517 520.7 524.5 527.5 528.6 538.8 549.3 558.1 564.5 574.5 576.1 570.6 559.9 545.6 533.9 520.2 509.3 501.1 491.2 479.8 473.1 468.4 464.6 459.5 455.7 453 451 449 449.1 448.5 446.9 451.2 454.6 458 463.6 471.3 478 487.5 495.5 504.7 517.6 532.7 540.7 545.5 549.3 543.4 532.7 520.2 512.4 491.7 473.4 448.1 422.4 402.7
309.9 310.2 317.1 330.7 348.4 359.2 381.1 406.1 428.8 441.6 445.5 450 459.3 470 471.1 461.8 468.4 468.6 485.3 502.6 518.7 529.5 527.2 531 537.8 543.9 545.3 546.5 547.8 557.9 567.9 579.8 589.6 592.6 589.7 572.7 560.7 552.9 546.4 523.5 512.1 503.5 492.6 484.9 477.9 472 470 465.2 462.4 458.4 457.3 456.9 458 455.3 455 455.6 458.7 461.9 466.7 474.6 481.7 489.6 498.7 513.6 521.8 531.1 532.5 532.1 532.2 528.2 527 531.6 528.4 506.1 485.2 455.8 433.5 405
312.9 315.1 326.6 349.6 367.6 373.1 393.6 410.3 425.4 435.7 439.4 450.6 460.5 472.2 476.6 474.6 476.8 478.5 495.6 514.1 525.2 537.6 550.9 562.9 560.2 560.4 561.4 563 569.5 581.3 592.7 600.5 604.5 603.8 599.1 591.9 577.1 565.4 553 531.3 515.5 506.2 500.6 492.8 485.2 478.7 474.6 472.5 470.3 467 465.2 463.7 463.1 460.6 457.9 459.9 462.7 465.5 470.5 477.1 484.6 493.2 504 515.9 520.7 523.8 520.4 524.3 526.2 529.1 532.8 534.8 523.5 503.9 481.3 452.3 419.1 384.9
316.6 323 344.9 366.1 378.2 388.3 395 408.6 420.8 429 439.2 451.5 462.2 477 479.7 485.5 491.5 490 509.2 525.6 538.6 564.3 578.7 582.3 587.6 585.4 586 587.1 591.8 597.8 601.9 603.6 605.5 607.1 605.5 594.7 580.8 570.8 557 534.1 524.6 521.9 512.5 503.5 494.6 488.4 484.2 480.9 478.1 475.4 473 470.8 468 465.6 463.1 464.9 467 468.9 473.1 479.3 487.7 497.5 508.2 519.2 515.7 514.7 512 517.7 522.6 523.6 521.7 530.3 517.3 500.8 478.3 438.6 402.8 373
320.4 330.7 353.2 370.4 387.1 397.1 403.1 411.8 420.2 426.8 436.2 452 467.6 477.4 486.9 500.3 502.7 503.3 523.6 542.3 554.9 581.6 595.7 599.2 601.4 600.3 599.8 598.6 596.1 596.1 596.1 597.6 604.2 608.5 608 607.2 596.6 577.5 562.1 547.7 536.7 526.8 521.9 514.4 506.1 498 494 490.5 487 483.4 480.8 477.6 474.5 471.2 468.7 470.4 472.4 473.7 475.1 481.3 488.6 497.2 505.1 510.6 507.9 496.2 497.8 506.8 514.6 505.6 508 509 500.7 492.3 471.5 429.5 389.2 361.5
326.2 340.3 359.5 375.6 388.7 399.8 407.8 415.7 419.4 427.3 439.4 456.6 471.5 481.3 497.4 509.5 510.9 527.7 541.5 559.8 570.6 589 592.4 594.7 593.8 594.6 595.9 593.9 594.2 596.1 596.1 600.4 605.4 610.7 610.2 605.9 600.5 595.7 586 574.1 567.7 549.4 531.8 522.8 514.1 507 502.9 499.5 496.1 491.4 486.6 482.6 478.6 474.5 473.6 473.9 476.2 478.6 480.3 485.4 493.2 498.1 504 506.2 493.2 485 483.9 489.7 487.2 491 495.5 494.6 477.2 461.6 444.5 411.4 381.4 351.7
331.9 348.5 363.1 378.4 387.1 397 410.1 412.8 418 429 446.6 461.3 472.1 493 504 514.9 517.2 540.1 557.1 569.2 577.3 584.3 587.9 591 593.5 596.9 601.4 607.2 601.1 599 605.9 608.6 610 617.1 616.1 612.3 610.2 608.3 599.8 590.9 575 560.5 554.5 542.6 529.4 516.1 508.3 505.2 502.1 497.1 492.4 487.1 481.2 479.8 479.1 478.7 479.4 481.8 484.4 492.5 499.7 502.8 498.3 491.7 479.4 474.4 471.9 473.1 473.7 473.4 475.1 468 457.7 445.6 431.9 401.1 371.9 346.1
337.4 351.5 363 374.8 384.2 394.6 402 410.6 414.5 435.4 446.3 459 479.3 492.6 509.6 515.4 518.5 539.5 553 567.6 576.2 583.5 598.5 601 605.7 608.3 611.8 607.6 601.6 596.8 601.1 606.2 609 611.4 612.5 612.6 613.6 611.1 603.2 594.8 588.3 581.5 572.8 560.5 542.1 524.6 513.7 509.2 505.9 500.9 495.9 489.4 487 485.6 484.5 484.5 484.7 486.3 491.4 500.2 503.1 496.3 489.7 479.1 464.6 460.7 460 456.9 455.7 450.7 451 448.1 454.5 445.4 431.5 388.7 363.6 343.4
341.1 351.1 362 371.1 380.5 392.4 396.9 406.8 411.9 430.1 445.8 459.2 477.6 495.2 506 513.2 515.8 531.6 545.7 561.8 572.4 585.1 595.3 601.5 606.4 607.2 607.5 605.5 599.9 596 595.1 597.9 600.7 602.7 605.8 608.3 610.4 610.4 607.9 608.6 604.8 597.1 586.8 569.3 548.6 527.5 520 512.8 505.9 501 495.9 494.1 493.2 491.8 490.1 490.3 491.1 495.2 501.9 500.5 494 484.9 477.4 462.1 453.8 447.8 440 438.4 434.7 437.4 431.7 434 433.7 418.8 398.6 374.9 348.1 322.5
343.8 351.9 360.8 367.3 377.3 390.6 392.5 398.7 410.4 423.7 440.6 458.7 473.9 492.5 501.6 507.4 509.9 522.5 542.1 560 567.8 577.9 589.6 597.7 603 606.2 608.3 604.2 595.9 594.2 592.1 595.9 598.2 603 608.6 611.7 614.3 619.3 620.9 620.5 613.4 598.5 578.7 559.5 540.1 525.3 517.7 512.3 505.7 501.1 500.7 500.1 499.3 498.1 495.7 496.6 499.4 502.7 498.2 488.3 477.8 469.8 459.3 446 437.4 430.4 424.8 423.7 420.7 423.3 421.3 429.2 427.2 416.4 405.4 381.9 339 314.5
346.1 354.4 357.9 364.7 371.2 380.9 385.6 393.4 405.1 418.4 444.8 459.4 476.4 484.5 490.8 501.9 507.1 521 545.3 554.3 564.5 582.7 593.5 595.3 599.1 603 603.8 596.4 586.4 585 585.6 588.3 593.8 601.4 607.2 611.8 613.3 618.1 618.7 612.1 601.7 585.8 563.3 550 535.9 522.4 515.2 511.3 508.3 508.2 507.3 505.9 505.1 504.7 507.4 502.2 503.3 501.8 486.7 479.6 469.9 449 442.2 434.7 427.6 420.1 413 407.8 405.6 405.6 408.1 408.3 405 403.6 395.8 377.7 335.3 302.5
344.7 352.3 355.6 358.4 364.6 372.4 379.5 390.6 402 417.2 442.1 453.1 466.8 478.9 489.6 499 505.8 523 537.6 546.1 564.8 579.7 584.5 586.6 592.5 596.5 595.1 585.2 576.8 575.9 578.3 579.2 583.5 589.9 596 600.2 605.3 610.4 606.9 601.7 592 576.3 551.1 539.1 524.6 518.6 514.6 516.2 516.2 525.9 516.5 510.4 512.3 515.4 505.6 493.7 481.2 474.3 470.7 469.7 453.1 433.3 426.2 424.2 419.9 407.6 399.8 394 390 390.8 390.3 384.5 380.5 375.4 365.7 348.9 314.2 291.2
343.7 349.2 351.1 354.5 359.9 367.6 375.9 389.3 401.9 413.2 428.9 446.6 459.6 473.5 482.6 495.5 502.3 517.7 529.1 543.9 558.9 568.8 574.2 577.7 583.7 587.1 584.7 575 568.7 566.1 569.7 574 574.4 581.4 585.9 589.9 594.2 595.9 592.4 586.2 575.9 554.5 543.2 528.7 519.1 515.1 520.5 521.3 529.4 530.6 537.5 531.8 523.8 510.3 496.4 477.1 461.4 457.1 456.7 449.6 431.4 419.9 413.6 409.1 399.5 390.2 382.2 374.5 370.6 368 367.5 360.7 354.1 348.6 338.5 314.6 298.6 285.4
