data/250000-830000.asc
ncols 200
nrows 200
xllcorner 250000
yllcorner 830000
cellsize 50
[rows 0 to 35 of 200, columns 0 to 79 of 200]
90.4 92.8 93.1 94.5 93.8 97 100.2 103.8 107.6 110.1 110.7 110.1 108.2 105.5 104.1 101.7 99.9 99.1 97.9 96.3 95.3 93.3 90.9 93 92.9 92.4 92.3 92.6 92.7 92.2 91.3 83.9 74.4 79.3 93 93.7 97.4 111.7 118.6 124.6 130.6 134.3 130.1 127.5 144.2 152.3 157.5 160 153.6 158.5 172.7 178.2 175.8 183.8 188.4 191.2 193.4 195.2 196.8 198.3 199.3 200 200.7 201.4 202.2 203.1 215.7 218.8 214 207 200.1 195.5 193.5 193.4 191.7 187.8 186.9 186.3 189.2 189.2
93.6 93.2 94.4 95.9 98.8 103.4 107.5 110.7 113 113.5 113.6 112.6 111.2 109.1 107.2 105.9 105.5 104.6 101.9 100.7 99.4 96.7 95.6 96.2 96.2 95.7 95.2 95.3 94.4 93 90.4 84.2 75.6 82.5 97.4 103.3 104.9 104.6 119.8 127.8 131.5 134.9 132 129.8 146.2 153.8 156 153.4 163.8 169.9 175.8 175.8 180.7 187 190 192.8 194.3 196.4 198.1 199.5 200.2 200.9 201.6 202.2 203.1 209.1 218.1 218.4 215.2 206.5 197 195.6 195.2 195.3 193.3 193 198.1 196.6 196 196.3
94.7 95.9 99.6 100.2 106 109.7 113.8 115.6 118 117.8 116.3 115.2 114 112.7 110.9 110.2 109.3 108.5 106.3 105 103.6 98.4 98.7 99.5 99.5 99 98.5 97.8 96 93.7 90.2 82.2 76.1 85.6 94.9 105 110.7 108.6 114.4 126.9 132.5 136.4 137.6 132.6 146.1 154 157.7 165.6 170.6 175.5 178.8 177.3 185.4 188.9 191.6 193.8 196 197.9 199 200 200.6 201.5 202.4 203.1 203.7 212.4 216.3 217.1 213.3 201 196.7 196.8 196.4 195.5 196.3 205.7 211.8 210.6 209.3 208.4
98 100.9 104.6 107.9 111.5 114.6 118.4 119.5 121 120.4 119.1 117.2 116 115.5 114.2 113.4 112.6 111 109.2 106.8 104.9 101.6 102.4 103.1 102.3 101.7 101.2 99.5 97.4 93.7 89.5 79.7 77.6 98.5 103.4 101.1 113.7 118.6 115.9 120.1 126.1 138.4 132.8 133.7 146.7 157.7 163.5 167.8 173 176.9 180.1 180.9 187.6 190.7 193.3 195.5 197 198.4 199.5 200.3 200.7 201.6 202.5 203.4 204.3 211.8 212.1 213.1 207.6 198.5 198.3 197.3 196.1 202.6 214.4 222.7 224.9 225 223.5 221.5
103.6 106 109.8 112.7 116.5 120.5 123 123.4 123.1 122.6 121.9 120 118.3 118.3 117.7 116 114.3 113.7 111.9 110 105.9 105.2 105.9 106.6 105.5 104.5 102.8 100.1 97.5 93.9 88.5 77 79.1 100.5 105.5 101.6 113.8 122.2 127.3 131.1 130.3 139 133.7 140.1 148.7 156.3 159.4 164.1 174.9 178.5 182 185.6 189.2 192.1 194.5 196.5 197.8 198.9 199.8 200.7 201.5 201.7 202.5 204.1 205.1 211.3 211.2 210.9 203.6 201 200.4 200.5 207.1 220.2 229.1 232.2 235.1 235.3 232.3 230.5
107.7 112 116.6 119.9 122.3 124.6 125.8 126 125.2 124.6 124.2 122.7 122.2 121 119.3 117.6 116.5 116.4 114.6 112.1 107.8 108.3 109 109 108.4 105.6 102.8 100.1 97.4 94.1 87.8 77 79.1 96.5 107.5 109.2 109.2 123.6 130 133.7 131.4 139.3 135.3 142.5 154.6 158.2 166.7 163.1 173.9 180.3 183.7 187.3 190.7 193.2 195.7 197.2 198.6 199.3 200.1 201 201.9 201.7 202.8 204.9 207.1 210.9 211.8 210.3 206.9 202.7 204 210.8 223.7 231.8 235.4 239.8 243 243.8 241.1 237
112.8 117 121.6 124.7 127.1 128.2 129.1 128.4 127.6 126.8 127.4 127.1 126.1 124.9 123.4 119.5 119.3 119.1 116.1 113 112 112.2 112.3 111 109.9 106.1 103 100.2 97.7 94.7 87.9 77.1 81.5 103.8 113 116.5 113.6 114.8 129.5 132.4 135.2 140.5 137.1 149.1 157.8 159.9 169.2 169.5 175.4 180 185.2 188.7 191.8 194.3 196.5 197.7 198.9 199.8 200.5 201.4 202.2 202.7 203.9 206.4 208.1 210.1 211.2 209.6 204.9 205.3 211.6 228 234.3 239.1 243 246.6 249.4 249.6 246.2 243.7
118.2 122.5 126.1 129.2 130.4 131.1 132 131.9 131.7 130.3 131.8 130.9 130 128.2 125.9 124 123.9 120.7 116.5 116.4 116.3 116.1 115.3 113.4 110.4 106.8 103.2 100.3 97.8 95.8 87 77.4 83.6 111.8 116.5 120 123.2 117.6 125.1 132.6 139.3 141.2 140.3 154.5 160.9 166.2 169.5 172.7 180.1 183.2 186 189.4 192.9 195.5 196.5 198 199.5 200.6 201.4 202.2 202.9 204.4 206.4 209.1 211 210 210 206.5 205.6 213.9 228.5 236.8 242.8 246.5 249.7 253 253.7 254.3 252 253.9
124.2 128.6 132.4 133.4 133.4 134 134.9 134.8 134.6 136.2 136.5 135.7 133.3 131.3 129.5 128 126 120.9 119.6 119.6 118.5 118.3 117.3 114.4 110.8 107.2 103.6 101.1 97.4 95.3 88.8 79.6 81.9 113.5 119.1 122.6 121 119.6 129.9 134.5 139.7 140.9 148.1 157.8 163.8 169.2 173.5 178.5 182.4 185 187.7 190.5 193.7 196.3 196.5 197.6 199.3 201.6 202.7 203.4 204.5 207.4 211.3 214.2 216.1 215.4 209.6 205.3 215.1 227 237.9 244.5 249.2 252.1 255.4 259.1 262.7 265.4 261.3 259.8
132.8 136 138.1 138 137.6 137.3 137.7 137.9 140.2 142.4 142.3 139.3 136.3 134.4 133.3 131.3 127.1 124.8 123.3 123.4 122.2 120.8 118.8 114.6 111.2 107.6 104.4 102.5 98.9 98.6 91.5 81.4 83.5 109.9 121.7 124.4 121.2 128.8 135 140.3 141.4 144.9 155.1 161.5 166.9 172 175.4 180.7 184 186.8 189.5 192.1 195.1 196.3 196.9 197.5 199.8 202.1 203.3 203.9 206.4 211.7 216 219.4 220 216.8 207.2 210.4 220.3 233.1 244.8 250.2 254.2 258.9 265.1 270.7 274.1 276.9 271.1 260.8
141.6 144.2 143.4 142.4 142.2 141.8 141.5 142.2 143.6 145.4 145.2 142.4 139.1 135.8 135.6 133.7 129.3 128.2 127.1 127 125.5 122.1 118.5 114.9 111.4 107.9 105.6 105.1 105 103.4 95.2 84.3 85.9 96.8 117.8 124.4 124 134.2 140.3 140.4 144.6 151.6 159.1 163.9 168.8 173.3 176.9 182.5 185.6 188.6 191.2 193.9 196.3 197.4 198.2 198.9 200.5 204.4 207.2 210.6 214.5 217.2 219.9 221.8 219.4 214.1 208.8 217.4 226.1 237.1 248.3 254 258.7 267.3 275.2 277.7 280.1 283 276 267.3
148.9 150 147.8 146 145.5 144.8 146.3 147.1 147.7 147.9 145.5 142.7 140.8 139 136.8 134.9 134.1 132.6 130.7 129.6 125.9 122.3 118.8 115.3 111.5 108 106.9 107.8 109.4 109.7 104.5 91.3 87.2 88.4 107.6 120.6 125.3 136.8 140.7 140.5 146.9 154 159.7 164.2 168.7 173.8 178.5 183.9 187 190 192.6 194.9 197.2 199.3 200.1 200.9 202.3 208.7 213.7 218.2 222.4 224.3 225.9 223.3 218.2 212.6 214 221.6 231.7 241.7 250.7 258.6 266 275.1 280.1 283.1 286.2 287.4 281.4 270.6
152.6 152.4 150.2 147.5 147.6 148.2 150.4 152.2 152.2 150.4 148.6 145.8 143.9 141.5 138.5 136.9 137.3 135.8 134 130.6 126.2 122.6 119 115.8 111.8 109.6 111 112.2 115.3 115.9 114 105.3 87.9 89.6 98.8 119.5 129.1 139.1 141 142.6 149.2 154.6 161.4 166.3 170.3 176 181.4 185.2 188.1 191.2 193.9 196.3 198.5 200.4 202 203.2 204.9 211.9 217.5 221.9 224.3 225.8 227.1 224 216.2 215.6 220.3 224.6 234.6 245.7 255.9 266.1 275.2 282.6 285.3 288.8 290.6 287.1 282.5 273.3
156.2 154.3 152.2 149.8 151.4 153.5 154.7 155.4 153.8 151.5 149.7 148.2 146.7 141.9 140.4 140.8 140.3 138.9 135.9 131.8 127.4 123 119.3 116.1 113.2 114.3 115.4 117 119.6 121.7 122 117 100.7 90.9 93.5 112.2 122.8 131.9 141.9 147.3 153.2 158.1 162.4 167.8 172.9 178.6 182.5 186.4 189.9 192.4 195.3 197.3 199.6 201.6 203.7 205.7 207.8 214.2 219.7 224.5 226.1 227.5 226.8 222.4 216.7 218.9 223.7 229.9 238.2 252.7 266.2 276.4 285.2 285.9 287.5 290.7 289.5 286.1 280.5 275.5
157.1 155 153.1 152.8 156.4 157.1 158.2 156.4 154.6 152.7 150.5 149.3 145.1 142.8 143.4 144.2 143.4 141 137.1 133 128.6 123.8 119.4 116.5 118 119.1 120.1 121.8 124.4 125.3 126.6 125.8 112.9 93.8 95.7 102.9 125.8 140.8 144.2 149.6 156.8 161.3 165.4 169.7 175.1 180.5 183.8 187.6 191.1 194.5 197.4 198.7 200.6 202.8 205.6 209.5 212.9 218.6 222.7 225.9 226.5 226.8 225.7 217.9 218.5 221.5 227.2 233.4 247.9 260.2 273.6 286.1 287 287.3 287 288.1 287.9 283.2 272.8 270.6
156.8 155 154.7 156.2 159.8 160.2 158.2 156.1 155 153.8 151.5 148.4 146.9 147.6 147.8 147.1 145.8 142 138 133.1 128.3 123.5 119.3 120.9 122.9 123.9 124.9 126.9 128.1 129.5 130.9 131.8 121.3 101.9 96.8 108.8 131.5 143.6 148.5 153.4 158.6 163.4 167.7 173.9 177.1 182.4 185.7 188.8 192.3 195.6 200.4 200.2 202.2 205.3 208.7 213.4 217.9 222.3 225.4 227.1 227.8 227.5 224.1 218.7 218.5 223.7 234.7 244.6 255.9 266.6 279 283.3 284.2 284.6 283.3 284 282.3 276.5 268 265.5
155.6 154.8 155.1 160 161.8 161.2 158.7 157.3 156.1 154.8 151.8 149.1 150.4 152.5 151.7 151.4 147.2 142.8 137.9 132.9 128 123.1 123.4 125.3 127.3 128.7 129.4 130.6 131.7 132.6 133.5 135 127.4 107 99.2 112.1 131.1 142.8 151.3 155.8 160.5 165.6 171.4 177.3 180.9 184.6 187.5 190.3 193.7 198 201 201.7 204.3 207.6 213 218 221.3 224.1 227 228.6 229.3 229.8 226.8 219.6 220 233.6 244.5 254 260.7 270.6 278.9 280.5 281.7 279.8 278.8 278.6 275.6 268.6 261.7 261.8
155 155.4 156.3 161.1 162.5 160.9 159.4 158.5 157.4 154.8 151.7 153.1 155.3 155.7 154.8 152.1 148.1 143.1 137.8 132.6 127 126.5 128.4 130.4 132.3 133.1 133.7 134.3 135.5 136.5 136.4 134.7 126.3 109.4 101 114 133.7 143.1 153.3 159.1 164 169.2 174.5 178.7 182.2 185.5 188.1 191.3 195.5 198.4 201.2 203.9 206.1 211.8 217.5 220.5 222.7 225.7 228.6 230.2 230.9 231.4 224.8 216.7 224.1 239.2 251.5 258.3 265.3 273.1 276.8 279.4 277.7 275.4 274.3 271.8 267.3 261 260.6 259.7
155.5 156.2 159.2 163.8 161.3 160.6 159.4 159.4 157.6 154.7 154.6 158.3 158.5 158.6 156.4 152.9 148.3 142.8 137.3 132 131.5 132.6 133.7 135.7 136.6 137.4 138 138.6 138.8 138.7 138.4 134.5 123.9 102.9 102.5 112.3 131.8 145.8 155.4 161.7 166.5 171.3 176.3 180.4 183.7 186.1 188.7 192.8 196.8 200.4 203.5 206.4 209.4 215.6 220 221.9 224.1 227.1 230.1 231.9 231.6 225 218.4 220.3 230.4 244.8 251.7 258.6 266.6 271.6 273.8 275 273.1 270.9 267.8 263.9 260.7 260.8 260.6 260.2
157 160.9 162.7 163.4 162 160.8 161.9 162.4 158.6 156.6 159.2 162 162.5 160.7 157.4 153.2 148.3 142.9 137.3 135.1 136.6 137.9 139 140.1 140.9 141.8 142.2 141.8 140.8 139.7 138.8 135 119.4 103.3 104.6 118.1 139.4 152.7 159.7 163.5 168.5 172.9 177.3 181.8 185.1 187.5 190 195.1 197.9 201.2 204.8 208.4 212.2 217.2 221.5 222.2 223.6 225.5 227.5 227.4 225.9 219.7 219 223.3 231.1 245.5 252.2 259 263.2 266.3 269.5 269.8 267.7 264.6 261.6 260.4 260.5 260.8 261 261
157.2 163.7 165.2 163.8 162.7 163.2 164.9 161.6 158.9 161 164.6 164.3 164.5 161.8 158 153.5 148.4 143.1 140.8 140.6 141.7 143.3 143.6 144.5 145.3 146.2 146.4 145.1 143.2 140.5 138.1 127.2 104.8 107.8 112.5 131.7 147.2 157 162.8 166.6 170.7 174.5 178.6 183.1 186.2 189.6 192.4 195 198.5 202.5 206.8 211 215.4 219.4 220.9 223 225.1 226.1 226.4 224.7 223.2 222.9 223.2 226.2 234.4 245.2 251.9 256.6 260.2 262.5 263.3 263.9 262.5 261.1 260.5 260.7 260.9 260.9 260.5 260.8
160.7 164.9 165.7 164.4 164.6 166.1 164.5 161.3 160.7 165.6 167.2 166.5 166.1 162.3 158.3 154 148.4 145.5 145.6 145.8 147.7 147.9 148 148.7 149.5 150.6 150.3 148.5 144.1 139.2 129.9 112 107.2 113.7 125.2 133.6 148.7 158.3 163.8 168.3 174.9 177.6 180.2 183.6 186.6 189.5 192.2 195.4 198.3 202.9 208 212.7 217.1 220.3 222.6 226.5 231.5 232.9 230.6 228.9 227.6 227.2 227.9 229.8 235.3 243.6 249.7 252.8 255.4 257.1 259 261.7 261.2 260.6 261 260.7 260.7 260.6 264.7 268.2
164.6 167.5 167.3 165.6 169.8 166.4 163.7 162.7 165.9 169.3 169.9 169.1 166.6 162.6 158.6 154.5 151.1 151 151.2 151.9 153.7 153.3 153.4 154 153.7 154.5 153.4 149.4 143 135 124.7 109.2 110.3 125.6 132.9 140.2 152.5 159.5 164.7 169.3 176.2 179 181.1 184.4 187.6 190.7 193.9 197 200.8 205.6 209.9 215.2 218.8 222.2 226.2 232.9 237.9 237.5 236.8 235.3 232 231.4 232.4 234.3 237.9 243.7 248.3 252.9 255.6 258 260 260.8 260.9 261.3 261.3 261 260.7 261.6 274.2 276.2
167.9 169.9 167.3 167.2 170.9 165.5 166 166.2 170.1 172.4 171.8 171.1 166.9 163 158.9 156.5 156.9 156.5 156.7 157.9 159.8 159.1 158.7 158.4 158.2 157.7 154.4 149.4 141.4 131.8 115.4 109.6 113.6 135 144.9 150.3 156.2 161.3 166.4 170.6 175.7 179.7 182.5 186 188.5 191.9 195.8 199.9 204.4 207.7 212.6 216.1 220.7 224.9 231.2 237.3 239.3 238.6 238.4 238.5 237.3 235.7 237.2 238.2 240.6 244.9 249.6 254 256.9 259.1 260.1 260.9 261 261.5 262 262 264.3 266.5 279.8 278.6
168.3 167.4 167.2 169.9 169.3 166.6 167.7 171.4 173.7 175.8 174.8 171.7 167.8 163.1 160.9 161.3 162.3 162.3 162.3 164 165.2 163.9 162.4 161.5 160.6 159.7 156.2 151.3 145.1 132.4 125.7 109.2 112.5 131.1 146.1 154.1 158.7 163.5 167.6 171.6 175.6 180 182.9 187.3 189.4 194 198.4 202.9 206.5 210 214.4 217.4 222.4 229.7 236.4 239.7 240.6 240.8 241 241 240.5 240.2 240.4 241.4 242.9 247.1 253 256.3 258.4 260 261.3 262.6 263.6 265.4 267.1 270.8 273 274.3 281.6 285.3
167.6 167 167.1 172.4 169.7 167.5 171.7 175.7 177.9 177.2 175.6 172.7 170.6 167 165.2 166.3 167.3 167.9 168.6 170.3 170.5 169.1 166 163.6 162.5 161.5 157.8 152.7 147.8 137.4 128.5 112.9 109.6 124.1 143 153.5 160 164.1 168.6 172.6 176.7 180.5 184.2 186.7 190.6 194.9 199.9 205 208.7 212.3 217.7 221.9 227.9 234.8 240.1 240.9 241.5 243.1 243.6 243.6 243.6 244.2 243.6 244.5 245.9 252.5 256.4 258.8 260.7 263.8 264.7 265.6 267.1 269.4 271.9 276.2 279 282.3 287.4 290.6
167.4 167.8 169.7 172.2 171.3 171.2 176.3 177.1 179.9 179.3 177.8 175.2 173.1 170.6 171.4 173.1 174.5 175.5 175.8 176.8 176.4 173.7 170.6 167.6 165.5 162.8 157.8 152.8 148.1 137.9 134.4 117.7 108.4 118.7 144.8 152.7 159.9 164 168.7 173.6 177.8 180.8 183.9 187.1 190.7 196.6 202.3 207.4 210.6 214.8 221 226.2 232 237.8 240.5 241.3 242.2 243.4 245.3 247.1 248.1 248.7 248.6 248.6 252.2 255.8 258.9 260.9 263.3 267.4 268.5 270.7 272.9 275.2 278.6 282.9 287.3 291.6 292.6 295.4
168.6 169.8 175 173.3 174.3 177.3 180.3 181.6 180.8 180.5 180.7 180.3 179.5 179 179.5 180.6 181.8 182.9 183.1 183.4 181.3 178.1 175.1 172.1 168.8 163.3 157.8 152.9 147 145.7 143.2 117.9 108.8 115.5 132.7 152 159.5 164.2 168.9 173.7 177.9 181 183.7 186.4 190.9 196.7 203.1 207.9 212.2 216.2 222.5 229.4 234.8 239.4 240.9 242 243.9 246.6 249.1 251 252.6 253.1 255.3 257 258.9 262.7 265.9 267.6 270.2 275.1 276.6 278.3 282.7 284.9 288.3 292.6 296.8 297.7 297.7 299.5
169.7 179 177.6 175.6 178.3 180.6 181.9 182.8 183.5 184.3 184.6 184.4 184.5 185.7 186.2 186.6 187.7 189 189.8 188.3 185.5 182.6 179.2 174.5 170.5 163.6 159.4 155.1 150.5 149.4 140.4 119.7 112.4 115.8 132.9 151.2 160.8 165.6 169.7 173.9 177.6 181.3 184.4 187.1 193.2 197.5 204.1 210.3 214.8 219.8 226.1 232.8 237.9 240.6 242.4 244.4 246.9 249.6 252.3 254.8 256.5 258.5 262.3 267 272.2 277 281.6 284.8 286.8 287.4 288.1 288.6 292.6 295.7 298.9 299.9 302.5 302.1 300.9 298.2
176.5 179.2 176.4 180 183.2 184.9 186.5 187 187.5 188.3 188.4 188.5 190 191.2 192 192.7 193.6 195 194.9 192.2 189.4 186.6 181.5 175.8 171 163.2 159.4 155.6 152.8 151.2 136.8 118 116.1 125.7 142.7 153.7 160 165.1 169.6 173.9 177.5 181 184.6 189 194.8 199.9 205.3 212.3 217.5 223.1 229.9 234.9 238.8 242.5 244.5 246.9 249.8 252.5 255.1 259.1 262.1 264.3 271.1 278.4 282.9 289.1 294.8 297.5 298.2 301.5 301.6 301.7 302.8 306.2 307.8 308.4 307 304.5 300.9 295.1
185.2 182 181 184.3 187.9 189.5 191.2 191.6 191.8 192.3 192.6 194 195.4 196.7 197.6 198.4 199 199.7 198.4 196.1 193.5 190.7 182.8 177 169.9 163.7 159.1 155.7 147.7 141.3 126.7 114.1 120.8 136.4 145.9 154.8 161.3 165.2 169.2 173.6 177.6 181.2 185.9 191.4 196.2 201.1 206.5 213.9 219.1 224.5 231.2 236.7 240.8 244.4 246.7 249.6 252.5 255.3 258.3 262.9 267.5 271 277.9 285.1 291.3 297.7 303.2 305.4 309.6 313.9 315.5 316.3 315.4 315.7 317.2 313.7 309.4 307 302.7 292.6
178.8 182.9 186 188.5 190.9 193.5 195.9 196.2 196.4 196.6 198.1 199.5 200.9 202.3 203.1 203.5 204 203.3 201.8 199.9 197.4 194.3 183.7 177.4 169.3 164.7 160.8 157 150.8 133.5 125.2 118.1 127 150.1 153.5 157.7 161.5 165.8 169.5 173.6 177.8 181.9 186 192.5 197.4 202.5 208.7 214.6 217.8 225.8 232.2 237.8 242.7 246.3 248.8 251.9 255.1 258.1 262.2 265.3 270.5 276.7 283.5 290.3 297.6 303.8 312.8 317.3 318.6 322.7 328.2 329.2 329.2 328.8 323 319.6 314.6 309.6 302.4 294.6
182.3 188.1 190.8 194.9 197.4 199.8 201.9 201.8 201.5 201.6 202.9 204.6 206.3 207.8 208.2 208.5 208.6 207 205.4 203.7 199.9 194 184.7 177.1 170 165.9 162.7 159 151.4 136.4 127.8 120.3 130.9 145.6 151.2 157.2 161.4 165.7 170 174 178.5 182.9 186.6 193.4 199.1 205.4 211.7 218.7 224 229.8 230.7 239.5 244.5 248.8 251 254 257.4 260.8 263.5 267.8 273.3 279.2 286.2 294 302 308.9 318.8 322.4 324.7 327.2 331.9 338.3 336.9 330 325.7 323.5 319 311.5 301.7 292.6
187.9 193.6 195.6 200.4 203.9 206.3 208 207.8 207.6 207.5 209.6 211 212.1 213.2 213.2 213.4 212.3 210.8 209.6 205.5 200.3 194 185.6 177.6 171.5 167.9 163.5 157.7 149.3 141.5 128.9 122.2 124.9 141.7 152 157.1 161.4 165.6 169.9 174.3 179.2 183.9 187.8 195.3 202 208.4 214.7 221.6 227.5 233.7 238.9 243.2 247 251.5 254.6 257 260.4 263.4 265.4 271.8 277.9 282.4 288.6 296.7 305.3 314.2 320.8 323.9 326.8 328.9 332.2 335.7 335.8 331.4 328.8 326.4 320.3 310.6 301.5 292.5
195.8 198.7 203 206.2 210.5 212.4 214 214.1 214.1 214.3 217.1 219.8 221.3 222.4 220.7 218.3 216.8 215.5 213.8 207.3 201 193.8 185.3 178.3 173.8 169.3 162.5 153.6 146.5 137.4 120.6 127.3 129.3 133.8 148 157 161.2 165.2 169.1 174.2 179.3 184.3 189.8 197.6 204.4 210.9 217.4 223.7 229.1 235.7 241.4 246.7 250.6 253.3 256.2 258.7 262.2 265.4 269.1 275.8 282.7 287.1 292.7 300.4 307.1 315.3 321.4 325.2 328.6 329.3 329.4 329.5 329.5 329 327.6 323.8 317.4 309.5 301.6 292.9
202.1 207.1 211.3 214.3 216.4 217.9 219.4 219.7 219.8 221.9 224.7 227.4 228.9 228.8 226.8 223.9 222.2 220.7 216.7 209.8 202.3 194 185.7 179.3 174.9 168.6 158.9 149.8 142.5 125.6 129 143.5 146 149.1 144.9 157.1 161.4 165.9 170.5 175.2 181.1 187.4 193.7 199.8 206.8 212.7 219.2 227.9 230.5 236.4 241.9 247.3 251.3 254.4 257.7 260.8 264.9 270.7 273.4 280.1 286.9 292.1 297 304.5 310 315.4 321.4 325.7 327.7 329.4 329.5 329.5 329.3 328.2 326.1 321.1 315.3 308 300 291.9
