data/250000-580000.asc
ncols 200
nrows 200
xllcorner 250000
yllcorner 580000
cellsize 50
[rows 140 to 174 of 200, columns 79 to 157 of 200]
387.6 387.1 386.6 382.6 382.8 384.5 383 379.3 378.3 377.4 372.9 373.5 367.7 357.3 349.6 340.1 333.5 328.7 328.3 323.3 315.1 304.7 300.3 300.2 300.9 295.6 286.8 281.6 277.5 276.5 272.4 267.7 267.3 266.2 265.2 266.2 267.9 269.1 270.5 270.6 269.6 267.7 265.6 267.2 268.2 268.5 268.3 267.6 268.2 268.9 270.9 271.7 270.8 269.8 268.8 267.9 266.9 264.6 261 256.7 250.3 243.3 237 229.8 225.6 221.9 218 216.5 215.6 212.5 206.1 203.9 203.6 201.9 198 192.2 189.1 184.7 183.5
398.6 394.9 389.5 390.8 389 388.9 387.3 387.2 384.5 381.2 379.2 377 364.8 352.3 342.7 336.4 332.8 331.2 329.7 322 313 304.5 302.7 300 294.6 291 285.9 280.5 276.1 269.6 265.2 261.8 258.7 259.1 259.1 258.3 259.6 261.7 266.6 266.1 263.9 261.5 261.5 263.7 267 269.4 270.5 270.4 271.4 273.8 275.8 276.8 275.4 274.4 273.4 272.5 271.3 269.2 266.1 261.5 255.1 246.9 237 228.8 222 217.4 213.4 210.2 209.3 207.9 201.3 196.5 192.7 191.4 188.3 182.8 176.3 179.3 176
403.9 399.8 400.2 397 396.5 395.5 393.8 392.2 389.1 384.9 380.3 370.1 361.9 349.7 340.6 334.4 332.8 331.5 327.2 319.3 311.3 308.9 303.3 295.8 292.7 291.2 287 281.6 274.3 265.6 260.2 255.5 252 250.6 251.7 252 251.6 252.5 256.2 257.4 257.8 259.5 260.7 262.2 265.4 269.1 271.6 274.3 278.2 280.1 280.5 280 279.3 278.3 277.3 276 273.9 271.9 270.2 266.1 259.8 248.9 236.5 227.4 218.1 212 207.1 202.5 197.7 194.7 190.6 185.1 179 180.1 176.1 174.5 170 170.2 170.6
409.6 406.5 405.8 405.6 404.7 404.1 399.6 394.7 391.9 386.6 378.3 371.7 360.8 350.4 342 337.7 332.6 328.6 323.8 318.8 316.4 314.3 306.1 298.1 297.3 294.4 288.7 281.9 271.4 263.3 258 253.1 247 244.1 243.7 245.8 243.4 241.3 246.4 249.8 251.1 256.5 259.6 260.9 263.6 268.3 272.5 278.2 281.4 284.4 284.7 282.2 280.9 279.7 278.8 277.1 275.4 272.6 269.5 264.3 255.8 244 235.2 226.7 214.6 205.4 197.5 192 185.9 183.7 180 174.5 168.7 163.8 164.1 164.8 162.5 159.7 160.8
415.5 414.4 415 413.7 411.8 406.1 401.7 399.4 395.7 388.2 379.7 371.8 363.1 356.1 351.2 344.9 338.1 329.6 325.8 324.4 323 315.9 309.2 304.2 301.6 298.1 286.8 276 268 262.9 258 253.8 247.8 242.7 234.6 235.5 233.3 231.9 235.7 239.3 244.8 249.5 253.7 257.2 261.5 267.1 270.8 275.4 279.9 281.2 281.9 280.9 280.9 280.1 276.4 276.4 273.1 266.6 257 249.6 242.8 236 224.9 214.1 204.2 195.9 189.6 184 179.1 172.7 167.4 162.9 158.9 161 163.4 162.8 157.7 152.3 150.8
423.4 425.7 425.2 419.7 413.7 408.5 405.8 401 395.2 389.2 381.9 374.6 369.1 363.3 354.9 347.3 342 334.1 332 330.4 327 323.2 314.1 309.2 303.4 293.9 282.6 273.6 267 261.6 256 250.7 245.5 238.4 232.3 224.8 225.2 223.2 225.2 229.1 235.6 242 246 249.3 253.8 258.7 263.2 268.4 272.7 273 274.3 274 275.2 272.5 270.2 269.6 264.2 254.5 245.1 236.5 232 225.8 213.1 203.7 197.1 190 185.6 180.9 173.1 164.9 160.9 157.1 156.2 159.5 161.2 160 157.6 151.9 146.6
430.9 431.3 425.2 420.4 417.1 410.9 408.1 404.7 398.5 390.4 384.1 379.2 375.8 365.1 357 351.7 346.3 342.7 340.1 334.1 329.6 326 318.1 308.4 301.5 291.1 280.4 272.6 265.8 260.3 255.6 251.9 244.2 237.4 231.3 223.4 216.2 216.4 216.6 220.6 227.1 233.5 236.3 239.3 245.4 249.2 251.7 254.8 257.6 259.9 260.9 262 261.2 260.2 258.5 256.8 247.5 240.3 233.7 224.4 219.4 211.3 201.1 194.5 188.8 183.5 179.4 175.5 168.7 160.1 157.1 154.4 152.8 155 155.8 153.3 150 146.4 141.2
434.1 428.7 422.8 418.4 414.3 410.4 407.5 408.5 401.4 393.5 387.5 383.1 376.1 369 361.6 356.6 353.1 350.9 347 343.5 334 327.6 315.3 304.2 294.9 288.3 277.7 272.6 269.9 264.2 262.4 254.9 243.9 237.3 230 221.8 213.8 210.5 210.8 212.6 216.8 223.4 226.6 232.2 232.5 236.8 240 244.4 244.8 244.6 249.4 251.2 253.4 251.8 246.7 242.8 233.3 227.2 220.6 210.4 208.3 199.8 192.4 184.4 180.3 176.9 172 167.2 161.5 156.5 153.3 152.3 151.6 153.3 153.4 150.7 145.9 140.1 132
429.8 424.7 419 415.1 409.8 407.5 404.5 409.1 402.3 397.4 390.5 385.7 381.5 376 369.4 363.6 360.4 358.5 357.5 348.9 336.1 323.2 308.2 297.3 292.5 286.6 278.4 275.3 273.5 269.4 259.1 250.6 241.8 233.6 226.4 218.6 211.7 208 206.5 205.6 205.4 212.6 216 219.2 220.8 227.6 230.6 234.8 233.5 232.7 232.5 234.6 236.8 231.8 233.1 227.3 216.5 208.5 204.6 199.6 196.2 188.4 180.4 174.6 170.6 168.6 167.1 163.8 158.8 153.5 150.9 150.6 150.6 153.6 154 150.2 146.3 141.8 133.6
419.7 417.7 412.2 407.1 404 403.2 401.1 401.2 398.1 392.7 390.6 389.4 387.8 380.1 377.1 373.2 371.7 369.2 364.1 351.5 335.7 319.9 302.6 294.1 290.9 284.7 278.1 277.9 275 264.5 254.5 245.1 237.6 228.2 221.9 214.6 208.5 205.4 202 199.4 197.5 201 204.3 210.6 212.3 215.8 217.6 219.8 220.2 220.5 217.6 215.1 214 212.8 215 214.6 207.7 196.7 193.3 189.4 185.1 177.8 172.7 167.6 164.2 161.8 160.2 159.1 155 149.3 147.9 147.4 148.5 148.9 147.3 145.4 142.3 138.1 133.5
410.1 409.1 404.6 400.8 397.9 396.7 397 396.7 392.5 391.3 391.1 388.2 385.9 383 380.7 382.9 381.1 376.7 372.1 355.1 337.5 319.4 300.9 293 287.5 282.4 277.3 277.9 269.4 257.7 247.5 239.9 230.2 222.3 214.7 209.3 206 202.8 200.1 198.6 197.2 195.8 194.4 199.9 201.9 205.5 208.2 209.4 208.3 205.4 205.8 203.7 199.1 199.3 198.8 199.5 196.3 187.3 182.2 178.3 174.6 170 165.7 160.8 158.6 157.2 153.9 151.8 148.9 148.5 147.9 145.4 144.4 142.2 139.5 136.5 135.4 134.7 135.7
401.1 398.1 393.6 394.7 392 389.9 392.2 387.5 387.7 389.5 387 386.3 382.7 383.5 387.4 388 381 379.5 370.5 350.4 334.8 317.7 301.7 288.7 279.3 273.2 271.1 268 259.8 248.4 239.9 232.1 224.6 216.2 210 207 203.7 200.9 199 197.7 196.4 196.7 199.7 194.3 193.2 195.8 199.8 199.4 197.4 197 196.8 195.3 191.5 188.3 184.2 182.4 181.9 176.2 171.2 168.6 166.4 163.6 160 156.7 153.2 152.6 149.7 146.6 145.2 144.5 144.9 142.4 141.4 142.1 140.8 141.6 145.4 143.2 142.1
390.8 388 383.1 383.3 381.4 381.1 378.2 377.6 378.7 381.2 380.4 380.1 378.9 379.9 381 380.6 374 373.7 362.4 342.7 327.7 312.5 297.2 284.6 272.5 265.1 264 254.7 248.8 239.6 231.6 225.3 219.7 213.2 208.3 205.3 202.8 200.6 199.1 197.9 197.2 197.9 201.5 202.2 199.6 185.9 191.6 193.6 193 191.9 190.5 189.3 185.6 179.9 174.1 170.9 169.6 166.8 162.8 160.8 162.9 159.4 155 151.4 148.2 146.7 146.5 144.2 142.8 141.4 145.6 145.6 147.2 147.3 145.8 145.8 150.2 152.4 153.1
379 375.5 372.4 371.2 372.4 368.7 364.9 365.4 368.8 370.5 371 371.3 372.2 373.5 374.2 373.7 365.9 355.8 344.8 330.6 318.1 304.7 292 282.1 270.6 260.8 253.3 247.9 242.7 234.8 229.1 219 212.3 210.4 207.5 204.8 204.3 203 200.4 199.4 198.4 199.3 202.1 201.6 197.5 185.5 184.4 188.6 189.7 187.1 183.4 180.8 178.8 174.5 168.9 163.7 158.6 157.9 160.1 162.9 161.8 157.4 151.9 147.3 145.5 144.5 143.8 142.7 142.6 147.2 152 154.1 151.8 151.5 150.2 151.3 154.1 155.9 158.3
367 362.7 363.6 361.4 362.6 357.1 355.4 359 359.3 360.6 363.2 365.1 363.9 364.4 367.4 362.2 353.5 338.9 329.9 320.4 309.7 297.6 286.1 275 264.3 253.4 247.8 243.7 235.8 228.6 221.5 215.7 216.8 216.4 214.5 212 208.5 206.6 204 204.5 202.9 201 201.6 200.1 191.7 183.7 179.7 183.5 184.7 181.8 177.4 173.5 170.4 167.3 162.6 158.5 158.4 157 157.8 159.5 157.7 151.4 147.6 146.1 144.8 143.4 143.9 145.5 147.1 151.1 154 155.8 155.2 156.3 156.7 157.4 159.1 160.9 161.1
354 353.9 356.5 353.4 350.1 344.1 346.4 348 351 352.7 354.3 354 354.9 356.2 353.9 349.5 343.7 328.3 321.2 309.1 297.5 285.8 275.3 265.1 259.7 253.9 245.4 236.5 229.5 222.7 227.9 229.4 226.3 223.5 222.7 221.1 216.1 214.1 213.3 216.2 211.8 206.9 202.9 196.7 187.3 183.1 180.6 177.8 180.9 179.6 174.8 168.8 162.2 158.7 158 159 156.1 156.4 152.4 152.3 150.9 148 146.8 146.1 146.2 148.2 150.4 152.8 154 157.3 158.1 158.6 159.4 161.7 163.1 164.3 164.2 165.8 166.7
343.8 344.7 343.9 340.9 336 333.4 334.9 338.6 340.2 342.8 345.1 349.5 347.8 342.2 338 327.6 322.8 312.2 304.4 294.5 284.7 276.6 267.4 261.5 255.6 250.1 242 232.2 230.9 233.8 235.4 237.8 236.1 234.6 231 230.4 227 226.9 225.9 224.4 219.8 214 207.3 198.6 189.7 186.4 188.7 180.9 175.5 174.8 171.2 164.2 160.6 159.3 158.1 157.2 159 159.6 156.8 154.2 152.6 150.1 151.2 152.3 152.7 156 158.1 159.2 160.5 161.3 162.1 164.5 165.7 166.3 168.1 169.4 169 170.9 170.8
333.3 331.7 330.2 326.7 324.2 322.8 325.9 328.8 331.3 332.4 335.2 338.4 334.3 324.9 314.7 310.2 306.5 301.4 294.9 285.4 278.8 271.4 263.7 256.9 249.6 242.8 236.1 238.4 240.4 241.7 242.5 243.3 241.2 241.1 240.4 238.7 236.8 237 233.5 230.6 228.5 223.9 216.5 210.3 199.4 193.3 189.2 184.1 176.3 172.4 167.8 164.7 162.7 161.7 163.7 159.1 160.9 163.3 161 160.6 163.5 161.8 160.2 160.5 159.9 164.2 166.8 168.1 165.7 166 166.8 170.6 170.8 172 174.4 174.2 173.8 173.8 173.9
321.1 318.6 316.1 314.3 313.8 314.8 318 317.9 320.5 321.3 322.6 322.7 315.1 305.5 298.4 296.6 294.2 294.3 285.6 277.3 270.3 264.5 258.1 251.8 244.3 246 246.2 247.2 248.7 251.2 251 250.8 251.7 251.2 249.7 249.5 249.3 246.8 245.1 244 240 233.1 228 222.5 210.7 202 192.3 185.6 180.8 175 170.2 166 164.2 168 171.1 167.7 161.5 169.5 168.4 168.1 172.1 174.1 172.3 167.7 168 170.2 174.8 178.7 174.8 174.6 173.9 176.2 177 177.2 178.8 178.1 177.3 177.4 176.1
310.2 307.1 306.1 305.1 304 306.1 307.5 306.4 307.8 308.2 309 304.2 295.4 288.8 286.7 282.9 285.9 284.2 276.2 269.3 263.9 258.9 254.2 251.8 252.8 253.3 254.6 256.5 258.2 259.9 260.7 262.1 262.1 261.2 263.7 264.1 261 259.6 259.6 255.6 247.9 244.7 241.7 239 224.7 214.5 201.8 194.4 189.1 183.8 174.3 169.1 170.1 172.9 173.1 170.1 166.6 175.8 177.4 177.2 178.9 180.9 180.4 179.5 177.3 178.2 180.4 185 183.3 180.4 181.2 183 184.4 184 182.7 182 181.1 179.8 178.8
300.5 297.8 296.6 295.4 295.2 295.2 295.9 295.7 294.3 294.9 291.5 289 284 279.9 273.8 272.8 275.2 274.7 269.2 263.4 256.4 256.1 256 256.8 257.8 259.5 262.6 264.9 267 269 271.3 272.1 273.9 275.9 276.1 274.8 273.3 272.7 270.9 266.5 259.4 260.1 259.2 250.8 237.8 223.9 212.4 205.4 198.1 193.4 183.7 174.7 176.8 176.4 174 171.7 172.5 178.3 181.7 183 184.7 185.3 186.2 186.4 185.6 184.5 184.4 187.4 188.2 187 187.5 188.8 190.4 191.7 188.7 186.6 185.1 184.3 180.8
292 289.1 288.1 287.6 287.5 287.6 287.9 286 283.2 281.7 280 279.8 276.2 270.8 266.7 265.8 266.6 267 264.1 258 256.9 259.4 261.2 262 263.7 267.5 271.1 272.1 275.2 277.9 279 282.3 285.4 285.7 287.6 283.7 283.8 287.6 282.5 280 271.6 267.5 265.3 255.6 244.9 234.3 221 212.4 204.4 198.2 192.2 184.5 182.8 181 178.2 178 177.2 180.2 182.6 184.4 186.6 188 192.7 194.2 190.8 190.4 191.7 193.5 193.4 192.6 193.6 194 195.4 197.3 194.2 189.9 188 186.7 184.8
284.8 281.5 280.4 281.4 281.9 281.7 281.3 278.8 276.6 275.2 273.4 271.3 267.7 264.9 263.9 262 261.3 261.3 258.5 256.9 259.2 263 265.7 267.8 270.4 274.6 277.3 278.5 283.2 285.4 287.9 291 293.5 296.8 294.1 291.9 295.3 293.5 289.2 285.2 278.4 271.7 267.1 257.2 246.6 239 227.3 216.5 208.7 202.5 197.2 194.3 190 188.3 183.9 183.5 183.2 185.3 186.9 187.8 190.8 190.9 195 199 198.4 198.1 199.4 199.7 198.9 198.8 199.3 197.8 198.4 200.2 196.8 192.4 189.3 188 186.8
278.9 277 276.4 276.7 277.7 277.1 275.9 275 273.1 273.3 273.4 273.8 272.2 267.5 264 263.1 261.1 261.7 258.8 259.2 262.6 266.4 270.2 272.9 277.7 280.8 281.4 285.4 290.3 294.4 296.4 299 302.6 300.3 300.2 301.7 303.8 297 293.7 288.6 283.8 274.9 266.1 257 246.2 238.9 229.1 220.5 212.7 205.8 200.2 197.2 194.6 193 190.3 189.1 189.8 191.3 193.7 196.4 199.1 196.6 199.6 201 202 204.3 204.7 204.2 204.9 204.5 204 202.4 201.6 199.8 197 192.9 190.3 188.3 187.2
276.6 276.5 276.4 275.6 275.4 275.1 274.5 274.8 275.6 275.7 276.5 277.3 275.8 271.2 266 265.9 264.5 262.5 261.7 264.2 267.4 271 274.7 279.5 285 286.2 288 291.9 295.7 297.3 300 303.5 305.4 303.7 303.9 309.6 306.9 304.9 297.5 295.5 287.6 276.4 266.8 256.8 246.3 237.2 228.3 220.2 213.7 207.8 203.5 201 198.5 196.6 194.5 193.5 195 197.7 198.9 202.1 204.5 206.1 207.9 209.3 210.6 210.7 210.1 208.3 210.3 211.8 210.5 208 204.7 202 197.5 194 191.3 189 187.7
276.7 277 277.3 276.5 277.2 276.4 277 278.4 279.6 280.5 281.5 282.2 280.6 276.5 270.7 270.9 269.7 267.5 268.6 270.5 272.8 276.3 279.7 284.3 289 290.1 292.8 297.1 299.2 301 306 307.2 307 306.2 304.1 305 306.8 301.3 296.2 292.4 283 274.7 266.1 258 246.5 236.3 226.4 219.8 214 210.1 206.8 204.9 201.7 198.6 197.7 199.1 201.5 202.8 203.7 204.8 207.4 211.2 213.6 216.5 217.9 218.3 218.2 219.3 218.6 218.9 218.7 216.2 211.7 208.4 203.9 198.6 195 190.3 189
278.2 278.1 278.4 278.6 279.7 279.9 280.8 282.7 284.3 285.7 287.4 286.2 285.5 281.9 277.7 277.3 275.6 274.3 275.8 276.8 278.5 280.8 284 287.7 291.2 292.8 295.8 299.7 301.3 304.7 308.1 309 309.7 309.4 301.6 300.8 299 297.1 293.6 284.1 277 271.2 262.7 252.6 241.7 233.1 226.3 220.2 216.1 212.3 210.4 207.5 204.1 201.2 202.4 205 206.8 207.3 209.9 212.3 214.1 216.8 220.8 223.5 225 227.7 228.4 229.2 227.8 227.8 227.3 223.6 220.3 218.1 212.1 206.2 199.3 193 189.7
280.1 280.1 280.4 281.7 284.7 285.1 286.2 289 290.5 291.8 292.5 290.5 288.7 287.3 285.5 283.9 283 281.8 282.1 283 284.2 285.4 287.5 290.8 294.3 296.5 299.3 302.4 308.4 308.1 308.3 309.9 311.9 304.1 297.5 296 292.1 287.4 281 275.4 270.2 262.4 254 244.6 236.7 231.1 226 220.6 217.9 214.9 213 211.2 208.4 206.9 209.2 210.8 212.4 213.8 216.2 216.7 219.9 222.7 226.4 228.3 231.3 236 238 238.8 237.3 237 234.2 229.8 226.7 222.3 217.6 210.6 204.5 197.8 191.3
281.4 282.3 284.5 286.1 288.5 290.3 292.7 293.8 295.1 296.7 295.8 295.1 294.5 294.3 293.5 294.3 291.4 289.5 288.8 289.2 289.9 288.7 290 293.9 298 300.1 303.2 305.7 307.9 307.7 308.8 310 306.1 298.1 292.2 288.6 286.9 276.5 271 267.7 261.6 253.1 246.3 238.8 232.2 228.2 225.1 221 218.8 217.7 215.9 215.5 215.2 213.1 213.8 215.6 217.2 219.7 219.9 223.6 227.3 230.1 232 234.9 238 242.1 245.9 246.1 246 243.8 240.7 234.7 229.9 226.9 220.6 211.9 205 199.2 193.1
283.7 285.4 287.7 290.2 293.5 296.1 297.8 299.2 300.5 300.2 300.1 302.5 302.6 302.6 302.2 300.1 298.9 298.5 296.9 294.5 293.9 292.2 293.2 296 300.3 302 304.6 306.8 306.6 307 308.8 302.4 297.1 290.4 282.9 280.8 276.4 268.7 265.2 260.2 253.6 246.8 239.2 233.4 230 227.7 224.9 222 220.8 221.5 220.5 219.2 218.7 220.1 220.2 221.2 222.6 225.3 226.3 229.5 232.3 235.2 238.1 242.2 245.9 249.8 252.4 252.7 252.8 251.3 246 239.8 232.8 228 221.3 215.7 207.1 201.8 194.4
287.2 288.8 291 295.6 298.1 299.5 301.7 302.9 304.2 304.8 307.8 310.3 309.4 309.5 306.3 305 306.4 308.5 302.9 300 297.5 294.8 296.2 298.7 302.2 304 304.4 304.2 304.6 305.6 300.2 294.3 288.4 281.3 273.9 270 266.3 264.3 260.2 252.4 246.6 240.9 234.9 231.8 229.8 229 229.2 226.7 224.5 226.6 224.5 223.2 225.5 226.6 226.2 227.3 228.4 231.5 233.1 236.4 239.2 242.3 245.1 248.8 252.5 256.1 256.9 256.1 257.9 257.1 250.7 244.5 237.8 230.1 224.9 219.8 211 205.2 196.9
289.1 292.2 296 299.3 300.3 302.8 304.8 306 309 312.3 314.7 317.1 317.5 314 310.7 312.9 314.9 312 304.9 301.6 299.8 298.3 299.5 299.8 301.9 304.2 301.9 301.9 303.2 300.2 292 283.8 276.5 271.2 263.2 258.6 258.6 254.3 250.6 243.7 239.3 235.2 233.5 232.6 231 230.3 231.6 229.2 228.8 229 226.5 226.6 230 231.4 232.5 231.9 233.5 236.2 239.1 241.9 244.3 246.4 250.5 253.7 257.8 260.6 259.5 258.4 255.9 254.4 250.4 245.1 239.1 234.5 230.2 221.9 213.7 207.4 202.2
290.9 293.9 298.5 301 302.4 304 305.7 307.7 312.5 316.3 318.4 322.3 320.7 317.8 316.1 321.3 317.6 310.1 305.5 301.4 300.1 302.8 302.3 301.3 300 299.6 298.8 300.8 300.1 290 280 272.7 267.6 262.7 254.9 250.5 250.5 246.9 241.1 236.9 235.9 233.4 233.1 233.6 232.6 231.5 230.6 229.7 229.4 229.6 229.3 230.2 233 234.5 235 235.3 237.6 240.7 243 244.2 245.9 248.9 252 256.1 260.3 259.2 257.4 255.4 251.5 247.6 244.7 240.1 236.1 233.2 228.7 221.6 216.1 210.2 204.9
292 295.6 299 302.5 302.5 304 306.3 310.4 313.7 316.7 319.7 321.3 320 319.9 323.9 319.7 311.4 307.4 303.4 300.8 302.2 309 305.3 302.5 298.9 295.7 294.9 297.3 289.8 280.6 271.6 266.8 263.6 257.2 248.9 244 243.7 240.2 235.9 234.3 232.7 232.6 232.8 233.5 233.4 232.6 231.9 231.1 230.4 230.9 232.5 234.4 235.6 236.2 236.6 237.5 239.8 241.9 243.7 244.6 246.1 248.7 252.8 255.2 254.5 252.6 253.1 251.6 246.3 241.3 238.4 235 228.6 225.8 224.8 219.5 215.3 210.6 206.4
293.6 296.8 298.7 301.2 302.4 304.8 308.5 311.6 313.3 315.8 317.5 317.6 319.4 320.5 318.6 310.2 303.9 298.5 298.7 300.2 304 310.6 305.6 302.1 297.6 293.6 291.3 288.4 282 271.8 266.9 262.6 258.1 251.6 243.4 239.7 237.8 235.1 234.3 233.7 232.3 231.3 232.5 233.1 233.6 233.2 232.7 232.4 231.2 231.4 236 235.5 235.7 236 237 237.8 238.9 240.3 241.4 241.2 242.5 245.5 246 249.6 248.1 250.3 247.7 242.9 238.7 236.2 231.3 227.3 223.4 219 217.7 215.5 211.8 209.3 206.9
