data/250000-570000.asc
ncols 200
nrows 200
xllcorner 250000
yllcorner 570000
cellsize 50
[rows 105 to 139 of 200, columns 78 to 155 of 200]
216.6 212 207.3 201.5 198.9 194.5 189 181.7 175.8 171.9 169.6 163.2 158 157 156.9 157.6 158 158.6 157.7 156.7 156.3 157.5 159.6 158.4 154 149.5 148.5 149 146.7 145.4 143.2 139.9 138.6 139.6 138.8 136.5 138.5 138.7 138 139.3 140.3 140.9 140.9 142.1 145.3 151.4 155 167.6 169.3 171.5 176.7 184.9 193.3 206.3 214.4 223 227.1 227.4 225.1 224.7 222.1 219.6 216.8 213.6 209.9 208.2 204.6 199.8 193.1 186.3 183.6 186.6 192.5 196.8 200.7 207.8 214.9 221.9
215.2 209.8 203.8 198.8 195.6 192.1 188.7 181.8 175.3 173.8 171.3 162.6 158.1 158.3 158.3 158.3 158.8 160.2 159.7 159.1 158.3 157.7 158.5 158.4 154.4 152.2 151.1 151.1 149.7 148.9 146.3 143.2 139.4 137.9 137.1 136.5 134.5 133.9 134.3 133.4 136.2 137.2 137 136.5 138.9 141.6 145.6 151.7 156.7 161 164.8 170.9 178.3 186 194.4 203.3 206 207.5 207 206 205.9 204.1 202.1 200.6 196.2 198.3 196.1 190.4 186.4 181.6 178.9 182.6 188 192.9 198.1 205.1 211.9 219.2
212.8 205.3 198.8 195.4 192.5 191.1 188.8 182.1 176.6 175.2 171 164 159.4 160.5 159.9 159.5 160.9 162.5 162.7 160.9 159.6 159.1 159.1 159.9 158.3 156.4 154.8 153.4 152.9 152.4 149.3 146.5 143.6 142 141.7 140.4 139 138.8 137.9 137.4 134.6 133.3 132.2 130.7 131 133.6 138.6 143.4 146.6 149.3 154.4 158.4 164 170.8 178.1 185.7 187.3 187.8 189.4 190.6 191 192.2 190.9 186.7 183.6 182.9 183.5 179.8 177.7 173.9 174.5 178.4 183.5 188.8 194.2 201.2 209.6 216.6
209.6 200.6 195.1 191.5 190.8 189.9 186.7 179 174.4 174.3 169.3 163.6 162.8 163.6 163.9 164 164.6 166.7 167.7 166.3 164.6 163.2 163.7 163.7 162.7 160.9 159.2 158 157.1 155.8 152.7 150.3 149.3 147.1 145.8 144 142.4 140.8 139.7 139.6 143.6 143.5 139.2 136.6 132.9 129.2 128.2 133.3 139.1 140.9 143.6 148.3 152.9 157.4 163 169.4 171.3 172.6 175.6 180 180 181.2 181.4 177.9 174.5 171.8 172.7 170.7 168.4 167.4 167.9 172.2 179.1 185.2 191.5 198.4 207.2 214
206.1 199.1 192.8 189.5 187.8 185.6 182 175.2 172.5 170.1 166.2 167.5 166.9 166.7 168.6 169.1 170.4 171.5 172.3 171.9 170.8 169.6 168.7 168.3 167.4 165.7 162.9 161.3 161 158.5 156.2 154.1 152.8 151.1 148.9 147.8 146.4 145.3 144.4 145.7 151.7 152.1 148.7 147.4 140.3 135.3 132.2 127.8 130.4 133.2 137.6 142.8 144.2 145.2 149.3 155.9 159.3 161.9 166.2 170.5 173.1 173.7 174.8 174.1 172.2 167.7 167.4 163.4 162.1 160.8 162.2 167.1 173.4 181.9 188.5 195.5 203.3 211.7
203.3 197.8 191 187.7 185.2 181.3 177.7 174.5 171.4 169.9 169.8 169.9 170.2 169.7 171.2 173.4 175.2 177.2 176.8 176.4 175.5 174.3 172.7 171.9 171.2 169.9 167.9 165.3 163.2 161.3 159.6 157.9 156.3 154.1 151.3 150.3 149.9 149.4 149.6 152.5 156.6 157.4 150.8 147.1 139.2 134.9 133.1 129.9 127.7 128.6 131.6 136.7 138.3 137.9 143.8 149 152.4 154 157.8 160.6 164.5 167.1 169.6 168.7 166.6 162.9 165.8 163.3 156.4 154.9 157.1 162.2 168 176.9 184.5 190.8 200.7 210.8
199.8 194.4 188.3 185.7 182.2 178.7 176.4 174.2 172.9 173.2 171.6 171.7 172.5 174 175.8 177.8 181.1 183.4 183.4 181.3 180.3 178.7 177 175.3 174.1 172.9 171.1 168.9 166.1 163.9 162.3 161 159.7 157 154 152.9 152.6 152.4 153.5 157.1 159 157.6 149.7 141.9 137.7 136.5 133.9 131.6 129.6 128.4 125.7 126.9 129.8 131.3 139.1 143.3 145.1 147.2 151.6 151.9 154.5 158.8 161.4 161.4 158.7 158.9 160.1 160.1 155.2 150.1 151.9 156.9 164.3 173.6 180.2 187.3 197.2 207.7
196.8 191.5 185.3 182.7 179.9 178.9 177.5 175.3 174.6 174.7 173.7 173.8 174.9 176.6 178.4 181.8 185.6 189.5 189.9 186.3 183.9 182.4 180.8 178.8 176.8 175.6 173.8 172 169.2 166.6 165.2 163.7 162.3 159.5 157.5 156.4 156.1 155.9 156.7 158.8 157.7 154.5 144.6 142.2 141 140 138.4 134.5 130.7 130.1 128.7 126.4 124.6 127.2 131.4 134.7 134.5 136.8 142.4 145.8 146.9 150.7 152.5 152.8 153.5 152.7 152 156.1 154.4 147.5 147.8 153.6 160.7 168.4 175.3 183.1 193.1 202.2
193 187.4 183.4 181.2 179.9 179.6 178.5 176.9 176.2 175.6 175.5 175.9 177.3 179.2 182.2 185.8 189 191.5 191.5 189.4 187.4 186 184.5 182.7 180.7 178.3 176.5 174.7 172.4 170.4 169.3 167.2 164.8 162.4 161.3 160.4 159.8 159.5 159.3 158.6 155.3 150.6 149.2 146.7 145 143.1 140.5 141.3 134.9 131.8 130.2 128.7 126.8 123.8 125.6 127.1 128.1 129.3 135.5 140.5 139.6 141.8 143.4 145.9 147.4 146.4 147.4 149.6 149.8 146.4 144.4 148.6 153.2 162 168.6 177.7 187.7 196.6
188.4 184.4 181.6 180.5 180.5 180.2 179.5 178.5 177.8 177 176.2 177.8 179.4 182.3 185.9 189.4 192.2 193.7 193.2 192.2 190.3 191.6 189.5 187.4 184.7 182 179.8 178 176.5 174.7 173.3 170.8 167.7 166.2 165.1 164.5 164.1 163.6 162.4 161.2 158.1 153.3 152.5 151 149.2 147.3 149.3 147 140.2 136.8 134.7 132.4 131.4 129.6 126.2 123.3 123.4 124.2 129.1 133.4 133.9 133.4 134.9 138.8 140.1 141.6 140.9 143.7 144.7 140 139.2 144.2 146.7 154.2 162.5 172.2 182.2 191
184.9 182.6 181.5 180.4 180.2 180.3 180.8 180.2 179.6 178.7 177.8 179.5 182 185.8 189.3 192.4 194.9 195.6 194.9 194.3 196.8 197.4 196.1 192.1 187.9 185.9 184.1 183.2 182 179 176.7 174.6 172 170.7 170 169.7 169.2 168.5 167.8 166 161.5 158.5 156.5 154 151.5 150 155.9 158 146.5 142.5 140.1 137.9 138.2 138.2 133.2 129.8 126.8 124.9 122.8 121.8 126.4 128.1 127.5 130.7 132 134.1 134.3 135.6 139.1 132.5 133.7 139.6 143.6 147.8 157.1 166.1 176.3 186.5
184.3 183 182.1 181.6 181.3 181.8 182.2 181.8 181.3 180.7 179.2 181.1 184.4 188.1 192.3 195.6 198.3 198.3 198.1 197.4 200 202 201.2 198.2 191.1 189.8 188.8 187.8 185.8 183.7 180.9 178.8 176.5 175.2 174.7 174.1 173.6 172.9 172.3 170.6 165.1 162.9 160.3 157.4 155 154.2 156 159.7 155 149.1 145.3 143.9 142.2 141.2 142.9 140.6 135.5 131.3 128.5 125.3 120 120.3 120.8 122.5 124.9 126.8 126.9 128.3 131 130.4 129.5 134.3 138.3 141.1 150.3 160.2 171.5 181.8
186.5 184.9 184.1 183.6 183.3 183.6 183.9 183.1 182.5 181.9 181 182.8 186.7 190.6 194.7 198.6 201.1 201.3 201 201 202.9 204.4 202.9 200.8 196.5 194.8 193.5 191.6 189.5 187.5 185.5 183 180.9 179.9 179.1 178.2 177.7 177.1 176.4 174.2 170.6 167.1 165 162.1 160.4 159.6 158.5 160 160.1 154.4 151.1 150.4 148.7 146.9 151.5 150.1 145.2 140.3 135.1 130.9 127.4 125.6 122.4 119.2 119.7 120.3 120.9 121.3 123.2 123.5 125.3 129.2 132.5 134.3 142.2 151.9 164.5 175.4
188.1 187.4 186.5 185.9 185.7 186.2 186.3 185.2 184.1 183 183.3 185 188.9 193 197.2 201.3 204.7 206.4 206.2 206 207.1 206.3 204.6 202.2 201.1 199.3 197.3 195.3 193.2 191.2 189.2 187.2 185.3 184.4 183.6 182.9 182.1 181.3 180 177.5 173.2 171.3 170.3 167.8 165.7 164.7 163.7 162.6 162.4 160.3 157.5 156.4 155.5 153.5 157.7 155.8 151.4 146.8 142.1 139.3 134.4 130.6 128 125.7 122 117.7 116.7 116.3 117.5 118.8 121.6 124.4 127.2 129.7 136.9 145.9 157.5 167.3
188.9 189.4 188.8 187.9 187.8 188.8 188.4 187.2 185.8 184.5 185.6 187.4 190.8 195.7 200.6 204.9 209.2 211.4 211.5 211.2 211.1 209.3 207 205.9 204.8 203.1 201.1 199.1 197.1 195.1 193.1 191 189.3 188.1 187.2 186.4 185.7 184.5 181.7 180 177.3 175.7 174.9 173.4 170.9 169.4 168.7 167.5 166.6 165.8 164 163.1 162.9 161.8 163 161.6 157.7 153.1 149 146.3 142.4 137.7 133.4 130 126.6 122.1 119.7 118.1 115.7 115.4 117.9 120.8 122.9 125.3 131.4 137.5 147.8 159.5
189.8 190.3 190.3 189.8 190 190.7 190.3 189.1 188 186.7 186.8 190.1 193 197.7 203 207.9 212.9 216 216.8 216.3 214.3 212.3 211.1 210 208.9 207.8 205.2 203.1 201.1 199.1 197 194.8 193.3 192.1 190.9 190 189.1 187.4 184.9 182.2 181 179.7 179.8 178.9 176.5 174.6 173.4 172.3 171.6 171.4 170.6 171.2 170.9 170.1 169.3 169 165.5 159.8 156 152.3 148.3 143.6 138.9 134.9 129.5 125.1 122.1 120.2 118.8 117.3 114.8 117.2 119.4 121.7 125.9 132.6 138.1 148.9
190.9 191.7 191.6 191.3 191.5 192 192.2 191 189.7 187.8 188.5 192.5 197.2 201.4 205.6 210.8 216.5 219.2 220 219.8 217.2 215.6 215.1 214.1 212.5 210.9 209.1 207.3 205.1 203 200.5 198 197 195.9 194.8 193.7 192.1 190.3 187.8 185.5 185 184.1 183.5 182.9 181 179.7 179.2 178 177.1 177.5 177.4 178 179 178.5 177.2 175.5 172.2 167.5 163 158 153.8 149.1 144.4 138.3 132.4 127.1 123.1 121.7 120.7 119.2 116.1 115.8 117.2 118.6 121.7 129.1 134.6 140
192.7 193.3 193.3 193.5 193.1 193.3 193.8 192.9 191.7 189.4 188.5 194.9 200.1 205.4 209.6 213.5 219.3 221.2 221.1 220.8 220.6 219.2 218.4 217.2 215.4 213.7 211.9 209.9 208 205.8 203.3 200.8 200.3 199.4 198.3 196.8 195 192.8 190.6 190.1 188.7 187.7 187.1 186.5 185.5 184.6 184.3 183.7 183 183.7 184.5 185.8 186.8 186.5 186.8 184.8 181.1 176 170 165 159.9 155.6 150.4 142.2 135.1 128.4 124.2 122.3 120.9 119.2 116.9 114.7 115.6 117.5 118.4 123.4 131.1 134.6
194.6 195.3 196 196.1 195.7 195.3 195.1 194.7 194.2 193.2 190.9 195.5 200.6 207 212 216.7 220.5 222.4 222.4 222.2 222.1 221.8 221.3 219.9 218.1 216.2 214.2 212.2 210.2 208.3 206.1 203.6 203.1 202.3 201.2 199.6 197.5 195.3 193.4 192.5 191.9 191.2 190.6 190.1 189.5 188.7 189.1 189.3 188.8 189.5 191.5 193.1 194 195 193.9 192.7 189.6 184.3 178.8 172.9 167.9 161.7 156.2 148.4 139.2 130.5 125.5 122.9 120.9 118.9 117 115.5 112.7 115.5 116.3 117.7 124.4 128.4
197.6 198.4 198.7 198.7 198.3 197.9 197.5 197.4 197.6 197.5 194.3 195.9 201.5 207.2 212 216.9 221 223 224.3 224.1 224.2 224.3 223.8 222.4 220.7 218.6 216.6 214.5 212.5 210.5 208.6 206.4 205.8 204.9 203.6 201.9 199.7 198 196.3 195 194.5 194.7 194.2 193.6 192.7 191.9 192.7 193.8 194.9 195.5 196.7 198.9 200.2 201.8 201 199.7 197.7 193.3 187.7 181.2 175.1 167.8 160.3 153.5 144.5 134.7 128.6 124.9 121.4 119.9 118.3 116.7 115 112 113.6 115.5 118.1 120.6
202.8 202.5 201.7 201 201.8 202 202.3 200.8 200.8 200.1 197.5 197.1 202.1 207.3 212.4 217.3 221.2 223.6 225.1 226 226 226.3 226.2 224.9 223.2 221.1 219 216.6 214.6 212.7 210.7 209.1 208.6 207.3 206 203.8 201.2 199.9 199 198.3 197.5 198 197.7 197.1 196.8 196.3 197 198.3 199.4 200.4 202.4 204.9 207.8 209.3 208.5 207.2 204.9 201.1 196.2 189.1 181.1 173.4 165.8 158.7 150.1 140.6 134 129.4 124.6 121 119.4 117.5 114.2 112.9 111.3 112.8 114 116.1
210 208.3 207.6 206.5 208.3 209.3 208.4 207.5 205.5 202.2 199.2 197.3 201.7 207.2 212.7 217.8 221.4 224.1 225.7 227.2 228.1 228.5 228.5 227.5 225.6 223 220.4 218 216.5 214.8 213.3 212.3 211 209.8 208.4 205.9 203.6 202.7 201.7 200.6 200.4 201 201 200.7 200.4 200.7 201.9 202.8 204.3 206.4 208.4 211.2 213.9 216.3 216.9 215 211.5 208.7 203.4 195.7 187.7 179.9 172.1 164.9 156.5 147.6 139.1 133.7 128.7 123.9 121.5 117.4 114.3 112.4 112 110.3 110.9 112.5
216.5 213.4 212.2 211.3 212.3 212.3 211.5 210.6 209.2 205.2 201.3 197.8 201.4 207.2 212.8 217.6 221 224.1 226.3 228 229.1 230.6 230.7 229.3 227 224.2 221.6 219.9 218.3 217.2 215.9 214.5 212.8 211.1 210 208.1 206.2 205.4 204.3 203.4 203.1 204.1 204.5 204.2 204 204.1 205.2 206.7 208.5 211.1 213.6 216.4 220.1 222.6 224.3 222.9 219.2 215.3 209.4 202.2 194.2 186 178.2 170.2 162.7 155.3 147.7 138.9 133.1 128.3 123.8 119.2 115.5 112.8 111.8 109.9 108.7 111.1
221 219.2 217.8 215 214.7 214.1 212.8 211.8 210.2 207.1 203.7 200.5 200.6 206.2 212.3 217 220.8 223.8 226.7 228.5 228.9 230.4 231 231 228.8 226 223.4 221.6 220.1 218.9 217.8 216.1 214.1 212.2 211 209.6 208.2 208 207.2 206.6 206.6 207.5 208.4 208.1 207.5 207.6 208.5 210.6 213.4 216.3 218.8 222.2 227.2 229.9 230.9 228.8 225.7 221.7 215.2 208.1 200.7 191.5 183.5 175.1 167.7 160.3 152.9 145.3 138.5 132.9 126.8 120.7 116.6 113.7 112.1 110.7 109.8 107.8
225.1 223.3 220.8 217.4 216.4 214.4 211.8 211.6 211 209.1 206.6 203.1 200.2 206.6 211.6 217.2 220.6 223.5 226.4 228.9 229.5 229.7 230 231.3 230.1 228.1 225.7 223.4 221.9 220.7 219.5 218.1 216.1 214.1 212.3 211 210.1 210.3 210 209.9 210.3 210.9 211.9 211.5 210.5 211.6 212.1 214.7 217.4 220.2 224.9 229.7 234.3 236.4 236.5 232.6 231 228.3 220.5 212.5 205 197.9 188.7 180 172.3 164.6 157 148.6 142.5 136.8 130.3 123.4 118.8 115.3 113.3 111.8 110.8 109
229.1 227.1 223.9 220.7 219.1 217 215.6 214.7 213.7 211.9 209.7 205.8 202 205.7 210.5 215.2 220.2 223.2 226.1 229 229.6 229.7 229.9 231.8 230.4 228.6 227.1 225.5 223.7 222.5 221.3 220.1 218.1 216.1 214.1 212.6 212 212.6 212.3 211.9 212.7 213.5 214.7 215 214.3 215.3 215.8 218.3 221.5 225.4 231.1 237 239.8 240 239.5 236.5 233.2 231.6 227.5 218.5 209.5 201.7 193.6 183.8 175.5 167.6 158.7 151.2 144.9 141.8 135.6 127.3 120.8 117.2 114.8 112.7 111.5 110.5
233 229.5 227 224.1 221.5 219.4 218.4 218 216.7 213.7 210.9 208.3 202.4 204.5 207.9 213 219.7 222.7 225.7 227.7 228.5 229.8 229.8 231.9 230.8 229.2 227.6 226.2 225.1 223.8 222.6 221.4 219.8 218.2 216.3 214.8 214.1 215.1 214.8 214.3 214.9 216.2 217.3 217.4 217.7 218.2 219.9 222.1 226 231.3 238 241.7 242.9 241.8 241.7 241.5 240.2 234.4 230.8 224.2 214.3 203.6 194.6 186.1 177.2 168.1 158.7 151.9 145.8 142.4 140.5 133.4 126.9 119.9 117 114.2 111.5 110.4
236.6 232.7 228.7 226.2 223.9 220.8 220.6 220.5 218.9 215.6 212.4 210.2 207.2 204.1 208 211.8 219.5 222.1 224.6 226.5 227.6 229.9 230.3 231.3 230.4 229.2 228.4 227.2 226.1 224.9 223.7 222.5 221.2 220 218.5 216.8 216.9 217.5 217.8 217.4 218.2 219.4 220.3 220.7 221 221.3 222.5 225.8 229.5 235.9 243.4 245.6 247.4 246.2 247.3 246.7 245.1 240.3 234 229 217.3 206.5 197.1 187.7 177.8 167.3 159.8 152.7 146.6 140.6 139.7 135.7 131.1 125.9 119.6 116.1 112.4 110.1
240.2 236.1 232.1 229 226 224.1 223.2 220.5 219.4 216.2 213.2 210.9 209.7 202.6 207.6 209.5 215.4 220.7 223.5 225.3 227.5 229.8 230.8 230.8 229.9 229.6 229.7 228.5 227.1 226.1 225.1 224.1 222.9 221.7 220.4 219.3 218.9 219.9 220.3 220.8 221.3 222.1 223.2 223.9 224.3 224.5 225.6 228.3 232.3 239.1 245.5 248.3 250.3 249.1 249.6 250.1 248.5 244.3 237.8 230.8 221.3 209.8 199.9 190 179.5 169.4 161.2 154.3 146.8 140.3 137.9 133.4 129.3 125.8 120.7 116.9 113.1 110.5
243.4 239.3 235.8 232.9 229.4 227.6 225.8 222.2 220.2 217.6 214.6 211.9 209.5 204.5 206.7 208.4 213.1 219 222.1 225.3 227.6 229.9 231.6 231.4 231.2 231.1 230.7 230.1 229.6 228.5 227.1 226 224.8 223.6 222.5 221.8 221.4 222.5 224 224.3 224.4 225 226 227.2 227.5 227.8 228.8 231.1 235.1 241 247.2 249.9 251.1 250.6 251.2 251.8 251.4 247 239.9 231.5 223.8 213.5 202.9 192 181.5 171.8 162.5 156.1 148.3 141 135.3 130.1 126.7 123.5 121 118.8 115.5 112.1
247.9 242.6 238.1 235.8 233.3 230.8 228.9 224.9 221.8 219.6 216.3 212.3 209.6 205.3 204.4 208.2 212.6 217.7 221.1 224.7 228.5 231.1 232.6 233.4 233.4 233.5 233.3 233 231.9 231.4 230.3 228.7 227.1 226 224.9 224.3 224.7 226.1 228.3 228.6 228.7 229.6 230.1 230.7 231.3 232 232.6 234.7 238.4 244.3 248.7 250.8 253.4 253.4 254.7 254.7 254.1 249.4 242.3 233.5 224.4 214.9 204 194.6 184.3 174.1 164.6 156.8 150.7 142.7 137 131.3 127.7 125.5 125.6 122.7 119.5 116.4
252.3 247.2 242.1 239.5 236.7 233.8 231.1 227.3 223.2 219.6 216.4 212.6 209.9 207.1 202.7 207.3 211.8 216.6 221.1 225.2 229.1 232.5 234.6 236.3 236.8 237.1 237.1 237 235.7 234.7 233.9 232.9 230.9 229.6 228.4 228.3 228.8 229.9 231.3 230.6 231.8 232.9 233.4 234.5 235.7 236.3 236.9 238.4 242.4 246.3 250.4 253.6 256.5 257.5 258.7 258.2 256.2 251.6 244.6 234.5 224.2 215.1 204.9 196 187.6 176.3 166.9 159.4 152.1 145.3 139.7 134.6 130.4 130.4 130.1 126.4 122.4 119.4
256.4 251.3 246 242.8 239.7 236.2 232 228.9 224.8 220.8 216.7 213.1 210.2 207.2 203.5 206 211 216 221 226.1 230.3 234.2 237.8 240 240.4 241.2 241.3 241.3 240 238.7 238.3 237.9 235.7 234.3 233 232.8 233.1 234.2 234.8 234.3 234.9 236.4 237 237.7 239.3 240.3 241.2 242.5 246.7 249.3 251.9 255.2 258.4 259.9 261 260.4 257.3 252.3 246.1 235.4 225 216.4 207.2 198.6 189.8 178.8 169.2 161.7 153.5 147.7 142.2 137.9 133.5 131.3 129.9 126.7 122.3 120.9
260.1 254.3 249 245.7 242.1 238 234 230 225.8 221.7 217.6 213.2 210.1 208.2 205.9 204.2 209.9 215.9 221 226.4 231.8 236.2 241.1 243.6 244.8 247.3 247.3 247.1 245.9 244.6 243.1 243.1 241.6 240 238 237.6 238.2 239.1 239.5 238.7 239.7 240.9 241.8 242 242.6 243.8 244.9 247.7 250.1 252 254 257.8 260.1 261.3 261.9 261.9 257.9 252.2 245.1 236 225.9 216.5 208.6 199.5 190.5 181.2 171.8 163.1 155.8 150.2 144.5 139.3 134.8 131.6 129.2 125.7 122 120.6
263.6 259 251.9 248.2 244.2 239.6 234.5 230.3 226.7 222.7 218.6 214.1 210.8 208.8 206.7 203 208.5 214.2 221.2 226.7 232.5 238.4 243.3 247.2 250 252.7 252.9 252.9 251.9 250.4 249.3 248.7 247.2 244.8 242.9 242.6 243.4 244.2 243.1 243.4 245.2 246.9 247 246.9 247 247.8 249.9 251.7 252.7 254.6 256.5 260.1 261.5 262.2 263 262.7 258.2 251.9 244.4 236 226.1 216.9 209.3 200 191.6 183 173.1 164.4 158.2 152.5 146.4 140.8 136.7 132.3 129.5 127.1 124.7 122.1
