data/250000-580000.asc
ncols 200
nrows 200
xllcorner 250000
yllcorner 580000
cellsize 50
[rows 35 to 69 of 200, columns 79 to 157 of 200]
282.3 277.9 273.5 269.7 266.5 263.3 260 257.9 255.6 255.8 255 253.1 251 248 246 244.3 242.4 237.4 237.2 236.1 235.1 233.8 232.7 231.3 229.8 227.8 227.2 226.2 225.2 223 221.8 221.9 221.3 221.5 222.3 222.7 221.3 222.2 223.4 222.9 223.1 222.9 222.7 222.5 222.1 220.8 219.4 218.7 218.5 217.8 217 215.1 212.9 210.6 208.3 206.3 204.5 202.9 201.2 199 196.9 194.8 192.6 190.9 190.6 190 187.7 184.3 181.6 178.4 175.6 173.7 172.6 169.1 167.8 167 165.5 162.2 160.6
280 276.3 271.9 268.4 265.5 262.6 259.2 256.8 258.1 258.3 256.9 255.5 253.4 251.9 250.6 248.8 247.3 241.5 242.1 241.3 240 238.5 237.9 236.7 233.6 231.4 229.3 228.1 226.9 226 225.2 226 225.4 225.6 226 225.2 224.1 225.3 224.8 223.8 223.6 223.5 223.4 223.2 221.7 220.3 219.8 219.8 220 218.9 218.1 216.7 214 211.2 208.9 207.2 205.3 203.3 201.6 199.7 197.6 195.5 193.4 191.2 190.8 190.2 190 187.2 184.3 180.9 178.4 176.7 174.6 172.5 172.1 172.4 168.8 165.8 163.9
279.2 274.9 270.6 267.9 264.9 262.1 259.8 260 260.4 260.7 259.4 257.6 255.7 254.6 253.6 252.5 250.8 247.3 246.7 245.5 244.4 243.3 242.9 241.4 238.3 235.6 233.2 230.9 230.4 229.7 228.7 229.9 229.5 229.3 229.3 228.8 228.2 228.9 227.2 225.7 225 225 224.3 222.6 221.6 221.5 221.4 221.2 220.8 219.9 218.7 217.3 215.1 212.1 209.7 207.7 205.5 203.3 201.6 199.4 198 196 193.8 191.6 190.8 190.8 190.6 188.7 186 183.5 181.3 180.2 177.8 175.6 177.3 174.7 169.8 168.9 168.5
278.8 274.3 270 267.9 265.3 262.4 261.9 261.3 261.7 261.8 260.7 259.5 258.1 257.1 256.1 255.2 253.7 252.1 251.4 249.7 248.7 248.2 247.8 244.7 241.7 239.8 237.2 234.6 235.1 234.9 234 232.3 232.7 233.6 234.7 235 233.3 232.1 230.3 228.5 227.1 225.4 223.6 222.1 222.3 222.3 222.2 222 221.4 220.5 219.2 217.4 215.3 212.5 209.5 208.1 205.6 203.9 201.4 198 196.2 195.3 193.4 191.4 190.6 190.6 190.6 189.7 187.1 184.9 183.1 181.8 180.7 178.5 176.1 173.9 170.9 170.8 170.6
279.9 275.9 271.8 268.6 265.8 264.2 263.5 263 263.2 262.9 261.6 260.6 260.6 259.4 258.6 257.7 257 256.4 256.5 254 252.6 252.1 250.9 248 245.6 242.9 239.5 239.7 240.7 241.5 241.3 242.2 243.7 243.8 243.3 240.4 237.3 234.9 233.1 231.4 228.9 226.6 224 223.6 223.2 223.2 223.1 222.6 222 221.1 219.7 217.6 215.5 212.8 210.4 209.3 207.7 205.9 203 199.9 197.3 194.6 192.8 191.5 190.5 190.5 190.7 190 188 186 183.8 182 181 179.8 177.1 174.5 172 170.6 169.7
283.1 279.3 274.9 270.5 268.3 266.5 265.3 264.7 264.8 263.7 263.1 263.1 263.1 263.1 262.6 262.3 260.8 260.5 260.5 258.1 256.4 254.8 253.4 251 248.9 245.7 243.3 244.8 246.1 246.7 247.3 248.6 251.5 252.2 251.8 248.1 243 239.3 235.7 233.8 230.3 228.6 225.9 225 224.6 224.2 223.8 222.9 222 220.9 219.2 217.5 215.9 214.4 213.2 212 210.6 207.8 205 203.7 200.9 197.5 195.2 194.9 190.8 189.7 189.9 189.3 187.5 185.6 183.4 181.2 180.4 179.1 177.2 175.2 173 170.8 169.5
286.5 282.5 277.9 273.5 270.6 268.7 266.9 266.2 265.6 265 265.5 266.2 266.2 267 267.4 266.7 265.6 266 264.1 262.2 259.8 258 256.3 255 253.7 252.1 250.1 251.5 251.4 252.5 253.3 255.1 257.9 259.8 258.6 256.2 252.1 248.2 240.7 236.8 232.3 229 227.4 226 225.7 225.2 224.6 223.7 222.9 222.1 220.8 219.5 217.8 216.9 215.4 213.9 212.3 209 207.3 206.1 203.5 199.9 198.5 196.6 193.4 190.4 188.5 188.3 186.8 185.1 183.1 180.7 179.5 178 176 174 172.7 171.5 169.9
289.6 285.7 281.6 277.5 273.7 270.4 268.8 267.4 266.6 266.7 267 267.8 268.7 269.6 270.3 270.7 270.6 269.5 267.6 265.3 263.2 261.1 260.2 259.7 259.2 258.7 258.4 258.6 258.8 259.2 259 259.7 262.3 264 263 261.2 259.3 254.4 247.6 243.2 236.1 229.9 228.6 227.1 226.7 226.1 225.4 224.5 223.8 223 221.9 220.6 219.3 218.1 217.2 216.5 214.7 211.2 209.4 207.8 205.7 201.9 199.7 197 194.1 191.2 188 186.4 185 184.1 182.8 180.7 178.9 176.8 174.8 172.9 171.7 170.9 170
291.7 288.4 284.7 281 277.2 273.5 270.1 268.6 267.6 268.1 268.5 269.5 270.5 271 271.5 271.5 271.1 270.7 269.4 268.2 267 266.3 265.8 265.7 265.4 265 264.5 264 263.9 263.8 263 263 266.5 267.4 266.5 264.6 262.7 259.8 255.8 250.7 240.3 233.2 230.3 229 227.6 226.9 226.2 225.4 224.7 223.9 222.9 221.6 220.5 219.4 218.3 217.3 216.2 214.7 212.4 209.8 206.7 202.9 200.3 197.7 195.1 192 188.5 186.9 185.5 183.7 182 179.4 177.8 176.3 173.7 171.9 170.8 169.6 169
292 290.4 286.5 282.3 278.4 274.2 271 269.5 268.3 268.6 269 269.6 270.6 271.5 271.9 272.5 271.9 271.3 270.9 270.7 270.5 270.7 270 270.4 270.6 270 269.5 268.5 267.9 267.4 266.9 265.4 268.9 269.9 268.7 266.9 265 266 262.7 256.3 248.5 237.4 234 231.5 228.9 228.1 226.7 226.2 225.6 224.8 224 222.7 221.9 220.7 219.5 218.4 217.4 215.7 214 211.6 208.6 205 201.2 198.6 196.1 192.8 189.4 186.8 185.7 184.4 181.2 179.2 178.1 176.8 173.5 171.1 169.7 169.2 168.7
292 290.6 286.5 282.3 278.4 274.4 271.8 269.5 268.4 268.8 269.1 269.7 270.8 271.7 272.3 272.4 272.3 272 272.1 271.9 272 272.6 273.3 274.6 275.2 275 273.8 271.5 270.5 269.6 268.8 267 269.2 270.4 270.2 269.1 269.3 269.4 266.7 259.8 253 242.1 237.5 234.1 230.2 228.6 227.2 226.6 226 225.5 224.9 224.1 223.3 222 220.7 219.6 218.3 216.7 215.1 212.9 210 208.2 203.2 200.8 197.3 193.7 190.5 187.5 186 184.9 182.2 179.1 177.9 175.3 172.4 170.4 169.5 168.9 167.9
291.3 289 282.3 279.8 277.3 274 271.2 269 268.3 268.7 269 269.6 271.2 271.7 272.1 272.1 272.1 272.1 272.5 273 273.5 274.1 275.5 278.3 279.3 278.8 275.6 273.5 272.1 270.8 269.8 268.3 269.3 270.5 269.8 269.6 270.1 269.5 266.9 260.2 253.4 245.5 239.8 236.4 231.5 229 227.4 227.1 226.6 226.1 225.9 225.7 224.7 223.4 222.1 220.8 220.2 218.6 216.6 213.9 210.9 206.9 204.8 202.5 200.9 195.7 193.8 189.3 187.2 185.6 182.7 179.4 176.7 174.2 171.7 170.1 169.4 168.6 167.7
289.8 284.5 279.2 277 274.2 272 270.4 268.6 268.1 268.3 268.2 269.4 270.5 271.1 271.3 271.4 271.3 271.1 272 273 273.5 274.1 275.8 278.3 278.9 278 274.6 273.3 271.2 270.2 270.1 268.2 268.8 270.2 267.8 266.4 269.2 270 265.5 258.9 252.1 244.5 239.8 236.3 231.7 228.6 227.2 226.1 227.1 226.9 226.1 225.4 224.3 223.7 222.3 221 221.4 220.1 218 215.5 212.2 208.4 205.6 201.8 200.4 197.5 194.7 190.6 187.3 185.2 183.9 180.9 177.3 174.4 172.2 170.6 169.7 169.3 170.1
284.3 280.1 276.6 274.5 272.3 270.1 268.5 266.6 266 265.8 266 267.5 268.6 269.5 270 270.5 270.6 269.6 271.5 272.3 273 273.5 277.7 275.7 273 272.2 269.7 267.8 266.2 265.7 265.6 263.8 262.7 263.5 263.2 260 260.9 263.6 261.9 245.4 248.9 241.7 237.4 233.6 230.5 227.6 225.7 224.6 224.2 224.7 225 223.9 222.7 222.5 221.8 221.1 222 223.5 219.8 217 213.8 210.4 207 201.8 199.4 197.6 194.9 191.6 188 185.4 183.4 180.9 177.5 175 173 171.3 170.5 171.6 172.3
277.8 276.3 274.1 272.6 270.4 267.7 266.1 264.3 263.5 263.4 263.8 265.3 266.6 267 267.4 267.9 268.1 268.8 270.4 271.2 271.7 272 274.5 274.1 271.7 268.6 265.1 262.7 259.1 258.1 259.4 258.9 257.3 256.3 255.7 253.2 253 252.3 250.8 243.7 246.7 240.5 235 230.6 227.7 225 222.9 222.8 221.9 221.7 222.1 221.8 221.3 221 220.6 219.5 219.6 221.1 220.1 216.9 214.1 211.3 208.6 204.3 199.9 195.1 193.7 191.2 188.2 184.9 181.4 179.3 178.3 176.7 174.1 172.3 172 172.5 173.9
272.3 271.6 270.7 270.6 267.7 263.8 263 262.1 261.1 261.2 261.6 262.4 264 264.5 264.5 264.4 264.9 266 267.1 268.9 269.3 267.9 267.5 268.7 268.1 264.3 260.7 257.1 253.9 251.6 252.2 253 250.7 249.8 247.7 245.8 244.4 243 241.6 240.1 238.9 236.5 231 227 223 219.1 219.1 218.8 219.3 218.6 217.3 217.7 218 217.9 217.6 217.4 217.2 217.9 216.9 215.9 214.2 211.5 207.4 204.8 201.4 195.6 192.6 190.5 188.2 185.6 182.3 179.4 178.2 177.7 176.1 173.5 173.2 173 173.3
267.5 267.2 266.5 266.5 263.1 260.3 259.8 259.1 258.6 259.7 260.2 261.2 262.2 261.6 260.9 260.6 260.9 261.9 263 263.2 263.9 263.1 261.8 260 260.7 259.7 256.2 251.2 248.5 247 245.9 245.7 243.4 242.9 240.7 237.5 235.8 234.2 233.3 232.2 230.8 229.2 225.6 222 218.1 214.3 214.4 212.4 214.2 214.4 212 212 213.8 213.9 214.6 216 215.1 214.9 212.4 212.4 212.1 211.1 208 204.3 200.5 196.7 192.7 189.3 186.5 184.2 181.5 180.5 178.7 177.8 175.9 174.2 173.8 173.6 174
263.9 262.8 262.1 261.9 259.4 257.6 256.5 257 256.7 257.6 258 259.1 259.3 258.3 257.2 256.5 257.8 259 259.7 260.2 259.3 256.8 255.2 252.7 250.4 250.8 248.6 246 243.3 241.5 241.4 240.1 237 236.4 235 231.8 228 225.6 224.7 222.7 221.8 221.2 218.9 215.5 212.2 208.9 207.6 206.9 206.4 208.6 206.7 207.6 209.1 210 212.5 214.7 213.9 211.4 208.9 208.1 208 207.8 206.9 203.7 198.8 195 193 190.1 186.4 183.5 181.6 181.2 181.3 178.1 175.5 174.8 174.2 174.2 174.2
259.7 258.6 256.8 256.5 255.3 253.3 253 253.6 254 254.1 254.6 255.2 254.9 253.5 252.4 252.4 254.3 255.1 256.7 258.6 258.6 255.8 251.6 247.4 243.7 242.4 241.9 239.9 238.2 237.1 238.3 235.7 232.3 230.6 228.7 225 221 217.1 214.5 212.6 212.8 212.6 210.5 208.2 205 203.3 203.3 202.7 200.1 201.4 203.3 204.6 205.7 204.5 206.3 209.2 211.4 210.3 207.7 204.7 203.7 203.3 203 201.9 197.2 194 192 189.9 187.4 184.4 183 182.2 181.5 178.7 175.5 175.2 174.5 174.4 174
255.6 252.3 251.7 251.5 250.3 249.5 249.5 251 250.2 250.5 250.4 250.2 250.1 249.2 247.4 247.9 248.7 250.6 252.3 254.2 253.8 252.3 249.6 246 240.7 237.3 235.6 234 232.4 232 230.9 228.4 225.4 223 220.9 218.5 214.9 212.6 209.3 206.4 205.7 205 203.3 200.7 197.8 197.2 198.1 198.6 197.3 198 200.7 203.3 206.6 204.9 203 201.9 202.3 204.2 204.7 202.8 200.2 198.2 198.4 197.8 195.9 192.8 190.9 188.5 186.2 184 182.3 181.7 181 178 175.5 174.4 174.5 174.4 174.3
253.2 246.8 246.3 246.5 246.4 246.5 247.1 246.8 245.4 244.6 243.9 243.9 243.5 241.9 241.6 242.2 243.1 244.9 247 247.8 247.8 247.7 245.8 242.6 238.5 234.6 231 228.6 226.8 225.1 223.4 220.3 217.4 215.9 212.6 209.7 207.3 206.6 205 202.5 200.9 198.7 196.8 194.6 192.4 191.9 193.8 194.5 193.9 193.9 196.9 199.5 199.2 201.7 201 198.2 197.1 197.6 199.5 200.3 198.7 193.8 192.7 192.1 192.4 189.2 186.2 185.5 184.2 184.2 182.6 180.6 180.3 177.8 175.7 173.3 173.4 174 174.7
248.8 242.3 239.7 238.5 240.1 241.1 242.9 240.8 239 238.2 237.4 237.2 237.6 238 237.8 239.1 239.8 240.1 241.2 241.4 241.3 241.3 241.1 238.8 235.8 232.5 227.8 224.1 220.5 218.1 216.7 213.4 210.8 209.5 207.6 204.3 200.7 199.8 198.8 196.7 194.3 191.7 190.3 189.7 187.9 187 187.9 189.6 190.2 189.7 192.1 192.3 191.2 194.9 195.3 194.6 193.3 190.7 193.3 195.4 196.1 192.1 187.7 187.7 187.1 182.2 183.1 183.5 181.9 184.3 183.5 180.2 176.5 175.9 173.9 172.4 172.5 173.2 174
240.5 235.2 231.5 233.9 233.5 234.7 234.4 233 231.1 231.1 231.2 232.3 232.9 233.9 234 235.7 235.5 235.5 236.4 237.2 236 234.9 235.1 233.8 231.7 229.1 224.2 220.2 215.5 212.4 211.5 207.2 204.9 203.1 201.1 199.7 196.2 194.4 193.2 190.9 188.4 185.6 184.2 184 183.4 182.4 181.9 181.8 182.9 185.1 186.8 186.6 187.9 188.6 189 189.6 189.7 188.4 184.8 186.4 189.1 187.9 183.6 182.8 180.6 178.2 179 179.7 179.8 181.9 182.3 178.9 175.4 174.1 171.9 170.6 172.1 172.8 173.7
234 231 226.8 225.7 224.6 224.5 225.7 225.1 222.7 223.1 224.6 225.8 228 230.3 230.4 230.8 230.5 230.7 233 233.7 231.1 229.5 227.9 226.2 223.6 221.3 219.5 215.2 211.3 207.8 205.4 201.1 199.9 197.7 195.9 195.1 192 189 187.1 184 180.9 180 179.4 179.3 179.5 178.4 177.4 177.3 177 179.5 181.6 181.6 182 182.4 183.6 185 183.9 184.7 182.1 178 179 180.1 178 176.3 173.5 175.1 174.4 176.7 178.8 177.7 178.9 177.4 174.8 172.6 170.2 169.7 172.5 173.5 173.4
227.4 225.2 219.9 216.8 214.9 214.6 215.8 215.7 214.9 212.9 216 220.5 222 223.6 224.4 225.4 224.7 226.6 227.5 226 225.9 223.6 221.1 218.8 216.5 213.8 213.3 210.6 207.3 203.7 199.6 195.8 194.5 193.3 190.9 189.9 187.1 184.4 181.5 179 176.7 175.9 175.9 175.6 175.5 174.5 173.2 173.1 172.2 171.9 175.8 175.9 175.5 175.3 177.4 178.9 178.1 174.9 172.6 172.8 171.6 172.3 171.7 169.2 169.5 170.4 169.2 174.7 175.6 175.1 174.4 172.5 172.3 170.2 169 168.6 172.3 173.3 172.2
219.2 216 212.9 206.8 203.5 203.6 206.6 206.9 206.7 203.8 208.6 211.8 214.1 214.8 217.3 218.8 219.6 220.8 221.2 219.6 218.5 217.4 215.3 212.7 209.2 206.9 205.1 202.9 201.2 198.1 194.4 189.9 188.4 188.7 185.2 182.7 181.9 179.9 177.8 175.4 174.3 172.9 173.1 172.9 171.7 170.5 169.1 167.8 166.7 168.1 170.9 171.1 169 170.1 171.7 170.9 170 166.2 163.7 164.6 164.7 163 162.6 162.6 164.6 165.9 165.2 166.5 170.6 172.3 171.7 166.2 167.1 167.8 167.7 167.8 168.1 170 171.2
210.6 207.2 205.6 199.3 194.7 194 197.3 199 198.5 197.7 199.3 201.4 203.4 206.9 210.9 212.4 212.9 214.2 213.8 212.4 211.3 210.1 208.2 205 201.3 199 197.2 194.2 194.9 192.2 187.5 183.7 182 182 179.8 176 175.2 174.2 173.3 172.7 171.7 170.1 170 170.1 167.6 166.2 164.9 163.3 163.1 164.6 164.4 165.8 165.2 163.7 167.7 166.7 164 159.4 158.1 157.9 156.3 155.1 157.8 159 159.5 161.8 162.8 163.2 165.3 167.3 166.7 163.8 164.5 167.1 167.7 168.6 169.2 169.8 169.7
199.3 200.9 198.6 194.5 191.1 189.1 189.9 191.6 190.8 192.5 193.4 192.7 193.9 198.6 202.4 204.1 204.5 206.2 206 205.7 205.3 203.1 200.2 197.3 192.9 191.3 190.4 187.4 187.7 185.2 179.5 176.3 175.2 176 174.5 170.4 168.8 168.1 167.3 167.6 167.5 166.4 165.9 164.7 162.8 161.6 160.3 159.7 160.1 159.2 158.1 158.6 160 158.9 157.8 159.4 158.5 156.3 154.1 151.8 150.3 151.9 154.5 155.6 156.1 157 157.7 158.8 161.5 163 163.2 163.4 163.5 163.8 166.2 168.9 169.4 172.8 172.1
194.8 190.3 189.5 189.5 187.3 186.1 184.6 184.9 184.5 185.4 186 185 184.5 189.6 193.4 196.2 197.3 197.9 196.7 196.9 197.3 195.6 193.4 190.7 187.3 185 185.5 181.8 179.7 177.6 171.9 169 169.5 171.4 169.9 167.1 162.1 160 161.1 162.6 163 161.8 160.8 159.7 158.2 157.3 156.6 156.1 156.1 154.6 153.9 152.6 152.5 152.1 152.2 151.6 151.6 151.1 150.5 147.3 147.8 150 151.2 152.3 152.5 152.9 153.8 154.7 157 160.3 165.6 164.4 164.2 164.7 165.4 167 169 170.2 172.2
202.5 198.3 193.3 187.7 183 180.9 181.1 180.5 179.6 179.3 177.9 180.2 178.9 177.7 182.6 187.6 188.5 187 183.2 189.3 191.4 188.3 185.9 183.5 181 177.8 177.1 176.6 172.5 168.8 166 163.4 163.3 164.8 164.6 162 156.8 154.3 155.8 157.4 157.4 155.3 155.1 155.1 153.5 152.3 153.3 153.4 152.3 151 151 149.7 147.6 146.9 147.7 147.6 148.6 149.1 147 145.9 146.8 147.9 148.2 149.7 150.2 152.3 155.7 156.5 157.7 161.9 166.9 170.4 170.5 170.1 169.3 168.7 170.6 170.9 171.3
214.1 209.3 201.9 192.7 183.1 179.4 179.1 177.1 176 174.5 171.4 172.2 172.8 170.3 169.8 174.8 178.5 177.6 175.9 176.8 180.9 181 180.3 176.1 171.6 171.7 170.4 167.9 165.7 161.8 159.5 157.4 156.2 156.6 156.8 155.2 151.3 150.9 150.8 150.5 150 149 149 150.3 150.1 148.7 150.4 150.5 149.3 147.5 146.5 146 144.7 143.2 143.6 144.1 145.7 146.5 145.1 146.6 152.7 151.3 148.6 148.6 149.7 151.2 154.2 159 164.2 168.2 171.3 172.1 171.7 171.6 171.6 171.3 171.7 172.3 173.2
228.2 220.8 207.9 196.4 186.7 181.1 178.6 175.6 173.3 172.2 170.4 168.2 166.9 165.3 163.7 165.7 169.3 171.4 171.1 172 173.8 176.3 174.6 170.4 168.2 167.3 164.8 161.7 159 155.4 153 151.9 150.3 149.9 150.2 149.3 146.4 145.1 144.9 145.1 143.7 142.8 143.5 144.9 143.8 143.9 145.9 145.3 143.9 144.1 140.6 143.5 142.5 140 139.2 140.5 143 145.1 145.3 147.2 149 154.3 154 149.2 150.6 152.5 154.4 159.6 165.3 172.3 173.7 172.6 172.1 172.7 174.3 177 179.2 179 180.3
241.9 232.5 214.9 201 189.6 182.9 179.2 175.7 173.3 172.6 171 168 165.4 163.1 160.8 160.7 161.4 164.1 165.7 167.2 168.2 168.9 168 161.8 163.3 163.2 160.1 153.4 152.6 151.4 149.2 146.4 144.8 145.1 145.8 145.4 142.5 139.7 139.8 140.3 139.7 139 139.9 139.1 137.6 137.9 139 137.7 137.4 137.5 137 137.3 137.9 135.6 132.8 141.8 145.7 148.6 151.6 151.4 152.2 152.8 153.4 153.2 153.9 155.4 157.3 161.2 167.9 172.1 172.8 172.4 172.9 175.8 179.5 182.6 184.6 186 186.5
250.7 239.8 223.2 204.8 193.7 187.6 179.9 177 175.2 173.8 170.3 167.3 164.5 162.1 160.1 159.1 158.3 159.2 160.9 162.7 162.3 161 156.9 152.6 155.4 157.4 151.7 145.6 146 147.3 143.3 139 138.4 140.2 141.8 141.2 138.9 136 137.5 139.6 139.3 138.2 135.8 133.7 132 131.9 132.1 130.9 130 129.2 129.6 130.4 129.8 129.4 134.4 139.8 149.1 153.7 157 157.6 159 159.1 158.5 159.9 159.3 158.6 160.6 166.1 169.4 171.4 171.9 172.7 175.2 179.9 182.9 186.6 188.9 189 189.1
255.2 247.8 233.1 212.6 197.5 189.7 183.3 179.5 176.9 172.9 169.3 166.5 164.1 162.4 160.6 160.5 159.1 158 157.2 157.6 155.6 152.2 147 147.4 150.3 149.5 144.6 141 143 143.9 140.3 135.4 134.7 134.9 138 138.3 134.5 131.3 132.7 139.3 138.1 134.4 131.9 130.6 129.8 129.1 128.7 128.2 124.2 129 123.1 124.4 123.8 129.4 134 141.7 149.8 157.5 162.8 162.4 165.1 164.6 161.4 160.8 160.1 160.5 163.6 168.6 169.6 170.3 172.7 176.3 178.7 181.6 187.1 188.9 190.1 190.7 190.6
