data/250000-220000.asc
ncols 200
nrows 200
xllcorner 250000
yllcorner 220000
cellsize 50
[rows 37 to 73 of 200, columns 0 to 81 of 200]
281 285.9 289.3 293 296 299.6 302.5 304.6 305.7 306.7 306 304.6 302.3 299.5 293.6 285.6 276.7 268.2 260.1 257.5 254.8 250 245.6 238 231.4 226.7 224.6 224.1 226 230.3 236.8 245.7 255.1 262.5 268.6 273.9 278.9 283.8 288.8 290.8 291.2 291 290 287.8 285.2 281.4 277.2 269.6 260.8 253.6 246 238.6 228.6 218.1 203.7 188.6 173.1 156.4 138.5 115.1 113.4 100.4 86.6 88 83.6 79.7 75.9 68.9 62 50.7 48 45.1 57.2 66.6 88.7 110.7 132 146.5 158.3 169.3 174.5 194.4
280.8 286 289.6 292.3 295.7 299.4 301.2 302.8 304.6 305.5 305 304.2 302 298.7 293.1 285.5 278.2 270.9 266.1 264.1 263.7 260.7 256.6 247.7 236.3 227.8 222 222.1 223.2 227.1 232.3 241.6 251.3 260 266.8 273.3 278.2 284.3 289.2 290.5 290.9 290.7 288.8 286.5 283.3 278.4 271.1 262.5 251 239.1 226.2 218.4 211 201.1 192.6 183.7 172.8 158.3 144.1 127.1 113.1 95.4 79.7 70.4 68.5 69.4 71.9 66.1 59.2 44.8 51.8 57.9 63.3 73.5 93.6 117.9 139.1 163.3 184.7 194.5 200.8 211.2
283.1 286.5 289.8 293.4 296.7 299.7 301.4 302.5 303.6 304.3 304.2 303.7 301 297.8 292.7 285.8 279.2 275.4 272.1 270.2 268.7 268.6 264 254.9 241.7 229.9 220.6 221.1 221.2 223.4 227.4 234.6 246 257.3 265 272.3 278.2 284 288.4 290.1 290.6 289.8 287.9 284.8 280.4 274.3 265.8 254.9 240.3 222.3 206.9 196 188.4 180.2 172.5 168.8 161.1 150 136.7 121.3 104.5 84.5 83.4 78.5 75.3 70.7 62 59 51.1 49.3 55.1 60 64.8 73.7 92.6 116.6 139.1 165.7 194.4 213 226.9 236.5
285.9 288.2 291 294.4 297.8 300 301.6 302.6 303.3 303.8 304 303.3 300.9 297.7 292.5 287.5 282.7 279.4 276.2 274.8 273.4 271.4 266.7 258.8 248 235.3 223.6 219.6 218.3 219.4 221.7 226.3 237.5 251 261.4 270.4 277.9 283.7 287.2 289 289.7 288.9 286.3 282.5 277.8 271.6 262 247.3 225.2 207.8 193.3 182.9 171.2 158 151.1 146.3 144.1 138.8 124.7 103.6 98.3 92.9 88.2 84.4 80.8 74.7 69.5 64.9 45 50.6 57.6 61.9 66.1 73.7 90.4 114 139.5 166.8 197.3 220.8 239.9 249.1
286.8 289.9 292.7 295.5 298.7 300.3 301.6 302.2 302.8 303.3 303.8 302.9 300.7 298 294.9 291 287.6 283.8 280.7 278.5 275.9 272.7 268.3 263.3 255.5 243.1 230.7 219 215.9 215.9 216.5 219.5 226.5 239.8 254.3 265.7 275.4 281.8 285.6 288 288.2 287.4 284.5 280.6 275.3 269.7 262.7 254.4 246.9 233.5 221.6 206.7 191.2 174.9 157.6 142.6 130.7 122.5 115.7 106.9 101.9 99.5 97.4 92.4 84.3 77.8 69.9 63.5 44.7 53 59.9 62.6 66.6 74 89.2 113.6 139.8 168.1 198.3 224.9 247.7 256.5
287.1 289.7 292.6 295.6 299.3 300.7 301.2 301.8 302.4 302.9 303.3 302.9 300.9 298.8 296.3 293.4 289.9 286.5 283.3 279.8 276.7 274.2 270.4 266.5 260.9 251.1 237 221.6 213.4 211.6 212.7 215.3 220.3 230.2 244.9 259.2 269.9 278.4 284.2 286 287.2 285.5 283.4 279.9 274.6 271.1 266.5 260.3 253.8 246.7 238.8 231.9 216 197.9 177.6 156.7 140.8 128.5 118.9 114.7 110.5 108.2 103.7 95.8 87.1 76.6 68.9 62.2 44.5 54.6 59 62.1 67.1 74.4 89.2 110.9 137.2 166.9 196.8 225.2 248.8 259.6
286.6 289.1 292.1 295.3 298.8 300.7 301.1 301.5 302 302.5 302.3 302.1 301 298.9 297 294.8 291.9 288.2 284.3 280.4 277.4 275.2 271.4 267.5 262.5 254.8 240.9 225.6 213.3 206.7 209 211.9 216.5 224.2 237.7 255 267.7 276.7 282.2 285.4 285.8 284.2 282 279.7 276.7 272.7 268.8 264.2 259.7 253.3 245.5 236.2 226 214.9 198.8 175.5 152.2 139.3 131.4 125.6 122.1 119.2 109.6 98.4 87.4 75.9 68.4 61.9 43.7 53.9 58.4 62.6 67.2 74 86.2 107.7 135.6 165.6 195.9 223.3 246.5 259.8
286.1 288.6 291.6 295 297.8 300.4 300.7 301.1 301.4 301.4 301.2 301.1 300.9 299.3 297.5 295.4 292.8 289.2 285.3 281.4 277.5 275.1 270.9 267.1 262.1 254.2 240.6 224 210.4 204.2 205.7 208.1 212.6 223.9 239.7 254.8 265.3 273.4 279.2 282 283.7 284 282.5 280.8 278.2 275.2 271.2 267.4 263.2 256.1 247.4 238.9 229 217.9 202.8 181.6 163.3 151.6 142.5 136.7 132.4 123.6 111.3 98.9 86.6 73.7 66.2 59.5 42.8 53.5 58.8 63.2 67.4 73.2 83.4 105 134.3 165 195.6 222.3 245.8 259.7
285.6 288 291.3 293.9 296.4 298.7 299.9 300.2 300.2 300.1 300 299.9 299.8 299.4 298 295.9 293.4 290 286.2 282.4 278.5 274.8 270.7 266 259.9 249 237.4 220.2 206.7 201.7 202.1 205.1 209.4 223.7 239.1 252.7 262.6 269.2 275.3 279.1 280.4 282.1 282.5 280.6 278.8 276.3 273.6 270.1 265.1 256.5 247.7 238.9 229.3 218.1 203.1 184.2 169.3 156.7 148.1 142.8 135.1 123.3 110.8 97.4 84.5 70.7 64.9 58.2 43 51.4 56.8 61.2 65.6 71.3 82 103 133.5 164.7 195.9 223.4 245.4 260.3
284.6 287.5 290 292.5 294.9 296.3 297.6 298.8 298.8 298.8 298.8 298.7 298.3 297.9 297.5 295.8 292.7 289.7 286.2 282.4 278.6 274.8 269.7 264 255.8 244.3 229.1 214.6 204.7 199.1 198.3 201.7 208.6 221.5 235.8 248.3 256.6 264.1 271.9 278.1 281.2 283.2 282.8 280.3 278.5 276.8 274 270.3 263.7 255.8 246.7 237 227 215 198.1 182.1 167.3 155.8 146.5 140.6 131.2 120.6 106.7 93.2 81 68.7 63.4 58.4 46 48.7 55 59.2 64.1 70.9 80.9 103.1 134.2 165.3 195.9 223.4 247 259.7
282.6 285.2 288.1 290.3 292.2 293.9 295.1 296.3 297.1 297.1 297.1 296.9 296.5 296 295.6 294.5 292 288.9 285.9 282.3 278.5 274.5 269.3 261.6 249.9 238.4 222.7 210.4 202.7 196 195.2 198.2 205.4 216.5 230.3 240.1 250.5 263.6 274 280 283.3 283.6 282.5 280 277.9 275.6 272.9 268.7 260.7 252.2 242.5 232.8 222.8 208.8 192.1 173.7 160.7 151.3 142.2 134.8 125.1 114.7 104.5 87.3 75.1 66.3 62.2 59.1 54.4 43.4 51.2 56.7 62 68.6 82.2 105.7 135.2 165 195.5 222.1 244.4 255.6
282.2 284.2 286.7 289.1 291.6 293.7 294.9 295.9 296.1 295.8 295.6 295 294.4 293.8 293.3 292.7 290.9 288.1 285.2 282.2 278.4 274.2 268.3 260.1 248.2 238.5 226.1 214.6 201.6 193.6 190.8 193.8 199.7 209.3 220.7 233.1 249.4 266.2 277.9 282.9 284.8 284 281.4 278.6 276 273.2 269.7 262.5 253.6 245.1 237 227.8 217.2 200.2 178.7 162.1 149.8 141 132.6 124.2 115.9 106.4 94.7 79.2 68.9 63.9 61.1 58.2 56.4 51.5 47 53.7 59.5 66.4 84.2 109.7 137.6 165.7 192.5 217.4 237.4 249.6
284.8 286.1 288.4 290.8 293.1 294.4 295.3 296 295.4 295.1 294 293.3 292.1 291.4 291 290.4 289 287.3 284.4 281.4 278.3 273.8 267.9 258.9 251.5 243.7 233.4 218.9 204.3 192.3 187.9 190 195.6 204.2 216.7 233.6 252.3 268.5 280.1 284.5 284.6 282.8 280.1 276.5 273.1 268.9 263.1 254.8 246 237.2 229.1 219.8 206.5 187.6 166.8 148 133.7 123.4 115.4 107.4 99.5 91.5 80.6 71.3 65.3 62.4 60.4 57.7 55.9 53.8 45 49.1 56.6 67.3 88.5 112.9 140.1 166 189.5 212.2 228 240.4
287.4 288.5 290.3 292.7 294 295 295.8 295.5 294.8 292.3 290.8 289.4 288.8 288.2 288.1 287.4 286.7 285.3 283.6 281 278.2 274.4 269.2 262.8 256.3 248.2 235.7 219.2 205 192.5 184.6 185.7 190.7 200.6 216.1 234.7 255 270.6 277.9 282.6 282.5 281.1 277.5 273.9 269.3 262.7 255.1 246.8 237.9 228.7 219.1 207.3 191.3 173.5 153.8 133.5 118.8 105.3 97.9 91.4 84.8 78.6 72.4 67.9 64.6 61.5 58.4 56.3 55.3 54.4 49.5 46.6 55.2 71.2 93.2 116.5 141.4 165.3 186.4 204.5 218.7 231.2
289.9 290.9 292.5 293.5 294.6 295.7 295.8 295.2 293.7 291.3 288.8 286.4 284.7 284.1 284.4 284.6 283.9 283.2 282.1 281.6 279.4 275.7 271.5 266.9 260.5 250.8 236.4 218.4 203.4 190 182.6 178.1 185.3 197.9 215.4 237.1 257.4 269.1 275.8 278.7 279.3 276.9 273.9 270.5 263.7 256.3 247.2 238.6 229.7 220.6 209.3 194.8 178.3 161.1 142.7 121.7 108.4 99.1 90.9 84.7 80.2 73.9 69.5 65.4 62.4 58.6 56.2 53.8 52.4 51.4 48.9 44.2 60 77.2 98.8 121.5 143.9 164.9 183.3 199.8 212.7 225.8
291.6 292.9 293.2 294.2 295.3 295.8 295.5 294.4 292.7 290.1 287.5 284.9 273.5 279.5 280.6 281.1 281.2 280.9 281.4 282 281.1 278.3 274.3 269.3 263.3 252.6 234.9 215.2 200.5 185.9 178.2 175.3 181 198.1 218.9 240.5 258.7 267.9 272.9 275 274.8 272.5 269.3 264.2 257.6 249 240.5 232.3 223.3 214.1 200 183.7 167.3 150.6 134.3 121.8 113.9 106 100.1 92.8 81.5 74.5 68.3 64.8 60.2 56.3 52.1 49.2 47.9 46.9 44.3 58.1 69.2 86.1 106.2 127.5 148.7 168.2 184.6 198.4 210.3 222.3
292.3 293.3 294.2 294.8 295.6 295.5 294.2 293.1 291.6 289 286.2 283 271.5 269.3 276.9 277.7 277.8 279.8 281.3 283 282.5 280.8 276.6 271 263.7 250.4 231.3 211.8 195.1 179.6 172 171.7 182.5 202.6 223.7 244.1 257.8 265.6 269.4 271 269.3 267 262.6 257.6 251 242.7 235.6 228.1 219.7 209.7 197.3 181 165.5 152.9 144.6 137.4 130.4 122.7 115.4 106.9 87.5 76.6 67 62.9 56.1 50.3 46.4 46.1 44.8 46.7 55.6 65.1 78.5 95.8 114.7 133.9 153.5 170.8 185.8 197.6 205.9 216.8
292.5 293.6 294.5 295.2 295.2 294.7 293.2 291.6 290 288.2 285.1 281.7 272.6 250.1 266.6 271.5 276.9 278.9 281.2 283 283 281.2 277.3 270.5 260.5 245.4 224.9 205.8 188.6 173 166.6 162.1 183.9 203.7 229 245.5 256.1 263.4 266.5 267.8 264.5 259.6 254.9 249.5 243.5 237.6 230.9 225.5 217.7 209.2 201.2 191 180.5 170.4 161 155.7 149.7 142.2 129.2 111.9 92.5 75.6 65.2 59.4 49.6 45 42.6 48.1 53.3 58.4 65.4 76.1 88.5 105.5 123 141.1 160.1 173.9 185.4 194.9 203.1 210.8
291.3 292.7 293.7 294.7 294.4 292.9 291.3 289.7 287.9 286.1 282.7 279.4 268.1 245.6 254.1 267.7 275.1 278.3 280.6 281.4 281.7 280.1 275.1 267.3 255.3 236.6 214 195.3 178.6 165.3 160.6 160.9 180.6 202.4 225.5 243.5 252.2 258.3 262.6 261.4 256.1 251.8 247.7 243.5 238.1 233.3 228.3 222.9 216.9 210.1 203.9 197.8 189.7 183.2 177.4 173.3 168.4 152.9 133 113.4 92.1 73.3 62.4 56 44.9 45.7 51.9 54.5 58.1 64.1 74.1 86.9 100.7 115.3 130.9 147.6 164.2 175 183.6 191.2 198.8 205.8
289.9 291.4 292.3 292.8 292.2 290.5 288.9 287 285.1 282.8 279.8 274.9 259.6 236 248 264.4 274.4 277.1 278.1 278.5 277.8 275.5 270.4 260.4 239.1 216.1 196.6 180.7 166.4 157.4 156 155.6 177.5 197.2 220.4 235.7 243.1 249 251.3 250.6 247.7 245.7 242.1 238.8 235.1 230.6 225.4 220.2 214.7 209.2 204.4 198.6 193.2 187.5 183.4 179.7 172.8 156.9 134.7 112.6 90.4 68.5 59.3 52.2 46 50.4 54.3 56.9 61.8 70.6 81.5 95.4 109.9 124.4 138.1 154.2 167 175.4 181.4 186.7 192.9 200.9
288.4 290 291.1 291.2 289.8 288.1 286.3 284.3 282.2 279.9 276.7 272 253 230.6 242.4 259.4 272 274.6 275.7 275.5 273.9 270 262.8 243.6 219.8 198.6 180.9 166 155.3 151.8 152 161.9 176 192.7 214.6 227.7 234.7 239.3 241.2 241.7 241.3 240.2 238.4 234.7 231.3 227.7 222.2 217 211.8 206.9 202.4 197.6 192.4 188.7 184.3 181.1 176 159.5 135.2 109 84.4 62.2 54.4 46.1 47.1 53.2 55.4 60.1 67.9 77.9 89.4 102.7 116.5 130 142.9 153.9 164.1 171.8 175.1 179.2 183.5 186.8
286.9 288.7 289.6 289.1 287.4 284.8 282.9 281.1 279.1 276.8 274.2 264.9 245.3 225.3 232.8 251.9 268.2 271.9 272.5 271.9 266.6 259 247.6 225.8 202.6 182.7 165.6 153.4 148.9 147.8 148.3 162.6 173.7 189 209.1 219.7 226.7 231 234 235.5 237 235.8 234.6 231.7 228.3 224.5 219.5 214 208.4 201.9 197.5 193.5 190.9 187 183.4 180.6 176.2 158.3 132 105 75.8 57.3 49.1 44 48.1 54.2 57.3 65 74.8 87.3 98.6 110.4 121.9 132.7 143 150.7 158.8 163 164.6 166.6 166.2 165.1
286.4 286.9 287.3 286 284.4 281.4 278.7 276.9 275.2 273.1 269.7 257.3 235.4 214.7 225 248.3 264.8 268.7 267.7 262.8 255.3 247 233.2 210.7 187.7 167.7 152.2 146.5 145.2 143.1 150.6 162.2 173.9 184.5 201.8 212.1 218.9 223.8 227.9 231.6 232.7 231.3 229.8 228.7 225.3 221.4 216.8 211.3 205.6 198.1 189.7 184.6 182 180.8 179 176.5 172.1 153.9 127.9 100.1 69.1 53.3 45.7 43 49.4 55.1 61 70.8 81.3 95.8 109.2 118.4 126.3 133.3 139.5 145.2 149.3 152.1 152.6 150.1 147.4 145.4
284.8 285.1 284.2 282.8 281.3 277.6 275 273.1 270.4 268.1 262.4 245.5 223.5 203.9 216.7 241.6 260.5 262.7 257.8 253.1 245.7 237.5 219.6 197.6 174.6 155.3 145.3 142.5 142.2 144.9 154.7 163.4 173.7 184.4 198.2 208 215.8 221.7 224.8 227.8 228.3 226.9 225.5 224.1 222.3 218.3 214.1 208.5 202.6 194.7 173.5 162.6 160.9 164.6 167.8 168.1 166 150.1 124.7 96.3 66.7 49.4 45.3 45.5 52.2 56.4 64.6 74.4 84.7 100.7 114.5 119.5 125.9 129 132.6 136.2 139.4 140.5 137.7 134 130.6 128.6
281.4 280.6 279.7 279 277.9 274.8 272.2 268.2 264.8 259.5 247.7 228.7 207.4 199 210.7 235.4 252.2 253.3 249.2 245.2 238.6 227.2 208.9 185.5 163.6 147.5 141.7 138.9 139.8 149.8 158.8 166.4 175.5 188.8 200.2 208.7 214.9 219.2 221.5 223.9 224 222.6 221.9 221.2 218.9 215.6 211.4 206 200.3 191.4 177.3 152.5 136.8 141.9 147.9 155.7 158.3 150.2 126 96.3 66.6 47.9 44.1 49.7 53.8 57.7 65.9 75 86.6 100.9 103.7 106.3 110.3 113.3 116.9 120 123.2 124.4 121.5 117.5 118.9 124.7
279.4 277 276.8 276.7 274.8 271.9 268.2 263.7 258.6 249 235.3 216.3 199.7 197.6 213.5 233.2 244 245.3 241.9 236.5 227.8 215.1 195.8 176.3 155.7 142.9 138.8 134.9 147 155 162.1 168.4 179.2 191.7 201.2 207.7 213.1 216.7 219.2 221.3 221.5 220.7 219.9 218.5 215.4 212.2 209 203.8 198.5 190.1 176.9 159.1 138.3 123.3 132.1 140.6 146.6 145.8 124.9 96.5 67.6 47.8 44.8 49 53.6 57.4 64 71.7 83 90.9 90.4 90.3 92.3 94.9 98.3 100.9 104.1 105.5 107.9 113.5 125.1 137
277.9 275.7 274.8 274 271.8 268.6 264.5 258.6 254.8 244.8 227.4 208.8 192 194.9 216.2 231.2 236.9 237.1 233.3 226.1 216.3 202.7 185.6 168.4 150.1 136.1 134.6 140.4 151.2 157.9 164.2 171.5 183 193.1 200.1 206.3 210.9 214.3 217.3 219 219.3 218.3 217.3 216 213.4 210.2 207 203 197.8 191.3 180.9 163.9 143.5 119.8 118.7 126.9 134.8 139.8 126 99 70.3 47.5 45.4 44.5 52.5 56.2 61.1 67.9 74.4 75.9 79 82.1 83 84.9 88.2 91.4 97.1 103.5 113.8 127.8 141.4 153.9
276.7 274.5 272.6 270.8 268 264.7 259.1 252.6 248.5 239.3 219.5 199.6 186.6 194.1 213.1 228.2 230.1 227.1 222.4 214.4 205.8 194.1 179.4 162.9 144.1 132.1 129.3 142.2 153.4 159.7 166.2 174.8 184.6 193 198.7 204.6 208.8 213 215.3 216.3 216.3 215.4 214.4 213.1 211.5 208.4 205.1 201.6 197.1 190.9 181.6 166.8 147.4 125.4 111.2 116.8 124.9 132.7 127.9 101.1 74.9 49.7 43.9 43.1 50.5 54.8 58.1 62.6 65.6 72.5 79.5 83.2 86.9 92.5 97.8 103.8 111.6 122.4 133.9 146.6 159.9 173
275.3 272.2 270.2 267.7 263.7 260.1 252.4 238.4 236 228.3 208.5 189.7 182 189.3 209.1 221.5 222 220.1 215.9 209.1 201.5 190.5 175.9 156.9 136.7 129.3 129.8 144.4 153.9 160.4 167.2 176.5 184.9 192.1 198.1 203.4 208.2 211.8 212.8 213.7 213.4 212.7 212.1 211.1 208.9 206.6 203.2 199.7 195.7 189.8 179.9 164.3 146.2 124.8 108 110 116.8 125.1 126.9 105.5 80 52.8 44 41.1 47.5 52.2 55.9 61.5 69.1 78 85.5 93.7 100.7 107.6 115 123.6 133.1 143.8 154.6 166.3 179.3 192.2
274.8 271.9 269 260.1 258 253.9 246 225.6 220.3 211.2 194.1 181.6 175.9 186.3 205.5 217 217.3 216.7 213.2 208.5 201.8 190.4 174.5 151.6 132.8 126.9 130.4 143.5 152.6 159.3 167.5 176.1 184.2 191.3 196.9 202.2 206.8 209.8 211.2 211.7 211.5 210.9 210.2 209.4 207.6 204.6 201.6 198.7 194.2 187.7 176.5 159.7 140.9 121.4 104.6 102.8 108.8 119 122.6 111.3 86.7 59.1 45.6 40.7 47.1 51.6 55.4 62.8 71.1 81.8 93.1 105.6 118.6 125.3 134.9 145.1 154.5 165.4 176 186.3 198.6 210.3
276.1 273.8 269.5 261 240.5 237.5 232.2 215.2 201.1 191.5 180.7 172.2 176 191.3 208 213.6 215.2 213.9 211.5 207.4 202.8 193 172.5 149.2 129.7 124.3 131 143.3 152.3 158.6 166.4 174.1 182.1 188.6 194.1 199.9 204.4 207.8 209.8 210.5 210.5 209.7 208.8 207.5 205.2 202.6 200 197 193 184.8 172.3 155 134.9 121.9 106.9 96.4 98.7 107.8 115.8 111.6 93.9 71.2 49.8 44.9 46.2 51.1 54.2 59.7 67.8 79.2 93.7 112.1 128.8 142 154.7 165.3 176 186.9 197.1 206 214 223
278.9 276.2 272 263.5 249 224.7 198.5 192.6 178.9 174.3 167.8 168.5 181.5 200.4 210.5 213.1 213.3 212.9 210.6 207.5 202.6 194 173.1 149.4 127.9 122.2 130 142.8 150.1 155.9 163.3 172 178.9 185.7 191.7 197.6 202.1 206.1 208.5 209.6 210 209.3 207.9 205.5 202.7 200.2 198.4 195.2 191 181.6 170.5 159.4 148.4 137.3 118.2 99.5 90.7 94 102.8 105.8 98.3 79.9 58.5 48.7 45.2 48.1 52.2 56.9 63.1 72.2 87.5 108.9 130.2 149.7 169.5 183.7 195.6 206.5 213 220 225.6 227.8
282.2 278.6 272 263.3 246.6 222.8 198.3 172.7 164.2 160.6 164.2 177.1 193.5 206.3 210.7 211.4 211.2 211.1 208.4 205.3 200.3 192.6 173.2 150.3 127.9 121.1 124.1 137.5 144.1 150.4 157.4 166.6 174.2 181.4 189.9 196 201.2 204.8 206.9 208.6 209 208.3 206 203.5 200.2 197.4 195 193 189.3 182.9 176.4 171 163.8 149.4 129.4 109.3 92.2 85.3 84 88.9 88.6 82.3 64.4 51.6 40.3 45.5 50.3 55 59.9 67.2 79.4 100.9 124.2 144.5 162.4 180 194.5 205.1 210.9 214.7 218.3 216.9
283.5 278.4 269.9 256.3 235 209.9 187.4 169.9 153.7 158.5 173.6 189 201.5 206.9 209 209.8 209.9 208.7 206.1 202.9 198 190.9 173.5 151.8 129.7 120 118.4 130.9 138.3 144.8 152.1 160.1 170 179.8 188.1 194.5 199.8 203.1 206.1 207.1 207.9 206.8 204.6 202 198.3 194.4 188.9 184.5 182.7 182.3 180.1 176.7 171.1 159.1 140.1 121.2 104.3 89.8 81.6 73.9 73.6 74 66 53.1 43 45.1 47.2 53.2 57.5 63.3 73.2 89 108.3 127.8 145.1 161.9 175.4 185.2 190.2 194.2 196.4 195.8
282.6 276 266.9 245.2 217.2 194.5 176.2 159.1 152.5 164.5 182.1 196.3 202.3 205.3 207.2 207.9 207.9 206.5 203.6 199.7 195.3 187.2 174.2 154.3 131.5 119.1 114.3 125.2 132.7 139.2 147.3 157.5 168.7 177.6 185.4 191.7 198.1 201.4 204.3 205.6 205.8 205.4 204.1 201.6 197 192.6 180.5 160.7 166.5 170.3 176.1 175.9 172.7 166.4 151 134.4 118.9 103.3 89.8 78.6 69.5 65.1 58.4 51.8 45.3 43.5 46.1 51.2 56.6 61.5 67.6 79.8 94.7 111.8 129.2 143.4 156.5 166.3 172 176.4 178.8 179.9
278.7 274.2 264.8 238.4 210.1 183.7 163.8 150.6 150.2 163.7 181 194.4 199.2 201.8 204.4 205.5 205.6 204.1 200.3 195.9 190.3 181 169.9 154 131.6 118.2 111.9 120.2 126.7 134.6 145.7 155.4 164.5 174 182.6 190 196.1 199.9 202.3 204.1 204.2 204.7 203.3 201.1 197.2 192.8 183.9 170.1 153.9 151.4 164.1 169.5 171.2 169.4 162.5 148.2 132.7 117.7 102.5 89.2 75.7 66.1 59.1 53.6 48.2 40.2 45.8 52.3 55.9 59.4 64.7 73.7 83.6 98.4 113.6 127.7 138.8 149.8 156.2 160.6 163.9 165.9
274.4 270.4 261 236.4 208 179.6 159.3 144.8 145.7 157.7 173.2 185.4 191.7 197.3 201 202.8 203 201.3 197.5 193.1 186.4 176.7 165.8 150.9 134.1 118.8 112.3 114.5 122.9 133.5 143.3 152.6 163.9 173.8 181.9 188.5 194.1 198.3 200.4 202.6 203.2 203.8 202.7 200.5 197 192.9 187.6 175.7 160.2 146.8 150.7 159.2 166.9 170.5 170.1 162 147.5 132.2 116.9 101.6 88.5 75.1 65.1 58.5 50.3 39.7 46.1 54.1 55.2 56.9 61.2 67.3 75.8 86.3 98 112.9 127.3 136.7 145 150.3 153.2 154.3
