data/250000-940000.asc
ncols 200
nrows 200
xllcorner 250000
yllcorner 940000
cellsize 50
[rows 0 to 34 of 200, columns 78 to 155 of 200]
68.1 70.3 70.5 70.7 69.8 66 70.3 72.3 75.3 78.5 80.7 81.2 80.4 81.8 85.3 88.5 94.6 103.8 112.2 118.9 121.6 122.5 124.3 121.9 120.3 120.2 120.8 121.4 121.3 120.9 116.7 109.1 100.9 100.2 104.2 108.3 110.9 114.1 124.5 131.8 140.2 148.2 143.8 123.6 119.4 116.7 109 95 83.3 81.1 78.5 74.5 74.8 76.5 78.3 82.8 91.4 101.2 112.9 126.5 139.5 164.2 198.4 214.1 229.2 246.3 263.5 272.7 287.5 302.9 317.6 337 357.5 383.8 412.6 445.9 469.3 494.5
70.8 73.9 74.3 70.5 71 69.1 70.6 72 76.3 79.7 81.1 82.1 82.1 83.1 86.4 91.1 97.4 107.2 115.1 121.3 124 123.8 123.6 121.7 120 120.6 120.2 119 120.9 116.2 109.3 107.8 106.3 107.1 109.8 115.7 120.7 132.9 143.4 146.5 151.2 150.7 139 131.8 128.6 124.6 111.2 91.9 83.4 81.1 78.7 77.5 77.8 78.4 80.4 86.6 97.3 108.3 121.3 138.7 159.3 191.6 212.7 228 250 270 276.2 290.5 301.2 317.4 336.4 349.8 371.2 399.8 429.8 468.1 500.3 525.2
74.7 78.9 79 73.7 69.9 69.7 69.6 72.4 76.3 80.2 81.6 82.4 83.3 84.2 88.4 94.3 101 110.2 119.5 125.7 128.3 128.8 125.5 121.9 119.4 119.5 119.1 118.6 118.3 109.7 108.8 109.6 110.7 113.1 117.9 125.3 135.9 150 154.6 153.3 150.6 149.2 143.9 140.2 139.6 126.5 104.6 88.6 82.2 79.3 77.9 77.9 78.2 79.9 83.4 90.3 103 116.3 134.9 154.9 185 208.9 224.8 250.7 267.6 281.1 289.1 303.7 316.5 336.4 354.5 373.3 390.6 409.6 451.8 491 538.5 561.2
79.2 80.6 81.1 70.4 69.1 70.2 69.8 71 74 79.4 81.8 82.6 83.7 86.2 90.5 97 105.1 115 125.5 131.3 130 130.1 127.7 120.9 119 117.2 116.2 115.1 112.6 109 110.4 111.9 113.9 119.3 129.4 138.3 157.1 168.3 160.9 155.7 153.1 150.8 150.2 144.8 136.9 122.3 100.6 86 81.1 78.6 77.9 78.5 79.1 82.8 89.6 97.4 111.8 129.8 149.2 178.6 202.8 222.8 243.1 265.4 277.1 290.8 309 331.9 342.8 359.5 382 402.5 414.5 434.1 464 502 544.6 575.3
81.1 81.1 80.3 68.4 70 70.6 70.7 69.8 73.1 80.3 81.5 82.4 84.5 87.7 94 101.1 110.5 121.3 130.2 131.5 129.1 129.7 123.4 119.4 117.3 115 113 112.3 109.8 108.8 111.7 116.9 121 129.5 142.2 162.1 174.2 175.1 161.2 158.1 156.6 152.7 150.2 140.7 129.8 107 95.1 86.5 81.1 78.7 78.6 80.4 83.8 87.1 95.1 108.5 128.4 148.9 172.2 195.2 219.6 238.9 256.4 275.5 291.7 309.6 332.3 354.4 367.9 385.4 405.7 426 436.5 454.5 471.3 507.2 549.3 577.5
81.3 81.1 77.4 69.6 70.3 70.1 71.3 71.5 76.5 80.4 80.4 82.5 85.2 89.9 96.7 104.6 116.7 122.2 126.8 128 125.1 123.5 119.5 116.9 115.4 113.1 111.9 110.9 108.9 109.4 114.6 120.9 127 138.4 152 170.4 175.3 171 158.7 157.8 156.8 152.1 143.1 133.5 117.8 100.3 93.1 85.4 79.3 79 79.9 82.5 88.2 93.9 103 115.7 146.1 167.6 187.6 209.5 233 250.2 267.4 287.5 308.5 329.4 356.2 379.1 400.9 419.5 441 453.1 467.9 479.1 496 517 552.4 582.5
81.1 79.2 72.6 70.6 71 73 74.6 75.1 78.9 79.2 79.8 82.3 87 92.5 99.8 109.3 120.1 121.1 121.6 121.5 119 116.5 113.8 113.2 112.9 112.4 111.3 109.8 109 111.6 118.8 125.4 134.8 146.5 161.6 171.5 169.6 161 157.1 156.2 153.1 145.6 135.8 121.5 106.3 95.5 90.3 82.8 78.6 79.5 81.2 83.8 89.7 96 107 129.5 161.9 185.9 203.9 224.3 244.4 262.3 276.2 300.9 331.3 358.7 388.9 407.1 439.3 459.1 470.5 484.4 498 509.8 520.3 536.7 561.5 587.3
80.4 78.1 75.6 73.8 74.8 76.7 78.1 79 79 79.3 79.8 83.8 88.7 95.1 102.2 109.6 118.1 119.7 118.5 117.8 114.7 112 109 109.6 111.3 110.8 111.1 109.1 108.7 114.7 123.6 131.2 140.6 152.7 163.3 171.1 164.8 159.8 156.5 154.1 147.4 139.6 129.4 112.1 101.3 93.4 87.1 81 79.4 80.3 81.9 86.8 94.9 106 120.6 150.1 179.5 199.5 220.7 241.4 255.7 269.7 284.4 317.6 354.2 390 417.4 442.6 475.9 495.7 516 523.7 529.8 540.2 543.9 556.8 575 594.5
79.6 79.3 79.4 78.3 77.7 79.1 80.6 80.7 80.8 79.7 79.7 83.6 89.7 96.7 103.3 110.2 114.4 116.5 114.9 113.2 111 109.1 109.2 109.6 110.9 110.4 110.1 108.7 109.2 117.1 126 134.8 144.4 154.3 161.7 165.4 159.4 157 155.5 150.6 141.5 134 120 105.9 98.4 90.3 84.3 80.5 79.9 81.2 85.2 91.4 102 117 142.9 166.8 189.7 215.4 230.7 248.1 261.9 276.2 299.9 343.7 382.1 414.3 446.8 472.1 503.6 544.7 576.8 559.7 562.8 564.1 570.2 580.4 596.9 615.1
79.2 79.2 79.2 79.2 79.2 81.1 81 81 81.1 80.2 79.4 83.7 90.1 97.9 104.5 110.4 111.4 112.4 112.4 109.6 107.9 106.6 108.8 109.5 110.8 110.7 110.8 108.6 109.6 119.3 127.3 136.8 145.2 153.2 158 157.2 149.8 150.3 149.6 140.8 134 125.1 111 101.7 94.7 88.2 83.3 80.9 81.1 83.9 90.2 96.6 115 137.8 154.8 180.6 206.3 226.6 245.7 256.4 267.2 283.6 317.1 366 402.9 434.2 465.1 489.3 516 559.4 603.5 615.5 601.5 593.6 594.3 604 617.8 632.6
79.2 79.2 79.2 79.2 79.2 81.1 81.1 81.1 79.7 79.2 80.7 84.2 89.2 98 104.1 110.1 110.9 110.9 108.9 106 104.5 103.7 106.7 108.8 110.8 110.8 109 109.6 112.5 121.8 129.2 138.6 145.1 150.3 152.1 148 146.4 146.6 140.2 130.9 124.1 114.9 106.4 98.1 92.5 88.5 88.1 82.2 84.3 89.5 93 107.6 141.3 154.8 178.3 192.2 217.5 238.4 255 265.6 278.8 294.9 324.8 366.6 406.6 442.1 465.8 490.9 518.4 549.8 603.3 643.7 631 623 623.7 630.3 639.8 646.5
78.8 79.2 79.2 79.2 80.4 81.1 81.1 80.5 79.2 79.2 82.1 86.6 91.4 98 104 108.2 110.8 108.9 105.4 102.5 100.7 101 104.2 107.9 109.9 108.9 108.8 110.4 115.7 125.5 131.7 140.1 142.2 144.9 143.5 141.6 142.5 139.7 128.1 120.1 114.1 107.7 100.3 94.7 89.8 88.1 88 88 90.1 93.3 103.7 129.4 161.9 176.9 190.8 207.5 230.2 243 259.6 273.6 296.1 321.1 346.1 366.3 408.3 441.9 462.6 483.7 515 547.3 592.5 641.5 654.2 654.9 654.6 655.7 660.1 660.1
77.8 78.1 78.8 79.2 79.8 80.4 81.1 80.2 79.2 80.2 83.9 88.6 93.1 98.7 101.6 105.9 106 102.9 100.1 98.8 99.1 100.5 103 105.5 108.1 109 109.1 112 117 124.1 131.4 135.1 138 138.3 135.3 133.6 132.7 125.4 116 111.6 105.4 101.1 96.6 91.6 88.5 88.3 88.2 89.4 94.7 102.3 124.2 157.1 174.8 189.9 204 223.1 237.9 254.2 280.3 314.7 333.7 363.5 370.8 382.9 416.6 440.9 460.7 479.4 507.7 544.7 585.1 620.9 660.7 689.4 684.4 683.7 678.5 674.2
77.9 78.2 78.7 79.1 79.6 80 80.4 79.4 79.2 81.4 85.3 89.8 93.6 97.7 100.2 101.7 101.9 99.7 96.6 96 97.5 100.1 102.6 105 106 107.4 109.9 113.5 118.6 122.8 126.2 128 128.7 129 127.3 123.8 120.2 112.7 106.6 102.8 99.4 96 91.7 90 88.4 88.4 90.8 95 104.6 123.4 152.7 171 187.1 203.8 220.4 238.3 257.2 302.9 338.4 357.9 383.9 400.4 392.4 397.5 423.6 440.6 458.1 477.5 504.2 540 580.8 610.1 644 689.1 696.5 699.7 691.8 685
78.1 78.6 79.2 80.2 79.9 80 79.5 79.2 79.8 82.6 86.7 90.1 93.1 96.1 97.8 98.9 97.1 95.8 92.5 92.8 95.3 99.5 102 102.9 104.2 106 108.3 112.1 116.3 119.9 120.7 121.5 118.8 119.8 119.6 114.2 106.9 102.7 99.4 96.2 93.8 90.5 89.4 89.9 90.5 91 94.8 102.3 121 147.3 167 187 197.4 217.6 237.2 266.8 312.7 353.6 377.8 404.6 419.4 422.1 411.8 411.1 427.8 441.3 454.8 476.1 503.7 533.4 567.9 602.7 632.5 664.7 689.6 702 699.9 694.3
79 79.1 81.1 81 80.6 80.9 81.1 80.5 80.4 83.4 87.1 90.4 91.4 93.5 93.9 93.7 92.6 91.1 89.8 89.8 93.6 98.8 99.9 100.9 102.7 104.2 107.4 110.8 111.3 113.1 113.5 111.4 109.8 110.6 109.3 104.3 101 98.3 98.1 91.7 90.3 90.3 89.9 90.3 90.8 94.4 103.2 118.1 143.7 171.8 184.1 198.5 216.1 232.6 259.1 298.6 347.9 379.1 431.9 434.2 433 427.3 419.2 417.5 428.4 440.6 452.7 472.4 497.9 526.5 559.2 592.3 623.1 649 674 692 702.1 701.1
79.3 79.8 80.3 80.8 81.1 81.1 81.1 79.3 80.1 83.2 86.7 89.7 90.2 90.6 89.9 89.7 89.2 91 89.2 90 92.3 95.2 98.9 99 100.2 103.6 107.5 108.3 107.8 108.4 108.2 108.2 107.7 107.7 100.4 99.3 98.8 98.2 98.1 94.1 90.1 90.3 90 90 94.3 101.8 112.6 144.3 169.2 183.8 203.1 216.2 227.4 254.1 281.2 333.4 370.1 434.6 457.3 449.4 436.4 430.3 422.5 422.2 428.6 439.8 451.1 468.3 492.2 520.2 547.9 582.2 612.9 639.6 663.8 680.7 697.1 700.9
80 81.6 82.9 82.2 80.3 80.6 81.1 79.2 80.5 82.5 84.9 87.6 89 88.3 87.8 87.8 87.8 87.8 87.8 90.2 90.5 91.3 92.2 96.7 100.1 102.2 104.9 106 105.4 107.7 107.8 107.7 107.7 107.7 106.7 102.7 100.4 98.3 98.1 98.1 92.9 93.1 95.5 97 105.7 121.9 149.3 166.8 186.7 202 213.4 229 251.2 270.9 315.9 345.5 406 452.2 477 461.1 443.5 429.7 427.2 427.7 428.7 436.6 448.4 463.7 486 512.5 536 568.7 600.3 631.6 654.3 674 687 694.4
83.7 84.7 86.9 85.9 83.9 81.7 79.8 80.1 80.1 81.2 85.7 86.2 88 87.8 87.8 87.8 87.8 87.8 87.8 88.6 91.2 90.7 90.1 96.2 100.6 102.5 103.3 104.7 105.2 106.2 107.7 107.7 111.7 139.8 138.7 129.1 111.7 101.5 99.7 104.7 104 103.9 107.9 114.3 132.1 152.1 175.3 186.7 197 210.6 229.2 248.7 265.7 293.4 334.6 378.9 423.7 464.4 482.1 469.5 448.9 431.2 427.7 427.7 427.8 433 445.2 459.7 478.9 502 530.1 560.4 589.6 626.6 648.5 668.9 683.7 693.6
87.9 88.7 90 88.4 86.4 82.5 81.7 82.9 81.5 80.1 87.1 87.2 87.8 87.8 87.8 87.8 87.8 87.8 87.8 87.8 87.9 88.4 89.3 96.2 101.1 101.8 101.6 105.2 105.2 106.1 108.8 117.4 149.2 173.1 158.3 144 133.5 126.1 121.2 125.6 125.1 126.9 131.2 138.5 157 192.7 200.6 204.1 211.9 228 246.4 267.9 293.7 314.2 353.4 406.6 453.5 495.9 496.1 477.3 455 440.3 429.1 428.6 427.7 428.8 442 456.7 474.1 494.2 522.6 553.1 587.6 621 646.6 672 689.8 702.3
88.9 89.8 90.8 90.2 86.6 83.6 84.4 85 85 83.8 87.8 87.8 87.8 87.8 87.8 87.8 87.8 87.8 87.8 87.8 87.8 87.8 88.3 97 101.9 102.1 107 113 119.1 126.3 133.7 145.4 191.9 191 174.2 163.6 156.5 147.6 144.7 147.6 154.5 162.1 164.1 193.6 219.6 214.5 216.5 219 225.4 242.6 266.4 297.1 335.8 357.5 385.1 434.2 478.6 515.3 529.2 491.8 458 442.1 433.6 430.8 428.6 430.5 438.8 455.6 473.3 488.7 514.9 545 582.4 615.4 647.9 677.5 703.5 717.6
89.3 89.9 91.2 90 88.3 86.6 87 87.5 87.8 87.8 87.8 87.8 87.8 87.8 87.8 87.8 87.8 87.8 87.8 87.8 87.8 87.9 88.5 97.7 103.2 113 137.6 148 146 148.6 155.9 207.5 224 209.6 195.9 186.4 174.6 167.1 176.6 207.9 207.6 213.5 241.5 258.7 239.9 226.6 227 227.1 241.8 265 293.5 335.3 376.1 384.1 418.1 456.5 495.6 541.7 562 519.1 482.3 456.1 439.7 436.5 431.9 431.4 437.8 455 471.5 485.8 509.3 537 573.5 610.9 649.3 680 711.7 736.7
89.5 90.6 91.1 89 87.9 87.8 87.8 87.8 87.8 87.8 87.8 87.8 87.8 87.8 87.8 87.8 87.8 87.8 87.8 87.8 87.8 88.4 92.4 105.9 127.2 151 168 175.2 169.3 173.3 209.3 243.2 236.5 231.4 218.9 209.7 193 195.9 218.4 225.5 238.1 275.2 279.4 268.6 244.2 238.7 237 240.5 265.1 282.7 328.9 379.6 401.6 406.6 442.2 476.1 512.3 555.4 601.1 559.5 511.1 477.3 452.1 439.5 440.7 439.2 440.8 453.3 469.6 484.4 506.3 533.6 564.5 609.5 652.1 680.5 720.5 756.5
89.4 89.2 89 88.5 87.8 87.8 87.8 87.8 87.8 87.8 87.8 87.8 87.8 87.8 87.8 87.8 87.8 87.8 87.8 87.8 89.3 111.2 127.1 144.8 164.2 185.6 196.2 198 204.4 226.1 261.4 263.5 257.8 252.8 245.5 226.1 220.9 232.8 240.7 266.4 288.4 292 282.3 267.2 254 253 247.1 258.3 278 321.2 368.5 408.5 424.2 425.7 455 482.9 520.3 571.4 635.6 585.6 539.1 500.8 471.5 453.6 440 440.2 440.7 452.4 467.5 481.1 501.4 526.1 561 604.1 652.2 700.2 736 748.3
88.8 88.5 88.1 87.8 87.8 87.8 87.8 87.8 87.8 87.8 87.8 87.8 87.8 87.8 87.8 87.8 87.8 87.8 87.8 87.8 120.3 153.7 173.3 187.1 207.3 220.9 232.7 247.1 278.3 283.7 279.6 274.3 268 261.2 243.6 244.1 251.5 250.8 280.9 304.5 300.8 295 286 274.4 266 264.3 261.9 272.3 294.8 344 406.6 418.7 427.9 440.9 458.4 484.8 518 570 642.9 600.4 564.1 525.6 489.6 464.2 447.8 442.9 447 452.4 466.5 478.3 499.1 522.8 557 599.8 651.3 691.2 718.1 730.9
88.1 88 87.8 87.8 87.8 87.8 87.8 87.8 87.8 87.8 87.8 87.8 87.8 87.8 87.8 87.8 87.8 87.8 87.8 110 167 225.9 250.2 262.9 276.3 294.7 300.7 298.2 298.3 292.9 290 280.5 266.6 258.1 249.1 255.9 258.9 286.6 309.3 309.1 307 302.4 291.3 279.9 277.5 273.3 269.6 282.6 317.6 363.8 420.7 426.6 429.8 440.5 456.9 482.4 512.3 557.4 623.7 615.6 578.3 545.7 511.1 484.5 465.9 458.4 458.7 458.7 466.3 478.3 498.2 519.1 553.7 593 647.2 679.3 708.1 720.2
87.8 87.8 87.8 87.8 87.8 87.8 87.8 87.8 87.8 87.8 87.8 87.8 87.8 87.8 87.8 87.8 87.8 87.8 88.9 135.4 200.4 247.2 264.7 282.7 303.7 310.6 309.2 304.5 300.5 299.4 295.2 277.9 265.2 258.3 259.6 264.6 285.2 307.6 310.1 309.1 310.4 307.5 297 286.9 291.2 281.7 281.4 297.9 326.2 391.4 430.4 429.6 431.2 437.9 452.6 475.5 505.6 543.7 603 633.7 604.2 575.6 544 514 491.5 478.4 461.7 463.4 470.1 479.7 495.7 517.8 549.8 596.7 644.7 675.3 707.1 712.8
87.8 87.8 87.8 87.8 87.8 87.8 87.8 87.8 87.8 87.8 87.8 87.8 87.8 87.8 87.3 87.9 88.6 88.2 110.6 160.7 218 253.4 276.1 290.7 305 307.7 303.7 301.2 302 300.8 292.9 282 273.1 265.2 269.1 284.4 297.8 309 309.7 308.7 309.8 307.5 303 303.1 298.4 292.1 297.7 311.6 340.4 407.6 428.1 429.7 428.1 433 445.3 460.2 499.5 539.8 610.7 642 625.6 603.1 580.1 546.2 523.1 502.1 491.8 484.1 484.3 485.9 500.3 521.3 550.2 596.4 640 673.7 707.8 704.5
87.8 87.8 87.8 87.8 87.8 87.8 87.8 87.8 87.8 87.8 87.8 87.8 87.8 87.8 87.6 90.6 95.4 99.4 138.6 201.1 220.5 259.6 276.7 290.5 298 300.2 299 301.2 301.3 300.5 298.7 290.3 284.1 284.7 292.3 295.7 298.8 305.8 308.6 308 312.2 320.4 323.4 312.1 301.8 301.2 307.9 327.2 378.5 423.3 428.9 426.9 423.2 424.1 435.2 448.6 486.9 547.4 661.2 648.3 633.5 617 609.9 584.1 552.8 530.7 519.2 508 500.7 499 508.4 527.1 558.1 597.5 644.8 677.2 708.4 700.6
87.8 87.8 87.8 87.8 87.8 87.8 87.8 87.8 87.8 87.8 87.8 87.8 87.8 87.9 89.6 99.9 104.9 118.7 156.2 201.9 230.1 264.7 275.2 286.5 290.6 291.6 294.4 300.9 300.4 297.3 298.9 291.1 288.9 291.9 300.1 298.9 298.8 302.6 307.7 310.5 326.2 341.2 327.5 315.9 308.3 311.9 328.6 365.7 412.3 431.3 425.6 420 416.5 413.2 426.5 438.4 481.5 570.7 655.1 641.7 634.7 627.7 626.2 623.6 596.5 565 542.8 525.4 510.1 507.5 517.1 536.6 567.7 607.6 648.1 679 706.9 701.5
87.8 87.8 87.8 87.8 87.8 87.8 87.8 87.8 87.8 87.8 87.8 87.8 87.8 88 96.6 104.3 113.6 129.6 171.1 206.9 254.9 266.5 275 285.8 286.9 284.9 288.7 298.9 291.8 288.2 291.4 290.1 289 292.1 298.4 298.2 300.5 304.9 311.7 334.7 348.4 339.2 329.2 322.9 325.4 340.5 373.7 398.3 447.4 442.3 430.5 417 410 408 416.8 431.6 465.6 556.2 624.8 623.8 629.4 637.9 648 639.5 618.8 586.6 568.3 549.4 531.2 519.1 529.5 552.6 580.7 622.7 656.9 685 709.6 707.3
87.8 87.8 87.8 87.8 87.8 87.8 87.8 87.8 87.8 87.8 87.8 87.8 87.8 88.2 99 107.4 121.2 143.3 182.7 225.4 262.4 266.9 288 288.5 281.2 279.8 284.1 291.2 283.2 279.5 288.3 286.4 285.6 289.9 295.8 299.2 303.6 312.8 328.6 345.6 343.9 335.4 330.4 329.2 344.1 374.7 403 428.5 473.1 461.2 440.3 422.1 412.6 408 408 424.2 453.7 513.6 577.9 602.5 615.2 626.9 641.2 639.9 623.2 601.2 575.9 556 541.6 537.2 546.2 569.5 597.6 636.3 674.6 703.5 715.7 718
87.8 87.8 87.8 87.8 87.8 87.8 87.8 87.8 87.8 87.8 87.8 87.8 87.8 88.6 96 112.5 130.2 160.3 205.7 252.1 266.9 282.3 292.3 291 279 275.1 280 282 275.3 275.4 281.8 280.8 280.7 285.9 298.5 307.6 311.9 328.7 355.1 348.2 338.2 334 332.7 338.2 364.5 398.3 422.8 469.3 502.6 479.2 457.8 438.5 424.6 408 408 416.6 445.6 493.5 542 578.4 601 617.6 624.6 625.1 621.1 612.3 588 565.5 554.5 554.1 565.5 588.7 620.1 652.6 690.9 720 720.1 721
87.8 87.8 87.8 87.8 87.8 87.8 87.8 87.8 87.8 87.8 87.8 87.8 87.8 90 101.3 122.1 141.1 196.7 236.6 264.2 268.7 283.8 290.6 286 275.2 269.4 271.4 272.1 268.7 270.2 275.7 275.4 274.6 284.2 301.4 312.1 326.6 342.6 348.8 340.2 332.5 331.6 332.4 347.6 379.4 416.7 448.3 526.2 534.5 501.8 474.3 451.4 428.9 410 408 415.1 439.5 477.9 526.5 563.2 587.4 603.4 609.3 610.3 610.1 612.8 607.8 591.5 577.6 579.2 590.4 614.2 639.5 672.6 708.7 735.5 730.2 722.2
87.8 87.8 87.8 87.8 87.8 87.8 87.8 87.8 87.8 87.8 87.8 87.8 87.9 94.1 109.7 135 166.1 224.8 253.7 259.7 270.8 278.4 281.8 276.6 271.3 265.3 264 266 265 265.9 269.2 269.8 269.8 280.8 299.3 314.4 335.5 341.4 342.1 335 329.3 330 336.4 362.1 393.7 434.6 487 550.6 558.5 522.1 491.9 453.1 433.2 411.4 408 411.4 437.8 471.8 512.6 548.7 573.1 586.5 589.2 590 594.8 602.6 609.1 611.5 615.6 608 623.5 639.8 666 688.2 732.7 741.2 735.7 723.1
