data/250000-140000.asc
ncols 200
nrows 200
xllcorner 250000
yllcorner 140000
cellsize 50
[rows 140 to 174 of 200, columns 0 to 77 of 200]
127.1 135.3 145.9 149.2 151.7 153.6 154.6 155.9 157 157.8 159.4 161.5 162.8 164.1 165.2 166.4 167.6 168.8 170.1 171.5 172.5 173.5 174.7 176.1 177.9 180.8 183.3 185.6 188 190.5 193 195.6 197.6 199.7 200.9 201.9 202.7 202 200.6 200 197.8 189.8 195.2 203.3 205.6 208.5 210.8 213.5 216.5 218.7 220.4 222 223.7 225 226.3 227.5 228.2 228.3 228 227.7 227.3 226.4 225.4 225.2 226.5 227.9 228.2 228 227.1 226.3 225.3 224.5 225.1 225.3 224.7 224.2 223.8 223.3
129 141.3 147.2 149.2 151 152.3 152.9 153.7 155.1 156.4 158 159.6 160.9 162 163.2 164.3 165.5 166.8 167.9 169.8 171.4 172.4 173.8 175.7 177.5 179.9 182.5 184.8 186.8 189.2 191.8 194.1 196.4 198.4 200 201.1 201.7 201.7 200.7 198.5 190.1 187.6 197.8 201.3 204.5 206.9 209.8 212.7 215.7 217.5 219.1 220.7 222.4 223.8 225.1 225.7 226.2 225.8 225.5 225.1 224.1 222.8 221.2 221.4 222.6 224 224.1 223.7 222.7 221.8 221 220.2 220.8 221.7 222.4 222 221.5 221.1
132.1 139.6 143.3 145.9 148 149.5 150.1 150.3 151.2 152.1 154 156.2 157.9 159.6 161.2 162.3 163.5 164.7 165.8 167.6 169.5 171.4 173.4 175.2 177.1 179.1 182.3 183.6 185.4 187.6 189.9 192.2 194.7 196.8 198.6 200.2 200.8 200.8 201 198.9 186.5 189 193.6 198 201.7 205.9 208.9 211.9 214.6 216.2 218.2 220.5 221.5 222.5 223.7 224.2 223.8 223.4 223.1 221.9 220.4 218.8 217.2 217.5 218.8 220 220.2 219.2 218.3 217.4 217 215.9 216.5 218.1 218.5 219.6 219.2 218.8
129.8 135.3 138.7 141 142.9 144.6 145.8 146.1 147.1 147.8 150 151.7 153.3 154.9 156.7 158.5 160.2 161.8 163.7 164.9 165.9 168 170.4 172.8 175.2 177.4 179 180.3 182.2 185.3 188 190.3 192.8 195.2 197.1 198.7 200.2 200.4 200.5 199.7 181.2 186.3 191.8 197.9 202.6 206 209.1 211.7 214.1 216.3 218.1 219.2 220.3 221.3 222.3 222.5 221.8 221.2 220.2 218.7 217.2 215.7 214.6 213.9 215.1 216 216.5 215.9 214.5 213 212.6 211.6 212.7 214.6 214 216.1 216.7 216.4
128.1 131.8 134 136.8 137.6 139.7 140.9 141.9 142.9 143.8 145.6 147.2 148.7 150.3 151.8 153.3 154.9 156.6 158.4 160.1 161.9 164.3 166.7 169.1 171.5 173.3 175 176.8 179.2 182.3 185.7 188.4 190.9 193.3 195.6 197.4 199.3 199.8 199.8 189.5 180.2 194.3 199.3 202.5 205.4 208.3 210.5 212.7 214.4 215.8 216.9 218 219 220 220.9 220.5 219.7 218.7 217.2 215.7 214.2 212.8 212.2 211.5 211.5 212 212.6 212.3 211.3 209.9 208.1 207.5 208.2 207.9 208.9 210.9 213 212.5
125.5 127.9 130.3 131.3 132.1 134 136 137.6 138.1 139.5 141.1 142.6 144.3 145.2 146.6 148 149.6 151.3 153 154.7 156.3 158.7 161.1 163.1 165.6 168.1 171 173 176 179.2 182.7 186.1 189 191.8 194.6 196.4 198.1 199.3 199.4 178.2 181 195.7 201.9 204.8 207.3 209.5 211.7 213.5 213.7 214.3 215.5 216.6 217.8 218.8 219 218 217 216 214.4 212.8 211.3 210.4 209.7 208.4 207.3 208 208.6 208.7 207.6 205.9 202 201.8 203.1 204.5 206.7 208.8 209.4 209.9
122.6 124.1 124.9 126.2 128.1 129.2 130 132.3 131.5 135 136.7 138.4 139.2 140.2 141.6 143 144.4 145.9 147.5 149.1 150.7 153 155.2 157.2 159.6 162.1 165.6 168.7 172.1 176.9 180.4 183.9 187.7 190.8 193.6 195.6 197.1 198.3 190.6 172.9 188 200.4 203.7 206.1 208.3 210.5 212.2 213 212.8 212.5 213.7 214.8 215.8 216 216.2 215.3 214.3 213.1 211.5 209.9 208.6 207 205.3 203.5 203.1 203.9 204.5 205.1 203.8 197.1 202.1 204 205.7 207.2 209.2 210.6 211.7 211.7
119.4 120.7 121.2 121.7 123.9 124.9 126.2 126.1 128.1 129.8 130.6 132.7 134.1 135.3 136.7 138.1 139.5 140.7 142.1 143.6 145.2 147.3 149.3 151.2 153.6 156.3 159.9 163.6 168.9 173.7 178.1 182.1 186.1 189.2 192.4 194.4 195.9 197.3 173.8 181.1 198 202.1 204.7 207.1 209.4 210.5 211.1 211.7 211.7 211.6 211.9 212.7 213.2 213.4 213.3 212.6 211.6 210.3 208.6 206.9 206.4 204.3 202.1 200.1 198.9 199.6 202 200.6 195 202.7 204.8 206.7 208.2 209.7 211 211.6 212.3 212.5
116.1 117 117.9 118.3 118.3 120 122.4 122.6 123.8 124.7 125.8 128.4 129.5 130.6 132 133.4 134.6 135.7 137.1 138.5 140 141.6 143.4 145.3 147.7 151.2 155.2 160.5 165.7 170.4 175.1 180.1 184.3 187.7 190.3 192.7 194.6 188.7 168.9 186.5 199 203.2 205.7 208.2 208.9 209.4 210 210.2 210.1 209.8 209.5 210.1 210.6 210.7 210.7 210.1 209.1 207.4 205.6 204.3 204.4 203.3 201.1 199.5 194.9 192.8 192.6 190.9 201.3 205 207.4 209.2 210.7 212.4 213.9 214.4 215 212.1
117.3 115 114 114.2 114.9 115.3 117.1 118.6 120 121.8 122.9 123.8 124.9 125.8 127.3 128.5 129.7 130.8 132 133.4 135.6 137 138.4 140.7 143.8 147 152 157.2 162.3 167 171.7 176.9 180.7 184 187.8 190.2 191.7 182 167.2 181.2 195.1 203 206.3 207.1 207.6 208.2 208.2 207.8 207.4 207 206.7 207.3 208 208.3 208.3 207.8 206.7 204.9 203.1 201.2 201.6 202.2 201 199.3 191.7 187.5 191.8 201.5 205.1 207.7 210.1 211.7 213.4 215.1 216.6 217.8 217.2 213.5
119.5 117.5 114.8 112.7 113.2 112.4 114.3 115.3 116.4 117.9 119 119.9 120.4 121.1 122.4 123.6 124.7 125.9 126.9 129 131.1 132.5 134.6 137.4 140.5 144.2 148.9 153.8 158.7 163.4 168 172.5 176.1 179.4 183.3 186 188.3 188.4 165.2 175.7 192.3 201.1 204.2 205.8 206.4 206.4 205.6 204.8 204.5 204.2 203.9 204.6 205.3 205.9 205.9 205.3 204.2 202.4 200.5 198.5 197.7 199.2 199.5 198 183.5 192.4 200.6 204.5 206.7 209.3 212.1 214.5 216.1 217.8 219.3 220.1 219 215.2
123.4 120.6 117.9 116 113.8 112 112 112 112.9 114.2 115.2 115.7 116.6 117.6 118.4 119.3 120.4 121.6 123.7 125.5 127.4 129.4 131.7 134.2 137.1 141.4 146.1 150.4 155.1 159.8 164.3 167.9 171.4 174.9 177.9 179.9 180.8 171.6 162.9 173.8 187.7 194.7 198.9 201 202.2 202.8 203 202 201.4 201.1 200 201 202.2 203.3 203.4 202.8 201.6 199.4 197.4 195.1 194.4 196.2 197.2 196.1 181.2 196.5 202.6 205.2 207.6 210.1 213.2 216.2 218.5 220.4 220.9 221.1 220.2 214.8
127.6 125.6 123.1 120.4 118.3 116.4 114.2 111.7 110.2 110.5 111.4 112.4 113.5 114.5 115.3 116.1 117.2 119.1 121.2 123 125 126.9 128.9 131.3 133.9 138.2 142.5 146.4 151.3 156 160.8 164.2 167.2 169.5 171.4 173.2 172.4 161.7 163.5 173.4 183.5 188.5 192.5 194.5 196.5 197 197.9 198.7 197.9 196.7 195.8 196.5 198.4 200.2 200.7 200.2 199.8 197.7 194.9 191 189.7 192.6 193.9 181.1 188.1 198.9 202.7 205.8 208.5 211.1 214.3 217.6 220.1 220.9 221.4 221.3 220.3 216.7
132 130.6 128.8 125.1 122.4 119.7 117.2 114.3 111.3 109.2 109.2 109.5 110.4 111.4 112.2 114.1 116.8 117.8 118.6 120.6 122.6 124.7 127.7 130.6 133.1 135.4 138.6 142.4 147.5 152.5 158 161.2 163.7 166.1 167.6 167 162.4 158.8 164.6 172.2 178.9 182.5 185 186.6 189.9 190.8 191.1 191.3 191 190.2 190.7 193.8 196 197.5 198 197.8 197.6 196.1 193.8 188.6 186.1 188.7 188.7 177.4 193.6 198.8 202.2 205.6 209.1 212 214.6 217.2 219.4 220.6 221.3 221.2 220.1 218
142.1 138.8 136.3 131.2 127.7 124.7 119.9 116.8 114.4 111 108.3 108.6 108.8 109.1 110.6 113.4 116.3 118.1 120.1 122.2 124 125.6 127.4 130 132.5 133.6 136.5 140.3 144.5 150.2 155.8 158.7 161.2 162.8 164.3 162.8 157.8 158.9 165 170.3 174.7 177.8 180.4 183.7 183.9 184.6 185.1 185.5 185.5 185.5 187.4 190 192.9 194.7 195.4 195.2 195 193.6 190.8 185.3 180.4 184.9 180.3 180.8 193.9 197.7 201 204.2 207.4 210.4 213 215.6 218.1 219.3 220.4 220.3 220.5 218
155.4 152.8 145.6 143.9 136 130.5 126.6 121.9 117.7 114.2 109.5 107.3 107.4 108.8 112.2 114.8 117.7 120.4 122.8 125 126.9 129.2 130.7 132.2 133.7 135.3 137.5 142.2 144.1 148.4 153.2 156.4 159.1 160.8 161.1 160 156 158.1 161.5 166.7 170.4 173.5 175.6 177.5 178.6 179.3 179.6 179.9 180.3 181.8 184.3 186.8 189 191.4 191.5 191.1 190.7 188.2 183.3 174.3 170.3 171 169.8 185.4 192.1 195.3 198.9 202.3 205.5 208.6 211.4 214 216.7 218 219.5 219.5 219.9 218.7
170.7 169 165.2 162 156.7 148.6 141.8 133.2 123.6 117 112.8 108.3 107.1 108.4 110.3 115.9 119.9 122.6 125.2 127.8 131 133.7 135.2 137.1 139 140.7 142.6 144.9 147.5 149.6 152.7 155.4 158.1 159.2 159.8 158.7 155.2 155.3 158.3 163.1 166.1 168.2 170.3 172.1 173.1 174.1 174.7 175.1 176.8 178.6 181.1 183.7 186.2 188.1 187.5 186.8 184.9 177.4 165 159.5 163.8 167.3 175.8 183.8 189.3 192.9 196.5 200 203.5 206.7 209.9 212.4 215.2 216.9 218.5 218.8 219.1 219
182.1 182.5 181.5 180.9 176.4 169.8 161.4 152.8 141.6 132.3 122 110.9 106.7 107 108.8 113.6 119.2 124.4 127.4 131.9 135.1 138.2 140.3 142.2 144.1 145.6 147.4 149 151.5 152.7 153.5 155.5 158.2 158.8 158.1 157.1 153.9 153.9 155.5 158.6 161.2 163.7 166.2 167.8 168.7 169.4 170.7 172.2 173.9 175.7 178.6 181.1 183.7 184.8 184.4 182.9 177.3 161 156.4 163.3 169.1 173.7 179 183.4 186.7 190.5 194.1 197.6 201.1 204.5 207.9 210.9 213.7 215.8 217.6 218 218.3 218.4
188.6 189.3 190.1 188.8 186.9 185.5 179.7 172.7 161.8 152.4 141.1 126.6 111.7 107.1 107.1 109.7 117.2 124.8 129.5 134.2 138.2 141.7 144 146 147.9 149.6 151.5 153.4 155.2 156.3 156 156.6 158.1 158.2 156.5 154.6 151.7 151.1 152.7 156.9 157.8 159.8 162.2 163.4 165.2 166.8 168.3 169.8 171.9 175 177.6 179.9 182.5 183 182.1 179.5 166.5 152.4 161.4 166.6 170.5 174.2 177.5 180.7 183.9 188 191.6 195.2 198.7 202.1 205.6 209.1 212.1 214.1 215.5 216.8 217.5 217.8
191.7 192.7 193.5 192.8 191.4 189.6 187.5 183.8 179.1 172.1 160.1 144.4 124.4 109.9 105.6 106.1 113.4 123.6 131.5 137.4 141.7 145.2 147.8 149.8 151.7 153.6 155.5 157 158.3 158.9 158.8 158.6 157.4 156.7 155.5 151.9 149.4 149.6 151.5 155.1 156.8 157.7 159.4 161.3 162.9 164.4 166.7 168.9 171.3 174.3 176.6 178.9 181.1 180.9 179.7 174.8 155.8 152.7 159.6 165.4 168.5 171.4 174.7 178 181.2 185.2 189.2 192.8 196.2 199.7 203.4 207.5 210.3 211.8 213.2 214.5 215.8 217.1
195.3 197.6 199.2 198.9 196.5 194.9 191.9 188.6 186.5 180.1 174.6 159.8 141.4 119.1 104.2 104.5 110.8 121.5 134.5 142.4 148 151.3 152.9 153.9 155.7 157.7 159 160.4 161.8 161.4 160.3 158.2 156.6 152.4 149.3 148.4 147.7 149.1 151.6 154.3 156.4 157.6 158.8 160.4 162.8 164.7 167 169.2 172.2 174.5 176.6 178.8 179.8 179.5 176.8 162.8 146.6 151.7 157.2 161.8 165.2 168.6 171.9 175.2 178.5 182.4 186.5 190.3 193.8 197.7 201.8 206 208.1 209.5 211 213 215 217.1
200 202.3 203.6 203.2 200.5 197 195.2 190.8 187.4 183.5 179.2 172.4 155.5 134 107.4 103.4 108.3 119.7 137.2 148.8 154.6 157.5 159.8 162.1 161.3 163.3 164.3 164.6 165 163.8 161 158 153.7 149.3 146.2 145.9 147.4 151 153.9 156.8 159.5 161.1 162.6 164.2 165.8 168.4 170.6 172.7 174.7 176.2 177.8 178.7 179.4 178.1 171.6 152.3 144.8 149.8 155 159 162.2 165.7 169.4 173.3 177.2 180.3 183.7 187.9 191.9 196.3 200.8 204.8 207.2 209.2 211.3 213.3 215.3 217.4
204 206.3 206.4 204.4 201 197.8 193.7 190.5 186.6 183.2 178.9 174.9 160.4 125.6 108.1 103.4 106.9 123 144.3 158 163.2 166 168.1 170.3 170.7 170 170.6 169.9 168.3 165.3 160.9 155.6 149.7 145 146.1 148.2 151.2 154 156.5 159.2 162.1 165.2 166.6 168.2 169.8 172.1 174.2 176.3 177.4 178 177.2 178.1 179 177.8 167.3 147.4 143.4 150.1 156.2 161.8 165.1 167.5 170.4 174.7 178.2 181.9 185.6 189.5 193.1 197.6 201.3 204.1 207 209.5 211.5 213.6 215.6 217.7
205.3 205.6 204.6 201.9 198.6 194.5 190.3 186 182.1 177.4 171.8 159.3 142.4 126.1 104.5 103.2 112.9 130.9 155 166.6 171.8 174.7 176.5 177.8 178.8 178.8 176.5 173.9 171.4 166.2 158.9 151 143.2 144.5 148.3 152.1 155.5 158.5 161.1 163.6 166.2 169.5 171 172.4 173.7 175.1 175.9 176.7 177.6 177.7 176.9 176.8 176.7 174.6 161 142.3 145.1 157.3 166.7 169.8 171.2 171.2 174.3 177.8 180.8 184.4 188 191.5 194.6 197.8 200.6 203.3 206.1 209.2 211.8 213.9 215.6 217.1
204.1 203.1 200.6 198.1 193.9 190 184.8 179.2 174.1 166.1 150.9 138.7 121.9 105.3 98.7 107.4 120.8 140.9 162.2 172.2 177 179.6 181.4 183 184 184 183.5 179.5 173.6 165.4 153.4 143.7 142 146.6 152.1 157.5 160.6 162.8 165.6 168.1 170.8 173.4 175.5 176.9 178 177.5 177.2 177.3 176.6 174.8 172.5 171.9 171.2 163.6 151 140.5 150.4 166.7 173.8 176.9 176.2 177 176.7 179.5 180.1 184.9 188.5 191.4 194 196.6 199.1 201.4 204.2 207.4 210.5 213 214.4 216
199.5 198.2 195.9 192.5 188.3 183.1 176.5 168.8 158.1 146.6 133.5 119.4 103.7 98.4 105.6 113.9 129.2 152.6 166 174 178.5 180.7 182.2 184.5 187.3 187.6 187.1 185.2 177.6 161.8 144.7 140.2 146.4 152.2 160.1 164 166.4 168.3 170.3 172.5 175.4 178.1 179.9 181.3 181.9 181.3 180.6 177.9 175.3 170.4 167.9 161.2 154.8 146 137.3 141.4 155.1 164.8 170.3 172.9 172.6 174.5 175.4 174.7 175.6 180.3 184 187.1 189.2 190.5 195.3 198.4 201.9 204.8 208.6 211.8 213.3 215
194 192.4 190.3 186.8 182.3 177.1 168.1 152.4 139.6 129.1 114.6 102.6 98.4 103.4 110.3 117.6 132.6 148.5 159.6 169.3 175.4 179.6 181.1 184.9 187.7 189.1 189.7 187.2 177.3 155.6 139.1 142.7 152.9 162.8 170.3 173.6 175.5 177.4 177.6 178.4 180.7 182.2 183.5 185.3 185.6 183.7 182.1 178.1 173.5 167.4 156.2 142.3 138.8 134 135.5 139.1 147.4 152.6 157.3 158.7 160.4 163.2 165.1 167.3 170.8 174.5 178.1 181 182.7 185.8 191.3 194.6 198.8 202.9 206.7 210.6 212.3 214
187.7 185.5 182.9 179.3 173.9 168.2 154.4 138.7 126.1 113.8 96.1 99.1 103.1 111.4 122.6 130.4 135.2 143 152.3 160.9 169.8 177 180.8 185.3 188.1 189.7 190.8 188.9 178.6 152.9 136.7 146.1 161.8 173.2 178.2 181 183.5 184.4 184.4 185.5 186.7 188.1 189.1 189.9 189 186.8 183.3 178.1 170.3 156.4 141.9 135.5 132.1 139.4 147.1 151.3 150.4 149.6 149.2 152.4 154.4 157.2 159.4 161.4 164.5 167.9 171 173.8 176.8 181.7 186.8 191.4 196.4 201.4 205.9 211.7 211.4 212.2
180.4 177.8 174.7 171.4 166 158.3 141.1 126.8 103.3 101.8 97.7 102.7 111.5 124.6 140.3 148 151.6 156.2 160.3 164.5 170.2 175.9 181.1 185.6 188.5 190.3 190.3 187.7 175.3 150.2 136.9 149.9 165.5 175.8 181.4 184.9 187 188.9 191 192.2 193.4 193.5 193.8 192.8 191.5 188.6 184.9 179.7 167.2 146.8 133.8 131.3 138.4 148.9 158.2 164.2 165.6 164.6 164.3 163.3 162.6 164.7 165.4 167.3 169.2 170.2 172.2 176 181.2 186.1 190.7 195.1 198.5 203.5 209.1 213.4 213.2 213
172.9 170.1 166.1 161.4 158 147 129.6 112.8 98.8 97.7 100.6 110.9 128.3 137.9 149.2 157.9 163.5 168.2 172.5 176.3 179.4 181.4 184.4 187 189.3 190.6 189.4 186.2 172.4 150.4 134.8 142.3 154 167.6 177.5 185 188.8 191.3 193.6 194.6 195.9 196.2 196.5 195.8 194.1 189.9 185 179.2 162.1 142.2 129.2 129.1 144 157.7 168.8 174.9 178.2 180.4 180.1 179.8 180.6 181.9 184.1 185.9 186.5 186.4 184.2 186.3 191.5 193.7 198.3 202.1 204.6 207.5 212.3 215.2 215 214.7
165.4 161.2 156.5 153 145.6 135.7 116.1 101.1 97.1 101.2 110.6 127.6 137.1 145.1 155.8 163.3 168.8 173.9 178.6 183 185.6 187.5 189 190.4 191.6 191.8 189.5 186.3 174.9 156.3 140.2 134.5 139.3 151.4 165.6 180.7 186.2 190 192.6 194.9 195.6 196.4 196.9 196.4 194.2 190.2 183.5 175.8 155.8 135.1 128.1 136.4 152.4 167 177.3 182.9 186.6 189 191.3 192.9 194.9 196.9 199.1 201 202.8 202.8 200 198.7 204 204.5 207.5 212 213.7 215.4 216.8 217.9 218.5 217.9
157.6 148.9 141.6 139.5 130.6 120.4 105.7 94.2 97.6 107.5 122.1 133.1 141.5 151.4 161.1 167.4 172.7 177.5 182.1 186.3 190.3 192 192.7 193.5 194.4 194.4 192.2 187.6 179.8 166.1 151.6 140.1 133.3 136 153 170.4 180.5 185.4 190.2 192.5 193.6 193.6 193.1 191.6 189.1 185.9 182 175.2 156.7 133.8 126.9 139.9 161.2 175.9 183.9 190 194.2 196.8 199.2 201.6 203.9 206.3 208.8 210.5 211.5 212.4 212.6 210.1 213.3 215 216.1 220 222.7 222.8 222.7 224 223.7 222.9
138.4 127.5 120.4 117.1 111.2 97.5 92.6 96.2 101.9 114.5 125.8 136 145.4 155.1 163.1 169.4 175.4 180.2 185.1 189.5 192.4 194.3 195.5 195.5 195.7 196.1 194.6 191.7 186.8 180.9 166.8 151.6 139.9 131.5 139.5 156.7 171.6 181 186.5 188.9 188.7 187 185.6 183.9 182.1 179.1 176.5 173.6 157.3 135 125.8 144.3 170.1 181.4 189.4 195.3 199.2 201.5 203.4 205.5 208.1 210.6 212.8 215.2 216.9 218 218.8 219.6 220.6 222 223.4 225.8 226.7 226.8 227.2 227.5 226.8 225.3
117.1 107.4 101 96.8 93.3 91.2 93.3 98.2 108 119.8 130.3 140.6 149.8 158 165.9 172.1 178 182.9 187.7 191.4 194.4 196 196.4 196.5 196.7 197.2 196.2 194.9 191.5 188.3 180.6 163.7 149 135.2 130.9 143.2 158.8 173.4 181.2 182.7 181.9 180 178 175.5 173.7 172.7 171.5 169.9 155.5 131.7 125.4 146.5 171.6 182.7 190.8 196.2 199.3 201.1 203.2 204.8 208.2 211.7 215.4 218.1 220.7 223.1 224.7 225.4 226.4 227.3 228.7 229.4 229.9 230 230 229.9 228.7 226.8
98.5 86.7 84.4 88.8 89.1 92.7 97.9 106.5 117.5 127.8 137.6 146.1 154 162 168.5 174.6 180.3 185.2 189.2 192.5 194.9 196.7 197.1 197.4 197.6 198.1 198 197 195.3 192.2 188.2 175.3 159.3 143.2 129.6 131.7 144.8 162.2 170 169.3 167.2 164 163.4 164 164.3 165.3 165.6 163.9 146.1 124 126.1 148 169.3 178.8 187.6 192.1 194.9 198.3 200.6 203.7 206.9 210.9 215 219.3 222.3 224.9 227.6 228.5 229.9 231.5 232.5 232.9 232.7 232.5 232.2 231.2 230.2 227.7
