data/250000-230000.asc
ncols 200
nrows 200
xllcorner 250000
yllcorner 230000
cellsize 50
[rows 35 to 69 of 200, columns 78 to 155 of 200]
367.4 365.9 362.8 359.4 354.9 350.2 343.6 331.6 313.2 325.2 329.5 331.8 333.8 333.6 333.4 331 326.8 316.1 322.2 323.2 323 320.2 313.8 296.9 272 255.1 264.7 288.3 300.7 305.6 307 289.6 270.9 271.4 278.5 286.7 294.4 305.2 313.7 321.4 327.7 328.4 326.6 321.7 316 311.1 305.4 305.3 308.4 314.1 315.4 315.5 320.3 323.4 323 316 306.4 295.7 282.3 273.8 267.5 259.4 248.7 235.2 220.3 208.4 200.6 196.4 194 191.6 190.6 189.5 187.3 184.2 179.3 177.7 181.1 184.7
366 364.1 361.5 357.7 352.9 348.2 342 333.1 316.2 311.2 321 324.6 327 327.7 326.2 322.6 316.7 302.4 313.3 316.4 317.7 315.2 308 283.7 258 252.5 272 291.1 299.5 301.8 297.1 275.9 261.9 267.6 280 294.7 302.1 309.4 315.8 321.6 325.7 325.1 322.1 315.1 309.2 301.7 292.8 291 304.7 310.3 310 312.4 319 321.5 318.1 311.2 301.1 287.4 267.6 258.2 255.9 250.1 238 223.7 211 202.9 197.9 195.4 193.3 190.8 187.6 185.9 186.3 185.1 182.3 178.2 178.6 181.1
364.2 362.2 359.8 355.9 351.4 346.6 339.4 329.6 315.7 297 309.7 315.2 318.8 317.8 313.9 309.9 304.4 289.3 301.3 311.3 310.8 309.5 301.3 275.3 250.2 256 277.7 291.6 298.7 298.1 282.5 263.9 255.1 273 287.8 299.2 306.9 312.8 318 321.3 323.4 324 317.6 308.4 301.5 295.7 274.8 284.5 298.8 300.7 300.3 306.2 312.2 314.2 310.6 304.5 296.7 286 272.5 255.9 235.3 236.6 224 212.5 205.8 201 198.1 195.3 192.6 190.4 188.6 189.8 190.5 189.3 187.6 181.5 177.4 178.5
361.7 360.3 357.7 354.5 350 344.4 333.1 321.3 308.8 292.3 292.6 296.2 301.8 304.8 303.5 302.2 291.8 279.6 289 303.8 303.9 300.6 294.3 268.7 243.8 253.1 275.4 291.9 295.1 291.2 270.4 250.7 257.1 278.7 290.8 301.7 309.4 314.9 318.5 321 323.7 323.9 317 306 285.3 283.2 266.9 273.9 283.7 286.3 285.9 295.3 302.9 306.1 305.2 299.1 294.5 284.7 270.1 253.6 237.9 222.1 214.5 209.6 205.2 201 197.2 194.4 191.3 190.5 192.2 193.8 195.5 195.6 194.4 192.6 180.7 177.7
359.7 358.8 356 353.4 349.2 344.1 335.5 324.6 318.6 303.7 292.4 280.2 282.9 286.1 289.6 287.2 277.2 265.9 277.5 286.6 288.1 284.4 278.7 267.4 240 248.4 274.6 287 286.6 279.4 262.1 242.9 257.2 279.6 292.7 302.1 309 314.3 317.6 320.5 322.9 321.7 317.5 308.5 295.2 269.2 256.3 261.9 267.6 267 269.7 279 294.1 302.1 301.9 295.9 290.1 280.7 265.6 250.3 233.2 219.9 213.5 208.8 203.4 200.2 196.8 193.3 192.2 194.6 195.9 197.9 202.1 203.8 203.3 196.4 187.9 179.5
357.7 356.7 355.3 351.9 348.5 344.4 338.6 331.7 321.7 315.2 308.8 297.3 277.7 271.4 270.9 268.6 260.3 256.1 257.9 262.2 263 263.4 260.3 251.8 236.1 243.6 269.7 272.9 274 268.3 252.1 235.4 255.7 281.2 295.1 302.2 308.4 313 315.8 318.6 319.2 318.6 316.1 309.7 301.5 278.5 256.7 246.9 247.2 249.4 255.7 276.7 292.2 299.1 297.7 290.4 283.2 271.9 259 245.5 228.7 217.1 212.7 207 201.3 198.1 194.7 194.6 196.3 198.4 201.9 207.4 210.7 213.6 209 197.7 191.5 184.1
355.6 354.7 353.8 351.3 347.8 344.1 339.4 332.7 330.7 327 323.8 316.3 302.5 285.5 274.6 267.8 260.7 250.2 246.5 246.2 242.9 241 238.8 236.7 233.5 234.4 249.9 253.1 255 250.2 234.6 236.4 260.6 284.3 295 301.8 306 310.6 312.1 313.3 315 314.8 311.7 307.6 301.2 287.1 263.7 244.4 238.7 238.4 256 275.1 289.3 293.2 289.3 282.8 273.5 262.4 247.5 231.5 222 215.1 210.5 202.3 199 196 197.2 198.6 200.2 204.7 211.4 216.7 219.3 220.5 209.3 197.6 191 185.4
353.6 352.7 351.8 350.7 346.8 344 340.3 338.3 336.5 333.3 329.2 324.2 316.8 307.9 293.5 279.1 270.2 263.2 255.2 252.6 246.9 241 237 233.7 230.6 229.8 232 234.3 232.7 231.6 224.5 241.8 266 282.4 292.4 299.9 302.3 303.2 303.5 305.3 307.2 308.7 307.7 305.7 300.8 289.9 270.6 249.1 236.6 231.9 251 268.8 280.8 283.5 280.1 272.4 262.6 248.4 231.9 220.7 215.4 209.3 203.1 198.1 197.3 199.1 201 202.8 206.9 215.1 223.8 226.6 228.3 220.6 207.3 194.5 188 188.1
350.8 350.6 349.9 348.8 346.8 344.3 342.7 341.4 338.4 335.4 331.7 325.9 318.3 308.4 291.4 285.9 282 270.9 270.1 269.8 264.3 255.8 245.4 237.1 233.9 229.8 223 222.5 220.4 220.4 225.1 237.4 257.4 273.9 284.8 289.8 291.5 290.9 290.3 295.8 300 302.5 302 301.6 297.4 288.6 274.2 263.3 250.7 229.8 239.6 261.9 271.3 270 261.7 253.5 243.4 228.8 219.5 214.8 209.6 203.7 199.5 199.5 200.4 202.3 206 212.8 219.5 227.1 233.4 235.4 232.4 215.6 200.4 191.3 194.3 199.7
347.6 347.4 347.2 347.1 346.3 345.2 343.4 342 339 335.8 332.1 326 317.2 304.2 300.9 298.7 291.3 283.7 282 281.1 278.6 273 261.1 243.2 237 233 228 222.3 220.9 217.6 218.3 222.8 239 260.8 270.2 273.9 276.5 276.8 278.9 284.4 289.4 291.6 294.3 292.3 287.7 279.7 271.4 266.7 256.3 232.4 226.3 246.2 249.2 246.3 238.6 230.8 221.9 215 211.9 207.5 204.1 200.9 201.4 202.3 204.8 208.5 216.6 223.8 232.9 239.8 240 241.7 227.1 209.2 195.4 201.8 207.8 211.4
344.3 344.1 344.6 344.9 345.2 344.9 343.3 341.9 339.4 335.8 333 327.4 319.8 314.9 312.2 306.7 299.4 296.2 295.4 294.7 293.3 287.9 274.9 256.8 243 236.7 233.1 230.2 230.3 229.1 226.1 214.6 224.5 242.5 253.9 259.5 263.9 262.7 264.2 270.1 274.6 275 275.7 275.5 272.5 270 265.4 261.1 251.1 231 218.2 223.1 223.1 221.9 218.1 213 208.9 206.9 205.7 204.5 204.6 204.6 206.4 208.5 211.3 217.2 226.9 236.2 244 246.3 246.4 237.1 221.5 203 209.3 217.8 221.2 221.1
341 341.9 342.7 343.6 344.3 344.3 342.8 341.2 339.8 337.4 334.7 328.6 323.4 320.4 319.4 314 308.8 308.8 309.6 310 310.6 308.2 289.4 271 259.1 248.1 246.2 246.2 248.1 247.5 239.5 224.9 212.2 221.6 233.5 239.1 244.5 244.6 242.7 245.2 249.9 254.7 254.8 258.4 260.3 260 255.3 248.7 237 221.1 212 212.7 210.6 209.8 209.4 208.6 209.1 210.6 212.8 218 220.2 220.4 218.6 216.9 220.2 226 238.1 245.8 249.3 249.8 246.3 232.2 215.6 213.8 223.6 231.9 232 227.3
337.9 338.4 340.2 341.8 343.1 341.1 339.9 339 339.4 338 333.5 331 326.9 323.8 321.7 319.7 318.2 318.5 319.5 321 321 316.4 304.3 287.1 274.4 263 263.5 264.4 264.3 260.6 251.8 231.5 216.2 211.2 213.1 218.5 219.7 223.1 220.7 221.2 225.6 232.9 237.9 242.8 247 249.3 241.7 229.4 216.4 210.6 209.8 210.3 209.4 210.2 210.6 215.2 220 226 234.1 235.4 233.5 232.1 229.2 229.5 233.8 243.6 250 253.6 255.7 255.1 241.8 227.6 216.4 228.6 238.3 240.7 239.7 232.8
334.3 333.9 336.1 338.1 339.3 337.9 336.5 337.5 338.7 339.2 336.4 333 330.1 326.4 323.2 321.9 321.6 324.5 327.1 329.1 329.2 328.1 319.9 306.3 292.2 283.5 278.8 273.6 268.7 261.6 250.9 230.4 221.5 215 211 207.3 207.5 206 206.1 207 206.4 210.3 217.1 234.4 240.9 240.4 225.4 211.4 205.5 206.3 211.5 217.7 217.6 218.8 221.2 225.5 230.6 238 243.9 243.3 242.7 241.1 240 241 247.9 256.5 259.7 262.4 263.4 253.9 239.5 224.6 236.2 247.9 251.9 251.3 245.8 237.2
330.4 329.4 331.6 333.2 331.8 332.8 335.4 336.4 337.3 338.5 337 334.5 332.1 329 324.8 323.4 324.3 327 329.9 331.3 332.7 327.7 322.8 318.2 307.6 298.9 290.5 280.7 268.6 260.4 247.5 229.6 233.4 224.9 216.7 213.1 211.1 211.3 209 207.3 207.9 207.7 201.6 224.2 230.8 227.3 207.4 199.9 201.8 210.9 222.2 229.2 230.2 232.1 235.3 241.1 247.4 251.6 253.2 251.2 251.9 251.8 254 258.7 263 266.9 270.5 271 267.9 252.9 237.4 244.1 254.9 262.5 266.4 261.4 250.7 236.7
326.4 323.2 326.6 326.8 327.6 329.9 332.6 334.2 335.2 336 335.7 333.4 330.8 326.9 323.6 324.1 326.9 330.1 333 334 333.8 327.7 322.7 319 314.9 313.8 299.5 282.6 270.1 256.4 243.8 240.8 248.5 241.6 232.3 222.6 219.6 216.5 213.7 213.2 212.1 210.2 202.2 199.2 203 201.2 197.3 198.9 213.3 222.6 232.4 239.6 243.5 247.2 252 257.4 262.2 264.4 265.1 265.1 264.1 264.9 270.1 275.3 277.4 278.5 279.5 273.7 266.2 253.5 251.9 261.5 273.7 280.2 280.6 273 257.1 237.5
323.7 316.7 318.9 319.8 321.9 324.5 328.9 331.3 332.9 333.5 333.4 331.5 328.9 323.7 323.2 325.3 329 332.3 335.3 335.4 334.1 327.7 322.6 319.4 314.7 308.3 290.1 273.7 258.7 250.8 249.2 257 264.9 261.8 255.1 247.1 239.2 230.5 220 215.6 214.9 212.6 207.4 203.3 200.5 195.5 191.7 197.5 214.9 224.3 237.3 245.5 252.7 260.9 266.5 271.4 274.7 276.2 277 276.4 276 278.9 285.3 287.5 288.6 289.4 290 281 268.4 262.9 266.5 275.3 288.1 292.5 291.6 284.8 271.1 250.4
325.6 312.2 308.9 314.9 316.6 319.9 324.5 326.9 330.8 331.7 331 329 324.9 318.2 322.2 325.8 329.5 333.3 336.5 334.7 330.5 326.5 321.3 315.6 302.5 289.2 277.7 269.3 257 260.6 265.7 270.9 275.6 277.5 274 268 259.4 248.6 232.7 221.5 218.9 217.2 212.6 208.1 204.1 198.6 192.6 193.3 208.3 225.3 239.9 249.7 259.2 269 275.9 278.1 281 284.5 287.1 288.3 288.9 290.8 294.8 296.7 298.1 299.4 298.1 287.8 287.9 286.3 288.8 287.6 297.3 301.2 301.2 296.7 285.7 269.2
326.6 316.9 301.8 307.7 310.3 316.3 320 324.2 328.4 328.9 327.7 325.4 318.8 311.7 319.6 326.4 329.9 333.4 335.8 333.8 329.7 324.6 317.1 311.3 305.9 300.2 295.5 287.6 281.6 282.7 283.6 284 286.2 287.5 284.9 279.2 271 259 244.3 226.9 222.8 219.5 215.8 210.1 204.5 199.5 195.1 190.4 213.2 227.1 239.3 252.2 262 271.8 279.2 283.9 287.7 291.8 295.6 298 299.6 300.3 302.7 304.8 306.4 306.7 306.6 306 306 306.9 305.4 304.9 307.7 308.1 307.3 305.7 297.3 286.7
326 319.2 308 298.1 304.7 311 318.1 323 325.7 325.9 324.3 320.4 306.8 311.7 320.1 327.8 332.1 334.4 335.8 334.9 333 330.8 330.3 327.3 323.1 317.7 311.9 305.6 299.7 298.2 297.6 297.9 297 294.5 292.4 286.9 278 264.1 244.3 231.5 226.9 222.1 215.5 210.4 204.7 200.2 196.1 190.6 212.4 227.4 242.7 255.6 264.1 273 280.5 286.8 292.8 297 301 303.4 305.7 306.7 308.3 310.9 311.6 312.5 314 315.4 316.5 317.1 316.3 315.6 316 314.7 313.5 310.4 305.8 301.6
324.1 320.8 312.9 301.4 294.4 307.5 315.1 319.6 321.7 320.3 317.4 301.4 297.1 311.6 323.4 328.7 334.2 335.1 336.5 336.1 335.3 336.4 336.3 336.2 335.2 332.2 325.4 317.6 311.6 307.9 307 306.7 303.9 301.6 298.2 292.8 281.6 264.4 243.8 236.7 233.3 228.7 221 211.5 204 198.4 195.8 187.6 209.4 229.6 247.7 258.5 266.2 273.6 279.5 285.8 291.4 296.5 301 304.3 306.5 308.8 310.5 313 314.7 317.1 320.5 322.6 322.6 323 322.3 321.5 321.3 321.1 320.3 317.3 314.2 310.4
324.7 321.5 317 310.8 296.8 295.4 311 314.3 312.7 305.3 298.6 289.9 303.5 316.6 325.4 331.8 335.8 337.1 337.4 336.8 336.3 338.4 339.2 339 336.8 333.9 330.1 325.3 317.8 312.1 311 311.1 310.3 306.6 301.9 294.1 282.5 263.5 249.4 244.4 239.4 233.4 222.9 210.7 200.2 196.7 194.7 190.5 201.6 227.2 245.5 257.2 265.3 271.9 277.1 283.3 288.3 292.3 295.5 299.2 301.9 306 311.2 313.5 317.1 321.8 325.1 327.2 328.2 328.1 327.3 327.5 328 327.7 327.2 323.3 321 319.3
324.1 321.6 318.9 315.2 305.6 281.3 299.2 299.9 291.3 284.5 285.8 299.7 311.2 321.3 328.4 333.4 336 336.8 336.9 336.4 337.1 338.9 339.2 338.8 336.8 334.4 330.6 324.5 317.2 311.8 313 313.5 312.2 308.1 302.2 294.7 283.3 266.4 254 247.4 239.8 225.4 213.4 205.5 198.2 192.2 191.3 186.4 198.7 221.5 238 250.1 257.8 264.9 269.9 273.1 272.5 272.8 277.8 284.6 291.1 297.8 306 311.6 315.7 322.1 325.3 328.7 330.9 331 330.4 329.6 329.8 329.4 328.9 328.1 325.9 323.3
321.9 320.7 318.8 316.9 311.2 294.3 274.1 274.3 277.2 289 301.9 311.6 319.4 325.3 329.9 334 336 337.5 335.3 334.8 337.3 338.4 338.7 337.9 337.2 334.1 328.3 320.9 313.9 310.5 312.7 312.4 311.1 305.9 300.4 293 282.5 266 255.6 242.6 224.4 211.5 208.4 201.7 199.4 201.6 191.2 184 195.5 214 225.7 234.8 243.9 251.8 256.2 258.9 258.2 257.2 261.6 270.1 284 297.8 306.4 309.3 312.4 317.3 320.5 323.8 325.8 328.2 328.1 326.9 328.4 329.7 329.3 328 326.5 323.8
320.2 318.9 317.4 315.1 310.7 301.8 277 267.5 289.3 301.6 310 317.6 323 327.3 331.7 334.2 336.3 336 331.6 335.5 337.7 336.6 336.5 334.6 332.8 328.8 324 318.1 312.4 301.8 307.7 308.7 306.3 300.7 296.4 287.5 274.7 256.9 240.6 222.8 213.4 217.1 217.7 227.8 225 213.6 193 184.8 190.5 197.4 209.1 218.7 227.7 231.2 237.9 237.3 237 241.4 259 277.4 287.2 300.7 304.7 307.9 310.5 312.9 315.1 317 319.7 322.3 323.2 326 327.2 328.5 329.5 327.9 326.2 323.2
317.9 316.6 313.9 311 306.6 296.4 274.1 264.9 291.3 305.5 313.7 320 325 329.3 332.3 333.2 333.9 330.8 333.7 336.8 335.8 334.2 332.5 330.7 328.9 324.8 321.4 316.9 309.9 297.6 297.1 301.3 299.8 296.4 289.3 277.8 257.5 241.4 226.3 219.7 225.3 231.4 236 238.6 236.4 228.5 205.1 193.1 178.1 184.8 188.2 200.1 209 212 213.1 215 227.9 247.8 266.1 280.4 291 297.9 302.6 306.2 308.1 308.8 310 310.8 313.6 316.4 320.7 323.7 326 328.6 329.9 328 325.7 322.4
314.2 313.2 310 305.1 297.4 281.9 262.4 264.4 290.3 307.9 316.1 321.8 326.5 330.2 330.9 331.4 329.3 329.6 333.7 334 332.1 330.3 329.6 327.8 324.9 322.2 317.7 311.9 305.5 299.3 286.7 285.8 287.8 283.4 273.2 258.5 243.9 228.2 229.1 232.3 238.1 242.5 249.2 251.3 249.1 244.1 230.8 210.1 188.4 179.2 175.9 179.8 181.8 186.9 195.6 211 230.3 248.6 268.1 283.5 291.8 296.4 300.9 303.9 304.1 304.5 304 305.3 307.6 311.4 317.7 321.9 325.4 328.2 329.4 327.4 324.5 321.3
311.4 310.2 302.6 289.5 275.7 262.8 248 272.2 295.1 311.9 319.3 324.3 327.8 328.6 328.3 327.2 324.1 329 330.8 328.1 326.7 326.6 326.8 325.2 323 321.3 314.6 305 300 296.7 282.3 273.5 269.3 262.3 254.4 245.5 236.7 239.3 246 248.1 252.7 259.3 266.4 264.1 260 251.9 233.5 210.7 205.1 201.7 194.6 189 181.4 172.2 189.7 207.4 228.4 249.4 267.8 282.8 289.5 294.5 299.2 302.3 301.2 298.9 297.7 297.5 300.8 308.4 315.7 319.8 323.6 327 327.2 325.2 323.4 320.2
308.4 302.2 284.6 268.4 253.6 243.8 263.8 285.4 305.4 314.6 320.8 324.1 326.5 326.2 325.7 322 321.2 323 322.8 322.3 321.9 322.7 323.4 323 321.1 319.5 314.1 301 288.2 283.7 272.4 263.7 256 254.5 252.3 245.2 251 259.8 260.2 265 270.5 275.2 280.6 274.6 266.4 248.9 228.7 224.5 225.7 225.9 219.5 209.6 196.1 177.7 177.4 201.8 224.7 245.8 264.1 277.9 286.6 292.6 297.5 299.7 297.4 294.5 288.6 287.8 299 307.1 313.2 317.6 321 323.9 325.2 324 322.6 319.9
301 284 264.9 248.3 243.3 263.3 279.5 298.2 308.7 314.8 318.9 322.8 324.5 323.8 320.2 314.9 312.6 311.5 314.8 314.6 317.6 319.4 320.1 319.9 319.9 320.4 318.9 311.3 295.5 287 279.1 274.7 273.2 268 268.1 265.5 266.7 273.2 274.3 281.1 287.4 288.7 288 282.7 272.3 248.6 237.9 238.3 250.2 248.6 236.4 216.7 198.1 176.2 174.3 197.1 223 239.4 257.8 272.5 283.9 290.6 295.9 296.5 294.3 290.6 281.4 283.4 293.6 303.6 309.5 313.6 316.4 319.3 321.6 322.2 321.3 319.7
284.9 265.7 246.7 239.8 259.8 277.1 291.2 300.7 307.7 312.7 316.8 320.1 321.6 319.8 314.8 308.5 302.7 302.9 306.3 310.4 315.9 319.3 320.3 320.5 321.3 321.2 319.8 316.7 309.6 300.6 293.8 288.5 285.3 286.3 282.4 278.4 279.6 282.3 283.7 288.1 291.1 296 292.1 287.1 277.3 268.5 265 269.2 266.8 259.2 243.9 220.5 196 172.8 178.9 189.9 214.8 230.6 248.2 263.5 273.7 285.2 291.3 293.1 292.1 288.3 273.7 276.9 287.4 296.9 305 308.3 311.3 314 316.6 318.4 318.3 317
268.8 248.7 231.2 249 270.4 283.7 291.9 299.3 304.8 309.5 314.4 316.7 316.4 314.6 310.2 306 297.6 297.1 303 309.8 314.7 318.8 320.6 322 322.7 321.5 319.8 317.3 313 309.6 306 300.8 296.6 293.5 288.6 286.8 286.2 289.4 292.6 294.9 298.5 301.1 297.5 297.1 292.7 288.9 289.3 283.9 276.3 259.6 235.9 215.8 190.5 176.2 174 184.9 203 220.2 236.3 248.8 258.7 266.8 274.7 281.6 286.5 284.3 272.8 267 277.1 284.1 291.5 299.5 304.6 308.1 311.6 314.4 314.5 312.6
251.6 230.7 241.7 254.4 262.9 282.3 290.2 296.1 301 306.8 309.6 309.7 309 309.1 306.7 300.4 291.2 295.9 303.1 309.2 315.5 319.9 321.5 322 321 319.5 317.9 316 314.7 313.8 311.4 305.1 299.2 296.5 293.5 290.1 287.6 291.6 295.6 298.7 300.9 302.4 303.3 304.2 302.9 303.9 299 290.3 279.3 256.2 227.8 212.1 208.5 192 178 175.1 190.5 204.6 219.6 232.4 241.5 249.6 258.1 268.5 277.8 283.3 274 255.4 263.6 268.9 275.8 284.6 293.7 301.1 304.9 306.6 306.1 305.1
233.9 229.8 249.5 267.1 274.7 266.6 284.5 291.5 292.6 296.2 303.9 304.8 305.4 307.3 306.5 295.4 285 292.7 302.3 309.5 314.8 318.3 319.1 316.2 314.3 312.5 313.6 315 315.9 316.3 312.1 306.2 301.9 299.5 295.4 290.6 281.2 290 293.4 296.2 298.6 302 305.6 308.8 310.8 307.5 301.5 292.1 275.5 253.4 227.4 226.5 222.8 208.2 192.2 174.3 177 189.8 201.7 213.1 223.3 232.6 244.3 255.9 268.7 279.6 274.8 262 248.4 254.8 261.1 267.7 276.5 287.8 298.3 298.7 299.8 299.1
221.1 239.9 260.9 277.5 285.3 289.9 288.5 291.5 300 306.5 306.2 307 312.7 312.9 309.9 285.7 284.9 292.6 299.4 305 311.9 314.7 313.2 309.9 306.8 305.9 311.4 315.5 316 315 312.1 306.6 303.4 301.1 295.3 288.9 276.2 282.7 286.9 291 297 303 308.6 312.1 312.2 307.8 301.2 292.6 271.6 249.4 248.2 248.9 237.5 221.4 207.1 190.5 170.2 175.4 183.2 193.8 204.8 216.2 229.7 242.6 257.4 269.2 275.4 264.9 249.3 237.3 243.1 251.3 260 271.8 281.8 289.2 293.1 294.1
