data/250000-630000.asc
ncols 200
nrows 200
xllcorner 250000
yllcorner 630000
cellsize 50
[rows 35 to 69 of 200, columns 0 to 77 of 200]
98.8 100.3 102.2 103.6 103.1 103.1 102 102.5 106.6 110.6 114.7 118.4 121.2 122.9 122.9 122.8 123.5 124.8 126.6 127.7 128.5 129.6 130.7 131.5 132.7 133.1 131.9 129.8 127.6 124.9 123.7 122.3 120.3 118.4 117.1 116.7 117 115 113.4 119.3 121.2 124.4 128.1 131.8 135.6 139.3 142.8 145 146.6 143.6 148.1 149.4 150.3 151.4 152.5 151.7 148.2 146.2 143.9 141.5 139.5 138.5 135.8 132.6 126.9 132.7 131.8 137.5 139.2 140.8 142.8 146.7 149.7 151 152.3 153.8 156.3 158.1
98.5 100.6 102.2 102.7 102.3 100.4 98.2 99.7 103.9 109.2 114.1 118.3 120.3 121 121.2 119 121 123.3 125 124.8 124.9 126 126.4 127.3 128.7 129.5 129 128.2 126.2 123.1 120.3 118 116.2 114.6 113.5 113.1 113.5 110.3 112.8 115.5 119 122.1 125.6 129.2 133 136.9 140.4 142.4 144.2 144.4 145.2 145.7 146.5 147.6 148.6 147.9 145.1 142.3 139.5 137.6 136.8 135 131.1 122 124.9 127.2 134.4 136.6 138.8 139.4 139.7 140.5 141.6 143.7 144.7 146.8 149.3 149.7
100.2 100.2 100.9 100.9 98.9 97.4 95.8 96.6 100.7 105.4 110.2 114.2 116.7 117.6 115.7 113.6 119.3 122 121.9 121.7 121.2 121.3 121.2 121.8 124.2 126 126.1 125.3 122.7 119.2 116.3 113.8 112.1 110.9 110.1 110.8 111.2 106.5 109.5 113 116.6 120.3 124 127.3 130.8 134.7 137.5 139.1 138.4 140.1 141.6 142.3 142.9 143.3 143.8 142.9 140.7 138.1 136.4 135 133.8 133.1 122 120.9 126.7 131.2 134.8 135.6 136.4 136.5 135.9 135.8 135.8 136.7 138.2 139.9 142.2 142.4
98.6 97.7 97.4 96.7 95.2 93.9 92.5 93.1 96.6 100.3 104.1 107.9 111.9 113.2 113 112.4 115.9 117.8 118 117.5 116.4 116.3 116.2 116.6 118.9 120.3 120.9 120.2 117.4 114.8 112.5 109.9 108.4 107.4 107.5 108.6 109.8 103.9 108 111.8 115.5 119.1 122.4 125.6 129 131.7 133.8 135 132.7 135.8 137.2 138.4 139 138.2 137.9 137 135.5 135.1 133.5 132.5 131.4 130.3 118.6 132.5 132.3 131.9 132.5 133.1 133.8 134 133.5 132.2 131.5 132.3 133.6 135.6 136.8 137.3
94.8 93.9 92.7 91.7 90.4 89.1 89.3 89.9 92.9 96.4 99.9 103.3 106.6 108.6 109.5 107.2 110.6 112.8 112.5 112.2 111.3 111.4 111.5 112.1 112.9 114 114.6 114.6 113.6 112 109.3 106.3 104.8 104.2 105 106.5 108 101.9 106.7 110.4 113.9 117.1 120.4 123.6 125.9 128.2 129.9 130.1 126.2 131.5 132.9 133.8 133.5 132.6 132.7 132.6 132.9 133.1 132.6 131.5 128.8 124.9 121.7 131.4 130.8 130.6 130.4 130.6 131.2 131.8 130.2 129 128.6 129.4 131.1 132.8 134.4 134.7
90.3 89 87.7 86.3 84.6 83.9 85.9 87.8 89.9 92.5 95.5 98.3 100.8 102.8 104.6 99.6 104.8 106.5 106.6 106.5 105.8 106.1 106.6 107.6 108.6 109.6 110.4 111.2 111.6 109.8 106.8 103.6 101.6 101.5 103.1 105 105.6 99.4 104.8 108.4 111.4 114.5 117.9 120.8 122.9 124.5 125.4 125.5 121 127.1 127.7 128.3 128 127.8 129.3 130.7 131.9 132.5 131.7 129.5 127.7 121.4 123.6 130 129.2 129.5 130.5 130.1 130.2 129.5 127.7 126.5 126.7 127.5 129.3 131 131.9 132.2
84.5 84.3 83.4 82.2 79.6 80.1 83.8 85.9 87.4 88.4 90 92.7 94.7 96.4 98.3 95.4 99.1 100.6 100.8 101.1 101.1 101.7 103 104 105.1 106.2 107 107 106.8 105.6 102.4 100.3 99.8 100.2 102.9 98.9 93.8 99.6 103.9 107.3 109.4 111.7 114.5 117.2 118.9 120.3 120.9 121.1 118.4 121.4 122.9 123.1 123.2 123.3 125.6 126.7 128.5 129.5 128.5 126.7 125.3 120.7 119.5 125.1 126.5 128.1 129 129.5 128.9 127.1 125.1 124.6 125.2 125.8 127.8 129.1 129.4 129.6
82.4 83 82.9 79.9 76.1 76.9 81.1 82.9 83.1 83.9 85.5 86.7 88.4 90.2 91.8 92.1 94 95.5 96.1 96.5 97 97.3 98.6 99.8 101.2 102.3 102.1 102 101.7 100.5 98.6 98 97.7 98.1 90.6 91 95.8 100.5 104 105.9 107 109.5 111.4 113.2 114.8 116 117.2 117 116 116.9 119 119.7 119.8 119 120.6 121.9 122 122.7 122 121 119.4 114.4 116.3 121.2 124.2 126.7 127.1 127.1 125.6 124.7 123.3 121.6 121.7 124 125.1 126.4 126.2 126.6
79.6 81.1 80.4 77.8 75 74.2 76.2 77.6 78.6 79.5 80.6 81.6 82.6 84.3 85.4 88.4 89.5 91 91.7 92.2 93 93.1 94.1 94.9 95.7 91.5 95.7 96.2 96.4 95.9 96.1 95.9 96.4 88.7 90.4 95 99.9 101.1 102.3 103.5 104.2 106.5 108.4 110 112.4 114.4 115 114 111.9 113.5 114.8 116.3 116.3 114.8 114.9 115.1 115.3 115 114.7 114.7 113.4 106.8 111.5 115.7 119 121.6 123.2 122.9 121.3 120.4 121 118.8 121.7 122.2 123 123.6 122.8 123.4
75.4 76.6 76.6 74.8 72.1 71.1 71.2 72.2 73.5 74.5 75.5 76.6 77.6 80.2 82.9 84.6 85.8 86.5 86.9 88.1 89.1 89 89.7 90 90.2 90.3 90 90.6 91.7 92.2 92.7 94.2 88.8 89 95.6 97.8 100.2 99.8 100.2 100.5 101.3 103.4 105.8 108 110.6 112.6 113.4 111.8 108.7 110.3 111.4 112.1 111.6 108.9 108 108.7 109.4 109 108.7 109.5 107.9 100 105 109.9 112 114 115.1 115.5 115.2 115.9 116.7 115.5 117.7 119.1 119.9 118.3 117.2 117.5
70 71.1 70.6 70.1 68.2 67 66 68.3 69 69.5 70.5 71.6 74.1 73.1 77.4 80.8 82.6 83.7 82.7 83.6 84.7 84.7 85.2 84.8 86.3 85.3 85.6 87.4 87.2 88.9 91 88.1 85.7 94.8 97.4 98.1 97.3 97.2 96.8 97.7 98.4 100.3 103.2 106.1 108.9 110.3 110.3 108.8 105.3 107.6 107.4 107.3 106.1 103.5 103.2 103.8 104 104.3 105 104.6 102.7 91.1 101 105.9 107.6 108.2 109.1 109.7 111.3 111.5 112.3 107.5 113.8 111.9 111 107.6 105.8 107.3
65.1 66.1 65.6 65.2 64.8 63.5 64.1 65.6 66.3 66.6 66.9 66.5 66.8 67.5 72.2 74.6 76.2 77.5 77.9 78.7 79.5 80 80.4 80.1 80.8 81.9 82.7 84 85.2 86.9 88.8 79 84.7 90.7 92.8 94.3 94 93.6 93.6 94.7 95.8 98.6 102.1 105.3 106.5 108.1 108.3 105.4 102.2 104.6 103.9 101.9 100.6 99.9 99.8 99.2 99.2 101.5 102.1 102.4 99 87.4 102.3 104.6 106.2 107.7 108.7 109.3 108.7 106.2 102.1 110.2 110.5 103.3 102.2 99.8 97.7 98.7
61.8 62.8 62.5 61.8 61.5 60.1 62.5 63.8 63.8 63.9 63.6 62.9 62.7 64.6 65.9 68.6 70.4 71.9 73 73.6 74.2 74.7 75 75.6 76.9 78.7 80.8 82.3 83.2 83.1 84 79.6 81 88.5 89.8 90.7 91.6 91.4 90.8 91.8 94.4 97.1 100.5 103.1 105.3 106.2 104.4 101.7 98 101.4 99.8 98 97.2 96.7 97.7 97.2 98.1 100.3 100.6 100.2 90.1 89 101.6 102.5 103.8 105.9 107.5 108.6 106.8 94.5 101.2 106.4 103.3 95.5 94.2 92.6 87.7 90
59.3 59.5 59.3 58.9 59.2 59.4 62.5 62.5 62.1 61.2 60.2 59.5 58.8 59.3 60.5 62.6 64.4 66.6 67.6 68.4 68.9 69.4 70.2 71.2 72.9 75.7 78.9 81.6 81.9 81.6 79.1 76.2 78.1 84.5 86.7 87.7 88.9 88.7 87.5 88.1 91.1 94.6 98.2 100.3 101.8 102.1 99.9 97.4 91.2 97.5 96.1 94.1 93.6 94.1 95.5 97.2 98.1 99.6 98.7 95.1 83.5 91.5 98.2 99.4 100.4 101.9 103.4 104.1 102.3 92.3 99.8 98.1 91 89.2 86.5 83.3 89.2 90.6
56.7 55.2 55 55 57.5 59.4 60.9 61.4 60.7 59.1 56.8 56.4 56.2 56.2 56.3 58.7 61.1 62.4 62.9 63.6 64.5 65.3 66 66.8 69.4 73.4 77.2 79.3 80.2 80.2 68 71.5 75.8 80 82.1 83.3 82.7 81.7 81.3 84.3 87.4 90.1 92.7 94.6 95.2 95.4 93.5 91.3 91.6 91.6 90.6 89.1 89.1 92 94.5 95.9 96.1 95.7 92.2 83.3 81.7 93.7 95 96.1 97 97.6 98 98.2 98.3 83.9 91.3 89.5 84.5 83.4 79.4 86 89.7 83.5
54.6 54 53.8 53.9 56.6 56.9 58.5 59.8 59.3 56.7 54.4 54.2 53.9 53.9 54.4 55.6 57.6 58.2 58.8 59.6 60.5 61.7 62.7 65.4 68.3 71.4 74.4 76.4 77.7 78.8 68.1 69.8 74.3 76.2 77 76.8 77.2 76 76.4 80 81.8 83.8 85.8 87 87.5 87.2 87.1 84.9 84.5 86.6 86.7 82 86.3 91.5 90.7 90.3 91 86.7 79.3 79.7 89 91.6 94 94.7 95.3 95.6 93.6 90.6 88 82 80.5 80.8 78.7 79.6 81.3 84.2 80.3 74.6
53 52.9 52.7 52.5 53.7 53.7 55.8 56.2 55 51.8 51.7 51.7 51.8 52.2 52.7 53.1 53.8 54.8 55.7 56.5 57.6 58.7 60.4 63.7 66.7 69.3 71.8 73.5 74.5 75 66.6 67.7 72.2 73.6 73.9 73.7 74.3 73.3 74.9 77.2 77.5 77.7 80.4 80.9 80.8 81.1 81.2 80.8 77.3 80.8 82.3 79.2 83.7 85.4 83.7 82.4 76.3 72.3 79 89.2 94.2 94.9 96 95.8 96.3 91.7 82 75.5 74.4 73.3 74 74.5 75.6 76.8 76.9 75.1 72.8 73
50.3 50.4 50.5 50.9 53.4 53.2 52 48.8 49.1 49.4 50.1 50.3 50.6 51.1 51.8 52.5 52.6 52.9 53.6 54.2 54.9 56.1 57.7 60.3 63.5 66.4 68.9 70.5 71.5 71.9 61.4 66 70.7 72.1 72.2 71.8 71.3 68 72.7 73.9 73.1 73.7 75.6 75.8 75.6 75.3 74.2 74.3 71.4 75 75.3 74.1 77.8 78.1 77.6 68 69.7 77.5 88.4 90.5 93.7 95.7 97.2 97.4 90.7 79.1 69.7 68.6 68.7 69.5 70.3 71.1 72.7 73.3 72.8 71.9 72.2 71.9
47.5 48.9 49.3 49.7 51.9 50.8 49.1 48.2 48.4 48.6 48.8 49.1 49.6 50.5 51.2 51.8 51.9 51.9 52.2 52.5 52.9 54 55.6 57.5 60.3 63.1 66 67.6 68.1 67 60.5 63.6 68.5 69.8 70.1 68.9 66.7 66.7 69.4 68.4 67.3 69.5 70.2 70.1 70 68.9 67.5 67.7 69.5 72 71.5 70.9 71.7 72 74.7 70.9 66.8 81.8 85.5 87.9 91.2 90.1 84.1 79 75.8 70.8 65.9 65.2 66.1 64.5 67.9 68.9 69.6 70.4 70.6 70.4 70.3 70.7
45.5 48.1 48.4 48.8 48.6 48.1 47.8 47.9 48 48.2 48.4 48.8 49.2 49.9 50.6 51.1 51.2 51.2 51.2 51.3 51.5 52.5 53.7 54.9 56.9 59.3 61.8 63.5 64.4 64.8 63.1 59 63.8 63.8 62 62.1 62.9 63.2 63.7 62.6 63.5 64.3 63.7 63.9 63 63.7 64.5 65.2 65.9 67 67.7 68 68.3 68.7 69.8 68 64.3 67.6 65.6 65.4 68.7 68.4 66.9 65.4 65.5 64.7 64.4 65.9 66.5 66.9 63.8 68.1 68.8 69.3 69 69.4 70.3 70.5
47.1 47.4 47.9 48.3 47.7 47.4 47.4 47.5 47.6 47.8 48.1 48.5 48.9 49.3 50 50.4 50.5 50.5 50.7 50.8 50.7 50.7 52.8 53.5 54.5 56.4 57.4 59.4 61.5 61.9 59.8 57.1 58.2 57.2 56.4 54.8 55 56.4 57.2 59.2 60.3 60.7 60.4 60.6 60.9 61.5 62.3 63.2 64.1 64.3 65 65.4 66.1 66.2 65 64.4 63 62.7 62.7 62.7 63 63.1 63.7 63.9 64 63.9 65.3 66.1 66.7 67.3 67.8 67.9 67.9 68.8 70.7 70.1 69 69.5
47.1 47.2 47.4 47.8 47.4 47.2 47.2 47.3 47.3 47.5 47.9 48.3 48.7 49.1 49.5 49.9 50.1 50.2 50.3 50.4 50.3 51.2 52.4 53.1 53.1 53.8 55.2 56.8 58.7 58.8 57 55 55.2 55.1 54.3 54.4 54.3 54.6 55.7 57.1 57.9 58.2 58.4 60.1 58.9 59.7 60.4 61.4 62.3 62.5 62.5 62.8 63.6 62.8 62.3 62.2 62.3 62.4 62.7 62.4 62.8 63.3 63.5 63.9 64.1 64.7 65 65.7 66.5 67.9 73.7 81 82.6 82.8 80.7 76.3 70.8 70.4
46.7 46.8 47.1 47.4 47.2 47 47 47.1 47.1 47.6 47.8 48.2 48.6 49 49.3 49.7 49.8 49.9 50.4 50.1 50.8 51.9 52.9 52.5 52.5 52.9 53.9 53.8 55.1 55 53.1 53.8 54.9 54.6 54.4 54.2 54 54.4 54.8 55.6 56.4 57.1 57.5 58.1 58.5 58.8 59.4 60 60.6 60.8 60.7 60.5 60.5 61.3 61.5 61.6 61.5 61.4 62.1 61.9 62.7 63.4 63.2 61.4 64.6 65.1 65.3 66 67.7 74.9 84.3 94.8 103.2 99.6 93.8 88.8 79.7 72.1
46.5 46.3 46.5 47 47 46.8 46.8 46.9 46.9 47.6 47.9 48.1 48.5 48.8 49.1 49.4 49.6 49.7 50.5 50.1 50.1 50.6 51.2 51.6 51.9 52.2 52.4 51.6 51.9 52.6 52.6 53.6 54.1 54 53.4 54 53.4 53.6 53.9 54.8 55.7 56.6 57.2 57.6 57.9 58.3 58.9 59.6 60 59.5 59.6 60.1 60.3 60.8 61.3 57.8 61.5 62 62 60.8 60.9 63.3 60.8 64.5 65.7 66.6 67.9 68.4 72.2 80.8 90.5 99.1 102.7 105.5 106.7 102.5 93.6 81
46.1 46 49.8 46.6 46.3 46.7 46.6 46.7 46.8 47.7 48.2 48 48.4 48.7 49 49.2 49.4 50.1 50.4 50 50 50.5 51 51.8 51.6 51.5 52.3 52 52.2 52.5 53.1 53 52.1 52.3 51.9 52.1 51.6 52.8 53.7 54.4 55.4 56.2 56.9 57.1 57.5 57.9 58.3 59.3 59.7 59.3 59.5 59.8 60 60.3 58.2 60.9 62.3 62.8 63.2 63.4 63.7 64.2 65.1 66.3 67.3 69.3 69 72.1 79.4 88.7 95.7 101.3 104.8 108.3 113.6 116 108.5 94.8
45.9 44.9 47.5 46.4 46.3 46.4 46.4 46.5 46.7 47.8 48.4 48.4 48.7 49.2 49.5 49.1 49.5 50.5 50.4 50.3 50.8 51.3 51.7 52 52.2 52.3 52.4 52.6 52.5 52.8 48.9 52.4 53.4 52.9 52.7 53.4 53.9 54.1 54.1 52.5 52.7 55.9 54.4 54.1 56.8 57.1 57.8 58.5 59.2 59.4 59.6 59.7 59.9 57.6 59.9 61.4 63.2 64 66.3 64.6 65.3 67.1 67.2 68.2 69.6 76.1 84.4 86.1 90.6 95.3 97.6 100.4 103.3 107.9 112.7 116.3 118.9 109.1
45.7 45.5 45.8 46.7 46.3 46.3 46.6 47.4 47.7 48.5 48.3 48.5 49.1 49.5 49.8 49.8 49.9 50.1 50.6 50.7 50.9 51.1 51.5 51.8 52 52.3 52.7 52.9 51.7 48.9 52 52.7 53.1 53.1 53.8 55 55.4 55.1 55.9 55.1 55.3 55.9 56.2 57.3 57.7 57.7 57.9 57.8 57.1 56.6 55.2 55.5 59.9 60.2 60.6 63.5 64.1 66.6 67.3 67.6 68.3 68.2 68.6 70.7 74.1 82.3 89 91.6 92.5 93.6 95.8 97.5 102 106.6 111.4 115.1 115.5 117.1
46.6 46.8 47.1 46.8 46.5 46.2 46.5 45.4 47.3 48 48.2 47.6 45.4 45.8 47.5 48.2 47 46.4 46.4 48.4 48.5 50.1 50.5 51.2 51.7 47.5 50 50.8 50.8 52.1 52.8 53.1 53.2 53.6 55.2 55.9 55.8 56.6 61.8 63.6 62.8 59.4 56.8 56.6 57.7 57.7 58.3 58.4 58.8 58.4 59.6 61.5 61.8 62 66.9 67.2 67.5 68.7 70.2 69.3 69.8 71.4 75.3 76.5 76 78 86.2 89.4 91.3 91.8 92.9 94.6 100.3 105.4 110.4 112 114.4 117
47.1 45.1 47.4 46.6 46.9 46.8 45.3 48 48.4 49 49.2 55 57.1 48.4 48.4 48.3 48.6 48.7 49.2 49.5 49.4 48.3 46.6 46.5 49.9 50.5 49.4 47.5 52 52.9 54.9 55.4 57.8 59.8 64.4 68.5 69.9 68.7 69 69.9 72.2 70.4 67.6 68 69 69.4 68.8 71.2 73.3 72.4 73.4 71.7 70.8 69.2 69.5 71.9 71.8 74.6 75.9 73.2 71 75.4 79.6 83.1 84.2 83 86.1 88 89.8 90.5 91.2 93.5 96.2 101.7 107.6 110.3 114.2 117.1
47.5 46.9 47.2 46.9 47 47.9 49.2 49 51 51.3 54.5 56.1 58.1 58.7 59.5 60.8 61.5 54.6 50.1 50.7 55.6 58.5 58.5 58.4 61.4 64 64.3 63.6 63.9 64.6 66.1 68.6 66 68 72.4 75.9 77.1 77.4 78.2 78.4 82 84.2 84.8 84.7 86.1 85.6 83.9 81.2 79 76.6 76.5 75.8 75.9 73.4 70.6 74 73.5 74 75.5 72.6 71.7 77.3 82.5 85.7 86.4 86.7 86.7 89.5 91 93.8 97.2 98.3 99.1 103.3 107.6 115.2 117.6 119.4
48 47.4 47.6 48.3 49.1 50 51.2 52.3 53.5 54 55.4 57.1 58.8 60 61.3 62.8 64.4 64.6 63.6 63.4 64.4 63.8 64.1 60.3 62.2 60.4 59.9 59.3 58.4 63.1 67.1 70.6 72.1 71.6 75.7 78.3 80.3 81.9 82.5 83.9 86.1 88.2 89.3 88.8 89.6 90.3 89.4 88.2 83.7 82 79.5 78.7 77.9 74 70.9 74.6 76.4 76.1 76.5 74.9 72.7 75.8 80.7 82.7 84.4 86.9 89.2 92.5 95.2 98.6 102.8 105.2 106.3 109.7 116.7 120.9 120.6 120.9
49.4 48.4 48.6 49.2 51 52.1 53.2 54.2 54.9 55.8 56.7 58.2 59.9 61 62.6 66 67.7 67.7 67.7 67.6 68.1 67 65.8 63.7 63.7 63 62.4 61.6 59.5 61.4 65.1 70.9 74.4 75.4 78.6 80.8 82.8 84.6 85.9 87.9 90.4 93.1 93.5 93.2 93.8 94.3 93.9 93.6 90.4 87.4 84 79.9 78 76.5 78.2 77.6 79.1 79 79 79.4 78.1 75.5 78.6 82.6 87.3 89.7 89.6 91 94 99.8 105 108.5 111.4 116.7 121.8 122.9 119 118.2
52 50.6 49.3 50.6 52.5 53.9 55 55.6 56.4 57.6 58.5 59.5 61.1 62.1 65.8 68.6 70.6 71.3 71.1 70.9 70.7 69.9 68.8 67.1 66 65.5 65.4 64.7 62.7 64.6 68 74.4 78.6 79.7 82.2 83.6 85.5 87.9 90.1 92.9 95.3 97.2 98.2 98 98.4 98.5 98.4 98 96.9 95.8 91.8 83.9 81.1 79.8 81.7 80.3 82.6 83.1 83 83.9 85.8 85.4 80.3 81 85.7 90.5 92 93.5 95.6 101.5 106.7 110.1 114.5 121 124.7 123 118.8 117.5
54 52 49.8 52 54.2 55.5 56.6 57.2 57.9 59 60 61.2 62.2 64.7 67.5 70.3 73 74.3 74.4 73.9 73.1 72.3 71.6 70.1 68.5 67.5 67.1 67 65.8 67 72.3 80.2 83.3 85 85.3 87 88.9 91.4 95.8 99.4 101.6 102.4 102.5 102.7 102.8 102 101.2 101.4 101.1 101.4 98.6 91.4 86.6 84.4 83.8 83 84.8 87.2 88 88 90.2 89.6 87.4 86.4 83.2 92.5 97.3 99 101.3 104.2 109.3 112.9 116.5 120.4 120.3 120.8 120.6 119.6
56.1 55.1 50.1 51.9 55.5 56.9 58 58 58.7 59 59.8 61 62.8 65.5 68.3 71.5 74.6 76.4 76.6 76.2 75.3 73.8 72.8 71.1 70.2 69.6 68.7 68.5 67.5 66.9 70.5 79.3 87.6 87.7 87.5 89.2 91.1 93.6 97.4 102.4 106 106.1 106.5 106.6 106.3 105.8 104.4 104.3 104.1 104 101.5 98 93.4 91.5 89.5 88.6 88.1 90.3 91.1 92 93.6 92.2 90.2 88.9 92.1 89.6 99.2 102.6 104.5 105.8 107.8 112.2 115.7 118 117.8 120.6 125.1 125.7
