data/250000-770000.asc
ncols 200
nrows 200
xllcorner 250000
yllcorner 770000
cellsize 50
[rows 72 to 107 of 200, columns 0 to 78 of 200]
955.4 968.7 986.3 998.8 1011.1 1018.9 1022.5 1025.7 1014 992.9 973.3 947.2 921.2 900.7 884.1 868.4 849.7 833.5 817.1 809.9 801.2 788.1 779.1 769.8 757.6 748 736.5 727.4 720.9 713.1 704.3 694.5 685.2 670.6 651.9 634.1 614.6 595.4 573.2 549.2 530.3 516.1 507.2 492.6 481.4 471.2 467.4 458.9 455.2 451.3 451.7 451.6 451.3 451.5 451.6 451.9 453.9 453.1 452.9 452.9 452.1 450.7 449.3 449.8 451 452 453.9 457.7 463.5 470.1 478.5 486.4 493.1 500.7 507.7 513.5 519.2 523.4 524
970.6 985.8 1001.6 1009.8 1020.8 1022 1023.2 1019.5 997 976.5 952.1 925.7 899.4 882.4 868.1 848.7 833.1 818.5 811.9 799.4 788.5 777.8 767.2 754.8 743.3 735.5 728.1 719.7 710.5 700.5 691.8 680.1 667.4 649.7 632.2 614.5 596.7 576.1 554.7 531.1 518.6 509.1 495.9 485.5 473.1 466 459 455 453.1 452.7 451.4 452.8 452.6 452.7 454.8 454.7 455.6 456.2 456.3 455.8 453.6 452.2 450.7 451.4 452.7 453.8 455.9 459.4 464.6 470.3 478.9 488.1 494.3 500.8 506.4 512 517.5 520.8 522.7
983.2 998 1011 1019.7 1024.7 1017.9 1017 1002 979.2 956.2 930.3 904.3 881.9 866.1 848.7 830.3 821.4 811.7 796.9 786.2 775.8 763.1 752.1 738.4 732.1 726 717.9 706.5 698 688 675.2 659.1 646.9 630.4 614.4 595.3 576.2 556 536.3 520.9 511.3 498.5 485.3 474.1 471 462.8 456 454.4 454.8 455.4 453.9 453.6 453.4 454.8 457.8 458.2 459.1 461.3 461 458.5 455.6 453.3 452.2 452.7 454.2 455.7 457.2 461 466.5 472.2 478.7 487.6 494.4 499.8 505.3 510.9 515.1 518.8 522.6
991.8 1005 1016.6 1026.2 1016.7 1010.7 1004.8 983.6 960.6 935.1 909.6 885.1 867.6 849 828.1 820.1 808.5 796.2 786 776 761.7 747.2 736.1 728.5 722.6 713.4 702.6 691.3 684.3 674.1 660.6 645.2 624.1 610.1 594.2 574.8 556.3 535.3 523.4 513.8 500.9 490 476.7 470.6 466.1 459.4 455.4 455.8 457.9 457.4 456.2 454.5 454.2 456.3 458.9 460.9 463.7 465.5 465 461.6 457.5 454.8 453.7 453.8 455.2 456.8 458.4 462.1 467.4 473.1 478.8 486.5 493.8 499.1 504.2 508.5 512.8 516.8 520
994.9 1009.4 1017.4 1014 1004.6 1002.8 989.2 963.7 939.8 913.2 888 868.4 848.1 830 816.9 805.4 794.5 785.8 776 762.8 746.9 733.5 726.1 718.1 710.3 698 688.5 679.3 670.3 657.6 641.5 625.4 609.4 589.3 576.3 558.1 540.7 526.1 514.6 504.4 493.1 484.1 472.4 465.6 464.8 458.2 456 457 459.2 458.6 456.9 455.9 456.3 456.8 458.1 460.4 467.1 468 465.1 462.2 458.5 456.7 455.5 454.6 456.3 458 459.6 462.9 467.4 472.9 478.7 485.3 492.2 497.9 502.2 506.5 510.8 514.9 518
993.5 1003.3 1007.5 1001.1 993 985.9 966.1 942.9 917.3 891.3 867.6 849.2 830.8 813.2 795.7 790.2 784.3 772.9 760.9 745.5 733.7 724.4 715.2 705.6 696.4 687.5 676.4 666.1 654 639.5 623.7 605.4 587.8 572.6 559.5 543.1 528.9 517.6 505.9 496.6 487.6 474.8 468.7 469.7 459.5 458 457.4 457.9 459.1 459.2 457.2 457 457.2 457.1 458.3 459.7 460.4 462.2 464.2 462.2 458.4 457.2 456.1 456.4 457.4 459.1 460.8 463.9 468 472.7 478.4 483.7 490.3 496.2 500.5 504.6 508.8 512.9 516.3
980.5 986.5 988.4 979.2 973.9 961.5 939.8 916.9 892.3 869.2 848.5 830 815.6 800.2 782.9 777.3 770.8 758.2 744 732.1 721.5 711.3 700.6 691.2 682.7 671 661.1 648.7 635.1 619.2 601.9 587.4 570.3 557.6 544.2 533.6 520.5 508.4 498.3 490.1 480.5 469.1 468.2 462.7 459.4 458.7 458.4 458.7 459 458.5 457.9 458.1 458.2 458.2 458.5 459.2 459.9 460.6 461.1 461.2 458.9 457.8 457.7 458.3 458.9 460.1 462 464.9 468.3 472.6 477.5 482.9 488 492.9 499.3 502.5 506.6 510.9 513.5
957.7 963.8 964.9 958.8 953 935 913 890.6 867.4 845.7 829.6 813.6 798.9 787.6 777 763.4 750.5 738.4 729.7 717.3 708.5 694.3 684.5 675 665.4 655.1 643.3 629.6 613.7 598.2 586.5 570.3 555.7 542.6 534.3 523.1 511.3 500.9 490.4 482.6 473 468.5 468.8 461.5 460.2 460 460.6 460.8 459.7 459.5 459 459.2 458.9 458.7 458.3 459.1 459.7 460.2 460.7 460.8 459.3 458.9 459.5 460.1 460.6 460.7 462.8 465.2 467.5 471.8 476.5 481.5 485.9 490.5 497 501.6 504.7 508 510.1
934.2 935.4 936.7 937.3 927.8 908 885.5 864.1 841.7 825.9 809.9 796 784.2 771.5 757.9 743.7 732 723.9 712.7 701.8 687.8 676.1 664.6 656.2 647.9 636.6 622.8 609.2 594.4 581.7 570.2 556.3 543 530.8 524 514.8 504 495.7 486.8 480.2 471.7 468.9 466.8 462.1 461.5 461.7 461.6 461.1 461 460 460.2 459.7 459.4 459.1 458.9 458.7 459.3 459.8 460.3 460.4 459.8 460.6 461.1 461.1 460.5 461.2 462.5 464.9 467.2 471.1 475.7 480.1 484.6 488.9 493.5 499.9 502.4 505 506.6
907 909.5 911.1 909.3 897.3 880.3 859.3 838 820.4 804.3 790.5 777.5 764.8 751.7 738.9 725.8 713.2 705.1 693.2 684 667.3 659.3 650.6 639 627.6 615.5 602 589.8 578.6 565.4 553.7 540.8 529.6 521.6 513.5 505.8 498.3 491.1 485.4 477.2 471 467.4 462.6 463.7 464.7 464.1 463.8 462.8 462.5 461.8 462.1 460.5 459.8 459.5 459.1 458.7 459.1 459.6 460 460.5 461.5 462.4 461.9 461.3 460.7 461.6 462.4 464.6 466.8 469.6 473.8 478.1 482.4 486.5 490.5 497.7 501.1 503.2 504.6
878.4 881.1 881.3 876.8 866.8 850.8 832 814.1 798.6 786.1 772.3 758.5 745.4 732.4 717.1 704.3 696 685.6 675 665.5 654.5 643.8 635 621.5 608.2 598 589 574.8 564.3 551.9 541.1 530.4 520.5 512.5 503.5 498.8 492.4 490.6 483.9 474.3 469.6 466.1 464.9 467 467.1 466.4 465.4 465 464.3 463.6 462.9 461.8 460.4 459.7 459.3 458.9 459.1 459.5 459.9 460.5 461.3 462.7 462.6 461.4 461.3 461.3 461.7 463.4 465.5 468 471.3 475.5 479.9 484.2 488.5 493.3 499.6 501.5 503.1
851.6 852.8 852.6 847.2 836.6 822.3 807.3 790.2 779.1 765.7 752.7 739.3 725.7 710.9 699.1 686.5 676.9 666.6 657.7 648.9 639.7 625.7 617.4 606 595.5 585.8 573.9 559.9 551.1 544 534.2 525.6 516.9 509.6 503.8 495.3 491.3 484.3 480.2 472.5 469 464.7 467.5 468.3 466.6 467.5 466.4 465.5 467.6 465.1 463.2 462.6 461.4 459.9 459.3 459.4 459 459.4 459.8 460.5 461.3 461.5 461 460.4 460 460.6 460.8 462.3 464.3 466.8 469.6 473 477.4 481.9 486.4 490.7 495.8 501.1 501.6
827.5 826.2 824.8 817.3 806.4 794.6 781.4 771.5 759.6 746.1 732.2 718 703.2 690.2 678.6 667.6 659.3 651.7 644.5 634.9 622.4 613.8 602.3 592.9 582.9 572.3 564 555.5 543.2 535.3 526.7 520.6 510.7 503.8 500.1 494.6 485.8 481.2 476.9 470.6 465.9 467.5 470.2 469.5 469.6 469.1 467.9 467.5 467.8 465.2 463.3 462.9 462.3 461 460.4 460.1 459.7 459.3 459.7 460.4 460.9 460.9 460.1 459.2 459.4 460.3 460 461.4 463.1 465.5 467.9 471 474.7 479.2 484 488 493.3 501.7 500.3
801 799.7 795.4 787.9 781.2 770.9 762 752.3 740.5 724.8 711.1 698.4 683.6 671.6 662.5 652.5 644.1 639.9 631 620.5 613.6 601.9 588.7 578.2 567.9 565.7 557.1 544.3 541.2 533.3 524.1 512.1 508.9 503.1 495.3 488.4 485.8 481.2 473.4 471.2 469.2 470.1 472.1 470.2 471.5 470.5 469.1 468.7 468.5 465.8 463.4 462.9 462.4 462 461.1 460.3 460 459.7 459.5 459.8 460.1 459.9 459.1 458.3 458.7 459.3 458.5 459.8 460.9 463.1 465.7 468.5 472 475.9 480.8 485.5 490.8 496.9 498.4
780.8 777.2 772.2 764.3 759 750.9 741.8 731.9 717.4 703.3 688.8 680.2 667.9 658.7 647.3 640.1 634.2 622.9 617.5 606.3 601.1 587.4 581.1 571.8 564.6 556.3 550.3 540.1 532.9 528.2 522.4 511.4 506.9 503.3 491.8 489.1 482.9 476.9 473.4 470.2 470.1 473.7 473.9 472.7 471.7 470.9 470.6 470.2 469.7 466.3 464.3 463.7 463 462.2 461.4 460.6 460.1 459.9 459.5 459 459.1 458.8 458.1 457.5 457.3 457 456.4 457.6 458.5 460.7 463 465.8 468.9 473.1 477.3 481.9 486.9 494.4 497
761.2 757.4 752.8 746 738.5 729.1 720.9 710 697.5 684.8 674.2 665.9 655.3 641.6 638.2 629.3 628.2 617.1 608.1 601.2 590.9 579.5 572 563.3 555.2 549.5 542.5 535.5 522.9 520.7 515.3 514 504.7 494.9 493.6 489.4 482.7 479.8 473.4 471.5 475.5 476.4 474.1 473.4 472.5 472.7 472 471 468.9 466.7 465.5 464.2 463.2 462.5 461.7 460.9 460.2 459.9 459.4 459 458.6 458 457.4 456.8 456.4 455.4 454.3 455.1 456.1 458.3 460.5 463.1 466.3 470.1 474.3 478.7 484.1 490.8 492.1
744.9 740.9 735.1 727.9 719.5 712.4 703 692.6 680.8 670.2 662.3 650.5 643.8 637.4 628.5 620.8 615.5 604.9 595.1 587.3 578.8 573.2 566.5 556.8 545.4 543.9 538 529.4 525.3 519.5 513.4 508.9 505.5 495.9 488 482.8 483.4 475.8 473.3 474 479.3 477.4 475.1 474.1 473.8 473.5 472.9 471.1 469 467.5 466.3 465 463.6 462.7 462 461.2 460.4 459.9 459.4 459 458.6 457.3 456.7 456.1 455.5 453.8 452.1 452.1 453.7 456.1 458.2 460.6 463.7 466.9 471.2 475.6 480.4 485 487.3
732 727.2 719.7 712.3 705.5 698.7 689.4 679.8 667.2 658.6 650.6 641.8 635 629.9 620.7 607.9 601.4 596.1 590.9 578.5 570.1 569.3 561.8 552 542.8 539.6 529.8 521.8 513.6 508.5 505.4 501.1 498.2 492.4 489.1 485.3 476.5 473.5 473.6 479.2 480.1 478.8 476.7 475.9 474.7 474.4 472.9 470.6 468.9 467.4 466.3 464.9 463.7 462.6 461.5 460.6 459.8 459.3 459 458.7 458 456.6 456.3 455.9 454.4 452 450.2 449.5 451.7 453.8 455.8 458 461 464 468.1 471.5 475.6 479.8 484.5
721.4 715.2 707 699.2 692.1 687 678.2 666.8 655.9 648.2 640.7 632.6 625.8 622 613.9 600.5 592.5 582.4 577.1 571 563.9 560.7 555.4 550.2 543.8 536.5 531.4 523.7 517.6 510 506.4 497.3 491 489.6 483 477.9 476.3 478.4 478.8 481.7 480.7 479.6 478.2 476.9 475.7 474.4 472.8 470.2 469.2 467.8 466.4 464.7 463.4 462.1 461.3 459.8 457.9 458.3 457.5 457.1 456.2 456 456.2 455.8 453.9 451.5 448.5 448 449.5 451.4 453.4 455.5 458.4 461.4 464.7 468.4 472.4 476.5 481.1
710.6 703.2 697.5 689.3 683.5 669.7 657.2 648.8 641.7 633.4 626.6 622.2 615.3 610.6 603.8 596.7 587.6 578.1 570.3 567.5 561 558.4 552.7 547.3 541 533.8 527.4 522 515.6 507.2 502 498.3 493.4 487.1 484.2 479.7 479.7 481.2 483.5 483.6 481.9 480.3 478.8 478.1 476.4 474.4 472.6 471.1 472.4 469.3 467.1 465.4 463.6 462.4 461.5 460.2 459.5 459.2 457.9 455.5 455.4 455.5 455.3 455.1 453.2 450 448.1 446.6 447.3 448.9 451.1 453.1 456 459.2 461.7 465.4 468.8 472.5 475.4
699.4 692.7 687.5 679.4 670.4 657.7 649 641.8 636.7 628.3 622.8 617.3 612.1 604 598.7 590.5 581.5 575.1 566.6 559.6 553 552.3 543.5 535.1 536.7 527.8 520.4 516.6 511.3 504.6 497.8 494.5 489.5 485.9 480.8 481.2 483.7 486.5 485.8 484.6 482.8 480.7 479.4 478.2 476.4 473.5 472.7 473.3 471.7 469.7 467.8 466.4 465.4 463.5 462.6 461.7 460.8 459.7 458.7 457 455.5 454.4 453.7 452.3 450.6 447 445.9 445.7 445.8 447.5 449 450.8 453.5 456 458.8 462.3 465.4 467.7 469.9
687.1 682.2 677.6 671.9 662.3 652.1 645.4 639.3 630 621.8 618.1 613.2 604.7 597.5 592.7 584.9 578.6 573.8 567.7 559.4 555.2 546.7 546.1 536.4 531.2 527 516.9 513.9 507.9 499.1 496.6 493.3 486.8 482.9 483.1 483.4 489.4 488.8 487.1 485.3 483.3 481.4 479.4 477.6 475.9 474.9 474.7 474 471.6 469.6 469.7 469 466.5 464.7 463.8 462.9 461.5 460.1 458.7 457.1 456 455.8 454.9 453.2 452.2 450.5 448.1 444.2 444.9 446.1 447.6 449.1 450.3 452.6 455.8 459.2 462.2 465.2 466.8
678.9 672.2 667.2 660.4 652.8 647.1 639.1 631.4 624 616.1 610.5 605.9 598.1 591.8 587.3 577.8 576.8 572.4 567.8 560.4 553.6 547.7 541.8 535.1 527.2 522.4 521.1 516.3 505.6 497.4 492.9 488.3 487.1 487.7 486.8 491.5 491.3 489.6 487.9 486.3 484.3 482.4 479.6 478.1 477.1 477.4 476.4 475.3 471.2 472 472.1 470.5 467.9 465.9 464.8 463.2 461.6 460.1 458.7 457.6 456.9 457 455.8 454.6 452.2 449.5 447.1 444 444.2 444.8 446.1 447.2 448.3 449.8 452.6 456 458.8 461.2 462.7
672 668.2 659.2 652.7 647.3 642.4 633.5 625.1 619.7 612 606.4 601.3 593.8 590.2 583.6 579.2 569.9 563.7 563.2 559.6 553.8 546.7 539.1 535.7 532.4 527.4 521.6 515.9 506.5 503 492.2 488.3 490.8 493 493.6 493.2 492.6 490.8 489.1 487.8 484.4 481.8 480.7 479.9 479.5 479.1 478 476.8 477.9 474.9 473.4 471.1 468.9 466.4 464.6 463 461.3 459.7 458.6 458.3 456.9 454.8 453.6 452 449.8 447.4 445.6 443.8 443.1 443.6 444.2 445.2 446.4 448 449.8 453.4 455.7 456.6 458.2
666.8 662 655.3 648.6 641.8 636.5 630.5 624.6 617.1 609.4 604.5 596.7 593.2 589.1 582.1 577.4 572.2 564.7 558.1 554.1 548.2 542 540.7 535.7 530.5 526.1 513.8 506.9 503.6 498.1 493.5 489.2 496.5 497.3 498.4 495.7 494.7 492 490.7 487.7 485.8 484.1 483.3 482.4 481.6 481.1 482.6 480.6 480.7 479.1 475.1 472.4 469.2 466.4 464.6 462.3 460 458.8 457.7 456.7 454.9 453.5 452.7 450.4 448.5 446.9 445.2 443.3 442 442.4 443.3 444.7 445.6 446.5 448.1 451.5 453.2 454 455.2
663 657.6 651.2 642.4 636.4 630.4 624.8 620.5 612.8 606.7 603.6 598 591.1 585.7 578.6 575.3 570.2 562.6 559.2 555.1 551.8 545.9 542 535.9 532 527 517.7 507.6 501.1 496.8 493.6 500.7 502.5 502 501 499.2 496.7 493.9 490.8 490.1 488.3 487.1 486.6 485.9 485.7 490.2 486.2 489.5 487.3 483.8 479.2 473.4 469.8 466.2 463.2 460.7 458.5 457.3 456.1 455.4 453.7 452.7 451.4 449.6 448 446.3 444.8 443.2 442.3 441.7 442.1 444 444.8 445.6 446.6 449.6 451.1 452.4 452.8
663.3 655.7 648.9 641.2 630.2 620.6 616.1 612.3 610.6 605.6 599.4 593.4 590.4 584.5 580.4 575.9 568.5 566 560.8 554.1 549.6 538.3 535 530.8 524.8 515.9 514 503.8 496.6 493.2 505.8 508.1 507.1 505.7 501.8 499.5 498 496.4 495.9 496 492.2 491.3 490.5 490.5 492.2 491.2 493 494.3 491.1 486.7 481.2 475.7 471.6 467.2 462.9 459.5 457.2 455.7 454.7 454.4 453.2 452.1 450.6 448.9 447.3 445.7 444.4 443 442.5 442.1 441.5 443.1 444.3 444.9 445.2 447.4 449.3 450.3 450.7
661.4 652.3 644 635.9 627.1 622.6 613.5 606.5 604.6 601.9 594.8 592.1 590 584 582.4 579.1 570.7 564.7 558.5 555.4 551.6 546.4 536.4 532.8 525.5 515.1 508.2 505.7 508.9 508 507.9 511.7 510 505.2 504.7 503.6 503.2 502.2 501.7 499.6 500.4 498 498.4 497.8 495.7 496.4 496.2 495 492.9 488.9 482.8 476.4 471.2 465.4 460.5 458.5 456.8 455.1 454.1 453.4 452.3 451.4 449.5 447.9 446.3 445.1 444 442.9 442.7 441.6 441.4 441.6 442.8 442.5 443.6 445.1 446.9 447.8 448.6
654.4 647.7 639.1 629.8 622.9 615.9 604.3 602.2 596.6 596.9 592.8 593 585.8 581.4 580.2 575 568.5 562.4 562.4 558.9 552.3 542.1 534.4 528.8 519.1 510 512.1 513.4 514.2 515.1 514 514.9 511.1 511.3 510.9 511.2 508.4 509.3 511.1 507.3 510 509.1 505.1 502.4 501.5 497.8 496.3 493.3 491.8 489.1 483.5 478 470.4 462.8 460.4 458.6 456.9 455.3 453.9 451.5 451.5 450.7 448.8 447.3 446.9 446.8 445.6 444.5 443.3 442.2 441.2 440.7 441.7 442.9 443.8 443.4 444.4 445.2 445.9
649.6 641.3 632.5 625.6 617 609.9 605.8 600.7 596.6 587.3 587.1 585.3 579.5 578.1 571.5 566.8 563.4 562.6 564 560.8 552.8 541.7 526 514.3 516.3 513.6 518.1 520.6 521.9 517.2 518.2 518.2 518.8 519.9 519.6 517.1 517.9 519.3 517.7 520.1 518.4 514 507.2 509.2 504.3 502.2 500 496.4 492 486.6 477.4 470.8 465.2 462.2 460.5 458.8 457.1 455.5 453.8 452.7 451.5 450.3 451.3 448.9 447.9 447 445.9 444.6 443.1 441.9 441.1 440.7 442 443.2 443.9 444.1 444.3 443.7 443.8
643.2 636.4 628.6 620.4 613.1 608.1 599.4 592.7 588.9 585.4 580.6 581 571.3 570.7 566.5 559.4 552.1 550.4 547.3 541.5 531.6 528.1 521.5 522.2 517.3 522 526.1 528.2 522.5 523.5 526.5 526.9 525.4 526.6 526.6 527 524.3 523.8 523.5 522.8 516.7 517.2 514.9 509.5 511.3 509.8 504.4 499.8 494.8 489.6 481 473 465.6 462.6 461.8 460.8 456.7 456.6 455 453.7 452.6 456 452.7 449.8 448 446.9 445.8 444.3 443.1 441.1 439.8 440.4 441.1 441.6 442.1 443.4 444.4 443 442.3
637.3 629.4 620.4 614.9 608.6 601.6 597.3 594.8 593.7 586.4 585.6 585.5 581.3 576.6 573.8 566.5 559.9 556.3 552.8 545.1 528.2 531.4 529.3 522.5 527.2 531.7 533.6 528.6 532 531.2 532.8 532.9 534 533.7 533.3 531.7 531.1 531.4 527.5 526.5 525.3 522.5 520.3 520.2 518.9 517.5 510.9 505.1 499 491.1 482.6 472.6 467.3 465.6 464.1 460.8 459.6 458.5 456.1 456.7 456.4 457.9 452.5 449.2 448 446.8 445.7 443.9 442.9 441.4 439.4 439.5 439.8 440 440.2 440.5 440.3 440.2 440.1
632.3 627.4 617.6 608.5 605.2 599.2 595.8 596.5 590.4 582.3 582.2 580.7 575.1 570.5 571 566.5 560 554.4 544.7 532.7 537.5 536 532.1 526.1 537.2 536.9 535.7 535.9 535.3 533 537.9 539 542.5 541.5 539.4 537.3 536.7 537.2 534.3 532.2 530 528.9 532.5 530.3 527.8 524.4 519 513.2 505.3 495.9 484.5 475.3 468.1 467.3 463 461.9 462 462 460.1 459.7 456.2 453.7 452.7 448.3 447.4 446.7 445.3 443.5 442.5 441.6 440 439.4 439.1 439.3 439.3 439.1 439 439.3 439.2
623.5 622.1 610.9 603.7 596.4 592.9 586.8 584.5 579.2 578.2 579.6 578.9 566.6 564.7 554.1 550.9 544.2 536.2 540 541.4 542.8 540.9 529.6 539.4 543.9 540.7 539.7 540.6 540.8 538.8 542.8 546 548.7 547 546.1 545.7 544.8 543.7 541.6 543 543.3 540.2 542.8 539.9 536.2 530.9 526.2 519.1 512.3 502.2 486.1 479.1 477.4 474.4 472.1 468.5 466.4 461.9 464.3 461.4 456.5 452 448.8 447.1 446.3 445.7 444.3 443.1 442.1 441.3 440 439.2 438.4 438.2 437.9 437.9 438.2 438.4 438.3
618.8 615.4 603.6 594.7 589.2 586 582.3 577.8 576.4 575.6 577.7 571.7 563.3 554.7 543.8 549.1 557.6 556.7 551 549.4 546.5 545.1 532.6 546.5 545.7 544.5 544.9 546.5 549.8 550.3 544.8 551.4 554.1 554.6 554.6 554.3 553.8 556.8 559.2 557.7 557.8 551.6 551.7 548.1 541.9 536.3 526.9 517.2 508.3 498.4 486.1 481.7 477.8 473.3 471.8 468 467 467 463.3 459.7 455.4 451.5 449.5 447.2 445.9 444.5 442.8 442.2 441.7 440.9 439.6 439.1 438.6 438.5 437.9 437.3 437.6 437.6 437.7
620 603.1 598.7 591.1 588.1 586 582.2 579.3 573.4 568.3 565.8 561.2 556.5 556.7 560.9 563.2 569.6 567.1 559.5 556.7 550.6 544.2 538 546.9 549.8 548.9 550.2 553.1 553.4 550.5 555.2 556.3 558.6 560.8 561.9 563.2 565.7 567.5 567.9 562.9 555.2 559.8 558 553 546.2 539.1 530.5 518.5 511.3 498.9 489.1 484.4 480.8 478.2 475.4 472.8 469.7 464.6 459.8 456.6 453 452.1 449.1 446.5 446.2 445.1 443.2 442.7 441.7 440.5 440.2 439.8 438.5 438.5 438.5 437.8 436.7 437.3 437.5
