data/250000-790000.asc
ncols 200
nrows 200
xllcorner 250000
yllcorner 790000
cellsize 50
[rows 105 to 139 of 200, columns 78 to 155 of 200]
332.5 329.6 327.1 324.7 319.3 314.2 311.7 308.7 305.9 304.6 303.9 304.8 304.2 304.3 303.5 305.1 305 304.9 306.8 307.6 306.5 304.8 304.8 304.4 304.4 306.3 308.2 310.3 311.9 310.6 313.9 313.1 311.9 308 303.4 301.7 300.4 302.2 305.9 311 313.1 317.3 320.8 322.9 328.2 327.8 333.7 340.2 346 354.1 361.6 368.1 374 378.2 381 378.8 375.4 371.8 367.3 361.9 356.1 351.3 346.8 339.7 327.9 324.7 320.9 320.3 320.6 322.1 304.3 301.6 301.9 302 302.8 306.2 310.9 315.3
321.2 319.8 317.4 311.9 307.6 305.2 302.5 299.4 298.7 299.3 300 299.6 299.8 298.9 298.9 299.4 299.4 301.4 303.3 302.9 302 301 301 299.5 301.8 304 306.7 305.7 306.6 307.5 307.6 305.6 307.2 300.7 297.3 298.1 303.8 306.1 306.5 308.5 313.2 316.4 323.8 328.1 332.2 334 338.7 347.5 356 362.5 368.9 374.9 380.4 384.1 382.7 380.1 376.9 373.3 368.3 363.6 357.8 350.6 345.3 338.3 329.9 325.6 325 323.1 321.4 317.1 303.7 300.6 299.9 295.4 302.1 304.6 309.5 313.1
312.3 311.6 308.5 304 300.6 297.3 295.3 294.5 294.5 295 293.8 291.6 292 294.4 294.2 294.1 293.6 297.2 297.9 296.7 295.6 297.2 296.2 296.1 298 300.1 302.3 300.8 300.1 299.8 300.8 298.2 295 292.5 296.4 302.2 306 306.6 307.3 312.9 317.7 321.2 326.9 330.5 333.1 336.9 350 356.4 362.5 369.2 375.2 379.3 383 383 379.8 377.9 375.6 372 367.7 364.4 359.1 352.4 344 336.2 329 323.5 322.7 322.3 319 318.9 301.2 298.9 298.4 298.4 300.2 302.5 308.3 311.5
306.3 304.6 301.5 297.3 293 290.7 292.4 292.1 292.2 291.5 290.2 286.5 288 289.8 287.9 289.3 288.2 290.5 291 290.2 291.3 292 292.3 293.4 292.5 293.1 293.1 293.5 295.6 292.2 288.8 289.4 292.8 298.4 299.6 300.7 306.1 308.9 309.9 319.4 320.3 324.8 328.3 332.2 337.1 346 354.4 359.8 365.3 369.9 372.7 375.1 377.4 376.6 375.5 373.8 372.3 369.4 364.8 361.2 357.3 351.3 344 336.3 330.3 323.4 321 320.4 318.1 312.6 299.4 297.5 296.8 297.4 297.8 299.6 307.3 310.6
300.6 297.3 294.5 290.9 285.3 289 290.8 290.6 290.1 289.4 284.7 281.6 281.1 280.6 280.6 281.3 285.6 285.2 285.8 286.4 286.9 288.4 289.9 289.7 289.2 289.4 289.5 292.2 293.6 287.1 290.7 292.7 294.8 296.7 300.1 305 309.6 308.1 314.3 321.2 326 330.9 333.8 335.8 339.5 348 354.2 358.2 361.7 364.3 367.1 369.5 369.8 368.7 368.2 366.9 365.4 364.4 360.2 356.3 352.1 346.4 339.8 333.8 329.5 324 318.9 318 316.5 309.1 298 295.8 295.8 293.4 296.5 297.8 305.8 307.3
294.1 289.6 285.9 281.9 281.5 287.3 289.1 288.5 286.1 283.3 278.6 277.7 278 277.2 278.8 282 283.1 282.9 283.1 284.7 285.2 287 288.7 288.1 287.6 288.5 287.8 288.5 286.6 290.6 293.2 295.3 296.4 297.7 299.6 302.8 306.6 313.6 319.3 324.7 330.2 332.9 335.7 338.6 342.3 347.2 351.1 353.9 356.3 358.8 361.2 361.3 361.8 361 360.6 359.9 358.4 358.2 354.4 350.8 346.6 342.5 336.7 331.9 326.4 319.5 317 316.1 313.7 306.1 297.2 293.9 293.2 289.6 294.5 295.6 302.5 304.8
286.3 281.7 282.5 281.4 280.6 281.6 280.3 279 278.1 277.8 280.1 280.4 277.4 276.7 278.4 282.2 282.2 281.4 281.2 284 284.4 286.3 287 286.4 287.7 287.5 287.1 284.8 286.6 290.5 295.6 296.8 297.8 299.3 301.7 310.6 317.6 318.3 323.4 328.4 330.5 333.1 335.7 338.7 342.1 344.1 346.4 348.7 350.2 352.6 353.9 353.8 353.7 353.3 352.9 352.5 351.6 351.2 348.5 344.9 341.2 337 333.1 327.7 321.9 315.8 314.6 313.1 312.3 309.3 299.6 296.3 291.1 288.4 293 293.7 296.6 302.8
281.8 280.8 280.8 279.5 280 279.6 279.5 281.9 282.2 283.2 284.8 283.4 279.1 275.8 280.7 282.5 281.7 280.9 280 280.2 281.8 283.7 285.2 285.9 287 286.9 285.5 283.9 289.4 292.4 295 296 297.4 306.4 304.5 308.2 319.1 319.6 323.2 325.9 328.4 331.6 334.6 336.9 338.6 339.8 341.6 343.5 344.6 346.5 346.4 346.7 347.1 346.6 346 345.5 344.5 342.2 340.9 338 334.1 330.3 326.7 323.4 318.5 313.5 312.3 310.6 310.3 309.3 304 296.4 292.3 289.5 291.7 292.5 294.6 300.1
281.5 280.2 280.4 280.8 281.6 283.8 288.1 287.9 285 284.5 283 281.3 277.2 274.5 280 280.1 280 280.3 279.3 279.1 279.9 282.5 283.2 285 285.6 285.5 284.1 287.4 291.3 292.7 295.6 295.7 297.7 300.2 302.1 307.9 318.3 320.3 322.1 322.5 323.5 326.3 328.6 331.9 334.3 335.4 336.8 338.3 339.3 339.9 340 340.3 340.6 340.1 339.6 339.3 338.4 335.9 333.5 331.1 328.3 325.3 322.3 319.1 314.9 309.6 307.7 308.1 308.5 307.6 305.5 300 292.7 288.8 289.7 291.5 293.5 295.4
280.8 280.4 281.2 283.5 285.8 287.4 289.4 287.5 285.2 283.9 282.3 280.4 284 284.5 284.6 275.9 272.9 279.5 278.6 277.4 278 280.1 282 284 283.2 281.2 278.2 287.2 289.6 291.9 293.9 295.8 296.3 298.4 303.2 307.7 314.3 317.5 320.4 319.6 318.5 320.1 322.3 325.6 328.9 331 331.8 332.9 333.8 334.2 334.1 333.9 334.2 333.7 333.5 333.2 332.2 329.9 327.9 325.9 323.7 320.9 318 314.9 310.8 307.2 305 305.3 305.6 306.2 304.1 301.7 293.3 287.6 287.8 289.5 289.8 292.8
280.7 282.3 283.4 285 287.1 287 286.2 286.6 284.6 283.2 281.1 284 286.4 286.9 286.3 283.8 280.8 273.2 275.7 276.7 277.3 278.4 281 276.8 276.1 275.4 276.7 285.7 288.4 290.5 292.7 294.7 296.6 298.4 301.6 305 307 311.9 316.3 316.1 312.9 313.1 316.4 319.1 320.7 322.1 322.5 326.5 328.2 328.6 328.5 328.4 328.2 328 327.7 327.4 326.6 324.8 322.8 320.7 318.5 316.3 313.3 309.9 306.6 304.5 303 303.1 303.5 303.9 302.8 297.6 288.6 286.6 285.8 285.7 285.6 288.4
283 284.6 285.7 286.7 286.6 285.9 285.6 284.1 283.3 282.2 284.9 287.4 288 288 286.9 285.8 283.7 281.6 279.9 272.5 272.1 272.1 272 274.2 269.2 271.9 280.7 284.7 287.2 289.3 291.4 293.4 295.4 297.1 297.8 301.4 303.4 305 307 306.2 306.9 309.9 312.2 318.3 317.1 316.3 315.6 318.1 321.9 323.1 323.4 323.1 322.7 322.5 322.2 321.9 321 319.6 318 315.9 313.7 311.7 309.4 306 303.1 301 301.4 301.1 302 302.5 300.1 295.5 287.7 286.5 279 284.2 284.3 284.1
285.1 286.8 287.7 287.5 287 286.2 284.8 283.6 284.4 285.6 288.1 290.5 290.4 290.7 288.9 287.1 286.2 285.9 284.2 282.1 278.5 277.7 277.2 275.7 273.2 269.2 278.6 283.5 286 288.1 290.1 292.1 294.1 295.6 294.8 297 299.5 301.1 301.4 302 304 306.7 308.5 314.6 318.3 315.3 312.4 314.4 319.1 319.2 319.2 318.6 317.8 317 316.8 316.5 315.3 314 312.6 311.1 309.1 307.1 305.2 302.1 299.5 298.9 299.7 299.3 300.4 299.6 297.6 295.2 290.7 289.4 284 282.3 281.8 281.9
288.3 288.4 288.2 288 287.4 285.5 284.3 284.8 286.3 288.2 291.5 293.4 293.3 293 290.5 287.9 286.8 285.9 285.2 284.1 282.2 281.7 281.4 279.2 276.5 270.7 271.3 281.1 284.8 286.8 288.8 290.8 292.9 294.2 294.6 292.6 295.1 295.1 297.1 298.1 299.4 302 302.3 310.9 315.4 310.8 307.2 307.9 313 315.2 314.6 313.9 313.3 312.5 311.7 311 309.6 308.2 306.7 305.6 304.3 302.6 300.7 298.1 296.2 296 296.8 297.1 297.2 296.5 295.9 293.7 292 293.6 286.6 282.2 277.2 279
289.6 288.9 288.2 287.4 286.8 285.3 285.6 286.1 288.1 290.4 292.8 293.9 293.6 292.4 289.8 288.1 287.2 286.3 285.3 284.6 283.6 283.2 282.3 281 278.3 273.8 269.2 280.1 283.3 285.4 287.5 289.6 291.3 294.3 297.7 299.6 294.2 290.4 292.7 294.7 295.4 297.1 298.2 304.6 308.6 299.9 297 297.8 300.3 305.3 310 309.2 308.8 308 306.7 304.8 303.5 302.1 301.3 300.1 299.1 297.5 295.6 294.4 293.7 293.4 294.3 294.6 294.7 293.7 293.6 291.5 289.8 287.5 287.3 284.6 280.3 276.2
290.5 289.2 287.9 286.5 285.5 287 287.6 288.5 289.5 291.8 293.2 293.8 293.4 291.7 290 288.4 287.5 286.6 285.7 284.8 284 282.7 281.3 279 277.2 274.4 269.2 276.6 280 284.2 285.9 287.6 290.4 293 295.4 297.9 297.7 286.6 289.8 291.4 290.6 290.8 291.4 292.3 293.3 290.8 290.7 290.2 292 296.1 299 303.6 303.5 302.2 301.1 298 296.5 296.7 295.7 294.5 293.5 292.5 291 290.1 289.4 289.5 291.9 292.2 292 291.2 290.4 288.4 288 287.5 286.8 284.2 279.2 277.2
290.7 289.2 288.4 286.1 287.6 289.1 290 291 291.9 292.6 293.6 293.7 293.2 291.9 290.2 288.8 287.9 287 286.1 285 283.6 281.8 280.7 277.1 275.2 273.3 270 275.8 277.2 279.7 282.7 285.1 287.6 289.9 292.1 294.4 296.6 284.5 284.9 286.9 287.2 286.2 286 285.1 284.5 284.7 282.8 284 284.9 289.3 291.8 294.9 296.1 292.4 289.7 288.5 289.3 289.1 288.8 288.5 288.2 287.6 287 285.8 285.8 285.9 287.2 289.7 290.4 288.7 287.4 285.9 286.2 285.3 284.5 281.6 278.5 278
290.8 289.3 287.8 287.6 289.4 290.7 291.2 292 292.4 292.7 293.4 293.5 293.3 292.1 290.4 289.2 288.3 287.3 286 284.8 283.5 280.8 279.5 276.3 274.4 272.9 269.2 272.4 274.8 275.8 278.2 281.1 284 286.9 288.6 289.7 291.6 280 280.8 285.4 285.7 283.8 283.2 282.9 282.1 281.2 280.2 279.1 278.9 282.7 285.2 286.6 286.3 284.9 285.9 284 281.3 281.4 281.5 282 283.5 282.9 280.6 278 277 278.7 282.3 284.2 284.3 284 282.6 282.4 283.1 282.1 282.1 280.3 278.5 277.6
291 289.2 287.4 288.4 289.6 290.7 291.9 292.3 292.6 292.8 293.2 293.3 293.1 292.5 290.5 289.6 288.3 287.1 285.8 284.5 283.3 280.6 278.1 275.3 275.5 275.4 269.2 271.4 271.5 271.6 274.2 277.1 280 280.4 279.3 277 276.9 276 278.3 282.8 282.5 282.8 282.5 283.6 284.9 284.8 279.5 276.9 273.8 273.9 276.9 278.2 279.8 279 280.2 282.6 279.6 277.4 276.5 276 277.5 276.7 273.5 272.2 271.9 272.2 274 277.3 281.2 282 280.7 279.4 278.9 280.3 278.7 275.4 276.1 276.1
291.1 288.8 288.6 289.5 290.8 292.1 292.4 292.6 292.8 293 293.2 293.2 292.5 291.4 290.9 289.2 288 286.7 285.5 284.2 283 279.4 277 274.3 274.3 274.3 269.4 271.2 271 270.8 271 273 272.4 272.5 272.6 273.5 274.2 276.8 281.7 280.9 282.8 282.8 281.2 282.7 280.4 280.7 282.2 274.8 270.2 269.5 272.4 272.6 272.4 272.3 272.1 274.4 273 272.6 271.2 271 273.5 273.4 272.7 271.7 271.1 270.9 271.4 276.1 278.5 279.1 278.5 278.2 277.6 277.2 275.3 274.4 274.7 274.6
293 288.2 290.2 291 292 292.3 292.6 292.8 293 293.2 293 292.9 292.7 291.9 291.5 290 288.2 286.4 284.7 283.5 280.1 277.1 275.1 273.2 272.4 271.9 270.8 269.6 270.5 270.6 271.3 271.6 271.5 271.5 274.1 276 275.9 277.3 279.1 279.5 282.3 281.3 280.8 280.1 277.1 275.1 274.9 274.5 273.2 268.2 269.6 272.1 271.3 270.9 269.5 269.5 269.6 269 269 268.1 268.3 268.3 268.6 271.3 270 270.3 271.3 276.8 277.7 277.7 279.3 278.5 279.6 278.6 277.1 273.3 273 273
291.5 289.8 291.2 292 292.3 292.6 292.9 293.1 293.2 293 292.8 292.7 292.4 291.4 291.2 290.1 288.3 286.3 284.7 280.8 277.5 274.3 273 271.7 271.1 270.4 270.3 269.2 270.3 270.7 271.1 270.9 270.9 270.8 270.8 270.9 271.6 272.6 274.6 276.3 277.2 277.3 279.9 277.7 276.2 273.5 271.3 270.1 268.3 267.5 268.1 269.2 269.1 268.5 268.3 268.3 268.3 268.3 268.3 268.3 268.3 268.3 268.3 268.3 268.8 269.7 270.1 269.9 277.7 281.2 288.5 283.7 280.1 275.2 272.1 271.5 271.6 271.7
291.2 291.4 292.2 292.8 292.6 292.8 293.1 293.2 293 292.8 292.7 292.5 291.6 290.7 290 288.4 286.3 286.1 282.3 278.4 274.8 272.7 271.5 270.7 270.6 270.4 270.2 270 269.8 270.6 270.4 270.3 270.2 270.1 270.2 270.2 270 270.3 271.6 271.2 270.7 271.7 274 275.2 275.1 275.1 273.5 271.9 269.3 267.2 268.3 268.3 268.3 268.3 268.3 268.3 268.3 268.3 268.3 268.3 268.3 268.3 268.3 268.3 268.3 268.3 268.2 276.9 280.3 285.5 288.1 281.2 274.2 269.7 269.8 270.2 270.4 270.5
293.1 293.6 293.2 294 293 293.1 293 292.2 292.1 291.9 291.7 290.5 289.9 289.2 288.5 285.9 283.4 281.1 278.7 275.6 272.3 271.6 271 270.5 270.6 270.8 270.6 270.4 269.2 269.8 269.7 269.6 269.5 269.5 270 269.8 269.5 268.9 268.2 268.4 267.8 267.6 267.6 269.2 269.7 271 273.9 275.9 271.3 266.7 268.3 268.3 270.7 269.1 268.4 268.3 268.3 268.3 268.3 268.3 268.3 268.3 268.3 268.3 268.3 268.3 268.7 279.8 279.6 281.7 282.3 270.6 268.4 268.4 268.4 268.7 269.2 269.4
295.5 295.6 294.7 295.2 294.1 293 292.4 291.6 291 290.8 289.4 288.3 287.7 287 285.8 282.9 279.7 275.9 273.9 271.7 270.6 271.3 270.8 270.3 270.5 270.6 270.8 270.7 270 268.9 269.1 269.1 269.1 269.4 269.5 268.9 268.3 267.8 267.6 267.6 267.6 267.5 267.3 267.7 268.1 268.3 268.3 268.3 269.1 268.3 268.3 268.4 270.3 269.8 268.7 268.4 268.3 268.3 268.3 268.3 268.3 268.3 268.3 268.3 268.3 268.3 270.7 276.1 275.9 276.7 269.6 268.3 268.3 268.3 268.3 268.3 268.3 268.3
297.5 297.6 297 296.3 295 293.1 291.3 290.9 289.9 288.4 286.8 286 284.2 282.8 281.9 278.4 274.5 272.3 270.4 269.8 269.4 269.7 270.2 270.2 270.4 270.6 270.7 270.6 270.3 268.4 268.7 268.7 269.5 269.1 268.2 267.6 267.6 267.7 267.6 267.6 267.5 267.5 267.1 267.9 268.4 268.2 268.3 268.3 268.3 268.3 268.3 268.3 269.2 269.1 268.3 268.3 268.3 268.3 268.3 268.3 268.3 268.3 268.3 268.3 268.3 268.3 268.3 268.3 268.4 268.3 268.3 268.3 268.3 268.3 268.3 268.3 268.3 268.3
300 300 299.4 297.6 294.7 292.7 290.5 288.4 286.9 284.1 283 280.7 278.5 278.1 276.9 274.4 271.7 269.7 269.5 269.4 269.1 269.3 269.6 270.1 270.4 270.6 270.4 270.2 269.9 267.9 268.7 268.8 269 268.3 267.7 267.6 267.7 267.6 267.6 267.5 267.5 267.5 267.9 268.2 268.5 268.6 268.7 269.1 268.3 268.3 268.3 268.3 268.3 268.3 268.3 268.3 268.3 268.3 268.3 268.3 268.4 268.3 268.3 268.3 268.3 268.3 268.3 268.3 268.3 268.3 268.3 268.3 268.3 268.3 268.3 268.3 268.3 268.3
298 298.3 297.5 297 294 292.1 289.6 286.9 284.1 279.6 277.9 275.8 273.7 273.6 273.1 272 269.7 269 268.8 268.9 268.7 268.9 269.4 270 270.2 270.3 270.1 269.8 269.5 269.3 268.6 267.7 267.7 268.5 267.7 266.6 267.7 267.6 267.5 267.5 267.5 267.5 267.7 268.5 271.5 267.9 267 268.2 268.3 268.3 268.3 268.3 268.3 268.3 268.3 268.3 268.3 268.3 268.3 268.3 268.3 268.3 268.3 268.3 268.3 268.3 268.3 268.3 268.3 268.3 268.3 268.3 268.3 268.3 268.3 268.3 268.3 268.3
297 296.8 294.1 294.9 292.4 290.9 287.5 284.2 280.9 277.2 273.6 272.4 271.2 270.8 270.5 269.2 268.5 268.4 268.1 268.1 268.4 268.5 269.5 270 270.1 270 269.9 269.5 269.5 269.2 269.3 268.2 267.7 267.4 268.4 268 267.5 267.3 267.5 267.5 267.5 267.3 266.5 266.3 267.5 267.4 267.5 268.3 268.3 268.3 268.3 268.3 268.3 268.3 268.3 268.3 268.3 268.3 268.3 268.3 268.3 268.3 268.3 268.3 268.3 268.3 268.3 268.3 268.3 268.3 268.3 268.3 268.3 268.3 268.3 268.3 268.3 268.3
296.4 295.4 288.9 289.7 286.5 286.2 283.7 280.3 277.1 274.3 272.3 270.2 269.4 268.6 267.9 267.6 267.7 267.7 267.4 267 265.3 265.3 265.3 267.3 269.4 270.7 270.9 269.9 269.6 269.2 269.1 268.4 268.1 266.4 267.8 267.9 267.8 267.5 266.4 265.9 265.7 265.5 265.6 265.4 265.4 265.4 267.2 268.2 268 268.3 268.3 268.3 268.3 268.3 268.3 268.3 268.3 268.3 268.3 268.3 268.3 268.3 268.3 268.3 268.3 268.3 268.3 268.3 268.3 268.3 268.3 268.3 268.3 268.3 268.3 268.3 268.3 268.3
293 290.4 287.4 285 282.9 280.4 281.2 273.7 272 270.9 272.4 269 268 267.3 267 266.8 266.7 266.5 266.8 265.9 268.4 270.3 270.2 268.7 269.1 268.7 268.6 268.7 266.4 265.3 268.7 272 268.4 268.4 267.9 267.1 268.1 267.2 267.3 266.3 266.4 266.4 267 266.6 266.5 266 264.8 265.5 266.2 268.2 268.3 268.3 268.3 268.3 268.3 268.3 268.3 268.3 268.3 268.3 268.3 268.3 268.3 268.3 268.3 268.3 268.3 268.3 268.3 268.3 268.3 268.3 268.3 268.3 268.3 268.3 268.3 270.5
293.2 291.1 288.7 283.9 279.8 279 277 269.9 269 268.7 268.4 267.7 267.6 267.6 266.7 266.3 265.8 265.3 265.3 268.4 272.1 279.7 275.9 269.1 269.5 268.7 268.4 269.5 268.5 268.4 268.3 268.5 267.6 265.3 268.1 270.4 267.9 266.4 268.1 267.6 267.3 267.3 266.8 266.6 266.4 266.3 265.4 264.8 264.8 268.1 268.3 268.3 268.3 268.3 268.3 268.3 268.3 268.3 268.3 268.3 268.3 268.3 268.3 268.3 268.3 268.3 268.3 268.3 268.3 268.3 268.3 268.3 268.3 268.9 269.8 270 275.2 281.6
293.9 291.9 287 281.3 276.1 272.3 270.7 269.2 268.6 268.7 268.7 270 270.4 269.6 266.1 265.9 265.3 266.6 267.6 271 279 282.2 277.5 269.4 268.6 269.7 268.7 268.6 268.5 268.4 268.6 268.7 270.6 268.3 267.8 267.5 267.1 265.3 268.1 267.8 266.7 265.8 265.3 265.3 265.3 266.5 264.8 266.5 268 268.3 268.3 268.3 268.3 268.3 268.3 268.3 268.3 268.3 268.3 268.3 268.3 268.3 268.3 268.3 268.3 268.3 268.3 268.3 268.3 268.3 269.4 272.5 273.3 278.4 282.7 285.2 290.2 296.4
293.3 289.7 289.1 284.6 275 270.3 269.5 268.7 269.3 269.7 271.4 271.5 275.2 267.4 267.8 265.6 266.5 268.1 277.4 288.7 291 286.5 278.7 269.9 269.2 269.5 268.7 268.5 268.4 268.4 268.5 268.3 268 267.8 267.9 267.5 267.1 267.1 267 266.2 267 266.2 266.3 266.2 266.2 266.7 266 266.4 267.2 267.8 268.3 268.3 268.3 268.3 268.3 268.3 268.3 268.3 268.3 268.1 268.6 268.3 268.3 268.3 268.3 270.2 272.6 275.2 278 279.7 281 282.2 284.9 289.1 293.6 298.5 303.8 310.1
291.1 290 286.8 282.8 277.1 271.4 269.1 269.6 272.3 272.5 271.1 267.6 268.2 268.3 268.3 268.2 268.3 277.8 290.5 299.5 291.8 284.9 278.6 273.3 269.5 269.1 268.6 268.4 268.4 268.2 268.3 268 268 267.6 267.6 267.4 267 266.3 267.4 268.6 271 268.2 267.4 266 267.3 267.7 267.9 268.9 266 266.1 267.3 267.5 268.8 270 275 272.4 271.2 268.3 270.2 269.9 270.7 270.2 268.6 268.7 273.6 277.5 280.6 285 292.4 290.7 291.1 293.7 295.8 298 303.8 310.3 316.7 324.8
