data/250000-950000.asc
ncols 200
nrows 200
xllcorner 250000
yllcorner 950000
cellsize 50
[rows 0 to 35 of 200, columns 0 to 81 of 200]
189.5 192.3 197.3 203.8 210 211.5 209.1 207.7 211.5 215.1 216.9 217.9 219.6 221.2 220.2 219.7 217.5 217 217 217 217 217 217 217 219.2 222.4 223.6 224.8 225.6 226.2 226.4 226.4 225.6 222.8 221.3 221.4 223.2 223.3 222.1 220.3 218.4 216.1 213.5 212.2 209.8 206.7 203.9 201.1 198.2 195.6 194.2 190.7 187.5 186.4 185.5 184.5 183.5 182.2 181 179.6 178 176.1 174.6 172.4 170.4 166.2 165.6 164.1 162.1 161.7 162.7 161.8 160.7 158.5 157.2 155.1 152.5 149.8 147 143.8 140.5 138.4
191.6 197.2 200.4 205.3 208.8 211 208.6 208.8 214.5 216.9 218 218.9 220.8 222.5 222.1 221.4 219.9 217 217 217 217 217.1 217 217 220.3 222.7 224.2 225.7 226.5 227 227.1 227.4 226.6 224.2 221.3 221.3 221.8 222.5 221.2 220 217.8 215.4 212.7 211.3 208.5 206.3 203.2 200.2 197.3 195.2 193.8 191.2 188.3 186.5 185.5 184.2 182.8 181.5 180.3 178.2 176.5 174.6 172.2 171.8 167.9 167 165.3 164.6 164.3 162.3 163.2 162.4 160.5 158.1 156.3 154.2 152 149.7 147 143.7 140.4 138.9
196.1 201.2 203.2 207.1 210.1 210.8 209.4 210.9 215.4 217.8 218.9 220 222.1 223 222.9 222.4 221.5 220.5 218.3 220.4 221 219.9 220.3 220.6 222.1 223.5 225.1 226.6 227.4 227.7 227.8 227.7 227.2 224.7 222.5 221.3 221.3 221.8 220.3 219.5 217.1 214.6 211.8 210.2 208 205.7 203.6 201.2 198.4 195.5 194.8 192.4 188.8 186.9 185.1 182.6 181.6 179.2 178.8 177.7 176.6 174.5 173.2 171.8 167.9 166.7 167.4 165.8 164.2 162.7 162.9 162.4 160.2 157.5 155.2 153.2 151.1 148.9 146.3 143 140.1 139
198.4 203.7 205.3 208.3 210.8 211.1 210.1 211.8 216.4 218 218.9 220.7 223.1 225.2 224.4 223.4 222 222.2 221.6 221.9 222.3 222.2 221.9 222.3 222.9 224.4 226 227.2 228.2 228.2 228.2 227.7 227.1 224.9 222.8 221.3 221.4 221.3 220 218.2 215.9 214.1 211.5 209.4 207.4 205.3 203.2 200.5 197.9 195.5 192.9 189.8 187.6 185.6 184 182.8 181.7 181.1 180.5 178.8 177.3 176 174.2 172.1 170.7 169.3 167.7 166 164.4 163.6 163.3 162.2 159.9 156.6 154 152 150 148 145.5 140 140 139
201.9 205.5 208.2 209.3 211.4 211.5 211.1 212.9 217.4 219.2 220.4 222.3 225.5 227.1 226 224.8 223.5 223.4 223.3 223.6 223.7 223.5 223 222.9 224 225.2 226.6 227.7 228.7 228.7 228.7 228.8 227 224.9 222.9 221.5 221.9 221.2 219.2 216.8 215.3 213.5 211.2 209.1 206.9 204.8 202.4 199.9 197.3 195 192.3 190.1 188.2 186.1 184.9 183.9 183.3 182.5 181.5 179.6 177.9 176.6 174.5 172.2 170.8 169.6 168.2 166.2 164.6 164.4 163.9 162.2 159 155.6 152.8 150.9 149.2 147.4 140.8 140.1 140 139
204.7 208.6 211.4 211.3 212.2 212.7 211.8 215.1 218.3 220.9 222.3 224.4 227.6 228.4 227.4 226.5 225.3 224.4 224.8 224.7 224.7 224.7 224.3 224.6 225.3 226.4 227.6 228.8 229.4 229.4 227.7 229.7 227.4 225 223.2 222 221.3 220.3 218.3 215.9 214.4 212.9 210.8 208.6 206.5 204.3 201.7 199.2 196.7 194.9 193.6 191.1 188.7 186.9 185.9 184.9 183.6 183 181.8 180.4 178.7 176.8 174.7 172.5 171.1 169.9 168.9 167 165.2 165.2 164.6 162 158 154.7 151.8 150.1 148.4 146.6 143.9 140.9 140.2 139.3
207.1 211.6 214.2 212.8 213.3 213.5 213.2 216.5 220.4 223.6 225.2 227 230.2 230.2 229.4 228.5 227.4 226.6 226.4 226.3 225.6 226 225.7 226.3 227 227.7 228.8 229.9 229.9 230.3 223.5 223.5 228.5 225.1 223.2 221.6 220.4 219.2 216.9 215 213.4 211.8 209.8 207.8 205.9 203.4 200.8 198.4 197.2 195.7 194 191.7 189.1 186.9 186.1 184.9 183.6 182.7 181 179.5 177 175.4 173.2 171.3 169.9 169.3 169 167.2 165.1 165.9 165 161.2 157 153.6 151.1 149.5 147.7 145.9 143.5 141.2 140.3 139.5
209.2 213.9 216.1 214.9 214.8 214.5 214.2 218.8 222.5 226.1 228 230.7 233.8 232.9 232 230.6 229.3 228.9 228.9 228.3 227.8 227.4 227.4 227.9 228.4 229 229.9 230.8 230.5 230.6 230.2 223.5 228.1 224.8 222.7 220.7 219.5 217.6 215.7 214 212.3 210.7 208.7 207.3 205.1 202.4 200 198.7 196.8 195.8 194 191.2 188.9 186.3 185.3 184.1 182.7 180.5 177.6 175.1 174.5 172.9 171.7 170.7 168.7 167.6 166.5 166.7 165.7 166.1 164.2 160.5 156.4 152.7 149.6 148.5 147 145.1 142.6 141.3 140.5 139.7
210.5 214.5 215.7 215.9 216 215.3 216.1 221 225.3 228.1 231.2 234.4 236.8 235.5 234.2 232.7 231.2 231.1 231.1 230.7 230 229.7 229.3 229.5 229.8 230.3 231 231.6 231.7 231.2 229 230.5 227.6 224.5 222 219.9 218.9 216.9 214.9 213.2 211.6 209.9 208.6 207 204.3 201.7 200 198.3 196.7 194.9 193.7 190.7 187.3 184 183 182.7 180.3 176.4 178.8 179.4 177.3 174.6 173.1 172.1 169.5 168.4 168 168.2 166.6 166.8 164.1 160 155.7 151.9 148.8 147.2 146.1 144.3 142.8 141.5 140.7 139.9
210.5 214.5 215.4 216.1 216.8 216 217.9 221.8 227.8 231.3 234.4 237.6 240 237.9 236.4 235 233.6 233 233 233 232.2 231.9 231.5 231.1 231.4 231.8 232.5 232.1 232.3 232 231.8 230.2 227.3 224.1 221.4 219.7 218.5 216.5 214.4 212.4 211 209.4 207.5 205.6 203.5 201.2 198.4 195.9 191 190.9 189.8 186.2 184.7 181.8 180.3 179.2 179.5 180.8 181.2 180.3 178.8 176.4 174 172.4 170.6 169 168.7 168.2 167.9 166.6 164 159.6 155 151 148.1 146.6 145.3 144.1 143 141.8 140.7 140
208.8 213.9 215.2 216.5 217.3 217.8 219 223.5 229.7 233.2 236.7 240.3 241.6 240.5 239 237.6 236.3 235.3 235 234.8 234.3 233.8 233.3 232.8 233.2 233.5 234 233.3 232.2 232.3 231 229.7 226.7 223.6 220.7 218.3 217.4 215.2 212.1 211.7 210.2 208.7 206.5 204.5 201 196.1 194.9 193.1 191.6 190.3 188.1 188 187.4 185.4 183 182.4 181.9 182.1 181.8 180.5 178.6 176.4 174.3 172.7 171 169.6 168.8 168.5 168.2 166.9 163.5 158.8 154.1 150.2 148 146.3 145 143.9 142.8 141.7 139.8 137.9
208 212.9 214.5 216.4 218.2 217 220.3 224.7 230.7 234.5 238.2 240.9 242.1 242.5 241.5 240.2 239 237.8 237.3 236.7 236.4 235.5 235 234.5 234.9 235.4 236.6 233.8 232.2 232 231.2 229.4 225.5 221.9 219.1 217.1 214.5 211.7 210.4 206.9 208.8 207 199.9 197.8 200.8 199.1 196.9 196.3 195.4 193.7 191.3 190.1 189.1 187.3 185.4 184 182.7 182.1 181.6 179.7 177.8 175.6 174 172.5 171 170 169 168.9 168.4 165.6 162.7 158.2 153.3 149.6 147.9 146.1 144.8 142.4 141.4 138.9 138.5 140
205.2 210.1 214.3 216.9 219.2 218.1 220.5 225.1 231 236 238.7 240.8 242.6 243.4 243.5 242.6 241.4 240.2 239.4 238.7 238.5 238.3 237.1 236.6 237 237.6 238 234.4 232.2 230.1 226.8 224.1 225.2 222 220.2 219.1 216.8 213.7 212.6 211.3 209.4 206.9 205.8 203.9 202.4 200.7 199.2 198.3 196.8 195.1 192.9 191.3 189.8 187.9 186.1 184.2 183 181.3 181.3 179.7 177.4 175.1 173.7 172.5 171.5 170.4 169.1 169.3 168 164.9 161.6 158.1 152.6 149.4 147.5 145 141.3 140.7 139.7 139.6 140.1 140.8
203.8 208.6 214.2 217.4 219.2 219.2 220.4 224.8 231.5 236.7 239.1 241.3 244 244.9 245.5 244.5 243.3 242.1 241.3 240.7 241.4 241.5 239.3 239.2 239.1 238.3 238.1 234.9 231.5 229.1 230 229.8 226.6 223.1 221.1 219.8 218.1 216 213.7 212 210.2 208.2 206.9 205.3 203.6 201.6 199.7 198.7 197.7 195.8 193.8 191.8 189.9 188.1 186.4 184.6 183 181.9 181.1 179.7 177 174.4 172.9 172.1 171.4 170.4 169.4 168.7 168.5 165.5 162.3 157 151.5 149.4 146.4 145.9 145.4 143.7 142.6 141.8 142.2 142.6
201.4 205.9 214.5 217.6 219.3 219.7 221.3 225.4 232.6 236.5 240.3 242.3 245.3 246.4 247.3 246.4 245.1 243.9 243.3 243.5 244.7 244.5 241.8 241.3 241.1 239.8 238.2 234.6 232 231.7 231.6 230.4 227.6 224.2 222.2 220.2 218.2 216.1 214.3 212.6 210.9 209.1 207.8 206 203.9 201.8 199.7 198.7 197.7 195.4 193.7 191.7 189.7 187.7 186 184.4 183.5 182.4 181.1 178.7 176.4 173.8 172.1 171.6 171.1 170.8 169.7 168 168 164.5 162 156.4 150.8 147.7 146.5 146.9 146.8 145.4 144.7 144.1 144.4 144.7
200.8 206.1 214.3 217.6 219.8 221.1 222.4 226.3 232.3 237 240.5 243.2 245.9 247.9 248.9 248.5 247.5 245.9 245.6 246.5 247.5 246.9 244.6 243.5 243.4 242.1 238.4 235.4 232.8 233 232.3 230.4 228.2 225.4 223.3 220.6 218 216 214.7 213.1 211.5 209.8 207.9 206.2 204.2 201.9 199.9 198.7 197.3 195.1 193.4 191.6 189.6 187.6 185.6 183.9 182.8 180 177.3 175.7 174.4 173.3 171.5 171.4 170.3 170.1 169.6 167.3 166 161.1 160.5 154.1 150.4 149.3 149.3 149.1 148.4 147.3 146.7 146.2 146.5 146.7
202.9 205.8 212.7 217.8 220 221.5 224.2 225.8 231.8 237.1 240.7 243.5 246.2 248.6 249.9 250.4 250.5 248 248.4 250.3 251 249.2 247.2 245.2 245.9 243.6 239.8 236.6 233.9 234.6 234 231.8 229.1 226.7 224.1 221.4 218.7 216.3 215.2 213.7 212 210.4 208.8 206.6 204.2 202 200.2 198.8 197.1 194.9 193.2 191.3 189.3 187.3 185.4 183.5 180.4 176.7 180.6 178.6 174 174.1 171.3 169.6 168.9 168.6 167.2 167.5 166.3 165.3 161.3 155.2 152.4 151.3 151.1 150.9 150 149.5 149.3 149.8 150 148.7
203.8 206.2 212.4 217.4 219.8 223.2 225.7 227 231.7 237.2 240.8 243.4 246.3 249.2 250.5 251.6 253.8 250.1 251 251.8 253.9 252.6 250.4 248.1 248.8 245.8 241.3 238.1 235.2 236.2 235.8 233.7 230.8 227.9 224.9 222.1 219.4 217.4 215.7 214.2 212.5 210.8 209.3 206.5 204.2 202 199.8 198.5 196.7 194.9 192.9 191 189 187.1 185.1 182.8 177.5 181.2 181 179.1 176.4 175.3 173.5 171.2 170.9 170.1 167.7 167.8 167.6 165.3 161.7 157.5 153.5 152.3 153 152.7 152.5 151.8 152.1 152.7 152.8 150.7
203.9 206 211.9 216.8 219.5 224.9 227.5 227.9 231.8 237.2 240.9 243.3 247 249.3 250.8 252.8 254.7 252.8 253.4 254.1 256.6 255 252.8 250.4 251.1 247.4 242.9 240 237 237.7 237.6 235.6 232.8 229.6 226.4 223.5 220.7 218.4 216.7 214.7 213 211.3 209.1 206.5 204.2 202 199.8 197.8 196.3 194.7 192.7 190.4 188.6 186.7 184.8 182.2 178.7 182.2 181.2 179 176.9 175.3 174 172.7 171 169.7 168.2 169.7 168 165.3 161.6 157 153.7 153 155.5 155.4 154.9 154.1 154.5 154.5 153.7 154.7
203.1 205.6 211.3 215.9 219.4 226.8 229.6 230 232.4 237.5 241 244.1 248 250.7 252.3 253.7 255.2 254.7 256.7 257.6 257.6 256.1 255.2 252.8 253 248.5 243.8 241 238.7 239.4 238.5 237.5 234.5 231.1 228.1 225.8 222.6 220 217.5 215.3 213.3 211.6 209.2 206.6 203.8 201.6 199.5 197.7 196.2 194.7 192.7 190.1 187.6 185.8 184.4 182.5 180.8 182.4 181.3 178.9 177 175.4 174.1 173.1 171 169.9 171.2 170.4 168.6 165.3 161.6 155.5 154.5 155.6 157.8 158.3 157.2 158 157.2 156.8 155.5 157.3
203.5 205.1 209.3 215.1 220.3 228.6 231.4 232.1 233.1 237.5 240.8 244.1 247.7 250.2 252.2 254.5 255.2 255.2 256.6 258.1 257.8 257 256.9 253.3 252.8 249.3 244.8 241.4 241.8 241.9 241.3 239.6 235.5 232.1 229.5 227.1 223.8 221.4 218.8 216.3 213.8 211.7 209.2 206.7 204.1 201.3 199.4 197.7 196 194.4 192.7 191 187.9 185.3 185.1 183.7 182.5 182.1 181.3 178.9 177 175.6 174.6 173.7 171.5 170.7 171.6 170.9 168.4 165.3 161.4 156 158 158 159.7 159.8 159.8 161.3 159.7 159.4 157.3 159.4
204.2 206.5 207.7 214 219.9 228.2 232.1 233.4 233.3 236.9 240.8 244.1 248 249.9 253 255.9 256.5 257.1 258.2 258 258 257.4 255.8 253.3 251.3 248 244.7 241.5 244.7 244.3 243.5 241 236.9 233.3 230.1 227.2 224.5 222.5 220.1 217.5 214.9 211.5 209.2 206.7 204 201.1 199.2 197.5 195.8 194.2 192.5 190.7 189 187.3 186.4 185.1 181.5 182.7 181.7 179.5 177.6 176.1 174.4 174 171.8 172.6 172.5 171.5 169.2 165.7 162.8 159.3 158.1 161 160.6 162.3 162.6 163.2 162.7 161.4 160.4 161.2
204.6 206.3 208.4 213 219.2 227.4 232.9 234.2 234.1 236.5 240.1 245.3 248.2 249.3 253.4 258.1 258 258.5 262.3 259.5 257.5 257.4 255.3 253.5 251 247.8 244.9 243.9 246 246.8 246.1 242.3 238.2 234.5 231.2 228.1 225 223 220.8 218.3 215 211.5 208.9 206.5 203.7 200.8 199 197.3 195.6 194 192.5 190.8 189 187.9 187 185.6 182.7 183.6 182.2 180.2 178.2 176.6 175.1 173.2 171 173.4 172.7 171.9 170.4 167.6 164.7 161 158.3 160.7 162.8 164 165.2 165 165 163 162.7 161.6
204.3 206.4 209.3 212.9 218.9 226.6 233.8 235 235.1 236.6 239.8 245.3 248.7 250.5 254.7 258.7 259.2 259.3 260.6 259.3 257.3 257.1 255.4 253.4 250.7 248 245.4 245.9 246.6 247.8 248.2 243.2 239.3 235.5 232.7 229.1 225.8 223.4 221.2 218.7 215.2 211.6 208.1 205.8 202.9 200.1 198.1 197.1 195.4 193.8 192.3 190.8 189.2 188.2 186.2 183.6 184.2 184.1 182.6 180.9 178.8 177.2 175.7 173.5 173.8 173.9 173.5 172.2 170.8 168.7 165.9 161.5 160 162.9 164.4 166 166.3 166.9 166.9 165 162.6 161
204.9 206.8 209.3 212.5 218.3 226.8 234 235.8 236.2 236.8 239.5 245.9 248.4 251.4 255.5 258.5 259.1 258.7 259.1 258.8 257.3 256.4 254.9 253.4 250.9 247.9 248.3 248.8 249.3 250.6 251.1 244.5 240.5 236.7 233.7 230.3 226.8 223.8 221.9 219.2 215.7 211.8 207.8 204.5 201.9 199.2 196.9 195 194 193 190.4 188.9 187.2 186.7 187.2 184.4 185.3 184.7 183.1 181.7 179.4 177.8 176.4 173.3 174.9 175.1 174.5 172.9 171.4 169.6 166.7 161.3 163.2 164.7 165.7 166.7 166.7 168.9 169.1 165.5 162.1 160
205.5 207.3 209.2 212.3 218.6 227.3 235.1 236.7 237.1 237.2 239.1 244.4 248.1 251.1 255.3 258 258.5 258.3 257.4 257.9 257.3 256.1 254.5 253.3 251.4 249.1 250.2 250.5 250.7 254.8 251.3 245.8 241.3 238.2 234.4 230.9 227.1 224.6 222.5 219.6 215.3 210.9 207.7 203.9 200.9 198.3 196.5 194.8 192.7 191.3 192 189.4 188.3 188.5 188.1 185 185.7 185.7 184.1 182.3 179.9 177.8 176.5 174.4 175.2 175.5 174.7 173.7 172.3 170.8 166.5 162.4 164.9 165.5 166 167.6 167.1 169 169.4 163.6 160.6 158.1
205.5 207.5 209.4 212.2 218.2 228.4 235.3 238 238 237.8 238.7 243.4 247.4 251.2 254.8 257 257.5 257.1 257.4 257.3 257.4 255.2 254.4 253.5 250.5 250.3 252.7 253.2 253.2 253.3 250.3 247.1 242.6 239.6 234.7 230.8 227.8 225.5 222.8 218.5 213.5 210.1 207.5 204.4 202.6 199.4 198.3 196.1 193.7 192.4 191.8 190 188.8 187.7 186.9 185.4 186.3 186.7 184.8 182.8 180.4 178.7 177 175.7 175.9 175.7 175.7 175 173.3 171.4 166.3 165 166.6 166.6 165.8 165.7 165.7 165.5 163.6 161.7 159.4 156.8
205.4 207.5 209.8 211.7 217.5 228.6 235.6 238.3 239.7 238.9 239.2 242.3 246.4 250.4 254 256.1 256.3 257.1 257.3 257.3 255.4 254.8 254.4 253.2 250.6 251.3 254.8 255.5 253.2 252.2 250.8 247.7 243.2 240.2 235.2 231.4 228.2 225.4 222 218.5 216.5 212.2 208.9 205.5 203 200.5 198.8 196.7 194.6 193.4 191.6 190 189.7 188.1 188.6 186.7 187.2 187.2 185.3 183.4 181 179.2 177.5 177.5 177.5 177.2 177 175.9 174.5 171.4 168.1 166.8 167.8 167.7 167 165.7 164.9 164.1 163.2 160.7 158.3 155.5
205.9 208.4 209.7 211.4 217.9 228.8 235.1 239 240.9 239.9 238.7 240.9 244.9 249.2 253 254.6 255.4 255.7 255.8 255.7 255.4 254.8 253.9 253.2 252.5 252.5 254.4 255 253 252.1 250.7 248.2 243.3 240 234.9 231.5 228.1 224.2 221.7 219.8 217.1 213.4 209.7 206.5 203.4 201.1 199.2 197 194.9 193.5 191.6 189.8 188.8 190.7 188.1 187.8 188.3 187.7 185.9 183.8 181.5 179.9 178.6 179 178.9 178.7 178.3 177 175.7 172.7 169.3 169 167.9 167.9 167.1 166.6 165.6 166 164.1 160.9 157 153.5
203.5 206.6 209.9 211.6 218.2 229 234.9 238.7 240.3 239.6 238.2 239.6 243.6 248.1 251.8 253.4 254.6 255.2 255.6 255.6 254.4 254.1 253.7 253.4 251 252.6 252 253 252.6 252.3 250.5 247.5 242.4 238.5 234.5 231.3 227.8 224.4 223.3 221 217.7 213.7 210.2 206.8 203.7 201.5 199.5 197.2 195.5 193.5 191.8 190.4 190.2 190.4 187.8 189 189.6 188.2 186.4 184.2 182.4 181.1 179.8 179.8 180 179.9 179.2 178.2 176.4 173.2 170.7 169.5 168.2 167.9 167.2 166.3 164.4 163.8 163.3 160.4 155.9 151.6
202.6 206 209.4 212.2 217.7 228.4 234.6 237.6 239 238.5 237.6 238.1 242.2 246.6 250.6 252.4 253.9 254.3 255.1 255 253.4 253.2 253.3 251 251 251 252 253.3 252.7 252.6 249.9 245.9 241.5 237.5 234.5 230.3 228.3 227.1 225.2 222 218 214.1 210.7 207.3 204 201.9 199.9 197.4 195.9 193.5 193.2 191.6 191.1 190.8 189.3 190.7 190.7 189.5 187.1 185 183.5 182.2 181.3 181.2 181.2 181 179.9 178.8 176.6 173.7 171.3 170.1 169.1 168.8 166.5 163.7 161.3 161.2 160.1 158.6 153.6 149
205.7 204 209.4 212.1 217.6 226 233.9 236.5 238.1 237.5 236.5 237.1 240.6 245 249.1 251.7 253 253.9 254.7 254.5 254.2 253.2 253.2 251 251 251 251.2 252.3 252.6 251.9 249 244.7 240.7 236.8 233.1 230.6 229.1 227.4 225.5 222.2 217.9 213.9 209.8 205.9 203.1 201 199.1 199 196.4 195.2 194.5 192.8 191.9 191.1 190.6 191.5 191.6 190.7 188.1 186.1 184.6 183.6 183 182.5 182.2 181.9 180.8 179.4 176.8 174.4 172.1 170.6 171.5 170.2 166.7 163 161 159.5 158.5 157.4 151.7 146.3
207.1 206.8 207.6 211.2 217.5 223.6 232.5 235.1 236.9 236.9 236.1 236.9 238.9 243.1 247.5 250.4 252.2 253.3 254 253.7 252.9 253.4 253.2 253.2 253.2 251 251 250.7 250.8 250.7 248.2 244.4 240.1 236.5 234 231.3 229.3 227.4 225.5 220.4 215.4 212.1 208.4 204.5 203.1 203.5 200.7 199.4 198.2 196.9 195.5 194 191.8 190.6 191 192.5 193.9 191.3 188.5 186.9 185.4 184.7 184 183.8 183 182.7 181.7 179.7 177.7 175.2 172.4 170.6 170.8 169.9 166 163.9 162 159 158.4 157.4 149.4 142.2
207.8 209.6 211.1 208.8 215.9 221.7 230.4 233.8 236 236.6 235.4 236.5 236.9 241.4 245.7 249.3 251.1 252.4 253.2 252.8 252.9 253.4 254.1 254 254 253 251 250.7 250.5 251.6 248.2 244.5 240.2 236.8 234.4 231.1 228 225.2 222.5 219 217.9 214.7 211 209 206.3 206 202.3 200.9 197.4 196 194.8 192.6 190.4 191.9 192.7 194.1 194.9 191.3 189.2 187.7 186.5 185.7 185.3 185.1 184.5 183.6 182 179.9 178.6 176 172.7 170 168.7 167.9 166.1 163.7 161.3 158 155.6 153.6 147.2 138.7
208.2 210.4 211.9 211.8 215.8 219.1 226.7 232.4 234.2 235.1 235.9 237 236.9 239.5 244.2 248.3 249.2 250.6 251.5 253.1 253.6 254.3 255 254.4 253.5 253.3 251.4 252.8 252.6 250.3 247.8 244.1 239.4 235.1 231.8 229.9 228.7 227.2 224.5 221.9 219 215.9 212.9 210 208.2 206.6 203.8 201.2 197.8 195.4 194.1 191.8 191.4 192.5 193.7 195.8 194.7 191.5 190.3 188.8 187.6 186.8 186.5 186.3 185.5 184.1 182.2 180.5 179.2 175.8 172.3 169.8 168.4 167.1 165.2 163.3 161.4 158.6 154.6 149 143.1 137.4
208.7 210.9 212.5 213.2 217.8 219.7 224.1 230.1 231.6 234.9 237 238.4 238.5 237.8 241.9 246.2 249 250.6 252.8 253.7 254.2 254.9 254.4 254.1 254.4 252.9 252.5 251.9 251.6 248.8 243.9 238.9 237.6 236 233.6 231 229.3 227.3 224.9 222.2 219.4 216.4 213.1 211.2 209.2 207 203.3 200.5 198.5 195.4 193.5 192.3 192.3 193.6 194.8 195.6 194.4 192.3 191.1 190 188.7 187.6 187.5 187.3 185.9 184.3 182.5 181 179.4 176 172.5 169.7 168.4 167.1 165.2 163.4 161.5 158.6 151.5 147.7 143.9 136.8
