data/250000-70000.asc
ncols 200
nrows 200
xllcorner 250000
yllcorner 70000
cellsize 50
[rows 105 to 139 of 200, columns 78 to 155 of 200]
298.8 299.6 300.4 301.4 302.4 303.5 304.9 306.1 306.9 306 303.7 300.6 293.9 285.1 275.4 266.6 263.4 272 281.6 290 300.6 306.7 317 325.2 330.7 334.7 337.2 338.1 338.6 338.9 339.8 341.4 342.4 344.6 346.7 348.4 350.6 351.9 353.3 354.6 355.2 355.9 356.5 357.2 358.8 359.7 362.2 366.1 371.6 377.4 382.1 387.9 394.5 400.1 405.5 411.1 417.6 424 430.2 436.8 443.2 449 452.8 455.5 456.3 456.2 456.8 459 461.2 464.6 467.5 470.5 472.8 473.1 472.4 470.8 467.1 463.3
294.3 295.5 296.6 298.3 299.4 300.3 301.7 303.2 303 302.5 300.2 296.8 289.9 280.2 270.7 260.4 263.8 274.8 284.6 293.1 302.6 311.4 319.7 326.2 330.4 333.9 336.2 336.6 337 337.6 338.3 339.1 340.6 342.2 343.6 345 346.1 347.1 348.4 349.8 350.7 351.4 352 353.2 354 354.9 360.7 365.1 370.3 375.9 381.8 388.5 394.7 400.2 405.8 412.1 418.5 425.8 433.4 440.1 447.3 452.9 457.1 459.6 461 461 461 462.8 465.7 469.5 472.1 475.1 477.9 478.9 478.9 476.5 474.2 470.9
291.7 292.7 294.1 295.7 296.5 297.3 298.6 300 299.5 298.8 297 292.3 285.2 275.5 265.2 259.6 265 276.9 286.9 296.3 304.9 313 320.3 325.5 329.5 332.4 334.1 334.4 334.6 335.1 335.5 336.1 337.1 338.2 339.5 341 342.4 343.2 344 344.9 345.9 346.9 348.1 349.4 349.5 355.1 359.2 363.4 368.3 374.4 381.4 387.6 393.8 400.3 406 412.5 419.1 426.9 435.6 443.4 450.9 456.1 460.6 463.7 464.7 465.6 465.7 467 470.2 473.3 476.5 479.4 482.2 484.1 485.3 482.6 480.5 479.2
289.2 290.7 291.9 293.2 294.2 295.4 296.6 297 296.3 295.5 293.4 287.1 279.8 270.3 261.2 256.8 262.3 277.9 288.1 297.1 305 312.9 319 324.2 328.3 330.8 331.9 332.4 332 331.4 331.5 331.8 333.3 334.3 335.5 337 338.7 339.6 340.4 341.6 343.1 344.1 345.6 346.2 347.5 352.3 357.2 360.6 366.4 373 379.5 385.9 392.4 398.9 405.8 412.6 419.4 427.4 435.8 445.1 452.9 458.4 463.4 467.3 469.4 469.7 469 471.1 474.3 477.6 480.9 483.6 486.2 489 491.8 490.1 487.5 487.3
288.1 289.4 290.7 291.7 293 294 295 295.3 294.7 293.7 288.7 283.2 274.7 266.7 258.5 256 257.1 277.6 288.6 296.5 304.4 311.3 318.2 322.9 326.4 328.7 329.3 329.4 329 328.2 327.4 327.5 329.2 330.4 331.7 333 334.7 335.9 337.1 338.4 340 341.5 342.9 344.4 345.3 352.3 355.6 360.2 365.2 371.9 378.3 384.4 390.8 397.4 404.6 411.2 417.8 426.2 435.7 445.1 453.4 459.8 464.7 469.9 473.1 473 473.2 475.3 478.2 481.5 484.4 487.3 490 492.4 494.3 494.2 492.7 493.2
286.5 287.9 291 293.6 294.7 294.8 295.4 295.3 294.7 292 288.3 281.2 272.8 264.6 257.3 254.7 261.8 278 287.4 295.7 303.3 311.1 317.4 322.5 324.4 325.6 326.1 326.2 325.7 325.1 324.4 324.1 322.7 324.3 325.4 327.4 328.5 332.1 334.9 336.6 337.4 338.1 339.5 341.2 346.5 351 354.3 359 364.6 370.8 377 383.2 389.3 396.1 402.9 409.5 416.2 424.4 433.6 444 452.9 459.8 465.3 470 473.4 475.6 476.6 479.5 482.1 485 487.7 490.4 492.7 494.8 496.2 496.7 497.2 497.7
284.3 287 291.7 294.9 297 297.3 296.3 295.3 293.5 290.4 287.3 280.5 272.2 264.1 257.2 253.3 269.3 278 286.4 293.6 299.7 307.7 316.1 319.6 320.9 322.1 322.4 322.6 321.9 321.2 320.2 319 322.6 323.9 324.9 327.1 328.4 329.4 330.7 332.7 334.9 336.5 339.2 341.8 346.1 350.1 353.7 357.9 363.4 369.3 375.6 381.7 387.7 394.3 400.9 407.7 414.8 422.5 431.1 441.4 451.3 458.6 464.7 469.3 473.1 475.4 477.4 480.5 483.8 487.4 490.1 492.5 494.6 496.7 498.1 499.5 500.1 500.8
283.4 285.4 290.7 295.3 298.6 299.5 298.1 295.5 292 289.2 285.9 279.5 271.9 263.4 255.1 252 271.2 278 285.5 291.4 297.3 303.4 309.5 313.6 315.3 317.3 318.1 318.8 317.8 316.7 316.2 317.1 322.3 324.1 327.6 330.2 331.7 332.2 332.3 332 334 338.2 340 343.3 346.2 349 352.2 356.7 361.7 366.9 372.7 379 385 391.5 398.3 404.8 412.9 420.9 428.5 438.3 447 457.2 462.6 467.8 471.6 474.6 477 480.9 484 487.8 491.8 494 496.1 497.5 499.2 500.8 502.5 504
281.5 283.4 287.8 293.2 297.8 300.3 298 294.5 290.4 286.7 282.5 275.7 269.8 261 249.1 254.6 270.6 278.1 283.8 289.8 294.7 299.4 303.7 308.3 310.6 312.8 314.1 315.3 313.6 314 315.8 320.4 322.5 325.8 329.1 332 334.2 335.1 335 334 334.5 337.6 340.2 342.9 345.8 348.6 351.3 355.5 359.9 365 370.4 376.2 382.1 388.2 394.9 401.3 410.1 419.4 427.3 436.7 445 453.3 459.7 464.8 469.2 472.5 475.1 479.3 483.5 487.7 491.8 493.9 495.5 497.3 499.1 501.9 503.9 505.8
279 280.8 284.8 289.6 292.9 297.6 298.7 293.4 288.4 282 277.1 272 265.6 256.7 242.2 259.3 270.7 277.1 282 286.9 291.8 296.4 300.1 303.6 305.4 307.3 309.7 312.2 313 315 318.3 322.3 325 328.5 332 335.3 337.1 337.9 337.6 337.4 335.5 337.1 340.1 342.6 345.4 348.2 350.8 354 358.5 363.2 368.6 374.1 379.9 385.7 391.4 398.8 406.7 416.3 426.5 435.4 443.5 451 456.9 461.8 466.5 469.7 472.6 476.1 481.2 485.6 489.8 492.5 493.9 495.4 498.5 501.5 504.3 507.3
276.6 278.2 279.9 283 285.1 285.1 292.6 291.8 284.3 277.2 272 266.8 260 248.9 238.5 257.9 268.3 274 278.6 283.6 288.5 293.9 297.7 302 306.2 307.1 311 314.3 316.5 319 321.6 324.4 328.2 332 335 338.7 340.3 341 340.5 339.9 338 338.2 337.7 341.4 344.9 347.6 350.3 353 357.4 362 366.8 372.3 377.8 383.4 388.7 395.2 402.9 412.7 424.3 433.5 441.4 448.7 455.4 459.8 463.7 466.8 469.5 473.2 477.4 481.8 486 489.5 490.9 493.4 496.7 500.7 503.8 506.9
276.3 275.9 276.8 277.2 278.3 277.1 275.5 273.4 273.2 270.1 265.9 261.1 252.4 239.5 235.7 254.8 263.6 268.4 273.3 279.2 285.1 290.9 296.3 301 305.9 309.1 313.1 316.7 319.6 322.1 324.8 328.1 331.6 335.5 339.5 342.4 345.1 344.7 343.3 342.8 342 339.1 338.3 341.2 344.4 347.2 349.9 352.7 356.4 361.2 365.4 370.5 376 381.5 386.5 392.7 400.6 409.4 421 431 439.2 447 453.4 457.5 461 463.7 466.9 469.5 472.5 476.4 480.7 483.9 485.7 490 494.1 498.3 502.4 505.3
276.3 274.4 273.8 274 272.9 270.9 268.6 265.2 263.6 262.2 259.3 255.6 245.9 233.5 236.8 251.5 259 264 273.1 281.4 287.5 293.5 298.8 304.1 308.1 311.7 316 319.6 322.9 326 329.2 332.6 336.2 339.4 344.3 347.5 349.9 349 347.4 345.8 344.9 343.9 340.9 340.2 343.9 347 349.7 352.4 355.7 360.1 364.1 369.1 374.4 380.1 385.3 390.7 399.1 407.7 418.8 428 437 444.7 450 454.2 457.5 459.9 462.4 465.2 468 471.7 475.4 477.9 480.7 486.2 491.3 495.9 499.9 503.1
277.7 275.2 272.9 270.4 268.9 266.4 261.7 258.7 257.3 256.4 255 250.1 240.3 229.2 235.5 246.8 256.7 267.1 277 284.3 290.3 296.3 302 308.1 311.6 315.8 320.2 324.7 328 331.6 334.9 337.6 341.4 345.7 350.4 354.6 355.1 355.3 353 349.9 347.7 346.5 344.9 342.6 342.3 346.3 349.5 352.5 355.9 359.3 363.7 368.5 374.2 379.7 384.9 389.5 397.5 406.4 415.6 424.7 433.8 441.4 446.4 450.8 453 455.4 458.1 460.9 463.6 467.2 469.4 472.2 476.9 482 487.2 492.4 496.9 500.5
279.7 277.2 275.9 273.7 271 264.3 260.5 256.1 252 249.4 248.6 245.5 233.9 226 242.6 256.4 265.8 274.1 282.4 289.2 295.7 301.7 307.1 311.7 315.7 320.5 326.2 331.6 335.4 338.7 342.7 346 349.4 355.4 360.6 361.9 363.3 362.7 360.2 356.4 352.1 350.5 348.7 345.1 344.4 345 349.5 352 354.7 358.8 362.9 368 373.8 379.8 385.2 389.8 396.5 404.5 412.4 420.6 429.4 437.4 442.8 446.6 449.3 450.5 452.6 455.5 459.2 461.4 463 467.5 472.9 478 483.2 488.4 493.4 497
282.9 281.6 280.7 281 279 272.6 261.9 255.3 246.8 240.7 238.9 236 225.5 226.6 249 264 271.3 278.8 286.7 294.6 301.1 307.1 312.3 317.2 323.6 330.8 336.3 340.1 343.6 348.7 352.3 356.6 358.7 366.9 373.5 376.9 375.3 371.5 367.9 363.3 358.6 354.3 351.8 350.1 346.6 346.6 348.3 351.4 354.6 358.4 362.6 367.7 373.5 379.5 385.6 390.8 396.6 403.1 411 418.6 425.7 432.7 438.7 442 444.8 446.3 447.9 450 451.9 456.3 459 463.8 468.9 474 479.3 484.1 488.9 492.8
291.4 290.4 292 292.4 290.7 285.5 274.4 259.6 249.1 235.7 223.8 219.6 217.2 228.9 251.4 264.5 275.5 285.8 295.1 301.3 305.9 310.7 315.7 320.9 326.5 332.6 337.6 344.1 352.2 356.6 359.6 363.7 368.1 379.2 386.1 388.2 386 380 375.6 371.2 365.1 360.6 356.1 353.1 351.6 349 350.4 352.6 354.7 358.4 362.4 367.7 373.2 379.3 385.4 391 396.7 403.5 411 417.7 424.2 429 434.3 438.3 440.4 442.2 443.2 446 448.8 451.9 455.8 460.5 464.7 469.4 474.2 479 483.7 487.7
298.4 296.1 295.1 296.1 297.1 289.5 280.8 270.2 254.5 240.5 226.3 215.1 213 231.7 250.5 263.9 275.9 286.9 297.4 305.8 308.3 313.5 316.6 321.4 326 330.5 335.1 339.5 347.8 353.8 359.8 365.1 370.8 380.8 390.6 392.4 388.8 383 379 374.5 369.4 364.1 359 356 354 352.6 351.6 353.7 355.6 359 364.7 368.6 373.5 379.3 385.4 391.8 397.6 403.6 410.1 416.8 422.9 427.2 431.5 435.2 437.4 438.8 440.2 442 444.7 447.5 451.3 455.5 460 464.7 469.3 474 478.7 482.7
300 296.1 293 292.3 292.5 288.9 278.1 268.8 255.5 241.4 229.9 214.3 208.6 232.4 249.9 263 273.1 282 293.9 298.6 307.2 312.8 315.5 320 323.6 327.2 331.2 336.3 342.5 350.4 356.1 362.3 368.2 372.5 382.7 384.6 384.6 382.1 378.7 375 370.7 366.1 361.1 358.2 356.5 354.8 353.8 354.6 356.5 359.6 364.9 369.6 374.2 379.7 385.7 392.3 398.9 405.1 411 417.4 422.2 426.1 430.5 432.8 434.4 435.2 436.3 437.8 440.6 443.3 446.6 450.7 455.3 460 464.7 469.4 473.8 477.6
299.4 292.6 288.5 286.2 283.7 279.4 271.9 262 252.2 239.7 229.7 212.4 205.1 230.9 246.7 259 267.5 274.1 283 290.3 297.1 304.3 309 313.3 318 322 327.9 332.9 337.9 343.3 349.7 357.1 365.4 369.6 375 379.8 381.9 380.7 378.1 374.9 370.9 366.8 362.8 360.2 357.6 356.2 355.6 355.9 357.6 360.3 369.6 387.1 375.6 380.6 386.9 393.6 400.9 407.1 412.9 417.5 422.3 425.6 428.6 430 430.7 431 432.2 433.7 436.3 439.2 442.4 446.7 451.3 456.1 460.8 465.5 469.1 472.8
295 285.8 280.8 277.9 276.1 270.9 265.1 255.8 246.4 235.4 222.1 206.4 207.8 230.4 244.2 253.9 261.3 267.8 274.2 280.1 285.2 293 299.1 304.1 309.6 315.6 322.7 328.4 334.2 339 347.6 353.5 360.6 367.3 372.5 376.4 379.2 380.2 377.6 374.8 371 367.6 365 362.3 359.8 358 357.8 358.3 359.1 362 365 370.8 388.8 391.3 388.7 397.3 403.8 410 415.5 418.2 422 425.4 426.8 427.6 427.6 426.8 428 429.9 432.2 435.3 438.5 443 447.6 452.2 456.9 460.8 464.5 469
288.3 279.1 271.6 267.9 265.9 263.1 257.5 249.2 239.9 228.3 214.6 198.3 214.3 231.2 239.5 248.1 255.4 261.3 267.8 272.3 278.1 284.3 290.7 297.1 303.2 309.1 316.4 323.2 329.8 336.5 344 349.4 358.3 364.6 370.4 375 377.9 380.3 379.3 376 373.7 370.8 367.2 364.5 362.6 360.9 360.3 360.6 361.2 363.3 367.4 371.7 378.2 385.7 392.9 401.3 406.9 413.1 416.3 419 421.7 423.7 424.1 423.8 422.1 422.2 424.2 426.2 428.5 431.4 434.5 439.1 443.8 447.8 451.9 456.5 461 465.5
278.9 270.1 262 257.5 254.6 253.6 248.8 240.7 230.8 221 206.8 195.6 212.8 226.3 234.9 242.7 249.4 255.9 262.5 267.3 273.1 279.5 284.9 291.3 297.8 304.2 311.5 319.9 327.5 335.2 342.7 350.1 356 362 368.3 373.3 376.3 378.9 381.4 379.3 378.2 375.9 371.5 368.2 365.9 364.5 363.5 363.5 364.5 366 369.5 373.6 381.5 389.5 398.1 398.2 410.6 415.3 417.5 420.1 421 421.4 421.3 420 417.5 418.9 420.6 422.3 424.9 427.9 430.8 434.7 438.7 443.1 447.7 452.6 457.6 461.4
272.8 262.5 252.4 245.7 242 239.7 237.4 232.7 221.9 211.2 197 191.3 207.3 220.7 230.4 238.8 245.2 251.4 258 263.6 269.1 274.6 280.5 287.5 294.1 299.8 308 316.7 325.3 333.2 341.2 348.6 354.5 360.4 366 370.5 376.3 380 383.2 384.5 384.2 382.3 378.6 375.2 372 368.7 367.3 366.9 367 368.7 372.4 381 387.3 389.5 399.5 388.5 397.1 417.3 417.8 418.6 419.3 418.4 417.9 415.9 413.7 414.6 417.4 418.8 421.6 424.6 427.6 431.1 435.6 440.1 444.5 449.4 454 456.9
262.9 252.4 243.4 235.2 229.3 226.4 225 221.8 209.3 198.8 187.8 187.2 206.9 217.4 226.7 235 241.9 248.1 253.5 258.6 264.1 269.6 275.7 281.8 288 295.2 304.3 313.5 322.3 330.8 338.8 346.2 352.8 358.6 362.8 367.2 374.2 379.8 384.9 388.2 389.2 388.5 385.9 382.3 378 373.9 371.3 369.5 369.7 371.2 374.1 377.9 383.3 391.7 404.1 389.3 394.1 417.7 417.6 416.9 415.9 415 413.7 410.9 410.6 411.5 413.2 416.3 418.7 421.4 424.3 427.8 432.4 436.9 441.5 445.9 449.8 452.5
251.8 242.8 235.2 228.2 221.8 213.3 210 204 197.5 187.9 184.5 183 206.2 215.9 224.7 232.5 238.5 245.2 249.9 255 260 265.1 271.2 277.3 283.5 291.5 300.6 309.9 318.9 327.4 335.6 342.9 350.2 355.3 359.7 363.9 370.9 379 385.6 390.7 393 393.5 391.8 388.3 383.4 377.8 374.5 372.4 372.1 373.5 376.2 385 384.5 396.3 389 389.2 402.4 415.1 415.8 414.7 412.7 410.7 408.7 406.4 407.6 408.1 410.7 413.8 416.8 418.6 421.1 424.7 429.2 433.5 437.8 441.9 445.5 448
246.2 235.8 227.9 220.8 214 207.4 200.5 195.1 188.8 182.8 182.2 180.8 204.7 215.6 224.2 231.9 237.9 242.4 246.3 251.3 255.9 260.6 266.7 272.8 280.1 288.5 297.2 305.9 314.3 322.8 330.7 338.1 345.3 350.7 355.1 359.6 365.5 374.8 384.7 392.1 394.9 396.8 396.2 393.1 387.7 381.5 377.5 375.1 373.9 374.8 377.5 383.6 385.1 391.7 398.5 390.9 411.4 413.6 413.9 412.5 410.3 407.3 404.8 403.7 404 405.1 408.3 411.2 414.4 416.6 418.2 420.7 425.2 429.5 433.7 437.1 440.8 443.4
243.3 231.8 223.7 215.8 209.2 202.6 196.8 191 183.5 180.6 179.6 178.8 205.2 216 223.7 229.2 235.2 240.1 242.5 247.6 251.8 256.5 262.2 268.1 275.8 284 292.8 301.6 309.7 317.8 324.8 332.1 338.9 344.6 349.9 355 360.4 369 380.1 384.4 395.8 399.7 400.8 397.1 391.3 384.9 379.2 377.1 375.4 375.6 377.3 380.7 385.1 390.3 396.2 406.4 409.9 412.1 412.4 410 406.5 402.8 401.4 399.6 400.5 402.9 407 409.9 412.2 413.5 415.2 417.1 420.5 425.1 428.8 432.2 435.4 438
245.6 232.7 219.3 212.9 205.4 198.6 192.8 187.7 180.3 178.1 177.2 184.4 201.6 212.7 220.4 226.2 229.8 234.5 238.1 242.8 247.5 252 257.4 263.5 271.6 280.2 288.9 296.9 305.3 313.1 319.6 325.7 332 338.1 344.1 349.5 354.6 362.1 376.8 383.3 389.1 396.9 387.2 398.7 392.6 386.9 381.5 378.3 376.8 375.5 377.7 380.5 384.5 389.5 396.5 403.1 408 410.2 410.6 408.5 404.1 399.7 398.6 396.6 398.4 401.3 405.2 407.8 409 410 411.6 413.3 415.6 421.2 424.4 427.1 430.1 432.2
251.1 235.2 220.8 210.3 201.7 196.2 189.9 185.1 177.9 175.9 174.8 181.3 198.3 206.5 213.3 219.4 223.3 229.2 232.1 236.1 242.2 247.6 252.9 259.9 266.9 275.9 284.4 291.6 299.9 307.3 314.1 320.5 326.6 331.8 337.2 342.5 349.5 355.7 365 373.3 381.8 364.4 394 392.3 391.1 387.1 382.9 378.2 375.5 374.1 376.3 378.4 382.5 389.1 395.9 401.7 405 408.2 408.2 406 401.8 397.5 394.6 392.7 397.6 401 403.9 405.7 406.5 406.4 407.4 409.1 410.9 416.2 420.1 422.7 424.7 426.1
253.9 238 223.5 213 203.7 196.8 189.3 183 176.3 173.9 173.1 177.7 192.1 199.9 205.8 211.6 217.2 222 226.9 231.5 237 243.1 248.5 255.1 262 270.5 279.1 286.4 292.5 300.9 307.9 313.8 320.3 325.2 330.5 336.1 342.4 354.1 359.4 365.5 373.1 381.9 383.7 387.4 389.9 385.9 382.6 378.1 373.2 371.2 372.7 376.2 380.6 387.8 395.1 400.4 403.7 405.9 405.6 403.4 398.7 394.1 389.7 389.2 396 399.6 401.8 402.5 402.4 403 403.2 404.9 406.9 410.6 414.7 417.3 419.4 420.3
248.1 234.8 223.4 213.2 205.4 197.8 189.8 181.8 174.9 172.5 172.2 176.5 187.9 194 199 203.1 209.9 216 222.4 227.2 232.9 238.6 244 250.8 257.6 265.5 273.3 280.5 287.2 294.4 301.2 306.1 312 318.8 324.3 329.1 334.7 343.2 353.3 358.6 362.4 376.2 377.1 381.1 386.2 383.4 380 375.9 371.1 367.8 368.9 373.4 378.1 385.2 393.8 398.9 401.9 403 402 399.3 395 388.8 389.6 390.4 393.6 395.4 398.9 399.8 398.8 398.9 399.6 400.8 402.9 406.1 408.5 411 413.4 413.9
242.1 228.9 220.4 212.3 205 197.7 187 178.9 171.6 169.9 169.9 182.2 186.5 189.9 193.3 198.5 204.6 211.4 216.4 222.4 227.6 234.1 239.5 246.3 253 261.1 268.9 275.2 282.5 289.7 295.4 302.3 308.4 314.2 320 325.4 330.5 338.3 346.3 358.2 360.5 366.7 369.9 373 372.1 369.7 372.9 370.1 366.7 363.5 365 369.1 375.1 382.1 389.8 395.9 398.5 398.3 397 393.9 390.7 386.2 383.4 387.7 391.4 394 395.4 395.9 395.5 394.9 395.4 396.3 398.2 400.1 402.5 405 407.3 408.1
238.7 227.2 216.2 207.3 202.2 194.8 184.2 175.3 167.6 167.3 168.4 180.5 183.5 185.8 188.5 194.2 201.1 206.8 210.8 216 223 229.5 235 241.6 247.3 255 262.9 270.7 277.8 284 290.4 297.1 303.1 308.8 314.2 321.3 325.6 332.4 342 350.3 354.9 360 362.3 363.8 364 363.1 362.3 360.8 358.6 357 360.1 365.4 370.9 378.3 384.6 390.3 393 392.5 391.2 389.1 385.6 380.8 379.4 383.8 388 390.5 391.9 391.9 392.2 391.3 391.6 392.3 393.3 394.8 396.9 398.1 400.2 401.9
233.5 224.6 214.9 208.2 201.7 194.4 183.9 171.9 165.9 165.2 164.9 174.9 179.6 182.8 185.8 190.6 195.9 200.9 205.2 210.3 217.9 224.8 230.4 236.4 242.5 249.5 257.9 264.9 270 275.9 283.1 291.3 297.3 302.7 309.2 317.1 320.8 327.6 334.9 342.4 349 352 354 354.1 351.7 351.6 350.8 349.9 348.4 350.5 354.7 360.6 366.4 372.2 378 383.5 385.9 385.9 385.4 383.7 381 377.9 376.6 379.8 383.7 386.8 388.4 388.7 389.1 388.6 388 388.2 389.4 390.5 391.5 392.6 394.3 396
