data/250000-140000.asc
ncols 200
nrows 200
xllcorner 250000
yllcorner 140000
cellsize 50
[rows 105 to 139 of 200, columns 78 to 155 of 200]
226.2 231.5 234.9 236.4 237.9 239.3 239.5 239.6 239.4 239.5 240.1 240.4 240.1 240.1 239.9 238.7 237.4 235.9 234.2 233.4 232.6 231.2 229.5 228.1 225 221.6 215 187.5 161.8 143.7 124.3 105.9 129 159 172.8 177.9 177.2 172.8 167.1 158.4 147.6 131.3 137 150.9 162.8 174.6 183.7 190.9 197.5 202.1 203.4 200.1 200.9 204.6 205 204.8 207 203.5 184.9 171.2 187.8 180.6 171.9 164.8 162.2 167 174.9 191 201 208.1 211.5 215.4 218.6 220.1 221.6 223.5 223.5 222.3
230.2 233.5 236.4 238.1 239.5 239.8 239.9 240.1 240.2 240.1 240.7 241.6 241.8 241.8 241.6 241.2 240 237.9 237 236.2 235.2 233.7 232 230.2 226.6 222.9 207.7 177.2 156 141.1 119.9 111.5 138.7 165.4 175.5 180.1 180.9 178.6 173.7 166.9 157.4 144.2 137.9 152 167.6 180.2 189.7 198.3 204.6 209.6 211.9 210 206.5 214.2 216 217.7 218.4 218.2 209.1 193.6 195.1 202.4 195.5 184.8 176.8 177.2 179.2 174.5 183.3 204.8 207.5 213.1 218.5 220.8 222.9 224.2 224.1 221.9
233.4 235.6 237.3 239.1 239.8 240.2 240.4 240.6 240.8 240.8 240.3 240.6 241 241.8 242.7 243.1 242.5 241.2 239.8 239 237.7 236.1 234.4 231.5 227.7 220.1 196.1 170 148.5 127.7 113.5 122.9 140.3 163.2 175.4 182 184.2 184.3 181 175.5 167.3 155.9 145.6 159.3 173.5 187.5 197.7 205.9 212.3 216.6 218.6 219.1 216.1 222.2 224.9 227 227.7 228.2 225.8 218.3 206.5 217.2 218.8 211.8 202.2 194.2 199.6 204.6 190 207.5 214.5 216.1 219.7 222.7 225.1 224.7 223.6 221.4
235.1 236.4 238.2 239.9 240.3 240.2 240 240.1 240.1 239.4 238.5 238.8 239.5 240.4 241.5 242.5 242.9 242.3 241.5 240.8 239.6 238.3 235.9 232.7 228.7 215.7 190.1 160 137.2 118.7 136.5 151.6 141.3 160.7 173.4 181.7 186 188.5 187.8 183.6 177.1 167.5 155.6 173.3 185.8 195.2 204.6 212.7 219.6 223.9 226.1 226.1 225.3 228.5 231.6 234.2 236.6 237.2 236.8 235.4 230.2 230 232 231.6 223.6 215.5 214.2 212.1 207.6 200.1 215.3 220.8 223.5 225.1 226.7 225.8 225 222.4
237.7 238.6 239.5 240.3 240 239.8 239.1 239.1 238.8 238 237.2 237 238.1 239.2 240.3 241.3 241.9 241.9 241.6 241.6 240.2 238.7 236.4 233.3 228.7 213.4 191 158 131.8 125.2 156.7 172.8 163 156.7 168.6 180.7 187.9 192 192.1 190.6 186.9 177.8 166.8 188.9 200 207.1 214.7 221.2 227 230.5 232.1 233.1 233.4 235.4 238.1 240.9 243.4 244.6 245.2 244.4 243.4 242.7 242.2 242 240.5 236 231 226.4 219.2 214.7 215.3 226.1 228.4 228.6 229.2 228.3 227.2 225.5
238.7 239.9 240.9 240.5 239.8 239.4 238.6 238.1 237.3 236.5 235.7 235.3 236.4 238 239.1 239.7 240.3 240.8 240.7 240.3 240.1 239.1 236.9 233.9 229.3 211 188.2 161.8 132.5 140.5 171 179 176.8 171.4 163.3 176.6 187.7 193.6 195.9 196.6 197.4 195.4 194.4 203.8 211.7 217.8 223.7 229 233 236.1 236.9 237.5 239.1 241.3 243.6 246.1 248.8 250.5 250.7 250.4 250.3 250.2 250.2 250.1 248.9 246.2 243.5 239.5 230.1 228.3 232.8 232.4 233.9 235 234.7 232.5 230.3 230.4
238.1 238.8 239.4 238.5 238.2 237.8 237 236.3 235.5 234.7 233.4 231.7 232.7 234.3 236.6 237.1 238.2 239.3 239.2 238.9 238.6 238.4 237.4 234.6 229.7 212.9 189.5 156.9 134.2 151.4 177.5 183 184.3 184.4 183.2 178.6 179.5 190.1 198.1 201.5 203.8 207.3 209.3 213.3 220.1 225.9 230.7 235.1 238.4 240.1 241 241.7 242.9 245.1 247.5 249.9 252.6 254.6 256 256.2 256 255.8 256 256.3 255.5 253.7 251 247.1 244.7 242.3 243 242.1 243.1 242.6 240.4 238.4 235.7 235.6
237.8 237.9 237.9 236.8 236.1 235.6 235 234.2 234 232.7 227.8 226.3 226.5 229.4 233.3 235.6 236.8 237.6 237.7 237.4 237.2 236.7 236.2 235.2 230.4 215 189.4 160.9 137.2 157.2 178.2 185.5 188.7 192.1 193.9 195.7 194 189.3 194.8 204.8 208.4 212.2 216.5 221.4 227 232 236.6 240 242.3 243.7 244.7 245.6 246.5 248.8 251.2 253.5 255.6 256.9 258.3 259 259.4 260.2 260.1 260 260.2 259.2 257.5 254.4 252.6 251.5 250 251.1 251.7 249.7 247.5 244.9 242.7 241.4
238.1 237.7 235.8 234.9 234.2 233.5 232.8 232.2 230.7 228.5 223.7 221.5 220.4 223.9 228.3 232.6 235.3 236 236.3 236 235.5 235.1 234.6 233.8 229.6 217.1 194.2 167.5 141.6 159.9 178 186.5 190.8 195.7 200 204.9 207.9 209.4 202.6 205.8 212.7 217 221.2 226.3 231.1 235.9 240 242.9 245.2 246.4 247 247.6 248.6 250.3 252.5 254.8 257.1 258.5 260.1 261.3 261.7 262.7 263.5 263.4 263.6 263.6 262.5 260.8 258.1 256.6 255.5 255.4 257 255.4 253.3 250.6 247.9 246.3
238.1 236 234.1 232.2 231.4 230.1 228.5 227.3 225.7 222.8 219.5 214.9 213.2 213.7 221.3 227.2 231.3 234.3 234.7 234.4 233.9 233.4 232.9 231.8 228.6 217.6 197.3 172.7 145 158.5 175.3 183.8 191.9 198.7 204.3 209.2 213 216.4 215.9 211.5 212.8 219.4 224.8 230.1 234.3 238.3 242.1 244.3 246 247.8 248.9 249.6 250.6 251.8 254 256.3 258.5 260.3 261.9 263.5 264.2 265.1 266.3 266.7 267.1 265.9 265.3 264.7 262.8 261.1 260.4 260.3 260 258.9 256.5 253.1 252.4 250.3
237.6 235.2 232.8 230.5 228.7 226.7 223.4 220.3 216.8 211.9 208.1 205 202.7 205.2 211.9 220.8 226.4 230.8 231.6 232.2 231.8 231.4 230.3 228.8 225.3 215.9 199.4 174.4 150.2 158.2 175 188 195.5 202 208 213.4 217.1 219.8 221.3 221.8 219.1 220.6 227.2 232.2 236.6 240.2 242.7 244.9 246.8 248.6 250.5 251.7 252.7 253.8 255.5 257.8 259.4 260.5 262.4 263.4 264.1 265 265.8 266.8 267.4 267.7 267.4 266.6 265.2 262.9 260.9 262.2 261.7 261.1 258.6 255.2 255.5 254.3
237.2 234.7 232.3 229.9 227.6 222 217.3 210.4 212.6 213.3 212.8 212 204.5 196.3 201.6 210.6 219.6 225.8 228 228.5 229.2 228.4 225.7 224.2 219.7 210.9 195.5 175.2 152.7 161.5 178 191.1 200.2 206.9 212.6 217.3 221.2 223.4 225.6 226.4 226.6 223 228.8 232.6 236.7 240.4 242.9 245.4 247.6 249.4 251.3 253.2 254.6 255.9 257 259 259.9 260.7 261.6 262.2 263 264 264.9 265.8 266.1 265.9 265.7 265.1 264.9 263.8 262.4 262.8 261.7 261.1 260.1 257.4 257.7 258
236.7 234.3 231.8 229.8 226.3 220.6 213.2 219.9 221.6 221.5 220.9 220 219.1 213.1 200.5 199.7 210.4 216.5 221.3 222.8 223.8 223.2 221.1 218.1 212.6 204.6 188.6 173.2 151.5 161.3 182.3 195.7 204.8 211.9 216.6 220.7 224.2 226.7 229.1 229.7 230.2 230.1 228.1 232.8 236.6 240.6 243.1 245.3 247.8 250.2 252.1 254 255.8 257.2 258.5 258.9 259.4 260 260.7 261.1 262 262.9 263.6 263.7 263.8 263.7 263.5 263.2 262.4 263.4 263.2 262 262 261.2 260.5 259.8 258.8 258.1
235.8 233.4 230.9 228.7 224.4 217.9 220 225.3 226.3 226.2 225.6 225.1 224 221.7 214.8 198.5 198.9 205.7 208 210.3 212.9 213.2 212.1 210.3 202.5 193.1 179.7 164.8 152.4 168.2 191.1 200.9 208.9 216.1 220.1 224 226.9 229.3 231.7 233 233.4 233 232.2 233.7 236.5 239.2 242 244.9 247.8 250.1 252.3 254.4 256.6 257.6 258.2 258.4 258.9 259.3 259.7 260 260.6 260.9 261.2 260.9 260.7 261.1 261.1 261 259.9 260.2 260.6 261 260.4 259.5 258.7 257.7 257.3 257.4
233.8 231.7 229.6 225.4 219.4 221.9 227.8 229.2 229.3 229.2 228.7 228.3 227.8 226.4 224.2 216.4 199.4 189.9 193.9 196.2 198.7 200.5 199.6 195.2 187.4 176.3 166.2 159 161.3 178.9 194.6 203.9 212.5 219.3 222.8 225.9 228.8 231.1 232.6 234.5 235.4 235.7 235.3 235.1 237.6 239.5 242.1 245 247.8 250 252.2 254.4 256.4 257.3 257.9 258 258.4 258.9 258.7 258.4 258.2 258.6 258.4 258.2 257.9 257.7 258.3 258.4 257.6 258.2 257.8 258 257.5 257 256.6 255.6 255.1 255.5
231.5 229.2 226.9 222.7 222.9 228.9 231.2 232 232.4 232.3 231.8 231.4 231 230.6 228.7 227.6 221.4 209.9 196.8 183.1 182.7 183.5 184 179.5 172.3 177.9 173.7 177.2 172 182 194.3 202.8 212.6 219.8 224.5 227.4 229.8 231.3 232.8 234.4 234.9 235.1 235.4 235.8 237.8 239.8 242.1 245 247.6 249.8 252.2 254.3 255.9 257.1 257.6 257.5 258 258.2 257.8 257.2 256.9 256.1 255.5 255.3 255.1 254.9 254.6 254.7 255.9 254.6 254.8 255 254.5 254.1 253.7 253.4 253.2 253.5
230 228.1 227.9 229.4 231.9 232.9 233.9 234.7 235.4 235.4 235 234.5 233.7 232.9 232.8 231 228.3 224.4 220.3 212 202.2 189.6 187.4 188.5 194 196 196.7 196.7 194.1 182.2 187.4 198 211.1 219.3 223.8 226.3 228.5 229.9 231.9 233.8 234.4 234.5 234.8 235.9 238 240 242.4 245 247.4 249.7 252 254.2 255.4 256.9 257.3 257.1 257.5 257.1 256.6 256 255.7 254.6 252.9 252.2 251.8 251.6 251.5 251 251.4 251.6 251.8 252 251.5 251.2 250.8 250.5 250.1 250.1
232.5 232.3 233.9 235.2 235.5 235.4 236.5 237.3 238.1 238.4 237.6 236.8 236 235.3 234.3 232.7 231.2 229.5 226.6 223.1 219.4 214.2 207.6 206 207.7 207.6 207.3 206.4 204.8 201.5 208.2 210.7 214.4 219.6 223 225.2 227.8 228.1 230 231.7 233.4 233.9 234.3 236 237.9 240.3 242.6 245.1 247.2 249.6 251.6 253.7 255 256.4 257 256.6 256.8 256 255.3 254.8 254.2 253.1 251.6 249.6 249.1 248.7 248.5 248.5 248.7 248.6 248.8 249 248.6 248.3 247.9 247.5 247 246.6
237.4 237.7 237.3 237.4 237.6 237.7 238.8 239.9 240.4 240.3 239.7 239 238.3 237.6 235.7 234.2 232.8 231.2 229.5 225.8 222.7 219.8 216.3 214.2 213.7 213.3 213 212.6 212.7 213 215.5 218 220.2 222.1 223.3 225.4 227.4 227.9 229.6 230.5 230.9 231.9 233.4 235.6 237.8 240.3 242.8 245.3 247.2 248.6 250.3 252.6 254.5 255.8 256.9 256.2 255.8 255 254.1 253.5 252.8 251.6 250.1 248.3 246.4 246 245.7 245.9 246 246 245.9 246 245.7 245.3 244.9 244.4 244 243.6
242.1 241.2 240.2 239.8 239.7 240 240.6 240.8 241.5 242.1 241.7 240.8 239.7 238.5 237.1 235.6 233.5 231.4 228.7 226.3 223.7 222.4 221.2 220.4 219.3 218.2 217.8 217.7 219 220.5 221.6 223.2 224 224.7 225.9 226.4 227.4 227.6 227.6 227.8 228.9 230.6 233.3 235.5 237.8 240.4 243 245.5 247.5 249.5 251.4 252.7 254.1 255.6 257 256.4 255.6 254.6 253.8 252.9 252 250.5 248.8 247.4 245.1 244 243.4 243.3 243.3 243.3 243.4 243.3 242.6 242.2 241.8 241.4 241 240.6
245.3 244.2 243.2 242.3 241.5 240.6 240.8 241.4 242 241.8 240.8 239.6 238.7 237.7 235.4 233.4 231.4 229.4 227.3 225.1 223.4 223.1 222.9 223 222.8 222.7 222.9 223.3 223.2 224.7 226.8 227.5 228.3 228.5 228.3 227.4 225.8 225.4 224.7 224.9 227.3 230.5 233.3 235.5 237.8 240.6 243.2 245.6 247.8 249.6 251.6 252.8 254.1 255.3 256.5 257.1 256.3 255.5 254.7 253.8 252.9 251.3 249.6 247.9 245.3 243.7 242.5 241.6 241.1 241.3 241.1 240.8 239.8 239.2 238.8 238.4 238 237.6
246.7 245.9 244.8 243.2 242 240.9 241.3 241.3 240.8 240.4 239.3 237.7 236.4 235.5 233.2 230.9 228.9 226.9 224.8 222.6 221.9 221.7 222.7 223.7 224.6 225.2 225.7 226.8 226.8 228.3 229.4 230.5 231.1 230.7 228.2 226.9 225.1 223.2 222.1 224.1 227.3 230.5 233.2 235.4 237.9 240.7 243.3 245.8 248.3 249.8 251.7 252.9 254.2 255.4 256.7 257.4 256.9 256.4 255.6 254.8 253.9 252.2 250.5 248.8 245.8 244.4 242.9 241.5 240 239 238.6 238.2 237.4 236.3 236 235.6 235.2 234.8
245.4 245.3 245 243.7 242.2 240.8 240.3 239.9 239.5 239 237.7 236.2 234.7 233.2 231.1 228.8 226.5 224.4 222.3 221 220.5 219.5 219.9 220.3 221.6 223.8 225.6 226.8 228 229.1 229.4 230.2 230.4 229.7 228 226.4 224.3 221.7 218.9 224 227.2 230.4 233.1 235.4 238 240.9 243.5 245.9 248.4 250 251.8 253.1 254.3 255.6 256.5 257.3 257 256.5 256 255.5 254.8 253.2 251.7 250.2 247.9 246.4 244.8 242.9 241.6 240.1 238.6 237.3 235.9 235.5 235.2 234.4 234 233.6
244 244 243.5 242.2 240.7 239.4 239 238.5 238.1 237.6 236.4 234.9 233.5 232.5 230.6 228.2 225.5 222.8 220 218.5 217.2 216.3 216.2 216.6 218.6 220.7 222.6 224 225.3 226.6 227.6 228.3 228.7 227.8 225.9 223.6 220.5 216.4 220.8 224.2 227.2 230.4 233.1 235.4 238.2 241 243.7 246.1 248.6 250.2 252 253.2 254.5 255.4 256.3 257.1 257 256.6 256.1 255.6 254.8 254.5 252.7 251.3 250.2 248.7 247.1 244.6 243.2 241.7 239.9 238.6 236.7 234.8 234.3 233.2 232.9 232.8
242.7 242.7 241.8 240.6 239.2 238.1 237.6 237.2 236.6 236.1 235.3 233.9 232.5 231.9 230.2 228.1 225.9 223.2 220.1 217 214.3 211.9 211.5 212.2 214.1 216.8 218.7 220.5 221.5 222.3 222.7 223.8 224.6 225.2 222.3 219.1 215.5 216.2 220.6 224.5 227.1 230.3 233 235.5 238.4 241.2 243.9 246.3 248.7 250.4 252.1 253.4 254.4 255.2 256.1 256.9 257.1 256.6 256.2 255.6 254.7 254.5 254.1 252.6 250.9 249.4 247.2 244.7 244.4 243.3 241.5 240 238.1 236.3 234.2 232.8 232 231.9
241.5 241.2 240.1 238.9 237.6 236.7 236.2 235.5 234.9 234.6 234.2 232.8 232 231.3 229.6 227.6 225.5 223.4 220.2 216.8 215.3 213.6 212.6 211 207.5 209.9 212.8 214.5 216.3 217.5 217.8 218.8 218.2 217.2 212.1 210.4 212.4 217.7 221.5 224.7 226.9 230.3 233 235.7 238.5 241.4 244 246.5 248.9 250.9 252.3 253.3 254.2 255 255.9 256.7 257.2 256.7 256.2 255.7 254.6 254.3 254.1 252.2 250.5 248.5 246.2 244.3 244.5 244.1 242.6 241.2 240.2 237.7 235.1 232.5 230.8 230.8
240.4 239.5 238.3 237.1 235.9 235.1 234.5 233.9 233.4 233.2 233 232 231.5 230.7 229 227.2 224.7 222.4 220.1 218.3 216.9 216.3 215.7 215.1 212.3 207.1 206.3 208.4 209.6 210.1 210.9 209.2 206.6 204.5 213.7 214.1 213.8 216.8 220 223.3 227.1 230.2 233 235.9 238.7 241.5 244.2 246.6 249.1 251.5 252.3 253.1 254 254.8 255.7 256.6 257.3 256.8 256.3 255.8 254.5 254.1 253 250.2 248.9 247.2 245.2 244 243.7 242.8 241.9 241 239.6 238.3 234 231.7 229.6 230.9
239.1 237.7 236.5 235.2 234 233.3 232.8 232.2 231.9 231.7 231.7 231.4 231 230.1 228.7 227.5 226.1 223.5 221.2 220.1 219.3 218.7 218.2 218.1 216.2 212.5 205.9 200.5 201.5 202.7 202.4 202.7 212.1 217.8 220 220.1 219.7 218.9 218.4 220.9 223.8 228.8 233.2 236 238.9 241.7 244.4 246.8 249.3 251.1 251.9 252.8 253.7 254.7 255.5 256.4 257.2 256.9 256.4 255.9 254.4 253 250.9 249.5 247.4 245.7 244.1 241.5 241 240.1 239.6 239.8 238.4 236.5 233.1 229.9 228.5 231.3
236.6 235.6 234.5 233.3 232 231.4 231 230.6 230.7 230.8 230.8 230.6 230.2 230.3 229.3 228 226.8 225.1 223.5 222.6 221.7 221.2 221.2 220.9 219.8 217.6 212.5 205.3 197.5 198.2 201.8 208.5 215 218.7 221.1 223.1 223.2 223.4 224.2 225.2 226.6 228.1 228.8 234.8 238.1 241.5 244.7 247 249.2 249.8 251.3 252.3 253.2 254.1 255.1 256 257.2 257.3 256.8 256.4 255.7 254 251.8 250.1 248.2 246.6 244.9 243.2 241.2 238.7 236.6 235.6 235.8 232.6 229.8 227.9 228.8 231.9
234.4 233.4 232.4 231.4 230.1 229.4 229.1 229.5 229.8 229.9 230 229.8 229.5 229.9 229.8 228.5 227.5 226.5 225.7 224.8 223.9 223.7 223.7 222.9 221.8 220.2 217.6 213.2 201.6 197.1 204.4 210.7 215.3 218.8 221 223 225.2 226.4 227.7 228.1 229.5 231.5 233.8 236.1 237 239.2 242.4 245.6 247.7 248.7 250.7 251.9 252.9 254 255.3 256.7 257.9 258 257.6 257.1 256.7 256 254.3 252.1 250.7 249.5 247.8 245.8 243.4 240.3 237.3 233.9 231.2 228.6 227.5 227.7 230.3 233.4
232.2 231.2 230.2 229.2 228.1 227.6 227.3 227.9 228.6 229 229.1 229 229.1 229.5 230.3 229.9 228.9 228.1 227.3 226.6 225.7 225.4 224.7 223.9 222.9 221.8 219 215.9 204.8 195.9 204.2 211.2 215.6 218.9 220.9 223.1 225.3 226.8 228.7 230.6 232.4 234.3 236.2 238.8 240.1 242.1 244.4 246 247.8 249.5 250.7 252 253.4 254.8 256.2 257.6 258.5 258.8 258.3 257.9 257.4 256.9 256.4 255.1 253.8 252.7 250.3 247.7 245.2 242.2 238.3 233.8 230.4 227.8 226.1 229.7 232.3 235.1
230 229 228 227.1 226.2 225.8 225.4 226.4 227.4 227.8 228.2 228.3 229 229.8 230.6 231.3 230.4 229.7 228.9 228 226.9 226.3 225.6 224.9 223.7 221.6 219.4 215.6 206.4 195.7 206.5 213.2 216.2 218.9 221.1 223.3 225.4 227.2 229.1 231.1 233.7 236 237.9 240.8 243.1 245.1 247 247.8 248.7 250.3 251.4 252.9 254.3 255.7 257.1 258.2 259.1 259.7 259.4 259.1 258.8 258.5 259 257.6 256.1 254.6 252.3 249.6 247 243 238.6 234 231 228.7 226.1 229.4 233.3 235.4
228.2 227 226.1 225.2 224.2 223.9 223.6 224.8 226.1 226.5 227.2 228.3 229.1 229.9 230.7 231.5 231.4 230.5 229.4 228.4 227.5 227.1 226.4 225.3 223.9 221.5 218.8 210.9 199.2 197.4 209.8 214.5 217 219.1 221.3 223.4 225.6 227.7 229.6 232 234.7 237.3 239.7 241.7 243.8 245.7 247.2 247.8 248.5 250.4 252.1 253.8 255.3 256.7 258 258.6 259.1 260 261 260.7 260.4 260.8 260.9 259.9 258.1 256.6 254.2 251.7 249 244.8 239.9 236.4 233.1 229.8 227.2 224.4 230.2 233.6
226.5 225.4 224.2 223.2 222.4 222.1 222.2 223.5 224.8 225.9 227 228.1 229.1 229.9 230.7 230.7 230.5 230.2 229.4 228.7 228.2 227.8 226.3 223.7 222 219.3 213.7 200.8 190.4 204.3 211.7 214.9 217.2 219.3 221.5 223.6 225.4 227.4 230 232.2 234.4 236.6 239 240.9 243.1 244.8 246 246.8 247.5 249.3 251.1 252.9 254.7 256 257.5 258.4 259 260 261 262 262.3 262.3 262 260.7 259.5 258.5 256.1 253.7 251 247.5 243.7 239.7 236.6 233.9 230.9 228 222.5 224.8
224.8 223.7 222.5 221.3 220.6 221.1 222.6 223.9 224.8 225.7 226.8 227.9 229 229.9 229.9 229.7 229.6 229.5 229.1 227.8 227 226.4 224.3 221.6 218.5 214.6 205.8 193.1 197.3 208.9 212.2 214.6 217 219.4 221.5 223.1 224.8 226.7 228.9 231 233.2 235.5 238 240.2 242.3 243.7 245 245.9 246.6 248.4 250.2 252 253.8 255.2 256.8 258.2 259 260 260.9 262 262.9 263.2 263.3 262.3 261.4 260 257.7 255.9 254.4 250.4 246.7 243.8 241.3 238.2 235 231.7 228.3 225
