data/250000-780000.asc
ncols 200
nrows 200
xllcorner 250000
yllcorner 780000
cellsize 50
[rows 140 to 174 of 200, columns 78 to 155 of 200]
498.9 487.3 477.2 468.4 459.8 452.7 448.1 440.5 436.4 432.5 430.3 429.3 425.9 423.9 421.6 419.3 416.4 407.8 402.1 402.8 410.4 422.2 426.3 427.1 429.5 433.3 437.6 440.7 445.1 449.1 453.4 457.3 460.1 461.3 464.4 467.3 469.4 471.6 479.9 484.5 489.3 493.7 499.2 509.8 522.2 533 543 555.2 568.7 582.8 595.4 605.2 614.3 623.3 632.3 641.6 643.9 646.2 649.3 646.9 640.3 635.4 626.7 619.8 614.1 608.1 609.2 610.6 612.1 616.6 621.4 628.6 635.3 641.4 646.9 653.5 662.1 673.6
495.4 483.9 473.9 465.2 456.6 449.7 444.6 440.8 439.1 439 439 431.3 427.9 424.7 421.5 418.4 412.6 405.2 402 403.6 411 421.3 424.7 428.1 430.5 433.2 437.9 441.8 446.6 451 455.6 459.8 462.2 464.5 467.5 470.7 473.4 476.9 482.3 487.3 492.1 496.8 506.3 518.1 527.6 536.6 549 560.3 573.2 587 599.5 610.1 619.7 631.2 642 648.5 656.9 659.9 659.5 655.3 647.4 639.9 630.7 623 616.1 609.8 609.9 610.1 613.3 618.4 624.4 631.7 638.1 643.2 650.5 657.8 666.6 678.1
491.1 480.6 471.8 463.1 454.3 447.8 443.5 440.5 439.7 440.1 439 432.8 428.1 422.6 420 414.5 408.4 404.6 402.4 407.2 412.7 421 423.3 427.4 430.4 433.8 437.1 441 447.6 452.7 457.3 460.7 462.6 465.9 469.4 472.5 476.3 480.2 485 490.6 495.5 502.2 512.4 524.2 533.7 541.3 553.3 564 572.5 590.9 603.3 616 627.7 641.2 651.9 662.4 670.3 671.4 668.2 663.3 653.5 643.7 634.6 626.2 617.8 612.8 610.8 610.6 614.7 619 625.1 632.6 639.9 646 653.9 662 670.4 680.8
486.7 476.3 467.2 459.2 452.8 446.3 443.8 442.6 441.5 439.6 434.3 429.5 422.9 419.1 415.9 410.1 405.6 404.2 407.7 414.3 420.1 417.9 424.3 428.8 430.9 433.3 436.6 440.6 447.6 452.3 456.7 459.9 463.6 467.3 471.1 474.4 478.3 483 487.8 493.1 499.5 507.9 518.2 529.2 536.2 546.3 558.1 569.7 581.1 595.1 609.1 623.1 636.2 649.7 663.6 676 680.9 682.2 676.3 670.3 658.2 647 638.3 629.4 620.8 615.9 614 611.7 614.9 619.2 626.4 633.7 642.2 650.6 658.4 663.7 671.4 681.4
482.3 471.8 462.9 454.8 449.2 445.3 444.1 443.9 443.1 438.1 432 427.3 420.4 417.5 412.1 406.7 405.4 404.1 411.3 420.7 424.4 421.1 425.8 428.8 430.2 433 436.1 440.3 446 450.7 455.9 460.9 464.9 468.7 472.5 476.5 480.8 486.1 491.5 497.5 504.4 513.4 522.5 533.6 540.7 552.2 564 575.6 586.8 599.5 614.3 628.7 643 657.8 673.5 686 691.5 692.4 686 676.8 664.8 650.6 641.1 631.1 624.1 619 615.7 613.7 615 619.7 626.3 635.1 644.2 652.7 660.7 665.2 672 680
477.7 467.5 458.9 451.7 447.3 444.8 444.3 443.3 443.5 445.6 435.1 426.4 418.6 414.4 409.3 406.2 404.8 404 416.9 427.4 430.7 424.5 426.2 428.4 429.3 432.2 435.7 440.3 445.2 450.9 456.9 461.2 465.9 469.9 473.2 478.3 483.1 488.7 495.2 501.5 510 519.4 528.5 537.9 546.8 558.4 570.4 581.4 592 604.9 618.7 632.8 647.5 662.4 680.9 692.6 697.2 698.3 693.2 684.6 670.7 655.1 641.5 632.6 628 622.3 617.6 615.7 616.9 619 627.8 636.6 646.3 654.1 660.3 666 672.1 680.8
473 463 455.1 449.2 445.2 443.8 441.7 440 435.9 435.4 431.3 424.8 418.1 411.8 406.3 406.8 408.2 414.5 421.6 424.9 426.4 425.7 426.7 428.8 429.9 432.7 436.7 439.7 444.1 449.6 454.7 460.1 464.9 469.8 474.2 479.5 485.1 491 498.6 506.5 514.7 523.6 532.8 541.8 552.5 564.6 575.2 586.6 597.2 610.4 622.9 636.7 652.2 669.4 687 700.2 704.5 709.5 705.5 688.8 673.9 659.4 644.4 635.4 631.3 626.1 621.3 617.9 617.6 619.3 628.4 637.1 645.9 653.7 661 668.4 673.5 682.1
467.9 459.5 453.2 447.4 442.3 440.6 439.6 434.1 429.2 427.5 424.4 421.2 417.4 412.7 406.9 408.1 416.1 421.4 422.4 424.5 425.5 426.2 427.2 429.1 431.6 434 438 441.2 444.8 449.7 454.8 459.9 465 469.5 475.5 481.2 487.3 493.8 502 510.5 519 527.8 536.6 545.8 556.8 569 578.9 590.2 602.2 615.2 628.5 641.6 657.1 675.5 694.7 707.9 714.4 715.1 708.3 691.7 679.4 662.3 645.5 639.4 635.1 628.8 622.5 619.2 619.3 620.1 628.1 636.8 644.6 653.1 661 668.3 674 682.4
465 458 452.7 446.9 439.5 437.6 432.3 428.9 427.6 423.7 420.1 419.6 417.6 412.8 408.6 410.8 420.7 423.1 422.7 423.2 424.5 425 427 428.7 430.4 434.6 438.8 441.4 445.9 450.4 454.9 460.2 465.6 471.3 477.3 483 490.3 498.1 506.4 514.6 522.1 530.3 538.7 549.5 561.8 572.7 582.6 593.3 606.6 620.8 634.4 647.2 662.9 681.7 699.8 711.5 716.7 709.9 705 692.9 682 664.5 647.4 641.1 638.9 632.5 624.3 621.6 620.6 620.2 627.6 636.5 645.2 654.3 662.2 668.3 676.6 686.3
461.4 455.3 449.4 443.2 439 434.1 437.8 436.2 429.5 426.2 428.8 422.3 419.6 415.4 410.4 409.1 414.8 417.4 418.1 419.7 421.9 426.4 429.4 428.6 431.5 435.2 439.3 442.4 445.8 449.9 455.1 460.9 466.6 472.4 479.5 487.2 494.5 502.4 510.6 518.3 525.2 533.1 540.6 553.2 565.4 575.5 585.5 597.6 611.9 626.1 640.4 653.3 667.1 685.9 703.5 712.6 713.8 710.1 703.4 695.4 684.4 666.8 651.2 644.7 642.1 636.9 628 623.6 622.7 623.4 627.9 637 647 657.2 663.4 670.3 680.5 691.3
456.9 451.2 446.6 441.5 440.4 436.7 437.8 439.2 429.4 429.9 430.9 423.9 421.3 417.2 411.8 409.6 412.9 419.6 422.6 424.9 427.2 429.2 429.9 431 431.8 436.4 440.2 443.4 447.9 452.3 456.9 462.6 470.5 476.3 483.4 491.5 498.7 506.1 514.1 521.9 528.6 534.3 543.3 556.7 567.9 578.1 588.3 601.9 616.3 630.3 644.4 660.7 674.4 690.9 707.5 717.5 719 713.1 705.3 692.6 684.4 671.4 656.4 650.5 646.5 641.4 634 628.5 626.4 625.9 629.1 637.2 648.7 657.9 665.6 673.9 683.7 695.8
454.5 449.4 445.8 442.5 440.4 438.9 436.4 434.1 433.7 432 428.1 423.2 422.3 419.1 412.4 409.9 421.6 424.9 427.1 429 430.5 430.9 430.1 431.4 433.4 437.9 442 446 450.3 454.7 459.1 465.9 473.2 481.2 488.2 494.3 501.3 510.1 517.7 525.4 531.7 537.1 547 560 571.3 581.7 592.3 605.2 619.7 634.3 648.4 665.1 681 695.7 710.2 723.3 723.6 718.4 706.8 695.2 684.2 674.3 661.5 654.6 650.6 645.8 640.6 634.1 631.3 627.7 629.1 637 650.8 658.9 668.5 677.6 687.9 699.7
452.5 449.5 446 442.7 441.2 444.6 445 440.2 438.8 434.4 428.4 423.9 422.5 421.3 413.3 411.4 410.3 426.2 429.9 431.3 432.5 433.2 432.6 433.4 435 438.7 442.4 446.7 451.6 455.9 461.7 469 476.4 484.8 491.3 497.3 504.8 513.9 521.7 528.7 533.8 538.9 550.9 562.8 573 583 594.2 608.5 622.5 637 652.1 669.7 685.5 698.6 710.8 723.2 725.2 721.2 712.4 700.1 688.8 678.7 665.8 658.8 655.9 652.1 647.8 641.9 636.8 631.9 629.6 637.8 649.6 659.9 669.6 681.5 692.1 703.1
450.9 448.9 445.7 444.1 445 448.1 447.8 439.6 435 430.1 425.6 424.4 422.3 422 413.8 412.3 411.1 415.6 431.4 433.2 434.9 436.3 436.3 436 437.4 439 441.6 447 452 457.7 466 473.9 479.1 486.8 493.6 501.1 509.2 517.5 525.4 532 535.5 541.9 554.2 564.8 575.2 585 595.6 610.3 624.4 639.5 655.8 674.3 689.9 702.5 712 721.1 727 725 719.1 704.8 694.1 682.7 669.4 664.3 660.8 658.6 654.2 648.4 641.1 635.6 633.1 636.7 649 660.4 671.2 682.7 693.1 704.7
449 446.2 444.1 442.5 441.8 440.7 438.6 435.5 430.5 427.4 425.4 424.9 424.8 422.7 414.3 412.6 411.8 412.7 433.3 433.5 435.8 438.2 439.9 439.3 439.1 440.5 443.5 447.9 453.8 461.8 469.9 478.9 484 490.5 496.2 503.7 511.8 520.6 530.4 534.2 538.8 547.4 556.7 567 576.8 586.8 596.6 610.3 624.3 640.8 659.5 679.8 693.1 705.1 713.6 721.2 728.8 732.1 724.8 711 696.3 687.4 677.8 670 666 663.2 661 654.5 647 639 636.2 636.8 648.3 660.3 671.8 683.2 693.3 703.2
445.5 443.2 441 439.4 439.3 438.6 437.5 433.6 429.8 426.4 425.5 425.4 417.4 413.7 413.3 412.9 412.4 419.8 432 433.9 436.9 439.6 439.8 438.7 439.7 442.5 445.6 450.1 456.4 465.1 473.7 482.2 491.4 495.3 505.1 507 515.4 524.4 532.3 535.9 542 549.9 558.6 568 576.9 584.5 596.1 608.5 622.9 639.9 657.8 678.5 693.3 705.9 714.8 722.7 730 733.9 728.1 715.1 702.5 694.8 685.6 676.6 671.4 667.8 664.4 659.1 650.6 643.2 639.4 639.1 647.9 659 671.4 681.1 691.2 701.2
443.6 441.1 440.2 440.8 440 439.4 439.4 434.8 429.6 426.4 425.7 425.3 415.3 414.3 414.2 413.2 412.9 415.9 425.8 434.4 439.4 439.6 440.8 439.1 440.7 443.4 447.1 452.2 459.4 468.3 477.4 487.8 494.6 500.4 509.2 519.1 523.2 526.8 533.8 538.8 545.2 551.5 560 568.2 574.4 581.9 595 607.3 620.6 637.1 655.7 674 691 706 718.6 724.9 730 733.2 729.2 721 714.4 704.3 692.3 682.9 677.3 673.6 669.5 662.8 654 648 645.7 643.4 646.9 657.2 667.8 677.2 687.5 697.7
441.5 440.8 440 441.2 440.7 440.1 440.2 435.2 429.1 426.4 425.8 425.2 417.7 415 415 414.3 413.3 413.3 424.9 432.5 434.2 436.3 438.9 439.9 441.7 444.3 448.2 454.9 462.6 472 482.1 491.1 497.3 505.6 514.9 523.8 530.3 536.1 539 542.4 547.3 553.4 562.8 571.5 578.1 584.8 594.2 604.2 617.6 635.8 653.8 671.2 687.6 703 716 724.1 728.4 732.9 733.7 731.7 724.8 712.5 699.8 689.2 683.4 679 674.9 668 659.7 656.7 652.1 647.4 652.6 659.4 667.8 675.9 684.4 695.6
439.3 439.8 439.2 439.7 439.5 438.3 438.9 438.6 428.7 426.7 425.1 425.5 420.7 415.3 415.4 415 414.2 414.3 431.5 431.1 435 439.3 439.7 439.8 442.4 445.9 450.8 457.9 465.7 475.4 484.1 493.1 501.1 511.1 520 527.6 534.1 538.8 543.4 545.2 550 556.9 565.8 575 582.5 589.8 594.6 602.2 615.2 634.2 651 667 682.7 697.4 711.1 722.4 726.7 730.9 735.9 740.6 731.8 720 708.3 697.3 690.5 685.4 681 675.5 668.7 664.2 658.8 651.8 658.9 666.4 676.9 684.8 692.4 702.2
440.9 439.7 434.5 435.2 435 430.5 429.1 429.2 429.4 427.2 426.2 425.8 424.2 415.7 415.8 415.7 415.5 415.6 430.1 440.7 440.7 439.8 440 441 443.7 448.3 454.3 461.2 469.1 477.2 486.2 496 505.8 516.3 525.4 531.4 537.4 542.1 545.7 548.8 553 559.9 568.5 578.7 586.9 591.4 595.7 602.3 615.2 631.4 647.3 664.5 677.5 691.3 704.2 717.1 725 731.9 738.7 741 735.9 726.1 716 705.6 698.2 691.8 687.3 683.2 677.1 670.9 664.9 657 663 673.1 684.2 693.4 700.7 706.3
441.7 440.9 437.9 433.8 430.8 428.9 428.3 428.1 428 427.2 426.8 426.2 425.7 416.2 416.6 416.2 416 416.8 438.1 440.7 441.1 440.3 440.2 442.7 445.5 449.2 456.4 465.2 472.6 479.5 488.8 498.7 509.6 520.8 529.8 535.8 541.3 545.5 549.5 553.7 557.8 562 570.5 580.4 588.8 595.2 600.5 604.6 617.4 632.2 647.6 662 673.9 685.2 697.6 710.6 720.3 729.6 738.1 740.6 739.3 731.5 722.4 713.7 704.8 699.4 695.9 691.6 685.3 678 671.6 663.9 668.6 679.5 692.7 700.4 705.7 711.2
441.9 441.2 439 432.3 430 428.2 427.7 427.6 427.8 427.5 427.2 426.7 426.2 416.4 417.3 416.3 416.3 425.5 437.2 441.2 442.5 442.7 442.5 444.3 447.2 452.2 459.1 468.1 476.2 482.8 491.8 502.4 513.4 524.3 532.7 539.5 544.3 548.8 553.9 558.6 562.7 567 572.3 580.6 587.3 591 601.7 608.7 622.2 631.9 645.8 659.2 671.2 681.5 691.3 704.5 715.5 724.7 734.9 740.1 739.6 734.5 727.4 718.5 712.1 707.8 704.9 700.1 693.9 686.6 679.3 671.2 672 683.4 696.8 705.1 710.9 715.7
440.2 439.5 436.6 429.9 428.9 426.5 424.6 427.2 427.2 427 427.3 427.1 421.9 416.2 416.2 420.1 429.2 439.7 441.4 444 445.1 445.6 444.9 446 450 455 461.8 471.2 478.6 486 495.1 505.9 516.7 527.1 536.4 543.1 548.1 553.2 558.3 563.4 567.6 572 576.9 584.8 594.8 602.8 599.8 610.9 621.1 630.4 642.2 656.1 669 677.5 685.5 697.8 711 722.3 731.1 735.7 739.3 734.5 729.7 724.8 720.5 716.5 713.2 708.7 702.9 696.2 689.1 680.3 675 687.1 702.6 710.1 715.9 720.8
439.3 435.2 432.1 430.1 429.5 428.6 427.3 426.2 425.5 426.2 425.5 419.3 416.9 416.7 420.5 432.3 439.7 440.9 444.2 446.7 448.1 448.2 447.4 447.9 451.4 457.1 465.3 474.2 481.8 489.7 498.2 509.4 519.7 530 540.2 546.7 552.5 557.6 562.7 568.2 572.5 577.2 581.5 587.9 600.4 611.4 609.1 608.2 617.7 628.9 640.1 652.4 666.8 674.4 682.5 692.1 705.9 717 725.9 731.8 738.7 736.1 734.2 730.7 728.8 724.9 720.6 715.8 712.2 706.3 698.8 690.4 677.6 690.7 704.4 713.6 719.2 724.8
439.3 435.4 432.5 430.8 430 427.7 425.3 422.4 422.2 421.8 417.6 417.6 417.7 419.5 425.4 437.5 440.5 443 446.1 448.3 451 450.4 450.4 450.6 454.5 459.2 467.6 476.8 485.5 493.3 501.3 512.3 523.1 533.4 543.7 550.4 556.5 562 568.1 573.2 577.6 583 588.4 595 605.4 613.3 612.7 614.1 617.6 624.6 637.7 650.1 663.7 672.7 679.9 688.3 699.5 712.6 722.1 730.2 737.7 738.5 738.5 735.3 733.3 731.5 727.6 723.1 720.3 714.3 707.5 699.2 683.9 692.9 706.4 717 724 729.2
440.4 439.8 437 432.9 430.5 428.3 424.6 423 420.3 419.5 419.3 418.8 419 424.1 431.1 439.6 443.1 445.4 447.7 449.9 450.8 451.1 452.4 453.2 457.1 461.7 469 477.6 486.1 494.7 504.1 515.8 526.5 537.3 547.2 554.7 560.3 566.8 573 578.2 583.1 588.9 595.9 604 611.6 617.4 621.6 622.7 625.9 627.6 633.8 648.5 662.2 671.1 678.2 685.4 694.5 708.1 719.8 727.6 736 740.6 741.2 739.4 737.3 734.8 731.9 729 726 720.9 713.9 703.5 693.1 700 705.7 721.1 730.1 734.7
443.8 439.2 437.3 434.5 430.9 429.8 428.6 426.1 424 421.6 420.3 419.5 422 428.9 434.6 439.9 443.1 446 448.6 450.2 452.3 453.4 454.4 456 459.5 464.1 471.3 478.3 487.4 496.7 507.3 519.2 528.7 540.2 551 557.3 564.4 571.3 577.8 583.9 589.2 596.2 606.2 612.8 617.4 624.1 629.3 631.8 635.3 637.5 637.6 648 659.6 669.6 677.6 684.1 692.8 704.5 717 729.1 736.4 742 743.6 743.2 741.8 739.9 737.8 734.8 731.6 726.9 720.6 704 705.5 712 712.5 725.9 733.9 740.7
442.4 439.7 437.6 435.2 430.7 430.9 430.2 428 425.7 422.9 420.7 418.2 424.7 432.5 436 439.5 442.1 446.2 449.3 452 454.9 455.8 456.6 458.2 461.2 466.7 473.5 480.4 490.1 499 509.3 519 531.1 542.8 553 561.4 568.7 575.5 583.9 593 598.3 607 617.2 625.1 628.1 632.1 636 640.2 643.8 646.8 648.4 652.8 660.4 670 678.7 686.5 695.4 707.2 719.7 731.7 738.4 743.8 746.9 748.8 747 745.7 743.6 740.6 737.7 731 717.2 713.4 718.1 724.3 726.7 731.8 740.9 747.7
441.8 440.5 439 437 432.2 430.6 427.7 425.8 423.7 421.7 421 419.2 430.7 434.6 438.5 440.4 440.6 445.9 451.3 454 457.6 458.3 458.9 461.4 464.4 469.6 475.6 483.2 493.5 502.3 512.5 520.7 533.4 545.2 556.3 564.7 572.2 580.9 592.6 603.2 608.7 617.6 628 637 642.3 644.9 647.2 650.9 653.3 655.5 658.6 663.3 668.3 675.8 681.4 689 697.6 708.1 720.6 732.4 740.2 746 750.2 752.9 752.7 751 748.1 746 743.8 733.5 719.9 724.5 729 733.7 736.2 738.4 746.9 754.3
439.9 440.1 437.8 433.9 429.2 427.4 426.2 424.9 423 422.2 420.7 421.1 431.7 437.7 439.2 438.9 440.7 445.3 451.5 456.6 460.3 461 462.7 464.7 467.6 472.6 477.8 486.7 497.2 505.7 514.6 523.2 535.7 547.6 558.9 567.9 575.6 586.8 606.8 613.4 617 623.2 635.4 647.3 655.5 660.3 661 662.6 663.4 665.7 668 672.5 677.7 682.3 686.9 692.4 698.8 708.3 722.9 734.7 743.6 749 753.4 757.1 758.5 754.9 752.4 751.9 748.8 738.7 729 732.9 736.2 740.8 743.4 746.6 752.9 760.2
436.3 434 433.5 431.7 429.6 428.8 427.3 424.9 423.3 422.4 421.4 422.1 432.6 438.4 439.3 438.2 439.8 445.8 450.8 458.3 461.3 463.3 464.9 466.9 470.8 475.5 482.2 490.3 500.2 509 516.6 526.1 538 549.9 561.4 572.5 581.6 593.5 612.2 620.3 624.6 629 640.5 653.6 663.7 670 672.2 675.2 675 676.6 679.3 681.1 684.7 689.1 693.3 697.3 704.1 715.9 728.3 740.1 748.3 754.4 758.5 761.4 762.6 760.1 759 757.6 752.5 742.2 736.6 740 742.7 748.2 750.7 754.3 759 765.7
437.3 434.8 434.8 432 430.7 429.7 427.7 425.4 424 422.8 421.6 420.4 430 434.1 436.9 438.5 442.1 450.1 456.3 461.3 463.7 466.1 467.2 470.1 474.1 478.4 486.4 494.4 503.1 511 518.8 529.6 540.6 551.8 563.1 574.7 588.7 599.4 612.9 623.5 631.2 634.4 644.6 658.1 666.4 672.8 682.2 686.6 689.1 690.6 690.5 690.8 692.6 697.3 701.8 706.3 714.6 727.2 739.4 749.9 758.1 761.5 764.5 766.9 767.1 765.6 764.2 762.2 755.4 746.3 742.9 745.7 748.2 751.4 758.3 762.7 766 770.3
437.8 434.7 432.8 430.7 430.2 429.6 428 426.4 424.4 423.3 422.6 421 426.5 430 433.5 438.9 446.2 454.5 460.8 464.4 466.6 468.9 469.1 472.5 476.2 481.2 489.6 498 505.2 513 521.1 531.4 541.5 552.7 562.8 574.7 591.8 607.5 617.4 626.9 633.8 639 646.5 660.3 669.1 676.7 686.1 695.7 702.1 702.9 701.8 701.2 703.6 707.1 710.8 717.3 725.6 738.7 748.8 758.1 767.2 770.2 771.9 774.3 773.4 769.9 768.7 765 758.8 750.6 748.9 751.4 755 760.6 767.5 773.1 775.9 779
437.7 434.3 432.4 430.3 429.9 429.5 429 427.9 426.3 424.5 423.9 422.1 423.8 429.2 432.3 439.4 448.6 458.2 463.2 466.5 470.1 471 470.8 473.8 477.8 484 492.6 499 506.8 514.6 522.4 532.4 542.8 552.6 563 574.6 590.1 607.4 619.9 628.1 635.4 642.2 649.4 663 675.7 681.6 690.1 701.1 709.9 713.1 713.5 716.4 718.7 720.3 726.2 731.8 739.8 751.6 761 768.1 775 779.2 779.1 781.1 780.8 776.7 772.9 767.3 762 756.2 755.2 756.7 762.2 769.1 777.5 784.9 788.8 792.4
436.9 433.9 431.7 430 429.7 430.5 430.3 429.1 427 425.4 424 423.5 424.5 427.5 433.9 443.9 453.9 461.3 465.1 467.8 469.6 471.4 473.1 475.6 479.7 486.4 493.5 500.3 508.1 515.9 523.6 532.4 543.5 553 561.8 574.1 588 603.8 617.8 628 635.9 642.2 651.8 664.8 680.7 685.6 694 704.3 713.8 721.5 727 735.1 733.6 736.7 742.5 747.8 754.2 763.7 772.8 776.8 782.1 788.8 787.5 786.4 785.7 782.9 777.3 771.2 766.3 761.4 761.8 764.4 771.6 780.7 789.2 796.6 803.2 806.9
