data/250000-570000.asc
ncols 200
nrows 200
xllcorner 250000
yllcorner 570000
cellsize 50
[rows 35 to 69 of 200, columns 78 to 155 of 200]
187.9 188.8 189.6 189.7 189.3 188 186.7 185.4 183.1 185.3 188.1 193.5 196.8 194.6 189.9 189 188.7 188.4 188.3 188.1 187.8 187.5 187.1 188.9 190.7 195 198.6 200.6 203.3 205 208.9 214.2 217.5 219.1 218.6 218.8 219.3 219.2 219.4 218.5 215.7 214.7 216.7 218 219.1 218.9 218.2 218.5 217.1 217.6 217.8 218.4 221.3 223.3 225.5 227.1 228.5 229.7 230.6 231.3 231.7 232.9 236 239.2 239.9 240.1 240.1 237.8 237.1 236 248.9 248.2 240 237.1 235.5 233.9 232 230.2
185.9 186.9 187.9 188.1 186.8 185.1 184.1 183 183.3 185.3 187.3 191.7 194.1 192.3 188.5 187.6 187.1 185.2 183.9 184 184.8 184.4 183.9 185.8 188.5 191 194.2 196.1 197.6 200 202.2 207.4 210.4 212.2 211.8 212.3 213 212.9 213.6 214.6 212.3 210.8 211.6 214 214.1 214.4 214.1 213.7 214 216 217 218.2 220.4 222.8 225 226.5 228 229.4 230.5 230.8 230.9 230.6 233.2 237.5 239.9 237.4 235.9 236.1 236.5 239.4 242.1 243.4 238.7 236.9 235.3 234.3 232.8 230.9
184.2 185.1 185.8 185.7 184.3 182.6 181 181 183 185.1 187 187.5 189.7 190.3 188.1 184.7 182.7 180.7 179.4 179.7 181.2 181.4 181.7 182.5 185.5 191.2 192 192.3 192.9 195.3 198.7 202.2 204.2 205.9 205.6 205.8 206.6 206.5 207.9 209.5 208.9 207.7 208.4 210.7 210.8 209 210 212.2 212.3 213.7 216.2 217.7 220.3 223.1 224.5 225.3 227 228.6 230.2 230.4 230.7 230.2 230.2 233.8 235.5 234 235.6 236.6 238.3 239.5 240.3 240.4 237.6 236.4 235.2 234.3 232.9 230.5
182.6 183.4 183.7 183.1 182.3 180.4 178.6 179.7 181.8 185 187.1 187.2 187.2 187.1 184.6 181.2 179.9 177.4 174.5 176.5 178.7 178 177.5 178.7 180.1 185.8 188.7 189.2 188.9 192.6 196.7 197.8 198.4 200 199.9 199.8 200.2 200.2 202 203.4 203.7 204 206.8 208.6 208.5 206.9 207.4 210.7 211.3 213.3 215.7 217.5 220.1 221.8 223.2 223.9 225.4 226.9 228.2 229.6 230.8 228.7 226.5 230.1 231.2 233.6 236.4 238.3 239.5 239.5 240.3 239.9 237.3 236.3 235.3 233.8 231.7 229.6
180.9 181.3 181.5 180.9 180.3 177.4 176 179.2 181.7 184.6 186.8 187.2 185.9 184 180.9 178.9 177.4 174.5 174.5 174.9 174.5 174.5 174.5 174.5 175.1 180.9 185.6 185.5 186.2 191.5 193.1 194 195.1 195.7 195.5 194.8 194.1 194.2 196.4 197.3 198.9 200.8 202.9 204.6 203.8 202.1 203.7 208.7 210 212.2 214.9 217.5 219.2 219.3 221.3 223.2 224.6 225.6 226.7 228 228.3 226.1 224.4 226.1 229.7 232.7 236.7 239.5 240 240.1 240.1 239.5 238 237 235.6 232.7 231.4 230.7
178.9 179.1 179.3 178.9 174.7 174.5 174.5 176.9 180.5 184.2 188.9 185.4 183.6 181.7 178.7 174.8 174.5 174.5 174.5 174.5 174.5 174.5 174.5 174.5 174.5 177 181.6 183.3 184.7 188.6 190.6 191.4 192.1 192.2 192.7 193.2 193.7 192.9 191.7 193 194.9 197.1 199 199.4 199.5 199.1 202.9 207.2 209 211.3 213.9 216.3 218.9 220.3 222.3 223.3 225.1 226.1 226.1 225.8 223.6 222.4 222.4 223.3 229.6 233 238.4 239.7 240.4 240.7 240.2 239.8 238.9 237.5 236.1 234.8 233.5 232.4
175.4 176.8 174.5 174.5 174.5 174.5 174.5 174.5 178.1 182.1 187 182.7 180.4 179.8 176.9 174.8 174.5 174.5 174.5 174.5 174.5 174.5 174.5 174.5 174.5 174.5 179.5 179.7 182.9 185.1 186.9 188.4 190.2 189.9 190.6 191.8 192.3 191.6 190.4 190 192 193.1 194.6 196.4 196.7 198.4 202.1 205.4 208.2 210.2 211.5 215.2 219.1 220.8 222.7 223.9 225 227.2 228.8 226 221.1 220.4 220.2 222.9 229.4 234.7 238.3 239.5 240.1 241.1 240.6 240.1 239.5 238.1 236.7 236 235.4 235.7
174.5 174.5 174.5 174.5 174.5 174.5 174.5 174.5 176.4 180 182.6 179.3 176.1 174.5 174.5 174.5 174.5 174.5 174.5 174.5 174.5 174.5 174.5 174.5 174.5 174.5 176.1 177 181.2 183 184.3 185.7 187.7 187.7 188.3 189.5 190.8 191 189.9 189.6 188.3 188.6 191.5 193.5 195.7 197.3 200.5 203.9 206.8 209.5 211.8 216.3 219.8 221 222.7 223.9 224.8 225.5 229.2 226.6 221.5 219 218.7 223.2 229.8 233.6 237.8 239 240.6 241.4 240.9 240.2 239.8 238.8 237.5 237.1 236.8 237.7
174.5 174.5 174.5 174.5 174.5 174.5 174.5 174.5 174.5 175.4 177.2 174.5 174.5 174.5 174.5 174.5 174.5 174.5 174.5 174.5 174.5 174.5 174.5 174.5 174.5 174.5 174.5 174.5 176.8 180.1 181.6 183.2 184.7 184.6 185.9 187 188.3 189.7 190.1 190 189.3 188.8 190.7 192.3 194.5 196.8 199.7 202.7 206.1 209.5 212.3 217.5 220.4 221.6 222.8 223.6 224.1 224.3 224 222.9 219 216.2 219.6 224.6 230 233.5 236.9 239.4 241 241.7 241 240.3 239.9 239.5 238.2 237.6 238.5 240.8
174.5 174.5 174.5 174.5 174.5 174.5 174.5 174.5 174.5 174.5 174.5 174.5 174.5 174.5 174.5 174.5 174.5 174.5 174.5 174.5 174.5 174.5 174.5 174.5 174.5 174.5 174.5 174.5 174.5 175 179 180.5 181.3 181.9 183.3 184.5 185.9 187.4 188.8 190.3 190.1 189.8 190.7 192.6 194.2 196.4 199.3 200.9 204.3 209.4 213.8 218.4 220.8 221.5 221.9 222 222.2 222.4 219.6 218.9 215.7 217.2 220.7 226.2 230 234.1 237.5 239.8 241.1 241.7 242 241.3 240.2 239.6 240.3 240.5 239.4 242.3
174.5 174.5 174.5 174.5 174.5 174.5 174.5 174.5 174.5 174.5 174.5 174.5 174.5 174.5 174.5 174.5 174.5 174.5 174.5 174.5 174.5 174.5 174.5 174.5 174.5 174.5 174.5 174.5 174.5 174.5 174.5 176.6 179 180.2 180.7 182.1 183.5 185.1 186.8 189 189.9 190.8 191.4 192.8 194.2 194.6 195.5 197.1 201.1 206.3 212.4 218.2 220.8 221.1 221 220.3 220 219.9 218.9 215.5 215.8 219.3 221.9 226.8 230.7 234.6 238 240.1 241 241.6 242.1 242.4 241.5 241 240.8 240.7 241.3 242.7
174.5 174.5 174.5 174.5 174.5 174.5 174.5 174.5 174.5 174.5 174.5 174.5 174.5 174.5 174.5 174.5 174.5 174.5 174.5 174.5 174.5 174.5 174.5 174.5 174.5 174.5 174.5 174.5 174.5 174.5 174.5 174.5 174.5 179 180 180 180.9 182.7 184.6 186.2 187.7 189.1 190.2 191.5 191.8 190.8 189.3 191.1 197 202.8 206.9 213.3 218.7 219.7 218.2 216.6 216.3 216.2 213.8 214 217.7 219.4 222.3 226.8 230.5 234.2 238.2 239.9 240.8 241.5 242 242.4 241.9 240.9 240.6 240.6 241.2 241
174.5 174.5 174.5 174.5 174.5 174.5 174.5 174.5 174.5 174.5 174.5 174.5 174.5 174.5 174.5 174.5 174.5 174.5 174.5 174.5 174.5 174.5 174.5 174.5 174.5 174.5 174.5 174.5 174.5 174.5 174.5 174.5 174.5 174.5 177 178.3 179.7 181.8 183.1 184.6 185.9 186.9 188 189.2 189.1 188.4 186.5 188.9 193.4 198.3 201.9 205.3 212.3 215.3 212.4 209.8 210.9 210.3 210.7 213.8 215.6 218.1 221.5 225.7 229.8 234 238.1 239.3 240.9 240.8 241 241.5 241.8 241.2 240.5 240.5 240.6 240.1
174.5 174.5 174.5 174.5 174.5 174.5 174.5 174.5 174.5 174.5 174.5 174.5 174.5 174.5 174.5 174.5 174.5 174.5 174.5 174.5 174.5 174.5 174.5 174.5 174.5 174.5 174.5 174.5 175.8 174.5 174.5 174.5 174.5 174.5 177.7 178.5 179.1 180.5 182.1 183.3 184.3 185.2 185.8 186.4 186.9 186.6 187.6 188.8 191.3 195.2 197.2 199.3 204.8 207.6 206.5 206.7 206.1 207.3 210.4 213.3 214.4 216.5 221.2 225.5 229.8 234.2 238.2 240 240.7 240.5 240.4 240.4 240.7 240.8 240.6 240.4 239.9 239.4
174.5 174.5 174.5 174.5 174.5 174.5 174.5 174.5 174.5 174.5 174.5 174.5 174.5 174.5 174.5 174.5 174.5 174.5 174.5 174.5 174.5 174.5 174.5 174.5 174.5 174.5 174.5 174.5 177.9 177.6 178.1 177.8 177.4 176.3 178.2 178.7 179 180 181.7 182.4 183 183.7 184.4 185 185.3 185.8 186.9 187.7 189.5 191.4 193.2 194.4 197.7 199.1 200 200.7 200.5 206.1 210 212.6 213.6 215.5 220.2 225.6 230.4 234.9 238.7 240.7 240.5 240.3 239.7 239 238.7 238.9 239.1 238.9 238.3 237.7
174.5 174.5 174.5 174.5 174.5 174.5 174.5 174.5 174.5 174.5 174.5 174.5 174.5 174.5 174.5 174.5 174.5 174.5 174.5 174.5 174.5 174.5 174.5 174.5 174.5 174.5 174.5 178 178.7 178.9 178.5 178.2 178 176.4 177.4 178.6 178.9 179.5 180.9 181.2 181.7 182.6 183.6 184.5 184.5 185.3 186.3 186.9 187.4 188.6 188.8 189.9 190.4 191.6 192.8 191.3 199.1 205 209.1 211.5 212.8 214.4 218.2 223.7 229.7 234 236.3 239 239.1 238.1 237.1 236.4 235.7 234.8 234.6 234.7 235 234.4
174.5 174.5 174.5 174.5 174.5 174.5 174.5 174.5 174.5 174.5 174.5 174.5 174.5 174.5 174.5 174.5 174.5 174.5 174.5 174.5 174.5 174.5 174.5 174.5 174.5 174.5 177.9 178.7 179.4 179.2 178.9 178.6 178.5 178.5 176 178 178.8 179.3 180 180.4 180.9 181.7 182.7 183.6 183.5 184.3 185 185.4 186 185.4 184.3 185.6 186.8 188.3 189.4 192 198.1 202.9 206.7 210.1 211.1 211.9 216 220.2 229 232.4 233.6 234.9 235.8 235.1 234.1 233.3 232.5 231.3 230.3 230.1 231.6 230.9
174.5 174.5 174.5 174.5 174.5 174.5 174.5 174.5 174.5 174.5 174.5 174.5 174.5 174.5 174.5 174.5 174.5 174.5 174.5 174.5 174.5 174.5 174.5 174.5 174.5 174.6 178.5 179.3 180 179.6 179.5 179.6 179.7 179.8 179.5 177.7 178.3 179.4 179.7 180.1 180.7 180.9 181.8 182.6 182.5 183.4 183.5 183.9 184.6 183.5 182.1 182.4 184.1 185.7 187.8 191 195.7 200.4 203.7 206.6 208.5 208.9 211.9 215.7 222.5 228.1 228.8 230.2 231.8 232 231.2 230.2 229.2 228.2 227 226.7 228.7 227.5
174.5 174.5 174.5 174.5 174.5 174.5 174.5 174.5 174.5 174.5 174.5 174.5 174.5 174.5 174.5 174.5 174.5 174.5 174.5 174.5 174.5 174.5 174.5 174.5 174.5 177.7 179.9 180.3 180.4 180.4 180.5 180.5 180.5 180.5 180.5 180.4 178.8 178.3 179.9 179.7 179.2 180.2 180.9 181.7 181.6 182 182.1 182.5 182.8 181.6 181.4 181.8 182.6 183.5 186.2 188.4 190.7 194.2 197.9 200.1 203.1 204.7 208.9 212.5 218 221.6 223.5 224.2 225.9 226.9 226.1 225.3 224.5 223.5 222.2 222.2 223.4 222.8
174.5 174.5 174.5 174.5 174.5 174.5 174.5 174.5 174.5 174.5 174.5 174.5 174.5 174.5 174.5 174.5 174.5 174.5 174.5 174.5 174.5 174.5 174.5 174.7 176.1 179.8 180.4 180.5 180.5 180.5 180.6 180.6 180.6 180.7 180.7 180.6 180.6 179.2 178.6 178.7 179.3 179.1 178.5 179.5 180.6 180.5 180.7 181 181.1 180.5 181.5 181.8 182.5 183.3 184.8 186.1 187.6 189.9 192.8 194.5 198.2 200.9 205.3 209.1 211.8 213.4 215 216.5 218.3 219.2 221.2 220.6 219.8 217.8 216.6 216 215.6 215.1
174.5 174.5 174.5 174.5 174.5 174.5 174.5 174.5 174.5 174.5 174.5 174.5 174.5 174.5 174.5 174.5 174.5 174.5 174.5 174.5 174.5 174.5 177.6 178 179.6 180.4 180.5 180.6 180.6 180.6 180.6 180.7 180.8 180.8 180.8 180.8 180.6 180.4 179.5 179.9 180.7 181.1 179.5 179.7 178.7 178.9 179.2 179.9 180.8 181.4 182.4 182.9 183.3 183.8 184.1 184.4 185.2 186.2 188.2 190.9 195.7 198.8 200.5 202.5 203.4 203.7 206.1 209 211.1 212.8 214.1 214.8 213.5 212.1 211.3 210.9 210.9 211.5
174.5 174.5 174.5 174.5 174.5 174.5 174.5 174.5 174.5 174.5 174.5 174.5 174.5 174.5 174.5 174.5 174.5 174.5 174.5 174.5 174.5 174.5 174.5 178.4 179.8 180.6 180.6 180.7 180.7 180.7 180.7 180.7 180.8 180.9 180.9 180.8 180.6 180.4 180.3 180.5 180.8 181 181.1 181.2 181.3 181.3 181.2 180.8 181.8 182.8 183.3 183.6 183.8 183.8 184 184.1 183.8 183.9 185.4 188.4 193 196.5 196.4 198.1 199.7 201.4 203.9 206.5 208.4 209.2 210.3 211 209.8 208.4 206.9 205.5 205.7 204.3
174.5 174.5 174.5 174.5 174.5 174.5 174.5 174.5 174.5 174.5 174.5 174.5 174.5 174.5 174.5 174.5 174.5 174.5 174.5 174.5 174.5 174.5 174.5 176.9 179.9 180.7 180.7 180.7 180.8 180.8 180.8 180.8 180.9 180.9 180.9 180.8 180.7 180.5 180.4 180.5 180.8 181 181 181.1 181.1 181.2 181.6 181.8 182.8 183.3 183.7 183.9 184.1 183.9 184 184 184.7 184.8 185.7 187.4 189.8 191.7 192.1 192.9 193.8 196.3 199.3 201.8 203.5 204.7 205.7 206.6 205.4 203.1 201.2 199.4 199.1 200.7
174.5 174.5 174.5 174.5 174.5 174.5 174.5 174.5 174.5 174.5 174.5 174.5 174.5 174.5 174.5 174.5 174.5 174.5 174.5 174.5 174.5 174.5 174.5 176.5 180.1 180.7 180.8 180.8 180.9 180.9 180.8 180.8 180.9 180.9 180.8 180.7 180.7 180.6 180.5 180.6 180.8 180.9 180.9 180.9 181 181.3 181.9 182.8 183.3 183.7 184.1 184.3 184.4 185.1 188.1 189.5 189.2 188.7 188.4 188.5 188.5 190 190.9 192.5 193.4 194.7 196.1 197.1 197.2 198.9 200.1 199.7 198.5 197.3 196.2 196.3 196.5 197.2
174.5 174.5 174.5 174.5 174.5 174.5 174.5 174.5 174.5 174.5 174.5 174.5 174.5 174.5 174.5 174.5 174.5 174.5 174.5 174.5 174.5 174.5 176.4 178.8 180.3 180.7 180.8 180.8 180.9 181 181 180.9 180.9 180.8 180.8 180.7 180.6 180.6 180.6 180.8 180.9 181 180.9 180.9 181.5 182.5 184.1 185 185.1 184.6 185.8 187.4 189.5 192.5 194.7 195.9 195.5 195.3 195 196.1 195.3 195.4 196.2 193.2 194.4 195.6 197.1 197.4 197.5 197.1 196.5 195.8 195.7 195.6 195.4 195.5 195.8 195.8
174.5 174.5 174.5 174.5 174.5 174.5 174.5 174.5 174.5 174.5 174.5 174.5 174.5 174.5 174.5 174.5 174.5 174.5 174.5 174.5 174.5 174.5 177.2 179.3 180.3 180.7 180.7 180.8 181.1 181.1 181.1 181 180.9 180.8 180.7 180.7 180.6 180.5 180.6 181.2 181.4 181.4 181.4 181.6 182.8 184.7 186.3 186.5 188.4 188 190.8 194.4 197.1 198.6 200.8 202.6 202.7 202.7 204.1 205.7 205.8 201.8 201.8 197.9 196.5 198 198 197.8 197.9 199 197.5 197.1 196 195.6 195.6 196.6 196.9 197.4
174.5 174.5 174.5 174.5 174.5 174.5 174.5 174.5 174.5 174.5 174.5 174.5 174.5 174.5 174.5 174.5 174.5 174.5 174.5 174.5 174.5 174.5 177.8 179.5 180.2 180.7 180.8 181 181.2 181.2 181.2 181.1 180.9 180.8 180.7 180.6 180.5 180.4 180.6 181.2 181.8 181.6 182.2 182.5 184.1 186.1 187.3 190.3 194.2 196.1 198.2 202.4 206.4 206.9 209.1 211.8 211.9 211.7 213.2 215 215.4 212.9 206 205.8 197 200.1 205.6 203 206.2 207.9 203.5 202.4 201.5 199.7 199.9 202.4 203.4 203.3
174.5 174.5 174.5 174.5 174.5 174.5 174.5 174.5 174.5 174.5 174.5 174.5 174.5 174.5 174.5 174.5 174.5 174.5 174.5 174.5 174.5 174.5 176.5 178.3 179.6 180.7 180.9 181.1 181.4 181.4 181.2 181.1 181 180.8 180.8 180.7 180.6 180.5 180.8 181.4 182.1 182 182.9 183.7 185.7 189 197.9 200.5 201.4 202.9 206.4 211.4 217.4 217 218.3 221.5 221.4 220.5 221.5 222.1 222.4 221.9 214.6 215.2 212.7 201.9 214.3 215.6 208.5 210.5 209.3 206.7 207.2 206.5 208.9 211.7 209.9 209.6
174.5 174.5 174.5 174.5 174.5 174.5 174.5 174.5 174.5 174.5 174.5 174.5 174.5 174.5 174.5 174.5 174.5 174.5 174.5 174.5 174.5 174.5 174.5 175.3 176.8 179.4 180.6 181.3 181.5 181.4 181.3 181.2 181.4 181.5 181.6 182.2 182 181.5 181.6 182.1 182.5 183.7 184.9 185.5 192.5 198.5 203.7 207.2 208.8 211.8 215.9 219.8 225.2 227.1 227.1 228.2 228.2 227.8 227.2 227.3 226 224.8 220.8 222.8 221.7 215.1 216.8 217.9 210.9 212.5 212.8 209.4 209.4 212.6 216.8 217 215.3 215
174.5 174.5 174.5 174.5 174.5 174.5 174.5 174.5 174.5 174.5 174.5 174.5 174.5 174.5 174.5 174.5 174.5 174.5 174.5 174.5 174.5 174.5 174.5 174.5 174.5 177.9 179.3 180.5 181.6 181.6 181.6 181.6 181.8 182.2 183 183.7 183.5 183 183.1 183.9 184.8 186.2 191.8 199.4 203.8 206.8 209.2 213.5 217.5 221.5 223.6 226.2 231.3 234.4 234.5 235.5 236 236.1 235.7 234.1 232.7 229.6 225.3 223.3 221.3 216.8 214 213.7 214.9 216 216.4 215.4 216.5 217.8 219.8 221 220.1 219.8
174.5 174.5 174.5 174.5 174.5 174.5 174.5 174.5 174.5 174.5 174.5 174.5 174.5 174.5 174.5 174.5 174.5 174.5 174.5 174.5 174.5 174.5 174.5 174.5 174.5 174.8 178.2 179.9 181.2 181.5 182 182.4 182.9 183.7 184.6 185.4 185.4 185.1 184.8 185.9 187 195.7 203.5 208.8 211.6 213.4 215.1 219.2 223.9 226.2 229.6 233.2 237.2 240.5 242.5 244.5 245.5 246.1 246.5 245.4 245.5 240.8 235.8 231.1 227.4 226.8 223.1 221.6 221.8 221.3 219.6 219 219.2 220.4 221.7 222.6 222.8 223.5
174.5 174.5 174.5 174.5 174.5 174.5 174.5 174.5 174.5 174.5 174.5 174.5 174.5 174.5 174.5 174.5 174.5 174.5 174.5 174.5 174.5 174.5 174.5 174.5 174.5 174.5 176.3 179 181.7 182.6 183.1 183.7 184.5 185.3 186.2 187 186.9 186.3 186.4 189.3 197 204.4 211.1 213.8 216.1 219.2 221.5 223.7 228.6 231.6 235.2 239.4 243.8 248 252.1 255 256.1 256.9 257.6 256.4 256.5 253.1 248.7 241.6 239.9 239.1 237.2 234.3 233 234.2 234.1 232.2 230.3 228.5 229 231.4 234.6 235
174.5 174.5 174.5 174.5 174.5 174.5 174.5 174.5 174.5 174.5 174.5 174.5 174.5 174.5 174.5 174.5 174.5 174.5 174.5 174.5 174.5 174.5 174.5 174.5 174.5 174.5 176.7 179.4 182.1 183.7 184.5 185.3 186.1 186.9 187.8 188.3 188.1 187.3 191.5 197.3 202.8 209.2 213.9 217.2 220.7 224.7 227.2 230.7 234 236.8 242.5 248 253.6 256.4 260 264 265.6 266.7 267.5 269 267.5 265 262.6 257.3 256.2 254.5 254 250.1 246.2 247.2 248.2 245.5 244 242.9 243.2 244 247 247.1
174.5 174.5 174.5 174.5 174.5 174.5 174.5 174.5 174.5 174.5 174.5 174.5 174.5 174.5 174.5 174.5 174.5 174.5 174.5 174.5 174.5 174.5 174.5 174.5 174.5 174.5 178.9 180.8 182.5 185.8 186.8 187.5 188.1 188.8 189.5 189.2 191.7 195.4 198.9 203.2 207.6 212.3 216.2 220.3 225.5 230 233.1 237.6 241.4 246 253.2 257.6 263.3 266.8 269.8 272.5 274.3 276 276.1 278.1 278 276.1 273.7 268.8 267.9 267.5 265 263.7 260.6 258.9 261 259.6 258.6 257.5 256.8 257.9 258.5 257.8
174.5 174.5 174.5 174.5 174.5 174.5 174.5 174.5 174.5 174.5 174.5 174.5 174.5 174.5 174.5 174.5 174.5 174.5 174.5 174.5 174.5 174.5 174.5 174.5 174.5 175.3 177.3 180 183.5 186.9 189.2 190.4 191.1 191.8 193.5 195 199 202.5 205 208.4 211.9 215.9 220.6 225.8 230.7 235.3 239 244.1 250.6 256.7 260 264 268.9 273.7 277.4 280 282.4 283.4 285.3 285.9 285.7 284.9 282.3 278.7 276.4 275.5 272.9 273.1 271 268.9 271.9 273.2 274.1 278.5 277.3 273.5 272.5 270.5
