data/250000-940000.asc
ncols 200
nrows 200
xllcorner 250000
yllcorner 940000
cellsize 50
[rows 35 to 69 of 200, columns 0 to 77 of 200]
463.9 441.7 426.5 421.9 421.5 420.3 419.4 417 413.2 409 403.5 400.1 390.7 384 376.2 369.8 365.6 361.6 359.4 358.9 359.4 362.1 369.6 369.8 369.3 366.2 366 368.5 360.6 344.5 329.4 318.7 306.8 289.9 268 257.9 249.4 251.1 249.6 240.5 234.3 235.3 238.3 229.2 216.2 200.5 192.9 187.7 181.4 175.2 164.5 149 133.1 120 110.5 107.6 107.4 106.7 111.7 121.5 137.3 142 143.5 146.1 147.7 145 138.6 126.7 108.2 90.3 87.8 87.8 87.8 87.8 87.8 87.8 87.8 87.8
466.4 446 428.7 420.7 420.9 418.3 415.7 413.5 411.5 406.9 401 396.5 390.6 382.3 374.8 368.5 365.4 360.7 359.1 358.9 360.4 361 365 365.9 364.4 360.5 359.1 360.7 352.7 339 321.7 308.6 294.7 283.8 272.8 259.9 251.7 251.1 250.4 241.8 240.6 243.5 229.1 218.7 208.8 200.3 192.8 187.5 182.2 174.6 159.1 147.2 135 121.1 110.5 107.4 107.5 109 117.1 128.2 141 140.4 140.4 141.9 141.2 138.3 130.5 118.8 103.9 89.6 87.8 87.8 87.8 87.8 87.8 87.8 87.8 87.8
459.2 442.9 427.4 419.8 421.1 417.5 412.6 411.1 409.2 404.1 401 398.3 390.3 381.8 374.8 370 366.1 360.4 358.9 358.9 360.5 360.8 360.3 359.5 360.8 355.3 351.9 351.6 345.5 332.3 312.9 298.5 286.3 278.7 269.4 258.4 250.6 250.9 247 239.2 251.1 236 221.7 214.3 211 201.8 194.7 185.9 178.6 169 156.9 147.5 134.8 114.5 109.1 108.2 108.2 114 123.5 132.8 140.1 139.2 139.1 139.6 135.6 129.9 123 112.6 99.9 88.9 87.8 87.8 87.8 87.8 87.8 87.8 87.8 87.8
443.4 428.4 420.1 415.7 414.8 413.4 409.1 402 401.7 400.1 400.2 401.1 393.3 383.3 376.3 371.3 369.5 362.9 359.4 358.9 360.8 358.2 355.5 355.9 356.1 348.7 342 341.7 336.1 322.7 303.4 284.2 277.8 272.3 263.8 253.8 247.8 246.1 243.9 252.1 243.7 230.8 217.5 209.7 202.9 195.1 189.3 182.9 174.2 164.4 153.7 142.1 126.9 117.9 117.9 112.3 109.6 117.7 126.9 134.5 139.3 139.6 138.5 135.2 131.3 124.3 116.4 105 92.9 87.8 87.8 87.8 87.8 87.8 87.8 87.8 87.8 87.8
424.2 410.9 408 408 407 407.1 402.6 397.4 398.1 399.4 401.1 398 390.2 380.7 375.5 370 369.4 367.2 363 359.5 358.2 355.9 350.3 348.5 349.8 341.8 332.6 329.2 323.5 310 294.4 276.8 270 264.8 257.8 248.8 243.1 240 241.8 246.3 235.1 225.2 212.6 204.6 197.6 187.2 184.8 179.3 169.8 160.5 148.3 136.7 127.1 130.6 125.6 117.9 113 119.8 126.3 134.7 140.3 139.3 134.7 130.7 126.8 119.8 111.9 100.1 88.7 87.8 87.8 87.8 87.8 87.8 87.8 87.8 87.8 87.8
418.2 409.1 404.2 402.8 401.8 401.4 398.3 391.7 390.7 390.5 390 389.2 387.2 380.1 375.5 371.1 370.9 370.7 364.4 358.5 356.2 354.6 350.8 341.3 342.3 336.8 322.4 316.7 310.9 300.7 288.9 273.9 265.2 259.6 253.1 243.4 238.1 237.5 238.3 234.5 229.8 214.7 200.2 193.3 188.4 185.4 182.1 174.5 163.5 154.8 144.5 140.3 129.8 130.9 126.4 120.8 118.9 119.6 128.1 134.1 138.9 134.8 130.5 127.1 121.1 115.2 108.8 98.8 87.8 87.8 87.8 87.8 87.8 87.8 87.8 87.8 87.8 87.8
421.1 407.4 402.3 399.3 401.1 400.7 396.4 390.9 386.8 385.4 384.7 385.7 384.3 379.8 375.1 372.1 371.2 371.3 364.8 357.5 354.3 349.5 341.8 333.9 334.8 328.1 316.1 308.9 304.6 295.2 281.4 269.8 259.8 256.7 250.8 240.3 235.1 230.8 224.7 219.9 220.2 206.6 194.2 189.8 186.6 182.3 178.2 171 162.1 152.7 141.3 133.6 130.9 131.8 126.5 121.9 121.6 120 129.2 136.3 138.9 130.4 127.9 122.4 117 111.6 104.7 93.9 87.8 87.8 87.8 87.8 87.8 87.8 87.8 87.8 87.8 87.8
417.5 405.3 399.9 396.8 399.3 400.3 394.5 388.9 384.4 381.8 380.5 382 381.4 377.6 374.9 372.5 370.7 370.9 363.2 357.2 352.5 343.4 334.6 328.1 325.5 320 310.3 305.6 301 291.7 279.9 266.2 258.2 253.5 251.1 237.2 232.9 220.6 215 211.7 204.8 193.9 186.7 184.7 183.9 181.3 171.4 167 157.9 148.2 137.3 130.2 137.2 135.6 128.5 126.1 127.8 123 131.7 139.9 139.7 130.2 126.2 121.2 115.5 109.4 102 92.6 87.8 87.8 87.8 87.8 87.8 87.8 87.8 87.8 87.8 87.8
410.8 402.2 397.9 391.8 394.8 394.3 392.4 385.9 382.7 380 379.4 380.8 377.5 375.3 372.1 369.2 367.6 364.1 358.3 354.8 350.8 337 328.1 321.2 321.1 312 305.8 301 296 288.7 273.9 263.9 256.5 250.3 245.6 237.4 228 216 210.3 203 196.3 188.4 184.1 183.3 182 178.7 172 162.6 154.8 139.6 139.7 138.7 144.8 141.7 129.1 129.5 131.7 129.3 132 138.5 140.8 130.5 124.8 119.1 114.1 108.5 98.1 89.1 87.8 87.8 87.8 87.8 87.8 87.8 87.8 87.8 87.8 87.8
409.5 399.7 394.5 391 390.9 388.3 387.9 380.4 379.9 376.3 372.5 371.9 371.2 371.9 368 363.4 361.1 357.7 352.1 349 340.7 333.4 325.6 316.7 314 308.3 305 299.8 293.5 281.7 269.1 263.1 255.5 240.6 239.3 235.6 222.8 210.2 205.8 198.4 191.4 185.9 184 184 181 176.5 170.8 161.6 151.9 144.6 149.8 151.7 151.3 143.2 140.3 138.2 142.4 129.6 130.6 138.5 140.2 130.2 122.1 117 113 107.6 93.8 87.8 87.8 87.8 87.8 87.8 87.8 87.8 87.8 87.8 87.8 87.8
406.2 393.9 388.4 386.3 384.1 381.4 379.3 374.5 370.3 369.2 367.1 366.2 364.7 364.1 359.7 356.4 354.1 349.6 347.2 343.2 336.8 329.8 320.8 312.1 303.7 303.3 302.8 294.8 286.4 271.6 265.1 259.5 249.2 238.2 238.5 227.2 214.3 203.7 201.2 193.4 187.3 183.8 182.5 182 179.6 174.9 169.7 157.9 151.8 159.8 162 159.7 153.8 148.9 149.2 150.1 141 131.1 130.1 137.7 139.9 124.6 120.8 115.4 110.6 102.8 92 87.8 87.8 87.8 87.8 87.8 87.8 87.8 87.8 87.8 87.8 87.8
404.5 390.5 383.9 378.5 375.5 374.2 373.1 370.7 367.7 366.1 364.3 361.5 358.1 354.9 350.9 348.4 346.3 344.5 343.7 337.9 333.5 327.5 315.3 302.8 296.9 298.9 298.9 293 279.4 266.8 263.6 255.9 242.1 239.6 239.9 223.2 208.9 200.3 198.8 191.5 186.2 183.3 181.3 179.5 176.9 172.1 167.1 158.7 163.6 169.8 170.6 164.3 156.2 154.6 155 151.6 141.1 134.7 134 137.8 133.8 126.6 118 113.5 108.6 102.2 90.3 87.8 87.8 87.8 87.8 87.8 87.8 87.8 87.8 87.8 87.8 87.8
398.1 382.8 378.4 373 365.9 365.9 368.3 367.1 364.8 362.7 361 355 351.1 347.5 343.6 342.3 340.6 340.4 340.7 333.9 328.5 322.6 305.6 292.6 288.2 289.1 291.9 288 276.9 265.1 259.8 249.7 241.8 247.1 236.7 219.2 210.9 202.4 195.2 190.4 185.8 182.6 181.1 180 174.8 170.8 163.6 162.6 170.3 172.1 171.5 168.9 163.6 167.7 171.5 155.9 142.9 139.2 138 137.3 133.9 125.8 117.7 112.8 106.5 97 88.6 87.8 87.8 87.8 87.8 87.8 87.8 87.8 87.8 87.8 87.8 87.8
388.2 377.9 370.6 361.8 357.7 358.4 360.8 362 359.7 357.3 355.5 350.2 341.8 339 337.3 336.7 335.5 334.4 332.3 327.2 324.5 312.2 297.5 283.5 276 279.2 284.4 284.2 271.9 257.6 252.2 249.2 250.5 242.2 230.8 219.6 216 204.6 193.8 188.5 183.9 181.1 181.6 177.2 170.4 170 168.3 169.1 174.3 174.9 173.1 170.6 168.8 169.5 169.8 158.6 145.6 139 142.5 141.2 133.4 125 118.6 113.3 104.3 93.9 87.9 87.8 87.8 87.8 87.8 87.8 87.8 87.8 87.8 87.8 87.8 87.8
382.2 373.8 363.3 356.4 351.7 351.7 352.9 354.7 353 350.8 349.3 344.1 336.1 331.4 331.4 330.1 329.4 326.9 323.8 319 315.9 303.6 292.5 277.7 269.2 271.1 277.6 277.5 264.7 251.8 243.1 239.3 247 235.1 223.6 215.2 212.1 201.3 192.3 186.5 182.7 179.5 172.2 168.8 169.2 172.1 173.1 174.5 176.6 176.7 175.9 173.6 170.1 169.4 169.2 164.4 147.6 143.7 150.1 144.7 135.8 126.2 121.5 114.8 102.3 90.9 87.8 87.8 87.8 87.8 87.8 87.8 87.8 87.8 87.8 87.8 87.8 87.8
372.8 366.1 357.7 351.8 347.5 346.2 346.1 345.2 344.6 343.7 342.1 337.1 329.7 322.2 325.2 322.3 320.3 317.9 314.7 309.7 307.5 295 287.8 275.8 269 270.4 271.9 269 260.8 249 234.2 238.6 240.1 226.8 217.9 212.2 205.5 196.9 188.6 183.8 180.9 179.1 172.9 179.7 179.7 179.8 178.6 180.5 179.1 178.3 177.8 177 173 169.3 169.1 161.2 148.1 152.8 151.7 146.3 133.8 125.8 123.9 115 103.8 92 87.8 87.8 87.8 87.8 87.8 87.8 87.8 87.8 87.8 87.8 87.8 87.8
365.2 358.2 352.6 347.3 343.1 340.7 339.7 337.7 335.7 334.8 331.4 327.3 320.2 312 314.8 312.7 310.4 307.8 305.9 301.9 297.9 286.9 280.9 272 264.7 267.2 264.6 260.4 251.4 241.1 224.8 226.9 228.4 222 208.5 208.4 203.5 191.1 184.2 180.9 179.4 178.7 180.5 182.9 182.9 182.6 181.3 180.8 179.4 180.3 179.3 179 179.9 174.9 171.1 161 148.9 161.4 157.5 145.7 131 124.8 123.7 114.5 101.9 89.7 87.8 87.8 87.8 87.8 87.8 87.8 87.8 87.8 87.8 87.8 87.8 87.8
356.4 351 347.2 341.8 338.8 334.8 332.5 329.8 326 323.2 320.2 317.5 312 302.6 301.3 298.8 298.7 297.1 297.9 292.2 288.8 279.9 273.2 266.1 258.8 261.6 255.1 246.7 237.5 230.3 210 219.9 221.1 210.6 201.4 200.4 196.5 186.7 181.3 179.1 179.8 181.2 183.1 185.6 186.6 186 184.4 181.3 183.2 184.2 183.2 182.4 180.6 177.1 169.8 159.4 158.5 160.9 155.2 143.7 129.2 124.7 122.9 113.3 99.4 87.9 87.8 87.8 87.8 87.8 87.8 87.8 87.8 87.8 87.8 87.8 87.8 87.8
349.4 344.9 341.7 337.2 332.8 329.4 326.3 321.9 315.9 312.9 309.2 308 303.1 294.7 288.9 283.6 286.6 286.4 287.2 279.8 277.1 270.4 266.6 261.7 256.8 255.8 245.4 235.4 223 208.9 202.1 216.3 210.1 198.5 191.9 190.4 189.6 184.8 178.8 181 182.4 184.3 187.4 189.8 190.4 188.9 187.9 188 189.1 188.9 186 183.7 180.7 179.8 171.4 160.5 160.7 159.7 152.8 140.7 128.1 124.5 120.9 108.5 95.1 87.8 87.8 87.8 87.8 87.8 87.8 87.8 87.8 87.8 87.8 87.8 87.8 87.8
340 337.6 334.5 329.8 324.9 321 318.2 313.2 308.1 302.1 301.1 298 293.8 286.8 279.5 275.3 275.8 276.8 274.7 271.8 267.3 262.2 260.4 255.8 246.6 243.7 236.5 228.6 219.4 204.4 199.1 203.9 201.1 194.1 190.6 188.3 188.1 187.4 183 184 185.5 189.2 193.1 197 195.8 189.1 190.1 194.5 196.5 193.9 187.9 185.4 183.4 180.8 170.3 169.1 165 156.4 148 135.1 125.8 124.5 119.7 108.4 96 87.9 87.8 87.8 87.8 87.8 87.8 87.8 87.8 87.8 87.8 87.8 87.8 87.8
334.5 331 327.3 322.8 318 313.6 310.7 305.9 298.3 290.8 291.6 288.5 284.9 278.4 269.6 267.8 267.7 268.9 267.6 263.4 258.8 255.6 254 250.2 237 230.1 228 222.3 216.8 203.4 197.8 195.1 190.8 190.3 188.2 187.7 188 190 189.2 189 190.1 197.9 202.8 206.2 202.5 195.7 198.1 203.4 205.6 199.2 190.6 187.8 184.5 181.6 170.1 169.5 162 152.5 142.4 129.5 125.2 124.5 119.3 109.1 94.7 88.1 87.8 87.8 87.8 87.8 87.8 87.8 87.8 87.8 87.8 87.8 87.8 87.8
329 325.2 321.8 316.4 312.2 311 301.8 298.4 290 281.7 280.7 277 274.3 268.8 261.1 259.5 260.5 262.4 262.8 261.1 255.7 250.1 244.6 242.4 233.1 221.1 218 209.5 208.3 199.7 199.1 195.3 189.1 187.9 187.6 188.4 192.3 194.4 195.7 195.2 196.4 203.9 212 214.1 207.2 204.3 206.7 211.7 211.3 204.1 195.2 191.2 186.2 178.7 171.7 165.6 159 147.4 136.7 127.8 124.9 122 116.9 108.4 93.2 88 87.8 87.8 87.8 87.8 87.8 87.8 87.8 87.8 87.8 87.8 87.8 87.8
325.7 318.8 313.2 308.3 305.9 303.3 298.8 290.4 283.6 276.3 271.4 268.5 263.4 259.8 255.5 254 255.5 257.7 259.3 257.7 253.3 247.3 239.6 232.7 229.6 220.8 213.5 209.5 201.3 200.4 198.9 190.3 188 187.6 188 196.2 205 203.1 201.7 199.8 202.1 212.4 224.5 219.2 210 209.8 214.5 219.9 215.7 203.8 197.1 191.4 183.7 175.7 169.2 162.7 153.9 142.2 131.4 125.5 123.8 121.9 116.4 102.4 89.5 87.9 87.8 87.8 87.8 87.8 87.8 87.8 87.8 87.8 87.8 87.8 87.8 87.8
319.7 311.2 304.1 299 298.3 298.2 295 288.5 281.2 275 268.9 269.2 262.5 258.1 251.9 250.4 251.8 254.1 255.4 253.3 250.3 244.5 239.3 229.3 225.9 219.8 210.1 199.9 198.7 195.9 188.9 188.3 187.5 187.6 194.1 208.6 212.8 212 208.5 203.9 213.8 230.2 235 223.3 214.7 214.7 219.7 226.8 218.2 203.8 196.4 188.8 181.9 174.9 166.6 159.1 150.2 136.9 128.4 124.5 124.6 121.6 114.7 99 91.2 88.2 87.8 87.8 87.8 87.8 87.8 87.8 87.8 87.8 87.8 87.8 87.8 87.8
314.6 307.7 301.1 296.7 291.5 291.1 289.6 287.9 279.9 274.9 271.2 270.4 268.9 257.9 251.6 249.2 250.9 250.7 250.9 250.9 246.5 239.5 238.7 229 223.6 219.6 211 205.2 199.8 191.2 188.1 187.7 188.4 190.3 204.4 217.1 219.7 219.9 214.6 218 234.6 245.8 239.7 226.7 219.5 219.5 228.3 231 218.8 205 194.7 186.7 180.1 173.9 163.7 155.5 144 134 126.5 124.6 123.8 118.4 110 96.3 88.9 88.3 87.9 87.8 87.8 87.8 87.8 87.8 87.8 87.8 87.8 87.8 87.8 87.8
310.8 307.9 299 297 289.5 289 290 290.9 283.5 276.4 271 269.7 265.6 258.5 252.1 250.2 248.8 249.5 250.8 250.2 248 241.8 241.3 234.7 228.2 222.4 212.4 210.3 202.4 192 189.1 192.6 198 202.6 212 222.9 225.4 220.2 219 229.6 245.2 252.8 244.1 231 226.3 227.5 231 229.2 218.5 204.4 192.5 184.4 177.6 171 159.3 150.4 139.1 131.8 126.1 124.2 121.8 114.8 105.7 93.8 88.1 88 87.9 87.8 87.8 87.8 87.8 87.8 87.8 87.8 87.8 87.8 87.8 87.8
310 309.6 304.5 301.9 296.3 291.7 289.3 290.5 282.5 276.8 271.4 270.7 267 260.3 253.4 249.7 248.7 250.9 251.3 252 252.2 250.7 248.5 239.8 233.4 222.2 219.9 214.5 201.7 198.7 195.6 201.4 208.5 211.4 219.2 231.1 229.2 219.6 223.3 237.9 247.5 250.6 243.3 235.7 233.6 229.8 228.5 223.1 214.7 203.5 188.8 180.5 175 169.7 156.9 147.2 136.1 129.4 125.1 122.8 119.1 112.1 102.4 93.6 88.5 88.1 87.8 88.3 88.5 87.8 89.2 88.7 88.1 87.8 87.8 87.8 88.1 88
313.2 312.1 309.7 309.6 300.9 295.8 291.8 289.5 283 278.7 276 272.3 268.9 262.8 254.5 249.9 254.2 263.2 265.2 259.2 258.6 259.3 252.4 245.7 238.1 230.5 225.7 213.5 205.8 203.6 199.2 204.6 211.7 220.5 237.7 241.8 226.2 220.7 230.2 243.4 247.3 248.9 241.9 239.3 240.3 230.4 224.4 218.4 209.9 197.1 185.2 177.6 171.8 164.1 157.3 143.1 134.1 127.8 123 119.7 116.1 109.7 99.5 91.8 89.1 89.4 89.2 88.6 88.6 89.4 93.6 92.3 89.2 88.5 87.8 88.2 88.6 88.1
318.3 320.7 321.1 314.8 308.2 299.7 295.8 290.8 282.6 278.7 279 279.3 272.7 264.1 258 259.2 265.2 276.1 277 267.1 269.3 268 259.6 253 242.5 234.9 229.9 213.7 210.9 209.5 206 212.2 218.6 232.7 251 233.7 228.7 230.4 238.7 242.1 246.4 245.4 240.7 239 234.6 227.1 219.2 211.1 202.8 190.1 179.5 173.5 166.6 158 151.5 138.3 127.5 121.5 118.6 116.2 112.9 105.3 97.4 90.7 89.2 90.5 89.8 89.4 90.3 94.4 100.1 98.6 94 89.2 89.2 88.8 88.7 88.2
319 319.7 319.7 319.6 312.8 303.6 297 292.1 285.9 282.7 279.7 280.8 276.4 266.6 268.7 271.2 282.7 287.3 281 277.6 289.3 281.3 267.1 257.6 246 236.5 230.4 219.8 219 209 214.3 220.8 231.3 247 246.4 233 229.1 233.1 239.7 241.2 243 242.3 240 236.1 229.5 221.1 212.4 203.8 194.7 183.3 173.7 167.6 159.6 152.9 144 130.8 121.9 116.8 114.6 112.7 110 100.9 99.3 93.6 89.6 91.1 89.5 89.8 96.7 100.8 105.9 104.5 97.3 91.5 91.1 91 88.9 88.9
319 319.8 327.4 326.3 319.4 306.7 300 298 293.9 288.7 287.1 283.7 279.6 276.3 281.8 286 299 293.8 284.9 291.1 297.8 289.5 272.8 257.6 249.7 242.3 234.7 230.1 220.2 220.5 225.5 227.8 237.7 251.2 243.2 230 231.5 237.9 241.4 241.6 241.9 240.4 237.8 233.7 226.4 216.7 206.6 195.6 186.5 174.9 166 161.4 154.7 147.1 137.9 125.3 118.3 113.9 111.8 110.2 103.6 99.8 100.3 96.8 92.1 90.5 89.1 99.7 106 109.4 111 109.7 101.1 94.8 93.6 91.1 89.2 89.2
324.5 330 331.1 330.9 322.3 309.8 305.7 305.9 302.2 296.5 293.1 289.5 285.3 287.2 295.5 299.7 301.4 296.8 292.8 298.4 301 294.6 276.4 259.1 254.2 248.6 242.6 234.5 228.8 232.6 234.1 236.8 240.9 242.4 238.7 237.3 237.9 240.9 241.1 243.3 242.5 239.2 235.2 230.2 220 210 201.6 188.6 177 168.8 160.1 153.4 147.6 142.3 132.3 121 116.5 111.1 110.4 106.6 100.5 100.7 100.7 98.9 99.6 95.8 96.3 112.9 117.6 116.5 118.7 114.5 103.5 97.9 93.8 90.6 89.2 91.1
331.9 333.1 332.5 331.2 323.4 314.1 310.5 313.2 311 304.4 300.9 297.8 299 302.7 307.6 306.8 306.4 301.2 302.3 301.5 301.9 293.7 278.4 266.5 258.6 250.7 247.9 241.2 239.8 238.9 237.8 240.3 241 240.7 239.2 240.8 239.9 241.1 242.8 243.2 241.8 237.9 232.8 224.3 211.6 203.6 194.3 181.2 171 161.7 154.9 147.8 139.8 133.8 125.4 114.5 111.8 109.4 108.7 104.2 101.8 103.1 102.9 102.2 104.4 105.4 110.6 127.9 125.9 123.5 121.6 119.7 107.5 99.7 94.3 90.6 89.7 90.4
334.6 335.7 334.5 331.6 325.3 320.4 320.2 319.5 315.9 311.3 309.6 310.7 311.7 316.6 317.9 310.6 309.6 309.5 310.3 308.5 302.7 291.4 281.7 275.7 264.6 256.4 250.9 249.4 251.1 243.1 241.2 243.3 244 241.9 242.3 242.1 241.4 241.9 241.7 241.2 238.8 234.8 227.8 216.1 205.7 197.2 184.7 171.7 163.4 155.9 147.9 142.2 132.3 125 116.2 109.4 109 109.1 109.2 108.5 110.4 107.8 108.5 109.9 115.5 121 131.6 140.8 136.3 128.7 123.4 119 110.9 101 94.8 90.6 90.7 90.8
337 338.2 337.7 334.9 331.6 329.2 327.6 324.9 321.3 319.2 318.4 319.3 320.2 320.9 318.5 314.2 312.5 311.2 311.1 308.4 300.1 292.4 289.2 278.8 269.4 263.2 257.8 252.6 251.4 247.4 244.2 246.3 248.2 248.9 248.7 245.3 242.8 242.6 240.8 237.4 234.2 228.6 219.5 207.2 196 187.4 175.8 168 160.4 152.7 143.4 134 125.9 118.5 114.9 111.3 110.5 113.1 116.7 117.7 113.8 115.2 120.6 122 132.7 138.2 150.4 158.5 153.6 133.8 125.3 120.4 109.4 103.5 97.8 91.6 90.2 90.2
