data/250000-620000.asc
ncols 200
nrows 200
xllcorner 250000
yllcorner 620000
cellsize 50
[rows 70 to 104 of 200, columns 0 to 77 of 200]
125.3 128.3 129.1 130 131.5 132.8 134.2 135.7 137.1 138.6 140.3 141.4 142.7 142.8 142.3 141.8 141.1 140.4 139.7 140.3 140.9 141.5 142.4 143.2 143.4 143.8 144.3 143.3 141.8 143.6 146.6 147.5 147.9 147.5 147.1 146.6 146.1 145.4 144.5 143.5 142.4 141.2 138.8 136.7 130.8 122.8 113.8 107.7 98.6 95.3 102.4 105.9 107.7 102.6 103.2 106.3 109 111.5 111.9 113.5 116.5 118.9 122.8 125.2 127.4 128.6 129 129.9 131.2 132.7 133.8 135.8 133.5 131.7 126.1 119.1 116.5 116.6
123.2 126.8 127.2 128.1 129.6 131.1 132.2 133.8 135 136.2 137.7 138.3 139.5 140 139.8 138.8 138.9 138.4 138.6 140.1 141.2 140.9 142.1 142.5 142.3 142.1 141.8 141.2 141.1 143.2 147.7 148 147.7 147.6 147.4 146.6 145.6 144.8 144.1 142.9 142 141.2 139.9 135.1 127.5 113.5 103.3 96.7 92 95 100.5 102.7 99.8 103.8 108.6 111.2 113.1 114.7 116.1 117.4 118.8 121.6 124.4 126.7 128.6 130 131.3 132.7 133.9 134.8 135.4 129.5 117.2 106.3 104.6 104.4 105.8 107.2
123.3 125 125.6 126.2 127.7 129.2 130.8 132 133.1 134.4 134.7 135.2 135.1 136.7 136.4 135.4 131.2 135.4 138.8 140 141.3 142.3 142.3 142.4 141.6 141.2 139.2 138.8 138.9 141.2 145.3 147.9 147.5 147.7 146.1 145.7 144.8 144.2 143.6 142.3 141.6 140.7 139.7 136.1 120.2 102 96.1 93.8 92.8 94.7 96.7 99.2 106 108.7 111.5 113.6 115.6 117.5 118.8 120.2 120.7 123 125.4 127.6 129 130.7 132.6 134.3 135 135.6 124.9 110.9 102.6 104 104.4 104.9 106.1 106
121 123.4 124.1 124.7 126 127.7 129.3 130.7 131.2 131.8 132 131.5 131.3 132.4 132.2 132.3 133.6 135.7 137.7 139.9 141.1 142.2 142.5 142.4 141.6 139.7 137.6 135.8 135.7 138.5 140.6 143.9 146.8 146.1 144.4 143.8 143.5 143 142.6 141.8 141.2 140.3 139.4 134.4 113.8 95.1 93.7 91.5 92.7 94.2 96.1 100.9 107 111.1 113.9 116 117.9 119.9 121.5 122.3 122.1 123.8 126.1 127.8 129.4 131.2 132.9 135.3 135.6 129.1 105.3 102.2 103.3 103.2 103.8 105 105.4 104.8
115.6 120.2 121.4 124.5 125.5 126.4 127.9 129 130.1 129.9 130 129.4 128.6 129.2 129.5 131 133 135 137.1 139.1 140.9 141.7 142.1 142.3 140.6 138.5 136 133.4 132.8 134.6 136.5 138.9 141 141.8 141.4 141.3 141.6 141.3 140.9 140.3 139.8 139 138.6 133.1 110.2 95.9 91.9 89.7 92.9 94.3 95.8 99.3 106.2 113.8 116.2 118 119.8 122.2 124 124.1 123.9 124.6 126.3 127.4 128.5 130.8 133 134.7 135.3 123.6 100.9 102 102.9 104.7 103.9 104.1 104.4 104.8
117.1 120.7 122 123.3 122.7 126.4 126.7 127.4 128.4 128.3 127.9 127.3 127.2 127.1 128.9 130.5 132.3 134.4 136.4 138.2 139.8 140.8 140.6 140 139 137 134.2 131.1 127.5 130.2 132.2 133.5 135.5 138.2 138.9 139.8 139.6 139.3 139.1 138.5 137.7 137 137.1 127.5 106.1 95.6 90.3 91.4 92.8 94.2 95.8 100.3 107 115 118 119.7 121.5 124 125.6 125.6 125.6 125.4 126.2 126.5 127.7 129.8 131 133.9 134.6 121.2 100.9 102.5 103.2 104.8 107.5 112.8 110.2 111.2
117.4 120.2 121.6 122.9 124.1 125.1 124.7 126.6 127.1 127.2 126.6 126.4 126.4 126.6 128.3 130 131.8 133.6 135.2 136.7 138.2 138.6 138.1 137.2 136.1 134.4 131.4 128 124.4 125.8 127.4 128.7 131.2 133.9 136.6 138 137.8 137.7 137.3 136.2 135.6 135.5 135.8 116.4 93 91.4 90.2 91.4 92.6 94.5 96.3 100.8 108.7 116.6 119.3 121.2 123 125.3 126.9 126.8 126.2 125.9 125.8 125.9 126.4 127.4 129.3 131.9 132.3 117.9 100.8 101.6 103.1 104.8 112.6 116.2 117.8 121.7
116.3 119 120.7 122 123.2 124.1 124.9 122.1 126.5 126.1 125.7 125.5 125.8 126.2 127.7 129 130.7 132.1 134 135.5 136.3 136.2 135.5 134.5 132.9 130.9 128.3 125.1 121.8 121.7 123.4 125 127.6 130.4 134.7 136.2 136.3 136.3 135.1 133.9 133 132.4 124.2 100.5 90.8 88.9 89.8 91 92.7 93.4 98.4 105.1 112.3 118.3 120 121.7 123.9 126.2 127.3 127.2 126.5 125.7 124.9 123.5 123.8 125.4 126.6 125.9 120.2 112.3 104.5 97.9 101.6 103.7 114 117.1 122 127.8
114.7 117.8 119.5 120.9 122.1 123.1 123.9 124.4 124.7 119.4 124.8 124.3 124.7 125.8 126.6 127.9 129.2 130.7 132.5 133.5 133.9 133.5 132.8 131.8 129.7 128 125.6 123.5 119.7 117.9 119.3 121 123.4 128.2 132.8 134.4 134.5 134.1 132.8 131.6 130 128.4 103.3 85.1 87.2 85.1 89.3 90.5 92.2 93.4 96.5 104.5 110.5 119.8 120.5 121.5 123.6 126.8 127.5 127.5 126.6 124.7 121.1 109.5 105.5 107.9 113.1 112 107.5 106 103.6 99.3 100.3 101.4 112.2 121.2 125.9 130.4
113.6 116.2 117.7 119.2 121 122.1 122.8 123.2 123.6 124 123.3 123.4 124.5 125 125.9 126.7 127.5 129 130.2 131.4 131.1 130.8 130.1 129.2 126.8 124.8 123.6 121.2 117.6 115.4 116.7 118.2 121.2 124.6 129.3 131.3 130.7 130.8 129.8 128.5 126.6 111.9 88.2 87.1 87.8 88.5 89 89.1 90.1 92.1 91.8 93.1 97.5 99.3 104.9 114.8 122.7 126.7 126 121.6 121.5 119.5 101.7 99.3 100.5 100.6 100.6 101.1 102.2 100.6 100.6 101.7 95.5 99.5 103.1 125.1 128.3 133
111.6 114.3 115.9 117.6 119.3 121 121.6 122 122.5 122.6 122.8 123.2 124.4 124.6 125.5 126.2 126.7 127 127.9 128.6 128.2 128.1 127.2 126.2 124.2 122.4 121.1 118.7 114.8 112.2 116 118.9 120.9 123.1 125.3 123.9 120.8 121.9 124.9 124.5 121.2 101 85.4 88.2 87.7 88.4 88.7 89 86.1 90 91.2 91.3 91.4 91.7 95.1 103.2 110 108.8 106.4 101.6 100.9 89.9 94.5 95.5 91.2 97.8 98.6 99.5 100.9 101.6 101 102.4 100.2 99.1 99.5 116.5 132.4 134.9
109 111.8 113.9 115.8 117.3 118.9 119.9 120.6 121 121.1 121.3 122.1 123.3 124.2 125.1 125.7 126.1 126.2 126.2 125.9 125.6 125.1 124.7 123 121.1 119.4 118.1 115.2 110.6 113.3 116.7 119.7 121.7 123.5 122.3 114.9 105.9 104.9 109.1 110.2 102.1 88.6 86.8 88.8 88.2 88.4 88.5 89 89.7 89.8 86.7 90.5 90.8 91.1 91.6 92.1 93.2 93.5 94 94.1 93.3 94.2 94.9 95.5 96.3 91.2 97.4 98.2 99.7 100.9 101 100.8 100.5 95 99.4 111.1 133.1 136.8
107.3 109.5 111.7 113.7 115.2 116.8 118.2 118.9 119.3 119.6 119.8 120.9 122.6 122.6 124.7 125.1 125.4 125.6 125.5 125.7 121.2 122.7 121.7 119.7 117.7 116.2 113.4 109.2 109.3 114.5 117.8 120.4 122.1 123.3 121.5 109.6 97.5 93.2 90.9 90.4 89 86.4 88.3 88.6 88.4 88.8 90.2 89.4 89.5 89.5 90 90.8 87 91.1 91.5 92 92.6 93 93.3 93.6 89.3 94.7 95.6 96.3 97.2 97.7 94 94.3 98.5 99.6 99.8 99.8 99.7 100.7 98.3 109 132.5 137.5
105.8 108 110.2 111.8 113.2 114.7 116.2 116.9 117.6 117.8 118.3 120 121.7 122.9 120.5 124.7 125 124.8 124.4 123.5 122.8 121 117.5 116.3 113.7 110.6 106.5 105.6 113 117.4 120.3 121.1 122.8 123.5 122.2 109 95.1 89.2 87 86.7 86.2 85.5 88.7 89.2 90 90.2 96.5 97.3 91.8 89.3 90.4 90.7 91.1 91.4 87.3 91.6 92 92.5 92.7 93.6 94.3 95.4 96.3 97 98.1 104 106.8 97.5 91.1 98.2 98.6 98.7 98.7 100.3 95.1 115.3 133.4 137.9
104.5 106.7 108.7 110.1 111.5 112.8 114.1 115.3 116.1 116.5 117.6 118.9 120.6 121.6 122.9 124.2 123.8 123.5 122.8 121.9 120.9 118.6 115.9 112.9 108.6 105.3 104.2 110.3 115.7 119.2 121 122 122.7 123.2 122.9 113.1 94.5 83.2 83.4 84.4 84.6 88.2 89.4 90.1 91.2 93.7 107.5 113.9 105.8 100.5 92.5 90.5 91 91.6 91.9 89.9 91.7 92.2 92.1 94 95.5 96.3 97.1 98.3 100.3 105.3 110.8 111.3 100.4 92.2 94.1 95.7 95.2 93.7 111.6 126.9 135 138.2
103 105.3 107 108.4 109.8 111.1 112.1 113.3 112.2 115.6 117 118.2 119.4 120.5 121.6 120.8 122.5 122.1 121.1 119.9 118.4 115.6 112.2 108.2 105.1 111 107.9 112.7 116.1 118.6 120.7 121 120.9 119.8 118.1 114.3 98.6 83.2 96.2 92.5 86.8 90.7 92.5 91.1 94.3 106.2 118.3 119.2 120.2 117.1 102.3 92.7 91.1 92 92.2 91 88.8 88.6 93.6 94.6 96.5 99.3 99.9 100.1 107 110.8 112.6 114.6 113.9 106.5 103.5 104.3 108.8 122.6 131.2 133.1 135.5 138.5
102.2 104 105.4 106.8 108.1 109.2 110.2 109.9 111.3 113.7 115.3 116.7 117.8 118.8 119.7 120.2 120.4 120.3 119.3 118.2 115.9 111.2 106.8 102.3 101.4 108.9 109.7 112.4 115.5 117.5 118.3 117 115.2 112.3 111 109.2 99.6 83.2 96.1 104.4 105.4 106.4 113.7 111.7 115.7 121.4 119.6 118.4 118.2 118.7 119.5 108.6 95.9 92.1 92.9 93.6 94 94.7 94.7 95.7 100 100.8 102 105.5 111 113 115.4 117.2 118.7 121 119.6 123.8 125.4 128.2 131.2 133.9 136.3 138.4
100.9 102.9 104 105 106.1 107.2 108.3 105.2 109.8 111.8 113.2 114.6 116 116.9 117.7 118.2 118.6 117.8 117.1 116 114.4 106.5 100.9 94.5 102.4 106.9 109.5 111.4 110 115.4 116 115.6 108.3 104.4 102.3 101.7 93.1 83 96.1 105.1 111.3 116.1 119.2 121.3 122.1 122.6 123 123.1 122.8 122.5 122.7 121.9 110.5 99.2 94.1 94.5 95.6 96.1 96.2 97.6 100.7 102.2 107.4 111.8 114.4 116.5 118.8 120.5 121.3 123.1 123.7 124.5 126.1 128.2 130.9 133.6 135.8 137.8
99 100.5 101.6 102.6 103.7 104.8 102.6 105.8 107.6 109.4 110.7 112 113.2 114.2 115 115.4 119.3 115.4 114.4 112.9 110.5 106.6 95.4 96.8 101.1 106.6 108.2 110.2 112.5 113.4 113 109.2 100.7 95.6 93.1 90.1 84.2 91.1 103.7 107.9 114.4 118.7 120.3 121.7 122 122.4 123.5 123.7 123.5 123.6 122.9 121.3 118.6 116.2 109.9 95.8 96.9 98.8 103.7 102.5 105 108.5 112.7 117 118.4 120 122 123.7 124.7 124.8 125 125.4 126.4 128.2 130.2 132.8 135.4 137.2
96.3 98 99.1 99.9 101.1 101.7 96.1 103.5 105.3 106.2 107.7 109.2 110.4 111.3 111.7 112.2 120.5 110.9 110.2 107.2 106.2 98.2 89.8 95.7 103.7 106.1 107.4 109.4 110.9 111.5 109.6 100.6 89.2 85.5 83.5 83.1 98.8 109.5 110.4 113 117.4 119.8 120.8 121.1 121.1 121.1 121.4 121.9 122 122.3 121.4 118.4 116.1 113.6 102.5 97.6 102.1 107.7 109.7 110.7 114.3 115.5 118.7 120.5 122.1 123.6 125 126.7 127.4 127.4 127.3 127.2 127.1 127.6 128.8 131 134.1 137.8
90.6 93.8 94.4 95.1 96.2 97.6 91.3 99.6 100.8 102.5 103.8 105.3 106.3 107.9 107.8 107.5 113.2 109.2 102.7 96.2 92.9 87.6 93.7 102.6 102.4 103.7 105.6 107.4 108.9 109.1 99.3 79 80.6 86.9 96.2 105.2 111.2 113.1 114.4 116.8 118.6 120.7 120.9 120.6 119.6 118.6 118.9 118.9 119.1 119.6 118.5 115.5 112.5 103.7 98.3 99.8 108.6 110.6 112.7 114.7 116.8 119.3 122.2 123.7 125.2 126.7 128.5 129.5 129.9 129.8 129.6 129.3 129.1 127.4 128.2 128.4 132.2 136.2
82 83.9 85.3 86.5 88.5 82.6 74 75.3 86.3 92.9 95.5 99.4 101.6 104.3 104.6 100.5 92.6 83.2 72.5 73.3 78.4 86.4 101.4 75 85.5 97.2 102.3 103.9 105.1 103.7 96.4 82.7 89.1 104.5 108.4 111 112.5 113.5 116.2 118.7 120.7 121.9 121.4 120.6 119.4 117.4 116.1 115.7 116.2 116.3 114.9 112.6 104.2 98.6 100.8 108.7 112.5 114.2 115.8 117.7 119.7 122.5 125.2 126.9 128.3 130 132.1 132.6 132.4 131.9 131.6 131.3 130.9 127.9 126.1 126 127.6 133
77.9 74.6 74.1 72.7 71.4 68.8 71.3 72.8 69.2 79.3 84.9 90 92.4 94.5 88.2 79 71.6 75 84.1 86.2 76.8 76.2 74.9 79.9 75.3 84.3 98.4 99 98.7 94.8 82.6 83.7 92.1 105.4 108.9 110.9 112.9 113.6 115.8 119.7 121.8 121.9 121.4 120.4 119.3 116.8 115 114.2 114.3 113.7 112.6 101.9 99.4 100.1 107.2 113.7 115.4 117 118.6 120.7 122.7 124.9 127.6 129.3 131.4 133.3 135.6 135.4 134.7 134.1 133.7 133.4 132.5 129.2 126.3 124.6 124.6 128.4
72 71.7 71.2 69.7 68 72.3 76.7 76.9 75.8 69.6 75.7 76.9 75.7 72.5 71.5 78 82.8 93.5 101.3 102.3 106.2 106.2 93.1 86.2 76.1 80.4 86.4 88.4 84.5 82.6 81.3 82.3 93.5 103.7 107.4 110.2 112.9 114.4 115.6 118.9 120.6 120.2 121.3 120.4 119.3 116.2 114.5 114.3 113.3 112.2 105.7 100.4 106.2 108.2 113.5 115.6 117.7 119.8 121.6 123.4 125.2 127.3 130 131.4 132.5 135.7 138.5 138.2 137.3 136.5 135.9 135.2 134 129.7 126.5 124.9 124.6 126.4
70.2 69.8 67.7 77.4 82 81 80.1 80 79.2 78.2 70.5 72 76.8 81.9 83.9 87.9 95.4 106.2 118.2 108.1 108.4 109.1 108.6 95.9 77.1 80.1 80.8 81.7 81.7 81.5 79.1 86.7 99.8 104.3 107.2 110.8 113.2 115.4 117.5 118.7 120.8 121.5 122.3 121.1 119.9 116.8 114.8 113 111.7 110.6 103.9 105.2 109.8 111.4 115 117.2 119.6 122.1 124.4 125.7 126.9 128.4 131.4 133.1 134.1 138.1 140.7 139.8 139.3 138.5 137.4 136.4 134.6 128.8 125.7 125.4 125.1 126
68.7 65.1 78.6 93.5 93.9 91.5 88.3 86 84.1 83.4 81 81.4 81.9 83.8 92.2 98.2 101.4 105.2 123.2 109.8 110.2 111.2 112.4 107.4 86.9 77.3 80.4 80.9 81 81.2 80.4 88.2 102.2 107.7 109.2 111.9 114.3 116.5 119.3 120.8 122.4 123.4 123.2 122.4 121.2 119.2 117.1 115.4 113.5 111.5 108.1 103.5 104 111.8 116.4 119.6 122.2 124.6 125.5 126.7 128 129.2 131.1 133.4 136 139.4 141.3 141 140.7 139.7 138.7 137 134.3 127.8 125.9 126 126.1 127
76 87.9 95.5 97 97.2 97.7 97.2 95.5 93.2 87.8 83.4 85 84.8 90.5 94.8 99.9 104.1 107.3 113.7 118.2 112.2 113.6 115 115.9 108 92.9 81.9 78.3 78.6 81.7 84.5 93.5 98.4 109.1 112.2 113.8 115.8 117.9 120.5 122.7 124.3 125.2 125.3 125 123.6 121.9 120.4 118.7 116.1 114.1 111.6 110.9 104.7 109.3 116.2 120.6 123.7 125.1 127.4 127.8 128.8 129.5 130.7 132.5 134.8 137.5 140.3 140.9 141 140.1 139.3 137.3 132.1 126.5 125.6 126.1 127.5 129
95.5 96.8 98.2 98.4 98.2 98.9 99.6 98.2 94.7 89.5 83 88 89.3 92.6 96 100.3 105.1 108.7 112.2 122.3 116.1 117.6 119.2 119.7 118.7 113.2 105.7 101.8 101.9 100.8 92.2 101.8 100.4 108.7 113.1 114.9 116 118.4 121.3 124.3 126 127.2 127.7 127.4 126.3 125.4 124.1 121.2 117.6 115.2 112.7 110.4 105.5 107 115.6 120.1 123.5 125.9 127.3 128.3 129.4 129.6 129.4 129.5 131.6 133.1 134.3 135.8 136.8 136.8 136.2 133.3 128.1 125.6 126.8 128.1 129.6 131.1
98.1 99.4 99.7 99.3 99.3 99.6 99.5 97.7 92.7 89.4 85.3 88 89.9 92.4 95.9 100.1 106.1 111.1 114.7 117.8 124.8 121.9 123.4 123.5 122.8 121 118 115.2 112.5 108.4 109 104.1 111.2 108.7 112.4 113.9 115.4 118.3 122 124.8 127.3 128.8 129.9 129.7 128.9 127.8 125.1 121.3 118.4 115.9 113.4 109.4 107.6 108.6 114.1 119.7 122.9 125.2 127.2 128.4 129.5 129.6 129.3 128.8 128.4 128.5 129.5 130.2 130.9 131 130 127.8 124 126.4 128.9 130.2 131.6 133.2
100.9 101.2 100.7 99.6 98.5 98.5 96.9 94.1 90.4 87.2 87.1 89.7 92.2 94.9 98.6 102.8 108.6 113.4 117.7 121.4 124.9 126.7 127.8 127.2 125.9 123.7 121 117.3 113.8 108.1 112.2 103.4 113.6 113.4 112.8 111.7 113.3 116.4 120.1 122.7 125.6 128.3 129.6 130 129 128 124.6 121.1 118.3 115.7 113.9 113.9 112.9 108.3 110.2 118.2 121.7 124.1 125.8 127.2 128.3 128.4 127.8 127.1 126.6 125.2 124.6 124.6 125.5 125.3 124.7 123.4 126.2 129 130.5 132.3 133.7 135.6
103.3 103.1 101.9 99.2 96.2 94.2 91.5 89.1 88.5 88.2 89.9 92.7 95.2 98.7 102.2 108.2 112.7 117.1 121.2 125.1 128.5 129.6 129 130.3 128.6 126.1 122.9 119.4 114.3 115.1 115.1 111.3 114.7 115.5 115.6 114.7 114.4 115.1 117.6 120.3 122.2 124.9 127 128.1 128.2 127.1 124.4 121.1 119.2 116.8 115.9 115.6 114.4 113.1 108.6 112.5 118.9 121.3 123.4 125 126.5 126.1 125.4 125 125.1 123 120.8 120.5 120.6 121.1 122.8 125.4 128 131.2 133 134 135.2 137.7
104.9 103.2 101.3 96.6 93.7 91.9 89.6 89.3 90.2 91 93 95.7 98.5 102.1 107.6 112.9 116.8 120.6 124.7 128.7 131.7 132.7 133.2 128.4 131.2 127.9 123.2 119.1 119.1 118.9 118.4 113.8 117.3 118.2 118.2 118.4 119.5 120.1 120.7 121.7 123.2 124.2 126.4 127.6 127.6 126.3 124.2 122.6 120.6 116 118.8 117.5 116.4 115.4 116 112.3 110.9 114.6 120.6 122.5 123.8 123.4 123.7 123.2 122.6 120.9 118.9 119.4 120.6 122 124.7 127.4 130 132.6 134.2 135.7 137.1 139.3
104.3 100.7 96.7 93.5 92.1 90.5 90.4 91 92.2 94.5 96.6 99.5 102.5 107.3 112.6 116.3 119.9 123.5 127.7 130.8 133.9 135.3 135.5 134.7 127.5 127.6 123.5 120.2 121.1 121.1 120.2 115.5 120.2 122 121.5 121.7 123 124.8 125.5 126.6 127.2 126.2 127.3 127.8 127.9 127.5 126.4 124.9 122.6 121.6 122 120.8 118.8 118.7 119 118.7 110.9 114.1 111.8 118.1 121.1 120.6 120.5 120.1 119.5 118 119.4 121.1 122.7 124.4 126.9 129.4 131.4 133.4 135.3 136.8 138.5 140.8
100.6 96.6 93.9 92.4 91.1 91.6 91.7 92.3 95 97.3 100.2 103.4 107.1 112.1 115.5 119.2 122.8 126.4 129.8 132.8 135.7 136.8 137.1 135.4 132.5 127.2 123.5 123.9 123.6 123.4 120.4 118.8 122.2 125.3 124.3 124.9 126.3 128.8 130.1 131.5 131.8 131 129.9 128.9 128.7 129 128.6 127.1 123.4 125.2 125.3 124 123.6 122.5 122.3 122.9 121.3 119.7 118.7 114.6 114.2 116 116.4 116.4 117.2 116.8 119.3 122 123.9 126.2 128.3 130.5 132.3 134.3 136.3 137.9 140 142.3
97.4 96.1 94.3 93.1 93.7 94.5 93.8 94.3 97.8 100.8 103.6 106.7 110.9 115.5 118.6 122 125.7 129.1 132 134.7 137.4 138 137.9 136.1 132.3 127.2 127.6 126.7 126.3 124.5 122 122.8 123.1 126.4 126.6 127.6 129.7 132.4 134.4 136.2 137 136.4 135.4 133.1 130.3 129.5 129.8 128.7 124 128.1 128.7 127.1 126.7 126.9 127.8 127.2 124.8 122.4 121.9 118 116.2 113.7 115.1 115.9 116.6 117.6 119.2 122.7 125.5 127.7 129.7 131.6 133.6 135.4 137.3 139.2 140.8 142.4
