data/250000-60000.asc
ncols 200
nrows 200
xllcorner 250000
yllcorner 60000
cellsize 50
[rows 140 to 174 of 200, columns 78 to 155 of 200]
143.9 148 151.5 155.4 158.6 161.5 165.1 168.5 172.3 175.9 179.3 182.3 183.6 186.5 186.2 189.7 192 197.2 202.8 207.3 213.6 218.5 224.7 230.7 236.6 242.5 248.9 255.4 261.9 268.7 273.2 277.8 280 282.1 284.1 285.1 286.5 289.4 300.6 306.6 305.4 294.3 291.6 290.9 290.9 290.9 297.5 286.5 285.4 283.9 281.4 279 279.3 280.6 270.2 264.6 264.8 259.2 259.6 259.7 259.4 256.7 255.6 255.5 256.5 252.6 252.7 251.2 254.3 256.7 256.8 258 269.9 278.7 267.9 251 236.7 226.6
159 164.3 167.8 169.8 169.8 170.4 170.3 168.9 170.2 173.9 176.3 178.5 179 181.2 185.2 189.4 193.9 199.9 204.5 209 214.3 219.9 225.8 231.9 238 244.2 250.7 257.1 263.5 269.4 274.9 279.1 282.1 283.6 284 284.6 286.9 296.2 305.9 305.3 300.5 295.4 290.9 290.9 290.9 290.9 296.6 283.5 282.1 281 279 278.1 277.3 270.9 268 263.4 259 253.5 245.8 248.4 248.6 245.5 232.5 248.3 249.8 251.7 252.2 250.5 252.8 254.3 254.2 253.1 258.1 263.1 276 265.8 232.9 224.3
160.1 166 170.6 174.7 177.6 179.2 180.5 180 178.2 176.7 176.8 179.3 182.7 186.1 189.7 194.1 198.6 202.2 206.5 211.4 216.4 221.4 227.3 233.4 239.5 245.5 252 258.3 264.3 269.9 275 279.1 282.1 283.8 283.8 283.3 293.5 302.4 304.9 302.8 302 295.1 294.3 290.9 290.9 290.9 296.4 279.9 279.4 278.9 278.7 277.2 269.4 266.9 261.5 249 248.6 243.8 241.6 230.8 228.9 228.5 227.2 232.6 250.1 251.4 252 251.3 247.8 247 246.7 245.9 244.9 248.4 259.4 272 260.2 230
158.3 164.2 169.2 174.1 178.1 181.5 184.1 185.3 185.3 184.4 183.6 186 187.6 190.7 194.5 197.9 201.1 204.7 208.8 213.7 218.5 223.3 228.9 235.1 241.1 246.8 252.5 258.5 264.4 270.3 274.5 278.6 282.2 283.6 282.4 290 298.3 304.1 303.2 302 301.8 294.7 294.6 291.2 290.9 291.3 294.9 279.5 279.1 278.4 278.2 270.1 263.1 245 241.9 236 233.7 237.8 225.6 222 213 215.4 222.4 226.6 248.1 250.4 251.4 250.5 248.7 247 239.2 238.1 238.8 241.2 246.5 258.6 268.2 257
155 161.6 166.8 172.2 177 181.1 184.1 185.3 186.8 188 188.5 190.8 192.1 194.1 197.2 200.3 203.5 207.2 211.2 215.9 220.3 225.2 230.2 236.8 242.7 248.3 253.3 259.2 265.2 270.4 274.5 278.3 281.7 282.2 289.6 297.2 303 304.5 303.8 303.7 301.5 295.1 295 294.9 292 295 291.6 279 278.9 277.8 276.9 268.2 258 239.8 239.4 234.2 226.7 222 220.7 215.8 210.7 213.2 220.8 223.8 225.3 234.9 249.7 248.4 245.5 244.7 234.7 235.5 235.4 240.8 242.9 249.7 254.3 263.1
152.1 158.7 164.3 170.3 175.2 179.4 182.6 185 187.1 189.3 191 192.6 194.1 196.7 199.7 202.8 205.8 209.7 213.7 218 222.4 227 231.7 238 244.2 249.6 254.5 260 265.9 270.4 274.6 278.1 281.2 288.1 295.8 300.9 304 303.8 303.4 302.9 299.2 287.9 286.7 286.4 285.1 285.3 278.7 276.9 273.5 272.1 273 266.1 256.2 248.1 242.5 234.1 220 207.9 202.2 202.5 209.3 208.7 209.8 209.7 211.3 220.4 225.9 229.4 231.9 239.2 236.1 232.6 231 239.1 241.4 243.7 247.7 252.2
149.3 156 162.3 168.4 172.6 176.8 180.9 184.2 186.6 189.3 191.3 193.1 195.8 198.6 201.6 204 206.3 210.4 214.5 218.7 223.2 227.6 232.8 238.6 244.5 250.2 255.9 260.8 266.2 270.4 274.6 278.8 282.8 292.1 298.6 303.1 303.5 302.4 293.7 298.6 294.2 301.6 301.6 301.8 291.8 285.1 278 274.4 272.6 272.1 270.2 265.9 256.2 251.6 241.4 236.4 218.3 201.9 201.1 201.8 203.2 206.1 208.9 206.6 205 213.1 217.7 226 229.2 232.5 231.9 230 226.7 236 239.6 242 248.2 244.2
145.8 151.9 159.1 165 169.1 173.4 177.4 181.6 185.3 188.1 190.6 193.4 195.9 198.9 201.8 204.3 206.9 211.1 214.9 218.1 222.4 226.9 231.2 236.5 242.5 249.5 255.4 261.1 266.5 270.8 275.1 279 283.5 294 300.6 302.2 301.6 301.3 300.8 299.8 300.6 300.6 300.6 301.3 302.1 289.9 285.3 275.9 272.7 271.8 269.2 268.8 257.4 254.4 236.9 237.7 221 200.6 200.9 193.9 200.8 201.1 203.8 203.9 202.4 212 214.2 220 222.7 226.3 225.7 224.1 224.9 233.6 235.2 241.3 232.8 232.9
142.1 147.8 154.7 160.4 165.8 170.3 174.6 179 183.7 186.8 190 193.1 195.8 198.7 201.5 204.2 207.4 210.6 213.7 217 221.2 225.6 229.9 235 240.9 248 254.7 260.4 267 271.3 275.6 279 283.6 294.4 301.5 301.8 301.3 300.5 299.8 299.3 299.5 299.6 300.1 301.2 302 294 281.2 275.8 266.1 261 267.7 264.7 263.3 245.5 231.3 225 218.8 198.9 194.7 185.7 185.7 185.7 194.1 198.9 199.4 199.7 200.3 206.4 214 210.8 219 222.3 222.9 226.9 228.6 229.7 228.7 230.5
139.9 145.3 151.7 157.7 163.8 168.9 174.3 179.1 183.1 186.7 189.9 192.9 195.7 198.4 200.8 203.1 205.8 209.1 212.4 215.9 220.1 224.4 228.9 233.6 240 246.4 253.5 259.6 266.5 271.9 276.4 279.2 281.9 292.5 298.4 302 301.7 301.4 299.5 299.3 298.8 298.6 299.5 301.9 302.5 288.1 281.2 269.8 258.6 261.6 264.2 266.9 265.8 243.5 228.3 219.8 214.5 195.3 185.7 185.7 185.7 185.7 185.7 185.7 185.7 191.8 192 198.9 198.9 201.7 203.6 209.3 213.1 207.4 222.1 221.9 225.6 229.7
140.8 146.9 152.3 157.7 163.6 168.7 174 179 182.8 185.9 188.1 191.1 194.5 197.1 199.4 201.4 203.9 207.2 210.7 214.3 218.5 222.7 227.2 232.3 238.6 244.8 251.3 258.8 265.1 271.4 276.1 279.8 280.6 286.7 293.8 297.9 300.6 300.7 300.8 298.5 298.5 299.3 300.8 301.6 298.5 282.4 273.8 256.2 262.7 278.6 277.1 268.1 267.6 260.2 246 219.7 210.8 194.2 185.7 185.7 185.7 185.7 185.7 185.7 185.7 185.7 189.7 200.5 206.1 202.8 201.8 201.9 202 201.8 209.1 218 221.3 227.5
144.2 149.7 154.7 160.3 165.4 169.5 174 178.4 182.5 185 187.2 189.3 191.9 194.2 196.8 199.4 201.9 205.6 209.2 212.7 216.8 221 225.4 230.9 237.2 242.6 248.7 255.6 262 268.6 274.6 277.9 279.1 279 284.6 291.2 295.9 298.7 299.6 298.9 298.3 299.4 288.4 285.6 283.9 282.3 273.4 260.4 251.2 262.6 284.3 284.4 271.1 270.5 253.7 248.3 218.9 201.1 185.7 185.7 185.7 185.7 185.7 185.7 185.7 185.7 192.1 217.9 237.9 230.8 217.9 201.3 201.5 201.7 202.4 214.1 216.7 229.2
147.1 152.1 157.3 163.1 167.7 171.3 175.6 179 181.7 184.2 186.2 187.8 189.1 190.9 193.3 196.1 199.9 203.6 207.4 211.1 215.2 219.4 223.6 229.2 234 239.5 246.2 252 258.8 265.6 271.1 275.8 277.3 276.8 274.8 281.3 287.6 293.2 296.1 298.1 297.8 292.3 281 266.5 268.8 271.9 274.9 266.6 245.9 259.2 283.1 280.4 271.4 271 257.7 252.6 235 208.4 186.9 185.7 185.7 185.7 185.7 185.7 185.7 185.7 196.6 220.2 243.9 246.5 221.6 202.7 202.8 202 202.7 205.3 214.2 228.8
151 154.9 159.7 165.1 169.7 173.3 176.5 179.5 181.6 182.9 184 184.9 186 186.7 189.2 193.6 197.2 200.3 205.3 209.1 213.1 217.4 221.7 225.9 230.7 235.2 240.9 246.4 253.8 261 266.7 271.6 274.3 275 273.1 270.8 276.7 283.8 289.9 293.9 294.4 287.7 268.4 246.9 244.2 243.7 243 250 245.5 258.5 278.3 279.4 278.5 274.3 271.6 256.7 249.2 222 211 190.7 185.7 185.7 185.7 185.7 185.7 185.9 203.9 219.3 243.2 241.9 228.8 206.8 205.2 203.6 206.2 216.5 218.9 224
152.5 157.3 161.8 166.1 169.7 172.9 175.1 177.2 178.5 179.5 180.5 181.2 181 181.9 183.4 188.5 193.9 199.4 203.2 207.2 211.1 215.3 219.3 223.1 226.8 231.1 235.6 240.8 247.3 254 259.8 265.1 269.1 272.1 273 271.4 268 272.3 279.7 286.1 291.2 285.3 261.7 245.9 236.9 229.3 230 239.6 251 267.2 279.8 278.9 278.8 276.3 276.8 270.7 258.4 241.9 217.1 197.8 191.1 188.5 186.9 185.7 185.7 197.8 209.5 219.3 240.1 240.3 229 208.9 212.4 207.1 209.4 219 221.8 222.3
153.7 158.4 161.8 164.8 167.8 170.4 172.5 174.1 175.2 175.6 175.5 175.5 174.2 176.3 179.7 185.9 190.5 196.2 201.2 205 209.1 213 216.3 219.5 223.1 226.5 230.9 235.4 241.1 247.1 253.3 258.9 263.5 267.9 270.6 271.6 268.7 261 268.2 275.5 282.4 272.7 255.4 237.5 226.7 226.7 226.7 234 243.1 265.7 279.5 279.7 278.1 276.5 276.8 269.3 268.2 258.9 243.4 223.5 218.3 210.4 193.1 186.1 186.9 203.1 218.6 237.5 240.4 239.8 222.4 215.3 214.4 212.2 220 218.3 221.5 223.5
151.2 156.3 159.4 162.5 165.2 167.6 169 170.4 171.2 171.5 170.5 169.8 170 172.9 176.8 181.8 185.7 193.2 198 202.6 206.1 208.3 211.6 215.1 218.4 222.1 225.6 230 235.3 241.4 247.5 252.7 257.9 262.5 266.8 270.8 269 263.3 257.6 265.2 271.2 261.3 251.9 233 226.7 226.7 226.7 232.8 250.2 251.3 276.2 276 272.8 279.1 281.4 266.2 264.9 264.7 262.5 245.6 242.9 239.3 201.6 198.9 203.7 209.6 229.9 240.7 241.2 237.7 221.5 218.3 220.2 222.7 225.7 225.5 225.4 227.1
148.8 153.7 156.8 160.1 162.5 164.6 165.6 166.5 167.3 166.8 166.7 165.2 166.4 169.5 173.9 178 182.7 187.7 194 198.9 202.1 204.4 206.6 209.8 212.7 216.5 220.1 224 229.5 234.3 239.3 244.5 250.3 255.8 261.1 267.6 267.6 264.4 259.4 252.7 255.1 253.4 238.9 239.8 226.7 226.7 226.7 227.7 239.9 253 266.6 272.9 275.2 273.9 282.5 266.4 264.4 263.4 263.6 261.7 252.4 244.9 234.3 235.5 231.2 232 231.7 234.2 234.1 231.6 231.6 227.6 224.5 225 229.9 233.2 236.4 230.5
147 151.1 154.4 157.6 159.8 161.2 162 162.9 162.2 161.2 160.2 158.9 162.5 166.3 170.2 174.5 179 183.5 187.3 192.8 197.5 199.8 201.8 204.1 207 210.5 214 217.4 221.9 226 230.1 235.2 241 246.5 251.9 259.9 261.2 260.8 257.9 254 250.1 248 244.6 238 231.4 228.9 227.6 223.2 230.7 254.6 269 273.5 269.3 270.2 280.2 267.3 262.4 262.3 263.6 264 262.1 252.3 248.8 241.6 236.8 230.6 229.5 228.5 229.6 229.9 232.3 232.6 232.5 234.4 234.7 235.5 235.9 234.7
146.4 150 152.6 155.3 157 157.8 158 158.9 157.8 156.3 153.8 154.7 158 162.7 166.7 171 175.4 179.8 183.4 186.2 190.4 193.8 196.8 199.3 201.8 204.6 208.2 211.3 214.8 218.9 223 226.7 230.9 236.2 240.5 248 253.4 254.9 253.8 251 250.2 248.5 247.5 243 249.5 245.6 225.5 218.7 228.5 248.8 264.3 272.9 269.8 271.5 273.7 277.2 262.4 263.1 263.9 262.4 268.7 272.9 247.2 239.9 236.6 233.3 227.1 227.5 227.1 229 228.9 229 230.6 232.6 233.8 234.4 234.8 233.2
145.4 148.8 151.3 153.2 154.7 155.1 154.9 154.8 152.4 149.9 147.5 151.4 154.6 158.8 163.2 167.6 171.9 176.1 180.5 183.5 186.5 189.4 192.2 194.6 197.2 198.7 202.8 205.6 208.8 212.7 216.6 219.7 222.8 226.2 230.5 237.2 244.4 247.7 248.1 246.9 246.2 245.4 244.7 244.9 250.3 242.9 219.4 217.4 224.9 243.5 255.7 272.4 269.8 268.4 270.5 280.3 275 269.2 265.3 263.1 280.6 268.7 242.8 238.2 234.7 231.4 227.9 226.3 225.6 223.9 229.4 228.6 229.4 231.9 234.4 235.1 234.8 231.9
144.4 147.6 149.5 151.3 152.6 152.7 152.5 151.4 149.1 146.8 143.9 148 151.3 154.7 158.6 162.9 167.3 171.7 176.2 180.3 183.7 186.6 189.4 191.1 192.5 194.4 197.8 202.8 204.3 207.3 210.2 213.4 217.3 221 224.5 228 233.9 238.6 240.6 240.7 243.5 242.9 237.4 234.7 226.9 222 215.2 214.4 223.6 236.5 254.6 265.1 272.9 279.2 279 283 282.2 270.8 265.5 272.6 279.6 254.1 238.4 235.7 231.4 228.3 225.6 221.9 220.2 220.8 222.6 231.2 228.5 231.3 235 236.9 234.5 231.3
144.3 145.5 147.1 148.8 150.2 150.5 149.6 148 145.5 142.4 139.6 144.4 147.7 151 155.1 159.6 164 168.5 172.7 177.4 180.9 183.4 185.3 186.6 188.4 190.6 192.6 195 198.4 201.5 206.4 207.9 211.6 215.3 218 221.8 224.5 227.6 230.3 232.6 233.4 232.5 232.1 231.1 221.8 219.3 210.1 210.9 214.7 227.7 240.4 254.7 262 276.8 279.3 279.4 279.1 271.2 267.5 275.3 253.6 237.8 236.1 232.5 227.9 224.2 217.3 219.3 218.8 219.2 222.8 226.1 229 230.3 239.2 240.5 237 230.5
143.1 143.9 144.4 146.1 147.5 147.9 147 145.3 140.9 137.5 134.8 139.8 144 147.6 152.4 157.1 162 167.3 171.4 175 177.6 179.6 180.9 182.1 183.4 185.4 187.6 190 192.6 195.5 198.8 204.5 205 208.7 211.6 215.1 217.9 219.7 222.1 223.6 223.9 224.4 224 222.9 218.5 212.9 206 205.2 207.2 212.6 224.4 237 254.8 260.1 280.7 279.8 279 278.9 276 256.3 238.1 235.7 233.5 228.8 224.1 218 215.3 215.8 216.5 218.9 222.1 224.8 229.6 229.9 238.6 246.9 241.9 229.4
141.6 141.7 142.5 143.4 144.2 145 144.1 142.5 138.2 132 130.4 135.9 140.2 145.2 150.1 155.7 160.8 165.9 169.9 172.3 174.4 175.3 176.5 177.8 179 180.5 182.9 185.1 187.1 189.6 192.8 195.5 199.6 202.3 205.3 209.3 211.7 213.4 214 215.1 216.3 217.3 216.2 213.9 212.5 205.1 200.5 199.9 202.2 204.8 207.9 220.2 234.8 255 257.9 270.7 277.7 272.4 260.6 240.4 235.3 233.3 230.8 224.9 218.8 212.5 212.1 214.6 217.2 218.7 221.3 222.8 224.6 228.4 237.5 247.4 238.7 227.7
138.5 138.6 137.9 137.6 139.8 141.1 141.2 138.9 132.2 125.4 127.5 132.2 138.3 144.3 150 155.2 160.7 165 167.9 170.1 170.6 171.2 172.5 173.7 174.6 176 177.9 180.1 182.1 184.1 186.6 189.5 193.3 196.1 200.1 203.1 204.3 204.9 206.1 206.7 207.8 207.9 208.2 204.6 202.7 201.2 199.7 199.1 198.9 199.4 198 204.2 216.7 232.7 255.3 255.4 255.1 255.3 257.8 238.2 232.1 230.4 227.6 221.1 215.6 208.1 209.5 212.5 216 217.9 219.7 220.8 225.9 222.7 229.4 236.2 232.2 227.8
135 134.3 133.1 132.6 134.7 136.4 137 133.6 122.8 120.3 126 131.3 138.4 144.4 150.5 156.2 160.4 163.2 165.9 166.3 166.8 167.2 168.4 169 170.4 171.8 173.3 175.1 177.2 179.2 181.5 184.3 187.1 189.9 192.2 194.8 197.1 197.2 197.5 199 200.3 199.6 198.7 197.3 193.3 181.2 171.5 184.8 190 193.2 195.5 199.5 206.1 218 231.3 254.2 250.1 237.9 241.3 235.5 228.3 223.7 223 217.1 210.5 204.3 207.7 210.4 214.3 215.7 217.4 218.7 220.8 221.6 224 226 223 224.5
130.8 130.1 128.2 127.8 129.7 131.5 132.2 125.8 117 119.7 126 131.4 138.1 144.6 150.7 156.2 158.9 161.6 162.9 163.5 163.8 163.6 163.6 164.7 166.1 167.6 169.1 170.7 172.3 174.4 176.6 178.4 180.9 183.6 186 188.3 189.8 191.4 192.2 192.6 193.5 194.3 193 189.8 180.1 166.6 165.9 175.8 180.4 181.5 182 193.1 199.4 206.9 215.6 231.1 231 229.6 233.4 231.6 224.3 221.1 215.7 211.2 204.4 199.2 204.4 208.2 212.6 214.5 215.5 219.7 218.6 220.4 219.4 220.6 221.8 218.3
126.7 124.3 122 122.7 125 127.4 127.8 118.4 112 120.1 128.4 135.4 141.2 145.3 149.9 155.2 157.8 159.8 160.8 160.9 160.6 159.6 159.4 159.9 161.6 163.2 164.7 166.2 167.4 168.7 170.8 172.3 174.3 177.1 179.5 181.7 182.6 184.1 185.3 186.4 187.2 186.5 185.9 183.4 171 155.6 158.8 166.6 170 172 177.7 185.2 191.8 197.8 203.4 210.7 216.1 220.4 222.6 227.4 220.7 211.4 206.2 201.5 195 194.3 199.3 204.3 206.5 209.1 211 213.2 211.2 212.4 217.8 217.2 216.7 211
121.6 120.2 116.3 118 120.2 122 120.9 107.6 112.5 122.8 131.5 137.6 142.3 146.1 149.6 153.2 155.6 157.2 158.1 158 156.7 155.6 155.1 155.3 156.7 158.3 159.9 161.6 162.7 163 164.9 166.8 168 170.6 172.1 174.8 176.8 175.5 177.2 179.1 180.4 180.2 179.5 177.1 163 144.5 148.5 159 162.4 166.1 173.2 178.8 184.5 190.3 197.6 198.8 203.6 208.2 211.2 211.8 206.3 200.1 195.2 189.6 191.9 194.1 196 198.4 201.5 206.4 214.2 205.8 203.5 209.9 211.4 217 215.6 211.1
116.5 114.8 108.9 112.1 115 116.6 111.6 101.8 113.8 125.7 131.8 136.9 141.4 144.7 147.7 150.9 153.2 154.6 155.2 154 152.6 151.5 151.2 151 151.8 153.4 154.9 156.6 157.6 158 159.3 161.3 162.2 163.6 165.1 166.4 168.4 169.1 171.1 173.2 174.3 174.1 172.4 168.9 156 134.7 145.2 148.5 154.8 157.6 165.7 171.5 177.6 183.5 188.5 192.8 196.2 196.7 198.3 197.6 196.5 190.1 183.1 178.4 172.6 182 186.9 190.1 194 201.1 207.1 199 200.8 199.8 202 205.7 213 207.6
110.2 108 102.7 104.1 105 108.1 98.7 106.5 118.3 125.2 130.5 135.7 140.3 143.7 146.8 149.8 150.4 150.8 151.3 150.3 148.7 147.5 146.9 146.7 147.4 148.6 150.1 149.6 151.9 152.8 153.9 155.8 156.8 157 158.1 159.3 161.1 162.9 164.8 166.6 167.3 167.4 166.1 160.2 142.2 129.6 137.6 143.5 149.1 156.2 158.2 164.1 169.6 175.8 181.1 183.4 185.7 188.7 189 187.5 184.5 180.1 172.4 165.9 162.8 171.5 178.1 182.2 186.7 192.6 193.6 187.6 191.9 195.9 178.6 196.2 204.4 202.2
101.4 100.4 96.5 95.4 94.5 93.5 101.1 110.6 118.1 124.2 129.3 134.3 138.7 142.5 146 148 148.5 149.2 148.9 147.6 144.8 142.9 142.4 142.6 143.5 144.3 145.4 146.8 147.5 147.7 148.7 150.3 151.1 151.4 151.6 153.1 154.7 156.5 158.1 159.3 159.6 159.4 157.2 148.2 130.5 126.6 133 135.8 140.9 152 152.1 155.7 161.6 167 172.6 175.4 176.6 177.5 178.5 177.3 175.7 171 163 159.3 154.4 163.1 172.5 173.1 177 177.3 172.6 174.1 179.1 174 162.7 186.5 191.3 197.4
91.8 90.7 90.1 87.9 92 96.5 103.8 110.4 116.9 123.1 128.9 134.2 137.8 141.5 145.1 146.7 147 147.4 147.1 145.2 142.4 139.3 138.6 138.8 140.1 140.3 141.1 142.2 143.4 143.7 143.6 144.9 145.5 145.8 146.3 147.5 149.1 150.5 151.2 151.6 151.9 151 147.2 130.2 121 126 127.9 132.4 138.7 142.5 145.1 150.6 154.4 159.3 164 167.3 169 170.2 171.4 169.2 166.2 160.8 155.6 145.8 144 153.5 158.9 163.7 164.3 160.6 161.3 161.3 161.7 158.8 161.2 173.7 179.5 194.2
83.5 83.6 84.9 89 93.5 98.6 105.7 112.2 118.2 124.1 129.5 133.6 137.3 140.9 143.9 145.6 145.9 145.6 145.3 142.9 139.9 136.4 134.9 135.5 136.3 136.4 137.1 137.9 138.6 138.9 139.3 139.6 139.9 140.3 141.1 142 143.3 144.6 145.1 145.6 148.5 148 134.8 112.9 116.9 124.7 125.8 127.1 132.8 138.4 140.8 142.9 147.5 153.2 157.3 159.3 161.6 161.5 161.3 158.9 155.8 150.7 145.9 140.3 141.3 145.1 148.3 152.1 158.3 151.5 154.6 153.4 152.2 157.7 168.4 176.6 184.8 197.1
