data/250000-40000.asc
ncols 200
nrows 200
xllcorner 250000
yllcorner 40000
cellsize 50
[rows 0 to 37 of 200, columns 0 to 83 of 200]
103.1 103.7 105 106.3 106.1 105.3 103 100.2 95.4 92.7 88.9 84.9 80.5 83.9 86.4 88.2 89.8 91.9 94.1 96.3 97.2 97.1 96.1 93.9 91.3 88.5 84.1 76.6 69.1 65.4 61.1 55.4 49.2 49.6 50.6 44.7 38.6 51.4 61.4 66.6 71 75.2 79.8 82.9 84 84.4 86 88 89.9 91.6 93.8 95.7 98.2 99.4 100.3 100.7 99.4 99 94.6 90.7 96.3 98.6 102.3 106 108.5 110.5 111.2 111.3 111.2 110.2 108.3 105.7 102.6 98.5 93.4 90.7 90.8 91 88.5 80.7 70.3 56.8 44.2 33.3
99.7 100.3 102.8 104.1 103.8 103.4 101.8 99.7 96.2 93.4 90.2 84.5 80 84.6 86.7 87.7 89.8 92.3 94.5 96.8 96.7 95.9 94.4 91.3 88.3 83.2 76.3 68.9 61.1 56.4 52.7 48.7 45.1 43.9 43.4 40 39.9 53.1 62.3 66.9 71.2 76.5 80.8 84.5 85.3 85.9 86.9 88.5 89.5 90.6 91.6 93.5 95.1 95.9 96.8 96.5 95.3 91.7 86.1 91.7 95.5 97.3 100.1 103.9 107.3 110.1 111.2 111.9 111.5 110.7 109.3 106.6 103.8 99.6 93.4 87.8 86.2 87.7 85.2 76.7 67.8 57.9 47.7 39
96 97.7 99.8 101 101.7 101.4 100.3 98.8 96.7 93.9 90.7 85.5 79 82.3 86 87.3 90 92.6 94.9 96.1 95.9 94.7 92.8 89.5 84.4 77 69.7 62.2 56.7 52.4 50.3 51.9 49.8 45.9 40.6 38 40.3 53 60.2 65.8 70.7 75.4 80 82.5 84.7 85.3 86.6 87.8 88.2 88.7 88 90.2 91.9 92.6 92 90.9 90.2 85.7 84.6 89.2 90.9 93.5 98.6 102.2 106.5 109.1 110.9 112.6 111.9 111.2 109.4 106.8 104.2 100.8 95.9 89.8 80.5 77.5 75.9 69.5 62.4 50.7 41.8 30.3
91.4 93.7 95.7 97.6 98.5 99.2 99.1 98.3 96 93.7 91.2 87.2 79.5 80.1 85.8 87.3 89.9 93.3 95.6 95.8 95.2 93.9 91.2 88.2 85 83.2 78.1 64.4 58.4 58.7 58.7 58 54.6 48.8 42.2 39 36 41.7 50.8 60.8 68.1 73.2 77.4 80.1 82.4 84.6 86.3 86.3 85.1 83.7 83.6 85.3 86.3 86.7 84.7 84.2 84.6 81 85.1 85.9 86.3 90.2 96.2 100.6 105.7 108.7 111 112.7 112.6 111.2 109.2 106.9 104.1 100.9 97.3 93.8 88.3 80.5 66.5 53.1 42.7 33.4 25.7 15.5
87.1 88.9 91.1 92.9 94.4 96.4 96.9 96.4 94.9 92.8 89.9 85.5 79.4 79.3 85.4 87.3 90.7 94.1 96 95.7 94.7 93.4 91.4 88.1 86.5 83.8 79 65.5 64.6 66.1 64.8 61.4 53.8 46.9 49 46.8 40.8 35.2 39 50.4 63.7 68.3 72.5 76 78.5 81.5 83.1 82.3 81.1 79.9 79.4 79.6 78.7 79.3 76.7 77.1 77.3 78.5 83.5 82.3 84.4 86.1 92.4 96.5 102.3 107.9 110.4 111.8 112.2 111 108.6 105.8 103 100.1 97.1 93 88.5 83.7 77.6 69.2 59.4 45.5 34.3 26.9
83.7 85.3 86.5 89 91 93.1 93.4 92.8 91.7 89.6 87.3 82.7 77.7 79.4 84.6 87.2 91.1 94.8 96 96.2 96.2 95.8 93.5 90.6 87 80.8 75.5 72.4 74.6 70.4 68.4 60.4 54.2 57.6 60.7 60.3 53.3 46.3 36.3 38.6 51.5 62.3 66.8 71.1 75.4 77.5 78.4 78.2 77.2 76.1 73 70 68.5 69.1 70.1 70.6 72.2 74.4 77.4 78.9 81.6 83.1 89.3 95.1 100.8 106 109.3 110.9 111.7 110.7 108.4 105.3 102 99.2 95.7 90.4 85.6 80.4 76.2 71.3 66 60.5 49.7 42.4
80.5 82.1 84 86 87.8 89 88.9 88.3 87.5 85.8 82.9 75.7 75.7 81.5 85.3 87.8 91.4 93.7 95.4 96.3 97 96.4 95.4 93.6 89.4 85 80.3 79.3 80.6 73.5 69.2 62.7 63.2 68.3 71.6 70.3 64.4 57.5 47.3 37.3 38 51.3 57 64 70.2 73.1 73.7 73.2 71.2 66.9 61.3 60.1 65 67.6 69.4 71 71.2 73.4 75.2 76.8 79.5 85 88.4 93.6 99.7 104.5 107.5 109.5 110 109 107.5 104.8 101.5 98.1 93.4 87.6 81.1 74.9 70.4 66.6 64.2 60.6 55.6 54.3
76.9 79.1 80.8 82.2 83.5 84 84 83.6 83 81.4 76.5 73.4 78.8 83 86.1 88.5 91.2 94.1 95.8 97.1 97.8 97.4 97.1 96.5 93.3 89.2 89 89.5 86.2 80.3 71.8 66.4 74.5 81.9 82.4 78.7 73.8 66.3 55.5 46.1 37.7 36.1 43.2 55.3 63.6 67.5 68.8 66.8 60.1 57.5 61.9 70.1 76.3 78.1 80 81 80.9 78.2 77.9 81.6 83.9 87.2 91.9 95.9 100 103.1 105.6 106.8 106.8 106.1 104.3 101.9 98.3 95.8 90.8 85.2 77.8 69.7 64.3 61 59 57.2 52.1 47.9
72.6 75.4 77.9 78.9 78.7 78.9 79.1 78.7 78.2 76.8 70.8 74.1 80 83.9 86.7 89.3 92.1 94.8 96.8 97.7 98.7 98.6 98.3 98.1 95.1 94 93.2 93.4 91 88.2 76.5 78.5 87.7 90.3 89.5 87.3 83.4 75.7 65.5 54.9 47.9 38.4 34.3 45.1 56.4 61.1 62.6 58.1 56.1 64.7 68.9 72.9 75.5 80.3 84.1 85.5 85.9 85.6 85.1 86 88.6 91.1 94.9 97.6 99.6 101.4 103.1 103.7 103.1 102 99.7 96.4 93.6 91.9 88.1 82.7 74.8 66.5 61.1 57 55.2 50.6 45 38.3
72 75.4 77 76.9 75.6 74.6 74.6 73.5 72.9 70.8 69.4 75.2 78.7 82.6 86.6 89.9 92.4 94.9 97.6 98.5 99.2 99.2 99.3 99.4 98.7 98.1 97.5 96.7 95.2 91.5 81.7 87.9 92.2 93.8 93 90.9 87 81.7 76 66.8 60 46.9 31.8 38.8 49.3 53.4 54.2 50.5 62 69.2 72.4 74.2 79 84 86.8 89.2 90 89.7 88.7 89.8 92.1 94 95.8 97.3 98.6 99.5 99.6 99.4 98.8 97.3 94.5 91 87.3 84.2 80.6 75.7 69.5 62.3 57.2 51.3 55.6 55.3 51 41.3
76.2 77.3 77.7 75.8 73.5 71.4 70.6 69.9 68 66.8 69.5 73.2 76.8 81 85.6 88.9 92.4 95 97.4 98.6 99.4 99.6 99.8 99.7 99.6 99.5 99 98.3 96.2 92.9 87.3 92.3 93.8 93.4 92.5 90.7 87.2 83 77.5 71.7 64.1 46.3 30.5 33.6 36.5 41.3 44.7 55.5 67 74.3 79.2 80.8 83.3 86.2 89.3 91.4 92.4 92.2 92.2 93.3 94.4 95.7 96.1 96.5 96.1 96.9 95.5 94.7 93.5 91.4 89.4 86.5 81.1 69.9 59.6 63.2 60.8 56 51.9 43.3 49.1 47.8 43.5 35.5
78.4 78.9 77.7 74.9 71.7 67.7 66.4 64.2 67.1 72.7 76.4 79.7 81 81.6 84.2 87.4 90.8 93.7 95.7 97 98.5 99.1 99.5 99.9 99.8 99.8 99.6 99 97.3 94.2 93.3 94 93.6 93.1 91.6 88.8 85.1 81 75.6 69.4 63.8 40.8 30 36.6 46.7 52.9 58.2 65.8 74.5 79.8 82.4 83 87.4 89.5 91.3 93.1 94.2 94.5 94.6 94.9 95.9 95.8 95.7 95.6 93.7 92.9 90.7 88.3 86.3 84.2 82.2 79.3 76.2 72.7 60.9 45.9 44.2 42.8 43.5 37.6 41.7 39 33.2 24.5
79.5 78.3 77 73.4 67.8 63.2 63.4 69.3 75.7 80.8 84.1 86.9 88.4 88.3 87.5 85.6 89.4 92 94 95.9 97.5 98.2 98.9 99.5 99.6 99.5 99.4 98.8 97.3 95.4 95.5 94.6 93.6 91.9 90.1 86.4 82.5 78 71.7 66 52.8 34.2 28.6 40.4 51.6 60.3 67 73.1 77.5 81.9 84.6 87.4 90 91.9 92.9 94.3 95.2 96.1 96.7 96.1 96.3 96.1 95.6 92.3 89.6 88.4 84 80.2 75.6 74.5 72.6 71.1 69.3 67.1 62.5 48.8 33.9 24.7 28.3 26.5 32.8 29.7 22.4 12.6
82.2 80.9 78.1 70.5 61 64.1 70.4 76.9 83.7 87.5 90.4 92.8 94.5 93.9 93.6 91.4 88.9 91.3 92.7 94.8 96.4 97 97.4 98 98.3 98.3 98.4 98.2 97.4 96.5 96.2 95.1 93.2 91 87.6 83.6 79.3 74.3 67.4 58.3 45.3 29.6 28.8 41.5 54 62.4 69.1 74.5 79 82.9 85.5 88.4 91.2 93.2 94.3 95.4 96.3 97.3 98.4 97.5 96.5 96.4 93.8 89.6 85.8 82.9 78.6 73.1 65.7 63.4 64.2 64.2 62.6 59.6 54.3 47.6 40.5 24.6 14.7 15.5 21 18.1 11 1.6
83.3 80.3 73.6 60.9 64 71.9 77.9 82.7 87.7 91.3 93.6 95.7 96.7 96.8 96.3 94.4 92.5 91.5 93 94.5 95.2 95.2 95.5 96 96.5 97.1 97.4 97.3 96.7 96.5 95.8 94.4 91.9 89 85.2 80.7 75.6 70.3 64 55.6 39.3 26.2 30.9 42.3 54.1 63.3 70.3 75 79.4 83 86.1 88.5 91.2 93.4 95 96.4 97.9 99.6 99.9 99.4 98.2 96.4 92.8 86.9 82.1 76.9 72.3 63.7 55.3 51.6 52.4 53.2 52.9 50.8 46 39 29.2 16.4 8.8 6.2 7.8 1.6 1.6 0.1
78.7 69.8 57.6 61.2 73.2 81.1 84.2 86.8 89.8 93.1 94.9 96.1 96.9 96.8 96.2 95.5 94.5 93.7 93.8 95.1 94.3 94 93.8 93.9 94.5 95.2 95.6 95.5 95.1 95.2 94.3 93 90.1 86.9 82.5 77.8 72.7 67 59.2 49.1 34.9 25.1 35.1 50.6 60.6 66.4 71.1 75.6 79.5 82.5 86.2 88.7 90.6 92.8 95.3 97.2 98.8 101.3 101.4 101.1 98.3 95.1 92.3 87.3 82.1 73.9 61.9 57.1 54.7 52 45.8 41.9 38.9 36.1 32.4 26.7 20.4 19.9 18.8 9.9 1.6 1.6 1.6 -1.6
68.2 54 58.3 71.7 80.4 85.1 86.5 87.6 90.2 93.4 94.5 95.6 96.2 96.6 97.1 96.6 95.6 95.2 94.9 94.6 93.6 92.9 91 90.1 92.5 93.1 93.2 93.1 92.9 92.6 92.3 91.1 88 84.3 80 74.6 69.3 63.7 52.9 38.6 25.4 26.9 39.3 57 64 69.2 72.6 76.3 78.4 81.3 84.5 87 89.5 91.8 94.1 96.6 99 100.8 101.5 101.3 99.2 94.5 91.4 86.2 80.8 67.7 67.6 67.9 65.3 61 54.4 50 44.3 40.1 35.7 34.1 35.7 36.2 34.6 25 15.1 8.6 6.8 -1.6
57.5 49.7 65.2 74.8 79.8 83.4 85.3 87.7 90 92.9 94.9 95.5 96 96.6 97.3 97.7 96.8 95.8 94.7 92.5 91.4 89.7 89 87 89.4 89.9 89.7 90.1 90.4 90.3 89.5 88.3 85.2 81.3 76.4 70.6 63.9 53.6 38.6 26.5 22.5 32.1 47.9 60 67.6 71.4 74.5 76.6 77.8 80.2 82.4 85.3 88.6 90.8 93.7 96 98.6 100.1 101.1 100.6 98.8 95.5 91.6 87.8 79.3 75.7 82.2 81.4 79.1 76.1 72.7 69.3 63.5 59.8 55.8 55.7 55.6 55.5 51.8 44.6 33.3 26.7 14.6 1
47.6 54.2 65.2 70.9 76.6 80.7 84.7 88.9 91.3 92.7 95.3 96 96.4 96.7 97.3 97.7 97.3 95.6 93 90 88.1 85.1 85 81.9 85.4 85.7 86.3 86.5 87.1 87 86.3 85.3 82.3 77.6 71.8 65.3 52.4 38 24.7 20.8 31 42.8 55.9 63.6 69 71.9 73.7 74.8 76.3 77.4 80.1 83.6 87.8 90.5 92.9 95.6 98.2 99.3 100.5 99.8 98.2 95.6 93.1 89.3 81 85.3 86.5 86.2 85.2 84.3 82.7 82 81.5 80.1 78.8 77.9 76.9 74.4 70.4 63 51.9 44.6 30.8 5.7
42.6 52.7 61.1 70.3 77.5 82.3 87.6 92.1 93.9 95 96 95.9 95.6 96.1 96.3 96.4 95.8 93.8 91.1 87.5 84.5 80.5 80.6 74.4 80.5 80.6 81.2 83.2 84 83.7 83 82.3 79.4 74.4 67.2 55.1 40.7 26.5 19.5 29.6 44.8 54.7 61.1 65.5 69.1 71.7 72.2 72.1 72.9 74.4 78.4 82.4 85.5 88.9 92.2 95 97.4 98.7 100.2 100.5 99.5 97.1 94.3 89 85.1 88.6 89.5 90 91.2 91 89.6 88.8 88.3 87.4 86.3 85.2 84.4 81.7 77.8 71.3 59.5 48.3 35.2 14.8
44 55.1 63.6 72.1 78.7 84.1 89.5 93.6 94.8 94.9 95 94.3 94 94.3 94.3 94.3 93.8 91.6 88.7 84.2 79.6 73.6 72.1 66.5 73.4 74.8 76.2 78.4 80.9 80.6 79.9 79.2 75.8 70.4 64.2 48.9 29 19.2 24.7 41.2 53.1 59.1 62.6 65.4 67.4 68.8 69.7 67.8 69.1 75.4 79.8 83.3 86.6 90.1 93.6 96.2 98.5 99.9 100.9 101.3 100 96.5 93.3 89.7 89.3 92.1 93.1 93.9 95.1 95.6 95.4 94.6 92.4 90.8 89.4 87.3 85.1 81.4 76 66.6 57.4 40.6 25.5 10.2
49.4 59.3 66.8 74.4 80.3 85 90 92.8 92.7 92.8 92.2 91.5 91.1 90.6 91 91.1 91 88.2 85 80.6 76.1 68.9 57.6 58.2 65.3 66.5 71.7 76.5 79.6 79.9 78.9 77.4 74 68.8 61 42.2 24.2 18.4 31.6 48.2 54.8 58.7 61 62.9 63.9 63.8 62 62.5 70.6 77 80.9 84.7 87 90.8 94.3 97.4 98.9 100.5 100.9 101.1 100.1 96.2 93.5 91.2 94.5 96.3 97.5 97.8 98.7 98.6 97.9 96.5 93.9 91.1 88.6 85.5 81.7 76.7 67.3 56.6 45 32.7 14 -1.6
57.4 65.9 72.2 78 81.7 85.7 88.3 90.1 90 89.8 88.4 87.1 85.6 85.7 86 86.5 84.9 83 80 77.5 73.4 65.6 48.2 48 54 60.8 69 74.9 78 78 77 74.8 72.1 67.4 60.2 40.7 21.4 16.6 33.1 49.8 54.3 55.9 56 56.2 53.5 54.9 57.7 65.6 70.9 77 80.5 83.7 86.3 90.3 93.8 97.1 98.6 100.1 100.6 100.9 99.8 96.8 95 94.2 97.7 99.5 101.2 101.3 100.3 99 97.5 95.4 92.4 89.6 86.1 81.6 75.6 67.5 56.1 45 33.8 20.9 -1.6 -1.6
65 71 75.3 79.8 81.7 84.3 85.1 86.3 85.5 84 81.3 80.4 78 76.9 77.6 79 77.8 75.2 73.3 71.2 68.7 57.1 40.9 40.9 50.2 61.6 69.6 73.8 75.7 75.2 73.9 71.9 69 65.5 59.1 41.8 22.4 15.9 33.4 47.2 51.5 48.1 44 44.9 49.7 55.5 62.8 68.8 74.1 77.5 80.7 84 87 90.3 93.6 96.4 98.4 99.7 100.1 100.6 100.6 99.9 98.8 97.2 100.2 101.8 101.6 101.3 99.9 97.2 94.9 92.4 89.4 85.7 81.6 75.7 67 55.5 41.9 34 23.5 -1.6 -1.6 -1.6
69.8 75.5 77.9 79.4 81.2 82.4 81.5 81.5 78.9 74.7 69.9 66.9 65.7 66.5 68.4 70.1 69.3 67.1 64.7 63.5 60.8 51.2 34.5 42.3 56.9 65.7 69.5 71.6 71.8 71.7 69.6 67.2 64.1 61.4 56.6 44.4 22.5 14.5 29.5 40.1 33.8 34.8 42.3 49.1 55.4 60.3 64.5 69.7 74.7 77.8 82.1 85.4 88.5 91.5 94.4 97.1 98.7 100 100.7 101.2 101.6 101.1 100.9 101.6 102.1 102.9 102.2 100.6 97 94.3 91.8 88.8 85.1 80.6 74.1 66.6 57.7 46.7 34 24.9 13.6 -1.6 -1.6 -1.6
73.4 76.4 77.5 78.7 78.7 79.6 77.6 72.7 66.9 58.6 53.1 51 51.6 52.2 53.3 57 56.8 55.2 54.6 53.3 51.7 45.7 29.8 43.1 57.9 63.5 67.3 69 68.9 66.4 63.2 60.5 57.9 55.6 52.8 45.9 26.7 13 24.2 23.4 33 42.7 53.2 55.6 58.7 62.4 66.7 70.7 75.9 79.5 83.4 86.7 90.1 92.9 95.6 97.3 99 100.3 101 101.8 102.2 102.3 102.4 103.5 103.6 102.8 101.1 98.7 94.8 90.9 87.4 84 80.3 73.2 66.3 59.8 50.5 37.6 23.1 12 -1.6 -1.6 -1.6 -1.6
75.8 76.9 76.4 77.1 77 74.9 69.3 62.2 49.5 40.6 35.9 35.6 35.8 36.7 38.3 40.5 41.1 40.3 41.3 41.2 39.9 35.3 27.7 44.1 53.7 59.4 63.8 65.6 62.7 58.8 55.2 52.5 50.3 47.2 43.8 35.9 22.4 11.5 22.1 33.4 44.8 52.4 56.6 59.6 61.3 64.2 67.7 72 77 81.2 84.7 87.6 91.1 93.9 95.7 97.5 99.2 100.1 100.9 101.6 102.4 103.2 103.5 103.7 103 102.1 100.2 95.9 90 85.9 82.4 79 75.4 69.3 62.2 51.8 37.4 26.8 13.9 -1.6 -1.6 -1.6 -1.6 -1.6
77.8 77.4 76.3 73.2 70.9 64.6 55.4 43.2 31.1 26.9 25.8 24.3 23.6 22.8 22.5 21.7 22.1 23.6 23.4 25 27.3 24.2 25.1 40.3 47.8 53.3 56.6 56.4 53.7 49.3 44.8 40.9 39.9 34.5 28.2 18.7 9.9 15.9 33 47 54.2 58.7 61.1 63.8 65.4 66.9 69.6 73.5 78 82.5 85.6 88.6 91.7 94.3 96 97.7 99.1 99.9 100.7 101.5 101.8 102.1 102.3 102.5 102.2 100.7 98.6 94.6 89.2 84.1 77.8 73.8 69.8 63.4 51.8 36.1 22.9 14.3 -1.6 -1.6 -1.6 -1.6 9.6 18
75.5 76.2 72.6 67.5 62 49 35.9 28 21.7 20.6 19.3 18.8 17.6 16.7 16 15.9 16.1 16.4 16.4 16.1 16 16.1 21.2 28.3 36.9 44.1 46.2 45.6 42.4 36.7 25.4 20.8 17.5 17.2 11.5 6.7 11.4 25.2 41.2 52.1 58.3 62.8 66.4 68.5 69.9 70 72.8 75.7 79.1 83.6 86.2 89 92 94.5 96.1 97.4 98.4 99.2 99.1 99 100 100.1 100.7 101 100.3 98.7 96.8 93.7 88.9 84.1 77.4 68.1 60.9 51.5 34.1 20.6 -1.6 -1.6 -1.6 -1.6 -1.6 10.9 21.4 38
71.7 72.2 69.5 60.4 50.8 33.4 25.2 19.8 17.7 16.1 14.4 10.8 13.2 12.5 12.5 12.8 13 12.2 12.4 12.2 11.7 13 15.1 18.7 23.5 28.4 31.8 33.5 29.8 21.1 14.2 10.9 5.2 3.7 2.7 9.5 25.5 34.9 44.9 54.4 60.5 65 68.8 71.2 74.3 73.1 74.2 77 80.5 84.3 86.8 89.5 92.1 93.7 95.1 96.5 96.6 96.2 95.9 95.9 96.5 97 98.3 98.6 98.3 96.6 94.6 92.7 88.5 83.7 76.6 66.1 53.1 38.7 26.4 1.3 -1.6 -1.6 -1.6 -1.6 13.1 24.1 36.7 52.5
64.1 66 63.1 52.2 35.7 27 18 15.4 13.7 4.8 1.8 1.6 1.5 1.6 6.2 4.2 7.2 9.4 9.5 9.1 7.6 9.4 10.7 12 13.6 14.7 15.1 16.6 14.5 10 1.8 0.8 0 -1.6 1.7 13.1 26.2 34.9 43.9 52 59 64.5 69.2 71 72.4 72.2 73.7 77.4 81.9 84.7 86.6 88.9 91.1 92.6 94.1 94.9 94.7 93.2 92.6 92.8 92.9 94.1 95.3 96.2 96.3 94.7 93.3 90.9 87.2 82.1 75.5 66.1 59.6 47.2 22.9 -1.6 -1.6 -1.6 -1.6 10.7 22.1 34 49.8 65.9
52.2 55.5 53.5 40.5 24.4 16.5 13.3 12.1 1.5 0.7 0.4 0.1 -0.1 0 0.8 0.7 0.8 0.8 1.1 1.1 1.3 1.4 1.3 1.8 3.2 1.8 8.9 8.3 7.4 2.1 0.7 -1.6 -1.6 -1.6 -0.1 1.9 14.7 23.9 33.8 43.4 52.1 59 62.1 64.3 66.3 67.6 70 75.5 79.8 83.8 86.4 88.4 89.9 91.2 92.1 92.7 92.1 91 89.7 88.9 89.7 91.1 92.3 93.6 94.2 93.1 91.8 89.8 86.4 81.8 77.4 72.4 68.7 55.3 27.6 -1.6 -1.6 -1.6 -1.6 12.8 26 39.1 58.2 73.8
35.5 38.6 35.6 27 17.9 12.2 11.1 1.3 0.2 -0.8 -1 -1.6 -1.6 -1.6 -0.4 -0.6 -0.8 -1.6 -1.6 -1.6 -1.6 -0.3 -0.5 0.6 0.3 1.1 2.7 2.1 1 0.2 -1.6 -1.6 -1.6 -1.6 -1 0.6 1.4 13 6.1 25.3 35.7 42.7 46.9 52 55.4 58.9 63.4 69.9 75.8 80.2 84.3 86 88.3 89.1 88.9 88.6 87.8 86.3 84 83.1 84.9 86.9 89 90.5 91.6 91.1 90.9 89.6 87 84.9 82.5 77.4 72.2 64.3 36.4 -1.6 -1.6 -1.6 -1.6 14.7 30.5 45.3 68.7 76.7
18.2 20.4 17.1 12.3 10.2 9.3 3.4 0.4 -1.6 -1.6 -1.6 -1.6 -1.6 -1.6 -1.6 -1.6 -1.6 -1.6 -1.6 -1.6 -1.6 -1.6 -1.6 -1.6 -1.6 -1.6 0 -0.2 -0.6 -1.6 -1.6 -1.6 -1.6 -1.6 -1.6 -0.3 0.6 0.6 -0.4 1.4 4.1 22.4 24.1 11.6 17.6 35.9 46.1 61.2 69.6 78.3 80.9 82.3 85.1 85.5 85.2 84.1 82.9 81.2 78.2 77.1 79.7 81.9 83.9 87.1 89 89.7 90 89 87.7 86.4 84.4 79.3 69.9 48.6 29.1 -1.6 -1.6 -1.6 -1.6 18.3 35.7 55.3 73.6 80.1
1.6 6.2 4.8 3.2 8 1.6 0.7 -0.4 -1.6 -1.6 -1.6 -1.6 -1.6 -1.6 -1.6 -1.6 -1.6 -1.6 -1.6 -1.6 -1.6 -1.6 -1.6 -1.6 -1.6 -1.6 -1.6 -1.6 -1.6 -1.6 -1.6 -1.6 -1.6 -1.6 -1.6 -1.2 -0.4 -0.3 -1.6 -1.6 -1.6 -1.6 -1.6 -1.6 -1.6 1.3 4.9 33.3 60.6 71.7 74.8 76.7 80.1 80.5 80.3 78.7 76.7 74.8 71.9 71.3 74 76.8 78.9 83.5 86.1 87.7 88.3 88.4 88.1 87.2 85.7 81.4 68.8 45.4 22.3 -1.6 -1.6 -1.6 -1.6 22.2 44.3 63.9 74.1 77.4
-1.6 0.2 0.2 0.9 1.4 1 0.2 -0.9 -1.6 -1.6 -1.6 -1.6 -1.6 -1.6 -1.6 -1.6 -1.6 -1.6 -1.6 -1.6 -1.6 -1.6 -1.6 -1.6 -1.6 -1.6 -1.6 -1.6 -1.6 -1.6 -1.6 -1.6 -1.6 -1.6 -1.6 -1.6 -1.4 -1.6 -1.6 -1.6 -1.6 -1.6 -1.6 -1.6 -1.6 -1.6 -1.6 2.9 37.3 40.7 60.1 60.5 70.9 72.8 72.7 72.1 71.3 68.6 66.5 66.1 68.2 71.4 75.1 79.9 83 85.3 85.9 86.5 86.2 86.5 85.5 81.1 67.5 44.5 22.5 -1.6 -1.6 -1.6 1.7 30.6 49.9 64 69.4 72.5
-1.6 -1.6 -0.7 -0.2 0 -0.3 -0.7 -1 -1.6 -1.6 -1.6 -1.6 -1.6 -1.6 -1.6 -1.6 -1.6 -1.6 -1.6 -1.6 -1.6 -1.6 -1.6 -1.6 -1.6 -1.6 -1.6 -1.6 -1.6 -1.6 -1.6 -1.6 -1.6 -1.6 -1.6 -1.6 -1.6 -1.6 -1.6 -1.6 -1.6 -1.6 -1.6 -1.6 -1.6 -1.6 -1.6 -1.6 -1.6 6.8 6.9 9.1 52.5 62.4 64.2 65 65.3 63.8 62.2 61.6 64.2 67.2 70 75.6 80.6 81.6 81.7 82 82.4 82.5 81.8 78.8 67.1 42.8 22.3 -1.6 -1.6 -1.6 -1.6 33.2 47.3 56.7 63 66.7
-1.6 -1.6 -1.6 -1.6 -1.6 -1.6 -1.6 -1.6 -1.6 -1.6 -1.6 -1.6 -1.6 -1.6 -1.6 -1.6 -1.6 -1.6 -1.6 -1.6 -1.6 -1.6 -1.6 -1.6 -1.6 -1.6 -1.6 -1.6 -1.6 -1.6 -1.6 -1.6 -1.6 -1.6 -1.6 -1.6 -1.6 -1.6 -1.6 -1.6 -1.6 -1.6 -1.6 -1.6 -1.6 -1.6 -1.6 -1.6 -1.6 -1.6 -1.6 -1.6 20 37.2 55.1 58 58.7 59 57.5 59.4 61.8 62.9 65.6 71 75.3 75 74.4 73.4 74.7 75.8 76.9 74.8 67.7 45.5 24 -1.6 -1.6 -1.6 -1.6 25.5 37.6 48.9 55.5 58.7
