data/250000-830000.asc
ncols 200
nrows 200
xllcorner 250000
yllcorner 830000
cellsize 50
[rows 36 to 71 of 200, columns 80 to 159 of 200]
285.3 282.2 279.8 277.5 274.2 269.7 265 260.5 255.4 250.8 248.6 246.1 248.3 249.6 252 252.8 255.1 257.7 260.3 263.2 261.8 267.6 268.5 273.8 277.7 280 282.1 285.6 290 294.5 300 308.1 322.3 331 335.7 335.7 333 331.6 337.7 340.3 341.1 343.4 345.4 347.6 350 352.4 354.7 355.6 356.5 355.6 353.4 355.5 358.6 361.1 364.7 367.5 371.6 372.9 374.4 376.3 379.3 385.8 389.7 395.8 395.3 393.7 389.2 394.3 410.3 414.3 417.9 414.9 414.1 415.4 414.7 412.8 410.6 407.6 407.9 400.8
284.2 280.9 278.7 276 272.2 267.3 263.8 258.9 254.2 249.3 247.3 246.7 249.6 251.1 253.5 253.9 255.3 259 262.4 262.8 263.8 268.1 271.3 274.1 277.8 280.3 282.8 286.9 292.6 298.4 304.8 317.2 327.2 334.3 339.1 336.7 335.3 334.4 338.3 343.1 343.7 347.4 349.1 352.5 356.2 357.9 358 358.7 358.2 357 356 357.2 360.5 364 367.1 373.1 376.1 378.8 380.9 383.9 388.9 394.2 401.3 405.9 409.1 406.7 404.1 406.8 416.9 424.4 426.1 431.8 430.8 428 421.8 411.9 407.1 404.3 403.7 402.6
282.3 279.6 277.6 275.8 270.2 264.9 260.2 255.8 251.7 247.8 247.3 247.2 248.5 250.9 253.4 256.5 257.1 259.9 262.5 264.9 266.7 268.5 271.5 274.8 277.7 280.8 284.3 289.8 296.3 304 311 322.6 330.1 339.1 339.3 337.7 336.7 338 340 343.2 350.8 357.9 359.8 365.2 367.3 366.6 365.8 362.2 360 359.5 359 358.9 361.6 364.7 370.7 377.1 380.5 383 387.5 393.6 396.2 404.9 416.9 418.5 419.4 425.3 423 426.3 431.7 434.1 440.5 446.8 444.7 434.3 427.1 414 404.7 399.3 394.9 392.5
280.9 279.2 277.5 273.6 268.8 264.2 259.8 255.3 251.8 247.8 248.2 248.3 250.5 252.5 254.3 256.4 260.3 260.7 262.4 265.7 267.7 270.5 274 276.2 279.2 282.9 286.8 292.2 300.5 309 318.4 326.1 333.7 339.6 340.9 339.6 338.8 340.7 343 352 363.9 370.2 375.9 381.6 384.2 379.8 373.3 365.8 362.5 363 361.6 360.7 362.8 366.5 372.8 379 383.6 388.8 395.2 400.6 407.4 417 425.9 429.8 434.8 439.9 437.5 434.5 439.1 446.4 447.9 448.1 441.6 435 423.4 412.7 404.7 400.6 402.9 397.6
280.5 279 277.1 273.2 268.9 264.4 260 255.6 251.1 249 249.1 250.6 252.3 254.1 255.8 257.3 259.5 260.8 262.9 266.7 269.7 273.2 276.7 279.5 281.7 285.3 290.8 297.7 306.8 316.9 324.4 333.4 337.9 343 347.1 345 342.8 343.6 350.6 359.9 374 386 397.6 400.3 398.2 391.8 379.7 370 370.5 366.9 364.9 364.5 364.9 368.1 373.2 378.5 385.4 396 401.3 408.6 421.2 429.7 436.4 444.4 453.8 457.6 454 450.6 452.8 459 456.1 450.4 437.8 428.8 419.4 411.5 404.8 402.6 402.6 396.6
280.2 278 275 271.2 267.4 263.6 259.8 255.8 251.4 249.2 250.2 252.1 253.9 255.6 257.3 259.1 260.2 261.7 264.5 267.5 270.8 273.9 277.3 280.8 284.1 288.9 296.6 303.8 313.3 322.4 331.3 339.4 348.1 350.9 351.3 348.9 347.5 348.2 357.4 372.9 388.1 405 412.6 416.5 412.5 402.4 388 374.6 371.3 371.4 369.9 369.1 368.7 371.3 375.6 380.1 389.1 398.1 407 415.1 426.8 436.4 442.2 452.9 459.3 464.5 465.5 467.4 470.7 467.3 458.7 453.5 440.2 429.4 421.5 412.4 406.4 402.9 399.1 392.7
279.5 276.8 273.4 270.2 266.3 262.4 258.5 254.5 250.6 249.5 250.8 252.9 255 257 258.9 260.6 261.9 263.9 266.5 269.1 272 275.2 278.2 281.9 287.2 293.1 301.3 309.3 320.9 326.8 336.6 348.3 356.9 355.9 354.3 353.7 355.1 355 368.4 374.6 394.9 412.9 421.2 426.4 423.4 413.4 396.1 378.8 374.1 374.2 374.6 374.1 373.9 374.7 376.6 383 391.8 398.3 406.3 419.6 429.7 438.9 452.3 457 460.4 468.4 471 473.1 475.3 472.6 463.6 451.4 440.1 431.9 426.1 417.9 412.9 404 398 391.7
278.8 276.1 272.2 268.6 265.4 262.2 258.3 254.4 250.5 249.7 251.3 253.4 255.5 257.6 259.7 261.8 263.9 266.3 268.6 271 273.4 276.4 280 284.6 290.7 298.8 307.3 315.6 324.3 332.8 341.3 354.9 361.9 360.4 359.4 360.4 361.6 361.6 372.8 382.9 399.3 414.7 425.6 430.7 428.9 421.7 404.5 386.3 377.8 382.4 382.3 381.1 380.2 379.4 380.9 386 394.2 400.8 409.5 421.8 431.7 438.9 448.7 454.6 458.8 464.1 469.3 474.5 477.4 479.4 467.4 450.7 437.2 432.7 425 418.1 412.1 403.5 396.8 392.3
278.2 275 271 267 263.8 260.6 257.4 254.2 250.5 251.2 252.4 254.5 256.6 258.6 260.7 262.8 265.3 267.9 270.3 272.7 275.1 278.9 282.7 289.5 295.7 304.2 312.3 320.9 330 340.3 347.4 358.5 364 365.1 367.5 368.5 368.2 368.3 375.3 387.6 399.6 416 426.1 432.1 430.8 424.6 410 391.7 383.1 389.9 391.1 389 388.3 385.2 387.9 395.6 403.2 414.7 422.2 433.6 445.6 442 447.2 452.8 457 466.1 466.2 473.6 485.3 482.5 465.6 449.3 438.9 437.4 434.3 427.1 415.2 403.8 396 392.9
277.6 273.8 269.8 265.7 262.2 259 255.8 252.6 251.4 252.2 253.6 255.5 257.5 259.6 261.7 263.8 266.5 269.4 271.9 274.3 277.2 281.3 286.1 293.7 300.7 309.1 317.6 327 340.7 349.6 353.1 363.2 370.8 376.1 378 375.7 375.2 375.3 378.8 387.5 399.2 412 423.5 429.1 429.5 424.2 412.5 397.2 391 397 396.3 394 392.7 391.1 400.2 413.4 427.8 434.2 445.4 452.2 460.3 463.7 472 471.3 469.8 472.3 467.3 467.6 474.5 474.8 460.9 449 444 443.4 438.9 428.3 414.9 406 399.9 396.8
276.6 272.6 268.5 264.5 260.7 257.5 254.7 253.2 252.5 253.5 254.9 256.4 258.5 260.6 262.7 264.9 267.8 270.7 273.6 275.9 279.6 283.7 290.3 297.8 305.5 312.6 323.1 337.8 349 354.2 360.5 376.3 386.9 392.6 390.8 384.7 383.5 382.3 382.7 385.8 397.4 410.3 417.3 422.5 422.3 420.6 412.1 405 402 400.5 399.1 399.4 400.5 406 417.5 429.5 441.2 449.6 456.7 465.5 470.5 474.5 484 488.8 487.3 471.5 461.1 460.2 458.4 449.6 443.9 443.3 438.7 436.1 432.5 423.1 412.8 410.3 403.6 401.2
274.5 270.9 267 263.1 259.2 256.6 254.2 252.6 252.9 254.4 256.1 257.5 259.5 261.6 263.6 266.2 269.1 272 274.9 277.8 281.9 286.9 294.1 301.9 309.9 318.1 333.1 347.3 354.7 360.2 375.4 394.3 407 413.4 408.9 398.7 389.4 387.2 387 394.2 399.2 407.2 413.4 418.8 421.5 423.1 419.7 418.3 421.3 419.5 414.9 414 419.3 423.7 424.5 435.5 448.7 460.3 468.3 475.1 479.8 484.4 491.8 493.9 488.7 483.2 463 452.6 453.1 446.9 437.7 435.1 431.6 424.9 419.2 415.9 413.8 412.2 403.7 401.5
271.3 269.3 265.1 261.5 258.2 256.6 254.1 253.9 254 255.5 257.1 258.8 260.4 262.5 264.6 267.5 270.4 274.1 278.1 282 283.5 289.8 299 305.6 315.8 327.6 339.8 350.4 358.2 373.8 388.4 407 421.7 428.3 424.2 415.4 404.7 395.8 393.7 398.9 407.2 413.8 418.5 428.1 436.5 437.4 435.2 430.1 433.8 439.6 429.3 425.9 434.3 445.9 449.7 443.8 461.3 472.4 481.7 488.1 489.2 489.7 490.1 488.6 486.9 483.6 474 452.4 444.3 437.3 430.3 429.2 424.6 421.7 418.7 416.9 411.9 405.5 399.4 398.6
269.8 267.4 263.6 260.5 257.7 256 254.1 254.9 255 256.5 258.1 259.8 261.4 263.5 266 269.8 273.6 277.4 281.2 285 289.3 295.5 302.5 309.7 319.4 331.9 341.1 352.4 364.7 382.3 400.7 416.8 429.1 438.1 436.8 428.4 419.8 411.1 404.6 408.2 413.6 421.1 429.5 440.4 449.3 451.2 447.6 441.7 450.2 452.9 450 443.1 449.5 457.8 464.5 466.5 475 482.4 491.8 497.3 498.3 493.2 484.6 482.8 483.4 482 473.7 459.9 434.8 429.8 427.9 425.1 421.9 419.2 417.5 414.2 409.8 403.9 397.3 392.7
268.5 265.6 262.4 259.4 257.1 255.2 254.8 255.5 256.1 257.5 259 260.1 262.2 264.3 266.7 271 274.8 278.6 282.4 286.2 292 297.2 303.6 312.2 322.2 331.8 340.6 353.5 369.4 387.8 404.6 420.6 434.4 447.6 439.7 436.3 428.4 419.5 417.9 426.2 430.6 428.7 437.9 446.4 452.6 456.6 453.1 457.2 464.3 466.7 462.9 459.5 462.5 466.7 472.8 479.9 480 483.8 489.1 496.2 499.1 494.7 482.4 475.1 469.8 467 465.2 455.9 440.2 428.8 426.4 425.2 421.9 420.7 419.5 418.8 421.3 418.3 409.9 398.4
267.2 264.2 260.9 258.5 256.8 254.9 255.5 256.2 256.9 257.9 259 260.2 262.9 265 267.5 272 276 279.8 283.6 287.6 294.5 299 306.2 314.8 323.4 332.1 345.1 356 372.6 391.7 405.8 421.5 440.1 441.1 430.6 432.6 434.7 428.7 426.6 437.7 445 441.1 442.2 447 456.4 461 459.7 468.1 475.6 476 473.9 466.2 466.6 469.9 478.8 481.6 481.9 483.2 487.4 491.5 494.9 492.1 482.3 473.2 461.7 456.1 453.8 447 437.4 429.7 425.5 423.7 424.1 425.4 428.9 430.1 428.7 426.6 427.2 417.3
266.3 262.8 259.7 258.1 256.5 255.4 256 256.4 257.2 258 259.1 260.2 263.4 265.8 268.2 272.8 277.2 281 284.8 289.8 296.7 301.2 308.9 317.3 325.7 334.1 345.9 360.2 376.4 392 407.8 428 431.8 425.5 423.8 426.5 433.2 430.7 429.5 436.9 447.1 445.8 445.8 451.8 457.7 461.1 462.4 474.2 479.5 480.2 481.2 471.1 467.9 470.6 474.9 476.5 478.6 479.6 483.5 487.1 487.1 484.9 481.5 472.8 463.4 462.5 462.1 448.5 438.1 432.1 427.8 427 429.8 438 440.6 442.6 442.9 440.9 436 425
265.1 260.9 259 257.5 256 255.5 256 256.7 257.5 258.3 259.1 260.2 263.7 266.5 268.9 273.5 278.1 282.2 286 291.9 298.8 304 310.5 319.1 327.6 336.1 346.6 363.5 379.5 392 405.5 416.4 414.1 416 419.7 419.7 423.6 427.4 430.5 436.9 442.9 445.8 450.4 454.1 457.4 462 466 474.3 484.3 489.8 487.2 481.1 473.7 473.5 473.9 474.3 474.1 472.9 475 482.4 482.2 480 478.8 473.9 467.2 468.5 465 453.9 440.2 436.8 434.8 431.7 443.3 450.5 455.2 455.7 454.2 450.3 441.4 431.6
262.5 259.8 258.3 257.2 256.3 255.5 256.3 257 257.8 258.6 259.4 260.2 263.5 266.4 269.7 274.3 278.8 283.4 287.2 294.1 300.9 307 312.1 320.1 328.6 336.5 348.5 364.7 377.5 389.2 398.8 404.3 403.4 406 412.5 414.3 417.4 422.9 426.3 429.8 436.3 440.7 446.9 451.5 453.4 460.1 466.5 473.6 486.5 489.5 489.3 485.1 481.8 479.3 474.9 473.6 472.5 471 472 473 474 473.7 470.8 467.4 463.5 464.4 462.6 456.7 448.2 444.2 442.6 439.2 456.1 461 463.9 465.5 462.4 453.6 442.3 431.1
261 259.2 257.7 257.4 256.5 256.3 257.2 257.9 258.6 259.4 260.1 260.7 263.9 267.6 272.5 276.9 280.7 284.3 289.3 295.9 302.4 308.6 314.8 321.2 328.6 336.7 347.9 361.4 373.5 383.5 388.8 391.4 393.6 397.2 403.6 408.3 410.1 417.6 419.5 422.5 428.8 433.1 440 446 453 456 460.5 463.4 471.3 482.5 484.5 483.6 478.3 475.4 473.4 471.7 469.6 468.2 466.7 470.5 468.7 466.1 463.5 461.1 461.1 462.3 459.8 459.2 458.7 458.4 452.5 446.5 462 468.6 471.6 470.7 463 453.9 441.9 431.7
260.2 258.6 257.6 257.4 256.8 257.1 258.2 258.9 259.6 260.3 261 261.9 265.7 270.6 275.5 280.2 284.5 288.3 292.6 298.3 304.5 309.8 315.5 321.2 328.6 336.5 346.9 357.6 366.7 374.5 377.9 381.3 385.7 390 397.2 401 403.7 410.2 410 414.3 421.5 426 431.4 438.8 447.7 451.4 454.2 458.1 466.2 473.2 476.9 478.8 476 472.6 471 469.4 468.3 467.1 466.8 464.6 462.7 464 457.4 454.5 456.5 458.8 460.5 461.7 463.6 463.6 464.1 458.1 461.9 470.3 471.6 469.1 464.3 449.7 438.5 424.2
259.6 258 257.6 257.4 257 257.8 259.2 259.9 260.5 261.2 261.9 263.8 268.7 273.6 278.5 283.4 287.9 292.7 298.7 302.5 306.6 311.2 315.7 321.1 328.6 336.4 344.2 352.8 359.1 365.7 371.6 375.1 378.5 381.9 385.7 390.6 396.6 399.3 400.1 403.4 408.7 415.7 425.6 433.5 443 450.9 454.5 456.6 463.7 473.8 478.8 479.7 476.7 472.3 469.6 467.7 466.9 465.7 465.5 461.7 460.2 459.6 455.4 451.8 453.5 457.8 462 465.9 466.9 469.3 468.2 461.7 465.8 476.3 473.3 467 456.5 443.4 432.2 421.2
259 257.8 257.6 257.4 257.2 258.3 259.7 260.8 261.6 262.3 263.1 266.2 271.1 276 281 286 292.5 296.9 301.1 304.7 309.1 313.1 316.8 322.1 329.7 337.5 345.2 351.6 357.4 362.5 368.5 370.6 373.4 375.4 378 381.3 385.3 388.5 392.3 396.8 402.8 410.8 420.4 431.4 441.4 450.9 454.6 456 458.1 468.4 477.4 479.8 479.1 472.8 468.3 466.1 465.1 464.3 463 461.1 458 458.6 454.3 450.1 452.1 459.5 464.2 466.4 467.6 468.1 465.7 458.6 455.5 468.5 466.6 451 443.6 434.8 423.6 417.2
258.1 257.8 257.6 257.5 258.2 258.7 259.8 261.2 262.4 263.2 265 268.6 273.5 278.4 283.4 288.9 295.2 298.6 301.8 306.3 310.5 314.2 318.1 323 330.8 338.1 345 351.2 357.3 362.6 365.9 368.4 369.2 370.1 372.1 375 378.5 381.9 385.7 391.4 398.6 406.9 416 427.4 439.5 449.8 452.7 456.5 458.4 464.7 474.9 479.7 478 472.7 468.1 464.6 462.7 461.6 461.1 457.7 454.3 455.6 450.9 448.3 450.6 456 460.7 466.7 469.9 469.4 465.5 456.8 450.4 455.8 451.5 443.8 439 423.4 413.6 409.9
258.1 257.9 257.7 258.2 258.7 259.5 261.1 262.2 263.3 265.6 268.4 271.5 276.3 280.8 286.2 291.1 296.1 300.2 303.4 307.8 311.5 315.3 319.2 324 331 337.9 344.5 350.7 356.8 362.2 364.7 366.8 367.3 367.8 368.2 369.8 372.4 375.9 380.1 386.6 394.3 402.4 411.6 423.8 438.9 445.1 449.5 454.2 458.3 462.6 472.2 475.4 473.7 469.8 465.4 462.6 459.8 456.4 452.3 448.3 446.3 446.9 447.2 446.1 446.2 451 459.8 467 467.1 466.4 463.3 459.7 447.2 440.2 442.1 441.3 437.6 431.1 419.5 410.7
258.1 257.9 258.1 258.7 259.2 260.5 262.1 263.7 264.9 268.4 271.4 274.5 277.6 283 287.6 292 297 301.3 304.8 308.5 312.2 316.4 320.5 324.9 330.8 337.7 344 349.9 355.5 361 363.6 365 365.5 365.7 365.7 365.5 367.8 370.4 375 380.5 387.7 396.1 404.4 417.7 432 439.9 443.8 446.9 453.9 455.8 464.8 471.9 473.8 470.4 465.5 461 456.4 450.5 443.8 442 441.6 442.2 443.8 444.2 445.1 446.8 452.8 457 462.7 460.5 458.6 457.8 452.7 438.3 432.4 441.1 443.5 439.2 428.7 414.2
257.9 258 258.5 259.3 260.2 261.6 263.1 265 267.8 270.7 273.7 277 280.5 285.8 290.4 294.3 298.2 302 305.4 309.4 313.5 317.7 321.9 326.1 331 337.4 343 348.5 354 359.6 362.4 363.1 363.2 363.1 363.1 363.3 364.8 367.1 369.3 375.3 381.1 388 395.5 407.2 420.6 430.4 435.5 444 449.6 454.5 461 472 476.2 475.2 471.2 466.9 458.4 448.3 441 439.5 439.6 440.9 442.3 443.5 444.6 445.7 447 451.2 454.4 457.9 460.1 458.9 453.8 438.5 429.6 434.8 445.3 442.1 429.4 416.8
257.8 259.9 260.7 259.9 261.2 262.5 264.1 266 268.7 271.9 275.2 278.8 283.1 287.6 291.9 296.1 299.9 303 306.3 310.3 314.6 318.9 323.2 327.4 331.6 338.5 343.9 348.9 353.9 358.6 360.7 360.6 360.6 360.7 360.7 361.1 361.7 363.6 364.5 369.1 376 382.5 389 398.5 409.4 420.5 431.3 438.3 443.7 451.6 457.7 467.2 471.8 473.5 472.4 467.1 454.9 444.7 439.4 439 439.8 441 442.2 443.5 444.2 445.6 445.9 449.2 454.5 460.1 461.2 458 451.9 438.3 429.7 426.4 437 434 425.3 415.1
260.5 261.7 261.3 260.7 262 263.3 264.5 267.1 270 273.4 277.1 281.1 285.2 289.5 293.6 297.5 301.1 303.6 307.2 311.2 315.2 319.2 323.2 327.5 331.8 339.8 346.2 351.3 356.4 359.4 360.1 359.2 358.1 358.3 358.6 358.9 359.4 360.1 361 364 370.5 376.6 382.8 391 400.8 411.6 422.7 429.5 436.7 447.1 452.7 456.3 463.5 467.4 468.1 458.3 447.6 441.6 438.4 439.3 440.1 441.3 442.5 443.8 445.5 444.2 444.3 452.8 460 461.6 461 455.9 446.4 438.2 429.4 425.9 425.8 428 418.7 409.8
262.4 262.5 261.5 261.6 262.8 264.9 267.2 268.8 271.5 275.4 279.4 283.4 287.4 290.7 294.7 298.6 301.6 303.4 307.8 312 316.1 320.2 324.2 328.2 332.2 340 348.4 352.8 355.3 357.8 358 356.7 356.4 356.1 355.7 356 356.8 357.6 358 360.7 365.3 371.4 377.3 381.7 391 402.3 411.7 418.1 427.7 438.8 443.6 448.2 450.4 455.6 455.8 449 440.5 437.4 437.2 438.3 440 441.3 443.3 446.9 445 442.6 443.3 454.7 461.4 463.6 460.3 452.3 444.6 432.8 426.6 426.1 408 417.5 411.4 402
263.5 262.6 261.3 263.2 265.2 267.2 269.1 269.4 273.2 277.6 281.7 285.7 289.3 292.5 295.8 299.7 301.9 303 308.1 312.3 316.6 320.8 325 329.1 333.2 338 346.7 350.6 351.8 352.8 353.4 354.4 353.8 353.3 352.9 352.5 352.5 353.4 355.2 358.1 361 365.7 370.6 375 380.2 390.4 399 408.7 421.1 427.4 432.7 438.6 437.7 443 444.5 439.6 435.5 433 435.6 437.5 439.4 442.4 444.3 443.7 442.2 441.6 445.5 457.2 463.6 464.7 457.4 448.5 439 422 422.6 421.6 400.9 390.9 400.8 386.6
263.8 262.9 263.1 264.7 266.5 268.5 269.9 271.7 275.5 279.6 284 288 291.2 294.4 297.5 299.9 301.4 303 308.1 312.7 316.9 321.1 325.3 329.6 334.4 340.2 344.9 347.6 347.9 348.5 349.5 352.4 351.7 351.2 350.6 350 349.4 349.2 351.6 354.1 356.7 361.4 366.6 370.4 375.5 381.6 389.8 401.1 409.4 415.6 423.1 428.2 429.3 429.9 430.9 429.7 428.1 428.6 434.5 438.1 444.2 448.3 446 439.7 438.9 439.4 443.7 458.5 460.1 458.6 453.4 443.4 430.5 416.3 413.2 410.8 397.1 359.9 345.2 364.5
264.4 263.6 264.4 265.9 267.8 269.6 270.7 274.5 278.4 282.4 286.3 289.7 292.7 295.6 298.3 300.7 300.5 302.9 308 313 317.3 321.5 325.7 330.8 335.8 340.2 343.7 345.2 345.9 346.3 347.3 350.2 349.7 349.1 348.6 348 347.4 345.8 347.6 350 353 357.1 362.5 365.9 369.7 374.5 382.7 392 398.5 405.3 411.2 415.4 418 419.9 419.9 419.3 419.2 424.8 432.5 440.6 447.9 448.8 445.1 438 436.8 438.7 441.2 449.6 457.4 451.3 441.8 433 422.2 408.5 405.7 395.2 370.6 347.5 314 328.1
265 264.4 265.6 266.9 268.1 269.5 272.8 276.5 280.4 284.3 288.1 291 293.4 296.5 298.2 299.3 300.4 302.6 308 313.1 317.6 322 327 331.5 335.9 339.5 342.5 342.9 344 344.5 345.7 347.8 347.8 347.1 346.5 345.9 345.1 342.5 343.6 346.7 349.8 353.8 358.3 362.5 365.1 369.8 375.4 382.8 388.6 393.6 398.3 403.1 406.5 408.3 407.7 409.4 414.7 421.8 431.9 440.9 445.4 443.5 439.5 437.9 436.8 436.4 436.5 434.2 442.1 441 434.1 426 413.6 397.2 391.3 380.7 360.9 319.4 290.2 264.6
264.8 265.4 266.9 268.1 269.3 271.2 274.9 278.4 282.3 286.3 289.4 292.5 294.8 296.9 297.6 298.4 299.4 300.9 306.6 312.4 317.8 322.3 326.7 331.1 335.5 339.9 342.4 341.8 342.6 344 344.9 345.5 345.8 345.1 344.5 343.9 341.9 339.8 340.5 343.3 346.6 350.6 354.1 356.6 358.9 362.7 366.3 372.6 377.1 382.1 387 392.2 393.5 397.5 401.5 403.7 409.4 421.9 433.5 438.2 440 441.1 439.4 438.3 437 435.7 433.7 428.6 429 431.9 425.8 417.4 402.5 384.6 376.5 364 332.7 298.8 261.2 233
265.1 266.4 267.9 269.3 270.6 273 276.8 280.5 284.3 287.7 290.7 293.6 295.6 297.1 297.1 297.6 299.1 300.4 305.2 311.5 316.6 321.2 325.7 330.2 334.7 339.5 341.8 343 343.3 343.5 344.9 344.6 344 343.2 342.5 341.3 339.1 338.3 338 337.5 343.5 346.6 349.6 351.3 353 355.6 358.5 361.4 365.6 370.6 375.8 381.3 386.3 390.4 392.9 397.2 406.2 420.2 430.1 435.9 440.8 443.2 438.6 439.5 432.4 428.6 428.6 424.7 422.4 422.8 415.7 407.1 391.6 370.1 363.4 350.1 312.5 271.3 240.5 211.3
