data/250000-560000.asc
ncols 200
nrows 200
xllcorner 250000
yllcorner 560000
cellsize 50
[rows 140 to 174 of 200, columns 79 to 157 of 200]
156.5 154.2 153.2 152.5 151.7 152.4 153.8 157.1 160.5 162.1 162.3 162.6 162.6 162.8 161.7 159 155.6 151 146 140.9 135.6 131 127 123.2 118.7 114.8 114.4 105 100.4 100.1 98.1 95.5 95.2 92.2 89.1 86.8 86.1 88.8 90 90.1 90.2 90.7 91.1 91.1 90.9 91.6 92.6 91.6 93.6 97.1 102.1 108.8 115.4 121 128.1 135.4 141.5 146.6 152.2 156.2 161 162 168.2 167.9 167.3 165.6 162.7 159.3 155 150.4 144.1 136.8 127.2 112 97.2 80 61.1 42.4 35.4
155.8 153.6 152.5 151.9 152 152.7 154.5 156.7 160.1 162.4 162.9 162.8 162.7 161.9 160.3 157.8 155.3 150.4 145 140.7 135.9 132.7 129.2 128.1 122.6 116.3 113.5 104.7 101.8 100.8 99.1 96.7 95.4 94.3 91 88 85.9 86.5 86.8 86 87.3 88.3 88.8 88.5 88.7 89.2 89.5 90.6 92.3 95.1 99.3 105.9 112.5 118.5 126.8 134.2 141.1 146.2 152 156.1 159.9 162.2 167.3 166.9 166.3 165.4 164 162.1 157.4 152.2 145.8 137.8 126.5 116.4 104.5 89.9 72.9 54.9 38.4
155.4 153.1 152.1 151.5 152.2 153.3 155.4 157.5 159.7 162.3 162.5 162.7 161.7 160 158.5 156.5 153.4 148.6 143.6 139.1 136.1 134.8 133.9 131.8 130.3 126.3 116.3 107.7 105 100.4 98.8 98.2 97.1 95.9 93.7 89.7 87.4 84.5 84.1 83.9 81 84.4 85.8 86.1 86.3 86.6 87 87.6 89.7 93.3 97.3 103.3 109.4 116.3 123.8 133.4 141.3 146.5 152.4 156.6 159.9 161.5 163.5 167.3 166.2 165.8 164.3 162 159.7 153.9 146.8 139.2 131.8 124.2 111.7 98.1 82.7 65.2 48.7
153.1 152.5 151.6 151.7 152.5 154 156.1 158.2 160 161.6 161.3 161.3 159.6 157.8 156.7 155.2 151.8 146.7 143.4 141.2 132.2 132.3 133.6 132.7 131.4 127.4 122 120.3 111.9 104.2 100.7 97.8 98.2 96.5 93.9 90.9 90.4 89.3 87.3 86.5 83.8 79.9 82.6 83.5 83.8 84 84.6 85.7 86.8 90.4 94.8 100.9 106.9 112.8 121.8 131.2 140.8 146.3 149.9 155.8 158.9 162.5 165.3 167.6 167.5 167.6 166.3 164.1 160 156.6 149.8 141.6 137 128.5 115 102.1 89.1 73.8 55.4
150.7 150.1 151.3 152.3 153.5 154.6 155.4 157.1 158.8 160.5 160.1 159.7 157.5 155.7 155.4 153.5 150.4 145 142.7 140.2 129.8 129.9 131.6 130.3 128.5 128 126.7 126 120.6 117.6 103.4 100.1 100.7 96.5 95.8 98.5 93.9 91.5 89.4 87.6 84.4 79.6 78.8 80.4 81.2 81.5 83 83.5 83.7 87.2 92.2 98.7 104.9 113 122.2 131.5 139.5 145.3 148.9 154.2 159.1 160.4 167 170.8 170.6 170.2 169.9 164.8 160.1 156.9 149.8 140.7 136.9 127.9 118.1 106.8 94.2 81.5 65.4
148.5 149.7 152.2 153.2 154.4 154.7 154.7 155.7 157.5 159 158.9 157.9 156 154.1 152.6 151.3 148.1 142.2 138.1 133.5 128.3 127.8 127.5 127.3 127.9 127.7 127.5 126.7 125.5 120.6 109 104.6 101.5 98.6 101 100 97.2 94 91.5 88.3 84.7 80.4 77.5 78 78.6 79.6 81 82.1 82.6 83.7 87.9 94.8 101.3 110 119.2 129.6 138.4 144.4 148.5 154.3 159.3 161 167.2 173.5 173.3 172.9 172.3 168.8 164.5 157.8 153.9 142.3 135.3 131.4 124.7 112.8 98.6 85.1 72
148.5 150.9 153.1 154.1 154.9 154.9 154.8 154.8 156.1 157.4 157.5 156.7 155.9 154.7 152.9 151.5 145.3 139.2 134.3 129.3 127.3 126.3 125.6 125.7 126.3 127 127.6 126.8 125.7 124.6 116.1 103.2 100.4 104.8 105.1 104.8 101.5 98.1 93.3 88.9 84.8 80.6 77.1 75.9 76.3 78 78.3 78.3 78.8 79.4 82.1 88.6 96.1 105.2 115.3 126.4 136.9 143.8 150.2 154.5 158.4 163.1 171.9 175.4 175.5 174.9 174.5 172.2 167.7 161.8 154.2 144.3 136 133.1 127.1 113.5 101.3 88.8 75.7
150.9 151.4 152.5 153.9 154.9 154.8 154.7 154.6 154.9 155.9 156.5 155.4 154.6 153.8 152 148.8 147.1 139.6 133.3 127.7 126.7 126 125 124 124.7 125.3 126.8 127.1 124.9 116.2 106.7 109 111.4 108.7 108.6 108.1 105.8 100.9 96.1 91.8 89.2 85.2 81 78.2 73.9 73.3 73.5 73.2 73.6 73.5 75.8 82.6 91.4 101.7 112.8 123.8 134.3 142 149.5 155.9 161.7 165.4 169.1 175.9 176 176.9 177 175 170.3 164 156.9 149.1 139.8 134.2 126.5 117.2 105.6 94 80.3
150.8 151.2 151.3 152.4 153.5 153.5 153.4 153.9 155 155.3 156.2 155 153.6 153.2 150.5 150.5 146.5 140.9 134.6 132.5 130.4 127.6 126.3 123.5 122.3 122.8 122.2 122.6 120.7 112.3 118.3 117.2 115 113.1 111.8 109.7 108.5 103.7 98 95.9 94.1 90 86.5 83.2 79.8 74.2 67.5 66.5 66.8 67.2 69.9 78.1 88.6 99.5 110.6 121.4 130.5 138.6 146.9 152 154 159.4 163.6 173.1 175.4 179.5 182.6 179.1 170.7 164.7 158 151.7 140.5 134.6 129.2 121.6 109.7 98.6 85.1
149.8 150.3 150.3 150.7 152.2 152.1 152.5 154.2 155.1 155.1 155.8 154.9 152.6 153 151.9 149.5 144.4 139.5 135.3 137.5 134 129.8 127.4 125.3 124.6 123.4 120.2 119.7 121.7 123.8 122 121.7 118.9 118.2 116.1 113.9 111.7 107.6 103.1 102.3 98.8 94.8 92.3 89 85.5 82 78 73.8 71 67.6 64.8 72.7 84.4 96.7 108.1 118.8 127.3 135.4 138.8 143.7 150.9 156.6 162.2 174.9 179.6 183.5 184 176.8 169.8 162.7 158.9 152.9 142.7 134.6 131.5 124.6 112 101.6 89.2
148.4 149 148.9 149 150.6 151.2 152.9 154.6 155.1 155.1 155.4 151.4 151.3 152 149.9 147.3 143.7 138.9 139 140.6 136.2 131.9 129.8 129.2 128.5 127.8 127.4 127.3 128.4 128.8 129.2 126.2 124.1 122.4 120 117.7 115 110.8 107.7 107.1 103.4 99.7 97.7 95 91.6 88 84.3 80.7 77.4 72.3 65.5 65.4 77.9 91.3 103.9 114.2 123.3 129.4 132.7 142 148.1 153.9 161.5 172.2 178.5 183.6 181.1 176.5 173.1 162.8 157.9 155.7 147.2 136.9 134.4 128.3 114.6 103.5 92.2
147.2 148.1 148.4 148.7 150 151.9 153.5 154.9 155.6 153.3 154.6 153.9 153.4 151.9 149 146.1 142.3 139.9 141 142.7 137.6 135.9 135.1 134.4 135.1 132.5 131.4 130.5 131.3 132.6 132.8 131 128.3 125.8 123.4 121.7 118.7 115.3 113.4 111.6 108.1 104.8 103.2 101.2 97.5 93.7 90 87.1 83.3 78.5 70.8 62 69.5 85.3 99.6 108.2 119.7 124.8 134 142.3 148.6 156.2 160.1 165.6 172.4 177.8 181.6 177.4 171.6 164.4 158.2 154.3 146.6 136.5 134.6 127.6 116 105.2 92.9
146.9 148 148.5 149.2 150.5 152.7 153.7 154.8 155.5 155.9 156 156 155.8 154.3 150 146.2 143.2 142 142.6 142.7 139.7 138.5 137.4 136.8 138.4 136.6 134.3 134 135.6 138.7 135.1 136.4 134.1 132.1 130.2 127.1 123.1 119.1 119 115.5 112.6 110.5 109.2 106.9 103.2 99.4 95.7 92.8 90.7 86.3 75.4 65 64.4 79.4 91.5 104.5 112.1 121.1 131.8 140.4 149.8 154.9 159.1 162.7 165.2 173.3 181.7 181.5 175.1 166.6 156.1 151.1 145.5 135.7 133.4 126.1 115.5 105.8 95.5
148.8 149.2 149.5 150.4 151.4 152.3 153.7 154.6 156.1 157.9 158.3 157.2 157 155.2 151.4 147.6 145.9 144.5 143.9 143.4 141.5 141.5 140.9 139.4 139.2 139 141.3 141 142.9 144.5 141.2 142.6 140.2 138.4 135.4 131.9 127.2 123.1 120.5 118.4 116.7 115.5 114.1 112.1 109.6 105.6 103 98.8 93.2 89.7 77.7 63.8 57 72.2 82.3 95.8 106.3 116.8 128 139.3 148.7 151.8 158.4 161.7 164.3 172.5 179.4 181.4 175.8 168.2 157.1 149 141.8 136.1 132.2 123.7 113.3 105.3 94.5
149.8 150.3 150.6 151.5 152.9 154.4 155.7 157.2 158.8 160.2 159.8 158.6 157.5 155.7 151.8 149.1 150 148.4 148.4 146.8 146.7 145.3 146.8 145.9 144.9 146.5 146.8 149.9 152.7 150.9 150.2 149.3 144.2 139.5 137.5 134.6 131.6 127.4 124 121.6 119.7 118.5 117.3 114.8 112.5 106.1 101.8 97 92 81 71.9 64.8 57 64.8 78.9 89.2 99.6 113 125 134.3 142.3 146.1 153.8 156.9 166.9 173.5 178.1 177.3 175.7 168.9 157.7 148.5 144.1 138.2 133.9 127.2 115.2 107.3 96.3
150.8 151.2 151.7 152.8 154.4 156.5 160.1 160.2 162.3 161.7 161.2 159.9 157.3 155.8 152.7 151.7 153.9 152.3 153 152 152.1 153.6 153 153.2 152.8 155.3 154.2 156.5 160.1 152.6 151.9 150.1 145.9 143 141.1 138.3 135.8 132.7 129.1 124.8 125 120.6 119.7 118.3 113.1 103.9 98.2 92.8 87.7 84.2 75 65.9 57.5 59.7 72.9 87.1 96.7 109 120.4 129.2 137.8 139.9 146.6 154.3 166.6 174 175.9 175.4 176.3 172.4 160.5 151.5 144.8 138 136.7 131.2 118.2 109.7 98.2
152 152.2 152.9 155.1 157.5 159.8 162.8 163 165.2 164.5 163.3 161.3 158.4 156.4 154.8 156.2 155.1 157.9 157.6 156.9 159.3 160.7 160.9 159.7 161 160.9 161.5 164.3 162.9 153.8 152.8 153 154.4 150.8 151.9 145.5 144.9 137.8 133.5 128.1 125.6 121.3 118.3 114.9 112.3 104.6 101.5 97.3 91.5 85.4 76.4 65.1 58.5 57.1 70.6 82.6 92.9 107.4 117 124.1 130.5 135.9 142.4 151.1 164.1 167.6 173 173.5 174.8 176.7 165.4 155.9 143.8 138.4 137.4 132 119.8 111.1 98.5
156 155.3 157 159 160.9 163.1 165.3 166.9 167.9 167.6 166.1 163.9 161.3 159.9 161.8 163.7 165 165.5 165.4 164.6 164.4 166.9 165.8 165.7 165.4 166.5 169.3 167.2 161.8 155.6 156.3 159.5 159.8 159.3 157.2 152.1 149.1 142.8 139.7 133.9 127.4 122.3 119.4 115.4 110.8 107.4 109.1 101 93.8 84.6 75.9 65.9 58.7 55.6 67.9 78.5 90.1 105.3 114.1 120 128 134.7 141.2 147.8 157 162.2 169.6 168.7 171.4 170.7 163.6 155.9 143.3 137.1 135.4 130.9 119.4 111.1 99.1
159.8 161 162.6 164.2 166 167.9 170.3 171.5 171.2 170.9 169.7 167.8 165.1 166.5 166.4 168.7 171 169.5 169.2 169.2 169.2 171.1 170.5 169.2 170.1 173.8 171.6 167.2 163.9 159.6 161 161.2 161.8 161 159.8 159.7 155.4 151.1 147 139.8 132 124.8 121.4 116.7 117.5 116.1 113.2 107.6 100.9 91.2 80.3 68.6 59.2 52 63.2 78.5 86.1 102.1 110.7 118.1 127.1 133.3 137.7 141.7 150.5 156.9 164 165.6 163.6 162.1 157.2 151.5 143.8 135.4 133.7 128.9 118.5 110 99.8
165.9 167.3 168.6 170.1 171.6 173.2 174.7 175.4 175.1 174.5 173.9 171.9 172.7 172.7 169.8 172.6 174.9 173.2 173 172.6 174.4 173.9 174 174.6 178.6 176.7 173.7 169.5 165.9 166.9 166.3 164 164.1 166.4 166.9 166.3 161.2 153.7 148.6 142.5 138.1 132.6 129.3 124.2 123.4 120.5 120 112.6 107.3 96.1 84.2 73.2 61.6 53.9 56.2 77.2 83.4 99.5 110.2 118 125.4 131.4 135.3 139.5 146.7 153.9 156.4 158.5 156.8 155.5 152.3 148.1 142 133.9 129 125.5 116.6 107.6 98.4
170.9 173.4 174.7 176.2 177.2 178.1 177.8 178.7 179.6 180.9 181.8 180.3 182.3 181.5 181.6 180.5 179.6 182.5 182.6 180.5 181.5 177.9 180.9 184.6 182 179.1 176.1 174.3 170.6 169.5 172 169 166.8 168.2 167.8 165.2 161.7 155.5 151.1 147 144.2 139.7 134.8 128.6 126.5 121.3 121.1 116.1 109.4 101.6 88.9 76.6 64.5 55.1 52.2 65 82.8 96.4 109.1 114.3 124 127.7 130.3 133.3 137.4 144.4 150.3 151.2 151.6 148.9 146.1 142.5 136.4 130.4 123.9 122.3 114.8 107.2 98.2
176.6 178.9 180 181 182 182.6 181.7 181.5 183.4 184.6 186.6 187.8 187.8 187.6 187.3 187.9 187.8 189.5 190.6 189.6 188.1 187.9 190.6 192 184.4 181.3 179.4 179.7 180.6 176.7 178.9 174.8 172.8 169.7 168.5 166 164.2 159.6 155.8 152.6 150.1 146.1 142.6 138.5 129.5 125.8 123.5 116.4 110 103 91.4 80 67.2 54 52.4 56.7 82.4 92.6 104.2 111.2 118.1 122 123.7 126.9 132.1 134.2 142.4 145.3 144.9 142.8 140.3 135.5 131.6 125.9 121.7 117.9 112.6 106.4 98.7
181.9 183.3 184.5 185.7 186.7 187.1 186.4 185.8 186.3 187.9 189.7 191.6 192.6 195.2 196.7 197.2 197.5 197.6 200 199.2 197.2 199.1 199 196.3 187.5 187.6 185.1 188.2 187.6 184.9 182.4 180.7 178.1 176.7 173.7 171.1 171.4 166.8 164.8 162.2 157.5 153.3 148.5 143.7 135.6 133.7 128 122.6 117.8 111.2 100 86.1 72.7 57.6 49.7 67.8 83.3 89.9 100.5 107.4 113.2 117.5 117.9 121.8 128.7 127.2 133.1 137.1 136.9 136.9 134.7 129.6 125.5 122.9 121 114.4 109.9 104.3 95.2
187.6 188.5 189.8 190.6 191.5 191.8 191.4 190.4 191.9 194.1 196.5 200.1 203.1 206.8 208.9 209.8 208 208.2 209 209 208.9 208.6 206.1 202.4 194.3 194.7 192.5 193.1 191.4 192.4 192 189.8 187.2 186.4 182.9 182.1 180.9 178 174.6 171.6 165.6 160.5 155.7 149.3 143 140.9 135.6 128.9 122.4 114.7 103.2 90.3 74.9 59.7 49 70.5 82.7 85.1 93.7 103.5 107.8 114.5 113.1 115.7 120.7 121.5 125.1 127.8 130.1 129.5 126.7 122.9 121.9 120.4 117.1 111.1 106.7 101.1 93.3
193 193.7 194.9 196.2 197.5 196.2 196.2 198.1 197.5 202.3 206.3 209.1 212.3 214.6 217.6 217.6 218.8 219.2 219.6 218.6 218 215.9 213.1 205.3 201.5 200.4 198.8 198.7 200.7 200.4 199.6 196.1 195.1 195.1 192.5 192.1 190.8 187.4 183.4 178.8 173.1 167.5 161.4 154.7 149 143.4 139.2 132.3 124.5 116.8 105.6 93.2 77.9 61.5 48.3 60.8 74.7 81.3 87.9 96.4 101.9 107.5 107.1 109.5 113.3 114.4 116.2 119.7 121.7 121.6 118.6 117.9 118.4 116.4 110.8 106.4 103 97.8 90.2
196.9 199.1 200.1 201.4 201.8 201.7 202.5 204.8 206.6 211 215.2 218.1 221.1 223.9 226.5 228.2 229.4 230 230 228.2 224.5 223.1 217.8 212.8 211 208.4 206.2 207.7 206.3 204.3 204.3 203.8 203.3 203.8 202.4 200.8 199.7 194.4 190.5 185.7 179.6 172.1 165.3 158.8 153 146.7 140.2 134.2 126.3 118.1 107.4 96.6 82 66 51.5 47 57.9 78.8 80.6 91.9 99.1 102.3 104.5 103.7 106.8 108.9 111.1 112.7 114.4 115 113.4 112.1 110.8 106.2 100.8 102.3 99 93.5 88.6
199.3 203.5 205.2 206 205.2 205.4 207.9 211.6 215.6 219.7 223.9 227.4 230.2 233.3 236.6 238.5 239.7 240 239 236.4 229.7 227.1 221.9 220.1 217.2 216.1 213.5 213.4 211 209.3 210.3 210.8 212 212.6 211.1 209 207.4 201.9 197.4 191.8 185.2 176.1 168.1 161 155 147.9 141.5 136.1 127.8 119.2 110 99.6 86.1 70.1 54.4 49 45.2 76.6 77.5 85.9 96.9 101.8 104.1 102.4 101.3 104.8 107.7 107.6 109.9 111 109.6 108.2 103.2 98.9 95.6 98 94.5 89.7 85.9
201.2 204.4 209.3 210.2 209.4 210.6 213.8 218.4 222.4 227.1 232.6 236.8 240.8 244 246.8 248.5 249.8 249.8 247.8 244.1 239.1 233.3 230.9 225.8 223 221 218.9 219.4 218.9 218.3 218.1 219.1 220.2 220.5 219.1 217.1 215.1 209.6 204 198.5 190.4 179 169.5 162.5 156.8 149.2 142.6 135.9 129.1 121.2 113.1 102.4 89.7 74.4 57.9 50.1 44.9 69.4 77.9 85.8 95.8 98.1 103.3 100.9 98.8 101.8 104.5 106 109.7 109.4 106.8 104.6 97.7 94 92.1 91.6 90.1 85.9 80.1
210.9 209.4 215.3 218.1 218.2 217.7 221.5 225.7 230.1 235 241.1 246.5 250.5 255.2 258.2 259 259.4 258.8 256.2 251.9 247.8 243.8 239.9 234.8 233.7 228.9 226.5 226 227.9 227.1 226.6 226 227.2 227 225 225.4 224.6 218.9 211.9 207 196.7 182.2 171.4 164.1 157.3 149.8 144.2 136.3 130.1 122.3 117.5 104 93.1 77.4 62.1 50.2 44.7 65.5 76.9 84.1 91.8 97 102.8 99.8 94.7 103 105.8 106.7 111.5 108.9 100.1 96 92.4 90 88.7 88.2 86.9 82.1 77.8
221.8 218.9 219.5 222.2 223.3 224.8 228.7 232.8 237.1 242.5 248.9 254.9 260.8 266.4 267 268.1 268.2 268.7 266.9 264.9 260.8 254.9 250.1 243.5 240.5 239.2 236.8 232.5 231 234.4 232.2 232.5 233 231.5 231.2 233.7 237.1 229.1 216.7 216.4 203.1 184.5 174.2 163.5 155.9 149.3 143.9 136.4 130.3 121.2 115.8 106.2 95.7 82.1 65.7 51.1 45.1 60.6 71.6 80.4 87.1 94.3 103.7 99.9 93.5 103 105.8 106.9 110.1 107.7 97.4 92.5 88.6 86.1 84.1 84.4 81.6 78.4 75.9
232.1 228.7 224.8 225.5 227.6 232.2 236 239.9 244.4 250.3 258.2 265 270.9 274.6 276.6 277.3 278 278.7 277.9 279 275.3 269.4 259.5 252.2 251 251.7 246.5 242.7 238.8 237.6 236.9 234.6 235.1 234.4 236.7 241.8 248.5 241.1 220.5 212.3 203.2 184.8 176.6 164.5 156.5 150 143.5 135.7 129.2 118.2 113.3 104 92.9 82.3 69.5 55.3 46.1 55.3 66 77.1 83.4 91.6 104.3 98.8 91.5 100 102.8 104.1 106.6 104 95.5 89.4 86.3 82.3 77.6 75.7 74.3 74.8 70.6
237.9 235 231.8 231.6 235.1 237.8 242.2 246.5 250.7 257.6 265.9 274.9 279.6 283.2 286.7 288 288.1 290 291.3 290.9 287.9 282 272.7 264 260.8 258.5 252.6 246.4 240.6 241.1 239.1 233.4 232 231.8 240.2 238.6 243 240.2 224.6 211.4 201.6 183.8 174.4 164.2 159.7 151.7 142.5 135.3 128.3 116.3 110 103.1 93.3 83.5 70.1 56.2 47.2 43.4 59.6 74 79 85.1 91.6 89.5 87.5 94.1 96.6 98.3 100.2 98 93.1 87.2 84 81.5 75.4 67.7 67.5 69 63.5
247.1 243.1 240.2 240 240.9 243.4 246.3 250 256 263.9 272.4 282.5 286 291.8 295.9 302.1 303.1 302.8 310.6 310.7 305.7 297.8 286.8 275.7 268.8 260.9 256.9 245.5 238.2 237.9 234 228.1 225.8 225.9 230.4 230.8 235.3 234.2 220.8 210.2 199.5 182.2 173 163.2 158.8 150 141.3 135.5 127.4 119 111.4 105.8 94.6 80.9 69.8 58.4 50.4 43.3 52 65.4 75 80.5 82.7 81.6 81 83.9 87.9 92.1 91.2 89.4 86 82 79.2 76 75.4 63.7 61.1 58.5 56.9
256.2 251.5 246.7 246.3 246.2 246.9 249.5 254.3 262.6 270 276.7 284.6 290.6 300.2 309.9 322.8 322.4 327.8 329.4 325.3 316.9 306.8 296.6 277.2 271.9 265.4 253.1 240.3 233 230.4 226.8 221.8 220 219.3 221.8 225.3 226.6 224.8 215.9 207.1 195.4 181.7 171.6 161.9 157.8 149 140.8 135.6 125.9 120.5 111.7 105.9 96.4 83.3 72.8 62.4 51.8 46.3 42.2 52.8 64.3 76.1 77.4 76.1 73.5 76.8 80 82.4 79.9 78.2 74.4 73.5 69.7 71.6 69.9 62.6 54 50.4 49.5
263.4 258.5 252.8 250.2 250.1 250.7 253.4 259.8 267 275 280.6 287.1 294.7 305.7 318.4 326.2 334.1 332.1 325.7 315.4 310.5 302.1 292.4 281.6 272.3 260.4 246.2 236.6 232 225.9 221.2 218.4 217.4 217 219.2 222.3 222.6 218.3 210.3 200.8 191 179.7 170 161.1 157.4 148.8 142 136.2 127.3 122.7 114.2 107.9 98.7 87.1 77.3 67.6 56.8 49.8 44.1 40.6 40.9 47.2 56.9 60.5 68 70.2 72.6 71.2 69.4 67.8 66.7 64.2 62.5 63.5 62 56.3 48.2 43.6 42.8
