data/250000-60000.asc
ncols 200
nrows 200
xllcorner 250000
yllcorner 60000
cellsize 50
[rows 70 to 104 of 200, columns 0 to 77 of 200]
134.6 137 138.7 140.8 143 144.2 144.3 144 145.6 147.3 148.2 150.6 153.4 155.2 156.9 158.5 159.9 161 163 165 167.4 170.4 173.4 177.3 181.8 185.5 188.5 191.8 194.5 196.8 198.9 200.4 202 202 200.7 199.1 196.8 193.8 190.8 186.4 172.3 144.8 125.8 118.7 118.5 118.3 118.8 131.2 137.6 141.4 144.3 147.2 149.9 153.1 156.5 159.7 162.7 166 168.9 170.8 172.7 174.9 177.2 178.7 180.5 182.9 185.3 189 192.6 196.4 198.6 200.4 199.8 198.4 196 192.9 189.9 188.1
135.4 137.3 139 140.6 142.3 143.2 143.2 142.1 143 144.7 146.2 148.6 151.5 153.1 154.7 156.4 157.8 158.9 160.2 162.7 165.4 168.7 171.6 174.7 178.5 184.1 187.3 189.9 192.3 195.4 197.5 199.2 200.6 199.9 198.8 197.4 194.9 191.7 188.1 183 170.9 145.3 124 118.4 118.5 118.5 118 128.3 133.2 137.3 140.8 144.7 148 152.1 155.5 158.3 161.6 164.9 168.2 170.9 173.3 175.8 178.6 181.4 183.5 186.4 189.3 193.2 196.7 200.6 203.8 206 208 207.4 206.9 208.9 206.3 203.8
135.6 137.2 138.7 140.3 141.4 141.4 141 139.3 139.5 142.6 144.8 146.8 149.3 150.5 152.1 154 156.1 156.5 158 161.8 164.8 167.6 170.4 173.7 178.2 183.3 186.7 189.8 191.3 194.5 196.6 198 199.2 199 197.9 196.5 193.9 190.5 185.5 178.4 161.4 145.1 124.4 118.5 118.6 117.9 116.7 122.5 130.5 135.2 139.6 143.9 147.6 151.8 155 157.8 160.9 164.2 167.8 171.5 174.2 176.9 179.9 182.9 186.6 189.7 193.3 197.4 201.9 206.5 210.9 214.2 215.9 216.5 217.5 219.3 220.2 217.5
132.9 134.5 136 137.6 138.7 139 137.6 134.9 138.9 141 143.1 145.1 147.2 147.3 149.5 151.6 153.2 151.3 156 160.6 164.1 167.4 170.4 174.5 178.8 183.2 186.5 189.8 192 194.2 196.1 197.3 197.5 197.8 196.9 195.3 192.8 189.7 184.8 177.6 162.2 148.8 127.2 119.4 118.9 118.4 116.8 119.3 132 136.4 140.3 143.6 147.1 151.3 154.6 157.8 160.7 164.4 168.1 172 175.8 178.8 181.8 185.3 189.2 192.9 197 201.8 206.2 210 213.5 216.8 219 220.8 222.1 223.2 223.7 223.2
129.5 131 132.5 133.9 135.4 136 132.8 133.5 137.1 139.6 141.5 143.1 143.8 141.8 144.6 146 145.7 149.3 154.1 158.5 163.4 167.2 171.4 175.5 179.6 183.1 186.4 189.7 192.2 194.3 196.7 197.6 197.8 196.6 196.1 194.7 193 189.5 185.2 179.5 172 159.2 142.3 120 118.8 117.2 116.7 116.8 125.2 135.2 140.3 143.6 147.1 150.7 154.2 157.8 161.2 164.9 169.2 173.4 177.5 180.7 184 187.9 191.9 195.8 200 204.4 207.8 211.4 215 217.8 220.4 222.2 222.7 223.4 223.8 223.7
122.8 125.1 126.4 128.1 128 128.2 125.9 131.1 135.1 137.3 139 139.2 138 135.4 136.8 140.6 143.6 148 153.3 156.6 162.7 167.2 171.5 175.5 180.1 183.7 186.7 189.7 192.4 194.5 195.9 196.6 197.3 196.7 195.6 193.8 191.9 189.6 186 183.8 179.9 175.1 156.7 134.4 118.4 117 116.9 116.3 116.3 128.5 137.5 141.5 145.5 150.2 154.3 158.1 161.9 166.2 170.5 174.7 178.8 182.7 186.6 190.4 194.3 198.1 202.3 205.9 209.3 212.6 215.2 217.7 219.8 221.5 222.3 222.8 222.8 222.3
110.4 115 116.2 115.4 114.7 116.9 120.3 125.5 128.8 130.5 130 129.4 131.3 135.4 139.8 143.8 146 149.3 152.9 157.4 162.4 167.3 171.5 176 180.8 184.6 187.5 190.2 192.6 194.6 195.6 196.3 196.5 195.2 193.9 192 189.9 187.7 185.7 183.2 181.5 179.3 173.1 151.6 129.3 117.8 116.6 116.2 115.9 120.9 133 139.3 143.9 149.8 154.7 159.1 163.5 167.8 172 176.2 180.3 184.4 188.4 192.4 196.2 200.2 203.8 206.5 209.1 211.2 213.6 215.8 217.8 219.5 220.4 221.2 221.1 220.6
105.7 106.6 107.5 110.6 113.6 115.2 116.7 118.9 121.4 125 128.7 133.5 138.2 141.4 145 147.2 149.6 152.2 155.5 159.2 163.2 167.4 172 176.8 181.5 185.4 188.2 190.9 193.3 194.7 195.2 196 195.1 193.7 192.1 190 187.4 184.8 183.5 181.8 180.2 178.6 174.8 167.5 146.5 125.3 116.3 116.1 115.8 119.2 131.2 137 142.8 148.8 153.9 159.6 164.2 169.1 173.4 177.3 181.8 185.9 189.9 193.7 197.2 200.6 203.4 205.8 207.7 209.6 211.7 213.7 215.7 217.5 218.4 219.1 219.4 218.4
123.6 125.6 125.8 127.7 127.9 120 123.6 128.4 132.3 135.5 138.3 141.5 144.4 147.3 150 151.7 153.5 155.9 158.6 161.6 165.4 169.3 173.2 177.9 182.6 186.6 189.5 192.4 194.4 195.5 195.8 195.7 194.8 193.4 190.9 187.1 183.8 181.2 177.8 176 174.7 174.4 171.6 170.3 164.2 139.6 118.3 115.8 115.4 118.7 128.2 133.8 139.5 145.9 152.5 158.3 163.8 169.5 173.8 178.3 183 187 190.6 194.2 197.7 200.2 202.6 204.5 206.3 207.7 209.4 211.6 213.6 215.5 216.3 217 217.6 215.9
131.7 134.5 136.3 136.2 135.7 127.4 127.6 136.1 138.9 142.1 144.6 147.6 149.9 151.6 153.7 156.1 157.8 160 162.5 165.5 169.2 172.4 175.9 180.3 184.9 189 192.1 194.1 196.2 197.1 196.9 195.9 194.9 192.8 189.7 186.1 182 177.7 173.6 170.9 168.3 168.2 166.1 166.7 163.8 151.8 134.2 116.3 115.5 116.2 124.7 129.8 135.8 142.3 149 155.4 162.1 167.7 172.2 177.5 182.9 186.6 190.3 194 197 200.1 201.5 203.1 204.4 205.4 206.7 208.9 211.2 213.4 214.4 215.3 216.2 214.6
133.9 136.8 139.1 139.3 137.9 130.6 130 136 140.4 143.3 147.1 150.4 152.9 154.7 156.8 159.2 161.6 164 166.3 169.7 172.9 176.1 179.7 183.9 187.5 190.8 194.2 196.3 198 198.8 198.8 197.9 196 193.1 189.1 185.4 181.5 177.3 173.2 168.1 163.4 160.1 157.5 155.4 152.1 145.8 140 129.3 116 115.4 116.5 125.2 132.1 138.6 145 152 159.4 165.7 171 176 181.5 185.7 189.7 192.9 195.6 198.1 199.7 200.8 201.7 202.7 203.8 206.5 209.3 211.8 213.2 214.4 214.9 214.4
135.1 138 140.3 141.6 140.4 133.6 131.7 134.2 140.6 145.1 149.1 152.2 155.2 157.3 159.8 162.1 164.5 166.8 170.1 173.1 176 179 182.5 185.8 188.4 191.3 193.3 196.6 198.8 200.1 200.4 199.5 197.6 194.4 190.8 186.9 183.3 179.4 176.1 168.9 164.3 159.7 155.5 150.9 147.4 142.6 138.4 133.5 120.6 115.3 115.2 115 127.7 134.3 141 147.8 155.8 162.3 167.4 172.6 177.8 182.5 186.5 189.6 191.7 193.6 195.7 198.5 199.3 199 200.3 203.1 206.4 209.9 212.2 213.8 214 214.1
136 139.1 141.6 143.7 143.4 139.5 135.2 135.7 138.7 144.8 149 152.8 156.1 159.5 162.1 164.9 167.2 169.5 172.4 175.3 177.8 180.4 183.9 186.1 189 191.8 193.5 195.5 197.5 199.1 200.1 199.7 198.5 195.4 192.3 188.7 185.2 181.9 178.8 174.3 169.5 163.4 158.5 154.1 150.1 144.8 140 135.3 129.2 116 114.3 114.6 122.5 130.1 136 143.1 151.4 158 163.1 167.9 172.3 175.6 178.9 182.3 184.2 186.4 189.3 191.3 193 194.3 197.1 200.6 204.2 207.7 210.4 212.9 214.6 215.3
136.6 139.9 143 145.8 146.5 146.4 143.6 142.7 141.1 143.3 148.2 152.4 156.8 160.3 163.4 166.4 169.2 171.5 173.9 176.5 179 182.1 184.3 186.3 188.7 191.2 192.8 194.7 196 197.4 198.3 198.9 198.2 195.9 192.9 189.5 186.1 182.5 179.8 176 171.6 166.8 163.3 158.8 154.8 151.2 146.4 141.6 136.2 125.1 114.4 113.8 115.5 124.9 130.6 138.2 145.6 150.8 155.8 160.3 165.3 168.7 171.8 174.9 177.6 179.8 182.2 184.8 187.4 190.5 193.8 197.5 201.3 205.3 208.6 211.3 212.9 214.1
137.3 140.4 143.7 146.9 148.6 150.8 150.9 149.5 147.8 146.3 147.7 151.9 156.3 160.8 164 167.2 170.4 172.2 174.3 177.7 180.2 182.8 184.7 186.7 188.9 190.7 192.2 193.3 194.6 195.7 196.4 196.9 197.1 194.8 192.3 189 185.5 182.2 178.7 174.2 169.2 164.9 162.3 159.5 156.7 152.7 147.7 144 138.8 129.2 114.9 113.3 115 119 124.6 128.3 136.7 141.8 148.3 152.5 157.5 162.1 165 168.3 172.1 175.2 178 180.7 184 187.5 190.6 194.5 198.9 202.5 206.1 209.1 210.9 212.3
138.3 141.5 144.8 147.6 149.7 152 154.1 152.9 152.1 151 149.9 152.9 157 160.8 164.2 167.4 170.6 172.9 174.6 178 181.2 183.2 185.1 187.1 189 190.3 191.5 192.1 192.9 193.9 194.4 194.5 194.4 193.2 191 188.1 185.1 181.1 176.5 171.3 166.7 162.9 159.8 157 153.7 149.1 144.5 140.3 133.8 127.2 117.8 113.8 113.9 113.8 120.1 125.5 129.3 133.3 140.6 145.9 150.9 155.2 159.1 163.1 167 170.6 173.9 177.9 181 185 188.5 192.4 196.4 200 203.6 206.5 208.4 210
140.1 142.9 145.9 148.4 151.5 154.8 157 155.9 155.3 154.2 153.3 154 156.9 160.6 163.9 167.3 170.5 173 175.2 178.9 181.2 183.4 185.4 187.3 188.7 189.8 190.3 190.8 191.3 192.4 192.6 192.7 191.5 190.3 188.9 186.5 183 178.2 171.8 166.1 161.4 158.7 153.7 151.2 146.6 138.8 134.3 129.2 127.9 123 117.8 114.3 113.9 113.8 115.6 117.8 122.3 126.3 132.8 139.5 144.5 149.4 154.2 158.9 163.3 166.3 169.1 172.8 178.8 182.6 186.3 190.4 194.1 197.4 201 203.3 205.6 205.8
141.8 144.7 147.5 151 154.3 157.3 159.9 159.2 158.4 157.4 156.9 156.6 157.1 160.3 163.7 167 170.3 173.4 176.2 178.8 181 183.4 185.6 187.3 188.5 189.1 189.8 189.5 190 190.8 190.9 190.4 188.8 187.3 185.4 182.8 178.4 173.2 166.8 160.4 156.1 150.8 145.9 141.4 140.5 138.7 136.3 133.9 131.2 128.4 119.7 114.1 112.6 112.9 114.5 118.1 121.1 125.1 128 133.7 140.4 145.5 150.4 156.1 160.7 164.4 166.4 167.2 172.5 179.2 183.7 187.9 191.8 195.1 197.6 198.2 200.7 208.6
145.5 147.4 149.9 153.9 157.2 159.8 162.4 162.3 161.5 160.7 160.1 159.4 159.9 160.4 163.4 166.7 170.2 173.3 176.1 178.9 181.2 183.4 185.7 187.8 188.5 188.6 189 189.6 188.8 189.3 189.2 187.7 186 184.3 181.2 177.6 173.1 167.9 162.1 156.8 151.8 147 146.1 145.8 146.1 146.1 148 146.4 143 136.9 123 113.8 112.6 112.4 113.3 122.5 127.3 130.2 132.9 136.6 140.7 145.8 150.6 154.7 160.4 165.6 168.9 173.2 176.1 179.4 181.4 184.6 188.4 191.7 197.1 202.8 206.1 209.9
151.7 153.4 156.4 159.4 160.6 161.9 164.6 165.2 164.5 163.9 162.9 162.2 162.6 163.2 165 167.1 170.1 173.2 176 178.8 181.3 183.6 186.2 188.7 189 189 189.1 189.2 189.2 188.2 186.7 185.3 183.9 182.3 179.4 175.1 171 166.5 161.8 155.7 151 151 150.2 150.3 150.6 152.4 154.1 152.5 149.4 142 122.5 112.9 112.6 111.7 112.6 126.2 132.4 135.5 138.9 141 144.1 147.8 153.7 157.5 161.8 167 171.5 175.7 179.6 182.8 186.2 189.5 193.2 196.2 200.5 204 207.5 210.8
158 159.1 160.7 162.1 163.4 165 166.6 167.1 166.4 165.9 165.4 164.7 165.2 166 167.2 169 170.8 173.2 175.9 178.6 181.4 183.8 186.7 188.5 189.3 189.5 189.2 188.8 188.5 187.4 185.8 184.2 182.2 180.3 177.7 174.4 169.9 165.2 160.6 155.2 153.7 156.5 158.4 159.1 159.2 159.3 158.4 157.3 155.6 147.1 121.2 112 111.8 111.5 115.8 128.6 135.7 140.8 145.4 149.1 151.2 154.7 159.2 162.7 166.8 170.7 175.3 179 183 185.6 189 191.6 195 198 201.5 205 209.4 213.6
162.8 163 163.3 164.4 165.7 167.1 168.5 168.7 168.4 167.9 167.6 167.4 168.3 169.3 170.5 171.9 173.1 174.7 176.5 178.9 181.6 184.1 186.6 187.9 189.1 188.9 188.4 187.9 187.5 186.5 185 183.4 180.9 178.2 175.5 172.4 168.1 163.4 159.3 156.6 157.3 159.5 161.3 162 161.9 161.4 160.9 160.1 157 144.7 120.4 111.5 111.7 111.8 121.5 129 135.7 141.5 146.8 152.7 157.6 160.4 164.3 168.2 173.8 178.5 183 186 188 189.6 192.1 195 197.9 200.7 203.6 207.6 212.6 216.4
164.1 163.5 164.5 165.4 167 168 168.8 169.2 169.6 170.3 170.4 170.9 171.9 172.8 174.3 175 175.9 177.4 179.1 180.9 182.3 184.7 187.1 187.9 189 188.6 188.1 187.6 186.8 185.7 183 180.8 178.4 175.2 172.4 170.1 166.2 163.2 160.2 159.2 159.9 161.7 162.6 163.4 163.5 163.4 162.2 160.7 157.2 144.5 120.2 111.5 111.3 111.8 122.7 127.6 135 141.8 147.1 154.2 158.8 163.5 167.9 173.7 180.1 185.6 189.4 193.7 196.2 198.1 199.5 201.8 204.2 204 206.9 211.4 216.6 221.1
163.1 163.4 164.7 165.8 166.9 167.9 168.8 169.7 170.7 171.6 172.7 174.1 175.3 176.3 176.9 177.6 178.7 180 181.8 183.4 184.4 186 187.4 187.8 188.8 188.3 187.6 186.7 185.9 185 182.1 179 175.9 173.2 170.3 167.8 165.6 163.7 162.3 162.1 162 162.8 163.7 164.6 164.9 164.1 163 159.6 154.7 145.8 122 110.7 110.8 113 120.6 126.2 133.5 140.9 147.7 153.1 159.1 163.9 169.7 175.9 183.5 189.2 193.5 197.1 200.7 203.9 206.9 208.6 209.2 208.1 210.8 215 218.9 224
160.2 161.6 163.5 165.2 166.5 167.7 168.7 170.1 171.7 173.3 174.6 176.2 177.6 178.7 179.5 180.3 181.5 182.7 184.4 185.6 186.6 187.7 188.3 188.6 188.5 187.5 186.6 185.8 185 184.2 181.4 178.8 176.8 174.3 171.9 170 168.1 166.3 164.9 164.5 164.4 165.3 165.9 166.3 166 165.1 164.2 162.2 157.1 148.4 127 110.1 110.2 112.8 117.4 124.7 132.5 140 146.1 150.8 157.4 162.7 169.6 176.6 184.1 190.1 194.5 197.9 201.1 204.8 208 210.3 210.8 211.2 213.8 216.4 220.4 224.4
156.8 159.8 162.3 164.4 165.7 167 168.8 170.7 172.2 173.9 176 177.8 179.6 180.8 181.8 183.1 184.3 185.5 186.9 187.9 188.8 189.6 189.5 189.5 189.1 188.2 187 185.8 184.6 183.4 182 180.6 178.7 176.2 174.5 172.5 170.6 169.1 167.6 166.9 166.9 167.7 168.8 169.5 169.2 168.3 167.2 166 162.8 154.3 134.6 115.1 110.4 111 113.4 119.6 131.7 139.1 142.7 146.8 155.4 162.1 169 175.2 181.9 188.2 193.2 196.8 200.5 203.6 206.8 209.4 210.9 211.4 213.6 216.2 219.5 223.5
154 157.2 160.7 163.3 164.9 166.8 169.1 171.1 172.7 174.2 176.2 178.3 180.5 182.2 183.9 185.6 186.9 188 189.2 189.9 190.6 191.1 191 190.9 189.8 188.8 187.9 186.7 185.5 184 182.8 181.9 180.6 178.8 177 174.9 173.2 171.9 170.4 169.1 169.3 170.2 171.1 172 172.2 171.1 169.7 168.2 165.3 160.8 149.6 122.9 109.6 110 112.8 118.7 129.1 136.7 141.7 146 155.6 161.5 167.8 173.5 179 184.3 189.9 194.1 198.1 201.1 204.1 207.1 209.2 210.6 212.6 215.1 218.3 221.4
152.1 155.1 158.4 161.5 163.9 166.5 168.7 170.9 172.9 174.7 176.4 178.6 180.8 183.1 185.4 187.5 188.8 190.2 191.7 192.5 193.2 193 192.8 192 190.8 189.7 188.7 187.5 186.1 184.6 183.3 182.4 181.8 180.6 178.6 176.5 175.3 173.9 172.8 171.6 171.4 172.2 173.1 174 174.2 173.3 171.9 170.3 167.9 165.2 159.2 135.5 113.6 109.6 113.2 118.1 125.1 134.3 141.1 148.5 154.1 159.8 165.3 170.5 175.6 180.7 185.5 189.8 194.1 197.8 201.1 203.9 206.6 207.8 211 214 217.1 219.2
149.9 153 156.2 159.3 162.1 165 167.5 169.7 171.8 173.8 175.8 178.1 180.3 182.8 185.1 187.3 189 190.8 192.6 193.9 195 194.7 194.5 193.1 191.8 190.6 189 187.4 186.3 185.2 183.8 183 182.1 181.2 180.1 178.5 177.5 175.8 174.9 174.7 174.5 174.3 175.1 175.9 175.8 175 174.1 172.2 170.4 167.3 161.5 141.8 118.3 109.8 112.7 116 123.7 131.9 138.3 145.7 152 157.4 162.8 167.5 172.8 177.8 181.8 186 190.3 194.2 197.9 201.1 203.8 205.8 209.2 212.6 215.7 217.3
147.8 151 154 157.3 160.3 163.3 165.9 168.1 170.3 172.3 174.3 176.6 179 181.4 183.8 186.2 188.3 190.1 191.9 193.4 194.3 194.7 194.6 193.4 191.6 190.1 188.5 186.9 185.6 184.6 183.6 182.2 181.1 180.1 179.5 179 178.6 177 176.5 176.4 176.2 176.5 176.7 176.8 176.4 175.5 174.2 172.1 170.3 167.9 163.5 150.1 125.9 107.6 110.8 113.5 122.7 129.7 135.1 142.5 149.3 154.6 159.7 164.5 170 174.1 178.2 182.1 186.2 190.4 194.1 197.7 201.1 204.4 207 210.2 213.4 215.6
145.3 148.4 152 155.6 158.7 161.6 164.2 166.4 168.6 170.8 172.9 175.2 177.6 180 182.3 184.6 187.3 188.9 190.6 192.3 192.9 193 192.7 192.1 190.5 189 187.5 185.6 184.4 183.9 182.2 180.5 179.6 178.8 178.2 178.4 178.2 177.3 176.8 176.7 176.7 176.8 176.9 176.8 176.7 175.8 173.6 171.3 169 166.2 161.6 152.8 130.7 110.3 108.5 112.6 118.6 127.5 132.1 138 145.2 151.3 156.2 161.4 166.3 170.8 173.8 177.5 181.6 186.4 190.3 194.2 198.3 202.1 205.3 208 211.1 213.5
142.9 146.5 150.1 153.7 156.9 159.5 162 164.3 166.5 168.7 170.9 173.1 175.4 178.4 180.7 183.1 185.8 187.9 189.6 191.2 191.3 191.2 191.1 190.6 189.4 187.9 186.5 184.3 184.2 182.4 180.5 178.5 177.4 176.7 176.4 176.7 176.9 177.2 177 176.7 176.8 176.9 176.8 176.6 176.1 174.8 172.8 170.3 167.1 163.5 158.7 150 134 113.6 108.1 110.9 117.2 123.8 128.9 133.9 140.5 146.6 152 157 161.9 166.5 170.3 173.1 177.5 182.6 187.4 193.1 196.9 200.3 203.1 206.1 209 211.4
141.1 144.7 148.2 151.4 154.4 157.1 159.6 162 164.4 166.6 168.8 171 173.2 176.4 179.1 181.6 184.3 186.9 188.6 190 190 189.7 189.4 188.7 187.7 186.5 185.2 183.9 182.2 180 178.1 176.2 174.9 173.9 173.6 173.9 174.2 174.6 175.2 175.3 175.5 175.7 175.6 174.6 173.9 173.1 170.9 167.7 164.5 160 155 146.6 133.1 113.9 108 109.2 114.7 119.8 125.5 130.1 135.1 141.9 147.6 152.5 157.5 161.3 165.4 170.1 175.6 182.4 186.7 191.3 196 199.1 201.3 203.6 206.6 209.6
139.3 142.5 145.7 148.9 151.8 154.6 157 159.4 161.8 164.5 166.7 169.1 172 174.9 177.5 180.1 182.7 185.4 187.5 188.3 188.3 188.1 187.6 186.9 185.9 184.6 183.4 182.2 180.4 178.3 176.3 173.8 172.6 171.5 170.6 170.7 170.8 171.4 172.2 173.2 173.5 173.6 173.4 172.3 171.4 170.1 168.4 165.1 160.6 155.1 146.6 137.5 127.5 114.6 107.4 108.3 111.9 116.5 121.7 123.7 128 133.4 140.1 145.8 151.3 159.8 165.6 171.8 178.4 183.1 187.5 191.8 195.2 197.2 198.8 199 203.1 207.9
136.7 140 143.1 146.4 149.2 151.6 153.7 156.4 159 162 164.9 167.6 170.7 173.9 176.2 178.6 181.3 184 186.1 186.3 186.5 186.5 185.9 185.1 184 182.8 181.7 180.8 179 177 174.9 172 169.6 168.6 167.2 167.1 167.3 168.1 169 170.4 171.3 171.6 171.3 170.2 169.8 168.2 166.1 162.4 158.8 152.6 145.8 137.5 129.3 119.2 107.6 107.5 108.4 111.9 115.3 118.6 125.5 131.1 139.1 146.6 154.1 160.8 165.7 172.1 178.7 183.5 187.6 191.7 193.9 194.8 194.8 196.5 200.9 206.6
