data/250000-640000.asc
ncols 200
nrows 200
xllcorner 250000
yllcorner 640000
cellsize 50
[rows 35 to 69 of 200, columns 0 to 77 of 200]
226.8 226 225 224.2 223.4 222.3 226.1 227.9 230 231.2 231.8 233.2 233.8 234.9 235.5 237.3 239.6 241.4 244 244.6 247.1 249.1 251 252.4 254.9 257.3 259 260.4 261.7 262.7 263.5 263.1 262.8 262.6 262.4 261.4 260.3 258.3 259 260.3 259.6 260.7 261.1 260.9 260.7 261.5 262.7 263.3 264 265.4 266.5 267.1 268.8 270.1 271.2 275.6 275.7 276.3 276.4 277.3 277 277 277.4 278.6 279.3 280.3 281 281.6 289.6 290.9 288.6 288.4 286.3 273 265.3 262.9 261.6 261.6
225 224.4 223.4 221.9 222.9 225.2 228.2 229.9 231.8 232.6 232.6 232.9 233.3 235.7 237.8 239.9 240.5 242.3 244 245.3 248.2 250.6 252.8 254.4 256.9 259.3 260.5 262 263.4 264.1 264.1 263.3 262.5 262.3 262.2 261.9 260.8 260.4 260.8 261.3 262.5 263.1 263.4 264.1 265.1 265.6 266.4 266.1 266.6 267.2 267.5 268.6 269.2 270 271 272.3 274.6 275.7 275.8 276.3 276.7 276.6 276.7 278.4 279.4 279.8 284.4 286.1 287 287.6 287.3 282 272.5 265.4 262.7 261.6 261.6 261.6
222.6 222.6 220.5 219.3 223.9 227.9 231 232.3 233.4 234.1 234.6 235.4 236.3 238.4 240.4 241.8 242.8 244.6 246.4 248.4 250.7 254 255.5 257 259 261.2 262.3 263.4 264.6 264.7 264.6 264 262.9 262.4 262.2 261.9 261.5 261.1 261.5 262.5 263.9 264.4 264.7 265 266.5 267.2 266.6 266.5 267.2 267.3 268.2 268.7 269 269.4 270.5 272.4 272.9 275.8 275.5 274.3 274.3 275.1 276 277.8 278.2 282.9 285.3 285.4 285 283.7 279 273 265.8 261.6 261.6 261.6 261.6 262
221 217.8 218.9 222.7 226.3 230.1 232 234.3 235.4 236.3 236.8 237.7 239.2 241 242.8 243.8 245.1 247.5 248.9 251.8 254.3 255.5 256.8 259.8 261.5 262.4 263.4 264.2 264.7 264.3 263.8 263.3 263.1 262.7 262.4 262.1 261.7 261.9 262.3 263 264.1 264.7 264.9 265.1 267 267.7 267 267.1 267.1 267.2 267.8 267.9 268.4 268.8 270.1 271.9 273 273.7 274 272.9 273.5 274.3 275.7 277.3 280.3 283.1 284 284.4 284.3 278.4 272.1 265.9 261.6 261.6 261.6 261.6 261.6 264.6
216.3 218.1 221 225.7 228.5 231.3 233 235.4 237.4 238.3 239.1 239.9 241.8 243.5 245 246.2 249 249.5 250.1 252.5 255 256.2 257.9 260.9 262.1 262.8 263.1 263.6 264 263.5 263.1 262.7 262 261.8 261.7 261.5 261.4 261.8 262.1 262.8 264.2 264.4 264.9 263.7 264.5 265.6 266.2 266.6 266.9 267 267.2 267.1 267.7 269.1 270.6 271.7 271.2 271.6 272.3 271.7 272.4 274.9 276 278.2 280.3 281.1 281.8 280.6 277.5 272.6 265.4 261.6 261.6 261.6 261.6 261.6 262.4 266.7
217.4 219 222.7 226.3 229.5 232.3 234.1 236.5 238.9 240.4 241.1 242.3 244 245.5 247.8 250.2 251.1 251.5 251.8 253.7 255.6 257.3 259 260.8 262 263.1 263.4 263.5 263.4 262.9 262.3 261.5 260.8 260.7 260.6 260.5 260.6 261.2 261.8 262.3 263.4 262.5 262.4 262.2 262.4 263.5 265 265.5 265.8 266.6 267.1 267.2 269.6 270.6 270.8 270.4 270.1 270.4 271 271 271.3 274.2 275.9 277.8 277.9 278.7 279.5 277.2 270.7 263.3 261.6 261.6 261.6 261.6 261.6 261.6 264.5 267.8
217.9 220.5 223.6 227.7 230.3 232.9 234.9 238 240.1 242.7 244.1 245.3 246.2 247.3 249.7 251 252.3 252.6 253.5 254.9 256.4 257.8 259.5 260.9 261.5 262.4 262.7 262.5 262.1 261.8 261.2 260.1 259.7 259.5 259.4 259.4 259.3 259.8 260.2 260.9 260.5 260.3 260.1 261.3 260.7 262 262.7 262.9 264.9 266.7 267.8 269.8 270.9 270.8 270.7 269.7 269.4 269.1 269.5 270.6 271.8 274 275.2 274.8 274.4 277 274 268.2 262.2 261.6 261.6 261.6 261.6 261.6 261.6 261.6 265.1 268.2
220 221.9 225.9 230.5 233.7 235.7 238.8 241.8 244 246 246.9 247.6 248.4 248.3 250.3 251.5 252.6 253.2 254.2 255.6 257 258.4 259.9 260.8 261.4 261.5 261.4 261.1 260.7 260.3 259.9 258.6 258.5 258.4 258.3 258.3 258.2 258.2 258.7 259.2 259.2 258.9 258.9 258.9 260.7 261 262.6 265.5 268.5 270.2 271.1 270.7 270.2 269.5 268.9 268.1 268.2 268.1 269.3 270.7 271.9 273 274.3 273.2 271.4 271.2 269.8 263.8 261.6 261.6 261.6 261.6 261.6 261.6 261.6 261.6 264.2 266.8
222.9 227.8 228.4 233.8 236 240.1 243.3 246.1 247.6 248.7 249.5 250 250.5 249.9 250.6 251.8 253 254 254.8 256 257.4 258.7 259.7 259.7 259.9 260 259.9 259.7 259.3 258.9 258.1 257.1 257.1 257 257.2 257.3 257.2 257 257.2 257.7 257.9 257.7 257.8 258.2 258.6 261.5 265.1 268.6 270.7 272 270.5 269.6 268.5 267.1 266.6 266.4 266.8 267.5 269.3 270.7 271.6 272.6 273.3 272.6 271.4 269 264.5 261.6 261.6 261.6 261.6 261.6 261.6 261.6 261.6 261.6 261.6 264.3
226.4 230 233.5 236.9 238.9 242.8 245.7 248.8 250.2 250.4 250.6 251 251.3 250.9 251.2 252.4 253 253.6 254.2 255.3 256.8 258.4 259 258.1 258.3 258.5 258.4 258.3 257.9 257 255.5 254.2 254.8 254.8 254.3 255.9 256.3 256.1 256.5 256.5 256.6 256.7 257.2 257.9 258.8 260.3 264.2 268.6 269.5 268.7 267.7 266.1 264.6 264.2 264.6 265.3 266.1 267.1 268.9 269.9 271.3 272.6 272 272 271.7 264.7 261.6 261.6 261.6 261.6 261.6 261.6 261.6 261.6 261.6 261.6 261.6 261.6
228.9 230.7 237.9 241.9 242.4 245 247.5 249.9 251.2 251.3 251.5 251.5 251.5 251.4 251.4 251.9 252.5 253.1 253.6 254.2 255.6 256.1 256.4 256.3 255.9 255.6 255.7 256.1 255.7 254.9 252.5 254.5 255.5 255.5 255.2 256 255.9 255.8 255.9 256 256.4 256.9 257.7 258.4 259.2 260.8 265 265.9 265.7 265.1 263.6 262.3 261.8 262 263.3 264.8 265.8 266.8 268.2 268.8 268.5 268.1 267.6 267.4 263.1 261.6 261.6 261.6 261.6 261.6 261.6 261.6 261.6 261.6 261.6 261.6 261.6 261.6
232.6 235.5 239.5 242.1 242.8 243.4 246.1 249 251 251.8 251.7 251.2 251 250.8 250.7 251.2 251.6 252 252 252.1 253.1 253.4 253.8 253.7 253.2 252.8 253.1 253.7 253.5 252.3 254.2 255.3 255.3 255.7 256 256.4 256.4 256.4 256.4 256.9 256.3 257.1 257.8 258.6 259.3 261.2 261.6 263.2 262.5 261.9 260.7 259.9 259.6 260.5 262.4 264 265.2 266.4 267.4 268.1 267.8 266.7 265.9 263.2 261.6 261.6 261.6 261.6 261.6 261.6 261.6 261.6 261.6 261.6 261.6 261.6 261.6 261.6
233.1 234.1 237.5 240.6 242.1 242.9 244.4 247.1 249.3 250.4 250.1 249.7 248.9 248.3 248.8 249.4 250.1 250.3 250.3 250.4 250.7 250.8 251.2 251.2 250.5 251.4 251 251.4 252.4 255.2 255.4 255.5 256 256.4 256.3 256.4 256 256.1 256.4 256.1 256.6 257.1 258 258.7 260.1 260.4 260.3 259.5 259.7 258.3 258.6 257.5 259 260.8 262.5 263.6 264.6 265.8 266.8 267.1 266.5 265.8 265.6 263 261.6 261.6 261.6 261.6 261.6 261.6 261.6 261.6 261.6 261.6 261.6 261.6 261.6 261.6
231 234.2 238 240.8 242.1 242.7 243.6 245.3 247.2 248 247.6 246.8 246.4 245.8 246.8 247.7 248.5 248.7 248.7 248.3 247.9 247.7 247.7 249.1 250.1 250.8 251.3 252.3 254.1 254.8 255.5 256.3 256.7 256.7 256.5 255.8 255 254.5 255.1 255.6 256.2 257 258 258.9 259 258.3 257.4 256.8 256.4 257.3 256.4 258.6 259.1 261.3 262.6 263.7 264.6 265.5 266.1 266.4 266.4 266.2 265.4 264.5 263.5 262.3 262.1 261.6 261.6 261.6 261.6 261.6 261.6 261.6 261.6 261.6 261.6 261.6
231.7 233.9 238.5 240.6 241.1 241 241.3 243.2 244.9 245.4 244.7 243.9 243.8 243.5 244.1 245.4 245.8 245.3 244.1 244 244.5 245.9 247.7 249.6 250.4 251.2 251.9 253.3 253.9 254.6 255.1 254.7 254.9 254.7 254 253.2 251.9 252.4 253.4 254.6 255.5 256.5 257 257 256.5 255.8 255.3 255 254.9 255.3 258.3 259.8 260.7 261.5 262.7 263.8 264.9 265.7 266.3 266.7 266.9 266.7 266.1 265.1 264.3 263.1 262.8 262 261.6 261.6 261.6 261.6 261.6 261.6 261.6 261.6 261.6 261.6
230.3 233.1 235.7 236.5 236.9 237.4 238.4 240.9 241.9 241.9 241.4 241 240.4 241.6 241.6 243.2 243.1 242.9 242.3 242 244.6 246.3 248.5 249.7 250.8 251.7 252.3 252.8 253.4 253.9 253.7 252.7 252 251.4 250.4 250 249.7 250.2 250.9 252.8 253.3 253.8 253.9 254 253.8 254.1 254 254.9 256.2 256.4 257.9 259.7 260.3 261 262.7 263.9 265 266 266.5 266.8 267.2 267 266.7 265.8 264.9 263.9 263.6 262.9 262 261.6 261.6 261.6 261.6 261.6 261.6 261.6 261.6 261.6
225 229.1 231.2 232 233 234 235.8 237.2 238.2 238.6 239.8 240 240.5 240.7 240.9 241 240.7 240.5 239.9 241.8 244.7 246.6 248.3 249.6 250.7 251.7 252.4 252.7 252.8 252.3 251.6 250.9 250.1 249.3 248.8 248.3 247.8 248 248.3 249.6 250.1 249.9 250 252 252.7 254.5 256.2 257.2 258.3 258.6 257.4 258.2 258.9 260.2 262.3 263.9 265.1 266.2 266.9 267.1 267.3 267.3 267 266.5 265.6 264.7 264.4 263.1 261.8 261.6 261.6 261.6 261.6 261.6 261.6 261.6 261.6 262.4
223.5 225.6 227.9 230.1 231.7 232.2 233.4 234.1 234.7 235.4 237.1 237.9 238.4 238.5 238.6 238.7 238.4 238 237.7 240.2 243.3 246.1 248.1 249.5 250.7 251.4 251.6 252 251.7 251 250.5 249.9 248.9 248.1 247.4 246.8 246.3 246.3 246.5 246 246.3 247.5 250.4 252.1 254.6 257.7 259.2 259.2 259.7 260.1 259.4 258.3 260 261.1 263.3 265 266.3 267.1 267.6 267.9 268.7 268.1 267.4 267 266.3 265.5 264.6 263.2 261.6 261.6 261.6 261.6 261.6 261.6 261.6 262.4 263.3 265
223.7 224.6 226.7 229 230.4 231.3 231.8 232.4 232.6 231.7 233.6 234.8 234.7 235.2 235.8 235.9 234.9 236.5 238.4 241.1 243.8 246.4 248.4 250.3 251.6 251.4 251.1 251.2 250.7 249.7 249 248.6 247.7 246.9 246.2 245.2 244.7 244.6 243.3 245.7 247.3 250 252.8 256 258.4 259.5 259.8 259.3 260 260.8 260.9 260.8 259.1 262 264.1 266 267.3 267.9 269 269 269.8 269.2 268.5 267.8 266.8 266 264.6 262.3 261.7 261.6 261.6 261.6 261.6 261.6 261.6 263.7 264.8 266.4
224.6 224.6 226.4 228.2 230 230.8 230.9 231 229.7 231.6 231.6 231.9 231.9 231.9 232.7 232.3 234 237.2 239.8 243.2 245.8 248.5 249.8 250.8 251.2 251.2 251 250.9 250.7 249.8 248.6 248 246.7 245.4 244.1 242.6 242.3 242.5 245 248.4 250.4 254.3 256.5 257.7 258.6 259.4 259.4 259.1 259.8 260.4 261.1 261.7 261.9 262 263.3 265.9 268.3 269.3 270 270.4 271 270.2 269.4 268.3 267.1 266.2 265.3 264.3 263.8 262.6 262.3 262.3 261.4 262.6 262.7 264.2 265.6 267
223.6 224.6 226.3 227.5 229.6 230.6 230.8 230.7 229.8 230 230.4 230.2 229.4 228.9 229.5 232.1 236.3 240.3 243.2 245.5 248.2 249.5 250.4 250.6 250.4 250.2 250.2 250.2 249.4 249.8 249.1 247.4 245.9 245.5 244.3 241.6 242.2 243.7 245.8 249.4 252.8 254.7 256.3 257.6 258.1 260.2 260.4 258.7 259.5 260.4 261.2 262.3 263.6 265.4 265.7 267.3 269.2 270.7 271.4 272.9 272 271.1 269.9 268.7 267.5 266.3 265.4 264.2 263.1 260.9 257.6 256.3 259.2 260.8 262.3 264 265.8 267.3
223.1 224.4 225.2 226.3 227.7 228.4 229 229.1 229.5 227.3 228.7 227.7 226.8 226 230.2 234.7 239.4 242.2 244.5 246.2 247.6 248.5 247.7 247.1 247.8 248.4 248.8 248.6 248.3 248.2 247.3 245.9 244.8 243.8 242.2 240.9 242.9 244.5 246.7 250 252.6 254.3 256 257.2 257.2 256.8 256.7 257.4 259.3 259.7 262.4 263.1 264.5 266.6 267.1 269.2 271.1 273.4 275.6 274.5 271.1 269.9 269.5 268.6 267.5 266.4 265.3 264.1 263 261.1 257.4 256.6 259.7 261.1 262.4 263.7 265.5 266.4
223 223.8 224.6 225.4 226.2 226.3 226.1 226.7 226.7 226.8 225.8 225.1 224.1 226 231.1 235.2 237.9 239.7 240.9 241.8 242.1 242.8 243.2 243.2 243.6 243.8 244.3 245.5 246.6 246.3 245.7 245.3 243.2 242.3 241.1 240.7 242.8 245.6 248.1 249.1 251.1 253 254.2 255 255.9 256.8 259 259.9 260 260.4 263.3 264.2 265.3 267.6 269.2 271.2 273.3 275 276.2 275.7 273.7 269.7 269 268.2 267.3 266.2 265.2 264.1 262.6 261 258.1 257.1 260 261.2 262.4 263.7 264.3 265
222.4 223.2 224 224.8 225 224.4 223.6 224.3 224.7 225 224.5 223 223.6 224.2 226.6 230.1 232.8 234.7 236.2 237.5 238.6 239.4 239.8 240.1 239.8 239.9 240.1 241.8 244 244.1 243.8 243.3 242.2 240.5 239.7 241.1 243.7 246.6 248.6 251 252.1 254.1 255.3 256.2 257.6 258.4 259.6 260.3 261.4 261.8 263.3 265 266 268.7 271.2 273.1 275.2 276.6 277.3 277.3 276.1 273 268.9 267.6 266.6 265.7 264.6 263.6 262.2 260.6 256.5 258.2 259.9 260.9 262 262.6 263.6 264.4
223 223.6 223.9 223.6 223.6 223.2 222.2 222.5 223.3 223.3 219.1 219.5 220.6 221.6 224.5 226.9 228.9 231.8 233.8 235.8 236.5 236 235.6 234.8 235.8 237.3 238.7 239.1 239.1 239.1 239 240.2 240 239.2 239.5 241.9 244.5 247 249.4 251.6 253.7 254.5 255.9 256.6 257.4 258.7 259.8 260.7 261.9 263.1 264.1 265.2 267.1 270.2 273.6 275.2 277.2 278.4 278.8 278.4 276.4 272.7 268.5 266.6 265.9 264.8 263.9 262.8 261.6 259.8 255.4 256.9 259.7 260.5 260.9 261.5 262.5 263.6
222.5 223.1 222.6 221.7 221.4 221.2 219.8 217.2 215.4 217.3 218.5 223.5 224.7 224.5 225.2 222.8 225.2 228.7 230.4 230 232.2 233.1 237.6 238.5 237.9 238.5 238.5 238.5 238.4 238.4 238.5 238.7 239 239.3 239.9 242.2 245.1 247.3 249.5 252.3 253.3 254 255.6 256.3 256.9 257.6 259.6 260.8 261.7 262.6 264.2 265.8 269.4 272.6 275 276.7 278.2 278.8 278.4 277.7 275.1 271.5 267.6 265.1 263.4 263.7 262.1 261.5 260.1 258.1 254.7 257.6 259 259.4 259.8 260.3 261.4 262.4
222.4 222 221.1 219.9 218.9 215.5 213.8 214.1 222.2 216.3 223.5 225 226.3 227.3 227 227.5 228.7 230.2 231.6 233.7 234.7 237 238.1 239 239.4 239.9 240.5 240.2 240.1 239.8 239.7 239 238.8 239.6 240.5 242.4 244.9 247.4 249.8 251.3 252.5 253.6 255.1 256.2 257 257.8 258.4 259.8 261.2 262.4 264.4 268 270.9 273.5 275.5 277 277.8 277.8 277.9 276.3 274.5 271.2 267.1 264.5 262.5 260.6 260.5 258.7 256.5 255.6 255.7 257.5 257.7 258.3 258.7 259.2 260.2 261.2
220.8 220.6 220.2 218.3 211.1 212.4 218.2 220.1 221.5 223.2 224.4 225.8 227.4 228.3 228.9 230.4 231.9 233 233.2 234.6 236.8 237.2 238.8 240.1 241.7 242.8 242.6 242 242 242 241.5 240.8 240.2 239.8 240.5 242.2 245.1 246.8 248.4 250.4 251.5 252.8 253.7 253.7 254.3 255.7 256.9 259.5 260.9 262.8 265.5 268.6 271.3 273.3 274.3 275.2 275.8 275.7 275.2 273.7 272.7 270.7 266.6 264.4 262.4 260.3 258.1 256.6 256.2 254.7 255.8 256.7 256.8 256.8 257.4 258 258.9 259.9
219.1 218.4 217.8 209.8 211.2 215.1 217.9 220.8 223 224.4 225.2 227 228.8 230.1 231 231.8 232.8 233.6 233.8 234.9 236.3 238.3 240.3 242 243.1 243.8 243.8 243.8 243.8 244.1 242.7 242.4 241.9 241.6 241.5 241.7 243 244.4 245.9 248.9 250.2 250.8 253.2 254.9 255.8 257.8 258.7 259.5 261.3 263 265.3 267.6 269.2 270.7 272.2 273 273.6 274.1 273.9 273.3 271.7 269.3 266.6 264.2 262.2 259.6 257 256.3 254.2 254.3 254.1 254.5 255 255.6 256.5 257.3 257.4 258.4
214.6 213.7 212.3 208.6 210.1 215.8 220.7 222.7 224.4 225.8 226.6 227.9 228.8 230.3 231.6 231.9 232.8 233.6 234.2 235.4 236.6 238.4 239.6 242 243 243.8 243.4 243.2 243.4 243.7 243.8 243.4 243.1 243.2 243.1 243 244.9 246.8 248.6 249.9 250.8 252.7 255 256.7 257.3 258.7 259.7 260.7 261.7 262.8 264 265.8 267.4 268.9 270.5 272 273 273.9 273.3 272.2 270.2 268.6 266.3 264 261.7 259.5 258.2 258.1 256.5 254.7 254.4 254 254.3 254.6 256.2 256.9 256.3 257.3
211.7 211 207.7 205.9 213.9 220.1 222.6 223 223 223.9 224.4 224.7 228.5 231 232.5 232.3 232.7 233.1 233.4 234 235.2 236.1 237 239.8 242.2 242.1 242.4 242.6 242.8 243.1 243.9 244.3 244.6 244.8 244.7 244.6 246.3 248.2 249.8 250.7 251.6 252.5 255.1 257.1 257.8 258.8 259.8 260.8 261.8 262.8 263.8 264.7 266.3 267.9 269.7 271.1 272.2 272.6 272.1 271.1 268.7 267.5 266.3 263.9 261.2 260.1 260.1 259 258.6 257.4 255 254.8 254.7 254.8 253.7 256.8 256.3 256.7
207.6 207 204.7 209 214.8 216.9 217.7 218.8 219.6 220.7 222 227.7 230.2 230.2 230.9 231.4 230.9 231.3 231.5 231.9 232.5 233.6 235 236.2 237.9 239.5 240.3 241.6 242.2 243.3 244.3 245.5 246 246.3 246.2 246.6 247.7 249.6 251.1 252.1 253.2 253.8 255.4 257.2 258.2 259 259.9 260.5 261.1 262.2 263.3 264.4 266 266.8 267.5 268.5 269.7 270.3 269.7 268.6 267.5 266.5 265.3 262.8 261.7 261 260.2 259.8 259.3 258.3 257 256.6 256.7 256 253.2 255.5 255.4 257
203.2 203.3 203.8 206.7 209.5 213 214.3 215.8 217.9 219.2 221.5 224.4 226.1 226.5 227.6 228.5 229.5 229.5 229.6 229.9 230.4 231.8 233.2 234.4 235.5 236.9 238.6 239.9 241.7 243 244.8 246.6 247.3 247.7 247.9 248.5 249.5 250.8 252.2 253.5 255 255.8 256.8 257.3 257.7 258.7 259.3 259.8 260.3 261 262.1 263.2 264.4 265.3 265.6 265.9 267 267.3 267.2 266 266.3 266.2 264.4 262.2 261.2 261.1 260.4 260.3 260.1 259.1 258.6 258.7 258.4 257.4 253.7 255.6 255.1 257.3
201.6 202.1 203.1 206.2 207.9 209.2 211.7 214.8 217.3 219.1 221.3 222.8 224.4 225.5 225.7 226.3 227.2 227.5 227.6 227.8 228.5 229.9 231.4 232.6 233.9 235.9 236.9 238.2 240.5 242.2 245.1 247.4 248.8 249.7 250.7 251.3 252 253 253.4 254.1 255 255.9 256.7 256.7 256.7 258 259 259.5 260 260.5 261.1 261.8 262.5 263.4 263.7 263.9 264.3 264.5 264.2 264.4 265.3 265.5 264.7 262.2 259.3 259.3 259.5 260.5 260.8 260.6 260.5 259.7 258.9 258.2 255.9 253.9 254.4 257.5
202.9 205.3 207.6 208.8 210.1 211.1 213.1 215.8 218.6 220.3 221.6 222.9 223.6 224.1 224.4 225.2 226 225.8 225.6 225.8 226.5 227.9 229.6 230.9 232.5 234.7 235.5 237 239.3 241.7 245 248.2 250.1 251.1 251.3 251 251.8 252.7 253.4 254 254.9 255.7 256.3 256.2 256 257.2 258.5 259.1 259.6 260.1 260.7 261.4 261.9 262.4 262.6 262.8 262.9 263.1 263 262.4 263.5 262.6 262.3 260 256.6 257.1 258.7 260.4 261.3 261.5 261.1 260.1 259 258.7 256.5 253.3 254.8 257.3
