data/250000-590000.asc
ncols 200
nrows 200
xllcorner 250000
yllcorner 590000
cellsize 50
[rows 105 to 139 of 200, columns 78 to 155 of 200]
223.2 218.7 214.3 211.8 209.5 206 203 199.2 195.6 193.1 190.6 187.7 184.7 183 182.5 182.4 182.2 182.7 182.7 184.1 187.3 189 190.3 192.1 195.6 198.6 201.5 204.5 208 209.8 211.6 213.7 214 213.6 212.3 208.5 203.8 202.4 198.5 195.4 193 195.3 197.9 209.7 225.7 232.1 235.9 240.8 244.6 248.4 253.4 258.5 263.6 267.4 272.7 278.8 284.9 289.3 291.1 289.6 284.5 278.3 273.1 266.2 256.6 251.9 249.8 248.8 248.5 247.4 247.6 250.6 251.4 253.7 257.4 260.8 264.5 267.6
227 221.6 217.2 213.6 210.5 207.4 203.8 200 196.2 194.2 191.2 187.2 184.7 183.5 182.7 182.3 182.6 182.8 182.8 183.1 184.3 185.5 186.8 188.5 191.4 194.9 197.8 200.8 203.6 205.6 207.6 208.4 209.8 211 209.8 202.2 196.1 197 193.5 191.9 194.1 196.3 198.8 217.1 227.5 234.8 241.2 246.4 251.7 256.4 261.2 266.3 272.1 278.9 284.5 290.4 298 305.2 309.4 309.6 304.9 296.6 288.8 280.8 269 261.5 256.5 252.8 252.4 252.7 254.7 257 258.2 258.4 259.8 261.7 264 266.6
231.9 226.5 222.2 217.6 212.2 209 206 202.5 199 196.1 192.6 188.8 186.1 184.9 183.2 182.9 182.8 182.8 182.7 182.6 182.7 183.7 184.3 185.6 187.8 192.3 195.7 198.9 201.1 203.1 204.7 205.2 206.7 207.7 206.4 194.2 196.9 194.9 191.6 192.6 194.3 197 209.1 220 228.9 236.5 244.5 251.7 257.7 263.3 269.3 275.6 282.5 290.3 296.2 302.1 310.1 318.7 325.7 329.2 327.5 319.7 309.3 296.7 283.6 270.9 263.1 258.2 256.2 256.5 258 259.4 260.2 260.9 261.4 261.7 264 265.9
238.9 233.3 227.8 222.1 216.5 212 209.2 206.1 202.6 198.8 194.7 191.8 189.9 187.5 184.2 182.9 182.8 182.6 182.5 182.5 182.5 184.5 186.1 186.4 189 192.3 193.1 196.9 198.7 200.4 202.4 203.2 202.7 203.6 203.3 191.4 191.5 194.2 192.3 193.6 195.2 203.6 212.7 220.5 229.5 238.1 247.3 255.7 263 271.1 278.7 285 292.8 301.1 307 312.7 321.8 330.9 339.7 345.5 346.9 342.7 332.2 319.3 299.9 283.5 273 265.4 261.5 259.2 260.1 260.6 261.2 261.5 262.1 262.9 263.9 265.4
243.7 237.9 232.9 227.1 221 215.8 211.8 208.8 206.1 202.3 198 193.8 192.5 190.6 187.2 184.3 183.8 182.9 182.5 182.5 182.5 182.8 184.2 187.8 189.7 190.5 188.9 192.6 195.4 197.3 199 200.3 200.5 199.9 198.8 191.7 195.2 201 193.8 194.7 203.2 204.6 210.5 218.2 226.4 237.4 248.3 258.4 267.7 276.8 286.3 295 302.9 310.7 316.5 320.9 328.8 338.8 347.8 353.9 358.7 360.7 354.7 342.3 318 295.4 283 273.4 267 263.4 261.9 262.3 261.9 262 262.8 263.4 263.8 264.3
247.6 241.4 235.6 230.7 225 219.8 214.5 211.1 208.1 204.7 200.3 196.7 194.1 192.3 189.2 185.8 184.7 184 183.4 182.7 182.4 182.6 182.9 184.2 185.4 186.5 187.2 189.3 192.3 194.2 196.2 197.6 198.3 197.6 196.4 194.4 192 195.6 198.8 201.4 203.3 202.7 209.4 218.6 225.3 235.5 247.1 258.3 270.1 282.4 292.5 301.7 310.2 318.4 323.1 326.6 331.2 340.8 351.1 358 362.8 370.1 370 358.1 334.7 311.3 293.8 281.7 273 268 265.5 264.1 263.3 262.6 263.1 263.7 264 263.6
254 246.1 240 235.4 230.5 224.8 219.4 214.7 209.8 206.6 203.3 199.5 196.4 193.2 190.2 188.3 186.2 184.8 183.8 183.1 182.3 182.5 182.6 182.9 183.6 184.4 185.5 187 192.1 192.5 193.8 195.1 195.7 195.2 192.7 189.7 191.2 191.5 197.4 200 200.5 201.1 210.6 218.7 225.6 234.4 244.9 256.4 269.3 282.9 295.4 307.5 313.8 321.3 328.3 332 334.2 340.9 349.6 356.9 363.5 373.3 379.2 369.1 347.1 325.4 305.8 289.7 279.8 272.6 269 267.1 265.4 263.6 263.7 263.9 263.8 262.7
261 253.1 247.3 241.8 236.2 230.7 225.3 219.9 214.2 208.9 205.8 201.2 197.3 194 194.2 192.5 189.1 186.1 183.7 183.2 182.6 182.1 183.6 183.4 183.3 184.1 184.4 185.4 187.1 189.5 190.2 191.2 192.2 192.1 191.2 188.8 190.1 190.1 190.6 192.7 194.2 197.6 207.5 216.4 223.8 231.8 241.8 252.7 265.2 279.2 295.9 310.4 315 322.9 331.4 336.1 337.1 339.9 345.6 351.9 360.3 370.2 379.3 374.4 356.6 340.3 319.1 299.5 287 278.4 273.5 270.3 267.5 265.1 264.9 264.3 263.4 262
264.1 259.2 254 247.4 241.9 236.4 230.7 224.3 217.9 212.2 206.6 202.5 198.6 196.8 200 195.8 191.6 188 185.4 184.3 182.4 181.6 183 182.5 182.8 183.2 184.1 184.9 185.7 187.6 188.5 188.7 188.8 189 189.4 188.9 190 189.7 189.5 189.5 191.2 196.6 204.8 213.7 222.2 230.9 239.2 249.6 260.7 274.2 289.4 305 312.6 321.8 329.7 332.4 334.7 336.6 339.5 346.3 354.6 362.9 370.7 371.8 362.6 349.5 329.4 310.5 295 284.2 277 271.9 269 266.1 265.1 263.7 262.2 260.6
266.7 261.8 258.3 252.9 247.4 241.7 235.6 228.8 222.3 215.9 209.4 204.4 201.1 199.1 198.1 197.7 193.4 190.5 187.6 185.3 183.7 181.8 182 182.3 182.7 183.1 183.9 184.7 185.5 186.9 187.2 187.7 187.9 187.9 188.2 188.6 190 189.4 189 188.9 191.4 197 203.6 212.3 221.2 229.9 237.2 246.7 257.6 268 281.6 293.2 303.8 315.1 323.2 324.9 326.1 328.5 332.4 339.9 347.4 353.7 361.5 364 362.8 354.6 338.4 319.1 301.1 288.3 279.8 273.8 269.6 266.6 264 262.5 261 259.5
269.4 264.4 261 257.5 251.4 245.5 239.6 232.8 224.6 218.3 212.1 207.4 202.9 199.9 197.4 196.7 194.9 191.8 188.7 186.5 184.5 182.2 181.7 182.3 182.7 183 183.8 184.6 185.3 186 186.7 187.1 187.2 187.3 187.3 187.2 185 189.2 187.7 188.3 192.2 197.4 201.8 208 217.3 227.1 235 243.9 253.8 263.1 273.2 283.1 293 304.2 310.6 313.7 315.2 317.8 324.2 332.4 339.4 345 351.3 355.9 358.9 356.1 341.7 324.7 306.6 293.6 284.1 275.3 270.4 266.1 263.5 261.4 259.8 258.3
272.9 266.8 262.1 259.2 255.7 250.2 244.5 239 233.6 227.6 219.2 212.4 205.5 201.2 197.6 195.3 195.1 192.8 189.7 187.1 184.9 182.7 182 182.3 182.6 183 183.7 184.5 185.1 185.6 186.3 186.5 186.5 186.6 186.7 186.2 183.1 188.5 187.8 188 192.8 197.2 200.2 204.5 214.5 223 230.2 239.4 248.9 257.3 265.9 274.4 283.9 289.6 296.2 300.4 303.5 307.2 314.6 322.6 329.9 334.7 339.8 344.9 347.9 347.3 341.9 327.5 310.5 296.2 285 275.4 270 264.6 261.4 259.4 257.7 256.3
276.4 271.4 266.7 261.9 258.3 255.2 250.9 244.7 238.3 231.9 225 217.7 210.2 204.1 198.7 195.5 194.6 191.7 188.7 186.5 182.3 181.7 181.6 182.2 182.6 182.9 183.6 184.2 184.6 185.1 185.6 186 186 186 186.1 185.4 184.1 187.2 187 186.9 191.5 197.4 199.8 202.8 210.8 219 226.2 233.8 244.1 251 259.2 267.7 274.4 282.2 287 292.1 295.2 298.6 302.8 310.3 318.9 322.9 326.4 331.4 335.2 336.4 332.5 324.1 309.1 293.3 280.9 274.4 268.4 262.4 258.9 257 255.7 254.4
280.7 275.8 271.8 267.2 261.5 257.1 252.9 246.2 239.8 233.7 227.8 221.9 215.4 209.2 203.6 198.3 194.6 192.3 187 184.6 182.3 181.7 182.3 182.5 182.8 182.8 183.3 183.7 184.1 184.5 184.9 185.3 185.5 185.6 185.5 184.7 185.4 185.9 185.9 186.2 190.3 198 200.3 202.3 208.1 214.4 221.6 230.7 238.7 245.3 253.3 259.9 268.1 274.1 278.3 283.2 287.7 289.6 293.1 298.5 305.7 309.6 312.5 316.8 322 326.1 323.6 316.8 305.4 290.4 280.4 272.2 265.8 259.6 256.3 254.4 252.7 250.8
284.2 279.3 274.3 269.5 265.4 259.7 253.7 247.5 240.9 235.3 229.5 223.3 218.3 212.8 207.8 202.3 197.4 191.1 186.9 183.8 184.1 182 181.5 181.6 182.2 182.6 183.1 183.5 183.8 184 184.3 184.6 185 185.1 184.8 184.3 185.3 185.7 186.2 186.4 190 196 199.7 202.3 204.1 209.5 217.5 226.4 232.8 240.2 247.5 252.8 260.7 267 271.6 276.5 280.9 281.6 284.6 289 294.4 297.4 300.2 304.1 309.1 314.2 312.8 308.7 299.4 287.3 275.2 268 261.9 255.9 252.8 250.6 248.7 247
287.1 281.2 275.5 270.9 267.9 263.8 258.1 251.1 244.3 237.6 231.3 224.9 220.1 215.7 211.9 206.9 201.5 195.7 190.5 188.5 186 183.1 182.5 181.6 182 182.5 182.9 183.1 183.4 183.6 183.9 184.2 184.5 184.6 184 182.9 184.9 185.5 185.9 188 191.8 195 198.3 200 200.8 205.7 213 220.6 227.1 234.1 241.2 246.2 253.1 260 266.2 270.3 274.3 275.4 278.2 280.5 284.7 287.9 290.2 293.4 297.5 300.9 301 299.2 290.7 280.2 270.1 263.5 257.9 252.3 249 246.8 244.6 243.7
286 281.1 275.8 271.9 269.1 266.9 263 256.5 249.7 241.8 233.7 227.3 222.8 219 215.6 211 205.7 200.1 195 190.7 187.4 184.3 181.5 182 182 182.3 182.5 182.7 183 183.2 183.5 183.8 184.1 184.3 182.9 184.3 184.4 184.9 186.8 189.6 191.3 193.5 194.7 195.7 196.5 201.7 208.1 215.1 222.8 229.1 236.3 241.9 247.9 253.1 258.6 262.6 268.2 270.9 270 273.7 277.4 279.2 281.3 284.5 287.7 289.2 288.7 287.6 280.9 273.2 265.7 259.1 253.9 248.7 245.5 243.5 241.7 240.5
282.3 279.9 276 272.8 269.6 267.3 265.3 259.6 252.7 245.2 236.5 231.1 226.8 223.1 219.2 214.7 209.8 204.3 199 193.9 190 186.6 184.8 182 182 182 182.2 182.3 182.6 182.8 183.1 183.4 183.7 183.5 181.4 183.6 183.3 185.4 187.9 187.3 186.9 187.2 190.4 191.4 191.4 197.9 204.8 210.3 217.2 224 230.6 237.7 243.6 247.8 252 256.6 262.2 264.2 264.5 268.5 271.4 272.2 273 275 277.4 277.7 277.2 275.4 271.5 266.7 260.8 254.8 248.8 244.6 242.5 240.5 238.8 237.1
276.5 274.9 274.2 271 268.1 265.4 263.1 259.1 253.2 246.9 239.4 234.6 230.9 226.9 222.7 218.6 213.9 208.4 202.8 197.4 193.1 188.8 186.2 182.9 181.5 181.7 182.1 182.3 182.3 182.4 182.7 182.9 183.2 182.9 181.7 182.9 182.8 184.2 187 185.9 188.8 187.4 187 186.7 188.8 193.3 199.9 205.4 211.9 218.8 224.8 233.2 238.4 242.9 247.3 250.9 256.5 258 259.9 262.7 265 266.2 267 268 267.9 268.5 267.2 265.5 263.9 260.2 255.6 249.5 244.1 241.6 239.5 237.6 235.8 234.3
269.8 269.2 268.6 267.7 266.1 263.7 261.3 257.5 253.7 248.2 242.7 237.7 233.4 229.2 225.2 221.3 217.2 211.8 206.3 200.9 196.2 191.5 186.3 182.9 181.1 181.4 181.9 182.3 182.4 182.4 182.4 182.5 182.8 182.3 181.9 182.3 182.2 181.5 182.7 185.8 184.1 188.2 184.5 184.9 186.7 189.2 194.4 200.7 207.1 213.6 219.7 228.2 233.9 238.6 242.7 246 249.8 252.2 253.3 255.9 257.9 259.4 260.1 261.2 260.3 259.8 258.9 258.2 257.1 254.6 248.5 244 240.3 238.1 235.5 233.1 232.3 232
261 262.3 262.4 262.8 263.5 262.3 258.8 255.9 252.3 247.6 242.8 238.8 234.6 231.3 227.7 223.9 219.6 215.3 209.8 204.3 198.8 191 185.9 182.8 181.2 181.1 181.6 182 182.4 182.4 182.5 182.3 182 181.6 181.9 181.7 181.6 181.4 181.2 180.9 182.5 184.1 184.7 184.8 185.7 186.3 190.1 194.1 200 207.9 214.7 222.3 228.3 233.7 238 241 243.4 246 245.8 248 250.2 252.3 252.3 252.5 251.5 251.2 252 251.8 250.7 248.3 243 240.2 237 234 230.6 229 229.2 229.2
252.2 253.2 253.6 254.8 254.8 253.9 252.9 251.1 248.1 244.5 240.8 237.6 235.3 231.5 229 225.5 221.4 217.2 212.7 207.4 201.8 193.3 187.3 184 183.2 181 181.2 181.7 182.1 182.5 182.3 181.9 181.5 181.5 181.7 181.6 181.4 181.1 180.9 180.2 179.4 184.9 184.9 185.1 186.6 187.1 187.9 191.1 195 201.6 208.7 215.6 222.1 228.3 232.9 236.1 238.5 240.1 240.4 241.2 244.1 245.7 245.8 245.5 244.6 244.2 245 244.6 243.2 240.8 238.1 235.2 232 228.1 226.9 226.8 227.4 227.3
246.7 246 245.3 244.9 245.1 247 246.8 245.7 244.5 241.5 238.9 236.2 233.9 231.6 228.8 225.8 221.7 217.8 214 209.2 204.2 197.4 190.4 187.8 185.8 182.8 180.6 181.1 181.5 181.8 181.9 181.7 181.4 181.3 181.5 181.3 181.1 180.8 180.6 180 179.3 184.5 183.8 183.1 184.1 185.8 185 188.1 192 195.8 202.4 208.8 216.4 222.5 227.3 231.4 233.7 235.5 236.4 236.2 237.9 238.3 239.1 239.1 237.5 238.5 238.4 236.5 235.3 234.4 232.9 230.2 226.3 223.8 224.2 225.3 225.8 222.8
242.8 242.1 241.7 239.9 236.3 241.4 242.6 241.3 240.2 238.4 235.8 234.1 231.9 229.6 227.5 224.7 221.5 217.4 213.8 210.6 206 201 195.4 191.3 187.8 184.9 181.9 180.5 180.9 180.9 181.1 181.3 180.9 181 181.1 181.1 180.8 180.5 180.3 179.9 179.3 179 179 178.8 178.9 179.7 181.1 184.3 188 193 199.1 204.8 211.8 217.4 221.8 226.2 227.8 228.2 232 232.2 231.2 230.5 229.8 231.4 231.2 230.7 230.6 229 228.7 228.2 227.1 225.1 222.5 221 221.9 223.2 222.5 218.6
240.6 238.4 236.7 233.7 230 232.7 237.6 237.4 235.4 233.9 232.6 231.6 229.8 227.5 224.9 222.7 220 216.7 213.5 210.4 206.8 201.9 198.4 194 190.2 186.8 183.6 180.2 180.6 180.6 180.7 180.6 180.6 180.3 180.4 180.6 180.6 180.3 180 179.6 179.1 179.2 179.4 179.3 179 178.6 179 182 186 190.9 196.4 202.6 207.7 212.7 216.5 219.6 221.3 221 226.5 226.2 224.3 224.2 223 223.9 225.1 225.1 224.3 223.1 221.8 221.5 221.2 219.7 218.4 217.2 218.7 219.7 219.4 215.8
239.4 234.7 231.2 231 227.3 226.3 229.1 232 232.4 231.1 230 229 227.2 224.6 221.8 219.5 216.9 214.8 212.1 208.7 205.5 202.9 201.1 196.8 193 189.2 185.4 180.2 180.2 180.3 180.4 180.4 180.3 180.3 180.3 180.2 180.1 180.1 179.8 179.3 178.9 179 179.1 179 178.8 178.5 179 181.8 187 191.5 195.7 200.1 204.3 207.1 208 210.2 211 213.8 218.2 217.5 217 216.6 214.6 214.5 217.3 219 219.2 218.4 214.4 214.8 215.8 216.3 215.3 213.6 214.7 215.7 214.8 213.2
238 232.9 229.3 228.3 225 223.6 223.2 226.8 229.2 228.2 227.4 225.7 223.6 221.2 217.6 214.1 211.5 210.9 209.7 206.9 204.7 203.6 202.1 199.5 195.7 192.3 187.8 182.2 179.6 179.5 179.9 180 180 180 180 179.9 179.8 179.8 179.5 179.2 178.9 178.6 178.3 178.1 182.1 181.1 181.2 184.2 187.8 191.3 195 197.6 199.8 200.1 198.6 199.3 199.7 204.2 206.1 207 207.9 207.1 206 206.8 208.9 211.2 212 211.5 208.9 210.4 211.9 212.9 212.5 210.2 208.8 209.7 209.2 208.8
237.3 229.4 229.2 227.6 226.4 224.9 222.1 222.2 224 222.8 220.9 221.2 220.1 218.1 208.2 206.5 204.5 206.7 208.2 206.6 206.8 203.7 203.2 203.2 199.9 194.8 188.5 183 180.9 179.4 179.2 179.6 179.8 179.8 179.7 179.7 179.6 179.2 179.1 178.8 178.6 178.4 178.2 182 182.7 182.9 182.9 184.8 186.6 189.7 192.2 193.7 194.2 193.2 191.2 190.2 191.6 194.5 196.1 197.6 197.8 197.4 197.5 200.3 201.3 202.9 204.1 203.1 203.9 206.2 208.3 209.6 210.1 209.5 205.6 201.8 204.9 202.8
236.4 233.3 228.5 227.8 226.8 224.4 220.3 218.3 217 217.9 217.1 215.6 211.2 208.5 207 208.1 209.9 207 203.7 201.5 197.8 203.5 202.4 204.7 204.4 197.4 191 185.7 181.1 178.7 178.9 179.3 179.5 179.5 179.5 179.4 179 178.6 178.7 178.5 178 177.7 177.4 178.8 181.8 182.9 183.6 184.9 186.4 186.8 186 186.8 187.4 186.2 186.2 186 185.8 186.5 188.1 190.1 189.2 187.9 188.9 192.5 194.9 195.7 198.4 198.1 199.6 202 204.3 206 206.4 205 203.3 199 199.2 197.5
235.3 232.1 227.9 224.5 221.4 220.4 220.6 218.7 217.5 215.1 214.6 215.2 209.9 210.4 211.5 211.7 212.6 212.2 207.7 206.8 203.2 196.6 200.2 202 201.2 196.4 192.4 186.9 180.8 178.4 178.9 179.4 179 179.1 179.1 178.8 178.4 178 178.2 178 177.6 177.3 176.9 176.6 177.8 178.4 182.6 182.9 183.5 183.5 182.5 182.9 183.6 183.7 184.2 184 183.9 184.4 184.2 184.3 184.2 183.2 185 189.3 190.9 191.5 194.1 195.8 196.6 197.7 200.1 202 201.7 200.3 198.3 195.8 195 194.2
231.9 232.6 231.2 228.2 226 224.3 221.7 219.8 219 217.7 215.1 213.2 214.2 215.2 215.1 213.9 213.9 213.3 209.5 206.1 203.9 199.8 196.6 198.3 198.6 195.8 191.6 185.8 178.4 178.8 179.3 179.1 178.3 178.3 178.2 177.9 177.5 177.4 177.7 177.8 177.4 177 176.6 176.5 176.6 176 176.7 179.4 179.2 179.2 179 179.5 180.9 182.6 181.9 182.2 182.4 182.5 182.5 181.3 180.9 181 183.5 187.5 187.9 188.1 190.1 192.7 194.4 195.4 196.4 196.9 196.4 194.3 192.3 190.3 189.7 189.4
236.7 236.8 234.8 229.8 226.7 224.6 222.3 221.2 221.9 220.4 217.8 216.6 216.1 215.8 215.7 215.5 214.4 213.9 209.1 205.8 204.4 202.6 199.7 195.1 193.3 192.9 189.2 184.1 179 179.3 179.2 178.7 177.7 177.6 177.2 177.1 176.4 176.8 177.3 177.4 177.2 176.7 176.6 176.3 176.1 176.3 176.3 175.9 176.2 176 176.1 176.3 177.8 179.3 178.3 179 179.8 178.8 179.7 180.5 179.7 180.4 182.6 185.1 185.6 184.7 186 189.1 191.1 191.7 191.3 190.5 190.1 188.7 187.3 185 184.1 183.3
239 239.2 237.4 232 226.8 224.7 223.7 223.6 224.5 222 219 217.4 216.9 216.3 216.7 216.5 215.3 213.3 209.9 206.8 205.2 203.6 201.4 197.6 188.6 190.8 188.3 183.4 180.9 177.6 178.1 177.6 177.1 177.3 177.4 176.8 176.7 176.7 176.4 177.1 177 176.5 176.2 175.9 175.6 175.8 175.9 175.8 175.7 175.1 174.6 174.4 174.4 175 176 176.3 175.8 177.6 176.6 178 179.9 181.1 182.7 183.4 183 179.9 179.5 182.9 185.5 184.7 184.8 184.4 183.7 183 181.8 180.2 179.8 179.6
240.1 239.8 237.8 234.1 228.3 226.7 226.2 226.1 225.4 222.2 218.9 217.4 216.1 216.2 217 217.1 216.2 215.2 212.1 208.1 205.5 203.4 201.2 198.9 189 186.8 186.1 183.8 181.8 179.9 178.9 178 178 178 177.6 177.8 177.7 176.6 176.2 177.5 176.7 176.3 175.5 175.1 174.9 174.9 175 175.3 175.6 174.9 174.5 174.3 173.9 173.9 173.7 173.9 172.9 172.7 176.9 177.7 180.5 182.4 182.5 181.7 179.4 175.6 175 177.5 178.3 178.9 178 178 177.9 177.7 177.5 176.4 176.4 176.8
238.7 238 237.3 234.8 232.1 229.9 228.2 226.7 225.4 222.2 218.8 217.3 215.5 214.6 216.2 216.7 215.7 213.7 211.5 208.8 205.3 203.2 201.4 199.8 193.5 184.8 182.9 182.2 181.6 179.8 179 179.4 179.1 178.3 177.8 177.9 177.5 176 176.5 176.5 176.6 176.3 175.5 174.6 174.2 174.3 174.2 174.3 174.7 174.5 174.4 173.8 173.5 173.8 173 172.8 173.5 172.6 171.8 176.8 181.3 182.2 181.8 180 176.3 172.5 171.9 172.6 172.7 173.2 173.5 174 173.9 173.6 173.4 173.3 174 174.2
