data/250000-630000.asc
ncols 200
nrows 200
xllcorner 250000
yllcorner 630000
cellsize 50
[rows 0 to 34 of 200, columns 0 to 77 of 200]
157.6 159 160.5 161.3 162.3 164.3 166.3 169.5 173.1 176.8 179.8 182.6 186.5 190.6 192.8 193.9 195.5 197.6 198.2 198.3 198.2 197.8 196.8 195.9 195 193.8 193.3 192.9 196.6 198.4 199.7 200.8 202 203 203.8 204.6 205.4 205.6 205.9 206.9 207.7 208 208.3 208.1 207.4 207.1 207 207 208.2 207.9 209.2 210.6 212.7 214.8 217.3 219.8 221 222.2 223.2 223.7 223.9 224.1 224.4 224.6 224.8 225 225.3 225.8 226.6 227.3 228.1 228.6 230.2 231.6 233.2 235.2 237 238.8
157.5 157.9 159.1 160.5 162.5 164.6 166.7 169 171.8 175.1 177.4 179.7 184.1 188.1 191.9 193.3 193.7 191.2 194.2 194.6 194.6 194.1 193.7 193.7 192.2 190.6 190.7 192.9 195.7 198 199.3 200.5 201.6 202.2 202.8 203.3 203.8 204.2 204.5 205.1 206 207.9 208 207.6 206.5 206 206.2 206.5 206.8 207.6 209 210.7 212.4 214.1 216.1 218.4 219.5 220.6 221.6 221.9 222.2 222.5 222.7 223 223.2 223.4 223.7 224.7 225.6 226.4 227.5 227.8 229 230.7 232 233.8 235.8 237.8
155.7 156.1 157 158.4 160 162 164.3 166.8 169.6 172.2 174.5 176.7 180 183.1 186.5 189.6 189.4 188.8 190.3 190.1 189.9 190.1 191.3 191.2 189.1 189.7 190.4 192.5 195.4 197.4 199 200.1 201.1 201.3 202.2 202.8 203.1 203.5 203.8 204.1 204.8 206.8 207.9 207.2 206.1 205.5 205.4 205.9 207.6 208.1 209.7 211.3 212.8 213.9 215 216.9 217.9 219 219.8 220.2 220.5 220.8 221.1 221.4 221.6 221.9 222.2 223.3 224.7 225.6 226.7 227.4 228.1 229.8 231 232.5 234.4 236.3
151.9 153.2 154.3 155.9 158 159.7 162.5 165.1 167.4 169.8 172.2 174.6 177.4 179.6 182.7 186.3 187.1 187 186.5 186.9 187.3 187.3 187.8 187.2 187 189.4 190.6 192.6 195.1 197.1 198.7 199.6 200.6 200.7 201.3 202.2 202.5 202.8 203.1 203.4 203.7 206.2 206.5 207 205.7 205.2 204.8 206.5 208.5 208.6 210.2 211.5 212.8 213.8 214.6 215.5 216.5 217.5 218.4 218.7 219.1 219.4 219.5 219.7 220 220.3 221.1 222.4 223.9 225.2 226.4 227 227.7 228.9 229.9 231.2 232.9 234.4
149.2 151.2 153 155 157.1 158.9 161 163.5 165.6 168 170.4 172.9 175.1 176.9 179.7 182.8 184.5 185.2 184.8 185.2 185.7 185.8 185.6 183.7 186.2 188.4 190.7 192.8 194.8 196.8 198.6 199.9 200.1 200.2 200.5 200.6 201.7 202.1 202.5 202.9 203.5 204.2 204.9 206.3 206.7 206.8 206.8 206.3 208.6 208.6 209.6 210.8 211.9 212.7 213.2 214.5 215.4 216.5 217.4 217.7 218 218.5 218.8 219.1 219.6 220.7 221.9 222.8 224.2 225.3 226.6 227.1 227.7 228.2 228.8 229.8 231.2 232.6
148.3 150.4 152.3 154.2 156.1 157.8 159.5 161.8 163.8 166.1 168.6 171.1 173 175.1 177.1 179.4 181.3 181.3 181.8 182.5 183.7 184.1 184.7 183.2 186.5 188.3 190.5 192.5 194 196.1 198.3 199.9 199.8 198.5 198.5 200.9 201.7 202.5 203.1 203.8 204.3 204.4 203.8 206.1 206.9 206.6 204.7 205.7 207 207 207.8 209 210.3 211.5 212.4 213.8 214.6 215.7 216.5 216.9 218.1 218.7 219.1 219.6 220.2 221.5 222.8 223.2 224.4 225.6 226.8 227.3 227.5 227 227 228.4 229.5 230.8
146.6 148.5 150.3 152.4 155.7 156.7 158 160 162 164.1 166.7 169.3 171.4 173.5 175.3 177.1 177.8 178.1 178 179.7 181.1 181.3 180.6 183 185.3 187 188.6 190.3 192.4 193.5 195.9 196.2 196.4 200 201.5 202.4 203.1 203.8 204.3 204.8 205.2 205.1 203.4 202.8 203.2 203.2 201.9 204.3 205.3 205.4 207.8 209.3 211.1 212.7 214.2 216.2 217.8 218.7 218.9 219.6 220.4 220.9 221.4 221.8 221.9 222.4 223.6 223.5 224.2 226.3 226.7 226.8 226 225.9 226.1 227.1 228.1 229.2
145 146.5 149.9 152.5 154.9 156.4 157.6 158.5 160.2 162.2 164.8 167.4 169.9 171.8 173.5 174.8 175.1 175.5 176 172.6 176.7 176.3 181.9 182.8 183.7 185.2 186.1 186.2 189.5 193.8 196.8 199 199.5 201.3 201.8 203.4 204.5 204.8 204.3 204.9 205 204.8 203.1 201.3 200.3 200.2 202.1 203.9 203.3 207.3 209 210.4 212.7 214.5 217.6 220.5 221.5 221.5 221.4 222.1 222.6 223.1 223.3 223.8 223.8 223.8 224.2 224.2 225.6 226.3 226.3 225.6 224.8 225 225.2 225.7 226.8 227.9
149.8 151.6 151.8 152.7 154.5 156.6 158 158.9 159.3 160.9 162.9 165.5 168 170 171.7 172.1 173 173.7 174.2 171.8 172 178.3 180.3 182.2 181.5 181.9 185 187.8 191.4 195.3 198 200.2 201.2 201.9 202.2 202.7 202.7 202.8 202.8 203.4 203.6 203 201.4 200.2 199.2 199.8 201.9 202.9 205.7 208.9 209.5 211.2 213.4 216.6 220.4 224.1 224.2 224.1 224 223.7 223.7 223.9 223.9 224.6 225.7 224.9 224.1 224.7 225.8 226.1 226 224.8 224.1 224.4 224.7 225 225.7 226.6
150.3 152.5 153.7 153.8 153.8 156 158.1 159.4 160.2 160.7 160.9 163.3 165.7 167.4 168.9 169 169.8 170.6 171.6 169.6 174 176.6 178.7 176.1 177.9 182 184.4 188 191.7 195 197.2 198.7 199.1 200.1 200.7 200.9 200.9 200.7 200.9 202.5 202.4 201 199.2 199.3 197.9 199.2 200.5 199.3 205 207.2 208.8 210.8 213.3 216.4 220.6 224.3 225.5 224.9 224.4 223.8 223.9 223.9 223.7 224 224.5 224.1 223.3 225.1 225.4 225.2 224.9 223.9 223.2 223.6 224 224.3 225 225.7
149.7 151.4 153.3 154.6 154.9 155.2 156 158.1 159.1 158.7 159.3 160.8 162.7 164.1 165.7 166.1 166.7 167 167 170.4 174.1 177.3 177.8 176.4 178.6 182 184.6 188.4 193.2 196.6 196.6 197 199 199.2 200.2 199.9 199.1 198.6 199.6 199.6 199.3 198.5 197.6 197.1 195.2 193.3 194 201.4 203.2 204.8 206.3 208.4 211.4 214.8 218.6 222.4 224.7 224.6 223.7 222.7 223.1 223.1 222.9 223.3 223.7 223.6 222.8 222.2 221.9 222.2 222.1 221.8 222 222.5 222.8 223.7 223.9 224.1
147 149 151.9 153.4 153.8 154 154.4 155.1 156.8 157.4 158.2 159 159.9 161.3 163.2 163.6 162.6 161.9 168.5 171.8 174.7 176.4 174.9 177.7 181.1 183.3 185.7 190.8 195.8 196.6 195.2 196.6 197.6 197.4 198.2 197.6 197.5 197.3 196.7 195.8 195.6 196.2 196.1 195.7 193.2 189.5 196.4 198.3 199.8 201.5 203.2 205.9 208.8 212.4 215.9 219.6 222.5 222.9 222.6 221.7 222.1 222 222.2 222.5 222.9 223 222.3 221.9 221.6 221.3 221.2 221 221.7 221.5 222.2 223.2 222.7 222.3
147.4 147.4 150.7 152.2 152.8 152.8 153.6 154.7 156.1 157.4 158 159.9 161 160.7 161.6 161.2 159.7 161.6 164.4 168.4 170.3 171.6 170.5 175.8 178.7 180.6 183.7 190 195 193.6 192.8 196 196.8 194.7 195.8 195.7 195.5 195.1 194.2 193.2 192.7 192.8 193.6 193.6 190.1 188.3 195 196.5 197.4 199.2 201.4 204.1 207.2 210.4 213.8 217.2 220.3 220.4 220.5 220.6 220.8 221.1 221.4 221.7 222 222.1 221.9 221.4 220.7 220.1 220.1 220.4 220.5 220.6 221.3 221.4 221.7 221.4
149.1 150.5 151.8 152.7 152.9 154.3 154.9 156.4 158 158.5 159.3 159.3 159.3 158.5 159.4 160.7 158.9 160.8 161.8 163 165.4 165.6 170.1 174 176.4 178.5 182.1 186.5 190.3 190.1 191.6 193.2 192.9 193.2 193.3 193.2 193 192.5 191.8 191.1 190.4 190.3 189.6 185.6 179.8 191.4 193 194.5 195.5 197.4 199.8 202.9 206 209.2 212.4 215.6 218.9 219.9 220 220 219.8 220 220.6 220.9 221.2 221 220.5 220 219.2 218.1 217.8 218 217.5 217.7 218.6 219.2 219.6 218.9
146.8 148.1 149.8 152 154.6 158.1 160.6 161 161.1 159.5 157.4 156.5 156.6 156.9 157.6 158.6 157.3 158.8 159.9 161 162.1 164.8 167.5 171.5 174.7 177.3 181.5 185 187.5 188.6 189.8 189.8 190.1 190.1 190 190.1 189.9 189.5 189.2 188.6 188.1 187.2 187.3 175.1 184.9 190.7 191.6 192.7 193.9 196.2 198.2 201.7 204.8 208 211.2 214.7 217.8 218.7 219.1 219.1 218.5 218.6 219.1 219.6 219.3 218.7 217.9 217.2 216.5 215.6 213.9 214.9 215 214.5 215.5 216 217 217.3
143.3 146.5 147.7 150.8 156.5 160.5 160.8 160.2 158.7 157 155.8 155.5 155.2 155.7 156.4 155.8 155.8 157.7 158.6 160.8 163.3 165.1 167 169.1 173.5 176.8 179.4 182 184.5 186.2 186.3 186.5 186.6 186.1 185.6 186 186.2 186.3 186.3 186.1 185.9 184.9 178.5 173.5 187 189.7 188.9 192.2 193.4 195 196.5 199.6 203.2 206.3 209.3 212.3 215.2 216.5 217 217 217.1 217.3 217.5 217.2 216.9 215.7 214.7 213.6 213 212 210.2 210.7 211.1 211.1 212.1 212.8 214 214.5
142.5 145.3 146.6 148.5 152.8 155.6 155.5 155.6 154.8 153.2 153.1 154.1 155 153.9 153.6 153.7 155.8 157.9 159.6 161.7 162.7 164.1 166.3 169.3 173.7 175.7 176.9 178.7 181.4 183.8 182.6 182.3 182.5 181.8 181.6 181.4 182 182.7 183.6 184 183.2 182.1 172.7 172.9 184.4 187 186.5 190 191.8 193.2 194.1 197.3 200.8 203.8 206.8 209.5 211.7 213.1 214.1 214.4 214.9 215.5 215.9 215.4 214.1 212.1 210.4 209.2 208.8 207 205.3 206.6 207.3 207.4 209.3 209.4 211 211.3
140.9 142.6 144.1 145.6 147.9 150.2 150.8 150.3 150.7 151.6 151.2 152.3 151.2 150.6 153.2 156.5 157.3 158.3 160.3 162.8 163.8 164.3 165.9 168.7 171.8 173.3 174.9 176.5 177.9 178.8 179.1 177.8 177.9 177.7 177.5 177.3 176.9 178.4 180.2 181.9 181.3 178.2 167.8 174.3 181.7 183 183.1 186 188.6 190.2 191.9 195 198.3 201.2 203.3 205.5 208.1 209.8 210.9 212.5 212.6 213.1 212.4 210.7 209 207.2 205.7 204.6 204.2 202.6 202.3 202.1 204.3 205.5 207.4 208 208.9 209.4
139.9 141 142.5 143.9 145.3 146 146 146.1 148 149.4 148.8 146.5 148.9 152.7 155 156.7 157.8 158.7 160.5 162.5 163 163.7 164.9 167.2 168.9 170.4 172.5 174.6 175.6 175.7 174.8 173.9 173.6 173.5 173.3 173.1 173.3 174.9 176.4 177.9 177.8 176.5 167.9 169.7 178.8 179 178.6 181.5 184.7 187.5 189.7 192.7 195 197.1 199.2 201.7 204.4 206.6 209.4 210.9 209.8 208.9 208.3 206.1 204.2 202.6 201.3 200 199.6 198.9 200 199.9 202.5 204.2 205.8 206.7 207.4 207.4
139.5 139.5 141.4 143.2 143.8 144.5 143.7 143.3 144.9 147.8 147.3 147 150.1 152.4 155 156.9 158.6 159.2 159.8 160.6 161 162.5 163.6 166.1 168 169.2 171.1 172.1 173.1 173.7 173 172.5 171.6 171.1 170.2 170.1 170.4 172.3 173.8 174.3 174.7 174.6 169.1 164.8 173.6 170.5 173.9 177.8 180.1 184 187.6 190 191.4 193.1 195.3 198.1 201.1 203 205.5 205.8 204.9 203.4 202.7 200.5 199.6 199 197.6 196.5 196.3 195.7 195.1 199.2 200.1 201.9 203.2 204.5 204.9 200.6
138.3 138 139 140.5 142.8 143 143 141.7 140.7 140.2 144.6 147 149.7 151.8 154.5 156 157.6 157.9 158 158.6 160 161.3 162.7 164.9 166.8 167.7 169.5 170.2 170.8 171.3 171.4 171.1 170.1 169.2 168.4 168.4 167.4 168.5 169.8 170.8 171.1 168.3 170.6 156.1 167.6 168.2 171.5 175.3 179.2 183.1 185.7 187.5 189 190.3 192.3 195.3 197.1 199.1 200.2 200.6 200.1 197.7 197 195.1 194.5 193.9 193.8 193.1 192.9 193.3 193.7 196 197 198.2 199.2 199.7 198.8 199.6
136.4 135.5 136.6 138.6 140 141.1 141.5 137.1 142.3 146.2 147.5 148.5 150.2 151.3 152.5 154 155.3 155.5 156.1 157 158.9 159.9 161.5 163.8 165.6 166.5 167.8 168.5 169 169.5 169.4 169.3 168.4 167.4 166.7 167 166.4 164.7 165.4 166.1 165.7 165.1 165.7 155.5 155.8 169.3 174.1 177.6 180.3 182.1 183.6 185.9 188 188.8 189.8 192.4 194 195.1 195.2 194.8 194.1 191.8 190 189.5 189.4 189 189.2 188.7 189.2 187.4 191.3 192 193 194.2 195.1 195.9 193.8 197.9
132.3 133 134.6 136.4 135.8 137.7 136.9 140.1 143.4 145.9 148.5 149.7 149.6 150.3 150.7 151.8 153 154.2 155.6 157 157.9 159.8 160.6 162.7 164.2 165.2 166 166.7 167.3 167.4 167.4 167.3 166.7 165.5 164.5 163.9 162.2 160.5 162.1 162.2 161.7 160.7 160.4 150.6 166.4 171.4 175.9 178.6 179.2 180.5 181.6 184.9 186.2 186.2 187.4 189.2 190.3 191.4 190.8 189.6 187.1 185.1 182.4 183.1 182.7 184 184.3 183.8 184.9 185.6 187.4 188.2 189.3 190.3 191.7 191.7 189.4 196.5
130 131.4 133.1 133.1 129.6 130.2 132.2 140.2 142.4 144.8 146.3 147.1 147.9 147.8 148.1 150.6 154.4 155.6 155.8 156.4 156.9 158.4 159.6 161.6 163 163.2 164 164.7 165.3 165.3 165.4 165 163.7 162.7 161.9 160.5 159.1 158.1 159 159.2 159.5 157 156.1 155.1 166.6 172.5 175.8 176.3 177.4 177.2 179.9 183.7 183.6 183.5 184.7 185.2 186 186.5 185.7 184.9 182.1 179.3 176.9 178.5 178.3 179.2 178.3 178 176.9 182.5 183.1 184.3 184.9 186.4 187.4 187.5 188.9 193.2
128.2 129 128.9 124.8 131.5 134.6 137 139.2 140.9 142.7 143.1 143.6 143.9 145.7 148.5 151.4 154.1 154.8 155.3 155.8 155.7 156.6 158.7 160.1 160.6 160.8 161.5 161.8 162.2 162.8 162.4 162.9 160.3 159.7 159 157 155.6 154.7 155 156.5 157 153.2 147.2 158.3 166.9 171 171.5 172.5 173.7 174.6 177 179.8 181.6 180.7 182.3 183.8 182.4 181.8 181 181.2 177.5 174.8 174.3 174 174.1 175 174.8 173.8 173.3 177.9 179.2 179.9 179 180.6 182.4 184.8 188.1 190.6
125.9 126.1 122.6 129.6 132.2 133.9 135.9 137.3 138.5 139.8 141.1 141.5 143 146.8 149.4 153 154 154 153.7 154.4 153.8 154.6 155.9 157.5 157.5 157 156.7 157 157.1 157.8 157.5 157.7 156.6 155.8 155 153 147.3 150.3 150.6 152.2 152.9 148.6 143.7 158.1 164.8 168.7 168.1 168.5 170.3 173 174.4 176.5 178 177.9 180.8 181.8 179.5 177.5 176.2 175.7 173.5 170.4 171 168.8 169.9 170.4 169.9 170 169.9 173.1 175.7 176.8 170.2 181.2 181.9 184.4 187.4 188.7
124.9 120.9 127.4 129.4 131.4 132.8 134.1 134.9 135.7 136.9 138.6 139.5 143.3 147.3 150.6 152.7 152.6 152 151.5 151.8 152.1 152.4 153.6 154.6 154.4 153.4 152.3 152 151.8 151.9 152 152.1 151.7 151.3 150.8 148.8 148.8 143.7 146 146.5 146.9 142 142.5 158.1 164.2 165.5 164.5 164 165.5 170.2 171.6 173.6 174.4 174.8 176.6 178.5 176.6 174.6 171.7 169.5 168.7 166.7 165.6 163.7 164.7 165.2 164 163.4 167.3 170 172.8 170.1 175.2 180.4 182.7 185 186.7 187.8
123.1 123.7 125.9 127.8 129 130.2 131.3 131.8 132.1 133.3 133.9 138.5 142.6 146.3 147.8 148.3 148.2 147.8 147.6 148.2 149.2 150.3 151 151.4 150.5 149.2 148.6 148.6 148 148 148.4 148.9 148.5 147.9 147.2 145.4 144.4 142.4 136.6 140.7 138 135.9 151.2 157.1 160.8 160 158.4 157.7 164.4 168 168.5 169.1 170.8 172.3 172.7 174.8 173.2 169.9 166.7 163.8 163.4 160.6 158.3 158.9 159 160.9 158 161.2 166 167 164.9 163.3 175.2 178.8 181.8 184.2 185.8 186.8
116.5 124 125.6 125.6 126.2 127.2 128.2 128.2 127.9 128.4 131 136.1 140.4 141.9 143.3 143.9 143.8 143.1 143.4 144.3 145.3 146.4 147.4 148.4 147.6 146.7 146.3 146.2 146 146 147.3 146.9 145.6 144.9 144.1 142.9 142 140.8 133.9 129 131.5 144.5 150 154.6 156 155.4 153.8 157.6 162.6 166.4 166.2 165.7 165.6 169.3 170.8 171.9 170.2 166.6 162.9 160.8 160.9 159.3 153.5 153.7 156.2 155.2 155.1 160.2 163.7 162.6 160.3 169.9 174.7 177.7 180.7 183 184.5 185.7
119.7 120.4 123.1 123.6 123.5 124 124.3 124.4 123.8 122.8 127.8 131.9 135.5 137.1 138.9 139.8 139.6 138.9 139.7 140.4 142.1 143.7 145.1 145.7 145 145.1 144.8 144.3 145.1 146.1 146.3 144.9 143 142.4 141.2 140.2 139.4 138.4 130.2 132.5 140.3 143.9 147.2 150 150.5 151.1 151.7 155.9 160.6 163.1 162.8 162.5 163.6 166.1 167.6 169.1 168.4 164 160.3 158.4 156.6 154.4 150.7 148 152.8 150.4 155.6 157.6 157.9 153.5 164.7 168.5 171.8 174.7 177.4 180 181.9 183.6
117.3 115.6 120.1 120.7 119.9 119.8 120.1 120.3 119.2 118.9 122.2 126.1 130 132.6 134.4 135.7 135.5 135.8 137.2 138.5 140.6 142.6 143.7 144 144.2 144 143.2 143.1 143.1 143.9 143.1 141.8 140.5 139.4 137.5 136.6 136.1 135.6 131.1 133.8 138.2 141 143.4 145.8 147.5 147.5 150.9 154.9 158.7 159.5 158.2 158.2 161.5 163.8 166.3 167.8 165.6 160.5 158.2 155.4 153.3 151 148.6 141.5 145.3 150.5 152.6 153 148.6 158 161.6 164.9 168.2 171.4 174 176.3 178.3 180.3
110.4 112.7 114.1 114.4 115.2 114.9 114.8 115.3 114.9 114.7 117.7 121.5 125.5 127.9 130.7 132.1 132.8 133.3 134.7 136.8 139 141.3 142.7 143.4 142.7 142.5 142.1 140.4 139.5 139.6 138.9 137.1 135.3 134.5 132.9 132.8 132.5 132 127.8 130.6 134.5 137 139.1 141.5 143.9 146.5 150.6 154.4 156.7 156.5 155.4 156.6 159.6 163.2 165.7 166.2 162 158.2 157.2 153.2 149.4 146.2 144.8 137.9 144.9 148.7 149.2 144.6 150.1 154.5 157.5 161.2 164.5 167.9 170.6 172.5 174.5 176.5
104.7 107.1 108.8 109.6 109.5 108.6 108.6 109 110.2 112 114.4 117.9 121.4 126.4 128.9 130.2 130.8 131 132.6 134.6 136.7 138.8 140 140.8 141 140.2 139.3 137 134.7 135.4 134.3 132.6 131.2 129.5 127.9 127.7 127.8 127.5 121.5 127.1 130.7 133.5 135.5 138.1 140.9 144.4 148.5 152.5 154.1 154.1 152.4 154.9 157.9 161 161.9 161.8 158.3 155.7 153.9 152 149.6 146.7 142.1 136.4 140.9 144.4 145.7 139.4 148.5 150.7 153.2 156.9 160.8 164.2 166.9 168.8 170.6 172.5
106.4 102.5 105.5 106.6 107.2 107.5 105.1 106.8 108.7 111.3 113.9 116.7 120.9 124.4 127.1 128.2 128.9 129.1 130.5 132.2 134.3 136.2 137.2 137.8 137.5 136.2 135.2 133 131.8 131.1 129.7 128.7 127.1 125.4 124.1 123.7 123.4 121.6 116.1 124.2 126.9 130 132.8 136 139.4 142.7 146.7 149.4 150.8 151 150.1 153 155.9 157.3 157.4 158 154.9 152.8 151 149.2 147.2 145.4 143.1 134.3 134.9 139.6 141.8 138 145.1 147.3 149.4 152.5 157.3 160.5 162.5 164.5 166.5 168.3
104.6 101 103 104.4 105 105.3 104.9 104.3 107.4 111 114 117.5 120.9 124 125.1 125.4 126.4 127.1 128.3 129.9 131.9 133.2 134.4 135 135.2 134 131.3 129.4 129.1 127.9 126.6 125.7 123.5 121.8 120.6 120.2 119.9 119.4 111.7 121.2 123.5 126.8 130.7 134.3 137.8 141.2 145 146.4 148.3 147.3 148.5 150.9 153.6 154.1 154.9 155.1 151.5 149.8 147.9 145.3 143.5 142.3 141 134.7 131 135.1 134.5 139.6 142 143.9 145.9 151 154.6 156.8 158.3 160 162.2 163.6
