data/250000-130000.asc
ncols 200
nrows 200
xllcorner 250000
yllcorner 130000
cellsize 50
[rows 78 to 116 of 200, columns 89 to 177 of 200]
123.2 121.7 119.2 105.7 87.9 83.3 100.7 112.7 116.2 117.5 118 117.6 116.4 114.2 108.3 97.5 88.8 94.2 97 95 92.9 90 89.3 92.1 94.2 97.8 101 103.7 105.5 109.2 113 115.6 118.2 120.8 122.9 125 127 124.4 112.6 90.5 67.6 46.8 29.8 30.2 52.2 77.3 97.3 102.3 83.9 59.3 41 52.9 68.8 84 94.3 102 110.2 118.4 129 134.3 138.2 142.2 144.6 146.4 147.6 148.2 148.2 147.6 146 145.8 144.3 143.4 141.6 134.1 125.3 135.5 148.3 153.5 154.6 153.8 152.3 149.4 141.8 128 122.5 129.7 132.3 132.3 133.1
114.3 112.8 109.9 102 81.8 77.8 89 100.2 103.6 103.5 103.8 103.3 102.4 99.8 94.8 85.2 79.4 83.4 85.2 85 83.3 79.1 76.3 78.9 82.3 85.6 87.7 90.5 93.4 96.7 100.2 104 107.4 109.8 113.7 116 119.9 119.8 115.9 95.9 73.9 52.3 32.9 29.8 46.2 70.6 89.1 92.6 79.6 56.7 38.6 55.2 77.9 97.3 108.6 114.5 119.4 122.3 126.1 127.3 130.3 133.8 133.7 133 132.4 130.7 129.7 127.9 126.3 124.6 126.5 126.5 125.5 122.2 118.7 131.2 141.6 145.6 147 146.7 145.1 139.1 131.6 119.9 112.3 114.6 113.9 114.8 116.3
105.3 103.6 100.1 94.8 80.7 70.2 82.9 88.7 90.7 90.4 89.9 89.3 88.5 86.8 82.8 73.7 71.2 76.8 76.6 76.2 74.1 70.5 65.9 64.6 65.6 71.5 75.2 78.6 82.4 85 87.7 91.2 94.8 98.8 103.1 105.6 106.7 106.9 102.6 91.3 77.7 56.7 38.6 29.3 44.1 64.7 75.5 74.4 69.2 52.7 36.7 53.2 76.2 92.2 98.8 103.6 107.2 110 112.7 115 117.5 117.6 115.6 114.7 113 109.9 108.6 108.4 108 108.7 111.1 112.8 112.7 110.3 114.4 128.5 135.2 138.9 138.9 137.1 132.5 126.8 118.3 109.4 103.8 101 99.2 98.1 101.9
96.6 92.9 88.1 83.9 75.6 65.3 73.2 77.1 78.3 77.7 77.3 78.1 77.5 74.7 72.3 66.8 64.5 67.2 67.9 67.3 66 62.4 57.4 54.3 59.2 60.6 63.2 67.3 71.7 74.8 77.8 81.1 84.2 87.6 89.8 90.7 90 88.1 82 73.6 64.3 54.7 40.3 28.8 38 50.4 53.2 52.6 49.9 37.9 36.5 53.7 70.5 80.5 87.5 91.6 94.3 97.2 98.6 100.2 100.6 99.7 97.7 96.1 93.7 91.8 91.6 92.3 94 96.3 98.8 100.7 101.9 104.9 115 125.4 130.3 134.2 134.2 131.5 124.7 117.5 112.1 107.5 103.9 100.4 93.8 87.7 86.8
86.3 80.5 76.4 73.1 68.8 63.6 61.5 65.8 66.2 65.8 65 65.5 66.3 65.1 63 59 56.2 58.5 59.1 58.2 57 54 48.6 43.7 47.9 50.5 52.9 56.3 60.8 64.2 67.5 70.3 73.2 76.4 77.6 77.3 73.5 67 60.6 53.5 47.8 40.4 31.8 28.6 28.5 30.7 33 34 35.3 35.7 40.4 56.3 65.8 71.9 76 78.4 81.3 82.4 83.8 83.7 83.5 82.9 81.8 80.7 79.6 80.9 82.4 84.3 86.9 89.6 92.5 95.3 99.1 108.9 117.7 124.9 130 132.1 132.5 128.7 125.1 121.9 119.6 117.3 114.1 110.3 103.4 97.6 84.5
81.8 77.6 73.6 69.1 65.9 62.6 59.1 55.8 55.1 54.5 53.8 55 56.4 56.5 54.2 51.6 49.7 49.9 50.7 49.5 47.8 44.5 39.7 38.2 38.4 40.2 43.2 46.8 50.8 54.1 57.2 60.2 63 64.9 65.4 64.3 60.1 51.9 44.5 39.5 34.7 29.4 28.3 27.7 28.7 29.3 30.3 31.8 33.1 39.7 47.8 54.2 59.3 62.6 63.7 64.6 66.2 67.4 68.2 68.1 68.4 68.3 68.4 68.7 73.6 76.5 79.6 82.6 86.1 91.9 97 103.2 111.2 118.2 123.6 128.7 131.9 135.2 136.5 135.7 132 131.4 131.2 130.6 127.3 120.5 112 104.6 94.1
93.8 89.6 85.2 80.5 75.9 71.5 66.8 62.7 58.6 55.9 54.3 49.7 46.4 47 45.1 43.6 43.9 43.1 42.5 40.9 37.7 34.8 31.2 30.9 30.4 31.6 33.5 37.2 41 44.7 47.9 50.9 53.5 55 55.7 52.6 47.4 39.6 33.7 28.9 27.8 28.4 27.7 26.9 34.7 36.2 36.4 31.6 38.3 43.2 46.7 50 51.9 52.2 53.1 52.5 54.1 54.1 54.2 57.2 60.3 63 66.4 71.6 76.7 85.1 92.9 99.8 104.1 107.8 113.2 118.9 123.8 128.3 131.9 135.4 138.6 141.2 142.4 144.3 145.5 145.5 146.2 143.8 138.8 131.7 123.9 114.7 104.1
104.6 102.4 99.2 95.3 91 84.3 77.7 72.1 67 61.7 58.8 55 49.9 45.8 43.4 41.7 37.4 36.5 36 37.3 37 37.9 39.1 38.2 37.2 34.5 29.6 29.8 32.7 35.5 38.8 41.3 44 45.3 44.5 41.9 34.8 29.1 26.5 25.6 26.8 27.1 26.6 31.3 43.5 45.9 45.8 39.1 34.7 40.3 42.4 42.9 43 43.8 46 49.1 50.7 54 58.3 62 65.6 70.3 73.5 77.1 83.6 95 104.7 111.4 116.6 121 125.7 128.3 132.3 137.4 141.7 144.8 146.6 147.2 148.2 150 151.4 151.9 152.1 151.3 148.4 143.6 136.2 128.5 117.7
110.2 108 106.1 105.6 103.1 101.7 91.4 81.5 76.8 71.2 64.6 61.3 56.7 53.9 51.6 49.5 47.6 45.8 45.6 45 45.1 45.8 44.7 43.1 41.8 40.5 36.1 30.3 26 27.5 30.2 33.8 37.5 38.4 37.3 32.3 25.9 25.8 25.6 25.6 25.6 26.4 27.6 41.8 49.4 52.4 51.9 48 42.6 40 40.4 43 46 50 53.7 54.7 55.4 59.5 65.4 69.8 75.4 80.4 83.8 87 90.2 97.2 106.2 114 119.6 125.1 129.4 134.9 139.2 142.8 146 148.1 149.6 150.7 151.4 153 154.8 156.1 157 156.9 154.4 151.2 145.7 137.7 129.7
112.4 110.3 109.2 107.7 104.4 99.4 94 89.2 85.8 80.9 76.1 72.4 69.5 66.9 63.5 60.2 57.5 55.4 54.2 53 53 52.8 50.9 49.2 47.7 46.4 43.9 38.8 33.3 27.5 24.9 27.6 33.3 34.8 32.9 24.6 24.2 25.4 25.6 25.5 25.5 26.3 40.5 48.4 54.9 58.4 60 57.9 54.8 51.7 50.8 50.6 52.7 57.6 62.1 63.5 64.5 67.4 73.4 79.1 85.4 90.9 94.3 97.5 100.7 103.5 108.7 114.5 121.3 126.4 131.3 135.2 139.2 143.3 146.5 148.8 150.3 151.4 153.7 155.7 157.2 158.7 160.2 159.9 157.5 153.8 149.3 142.6 133.3
112.2 110.2 107.7 105.8 103.4 99.9 97.3 95.8 94.9 93.5 91.4 89.2 85.5 82.6 78.4 74 70.9 67 63 61.3 60.2 59.3 58.2 57.2 55.9 55.5 53.5 50 44.9 38.1 30 23.7 30.5 31.7 23.4 23.3 23.4 24.1 24.3 28.2 34.5 43.6 49.7 55.9 61.6 64.8 67 66.2 67.1 65 62.8 61.5 61.5 63.8 72.6 74.6 75.9 74.3 82.3 88.2 93.5 99.6 103.3 106.3 109.1 111.8 115.2 119.2 124.6 128.4 132.2 136.3 140 143.8 147.1 149.4 151 153 155 156.6 158.8 160.4 161.5 160.7 158.7 155.4 150.7 145 136
108.4 106.7 105 103.6 102 101.4 101.2 101 100.6 99.2 98 94.6 93.4 91.6 88.6 85.8 83.1 79.7 76.9 75 74.8 71.8 68.9 67.4 67.2 66.8 64.6 61.6 56.8 50.4 40.9 29.4 24.9 26.7 22.1 23.1 25.4 33.6 39.6 45.1 48.9 52.1 58.5 63.1 67 70.1 73.9 76.5 78.9 79 77.3 74.6 75.3 72.5 83.1 87.3 88.1 84.1 90.1 98.9 102.5 108.6 110.9 114 117.4 120.2 123.1 126.5 129.9 134 137.1 140.4 143.1 147.1 149.5 151.1 152.6 154.1 155.6 157.1 159.3 161.5 161.9 160.6 158.1 154.7 150.6 145.8 138.5
101.7 101.1 101.2 99.6 99.4 99.8 99.5 99.9 101.3 99.8 98.5 96.8 95.6 95.9 95 92.8 90.3 86.1 85.1 83.7 82.2 80.2 79.8 79.2 78.7 77.8 76.3 73.3 68.6 62 50.1 33.2 21.4 21.4 21.4 23.4 32.8 38.6 45.7 50.6 54.2 58.9 62.7 67.3 72.5 77.7 82.1 85.7 88.1 89.2 88.8 87 87 86.2 89.9 95.3 96.9 96.3 97.8 107.9 112.3 115.4 118.5 121.6 124.9 128.6 131.2 135 137.6 139.7 143.1 144.9 147.8 148.9 150.4 151.4 153.1 154.5 156 157.7 159.6 160.7 161 160.1 157.5 153.9 149.8 146 139.6
93.4 92.8 93.4 94.1 94.4 94.3 94.7 94.5 95.6 95.3 94.6 94.1 93.5 90.4 90.7 90.2 89.9 89 86.7 86.5 85.9 85.8 84.7 84.9 85.5 85.8 84.5 82.3 78.2 72.2 62.4 38.4 20.7 20.7 20.9 27.4 37.6 43.1 49 54.6 58.9 63.7 68.8 74.9 83.1 88.3 94.9 99 100.2 98.5 97.1 94.9 93.8 94.6 94.8 99.6 103.3 102.9 100.3 110.1 115.8 120.7 124.1 127.1 129.8 134 136.3 138.2 140.1 140.6 140.5 141.9 143.9 146.1 147.6 149 150.6 152.5 154.2 155.7 156.5 156.4 156.4 155.9 154.4 152.2 149 145.2 140.1
85 84.5 85 86 86.5 86.1 86.7 87.2 87 86.7 87.4 88.6 86.7 84 85.6 85.6 85.9 85.2 84.8 85.4 86 87.2 88.6 89.7 90.6 91.4 91.2 89 86.2 79 63.6 39.2 20.8 20.6 25.4 35.8 44.1 50.8 51.8 59.6 63.9 71.5 78.8 89.1 99.3 106.8 112.9 115.8 115.1 113.8 112.5 109.3 106.9 107.2 108 109 112.1 111.5 108.8 109.7 113.9 119.3 121.9 125.7 129.3 132.4 134.4 135.9 136 133.9 134.3 136.5 138.1 141.8 143.5 145.9 147.6 149.3 150.9 152.6 153.1 152.7 152.2 151.9 150.5 149 146.8 143.6 140.1
75.4 75.7 77 78.3 78.7 77.9 78.5 78.3 78.4 79 80.1 81.3 82.4 82.2 82 80.6 80.4 80.4 81.4 82.6 84.6 86.8 88.9 92 94.6 95.7 95.5 94.8 92.9 84.5 58.5 36 19.8 20.4 33.7 44.7 52.9 60.4 66.3 70.6 77.8 83.8 93.2 106.6 116.4 121.9 126.5 128.8 128.9 127.1 125.7 123.9 122.7 121.3 122.7 123.6 124.2 122.6 120.5 117.4 117.5 119.6 122.3 125.5 128.2 131.4 132.9 132.7 130.7 128.8 129 130.7 133.3 136.6 139.5 142.1 144.3 146.6 148.5 149.2 150.6 150.5 149.4 147.5 145.9 145.2 144.3 142.3 139.9
66.4 67.6 69.4 70.7 70.6 69.9 69.6 69.8 71.1 71.9 73.6 75.3 76.5 76.7 76 74.7 74.4 74.6 76 79.1 82.1 84.2 88.1 91.9 96.1 98.6 101 102.6 99.9 79.6 54.4 29.9 18.9 27.6 41 54.6 59.2 68.1 77.9 85 92.9 102.3 110.4 119 126.1 131.3 136.2 138.9 139.8 139 138 136.4 134.6 133.5 134 133.5 132.6 132.4 131.3 130 128.7 128.9 128.2 128.9 130.9 131.5 131.9 131.2 127.1 122.4 125.2 127.3 130.3 132.6 135.8 139.3 141.9 144.1 145.5 146 146.5 146.1 143.7 142.3 141.2 139.8 142.4 142 140.3
59 60.3 62 62.8 63 62.7 62.8 63.5 64.9 66.7 68.2 69.2 70.7 71.3 70.1 68.9 68.3 68.4 69.4 74.5 78.6 82.1 85.2 88.6 93.8 98.1 101.2 103 96.8 74.6 49.5 24.3 18.5 27.5 45.2 58.6 69.9 78.8 90.2 100.1 108.9 115.7 122.1 126.7 132.1 138.8 143 146 147.8 147.2 146.4 144 143.5 143 142.2 141.4 140.6 140.7 141 140.6 139.2 138.3 137.5 137.3 137.6 136.9 135.8 132.7 125.5 119 123 129.1 132.4 134.7 137.1 139.3 141.7 142.9 143.5 143.6 143.6 142.3 140.5 137.6 136.8 140.1 141.8 142.4 141.6
51.6 53.7 55.8 57 57.3 56.6 57.7 59.1 60.5 62.1 62.5 63.2 65 65.4 64.2 63.1 62.2 62.1 63 67.3 71.6 75.2 78.7 81.6 84.2 87.6 89.4 90.8 82.2 67.2 44.1 21.5 18.3 28.7 52.5 66.8 80.2 90.7 99.3 109.4 115.6 121.1 126.2 130.4 136.1 140 143.9 147.5 149 149.2 149.9 147.9 147.3 147.1 147.5 148.3 147.1 147.1 147.1 147.1 145 143.8 143.1 143.5 142.6 140.5 136.6 129.8 115.7 116.5 128.6 132.9 135.6 137.1 138.7 140.3 141.2 141.7 141.6 141.2 140 137.9 135.3 133 134.1 139.4 141.4 142.2 141.5
46 48 49.4 51.1 51.6 50.6 53.2 54.6 56 57.6 58.3 58.7 60.1 59.7 58.4 57.2 56.1 55.7 56.2 59.3 62.9 66 67.2 69.4 70.6 71.8 72.5 69.8 64.5 53.5 37 18 17.4 31.6 56 76.2 86.3 94.6 101.5 109 115 120.1 124.7 130.2 134.6 136.1 140.5 144.4 146.7 148.8 149.6 149.4 149.2 147.9 147.1 146 148.6 150.3 150.5 150.7 149.1 147.9 146.1 144.1 141.3 138.4 129.8 115.8 104.3 117.2 129.1 134 136 137.9 139.5 140.8 141.1 140.8 139.8 137.4 134.5 130.6 126.7 127.3 133.4 137.9 141.1 142.8 142.4
40.3 42.4 44.4 46.4 47.2 46.7 48.8 50.9 52.9 54.3 54.5 54.9 54.9 54.2 52.9 51.7 50.4 49.2 48.3 51.5 53.6 56.3 56.5 57.1 58.1 58.6 56.5 49.7 43.8 36.5 24.1 16.5 16.1 36.1 59 76.3 82.6 89 95.1 100.2 106.7 111.2 116.8 119.9 124.4 129.7 132.8 136.7 140 142.1 143.4 142.1 141.7 141.7 140.5 140.4 142.6 144.2 145.9 147.3 146.2 145.3 144.8 141.9 138.3 131.8 118.9 102.9 101.8 119.3 129.5 134.1 136.4 138.3 140.2 141.4 140.9 137.6 132.6 128.8 123.8 120.4 118.7 124.9 132.3 137 140.4 143.4 142.8
35.8 37.7 39.8 41.3 42.9 42.9 45.3 47.6 49.7 50.8 51 51.2 50.6 50.1 48.8 47.2 45.5 43.9 41.9 44.8 46.8 47.4 47 47 46.4 45.4 40.9 33 25.1 18.1 16.2 15.8 15.5 37.3 61.2 68.3 74.6 80.3 86.2 91.7 96.1 100.5 105.6 108.9 113.4 118.1 118.5 123.7 127.8 128.5 129.9 126.2 123.7 125.1 128 126.8 128.3 130.6 132.7 134.8 136.7 137.9 137.3 134.8 130.4 120.7 106.4 90.9 98.6 117.8 126.1 131 135 137.6 139.9 139.6 135.2 130.4 122.4 115.6 109.7 109.4 113.6 123.8 130.7 135.8 139.3 142.2 142.8
31.3 33.1 35.1 36.9 38.3 40.4 41.9 44.1 46.4 47.3 47.4 46.9 45.9 44.6 43.1 41.7 40.2 38.8 37.4 37.8 38.9 39.8 38.7 37.3 36.3 31.8 24.7 17.7 16 15.6 15.8 15.2 21.2 42.2 57.1 61.7 67.7 71.6 77.7 82.4 87.6 91.5 95.5 99.1 102.4 105.4 110 111.7 113.1 115.1 114.2 112 110.3 111 109.9 109.4 110.8 113.9 116.7 119.3 121.2 123.8 124.2 122.7 119 106.6 90.7 79.2 94.9 112 120.5 126.5 130.7 134.7 136.9 135.6 129.7 119.9 106.8 99.9 97.8 103.2 114.6 124.2 131 136.2 140 141.6 142.1
27.7 29.6 31.6 34 36.5 38.7 40.5 41.9 43.4 43.7 43 41.9 40.9 39.2 37.3 35.5 33.8 32.2 30.9 31.5 32.6 32.4 30.6 28.4 23.2 17 15.1 15.1 14.9 15 14.7 16.9 33.5 46.3 52.3 57.1 62.5 67.2 72 76.3 80.3 83.2 86.8 90.9 94 95.9 97.5 98.5 98.7 99 98 99.6 99.3 97.4 95.8 95.8 96.5 98.8 100.1 102.1 103.5 103.8 105.5 105.5 100.2 89.8 76.1 72.9 91.8 105.6 112.9 118.8 125.4 129.9 131.9 130.5 122.3 106.8 93.5 90.1 102 112.8 123.1 129.9 134.1 138.1 141 142.7 142.3
26.9 28.8 31.5 33.3 35.3 37.1 39 40.5 41.7 41.8 40.9 39.7 38 35.4 32.6 30.9 29.1 27.3 25 25.3 25.2 24.4 21.1 16.2 14.8 13.7 14 14.3 14.4 14.2 19.7 31.6 38.1 43.7 48.6 53 58.6 62.9 66.1 70.1 73.2 75.9 79.4 83.4 85.1 86.6 87.8 88.1 87.2 86.9 88.3 87.7 86.5 84.7 83 82.7 83.8 84.9 86.5 87 87.5 86.5 86.3 84.3 77.7 72 61.7 65.6 86.1 96.3 101.5 107.2 114 118.1 120.4 118.3 109 94.5 85.2 93.8 109.1 120.7 126.5 130.5 134.5 137.8 140.4 142.1 142.9
28.3 30.4 32.8 34.2 35.5 36.8 38.1 39.4 40.1 40.5 39.4 37.7 35 32 28.9 26.3 24.4 22.2 20.1 19.3 18.9 16.8 15.2 14.2 13.8 12.7 13 13.4 16.6 21.6 25.8 30.5 35.6 40.9 45.5 50 54.4 58.3 61.1 64.3 67.3 69.7 72.8 75.8 76.5 76.8 76.6 76.8 76.2 74.9 75 74.4 73.6 72 70.3 69.8 71 72.1 72.8 74.1 74.5 74 74 71.5 65.8 56.1 51 57.6 73.8 81.5 87.2 93.3 99.3 102.8 104.3 102.4 92.4 79.8 81.7 96.8 111.4 118.5 123.1 126 129.5 132.9 135.4 137.3 137.8
30.1 32.1 33.7 35.1 36.4 37.7 38.9 38.8 38.8 39.3 38.4 36.4 33.6 30.7 27.8 25.1 22.3 20.9 18.9 16.2 14.4 13.8 13.3 12.9 12.2 11.1 15.9 16.8 18 20.8 24.7 28.9 33.2 37.1 42.3 47.2 50.3 53.8 56.8 58 61.3 63.6 66.2 67.6 67.5 67.3 65.4 67 66.4 64.8 63.2 62 60.8 59.1 57.1 56.6 57.5 58.7 58.6 58.7 59 58.5 57.7 57 51.7 45.8 42.5 50.4 59.9 66.5 70.4 75.9 80.5 82 83.2 82.9 72.6 68 85.7 97 103.7 108.5 113.1 117.1 121.3 126.6 129.1 132.2 132.5
31.9 33.5 34.8 36.2 36.5 37 37.5 37.2 35.1 36.3 36.3 33.9 31.8 29.5 26.9 24.1 20.3 19.6 19.4 14 12.9 12.7 12.3 11.9 10.3 17.5 19.4 20.5 21.9 24.3 26.6 29.3 33.9 37.6 42.5 45.1 48 50.4 52.3 54.1 55.8 57.1 58.4 60.5 61.7 59.7 57.7 58.8 57 55.5 53.4 51.3 50.2 48.2 46.1 45.5 45.3 45.5 45.1 45.2 44.8 45.3 45.4 43 40.4 35.9 35 41.3 46.6 50.6 53.8 57.4 60.7 62 62.4 61.3 53 61.9 73.9 83.5 89.3 93.6 97.5 102.8 107.8 114 117.9 121.6 124.5
33.6 34.7 34.8 35.5 35.4 34.1 34.2 33.3 30.6 31.1 31.8 30.5 29.1 26.8 24.7 20.8 17.4 13.9 12.8 11.7 11.6 11.4 11.3 14.6 18.8 21.8 24.9 27.1 28.3 29.5 31.2 34.2 36.6 39.3 42.1 44.2 45.3 47.5 49.1 49.9 51.1 52.3 51.5 52.7 51.9 52.4 50.7 49.7 48.3 46.5 44.1 41.6 39.5 37.4 35.5 34.8 34.7 35.2 34.7 34.7 34.8 34.4 33.7 32.2 30.9 28.6 29.6 33.5 35.9 37.1 39.1 40.9 42.4 43.7 44.2 43.4 39.7 50.9 59.9 67.4 71.8 75.1 80.5 86.7 91.5 97.9 103.6 107.8 111.2
35.8 36.1 35.3 34.5 33.6 31.7 29.9 28.6 27.3 25.8 26.6 25.8 25 23.3 20 17 13 10.4 9.9 10.2 10.1 12.1 17.4 19.9 23.8 28.4 31.2 32.3 32.7 33.5 35.3 37.5 39.5 41.1 41.8 43.2 43.8 44.8 45.4 46.4 46.8 47 45.2 46.3 45.8 45 43.2 41.6 39.8 38.4 36.4 34 31.2 29.1 27.9 27 26.3 26.2 26.3 25.9 26.2 26.9 27.5 25.8 23.8 23.9 24.2 25.5 27.2 29 28.9 29.2 29.9 31.5 33.2 33.8 34 38.6 45.1 48.4 53 56.3 62.2 69.5 75.2 82.4 88.2 92.2 94.6
40.4 38.8 36.8 34 31.8 29.7 28.1 26.5 24.8 23.2 22.2 20.9 19.4 17.4 13.9 10.7 9.4 8.7 9.5 9.1 15.8 17.6 21.8 26.8 31.1 33.4 35.7 36.4 37 37.3 37.8 38.9 39.9 40 40.3 41.6 41.7 41.7 41.9 43.2 44 41.8 40.1 39.1 39.5 38.6 37.2 35.7 33.7 31.3 29.4 26.4 24.2 22.7 21.9 21.3 20.2 20.4 20.7 20.6 20.9 20.3 21.1 19.8 19.2 18.4 19.1 20.3 21 21.5 21.8 22.8 24 25.4 26.1 27.2 28.1 28.9 31.9 36.4 38.8 41.3 45.5 51.9 56.1 63.1 69.8 73.7 74.4
47.2 44.2 39.3 36.2 34.9 34 32.6 31 28.9 26 22.2 17.8 15.4 12.2 9.2 8.6 8.6 9 7.9 13 19.3 24.8 30.4 33.5 36 37.9 39.4 40.4 40.7 40.6 40.5 40.8 40 40.3 40.2 40.1 38.8 38.6 38.6 37.3 36.3 35.7 34.9 34.2 33.5 32.7 31.6 30.2 27.6 25 22.4 21 19.6 17.9 17.6 17.1 16.8 16.3 17.4 14.1 13 12.3 12.5 11.7 12.5 12.4 13.1 13.1 13.7 14.4 15 15.5 17.7 20.2 21.6 22.4 23 24 26.4 27.9 31 33.2 36.2 38.1 40.4 41.7 47 47.2 48.5
46.2 43.4 40 37.5 38.5 37.4 36.5 35.2 32.1 29 24.8 14.9 14.3 10 8.5 8.5 8.4 8 12.9 18.5 27.4 32.6 35.4 37.7 39.1 40.3 41.8 43.8 44.2 44 42.8 42.5 41 39.9 39.4 38.5 36.8 36.4 36.4 35.8 34.5 33.8 32.4 30.6 29.3 28.6 27 25.4 23.1 20.9 18.7 17.2 16.2 12.9 9.9 10.1 10.2 10.5 10.8 11.3 11.7 11.8 12 12.4 12.5 12.5 13.1 13 13 13.5 14.1 14.8 15.3 15.8 16.1 16.5 18 18.3 21.2 23 24.5 26.2 28 28.2 28.1 23.6 23 22.1 25.3
34.6 33.1 31.9 32.2 32.6 32.6 31.1 27.5 25 22.3 19.5 15.7 7.8 7.2 7 7.6 7.9 14.1 18.3 29.3 34.3 36.9 37.8 38.8 40.5 42.9 47.5 49 49.8 49.4 47.5 45.9 42.7 39.5 37.9 36.5 35.8 34.5 35.1 33.9 32.8 32.7 31.7 30.1 25.1 24.2 22.5 20.9 19.6 17.7 15.5 13.4 9.5 9.7 7.5 8.4 9.7 10 10.5 11 11.3 11.3 11.4 11.9 12.3 12.6 12.8 12.7 12.9 13.2 13.6 14.2 14.9 15.2 15.4 15.6 16.4 17.1 17.3 18.5 19.3 18.5 18.7 20.3 16.4 18.1 18.4 18.9 19.5
23.7 23.5 23.3 23.5 23.5 23.3 21.6 19.3 17.4 14.9 11.5 7.8 6.6 6.6 6.4 10.5 14.5 18.2 22.5 29.8 33 36.8 38.1 38.8 39.9 43.6 46.8 48.3 48.9 47.3 47.1 46.7 43 38.9 36.4 34.7 34.3 33.2 34 33.6 33 31.8 29.8 23.7 20.2 19.1 17.6 17.2 15.9 13.4 10.4 8.6 8.9 8.2 7.7 8 9.6 9.9 10.2 10.7 11 10.9 11 11.6 12.3 12.5 12.6 12.8 13.1 13.4 13.8 14.6 14.8 14.8 14.7 15 15.6 16.1 16.7 18.3 18.3 16.2 18.9 18.1 18.6 18.9 18.8 19.2 19.3
14.5 13.6 14.4 14.7 14.2 12.3 11.4 10.1 8 5 7.9 6.9 6.7 6.8 8.2 14.5 16.9 20.4 24.2 27.2 29 32 33.7 34.6 34.7 36.1 36.9 38.4 39.2 37.9 39.4 39.8 39.3 37.1 34.2 33.3 33 32.8 33.8 33.6 32.7 30.3 26 21.3 17.6 14.3 13.4 13 11.1 9.1 8.1 8.1 8.1 7.5 7.4 8.1 9.2 9.8 10 10.3 10.6 10.9 11.2 14.4 19 20.7 21.4 20.6 19.6 18.3 16 15.8 14.5 14.3 14.4 15 15.8 16 16 18.2 18.3 16.2 16.9 18.7 19.1 18.9 18.9 19.6 19.8
8.5 7.9 7.3 5.5 4.4 4.3 4.4 4.9 5.1 6.3 6.6 6.4 6.7 9.8 13.9 16.2 19.1 22.1 24.6 26.6 27.5 28.1 28.3 28.3 28.7 29.5 29.8 31 31.6 33 32.7 32.5 33.2 33.4 33.2 33 33.5 32.4 33.3 32.7 32.5 30.6 26 18.4 13.4 11.1 10.6 8.7 8.3 8.3 7.4 7.6 7.7 7.5 7.9 8.7 10.9 14.3 18 19.4 23.2 24.2 25.9 29.8 34.6 39.1 43.9 43.2 40 37.2 33.1 27.8 23.6 23 19.5 15.1 16.2 15.9 15.5 16.6 17 18 18.2 19.4 20.3 20.1 20.5 20.9 22.9
3.8 3.9 3.8 3.8 3.9 4.1 4.5 4.6 4.8 5.2 6.5 8.9 12.5 14.4 14.9 18.9 22.5 24.1 24.4 24.9 25.3 25.8 24.1 21.8 22 23.3 25.9 27.2 30.2 31.4 31.9 33.6 34.3 35.3 35.1 34.3 32.8 31.6 29.2 27.1 25.4 23.4 18.4 12.6 9.7 8.5 8.3 8.1 7.8 7.9 7.3 7.3 7.4 7.7 8.3 11.2 15.4 18.6 22.5 25.1 27.5 33.5 38.5 42.2 47 51 53.6 54.7 54.5 52.6 50.4 45 38.4 35.5 35.6 33.1 27 24.4 23 18.6 19.8 20.2 22.5 20.9 21.3 21.5 22.9 27.5 29
3.5 3.6 3.5 3.6 3.8 4 4.4 4.5 5.2 8.4 11.7 12.4 14 15.1 18.1 20.2 20.5 18.6 21.4 21.2 21.7 20.8 17.7 19.9 23.2 26.3 28 31.4 33.3 34.5 36.1 37.3 38.3 40.1 39.6 32.2 29.7 24.6 19.3 13.3 11.3 10.9 8.3 7.9 7.3 7.1 7.1 7.5 7.3 7.1 7.1 7.1 7.7 10.4 13.2 18.1 19.7 21.8 24.8 28.2 32 37.4 43.2 48 52.7 58.2 61.4 62.6 63.7 63.2 62.5 61.8 60.8 57 56.9 54 48.3 43 29.7 26.2 35.2 37.6 36.6 31.6 30.9 29.9 31.2 32.8 33
