data/250000-130000.asc
ncols 200
nrows 200
xllcorner 250000
yllcorner 130000
cellsize 50
[rows 117 to 155 of 200, columns 89 to 177 of 200]
4.3 3.4 3.3 3.4 3.5 5.1 7.8 9.6 10 10.5 11 11 11.1 11 10.4 10.1 11.2 13.4 13.3 12.7 12.9 13.1 12.9 17 22.6 24.2 29.5 31.5 33.7 36.2 39.7 38.4 36.6 30.6 27.6 21.3 17.3 10 6.9 6.7 6.5 6.9 6.4 6.3 6.3 6.2 6.4 7 6.7 6.8 6.7 9.4 15.9 22.3 27.8 31.1 35.3 36.2 35.5 37.6 40.1 43.6 50 55.9 60.4 66.5 70.2 71.6 72.8 72.6 71.7 70.7 68.8 68.2 66.4 61.3 54.5 41.3 24 32.5 39 42.5 43.4 44.1 42.6 40.1 39.4 40.1 42.7
1.6 2.3 5.1 3.7 5.6 7 8.5 8.8 8.4 8.4 8.4 9.3 7.8 8.1 8 8.3 9.1 8.2 9.4 9.6 10.5 11.1 13 15.5 16.2 20.1 18.9 25.8 28.2 30.5 30.1 27.3 23.7 19.5 13.6 6.5 6.7 5.3 5.6 5.9 6.4 6.9 6.7 6 5.9 6.1 6.3 6.3 6.4 11.7 19.5 28.9 37.2 43.8 48.7 51.2 53.9 56.7 59.6 60.2 61.7 64.2 71.5 75.5 77.5 81 83.3 83.7 83.2 82.3 80.8 77.6 75.1 72.5 69.1 62.2 50.7 35.3 28.3 38.3 42.1 44.7 47.8 50 49.6 51.3 51.9 51.5 52.7
6.2 5.7 5.3 5.3 5.6 5.6 5.5 5.5 5.5 5.8 5.9 7 6.8 6.2 5.5 4.9 4.4 4.8 5.3 6.5 7.8 8.8 10 11.5 12.1 15.5 16.9 17.7 19.2 19.8 19.6 18.2 16 6.2 6.1 6.2 6.2 6.1 6.3 -1 -1 -1 -1 5.5 5.9 6.8 8.2 12.6 21.6 34.5 44.2 53.3 57.3 61.3 64.6 66.1 67.4 71.7 73.9 75.5 77.8 82 85.5 88.7 92 94.1 95.2 95.2 94.7 92.9 89.6 85 80.3 74.6 67.7 61.4 48.1 35.1 36.4 42.7 46.1 48.8 53.3 56.9 60 60.8 62 63.4 64.6
5.8 5.1 5.2 5.1 5.4 4.9 4.8 4.5 4.4 4.5 4.8 5.2 5.3 4.5 4.4 4.5 4.2 4.5 5.1 5.9 6.4 6.9 7.8 8.4 8.4 11.4 11.8 12.8 14.3 14.6 13.3 12 6.3 5.9 6.1 -1 -1 3.2 6.4 -1 -1 -1 -1 6.8 10.4 14.1 20.9 32.4 46.7 54.9 58.8 62.3 65.4 69 69.1 69.7 71.3 73.9 77.4 78.3 82 87 91.5 95.7 98.4 101.3 103.5 103.5 102.2 99.7 95.3 89.8 84.4 78 69.2 61.2 48.4 35.6 42.6 46.2 49.1 55.9 62.6 68.7 73.2 76 77.4 76.6 76.7
5.2 4.9 4.8 4.4 5.1 5.3 4.4 4.2 4.1 4.1 4.3 3.6 3.6 3.3 3.1 3.5 2.9 3.9 4.3 4.5 5.2 5.5 5.7 6.2 6.9 9.1 9.8 9.8 10.3 9.9 9.3 -1 -1 -1 -1 -1 6.9 7.4 8.3 7.9 7.1 6.7 9.2 11.3 16 24.2 30.8 38.2 45.8 50.9 53.7 55.3 57.5 60 60.4 61.4 64 66 67.3 72.4 77.4 81.3 87.3 92 95.9 100.8 104.7 105.7 103.8 99.3 93.9 88.4 79.5 69.8 60.8 55.8 45.9 40.6 46.6 50.9 57 68.3 73.4 78.9 84.4 87.1 86.3 84.7 86.8
4.9 4.8 4.6 4.3 4.4 4.6 4.6 4.5 3.6 3.5 3.8 3.9 3.2 3 3.2 3.6 3.4 3.4 3.7 3.8 4.2 4.6 4.8 5.2 5.9 7.9 6.4 -1 -1 -1 -1 -1 -1 6.6 6.2 6.4 7 7.7 8.7 9.7 10.3 8.7 8.8 11 15.1 19.8 24.2 29.5 34.7 38.7 41.3 43.4 44 45.5 46.1 47.3 49.4 52.9 56.4 60.9 67.3 75.1 82.1 88.4 93.2 98.3 101.6 102.8 100.2 93.8 86.8 80.3 72.9 63.6 56.9 50.4 44.1 46.8 50 54.1 67.5 77.2 83.3 88.9 91.9 92.6 91.8 92.7 94.7
5.2 4.8 4.5 4.3 4.2 4.1 3.8 3.1 3.8 3.1 3.1 3.4 3.3 3.2 3.4 3.3 3.3 3.5 3.7 3.3 3.9 4.2 4.6 4.6 5.4 6.2 -1 -1 5.3 5.3 5.2 5.4 5.2 5.2 5 5.4 6.9 7.8 8.6 10 10.8 10.9 10.9 11.8 12.8 16 17.5 19.5 25.5 27.4 28.3 30.3 32.1 33.3 35.4 38 41.3 45.3 50.4 55.9 63.3 72.8 79.5 85.9 92.4 96.6 98.4 100 97.4 91.7 87.9 81 72.1 63.7 56.3 48.7 47.2 48.6 52.7 59.3 71.7 81.1 86 92 96.8 100.3 103.1 104.7 105.4
5.1 4.6 4.7 4.2 4.3 4.1 3.6 5 3.1 3.2 3.2 3.3 3.1 3.2 3.3 3.4 3.4 3.9 3.8 3.3 3.5 3.7 -1 -0.8 3.5 -0.7 -1 4.9 4.8 5 5 5 5 4.9 5.4 5.8 6.6 8.4 9.8 10.9 12 13.1 14 15.5 17.6 18.2 20.4 20.9 24.2 26.1 27.6 28.3 31.7 34.3 39.2 45.4 51.7 57.9 63.1 69.1 75.2 81.2 87.3 93.3 98 100.5 101.9 101.4 99.5 97.1 93.8 90.1 82.8 73.8 61.5 52.4 50.8 52.1 55.6 64.4 74.8 86.5 93.7 99.7 104.7 109.3 112.2 114.8 115.1
5.2 4.7 5.1 4.4 4.5 4.5 4 5.7 3.6 3.5 3.7 3.8 3.6 3.6 3.5 3.6 3.7 3.9 4.1 3.9 3.6 3.7 -1 3.3 3.5 3.9 4.9 5.1 5.2 5 5 4.9 4.9 4.9 5.8 6.3 7.6 9.7 11.8 13.3 14.8 17.2 18.4 21.3 23.5 25.5 28 30.7 33.9 36.5 38.6 40.6 45.4 50.5 56 61.8 67.5 73.9 78.8 83.9 89.4 94.5 98.7 103.2 107.1 110.2 111.3 109.6 107.6 105.6 102.4 98 90.8 79.8 65.2 55.6 54.6 56.6 60.5 71.8 81.5 90.8 98.4 104.9 110.2 114.8 117.9 120.4 121.3
5.1 4.8 4.6 4.5 4.8 4.5 4.1 6.1 5.3 4.3 4.2 4.2 4.1 4.1 4 4.4 4.2 3.9 4.1 4.1 3.7 3.7 -1 -1 -1 4.4 5 5.3 5.5 5.1 5.4 5.3 4.9 5.5 6.3 8.4 11.2 15 16.3 18 20.7 23 24.4 27.3 30.2 32.6 34.9 38.2 43.5 48.5 50.9 55.7 60.9 64.4 68.5 72.8 77.8 82.5 87 91.6 95.8 99.5 103.9 107.8 112 115.5 116.8 116.2 114.6 112.5 109 101.4 92.1 78.8 65.8 58.6 58.2 58.8 63.8 72.2 85.8 93.3 100.4 106.4 112.6 116.7 120.4 123.3 126.7
4.4 4.5 4.3 4.4 4.5 4.3 4 6.8 5.5 4.9 4.5 4.6 4.6 4.7 4.8 5.3 5.1 4.3 4.1 4 3.7 4.2 5.4 -1 -1 -1 4.5 5.1 5.8 6.9 7.3 6.6 6.1 5.8 6.8 9.3 11.8 14.5 18.5 24.2 25.8 29 31.6 34.7 37.1 39.3 41.7 43.4 46.7 50.5 54 59.8 63.6 67.8 71.4 75.1 79.7 84 87.7 91.2 94.5 97.5 101.6 105.8 111.1 114.3 113.7 112 109.3 108.2 104.4 98.6 88.6 75.5 64.4 59.9 59.5 62.5 72.6 80.9 88.5 94.8 101.1 106.8 109.3 113.9 118.5 121.6 124.1
6.3 3.9 4.1 4.3 4.1 4 3.9 5.4 5.9 5.5 5.3 5 5.1 5.1 5.2 5.3 5.2 4.6 4.1 3.8 3.5 3.8 4.3 5.2 -1 -1 5.4 6.1 7 7.4 8.6 8.1 7.6 6.5 6.6 10 11.9 15.6 17.9 20.9 23 25.1 27.9 31 33.9 35.1 38.2 41.4 45.9 49.9 53.3 56.4 61.9 64.7 68.9 72.4 76.4 80.3 82.9 85 89.1 93.2 96.5 99.7 101.7 103.5 103 101.8 100.4 97.5 94.1 90.3 83 70.8 60.8 58 58.7 61.5 70.8 80.1 87.6 93.5 97.1 99.5 102.9 107 111.8 113.8 116
3.3 3.6 6.7 3.8 3.9 3.8 3.7 4.1 7.9 5.5 5.6 5.3 5.1 5 5 5.2 4.8 4 3.8 3.6 3.3 3.4 3.7 -1 -1 6.1 6.2 7.4 7.8 8.1 8.5 9 8.6 8.1 8 8.1 8.6 10.7 13 15.3 16.8 19.2 21.3 24.1 26.4 29.3 32.8 35.4 39.9 43.6 47.6 50.9 57 59.3 62.7 66.9 70.3 73.4 76.1 78.9 82.3 85.3 87.2 90.3 91.2 91 90.4 88.9 87.2 84.9 82.4 78.5 73.4 63.2 57.3 55 54.5 58.1 66.4 74.2 80.1 84.2 87.5 89.8 92.1 95.5 98.6 101.6 103.8
3.3 3.6 3.8 6.1 3.5 3.7 4.2 4.3 7.4 5.8 5.5 5.1 4.9 4.8 4.9 4.8 3.9 3.2 3.4 3.5 3.3 -1 -1 -1 5.6 6.5 7.6 7.8 8.3 8.8 9 9.7 9.6 9.3 9.1 9.4 9.1 9.7 11 12.3 13.8 15.1 17.3 18.9 20.4 23.4 26.8 30.1 33.3 36.6 40.5 45 48 52.9 54.9 60.3 63.2 66.4 69.3 72.2 75.2 76.8 78.5 80.2 80.6 79.6 78.1 76.3 74.2 72.3 69.3 66.3 62 58 53.1 51.2 49.7 51.6 58.2 65 68.9 71.9 75.4 77.3 78.7 81.1 84.3 86.7 88
-1 3.3 3.4 3.5 5.8 3.6 3.8 3.9 4.6 9.4 5.4 5.1 4.7 4.5 4.4 4.6 4.5 4.4 -1 -1 -1 -1 5.4 5.7 6.5 7.1 8 8.8 8.5 8.9 10.1 10.9 10.7 10.3 10.1 10.9 11.4 11.7 11.6 12.7 13.9 15.2 17.9 19.7 22.4 24.1 25.5 26.9 28.5 32.5 33.9 38.3 41.9 45.9 48.4 53.6 57.6 61.2 65.1 68 70 70.9 71.9 71.9 71.1 69.8 68.6 66.9 64.9 62.8 60.6 58.1 54.8 51.7 49.3 47.5 46.4 47.2 48.5 52.9 57.1 59.6 63.3 64.8 65.5 67.3 69.9 70.9 72.1
-1 -1 3.3 3.3 3.3 3.6 4.1 3.8 4.3 6.3 2.1 5.1 4.6 -1 -1 -1 -1 -1 -1 6.4 6.6 5.9 6.4 6.6 6.5 7.3 8.4 9.5 8.8 9.2 10.1 10.2 10.8 10.6 11.6 14 14.8 15.8 17.1 16.9 18.2 20.9 22.9 26.4 28.5 30.2 31 33 34.8 35.8 39.8 38.8 40.7 43.1 47.2 49.9 55.3 59.7 62.4 64.6 66.8 67.4 67.7 66.3 65.1 63.5 62.3 61.4 59.8 57.1 54.5 51.2 49.3 46.8 45.4 44.5 42.7 43.5 44.4 46 48.2 49 51.2 52.3 53.1 54 55.8 56 57.8
-1 -1 -1 2.8 3 3.2 3.3 -1 4.6 5.2 5.3 -1 -1 -1 -1 -1 -1 -1 -1 5.9 5.9 6.3 6.7 6.4 6.4 7.4 8.5 9.1 8.8 9.6 9.9 9.6 10.1 10.8 11.9 13.5 15.7 18 22.8 22.8 25 27.8 30.6 33.5 35.5 36.7 41.5 42.6 42 42.6 44.3 47.1 48.7 50.4 52.4 55.4 57.8 60.6 62.2 64.3 65.7 65 63.7 62.5 60.8 58.7 57.1 56.6 54.5 51.8 49.1 46.1 44 42.5 42 41.4 41 39.7 40.7 40.3 41 41.5 41.3 40.9 40.6 41.2 42.3 45.2 46.6
-1 -1 -1 -1 2.8 2.8 2.7 -1 -1 -1 -1 -1 -1 -1 -1 -1 -1 -1 -1 -1 5.8 5.8 5.8 5.7 6.2 7.4 8.6 8.9 8.9 8.6 9.2 9.3 9.9 10.4 12.3 14.3 16 19.6 22.9 26.9 29.7 32.2 38.3 39.2 42 43.9 46.2 48.3 51.4 53.6 55 56.5 56.8 58.8 61.3 60.3 63.5 65.4 66.7 67.9 66.8 65.5 61.2 59.9 56.7 54.8 53.1 51.6 49.3 46.6 44.3 41.3 39.2 37.5 36.6 37 37.5 36.3 36.4 34.7 33.9 35.2 36.7 38.6 40.7 42.8 43.6 43 42.3
-1 -1 -1 -1 -1 2.5 1.7 -1 -1 -1 -1 -1 -1 -1 0.1 0.6 0.4 -1 -1 -1 -1 6 5 5.3 6.2 7.3 7.8 8.3 8.6 8.5 8.2 8.9 9.4 9.9 12.3 14.5 17.3 21.4 25.2 30.3 33.3 36 39.5 41.3 43.4 45.9 48.4 51.7 55.6 59.4 61.4 62.7 63.6 64.9 66 68.7 70.7 72.9 73.2 72.9 72 70.3 67.4 63.3 60.4 56.4 53.5 49.4 47.1 45.5 44.1 42 43.5 37.7 33.5 32.5 32 31.7 31.8 33.7 36.4 38.9 42.8 45.8 48 51 55 55.4 55.8
-1 -1 -1 -1 -1 -0.7 -1 -1 -1 -1 -1 2.5 2.1 1.5 1.5 2.1 2.1 1.9 -1 -1 -1 -1 -1 4.5 5.4 6.6 7.2 7.5 7.9 7.5 7.1 7.5 8.6 10.1 12.4 14.8 18.5 22.3 26.5 31.9 34.8 36.8 38.5 40.1 40.9 42.9 45.8 50.8 54.3 58.6 62.5 65.3 69.3 70.4 73.1 74.8 78.1 78.4 78 77.9 77.8 76.6 73.7 70.8 68.4 64.8 62.2 59.1 57.8 57.5 56.5 54.1 50.7 45 39.4 33.8 31.1 32.1 35.6 38.4 42.6 44.2 46.7 50.6 55.2 59 64.2 67.6 69.1
-1 -1 -1 -1 -1 -1 -1 -1 -1 -1 0.4 2.3 3.3 3.3 2.9 2.9 3.5 3.3 3.2 2.2 -1 -1 -1 -1 4.1 5.3 6.7 7 7.1 6.7 6.8 6.9 7.7 9.5 12.3 14.7 18.4 22 25.8 31 34 36.4 37.1 37.3 37.8 39.7 43.4 48.3 51 55 58.9 62 67.5 74.6 78.9 79.6 82.5 84.7 83.5 83.2 84.7 85.2 82.3 79.8 76.6 73.2 69.7 68.2 68.4 69.1 68 64.5 59.7 51.8 41.4 30.3 33.3 36.5 39.8 42.3 44.3 46 50 56.6 62.5 67.1 72.5 76.4 78.2
-1 -1 -1 -1 -1 -1 -0.4 -0.2 0.1 0.6 1.3 2.2 3.3 2.9 3.3 3.6 4.2 5.4 5.7 4.4 4.1 1.9 -1 -1 -1 -1 5 6.1 5.7 6.3 6.6 6.9 7.6 9.7 11.6 13.6 17.2 19.8 23.3 26.8 30.2 33.5 34 33.1 34.8 37.3 40.6 43.7 48.4 48.9 54.1 58.5 63.5 68.5 73.6 75.9 78.7 81.4 82 86.1 91.7 93.5 92.9 87 82.4 77.9 75.1 74.9 76.5 77.2 75.2 71.1 64.1 55.4 43.2 29 35.5 36.4 40.1 42.8 46 49 55.4 62 67.8 73.5 79.2 83.5 84.7
-1 -1 -1 -1 -0.2 0.3 0.7 0.9 1.2 1.7 2.3 3 2.6 5.9 6.2 5.9 5.4 5.1 4.9 5 5.3 5.4 2.6 -1 -1 -1 -1 4.3 5.2 5.1 6.4 6.7 7.6 8.3 10.1 12.2 14.1 16.7 19.2 21.6 25.6 28.2 27.9 29.2 31.3 33.5 35.7 38.5 42.5 45.4 47.5 50 54.3 58.8 62.9 66.5 70 73 76.8 81.4 85.5 86.2 86.4 85.8 84.4 80.2 77 76.6 78 77.9 75.2 70.7 63.6 53.8 38.9 29.4 35.9 38.7 40.8 43.5 47.7 53.6 59.3 65.9 71.6 77.3 83 88 90
-1 -1 -1 0.4 0.9 1.3 1.6 1.9 2.4 2.9 3.2 2.6 6.3 5.7 10.6 4.6 3.5 4 4 3.8 3.7 4.4 4.6 3.3 -1 -1 -1 -1 -1 4.3 5.6 6.7 7.5 8.4 9.5 10.6 12.8 14.3 16.3 17.9 20.4 22.4 23.6 25 27 28.8 30.8 33.5 35.6 36.9 40.3 44.6 46.2 51.3 53.5 57.4 60.7 64.1 68.2 73.2 76.5 78.2 77 77.2 76.8 75.6 75.7 76.1 76.7 77.5 75.4 72.4 66.2 51.9 32.9 29.1 34.4 37.8 40.8 46 50.7 56.7 64.3 69.5 75.4 81.2 86.9 92.1 94.5
6 2.6 1.9 2.1 2.1 2.3 2.7 2.9 2.9 3.5 5.8 6.6 6.5 3.5 7.3 6 3.9 3.9 3.8 3.7 3.7 3.7 3.7 5 3.7 -1 -1 -1 -1 4 5.2 6.4 7.6 8.3 9.1 9.9 11.3 13.6 14.5 15.1 16.7 18.1 19.2 20.9 22.5 23.9 26.1 28.4 30 31.2 32.5 35 37.7 41 46 48.3 51.6 55.5 59.7 63.9 66.1 67.8 68.4 68.4 69.9 70.1 71 73.6 75.7 78.3 80.2 77.7 72.1 57.6 28.3 28.2 32.4 39.6 40.8 46.4 52.5 61.2 66.4 69.6 77.1 83.8 89.1 95.2 99.9
3.2 3.3 3.4 5.8 3.2 3.6 3.8 3.5 3.5 5.2 6 3.7 3.4 3.1 9.8 9.6 4 3.9 3.7 3.6 3.6 3.6 3.6 4.1 5.2 -1 -1 -1 -1 -1 4.7 6.2 7 7.8 8.1 8.7 9.3 11.3 12 12.6 13.3 14.2 15 16.5 18.4 20.2 21.6 23.8 25.7 26.2 27.2 29.9 33.1 35 37.1 40.5 43.7 47 50.9 54.6 57 59.4 61.2 62.4 63.4 63.8 66.5 70.2 73.5 75.3 77 75.7 69.5 61.5 36.9 27.7 31.4 39.1 41.6 45.7 51.1 55 59.3 66.9 75.2 81.4 86.7 91.6 96.4
3.5 3.3 3.4 3.4 3.5 3.7 5.7 3.7 5.8 3.5 3.7 3.6 3.5 3.4 6.7 7.2 7.6 4.4 3.4 3.9 3.7 4.1 4.5 4.7 4.9 5.2 -1 -1 -1 -1 -1 5.1 6.3 7.2 7.7 8.4 8.4 7.3 8.9 9.8 9.9 10.3 11.3 13.3 15.2 17.3 18.8 20.4 21.9 23.8 24.7 26.5 28.3 31.6 33.2 34.5 37 40.4 43.4 46.3 49.2 50.5 53.6 53.4 54.3 55.4 58.3 61.4 64.7 66.5 67.6 67.5 63.7 58.6 36.2 27.9 31.1 39.1 41.3 44.6 47.2 51.6 57.7 63.7 71.5 76.9 82.5 87.7 91.2
3.7 3.3 3.4 3.4 3.7 4 3.3 3.2 3.9 5.9 3.6 3.7 3.6 3.7 4 4.5 11.4 9.1 5.8 7.5 5.7 4.7 5 4.7 4.8 4.5 3.6 5.1 -1 -1 -1 -1 5.3 6.7 7.9 7.8 7.5 7.4 7.4 7.1 6.5 7.1 8.8 11 11.6 12.7 15.5 17.3 18.9 20.8 21.8 22.7 23.7 25.4 28.6 30.9 32.9 35.5 36.8 39.2 42.3 43.9 45.7 43.5 43.9 46 49.1 52.2 55 56.3 57.3 57.6 56.8 50.8 30.4 26.5 30.8 38.8 41.2 43.2 45.9 50.6 56.9 62.6 69.4 74.6 79.8 84.3 86.8
17.7 11.9 7.1 4.5 8 9.6 10.9 12.6 12.1 11.4 9.7 7.5 5.1 5 4 5.3 11.6 11.3 9.1 4.2 5.3 5.3 5.7 5 4.9 4.6 4.3 4.1 5.3 -1 -1 -1 -1 5.6 5.7 6.4 6.3 6.9 5.4 5 5.6 5.8 6.8 7.1 10.7 11 11.1 11.8 14.8 17.2 17.9 19.3 22 24.9 25.8 26.5 29 30 31.9 34.8 36.8 38.5 40.1 39.6 40.2 40.4 41.7 44.3 46 46.3 46.9 46.6 45.1 36.4 24.3 27 32.5 38.4 40.3 42 45.9 50.6 57.4 62.6 68.3 75.1 79.2 78 76.4
31.3 29 26 24.6 23.5 23.5 23.7 22.4 19.7 18 15.3 13.8 12.9 6.7 10.9 12 9.5 12.3 11.1 4.7 5 7.2 5.3 5.1 5.4 4.7 4.6 4.5 5.2 5.6 -1 -1 -1 3.8 4.9 5.2 5.3 4.8 4.9 5.2 5.2 5.2 5.8 6.2 6.5 7.3 10.2 9.9 10.7 12.2 14 16.7 18.7 20.6 22.9 23.9 27 27.1 29.4 30.9 31.9 33.6 34.5 35.7 36.1 37.1 38.2 39.1 39.4 38.9 38.8 37.9 33.4 23.9 24.5 28 32.3 36.2 39.1 41.2 43.9 50.6 57.1 62.6 67.8 70.4 71 69.5 80.8
34.6 33.4 32.9 32.5 31.6 31.1 30.6 30.2 30.1 25.3 23 20.9 19.9 19.7 12.5 12.6 10.2 9.3 10.1 5 8.4 5.8 5.4 5 5.8 4.7 5 5.2 6.3 6.3 5.8 -1 -1 -1 3.4 3.9 4.7 4.8 4.9 5.2 5.6 5.3 5.3 5.7 5.9 6.6 7.2 7.2 9.7 10 11.5 13.7 15.1 17.3 19.4 20.3 22.8 24.7 25.5 27.6 27.5 27.9 29.7 31.5 32.5 33.5 34.5 35 34 32.1 30.1 27.3 25.8 23.7 25.3 29.4 33.1 36.3 39.2 40.6 43.6 49.9 56.3 62.2 64.5 63.9 64.4 75.1 84.7
33.4 34.1 34.9 35.3 35.5 36.1 36 35.4 34.8 33.3 31.2 30.3 28.9 28.1 25.7 23.7 21.5 18.8 15.4 12.1 6 5.5 5.5 5.1 5.1 5.4 5.7 5.9 7 6.2 6 3.5 -1 -1 3.8 3.4 4.4 4.5 4.9 5.2 5.5 5.7 5.6 5.2 6 6.4 7.2 6.2 7.5 8 8.8 9.2 15.2 13.3 15.3 17 19.3 21.3 21.9 23.1 24 25.5 26.8 27.9 28.9 29.8 30.4 29.5 28.9 26.9 24.7 22.2 21.8 24.6 27.4 31.5 33.8 36.5 38.7 40.2 42.5 48.5 53.8 57.1 58.2 55.4 67.5 77.1 84.5
33 33.3 34.1 35.2 35.8 37.2 37.9 37.9 37.5 37.1 38.2 37 36.7 35.8 32.9 32.5 30.7 28.6 26 21.8 14.8 6.1 5.5 5.3 5.7 6 6.4 6.5 6.8 7 6.4 3.6 -1 -1 4.3 3.7 3.9 4.4 4.9 5.2 5.7 6.3 6.3 5.3 6 6.7 6.4 6 6.7 7.3 7.2 8 9.8 10.3 10.9 14.1 15.3 17 18.3 20 20.4 21.2 23.2 24.5 25.7 26.2 25.6 24.1 22.9 22.1 21.9 20.5 21.7 25.9 29 31.5 33.7 35.9 37.5 39 40.5 45.1 48.8 50.4 49.7 58.4 65.6 72.4 77.9
32.6 33 33.4 34 35.5 37.1 37.8 38.5 39.5 40.2 41.3 41.8 41.6 40.1 41.1 39.4 37.7 35.6 33.1 29.2 28.4 17.6 7.5 5.5 6.3 6.6 6.6 6.7 7 7.1 6.6 5.7 -1 -1 4.9 4.2 3.9 4.1 5.2 5.9 6.7 6.9 7.1 7.4 7 6.8 6.6 6.5 6.4 6.3 6.8 7.6 7.7 8.3 9.9 11 11.4 12.1 15.2 17.1 17.6 18.4 20.4 25.3 25.4 22.5 21.6 20.1 19.6 20.3 19.3 18.3 21.7 25.2 27.6 30.1 32.4 34.7 36.3 37.4 38.9 41 43.7 45 48.8 54.3 59.1 64.5 69.9
32.5 33.3 33.7 34.1 35.9 37.3 38 39.5 40.6 41.6 44.1 44.6 45.5 45.4 44.9 43.3 43.1 40.3 37.1 35.2 33.2 25 21.6 5.9 6.3 6.3 6.6 6.9 7.1 7.5 6.7 6 -1 -1 -1 4.7 4.5 5.4 5.6 7 7.4 7.9 9.3 9.6 9.2 9.2 7.9 7.4 7.4 7.4 7.6 8.1 8.1 7.4 8.3 9.7 10.2 10.8 11.9 12.3 15.7 16.5 16.6 17.1 17.6 17.5 16.9 16.8 18 19.3 19.8 21.1 22.3 24.2 26 28.3 30.8 32.7 34.5 35.9 36.4 38.1 40.1 41.7 45.4 49.9 53.2 57 61.9
32.8 34 34.6 35.2 36.2 37.5 38.8 40.3 41.8 43 44.6 46.2 48 48 47.6 46.9 45.9 44 41.6 38.9 35.3 32.6 20.2 23.6 6.1 5.9 6.2 7 7.4 7.6 6.9 6.2 3.6 -1 -1 5 5.8 7.4 8.4 9.4 9 9.5 10.7 11.8 11.7 11.5 10.1 8.8 8.7 9.6 9.2 8.5 11 9.8 8.8 8.4 9.3 9.9 11.1 12.3 12.4 14.2 15.2 15.8 16.5 17.5 17.7 17.1 17.9 18.8 19.6 20 20 20.9 23.5 24.8 27.6 29.9 31.5 32.8 33.5 35.2 37.2 39.5 42.8 45.5 49.2 53 57.1
33.6 35.1 36 36.8 37.7 38.9 40.1 41.2 42.6 44.4 46.7 48.9 49.1 50.7 50.9 50.9 49 46.8 43.8 40 36.3 32.3 28 15.3 9.5 4.7 6 7 7.8 7.7 7.1 6.8 3.8 -1 -1 5.3 5.9 7.1 9.1 12 11.8 11.8 13.2 13.8 13.6 14.1 13.1 14.4 14.2 12.6 12.5 13.8 12.1 12.1 11.5 11 10.3 9.3 9.9 11.8 12.7 12.7 13.6 14.1 17.4 17 16.9 16.8 18.2 18.8 19.7 19.7 19.9 20.4 21.8 23 24.1 26.7 27.2 28.7 30.8 32.7 34.6 36.9 39.8 42 45.2 49 53.1
35.1 36.7 37.6 38.4 39.2 40 41.2 42.3 43.7 45.6 47.5 49.6 50.2 52.9 52.1 52.6 51.8 48.7 44.8 40.5 36.4 31.3 25.4 19.8 13.4 6 5.5 6.6 7.6 8 7.7 7.3 3.9 -1 -1 5.5 6.2 8.4 10.2 11.8 14.4 14.9 15.7 16.4 16.6 16.9 16.6 17.9 17.2 16 15.3 15.3 15.9 16.6 15.5 14.5 13.4 12.2 11.8 10.9 11.7 11.8 12.5 13.7 13.8 16 15.5 15.9 17.9 19.4 19.4 19.3 19.9 20 20.8 22.2 22.6 24.7 25.9 26.9 28.4 30.3 32.1 33.9 36.6 38.8 41.2 45 48.8
36.2 38 39.2 40 40.4 40.5 41.5 42.4 43.9 45.7 48.2 50.6 52.4 53.7 54.7 55 54 48.8 44.6 39.6 35.7 29.4 22.7 16.6 9.5 6.6 5 6.1 7.3 8.1 7.7 7.2 5.4 -1 -1 4.8 5.2 7.7 10.9 12.9 14.5 16.7 18 19 19.5 19.2 20.7 21 20.3 18.8 18.7 19.2 20.3 20.4 19.2 18.3 17.4 16.2 14.4 12.9 13.1 13 13.7 13.8 13.6 17.9 15.7 16.6 19.3 20.3 18.4 19.5 19.7 19.9 20.9 22.1 22.3 23.7 25 26 26.8 27.7 29.5 31.6 33.5 35.6 37.9 40.9 44.4
