data/260000-830000.asc
ncols 200
nrows 200
xllcorner 260000
yllcorner 830000
cellsize 50
[rows 70 to 104 of 200, columns 0 to 77 of 200]
33.3 34.9 34.6 34.5 40.6 43 41.4 39.5 37.4 38.8 40.4 41.5 42 41.7 40.1 39.1 39.8 41.2 44.1 47.1 51.6 54.4 52.3 52.4 62.1 69.5 78.7 87.8 99.8 110.7 116.5 124 133 138.9 145.1 151.6 156.6 158.1 159.2 162.3 166.7 168.8 166.6 164.2 163.6 164.5 166.2 170.1 173.4 174.5 176.8 179.3 183.9 189.4 194.1 198.8 204 211.8 220.3 225.1 229.1 231.9 234.1 235.9 237.9 237.2 236.7 236.1 234.1 231.7 230 230.3 231.4 229.7 229.7 230.4 226.6 224.9
37.5 38.6 36.5 37 40.1 42.5 41.6 39.7 37.3 38.7 40.5 43.5 43.9 43.1 42.5 42 43.1 44.1 46.2 49.6 55.3 59.2 58.4 61.8 69.1 76.4 85.1 96.3 108 117 125.8 128.6 131.8 134.5 148.9 153.4 155.5 157.6 161 165.1 168 166.3 163.4 162.3 163.3 164.5 169 173.2 173.3 174.9 178.8 183 188.4 193.6 198 202.9 209 217 222.6 228.3 231.6 233.9 236 237.7 238.1 237.1 235.6 234.8 232 229.8 230.4 233.7 229.8 229.7 229.7 228.3 224.6 224.2
40.9 40.7 38.5 39.8 41.8 41.2 40.8 39 36.7 39 40.8 42.4 43.6 42.2 42.3 42.3 45.4 48.8 51.7 52.7 56.1 59.7 62.9 71.1 75.9 81.5 91.4 103.1 113 122.9 131.1 133.6 137.9 142.7 143.6 149.9 156.4 158.5 162.6 166.3 167.1 162.8 162.1 162.3 163.1 167.5 171.4 173.1 173.9 176.3 183 187.1 192.3 197.3 202.1 208 216.2 222.8 226.9 230.6 234 236.1 237.3 238 237.7 235.7 233.3 232.5 229.7 229.8 231.1 232 229.6 228.4 227.6 225.4 223.7 223.2
41.6 40.3 39.1 41 42.2 41 39.4 37.5 37.3 39 38.9 38.8 40.6 41.9 41.9 43.9 48.8 57.3 60.5 61.9 61.1 67.1 74.1 77.7 82 88 98.1 108 117 126 133.1 138.4 143.4 147.7 151.8 155.6 159.3 163 165.6 164.5 161.6 162.1 162.6 162.8 166.4 170.3 172.6 173.6 176.2 180.3 186 192 197 201.9 207 214 221.6 226.2 229.3 233 235.9 237.4 237.8 238.2 237 233.6 231.6 229.7 229.7 230.5 231.9 229.3 229.2 226.3 224.5 224 222.5 222.3
41.9 41.3 39.1 39.6 37.6 37.1 36.2 35.2 36.1 36.9 36.8 36.8 40.2 44.2 48.4 52.1 57.6 59.3 67.2 69.8 70.4 77.4 82.5 82.9 87.3 95.3 104.7 111.3 122.1 130.9 137.7 142.3 147.8 151.4 154.5 160 164.6 171.2 169.1 161.8 161.9 162.7 163.5 165.8 168.6 171.7 172.6 174.7 180 185.7 190.9 197 201.7 206.6 211.8 219.3 225.4 229.8 232.5 235.5 237.4 237.6 237.9 237.2 235.1 232.9 229.7 229.4 229.4 233.7 228.3 228.7 227.2 225.2 224.8 223 222.2 221.5
42.4 42.2 38.9 34.7 33.9 33.8 34.4 36.8 39.2 39.9 38.6 38.6 43.7 49.8 53.7 58.3 65.4 66.1 68.1 70.5 76.4 84.3 86.9 88.8 92.6 101 107.6 113.5 120 133.1 142.4 147.1 149.4 153.2 157.7 164.1 172 173.1 164.8 162.1 163.3 164 165.4 168.3 170.6 172.5 173.5 178.2 184.7 190.8 196.5 201.3 204.6 208.8 216.1 224.2 229 232.3 234.9 236.7 237.5 236.9 237 235.5 233 230.4 228.1 228.8 230.1 227.5 227.5 228.5 225.1 222.3 223.8 226.7 222.9 222.1
42.9 41.2 36.3 34.1 33.4 33.3 36.4 39.4 43.2 42.7 40.8 41.8 47.1 52.9 58.7 63.9 69.3 67.3 71.5 76.7 81.2 85 90.7 94 99.7 105 111.3 118.9 126.8 138.2 146.1 152.9 151 157 164.2 166.2 171.9 166.6 164.1 163.1 163.3 164.7 168.2 169.5 171.5 173.8 177 183.6 189.3 195.1 201 204.8 207.7 213.3 222.1 227.7 231.6 234.2 236.2 237 237.4 236.3 234.6 231 229.5 228.2 229 228.8 225 226.5 225.9 225.5 224.1 222.1 226.5 226.3 223.2 222.1
42.6 38.6 35.4 33.6 33 34.5 39.4 42.2 42.9 42.6 42.8 45.3 50.6 56.7 62.4 67.5 72.5 73.8 77.9 82.3 85.5 88.5 91.8 96.9 104.2 112.2 120.4 126.4 136.3 142.7 147.8 152.2 155.2 163.3 166.1 170.7 165.7 165 163.7 162.7 164.1 166.8 169.9 171.2 172.9 175.1 182.5 188.4 194.1 199.7 204.5 207.1 212.1 219.6 226.6 230.5 233.2 235.6 236.1 236.7 236.3 235 232.5 230 226.9 226.3 229.9 224.5 227.8 224.5 224.1 223.6 222.8 222.5 222.9 222.8 222.1 221.4
40.7 36.4 34.1 33.2 32.7 36.3 40.3 40.6 41.2 41.8 43.5 48.2 54.1 60.3 66 71 75.7 79.1 82.8 85.5 89.5 91.9 95.5 100.6 107.6 118.4 124.1 130.4 138.6 144.8 151.9 155.3 163.5 162.8 171.5 166.3 165.6 164.7 163.7 164.4 165.8 169 171.3 172.6 174.4 177.8 185 192.7 198.1 203.6 207.1 210.5 217.6 224.1 229.4 232.1 234.6 235.9 236.2 236.5 235.2 231.9 228.9 227.1 224.8 224.5 222.5 222.2 222.7 223.5 222.2 221.7 221.1 221.8 222.6 222.1 221.2 220.4
37.6 33.6 32.8 33.1 34.7 36.8 38.7 39.1 40.3 42.1 44.6 50.1 57.1 63.7 69 74.3 79.7 83.4 86.4 88.2 92 95.1 99.6 104.5 112.2 122.1 126.5 135.2 140.7 147.9 152 158.6 164.3 163.6 167.5 166.3 165.9 165.1 164.6 165.9 167.2 170.8 171.9 175.4 179.6 183.2 185.9 194.9 202 206.8 209.9 215 221.9 227.6 231.2 233.7 235.2 235.2 235.6 235.2 232 228.4 226.6 224 224.8 221.9 225.2 221.1 221.6 222 220.7 220.6 220.7 221.5 221.6 221.5 220.6 219.7
33.8 32.8 33.5 33.8 34.2 36 37.4 38.8 40.5 43.4 46.1 52.3 60.6 67.2 72.2 76.9 82 85.4 88.3 91.2 94.6 98.2 102.9 108.6 117 126 131.6 139.2 144.4 149.6 155.1 162.1 162.7 165 171 166.4 165.9 165.6 166.6 168.1 168.4 171.1 173.7 179.8 184.6 189.2 193.4 195.9 203.7 209.7 214 219.8 226.1 230.7 232.9 234.8 234.2 234.3 234 232.2 228.6 226 225.1 224.2 222.1 225.2 220.9 221.1 220.4 219.7 219.8 220 220.6 220.9 220.8 221 220 219.1
32.5 33.4 34.1 34.5 34.9 35.3 36.9 37.8 40.6 44.1 48.1 54.9 63.1 70.7 75.5 79.9 84.3 87.2 89.4 91.4 93.8 100.1 109.8 115.4 124.1 132 135.5 140.3 146.1 152.3 160 162.4 163.1 168.5 170.1 166.2 165.8 165.9 171 170.3 169.6 174 179.3 184.9 190.3 194.3 199.1 201.7 207.3 212.8 218.6 224.4 229.5 232.3 234.4 234.7 233.3 232.9 231.9 228.6 225.4 224.2 223.2 222.2 221.4 221.1 220.5 221.3 220.2 219.6 219.6 219.6 219.9 220.2 220 220.1 219.4 219.4
33.3 34 34.8 35.2 35.6 36 36.7 39 43.2 47.3 53.1 59 66.6 74.2 79 83.1 86 87.3 89.3 92.5 97.9 106.5 115 121.6 129.4 135.8 141.9 145.3 150.4 155.5 161.2 163 166.3 170.7 166.6 166.3 166.3 168.5 172.8 171.6 172.3 178.9 185.1 190.6 196.1 198.9 202.3 206.4 211.6 217 222.3 227.9 231.9 234.1 234 234.5 233.1 231.5 228.2 225.2 224.4 223.7 222.7 221.7 220.8 220.5 220 219.7 219.6 219.6 219.6 219.6 219.6 219.6 219.6 219.6 219.6 219.5
33.6 34.5 35.5 35.7 35.8 35.9 36.9 40.3 45.1 50.1 57.2 64.6 71.9 78.4 83 86.3 88.2 89.1 90.5 95.5 101.8 109.3 119 126.4 132.4 138.4 144.8 148 152.8 157.3 161.9 167 169.3 166.4 166.5 166.5 167.2 170.5 172.1 172 176.9 184 189.9 196.4 201.2 203.8 205.2 211.1 217 221.3 226.2 229.4 233.1 234.2 233.4 232.5 230.8 227.5 225 224.1 223.4 222.8 222 221.1 220.2 219.7 219.6 219.6 219.6 219.6 219.6 219.6 219.6 219.6 219.6 219.6 219.6 219.7
34.1 35 35 35.4 35.5 36.1 37.6 43.1 49 52.6 59.1 67.2 73.9 82.4 87.8 89.3 90.3 90.6 93.2 99.5 105.4 114.5 124 131.6 135.4 138.5 143.3 149.9 154.3 159.6 166.1 168.1 167.9 166.3 166.4 167.7 170.5 170.3 172.3 176 182.1 188.7 193.4 201.3 205.8 207.6 208.1 216.2 222.4 225.3 228.5 231.1 234 233.9 231.8 230.1 226.3 224.1 223.8 223.1 222.4 221.8 221.1 220.4 219.7 219.6 219.6 219.6 219.6 219.6 219.6 219.6 219.6 219.6 219.6 219.7 219.8 219.8
34.6 34.7 34.5 34.9 35.9 37.6 41.5 47.1 51 55.4 59.7 68.9 74 81.8 89 90.7 91.5 91.9 97.3 103.2 111 118.6 127.5 135 138.8 141.5 146.8 155 158 161.7 167.5 167.7 166.2 166.5 167 171.9 171.9 171.8 175.2 181 187.4 194.4 197.9 203 210.8 213 211.1 221.4 225.7 228.6 231.1 232.9 233.7 232.7 229 226.4 223.2 223 223.1 222.2 221.5 220.8 220.2 219.6 219.6 219.6 219.6 219.6 219.6 219.6 219.6 219.6 219.6 219.7 219.7 219.8 219.9 220
32.2 34 34.3 35 36.5 39.3 43.8 47.5 52.1 58.2 62.3 71.9 77.9 86.5 88.3 91.6 90.8 93.3 99.7 105.5 119.6 131.4 130.7 137.9 141.6 146.4 153.1 156.8 160.6 164.3 167.9 165.8 166.1 166.7 170.3 173.7 172.1 174.9 181.6 189.2 193.2 198.8 205.8 205.5 213.8 214.1 217.9 225 228.1 230.1 232.5 233.7 232 230 226.1 223.3 222.3 222.2 222.1 221.5 220.5 219.9 219.6 219.6 219.6 219.6 219.6 219.6 219.6 219.6 219.6 219.6 219.6 219.7 219.7 219.9 220.1 220.3
29.7 31.6 33.7 34.8 36.9 40.7 45.5 49.6 54.5 60.3 68.3 78.6 82 86.3 87 88 89.1 95.7 105.4 111.7 124.9 133.4 133.4 138.4 141.9 148 154.3 158.5 162.4 165.1 165.9 165.7 168.4 170.3 171.1 172.1 174.3 179.8 188.9 196.6 201 203.4 210.9 211.2 214.6 216.9 221.5 228.3 230 231.6 233.4 232.5 229.6 226.8 223.5 222.2 221.6 221.4 221.2 221.1 219.7 219.6 219.6 219.6 219.6 219.6 219.6 219.6 219.6 219.6 219.6 219.6 219.6 219.7 219.8 220 220.3 220.8
28.4 29.3 31.3 35.3 38.3 42.4 47 52.3 57.6 63.9 75 81.2 83.6 84.6 84.2 87.3 93 101.6 111.8 119.3 128.1 134.4 135.9 139.4 145.6 149.4 156.3 160 163.7 165.4 167.6 166.9 170.4 171.3 172 173.4 176.8 188.1 195.4 200 204.5 209 212.7 213 218.2 221.6 224.9 230.1 231.8 233.2 233.7 231.1 227.2 223.7 222.4 221.6 221.1 220.7 220.5 220.3 219.6 219.6 219.6 219.6 219.6 219.6 219.6 219.6 219.6 219.6 219.6 219.6 219.6 219.7 220 220.2 220.4 221
27.4 28.5 29.7 33.7 38.3 44 48.1 54.6 62.5 70.9 77.7 81.1 81.9 82.4 84 91.6 99.7 109.2 117.2 125.6 131.6 133.3 137.7 142.1 148.9 153.3 158.6 161.4 165 167.1 169.3 169.7 171.2 171.9 173.2 178.9 187.1 196 199.2 203.2 207.6 211.4 212.2 215.1 223 224.7 228.5 230.8 232.5 232.8 231.4 228.2 223.6 223 222.4 221.5 220.6 220 219.8 219.6 219.6 219.6 219.6 219.6 219.6 219.6 219.6 219.6 219.6 219.6 219.6 219.6 219.6 220.1 220.5 220.7 220.9 221.5
27 28.4 30.5 33.2 38.4 44.5 49.5 56.7 63 72.7 76.4 78.8 79.9 81.3 88 97.7 106.3 114.9 123.3 127.2 131.1 135.2 140.3 144.4 151.2 156.4 160.9 164.1 165.7 169.1 170.9 171.4 172 173.8 179.9 186.1 193.5 200.8 203.2 206.7 210.8 213.1 212.9 220.7 225.8 228.2 230.1 232.3 232 231 228 224.9 223.3 223.2 222.4 221.4 220.4 219.6 219.6 219.6 219.6 219.6 219.6 219.6 219.6 219.6 219.6 219.6 219.6 219.6 219.6 219.6 220 220.7 221 221.2 221.4 222.1
27.3 27 30.3 33.6 38.3 44.3 52.1 59.9 66.2 71.3 73.1 76.9 74.9 84.8 93.5 104.1 112.8 121 127.6 133.2 137.2 139.9 143.3 147.9 154 158.2 161.5 164 167.3 171.7 175.2 171.3 173.3 178.6 186.3 194.3 201.7 204.8 207.3 210.7 214.6 215.3 217 225.5 226.4 230.8 232.1 231.7 230.1 228 225.1 223.7 223.4 223.3 222.4 221.4 220.3 219.6 219.6 219.6 219.6 219.6 219.6 219.6 219.6 219.6 219.6 219.6 219.6 219.6 219.6 219.7 220.4 221.2 221.5 221.7 221.9 222.6
27.8 27.5 30.5 34.3 39.5 45.2 53.1 62.9 66.1 67 70.4 69.1 79.3 89.3 98.6 109 117.9 124.6 129.7 134.6 138 143.8 149.7 151.1 157.7 160.5 163.2 168.2 173.1 175.4 173.3 173.6 178.6 185.5 192.9 200.8 208.6 211.9 212.9 214.6 217 217.7 221.2 229.2 231.6 230.9 231 230.5 228.8 226.2 225.2 224.3 223.5 222.4 221.6 220.7 219.8 219.6 219.6 219.6 219.6 219.6 219.6 219.6 219.6 219.6 219.6 219.6 219.6 219.6 219.6 220.1 220.8 221.4 221.9 222.1 222.5 223.2
26.9 27.7 29.9 34.4 41.9 47.4 54.3 60.8 62.8 62.8 65.8 73.7 83 94.2 105.6 115.3 122.2 127.2 129.8 136.3 140.8 146.4 152.6 155 158.7 164 166.4 172.8 175 174.5 174.1 178.6 185.4 192.5 199.3 206.6 214.6 217.4 218.3 217.9 218.4 219.4 223.2 228.5 230.4 229.5 229 228.5 227.9 225.9 225.3 224.3 223.3 222.1 220.5 219.8 219.6 219.6 219.6 219.6 219.6 219.6 219.6 219.6 219.6 219.6 219.6 219.6 219.6 219.6 219.7 220.3 221 221.5 222 222.5 223 223.6
23.1 26.7 28.8 34.3 40.3 47.5 53.2 57.1 58.2 59.1 70 76.7 88 99.4 112.4 122.1 124.1 127 131.4 138.9 145.1 148.9 154.2 155.9 160.2 167.6 172.8 176.6 175.6 173.7 178 186.1 193.4 199.8 206.5 213 217.5 219 219.6 219.4 220.6 223 225.2 226.9 227.9 228.2 227.5 226.8 226.2 226 225.2 224.3 223.3 221.6 220 219.6 219.6 219.6 219.6 219.6 219.6 219.6 219.6 219.6 219.6 219.6 219.6 219.6 219.6 219.7 219.9 220.5 221.1 221.6 222.1 222.8 223.4 224.1
22.5 24.1 27.8 31.4 33.7 37.1 44.7 46.5 54.6 61.4 71.9 82.2 95.4 107.5 117.7 118.4 123.2 128.8 135.2 141.8 146.7 152.2 156 159.4 166.2 171.5 175.9 176.5 174.2 178.6 183.9 192.3 204.1 207.3 213.9 216.3 218.2 219.6 220.4 222.2 223.5 226.1 227.4 227.2 227.3 227.9 226.8 226.2 225.9 225.5 224.9 224.2 223.3 221.1 219.8 219.6 219.6 219.6 219.6 219.6 219.6 219.6 219.6 219.6 219.6 219.6 219.6 219.6 219.6 220 220.3 220.6 221.3 221.7 222.4 223.2 223.9 224.5
21.9 24.4 27 30.3 35.4 40.4 46.5 51.6 60.4 68.2 78.1 86.7 95.7 107 115.1 121.7 128.2 131.5 137.9 143.7 148.9 155.9 158.8 166.5 171.7 175.5 175.7 174.6 176.9 184.9 193 199.1 208.1 213.6 215.7 217.3 218.9 220.4 221.9 224.1 226.5 228.7 229.5 227.5 226.7 227.4 227.4 226.1 225.6 225 224.3 223.7 222.7 220.3 219.6 219.6 219.6 219.6 219.6 219.6 219.6 219.6 219.6 219.6 219.6 219.6 219.6 219.6 219.6 220.5 221.1 220.8 221.4 222.1 222.9 223.7 224.3 224.9
22.3 24.9 28.2 35.6 41.8 44.2 50.7 57.3 67 75.6 83.8 91.3 100.8 110.6 118.7 125.2 130.3 135 140.8 145.2 152.1 157.3 164 171 175.5 175.4 174.3 176.4 183.3 194.7 205.4 204.9 213.6 216.4 216.8 218.3 220.1 221.9 223.4 225.9 228.1 228.8 228.8 227.2 227.1 227.7 227.7 226.2 225.6 224.7 224.1 223.5 221.9 219.6 219.6 219.6 219.6 219.6 219.6 219.6 219.6 219.6 219.6 219.6 219.6 219.6 219.6 219.6 219.6 219.8 220.3 220.9 221.8 222.6 223.4 224.1 224.7 225.4
23 25.8 27.7 33.9 41.8 48.2 54.7 62.2 73.1 82 90.1 98.4 107.6 113.8 120.3 126.8 132.1 138.2 144.6 148.5 155.9 163.4 170.9 174.4 174.8 174.5 176.4 181.5 193.4 204.3 203.8 211.9 217 217.1 218.1 219.5 221.4 223.3 225.3 226.1 226.7 227.5 228.2 227.7 227.5 228 226.8 226.5 226.2 225.4 224.7 224 220.5 219.6 219.6 219.6 219.6 219.6 219.6 219.6 219.6 219.6 219.6 219.6 219.6 219.6 219.6 219.6 219.6 220 220.7 222 222.7 223.1 223.9 224.5 225.3 226.3
24.4 27.1 30.7 32.3 42.8 51.7 61 69.9 78.4 86.9 94.2 102.6 113.4 116.6 122.7 129.2 135.1 141.7 146.6 152.2 159.8 170.2 174.1 174.9 174.8 176 180 192.1 205.4 206.3 209.9 216.8 217.8 217.7 219.1 221.5 223.4 225.2 226 227 227.9 228.7 228.5 228.2 227.9 227.5 227.2 226.9 226.6 226 224.7 222.4 219.8 219.6 219.6 219.6 219.6 219.6 219.6 219.6 219.6 219.6 219.6 219.6 219.6 219.6 219.6 219.6 219.6 219.8 221.8 223.1 223.7 223.9 224.3 225.1 226 227.4
26.3 29.7 34.8 38.9 39.8 57.1 67.5 76 82.6 93 99.8 107.9 116.1 121.3 126.8 132.3 138 143.9 150.4 157.1 165.9 174.2 175.9 174.6 175.9 179.3 190.7 204 207.2 208.7 215.7 217.7 218.4 218.5 220.9 223.4 225.6 226.4 227.4 228.3 229.1 229.3 228.8 228.3 228 227.4 226.7 226.1 225.7 225.1 221.4 220.2 219.6 219.6 219.6 219.6 219.6 219.6 219.6 219.6 219.6 219.6 219.6 219.6 219.6 219.6 219.6 219.6 219.7 220.3 222.7 223.5 223.7 224.2 224.8 225.9 227.2 228.5
27.1 32.9 39.4 46.7 48.4 57.1 71.9 81.7 88.2 96.2 103.4 111.3 119.4 124.5 130.9 137 142.8 148.4 154.8 163.7 172.5 175.1 174.3 174.4 177.9 188.9 202.6 207.5 206 213.6 217.5 217.9 215.5 218.7 221.7 224.8 227.1 227.7 228.6 229.5 230 229.7 229.7 229.3 227.6 226 225.4 224.7 224.1 223.5 219.9 219.6 219.6 219.6 219.6 219.6 219.6 219.6 219.6 219.6 219.6 219.6 219.6 219.6 219.6 219.7 219.6 219.6 220.1 221.2 223.4 223.6 223.8 224.2 225.3 227.1 228.5 229.7
30.4 36.9 43.2 55.6 61.3 62.8 77.8 86.3 94.2 100.8 107.8 115.1 122.6 128.6 134.8 141.2 147.2 153 160.2 170.8 174.5 173.5 174.5 177.7 187.2 199.7 206.7 205.5 211.5 216.3 217 215.4 217 220.7 223.7 225.6 227.5 228.7 229.6 230.8 231.6 231 230.2 230.2 228.9 226.6 224.3 223 222.4 221.8 219.6 219.6 219.6 219.6 219.6 219.6 219.6 219.6 219.6 219.6 219.6 219.6 219.6 219.6 219.6 219.6 219.6 219.6 220.6 221.9 223.9 224 224.1 224.9 226.8 228.7 230.3 231.5
34.5 42.7 48.2 58.3 70.9 73.6 77.3 91.2 98.5 105.2 111.7 119.1 125.1 131.9 138.5 145 151.5 157.6 166.3 174.1 173.6 173.4 177 186.1 199.2 203.8 204.7 209.6 215.8 216.9 215.8 216.8 219.8 223.1 224.2 225.3 227.7 229.5 230.7 232.1 233.1 232.2 231.3 230.4 230.4 228.1 225.8 223.5 221.2 220 219.6 219.6 219.6 219.6 219.6 219.6 219.6 219.6 219.6 219.6 219.6 219.6 219.6 219.6 219.6 219.6 219.6 220 221.5 222.8 224.1 224.7 224.9 225.9 228.3 230.3 232 233.2
38.7 50.1 54.8 63.2 74.1 82.4 89.9 96.2 103 109.7 116.2 122.7 128.5 135.2 141.9 148.4 154.9 161.7 174 170.5 172.1 175.3 184.7 197.9 204.1 203.9 209 213.9 216.4 214.9 215.5 218.6 222.5 224.2 224.6 225.4 227.9 230.1 231.9 233.4 234.3 233.8 233.3 232.3 230.9 229.5 227.2 224.9 221.9 219.6 219.6 219.6 219.6 219.6 219.6 219.6 219.6 219.6 219.6 219.6 219.6 219.6 219.6 219.6 219.6 219.6 220.4 221.1 222.2 223.5 225.1 225.5 225.8 226.8 229.7 231.8 233.8 235
