data/260000-40000.asc
ncols 200
nrows 200
xllcorner 260000
yllcorner 40000
cellsize 50
[rows 114 to 151 of 200, columns 85 to 169 of 200]
-1.6 -1.6 -1.6 -1.6 -1.6 -1.6 -1.6 -1.6 -1.6 -1.6 -1.6 -1.6 -0.4 0.8 1.7 9 18.1 22 24.6 24.8 23.1 19.1 12.1 18.9 27.6 33.2 36.8 37.6 15.8 1.3 0.3 -1.6 -1.6 -1.6 -1.2 -0.9 -0.6 -0.6 -1.6 -1.6 -1.6 -0.2 0.8 9.7 20.9 30.7 42.2 48.8 53.7 54.5 55 48.4 43 30.6 -1.6 -1.6 -0.8 0.1 1 8 15.8 24.7 34 43.1 51.2 59 67.8 75.6 83.7 88.9 92.3 94.6 96.7 98.4 100 101.1 100.9 99.9 98.9 98.7 98.6 96.4 95.3 93.7 89.3
-1.6 -1.6 -1.6 -1.6 -1.6 -1.6 -1.6 -1.6 -1.6 -1.6 -1.6 -1.6 -0.5 0.4 1.3 1.7 8.3 14.7 17.4 16.3 13.6 6.6 14.2 21.8 27.1 30.8 34.1 20.7 1.3 0 -1.6 -1.6 -1.6 -1.2 -0.8 -0.3 0 0.2 -0.2 -1.6 -1.6 -1.6 0.3 1.5 7.2 22.7 35.7 40.8 44.7 43.7 43.7 39.2 35.4 23.1 -1.6 -1.6 -0.6 0.3 1.2 12 20.2 30.2 43 56.5 65.4 73 81.1 85.4 90.8 94.4 97.6 98.7 99.2 101.3 100.4 99 97.5 95.2 94.8 94.2 93 91.8 90.9 89 85.5
-1.6 -1.6 -1.6 -1.6 -1.6 -1.6 -1.6 -1.6 -1.6 -1.6 -1.6 -0.8 0.1 1.1 1.7 1.7 7 11.3 9.8 1.7 1.7 1.5 2.9 10.6 21.2 15.6 4.6 1.7 -0.1 -1.6 -1.6 -1.6 -1.6 -0.8 -0.4 0.1 0.5 0.9 0.7 0 -1.6 -1.6 0 1.5 4.4 11.6 23.7 29.5 33.6 34 33.9 31.9 24.8 11.8 -1.6 -1.6 -0.5 0.4 1.3 13 22.6 37.1 51.6 65.8 77.9 82.9 86.8 91.5 94.2 96.9 98.5 98.8 99.1 98.5 96.9 93.6 91.4 90.5 89.1 88.3 87.3 86.4 85.4 83 79.7
-1.6 -1.6 -1.6 -1.6 -1.6 -1.6 -1.6 -1.6 -1.6 -1.6 -1.6 -0.2 0.8 1.7 1.7 1.7 1.5 1.7 1.5 1.3 1 0.9 1.1 1.2 1.3 0.9 0.5 -1.6 -1.6 -1.6 -1.6 -1.6 -1.1 -0.6 -0.1 0.4 0.9 1.3 2.2 4.3 5 -1.6 -1.6 2 4.5 5 7.5 16.1 21.3 21.9 22 20.7 11.5 -1.6 -1.6 -1.6 -1.6 -0.7 0.6 15.1 28.8 43.8 58.8 74.4 83.6 87.1 91 92.8 94.6 96.3 97.3 95.4 94.3 93.3 91.1 87 84.4 82.8 82.5 81.6 80.7 79 77.3 73.9 70.4
-1.6 -1.6 -1.6 -1.6 -1.6 -1.6 -1.6 -1.6 3.1 1.7 0.9 0.9 1.4 1.7 1.7 1.7 0.8 0.9 0.7 0.6 0.4 0.3 0.4 0.4 0.4 -0.1 -1.6 -1.6 -1.6 -1.6 -1.6 -1.4 -1 -0.5 -0.1 0.3 0.8 1.3 2.5 12.7 15.1 -1.6 -1.6 2.5 2.3 5.8 6.6 7 6.5 8.6 8.2 5.1 0.5 -1.6 -1.6 -1.6 -1.6 -1.6 4.4 20.3 35 49.9 65.1 75.6 84.2 88 88.9 90.2 91 90.6 91.4 89.2 87.6 85.4 82.8 79.5 77 75.6 74.1 72.5 71.5 70.2 67.3 64.8 61.3
-1.6 -1.6 -1.6 -1.6 -1.6 -1.6 -1.6 -1.6 8.2 13.1 11.9 5.9 1.7 1.7 1.7 0.8 0.2 0.2 -0.1 -0.2 -0.3 -0.3 -0.3 -0.4 -0.5 -0.9 -1.6 -1.6 -1.6 -1.6 -1.6 -1.5 -1 -0.6 -0.1 0.3 0.8 1.2 1.7 11.1 13.3 13.6 -1.6 -1.6 1.4 1.3 3.3 2.5 1.6 1.5 1.2 0.7 -1.6 -1.6 -1.6 -1.6 -1.6 -1.6 10.4 24.1 39.1 53.9 67.3 76.1 81.8 83.4 84.3 84.6 84.6 83.6 83.7 81.5 79.5 77.4 73.5 70.6 68 65.8 64 62.7 62.1 61 58.5 54.5 49.9
-1.6 -1.6 -1.6 -1.6 -1.6 -1.6 9.8 25.1 23.3 21.6 18.8 15.2 3.6 1.7 1 -0.1 -0.5 -0.5 -0.8 -0.9 -0.9 -1 -1 -1.2 -1.4 -1.6 -1.6 -1.6 -1.6 -1.6 -1.6 -1.5 -1 -0.6 -0.1 0.3 0.8 1.2 1.6 10.3 12.2 11.9 -1.6 -1.6 -1.6 -1.6 -0.2 0.6 0.6 0.5 -0.1 -1.6 -1.6 -1.6 -1.6 -1.6 -1.6 -1.6 18.3 30 42.1 54.7 64.3 72.3 76.6 78.2 78.1 78.1 78.1 77.4 75.9 73.2 70.2 67.2 63.7 61.1 58.4 55.7 54.3 53.8 53.3 51.5 48 42.8 37
-1.6 -1.6 -1.6 -1.6 -1.6 1.7 28.7 33.7 34.3 32.7 27.4 21.5 12.8 1.5 0 -1 -1.2 -1.2 -1.6 -1.6 -1.6 -1.6 -1.6 -1.6 -1.6 -1.6 -1.6 -1.6 -1.6 -1.6 -1.6 -1.5 -1.1 -0.6 -0.2 0.3 0.7 1.1 1.5 8.2 10.6 11.5 -1.6 -1.6 -1.6 -1.6 -1.6 -0.5 -0.3 -0.3 -0.8 -1.6 -1.6 -1.6 -1.6 -1.6 -1.6 17.7 26.6 40.1 47.4 57.3 64.1 68.5 71 72.4 72.4 71.5 70.9 68.4 65.1 62.4 59.3 55.6 53.4 49.2 48.2 45.7 45 44 42.2 39.2 35.4 32.4 27
-1.6 -1.6 -1.6 -1.6 -1.6 -1.6 25.8 45.1 46 36.3 26.9 28.8 1.7 1.5 -1.6 -1.6 -1.6 -1.6 -1.6 -1.6 -1.6 -1.6 -1.6 -1.6 -1.6 -1.6 -1.6 -1.6 -1.6 -1.6 -1.6 -1.6 -1.1 -0.7 -0.3 0.1 0.5 0.9 1.3 3.5 12.6 15.5 14.3 -1.6 -1.6 -1.6 -1.6 -1.6 -1.6 -1.1 -1.6 -1.6 -1.6 -1.6 -1.6 -1.6 -1.6 27.4 37 44 50 57.2 60.4 63.3 65.2 67 66.7 65.2 62.5 58.8 55 50.7 45.3 41.2 37.7 34.6 34.5 34.9 33.8 32.5 29 24.6 21.7 22.5 26.1
-1.6 -1.6 -1.6 -1.6 -1.6 -1.6 -1.6 38.7 41.1 7.9 -1.6 -1.6 -1.6 -1.6 -1.6 -1.6 -1.6 -1.6 -1.6 -1.6 -1.6 -1.6 -1.6 -1.6 -1.6 -1.6 -1.6 -1.6 -1.6 -1.6 -1.6 -1.6 -1.2 -0.9 -0.5 -0.2 0.3 0.5 1.1 2.8 9.9 11.8 15.6 17.5 18.6 20 -1.6 -1.6 -1.6 -1.6 -1.6 -1.6 -1.6 -1.6 -1.6 -1.6 29 35.2 39.3 44.6 48.6 51.6 55.1 58.3 59.5 60.7 59.7 57.7 54.8 49 40.9 34.8 27.9 22.2 18.2 17.1 17.3 18.6 19.4 20.2 20.4 23 28.2 34.4 42.8
-1.6 -1.6 -1.6 -1.6 -1.6 -1.6 -1.6 11.6 15.1 -1.6 -1.6 -1.6 -1.6 -1.6 -1.6 -1.6 -1.6 -1.6 -1.6 -1.6 -1.6 -1.6 -1.6 -1.6 -1.6 -1.6 -1.6 -1.6 -1.6 -1.6 -1.6 -1.6 -1.6 -1.2 -0.8 -0.5 -0.2 0.4 1 1.7 9.4 10.4 11.6 16.1 16.7 18.5 18.6 18.9 -1.6 -1.6 -1.6 -1.6 16.5 21 25.3 30.1 32 35.9 40 42.4 45.1 47 49.4 50.9 51.7 53.1 50.2 47.4 44.1 36.6 29.1 17.7 14.3 13.2 18.1 22.3 24.9 27 30.6 34.4 37.1 41.1 47.1 54 61.8
-1.6 -1.6 -1.6 -1.6 -1.6 -1.6 13.5 9.9 3.2 -1.6 -1.6 -1.6 -1.6 -1.6 -1.6 -1.6 -1.6 -1.6 -1.6 -1.6 -1.6 -1.6 -1.6 -1.6 -1.6 -1.6 -1.6 -1.6 -1.6 -1.6 -1.6 -1.6 -1.6 -1.6 -1.3 -1 -0.4 0.2 0.9 1.6 5.8 9.3 10.6 10.2 10.2 11.7 13.2 13.4 14.7 16.2 16.4 20.5 22 25.7 27.1 28.4 30.6 32.9 35.5 38 40.1 42.2 42.9 44.1 44.6 44.6 41.9 38.7 32.3 19.3 15.1 11.5 18.6 29.1 37.7 46.4 48.9 52.1 54.6 56 58.9 62.5 67.8 71.1 75.5
-1.6 -1.6 -1.6 -1.6 -1.6 -1.6 -1.6 -1.6 -1.6 -1.6 -1.6 -1.6 -1.6 -1.6 -1.6 -1.6 -1.6 -1.6 -1.6 -1.6 -1.6 -1.6 -1.6 -1.6 -1.6 -1.6 -1.6 -1.6 -1.6 -1.6 -1.6 -1.6 -1.6 -1.6 -1.6 -1.1 -0.4 0.3 1 1.8 7 6.9 5.9 5.9 6.4 7.7 9.2 9.2 10.6 13.6 16.4 19.9 22.1 24.5 24.4 25.6 27 28.5 30.9 33 34.8 36.7 35.9 37.8 37.4 34.9 32.8 28.2 17.7 12.8 11.4 23 38.4 48.2 57.7 66.7 70.7 73.2 74.8 77.2 78.3 80.7 81.9 82.1 83.3
-1.6 -1.6 -1.6 -1.6 -1.6 -1.6 -1.6 -1.6 -1.6 -1.6 -1.6 -1.6 -1.6 -1.6 -1.6 -1.6 -1.6 -1.6 -1.6 -1.6 -1.6 -1.6 -1.6 -1.6 -1.6 -1.6 -1.6 -1.6 -1.6 -1.6 -1.6 -1.6 -1.6 -1.6 -0.6 0.2 0.6 1 1.5 3.4 7.4 5.1 4.5 4.2 4.3 4.5 5.1 5.4 6.7 10.7 13.9 17.7 21 22.2 21.1 21.6 22.3 22.9 24.6 26.8 28.6 30.9 30.7 31.5 31.6 27.7 24.1 16.8 10.8 10.9 22 36 48.6 59.3 69.3 77.6 82.7 85.8 88.4 88 87.2 87.5 87.4 87.3 87.5
-1.6 -1.6 -1.6 -1.6 -1.6 -1.6 -1.6 -1.6 -1.6 -1.6 -1.6 -1.6 -1.6 -1.6 -1.6 -1.6 -1.6 -1.6 -1.6 -1.6 -1.6 -1.6 -1.6 -1.6 -1.6 -1.6 -1.6 -1.6 -1.6 -1.6 -1.6 -1.6 -1.6 -0.4 0.5 1.2 3.4 1.7 2 7.8 6 3.9 3.7 3.8 3.5 3.5 3.6 3.8 3.8 6.1 9.1 13 15.7 16.9 14 14.6 15.7 15.9 16.9 18.5 21.2 23.3 24 26.1 25.9 22.2 19 11.8 9.7 12.4 21.3 35.8 51.8 61.9 71.8 79.3 85.1 89.3 91 90.4 89.8 89.1 89 88.7 87.5
-1.6 -1.6 -1.6 -1.6 -1.6 -1.6 -1.6 -1.6 -1.6 -1.6 -1.6 -1.6 -1.6 -1.6 -1.6 -1.6 -1.6 -1.6 -1.6 -1.6 -1.6 -1.6 -1.6 -1.6 -1.6 -1.6 -1.6 -1.6 -1.6 -1.6 -1.6 -1.6 -1.6 -0.4 1 4 17 17.7 14.7 13.8 10.5 6.3 4.4 3.9 4.1 3.5 3.8 3.1 3.3 3.7 4 4.3 5 5.4 5.8 6.1 7.4 8.4 8.2 9.2 11.3 13.6 16.8 19.2 18.2 14.4 9.8 8.9 16.3 23.8 21.6 28.8 43.3 60 70.9 79.8 85.3 89 89.5 88.8 88.2 86.8 86.5 86.1 84.6
-1.6 -1.6 -1.6 -1.6 -1.6 -1.6 -1.6 -1.6 -1.6 -1.6 -1.6 -1.6 -1.6 -1.6 -1.6 -1.6 -1.6 -1.6 -1.6 -1.6 -1.6 -1.6 -1.6 -1.6 -1.6 -1.6 -1.6 -1.6 -1.6 -1.6 -1.6 -1.6 -1.6 -1.6 -0.2 1.1 17.2 22.6 23.9 23.5 24.6 21.4 17.8 13.7 11.9 13 12.2 8.5 5.1 3.5 3.6 3.8 4 4.2 4.4 4.4 4.9 4.9 4.6 4.7 5.1 5.7 6 7.4 7.6 7.8 7.9 24.2 37.6 36.7 34.5 33.2 39.6 56 70.7 79.8 85.7 88.1 87.9 87.3 86.5 84.9 83.9 82.1 80.3
-1.6 -1.6 -1.6 -1.6 -1.6 -1.6 -1.6 -1.6 -1.6 -1.6 -1.6 -1.6 -1.6 -1.6 -1.6 -1.6 -1.6 -1.6 -1.6 -1.6 -1.6 -1.6 -1.6 -1.6 -1.6 -1.6 -1.6 -1.6 -1.6 -1.6 -1.6 -1.6 -1.6 -1.6 -1 0.6 3.7 26.9 29.4 31.9 34 33.3 32.5 31.2 30.3 30 29.7 24.7 19 15.2 12.9 11.5 9.2 10.7 12 13.1 12 23.7 29 28.9 28.5 20.4 14.4 10.4 10.5 17.1 30.1 38 43.7 49.5 51.6 50.9 48.4 58.8 72.2 81.1 84.6 86.4 86.1 85.7 84.6 82.6 79.7 78.3 75.1
-1.6 -1.6 -1.6 -1.6 -1.6 -1.6 -1.6 -1.6 -1.6 -1.6 -1.6 -1.6 -1.6 -1.6 -1.6 -1.6 -1.6 -1.6 -1.6 -1.6 -1.6 -1.6 -1.6 -1.6 -1.6 -1.6 -1.6 -1.6 -1.6 -1.6 -1.6 -1.6 -1.6 -1.6 -1.6 -1.6 1.2 32.7 37.9 40.8 43.2 43.6 43.5 44.4 45.2 45.3 45 42.5 38.3 34.8 30 27.6 24.4 25.9 29.3 29.3 30.4 32 33.7 43 53.7 51.1 47.7 41.3 34.7 38.1 40.1 55.9 58 64.1 67.6 69.4 68.4 70.5 75.5 82 82.8 84.1 84.2 84 82.2 79.5 76.8 74.5 70.7
-1.6 -1.6 -1.6 -1.6 -1.6 -1.6 -1.6 -1.6 -1.6 -1.6 -1.6 -1.6 -1.6 -1.6 -1.6 -1.6 -1.6 -1.6 -1.6 -1.6 -1.6 -1.6 -1.6 -1.6 -1.6 -1.6 -1.6 -1.6 -1.6 -1.6 -1.6 -1.6 -1.6 -1.6 -1.6 -1.6 0.9 29.3 47.4 50.3 52.7 53.6 53.2 53.9 55.2 56 56 55.7 55.2 54.7 51.6 47.6 44.4 44.9 49 50.4 53.3 52.6 53.7 54.1 53.7 54.7 55.2 54.7 53.4 54.4 60.6 60.4 64.9 70.5 74.1 76.8 73.7 74.2 77.5 80.4 81.3 81.3 81.7 80 78.2 75.4 73.4 69.1 65.3
-1.6 -1.6 -1.6 -1.6 -1.6 -1.6 -1.6 -1.6 -1.6 -1.6 -1.6 -1.6 -1.6 -1.6 -1.6 -1.6 -1.6 -1.6 -1.6 -1.6 -1.6 -1.6 -1.6 -1.6 -1.6 -1.6 -1.6 -1.6 -1.6 -1.6 -1.6 -1.6 -1.6 -1.6 -1.6 1.4 17 35.2 53.4 58.2 61.3 62.7 61.9 63.3 65.1 66.7 66.6 65.7 64.2 64.8 65.6 64.7 62.7 63.9 62.7 63.1 62.3 63.1 64.5 64.2 63.6 62.6 65.1 66.6 66.9 66.7 65.9 66.5 68.1 70.5 74.1 77.3 75.7 76 76.7 79.7 79.1 76.4 75.6 74.4 72.5 70.3 66.5 62.2 58.5
-1.6 -1.6 -1.6 -1.6 -1.6 -1.6 -1.6 -1.6 -1.6 -1.6 -1.6 -1.6 -1.6 -1.6 -1.6 -1.6 -1.6 -1.6 -1.6 -1.6 -1.6 -1.6 -1.6 -1.6 -1.6 -1.6 -1.6 -1.6 -1.6 -1.6 -1.6 -1.6 -1.6 -1.6 -1.6 6.8 9.8 12.7 28.6 60.8 63.4 64.8 66.5 70.1 73.2 74.6 74.7 73.7 71.8 72.7 73.8 73.4 72 70.2 70.2 67.9 68.3 68.6 69.8 69.5 69.5 71.9 74.2 75.7 75 74.6 71.2 67.1 67.6 69.1 71.3 73.7 72.7 72.3 71.9 74.3 73.6 70.8 69 67.2 65.4 63 59.4 55.3 51.6
-1.6 -1.6 -1.6 -1.6 -1.6 -1.6 -1.6 -1.6 -1.6 -1.6 -1.6 -1.6 -1.6 -1.6 -1.6 -1.6 -1.6 -1.6 -1.6 -1.6 -1.6 -1.6 -1.6 -1.6 -1.6 -1.6 -1.6 -1.6 -1.6 -1.6 -1.6 -1.6 -1.6 -1.6 -1.6 -1.6 0.6 1.5 1.7 36.7 60.2 62.9 65.6 70.9 76.1 78.2 77.4 75 74 74.3 74.3 72.5 71.1 69.7 69.5 68.3 67.5 68.5 70.6 72.2 72.9 78.1 78.5 76.7 72.5 70 67.1 63 63.8 66.2 67.1 67.9 68.7 68.1 67.8 67.9 66.1 64.5 63.2 60.3 58.3 56 52 48.4 44.7
-1.6 -1.6 -1.6 -1.6 -1.6 -1.6 -1.6 -1.6 -1.6 -1.6 -1.6 -1.6 -1.6 -1.6 -1.6 -1.6 -1.6 -1.6 -1.6 -1.6 -1.6 -1.6 -1.6 -1.6 -1.6 -1.6 -1.6 -1.6 -1.6 -1.6 -1.6 -1.6 -1.6 -1.6 -1.6 -1.6 -1.6 0.5 1.7 43.1 56.4 59.8 63.9 68.1 72.3 73.2 73.3 72.5 71.2 70.9 70.5 69.6 67.7 67.5 67.3 66.8 66.2 66.5 67.5 69.2 71.3 73.3 74.5 72.2 67.3 64.1 62.4 59.4 57.8 62 62.6 63.3 63.9 63.8 62.9 61.1 59.4 57.7 56.3 54.1 51.7 49.3 47 43 39
-1.6 -1.6 -1.6 -1.6 -1.6 -1.6 -1.6 -1.6 -1.6 -1.6 -1.6 -1.6 -1.6 -1.6 -1.6 -1.6 -1.6 -1.6 -1.6 -1.6 -1.6 -1.6 -1.6 -1.6 -1.6 -1.6 -1.6 -1.6 -1.6 -1.6 -1.6 -1.6 -1.6 -1.6 -1.6 -1.6 -1.6 -1.6 0.9 22.9 50.6 56 59.2 62.6 65.9 67.7 68.5 67.7 66.9 66.1 65.5 64.8 64.5 64.4 64.2 64.3 64.2 64.1 64.3 65.9 66.8 66.6 66 63.7 60.4 57 56.1 52.2 55.1 57.4 58 58.7 58.8 58.2 55.9 54.8 53.1 51.3 49.6 47.2 44.7 42.2 39.2 35.5 31.7
-1.6 -1.6 -1.6 -1.6 -1.6 -1.6 -1.6 -1.6 -1.6 -1.6 -1.6 -1.6 -1.6 -1.6 -1.6 -1.6 -1.6 -1.6 -1.6 -1.6 -1.6 -1.6 -1.6 -1.6 -1.6 -1.6 -1.6 -1.6 -1.6 -1.6 -1.6 -1.6 -1.6 -1.6 -1.6 -1.6 -1.6 -1.6 0.4 1.1 13.2 49.7 53.6 56.6 59.9 62.2 63.1 63 62 61.2 60.5 60.7 60.7 60.6 61 61.5 61.9 62.1 62.1 61.4 61.8 61.6 59.5 56.9 53.5 48.6 48 48.1 50.4 52.7 53.2 53.2 53.2 53.2 51.2 48.5 46.7 45 43.2 40.8 38.1 35.4 31.3 27 23.9
-1.6 -1.6 -1.6 -1.6 -1.6 -1.6 -1.6 -1.6 -1.6 -1.6 -1.6 -1.6 -1.6 -1.6 -1.6 -1.6 -1.6 -1.6 -1.6 -1.6 -1.6 -1.6 -1.6 -1.6 -1.6 -1.6 -1.6 -1.6 -1.6 -1.6 -1.6 -1.6 -1.6 -1.6 -1.6 -1.6 -1.6 -1.6 -1.6 -1.6 0.4 1.6 43.9 51.6 54.5 56.4 57.4 58 57.1 56.2 56.4 56.7 57.2 57.7 58.1 58.6 59.2 59.4 59.3 58.4 57.6 56.3 54.5 51.4 46.8 44 43.2 43.1 45 47.4 48.6 48.6 48.6 48.4 46 42.5 40.4 38.7 36.8 33.9 31.1 28.3 21.9 16.7 16.1
-1.6 -1.6 -1.6 -1.6 -1.6 -1.6 -1.6 -1.6 -1.6 -1.6 -1.6 -1.6 -1.6 -1.6 -1.6 -1.6 -1.6 -1.6 -1.6 -1.6 -1.6 -1.6 -1.6 -1.6 -1.6 -1.6 -1.6 -1.6 -1.6 -1.6 -1.6 -1.6 -1.6 -1.6 -1.6 -1.6 -1.6 -1.6 -1.6 -1.6 -1.6 1 23.5 43.3 48.6 50.4 51.4 52 51.7 51.7 51.9 52.1 54.1 53.9 54.4 55.3 56.1 56.7 56.5 55.4 54.5 51.6 48.9 45.7 41.9 39.8 38 37.3 41.8 43.5 44 44.1 44.1 43.1 40.2 36.8 34.5 32.3 30.4 27.1 24.7 21 14.7 12.4 18
-1.6 -1.6 -1.6 -1.6 -1.6 -1.6 -1.6 -1.6 -1.6 -1.6 -1.6 -1.6 -1.6 -1.6 -1.6 -1.6 -1.6 -1.6 -1.6 -1.6 -1.6 -1.6 -1.6 -1.6 -1.6 -1.6 -1.6 -1.6 -1.6 -1.6 -1.6 -1.6 -1.6 -1.6 -1.6 -1.6 -1.6 -1.6 -1.6 -1.6 -1.6 0 1.4 3.1 16.7 44.2 44.9 45.4 46.3 47 47.2 47.8 51 50.2 51.2 52.3 53.1 53.2 53.3 53.2 52.3 49.3 44.4 42.3 39.6 34.8 28.9 34.6 38 39.9 39.5 39.2 39.2 36.9 33.8 31 28.6 26.2 23.9 21.6 18.2 13 11.5 18.3 28
-1.6 -1.6 -1.6 -1.6 -1.6 -1.6 -1.6 -1.6 -1.6 -1.6 -1.6 -1.6 -1.6 -1.6 -1.6 -1.6 -1.6 -1.6 -1.6 -1.6 -1.6 -1.6 -1.6 -1.6 -1.6 -1.6 -1.6 -1.6 -1.6 -1.6 -1.6 -1.6 -1.6 -1.6 -1.6 -1.6 -1.6 -1.6 -1.6 -1.6 -1.6 -1.6 -1.6 -1.6 1.7 32.2 38.8 39.8 41.1 42.2 42.5 44.2 47.4 48.3 48.3 49.1 49.4 49.3 49.5 49.7 49.7 46.9 43.4 39.5 34.9 29.9 24.2 31.5 33.6 35.8 34.9 34.3 32.8 31.4 28.8 26.2 23.3 20.9 18.3 15.9 12.2 9.1 14.4 24.8 35
-1.6 -1.6 -1.6 -1.6 -1.6 -1.6 -1.6 -1.6 -1.6 -1.6 -1.6 -1.6 -1.6 -1.6 -1.6 -1.6 -1.6 -1.6 -1.6 -1.6 -1.6 -1.6 -1.6 -1.6 -1.6 -1.6 -1.6 -1.6 -1.6 -1.6 -1.6 -1.6 -1.6 -1.6 -1.6 -1.6 -1.6 -1.6 -1.6 -1.6 -1.6 -1.6 -1.6 -1.6 -1.6 5.5 33 35.1 36.4 37.3 37.2 40 43 43.4 43.3 44.5 45 44.4 44.3 44.7 44.8 42.7 40.4 35.9 30.5 24.8 18.7 27.4 29.9 30.5 30.5 29.2 27.6 25.6 23.5 21.2 18.1 15.5 12.9 10.9 8.4 10.5 19.8 30.2 36.3
-1.6 -1.6 -1.6 -1.6 -1.6 -1.6 -1.6 -1.6 -1.6 -1.6 -1.6 -1.6 -1.6 -1.6 -1.6 -1.6 -1.6 -1.6 -1.6 -1.6 -1.6 -1.6 -1.6 -1.6 -1.6 -1.6 -1.6 -1.6 -1.6 -1.6 -1.6 -1.6 -1.6 -1.6 -1.6 -1.6 -1.6 -1.6 -1.6 -1.6 -1.6 -1.6 -1.6 -1.6 0.6 2.8 27 30.2 31.6 32.3 33.4 36 37.6 38.7 39.1 38.7 38.8 39 39.6 40.1 40 38 35.8 31.7 27.1 20.3 15.9 23.1 24.9 25.4 24.6 23.2 21.3 19.1 17.5 15.4 12.6 10.1 8.4 6.7 8.1 13.2 23.3 31.7 35.9
-1.6 -1.6 -1.6 -1.6 -1.6 -1.6 -1.6 -1.6 -1.6 -1.6 -1.6 -1.6 -1.6 -1.6 -1.6 -1.6 -1.6 -1.6 -1.6 -1.6 -1.6 -1.6 -1.6 -1.6 -1.6 -1.6 -1.6 -1.6 -1.6 -1.6 -1.6 -1.6 -1.6 -1.6 -1.6 -1.6 -1.6 -1.6 -1.6 -1.6 -1.6 -1.6 -1.6 -1.6 -1.4 0.5 1.7 26.2 26.4 26.1 28.2 30.2 31.8 32.3 31.8 32.1 33 34.5 35 35.6 35.1 33.3 31.2 27.1 22.5 15.7 11.5 17.2 18.1 18.1 17.5 16.6 14.6 13.1 11.7 9.4 7.7 6.9 5.8 6.4 7.6 15.4 23.5 30 33.9
-1.6 -1.6 -1.6 -1.6 -1.6 -1.6 -1.6 -1.6 -1.6 -1.6 -1.6 -1.6 -1.6 -1.6 -1.6 -1.6 -1.6 -1.6 -1.6 -1.6 -1.6 -1.6 -1.6 -1.6 -1.6 -1.6 -1.6 -1.6 -1.6 -1.6 -1.6 -1.6 -1.6 -1.6 -1.6 -1.6 -1.6 -1.6 -1.6 -1.6 -1.6 -1.6 -1.6 -1.6 -1.6 -1.6 -1.6 1.7 1.7 1.7 9.4 22.2 23.9 24.4 25.3 26.4 27.8 29.6 30.6 30.7 30.2 28.6 26.5 22.7 18.7 12.8 9.7 11.3 13.2 12.6 12.1 10.6 7.9 7.3 6.6 6.1 5.4 5.3 5.5 8.6 12.6 15 21.9 28 32
-1.6 -1.6 -1.6 -1.6 -1.6 -1.6 -1.6 -1.6 -1.6 -1.6 -1.6 -1.6 -1.6 -1.6 -1.6 -1.6 -1.6 -1.6 -1.6 -1.6 -1.6 -1.6 -1.6 -1.6 -1.6 -1.6 -1.6 -1.6 -1.6 -1.6 -1.6 -1.6 -1.6 -1.6 -1.6 -1.6 -1.6 -1.6 -1.6 -1.6 -1.6 -1.6 -1.6 -1.6 -1.6 -1.6 -1.6 -0.3 0.6 0.5 0.9 1.7 17.6 18.7 19.5 20.7 22.6 25 26.9 26.8 26.3 24.5 22.1 18.3 14.8 11 7.3 7.7 8.6 7.7 6.8 5.8 4.4 4.9 4.5 4.4 5.6 6.8 9.4 13.2 17.2 23.6 27.6 29.9 30.6
-1.6 -1.6 -1.6 -1.6 -1.6 -1.6 -1.6 -1.6 -1.6 -1.6 -1.6 -1.6 -1.6 -1.6 -1.6 -1.6 -1.6 -1.6 -1.6 -1.6 -1.6 -1.6 -1.6 -1.6 -1.6 -1.6 -1.6 -1.6 -1.6 -1.6 -1.6 -1.6 -1.6 -1.6 -1.6 -1.6 -1.6 -1.6 -1.6 -1.6 -1.6 -1.6 -1.6 -1.6 -1.6 -1.6 -1.6 -1.6 -1.6 -1.6 -0.2 0.7 2.1 11 13.9 15.5 18.1 21.1 23.6 23.8 23.6 20.2 17.7 14.2 10.9 6.9 4.9 4.2 3.8 3.6 3.7 3.5 3.5 3.7 3.9 5.9 8.8 11.6 14.7 18.5 22 25.2 28.8 30.9 29.3
-1.6 -1.6 -1.6 -1.6 -1.6 -1.6 -1.6 -1.6 -1.6 -1.6 -1.6 -1.6 -1.6 -1.6 -1.6 -1.6 -1.6 -1.6 -1.6 -1.6 -1.6 -1.6 -1.6 -1.6 -1.6 -1.6 -1.6 -1.6 -1.6 -1.6 -1.6 -1.6 -1.6 -1.6 -1.6 -1.6 -1.6 -1.6 -1.6 -1.6 -1.6 -1.6 -1.6 -1.6 -1.6 -1.6 -1.6 -1.6 -1.6 -1.6 -1.6 -0.2 0.9 2.9 6.9 13.8 16.7 20.4 22.6 22.3 21.8 19 14.6 11.8 7.2 4.7 3.8 3.3 3.6 3.8 3.8 3.3 3.2 4.2 7.4 11.1 14.4 17.3 20 23.2 26.2 28 29.2 28.3 26.8
-1.6 -1.6 -1.6 -1.6 -1.6 -1.6 -1.6 -1.6 -1.6 -1.6 -1.6 -1.6 -1.6 -1.6 -1.6 -1.6 -1.6 -1.6 -1.6 -1.6 -1.6 -1.6 -1.6 -1.6 -1.6 -1.6 -1.6 -1.6 -1.6 -1.6 -1.6 -1.6 -1.6 -1.6 -1.6 -1.6 -1.6 -1.6 -1.6 -1.6 -1.6 -1.6 -1.6 -1.6 -1.6 -1.6 -1.6 -1.6 -1.6 -1.6 -1.6 -1.2 -0.5 0.7 4.5 14.5 16.8 20.3 21.8 21.4 20 17.7 14.6 9.5 5.7 4.1 3.6 3.2 3.8 4 3.3 3 6.6 9.6 12.7 15.9 19.6 22.7 25.3 27.3 29 30.7 29.7 27 24
