data/260000-900000.asc
ncols 200
nrows 200
xllcorner 260000
yllcorner 900000
cellsize 50
[rows 105 to 139 of 200, columns 79 to 157 of 200]
201.3 201.4 199.3 197.2 195 192.4 191.4 188.8 188.2 187 185.4 180.2 173.4 168.2 162.2 156.2 146.6 137.8 130.7 121 114.3 104.2 98.5 91.1 89.4 88.4 88.3 88.2 88.1 87.9 88.9 92.7 98.8 106.4 115.7 128.4 139.3 146 156.4 167.3 176.5 180.6 183.6 185.7 188.1 186.2 183.2 183.2 182.1 178.4 181.6 185.1 178.7 173.8 166.4 169.3 179.4 183.9 185 187.6 182.3 172 161.3 150.3 154.4 161 171.7 178.3 183.8 191.7 194.1 198.1 198.6 201.5 194.3 187.6 183 178.4 174.6
209.6 209.2 206.9 205.6 206.4 204.8 204.1 203 201.6 199.8 197.8 195 190 185 180.4 174.4 166.9 156.9 145.2 134.2 129.3 119.5 108 99.1 93.4 89.2 88 87.9 87.8 87.4 87.5 89 92.3 98.4 106.8 120.6 133.1 143.4 150.8 162.7 170 175.8 176.6 179.7 182.7 185.7 188.9 183.1 176.6 173.7 174.3 175.8 176.2 171.6 166.1 166 170.2 177.2 175.1 172.5 172.4 167 154.4 143.4 143.1 151.1 166.2 175.5 177.1 176.8 178.7 182.4 185.5 187.5 189.1 186.5 178.1 173.3 171.6
219.2 217.6 215.9 214.6 216 216.2 213.9 212.7 212.3 211.5 208.8 205.4 201.7 199.9 197.1 191.7 184.5 176.2 164.9 150.8 142.9 133.4 122.4 115.6 107.3 101 94.9 89.4 86.5 86.9 87 87.4 88.8 93.8 101.7 113.1 122.2 133.8 145.9 153.9 164.8 170.8 174 175.1 182.7 185.5 183.1 180.5 181 176.5 171.3 164.7 165.8 167.9 163.1 160.8 167.2 174.2 175.7 168.6 166.8 163.8 153.4 139.2 131 136.6 151.2 160.7 166.4 169.9 169.6 171.4 171.7 175.2 176.5 175.2 173.5 170.5 169.6
226.6 224.8 223.6 223.2 223.5 223.6 223.7 222 222.1 221.3 220 217.9 215.3 213.3 212.3 209 201.5 193.1 183.8 171.4 158.7 145.9 135.8 128.4 119 111.2 102.6 95.7 90.3 86.9 87 86.9 88.7 92.2 98.8 110.8 120.3 129.6 139.5 149.4 155.9 162.4 168.2 172 172.8 174.6 176.7 176.9 183.3 176.5 163.2 155.7 152.3 157.7 158.2 154.7 157.6 159.8 157 163 159.3 151.5 147.1 133.4 134.1 140.8 135.6 145.9 154.7 159.6 161.5 162.6 164.6 165.8 166.3 167.8 168.8 168.1 166.7
233.6 232 230.7 230.5 230.6 230.7 230.5 230.8 230.2 229.4 229 227.3 225.1 223.5 221.7 222 219 210.7 199.4 187.7 178.1 160.2 148 139.1 131.4 121.3 114 103.3 95.1 87.5 86.9 85.9 88.7 91.2 97.8 105.3 116.8 132.7 147.5 158.8 163.4 162.8 162.2 164.2 165 164.9 168.9 168 169.3 161.5 158 150.7 144.4 145.5 143.5 143 139.1 141.1 140.9 140 138.3 149.2 143 126.6 114 115 120.8 134.8 156.1 159.5 157.8 157.7 159.5 160.4 159.6 160.5 164 163.7 166.1
238.1 236.8 237.1 237.5 237.6 237.4 237.4 238 237.5 236.9 237.3 238.5 236.3 233.9 232.5 231.4 230.1 224.6 215.6 207.6 195 177.8 162.8 150.9 143.5 132.9 123.1 114.4 103.2 94 86.4 86.1 87.2 90.2 94.4 103.1 111.3 124.7 142.6 155.1 159.3 159.3 162.1 167.6 173.5 171.6 168.2 156.3 153.8 150.1 150.2 145.9 138 130.2 126.7 121.9 120.5 121.8 123.7 127.4 125.5 128.4 129 117.3 103.5 102.9 110.1 119.3 139.1 150.1 152.6 151.4 151.1 153.1 152.2 153.3 157.4 160.3 164.2
243.8 243.7 242.4 243.3 244.2 243.6 243.7 244.4 244.3 243.9 244.7 245.7 245.3 245.3 243.2 241.9 240.2 236.6 230.2 223.6 215.3 199.8 180.8 164.1 153.2 144.8 134.6 123.4 113 99.4 89.8 87.2 85.2 86.1 89 95.5 103 114.4 133.6 152.7 158.4 157.8 161.6 168.2 174.9 179.4 173.7 165.7 156.1 149.8 141.7 134.9 130.5 122.5 118.3 114.3 112.1 112 113.5 111.1 108.7 110.6 111.6 109.8 102.4 95.9 99.5 108.7 127 147.4 151 147.2 145.7 143.9 141.8 144.3 149.9 155.4 161.1
246.7 246.9 249.2 247.6 247.9 248.8 248.3 248.8 249.1 249.1 249.9 250.8 252 252.4 252.8 251.1 249.4 247.2 244.1 237.1 228.8 216.4 201.1 183.4 163.9 155.7 145.7 131.9 120.4 108 96 94 90.7 86.1 88.4 87.4 87.8 98.9 116.5 138.9 156.5 158 154.9 162.8 172.7 178.2 175.1 163 158.7 160.5 157.3 153.3 140.8 132.8 128.1 119.8 112 109.4 104.5 100.1 97.3 97.8 100.5 101.3 99.9 92.6 90 96.3 107.5 127.7 137.9 144.9 147.6 139 134.7 133.6 137.5 147.7 156.1
248.1 249.4 250.8 252.5 251.2 251.3 252.4 253 254.1 254.3 253.9 254.1 255 256.5 257.5 257.8 257.4 255.9 253.2 249.2 239.4 231.3 217.9 203.3 184.7 166.1 154.5 142.1 127.8 116.8 107.8 96.9 91.4 86.6 85.3 85.3 85 85.8 97 114.1 136.8 149.8 148.1 146.5 151.5 158.4 163.7 155.3 154.7 158 168.9 174.6 168.4 156.6 149.7 139.8 127.2 116.5 106.5 98.6 94.3 90.6 89.3 90.9 94.9 92.1 87.1 85.5 89.5 94.7 100.9 105.4 114.3 119.3 116.5 121.6 124.2 134.3 147.8
245.3 246.4 247.6 248.7 251 252.5 254.6 256.2 257.2 257.2 257.3 255.9 256.5 257.5 259.8 260.4 260.7 260.9 259.4 257.9 254.3 248.4 240.3 223.5 205 186.8 166.6 149.3 136.5 123.2 114.2 104.7 96.7 88.4 85.3 83.7 84.1 84.4 84 90.4 102.6 115.4 130.4 138 139.2 135.1 130.8 133.7 135.6 144.9 156.6 173.9 177.9 173.6 159.7 146.2 141.1 130.6 115.8 105.3 97.2 89.4 84.4 82.1 84.1 86.6 81 78.5 77.5 78.6 81 80 84.4 89.7 93.2 100.9 108.9 114.5 123.2
244.1 244.2 244.8 245.7 247.6 250.9 254.3 258.3 259.3 259.1 258.4 257.2 257.3 257 258.3 260.9 263 263.2 263.2 262.8 263 259.7 253 243.2 225.3 208.6 189.2 163.6 148.4 131.5 122.4 112.9 101.6 94.6 89.9 87.2 83.7 83.8 84.1 84.5 85.3 91.5 101.1 109.8 115 116.3 118 117.4 109.7 112.7 122.3 130.3 137.6 140 134 129.9 135.5 132.6 122.5 109.7 102.4 91.8 84.8 80.9 78.5 76.5 73.9 69.7 69.5 69.5 71.7 66 65.5 74.1 79.1 85.5 92.5 96.4 100
241.6 242.4 242.2 242.5 244.3 248.5 253.4 257.3 258.6 258.3 257.5 256.9 257.2 256.7 256.4 257.8 259.9 262.1 264.1 265.1 266.1 266.1 263.8 254.3 242.1 228.8 209.8 185.2 163.9 144.9 132.8 122.4 110.4 100.5 95.5 89.4 86.7 84.7 83.4 83.6 84.5 84.3 84.9 88.6 93.8 97.1 99.8 99.1 95.7 93.3 94.6 97.7 100.6 106.2 107.5 117.6 123 125.4 120.8 106.6 99.6 91.5 84.4 80.6 76.8 71.2 69.1 67.4 66.7 65.5 63.9 62.6 62.9 64.4 70 74.3 79.7 79.3 85.7
238 238.6 237.3 237.8 238.1 240.5 246.3 254.9 257.8 256.5 255.7 256 255.7 255.4 255.3 254.8 255.5 256.9 259.7 263.4 265.1 267.4 267.8 266.8 259.1 250.9 229.3 209.6 185 165.3 146 129.5 118.6 109.3 99 93.7 90 87.4 85.5 84.4 83 83.2 83.6 83.9 84.2 84.5 84.2 83.9 83.4 83.4 84.1 82.8 82.7 82.5 89.5 100 107 107.3 108.5 101.4 89.8 84.9 79.5 72.4 67.9 66.3 65.3 65.1 64.2 63 61.2 60.5 60.4 60.7 61.4 62.5 61.6 65.1 69
232 233.9 233.2 232.8 232.3 231.9 233.5 238.9 248.7 253.5 253.8 253.7 253.4 253.8 253.2 252.4 253.6 254.9 257.6 261.7 264.6 267 267.1 266 263.1 259.9 255.6 243.2 213.7 185.3 163.5 143 127.9 118.4 112.6 105.2 99.3 92.4 88.2 87 85.3 83.7 82.9 82.7 83.4 83.7 85.1 85.6 85.5 84.9 84.3 84 83.1 82 81.2 80.8 86.2 93.7 94.7 90.2 83.7 77.2 73.6 68.4 64.9 63.8 63.4 63.2 62.6 61.4 60.6 59.7 59.6 59.8 59.3 60.1 58.5 58.9 59.7
222.6 223.2 226.4 226.5 227.3 227 223.8 224.3 227.1 235.2 243.1 247 249.7 249.7 250.4 249.9 251.2 252.3 254.6 258.9 261.8 265.2 265.4 263.5 258.8 256.2 253 247.5 233.2 216.2 186.7 158.5 141.7 131.3 121.6 113.8 107.8 102.7 96.5 91.2 88 86 84.5 84.9 85.6 86.3 87.2 87.9 87.8 86.5 86 85.4 84.4 82.9 81 80 79 76.7 80 80.3 77.9 74.7 70.2 66.2 64.8 63.1 63.4 62.5 62.4 61.8 61.4 60.8 60.1 59.9 58.8 59.6 58.4 58.1 58
217.7 218 218.8 219.9 222.8 220.7 219.7 219.7 219.8 226 230.4 234.3 239.7 243.5 245.6 245.4 248.8 250.2 252.5 256.3 257.5 259.5 261.3 260.1 255.5 251.5 248.5 242.2 232.6 222.2 199 175.2 158.8 142.9 132.4 124.7 119.1 116.3 107.9 102.2 96.9 90.6 89.3 89.6 89.3 88.7 89.7 90.1 90 87.5 87.3 86.4 85.2 83.5 81.6 80.6 79.8 78.8 77.1 75.7 71 67.3 65.6 64.6 64.5 64.7 63.9 62.7 62.7 62.8 64.5 62.5 63 61.3 60.8 59.2 58.5 57 57.9
215 214 214.1 214.1 214.8 215.5 215.1 214.8 215.7 219.5 221.8 226.3 229.3 237.3 239.4 240.7 242.7 249 251.2 254.9 256.4 257 256.1 254.6 251.7 247.8 242.1 237.4 229.4 219 205.5 187.2 174.3 161.3 149.9 140.4 132.9 128.1 120.3 115.5 109.5 103.8 97.8 93.9 92.6 91 92.1 93.3 92.9 90.2 90 87.5 87.3 86.9 84.9 84.3 84.1 83 81.8 80.7 80.1 78.9 75.6 73.2 71.9 73.2 71.2 67.2 68.3 66.6 65.1 66.6 72.4 68.5 67.3 66 62.2 60.7 61.2
216.2 215.6 215.3 214.9 214 213.4 212.9 213.2 213.8 215.9 219.5 222.4 226.2 228.6 231.9 234.8 236.7 245.8 249.9 252.7 253.9 255 255.2 253 246.8 241.6 237.5 231.6 223.5 216 205.1 191.6 178.7 166.8 159.4 153 144.7 136.6 130.7 126.8 121.3 115 110.2 101 98.8 96 96.6 97.4 95.8 93.2 91 90.4 91.7 93.5 92.6 90.8 90 89.7 87.8 87.8 88.4 86.6 87.9 87.4 86.6 87 83.4 78.7 76.6 74.5 72.8 72.8 73.1 73.3 73.5 71.8 70 69.5 68.5
218.8 217.5 217.2 216.9 216.2 215.5 214.3 212.7 212.8 215.1 218.7 220.8 226.9 230.3 228.8 230.2 233.5 240.4 246.3 251.3 255 253.3 250.8 249.4 245.9 239.7 234.7 227.6 221.9 215.9 204.6 194.1 184.6 172.4 160.9 155.4 151.6 147.7 142.7 139.1 132.3 125 121 115.2 110.2 105.9 103.2 101.8 97.9 99.5 100.2 100.6 101.5 102.4 100.7 99.1 98.9 96.9 96.5 96.9 97.9 96.2 97.7 98.4 98.2 98.4 97.5 91.6 86.6 84.2 82.3 82.9 82.5 79.8 78.8 79.8 77.1 77.3 73.5
222.9 221.1 220 219.6 219 218.3 217.1 213.5 212.7 214.9 218.2 218.4 218.3 220.7 225.2 226.6 229 233.8 240.8 248.9 252.1 254 253.8 249.2 243.3 238 231.8 225.8 221.9 217.6 209.3 196.6 189 179.1 167.5 166.1 161.8 157.3 153.2 149.6 146.3 138.1 131.2 127.3 123.4 118.5 115.6 104.5 105.7 105.5 106.2 107.5 107.5 108.6 109.3 107.4 107.7 105.2 105.6 104.2 104.8 104.7 105.7 106.2 106.5 105.9 105.4 101.3 100 97.5 96.5 91.3 91.7 92.5 89.7 87.4 88.5 87.3 86
227.2 225.4 223.6 222.6 221.8 221.1 219.1 215.1 213.2 213.4 214 213.6 213.3 214.6 217 220.1 222.6 228.1 234.2 242.9 250.1 250.1 251 248.6 245.3 238.3 230.7 225.6 218.7 213.6 209.4 202.9 196 186.1 179.3 171.6 166.6 164.3 160.3 153.8 152.7 148.8 142.3 137.7 133.4 127.1 114.8 113.2 116.5 116 116.8 115.2 113.5 114.8 116 115 117.6 117 114.7 112.7 111.1 112.3 112.5 112.5 112.8 112.9 111.8 111.2 110.8 108.6 106.7 105.1 106.8 105 98.6 95 95.3 96.6 97.3
233.3 230.7 229 226.6 224.4 223.6 221 217.3 215.4 213.4 213 211.3 211.1 211.4 212.8 213.4 213.8 215.7 226 234.2 239.9 243.2 243.9 242.9 242.6 239.8 231.9 227.7 221.4 213.5 208.9 203.4 197.7 193.7 184.5 175.4 174.4 166.8 161.8 161.4 161 160.4 150.5 147.7 143.4 136.1 114.1 127.5 126.4 128.4 128.5 125.6 124.4 122 121.4 121.4 124.8 124.8 121.9 120.2 118.8 121.1 120.7 120.1 119.5 119.2 117.9 118.1 118.3 119.4 117.4 114.4 113.5 110.8 108.7 106.8 104.5 106 106.7
240.3 236.2 234.1 231.5 228.7 226.1 223.1 220.9 218.8 217.2 217.6 215.4 212.1 210.6 209.7 210 210.3 209.1 211.9 218.2 225.3 231.5 231.9 234.6 234.7 233.1 229.9 227.5 226.8 222.4 218.3 208.6 198.9 194.9 188 180.6 177.1 170.5 170.3 166.4 166 161 157.6 158.5 153.1 136.9 118.8 138.4 138.5 138.6 138.3 136.3 135.5 134.2 131.9 131.6 127.4 130 131.2 130.2 129.8 129.7 129.1 129.4 127.6 125.9 125.3 124.4 125.3 126.2 126.7 123.9 122.7 121.7 119.3 116.8 114.6 113.9 113.4
247.6 243.3 238.7 235.7 232.9 229.6 227 225.3 222.2 221.6 222.1 218.8 216.3 214 212.3 210.3 208.4 208.4 207.5 208.3 211.2 215.5 222.6 225.5 225.3 225.3 222.9 222.9 221.6 220.8 219.9 216.5 206.4 195.7 188.1 179.6 174.9 173.6 172.6 172 168.4 161.5 155.7 150.3 145.7 131.9 132.2 149.3 149.4 149.8 149.4 146.3 146 144.6 142.9 141 138.8 137 135 136 136.5 137.2 138.5 139.9 138.1 135.4 131.6 128.7 130 130.9 131.7 132.6 132.8 131.6 129.9 127.1 125.3 121.1 118.9
254.9 249.9 244.7 240.7 237.2 233.7 231.1 228.5 226.5 224.5 222.1 219.6 219.3 217.7 215.1 213.4 213.5 210.7 208.6 206.9 208.5 211 214.1 215.8 216.6 217.6 216.2 215 214 212.2 212 211.2 206.7 198.9 191.4 181.6 179.3 177.4 174.7 172.4 158.5 134.6 137.2 138.6 138.9 137.1 147.1 156.3 157.9 158 159.6 158.4 157.1 156.1 154.4 151.8 148.9 145.8 141.9 140.6 139.5 141.5 144.2 148.2 149.7 146.3 141.8 136 132.4 132.9 133.5 134.4 135.5 135.3 135.2 135.2 133.3 129.4 126.4
261.8 256.4 251 245.9 241.3 238.1 235.7 233 230.5 226.7 223.9 222.9 221.6 219.3 217.8 217.8 215.4 212.3 210.7 208.9 206.3 208.3 207.2 207.2 206.5 207.1 208.6 206.8 205.7 204.5 204.8 204.5 201.4 198.9 193.4 184.3 181 180.1 175.5 167.9 165.9 155.2 159.3 157.6 153.9 155.2 159.2 160.8 163.6 166 166.5 167.8 167.6 166.9 166.7 163.3 160.6 155.2 154.8 154.3 152.6 148.8 144.7 143.7 148.9 151.6 151.3 146.3 138.4 138.1 139.5 138.7 139.2 139.8 139.5 136.9 134.9 133 130.4
270.6 265 257.8 252.5 247.4 243.6 240.7 238 234.1 231.2 228.2 225.9 223.8 222.2 221.4 217.6 215.6 214.1 213.2 212.3 207.9 202.6 204.3 202.1 199.9 199.9 198 200.8 202.1 199.6 197.7 196.2 196.3 192.4 188.9 184.1 182.8 179.2 175.6 166.4 159.5 168.2 171.9 170.2 167.1 168.3 170.5 172.2 172.5 172.8 175.4 175.8 176 175.4 173.4 173.2 171.3 165.7 163.3 164.5 163.6 159 154.3 148.4 148 147.2 149.4 151.9 148.2 142.8 144.1 143.5 142.2 140.4 138.9 139.1 136.7 134.3 134.7
280 272.9 267 262 257.3 252.8 248.7 245.1 240.4 236.1 232.8 229 226.5 224.9 222.6 219.5 217.9 216.4 215.7 214 211.4 208.7 203.7 198.2 196 195.4 194 193.1 194.8 194.9 194.6 193.5 191.9 187.2 183.2 180.8 180 177.2 171.8 161.7 173.3 178.1 181.1 182.5 183.2 182.6 182.6 182.9 186.4 190.2 191.1 185.9 183.2 181.8 180.3 179.2 177.3 173.7 174.2 174.8 176.2 175.2 170.7 165.9 160.6 154.6 154.3 153.1 152.5 148.9 146.4 146.3 144.1 143.1 141.4 139.8 138.1 137.6 137.7
294.2 287.2 280.1 275.2 270.2 265.8 260.1 254.3 248.5 244.1 239.9 234.3 230.2 227.3 224.8 222.2 220.6 219.2 217.7 215.9 212.6 210.3 207.9 201.2 198.5 196.3 194.8 193 191.3 191.3 191.3 191.8 188.9 182.7 176.2 169.5 166.9 166.2 168.4 171.8 178.1 185.5 191.4 194.9 197 197.3 199 202.3 207.4 209.8 206.4 201.2 193.3 189.3 186.7 185.8 183.7 182.6 186.2 184.4 183.6 183.1 183.2 179.9 177.1 171.4 164.6 160.5 155.5 152.4 150.1 150 147.5 145.5 142.4 140.6 139.6 140.2 140.6
305.8 301.3 294.2 287.4 282 276.2 269.4 263.2 256.9 251.8 247.1 241.5 234.5 230.8 228.5 225.3 222.4 220.9 219.6 218.3 215.2 213.4 210.1 206.7 204.9 199.7 196.2 195.6 192.5 189.4 185.4 185.5 181.4 181.2 181.8 177.2 184.3 182.2 182.3 183.6 185.8 192.9 199.6 203.6 206 208.2 209 210 212.9 214.3 214 212.7 207.3 201.1 198.3 191.5 189.3 186.3 190.3 191.4 192.4 196.6 197.4 195 190.7 186 180.3 174.2 167.8 160.4 155.4 154.6 153.9 152.7 150 144.3 145.7 145.5 145.7
312.7 308.8 303.3 296.6 292.4 286.6 278.9 272.2 265.5 258.6 253.4 247.5 241 234.8 231.2 228.5 224.6 224.3 222.5 219.8 217.1 214.9 211.6 209.8 204.6 200.2 204.6 199.7 197.2 198.2 196.3 188.3 192.8 190.4 191.2 191.7 193.1 191.7 192.1 192.1 195.1 200.8 205.8 210.1 213.4 215.8 218.3 220.6 221.2 218.6 218.1 216.7 214.5 210.2 207.2 203.4 196.3 190.4 193.4 197.9 197.8 202.1 204 203.4 200.3 197 194 189.4 182.9 174.6 167.8 164.3 157.8 158.2 157.4 155.3 152.1 150.8 151.5
319 316.1 311.2 304.7 299.3 296.4 288.9 279.4 273 266.2 258.6 252.4 245.2 238.5 233.8 230.7 228.1 225.6 223.6 221.4 218.6 215.8 213.3 213.2 209.6 207 208.4 204.2 201.2 202.1 201.3 198.8 199.1 198.2 199.2 200.8 201.9 201.8 202 202.1 204.1 209 213.1 216.3 218.3 220.7 224.7 229.4 230.3 231.6 230.3 226.5 221.4 219.2 216 211.4 207.9 201 195 200.8 203.4 207.9 212 212.5 209.5 205.9 203.3 198.9 193.9 187.9 183 184.1 172.8 164.2 163.9 163.1 160.7 157.8 154.8
322 320.5 319 314.6 307.8 301.7 295.4 286.8 279.9 272.5 264 256.5 248.9 242.1 237.5 233 229.7 226.8 224.7 222.6 220.5 216.9 215.9 214.9 212 211.4 209.2 209.1 207.5 207.7 205.3 205.5 206 207.1 209.4 210.6 210.9 210.6 210.5 210.6 211.2 215.3 218.6 220.6 222.9 225.7 229.7 234.8 238.4 241.3 240.7 237.4 233.4 228.6 225.5 221 215.2 209 205 203.5 205.6 207.6 210.5 211.9 215.1 215 212.9 208.4 204.3 199.2 193.9 191 193.3 181.6 172.7 169.7 168.5 163.3 164.8
323.9 322.9 322 320.4 313.9 306.5 298 291.3 284.3 277.3 269.4 262.2 254.3 245.5 240.4 235.8 231.8 228.7 226.1 224.2 222.3 220.7 218.3 216.4 216.1 211.2 213.3 211.3 213.7 210.9 205.9 212.5 213.8 214.8 216.6 218.2 219.2 219.7 219.1 219 218.3 220.4 222.9 224.9 228.1 231.8 236.2 240.8 243.5 246.2 246.5 245.2 242 238.1 232 228.1 223.4 215.8 211.1 212.2 209.1 208.8 209.4 210.2 211.8 213.9 214.2 212.9 210.4 207.1 203 199.4 197.6 196 186.4 180.8 176.6 174.9 178.4
324.6 324.5 321.9 320.3 314.7 307.9 299.4 293.1 285 278.1 271.6 264.9 258.3 249.9 243.5 238.4 233.5 231 228.3 225.8 224.3 223.2 221.1 219.4 218.7 216.4 215.7 215.6 217.4 215.2 211.9 217.6 219.2 220.9 222.6 224.5 226 227.2 227.5 226.7 225.6 225.7 227.3 229.5 233 238.6 244 248.2 249.8 249.9 249.6 248.8 246.7 242.8 237 234.6 229.8 222.1 219.7 216.5 214.6 211.2 210 210.3 210.2 210.6 212 213.2 212.3 210.9 209 205.9 203.5 202.2 199.4 192.8 189.4 184.4 196.3
