data/260000-630000.asc
ncols 200
nrows 200
xllcorner 260000
yllcorner 630000
cellsize 50
[rows 35 to 69 of 200, columns 0 to 77 of 200]
227.9 229.2 230.4 232.7 235.2 237.8 236.2 237.7 238.8 240.3 240.9 240.4 240.3 240.5 243 242.5 241.7 241.2 240 238.8 236.2 231.5 227.8 224.6 221.5 220.2 214.4 207.4 218.7 223.8 230.2 236.4 240 242 243 244.4 245.7 246.1 245.5 244.5 244.4 244.2 242.3 240.5 240.1 239.5 238.6 237.4 236.2 236.1 235 233.2 232.3 231.6 231.1 230.5 230.1 227.8 226.5 224.1 221.5 219 216.5 214.9 212.1 209.8 209.1 206.7 201.5 197.4 192 189.1 199.5 198 196 194.4 193.1 192.4
223.6 221.9 220.5 221.4 223.6 226.9 229.5 232.4 235.1 238.3 239.1 239.3 239.6 240.5 243.9 244.8 245.4 244.8 243.7 241 237.1 232.5 227.9 224.4 221.1 218.2 211 208.1 219 226.7 233.7 237.6 239.8 240.6 242.8 243.9 244.7 244.2 244.1 243.6 242.9 241.3 239.5 239.7 239.4 238.9 238 237.4 237.4 237.2 235.7 234.7 234.2 233.7 233.1 232.3 230.5 228.8 226.9 224.2 221.5 219 217.4 215.1 212.7 210 208.2 205.7 201.6 194.3 189.8 196.7 200 198 196.6 195.2 192.9 191.9
215.1 214.5 211.9 213.1 216.8 221.8 226.9 229 231.1 234.7 236.7 240 242.3 243.6 245.8 248.3 249.4 248.9 245.9 242 237.3 231.5 226.7 223.5 221.1 214 204.1 213.5 223 229.4 234.7 237.7 239.3 241.1 242.6 243.4 243.6 243.7 243.3 242.5 241.6 239.5 237.4 237.7 238.3 238.2 237.6 237.8 238 238 237.3 236.8 235.8 234.8 234.3 232.6 230.8 229.1 227 224.3 221.6 219 217.3 214.9 211.9 209.3 207.9 203.8 197.8 189.9 197.1 202.2 200.2 197.4 196.3 195.4 193 191.4
206.8 208.1 207.5 207.6 215 220.4 224 227.4 230.6 232.2 235.5 240.8 244.3 246.7 249.1 252.7 254.1 253.8 249.7 244.3 237.5 230.2 225.3 222.2 220.2 203.1 206.8 218.7 226.3 232.9 235.9 237.7 239.8 241.8 242.7 242.7 242.3 242.5 242.1 241.2 240.1 238 236.6 236.3 236.7 237 237.4 238 238.5 237.5 236.9 237.3 236.9 236.3 234.9 233.1 231.3 228.8 226.5 224.3 222 219.7 217.4 214.5 209.8 208.3 206.4 201.3 196.3 189.9 201.7 203.9 200.8 197.9 195.9 194.8 193.5 191.5
202.7 202.9 202.3 204.5 208.9 214 218 222.6 226.9 229.2 233.5 239.5 245.6 249.3 252.8 256.8 260.9 259.5 254.8 243.6 235 229 224.1 218.3 206.8 201 211.4 223.4 230.8 234.1 236.1 237.3 239.2 240.9 241.3 241.7 241.3 241.4 240.8 239.8 238.7 236.8 235.7 235.4 235.3 235.8 236.4 236.6 237.7 237.3 237.1 236.9 236.9 235.9 234.5 233.1 231.6 228.7 227.1 225.5 223.2 220.8 217.6 214 210.5 206.7 205.8 200.8 192.7 190.7 201.8 204.3 201.3 198.3 195.9 194.5 193.9 193
198.2 197.9 199.1 207.4 211.1 210.8 217.2 219.5 222.5 226.6 231.9 238.2 244.9 253.5 262.5 283.4 290.9 283 267.5 244.9 233.9 227.4 220.9 207 199.5 204.2 215.5 227.6 231.9 234.1 235.1 236.2 237.8 239.3 238.5 239.8 240.4 240.2 239 238.4 237.2 235.7 234.8 234.5 234.2 234.4 235 234.9 235.9 236.4 236.2 236.4 235.7 235.3 234.5 233.9 232.7 230.2 228.2 226.6 224.1 221.1 217.7 213.9 211 208 205.5 200.7 192 190.8 196.8 202.7 200.3 197.5 195.7 193.8 192.3 192.2
195 194.8 198.7 204.5 206.5 208.3 212.8 214.6 217.2 222.3 230.3 236 243 256 277.9 305.4 306.7 307.6 290 248.9 231.1 222.9 215.5 202.8 199.4 205.1 216.6 226.5 231.2 232.8 233.9 235 236.2 237.2 236.7 238.2 239.1 238.2 236.4 236.3 235.9 234.3 234.4 233.8 233.2 232.8 233.1 232.9 233.8 234.5 234.7 235.7 235.6 235.5 234.9 234.3 233.6 231.9 229.2 227.2 224.7 221.3 217.9 214.1 210.3 207.8 204.6 199.5 193.9 191 192.1 196.2 197 196.7 194.8 193.9 192.6 192.5
189.8 195.9 195.3 196.5 199.9 204.5 207.2 208.1 213.2 218.8 224.5 231.1 237.1 248.8 279.7 291.9 294.2 303.5 277.9 234.5 223.6 215.4 206.2 199.1 201.1 210.9 218 223.8 227.7 230.9 231.9 232.2 233.9 234.6 234.9 236.5 236.6 235.2 234.1 234.3 234.1 234.1 233.6 232.8 232.2 231.9 231.6 231 231.6 232.4 233.5 234.7 235.1 235.3 234.9 234.4 233.9 233 229.4 226.2 224.2 221.2 217.7 214.5 210.8 207.1 203.7 198.8 195.1 192 191 192.3 193 193 194.9 194.7 193 192.9
180.3 184.7 188 189.1 193.5 197.9 199.1 200 205.3 210.7 216.7 221.7 226.9 229.6 244.1 251.3 251.9 244.6 230.4 222 221.4 206.9 197.9 199.1 209 218.8 219.3 219.5 222.8 227.2 229.2 228.1 229.7 229 230.8 232.7 231.5 231 231.5 232.3 232.6 232.4 232.1 231.7 231.2 230.2 229.3 229.1 229.4 230.1 231.6 232.6 233.3 234.8 233.7 234 233.8 231.7 228.6 225.8 223.1 220.5 216.5 213 209.4 206.3 202.6 197.2 196.3 195.7 190.9 193 192.7 192.3 193.5 194.8 193.7 193.2
173.8 176.1 178.1 180.6 184.4 188.5 192.2 193.7 195.5 201.6 208.4 211.2 217 216.6 219.4 223.2 218.5 218.6 216 211.3 205 191.3 198.2 209.8 219.7 219.8 214.6 215.5 217 220.5 222.2 221.7 222.3 222.8 225.2 228.2 228.8 227.8 228.3 228.4 229.7 230.4 230.5 229.9 229.7 228.9 227.7 227.8 228 227.8 228.7 231.3 233.1 233.6 232.4 232.1 231.1 228.7 226.1 223.7 221.9 218.4 215.6 211.6 208.4 205.2 201.8 197 196.4 195.9 191.9 190.8 191.6 192 192.3 193.5 193.8 193.1
170.5 172 173.7 176.7 180.3 184.5 187.9 190.3 187 195.2 199.8 202.8 205.7 201.3 204 211.1 201.6 202.7 199.6 193.1 185.2 186.7 201.8 219.9 220.2 214.6 212 212.4 212.7 213 216.3 219.1 219.7 219.8 219.7 221.4 224 223.9 222.8 224.3 226.6 227.6 228 228 227.3 226.3 226.1 226.1 226.3 225.8 226 227 231.2 231.9 230.9 228.6 226.6 224.5 222.7 220.5 218.8 216.5 213.4 210.5 207.5 204.4 198.5 197 196.4 195.2 192.9 192.1 191.6 193 194.5 193.2 194.1 193.4
164.6 167.4 171.5 174.3 174.9 179.6 180 181.5 181.6 186.3 192.4 193 195 192.3 193.4 194.6 190.1 185.1 182.1 181.5 182.2 201.4 217.6 220.7 212.9 209.2 209.1 208.8 208.4 207.9 209.2 211 214.6 218.9 218.9 218.1 220 219.5 220.2 220.9 223.3 224.4 224.3 224.3 223.3 222.3 222.8 224.1 224.1 224 224.4 225.3 228.5 229.6 228.5 226.7 225.1 223.4 221.2 219.8 218.3 216.2 213.3 209.8 206.7 203.4 199 197.4 196.6 196 192.9 191.9 191.8 193.2 194 193.2 194.3 193.6
160.2 166.1 168.7 168.6 168.8 171.2 171.8 172.3 173.4 174.7 176.9 180.1 184.9 182.5 178.7 176.9 175.9 177.3 177.4 179.8 198.5 210.8 220.2 213 207.9 208 208.2 207.2 206.4 205 204.2 207.1 210.8 205.7 211.6 217.6 217.4 217.8 218.2 217.7 219.7 220.7 220.4 220.2 219.7 219.4 220.6 221.4 221.7 222.4 223 223.7 224.3 226.3 226.1 225.1 223.6 222.1 220.4 218.8 217.3 214.9 211.4 208 204.7 198.8 197.9 195.6 196.5 194.4 192.5 192 193.2 192.7 192.8 193.4 193.9 193.9
160.3 162.1 164.2 164.1 165.2 166.8 167.5 167.3 167.3 167.3 167.6 168.7 173.3 170.6 170.8 174.9 181.1 176.8 192.5 200.9 214.2 221.5 220.5 206.8 206.8 206.8 207.5 208.2 207.3 204.6 202.7 206.1 208.3 201.7 207.5 204.6 211.9 215.7 216.5 214.9 214 216 217.3 218.5 217.7 218 220.2 220.8 220.8 222.4 221.7 221.6 221.2 221.3 221.9 221.2 220.1 218.5 217.2 216.4 216.3 213.8 210.9 204.4 202.2 198.6 198 196.1 195.5 193.7 192 193.7 194.2 194.2 194.2 194.2 193.9 194.1
155.4 169.3 159.7 159.3 159.7 160.9 162.9 162.5 163.3 164.3 168.4 167.8 167 175.7 181 184.8 195.1 196.9 200.5 216.8 219.1 221.1 211.2 204.5 205.4 205.6 206.1 206.5 207.7 206.4 202.5 204.9 204.9 201.1 204.6 204.6 205.5 210.1 210.6 215.2 214 214.2 214.3 216.9 216.6 216.3 217.6 219.2 219 220.9 220.6 219 219 218.5 217.9 217.5 217 214.7 212.8 213.2 214.6 208.8 203 201.4 200.9 199 196.9 195.5 194.8 193.3 191.6 193.3 193.9 194 194.5 194.6 194.7 194.6
153.9 154.6 153.5 153.3 157.1 156.7 158.1 161.9 170.9 171.7 174.6 177.3 176.2 180.9 193.8 203.9 206.6 214.5 217.5 217.5 218.9 220.4 208.7 202.7 203.5 204.2 204.1 204.5 205.9 208.2 205.2 202.6 205.4 207.3 204.6 204.6 207.1 207 207.1 210.4 212.9 214.6 214 214.9 214.9 215 216.1 216.4 216.7 217.3 218 216.2 216.6 216.4 215.3 215.1 213.4 210.9 205.1 206.5 208.7 203.3 201.5 200.7 200.7 199.7 198.1 197.7 194.3 192.8 192 193 193.7 194.5 194.9 195 194.7 194.3
148.8 151.9 155.6 157.3 158.5 161.8 165.6 171.2 173.2 177.5 182.6 185.4 187.8 199.2 209.8 203.3 201.6 202 200.9 202.2 209.3 211.5 200.7 201.3 202.3 202.9 203.3 203.2 204.7 207.1 206.7 204.8 202.5 207.9 210.6 208.8 206.8 207.1 208.7 209.2 212.2 213.3 215.7 214.5 214 214.3 213.7 213.9 213.6 212.6 212.4 213.8 213.5 212.7 211.1 210 208.3 202.6 200.4 199.8 200.2 201.5 199.7 198.6 200.4 199.3 198.1 197.8 194.7 193.6 192.5 193.8 195.2 195.3 195.4 195.4 194.4 195
155.7 156.7 157.3 160.6 169.6 172.9 175 177.1 179.5 180 190.5 196.1 202.4 201.1 195.9 197 198.1 198.4 198.9 199.7 200.7 200.6 200.3 200.3 201.1 201.7 202 202.4 204 207 208.8 203.9 203 205.4 207.5 207.7 203.8 209.2 208.8 208.5 213.6 214 214.6 216 215.3 214.6 213 211.1 210.3 208.9 208.3 210.6 211.1 208.4 206.7 204.8 202.5 200.1 199.7 198.5 198.9 197.9 197.8 196.8 196.6 196.5 197.9 196.2 193.9 193 193.9 195 196 196 196 195.6 194.8 195.7
158 159.5 163 168.1 175.8 179 183.5 187 189.9 188.9 184.7 194.3 188.8 188.8 194.9 196.2 197.7 198.9 199.3 200.3 202 201.9 201.4 201.1 200.7 200.9 201.6 202.4 204 206.5 208.2 201.5 206.5 209.2 209 204.5 208.2 207.7 211.7 212.9 212.7 211.1 212.4 213 214.2 208.3 208.8 208.8 210.4 207.7 204.2 205.9 209.8 208.5 203.8 202.9 202.9 199.4 198.8 197.5 197.5 196.5 197.2 197.3 196.7 195.9 196.9 195.9 194.3 193 193.9 194.3 195.9 196.7 196.7 196.6 197.1 198
159.1 161.1 160.6 171.2 178.2 178.7 188.9 188.2 192.4 189 187.1 189.5 194.1 188.8 189.4 195.8 197.3 198.8 200.2 201.5 202.8 203.3 203.2 202.9 202.5 201.9 202.1 202.6 204.6 207.3 206 202.6 204.8 204.9 203.9 204.8 207.7 207.7 212.7 208.9 209 208.1 204.1 201.3 199.6 200.1 200.4 202 205.1 205.6 203.9 201.2 202.9 204.5 202.4 200.2 198.8 199.2 198.9 198.4 197 196.8 196.6 196.6 196 195.8 196.8 194.2 193.5 192.6 194.3 194.8 195.6 196.9 198.3 198.4 198 197.5
160.4 161.6 163.9 163.2 171.8 178.1 186.8 188 192.2 188.3 187.4 187.3 194.4 193.2 194.6 196.3 197.9 199.3 200.8 202.2 203.5 204.3 204.1 204.1 204.2 203.2 202.9 202.7 205.2 207.4 201.7 201.8 202.1 205.6 205.8 207.6 210.6 215 214.2 204.5 208 208.7 205.5 199.1 198.8 198.5 198.4 198.4 198.5 199.3 199.8 199.6 199.4 199.3 199.6 198.8 197.6 196.6 196.5 197.6 196.8 196.3 196.5 196 196.2 197.2 196.1 193.8 192.5 193.1 194.1 195.4 196.4 199 200 199.2 197.8 196.6
167.9 172.5 168.2 172.2 167.4 178.2 180.3 190.6 190.8 188.6 187.2 191.1 196.9 200.1 194.2 196.7 198.4 199.9 201.3 202.7 203.9 204.6 204.6 204.4 204.3 203.9 203.8 203.4 206 203.4 202 204.2 207.6 213.1 210.7 214.8 214.7 214.5 214 204.8 201.5 201 201.3 199.4 198.9 198.4 198.2 198.2 198.3 198.8 198.7 199 199 199 198.9 198.8 198.4 197.6 197.7 197.9 197.1 195.6 196.1 197.4 197.1 197.8 195.1 193.3 193 193.6 194.5 196 197.9 200.9 201 200 198.6 197.1
172.4 180.1 177 186.8 181.9 177.1 178.9 177.5 189.4 189.4 190.6 190.1 193.2 199.5 199.6 196.7 198.5 200.4 201.8 203.2 203.8 204.4 204.5 204.4 204.5 204.2 204.2 204.5 205.3 204.4 204.9 207.1 211.2 216.4 214.4 211.7 213.5 212.8 206.1 202.3 200.7 200.1 200.4 199.7 199.2 198.5 198.1 198 198.4 198.8 198.8 198.7 198.7 198.7 198.7 199.2 198.8 198.6 197.9 198.4 197.1 195.4 196.4 197.8 198.4 197.9 195.9 194 193.9 194.4 197.6 198 199.2 200.9 201.2 200.5 198.9 197.1
166.4 173.7 184.2 193.7 193.8 190.8 188.3 180.7 176.6 188.1 191.8 192.4 196.3 199 205.6 199.2 200.1 199.9 201.7 202.2 202.7 203 203.7 203.2 204 204 204.8 205.6 205.6 206.4 207.4 210.8 215.2 215 215.2 206.2 204 202.7 202 201.2 201.2 201 200.9 200 200.4 200.1 199.2 199.4 199.4 198.5 197.6 197.9 198.2 198.7 199.3 199.8 199.7 199.5 198.9 197.2 196.1 196.5 197.1 198.2 196.5 197.1 196.3 194.9 194.3 197 203.1 203.5 202 201 201.3 200.9 198.8 199.6
175.7 177.8 186.1 195.2 198.3 197.7 198.2 190 180.9 179 183.3 194.1 196.4 199.2 205.8 198.9 199 200 200.1 199.7 200.5 200.9 202.4 202 202.7 203.6 203.7 204.7 206.2 208.2 211.5 214 214.2 213.1 213 203.9 203.4 202.8 202.2 201.6 201.8 202.1 201.8 201.3 200.3 200.2 200.4 200.5 198.5 198 197.4 198 198.6 198.3 199.9 200.3 200.3 200.1 198.5 197.4 196.9 197.8 196.6 196.2 196.6 195.8 196.2 195.1 194.5 201.8 205.3 207.1 203.5 201.1 201.1 200.8 199.4 203.5
189.5 195.7 195.6 199.5 200.3 201.1 199.4 196.3 190.7 185.3 183.1 188.6 196.1 199 197.5 196.6 196.7 197.2 198.9 200.1 200.5 200.8 201.2 200.9 201 202.3 203 203 202.6 205.9 211.6 212.2 211.2 209.2 208.8 203.1 203.3 203 202.4 202.1 202.2 202 201.5 201.1 200.6 200.7 200.9 199.3 198.6 198.1 197.8 198.1 198.6 199.1 199.9 200.6 200.8 200.7 200.6 199.8 199.6 197.8 196.8 195.4 194.8 194.1 194.3 193.7 194.2 202.4 206.7 209.4 206.1 201.5 200.9 202.3 206.1 208.3
198.3 204.5 205.1 205.7 203.2 202.2 199.9 195.7 195.1 190.4 187 188.1 190.4 190.6 189.7 192.4 193.9 195 195 194.5 195.5 198 198.3 198.3 198.7 200.7 201.8 202 202.1 202.4 206 211.1 211.6 210.7 202.7 202.8 203 203.2 202.6 202.5 202.5 201.5 201.2 201.2 201.1 201.1 200.3 199.2 199.2 198.2 197.9 197.1 198.2 198.9 199.7 200.4 201.1 201 200.9 200.6 199.9 197.6 196.4 194.5 194.8 195.7 196 196.3 197.3 204.9 211.1 211.7 206.8 201.4 203 206.8 210.4 212.9
205.6 207.1 207.3 208.3 207 203 200.3 200.5 198.8 192.2 190.6 191.7 189.8 187.8 189.8 192 193.2 193.8 194.2 194.2 194.1 194 194.9 196.7 196.6 196.8 203 202.7 202.4 202.4 202.2 202.3 211.1 202.8 202.3 202.3 202.6 202.9 202.9 202.5 202.1 201.2 202 201.8 201.7 201 200 199.7 199.8 198.1 197.8 197.5 197.1 197.9 198.5 200 200.4 200.7 200.9 200.6 198.1 196.9 194.4 195.7 196.4 197.3 197.9 197.5 197.8 201.9 214.1 213.4 207.5 201.4 204.8 208.9 212.3 214.8
209.8 209.6 212.1 213.9 209.8 208.4 203.8 206.2 199.5 195.9 195 194.6 195.7 198.5 196.4 187.8 192.6 193.8 194.2 194.7 194.2 194.2 194.5 195.8 196.7 196.9 203.3 203.5 203.2 202.8 202.5 202.2 203 203 202.2 201.9 202 202.3 202 202 201.6 200.9 202.8 202.4 201.8 200.5 200 200.9 201.6 199 198.3 197.7 196.1 197.9 198.1 199 199.2 199.7 199.3 198.4 194.8 194.5 196.4 197.6 197.5 198.2 199.2 199.7 198.9 200.2 210.9 212.2 208.2 201.8 206.3 209.4 211.6 214.8
215.6 216.1 217.6 216.9 215.6 213.2 211.6 206.2 204.2 199.1 200.4 201.9 203.1 206.6 198.7 196.2 195 190.7 194.7 195 195.3 195.6 195.7 196.2 197.3 197.9 199.6 203.8 203.3 202.9 202.6 202.8 202.5 202.6 202.7 202.3 201.5 201.3 201.1 200.8 200.9 200.7 200.7 201.4 200.3 199.4 201.1 201.7 202.3 201.6 200.4 197.7 196.7 196.2 196.9 197.8 197.4 197.5 197.5 196.1 195.2 196.2 197.3 198.4 197.9 198.8 199.7 199.3 200.4 204.6 208.9 208.1 205.4 202.5 203.3 203.9 206.8 208.1
220.9 221 223.9 219 217.2 216 214.3 210.4 209.2 203.3 207.3 207.6 208.7 208.1 207.9 203.5 201.2 197.2 195 192.9 195.3 196.1 196.6 197.3 201 199.5 199.4 203.3 203 202.8 202.3 202.2 202.1 202.2 202.3 202.3 201.5 200.8 200.3 199.9 199.6 200.1 200 199.8 200 199.4 199.1 201.5 202 202.4 201.9 200.7 197.9 196.7 196.4 195.9 195.3 195.7 196.2 195.4 195.1 195.2 195.8 198.9 199.1 198.6 202.9 205.3 202.5 204.8 207.3 206.9 203 202.9 203.7 206.8 204.2 204.6
222.4 224.3 221.2 218.7 220.3 218.9 217.8 217.8 215.1 205.5 216.2 217.2 214.4 213.6 211.9 207.4 205.7 203.1 201.1 199.8 197.2 193.8 196.5 201.4 202.5 202.4 203 203.3 203.2 200.7 201 201.7 201.7 201.7 201.6 202 201.5 200.7 200.1 199.6 199.2 199.6 199.4 199.2 199 198.8 198.8 198.8 200.1 201.7 201.5 201.5 200.7 200.4 198.7 197.5 198.5 198.8 198.2 200.1 196.2 195.4 196.5 199.9 199.6 199.2 208.7 207.1 203.5 204.8 207.2 206 204.5 203.7 205.3 209 204.7 205.2
220.2 221.1 222.6 224.1 225.5 223.7 223 223.3 221.4 208.6 212.3 218.4 218.4 217.8 216.6 213.6 212.8 210.5 207.9 206.1 202.4 202 202.2 207.3 207.2 206.4 206.5 204.1 204 202.7 202.4 201.9 201.3 201 201 201.7 201.4 200.6 199.9 199.4 199.4 199.6 199.4 199.3 199 198.7 198.6 198.6 198.2 200 199.6 199.4 201 200.7 200 198.8 199.6 200.3 200.4 197.4 195.8 199.6 199.9 200.2 199.9 200.7 210.5 208.8 205.7 207.2 207.4 208 206.7 205 208.2 210.9 205 208.5
220.3 224.2 226.7 229 229.2 228.2 225.7 218.9 213.5 213 223.1 222.8 221.1 219.7 218.3 216.6 215.1 215.5 214.2 213.9 212.6 212.7 213.6 212.9 213.7 214.5 213.9 213.4 207.3 203.7 203.3 202 202.7 201.7 201.1 201.3 201.2 200.6 199.9 199.5 199.3 199.5 199.6 199.4 199 198.7 198.4 198.4 197.9 198 197.4 197.4 199.5 201 198.7 197.9 196.6 196.5 196 195.7 195.1 196 199.9 199.1 199.4 200.9 207.1 213.9 207.6 204.7 204.1 205.3 206.4 206.8 207.6 205.7 205 208.6
221.3 225.6 228.3 230.7 231.3 225.8 218.1 216.4 217.4 226.1 227.5 227.5 227.1 227.2 226.3 225.5 223.1 217.7 217.3 217.4 217.9 219.2 221.9 221.9 220 218.9 215.9 213.8 212.8 210.8 213.4 208.5 208.1 206.5 207.1 206.2 201.4 200.8 200.5 200.1 199.7 199.4 199.7 199.3 199 198.6 198.3 198.1 197.7 198.4 197.7 197.5 197.5 197.4 196.6 196.8 196.8 196.6 196.7 197 196.9 196.6 197.5 198.9 199.9 206 203.4 203.4 204.4 204.9 204.8 205 205.7 206.3 206.1 205.5 207.3 209.2
