data/260000-590000.asc
ncols 200
nrows 200
xllcorner 260000
yllcorner 590000
cellsize 50
[rows 0 to 34 of 200, columns 78 to 155 of 200]
317 319 313.8 309.6 307.2 313.3 312.5 312.8 311 309.8 312.5 321 328.6 340 351.5 363.7 374 383.4 391.2 399.5 404.5 401.6 385.7 368.6 351.8 337.7 325.1 313.4 306.4 317 325.3 335.6 345.6 356.2 365.5 374.6 383.3 393 402.8 411.8 417.3 420 416.2 405.4 389.5 371.2 353.9 334.8 312.9 290.2 276.1 266.2 268.2 271.5 278 287.3 297.5 314.7 336.9 356.8 379.7 397 415.6 429.3 431.7 430.3 430.5 427.8 430.4 440.8 452.1 460.4 467.5 472.1 478.1 484.1 486.4 485.5
320.8 318.5 314.3 311.9 308.4 306.9 308 306.5 306.2 306.3 305.2 309.2 311.8 319.7 331.2 344.3 355.2 363.7 370.4 378 384 386.5 375.4 359.4 344.6 331.4 320.5 311.7 301 309.1 317.4 327.2 336.3 344.2 353 363.1 374.4 384.9 395.5 404.4 410.4 409.7 401.9 392.5 378.1 362.1 344.6 324.4 303.1 283.9 273 266 268.7 272.4 284 295.2 308.6 327.1 348.3 364.5 380.5 394.5 409.4 415.9 416.5 415.9 416.9 416.3 422.7 435 444.4 455 466.6 473.4 479.5 486 486.1 484.2
322.8 318.6 317.3 311.3 310.9 307.7 304.4 303.7 302.4 300.4 296.6 302.4 303.7 308.2 313.4 325.5 337.2 345.6 350.4 358.5 362.3 366.3 360.4 351.2 338 326.5 317 308.8 297.7 301 309.4 318.3 326.2 334.4 343.7 355.3 366.9 377.5 387.9 396.3 400.8 398.3 391 380.7 366.6 352.2 335.7 317.7 294.4 278 268.7 266 269.8 278 288.9 301.5 318.2 334.6 352.3 365.6 377.2 389.2 397.7 400.7 400.2 401.3 402.6 405.6 413.3 425.9 436.3 449.5 462.3 473.1 480.8 485.9 486 482.1
328.7 324.3 317.2 321.8 315.3 313.3 311.6 303.5 302.9 300.8 301.3 295.6 297.3 299.5 301 306.3 318.7 327.3 335 340.1 345.4 347 345.8 340.5 329.9 320.6 313.1 305.2 294.2 292.7 302.3 309.5 317.9 326.2 335.2 347.1 359.2 370.1 380.3 388.1 391.8 385.4 379.7 369.4 356.2 342.6 327.7 309.4 287.6 272.7 264.6 267.9 275.5 284.9 294.9 310.3 326.2 341.4 353.6 363 372.9 380.8 386.5 388.1 388 389 384.8 398 405.2 416 427.9 442.2 455.9 469.2 476.5 479.4 482.3 473.6
339.1 330.9 324.5 320.3 317.7 316 312 310.1 308.1 303.1 301.2 297 292.8 294.5 295.2 296.9 299.5 310.2 316.6 319.9 322.6 329.1 329.3 327.4 321.7 314.6 308.3 299.6 291.5 285 294.5 301.5 308.9 317.1 326.6 338.1 350.1 362.2 372.3 379.7 379.5 375.5 368 356.8 346.6 331.8 316 298.3 280.6 268.6 263 273.1 280.7 289.8 303.1 319 332.6 344.2 353.3 359.6 366.4 372.7 375.8 376.6 377.2 372.3 383.3 389.4 397.6 408.1 420.6 433.4 449.5 463.7 468.7 468.3 466.9 460.4
355.6 347.8 336.2 325.2 319.9 316.6 312.8 310.5 308 304.3 301 299.3 295.1 290.1 292.2 291.4 293 294 300.2 304.2 307.5 313.5 317.4 316.8 313.8 309.1 303 295.8 287.6 277.3 287.7 293.1 300.1 307.9 317.5 328.5 339.7 351.7 362.1 369.6 369.7 366.8 358 348.5 335.4 320.7 305.4 289.9 272.7 263.9 264.2 275.6 283.7 295 308.7 324.5 335.9 343.9 350.1 355.6 360.6 363.1 366.1 367.1 363.7 369.6 376.9 382.6 391 400 412.7 427.9 442.7 453.4 458.6 457.2 453.7 451.1
373.7 363.1 350.2 340.6 331 323.6 318.6 314.7 311 307.3 303.1 303.8 300.9 293.4 289.3 289.5 288.5 288 288.6 293.6 296.8 303 306.7 308.1 307.4 304 298 291.8 285.6 275.9 280.7 285.9 293.1 299.2 308 318.9 329 340.1 351.9 359.8 359.1 356.2 347.6 336.4 323.4 310.1 296 281.2 269.7 262.4 270.9 278.6 287.4 298.6 314.1 327.5 335.9 340.7 345.4 349.6 352.7 354.6 356.4 356.2 356.6 363.6 370.2 376.3 383.5 392.9 404.5 418.6 431.3 444 447.6 444.9 443.4 443.7
390.2 378 367.9 357 346.7 337.9 328.8 320.7 315.1 312.7 309.6 304.4 299.9 295 290.1 285.1 286.2 285.1 283.7 283.4 286.3 292.8 297.8 301.3 301.5 298.3 293.4 288.2 281.9 275.1 273.1 279.8 284.2 291.3 299.2 308.4 317.3 328.8 341.5 349.3 348.7 342.9 333.8 322.6 310.7 299.2 286.4 274.3 264.7 262.3 272.6 280.4 291.2 303.8 317.3 327.5 333 337.2 341 343.7 344.7 346.9 345.7 342.2 352.7 359.4 364.8 369.7 377.1 386.7 396.3 408.1 422.2 432.5 437.2 433.1 433.3 436.1
415.3 396.9 382.9 372.4 360.9 353 345.1 337.8 328.1 319.6 312 306.6 302.2 300.2 296.3 293.1 283.7 282.9 280.8 278.6 280.2 284.5 291.5 294.9 295.4 293.3 288.7 283.7 277.9 269.3 269.9 272.5 276.5 283 290.8 299.6 307.5 316.7 327.1 335.2 335.9 328.7 321.4 310.7 299.2 287.7 276.7 269 256.6 264.7 272.1 284.1 294.1 306.9 319 326.7 330.8 333.8 336.9 337.5 338.3 336.4 336.6 340.7 343.9 350.9 353.2 360.6 368.5 380 385 397.1 410.3 421.2 423.8 423.8 430.7 438.9
437.2 416.2 399.5 386.4 374.8 364.9 356.2 348.7 341.6 333.8 324.6 311.5 309.6 308.2 303.6 296.9 292.2 288.6 283.6 280.3 277.7 277.2 287 289.3 289.5 287.6 284 278.8 273.8 267.1 265.4 267.5 271.5 276.8 283.1 289.4 296.8 303.8 311.9 319.4 320.3 315.3 307.6 298.7 288 276.7 269.9 264 255.9 266.6 274.6 286.3 297.5 310.1 319.3 325.1 328.6 331 330.8 330.5 329.6 330.8 344.7 349.1 355.2 359.4 365.5 371.6 373.9 373.4 381.2 389.2 397 409.3 422 431.2 439.7 449.1
456.2 436.7 417.5 402.6 388.8 377.9 368.3 359.8 351.2 341.8 334.4 327.7 321.1 313.8 307.7 301.7 297.9 292.4 288.9 287.5 284.6 277 278.3 283.8 284 282.6 278.9 274.6 269.7 266.1 261.1 263 266.1 270 274.1 280.6 287.3 293.6 299.1 303.7 304.5 302.1 294.4 287 277.5 269.9 265.2 259.5 257.7 268.7 278.4 289.4 299.9 311.5 318.6 324 326.8 326.8 321.4 326.5 334.2 341.9 348.9 355.9 362.2 365.6 372.1 378.4 384.9 389.7 393.3 405.2 413.7 425.2 435.1 445.1 454.8 464.5
471.8 453.2 435.5 419.1 404.1 392.7 380.6 370.3 361 352.8 344.3 337.2 330 322 313.2 307.7 303.2 299.1 295.2 291.7 288.5 283.7 274.6 277.4 276.9 276.5 274.1 271.7 269 265 260.8 259.3 261.3 263.8 266.7 270.6 276.2 284.1 288 291.5 292.7 289.1 281.9 275.2 269 266.9 259.5 253.5 259.1 269.9 282.4 291.8 300.3 310.6 318 322.2 323.8 317.8 324 332 339.3 347 355.4 364 371.5 375.2 383.1 390.4 398.1 405.8 413.3 423.1 431.9 441.9 452.9 465.6 475.5 481.2
489.1 468.5 450.6 435.1 420.1 407.1 394.8 384.7 373.4 363 353.4 345.7 337.2 328.9 320.4 314.3 310.4 305.6 300.3 295.6 291 286.1 280.1 273.7 265.9 266.9 267.8 268.9 266.9 263.4 260.4 256.8 258.6 259.9 260.3 263.1 265.8 270.1 275.8 278.4 277.5 275.5 271.4 267.4 263 262.5 251.8 257.9 266.1 272.1 273.6 290.1 301.4 310.6 316.3 320.1 314.2 321.2 329.5 336.2 345.4 354.5 365.7 375.3 382.1 389.4 398.7 407.9 415.2 425.8 433.1 444.2 453.7 465.1 475.5 487.3 493.7 498.3
506.4 484.6 466.7 450.2 438.3 424.1 413.2 401.7 389 375.6 363.8 353.6 344.5 334.9 326.3 327.5 317.6 308.7 305 300.5 294.8 291.3 286 280.1 274.8 270.3 266.4 261.1 259.9 258.6 255.6 254.9 256.1 256.2 256.5 257.9 260.6 263.6 265.7 267.7 268.9 269 265.9 262.1 257.2 254 255.2 263.4 273.1 281.9 288.9 290.9 294.8 306 308.6 308.2 317.2 324.8 333 342.8 352.2 363 376.4 389.1 397.4 408.7 414.8 424 436.2 448 456.4 466.8 480.8 489 497.5 504.4 507.8 511.3
522.1 504 485.7 468.6 456.4 445.6 434.9 420.6 407.6 392.8 376.3 363.4 352 342.5 335 333.9 321.2 314 309.5 304.8 300.9 296.9 292 286.5 280.7 275.8 271.3 268 265.6 261.5 258.4 254.8 253.7 254.1 254 253.4 256.7 260.2 261.1 263.7 265.5 265.2 262.6 256.3 250.6 252.6 262.3 270.3 279.9 287.1 294.9 301.5 306.6 307.1 310.7 317.7 323.7 330.3 339 350 359 369.5 385.1 400.8 410.2 420.1 425.1 433.7 446.7 462.3 474.4 487.1 496.5 506.2 510.6 515.5 519.2 515.9
525.4 518.4 507.6 491.8 478.9 468.8 456 443.4 426.4 410.3 393.9 376.9 361.4 353.1 343.3 337.8 326.1 319.6 314.2 310.1 305.2 301.1 296.7 291.8 285 280 275.2 270.3 267 263.3 258.3 254.1 251.9 253.5 253 252 251.5 252.5 256 257.7 258.5 257.8 255.8 251.2 250.3 257.5 268.2 276.6 286.5 295.2 301.6 307.5 312.3 317.5 321.9 325.1 329.6 336.3 346 355.6 364.8 376.5 391.3 404.5 414.3 421.6 428.3 435.5 450.3 467.1 483.3 494.2 503.9 513 520.7 523.2 520.5 517.6
522.6 516.8 511.8 504.2 496.9 487.7 476.3 464.1 449.8 429.4 410.2 389.1 372 361.6 352.8 343.2 334.3 326.1 319.2 314.5 310.1 305.4 300.9 295.7 291.2 284.9 279.1 272.5 267.5 262.9 257.8 254 252 252 252.2 251.4 250.7 250 251.3 251.7 252.4 251.6 250.4 247.2 252.9 264.1 273.8 283.8 293.8 303.7 309.4 314.6 319.2 324 329 334.2 337 343.5 351.2 359.8 369.7 381 392.4 404.4 413.2 420.2 426.4 436.3 450.2 467.2 479.4 488.5 501 516.4 523.6 522.2 521.1 523.9
517.9 514.1 507.6 503.5 497.2 490.4 482 471.3 459.5 442.7 421 400.6 382.1 368.1 358.6 351.5 339.7 333.2 325.2 320.1 315.3 309.1 304.3 300.3 297.4 291.4 284.6 277 268.4 263 258.2 253.2 251.5 250.8 251.2 250.5 249.8 249.1 248.5 248.2 248.8 248.9 247.9 249.3 257.6 269.5 280.3 292 301.4 310.1 316.7 321.9 326.5 331.8 336.5 341.5 345.3 350 354.9 362.7 371.5 382.5 393.8 402 409.7 415.3 422.9 434 449 461 469.2 479.3 495.4 510.4 519.4 523.1 524.5 526
506.8 505 499.8 494.9 490.7 485.1 478.9 470 459.4 446.7 430.2 408.3 389.8 376.2 361 355.2 349 340.7 332.6 325.7 321.1 313.8 310.7 307.1 303.2 296.6 289.2 281.1 271.1 263.6 256.9 252.2 250.9 250.3 250.1 249.5 248.9 248.2 247.7 247.1 246.7 246.5 246.7 251.1 262.3 274.1 286.4 300.3 309.8 318.6 324 329.3 334.6 340 344.5 348 352.3 355.5 358.2 365.1 372.4 381.1 390.1 397.6 404.8 409 417.3 429.5 443.3 451.5 459.1 469.7 484.4 500.7 514.3 523.4 525.8 528.8
494.5 490.9 487.2 481.8 480.9 476.7 471 465.9 456.2 445.9 432.2 412.9 398.3 373 372.3 362.9 353.9 346.1 339.2 331.9 324.9 322.5 317.9 314 308.7 301.3 293.9 284.7 273.2 264.8 256.6 251.1 249.8 249.1 248.7 248.2 247.7 247.4 246.8 246.3 246 245.7 247.2 253.7 264.7 277.6 290.9 306.2 318.1 326.2 333.5 339.2 345.2 349.6 354 357 358.9 361.7 363.7 365.9 372.8 379.7 386.8 393.2 399.9 405.8 414.8 425.1 435 442.8 452 461.7 477.8 495.7 512.2 521.8 527.7 531.5
479 475.1 469.1 467.8 466.9 466.3 462.7 459.3 454.2 445.3 435.9 420.4 393.6 386.7 381.3 370 360.3 352.6 346.1 336.4 334.4 329.1 325 321.2 313.9 306.6 297.7 289.1 277.7 265.5 255.6 249.6 248.6 248.2 248 247.6 247.2 246.4 245.9 245.8 245.5 245.2 247.5 256.9 267.5 279.3 296.5 311.9 325 334.7 343.5 351 357.1 361.3 364.1 366.4 366.1 367.7 369.5 371.3 374.1 379.3 385.3 391.8 398.5 405.6 414.3 422.4 429.8 437.1 446 459 478.8 496.9 513.3 524.3 531.5 533.8
465.8 459.7 454.8 454.3 456 456.8 454.7 452.9 448.9 443.6 431.5 418.5 408.8 400.8 389.5 378.6 368.7 360.2 347.8 346.7 340.7 336.6 332.5 327.1 320.4 311.7 302.6 292.3 277.5 264.7 254.9 249.2 247.3 247.5 247 247.2 246.4 245.4 245.1 245.3 245.4 244.9 247.3 258 269.7 283.2 301 318.6 331 343.5 354.1 362.1 370.2 372.7 374.5 376.3 374.4 373.5 374.7 376.4 378.8 381.6 386 392.6 399.4 406.9 414 421.4 428.2 435.1 449.2 466 483 499.8 514 524.6 529.4 531.1
452.3 447.2 446.4 446.4 447.4 447.9 446.8 447.4 446.9 441.4 437.8 429.7 420.8 409.8 398.6 386.3 373.2 364.1 360.5 354.8 349.2 344 338.4 332.5 325 316.1 305.3 291.8 277.8 264.4 254.3 248.5 246.2 246.2 246.2 246.3 245.9 244.9 244.7 245.1 245.4 244.7 246.9 257.3 269.4 285.8 305.7 323.3 337 351.9 363 371 377.9 378.3 382.9 385.6 382.7 380.7 379.2 380.2 382.3 384.8 388.7 395.6 403.9 409.9 416.8 423.9 430.2 440.2 455.6 474 487.3 499.9 512.9 520.9 525.3 531.1
439.6 437.8 436.1 436.9 438.5 441.1 442 444.8 446.1 446.9 445.4 439.4 431.2 419.8 407.3 394.8 383.4 376.2 368.6 363 356.4 350.4 344.4 337.2 329 318.8 305.5 291.7 278.1 264.5 254.8 247.6 246 244.1 245.5 245.3 245.1 244.6 244.2 244.6 244.9 244 247.3 257.4 269.5 287.2 310.5 327.2 340.3 354.5 367.5 377 380.5 380.9 387.5 389.7 389.1 383.2 380.9 381.6 383.8 387.4 391.9 399.4 408 413.8 420.5 427.9 437 447.2 461.8 475.9 488.4 498.8 510 518.4 526.2 534.5
427.2 425.7 427.4 429.1 433.7 438.5 445.3 451 454 455.6 453.6 448.4 440.7 429.9 419.4 406 392.9 384.8 376.9 369.4 362.6 356.1 349.3 340.3 330.9 321.8 309.7 293.7 278.9 264.8 254 246.6 244.9 245.9 244.6 244.5 244.1 243.8 243.6 243.7 242.6 244.5 248.8 257.6 268.9 286.6 310 327.2 341.1 355.1 368.5 379.7 380.4 379.9 382.9 387.3 386.8 382.4 380.8 381.2 384 388 393.7 401.7 409.7 417.4 425.3 433.9 443.7 454.4 466.8 476.9 487.7 498.1 508.3 517.1 526.1 532.8
417.3 417.6 420.9 424.3 429.7 440.1 448.3 454.3 459.9 463.2 460.8 455.3 451.3 443.4 431.2 417.1 403.3 392.2 384 375.6 368.5 361.3 352 342.8 332.7 323.4 311.4 297.5 277.9 264 253.8 246.6 244.2 245.1 244.3 243.7 243.6 243.4 243.3 243.6 243.9 244.1 248.2 256.8 268.5 286.3 309 326.7 340.4 354.4 370.6 378.4 379.9 377.5 376.4 379.4 379.7 380.8 380.5 379.7 381.4 388.1 394.9 401.9 411.2 421.6 430.8 438.4 448.2 459.4 470.2 477.5 486.4 496.8 505.5 512.7 519.5 526.9
408.9 409.7 415.4 421.5 428.3 438.3 449.1 457.8 464.7 469.3 469.5 465.7 463.2 456.1 446.4 432.2 416.6 401.4 391.4 384.3 375.6 366.9 355.7 345.3 335.3 324.1 313.3 295.3 277.3 263.6 253.2 246.3 243.8 243.8 243.5 243 242.7 242.7 243 243.5 243.4 243.6 247.3 256 268 289.1 309.1 326.3 338 354.4 368.6 375.6 375 371.3 370.1 371.9 374.4 377.4 377.3 376.8 379.6 386.6 393.7 401.8 411.8 422.5 432.1 440 450.1 459.3 468.6 475.7 484.7 493.5 500.4 504.6 511.6 517.2
399.9 403.2 411.2 418.5 426.2 434.3 448.5 459.7 467.4 473.1 474.8 475.5 471.8 466.9 457 444.7 428.6 413.5 402.2 394.8 384.6 373.4 361.3 348.9 335.6 323.5 310.5 290.5 273.9 260.7 251.2 245.4 242.7 242.3 242.1 241.9 241.9 242 242 240.1 242.8 243.1 247.5 257.8 270.8 289.3 308.6 323.7 334.7 349.2 362 366.4 366 364.5 363.5 365.3 367.8 370 370.1 372.8 378.1 385 393 401.3 411.6 421.9 431.6 439.9 450.9 459.2 465.9 473.6 481.5 488 493.8 497.4 501.9 506.1
390 398.5 406.7 415.1 422.5 430.8 445.4 458.1 467.3 476.3 481.3 483.1 479.6 475.4 465.1 451.5 438.6 425.7 414.7 405.4 393.4 378.4 366 351.1 334.2 319.7 306 286.4 271 259 248.9 243.7 242.5 241 241.1 241.2 241.3 241.7 242.1 242.5 242.3 242.6 248.9 258.3 273.4 291.1 310.5 322.9 332.6 342.5 351.7 355.9 356.4 357.1 357.1 358.6 362.6 365.3 366.3 370.1 376.1 383.5 391.4 400.3 410.1 420.4 429.5 440.9 453 459.5 464.7 470.6 475.9 483.1 488.6 491.6 495.6 498.4
386.4 394.9 403.6 411.7 419 428 441 453.2 467.2 479.2 485.4 487.8 487.5 484.5 475.8 462.8 448 435.3 425.8 410.5 397.7 385.1 372.4 352.7 334.1 318.9 305.2 285.3 272.3 257.9 247.6 242.6 240.8 240.6 240.4 240.4 240.7 241.4 241.8 241.8 242 242.8 250.8 261.1 276.8 294 312.3 323.6 330.8 338.3 344.3 347.4 349.3 350.9 352.3 354.7 357.8 359.9 361.9 367.2 373.6 381.7 390 398.4 408 418 428 440.9 449.3 455.8 461.3 465.6 469.6 476 483.7 485.5 488.2 492.4
381.3 390.6 400.8 409.7 417.2 425.1 437.4 452 467.6 479.3 487.7 493.4 494.7 495.7 486.3 472.9 456.6 440.2 429.4 417.1 403.5 389.8 370.5 352 334.1 317.7 300.7 285.2 272.9 258.2 247.2 241.7 240.2 239.9 239.7 239.9 240.3 240.9 239.2 241.7 242.2 243.2 251.7 263.8 279.5 297.9 313.3 320.9 326.6 333.2 338.9 341.5 343.4 346.1 348.6 350.6 353.4 355.7 358.9 364.5 371.3 379.2 387.2 395.6 404.9 415.3 427.2 435 441.4 449 458.7 461.7 463.3 468.2 475 479.1 481.9 485.5
377.3 387.1 398.4 407.7 416.6 423.9 437.3 453 467.6 479.5 489.6 493.9 494.6 493.9 483.8 472.5 460.1 444.1 432.9 421.3 406.3 390.6 369.9 350 333.4 315.3 299 286.5 273.5 257.4 245.7 240.9 239.2 239.1 239.2 239.3 239.9 240.4 240.5 241.2 241.6 244 253.3 266.5 283.6 303 313.8 318.3 322.9 329.2 333.3 335.9 338.6 341.2 343.8 346.6 349.3 351.8 356.4 362.1 369 376.7 384.7 392 401.4 411.5 420.5 428.9 436.2 442.7 451.6 456.3 458.1 462.5 470.1 474.2 477.2 481.4
373.2 384.3 396 407.8 416.5 426.9 441 456.4 467.3 480.6 494 495.4 493.6 490.9 482.1 474.3 460.7 445.5 434 420.4 405.6 389.6 365.3 350.2 331.5 315.1 300 285.6 271.5 256.8 244.8 238.8 238.5 238.6 238.7 238.7 239.2 239.8 239.9 240.3 241.5 245.9 255.6 268.9 286.1 304.8 315.6 317.8 321.4 325.8 328.6 331.4 334.6 337.4 340.3 343.2 345.8 348.7 353.7 359.9 366.8 373.9 380.8 388.4 397.7 406.1 413.9 423.2 431.1 436.8 444.9 449.5 454 458.8 465 469.9 473.1 477.2
369.2 382.7 395.5 408.7 418.9 432.3 447.2 461.2 468.5 480.5 494.3 493.5 493.5 488.7 480.7 470 459.3 446.1 434 421.2 405.6 386.6 365 350.5 335 317.5 300.1 286.1 271.3 255.8 244.6 238.2 238.1 238.1 238.2 238.2 238.5 239.5 240.1 240.2 241.8 248.7 258 270.7 288.5 307.1 316 317.2 319.5 322.9 325.9 328.8 331.2 333.9 336.8 339.6 342.3 346.1 351.1 357.3 363.4 369.9 377.2 384.8 393.5 400.7 408.4 418 426.2 433.6 443 452.2 458.6 462.3 466.2 469.4 471.5 478.3
366.2 379.6 394.4 410.5 424.2 438.7 451.8 465.2 470.8 478.7 488.4 491.8 489.5 483.5 472.6 465.2 455.5 442.3 431.9 419.1 404.2 383.9 367 349.4 331.4 315.8 299.3 286.6 269.8 255.3 244.9 239.1 237.7 237.7 237.7 237.7 238 238.9 239.9 240.7 245.5 252.2 260.5 273 291.1 308.6 311.3 312.1 316 319.1 321.9 324.5 327.4 330.5 333.3 336.1 339.7 343.6 348.4 354.5 360.6 367 374 381.2 388.6 395.4 403 414.6 423.4 433 445.5 454.9 460.4 463.4 468 471.9 477.2 482.4
