data/260000-610000.asc
ncols 200
nrows 200
xllcorner 260000
yllcorner 610000
cellsize 50
[rows 0 to 34 of 200, columns 78 to 155 of 200]
270 270.9 268.1 271.6 272.9 273.8 274.1 274.2 273.7 270.9 266.1 262.3 259.8 265.2 271.3 274.5 277.5 279.9 281.3 280.6 280.6 280 280.6 281.1 281.9 283.6 286.9 287 288.1 289.2 290.1 290.6 291.5 292.4 292.9 292.6 293.8 293.7 293.9 294.5 294.7 294.6 294 293.3 290.4 289 289.1 287 283.7 278.7 282.4 279.4 281.6 280.6 281.1 276.7 283.7 284.9 287.1 289 290.3 290.9 293.9 297.4 293.4 308.4 312.8 317.3 321.6 324 327.9 330 333.7 337.7 339.8 341.4 343.6 346
264.6 264.5 265.5 268.5 269.3 270.6 272.4 271.3 270.2 267.1 262.7 260 260.5 265.6 271.6 273.6 275.9 278.2 279.8 278.2 275.8 274.4 277.3 278.1 278.7 280.2 282.7 283.7 284.5 285.3 287.3 288.6 289.6 289.9 289.9 288.7 287.7 287.1 286.7 286.8 286.6 286.8 286.6 284.9 282.3 280.9 276.1 272.3 249 255.8 271 268.5 268 270.9 274.9 272.5 275.6 279 280.2 280.9 282.1 283.9 286.8 287.1 285.8 296.4 301.7 307.3 310.8 313.7 319.7 320.5 325.3 330 332.7 335.8 337.8 339.6
260 260.1 262 265.8 267.6 269.2 270.5 270.5 270.4 268 263.2 259.8 260.7 265.6 270.9 271.1 273.4 274.7 275.8 274.9 271.5 270.8 273.3 274.7 275.4 276 278.4 280.1 280.9 281.6 283 282.2 285.2 284.1 282.7 280.6 278 276.5 275.3 271.3 265.4 261.7 274.2 271.6 262.1 257.4 253 249.1 251.2 249.1 254.1 251.9 252.6 256.9 261.6 266.4 262.6 272.3 272.6 271.9 274.5 275.9 279.8 278.8 278.3 284.9 289.1 293.2 297 304.4 303.8 310.5 312.3 317.1 323.1 326.6 330.4 333.4
260.9 261 260.6 263.2 265 266.6 268 270.1 270.1 268.6 264.9 260 261.3 265.4 268.3 269.7 269.9 271 272 272.5 271 269.7 269.7 271 272 272.6 274.2 276.4 277 277.8 278.3 278.5 277 276.1 276.2 273.7 265.7 263.6 264.7 248.7 244.9 244.6 249.8 248 248.5 248.8 249.1 260 266.3 257.2 253.4 257.4 257.2 258 254.2 254.4 254.5 254.5 259.7 263.7 266 267.1 269.1 271.1 273 273.1 277.5 281.5 284.8 288.2 289.6 296.6 300.8 305.3 311 317.7 320.4 325.6
258.6 260.8 260.9 260.6 262.4 263.9 264.9 267.5 269.3 268.9 265.3 262.9 255.2 264.5 265.2 265.8 266.2 267.6 268.8 269.2 268.6 266.1 265.9 267.7 269.6 269.1 271 272.5 273.1 275.8 276.5 270.6 267.9 264.7 261.2 263.7 249.8 247.8 245.9 246.1 248.4 248.7 246.7 248.6 258.1 261.2 268.1 270.3 273.9 274.1 272.3 272.2 271.6 271.1 270.7 269.3 263.2 255.1 256.6 258.7 258.7 259.9 261.8 264 266.2 265.2 269.2 273 275.5 278.2 281 286.7 291.8 297 300.6 309.5 313.7 317.3
254 254.9 256.3 257.2 259.1 260.2 261.9 263.6 264.3 264.2 263 261.3 250.8 259.6 261 261.9 262.8 263.8 265.4 265.3 265.1 263 262.5 264.6 265.1 265.9 266.7 267.7 269 269.5 262.6 259 257.3 247 241.4 240.6 239.9 242.9 242.6 248.4 253.5 259.6 261.2 261.9 266.6 269.6 275.4 277.2 278.4 278.5 279.2 278.2 277.1 275.6 275.1 272.9 270.3 262.8 256.6 257.6 257.7 258 259 259.7 260.5 260.9 263.4 266 268.4 269.9 272.5 277.7 285 287.5 294.2 300.7 305.7 308
248.2 250.1 251.2 252.8 254.2 256 257 257.6 258.8 257.6 258.2 256.5 241.6 253.8 255.6 257.4 259.8 260.2 261.4 261.5 261.2 260.4 259.7 260.7 260.4 261.5 261.9 262.9 262.7 250.7 236.6 238.1 242.3 238.4 240.2 244.4 247.6 241.1 244.7 258.4 263 266.4 268.7 271.6 273.4 269.7 280 282.2 284.3 284.8 284.5 283.6 282.4 280.8 279.3 277.6 274.1 270.4 260.9 256.8 257.4 257.7 257.6 258.5 259.6 259.7 261 263.5 265.2 262.2 261.8 265 268.4 272.4 282.7 290.4 294.3 296.6
245.1 246.5 247.6 248.8 249.8 251.4 251.9 251.7 252.1 250.7 249.3 248.1 240.1 247.6 250.9 254.5 257 258.4 258.3 258.6 257.4 256.6 256.7 257.1 256.5 255.6 252.1 247.3 240.2 235.7 245.5 247.4 239 239.3 255.3 259.6 261.5 255.3 258.4 268.7 273.2 276.2 278.8 279.2 281.2 281.4 279.4 283.8 288.6 290.1 289.8 289 287.2 285.2 282.8 280.2 277.7 272.6 265.9 261.5 258.6 262.6 265.4 267.5 269.1 262.7 259.2 259.6 262.7 267.2 269.5 270.1 269.6 265.2 270.1 276.4 284.1 284.6
240.7 243.2 244.3 245.5 246.5 246.7 246.9 247.2 247.7 246 243.4 240.8 239.3 244.4 250.2 253.2 255.4 256.4 256.4 256.7 255.5 254 253.2 253.1 252.6 251.5 239 235.4 236.8 256.2 260.9 261.9 254 251.3 261.4 265 267.8 268.7 272 277.5 280.5 283.1 285.6 286.6 287.4 287 280.1 285.7 291.2 291.9 292 292 290.7 288.6 286.1 282.6 279.1 274.8 270.2 270.6 266.8 271.2 273.1 274.1 275.7 275.9 274 271.1 269.8 270 272.5 275.4 279.3 281 272.9 267.3 265.2 268.7
235.7 239.3 240.6 242.5 243.6 242.5 242.1 242.9 242.3 242.4 238.7 238 238.1 245.2 250.6 250.8 255.2 254.1 254.6 254.8 254.1 253.8 249.6 250.8 250.9 236.4 233.6 244.7 263.8 263.8 265.4 266.3 265.2 264.1 267.6 269.6 273.7 277.2 280.7 283.8 286.4 288.8 290.3 291.7 292.4 291.8 289.9 290.5 291.1 291.2 291.5 293.4 294.1 292.2 289.4 286.3 283.2 279.8 275.1 274.2 272.6 274.3 278.9 279.9 281.2 282.5 282.9 279.7 274.8 269.4 274.5 277.7 281.8 283.1 281.8 279.7 276.1 268.1
229.9 221 226.4 233.3 238.5 238 238 239.5 236.6 234.7 232.9 237.3 240.7 247.2 251 252.4 253.4 251.9 252.1 252.3 253.2 253 249.9 251.2 246.7 230 233.2 245.1 260.1 262.6 265.9 267.1 270.3 269.2 273.4 277.3 281.2 283.3 285.7 288.4 290.7 290.5 292.5 295 296.2 295.1 290.5 289.3 291.1 291.1 293 295.5 296.5 296.5 294 290.9 287.8 285 281.1 281.1 279.5 280.3 284.6 286.4 288.2 288.7 287.7 285.1 280.2 275.5 277.9 282 285.3 286.9 286.5 284.4 280.6 274
218.2 218.6 218.2 218.7 231.8 233 233.9 230.5 232.1 232.1 239.1 240.9 241.6 246.3 250.1 251.5 250.4 248.5 249 249 249.7 250.7 247.8 235.9 229.7 231.9 244.2 251.8 256.8 261.2 265.1 267.9 271.5 274.9 279.9 280.8 284.3 287.6 289.8 290.8 291 292 294.2 296.5 298.6 298.1 294.5 291 291.4 292.6 294.9 297.5 299.5 300.6 298.7 295.7 292.9 290 288.5 288.2 285 284.7 288.8 293.2 295.3 295.4 294.4 289.8 285.6 279.5 283.3 287.3 289.5 291.4 291.4 288.7 285.9 281.7
225.2 223.8 224.1 218.3 220.7 231.9 226.5 229.1 225.3 230 237.1 241.7 242.5 245.9 248.8 247.5 246.3 245.7 244.9 246 245 243.2 239.7 229.9 238.3 242.2 251.3 254.7 257.2 260.6 264.8 268.1 270.4 275.6 279.2 283.4 288.4 291.3 291.6 291.8 292.3 294.2 296.4 298.3 298.8 296.6 294 292.2 293.1 294.2 295.3 296.3 299 301 301 299.2 297.1 295 293.5 290.6 289.6 291 293.3 298 301.1 302.6 302.3 299.3 292.4 284.4 285.1 290.2 292 296.1 298.3 296 293.2 288.7
232.1 232.7 232.4 219.1 219 224.1 231.4 218.8 220.2 221.7 227 236.7 241.2 244.5 244 242.8 239.4 242.1 241.8 242 240.2 234 231.5 235.8 248.7 251 253.7 255.6 257.7 261 264.8 268.1 272.4 278.2 284.4 289.8 291.9 293.1 293.4 293.2 294.3 296.1 297.1 298.1 298.9 298 295.9 294.8 294.6 295.8 296.8 297.9 298.4 300 300.5 301 299.7 299.4 297.2 295 295.4 296 297.9 302.7 306.2 308.8 309.5 307.4 301.8 293.7 289.3 289.1 291.6 299.1 300.9 301.6 299.6 296.2
234.2 235.7 234.6 219.1 218.4 219.1 219.5 220.7 220.5 219.5 224.4 225.5 231 238.7 239.6 229.4 225.7 228.5 237.1 234.9 229.9 230.7 235 247.2 249.8 251.8 255.1 257.1 259.2 260.7 265.1 268.7 273.4 279.5 286.8 291.5 293 294.5 294.7 294.4 294.9 295.9 296.9 297.9 298.7 298.8 297.8 297 296.4 297.2 298.4 299.5 300.7 300.5 300.6 300.9 301.6 301.5 300.8 299.3 300 300.4 301.2 306.3 310.2 313.2 314.5 312.7 310.1 303.8 296.6 294.2 297.3 299.6 302.5 303.8 304.3 302.2
234.6 236.5 236.2 219.6 218.6 219.1 219.9 222.6 223.3 225.5 225.6 224.2 225.2 227 227.3 229.6 236.8 232.6 227.8 228.6 232.1 242.8 243.1 248.6 251.7 253.2 255.7 257.7 259.7 261.5 265.1 268.8 273.5 279.9 286.3 291.2 293.5 294.7 294.1 294.5 294.8 295.7 296.7 297.6 298.3 298.6 298.6 298.8 298.5 297.9 299.8 300.8 300.4 301.2 302.1 302.6 303.2 304.4 304.3 302.8 304.2 304 304.6 309.4 313.8 317.7 319.4 319.4 317 312 305.8 302.5 302.2 303.8 305.4 307.4 308 307.4
234.4 235.4 235.4 219.9 220.3 219.9 222 227.7 230.5 231.7 232.2 227.9 226.4 225.1 224.6 225.3 229 238.4 244.1 245.2 246.8 246 249.2 251.8 253.1 254.5 256.3 258.7 261.3 263.4 266.7 270 274 279.8 285.4 290.1 291.9 292.8 293.6 294.6 294 295.6 296.4 297.1 297.8 298.4 298.6 298.8 299.1 299.4 300.3 300.8 301.6 302.5 303.4 304.2 304.8 306.6 307.6 308.2 308.5 308.4 309 309.8 314.3 320.5 321.1 323.2 320.7 317.4 313 310.5 307.6 308.5 310 311.3 312.3 311.8
234.4 234.9 234 222.1 220.6 222.2 225.6 231.1 234.6 236.9 236.9 235.2 233.7 232.9 225 228 225.8 226.9 235.3 246.9 247.7 245.1 248.7 249.4 251.5 253.7 256.2 259.4 262 264.2 267.6 271 275 278.2 282.3 286.9 289.1 289.3 291.5 292.6 292.3 293.6 294.9 295.8 296.7 297.6 298.3 298.6 299.7 300.6 300.3 301.9 303 303.9 304.7 305.6 306.6 309.4 309.2 310.5 310.9 314.5 316.5 317.9 319.3 319.2 321.8 325.3 324.9 322 319.6 317.4 315.5 315.4 314.8 315.9 317.3 316.9
234 234.4 233.9 230.8 225 226.4 229.7 232.2 236.9 240.2 240.8 239.2 240.2 239.9 238.6 228.6 227.4 228.2 228.8 242.2 244.9 243.2 244.5 247.2 249.8 252.4 255.5 258.1 260.7 263.5 267.6 271.3 274 277.1 279.5 280.6 282 280.1 280.3 286.2 289.3 291.1 292.8 293.7 294.3 295.3 296.3 297.6 299 301 301.2 302.9 304.2 305.1 306.1 307 308 309.2 312.3 315.4 317.3 319.5 320.9 322.1 322 323.8 325.2 327.4 327.7 327.8 325.8 323.2 323.7 321.8 320.3 320.8 320.7 321.9
230.2 232 232 231.1 228.8 228.5 229.9 232.7 236.5 239.9 244.7 245.8 244.4 244.4 243.7 241.3 229.1 228.2 228 234.3 241.1 242.4 241.1 246.3 248.6 251.1 253.7 256.4 259 262.2 266 270.1 272.1 273.7 275.8 276 274.4 271.9 275.4 279.6 284.4 288.5 290.7 291.2 292.4 293 294 295.8 298.7 300.8 302.1 303.9 305.5 306.4 307.3 308.4 309 311.3 314.9 318.8 320.9 322.9 325.5 326.3 326.5 327.7 328.9 330 329.9 330.8 331.1 329.9 329.6 328.7 326.7 325.4 324.3 324.7
230.5 230.9 231.3 230.7 229.7 229.1 232.4 235.8 237.5 241.3 247.4 247 248.7 249.5 247.9 246.6 236.4 228.5 228.3 237.2 245.7 246.4 246.8 247 246.4 250.2 252.1 254.7 257.2 259.6 263.5 267.2 269.6 271.2 272.3 272 270.5 269 270.6 275.1 278.1 281.8 285.5 288.3 290.3 290.8 292.5 295 298.1 300.3 302.5 304.6 306.5 307.7 308.5 309.5 310 313.5 317.1 319.8 322.6 325.1 327.5 329.8 330 331.3 332.8 334.4 334.6 335.3 336.1 337.4 336.8 335.3 333.6 332.2 330.6 327.4
231.2 230.5 230.7 230.3 232.5 233.2 236.3 238.1 240.6 247 247.9 248.5 249.9 251.9 251.2 247.2 228.9 228.3 228.7 235.4 247.3 248.9 249.7 250.4 247.5 249.4 250.5 252.9 255.6 259 261.5 264.9 267.2 268.3 268.7 268.1 267.9 267.8 268.4 270.8 271 279.6 281.4 283 289.6 289.7 292.4 295.8 299.5 300.8 303.8 306 307.4 309.1 309.3 310.5 312.6 315.5 318.8 321.4 324 326.6 329.3 331.4 333.5 335 336.5 337.2 338.7 339.7 340.5 340.8 343 341.5 339.9 336.9 333.8 330.3
235.4 231.1 231.6 232.6 235.4 237.8 239.8 242.5 246.4 247.9 248.3 249 251 253.3 252.4 248.6 229.1 228.9 229.1 230 248 250.1 251.4 251.2 249.3 249.1 250.6 251.5 254.5 257.5 260.5 262.6 265.3 266.2 266.4 264.8 262.9 264.4 267.1 269 275.5 279.8 283.4 288.3 291.3 292.5 295 298.2 300.9 302.1 305.1 307.6 309.6 310.7 311.1 313.2 315.2 318.4 320.4 323.7 326.9 330.2 332.8 334.4 336.5 338.6 340.2 341 341.5 339.9 343.6 345.4 346.4 346.5 344.7 342.3 339.3 335.6
239.6 233.2 233 234.9 238 241.1 243.1 248.1 248.7 250.3 251.1 251 250.7 252.8 252.5 250.3 242.9 231 229.1 228.8 229.2 231.4 245.7 251 250.7 251 250.5 251.8 254.7 257 259.2 260.9 263.4 264.5 264.4 263.1 260.9 259.7 263.7 268.4 274.1 278.8 283.1 288.9 292.4 295.5 297 299.7 302.4 304.1 306.5 309.2 313.3 313 313.5 315.8 317.9 321.4 324.4 327.6 330.9 333.9 336.3 337.6 339.4 341.6 343.7 345.1 345.6 347.7 349 348.9 349.8 350.8 350.1 348.4 345.4 341.6
246 236.9 234.1 236.6 238.7 240.8 245.5 249 250.4 251.8 253.1 250.9 249.2 250.7 251.5 249.9 246.3 232.7 232.2 231.6 228.9 228.8 230.3 239.5 249.4 250.9 250.9 252.4 255.4 256.5 257.8 257 259.2 262.7 264.1 260.9 259.3 260.4 263.8 267.9 272.8 277.1 283 288.7 293.9 298.3 299.3 301.6 304.3 306.5 308.7 309.6 312.6 315 316.2 317.9 321 324.9 328.3 331.6 334.9 337.4 339.7 341.2 342.7 345 347.6 348.6 349 352.7 354.1 354.3 355.6 356.3 356.1 354.4 351.2 347.3
246.2 238.7 236.6 239.9 243.3 241.9 244.6 251 252.4 253.8 253.9 251.3 249.4 249.3 248.1 244.7 238 241.9 241.7 238.3 237.1 233 229.5 232.9 236.6 242.3 253.3 254.8 257.2 257.7 257.6 257.1 257.7 257.1 255.1 256.3 260.4 263.1 266.1 268.6 272.9 277.3 282.6 290.1 294.7 299.8 301.5 303.7 306.1 308.3 309.5 311.1 313.5 316.4 319.2 321.7 324.4 328.6 332 335.5 338.5 341 343.1 345.1 347 348.9 351.3 352.7 354.1 356.7 358.1 358.7 359.5 360.2 360.3 358.8 355.8 352.9
244.7 238.7 237.9 240 245 249.2 245 252.4 253.8 255.2 255.2 252.5 250.9 248.8 246.6 240.6 245.1 246.7 247.6 247.2 244.2 235.9 229 229.9 232.9 234.2 235 253.4 257.6 258.3 255.1 244.1 243 251.4 258.5 260.7 263.2 266 268.6 272 275.6 279.2 284.5 290.7 296.2 300.4 302.9 304.8 306.8 309 310.9 311.6 314.5 317.7 320.8 324.4 328.2 331.2 336.7 340.2 342.5 346 348.2 350.6 351.8 354.4 356.1 357.7 359.6 361.2 362.2 362.6 363.5 363.7 363.6 362.5 358.3 357
242.4 238.7 239.2 244.4 249.9 250.9 251.4 250 255.1 256.1 255.9 254.9 253.6 251.3 248.6 245.7 248.8 250.4 251.3 252.5 251.9 245.4 243.8 233.5 233.2 234.2 237.3 236.9 243.8 239.6 239.4 239.1 240.5 242.2 258 261.5 262.8 266.7 270.1 274.3 277.6 281.1 286.5 291.9 296.7 301 303 304.6 306.3 308.2 310.4 312.4 315.9 319 321.5 326.1 329.4 333.2 338.7 342.9 345.8 350.7 351.1 354.7 358.6 360.3 362.8 363.9 365.6 366.4 367.3 367.3 367.5 367.2 366.8 363.4 360.7 360.7
240.2 239 240.9 247.9 250.4 250.7 253.5 250.2 254.1 256.6 256.9 256.9 256.4 254 251.6 247.6 250.8 253.1 255.4 256.8 256.4 254 253.2 239.7 234.5 236.5 239.1 238.4 238.1 237.8 237.9 239.8 245.2 247.7 242.5 258.1 262.6 266.6 271.1 275.5 279.7 283.2 288 292.7 296.9 300.1 302.4 303.8 305.5 307.6 309.9 312.3 316.6 320.3 322.1 326.3 330.6 333.8 337.9 342.1 346.3 349.4 351.2 356.4 360.5 364.1 367.6 370.7 370.3 371.7 371.8 369.8 369.5 368 366.6 366.4 364.8 361
242.3 241.4 243.6 249.7 252.7 254.6 255.4 255.2 252.4 255.8 257.4 258.1 258.2 256.8 255 247 253.4 254.7 258 260.1 260.5 262.2 261.4 254 243.7 244.7 244.7 240 237.9 238 238 242.1 250.2 251.9 246.7 249.2 258.7 263.2 269.6 274.5 279.4 284.4 288.6 292.8 295.5 298.9 301.3 302.7 302.5 304.3 307.4 310.4 313.9 318 321 325.5 329.7 332.9 337.1 341.2 344.9 347.8 350.3 355.1 360.3 363.2 367.9 370.7 372.6 379.4 379 373.9 369.5 368.6 366.6 365.9 364.9 362.4
248.1 245.7 246.4 250.1 252.5 256 256.5 253.4 252.9 254.8 256.6 257.6 258.2 258.2 257 249.7 257.2 256.2 260.3 262.2 264.4 266.3 266.2 262 257.4 254.3 253.4 252.4 238 237.9 248.1 259 261.1 260.3 245.9 248 252.6 261.4 266.5 272.5 278.7 283.4 286.3 290.7 292.9 296.2 297.8 300.1 299.6 301 304.2 309 313 317.6 320.3 323.9 328.1 332.4 335.8 338.6 341.8 344.9 347.8 350.3 355.8 359.2 366.2 370.9 372.4 376 377.5 372.8 370.9 368.2 366.3 365.4 364.7 364.5
251.6 250.4 250.6 252.1 253.7 256.5 257.6 254.9 254.8 256 257.4 257 257.2 257.5 257.3 253.5 255.9 260 261.2 263.7 266.2 268.7 268.9 267 264.1 261.3 260.7 260.3 249.8 251.7 255.3 265.5 268.6 263.6 245.5 247 249.4 262.4 269.7 269.5 274.4 279.6 282.2 285.3 288.9 290.3 291.6 293.7 293.9 297.7 304.1 310.1 314.2 318.4 321.5 323.9 327.4 330.4 333.7 336 339.1 341.2 343.9 346.9 351 356.9 359.5 363.9 364.2 362.9 365.6 367.1 366.1 366.1 365.4 365.7 363.8 364.8
256.1 255.7 255.2 256.1 257.4 258.4 258.6 257.7 257 256.8 258.1 257.8 257.2 256.7 256.7 255.9 257.5 259.4 263.7 265.1 267.6 270.2 270.9 270.2 269.1 267.4 267.1 266 263.5 263.1 259.7 270.4 273.1 265.5 246.5 246.9 248.5 255.6 270.9 277.1 277.6 277.3 279.6 281.5 284.2 286.8 289.9 292.4 295.7 299.7 305.9 311.5 315.4 319.6 322.2 324.2 326 328.5 330.6 332.6 334.8 336.9 340 343.7 347.5 349.3 349.5 349.4 352.3 354.1 356.6 357.6 359.2 360.7 362.1 362.4 362.3 363.2
261.4 261.4 261.2 260.2 261.4 261.9 261.6 260.3 259.1 258.1 258.8 258.6 258 258.6 260 260.6 260.4 260.5 266.2 267.6 269 272 274.5 273.9 272.3 273.2 272.6 272 270.9 269 260 270.4 274.9 275.5 264.5 257.6 249.4 257.5 269.9 276.7 280.4 283.2 285.4 287.4 289.5 291.3 293.9 296.3 299.2 303.6 308.5 312.8 316.9 320.7 321.3 322.9 324.5 326.5 327.4 329 330.4 332.7 335.2 338.4 341.9 342.7 341.6 342 343.5 347.1 350 352 353.7 356.2 359.9 359.1 360.1 361.4
266.9 267.2 267.4 266.7 267.4 267.9 267.6 265.2 262.1 260 259.5 259.4 259 259.8 262.2 265.2 261.2 265.2 268.3 270.5 271.6 274.8 277.8 277.4 277 278.1 278.1 277.5 275.5 273.5 266.2 272.2 277.9 279.6 272.1 249.2 251 254 263.5 273.1 282 285.2 287.1 289.9 293.5 296 299.3 300.6 303.4 307.5 310.8 311.2 314.4 319.3 321.7 321.4 322.5 323.1 323.6 324 325.5 328.9 330.5 332.7 334.6 332.9 329.8 332.2 336.1 339.8 343.7 346.2 348.7 351.2 354.1 357 357.2 359.3
