data/260000-620000.asc
ncols 200
nrows 200
xllcorner 260000
yllcorner 620000
cellsize 50
[rows 35 to 69 of 200, columns 78 to 155 of 200]
218.2 219.7 222 224.1 226.3 228.2 229.2 229.2 229.1 227.8 225.4 222.2 218.4 209.9 207.8 211.2 212.2 212.8 214 215.7 216.4 217.1 217.7 218.4 218.5 218.1 217.7 217.7 216.8 216.5 217.8 218 218.2 217.1 212.2 212.2 213.3 213.4 213.2 212.3 213.8 213.7 213.9 212.9 213.5 213.7 214.3 214.8 215.1 215.5 216 215.9 216 216.7 217.1 217.2 217.8 217.8 218.8 219.4 219.8 218.9 219.7 218.8 223.6 227.5 229.5 231.1 232.4 234 235.3 231.1 237.6 238.3 238.4 239.3 241 240.8
220.9 222.9 225.7 228.2 230.4 231.4 231.6 231.6 231 229.4 226.6 222.8 219.2 214.6 211.9 208.3 208.4 209.6 210.6 213.4 214.3 214.9 215.5 215.9 215.7 215.2 214.5 214.7 214.6 214.5 215 215 212.9 211.6 212.4 211.8 212.4 212.3 213 213.4 213.5 213.6 213.8 214.1 214.2 214.3 214.8 215.3 214.6 214.6 216 216.3 216.6 216.8 222.4 224.8 218.9 220.9 227 227.4 228.1 229.5 227.6 229.6 231.2 232.3 234.6 235.9 235.3 236 237.5 237.2 235.5 238.7 240.3 242 243.1 243.2
223.2 226.3 229.1 231.1 232.3 233.5 233.8 234.1 233.2 231.1 228.8 224.7 219.5 215.7 212.1 209.4 209.1 209.3 209.1 210.1 212.4 209.8 208.9 208.4 211 209.9 210.7 211 211 210.9 211.8 211.5 210.4 212.1 212.3 212.5 211.7 212.8 213.4 213.3 213.4 213.5 213.7 213.9 214 214.3 214.8 215.3 215.5 217.3 216.3 216.8 222.2 225.9 231.1 232.5 231.6 231.7 232.2 230.8 231 232 231.5 234.2 236.9 237.6 238.7 239.1 238.9 238.8 238.9 237.4 235 238.7 241.2 243.4 245 245.7
225.7 228.4 230.7 232.7 234.2 235.5 235.8 235.9 236.1 234.7 232.9 226.7 220.7 216.8 213.1 209.9 208.9 209.3 209.5 209.3 209.6 209.9 210.1 209.7 209 209.8 210.1 210.6 210.6 210.7 210.9 210 210.6 211.9 212.1 212.3 212.6 213.1 213.7 213.4 213.4 213.5 213.8 214 214.2 214.4 214.8 215 215.3 218 218.2 221.2 226.8 231.6 234.3 236.1 235.9 235.8 235 233.9 234 234.5 235.8 238.1 240 241 240.9 241.1 241 241.3 241 238.6 237.3 239.4 241.1 242.8 245.4 246.4
227.3 230 232 233.8 235.6 236.7 238.5 239.3 240.2 240.1 236.6 228.3 222.9 218.6 215.8 214.1 211.1 209.3 209.4 209.7 210 210.2 210.4 210.2 211.5 210.1 209.9 210.1 209.6 210.8 210.5 211.1 210.2 211.7 211.9 212.1 212.5 212.9 213.9 213.6 213.8 214.3 214.6 214.2 214.3 214.5 214.7 214.7 215.2 221.3 224.5 227.6 231 233.4 235.4 236.8 237.7 237.8 237.1 236.2 236.7 237.4 239.1 240.9 242.4 242.7 243 243.1 243.2 243.8 242.8 240.4 239.3 240.7 242.3 244.1 245.8 247.2
227.7 230.6 232.5 234.1 235.7 237.4 239.6 241.4 242.4 242 239.3 235 226.1 221.1 218.8 217.5 215.6 213.6 213.1 214.7 215.4 218.7 220 219.3 218.5 215.9 212.1 209.9 210.2 210.6 210.8 211 211.5 211.5 211.7 211.9 212.3 213.3 215 215.3 215.3 215.5 215.9 216.7 214.7 215 216.2 220.8 222.5 224.1 227.9 230.7 232.7 234.7 235.9 236.9 237.2 237.3 237.4 237.3 237.6 238.9 241.4 243.1 243.3 243.7 244 244.3 244.3 244.3 244.1 242.5 240.6 242.4 244 246.2 246.5 247.6
228.7 230.9 232.3 233.6 235.6 238.1 240.4 242.6 244 244 242.3 238.4 230.9 224.9 221.5 220.1 218.3 218.7 219.1 219.8 221.1 225.7 226.4 232.6 225.5 220.6 217.8 216.8 210 210.3 210.5 210.9 211.4 211.5 211.7 212 212.7 213.5 215.4 215.8 215.9 216.5 217.4 217.4 215.9 217.6 219.9 222.2 226.1 227.8 230.1 232.4 233.9 234.9 235.6 236 236.5 237.1 238.4 238.7 239.3 240.5 242.6 243.9 244.3 244.6 245 245.2 244.9 244.8 243.3 242.2 243.1 245.2 246.8 246.6 246.7 247.6
228.7 230.2 231.7 233.5 235.9 238.6 241.1 243.4 244.9 245.4 244.8 243.2 241.6 234.3 227.5 225.3 223.8 223.9 226.9 225.7 227.4 231.6 244.9 242.9 234 228 221.8 221.8 216.8 212.8 213.2 211.8 211.4 211.5 211.7 212.8 213.5 214.2 216.2 216.1 217.1 218.7 219.2 219.6 216.8 219.1 221.1 223.6 227.2 230.1 232.1 233.9 234.1 234.5 235.3 236.5 237.1 238.4 239.6 240.8 241.2 242.7 243.9 244.3 245 245.5 245.8 245.7 245.3 244.6 243.5 243.3 242.8 244.8 244.7 246.1 247 248.3
228 229.5 230.3 230.8 233.2 236.8 240.5 243.6 244.9 246 247.6 247.7 249.4 242.9 235.7 238.5 235 235.2 235.8 239.1 240.1 249.8 252.3 250.3 242.6 238.7 226.6 225.9 222.7 219.5 217.6 216.2 216.5 216.6 216.5 215.9 216.1 217.9 219.4 221.5 221.2 218.7 220.3 220.8 217.9 220.4 222.4 226.6 228.6 231.1 233.9 235.3 235.4 235.6 235.9 237.1 238.1 239.6 240.8 242.1 243.1 244.1 244.5 244.9 245.3 245.8 245.4 245.2 245.2 245.1 245.1 244.2 244.1 244.1 244.3 246.7 248.4 249.7
227.3 228 228.3 228.9 230.7 233.9 237.3 241.5 243.7 245.5 247.6 249.5 251.2 245.8 248 247.6 245.7 245.6 247.1 256.2 254.6 258 255.7 252.7 248.9 235 233 231.3 232.4 224.7 224.7 223.7 224.1 222.8 222.5 221.6 222.8 221.5 220.7 222.2 222.7 220.9 220.4 222.3 221.9 222 223.1 226.8 228.9 232.2 234.9 235.8 236.2 236.4 237.1 237.8 239.5 240.8 242 243.1 243.8 244.1 244.4 244.7 245 245.3 245.3 245.3 245.3 245.3 245.3 246.1 246.5 246.5 245.1 247.3 248.8 250.1
225.3 225.8 226.3 226.9 228 231.5 234.9 239.2 241.8 243.9 245.8 247.7 250.1 251.7 253.3 255.2 256.9 259.1 260.4 261.2 261.4 259.6 257.4 254.5 247.8 237 241.8 239.8 238.1 233.9 226.3 229.9 230.7 229.6 228 227.3 227.4 225.4 224.7 224.8 225.3 223.7 222.1 223 224.3 222.2 223.4 226.4 229.1 232.7 235.3 236.2 236.6 237.5 238.3 239.1 240.8 241.6 242.8 243.4 243.6 243.9 244.1 244.4 244.7 244.9 245.3 245.3 245.3 245.6 246.4 247.7 247.8 247.4 246.7 248 249.4 250.5
221.9 222.8 223.3 223.9 225.1 228.2 230.8 234.4 237.4 240.9 243.3 245.2 247.5 250.6 252.4 255.1 257.2 259 260.6 261 260.8 259.4 257 253.7 246.9 247.2 246.7 247.2 244.9 239.9 231.8 236.5 241.8 240.7 236.4 234.9 233.3 231.7 229.3 227.5 227 225.1 223.6 224.6 226.8 227.1 224.1 226.2 229.3 231.8 234.8 236.3 237.1 238.3 239.3 240.1 241.6 242.6 243 243.2 243.3 243.6 243.9 244.1 244.2 244.5 245.1 245.4 246 246.5 247.8 248.8 249 248.6 248.6 248.6 250.2 252.6
218.3 218.7 218.7 219.5 221.9 223.9 226.4 229 232 236 239 241.9 244.5 246.6 249.3 251.8 254.3 256.4 258 258.7 258.9 258 256.8 253.1 249.2 252.7 251 251.2 250.8 241.1 240.9 248 247.6 244.2 240.7 237.1 235.5 233.5 231.8 229.7 227.7 226 226 226.2 227.9 228.7 228.2 224.6 230.1 232.3 234.7 236.5 237.5 238.9 240.2 241.2 242.2 242.6 242.8 242.9 243.1 243.4 243.5 243.6 243.7 244.2 244.9 246 246.9 247.7 248.7 249.6 250.1 250.9 251.3 250.6 249.9 251.9
213.5 214.7 214.5 216.8 218.5 220 222.6 225.3 228.1 231.2 234.2 237.5 239.8 241.7 243.8 246 249.3 251 252.5 253.8 255.5 255.8 255.5 255.1 253.7 253.6 252.3 251.9 251.6 250.3 249.5 248.8 246.9 244.1 241.3 239.1 236.7 234.5 233.3 231.1 230.4 227.2 227.4 227.6 229.4 230.4 230.4 230.4 226.8 230.9 234.6 236.6 237.9 239.3 240.7 241.6 241.9 241.9 242.2 242.4 242.6 242.9 243 243.1 243.3 244 245.3 246.3 247.3 249 250.1 250.6 252 253.3 253 252.2 251.4 252.1
209.3 210.3 210 212.2 214 216.3 219 221.9 225.1 228.1 230.7 233.3 235.5 237.9 239.9 242 244.3 245.7 247.9 249.9 251.7 252.8 253.3 253.3 253.4 253 253 252.1 250.8 249.5 248.3 246.3 244.9 243.6 241.4 239.6 237.4 235.8 234.8 232.6 231.4 229.2 227.1 228.7 231.7 232.7 232.7 233.4 232.9 228.5 233.7 236.6 238 239.5 240.4 241.1 241 241.2 241.4 241.6 241.6 242.2 242.5 242.7 243.1 244.4 245.7 246.6 247.8 250.1 251.4 253.4 255.9 255.4 254.9 253.9 253.2 252.7
205.2 206.6 207.1 208.1 210.9 212.7 215.5 219.2 222.6 225.4 228.1 230.5 232.9 235.2 237.1 239 240.8 240 244.1 245.9 247.7 249.3 249.8 251.5 251.9 252 251.5 250.1 249 246.9 245.7 244.3 243 241.5 240.8 239.2 237.3 236.4 236.7 234.7 234 230.5 229.3 231.3 233.9 235 235.5 235.5 235.6 233.6 232.7 236.1 237.7 239.2 238.7 239.4 239.8 240 240.5 240.7 240.6 241.1 241.8 242.4 243.3 244.9 246 247 248.5 251.1 252.2 255.3 257.4 257.1 256.6 255.6 254.7 254.5
201 203 202.9 205.7 207.6 210.9 211.7 216.1 220.1 222.9 225.2 228 230.4 232.4 234.3 236 235.9 233.7 237.3 240.5 242 243.7 243.6 242.2 246.4 244.7 244 244.5 246.5 244.5 243.2 242.1 241 239 239.1 238.5 237.7 237 236.1 236.2 235 231.5 230.5 233.7 236.1 236.7 236.7 236.8 236.8 236.3 235.7 234.5 235.3 236.5 237 238.1 238.4 238.4 238.5 239.7 239.7 240 241.8 243 243.9 244.9 246.2 247.2 249.2 251.4 252.1 254.4 256.6 257.4 257 256.6 256.3 255.3
197.1 197.5 202.8 205.4 206.2 207.1 211.1 213.9 216 218.5 220.9 223.4 226.6 229.6 231.5 231.2 230.5 226.5 227.6 230.8 235 236.9 235 234.4 235.8 234.1 234.2 234.5 235.2 237.3 239.4 238.7 238.2 236.3 237 237.6 238.1 237.8 237.4 236.8 235.4 232.2 233.8 235 237.3 237.9 237.9 238 238 237.4 237.6 238.1 237.9 237 237.3 237.2 238.9 239.4 239.6 240.1 240.6 241.2 242.2 243.3 244.5 245.5 247.1 247.8 249.9 251.1 251.7 253.5 255.6 257.1 256.9 256.9 256.6 255.5
195.9 197.2 200.5 202.2 204.1 206.6 208.2 210.4 211.8 214.3 216.4 218.5 221.7 223.6 224.4 224.5 223.6 222.4 221.2 232 229.7 229.5 229.3 227 226.9 227.6 228.1 228.7 229.8 231.6 232.8 232.4 231.4 231.3 232.7 234.7 236.3 238 237.7 237.1 236.1 235.1 236.4 236.4 237.1 238.6 239.1 239.1 238.8 238.6 238.7 237.9 239 239.2 239.6 239.1 240.1 240.6 241.3 241.6 242 242.2 243.2 244.3 245.7 246.6 247.4 248.2 249.8 251.1 251.1 251.8 254.1 255.4 256.5 257 257.1 256.2
194 195.7 198.1 199.9 201.4 203.5 205.5 207.6 209.3 212.4 214.7 216.6 216.8 218.8 219.7 221.3 219 217.2 222.7 226.1 224.1 222.9 221.6 221.9 221.9 223.4 226 227.4 228.6 230.4 230.8 230 229.6 229.1 230.2 233 235.6 238.1 238.1 237.7 237.2 237 237.2 237.5 238 239.3 239.6 239.9 239.9 239.6 239.8 240 240 240.4 240.4 239.3 240.7 241.3 242 242.7 243.2 243.3 244 244.9 245.8 246.7 247.9 248.7 249.2 249.9 250.4 250.9 252.5 254.1 255.7 256.9 257.3 257.1
190.4 194 194.8 195.8 197.3 200.6 202.4 205 207.4 210.1 212.6 214.1 214 214.8 216.1 216 215.2 212.3 218.5 220.5 218.5 218 216.4 216.8 222.1 223.4 226.7 227.5 228.7 230.1 230.4 229.7 227.8 227.2 228.4 232.6 234.4 236.9 238.3 237.9 237.4 237.4 238 238.2 238.8 239.5 239.8 240.1 240.4 240.6 240.8 241.2 241.5 241.1 241.2 241 241 242.1 242.7 243.4 243.6 244.1 244.6 245.3 246.2 247.6 248.3 248.7 249.2 249.5 249.7 250.2 250.9 252.5 254.1 255.6 256.6 257.1
190.8 192.9 189.5 191.4 194.4 196.8 201.8 203.6 204.2 207.5 209.3 210.7 211.3 210.6 208.8 208.3 208.7 209.3 212.5 213.8 213 212.1 214.8 221.1 224.5 226.4 226.7 227.7 228.4 229 229.3 229.3 225.8 226.5 227.8 232.1 234.2 236.3 237.8 237.4 237.6 237.9 238.3 238.9 239.5 239.7 240 240.2 240.6 241.1 241.9 242.2 242.3 243.3 243.2 242.5 242.4 242.7 243.4 243.9 244.4 244.8 245.3 245.8 246.7 248 248.3 248.5 249 249.2 249.4 249.7 250 251 252.1 253.6 254.6 255.5
187 183.4 185.6 186.9 189.2 192.5 197.4 198.3 192.3 194.9 202.4 207.3 208 207.9 206.9 205.4 204.7 206.5 210.1 210.6 206 213.6 216.8 217.9 221.4 223.2 222.8 222.5 223.9 226.4 227.6 227.7 224 224.6 226.2 228.6 232 234.3 235.6 236.6 236.9 237.3 237.7 239 239.5 239.9 240.1 240.4 240.7 241.7 242.8 243.6 244.5 245.4 245.4 244.4 243.6 243.9 244.1 244.5 245.1 245.6 246.1 246.6 247.1 248 248.3 248.5 248.6 248.7 249 249.2 249.4 249.3 249.4 250.9 252.1 253.2
182.7 183.3 183.9 184 184.2 185.6 190.7 187.4 184.6 184.5 185.1 202.1 203.1 205.3 206.1 203.3 202.2 203.1 205.6 204.9 203 205.1 206 208 212.5 215.6 215.8 215.6 218.2 220.4 224.3 226.2 223.2 224.6 226.2 226.8 228.8 231.9 234 236.1 237.4 238.4 238.6 239 239.4 239.8 240.3 240.5 241.3 242.4 243.4 244.4 245.6 246.8 246.3 245.3 244.1 244.3 244.4 244.7 245.3 245.9 246.5 247.1 247.6 247.8 247.9 248 248.1 248 248.1 248.3 248.1 247.7 247.8 246.5 247.7 249.9
182 182.7 183.1 183.4 183.2 184.1 185.1 184 185.8 185.5 184.9 194.7 195.4 198.3 200.1 199.5 201.1 201.2 199.9 199.3 204.9 204.4 204.6 206.3 206.4 207.4 209.3 211.3 213.3 214.6 216.8 219.3 224.3 227 228.3 227.4 229 230.2 231.3 235.3 237.8 239 239.2 239.5 239.8 239.9 240.1 240.9 242 243 243.8 244.6 245.7 246.4 245.4 245.1 244.5 244.5 244.6 244.9 245.5 246.1 246.7 247.3 247.6 247.4 247.5 247.6 247.7 247.7 247.5 247.3 246.5 246.2 245.5 244.3 244.4 245.3
183.7 180.9 181.4 186.4 183.9 185.5 184.3 184.6 186.7 186.2 185.9 188.3 191.1 194.2 196.9 196.7 194.5 194.8 196.7 201.1 201.2 202.2 204.3 206.7 207.1 209.3 212.4 213.3 211.8 215.9 216.8 218.5 221.4 226.5 229.6 229.8 229.2 229.6 230.4 233.6 236.3 238.6 240.1 240.6 240.9 241 241.1 241.6 242.1 242.9 243.6 244.2 244.9 245 244.1 244 244.7 244.8 244.9 245.1 245.7 246.3 246.9 247.5 247.4 247.2 247 247.2 247.2 247.2 247.1 245.6 244.9 244.4 243.4 242.6 242.3 243.3
185.4 187.2 187.8 188.4 189.5 186.8 187.4 186.5 186.6 185.3 185.9 187.5 186.5 187.2 194.7 192.9 194.5 197.8 198.4 198.4 198.8 201.1 203.9 206 207.7 209.1 212.5 214 212.4 216.1 216.5 217.9 219.3 223 228.4 230.3 229.8 229.7 229.4 230.8 234.9 237.9 239.9 240.8 241 241.1 240.4 240 239.8 240.2 242.2 238.7 241.6 241.7 241.3 240.5 241.5 243.2 243.5 245.2 245.8 246.4 246.8 247.1 247.1 247 246.8 246.7 246.7 246.6 246 243.8 243.2 242.4 241.7 240.9 240.2 241.4
189.5 192.3 192.5 192 192.9 191.9 189.6 187.3 187.4 185.8 186.6 187.1 187.3 187.4 186.2 188.2 193.6 194.5 195.4 197.9 199.5 201 203.1 204.9 206.9 207.6 209.4 211.7 213 213 217.4 220.2 218.7 219.9 226.8 229.3 230.2 230.7 229.6 229.5 233.4 237.7 239.7 240.5 240.3 239.9 237.6 236.5 233.2 232.5 232.6 232.6 233.1 233.8 235.2 235.7 236.7 239 240.8 244 245.6 246 246.3 246.3 246.2 246.1 246 245.8 245.5 245.2 244.4 241.8 241.2 239.9 238.6 238.2 237.7 237.3
196.3 196.1 197.4 196.7 196 196.5 192.7 190 186 186.1 187 185.7 187.3 187.3 187.3 186 191.7 192.3 195.1 197.7 199.3 200.2 201.8 203.8 205.8 207.4 208.3 210.5 212.8 212.2 213.2 217.8 217.7 218.4 223.9 227.6 230.1 231.5 231.7 227.7 232.9 236.7 238.6 238.7 237.8 234.6 232.2 229.9 227.1 227 225.6 226.8 226.8 228.7 230.1 231.4 233.4 235.8 240.3 242.7 244.1 245.2 245.3 245.3 245.2 245 244.8 244.4 244.3 244 242.4 239.7 238.6 238.2 236.3 234.9 234 233
200.7 201.8 202.2 201 199.4 199.5 198 194 189.7 185.3 185.9 186.7 187.4 187.6 187.7 187.6 188.7 192.2 195.7 197.3 198.5 199.3 200.7 202.9 205 207 207.7 209 211.2 211.9 211.8 216.2 217.4 217.9 218.4 224.4 227.6 230.5 231.4 223.9 228.3 234.1 234.9 234.7 232.6 229 227.2 225.7 223.2 221.3 220.8 222.3 222.2 224.7 228 230.7 233.2 236.1 239.4 241.5 243 243.6 244.1 244.2 243.8 243.1 242.5 241.9 242 242 240 237.5 236.3 235 233.6 230.6 230.1 228.6
203.3 205.1 205.8 206.3 206.5 204.2 202.7 201.2 198.3 193.3 189.9 189 188.4 187.9 188.2 188 187.4 188.6 193.3 195.4 198 198.9 200.3 202.5 204.7 206.7 206.9 207.5 209.4 210.7 211.5 214 216.6 217.7 218.1 218.7 221.2 224.1 223.7 221.4 220.9 225.2 230 229 227 224.1 220.7 220.9 219.7 217.8 217.5 218.3 220.3 223.3 228.2 231.5 234.1 237.2 239 240.6 241 241.1 242.5 242.9 242.2 241.3 239.6 239.8 238.8 237.6 235.6 233.5 232.3 231 229.5 227.7 226.1 225.3
206.2 208.2 208.5 209.1 209.2 209.5 208.3 206.3 203.7 201 198.4 195.5 192.6 191.3 190.5 189.8 189 188.9 193.6 195.4 197.6 199.1 200.7 202.7 204.4 206.4 206.6 207 207.8 209.6 209.6 210.2 212.9 214.1 216.4 219 220.7 220 220 220 220.2 220.1 220.7 220.3 219.6 218.7 216.5 215.8 215.7 215.2 215.5 219.2 221.1 221.9 227.3 231.5 234.9 237.9 237.3 237.7 238 239 240.9 241 240 238.4 236.8 235.5 234.1 232.8 230.7 229.6 227.8 226 224.6 224.8 223.7 223
208.9 210.1 211 211.4 211 211.6 211.3 209.5 206.9 204.3 201.8 199.6 198 195.9 194.2 193.1 190.2 188.1 189.7 194.9 197.9 199.8 201.3 203 204.7 206.1 207 207.2 205.7 206.9 207.7 209.3 209.1 210.9 213.4 219.8 221.7 223.4 223.8 217.8 220.4 219.1 217.8 217.7 216.7 213.8 213.4 213.8 214.4 212.9 215.7 219.2 220.4 220.7 224.5 228.9 231.9 234 232.7 233.5 234.7 236.8 237.8 237.5 236.1 233.7 232.1 230.6 229.3 228.1 225.8 224.5 222.1 221.3 220.5 220.7 220.8 220.6
209.4 211.1 212 213 212.2 213.2 213 212.5 210 207.4 205.8 204.2 201.8 197.7 195.4 194.3 193.5 186.6 189 194.8 198 200.3 202 203.4 204.9 205.5 205.5 205.9 205 204.4 205.4 206.7 207.5 209.5 212.3 217.9 220.1 221.6 221.2 218.9 215.6 216.1 215.4 215.8 214.4 212.6 212.8 212.4 211.8 211.8 214.3 215.2 216.5 216.4 218.8 224.9 228.2 228.6 228.2 228.8 231.8 233.3 234.5 234.2 232 229.6 227.3 225.8 224.7 225.3 223.4 221.3 220.6 219.5 217.5 216.9 217.1 217.5
212.3 212.1 213.2 214.2 215.2 214.7 214.9 214.3 213.1 210.8 208.4 208.2 205.7 200.4 197.1 195.4 194.3 191.9 188.8 193 198.1 200.3 201.8 203.3 203.6 203.6 203.7 203.8 203.4 203.2 203.1 203.8 205.4 208 211.1 215.5 218.2 219.6 219.3 219.5 216.2 213.5 211.8 213.9 212.3 212.2 214.3 212.8 210 208.9 210.8 214.8 217.1 218.1 218.7 219.7 221.3 221.4 219.9 227.5 227.8 229.6 230.7 229.8 227.7 225.7 225.4 223.9 223.2 223.1 221.6 219.5 218.6 217.5 215.2 214.4 214.7 214.3
