data/260000-960000.asc
ncols 200
nrows 200
xllcorner 260000
yllcorner 960000
cellsize 50
[rows 148 to 184 of 200, columns 85 to 169 of 200]
69 56 35.3 39 57.7 71.2 84.7 92.7 98.3 101.3 103.6 106.6 109.3 104.9 100.4 94.6 74.2 57.2 55.2 55.2 63.2 71 64.8 66 65.2 62.6 63 64.7 67.4 70.5 72.8 70.9 72.5 73.3 81.8 84.5 85.5 73.4 56.5 47.7 45.8 30.2 28.3 37.7 53.5 56 45.9 35.7 41.2 56.1 53.2 36.6 27.2 24.5 15 12.2 12.5 13.9 30.5 35.6 42.7 45.1 47.6 52.1 64.9 73.3 76.2 81.3 85.6 93.5 99 95.8 98.1 95.9 91.8 76.6 65.7 57.3 52.4 47.6 48.1 40.1 14.7 -1.6 -1.6
69.3 55.5 38.3 39.5 59.9 73.5 85.7 92.4 98.3 100.9 102.2 102 105.2 103.6 102.3 104.3 90.3 73.1 55.8 55.7 64.4 75.9 73.3 73.2 65.6 64.2 65 66.2 67.4 69.3 70.5 71.3 72.7 72.7 79.1 81.9 76.7 65 57.7 49.7 47 40.2 37.3 40.3 52.9 61.6 62.8 54.8 62 63.8 55.1 52.3 35.8 32.5 24.5 17.5 12.7 13.4 20.2 26.5 34.9 40.1 45.9 52.2 57.3 67 69.6 78.3 81.7 84.8 89.4 92.9 95.5 94.1 89.9 79.7 63.2 55.7 55 50.3 58.7 47.5 25 -1.6 -1.6
69.7 56.6 41.3 40.3 61.3 72 82.2 93.3 97.8 98.9 100.1 98.9 100.9 101.9 102.2 103.8 92.7 79 57.5 55.5 60.7 71.5 74.8 76.4 66.9 64.4 70.8 69.1 69 70.2 70 70.8 71.5 72.7 79 75.4 73.4 64.8 59.3 59.1 59.1 50.7 46.3 52.6 58.4 67.4 72.5 65.8 56.2 55.4 57.6 51.3 45.5 39.5 35.3 26.2 21.9 19 14.7 17.5 24.2 34.6 45.1 52.5 58.6 63 63.1 70.5 77.4 80.3 82.7 92.6 93.8 93.3 85.2 79.3 60.3 54.6 55.2 53 48.6 40.2 26.1 -1.6 -1.6
71.1 57.5 40 41.2 58.2 69.5 80.5 91.1 95.9 97.6 97.7 96.6 98.8 96.6 95.8 93.6 91.4 83.1 62.5 55.5 61.5 67.7 72.8 75.5 71 65.2 74.8 73.1 77 74.3 71 70.9 71 70.4 76.7 73.9 65.9 63.6 59.5 59.9 63.9 58.3 52.5 59.9 71.6 72.9 72.8 68.6 59.1 55.2 55.7 56.9 51 53.7 55.5 40.7 29.3 28.4 23.2 17.2 18.5 23.2 46.4 50.7 53.6 56.4 62.8 59.9 66.1 73.9 80.5 91.9 92 89 85 77 61.4 53.8 52.4 50.5 42.3 32.9 22 -1.6 -1.6
75.3 57.8 40.3 44.4 55.5 68.3 78.2 87.1 94.2 95.7 96.2 95 95.3 95.4 91.1 87.8 85.1 78.7 60.9 56.2 61.1 69.3 72.9 74.7 76.7 66.6 67 72.2 76.9 81 74 71.1 71.1 71.1 80.3 77.3 68.1 60.6 60.2 61.3 61.1 65 57.4 60.6 76.3 77.7 78.6 79.6 68.2 59 57.5 59.1 59.9 60 66.2 57.3 56 37.5 41.8 31.5 18 17.1 21.4 32.5 39.9 47.1 54.4 57.5 54.3 60.4 78.3 85.8 87.2 86.1 84.5 76.6 61.4 52.7 47.7 45.4 37.1 20.8 10.3 -1.6 -1.6
79.9 57.2 38.9 43.7 56.6 66.9 79.3 85.5 91.2 93.5 94.7 93 93.2 95.6 87.1 83.3 80 66.8 57.5 56.9 61.1 65.6 73.9 76.2 73.2 68.4 66.4 69.2 73.9 78.4 74.6 72.3 71.8 72.6 77.2 77.7 72.3 60.5 63.5 64.2 62 68.3 65.4 63.8 71.6 80.8 83.8 81.7 79.6 72 65.7 67.3 66.5 64.7 66.9 60.4 52.2 48.3 45.8 49.9 38.1 17.1 15.9 16.4 19.7 27.8 36.1 40.3 40.4 50.7 68.4 76.6 74.9 75.8 71.9 66.4 55.8 46.2 37.5 36.1 31.2 14.7 -1.6 -1.6 -1.6
75.8 55.8 40.5 44.4 55.3 64.2 74.7 82 88.8 90.9 93 90.8 89.9 91.4 85.5 77.3 74.2 61.5 55.9 56.2 59 61.1 66.7 74.3 71.4 68 67.2 67.2 69 74.1 75.9 73.2 73.1 77.7 82.1 84.5 80.7 66.3 72.8 70.4 68.9 78.7 84 70.4 71.5 78.7 84.2 81.7 80.3 74.4 71.8 71.8 70.1 67.1 65.1 60.5 54.4 49.5 48.3 53.2 51.6 45.6 23.7 13.9 14.1 18.2 24.5 29.9 33.2 40.9 53.8 55.5 55.5 55.6 56.3 57.9 51.3 35.9 29 23.4 18 9.2 -1.6 -1.6 -1.6
74 53.7 41.6 44.8 53.3 62.6 71.5 79 84.9 89 91.2 88.8 87.4 87.1 84.5 76.7 67.4 59.1 56.4 57.6 57.9 58.7 62.8 73.7 71.8 70.1 67.2 67.2 67.8 73.6 76.9 75.1 74.8 78.9 82.3 86.9 82.5 69.6 74.7 74 78 83.6 79.5 76 77.5 73.2 74.7 75 76.4 72.6 70.6 68.8 67.8 66 65.5 63.8 58.9 52.5 49.6 48.9 56.5 48.3 38.6 24.2 12.3 12.4 14.6 18.4 24.1 31.1 40.3 42.9 44.1 44.3 43.9 38.6 32.8 23.4 6 -1.6 -1.6 -1.6 -1.6 -1.6 -1.6
67.6 52.9 42.2 43.9 52 61.2 69.9 76.4 80.9 85.7 86.2 84.2 83.6 83.1 79.2 75 67.2 58.9 57.3 57.5 57.5 57.4 58.5 76 74.2 71.3 71 67.3 67.8 71.6 81.2 78.1 75.3 76.1 79.2 86.1 84.6 76.6 76.6 78.9 86.1 85.9 79.9 74.5 75.3 76.4 72.8 76.8 75.1 73.2 70.6 69.3 68.1 66.2 65.6 65.8 63.4 56.2 52.8 47.6 48.6 50.7 48.7 36.2 21.7 10.7 10.8 12.9 16.1 22 25.8 30.6 33.4 32.7 30.2 20.9 9.5 2.1 -1.6 -1.6 -1.6 -1.6 -1.4 -1.6 -1.6
63.6 52.6 44.3 40 50.3 56.6 60.7 69 75 78.2 79.7 79.7 79.9 80.1 74.7 70.6 66.3 59.6 57.6 56.7 56.7 57.6 58.3 71.8 75.2 71.9 71.8 71.9 68.4 71 75.9 76.7 76.6 78.6 84.5 80.5 79 76 83.7 83.5 89.9 91.3 88.3 78.9 73.1 71.8 70.9 73.4 73.5 73.2 72.5 70.2 70.9 69.6 67.5 66.7 63.2 59.8 56.8 50.7 43.4 41.4 43.3 40.5 31.6 17.5 9.5 8.1 10.4 12.6 12.5 14.7 20.1 16.9 7.7 2 0.9 -1.6 -1.6 -0.9 -0.6 -0.5 -0.6 -0.8 -1.6
61.6 52.7 43 40.9 48.3 51.1 53.4 60.7 67.6 72.5 75.4 78.1 78.5 78 72.7 68.8 63.8 58.4 57.1 56.1 57.1 58 59 63.4 73.4 75 72.2 72.1 69.5 70.3 71.7 74.4 75.4 77.2 83.1 74.9 74.4 76.5 85.2 87.5 86.5 94.1 98.5 89.7 73.8 70.1 69.9 72.1 76.1 78.4 76.8 73.2 73.7 73 70.8 67.5 63.7 62 61.4 53.4 46.7 42.1 38.8 36.4 31.7 24 13.4 7 5.6 6.3 3.9 4.6 6.1 3.8 1.8 0.7 -1.6 -1.6 -1.1 -0.4 0.2 0.3 0.3 0.1 -0.3
56.6 48 42.9 41.6 45.1 49.1 54 58.9 63.7 70.8 70.5 72.9 74.5 76.1 71.8 68.8 64.1 58.4 57 56.4 56.9 57.5 58.5 61.3 67.3 73.7 75.5 72.2 70.1 69.7 72 76.2 76.2 75.8 75.4 73.2 73.6 74.8 79.2 81 80.9 90.4 92.3 90.8 82 68.7 67.8 77.7 80.1 83.1 77.3 75.7 77.1 76.4 72.4 69.9 66.7 63.6 60.5 55.7 50.2 43.3 38.7 32.8 27.8 22.1 15.9 10.9 4.6 4.6 2.3 2.3 2.3 1.4 0.5 -0.3 -1.6 -1.6 -1.1 -0.1 0.8 1.1 1.2 0.9 0.5
52.8 45.2 42.9 42.1 43 45.1 49 57.4 63.4 68.4 68.8 70 68.4 71.1 70 72.6 63.5 58.2 57.4 56.8 57 57.6 58 59.5 65.6 73 77.8 77.3 70.2 70.4 71.7 75.2 75.3 76.2 75.4 74.9 75.5 74.5 72.7 73 73.9 78.9 81.8 82.4 78.9 67.6 66.3 76.7 80.3 83.1 80.1 78 77.4 77.7 74.4 73.1 70.4 66.5 60.6 54.5 51.2 43.6 40.3 31.7 25.2 19.7 13.3 9.2 5.5 2.8 2.3 2.3 1.7 0.8 0 -0.9 -1.6 -1.6 -1.2 -0.1 0.9 1.9 2 1.8 1.4
46.3 43.2 42.6 42 41.8 42.5 43.3 49.7 59.9 65.7 63.9 67.4 65 65.3 68 70.8 63.4 58.2 57.6 57.2 57.2 57.7 57.7 58.4 64.2 71.1 75.7 78.9 70.7 70.7 71.6 73.6 74.4 75.2 75.8 76.5 78 81.8 73.1 71.6 70.8 69.5 69.1 69.3 71.2 64.5 64.6 70.2 77.4 77.1 76.3 78.4 81.9 78.7 77 77.4 75.1 72.3 66.5 57.4 48.2 44 38.5 29.8 24.3 20.6 12.2 11.9 8.1 3.2 2.2 1.9 1.3 0.7 0.1 -0.5 -1.6 -1.6 -1.6 -0.2 0.8 1.9 2.3 2.3 2.2
44 43.1 42.8 42.6 42.5 42.5 42.7 47.4 59.4 64.7 63.6 63.9 61 60.9 60.9 67.6 65.5 58.9 57.4 57.4 57.4 57.5 57.7 57.9 64 71.2 74.1 77.9 71.2 71.1 72.4 73.4 74.2 75 77 77.6 80.9 84.9 79.9 77.9 82.8 78.9 69.9 75.9 72.4 69.4 60 60.3 61.9 70.9 72.5 75.5 83.6 80.1 77.6 77.9 78.2 75.1 72.2 64.5 54.3 44.2 39.2 29.5 23.2 20.7 13 12.2 11.4 10.1 4 2.3 2 1.4 0.8 0.1 -1 -1.6 -1.6 -1.6 0.2 1.1 2.1 2.3 2.6
43.4 43.3 43 43.5 43.2 42.5 43.2 50.6 61.7 63.1 61.3 60.9 60.9 60.9 61.9 70.8 71 60.5 57.5 57.5 57.4 57.6 57.8 58 63.4 73.9 72.8 77.4 71.5 72.4 73.1 73.1 74.1 74.8 77.6 78.6 79.8 80.8 80.8 82.1 86.1 86.9 75.2 80.3 84.9 71.5 62.6 58.3 58 57.9 64.5 68.9 74.2 74.6 73.9 81.9 80.8 79.1 76.2 68.2 60.2 48.2 38.5 30.6 23.8 20.7 16.3 15.5 12.7 12.9 8.9 2.4 2.3 2.2 1.6 0.6 -0.5 -1.6 -1.6 -1.6 -0.6 0.5 1.6 2.6 3.1
43.7 43.2 44.6 45.2 43.6 43.4 44.8 51.7 58.9 60.7 62.6 64.6 61.2 60.9 67.8 83.7 73.5 63.8 58.1 58.4 57.3 57.5 57.7 57.9 66.2 76.7 72.4 73.8 73.2 72.9 73.1 73.2 73.2 73.2 74.5 77.5 79.1 81.4 81.6 84 82.1 83.5 81 72.5 79.2 70.3 60.8 57.4 57.1 56.9 57.1 61.2 60 62.6 68.4 77.9 80.2 80.7 80.4 73.6 64.9 51.8 38.8 30.7 24.3 21 19.7 21.4 16.9 20.4 18.4 6.5 2.1 2.3 2.3 1.1 0.2 -0.5 -1.6 -1.6 -0.9 0.2 1.2 2.2 4.1
45.8 43.7 47.8 49.2 44.3 47.5 48.7 51 55.3 59.7 61.6 61.5 60.9 60.9 64.5 76.9 74.5 66.2 62.6 63.3 58 57.4 57.6 58.4 63.7 71.8 72.1 72.4 72.7 73.5 73.5 73.2 73.2 77.2 81 79.4 80.3 82.8 88.2 92.1 89.3 82 77.2 71.5 67.8 66.4 63.5 57.8 56.4 56 55.8 58.6 59 54.9 56.1 63.1 69 73.4 80 75.5 66.8 55.9 43.2 31.9 23 21.4 22.6 26.4 24.3 25.2 21.4 10.2 4.6 2.8 2.2 1.7 1 -0.1 -1.6 -1.6 -1.6 -0.1 1 2 3.8
48.7 47 53.9 51.1 45.3 49.1 50.4 52.9 56.8 60.2 64.2 60.9 60.9 60.9 60.9 73.2 70.2 67.5 64 62.5 63.2 57.6 59.5 62.4 60.9 67 66.9 71.3 72.8 74.2 77.5 78.6 79.1 81.1 82.2 81.9 84.2 87.3 92.5 93.6 95.2 98.1 89.8 74.5 71.4 68.3 62.9 59.9 56.1 55.8 56.3 56.8 55.3 53 52.7 54 52.1 55.1 63.7 68.6 64.9 57.9 47.6 34 22.9 22.4 24.7 26.7 26.9 29 22.9 11.7 6.5 5.1 3.8 2.3 1.9 -1.6 -1.6 -1.6 -1.1 -0.1 0.9 1.9 7.2
54.1 53.9 54.1 48.5 47.3 51.1 54.3 57.2 57.7 62 62.4 60.9 60.9 60.9 60.9 71.1 72.4 69.9 65.3 63.6 63.4 58.3 59.3 60.4 61.5 63.8 72.7 79.1 76.2 80 81 81.9 82.9 83 83.6 84.6 87.5 88.6 92.6 93.7 96.2 99.7 89.1 81.1 73.4 68.3 73.9 61.6 56.6 55.9 56 56.3 58.1 58.1 51.2 51.2 51.4 49.4 41.4 40.4 51.9 46.4 41.7 31.1 23.6 23.7 25.5 25.3 26.1 25.3 25.8 18 6.3 5.5 4.2 2.6 2.3 -1.6 -1.6 -1.6 -0.3 0.5 1.2 2 7.3
58.2 57.8 53.6 48.8 48.6 52 56.7 58.9 59.2 63.6 67.2 60.9 60.9 60.9 60.9 65.1 68.7 72.2 66.6 64.6 62.8 59.7 59.3 59.7 65.7 72.6 74.6 74.5 78.4 82.2 83.8 84.9 84.5 84.2 84.7 87.9 90.3 88.2 89.8 92.6 93.6 96.5 91.2 83.2 78 66.6 71.8 66.5 60.2 62.1 59.4 57 56.8 54.8 53.2 50.7 50.5 49.2 44.4 44.3 40.9 34.8 29.1 26.7 26.9 27.5 24.5 26.8 25.4 24.6 23.9 22.6 10.2 6.1 4 2.9 -1.6 -1.6 -0.3 0.3 0.5 1.3 2.1 2.3 7.3
64.2 62.4 54.8 50.2 49 55 56.8 60.4 59.8 63.2 65.8 60.9 60.9 60.9 60.9 60.9 62.9 65.6 69 74.6 64.7 63.1 61.3 63 69.3 74.4 72.9 71.9 81.7 85.9 86.8 86.5 86.1 85.8 85.5 88.5 90.8 86.1 84.6 88.6 90.3 92 89.5 86.2 81.5 67.9 68.1 65 62.7 67 64.9 63.8 67.1 61 55.8 51.1 50.6 52.3 47.4 45.1 43.2 38.1 40.7 40.3 47.5 45.7 42.9 39 39.3 33.3 33 33 34.3 16.3 4.3 3.7 -1.6 -1.6 1.3 1.8 1.8 2.1 2.3 2.3 6.6
66.1 64.3 56 53.7 48.8 55.5 58.4 61.8 60.6 61.3 60.9 60.9 60.9 61.1 62.5 61.8 62.1 66 73.7 79 68.3 64.1 62.9 63.5 69 75.5 74.5 72.7 81.3 88.5 88 87.5 87.1 87 87.1 87.7 87.4 84.6 84.6 84.6 92.5 91.1 89.3 88.2 82.8 73.8 69.5 69.7 66.3 66.9 69.3 67.1 67.2 65.5 64.6 60.2 52.8 50.9 51 56.6 57.4 53.6 53.9 53.7 63 64.1 54.4 58.1 58.6 46.6 46.5 39.8 37.8 33.6 12.3 2.8 -1.6 -1.6 -1.6 3.9 2.4 5.2 6.6 3 4
65.7 62.3 60.8 57.6 49.5 58.4 60.4 65.1 63.4 62.6 60.9 60.9 60.9 64 65.1 64.1 65.7 68.6 77.3 86.7 84.3 66.7 64.9 65.7 70.1 77 75.6 75.8 78.8 90.2 88.6 88.6 88.8 88.9 88.8 88.7 87.1 84.6 84.6 89.3 92 93.2 90 87 83.8 74.5 66.3 68.1 66.8 66.8 70.2 67.5 67.1 66.4 66.7 62.4 61.7 61.9 65.2 65.9 65.9 60.7 63.1 67.6 72.2 75 69.9 67.9 71 68.5 51 45.1 37.3 37.5 18.6 2.8 -1.6 -1.6 -1.6 2.7 2.9 6.6 16.1 15.9 12.5
67 63.7 67.2 62.3 54 59.6 61.5 64.9 64.1 60.9 60.9 60.9 61 64.5 65 63.1 64.6 68.4 70.9 83.9 94.4 75.4 67.8 69.2 65.9 75.3 75.5 76.1 77.4 89.5 89.7 90.5 90.6 90.6 90.3 89.5 87.3 85.9 84.6 88.4 93.4 93.6 91.5 86.2 84.6 75.7 66.6 69 69 72.2 69.3 67.2 67.1 66.9 68.1 69.7 67.1 70.1 73.4 75 74.3 75.2 72.3 76.9 87.6 89.9 79.2 72.8 71.6 68 57.2 51.2 41.4 34.6 25.2 8.4 1.3 -1.6 -1.6 -1.6 -1.6 8.8 16.1 16.9 16.8
67.1 65.7 67.3 64.4 56.6 61.4 64.4 64.1 61.5 60.9 60.9 60.9 60.9 64.3 65.7 64.2 65.9 69.2 70.5 71.6 78.5 79.6 70.6 74 72.4 76.2 76.4 77.3 78.7 83.8 91.6 92.9 92.4 91.4 90.4 90.3 87.5 84.6 84.6 84.6 87.7 89.2 90.1 85 81.7 75.2 68.8 74.2 72.7 73.8 72.3 66.6 66.4 69.2 72.2 77.8 76.3 80.7 78.5 80.2 84 84.7 80.6 86 94.1 92.2 80.6 71.7 66.3 62.5 59 66.7 53.5 40.5 43.5 30.6 10.1 2.1 -1.6 -1.6 -1.6 -1.6 16.1 17 17.9
66.2 65.3 61.6 60.5 53.2 62.6 68.6 64.5 61.1 60.9 60.9 60.9 60.9 66.6 67 66.2 68.3 73 73.4 75.1 82.1 79.7 76 73.1 72.6 71.4 77.2 79.3 80.6 82.3 87.8 93.3 94.7 91.5 91.1 90.8 88.1 86.9 84.6 86.2 84.6 84.6 88.3 86.6 82 77.1 74.7 77.9 75 73 72.1 68.4 66.4 69.2 66.1 76.6 78.5 80.9 83.9 86.6 89.4 86.1 86.3 91.1 94.3 94.6 87 76.5 67.6 63.6 65.9 70.6 64.7 48.4 45.5 42.7 22.3 2.3 1.3 -1.6 -1.6 -1.6 16.2 16.8 18.1
66.4 62.2 60.1 55.2 53.6 62.6 64.2 63.6 61.4 60.9 60.9 60.9 61.7 71.7 74.3 68.3 70.2 74 80.3 83.2 86 81.3 76.1 74.4 73.9 70.7 77.6 80 82.7 82.6 84.6 90.3 95.1 93.5 92.2 91.4 89.5 86.8 86.3 88.2 93.5 89.2 93.9 91.4 87.4 83.4 75.9 76.9 80.8 75.9 73.8 70.6 68 69.3 66.5 67.4 73.6 77 82.5 89.7 94.3 90.5 90.7 95.2 96.1 100.6 97.6 84.6 74.4 69.9 72.6 74.8 65.7 50.9 39.3 32.7 22.3 8.5 0.6 -1.6 -1.6 9.9 15.7 18 18.1
65.3 62.1 59.2 54.3 56.2 61.5 61.8 62.2 62.3 62.2 62.4 62 67.8 75.2 78 71.1 73.5 78.8 83.5 88.3 91.8 88.8 75.4 75.2 71.8 72 79.7 81.3 82.4 82 84.1 86.9 92.9 94.8 93.9 94.1 90.1 89.5 89.1 89.7 97 92 93.4 93.7 88.9 86.5 79.1 75.8 83.9 76.2 77 73.3 71.3 71.9 68.9 68 70.3 75.5 89 90.5 96.5 93.5 93.3 99.9 101.5 103.5 103.2 96.4 87.8 79 76.1 74.1 62.1 47.6 36.7 26.2 16.9 7.7 0.5 -1.6 2.6 2.8 17.2 17.9 17.9
65.8 61.5 57.9 56.3 57.9 62 62.2 62.4 62.3 62.9 67.7 64.8 74.1 79.9 76.5 73 77.5 79.8 84.3 91.6 95.2 96.3 77.7 74.6 71.3 75 82.6 83.1 82.8 81.8 82.8 85.3 92.6 96.7 95.8 94.9 92.9 92.2 91.9 92.8 95.8 93.8 93.7 95.1 90.2 83.8 78.5 76.3 79.6 78.2 78.5 76.7 76.8 72.8 70.9 69.6 74 80.8 90.2 96.1 101 96.5 94.6 104.9 106.1 104.8 107.7 100.8 91.8 81.7 75.8 74.5 56.6 40.6 29.5 20.3 15.7 -1.6 -1.6 -1.6 2.5 2.6 17.7 17.7 17.7
65.7 62.4 56.9 55.1 60.6 59.3 62.6 62.5 62.3 68.8 71.5 68.5 81.3 82.1 75.4 75.8 79.6 81.8 85.2 96.7 99.4 99.3 85.8 73.5 72.8 75.5 81.5 83.5 82.4 81.8 81.8 84.4 91.7 96.8 97.1 95.4 95.1 95.9 94.1 94.6 95.8 96 94.9 96.2 90.2 83.8 76.8 76.4 89.7 86.6 82.2 80.9 81.1 79.1 79 71.9 78.2 83.3 92.1 99.9 106.7 104 100.6 110.4 111.6 109.6 112.4 104.3 91.1 81.7 74.3 70.6 55.9 35.1 24.7 14.5 1.7 -1.6 -1.6 2.9 4.7 3.2 17.3 17.4 17.4
63.8 59.2 56.7 55.8 61.9 60.6 62.3 62.1 62.5 65.9 73.3 71.8 79.6 81.2 76.7 77.6 80.7 89.3 89.9 100.4 104.6 102.3 91.3 80.9 74.3 76.1 77.7 82.7 85.1 81.8 81.8 82 89 93.3 94.5 95.1 95.2 95.4 95.9 95.7 96 96.4 97.1 94.9 89.5 90.5 79.4 76.5 86.7 88 83.7 82.1 88.6 81.5 76.2 74.2 80.7 85.4 91.4 98.8 111.1 107.7 104.8 112.5 114.2 111.9 110.3 105.5 87.9 76.8 71.5 63.2 53 35 21.3 10.5 2 2.5 2.9 6.3 14 4.9 16.9 17.2 17.3
59.2 57.1 56.2 57.3 62.7 61.1 61.5 63.3 67.9 68.3 72 72.4 77.5 78 76.2 77.6 82.5 92.2 95.1 103.6 108 107 95.9 87.8 73.9 76.2 78.1 80.8 82.9 83.5 81.8 81.8 84.2 89.1 92.3 92.9 93.3 94.1 95 95.4 95.7 96 97 93.6 89.8 89 82.9 76.2 84.7 84.9 83.8 86 86.3 80.3 75.4 74.1 83.9 88.5 89.2 98.9 112.4 109.8 105.2 111.6 112.6 109.4 105.4 99.6 84.6 75.3 66.7 56.2 45.2 32.8 18.5 6 3.2 3.2 3.2 17.4 17.4 4.6 16.2 17.3 17.1
58.6 56.5 56 58.2 68.8 64 63.7 72.9 70.6 71.1 71 75.3 78.2 77.5 77.3 77.1 83.5 91.6 96.1 102.5 106.6 103.7 100.7 92.4 81.1 81 80.5 79.1 79.1 84.2 81.7 82.4 84.2 87.4 90.2 91.8 91.9 93.8 95 94.5 94.9 95.5 96.2 93.8 90.9 84.4 82.2 76.8 86.6 83.9 82.8 81.3 84.5 78.2 74 74.1 89.3 89.8 91.8 100 113.4 113.9 105.5 109.3 109.6 106.6 100.4 92.6 83.9 74.3 64.6 50.3 36.9 24.9 16.6 3.3 3.2 3.6 11 19.5 18.7 7.8 5.3 12.6 17.4
57.4 57.4 58 62.9 71.6 70.8 70.3 80.2 78.9 78.2 73.5 82.1 79.5 78.8 78.4 78 83.2 89.7 93.9 97.2 102.2 102.4 97 95.3 88.1 76.7 78 78.8 78.4 78.7 82.6 84.1 85.5 86.9 89.4 92 92.1 91.8 92.3 93.7 93.5 95 96.4 96.4 94.6 85.5 80.8 77.2 80.8 82.8 81.3 80.7 79.5 78 74.1 73.9 92.2 95.3 93.7 99.9 116.6 112.6 108.5 103.6 105.3 104.4 98.8 95 83.1 68.5 56.3 45.5 32.3 18.9 6.1 3.2 3.2 11.4 19.7 30.7 27 17.5 13.4 7.3 9.6
56.7 57.5 58.2 66 75 73.6 74.3 84.9 85.4 87.7 82.5 88.1 82.8 77.8 77.8 78.1 83.3 87.5 93 95.1 94 96.5 96.7 102.2 92.7 82.9 77.5 78.1 77.8 78 81.2 84.3 85.7 87.1 88.5 90.9 91.5 91.8 91.8 91.8 92.2 95.7 97.7 97.1 97 90.2 82.6 78.3 78.8 81.5 81.2 80.6 79.4 78.1 76.2 75.4 95.6 101.8 95 99.4 111 110.9 108.8 101.9 100.2 104.8 98.9 93.2 88.2 70.9 54.8 40 25.3 13.8 4.3 2.9 5.8 21.3 22.7 37.1 31.2 19.8 16.7 10.7 7.8
56.8 57.9 58.9 69.7 75.7 76.8 78.1 84.7 88.8 93.9 89.4 96.5 87.5 77.7 78 78.3 83.4 88.6 94.6 95.2 90.2 90.4 94.4 101.7 96.7 88.1 79.2 77.5 77.3 77.8 79.1 83.2 84.9 86.3 88 91.9 92 92 91.8 91.8 91.8 93.9 98.2 97.3 95.8 93.4 87.6 81.8 78.6 79.9 81.2 80.5 79.5 79.5 79 80.3 97.9 104.7 96.1 100.6 108.2 109.1 107.2 103 95.2 97.9 97.5 88.2 79.5 66.5 51.8 36 18.9 8.2 3.5 3.4 15.9 31.4 36.7 48.4 35.2 27.4 17.6 12.8 12.4
