data/260000-630000.asc
ncols 200
nrows 200
xllcorner 260000
yllcorner 630000
cellsize 50
[rows 70 to 104 of 200, columns 0 to 77 of 200]
220.8 225.1 229.1 231.4 226.3 219.9 217.4 226.4 232.6 234.5 232.8 233.4 233.4 232.2 231.1 232.1 232.4 227.2 226.9 226.2 227.2 228.7 230.6 228.6 224.9 222.5 219.7 215.9 216.6 215.5 213.8 213.5 215.1 214.5 211.4 210.5 208.3 205 200.4 200.2 199.7 199.3 199.6 199.5 199 198.6 198.3 200.4 200.5 201.3 201.9 200.2 200.8 200.8 199.9 198.9 196.8 197 196.5 197.2 197.4 197.4 198.8 204.1 202.9 204.1 203.3 204.5 208.8 205.9 205.9 205.3 206.2 207.1 207.4 206.9 207.7 208.4
219.2 218.9 222.4 223.8 218.7 218.4 225 233.2 236.8 236.4 236.4 237.6 238.9 239.2 239.9 239.8 238.9 238.9 240.2 238.6 236.2 234.8 234 234.2 234.5 233 230.1 227.6 225.3 221.5 218.5 220.8 223.1 223.9 217.1 213.3 209.8 201.4 200.3 199.9 199.6 199.3 199.4 199.6 199.3 198.8 199 200.2 201.7 202.5 203 202.8 203 202.5 203.3 201.1 198.1 199 199.6 197.7 198.6 199.6 205.9 209.4 207.5 207.6 208.7 210 214.3 207.7 207.1 212.2 208 207.6 209.6 209.3 210.4 209.4
218.4 217.9 218.9 219.3 217.8 223.1 229.5 234.9 236.7 237 239.5 242.2 241.9 242.4 245.3 247.8 248.1 247.6 248.1 249.8 248.6 243.5 242.7 242.6 242.5 239.7 238.6 238 234 229.5 223.7 224.9 225.5 226.9 223.9 213.1 205.4 200.7 200.2 199.9 199.6 199.2 199.1 199.4 199.7 199.1 200.7 201.9 203.5 205.4 205.4 205.7 206.1 205.8 205.9 205.8 200.3 203.5 204.2 200.6 202.1 202.6 204.6 207.1 211.5 208.3 210.8 214 217.7 215 210.5 209.1 211.2 210.1 210.2 209.9 215 213.4
219.1 219.9 219.8 219.5 219.6 223.2 230.6 234.6 236 237.1 241 243.3 243.5 245.1 247.8 251.5 254.9 257.9 260.7 264.6 261.2 256.7 256.5 256 250.9 244.9 241.6 240.7 239.8 237.6 231.7 225.8 224.5 223.3 217.2 205.6 201 201.2 200.5 200 199.6 199.2 198.9 199.1 199.4 200 202.9 204.8 208 209.3 209.8 209.5 210.3 209.9 210.6 207.9 206.7 205.3 207.2 205.7 210.2 210.2 209.1 213.4 211.9 213.9 214.5 213.3 217 218.5 213.9 211.5 211.1 214.1 214.7 213.4 213.8 213.2
221.3 221.8 221.2 220.7 220.2 223.5 233.7 235.8 236.3 237.6 239.4 239.9 243.8 246.5 249.6 255.7 260.7 265.5 275.7 279.9 278.5 272.5 267.8 263.2 260.5 254.5 246 241.7 240.3 238.5 236.7 230.6 224.5 217.1 208.7 203.8 201.9 201.6 200.9 200.7 200.8 201.5 201.5 200.1 201.7 203.3 204.4 207 209.2 211.1 212.5 213.1 214.4 214.1 214 212.4 212 212.3 209.9 211.5 213.9 214.8 210.5 213.8 215.4 216.1 216.8 217.3 215.4 216.1 215.2 213.8 214.7 215.5 217 216.6 214.8 214.9
223.3 223.2 221.5 221.1 221.7 223 232.9 236.3 237 237.6 238.1 238.7 242.2 246.6 252 258.9 265.5 271.7 281.5 283.6 282.6 279.5 273.4 270.4 266.3 260.6 254.4 249 243.3 239.7 237.8 230.8 220 211.2 207.6 202.9 202.1 201.8 205.4 205.8 205.2 204.1 203.4 201.6 202.6 204.8 208.6 209.2 211.7 214.1 215.2 215.8 216.2 217.3 216.2 215.3 216 217.1 212.2 216.1 217.6 213.2 216.8 218 218 217.8 218.5 219.1 218.2 219.8 217.3 217.2 215.8 216.9 218 218.7 215.8 218.4
227.1 224.8 221.9 221.5 221.9 221.2 228.6 233.8 234.5 237.6 237.1 238.7 241.4 246.6 253.2 259.7 266.1 275.4 282.5 286.7 286 283.3 280.6 274.1 267 262.5 258.6 253.4 245.5 240.6 236.7 227.2 215.8 208.9 204 202.6 202.7 205.7 208.1 206.9 206.3 204.9 203.8 203.8 204.8 207.9 211.3 213.7 215.1 216.7 217.7 217.9 218.1 218.8 218.5 218.3 218.5 218 215.7 218.3 218.3 214.5 217.9 220.1 219.5 220.4 223.9 224.6 223.7 223.2 220.5 218.4 217.7 218.9 216.7 220 218.5 218.9
228.1 225.7 223.4 222 221.8 222.8 224.6 227.9 232.4 236.8 237.7 238.7 240 244.5 252.5 259.1 265.6 273.2 278.7 281.6 283.3 284.4 281 275.2 267.9 264.8 260.3 254.2 247.7 239.4 232.2 222.7 210.9 208.6 203.5 203.5 205.5 210.3 209.4 208.5 207.3 206.5 206.3 206.2 208.1 212.4 215.1 216.5 217.8 219.6 220.7 219.7 219.9 220.1 220.5 221.3 221.3 220.2 218.6 218.8 218.6 217.1 218.6 222.3 224.4 226.8 229.5 228.5 227 225.8 224.7 224 223.2 221.7 220.7 220 219.6 219.7
229.2 226.6 224.5 223.3 222.8 223.3 224.6 227.2 230.1 235.9 236.5 237 238.1 242.3 250.5 256.3 262.2 269.5 276.6 280.8 282.7 282.5 279.1 273.9 267.8 264.1 260.4 254.6 246.5 237 229.3 215.9 209.2 207.5 203.9 206.7 208.7 211.4 212.8 209.2 208.7 208.8 209.3 209.1 211.3 212.3 216 218.6 220.5 221.2 221.8 223.1 223.7 223.4 223.3 224.2 224.6 223.8 220.5 219.9 219.1 219.3 220.5 225.8 231.1 229.9 230.5 230 229.1 228.3 228.6 229.3 226.6 226 223.4 222.5 222.3 221.9
231.2 225.1 225.5 226.4 224.3 225 225.3 227 229.4 233.4 235.5 236.2 237 242 248.2 252.8 259.1 266.1 271.7 277.5 280.8 279.2 273.8 268 264.4 261.9 256.9 251.7 241.6 233.5 223.7 211.8 207.1 205.5 204.5 207.5 210.8 211.5 212.8 210.3 210.3 210.8 213.5 214.1 216.4 216 219 221.2 222.1 224.5 226.3 227.5 228.7 226.4 226.1 226 226 222.9 221.5 221.3 221 221.6 223.6 227.8 230.6 232.5 235 234.5 233.8 232.8 232.2 232.3 231.7 230.5 226.4 225.9 225.5 224.5
225.3 225.1 225.6 226.6 227.5 227.1 225.6 226.3 227.3 230.9 235 236.8 237.2 241.8 245.2 250.2 255.9 260.6 266.1 272.2 274.6 273.4 270.7 267.1 262.1 257.7 253.2 247.6 235.5 229.9 219.1 212.1 206.2 205.4 205 209.3 211.2 211.7 213.9 213.2 216.1 215.6 215.9 217.5 218.3 219.6 221.3 224.3 226.2 228.3 229.7 229 228.9 228 226.7 225.8 225.5 224.6 222.6 224.1 225.8 226.5 227 229.2 233.7 234.7 236.4 235.3 234.9 234.1 232.9 232 231.8 230.2 227.8 228.4 227.7 227
224.8 225 225.6 226.1 227.1 227.9 225.9 225.8 226.5 227.5 232.2 234.9 236.4 238.5 241.9 245.9 251 254.5 260.3 265.5 266 265.5 264.7 261.5 258.2 254.9 249.7 242.2 233.1 224.2 215 210.5 206.2 205.9 206.1 209.2 211.3 214.5 216.4 216.8 218.4 218.1 219.9 219.9 219.4 222.3 226.1 228.7 229.2 230.7 230.6 229.9 230.1 230.3 229.9 230 230.4 225.8 229.2 226.7 229.6 228.4 229 232.7 236 237 239 237.4 236.9 236.9 238.4 236.9 234 232 230.1 230.9 231 230.3
224.5 225.5 226.1 226.4 227 229.2 229 228.4 227.8 227.5 230 233.5 236.1 238.1 240.1 243.2 246.7 250.4 254.6 258.5 259.4 258.8 257.6 254.6 253.8 250 243 236.9 229.6 220.2 214.5 210.2 206.3 207.1 208.2 210.2 213.2 215.7 217.5 218.8 220.3 221.9 223.9 223.5 221.7 227.3 228.8 232.1 232 233 233.2 233.5 234.4 235.1 233 232.4 229.6 232.6 232.9 231.7 233.3 232.9 233.8 237.2 240 241.6 241.1 239.6 239.9 241.2 239.7 238.4 236.1 235.9 233.6 235.5 234.1 234.4
224.5 227.6 227 227.6 227.7 229.9 231.9 230.1 229 229.4 228.8 231.9 233.5 235.1 237.7 240.7 245.6 248.9 252 252.8 254 253.1 250.3 248.6 247.4 244.6 238.8 233.6 227.5 215.9 211.7 207.9 206.9 207.2 208.6 211.9 215.7 218 220.7 224.3 226 225.2 224.7 222.5 229.7 230 229.9 230.8 233.5 235.9 236.7 237 237.1 235.9 233.1 235 234.5 236.6 236 234.6 236.3 237.9 239 241.6 244.1 244.8 243.5 243 244 245 243.3 241.2 239.7 238.4 236.6 238.4 239.1 239.4
226.1 227.5 228.1 228.1 228.2 229.1 230.8 231.2 231.1 231.4 230.8 230.1 232 234.5 237 240.4 245.4 250.4 253.1 252.4 250.7 249.2 247.3 244.8 242.2 238.9 234.2 228.9 221.1 214.9 209.5 208.9 208 209.1 213.1 217.2 219.5 222.7 226.1 227.3 225.4 224.7 227.7 232 232.9 234 234.6 237 238.1 239.7 240.7 240.3 238.4 237.7 238.9 238.8 237.7 238.8 240.5 240.3 241 242 244.6 245.5 246.5 247.6 246.6 246.3 248.5 246.7 246.2 244.9 244.6 241.8 243.2 242.7 242 241.7
226.4 227.2 227.6 228.1 228.5 229.3 230.2 230.3 231.6 232.7 232.3 232.2 233.6 234.8 236.7 240 244.7 250.5 254.9 253 248.8 246 244.5 243.1 241.4 238 229.6 220.6 215.7 212.6 209.3 209 208.7 212.5 217.4 220.1 224.8 227.2 227.6 228.3 229.7 233.6 235.1 234.3 234.7 236 237.6 240 242.1 242.6 243.8 243.2 240.4 241.2 241.1 240.8 241.3 244.2 247.9 245.7 245 247.5 249.3 250.6 252.4 252.2 251.6 252.7 250.7 250.2 250.8 250.1 248.5 247.8 248.5 247 246 245.5
228.6 228.9 228.9 229 229.1 229.7 230.5 230.6 231.2 232.5 232.8 233.7 234.6 235.6 237.3 238.7 243.5 249 253.2 251.4 246.5 243.8 241.2 241.1 239.1 236.1 227.8 218.1 214.1 210.7 209.8 209.2 211.4 216.6 219.9 223.6 225.5 227.8 231.6 234.6 234.9 235.8 237.9 237.2 238.4 240.2 243.8 243.3 244.8 246.4 245.6 244.4 245.1 245.5 245 247 246.2 250.1 249.9 248.9 250.6 253.1 254.6 256 255.9 255.5 254.8 256.7 256.2 257.4 257.8 257.2 255 253.3 252.7 251.3 249.9 248.5
229.2 229.2 229.3 229.3 229.7 230.2 231 231.1 231.8 232.4 233.4 234.4 235.5 236.5 237 238.3 241.6 246.6 249.9 248.7 244.5 241.1 238.8 238.3 236.6 232.7 225.6 216.3 213 211.6 211.4 211.9 216.7 221.1 223.8 226.3 228.8 232.9 235.7 236.8 236.5 239.2 240.7 241.8 242.6 243.7 246.3 247.5 248 248.4 249.2 249.6 248.9 249 251.4 252.8 253 254.5 252.5 253.9 256.5 257.8 259.6 260.7 260.4 260.3 259.9 263 263.8 264 262.7 262.4 260.3 259.2 256.7 255.4 253.6 251.7
229.9 229.6 229.6 229.9 230.2 230.6 231.1 231.7 232.2 232.9 234.1 235.1 236.1 237 237.6 238.4 239.2 243.7 246 243.9 241.3 239 237.2 235.5 232.8 229.2 221.9 214.7 213.1 212.3 211.5 217.7 221.4 224.2 228.1 231.8 233.7 235 237 239 240.3 241.4 245 246.9 246.4 246.4 248.6 249.4 250 251.6 252.9 253 253.9 254.9 255.8 257.3 257.8 258.4 259.7 260.2 262.4 262.6 264.5 265.6 265.4 265.4 266.8 268.9 269.6 269.4 268.7 267.3 265.8 264.9 260.6 259.1 257.5 256.5
230.1 230 230.1 230.4 230.8 231.1 231.6 232 232.5 233.4 234.7 235.8 236.6 237.4 238.2 238.3 238.6 241.8 243.3 242 241.3 238.9 237.3 233.7 229.4 224.7 217.3 214 215.3 217.2 219.7 222.2 226 229.4 231.3 234.3 236.3 238.9 240.6 241.7 243.3 245 246.1 248.8 249.8 249.7 251.6 252.8 253.7 256.1 257.1 258.4 259.8 262.1 262 261.8 263.4 264.9 265.3 266.4 267.5 267 268 271 272.6 271.9 272.7 273.9 274.3 273.9 273.3 271.6 270.7 268.5 264.5 263.3 261.1 261.7
232.1 230.5 230.2 229.9 230 231 231.9 232.2 233 233.9 235 236.3 237.1 237.9 238.3 238.5 238.9 241.8 243.1 240.1 239.3 239.5 238.1 230.7 226.5 220 214.5 214.7 220.6 220.5 224 227.4 231.3 234.1 233.6 235.8 238.7 241.6 243.5 244.3 246.9 248.5 249.2 249.8 251.3 254.4 255 256.8 260 262.2 264.3 265.8 267.3 268 268 267.7 268.4 270.5 270.4 271.7 272.9 272.8 274.6 276.5 277.4 276.2 277.7 278.8 279.2 278.5 277.9 275.5 275 272 270.4 269.1 265.7 265
232 231 231.2 231 230.8 231.5 232 231.4 232.7 234.2 235.4 236.7 237.6 238.4 238.3 238.4 238.2 240.7 241.7 238.9 238.3 238.4 236.3 231.3 226.4 216.4 215.8 215.6 224 226.4 230.4 233.6 235.2 235.9 238.6 240.8 241.8 243.3 245.5 247.3 250 250.8 251.6 253.1 254.7 258.6 261.1 263.2 267.1 269.4 270.8 271.7 273 272.6 273.4 273.7 274.4 275.4 276 277 278 278.4 280 281.4 282.2 282 282.6 283.7 283.8 283.9 282.9 280.6 278.9 275.9 273.9 272.4 273.9 273.3
232.5 232 232.1 232.4 233.2 233 233.2 233.6 234.5 235.3 236 237 238.1 238.4 238.3 238.3 237.7 239.4 240.3 238.4 237.7 238.2 236.3 230 223 215.6 216.2 227.4 228.8 231.5 235.1 236.9 238 240.5 242.6 243.9 244.6 246 247.4 249.4 251.5 252.5 255.4 258 259.9 263.8 267.6 269.3 271.6 274.6 276.5 277.5 278.5 278.2 280.1 279.9 279.9 280.5 279.7 281.5 282.5 283.1 284.5 285.5 286.8 287.6 287.9 288.2 288 288 287.1 284.8 281.2 280.6 280.5 282.1 281.9 280.4
233.9 233.8 235.1 237.2 237.3 235.7 235 235.7 236.6 237.1 237.8 238.5 238.6 238.6 238.6 237.4 236.9 239 238.7 237.5 236.9 236.9 233.1 227.8 220.9 216.4 219.4 229.4 232.9 235.8 238.1 239.8 242.7 244.1 245.6 246.9 247.5 249.1 251 251.9 254.5 257.6 262.4 263.7 268.3 271.6 273.4 275.7 277.7 279.5 281.8 283.2 283.6 284.2 284.2 284.6 284.3 285 284.8 286.1 286.9 287.7 288.8 290 290.9 290.9 292.8 293.5 293.7 293.7 292.4 292.1 290.1 287.3 287.7 286.9 286.6 286
235.6 236 238.6 240 239.1 238.5 236.9 237.9 238.8 238.8 239.1 239.1 239 238.8 237.8 236.5 236.1 235.6 236.7 235.1 235.4 235 228.1 223 219.4 218 219.3 223.4 236.9 239.7 241.5 243.5 245.9 247.5 248.5 249.9 251.1 253.6 255.7 257.4 259.6 265.7 269 271.6 275 277.8 279.7 280.8 282.6 284.4 285.7 287.4 288.1 287.8 288.3 288.9 287.8 288.9 289.9 289.8 291 292.3 293.1 293.9 294.5 296.4 298.3 299.5 300.4 300.3 299.4 298 295.9 294.1 293.9 293.4 293.7 293.1
240.7 240.4 240.6 242.1 241.6 240.8 240.1 240 240.2 239.6 239.6 239.5 238.8 238.2 238.1 237.3 236.4 235 235.1 231.7 231.4 228.3 224.7 220.5 219.9 218.6 219.3 226.5 235.5 243.5 244.8 246.7 249.1 250.9 252.2 254.2 256.2 258.4 261.9 263.8 266.8 270.1 274.2 277.3 280.6 283.7 285.4 286.5 287.6 289.3 291 291.1 291.7 292.4 293.3 294.4 292.7 292.9 293.2 293.7 295.4 296.7 297.7 298.7 300.1 301.6 303.7 304.7 305.5 305.1 304.6 303.4 302.5 302.9 303 303.9 303.5 302.8
244.7 244.5 244.3 244.2 244.3 242.4 241.5 240.8 240.6 240.1 239.4 239.8 239.5 238.2 237.9 237.6 237 236.8 237.9 235.1 233.7 230.2 227 225.7 219.8 219 219.6 227.9 236 244.9 247.7 249.7 252.1 254.3 257.7 260 262.5 265.4 268.2 270.9 274.4 277.8 280.5 283 286.1 289.4 291.2 292.3 293.1 294.3 294.4 294.8 295.1 295.8 297.4 297.6 296.8 296.1 296.4 297.6 299.3 300.4 301.5 303.2 305.4 306.9 308.4 309.6 310.5 310.9 310.5 309.9 309.2 309.6 310.3 310.5 311.1 311.5
245.6 247.5 247.5 249.1 248.7 245.5 243 242.2 241.1 240.7 241.4 240.2 239.2 238.7 237.1 236.2 235 233.6 234 234.2 230.8 231 228.2 227 219.5 219.6 221.1 228.7 240.9 247.8 250.3 252.9 255.5 258.4 261.6 264.9 268.5 271.3 274.3 277.6 281.2 285.1 288.5 291.9 293.4 294.9 296.1 296.8 297.9 298.3 298.5 298.7 298.9 299.5 300.8 299.8 298.8 299.2 300.2 301.4 302.8 304.2 306 308 310 311.9 312.7 314 315.3 315.5 315.6 315.9 316.1 316 316.3 317 317.4 317.4
252.3 253.8 251.5 250.6 249.9 247.7 245.2 243.6 242.5 241.7 241.6 240.2 237.8 237.6 239.5 239.2 238.8 238.3 236.9 233.5 233.6 233.6 233.8 223.6 219.6 220.5 221.3 232.2 243.1 250.2 253.5 256.5 259.5 263.1 266.2 269.6 273.1 276.9 280.5 284.6 287.9 293.3 297.6 297.9 298.9 300.2 301.1 301.3 301.1 301.2 302.3 302.6 302.8 303.1 302.9 303.2 303.7 302.8 303.7 305 306.8 308.7 310.7 312.5 314.3 316.4 318.1 318.6 319.9 320.5 320.8 321.2 321.7 322.2 322.4 323.1 323 322.6
259.9 259.9 258.1 254.5 251 248.9 247.3 245.2 243.7 244.1 242.5 240.6 238.2 241.2 240.9 239.9 238.8 237.6 236.2 238.2 237.6 236.1 234.5 222.9 220.3 221.1 222.6 236 245.5 252.2 256.2 260.1 263.4 267.2 271.6 276.4 278.4 283.1 287.3 291.7 296.8 302.4 304.7 304.3 304.3 305.4 305.1 305.5 304.2 304.2 305.3 305.7 305.9 305.4 305.3 305.5 306.2 304.7 306.2 307.5 309.3 311.3 313.4 315.5 317.9 320.5 322.7 323.5 324.6 325.5 326 326.5 326.9 327.2 327.6 328 327.6 326.8
271.3 265.6 258.9 255.4 252.1 249.9 248.4 246.6 246.4 246.5 244.6 242.1 238.7 242.1 241.1 240.5 239.7 239.2 237.8 239.8 238.8 238.2 235.7 223.5 221.6 223 225.7 240.1 249.4 254.4 259 263.7 267.6 272.1 277 281.7 287 290.2 295.5 302.1 308.3 309.6 309 308.9 309 308.6 307.6 307.4 307.6 306.8 307.6 307.2 306.9 307.6 306.4 306.9 307.1 306.5 308.6 310.3 312.2 314.4 316.5 318.7 321.2 323.9 326.5 327.9 328.7 329.4 329.8 330 330.6 331.2 331.9 332 331.5 330.7
275.7 267 260.1 257.1 253.8 251.1 249.5 247.8 247.2 247.5 246.9 243.5 240.5 241.1 241.8 241 240.9 239.3 240.3 240.4 240.3 240.5 234.4 223.4 222.3 223.8 234.2 246.7 254.8 257.6 263 266.5 271.1 276.1 281.8 285.9 292.5 297.2 305.2 312.8 313.9 313.2 312.1 311.3 311.6 311.3 309.4 309.4 309 307.8 308.7 308 307.7 308 308.1 308.7 308.6 307.5 309.7 312.1 315 317.5 319.6 322 324.4 327.1 329.5 331 331.8 332.3 332.8 333.2 333.8 334.7 334.9 334.6 334.1 333.3
272.8 265.9 262 259.5 256.4 253.3 250.8 249.1 248.6 246.8 244.3 242.8 242.5 243.1 242.9 241.9 241 242 241.5 241.3 241.6 240.8 231.4 223.3 223.7 226.3 240.8 249.4 256.4 260.4 265.3 269 273.6 279.9 286.1 291.2 298.1 305.1 311.7 315.2 316.3 315.5 314.6 313.8 312.5 310.7 308.9 307.9 307.8 307.7 307.8 305.9 307.7 307.3 308.1 308.8 310.1 309.9 310.9 313.4 316.3 319.2 322.3 325.1 327.7 329.8 331.7 333 333.1 333.2 333.5 334.2 334.6 335.2 335.6 335.8 335.8 335.6
270.1 267.3 263.7 261.4 258.1 255 251.8 251.5 249.1 246.4 243.8 242.1 243.9 244.1 243.6 243.1 244.8 244.2 243.1 242.8 242.5 239.2 224.1 223.9 224.4 235.6 248 254.3 259.7 263.4 267.5 271.5 276.5 282.8 288.9 294.5 304 309.6 313.2 315.3 316 315.1 314.1 312.8 310.9 310 307.7 306.5 305.8 305.7 306.3 307 307.3 308 308.5 309.3 310.3 312 312.8 315.1 317.7 320.6 323.7 326.8 330.1 331.8 333.7 333.3 333.2 333.4 333 332.4 332.2 334.2 335.2 335.7 335.9 336
271.1 268.1 264.8 262.2 259.3 256.3 255.1 253.9 250.5 244.8 243.3 243.1 246.6 244.7 243.3 243 245.3 246.7 245.4 246.1 244.4 238.1 224.5 225.3 230.5 246.4 252.9 257.6 260.3 264.6 269 273 278.4 283.9 289.5 296.6 304.9 309.6 312.5 315.1 314.5 313.1 311.8 311.2 308.7 306.6 304.4 304.3 304 305 305.5 305.1 306.6 306.7 309 310 310.6 313 315.1 317.9 320.6 322.8 325.5 327.6 330.4 333 333.9 332.9 333 331.7 329.6 329.9 330.1 332 334.4 335.1 336 335.2
