data/260000-50000.asc
ncols 200
nrows 200
xllcorner 260000
yllcorner 50000
cellsize 50
[rows 74 to 110 of 200, columns 83 to 165 of 200]
84.3 86.3 87.6 88 89.3 89.9 91.2 91.5 93.1 95.1 96.5 99.8 103.1 105.3 106.7 107.7 108.5 108.7 111.3 110.9 111 112.5 111.7 113.5 114.1 113.5 113.4 111.5 109.2 108.9 108.6 106 102.9 100.8 98.1 95.4 91.2 87.1 84.8 84 83.9 82.1 80.8 78.8 75.5 73.8 74.4 77.2 82.1 89.6 98.1 104.4 112.3 120.7 128.8 135.4 140.3 145 148.5 151.2 152.4 154.8 155.2 154.6 153.3 149.9 146.1 143.8 143.9 144.6 143.1 137.2 132.7 136.9 138.7 139.6 140.3 141.5 145.6 150.6 153.8 154.7 155
81.3 82.5 82.9 84.2 84.9 85.1 86.5 88 89.4 91.8 94.3 97.1 100.4 101.9 102.5 103.3 105.8 107.8 108 107.6 107.8 108.5 109.9 111.6 113.4 112.9 111.2 107.5 104.8 103.9 103.5 101.3 98.4 94.9 91.6 84.8 84.4 84.7 82 79.4 76.7 76.4 75.6 73.5 72.1 72 75 87.9 94.2 102.8 109.7 115.8 120.7 126.5 133.1 139.8 144.1 148.2 150.9 153 154.7 155.9 156.1 154.3 151.2 148.2 144.3 140.4 139 140.1 137.6 130 127.8 131 132.3 132.7 134.6 137.9 142.4 147.7 150.1 151 151.8
77.5 77.2 77.9 78.6 79.7 80.5 83 85.2 87.4 89.9 92.7 94.5 96.5 98.8 98.4 99.8 102.1 105 105.3 103.5 103.3 104.1 106.4 110 111.8 112.3 110.4 107.3 101.8 99.1 98.3 96.7 92.2 84.2 83.7 85.7 81.2 79.5 75.4 73.4 72.7 71.4 70.1 69 70.5 73.9 84.7 95.7 104.2 112.4 118.1 122.6 127.4 131.7 137.4 143.2 147.1 149.5 152.2 154.6 155.9 156.9 155.7 153.5 151.9 149.7 145.9 140.8 132 134.4 132.9 125.8 122.8 125.2 125.4 127.6 131.2 135.3 140.2 143.6 145.5 146.3 146.9
73.9 73.9 73.8 75.1 77 78.2 80.2 83 85.5 88.2 91.4 93.8 94.7 95.9 96.2 96.9 99.1 100.8 101 99.5 98.8 100 103.8 107.7 109.6 109.7 108.2 107 101.7 96 93.1 86.1 83.2 87.3 85.3 81 76.1 73.2 69.3 67.4 68.3 66.4 66.9 68.5 76 84 93.5 102.9 111.9 118.6 124.3 127.8 131.9 136.2 140.8 145.8 148.7 151.1 153.5 155.3 156.1 156.5 155.6 154.3 153.4 151.2 147.4 143.1 135.6 127.8 127.2 122.6 118.1 117.9 120.8 124.4 128.7 133 136.4 139.8 142.9 142.2 142.2
69.8 69.7 71.1 72.9 74.8 76.4 78.7 81.3 84 87.8 90.7 92.6 93.2 93 92.8 93.7 95.7 96.7 96.4 95.2 94.7 97.3 101.1 104.9 106.4 106.2 104.7 103 100 90.5 82.8 87 88.5 86.9 82.1 76.9 71.9 68.1 65.3 65 64.8 72.9 78.2 80.5 84.2 91.4 102.9 111.1 118.4 123.5 127.2 131.2 135.1 139.8 143.4 146.8 150.2 152.5 154 154.9 155.5 155.5 155.1 154.2 152.1 149.9 146.2 142.8 136.3 127 120.2 116.9 112 113.7 117.2 120.7 124.5 128.6 131.8 134.6 136.3 137.1 136.6
66.7 67.2 68.6 70.7 73.1 75.4 77.9 80.4 83.2 87.2 89.3 90.7 91.2 91.7 92 90.3 90.8 91.6 91.3 90.1 89.7 95 98.7 102 103.8 102.1 100.8 97.4 86.6 82.5 85.9 82.6 84.8 83.8 80 74.6 68.2 63.5 63.3 63.8 69.1 76.3 80.4 85.3 93 102.7 111.1 116.3 120.2 125.8 130 134.6 138.4 141.4 144.7 147.5 149.8 151.7 153.5 154.2 154.6 154.2 153.8 152.4 149.9 147.6 144.4 141.2 135.6 127.6 119.4 110.6 108.7 109.8 112.4 115.6 118.9 122.1 125.8 127.7 130.3 129.7 130
64.2 64.9 66.9 70.2 73.2 76.2 78.6 80.7 83.2 85.9 87.6 88.8 89.2 89.6 88.9 86.6 85.9 86.6 85.3 83.6 86.9 90.4 95.4 97.8 98.4 98.3 94.2 81.1 84.5 85.3 80.2 78.6 81.2 81.9 78.8 70.3 64.5 62.2 61.7 63.4 70.1 76.4 81.7 91.7 101.4 107.9 112.7 116.2 119.8 124.7 129.7 133.7 138.5 141.6 144.5 147.3 149.4 151 152 152.7 153.1 152.9 151.8 150.4 148.1 145.3 141.8 137 133.3 126.1 119.1 111.6 105.9 107.5 109.2 110.4 112.7 114.1 116 115.7 116.8 118.1 119
61.9 63.4 65.3 69.5 73.4 76.9 78.9 80.7 83.3 84.9 86.1 86.8 87.2 87.7 85.7 82.2 78.9 79.2 77.3 79 83.3 87.7 90.7 93.4 91.7 83.7 80.4 86.7 83.7 78.2 74.9 76.6 78.7 81.1 78.5 72 61 61.2 60.9 62.9 69.8 76.2 82.4 92.7 102.7 107.9 111 114.2 118 122.5 127.4 132.4 138 142.2 144.6 148.1 149.9 150.5 150.5 151.2 151.7 150.2 150.1 148.5 146 141.9 137.4 133.1 127.2 121.4 116.5 109.6 105.5 103.5 105.1 103.9 101.6 103.1 101.2 102.7 104.2 106.5 107.4
60 61.6 63.9 68.9 73.5 77 79 80.7 82.5 83.1 84.1 84.1 84.5 84.6 82 78.4 74 72.7 72.7 76 80.7 84.9 86.7 86.1 78.1 79.6 86.3 84.4 80.9 74 71.8 75.5 79.8 82.6 77.6 67.1 60.4 59.5 61.2 63.6 69.6 76.2 82.6 91.3 101.2 102 103.9 109.4 114.4 121.4 127.9 133.3 138.6 143 145.9 148.3 150.3 149.1 147.8 149.4 148.8 147.7 148.1 145.1 141.9 137.3 131.4 127.8 122.1 115.3 111.7 108.5 106.4 102.9 100.3 98.6 97.4 97.7 100.5 102.4 103.4 104.3 106
58.2 59.5 63.3 67.7 72.8 75 76.2 79.2 80.5 82.7 82.2 81.9 81.5 78.6 76 73 69.7 68.2 69.1 72.7 77.2 81.7 78.4 77.2 84.5 84.5 83.8 81.5 76.4 70.1 69.3 75.3 79.7 76.9 66.6 60.3 58.7 59.3 61.4 67.6 70.2 75.5 83.7 88.9 93.3 95 99.8 109.3 117.2 124.1 129.6 135 140.5 143.9 146.1 148.3 149.2 146.3 144 145 145 144.4 143.3 141.2 137.8 132.1 125.5 120.1 116.1 112.3 108 105.9 105.4 100.7 98 95.6 95.5 98.6 101.9 104.7 106.9 108.8 110.7
56.3 57 62.8 66 70.2 72.1 73.6 75.6 78.4 80.3 80 78.7 75.1 73 70.7 68.2 64.9 64.9 66.9 69.4 73.8 74.8 79.5 81.6 82.9 82.8 81.3 78.7 72.9 65.2 68.4 71.8 70.3 63.2 57.6 56.3 56.1 67.8 81.1 87.6 85.9 85.1 89.6 93 94.2 97.7 107.6 115.5 121.6 126.3 132 136.8 140.1 143.2 145.9 147 146.9 144.2 140.7 139.8 138.9 138 137.7 135.2 131.2 126.4 119.8 110.3 108.4 105.5 103.6 104.8 105.4 102.3 97.9 94.3 95.7 102.5 109 116.6 120.7 122.4 122.3
54.5 55.2 57.4 62.7 65.6 69.4 72.5 74.9 77.5 77.8 76.2 72.6 70.5 68.5 65.7 62.6 61.6 61 70.4 71.6 70.7 73.5 77.9 81.1 82.7 81.5 80.3 77.4 70.8 63.1 67.4 66.1 57.9 54.9 53.6 54.3 59.2 76.2 97.8 104.8 106.7 100 93.1 93.8 99 106.9 112.8 117.4 121.9 127.1 132.6 136.2 139.5 142.2 144.7 146.4 144.6 142.8 138.9 133.4 132.1 131 129.8 127.3 124.3 120 113.8 104.4 99.6 101.2 105.1 108.6 109.9 105.2 97.1 92.4 99.8 109.3 118.8 127.7 133.3 130.6 126.7
53 54 55.4 59.8 63.4 67.5 70.8 73.3 74.1 73.1 71.4 67.8 64.6 63 59.9 65.3 68.3 67 66.3 69.3 71.3 74.9 78.5 82.5 84.5 83.1 82.1 79.8 73.7 60.4 61.4 56.2 52.5 51.6 53 57.5 66.2 81 101.2 99.7 101.1 103.1 102 103 107.6 110.8 113.8 117.5 121.9 126.5 131.6 135.7 138.3 140.6 142.6 143.5 141.8 139 135.2 129.2 124.6 123.6 122.5 120 117.3 112.2 104.6 95.4 95.6 97.4 108.1 111 110.4 101.6 91.7 93.4 108.5 117.8 127.2 133.7 133.7 131.1 128.5
51.3 52.4 53.5 56.5 61.7 65.5 68.4 69.2 69.9 68.8 66.1 63.1 65.1 57.5 63.1 60.4 56.9 61.1 65.4 69.8 74.2 79.6 83.4 84.5 85.9 83 79.4 76.1 70.4 56.5 53.6 51.3 50.5 51.3 58.4 68.4 77.7 84.4 93.4 97.5 102.2 105 108.3 111.1 113.5 116.2 116.4 117.9 121.9 126.7 132.2 135.1 137.2 139 139.6 139.6 138 134.6 130 124.3 116.5 114.8 115.2 112.9 109.9 104 94.9 90 92.1 98 105.6 105.9 102.2 94.9 87.9 101.7 114.4 123.9 127.7 130.2 130.9 130.3 130.9
55.9 56.3 56.9 57.5 58.3 59 59.7 60.3 61.1 62.2 60.1 56.8 53.7 53.1 52.9 52.9 55.3 60.2 65.8 71.5 77.7 81.8 82.7 81.5 78.7 76.2 73.3 69.2 62.7 52.5 50.7 49.3 50.1 59.4 69 76.4 84.9 90.9 95.9 101.1 105.2 109.3 113 115.8 117 119 119.9 121.5 125.2 129.5 131.6 133.7 134.6 135.7 135.9 134.8 131.7 128.4 124.3 119.6 111.5 105.9 107.3 106.1 102.2 95.4 88.1 84.5 87.8 94.2 98.1 98.4 93.5 84.1 92.5 107.3 119.3 122.3 124.3 126.7 128.6 132.3 133.4
48.7 49 49.8 50.1 52.7 56 57.2 57 54.9 54.5 51.8 49.9 52.1 51.2 51 51.2 56 61.1 67.3 72.6 75.4 76.5 76.2 76.7 75.1 73 68.4 62.8 56.8 50.6 48.5 48.7 53.9 66.2 74.8 83.2 90 94.1 99.2 104 108.5 112.6 115.7 118 120.5 122.1 124.4 126.2 129.1 130.3 131.1 132 132.2 131.6 130.4 128.4 125.3 121.8 118.1 114.2 107 95.1 100.6 99.7 95.5 90 82.1 78.7 83.8 87.1 89.1 86.2 80.4 86.8 97.1 111.6 116.1 118.7 121.7 125.3 129.3 134.3 136.3
47.4 47 47.7 48.2 48.2 50.5 50.7 50 48.5 47.8 47.7 48 48.5 48.5 50.8 52.4 58.7 63 66.9 69.3 70.9 71.9 71.7 72.7 72.6 70.4 66.6 60.9 56.1 49.3 48.6 49.4 59.2 69.7 78.8 86 91.6 96.8 101.7 106.6 111.3 114.8 118.1 120.7 123.2 125.5 127.3 127.7 128.9 129.2 129.3 129.6 128.7 126.8 124.5 121.8 119 115.4 111.6 107.4 102 89.8 93.3 92.9 87.3 81.2 76 76.2 80.3 81.7 78.6 78 82.8 92.3 101.3 108.6 111.8 116.7 120.8 126.1 131.2 135.3 138.4
45.4 45.3 45.8 46.5 46 45.9 46 46 45.5 45.6 46.4 46.9 47.1 47.5 48.7 51.6 57.4 61.1 62.9 65.2 66.9 68.6 69 69.4 69.8 67.8 66.3 59.3 57.9 48.8 47.8 49.9 58.1 69.5 80 86.4 93.4 97.9 102.5 107.2 112 116.3 119.9 123.1 125.6 125.9 126.2 127.1 127.9 128 128 126.3 123.2 121.2 118.5 114.2 112 108 103.6 99.2 93.6 84.8 83.5 81.4 77.1 74.1 71.7 71.7 73.2 73.6 75.1 78.8 86.8 94.6 99.8 105.2 110.6 116 121 126.7 131.9 135.3 137.4
44 44.1 44.8 46.4 44.8 44.3 44.7 44.8 44.3 44.9 45.5 45.8 46.1 46.6 48.7 50.8 54.9 57.3 59.1 61 62.7 64.8 67.1 68.7 69.8 70.7 69 68.4 62.7 48.7 47.6 48.2 57.1 68.5 78.5 86.2 93.4 98.4 103.2 108 112.8 117.1 121.2 123.1 124.2 125.2 124.8 125.4 125.7 125.5 123.9 121.7 118.3 115.4 109.8 106.3 103.7 98.9 93.9 88.9 83.9 77.1 73.6 71.9 70.8 68.8 67.8 69.1 71.2 75.2 80 82.3 83.5 89.5 98.1 105.1 109.2 115.2 120.7 126.3 129.8 130.2 132.2
42.7 43 44.2 44.8 44.8 43 43.3 43.6 43.7 44.2 44.5 44.7 45.1 45.7 47.5 49.7 52.8 53.6 56 59.5 62.5 64.9 67.1 70.8 73.1 74.2 73.1 70.4 64.1 47.6 46.5 46.5 58.2 70.2 77.4 84.6 91.6 99.5 104.1 108.7 113.5 117.2 119.2 121.2 122.3 122.5 122.4 123 123.3 121.8 118.9 116.7 112.8 107.4 101.3 98.3 94.3 89.1 83.9 78.8 73.6 69.9 67.6 66.4 65.3 64.9 67.5 71 75.8 83.1 90 93 92 90.6 92.4 100.2 104.3 111 118.8 122.3 122.9 122.3 124.7
41.7 42.1 41.5 42.9 43.3 42.2 42.2 42.4 42.7 43 43.3 43.6 43.9 45.1 47.1 48.8 50.7 52.9 55.8 59.3 62.8 66.7 72.4 76.6 77.2 76.7 75.3 71.8 61.7 46.9 45.3 47.4 56.4 67.4 76.5 85.5 94.5 100.7 105.8 110.1 113.3 115.2 117 118.4 119.1 119.5 119.9 119.5 118.8 117.3 114.8 111.7 106.9 101.4 86.9 89.8 86.8 79.1 73.8 68.9 66.2 64.6 63.8 62.6 62.4 66.1 70.2 75 83.2 93.4 100.3 103.5 99 94.8 90.9 93.3 97.6 107.3 109.4 111.4 114.1 117.3 120.5
41.4 40.8 40.6 40.8 41.3 41.2 41.1 41.4 41.6 41.8 42.2 42.8 43.3 44.9 46.8 48.8 50.7 53.9 57.5 63.1 68.6 73.5 78.6 80.7 80.7 79.6 77.1 71.8 64.3 53.1 44.7 46.6 55 68 76.9 86.6 95 100.9 105.3 109 111 112.3 113.4 114.6 115.2 115.7 115.6 115.1 114.3 112.4 109.2 105.2 100.8 95.7 83.5 72.8 73.2 67.2 65 61.4 61.1 60.3 59.9 61.6 67.9 72.2 75.9 79.7 87.9 95.7 100.6 103.7 103.5 98.8 97.4 102.6 104.2 105.1 109.3 114.5 118.3 122.4 124.1
39.9 39.1 39.3 39.8 39.9 40.4 40.3 40.4 40.9 41.4 41.5 42.3 43.8 45.8 48.1 50.2 52.7 57.1 63.7 70.6 77.6 81.5 84.5 84.7 84.1 82.2 79.6 75.5 71.4 62.4 43.8 44.2 55 67.2 76.3 85.8 92.9 99 103.3 107 108.5 109.5 110.8 110.6 111.1 111.6 111.7 111.1 109.2 106.6 102.9 99.2 93.2 87.3 77.3 66.7 62.4 59.6 57.6 57 57.7 58.5 62.5 68.4 73.7 77.3 81.7 84.4 90.5 97.9 103 107.1 108.7 105.6 105.9 115.1 120.8 122 124.8 128 127.5 129.6 135.1
38.7 38.7 38.7 38.9 39.1 38.8 38.4 39.3 40 41 42.3 43 45 47.8 49.9 53.2 57.4 63.8 71.5 79.2 85 88.4 89.8 89.2 87.3 85.4 83.2 80.7 76.6 67.7 45 42.9 50.7 63.9 74.2 83.3 90.1 96.6 100.7 104.8 105.9 106.5 106.7 106.2 107 107.4 107.7 106.6 104 100.3 96.6 90.9 85 77.9 67.8 59.3 56.9 54.7 54 54.9 55.8 64 69.9 75.3 80.1 84.6 88.1 90.6 95.6 103.8 111.5 117.1 116.6 112.6 111.2 121.3 126.8 131.2 134.8 136.8 139.6 143.3 145.4
37.9 38.1 37.9 37.8 39 37.9 37.9 37.9 39.7 41.2 42.4 44.4 46.9 50.8 55.1 60.4 66.9 74.8 81.9 86.3 90.8 93.3 93.6 94.4 92.7 90.5 88.2 86 80.4 72 52.9 41.9 46.1 59.2 70.5 79.3 87.9 94.4 99.6 103 103.7 103 99.8 100.2 101.9 103.2 102.6 101 97.5 93.7 88.8 82.2 75.4 66.6 57.8 54.7 54.2 52.9 55.7 60.3 66.8 71.7 78.1 83.4 87.2 92.7 95.2 98.1 103.8 111.4 119.8 125.9 125.4 122.2 120.3 124.6 132.1 136.8 140.3 144.2 147.7 150.5 152.5
36.6 36.9 36.8 40.9 45.8 39 38.3 37.9 39.5 41.7 43 46.1 50.2 55.7 63.6 70.8 77.6 82.9 87.7 92.1 95.6 97.2 97.7 97.9 96 94.1 90.7 85.8 79.5 70 57.5 40.4 44.9 54 66.1 74.6 83 92.1 98.1 101.4 102.3 100.6 92.9 94.5 96.6 97.8 96.6 94.9 90.8 87 80.8 72.6 65.4 54.6 52.3 51.7 51 54.4 60.3 66 73.3 78.7 85.2 90.5 94.3 98.2 102.4 107.6 114.4 123.3 129 133.3 133.4 129.6 128.4 128.2 133.8 138.9 143.3 147.8 152 155.1 158.6
34.8 35 41.3 45.6 44.8 40.1 37.1 37.6 38.9 41.3 44.1 48.2 53.4 60.8 70 76.2 81.2 85.8 91.9 95.9 97.6 98.7 99.6 99.7 98.8 96.9 94.3 91.1 88 82.9 67.6 48.8 42.3 50 58 70.8 83.2 91.6 89 100.6 101.2 98.7 90.4 87.3 91.9 91.7 90 88.2 84.2 78.9 71.2 60.7 51.8 49.8 47.8 49.1 52.2 58.1 64.2 70.9 78.8 85.8 92.1 97.3 101 104 107.1 117.7 126.7 131.4 134.8 135.9 137.5 135 133.5 133.3 136 139.9 143.7 150.1 154.3 158.4 162.3
34.9 43.7 48.2 40.9 42.3 37.4 35.3 37 39.5 42.5 46.8 52.8 58.6 65.7 73.7 79.7 84.6 89.5 94.3 96.2 99 100.3 101.1 101.1 101.2 101.7 100.6 97.3 94.4 91.3 81.2 59 40.1 49.2 59.6 71.8 83.6 92.1 96.7 98.7 98.8 95.5 89.3 82.1 86.9 86.4 84.4 81.4 75.8 68.8 58.4 50.1 47.6 45.9 48.9 52.9 55.6 61.7 68.5 75.3 84.6 90.6 99.3 103.7 107.6 111.1 116.3 125.3 131.1 136.1 140.7 141.2 141 140.3 138.9 140.4 143.3 146.5 149.3 152.3 156.9 161.1 165.1
40.8 46.7 44.8 40.8 36.6 33.7 35.5 37.2 39.7 43.9 49.5 56.1 63.6 69.2 77 84.6 88.5 91.4 93.5 95.5 98 100.6 101.8 104.2 104.9 105.7 104.5 102.4 100 97.9 90.5 70.8 41.8 39.9 61.2 68 81.9 90.2 95.5 97.1 95.7 92.7 87.3 76.4 80.5 80.5 77.6 72.6 64.7 53.9 48.4 45.6 46.6 50.8 53.1 55.8 59.1 63.6 71.2 80 89.3 96.4 102.2 107.6 111.8 116.1 121.6 129.1 135.6 141.3 145.9 146.8 147.7 148.9 150.5 152.5 153.5 153.2 153.4 156.6 159.8 162.8 165.8
43.2 43.3 39.4 36.4 31.6 33.5 36.6 38.2 40.2 44.5 52.3 59 67.1 73.1 79.3 85.5 88.3 90.5 92.4 94.3 96.5 99.3 101.4 104 107.2 107.8 107.5 106 104.4 100 87.5 73.5 52.9 38.6 44.7 56.3 75.9 87.6 92.6 93.2 92.4 90.3 86.2 72.2 73.4 71.8 67.7 61.7 50.3 45 44.1 46.2 50.4 55.4 58.2 60.7 62.8 66.7 75.5 85.6 92.1 98.3 104.1 108.2 112 118 125 133 141.5 146.5 151 153.6 155.3 156.8 157.1 157.1 156.9 156.3 157.1 158.1 159.8 162.2 163.8
39.6 37 34.5 29.2 31.5 34.7 36.7 39.1 41.6 47.3 54.1 61.9 68.5 74.4 80.5 84.8 86 87.7 89.7 91.9 95.2 98 101.1 104.7 108.1 110 110.1 108.7 106.1 100.4 86.6 72.4 56.5 37.5 38.3 51.2 71.9 84 86.2 87.2 87 86.7 81.7 65.3 66 64.2 57.6 50.2 44.3 42.6 46 51.7 56.1 60.1 63.2 66.2 67.6 71 80.3 87.2 92.6 97.6 103 107.1 111.6 120.7 129.6 139.2 148.2 153.9 157.3 159.6 160.6 159.8 158.6 158 157.1 156.2 157 158 158.5 159.1 159.1
30.3 31.2 27.7 29.3 32.3 34.9 36.6 39 42.2 48.3 55.2 62.5 69.3 75 78.8 81.3 81.5 82.7 87.2 90.9 94.4 96.9 100.3 104.4 108.3 110.9 111.3 110.3 105.9 100.1 87.3 71.9 55 39 38.3 45.3 66.3 79.4 80.9 82.2 82.2 79.8 74.2 60.5 57.2 54.5 48.8 42 41.4 44.8 52.1 57.7 61.9 65 68.2 72.4 75 76 79.7 86 92.1 97.1 102.2 108.1 115 126.3 137.5 147 154.6 159 161.7 162.1 162.2 161.5 159.8 157.6 153.8 152.1 154.7 155.7 155.1 155.5 153.9
26.5 28.3 28.4 30.4 32.5 34.8 36.9 41.7 45.6 52.3 58.8 65.2 70.7 73.8 76 75.8 75.7 78.7 84.9 89.7 93.4 95.8 98.6 102.2 107 109.9 110.2 108.4 104.4 99.4 87.1 70.8 53.2 39.4 37.5 40.7 60.9 74.8 77 78 76.7 73.7 68.4 55.1 50 45.1 41.4 42.2 45.1 51.2 58.1 63.3 66.7 69.8 74.3 80.9 83.9 83.6 83.6 86.9 91.6 96.6 102.1 108.7 120.2 133.7 145.6 153.1 158.3 162.1 162.9 162.6 162.2 161.7 159.2 154.7 150.6 146.5 150.9 152.5 152.2 151.9 149.2
25.4 26.9 29.2 31.3 32.7 35.1 37.6 42.3 48.4 55.6 61.3 66.3 68.9 70.1 71.8 70.5 69.9 75.5 81.8 87.5 91 92.9 95.1 99.3 103.8 106.9 106.5 105.1 101.5 95.5 86.3 67.3 50.4 38.5 36.5 45.6 61 71.7 73.7 72.6 71.1 68.1 63.2 52.1 43.6 40.1 40.6 44.4 49.5 55.3 62.3 68.2 71.7 76.3 81.2 84.6 88 89.8 89.9 91.3 93.5 96.8 102 109.6 122.6 137.7 147.8 154.3 156.6 158.9 160.1 160.6 160.4 158.6 156.6 154 148.6 141 145.4 148.8 149.1 148.4 145.4
24.7 26.6 29.1 31.2 33.1 35.5 37.6 42.6 48.7 54.9 59.7 63.7 65 66.5 65.3 63.1 68.9 75 79.9 84.6 86.9 89.1 91.7 96 99.7 102.7 103 101.5 98.2 91.8 83.4 63.9 46 37.9 35.5 43.5 55.7 66.8 68.1 67.2 65.8 63.1 55.6 46.2 39.5 39 43.2 49.2 53.9 59.4 65.6 71.8 79 83.5 89.2 89.2 92.4 95.3 96.2 98.2 100.8 104.7 108.6 109.6 120.4 135.5 144.9 149.5 152.5 155.8 156.9 157.7 157.1 154.9 152.8 150.9 147 139.7 139.9 145.1 146.2 145.7 144.4
24.4 26 28.5 30.8 32.4 34.1 37.6 42.7 48.3 53.4 57.4 59.5 60.6 60 57.4 61.5 68.7 73.7 77.9 80.7 81.5 82.6 86.8 91.8 95.3 97.8 98 96.5 93.7 87.5 79.7 61.1 43.6 36.5 35 41.2 51.6 62.2 63.8 62.2 57.8 51.7 43.6 38.7 38 41.5 46.1 51.5 57.7 63.3 69.4 75.4 82 87.3 90.7 90.3 98.2 103.4 106.5 111.1 116.5 118.6 121.5 120.5 119.8 130.5 139.5 144.9 148.4 151.9 153.8 154.2 152.3 149.9 147.9 146.4 143.9 135.9 134.1 140.6 142.8 145.1 144.9
23.8 25.5 28.1 29.6 30.9 32.7 37.1 42 46.7 50.5 54.4 55.8 55.8 54.5 55.2 60.4 67.1 72.2 76.5 75.6 75.1 76.9 81.4 86 89.1 91.8 92.3 91.7 88 82 74 59.7 42.4 34.5 34.3 39.1 51 59.1 57.6 53.8 48 40 37.5 38.3 41.1 45.4 49.5 54.1 61.2 66.8 72 78.6 85.4 90.2 95.7 98.9 106.6 113.2 118.2 127.9 133.8 138.3 134.9 129.1 124.8 127.6 135 140.9 145 148 150.5 148.6 146.5 144.4 143 141 138.2 132.7 128.8 134.8 139.6 143.3 144.3
