data/260000-230000.asc
ncols 200
nrows 200
xllcorner 260000
yllcorner 230000
cellsize 50
[rows 0 to 34 of 200, columns 79 to 157 of 200]
225.2 229.9 230.9 231.2 230.7 226.4 222.8 221.1 222.5 221.5 219.2 213.4 206.7 200.2 194.9 189.7 184.1 176.9 168.9 161.7 154.6 149.9 144.1 138.2 135.8 130 123.6 119.4 119 118.9 120.3 120.1 123.4 129 128.6 128.5 129.3 131.1 135.4 140.2 146.4 158.6 172.8 185.2 196.2 199.3 200.2 201.7 199 194.1 188.5 179.9 179.4 186.3 188.9 191.7 198.3 202.7 205.9 205.5 209.2 211.9 215.6 217.8 216.7 218.7 215.9 212.3 194.4 173.8 156.1 168 170 168.4 164 164.1 167.2 169.1 169.9
216.5 221.8 223.5 224.3 223.7 219 214.5 213.6 214.3 213.7 209.9 204.4 198.4 194.6 189.5 184.4 178.9 173.2 168.1 161.9 156.2 150.3 144.3 138.6 134.5 127.5 120.6 118.2 119.4 119.5 120.1 122.2 129 129.1 128.7 128.5 129.2 131 136.7 141.2 151.1 164.7 177.7 188.3 191.2 198.1 201.7 201.1 201.9 197.9 191.2 181.1 179 183.5 187.6 190.9 193.5 196.2 195.8 199.2 202.4 206 209.3 211.2 213.3 215.9 211.9 206.2 185.5 160.1 160.2 167.4 165.4 158.8 165.7 167.9 173.2 171.9 176.4
208.9 213.4 216.6 216.9 214.9 210.9 207.8 207.7 208.6 206.4 203 197.9 194 189.3 184.1 179 174.1 169.2 164.2 160 154 148 141.6 135.6 132.3 125.4 119.4 119.1 119.6 120.2 120.7 121.3 129.1 129.1 128.8 128.4 129.2 132.9 139 146.5 155.3 167.3 179.7 185.2 192.4 196.4 198.5 201.3 202.7 197.5 190 181.2 178.2 184.2 188.4 189.6 188.7 190.2 192.2 195.5 200.4 204.3 206.1 208.1 210.2 209.4 208.5 196.2 171.4 155 160.7 162.1 157.1 161.4 167.9 171 175.2 179.1 183.4
202.6 206 208 209 206.2 202.7 200.8 201.8 203.2 200.2 196.8 193.3 189 183.5 175.9 172.2 169.8 165.4 161.1 156.8 151.4 144.9 138.6 134.5 130.5 122.4 118.5 118.9 119.3 119.8 120.4 120.9 126 128.6 129.2 128.5 130.5 134.1 139.1 145.5 156.2 168.1 184.6 187.5 191.1 195 198.6 200.1 198.2 195.5 188.5 183.8 176.6 183.1 187.2 186.8 185.8 187.3 191.1 194.9 198.7 201 203.2 207.3 209.2 209.5 206.6 182.3 157.2 154.6 159.1 157.5 160.1 166.3 169.6 172.6 176.3 181.2 186.3
194.1 196.5 198.7 199.2 197.7 194.9 195.8 197.5 198.3 195.5 193.5 188.5 183.5 177.6 169.6 164.3 163.7 160.6 157.5 152.8 148.2 141.7 137.6 134.7 130 119.7 117.3 118.6 119.1 119.5 120.1 120.8 127.5 127.7 127.8 128.5 130.8 134.9 139.3 148.4 157 171.4 179.6 184.4 189.5 192.5 194.7 197 196.6 196.5 193.3 186.5 175.4 181.7 183.7 182.2 181.2 183.3 186.6 191 194.1 196.5 199.2 203.1 205.9 207.4 198.5 172.9 157.6 153.6 154.2 155.6 159.2 163.8 167.6 172.7 177.4 183 189
184.7 186.8 188.9 189.2 189.3 189.5 191.1 192.7 193.5 191.8 189.8 185.2 178.4 172.3 163.2 156.5 156 153.7 151.7 148.1 144.8 139.8 136.7 133.2 130.8 119.2 117.7 118.2 118.7 119.3 119.7 121.7 126.4 127.5 128.7 129.8 131.7 134.9 139.3 152.1 162.7 171.2 175.8 180.7 185 188.8 192.8 196.4 198.4 201.8 200.6 193.8 175.7 179.3 180.5 178.9 178.8 179.8 182.6 185.8 188 190.3 193.8 199.1 203.6 200.2 189.4 167.4 157.1 155.3 152.5 154.1 157.8 161.4 165.5 172 177.5 183 191
175.4 177.1 179 181.3 182.4 183.3 186.5 190.2 191.7 192 189.8 185.7 179.7 168.3 160.8 157.1 153.9 151.2 148.2 146.4 143 140 135.9 134.5 131 118.5 117.5 117.8 118.1 118.8 121.1 124 126.3 127.9 129.4 131 132.4 135 144.8 153 161 167.3 171.3 174.9 182.2 187.2 192.3 197.3 202.6 205.5 203 194.5 178.9 173.4 175.6 174.7 174.8 176.2 178.9 180.3 182.2 185.2 192.4 199.2 198.1 192.5 180.3 161 154.4 153.3 152.9 152.2 155.9 158.5 162.7 168.5 175.2 183.4 192
166.7 169.1 171.6 174.2 176.1 179.3 183.5 188 190.1 191.1 190.2 188.9 185.1 177.7 171.5 166.3 157.8 155.1 148.3 145.5 142.1 139.1 136.8 134.3 132.6 117.5 117.9 118.1 118.2 119.4 121.8 124.1 126 127.4 129 130.5 132.7 135.8 143 149.5 154.3 156.9 166.2 174.1 181.6 188.4 192.7 197.7 203.1 204.1 198.5 190.5 182 171.5 170.6 172 172.3 172.4 175.2 177.5 179.5 183.4 188.8 191.8 190.7 183.3 171.6 154 151.9 151.4 151.1 150.8 153 155.7 160.2 165 172.9 182.1 191.9
162.3 164 165.6 169.4 172.4 177.2 182.3 186.4 189.2 190.7 190.9 190.4 189.9 186.6 183.7 180.9 175.2 162.8 151.1 146.7 143.4 140 136.8 127.8 126.3 117.3 118 118.3 118.4 119.2 121.3 123.6 126.1 127.1 128.5 130.8 133.1 133.2 134.4 141.2 149.8 158.6 166.7 174.6 183.3 189.5 194.1 198.2 201.5 197.6 192.4 187.7 180.6 174.8 169.8 170.2 169.9 170 171.5 174.3 176.2 179.2 183.6 181.6 181.7 173.9 163 151.9 150.6 150.2 150 150.1 152.5 154.8 158.7 164.7 173.7 183.4 192.9
160.2 160.8 163.9 166.6 171.3 175.9 180.1 184.1 188 190.1 192.6 192.2 192.1 192.6 191.2 190.1 182.4 168.9 157 149.8 144.5 141.1 137.8 135.2 132 117.7 118 118.3 118.6 118.8 121.7 123.6 126.2 127.1 129.4 132.2 133.1 134.5 137.1 144 152.8 160.8 168.4 176.9 184.5 190 194.7 197.1 195.8 191.3 186.6 182.5 180.4 175.3 171.9 170.3 168.9 166.7 167.9 169.3 171.3 172.7 172.5 171.4 171.2 165.1 156.8 151.4 150 149.5 149 149.9 154 158.7 163.8 170 177.5 187.3 196.6
158.6 160.1 162.2 164.6 170.4 174.9 178.8 182.7 186.5 190.1 193 194 195.3 197.7 199.4 192.7 182.6 172.5 160.2 152.6 146.3 141.7 138.3 133.8 130.9 117.9 117.4 117.7 118.1 118.6 122.2 123.8 125.9 127.3 129.5 131.8 132.7 133.5 138 146.8 156.1 162.5 170.8 178.3 185.4 190.6 191.8 189.9 187.7 185.3 183 181.5 179.3 177.4 174.6 173.1 171.9 170.1 168.8 167 163.6 161.5 162.5 161.5 160.5 157.9 151.6 150.6 148.6 148.1 148.7 151.5 156.2 163.3 169.9 176.8 184.7 193.1 201.3
156.7 157.3 160.6 164.2 167.6 171.9 176.5 181.2 185.7 189.2 192.7 196.8 200.4 203.3 199.1 190.6 181.5 172.4 163 155.4 148.5 143.8 139 132.5 128.9 117.5 116.7 117 117.6 118.9 120.4 123.5 125.5 127.3 129.5 131.6 132.5 134.9 143.7 149.9 158.1 164.4 171.9 178.4 183.1 184.3 184.3 182.8 182 180.8 180.2 179.6 179.6 179.6 179.5 179 180.8 181.8 180.6 177.4 171.7 165.3 158.1 153.5 150.7 148.9 148.5 147.9 147.2 147.5 149.4 153.7 158.7 166.7 174.6 182.7 191.5 199.9 208.3
152.9 157.6 160.5 163.6 166.6 170.3 174.5 179.2 184.3 189.2 193.2 197 201 201.1 194.3 187.1 179.9 172.1 164.6 157.3 149.2 143.4 137.8 132.1 128.6 116.9 116.6 117 117.3 117.7 120.1 123.1 125.2 127.2 129.5 131.7 134.2 137.6 143.3 151.5 159.9 166.7 172.1 174.9 177 178.1 178.7 178.2 177 176 176.4 176.9 179.9 181.2 183.5 186.3 191.1 193.8 196 195.3 188.3 179.7 166.6 155 148.6 147.2 146.7 146.3 146.4 147.9 151.7 155.8 163 170.6 179.2 187.4 196.4 204.9 212.8
152.8 156.9 159.9 162.9 165.9 168.9 173.1 177.8 183.1 187.9 192.8 196.3 195.5 192.3 186.9 182.2 176.6 170 163.4 154.8 147 141.8 136.5 131.7 128.4 117.7 117.2 117.4 117.3 117.4 118.9 122.6 125 127.2 129.2 131.2 134.4 136 144.2 151.5 157 162 165.7 168.9 171.4 173.4 172.7 171.8 171.2 170.9 173.6 178.2 181.7 185.2 188.5 192.8 198.1 204.3 209.7 206.1 198.4 183.4 163.3 150.6 147.7 146.9 145.7 145.4 146.7 148.3 152.5 158.6 165.5 173.4 182.6 192.3 201.2 207.7 215.9
153.1 157.1 159.4 162.4 165.4 167.9 170.6 175.6 181.6 186.9 189.7 188.6 185.6 182.4 179.8 175.6 171.4 165.5 158.9 152.2 145 139.9 134.8 131.4 128.3 116.6 116.6 116.6 116.6 117 119.8 122.7 124.6 126.5 128.4 130.4 133.8 136.4 142.9 147.9 151.3 155.7 159.2 162.6 164.1 164.3 163.8 163.5 164.9 172.3 177.5 180.9 186.2 190 193.8 200.1 206.7 210.7 212.9 210 196 174.6 153 148 146.2 145.6 145.1 145.4 147 148.7 151.6 157.1 164.7 175.7 185.2 194 202.7 210.9 220.3
154.3 157.5 158.9 161.9 164.5 166.4 167.9 173.5 180 181.9 181.2 178.6 175.4 172.6 170.5 168.4 165.3 159.9 152.4 147.8 143.1 137.7 132.4 130.2 124.9 116 116 116.1 117.2 118 120.4 122.9 123.8 125.9 127.8 129.7 132.5 135.2 138 142.8 146.4 149.5 152.3 154.6 154.4 152.2 155.7 166.3 170.3 174.5 178.8 184 190.5 195.3 200 207.3 211.1 214.4 213.4 204.3 184.2 163.3 149.2 146.1 144.5 144.4 144.2 145.2 147.1 149.7 153.7 158.7 166.1 170.9 180.7 194.9 203.3 213.9 222.7
156.4 159.4 160.3 161.2 163.3 164.1 164 167.6 172 172.9 171.3 168.6 165.8 163.8 161.7 161.1 159.3 153.8 147.9 143.2 139.8 134.4 130.7 128.6 116.4 116.7 116.4 116.1 117 118.4 120.1 122.8 122.6 125.4 127.3 128.9 130.3 133.7 136 138 140.9 143.1 145.4 143.5 152.3 159.3 163.9 168.1 172.4 176.3 181.3 186 193 200 205.8 209.8 213.9 214.3 209.7 192.7 171.5 151.5 147.1 143.7 143.6 143.7 144 145.9 148.1 151.8 157.4 164.1 171.9 179.7 189.3 195.5 206.8 217.8 225.2
157.1 160.1 162.4 161.2 161 160.5 158.6 160.1 163.1 165.2 163.9 161.9 158.8 155.8 154.1 154.7 153.1 148.6 143.5 139.3 136.4 132.4 129.5 117.4 116.1 116.3 116.5 116.2 116.8 118.5 119.5 120.9 126 125.1 126.8 128.1 129.1 130.6 132.4 133.6 136.3 136.8 142 148.5 155.2 160.7 165.5 169.8 174.4 179.1 185.4 188.7 197 203.8 207.7 210.9 212.5 210.5 198.7 179.8 157.9 148.7 144.8 142.2 142.5 142.8 144.3 147 150.9 157.3 163.7 170.2 178.2 185.9 194.6 204 214 220.2 230.5
157.1 158.7 159.4 158.4 157.8 157.1 151.1 153.1 155.6 156.7 157.4 157.3 155.3 151.9 148.9 148.9 146.7 144.6 140 136.8 133.8 130.6 128.6 115.5 115.1 115.3 115.8 116.3 116.6 118.6 119.4 125.5 127.2 126.2 126.3 127.7 129 129.9 131.5 133.1 135.1 138.9 144.7 150.8 156.9 162.2 167.6 173.2 179.1 184.3 189.3 193.3 199.1 204.7 207.8 209.3 210.4 202.5 188.9 168.7 151.4 145.7 141.8 141.5 141.7 143.6 147.2 150.6 156.3 163.3 170.2 178.5 186.1 193.4 201.6 211.6 221.7 230.2 235.4
156.7 157 156.5 154.8 152 149.4 146.8 148.8 150.3 152.5 154.2 154.4 153.2 149.7 146.6 144 142.3 140.5 138 134.5 131.4 128.6 127 115.1 114.9 115 115.6 115.9 117.3 118.4 119.3 122.8 125.3 125.5 126.6 127.8 128.9 129.8 130.7 132.8 135.5 140.2 145.6 150.7 156.2 162.5 168.6 174.7 180.8 187.7 189.6 195.4 201.7 207.4 208.4 208.9 201.4 191.9 178.9 159.6 145.5 141.7 140.9 141.1 143.5 147.4 151 155.6 161.7 168.8 177.6 186.8 194 201.5 211.4 221.5 231.1 238.6 245.3
155.2 155.5 152.1 148.8 145.5 142.1 143.7 145.5 148.3 151 152.9 153.3 151.5 147.5 145 142.7 140.2 138.6 136.6 134.2 131.8 129.1 118.3 114.9 114.7 114.8 115 115.9 117.8 118.3 119.4 121.3 125.2 125.9 127 127.9 128.8 129.7 131.2 133.5 137.1 141.8 146.8 151.9 157 162.4 168.1 173.3 178.6 185.1 190.7 198 206 207.6 207.8 202.1 190.6 181.4 170.8 153.2 142.9 140 140.4 142.4 146.9 151.3 155.6 160.5 168.1 176.4 184.5 192.9 201.7 211.1 222.2 231.8 239.9 247.7 254.8
151.8 150.2 145.9 143.8 139.4 140.4 142.7 144.9 147.9 150.7 152.7 153.5 152.2 149.3 145.2 141.4 138.9 136.7 134.9 132.5 130.3 129.4 114.7 114.8 114.4 114.5 114.8 116.6 117.7 118 119.7 121.9 125.4 126.2 127 127.7 129 129.7 132 135.1 139.7 144.3 149.6 154.6 158.9 163.4 168.7 173.4 177.7 182.5 191.4 200.7 205.7 202.9 197.7 186.9 178.9 171.7 163.1 147.4 139.4 139.5 141.2 145.1 148.4 153.5 158.8 165.5 173 182 190.7 199.1 209.3 220.3 231.7 240.3 248.5 255.9 262.6
142 140.4 137.7 136.1 137.7 140.3 142.7 145.2 148.3 151.2 153.5 155.5 154.5 151.7 148 142.8 138.4 134.9 133 131.3 129.9 127.1 114.4 114.3 114.2 114.3 114.4 117.1 117.7 117.7 120 124 124.7 125.7 126.6 127.5 128.3 131.1 133.8 138.4 143.1 147.8 151.9 155.7 159.4 163.4 168.1 172.9 176.7 182.7 193 197 193.4 189.6 182.9 174.7 167.7 161.3 155 141.7 139.2 139.1 142.6 146.7 150.7 156.1 162.6 170.4 177.7 186.7 195.8 206.4 217.7 229.8 239.2 248 256 262.7 268.6
134.4 132.6 131.2 134.1 137.5 140.3 142.7 145.5 148.6 151.7 154.2 156.3 155.5 153.8 148.1 141.8 136.8 133.1 131 127 128.6 116 113.9 113.9 113.9 113.8 115.5 117.3 117.3 117.7 122.1 123.9 124 125 125.9 127.2 129.4 133.6 136.9 139.6 145 150.5 152.8 156.4 159.8 162.6 166.3 170.2 174.6 183.1 185.4 182.3 179 173.9 168.2 163.1 157.8 153 147.2 141.6 138.2 140.4 144.4 148.2 153.3 158.5 166.2 174.1 182.3 191.9 201.5 212.9 224.8 235.5 246 255.5 262.8 267.6 274.9
130.7 131 130.4 133.6 136.9 140.3 142.7 145.8 148.9 151.9 155 155 154 151.1 144.9 139 133.7 130.1 129.5 126.9 123.2 113.7 113.6 113.6 113.6 113.5 113.4 116.8 117.2 117.8 123.3 123.9 123.4 124.9 126.7 128.6 132.1 136.5 140.8 142.2 143.8 147.5 151.6 154 156.8 158.6 161.5 164.2 170.4 173 168.6 165.7 162 158.8 155.1 151.8 148 145.1 142.5 137.9 137.9 140.9 145.5 149.7 155.2 162.1 168.7 176.6 185.7 196.2 206.1 217.1 228.8 240.2 250.9 260.7 266.3 273.1 281.9
127.1 127.9 130 133.4 136.7 139.9 142.9 145.9 148.5 150.9 152.1 150.4 148.5 144 139 134.4 130.1 127.2 126.9 119.8 113.8 113.2 113.4 113.3 113.3 113.2 113.1 113.1 117.2 117.8 120.9 123.7 124.7 125.6 126.7 128.6 133.8 138.5 141.6 140.2 141.3 143.8 147.3 150.6 152.8 154.5 155.4 154.6 158.3 158.7 152.1 148.3 146.3 144.8 143.5 141.2 139.8 138.4 137.3 137 138.3 141.3 146.5 151.1 156.6 163.3 169.5 178.7 188.9 199.3 209.1 220 231.8 242.3 253 261.8 271 280.5 288
126.6 126.5 129.4 132.7 136 139.3 140.5 142.8 145.1 146.1 145.1 143.4 141 137.4 134.8 131 127.4 125.6 121.9 113.8 112.9 112.8 113.1 113.1 113 112.9 112.9 112.8 116.8 117.6 122.1 124.3 125.4 127.1 130 134.6 135 136 136.7 135.6 136.1 138.5 141.1 141.6 143.6 144.7 144.5 143 142.8 140.1 136.9 134.9 135 134.9 135 135.2 135.9 136.3 136.5 137.1 138.6 141.5 146.8 152.2 157.8 164.1 171 181.6 191.4 200.9 210 221 230.7 242.7 253.6 264.4 274.9 285 293.8
125.1 125.5 128.7 131.9 135.3 136.6 137.7 139.6 141.6 141.1 140.4 138.7 136.4 133.7 131 127.6 125.2 123.3 120.3 112.3 112.4 112.5 112.6 112.8 112.7 112.6 112.5 112.4 117.3 122.5 124.2 125.5 128.3 133.4 139.2 139.5 137.4 133.2 131.1 130.4 131 130.9 132 133 133.5 134.6 134.1 133.2 132 132.5 132.4 132.6 132.9 133.4 133.9 134.4 135.1 135.9 136.6 137.3 139.1 141.6 146.7 151.9 157.5 165 172.5 181.2 190.9 200.2 210.2 219.9 229.3 241.4 253.5 266.1 277.8 288.3 297.3
125.9 124.4 127.6 131.1 132.8 133.9 135 136.3 137.1 136.5 136 133.9 132.8 130.1 127.3 125 122.8 122.2 117.9 112.3 112.5 112.5 112.6 112.4 112.3 112.2 112.1 112.3 118.9 123.4 125.4 129 134.8 141.4 146.4 142.8 134.9 129.4 127.3 126.9 126.5 127.4 129.8 130.1 128.9 129.2 129.4 130.2 130.7 131.7 131.7 132.3 132.4 132.8 133.2 133.7 134.6 135.4 136.6 138 139.5 142.6 146.1 151.5 156.3 162.8 170.5 177.6 187.2 196.7 206.3 217.4 228.3 240.3 254.1 267.7 280.2 290.9 299.1
125.1 122.5 126 129.5 131.6 132.3 132.9 133.6 132.8 132.1 131.5 130.5 129.2 126.7 124.6 122.7 120.2 119.4 116.3 112.2 112.5 112.5 111.7 112.1 111.5 111.7 111.7 114.8 122.4 126.1 128.9 135.6 142.3 147.8 148.4 140.5 130.8 125.8 125.3 125.8 126.3 126.9 127.5 128.7 128.2 128.8 129.2 129.6 130.1 130.6 131.4 132.1 132.1 132.2 133.4 133.7 134.7 136 137.4 138.7 140.2 142.6 145.6 149.1 153.6 159.2 164.8 172.5 183.4 194.7 204.9 216.1 228 241.1 255.2 268.7 281.7 291.3 299.3
126.3 121.6 124.5 127.9 130.9 131.8 132.7 132.2 131.5 130.6 129.3 127.9 126.8 124.4 122.1 119.9 113.4 112.1 111.7 111.9 112.3 111.2 112 111.7 113.3 115.5 115.4 121.9 127.2 130.2 136.9 145.5 152.2 152.4 148.6 134.1 125.8 124.7 125 126.2 126.3 127.7 128.2 129 130.7 131.5 131.3 132.5 132.1 132.4 134.5 136 137.3 138 138 138.5 138 139.3 140.7 141.6 142.2 143 145 148.2 150.6 155.7 163.7 172.6 181.9 193.4 203.9 217.9 226.6 243.9 258 271 282.5 291.8 298.8
124.2 121 123 126.3 129.6 131.5 131.4 130.9 129.9 128.6 127.3 126.1 125.3 123.6 119.1 112 111.2 111 111.1 111.2 111.4 110.6 112 112.2 114.9 115.5 116.1 126 134.3 139.5 146.8 158.4 163.3 158.8 146.6 128.2 124.2 124.5 124.8 126.8 131.3 134.4 134.9 134.3 135.5 137.2 138.6 140.2 141.5 141.9 142.9 144.7 147.3 147.6 146.6 145.5 144.6 145.7 145.5 146.2 147.7 147.1 148.1 153.5 159.8 165.5 169 175.5 184.4 195.2 208.8 221.3 236 248.5 261 274.8 285.8 294.3 295.2
123.4 120 121.8 124.9 128 130.3 130.3 129.2 128 126.7 125.5 124.2 123.1 120.9 117.1 109.4 110 111.3 111.4 111.4 111.4 110.5 111.8 112.8 115 115.8 121.6 133.5 142.2 149.7 160.8 170.8 171.5 164.4 147.3 125.8 124 124.7 127.2 132 135.7 137.8 138.6 138.7 140.2 141.9 143.5 145.9 148.8 150.1 152.4 154.6 155.8 155.9 155 152.7 151.5 151.7 153.3 154.5 156.6 159.3 166.3 171.5 177.1 182.5 188.7 194.7 200.6 208 213.3 228.2 244 255.8 266.9 279 289.2 294.5 290.8
123.2 118.3 120.6 123.2 126 128 127.8 127.2 126.1 125 124.2 122.8 121 118.2 113.5 109.6 110.1 110.4 111.5 111.3 111.1 110.2 111 114.4 115.4 119.9 131.9 144.2 153.3 164.3 173.4 180.4 179.4 169.9 147.5 124.3 123.8 124.9 131.1 133.4 137.3 139.5 140.2 141.6 144.9 147.2 149.8 152.7 156.1 159.5 164 165.9 165.9 164.7 162.3 159.7 158.6 160.3 161.9 165.2 169.5 174.7 179.8 184.4 189.5 195.4 201.7 209.1 216.4 223.1 230.9 239.5 251.9 263.2 274.5 286.2 292.7 293.5 287.9
124.3 120 118.5 120.8 123.1 123.4 125 124.9 124.6 123.8 122.5 120.9 118.9 116.1 112.7 110.4 109.7 109.5 110.1 110.7 110.8 110.6 109.6 114.7 121 130.3 143.9 156.2 167 176.4 184.5 188.1 184.8 174.2 145.6 125.3 123.8 125.3 130.9 133.6 136.6 138.7 141.3 143.6 146.9 150.7 155.1 159.9 164.8 172 177.8 177.1 173.4 170.7 167.7 165 164.7 166.5 168.8 174 179.9 185.2 188.9 193 197.8 203.5 210.7 217.8 225.6 233.2 241.3 250.1 259.5 270.3 280.8 291.6 296.5 294.4 288
