data/260000-40000.asc
ncols 200
nrows 200
xllcorner 260000
yllcorner 40000
cellsize 50
[rows 38 to 75 of 200, columns 0 to 84 of 200]
104.3 103.4 102.1 100.3 98.8 98 96.6 92.4 89.6 87.1 84.8 82.2 79.5 77.3 77.5 75.5 79 84.5 70.2 68.1 66.9 68 63 60.9 60.7 57.5 52.9 48 44.6 42.2 39.1 39.6 40.3 41.8 37.3 29.4 12.1 2.9 3.1 -1.6 -1.6 1.8 19.1 31.3 36.1 41.1 47.7 52.3 57 61.5 69.9 77.5 83.8 88.3 93.2 99.4 104.9 108.5 111 113.4 114.9 115.5 115.7 117.6 117.9 118.5 117.4 116.1 113.6 111.5 109 109.3 109.8 108.1 107 106.6 107.1 106.9 105.6 106.6 106.1 106.5 108.5 112.4 116.6
102.3 101.4 100.8 99.9 98.8 97.1 94.8 91 87.2 83.8 80.8 77.9 76 73.5 71.8 70.2 68.1 67.2 66.2 64.3 63.7 64 65 61.8 59.8 56.9 53.4 50.7 48.3 46.2 43 42.3 43 42.5 39.6 33.2 26.3 2.9 2.2 -1.6 -1.6 4.3 22.1 31.5 37.1 41.8 47.7 53.6 60.1 67.7 78.7 86.5 90.9 95 100.3 105.1 108.3 111 113.5 115.1 116.3 116.8 117.3 118.8 119.1 118.3 116.8 113.9 111 108 106.9 107 106.7 105.5 104 102.7 103.1 103.1 102.8 100.6 102 104.8 108.2 113.1 117
98.3 98.7 97.4 97.2 96.4 94.7 92.8 88.8 85 81 76.5 73.7 71.8 68.6 66.7 65.1 63.2 62.5 61.8 61.4 61.7 61.2 59.9 59.5 58.3 55.8 52.6 49.8 48.4 46.3 43.4 42.2 41.2 39.8 38.1 32.2 25.6 8.3 1.3 -1.6 -1.6 9.4 22.1 29.7 36.1 42 53.5 60.7 71.5 79.2 86.9 91.6 95.5 101.1 104 107 110.5 113.7 116 117.2 117.3 118 118.6 118.7 117.7 116.3 114.9 111.7 108.4 104.8 104.1 103.6 103.9 102.7 101.1 99.6 99.6 98.9 99.6 100.3 101.4 105.2 110.9 115 116.8
93.8 94.7 95.3 94.7 94 92.3 89.6 86.4 82.3 78.4 74.3 69.2 66.4 63.6 61.7 60.1 58.5 57.7 56.7 56.3 56.8 57.7 57.2 57.4 56.6 53.2 50 47 44.3 41.2 37.6 36.8 35.8 35.2 33.9 30.9 22.9 2 0.6 -1.6 -1.6 9.1 20.6 27.9 36.4 61 76.6 85.8 93.5 88.2 91.7 95.8 100.3 103.6 106.5 109.4 114 115.5 115.7 115.7 115.8 116.5 116.8 116.5 116 114.8 112.9 109.9 105.3 101.7 100.5 100.8 100.7 99.2 97.7 95.6 95.9 94.9 96.2 99.6 103.9 107.8 113.1 114.8 115.5
89.6 90.3 91.9 91.7 91.5 89.8 87 83.6 79.5 75.8 72.2 66 61.6 58.1 55.6 54.6 53.7 52.6 51.8 51.4 51.5 52.5 53.5 53.5 53.1 49.4 45.6 41 39.3 35 32.4 31.5 30.4 29 25.4 22.4 4.2 1.2 0 -1.6 -1.6 15.3 37.3 49.7 60.7 70.3 82.4 89.8 94.1 96.4 106.1 101.7 104.1 106.3 109.1 110.3 111.9 112.4 113.7 113.5 114.1 114.6 114.6 114.6 114.3 113.4 111.4 107.9 104 101 96.9 97.5 96.3 94.7 91.8 89.7 94.4 97.3 102.9 105.2 107.9 111.2 113.6 114.8 115
84.5 86.2 88 88.5 88.7 87.7 86 82.9 80.1 75.6 72.4 68.7 63.7 57.6 52.1 47.3 47.6 46.4 44.7 42.9 43.2 46.1 48.5 48.1 48 45.4 39.7 34.7 30.9 27.9 25.7 24.8 23.9 20.4 14.1 1.6 1 0.3 -0.6 -1.6 11.2 35.6 47.7 53.9 58.8 64.4 73.8 90.4 100.4 102.3 102.2 104.2 105.6 106.9 107.7 108.5 109.1 109.5 110.9 110.5 110.4 111.6 112.2 113 113.1 113.3 112 110.5 106.8 102.4 97.9 94.6 92.4 90.4 90.4 94.6 100.6 103.9 107.2 107.9 110.7 112.5 112.6 113.3 113.3
80.1 82.1 84.7 85.9 87.2 87.2 86.3 84.2 82.2 80.2 77.5 74.4 69.3 65 57.1 47.2 42.2 39.4 36.7 34.9 36 38.2 45.5 45.6 45.1 42.6 37.1 30.1 24.9 21 18.6 17.5 14.2 1.6 1.2 0.9 0.4 -0.2 -1 -1.6 22.2 40.1 48.4 56.1 61.6 68.4 76.6 86.3 93.7 99.1 100.8 102.2 103.1 103.9 105.1 105.4 106.2 106.5 105.8 106 107 108.4 109.7 111.2 112.1 112.5 112.9 111.7 110 106.5 102 97 88.2 88.3 94.2 99 102.9 106.4 108.3 109.3 109.9 110.5 110.8 111.4 111
76.1 78.6 82 83.7 86.3 88.3 87.5 86.3 85 83.5 82.1 80.2 76.8 71.6 64.1 53.8 43.4 35.5 31.5 29.3 31.2 36.5 41 42.1 42.3 39.8 35 28.3 21.2 13.9 9.5 8.2 1.4 0.9 0.4 0.1 -0.3 -0.8 -1.6 -1.6 27.1 42 48.6 56.7 64.6 72.5 80.1 86 90.4 94.3 97.6 99.7 100 100.9 101.5 101.7 101.2 101.8 101.7 101.9 103 104.3 106.8 109.9 111.3 112.2 112.9 111.8 111.5 109.5 105 99.1 94 86.3 92.2 98.2 101.9 105 106.3 107.6 108.2 108.6 109.1 109.3 108.6
72.9 74.3 79.3 83.8 87.1 88.8 88.5 87.9 87.4 86.3 85.5 83.7 78.9 73.6 68.1 59.5 51.6 37.7 29.1 25.3 25.2 29.5 35.2 37.5 39.3 37.4 32.7 26.3 18 2.4 1.5 1 0.5 0 -0.4 -0.8 -1.1 -1.6 -1.6 6.4 34.9 44.8 50.2 58.4 65.8 73 80 84.2 87.1 90 93.2 95.9 97.1 97.4 97.7 98 98.2 97.8 96.3 95.5 99.1 101.9 105.7 108.1 110.3 111.9 112.6 112.6 112.7 109.7 106.5 102.7 96.9 87.2 86.3 94.4 97.7 100.5 102.7 104.5 106 106.5 107 106.8 106.1
70.6 71 79.8 84.5 88.1 90.3 91.1 90.4 89.3 87.8 85.1 82.5 78.7 74.2 69.9 62.1 58.3 46.8 37 26.4 20.6 20.3 26.8 33.7 35.5 35 28.6 21.1 13 1.6 0.9 0.3 -0.2 -0.8 -1.6 -1.6 -1.6 -1.6 -1.6 22.3 33.7 45.1 52.7 61.8 67.3 74 78.7 81.8 84.2 86.5 89.8 92.5 93.9 94.1 94.6 95 94.6 88.4 90.1 92.6 99.8 104.6 106.8 109 111.5 113.5 114.7 114.6 112.2 109.3 106.9 105.4 99 88.7 83 90 92.9 95.7 98.3 100.6 102.7 103.9 103.8 103.7 103.1
70.2 76.5 82.2 86 89.1 91 91.9 90.4 88.7 86.5 83.6 80.4 76.9 72.4 66.3 60.7 57.1 55.4 57.2 54.3 39 15.4 17.1 30.4 34.3 31 24.4 16.9 10 1.2 0.5 -0.2 -0.9 -1.6 -1.6 -1.6 -1.6 -1.6 15.3 26.2 36.8 47.5 56.9 64.9 69.7 73.6 75.8 78.4 81 83.2 85.5 88 89.9 90.9 92 90.5 88.6 86.8 89.1 95.8 102.1 107.2 111.7 114.5 116 115.7 115.7 114.7 111.3 109.2 107.2 102.6 97.4 89.9 80.8 85.2 87.8 91.1 94.6 98.2 100.2 101.2 100.7 100.4 100
67.2 75.5 82.8 86.9 87.4 88.3 89.8 88.7 87 83.4 79.9 76.9 73.2 67.7 61.8 55.1 51.2 51.7 64 57.6 40.6 22.9 10.4 25.7 32.3 28.3 21.3 14.3 1.5 0.4 -0.1 -0.7 -1.2 -1.6 -1.6 -1.6 -1.6 8.4 20.3 31.4 41.4 51.9 59.1 65.6 69 70.5 72.1 73.1 75.1 78 80.8 83.2 85.5 86.4 85.3 83.7 83.2 87.7 93.4 102.7 107.2 112.2 115.3 117.2 117.9 117.6 117.1 114 110.8 107.6 103.7 99.1 95.3 87.9 80.8 80.3 83.7 89 92.7 96.3 97.3 98.4 98.6 97.4 96.9
63.7 72.3 78.7 81.7 84.2 85.8 86.9 86.4 84.6 81.1 77.6 73.4 67.6 62.8 55.6 48.5 44.7 44 45.8 40.7 28.4 8.8 8.5 22.4 38.8 26.2 18.7 3.2 0.7 -0.5 -1 -1.6 -1.6 -1.6 -1.6 -1.6 -1.6 17.4 27.6 36.9 45.2 53.9 59.4 62.5 64.3 63.6 65.3 67.2 68.6 72.2 75.4 78.3 80.6 80 78.8 79 84.9 94.3 101.1 108.2 112.1 114.6 117.1 119 119.6 118.5 116.5 113.1 107.8 103.7 100.8 96 91.1 86.4 80.8 77.9 79.8 88 92 94.8 95.8 96.8 95.7 93 93.4
61.2 69.5 74.8 76.3 80.6 80.7 81.6 81.8 81.7 79.5 77.6 71.1 65.3 58 48.9 40.5 35.3 33.4 30.4 32.7 8.7 6.4 10.9 35.9 50.3 42.8 19 0.7 -1.6 -1.6 -1.6 -1.6 -1.6 -1.6 -1.6 -1.6 9.7 23.1 30 39.3 46.3 52.5 55.5 56.6 55.7 54.9 55.6 57.1 59.2 64.7 68.4 70.4 72.4 72.7 79.1 85.8 94.3 101.9 107.9 112 114.6 116.6 119 119.7 119.2 117.7 115.7 110.9 105.8 100.3 96.1 94.3 92.7 91.1 87.3 81.4 76.3 80.2 88.6 93 94.4 94.2 93 88.9 92.9
56 67.1 71.1 72.5 73.1 72.9 75.5 77.9 79 78 78.5 69.8 62.4 54.6 45.4 34.5 25.9 19.6 14.3 10.5 3.7 4.2 12 40.2 42.7 33.7 23.2 -1.6 -1.6 -1.6 -1.6 -1.6 -1.6 -1.6 -1.6 1.3 18.6 26 33.1 39.5 44.3 47.3 48.3 46.5 43.7 43 45.1 48.8 55.2 58.5 63.3 67.8 73.5 79.9 88.1 94.5 102.4 107.9 111.7 114.9 116.9 120.1 119.7 119.2 117.4 115.3 113.2 109.7 104.5 100.9 98.9 100.1 99.8 98.1 97.2 95.2 82.8 76.4 79.4 88.4 90.6 90.3 88.5 83.7 92.6
47.5 62 68.3 69.3 68.7 68.7 71.4 74.2 76.5 77.1 76.2 69.7 61.1 52.5 40 30.7 24.5 20.6 12.9 2.9 1.3 1.7 15.5 25.7 4.4 1.3 -1.6 -1.6 -1.6 -1.6 -1.6 -1.6 -1.6 -0.2 0.8 9.7 18.2 24.3 30.1 34.8 37 35.5 33.9 31.9 35.9 45 54.1 61.4 67.2 70 74.6 78.7 85.2 89.8 97.2 103.5 106.8 110.4 114 117 118.9 119.8 118.8 117.4 116 114 111.4 108.2 106.5 104.5 103.9 104.5 103.6 102.5 100.3 96.2 89.7 92.9 79.4 76.2 85.2 84.2 80 85.9 94.2
39.2 55.8 65.1 65.4 63.6 64.4 68.4 72.1 74.4 76.8 75.7 82.7 60.6 51.3 41.2 35.6 34.3 32.1 18.7 1.4 0.2 0.4 1.5 2.4 -1.6 -1.6 -1.6 -1.6 -1.6 -1.6 -1.3 -0.8 -0.5 0.4 1.4 2.1 13.5 17.5 19.6 21.7 21 21.3 26.5 37.4 47.8 55.5 62.4 71.1 78.3 83.7 88.2 92.5 95.3 98.8 104.4 109.2 110.8 112.7 116.3 118.6 118.6 118 116.7 114.9 113.8 112.6 110.6 108.1 107.4 107.3 106.4 105.7 105.7 104.3 101.2 99.5 97.1 93.8 92.7 78.2 73.1 78.2 79.7 87.7 92.7
36.5 50.6 57.5 57 56.4 59.3 63.5 69.5 74.7 76.1 75.4 83.5 68.7 54.5 50.1 58.3 50.8 44.3 5 -1.6 -1.6 -1.6 -1.6 -1.6 -1.6 -1.6 -1.6 -1.6 -1.6 -1.6 -0.8 -0.1 0.3 0.9 1.7 1.7 4.9 7.3 9 11.6 17.6 25.1 36.5 46.3 55.4 63.3 71.3 78.7 86.3 91.9 97.2 100 102.5 105.5 109.7 111.9 113.7 115.7 117.9 117.4 116.8 116 114.4 112.3 111.2 110.6 109.3 108.5 107.9 107.6 107.4 106.8 106 104.9 104.3 103.2 102 99.3 96.4 91.9 87.6 71.1 76.6 86.2 91.9
42.4 30 47.1 45.7 49.8 54.8 62.6 70.2 76 76.3 75 81.5 87.6 84.4 73.6 60.5 49.1 39.5 5.1 -1.6 -1.6 -1.6 -1.6 -1.6 -1.6 -1.6 -1.6 -1.6 -1.6 -1.3 -0.3 0.5 0.9 1.5 1.7 7.6 10.6 9.9 15.4 21.6 27.5 35.9 43.5 53.7 62.9 69.3 76.2 84.5 91.2 96.6 101.7 104.8 107 109.4 111.9 113.1 114.8 116.6 115.9 115.4 114.3 112 110.6 109.8 109.7 109.6 108.7 108.4 108.1 107.7 107.3 106.8 106.5 106.2 106.1 105.4 103.9 101.8 98.6 94 88.8 84.7 67.6 81.6 87.8
44.8 26.1 28.5 36.7 47.9 56.4 64 71.4 75.9 76 74.4 73 75.7 66.8 56.4 50 41.6 6.7 -1.6 -1.6 -1.6 -1.6 -1.6 -1.6 -1.6 -1.6 -1.6 -1.6 -1.6 -0.8 0.2 1.1 1.6 13.3 18.9 21.5 19.7 23.7 33.5 40.7 47 50.7 52.4 61 67.9 74.8 81 88.9 96.1 100.4 106.1 107.7 109.7 112.1 113.3 114.9 115.4 114.7 114.1 113.2 110.5 108.1 106.6 107.1 107.8 108 107.5 106.7 105.9 106.4 107 106.6 106.9 108.2 107.4 107.2 104.2 101.1 97.9 94 90 85.2 84 65.1 84.1
47.7 24 24.7 39 51.1 59.2 66.4 72.1 72.6 71.1 69.3 64.6 58.7 53.3 48.2 42.4 22.4 -1.6 -1.6 -1.6 -1.6 -1.6 -1.6 -1.6 -1.6 -1.6 -1.6 -1.6 -1.6 -0.4 0.6 1.6 19.4 25.2 28 32.4 37.9 43.2 51.5 60.5 66.5 67.8 68.1 70.6 74.2 80.2 86.2 93.3 100.2 103.7 107.2 110.3 111.5 112.7 113.5 113.2 113.4 112.8 111.8 109.1 107.2 104.3 103.7 104.7 105.2 104.3 104 103.7 102.9 104.4 105 106.1 108 108.7 109.1 107.2 103.6 100.1 96.9 93.3 88.7 84.7 86.3 65 80.7
47.1 22.4 20.3 36.9 51.1 61.5 68.7 69.5 67.2 64.2 60.9 55.8 49.7 43.3 34.1 23.1 -1.6 -1.6 -1.6 -1.6 -1.6 -1.6 -1.6 -1.6 -1.6 -1.6 -1.6 -1.6 -1.6 -1.6 16.3 24.1 26.5 31.3 36.1 42.3 49.1 56.5 65.4 73.6 79.3 82.4 83 83.4 84.7 87.6 92.6 98.7 102.9 105.7 109.2 111.3 112.2 113 112.6 112.1 111.5 109.3 105.5 105.2 102.6 101.2 100.9 100.9 100.9 100.6 100.2 99.8 100.6 102.4 103.8 106 108 108.7 108.9 106.3 102.8 99.3 95.8 92 87.9 81.8 81.3 67.8 79.9
36.4 17 18.5 38.3 53.9 62.2 66 63 58.8 54.2 49.2 45 32.7 11.6 3.6 -1.6 -1.6 -1.6 -1.6 -1.6 -1.6 -1.6 -1.6 -1.6 -1.6 -1.6 -1.6 -1.6 -1.6 13.8 23.9 28.4 32.7 37.1 41.7 48.7 56.7 67.7 76.7 82.8 88.2 90.8 92.2 93.2 94.2 96.6 99.9 102.8 105.6 107.6 110.6 112.2 112.7 112.5 111.4 110.6 110.1 106.8 103.6 98.9 98.3 98.6 97.1 96.6 96.1 95.5 95.2 95.8 98 101.1 103.8 106 107.4 108 106.7 104 101.1 99 96.1 92.6 88.2 80.6 73.6 63 67.5
29.6 11.3 20.8 40.4 41.3 55.4 58.3 55.2 48.9 40.8 2.2 -1.6 -1.6 -1.6 -1.6 -1.6 -1.6 -1.6 -1.6 -1.6 -1.6 -1.6 -1.6 -1.6 -1.6 -1.6 -1.6 -1.6 -1.6 19.2 26 30.7 35.8 40.9 45.7 52.6 65.1 76.3 83.3 89 93.5 96.1 97.9 99.1 101.3 103.8 104 106 108.1 109.8 111.2 112.6 112.6 112.8 111.7 110.6 109.5 107.5 103.8 100.3 97.1 93.8 92.1 91.5 91 90.1 90.5 92.8 96.4 100 103.6 105.5 106.2 105.3 104.5 102.6 100.9 99.4 96.2 92.8 87.6 81.7 74.6 68.9 58.9
16.1 -1.6 5 8.5 6 47.7 49.5 43.8 35.5 20.4 -1.6 -1.6 -1.6 -1.6 -1.6 -1.6 -1.6 -1.6 -1.6 -1.6 -1.6 -1.6 -1.6 -1.6 -1.6 -1.6 -1.6 -1.6 1 19.9 29.1 33.3 38.3 43.8 50.6 62 73.3 81.2 87.5 93.2 96 98.7 100.6 102.7 104.5 105.9 107.1 108.6 109.6 110.7 111.4 112.7 112.7 112.7 112.2 111.2 109.8 108.3 106.3 102.8 98.1 92.1 86.9 86.1 84.4 84.9 87.4 91.1 94.8 99.8 102.8 104.2 103.7 103.2 102.7 102.2 100.8 99.5 96 92.1 88.1 84.4 80.3 79 72.6
-1.6 -1.6 -1.6 -1.6 -1.6 36.4 36.3 29.7 20.8 1.7 -1.6 -1.6 -1.6 -1.6 -1.6 -1.6 -1.6 -1.6 -1.6 -1.6 -1.6 -1.6 -1.6 -1.6 -1.6 -1.6 -1.6 -1.6 1.4 24 31.6 36.6 40.9 50.3 60.4 69.5 77.4 84.4 89.3 93.2 96.2 99.2 101.3 103.7 105.8 107 108 108.8 110.5 111.6 112.3 112.9 113 113.1 112.7 111.5 110.1 108.7 106.8 103.2 98.7 92 84.7 81.3 80.7 81.9 84.6 88.7 93.9 98.7 101.1 101.2 102.1 101.6 101.1 101 100.1 98.4 95.7 92.6 90.5 87.7 84.7 82.3 82.1
-1.6 -1.6 -1.6 -1.6 -1.6 21.1 21.6 9.3 -1.6 -1.6 -1.6 -1.6 -1.6 -1.6 -1.6 -1.6 -1.6 -1.6 -1.6 -1.6 -1.6 -1.6 -1.6 -1.6 -1.6 -1.6 -1.6 -1.6 2.5 27.4 34.3 40.6 49 58.8 66.1 72.7 79.5 84.9 89.7 93.2 96 98.2 100.5 102.4 104.2 105.4 107.5 108.8 110.5 112.3 113.3 113.5 113.3 112.7 112.1 110.7 109.3 108.3 105.9 102.6 97 89.1 82.7 79.3 78.7 76.2 77.8 83.2 91.7 96.7 97.7 97.7 98.6 99.5 99.5 99.6 98.2 96.7 95.3 93.7 92.4 90.4 88.4 86.9 82
-1.6 -1.6 -1.6 -1.6 -1.6 1.7 5.6 -1.6 -1.6 -1.6 -1.6 -1.6 -1.6 -1.6 -1.6 -1.6 -1.6 -1.6 -1.6 -1.6 -1.6 -1.6 -1.6 -1.6 -1.6 -1.6 -1.6 -1.6 1.7 27.6 36 45.2 53.3 60.8 67.8 73.4 79.4 85 89 90.3 93.5 95.1 97.1 100.1 102.2 104 106.1 108.3 110.8 113 113.7 113.2 112.6 112 111.4 110.8 108.7 106.1 103.8 99 92.9 86.4 81.7 81 79.6 75.6 74.8 71.7 79.1 91 93.8 94.1 95 96 96.9 97 97 96.6 95.2 94.4 93.5 92.3 90.7 87.8 82.3
-1.6 -1.6 -1.6 -1.6 -1.6 -1.3 -1.6 -1.6 -1.6 -1.6 -1.6 -1.6 -1.6 -1.6 -1.6 -1.6 -1.6 -1.6 -1.6 -1.6 -1.6 -1.6 -1.6 -1.6 -1.6 -1.6 -1.6 -1.6 5.6 28.9 38 47.4 54.9 61.7 67.5 73.3 77.6 81.3 83.9 86.3 88 90.6 93.7 97.3 100.6 103.8 106.4 109.8 111.7 112.6 113 112.4 111.9 111.3 110.7 110.1 109 106 103 98.4 93 88.6 86.5 87.8 87.6 87.8 91.2 90.7 67.1 78.7 89.3 89.8 90.9 91.6 92.6 93.6 93.7 94 93.9 93.4 92.6 91.9 90.2 86.9 82.2
-1.6 -1.6 -1.6 -1.6 -1.6 -1.6 -1.6 -1.6 -1.6 -1.6 -1.6 -1.6 -1.6 -1.6 -1.6 -1.6 -1.6 -1.6 -1.6 -1.6 -1.6 -1.6 -1.6 -1.6 -1.6 -1.6 -1.6 1.7 1.7 29.7 39.6 49.1 56.2 61.7 66.3 69.5 72 74.8 76.6 77.9 80.2 85.4 91.6 95.6 100.7 105 107.5 109.9 111 111.7 112.2 111.5 110.9 110.3 109.7 109.1 108.6 106.5 103.8 101.5 98 94.6 94.4 95.7 97.5 99.9 103.6 100.6 76.4 66.3 80.4 83.8 85.2 87.2 88.5 89.6 90.2 90.9 91.3 91.2 90.4 90 88.8 85.4 79.6
-1.6 -1.6 -1.6 -1.6 -1.6 -1.6 -1.6 -1.6 -1.6 -1.6 -1.6 -1.6 -1.6 -1.6 -1.6 -1.6 -1.6 -1.6 -1.6 -1.6 -1.6 -1.6 -1.6 -1.6 -1.6 -1.6 -1.6 0.4 12 30 41.1 50 55 59 60.1 62.2 64 66.1 67.8 70.8 77.9 86.5 93.1 98 103 105.8 108 109 110.1 110.2 109.8 109.5 108.9 108.3 107.7 107.6 108.1 106.9 105.4 103.5 102.1 101.3 102.1 103.9 105.7 106 104 106.8 92.3 62.9 71.4 77.4 78.8 79.7 80.3 81.5 83.6 84.9 86.8 88.5 88.7 87.7 86 83.1 79
-1.6 -1.6 -1.6 -1.6 -1.6 -1.6 -1.6 -1.6 -1.6 -1.6 -1.6 -1.6 -1.6 -1.6 -1.6 -1.6 -1.6 -1.6 -1.6 -1.6 -1.6 -1.6 -1.6 -1.6 -1.6 -1.6 -1.6 0 1.7 30.1 40.4 46.7 48.5 49.6 51 52.5 55.3 58.1 64.5 72.4 82.6 90.4 96 100.4 104.3 106.3 107.1 108 107.3 107.1 107 107.2 106.9 106.3 106.5 107 107.7 108.6 107.3 106.8 106.2 105.8 107.6 110.2 110.4 109 106.8 104.6 102.7 72.6 59.6 72.7 72.2 67.6 60.9 62.4 73 79.5 79.9 82.7 83.2 83 80.7 77.1 71.8
-1.6 -1.6 -1.6 -1.6 -1.6 -1.6 -1.6 -1.6 -1.6 -1.6 -1.6 -1.6 -1.6 -1.6 -1.6 -1.6 -1.6 -1.6 -1.6 -1.6 -1.6 -1.6 -1.6 -1.6 -1.6 -1.6 -1.6 -1.6 1.7 27.4 37.3 18.1 14.6 39 41 46.4 53.6 59.5 68.5 79.8 87.8 93.8 98.5 102.8 104.6 105.4 106.2 105.6 104.3 103.2 101.9 102.3 103.2 105 105.8 107.2 108.5 109.2 109.9 109.9 109.7 110 112.4 112.6 111.5 110.6 109 105 102.9 99.1 72.9 55.6 49.5 46.3 44 43.6 51.7 69.8 72.3 75.9 76.7 76.2 67.5 60.2 57.5
-1.6 -1.6 -1.6 -1.6 -1.6 -1.6 -1.6 -1.6 -1.6 -1.6 -1.6 -1.6 -1.6 -1.6 -1.6 -1.6 -1.6 -1.6 -1.6 -1.6 -1.6 -1.6 -1.6 -1.6 -1.6 -1.6 -1.6 -1.6 -1.6 -1.6 1.5 0.9 0.9 3.2 39.6 49.7 59.1 67.9 78.9 85.9 91.6 96.9 101.1 103.4 104.6 105.8 106.1 104.9 102 99.4 97.3 98 99.4 101.4 104.2 106.3 108.5 109.7 110.9 111.8 113.1 113.3 113.1 112.9 112.5 111.9 111.2 108.6 104.6 106.1 91.3 83.3 64.2 58.8 50.3 40.6 36 47.5 65.4 69 66.9 59.7 52.2 49 40.2
-1.6 -1.6 -1.6 -1.6 -1.6 -1.6 -1.6 -1.6 -1.6 -1.6 -1.6 -1.6 -1.6 -1.6 -1.6 -1.6 -1.6 -1.6 -1.6 -1.6 -1.6 -1.6 -1.6 -1.6 -1.6 -1.6 -1.6 -1.6 -1.6 -1.6 -1.6 -1.6 0.6 1.7 44.2 56.8 66.9 76.1 83.9 89.9 95.5 100.2 103.7 104.2 105.5 106.1 105.1 104.1 101.8 98.4 94.3 92.4 93.4 96.8 101.7 105.4 107.8 109.8 111 112.1 112.6 112.7 112.5 112.4 112.9 112.5 112.2 111.9 109.4 108.6 105.3 94.5 85.2 85.9 78.4 64.4 39.8 30.8 48.6 55.7 50.5 43.4 39.4 35.3 42.8
-1.6 -1.6 -1.6 -1.6 -1.6 -1.6 -1.6 -1.6 -1.6 -1.6 -1.6 -1.6 -1.6 -1.6 -1.6 -1.6 -1.6 -1.6 -1.6 -1.6 -1.6 -1.6 -1.6 -1.6 -1.6 -1.6 -1.6 -1.6 -1.6 -1.6 -1.6 -1.6 -0.7 4.5 48.8 62.3 71.7 80.4 87.8 93.5 98.1 102.4 105.2 105.5 106.2 105.2 104.3 103.5 102 98.7 92.6 88.9 87.7 92.4 98.3 102.8 105.9 108.2 110.1 110.6 111.4 111.9 111.9 112.4 113.2 112.9 112.8 113.1 113.2 108.2 102.9 97 92.5 87.4 77.7 62.7 44.7 31.5 39.1 42.3 36.3 31.6 34.2 42.9 52.1
-1.6 -1.6 -1.6 -1.6 -1.6 -1.6 -1.6 -1.6 -1.6 -1.6 -1.6 -1.6 -1.6 -1.6 -1.6 -1.6 -1.6 -1.6 -1.6 -1.6 -1.6 -1.6 -1.6 -1.6 -1.6 -1.6 -1.6 -1.6 -1.6 -1.6 -1.6 -1.6 0.3 12.8 56.6 67.8 77.4 85 91 95.5 100.1 103.8 105.6 107.2 105.8 105 104.3 103.4 102.4 99 95.2 88.5 81.9 85.9 94 99.2 102.8 105.8 107.7 109.1 110.1 110.3 110 111.1 112.4 113.3 113.4 112.6 111.4 107.5 102.8 97.1 91.3 83.3 67.6 53.2 37.4 26.5 30 27.2 28.8 35.4 45.2 55 64.1
-1.6 -1.6 -1.6 -1.6 -1.6 -1.6 -1.6 -1.6 -1.6 -1.6 -1.6 -1.6 -1.6 -1.6 -1.6 -1.6 -1.6 -1.6 -1.6 -1.6 -1.6 -1.6 -1.6 -1.6 -1.6 -1.6 -1.6 -1.6 -1.6 -1.6 -1.6 -1.6 0.6 10.5 62.4 73.5 81.4 88.5 92.2 97.2 102 103.9 105.4 106 104.9 104.9 104.4 103.9 103.3 101.9 99 93.9 83.2 76.9 84.5 94 99.3 102.5 105 106.6 107.3 108.1 107.6 108.7 110.4 112.1 111.3 110.2 108.5 105.4 99.8 93.6 83.8 68.5 52.6 37.9 24.1 22.4 27.1 31.6 39.9 47.9 58.1 68.2 78.6
