data/260000-210000.asc
ncols 200
nrows 200
xllcorner 260000
yllcorner 210000
cellsize 50
[rows 70 to 104 of 200, columns 80 to 159 of 200]
110 115.4 122.9 124.8 125.7 127.1 129.2 131.1 134.3 137.6 145.5 150.8 154.3 157.6 159.7 161.4 161.4 161.4 159.7 156.8 150.5 149.2 153.3 160.1 162.2 166.1 171.4 176.6 180.1 183.4 186.6 189.8 192.3 193.9 196.4 201.2 204.2 207.2 210.1 212.1 213.9 217.7 225.4 230.9 235.1 237.1 238.9 241.1 243.6 246 253 258.8 264.5 269.8 272.1 274.4 277.8 281.4 285 290 296.5 304.4 313.4 323.1 328.4 332.3 337.6 341.3 340.1 344 351.7 356.3 359.8 363.1 365.8 368.4 375 381.9 388.9 397.2
115.2 119.8 120.8 122.3 124.8 126.9 129.7 132.3 136.7 143.7 149.6 153 156.2 159.4 160.7 160.4 160.3 159.2 156.9 153.7 148.9 148.6 157.2 163.5 166.1 169.7 173.8 179.8 183.6 186.8 190 193.2 196.4 198.7 199.9 205.8 209.1 212.2 214.8 216.7 219.6 220 227.5 232.8 234.5 236.9 238.8 241.2 243.8 249.1 256.6 263 268.7 272.5 274.9 277.2 280.4 283.7 287.1 292.7 300.6 311.2 319.2 324 327.9 330.5 334.9 334 334.2 342.2 349.8 354 357.5 360.8 363.7 369 375.5 381.3 387.8 394.3
116.6 119.7 121.4 122.5 124.8 128.4 132.4 136.3 141 146.6 152.3 155.3 157.6 159.1 159.4 158.5 158.3 156.9 152.1 147 148.1 152.9 161.3 166.5 170.4 173.7 177.4 182.8 186.9 190.1 193.3 196.5 200 203.4 205.9 209.4 214 217.2 219.5 222.8 227.6 229.3 231.8 233.4 235.8 237.6 239.5 242 247 253.8 260.2 267.1 272.3 275.3 277.6 280 283.2 286.5 289.1 296.2 305.5 314.8 319.9 323.9 325.8 326.4 329.8 329.5 333 342 347.4 352 355.5 359 363.1 369.4 374.8 380.4 385 387.4
118.5 119.3 122.1 123.6 126.6 130.1 134.1 138.6 143.6 148.9 154.2 155.8 157.3 157.4 156.5 155.9 155.7 151.3 145.2 144 156 157.4 163.9 169.7 174.9 178.2 181.2 185.7 190.3 193.5 196.7 200.1 203.3 207.2 210.7 213.9 217.9 222.1 225.7 229.6 232.1 232.5 231.2 235.3 237.9 239.7 241.8 245.2 251.6 258.5 264.9 271.3 275.6 278 280.4 282.7 285.1 288 291.5 299.2 308 314.9 319.6 321.3 322.6 322.4 324.5 328 335.1 342.1 346.3 350.2 353.7 357.2 363.3 367.8 371.8 378.3 381 379.4
119.9 121.2 122.5 125.4 128.5 131.9 136.6 141.4 146.2 151.7 154.1 154.6 154.6 154.3 151.6 150.9 148.8 143.6 144 155.5 161 165.3 168 172.9 179.4 181.8 185.4 189.1 193.6 196.8 200.1 203 206.7 211.2 215.5 218.7 222.4 225.9 230.5 233 234.4 234.3 232.8 236.5 240 242 246.8 250.3 256.8 264.4 270.4 274.8 278.4 280.6 282.9 285.4 287.9 290.4 294 299.8 308.8 313.5 316.2 317.4 317.8 318.8 325.2 330.7 335.9 340.6 344.4 348.4 352.1 355.9 360.7 363.8 371 375.8 374.3 371.2
120.1 121.4 122.9 127.2 130.6 134.2 139 144.2 148.2 152.1 153 151.7 149.5 147.5 145.3 144.3 141.2 145.5 153.7 160.6 164.5 167.2 171.5 175.7 180.8 185.7 189.3 193 196.8 199.8 202.7 206.3 210.8 215.3 219.8 223.8 227.2 229.9 231.9 234.8 235.8 236 235.4 238.4 244.9 249.7 254.5 258.5 264.8 269.9 274.5 278.6 281 283.2 285.6 288.1 290.6 293.1 296.7 302 308.8 311.4 313 314.2 317.2 322.4 327.2 331.9 335.6 338.5 342.5 346.3 349.1 353.1 356.7 362.2 368.7 367.2 365.8 364.2
119.5 121.3 125 129.6 133.2 136.8 140.5 145.4 148.1 150.8 149.5 146.9 145.6 144.9 141 139.4 143.9 151.6 158.5 163.6 166.1 168.8 171.9 176.9 182.2 187.1 191.3 195.5 199 202.4 205.9 210.4 214.9 219.4 223.9 228.2 231.7 234.1 236.3 236.6 237.4 238.3 240.6 246.9 252.9 257.3 261.9 266.4 270.4 274.1 278.1 281.3 283.1 285.9 288.2 290.8 293.3 295.8 299.2 303.9 307.6 309 310.8 313.6 317.9 323 328 331.3 334.4 337.1 339.9 342.1 344.6 349.6 356.5 361.6 361.4 358.7 357.1 355.6
118.8 123.6 128.4 133.9 136.7 139.4 142.8 145.5 147.2 148.2 146 143.1 140.1 138.8 138 137 148.9 156.5 161.8 165.4 168.5 171 175.6 180.6 185.1 189.5 194.1 197.7 201.3 205 209.6 214.4 219 223.6 228.5 233.3 236.3 239 241 240.9 240.2 242.6 247.1 252.5 260 263.3 267 269.5 273.3 277.4 280.5 282.7 284.7 288.2 291.6 293 295.6 298.2 300.2 302.4 303.7 306.7 309 312.3 316.8 322.9 328.5 330.6 333.2 335 336 337.3 342.8 349.8 353.8 355 352.9 350.2 348.6 345.4
123.7 128.4 133.7 136 138.1 141 144.2 145.5 145.6 145.8 141.5 137.2 136.9 136.3 135.5 140.9 154 159.7 163.6 167.2 170.5 174.4 178.9 183.3 187.8 192.3 196.5 200.4 204.1 208 212.8 218.3 223.4 229.6 233.8 237.9 240.8 243.7 245.4 246.5 248.1 254.1 257.7 261.1 264.8 267.3 269.8 273.3 276.7 278.9 281.1 283.5 286.3 290.4 294.3 296.8 298.1 299.1 299.4 300.8 302.6 305.1 307.9 312.5 317.7 324.2 328.6 330.1 330.4 331.1 332.1 334.9 344.1 347.4 346.7 345.9 343.2 339.9 339 337.4
127.8 131.5 135.3 137.9 140.3 142.6 144.7 144.7 143.5 140.7 133.2 134.1 134.9 134.8 141.8 150.7 157.6 162.1 165.8 169.5 173 177.1 181.6 186.1 190.5 194.8 199.2 204.1 207.9 213.1 218.2 225 231.2 236.5 240.2 243.5 246.2 249.1 252.5 255.4 259.7 264.8 264.7 266.2 267.3 270.2 272.4 275 277.6 279 281.1 283.5 287.7 292.2 296.3 298.5 298.8 297.8 298.4 299.6 301.5 303.7 306.8 312.7 318.3 324 325.5 325.4 325.6 326.2 327 329.3 336.9 337.9 337.5 336.6 330.4 329.6 329.2 329.2
131.6 132.6 136.5 139.1 141.8 144.1 144.4 143.2 138.4 130.8 128.2 132.4 137.3 141.4 148.8 155.9 161.5 164.9 168.4 172 175.7 179.9 184.3 188.8 193.2 197.9 202.9 208 213.3 218.4 224.6 233.5 239.7 242.5 245.4 249 253.2 258.3 264.3 269.4 273.2 269.7 268.1 268.8 269.7 272.9 274.9 276.6 278.1 279.3 281.1 284.5 289.1 293.7 297.4 298.2 297.7 296.6 297.5 298.5 301.4 304.2 305.7 311.7 316.5 319.6 319.8 319.7 319.5 319.6 320.5 323 324.3 325.9 327.2 327 318.1 318.8 319.8 319.8
133.6 135.8 138 140.4 143 143.9 142.8 139.3 132.2 127.5 128.4 139.2 145.6 150.5 155.8 161.2 164.6 167.9 171.3 174.7 178.4 182.7 187.1 191.5 196.5 201.7 207.1 213 217.9 223.2 232.1 239.3 243 247.7 250.5 256.6 264.6 272.9 278.7 282.2 280.8 274.6 271.5 272 272.6 273.5 275.1 276.6 277.8 279.4 281.4 286.1 290.8 295.3 297.2 296.7 295.8 295.1 296.4 299.2 302.8 303.7 304.3 308.1 311.4 313.6 314 313.8 312.3 312.2 313.7 313.2 311.2 313.6 316 312.7 308.8 306.9 309.7 310.2
135.6 137.7 139.9 142.2 143.3 143.7 141.9 134.5 126.8 124.7 135.8 144.8 151.5 156.8 163.1 163.9 167.6 170.9 174.3 177.6 181.1 184.9 189.1 194.5 200.2 206.2 212.7 217.7 222.6 230.3 237.8 243.5 248.3 254.1 260.4 270.8 279.8 283.2 283.5 286.9 284.2 276.7 273.7 274 274.3 274.9 275.2 276.6 277.9 279.5 284.3 288.7 292.9 295.8 295.8 294.2 293.2 294.1 295.9 299.4 304.1 303 302.9 303.2 305.5 307.5 307.3 305.7 304.4 304.6 304.9 304.2 302.4 302.5 303.4 300.3 300.2 299.4 299.9 300.9
137.5 139.4 141.3 142.8 143.2 143.5 137.1 127.2 123.9 131.5 142.4 148.5 154.5 160 162.9 166.8 170.6 173.7 177 180.2 183.6 187.3 192.8 199.3 205.7 212 217.4 222.1 229.1 236 243.3 248.5 256.5 265.7 272.5 278.7 279.4 278.3 286 280 278.9 277 275.4 275.7 276.1 276.7 277.5 277.7 279.2 283 287.3 291.8 294.2 294.8 293.9 292.1 291.3 293.3 295.3 296.8 300.1 299.2 298.5 298.9 298.9 300.4 300.4 299.2 298 297 296.7 295.6 293.8 292 290.9 289.8 291.7 292.3 290.3 291.5
138 139.9 141.8 143 143.6 142.8 131.2 123 124.5 139.2 147.8 153.8 158.3 162.5 165.9 169.7 174 176.8 179.7 182.8 186.4 191 198.4 205.4 211.7 217.3 224.1 228.8 235.1 242.2 250.3 258.7 268.4 273.1 272.7 276.5 271.6 276.1 278.1 279.5 277.8 276.9 277.2 277.5 278 278.5 279.2 280.2 282.8 286.5 290.3 292.2 293.1 291.9 290.4 289.4 290.7 292.8 294.6 294.8 294.8 293.4 292.9 292.8 291.4 292.6 291 290.2 289.5 287.5 287.6 285.8 284 280.8 278.9 278.5 283.1 283.2 281.7 281
138.4 140.4 142.3 143.2 143.2 136.2 124 122.2 134.6 145.4 151.5 156.4 160.7 164.4 168.6 172.7 177.7 180.3 183.1 186.7 190.8 197.5 205 210.9 217.5 223 229.9 236.1 243.8 252.4 261.9 270.3 276.4 272.4 270.8 268.6 269.7 273.3 276.9 277.6 277.8 279.6 279.4 279.3 279.8 280.3 281.3 285.1 286.7 289.3 290.7 291.5 290.3 289 287 287 290 292.4 292.6 292.6 290.1 286.4 285.9 285.1 283.4 283.9 282.8 281.8 280.2 278.4 278 275.7 273.5 270.9 269.9 272.2 274.2 274.6 272.3 267.8
138.6 140.8 142.8 143.3 139.1 128.5 121.8 123.8 139.7 148.1 153.2 158.5 162.9 166.7 170.5 175 179.5 183.6 186.6 190.5 196.4 203.9 209.7 216 223.5 230.4 237.1 244.9 253.8 264.7 271.1 275.2 273 266.4 266.5 267.6 269.2 272.2 275.4 277.8 280.4 284.1 284.7 283.3 283 283 286.8 288.2 288.9 289.2 289.6 287.7 286 284.3 283 286.8 288.8 289.7 290.1 288.1 285.6 281.7 279.7 277.5 275.9 276.1 275.2 274.2 272.1 269.2 267 265.7 263.7 261.8 262.9 264.4 265.8 264.1 259.1 254
138.9 141.4 143.1 138.9 126.9 116.9 119.4 130.6 142 149.7 155.5 160.9 165.3 169.1 172.9 176.7 181.5 185.5 189.9 195.2 201.1 207.3 214.4 222 229.4 236.4 244.9 253.3 263.2 269.5 272.7 271.1 266.8 267 266.3 266.8 273 279.2 282.1 283.1 287 291.5 290.5 288.6 287.5 287.4 289 288.1 287.6 287.4 286.2 284.1 281.4 277.2 281.8 285.5 286.6 287.2 286.3 282.7 281.1 276.8 273.8 270.7 269.2 269.8 268.8 266.9 265.5 262.2 259.2 256.2 253.5 254.1 255.1 256.6 255.4 252.4 247.8 262.8
140.4 142.7 141.3 125.8 114.3 116.4 121.5 138.8 147.2 153.2 158.1 163.4 167.6 171.4 175.2 179.1 184.4 191.2 195 198.8 202.3 209.9 219.9 227.6 234.4 241.8 250.3 257.1 263.5 267.6 266.2 263.6 264.8 265.1 266 273.4 282.6 285.4 287 288.9 292.4 296.1 294.7 292.6 290.5 289.2 288.2 287.3 285.8 284.4 282.4 280.3 277.3 274 280.9 283 282.9 282 280.4 277.1 275.8 271.4 267.8 264.2 263.7 263.6 262.9 261 258.4 252.7 249.6 247.4 246.5 246.2 247.6 246.5 243.3 239.5 247.8 262.4
140.6 141 134.7 116.6 114.2 115.7 133.9 146.4 151.3 156.2 161.1 166.1 170.3 174.3 178.4 182.4 188.4 194.3 198.7 202.2 206.1 213.8 223.8 230.3 236.5 243.4 250.2 255.6 260 261.3 263.5 264.9 265 266.2 272.1 281.9 286.7 288.6 292.4 295.2 297.4 297.4 295.4 292.8 290.2 287.6 285.7 283.4 281.8 280.4 278.5 276.3 273.9 269.4 274.6 276.6 277.7 275.8 273.8 270.2 267.3 263.9 260.4 257.5 258.3 257.9 256.9 254.1 250.9 245.5 241.1 240.2 239.2 238.8 238 235.3 230.6 238.1 248.2 256.3
139.8 138.3 125.2 112.5 113.9 127.5 144 149.3 154.3 160 165.1 170.7 172.6 177.6 181.7 185.7 191 195.9 199.8 203.5 208.8 217.2 225 230.8 236.5 242.9 248.7 252.7 255.9 259.2 265.3 266.7 267.2 273 282.1 287.1 290.6 293.2 294.1 296.3 296.9 295.4 293.2 290.2 287.3 284.7 282.3 279.6 277.9 276.3 274.5 273 269.8 260.6 268.5 270.2 270.3 268.7 266.9 263.3 260 256.5 253 251.7 253.8 252.2 250 246.9 243.6 239.2 233.5 232.8 232.1 232.1 227.5 224.5 226.1 237.4 244.1 249.9
140.2 132.8 114.3 113.2 124.1 141.1 148.1 152.5 158.9 164.2 169.1 174.3 176.6 179.5 185.2 188.7 192 197 200.1 205.4 210.7 216.6 224.2 229.6 235.3 241.3 247 252.6 255.8 261.9 267.6 270 272.2 282.1 289.3 292 292.7 291.6 292.1 293.9 293 291.1 288.7 286 283.4 281.1 278.6 276.2 274.1 272.6 271.6 270.6 267.7 260.2 259.4 263.1 262.9 261 259 256.4 252.1 249.6 247.1 244.9 246.3 244.1 241.8 239.5 236.4 231.3 227 225.8 226.5 224.7 222 213.2 225.7 233.3 239.7 246
138.1 125.1 112.2 116.5 136 147.1 153 157.6 163.4 167.9 172.3 179.4 179.7 183.1 187.6 190.5 193.3 197 202.1 207.5 213.5 218.9 223.6 228.8 234 239.6 245.2 252.2 257.5 263.4 268.3 270.4 273.7 281.2 288 290.9 290.7 288.3 289.2 290.3 288.3 286.1 283.8 281.5 279.5 276.8 274.3 271.5 270.4 269 268.2 267.7 265.3 259.5 248.8 254.4 255.8 253.1 251.1 248.8 246.4 242.8 240.7 236.4 237.4 235.4 233.5 230.8 226.7 222.5 220.7 221.2 221.9 218.2 214.5 212.5 221.7 228.8 232.4 239.3
136.4 123.1 111.9 125.8 143.2 150.3 155 160.2 164.4 168.4 180.1 182.9 181.6 184.6 187.8 190.7 194.8 198.9 204.1 209.6 215.2 219.8 222.7 227.5 232.4 237.7 244.1 253.3 259.1 264.2 269.2 269 271.9 277.9 282.8 285 285 284.6 286 285.5 283.5 281.1 279.5 277.7 275.6 272.5 269 265.7 264.9 265.5 264.6 262.7 261.2 257.9 249.9 241 249.3 246.8 244.7 241.2 239.3 236.7 232.6 229.6 228 226.1 222.8 220.7 215.9 213.7 213.1 214.9 216.9 213.9 207.6 209.5 218 223.7 228 235.2
132.9 120.3 109.8 132.6 144.3 150.2 154.9 159.7 164.6 172.3 180.8 183 183.3 185.2 188 192 195.9 200.6 206.6 211.9 217.2 219.3 222.1 225.9 230.3 235.8 243.4 252.2 257.5 262.1 264 265.2 268.3 273.9 277.2 279.5 278.9 281.7 282.8 280.5 278.1 276.3 274.9 273.5 271 267.6 263.6 259.5 258.3 260.7 260.3 258.8 257.3 254.2 249.5 241.7 240.5 241.8 239.7 234.3 231.1 227.2 223.7 220.6 215.1 214.1 212.1 211.4 211.4 210 208.9 210.9 212.5 208.6 201.4 203.5 214.3 217.4 225.1 232.7
133.6 124.1 110.9 128.6 140.9 148.3 154.3 159.6 163.5 166.7 179.5 182.4 184 183.8 187.1 191.7 196.2 201.4 207.9 213.6 217.9 219.1 220.6 223.7 227.6 233.9 240.5 246 251.2 255.4 256.9 259.7 263.3 268.3 269.5 272.6 273.6 276.1 276.4 274.6 273.2 272 270.7 269.4 266.4 262.6 258.8 254.9 254.1 255.3 254.7 254 253.4 249.9 246.1 240.1 229.2 235.8 233.8 229.9 227.5 222.6 216.3 211.7 208.3 208.3 208.9 208.5 205.6 204.1 202.5 205.8 207.2 203.3 198.4 199.7 211.3 214.1 221.3 227.5
136.1 132 115.6 115.9 138.4 145 152.1 158.7 161.6 164.3 167.6 177.5 177 181.7 186.4 192 196.7 202.8 208.9 214.7 218.3 218.9 217.9 221.6 226.4 231.3 236.2 241 245.6 248.8 250.8 254.3 258.5 262.7 264.3 265.7 268.1 270.1 271.3 270.7 269.5 268 266.6 265.3 261.9 257.7 253.9 252.6 251.9 250.9 250.3 249.8 248.7 245.3 240.8 236 224.7 229.6 228.6 226.7 222.7 217.9 211.3 208.6 205.7 203.7 204.1 203.4 201.2 197.5 197.1 201.9 202.5 200.2 196.3 196.7 208 215 219.4 224.9
137.1 134.2 116.1 110.5 127 142.1 149 154.9 159.6 162.3 167.2 174 176.5 181 186.2 191.9 197 204.9 211.3 217 220.1 219.2 217.2 219.7 224.8 229.5 232.7 236.2 239.6 241.7 245.6 250.4 254.6 259.2 261.5 262.6 263.5 265.6 266.7 266.9 265.7 264.3 262.9 261 257.2 253.2 250.4 249.3 248.1 247 246.4 245.7 244.1 240.3 235.4 230.2 221.3 222 222.3 218.6 213 208.4 205.2 204.3 202.2 198.8 197.9 196.7 194.5 191.9 193.8 196.5 196.1 196 193.7 193.3 200.8 208.4 215.9 220.8
135.9 127.8 106.1 112.4 123 135.3 145.2 151.4 157.1 161.7 166.4 171.8 176.6 180.6 186 191.6 197.7 208.6 213.6 217.4 218.4 216.9 214.6 218.2 223.8 226.6 229.1 231.6 234.3 237.3 242.5 247.7 252.3 256.9 259 260.8 261.2 261.9 262.8 263.2 261.9 260.6 259.2 255.8 252.2 248.7 246.5 245.3 244.2 243.2 242.8 241.9 238.1 233.9 229.6 224.1 216.3 211.4 214.3 210 205.7 205.4 202.1 196.8 195.3 193.6 192.6 191.2 189.8 184.7 188.6 190.1 190.4 189.2 187 188.4 196.3 201.8 208.7 216.5
131.4 112.8 106.7 119.1 131.7 131 141.5 149.3 156.4 161.1 165.8 170.9 177 181 186.3 191.5 200.1 206 210.4 213.9 215.3 212.9 213.5 218.3 222.7 223.6 226.1 228.6 231.1 233.9 239.9 245.8 250.2 254.4 256.9 258.9 259 259.2 259.8 259.4 257.8 256.2 254.1 251 247.7 245.2 243 241.3 240.2 239 238.4 235.8 231.4 227.2 222.6 216 210.6 200.5 204.9 203.1 203.4 201.8 198.1 191.4 189.6 188.3 187 185.6 183.7 178.6 182.8 184.1 185.6 184.3 178.2 184.8 193.8 198.4 202.4 210.7
119.5 105.1 109.6 128.7 136.7 139.3 141.1 148.5 155.6 160.6 165.6 170.8 176.3 181.4 186.6 191.4 196.7 201.6 205.6 208.7 209.4 209.3 213.4 217.4 219.3 220.6 223.2 225.7 228.2 232 237.8 243.2 247.6 252.7 255.1 256.8 256.9 257 256.5 254.6 253 251.4 248.9 246.6 244.9 242.6 239.8 237.4 234.7 233.6 232.7 229.2 224.6 220.1 214.6 207.5 203.6 201.1 200.8 200.5 198.1 195.1 190.1 184.8 183.3 182 180.7 178.6 176.3 172.1 177.2 178.4 179.7 177.1 169.6 185.2 191.7 195.7 199.7 203
108.4 106.1 118.8 134.6 139.2 141.9 144 149.3 155.6 160.4 165.4 170.7 176.2 181.6 184.9 188.1 193.3 196.6 200.5 203.2 205 206.7 212.8 215.1 216.4 218.2 220.4 223.3 226.7 231.3 237.5 242.5 246.9 250.4 253.6 254.8 254.4 253.8 252.4 250.3 248.2 246.1 243.4 240.9 239.9 238.8 236.7 233.2 228.1 228.1 225.9 222.6 218.1 213.6 206.4 200.3 200.6 196.8 197.5 196.3 189.8 185.1 181 179.1 177.5 176.3 175.2 175.8 174.7 168.1 172.1 173.2 171.8 168.1 170.1 182.1 187.8 191.8 198.1 201.7
103.2 109.2 127.3 134.7 137.9 140 145 150.5 155.5 160.3 165 169.4 174.2 179 181.2 183.1 187.8 191.5 195.8 199.7 203.1 207.9 210.9 212.5 214.5 216.9 219.7 222.8 227.4 232.2 237.5 241.8 246.5 250.1 251.8 251.5 251 250.4 248.4 246.2 243.3 240.5 237.8 235.5 234.2 233.1 231 227.8 223.8 221.2 218.7 215.4 211.6 206 199.6 197.2 194.1 190.5 192 192.1 185.5 178.5 175.1 173.7 172.2 171.2 170.9 173 172.4 166.3 166.4 167 162.3 162 171.9 177.9 182.1 186.5 192.2 199.8
101.4 115 127.7 133.1 135.6 138.5 143.3 149.2 154.9 158.7 162.6 167.3 171.3 174.2 176.5 178.4 182.2 188 192.8 197.5 202.2 205.1 207.5 210.4 214 216.9 221.2 225.2 229.6 234.1 238.5 242.3 246.3 248.5 248.2 247.8 247.7 246.2 243.4 240.6 237.7 234.9 232.4 230 228.5 227.4 224.2 220.7 216.6 212.2 213 209.5 201 196.5 194.6 195.1 190.3 181.9 183.2 182.8 179.1 173.7 170.5 168.3 168.3 167 167.4 167.9 167.8 162.5 159.8 155.2 160.7 167.4 171.7 174.8 178.1 180.9 184.7 194
99.2 118.1 127.3 129.3 132.4 138.1 142.3 145.8 151.2 156 159.9 163.6 166.8 169.3 170.9 174.6 179.6 184.6 188.8 194.2 198 204.2 203.7 210.6 215 219.5 224 227.9 232 235.3 238 241.5 244.7 244 243.5 243.2 242.7 240.6 238.2 235 232.1 229.2 226.3 224.5 223.3 220.8 215.5 213.2 211.6 208.6 204.7 201.6 195.8 194.8 191.4 187.5 184.6 178.4 174.8 173.9 170.4 167.5 165.5 165.5 165.1 162.9 162.8 162.7 161.7 158.1 150.8 155.9 160.9 164.5 168 170.3 174.1 177.5 180.6 187.3
