data/260000-130000.asc
ncols 200
nrows 200
xllcorner 260000
yllcorner 130000
cellsize 50
[rows 140 to 174 of 200, columns 0 to 78 of 200]
152.5 154.9 157.1 158.9 159.8 159.2 158.3 156.9 154.3 149.5 142.9 141.4 140.6 135.3 123.7 125.1 137.9 145.6 151.3 154.7 158 161.5 164.6 166.7 167.8 169 171.5 172.5 172.8 173.1 172.8 174.8 176.8 178.9 180.3 180 177.8 173.2 171.4 165.3 156 146.3 135.6 125.1 119 116.2 115.4 117.4 122.2 121.4 118.3 124.3 138.3 147.4 152 155.9 159.9 160.9 161.1 160.3 160.3 162 167.6 173.4 178.9 185.1 191.4 196.3 201.7 206.1 210.1 214.7 218.4 221.7 223.8 225.2 226.1 226.5 226.8
156.6 158.3 159.5 160 160.6 159.1 157.4 153 150.3 143.9 136.1 133.9 134 123.5 117.3 130.4 140.1 146.3 151.1 154.7 158 161.2 163.5 165.5 166 166.3 168 168.1 168 167.6 167.3 169 171 173.6 175.1 174.3 167.7 160.2 153.9 146.3 138.7 130.4 119.8 109.3 105.9 107.2 109.5 111.3 113.6 120.2 126.1 137.8 148.3 155.7 159.8 163.8 167.8 170.2 170.9 171.3 171.6 172.4 174.2 176.4 179 183.5 187.8 193.3 199 205.2 209.9 214.5 218.2 221.5 223.6 225.4 226.7 226.3 225.9
158 159.2 160.9 161.1 160.5 159.3 157.8 155.4 152.3 147.8 139.2 122.9 123.4 111.5 123.7 135.6 142.2 146.5 149.9 153.6 156.5 159.3 161.8 164.2 164.2 163.9 162.6 162.2 161.1 160 156.8 157.8 164.3 166.5 166.3 163.6 155.7 145.7 137.4 130.5 122.6 114 105.3 106.9 111.9 119.3 122.1 124.1 127 132.7 140.8 149.3 156.1 161 165.6 170.3 175 177 178.7 179.9 180.7 180.8 181.6 182.7 183.7 186.5 191.2 194.9 199.9 205.9 210.5 214.9 218.3 221.3 223.5 225 226.2 225.1 224.7
157.1 158.6 160 159.1 158.7 158.3 157.2 156 153 146.9 136.3 119.7 109.1 117 128.8 136.5 141 144.4 147.5 150.1 153.6 157 159.6 160.8 160.5 158.4 155.7 152.1 150 145.5 135.2 146.5 155.4 157.4 156.6 152.8 145 131.9 121.2 114.7 107.5 99.7 106.5 115.2 121.2 125.7 129.8 133.4 136.9 141 147.7 153.2 159.2 163.9 168.9 173.8 177.7 181 183.1 184.2 184.7 184.9 186.7 187.2 187.6 188.2 192.9 196.9 201.4 206.1 211.2 215.2 218.7 221.6 223.6 224.9 225.5 223.9 223.5
155.2 156.6 156.3 155.2 153.2 152.7 152.5 151.6 148.3 136.3 123 110.8 109.8 123 131.3 135.3 138.7 141.2 143.9 147.1 150.8 154.5 156.6 157.1 155.6 152.8 148 141.9 135.5 127.4 124.2 137.5 147.1 147.6 145.6 139.9 130.6 118.9 106 99 97.2 106 116.9 122.6 124.7 128 135.6 140.1 143.8 147.6 152.3 156.2 161.1 165.1 169.7 174.1 178.2 181.9 184.3 185.3 186.3 186.5 186.4 185.8 187.5 189.3 192.4 198.5 202.7 207.3 211.3 215.6 219.3 221.9 223.7 224.8 225.1 223.6 222.3
154 154.7 153.1 150.2 145.4 142.9 144.2 144.9 138.7 122.8 106.1 99.4 115.9 126.6 130.5 131.6 133.3 136.3 140.7 144.8 148.6 151.4 153.1 153.5 150 146.1 140.2 131.9 120.7 114.8 118.2 129.8 136 136 132.5 124.5 114.4 104.1 91.9 95.5 106.5 116.3 121.4 129 129.2 131.7 135.8 142.3 146.4 151.2 155.5 158.7 162.3 166.3 170.3 174.4 178.5 181.6 183.2 182.2 182.6 182.1 181.8 182.3 184.8 188.2 191.7 195.6 200.8 206.5 210.7 215 219.2 222 224.2 223.9 222.7 221.5 220.1
155.5 154.3 150.6 145.5 139.3 130.9 132.7 133.9 124.2 110.4 93.2 109.1 117.6 119.6 120.7 122.5 128.1 133.8 139.6 145.2 148.9 151.9 152.2 150.6 147.4 141.6 132.9 119.6 109.1 103.4 107 120.7 123.6 124.9 121.6 113.5 98 89.8 96.3 105.8 116.4 127.1 133.3 138.4 141.7 143.4 142.2 144 147.3 152.5 156.6 159 161 164.1 168.1 171.4 174.1 175.5 175.9 177.2 176.3 175.6 175.7 176.2 181 184.9 188.1 191.8 198 205.1 210 214.3 218.2 220.4 222 220.1 218.9 217.6 216.4
156.4 154.7 152 147.2 141.1 128.1 116 120.2 110.2 98.4 91.3 97.9 103.7 112 121.8 127.8 134.5 140.5 144.9 149.2 152.1 153.7 153.2 151 146 141.6 135 127.3 115.9 99.8 95.2 106.8 112.4 116.5 114.8 100.1 87.3 95.3 104.6 115 123.3 131.3 137.9 143.4 145.6 146.8 147.6 149.1 150.7 154.5 156.2 157.7 159.5 161.5 162.5 164.2 165.3 165.6 166.1 167.3 166.9 167.5 168.5 171.3 173.6 179.3 182.5 189 195.9 203.4 208.8 213.5 217.1 218.9 219.1 216.8 215.1 213.8 212.5
157 155 152.2 149.2 142.6 131.6 107.8 101.2 95.6 88.1 98.8 113.2 119.3 124.1 129.6 134.7 139.5 145.9 150.3 152.2 154.8 155.7 154.2 152.3 148.2 144.8 140.3 134 119.4 98.4 84.5 96.4 104.7 103.9 101.3 88.4 87.6 102.4 112.1 118.5 123.9 129.6 136.2 139.9 143.8 146.6 147.1 148.4 150.1 152.8 150.6 150.1 153 154.6 153.8 153.3 152.3 155 156.6 156.4 161.8 167.2 173 175.3 175 181.5 185.7 191 197.8 203.6 209.2 213.3 216 217 215.9 213.6 211.3 210 208.6
157.5 154.7 150.7 145.5 133.1 118.9 99.5 88.1 88 98.4 112.6 121.2 125.9 132 136.8 141.7 147.2 151.1 153.3 154.6 156.5 156.7 155.8 154.3 150.8 147.4 141.9 129.2 107.8 89 80.2 86.7 86.2 86 83.5 84.6 92 101.7 101.1 106.1 113.5 121.7 128.3 133.3 135.7 138.8 140.4 143.6 142.2 136.9 134.7 136.2 139 140.7 142.6 145.5 149.5 154.6 157.1 163 170 173.7 178.8 181.2 184.7 188.7 192.8 196.5 200 205.3 209.9 213.6 216 216 213.1 210.4 208.1 206.1 204.8
154.6 151.4 146.3 130.9 114.6 102.6 86.7 84.8 100.7 109.2 122.1 127.8 132.9 138.9 144.9 148.7 153.4 155.1 155.2 156.7 156.7 157.1 156.1 155.6 152.7 147.6 138.2 116.9 92.6 78.1 76.7 77.6 79.2 80.1 82.8 85.3 87.3 89.9 94.4 99.7 100.6 109.7 116.8 121.5 125.7 128.6 131.6 132.5 127.5 130.2 136.8 141.7 146.4 150.7 153.1 159 162.1 165.6 170.1 175 179 180.4 182.2 186.6 190.1 193.2 196.5 199.5 202.3 206.9 211.1 213.6 215 215 211.5 207.8 204.9 201.6 198.6
152.3 148.5 142.6 120.3 103.3 88.9 77.1 94.2 107.3 119.9 128 133.4 139.6 145.6 150.6 154 156.3 157.6 157.1 156.8 156 155.1 152.1 150.4 145.9 141.6 126.7 99 79.8 73.6 80.1 88.3 85.3 89 92.5 89.1 89.6 94.2 104.1 111.7 111.7 109.6 111.7 115 117.4 119.7 121.3 124.7 134 142.4 149.2 154.4 160.1 164.6 167.2 170.8 174.4 177.8 180.5 183.4 185.5 187.2 187.9 190.7 193.7 196.7 199 201.4 204.6 208.3 211 213.4 213.9 213.7 210.1 206.2 202.3 198 188.9
144.6 143.4 136.1 113.2 93.9 77.3 83.2 95.6 104.6 117 126.5 133.9 140.9 145.9 150.3 153.2 156.5 158.5 157 155.6 152.9 150.5 148.1 140.9 136.2 128.1 106.4 83.4 73 75.6 88.5 93.6 94.3 97.5 102.8 104.3 104.1 100 97 104 117.2 123.2 127.6 131.3 135.6 137.7 139.1 143.3 149.8 157.6 161.9 165.1 170.1 174.5 176.4 179.9 182 184.4 186 188.4 190.9 192.8 193.7 195 196.6 198.5 200.8 203.1 206.2 208 210.5 212.1 212.6 211.8 208.4 204.3 200.4 195.2 184.6
138.1 133.3 122.2 103.5 88.1 71.5 81.5 94.1 109.7 120.5 128.3 134.7 140.1 143.5 147.3 150.8 153.3 154.8 154 150.5 146.8 144.4 141.1 133.6 125.2 110.8 87.1 76.3 73.7 88.6 97.6 101.7 103.4 105.7 112.4 115.1 118.2 117.3 113.5 106.6 107.1 122.8 136.3 141.6 146 150.9 154.2 157.5 163 167.3 171.4 174.7 177.7 181.5 184.1 186.5 187.2 188.7 188.8 191.2 193.9 196.5 197.5 198.3 199.4 200.2 202.2 204.6 206.8 207.9 209.5 210.6 211.3 209.9 206.8 202.7 197.9 191.3 181.1
129.2 121.3 107.8 90.6 76.7 69.9 80.8 97.4 118.6 127.4 131.7 136.4 137.5 139.1 140.7 143.5 146.8 148.9 148.3 145.1 141.4 138.1 132.9 126.4 115.2 93.3 75.5 72.4 77.9 89 100.9 107.5 112.7 113.8 121.4 124.4 127.3 128.8 127.5 120.1 108 118.6 136.3 146.3 153.1 158.6 162 167.3 172.3 176.5 179.1 181.3 183.4 186.6 188.5 189 189.4 190.2 190.7 193.3 194.4 197.1 199.2 200.6 201.8 202.9 203.4 205.4 206.4 207.4 207.3 207.5 207.2 206.8 204.9 200.6 195.1 186.8 177
118.3 108.2 90.7 78.5 67.2 70 85.5 105.2 118.9 127.3 131.6 132.7 132 131.4 131.9 135.5 138.9 142 141.4 139.6 135.6 130.3 124.3 116.4 104.4 85 69.9 79.7 91 95.7 99.6 108.7 117.6 123 127.7 131.6 133.5 134.7 134.3 131.1 114.1 119.5 139.3 151.8 160.2 165.4 169.9 175.3 179.8 182.8 185.2 186.6 187.6 188.7 189.5 189.8 190.1 190.2 190.8 191.7 193.3 197.6 200.2 202.2 203 202.9 202.7 204.3 204.5 204.4 203.6 202.8 202.7 202.6 201.7 200.1 197 189.6 176.8
103.2 90.4 77.4 66.6 63.9 73.3 92.9 108.3 117.2 123.4 126 126 123.9 121.7 124.4 128.2 132.4 135.1 134.5 132.7 127.9 121.9 114.1 105 94.4 75.8 70 84.7 101.4 108.8 111.8 116.7 123.8 128.5 133 137 140 140.7 139.9 133.7 117.5 125.6 144 154.6 162.3 168.8 174.4 179 184.5 188.4 191 192.7 193 191.7 190.9 188.9 187.7 187.1 188.3 190 193.9 197.5 200.2 201.4 201.8 202.1 202.2 202.4 201.6 200.5 199 198.1 198.4 199.1 198.6 196.9 194.5 189.6 175.8
92.9 79.7 67.7 58.5 65.2 79.3 95.3 104.9 111.2 114.6 116.3 115.1 112.1 111.1 116.3 122.1 126.4 127.4 125.5 122.9 118.1 109.9 102.6 95 81.4 66 74.5 90.4 107 116.3 122.2 126.4 130.9 134.5 138.3 142.3 145.9 148.2 149.2 143 125.3 127.4 139.8 151.4 159.5 166.6 172.7 178.5 183.2 188.8 192.1 194.8 194.4 193.5 190.6 185.1 185.3 186 186.4 189.4 192.6 195.9 197.8 198.6 199.1 199.7 200 198.3 197.3 195 193.4 193.4 194.3 194.5 193.7 191.7 189.4 182.6 168.2
89.3 72.4 60 59.8 69.9 83.8 91.2 96.8 100.7 102.7 101.3 99.3 97.9 105 111.2 115.1 116.4 115.9 113.6 108.4 101.9 94.8 86.9 77.9 64 67.4 83.9 101.3 114.4 123 129.4 133.6 137.4 140.8 144 147.4 151.6 153.9 156.2 156.5 137.8 126 129.8 143.1 151 160.7 168 173.8 179.7 183.9 187.2 189.6 191.3 191.6 190.5 186.2 184.6 184 185 187.7 190.4 193.5 194.3 195 195.7 196.4 195.7 193.8 192.3 190.5 188.2 186.8 187.6 188.7 187.4 185.3 177.3 165.5 154.5
82.8 67.3 54.3 63.1 72.2 78.2 82.8 87.3 88.6 86.9 87.3 84.4 90.5 98.5 102.9 104.4 102.9 99.3 96.7 91.8 85.5 76.2 67.6 61 65.7 78.5 92.3 109.6 123.1 130.2 136 140.8 143.2 146.2 149.5 152.6 156.8 159.6 161.5 162.9 156.2 144.7 136.8 131.9 138.1 148.2 157.9 164.4 169.6 175.2 179.8 183.5 186 186.8 187.7 186.1 183.4 182.4 183.6 185.9 188.2 189.9 190.9 191.4 191.9 192.4 191.3 189.2 186.1 183.9 180.2 177.2 178.4 180.7 179.5 175 161.1 147.3 154.5
76.6 63.2 51.3 59.5 65.1 69.6 73.5 75.7 70.8 72.2 73.3 75.3 79.9 84.1 85.4 84.3 82.5 80.6 78.5 72.9 64.6 59.1 59.5 66.1 79.5 91 107 122.6 129.8 135 139.6 142.2 146.8 149.9 152.5 156 159.7 163.4 166.3 167.5 166.4 161.8 152.9 145.7 142.6 140.5 144.3 151.6 157.4 163.4 170.3 174.6 178.5 181.3 183 183 181 180.3 182.3 184.4 185.9 186.5 187.4 187.5 186.2 186.2 184.8 183.1 179 173.1 167.8 164.3 167.7 169 168.7 160.3 144.3 148.5 168.7
74 65.3 55.4 52.7 57.9 61 62.5 62.6 64.7 64.8 65.4 64.5 66.2 69 68.8 67 63.7 60.3 57.4 55.7 57.1 60 69 78.6 94.9 110.2 121.9 130.2 136.5 140.5 144.4 145.9 148.9 152.1 154.5 157.4 161.4 165.2 169.4 172 173.8 173.3 169 163.9 159 155.4 152.3 152.2 154 154.6 158.2 164.8 170.1 173.6 176.2 177.1 176.7 178.5 181.2 183.5 184.3 184.7 184.1 182.9 181.4 180 179.3 176.9 169.9 158.7 152.6 150.9 156.2 157.7 152.8 142.9 138.6 156.4 168.1
68.4 65.4 57.8 52.1 51.6 52.3 56.3 57.4 58.6 59.1 59.1 57.5 56 57.4 55.3 50.7 51.8 53 55 56.3 61 71.5 84.1 95.7 108.7 117.7 125.7 132.7 136 138.2 141.2 143.9 146.1 149.6 152.6 156.5 161.5 165.3 169.6 173.3 176.5 177.1 176.5 174.1 171.9 169.8 168.2 167.3 167 166.7 165.9 164.8 165.3 165.2 170 172.7 173.9 177.4 180.1 182.5 182.6 182.4 181 179.2 176.7 175.1 173.2 169.9 159.6 162.6 160.1 151.5 142.5 142.4 137.4 138.8 132.2 138 152.2
63.3 60.7 57.1 51.6 45.1 49.8 52.3 52.6 53.1 53.7 52.3 50.9 47.4 49.5 49.5 49 51.7 55.6 59.7 65.6 72.2 83.4 96.2 104.7 112.2 118.9 123.3 125 127.4 128.6 132 133.6 136.8 142.1 145.2 152.6 157.3 163.4 167.7 172.2 176.2 179.1 180.8 179.2 178.5 177.4 176.7 176.3 175.7 176.2 175.7 175.8 175.3 173.7 172.8 172 175.1 177.4 179 181.8 182.3 182 179.5 177.4 175.3 172 168.3 165.6 168.3 172.2 169.7 163.5 154.3 151.4 152.4 156 149.8 134.6 129.5
58.9 56.7 53.9 49.6 46.9 45.8 48.6 48.7 48.8 47.6 45.3 43.9 47 49.7 51.1 53.1 57.9 63.5 68.7 74.2 80.6 89.3 97.2 104.7 110.7 114.1 113.6 113.4 114.5 115.5 117.5 121.7 127.9 134.6 140 146 152.7 159.1 165 169.6 174.3 177.7 179.7 180.5 181.4 182.5 181.4 181.1 181.3 182.2 182.5 182.5 182.1 180.6 178.2 176.3 176.7 178.6 180.6 182 183.7 184.4 182.7 179.2 176.3 172.6 170.8 172.4 176.4 177.3 176.7 174.4 172 168.9 170 169.1 164.8 152 137.2
56.4 53.7 49.7 47 44.5 43.8 45 44.7 44.1 43 43.9 45.8 48.7 51.9 54.5 58.2 63 68.1 73.5 79.2 84.7 91.5 98.2 103.3 105.9 103 100.2 100.3 102 107.3 110.3 116 121.4 126.7 135.4 142.2 148.8 155.6 162.5 167.6 172.1 175.2 176.8 177.6 178.6 179.4 180.6 180.8 182.5 185.9 186 185.8 184.6 183.3 182.1 180.2 179.8 180.7 182.1 183.5 185 186.2 186.8 184.4 182.2 181.7 180.5 181.8 182.1 182.4 182.7 181.1 179.6 179.1 178.2 177.3 173.2 166.2 156.3
54.2 52.2 51.8 48.8 43.2 43.4 40.5 41 39.7 43 45.1 47.1 49.1 51 54.6 58.4 62.3 68 74.1 79.2 84.9 89.5 93.6 95.3 95.5 90.8 92 99.1 105.4 113 117.7 122.4 126.5 129.5 135.4 140.9 147.2 153.9 160.6 165.8 170.9 172.8 174.7 175.3 175.6 175.6 177.7 180.1 182.2 186.5 187.4 187.7 187 185.7 184.6 183.4 182.8 182.4 184.1 185.4 186.4 187.4 188.4 188.6 189.1 189.2 189.1 190 190 189.7 188.7 186.7 183.7 182.2 180.9 176.4 171.4 167.4 162.8
56.3 55.1 53.8 48.9 47.3 44.5 41.1 40.2 41.4 43.3 45 47 48.9 50.7 53.6 55.7 59 63.7 70.2 75.7 78.9 83.1 84 85.1 83 88.1 97.4 105.8 113 118.8 124.2 129 133.2 136.8 141.3 146.6 151.6 156.7 163.5 167.8 171.7 172.5 172.6 171.6 170.3 171.7 174.1 176.9 181.3 184.8 186.9 187.5 186.9 186.1 185.8 184.9 184 184 183.9 185.4 187.3 188.1 189.1 192.5 194.5 195.6 196 195.9 195.4 195 194.1 192.1 188.8 185.4 180.7 174.2 164.9 158.3 153.1
55.5 54 52 50.3 47.1 46.5 39.2 39.4 40.8 43.2 45 46.7 48.6 50.5 52.7 54.2 56.7 59.6 64.1 69.8 73.1 72.6 74.2 77.3 83.9 93.8 103.8 112.1 118.6 124.3 129.8 135.4 139.9 144 148 153.1 157.1 161.9 166.6 171.3 172.9 172.5 170.5 166.3 163.5 164.6 169.2 173.3 178.2 182.6 184.7 185.9 185 183.3 182 180.2 180 179.4 181.2 182.7 183.7 186.6 190.4 193.6 196.9 198.6 199.3 199.2 198.3 198.2 196.7 193.9 190.7 186 179.3 168 154.7 145.8 138.8
54.6 52.3 49.9 47.4 42.4 40.2 42.7 43.4 43.1 43.3 45 46.5 48.3 50.2 52 53.2 54.5 57 60.4 63.3 67.3 73.5 78.9 84.2 91.2 98.7 106.6 115 122.2 129.1 135.2 141.6 146.8 150.4 154.2 158.1 162.3 166.4 170.8 173.9 173.8 171.8 167.8 161.7 152 153.4 161.5 168.1 171.7 175.3 178.3 180.8 180.7 179.9 178.2 174.7 171.8 171.4 176.2 179.5 183.1 186.8 190.8 194.4 197.4 199.5 200.5 201.9 201.2 200.5 198.1 195.1 191.1 186 176.1 161.8 157.3 149.5 147.4
52.6 50.3 47.9 44.5 38.6 35.8 38.4 42.1 45.6 45.1 45.2 46.4 47.9 49.8 51.8 54.6 56.5 58.5 61.6 66 71.8 78.6 83 88.7 94.3 100.8 107.8 115.2 122.5 129.4 135.5 142.3 147.2 152.5 156.4 161.8 166.1 170.3 173.2 174.6 173.5 170.3 166.3 160 146.1 142.3 149.6 159 163.8 166.9 169 169.2 168.9 170.8 169.9 165.2 166.4 173.9 178 181.2 184.2 187.3 191.2 195.2 197.5 199.7 201.2 201.8 201.6 200.9 199 195.2 191.2 185.5 175.5 175.2 176.9 172.6 170
50.1 48.1 44.6 39.3 34.5 39.3 41.5 42.9 44.2 44.8 45.7 46.2 48 49.2 51.9 55.6 58.2 62.1 65 70.6 73.9 79 82.2 86.8 92.4 98.8 105.7 112.8 120.1 127.3 134.6 140.6 146 151.1 156.3 161.5 165.5 168.8 171.7 172.5 171.4 168.7 165.1 155.7 143.3 130.6 134.2 144.2 154.5 157.6 156 154.6 156.2 160.3 160.1 157 166.5 172.7 177.9 182.5 185.2 187.9 191.7 195.3 198 200.2 200.7 200.8 199.6 199.1 197.5 195 190.5 185.1 184.5 186 186.3 185.8 182.4
46.6 44.4 40.5 34.8 35.9 40.4 41.2 42.1 43.1 43.3 44.1 46.7 47 48.9 52 55.6 60.3 63.8 67.3 71 74.7 77.4 79.8 83.9 88.4 93.7 101.4 109.1 116.6 123.5 130.2 136.6 142 147.6 153.1 157.5 161.7 165.7 168.7 169.3 169.2 166.3 163.3 157.5 147.3 136.4 123.8 131.1 141 141.3 139.4 139.8 144.4 148.2 147.5 154.9 165 170 175.4 180.4 185.4 189 192 195.4 198.3 199.4 198.6 197.1 197.7 197.5 194.1 193.3 192.3 191.3 191.2 191.6 192 188.7 183.3
42.6 40.4 34.6 34.7 37.5 39.1 39.8 40.8 41.4 41.5 42.8 44 45.8 48.4 50.7 53.1 57.3 60.1 63.5 66.9 70.5 74.7 77.7 79.9 83.5 88 95.7 103.4 110.3 116.7 124.3 131.7 137.6 142.3 147 152 156.2 159.4 162.3 165.3 164.9 164.2 163 159.9 153.3 144.5 126 117.3 124.2 124.3 128.3 138.6 140.8 144.9 153.6 157.8 164.1 168.4 173.4 180.1 185.6 189.3 191.7 194.4 196.9 196.4 193.9 190.2 189 191.3 192.9 193.9 193.6 193 193.3 194.9 194.1 190.8 178.5
38.6 35.4 33 35.6 37.3 37.6 38 39.3 39.5 39.8 41 42.2 44.2 46.5 49.3 50.6 53 56.3 59.5 62.9 66.7 71.2 75.3 77.6 80.3 83.4 89.2 96.3 102.3 109.2 117.1 124 129.4 134.8 140.2 144.9 148.1 151.5 154.9 157.5 159.8 159.4 158.2 157.4 152 139.3 119.1 111 123.1 134.7 143.2 148.6 153.2 157.2 160.4 163.6 168.2 172.4 177.1 181.6 186.2 189.6 191.9 193.8 193.7 190.9 186.8 184.6 185.2 188.2 190.4 193 193.1 192.3 191 192.4 192.7 189.2 174.5
