data/260000-670000.asc
ncols 200
nrows 200
xllcorner 260000
yllcorner 670000
cellsize 50
[rows 0 to 37 of 200, columns 86 to 171 of 200]
509.3 501.7 495.8 493.7 494.6 497.3 500.8 504.2 508.5 511.9 515.3 515.8 517.6 519.1 520.8 523.1 526.8 528.8 525.8 521.8 515.5 510.5 503.3 496.7 493.1 489 485.1 480.4 475.8 470 467.4 467.8 469 469.9 469.8 471.8 472.7 472.1 470.4 469.3 467.4 464.4 462 460.1 458.8 458.2 455.2 453.4 450.3 448.2 446 445.7 445.5 442.4 442.5 443.5 444.1 445.2 444.8 446.1 446.1 444.8 444.5 446.7 447.8 446.6 445.9 445.9 445.2 444.5 443.3 443.9 444.8 443.7 442.5 440.8 436 428.9 422.9 419.5 415.5 412.7 410.5 408.3 406.1 404
511.4 501.6 495.9 496.2 496.7 498.2 501.3 504.7 508.1 510.7 514.4 514.9 516.4 517.2 518.9 523.9 527.5 528.1 526.4 521.7 515.4 509.7 500.6 493.4 489.5 486.7 483.2 479 475.1 469.9 461.6 460.7 463.3 463.2 465 467 467.8 466.9 466 465.2 462.4 460.1 458.6 457.7 457.2 456.4 455.2 455.4 450.7 450.5 447.5 445.3 444.6 441.3 440.1 439.3 441.4 442 444.1 445.3 442 439.7 438 439.6 440.3 439.8 439.6 441.6 441.3 440.9 439.9 440.4 440.9 439.5 440.8 438.8 435.1 428.8 423.7 417.4 414.3 411.9 409.6 407.4 404.4 402.1
509.9 501 500.4 500.6 498.5 499.6 501.3 504 504.5 508 511.5 512.6 512.4 514.3 517.2 520.7 523.1 524.7 524.6 519.6 513.2 504.5 495.7 491.4 485.7 482.8 480.2 478.6 476.3 468.7 464.1 456 457.6 457 458.1 459.7 462 462 461 458.8 459.5 457 457 456.4 456.6 456.2 456 454.4 452.3 450.2 448.3 446.9 445.9 444 440.9 434.4 435 435.9 438.2 438.3 436.1 433 431 432.2 432.4 432.8 433.3 434.3 435 435.7 435 436.6 438 437.4 438.3 437.4 434.5 430.6 424.6 418.3 414.5 411.5 408.8 405.9 402.5 400.3
506.2 502.5 501.7 502 500.1 499.5 500.9 501.1 503 505.2 506.6 506.4 506.3 509.4 512 516.8 519.1 519.7 517.1 512.1 505.6 498.7 493.7 488.4 482.8 479.5 479.4 476.2 472.5 466.4 460.6 457.1 450.6 450.7 452.7 454.7 456.4 456.9 457.5 456 454.2 453.3 454.6 456 456 456.1 455.9 454.8 453.5 452 450.6 449.1 447.7 446.4 441 435.7 425.8 427.5 428.9 429.4 427.5 424.4 424.1 424.9 425.3 425.4 426 427 427.7 429.9 429.6 431.2 432.1 432.1 433.6 435.7 432.6 429.3 424.7 419.1 414.5 411.3 407.5 404 400.7 397.5
504.2 503.9 505.4 504.6 501.2 500.1 499 500.4 499.8 502.3 502.3 499.7 502.5 505.4 506.7 510.8 514.1 511.4 507.8 501.4 494.8 494.6 491.8 487.3 481.4 477.8 475.5 472.8 468 462.5 457.5 452.9 443.8 443.8 447 448.7 450.4 451.5 452.2 450.3 449.1 450.4 451.8 453.3 454 454.1 455.9 457.4 458 453.7 451 448.4 445.8 447.6 441.6 435.8 430.1 420.5 420.5 420.5 420.3 419.9 419.3 419.2 418.2 418.2 418.9 419.7 421.5 423.9 425 426.7 428.7 428.6 430.3 431.3 429.4 426.6 422.2 415.9 411.7 408.9 406 402.8 400.8 393.9
503.9 508.7 507.4 504.6 501.5 500.9 499.5 497.4 498.1 498.9 498.9 497.9 500.9 501.9 501 503.6 505.2 502.3 497.8 491.8 487.4 486.5 485.3 483.4 480 475.6 473.1 469.6 464.6 459.7 454.9 450.8 445.8 437.3 441.1 443.1 444.1 444.9 444.5 444.4 443.1 447 449.4 450.6 451.8 454.4 456.9 458.9 459.4 454.8 450.4 447.8 446 444.2 441.6 435.6 427.9 419.4 410.2 413.7 415.1 414.6 412.4 413.1 411.5 411.1 411.4 412.4 416.4 418.5 419.3 421.6 424 423.6 425.1 426.2 424.1 421.5 417 413 408.5 407.8 405.3 401.4 395 388.9
503.1 505.4 503.2 500.9 500.6 498.8 498.5 493.7 494.6 498.5 498.6 494 496.5 497 496 494.1 495.7 493.1 489.8 484.9 484.6 483.5 479 478.9 476.4 471.2 469.2 465.3 461.3 456.3 450.3 444 439.8 434.7 434.2 435.9 437.6 437.4 438.4 438.6 440 444.8 446.9 448 448.3 450.6 453.6 456 459.4 454.6 450.3 447.7 445.3 440 435.4 429.8 423.2 415.9 410.4 403.3 407.7 406.7 402.6 402 401.7 401.3 401.4 404.8 409.1 410.3 413 415.4 417.5 418.4 419.6 420.2 418.4 415.8 411.2 407.9 406.1 402 398.5 392.1 387.3 382.7
496.6 497.3 496.3 496.6 494.6 496 495.5 489.8 492.6 498.6 498.9 495.3 490.9 491.2 491.4 489.2 486.4 485 481.3 476.7 477.9 476.6 475.6 472.9 471.7 466.1 463.1 460.3 457.3 451.9 444.7 437.8 435.1 431.6 425 428.9 431 431.4 432.2 430.8 435 440.4 442.8 443 443.3 445 448.4 451.5 453.8 452.1 445.8 441.9 437.7 433.3 428.2 423.2 417.4 412.8 409.2 404 393.1 396.2 392.2 392 391.8 392.9 394 396.5 399.2 402.1 405 407.9 412.9 413.5 415.4 416.4 413.5 412.1 409.3 405.2 402.3 396.4 390.6 384.3 378.5 373.3
488.9 488.7 491.8 491.4 490.8 490.4 489.8 485.1 494.1 498.5 499.5 496.1 490.7 484.2 484.7 482.9 479.5 476 474.8 471 471.5 471.8 470.5 469.9 466 462.5 459.2 454.4 452.5 445.9 439.1 432.1 430.4 428.3 423.3 420.3 423.1 425.1 425.6 424 429 435 438.1 436.8 437.6 438.8 437.6 440 440.7 439.6 438.3 435.5 431.1 424.7 421 416.3 412.5 409.4 404.9 400 393.4 385.9 384.6 383.4 384.4 385.3 386.7 388.7 391.8 396.7 398.7 401.2 406.6 410.1 412.6 412 410.2 409 408.5 402.4 395 392.2 382.7 374.1 366.3 358.9
482 481.5 482.8 483.4 485.1 483.3 482.7 483.7 493.5 499.7 498.9 497 490.1 481.5 476.7 475.2 473 470 466.3 464.2 464.7 464.4 464.4 462.4 459.1 457.6 455.2 450.8 443.7 437.5 432.8 427.2 425.5 424.4 419.3 404.2 415.6 418 418.6 416.8 422.4 425.6 428.2 427 427.8 427.3 426.2 428.9 430 428.5 426 423.4 419 414.9 412.3 409.8 407.2 404 399.8 393.3 387.1 379.9 377.5 376.6 377.1 378.2 379.4 382.8 386.1 390.6 393.7 395.6 397.3 402.1 403.8 407.5 409.5 408.7 402 396.1 387.3 372.9 368.5 358.5 352.3 346
472.3 476.7 476.7 476 478.2 473.8 473.2 483.4 492.3 496 498.3 494.5 485.8 478.6 473.3 466.5 465.4 463.2 460.4 458.2 456.8 457 457.2 454.7 452.6 451.6 447.3 442 435.6 431.2 426.5 422.8 419.4 416.6 414.2 411.1 409.7 411.9 411.3 409.6 412.9 414.9 416.2 416.6 416.8 418.6 420.8 418.6 417.9 415.4 413.5 411.4 408.4 405.6 405 402.7 399.4 395.6 390.4 384.9 380.4 376.1 369 369.7 369.5 371 372.4 377 380.5 384.2 386.7 386.9 395.3 395 395.5 394.9 393.9 391.2 385.7 378.1 369.9 356.2 349 345.4 342.1 339.3
464.8 467.9 469.6 472.1 470.9 464.4 471.6 480.1 488.1 491.3 489.5 484.7 478.7 474.9 468.9 461.6 457.4 457 454.2 450.1 451.5 450.2 447 444.8 441.9 441.8 440.4 433.3 428.6 424.6 421.1 418.3 416.1 413.8 411.4 409.6 398.6 404.6 404.7 405 408.3 409.8 410.3 409.8 407.4 406.3 407 406.2 407 404.6 402.9 401.1 399 396 397 393.7 388.7 384.7 379.5 376.7 371 366.9 364.6 361.3 361.4 362.5 362.9 367.9 372.3 375 376.3 376.2 380.9 380.4 378 376.2 372.5 367.3 361.9 353.7 344.1 340.4 338.1 335 334.8 331.6
451.3 457.5 465 463.7 461.2 457.1 466.6 473.7 480.7 482 481.4 478.8 474.9 468.8 462.1 457.7 451.8 446.1 446.2 440.4 443.5 438.8 433.8 429.7 427.2 429.9 429 426.4 422.1 416.9 413.6 412.7 412.6 410.4 407.4 402.9 399.3 394.8 396.8 399.1 400.8 401.4 403.7 400.9 398.2 398.8 396.7 395.8 395.5 397.1 396.7 393.6 390.4 386.7 384.7 379.3 374.5 371 368.4 367.8 363 358.8 356.5 352.2 350.7 352.9 356.2 360.1 362.2 362 361.1 359.3 356.4 351 347 343.3 342 335.8 334.7 330.9 329.6 331.2 332.7 326.6 325.2 322.1
438.4 447.3 455.2 455.2 448.1 453.1 461.2 465.6 472.9 472.8 472.4 467.9 466.6 460.6 453 448.8 444.9 436.2 438.1 432.4 431.2 426.9 423.3 419.6 417.9 420.9 422 421.9 415.6 410.2 407.3 408.4 408.1 407.4 405.6 400 395 388.6 390.3 390.8 392.5 392.4 390.8 389.8 390.3 392.4 390 389 391.2 390.5 386.2 381.8 377.2 371.6 369.8 364.7 360.7 358.8 357 356.2 353.6 348.3 345.8 340.5 341.6 345.8 349.3 349.9 350.7 348.4 343.1 333.3 331 329.6 325.5 324.1 322.5 320.4 314.4 313.4 313.5 315.9 318.8 318 314.5 312.3
427.1 438.4 440.8 440.5 432.4 443.9 452.3 454.3 458.8 460.8 459.4 458.2 455.8 450.3 445.8 442.5 435.7 428.8 425.4 420.6 417.6 414.9 410.2 410.1 409.1 411.6 411 410.2 407.8 403 399 403 405.2 403 399.9 395.3 391.4 385.9 385 382.4 382.4 384.8 385.1 383.7 383.5 385.1 384.2 381.6 382.2 377.4 372.5 367.3 363.4 359 354.2 352.6 349.7 347.8 344.8 341.8 340.6 336.5 333 329 330 333.7 338.1 340.3 336.4 328.7 321.4 317.5 312.7 306.5 305.3 307.3 309.3 305.8 296.5 280.5 282.4 291.9 308.4 306.6 305.6 302.4
399.5 408.4 417.7 419.5 412.2 429 435.2 439.9 438.6 441.1 440.9 438.9 436.3 434.5 436.1 431 427.2 421.8 408.5 407 403.5 402.9 398.1 397.2 396.8 394.4 394.9 394.2 391.4 385.9 394.6 395.5 394.1 393.6 395.8 392.3 388.1 383.5 382.6 380.3 378.2 378.3 378.6 375.7 378.1 376.4 375.7 373.1 369.7 363.4 358.4 352.7 352.3 348.3 346.4 344.1 340 338.3 333.6 329.9 327.5 324 320.5 317.4 315.6 319.2 320.2 317.6 314.6 309.3 306.8 302.5 294.1 291.9 287.8 288.9 287 280.8 266.8 268.1 274.9 280.8 295.3 286.2 292.1 290.1
366.5 370.5 376.3 383.9 382.8 395.6 405.2 408.6 409.7 411.1 410.6 411.5 412.8 419.3 421.6 419.1 413.8 400.6 389.6 389 384.3 384.8 383.6 378.1 378.9 381.1 381.5 376.8 379 382.9 384 389.9 387.2 386.7 384.1 385.3 384 382 381.3 377.7 377.2 375.1 370.9 366.7 364.2 360.7 362.8 361 355.7 350.3 344.2 345.1 341 339.3 334.8 335.9 330.6 328.3 323.2 319.2 316.9 309.9 304.8 307.5 300.1 303.7 303.1 301.1 296.8 294.2 293.1 290.5 285.1 277.2 262 258.4 256.2 255.5 251.9 254.4 257.2 277.9 281.4 277.6 266.1 271.8
339.5 343.9 349.5 353.4 366.1 379.3 382.6 388.6 390.2 393.3 391.2 390 391.8 400 397.5 397.1 388.2 374.6 373.1 372.5 370.2 374.8 373.2 366.3 361 357.9 357.3 362.1 365.3 372.4 372.3 381.1 380.2 378 378.1 380.3 379.8 380.3 381.3 381.4 380.8 379.5 377.4 376.6 375.2 373.6 366.3 360.4 358.2 352.9 349.8 342.5 341.1 335.1 331.2 325.3 316.2 311.7 306.8 305.5 303.8 303.8 303.8 308 296.1 294 294.6 293.7 292.1 289.2 284.3 279.1 271.9 247.4 242.7 243.7 241.7 240.9 243.6 246.4 251.1 268.9 268.6 263.2 245.1 262.8
314.4 317.4 324.2 326.1 341.6 350.6 358.3 369.4 375.1 372.4 368.1 371.7 374.1 379.5 379.1 373 362.3 355 353.8 344.1 343.7 353.9 358.5 356.5 351.1 348 348.1 348.1 350.5 356.8 361.1 370.3 372.4 371.4 375.9 378.5 378.4 379.3 381.9 384.6 385 384.2 384 383.7 383.8 382.9 378.4 373.1 369.4 365.4 360.8 355.6 351.5 348.5 345.1 340 334.6 329.2 320.9 304.9 303.9 303.8 303.8 304.9 290 286.9 289 288.2 283.5 280.7 272.5 262.2 242.2 237.2 241.3 238.2 237.5 233.3 237.9 243.3 251.9 257 256.6 249.7 235.3 250
289.2 293.5 297.7 304.1 316.5 328.5 334.2 342.8 348.5 344.3 353 360.5 365 362.1 352.3 344.3 338 332.6 330 325 328.2 344.4 345 344.7 342.1 333.2 341.7 339.7 339 339.2 346.4 353.4 357.5 370.5 375.9 377.6 378.8 381.2 387.7 395.5 398.1 395.4 391.8 391.4 392.5 390.5 387.6 384.4 378.8 374.9 373.1 368.4 362.3 358.5 355.2 350.1 344.5 337.2 328.4 321.4 314.8 306 303.8 301.4 285.1 281.5 281.1 279.5 271.8 266 257.8 241.4 237.3 230.2 228.3 229 227.8 230.4 231.4 234.4 238 245 242.3 237.5 227.4 239.4
265.3 269.8 278.4 283.5 291.8 299.2 306.1 311.3 317.7 328.5 330.9 331.4 332.2 330.8 325.6 320.4 316.9 314.2 309.3 299.6 310.5 321.4 325.8 324.7 323.4 322.9 328.5 331.1 332.4 330.5 331.4 340.1 349.4 364.6 374.9 376.3 378.6 382.8 391.8 399.7 400.6 400 398.5 398.7 397 393.7 394 392.3 390.5 384.8 378.7 375.6 372.6 367.6 362.8 359.6 354.3 347.6 337.1 325.5 318 311.2 305.5 296.9 291.4 282.3 270.8 262.8 256.7 246.5 242.8 239.4 233.5 226 221.6 222 224.5 220.3 221.2 222.6 228.2 230.5 229.9 227.3 219 227.3
243.2 246.6 256.1 262.3 268.6 274.3 283.1 291.4 296.4 299.6 300.1 302.2 302.3 303.3 299.7 298.8 300.4 298.4 293.9 283.6 288.6 294.6 301.9 298.8 297.6 306.5 309.5 316.6 325 321.5 319.1 324.3 337.4 350.9 364.3 369.8 377.7 381.6 385.2 391.1 394.1 397.3 399.8 399.6 397.4 397.6 398.1 396.5 395.2 388.8 383.3 380 377.2 372.4 367.5 364.8 360.8 354.2 339.1 323.6 315.1 308.8 301.2 294.3 287.9 258.8 235.4 233 225.8 227 227.7 226.4 220.3 222 214.5 218.9 211.3 206.7 209 217.2 218 218 218.6 216.9 205 217.8
233.7 230.5 238.8 246.3 251.7 258.2 263.5 266.8 269.5 274.3 277 279.2 280 282.7 280.6 281.8 280.3 281.7 279.9 278.9 273.5 273.8 275.7 276.6 273 283.5 289.3 284.9 298.3 299.1 308.9 315 323.9 339.6 350.8 360.9 368.3 374.5 375.1 382.1 389.2 395.8 398.8 397.1 397.4 397.5 397.8 397.4 395.4 390.7 385.2 380.2 374.7 365.2 364.3 360.2 352.8 343.5 326.4 316.9 309.8 303.6 296 289 282.6 273.2 252.9 247.4 240.3 218.1 212 210.1 208.6 207 205.8 205.2 199.3 200.7 198.3 208.4 208.8 205.8 208.9 209.1 198.6 208.4
222.9 223.8 226.6 230.2 233.6 237.9 244.5 248.8 253.2 259.4 260.2 262.4 262.3 263.3 261.2 263.6 265.2 265.7 267.2 266.3 259.3 260.8 257.4 262 261.5 267.2 272.4 267 277.4 285.2 289.3 303.4 314.9 324.9 332.4 333.6 347 352.1 355.9 360 366.9 372.6 376.1 379.2 384.6 388 390.6 388.5 383.1 379.1 375.5 368.6 364.8 360.8 353.4 344.8 333.8 320.4 313.5 307.8 304.7 294.3 287.3 280.1 274.4 268.8 262.5 256.2 250.2 244.7 235.1 222.6 217.7 208 200.5 192.6 191.6 190.4 183.4 186.6 203.7 202.5 202.4 202.5 193.6 202.7
213.6 217 217.6 218.6 221.1 222.7 227 232.2 238.1 244.1 245.2 245.7 246.7 245.3 245.2 248.5 249.7 250 250.5 251.5 239.2 248.3 243.8 248.2 249.6 255.2 259.4 257.1 267.7 271.6 280 287.4 302.1 310.7 316.8 323.3 327.7 332.3 338.2 341.6 348.1 353.4 356.7 361.1 362.8 367.3 367.3 365.6 361.7 357.1 351.9 344.4 336 327.5 324.2 316 307.8 301.5 299.1 295.2 291.4 281.6 276.1 270.5 264.3 259.7 252.9 247.7 242 236.3 231.8 226.7 222.5 219.1 214.6 210 199.4 190 178.1 172.3 173.4 188.2 196.1 196.4 183.7 197.3
206.3 206.1 210.4 212.1 214 215.1 215.7 218.5 224 229.7 228.6 229.6 228.1 229.4 230.6 231.4 234.9 236.7 236.7 236.3 225.9 234 231.4 236.4 237.7 243 245.4 253.5 255.4 259.8 266 272.1 276.3 286.8 292.5 301.6 307.6 312.3 315.7 320.6 326.7 331.9 336.9 342.9 342.9 341 338.9 334.5 323.5 324.1 319.7 313.7 302.9 303.7 301.4 296.5 291.6 287.4 283.5 279 274.8 270.7 265.4 259.6 254.3 249.3 244.6 239.5 233.7 228 223.3 219.2 216.5 213.1 209.9 206.2 202.5 198.9 189.6 185 176.8 165.2 190.8 191.9 181.3 191.7
194.6 194.1 197.2 202.5 206.3 207.5 208 208.2 210.6 214.4 214.6 213.8 213.5 215.3 217.3 219.3 221.5 222.7 222.7 223 219.7 224.3 221.1 221.2 225.9 232 237.2 240.9 243.6 250.1 254.5 261.4 260.5 265.2 254.8 277.7 282.6 287.4 291.9 290.7 294.8 305.7 311.9 317 318.2 314.8 309 305.5 304.9 302.9 300.5 298.9 291.2 289.9 286.9 281.4 277.9 275.4 272.2 267.9 264 260.1 256.5 251 245.3 239.5 234.6 231.2 225.9 220.4 216.5 212.7 210 207.3 204.2 200.4 197.5 195.7 193.4 191.5 180.9 161.6 183.9 184.7 175 185.7
183.5 183.2 187.2 191.9 196.7 199.3 199.5 200 202.2 204.7 204.2 199.2 199.1 203.8 207.4 208.8 210.4 211.4 212.4 210.1 207.3 214.2 210.1 213 217.3 216 224.4 228.3 232.3 238.8 244 247.1 251 255.2 248.4 256.9 259.8 265.6 270.7 266.2 266 281.2 282.2 292.9 291.7 291.1 293.8 297.3 297.6 292.1 284.3 284.4 281.1 281 276.6 271.8 268.6 265.6 263.6 259.9 255.8 251.7 248.8 243.1 237.3 231.4 226.3 222.1 217.5 214.5 210.7 206.4 203.5 200.8 197.6 193.8 191.7 189.3 187.2 182.7 170.7 158.7 180 179.9 173.1 174.5
175.3 178.1 182.3 185.8 189.4 191.8 193.8 194.1 196 197.7 196.4 193.8 191.9 194.6 197.3 198.2 198.1 200.3 202.2 198.6 195.3 200.4 198.8 197.9 203.4 205.2 212.8 212.5 220.3 224.3 228.5 232.3 234.4 238 242.2 242.8 244.9 249.5 252.3 257.4 253.5 262.8 268.2 269.6 272.6 274.9 276.7 276.3 276 275.6 275.7 275.2 273.3 271.7 266.9 262.9 259.8 257.9 255.5 253.4 249.5 245.4 240.6 234.9 229.4 223.9 219.3 216.1 212.6 209.4 204.3 200.6 197.7 194.7 191.7 188 186.1 183.5 180.9 176.3 163.9 155.1 174.2 174.4 168.3 175.5
167.4 172.4 177.1 180.7 183.8 185.6 187.1 189.2 191.4 192.1 191.3 189.3 187.6 189.7 191.8 191.5 191.1 191.1 192.5 190.5 188.6 191.9 190.7 188.8 193.9 194 199.8 204.1 209.7 215.3 219.6 222.6 224.7 227.3 229.8 231.9 232.9 235.7 238.5 246.4 246.9 249.3 253.4 253.7 256.9 259 260.5 261.4 262 262.3 263.4 262.7 261.8 260 255.8 252.2 251.6 250.7 249 246.1 242.4 238.2 233.9 228.1 223.1 219 214.5 212.3 208.8 202.7 198.1 196 192.5 189.2 186.2 183.2 180.3 178 175.6 173.3 172.1 153.2 170.2 170.4 169.1 173.1
154 163 170.2 174.8 177.6 180.4 182.2 184.8 186.6 187.1 187.4 186.3 185 184.2 185.4 185.4 185.3 184.7 185.4 183.3 181.3 184.3 184.2 182.2 184.1 186.7 187.3 193 199.2 205.3 210.8 213.9 216.1 218.2 217.9 222.9 222.8 224.4 226.3 227.9 229.4 234.3 236.5 239.5 243.2 245.1 245.8 247.8 250.8 251.4 252.1 251.2 250.3 247.7 246 244.7 240.7 240.2 239.1 238 234.6 231.3 227.1 222.5 219.4 217.4 212.6 208.1 202 198.6 194.3 190.9 187.2 183.6 180 176.9 173.9 171.2 168.6 167.2 167.9 155.2 166.1 165.9 162.4 167.5
151.7 158.5 162.6 165.9 168.9 174.4 177.5 179.7 180.5 180.4 181.5 180.9 181.4 180.1 178.4 178.9 179.2 178.7 178.2 175.2 173.9 176.3 175.4 174.6 177.3 178.4 180 185.2 189.9 195.1 199.5 204.1 207.4 209.7 208.2 213.3 214.4 214.3 220.1 218.8 216.3 219.4 223.7 225.4 227.8 230.1 230.2 233.1 235.5 237.4 238.8 239.6 239.8 238.3 235.4 234.5 231.6 230.4 229.4 226.8 223.8 222.1 218.8 216.3 213 208.5 204 200.3 196.5 193.2 184.7 185.7 182 178.2 174.7 171.6 169.2 163.9 162 160.6 154.7 153.6 161.7 161.5 150.4 160.8
144.7 150.6 154.4 156.3 157.7 165.2 169.6 171.8 172.4 172.6 174.2 173.2 172.9 173.5 172.1 172.9 172.5 172.6 172.1 170.2 168.9 169.6 168.7 168 170.9 172.4 176.1 180.8 184.3 187.9 190.9 194.5 198.5 200.4 199.2 202.8 203.7 204.6 209.7 212.7 211.4 208.3 210.3 213.2 215.5 217 218.7 222.1 224.5 225.5 226.5 227.1 228.2 227.7 226.2 225.2 224 221.1 217.7 214.5 211.9 209.8 208.4 205 202.8 199 197.3 194.4 190.5 186.2 182.3 178.6 175.6 173.2 172.4 169.6 166 157.5 155.8 155.7 149.2 154.7 156.8 156.4 149.1 153.7
135.8 140.9 145.1 147.1 150 152.5 153.2 154.2 157.1 160.2 163.6 165.3 166.1 166.4 161.7 162.4 160.3 162.1 162.3 162.5 163.5 163.6 163.2 161.7 165.3 166.8 171.4 175.4 179.3 183.3 184.6 185.4 189.3 191.9 192.3 194.2 195.1 195.5 199.6 202.2 203.3 197.7 198.9 201 202.7 204.4 208.4 210.6 212.7 215.8 215.9 215.8 216.6 217.6 216.1 214.6 213.7 210.4 205.5 202.6 198 197.4 194.7 193 191.8 190.5 189.1 186.5 183 179.7 176.1 171.2 171.6 170.3 169.6 165.1 161.4 155.8 148.5 149.1 143.7 144.6 148.5 149.1 147.2 144.8
129.3 131.6 136.5 137.2 142.1 147.1 148.6 143 142.3 145.1 150.6 154.6 156.3 157.5 151.8 155.6 154.1 153.9 156.1 157.6 158.4 159.7 158.3 157.3 160.7 162.7 166.9 171.4 175.5 178.3 179 179.9 181.4 184.3 183.9 185.6 186.3 186.9 188.7 191.2 191.5 185.3 189.1 190.7 192.4 194.3 196.5 199.1 200.4 202.2 201.4 202.4 203.2 203.2 201.2 202.5 201.5 197.2 194.3 193.3 190.6 187.7 185.6 183.9 182.6 181.3 179.8 176 172.4 170.5 169.5 163.4 166.3 165 162.8 159.1 157.6 155.1 150.6 145.1 139.9 139.6 143 143 140 140
123.8 124 122.9 127.1 134 139.9 140.8 140.4 135.6 136.1 143.6 146.6 144.9 144.1 143.2 148.6 149.6 150 151.9 152 153.1 154.6 154.1 153.4 156.4 160.1 162.8 167 171.4 173.2 173.7 174.5 175.9 177.3 176.6 177.2 177.2 177.5 178.2 177.6 178.4 177.9 178.4 178.9 181.5 183.4 185.1 186.9 189 189.7 190 190.1 191.7 191 190.7 190.1 189.1 186.8 182.9 181.3 179.9 178 176.1 174.9 173.4 171.7 169.8 166.2 162.6 159.5 157.8 154.9 156.7 154.4 154 152.7 151.3 148 143.8 138.8 137.8 137 137.4 136.3 136.6 134.2
124.3 123.4 122.1 123.6 130.6 132.8 132.4 133.3 131.7 129.3 129.7 132.5 131.7 134.8 133.4 137.8 141.4 143.7 146.2 147.2 148.6 149.1 148.8 150.1 154.5 157.2 158.4 160.2 164.2 167.1 167.8 168.5 169.7 170.1 169.4 170 169.7 169.6 169.3 168.2 168.4 166.2 167.7 168.1 169.8 171.3 173.2 175.4 176.7 177.9 178.3 178.7 179.4 179.1 179.4 177.7 175.2 174.1 172.5 171 169.5 168.6 166.6 165.4 164.3 162.3 159.7 156.5 153.3 149.6 147.8 146 143.4 140.5 141.6 142.9 141.6 139 136.4 135.3 135.1 131.3 132.5 129.1 128.7 130
120.6 120.3 120.5 120.4 124.9 126.5 126.8 127.3 125.7 123.8 123 121.5 121.8 126.1 123.8 125.4 131.6 136.9 140.5 142.1 141.8 143.4 139.9 145.6 148 151 153.4 154.9 155.4 156.7 159.5 162 161.9 162.5 161.4 162.9 162.9 161.9 161.2 160.9 159 157.7 158.1 158 158.3 158.3 159.8 162.4 164.3 165.9 168.6 168.8 168 168.5 168.2 165.9 165 165.8 163.8 161.3 160.9 160.4 157 157 155.8 153.6 150 146.3 143.3 142 140.2 140 138.9 135.9 133.7 134.9 134.2 133 132.5 129.2 133 131.3 127.5 123.7 118.7 118.7
