data/260000-580000.asc
ncols 200
nrows 200
xllcorner 260000
yllcorner 580000
cellsize 50
[rows 35 to 69 of 200, columns 0 to 78 of 200]
117.3 115.2 111.3 115.1 117.3 119.9 121.8 123.4 124.8 125.3 125.5 124.8 122.5 118.8 116.5 113.4 120.7 128.6 132 133 134 133.4 132.4 133.5 134.8 136.4 140.2 144.4 149.7 158.7 165.5 170.2 172.5 174 174.7 175.5 176.5 178.8 182.5 185.3 190.8 194.7 194.6 193.5 193.5 194.7 200.1 208.9 211.7 211.7 211.6 211 210.2 209.3 212.5 216.9 218.6 215.6 215.5 215.5 214.4 213.8 214.2 211.8 208.7 207.8 207.4 206.1 204.4 203.2 206.5 209.6 213.2 218.5 221.7 223.5 222.8 219.4 217.8
115.3 113.5 110.8 114.2 116.3 118.1 119.7 121.4 123 123.8 123.7 121.2 112.8 110.2 117.8 125.2 131 134.8 136.6 136.6 136.5 137 134.7 133.3 134.9 136.9 140.6 143.4 149.8 159.8 166.1 171.3 173.1 174.5 175.3 176 177.1 179.7 182.3 184.1 188.2 196.1 198.2 197.3 198.1 199.3 202.7 211.6 217.2 218.1 216.3 213.6 212.9 214.7 220.9 224 224.7 223.4 224.8 220.7 218.9 220.2 221.6 216.9 213.9 211 208.5 206.8 205.2 203.4 205.2 206.7 208.8 210.7 216 219.4 221 219.6 216
114.3 112.5 111.7 113.3 114.8 116.4 118 119.6 121.1 122.3 122 117.4 107 118 125.6 130.1 132.8 135.6 137.7 137.7 138.2 140 137.7 134.9 135.7 137.9 142.8 150.2 159.4 165.9 169.7 171.7 173.7 175.1 175.9 176.9 179 182.2 186.5 191 194.3 199.9 203.7 204.4 206 207.7 211.7 217 220.9 225 222.7 223.4 224.5 225.3 229.4 232.4 234.7 234 230.4 224.4 226.7 228.8 226 220.7 218.5 215.6 211.4 208.4 206.7 204.1 204.9 205.3 205.8 207.3 208.3 214.5 216.7 217.3 214.8
113.4 110 111.4 112.4 113.8 114.7 116.3 117.9 119.2 120.6 119.5 110.3 112.7 124.4 129.7 132.9 135 136.2 136.9 137.5 139 140.5 139.3 137.9 137.9 139 146.1 156.1 166.8 171.7 173.8 174 174.9 175.9 177.1 178.7 186.5 192.4 196.2 201.9 207.5 211.2 213.2 215.3 218.5 222.3 224.9 227.7 230.3 233.4 232.9 235 236.1 236.5 240 242.2 243.9 242.3 237.3 234.8 233.6 230.8 228 224 222 218.5 214.6 213.2 210.2 205.1 204.5 205.5 206.2 206.6 207.1 207.7 212.5 214.5 213.2
109 110.9 111.4 111.9 112.7 113.7 114.6 116 117.4 118.8 115.7 105.8 119.4 127.2 130.4 133 136.5 137.1 136.5 141.3 142.5 141.9 140.3 138.7 137.9 140.3 150.3 160.7 169.8 174.2 175.8 175.7 176.7 179.2 181.6 186.6 193.5 201.5 207.9 213.6 218.1 222.6 224.8 228.4 230.6 233.6 235.5 237.4 239.9 242.4 244.8 246 246.1 247.9 250.4 253.3 254.3 253.5 249.1 246.1 241.3 235.5 229.5 226 223.6 221 218.6 216.3 212.7 208.7 205.9 206.1 206.6 206.8 207.8 209 207.7 208.1 208.3
108.7 110.8 111.3 111.6 112.1 113 113.5 115.1 116.2 117.6 113.4 103 120.7 129.3 135.7 135.5 139.2 138.9 137.8 136.9 140 141.1 139.8 138.3 138.5 142 151.5 162.7 170.8 174.9 176.6 177 179 183.7 189.3 197.6 203.6 210.4 216.1 221.9 227.5 231.8 236.7 241.2 245.6 249.5 249.3 251.4 252.7 254.7 255.3 255.1 256.7 258.5 262.6 264.4 264.6 264.2 259.8 254.1 247 240 233.5 227.7 225.8 224.5 223.2 219.9 216.6 212 208.4 206.5 206.7 207.1 211.3 214.5 215.7 215 210.5
108.4 110.5 110.2 110.9 111.3 111.8 112.4 114.2 115.8 116.5 110.9 107.8 121.1 129.9 135.6 137.3 138.3 139.3 138.3 136.7 135.7 137 137.4 139.2 140.8 143.1 151.6 161.5 170.9 175.4 177.2 178.1 183.5 191.4 198.1 207.7 211.4 217.6 224.7 231 237.3 243.1 247.9 253.4 259.6 263.5 266 265.7 269.9 272.3 269.1 265.4 266.3 270.4 273.6 275.9 274.9 271.8 266.6 261 254.2 246.2 238.1 231.6 228.8 226.7 224.3 221.8 219.8 215.6 212.1 209.1 207 207.3 212.1 216.5 218.6 218.1 211.3
110.8 108.9 109.4 109.2 110 110.6 111.2 113.1 115.5 114 106.7 114 120.4 125.4 129.4 133.9 137.3 138.6 137.5 135.9 134.7 134.7 136.4 140.2 142.9 145.2 151.4 159.5 169.8 175.5 178.1 182.1 190.4 197.3 202.8 210.6 217.1 226.3 233.2 240.7 248.4 253.4 261 265.2 271.1 276 278.8 279.4 284 285.5 281 275.7 273.8 276.8 280.7 281.5 277.6 273.8 269.4 264.5 258.8 252 243.3 236.5 232 228.2 225.3 223 222.2 218.9 216.2 211.9 209.1 208.7 210.5 215.5 218.7 219.5 214.7
116.3 108.7 108.3 105.4 108.4 109.2 110 112.2 114.9 111.4 103.5 115.5 119.3 121.7 125.5 129.7 134.5 137.4 136.8 135.5 134.7 134.8 136 140.7 144.3 147 151.4 160.8 169.9 177.4 183.7 190.2 199.5 206.9 211 217.4 225.4 233.4 243.5 251.3 259 263.3 268.4 275.3 278.9 283.6 287.8 288.4 293.3 290.5 285.4 280.6 277.6 277.3 278.4 279 276.7 273.7 269.8 265.6 260.5 254.4 247.1 238.9 232.8 230.7 228.1 225.4 224.8 222.2 219.2 215.4 213.5 212.7 211.4 213.1 216.7 217.7 217.6
118.6 115.5 110.3 108.4 105.5 108.4 108.2 110.9 111.9 108.2 111.9 116.6 119.3 120.6 122.8 125.8 129.7 133.5 134.3 133.6 135.7 135.9 137.7 141.1 146.1 150.6 154.9 163.8 176.8 183.7 188.3 197 206 213.4 220.1 223.4 229.6 239.1 248.3 256 264.2 267.8 274.8 280.7 283.8 286.6 292.1 292.5 292.8 290.3 286.4 282.2 277.1 274.3 273 273.4 272.6 270.1 267.9 266 261 255 247.7 240.1 234.7 231.7 229.6 228.2 227.1 224.9 222.6 219.7 217.7 217.9 216.4 214.1 214.6 216.6 216.7
117.2 115.4 113.9 108.9 105.2 107.2 106.9 108.5 107.3 106.7 112 115.5 118.9 120.1 120.9 121.5 124.9 129.1 130.9 132.7 135.5 136.4 139.1 142.5 146.6 152.6 159.4 167 176.6 187.3 195 203.5 211.3 221.1 225 230.8 235.8 242.5 249.9 256.1 262.7 267.3 272.6 279.1 283.6 286.7 289.1 290.7 290.4 287.8 284.7 280.4 275 272.4 269.8 267.3 265.6 264.1 263.7 263.1 260.4 254.5 245.7 238.3 235.8 233.6 232 229.9 228.5 228.1 226.6 224.1 221.3 221.2 220.1 217.7 215.4 216.9 218.8
121.6 119.9 116.5 112.7 108.6 104.9 106 106.9 105.5 109.9 112.6 114.3 117.8 119.1 118.9 118.8 121.2 124.7 128 131.9 133.8 135.4 140.8 146.4 152.2 157 163.1 170 179.7 191.3 201.4 210.9 217.4 225 230.6 234.1 239.2 244.8 250.2 256 261.1 266.9 271.7 277.7 283 287.6 288.8 287.5 286.3 284.1 280.8 276.9 272.7 270.3 267.6 264.5 261.7 258.7 258.4 258.6 257.7 253.3 246.5 238.5 237.9 238.3 235.4 231.3 229.6 230.2 228.5 227.1 224.9 223.2 222 220 218.4 222.9 227.3
125 123.4 119.2 115.9 111.6 108 105.5 100.1 100.3 113 112.9 113.2 116.2 118.5 117.9 117.2 119.3 122.2 126.2 130.4 132.7 138.2 144.1 149.9 157.6 163.1 168.1 175.6 183.9 193.7 205 215.9 225.1 230.1 234.4 237.5 243.5 249.1 254.2 259 263.3 267.8 272.7 276.5 281.1 284.2 287 285.5 282.3 278.8 276 272.2 268 265 262.3 259.9 259.1 255.8 251.9 252.9 252.9 250.5 246 238.3 236.3 235.8 235.1 233 230.8 230.7 228.8 227.8 227.1 226.1 224.7 222.8 221.1 226.5 235.2
129.3 128.3 123.8 119.5 115.3 110.2 106.8 105.9 100.1 112.1 112.1 112.5 114.2 116.9 116.7 116.4 118.4 121.4 125.3 129.2 132.8 139.8 145.1 150.4 157 165.4 174.5 183.3 192.9 198.4 208.5 218.6 230.1 235.9 239.1 242.8 247.3 252.8 256.4 261 263.6 268.9 273.3 277.1 279.9 282.1 285.2 282.2 278.5 274.4 270.1 267.3 263.5 259.5 256.7 256.2 255.4 253.2 249.2 245.6 245.6 245.3 242.5 237.7 235.5 234.5 233.8 233.1 231.6 230.6 229.5 228.4 227.8 229.7 228.1 226.3 225.5 227.2 236.5
132.6 132.3 127.3 122.2 116.8 112.2 107.3 106.5 100.1 103.9 109.8 112.1 113.4 114.4 115.3 116.1 118.5 122 125.6 129.9 133.6 139.4 144.7 151.4 160 168.4 179 188.5 204 214.7 220 223.1 229.6 237.9 245.5 250.2 249 255 259.2 259.1 263.3 267.5 272.6 275.6 278.3 278.7 276.9 275.7 273.6 270.3 266.8 263 258.4 254.8 251 250.9 251.6 249.6 246.2 242.4 238.4 237.6 238.5 237.4 234.9 233.7 233.3 232.8 231.8 231.3 230.5 229.3 231.1 231.1 229.3 228.7 227.3 229 232.3
138.2 134.3 130.1 124.5 119.5 114.6 109.8 106.5 105.4 100.1 110.4 113.2 113.8 114.2 115 117.4 119.8 122.8 127 131.2 134.5 138.9 144.3 150.6 159 168.9 179.5 190.9 206.2 224.9 233.9 230.9 231.8 236.5 244.9 249.3 250 250.3 252.3 255.8 259.3 264.3 269 273.5 277.3 274.9 272.5 269.9 266.6 263.5 261.6 258.6 254.6 249.1 245.5 246.6 247 246.5 242.6 236.5 231 234.1 239.8 239.8 235.5 232.1 233.1 233.6 232.9 232.4 231.7 230.9 232.3 231.3 230 229.2 229.1 230.1 231.5
143.7 138.2 134.3 128.2 122.1 117.8 112.9 108.1 105 103.7 100.1 113.6 114.2 114.7 115.6 117.5 120.3 123.3 126.4 130 133.7 138.5 143.5 149.1 156.1 167.6 178.5 189.8 206.9 224.2 235.4 236.8 235.6 235.1 237.8 242.5 246.6 247.7 247.5 250.2 253.8 258.2 263.3 268.1 270.2 269.3 266.7 264.3 260.6 257.9 255 253 250 245.2 238.5 242.7 242.6 242.7 239.4 231.2 224.4 227.7 230.4 233.8 232.6 229.9 231.6 234.5 234.1 232.2 231.6 232.1 233.4 231.3 230.7 230.6 230.9 231.8 233.4
149.1 144.7 139.5 131.4 123.9 118.9 114.3 108.7 105.1 104.2 100.1 111.1 114.5 115 116.5 118.2 121.2 124.6 127.8 130.7 134.8 137.9 142.3 148.7 157.6 166.3 177.6 190 206.2 225.1 236.4 237.4 236.1 234.3 232.6 235.9 240.4 242 243.5 243.5 247 251.1 255.1 259 260.8 260.6 259.6 256.8 256.1 252.1 249.4 245.4 244.6 240.9 236.7 235.5 239.3 238.7 235.2 227.2 221.3 224.4 225.1 228.1 228.5 229.3 230.9 233.6 233.3 232.2 231 231.9 232.7 230.6 230.2 230.3 231.2 236.5 237.3
152.1 146.7 140.4 131 122.5 120.8 116.2 110.5 105.2 101.4 100.1 100.1 114.1 115.7 118.4 121 122.7 126.1 130 131.6 135 138.2 142.3 150.2 156.5 164.8 177 190.3 206.6 226.7 237.8 239 236 234 232.2 229.4 235.5 236.8 238.1 239 240.4 244 246.2 249.8 251 252.4 252.1 249.3 249.9 248.1 244.3 239 236.7 236.3 234.6 229.8 230.6 232.7 229.7 223.3 218.6 221.4 223.7 225.7 227.1 228 228.9 230.4 232 231.6 230.6 230 229.6 229.4 229.4 229.9 231.8 239.6 242.7
155.5 147 139.7 131.1 126.2 120.4 117.3 111.6 105.4 100.1 100.1 100.1 111.9 115.7 120.6 123 123.7 125.5 128.1 131.4 133.1 136.9 142.4 148.9 158.1 167 176.6 190.4 209.9 230.1 240.8 240.7 237.2 234.1 232.7 227.1 226.1 231.6 233.4 234.1 234.6 236.2 238.2 239.7 242.8 243.4 242.9 240.9 244 242.1 238.5 234.8 230 227.5 229.4 227.4 222.8 224.6 224.8 220 216.6 218.7 221 223 225 225.5 226.5 228.4 230.3 230.7 230.2 229.5 228.8 227.6 228.3 229.6 232.4 239.2 244.2
163.8 147.7 140 135.6 123.3 121.7 114.7 110.7 106.9 100.8 100.1 102.8 111.5 115.9 119.5 120.9 122.2 123.6 126.6 129 131.6 135.2 139.9 146.4 158 166.1 175.7 189.7 207.4 222.6 234.4 237.6 236.4 233.1 230.7 227.9 223.5 222.4 226 227.5 229.6 230.5 230.6 230.5 233 233.9 232.9 234.8 234.8 234.4 234 231.9 226.2 220.3 221.6 223.4 220.7 216.1 216.6 216 215.1 215 216.9 219.9 222 223.8 224.3 225.9 227.7 227.7 227.6 228.3 226.7 225.8 226.6 228.2 230.5 237.8 243.1
170.1 156.6 141.3 137.5 125.9 118.8 114.1 111.8 108.4 104 100.1 102.4 110.1 114.6 116.8 118.2 120 122.4 125 127.3 129.5 132.8 137.7 143.5 154.2 165.8 173.8 188.2 206.1 223 236.1 237.5 234.9 232 228.7 226.1 222.2 219.7 218.7 220.3 222.8 224.8 226.4 224.1 223.3 224.6 226.1 227.2 226.4 226.1 227.8 226.3 223.5 216.9 216.3 215.6 216.5 213.6 213.3 213.5 213.4 212.4 213.5 216.8 219 221.2 221.8 222.3 223.1 223.7 225.7 226.5 225.2 224.6 225 226.4 228.6 236 240.4
174.6 162.8 140.7 129.9 123.2 115.9 112.9 111.8 109.7 105.8 100.1 100.1 107.1 110.4 114.5 118.1 120.1 120.2 122.3 124.7 127.3 130.4 135.7 144.4 153.2 163.2 176.2 192.3 213.5 227.1 235.4 235.8 234.7 230.8 227.9 225.6 221.7 217.2 214.4 212.9 214.9 217.9 221.1 221.3 216.8 216.9 218.2 218.6 218.4 219 221.6 222.3 219.9 215.6 212.7 210.5 210.7 211 210.8 211.7 211.8 210.8 211.4 213.7 216.1 217.5 219.1 220 219.8 221.1 223.6 225.1 224 223.2 223.4 224.8 226.3 232.5 239.4
175 158.2 140 131 122.3 117 113.6 113.2 111.9 108.8 102.6 100.1 101.3 107.8 110.8 116.2 118.3 119.4 122.2 123.6 125.6 129.7 135.5 143.1 152.8 163.3 177 193.2 212.1 224.9 230.1 230.6 230.6 229.8 227.6 222.7 219.3 216 211.7 207.8 208.2 211.3 214.1 215.9 213.7 208.7 208.6 212.3 212.1 212.2 216.4 218.1 217.2 216.8 209.8 207.8 207 207.9 210.5 211 210.4 209.5 208.7 210.9 212.8 213.9 216.2 217.5 217.3 219.6 225.1 226.1 224 221.9 221.9 223.4 224.9 232 240.5
175.6 158.3 143.3 129.5 126 119.6 116.1 116.1 114.5 112.3 108.1 101.2 100.1 105.5 108.1 112.3 114.3 118.1 121.1 122.3 125.2 130.2 135.9 143.1 151.5 161.4 174.5 186.6 202.6 214.7 221.5 224.1 225.8 227.1 226.9 222.3 216.8 212.4 210.6 206.7 202.4 204.8 206 207.8 208.2 204 201.2 204.3 205.7 207.2 209.2 211.5 214.5 214.9 209.7 206 206.4 208.4 208.6 209.5 208.6 207.7 207.2 208.2 210.5 211.6 212.9 213.8 213.8 215.3 220.8 226.7 227.8 222.1 220.7 222.2 224.1 229.8 239.1
174.8 155.6 145 136.3 129.4 124.3 118.4 120.4 118.5 114.7 111 106.3 100.1 100.1 109.1 110.6 112.4 116.2 119.6 122.9 126.2 130.2 135.6 141.5 148 158.3 167.8 177.7 189.7 202.1 211.9 216.9 219.5 222.2 223.6 220.2 214.9 209.8 207.8 205.2 201.8 198.5 199.6 197.3 199.1 198.2 199.1 200.6 201.4 203.6 205.6 207.5 209.9 211.3 208.1 205.2 206.8 207.7 209.6 208.2 206.7 206.1 205.8 206 208.3 209.8 209.7 209.7 209.6 211.5 214.8 218.4 222.4 220.9 219.5 220.6 225.2 230.7 235.1
174.7 162.2 150.2 140.9 129.5 125.9 122.7 123.5 121.6 117.7 113.6 109.1 103.1 100.1 101.7 109.3 111.2 115.9 119.6 122.9 126.2 128.8 134.3 139 145.4 153.5 161.8 170.5 179.1 189.7 200.4 207.8 211.3 215.5 217.8 216.2 212 207.3 204.3 201.7 198.1 196.5 192.2 189.1 191.9 194.1 195.9 197 198.1 199.8 203.1 204.5 205.4 206.6 206.3 204.8 204.8 205.3 207.9 207.1 205.5 205.1 204.8 204.8 205.2 206.7 206.9 207.1 206.2 208.2 211.8 213.7 214.4 215.4 217.8 219.8 221 230.1 234.1
180.9 166.8 152.9 144.6 132.9 129.4 128.4 125.9 122.2 118.9 115 111.1 106.9 100.1 100.1 107.1 109.7 115.5 117.8 120.8 124.8 127.9 132.5 138.3 143.3 149.4 156.2 163.4 171.3 179.3 189.2 197.5 203.5 205.9 210.6 210.7 207.4 203.8 202.3 198.9 195.6 195.2 191.9 187.8 187.4 190.3 191.9 194.2 196.1 196.8 199.5 201 202.1 203.3 204.5 203.7 202.6 203.4 206.6 205.6 204.6 204.1 204 204.1 204.4 204.8 205.3 205.2 204.5 204.7 208.2 210.1 211.4 212.8 215.3 217.9 220 228.6 233.9
185.8 169.5 156.7 145.8 142.1 135 129.4 125.5 121.9 118.9 115.9 112.1 108.7 105.8 100.1 100.9 109.2 112.2 115.5 117.4 122.3 125.7 129.8 135.5 141.6 146.2 151.6 158.2 164.2 171.7 180.3 188.2 194 197.7 201.6 205.3 205.3 204.9 203.3 200.6 196.1 192.9 192.9 187.9 185 187.2 188.4 190.1 192.5 194.3 197 198.6 199.8 200.9 201.8 202.7 202.4 202.4 203.1 204.7 203.7 203.1 203.1 203.3 203.7 204 204.5 204.2 203.6 203.6 205.1 207.7 210 211.6 212.7 215.4 218.3 222.9 229.6
188.6 174.8 160.3 150.8 143.7 133.3 127.6 124.4 122.6 120 116.7 111.8 108.9 107.3 100.1 100.1 107.7 111.7 114.2 116.4 121 124.2 127.9 132.6 138.2 143.1 148.5 155.3 160.1 166.7 174.8 181.5 188 192.7 196.6 200.3 203 204.4 202.4 199.1 193.8 187.9 187.4 187.6 184.2 184.3 185.2 187.1 190.3 192.1 194.2 195.9 197.5 198.3 199.7 201.9 201.9 201.9 202.2 202.8 203.3 202.6 202.5 202.6 202.9 203.3 203.5 203.3 203.1 203.3 204.1 206.5 208.9 210.9 211.1 213.8 216.9 218.8 222.8
193 180.2 162.4 148.3 139.1 130.7 125.8 123.9 122.8 119.4 115 110.5 108.9 108.2 100.1 100.1 110.5 113 116.6 118.5 120.7 124.3 127 132.3 136.9 139.8 144.6 150.6 156.5 162.2 169.6 175.4 182.5 187.2 192.4 196.1 198.5 199.9 199 194.6 189.2 185.5 183.2 182.4 182 182.4 183.8 186.1 188.5 189.9 191.5 193.9 195.9 197 197.7 200.8 202.2 202.3 201.6 202 203.1 203.9 203.1 202.7 202.7 202.6 202.5 202.5 202.9 203.3 204.5 206.7 208.8 209.8 209.3 212 214.9 216.6 219.3
197.3 183 163.8 147.5 133.6 128.2 124 121.6 120 116.2 112.9 110 107.7 106.4 100.1 104 111.5 113.3 116.1 118.3 120.8 123.9 125.6 129.6 134.6 138.2 143.7 148.7 154 158.3 163.9 168.5 175.1 180.3 186.1 190.4 192.2 193.4 192.8 187 184.6 182.4 181.8 181.4 181.2 181.4 183 184.6 186 187.4 188.9 191.8 193.8 194.7 196.4 198.3 201.7 203.2 202.4 206.2 209.2 210.3 209.7 206.2 212.6 212.3 204 202.9 203.1 203.4 205.4 208.9 210.5 211.4 210.4 211.6 213.9 215.2 216.5
190.2 178.6 158.7 144.8 133.6 127.4 121.9 120.6 118.5 115.4 112.7 110 107.6 102.8 100.1 108.9 109.5 112.4 114.7 116.9 119.8 122.7 124.1 126.9 132.3 138.1 143.2 149.2 153.3 155.1 158.6 161.8 166.7 170.7 175.9 180.7 183.1 184.6 182.9 183.5 183.5 182.2 181 181.2 181.5 180.9 181.7 184 185.4 185.8 186.3 187.6 190.3 192.7 194.9 196.9 200.8 204.2 205.8 211.9 216.8 219.4 217.8 212.6 212.4 215.9 214.2 208.5 204.2 204.2 205.5 209.1 213.3 215.4 211.3 210.7 212.6 213.8 216.1
188.2 173.8 159.1 145.6 133.9 125.9 120.8 119.1 117.2 114.5 112.3 109.7 106.8 100.1 100.1 109.1 109.4 110.1 112.9 115.6 117.3 120.7 122.3 127.2 132.9 137.9 141.7 147.1 151.4 155.3 155.8 158.8 161.1 164.3 168.9 171.9 175.3 176.9 177.6 180.2 182.2 180.9 180.7 182.1 182.2 182.3 181.4 181.7 184.2 184.7 185.2 186.4 188.3 191.1 193.9 195.8 201.9 208.5 213.9 216.7 217.6 217.5 215.6 214 213.3 213.5 214.1 211.7 205.1 204.6 205.6 208.6 212.5 215.9 215 208.7 209.2 213.1 216.6
179.6 175.8 159 147 139.1 128.3 121 117.9 115.7 113.5 111.1 108.5 105.6 100.1 100.1 100.1 106.5 108.6 110.4 113.4 118.8 120.1 122.3 127.4 132.5 137.5 141.2 145.7 150.2 153.6 154.8 157.5 160 163.7 168 170 172 173.7 174.5 176.8 177.8 182.6 182.3 184.4 184.7 184.3 183.2 181.7 182.5 183.6 184.9 186.2 188.3 192.9 196.4 195.7 200.2 207.4 212.6 219.1 218.1 216.8 215.4 214.7 214.6 214.5 213.2 211.1 207.1 205.2 206.9 209.6 209.8 212.2 214.7 212.5 207.4 208.2 212.1
