data/260000-950000.asc
ncols 200
nrows 200
xllcorner 260000
yllcorner 950000
cellsize 50
[rows 70 to 104 of 200, columns 79 to 157 of 200]
121.9 120.2 115.5 112.3 110.7 110.5 112.4 113.9 116.2 118.7 119.2 118.4 118 118.1 118.2 118 117.8 118.2 119.2 119.1 118.4 119.2 119.2 118 118.6 119.3 120.2 121.2 121.6 121.6 118.3 116.9 115.7 117.5 112.6 109.8 109.4 103.6 93.2 88.8 84.2 77.6 75.2 74.6 72.1 67.2 60.8 58.4 54.4 52.6 52.7 59.9 62.3 66.5 73.7 83.5 96.2 107.2 106 106.1 107.6 113.4 118.5 119 118.3 117.4 114.6 111.2 108.5 108.2 108 105.8 104.4 105.5 108.6 106.4 101.1 100.7 101.5
119.2 118.2 114.4 111.8 110.1 109.9 110.9 112.3 114.7 118.3 118.5 117.5 117.4 117.3 117.2 117 116.8 116.1 117.4 118.6 118 117.7 117.3 117.6 118.6 119.3 120.6 121.4 121.9 121.5 119 116 113.8 111.8 109.2 107.5 105.8 100.8 96.8 90 84.4 78.2 75.8 74.5 73.7 64.8 60.1 58.7 54.6 52.7 53.1 57.6 60.6 65.4 72.8 84 93.5 100.9 105.8 105.4 105.6 111.3 117.3 118.1 117.6 116.3 114.1 110.7 107.6 107.2 106.8 106.7 104.1 104.1 106.1 106.9 101.8 100.4 107.3
116.5 115.7 113.4 110.8 110.4 109.6 109.8 111.1 114.1 117.8 119.3 116.8 116.4 116.3 116.1 115.9 115.8 115.7 114 114.9 114.1 114.6 115 116 117.2 118.4 120.5 121.9 122.5 122.3 119 115 112.7 109.8 107.9 106.5 105.4 102.4 96.2 92.4 86.3 78.8 76.5 74.5 70.7 63.6 60.3 59.1 53.8 52.7 54 59.1 60.9 63.9 72.3 84.1 93.5 97.8 103 103.3 104.7 110.4 116.2 117.3 116.7 115.5 114.4 110.7 107.6 107 106.2 105.5 106.6 106.6 103.3 104.5 101.6 100.7 103.1
115.4 114.3 112.8 113.8 114.1 110 108.8 109.2 111.7 114.7 116.2 115.7 115.5 115.3 115.1 115 114.8 114.7 114 113.1 112 112.1 113.5 114.4 115.5 116.9 120 122.5 122.4 122.3 118.5 114.5 111.6 109.6 108.1 106.7 105.4 103.6 96.4 94 86.5 80.2 76.7 74.4 68.6 64.3 60.4 57.9 53.9 53.5 54.7 61.8 62.3 64.3 71.3 80.4 95.1 97.1 101.8 102.7 103.8 109.5 115.3 116.4 116 115.2 113 110.5 107.7 106.8 106 105.1 108.4 109.4 104.8 101.9 101.3 102.6 109.3
114 113.6 112.8 115.6 115.1 111.3 108.4 108 110.2 113.6 114.3 114.3 114.3 114.3 114.1 114 113.9 113.8 113.8 113.2 112.2 110.7 112 112.9 113.8 115.8 120.7 121.6 121.8 121.5 117.9 114.2 111.4 109.6 108.1 106.8 105.3 101.4 96.4 93.9 86.8 81.7 77.7 74.5 69.2 65.8 60.2 56.7 54.5 51.8 55.5 61.9 62 64.9 71.4 79.1 91.7 95.8 99.8 101.6 102.5 109.1 114.3 116.1 115.7 115.1 113 110.7 108.5 106.6 105.8 105.6 108.9 108.9 107.7 105.1 102.1 107.3 114.9
115.9 114.8 114.1 115.3 115.2 111.2 108.3 107.6 110.4 112.7 113.8 113.3 113 110.9 113.6 113.5 113.6 113.7 113.4 112.7 112 110.9 110.5 111.8 113.2 116 118.5 120.6 121.3 121.2 119.4 114.7 111.6 109.7 108.5 107.2 105.4 102.8 98.8 92.5 87.1 82.4 78.6 75.3 69.7 64.4 61 56.7 55.6 54.5 55 58.3 62.1 65.4 70.9 79.8 85.7 95.7 97 100.5 101.4 107.4 112.8 114.9 115.7 115 114.2 111.4 108.3 106.6 106.1 106 106.9 108.1 109.2 107.8 103.3 106.4 113.4
117.6 119.7 115.8 115.6 114.9 112.4 108.2 108.7 112.2 113.3 112.3 110.9 110.9 110.9 113.4 113.4 113.5 113.6 113.1 112.3 111.5 110.9 110.3 111.7 113.2 115.7 118.2 120 120.3 120.4 117.6 114.8 112.5 109.8 108.9 107.2 105.5 103.1 99.6 91.3 88 84.5 80.6 75.2 70.4 65.4 60.8 57.7 56.3 54.9 54.3 57.3 61.2 66.2 71.8 80.6 87.3 95.4 99 99.6 101.4 105.8 111.2 113.7 114.8 115.5 115.5 115 109.4 107.7 106.9 106.2 106.8 108.1 109.2 107.5 105.3 105.2 111.8
118.6 118.1 116.6 116 116.8 112.6 107.8 108.2 113.4 114.2 114.2 113.8 111.2 110.9 111.1 113.3 113.5 113.5 112.7 111.9 111.2 110.5 111.4 112.4 113.7 116 118.4 119.4 118.8 118.4 117.7 115.3 113 110.1 108.9 107.2 105.6 103.3 98.4 93.8 89.9 84.4 80.6 73.9 70.2 64.8 60.8 58.4 56.4 55.3 54.3 56.9 60.8 66.4 72.5 80.3 88.1 94.9 99.3 100.9 100.5 104.2 109.5 113.3 115.6 116.1 116.6 118.2 112.7 109 108.2 107.2 106.8 108.5 109.1 107.9 107.2 106 111.8
120.9 120.5 116.3 114.7 113.4 110.1 106.4 107.2 108 110.4 113.8 114 113.8 112.6 113.3 113.4 113.5 113.1 112.3 111.7 111 110.3 110.6 112.6 114.4 116.7 118.3 119.1 118.9 118.2 117.7 115.1 113.1 110.5 109.1 107.7 105.6 102 97.7 93.9 89.4 83.9 78.5 73.3 69.8 63.4 60.8 59 56.9 55.3 56.1 57.4 61.3 67 72.4 79.1 85.4 92 97.5 98.8 99.4 106.2 109.8 114.2 115.9 116.8 117.8 118.3 116.2 110.3 109.1 108 107.5 108.6 110.8 110.1 109.2 107.5 107.7
123.1 121.7 115.7 113.4 110.7 107 105.5 105.7 106.6 108.4 112.2 116 114.5 112.1 112 112.6 113.2 112.8 112.1 111.4 110.7 110 111.1 113.7 114.3 116.7 118 118.9 119.5 118.8 118 115.3 113.2 110.9 109.3 108.1 105.8 101.1 96.5 92.5 87.4 82.7 77.1 74 68.4 62.7 59.7 58.3 57 56.5 57.5 58.5 61.5 65 71 77.7 84.8 91.2 95.4 96.3 98 101.4 112 115.4 116.8 118.2 119.4 121.2 118.9 113 110.4 108.9 108.3 109 111.7 111.9 111.2 108.9 111
126.5 120.8 116.2 112.1 108.2 106.1 105.2 104.7 105.4 106.8 106.3 107.9 107.6 107.6 109.9 111.3 112.5 112.6 112.2 110.8 110.1 109.5 112.3 113.8 114.9 115.7 117.7 118.6 119.4 119.9 118.5 115.6 113.3 111.2 109.6 108.3 102.9 100.8 98.7 92.3 86.3 81.3 79.5 74.5 67.6 61.5 59.5 58.9 57 56.6 57.8 58.7 60.9 63.3 69.5 76.7 83.8 90.8 93.7 93.8 97.7 101.1 112.5 116.6 118.7 120.1 120.8 122.1 120.6 116 112.2 110 109.6 110.5 112.9 113.7 113 113 112.8
128.8 121.8 116.9 112.2 108.4 105.9 104.6 104.3 102.3 102.3 102.3 102.3 102.3 106.9 109.2 110.5 111.8 112.1 111.8 111.5 110.7 111.5 113.2 113.6 115 115.8 117.3 118.2 118.8 118.9 117.2 115.7 112.3 110.9 109.9 106.9 104.3 104.9 99 89.8 86.1 80.2 80.1 73.1 65.7 60.7 59.6 58.9 57.1 57.4 58.4 61.9 64.2 63.9 68.1 75.8 83 89.1 92.8 92.7 94.4 102.6 113.5 118.9 120.5 121.6 122 124 121.4 117.4 113.6 111.8 111.3 112.9 113.6 113.5 113.2 112.5 113.5
128.4 121.7 118.9 114.2 112.4 107.5 104.6 104.4 102.3 102.3 102.3 102.3 102.3 105.2 108.8 110.1 111.6 111.4 111.1 110.8 111.1 108.9 113.5 114.8 115.3 116 116.9 117.5 117.9 117.9 116 113.9 111.6 109.2 107.2 105.4 105.8 101.8 90.5 88.3 88.1 79 73.1 67.5 62.4 61.1 60 58.8 57.5 58.1 59.7 63.7 66.5 67.6 65.8 73.7 80.6 86.3 91.9 92.7 91 102.8 111.4 120 121.5 122.3 122.7 124.2 122.2 117.9 115.1 113.4 114.1 115.6 115.7 113.8 113.7 114.1 116.5
126.2 122.8 122.1 119.5 113.4 107.5 105.1 104.2 102.3 102.3 102.3 102.3 102.3 106.7 109 110.5 111.9 111.1 110.3 110 111.2 109.8 107.8 110.4 110.1 115.5 117.9 115.5 115.8 116.7 115.2 113 107.9 107.9 107.6 104.6 100.1 91.3 83.4 81.1 79.8 75.5 69.6 64.7 62.4 61.3 60.3 59 56.6 60 62.1 63.9 68.5 69.9 70 73 78.6 84 88.8 89.6 92 104.9 113.3 121.4 121.8 122.6 123.1 123.7 124.2 120 117 115.1 115.4 116.5 117.3 115 115.4 119.5 120.1
128.5 123.1 122.8 122.3 114 109.1 106.4 103.8 102.3 102.3 102.3 102.3 102.3 107.1 109.7 111 112 110.8 109.6 109.5 111.5 111 109.3 108.7 107.2 105 105.8 106.5 104.7 108 115.5 108 111.1 105.9 98.7 93.8 90.5 85.6 86.9 79 74.7 70.8 66.5 64.4 62.5 61.4 60.4 57.3 59.1 60.5 65.7 66.4 72.2 73.8 71.9 70.6 80.4 84.9 91.2 92.1 97.1 109.9 114.2 120.3 120.7 124.3 124.8 123.2 123.6 121.7 119 116.7 116.9 117 118.5 118.8 119.1 122.2 121.5
126.6 123.6 123 121.6 114.2 110.1 108.1 106.3 102.3 102.3 102.3 102.3 102.3 107.5 109.7 111.8 111.2 109.2 109 109 109 111.9 114 112.7 109.5 110.3 106.8 106 106.2 102.7 103.8 103.7 106.5 97.9 90.8 89 86.8 89.2 89.5 76 72.8 68.8 65.5 64.1 62.7 61.6 60.3 59.4 60 63.4 68.6 72.9 77.7 77.9 74.2 71.8 74 84.8 90.1 92.7 98.6 112 116.6 115.6 118 123.6 123.9 123.4 123.7 122.6 120.5 118.5 118.2 118.4 119.1 120.3 121.9 123.9 125.6
126.1 123.4 122.5 122.2 116.6 111.1 109.5 108.5 106.2 103.6 114.8 111.8 102.3 108.1 111.3 111.9 110.3 109.5 109.4 109.2 110.6 112.7 115.6 111.8 111.8 113.2 112.5 112.1 112.4 109.2 105.1 98.9 100.4 92.9 89.5 88 83.3 85.4 80.5 74.1 70.8 67 66.1 64.6 63.2 61.9 60.7 60.3 61.9 67.8 73 77.2 80.7 83.6 82.1 77.4 73.4 81.7 88.9 94 93.9 114.9 121.3 121.4 116.7 118.2 121 124 124.5 122.8 121.7 120.7 119.6 120 120.9 122.1 124.1 127.6 129.2
126.9 120.2 121.2 118.8 112.7 112.1 111.4 110.5 107.7 106.2 110 104 102.2 109.2 111.9 111.5 110.9 110.5 111.2 111.3 112 113.2 112.5 112.2 114.2 113.8 113.4 113 113.1 113.4 111.6 105.2 96.5 88.2 81.7 77.5 74.6 72.8 70.5 70.4 68.4 67.1 65.8 64.5 63.4 62.3 60.4 61.3 65.1 72.7 78.7 82.7 84.4 88.3 90.7 84.9 81.2 75.7 88.8 96.7 96 112 119.2 125.5 121.6 118.7 119.6 124.8 124.4 123.5 122.4 121.4 121 122.5 123.4 124.5 127 129.7 131.4
122.1 116.4 114.5 112.9 113.5 113.6 113.5 112.6 109.4 105.4 104.5 102.5 104.1 108.7 111.7 112.2 111.6 112.2 112.9 113.5 114.2 114.6 114.1 114.2 117.1 115.8 115.1 112.8 112.3 109.3 108 104.6 100.7 92.1 83.7 78.8 73.6 72 75 72 68.8 67.2 65.6 64.1 63.2 62.2 59.4 63.6 69.2 77 82.8 87.5 88.3 92 95.2 93.4 90.1 85.3 76.4 91.4 95.7 104.3 114.4 119.5 122.1 121.7 121.3 124.2 123.9 124 123.2 122.6 122.3 123.6 125.7 126.8 129.3 131.8 133.5
115.4 113.2 114 114.4 114.6 114.8 114.9 113.5 111.9 106.5 103.7 103.5 104.8 108.1 111.1 112.4 112.8 113.3 113.7 114.1 114.4 114.7 114.8 114.6 117.9 119.9 113.9 112 109.9 107.3 105.4 102.1 98 92.3 86.8 83.1 81.8 79.1 83.2 77.8 69.2 67.5 66 64.4 63.6 62.1 60.4 66.4 74.4 82.1 87.2 91.7 93.1 96.4 99.8 99.3 98.3 93.5 86.6 91.8 98.7 103 105.7 114 117.3 119.9 121.1 123.6 123.6 123.6 123.6 123.1 123.1 124.3 127.3 128.8 133.4 136.1 135.9
115.7 115.1 114.7 114.8 114.8 114.9 115.2 114.6 113.4 107.2 103.7 103.6 104.8 108.7 111.3 111.8 112.4 113.3 113.7 114.1 114.2 114.6 114.9 114.5 113.7 113.1 111.7 110.9 108.6 106.8 100.6 98.6 96.8 93.2 92.1 89.4 86.3 83.1 82 74.6 69.3 67.6 65.8 65.8 64.3 62.1 63.7 69.7 77.6 86.6 93 97.7 100.1 100.6 103.2 103.2 103.3 99.4 93.6 84.3 91.6 101.1 104.6 110.9 114.4 117.6 120.5 122.1 122.3 121.4 123 122.4 123 125.1 129.1 132 138 139.4 139.3
117.7 116 115.4 115.3 115.2 115.1 115.2 115.3 113.6 104.6 103.6 103.4 105.5 109.1 110.8 111.4 112 113.1 113.7 114.1 114.3 114.4 114.8 113.9 113 112.3 110.8 109.3 107.4 103.1 98.7 96.4 94.7 92.9 91.1 89.2 85.6 83.6 82.1 71.3 69.7 67.8 66.3 66.4 64.2 61.1 68.4 72.8 81.3 88.3 95.6 101.4 106 106.2 107 107 106.7 103.9 99.4 96.3 84.6 93.1 105.9 105.9 110.7 114.5 116.8 118.4 119.6 120.2 122.1 122 122.9 125.8 130.5 135.5 141.6 143.2 141.5
118 116.7 116 115.7 115.6 115.3 114.8 115.5 112.9 104.5 103.3 103 106 109.5 110.3 110.9 111.5 112.2 113.7 114.1 114.3 114.4 114.5 113.2 112.3 111.5 109.7 107.3 106.2 99.5 95.4 94.7 92.9 91 88.5 86.6 85.1 83.8 79.2 70.7 69 67.8 66.7 65.4 62 63.5 70.4 75.6 84.5 92.4 97.2 105.6 110.1 112.4 109.6 110.7 110.4 109.6 106.1 100.8 96.2 91 101.4 108 107.4 111.5 113.3 113.4 114.6 117.4 121.1 121 121.5 126.7 131.6 138.4 145.1 148.3 148.1
117.7 115.8 115.5 115.5 115.1 114.7 114.2 113.4 110.4 105.6 103.3 103.6 106.1 108.9 109.9 110.5 111.1 111.7 112.9 114.1 114.3 114.4 114.4 112 110.6 108.8 106.9 104.5 102.4 99.2 94.1 94.7 92 88.9 86.3 83.9 82.9 81.9 72.2 70.6 68.7 67.2 66.2 65.2 63.2 67.9 72.9 80.4 90 94.9 98.9 108 113.1 116.4 115.3 114.7 114.2 113 110.3 105 100 96.5 89.6 104.3 108.1 109.1 111.1 112.4 111.8 116.2 119.3 120.2 121.4 127.9 134.3 142.5 149.2 150.4 152.1
113.9 111.8 112 112.5 113.9 113.8 113.4 112.2 109.5 104.1 102.9 103.5 105.7 108.2 109.6 110.1 110.7 111.2 112 113.6 114.9 114.1 114.3 111.1 109.3 106.8 106 103.4 102 101.9 93.1 94.6 89.4 85.9 83.6 81.2 80.2 73.8 71.8 70.7 68.7 67.5 66 64.6 65.3 72.1 76.3 84.2 94.7 97.9 102.6 110 115.7 120.1 120.1 118.1 118.1 120.1 115.2 109.5 104.3 95.7 91.8 96.1 101.9 106.7 109.8 113.1 110.1 111.1 118.2 119.8 123.5 129.9 136.6 147.1 153.4 154 157.5
111.5 110.6 110 109.7 110.9 113.1 113 111.8 108.1 103.7 103 103.3 105 107.6 109.2 109.8 110.3 110.9 111.5 113.1 113.9 112.7 111.6 110.3 108.4 104.2 101.8 99 96.7 93.1 90 93.2 86.8 83.3 80.3 77.8 73.6 68.3 69 68.3 66.2 67 66 65.2 69.6 74.2 80 91.8 100 101.7 104.7 111.5 116 122.3 123.4 120.9 118.8 118 118.5 115.2 108.8 100.7 91.7 93.5 103.1 104.6 107.3 108.5 108.4 108.7 113.9 118.8 125.1 131.1 139.1 153.5 159.1 159.7 162.2
112 111.3 110.9 108.9 107.2 110.6 112.2 112 107.7 105.2 102.9 102.8 104.9 107.3 108.9 109.5 110.2 110.9 111.3 111.2 111.8 111.2 110.5 109.6 107.8 103.7 96.9 89.9 85.8 85 82.2 87.6 83.9 80.3 77.2 73.5 70.1 69.4 69.1 67 68.1 65.3 66.4 63.9 73.7 76.4 81 92.5 101 104.3 107.5 113.1 118.7 123.4 125.6 123.3 118.8 116.8 116.1 115.7 112.9 108.1 99.4 96.1 96.2 101.8 105.1 107 108.4 108.8 111.8 115 124.5 130.7 138.4 156.5 164.7 164.7 166
112.6 111.9 111.2 110.8 109.9 105.8 110.9 110 107.2 104.6 102.6 102.3 105.3 107.5 108.5 109.5 110.1 110.8 111 111 110.4 109.6 109.2 108.4 105.5 102 96.1 90.2 95.4 96.5 87.8 79.3 79.7 77.2 75.6 72.4 69.9 70.7 69.8 68.7 67.5 66.2 68.2 71.5 75 79.1 84.2 92 102.2 106.5 110.5 115.7 120.6 125.8 127.4 126.5 120 115.9 114.4 114.8 114.3 110.1 103.5 100.1 96.4 103.2 104.8 108.2 108.7 109 113.6 116.8 122.7 129.5 139.2 155 169.5 169.7 171.7
113 112.5 111.8 111.1 110.6 107.8 105.7 107.2 106.1 103 102.6 102.6 105.4 107.1 108.1 109.1 110.1 110.7 110.6 110.5 109.6 108.8 107.2 105.4 104.9 101 97.1 95.9 94.5 93.8 91.1 83 80 78.1 75.9 70.3 71.5 70.8 70 69.2 67.9 67.8 71.6 73.5 77.4 82.4 87.3 94.7 103.1 108.4 113.5 119.3 124 127.4 128.9 129.2 122.2 117.7 114.9 113.7 113.6 111.3 106.5 104.4 101.8 105.3 105.9 107 110.7 112.2 114.8 116.8 123.2 127.3 136 152.1 173.7 174.7 175.4
110.8 110.8 110.9 110.7 110.4 109 105.1 104.8 105.2 103.5 102.2 102.9 105.1 106.8 107.8 108.8 109.8 110.5 110.5 109.8 108.9 108 107 105.5 104.5 101.9 99.5 95.2 94.2 94.7 88.3 83.6 83.3 78.3 70.5 71.8 72.3 70.9 69.9 69.2 68.3 71.1 72.9 76 79 85.7 90.7 98 104 110.4 116.3 121.3 125.3 128.1 130.2 130.8 128.2 119.5 116.5 114.5 114 112.2 107.7 106.6 102.8 101.6 106.7 107 110.3 112.5 115.9 119.6 122.9 126.8 135.2 156.3 175 177.1 178.6
109.9 109.6 109.5 109.4 109.7 109.1 107.7 104.6 103.2 102.1 101.1 103 105 106.6 107.9 108.9 109.9 110.2 110.3 109.4 108.6 108 107.6 106.3 104.6 101.7 100 94 94.6 89.4 85.3 84.6 83 72.1 72.5 72.9 72.9 71.5 70.4 69.2 68.5 71.5 73.6 77.5 80.1 87.7 94.1 101.2 107.5 113.2 118.4 122.6 126.6 129.6 131.5 132.2 131.5 122.2 118.1 115.9 114.6 112.8 108.2 105.7 103.3 102 104.7 107.4 109.2 113.2 113.3 122.8 125.4 127.7 132.8 155 175.7 180.5 179.9
109 108.6 108.6 108.5 110.5 109.4 108.2 108.4 103.4 102.4 100.8 102.5 104.6 106.2 107 109.1 109.8 110 110.2 109.4 108.4 107.8 109.5 108.6 106 102.1 97.8 92.9 91.7 87.9 82.7 83.9 73.9 72.5 73.4 73.2 73.6 72.3 71 69.9 69 71.7 73.8 78.5 81.3 89.4 97.9 105.6 112.2 116.2 121.3 124.4 128.1 131.6 133.5 133.8 134 130 119.5 116.9 115.1 114.1 108.3 106.8 104.4 102.8 104.6 106.4 108.5 112.4 113.8 121.8 126.1 128.7 131.6 143.7 170.5 187.1 183.8
107 107 107.3 108.2 110.3 109.3 108.3 107.1 105 102.4 101.2 101.6 103.8 105.9 106.3 108.1 109.6 109.8 110 109.3 108.1 106.6 109.7 106.6 105 100.6 97.3 92.4 88.2 84.6 80.7 79.3 73.7 73.7 73.6 73.4 73.4 73.4 71.6 70.5 70 71.7 73.9 78.1 82.5 91 101 108.5 115.6 119.2 125 127.2 130.4 133.6 134.9 134.8 134.9 128.2 121.2 117.3 116.1 114.9 109.3 106.4 105.2 103 105 106.7 108.3 110.7 114 121.4 126.3 129.1 132.1 142.7 160 185.4 187.5
105.1 105.2 105.5 106 107.8 108.8 107.9 106.7 104.7 101.9 101 100.8 102.3 104 105.1 107.9 108.8 109.3 109.5 109.7 106.8 105.3 104.7 104.4 101.1 103.6 96.6 91 83.2 81.3 75.7 73.3 73.9 74.1 73.9 73.9 73.8 72.4 71 71.2 71.7 73.3 74.7 78.5 84.3 93.6 104 112.8 118.4 122.7 127.4 131.1 134.9 136.8 136.4 135.7 135.7 133.2 125.7 118.7 117 116.1 111.1 106 104.8 104.4 105.4 106.8 108.4 111.5 114.2 120.6 127.1 129.7 133.5 141 153.2 170.5 185.8
103.4 103.5 103.8 103.7 107.2 106.6 105.9 104.2 103.7 101.3 100.3 99.4 101.2 102.9 104.1 107.3 107.7 108.3 108.9 110.2 106 103.8 102.7 102.8 99.7 94.5 91.9 86.9 82.1 79.3 75.8 75.3 75.1 75.1 74.4 74.4 74.2 72.3 71.2 71.9 72.8 73.5 75.1 79.9 86.7 96.2 106.7 117.1 121.3 125.7 129.9 134.4 139.2 138.6 138 137 136.7 135.3 129.5 120.2 117.2 116.4 112.1 106.6 105.3 105.6 105.9 108.7 109.2 112.8 117 118.1 128.3 131.1 134.1 141.3 149.6 157.9 178.9
