data/260000-760000.asc
ncols 200
nrows 200
xllcorner 260000
yllcorner 760000
cellsize 50
[rows 70 to 104 of 200, columns 78 to 155 of 200]
452.4 452.1 451.8 451.8 451.7 451.8 451.9 451.9 451.9 452.1 452.1 451.9 452 452 450.7 449 448.1 446.5 446.8 446.8 446.8 446.5 446.1 445.2 445.2 444.9 443.5 442.4 441.2 440.3 439.7 439.2 439.1 437.2 436.6 435.7 434.5 433.4 433.1 433.2 432.9 432.7 432.5 432.7 432.2 431.6 431.8 433.1 433.6 432.6 431.6 432.2 431.8 431.8 431.8 431.8 433.4 433.3 435.3 435.8 435.7 436.2 436.4 435.6 435.8 437.8 438.3 440 439.5 439.9 441.2 442.6 443.2 446.5 448.5 451.7 455.2 459
449.8 449.5 449.8 449.5 449.1 449.1 449.2 449.2 449.2 449.3 449 448.5 448.6 447.8 446.2 445.6 445 443 443.1 443.3 443.4 442.6 442.2 440.8 440.5 440.1 437.6 436.1 435 434.1 433.5 433.1 430.8 428.9 428.5 427.9 427.3 427.3 427.6 427.7 427.5 427.4 427.4 427.5 428 428.4 428.7 428.7 428.6 427.8 425.9 427.8 428 427.1 426.3 427.5 428.1 428.6 428.9 428.9 428.6 428.9 428.9 429 430.3 430.7 430.8 432.3 432.5 434.7 436.3 437.6 439.4 443.7 447.3 449.9 454.1 458.6
447.7 448.1 448.4 448.2 447.3 446.6 446.5 446.5 446.4 446.4 445.9 445.3 445.2 443.7 444.1 443.6 443 441.8 439.9 440.5 440 438.7 437.9 436.3 435.7 435.2 433.1 430.6 429.3 428.2 427.7 427.5 425.4 423.5 423.1 423.3 423 422.7 422.5 422.3 422.3 422.3 422.3 422.3 422.8 423.3 422.9 423 422.7 421.2 421.5 421.4 419.8 419.9 420.6 421.3 420.9 421.4 421.1 421.7 421.6 421.3 420.5 421.3 423 424 424.4 425.7 427.1 429.7 430.4 435 437.5 441.1 444.7 449 453.7 457.9
446.4 446.8 447 446.8 446 445.1 443.7 444.4 444.2 443.7 443 442.4 441.3 442.4 442 441.6 441.1 440.1 439 437.7 436.4 435.5 433.9 432.2 430.8 430.3 428.8 427.4 426.2 425.6 423.6 423.8 423.2 419.6 417.3 417.8 418.7 418.8 419.4 417.7 417.3 417.3 417.3 417.3 417.6 417.7 417.3 416.9 416 414.5 414.9 413.9 413.7 413.4 413.8 413.8 413.8 413 413 414.3 414.2 414.7 414.1 415.1 416.3 417.5 419 420.5 423 425.6 427.9 432 435 438.2 443.1 447 451.8 456.5
444.9 445.5 445.6 445.5 444.7 444.1 442.8 443.1 442.5 441.6 441 441.4 441.5 441.2 440.8 440.3 439.4 438.2 437.3 436.1 434.5 433.2 431.6 429.8 428.5 427.3 425 424.4 422.9 421.2 421.3 418.3 418.3 414.6 411.8 411.3 415 413.9 414.3 413.6 413.1 412.8 412.4 412.2 412.4 412 411.4 410.3 409.3 407.9 407.4 405.4 406.3 405.6 405.6 405.7 405.3 404.2 404.9 406.2 406.9 407.6 408.1 409.5 410.7 412 413.5 417.6 420.3 421.1 422.7 425.8 430.6 435.1 440.1 445 449.5 453.8
443.7 444.2 444.1 444.1 444 443.7 441.6 441.1 441.6 441.4 443 441.8 440.6 440.7 440.4 440 438.4 436.6 435.5 434.2 432.2 431.1 429.3 427.4 425.9 426 426.1 424.7 421.9 420 418.2 416.4 416.1 414.6 412.2 409.5 408.6 409.4 410.1 409.8 408.9 408.5 408.2 406.9 406 405.3 404.4 402.8 401.8 399.1 398.5 397.4 398.6 397.6 397.1 397.6 397 395.5 396.8 398.2 399.5 400.4 401.8 403.7 405.3 406.4 407 410.6 415.4 417.1 418 419.6 425.8 431.1 435.9 441.4 446.4 451.5
443.5 443.6 442.3 442.8 442.1 441.2 443 442.7 443.8 443.5 443.5 442.7 439.9 440 440 439 437.3 435.6 434.2 431.9 431.5 430.5 428.1 430.1 429.5 428.4 427.3 425.7 422.6 420.7 419.3 418.4 417.6 414.7 412.2 410.6 408.9 406.5 407.8 406.4 405.2 402.6 401 398 393.8 396.2 396.8 394.8 393.3 392.9 391.9 389.4 390 390 388.5 389.9 388.8 388.2 388.9 389.6 390 392.6 394.1 394.4 394.3 397.7 403 407 411.3 411.9 410 416.1 421.8 427.1 431.8 436.9 442.7 449
443.5 443.5 443.6 443 441.8 443.7 443.2 443.3 443.8 444.2 444.1 443 440.9 440.4 439.9 439.5 438.9 438.3 436.3 433.1 433.3 432.2 432.8 436.4 434 429.7 428.5 426.3 423 422.3 421.4 419.5 417.2 414.2 411.6 409.6 408 407.4 403.5 402 401.3 398.2 396.2 399.3 395.4 391 388.5 382.1 382.3 375.1 384 382.9 381.9 381.1 378.3 378.9 380.2 379.4 383.3 383.9 385.3 386.7 387.2 387.2 386.7 390.1 397.9 401.3 403 403.7 407.6 412.2 417 421.9 426.9 431.3 437.1 442.9
442.8 443.3 443.3 442.1 443.6 443.8 443.4 443.9 444.4 445 443.6 442.5 442.2 442.1 443.2 443.1 442.4 441.1 438.3 435.5 434.4 434.5 434.7 436.5 435 431.8 428.6 424.7 422.1 420.6 419.2 417.9 416.7 413.7 411 408.8 407.1 406.8 403.9 404.7 403.5 401.4 401.9 399.9 397.2 394.1 390.6 388.3 387.7 380 373 370.5 371.2 372.2 369.8 370.3 371.9 371.3 376.2 377.7 379.7 381.4 382.3 384.1 385.4 386.7 391.7 393 395.2 393.7 403.2 405.8 409.8 415.2 420.3 424.6 430.1 435.5
443.3 442.3 443 442 443.2 442.7 443.8 443.9 444 444 443.9 444 444.4 443.9 446.5 446.8 445.9 444.6 441.9 438.4 437 436.8 436.6 436.7 436.4 433.2 427.8 424.1 420.7 419 418.5 417.1 415.6 413.1 410.3 408.1 409 409.5 409 407.7 406.6 404.4 403.2 400.4 397.3 395.3 391.9 390.1 387.6 382.7 378 370.9 367.4 362.8 362.5 363 363 362.7 365.9 370.6 373.2 375.6 376.6 378.2 379.1 382.6 385 385.2 384.3 390.9 396.4 399.3 403.4 407.7 412.7 417.6 422.6 427.8
443.8 442.9 442.9 444.6 444.5 444.6 444.7 444.2 443.8 444.4 445.5 446.6 447.1 448.9 450.2 449.6 448.1 447.1 445.6 443.7 441.4 438.9 439.2 440.3 437.4 433.7 428.9 422.4 419.4 417.2 417.5 417.2 413.2 410.9 408.4 409.2 412 412.8 412.3 410.9 408.2 406.4 404 400.8 397.6 395.2 394.2 393.2 388.3 382.9 376.9 371.8 366.5 355.3 354.8 351.8 353.3 354.3 357.1 363.1 365.8 368.5 366.9 369.7 369.4 375.7 377.9 378.3 374.5 384.9 388.8 392.3 397.1 401.2 405.7 410.7 415.2 419.7
444.4 443.4 444.6 445.2 445.7 445.7 445.5 445.1 445 446.2 448.1 450.7 451.9 451.3 452.2 450.6 449.8 449.3 447.5 444.8 441.2 439.6 439.1 438.8 435.2 430 427 422.3 417.1 414.8 416.4 415.2 411.1 408.7 409.4 411.2 412.6 412.9 413.5 415 409.8 408.4 403.4 400.7 397.9 395.5 394 391 387.9 382.2 375.5 370.3 365 361.8 355.8 351.1 340.1 345.5 351.2 355.8 358.3 359.4 359.5 361.3 364.3 367.3 368.6 372.2 370.5 375.2 381.9 384.7 389.5 394.3 398.6 402.5 405.6 410.1
444.9 443.9 445.1 445.8 446.8 450 449.4 447.3 446.6 452.8 456 458.3 457.4 455.5 455 452.6 454.8 452.9 449.1 446.9 443.5 441.7 437.1 434.2 428.9 425.4 424.2 419.8 415.2 413.6 414 411.3 411.3 410 411.3 413.7 414.1 413.1 413.3 411.4 408.8 404.9 402.7 400.7 398.8 399.4 393.3 390 386.2 381.6 375.4 369.9 366.4 360 355.1 350.4 343 334 343.9 348.2 348.4 351 350.6 353.1 355.7 358.4 360.1 362.2 358.9 362.8 372.2 377.1 381.8 386.5 388.9 391.9 395.3 401.7
445 446.4 446.3 446.9 450.9 453.4 453.2 451.6 456.7 466.8 467.3 465.6 462.8 460.6 461 462.4 460.8 458.3 454.5 449.8 447.1 445 439.3 434.6 429.6 424.4 418.6 415.2 413.9 412.5 411.7 411.9 412.8 413 412.4 413.1 416.2 412.7 409.9 408.3 405.7 403.7 401.7 400.3 399 396.5 391.8 387.9 383.5 378.4 371.4 367.9 362.6 355.6 352.3 346.6 339.5 334.4 340.7 341.1 342.1 343.3 343 347.5 347.5 354.1 354.1 354.7 353.6 355.9 363 369.9 374.6 378.4 380.6 381.6 385 391.1
448.5 450.7 452.1 454.8 456.1 462.8 461.7 462.5 467.9 474.6 474.6 472.6 469.4 466.5 464.5 465.5 465.3 464.8 461.3 455.9 449.3 444.7 440.1 435.4 427.8 421.7 417.4 414.8 413.5 414.6 414.3 413.7 414.2 414.5 413.4 412.8 412.2 408.4 406.8 404.7 401.7 402.1 400.8 400.4 398.2 393.5 388 384.2 380.2 373.9 367.9 364.1 358.8 351.8 347.8 342.3 335.9 332.1 338.4 335.5 334.9 334.6 336.5 339.6 340.4 344 346.2 347.9 346.5 350.2 357 362.9 367.7 369.9 371.6 371.8 375 381.2
457 458.8 459.9 463.2 469 471.9 474 472.7 476.1 480.8 479.9 478.3 477.2 474.7 476.1 475.1 473.9 468.2 463.5 460.3 453.7 444 438.7 432.5 426.2 418.1 417.2 414.4 413.8 414.2 418.2 416.6 415.2 416.2 413.2 410.6 408.6 408 405.1 400.8 398.8 398.6 398.2 398.4 396 389.8 384.1 380.3 375.5 368.7 364.7 359.1 352.3 347.9 342.9 335.2 332 335.4 334.3 328.3 327.7 328 330.5 332.3 333.5 334.8 337.9 338.8 335.5 343.1 349.3 355 357.9 359.5 360.3 363.1 365.7 371
464.1 464.3 469.3 473.2 480.7 487.5 487.2 483.7 483.3 484.3 487.2 490.7 491.5 488.4 489.4 485.1 478.4 472.8 465.2 454.6 447.9 442.4 438 430.2 420.6 417.1 415.4 414 414.2 414.7 417.3 416.7 415.8 414.4 409.4 408 404.9 405 398.7 397.2 395.7 394.4 394.6 398.3 395.2 387.3 381.6 376.4 369.4 362.5 356.4 352.4 347.7 341.2 335.3 326.3 326.3 334.5 325.6 323.8 323.8 323.8 323.8 323.8 323.8 323.8 331.2 325.5 323.8 330.3 341.2 346.1 348 349 350.4 353.7 355.4 358.5
473.7 478.6 485.1 484.8 491.4 493.7 502.9 505.9 499.4 502.3 500.6 501.3 499.1 492.8 486.4 480.1 472.8 466.2 457.6 450.9 446.9 441.9 435.5 424.7 419.7 416.3 414.7 414.4 414.5 417.2 416.7 416.4 414.8 409.8 404.4 403 399.1 397.6 396 396.5 390.8 392.2 394.2 398.5 390.5 382.4 376.8 370.5 362.2 353.9 349 346.9 341.8 336.2 325.1 323.8 323.8 323.8 323.8 323.8 323.8 323.8 323.8 323.8 323.8 323.8 323.8 323.8 323.8 323.8 331.7 330.3 333 339.7 342.6 346.7 346.3 347.2
487.7 494.6 501 501.5 508 518.2 525.8 517.5 509.2 508.3 506.2 503 496.3 489 483.4 476.9 471 465.4 456.7 450.5 443.3 437 427.5 422.3 419.6 416.9 415.8 416.5 419.9 420 417.9 415.6 408.5 403.2 400.8 399.6 399.4 395.5 394.3 391.1 389.1 393.4 390.8 390.8 383.2 374.7 369.3 363.4 354.3 346.7 345.3 341 334.7 329.9 323.8 323.8 323.8 323.8 323.8 323.8 323.8 323.8 323.8 323.8 323.8 323.8 323.8 323.8 323.8 323.8 323.8 323.8 323.8 327.8 334.1 336.9 336.4 335.2
507.8 509.7 515.4 522.8 522.8 526.8 532.7 525.5 518.5 515.3 510.6 501.1 493.5 488.6 482.2 479.4 475.4 468.2 462.6 452.9 439.4 432.9 430.7 429.2 423.9 423.7 424.2 423.6 425.2 420.6 416.6 414.3 405.5 401.5 399.9 399.2 398.8 395.8 393.6 384.7 386.8 390.5 390 383.6 375.2 367.1 360.9 356.9 347.9 343.8 339.7 335.2 331.7 323.8 323.8 323.8 323.8 323.8 323.8 332.9 327.3 323.8 323.8 323.8 323.8 323.8 323.8 323.8 323.8 323.8 323.8 323.8 323.8 323.8 323.8 325.1 324.3 323.8
531.8 535.7 538.3 537.1 536.4 535.1 532.5 530.1 529.7 526.6 513.6 504.5 498.9 492 485.7 483.1 476.3 467.3 456.7 446.4 442.8 439.2 432.8 431 430.5 427 428.5 427.2 425.8 419.2 413.7 407.5 403.3 401.5 401 400.7 398.3 393 386.5 382.9 385.8 383.6 388.3 378.7 369.1 360 356.5 347.6 345.7 342.1 339 334.5 330.1 323.8 323.8 326 323.8 323.8 330.3 323.8 323.8 323.8 323.8 323.8 323.8 323.8 323.8 323.8 323.8 323.8 323.8 323.8 323.8 323.8 323.8 323.8 323.8 323.8
541.9 543.3 543 541.1 539.9 538.3 536.4 533.8 534.3 530.5 513.1 506.8 500.8 495.8 489 479.8 472.2 463.9 461.1 456.7 449.1 443 438.4 436.5 430.8 435.2 434.1 431.3 426.2 419.7 413.6 409.5 407.8 408.6 407.2 404.1 395.9 386.7 382 380.4 382.5 380.2 383.1 371.3 361.9 354.6 346.2 338.4 343.1 336.7 332.9 333.3 331.6 324.5 323.8 323.8 323.8 323.8 323.8 323.8 323.8 323.8 323.8 323.8 323.8 323.8 323.8 323.8 323.8 323.8 323.8 323.8 323.8 323.8 323.8 323.8 323.8 323.8
546.5 545.4 544.4 541.9 539.9 538.2 537.1 535.2 533.6 527.6 510.4 504 497 491.7 486.9 478.8 472.8 468.5 462.7 457.2 451.4 446.3 441.2 438.3 443.4 441.2 436.9 434.5 426 421.7 416 412.2 414.1 409.2 404.1 394.6 391.3 383.8 379.1 379.7 377.6 378.1 370 361.9 354.1 349.5 342.5 334.9 334.7 335.7 326.9 331.9 334.7 332 323.8 323.8 323.8 323.8 323.8 323.8 323.8 323.8 323.8 323.8 323.8 323.8 323.8 323.8 323.8 323.8 323.8 323.8 323.8 323.8 323.8 323.8 323.8 323.8
549.9 544.7 541.7 540.1 538.8 537.3 534.3 531.4 528.4 522.1 509.5 501.5 496.5 488.9 483.5 478.7 473.7 468.8 463.4 458 453.4 451.1 446 449.1 446.8 442.2 440.1 434.3 428.4 424.2 420.7 417 410.3 404.8 397.6 390.9 386.2 380.2 378.3 377.7 382.6 375.4 364.8 356.3 353.7 345.7 338.8 333.6 336.5 325.1 323.8 323.8 323.8 324.6 323.8 323.8 323.8 323.8 323.8 323.8 323.8 323.8 323.8 323.8 323.8 323.8 323.8 323.8 323.8 323.8 323.8 323.8 323.8 323.8 323.8 323.8 323.8 323.8
545.9 542.8 539.5 539.3 537.4 534.5 529.7 525.3 520.6 515.9 505.1 495.5 489.8 486 482.2 480.9 475.7 469 467.1 463.6 458.8 452.8 449.9 451.9 448.6 446 446.2 440.1 432.9 426.6 421.3 415.4 408 401.5 395.9 389.5 386.1 380.6 377.9 377.9 377.5 371.1 360.5 356.3 348.9 339.4 334.1 333.4 323.8 323.8 324.9 323.8 323.8 323.8 323.8 323.8 323.8 323.8 323.8 323.8 323.8 323.8 323.8 323.8 323.8 323.8 323.8 323.8 323.8 323.8 323.8 323.8 323.8 323.8 323.8 323.8 323.8 323.8
545.3 543.2 541.5 538.3 531.1 526.4 523.3 519.1 511.7 506.2 500.3 493.4 489 486.4 484.2 482.9 478.4 475.1 473.7 470.4 463 456.5 457.2 456.1 450.3 447.8 447.6 439.9 435 427.7 420.2 411.4 405.3 398.8 392.3 388.7 388.3 382.1 378 381.4 374.5 365.7 357.2 349.4 342.9 338.3 341.3 338.5 333.3 331.7 334.6 323.8 323.8 323.8 323.8 323.8 323.8 323.8 323.8 323.8 323.8 323.8 323.8 323.8 323.8 323.8 323.8 323.8 323.8 323.8 323.8 323.8 323.8 323.8 323.8 323.8 323.8 323.8
550.1 551.2 547.6 542.1 536 526.5 515.6 508.5 504.3 502.5 500.3 492 490.1 488.2 486.2 483.6 482.5 481.9 482.5 473.8 463.6 462.3 464.2 457.3 450.7 449 447.8 440.6 434.8 427.2 419.7 413.6 409.1 403.4 395.6 389.9 386.7 379.8 379.2 380.6 374.4 364.8 355.3 351.2 351.1 348.2 341.7 338 339.4 340.8 334.4 323.8 323.8 323.8 323.8 323.8 323.8 323.8 323.8 323.8 323.8 323.8 323.8 323.8 323.8 323.8 323.8 323.8 323.8 323.8 323.8 323.8 323.8 323.8 323.8 323.8 323.8 323.8
560.3 556.5 554.6 546.1 540.1 530.7 517.2 506.1 500.4 498.5 496.9 492.8 490.8 489.1 488.2 488.2 487.3 486.3 482.1 476.2 467.5 466.6 464.6 455.9 450.7 451.2 450.1 441.7 435.6 428.5 420.9 418 413.2 402.3 394.7 394.4 389.1 384.1 380.8 379.6 369.3 358.4 354 353.7 351.2 344 339.1 338.9 343.3 337.6 332.4 323.8 323.8 323.8 323.8 323.8 323.8 323.8 323.8 323.8 323.8 323.8 323.8 323.8 323.8 323.8 323.8 323.8 323.8 323.8 323.8 323.8 323.8 323.8 323.8 323.8 323.8 323.8
563.7 560.8 554.5 543.3 534.5 526.7 519.7 511.3 501.7 497.2 496.2 494.6 493.6 492.3 491.5 490.1 488.9 485.7 484.3 479.4 477.9 474.2 468.6 460.8 454.9 453.1 452.6 446.6 439.2 430 423.4 416.1 406.4 397.9 401.3 400.8 396.5 385.3 380 371.6 362.5 358.8 352.3 349.7 347.1 341.6 341.7 348.7 339.2 327.7 323.8 323.8 323.8 323.8 323.8 323.8 323.8 323.8 323.8 323.8 323.8 323.8 323.8 323.8 323.8 323.8 323.8 323.8 323.8 323.8 323.8 323.8 323.8 323.8 323.8 323.8 323.8 323.8
570.7 566 558.3 549.4 540.6 529.4 522.1 513 507.5 500.6 497.1 498 497.9 496.3 496 493.2 490.8 488.8 485.6 487 484.8 477.6 468.4 460.5 456.3 454.7 452.4 445.5 437.8 429.4 421.4 413.1 404.6 400.1 399.6 400.9 396.3 387.6 375.9 365.6 364.4 358.7 346.5 345.8 342.5 340.1 340.6 338.5 332.2 323.8 323.8 323.8 323.8 323.8 323.8 323.8 323.8 323.8 323.8 323.8 323.8 323.8 323.8 323.8 323.8 323.8 323.8 323.8 323.8 323.8 323.8 323.8 323.8 323.8 323.8 323.8 323.8 323.8
575.4 568.1 560.6 553.3 544.9 528.1 524.3 521.1 518.9 516.5 507.3 500.7 500.1 499.7 499.2 498.1 495 493.1 492.3 491.5 485.3 475.1 465.8 462 458.8 456.2 449.5 442.1 434.1 427.1 418.5 413.1 408.4 403.2 399.8 399.8 392.7 385.6 373.8 371.5 361.4 351.2 345.2 345.5 348.7 342.2 338 334.4 334.1 323.8 323.8 323.8 323.8 323.8 323.8 323.8 323.8 323.8 323.8 323.8 323.8 323.8 323.8 323.8 323.8 323.8 323.8 323.8 323.8 323.8 323.8 323.8 323.8 323.8 323.8 323.8 323.8 323.8
570.1 564.8 556.8 550 544.3 539.2 532.9 528.1 523.1 518.8 514.4 508.2 503 502.5 501.7 500.6 498.8 496.9 494 491.8 483.3 473.5 468.2 465.4 461.3 455.7 447.8 441.2 432.7 425.7 418.6 414 407.4 404.3 397 388.3 382.1 376.9 372.7 361.5 353.4 345.5 345.2 350.4 347.4 341.1 338.6 339.1 333.8 325 324 336.1 325.7 323.8 323.8 323.8 323.8 323.8 323.8 323.8 323.8 323.8 323.8 323.8 323.8 323.8 323.8 323.8 323.8 323.8 323.8 323.8 323.8 323.8 323.8 323.8 323.8 323.8
564.1 558.3 555 549.1 542.1 537.4 532.4 528.3 525.4 524.7 522.3 515.3 510.8 506.4 507.4 504.1 499.6 496.4 494.1 489.5 480.4 473.8 471.5 466.1 461.3 455.5 447.5 438.3 432 427 420.2 414.3 408.8 399.7 389.4 381.9 378.4 377 363.8 353.7 349.1 345.5 347.7 348.2 344.3 344.8 341.5 335.1 331.9 330 339.1 331.5 323.8 323.8 323.8 323.8 323.8 323.8 323.8 323.8 323.8 323.8 323.8 323.8 323.8 323.8 323.8 323.8 323.8 323.8 323.8 323.8 323.8 323.8 323.8 323.8 323.8 323.8
555.7 551.8 549 544.2 538 535.5 533 531.6 530.1 525.2 522.8 520.3 516.3 508.5 504.9 499.4 495.8 493.3 489.9 481.9 476.5 473.7 466.4 460.9 458.1 450.1 443.8 437 431.9 425.9 419 410.8 401.3 393.2 387.4 389.3 384 376.2 366.3 359.6 352.6 347.8 353.1 349.7 350.2 345.2 337.7 335.3 333.7 335.4 332.4 323.8 323.8 323.8 323.8 323.8 323.8 323.8 323.8 323.8 323.8 323.8 323.8 323.8 323.8 323.8 323.8 323.8 323.8 323.8 323.8 323.8 323.8 323.8 326.2 329.9 333 336.5
550.5 546.9 543.5 539.3 538.7 536.3 534.4 530.2 529.9 524.8 522.6 517.6 513.9 507.8 500.5 494.7 490.4 485.3 479.5 475 472.3 467.1 459.9 457.4 452.9 447.3 443.7 437.1 430.7 424.1 415.4 407.7 398.9 392.2 391.3 389.3 385.4 375.9 366 357.3 355.9 357.5 355.3 352.4 350 339.5 337.2 335 336.4 337.8 331.8 323.8 323.8 323.8 323.8 323.8 323.8 323.8 323.8 323.8 323.8 323.8 323.8 323.8 323.8 323.8 323.8 323.8 323.8 324.4 329.3 332 334.4 336.8 339.8 343.6 346.8 349.6
