data/260000-120000.asc
ncols 200
nrows 200
xllcorner 260000
yllcorner 120000
cellsize 50
[rows 0 to 36 of 200, columns 0 to 81 of 200]
80.8 75.1 71.7 66.8 61.3 54 41.8 44.8 51.1 56.2 58.7 62.4 66.5 70.3 73.9 74.8 75.2 72.7 71.3 68.3 62.5 57.2 52.8 50.3 46 44.3 43.5 43.4 44.2 44.7 44.6 44.8 45.2 45.5 46.4 47.5 47.5 48.3 49.6 48.9 49.4 50.9 53.6 55.7 57.3 59.2 73.8 76.6 71 77.9 84.2 87.2 90.2 94.9 95 90.7 86.2 80.2 76.9 75.3 72.2 70 70 68.2 68.8 69.7 70.5 71.1 70.7 69.3 69.5 69.1 69.1 68.5 66.6 67.3 68 70 70.9 71.4 73 74.2
81.8 77.3 72.3 67 60.9 53.9 45.8 42.9 49 53.4 56.8 60 63.7 68.5 73.4 76.1 76.9 76.1 74 70.6 66.1 60.9 56.2 52.5 50 49.1 48.2 47.2 46.2 44.6 44.9 46.3 47.1 46.9 46 46.1 46.7 48 49.9 49.5 51.4 53.1 55 56.9 58.9 61.6 67.4 75.6 61.3 66.2 76.4 85 96.1 103.7 108 105.4 101.6 97 87.1 81.8 78 75 74.6 74.5 74.8 76 76.9 78.1 79.1 77.9 76.3 74.2 74 71.7 70.6 68.8 68.8 70.6 69.7 71.3 71.2 72.3
90.6 86.1 82.5 77.7 65.4 60.7 51.6 43.7 46.5 50.2 54.9 59.4 61.9 67 71.2 73.7 75.4 74.4 71.7 68.3 65.6 62.5 57.3 57.6 55.8 54.7 54.7 54.2 52.2 50.1 49.8 50.4 51.5 50.8 49.5 48.9 49.5 51.2 54.2 56 57.3 59.4 60.4 62.7 65.4 65.2 70.5 75.5 68 52.9 60.1 74 83.1 94.6 105.8 114.3 108 103.4 94.7 89 85.6 85.1 83.5 83.1 83.6 83.7 84 86.2 88.7 89 86.4 83.8 82.1 79.7 77.1 77.4 72.5 74.5 74.3 75 75.5 75.1
108.6 105.2 98.1 93.1 84.6 63.2 61.6 46.9 44.5 46.5 51.4 57 62.3 65.7 70.5 73.2 73.2 72.3 70.2 68 65.4 62.8 61.7 62.8 62.2 63.5 63.4 64.7 64.3 61.5 60.4 62.1 59 61.2 58.2 57.1 58 57.3 61.2 62.7 63 67.8 69.6 71.1 72.6 75.1 75.9 76.8 73.5 62.5 52.9 68 72.4 80.2 89.5 97.3 100.3 97.5 96.4 94.4 95 93.4 97.7 98.5 100.5 95.3 92.6 90.2 90.6 93.4 91.2 92.4 89.6 89.3 86.6 85.8 80.4 80.5 80.1 80.5 80.3 78.3
120.1 114 103.8 94.7 84.4 72.8 58.4 46.9 46.6 45.1 45 50.2 56.7 62.3 67.9 72.2 72.6 72 70.3 69.4 69.4 68.7 71.7 73 75.8 78.5 79.6 79 77.8 76.2 75.4 75.8 75 74.5 73.7 75.8 75.3 72.3 73.8 74.2 75.3 77.8 81.2 83.4 86.8 88.5 91.2 88.9 85.5 79.4 72.5 67.9 66.3 69.9 72 77.7 79.4 83.1 85.2 86.5 85.3 89.1 95.2 104.7 114.3 115.9 116.4 110.6 110.4 109.1 107.8 108.9 108.2 105.5 99.2 96.1 92.6 93.2 94.9 90.3 84.8 83.4
106.1 98.9 87.9 80.5 71.8 58.2 49.8 52.3 49.9 48.6 47.1 45.8 48.7 51.6 58 66.2 73.7 75 74.6 76.3 76.7 82 86.4 89.3 91.5 93.9 96.6 96.9 97.3 97.4 96.3 94.5 96.1 96.4 99.2 99.3 98.3 97.9 96.3 95 96.5 97.7 101.8 104.8 109.7 110.6 109.3 108.2 104.5 97.8 87.5 80.3 73.7 69.5 67.2 68.7 71.3 72.1 73.3 75.1 75.4 77.4 81.3 88.2 98.7 107.8 118.6 126.2 131.9 135 138.4 134.9 130 124.7 117.5 112.4 109.6 108.8 104.6 101.5 99.1 93.6
85 77.7 70.1 63.6 56.8 55.7 60 61 58.7 54.2 52.3 50.2 47.3 47.5 50.6 53.9 58.9 69.7 79.9 86.7 90.9 96.4 99.3 102.2 105.6 107.1 110 113.1 114.5 114.6 115.4 116.5 118.1 117.8 116.4 114 112.6 114.1 111.9 111.9 115.1 118.3 121.9 125.7 128.4 131.7 133.6 132.3 128.7 121.1 112.7 104.2 95.5 86.5 79.6 74.8 72.9 72.9 75.1 75.4 77.1 82.8 83.1 82.7 84.7 90.8 100.3 111.1 122.1 129.6 135.1 139.5 141.4 139 137.3 133.4 127.4 123.6 120.1 117.4 111.7 104.3
70.7 65.4 61.1 57.3 61.3 66.6 72.5 74.6 73.5 69.2 64 59.8 55.8 52.3 49.4 51.1 53.3 58.4 67.4 80 95.4 104.6 108.7 111.8 113 117.1 119.7 121.4 122.6 125.4 126.9 128 127.4 126.8 127 130.2 129.1 129.1 130.4 131.6 134.3 137.1 140.2 142.1 145.1 146.2 148.3 148.4 147.1 143.9 137 130.5 121.1 111.2 104.6 97.9 90.4 87.8 88.5 91 93.8 96.5 97.7 95.1 91.5 87.5 87.9 96.6 106 110.9 118.1 123.7 129 133.6 137.6 142.5 141.6 138.1 132.9 131.2 125.2 118.2
66.2 63.9 66.8 72.2 76.6 81.8 87 88.8 89.7 86 82.6 78 71.5 64.4 57.4 50 51.5 55.1 61.6 70.8 85.6 98.7 107.5 111.8 116 118.3 120 121.1 125 127.7 132.3 135.5 136.9 137.8 137.6 140.1 141.8 144.1 146.5 148.1 149.4 149.7 152.8 157.2 159.6 160 160.5 160.6 161.3 159.5 157.5 150.6 143.4 133.2 127.4 124.9 115.4 110 111.5 113.8 115.9 117.3 118.2 117.7 110.8 101.8 96.4 93.7 92.2 96.3 101.3 106.8 116.2 124.8 134.1 142.1 144.8 147.8 146.1 142 137.3 137.6
83.9 87.3 90.5 92.2 104.8 105.5 106.3 104.4 105.9 102.2 101.2 100.6 92.1 85.3 75.5 65.7 55.2 51.4 56.1 65.1 76.8 83.3 91.4 95.3 97.6 99.6 100.7 103.8 106.7 111.5 116 122.6 127.1 129.9 131.5 132 133.5 136.2 138.9 140.3 144.9 146.5 152.3 156.4 158.8 159.2 161.8 163.7 162.5 157.8 151.8 148.3 145.1 144.6 141.2 140.1 136 134.7 136.3 139.5 138.2 135.9 136 136.3 131.8 124.5 113.5 111 107.3 102.9 102.3 98.3 103.8 113.2 123.7 131.7 141.7 146.2 151.5 152.6 153.9 153.3
109.4 110.5 114 118.3 124.2 128.3 130.1 129.8 128.4 125 124 122.4 115.9 106.9 99 89 76.3 62.1 51.3 57.9 69 73.2 76 77.5 79.5 80.3 83.1 85.3 88.5 93.1 97.8 103.9 107.9 110.2 112.8 115 120.5 122 124.8 128.2 132.1 132.4 136.7 141.1 141.5 141.5 144.6 146.2 144 141.9 139.2 137.1 136.6 135 132.3 131.5 130.5 130.9 131.4 132.9 135.6 136.9 141.6 143.3 145.3 142.9 139.3 134.4 131.7 122 113.8 105.6 103.9 105.4 113.2 121.6 133.4 143.1 150.5 153.6 154.2 151.1
129.5 129.7 130.9 134.1 138.4 142 146.2 147.7 148.3 147.3 144.9 140.4 133.2 128.3 118.9 110.4 97.8 83 65 53.5 58.5 62.8 66.1 66.9 67 68.3 70.9 74.4 76.2 82.3 87.7 91.7 95.1 98.4 101.8 105.2 107.4 110.4 113.5 116.8 119.8 123 125.4 128.5 129.8 128.5 132.3 132 133.1 132.4 131.8 131.6 130.9 130.6 130.2 129.1 128.8 128.8 129.2 129.1 130.6 132.3 134.6 133.8 135.1 134.1 134 133.1 134 137.3 136.6 124.7 117.4 114 117.9 122.4 128.9 137.9 141.9 140.1 141.5 137.6
132.5 132 131.8 132.1 137.1 140.1 144.7 145.6 145.2 147.9 148.6 145.2 146 142 134.5 124.9 113.3 99.3 77.8 57 57.7 62.2 65.2 70.7 74 78.1 82.2 86.4 89.5 92.2 91.6 92.6 94.4 93.4 96.1 98.2 100.9 105.7 108.8 112.2 116.7 118.5 121 124.1 124.5 125.6 126.7 127.5 128.2 128.7 128.8 128.3 128.4 128.5 128.1 127.5 127.2 126.9 126.8 126.5 127 128.3 129 129.1 129.4 131.1 131.9 131.9 134.2 136.9 139.5 145.3 141.5 137.4 132.8 137.8 148.5 151.9 153.3 146.5 129.2 115.5
129.1 127 125.3 124.3 124.4 124.2 127.3 130.2 129.5 130.7 134.5 123.9 131.1 133.8 126.7 120.6 114.5 101.1 78.9 61.1 60.3 69.6 78.5 84.2 87.8 92.6 94.3 96.9 99.2 102.3 103.6 103.7 103.5 103.6 104.8 106.4 107.1 108.6 111 113.4 116.9 118.5 119.7 121.2 121.5 122.5 123.3 124.1 124.5 125.5 126.2 126.1 126.1 126.3 126.1 126 126 125.7 124.5 124.6 124.7 126.2 127.5 127.9 129 131.4 132 133.6 134.8 137.2 139.5 143.4 148.3 152.4 157.2 160.7 165.8 169.3 168.7 161.8 141.6 118.2
126.2 124.4 122.1 119.7 118.2 116.1 113.6 112.5 111.1 110.9 113.3 113.6 110.4 106.9 107 102.2 96.2 86.3 70.1 57.3 65.1 77.5 92.2 102 105.9 107.5 106.3 109.9 110.7 111.6 112.8 112.3 111.9 111.9 112.6 113 113.7 114.2 115.7 116.9 117.5 117.5 118.4 117.8 116.9 118.1 119.1 120.2 120.9 121.8 123.5 123.8 123.8 123.9 125 125.2 125.1 124.1 122.8 122.1 125.3 127.5 129.2 130.1 131.9 132.9 134.3 135.7 136.7 137.9 139.6 142.8 146.3 151.2 154.9 160.1 165.7 170.9 170.9 168.1 152.2 131.4
124.4 121.8 119.4 116.9 114.9 110.7 107.5 104.9 102.2 100.2 100 97.9 95.2 94.4 90.2 85.8 79.7 68.9 58.8 61.1 72.6 85.8 96 104.4 110.5 113.8 116.5 120.3 125.9 126.9 126.8 124.9 123.4 121.8 121.4 120.7 120.3 120.1 121.1 120.4 118.8 115.5 114.3 112 112.3 114.4 114 114.6 116.2 118.2 120.3 121.1 121.3 122.9 123.5 124.4 123.5 122.5 120.7 125 129.1 131.7 134.6 134.6 134.6 136.5 138.1 139.4 140.6 141.4 143 145.5 148.3 150.6 153.6 152.9 154.9 155.2 154.5 152.3 149.5 137.5
122.2 118.9 116.3 113.3 110 106.7 102.3 99.3 95.5 93 91.2 89.5 88.9 87.5 84.5 81.4 74.1 61.6 60.6 67.8 79.2 86.2 94.1 99.7 105 109.7 116 123.6 130.4 133.2 133.4 128.2 126 125.3 124.9 124.7 123.9 121.8 123.7 121 118.6 115.5 111.8 107.8 111.8 112.9 113.9 115.5 117.2 119 120.8 122.6 121.9 124.2 125.4 125 121.9 118.9 122.8 128.1 133.3 136.2 137.9 138 137.6 140.1 142 143.3 144.4 146.2 148.2 150 152.6 154.1 154.3 152 145.6 141.8 139.2 135.8 131.8 123.3
120.9 116 111.4 107.6 103.5 101.8 97.4 93.3 89.4 87.2 84.9 82.8 81.6 81.2 79 76.3 70.4 57.8 66.8 74.8 80.5 85.2 91.1 96.9 102 107.1 112 116.5 119.6 122.4 123.5 123.6 121.4 118.3 117.6 115.9 114.1 112.5 111.4 111.9 110.2 109.4 107 108.6 112 113.3 115 112.7 118.7 120.2 121.2 121.9 124.4 136.1 137.4 132.3 123.7 119 125.8 132.7 138 140.2 141 140.9 141.6 143.6 145.5 147.2 149.5 151.5 153.5 155.3 157.1 157.4 157.4 153.9 147.5 131.2 120 117.8 115.1 110.8
120.9 116.1 112.5 110.1 107.8 104 100.7 97.5 94.7 88.8 83.8 79.4 77.1 73.8 71.7 70.2 65.8 61.7 72.3 77.7 82.6 85.2 89.1 94.7 99.9 104.6 109.7 114.4 115.7 116.4 116.3 114.4 111.4 107.9 107 105.2 103.6 103.3 103.2 101.5 101.8 101.5 102.1 105.2 106.6 107.2 108.5 110.7 110.1 111.5 112.4 114.1 117.4 121.5 124.2 124.7 118.9 121.9 129.4 136 140.1 142.9 143.9 144.7 146.1 148.9 151.1 151.9 155.9 157.5 158.8 160.6 162.2 163.2 162.6 159.9 156 147.9 133.5 120.3 111.3 108.1
122.6 120.2 118.5 117.2 115.8 112 110.4 106.3 101.1 94.5 88.7 88.9 84.5 78.5 76.9 74 67.2 65.8 73.6 78.7 81.9 84.4 88.5 92.6 97.7 102.1 107 112.7 116.6 117.4 115.3 110.4 106.4 102.8 100.3 98.6 96.1 96.8 97 99.1 100.2 100.8 101.3 102.5 103.8 105.1 106.3 107.5 109.1 110 111 111.5 112 112.6 112.7 114.7 115.6 120.3 125.4 131.2 134.2 136 139.3 140.7 141.1 145.1 148.8 152.1 157.1 162 165.3 169 170.1 172.8 171.9 169 165.8 161.8 153.6 144.2 133.7 128.7
125.6 123.4 121.4 120.5 119 117.3 113.7 111.4 107 100.5 98.2 100.2 96.3 93.1 87.6 82.1 72.4 62.6 74.1 79 82.5 85.5 88.7 92.8 96.8 100.9 107.3 112.4 117.2 119 117.1 111 103.9 99.2 95.3 95.3 96.8 98 98.5 101 102.1 103.1 103.5 104.5 105.7 107 108 109.4 110.8 111.8 113 114.8 115.7 116.7 117.1 115.9 115.7 118.5 123.2 126.3 128 129.8 131.7 133.9 136.6 140.2 143.1 146.5 151.5 157.3 162.6 170.3 174.8 179.1 182.9 183.5 178.9 172.9 167.5 159.7 150.9 148.6
129.4 127.5 125.6 124.4 123.6 120.9 118.5 116.5 111.3 105.9 105.7 105.7 102.3 98.5 94.7 89.8 79.4 62.9 72.6 79.9 86.4 89.5 92.8 95.9 99.7 103.9 109.2 114.2 119.7 120.6 119.3 111.7 101.2 93.7 92.2 97.5 100.3 100.9 101.3 102.7 104.1 105.1 105.6 106.4 107.6 108.7 109.8 111.3 112.5 113.7 115.7 117.6 119 120.8 121.2 121.1 120.4 119.3 120.2 122.8 124.5 126.3 127.8 130.6 133.4 135.9 138.5 141.4 145.6 150.5 156.2 163.3 171.2 176.7 181.9 187.5 189.9 184.9 175.7 167.4 160.8 151.6
134.1 133.4 131.2 128.6 126.1 125.5 124.2 121.8 117.7 112.4 111.6 110 106.3 102.2 97.3 93.2 85.9 70.2 68.6 79 88.3 95.2 100.3 101.1 106.5 111 115.3 119.4 121.7 121.8 114.5 103.1 91.2 92.5 96.8 100.4 103.4 103.8 104.2 104.6 106.1 106.9 107.6 108.3 109.4 110.4 111.6 113.1 114.5 116.5 118.5 120.4 122.2 123.8 125 124.7 123.9 123.2 121.4 120.4 121.2 122.7 124.6 127.4 130.4 132.4 134.6 137.1 140.1 145.1 150.3 156.5 163.7 172.9 179.7 185.7 190.3 184.9 177.7 169.8 163.6 151.3
139.9 139.1 137.5 135.7 133.6 129.6 127.3 125.1 122.8 118.6 116 113.4 107.7 99.6 94.9 91.3 86.5 73 66.5 76.3 87.6 95.4 101.7 107.3 111.6 115.4 118.4 118.2 115.3 111.8 99.4 88.4 91.7 99.2 102.4 105.3 106.6 107 107.3 107.4 108.2 108.9 109.5 110.2 111.2 112.2 113.5 115.2 117.1 119.2 121.3 124 126.4 127.8 128.5 126.8 125.9 125 123.6 122.1 123.4 124.7 125.7 126.5 127.6 130.1 131.9 133.7 136.8 140.5 145.1 150.9 156.6 163.6 172.6 178 182.6 181.6 176.7 171 164.3 152.6
142.4 141.3 140.9 139.5 137.4 134.5 131.5 129.8 127.2 123.5 121.3 117.4 112.1 104.3 95.9 84.4 78.6 70.8 64 72.7 84.6 93.3 100.2 105.3 108.7 110.2 109.2 103.8 99.9 94.1 87.3 90.8 98 105.1 107.4 108.9 109.4 109.5 109.6 110.1 111.5 112.2 112.7 112.6 113.5 114.8 117.2 118.3 119.5 122 126 129.1 130.6 131.4 131.1 129 127.5 126.3 125 123.9 125.2 126.8 127.5 128.4 129.2 130.4 131.6 133.1 135.2 138.6 142.3 145.7 151.2 156.8 165.4 169.1 173.8 176.8 179.8 177 172.1 168.6
141.2 140.8 140.1 139.4 138.8 136.5 134.9 132.1 129.8 127.5 123.8 120.1 115.8 110.6 102.8 90.9 84.5 76.4 67 69.2 79.1 87.9 92.7 95.6 97.6 97.8 94.1 89.2 86.7 83.6 87.5 93.5 101.2 106.7 109.3 111 111.7 111.8 111.9 113 114.8 115.5 115.4 115.3 115.8 118.4 120.9 122.1 123.8 127.3 131.3 133.3 133.2 132.5 131.6 130.1 130.8 129.4 127.4 126.1 126.5 128.8 129.7 130.4 131.2 131.9 132.8 133.7 135.4 137.4 139.8 142.5 146.4 152.2 158 161.8 167.9 171.8 174.5 177.2 178.1 175.7
138.3 138.9 138.3 139.5 139.8 138.4 136.5 133.8 130.4 125.9 121.9 119.2 116.1 111.5 106.7 98.3 91.5 84.5 74 66.3 73.1 79.1 83.3 85.4 86.2 81.9 78.9 79.2 83.6 88.2 92.7 97.2 101 103.5 106 107.6 109.8 112.5 114.3 116 117.6 118.1 118 118.3 119.5 122.1 124.5 126 128.8 132.3 135 133.6 133 132.5 133.3 133.9 134.3 132.8 130.6 129.7 130.1 131.7 132.8 134.3 136.1 136.1 137.7 137.8 137.9 139.8 142.2 144.3 147.1 150.4 154.8 158.8 163.8 168.2 171.1 173.9 175.8 176.8
135 136.2 137.5 139.3 140.5 139.3 136.5 133.5 129.4 124.2 119.1 114.7 110.8 107.5 103.4 100.5 97.2 90.2 80 68.8 71.1 71.3 73.6 74.7 75.6 78.9 81.8 81.3 85.3 91.4 94.3 97.1 97.8 99.7 101.9 103.5 105.9 108.6 111.9 114.8 116 116.7 118.4 119 121.1 123.8 126.6 129.1 131.3 132.7 133.2 133.1 133.2 134 135.8 136.6 136.2 135.1 133.4 133.2 134.4 136 137.3 139.3 140.9 141.7 143.5 145.2 146.7 148.1 149.5 153 153.9 157.3 160.3 163 165.6 168.1 170.7 172.7 172.7 172.4
131.3 133.4 135.4 137.1 138.3 138 134.5 130.2 126.4 121.8 116.4 109.4 105.7 102.4 99.9 96.6 95.4 92.1 84.5 70.1 76.4 79 77.8 79.7 84.1 89.8 94 92.3 86.8 84.7 88.9 92.7 94.1 95.6 97.9 99.5 102 105.3 108.6 112 113.2 114.4 116.2 117.6 120.1 122.4 124.5 126.7 128.4 129.7 131 132.4 134.7 136.2 138.1 138.7 138.2 138.9 139.6 141.1 142.3 143.6 143.5 144.8 147.3 150.1 152.8 154.2 154.8 156.5 158.2 160.2 162.2 163.8 166.4 167.3 167 167 167.7 167 165.5 163.3
128.1 129.7 132.6 134.4 135.3 136.3 132.3 127.8 123.5 118.9 112.3 106.3 103.7 100.7 95.5 90.8 89.8 89.6 83.1 70.7 79.9 88.5 92.3 96.1 99.8 103.5 105.4 103.7 98.2 93.3 92.5 92.3 90.4 89.4 93 95.5 98.7 102 105.2 107.7 109.9 111.8 113.7 115.4 116.6 117.7 120.7 123.3 124.7 127.1 128.7 132.1 136.1 138.3 142.4 143.4 145.2 148.4 152.5 154.4 154.5 157.7 158.1 159.2 160.5 160.6 159.1 159.1 158.6 158.2 157.4 158 159.5 160.9 161.2 160.2 160.7 160.1 159.4 157 155.7 154.2
126.4 126.9 129.7 133.4 135.6 135.8 133.4 128.6 122.8 118.9 116 113.2 110.6 106.8 101.4 94 85.6 83.5 78.1 74.1 82.7 89.9 95.7 101.6 107.1 110 111.7 111.4 106.5 100.3 97.6 97.5 97 95.7 92.3 91.8 94.7 97.8 102.1 104 105.5 105.5 107.5 110.7 112.4 113.7 116.8 119.7 122.9 126.5 132.3 137.2 143 146.4 151.3 154.3 157.5 160.7 163.3 165.1 165.4 165 161.7 159.7 159.3 158.8 157.5 156.6 155.7 154.7 153.5 154.7 153.5 154.6 154.4 152.5 152.5 153 150.8 148.3 146 144.3
124.3 125.2 127.9 131.2 134.8 135.7 135.4 132.1 127.2 122.3 119.6 116.9 112.6 107.1 101.7 97.2 92.2 88.6 81.9 74.8 83 89.1 94.9 100.9 107.2 113.6 116.3 116 112.5 106.1 103.1 102.4 101.9 100.4 98.2 95.6 93.4 94.9 98.4 101.9 100.3 103 105.3 108.2 112.9 115.6 118 121.9 126.4 133.6 138.7 143.9 149.4 154.2 156.6 158.8 161.3 164.8 167.7 169.1 170.6 169.6 161.5 157.3 156.2 155.1 154.1 152.5 151 150.3 149.3 148 147 147.4 147.6 145.9 143.9 141.2 141.9 139.5 132.2 130.6
119.3 123.7 126.5 129.4 132.5 135.4 135.6 134.6 133 129.4 126.5 121.1 114.7 109.4 105.6 101.4 96.4 91.8 82.7 76 84 89.6 95.2 101.9 108.3 114.9 119.7 120.4 116.6 111.9 108.8 107.2 105.7 103.5 101.5 99 96.9 95.6 101.4 104.1 108.3 114.1 115.7 118.8 121.2 122.3 123.5 125.5 129.7 135.1 138.9 143.9 148.2 152.3 156 159.1 162.1 165.1 166.8 166.5 162.6 159.1 156.5 153.9 152.5 151.2 150.1 148.2 145.7 144.1 142.8 141.4 140.8 140.9 140.9 139.8 136.8 133.8 130.9 128.4 127.2 121.9
117.2 122.1 125.5 127.7 129.9 133.3 136.1 137.4 135.4 133.8 131.3 126.2 123.6 117.7 112.2 106.8 101 95.1 85.3 77.1 85.7 91.2 96.7 103 109.7 116.4 120.2 123.1 120.6 116.8 113.5 111.6 108.8 106 103.9 104.7 102.4 97.6 103.3 109.2 113.4 118.6 123 125.2 128.2 129.1 130 131.7 134.6 137.6 140.8 143.5 148 152.5 154.6 157.4 159.9 161.2 158 156.1 155.1 153.9 152.6 150.9 149.2 147.4 145 142.3 139.6 137.8 136.2 134.9 135 134.8 134.6 133.1 130.6 128.9 126.8 124.1 121.8 118.3
119.3 121.7 126.1 127.8 130 132.5 135.5 138.4 138.5 137.4 135.9 133.6 130.8 127 123.4 117.7 112.8 106.9 91.7 76.7 86.9 94.7 100.1 104.3 109.3 115.8 119.7 123.2 122.9 121.9 117.3 114.7 111.8 108.5 108.9 110.7 109.6 101.1 100.2 108.6 112.1 116.2 121 124.9 130.4 134.9 133.5 135.7 138.3 141.2 143.5 145.6 148.2 151.6 153.2 155.1 155.7 155 152.1 150.6 150.7 149.7 147.9 146.5 144.9 142.4 139.3 137 134.7 132.7 130.2 129.1 129.6 129.8 129.7 130.6 128.7 125.1 121.6 118.4 115.9 112.5
123.9 125.3 127.2 128.7 130.7 133 135.4 137.9 140.2 140.5 139.8 138.6 134.8 131.5 129.2 125.6 120.8 112.6 98.7 81.3 85 95.2 99.1 102.5 106.9 110.9 115.9 119.7 123.6 120.6 118.5 116.8 114.2 111.2 112.4 112.8 112.3 107.2 100 104.8 108.9 111.4 116.6 122.4 128.1 132.7 136.1 138.4 140.8 144 145.4 146.1 147.8 149.9 151.9 152.7 150.9 149.4 147.9 147.7 147.6 145.9 143.5 141.2 139.9 137.7 133.8 129.9 126.9 126.5 124 123.3 124 125.5 125.8 127.3 127.8 126.4 122.4 114.4 110.2 111
128.5 129.1 129.4 130.7 131.7 134.1 136.6 138.6 140.7 142.1 142.1 140.7 138.3 134.5 130.7 127 122.7 116.4 106.2 91.6 82.4 91.1 95.1 100.7 105 108.7 112.2 116.6 119.6 119.7 118 117.2 115.5 114.2 115.1 115.1 114.8 110.3 105.3 105.5 102.7 106.7 112.1 116.3 121.1 123.2 127.4 129.8 132.5 136.7 138.6 141.4 141.9 142.7 143.7 142.8 142.8 142.8 145.6 146.4 146.2 143.6 141.8 140 136.4 134.6 133.6 132.6 127.7 126.6 123.7 120.4 117.7 120.1 124 127.5 128 117 115.3 110.2 112.6 112.3
