data/260000-960000.asc
ncols 200
nrows 200
xllcorner 260000
yllcorner 960000
cellsize 50
[rows 148 to 184 of 200, columns 0 to 84 of 200]
-1.6 -1.6 -1.6 -1.6 -1.6 -1.6 -1.6 -1.6 -1.6 -1.6 -1.6 -1.6 -1.6 -1.6 -1.6 -1.6 -1.6 -1.6 -1.6 -1.6 -1.6 -1.6 -1.6 -1.6 -1.6 -1.6 -1.6 -1.6 -1.6 -1.6 -1.6 -1.6 -1.6 -1.6 -1.6 -1.6 -1.6 -1.6 -1.6 -1.6 -1.6 -1.6 -1.6 -1.6 -1.6 -1.6 -1.6 -1.6 36.6 41.7 47.8 55.1 56.4 63.5 68.3 74.9 70.1 70.5 69 65.8 56.9 58.5 53 49 46.9 47.2 46.8 51 55.9 71.9 78.7 82.1 91.7 93.8 91.1 91.6 96.1 91.8 90.8 94.2 90.8 86 80.9 77.1 72.7
-1.6 -1.6 -1.6 -1.6 -1.6 -1.6 -1.6 -1.6 -1.6 -1.6 -1.6 -1.6 -1.6 -1.6 -1.6 -1.6 -1.6 -1.6 -1.6 -1.6 -1.6 -1.6 -1.6 -1.6 -1.6 -1.6 -1.6 -1.6 -1.6 -1.6 -1.6 -1.6 -1.6 -1.6 -1.6 -1.6 -1.6 -1.6 -1.6 -1.6 -1.6 -1.6 -1.6 -1.6 -1.6 -1.6 -1.6 9.2 26.5 43.7 56.9 61.2 62.3 67.5 78.3 77.6 81.2 76.6 74.3 70.2 60.8 62.5 53 51.1 47.9 48.2 48.4 50.2 55.6 73.7 80.4 85.8 91.4 90.8 89.7 89.6 94.2 90.2 90.1 97.7 92.5 87.9 84.3 80.6 74.2
-1.6 -1.6 -1.6 -1.6 -1.6 -1.6 -1.6 -1.6 -1.6 -1.6 -1.6 -1.6 -1.6 -1.6 -1.6 -1.6 -1.6 -1.6 -1.6 -1.6 -1.6 -1.6 -1.6 -1.6 -1.6 -1.6 -1.6 -1.6 -1.6 -1.6 -1.6 -1.6 -1.6 -1.6 -1.6 -1.6 -1.6 -1.6 -1.6 -1.6 -1.6 -1.6 -1.6 -1.6 -1.6 -1.6 -1.6 28.3 41.7 48.7 62.9 60.8 63.9 68.7 84.5 84.4 83.8 82.5 81.7 68.1 64.5 62.2 52.5 52.1 49.4 49.7 50.1 50 54.1 74.2 80 87.1 89 87.8 88.4 88.6 89.3 89.8 91.7 100.2 94.2 90.7 86.2 80.9 75.1
-1.7 -1.6 -1.6 -1.6 -1.6 -1.6 -1.6 -1.6 -1.6 -1.6 -1.6 -1.6 -1.6 -1.6 -1.6 -1.6 -1.6 -1.6 -1.6 -1.6 -1.6 -1.6 -1.6 -1.6 -1.6 -1.6 -1.6 -1.6 -1.6 -1.6 -1.6 -1.6 -1.6 -1.6 -1.6 -1.6 -1.6 -1.6 -1.6 -1.6 -1.6 -1.6 -1.6 -1.6 -1.6 -1.6 14 33.9 46.9 56.1 60.8 60.5 63.9 76.7 85.4 90.9 90 88.4 84.1 69.1 65.1 60.5 52.7 54.5 51 51.1 50.3 50.4 53.8 71.3 76.7 82.2 84.4 86.6 87.7 88.1 89.3 91 93.1 102.5 95.6 90.8 85.6 80.2 75.2
-1.6 -1.6 -1.6 -1.6 -1.6 -1.6 -1.6 -1.6 -1.6 -1.6 -1.6 -1.6 -1.6 -1.6 -1.6 -1.6 -1.6 -1.6 -1.6 -1.6 -1.6 -1.6 -1.6 -1.6 -1.6 -1.6 -1.6 -1.6 -1.6 -1.6 -1.6 -1.6 -1.6 -1.6 -1.6 -1.6 -1.6 -1.6 -1.6 -1.6 -1.6 -1.6 -1.6 -1.6 -1.6 -1.6 33.2 41.4 49 62.2 66.4 63.7 70.3 84.5 89.6 95.9 97.3 94.7 87.6 78.1 65 69.6 58.4 61.6 54.7 50.7 51.7 52.6 53.4 66.7 73.3 80.2 83.4 86.2 87.9 88.7 91.9 94 94.8 97 96.2 92.5 87.9 80.9 77.3
-1.6 -1.6 -1.6 -1.6 -1.6 -1.6 -1.6 -1.6 -1.6 -1.6 -1.6 -1.6 -1.6 -1.6 -1.6 -1.6 -1.6 -1.6 -1.6 -1.6 -1.6 -1.6 -1.6 -1.6 -1.6 -1.6 -1.6 -1.6 -1.6 -1.6 -1.6 -1.6 -1.6 -1.6 -1.6 -1.6 -1.6 -1.6 -1.6 -1.6 -1.6 -1.6 -1.6 -1.6 -1.6 24 39.5 53.8 60.3 66.5 72.8 70.4 81.8 92.2 99.8 104.3 101 99.5 92.4 80.2 67 72 64.2 66.1 57.2 52 51.4 51.2 58.6 69.1 79.3 85 86.3 89.1 89.2 89.7 91.9 95.2 96.3 97.9 98.4 91.9 87.5 83.9 88.6
-1 -1.6 -1.6 -1.6 -1.6 -1.6 -1.6 -1.6 -1.6 -1.6 -1.6 -1.6 -1.6 -1.6 -1.6 -1.6 -1.6 -1.6 -1.6 -1.6 -1.6 -1.6 -1.6 -1.6 -1.6 -1.6 -1.6 -1.6 -1.6 -1.6 -1.6 -1.6 -1.6 -1.6 -1.6 -1.6 -1.6 -1.6 -1.6 -1.6 -1.6 -1.6 -1.6 -1.6 17.6 34.9 46 59.8 62.5 69.6 73.7 84.1 89.6 95 107.9 108.2 107 102.6 95.8 85.4 72.2 70.2 68.4 62.8 57.8 53.7 52.3 52.3 60.5 69.3 84 87.2 89.9 90.2 90 90 90.8 92.8 95.2 96.7 98.2 92 86.6 86.6 89.3
-1.2 -1.6 -1.6 -1.6 -1.6 -1.6 -1.6 -1.6 -1.6 -1.6 -1.6 -1.6 -1.6 -1.6 -1.6 -1.6 -1.6 -1.6 -1.6 -1.6 -1.6 -1.6 -1.6 -1.6 -1.6 -1.6 -1.6 -1.6 -1.6 -1.6 -1.6 -1.6 -1.6 -1.6 -1.6 -1.6 -1.6 -1.6 -1.6 -1.6 -1.6 -1.6 -1.6 -1.6 31 34.8 46.9 55.8 64.4 68 75.7 89.1 93.1 104.2 111.4 114.8 111.8 103 95 91.3 79.6 71.9 72.4 62.7 57.6 54.3 52.9 53 63 70.8 85.2 88 92.5 89 89.1 89.7 91.3 91.6 94.3 95.2 98.8 90.8 85.9 86.9 85.2
-1.6 -1.6 -1.6 -1.6 -1.6 -1.6 -1.6 -1.6 -1.6 -1.6 -1.6 -1.6 -1.6 -1.6 -1.6 -1.6 -1.6 -1.6 -1.6 -1.6 -1.6 -1.6 -1.6 -1.6 -1.6 -1.6 -1.6 -1.6 -1.6 -1.6 -1.6 -1.6 -1.6 -1.6 -1.6 -1.6 -1.6 -1.6 -1.6 -1.6 -1.6 -1.6 -1.6 29.9 35.1 48.5 56.4 63.1 67.4 73.1 77.4 90.1 100.6 110.8 115.6 117 112.8 104 95.2 94.2 83.6 78.8 71.7 66.3 58.5 55.3 53.9 54.1 66.3 73.1 82.4 86.8 93.7 87.8 88.5 89.2 88.9 89 93.7 93.5 97.3 88 81.6 77.3 76.9
-1.6 -1.6 -1.6 -1.6 -1.6 -1.6 -1.6 -1.6 -1.6 -1.6 -1.6 -1.6 -1.6 -1.6 -1.6 -1.6 -1.6 -1.6 -1.6 -1.6 -1.6 -1.6 -1.6 -1.6 -1.6 -1.6 -1.6 -1.6 -1.6 -1.6 -1.6 -1.6 -1.6 -1.6 -1.6 -1.6 -1.6 -1.6 -1.6 -1.6 -1.6 -1.6 22.6 33.2 44.2 56.3 65.8 66.7 70.2 73 81.9 97.5 105.4 112.8 116.6 114.6 110.2 104.6 95.2 93.3 87 79.8 72.5 67.9 60.6 55.9 55 55 64.2 67.3 79 84.3 88.7 83.8 87.2 87.3 87.7 87.5 90.2 91.9 93.8 86.2 78.1 69.8 71.9
-1.6 -1.6 -1.6 -1.6 -1.6 -1.6 -1.6 -1.6 -1.6 -1.6 -1.6 -1.6 -1.6 -1.6 -1.6 -1.6 -1.6 -1.6 -1.6 -1.6 -1.6 -1.6 -1.6 -1.6 -1.6 -1.6 -1.6 -1.6 -1.6 -1.6 -1.6 -1.6 -1.6 -1.6 -1.6 -1.6 -1.6 -1.6 -1.6 -1.6 -1.6 -1.6 26 40.1 57.3 62.8 69.4 70.6 74.4 78.5 93.5 100 108.6 114.2 114 112.5 107.6 102.5 97.4 93.1 86.5 78.5 74.3 68.7 61.4 55.7 57 57.5 58.5 64.9 76.5 81.3 78.2 81.4 85.5 85.9 85.7 87.3 87.9 89.8 88.3 82.7 75.1 62.6 65.1
-1.6 -1.6 -1.6 -1.6 -1.6 -1.6 -1.6 -1.6 -1.6 -1.6 -1.6 -1.6 -1.6 -1.6 -1.6 -1.6 -1.6 -1.6 -1.6 -1.6 -1.6 -1.6 -1.6 -1.6 -1.6 -1.6 -1.6 -1.6 -1.6 -1.6 -1.6 -1.6 -1.6 -1.6 -1.6 -1.6 -1.6 -1.6 -1.6 -1.6 -1.6 -1.6 18.4 53.2 70.5 72.6 76.4 77.8 78 92.7 99.2 107.2 110.1 113 113.3 111.5 105 99.9 96.8 92.1 84.7 75.1 73.4 68.2 61.6 56 60.5 64.2 67.5 70.4 76.6 76.3 75.6 80.8 84.2 84.9 85.8 86.8 87.1 87.5 85.4 78.7 70.6 60.3 60
-1.6 -1.6 -1.6 -1.6 -1.6 -1.6 -1.6 -1.6 -1.6 -1.6 -1.6 -1.6 -1.6 -1.6 -1.6 -1.6 -1.6 -1.6 -1.6 -1.6 -1.6 -1.6 -1.6 -1.6 -1.6 -1.6 -1.6 -1.6 -1.6 -1.6 -1.6 -1.6 -1.6 -1.6 -1.6 -1.6 -1.6 -1.6 -1.6 -1.6 -1.6 -1.6 -1.6 55.3 75 76.9 78.2 83 81.1 101.2 106.6 111.7 112.8 114.1 113.5 112.4 106.3 99.9 96.9 92.6 84.7 75.2 73.9 71.6 62.9 57 65.6 69.6 70.4 71.5 76.3 75.5 75.5 78.2 83.2 84.9 85.5 87.7 86.9 84.1 82 75.6 66.2 55.4 55.1
-1.6 -1.6 -1.6 -1.6 -1.6 -1.6 -1.6 -1.6 -1.6 -1.6 -1.6 -1.6 -1.6 -1.6 -1.6 -1.6 -1.6 -1.6 -1.6 -1.6 -1.6 -1.6 -1.6 -1.6 -1.6 -1.6 -1.6 -1.6 -1.6 -1.6 -1.6 -1.6 -1.6 -1.6 -1.6 -1.6 -1.6 -1.6 -1.6 -1.6 -1.6 -1.6 27.8 39.2 74.5 79.1 84.2 84.6 93 103.4 110 114.5 118.9 118 116.9 113.9 108.9 102.7 98.5 93.9 84.4 78.6 74.6 71.9 61.7 61.8 71.7 73.2 75.2 72.6 76 75.5 75.5 81.1 84.7 84.7 84.9 85.2 83.4 81.3 78.4 72.9 62.3 52.8 50
-1.6 -1.6 -1.6 -1.6 -1.6 -1.6 -1.6 -1.6 -1.6 -1.6 -1.6 -1.6 -1.6 -1.6 -1.6 -1.6 -1.6 -1.6 -1.6 -1.6 -1.6 -1.6 -1.6 -1.6 -1.6 -1.6 -1.6 -1.6 -1.6 -1.6 -1.6 -1.6 -1.6 -1.6 -1.6 -1.6 -1.6 -1.6 -1.6 -0.2 2.2 20.3 54.8 74.1 71.9 78.4 82.5 88 98.8 108 113.4 122.2 126.9 123.1 121.3 115.5 111.3 105.6 101.7 94.9 85.1 79.1 74.8 70.1 59.1 66.3 78.2 77.9 76.5 75.7 75.5 75.5 75.5 79.5 82.1 82.9 84.1 82.6 80.5 78.5 75.7 67.8 56.4 51.6 47.4
-1.6 -1.6 -1.6 -1.6 -1.6 -1.6 -1.6 -1.6 -1.6 -1.6 -1.6 -1.6 -1.6 -1.6 -1.6 -1.6 -1.6 -1.6 -1.6 -1.6 -1.6 -1.6 -1.6 -1.6 -1.6 -1.6 -1.6 -1.6 -1.6 -1.6 -1.6 -1.6 -1.6 -1.6 -1.6 -1.6 -1.6 -1.6 -1.6 -1.6 27.9 40.8 63.3 77.8 78.2 83.6 83.7 92.6 104.1 111.2 118.7 127.7 131.4 126.5 124.4 117.1 112.7 107.1 102.8 94.3 84.3 80.3 73.6 64.9 61.9 70.9 84.9 83.1 79 78.8 76.9 75.8 75.5 78.5 82.1 82.3 82.7 81.9 80 76.3 73.7 63.4 54.1 50.4 46
-1.6 -1.6 -1.6 -1.6 -1.6 -1.6 -1.6 -1.6 -1.6 -1.6 -1.6 -1.6 -1.6 -1.6 -1.6 -1.6 -1.6 -1.6 -1.6 -1.6 -1.6 -1.6 -1.6 -1.6 -1.6 -1.6 -1.6 -1.6 -1.6 -1.6 -1.6 -1.6 -1.6 -1.6 -1.6 -1.6 -1.6 -1.6 -1.6 -1.6 38.7 49 62.9 80.7 84.4 84 88.1 96.9 108 114.8 120.2 130.7 131.9 127.3 122.4 118.3 114.1 109 103.9 94.6 82.9 77.1 73.9 63.7 69.5 78.7 87.2 87.2 86.8 90 85.3 77.3 76.9 79.1 83 82.2 82.1 82.3 79.6 75.8 71.6 59.9 54.3 51.3 46.8
-1.6 -1.6 -1.6 -1.6 -1.6 -1.6 -1.6 -1.6 -1.6 -1.6 -1.6 -1.6 -1.6 -1.6 -1.6 -1.6 -1.6 -1.6 -1.6 -1.6 -1.6 -1.6 -1.6 -1.6 -1.6 -1.6 -1.6 -1.6 -1.6 -1.6 -1.6 -1.6 -1.6 -1.6 -1.6 -1.6 -1.6 -1.6 -1.6 24.5 48.9 51.8 64.3 90.4 91.8 86.1 95.2 105.3 113.7 117.3 122.1 131.6 130.4 124.5 122.2 119.1 115.5 110.5 106.2 94.2 84.3 74.2 68.4 68.8 73.1 85.4 86.4 89.3 93.5 96.5 91.2 82.4 87.6 88.3 90.3 83.5 82.6 82.2 79.2 75.8 71.2 58.6 55.8 54 53.1
-1.6 -1.6 -1.6 -1.6 -1.6 -1.6 -1.6 -1.6 -1.6 -1.6 -1.6 -1.6 -1.6 -1.6 -1.6 -1.6 -1.6 -1.6 -1.6 -1.6 -1.6 -1.6 -1.6 -1.6 -1.6 -1.6 -1.6 -1.6 -1.6 -1.6 -1.6 -1.6 -1.6 -1.6 -1.6 -1.6 -1.6 -1.6 -1.6 34.1 58.4 48.9 72.5 90.5 98.8 91.5 98.5 111.2 119 120.3 127.1 133.3 127.7 124.2 122.4 120.4 115.6 110.4 103.2 93.7 84.9 72 69.3 73.1 77.7 88.9 90.8 94.2 99.9 102 97.1 89.5 94.8 95.5 92.2 86.4 83.8 83 79.8 75.9 70.5 58.6 57.4 57.8 55.4
-1.6 -1.6 -1.6 -1.6 -1.6 -1.6 -1.6 -1.6 -1.6 -1.6 -1.6 -1.6 -1.6 -1.6 -1.6 -1.6 -1.6 -1.6 -1.6 -1.6 -1.6 -1.6 -1.6 -1.6 -1.6 -1.6 -1.6 -1.6 -1.6 -1.6 -1.6 -1.6 -1.6 -1.6 -1.6 -1.6 -1.6 -1.6 22.1 40.2 58.1 50 74.2 89.9 100.4 103.8 101.7 113.6 123 122.2 130.8 135.6 126.8 123 121.9 121.5 114.8 107.7 100.7 92.4 82.9 73.9 72.3 74.9 80.7 87.2 93 97.4 103.7 103.8 101.3 95.8 98.1 95.7 91.2 88.2 85 84.1 80.6 77.1 67.6 59.4 58 57.5 57.2
-1.6 -1.6 -1.6 -1.6 -1.6 -1.6 -1.6 -1.6 -1.6 -1.6 -1.6 -1.6 -1.6 -1.6 -1.6 -1.6 -1.6 -1.6 -1.6 -1.6 -1.6 -1.6 -1.6 -1.6 -1.6 -1.6 -1.6 -1.6 -1.6 -1.6 -1.6 -1.6 -1.6 -1.6 -1.6 -1.6 -1.6 -1.6 27 43.6 50.7 52 73.2 93.3 111.1 113.3 115 119.9 124.3 126.3 131.8 135 124.7 121.2 118.9 121.8 114.1 106.5 99.6 89.7 79.6 72.7 73.4 77.2 81 88.8 93.9 101.3 104.9 106.8 104.9 100.9 99.1 97.6 94.6 91.1 86.8 85.1 82.1 78 69 61.2 60.3 59.6 59
-1.6 -1.6 -1.6 -1.6 -1.6 -1.6 -1.6 -1.6 -1.6 -1.6 -1.6 -1.6 -1.6 -1.6 -1.6 -1.6 -1.6 -1.6 -1.6 -1.6 -1.6 -1.6 -1.6 -1.6 -1.6 -1.6 -1.6 -1.6 -1.6 -1.6 -1.6 -1.6 -1.6 6.6 3.6 -1.6 -1.6 -1.6 31.8 41.2 47.9 56 77.1 95.3 110.6 121.3 128.5 123.4 128.4 129.6 133 134.9 125.8 120.2 117.4 114.9 110.5 102.9 95.9 87.2 78.4 73.6 76.7 78 82.2 89.6 93 97.6 105.1 107.1 108.6 104.6 100.7 99.5 98.2 92.6 88 86 83.1 78.7 70.1 64.6 62.8 62 59.7
-1.6 -1.6 -1.6 -1.6 -1.6 -1.6 -1.6 -1.6 -1.6 -1.6 -1.6 -1.6 -1.6 -1.6 -1.6 -1.6 -1.6 -1.6 -1.6 -1.6 -1.6 -1.6 -1.6 -1.6 -1.6 -1.6 -1.6 -1.6 -1.6 -1.6 -1.6 -1.6 -1.6 -1.6 -1.6 -1.6 -1.6 18 28.7 40.9 50.1 54.9 75 101.1 113.9 121.8 131.2 130.9 138 135.5 133.7 133.3 126.1 120.2 119.6 115.5 108.3 99.4 90.1 85.2 79 74.7 78.1 79.6 84 89.8 93.7 95.8 102.8 107.4 110.8 106.8 103.5 101.2 99.6 95.7 89.2 87.3 83.9 79.2 71.8 66.8 65.1 64.3 63.6
-1.6 -1.6 -1.6 -1.6 -1.6 -1.6 -1.6 -1.6 -1.6 -1.6 -1.6 -1.6 -1.6 -1.6 -1.6 -1.6 -1.6 -1.6 -1.6 -1.6 -1.6 -1.6 -1.6 -1.6 -1.6 -1.6 -1.6 -1.6 -1.6 -1.6 -1.6 -1.6 -1.6 -1.6 -1.6 -1.6 14 30.6 33.9 42.8 52 59.1 72.8 101.4 113.6 122.2 126.1 140.7 145.4 146.8 140.1 133.8 125.9 121.8 121 119.2 113 105.5 97.8 89.7 81.2 76.3 78.7 80.3 86.9 92.5 96.7 96.7 100 107.7 110.9 106.5 103.7 101.2 99.6 96.4 90.3 88.5 85 80.3 73 67.8 66.5 65.6 65.2
-1.6 -1.6 -1.6 -1.6 -1.6 -1.6 -1.6 -1.6 -1.6 -1.6 -1.6 -1.6 -1.6 -1.6 -1.6 -1.6 -1.6 -1.6 -1.6 -1.6 -1.6 -1.6 -1.6 -1.6 -1.6 -1.6 -1.6 -1.6 -1.6 -1.6 -1.6 -1.6 3.4 3.1 3.7 14 24.7 32.6 35.1 45.8 53 65.6 73.2 97 112.8 122.5 127.8 142 150 152.7 145.8 136.6 128.3 122 121.6 121.3 115.5 109 100.8 92.9 85 78.7 78.8 81.8 89 95.1 97.5 98.2 99.5 103.9 107.2 105.9 103.8 100.1 98.3 94.9 90.9 89.3 86.2 81 74.5 69.8 68.7 67.8 67
-1.6 -1.6 -1.6 -1.6 -1.6 -1.6 -1.6 -1.6 -1.6 -1.6 -1.6 -1.6 -1.6 -1.6 -1.6 -1.6 -1.6 -1.6 -1.6 -1.6 -1.6 -1.6 -1.6 -1.6 -1.6 -1.6 -1.6 -1.6 -1.6 -1.6 -1.6 -1.6 2.2 12.2 16.6 21.9 29.5 32.5 41.1 58.1 58.9 66 78.5 94.5 106.9 125.5 136.6 142.6 148.2 150.8 149.5 137.1 127.3 122.6 123 122.5 116.4 109.7 102.3 94.3 85.8 79.7 79.1 83.2 90.4 94.7 97.7 98.3 98.7 101.4 105.9 105.9 103.7 99.3 97.6 94.9 92.2 89.6 86.5 82.3 74.9 72.1 71.3 70.8 69.2
-1.6 -1.6 -1.6 -1.6 -1.6 -1.6 -1.6 -1.6 -1.6 -1.6 -1.6 -1.6 -1.6 -1.6 -1.6 -1.6 -1.6 -1.6 -1.6 -1.6 -1.6 -1.6 -1.6 -1.6 -1.6 -1.6 -1.6 -1.6 -1.6 -1.6 -1.6 4.1 11.3 19 20.1 21.1 26.1 32.5 49.8 67.4 66.7 63.4 75.2 96 108.2 130.8 141.3 145.4 147.7 147.3 145 134.8 125 124 125 123.9 117.2 110.2 103.3 95.4 86.3 81.6 79.7 85.9 89.9 93.2 97.3 97 97.7 99.7 103.7 105.5 103 99.8 97.8 94.6 91.7 89.2 86.2 83 74.8 73.9 73.4 72.7 69.2
-1.6 -1.6 -1.6 -1.6 -1.6 -1.6 -1.6 -1.6 -1.6 -1.6 -1.6 -1.6 -1.6 -1.6 -1.6 -1.6 -1.6 -1.6 -1.6 -1.6 -1.6 -1.6 -1.6 -1.6 -1.6 -1.6 -1.6 -1.6 -1.6 -1.6 7 18.2 21.4 22.5 21.8 21.4 24.5 33.3 55.3 76.3 80.2 79.3 81.6 100.1 113.7 133.1 145.9 150.1 148.5 146.4 139.8 130.2 125.4 124.5 125.5 125.4 118.3 111.2 104 96.2 87.9 82.1 81.1 84.4 88.2 92.1 96.7 96.4 97.4 99.4 102.6 104.1 102.9 100 98 94.4 91.2 88.8 86.1 82.2 75.7 75.8 76 72.2 64.7
-1.6 -1.6 -1.6 -1.6 -1.6 -1.6 -1.6 -1.6 -1.6 -1.6 -1.6 -1.6 -1.6 -1.6 -1.6 -1.6 -1.6 -1.6 -1.6 -1.6 -1.6 -1.6 -1.6 -1.6 -1.6 -1.6 -1.6 -1.6 -1.6 -1.6 19.1 21.4 28.9 32.3 25.2 22.4 22.9 37.6 66.1 84.8 84.4 80.5 91.1 104.1 111.4 135.8 149.1 153.3 153.2 147.5 138.6 128.6 125.8 125.4 127.8 126.6 119.5 112.3 105.1 96.7 86.7 81.2 82.3 84.9 88.3 91 93.2 97 97.1 98.4 100.5 103.3 101.8 99.6 98 94.5 90.8 88.4 86.2 83.6 76.2 76.1 76.8 70 65.6
-1.6 -1.6 -1.6 -1.6 -1.6 -1.6 -1.6 -1.6 -1.6 -1.6 -1.6 -1.6 -1.6 -1.6 -1.6 -1.6 -1.6 -1.6 -1.6 -1.6 -1.6 -1.6 -1.6 -1.6 -1.6 -1.6 -1.6 -1.6 -1.6 -1.6 22.3 25.6 32.3 39.1 34.3 28.3 25.6 44.1 72.6 82.6 83.5 85.3 85.5 104 113.2 138.7 152.6 155.8 150.8 141.4 133.5 127.9 126 127.3 131.1 127.8 120.7 113.5 105.3 96.9 88 82.4 82.4 85.7 89.4 91.4 94 95.7 96.1 97.3 99.1 103.1 100.1 98.2 97.4 93.2 90.8 88.5 86.1 82.9 76.3 71.9 72.3 65.1 67.8
-1.6 -1.6 -1.6 -1.6 -1.6 -1.6 -1.6 -1.6 -1.6 -1.6 -1.6 -1.6 -1.6 -1.6 -1.6 -1.6 -1.6 -1.6 -1.6 -1.6 -1.6 -1.6 -1.6 -1.6 -1.6 -1.6 -1.6 -1.6 -1.6 20.8 27.2 28.1 37.1 46 47.3 36.6 29.8 50.2 75 81.5 86.3 92.1 99.4 100.2 113.1 139.1 153.3 148.8 137.3 133.6 131 128.2 126.5 129.9 133.8 129 121.9 113.9 105.5 97.2 89.1 83.8 83.9 86.1 90.8 92.5 94 94.7 95.5 97.1 98.7 100.9 99.6 95.8 95.1 91.7 89.2 87.2 85.5 81.4 75.3 70.2 65.6 64.6 68
-1.6 -1.6 -1.6 -1.6 -1.6 -1.6 -1.6 -1.6 -1.6 -1.6 -1.6 -1.6 -1.6 -1.6 -1.6 -1.6 -1.6 -1.6 -1.6 -1.6 -1.6 -1.6 -1.6 -1.6 -1.6 -1.6 -1.6 -1.6 4.2 24.4 30.5 34.4 47 58.9 59.1 48.1 36.1 56.6 76.8 83.5 93.5 96.8 97.7 94.5 111 132.4 143.2 138.7 132.7 128.9 127.7 128 127.1 133.6 136 130.4 123.1 114.8 106.5 98.3 91 85.1 85.3 85.5 90.5 92.6 93.7 94.1 95.2 96.6 98 98.3 97.7 93.7 92.7 90.3 88.4 86.6 84.9 79.9 74.5 66.5 64.3 63.1 64.2
-1.6 -1.6 -1.6 -1.6 -1.6 -1.6 -1.6 -1.6 -1.6 -1.6 -1.6 -1.6 -1.6 -1.6 -1.6 -1.6 -1.6 -1.6 -1.6 -1.6 -1.6 -1.6 -1.6 -1.6 -1.6 -1.6 -1.6 0.5 19.5 31 38.9 39.5 56.5 73.6 72.1 62 42.4 61.3 74.2 84.2 95.6 99.8 98.7 95.4 113.9 127.2 133.6 129.6 125.1 125.5 126.3 126.8 130 137.2 138.5 132.1 124.5 116.3 107.7 99.8 92.8 87.4 86.4 86.8 87.5 90.8 92 92.6 95 96.5 98.1 97.6 97.6 93.4 92.4 90.3 88.5 86.3 83.9 80 73.2 65.5 64.3 63.2 62
-1.6 -1.6 -1.6 -1.6 -1.6 -1.6 -1.6 -1.6 -1.6 -1.6 -1.6 -1.6 -1.6 -1.6 -1.6 -1.6 -1.6 -1.6 -1.6 -1.6 -1.6 -1.6 -1.6 -1.6 -1.6 -1.6 -1.6 7.4 23.7 37.7 45.1 45.5 66.8 77.2 78.9 69.9 44.2 68 79.6 84.5 96.4 102.6 102.5 98.2 114.8 124.3 127.3 123.8 123.5 125.1 126.8 128.2 135 141.2 140.8 133.6 125.8 118.1 108.8 101.6 94.7 89.8 87.4 87.4 87.9 88.4 89.1 91.1 94.6 96.6 97.5 97.5 97.5 94.3 92.8 90.7 88.5 86.8 84.7 81.2 73.8 68.3 64 63.2 62.8
-1.6 -1.6 -1.6 -1.6 -1.6 -1.6 -1.6 -1.6 -1.6 -1.6 -1.6 -1.6 -1.6 -1.6 -1.6 -1.6 -1.6 -1.6 -1.6 -1.6 -1.6 -1.6 -1.6 -1.6 -1.6 -1.6 -1.6 21.2 30.2 39.6 46.2 51.8 69.9 76.4 79.5 69 48.7 71.5 85.4 94.3 96.6 98.3 99.3 105.6 115 122 122 122 123 126 129 133.2 140.8 145.7 144.6 134.4 126.6 119 111 104.1 97.3 92.5 88.3 88 88.1 88.3 89 90.4 94.2 96.2 97.6 97.4 97.4 95.2 93.2 91.1 88.8 86.4 85.1 81 74.8 69.1 63.9 62.3 61.2
-1.6 -1.6 -1.6 -1.6 -1.6 -1.6 -1.6 -1.6 -1.6 -1.6 -1.6 -1.6 -1.6 -1.6 -1.6 -1.6 -1.6 -1.6 -1.6 -1.6 -1.6 -1.6 -1.6 -1.6 -1.6 -1.6 1.7 23.2 33.5 42.1 49.3 56.9 71.5 76.4 76.1 69.6 50 75.2 93.4 98.9 98 99.8 99.4 102.9 111.5 117.2 120.5 121.3 124 130.8 134.7 138.7 144 149.1 147.1 137.1 127.1 120.5 113.4 106.6 100.1 95 91.8 90.3 89.9 89.4 89.5 90.1 93.6 96.2 98.2 97.6 97.3 95.8 93.6 91.2 88.8 86.4 84.7 79.4 72.4 66.4 63.8 62.6 62.8
-1.6 -1.6 -1.6 -1.6 -1.6 -1.6 -1.6 -1.6 -1.6 -1.6 -1.6 -1.6 -1.6 -1.6 -1.6 -1.6 -1.6 -1.6 -1.6 -1.6 -1.6 -1.6 -1.6 -1.6 -1.6 -1.6 2.3 26.1 35.3 46.2 49.6 60.7 71.1 74.5 72.8 64.1 50.4 77.4 93.5 97.9 99 103.2 100.9 101.7 103.5 112.6 120.6 123.8 132.1 139.7 142 143.1 145.2 150 150.5 140.3 128.8 123.3 113.2 105.6 98.9 96.3 94.8 93.7 92.5 90.6 90.2 91.1 93.6 96.1 98.8 98.2 97.6 96 93.6 91.2 88.8 86.4 84.1 78.5 71 65.5 64.8 64.1 60.6
