data/260000-910000.asc
ncols 200
nrows 200
xllcorner 260000
yllcorner 910000
cellsize 50
[rows 0 to 34 of 200, columns 79 to 157 of 200]
320.1 320.9 321.6 321.5 321.6 320.7 316.5 322.8 325.3 327.4 330.4 333.5 336.6 339.2 341.4 341.6 338.7 336 350.7 357 363 368.6 372.7 376.3 378.2 381.1 383.7 384.5 383.4 382.2 383 382.6 379.9 377.5 376 374.2 376.1 376.2 375.3 375.7 376.3 375.7 374.2 372.3 373.3 373.1 371.6 371.5 370.2 373 375.9 378.1 379 381.9 382.6 378.4 378.4 378.4 378.4 378.4 380.8 382.6 381.9 385 387 390.7 394.1 398.2 401.8 405 407.5 409 408.4 406 403.5 400.6 397.2 392.7 388.2
314.1 315.1 315.9 315.7 315.7 315.4 313.2 317.9 320.5 322.8 324.9 327.4 330.3 331.2 331.8 333.2 327.6 342.4 350 355.8 361.3 366.2 370.8 374.8 377.7 379.8 381.3 382.6 382.4 380.9 380.8 381.2 379 376.6 375.6 377.2 379.8 380.1 381.1 381.5 382.5 382.1 381.5 380.4 378 375.9 374.5 373.2 372.7 373.1 373.9 375.1 378.3 382.3 378.4 378.4 378.4 378.4 378.4 378.4 378.4 378.4 379.2 378.4 378.4 383 387 390.4 394.3 397.9 402 404.4 406 406.3 405.8 405.7 404.3 401.6 400.1
308.1 309 309.6 310.5 311.2 309.6 310 313.7 315.9 317.6 319.7 321.2 322.7 323.2 321.7 324 333.7 343.2 348.8 353.8 358.4 364 368 371.5 374.5 376.6 377.9 379.4 379.7 377.9 377.5 377.4 376.4 376.8 376.2 378.8 381.5 386.1 387.1 387.5 388.6 388.7 388.2 386.9 385 381.4 377.7 376 375.1 375.4 375.9 376.7 378.9 381.3 378.4 378.4 378.4 378.4 378.4 378.4 378.4 378.4 378.5 378.4 378.4 378.4 381.6 384 387.2 390.9 395.1 399.9 402.3 406 408.1 411.6 411.9 410.4 410.6
302.1 302.9 304.1 305.1 306.1 305.8 305.4 309.7 311 312.3 314.5 316 314.6 313.6 316.3 327.3 335.8 342.2 348.1 352.7 356.9 360.4 364.2 367.9 370.6 372.8 374.4 376 376.3 374.8 373.5 373.5 374.7 376.6 377.4 380.2 383.3 387.8 390.4 391.3 392.3 392.5 391.3 389.8 387.9 383.8 380.2 378.4 376.9 376.8 376.8 378.9 381 382.6 378.4 378.4 378.4 378.4 378.4 378.4 378.4 378.4 378.4 378.4 378.4 378.4 378.4 379.8 383.5 386.1 390.2 394.1 400.5 404.2 408.8 414.5 417.2 417.4 417.5
295.8 297.2 298.6 299.8 301.4 301.9 302.2 304.9 306.9 308.3 309.4 308.9 306.7 312.5 320.5 327.9 335.2 341.7 348.1 353.2 356.4 359.2 361.6 364.6 367.2 369.3 370.9 372.6 373 372.4 371.8 371.8 373.7 375.6 377.7 379.5 381.5 384.8 387.5 390.1 391.9 393.3 392.2 390.8 389.2 386.3 383 380.4 377.8 376.8 376.7 379.3 381.3 382.6 379.5 378.4 378.4 382.9 378.4 378.4 378.4 378.4 378.4 378.4 378.4 378.4 378.4 378.4 378.4 383.8 387.5 391.4 396.9 403.5 408.9 415 418.2 420.3 421.1
292.7 294.2 295 296.3 297.6 297.7 300.1 301.5 301.2 298.5 299.8 304.9 311.4 315.8 321.2 328.1 335.7 342.1 347.9 352.8 355.5 358.4 360.9 362.4 364 366.6 368 369.6 371.3 371.7 370.4 371.5 372.1 373.8 376 377.9 379.5 381 383.9 386.7 388.6 390.1 390.4 390.3 389.1 386.1 383.1 380.8 378.8 376.9 377 378.2 381.3 382.8 382.3 381.3 383 378.4 378.4 378.4 378.4 378.4 378.4 378.4 378.4 378.4 378.4 378.4 378.4 384.4 386.5 388.9 394.4 402.2 408.3 415.3 419.4 422.1 423.3
290.1 290.8 292.7 293.8 294.8 296.2 297.3 297.2 295.3 302.4 305.3 309.2 313.3 316.5 322.2 329.4 336.3 342.7 347.4 352 354.3 357.3 359.3 360.7 362.1 363.6 365.5 366.9 367.4 370.3 371.8 371.7 370.9 371.2 373.3 375.3 376.4 377.3 379.8 382.6 385.1 386.6 387.8 388.2 387.7 385.3 382.4 379.8 378.4 376.6 376.6 377.7 380.1 382.9 383.4 383.7 384 382.7 378.4 378.4 378.4 378.4 378.4 378.4 378.4 378.4 378.4 378.4 378.4 381.4 385.3 387.8 392.7 400.6 407.6 417 424.4 425 423.5
287.4 289.2 290.8 290.8 292.1 293.7 292.2 293.1 300.1 303.4 306.1 309 312.3 315.8 321.9 328.6 335.4 342.2 346.7 351 353.5 355.5 357.5 359.2 360.6 361.9 363.3 363.7 364.4 366.7 370.4 370.9 369.1 369.1 371 372.2 373.3 374.2 375.7 378.3 380.8 383.2 385.1 386.2 385.3 383.3 380.5 378.3 376.8 376 375.9 376.9 379.4 382.7 384.3 384.6 384.8 382.4 380 378.4 378.4 378.4 378.4 378.4 378.4 378.4 378.4 378.4 378.4 382.3 383.4 386 390.9 398.6 407 414.9 423 425.6 425.2
283.9 285.6 288.2 289.3 291.1 289.4 293.2 296.3 298.9 302.6 306.1 309.9 314 318.5 323 328 334.1 341.8 346.2 350.7 353 355.5 356.9 357.6 359.1 360.8 361.3 360.6 362.1 364.8 367.8 369.5 367.2 367.1 368.2 369.2 369.6 370.1 371.5 374 375.5 377.6 380.3 382.7 382.4 380.4 378.7 376.7 376 375.3 375.4 375.9 378.6 382.4 384.4 385.3 385.4 385.4 384.1 378.4 378.4 378.4 378.4 378.4 378.4 378.4 378.4 378.4 378.4 378.4 378.4 385 389.1 396.3 404.3 411 418.8 424.5 426.4
283.4 285.7 286.9 289.1 287.6 289.7 293.6 296.5 300.2 304.7 309 313.1 317.6 322.3 327.9 333.1 338.4 343.5 346.2 350.2 352.7 355.4 357 358.1 358.6 358.9 358.5 357.5 358.7 359.8 362.2 365.9 365.7 363.6 363.3 365.2 364.9 365.4 367.1 368.8 370.6 371.6 373.5 375.3 376.9 376.6 375.7 375.7 375.1 374.6 374.3 375.9 378.5 381.3 384 385.3 385.7 386.1 385.4 383 378.4 378.4 378.4 378.4 378.4 378.4 378.4 378.4 378.4 378.4 378.4 383.1 387.6 394.7 401.5 407.6 414.7 421.6 426.1
279.8 281.9 285.8 285.9 289.9 293.1 296.7 298.6 302.6 308.4 312.8 316.6 321.2 326.2 332.4 337.7 343 347.9 351.1 353.1 354.2 355.5 357 357.2 357.5 357.5 355.9 354.7 354.9 356.6 359.3 359.8 360.3 359.5 359.3 361.1 361.7 361.3 363 365.5 366.7 367.6 368.3 369.2 370.7 372.1 372.7 373.5 373.2 373.1 375.4 376.2 378.4 380.6 383.7 384.9 385.3 386.5 385.8 382.5 378.4 378.4 378.4 378.4 378.4 378.4 378.4 378.4 378.4 378.4 378.4 382.1 387.3 391.7 397.9 403.7 409 415.9 422.3
287.7 286.8 286.9 291.4 291.4 295.7 298.6 301.2 306.1 310.9 315.7 320.3 325.4 330.6 337.2 343.1 348.6 353.8 357 357.1 357.2 357.8 357.9 356.6 356.3 355.3 354 354.1 354.3 355.2 357.1 357.4 357.6 356.8 358.1 358.8 358.5 358.9 359.9 361.6 362.4 363.3 364.1 365 366.4 367.6 368.8 370.2 372.7 375 375.9 376.4 378 380.2 383.3 384.6 385.8 387 386.5 384.2 378.4 378.4 378.4 378.4 378.4 378.4 378.4 378.4 378.4 378.4 378.4 378.4 386.9 390.2 395.1 400.5 405.3 410 416
290.8 290.9 292.3 294.2 295.8 297 300.3 304.2 309.9 314 318.9 324.7 329.9 336.3 342.2 349.1 354.4 358.7 361 361.6 361 359.8 359.2 357.4 356 355 353.8 353.6 353.5 354.4 355.1 355.4 355.3 354.6 356 357.4 357.9 358.3 358.1 358.9 358.8 359.1 359.8 361.1 362.9 363.9 363 367.6 372.5 374.8 376 376.7 377.9 379.8 382.9 385 386.3 387.4 387.2 385.5 383.9 378.4 378.4 378.4 378.4 378.4 378.4 378.4 378.4 378.4 378.4 378.4 384.1 388.5 391.8 395 398.9 402.9 407.3
294 294.5 294.5 295.5 298.3 301.4 303.6 307.2 312.1 317.1 322.8 328.9 334.5 340.5 347.3 353.5 358.4 362.5 364.2 364.7 364.1 362.6 361.2 359 356.9 355.6 354.4 353.9 353 353.2 353.5 353.5 353 353.2 355 356.6 357.4 357.6 356.6 357.7 356.9 356.7 357.5 359.6 360.4 360.6 363 365.9 369.6 373.1 375.6 376.9 378.1 379.4 382.6 384.6 386.1 387.4 387.4 387.3 385.5 384.6 380.7 378.4 378.4 378.4 378.4 378.4 378.4 378.4 378.4 378.4 385 389.4 392 392.7 393.2 396.2 400.2
296.4 297.2 297.6 297.8 300.2 304.6 306.9 312 315.8 320.2 327.2 331.3 337.5 344.1 350.1 356 360.4 364.2 366.6 368.3 368.3 366.6 364 363.2 363 361.8 361.1 357.3 354.4 353.5 353.6 352.9 352.5 353.3 354 356 356.8 356.5 355.5 355.9 356 355.6 356.4 357.7 358.6 360.7 362.4 364.1 366.2 370.4 373.2 376 377.3 378.7 381.6 383.5 385 386.5 387.5 388.1 387.8 387.1 387.7 384.4 378.4 378.4 378.4 378.4 378.4 378.4 378.4 378.4 385.3 390 392.4 391.7 388.6 390.3 393
298.5 299.6 300.7 300.7 302.7 307.2 310.3 316.1 320.4 325.3 329 333.6 339.6 345.4 351.5 356.6 361.4 365.7 368.9 370.4 371.1 370.6 367.8 366.8 368.2 370.7 369.3 365.6 359.9 357 355 354 352.8 353.1 354.8 355.7 356.2 355.5 354.5 355 355.1 355.3 356.9 357.8 358.8 360.4 361.8 363 365 367.8 371.1 374.7 376.3 378 379.9 381.7 382.7 383.5 385 387.5 387.9 388.6 389.7 387.8 383.8 378.6 382.2 378.4 378.4 378.4 378.4 381.6 385.6 389.8 392.5 392.2 388.9 385.6 387.8
300.5 301.6 302.4 303.3 305.3 309.1 313.3 318.7 325.1 329.5 334.2 338.3 342 346.6 351.8 356.8 361.7 365.4 369.1 371.7 372.5 372.1 369.7 368.6 369.9 369.9 369.5 366.9 362.7 357.6 354.6 354.6 354.1 351.9 354.6 355.4 355 354.5 354.3 354.9 353.8 355.8 356.4 357.1 358 359.9 361.9 363 364.4 367 371.1 373.3 375 376.4 378.2 379.5 380.7 381.5 382.7 384.9 385.1 387.2 389.1 389.6 387 384.6 384.5 382.3 379.9 379.7 380.7 384.5 385.9 390.4 395.3 395.3 391.4 386.5 384
301.4 303.1 303.9 305.4 308.4 311.9 316.3 321.7 327.1 332.9 337.1 340.8 344.3 347.8 352.3 357.2 361.7 365.3 368.7 371.9 372.6 371.3 370 368.8 367.9 366.3 365.3 362.7 360.1 355.6 354.3 353.6 352.9 351.7 354.2 354.4 353.9 353.5 354.1 353.5 353.4 354.9 355.5 356.2 357.8 359.8 361.7 362.9 365.3 368.2 370.4 372 373.4 374.6 376.1 377.4 378.6 379.5 380.6 381.8 383.6 385.6 387.7 387.9 386.4 385.1 387.3 387.1 389 388.9 387.2 386.8 388.5 393 398 400.6 396.1 391.4 387
301.3 303.5 305.4 308.3 311.1 314.9 319.3 324.3 329.2 333.6 338.2 342 345.8 349.7 352.7 357.3 361.7 365.2 368.5 371.3 371.9 371.4 370.9 369.2 367.5 365.2 363.3 359.8 356.4 353.9 352.6 352.6 352.7 351.2 353.5 353.9 353 352.3 352.7 351.5 353.6 354.2 354.6 355.7 357.5 359.2 360.2 362.6 368.3 371.3 373.3 373.6 373.4 374.1 375.1 375.8 376.6 377.9 379.8 381.1 382.7 384.7 386.3 386 385.7 385.8 387.9 390.9 392.6 395 394.2 392 394.1 397.1 400.7 404.5 402.8 395.7 391.9
301.1 303.8 306.1 309.2 312.8 316.4 321.1 326.7 331.5 336 340.7 344.5 347.9 351.5 354.1 358.2 362.1 364.9 367.9 370.6 372 372.5 371.6 370 368.4 366.2 364.2 360.6 356.5 354.5 353 353.3 352.3 351.3 352.4 353.1 352.5 351.9 350.5 352.1 352.9 353 353 353.6 355.5 357.2 357.4 359.7 367 372.7 372.7 372.6 372.6 373.7 374.6 375.6 375.7 377.5 379.5 381.1 382.1 383.6 384.5 384.5 384.6 385.5 388.1 391.7 395.7 399.4 402.4 401 401.1 403.3 403.6 405.6 406.1 399.5 395
302.3 305.7 307.7 309.7 313.9 317.1 322.1 328.5 333.9 338.8 343.2 346.4 349.4 352.4 356.1 360.1 363.6 365.8 367.3 369.9 371.4 372.8 372.8 372 371 370 367.3 363.6 360.3 357.1 355 352.9 352.5 351.4 351.4 351.9 351.8 351.2 349.9 348.9 350.2 351.1 351.1 351.4 353.4 354.7 355 355.4 360.6 367.5 369.3 369.1 372.1 374.9 375.8 375.6 376 377.2 379.2 381.6 382.8 383.4 383.2 383.2 383.3 384.1 386.6 391.4 396.8 402.2 406.7 408.2 405.4 406.8 406.5 406.3 407.3 400.8 395.6
303.4 306.5 308.6 310.9 314.3 318.1 323.6 329.5 335.6 340.5 345.4 348.2 351.1 354.2 357.8 361.5 364.3 367 368.6 368.9 370 371.7 372.6 373.3 372.8 371.9 368.7 365.7 362.5 358.2 356 353.6 352.9 351.9 351.1 351 351.6 352.2 351.6 348.8 348.1 348.4 349 349.4 351.1 352.3 352.4 352.4 354.8 358.5 363.6 364.5 369.8 374 375.9 375.8 376.2 377.2 380 382.6 382.7 382.6 382.4 382.1 382.2 382.5 385.4 390.7 399.3 404.9 408.5 410.3 409.1 408.6 407.8 406.5 405.7 402.1 396.8
303.9 307 309.3 312.4 315.4 318.6 323.8 330.8 337.2 342.2 346.7 350 352.7 356.2 360.1 363.5 366.5 368.9 369 367.2 365.5 367.5 371.6 371.5 370.3 368.8 367.4 365.7 362.8 358.8 355.7 353.9 354 354 353.4 352.7 352.7 352.6 350.7 348.6 343.3 345.6 347 347.9 349 350 349.6 349.5 351.1 353.4 356 359 364.6 369.6 372.9 374.1 374.8 376.7 379.5 382.3 382.1 381.9 381.7 381.4 381.1 381.9 382.7 386.1 396.1 404 407.9 409.7 410.5 409 408.4 407.3 405.5 402.7 401.8
304.3 307.5 310.6 313.6 316.6 319.6 323.5 330.8 337.8 344.2 348.3 352.2 355.5 359.3 363.9 367.8 370.2 371.5 371.6 367.7 365.6 365.6 365.6 368.3 366.5 368 367.6 366.3 363.8 361.7 359.2 358.5 357.3 356.5 357.1 356.5 354.8 351.9 349.4 347.5 345.2 342.4 344.7 346.2 347.9 347.8 347.8 347.6 348.9 351.6 352.2 354.3 359.2 363.5 367.5 369.9 370.1 373 376.6 379.4 379.8 380.5 380.6 380.7 380.2 380.8 381.7 384.3 390.1 398.5 405.6 408.2 409.6 409.1 408.9 408 405.8 405.9 404.5
304.6 307.9 311.2 314.4 317.6 320.8 323.8 330.5 338 345.2 350.4 354.6 358.8 363.9 371 374.6 377 376.7 374.7 370.8 366.5 365.6 365.6 365.6 365.6 366.8 367.6 366.9 368.2 365.9 362.8 365.2 363 362.7 363.7 364.9 362.6 357.3 352 348.3 346 342.6 342.4 343.9 345.6 345.8 345.7 345.1 346.5 348.5 348.7 349.5 352.9 358.3 362.4 363.8 366.2 368.8 371.4 373.6 376 377.2 378.3 378 379 378.7 379.9 381.6 389.1 395.6 401 404.4 405.3 407.6 409 409.6 410.5 411.4 409.8
304.9 308.3 311.6 314.8 318.1 321.3 324.3 330.1 337.7 346.4 351.7 357.2 361.8 369.7 378.6 383.9 387.9 386.5 382.5 377.4 371.9 368.7 366.6 365.6 365.6 365.6 365.6 366.1 367.2 365.8 366 368.1 369.3 369.3 370.9 373.8 371.1 364.1 356.3 350.4 346.5 344 344.2 341.5 341.5 344 344.7 344.6 345 346.2 346.3 345.9 348 352.3 356.4 358.8 361.9 363.9 365.8 368.4 371.1 372.8 375.3 375.8 376.9 377.4 378.4 382.9 389.8 396 400.3 401.8 403.8 406.6 409.4 412.7 414.9 416.8 416.5
305 308.5 311.9 315.3 318.5 321.2 323.7 328.8 337 345.5 352.1 357.7 364.8 373.8 384.9 393.5 400.8 400.5 395.3 387.7 381.7 376.7 372.1 368.6 366.6 365.6 365.7 366.2 365.7 366.3 368.4 371.7 374.1 374.4 378.2 379.9 376.2 368.8 360.5 353.9 348.3 345.4 344.9 345.6 343.4 340.8 342 344.1 344.1 345.2 345 345.4 345.2 346.6 349.6 353.4 356.9 358.9 361 363.5 366.3 370.7 372.8 374.3 375 376.4 378.1 381.8 388.3 395.4 400.5 404.3 406.4 407.7 410.5 414.1 417.3 418.9 419.8
305 308.7 312.2 315.4 318.1 320.6 323.1 327.9 336 344 350.7 357.1 365 374.2 383.3 392.5 398.8 400.7 396.5 391.4 385.5 379.1 373 370.8 368.1 367.5 368 367.4 366.5 367.3 370.5 372.6 376.6 378.4 383.3 385.1 381.5 374 365 357.5 351.7 348.7 348.7 347.8 345.1 341.4 339.9 342.2 342.9 344.2 343.8 343.8 344.4 343.9 344.9 348.3 352.9 356.2 358.7 360.1 363.2 367.4 369.5 372.1 373.6 375.4 379.4 383.3 389.1 394.7 400 404.8 408.8 409.9 411.7 414.8 418.5 420.2 419.9
304 308.1 311.4 314.6 317.2 319.7 322.4 326.9 333.6 341.6 347.8 353.8 360.6 368.6 376.3 383.2 388.1 390.2 390.6 387.3 382.4 376.7 372.4 370.4 368.9 368.2 368.9 370 368.5 369.5 371.5 374.9 378.4 381.2 383.7 383.9 382.2 374.9 367.6 361.1 354.4 355.7 357.7 355.1 349.3 344.3 339.8 339.6 339.4 343 342.7 343.4 343.4 342.8 344.8 346.9 349.4 353.9 356.2 357.3 360.1 363.5 366.6 368.5 370.9 374.5 380.5 385.1 389.7 395.5 400.3 405.4 411.2 412.8 414.3 416.7 419.3 420.8 420.6
301.8 306.2 309.7 312.7 315.2 318.1 321.5 324.6 330.3 337 343.7 349.7 356 361.7 368.7 373.5 378.2 382.5 384.5 382.3 378.9 374.1 370.8 369.9 369.2 369.4 370.3 371.6 372.1 373.6 374.2 377.7 379.3 381.1 382.8 382.9 380.8 375.7 369.7 362 360 364.7 366.3 362.4 354.9 347.2 343.2 341 340.8 340.3 340.2 342.5 341.8 342 343.8 345.5 346.3 349.7 353.2 355.4 358.8 361.5 363.3 366.8 369.3 373.7 380.1 386.2 391.6 397.4 404 410.7 415.4 418.3 418.2 418.3 417.9 419.3 420.7
299.6 303.7 307.4 310.8 313.8 316.7 319.6 322.5 326.9 331.4 338.4 345.3 351.2 356.4 361.5 366.8 371.1 376.3 378.3 377.9 375.5 372.4 369.8 370 369.4 370.6 371.8 374 376.5 377.6 379.7 380.6 380.9 381.4 382.4 382.8 380.1 376.3 370.9 362.7 364.2 367.9 369.5 366.9 358.6 351 344.7 344.4 344.6 342.5 339.9 339.4 340.3 341.3 342.3 343.8 344.3 345.2 348.1 352.8 354.5 357.3 361.1 365 369.1 374.2 380.8 387.2 393.5 400.5 408.6 416.2 421.1 422.7 422.2 419 416 415 413.8
297.1 301.1 304.9 308.4 311.1 314 317.1 320.1 323.1 325.8 332.1 339.3 345.6 351.2 356.8 361.2 364.9 369.1 371.7 373.3 372.3 369.9 369.3 369.7 370.6 372 373.3 377 380.4 383.8 385.6 384.5 383.1 382.1 381.5 381.7 382.1 379.5 372.7 366.7 366.6 370.4 374 369.6 362.4 355.4 351 350.4 348.4 347.9 345.6 343.2 339.9 338.9 340.4 341.6 342 343.1 344.9 347.8 352.3 356.1 361.4 366 370.2 374.3 380.5 387.7 396 404.3 412.5 419.7 424.4 426.1 425.7 421.2 416.1 412.6 408.3
294.4 299.1 302.4 305.7 308.5 311.2 313.9 317.1 320.1 323 327.3 333.1 339.4 345.8 352.7 356.8 358.5 361.5 364.4 367.1 368.9 367.5 368.9 369.5 371.5 373.9 377.8 382 385.2 387.9 389.7 388.1 386.4 382.5 380.9 380.2 380.6 379.2 374.5 372.9 369.4 371.9 375.4 374.5 367.4 361.1 357 354.9 355.1 354.5 350.8 347.6 344.2 338.4 337.8 339.2 341.5 342.2 345.2 348 352 357.5 362.9 367.4 371.5 375.5 380.3 387.4 397.3 406.1 414.5 421.5 426 425.6 423.7 421.2 417 413.2 410.4
293 297 300.1 303.1 305.8 308.1 310.7 314.8 317.9 320.2 324.3 330 335.4 340.9 346.3 351.4 354.4 358.1 361.3 363.8 365.6 368.3 369.1 370.5 372.7 377 381.4 385.2 388.3 390.4 390.3 389.1 387.3 383.2 380.6 379.6 380 381.6 380.9 379.9 377.8 375.9 375.6 374.9 371.2 365.1 362.3 360.6 359.9 356.9 352.8 349 346.2 343.1 341.5 338.1 338.9 341.5 343.5 347.5 351.5 358.9 364.2 368.8 373.1 377.4 381.5 386.9 396.4 406.4 415 421.6 425.9 425.1 423.5 421.5 417.6 414.1 412
291.3 294.5 297.8 300.8 303.1 305 307.6 311.4 314 317.5 322.3 327.1 331.8 336.6 341.2 345.7 351.7 355.5 359.2 361.2 365.9 369.3 371.5 373.2 375.4 379.8 384.1 387.5 390.8 392.7 391.2 389.9 387.2 383.5 380.7 380.1 382.1 385.1 386.5 386.5 386 385.1 383.5 380.6 377.3 370.7 364.2 363 359.3 355.9 352.5 351.1 349.6 347.1 346.6 342.5 339.3 339.4 342.5 347.7 353.3 359.4 366.3 371.4 375.9 379 381.9 385.6 393.1 403.5 412.7 419.6 424.9 424.7 423 421.4 418.2 415.4 412.2
