data/260000-940000.asc
ncols 200
nrows 200
xllcorner 260000
yllcorner 940000
cellsize 50
[rows 70 to 104 of 200, columns 79 to 157 of 200]
149.8 152.4 154 154.1 154.1 154.2 154.3 154.3 154.2 154.3 154.4 154.5 154.3 153.8 153.2 152.8 152.3 151.9 151.5 151.1 150.2 151.6 151.4 151.4 151.7 151.4 150.9 150.8 150.7 151 151.1 151 153.3 154.8 156.4 158.7 161.3 160 159 157.9 158 158.4 158.4 158.6 159.1 160.5 162.6 164.8 167.5 170.2 172.9 175.7 178.4 181.4 181.2 177.4 173.6 171.8 171.7 169.6 172.3 172.4 172.2 166.8 161.2 160.5 159.4 159.7 159.7 159.9 159.5 158.6 155.5 153.6 152.4 152.8 153.1 152 151.6
146.9 150.1 151.9 152.7 152.7 152.6 152.6 152.5 152.5 152 151.9 152 151.6 151.2 151.2 151 150.5 150 149.6 149.2 149.1 151 151.1 150 149.7 149.3 149.3 149.5 149.6 149.6 148.7 149.4 151.5 152.5 153.6 154.7 156.3 157.9 157 156.1 156.3 156.4 156.5 156.8 157.3 158.1 159.5 161.2 162.8 165.5 168.3 171.4 174.3 177.2 180.4 177.1 169.8 166.8 165.5 164.9 165.4 166.3 167 168.4 160.5 158.2 157.5 158.6 159 159.5 159.9 160.5 159.9 156.7 152.8 149.3 150 150.8 150.5
145.3 148.4 150.3 151.2 151.2 151.2 151.1 151.1 151 150.5 150.1 149.7 149.5 149.4 149.3 149.3 149 148.5 148.4 147.7 146.6 149.5 148.5 149 149.2 148.2 147 147.8 147.8 147.3 147.9 149.2 150.4 151.6 152.3 152.4 153.9 155.8 155.2 154.4 154.5 154.5 154.8 155.1 155.6 156.9 157.3 157.7 159.2 160.7 163.8 167.3 170.5 171.7 174.5 172.9 167.8 163.1 162.6 161.9 162 162.8 165.1 166.4 157.5 156.1 155.9 158.9 159.9 160.1 159 159.4 159.1 156.5 155.7 151.7 148.3 147.9 146.2
144.3 146.2 148.2 149.7 149.7 149.7 149.6 149.6 149.5 149.1 148.6 148.2 148 147.8 147.7 147.5 147.4 147.2 147.5 147.7 147.3 146.4 147 147.5 147.6 146.8 145.6 145.8 146.3 145.8 147.5 149.4 150.3 151.5 151.3 151.4 152.5 153.6 153.2 152.6 152.5 152.8 153.1 153.4 154 155.2 156.1 156.4 156.8 157 159.6 163.4 166.8 165.9 165.1 165.5 162.9 160.4 158.8 158.3 158.2 159.1 161.2 163.4 158.1 154.4 154.2 155.5 158.1 156.5 156.1 157.3 157.3 154.5 152.6 151 148.6 146.7 147.5
142.6 144.3 146 147.9 148.3 148.2 148.2 148.1 148 147.7 147.2 146.6 146.5 146.3 146.1 146 146.1 145.8 146.3 146.5 145.5 146.1 146 146 146 145.3 144.5 144.3 145.6 146.2 147.3 149.2 151.3 152.9 151.2 150.5 151.1 151.4 151 150.8 150.9 151.1 151.4 151.7 152.4 153.6 154.2 154.1 154.3 154.6 156.7 159.7 160.9 161.1 161.3 160.3 156.9 155.7 154.6 154.2 154.2 154.7 156 160.3 157.4 152.7 153 152.9 152.9 153.1 153.6 154.6 155.9 152.6 151.4 150.3 149.2 147.3 146.9
141.8 143.2 144.9 146.6 147 146.7 146.7 146.6 146.6 146.2 145.7 145.1 144.9 144.8 144.7 145.1 145.5 145.8 144.2 144.7 145.4 145.3 145.1 145 144.5 143.8 143.1 144.7 145.4 146.3 147 148.9 151 152.5 154.2 149.9 149.9 149.7 149.5 149.4 149.9 150.2 150 150 150.8 152.1 152.3 152.1 151.8 152.3 153.8 156.5 158.3 159 157.6 155.2 153.1 152 151.7 152.2 152.6 152.1 153.4 153.7 156.1 153.8 151.8 151.2 151.7 151.2 151.7 152.1 151.9 151.4 150.5 149.5 148.7 147.9 147
141.2 142.1 143.8 145.5 145.9 145.7 145.4 145.1 145.1 144.8 144.2 143.6 143.4 143.7 144 144.4 144.8 145.1 143.9 144.9 145 144.9 144.5 143.9 143.2 142.9 143.5 144.6 145.4 146.2 146.9 148.6 150.1 148.8 148.8 148.5 148.4 148.2 148 148.2 148.7 149.4 148.6 148.2 149 150.8 150.6 149.2 149.2 149.5 151.1 153.5 156.2 156.2 153.5 152.3 150.6 150 149.9 150.6 152 151.7 151.5 152.1 153.7 153.1 152.6 151.7 151.3 150.8 150.5 149.9 150 149.9 149 148.1 147.3 147.2 146.4
141.1 141.4 142.7 144.3 144.9 144.6 144.4 144.1 144 143.6 143 142.4 142.2 142.5 142.7 143 143.2 143.5 143.9 144.8 144.4 143.9 143.3 142.7 142.1 141 143.4 144.6 145.4 146.2 147 148.9 147.6 147.4 147.3 147.2 147 146.8 146.6 146.9 147.8 148.8 147.7 146 146.4 147.4 146 144.2 145 147.5 149.2 151.6 153.5 152.4 149.8 148.3 147.7 148 148.2 149 150.6 152.2 151.3 151.3 151.7 153.1 154 153.8 152.9 152.1 151.4 150.7 149.8 148.9 149.4 148.8 147.8 146.8 146
141 141.3 141.7 143.2 144.2 144.2 144 143.9 143.8 143.1 142.5 141.9 141.5 141.4 141.3 141.1 141.4 142.7 143.4 143.8 143.3 142.7 142.1 141.5 140.9 140.7 143.5 144.2 144.5 144.7 145 146.2 145 146.1 145.8 143.9 143.4 143.7 145.3 146.3 147.3 148.1 146.6 144.4 142.7 141.8 141 141.3 144.4 145.7 146.6 147.8 149.1 148.4 146.4 146.2 146.2 146.6 146.6 147.3 149.1 151.9 152.8 151.3 151.9 155.8 157.7 155.4 154.2 153.4 152.7 151.7 151.9 151.4 151.4 150.5 149.5 147.8 145.2
140.8 141.2 141 142.6 143.4 143.9 143.8 143.6 143.4 142.7 142 141.3 140.8 140.5 140.5 140.4 141.9 142 142.4 142.7 142.2 141.7 141.3 140.6 139.9 142.2 142.4 142.7 142.8 142.9 143 142.1 141.6 142.1 142.1 140 138.9 139.5 143.1 145.2 146.6 147.4 145.7 142.8 140 138.2 138.4 139.7 142.3 142.6 143 144 145.6 146.1 145.5 145.3 145 145.4 145.6 146.3 147.9 150 152 154 153.6 154.2 156.5 156.7 155.7 154.7 153.9 153.8 154 154.1 153.1 152.1 150.3 148 145.3
140.8 141 140.5 142 142.7 143.2 143.5 143.4 142.9 142.2 141.5 140.8 140.2 139.9 139.6 140.9 141.1 141.3 141.5 141.6 141.1 140.6 140.1 139.4 140.2 141.3 141.4 141.5 141.8 141.9 141.4 139 138.1 137.7 138 135.8 134.3 135.2 138.3 143.5 145.8 146.7 144.9 143 139 136.6 137.1 138.5 140.5 140.5 140.6 141.2 142.4 143.6 144.5 144.4 143.8 144.2 144.6 145.2 146.4 147.7 149.8 151.7 153.5 154.5 155.3 156.3 156.3 155.4 156 156.4 156.2 157.9 154.4 153.2 151.3 148.4 146.6
140.8 140 140 140.5 141.9 142.4 142.9 143.1 142.5 141.8 141.1 140.4 139.7 139.1 139.8 140.1 140.3 140.4 140.7 140.4 140 139.5 139 138.8 140.4 140.6 140.7 140.7 140.6 140.5 138.6 136.4 134.5 135 135.8 133.7 132.8 133.1 133.5 138.9 144.7 145.5 144.2 142.3 138.8 136.1 135.5 137.6 139.5 139 138.5 138.9 140.1 141.6 142.9 143.5 142.8 142.8 144.1 145.1 145.2 146.4 148 150 152.3 155 156.4 156.5 156.4 156.8 157.6 157.8 158 158.4 156.1 154 152.8 150.6 148.2
140.9 140 140 140 140 140 141.9 142.4 141.8 141.2 140.7 140.2 139.4 138.8 139.4 139.6 139.8 140 140 139.5 139 138.5 138.4 138.4 138.9 139.1 138.3 138 137.9 137.8 136.1 134 133.3 132.7 133.2 132 132 132 132.2 135.4 142.2 144.3 143 141.4 137.5 135.7 134.3 136.8 138.5 137.6 135.6 136.7 138 139.4 139.9 139.8 139.9 142.7 146.3 146.5 145.4 145.8 147.4 149.1 151.8 154.3 156.7 157.3 157.3 158.2 158.7 158.9 159 158.9 156.8 154.8 153.9 151 149
140 140 140 140 140 140 140 141.1 141.3 141.1 140.7 140.2 139.1 138.3 138.9 139.1 139.3 139.5 139.1 138.6 138.2 138.3 138.3 138.1 137.6 137.6 137.4 137.6 136.9 135.9 134.2 133.1 132.5 132 131.4 131.1 131.1 131.1 131.2 132.8 138.3 141.1 140.5 139.7 137.1 134.8 133.4 133.8 136.3 134.6 133.3 134.3 135.9 136.4 136.9 138.1 140.6 143.8 145.8 145.9 149 152.4 149.3 149.1 152.7 158.9 163.3 158.7 158.8 159.6 159.7 159.9 160 159.6 158 156.2 153.7 151.3 150
140.8 140 140 140 140 140 140 140 140.8 140.6 140.4 140.3 139 138.9 138.4 138.7 139 138.6 138.2 137.9 137.5 137.6 137.8 136.8 136.5 136.4 136.3 136.3 136.3 136.2 133.7 132.4 131.8 131.3 130.6 130.2 130.3 130.4 130.4 131.1 134.7 137.6 139 139.2 137.6 133.8 132.9 132.2 131.9 132 133.1 134.1 134.9 135 135.6 137.6 139.5 140.8 141.4 142.1 143.7 145.1 146.6 149.1 152.4 156.7 160.9 159.7 160.3 160.4 160.6 160.8 160.7 160.3 159.1 156 153.3 152 150.2
140.7 140 140 140 140 140 141.1 141.5 140.8 140.5 140.2 140.2 139.7 138.4 138.1 138.3 138.1 137.9 137.5 137.2 137 136.8 136.6 135.5 135.4 135.1 135.1 135 135.1 134.6 133 131.8 131.2 130.7 130.5 130.1 130 129.4 129.8 130.4 132.8 136 138.7 139.8 139.6 133.3 132.3 131.5 131.2 131.4 132.8 133.8 134.1 134 135.2 137.4 138.9 140.2 140.3 141.1 142 143.5 146.2 149.3 152.7 155.4 157.6 159.1 160.5 160.9 161.5 162.3 161.5 160.9 159.2 155.5 153.4 151.7 150
141 141 141.2 141.4 141.2 141.2 142 142 141.4 140.3 140.1 140.1 140.1 139.1 138.2 137.8 137.4 137.1 137 136.9 136.8 136.6 136 135.1 134.4 133.9 134 134 133.9 133 132.2 131.3 130.7 130.7 130.7 130.7 130.3 130.5 129 129.6 130.8 133.7 136.1 137.5 140.2 134.4 131.6 130.8 130.7 130.8 132.6 133.6 133.4 133.1 134.8 137.7 140.1 140.3 140.9 141.5 145.3 144.6 146.7 151.8 153.8 155.5 157.6 159.4 161.5 161.6 162.2 162.3 162.1 161.2 158.3 154.9 153 151.4 149.7
141.1 140.8 140.8 141.3 141.7 141.6 142.1 142 142 141 139.9 140.2 140 139.4 138.4 137.3 136.9 136.9 136.8 136.7 136.6 136.7 136 135.3 134.6 133.8 133.1 132.8 132.3 132 131.5 130.8 130.8 130.9 130.9 130.9 130.9 132.7 133.9 129.1 129.5 131.6 134.7 136.2 137.4 134.2 130.7 130.5 130.1 129.8 131 131.8 131.8 132.9 135.2 140.1 143.9 145.7 145.4 146.2 145.2 144.8 150.6 156.3 158.1 156.8 158.5 161.2 167.5 166.8 161.6 161.6 160.4 159.1 157 154.5 152.5 150.9 149.6
139.9 140 140.4 141 141.7 142.1 142.1 142 141.9 141.7 141.2 140.6 140.3 140 139.2 137.5 136.5 136.5 136.4 136.4 136.4 136.8 136.4 135.7 134.7 133.8 133 132.3 132 131.5 130.8 130.7 131 131 130.8 130.6 130.4 130.7 130.9 129 129 131.3 134.4 134.9 134 130.9 129.9 129.3 128.7 128.8 128.4 129.2 130.7 133.7 136.2 140.5 142.7 144 141.2 142.7 142.9 141.7 146.4 153.6 158.1 157.4 157.9 159.8 162.4 166.9 161.6 159.4 158.2 157.4 156.1 153.7 151.9 151 149.9
139.2 139.6 140 140.7 141.3 141.8 142 141.9 141.8 141.7 141.3 140.8 140.6 140.5 139.8 137.7 135.1 136 135.9 135.8 135.9 136.6 136.9 136.2 135.4 134.6 133.7 132.7 132.4 131.8 130.8 129.9 130.4 130.2 130 129.7 129.6 130 130.1 129.1 128.5 130.3 132.1 131.5 129.7 128.7 128.4 128 127.5 127.8 126.1 127 129.7 132.9 136.5 136.6 137 138 138.7 139.3 139.9 141.1 145.3 149.5 154.7 157.2 157.5 158.7 158.7 161.7 161 157.4 156.6 155.9 155.2 153 151.8 150.7 149.6
138.2 138.9 139.6 140.1 140.6 141.1 141.5 141.8 141.7 141.6 141.4 141 140.7 140.6 140.1 138.2 136 135.8 135.7 135.6 135.3 136 136.7 136.8 136.3 135.5 134.2 133.2 132.8 131.9 130.9 130.4 129.9 129.5 129.1 128.9 129 129.8 129.3 128.5 127.9 128.4 129.8 128.8 127.6 127.3 126.7 126.7 126.4 126.7 124.4 125.1 128 132.9 135.5 136 136 135.7 136.8 137.6 139.1 141.8 146.8 152.1 154.4 156.2 157.5 157.6 157.8 158.6 157.6 156.4 155.9 155.4 154.8 152.9 152.1 150.6 149.3
137.2 137.8 138.4 138.8 139.8 140.4 140.8 141.3 141.5 141.5 141.4 141.2 140.8 139.5 139.5 139.1 136 135.4 135.1 134.7 134.9 135.5 136.2 136.6 136.6 136.3 134.9 133.7 133 132.3 131.3 130.4 129.6 128.8 128.6 128.3 128.7 129 128.4 127.9 127.6 127.7 127.5 127.6 127 126.2 126 126.1 126.1 125.4 125.3 124.4 127.8 131.2 134.1 136.6 135.8 135.4 135.5 139.8 140.8 141.1 148.1 148.6 149.3 151.1 154.3 154.9 156.4 157.4 156.8 155.6 155.1 154.6 154.5 154.6 152 150.5 148.9
136.1 136.7 137.3 137 138 138.8 139.6 140.1 140.8 141.1 141 141 141 140.8 140.5 140.4 138.5 135.6 134.9 134.5 134.6 135.1 135.7 136.3 136.4 136 135.7 134.2 133 132 131 130.1 129.6 128.9 128.5 128.5 128.3 127.8 127.6 127.8 127.5 128.1 129.6 128.7 127.5 126.7 127.9 128.7 128.6 127.3 126.5 124.9 128.2 131.9 133.8 136.3 138.6 135.6 133.9 135.6 139.2 139.2 145.2 146.4 147 148.8 151.2 151.6 152.6 155.4 156.8 154.8 153.9 152.8 152 152.1 151.1 149.5 147.8
135.6 135.7 136.1 136 135.9 136.9 137.6 138.7 139.6 140.6 140.5 140.5 140.5 140.5 140.2 139.9 139.5 137.6 135.2 133.4 134.1 134.7 135.3 135.9 135.1 134.6 134.3 134.1 133.1 131.8 130.7 130 129.6 129.2 128.8 128.7 128.6 128.1 127.8 128.2 128.4 131.4 129.9 129.1 128.3 127.6 128.6 130 130.6 128.8 126.2 124.8 131.5 132.9 133.2 135.7 139.2 137.2 132.7 134.1 134.5 136 139.9 143.3 145.1 148.5 150.4 150.6 151.7 154 155 153.7 152.3 151.5 150.6 149.9 149.2 148 146.9
135.5 135.7 135.9 135.9 135.9 135.9 136.7 137.7 138.3 139.5 139.9 139.9 139.9 139.6 139.3 139 138.6 138 135.7 133.2 133.8 134.4 135.1 135 133.9 133.5 133.3 132.7 131.7 130.8 130.2 129.9 129.5 129.6 129.1 128.9 128.8 128.2 128.2 128.5 129 130.5 130.5 129.9 129.2 128.4 129 130.7 132.2 128.1 124.4 126.4 131.2 131 131.2 133.1 132.7 131.8 132.7 135 135.7 135.4 139.1 142.4 143.9 147.3 151.9 151.7 150.6 151.8 153 154.9 151.7 150.5 149.3 149.7 149.4 146.9 145.3
135.5 135.8 135.9 135.9 135.9 135.9 135.9 136.5 137 138.1 139.4 139.3 139.1 138.8 138.5 138.2 137.9 137.5 136 134.1 133.4 134.2 135 134.1 133.5 132.8 132.2 131.3 130.7 130.3 129.8 129.6 129.4 129.6 129.4 129.1 128.8 128.3 128.5 128.8 129.7 130.9 130.8 130.6 130 129.3 129.5 131.2 132.7 128.4 124.4 124.4 126.9 127.6 129.9 131.6 132.8 131.1 132.3 136.4 136.5 136.3 138.8 140.8 142.4 144 147.6 149.7 149.7 150.8 150.7 152.2 151.7 149.2 147.2 146.8 147.8 145.2 143.6
135 135.6 135.9 135.9 135.9 135.9 135.9 135.9 135.9 136.4 138.8 138.9 138.8 138.7 138.5 137.8 137.1 136.7 136.4 134.5 132.6 134 134.2 133.4 132.7 132 131.4 130.9 130.2 129.7 129.3 129.2 129.4 129.5 128.9 128.5 127.7 128 128.9 129 130.2 131.2 131 130.8 130.6 130.1 130 131.7 132.7 129.8 124.8 124.4 124.4 125 129 131.3 136.8 131.3 132.2 132.1 132.7 134.5 138.3 140.5 142.2 144.2 145.1 146.8 148.4 148.1 147.8 147.6 147.5 147.5 145.5 144.3 143.8 142.9 142
134.5 135.5 135.9 135.9 135.9 135.9 135.9 135.9 135.9 137.1 138.3 139.1 139 138.9 138.5 137.9 137.2 136.5 135.9 134.4 132.7 133.1 133.2 132.5 131.8 131.2 130.8 130.7 129.9 129.1 128.4 128.4 128.9 129.1 128.6 127.2 125.5 125.7 127.9 128.6 127.6 130.9 131.2 130.8 130.7 130.6 130.5 131.2 131.9 131.5 125.5 124.4 124.4 125.3 129.4 130.3 130.1 131.2 131.7 131.2 130.9 133.7 137.7 140.9 142.1 143.7 144.4 145.8 146.9 146.6 146.4 145.6 144.7 144.4 143.4 141.7 140.8 141 139.7
135.1 135.5 135.9 136.6 135.9 136.3 136.6 135.9 136.4 136.6 137.9 139 139.2 139 138.6 137.9 137.2 136.6 135.9 135 132.7 131 131.9 131.9 129.7 130.4 130.5 130.1 129.6 129.4 127.1 127.6 128.1 130.6 128.4 124.6 124.8 124.4 124.7 125.4 125.5 129.1 131 130.5 130.1 129.6 126.7 127 129.5 130.1 124.8 124.4 124.4 127.8 130.3 130.7 129.7 129.7 130.4 129.5 129.5 131.4 134.5 137.8 140 141.4 143 145 148 146.8 145.3 143.8 142.9 142.5 142.2 140.2 137.3 135.8 136.7
135.4 136 136.6 137.3 138 138.2 138.5 137.2 137.4 137.1 137.5 138.6 139.4 139.2 138.6 138 137.3 136.6 136 135.3 134.2 133.1 131.8 132.3 132.5 132.2 130.7 129.3 129.3 131.5 129.5 127.6 126.9 127.4 124.4 124.4 124.4 124.4 124.4 124.4 125.4 127.3 127.5 125.1 126.5 124.6 125.5 124.6 126.4 124.4 124.4 124.4 124.4 128.2 130.6 132.7 133.2 127.8 127.9 127.9 129 130.3 132.5 135.4 137.8 138.8 140.9 143.2 144.6 144.9 144.3 142.3 141.3 140.1 138.7 138.6 136.6 133.2 131.9
135.3 136.1 136.7 137.4 138.3 138.6 138.9 138.6 138.4 138.1 138.1 138.4 139.3 139.4 138.7 138 137.4 136.8 136.3 135.7 135.2 134.6 133.5 133.9 132.5 130.4 128.8 128.1 129.1 129.7 130 128.8 128.6 127.2 126.2 125.3 124.4 124.4 124.4 124.4 124.4 124.4 124.4 124.4 124.4 124.4 127.1 124.4 124.4 124.4 124.8 124.4 124.9 128.7 130.6 132.9 130.1 128 126.9 127.7 128.8 130 131.1 133.9 136.4 137.8 139 139.4 140.7 142.4 142.1 140.2 138.5 137.5 135.7 133.9 131.8 129.9 128.5
135.2 136.1 136.8 137.4 138.5 139 139.2 139.5 139.3 139 138.7 139 139.3 139.4 138.9 138.4 137.9 137.3 136.8 136.3 135.7 135.2 134.5 132.1 129.1 128.1 127 126.4 126.4 126.4 128.9 130.6 131.2 129.8 127.3 127.9 125.9 124.4 124.8 124.4 124.4 124.4 124.4 124.4 124.4 124.4 124.4 124.4 124.4 125 126.3 125.6 124.4 127.5 128.3 128.5 126.4 127 127.5 127.9 128.2 128.5 130 132.3 135 135.9 136.3 136.7 137.5 139.5 139.9 138.3 135.6 133.1 131.4 131.6 129 128.3 125.2
135.2 136 136.9 137.6 138.8 139.3 139.7 140 140.2 140.2 139.7 139.7 139.6 139.7 139.4 138.9 138.4 137.9 137.4 136.8 136.3 135.2 133.7 130.4 128.5 127.2 126.4 126.4 126.4 126.4 128.7 129.8 132.2 128.9 124.4 129.8 128.5 127.2 124.8 124.4 124.4 124.4 124.4 124.4 126.8 125.5 124.4 124.4 124.4 124.4 124.4 124.4 124.4 124.4 124.4 124.4 125.7 127.1 126.8 126.1 126.2 127.9 129.1 130.7 133.1 133.2 133.6 134 134.6 135.8 136.3 135.1 132.7 131.8 128.2 127.6 125 126.2 124
135.3 136.1 136.9 137.8 138.9 139.9 140.3 140.7 140.8 140.8 140.8 140.2 139.9 139.7 139.8 139.6 138.9 138.4 137.9 137.3 136.6 135.1 133.8 132 129.7 127.1 126.4 129.8 128 127.9 127.3 127.2 127.7 126.7 124.4 126.3 125.1 124.4 124.4 125.8 124.4 124.4 124.8 128.2 125.2 124.4 124.4 124.4 124.4 124.4 124.4 125.4 125.2 124.4 124.4 124.4 124.7 124.9 124.4 124.4 124.9 127.1 128.5 129.3 130.8 130.9 130.8 131.2 131.6 133.5 134.1 130.8 128.3 129.7 130 126.7 121.7 123.4 120.9
135.4 136.2 137.1 138 138.9 139.9 140.9 141.3 141.4 141.4 141.2 141 141.1 140.6 139.7 140 139.7 139 138.4 137.7 136.7 135.4 134.7 132.8 130.7 128.5 126.4 126.4 126.6 127.1 126.3 125.5 126.4 124.6 124.4 124.4 124.4 124.4 124.4 124.4 124.4 124.4 128.9 124.4 124.4 124.4 124.4 124.4 124.4 124.4 125.9 128.4 127.2 124.4 124.4 124.4 124.4 124.4 124.4 124.4 124.4 127.6 127.8 127.8 128.3 128.8 128.7 128.6 128.8 130.1 130.3 128.7 125.6 123.4 124.3 121.1 118.6 121 117.8
