data/260000-110000.asc
ncols 200
nrows 200
xllcorner 260000
yllcorner 110000
cellsize 50
[rows 0 to 34 of 200, columns 0 to 79 of 200]
170 169.3 167.5 166.7 166.1 166 165.2 163.9 164.7 164 163.5 164.5 165.9 167.7 169.8 172 174 176 178 179.7 181.6 182.7 181.3 176.9 170.1 163 154.7 144.1 130.1 114.8 105.2 98.4 93.9 90.1 82.7 76.8 66.8 54.7 46.4 38.7 30.6 24.4 27.8 27.1 26.9 30.5 39.2 42 45.4 50.1 62.1 69.4 71.5 73.1 74.8 79.2 81.9 83.2 81.8 80.4 78.7 76.7 74.9 70.7 65.1 60.1 57 55.2 53.3 51.6 51.4 51.8 52.4 53.3 54.6 56.4 58.5 60.1 59.9 61.4
169 167.4 165.3 163.6 163.1 163.3 163.3 161.1 161.4 161.6 161.6 162.9 164.2 166 168.3 170.3 172.4 174.2 176 177.3 179 178.6 175.3 170.8 164.8 157.2 148.3 135.9 114.2 97.9 85.8 78.3 72.3 69 62.2 56.2 50.7 43.6 37.8 34.4 29.4 27.2 28.4 27 27 33.5 40.2 42.8 46.3 53 61.8 66.7 70.6 72.7 75.8 78.5 81 82.5 81.6 79 75.5 70.5 66.2 62 58.5 56.1 53.3 51.1 48.7 46.5 45.1 45.1 45.2 45.8 47 48.5 50 51.1 51 50.1
166.6 164.4 162.4 160.6 160.2 160.4 160.7 159.2 159.5 159.6 159.9 160.7 162.6 165 166.1 168.8 170.6 172.5 174 175.3 175.6 173.6 170.1 166 159.1 151.9 141.1 124.8 105.4 88.3 77.8 73.8 70.1 66.1 61.4 60.6 61.5 52.5 38.6 33.3 25.4 27.7 28.9 27.2 28.3 36 39.9 44 47.4 53.6 58.2 62.7 66.4 70.8 73.9 78.3 80.3 81.5 79.7 76.3 70.3 64.4 59.4 56.2 54.1 51.7 48.8 45.7 43.7 41.4 39.5 38.9 38.7 34.6 35.5 37 38 37.3 37.1 36.2
164.1 161.8 159.4 157.7 157.2 157.3 157.9 157.2 158.1 158.3 157.6 158.8 161 164 165.4 167.6 169.6 171.5 172.7 172.7 172.3 169 165.4 160.9 152.3 144.1 133.3 115.9 98.4 87.4 89.5 88.4 86.2 83.3 81 82.2 79.6 67.5 52.3 35.7 26.1 27.9 28.9 27.5 29.6 37.1 39.9 43.5 47.7 52 56.2 61 65.2 69.9 74.5 78.5 80.8 81.5 78.2 71.4 64.6 59.3 55.2 51.2 48.2 45.2 42.1 40.9 39.5 37.9 32.7 29.3 29.3 29.3 29.3 30 31.7 31.9 31.7 29.3
161.6 159.2 156.2 153.9 153.9 153.7 152.8 154.3 157.2 158.5 159.5 160.4 161.3 164 166.2 168.5 169.8 170.8 171 171.2 169.2 166.7 162 154.2 145.4 135.5 124.1 109.3 99.7 100.4 102.5 103.8 102.8 100.9 100.7 99 96.2 82.7 59.7 38 26.5 27.8 28.3 27.2 30.4 37.2 41 44.8 48.5 51.8 56.8 62.5 67.3 71.9 76.5 80.3 83.3 83.5 77.2 69 62.2 56.1 51.7 47 41.4 37.2 35.1 34 32.3 29.3 32 31.8 31.9 32 32.1 31.9 32 32.1 32.1 32
159 156.4 152.3 149.9 149.8 151.4 154.3 157.3 158.8 160.2 161.5 162.2 163.4 165 167.2 169.3 170.6 171 171.2 168.9 166.1 161.3 153.8 144.1 136.3 126.7 118.4 117.5 115.4 116 116.9 117.8 117.9 117.7 116.4 112.9 106 85 59.8 38.9 28.4 27.5 27.5 27.3 30.4 38 41.8 45.5 50 53.8 58.5 64.8 69.9 74.6 79.1 83 85.2 84.2 76.8 68 59.3 53 47.1 40.9 36.4 32.8 32.1 31.6 29.3 31.7 31.8 31.9 32.1 32.2 32.3 32.2 32.1 32 31.9 31.9
156.4 154 148.3 147.5 151.4 155.2 157.8 159.7 161.4 162.8 163.9 164.7 165.5 166.2 168.2 170.1 171 171.3 170.2 166.7 160.6 154.5 145.8 137.9 130.3 128 127.3 129 129.5 130.2 131.9 130.8 130.6 129.9 128.9 123.1 113.8 91.9 66.7 43.1 28.2 27.7 27.4 27.7 30.8 37.2 42.5 46.9 51.5 56.9 62.1 66.8 72.2 77.1 81.1 84.3 84.7 81.5 75.1 65 54.3 45.9 40 34.5 31.8 31.6 31.6 30.9 29.7 31.8 32 32 32.3 32.4 32.4 32.5 31.9 31.9 31.8 31.8
153.7 149.8 148.6 153.8 156.2 158.3 160.3 162.1 164 165.2 166.2 167.3 167.8 168.1 169.8 170.5 171.2 170.5 168.8 165.2 159.5 155.4 147.6 142.1 138.4 135.6 135.7 137.9 139.5 146.2 148.5 145.8 142.8 140 135.9 128.7 117.6 97 70.4 42.7 33.4 28.1 28 29.5 30.9 37.1 43.2 48.5 53.5 59.5 64.9 68.9 73.4 77.9 81.6 84 82.9 78.9 70.1 55.7 42.7 37 33.5 30.8 30.5 29.1 29.3 30.6 31.6 31.8 32.1 32.2 32.4 32.6 32.6 32.8 31.6 31.7 31.6 31.7
145.2 146 151.7 156 158.5 160.7 162.6 164.5 166.4 167.6 168.6 169.3 169.2 169.6 170.3 171 171.4 171.3 169.7 167.5 165.1 161.3 157.2 153.4 150.3 146.9 146.9 152.3 157.1 164.5 164.1 159.2 153.6 146.7 138.5 129 118 98.1 75.6 44.7 34.6 28.1 28.4 28.7 29.5 36.3 42.1 47.6 53.7 60.4 65.6 70 74.6 78.3 80.6 81 77.8 67.6 52.4 39.9 33.5 31.8 29 30.7 30.4 31 31.2 30.9 31.5 31.9 32.2 32.3 32.6 32.8 32.9 33.1 31.3 31.4 31.5 31.5
146.6 151.8 154.4 157.4 160.8 163 164.9 166.9 168.8 170 170.3 170.7 170.6 170.1 170.5 172.3 173 172.9 171.8 169.9 168.6 167.4 167.1 165.7 165.2 164.1 165.7 169.8 171.4 172.6 170.9 165.1 159.1 151.1 142.9 133.2 123.1 110.7 87.6 57.3 36.9 28.2 28.5 28.7 28.9 34.1 40.9 46.5 52.3 58.9 65.1 69.4 73.4 75.2 73.5 64.6 57.4 45.7 35 31.9 30.7 29 30.8 30.9 30.4 30.7 31.2 31.6 31.6 32.3 32.3 32.5 32.8 33 33.2 32.5 31.1 33.4 31.9 32.2
151.9 156.3 158.3 159.7 162.5 165.3 167.1 168.8 170.1 170.7 171 171.8 172.4 172.4 173.2 174.5 174.9 174.7 174 172.9 171.9 172.7 174.4 173.9 174.2 175.1 174.6 173.7 172.3 171.6 170.6 167 163.3 155.3 146.3 137.3 128.3 119.4 99.8 68.7 41.4 29.9 28.5 28.7 29.1 31.1 35.1 41.8 48.4 54.7 59.3 62.5 62.7 59.7 54.5 45.5 35.5 28.6 28.9 28.9 31 31 31.3 31.3 30.8 30.8 31.3 31.8 32.1 32.5 32.1 31.1 32.1 32.9 31.3 31.4 31.8 32.6 32.6 32.6
157.4 159.6 161.6 163.1 164.6 166.1 167.5 169.1 170.5 171.2 172.1 173 174.1 174.9 175.3 175.6 175.6 175.2 174.8 173.8 173.8 174.6 174.3 172.9 172.9 172.8 172.2 170.5 169.4 168.4 166.5 164.1 160.1 153.5 146 137.5 127.8 117.2 98.7 73 45.1 35.3 29.5 28.4 28.5 29.8 32.3 33.9 38.5 42.6 45 45.9 44.9 43.3 39.1 28.3 28.8 29.7 30.5 30.9 31 31.2 31.3 31.6 31.5 30.7 31 31.2 32 32.3 32.1 32.1 32.5 32.5 32.4 32.5 33 33.8 34.2 34.3
159.9 161.3 162.4 163.4 164.5 165.8 167.1 168.5 170.2 171.6 172.9 174.3 175.3 175.8 176 176.2 175.8 175.3 174.9 173.5 172.4 171.6 170.2 167.9 167.5 167.1 166.7 166.4 165.3 164.4 163.4 161.3 156.4 150.8 142.9 132.4 124 118.6 111.7 95.5 71.8 47.6 35 30.7 28.5 29.7 30.2 30.3 31.3 31.7 32.4 32.5 32.4 30.5 27.9 29.2 28.7 29.6 30.7 30.7 30.9 31.3 31.5 31.8 32.2 32.4 32.7 34.2 36.4 33.4 32.2 33.4 34 33.4 33.9 34.4 35.4 46.3 48.8 46.7
159.2 160.8 162.1 163.1 163.2 164.9 166.6 168 169.6 171.1 173.1 175.5 176.2 176.5 176.7 176.3 175.8 174.9 173.2 171.8 169.6 167.3 163.4 160.4 160.8 160.5 160.3 160.2 160.9 161 160.9 158.9 154.4 149.3 146.5 145.2 141.7 135.8 130.9 119 96.3 73 49 36.3 30.9 29.1 29 29.8 28.7 28.8 29.7 29.4 30.2 27.3 28.9 29 29.5 30.1 30 30.1 31 31.5 32.2 35.7 37.6 33.6 40.7 50.2 56.2 55.7 55 50.7 48.6 50.1 50.9 55.7 59.7 66.8 73.9 75.7
157.6 160 161.1 161.6 161.8 162.8 164.1 166.1 168 169.7 172.5 174.9 176.6 177 176.8 176.2 175.8 174.4 172.9 171.2 168.8 164.4 159 152.5 151.8 151.8 152.7 153.7 155.1 156.5 157.6 157.3 155.2 153.7 151 145.5 140.5 136.6 134.8 129.8 120 100.7 78.9 56.6 35.2 32.6 30.9 30.9 28.7 28.8 29 27.3 29.4 31.1 31.2 31.4 31.5 30.9 32.4 33 37.3 44 50.2 58.6 60.5 49.7 41.8 41.2 46.4 50.5 53.7 55.4 57.7 61.6 69.2 75.1 76.7 80.8 84.9 85.5
155 158.1 158.9 159 158.8 159.5 161.6 163.8 166.2 168.6 171.8 174.3 176.5 177.1 176.7 176.2 175.4 173.9 172.4 170.8 170.8 168.2 163.7 158.7 151.1 140.7 144.8 147.7 150.4 152.3 154.5 156.3 156.9 153.6 147.2 139.2 133.2 130.5 127 122.7 121.4 117.3 101.1 81.6 60.4 39.4 30.4 28.3 28.4 28.9 29 29.8 29 30.5 30.9 31 35.5 38.3 39.5 46.2 51.6 57.9 67.2 71.6 73.8 71.4 61.4 53.1 50.6 51 52.4 53.6 53.3 52.7 59.3 69.3 81.1 87 88.5 87.7
149.2 152.7 154.4 155.1 153.6 156.5 159.1 161.6 164.8 167.8 171.1 174 176.2 176.9 176.5 176.1 174.9 173.4 171.6 170.1 170.2 168.3 164.4 159.9 154 145.3 136.5 141.7 143.8 147 149.5 152 153.2 149.2 142.3 134.1 125.9 118 110.5 103.7 103.9 103.4 91.2 74.4 58.5 44 32.7 34 29.4 30 30.9 31.1 33.2 35.1 38.3 41.3 45.5 47 46.9 47.9 60.4 69.3 76.1 81.8 84.6 83.9 80.7 72.9 66.3 62.7 61.6 61.8 62.7 59.9 56.7 58.4 71.4 86 91 89.4
142.3 146.1 147.8 148.1 152.6 156.2 159.2 161.6 164.9 168.4 171.5 174 176.3 177.3 177.2 176.3 174.9 172.2 170.6 169.5 169.2 167.8 165.1 160.8 153.1 145.2 125.8 129.9 133.8 138 143.6 145.7 146.7 143.1 134 122.1 109.8 98.8 90.8 82.9 81.2 79 71.6 55.3 42.9 37 44.3 42.1 38.7 37.7 38.6 39.7 41.2 43.2 45.7 48.5 50.7 52.1 53.2 50.2 64.2 78.1 88 92.2 94.9 95.9 93.8 89.1 84.5 77.9 75.1 73.7 74.5 71.9 66.9 60.1 64.6 85.6 91.5 92
141.4 144.1 147.5 151.7 156.9 160.2 162.8 165.6 167.9 170.4 172.8 175.1 176.5 177.7 177.1 176.3 175.1 172.6 168.7 166.9 167.3 166.5 164.2 161.2 154.8 146.8 133.9 117.2 120.2 125.4 129.6 131.6 130.6 124.9 119.2 103.8 90.1 79.3 70.9 63 60.1 56.5 50.9 43.7 50.5 55.4 55.7 52.1 48.6 46.5 46.7 47.3 48.3 50 51.6 54.8 59.2 61.4 62.4 56.8 67.3 84.7 98.4 102.4 105.3 105.7 104.4 100.1 96.4 93.3 91.1 88.2 86.8 82.4 76.6 68.5 62.6 82.9 95.7 97.9
143.3 146.1 153.3 157.5 160.9 163.6 166.3 168.5 170.5 172.2 174.3 176.6 177.5 177.8 176.8 176.2 175 172.4 167.5 160.7 159.8 161.6 162.4 160.3 153.6 143.4 128.2 110.2 105.5 110.8 113.5 114.5 110.1 105.3 96.8 84.7 72.1 73 78.7 78.4 70.3 56.8 55.8 63.1 64.4 64.1 66.1 66 63.6 59.1 57 56 56 57.2 60.9 65.3 68.8 71.2 72.2 65.6 73.5 90.1 103.5 110.1 112.7 112.7 110.9 108.5 105.8 103.1 100.4 97.9 95 91.4 85.4 75.5 64.9 83.5 97.7 102.5
146 148.2 156.3 160.4 163.6 166 168.9 170.9 173 174.8 176.4 178.1 178.4 177.6 176.4 175.9 173 170 165.5 159.8 152.4 155.7 157.6 154.5 145.4 131.3 117 110 108.1 99.5 97.5 97 91.7 85.3 79.3 81.7 87.1 93.1 96.7 92.2 81.1 62.6 67.6 76.8 78.2 78.2 82 82.3 80.9 75.6 70.7 68.7 68.7 70.9 74.5 76.9 79.2 81.1 81.4 70.2 81.1 96.2 109.3 116.1 118.9 118.8 117.1 114.7 112.6 110 107.3 104.2 102.3 100.2 95.1 76.3 70.5 89.2 100.8 105.5
153.3 145.1 156.4 161.6 164.8 167.8 170.8 173.1 175.2 176.9 178 178.9 178.9 177.3 176.1 173.6 171 166.9 162.3 160.3 153.6 149.7 149.8 144.5 133.9 124 127.8 127.9 121.2 107.5 96.4 98.7 99 98.3 101.6 104 108.4 113.5 110 100.5 88.7 68.6 78.7 90.1 94.9 99.9 102.6 99 98.2 94.3 88.8 86.4 86.7 88.7 89.6 92.3 94.2 94.6 82.2 79.7 91.7 104 115.2 121.8 124.9 124.9 123.3 121 118.9 115.8 112.3 108.9 106 102.9 93.4 74.2 74 91.1 102.3 107.6
159.4 150.2 149.3 158.4 163.6 167.3 170.1 172.7 175.2 176.5 178.5 179.1 179 177.8 176.2 174.9 172.4 171.2 170.5 168 162.6 148.9 140.4 135.6 132.5 138.6 143.3 143.4 134.3 115.7 102.5 115.6 122.4 122.7 123.9 126.1 128.5 128.8 121.1 109.1 94.3 75.1 84.6 97.7 110.3 116.3 114.7 114.1 112.8 110 106.8 103.6 104.1 105 105.8 108 106.5 98.1 80.3 92.5 104.4 112.9 121.7 127.9 130.2 130.4 128.7 126.1 123.3 119.7 115.2 110.9 106.6 101.6 89.2 73.7 77 89.4 97.3 102.9
164 158.3 151.7 152.2 160.2 164.2 167.8 170.4 173 175.8 177.8 179.1 179.5 178.7 178.5 178.4 177.5 176.3 175.5 173.2 167.9 159 151.1 149.2 150.4 154 155.5 152.7 144.2 124.9 109 124.7 141.8 145.8 145.1 143.4 141.3 139.4 132.4 118.2 99 81.4 86.5 106.2 123.6 128.6 128.5 127.4 125.1 122.3 119 116.2 116.9 117.5 116.4 114.9 110.1 99 88.7 104.6 113.8 120.5 127.3 133.6 136.2 136.6 133.6 130.1 127.1 122.1 117 111.5 106.6 100.7 88.5 73.6 79.2 85.2 91.8 98.2
166.6 163.6 159.3 151.9 154 160.7 164.7 167.8 170.9 174 176.9 179 180.3 180.6 180.1 180.6 180.9 180.5 179.5 177.2 172.4 168.4 164.8 162.3 161.9 161.5 161.1 157.1 149.1 129.6 114.1 132.5 152.5 157.7 156.3 154.5 150.2 145.4 140.2 123.6 103.7 91.1 87.9 111 127.9 141.5 141.1 137.9 135.2 132.7 129.5 127 124.6 124.7 122.9 118.3 113.3 102 95.2 110.7 118.4 125.3 133.8 139.4 142.1 142.1 138.7 135.3 131 124.6 117.8 111.6 105.6 99 87.4 73.7 83 91.1 95.4 100.1
168.4 166.1 162.6 158.4 151.4 156.4 161.6 165.1 169.2 172.4 175.7 178.4 180.4 181.5 181.6 182.5 183.4 183.3 182.1 180.5 177.4 174.5 172 167.9 167.4 166.5 163.5 158.9 150.6 132.1 119.4 136.8 156 164.3 165 161.6 155.6 145.4 137.3 126.1 115.1 102.4 89.2 109.1 127.5 144.8 147.9 146.5 144.2 141.9 139.5 137.4 134.5 131.9 128.8 124.6 119 106.2 96.3 114.1 121.5 129.7 138.2 144.3 146.3 145.5 142.2 136.2 130.4 122.6 115.1 107.7 100 90.4 83.5 77.2 83.8 95.9 101.1 105.1
169.6 166.9 163.1 161.2 157.5 151.8 159.3 163.2 167.5 171 174.2 176.9 179.6 181 182.1 183 184 185 184.5 183 180.9 177.3 174.4 172.5 169.9 165.9 160.1 152.7 140.7 126 128.9 145 159.2 166.6 167 163 156.7 147.8 142.1 139 131.3 112.7 93.1 108.7 127.6 147.1 153.5 153.6 152.5 150.6 148.8 146 142 138.5 136.3 132.2 124.6 109.5 97.1 106.9 117.7 123.9 134.1 141.7 145.3 145.3 140.8 134.7 127.7 120.9 116.4 111.2 106.9 101.4 92.7 82.9 84.4 97.6 105.1 110.2
169.3 166.6 163.7 160.4 158.1 154 155.9 160.9 164.9 168.5 171.6 174.5 176.7 178.8 180.7 182.5 184.1 185.3 185 184.3 181.6 176.9 173.2 170.5 166.8 161.4 152 139.5 127.2 130.6 143.5 155 163 168.9 169.1 166.4 160.6 154.8 150.1 145.2 139.3 119.7 102.5 110.7 130.4 149.1 158.3 160.4 159.9 157.5 153.8 150.5 147.1 144.1 140.3 132.7 118.4 105 108.1 114.6 115.7 117.6 129 137.7 142.1 142.4 139.5 135.1 129.8 126.5 123 118.5 113.8 108.3 101.5 88.7 83.2 96.2 107.1 112.9
166.9 164.4 161.1 158.1 154.6 153.8 154 157 161.8 165.5 169.1 171.5 174 176.5 178.6 181.5 183.6 185.5 185.2 184.2 180.7 175.7 171.6 166.7 162.3 151.6 138.2 136.9 132.1 142.6 155 161.7 166.4 171.6 171.8 169.7 166.2 161.7 157.5 153.5 147.8 132.2 115.8 111.6 131.3 149.2 160.3 163.4 162.4 160.5 155.1 151.2 147.8 144.3 138 124.9 112.5 115 124.2 129.5 129.6 131 131.1 136.6 140.3 141.4 141.1 139.7 136.9 133.9 131.8 128.8 123.8 117.2 108.8 96.3 82.8 95.7 108.1 114.2
164.8 161.3 157.1 155.5 157.3 158 158.5 158.3 158.4 162.3 166.4 168.5 170.9 173.7 177.1 180.4 183.6 185.4 185.1 183.7 180 174.5 168.4 161.3 153.5 150.6 151.3 149.6 142.4 149.3 161.3 166.5 171.1 174.9 175 173.9 171.1 167.5 164.2 160.4 154 142.5 126.6 112.2 131.7 150 160.3 164.2 164.1 160.4 155.1 149.1 144.5 138.7 128.6 124.1 126.5 130.8 135 139 140.3 140.3 137.3 137.3 142 144.3 145.4 145.3 145.4 143.9 141.5 137.8 132.8 125.7 117.7 106.6 89 93.4 105.3 113.5
162 158.5 157.2 160.3 162 162.4 162.3 162.2 163 162.6 164.7 166.4 169.2 172.2 175.7 179.2 182.3 184.2 185.1 184 179.2 173.4 165.5 161.1 161.3 162.8 161.8 161.1 157.8 153 164.4 170 174.2 177.7 178.5 177.6 174.3 171.7 168.7 165.1 159 150.4 135.9 115.9 136.7 152.6 161.9 166.2 165.3 162 156.8 148.3 140.4 136.1 134.1 136.6 138.8 142 145.4 147.6 149.4 149.4 149.2 147 148.3 148.2 150.9 151.6 151.2 150.8 148.9 145.2 140.8 133.4 123.1 108.5 94.3 89.8 103.2 114.3
159.1 160.9 164 165.6 166.2 166.1 166 166 166.5 166.3 164.9 167.8 169.9 172.2 175.2 178.3 181.4 183.4 184.7 184.1 179.8 175.5 171.6 169.4 170.5 170.3 169.7 167.7 159.6 159.5 168.7 172.7 176.8 180.1 180.3 178.9 174 170.8 166.4 162.1 156.7 148.6 135.9 125.5 143.5 157.7 165.2 168.7 168.4 166.9 163.4 157.9 153.9 150.1 148 149.6 150.2 151.6 154.3 156.5 158.1 159.1 159.8 159.1 157.7 156.8 157.6 157.6 158.3 157.7 156.2 152.4 148.1 141 129.3 112 100.1 91 100.2 115.4
161.2 165.4 168 169.8 170.1 170 170 170.1 169.9 169.7 168.3 170 173.3 175 176.3 179 181.4 183.2 184.8 184.3 183.2 181 177.3 175.8 175.5 174.8 172.9 169.6 157.4 166.5 172.3 175.9 179.2 180.4 178.3 174.6 170.5 166 160.5 154 147.2 137.6 131.4 138.9 152.1 163.2 169.7 172.4 172.4 171.3 169.3 167.2 165.1 162 160.6 160.5 160.5 160.5 161.7 165.2 166.9 168.1 167.7 167.2 166.4 165.8 165.8 165.8 165.6 165.4 163.8 160.3 155.6 148.3 137.8 123.9 108.7 98.6 95.7 110.7
164.5 169.2 171.7 173.3 174 174.3 174.4 174.5 174.3 173.7 171.6 172.4 176 178.2 179.4 180.1 182.4 184.2 185.8 186.3 185.9 183.8 181.4 180 178.9 177.1 170.9 164.3 162.3 170.6 174.8 177.6 179 178.3 175.3 171.2 166.4 160.9 154 146.5 144.9 147.1 150.5 156.6 162.2 169.5 174.4 177.4 177.1 176.3 175.1 173.6 171.6 170 168.9 167.9 167.1 168.1 168.6 170.4 172.7 173.7 173.7 172.9 173.9 174.2 174 173.9 173.5 172.4 170.8 167.9 162.1 153.9 144.6 133.3 118.7 106.3 97.5 103.8
165.5 171.7 175 176.8 177.5 178.4 178.8 178.8 178.6 177.7 175.4 174.9 178.6 180.6 181.8 182.4 183.5 185.3 187 187.6 188.3 186.2 183.5 181.2 180 175.8 167.3 170.3 171.2 172.4 175.4 177.2 178.3 177.2 173.6 167.2 162.9 158.9 158 160.5 162 162.8 166.3 169.1 172.2 175.1 178.7 180.8 181.3 181.5 180.8 179.2 178.1 176.3 174.2 173.5 173.3 173.3 173.3 174 175.2 177.4 179.1 179.2 180.7 180.9 181.4 180.7 179.7 178.6 176.2 172.3 166.4 155.9 144.6 133.6 123.2 110.3 103.4 96.5
