data/260000-770000.asc
ncols 200
nrows 200
xllcorner 260000
yllcorner 770000
cellsize 50
[rows 140 to 174 of 200, columns 78 to 155 of 200]
417 414 414 414.3 414.7 415 415.5 416.2 417.1 418.1 418.6 419.1 420 418.9 416 419.8 418.6 421.4 423.4 428.6 436 446.6 448.8 460.3 471.5 479.9 491.2 500 507.6 516.7 519.1 524.2 528.9 530.9 532.8 532.7 533.2 532 534 536.2 539.5 531.5 542.6 550.5 556.4 564.8 573.1 582.4 591.9 602.6 611.4 620 625 628.4 629.7 629.5 627.3 618.8 611.3 605.4 602.6 600.8 597.2 581.7 575.9 592.7 607.5 619 628.6 637.3 648.2 658.5 667.2 673.9 675.5 672.7 667.1 656.7
419.5 414 414 414 414.2 414.4 414.9 415.5 416 416.7 417.2 417.8 417.3 416.5 415.5 418.7 417.8 417.5 418.8 422 424.2 433.5 441.1 444.9 450.2 461.5 470.6 478.6 485.9 492.9 497.1 501.6 508 511.1 514.5 516.4 519.2 520.7 523.9 527.3 526.1 520.3 539.9 544.4 549.2 557.8 566.8 575.9 585.6 596.8 606.5 615.6 622.1 624.9 625.5 625.4 620.7 611.9 604.2 598.5 595.3 593.4 589.2 567.1 576.2 592.1 601.7 612.9 625 633.5 645.5 657.6 666.9 678 685.6 679.6 671.6 660.1
425 416.1 414 414 414 414 414.3 414.8 415.5 415.3 415.9 416.3 416.4 415.6 414.2 414.4 416.9 412.8 415.1 418.1 419.7 422.9 425.9 434.1 441.8 448.1 452.8 458.3 465.9 471.4 477.9 482.4 488 493.2 497.3 500.2 503.7 505.8 512.3 515.4 499.7 518.2 530.6 535.4 541.5 549.2 559.1 568.6 579.1 589.7 601 610.8 618.1 620.8 619.8 620 613.1 604.9 597.1 591.5 587.1 585.2 580.6 556.8 573.9 585.4 595.2 606.8 619.4 629.4 641.6 653.9 666.1 677.1 686.4 685.3 675.7 663.3
427.9 419 414 414 414 414 414 414.6 414.7 413.9 414.3 414.5 414.8 414.4 413.5 412.6 412.4 411.4 413.1 415.2 416.5 417.6 418.6 422.9 430.2 436.7 440 447.7 451.2 456.2 462 466.8 469.7 477 481 483.4 489.6 494.1 501.8 504.2 488.3 511.5 519 524.8 532.4 539.2 549.4 559.6 570.2 580.8 591.4 600.9 608.8 612.6 612.3 610.6 604.2 595.8 588.2 584.3 579.9 576.7 574.3 553.1 561.4 573.8 589.5 601.9 614.7 626.4 637.7 649.3 661.6 672 678.8 680.7 674.7 663.9
431.2 422.9 416 414 414 414.4 418.7 414 413 411.9 412.4 412.9 413.8 413 412.7 411.8 409.5 411.1 410 413.4 413.2 414.4 413.8 415.8 419.2 424.3 430.6 435.1 439.1 446.3 451 458.6 461.4 462.1 466.6 468.2 475.2 481.6 489.9 490.8 484.6 502.5 507.7 515.1 521.1 528.4 538.3 548.4 559 568.4 577.1 587.1 595.2 600.4 602.6 599.9 594.6 586.4 579.9 577.1 571.9 569.1 567.6 549.6 553.7 574.6 585 596.7 609.5 621.7 633.4 645.2 656.7 665.8 670.7 674.6 670.3 665.1
431 425.1 415.6 414 416 415.9 416.9 414.8 412.7 413.4 411.6 413.2 412.3 410.9 411.2 409.8 415.1 412.4 410.4 411 412.3 411.7 411.3 411.5 412.4 413.6 419.8 429.1 427 434.1 438.6 444.2 449.3 453.1 454.4 455.3 464.2 467.9 474 469.1 481 495 496.3 504.7 511 518.2 526.9 536.6 545.9 554.7 563.3 570.7 577.2 582.2 586.3 586.5 584 577.1 571.4 568.2 564.3 561.7 557.3 538.2 560.6 570.1 580.2 592.1 604.2 617 628.7 640.5 651.9 659.9 666.6 673.2 677.3 675.2
430.8 425 417.9 417.2 417 416.8 416.4 414.6 414.2 413.2 411.6 412 411.2 412 410 411.9 415.9 413.6 411.5 410 410.2 410.7 410.8 410.6 408.1 409.5 414.6 419 417.5 424.3 429.2 431 438.5 442.3 442.3 446.5 456 463.8 466.3 463.9 470.4 480.8 487.8 492.2 498.6 508.3 515.4 523.5 532 540.5 548.4 555.4 562 566.8 570.5 572.9 572.2 567.4 563.3 560.1 557 555.5 547.9 536.2 558.8 564.8 575.7 587.6 599.6 611.7 624 635.7 647.2 654.7 663.4 672.5 680.3 683.7
430.7 425 420.3 420.1 418.6 417.7 416.5 415.4 414.7 413.7 412.7 412.8 411.9 411.3 414 416.8 416.9 416.6 413.9 412 410 410 410.2 409.8 411.4 408.3 410.4 411.9 411.7 418 420.5 425.4 428.8 429.7 438.7 436 447 450.4 458.1 459.2 456.2 463.5 477.6 478.7 488.1 495.5 501.7 509.7 517.7 525.9 533.2 540.6 546.2 551.5 554.9 558.4 558.5 556.9 554.4 552.7 551.3 549.5 538.7 530.9 549.3 561.2 572.1 583.4 595.3 607.3 619.3 630.6 640.6 649.1 659.7 669.9 675 675.8
434.1 429.2 422.6 420.2 418.4 417.7 416.3 415.8 414.9 413.7 413.5 411.4 410.4 414.5 419.6 418.1 417.7 418.6 418.9 416.9 414.3 411.4 411 409.9 411.9 411.3 407.6 408.3 407.1 408.5 411.5 419.2 423.1 424.5 426 434 434.5 439.7 447.5 449.6 442.8 458.9 463.9 468 476 482.3 488.1 496.2 503.7 510.9 518.6 525 530.4 537.2 540.6 543.7 544.5 545.2 544.7 544.3 544.3 541.5 532.6 525.3 545.5 558.7 569.7 580.7 591.7 603 614.1 623.3 633.1 643.1 653.6 660.1 663 662.8
426.4 422.7 420.4 419.6 418 418.5 417.1 414.2 415.3 413.9 411.6 414.7 416.3 418.3 421.7 422 424.5 426.2 427.4 425.7 420.8 421.4 417 414.5 414.2 413.8 413 412.1 411.9 411.1 406.7 413.5 417 419.8 418.5 422.5 425.5 431.6 436 440.4 433 450 448.9 459.9 463.7 468.9 475.1 481.5 488.4 495.8 504 510.5 516.3 522.6 526.2 529.5 533.3 535.7 535.5 535.1 535.6 529.2 515.9 527.6 545.5 556.6 568.1 579.2 590.3 601.1 610.9 619.6 628.4 634.3 641.4 644.6 647 648.2
435 430.7 422.5 421.2 419.9 417.7 416 415.3 414.8 412.3 416.7 421.2 420.5 425 428.3 430.9 437.6 437 440.9 437.1 433.1 431.4 423.3 418.6 417.1 418.3 416.2 413 412.3 411.4 408.4 407.5 413.8 416.3 415.7 413.7 413.6 420.9 424 426.8 426.7 433.7 441.3 451.7 452.2 458.5 464.6 468.5 476.3 483 489.5 496.6 502.6 509.9 514.7 519.2 522.4 524.9 526.5 525.9 514.1 511 507.9 531.5 541.6 554 566.3 578.1 589.4 600.1 609.4 617.7 623.1 627.1 631.3 630.7 631.9 633.8
433 428.5 420.2 418.2 417.9 417.4 416.7 412.7 411.8 418.3 421.7 427.3 426 432 442.3 443.6 445.6 446.5 447.6 444.5 445.6 444.7 440.8 426.8 421.5 419 416.1 414.2 412.9 411.6 408.4 405.8 407.5 409.3 408.8 410 410.8 410.5 414.2 419.6 421.8 422.1 426.6 433.2 435 448.3 453.2 453.5 464.5 473 476.7 482.8 489.8 497.4 503.2 506.6 508.9 512.4 516.2 514.6 500 503 517.2 529.3 539.9 551.3 563.8 576.6 588.9 599.7 608.7 615.5 619.4 622.2 622.5 620.1 616.8 615.6
432.1 429.8 417.8 416 414.9 416.1 415.3 412.5 418.1 422.5 426.7 432 433.6 434.8 445.4 448.9 451.8 453.4 453.7 454.4 457 455.6 454.2 442.6 434.5 428.6 422.1 418.8 415.1 412.6 411.1 406.7 405.1 405.9 406.6 405.3 403.5 403.5 406.8 411.3 414.5 417 417.4 418.4 422.9 429.5 435.5 439.4 448.9 459.3 464.1 469.8 476.6 483.3 489.6 493.8 495.8 500.1 503.4 503.8 483.7 500.8 517.8 527.5 537.6 548.7 561.2 574.9 588.4 601.2 611.2 617.1 617.3 616.4 614.4 610.5 605.7 602.7
427.3 419.7 413.9 412 412.1 413.5 411.8 420.1 426.5 426.1 430.4 436.5 441.1 444.3 446.2 453.5 456.8 457.5 459.7 463.8 464 462.9 461.7 457.7 452.1 450.7 433.1 426.3 419.1 417.3 416.9 415.1 411.3 409.7 407.9 407.3 408.2 407.1 402.4 402.6 403.2 407.6 409.7 412.1 416.5 415.6 420.2 426.5 434 442.1 450.6 455.5 464.6 469.3 475.4 480.7 484 489.8 492 488.3 480.2 498.6 511.5 523.4 535 546.2 558.7 571.9 588.9 604.1 610.9 614.3 614.6 611.1 607.4 601.1 595.7 592
426 417.9 411.8 411.8 411.8 411.8 418.4 426.9 428.8 428.8 441.1 441.7 448.5 451.7 454.9 457.4 458.7 467.9 469.5 469.9 470.1 470.4 469.2 466.7 463.2 459.7 448 438.6 428.4 423.4 424.1 424.7 419 415.7 414.3 414.9 414.6 409.6 406.1 404 400.6 401.9 402.4 404.1 405.7 408.1 415.1 413.7 422.7 432.1 437 445 449.1 454.9 460.2 466.9 471.8 478.1 480.7 477.3 474.8 491.8 507.6 519.9 531.9 543.4 555.4 570.6 588.9 601.6 607.7 608.9 607.7 605.1 598.2 591.3 585.6 578.6
423.7 411.8 411.8 411.8 411.8 411.8 422.3 427.3 430.2 440.2 443.8 447.4 453.4 458.1 461.6 466.6 470.3 473.7 476.3 477.1 477.6 478.2 477.4 476 472.3 465.3 464.2 450.2 440.3 435.8 432.8 427.7 427 424.8 417.4 415.9 417.7 413.8 409.3 405.5 403.5 400.9 401.1 401.3 400.7 401.9 404.3 406.4 413.6 414.7 423.1 430.7 435.2 439.7 446.3 453.1 460.1 465.2 468.6 462.8 471.8 485.6 500.7 513.9 526.6 539 552.7 569.1 586.4 596.9 600.4 602.1 601.7 597.3 590.6 581.9 575.1 567.6
420.3 411.8 411.8 411.8 411.8 421 422.7 426.9 435.3 442.2 447.5 451.8 458.6 464.5 469.7 474.6 479.2 481.5 483.8 486.1 486.3 486.6 486.1 484.8 482 476.1 475 467.1 455.1 454 452.5 448.2 442.1 437.1 430.1 418.9 415.7 412.7 410.9 409.2 403.7 401.9 399.9 400.4 399.9 399.9 400.1 401 403.2 407.5 412.3 418.6 417.9 427.1 433.6 438.9 446.4 453.1 457.2 450.5 464.7 478.2 492.1 506.3 520.7 532.8 546.1 565.1 579.9 589.2 593.5 596 596.4 591.5 583.4 574.1 565.3 556.6
414.7 411.8 411.8 411.8 412.2 424.4 425.7 429.3 442 444.9 452.1 454.9 464.3 471.7 477.5 483.1 488.2 490.4 493.4 495.1 495.8 496.1 495.5 493.2 490.9 486.6 484.9 476.5 473.1 468.6 466.3 456.6 450.3 445 439.5 426.5 419.8 417.7 413.3 411.3 409 403.8 400.4 398.7 398.4 398.5 398.7 398.9 398.9 400.4 403.4 410.9 413.9 415.6 418.9 428.1 434.9 441.4 445.9 440.4 457.8 468.9 481.9 497 511.8 524.6 538.1 555.1 570.7 580 585.7 585.5 585.8 581.6 573.2 559.9 549.5 540.5
411.8 411.8 411.8 411.8 417.6 421.8 426.2 431 436.1 444.9 450 460.7 470 478.4 485.6 491.6 497.1 499 502.6 504.5 505.2 505.7 504.8 503.3 501.2 497 493.6 488.8 484 479.1 475.6 468.3 464.4 458.9 451.9 446.2 434.4 425.8 420.3 414.5 412.2 410.2 407.4 402.4 401 397.2 398 397.6 397.3 397.1 397.4 402.8 406.1 408.6 415.5 418 424.1 429 432.4 432.6 450.5 458.7 471.3 484.9 498.3 511 526 542.9 559.8 569.2 569.8 569.2 565.9 556.3 544.7 536.6 529.6 522.9
411.8 411.8 411.8 411.8 413.5 420.2 424.6 431.3 441 449.7 456.7 467.7 477.2 482.8 495.6 500.3 506.6 508.2 513.1 515.7 517.4 517.2 516.8 515.6 512.3 508.9 505.3 499.5 494.6 489.7 484.5 479.8 475.8 470.3 463.5 455.2 447.9 440.5 435.7 426.7 421.9 417 410.9 407.6 405.1 401.2 398.2 396.1 396.1 396.1 396.4 397.3 402 401 406.9 411.5 417.2 418.3 425.6 435.3 441.9 447.9 458.3 469.8 483 494.8 510 525.9 538.7 544.1 543.6 539.2 534.3 525.5 519.1 514 509.4 506.6
411.8 411.8 411.8 411.8 411.8 418.3 422.8 434.8 443.3 453.9 464.8 476.1 489.5 499.1 500.3 512.1 514.4 520.9 524.2 527.5 529.5 529.2 528.6 528.5 525.3 521.6 517.8 512.3 507 500.1 493.9 490.3 486.2 478.7 473.7 466.8 460.3 454.7 448.6 442.5 437.5 431.4 423.3 415.1 407.1 404.4 403.5 401.9 399 395.7 395.3 394.8 395.1 401.3 402.6 404.9 410.4 412.7 418.4 423.2 427.1 434.7 444.2 453.9 465.5 477.9 490.7 501.9 513.6 516.6 513.4 508.4 505.8 501.3 497.2 493.7 494 488.9
411.8 411.8 414 412.3 412.7 418 427.4 438.4 449.4 463.2 474.3 488 498.9 511.7 519.6 520.8 527.9 532.2 535.4 538.9 541.4 542.8 541.7 541.2 538.6 535.1 531.6 526.5 520.8 512.7 506.3 500.5 495.7 488.7 479 476.1 472 465 460.6 454.4 448.3 440.9 435.9 430.6 424 417.1 409.1 404.1 403.6 400.6 399.3 397.8 393.6 393.8 400.8 404.2 405.9 401.4 414.1 414.3 419.5 421.7 428.7 440 448.8 458.3 467.4 478 486.4 489.7 487.6 483.7 482.1 478.8 475.2 473.6 473.2 469.8
411.8 411.8 415.8 415.5 414.9 425 438.8 445.2 457.7 471.5 486.4 501.1 515.3 527.3 534.4 536.3 540.6 544.4 547.9 550.7 553.2 554.5 553.7 554.5 553.2 548.6 545.2 541 534.4 526.7 519.9 513.7 504.6 499.2 494.3 488.6 482 475.2 471.5 464.6 457.9 450 447.3 440.1 434.8 429 418.9 417.1 414.2 407.7 408.3 402.7 398.6 393.1 392.9 398.1 404.1 403.9 400.7 404.7 405.5 415.3 414.6 422.6 432.7 437.5 448.9 458.9 464.2 466.3 464.8 461.9 461.3 459.8 456.5 452.1 448.7 449.4
411.8 411.8 411.8 412.3 416.4 432.9 440.9 452.4 467.1 482 499 517.8 534.3 543.1 548.8 550.6 552.6 557.1 559.8 562.1 564.3 566.3 567.4 568.5 567.7 564.9 561.3 555.9 549.3 541 534.4 527 517.9 513 507 500.8 492.8 488 482.4 474.4 466.4 461.8 457.5 454.6 447.9 441.2 433.7 428.6 424.7 416.9 410.7 403.7 404.3 398.1 394.1 394.9 396.7 398.8 396.6 400.3 397.9 399 404.7 413.3 414.3 420.8 429.9 437.6 442.3 445.1 444 440.9 438.6 438.9 437.8 435 431.7 432
411.8 411.8 411.8 411.8 425.3 435.7 449.5 463.9 480.6 498.1 517 536.5 550.5 558.5 562.3 564.8 565.9 569.2 571.8 573.3 576.3 579.3 580.9 582.6 581.9 580.5 578.7 575.1 567.6 556.4 549.4 541.7 533.1 526.7 520.1 512.9 504.5 497.6 491.9 483.5 478.5 468.6 462.3 460.8 454.5 450.5 445.4 439.7 432.4 428.2 422 416.1 411.7 402 398.4 392.5 393.6 393.9 395.6 397.1 395.9 397.3 396.6 396.5 401.5 408.9 411.1 413.8 421.1 424.9 427.1 426.4 424 423.3 422.8 421.9 420.1 422.2
411.8 411.8 411.8 416 431 441.9 460.6 478.5 496.1 515.7 536.7 554.7 566.7 573.2 575.9 578.2 575 581 583.4 584.5 588 592.6 594.3 596.4 596.3 598.3 600.2 598 587.5 575.9 563.9 555.2 548.4 540.1 532.6 524.4 516.8 509.2 502.6 493.9 487.9 479.7 474.2 468.5 463.9 460.1 456.6 450.2 444.7 439.6 433.8 426.2 421.1 415.8 409.1 404.9 400.5 391.9 390.7 390.6 390.2 391.1 394.1 394.1 391 394.7 395 397.4 403 406.9 407.6 406.8 408.2 409 410.7 405.3 406.2 410.1
411.8 411.8 411.8 426.4 438.1 454.2 475.5 493.5 512.6 535.1 557.3 573.7 581.3 586 588.8 590.3 589.3 591.7 594.1 597 601.9 606 609.5 612.4 617.5 618.1 624.7 617.2 607.3 598.6 585.4 571.4 561.5 552.8 545.6 538.8 530.4 521.8 511.9 505.4 497 489.2 485.3 477.3 473.3 467.5 464.2 459.1 451.9 448.5 443.5 434.5 431 423.7 419.6 413.6 409.8 406.4 402.5 398.1 392.7 389.4 389.7 389.6 389.4 389.2 389.6 390.2 392.3 396.4 395.7 395.1 395.1 395.1 396.5 396.2 396.2 396.6
411.8 411.8 424.3 437.1 450.3 472.2 492.4 510.6 533.3 557.9 574.8 586.8 594.4 598.2 601 599.6 601.1 602.4 606.1 611.2 615.7 623.1 629.8 637.3 641 643.9 645.9 638.9 628.2 616.2 602.1 588.9 579.4 569.6 561.5 551.5 543.3 534.9 525.5 516.7 507.6 501.3 494.1 489.2 482.8 478.2 474 467.8 463.2 459.1 453 444.1 437.6 433.9 427.5 422.2 415.5 411.3 406.8 404.2 400.4 397.4 397.5 391 388.3 387.9 387.6 387.3 387.3 386.7 389.8 388.5 389.6 390.9 391.2 388.1 386.3 384.3
411.8 423.3 431.4 446.2 467.5 488.6 508.7 530.1 556.1 577.9 590.9 601.6 607.1 610.5 612.5 611.2 610.5 613.4 616.6 621.9 629.7 638.8 647.2 655.5 659.6 664.6 661.9 653.7 643.6 631.4 618.9 607.2 598.5 587.7 575.5 563.9 553.4 544.6 536.5 528 518.1 508.6 502.3 496.9 491 485.5 480.4 476 471.2 465.4 460.3 454.1 448.2 442.7 435.9 430.5 426.3 421.8 416.8 414 409.4 405.9 404.3 403.8 401.5 399.4 398.5 393.4 390.6 391.2 384.2 385.4 385.9 385.7 386.2 384.4 383 381.8
421.1 435.2 445.4 463.6 484 505.4 527.9 551.7 580.2 596.2 609.2 615.4 620.5 623 622.9 621.3 614.6 620.9 626.8 634.7 642.3 651.7 659.3 664.6 670.4 675 671.7 662.6 654.7 645.1 634.6 623.1 612.4 600.8 587.8 574.9 564.7 554.8 546.1 537.2 527.9 518.8 510.9 504 499.3 494.6 489 483.6 479.3 473.1 467.4 461.6 456 450 444 439.5 435.8 430.4 425.5 420.9 417.5 417.8 414.8 409.7 407.5 406.2 401.2 395.5 394.4 394.9 400.5 391.8 383.3 381.8 381.4 383.4 382.6 382.6
430.6 444.3 461.6 481.3 500.9 525.7 552.2 579 600.3 615.2 626.5 631 634.2 636 634.4 632.3 626 630.2 637.4 645.2 654.3 663 667.5 673.7 680 683.1 683.2 674 664 654.9 645.5 634 623.3 608.5 595.8 585.8 575.2 565.1 555.7 546.8 538.2 529.7 521.3 515.3 508.5 504.2 497.3 490.4 485.6 480.5 474.9 469.4 464.3 458.7 452.4 444.8 442.5 437.7 432.8 426.6 426 424.4 421.6 418.7 413.7 404.6 405.8 406.7 415.6 414 407.5 402.7 401 395.8 402.1 403.5 400.2 401
444 460.2 479.2 499 520.8 549.8 578.8 603.3 621.8 634.7 642 645 647.7 648.9 646.2 643.1 637.9 641.2 649.1 656.9 664.2 672.5 676.8 683 689.4 691.2 689.8 682.8 674.2 666 656.2 644.9 631 617 605.3 594.3 584.2 574.6 565.5 556.5 548.3 540.7 532 524 517.4 510.5 504 497.6 491.9 486.3 481.4 476.5 471.8 467 461.5 456 449.3 442.6 441.3 432.7 433 430.9 427.8 421.3 416.9 410.6 417.1 420.3 428.9 417.3 417 417.2 412.7 409.4 411.5 410.9 409.1 409.8
461.1 480 497.2 519.2 544.1 575.1 606.9 626.6 642 652.3 658.1 659.7 660.5 659.5 656.6 653.8 649.1 652.3 662.7 669.7 673.7 682.2 686.3 691.6 696.6 697.5 697 691.4 687.2 680.3 671.1 658.5 643 629.9 617.9 607.3 596 586.1 575.6 566.3 558 549.6 542.7 534 525.8 519.4 513.2 505.4 499.8 494.7 490.6 488 483 477 468.9 463.1 457.3 452.2 444.5 441.7 440.2 432.2 430.6 427.9 411.2 422.3 424.9 424.7 422.4 426.8 428.5 426.6 422.8 419.3 424.5 417.1 424.9 424
478.8 499.7 519.4 544 572.7 602.3 630.5 649.6 662.9 670.5 673.5 673.3 672.8 670 667.1 664.2 661.8 666.9 676.3 682.5 686.5 692 695.8 700.2 702.4 702.4 702.2 699.8 694.7 688.4 680.4 668.7 655.9 643.2 631.2 622.4 611.2 601.9 592.5 582.3 573.1 564.4 557.8 548.4 539.6 533.4 524.6 516.4 509.7 504.9 500.9 497.6 491.9 485.8 477 470.2 466.5 458.3 451.2 447.6 442.6 439.7 437.4 423 425.2 433.1 435.7 432.2 437.5 434.9 439.4 435.8 429.5 439.4 429 432.2 432.1 429.5
498.5 520.9 544.6 567 602.6 629.7 654.1 672.8 683.7 688.7 688.8 687.1 683.8 681.2 679.9 677.3 677.4 682.7 688.2 693.3 697 700 703.1 706.1 706 706 704.7 702.8 698.4 692.7 685.7 679.2 671.3 664.1 650.2 638.9 626.5 619.3 609.8 601.8 592.3 580.6 569.8 561.3 553.4 546.3 537.3 528.5 518.8 512 508.8 503.7 497.4 490.4 483.5 477.9 471.3 456.5 457.3 449.3 447.1 444.5 436.7 428.7 439.1 443.9 446 439.2 444.5 445.1 447.6 445.6 437.8 436.2 440.8 446.3 448.7 439.5
