data/260000-780000.asc
ncols 200
nrows 200
xllcorner 260000
yllcorner 780000
cellsize 50
[rows 0 to 34 of 200, columns 79 to 157 of 200]
338.7 339 338.7 340.1 338.1 338.6 341.1 342.9 345.2 348.9 357.8 365 366.8 369.3 370.5 374.1 377.6 380.5 384.6 388.7 392.8 397.8 403.3 407.9 411.7 416.6 421.6 426.6 431.4 435.2 438.1 440.4 442.7 443.9 443.1 441.1 443.6 446.3 450.1 450.4 454 459.4 462.9 467.9 473.4 478.4 487.8 494.7 499.1 501 501 498 493.9 484.9 477 468.2 456.4 444.1 423.3 401.1 385.3 367.4 351 337.9 329.2 321.4 313.3 309.7 308.9 308.4 308.6 308.6 308.8 309.8 317.9 326.4 338.8 355.5 369.9
338.7 339.3 339.7 340.3 339.6 338.6 341.4 345.1 347.3 353.8 365.2 367.7 369 369.1 370.7 373.5 376.5 379 382.8 386.8 391.4 395.3 400.5 404.8 409.8 414.7 419.8 424.8 430 431.8 434.4 437.3 441.2 439.2 438.8 439.4 442 445 448.4 450.8 454.6 459.8 463.3 469.1 474.9 481.6 489.4 495.7 501 499.1 499.1 496.4 491.4 480.7 472.6 463.3 452.8 438.6 414 395.6 377.9 358 343.9 333.8 325.4 317.9 309.5 309.2 308.8 308.6 308.7 309.3 312.6 309.8 321.2 325.5 339.6 358.4 372.1
342.4 342 342.1 342.5 341.1 342.1 344 348.1 349.3 355.8 364.9 368.2 370.7 371.3 371.1 372.6 375.3 378 380.7 385.3 390 394.1 398 403.2 408.8 413.7 418.5 422.6 425.6 427.4 429.6 434.2 438.7 438.8 438.8 440.1 442.3 444.8 448.3 450.9 455.2 459.3 463.9 469.4 475.6 480.8 490.2 495.9 497.7 497.8 495.8 492.7 488.4 480 471.1 460.7 450.4 433.3 409.8 389 371.7 352.3 337.6 329.5 322.3 314 308.8 309.6 310.4 308.8 308.8 309.4 309.7 313.3 323.7 327.5 340.9 359.5 370.5
343.9 344.1 344.6 344.9 341.2 344.1 347.4 350.9 352.3 359.8 363.8 367.8 370.1 371.2 372 372.9 373.9 376.3 379 382.4 388.4 393 396.5 402.2 408.3 413.2 418.4 421.3 421.4 423.2 425.8 430.6 430.6 434.7 438.2 440.8 442.9 445.5 449.1 451.4 455.4 459.4 464.4 470 476.2 483.2 490.7 494.3 495.3 493.9 492 488.6 482.7 476.6 467.1 454.5 438.7 420.5 401.9 386.9 365.3 346.8 334 326.8 321.4 309.7 310 309.7 311.2 310.7 308.8 313 311 317 326.5 330.5 348.8 366.3 379.7
345.3 345.6 345.4 344.5 342.5 347.1 349.5 353.2 358.1 361.4 364.3 367 370.2 370.6 371.3 371.8 372.8 375 377.3 379.7 386.4 391.9 396.7 403.1 408.7 412.6 415.2 417 416.1 419.4 422.3 425.7 430.1 434.4 438.4 441.6 444.2 446.6 449.7 453.5 457.2 460.5 464.8 470.4 476.8 482.8 488.5 492.4 492 490.7 486.8 481.5 475.3 468.3 459.1 445.8 428.9 410.9 395.6 376.4 357.9 342.2 331.8 324.7 320.5 310.3 311 312.8 312.6 310.9 310.9 311.6 313.6 319.6 325.1 335.5 352.1 369.4 381.8
345.1 346.6 348.1 341.7 344.8 350.4 355.4 358.2 361.2 363.2 365.3 368.1 369 370.3 370.3 370.6 371.7 373.7 375.7 378.8 385.8 391.8 397.9 404.7 409.9 409.1 411.2 412.6 411.2 415.1 418.7 424.8 430.8 434.6 438.1 441.3 444 446.6 450.2 453.6 456.9 460.2 463.9 470.2 476 481.5 486.5 490.6 489.2 484.6 480 475.5 470.5 461 450.3 436.8 422.1 404.4 386.1 366.8 350.2 338.1 328 321.9 315.6 312 312.7 312.6 312.5 312.5 313.4 314.4 317 324 326.3 340.9 359.9 378 392.8
344.9 346 346 341.6 347.1 356.8 361.5 363 363.1 365.3 367.5 369.7 371.2 371 370.4 370.6 372.2 373.4 374.5 378.9 384 391.5 399.1 405.6 408 409.8 409.5 409.7 410.6 414.7 420.2 425.9 430.4 433.8 437.5 440.9 443.8 446.5 449.8 452.9 456.6 460 463.3 469.2 474.5 479.6 482.5 486.2 484.2 480.4 476.1 472.5 465.2 453.6 441.4 427.8 413.7 397 380.5 360 346.1 333.6 323.5 318.4 311.6 311.5 312.5 312.6 312.8 313 315.2 318.4 319.8 327.4 333.8 349.2 369.6 386.2 397.4
345.6 346.1 346.6 342.6 348.3 359.8 363.1 365.9 365.6 367.9 370 371.1 370.9 370.8 370.6 371.4 372.9 374.4 376.4 378.2 382.9 390 399.9 401.4 401.3 401.3 404.4 404.7 408.4 415.5 421.3 425.5 429.5 433.2 436.8 440.4 443.6 446.3 449.4 452.2 455.8 459.5 463 468 471.4 475.1 479.3 480 477.9 474.8 470.6 465.6 457.8 446.2 434.5 419.7 404.6 390.6 373.3 355.8 341.5 329.7 318.9 312.8 311.9 312.2 312.4 312.5 312.6 312.8 315.5 320.3 324 329.7 343.3 358.1 374.7 387.5 402
346.3 346.4 346.7 343.5 349.4 362.8 365.5 367.3 368 369.9 370.8 370.5 370.4 370.5 370.5 370.7 372.2 373.7 375.6 377.7 380.7 389.3 397 399.4 396 396.1 398.8 401.1 408.6 415.8 421.1 425.3 429.5 433.3 436.5 439.8 443.3 446.2 448.7 451.4 455.1 458.8 462.1 465.1 468 470.8 471.8 471.1 468.7 468.3 463.8 457.4 447.2 437.8 425.8 412.9 396.1 380.8 363.1 347.1 334.9 322.9 314.9 312.3 312.6 312.8 312.5 312.3 313.2 313.2 316.7 322.4 326.9 333.7 345.8 364.4 382.8 396.1 406.8
346.7 346.8 346.7 343.6 354 364.2 367.4 369 369.3 369.7 370.4 370.3 370.4 370.4 370.4 370.4 371.5 372.9 374.9 377 379.1 387.7 392 392.4 391.1 392.6 397 401.7 407.7 414.4 419.9 424.6 429.3 433.3 436.5 439.7 442.5 444.7 446.9 450.8 453.6 456.8 460 462 465 465.3 468.3 468.3 463.7 461.9 457.4 447.3 440.1 430.3 418.6 405.6 390.9 370.3 352.1 339.8 328.6 318.2 312.3 312.9 313.4 313.2 312.9 312.6 313 313.9 315.5 321.9 326.7 339.3 350.7 367.5 381.2 395 411.1
347.2 347.2 345.9 344.3 359.8 365.5 369.2 371.1 371 371.5 371.2 370.7 370.3 370.3 370.3 370.3 370.7 372.2 374.1 376.3 379 383 387.8 387.4 389.2 390.9 395.1 400.4 407 415.1 420.6 424.9 429.5 433 436.2 438.6 440.8 443 445.1 449.9 453.6 457.3 458.6 459.2 459.4 460.5 463.5 461.5 456.6 450.5 446.6 440.3 433.6 423.3 413.4 402.9 392.6 367.3 345.1 332.2 321.4 313.4 312.8 313.5 313.7 313.3 313 314.2 313.7 314.8 316.8 322.2 332.3 346.2 362.4 381.2 389.2 394.4 404.4
347.3 347.6 346.5 352.9 361.4 366.2 368.6 369.5 369.1 371.9 372 371.5 371 370.4 370.2 370.3 370.3 371.5 373.4 375.7 377.9 379.7 380.6 383.7 386.7 390.2 395 399.9 408.5 415.3 421.5 425.6 429.8 432.6 435.1 437.1 439.2 441.2 443 448.1 454 458.2 454 452.1 453.7 456.5 459.9 454.3 449.7 447.6 439.9 431.2 424.8 414.7 401.7 393.9 384.7 367.6 339.5 324 313.1 312.9 313.4 314.1 313.5 313.3 313.4 313.3 313.7 316.1 317.8 325.9 338.7 352 367.3 387.7 398.9 408.4 416.2
346.8 348.5 350.7 358.1 362.5 366.7 369 370.4 370.4 372 372.6 372.4 371.8 371.3 370.7 370.2 370.2 370.7 372.7 374.9 376.7 378.6 378.8 382.6 386.2 390.6 396.1 402.3 410.1 416.3 422 425.3 428.4 430.7 432.4 434.4 436.3 438.4 440.5 443.7 448.9 450.8 446.5 446.5 448.3 450.5 450.8 448.1 443 440 434.3 428 416.7 403.7 391.4 381.5 370.3 349 327 314 313.4 313.6 314 313.9 313.2 313.5 313.7 313.5 313.3 314.2 320.4 332.5 343.5 357.8 375.2 393.2 406.1 414.2 423.9
347.7 349.6 352.2 357.6 362.7 367.2 369.8 371.5 371.7 372.2 373.1 373.1 372.7 372.1 371.6 371 370.4 370.1 371.9 373.8 375.7 377.4 378.7 382.5 386.6 390.4 397.5 404.2 410.4 416.2 420.2 423.2 425.9 427.6 429.1 431.1 432.7 434.8 436.4 439.4 440.3 441.7 440.2 440.5 442.1 443.3 442.8 440 437.2 431.7 425.1 416.8 404.8 388.8 376.3 364 348.2 330.6 316.1 314.4 314 314.2 314.5 314 313.5 313.7 314 313.6 313.6 313.6 325.1 335.5 347.8 364.8 382.8 399.1 411 420.7 431.5
348.7 351.1 354.2 357.7 362.8 368.1 371.1 372.2 372.7 372.8 373.7 373.7 373.6 373 372.4 371.9 371.3 370.5 371.1 372.8 374.7 376.2 378.5 382.3 386.4 390.6 398.9 405.1 410.6 414.5 418.4 421.1 422.9 424.7 425.9 427.6 429.2 430.5 431.5 433.6 434.6 434.6 434.2 433.8 434.9 435.8 435 432.2 429.6 424.8 416.5 404.9 390.4 374.1 357.5 343.8 331 318.5 315.7 315.5 314.8 314.6 314.6 314.3 313.9 314.6 314.1 313.8 314.3 320.4 328.9 339.3 355.6 371.8 389.6 403.5 416.1 428.2 437.9
348.6 351 354.7 359.6 363.9 367.6 372.3 372.9 373.4 373.9 374.3 374.2 374.2 373.9 373.3 372.6 371.6 370.7 370.8 372.4 374 375.9 378.4 382.1 386.6 392.7 400.4 405 409 412.8 415.7 417.7 419.6 421.4 423.1 423.8 424.1 425 426.6 427.7 428.9 428.6 428.2 427.9 427.7 427.2 425.6 423.6 418 412.8 408.3 391 375.2 357.3 340.8 327.9 317.4 315.4 316.5 316.2 315.1 314.9 315 314.7 316.2 315.1 314.9 314.6 315.3 324.7 334.6 344.9 361.5 378.9 395.4 409.5 419.8 431.4 441.5
349.8 354.8 359.6 363.2 366.5 368.6 371.4 372.4 373.4 374.3 374.6 374.7 374.7 374.7 373.8 372.8 371.8 370.8 370.5 372.2 373.9 375.6 378.2 382.7 388.4 395.1 399.7 403.5 407.1 409.7 412.2 414.2 416.1 417.9 419.8 419.9 419.1 420.4 422.3 423.1 423.5 421.9 420.7 420.1 420 418.1 417.2 413 406.5 397.9 388.8 374.5 357 341.2 327.6 317.1 315.7 315.5 317 317.1 315.9 315.2 315.3 315.2 315.3 315.4 315.5 315.5 323.7 331.9 340.3 352.2 370.5 390.7 403.9 415 427.1 437.5 448.5
352.4 361.3 363 366.7 369.5 370.9 371.9 373 374 374.5 374.8 374.9 374.9 374.5 373.2 372.2 371.3 370.3 370.5 372.3 373.9 375.6 378.3 383.3 389.2 392.8 396.8 401 403.9 406.2 408.7 410.6 412.5 414.1 415.7 414.5 415.4 417 418.1 418.6 417.9 416.3 414.6 413.5 411.7 410.6 407.7 401.8 393.6 382.9 372.7 358.9 342.8 328.7 318.1 317.4 316.4 315.6 316.9 317.4 316.6 315.4 315.6 315 315.3 315.5 315.7 319.1 326.8 335.4 344.4 361.5 380.6 397.5 411.1 422.9 434.1 446.1 453.8
356.5 360.1 364.7 368.4 371.4 372.1 372.8 373.7 374.2 374.7 375 375.1 375.1 374.1 372.5 371.6 370.6 370.2 370.6 372.4 374.2 375.8 379 383.7 387.4 390.9 394.7 398.3 400.6 402.9 405 406.5 408.2 409.9 410.9 409.5 411.1 412.6 413.4 413.7 411.4 409.9 408.4 407.1 403.2 400.8 397.2 389.3 379.7 367 355.6 343.5 329.5 319 316.1 315.8 315.8 315.8 316.5 316.8 316.5 316.2 315.9 315 315.4 315.7 315.8 323.1 329.5 337.5 348.3 368.8 387.8 405 416.1 425.4 435 447.1 456.3
358.2 359.3 362.7 366.2 370.4 372.9 373.7 374.4 374.7 374.9 375.2 375.3 375.1 373.8 371.9 370.9 370.1 370.3 370.6 372.5 374.4 376.2 379.4 382.1 385.5 389.1 391.7 394.6 396.8 398.9 400.3 401.5 402.6 403.7 403.5 403.1 405.5 407.4 408.3 407.3 404.4 401.5 400.8 401 395.1 390 384.8 374.3 363.4 353 342.6 330.3 319.3 317.1 316.5 316.6 316.6 316.4 316.2 316.2 315.9 315.6 315.7 315.6 315.6 315.9 322 323.7 333.1 342.4 357 377.3 396.1 411.4 426 434.2 442.6 452.8 459.3
360.2 362.1 365.2 367.9 370.9 373.4 374.3 375.2 375.3 375.2 375.6 375.4 375.1 373.5 371.2 370.2 370.3 370.4 370.6 372.5 374.4 376.1 378.4 380.6 383.7 386.9 388.5 390.9 393 394.2 395.6 396.8 398 399.3 399.2 399.1 400.3 402.3 402.9 399.9 397 395.1 393.3 390.9 384.8 379 371.4 360.2 350.8 341.3 330.9 322 317.2 317.4 317.4 317.2 317 316.8 316.6 316.4 316.2 317.5 316.1 315.7 315.9 318 321.3 327.2 336.8 348.1 366.5 386.5 404.2 419.8 429.4 438.3 448.1 456.5 462.2
361.8 364.5 367.3 369.2 371.3 373.9 375 375.6 375.5 375.5 375.5 375.4 375.1 373.1 370.7 370.2 370.4 370.5 370.5 372.3 373.9 375.6 377.5 379.7 382.6 384.5 386 387.4 388.4 389.6 390.8 392.1 393.5 394.8 395.5 396.4 397.6 397.7 397.1 393.7 390.4 388 384.7 381.1 374 367.1 357.3 348.1 339.6 331.4 322.2 317.2 315.8 316.2 316.9 317.4 317.3 317.2 317 316.7 316.5 316.1 316 315.8 316.2 320.5 324.5 331.7 343.3 358.6 380.2 396.7 409.1 423.1 433.8 444.3 453.5 459.4 466.1
362.9 365.9 368.4 370.5 372.2 374.4 375.5 375.7 375.7 375.6 375.5 375.4 375.2 374.9 371.1 370.2 370.3 370.5 370.1 371.8 373.5 375.1 376.8 379 380.6 382.3 384 384.1 384.1 385 386.2 387.5 389.3 391.2 392.3 393 393.5 393.3 391.5 387.4 382.8 378.9 375.8 371.3 362.7 352.6 345.9 339.1 331.3 324.1 317.2 316 315.8 315.8 316 316.9 317.4 317.3 317.3 317.1 316.8 315.9 315.8 316.5 321.1 323.2 329.8 338.8 349.6 368.9 389.6 407.7 417.1 428.5 437.8 447.8 456.6 463.5 470.3
365 367.3 369.6 371.7 374 374.9 375.9 375.8 375.9 375.8 375.7 375.6 375.4 375.2 372.3 370.9 370.2 369.7 369.7 371.3 373 374.6 376.1 377.2 378.8 380.5 380.8 380.5 380.2 380.2 380.3 383.6 385.5 387.4 388.1 388.6 388.2 386.9 383.8 379.4 375 370.3 366.5 360.9 353.3 344.6 336.7 331.2 324 317.9 317.1 316 315.8 315.8 316 316.5 317.5 317.8 317.5 317.7 316.9 316.4 316.6 320.5 323.9 328.4 335 345.1 358.4 379.1 398.7 418.3 423.3 433.1 444.4 454.1 461.6 469.9 478.2
367 368.6 370.9 372.8 374.7 375.5 376 376 376 376 375.9 375.8 375.6 375.2 373.6 372.2 370.5 369.5 369.2 370.9 372.5 373.7 374.8 375.9 376.8 378.2 378.3 377.8 377.2 377.5 378.2 379.6 380.9 381.9 382.8 382.3 380.5 380.2 375.6 371.3 366.5 361.1 356 350.4 343.7 337.2 330.1 323.4 318.2 317.3 316.7 316.2 316.5 316.8 317.1 317.4 318 317.9 318 317.6 317.3 317.7 320.4 322.8 328.1 333.4 341.5 353.4 367.6 386.1 403.1 417.9 429 439 448.9 459.5 468.6 477.6 486.1
369.5 370.6 372.6 374.3 375.3 376.2 376.2 376.2 376.2 376.2 376.1 376 375.9 375.7 374.5 372.8 371.1 369.5 368.9 370.3 371.3 372.4 373.5 374.7 375.5 375.6 375.9 375.5 374.2 374.3 375 374.4 375.1 376 376 375.2 372.5 370.4 367.5 362.5 360.2 352.2 344.9 340 333.8 328.8 323.7 318.1 318.3 317.9 317.4 316.9 317.2 317.8 318.1 318.4 318.5 318.3 318.4 318.1 318.3 320.2 321 326.3 331.6 339 349.4 363.2 376.6 394.9 409.1 423 434.3 444.9 455.5 466.1 476.2 486 496.8
372 373.2 374 375 375.9 376.6 376.5 376.5 376.4 376.4 376.2 376.1 375.8 375 374.1 373.3 371.6 369.9 369.5 370.9 371.2 371.5 372.3 373.4 373.6 373.2 373.5 372.6 371.3 370.7 370.1 369.5 369.5 369 368.7 367.7 362.3 361.7 359 354.5 349.8 344.6 336.9 333 327.8 322.8 318.2 317.5 317.5 317.5 317.5 317.5 317.8 318.5 319.2 319.1 319.1 318.9 318.9 318.6 320.1 321.1 324.9 329.9 336.9 345 356.7 372.3 386.6 401.3 417.1 431.6 442.5 452.4 462.7 473.8 483.8 497.9 508.5
374.8 375.5 375.4 375.6 376.5 376.8 376.9 376.9 376.8 376.4 376.1 375.7 375.1 374.3 373.4 372.6 371.7 370.7 369.5 371.3 371.5 371.8 372 372.4 371.7 371.4 370.9 369.3 367.6 366 365.3 364.7 363.9 362.5 361.3 358.5 354.8 352.8 350.4 346.8 341.3 335.6 330 326.3 323.6 319.3 318.2 318 317.5 317.5 317.5 317.5 318.8 319.9 319.7 319.5 319.3 319.6 319.4 320.4 321.9 324.2 327.9 333.1 340.6 351.7 364.7 379.5 393.5 406 422.9 438.4 450.1 460.6 470.9 483.2 496.8 512.6 520.3
377.5 377.1 377 376.9 376.9 377.2 377.3 377.3 376.9 376.5 376.1 375.4 374.7 374.1 373.4 372.7 371.8 370.9 369.8 369.6 370.4 370.6 371.1 371.3 369.3 368.1 366.7 365 363.4 361.8 360.4 359.7 358.5 357 354.9 352.4 350.2 346.2 342.7 339.6 333.9 328.4 325.7 322.7 321.4 319.9 318.7 318.4 317.9 317.5 317.5 318 319.3 320 320.1 320.4 319.6 319.7 321 323.1 324.4 327.1 330.4 336.5 345.1 357.4 372.8 387.9 400.1 416.3 431.5 445.5 457.3 469 481 494.5 508.5 519.7 527.2
378.6 377.8 377.7 377.7 377.6 377.6 377.7 377.4 377 376.4 375.6 374.8 374.2 373.6 372.9 372.3 371.7 371 370.3 370 369.3 368.8 368.6 368.2 366.1 363.9 362.3 360.8 359.2 357.8 356.3 354.6 353.1 351.9 349.9 347.1 344.3 341.1 336.9 332.9 328.8 326 323.2 322.4 321 320.7 319.1 319.2 318.6 318.2 317.5 318.2 318.9 319.7 321 320.1 320.1 321.7 324.3 324 327.3 331 333.9 340.7 351.4 363.2 379.3 395 408.6 425.1 440 453.5 465.4 479.7 492.8 507.9 517.7 525 529.5
378.9 378.5 378.5 378.4 378.3 378.3 377.8 377.4 376.9 375.8 375 374.2 373.6 373 372.4 371.8 371.1 370.5 369.6 367.9 366.8 365.5 365 364.5 363.4 361.1 358.8 357.2 355.8 354.3 352.7 351.2 349.4 347.6 345.8 342 340 340 333 329.3 327.8 324.3 327.1 322.6 323.1 322.4 320.7 320.4 320.1 319.9 318.9 318.5 319.1 320.7 320.6 320.3 322 324.4 324.7 327.1 331 334.5 339.9 349 358.9 375.2 393.5 405.7 420.3 434 447.1 462.3 477.1 492 505.2 516.5 524.4 528.7 534.2
380.7 380.4 379.2 379.1 379 378.4 377.8 377.4 376.6 375.5 374.5 373.7 373 372.5 371.9 371.3 370.6 369.8 368.5 365.9 364.4 363 361.6 360.8 359.9 358.2 356 353.8 352.3 350.7 349.1 347.6 345.9 344.2 343.3 340.5 337 332.5 328.3 326.7 325 324.3 323.6 323.8 324.4 323.3 322.4 322.3 322.1 321.6 319.9 319.4 320.1 320.8 321.7 321.9 324.3 325.5 325.8 329.5 332.4 339.2 345.5 355.8 366.5 384.3 399.1 413.7 427.5 441.9 456.5 471.9 486 499 510.9 521.2 528.4 535.1 542.1
382.2 381.7 380.6 379.6 379.2 378.5 377.9 377.3 376.2 375.1 374 373.1 372.5 371.9 371.3 370.7 369.9 368.6 367.3 364.3 362 360.6 359.7 358.3 357.2 356.3 354.2 352 349.6 347.5 345.6 344 342.4 340.9 341.3 338 331.7 328.8 327.3 326.2 326.4 325.6 324.2 325.1 325.1 324.1 323.1 322.5 322.5 322.5 321 320.8 320.5 323.9 322.5 324.2 325.9 327.7 329 330.9 335.8 343.9 351.2 362.8 373.6 390.6 403.3 418.7 436.3 451.7 466.8 480.9 495.1 504.6 517.7 529.4 540.9 544.8 550.9
382.8 382.2 382.3 380.7 379.2 378.5 377.9 376.9 375.8 374.8 373.6 372.4 372 371.4 370.8 369.7 368.1 366.9 365.8 364 360.8 358.7 358.1 356.4 355.6 354.6 353.4 351.3 348.8 346.4 344.3 342.1 340 339.4 338.8 333.7 329.2 327.7 327.5 326.7 330.3 324.2 324.9 325.3 325.4 324.9 323.9 322.9 322.6 322.6 321.9 321.3 324 324.3 326.8 328.3 328.4 329.9 331.2 333.8 339.4 347.4 357.1 369.5 382.6 396.5 410.5 424.6 442.9 463 477.5 490.6 501.9 511.3 521.9 535.1 543 549.1 558.3
383.1 382.2 382 381 379.6 378.8 377.5 376.3 375.2 374 372.8 371.5 371.2 370.9 369.7 368.1 366.5 364.9 363.8 362.2 360.9 358.6 356.6 354.7 353.2 352.1 351.4 350.4 348.2 345.4 343.2 340.3 339.4 334.6 331.3 329.7 328.7 327.2 328 330.8 327.6 324.3 324.6 324.9 325 324.8 324.3 323.7 322.9 322.7 322.8 324.1 326.5 328.3 330 331 330.9 331.5 333.4 336.3 342.7 351.7 364.4 377.8 391 404.6 418.1 432.3 449.6 470.2 487.7 500.5 509.9 518.4 527.6 538.1 550.4 560.9 578.4
