data/260000-760000.asc
ncols 200
nrows 200
xllcorner 260000
yllcorner 760000
cellsize 50
[rows 140 to 174 of 200, columns 0 to 77 of 200]
510.5 506.6 501.9 498.1 494.2 491.3 487.2 482.2 477.9 473.4 470.7 466.4 461.4 459 456.6 453.9 450.9 449 447.4 444.5 444.7 444.9 445 444.5 443.4 441.2 437.5 433.6 430.9 428.5 428.2 426.4 421.9 419.1 416.3 414.1 408.9 406.9 407.3 407.7 408.2 408.7 409.2 409.4 409.5 409.6 410 408.4 408.6 409.3 411.1 410.2 407.4 404.8 403.4 403 401.3 398.2 396 392.1 387 382.6 380.7 381.5 379.9 380 378.2 373.9 372.6 368.7 367.7 364.5 361.1 360 357.3 356.4 353.5 350.8
508.4 504.7 500.7 496.5 492.6 487.8 483.1 478.7 474.4 469.9 466 462.3 458.1 455.8 453.3 450.9 448.5 446.9 445.2 443.1 443.2 443.3 442.9 440.8 439 437.3 434.9 432 428.7 427.4 427.3 426.3 422.1 419.5 417 412.5 408.3 406.7 407.1 407.5 407.8 408.2 408.7 408.8 408.8 408.7 408.3 407.1 407 408.7 410.2 408.9 406.1 403.5 401 398.3 394.3 389.8 386.1 385.9 386 383.2 382.9 382.5 380.1 377.4 378.2 376.1 372.6 368.8 367.2 364.5 357.9 356.3 354.8 353.7 351.5 352.1
502.7 497.7 494.2 489.5 485.4 481.6 477.1 472.7 468.2 464.7 461.2 458.1 454.8 452.5 450.1 448.6 447.2 445.5 443.3 441.4 441.7 440.9 439.9 437.9 436.1 434.4 431.5 428.9 427.5 426.7 425.5 425.2 421.5 418.6 415 409.9 406.3 405.4 405.9 406.2 406.6 407 407.3 407.4 408.1 408 407.3 405.9 405.5 405.6 406.1 404.9 401.6 398.1 395.2 391.5 388.5 385.9 385 384.8 385.4 384 381.1 379.5 378.6 377.6 378.5 377.9 372.8 369.2 364.5 362.4 359 355.4 353.9 352.4 353.3 354
493 490.7 486.7 481.8 477.4 473.5 470.4 466.5 462.1 458.6 455.8 453.9 451.6 449.9 448.8 447.7 446 444.2 442.6 441 439.3 437.9 436.9 435.2 433.4 431 429.3 427.7 425.9 425.5 424.6 423.3 420.3 417.2 412.5 407.6 404.7 404 404 404.5 404.9 405.3 405.5 406.5 407.7 408.7 406.9 405.2 403.4 401.3 403.1 401.6 399.7 395.8 392.1 389.1 387.7 387.1 387.3 385.7 382.4 381.6 379.4 378.7 378 379.8 380.6 377.1 372.5 367.3 362.6 359.6 357.5 356.4 355.1 353.7 355.9 354.6
480.9 479.2 476.7 472.9 469 465.1 462.2 459 455.6 452.5 450.9 450.2 450 449 447.9 446.8 444.9 442.8 441.3 438.3 436.7 434.5 434.1 433.2 431.4 429.7 428 426.4 424.2 423.8 423.5 421.6 419 416.1 410.4 405.7 403 402.4 402 402.5 403.1 403.8 405 406.1 407.3 408.5 408 406.5 404.8 403 402.1 398.9 395.9 394.2 392.3 390.3 389.2 387.3 384.6 382.2 380.7 380.6 380.2 379.3 380.1 381 377.5 373.3 370.1 367.8 365.2 360.7 357.7 356.9 356.5 355.5 354.6 352.4
471.9 469.9 465.8 463.7 460.5 456.7 453.8 450.8 448 448.3 449.2 449.4 449 448 447 445.9 443.7 441.5 437.1 435.3 434.9 431.7 432.6 431.4 430.3 428.9 426.8 424.8 422.4 421.3 420.7 419.5 417.4 414.1 409.1 405.1 401 400.6 400.1 400.7 402.1 403.2 404.5 406.3 407.6 408.6 409.1 407.1 405.2 403.2 402.1 399.6 396.7 393.9 391.1 389.8 387.5 385.3 383.3 381.4 380.1 380.1 380.1 380.2 380.6 380.6 375.6 371.7 369.9 367.6 363.4 359.3 357.3 356 354.7 352.6 350.9 350.5
462.4 459.1 454.8 452.4 449.7 448.4 446 444.6 445 447.4 448.6 448.3 447.9 446.9 446 444.9 442.1 438.4 434.5 433 433 431.6 431 429.8 427.7 426.1 424.9 422.7 420.6 418.7 417.5 417.5 415.7 413.4 409.5 402.8 399.5 399.6 398.7 400.4 401.5 402.6 403.7 405.3 407 408.8 409.4 407.4 405.4 403.4 401.7 398.8 395.9 393 390.7 389.6 386.8 384.2 382.6 381.3 380.8 381.2 381.3 381.7 383.1 379.1 374.6 370.2 368.1 366.8 363 359.1 357.1 355 352.8 350.8 350.6 350.3
452.4 449 445.3 443.5 442.4 441.6 442.2 441.6 444.6 446.1 445.9 446.2 446.3 446.6 446 444.2 439.4 435.4 433 430.7 429.5 428.9 429.3 426.6 424.5 423.4 422.4 420 417.3 415.2 414.5 415.6 414.6 412.7 406.7 401 397.6 398.2 399.8 400.5 401.4 402.4 403.3 404.5 407.5 409.2 409.3 407.4 405.5 403.2 400 396.9 395 393.2 390.4 389.5 387.2 384.6 383.2 382.2 381.7 381.8 382.5 383 381.2 375.7 372 368.7 367.9 365.8 362.4 358.9 356.5 353.6 351 350.5 350.3 349.4
443.1 442.3 440.8 439.2 438.4 438.1 438.6 440.1 441.8 443.6 443.4 443.8 443.7 443.9 445.1 439.7 435.7 433.8 431.5 429.2 427.1 426.2 424.6 423.2 421.4 420.3 419.4 417.2 414.9 411.8 412 412.1 410.6 407.5 404.3 400.3 396.6 397.5 399.2 400.6 401.5 402.5 403.4 404.9 408 409.6 407.5 404.5 401.9 399.3 397.4 396.3 395.1 393.9 392.2 389.6 387.4 385.1 383.9 383.1 382.6 382.6 382.7 381.2 377.2 373.3 370.4 368.9 368.2 364.9 361.3 356.9 354.7 352.1 351.4 351.6 352.9 355.5
439 437.3 436 436.3 437 436.9 438.5 439.7 440.7 442.2 441.9 441.3 441.6 441.6 439.1 434.9 433 431 428.5 426.7 424.9 423.5 422.4 419.1 417.3 418.9 415.6 413.6 412.3 409.5 406.9 408 406.1 403.5 401.5 398.2 395.5 396.8 398.4 399.9 400.7 402.2 403.5 405.2 408.2 407.7 404.7 401 399.2 397.8 396.4 395.2 393.9 392.7 391.1 388.8 387.9 386 384.9 384 383.5 383.5 382.8 380.7 377.6 373.1 370.3 369.9 367.9 363.3 357.8 354.7 353.9 352.8 352.5 352.6 353.8 356.7
435.9 434.2 433.2 433.9 434.5 435.4 437.4 439.5 440.5 440.4 439.7 438.4 438.2 436.9 433.5 431.1 428.9 426.2 423.6 422 420.8 418.6 415.1 413.4 412.2 414 411.4 410.1 408.9 407.4 404.8 403.2 402.6 401 399.2 395.2 394.5 395.7 397.2 398.9 399.3 400.1 401 401.5 402.9 402.2 402.5 399.4 398 396.7 395.4 394.1 393 391.9 390.8 389.2 389.3 388.2 386 384.9 384.3 384.7 384.5 381.4 377.3 372.4 369.9 368.5 364.2 359.2 354.9 354.9 354.5 354.1 355.8 355.4 354 356.5
432.2 430.9 429.8 431.9 432.8 432.9 435.3 438 438.1 435.9 435.4 435.5 434.8 431.7 428.8 426.8 424.7 421.6 419.2 418 416.8 414.9 411.5 410.2 408.9 408 407.1 405.9 404.8 403.3 402 400.8 400 399.9 398.5 390.4 394 394.6 396.2 397.8 398.3 397.5 397.7 397.8 398 399.5 401.7 398.7 396.7 396.3 395.8 394.7 393.6 392.6 391.7 390.7 390.7 389.3 389.5 387.3 387.5 386.9 383.2 378.6 374.7 369.6 365.9 362.9 359.8 358.6 355.8 355.2 355 358.7 359.1 356.7 355.9 357.7
429.8 428.1 427 429.5 430.7 430.5 433.2 434.7 434.2 431.4 430.9 431 429.6 426.4 425.1 423.1 421.1 418.5 416.5 414.4 412.9 411.2 408.4 406.9 405.5 404.5 404.2 402 401.8 401.2 400.4 399.1 399.4 399.9 396 388.8 391 393.5 395.3 396.8 396.9 394.9 395.3 395.4 395.8 397.1 399 397.1 396.7 396.2 395.7 395.3 394.3 393.2 392.3 391.6 392.6 391.2 388.8 387.5 387.2 384 380.1 375.4 372.4 368.4 365 364.4 364.9 360.3 357.2 357.1 360.9 361.2 358.3 356.5 358.4 361.2
428.5 427.2 427 429.1 429 428.2 430 430.4 430.4 426.5 426.6 425.9 423.8 422.9 421.3 419.4 417.6 416 414 411.7 409.6 408.1 407.2 406 404.6 403.5 402.1 401.4 401.1 400.4 399.5 398.4 398.5 398.1 394.4 389.3 386.5 391.4 394.6 395.1 394 392.5 392.8 392.9 393.9 395.5 397.4 397.2 396.7 396.2 395.7 395.2 394.7 393.8 393 392.4 391 389 387.2 386.7 385.6 379 375.2 372.2 370.7 368.1 366.3 373.1 365.4 361.4 358.7 358.8 361.6 358.6 359.1 360.9 362.7 367.5
426.3 425.9 426.8 428 428.6 427.5 426.6 427.7 426.6 424 422.3 420.3 419.1 419.5 418.5 417.3 416.1 413.7 411.5 409.7 408.7 408.2 407.3 406.3 405 403.3 400.8 399.4 399.1 399.1 398.9 398.6 395.1 394.5 392.4 390.8 383.9 389.8 392.4 392.2 392 391.2 391 392.3 394.4 395.3 397.4 397.2 396.7 396.2 395.7 395.2 394.7 394.1 392.8 391.5 389.3 386.7 385.9 384.8 381.4 377.2 374.3 372.6 372.7 369.4 368.3 368.7 363.4 360.6 360.8 361.3 360.4 361.5 362.9 365.7 366.2 372.6
424 425.1 426.1 426.6 425.8 425.1 423.8 425.1 423.1 421.5 419.9 418.3 417.6 417.4 416.6 415.8 414.6 412.1 410.7 409.6 408.8 408.3 407.8 406.5 404.6 401.1 399.5 397.8 397 397 397.5 397.2 395.1 392.7 390.7 388.8 381.3 386.2 388.3 388.4 388.8 389.1 390.2 392.7 395.9 397.8 397.8 397.2 396.7 396.2 395.7 395.2 394.7 393.1 391.6 390.1 388.3 386.5 385.6 384.5 379.9 377.1 374.5 373 371.3 370 370.1 367 363.6 362.7 363.4 362.1 362.9 364.8 366.4 366.9 367.4 373.8
422.6 424.4 424.7 424.7 425.1 424.3 422.9 422.6 421.2 419.8 418.3 417.2 416.2 415.4 414.6 413.8 413 410.8 409.8 409.6 408.9 408.4 407.8 405.7 402.3 399.8 398.6 397.2 394.1 394.5 395 393.7 391.9 389.6 388.2 386.7 382.4 381 384.3 385.8 387.7 389.6 392.1 393.9 396 399.6 397.6 396.9 396.7 396.2 395.7 395.2 394 392.3 391.2 389.3 387.2 386.3 385.3 382.5 378.5 376.6 374.6 372.8 371.5 371.2 372.1 367.4 363.4 363.1 363.4 362.8 364.9 366 366.9 368.4 369.2 375.4
420.4 423.1 423.6 423.6 424.4 423.5 422.1 421.3 420.2 418.8 417.5 416.4 415 414 413.2 412.5 411.2 410.3 409.2 408.9 408.6 407.9 407 403.9 401 398.7 398 397.3 394.9 390.9 390.2 390.2 388.3 386.7 385.2 384.4 380.9 377.1 381.5 384.1 387.2 390.7 391.2 393.7 395.2 399.3 396.9 396.1 396.5 396.2 395.7 394.9 393.5 392.5 391.5 389.5 386 385.2 386.2 383.5 381 378.3 374.9 372.8 373 373 373 368.4 365.8 369.2 364.9 365.1 365.6 366.4 367.2 368 373.8 368
418.1 419.7 422.4 422.8 422.6 421.6 420.2 419.6 419.2 417.9 416.5 415.2 413.8 412.7 411.9 411.1 409.5 409.8 408.5 408 406.5 406.5 405.2 402.9 400 397.3 396.2 394.8 392.6 390.6 389.1 386.7 384.2 383.7 382.1 382.3 379.8 376.7 379 381.7 386.7 389.1 389.9 391.6 395 396.9 396.2 394.8 395.7 396 395.7 394.6 393.6 392.7 391.7 388.1 389.1 391.1 386.7 383.1 379.7 374.9 373.3 373.3 374.3 374.9 372.5 369.6 369 367.7 365.2 365.5 366.2 366.9 367.7 370.1 367.1 361.8
418.2 418.1 420.6 420.6 420.2 419.7 418.2 418 417.6 416.3 415.1 413.9 412.6 411.3 410.5 409.4 407.7 408.8 407.4 405.9 404.6 403.7 402.4 400.9 398.2 395.9 394.9 393.7 391.7 389.8 388.1 385.8 384 379 379.6 379.9 379.7 373.9 375.8 380.7 383.3 385.9 387.9 390 394.5 396.3 395.3 392.9 395.1 395.6 395.5 394.7 393.7 392.8 390.3 390.6 391.4 390.8 386.7 382.7 378.1 376.1 374.2 374.9 375.9 376.6 375.2 370.9 369.8 367 365.8 366.1 366.4 366.6 367.2 367.5 360.1 355.5
417.4 417.6 418 418.1 417.8 417.3 416.6 415.7 414.8 413.5 412.3 411 409.8 410.4 409.7 407.9 406.1 403.8 404.1 402 400.5 398.3 397.4 396.6 394.9 396.7 396 393 390.8 388.8 387 385.1 383.3 380.3 375.5 375 378.3 377.6 370 375.6 379 382.4 386 388.3 390.9 394.3 395 394.1 395.2 395.3 395 394.6 393.8 393.1 393.2 395.5 395.9 390.4 387 385.9 386.2 383.8 383.6 381 380.7 376.4 372 369.3 368.8 367.3 366.6 366.7 366.3 366.2 366.8 361.7 354.8 353.7
416.5 415.4 414.6 415.7 415.3 414.6 413.9 413 412 410.6 409.4 408.2 408.8 408.8 408.9 406.9 404.7 402.8 403.3 400.1 397.1 394.7 392.3 393.4 392.4 391.9 394.3 390.4 388.2 387.4 385.8 384.1 382.3 380.6 379.7 380 371.1 373.6 369.9 372.2 375.2 379 383 386.3 389.7 394.4 394.4 392.5 395 394.8 394.5 394.1 393.9 394 393.7 395.3 388.8 387.5 386.1 386 385.5 381.8 380.2 380.3 377.8 372.1 369.5 369.2 368.7 367.8 367.2 367.4 368.3 366.4 362.4 356 353.3 352.7
411.3 411.2 412.9 411.1 411.6 411.4 410.6 410.3 409.2 407.8 406.5 406.7 406.6 405.9 406.4 404.9 403.4 401.9 401.7 399 397.8 395.9 394.9 393.4 390.8 386 385.5 386.4 384.8 384.3 383.8 382.5 380.7 379.1 378.4 377.3 372.8 367.3 367.3 372.5 376.9 381 384.2 386.3 388.2 393.7 392.5 393.6 394.6 394.4 394 393.7 393.4 393.8 393.6 392.7 389.7 386.4 382.3 381.2 380.7 380.5 378.4 378.2 371.7 368.3 369.1 369.1 368.6 368.1 367.3 368.1 367.2 363.5 356.1 352.5 352.4 352.7
408.3 408.1 406.4 408.3 408 407.9 407.5 407.6 406.5 405.9 404.5 404.4 403.9 403.3 403 402.5 401.5 400.7 400.8 399.7 398.5 396.8 393.3 390.8 388.2 385.3 383.6 379.4 381.3 381 380.7 380.2 379.1 377.5 376.1 375.6 374.4 366.3 364 374.3 378.8 382.4 384.1 385.5 387.6 394.4 394.4 394.3 393.6 393.5 393.6 393.3 393 393.1 392.8 389 385.8 383.1 380.9 381.6 380.8 376.1 375 374.9 367.9 365 369.9 368.7 368.5 368 367.4 367.6 363.6 353.8 352.5 352.3 352.3 352.6
403.1 405.1 406.4 404.6 403.8 404.2 404 403.6 407.4 406 403.5 402.3 401 400.8 399.4 399.1 399 398.9 399.6 400.4 400.2 395.3 390.9 388.3 385.5 384 382.2 380.8 376.2 379.2 378.9 378.6 377.1 376.4 375.3 377.3 375 366.4 363.3 374.8 377 380.4 382.2 384.7 391.7 393.9 393.9 393.5 392.7 392.6 392.5 392.6 392.6 392.5 390.7 384.4 382.6 382.6 380.4 377.8 374 372.3 373.3 369.7 367.1 366.9 368.9 367.7 367.5 367 366.9 365.7 355.3 353.2 352.9 352.5 352.3 352.4
401.1 401 401.5 400.5 397.6 398.5 398.3 397.1 396.2 398.3 399 397.2 394.8 393.9 396.6 396.5 396.7 396.9 396.9 397.1 396.4 393.8 388.7 385.9 384.2 382.4 381 379 374.3 376.2 378.2 377.1 374.9 372.9 372 371.9 371.6 366.4 359.6 371.3 375.6 377.9 380.4 384.9 389.5 392.6 393 392.7 391.8 391.7 391.6 391.5 391.5 390.1 386.7 382.1 380 380.2 376.4 372.8 372.5 374 368.2 368.1 366.6 367.1 367 366.6 366.4 365.6 361.6 357.5 354.1 353.7 353.4 353.3 352.8 349.8
396.4 394.9 396.4 395.3 392.8 392.9 392.8 392.4 391.9 393.1 396 394.3 391.8 391.9 390.8 390.5 392.8 393.8 393.1 392.5 392.1 390.5 386.6 384.4 382.6 380.9 379.8 376.3 373.5 375.8 376 374.9 372.7 371 370.8 369.2 368.2 359.7 361.7 370.3 373 375 378.1 382.5 386.9 390.6 389.6 391.3 391.5 391.6 391.1 390.5 389.1 386.2 382 378.6 377 374.1 372.6 373 372.6 368.7 367.7 367.1 367.5 368.4 367.4 366.4 365.4 361.5 357.5 355.2 355 354.7 356.4 354.7 350.3 346.9
392.8 392 391.5 390.7 388.5 387.7 388.2 388.4 387.6 388.6 389.2 390.9 390.5 389.6 388.5 386.3 386.6 387 387.8 388.5 388.6 386.8 384.5 382.3 381.1 379.7 377.3 374.2 372.3 373.7 373.2 372.7 370.5 367.6 367.7 365.8 365.9 357.1 360.3 366.7 369.3 372.1 375.1 378 382.2 386.1 385.9 387.8 390.1 389.7 389.2 386.5 384.7 380.6 378.4 375.5 370.6 370.3 371.6 370.7 371 368.2 367.8 367.7 370.7 369 368.8 367.9 363.2 359.6 355.9 356.1 356 356.4 355.7 349.1 346 345.2
388 386.1 384.7 383.9 382.8 382.5 384.2 384.3 384.7 385.1 384.7 385.6 386.5 385.5 384.9 383.2 382.4 381.5 382.6 383.4 383.9 383.4 381.8 380.8 378.2 376 374.6 372.6 371.1 370.9 370.4 370 368 364.1 363.8 362.2 364.3 361.8 353.8 362.6 366.3 369.4 371.2 373.7 376.3 380.1 382.6 385.9 385.4 383.8 381.5 382.1 379.2 375.1 373.4 370 369 368.1 368.6 368 368.4 368.5 368.1 369.3 369.8 368.8 368.6 366.1 362.8 359.6 358 358.1 357.4 356.1 347.8 345.6 345.3 345.2
382.1 380.8 379.5 380 380.5 380 379.1 379.1 379.9 379 379.8 381.6 384.2 381.1 381.7 379.9 378.4 379.8 378 378.2 379 379.2 379.5 379.6 377.2 375.3 373.5 370.8 371.3 369.3 368.6 367.8 365.2 362.9 361.7 360.1 359.9 362.6 353.3 359.1 364.5 364.8 367.5 369.4 372.5 375.4 377 378.5 377.5 375.1 376.8 376 374.1 370.5 368.7 368.6 367 367.1 368.5 368.3 369.1 369.2 370.2 371.4 370 369 372.3 367.8 364 361.4 361.1 364.4 355.5 348.6 345.6 345.3 345 345.3
375.4 375.6 375.4 376.5 375.7 374.5 373.7 375.3 375.3 375 375.3 377.7 378.9 376.9 376.2 374.6 376.4 375.3 374.4 374.6 375.3 376.3 376.2 377.9 375.7 375 372.4 370.4 368.4 367.9 365.7 364.2 363 361.3 359.3 359.7 360 356.6 351.5 357.8 362.1 363 366.6 367.8 368.6 369.6 371.1 372.3 371.6 370.8 370.9 369.3 368.4 369.2 368.5 367.7 367.6 368.2 368.4 369.6 370.1 370.3 372 371.9 370.2 379.8 372.2 367.5 364.9 365.5 367.2 358.3 349.8 346 345.6 345 344.7 345.3
369 369.7 370.7 375.1 369 370.1 369.1 370.3 371.3 371.7 372.4 376 376.4 375.5 374.1 373.6 373.5 373.1 370.6 372.4 373 373.6 373.5 373.5 372.2 370.7 370.7 368.1 368.4 368.3 365.4 362.1 361.9 358.8 357.3 357.8 356.7 355.5 353.1 356.7 357.9 359.2 363.2 364.7 365.2 364.2 370 366.2 368.4 367.8 365.2 365.3 366.1 366.2 366.1 366 366.5 366.8 368.1 370.1 370.9 371.7 373.8 373.2 385.4 373.1 370.7 370.8 374.8 368.6 358.9 351.6 348.8 347.2 346.2 345.5 344.7 344.9
364.4 365.3 364.3 366.5 367.3 366.7 366.1 366.4 368 370.8 370.9 371.4 371.6 371.1 370.5 370.3 369 369 369.9 371.4 367.8 370.4 370.8 370.8 370 368.7 368.3 366.6 366.4 364.6 361.9 358.7 355.3 353.9 355 355.4 352.2 347.6 355.5 356.3 355.4 356.8 357.3 358.6 361.1 360.5 362.2 363.6 361.8 360.6 361.3 359.4 361.2 363 363.8 364.4 364.7 365 368.9 370.4 371.2 371.9 375.5 386.7 376.2 375.1 381.9 372.2 366 359.4 352 351.4 349.8 347.5 346.5 345.2 344.7 344.9
360.3 360 362.2 362.6 360.1 363.7 362.9 365 365.8 368.3 369.2 368.7 369 368.6 367.9 367.2 366.7 365.4 364.9 364.9 366.2 366 367 366.2 366.5 366.4 365.5 365.2 364.7 360.4 358.7 355 351.6 351.8 352.6 352.3 345.7 351 354.7 355.2 353.4 353.2 353.4 353.8 354.5 355.6 356.2 355.1 355.3 355.4 356 356.8 358.5 361 361.2 361.8 364 369.2 371.1 371 372.4 377.3 388.6 378.4 377.4 382.3 375.2 367.7 360.1 353.4 353.2 352.1 350.8 348 346.2 344.7 344.7 345
356.1 355.2 356.1 359.1 357.8 357.8 361.2 365.2 363.2 364.2 365 365.5 366.7 366 365.3 364.5 362.1 361.4 361.2 362.4 364.2 365 362.8 362.2 364 363.4 363.6 364.1 361.4 356.7 353.3 351.8 348.2 348.5 349.2 348.3 338.9 346.7 349.5 351.7 350.8 349.9 350.2 350.5 351.3 351.6 352.4 352.3 350.9 351.8 353.4 354.3 356.8 359 361 362.3 365.8 369.6 371.4 372.8 380.5 385.4 380.2 378.1 381.9 375 368.9 359.6 353.8 353.5 353.2 352.4 351.4 347.9 345.7 344.5 344.4 344.1
