data/260000-900000.asc
ncols 200
nrows 200
xllcorner 260000
yllcorner 900000
cellsize 50
[rows 140 to 174 of 200, columns 0 to 78 of 200]
204.1 205 206.3 206.5 206.8 207.4 208.3 209.7 210.1 210.2 211 211.6 212.8 214.3 215.1 215.4 215.8 215.7 215.3 214.8 213.7 213.7 213.7 216.8 219.2 219.3 220.4 223.5 226.2 228.6 230.8 232.1 232.4 231.2 229.7 228.8 230.2 232.1 231.5 231.1 231.6 233.4 234.1 233.5 235.1 234.4 233.3 232.7 233 231.9 232.7 230.7 228.8 226.5 226.1 225.8 228 229.8 230.5 229.9 236 244.1 252.3 261.7 270.9 277.8 284.6 292.7 299.1 305 309.8 312.9 314 314 314.1 312.6 311.6 311.5 314.1
202.3 203.7 204.2 204.4 204.7 205.4 206 207.3 208.5 208.4 208.8 209.4 210.5 211.5 211.8 211.6 211.1 211.3 211.6 211.2 210.3 209.5 210.4 212.1 214.1 215.5 215.6 217.3 221.6 225.6 227.6 230.8 233 232.5 230.3 227.3 224.5 222.5 221.3 221.1 222.3 223.3 224 224.4 225 223.1 223 223.6 223.9 222.6 223.3 222.6 223 222.2 221.4 222.4 227 227.5 228.4 229.1 233.4 238.7 246.3 260.1 272.8 277 283 287.4 294.6 302.1 304.8 306.3 307.4 308.8 309.9 310.1 309.4 308.8 308.4
198.5 200.1 201.4 201.7 201.7 202.6 203.5 205.4 206.5 206.7 207.1 207.1 207.2 208.5 207.7 207.2 206.6 207.2 207.3 207.2 207 206.2 207.2 208.9 209.3 211 212.1 213.4 215.9 218.1 220.9 225.6 227.5 226.3 225.9 225.1 223.2 222.6 220.6 218.9 219.2 218.1 216.3 216.1 214.9 215.1 214.8 214.3 214.6 215.8 215 213.5 214.5 215.2 215.1 218 222.4 225.1 226.7 226.3 230.7 237.6 248.6 258.4 271.1 277.5 281.2 284.4 293 300.1 304.5 305 303.7 304.8 306.1 307.4 307.7 307.5 307.2
195.4 196.3 197.7 198.6 198.8 199.8 201.1 202.5 203.1 203.2 203.3 203.2 203 203.4 203.7 204.4 204.1 203.2 203.1 202.9 202.8 202.7 203.4 204.1 206.2 207.4 209.6 212.8 216.4 216.1 217.5 218.6 221 221.2 222.5 224.3 222.9 222.6 219.6 217.1 216.1 213.6 211.9 210.3 209 208.7 209 208 208.1 207.8 207.3 209 210.1 210.4 211.1 212.9 215.7 220.1 223.6 225.3 229.4 237.8 248.4 255 268 275.9 280.5 283.1 290 297.3 302.4 303.3 301.4 300.7 306.7 312.1 308.6 306.5 306
192.7 192.8 194.5 194.9 195.2 196.7 197.9 198.3 199.1 199.7 199.4 199.2 199.1 199.7 199.7 199.6 199.7 199.5 198.7 198.2 197.8 198.9 199.9 201.4 204 205.4 206.6 211 214.2 214.6 214.6 215 217.3 218.4 217.9 221.2 220.2 218.5 217.5 214.7 211.4 208.8 207 205.6 205.6 205.3 204.9 204.4 203.3 202.8 204 205.3 206.6 207.5 208.3 210.1 216.1 220.9 221.4 226 231.1 238.6 245.3 252.1 263.4 274.2 279.9 282.5 286.6 292.4 296.5 298.4 295.6 294.4 303.8 310.3 314.5 310 305.9
190.4 191.8 192 191.6 191.7 193.3 193.7 193.3 194 195.7 196.8 196 195.8 195.9 195.8 195.9 195.7 195.8 193.9 192.5 194.2 195.7 196.8 199.1 200.6 203.2 204.2 207.1 209.6 209.4 209.2 209.7 211.5 213.1 213.2 212.7 213 211.9 209.7 208.6 206.5 204.7 203.8 203 203.1 202.9 202.8 202.2 201.2 199.8 200.7 202 203.7 205.2 205.3 206.8 210.6 216 219.7 225.4 231.3 238 243.1 249.6 257.9 269.5 278.5 281.9 284.1 287.6 290.4 291.2 292.3 292.7 294.2 300.2 303.5 305.8 305.3
189.3 189.2 188.8 188.4 188.3 189.1 189.4 189.5 190.7 192.8 194.2 193.8 193.6 193.4 193.3 192.7 191.8 191.3 190.3 190.3 193.4 195.4 196.5 196.5 197.3 199.3 200 200.9 202.2 202.5 203.3 203.4 203.1 203.7 203.1 204.1 203 202 201.2 200.8 200.8 202.4 202.2 201.2 200.4 200.4 200 199.2 197.9 197.2 197.5 199 200.4 203 202.3 203.7 206.5 214.2 218.6 222.4 227.5 233 239 246.6 253.4 264 274 279.2 283.2 285.5 288 289.8 291.1 292.2 297.5 304.3 308.4 310.9 310.3
185.9 185.7 185.5 185.2 185.1 185.7 186.4 187.6 188.9 189.2 191.4 191.9 191.8 191.6 191.5 190 189.3 188.5 188.3 189.1 194.4 195.4 195.6 195.7 195.3 196.4 196.9 196.4 197.6 198.9 198.2 197.4 197 196.8 197.2 195.2 195.2 194.4 194.6 196.3 197.2 199 199.8 199.6 198.7 197.1 195.7 195.4 194.9 194.7 195.1 194.7 196.5 199.3 199.5 201.8 206 212.1 216.3 219.8 222.4 229.3 233.8 243.2 252.6 265.3 272.6 277.3 280.6 284.6 287.9 290 291.9 295.6 301.9 308.9 313.4 316.3 317
182.6 182.9 182.9 183 183.6 184.3 185.2 187 188.1 188.8 189.6 190.3 190 189.8 189.6 188.1 187.2 186.6 186.6 187.8 191.9 194.5 194.9 195 194.1 192.7 194.7 195.3 194.4 194.4 193.8 192.6 191.1 190.4 189.9 189.6 190.2 190.5 191.1 193.3 194.5 196 196 196 195.4 194 193.6 193 192.4 192 190.9 190.6 191.5 193.7 195.3 199.7 203.4 208.2 213.1 220.6 225.5 230.1 234.1 238.9 248.4 260.5 269.7 274.5 277.9 282.7 288.7 292.6 296.1 300.1 305.6 311.4 316.7 320.2 321.3
180 180.8 181.4 181.3 182.2 183.2 184.7 186.5 187.7 188.4 189.1 190.2 190 188.8 187.6 186.4 185.8 185.4 185.4 185.9 187.6 192.3 193.9 194.1 193 191 189.1 191.6 190.4 190.2 189.7 188.3 187 185.7 186.3 187 188.4 189.8 190.5 191.1 191.2 191.7 192.2 192 191.4 191.2 192 190.8 190.1 188.8 187.2 187.9 188.8 189.4 193.3 199.5 201.9 207 212.7 219.6 227.2 231.3 233.7 236.4 240.2 252.2 263.1 269.3 275.5 281.7 288.3 295.6 300 304.2 310.7 314.4 320.1 322.9 324.4
174.8 176.7 178.4 179.7 180.8 182 184 186.4 188.3 188.5 189.1 190.1 190.3 189.1 187 185.3 184.7 184.2 184.1 184.6 185 188.8 191.1 191.5 191.4 188.6 185.9 186.9 186.6 185.8 184.9 185.2 184.9 184.8 185.5 186 187.3 189 190 189.5 189.6 189.9 190.2 189.6 188.5 187.7 187.6 188.6 187.2 186.3 185.6 185.6 185.6 187.4 193.8 199.6 200.4 206.3 212.1 217.9 224.8 229 232.7 234.2 236.3 243.4 256.9 265.7 272.2 278.8 286.3 294.1 300.7 307.3 312.6 317.1 321.2 323.9 325.5
171.8 174 175.8 177.6 179.9 181.2 183.3 186.6 188.6 189.5 189.9 190.8 190.3 188.7 186.5 184.7 183.8 183.1 182.9 183.2 183.4 184.6 186.7 187.8 187.4 185 184 183.6 183.5 183.2 183.5 184 184.9 183.9 184.6 185 186 188 188.4 188.4 189.3 190 190.4 190 188.6 185.6 185.6 185.6 185.6 185.6 185.6 185.6 185.6 185.6 190.2 194.4 199.1 205.3 208.3 214 221.4 226.3 229.5 231.5 233.7 239 252 262.3 271.4 275.8 283.3 290.8 298.7 306.4 313.1 318.1 321.4 324.9 326.7
171.1 173.8 175.1 177.4 180.1 181.8 183.4 187.9 189.6 190.9 191.2 190.6 189.5 187.6 185.9 184.2 183.1 182.1 181.8 182 182.2 182.2 183.2 183.9 183.6 182.6 182.9 184 185 185.7 186.9 188.5 188.4 187.8 187.5 187.1 187.7 187 188.9 188.6 190.1 190.7 190.8 190.1 188.4 185.6 185.6 185.6 185.6 185.6 185.6 185.6 185.6 185.6 187.7 190.5 194.2 201.1 204.5 212.1 217.1 221.6 226 227.8 232.9 237.5 247 257.8 268.4 274.4 279.8 287.2 293.5 301.6 310.4 316.8 322.4 326.5 329.6
169.7 174.5 176.7 178.8 180.9 181.4 182.3 185.1 187.5 189 190.2 189.9 188.3 186.9 185.4 183.5 182.1 181.4 180.9 180.9 181.2 181 181.4 181.5 182.3 183.7 184.8 186.8 189.3 191.3 192 193.5 194.2 193.8 193.3 193.2 193 192.6 192.5 190.4 191 191.2 190.9 189.2 187.9 185.7 185.6 185.6 185.6 185.6 185.6 185.6 185.6 185.6 187.7 187.6 185.9 194.8 199.5 203.8 214.7 219.6 223.4 224.9 230 237.6 246.4 254.1 261.3 269.5 277.2 285.1 290.2 295.1 303.7 311.8 320.3 326 328.9
169.6 171.1 176.3 178.5 180.6 181.9 182.1 182.7 184.9 186.7 187.5 188 187.7 186.5 184.8 182.9 181.3 180.8 180.3 179.9 180.2 180.2 181.9 183.8 184.7 185.4 187.5 190.4 193.4 196.8 198.6 200.5 200.8 201.3 199.4 199.7 202.1 201.3 198.3 196.8 195.9 196.8 194.9 191.4 190.7 189.7 185.6 185.6 185.6 185.6 185.6 185.6 185.6 185.6 185.6 185.6 185.6 193 196.4 201.6 213 217.6 220.5 222.6 228.3 237.4 245.7 252.8 257.5 264.5 275.8 281.7 288.3 291.6 297.1 305.1 316.8 322.8 325.4
169.6 170.4 173.8 176.6 179.4 180.6 181.2 181.8 182 182.7 184.3 184.8 184.8 184.7 183.7 181.7 180.8 180.3 179.7 179.2 179.7 181.6 185.3 188.9 188.5 189.7 191.8 194.1 198 201.3 205 207.3 207.6 206.8 207 208.4 210.1 210.5 209.8 207.9 204.8 205 204.5 201.9 197.9 194.1 190 189.3 190 185.6 185.6 185.6 185.6 185.6 185.6 185.6 185.6 185.6 190.5 197.4 208 213.5 215.8 224.1 229.3 236.3 244 253.9 257.8 261.1 268.4 277.1 284.8 289.3 292.4 299.4 311.6 318 321.8
169.5 170.7 174 176.1 178.5 179.5 180.2 180.9 181.1 181.5 181.6 183 182.9 182.3 182 181.2 180.4 179.5 179.3 179.5 180.5 182.3 186.3 189.6 191.8 194.4 196.9 199.4 202.6 206.9 210.3 213.2 215.5 216.8 218.3 219 220.4 220.3 220 218.8 216.3 213 210.2 208 201.9 197 192.9 191.7 191.3 188.1 185.6 185.6 185.6 185.6 185.6 185.6 185.6 185.6 187.9 193.5 204.5 207.9 215.6 223.6 227.7 234.4 244.8 253.3 257.6 260.4 263 272.2 281 286.9 288.9 290.9 302.6 310.9 315.6
169.6 171.4 173.2 175 177.3 178.2 178.9 179.9 180.6 181 181.3 181.7 181.5 181.3 181.2 180.8 180.2 179.1 179 180.1 181.2 183.3 187.2 191.5 194.8 198.7 202.9 205.8 209.2 212.6 216.2 220.8 224.5 227 229.5 230.8 231 230.5 230.3 229.5 227.1 223.3 218.6 214.3 210.1 205.4 201.8 197.5 194.5 192.3 186.2 185.6 185.6 185.6 185.6 185.6 185.6 185.6 190.1 196.4 201.5 209.5 216.8 222 227.8 235.6 243.7 252.2 257.4 260.5 262.1 263.5 274.5 281.6 283.9 283.3 288.5 299.5 308.4
167.8 168.9 170.6 172.4 174.6 176.2 176.8 179.3 180.2 180.5 180.9 180.9 180.6 180.7 180.4 179.9 179.6 178.5 179.8 180.7 182.2 185.1 188.4 193.9 198 202.3 206.7 211.4 215.2 219.5 224.5 229.2 233.5 237.1 239.5 241.5 242.2 242 240.7 238.5 236.1 233.4 229.7 226.6 223.2 219.6 214.6 207.9 202.1 196.5 189.4 185.6 185.6 185.6 185.6 185.6 185.6 185.6 189.4 196.2 200.6 208.4 216.8 220.8 227.6 234.8 241.9 249.6 256 260.5 262.6 263.9 264.7 271.3 277.2 277.9 278.6 288 296.9
166.8 167.5 168.9 170.1 171.5 173.5 175.9 178.5 179.8 180.1 180.4 180 179.9 180.2 179.6 179.1 178.8 179.4 180.5 181.7 184.3 187.1 190.4 196.2 201.4 205.8 210.5 215.7 221.5 227 232.1 236.2 240.3 244.1 247.5 248.9 249.5 250 249.5 247.3 244.8 241.5 237.7 233.6 229.4 225.3 221.6 215.3 207.2 200.1 193.5 185.6 185.6 185.6 185.6 185.6 185.6 185.6 187.6 194.3 199.4 207.2 215.3 219.5 227.2 234.4 241.5 247.1 254.2 259.3 262.8 265.2 265.6 265.5 266.8 270.2 271.5 277.8 285.4
165.4 166.1 167.1 168.6 170 171.1 174.1 176.6 178.2 179.5 179.7 179.3 179 179.1 178.8 178.9 179.9 180.7 181.3 183.6 186.1 189.6 193.5 198.8 204.4 209.9 214.7 219.8 226 232.1 238.1 242.6 246.3 250.1 253.5 255.5 256.3 256.7 256.5 254.5 252.4 250.4 246.7 242.9 238.3 234.3 229.2 223.3 216.1 206.7 198.1 189.4 185.6 185.6 185.6 185.6 185.6 185.6 188.9 194.6 198.7 205.8 214.3 218.1 225.3 232.9 240.1 245.9 251.6 256.5 261.2 264.6 264.6 265.2 265.3 264.5 265.8 267.9 273
163 164.2 165.6 167.1 168.5 169.1 171.5 174.5 176.4 178.1 178.9 178.2 177 178 178.8 179.5 180.5 181.5 182.3 184.5 186.8 190.8 196.4 202.2 207.8 213.7 218.8 223.1 229.1 235.2 241.3 246.8 251.7 255.6 258.9 261.5 262.3 263.1 263.8 263.3 262.3 260.1 257.7 253.8 249.8 246 243.2 238 227.9 220 214.7 200.4 185.8 185.6 185.6 185.6 185.6 185.6 185.6 191.4 196.2 203 211 217.7 221.7 229.1 236.2 242.7 248.3 252.9 258 261.9 264.3 264.8 264.7 262.7 260.8 261.2 262.2
161.5 163.1 163.7 165.3 166.7 168 169.6 172.2 174.3 175.9 176.3 176.5 176.7 179.3 180 182.4 183.2 184.1 184.9 186.6 190.5 193.9 199.6 205.5 211.4 217.2 221.6 225.8 229.9 236 242.7 249.8 255.1 259.7 263.2 266.1 268.5 270.3 270.9 271.4 271.2 270.4 268.2 263.9 257.9 252.5 249.9 248.8 241.5 233.8 226.9 213 192.6 185.6 185.6 185.6 185.6 185.6 185.6 186.7 194.6 200.3 207.5 214.4 219 226.1 232.1 238.7 244.3 249 254 258.2 260.6 263.9 265 262.6 260.4 257.5 256.3
160.9 162.4 162.9 163.2 164.5 166 167.4 169 171.7 173.6 173.9 173.1 178.1 180.1 182.8 186.3 187.1 188 190.8 193.4 196.9 200.9 204.2 208.5 214.8 219.4 223.5 227.9 232.2 236.9 244 251.5 257.4 262.4 266.9 270.2 273 275.3 276.9 277.3 277.3 276.8 275 269.8 262.9 254.6 250.1 248 245 241.2 235.2 219.5 203 193.9 185.6 185.6 185.6 185.6 185.6 185.6 192.8 198.2 204.1 211.4 217.5 223.6 228.6 234.7 240 245 248.6 253.4 257.1 261.6 263.3 262.5 260.4 256.9 254.9
161.5 161.6 162.3 161.8 162.9 163.7 165.5 166.6 168.4 170.5 172.2 176.3 179.7 181.8 185.7 189.5 192 194.6 197.9 200.8 203.4 207.4 210.2 212.4 216.8 221.2 224.7 229.8 233.8 238 244.7 251.6 258.3 264.3 269.6 273.1 276.6 279 280.8 282 282.2 283.3 281.6 274.1 268.3 261.9 253.7 248.7 244.9 238.7 233.5 225.3 212.2 200.7 188.4 185.6 185.6 185.6 185.6 185.6 191.5 197.2 203 209.3 215.1 220.9 226.1 229 233.8 241.2 245.2 248.8 253 254.8 256.8 259.5 259.3 256.3 254.1
161.5 161.8 162.8 164.4 164.9 162.7 164.6 165.3 167.2 171 174.5 177.8 181.2 183.4 188.1 193.3 198.7 201.5 205 208.2 210.6 213.6 215.9 217.3 218.9 222.8 225.6 230.8 234.8 239.2 245 251.8 258.6 264.6 270.4 275.2 279 281.4 283.6 287.5 289.3 290.1 291.2 290.1 285.5 279.2 270.8 261.3 251.8 243.1 237.3 227.4 217 204.5 192.3 185.6 185.6 185.6 185.6 186 194.1 198 202.7 208.2 213.8 218.5 221.9 226.3 229.9 235.8 242.2 245.6 247.9 249.6 251.6 253.6 255.1 256.3 254.3
161.1 161.9 162.4 163.9 163.9 163.1 164.3 165.9 169.6 173.6 177.1 180.4 183.1 186.1 190.3 197.7 203.7 207.8 211 214.5 217.7 219.4 221.2 222.3 223 224.2 226.2 230.8 234.8 238.4 244.5 251.5 258.3 264.9 270.2 275.3 279.4 282.2 283.8 288.2 293 294.8 294.7 294.9 294.6 289.5 282.2 273.2 264.3 253.9 241.8 233.6 223.5 207 197.8 189.2 185.6 185.6 185.6 188.7 195.3 199.1 202.7 207.6 212.2 216.8 220.4 224.6 227.9 232.3 237 243 245.3 246 246.2 247.6 249.4 252 252.4
159.4 159.9 161 162.9 163 163.7 165.7 168.7 173.1 176.7 180 183.1 186.1 190 194.7 200.2 207.3 212.8 216.5 220 222.9 224.6 226.3 227.6 227.2 227.1 228.5 232.3 235.1 239 243.7 250.1 256.5 263.2 269.1 273.5 278 281.7 284.5 287.5 289 291.8 293.3 294 294.4 293.3 287.8 280.1 271.2 260.1 250.6 238.5 226.1 213.3 204.4 193.9 185.6 185.6 187 190.6 195.4 196.6 202.9 204.8 212 215.4 218.8 222.4 225.9 229.6 233.5 239.1 241.1 241.6 242.6 243.6 244.6 245.1 246.5
158.6 158.6 159.8 162.5 162.9 164.1 167.7 173.7 177.9 181.1 183.7 186.9 190.4 194.4 199.1 203.3 209.6 215.2 219.8 223.6 227.2 229 229.9 230.9 231 230.9 231.2 235 237.4 239.9 244.1 248.5 254.4 260.6 266.9 271.8 276.1 279.7 283.2 285.6 287 288 288.6 289.2 291 292.6 290.9 285.4 275.9 268.5 259 246.1 233.7 222.1 210 202.7 193.2 185.6 187.2 190 192.5 197.8 203.1 207.3 213 215.8 218.9 221.8 223.6 228.1 233.1 238.5 239.9 237.4 238.7 241 241 241.6 241.6
157.4 158 159.4 161 162.6 166.1 171 179 182.9 185.7 188.9 192.1 196.1 200.1 204.1 207.9 213.2 217.9 222.4 226.6 230.4 232.2 233 233.5 233.7 234.7 234.6 236.1 238.3 240.7 243.9 247.8 251.8 258.1 264.6 269.8 273.9 277 281.2 284.2 286.6 287 287.6 288.7 289.5 289.3 288.9 285.2 277.4 271.4 264.4 257 247.5 234.7 223 207.4 198 193 186.6 188 190.9 196.5 201.4 206.5 212.6 216.2 218.3 221.4 223.7 228.7 232.8 238.9 244.6 245.1 245.1 244 244.4 243.9 244
157.1 157.8 158.9 160.7 162.5 171.3 176.1 180.3 185.5 189.9 193 197 201.4 205.2 208.7 213.3 218.2 222.8 227.4 231.6 235.3 238.1 239.7 239.1 238.9 238.1 238.6 239.3 239.7 241.1 244 246.2 249.8 255.1 259.4 264.5 268.8 272.6 277 282.9 286.1 285.9 287 288.2 290 290.7 289.7 286.4 281.8 275.8 268.9 261.5 254.1 243 229.5 217 204.7 194.6 187.9 187.1 189.2 194.6 200 206.4 212 215.5 218.1 221.2 224.4 229.3 233.2 237.1 241.5 246.2 248 247 245.5 245 245
156.7 157.6 158.7 160.5 165.5 174.6 179.7 184.6 187.7 192.5 196.1 200.7 205 208.6 211.8 215.9 219.9 225.2 230.5 235.6 240.1 242.5 245.4 247.1 245.4 243.8 244.1 244.9 244.6 244.2 245.2 246.8 248.4 250.3 253 257.2 261.5 266.4 271.4 278 283.2 285.1 283.4 285.2 288.7 289.3 293.7 290.9 288.5 283.6 273.8 266.5 257.5 248.4 237.2 218.1 204 195.4 189.6 186.3 187.9 192.8 198.7 204.5 209.5 214.1 217.9 220.8 225.1 229.7 233.5 236.8 240.8 244.6 246.2 247 246.5 246.1 246.1
157 157.7 159.3 162.4 169.3 176 182.8 186.7 189.8 194.6 198.9 203.4 207.8 211.4 214.2 218.2 222.2 226.6 231.9 237.5 243 247.6 251.2 253.2 252.5 250.6 250.7 253.9 255.1 252.9 249.2 249.1 249.2 249.7 250.8 253.3 255.1 257.4 262.2 269.9 274.6 277.6 278.7 279.3 280.1 283.9 285.8 286.7 284.7 280.5 274.8 268.2 258.3 247.3 239.5 226.1 209.2 201.4 193.8 188.7 185.2 189.1 196.5 202.4 207.4 212.1 216.4 221.1 225.8 229.9 233.5 237.1 240.8 244 246.7 246.9 247.4 247.2 247.2
157.4 158.5 162.1 166 170.2 178 183.9 188.2 191.6 195.7 200.7 204.9 209.2 212.8 215.9 220.1 224.3 228.4 233.2 238.3 243.3 248.8 254.1 257.6 257.7 257.5 257.5 258.7 261.6 261.1 257 255.2 252.3 252.4 252 252.3 253.7 256.3 261.2 265.2 268.2 270.8 272.2 271.5 272.1 273.5 275.9 276.6 276.8 273.6 269.5 267.3 259.6 250.1 238.3 227.7 212.8 199.5 194.5 188.9 185.7 185.6 192.8 200.8 206.4 210.7 214.9 219.7 224.9 229.8 233.5 238.2 241.6 245.3 251.8 255.5 252.8 251.5 251.9
157.9 160.9 167.4 170.5 176 180.7 184.4 188.7 192.1 195.4 201.1 206 210.6 214.3 217.8 222 226.1 230.1 234.2 238.1 243.1 248.5 253.2 258.1 260.3 260.6 261.4 262.1 265.5 266.2 264.1 261.6 259.6 256.5 255.1 253.7 254.3 256.3 258.8 262.7 265.3 266.3 266.8 265.6 264.3 264 264.2 263.2 262.5 264.2 262.7 259.6 255 245 233.3 224 213.2 203.6 193.7 188.4 184.9 183.5 189.9 198.7 204.7 209 213.7 218.7 223.9 229.1 233.7 237.9 242.5 247.2 254.5 257.3 256.9 256 255.6
