data/260000-110000.asc
ncols 200
nrows 200
xllcorner 260000
yllcorner 110000
cellsize 50
[rows 70 to 104 of 200, columns 80 to 159 of 200]
159.3 159.1 158.5 156.2 153.7 150.4 145 140.3 136 135.2 134.8 122.2 113.9 109.7 108 108.5 110.4 112.4 115.5 115.7 113.5 110.5 106.9 102.9 98.7 93.3 90.2 87 86.6 87 85.1 79.7 68.3 59.1 53.6 51.2 50 52.9 56 51 46 39.7 40.9 41.2 40.6 42.3 58.4 82.7 94.3 98.9 101.1 102.7 104.3 105.5 106.2 107 109.4 114.2 121.4 125.5 130.2 132.6 134.1 135.7 135.1 133.7 130.3 131.4 133.6 130.5 120.5 130.6 138.2 143.4 148.6 153.3 157.2 160.8 164.2 167.9
157.4 157.9 157.8 157.5 155.8 153.6 151.6 150.1 149.9 149 146.4 139 130.9 123.8 122 123.8 126.9 127.9 126.8 123.9 120.2 116 112.4 108.3 103.8 99.4 96.6 94.7 90.6 88.7 87.6 85.8 80.7 75.2 70.5 67.4 66.8 69.3 66.4 52 45.7 40.3 41.9 41.8 41.2 41.5 47.6 72.5 82.2 83.2 85.2 89.5 92 94 94.1 106.7 113.8 117.8 122.1 126.1 128.3 130.2 131.2 132.6 132.1 131 123.7 125.4 128.3 119.8 121.5 131.7 135.1 140.5 145.3 149.1 152.7 156.6 161.2 164.9
156.1 158 159.6 160.8 160.1 159.5 158.5 157.7 156.1 154.1 152.2 148.2 143.4 139.2 137.1 136.9 137.4 135.9 133.7 131 127.3 122.2 117.8 113.3 108.4 103 97.8 94.6 90.5 86.8 85.6 84.9 83.5 82.1 82.1 78.5 76.6 75.8 67.3 51.6 38.7 38.5 42 41.9 41.2 40.4 44.1 58.3 64.9 62.9 67.1 73.4 80.6 90 102.4 113.2 118.7 120.5 122.5 126.4 127.1 127.3 128.1 128.9 129.9 128.1 121.8 118.4 120.9 112.3 121.2 127 130.3 135.5 141.1 144.7 148.5 153.5 158.1 161.9
155.8 158.7 160.9 161.8 162.2 162.2 161.8 160.5 158.6 156.6 154.3 151.4 148.2 144.7 142.8 141.7 140.2 138.7 135.6 132.8 129.3 124.9 120.7 115.6 110 103.4 97.7 92.6 86.1 82.7 81.9 81 79.7 79.7 79.4 78.4 76.7 72 63.9 51.5 39.6 40 39.5 39.6 41.4 40.8 43 48.4 61.5 75.6 83 87.5 94.1 102.2 112.1 117.7 121.7 123.3 124.5 125 124.6 122.3 121.5 123.1 124.2 122.4 118.7 106.7 111.5 103.6 116.1 120.4 125.4 130.4 135.2 138.9 145.8 151.5 155.9 159.2
155.8 158.9 161 162.3 162.8 162.3 161.5 159.8 157.9 156.4 154.7 152 150 147.5 144.9 142.5 140.5 137.9 134.4 131.4 129.3 125.4 120.5 115 109.3 103.4 97.1 89.4 82.8 77.3 76.5 75.8 75 75.7 75.4 73.8 72 68.9 62.5 49.8 43 41.6 41 41.2 41.1 41 43.2 47.1 69.4 84.3 91.9 96.7 102 107.9 114 118 121.4 122.7 122.9 122.8 120.6 118.1 115.9 117.3 118.7 117.2 112.8 101.7 98.9 101.3 106.2 112.9 117.5 123.2 128.7 135.9 143.9 149.9 154 156.5
154.6 158 160.3 161.9 162.3 161.6 160 158.1 156.3 155.1 152.8 151 150.7 147.4 143.6 141 138.3 134.9 131.2 128.2 125.2 122.6 119.9 112.5 106.8 100.1 94.1 86.7 80.5 74.6 71.7 70.5 70.5 70.8 70.3 68.6 66.9 64.1 59.1 50.2 41.8 42 41.7 41.5 41.4 41.3 42.2 45.3 63 81 88.7 96.2 102 108.1 113 116.9 119.3 120.7 120.8 119.1 116.3 113.3 110.8 111.6 111.4 108.9 100.1 91.1 100.4 111 118.8 122.2 125.8 129.4 133.2 138.3 144.1 148.7 152 154.2
152.3 156.3 159.1 160.7 160.5 159.2 157.4 156.2 154.5 152.1 150.2 149.2 147.7 144.8 141.4 139 136.1 132.5 128.6 124.3 119.5 117.5 114.4 108.8 103 97 90.4 83.5 78.7 73.9 70.1 66.3 65 65.2 65.6 64.2 62.1 59.5 55.7 50.7 39.5 42.1 42.2 41.8 41.7 41.5 41.2 44.4 56.4 76.5 85 93.5 100.4 106.9 111.6 114.1 115.4 115.8 115 113.4 111.4 108.4 104.4 100.8 100.3 95.9 88.3 99.5 108.8 116.9 122.6 127.9 131.4 133.7 136.9 140.4 143.5 147 150.3 151.1
150.7 155.1 157.1 158.8 158.5 156.8 154.9 153.3 150 147.3 144.7 144.5 143.2 141.4 139.4 136.9 133.5 130.7 127.1 121.5 114.2 108.7 105 102.9 99 93.7 86.8 81.8 77.4 73.1 69.2 66.2 62.6 60.7 61.3 62.8 60.4 57.6 53.5 49.7 39.5 42.5 41 42.3 42 41.8 41.6 43.8 55.2 75.4 82.9 91.2 98.8 104.2 107.8 109.6 110.2 109.7 108.6 107 103.8 100.5 96 90.4 89.4 84.6 92.1 102.7 108.5 114.5 120 125.2 128.9 132.2 135.1 137.8 140.9 144.1 145.7 145.6
152.3 155.3 156 156.7 155.9 153.8 152 149.3 146 142.3 138.4 139.7 138.6 137 135.5 134.1 131.8 129.2 126.4 122.9 118.6 111.5 103 96.9 90.9 87.3 82.8 79.3 76.3 72 68.3 64.8 61.6 58.5 55.2 57.6 57.7 55.3 50.5 47.5 39.5 39.5 42.8 39.7 42.2 42 42 44.1 56 73.3 81.4 89.4 96.9 101.1 103.3 103.8 103.5 102.6 101 98.2 94.9 91.2 85.8 82.5 81.3 85.2 93.4 99.3 105 110.2 115.3 120.4 124.7 127.8 130.8 133.9 137 139.2 140.2 138.6
152.3 155.6 155.7 155 152.9 150.8 148.8 145.7 142.4 138.4 132.8 135.2 134.2 132.7 131.1 129.5 128.2 126 125.4 122.8 120.3 114.6 108 99.8 91.6 83.3 79.1 75.8 73.8 70.9 67 64.1 61.2 58 55.8 53.7 51.2 49.3 47.3 44.9 42.9 42.7 41.7 42.2 42.2 42.2 42.1 43.5 55.4 75.3 82.9 90.8 94.7 97.3 97.5 96.6 95.4 94.8 93.6 91 87.4 83.4 79 75.7 77.3 85.8 90.8 95.8 100.3 105.1 110.5 115.3 119.1 123.1 126 129.1 132.2 134.3 135.6 133.6
150.7 153.5 153.8 152.2 150 147.8 145.3 142.1 138.6 134.8 127.2 129.7 129 127.1 125.3 123.8 122.3 121.8 120.1 118 116.9 112 106.7 99.2 91.4 83.2 78.1 74.8 71.3 68.4 66.2 63.6 60.6 58.2 56.3 54.7 51.3 50.5 48.3 44.8 43.2 43.3 39.6 42.5 42.2 42.4 42.3 42.4 55.8 75.9 83.9 89.2 90.5 89.6 87.8 86.7 85.8 84.6 84.7 84.2 80.1 78 74.6 72.7 78.9 83.6 87.4 91.9 95.6 99.4 104.4 110 114.3 117.4 121 124.2 127.2 129.4 130.6 128.5
148.3 150.5 149.7 147.8 145.1 142.5 140 137.4 133.3 129.6 124.2 121.5 122.1 119.4 117.1 115.4 115.6 115.4 114.6 112.3 109.3 104.4 99.6 95.5 90.2 83 76.8 72.4 69.2 65.9 64.1 62.4 60.4 57.8 55.5 53.9 51.3 50.5 48.9 44.6 43.7 43.1 41.7 42.6 42 40.2 42.6 42.6 52.4 72.3 79.3 81.6 80.9 78.3 75.9 74 73.4 74.4 74.5 73.3 73.5 72.1 69.5 70.4 76.5 80.3 83.9 86.8 91.1 94.6 98.4 104 108.6 112.7 116 119.3 121.5 123.2 123.9 122.4
143.6 144.9 144.1 141.9 139.1 135.9 132.7 132.1 129.2 124.4 118.6 111.4 113.1 110.1 108.5 106.9 107.7 108.1 107.1 103.2 98.7 94.6 92 89.4 85 80 74.1 69 65.9 63 61.3 59.6 58.1 56.5 54.8 52.9 51.3 50.5 50.4 47.1 43 42.8 42.8 42.7 42.5 42.7 40.2 43 47.2 62.4 69.4 72.1 70.9 67.2 64.2 62.3 61.4 62.1 64.1 64.3 65.8 66.4 64.9 65.9 70.3 74.2 78.1 81.8 86.5 90.8 94.3 100.1 104.1 107.9 110.4 112.3 114 115.5 116.6 114.5
138.4 139.1 137.6 134.6 131.5 128.6 123.5 124.6 122.5 116.5 109.6 100.4 103.7 101.8 100 98.5 98.9 99.8 97.4 93.7 89.2 86.6 83.7 81.2 78.4 74.3 69.4 65.6 62.5 60 58.3 56.7 55.3 53.4 52.8 51.3 51.3 51.1 50.8 49.9 46.2 43.3 43.2 43.2 42.7 42.9 43.1 40.2 45.8 53.8 61.3 63.4 61.3 56.3 52.6 51.8 53.6 53.4 55.2 57.1 58.3 59.9 60.1 63 64.2 66.4 72 77.4 81.8 87.3 90.1 94.8 99.2 101.2 103.6 105.8 107.2 108.1 108.8 106.7
132.9 131.8 128.5 126 122.9 119.1 113.6 112.4 112.6 107.6 104.1 95.2 96.1 94.5 92.2 90.6 90.2 90.3 87.8 84.8 82.4 80.1 77.9 75.5 72.4 68.3 64.8 61.5 58.9 57 55.4 53.9 52.3 50.4 48.9 49.1 49.1 49 49.6 50.7 49.4 46.4 44.3 43.9 42.4 43 43.2 43.5 40.4 48.3 51.9 52.9 48.5 50.3 56.2 61.2 61.7 62.2 62 61.5 61 61.9 64.1 66.7 67.3 65.6 66.2 69.5 75.9 81.5 85 88.9 93.6 95.6 96.4 98.4 99 99.8 100 97.9
126.4 122 119.1 115.8 112.2 109.3 105.9 101.9 101.8 101.1 98.4 91.8 87.9 87.3 85.4 82.8 83 82 79.8 78.6 76.3 74.1 71.8 69.8 66.4 63.1 60 57.5 55.9 54.1 52.5 51 49.4 48.5 47.7 46.8 46.9 47.5 45.4 45.4 46.7 45.9 44.2 44 43.4 43.1 43.2 43.2 41.1 43.9 46.8 46.2 53.4 58.1 62.7 65.7 67.9 70.1 71.7 71.2 70.8 71 74 76.6 78 77.1 77.3 74.4 70.3 72.4 77.4 81 85.2 87.6 89.3 90.1 90.2 90.7 90.1 90.2
117.4 111.9 109.7 106.1 103 99.8 96.5 92.9 92.4 92.2 89.1 84.7 79.8 81.2 80.5 78.3 75.8 73.8 72.5 72 70 68 65.9 64.4 62.3 59 55.9 53.2 51.9 50.6 50 49 49 48.4 46.8 45.8 44.7 45.9 44 44 43.7 43.7 43 43.5 43.7 43.4 43.2 41.8 43.5 45.3 46.6 52.1 56.5 60.5 64.8 67.7 71.5 75.9 79.5 81.1 81 81 84.7 87.3 88.7 88.9 87.7 85.9 80.2 75.8 72.6 73.2 75 77.8 79.6 81 81.4 82.6 83.6 86.4
108.1 101.3 98.3 96.8 93.6 90.3 87.1 84.7 83.3 82.2 80.6 77.7 73.9 74.8 74.1 72.2 68.6 67.2 65.8 63.8 62.3 60.7 59.6 58.4 56.1 52.6 49.3 49.5 49.2 49 48.2 47.5 46.8 45.7 45.7 45.5 45.7 46.1 45.6 45.2 44.6 43.9 44 43.5 43.7 43.6 43.3 41.2 43.1 45.1 47.6 52.3 57.9 62.2 66.2 69.6 72.9 77.9 82.7 87 89.9 91.9 94.5 96.3 98.4 100.5 100.4 98.1 93.2 87 82.2 79.4 78.8 79.3 80.4 81.8 85.2 86.5 88.3 92.8
97 90.8 87.9 86.8 85.6 82.3 80.5 78.8 76.9 75.6 73.8 71.2 68.3 68.1 67.8 64.4 60.7 60 57.1 54.8 53.8 53.8 52.8 51.8 50.5 50.4 48.5 49.8 49 49.1 50.1 49.7 50.2 48.1 48.4 48.3 48.4 46.9 47.2 47 45.6 44.5 43.9 43.5 43.5 43.7 43.5 43.3 43.5 41.2 46.2 52.1 57.6 62.4 66.2 70.1 74.1 79.8 84.7 90.3 94.6 98.2 100 102 104.9 107.2 107.3 106.1 103 97.7 92.4 88.6 87.1 85.9 86.4 90 91.1 90.9 92.5 97
85.4 82.5 79.9 78.4 76.8 75.5 73.9 72.2 70.4 69.1 67.1 64.2 61.2 61.3 59.9 57.4 56.1 55.6 54.6 53.7 53.5 53.1 52.6 52.1 51.4 51.7 53.2 53.9 53.7 54.2 54.6 54.1 52.6 51.8 51.7 51.1 50.4 49.6 48.7 47.6 45.9 44.4 43.8 43.4 43.4 43.5 43.6 43.4 41.3 42.6 45.1 51.9 57.4 62.3 66.7 71.2 75.1 81.4 86.9 91.9 96.9 101 104.9 107 110.6 111.9 111.5 111.6 110.2 106.9 102.4 97.3 94.5 91.6 92.4 93.4 94.4 95.6 97.2 99.9
79.3 75.8 72 68.6 66.7 64.8 64.8 64.7 61.7 59.3 59.8 58.6 58 57.3 56.7 55.5 54.9 54.8 54.6 54.1 54 54.1 55.5 57.3 60.5 62 63.3 62.5 61.3 59.8 58.1 56.9 55.2 54.6 53.6 52.9 52.3 50.9 49.2 47.8 46.2 44.5 43.7 43.3 43.3 43.4 43.5 41.2 43.7 43 44.9 51.5 57.5 61.8 66.2 70.9 75.8 81.7 86.8 91.8 96.8 101.8 105.5 108.3 111 112.5 113.8 115 115.2 115 111.3 105.7 101.3 98.9 97.6 97.8 98 99.9 102.3 104.4
70.6 65.9 64 62.8 62 60.7 59.7 59.4 58.8 59.2 58.7 58.7 59.1 60.1 63 60.7 60.6 60.7 61.8 63.3 63.3 65.1 66.9 69.2 71.1 72.3 71.7 70.2 69.5 66.9 62.9 60.5 57.9 56.7 55.6 54.8 53.8 52 50.3 48.8 46.2 44.6 43.6 43.1 43.2 43.3 43.3 43.6 43.8 43.6 43.9 51.5 57.3 61.3 65.7 70.5 76 81.5 86.7 91.7 96.7 100.3 103.5 106.5 108.5 111 114.1 116.6 118.5 119.6 117.3 113.9 110.1 107.8 104.7 103.4 104.2 105.9 108.9 111.6
63.8 62.9 62.5 62.2 61.3 60.8 59.7 61.1 61.3 62.1 62.5 64.9 66.4 67.4 69.6 69.5 69.6 69.6 71.4 73.1 73.5 75.7 77.8 79.2 80.1 81.5 81.7 80.1 76.7 73.7 70.7 66.7 61.8 59.4 57.9 56.7 54.9 53.1 51.4 50.2 46 44.6 43.7 43.1 43 43.1 43.2 42.7 44 43.8 44.3 51.8 56.4 60.7 65.3 70.7 76.2 81.4 86.6 91.5 95 97.7 98.7 101.5 104.7 108 111.9 115.4 119.8 122.9 123.3 121.4 119 117.4 114.5 111.5 112.4 116 121.1 124.8
64.2 64.8 66.8 67.1 67.9 70.5 71 71.4 71.5 72.4 73.8 75.8 76.7 76.8 77.3 77.7 77.9 77.9 80.1 81.9 82.7 84.4 86.7 88.7 90.8 90.6 91.5 89.9 87.1 85.2 79.4 72.7 66.3 62.7 60.3 58.1 56.3 54.5 52.1 50.1 46.9 44.7 43.8 43.4 43.2 43 43.4 41.3 43.9 43.9 45 50.3 56.1 60.6 65.2 70.3 76.5 81.9 86.4 89.6 92.1 92.4 93.8 94.8 99.2 104.8 109.2 114.5 120.2 125 127.9 129 127.7 127.1 125.4 123.3 124.4 129.5 133.8 137.6
67.4 70.4 75.6 77.8 79.5 81.5 82.4 82.7 83.5 83.1 83.5 85 85.1 85.3 85.4 85.5 85.9 87.9 89.8 92.7 93.9 95.8 97.5 99.6 102.3 101.8 101.2 100.3 99 94.5 88.7 79.9 72.1 65.2 62.3 59.8 57.7 55.1 52.5 50 47.1 45 43.9 43.7 43.5 43.3 43.5 44 43.9 43.9 45.5 49.6 55.8 60.9 65.5 69.7 74.8 79.8 83.7 86.2 86.7 85.7 85.2 90.1 96.5 101.7 106 112.6 119.4 125.4 130.9 133.3 136 136.4 136.8 137.3 137.9 140.5 144.2 147.6
72.2 69.5 77 83.9 87.6 90.1 91.9 92.8 93.8 93.5 94.6 96.1 95 95.4 95.9 96.2 96.5 99.4 102.5 106.7 107.4 108.9 109.6 109.7 109.8 108.1 106.7 104.6 101.4 96.6 89.6 81.4 74 67.2 64.7 62.3 58.4 55.4 52.9 50.2 47.5 45.5 44.2 44 43.8 43.6 43.6 44.1 43.7 44.2 45.9 49.2 53.7 58.7 63.9 69.1 73.5 76.8 79.5 76.6 79.6 87.9 92.9 97.1 101.9 107.2 111.9 117.1 121.1 126.6 132.2 137.6 142.5 144.7 145.1 146.3 148.1 150.4 152.9 153.8
80 71.3 74 82.6 90.4 96.7 100 102.4 103.7 104.3 105.9 107.8 109.2 109.8 109.2 110.3 111.2 113.7 115.8 117.6 116.5 116.9 116.5 115.1 113.1 111.8 109.4 105.9 101.6 96.1 89.4 81.1 73.4 71 69 65.4 61.1 56.7 53.1 49.8 47.6 45.5 44.7 44.5 44.4 44 43.8 42.6 44.1 44.2 46.4 46.7 52.2 56.3 61.6 67.1 69.2 70.1 69.2 77.6 83.8 91 95.6 100.6 106.1 112 117.5 121.8 126.5 131.2 138.6 144.3 148.5 152.2 153.7 154.1 154.7 155.6 155.5 155.1
83.7 75.3 84.5 86.6 89.4 100.8 107.8 113 116.1 120.1 122.4 124.4 125.7 126.3 126.8 125.9 125.3 124.9 125.2 124.8 124 122.7 120.8 119 116.3 113.5 108.9 105 99.5 93.1 87 80.9 78 75.5 72.8 68.5 63.8 57.9 54 50.2 47.7 45.6 45.3 45 44.8 44.5 43.8 44.1 44.6 44.8 46.3 45.5 50 53.8 57.3 60.8 61 65.4 74 79.2 84.5 91.3 97.3 104 110.4 116.4 122.3 127.4 132.6 138.2 144.8 148.9 153.5 156.6 157.6 156.9 156 155.2 154.5 153.7
85.1 80.4 92.5 96.9 95.6 100.1 109.7 119.7 126.4 130.1 132.9 135.1 136.3 135.9 135.3 133.5 132.7 131.9 130.3 128.9 128 126.7 124.2 120.3 117.1 113.1 106.6 102 96.3 92.2 90.3 87.2 83.8 80.4 76.5 71.8 66.8 61.4 55.5 51.2 48.2 46.1 45.7 45.3 45 44.9 44.1 45.1 45 44.9 46.7 46.9 48.9 52.9 56.8 60.9 66.8 70.8 74.9 79.8 84.8 92.3 100.1 107.2 113.6 119.7 127.1 133.1 138.3 143.5 148.6 152.2 156.3 157.8 157.2 156 153.8 151.5 150.4 149
85.8 90 100 103 105 103.4 108.5 120.1 129.5 135.3 138.9 141.5 142.3 142.1 141.4 140.5 138.6 136.7 134.7 132.3 130.5 127.4 123.6 120.4 116.1 112.5 108.6 104.7 101.6 100.6 98.4 94.3 89.6 85 79.2 73.8 69.2 63.8 57.5 52.5 49.4 47.3 45.6 45 44.5 45.1 42.3 44.8 45.1 45 46.9 46.3 49.1 56.7 62 65.4 68.9 72.6 76.3 80.7 86.8 94.3 103.5 110.4 117.6 124.1 131.6 138.4 142.9 147.1 151.7 154.8 155.7 155.8 154.6 152.1 149 146.9 145.5 144.2
88.4 99.3 103.9 109.4 113 113 109.5 118.8 128.9 134.9 139.6 143.1 144.7 143.6 143.2 142.6 140.8 138.3 135.8 133.2 130.7 127.6 123.5 120.5 117 115.1 112.9 109.6 108.5 107.2 105.6 98.8 93.6 87.4 80.7 75.2 70.6 65.4 59 54.1 50.6 47.7 45.3 44.5 45.3 44.9 44.8 44.7 45 45.2 47.4 46.1 48.8 57.6 64.2 67.8 71.5 75.2 80.5 87.1 93.5 100 108.3 116.1 123.4 130.3 137.1 143.4 148 151.1 151.9 153.1 153.1 151.8 150.1 147.5 144.3 140.7 140.3 139.6
96.8 104.1 109.8 116.3 123.9 124.8 124.2 122.3 126.3 133.1 139.4 143.4 146.1 146.2 146.2 145.4 142.8 139.7 136.3 133.7 131.5 129.8 125.9 121.5 118.1 115.1 112.7 111.5 110.8 109 105.3 99.1 93.9 88.2 81.7 76.7 72.3 67.1 62.4 56.7 52 48.2 45.9 43.5 45.4 43.3 45 43.1 44.9 45.2 47.7 45.6 48.3 57.1 65.4 69.6 73.7 78.6 84.8 91.1 97.1 104.5 112.9 120.4 127.5 135.8 141.7 146.9 150 150.3 150.3 149.5 148.1 146.1 143.4 141.9 139.3 134.6 132.8 133.6
101.5 108.1 115.2 124.7 131.8 134.9 135.6 132.7 133 133.7 139.6 144.9 147.7 149 148.8 146.7 144.4 142.3 138.8 134.6 132.8 129.9 125.6 120.9 117.4 113.1 112.1 110.4 109.3 107.7 103.9 99 93.8 88.6 84.1 77.4 74.2 68.9 64.4 58.9 52.7 47.9 43.5 45.7 45.6 45.1 44.5 44.6 44.9 45.2 47.6 45.7 46.3 54.8 64.1 68.8 73 80 86.6 93.5 100.5 108.4 116.6 123.6 131.3 138.7 142.9 145.1 145.8 145.1 144.4 143.7 141.6 139.4 137.9 136.6 134.3 130.2 127.5 127.6
108.5 114.1 119.8 127.9 135.2 139.2 139.1 139.6 140.1 140.4 143.1 147.7 151.1 151.2 150.7 148.7 146.7 144 141.3 136.9 133.1 129.6 125.4 120.7 116.4 111.2 109 107 106.7 104.9 102.4 97.4 93.1 89.2 82.3 76.3 72.3 68.7 63 56.3 51.5 46.9 43.5 45.8 45.6 45.3 45.2 45 45.1 45.3 47.5 45.8 46.7 52.4 61.7 67.4 73.3 79.3 86.7 94.2 102.1 110.8 118.1 125.4 132.3 136.7 139.7 140.6 140.8 139.5 138.7 137.5 135.4 133.5 133.4 132.3 129 125.1 122.3 120
114.7 120.1 124.9 130.6 137.4 142 143.1 143.7 144.9 146.5 148.5 150.1 152.8 152.6 151.7 150.4 148.1 145.3 142.2 138.5 134.6 130 125.8 121.9 117.9 113.8 109.1 101.5 100.9 100.2 96 92.4 88.1 81.6 74.8 69.9 67.3 61.3 59.2 57.9 55.1 49.5 43.5 46 45.7 45.6 45.3 45.4 45.5 45.5 47.4 45.8 46.8 50.7 62.8 68.6 74.3 79.5 85.5 93.4 102.1 110.9 118.5 124.8 129.1 133.1 134.5 135.7 135.5 134.1 132.8 130.8 129.4 129.9 129.7 128.4 123.8 120.4 115.6 116.7
