data/260000-120000.asc
ncols 200
nrows 200
xllcorner 260000
yllcorner 120000
cellsize 50
[rows 111 to 147 of 200, columns 0 to 81 of 200]
24.6 24.9 24.4 24 23.4 22.5 21 21.7 21.9 21.5 20.7 20.4 15.4 13.5 15.8 15 15.2 15.2 15.4 16.3 11.9 15.6 19.2 27.5 32.5 37.7 42.1 46.2 52.2 57.7 62.5 67.4 72.2 74 75.7 77.1 77.2 77.5 77.7 76.4 75 74.5 75 76.8 78.8 79 79.1 79.4 78.7 78.4 78.3 78.3 77.6 76.9 76.2 71.8 68.7 79.5 80.9 84.2 86.4 87.4 87.4 87.1 87.1 86.7 85.6 86.3 88.6 90.4 92.6 95 97.7 101.7 103.3 102.8 101.3 99.3 98.6 98.5 98.5 98.6
26.9 26.9 26.5 26.3 25.4 24.1 23.2 23.5 23.6 23 22.6 20.6 15.9 14.8 14.9 16.6 14.8 15 15.2 15.4 11.9 15.7 15.9 24.6 28.9 32.7 38.4 45.5 52 57.5 64.1 69.7 73.5 75.4 76.9 78.1 78 77.9 77.9 77.9 76.8 77.3 79.3 80.7 82.7 83.2 83.6 83.9 83.2 81.6 82.8 83.7 83.6 83.5 83.2 82.7 70.9 73.6 87.9 91.1 92.9 93.8 94.3 94.3 93.9 92.7 91.4 91.2 94.2 96.1 98.2 100.1 102.4 105.8 107.5 109.7 111.2 112.3 112 111.8 111.5 110.2
29.7 29.3 28.9 28.5 27.3 26.2 25.2 25.1 25.1 25.1 24 21.3 16.9 14 14.6 14.6 14.4 14.6 15.3 16 11.9 16.2 16.5 22.8 27.4 33.2 39.5 46.9 54.3 61.2 68.5 74.1 77.4 79.3 80.7 80.9 80.2 79.8 79.4 78.9 79.2 80.1 81.9 84.2 86.5 87.6 88.4 88.7 88.2 86.9 87.9 89.2 90.4 90.2 90.5 90.4 85.5 88.3 90.2 97.4 99.4 100.2 101.1 101.1 100.3 99.2 97.9 95.7 99.3 101 103 105.1 107.2 109.9 112.6 115 116.5 119.1 120 119.9 119.5 116.6
32.2 31.8 31.4 30.7 29.5 28.4 27.9 28 27.5 26.7 25.1 22.8 20.4 15.7 14.2 14.2 15.3 15.7 16.2 16.3 14.5 16.5 17.5 23.2 28.3 34.4 40.8 49.4 55.9 65 72.3 78.3 82.1 84.4 83.8 84.2 83.1 82.7 82.2 81.3 82.1 83.6 86.5 88.8 90.9 92.1 93.1 94 94.5 94.7 93.5 95.3 97.1 98.5 98.6 98.6 93.7 91.8 91.8 104.7 105.7 106.7 107.7 107.7 106.6 105.6 103.9 101.2 102.1 105.7 107.7 110 112 114.8 117.6 120.3 121.8 125.5 126.3 126.9 124.4 121.3
34.7 34.3 33.8 33.3 31.8 30.6 30.5 32 31.2 29.5 27.7 24 21.4 16.8 15.6 15.6 15.4 15.5 15.8 12.7 15.7 16.2 16.7 23.6 28.2 34.6 39.7 50.2 60 71.4 81.2 87.6 90.4 90.9 90.1 88.8 87.3 85.3 84.4 84.2 84.9 87.6 90.8 93.4 95.2 97.8 98.8 99.9 102.6 102.7 99.3 103.8 105.8 107.4 108.2 107.7 101.6 96.1 97.2 108 114.4 114.5 115.1 115 113.4 112.6 111.2 107.5 106.7 109.9 112.4 114.6 117 119.8 122.7 125.5 127.9 131.9 133.1 133.6 130.7 127.8
37.2 36.8 36.3 35.9 34.4 32.9 32.7 34.5 34.5 32.8 31.2 27.8 24.1 17.6 17.3 16.6 15.9 15.6 15.6 10.7 17.2 17.6 17.2 23.2 28.1 31.7 40.5 48.3 58.2 69.8 78.2 86.5 90.2 91.7 91.1 89 88.4 86.3 84.8 86.2 86.9 90.1 93.3 95.1 97.7 102.3 104.8 106.8 109.6 109.8 107.6 109.4 112 113 113.1 109.2 104.8 99.8 102.4 111.7 116.6 120.8 121.5 121.5 119 117.4 116.3 113.5 112.6 114.6 117.2 119.5 122.3 125.2 127.9 130.6 133.8 136.9 140.1 139.2 137.1 134.2
39.5 39.2 38.8 38.4 37.1 35.5 34.7 36.3 36.6 36.3 34.6 32.8 29.8 23.8 17.7 17 16.4 15.9 15.4 10.5 17.6 17.6 17.4 21.9 25.6 32.3 38.1 44.2 53 62 69.6 75.3 78.3 81 81.9 81.1 80.6 82.7 87.2 90.4 92.1 93.2 94.7 96.6 99 101.3 104.5 107.2 107.2 110.6 111.5 111.6 113.3 113.3 111.6 104 99.4 96.4 99.8 107.9 112.9 114 115.1 114.8 115.8 117.5 118.2 118 119.6 121 122.4 124.6 127.6 130.6 133.2 135.2 137 139.7 140.9 140.8 139.9 138.4
41.7 41.3 41.4 41.5 39.4 37.7 37.3 38 38.3 38.6 37.9 36.6 34.6 32.1 25.3 17.4 16.8 16.1 12.9 16.4 17.3 17.4 18.3 21.7 27 32.3 36.3 42.4 51.2 60.3 67.5 72 74.7 74.3 75.2 80.1 84.9 89 92.9 94.7 96.4 98 99.6 101.1 102.8 105.3 107.3 109.6 111.7 113.3 114.7 115 115.9 115.6 111.8 105.4 104.4 97.7 94.3 95.4 100.8 103.8 107.6 111.8 116 118.6 120.5 121.6 123.3 124.9 126.4 129 132.9 135.7 138 138.7 139.7 142.1 143 143.4 142.6 141.4
45.1 45.3 45.4 44.1 41.4 39.8 39.5 41.1 41.3 41.5 41.4 41.4 40.8 37.9 35.5 22.9 16.2 16.2 10.9 16.9 17.4 16.9 19.5 24 28.1 33.1 37.2 42.8 51.5 61 69.8 75.1 73 72.4 80.1 85.7 91 94.8 96.8 99.2 100.9 102.6 104.1 105.6 107 109.3 110.9 113.1 115.3 117.3 118.8 119 119.4 119.7 116.4 113.7 106.4 100.7 94.3 102.3 104.8 108.1 111.8 116.2 118.7 121.3 123.5 125.1 126.9 128.6 130.2 132.9 136.2 139.7 141.7 142.1 142.5 144.4 144.8 145.1 145 144.4
49 49.3 49.4 46.6 43.5 42 41.6 43.8 44.5 45.1 46.3 47.1 47.3 46.3 43.4 39.2 16.5 16 15.9 15.7 17.3 17.4 23 27.2 31.2 35.2 39.4 45.7 55.8 65.5 74.1 75.2 67 75 82.8 89.7 96.2 100.2 100.7 103.3 105.3 106.9 108.5 110 111.5 113.1 114.6 116.7 118.8 120.9 122.8 122.9 123.3 123.8 121.8 119.2 114.5 105.7 99.3 108.6 111.4 114.1 116.8 120.5 123.5 125.9 127.6 128.7 130.5 132.2 133.9 136.3 138.9 141.4 143 144.3 145.4 145.4 144.9 144.4 146.2 146.3
52.5 52.8 52.8 51.4 49.8 45.3 44.3 46.8 47.8 48.9 49.6 51.6 51.8 49.8 45 32.3 16.4 10.7 16.9 15.5 19.2 17.7 23.6 27.8 32 36.1 40.7 46.2 56.8 68.3 75.6 70.1 65 75.2 84.3 93.1 99 103.3 102.8 104 106.6 109.9 112.3 115.4 117.1 118.6 119.5 121.6 123.6 125.7 126.7 128 128.6 129.5 128.8 125.4 119.1 110.3 106.1 114.5 117.2 119.6 122.3 125.2 128.4 130.6 131.6 132.4 133.9 135.5 136.8 137.5 140.1 141.6 142.8 142.9 143.4 143.8 143.5 144.1 143.5 143.4
55 56.2 56.2 54.8 53.2 49.8 47.2 49.5 51.6 51.1 52.3 52.1 50.6 47.4 41.5 27.1 16.2 15.9 17.5 20.5 17.7 17.5 25.5 28.1 32.1 35.7 39.5 45.3 53.3 64 66.4 59.8 64.4 73.1 79.4 84.5 90.2 94.7 96.7 98.8 104.3 111 116.4 120.3 122.7 123.9 124.4 126.5 129.3 132.2 132.7 133 133.9 133.1 130.6 125.3 115.5 109.8 112.2 119.2 122.3 125.1 127.8 130.6 132.5 133.5 134.4 135 136.8 138.1 138.6 138.7 140.8 141.5 142.1 142.1 142.1 141.8 140.2 138 138.6 138.5
58 59.6 59.7 58.1 56.5 52.2 50.1 52.2 54.5 55.8 55.2 52.9 51.3 49.8 46.8 20.2 11.1 17.4 16.7 17.8 18.1 19.2 22.9 27.7 31.2 34.6 38.1 42.1 47.3 51.6 54.3 52.6 60.8 67 71.7 75.5 80.8 86 89.7 93.8 99.5 106.7 112.4 117 120.9 124 124.6 127.9 130.9 133.7 135 135.3 134.8 132.5 128.7 122.7 115.6 113.6 118 124 126.2 128.8 131.2 132.2 134.3 136.2 136.9 137.5 138.7 139.7 139.9 139.9 140.5 140.4 140.2 140.1 139.6 138.9 136.9 135.4 134.6 134.9
61.2 62.6 63 61.4 59.9 56.6 53.4 55.4 57.5 59.5 58.5 55.2 48.8 39.3 28.6 16.8 14.5 17.2 17.2 17.8 18.1 18.3 23.5 27.1 30.7 34.3 37.6 37.3 40.1 43.9 47.6 50.9 55.3 61 64.1 68 72 76 80 86 91.7 98 103.6 108.2 112.4 116.9 122 127.6 130.1 133.4 135.3 135.1 134.4 132.1 129.2 124.8 121.7 119.1 124.2 127.1 129.6 130.8 131.8 132.8 135 135.8 136.9 138 139.4 139.4 139.4 138.5 138 137.9 137.6 137.1 136.5 136 133.6 132.5 131.7 131.2
64.3 65.6 66.2 65.4 63.5 61.3 56.8 58.9 60.7 62.4 61.8 60.2 56.7 41.1 19.3 12.3 17.5 17.8 17.6 17.5 17.2 18.4 24.3 27.8 31.3 34.8 38.4 43.5 48.1 54.7 60.1 63.2 65.5 67.2 70.4 74.4 81.1 89 92.9 96.8 98.5 99.1 99.2 103.4 109.2 115.6 123.6 127.7 131.8 134.2 135.4 135.4 134.2 132.1 129 127.8 126.9 126.9 128.4 129.1 130.9 132 132.5 133.5 134.9 135.6 136.6 137.6 138.7 138.6 137.9 136.5 134 133.1 134 133.7 133.3 132.9 130 129 128.3 124.6
67 68.3 68.9 69.1 67.4 65.3 62.9 63.3 64.2 65.1 65.2 63.8 60.2 44.5 18.2 13.5 17.6 17.9 17.9 17.8 17.1 22.1 26.7 30.1 33.4 36.8 40.4 46.2 52.9 62.2 69.3 72.3 76.5 80.3 83.9 90.2 96.5 105.4 109.1 111.4 113.1 114.3 114.4 115.8 120.4 126.3 129.7 133.3 134.1 136.7 137 136.4 134.6 133 131.3 130.1 129.9 129.9 130 130.2 130.9 132.1 132.9 133.5 134.6 135.3 136.2 137.2 138 137.4 136.2 134.2 130.8 128.5 130.2 130.3 130.5 129.7 127.3 126.1 124.7 122
69.4 71 71.5 71.3 70.1 69.1 68.2 68.3 68.9 69.6 69.8 67.5 57.4 36.5 18.1 13.8 17.6 17.8 17.9 17.8 17.9 24.1 27.8 31.3 34.9 38.4 42 47.7 54.9 66.5 76.7 83.7 90.1 93.4 98.3 104.2 108.6 113.4 117.5 119.9 122 123.8 125 126.1 128.9 132.9 135.8 137.6 137.4 137 136.6 136.2 134.8 133.5 133.4 133 132.3 131.6 130.6 131.3 130.3 130.6 131.2 131.8 133.5 134.7 135.2 134.7 134.5 135 134.3 131.8 128.5 120.6 126.2 128.1 127.8 126.4 123.9 122.7 119.9 118.9
71.8 73 74.7 74.3 73.1 72.3 71.5 72.1 72.9 73.7 74.2 72 55 26.1 17.4 14.4 17.7 17.8 18 17.4 22.1 24.1 28.4 32.3 35.8 39.1 42.4 48.2 54.7 64.9 77 86.5 93.8 98.4 104.7 110.6 115.9 119 122.4 124.7 127.2 129.3 130.5 131.7 133.3 135 135.1 135 134.5 133.9 133.5 133.4 133.6 132.6 132.1 132.4 131.6 131.2 130.2 129.1 128.4 128.1 129.3 130.2 131 131.6 131.3 129.9 129.7 132.3 131.6 129.7 125.5 113 121.7 121.3 120.3 119.4 117.4 117 115.2 114.6
73.5 75 77.1 77.3 76.5 75.7 75.1 75.9 76.7 77.5 78.3 74.5 52.4 26.8 17.1 17.9 18 18 18.1 18.5 19.9 23.8 28.5 33.3 36.6 39.7 42.9 50.1 59.1 69.2 79.6 87.7 95.3 101.5 105.1 109.6 114.6 118 120.4 122.9 125.8 129 132 131.6 131.9 132.8 131.9 131.8 131.5 130.9 130.4 130.6 130.8 131 130.8 131.3 131 130.5 128.8 126.1 123.8 123.5 124.7 125 125.8 126 125.1 124.6 124.5 124.4 123.7 122.2 119.4 110 111.8 112.6 111.9 111.7 110.5 109.5 108.5 112.6
75.6 77.9 80.2 80 79.4 79.2 78.9 79.4 80.2 80.8 80.1 74.2 51.2 23.7 14.4 17.9 18.1 18.2 18.2 18.3 21.1 25.4 30.3 35 38 41.1 45.6 54.5 64.4 73.1 81.7 90.1 97.5 101.7 104.4 107.1 110.7 113.4 115.7 118.2 120.7 123.3 126.3 127.5 128.5 129.4 128.6 128 126.9 126 125.8 126 126.2 126.3 126.9 129.5 129.9 128.9 126 121.8 119.5 118.9 119.6 119.7 119.7 118.7 116.8 115.9 115.2 114.3 113.4 110.4 107.6 100.6 102.4 103.9 104.1 103.2 102 106.3 106.6 105.4
79.2 81 83.2 83.6 83.4 83.2 82.7 83.1 82.7 82.6 81 67.6 45.2 21.6 14.4 17.9 18.1 18.4 18.6 18.7 22.3 27.1 32.3 36.5 39.4 43.2 48 58 66.1 74 82.5 89.3 95.2 99.4 101.5 103.5 106 108.8 111 113.5 116 118.7 120.9 122.2 123.3 123.4 122.9 122.2 121 120.5 120.4 120.6 120.7 120.9 121.5 123.7 124 123.1 120 117.5 115.3 114.1 113.5 112.8 112 111.2 108.4 106.9 104.6 101.7 98.6 96.5 94.2 92 92.9 94.3 96.7 100.2 97 98 99.4 102.2
81.6 84 85.5 86.6 86.9 86.1 84.6 82.8 82.5 82.8 78.1 57.2 36 19.4 15 18.3 18.3 18.4 18.4 18.3 25.9 30.5 34.8 38 41.4 46 52.7 60.7 68.4 75.4 82.7 89.3 94.1 97.6 99.5 101.4 103.2 105 107.6 109.9 112.6 115.2 116.5 117.5 117.7 117.1 116.5 115.8 115.3 115.2 115 115.1 115.3 115.5 116.2 117.4 117.9 117 114.5 113.2 111.3 108.3 106.3 104.8 100.5 98.6 97.3 92.7 89 88.2 88 89.7 93.9 96.9 99 99.7 100.2 102.4 99.4 103.4 108.6 114.2
84.7 86.7 88.1 90 90.1 89 87 81.4 75.6 76.4 65.1 44.7 26.7 14.6 18.2 18.6 18.7 18.6 18.7 21.2 28.5 33.1 37.3 41.5 45.6 51.4 57.9 64.3 71.9 78.3 84.2 88.9 93.3 96.1 98.3 99.9 101.5 102.7 104.7 106.9 109.1 110.7 112 113.3 114.1 112 111.4 110.8 110.3 110.1 109.6 109.5 109.8 110 110.5 111.1 111.6 111.1 110.3 109.9 109.5 105.5 104.2 102 98.7 91 86.5 86.5 89 94.7 97.7 100.3 103.5 105.2 106.8 108.1 110.7 112.3 109.1 112.8 121 125.3
87.7 90 92.2 93.5 94 92.7 89.9 84 71 59.9 51.2 32.1 17.5 17.8 18.4 18.8 18.7 18.6 18.5 22.9 30.7 35.3 39.7 43.8 48.8 55.2 61.9 68.7 74.9 80.3 86 90.5 93.3 95.5 96.8 98.2 99.7 101.3 103.6 106 108.5 109.4 110.2 110.8 109.8 107.6 106.4 106.1 105.3 105 103.9 103.8 104 104.3 106.2 107.6 108.8 110.6 111.3 111.2 111.1 110.9 110.3 110.6 106.9 90.7 83.1 88.6 95.9 101.5 104.7 107 109.2 112.5 114.3 116 117.8 119.2 119.1 112.7 123.2 128.5
92.1 94.7 96.6 97.7 98.1 97.5 94.6 90.4 79.7 60.7 41.6 29.4 14.4 18.3 18.5 18.8 18.7 18.8 18.8 26.7 32.7 37.5 42 46.2 52.1 58.7 65.6 72.3 78.3 83.9 88.6 91.7 94.1 95.1 95.9 96.8 98.5 101.4 103.8 105.7 107.9 109.1 109.9 110 108.8 106.2 102.3 102 100.4 99.3 98.2 98.1 98.4 100.4 103.8 105.6 108.1 110.9 112 113 113 113 112.6 109.3 96.4 84.3 84.4 96.2 102.7 107.7 111.4 113.3 115.8 118.7 121.7 123.5 124.8 125.6 125.4 122.7 124 131.3
96.4 99.4 101.3 101.9 102.1 101.6 98.9 94.1 83.5 63.5 42.6 25.7 14.4 18.3 18.6 18.8 18.9 19.3 19.5 27.2 32.9 38.1 44.2 48.8 55.2 61.4 68.7 75.9 81.8 85.7 88.3 90.6 91.8 92.2 93.2 95 98.4 101.5 103.9 105.5 107.4 108.5 109.5 109.2 108.4 105.9 102.9 98.5 94.7 93.2 91 92.5 99.3 102.9 106.3 108 109.6 110.8 112.2 113.3 114.3 114.4 111.5 102.4 83.9 79.3 92.2 104.4 109.9 114.2 118.1 120.6 123.1 125.6 128.4 130.3 131.1 131.9 132 127.8 125.8 134.3
101.1 103.5 105.4 105.9 106.1 105.4 103.2 97.2 84.9 65.1 43.8 25.5 14.7 18.4 18.6 18.8 19 19.5 20.4 25.3 30.1 37 42.7 49.1 56.6 63.3 71.1 77.6 82.1 83.9 86 86.9 87.6 88.5 91.2 94.8 98.1 101.4 104 105.5 107 108.7 110.2 109.7 109.1 108.2 105.3 99.2 88.2 84.1 95 100.6 104.6 107.5 110.2 110.5 111.5 112 111.7 112.5 113.4 114.1 109.5 95.2 77.5 86 103.1 109.6 115.7 119.6 123.8 127.6 129.6 131.3 132.9 134.1 135.3 136.7 136.9 134.4 130.7 137.1
104.8 106.5 108.5 109.9 110 108.9 106.4 97.5 83.4 62.9 41.4 23.2 14.8 18.6 18.7 18.8 19 20.2 21.5 27.7 32 33.7 39 45.5 53.6 61.8 68.5 74.1 76.6 78.7 79.9 81.6 80 85.7 91.2 95 98.3 101.1 103.3 104.9 106.2 108.2 110.1 109.1 108.4 107.4 105.5 100.5 85.7 86.5 99.5 104.7 109.6 113 113 111.3 110.4 107.8 106 104.3 105.3 108.1 102.9 89 76.3 92.5 103.1 109.9 115 119.1 123.7 127.7 130.4 132 134.5 136.6 138.6 140.1 140.7 138 136.3 140.3
107 109.5 111.4 113.5 113 111.1 107.2 97.2 82.3 59.6 38 22.2 15.1 19 19 19 19 20.3 21.2 25.4 34.1 40.9 45.8 45.8 50.7 57.6 62.9 68 71.1 73.7 74.3 75.3 84.6 88.9 92 95.3 97.9 100.3 102.4 104.3 105.6 107.1 107.2 105.5 101.9 98.7 95.7 91.1 82 86.1 98.7 106.9 110.9 112.8 111.5 105.4 98.9 94.8 92 90.6 92.7 93.8 87.6 79.7 78.5 89.5 100.6 106.3 110.6 115.4 120.6 124.6 129.7 133.2 136 138.2 142.8 144.9 144.5 143.4 142.1 143.5
108.1 110.2 111.9 112.5 111.7 109.4 105.6 94.7 80.2 57.6 35.6 20.8 15.7 19.2 19.3 19.1 19.1 19.2 23.1 37.5 36 38.4 48.9 53.2 54.6 55 55.9 61.8 65.3 66.6 71.4 79.8 86.6 90 92.9 96.1 97.4 99.4 101.5 103.7 105 105.9 104.9 102.3 96.6 89.9 84.2 77.9 73.2 83.3 96 104.3 107.7 108.4 104.8 97.7 89.4 82.6 80.1 79.5 80.5 79.8 76.1 79.1 82.7 91.6 102 109.7 113.5 116.1 121.8 127.7 132.6 136.4 140 144.7 149 150.2 150.2 149 147.8 146.7
108.1 109.3 110.1 110.2 108.4 106.5 102.3 92.1 76.4 54.3 33.7 17 18.6 18.7 19.2 19.3 19.4 19.7 28.3 44.1 47.7 42.2 45.8 56.4 60.3 63.6 62 65.5 67.7 72.1 77.8 83.1 87.4 90.5 93 94.5 95.6 97.9 100.2 102.5 104.1 103.6 102.8 97.9 91.1 81 70.9 69 71.4 83.3 94.4 100.2 101.7 101.2 93.5 83.4 75 70.5 70.8 68.7 67.3 72.6 79.4 86.1 94.1 102.1 111.5 115.8 120.2 121.1 126.9 133.2 138.3 142.5 147.3 151.3 154.4 155.7 155.3 154.1 152.9 151.6
105.5 104.5 103.6 103 100.7 97.5 91.9 85.3 69.3 49.2 30.9 14.8 18.9 19.2 19.3 19.4 19.6 19.8 32.1 46.6 54.3 54.8 48.9 51 59.8 64.6 67.3 69.1 71.8 73.6 78 82.4 85.5 88.6 91.3 92.3 93.9 96.2 98.4 100.2 101.1 100.7 98 92 83.6 72.5 62.6 64.4 76.4 84.4 90.2 92.6 92.8 91.3 79.8 69.7 60.3 58.8 64.8 70.9 77.8 84.4 90.8 98.2 106.5 114.5 120.7 124.6 127.8 130.5 133.4 137 141.7 146.2 151.7 155.7 157.7 158.8 159.2 158 156.5 152
98.1 95.2 93.6 91 87.4 83.7 77.5 70.1 58.8 41.6 28.1 14.5 19.1 19.4 19.5 19.5 19.4 19.3 33.9 49.3 57.3 60.5 56.9 54.2 53.9 58.9 67.4 70.6 73.3 73.6 77.8 80.2 83.6 86.7 88.8 89.6 92 94.3 96.9 97.9 97.5 96 91.1 85.4 76.1 63.9 55.2 64.2 70.3 76.3 79.5 80.9 80.6 77 66.5 58.3 54.9 67.4 78.4 82.6 89.5 96.2 102.5 109.3 117.7 124.3 127 128.6 131.9 133.8 136.2 139.6 143.7 148.6 153.4 157.3 159.4 160.6 161 159.1 156.2 152.1
89 85.1 81.3 77.4 72.9 69.6 62.6 54.3 46.1 34.9 26.6 16.5 18.6 19.7 19.7 19.5 19.4 19.2 37 49.5 58.4 63 64.3 65.5 65.5 61.3 59.7 65.3 69.5 72.2 75.2 77.3 81.1 84.7 86.3 88.8 91.3 93.2 95.1 95.9 93.9 90.8 85.3 78.2 70.7 61.4 48.5 56 62 66.2 68.2 69.2 70.1 64.7 58 54.8 66.3 77.8 86 94.2 101.3 108.1 114.4 120.5 125.9 126.7 126.9 128.4 130.3 133 136.3 139.7 143.8 148 152.4 155.7 158.1 159.5 159.5 156.7 153.4 150
74.8 70 65.4 60.7 56.1 51.1 47.5 43.3 38.5 31.6 26.5 17.5 19.3 19.9 20 20.3 19.9 19.2 37.5 50.9 59.2 64.3 67.4 70.1 70.9 70.5 72.4 72.5 75.8 77 76.8 77 80.9 84.7 87.1 89.6 92.3 94.1 93.8 93.6 90.6 84 75.7 67.5 59.1 53.6 42.2 47.5 51.6 53.9 56.4 58.5 59.8 56.7 55.3 64.7 74.6 84.7 92.8 102.3 110.5 117.5 121.7 124.4 124.6 122.7 121.4 122.5 126.2 129.8 133.5 137.9 142.1 146.2 149.9 153.7 156.2 157.3 156.4 153.7 149.7 145.5
86.8 81.6 77.3 72.4 66.5 62.1 59.2 53.3 43.9 33.5 27.6 14.8 19.9 19.9 20.1 20.2 19.9 19.5 40.4 49.9 56.6 60.9 64.3 67.5 70.3 72.3 74.2 76.5 79.3 80.9 80.9 80.9 82.9 86.3 88.6 91 93.5 94.5 93.5 91.7 87.6 76 65.1 56.8 48.3 41.4 36.9 37.1 40 42 45.7 49.2 49.9 52.9 63.5 73.8 84.2 93 101.7 108.7 113.6 116.7 120 120.9 119.7 117.4 117.4 119.3 123.2 127.1 131.5 136.3 140.4 144.6 148.7 152.7 154.3 154.6 153.2 149.7 145 140.5
102.6 97.5 90.8 81.4 73.2 67 61.7 55.8 46.3 36.8 29.3 16.3 19.8 19.9 19.9 20 20.4 20.3 33.7 43.3 51.1 56.5 60.1 64.2 66.9 71.8 75.9 78.9 81.9 84.7 84.9 84.9 85 87.9 90.2 92.5 94.2 94.5 92.6 89.5 83.6 69.6 57.7 46.4 37.8 43 48.7 50 52.1 53.1 54 55 58.8 64.3 72 81.4 91.8 101.7 108.4 113.4 116.2 117.6 119.3 117.2 115.4 114.5 112.9 116.5 121.9 126.9 131.8 136.6 140.5 144.5 148.6 150.9 152.3 152.1 149.8 145.8 141.1 136.4
