data/260000-610000.asc
ncols 200
nrows 200
xllcorner 260000
yllcorner 610000
cellsize 50
[rows 140 to 174 of 200, columns 0 to 77 of 200]
210.2 208.3 204 200.7 195.4 192.8 191.6 190.6 189.7 188.3 187.2 186.6 185.3 185.4 186.5 189.2 188.6 188.4 188 188 188.2 187.8 188.1 189.4 188.4 190.5 194.4 196.5 198.6 198.2 196.8 194.5 195.5 189.9 189.4 189.6 189.7 199.8 203.4 206.8 210.6 210.4 207.6 203.5 200.1 200.3 201.2 203.6 206.6 208.9 211.7 214.7 218.2 216.6 210.2 204.1 197.4 195.9 195.3 194.2 195.1 196.2 196.3 195.4 197.9 202 208 208.2 209.1 210.3 209.5 214 216.6 221.1 224.6 226.3 223.2 216.9
210.1 209 206.6 202.7 194.9 193.6 192.4 190.7 189.9 189.8 188.8 187.8 187.6 187.3 187.8 189.7 188.8 188.5 188.3 188.9 189 189.9 192.8 192.5 190.5 196.4 198.9 201.5 203.3 204.2 201.8 198.8 197.7 190.4 189.9 190.3 196.4 200.1 202.7 206.7 211.4 212.6 211 208.3 205 205 205.8 207.7 210.3 213.2 216.1 221.1 224.1 219.8 213.6 206.9 199.3 199 198 199.6 200.5 198.4 196.3 195.8 199 204.7 210.3 213.1 214.3 214.4 213.9 215.8 219.4 225.2 230 232.4 229.7 225.7
210 208.5 207.1 204.5 196.4 193.8 192.1 190.4 189.8 189.5 189.1 189 188.9 189.1 189.2 190.4 188.9 188.7 189.2 189.7 191.2 194.3 195 192.7 195.2 201 204.1 206.8 208.4 209.8 205.5 202.1 199.9 191 190.5 192.4 201.1 200.4 203.1 206.3 211.8 214.8 213.6 213.4 211.2 208.4 208.2 210 214.1 216.5 219.5 225.2 229 222.7 215 204.9 203 201.7 203.9 206.3 208.1 206.5 200.3 198.8 200.7 203.9 210.3 215.5 217.1 218.4 216.9 215.4 221.8 229.2 233.7 235.7 236.5 231.4
210.1 208.5 206.8 204.3 199.8 195.4 191.8 190.4 189.8 189.7 190 190.5 190.5 190.9 191.2 191.5 191.2 189.9 189.8 191.1 190.2 192.8 193.9 194.1 199.9 205.6 209.6 211.4 214.6 214.5 211 204.7 198.4 191.3 191 196 202.9 203.2 204.7 206.9 209.8 212.7 214 216.7 212.9 210 212.1 212.3 217 219.4 222.9 227.4 225.4 220.1 214.5 211.2 208.5 208.3 212.3 213.8 215.9 215 209.7 206.3 204.3 205 209.1 217 218.7 220.1 220 217.5 219.1 226.1 231.8 236.1 238.3 236.8
210.4 206.1 203.3 201.9 200.3 198.5 194.8 191.4 190.5 190.5 191.3 192.9 192.5 192.1 192.2 191.9 190.7 189.7 189.4 192.5 192.6 196 197.1 201.1 206.7 209.3 212.7 217.8 218.7 217.5 213.5 205.2 192.6 192.1 191.5 201.7 207.4 207.2 208 209 210.2 212.2 215.3 217.4 213.9 217.8 220.7 217.7 219 221.8 227.8 228.7 221.9 218.2 215.9 217 215.1 215.7 217 219 222.7 223.4 218 212.6 211.9 205.7 215.9 220.3 221.8 222.7 222.8 220.8 219.5 223.5 228.9 233.2 238 237.7
210.5 207.2 204.3 203.2 202 200.2 196.1 193.6 192.7 192.8 194.8 197.3 196 193.8 192.8 192.7 191.8 191.1 191.1 192.8 199.1 202.4 205 207.9 210.8 212.1 215.4 221 221.3 218.7 212.6 204.7 192.6 192.7 191.8 203.4 212.7 212.8 212.3 212.3 213.4 214.2 217.6 218.5 221.5 224.9 226.6 221.4 219.3 222.5 225.2 225.9 219.6 219.6 223.8 221.5 222 222.7 223.2 225.9 227.8 228.5 227 221.7 218.2 210.6 213.7 222.7 225.1 226.4 226.8 225.7 223 223.6 226.6 230.1 234.7 236.3
209.2 208.7 206.3 204.8 204.1 202.5 199.6 196.2 194.6 194.6 196.7 198 198.6 195.9 193.4 193.1 193 192.5 192.4 200.5 204.2 206.5 208.1 211.2 212.6 213.7 217.1 221.3 221.3 220.2 212.3 207 194 193.1 192.5 206.3 215.9 218.9 217.5 216.7 218.1 218.8 219.5 221.7 224.8 230.3 231.7 226.4 220 222.3 225.9 224.6 222.1 225.8 227.5 226.7 227.7 228.9 229.8 231 232.1 233 232.3 229.6 224 219.1 212.7 223.2 227.6 231.5 231.3 229.8 228.2 226.5 227.9 229.4 232.2 233.1
206.7 207.1 206.3 205.5 206.2 206.2 202.9 200.1 198 196 197.8 198.6 199.1 195.3 195.7 193.6 193.8 196.6 202 204.3 207.1 209 210.6 212.7 214.6 214.1 217.6 221.3 221.3 218.4 212.4 210.5 200.9 193.8 193.3 199.3 216.6 224.2 224.2 222.4 222.7 222.3 222.1 223.6 228.2 232.9 235.8 228.3 223 222.6 223.6 225.1 226.4 234.1 232.6 230.3 233.1 235.1 234.6 236.3 236.6 236.6 237.7 235.8 231.6 226.3 218.5 220.7 227.5 236.1 236.5 236.3 234.4 233.9 230.7 231.2 232 233.7
208.1 205.6 207.4 209.5 208.5 206.2 197.8 198 197.2 197.2 198.8 199.5 197.4 197.4 196.9 194.4 195.1 200.8 204.4 207.2 207.6 209.8 212.6 215.4 216 215.8 217.8 219.5 218.8 213.7 210.7 214.6 209.8 194.5 194.1 195.3 213.4 224.5 226.4 224.1 224.4 222.1 223.2 227.5 232.4 236.9 234.9 227.9 225.1 224.3 226.5 229.4 235.3 239.2 239.7 238.8 237.5 238.5 239.5 240.3 241.5 239 238.5 238.1 236.6 231.7 221.3 223.8 229.3 237.4 241 242 241.5 240.2 238.3 236 235 236.2
212.4 211.2 208.7 201.3 198.9 197.1 196.5 196.9 198.5 201.8 202.6 201.9 197.5 199.7 196.4 195.5 200 206.6 206.7 206.7 207.1 210.2 215.3 216 216 216 216.4 217.9 214.7 210.3 210.8 214.2 213.1 200.8 194 194.4 212.4 221.5 224.1 223.9 225.7 221.5 227 232.6 238 237.4 232.5 228.5 227.6 228.3 228.5 229.9 237.4 242.7 246.8 244.7 243.7 244.2 244.2 244.3 244.5 244 239.3 238.8 235.7 229.7 226.1 230.3 233.8 240.5 246.1 247 247.9 246.2 244.7 241.8 238.6 239.3
215 213.8 212 210.8 209 205.9 199.1 197.8 201.5 204.7 206 204.8 199.8 197.8 195.5 197.1 201.3 204.9 205.4 205.6 206.4 209.6 214.8 216 216 215.4 212.8 214.8 210.8 207 210.2 214.8 215.8 202.8 194.6 195.2 209.8 219.8 222.8 222.8 223.5 222.2 228.5 235.9 237.9 235.4 231.5 231.8 233.4 233.3 233.9 234.3 238.3 244.8 250.1 250.2 250.7 249.2 247.4 247.1 247.7 247.8 245 240 236.2 229 230.5 234.4 238.2 243.4 248 251.6 252.7 251.9 249 247.3 243.9 245.6
217.2 215.9 214.5 214.8 211.9 211.2 201.5 200.5 203.2 207.4 209.4 207.6 202.7 197.7 197 200.8 199.2 202.4 204.2 204.5 205.5 208.1 212 215.6 215.5 211.7 209.3 209.3 206.7 206 208.9 212.3 197 195.5 193.8 197.2 207.8 217.2 222.2 220.7 220.1 222.4 227.4 231.6 233.6 234.1 233.1 236.3 237.2 237.9 238.2 237.8 241.3 247.5 253.5 255.6 256.8 254.8 251.8 249 250.4 249.8 250.3 246.5 240.6 233.7 234 235.7 243.5 247.7 253.3 255.7 257.1 257 254.6 251.8 250.2 250.9
219.4 218.5 216.7 215.9 214.3 209.4 203.4 202.1 204.2 208.4 209 207.4 199.5 196 198.6 202.2 200.5 199.8 201.4 202.3 203.6 205.1 205.3 207.9 208.3 205.5 204.9 204.5 204.4 205.1 206.7 199.3 197.2 196.9 197.4 203.3 209.9 218.5 220.7 219.2 220.2 222.1 222.7 225 227 230.5 235.3 238 239 241.4 242 241.7 243.5 248.3 255.7 259.5 261.4 259.6 256.1 252.3 252.9 252.5 253.8 251.5 247.6 241.6 234 241.7 247.9 254.7 256.7 259.9 261.1 261.5 260.3 257.5 256.4 258.7
220.3 220.1 219.8 218.6 211.8 205.3 204 202.5 205 208.3 206 204.8 197.1 199 204.9 202.6 201.7 201.4 202.1 201.9 202.4 203 203.3 203.3 203.5 203 203.6 203.8 203.9 206.2 206.4 197.7 197.3 196.9 197.3 207.3 213.5 218.6 219.6 218.6 219.2 223.3 225.9 228.4 232.3 236.7 240.1 242.5 245.2 245.9 245.6 245.4 247.1 249.7 257.5 262.3 266 262.9 259.1 255.6 254.2 254.6 256.3 254.9 250.9 247.9 241.5 243.6 252.6 258.3 260.4 263.4 265.5 265.9 265.6 264.5 263.4 266.5
219.7 217.9 217.8 218.8 211.2 205.4 204.3 203.2 205.8 206 203.6 198.8 200 200.3 203.6 204.4 204.2 203.8 204.9 203.8 204.9 207 207.5 204.2 203.7 203.4 203.8 203.8 205.7 208.5 208.8 197.9 197.7 196.9 198.6 213.2 217 218.7 218.6 218.4 224.8 228.5 228.5 230 232.2 236.6 240.1 243.8 247 249.9 248.7 247.4 248.5 251.1 258.2 265 266.4 266.4 262.5 258.9 256.4 256.2 257.2 257.1 253.9 251.7 246.5 244.2 254.9 262.1 265.2 267.1 269.7 270 269.4 269.1 269.1 269.5
221.3 217.6 215.8 214 210.5 209.4 207.1 205 207.2 204.6 200.2 201.1 200.8 202.3 204.4 205.4 205.9 206.2 205.9 205.5 205.3 206.3 207.6 204.8 203.8 204.2 205.8 208.6 212.2 212.6 209.8 198.1 198.2 199.4 206 215.6 217 217.3 218.5 222.2 224.8 227.3 230.2 231.4 233.7 238.7 241.2 244.3 249.8 253.9 254.6 252.7 253.3 253.9 256.8 263.6 266.6 267.4 266.6 263.6 259.5 258 258.1 257.1 255.9 254 243.9 251.2 258.2 265.8 268.7 271.4 274 273.5 274.2 275.6 274.7 274.7
222.4 219.1 216.5 214.7 212.4 211 209.9 208.8 206 201.4 201.2 201.5 201.8 203 204.9 206.2 207.3 207.8 208 207.7 207.2 206.8 206.5 204.5 205.1 207 209.5 214.7 216.6 216.2 201.6 197.8 197.7 198.8 205 208.1 216.1 218.6 221.4 225 226.8 228.7 231.5 234 235.7 242 245.8 247.8 250.7 257.5 259.8 259.4 260.5 258 258.2 261.6 266.7 270.3 269.6 268.7 266.8 264 262.6 258.5 255.9 254.3 250 257.7 264.2 269.7 274.7 277.3 278.1 278.4 279.5 280.8 279.2 281
223.5 221.5 219.5 217.3 215 212.7 210.6 208.1 202.4 202.3 202.2 202.7 203.5 204.6 206.5 207.1 209.1 210.8 211.3 210.5 209 208 204.8 203.7 206.3 209.5 213.7 216 217 217.1 199.1 197.8 197.8 198.6 213.9 215.7 216.3 221.1 224.4 226 228.3 230.8 234 236.2 238.3 246 254.1 251.9 255.2 260.3 266.1 269 269.2 264.1 261.9 264.8 268.5 272.9 274.6 274.8 273.6 271.3 268.3 265.5 262.8 260 253.7 259.8 267.7 273.4 278.9 282.9 284.3 284.4 285.9 285.4 284.3 287.1
225.5 223.4 220.9 218.6 216.3 213.9 211.2 208.2 205.4 203.5 203.7 204.2 205.1 206.5 208.1 209.3 211.7 213.7 215.2 214.1 211.8 209.3 206.1 203.9 207.4 212.7 216 216 216.1 215.5 199.5 198.6 198.6 211.1 217.4 217 216.4 220.7 225.9 225.6 229.1 234.3 236.3 240.1 244.7 251.8 258 260.2 262.9 265.2 271.1 274.9 277 273.7 268.9 272.8 275 277 279 279.8 280.2 278.3 276 274 271.2 267.8 255 264.5 273.9 279.7 282.3 286.4 290.5 289 289.6 289.7 289 290.3
227.2 224.8 222.3 219.7 217.5 215.2 212.4 209.3 205.8 204.5 204.7 205.5 206.6 208.1 210.2 212.1 214.8 217.6 220.7 218.7 215.6 211.2 206.6 204.9 207.8 212.3 215.9 215.8 215.7 204.5 199.6 198.6 198.8 215.7 218.7 218.2 218.7 219 223.1 225.6 228.8 235.7 240.4 245.6 249.8 257 260.5 263.9 268.5 274.1 277.8 280.7 281.9 282 280 280.9 281.5 283.9 285.2 285.6 285.6 285.3 284.2 281.5 277.8 274.6 266.9 265.9 278 283.6 287.1 291.2 293.7 293.3 295.5 295.7 296 296.8
228.7 226.1 223.6 221.1 218.5 216.4 213.7 210.7 207.7 205.5 205.3 206.6 207.7 209.9 212.2 214.7 217.4 221.3 224.9 223.7 219.6 215 209.6 207.3 208.8 209.1 213.1 214.5 214.4 200.8 199.8 198.3 198.4 215.3 218.5 218.9 220.5 223.3 224.3 227.4 231.1 237.1 244.3 251.5 256.7 257.8 264.7 269.1 273.3 277.5 280.8 285 286 287 286.1 286.9 286 286.8 288.4 289.2 289 289.7 288.5 286.9 284.9 281 275.1 264.8 280.2 288.5 293.2 297.9 299 298.7 298.6 298.9 299.9 301.4
229.9 227.6 225 222.4 219.9 217.4 214.9 212.2 209.5 207 206.4 207.4 209.2 211.8 214.3 216.9 219.9 223.7 227 228.3 224.2 220 214.4 210.9 212.4 209.7 211.2 213.8 210.9 202.1 200.2 198.4 205.3 216.6 218 222.5 226.3 227 226.9 231.5 238.5 244.7 250.6 256.8 261.4 265.7 268.4 274.4 277.7 281.5 285.4 290 291.7 292.1 293.2 292.2 290.3 290.6 292.8 294.6 294.8 295.1 295.2 292.3 288.6 286.7 275.8 278.8 284.2 292.1 298.2 303.5 306 304.2 304.9 305.2 306.9 307.8
230.3 228.3 225.7 223 219.7 217.1 215.3 212.5 207.4 205.9 207.2 208.6 210.9 213.5 216 218.7 222 225.1 228.2 229.2 228.8 225.9 219.1 216.2 218.3 216.3 216.8 215.5 212.1 203.1 200.1 202.3 217.2 217.1 219.9 226.3 232.4 231.2 231.6 236.6 244.1 251.6 257.1 261.7 266.2 270.8 274 278.6 282.5 285.5 289.8 294.7 297.1 297.6 296.9 297.2 296.7 296.1 296.8 298.4 298.9 298.8 298.8 296.9 292.5 288.2 280 282.4 288.8 295.1 299.1 306.1 310.2 311.4 310.7 311.7 313.4 313.6
230.1 228.6 225.5 222.1 218.9 216.7 214.6 211.3 207.2 206.9 208.1 210.1 213 216 219.1 222 224.9 227 228.5 230.1 230.1 226.6 222.2 219.1 219.2 219 220.7 217.3 207.7 202.9 203 207.1 219.9 225.2 230.3 233.8 239.9 241.7 237.9 242.4 251.4 258 263.8 267.2 270 276.9 282.7 284.1 287.9 290.3 295.3 299.7 300.3 301.3 302.8 303.6 303.9 302.1 302.7 302.8 303 302.3 300.8 298.8 294.9 288.1 280.2 290.1 295.2 299.4 305.1 308.2 312.3 316.4 317.5 319.1 319.8 319.9
229.9 227.9 224.5 221.1 218.4 216.5 214.5 211.1 208.9 208.3 209.5 212.8 216.1 220.2 223.6 226.4 228 229.5 230.6 231.9 231.2 228.4 225.2 225.2 224.2 223.3 221.3 217.8 207.5 202.8 202.9 214.8 227.1 234.4 240.9 248.1 249.3 248.8 247.3 253.8 258.7 262.7 267.8 271.1 276.5 282.1 288.4 291.4 295.1 296.3 300.5 305.4 305.8 306.7 308.2 308.5 307.4 309.1 308.3 308.2 307.3 305.8 304 300.4 295.5 286.9 287.3 292.5 298.8 304.7 308.7 312.5 315.3 318.8 323.4 325.2 326.1 328.5
229.6 226.8 223.4 220.4 218.4 216.4 214.5 210.6 209.7 210.2 213.5 216.9 221.1 224.8 228.1 230.6 231.9 233.1 234.1 233.8 232.8 230.4 227.7 226.4 226.4 225.4 223.1 217.4 207.4 203.7 204.9 225.4 236.1 240.8 246.6 254 256.7 256.5 260.3 261.3 265.7 270.7 275 277.8 283.8 287.6 295.7 297.4 300.1 306.1 309.1 310.8 313.4 312.8 313.3 314.6 315.3 315.4 315.6 315.3 311 308.9 307.4 305.3 293.4 287.5 291.5 297.4 300.9 307.9 311.6 315.8 320.9 323.8 327.1 330.1 332.8 337.1
228.9 225.7 223 220.4 217.8 216.1 214.4 212.6 210.9 217.5 217.7 221.7 225.9 229.5 232.6 235.1 236.3 237.2 237.7 237.6 234 229.3 228.6 228.1 228.4 227.4 223 216.2 205.5 202.6 213 227.2 238.6 248.5 256 260.3 262.3 266.9 268.9 275.1 275.8 279.9 283.6 287.8 292.5 295 298.8 302.3 303.2 308.3 313.8 316.1 319.7 321 321.3 320.1 321.4 320.7 320.8 318.2 315.1 312.1 308.6 297.9 294.7 300.6 300.9 302.4 307.3 309.3 314.7 319.3 325.9 328.6 331.6 335.9 339.6 345.5
227.6 225.5 222.9 220.2 217.6 216.2 214.7 212.6 215.1 221.6 222.3 226.4 230.2 233.9 237.2 239.7 241.3 241.6 242.4 241.1 236.9 230.8 229.8 229.5 228.4 226.6 218.6 215.6 205.8 202.6 219.2 227.3 238.1 254.4 262.4 269.5 272 274.4 278.4 282 288.2 290.3 291.6 295 298.7 303.9 306.3 308.2 310.6 313.6 317.9 322.9 327.6 329.4 330.5 328.2 328.2 327.5 325.2 323.4 318.2 313.5 308.3 298.1 305.4 308 307.6 303.4 313.8 317.8 319.6 324.8 330.1 333.6 337.1 341.4 345.6 350.5
226.1 224.2 222.4 219.8 217 215.9 214.9 215.6 218.9 222.5 227 231.3 235.2 238.6 241.6 244 244.8 245.7 243.7 241.6 238.6 233.8 231.6 231.2 227.2 225.2 215.8 215.4 203 205.5 222.3 230.4 241.5 254.3 266.6 275.5 280.9 280.7 285.2 287.6 291.9 296.7 298.3 301.9 306.3 310.4 314.8 316.6 318.2 320.7 326.1 331.1 335.7 339.6 339.1 337 335.5 335.2 331.4 328.6 320.6 312.5 302.1 305.4 310.3 313.2 313.9 314.7 317.9 321.2 327.4 327.9 333.5 338.7 342.1 346.6 351.1 355
225.4 223.3 221.3 219.4 216.2 215.1 215.9 219.4 223 227.5 232.2 236.2 240.1 243.2 245.6 247.3 248 247.2 244.3 241.4 237.7 234.5 231.3 229.6 225.8 221.1 214.7 213.8 203.9 208.1 224.1 232.9 244.9 257.9 270.3 280.3 287.5 289 291.9 294.2 297.5 301.2 306.7 310.7 312.4 316.7 321.6 325.5 327.6 330.3 334.6 338.9 343 347.4 348.6 345.7 343.4 339.6 335.2 328.1 321.6 312.7 300.7 307.1 314 318.8 319 322 320.1 327.3 328.3 331.7 336.8 343.3 346.6 350.1 354.6 359.6
224.5 222.6 220.6 219.1 217 216.5 220.1 224 228 233.2 237.4 241.4 244.4 246.6 248 248.2 248.4 247.9 244.2 240.1 237.6 235.3 230.5 227.8 225.8 221.4 216.4 211.1 204.3 210.6 224.9 238.7 250.3 261 272 281.5 289.5 294.5 299.7 302.7 305.9 309 313.9 318.1 322.3 326.4 328.8 332.1 335.9 339.6 343.5 346.9 350.3 352.8 350.7 350.2 345.2 336.8 330.7 325.6 319.5 311.4 306.3 310 318.6 324.4 325.3 327 329 327.2 334 335.2 340.1 346.1 352.4 355.9 360.2 365.9
223.9 221.2 220.1 219.7 220 221.8 225 229.1 233.2 238 242.4 245.8 248.8 249 248.2 247.8 247.8 247.7 244.4 239.9 237.7 234.4 230.4 228.6 225.7 221.1 216.9 211.7 203.8 215.7 226.8 241.6 251.9 261 271.2 280.3 287.4 296.4 305.7 308.7 316.6 318.7 321.3 325.7 329.1 333.1 337.1 340.2 344.4 347.6 352 352 355.8 355 351.4 347.7 342.2 334.3 328.2 322.8 319.2 316.1 308.8 315.5 322.9 329.2 331.7 333 334.3 335.1 338 340.4 343.8 349.8 356.3 363.1 369.1 373.1
223.9 220.5 220.3 222 223.9 226.2 229.2 234.7 238.9 242.7 247 250 251.1 250 248.7 247.8 247.5 247.5 245.5 241.6 239.1 234.9 231.5 228.9 226.4 222.7 219.1 212.5 207.6 220.9 233.7 243.1 251.2 257.5 268.4 283.5 289.5 298.3 309.1 319.7 325.7 329.8 331.1 331.1 335.4 340.3 345.4 348.5 350.1 353.3 356.2 356.2 356.2 354.8 350.2 343.9 340.1 335.5 329.5 323.4 320.3 316.6 309.4 319.7 327 333.7 337.9 339.3 339.6 340.8 340.1 344.1 347.5 353.7 361.4 367.6 374.1 380.1
224.1 221.2 222.8 224.7 227.3 230.2 233.6 238.9 243.8 247.8 251.1 253.6 252.2 250.7 248.6 247.6 247.5 247.5 246.1 242.8 240.8 237.8 233.2 229.8 227.6 224.3 218.9 213.9 204.9 219.5 233.8 243.5 252 258.4 264.9 276.7 290.4 304 319.2 329.6 333.8 337 338 338.8 341.1 344.2 350.8 352.8 354.4 357 357.4 356.2 356.2 352.1 345.8 343.7 341 336.2 330.1 324 320.4 314.4 317.9 324.5 331.3 338.7 342.9 344.5 345 346.1 347.3 349.6 354.6 356.6 364.4 371 377.8 384.4
225.2 224.7 225.4 228.3 231.6 234.4 238 242.5 247.4 251.5 254.6 255.1 253.6 252.1 249.9 248.4 248.1 247.7 246.6 244.4 241.9 237.9 235 233.1 228.8 225.8 219.4 214.7 209.8 211.6 226.7 240.8 249.8 258.1 262.9 272.9 296.6 312.9 326.9 336 340.6 343.7 345.7 345.9 346 347.7 351.9 355.8 357.2 357.6 356.8 356.2 353 347.7 343.6 342.9 341 336.6 330.7 324.9 318.9 313.3 323.5 327 334.3 342.1 346.5 350.1 350.1 350.7 351.2 353.3 360.4 361.6 365.9 372.9 378.8 386.1
