data/260000-840000.asc
ncols 200
nrows 200
xllcorner 260000
yllcorner 840000
cellsize 50
[rows 114 to 151 of 200, columns 0 to 83 of 200]
150.8 140.5 132.6 142.1 146 144.4 144.7 145 145.3 144.1 143.8 139.4 141.8 140.6 139.1 137.5 136.4 135.6 134.1 132.7 131.1 129.7 128.6 128.4 127.5 126.5 125.2 123.6 123.5 121.7 97.2 102.8 126.9 126.9 127.6 130.2 132.1 134.9 138.3 143.5 147.2 152.4 151.6 154.3 155 152.9 159.7 159.6 159.8 161.5 165.5 169.6 173.8 178.1 180.5 183.7 187.3 192.7 196.3 199 203.6 198.7 193.1 186.3 178.5 170.5 163.9 153.9 144.1 135.7 128.2 117.4 108.6 101.9 95.1 89.5 89.4 88 85.7 85.6 84.3 78.7 70 68.6
146.8 139.7 140.2 146.9 146.9 147.1 148.5 148.1 147.5 147.6 146.7 145.2 145.5 143.9 142.7 141.1 139.8 139.3 138.2 136.5 134.5 133 132.1 131.4 130.4 129.5 129 128 127.3 114.6 96.9 109.7 130.5 130.8 131.4 133.6 137 140.2 146 150 152.9 156.4 156.8 157.2 157.2 157.7 161.8 162.7 163.3 166.8 171.2 175.1 179.1 182.2 184.9 187.7 192.2 197.9 201.4 204.1 203.5 196.8 189.5 182.3 173.3 165.5 157.1 145.3 139.7 130.4 121.7 113.8 104.5 98.5 93.8 91.7 89.7 88.6 85.1 81.5 77.6 74.2 68.3 64.2
144.8 142.2 147.3 148.8 150 151.1 150.5 151.1 151.2 152.2 149 149.6 149.4 147.8 146.3 144.8 143.5 141.9 140.7 138.8 137.8 136.5 135.9 134.6 133.3 133 132.6 132.1 128.5 106.2 110.2 130.5 134.4 135.2 136 137.9 141.2 146.3 151.7 155.1 158 161 159.7 161.2 160.9 162.4 164.6 166.5 167.7 171.9 176.8 180.2 183.2 184.9 187.6 193 198.5 201.8 203.8 204 199.3 192.3 183.7 174.2 165.5 155.9 147 140 134 125.1 115.7 108.8 99.8 94.1 93.4 92.1 90.2 88 83.3 80.6 75.6 71.6 67.3 60.1
146.3 145.9 147.3 150.6 152.6 153.8 153.5 155.1 155.5 154.1 153.7 152.1 152.2 150.5 149 147.7 146.7 144.8 143.9 143.3 142.2 139.6 139.5 139 137.1 137 136.5 136.6 129.7 108.4 127.4 135.4 137.2 138.8 141 143.8 147.3 153.3 157.4 160.8 162.7 163.3 162.8 163.7 165.7 164.7 167.8 170.9 173.1 177.1 181 184.2 186.5 189.2 191.6 198.1 200.8 203.3 204.7 200.7 193.3 184.1 174.5 162.4 154.4 146.1 136.1 131.5 124.6 117.1 108.6 102.6 94.2 93.7 93.3 90.8 89.1 87.8 84.6 79.9 73.5 70.1 66.7 59.8
148.6 148.9 151.6 154.8 157.4 157.7 159.7 159.9 160.3 156.6 155.6 154.9 154.9 153.3 152.3 151.1 150.1 149.3 148.7 147.8 145.8 143.9 142.6 143 141.2 141.5 139.8 138.7 127.8 115.8 138.5 137 140.9 143.5 147.4 149.4 154.1 158.5 162 165.3 166.3 165.8 165.6 168.3 167.6 169.4 173.1 176.2 179.5 182.9 184.7 187.2 189.5 192.3 196 201.1 202 202.4 198.2 191.6 183 172.4 163.7 151.5 143.7 137.3 128.4 124 118 109.7 101.5 96.5 94.7 93.9 94 92.1 89 86.8 82.9 77.4 71.4 67.7 61.4 55.2
151.7 153.5 158 160.2 161.4 163 164.4 163.2 163.2 160 160 158.9 158.2 157.9 157 155.6 154.7 153.3 152 151.5 149.1 147.3 146 144.8 143.8 144.3 143.1 140.9 128.6 123.2 140.7 140.3 144 148.2 152 154.1 159.2 161.8 166.3 169.7 169.3 169.1 166.3 170.5 171 173.9 177.7 181.6 184.8 186.2 188 190.2 192 195.1 198.1 198.5 199.5 196.2 190.9 182.5 173.5 163.1 154.5 145.7 138.2 133.7 121.4 116.4 110 103.2 96.9 95.3 95.5 94.6 93.8 89.6 87.9 85.9 80.6 74.9 67.5 60.9 59.8 51
156.6 159.3 162.1 166.1 167.4 169.1 168.2 167.5 166.6 164.8 164.1 163.5 163.8 163 162.2 159.6 158.5 156.8 155.5 155 152.5 150.7 149.5 149.1 148 146.9 144.6 143.9 121 127.9 143.4 142.5 149.5 154.8 157 158.7 162.7 166.4 170.7 172.5 172.3 171.1 167.9 172.5 175.4 178.6 181.3 185.7 188.4 189.3 191 191.4 192.7 193.8 198.7 192.7 194.8 188.7 183.5 178 168 160.5 151.6 142.9 136.8 129.2 120.7 112 105 99.8 95.6 95.2 95.8 95.4 93.8 89.8 87.8 83.6 78.1 72.9 65.6 60.7 55 48.7
163.3 166.3 168 171.8 173.9 173.5 172.1 170.9 169.9 170.3 168.4 167.5 166.4 166.2 166.6 163.2 162.9 161.1 159.9 158.2 155.7 154.8 153.6 152.3 150.8 148.5 146.2 134.9 129.3 142.5 145.8 148.9 155.4 160.4 160.9 164.2 166.7 171.3 172.8 175.6 173.5 171.2 174.3 177 180.9 183.5 186.5 190.4 191.3 192.9 194 193.9 193.4 192.5 192.5 192.5 193.7 187.8 182.8 176.4 169.8 160.5 152.3 142.2 137.2 128.9 119.7 112.6 105.5 99.4 96.3 96.4 97.1 96 94.4 91.3 86.7 81.7 74.9 68 60.4 55.3 49.7 45.3
169.8 172.8 175.8 176.1 177.3 177.4 176.6 175 176 175.1 172.3 171.6 169.7 168.9 167.5 166.7 166.6 164.9 162.7 160.5 158.2 158.1 156.4 154.6 151.7 148.3 146.7 127.1 134.4 145.9 151.3 154.9 160.8 165.4 166.8 169.2 171.4 175.4 177.3 176.7 175 176.8 179.6 182.6 185.2 187.6 191.1 192.5 193.5 195.2 195.8 195.8 196.5 193.8 192.5 192.5 193.1 189.1 185 177.2 168.5 158.5 155.4 148.7 141.6 130.9 121.1 111.7 102.2 103.6 97.5 97.9 99.3 99.8 97 89.8 83.6 77.4 69.5 60.1 54.3 50.1 47.4 43.6
177.6 178.4 180.1 181.4 182.3 181.2 179.9 179 178.6 178.3 175.8 174.2 172.9 172.8 172 171.6 169.5 166.8 164.4 162.3 160.4 159.4 157.7 154.6 151.6 150.1 148.1 126.9 143.5 151.3 158.7 161.4 165.6 169.6 171 172.9 175.3 177.9 180.7 179.1 179.9 182.1 185.1 187.7 189.5 192.7 194.3 195.2 196 196.8 197.3 198.2 199.8 198.7 197.2 195.9 190.3 185.2 185.1 177.5 170.4 163 156.2 151.7 140.2 130.4 120.7 107.9 106 102 101.3 99.7 99.5 98.6 93.2 86.3 78.4 72.1 64.5 59 53.3 50.2 46.9 43.1
185.6 186.1 186.4 187.3 187.6 186.2 185 184.1 182.1 180.3 179.9 178.4 176.9 176.7 176.3 174.2 172.1 168.6 166.6 165.6 164.3 162.2 159.3 156.5 152.3 151.3 134.3 135.9 152.3 158.4 163.1 167.1 170.2 173.9 175.1 177.2 179.8 180.6 182.2 183.9 184.6 187 189.5 190.6 193.2 197 197.6 197.4 198.6 199.9 200.5 201.1 202.2 204.2 206.1 207.4 203.4 197.7 193.7 183.9 175 166.5 159.8 153.3 140.7 128.7 117.8 107.9 105 103.2 100.5 99.3 99.3 98.9 91.1 83.3 75.3 66.3 58.8 55.8 51.9 48.8 45.9 42.5
191 192 189.8 192.7 190.4 190.6 189.2 187.2 185.7 182.9 182.4 181.7 181.7 180 178.6 176.8 174.6 171 169.3 168.9 166.9 164.7 162.4 156 154 150.8 131.2 149.8 160.7 163.1 167.5 172.7 175.8 178.2 179.7 181.4 183 184.2 186.5 188.4 190.5 191.3 192.8 194.2 197 199.7 200.6 200.8 202.6 203.2 205 205.7 206.6 211 214.6 217.6 216 211.6 205.7 191.7 181.7 172.6 160 150.7 137.3 124.2 111 106.7 105 104.5 102 99 98.6 92.2 84.7 77.1 70.1 63.6 56.2 51.4 49.4 46.9 46.1 43.4
196.4 198.3 197.3 197.2 196 195.2 192.1 189.9 188.2 186.4 186 186.5 186.2 183 180.3 177.6 175.9 173.2 171.6 171.2 168.4 164.8 160.9 156.7 151.7 139.8 143.3 159.3 165.9 168.1 172.5 177.9 180.2 181.5 183.5 185.5 187 188.7 189.4 191.5 194.4 195.8 198.3 199 200.6 201.4 201.6 204.1 205.4 206.9 208.6 212.3 215.1 222 226.9 228.3 225.9 221.5 210.9 198.7 184.3 171.1 159.1 146.7 132.3 121.5 112.9 107.2 105.3 106.1 105.3 98.8 97.3 86 78.9 71.8 66.2 59.9 54.1 48.4 47.3 46.9 46.5 43.6
204 204.8 203.9 203 200.7 198.4 196.8 192.3 190.4 190.3 190.3 189.5 188 185 182.1 179.4 177.8 176.3 174.2 172.4 168.4 164.7 160.8 156.5 143.1 155.8 161.4 167.4 171.2 174.1 177.2 181.9 184.1 184.7 186.5 189.1 190.7 191.7 194.7 195.6 197 198.2 201.7 202.7 202 203.9 205.6 207.3 209.3 211.3 215.3 218.4 225.2 233.4 238.5 239.8 237.2 223.6 209.8 197.6 183 169.5 155.5 139.7 128.9 117.8 109.8 108.1 109.2 109.5 106.6 98.6 91.3 81.3 72.6 65.8 63.1 56.9 52.6 48.4 47.1 47.2 46.6 43.1
210.3 208.5 209.1 207.1 204.8 202.1 196.1 195.5 195 195.1 194.3 191.9 188.8 185.6 183.8 182.8 179.9 179.6 175.7 173.1 168.7 163.8 159.9 143.9 156.8 162.2 169.3 173.1 176 178.8 181.7 186.1 187.7 188.5 190.4 191.8 193.3 196.1 197.6 197.8 199.8 203 204.6 205.2 205.8 207.3 210 211.8 214.2 218 221.1 227 232.5 239.3 250.3 244.1 232.9 220.4 211 196.4 179.6 162.4 148.8 134.4 124.2 115 110.8 111.1 109.3 108.2 103.4 94.9 87.2 78.7 67.3 61.8 58.1 54.4 50.2 48.1 47.4 47 44.9 41.2
215.1 212.9 210.9 209.3 205.4 201.6 200 199 199.5 198.5 195.5 193.1 190.6 187.3 185.9 184.6 182.6 180.5 177.5 173.6 168.6 163.3 156 157 161.1 170 173.9 177.8 180.9 184 186.4 189.8 191.3 193.4 193.7 195.6 198.1 200.5 201.6 201.9 204.2 206.2 207.4 207.9 208.8 211.1 214.2 217.6 220.5 223.4 228.4 237.1 241.2 246.5 247.4 240.4 231.8 223.4 209.1 191.9 174.7 157.5 140.2 126.4 122.3 119.6 116.8 115.5 110 105.8 100.1 89.6 81.3 73.1 64.7 58.4 54.2 52 51.2 48.3 47.3 46.1 42.7 38.8
222.1 215.6 210.8 208.8 206.8 204.7 204.7 204 202.4 200 195.7 193.5 191.4 189.6 187.8 186.1 185.3 180.8 178 171.6 166.3 161.5 159.4 163.7 171.3 176.7 179.5 182.3 185.7 189.1 191.4 192.8 194.7 195.7 196.9 197.8 200.3 204.6 205.8 206.3 207.8 208.7 209.9 210.7 212.2 215.4 218.8 222.3 224.4 230 237.1 245.8 249.4 252.6 253.6 243.4 235 221.2 203.8 186.5 169.2 151.8 134.5 124.8 120.4 117.8 115.2 112.3 107.7 102.5 95 84.1 75.6 68.3 61.2 55.5 51.8 50.7 50.7 48.6 47.2 44.5 41.2 37.2
223.3 216.7 216.4 213.2 210.9 210.1 207.7 206.2 203.2 200.3 196.6 193.9 192.1 191 189.8 188.3 185.5 180.7 176.6 170.5 164.9 154.7 162.8 172.5 178.5 182.8 185.5 188 190.3 193.7 194.9 196.1 198.7 199.4 200.4 201.9 204.3 207 208.9 210 210.6 212.5 213.2 213.7 216.4 219.2 224.4 227.2 231.4 238.2 244.2 254 258.9 261.8 256.9 248.5 239.9 218.4 197.4 180.1 162.7 145.4 129.2 123.6 115.9 113.3 110.6 107.5 103.1 97.7 88.4 78.8 71.3 65.8 60.5 54.7 50.5 47.9 48.4 47.1 46.1 43.4 40.5 35.8
223.4 218 218.9 215.8 214.2 211.2 209.4 206.4 202.9 199.7 198.3 196.2 194.1 192.9 191.5 190.2 186.9 180.8 173.1 167 158.1 168.2 175.2 179.6 184.9 187.5 191.5 193.6 194.3 196.8 198 200 202.5 203.6 204.2 205.9 207 208.8 210.7 213.1 213.5 214.9 216.4 218.4 221.2 224 228.3 232.7 237.5 246.8 255.3 265.8 270.6 270.5 267.3 255 238.2 216.8 195.6 174.4 156.3 139 128.4 122.5 114.5 108.7 106.1 102.7 98.4 91.5 82.8 72.9 66.8 63.4 60.1 53.5 50.2 47.6 47.3 45.5 44 40.2 38.5 36.6
223.4 218.2 219.1 218.4 214.6 213.7 209.5 206.4 204.5 202 200.4 198.8 196.4 195 193.2 190.6 185.3 178.8 171.8 162.1 169.4 174.4 180.9 185.6 189.2 192.4 195.8 197.1 197.8 200 202 203.9 205.6 206.7 208.6 209.7 209.8 211.1 214.1 216.1 216.8 218.1 219.3 221.7 224.7 228.8 233.3 238.5 244.1 256.7 267.7 274.8 281.1 281.4 265.8 244.5 231 212.6 193 172.7 151.5 132.5 127.7 121.4 113.4 105.4 101.5 97.9 92.9 90 84.7 73.3 65.3 62.4 59 53.8 51 49.1 47.6 43.6 41.2 37.9 35.7 35.9
222.4 222.5 222.6 219.7 219.4 213.4 210.4 208.2 206.8 206.1 203.5 201.6 200.7 196.4 193.9 188.3 182.3 176 166.5 168.4 176 184.2 187.3 191.9 193.8 197.1 199.9 200.1 202 203.3 206.3 208.5 208.6 210.3 212 213 212.8 214.2 216.9 219.4 219.8 221 222.2 224.7 227.5 231.9 237.6 244 253.8 264.9 274.4 282.5 283.7 276.1 258.3 234.4 216.1 196.8 178.5 160.8 143.1 127.8 126.5 120.3 112.3 104.3 97 91.9 87.8 87.7 87.2 77.9 68.5 61.7 57.7 54.4 51.3 49.8 48.7 43.7 40.3 38.6 36.7 36
224.3 224.8 225.5 220.1 218.6 214 214.2 213.1 210.9 209.8 206.4 203.2 199.8 194.4 190.8 185.5 180.5 170.1 173.8 178.3 185.6 190.7 194 197.1 199.4 200.3 202.1 204.5 206.7 207.7 210.6 212 211.5 213.6 215.5 216.7 217.8 218.9 220.1 221.4 222.8 224.1 224.7 227.9 231.1 235.9 241.9 252.6 265.3 274.5 282.1 283.9 275.6 258.8 243.5 224 202.4 181.6 162 144.3 126.7 124.9 121.2 116.4 110.3 104.3 95.5 87.6 87.7 87.9 87.4 84 77.7 71.5 64.9 61.8 58.4 55.3 50.3 45.5 42 43.7 46 48.8
228 227.5 225.3 222.4 221.2 218.6 219.9 217.4 215.5 213.4 210.6 204.5 200.4 196 191.9 185.7 182 171.4 182.2 186.6 192.4 196.2 199.5 200.5 202.2 205 207.7 209.3 211.9 212.6 213.5 216.4 215.8 217.4 219.2 220.2 221.9 222.9 223.4 224.1 224.3 225.8 226.9 230.3 234 239.8 249.1 261.2 272.3 280.7 285.8 278.4 262.3 245.9 229.2 208.5 186.5 166.5 147.1 127.9 123 120.6 115.7 110.8 105.5 100.8 93.9 87.5 87.8 87.9 88.6 88.4 84.4 82.2 73.8 69 62.4 58.4 51.6 55.6 54.7 58 58 61.3
230.8 230.1 229.1 226.7 224.6 223.7 223.1 221.2 220.6 215.3 210.8 207.1 202.1 197.1 190.7 186.3 180.1 184.6 187.8 192.5 197.2 201.2 202.8 204 205.5 208.7 212.4 214.4 215 215.6 217.3 219.9 219.4 220.2 222.1 223.6 224.1 225 225.6 226.1 226.1 226.8 229.8 233.1 237.3 245.8 254.9 266 275.6 280.9 278 263.9 245.8 227.8 209.5 190.3 170.2 148.7 130.3 117.8 113.5 110.4 107.1 104 100.7 98.3 93.9 88.6 88.5 89.8 90.2 88.7 80.5 77.4 77 75.8 65.7 68.5 65.1 60.3 67 74.4 75.6 76.6
234.2 234.6 233.8 232.6 230.6 228.3 227.6 226.2 223.8 216.9 213.4 207.4 202 196.8 191.2 188.8 185.2 189 193.7 198.5 202.9 204.4 206.1 208.6 211 214.6 216.8 218.3 218.6 219 220.7 222.8 222.5 223.5 224.4 225.8 225.6 225.7 226.2 227 227.6 229.1 230.9 234.3 240.2 247.6 256.2 263.5 271.6 273.6 264 247.1 229.7 212.4 193.2 172.4 151.6 130.8 118.3 110.5 106.3 104.6 103.6 98.2 93.6 91.9 91.3 90.4 89.1 88.6 86.4 78.4 67.5 64 63.2 62.5 61.9 62.2 61.5 60.1 59.9 59 57.3 63.4
239.8 240.2 239.5 237.3 235.5 233.1 231.7 227.9 223.6 218.6 214.4 208.5 203.3 198.9 195.1 190.6 193 195.3 199.5 204.5 206.8 208 209.1 211 216 219.2 220.7 221.5 222 222.5 223.6 224.5 225.6 226.7 227.6 229.1 228.9 228.8 229.2 228 228.2 228.6 229.8 234.5 240.8 245.1 248.6 254.1 258.4 259.5 248.7 232.2 214.6 197.3 177.8 157.7 140.2 122.8 110.7 104.5 101.8 99.6 95.2 93.4 93.7 93.1 91.8 91.4 90.5 81.8 74.8 64.5 63.7 63.1 62.9 62.2 62.2 61.5 61.1 59.4 55.9 53 49 48.1
245.4 245.5 244.7 241.6 237.8 234.2 232.6 228.1 226 220.1 215.1 209.1 205 201.3 193.9 194.4 198.9 202.1 205 209 210.6 212.7 213.2 217.6 221.4 223.6 225.4 226 226.6 225.8 226.5 227.6 228.3 229.4 230.4 230.9 231.2 231.6 230.4 230.3 228.3 227.1 226.2 230.2 233.4 237.8 239.4 241.1 243.3 236.2 230.8 217.3 201.5 184.9 165.6 149.8 132.7 115.2 105 103.1 98.9 94.4 94.3 94.4 93.9 92.6 91.3 90.1 83.2 72.4 68.1 65.4 64.3 63.3 62.8 63 58.6 53.9 49.8 46 43.5 38.5 35.9 33.9
250.2 249.8 248.9 245.2 240.7 236.6 234.9 229.8 227 222.1 215.6 211.4 206.6 203.2 191.9 200.5 204.4 207.3 211.1 214.7 213.8 215.8 219.1 223.8 225.8 228.8 229.4 230.1 231.3 230.7 230.2 230.8 231 231.8 231.5 231.6 232 232.2 231.2 228.6 225.5 221.5 220 218.5 220 220.8 221.5 223.5 222.9 211.2 203 196.1 182.3 160.5 145.5 132.1 118.9 105.3 102.2 98.1 95.1 96 95.6 94.1 93.1 93.2 91.3 87 74.3 67.5 66 65.6 64.5 63.3 63.1 52.2 46.4 43.1 40.5 38.4 36 32.5 31.6 31
251.9 251.4 249.6 246.1 240.4 240.7 237.7 234.3 229.2 223.1 218.1 213.1 208.8 206.4 207.3 208.3 209.3 211.9 214.3 216.5 217.9 220.2 223.6 227.2 228.8 230.6 231.3 232.9 232.8 232.3 232.8 233.5 232.9 232.9 232.6 232.6 232.7 232.8 232.1 226.4 220.4 215.7 210 206.3 203.1 201.8 202.2 204.6 205.2 193.4 181.6 170.4 161 148.2 133 118.3 106 102.9 98.5 96.1 96.5 96.3 95.7 92.8 93.8 94.3 90.5 83.3 71.3 66.1 65.4 64.6 63.6 61.3 49 41.8 42.7 41.4 38.9 37.7 35.8 34 31.2 30.4
253.7 252.1 250.4 246.9 245.3 243.7 237.6 234.3 228.7 225.5 220 214.8 211 209.9 204.2 211.2 214.1 215.7 216.7 219 222.3 225.9 229.3 231.2 233.8 233.9 234.3 234.2 233.2 234.7 235.2 235.8 235.2 234.8 233.9 234.4 233.8 233.4 229 223.7 216.8 210.1 205.3 199.6 190.3 184.3 182.9 186.4 187.5 175.7 167.7 157.8 145.3 134.3 120.5 107.5 104.6 99.5 97.4 96.9 97.7 98.5 93.2 93.7 95.7 94.6 88.5 80.6 68.9 65.6 65.2 64.4 62.5 54.4 45.5 43.5 44.8 43.9 42 39 37.7 34.5 30.8 32.2
256 255.4 252.7 250.5 249.1 245.1 240.1 235.4 232.5 227.5 220.8 216.3 213.7 214 202.1 215.4 216.4 217.4 220.4 223.8 227.4 232.4 235.9 237.7 237.6 238.3 238.2 238.2 237 235.9 239.2 238.1 236.8 236.6 235.1 234.7 234 228.4 224.4 219.7 214.3 209.8 204.1 198.1 188.4 174.8 169 169.8 169.8 164.7 155.1 145.1 131.1 118.2 109.1 104.9 101.9 99.9 99.4 98.4 99.1 98.2 96.4 97.7 97.1 93.7 87 77.1 66.8 66.6 64.8 63.3 58.5 52.9 47.3 45 45.1 43.1 39.5 38.4 36.4 32.8 28.3 42.5
261.6 260.7 258.8 256.1 252.3 247.4 244.7 240.3 235.3 226.7 222.1 219.3 216.7 216.5 211.5 217.5 219.1 221.3 225.3 229.8 232.4 237.9 240.7 242.7 241.8 241.7 242.1 242 240.7 237.3 238.6 236.8 234.6 234.2 231.6 229.5 227 222 218 209.4 201.7 198.3 186.9 194.6 193.8 183.5 172.9 165.3 160.2 156.7 144.7 132.7 121.9 113.2 107.5 104.4 100.7 101.7 100.9 99.6 99.5 98.5 98.4 97.3 94.1 90.8 88.3 72.3 67.3 63.7 63.7 58 54.5 52.3 50.1 44.8 40.2 36.4 34.4 34.7 33.1 31.1 41.8 34.2
268.3 267.1 264.9 260.2 255.6 250.2 244.1 241.7 232.9 228.1 223.9 221.5 219.8 219.8 212.1 220.4 221.6 224.7 228.6 235.5 239.6 243.1 244.5 246.8 245.9 245.4 245.9 246 244.9 238.4 236 234.6 232.5 231.9 228.2 225 220.3 211.1 206.2 208.9 213.3 207.3 204.2 203 200.3 192.4 184.6 175.9 165.5 156 139.8 125.8 114.9 107.6 105.4 102.9 101.7 101.2 101.2 100.4 100.1 95.5 94.6 93.2 90.9 90.1 83.4 66.8 66.5 62.2 59.6 55.9 53.1 51.6 45.7 41.1 37.5 34.1 31.4 30.1 31.5 31.5 39.2 29.2
275.4 272.9 268.4 262.9 257.5 251.8 246.3 239.1 233.2 229.2 225.9 224.5 221.4 219.5 221 223.1 225 230.1 239 241.1 244.7 248.1 249.3 249.6 249 248.5 248.4 248.2 247 241.9 236 231.8 230 228.2 223.7 220.6 213.4 220.7 217.9 222.2 223 221.7 214 209.2 201.5 194.2 185.3 177.1 166.7 149 133.4 118.8 109.6 106.1 103.6 101.6 101.3 100.8 100.3 93.7 92.1 89.1 85.8 80.4 73.2 66.4 64.3 62.7 61.8 60.7 56.7 53.3 51.6 46.2 42.9 39.1 33.1 30.1 29.4 29.1 24.5 30.3 27.2 20.9
282.4 277.9 271.6 265.7 258.8 253.3 244.9 238.8 234 230.8 228.5 225.7 222.2 214.5 223.8 225.7 231.5 238.7 242.2 246.2 248.7 250.7 251 251 251.3 250.9 251 250.1 247.7 244.4 242.2 239.8 233.2 230.7 228.7 227.2 227.1 229.8 230.1 231.1 235 233.6 223.7 212.8 197.9 191.3 182.9 174.2 159.3 142 122.8 111.5 105.2 101.5 101.5 98.2 98.6 96.6 88.5 87.3 86 84.9 74.8 66.3 64.1 63.2 62.5 61.9 62.1 60.9 58.1 49.4 47.2 44.2 40 35.4 30.7 27.8 28.3 26 25.1 24.1 22.3 21.9
288.3 283.2 277.1 269.1 259.6 251.6 245.2 239.9 236.2 233.2 231.1 224.7 220.9 224 227.1 232 239.6 243.8 247.8 249.6 250.8 251.8 251.1 251.6 251.7 253.3 251.8 251.7 250 249 248.8 246.7 243.3 239.4 237.6 236.4 236.3 237.8 236.9 239.4 243.1 243.6 230.9 216.8 199.1 187.4 180.7 166.9 145.3 126.4 114 102.1 101 98.4 94.4 94.7 92.4 89.7 87.8 86.8 85.3 73.1 66.1 64.9 64.2 63.2 62.7 62.2 61.4 59.6 51 47 44.6 41.5 37.1 33.1 31.8 29.4 25.6 25.2 23.9 23.5 23.2 22.9
293.1 287.7 279.1 269.2 258.6 250.6 245.2 241 237.8 235.5 231 225.6 219 228.4 234.8 240.3 244.2 247.9 250.2 252.1 254.1 253.7 253.8 253.8 252.2 251.2 252.1 253.1 251.8 251.5 251.3 250 246.6 243.6 242.3 241.9 244.2 244.2 244.3 246 247.7 245.1 238.4 220.7 203.1 185.4 172.7 152.9 135.3 117.8 106.2 99.1 97.3 95.4 93.2 91.5 89.9 88.3 85.8 80.9 69.7 65.4 64.6 64.2 63.5 62.6 62.8 62.4 62.1 58.4 53.4 48.9 44.1 41 35.9 31.8 31.3 30.6 28.6 23.8 23.6 23.6 23.3 23.2
296.6 289.5 276.9 265.1 257.1 250.6 246.5 244.5 240.2 236.5 229.6 226.4 227.1 234.2 240.9 245.6 249.4 252.3 254.8 256.1 258 258.2 258.2 258.6 254.4 255.4 254.4 255.6 255.9 254.9 254.5 253.3 249.9 248.4 246.6 244.6 246.7 248.9 251 251.3 247.4 242.1 229 213.4 196.5 179.3 160.7 142.2 124 109 100.3 95.6 93.4 91.4 89.6 88.8 87.8 85.7 76 70.1 66.9 65.2 63.3 63.7 62.4 63 62.6 62.3 62 56.8 51.5 46 40.9 38.5 33.9 33.1 30.5 28.9 25.1 23.7 23.6 23.5 23.3 22.8
