data/260000-590000.asc
ncols 200
nrows 200
xllcorner 260000
yllcorner 590000
cellsize 50
[rows 0 to 34 of 200, columns 0 to 77 of 200]
407.7 402.3 398 397 398.9 400.1 402.4 402.7 408.7 413.6 421.2 428.8 439 447.2 455.2 461.6 467 472.5 477.5 482.2 490.2 497.2 506.2 522.8 532.4 547.2 560.5 572.4 582.9 591.5 599.1 605.1 609.7 612.2 612.6 609.5 606.4 601.6 595.9 589.2 579.2 570.2 568.5 570.8 573.7 578.3 582.5 586.7 592 592.8 590.8 584 577.4 565.1 555.1 543.1 530.4 516.7 504.4 493.5 481.7 469.5 457.9 447.7 435.5 421.5 407.2 390.3 385.8 374.6 364.7 359.6 352.7 342.2 335.2 324.3 321.4 317.9
420.5 414.8 406.9 399.3 397.5 398.3 400.1 403.5 411.6 418.6 427.2 435.8 447.7 456.6 466.7 474.4 482.6 488.4 492.8 498.5 505.1 511.6 518.3 526.7 538.7 553.4 564.8 575.3 584 592.3 599 605 609.1 610.8 610.9 608.8 604.8 600.6 595.1 588.5 579.7 569 564.1 565.2 568.8 572.5 576.8 580.7 583.8 585.3 582.8 579.8 572.6 561.6 549.5 538 525.9 512.5 500.4 491.5 481.7 470.9 460.5 450.4 437.9 425.9 415.9 407.6 401.1 389 375.7 362.6 356.2 345.7 335.4 330.6 324.6 322
432 427.4 419.6 409.9 401.4 397.8 398.1 403.2 412.1 422.6 434.1 443.2 457.2 469.5 481.5 492 502.9 510.1 510.9 513.1 517.8 524.1 532.7 538.6 549.2 560.9 571.3 578.7 586.4 593.1 599.1 603.8 607 607.8 607.3 606.1 602.4 597.9 592.7 586 578 569.1 562.9 561.4 564.8 567.5 571.1 575.2 577.3 577.7 575.2 572.5 565.5 554.1 539.9 526.5 513.9 503.2 494 486.7 480.7 471.9 462.2 450.8 442.4 432.9 425.3 421.2 412.6 403.6 392.9 380.5 369.5 357.6 344 340.3 335.3 328.5
449.8 441 432.5 422.7 411.9 402.6 399.1 402.7 411 422.9 431.3 446.1 461.6 480.1 496.5 509.6 520.9 527.4 530.1 531 533 539.4 548.3 555.1 560.1 568.1 575.7 582.8 589.1 594.6 598.7 602 604.2 605.1 603.1 601.1 597.7 592.6 587.2 580.8 575.4 567.2 560.9 558.9 561.5 564.1 566.2 569.7 571.7 571 568.3 565.8 556.8 543.8 526.5 510.2 500.1 493.2 487.2 482.9 477.9 472.1 463.7 454.5 444.7 436.7 435.1 428.5 423.9 414.2 405.2 393.6 380.8 368.2 362.5 352.9 345.4 334.6
473.2 458.6 449.2 439.7 425.3 412.4 399.1 403.1 409.8 420.8 432.3 444.5 464.2 485.5 505.8 523.2 534.4 541.7 547.4 550.9 554.8 555.7 558.6 565.6 570 575.7 580.4 585.3 591.3 594.7 597.5 598.6 599.4 598.1 596 594 589.7 585 580 574.9 570.3 565.2 557.9 555.9 558 562.2 564.5 566.2 566.8 566.8 565.1 556.8 546.3 530.6 511 497.4 488.1 482.8 479.6 476.3 474.1 470.2 462.6 457 442.7 441.6 440.2 431.6 425.9 416.5 404.8 397.2 393.3 387.2 379.5 369.8 358.6 349.4
490.2 478.8 465.8 454.2 437.6 422.5 404 402.4 409.7 416.4 431.9 443.4 461.6 483.5 507.1 529.2 541.5 550.9 557.7 562 565.8 568.1 568.5 571.3 575.4 580.1 584.3 588.2 591.7 592.9 594.3 593.7 592.2 589.5 586.4 584.1 580.1 576.5 571.7 568 565 559.6 554 552.3 555.1 557.9 558.8 561.2 563.4 564.5 558.6 547.3 531.7 512.3 495.7 484.8 475.1 470.7 470 469.4 469.8 467.6 463.7 457.5 446.6 443.7 444.3 437.3 430.6 428.8 423.5 416.5 411.7 403.4 396.9 387.1 377.1 364.8
496.5 487.7 477.8 464.8 449 432.6 415.1 403.8 403.7 414.4 428.6 443.1 457.1 477.3 502.9 528 543.2 551 555.5 559.4 564.6 571 575.2 579.8 582.1 584.5 587.8 588.9 589.3 589.4 588.6 585.3 580.9 577.5 574.8 573.9 570.9 567.7 564.2 561.8 558.3 554.2 551.6 550.1 551.8 552.2 553 556.3 560.1 559.8 549.5 534.6 515.1 493.8 482 469.1 461.4 457.2 457.3 459 461 463.2 461.1 456.8 451.5 451.6 448.6 446.9 442.5 439.4 436.5 433.1 429.5 421.7 417.3 408.9 396.9 384.9
499.2 490 482.2 471.5 457.4 440.3 422.7 409.4 403.8 413.9 424.3 438.9 450.8 469.9 494.6 520 532 539.7 546.2 551.9 559.2 567.4 574.6 581.7 587.6 589.4 590.8 589.7 586.4 581.5 578.8 573.5 569.5 567.1 564.5 563.1 559.8 557.8 557.1 555.3 553.6 550.4 549.5 547.1 547.8 548.4 549.3 550.2 550.8 547.6 529.3 514 495.2 476.1 463 456.4 448.2 444.6 443.6 446.4 452.8 457.6 459 458.1 456.6 454.5 454.1 453.3 451.5 451.8 450.2 450.5 448.1 443.6 439.5 433 421.2 407.8
499.7 491.2 486.1 477.3 462.9 444.6 427.8 415.6 403.7 413.1 422.6 434.4 448.7 463.7 484 503.2 515.9 524.9 535.5 545 553.7 563 572.1 580.9 587.6 590.5 590.3 586.8 582.2 576.4 569.8 562.3 555.8 554.2 549.4 551 551.3 550.4 549.4 549.6 548.7 547.6 546.9 544.7 545.7 546.2 545.9 543.9 537.1 519.4 503.3 490.3 474.9 459.8 449 438.3 431.8 427.5 426.7 433.2 441.5 450.6 457 457.9 459.2 459.4 458.1 459.4 458.8 461.9 465.1 468.4 471.4 470.3 467.2 459.6 449.4 433.8
499.7 495.2 490 481.3 467.7 449.2 432.8 420.8 408.2 412.3 420.5 430.3 442.9 455 471.2 487.2 500.3 510.5 525.7 537.3 546.6 558.3 570 579.1 583.3 587 586.4 582.5 576.3 568.6 561.1 553.6 546.1 540.7 536.5 536.8 538.3 542 543.5 544.8 544.6 545.5 544.9 543.6 540.2 538.8 534.7 518.8 503.5 489.8 476.9 463.2 453.5 441.8 432.4 421.3 416.8 410.6 410.8 418.1 427.1 438.4 449.5 458.2 462.9 466.1 467.5 468.3 471.7 475.3 480.9 487.9 493.8 495.3 492.2 485.4 474.1 456.9
499.8 497 492.5 483.4 471.4 455.1 438 424.6 415.6 408.7 418.1 424.5 434.9 446.5 458.1 472.6 485.9 499.4 513.4 528.1 539.4 552.8 565.5 575.3 580.6 581.1 579.6 575.7 570.1 561.9 548.7 542.7 535.8 530.2 526.2 523.6 524.6 528.6 534 537.7 538.5 539.8 540.1 535.3 522.4 516.2 501.4 486 472.1 461.5 450.6 440.8 430.2 424.2 416.7 409.2 401.8 398.6 397 402.7 413.1 426.3 438.3 453.5 465 469.8 474.8 477.5 482.2 487.7 492.8 500.5 509.7 514.7 515.4 508.8 497.7 478
499.2 497.4 495.3 486.2 474.3 461 443.2 429.3 419.7 410.4 416 422 430.5 440.4 450 461 475 489 502.7 516.1 530.4 544.1 556.8 567.8 574.1 576.1 572.9 568.6 562.6 555.2 545.4 536.8 531.4 526.2 517 506.1 508.7 513.3 517.9 522.2 526.4 527.7 527.4 517.6 501.3 485.8 471.8 459.5 445.1 434.8 425.9 418.5 413 407.7 402.5 396.8 389.6 383.9 382.2 385.1 394.6 409.1 423.5 438.6 456.2 468.6 478.2 484.2 488.1 493.6 500.4 508.9 517.3 520.3 525 524.5 515.3 494.8
498.5 497.6 496.1 489.1 477.6 466.5 453.6 436 422.9 412.9 414.8 420.1 426.7 435.3 444.4 454.7 466.2 479.5 493.8 506.3 521.4 534.1 545.8 557.3 564.1 567.3 564.9 561.5 554.7 547.9 540.3 534.7 530.2 526.1 520 512.2 492.5 491.8 499.8 503.2 505.3 503.6 503.3 494.9 480.3 461.3 443.9 432.9 421.2 409.4 400.2 397.9 395.9 392.2 388.4 383.6 378 370 366.9 368.5 379.7 394.1 408 422.8 440.2 459.2 473.4 482.2 488.7 495.4 503.8 511.3 519.5 522.6 525.7 528.5 526.4 511.4
498.6 496.5 495.3 490.8 481.9 472.4 452.7 433 424.7 417.1 414.6 418.3 424.1 433 441.3 449.2 459.2 471.7 485.7 498.2 510.8 524.9 534.2 545.7 553.3 555.9 554.2 552.1 546.6 539.6 536.6 533.6 529.8 527.1 524.4 518.4 508.2 491 476.2 481.6 481.2 480.4 476.4 469.5 458.4 443.6 423.9 412.2 399.4 388.9 379.5 375.9 374.8 374.9 373 368.3 363.7 360 355 355.8 363.8 379.6 394.3 409.3 423.4 441.8 459.1 470.3 479.4 489.7 498.8 508.7 516.3 521.2 524.4 528.5 528.6 524.3
499.7 497.7 495 493.3 485.4 477.7 463.1 445.9 430.9 418.9 415.4 418.5 422 430 439.1 446.9 455 465.5 477.5 490 502.8 515.4 525.7 533.3 541.9 544.6 544.1 542.2 540.2 537.2 535.2 532.6 530.3 528.6 528.7 523.5 514.3 499.6 482.2 461.8 458.2 454.8 451.7 445.2 435.8 425.3 413.9 399 382.8 372.6 362.8 356 355.8 355.5 356 355.3 351.3 348.8 346.5 345.7 352.3 369.2 382.8 396.3 410.5 425.7 442.7 455.4 467.1 480.5 488.2 500 509.5 515.9 521.4 527.6 530 527.7
501.3 499.2 496.9 494.9 490 484.4 471 452 436.1 423.4 416.6 417.3 422.1 428.4 436.6 444.5 451.9 460.6 471.8 483.4 494.9 506.6 518.1 524.6 529.6 534.2 533.3 534.1 538.8 539 536.3 532.6 531.5 530.5 530.5 528.2 520 507.4 491.3 472.8 453.2 431.2 429.8 424.2 416.6 407.2 397.5 384.8 369.8 356 348.8 340.6 338.7 339.6 341.9 340.1 339 338.9 337 336.5 343.9 358.6 373.2 385.1 398.9 413.1 428.8 442.3 454.4 468.4 476.9 487 499.4 508.2 516.7 525.5 531.9 530.3
504.2 502.9 501.1 498.9 493.5 487.8 475.8 457.2 440.7 428.5 420.6 416.2 419.4 425.6 433.8 442 449.6 457.2 467.4 478.4 489.5 501 510.9 517.7 521.2 522.6 527.8 536.5 544.4 547.2 546.5 542.1 537.3 536.7 538.7 536.8 528.7 517.7 502.2 481.9 463.7 443.2 420.4 405.1 398.4 391.4 382.8 373.1 359.6 349.5 341.6 331.6 327.1 325.8 331 329.1 329.2 327 328 328.3 333.6 347.7 362.1 375.2 388.8 401.7 415 427.3 439.7 451.2 460.5 473.3 486.6 496.8 507.7 519.5 528.2 528.2
511.6 507.5 506 503.4 498.2 492.1 480.6 462.4 444.7 431.9 423.4 419.2 417.9 423.7 431.5 439.8 448.1 456.5 465.7 474.3 484.5 495 503.1 509.9 512.2 519.8 530.4 544.1 554.7 561.6 561.1 556.8 548.1 544.5 546.3 544.6 539.6 528.3 513.2 493.9 475.4 455.1 433.4 415.5 400.2 380.2 365.9 357.7 349.6 341.8 335.4 328.4 322.6 320 319.2 317.9 316.9 318.4 320.3 322 326.7 336.6 350.4 364.6 378.5 391.9 403.2 413.2 424.3 436.1 447.8 460.4 472.3 486.5 498.3 510 519.7 521.9
518.7 513.3 512.6 511 506.1 497.2 484.9 468.9 451.1 436.8 427 422.9 420.2 422.1 429.4 438.1 445.7 452.9 461.8 470.9 479.8 489.7 498.3 504.9 510.9 523.3 538.1 553.5 569.1 576.8 577.7 572.9 562.6 552.6 553.1 554.2 549.8 540.7 527.7 508.1 487.7 465.3 446.1 426.5 410.1 393.5 378.8 362.6 351.1 338.4 329.9 324.8 319.1 315.3 313.1 311.9 311.3 312.5 313.8 317.7 322.2 328.5 340.3 353.5 367.6 379.5 391.1 401.5 411.5 422.4 434.3 447.7 461.4 475.1 488.7 499.4 506.5 509
527.1 521.6 518.6 517 511.3 503.5 489.4 472.5 454.9 441.9 431.6 426.4 423.2 421.4 429.7 436.9 444.5 451.7 460.6 469.1 477.7 487 495.7 504.7 513.3 526.2 545.1 563.5 578.8 590 596 593.1 579.9 566.7 562.6 561 559.3 551.6 536.5 520.7 500.7 480.8 460 440.1 422.4 404.2 387.2 372 360.1 344.7 334.6 328.6 324 316 310.8 309.8 308.3 309 311.9 314.4 318.5 323.7 332.9 344.8 357.7 368.4 379.2 390.3 401.7 411.8 423 435.5 449.5 462.5 477.4 489 496.1 496.6
532.1 528.8 525.7 522.2 516.3 507.4 493.9 475.4 459.1 445.4 435.8 428.5 425 423.6 429.7 436.3 443.7 451 459.4 467.8 475.8 485.2 494.7 506 517 531.9 552.5 574.3 591.9 605.1 611.9 612.2 602.8 583.8 576.6 572.9 565.6 558.2 547 531 511.8 494.5 475.3 455.7 434.4 417.8 401 382.4 368.5 352.9 340.5 330.1 322.3 316.9 313.4 307.4 307.4 307.4 309.8 311.5 315 319.5 327.7 337.9 348.2 359.6 370.8 380.4 390.6 401.1 410.8 424 436.9 451.1 464.2 476.2 486.4 483.5
540.4 536.4 531.7 528.1 520.5 509.8 496 479.7 464.1 450.3 438.8 431.3 427 424.3 429.7 436 442.8 449.8 458.1 466.6 474.7 484.6 495.7 508.8 520 535 558 582 600.4 616.4 625.2 626.7 619.4 604.8 593.3 588.2 581.5 568.2 555.3 542.9 527.6 507.6 487.2 468.9 448.8 429.9 413.3 396 380.7 363.2 347.7 334 323.2 316.1 312.3 308.1 308.7 306.4 307.1 309.3 312.1 315.7 322.4 331.1 340.9 351.9 362.3 371.6 380.2 389 399.5 411.9 426 439.9 452.4 462.7 468.9 468.9
547.4 543.1 538.5 531.7 521.9 509.8 494.6 480.6 466.6 454.2 443.3 434.4 430 426.5 431 436.9 442.9 448.8 456.2 464.1 473.2 483.9 495 506.8 520.6 540.1 561.4 585.3 605.7 621.9 632.6 636.7 632.5 622.8 610.2 603.8 599.2 584.1 571.6 557.9 541.3 517 497 480.3 461.3 443.2 427.8 411.1 393.7 376.7 357.6 341.9 329.4 318.7 311.3 308.8 302.9 303.4 304.4 306.3 307.4 310.5 316.1 323.7 332.8 343.5 352.9 361.1 369.8 378.8 389.7 401 414 428 440.6 449.6 454.2 454.2
553.9 549.6 542.7 535.1 522.3 508.6 493.3 479.5 466.7 455.5 447.7 438.1 431.8 428.4 432.1 438 443.9 449.2 455.6 463 470.9 483.8 495.1 506.1 522.1 544.1 563.8 585 604.8 620.6 633 640.5 637.9 631.7 620.6 615.7 610.2 604.2 593 573.4 551.2 525 507.5 490.2 474 456.4 439.1 424 405.8 388.5 368.7 350.1 336.9 322.6 311.7 308 302.1 300.5 301.2 300.9 302.3 305.3 311 317.1 324.8 334.8 343.3 350.9 359.3 367.4 377.7 391.3 404.1 416.9 428.3 437 440.6 441.5
561.9 555.7 548.2 538.7 523.4 508 493.4 480 467.6 457.6 447.8 440.6 434 433.1 434.3 437.6 444.8 450.7 456.6 463.6 471.8 482.9 494.1 505.8 524.2 544.5 566.1 585.9 601.2 615.9 626.1 632.4 635.3 634.2 628.1 623.4 621.3 619.8 609.7 591.8 565 531.2 510.6 499.8 484.9 465.5 448.9 434.1 417.9 400.8 379.9 360.3 343.6 327.9 315.8 309 300.2 299.1 299 298.5 299 301.6 305.1 310.2 316.2 325.8 334 341.8 349.6 357.2 368.9 382.5 396.1 407.3 416.8 424.6 429.2 430.5
569.6 562.5 553.5 541 524 509.6 493.9 480.5 467.9 457.7 448.1 441.6 436.4 437 437.6 436 443.9 452.2 458.2 466.1 472.7 481.6 492.5 506.6 521.8 540.5 563.1 581.4 596.1 606.4 611.3 616.7 626.6 629.5 626.2 623.7 627.5 629.4 626.1 607.4 574.2 539.7 522.4 506.2 494.8 477.9 460.7 444 429.4 412.3 394.2 372.2 352 333.9 321.2 310.3 301.9 299.7 297.5 297.4 297.2 298.1 300.3 303.8 309.5 317.2 326.4 335.1 341.5 351 362.3 375.5 386.7 397.6 406.8 412.7 416.3 417.8
579 568.1 557.9 542 525.2 512.1 496.4 481.1 469.6 458.8 449 441.5 441 441.2 441.6 440.9 444.3 452.2 459 466.6 475 482.5 494.1 504.4 519 536.3 557 573.2 586.4 595.2 599.9 605.2 610.8 618.3 619.3 620.3 625.3 633.4 635 622.5 587.8 559.2 537.5 520.9 502.7 488.9 473.6 455.3 441.5 424.3 405.7 384.2 360.9 341.3 325.7 314.7 305.9 301.8 297.6 296.3 294.8 295.4 297.4 299.7 304.9 311.7 320.6 329 336.8 344.4 351.9 364.4 376 386.7 395 400.7 404.9 407.9
581.2 573 558.6 542.5 526.3 514.4 496.9 482.2 470.3 460.6 452.5 445.5 443.6 444.1 444.3 445.7 444.2 453.2 459.7 467.4 475.7 484 493.5 503 516.6 530.6 548.4 561.9 572.7 579.9 588 593.4 598.7 603.2 608.8 613.9 622.4 633.9 640.5 637.4 614 584.4 564.6 542.2 518.1 499.1 481.3 467.2 455.1 435.2 414.7 392.5 370.1 348.8 331.2 318.5 308.6 301 297 294.8 294 293.3 294.6 297 300.8 306.5 313.9 321 328 335.1 343.1 352.4 364.4 373 381 386.5 392.3 396.8
584.4 572.5 558.9 542.3 528 516 498.5 483.9 473.1 463.7 455.5 449.6 446.1 447 446.9 448.5 446.1 453.8 461.1 469.7 475.6 483.6 491.7 501.4 512.3 524.8 538.4 550.5 560 567.7 576.6 582.8 588.2 594.9 600.8 607.6 617.4 630.2 640.9 645.3 637.2 615 593.1 565 535.5 511.8 494.1 482.5 468.4 453.5 426.8 402.6 379.4 358.2 339.7 323.5 311.4 303.1 295.6 294.3 293.5 292.8 292.7 294.3 297.2 300.7 306.1 314 321.8 328.7 336.3 343 352.6 360.3 368.1 375.2 380.8 386.4
587.3 573.8 558.6 544.9 531.5 514.7 498.5 486.5 477.1 468.5 461.8 457.1 451.5 450.9 449.9 450.6 450.3 455.1 462.9 469.8 475.2 482.1 489.4 498.3 508.1 520.1 531.6 541.9 551.5 560.9 566.1 572.1 577.1 585 593.3 603.1 612 624.8 638.9 646.2 646.7 638.1 619.1 579.6 545.5 521.9 501.7 491.2 472.9 455.3 434.8 411 388.1 367 347 328.1 314 305.6 296.8 293.4 292.5 292.3 291.9 292.6 294.5 298.2 303.4 309.6 317.6 322.9 328.7 335.1 343.1 351.5 358.7 365.2 371.5 377.8
584.7 573.7 561.2 547.8 532.4 514.7 500.3 489.5 480 475 469.3 463.8 460.6 456.3 454.2 452.8 453.3 455.3 463.5 468.9 472.8 478.5 486 495.3 504.7 515.4 525.2 534.7 542.7 550.8 557.3 564 569.2 577 586.9 595.4 607.7 618.6 635.3 644.4 649.3 645.8 632.3 598.9 559.1 528.4 504.6 488.4 472.8 462.4 441.1 422.8 396.1 375.3 355.8 334.1 319.2 309.6 301.2 296 293.9 291.8 290.9 291.4 292.5 295.9 301.3 305.8 311.3 316.2 320.9 327.8 334.2 341.4 349.2 356.7 362.3 372.6
584.6 572.7 561.4 548.1 532.6 515.5 503.4 492.7 484.8 479.4 475.5 469.3 464.9 461.9 459.7 458 457 457.4 464 469.2 472.4 476.1 483.9 493.6 503.4 511.4 520.1 528.1 534.7 541.3 548.6 554.3 562.8 573 582.4 591.8 603.8 614.4 631 642.3 649.6 650.1 640.6 609.1 554.9 525.1 506.8 492.2 476.2 462 448 428 401.6 381.1 361.9 343.1 327.1 314.8 306.6 299.9 295 291.9 289.8 289.9 290.8 293.4 297.5 301.3 306.1 310.1 315 320.2 326.3 333.5 342.1 346.6 356.5 367.9
584 574.5 561.6 547.1 531 518.6 508 497.3 490.2 485 480.3 473.8 469.7 465.4 462.8 461.4 460.2 461.1 465.1 469.5 472.4 476.4 483 491.7 500.8 507.6 512.9 520 528.2 534.4 538.3 548.1 558.9 568.9 579.3 590 601.3 612.3 628.4 640.6 648 650.1 639.5 595.2 550.6 519.4 505.6 493.7 478.5 464.4 447 429 407 386.6 367.4 352 338.4 322.7 310.1 301.9 296.2 292.1 289.3 288.7 288.9 291.2 294.5 298.1 302 306.1 309.9 315 320.9 326.6 337.8 344.8 353.5 362.8
584.3 574 560.1 545.6 531.1 519.2 512.4 502.7 495.4 488.7 484.1 477 471.4 469 465.8 464 463.5 464.5 466.6 470.1 472.4 476.1 482.7 489.9 497.3 503.6 507.4 512 518.7 525.1 538.3 542.7 552.5 564.9 576.9 589.5 600.6 610.4 625.6 637.2 645.6 648.3 631.3 582 543.9 516.6 500.8 497.6 478.3 456.6 438.7 423 408.8 394.9 378.5 356.9 344.6 327.7 315.4 304.9 297.1 291.3 288.3 288 289.2 289.6 292.4 295.6 300.1 304.5 306.5 309.7 315.5 323.7 331.1 339.5 348.2 358
584.1 573.1 557.9 544.3 530.8 519.8 513.6 505.9 498.5 492.2 486.9 480.6 472.2 471.1 468.1 466 466 466.1 467.3 470.8 473.6 476.6 481.6 488.4 494.9 495.3 505.2 511.6 520.5 528.9 539 551.3 562.2 570.3 580.5 590.9 600.5 610 623.5 634.9 643.8 646.8 621.9 579.6 541.5 514.1 496.6 484.9 470.2 451.9 432.3 418.1 407.5 397.2 384 366.9 351.7 334.7 321.2 309.7 299.2 290.6 288 287.4 288.7 289.3 291.1 293.9 297.2 300.9 304.6 308.7 313.7 319 327.1 335.3 344.2 354.7
