data/260000-580000.asc
ncols 200
nrows 200
xllcorner 260000
yllcorner 580000
cellsize 50
[rows 0 to 34 of 200, columns 0 to 78 of 200]
128.9 135 143 148.5 154.2 159.4 164.6 171.8 179.1 182.5 184.2 186.2 186.5 186.5 185.9 184.3 180.4 178.3 173.3 167.2 162.7 156.8 154.7 154.7 154.7 154.7 156.7 154.7 154.7 154.7 154.7 154.7 154.7 156.9 158.5 159.7 160.1 168.2 174.6 178.8 181.9 182.8 185.9 185.4 186.4 190.1 193.1 196.5 198.7 200.6 205.1 207.3 211.4 215.3 219.8 222 224.2 224.9 228 229.8 230.3 231.4 231.3 232.1 233.8 236.1 235.5 237.5 240.2 241.6 242.7 247.1 251.2 255 257.5 260.9 263.9 267.5 269.3
129 141 150.2 154 159.9 164.8 169 173.9 181.6 186.4 189.8 191.7 192 191.8 191.7 190.5 188 187 184.7 178.2 171.1 162.8 156 154.7 154.7 154.7 154.7 154.7 154.7 155.7 157.7 159.1 155.5 156 158.8 159 164.2 174.1 177.8 183.6 184.6 187.2 190.4 189.8 190 191.1 191.2 194.4 198.8 203.9 206.1 208.7 211.3 214.9 218.8 221.7 224.4 225.7 226.6 229 230.6 231.8 232.8 234.3 237 237.5 237.2 238.7 240.3 243 245.5 249 253.4 257.8 261.8 266 268.3 271.4 272.9
127.9 146.5 151.4 156.7 164.4 169.9 175.4 179.8 184.6 190.8 194.5 196.9 197.4 197.5 197.6 196.7 195.8 195 193.5 189 181.4 172.2 163.7 156.3 154.7 154.7 154.7 154.7 154.7 156.4 159.5 160.6 162.4 163.5 164.7 167.6 171.2 175.7 179.4 183.8 186.9 190 196.2 196.4 195.3 193.7 192.7 194.1 196.8 200.4 206.1 209.7 211.9 214.2 217.3 221.4 223.3 224.6 225.1 228.8 230.6 231.8 235.1 238.6 239.7 240.3 239.7 240.6 242.3 245 248.3 251.1 255.6 259.5 264.3 268.1 271.3 274.5 276.7
131.7 145.9 153.1 160.4 167.8 173.6 179 184.8 190.3 195.9 200 202.5 202.7 203 203.1 202.2 203 202.6 201.6 197.9 191.5 182.2 170.3 160 154.7 154.7 154.7 154.7 157.6 163.5 162.8 163.9 164.4 165.5 166.8 169.2 171.4 174 182.5 186.2 187.6 192 196.2 197.8 198.2 196.4 195.1 194.6 195.5 198.9 205.8 210.9 213.6 215.8 216.5 218.2 221.3 223.2 225.4 229 231.9 233.9 238.3 240.5 241.9 243.4 244 243.8 244.5 248.1 250.1 254.8 259.6 262.2 265.8 269.1 273 277 280.3
137.5 147.5 157.8 165.1 171.1 177.3 185.6 191.9 197.3 202 206.6 208.9 208.4 207.7 206.9 207.6 208.8 210.3 210.4 208.5 201.2 191.6 174.9 162.3 156.2 154.7 154.7 158.3 160.9 164 164.2 165.1 165.9 167.3 168.4 170.2 172.5 174.8 180.5 186.2 192.4 197.7 201.6 202 200.4 198.4 197 195.7 195.8 197.8 205.5 210.8 214.2 216.1 216.5 218 219.9 222.1 225.5 230.7 234.6 237.6 240.8 243.6 246.5 246 246.7 246.6 247.5 250.4 253.1 256.7 261 264.3 267.3 269.9 274.4 280.5 285.5
142.5 153.1 165 169.5 176.4 184.6 193.8 199.9 205.3 209.2 213.4 218 217.6 214.2 213.1 213.1 214.3 214.9 216 224.7 209.2 196.1 178.5 165.2 160.1 156.5 154.7 155.1 160.6 162.6 164 166.1 170.3 172.3 172.1 171 173.8 179.4 185 189.4 196.1 204.3 207 206.2 203.5 199.9 198.1 197.1 197.2 197.5 202.6 208.8 212.7 215.1 216.1 217.8 219.9 222.6 227.3 233.4 237.5 240.1 243.3 247.6 250.4 250.7 250.9 249.8 250.9 253.4 255.9 257.7 260.9 263.7 267.5 271.2 277.5 283.5 289
148.6 161.4 171.6 176 183.5 192.9 201.8 208.7 212.8 217 222.4 226.8 227.7 226.3 224.9 220 219.4 220.2 212.8 212.8 210.2 195.3 182.9 171.5 163.8 157.9 154.7 154.7 159 162.4 165.1 166.9 171.3 174.6 173.9 173 175.5 181.6 186.6 192.5 201.5 209.2 210.3 209.7 205.8 201.5 198.9 198.1 197.9 198.1 198.9 203.9 209.8 213.7 216.2 218.1 220.3 223.5 228.9 234.3 238.4 241.8 245.9 249.5 252.7 254 255.2 254.2 254.7 256.9 257.3 259.1 260.6 263.2 266.8 271.4 279.1 284.6 289.4
158.4 168.2 177.4 184.9 194.6 205.6 213.7 219.2 222.5 226.7 231.6 238.1 239.1 238.3 234.8 229.7 221.9 216.9 208.5 204.6 198.9 193.4 186.5 176.3 165.4 158 154.7 155.1 159.4 161.6 164.7 167.4 171.8 175.9 176.4 175.3 180.8 183.6 188.8 192.7 197.6 203 206.7 209 206.1 204.5 200.2 199 198.8 199.1 199.4 201.9 208 213.3 216.8 219 223.4 226.6 231.6 235.8 239.7 244.2 248 250.8 253.8 255.5 257 256.8 258.4 259.5 259.1 259.5 261 262.5 264.4 268.5 275.5 280.6 283.4
167 175.5 185.6 195 208 221.8 228.6 232.3 233.9 238 241.2 247.1 247.4 243.2 237.9 230 219.1 212.9 205.5 201.5 194.6 190.3 184.6 176 164.6 158.1 154.7 155.2 159.6 160.3 163.7 168.6 173.7 179.2 180.1 178.4 182.4 185.8 191.4 195.3 198.2 201.8 205 207.1 207.4 206.6 202.8 200.2 200 200.3 200.5 201.2 206.3 212.7 217.5 220.4 225.3 227.7 233.2 238.2 242.2 247.2 250.4 252.1 255.3 256.6 257.9 258.4 259.8 260.8 260.4 259.8 259.7 259.9 261.3 263.9 267.7 271.1 275.9
171.7 181.5 193.6 207 222.8 235.3 245 249.6 250.5 251.7 249.7 245.7 243.5 240.5 235.9 226.6 216.5 210.6 203.9 195.4 190.6 186.1 179.5 171.9 164.3 157.9 154.7 156.1 158.7 160.4 163.2 169.2 175.4 181.8 184.4 184.1 185.7 187.2 196.9 198.6 200.3 202.7 204.3 205.8 205.7 205.8 205 203 200.9 200.9 201.7 202.5 207 212.2 216.8 221.7 225.6 227.7 233.8 241.5 247.3 249.8 251.9 253.2 255.8 257.4 259.1 259.7 259.8 260.2 260.3 258.8 257.8 258 258.2 260.3 262.1 264.9 270.7
177 187.2 201.8 218.5 235.6 252.6 262.6 263.3 258.4 252.7 248.1 241.9 235.4 231 225.7 218.5 211.7 204.2 196.5 191.3 187.4 182.9 176 168.4 161 156.2 154.7 154.7 156.3 160.1 164 170.9 178.6 183.7 187.2 194.5 192.8 192 195.5 199.6 201.9 202.7 204.1 205.3 206.1 206.3 205.8 204.6 204.2 202 202.9 203.6 210 213.6 217.2 222.3 225.3 228.7 236 242.1 246.7 249.8 251.7 253.9 256.1 257.4 258.5 258.5 258.7 259.1 258.7 257.7 256.7 255.8 255.9 256.6 258.9 262 266.7
181.9 192.8 207.2 223.1 242.4 256.9 263.4 259.8 253.8 248.5 241.1 234.2 227.9 221.5 216.3 211.3 205.3 197.2 192.1 187.7 184.2 179.7 172.4 165 158.5 155.4 154.7 154.7 154.7 158.2 164.9 169.2 177.8 184.1 187.9 192.1 196.7 197.9 196.9 198.6 200.3 202 203.3 205.6 207.2 207.3 207.5 207.8 207.2 204.4 203.1 204.1 208.8 213.1 217.6 224.4 227.4 229.8 236.2 240.6 244.6 248 250.6 252.3 253.9 254.9 256.2 256.9 257.5 257.3 256.6 255.6 255 254.3 253.8 254.6 257.8 260.4 262.5
186 195.3 209.6 219.1 228.6 239.8 243.1 241 237.9 235.4 232.1 224.9 219.4 214.7 210.3 205.4 199.5 193.4 189 184 180 176.2 168.8 162.3 157.3 154.8 154.7 154.7 154.7 159.1 165.4 168.5 176.7 184 187.6 190.7 197.8 201.1 199.5 200.4 201.5 203.1 206.4 206.9 208 208.4 208.7 209 208.4 206.8 205.5 205.7 209.4 213.7 217.7 223.5 226.5 229.8 234.3 238.5 242.2 245.4 247.8 249.3 251.2 252.4 253.2 253.9 254.5 254.8 254.2 253.3 252.7 252.5 253.5 254.6 256.5 258.5 260.2
187.6 196.6 199.4 199 204.5 211 218 222.9 224.7 225.2 223.2 217.3 213 208.9 204.4 199.9 196 191.1 185.8 180.8 177.6 173.1 166 160.1 156.9 154.3 154.7 154.7 154.7 162 167.2 172.6 178.3 183.9 186.9 194.6 202.5 203.2 202.1 201.3 203.3 206 207.9 208.6 208.2 208.9 209.3 209.6 209.5 208.9 208 207.9 211.6 214.5 216.7 222.9 225.6 228.5 232.3 235.8 237.4 239.9 242.7 245.1 248.1 249.3 250.2 250.9 251.4 252.1 251.9 251.2 250.8 252.7 254.3 255.1 256.5 257.9 259.1
178.3 185.5 189 189.9 193.6 199.6 205 212.4 218 218 215.7 211.3 207.5 202.4 197.8 194 190.4 186 181.3 178.2 175.4 170 162.4 158.1 154.5 146.3 141.8 154.7 154.7 161 166.3 172.9 177.7 182.5 187.2 197.5 203.3 204.2 203.2 202.5 204.4 207.3 208.1 208.4 208.5 209.1 209.7 210.2 210 209.7 209.3 210.1 212.2 214.1 216.5 222.5 225.5 227.4 230.1 231.1 233.7 237 239.5 241.7 244.7 246 247 247.9 248.6 249.2 250.6 249.6 251 253.1 254.9 255.9 256 256.8 258.4
166.2 170.6 177.3 182.2 187.7 193.1 198.4 205.4 206 205.5 204.2 203.3 201.5 196.8 192.7 188.3 185 180.7 178 175.6 172.9 165.7 158.3 155.9 152.7 141.6 137.8 148.4 154.7 160.3 166.7 172.5 176.8 181.6 188.6 196 200.4 203.1 203.6 203.9 205.5 207.2 208 208.3 208.7 209.3 209.9 210.2 210.4 210.1 210.5 210.4 211.7 212.6 216 219.3 222.1 224 227.3 227.9 230.4 233.8 235.3 238.4 240.3 242.3 243.1 244.7 246.7 249 249.5 250.5 251.5 253.4 255.2 256.2 256 256 256.1
157 163 171.2 176.4 181.3 187.5 193 196.3 197.6 196.3 192.8 193.3 193.8 191.7 187.6 183 179.4 177.5 174.9 171.9 168.8 162.5 155.5 153.7 150.2 139.3 136.6 148.9 154.7 160.2 165.5 171.6 177.9 181 188.7 192.9 197.1 201.5 205 206.2 205.8 207.2 207.2 207.4 208.2 209 209.2 209.5 209.8 209.9 209.7 209.5 210 211.2 213.7 216.6 218.9 221.3 223.4 225 227.1 230 232.2 234.1 235.9 238.6 239.4 242.8 246.4 248.7 250 250.9 251.6 252.4 254.6 255.9 255.9 255.8 255.7
150.2 157.3 165.9 169.9 176.4 179.5 184 188 189.5 189.4 185.3 185.8 185.7 184.9 180.8 177.2 175.3 173.6 171.6 168.2 163.8 157.9 153.3 151.4 149.3 136.9 138.5 148.6 158.3 159.3 165.3 171.6 177.3 183.6 189.6 193.8 196.4 200.3 203.8 205.7 206.4 206.3 206.3 206.9 207.7 208.2 208.4 208.6 208.9 209 208.8 208.7 208.8 209.3 211.3 213.3 215 218.3 221 222 224 226.7 229.6 230.6 232.7 235.7 238 241.7 244.5 246.8 248.1 248.8 249.4 250.1 251.2 253.7 254.8 254.9 255.4
144.5 152.4 158.5 165 169.8 174.6 177.2 178.8 180.2 180.4 180.4 181.8 182 179.8 175.9 173.7 171.9 170 168.1 164.9 159.3 153.1 151.2 149.6 147.9 134.1 140.1 147.8 158.5 161.5 166.2 171.5 177.4 183.9 187.7 192.6 195.9 197.8 201.4 203.8 204.6 205.2 205.8 206.5 207.2 207.4 207.6 207.8 208 208 207.9 207.8 207.7 207.7 208.5 210.6 212.7 215.9 216.6 218.7 221.4 224.3 227.9 229.1 231.6 233.8 236.6 239.6 242 244.4 246.4 247.2 248 248.6 249.8 253 254.2 255.9 260
139.3 147.4 153.2 161 166.5 170.8 173.8 174.7 174.7 174.9 176.2 178.8 179 175.5 172.8 169.8 168.1 166.3 164.5 160.9 156.4 150.3 147.5 146.8 146.5 131.8 147 148.4 154.5 161.4 164.5 172.5 177.2 180.9 185.6 190.1 193.1 196.3 198.6 200.3 202.7 204.8 205.7 206.3 206.5 206.3 206.3 206.4 206.8 206.6 206.2 206.8 207.8 207 208.2 208.4 210.8 212.5 213.6 215.5 218.7 221.5 227.2 228.3 230.7 232.3 234 236.4 239.2 241.9 245.9 247.8 248.4 249.2 251.5 254.4 256.3 259.8 265
137.4 143.1 148.9 156.2 162.6 166.1 169.5 171 171.4 172.5 172.8 172 172.5 171.7 169.1 165.7 164.1 162 159.6 157.3 153.4 147.8 144.1 143.7 142.8 129.8 147.5 153.3 157.7 161.1 162.7 169.3 174.9 180.3 183.9 187.9 190.2 194.5 197.7 199.2 201.6 203.8 205.5 205.7 205.7 205.5 205.3 205.1 205.8 206.1 204.9 205.6 206.2 206.1 207.4 208.1 208 209.6 211.4 213.1 216.3 220.1 224.2 226.3 228.7 230.5 232.3 234.5 236.7 240.7 244.7 247.2 248.2 250.2 253.5 256.7 259.8 263.6 267.7
136.6 141.3 145.8 150.7 156.5 161.5 165.9 167.8 168.9 169.8 168.7 167.7 166.8 166.3 164.2 161.7 158.4 156.3 154.7 153.3 151.5 146.1 141.8 139.5 138.1 128.9 142.3 150.2 155.1 159.4 160.4 163.2 172.1 177.2 181.1 184.9 188.8 194 197.1 199.4 201.2 203 204 204.7 204.9 204.7 204.5 204.3 203.9 204.5 203.6 204.2 204.3 204.7 205.5 206.7 206.4 207.9 209.8 211.5 214.3 220 222.4 224.8 226.6 228.2 229.8 232.9 234.7 238.6 242.9 246.4 248.1 250.4 253.9 258.4 262.5 266.1 268.7
135.7 139.3 142.4 146.2 151.3 156.5 162.9 164.8 164.2 165.5 164.6 162.5 161.4 161.4 160.3 157.9 154.7 151.9 151.1 151.1 148.5 144.1 140.3 137.4 135.9 125.4 141.5 147.3 153.9 156.1 159.6 163.1 170.1 176.4 181.4 185.8 188.3 191.7 194.3 197.1 198.6 200 201.2 202.5 203.3 203.1 203 203.4 202.7 201.7 202.2 203.1 202.8 203.4 204.1 204.7 205.4 206.4 208.1 209.8 212.2 216.1 220.2 222.9 225.9 227.3 228.8 230.7 232.8 236.4 240.7 245.6 249.4 252.3 256.3 260.1 263.5 266.3 269.2
132.1 136.1 138.8 142.5 147.3 153.1 159.4 161.2 160.6 161 160.6 157.1 155.4 154.6 154.5 153.1 151.8 148.9 148.5 148.1 146.5 143.3 139.6 136 134.7 127.2 141.8 149 157.8 158.4 160.9 166.3 171.9 176.8 181.7 184.8 188.7 191.1 192.6 195.1 196.4 197.8 199.2 200.6 201.6 201.6 202 202.4 202.2 200.5 199.9 201 201.4 202 202.9 203.6 204.3 205.1 206.6 208.5 211.7 213.8 217.4 220.2 223.3 225.7 227.5 229.1 231.1 234.5 239 244.6 248.9 252.9 256.5 258.9 262.1 264.9 266.7
126.8 132.8 135.8 140.8 144.8 149.6 153.6 155.1 154.4 154.7 155.5 154 152.5 151.1 149.9 148.7 147 146.2 146.2 145.6 143.2 141.1 138.1 133.1 126.2 128.6 144.3 153.2 155.3 160.2 164.6 168.9 173.2 176.2 180.7 184 186.5 188.1 190.9 193.4 194.8 196 197.2 198.7 200.1 200.6 201.1 201.5 201.7 200.2 198.7 198.9 200.8 201.5 202 202.5 203.1 203.9 205.2 206.9 208.8 210.5 215.3 218.7 221.3 223.4 226 227.7 230 234 238.6 243.1 247.7 250.7 253.7 256.5 259 261.2 262.3
123 129.3 133.8 138.8 142.5 145.4 147.3 148.5 149.2 149.4 150 150.7 150.9 148.8 146.5 145.3 144.3 143.5 143.8 143 140.1 137.8 135.3 125 130 138.5 147.8 157.8 158 161.8 166.1 169.9 173.3 176.4 179.4 182.4 184.3 186.5 189.5 192.3 193.4 194.3 195.6 196.8 198.1 199.9 200.4 200.8 200.7 199.5 198 198 200 201.3 200.9 201.4 202 202.7 204.1 205.4 206.7 209.6 211.3 215.6 218.7 221.8 223.6 225.4 229.3 233.8 237.8 241.5 245.4 248.6 251.6 254.8 256.9 258.3 258.5
119.4 129.2 133.2 137 139.2 141.8 143.1 144.3 145.2 146 147.1 148 148.6 146.6 145.7 143.4 141.8 140.5 140.8 140.2 137.4 134.7 128.2 125.4 139.7 144.2 149.3 156.1 158.1 162 165.4 169.1 173.3 177.4 180.1 182.2 183.4 185.5 187.6 190.7 193 194.2 195.2 196.2 197.5 198.2 199.6 199.3 200.2 198.2 196.3 194.6 196.7 199 200.2 200.6 201.1 201.6 202.6 203.8 205.5 207.6 208.6 211.4 214.6 217.8 220.3 223.5 227.5 231.5 234.9 238 242.3 246.4 249.4 252 254.1 255.5 256.6
117.6 122.7 131.2 135.3 138.1 139.6 141.2 142.1 143.2 144.1 145.6 145.8 146.1 144.7 143.7 142.1 140.4 138.4 136.6 136.4 135.4 132.1 119.9 130.3 138.5 144.3 149.3 154.1 157.8 161.3 164.4 167.7 172.2 175.7 178.8 181.6 183.9 185 186.3 188.3 191.7 193.5 194.6 195.9 197.2 197.4 198 197.3 198.3 192.7 197.2 198.4 196.7 196.1 198.5 200 200.5 201.1 201.4 202.3 204 205.8 206.8 209.4 211.5 213.2 218.2 220.9 224.7 229.1 232.6 235.2 239.3 242.2 244.7 248.2 249.9 251.9 251.5
114.8 118.2 125.4 132.8 136.2 137.4 138.7 140.5 141 141.9 143.4 144.1 143.6 142.8 142.2 140.7 139.9 137.5 134.1 133.6 132.4 128.4 117.9 131.3 139.1 145 150.2 155.8 154.4 160.6 163.5 166.5 170.1 173.5 177 179.8 182.9 184.8 186.2 187.5 190 192.3 192.5 195.2 196 196.8 192.8 195.3 187.6 193 199.1 200.1 200.2 198.5 196.8 198.4 199.9 200.5 200.9 201.2 201.8 203.9 205 207.2 209 211 215.5 217.9 222.5 226.7 229.8 232.4 235 236.8 240.9 243.7 245.4 246.6 248.7
118.2 114.2 119 129.8 133.4 134.6 135.5 136.6 137.8 139.2 140.5 141.7 141.1 140.5 140.7 139.3 139.9 136.8 131.8 130.7 126.4 117.1 126.1 134.3 139.4 143.9 145.4 152.1 157.6 158.7 162 165 168.8 172.7 175.9 178.7 181.9 184 185.7 186.8 189.4 191 191.1 193 193.8 194.3 189.8 194.2 194.9 195.5 198.8 200.3 201.1 201.8 197.5 197.8 198.6 199.6 199.3 198.5 198.7 200.9 203.1 206.2 207.9 209.9 212.2 214.5 219.1 223.3 227.1 229.7 232 233.1 236.3 237.7 240.3 241.9 245.8
117.3 116 112.9 123 130.7 132.1 132.3 132.6 134.4 135.8 137.6 139.3 139.4 138.8 138.7 138.1 136.4 132.9 128.3 125.2 117 128 126.2 121.9 129.6 133.5 137.9 145.8 144.3 154.8 160 164.3 167.2 170.6 174 177.5 179.8 182.2 183.5 185.7 188.8 189.6 189.3 188.4 187.3 185 195.7 197.8 197.8 196.8 197.9 200.3 201.9 202.7 203.6 197.8 197.8 198.5 199.9 200.4 200.6 200.2 199.5 204.5 207.4 209.5 211.6 213 215.5 219.7 223.5 226.9 228.7 230.3 232.2 233 236 237.2 241.9
117.5 116 115.2 118.8 125.8 128.2 128.5 129.5 131 132.8 135.4 136.9 137.5 137.1 136.7 134.2 130.4 127.3 123.8 116 124.5 131.5 131.9 132.2 134.1 140.1 144.6 149.3 151 155.1 157 159.9 165.3 168.2 171.5 173.6 177.6 171.9 184.4 180.4 179 180.3 182.8 183.2 183.1 191.4 197.1 198.8 199.5 198.4 198.4 200.3 201.4 204.6 205.4 203.4 199.3 199.7 203.2 203.7 204.2 203.3 202.7 200.7 203.5 207.9 211.3 212.6 213.2 215.3 222 225.5 227.8 228.7 228.2 229.4 231.3 233.1 237.8
119.3 116.1 115.1 114.1 120.8 124.9 126.7 127.8 128.6 130.4 133.2 134.6 135.3 134.6 132.6 130.2 126.5 120.7 113.5 124.6 128.4 129.9 132.4 134.8 138.1 141.8 145 148.3 151.1 156 161.9 164.5 163.4 163.3 165 168.1 167.5 181.2 186 188.9 190.7 189.8 180.8 182 188 191.1 197.3 200 201.3 201 199.9 200.8 201.7 204.4 207.8 206.2 201.5 200.3 205 206.3 206.9 207.1 205.7 203.2 200.9 202.5 207.4 210.6 211.4 211.9 218.4 224.6 226.7 227.9 226.4 224.8 226 229 234
118.9 116.1 115.3 114.2 119.2 123 125.3 126.5 127.3 128.8 130.1 131.3 131.6 128.9 126.8 125 121.7 113.7 119 126.1 126.6 128.7 130.9 133.7 136.1 139.5 143.7 147.2 150.7 157.2 162.8 166.5 168.7 169.3 171.1 172.2 173.7 181.8 186.1 188.9 191.4 192.3 191.4 190.2 189.2 191.2 197.9 202.4 203.8 204.2 203.1 202.1 202.6 204.7 210.3 210.3 206.1 202.4 206.9 208.3 209 208.7 208.3 207.3 204.7 201.5 202.1 202 207.4 209.3 213 221 224.7 226.6 226.5 224.3 221.6 222.6 229.5
117.2 116 113.9 114.7 117.9 121.3 124.5 125.3 126 126.9 127.6 128.1 126.7 124.2 122.5 120.6 116.7 115.8 126.1 128.5 130.1 130.3 131.6 132.6 134.4 137.5 142 146 150.5 158 164.5 168.6 171.7 173.2 174.3 175.1 175.4 178.3 184.4 188.4 191.9 193.7 193 191.9 191.5 192.3 199.3 205.4 207.1 207.5 207.4 206.9 206.4 205.2 209.3 214.5 212.6 206.9 209.5 213.8 211.6 210.7 210.5 208.7 206.5 204.6 204.6 203.4 202.5 204.3 210.1 213.4 220.3 223.3 224.7 224.7 221.9 219.5 222.5
