data/260000-670000.asc
ncols 200
nrows 200
xllcorner 260000
yllcorner 670000
cellsize 50
[rows 76 to 113 of 200, columns 86 to 171 of 200]
59.1 66.1 65.7 67.7 70.2 66.4 65.1 63.5 62.5 60.5 60.9 58.9 57 56.3 54.3 53.4 53.2 51.9 50.5 49.3 47.4 46.5 42.1 41.3 41.2 41.2 41.5 42.2 42.6 43.2 43.9 45 45.6 46.9 48 50.3 51 50.6 48.3 44.9 42.1 39.5 39.9 46 51.4 53.1 52.7 50.4 46.7 46.2 46.6 41.4 41.6 43.8 43.7 43.6 42.4 45.2 44.7 41 42.4 41.3 42.7 41.3 40 40.2 44.3 47.5 43.7 38.6 39.1 39.8 39.9 40 39.2 39.2 40.4 40.5 39.9 39.4 38.8 38.4 39 39.9 39.7 39.4
59 61.6 65.2 67.8 70 68.4 65.8 63.1 61.5 60.6 58 56.8 55.2 55.2 54.2 53.1 53.3 52.3 51.7 51 47.8 45 42.8 40.9 40.6 40.2 40.8 42.4 42.4 42.4 42.1 43 44.3 46.3 48 48.5 48.1 48.3 45.7 42.7 39.9 39.3 41.9 47.3 52.9 53.8 53.6 52.1 51.1 45.3 42 40 38.8 40 40.2 40.8 40.2 40.4 40.1 41.7 41.5 41.1 40.8 39.8 40 39.1 39.1 48.8 38.1 37.6 37.6 38.2 39.6 40 40.1 40 39.8 39.4 39.4 39.4 38.2 37.8 37.4 38.5 38.5 39.2
60.4 61.6 66.4 69.5 70.1 69.2 65.7 62.6 59.7 58.2 56 54.1 54.2 54.5 54.1 54.9 53.8 54.2 53.6 52.7 49.7 44.1 42 40.5 39.7 39.1 39.8 38.9 41.6 40.1 40 40.7 42.2 46.2 47.1 46.5 45.5 44.7 43.4 40.6 38.8 38.5 40.9 46.3 51.1 52.4 51.7 50.9 50.7 47.7 40.6 40 38 39.1 39.2 39.5 39.9 40.2 40.6 41.4 43.1 40.2 38.7 39.3 40.2 41.2 40.9 38.6 37.2 37 36.4 37 38.2 38.8 37.4 39.2 39.8 39.8 39.9 39.9 39.9 39.2 38.3 38.4 37.9 38.8
62.7 66.1 68.2 68 67.3 66.4 63.8 59.8 58.2 56.4 54.2 54 54.7 54.5 54.2 55.9 55 54.3 52.9 50.5 47.1 45.2 41 39.3 38.9 38.9 39.6 40.4 39.9 39.8 39.5 38.8 39.4 40.6 43.9 43.8 42.6 41.8 41.2 40.2 37.6 37.3 39.6 44.2 46.7 48.7 48.9 48.5 47.3 45.3 40.4 39.7 38.1 38.8 38.8 37.3 40.7 41.6 42.1 42 39.8 37.7 37.9 37.8 39.4 41.1 38.1 37.7 37.4 38.1 38.5 37.6 38.1 39 39.7 40 40.1 40.1 40.1 40 40 39.9 39.9 38.5 37.1 38
60.4 64.5 68.3 69.3 70 67.4 64.8 60.7 57.4 56.1 55.9 54.3 54.9 54.6 54.1 54.7 54.8 54.4 53 50.6 47.4 47.1 42.8 38.9 38.9 39 39 39.3 39.7 39.6 38.7 37.6 37.3 37.6 38 39 39.8 39.1 39.5 39.2 39 37.3 38 40.5 43.2 44.7 44.8 44.6 42.9 39.2 37.9 37 36.8 38 38.6 39.3 42.7 46.6 41.9 38.3 37.6 37.5 36.7 36.3 37.5 37.8 37.8 38.5 38.7 38.8 39 37.8 38.5 39.9 40 40.1 40.2 40.2 40.2 40.2 40.2 40 39.9 39.8 38.4 37.2
61.7 61.9 63.7 67 68.2 66.2 64.3 60.6 56.2 55.7 54.7 54 55 54 54.3 55.6 54.7 55.9 54.9 52.6 51 49.4 47.2 39.9 39 39 39 39 38 38.8 37.2 37.2 37.3 37.3 37.1 36.9 37.4 37.8 37.9 38.1 37.7 37.1 37.1 37.3 39.5 40.3 40.9 40.4 39.1 37.1 37.1 36.7 36.4 36.9 38.4 38.1 44 44.8 38.7 37.1 37.3 37.3 36.7 36.8 37.8 37.9 38.1 38.7 39.1 39.2 38.9 39.3 39.8 40 40.1 40.2 40.3 40.4 40.4 40.4 40.4 40.1 40 39.8 38.5 37.2
65.9 63.4 64.8 71.9 66 62.4 61.2 58.5 56.6 59.4 60.2 58.4 55.6 55.8 59 59.8 59.6 59.2 58.7 56.1 53.7 52 49.2 42.5 38.9 39 39.1 39.3 39.2 38.7 37.8 37.8 37.7 37.6 37.2 37 37 37.4 37.6 37.9 37.7 37.2 37.2 37.2 37.1 37.2 39 39 37.4 38.6 39 40.1 39.8 39.2 39 38.6 45.1 39.6 37.6 36.6 36.6 37.1 36.7 37.3 37.4 37.6 38 38.6 39.3 39 38.9 38.7 39.7 40.1 40.2 40.3 40.4 40.6 40.6 40.6 40.5 40.2 40 39.7 37.3 37.4
62.7 63 62.6 67.1 67 59.5 58.2 58.3 60.9 64.9 67.2 64.9 60.3 56.5 58 61.5 63.1 61.9 61.2 57.1 54.1 52.1 48.9 43.4 38.7 38.8 38.9 39.1 39.2 37.9 38.4 38.2 38 37.6 37.1 37 37.1 37 37.2 37.7 37.5 37.2 37.4 37.6 37.5 37.9 37.9 38.3 42.1 44.9 47.1 49.3 49.3 48.4 41.2 40.7 44.2 39.7 37.5 37.3 37 36.9 36.7 37 37.3 37.5 37.9 38.7 39.1 39.4 39.4 39 39.1 40.2 40.2 40.4 40.5 40.7 40.7 40.7 40.6 40.4 40.1 39.1 37.3 37.8
59.2 60.2 56.9 58.1 63.1 59.8 58.3 61.5 64.3 69.4 71.7 70.1 65.3 59.1 55.4 53.4 55.1 58.8 60 57.5 52.6 50.7 46.8 41.5 38.7 38.6 38.8 38.9 39.1 39.2 38.8 38.4 37.9 37.5 37 37 37.2 37.1 37 40 39.9 39.3 44.2 43 41.6 41.4 42.4 45 48.4 50.8 53.6 57.4 56.4 54.5 42.8 44.8 43.7 39.5 38 37.2 36.9 36.8 36.8 37.2 37.6 37.6 37.1 38 39.4 39.5 39.6 39.5 38.7 39.9 40.3 40.5 40.6 40.8 40.9 40.9 40.7 40.3 39.8 39.2 37.4 37.5
62.1 57 54.7 53.2 54.9 58.6 57.6 55.5 58.6 63.6 66.5 66.1 63.2 59.6 57 53.6 51.3 53.3 56.1 54 53.1 50.3 45.9 41.2 39.7 39.2 38.9 39 39.2 39.5 39.5 38.3 37.9 37.4 36.9 37.1 37.5 37.3 39.7 42 44.4 45.8 49 49.3 48.9 49.2 50 52.5 55.1 56.2 58.7 60.1 57.1 51.5 46.3 46 41.5 44 37.2 37 36.8 36.8 37 37.6 37.7 37.6 37.9 38.1 39.3 39.4 39.4 44.4 39.2 38.4 40 40.4 40.6 40.8 41 41 40.5 40.1 39.4 38.8 38 37.3
62.6 53.9 51.2 53 54.8 54.6 48.7 47.8 50.7 52.5 55.5 55.9 55.2 55.1 53.8 51.8 49 50 52.4 53.5 52.8 50.3 43.7 42.7 42.6 45 40.6 39.6 39.1 39.4 41.5 39.2 37.9 37.3 36.8 37.1 37.6 37.5 37.9 42.2 45.4 48.8 51.8 53.6 54 54.7 55.5 56.3 55 54.1 57.3 56.1 54.8 51.5 47.8 47.9 46 45.6 39 37.1 36.8 36.8 37 37.2 37.4 37.4 37.5 39.2 38.5 38.6 39.5 46 43.9 39.7 38.6 39.5 40.3 40.5 39.9 40 40.2 39.4 39 38.4 37.7 37.1
55.9 50.4 50.3 52 51.5 49 44.5 44.1 45.8 46.4 49.5 52.1 51.8 51.6 49.4 47.4 46.6 47.4 47.6 50.1 50.7 49.1 43.5 41.4 44.1 44.5 41.9 38.7 38.4 38.5 38.5 39 39.6 38.3 36.8 37.4 37.6 38.2 37.5 42.7 46 49.3 51.6 53.7 55.6 56.2 56.4 59.1 57.9 57.9 56.3 57 54.6 50.6 48.5 48.3 47.4 46.3 42.6 37.3 36.9 36.8 36.8 36.8 37 37.1 37.4 37.7 37.5 38.4 39.4 48.8 45.1 41 38.9 39.3 39.6 38.8 38.5 38.6 38.5 38.1 37.5 37 37.1 37.3
52.2 49.5 50.9 48.8 48.9 50.5 44.8 43.9 46 43.5 44.3 47.4 48.4 48.1 45.7 43.8 43.7 44.6 44.3 46.1 48.7 46.6 42.4 39.4 38.9 40.6 42.5 38.4 37.4 38 36.8 38.8 39.8 38.8 38.2 38.8 39.2 37.5 37.9 38.9 45.6 48.7 47.7 49.2 50.6 52.5 54.8 55.7 56.1 55.8 55.2 54.9 53 48.3 48.5 47.8 46.2 44.3 44.5 37.2 36.8 36.8 36.8 36.8 36.9 37 37.2 37.7 38.9 39.1 39 46.9 44.9 44.1 41.6 37.8 37.5 37 37 37 37.1 37.1 37.5 37.6 37.8 38
49.4 48.3 49.3 50 48.1 47.3 46.1 41.7 40.2 39 41.6 43.3 44.4 44.2 42.1 40.6 41.4 44.9 45 44.4 44.4 43.5 41 39.4 38.6 38.6 38.6 37.5 37.4 38.4 37.3 38.4 37.5 39.6 40.2 40.5 40.4 37.4 37.6 40.8 42.7 44.2 47.3 48.1 49.2 51.9 53.8 54.5 54.3 52.8 53.6 51 50.2 47.1 43.7 42.4 41.4 40.6 40 37 36.8 36.8 36.8 36.9 36.9 37 37.1 37.7 38.6 38.5 38.7 47.3 42.8 43.7 44.3 40.6 37.9 36.9 37 37 37.1 37.4 37.7 38.2 38.4 38.6
50 49 46.9 46.4 45.8 43.2 42.5 41.8 39.9 39.5 39.4 40.3 40.1 39.2 38.9 39.6 44.5 45.8 44.3 43 42.2 42.1 39.4 38.5 38.2 38.3 38.3 37.7 37.3 37.9 37.9 37.7 39.6 40.1 41.1 41.8 41.6 42.8 36.8 40.9 42.6 44.5 46.1 45.9 45.2 46.2 48.6 50.2 50.4 49.8 48.4 47.9 47.8 47.3 44.8 44.1 41.2 37.4 36.9 36.8 36.8 36.8 36.8 36.8 36.9 36.9 37.1 37 37.4 37.4 37.4 37.3 37.4 37.8 38.3 38.4 38 37.1 37 37 37.1 37.8 38.1 38.4 38.1 38.6
49.2 48.7 48.4 43.4 41.1 40.5 40.7 40 40 39.6 39.3 39.1 40.2 39.8 39.2 38.7 40.4 43 43.5 41.7 40.2 41.1 40.4 38 37.8 37.9 38 37.9 37.3 37.9 38.5 37.4 41.4 41.9 41.7 41.9 38.8 38.9 36.9 37.6 37.6 38.3 44.4 44 44.2 47.7 47.6 48.5 48.5 48.4 48.6 48.5 46.9 44.8 45.3 43 38.1 36.7 36.6 36.6 36.6 36.6 36.7 36.8 36.8 37 37.2 37.1 37.1 37.2 36.9 37.1 37.3 37.6 37.9 38.5 37.8 37.3 36.9 37 37.5 38.1 38.5 35.6 36.7 38.1
42.3 42.2 40.2 40.1 40.1 39 39.7 39.8 39.3 39.3 39.2 39 38.9 38.9 38.8 37.9 37.9 38.1 39.6 39.3 39.2 40.2 40.1 38.3 37.4 37.5 37.6 37.6 37.2 37.5 36.6 38 41.7 41 40.4 38.4 37.6 38.1 38 37.7 37.4 37.6 38.1 40.6 39.7 39.6 43.5 47 46.9 47.4 47.9 47.7 47.5 45.1 41.3 38.3 36.8 36.5 36.4 36.4 36.5 36.6 36.7 36.7 36.8 37.1 37.3 37.3 37.1 37.1 37 37.2 37.4 37.6 37.9 38.4 38.2 37.4 37.4 37.5 38.1 38.7 37.1 37.9 37.8 38
44.1 45 45.3 42.6 41.1 41 39.1 39 38.6 38.8 39.1 39 38.8 38.9 39 38.9 39.1 39.3 40 38.6 37.1 37.8 38.6 38.6 37.2 37.2 37.2 37.2 37.1 37.1 36.5 37 41.7 40.4 39.8 39 38.2 37.8 40.4 39.2 39.5 36.6 37 37.3 37.7 38.4 40 43.1 46 46.6 47.3 47.6 47.6 46 42.3 37.2 36.6 36.4 36.4 36.4 36.4 36.6 36.7 36.7 36.9 37.2 37.4 37.3 37.1 37.1 37.1 37.2 37.4 37.6 37.9 38.4 38 36.6 35.2 34.8 37.8 39.6 38.7 37.2 37.2 38
47.6 46.2 45 42 40.4 38.8 38.4 38.3 38.1 38.3 38.6 38.8 38.8 38.8 38.9 39.4 39.9 40.3 39.9 39 37.6 37 37.6 37.5 36.9 36.9 37 37.1 37.2 36.7 38.3 36.8 36.6 39.8 39.7 39.3 38.7 38.3 38.3 38.1 36.7 36.2 36.5 36.7 37 37.6 39.6 42.4 45.5 45.9 46.4 47.1 46.5 45.8 41.2 36.7 36.4 36.4 36.4 36.4 36.4 36.4 36.6 36.7 37 37 37.1 37.2 40.6 36.6 37.2 37.3 36.6 38.6 39.5 39.8 40.3 40 40.6 41.3 41.5 42.1 40.8 40.9 42.5 44
50.7 47.2 43.2 40.6 40.3 38.6 37.9 37.6 37.8 37.9 38.1 37.4 37.3 37.6 38.1 39.2 39.7 39.9 40.1 39.7 39.6 38.6 37.2 37 36.9 37 37.1 37.2 37.3 36.8 37 36.8 36.8 36.5 41 40.1 39 38.1 38.2 38.9 36.6 37.2 36.2 36.9 37.6 38.2 39.2 43.3 44.7 45.4 45.8 45.9 45.1 42.4 38.9 36.5 36.4 36.7 36.4 36.4 36.4 36.4 36.5 36.6 36.7 36.8 36.8 38.5 40.2 38.3 34.6 38.2 38.7 40.9 41.4 42.5 44.2 44.6 45.1 45.8 45.3 45.1 45.6 47 48.5 48.8
48.2 46.3 40.9 40.5 39.2 37.8 37.9 38.6 38.7 38.4 38.8 40.6 42.3 44.7 41 38.1 38.4 36.4 36.1 36.9 37.3 36.2 36.6 36.9 37 37.1 37.2 37.3 37.4 37.2 36.2 36.7 36.8 36.4 36.5 40.7 39.4 37.9 37.6 37.9 38.9 39.9 37.1 36.6 37.5 38.1 40.8 44.3 44.2 44.3 44.5 45.4 43.7 40.5 36.8 36.6 36.8 37.1 36.8 36.6 36.4 36.4 36.4 36.4 36.5 36.6 36.8 39.2 36.4 38.9 40.3 39.3 42.5 43.8 47.1 48.9 50.3 51.4 50.8 50.7 49.2 48.5 48.7 49.5 49.5 49.4
43 41 40.1 40.2 37.4 39 39.3 39.8 40.3 44.4 46 47.2 47.8 46.9 40.4 37.2 36.9 36.6 36.4 36.3 36.9 36.7 36.6 36.9 37 37.1 37.2 37.3 37.4 37.8 38.1 37.6 37.4 36.8 37.1 36.7 40.8 37.5 36.9 36.7 38.7 40.6 37.6 36 36.9 37.8 38.9 42 43.5 44.1 43.7 42.7 42 39.2 36.4 36.8 36.9 37 36.7 36.4 36.4 36.4 36.4 36.4 36.5 37.2 38 39.9 41.5 40.3 42.9 45.9 48.4 50.6 53.3 54.9 54.9 55.1 54.3 52.6 50.8 50.2 50.5 51 51 51.6
40.8 40 39.2 39.1 40.4 41.8 44.3 41.4 40.6 37.9 46.3 47.2 48.3 44.7 37.6 37.3 37.1 36.9 36.6 36.4 36.5 36.8 36.6 36.7 36.8 37 37.2 37.3 37.4 37.8 37.5 38.6 38 37.5 37.2 36.7 36.3 36.7 37 37.5 38.7 38.6 37.9 37 37.1 37.9 39 40.2 41.2 41.6 40.1 39.4 39.4 38.2 36.9 36.8 37 36.8 36.6 36.4 36.4 37 37.7 35.2 38.4 40.3 42.4 44.1 45.7 46.6 47 50.3 51.5 51.7 52.4 52.5 53.9 54.3 53.9 52.2 51.6 50.7 50.9 50.2 51.6 52.5
41.2 41.3 40.7 42.9 44.1 48.9 43 38.5 37.6 36.8 42.5 46.5 47.5 42.5 37.6 37.5 37.3 37.1 36.8 36.6 36.4 36.4 36.5 36.6 36.7 36.7 36.9 37.1 37.3 35.5 36.8 37.7 37.7 37.4 36.8 36.2 36.2 36.6 36.2 36.6 38 37.9 37.2 36.6 37.2 38.7 39.6 39.8 39.9 39.7 39.5 39.4 38.6 37.5 37.7 37.1 37 37.1 36.8 36.4 37.4 36.2 38.3 40.2 42.2 44.7 46.9 47.5 48 48.3 48.1 49.4 49.4 49 48.4 48.5 50.8 51.7 51 51.3 51.6 49.9 49 49 50.4 48.2
41.6 40.9 45.6 49.3 49.9 49.3 40 38.5 37.5 36.6 40.4 45.5 46.1 42.2 37.2 37 36.9 36.8 36.6 36.5 36.4 36.3 36.2 36.3 36.5 36.6 36.7 36.8 37.1 36.5 36 36.8 37.1 36.7 36.1 36 36 36 35.5 36 36.9 37.1 36.5 36.4 36.9 38.7 39.4 39.5 39.4 39.3 39.3 39.2 36.4 37.4 38.7 39.9 37.3 37.5 37 37.8 38.8 38.8 40.3 43.4 46 48.3 48.8 50.2 50.5 50.3 50 49.7 48.8 48 48.1 48.7 49.8 50.7 51.1 51.1 51 48.9 46.7 45.8 45 42.5
41.5 42.6 44.8 47.8 49.7 49.5 39 38 37.1 36.3 38.4 44.1 44.3 39.8 36.8 36.7 36.5 36.4 36.3 36.2 36.2 36.2 36.3 36.3 36.1 36.1 36.4 36.6 35.7 36.3 36.1 36 36.4 36 36.1 36.7 36.7 35.8 35.9 35.7 35.5 35.7 35.9 35.9 36.2 36 36.7 36 35.5 35.3 36.2 39.5 37.3 37.6 37.7 38.5 36.4 38.4 39.6 40.5 41.4 41.3 40.7 43.2 45.1 47.2 49 50.8 51.8 51.1 51.1 49.7 48.6 48.8 50.8 52.6 52.5 54 52.3 50.7 48.7 47.6 46.3 45.1 43.1 45.6
46.1 47.8 46.5 46.7 47.8 48.5 44.4 37.6 36.7 36 38.9 43.4 43.6 37 36.5 36.4 36.2 36.1 36.1 36.1 36.1 36.1 36.2 36.4 36.4 36.2 36.1 36.9 36.1 36.1 35.7 35 37.7 36.9 37.6 36.8 36.6 36.7 36.9 37 37.2 37.2 36.3 36.3 36.1 35.9 36.9 37.2 37.1 37.2 39.7 38.8 36.2 38 37.9 35.9 39.3 41.3 42.4 43.5 43.9 43.5 41.6 43.3 45.1 47 49.7 52 51.8 51.6 51.3 52 51.3 52.7 53 53.2 53.6 51.4 49.1 46.4 45.5 45.6 45.6 43.2 42.8 48.8
49.6 49.8 48.2 48.8 48.3 46.6 45.5 40.2 36.3 35.9 38.1 42.2 43 36.2 36.2 36.1 36 36 36 36 36 36 36.2 36.3 36.5 36.5 36.3 34.9 35.1 40.2 46.6 45.8 43.8 42.1 38.9 37.1 36.7 36.5 36.4 36.6 39.6 39.4 38.9 37.3 37.2 36.9 38.4 37 36.9 40.2 46.4 48.1 48 46.6 43.8 45.1 47.7 49.2 47.3 47.4 47.8 48.4 47.9 47.7 48.6 50.1 51.1 52.3 53.7 52.4 49.8 48.3 48.1 50.6 52.4 51 49.2 46.2 43.6 43.5 43.4 43.8 44.1 48.4 49.6 51.4
49.5 49.4 48.5 46.2 44.5 43.5 43.5 38.2 36.6 35.9 38.2 41.1 39.5 35.9 36 36 36 36 35.9 35.9 35.9 35.9 36.1 36.2 36.4 36.6 38.1 34.9 39.4 45.6 46.5 46.4 41.9 38.8 37.4 37.4 37.6 37 35.8 36.3 39.3 38.8 39.2 38.3 38 38.2 37.9 39.5 44.6 48.1 51.8 53.4 54.7 55.1 52.8 54.8 54.7 54.4 54.5 54 54.4 52 48.7 49.9 51.7 52 52.1 52 51.5 52.3 52.2 51.7 51.3 51 49.6 47.8 47.9 45.3 45.2 46 48.2 47.8 49.7 51.8 53.5 55.8
47.4 47.1 44.3 41.9 40.5 40.3 39.5 39.3 37.9 36.2 37.8 38.2 36.2 35.8 35.9 35.9 35.9 35.9 35.9 35.9 35.8 35.9 36 36.2 36.3 36.5 36 36.7 37 36.7 36.7 37.1 36.6 37.4 37.9 38.3 38.6 37.4 39.2 39.5 39.2 39 39 39.1 39.4 39.6 42.3 48.1 50.6 52.2 53.7 56.3 56 56.4 56.9 57.7 57.8 58.8 59.2 59.3 58.5 56 53.8 52.8 53.4 53.4 52.7 51.8 52.6 52.8 53 53.2 52 50.9 49.2 49.2 47.4 49 48.5 49 50.8 53 54.4 56.6 59.1 61.6
45.5 43.6 41.3 41.1 39.5 39.7 39.6 39.1 39.2 37.1 37.3 37 35.9 35.9 35.8 35.9 35.8 35.8 35.8 35.8 35.8 35.8 36 36.1 36.3 38.2 37.8 36.4 36.8 36.1 35.8 36 36.7 37.8 38.7 39.2 39.4 39.4 38.9 39.1 39.7 39.5 40 40.3 41.5 44.4 48.1 47.8 53.4 53.8 55.1 55.9 56.1 56 56.4 57.3 58.1 58.3 58.5 58.8 58.6 56.4 55.7 55.4 55.1 54.9 54.4 53.6 53.7 53.1 53.6 54.6 52.7 50.7 48.7 46.9 45.3 48.2 50.5 52 55.3 57.4 60.9 63.3 65.7 68.3
43.6 44.4 44.9 45.4 43.5 41.6 41.1 40.1 38.7 38 37 36.7 35.6 35.8 36 35.8 35.8 35.8 35.8 35.7 35.7 36 36.4 36.7 37.3 34.2 36.4 36.3 36.5 36.3 35.9 36.1 36.6 37.8 39.3 40 40.1 39.9 39.6 39.6 39.9 40.1 40.8 43.7 47.2 48.8 52.2 48.1 53.8 53.8 55.7 54.4 55.8 55.4 55.9 56.5 57.2 57.4 57.8 58.2 58.6 58.5 58.4 57.7 56.9 56.6 56.5 55.9 54.2 53.4 53 53.3 52.8 50.8 47.3 45.7 48.7 53.2 55.2 57.3 59.6 63.4 67.5 70.3 74.1 75
54.9 53.9 51.3 50.2 47.4 44.2 43.9 41 39.2 37.3 36.3 36.3 35.4 35.8 36.2 35.8 35.8 35.7 35.7 36 36.3 36.6 37 36.5 38.8 38.8 36.5 36.2 36.4 36.3 36.1 36.2 36.5 37.8 40.8 40.6 40.5 40.4 39.9 40.9 42.1 42.7 44.2 47.2 48.9 51.3 52.5 52.8 52.4 53.3 53.5 54 54.4 55.3 56.6 56.8 56.9 57.1 57.5 57.9 58.3 58.1 58.1 58.3 57.5 56.9 56.7 55.9 54.7 53.7 53.5 53.5 53.1 51.8 47.2 51.2 53.5 56.8 59.7 62.6 65.1 68.8 72.5 74.3 75.1 73.2
54.3 54.4 53.2 51.3 49.6 47.5 44.7 41.7 38.6 36 35.8 35.7 35.3 35.8 36.2 36.2 35.7 36 36.4 36.7 36.8 37.2 34.1 37.2 36.8 38.7 36.4 36.4 38 38.1 36.1 36.1 36.5 37.1 39.6 40.8 40.6 40.8 42.3 43.8 44 45 46.5 48.2 49.6 50.3 52.5 53.2 53.1 53.3 53.7 54.1 55.1 56 57 57.2 57.1 56.9 57.3 57.8 58.4 58.4 57.8 57.9 57.5 57.2 57 56.6 56 55.4 55.8 55.1 54.7 52.5 47.6 50.2 54.7 58.3 60.7 62.3 64.7 66.2 67.6 68.7 68 66.1
52 52.4 51.7 50.8 49.5 47.4 44.3 41.5 36.1 35.6 35.3 35.4 35.5 35.8 36.2 35.3 35.3 35.3 35.1 35.9 34.1 37.8 37.8 37.1 36.9 38.7 36.9 37.7 37.9 37.7 37.3 36.3 36.6 37 38.7 40.5 41.2 41.6 43.1 44 45.2 45.9 48.1 49.4 49.8 51.7 53.1 53.3 53.8 54.1 54.3 54.5 55.1 56.4 57.2 57.1 56.9 57.6 57.8 58.2 58.8 58.8 58.4 59.3 58.6 59.6 58.7 57.7 57.2 56.7 56.6 56.4 56.1 53.6 49 47.6 49.5 52.9 53.3 55.1 57.5 59.3 60.7 62.1 61.4 60.4
51.6 51 50.6 50 49.6 46.4 42.8 35.1 35.6 35.2 35.8 35.4 36 36.3 36.5 38.2 36.1 35.4 35.7 36 36 35.1 37 36.6 36.6 39.4 37 36.7 37 37.4 37 36.5 36.7 37.2 37.9 39.8 41.2 42.5 46 48.8 47.6 49.9 51.4 53 53.5 54.8 54.9 54.9 55 55 54.8 55 55.3 56.4 56.9 57.2 57.9 58.5 58.7 59 59.7 60.8 60.8 60.6 60 59.4 59 58.7 58.2 58 57.2 56.8 55.3 54.2 51 47.9 48 49.2 50.3 51.5 52.2 54.5 56.6 57.7 58.8 60.2
50.6 50.2 49.8 48.9 47.4 42.7 35.8 35.3 34.8 35.2 35.8 35 35.6 36.6 33.4 36.8 36.3 35.3 35.2 35.6 36.1 38 36.7 36.6 36.7 38.2 37 36.9 36.9 37.1 37.4 39.1 38 38.2 43.8 48.9 47.9 52.4 53.3 54.1 54.3 56 56.4 56.8 57.5 57.7 57.5 57 56.9 56.7 56 55.7 55.6 56.4 57.9 59 59.6 59.8 60.2 60.6 61.3 61.4 61.4 61.3 61 60.8 59.8 59.3 58.8 57.8 56.7 54.1 52 51.2 51.7 48.9 53 55 55.6 57 58.5 59.6 60.1 61.4 62.7 62.2
48.3 46.8 44.5 46.2 40.3 35.3 36.1 36 35.2 35.8 35.9 32.8 33.2 36.8 36.1 36.2 36.2 35.3 39.4 40.6 43.8 40 36.2 37.7 36.6 37.1 37.1 37.1 37.2 37.5 38.1 38.8 47.1 47.6 54.3 57.4 58.7 58.7 59.8 61.8 61.2 62.2 62.2 61.8 61.4 60.4 59 58.6 58.4 58.7 56.8 56.1 56.5 58 59.6 60.6 60.4 60.7 60.8 60.8 60.7 60.6 60.2 59.7 59 58.9 57.7 56.5 55.1 53.6 51.7 50.2 49.2 51.9 52.3 55.5 57.5 58.8 56.6 56.2 57.4 56.8 58.9 60.9 61.2 61.4
