data/260000-930000.asc
ncols 200
nrows 200
xllcorner 260000
yllcorner 930000
cellsize 50
[rows 0 to 34 of 200, columns 79 to 157 of 200]
188.1 194.9 199.8 202.9 201.2 203.1 206.6 208.4 211.6 212.1 218.6 225.5 227.8 224 219.7 216.2 214.8 212.8 208.2 203.2 196.3 191.4 187.8 183.6 179.3 176 173.8 170.6 166.9 164.9 161.6 158.4 155 151.7 148.6 147.6 146.3 145 143.4 142.4 142 141.3 141.5 142.5 142.9 143.2 143 144.9 147.8 150.2 152.6 154.9 157.4 159 160.6 158.8 155.3 151.3 146.5 141.9 135.8 129.1 121 120.5 113.6 99.3 90.3 88.6 87.3 84.8 83.2 82.8 82.7 82.5 80.3 78.8 77.7 76.2 73.3
180.9 187.2 192.9 194.2 193.9 197.8 201 203.4 206.3 210.8 216.1 227.8 227.2 223.2 217.4 215.6 214.9 212.4 206.3 198.9 192.8 188 184.2 179.4 174.8 171.9 169 165.9 163.5 160.9 157.6 153.9 150.7 148.3 146.2 145.1 144.5 143.8 143 141.7 141.1 140.9 142.8 144.1 145.1 145.3 144.8 146.3 148 151.3 155.4 158.7 161.4 164.3 163.4 159.9 156.6 153 149.5 144.2 137.9 134.5 124.8 118.4 113.1 98.4 92.1 90.5 86.9 83.8 82.2 81.6 81.6 82.9 80 78.1 75.2 74 69.6
173.2 178.3 183.3 185.8 185.3 189.6 193.8 197.1 201.1 205.8 210.1 223.7 221.7 220.2 215.4 214.5 213.1 208.8 201 195.6 189.6 185.4 180.8 175.6 172.1 168.2 165.8 163.9 162 157.1 153.7 150.7 148.1 145.5 144.5 144.1 143.4 142.7 141.8 141.3 141.1 142.1 144.2 145.5 146.5 147.1 147.3 147.6 149 155 158.2 161.5 165.6 166.7 163.9 160.8 157.9 155.5 151.9 144.1 142.1 128.7 122.1 114.2 109.4 101.1 96.3 94.5 93 87.7 82.3 81.6 81.6 83 78.6 75 72.4 68.6 69
166.9 172.4 178.6 181.4 179.6 180.1 184.4 189.9 191.9 197.6 201.3 209.3 213.1 209.9 208.8 209.3 207 201.9 197.4 193 189.3 184.3 178.7 173.8 169.7 166.6 163.9 162.8 157.6 154.2 150.6 147.6 145 144 143.4 143 142.4 141.7 140.6 140.3 142.2 143.9 145.6 146.9 147.6 147.9 148 148.2 149.6 155.9 159.3 161.8 166.1 165.7 163.5 162.6 160.9 158.8 151.7 146.2 143.4 128.5 125.6 115.5 110 105.3 98.5 96.4 95.5 94.9 86.3 88 85.3 81.3 77.2 74.4 72.1 68.7 64.6
162.8 170.6 177.1 178.6 177.3 177.1 178.2 181.1 183.7 189.2 193.5 200.6 203.7 205.5 205.5 205.3 204.1 201.4 197.4 192.9 189.7 182.7 175.7 170.2 165.1 162.3 162.8 159.1 153.3 150.2 147.6 144.5 142.7 142.6 142.5 142 141.4 140.6 140.1 141.4 143 144.7 146.5 147.8 148.5 148.6 148.7 148.8 149.7 155.2 157.7 160.1 163.7 163.8 164.1 164.1 163.9 159.7 154.1 150.3 142.4 128.6 127.9 116.6 110.5 105.3 101.2 99.1 98.2 95.6 94.3 91 87.2 83.4 82.6 74.8 72.5 69 64.8
165.6 173.2 175.5 177.6 178.4 181 177.2 177.8 181.3 185.5 192.4 198.8 202.4 204.6 205.3 205.7 205 201.4 196.2 192.4 185.3 177.5 170.8 164.8 160.4 160.5 160 154 149.1 146.6 144.1 142 141.3 141.2 141.2 140.5 139.4 139.9 141.6 142.4 144 145.7 147.4 148.6 149.3 149.4 149.6 149.7 150.5 154 156.3 159.2 162.2 163.8 168.4 168.6 167.8 160.7 158.3 154.8 138.8 128.4 121.5 116 111.6 105.1 103.6 100.7 101 95.4 92.8 89.5 88.8 88.5 85.4 75.5 73.1 70.8 65.4
171.9 171.5 175.6 177 177.7 177 176.4 180 182.5 186.6 191.5 199.7 203.5 204.3 205 206.3 206.4 198.8 192.8 188.3 179.1 171.4 165.2 159.5 157.4 157.5 154 150 145.3 143.6 141.3 140 139.8 139.9 140 139.2 139.4 141.7 142.6 143.4 144.9 146.7 148.4 149.3 149.9 150.3 150.4 150.8 151.7 153.9 156.1 159.1 163.3 170.7 170.5 172 168.1 163 161.2 157.1 151.5 139.4 117.6 115.2 108.3 106.4 103.6 101.8 98.5 93.8 92.3 90.9 90 89.1 89 86 76.1 72.6 68.4
166.5 170.8 173.7 176.5 175.3 173.4 178.7 180.2 182.1 186.2 192 201.5 203.1 203.9 204.7 205.5 202.6 193.7 188.3 180.6 172.1 164.7 159.3 155 153.3 152 149.5 145.4 142.2 140.4 139.2 138.5 138.9 139.9 139.7 138.3 140.6 142.2 143.4 144.4 145.9 147.6 149.2 149.8 150.4 151 151.6 152.3 153.2 155.2 157.7 161.7 167.4 172 172 174.6 167 164.7 162.7 158.5 150.5 135 126.8 114 109.5 108.1 104.2 102.2 97.8 94.9 93.1 91.3 90.5 89.8 88.9 87.2 83.1 73.1 67.8
165.3 169.7 173.3 174.8 171.1 172.1 177.2 177 179.9 183.7 192.2 200.1 201.7 202.5 202.9 204.2 195.8 188 180.3 172.3 163.7 157.9 154.1 151 149.1 148 145.8 141.6 139.9 138.9 137.9 137 137.9 139.2 137.8 139.1 141.5 142.8 144.1 145.5 148.4 149.8 150.5 150.8 151.2 153 153.3 154.4 155.2 157.5 159.9 162.5 167.5 170.8 170 169.9 166.3 164.5 162.8 159.1 144.6 134.2 124.3 116.5 110.9 105.9 102.9 99.9 95.7 94.9 94.1 91.8 91.1 90.4 89.5 88.1 79.5 72.3 67
163.3 165.6 169.3 166.5 164.6 170 173.9 173.4 176.4 183.4 196.3 200 198.8 198.8 197.9 194.9 189.4 180.4 172.5 163.7 156.6 151.3 149.1 147.1 144.9 143.3 141.2 138.4 138.3 137.7 136.7 136.2 137.4 137.7 136.4 139.8 141.7 143.6 144.8 147.5 150 150.8 151.8 152.3 152.8 154.4 154.9 156 157.6 160.9 161.2 160.9 164.2 167 165.9 165.6 164.1 164.3 162.3 153.6 138.4 130.8 121.4 114.8 111.7 107.8 104.6 95.7 95.2 94.1 93.7 92.2 91.4 89 89 89.2 78.9 70.7 66.8
161.2 161.4 162.1 160.6 163.6 169.4 171.1 171.4 176.2 185.6 198.9 198.5 197 194.8 191.1 186 179.9 171.5 163.2 156 150.4 147.8 145.7 143.3 141.7 140 138 136.5 136.4 136.3 135.6 136.3 136.8 136.3 137.5 140.4 143.5 145.2 147.5 149 150.5 151.4 152.4 153.3 154 155.3 156.3 157.6 159.3 162.6 160.3 159.4 160.1 162.4 161.9 161.4 159.2 159.9 157.1 144.3 134.6 127.1 118.3 113.9 108.5 107.1 103.4 98.4 95.5 93.4 92.1 91.3 88.6 88.7 89.8 86.9 76.6 68.5 67.4
154.8 158.6 157.2 157.1 160.9 167.5 167.8 169.5 176.4 187.6 197.2 196.4 194.4 190.5 184.5 177 170.3 162.3 156.1 150.6 146.9 144.5 142.1 140.3 139 137.3 135.7 135.2 135 134.7 134.7 135.5 135.1 136.9 138.3 140.9 144.1 148.7 149.9 150.8 151.6 152.5 153.3 154.1 155.6 156.3 156.7 157.6 158.7 159.9 156 155.8 155.9 157.5 158.4 155.5 154.3 151.1 148.7 139.9 131.2 122.5 116.9 112.5 107.9 106.3 101.8 98.2 95.3 93.5 91.5 89.4 88.3 88.9 88.5 82.3 75.1 68.3 67.6
149.2 153 152.4 154.7 160.8 164.1 165.6 169.4 177 187.6 193.5 192.1 188.7 183.4 177.5 168.5 161.3 155.7 150.3 146.2 143.6 141.2 138.8 137.4 136.2 134.8 134.6 134.6 133.9 133.4 133.8 134.5 136 137.6 139.8 143.1 146.9 149.4 151.1 152.1 152.9 153.8 154.6 155.4 156.4 156.3 156 155.6 155.4 155.2 151.9 151.5 151.3 150.4 149.1 148.5 149.2 144.7 142.2 132.6 125 118.9 114.5 110.3 107.3 104.4 100.7 98.3 95.1 93.3 90.8 88.6 88.9 88.3 86.4 79.5 71.6 68.6 64.2
144.1 145.4 146.7 153.1 159.7 162.4 163.3 168.2 176.1 185.1 188.2 186.3 181.4 175.2 168 160.8 155.4 150.2 146.1 142.9 140.4 138 135.9 134.4 134 132.8 133.3 133.7 132.9 131.8 133.4 135.2 136.4 138.1 140.1 145 148.3 150.3 151.5 153.4 154.2 155.1 155.9 156.5 156.3 156 155.2 153.7 152.7 150.7 147.7 146.6 146.1 142.7 141.8 144.1 140 136.9 134.6 126.8 121.1 116.2 114 109.5 107 103 99.5 97.2 93.7 91.7 89.5 89.2 89.1 87.9 84.9 79.3 71 68.3 65.5
140 139.2 146.9 152.6 157.7 160.2 161.6 166.9 172.9 179.4 181 178.8 173.5 167.7 160.8 154 149.9 146.4 142.5 139.8 137.6 134.9 133.1 131.8 130.2 130.7 131.6 131.7 130.3 131.1 133.4 135.1 136.7 138.4 141.4 148.1 149 150.1 151.9 154.6 154.9 155.5 156 156.3 155.3 154.1 152 150.6 148.9 146.2 144.5 142.9 141 137.2 137.2 137.1 135.8 133.4 127.8 122.3 118.6 115.3 111.3 108.9 106 102.9 99 97 91.5 90 90.3 90.1 88.7 87.5 83 80 72.6 63.9 65
137.1 136.3 143.5 148.1 153.5 157 159.4 163.1 167.2 170.9 172.8 170.3 164.4 159.5 153.4 149.2 145.3 141.6 139.5 136.7 134.5 132.9 130.8 129.2 127.7 128.5 129.6 129.1 129 131.7 134.2 135.4 137 138.7 141.9 144.9 146.8 148.9 151.3 153.1 153.8 154.8 155.1 155 153.4 150.7 148.6 147.2 145.6 143.4 141.5 139.7 136.9 133.8 133.7 133.1 131.1 126.2 121.8 119.4 117.4 114.1 108.7 106.5 104.8 101.7 98.9 95.4 91.8 91 91.5 90.1 88.7 85.7 81.1 78.2 71.6 65.1 66.3
132.7 136.2 139.3 142.2 146.7 151.5 153.9 156.8 159.8 163.3 163.8 160.3 156.5 151.5 147.7 144.4 140 137.5 135.6 133.8 132.4 131.1 129.8 127.8 125.8 127.2 127.4 125.5 128.7 131.6 132.6 134.9 136.6 138 139.1 143.2 144.5 146.9 149.6 150.4 151 152.4 153.1 152.3 150 147.3 145.2 143.8 142.4 139.5 137.4 135.9 132.7 129.7 131.1 131 127.4 121.6 118.5 116.8 114.6 110.9 106.4 104.5 103 100.9 98 95.1 94.1 92.8 91.5 90 88.7 83.6 78.8 74.6 70.3 66.2 66.5
131.1 131.7 134.6 135.8 141 144.7 147.8 150.3 153 154.2 154.1 151.3 148.8 146.1 142.9 139.1 135.3 133.4 131.4 130.9 130.7 129.3 127.7 125 124.4 125.6 125 124.3 126.1 128.4 129.4 132.2 134.3 136.2 138.2 141.3 142.4 144.3 148 148.3 147.7 149.4 149.3 147.8 145.7 143.1 142.1 140 138.5 136.2 134.2 131.4 127.6 127.2 129.6 129.3 125.2 119.3 116.9 114.2 111.6 108.5 104.6 103.1 101.6 100.3 98.5 96.1 96.4 94.7 91.6 90.3 85.8 81.5 77.9 73.5 69.3 65.7 67.6
125.7 127.9 129.1 131.6 136.6 140.4 141 143.4 145.9 146.1 145.6 144.2 142.1 140.5 137.5 133.6 131 129.4 129.1 128.8 128.3 126.5 124.3 122 123.3 122.9 122.5 122.1 122.8 125 126.6 129.2 132.1 133.6 136.9 139 140.7 142.2 144.4 144.5 144.2 144.7 144.3 142.8 140.9 139.8 137.6 136.2 134.7 131.7 129.5 126.3 125.4 126.1 127.4 125.7 119.5 115.6 113.6 110.5 108.2 104.5 103.8 102.5 101.1 99.8 98.6 97.3 97.2 95 91.5 87.2 83.5 81.2 79 74.9 69.3 63.9 70.3
121.9 123.4 125.8 127.8 132 132.8 135 135.8 137.4 137.8 137.4 136.5 135.2 133.8 131.8 129.2 127 126 125.9 125.8 124.9 123.5 121.7 119.7 119.8 120 120.4 120.1 121.5 123 122.7 125.8 128 130.8 134.5 136.5 138.2 139.1 141.1 141 140.1 140.3 138.8 137.4 136 134.6 133.5 132.1 130.5 128.5 126.1 121.2 120.7 123.3 123.7 119.5 114.3 111.8 109.1 107.1 104.4 104.1 103.4 102.1 100.6 99.3 98.1 98 97.4 94.8 89.2 85.4 83.5 79.9 78.9 72.7 67.9 63.9 70.1
118.3 119.5 121.2 123.3 125.5 126.1 129.2 129.4 130.6 131.4 132.3 132 131.6 129.7 127.8 125.5 123.6 123 122.8 122.3 121.3 120.4 118.8 117.4 117.1 117.2 118.2 118 119.8 120.2 120.1 121.3 122.2 126.2 130.3 133.6 133.6 135.5 138.4 137.6 135.9 134.9 133.3 131.7 130.3 130.4 129.3 128 126 123.8 120.2 116.5 117.4 117.6 118.7 113 110.3 107.9 105.6 104 103.2 103.1 102.9 101.7 100.2 98.9 97.9 97.4 96.9 92.9 87.6 85.5 82 78.5 75.9 73.8 68 66.9 70.6
113.5 116.3 116.7 118 119.2 120.9 122.6 123.4 125.1 126 127.1 127.7 127.2 126.2 124.1 121.9 120.7 120.1 119.7 118.5 117.6 116.7 115.9 115.5 115.6 113.9 114.8 116.5 118.1 117.5 118.7 119.3 119.5 120.3 122.3 122.4 126.4 129.8 131.7 132 128.5 128 126.9 125.7 126.1 126.4 125 123 120.3 117.2 114.2 113.4 113.1 113.3 111.5 109.9 107.4 105.1 102.9 102.2 101.9 102.4 102.2 101.1 98.6 97.3 97.4 97.8 97.1 93.5 91.2 87.5 79.9 76.6 74.2 71.3 65.2 66 67.1
111.9 112.6 113.1 114.1 114.9 116.3 117 117.4 119.6 120.3 121.1 122.3 122.1 121.9 120.8 119.4 117.9 117.1 116.5 114.8 114 113.5 112.9 112.8 112.1 110 111.6 114.4 114.4 114.9 115.7 115.3 115.6 117.1 119.1 118.8 121.4 122.3 124.7 122.8 120.3 119.4 120.3 119.2 121 121.6 119.6 117.4 115.6 113.3 111 110 111.1 110.6 108.6 105.8 105 102.7 101.1 100.4 100.3 100.8 101.1 101.2 98.3 97.2 96.9 98.3 96.4 95.7 94.5 90.1 82.5 77.7 74.2 67.5 66.7 66.3 66.6
107.3 107 109.6 109.8 110.9 111.8 112.1 112.8 114 114.8 116 117.3 117.4 117.6 117.3 116.2 115 113.7 112.5 111.9 111.1 110.6 109.8 109.6 108.3 106.9 109 110 108.6 109.9 111.1 111.9 111.5 112.8 112.9 115.2 116.4 116.6 116 115.8 113.6 112.4 112.4 113.2 115.1 114.6 113.1 113.5 111.4 109 107 107 108 107.3 105.2 102.5 101.5 100.4 99.3 98.7 98.8 99.1 99.5 99.5 99.2 98.7 98 97.4 96.7 96.3 95.2 90.6 81.7 74.7 72.1 65.5 65.4 66.9 67.2
105.2 104.3 104.5 107.1 107.8 108.8 108.8 109.2 109.2 109.9 111.7 112.8 113.8 113.1 112.8 112.5 110.9 109.8 108.7 108.4 108 106.6 104.1 105.6 102.6 104 104.8 104.6 103.2 105.5 106.8 106.9 108.3 108.6 108.9 110.2 112 112.1 111.4 110.9 109.5 108.8 108.6 109.5 110.3 108 106.3 106.5 108 105.4 103.7 104.7 104.7 104.6 101.5 100.9 99.7 97.9 97.4 96.9 97.3 97.6 97.9 97.7 100.7 100.5 97.6 97.5 96.6 94.8 92.4 87.3 78.8 72.6 68.9 65.5 66.7 67.4 67.8
102.1 100.6 101.7 103.6 104.5 106.4 105.8 105.1 105 106 107.3 108.5 108.9 108.4 107.9 107.9 106.9 105.8 104.8 104.4 103.5 101.8 99.3 100 95 98.6 99.9 99.8 99 101 101.3 101.8 103.4 104.8 105.5 105.4 106.2 105.3 106.3 106.7 105.1 105.1 105.1 104.8 105.1 103.1 101.9 102.3 100.4 99.3 98 99 99.2 99.7 98.3 99.1 97.1 95.6 95.2 95.4 96.2 96.5 96 97.2 100.1 99 96.8 96.5 96 92.3 88.9 83.8 78.6 70.8 65.6 66.7 67 68.7 68.5
102 96.3 98.9 98.5 102.1 101.5 101.3 101.2 101.9 103.5 104.1 103.8 103.9 103.4 103.8 104.3 103.3 101.9 100.6 99.8 98.9 96.1 94.3 94.8 90 93.6 94.7 94 94.2 96.2 97.2 97.8 98.6 99.5 100.5 101.1 100.8 98.9 100.5 102 100.8 101.4 100.8 100.1 101.1 98.5 97.8 98.9 96.7 96.3 93.9 90.6 92.9 94.2 94.9 95.3 94.2 93.5 93.3 93.7 94.9 95.3 94.9 96.5 97.4 97.3 95.6 95.2 94.2 90.7 85.4 82.6 74 65.7 67.3 67.3 67.2 69.9 69.8
98 98.5 93.6 94.9 96.1 97.8 97.1 98.6 99.5 100.5 100.4 99.5 98.9 98.8 98.5 98.8 97.9 96.6 95.5 95.1 92.8 89.7 89.1 88.9 85.7 88.4 88.6 87.1 86.1 87.6 90.4 90.2 92.7 94.6 94.8 95.5 95.4 93 94.8 96.1 95.9 96.7 95.7 95.5 95.3 94.5 94.4 93.7 92.7 93.9 93.7 94 92.2 88.1 89.6 90.3 90.5 91.3 91.1 91.8 92.7 92.8 92.9 97.5 94.4 96.4 93.3 93.4 91.9 86.7 82.5 77.3 70.7 65.9 67.5 67.5 67.6 69.2 70
95.9 95.2 95.9 93.9 91.8 92.9 93.5 95.9 95.4 95.4 95.6 96.5 94.9 94.4 93.8 93.6 91.3 90.6 88.5 87.2 86 83.8 83.2 80.4 78.9 80.1 80 79.2 79.3 78.9 81.4 84.4 88.1 88.7 89.2 90.1 90.5 88.6 88.6 89.7 90.4 92.1 91.1 88.6 88.1 89.8 90.9 88 89.4 89.5 90.1 91.7 90 90.6 88 87.5 88 88.3 88.3 90.3 90.1 89.7 90.5 93.2 92.2 93.8 90.6 90.1 87.6 82.2 78.4 70.7 66.8 65.8 67.7 67.9 68 70.1 73.1
94 93.2 92.7 91.8 91.4 87.5 89.9 91.8 91.4 90.2 90 90.7 89.7 89.3 88.3 87 83.1 81 79.5 76.8 77 74.9 75.4 74.9 75.6 74.9 74.9 74.9 74.9 74.9 77.9 79.9 80.9 80.7 81.6 83.5 85 84 85.1 86.9 88.1 86.8 86.9 83.3 82.8 84.5 84.6 82.4 84.8 85.2 89.7 88.3 86.8 89 89.4 88.8 88.5 88.3 87.8 88.1 88.2 87.8 88.3 87.7 89.1 88 87.4 85.9 84.8 77.4 74.9 68.3 67.2 66.3 67.6 68.2 68.2 71.7 75.3
92 90.9 89.1 88.1 87.8 87.5 82.6 83.6 84.5 85.8 85.3 85 83.6 83 82.3 80.8 78.5 74.9 74.9 74.9 74.9 74.9 74.9 74.9 74.9 74.9 74.9 74.9 74.9 74.9 74.9 79 75.2 78.2 77.8 77.7 78.3 79.7 80.1 83.1 83.5 81.3 80.3 78.1 79.2 79.1 79.6 78.6 79.9 84 84.6 83.4 84.8 86.5 87.2 88.3 88.4 90.3 88 90.8 87.8 87.5 87.3 87.9 87.2 86.6 85.5 85.2 84.1 76.1 70 69 67.6 66.7 68.4 69.5 69.1 72.8 74.6
87.5 86.1 86.3 83.9 84.4 83.8 80.4 77.5 78.3 82.3 81.4 80.1 79.8 79.2 77.3 74.9 74.9 74.9 74.9 74.9 74.9 74.9 74.9 74.9 74.9 74.9 74.9 74.9 74.9 74.9 74.9 76.2 74.9 74.9 74.9 77 78 76 77.9 78.5 75.5 74.9 77 77.3 76.9 76.1 76.4 75.5 77.7 80.6 78.9 79.4 83.4 83.5 85.2 86.2 87.7 90.7 91.3 91.3 91.5 92 90.8 91.3 92.8 93.6 89.1 87.2 78.8 70.9 70.3 69.2 67.6 66.7 67.8 69.2 70.4 72.6 74.7
81.7 80.2 84.2 83.6 79.5 80 79.7 75.8 76.3 77.1 78.9 78.2 76.3 74.9 74.9 74.9 74.9 74.9 74.9 74.9 74.9 74.9 74.9 74.9 74.9 74.9 74.9 74.9 74.9 74.9 74.9 74.9 74.9 74.9 74.9 74.9 79.7 74.9 74.9 74.9 74.9 74.9 74.9 74.9 74.9 74.9 74.9 74.9 74.9 78.1 76.8 75.9 79.5 81.8 84.3 84.9 86.9 89.7 89.8 89.6 91.2 92 92.6 92.8 93.3 93.2 91.6 86.6 80.5 71.1 69.5 68.2 66.9 67.3 68.8 70.1 70.9 72 73.1
76.4 74.9 74.6 79 75.3 74.5 74.9 74.9 74.9 76.5 76 76.7 74.9 74.9 74.9 74.9 74.9 74.9 74.9 74.9 74.9 74.9 74.9 74.9 74.9 74.9 74.9 74.9 74.9 74.9 74.9 74.9 74.9 74.9 74.9 74.9 74.9 74.9 74.9 74.9 74.9 74.9 74.9 74.9 74.9 74.9 74.9 74.9 74.9 74.9 74.9 74.9 77.3 78.1 81.6 83.8 87.6 88 88.2 88.7 88.8 88.6 89.1 90.3 91.7 89.4 85.8 80.9 73.5 70.1 67.7 66.9 67.6 68.7 69.5 70.9 73.5 74.5 75.9
74.9 74.9 74.9 74.9 74.9 74.9 74.9 74.9 74.9 74.9 75.5 74.9 74.9 74.9 74.9 74.9 74.9 74.9 74.9 74.9 74.9 74.9 74.9 74.9 74.9 74.9 74.9 74.9 74.9 74.9 74.9 74.9 74.9 74.9 74.9 74.9 74.9 74.9 74.9 74.9 74.9 74.9 74.9 74.9 74.9 74.9 74.9 74.9 74.9 74.9 74.9 74.9 76 77.6 79 81.4 83.5 84.1 84.5 87.6 87.2 87 87.4 84.9 84.4 82.3 80.8 77.5 71.7 67.6 67.3 68.1 69.5 70.1 70.6 71.6 72.5 73.9 75.7
