data/260000-940000.asc
ncols 200
nrows 200
xllcorner 260000
yllcorner 940000
cellsize 50
[rows 105 to 139 of 200, columns 0 to 78 of 200]
159.2 157.3 155.1 153.7 151.4 148.4 144.5 141.1 139.1 137.4 136.9 133.4 130.9 129.7 129.8 128.9 127.4 125.2 122.3 120.2 118.1 116.7 114.5 111.8 111.8 111.8 111.8 111.8 111.8 111.8 111.8 111.8 111.8 111.8 111.8 111.8 111.8 111.8 111.8 111.8 111.8 111.8 111.8 111.8 111.8 111.8 111.8 116.1 119.8 121.3 125.1 125 124.1 119.7 118.1 121.7 124.9 125.4 126.4 128 129.8 125.7 124 124.1 123.8 123.8 128.3 132.4 131.8 131.6 130 130.4 130.6 131.3 132.2 132.8 133.4 134 134.6
153.1 151.6 148.8 147 145.6 142.8 139.3 136.9 134.4 130.2 128.5 126.7 124.4 123.9 124.4 124.8 123.1 121.2 119.4 117.9 117.4 115.8 113.8 111.8 111.8 111.8 111.8 111.8 111.8 111.8 111.8 111.8 111.8 111.8 111.8 112.6 111.8 111.8 113.7 113.2 112 111.9 112.2 111.8 111.8 111.8 118.6 119.8 120.6 122.9 124.6 125 124.5 125.1 123.8 121.9 121.8 124.1 125.8 128.2 130.5 129.8 125.4 125.6 128 126.5 127 129.7 131.1 131.3 130.7 131.1 131.4 131.8 132.3 133 133.6 134.3 135
147.4 145.6 143 140.7 140.4 138.8 134.5 132 128 124.3 122.8 121 119.7 120.6 120.4 120.5 119.9 117.9 116.5 114.3 111.8 111.8 111.8 111.8 111.8 111.8 111.8 111.8 111.8 111.8 111.8 111.8 112.8 112 114.4 117.1 117 116.1 116.8 118 117.3 117.6 118.2 118 122.2 122.2 121.8 122.7 124.6 125.8 125.6 124.7 124.7 125.2 126.9 129.5 125.1 123.1 124.8 126.4 127.4 128 127.8 129.8 130.4 128.2 127.1 128.3 130.3 131.1 131.4 131.4 131.4 131.4 132.6 133.4 134.1 134.7 135.5
140.7 140.6 137.1 134.7 132.6 131.6 128.9 124.7 122.7 120.6 119 117.6 117.6 118.4 117.4 115.4 114.6 113.1 113.3 111.8 111.8 111.8 111.8 111.8 111.8 111.8 111.8 111.8 111.8 111.8 111.8 111.8 112.9 116.3 118.2 121.4 122.4 121.2 121.4 121.9 121.7 123.2 123.1 121.9 125.5 125.5 124.8 128.9 128.8 127.1 125.8 124.7 124.4 125.3 129.9 131.1 129.1 127 125.2 124.9 126.2 127.3 128.4 128.3 127.4 126.8 127.3 127.2 128.9 130.8 130.6 130.7 130.7 131.2 132.5 133.8 134.5 135.2 136
132.8 133.1 129.6 126.9 125.6 124.1 121.5 118.9 117.7 117.1 117.3 116.8 116.6 115.6 113.3 111.8 111.8 111.8 111.8 111.8 111.8 111.8 111.8 111.8 111.8 111.8 111.8 111.8 111.8 111.8 111.8 114.8 116.8 118.3 119.6 123.4 124 122.9 123.6 124.1 125.5 127.2 125 123.8 127 130.5 130 130.3 129.5 128.5 127.3 125.2 125.6 127.9 131.4 130.9 129.8 129 128.6 124.2 126.3 128.1 128.2 128 127.6 127.2 128.2 127.9 127.5 129.6 130.2 130 129.9 131.1 132.4 133.6 134.9 135.7 136.4
124.8 124 122.6 121 120.3 119.2 117.9 115.7 114.3 114.5 114.4 114 113.8 113.6 112.5 111.8 111.8 111.8 111.8 111.8 111.8 111.8 111.8 111.8 111.8 111.8 111.8 111.8 112.3 113.4 116.6 120.4 122.3 123.4 121.7 121.5 123.8 124.9 125.3 126.4 129.9 131.1 129 126.5 128.9 131.8 131.8 131 130 129.4 127.1 126.4 130.8 131.7 131.1 129.8 130 131.2 129 125.1 126.9 128.2 128.2 129.8 130.5 128.5 127.9 127.9 127.8 128.9 129.1 128.7 129.6 130.6 131.8 133 134.8 136.2 136.9
119 117.4 116.7 116.6 116 115.7 114.5 113.9 113.8 113.9 113.9 113.8 113.6 113.2 112.1 111.8 111.8 111.8 111.8 111.8 111.8 111.8 111.8 111.8 111.8 111.8 111.8 111.8 114.9 118.1 120.6 123.8 127.1 126.8 124.7 123.4 125 129.2 131.2 131.8 133.7 132.6 129.6 127.7 128.9 132.1 133.1 132.2 131.2 129.6 126.2 128.6 131.9 133.7 132.7 131 132.1 131.2 130.7 128.5 128.9 127.1 128.3 129.4 129.7 128.6 127.9 127.9 128.1 128.3 128.5 129 129.5 130.4 131.4 132.4 134.4 136.3 137.4
115.8 114.7 114.7 114.4 113.7 113.3 113.4 113.5 113.4 113.3 113.7 113.6 111.8 111.8 112.6 112.8 111.8 111.8 111.8 111.8 111.8 111.8 111.8 113 114.8 113.6 115.3 116.7 119.6 121.5 123.2 126.9 129.3 127.4 129.3 128.5 125.6 135.3 136.3 136.1 136.8 134.9 130.7 129.1 130.4 132.5 134.4 133.7 132.9 131.1 129.2 130.8 132.9 133 133 132.3 133.8 132.9 131.9 131.6 124.5 126.3 128 129.5 129.9 128.9 127.9 127.9 128.2 128.5 128.8 129.3 129.8 130.7 131.9 132.9 134.2 135.9 137.8
113.5 112.7 111.8 113.2 111.8 112.8 112.4 111.8 112.6 113.3 111.8 111.8 113.5 113.5 113.5 113 113 113.5 114.1 114.4 115.2 115.5 115 116.4 119.7 119.8 120.9 122.8 124.3 124.4 126 129.1 132 131.8 136 138.3 131.4 134.7 138.5 139.3 140.3 138.1 134 132.4 133 135.4 135.1 134.3 134.5 133.8 131.2 130.8 132.5 131.8 131.8 131.8 132.7 133.7 132.3 130.5 128.2 124.9 126.5 127.4 129.5 130 128.9 128.9 128.6 128.6 129.5 130 130.2 130.8 131.9 133.1 134.3 136.4 138.3
111.8 112.1 113.5 113.5 113.4 113.2 113.4 114 114 113.7 113.6 113.6 114 114.3 115.6 116.5 117.4 119.3 118.4 118.8 119.4 120.2 120.7 121 123.8 125.4 126.5 128.6 130.5 128.3 130.2 133.5 137.9 140.1 141.4 141.9 139.1 137.8 139.6 141.1 140.8 138.3 138.2 137.2 135.7 135.3 135 134.8 134.3 133.4 131.3 130.8 131.5 131.8 131.8 131.8 132 132.5 133.1 131.1 129.9 131 126.1 126.3 127.5 128.1 128.3 128.6 128.3 129.1 130.2 130.5 130.5 130.9 131.9 132.9 135.5 139.2 140.2
113.7 113.3 113.9 114.1 114.1 113.8 114.3 114.9 115 115 114.4 114.2 115 116.1 119.6 120.9 121.8 122.8 122.6 123.1 123.8 124.9 125.7 126.5 127.2 129.3 130.9 132.7 134.8 134.8 137.9 137.5 139.9 142.9 145.6 146.2 145.4 145.9 141.7 142.2 142.4 141.1 139.1 137.6 136.5 136.5 136.1 135.5 135 133.5 132.8 131.4 130.8 135.3 136.6 132.7 133.9 133.5 133.2 134.7 134.5 135.6 133.4 125.4 126.3 127 126.7 128.3 128.4 129.6 130.7 130.9 130.9 132 134.2 135.9 137.3 141.2 144.2
114.9 114.1 114.7 115.2 114.8 115 115.4 115.8 116.1 116.6 117 116.7 118.2 120.9 123.4 125.3 126.4 126.5 126.9 127.8 129.5 130.6 131.6 132.3 132.6 135 135.4 136.4 137.9 139.5 142.4 142.6 144.1 145.9 149.5 150.1 150.4 151.1 149.7 143.8 142.5 141.2 138.8 138.1 137.5 137.4 137.4 136.9 135.7 135.8 136.1 135.8 135.3 136.4 136.3 135.3 133.9 133.5 133.2 134.3 135 133 132.3 130.1 125.6 126.7 127.3 128 129.2 130.3 130.9 131.4 131.5 133.5 135.7 137 138.5 140.8 143.3
116.9 115.3 115.3 116 118.3 119.6 119 119.1 119.1 120.4 121.9 122.4 124 126.5 129.2 130.7 131.5 131 130.7 131.7 132.7 133.3 134.1 137.7 138.7 139.5 139.8 140.2 140.8 143.3 146 147.3 149 151.1 153.9 153.1 152.6 152.8 151.1 147.2 141.9 140.2 140.2 139.6 138.8 138.6 138.4 138.3 138.4 138.8 138.9 138.7 138.1 137.4 136.5 135.3 134.2 133.4 133.2 133.9 133.5 133.2 131.6 129.9 127.8 127.8 127.8 127.1 129.3 130.7 131.1 131.6 132.1 134.2 136.4 138.7 140.3 143 145.1
119.8 119.2 118.5 119 121.5 122.9 122.6 122.7 122.7 125.9 127.1 127.5 129 132.1 134.3 135.1 135.1 134.2 134.1 134.9 135.8 136.6 138.9 140.4 141.1 142.1 142.7 143 143 145.8 149 151 152.7 154.9 155.5 155 154.4 153.6 151.8 149.6 146.2 141.7 141.3 141.5 140.9 140.6 140.4 139.8 139.7 140.1 139.9 139.7 139.1 138 136.1 134.6 134 133.1 133.2 133.5 133 132.9 130 128.3 127.3 127.6 128 127.5 128.4 131 131.7 132.2 133.3 135.6 137.7 140 142.5 145.3 147.5
124.4 124.8 124.2 123.9 124.7 126.2 126 126.6 126.5 129.2 130.8 130.8 132.6 135.2 135 135.7 136.4 136 136.1 137.3 138.3 139.9 141.8 143.4 143.8 144.4 145.3 145.4 145.2 147.7 151.3 153.2 155.1 156.3 156 155.6 155 154 152.3 150.6 148.6 145.4 141.8 142.5 142.9 142.6 142.1 141.3 140.5 141.2 141 140 138.9 138.4 135.9 134.3 133.6 132.9 132.2 131.9 131 129.8 128.8 128.7 128.9 128.7 128.8 128.2 128 131.1 132.2 132.9 134.6 136.9 139.1 141.4 143.4 147.4 151
129.6 130.2 129.7 129.1 128.7 129.5 130.2 131.8 130.6 131.4 133.9 134.5 135.2 137.1 136.6 136.4 137.2 137.7 137.7 139.2 140.5 142.4 144.5 146 147.3 147.8 148.1 147.9 147.6 151 153.9 155.7 156.3 156.6 156.4 156 155.6 154.4 152.7 151.1 149.6 147.6 145.4 143.6 144 143.9 143.9 143.2 142.7 141.3 140.6 138.9 137.8 136.5 135.5 134.5 133.5 133.2 131.7 130.8 129.6 128.6 128.9 130.1 130 129.8 129.9 129.7 130.8 131.4 132.5 134.1 136 138.2 140.4 142.7 144.4 147.8 152.4
134.2 134.5 134.3 135.9 136 135.5 135.6 135.7 134.4 134.5 135.8 136.9 137.7 138.6 137.8 138.2 138.8 139 139.6 140.8 143.5 145.8 147.3 148.2 149.1 149.6 149.9 150.5 150.5 153.2 155.5 155.4 155.7 156.6 156.4 156.2 156 155 153.5 151.9 150.4 148.4 146.4 144.6 144.4 144.2 143.4 143.7 142.7 141.6 140.3 137.7 136.8 135.8 134.7 134.3 133.4 133.6 131.3 130.2 129.7 130.4 130.5 131.5 131.1 130.9 131 131.1 131.6 132.1 132.8 134.8 137.4 139.6 141.9 143.6 146.3 150 154.6
137.8 137.5 139 140.3 140.3 138.8 139 138.2 137 136.7 137.7 138.5 139.2 138.9 139 139.1 139 140.3 142.1 144.7 147.1 148.4 148.8 149.7 150.5 150.9 151.4 152 153.4 153.9 154.5 154.5 155.5 156.6 156.4 156.7 156.2 155.1 153.8 152.6 151.2 149.3 147.8 146 145 144.8 143.6 142.9 141.9 141.2 140.2 137.7 136.7 135.8 135 134.3 133.5 132.5 131.3 129.8 129.5 131 131.8 132.8 132.4 132 132.1 132.2 132.4 132.9 133.5 135.3 138.2 141.4 143.4 145.8 148.7 152.5 156.9
140.3 140.1 141.7 143.9 143.1 141.9 142.1 140.7 139.5 138.4 139 139.7 140.5 141 140.3 141.2 140.7 142.3 145.1 147.1 148.6 149.3 150.1 151.2 151.8 152.1 152.4 153.5 154.7 155.8 154.8 154.5 155 157 157.5 157.2 156.2 155 153.8 152.5 151.2 150.7 149.3 147.3 145.7 145.7 144.1 141.9 141.2 140.4 139.8 138.3 137.4 136.5 135.7 135 133.7 132.3 130.9 130.1 130.4 131.4 132.1 133.4 134.4 134 133.7 133.8 133.8 134.4 134.9 136.4 139.4 142.4 145 147.4 150.4 154.8 158.8
142.1 141.9 143.1 144.6 144.1 143.6 143.6 142.6 142.6 141.2 140.2 141.2 141.9 142.5 143.4 144 143.5 142.6 145.6 148.7 149.5 150.3 151.5 151.4 152.5 152.8 153.1 154.8 156 157 156.1 156.7 156.6 158.3 158.1 157.1 156.1 155 153.8 152.4 151.1 150.5 149.7 147.9 146.8 147.7 144.8 141.4 140.7 140.2 140.2 139.3 138.3 137.2 136.4 135.2 133.9 132.9 132.1 131.3 131 132.1 131.5 133.2 134.6 135.5 135.8 135.6 136.4 137.1 137.4 139.4 140.6 143.3 145.8 148.3 151.5 155.8 159.8
143.7 143.9 145 145.7 145.8 145.4 145.1 144.8 145.2 144.4 142.7 142.6 144.9 146.6 146.7 145.3 145 144.7 146.3 149.8 150.6 151.3 152.8 152.5 152.9 153.4 154.2 156.4 156.8 157.9 158.2 158.2 157.8 158.8 158 157 156 155 153.7 152.3 150.9 150.3 149.5 148.7 148.3 147.6 144.9 141.6 140.6 140.4 140.7 140.3 139.2 138.2 137.3 137.2 137.2 136.6 134.9 133.3 133.4 134 132.3 133.5 134.7 135.3 135.7 136.3 137.4 138.5 138.7 140.1 141.7 144.1 146.7 149.2 152.5 156.6 160.6
145.4 145.7 146.8 147.3 147.5 147.1 146.6 146.9 147.5 147.8 147.8 148.8 149.2 148.4 147.9 146.4 145.9 145.9 148 150.8 151.6 152.6 154.1 153.8 153.5 155.6 157 157.5 157.8 158.1 158.6 158.6 158.7 158.3 157.2 156.4 155.8 154.9 153.5 152.1 150.7 150.1 149.3 148.5 147.8 147.2 144.4 142.5 141.7 141.3 141.1 141.4 140.2 139.3 138.3 138 137.8 137.4 137 136.4 135.9 135.8 133 133.6 134.5 135 135.5 136.3 137.4 139 139.4 140.7 142.7 144.5 147.2 149.9 153.4 157.5 161.6
147.7 147.9 148.5 149 149.1 148.8 149 150 150.9 152.8 154.9 155.3 154.3 153.2 152.8 153.9 154.1 151.7 150 151.4 152.6 154 155.4 155.5 156.5 158.1 158.4 157.6 157.6 158.3 158.5 157.8 157 156.4 155.8 155.3 154.6 153.1 152.2 151.2 150.5 149.6 148.8 148 147.3 146.8 144.1 143.4 142.8 142.5 142.3 141.9 141.3 140.3 139.3 138.8 138.2 137.8 137.4 137.3 137.2 136.6 135.4 133.1 134.2 134.8 135.6 136.4 137.7 139.3 140.2 141.4 143.7 145.5 147.4 150.5 154.4 158.4 162.4
152.5 153.8 152.9 152.7 152.8 153.1 153.9 155 156.6 159 160.2 159.8 158.8 158.2 158.2 157.5 156.9 155.2 154.2 154.7 156.6 156.9 157 157.7 158.5 158.6 158.4 157 156.4 156.7 155.9 155.8 155.1 154.2 153.9 153.1 151.2 150.6 150.2 149.8 149.5 148.9 148.2 147.5 146.9 146.3 145 144.2 143.5 142.9 142.3 142 141.8 141 141.1 140.6 139.1 138.5 138.4 138.2 138 137.3 136.6 135.5 134.2 134.4 135.4 136.5 138.4 140.6 142.4 143.4 145 147.3 149.3 152.1 154.8 158.8 162.8
157.6 160 159.9 159.8 159.5 160 160.9 161.8 163.1 164.2 164 163.5 162.4 161.3 161.1 160.6 160.6 160 159.5 160.1 159.8 159.4 159.1 159.4 159.1 158.7 158.4 156.4 154.8 154.1 153.4 152.1 150.4 149.6 149.1 148.9 149.5 149.4 149.3 148.6 148.4 146.7 147.8 147.1 146.6 145.8 145.1 144.6 144 143.4 142.8 142.4 142.1 141.2 140.4 140.1 139.5 139.2 139 138.8 138.7 138.1 137.3 136.4 136 135.3 135.7 137.2 138.9 141.2 144.1 144.9 147.8 150 151.1 153 154.8 158.9 163
163.7 165.3 166.2 166.8 166.6 167 167.9 168.6 168.9 168.3 167.7 167.2 166 164.5 163.3 163 163.3 163.8 163.2 162.3 161.9 161.4 161 160.6 160.3 160 158.4 156.1 153.9 152.3 150.8 149.6 147.7 146.2 146.2 146.6 148.2 148.6 149 148.4 147.2 146.7 147.4 147 146.9 146.4 145.2 144.8 144.3 143.9 143.5 143 142.4 141.6 140.8 140.2 140 139.9 139.8 139.5 139.3 138.8 138 137.2 136.8 136.4 136.3 137.8 139.3 141.4 142.8 143.8 144.9 147.7 150.6 152.9 154.8 159 163.1
170.7 171.8 172.5 173.1 173.4 174.1 174.2 174.1 173.9 172.9 171.9 170.4 168.7 166.9 165.6 165.4 165.7 166.3 165.4 164.2 163.5 163 162.6 162.1 161.7 160.1 158.2 155.8 153.4 151.9 150.3 147.9 144.1 144.1 144.1 144.1 144.1 146.3 147.9 148.1 146.7 147 145.7 146 145.7 146 145.7 144.8 145.3 144.7 144.2 144.3 142.9 142.1 141.3 140.8 140.5 140.4 140.2 140.1 139.9 139.1 138.6 137.9 137.6 137.1 136.8 137.9 139.4 140.6 142.2 143.4 143.8 145.2 150.1 153.7 155.8 158.4 162.9
177.8 178.1 178.4 178.7 179.1 179.4 179.2 178.4 177.5 176.5 175.3 173.6 171.9 170.2 168.4 168 168.5 168.6 167.6 166.3 165.1 164.7 164.2 163.7 161.4 159.8 157.9 155.4 153 151.4 149.1 146.7 144.1 144.1 144.1 144.1 144.1 144.1 148.1 148.1 148.1 147.1 146 144.7 144.4 143.8 143.7 144.4 145.2 146.1 145.2 145.1 143.5 142.5 141.7 141.3 141 140.9 140.7 140.6 139.8 138.6 138.1 138 137.9 137.2 137.2 137.9 139.4 140.5 141.5 143 143.9 144.6 147.8 153.5 156.4 157.4 160.7
184.3 183.8 183.6 183.9 184.2 183.6 182.2 181.5 180.6 179.7 178.3 176.7 175 173.4 171.7 170.8 170.9 171 169.9 168.5 167.2 166.3 165.8 163.9 160.9 158.5 156.6 154.5 152.6 150.7 148.8 145.6 144.1 144.1 144.1 144.1 144.1 144.1 147.3 148.2 148.2 147.4 146.1 145.5 144.9 144.2 142.7 142.9 144.8 147.4 147.5 145.6 144 143 142.3 141.9 141.6 141.4 141.2 140.7 139.5 138.4 137.2 136.8 137.1 137.7 138 138.5 139.2 140.3 141.4 143.6 145.6 145.4 148.5 152.7 156.4 156.3 158.5
188.4 188.2 188 187.9 187.7 186.3 185 184.2 183.4 182.5 181.2 179.5 177.9 176.2 174.6 173.7 173.2 173.2 172.7 171.2 169.6 168.1 166.2 163.6 160.5 157.2 155.2 153.4 152 150.9 149.5 146.1 144.1 144.1 144.1 144.1 144.1 144.1 147.1 147.9 148 147.6 146.9 146.3 145.6 144.4 142.9 141.4 143 145.6 147.2 145.7 144.4 143.3 142.8 142.5 142.2 141.9 141.6 140.5 139.3 138.1 136.9 136 137.7 137.9 139 139.6 140.1 140.6 141.4 143.4 146 147.7 152.2 153.3 153.2 155.5 158.9
190.9 190.7 190.5 190.4 189.9 189.1 187.7 186.5 186.2 185.3 183.9 182.4 180.7 179.1 178.4 177.6 176.4 175.6 175.6 174 172.2 169.5 167 163.5 159.7 156.4 154.3 152.4 151.4 150.6 149.1 147.2 145.4 144.1 144.1 144.1 144.1 145.2 147 146.9 147 147.4 147.1 146.4 145.6 145.1 143.2 141.5 141.1 142.5 145.3 144.5 143.2 142.8 142.6 142.5 142.5 142.4 141.4 140.4 139.3 138.3 137.2 136.5 137.8 138.1 139.1 139.9 140.6 141.2 141.5 142.7 145.8 148 150.2 151.7 153.9 157.2 159.2
192.9 192.2 192.1 191.6 191.1 190.7 190.4 189.1 188.5 188.1 186.7 185.2 183.6 182.4 182.5 181.6 179.9 179.1 178.3 175.8 173.1 170.4 166.9 163 159.1 155.6 153.3 151.5 150.8 150.1 148.7 147.3 146.8 146.1 144.1 144.1 145.2 146 145.9 145.6 145.7 146.1 147.2 146.5 145.8 145.2 143.6 141.7 140.5 140.3 141.2 141.5 142.1 142.5 142.3 142.3 142.3 142.1 141.3 140.7 139.8 138.8 136 136 137.7 138.2 139.1 139.6 140.4 141 141.2 142.4 144.4 148.2 149.8 151.3 154.5 158.5 160.6
194.9 193.8 193.4 192.8 192.3 192 191.6 191.3 190.8 190.3 189.4 188 186.4 186.5 186.7 185.5 183.6 182.6 180.2 177.1 174.1 169.9 165.8 161.7 157.6 154.4 152.4 150.9 150.2 149.5 148.5 147.2 146.9 146.6 145.8 144.7 144.5 144.6 144.5 144.3 144.5 144.9 146 146.5 145.9 144.8 142.6 141.6 140.5 140.3 139.5 140.4 141.3 142.1 142.3 142.3 142.3 141.7 140.6 140.1 139.7 136.9 136 136 136 139.1 139.6 139.8 140.6 141.5 141.6 142.2 142.8 144.4 150 150.8 153.5 157.2 161.1
195.2 195.3 194.7 194.1 193.5 193.2 192.8 192.1 192.1 192 191.6 190.5 190.6 191 191 189.5 187.5 184.7 181.1 177.4 173.2 168.6 164.1 160 156.9 153.1 151.3 150.2 149.3 148.3 147.5 146.6 144.7 143.7 145.6 143.9 142.2 141.7 141.9 142.2 141.9 143.1 145.1 146.1 145.4 144.1 141.7 141.2 140.6 139.7 139 141.3 141.8 142.4 142.4 142.4 142.3 141.1 140.1 139.2 138.5 136 136 136 139.1 139.5 140.2 140.6 142.1 144.1 142.3 144.6 145.9 143.1 147 150.6 152.7 155.2 161.5
195.3 196.1 195.9 195.3 194.7 194.3 193.4 192.9 193 193.2 193.1 193.1 194 196 196.1 193.2 189.3 185.1 181 176.5 172.2 167.7 162.6 159.1 155.9 152.1 149.6 148.1 147.3 146.4 145.3 143 141.6 141.5 142.3 142.4 139.7 140 140.2 139.6 139.2 139.8 141.2 140.9 141 140.3 140.3 139.9 139.3 137.1 140 142.1 142.6 142.9 142.9 142.7 142.2 141 139.1 136 136 136 136 136 138.7 140.2 140.9 141.7 143.5 145.4 146.6 147 151.9 149 150.7 154.6 155.7 157.4 160.9
