data/260000-840000.asc
ncols 200
nrows 200
xllcorner 260000
yllcorner 840000
cellsize 50
[rows 76 to 113 of 200, columns 0 to 83 of 200]
1.9 1.9 2 2.2 2.5 4.5 5.8 6 6.8 7.6 4.9 3.8 2.1 1.6 1.4 1.3 1.2 1.1 0.7 -0.2 -1.2 -1.5 -1.5 -1.5 0.2 0.1 0 0 0.1 0.2 0.4 0.6 0.6 0.6 -1.4 -1.5 0.6 0.4 0.2 0.2 0.1 -0.1 -0.3 -0.5 -0.7 -0.9 -1.1 -1.5 -1.5 -1.5 -1.5 -1.5 -1.5 -1.5 -1.5 -1.5 -1.5 -1.5 -1.5 -1.5 -1.5 -1.5 -1.5 -1.5 -1.5 -1.5 -1.5 -1.5 -1.5 -1.5 -1.5 -1.5 -1.5 0 0.8 1.6 2.4 4.2 6.3 10.4 21.8 35.2 43.5 51.3
8.2 8.1 7 3.9 7.8 10.6 12.1 10.8 10.4 9.7 7.8 4.9 3.3 2.3 2.1 2 1.9 1.5 0.9 -0.1 -1 -1.5 -1.5 0.8 0.7 0.6 0.6 0.5 0.5 0.6 0.9 1.2 1.2 1.3 -0.7 -1.5 1.3 1.2 1 0.9 0.8 0.6 0.3 0.1 0 -0.2 -0.4 -0.7 -0.9 -1 -1.2 -1.5 -1.5 -1.5 -1.5 -1.5 -1.5 -1.5 -1.5 -1.5 -1.5 -1.5 -1.5 -1.5 -1.5 -1.5 -1.5 -1.5 -1.5 -1.5 -0.5 0 0.7 1.5 2.3 5.6 8.2 11.8 19.2 27.1 42 51.4 55.7 64.5
8.8 8.4 11.1 15.5 19.8 17.6 11.7 13.3 11 11.1 9.2 5.8 3.7 3.4 2.5 2.5 2.5 2 1.1 0.1 -0.8 -1.5 -1.3 1.3 1.2 1.1 1.1 1 0.9 1.1 1.3 1.6 1.9 2 0 -1 2.1 1.9 1.7 1.6 1.5 1.2 1 0.8 0.6 0.4 0.2 -0.1 -0.3 -0.5 -0.6 -0.7 -0.8 -0.8 -0.9 -0.9 -0.9 -0.9 -1 -1.1 -1.5 -1.5 -1.5 -1.5 -1.5 -1.5 -1.5 -1.5 -0.3 0.4 1 1.6 2.2 5.6 7.8 12.9 20.5 27.9 36.8 45.2 54.8 61.1 69.2 78.3
25.4 24.5 26.1 23.9 22.4 20.6 17.7 14.3 12.9 11.8 10.2 6.4 4.3 3.1 3.5 2.6 2.8 2.2 1.2 0.3 -0.7 -1.5 1.6 1.8 1.7 1.6 1.6 1.5 1.4 1.5 1.8 2.1 2.5 2.6 2.6 2.7 2.8 2.2 2.5 2.4 2.1 1.9 1.6 1.4 1.3 1 0.7 0.5 0.3 0.1 -0.1 -0.2 -0.2 -0.3 -0.3 -0.4 -0.4 -0.4 -0.4 -0.5 -0.6 -0.5 -0.5 -0.5 -0.5 -0.1 0.2 0.7 1.2 1.7 2.4 5.6 7.9 14 21.1 29.9 37.4 44 51.6 61 65 72.8 81 89.3
30.3 31.1 30.1 28.2 26.3 23.4 21 17.7 14.6 12.7 13.1 8.6 5.3 4.5 4.8 4.3 4.4 4.8 3.4 1.6 0.6 2.4 2.3 2.3 2.2 2.1 2.1 2 1.9 1.9 2.2 2.5 3 3.3 3.3 3.6 3.7 3.3 3.7 3.4 3.1 2.5 2.2 2.1 1.9 1.6 1.4 1.1 0.9 0.6 0.5 0.4 0.3 0.2 0.2 0.2 0.2 0.1 0.2 0.1 0.1 0.2 0.3 0.4 0.5 1 1.6 2.2 2.8 6.1 8.7 13.4 19.9 29.5 38.8 46 53.9 61.9 64.9 69.7 75.5 82.2 90.1 100
35.5 35.9 34.4 32.3 30.2 27.2 24.2 20.4 17.4 14.9 12.1 10.3 10 5.5 5.5 6.1 6.8 6.4 6.1 5.2 4 3.4 2.5 2.6 2.6 2.6 2.6 2.5 2.5 2.4 2.6 2.8 2.9 3.9 4.8 5.1 5 4.5 4.9 4.7 4.3 3.2 3 3.1 2.5 2.2 2 1.7 1.4 1.2 1.1 1 0.8 0.8 0.7 0.7 0.7 0.7 0.7 0.7 0.8 0.9 1 1.3 1.5 2 3 6.8 9.8 17 24 28.9 38.3 49 55.7 58.8 64.4 70.3 74.8 79.9 84.9 89.8 98.4 104.7
41 40.5 38.6 36.1 34.4 31.4 27 23 19.8 17 14.3 11.6 9.9 13 7.2 8.3 8.1 8 7.3 6.5 4.3 3.3 2.6 2.5 2.5 2.6 2.6 2.6 2.6 2.5 3 3.8 4.5 5.1 5.7 6.1 6.3 5.6 6.4 5.9 5.1 4.5 4.5 3.8 3.4 2.8 2.5 2.2 1.9 1.7 1.6 1.5 1.4 1.3 1.2 1.2 1.2 1.2 1.3 1.3 1.4 1.6 1.8 2.1 2.5 5.4 9.4 23.9 27.5 32.9 41 48.1 55 60.2 65 68.1 72.1 77.4 84.1 89.9 94.8 98.5 105 106.2
45.8 45 43.3 40.8 37.3 34 29.9 25.3 22.2 20.1 17.5 14.9 15.6 14.1 15.4 8.9 9.2 8.8 7.3 5.8 4.8 3.5 2.6 2.6 2.5 2.5 2.6 2.6 2.5 2.8 3.3 4.5 5.8 6.3 6.7 7.7 8.2 7.3 8.1 7.1 6.4 6 5.6 4.9 4.4 4 3.8 3.3 2.5 2.3 2.2 2 1.9 1.8 1.7 1.7 1.8 1.8 1.8 1.9 2.1 2.3 2.5 5.7 8.7 21.3 28.5 31.4 39 44.7 53.1 57.4 62.9 67.2 71.4 76.4 81.1 86.1 93.1 99.5 104.5 107.6 111.2 110.3
50.9 49.4 46.8 44 39.8 35 30.3 26.6 24.4 22.2 21.5 22.8 24 23.9 22.4 15.8 10.3 9.7 9.2 7.2 5.5 4.9 3.5 2.6 2.6 2.6 2.6 1.9 2.4 3.5 4.3 5.5 7.1 8.4 8.8 10.3 10.1 9.8 9.9 9.6 8.7 8.4 8.4 7.1 5.7 4.8 4.4 3.9 2.9 3.1 2.8 2.5 2.4 2.4 2.3 2.2 2.3 2.3 2.4 2.5 5 5.8 9 9.3 27.7 30.6 36.4 43.9 49.9 56 60.2 66.2 70.6 75.1 79 84.5 90.5 95.3 100.8 106.3 110.2 113.9 114.9 112.3
55.1 53.5 50.1 43.8 39.2 34.7 31.3 27.5 25 25.9 25.4 27.4 28.6 28.8 25.8 11.9 16.1 12.3 11.4 14 7.3 5.7 4.6 3.6 2.6 2.6 1.7 2.4 3 4.4 5.4 6.7 8.8 10.3 10.9 11.3 11.1 11.1 11.2 11.6 10.9 10.3 9.4 8.1 6.8 5.6 4.9 4.4 3.8 3.2 3.1 4.1 4.4 4.9 4.1 4.3 4.5 6.3 8.3 10.5 11 12 28 31.7 35.8 42.1 47.7 53.1 58.6 63.5 68.5 73.5 78.6 82.9 87.3 92.6 96.6 102.6 109 115.1 117.9 115.3 116.9 112.5
61 56.2 48.9 42.3 37.8 33.8 30.4 28.1 27.1 27.7 29.3 29.1 29.3 29.4 21.8 14 27.5 17.3 13.1 16.9 10 7.4 5.5 3.9 2.5 2.4 2 2.9 3.6 5 6.3 8.3 10.4 12.2 12.7 13 13.4 13.7 13.2 13.6 13 11.6 10.3 9.2 7.9 6.7 5.7 5.1 5.1 6.5 7.7 9.1 8.7 7.9 10.6 12.4 14.4 15.9 19.3 21.9 27.9 31.4 35.4 39.8 45.4 51.4 56.7 62.1 66.2 71.6 75.2 80.2 85 89.3 94.2 98.8 103 108.4 114.9 121.3 121.7 119.7 118.9 114.1
60.1 54.5 48.3 42.3 36.5 32.8 30.8 29.8 29.3 29.5 29.6 29.4 29.5 29.6 20.8 15.5 28.4 28.1 17.2 15.5 17.2 10.2 7.8 6 3.6 2.3 2.3 3.2 4.4 5.8 7.2 9.3 11.6 13.7 14.3 15.1 15.7 15.1 16.1 15.6 14.8 12.9 11.6 10.3 9 7.6 9.8 11.9 13.6 14.8 15.8 19.6 18.8 20.3 21.4 23 22.1 25.7 29.6 33.5 37.4 40.8 45.2 48.9 53.2 59.3 64.6 68.7 74.2 77.6 81.8 86.7 91.4 95 100 105 109.5 114.2 120.7 124.6 123.6 122.5 120.5 115
58.9 52.5 47.2 40.4 36.9 36.2 37 36.8 34.6 31.6 31 30.6 30.2 29.8 21.9 17.5 29.2 29.2 29.7 18.9 17.2 13.8 11.2 7.6 5.8 3.9 3.4 4 5.2 6.7 8.1 9.6 12.5 14.2 15.7 17.5 18.7 18.2 17.8 16.8 15.6 14.1 13.4 14.1 17.4 18.9 21 23.7 24.6 24.1 23.2 24 24 26 27.9 30 31.6 35.1 38.6 41.8 45.1 48 53.4 57.8 62.2 67.4 71.5 76.2 79.9 84.3 88.6 93 97.2 101.4 105.6 110.9 115.8 120.2 126.5 126.6 125.4 124.2 121.9 115.9
57.6 51.6 46 42.7 42.7 42.9 43.3 41.8 39.1 35.5 32.4 31.9 31.3 30.6 24 20.9 29.7 29.5 29.3 29.2 25.4 17.7 13.6 12.8 7.3 5.3 4.7 6 7.2 7.7 8.9 10.3 13.3 15.6 17.3 19.2 20.7 19.7 22.1 20.7 21.5 22.7 22.6 24 24.4 25.7 27.6 28.3 28.9 28.3 27.6 28.9 30 32.5 35.1 39.3 38.6 42.2 46 49.7 51.8 56.6 61.8 66.3 71.3 74.2 78.3 82.7 86.7 90.6 95.1 99.5 102.9 107.7 112 115.8 121.2 126.6 129.5 128.6 128.3 128.1 125.8 119.7
55.1 52 49.6 49.7 49.8 49.8 47.3 44.6 40.8 37.7 34.3 32.8 32.1 31.4 24.8 27.7 30.4 29.9 30.2 29.6 28.1 21.7 14.1 19.9 17.1 11.2 8.4 9.3 10 10.5 12 12.8 13.2 18.6 19.3 21.8 22.9 23.6 27.9 27.1 26.8 27.7 28.5 28.9 30.3 31.2 32 32.4 32.1 31.5 32.3 34 36.4 39.3 44.3 41.9 44.5 48.4 52.3 55.9 59.4 64 70 74 77.1 80.7 84.9 88.7 92.8 97 101.3 105.4 108.9 113.3 117.6 121.9 126.1 131.1 133.9 134 133.8 132.7 130.2 125.3
55.9 55.9 55.3 55.2 55.1 52.8 50 45.8 42.6 39.5 36.3 33.8 33 32.1 25.2 29.7 31.7 31.3 31.3 30.2 28.8 22.1 17.9 23.8 22.5 18.4 13.9 11.3 14.4 14.6 16.8 19.1 21.8 26.2 29.4 28.7 25.3 23.6 31.4 30.8 31.6 32.5 33.6 33.8 34.2 35.3 35.9 35.6 35.3 36 38.7 42.3 45.5 46.4 48.6 50.4 52.4 55.9 59.8 62 68 71.8 76.9 80 82.4 86.4 90.7 94.8 98.7 103.4 107.7 111.2 114.7 118.9 123.2 127.5 131.8 133.5 136.4 139.3 138.4 137.3 134.7 129.1
59.2 60.8 61.2 60.5 57.8 54.3 51.2 47.8 44.1 41.4 38.8 36.5 34.7 33.2 27.9 30.1 32.5 33.1 31.6 30.1 26 21 24.6 29 28 26.1 22.9 19.7 19.4 21.8 25.1 27.7 30.4 31 32.7 34.2 26.8 30.1 35.9 36.1 36.9 37.6 38.2 38 38.1 39.5 39.2 38.6 40.5 42.6 46.3 49 53.1 52.4 54.3 58.9 61 63.8 67.3 68.6 74.4 78.7 83 86.6 89.1 92.4 96.7 101.2 105.3 109.3 112.9 116.1 120.5 124.5 128.7 132.9 135.6 136.7 137.9 144.2 147.6 149.4 138 128
56.3 58.1 64.2 62.5 59.3 56.3 52.8 49.5 47.1 44.7 43.2 40.9 38.7 33.9 28.2 32.6 32.9 32.3 31.1 29.1 24.4 24.3 23.4 28.1 29.6 30 30 29.6 27.4 31.1 33.5 35.9 36.3 36.7 37.1 38.9 31.5 32.3 39.3 40.6 41.4 41.8 41.9 42.4 42.4 43.3 43 44.6 47.9 48.8 53.5 54.8 58.2 56.7 60 65.1 69.4 71.2 72.9 74.6 81.3 84.2 89 93.1 95.9 99.2 103.3 106.3 110.3 114.5 117.5 120.1 125.4 129 133.5 137.6 138.9 141 143.1 158.1 164.4 155.6 143 124.4
51.7 51.2 58.3 60.7 60.7 57.1 54.7 52.4 49.4 44.2 44.2 42.4 37.1 31 34.2 34.1 34.3 31.7 29.8 28.2 28.3 28.4 29.5 31 33.5 35.9 37.6 38.3 36.8 39.2 41.2 41.6 42 42.5 42.9 43.3 36.9 33.4 42.3 45.2 45.5 45.5 45.6 45.2 45.5 47.3 48 51.3 54.5 56.4 60.9 60.6 60.4 61.3 69.3 75.1 77.1 78.1 78.2 80.2 86.3 91.3 94.9 99.1 102.6 105.6 108.5 111.1 115.4 119.2 122.3 126.3 129.6 132.4 134.7 136.9 139.7 143 153.4 170.7 164.1 149.6 131.4 112.9
57 48.7 48.7 51.8 62 53.2 48.3 46.5 42.4 41.5 40.6 38.4 35.5 36.4 36.8 35.3 34.3 32.5 31.6 30.8 31 32.7 34.3 36.6 40.9 44.4 45.8 46.2 44.8 46.5 47 47.4 47.7 47.9 47.9 48 44.5 36.6 44.5 48.9 49.1 49.2 49.7 48.2 50.6 53.2 55 58 61 62.9 67.2 63.5 65.5 72.1 78.8 82.1 83.9 84.5 84.5 87.7 90.4 97.5 102.2 105.9 108.2 111.3 113.8 116.3 121.2 123.2 127.4 131.1 132.3 133.6 136.1 134.1 135.1 140.4 158.9 164.8 148.6 133.4 118.4 101.3
58.1 49.5 48.7 48.7 49.6 44.3 42.8 42.7 42.6 42.8 41.6 41.9 42.8 47.1 39.7 38.6 37.5 35.2 34.1 34.3 36 39.1 44.5 48.4 50.7 51.7 53 52.5 51.3 51.6 51.5 51.7 52 52.1 52.2 52.3 51.9 38.9 43.4 53.2 52.8 52.7 52.9 55 57.4 58.9 59.4 63.6 66.3 68.1 67 69.9 74.7 80.8 84.1 88.5 88.2 89.1 91.6 95.6 101.5 103.1 108.1 110.7 113.6 116 119.6 122.2 125.8 129.5 132.5 133.7 134.3 133.5 133.5 130.9 128.2 135.2 147.7 150.2 128.7 113.6 101.6 92.6
60.9 53.4 48.8 48.8 50.5 48.3 49.4 51.9 50.9 46.2 45.3 54.3 55.3 48.7 40.9 44.8 41.4 39.3 39.7 42 43.8 46.4 53.9 56.8 57.8 58.7 59.3 59.3 57.1 56.1 56.1 56.1 56.1 56.1 56.2 56.2 55.5 44.4 45.4 56.2 58 57.9 59.3 62.2 63.6 64.6 65.8 68.7 70.3 71.1 71.2 76.2 83.2 88.7 91.1 90.8 93.6 96.8 100.2 103.6 107.4 111.4 112.4 116 118.2 121.4 125 128 131.9 134 135.3 135.9 135.4 133.2 129.8 128.4 127.4 126.2 124.6 122.2 108.3 101.8 92.7 83.7
69.3 68.2 64.3 65.5 58.2 66.2 69.4 69.7 60.3 48 54.2 56.3 53.6 48.6 45 48 44.7 48.7 51.3 55.3 54.5 55.7 61.7 63.1 63.2 64.5 63.9 63.4 62.6 61.7 61.1 60.3 60.1 59.8 59.5 59.5 56.9 43.7 55.9 60.1 62.1 63.7 64.8 66.9 68.2 69.3 71.4 72.4 73.4 75.8 78.8 82.7 88.3 93.2 96 94.5 100.3 104.6 107.8 110.5 112.6 116.1 117.9 120.3 122.4 126 130.5 134.4 136.1 136.6 137.1 137.7 135.7 132.9 128.9 125 122.4 121.8 116.1 108.4 95.9 90.2 82.8 78
98.6 89.5 84.8 79.1 75.2 86.6 88.2 74.1 58.9 55.2 57 59.4 56.3 53.4 52.5 51.5 55.6 60.4 63.2 65.2 65.4 68.1 68.7 69.3 69.1 68.6 68 67.7 66.6 66.3 66 65.5 65 64.5 64 63.6 57.6 41.4 60.3 64.5 66.1 67.6 69.4 71.3 72.9 74.3 75.5 76.4 81.7 85.1 87.2 91.2 94.4 95.9 98.1 103 107.4 109.5 113 116.7 118.5 119.4 121.9 124.1 127.3 131.3 135.2 139.1 140.1 140.3 140.8 140.7 138.9 133.8 128.9 125 120.8 115.8 108.8 102.4 95.3 85.4 82.9 77.6
109 98.3 86.4 80.1 81.5 96.1 90.3 73.2 54.6 60.4 63.4 63.1 61 59.6 61.1 65.3 68.5 71.4 72.8 73.9 73.9 74.4 74.6 74.4 74 72.7 72 71.6 70.9 69.5 69.2 68.9 68.6 68.3 68 67.8 55.1 48.4 68.6 70.7 73.2 72.8 73.9 75.8 77.6 77.9 79.5 84 87.4 91.9 95.8 99.3 99.3 102.7 105.4 108.8 112.8 116.2 118.6 122.2 124.8 126.1 127.2 129.7 133.9 137.4 140.8 143.6 145.4 144.8 143.3 142.5 142.6 137.9 132.8 127.6 122.1 115 106.4 97.8 95.4 91.1 85.5 80.6
113.7 102.9 94 86.6 79.6 86.6 92.2 74.1 61.5 64.5 68.4 67.9 68.1 71.2 72.7 75.7 77.7 80 80.7 80.2 80.1 80 79.5 79.3 78.8 77.9 76.4 75.1 74.2 72.9 72.5 72.2 71.9 71.6 71.8 70.3 53.5 58.4 75 74 78.6 78 79.1 80.5 82.4 82.2 87.3 93.3 94.9 99.2 102.2 103.1 106.7 110.2 111.3 110.3 116.5 121.4 124 126.9 129.9 131.4 132.6 135.6 139.2 144.3 145.8 147.1 148.6 148.2 146.8 148 145.9 142.1 136.9 130.3 125 121 112.5 103.2 100.4 92 86 81
116.9 114.6 107.3 92.8 83.4 80.8 78.2 73.8 75.1 74.4 74 75.5 80.7 81.8 83.9 85 85.9 87.3 86.9 86.4 86.4 85.7 84.8 84.2 83.4 81.4 79.5 78.2 77.1 76.4 75.7 75.4 75.4 75.8 76.4 72 53.1 68.1 78.8 79.2 81.3 82.6 83.3 87 87.9 90.1 95.5 98.9 101.9 103.7 107.8 111.2 113.8 115.9 120.1 120.8 122.5 123.3 128 130.7 133.4 135.8 137.8 141.7 145.7 149.5 151.1 152.9 153.7 152.7 151 148.7 148.4 145 138.5 131.8 126.7 119.6 112.9 105.8 98.4 90.9 84.8 79.7
135.4 131.2 122.3 105.7 93.3 88.8 85.8 81.3 83.6 80.4 79.2 84.1 89.7 91.3 92 92.9 93.5 93.5 93.1 92.7 92.2 91.1 89.7 88.1 86.3 84.2 82.8 82.2 81.1 80.1 79.5 79.7 80.2 80.8 80.4 72.3 55.9 80.5 83 83.8 85.9 87.4 90 91.2 94.9 99.1 101.6 106.7 109.3 109.3 113.4 118.9 120.2 120.5 125.1 126.4 130.2 128.7 132.8 134.6 137.3 139.8 143.6 147.9 152.2 155.5 158 157.1 158 157 155.3 152.9 152.4 145.5 139 133 127.6 121.3 113.1 104.4 95.8 89 83.2 78.1
144 140.5 129.9 118 104.7 93.6 90 88.8 89.1 90.1 93.6 95.7 100.5 96.7 98.9 99.8 99.9 99.3 98.9 97.6 95.5 93.9 92.4 90.4 88.4 86.6 87.1 86.4 85.4 84.7 84.6 84.6 84.8 85.2 83.8 74.4 63.9 86 87.4 89 91.1 95.6 98.4 100.3 102.2 105.9 108.1 111 113.5 115 120.9 125.8 126.1 127.7 129.4 130.6 132 135.8 138.7 139.4 144.4 147.1 151.1 155 159.9 161.6 163.1 162.4 161.6 160.6 159 155.8 150.9 145.9 138.5 131.6 125.2 118.1 108.6 99.4 92.2 85.2 80.2 77.5
145.5 143.9 132.6 119 110.8 100.8 98.4 95.5 98.9 102.4 100.8 101.1 104.9 104.7 105.8 107 105.6 104.9 103.3 100.6 98.8 97 95.1 93.1 91.4 89.8 89.7 89.8 89.8 89.8 89.7 89.7 89.6 89.6 89.1 73.8 65.4 84.1 93.5 93.4 96.2 99.9 102.6 104.9 109 111.7 114.4 117.8 120.4 121.2 126.2 130.9 130.1 133.4 133.9 136.9 138.8 141 143 144.8 151.5 155.7 159 162.3 165.8 167.5 168 166.6 163.4 160.9 158.9 157.1 150.7 144.3 138.1 130.1 121.5 113.1 103.8 95.4 88.4 82.8 79.8 76.2
146.1 141.2 132.2 119.4 111.2 104.4 104.6 102.8 103.4 105.8 107.9 109.5 110.8 111.2 111.8 111.7 110.3 108.8 106.4 103.6 101.9 100 98.2 96.1 94.6 93.7 93 93.4 94.1 94.2 94.1 94.1 93.6 93.8 76.4 69.1 81 87.6 94.5 99.6 100.6 104.3 107.3 111.6 114 117.4 119.7 122.9 127.3 127.5 132.5 135.3 136 137.2 137.3 140.8 144.5 148.7 149.4 153.1 158 161.9 165.7 168.9 171.5 171.2 170.6 169.3 168.9 165.9 161.3 154.2 151.7 143 135.2 126.9 117.8 108.8 99.4 92.5 85.7 81.9 79 75.2
145.1 138.4 130.7 120.9 109.5 106.4 107.2 107.3 109.1 113.5 118.4 118 117.1 116.1 117.1 115.2 114 112.1 109.1 106 104.3 102.7 101.1 99.7 98.5 98.3 98.1 97.7 98 98.4 98.4 98.1 97 88.5 71.4 80.7 97.9 100.5 96.7 104.4 107.9 110 113.3 117.9 120 121.1 123.9 129.3 132.8 133.6 137.2 140.8 140.7 141.1 142.7 145.1 148.7 152.7 156.3 159.9 164.1 167.8 170.9 173.3 175.2 175.1 175.2 173.9 171.5 170.4 163 154.7 146.7 138 130.5 121.6 113.1 103.7 95.5 89.7 84.1 81.4 79.4 77.6
144 136.4 130.4 117.8 108.1 112.3 110.2 113.9 120.2 122.6 124 121.6 121.7 120.6 120.2 118.8 117.2 115.5 112.7 109.5 107.9 106.3 105.1 104.3 103.7 103.5 103.3 102.9 102.6 102.5 102.4 101.6 100.2 78.2 79.3 99.6 102.8 104.4 107.1 110.1 112.5 115.5 119.9 123.6 126.2 126.4 129.3 134 136.7 138.8 142.3 143 144.3 145.6 146.6 149.6 153.9 157.3 161.5 166 170.4 173.6 176.6 177.8 179.7 180.3 180.2 177.5 174.5 167.5 160 150.9 141.2 133.5 126.5 114.8 106.6 98.5 91.6 87 83.8 81.9 80.9 75.1
144.3 136.6 127.4 114.3 113.1 115.4 116.8 123.1 126.1 127.6 127.1 123.7 125.5 124.4 123.5 122.1 120.4 118.7 116.3 113.4 111.4 110.4 109.5 108.7 108.5 108.1 107.4 106.9 106.4 105.5 105.1 102.5 82.5 76.1 94.6 106.4 107 108.9 111.4 114.8 119.5 122.2 125.4 127.9 130.4 133.6 134.1 139.5 142.1 143.9 146.7 146.6 147.8 149.5 151.5 154.7 160 164.7 169.3 172 176.2 179.2 181.4 183.9 186 185.9 183.2 178.6 170.7 163.6 156.3 146.5 137.3 127.6 120 109.9 101 94.8 89.4 86.4 84.5 82.3 80.2 75.7
147 137.4 127.5 119.2 120.9 121.4 125.9 129.8 130.3 131.5 131.6 128 128.6 128.3 126 124.4 122.9 121.2 119.7 116.9 115.5 114.5 113.6 113.1 112.6 111.7 111 110.5 109.7 108.8 107.6 93.6 77.7 96.6 110.1 112.2 112 114.6 117.5 120.8 124.5 127 131.3 133.3 136.5 139.3 139.4 143.3 146.4 150 150.1 150.4 152.3 153.5 156.4 161.7 168.2 172.6 175.3 178.3 181.2 183.8 188.1 190.3 190.4 188.9 185 174.3 167.5 160.3 151.3 140.4 131.7 123 114.4 104.9 97 91.5 88.7 87 85 82.4 77.4 74.1
149 138.7 130.5 122.2 126.8 130.4 133.6 134.4 134.6 135.8 135 132.3 131.5 131.2 128.8 126.8 125.3 123.9 122.5 120.8 119.3 118.4 118.3 117.1 116.2 115.4 114.7 113.9 113 111.8 106.5 82 98.1 105.5 114.8 117.1 117.5 120.2 123.5 126.4 128.8 132.1 137.4 138.9 141.8 146 144.2 147.8 151.1 153.4 154.5 154.4 155.8 158.4 163.9 167.7 173.5 177.4 181.2 184.5 187.7 190.9 194.9 196.1 192.2 189.1 178.5 172.2 164.3 156.3 145.1 135.5 128.2 118.1 108.3 100.5 94.7 90.8 88.5 85.9 85.1 78.2 77.7 73.4
151.7 141.3 131.8 126.7 135.4 137.2 138.3 139.7 138.9 138.5 137 135.3 134.9 134 131.9 130.4 128.6 127.3 126.2 124.9 123.3 122.3 121.6 120.7 119.9 119.1 118 116.9 115.8 114.7 96.6 93.2 103 117.6 118.9 120.1 122.6 124.8 126.9 130.5 135.9 138.2 142.8 145.1 146.7 148.8 148.4 152.8 155.2 156.8 158 158.7 160.6 165 170.2 174.7 178.7 182.6 185.8 190.8 195.3 198.9 201.2 196.5 188.5 182.3 177.1 168.4 160.3 150.7 140.1 132.2 122.5 112.2 102.8 97.1 92.4 88.9 86.4 86 85.5 78.3 75 69.6
152.5 142 132.7 137 141 141.8 142.1 142.3 142.7 140.9 140.6 133.8 138.8 137.3 135.7 133.8 133 131.3 129.9 128.5 127.3 126.2 125.1 124.6 123.9 123.1 121.9 120.4 119 118.6 99.1 106.3 120.7 123.8 123.1 124.8 127.1 129.5 132.4 136 141.5 145.7 147.8 150.9 152.7 150.5 153.9 156.5 157.9 158.9 161.9 163.2 167.3 171.5 176.4 179.4 183.1 186.6 190.4 196.9 202.3 202.8 195.1 190.7 183.7 176.8 169.2 160.6 152.7 142.6 135 124.8 115.1 106.1 98.6 88.2 90.6 88.4 85.9 85.6 85 81.2 73.3 69.8
