data/260000-770000.asc
ncols 200
nrows 200
xllcorner 260000
yllcorner 770000
cellsize 50
[rows 70 to 104 of 200, columns 78 to 155 of 200]
688.9 693.1 699.2 705.7 709.5 713.3 716.7 719.5 721.2 722.5 722.8 722.1 718.7 707.6 699.3 704.9 718.3 730.1 745.3 763.7 784.8 804.1 823.5 847.1 868.2 882.6 893.3 901.9 907.5 912.8 914.8 904.3 871.1 843.3 827.2 814.8 799.1 780.8 769.6 761.6 765.7 783.5 794.6 794.2 776.9 756.6 767 798.5 828.3 853.3 859.9 852.3 842.2 832.1 819.4 806.4 792.9 779.2 765.5 754.2 745.7 737.9 732.3 729.4 728.3 728.7 729 728.3 725.1 736.2 752.3 768.9 786.1 798.5 810.1 817.4 825.3 830.4
683.7 689.1 695.3 700.1 705 708 711.1 713 714 714.6 715.4 714.7 709.2 698.3 694.8 711.7 722.9 734.3 750.6 767.9 789 809 831.1 855 872.2 885.8 895.5 904.1 908.6 910.7 912.8 904.6 871.8 843 822.8 810.7 794.8 777.3 753.6 750.6 752.3 764.1 772.1 770.8 757 740.9 762.7 790.9 819.2 843.1 846.5 837 826.1 815.8 802.7 788.4 773.4 759.7 747.3 737.4 728.7 722.9 720.5 719 718 717.1 713.5 709.9 721 743.5 760.2 775.3 787.2 796.2 800.3 805.3 809.6 812.4
682.5 683.5 689.7 695.5 700 703.1 705.8 706.3 706.2 706.3 707.4 703.4 693.6 687.1 694.7 707.9 721.7 735 750.8 771.5 792.4 812.4 836.6 860.6 875.5 888.7 898.5 905.6 908.3 908.3 910.5 907.5 876.6 845.1 822.9 809.1 794.9 776 756.2 736.5 737.9 745.2 752.6 750.4 742.5 725.6 757.3 784.2 811.2 831.5 832.1 822.8 812.4 799.6 785 769.5 754.3 742.2 731.5 722.8 715 712.7 709.9 708.7 705.9 697.6 704.8 722.8 736.9 754 770.3 781.6 788.7 795.3 791.1 789.4 794.3 795.3
676.9 680.9 685.3 687.5 694.6 698.4 699 699.3 699.8 699.2 697.5 687.4 681.6 693.5 702 712.9 725.7 740.6 758.4 776.1 795.8 815.9 841 863.5 879.5 890.9 899.8 905.8 906.8 906.4 906.6 904.8 884.1 852 826.2 809.6 796.6 778.6 757.2 733.6 723.8 729.9 734.3 739.2 727.3 719.4 749.8 777.1 804.1 819.1 817.1 809.1 796.4 782 765.8 750.3 737.3 725.7 715.8 707.9 699.9 700.1 697.2 694.6 689.1 702 717.8 731.5 748 766.5 780 788.8 793.6 785.8 784.9 778.3 781.4 780.3
670.3 672.4 679 685.9 689.4 691.5 691.4 692.4 693.3 692 682.6 676.5 687.2 700.4 710.7 720.8 730.6 743.4 760.1 778.9 800.7 820.9 844 866.6 884.2 895 900.3 903.7 903.5 901 899.2 898.5 891.8 861 831.6 809.8 796 780.1 763.5 739.9 714 716 717 723.9 716.6 711.6 740.1 768 794.6 804.4 800 791.6 779.4 763.6 747.7 733.5 721.1 708.9 700.4 694.7 688.6 686.2 680.9 680.1 697.7 713 727 743.5 760.4 777.4 788.8 796.2 791.6 784.7 770.7 766.3 765.4 766.4
669.6 671.1 676.6 678.9 680.7 685 684.9 686.5 686.1 681.8 671.4 681.2 696.8 705.1 713.2 723.2 734.3 747.6 764 783.6 805.5 828.4 850.3 871.2 887 897.3 901.1 899.9 896.9 892.8 891.2 889.8 886.6 868.8 834.1 808.5 794.8 780.5 764.2 746.2 725.9 701.9 702.7 708.1 699.5 705 730.1 757.8 779.3 785.5 782.5 772.1 759.2 744.6 729.2 717.1 707.1 696.3 687.2 682.6 678.1 675.4 675.7 691.6 706.7 722.8 739.4 756.2 773.1 788.2 796 798.5 789.9 778.9 765.6 750.6 752.3 749.1
661.8 667.8 667.9 675.7 679.2 680.4 680.7 679.7 676.2 670.2 672.2 681.1 696.2 705.3 714.3 724.5 736.8 750.9 769 789.6 811.7 833.7 854.1 872.5 885 893.9 896.2 894 888.5 885.1 883.5 880.9 876.8 866.4 836 806.6 792.7 777.4 761.1 746.4 730.5 712.8 698 689.3 690.4 695.3 717.7 742.9 759.7 763.4 759 749.2 736.9 723.1 711.9 701.6 691.3 682.7 675.4 671.5 666.5 665.5 683.1 699.6 716.7 735.1 751.9 768.6 786.1 798.1 799.9 798 786.9 772.4 758.9 750 739.7 734.9
660.4 661.9 664.6 669.7 672.3 673.3 672.6 670.4 664.6 664.2 675.9 688.4 695.9 705.6 715.5 725.3 740.1 755.5 775.7 796.4 817.6 837.9 856.3 872 882.5 888.4 889.8 886.2 880.5 875.1 870.9 868.3 864 854.1 831 803.3 788 772 755.9 742.6 729.2 716.7 705.3 692.4 673.3 683.2 702.6 725 737.8 741.2 736.5 726.8 715.2 704.1 694.4 684.7 676.9 669.3 663.6 656.9 660.5 676.8 691 707.7 727.7 747.3 764.1 780.7 798.5 802.7 801 795 783.5 769.7 757.1 748 739.4 733.3
654.2 658.9 662.3 663.8 665 665.9 663.8 659.4 657 665.8 668 684.6 695.9 706.4 716.5 730.2 745.2 761 781.2 801.2 821.6 842.4 858.9 871.3 879.5 883.3 882.8 877.9 871.8 865.4 860.2 854.9 849.1 838.5 819.3 792.7 777.2 762.3 748.6 735 724.2 712.3 705.5 697.5 680.9 661.9 686.6 706.2 718.5 721 714 705.6 696.7 687 679.2 671.3 663.4 657.6 651.1 652.8 668.5 684.5 698.3 718.2 738.2 758.2 775.4 794 811.2 809.2 801.3 792.2 782.8 769.2 757.3 745.4 735.5 728.8
648.8 653.6 656.7 658 659.5 657.6 653.8 649.9 657 666.1 671.3 685.4 698.4 706.7 718.6 734.3 749 765.5 785.8 804.2 822.9 842.4 857.8 869.5 876.3 877.5 875.5 869.5 861.6 853.9 845.2 839.5 833.4 821.7 804.4 779.7 765.5 751.3 737.7 724.9 713.9 707.2 703.2 699.5 683.5 658.6 668.6 687.7 701.8 700.2 693.8 687 680.8 672.7 665.2 659.2 653 646.1 645.2 661.1 677 691.6 707.2 727.7 748.1 768.3 788.3 806.8 821.9 814.8 807 796 783.4 772.3 761.2 748.1 736.2 725.7
644.2 648.1 650.6 651.9 650.8 648.2 647.7 652.5 657.8 666.1 673.6 692 700 707.4 719.2 734.9 752.5 769.6 789.7 807.6 824.1 840.5 855.5 866.5 870.6 869.7 865.7 859 850.3 840.5 829.4 823.3 816.2 805.7 789 767 753.8 738.2 723.5 713.4 706 701.3 700.5 697.3 684.8 664.1 648.9 668.2 680.7 680.9 674.1 670.4 665 660.2 653.3 647.3 642.8 639.2 653.1 669.7 685.2 697.7 716.1 737.3 757.9 779.1 800.9 820.3 832.3 823.7 814.9 805.3 789.3 774.7 761.9 749.7 739.6 729.3
639.3 643.1 644.9 645.1 642.2 639.3 648.9 653.2 658.2 667 674 688.9 700.5 707.3 716.9 735.5 753.5 772.1 791.3 807.9 823.6 838.4 850.9 860 863.1 860.5 855 846.8 837.3 825.6 815.6 808.7 801.5 790.8 774.9 755.6 741.6 723.9 711.5 700.9 695.2 693.8 696.1 695.2 686.1 670 647.8 652.2 659.6 660.3 657.7 654.6 652 647.5 640.7 636.6 635.4 648.3 665 679.7 695.7 710.9 728.4 747.8 766.8 789.8 812.6 833.1 844.6 835.7 823.3 810.9 796.6 780.3 767.4 753.9 743.4 734.1
634.4 637.7 638.9 638.5 636.9 641.3 645 650.1 657.4 665.8 676.9 690.7 701 708.6 720.1 735.9 755.1 773.9 792.2 807.5 821 833.3 844.2 851.2 853.6 850.7 842.6 834 822.4 810.9 802 794 786.4 773.8 760.4 744.2 727.8 711.4 700.6 690 687.2 687.6 691.5 691.8 684.1 672.5 654.4 635 643.4 646.5 644.2 642.1 638.9 634.1 629.4 630.7 645 660.8 675.3 690 705.1 723.2 741.5 759.3 778.6 801.7 824.3 844 858.2 849.4 832.8 818.7 804.7 789 773.2 759.5 746.9 738.5
629 632.2 632.6 633.1 632.5 637.3 640.6 649.1 657.9 667 676.4 688.9 699.9 709.9 723.7 738.5 755.6 773.1 790.5 804.5 814.9 825.7 835.7 840.6 842.3 838.8 830.1 818.3 808.2 798.1 787.9 780.6 770.8 759.2 746.8 732.1 716.1 701 692 682.9 678.4 681.2 685.7 684.8 678.6 668.3 654.6 635.6 630.7 634.4 633.5 631.7 628.9 624.8 626.7 639.5 655.8 670.9 685.9 701.2 717.4 735.7 754.1 773.4 794 816.6 837.4 854.7 868.1 859.8 843.6 827.1 811.8 796.4 778.7 764.9 751.4 742.3
624.3 626 626.3 623.9 630.6 634.9 640.5 645.7 654 663.5 676.4 686.5 700 711.1 725.8 741.1 753.5 768.7 784.9 798.7 808.4 817.4 825.1 829.7 829.5 824.8 817 806.5 795 781.3 774.5 769 758.1 746.3 734.8 720.7 706.2 691.9 682.2 674.7 670.5 673.8 676.8 675.7 667.8 660.5 649.3 639.3 624.1 625.3 623.7 619.9 624.1 620.6 633.8 650.9 666.6 680.5 695.4 712.4 730.2 749 767.6 787.4 808.4 828.7 848.9 865.4 875.9 872.3 855.3 834.9 818.8 802.9 787 769 756.2 746
613.3 615.3 619 621.9 623.3 630.2 638.3 640.9 644.6 655.5 672.9 684.3 698.7 710.9 723.7 737.5 744 756.6 772.3 787.9 797.6 807.1 814.1 815.7 814.1 811.1 803.7 793.3 778.8 770 764.2 758.2 748.1 735 722.4 711.2 697.3 684 674.1 665.6 662.5 664 665.7 663.5 657.5 651.8 643.3 635.2 619.7 619.7 618.1 620 615.7 625.1 640.1 658.5 674.7 688.8 704.7 722.9 742.3 761.7 781.4 800.9 821.7 841.4 859.1 872.4 880.5 877.2 864.2 844.2 826.4 811 793.3 775 761.7 750.9
620.3 622.8 624 624.6 624.5 623 627.1 631.6 651 657.6 670.2 674.7 694.4 707.6 718.2 732.2 744.1 756.1 765.3 776.9 786.1 795.5 800.4 802.7 801.3 798.5 791.4 779.2 768.1 761.2 754 747.3 738 725 712.6 700.9 689 676.8 666.9 658.2 654.4 654.8 655.6 653 648 642.5 635.6 626.9 614.4 615.7 616.5 615.7 614.4 632.5 652.3 667.7 681.3 696.7 713.8 733.2 752.3 772.4 793.3 813.6 834.2 850.7 865.1 874.2 879.8 876.8 868 852.3 834.1 819.6 802 783.3 769 757.7
618.5 621.6 622.5 623.9 625.6 627.3 625.4 637.7 641 656.7 671.8 683 697.3 707.2 721.1 725.9 737.5 747.7 758.5 769 777.4 785.7 790.3 793.7 793.8 790.1 780.9 771.6 760.9 752.6 744.7 736.5 728.8 717.8 705.5 693.2 682.3 670.7 660.4 651.6 642.7 647.3 645.8 643.3 638.5 633.2 621.1 616.8 609.4 611.3 610.5 610.4 623.5 643.6 661 676.5 691.8 706.6 722.4 742.5 762.6 784 805 825.1 843 856.2 865.7 871.5 872.7 870.3 864.2 852.3 840.3 827.6 813.8 793 778.1 768.2
615.5 620.3 621.5 622.8 624.6 627 624.6 632.9 641.7 655.2 664.4 684.3 697.4 706.7 715.5 723.7 730.5 739.2 750.2 760.4 769 776.4 781 784.8 785.5 781.5 774.2 762.4 753.2 743.8 736.2 729 720.7 710.5 699.4 687.1 675.8 664.8 654.4 647.1 639.9 636.6 634.7 632.9 629.6 621.2 612.9 608.5 604.9 607.1 604.5 617.5 635.1 653.1 668.4 683.9 699.4 716.7 735.1 752.5 773.9 795.4 813.4 832.2 844.7 853.6 861.3 863 861.5 858.3 852 845.3 839.2 831.7 816.6 800.3 786.5 774.6
619.2 617.5 620 621.2 622.5 625.2 627.9 633.1 637.1 651.8 665.8 679.7 694.3 704.4 712.8 718.6 724.1 729.7 741.1 751.8 760.5 767.1 772.2 776.5 776.6 773.2 764.9 754.3 745.5 734.4 728 721.4 712.9 703.3 693.3 681.1 669.9 658.8 650.6 644.4 636.2 621.5 624.8 622.9 618 608.9 606.7 603.8 602.3 600.3 610.4 627.8 645.8 661.9 677.5 692.9 708 726.4 744.7 764.9 786.6 805.2 820.9 834.4 840.3 846.7 851.2 851.5 849.1 844.6 840.6 835.5 829.5 827.3 818.8 804.7 791 776.6
619.5 620.3 619.3 619.1 620.1 624.2 627.4 634.9 637.7 652.2 665.8 681.6 688.2 699 706.7 711.8 718.1 724.8 731.5 743.4 751.8 756.2 763.5 769.5 768.6 766.1 756.7 746.4 736.2 727.3 719.1 712.9 705.6 696 686.3 675.1 663.9 653.8 646.5 638.8 630.2 619 613.9 610 605.3 602.9 601 599.5 598.8 604.5 622.1 639 656.5 672 687.4 703.5 720.5 736.4 754.6 775.2 797.3 812.2 825 832.9 837.3 840.3 840.1 837.8 835.6 832.2 828.6 825.3 820.2 818.2 815 805.9 793.5 781.1
617.6 619.4 615.9 615.8 616.4 621 625.9 634.9 640.6 647.4 658.5 670.6 683.9 694.9 697 702.4 710.9 714.8 721.7 731.5 740.8 751.9 758 761.9 762.8 758.8 750.1 740.8 728.2 717.7 710.6 704.7 698.3 688.4 679.7 668.8 659.8 650.9 642.3 633 624.2 614.8 602.4 599.8 599.2 596.8 593.9 594.5 600 618.7 635 651.3 667.9 683.3 699.7 716.2 733.4 750.2 767.8 788.2 805.4 818.2 828.1 833.7 835.1 835.6 833.1 830.3 826.6 821.5 816.6 811.5 809.7 809.4 809 803.9 794.3 781.6
615.3 616.4 613.7 613.3 614.7 618.9 625 634.2 642.3 651 660.9 665.6 681 690.2 698 695.2 700.9 703.2 715.5 729.8 737.2 744.3 751.5 755.5 757.1 752.7 744.4 734.6 719.8 708 701.2 696.9 690.5 682 674.1 663.8 656 645.6 636.1 627.3 615.7 603.2 598 597.3 595.6 591.1 591.5 599.7 612 630.4 647.2 663.6 679.8 696.4 712.7 729 746.2 764.6 782.2 798.9 812.5 821.2 829.3 831.6 831.2 828.8 826.4 822.6 817.7 811.8 806 801.5 800.4 800 800.8 798.3 791.2 779.5
610.8 612 610.1 609.6 612.9 616.1 623.8 633.6 638.1 644.8 656.4 666.6 679.2 689.1 693.6 697.4 699.6 702.4 711.2 726 731.6 736.6 743.5 749.3 751.3 748.1 739.2 728.7 715.1 699.5 691.3 687.1 682 676.1 668.4 660 651.1 638.3 629.4 620.7 608.5 598.4 593.3 592.6 590.8 588.3 595.8 609.7 624.3 642.2 658.6 674.2 692.9 709.5 725.8 743.4 761.9 779.1 796.1 808.7 816 823.5 827.3 828.2 826.1 823.4 819.7 814.8 809.3 802.4 795.2 791.7 790.6 790.6 790.6 790.4 786.3 776.1
610.2 609.4 606.4 605.3 608.6 612.7 620.9 630 638.3 648.8 655.1 664.5 674.3 680.5 687.6 693.7 700.6 700.4 706.8 716.6 726.4 733.1 738.6 742.3 745 742.8 734.5 721.8 707.9 693.5 684.1 676.7 670.5 664.4 657.3 650.3 640.7 629.8 620.5 612.6 600.2 591.2 590.1 587.3 585 589.5 605.9 621.6 636.8 652.5 668.4 684.8 702.9 722.6 740.7 758.5 778.5 793.5 805.2 813.9 818.1 820.6 823.5 823.1 820.4 817.4 813.3 807.7 799.8 792.2 786.7 783.6 781.3 780.5 781 780.2 779.8 773.4
606.8 605.9 602.7 600.8 603.4 609.7 617.4 625.9 635.5 647.3 654.9 662.3 670.1 681 688.2 691.3 696.1 699.2 703.6 712.8 720.4 726.1 729.7 736.4 740.1 738.8 729.4 716.1 701.5 687.8 677.3 668 660.9 652.6 646 639.6 630.3 619.3 610.1 599.5 590.8 583.5 586 583.8 588.4 601.3 616.6 633.5 648.8 664.5 680.9 698.6 716.8 736.6 755 774.1 788.4 800.2 809.3 814.3 816 818.2 819 818.7 815.2 810.8 805.4 798.5 790.2 783 778.9 775 773.5 772.3 771.9 771.6 771.4 769.7
599.6 600.8 598.7 596.5 599.1 605.6 613.3 622.6 631.6 640.2 650.2 660.5 669.1 677.5 682.7 684.9 690 695.3 699.5 706.7 714.4 719.4 725.5 730.2 734.8 732.8 723 710.5 696.6 682.4 671.9 662.5 651.7 641.9 635.1 629.7 619.8 609.7 598.8 590.5 584.9 580 581.1 585 598.9 611.5 628.8 645.2 661.6 678.2 695.8 712.6 731.1 750.7 771.7 785.3 794.4 805.1 811.4 813.7 814.9 816.5 816.1 814 809.4 803.6 797.3 789 781.4 775.8 771.8 767.7 766.1 765.7 765.6 764.8 764 763.2
591.8 593.7 592.9 590.6 593.3 600.5 610.3 619.9 628.6 638.7 646.5 656.3 666.4 674 676.6 679.6 681.3 687.9 696.4 701.4 708.6 715.4 720.7 725.5 729.8 725.7 715.6 704.1 691 677.1 666.4 655.8 644.8 634.7 624.7 618.6 608.8 598.3 589.6 585.8 577.8 579.9 584.8 596.4 610.5 625.2 641.1 658.4 676.1 694 712 729.2 745.4 763.7 782.6 791.6 800.3 806.6 810.3 813.6 815.3 815.3 813.3 808.4 802.5 796.3 788.6 781.8 775.5 770.1 766.3 762.6 760.7 760.4 760.8 759.9 759 757.7
584.3 586.2 585.7 582.2 586.8 594.8 606.2 616.7 626.3 636.3 642.8 652.1 663.4 668.5 672.5 676.3 680.6 684.3 691.2 699.6 703.1 708.9 714.1 717.8 720.3 717 706.6 695.9 684.5 671.3 660.1 650.5 637.6 626.3 615.9 606.3 597.4 587.9 583.7 578.8 575.8 583.2 594.4 607.4 623.3 637.7 655.2 673.1 691.6 710.6 729.7 746.3 763.8 778.3 786.3 795.3 803.6 805.3 806.9 810 811.2 810.2 806.4 802.3 796.7 790.6 784.1 777.9 770.6 766.6 762.9 758.9 757.8 756.8 755.8 754.8 753.4 751.9
575.3 576.1 577.1 573 579.2 590.2 601.5 613.6 623.9 634.2 642.6 648.7 658.9 662.7 667.2 671.1 675.5 681.5 686.8 691.3 696.6 705.8 709.3 712.4 713.2 708.8 698.9 688.1 677.6 665.7 653.1 642.7 628.1 618.2 608.4 594.7 586.9 580.7 576.5 572.3 576.8 590.9 605.5 619.5 634.9 651.9 669.9 690.1 709.3 728.4 747.4 767.4 779.4 785 788.2 794.5 800.1 801.3 802.8 806.3 807.3 805.5 802.2 798.2 792.3 786.4 780.1 773.9 768.6 764.4 760.3 756.2 754.4 753 751.9 749.9 748.4 746.7
564.3 564 565.1 563.9 569.5 582 597.3 609.1 621.5 630.5 638.4 647 655.6 660.2 663.7 666.2 670.2 676.3 682.3 686.8 692.4 701.4 704.5 706.6 705.9 699.8 690.2 680.8 669.7 660 648.7 639.7 626.1 613.1 599.2 587.2 581.7 573.2 570.6 573.9 587.2 601.2 616.5 631.8 647.3 666.3 686.1 707.7 727.5 746.2 767 779.4 783.8 788.3 790.6 792.2 796 797.7 798.9 802.5 806.5 803 799 794.4 789 783.6 777.2 770.9 766.2 762 757.8 753.8 751.6 749.7 747.6 745.6 743.5 741.8
548.6 552.6 552.3 553.6 562.4 574.9 590.6 603.4 615.5 624.4 633.2 643.1 651.5 656.4 660.3 662.1 664.1 671.2 678.5 682.3 687.8 693.8 698.2 698.2 696.5 689.1 677.6 666.5 654.4 645.8 638.3 631.3 618.3 605.9 588.9 581.7 575.5 567.5 571.4 581 596.3 612.2 628.3 644.4 661.7 682.1 702.3 723.4 744 763.7 778.7 783.8 786.4 790 791.7 792.5 793.8 795.3 795.2 799.1 801.5 801.2 797.2 792.1 786.2 780.7 774.5 769.3 764.4 759.5 755.3 751.5 749.1 747 744.2 742.2 739.8 737.5
534.7 543.7 539.8 546.5 555.6 566.8 581.4 596.9 609.1 621 631.7 638.7 645.7 652.5 655 654.7 657.2 663.5 667.8 675.3 682.4 687.7 690.3 687.8 683.8 675.3 663.5 652.6 643.3 634.5 625.8 616.5 605.5 591.9 581.4 576.6 568.4 566.1 576.2 590.5 607 623.8 641.5 658.8 676.2 696.6 717 738.1 758.4 777.9 784.4 787.1 788 789.9 791.3 791.6 792.3 792.5 791.8 794.1 796.6 798.3 794.8 789.9 784 778 772.5 767.6 762.7 757.8 752.9 749.3 746.6 744 741.2 738.8 736.5 733.6
523 529.7 532.1 540.3 549.2 558.2 570.7 589.6 601.8 613.7 625.3 632.8 639 646 647.4 648.8 653.4 658.2 663.9 669.8 675.4 679.6 679.5 675.9 668.8 659.9 649.7 639.9 630.8 622.1 613.5 603.6 590.3 579.8 574.3 567.9 561.4 572.7 586.1 598.6 619 637.7 655.6 673.1 690.7 711.2 731.7 752.3 770.5 783.1 788.1 788.4 788.2 789.1 788 786.7 786.1 786 786.5 789.4 792.5 794.1 791.3 787.7 781.8 776.4 771.3 766 761.1 756.1 751.2 747.9 744.2 740.9 738.2 735.4 732.9 729.3
515.9 520.2 526.5 534 542.8 552.4 565.4 581.2 593.8 605.6 616.7 623.8 631.8 637.3 639.5 641.8 647.1 653.7 659 663.6 668.3 668.7 667.1 662 652.8 643.4 637.3 627.2 618.3 609.6 600.6 588.4 577.6 572.6 565.8 558.2 562.2 582.6 595.2 612.5 631.4 650.5 669.9 687.9 706.2 726.2 746.9 765.3 781.7 789.7 789.6 788.4 790.5 787.3 785.1 783.7 782.3 780.6 781.7 784.4 786.8 788.9 786.5 785.2 780.6 775.2 770.1 765 759.7 754.5 750.2 745.9 741.6 737.6 734.9 732.1 728.6 725
