data/260000-640000.asc
ncols 200
nrows 200
xllcorner 260000
yllcorner 640000
cellsize 50
[rows 105 to 139 of 200, columns 0 to 77 of 200]
315.7 313.8 311.9 310.1 311.1 307 307.2 313.8 315 314.6 316.1 318.8 322.4 325.7 327 327.2 327.2 326.8 326.2 324.6 321 316.7 315.1 311.4 308 305.6 303.2 300.8 298.4 296 294.7 291.1 289.8 290 287 284.8 285.3 286 286 282.9 275.5 275.2 281.3 283.7 284.3 283.3 283.5 282 280.3 279.1 278.6 280 281.1 282 283.7 284.5 285.5 285.2 284.1 281.9 280.3 279.7 277.4 275.6 272.9 272.4 273.6 275.5 275.7 275.8 275 273.9 274.1 274.6 275.7 274.8 275.2 274.4
312 310.5 308.6 306.3 306.7 301.4 309.2 311.8 312.7 311.1 314 316.6 319.3 321.4 324.5 324.2 323.6 323.3 323.3 320.5 316.6 314.8 312.5 309.6 306.8 304.1 301.7 299.4 297.6 296.2 294.2 291.7 290.6 289.5 286.8 285.7 283.6 283.8 284.9 283.3 275.8 272.6 279.2 282 283.1 282.1 281.2 280.6 279.8 278.9 280.1 282.6 283.7 283.2 283.6 284.2 285.2 286 285 282.3 280.3 280 277.9 276.1 275.7 272.3 270.6 275.3 274.5 275 273.6 273.9 273.9 274.7 275.5 276.1 276.6 275.4
307.7 306.7 304.4 304.4 303 303.6 307.8 309.2 310.5 309.9 312.6 315.1 318.4 320.1 322.6 321.8 320.5 319.5 318.3 316.2 313.7 312.9 310 307.1 305.1 303.5 300.9 298.4 296.7 295.1 293.2 291 290.1 288.1 286.4 285.7 284.4 281.1 282.3 281.4 277 271.4 278.8 280.5 281.7 280.7 279.3 278.5 278.7 279.4 281.8 285.4 284.9 284.6 284.5 285.2 285.8 285.1 283.5 281.9 279.7 279 277.6 276.4 276.2 275.3 271 270.3 272.2 273.4 273.1 274.1 275.9 276.6 277.5 278.2 278.3 277
304.6 304.1 302.8 301.8 298 302.1 305.6 306 305.2 305.5 310.6 314.5 317.9 319.1 320 319.4 318.4 316.6 314.3 312.2 310.6 309.7 307.8 305.1 303.2 301.6 299.5 297.3 295.3 293.3 292.5 290.6 290.2 287.3 284.9 284.7 283 280.2 279.5 279.5 275.7 270.7 277.4 280 280.2 278.7 277 275.5 276 279.4 282 284.8 286 285.9 285.6 285.8 284.2 283.8 282.3 280.6 279.3 278.3 277.1 276 275.6 275.9 273 269.6 270 271.4 273.9 275.1 276.1 276.8 278.3 279.4 279.5 278.2
300.6 300.5 300.3 299.3 296.7 299.6 301.3 300.2 299.9 303.2 308.3 314.8 316.3 317.4 317.6 317.2 316.5 314 310.9 308.9 307.5 306.6 305.1 303.3 301.5 299.7 297.5 295.6 293.8 291.8 290.4 289.6 288.6 286.5 285.7 282.5 280.7 280.6 278.6 274.2 271.8 268.6 275.7 277.2 277.7 276.7 275.2 273.9 275.1 279.7 280.8 282.1 283.5 283.7 283.9 283.1 282.6 282.2 281.1 279.6 279 277.7 276.7 275.5 275.8 275.1 273 270.5 269.5 270.3 272.5 275.5 275.9 277.1 278.9 279.7 279.8 277.7
299.1 298.6 298.1 297.2 295.5 297 296.8 297.5 298.4 302 306.9 311.9 314.1 315.3 314.8 313.3 313.2 310.6 307.6 306.2 304.4 302.9 301.9 300.9 299.2 297.7 295.3 293.5 291.6 290 290.5 288.5 286.3 285 284.5 280.7 279.2 278.2 276.9 275.2 272 267.4 274.6 274.6 275 274.8 275.6 275.6 275.1 277.7 278.6 280.2 280.6 281.3 281.9 281.9 281.8 281.3 280.4 279.7 278.8 277.2 275.9 275.2 274.7 273.4 272 270.1 267.7 269.6 272.2 275.1 275.3 276.5 277.7 278.5 278.4 276.7
295.8 296.2 296.2 295.2 294.2 294.4 292.2 296 298.2 301.8 304.7 308.5 310.8 310.9 309.6 308.9 307.8 306.6 303.1 303.2 300.1 299.2 297.5 297.5 297.2 295.8 294.6 292 290.2 288.6 288.9 287.4 285.4 283.6 281.9 280.2 278.4 276.5 274.5 273.7 269.4 266.8 272.2 272.8 272.6 273.4 275.7 275.8 275.2 275.5 277.3 277.9 280.7 281.1 281.4 281.5 281.3 280.6 280.3 279.3 277.9 276.5 275.2 274.2 272.5 271.9 270.3 268.3 265.6 269.2 271.9 273.2 274.2 275.2 276.5 277.3 276.6 275.3
295.8 295.7 295.8 295.6 293.5 290.7 291 293.2 297.1 301.4 303.2 306.2 307.7 307 306.4 306.5 304 302.4 300.2 296.7 296.7 296.9 295.9 294.6 294.4 293.8 292.2 290.5 290.3 288.7 287.2 286.4 284.1 283 280.5 279 276.9 275 272.4 270 269.5 266.6 267.5 269.1 269.8 271.6 274.8 275.4 275.8 276.7 277.6 279.2 280.8 281 281.3 281.8 281.6 280.9 279.9 278.1 276.6 275.2 273.7 271.9 270.2 269.7 267.3 264.8 265.1 268.3 270.1 271.6 272.8 273.5 275.2 275.6 274.9 273.9
294.3 294.4 295.5 295.9 293.1 289 291.1 293.9 296.6 299.7 304.3 305.5 305.1 304.3 304.8 304.6 301.2 298.6 297.5 296 294.2 295 293.1 292.1 290.8 289.7 288.6 288.2 287.4 287 285.4 285.3 282.4 281 280.8 277.7 275.6 273.6 270.3 269.4 269.2 265.2 265.6 267.9 269.8 270.8 272.1 273.7 275.4 276.7 278 279.3 280.8 281.1 281.7 282.3 281.7 280.7 279.4 277.3 275.5 273.8 272.3 270.6 269.3 269.3 265.5 264.2 263.1 266 268.6 270.1 271.1 271.6 272.5 273.2 272.8 270.8
291.9 293.7 294.6 295.4 293.8 287.8 293.2 294.1 296.5 299.8 302.9 304.5 303.6 302.7 301.9 300.2 298.9 296.9 295.7 293.6 291.5 290.9 290.5 289.4 288.2 287.1 285.5 284.9 285 285.3 284.5 283.4 280.7 279.2 278.8 276.8 273.6 272 270.4 270.4 269.8 265.6 264.1 267 269.9 270.9 271.8 274 275.7 277 278.3 279.6 280.9 281.4 281.6 281.8 281.8 280.6 278.6 276.5 274.7 273 271.2 270 269.2 269.2 265.6 263.7 260.3 263.1 265.5 267.6 268.7 269.2 269.5 269.4 269.4 267.8
293.9 294.4 295 295.7 296 287.1 293 294.4 296.9 299.3 301.4 301.7 301.7 301.4 300.1 299 296.9 294.7 292.7 291.2 290.8 287.3 286.7 286.8 285.7 284.3 282.7 280.9 283.2 284.8 283.1 281.4 279.6 276.5 275.9 273.6 271.4 271.3 270.7 270.5 269 265.2 265.2 265.6 270 271.4 272.4 274.3 276.1 277.7 279.1 281 281.2 280.9 281 281.2 281.4 280.5 277.9 275.7 274 272.1 270.8 270.1 269.2 268.8 267 265.2 261.8 259.8 262 264.1 266.1 266.8 266.8 267 265.7 264.6
294 294.9 295.8 296.3 296.1 288.7 290.5 294 296.2 298.2 299.6 299.6 300.1 300.3 299.2 297.1 295.8 294.4 293.1 292.9 290.4 288.1 284.3 282.9 283.1 281.5 280.3 279.5 277.3 280.2 279.1 278.1 277.4 275.8 273 270.7 270.9 271 270.6 268.3 267 264.4 262.6 267 269.9 271.4 273.8 276.2 277.9 280.1 282.2 282.8 281.9 280.9 280.9 280.9 280.9 279.9 277.3 274.9 273.5 271.6 271.7 270.2 268.7 268.1 267.9 266.4 264.4 260.4 257.1 260.7 262.8 263.9 264.3 264.5 263 260.9
295.5 296.4 296.5 296.3 296.2 294.3 284.5 291.9 295.7 295.7 295.1 294.3 294.9 295 295.3 295.3 294.1 292.9 293.9 292.4 290 288.3 285.6 281.7 279.9 278.8 278.7 277.3 276.1 275.3 274.7 274.5 274.1 273.4 270.3 269.7 270.7 271 268.9 264.9 264 263 266.7 268.7 270.2 272.4 275.2 278.5 281.7 283.3 284.4 283.5 282.5 281.6 280.9 280.9 280.3 278.5 276.2 273.8 272.2 271.7 270.7 270.2 269.1 268.9 268.2 266.3 264.5 262 258.4 256.6 258 259.1 260.7 260.4 259.6 257.5
295.7 296.5 296.3 296.1 296 295 285.2 282.6 289.3 290.7 290.2 289.8 290.6 291.6 291.8 291.6 292.8 293.3 291.8 289.1 288.2 286.6 284.7 283.5 278.9 276.4 276.5 275.7 274.4 273.3 272.3 271.4 270.9 270 269.7 270.3 271 269.9 266.6 263.4 261.2 266.6 268.2 270.1 272 274.8 277.9 281.1 284.2 285.6 285.1 284.1 283.2 282.2 281.3 280.4 278.7 277 274.8 273.6 272 271.3 271 270.6 269 267.1 267.5 265.8 263.8 261.6 258.9 254.6 252.9 254.4 256 256.1 255.4 255.2
292.7 294.6 295.4 293.9 294.9 294 291.3 284.2 281.7 283.9 285.5 285.6 286.1 286.8 287.4 289.3 289.5 289.4 288.7 287.1 286.5 286.1 285 282.3 278.7 276.1 275.2 274.5 273.4 272.1 270.7 270 269.3 269.4 269.1 267.5 268.3 264.3 262.5 259.6 265.4 267.4 269.2 271 274.3 278.2 280.8 282.9 284.5 285.5 285.2 284.1 283.1 282.1 281.1 279.3 277.5 275.6 274.6 274.8 272.9 270.8 270.3 269.4 267.8 266.5 265.6 263.8 262.5 260.5 258.2 254.5 252 251.6 254.3 255.3 254.7 253.7
288 290.6 290.6 289.4 290 290.5 289.1 287.6 274.4 280.3 279.3 280 281 281.9 285.5 285.4 285.3 285.2 285.8 286 285.7 286 285.3 280.7 278.6 276.4 274.6 273.6 272.4 271 270.3 269.9 269.5 268.9 267.8 264.6 262.5 258.2 260.4 265.9 266.8 268.2 269.7 273.1 277.7 280.3 282 283.9 284.2 283.9 284.1 283.8 282.9 281.6 280.2 278.3 276.5 275.5 275.1 275.4 273.6 271.4 269.6 268 266.2 264.7 263.5 261.8 260 258.6 256.1 253 251.3 251.3 252.7 255 253.8 252.6
283.9 286.1 287 284.4 285.5 286 286.1 285.5 281.3 273 276.5 275.2 276.6 277.9 280.1 280.9 280.7 282 283.6 283.8 283.6 284.4 282.4 278.9 277.6 275.3 274 272.9 271.7 270.1 268.8 268.5 268.6 267.5 266.2 263.8 258.1 258.8 265.6 266.8 267.9 268.4 269.9 273.1 276.5 278 278.8 279.2 279.8 280.5 280.6 280.3 280.2 280.3 279.3 277.3 276.3 275.8 275.3 274.8 272.7 270.8 269 267.9 265.8 264.1 262.3 259.9 258.1 256.8 254.2 251.3 250.4 251 252.2 252.6 251.9 251.6
276.2 280.2 282.6 279.7 278.7 280.2 282.6 282.1 281.3 275.7 270.2 273.2 275 273.9 275.1 276.5 278.2 279.8 281.5 281.8 281.7 280.5 278.1 277.6 276.3 274.7 273.2 271.9 270.8 269.3 267.5 264.5 267.2 266.6 265.5 263.8 257.9 255.1 263.8 266.4 267.4 268.3 269.2 270.5 271.4 272.8 273.1 274.1 275.2 275.6 277.3 278.6 278.7 278.5 277.9 277.4 276.4 275.9 275.5 274.9 272.9 270.5 268.4 268.1 265.4 263.8 261.6 259.2 256.8 254.9 251.7 249.8 249.7 251 251.8 252.3 252.1 252.4
273.2 274.1 276.3 276.7 276.3 276.6 277.6 277.5 278.2 276.5 269.2 269.2 272.3 274.4 271 272.9 275.2 277 278.6 279.3 279.9 280.1 279.3 276.1 274.9 273.6 272.1 271 269.3 267.5 266 264.4 264.8 265.5 264.8 263.2 254.5 254.1 262.1 265.5 266.8 267.6 268.5 268.7 269.1 269.7 270.5 271.3 272.3 272.9 273.9 276.5 277.1 277.8 277.7 277.1 276.4 275.8 275.3 275.3 272.9 270.3 268.2 267.8 265.2 262.9 260.6 257.9 255 251.9 250.1 249.5 249.4 251 251.5 252 252.8 253.2
272.6 270.2 272.3 272.2 275.8 274.1 274 275 275.5 276.1 274.1 267.2 268.8 272 270.8 268.7 271.8 273.9 274.8 275.5 279.5 279.5 277.1 274.2 273.2 272.1 271.5 270 268.3 266.6 264.5 262.9 262.8 263.5 262.9 259.1 253.3 257.7 263.3 265.5 265 265.8 266.7 266.7 267.1 267.3 268 268.7 269.5 270.8 273.4 275.1 276.2 276.9 276.6 276.2 275.9 275.6 274.9 274.2 272.2 269.7 267.7 266.8 264 261.8 258.3 255.5 253.1 250.3 249.2 249 249.5 251.5 251.9 252.6 253.3 253.2
269.5 266.3 270.4 269.6 275.8 274.3 274.5 273.5 273.6 273.5 272 270.8 264.1 268.9 267.2 266 268.1 270.6 271.6 272.5 275.2 276.3 273.1 272.1 270.9 270.3 269.4 268.9 267.4 265.6 264.1 262.3 261 260.9 260.4 257.1 253 257.9 260.3 262 262.4 263.4 264 264.2 264.7 264.9 265.6 266.6 267.4 269.3 271.2 273.5 274.8 275.1 275.6 275.2 274.5 274.3 274.1 272.8 270.8 269 267.5 265.4 262.7 259.7 256 251.8 249.3 247.4 248.6 249.3 250.6 252 252.6 252.9 252.4 250.9
268 264.6 268.6 269.8 271.1 272.9 272.9 271.7 270.9 269.5 270 270.7 265.8 262.7 265.4 263.3 265 267.5 268.7 269.2 270.2 271.6 270 269.2 268.5 267.8 267.4 267.1 266.9 266.4 265.2 264 263.7 262 258.3 254.6 253.1 254.7 256.4 259.1 259.8 260.8 261.5 262 262.8 263.3 263.6 264.6 265.8 267.9 270.1 272.1 272.8 273.4 273.8 273.9 273.4 272.9 272.3 271 269.1 267.7 267.1 263.9 260 255.9 251.7 247.3 248.8 250.8 252.1 252.4 253.8 254.9 253.6 252.7 250.6 247.8
266.5 262.5 266.7 268.2 269.1 270.1 271 270.4 270.7 269.8 268.8 267.5 264.6 260.5 265 264.6 264.3 261.8 263.9 265.2 265.8 265.8 265.5 264.5 264.2 264.1 264.1 265.2 266 266.1 265.7 264.8 264.1 263 261.3 260.5 256.9 251.4 252.1 256.1 257.8 258.3 259 260.3 261.3 261.2 261.1 264.2 264.9 266.3 268.6 270 271.1 271.9 272 271.9 271.4 270.4 269.7 267.8 266.1 265 262.2 258.6 254.4 250.2 246 246.3 250.5 252.2 254.4 255 255.6 256 253.8 250 247.8 244.4
265.5 263.1 265.3 266.5 267.5 267.9 268.5 269.2 269.6 268.5 267.3 266.2 265 262.6 259 263.9 264.3 264.3 261 258.4 259.2 261.2 261.4 261 261.4 261.7 262.6 263.5 264.9 265.4 265.4 265.7 264.5 263.3 262.4 260.7 258.3 250.7 249.9 252.2 255.6 256.7 257.4 257.1 258.7 259 259.2 262 264.5 264.8 266.6 267.9 269.1 269.9 269.6 269.4 268.7 267.6 266.7 264.7 263 261.5 259.1 254.2 248.5 245.1 244.9 249.2 252 253.2 254.5 255.1 255.6 254 250.8 247.6 244.2 240.7
264.3 264.1 264.3 264.8 266.1 265.7 266.8 267.5 268 267.1 265.6 264.9 265.8 264.3 257.3 256.9 261.4 260.6 261.1 260.7 256.9 258.3 258.9 258 258.7 259.9 260.4 262.7 263.9 264.4 265.1 265.7 264.5 263.8 261.2 259.3 258.4 256.9 252.1 249.2 251.4 256.1 256.2 254.8 254.9 256.6 258.6 259.6 263.4 263.7 264.6 265.3 266.4 266.9 266.7 266.4 266.3 265.5 264.1 261.2 257 251.8 253.3 249 244.4 242.4 248.4 250 252.6 253.4 253.9 254.5 252.6 249.8 247.5 243.5 240.3 237.4
261.8 261.9 262.6 263.5 264.8 264.4 265.7 266 266.4 265.6 265.5 264.5 264.4 263.7 257.8 255.6 256.4 258.4 257.3 257 256.4 256.1 256.1 256.2 257 257.7 258.1 260.1 263.3 264.1 264.8 265.5 264.4 262.2 259.3 258.3 257.5 257.2 257.3 254 250 248.9 253 251.9 253.7 255 256.6 258.7 260.8 262.4 263 263.5 264 264.6 264.8 264.7 264.5 263.1 261.3 258.6 255.4 251.4 247.6 245.5 243.3 242.5 247.7 250.1 251.1 251.5 251.1 249.9 247.9 245.4 242.1 238.9 236.1 233.7
261.1 260.3 261.3 262.1 263 264.1 265.2 264.9 265.6 265.9 265 263.2 260.9 260.3 258.5 254.1 256.1 256 255.1 254.7 253.9 254.1 253.9 254.4 255.1 256.6 256.8 256.7 258.9 262.4 263.8 264.4 262.4 259.4 257.2 256 256.3 257.1 257.1 257.1 256.4 252.2 247.3 248 252 253.6 256 257.9 259.5 260.3 261 261.7 262 262.2 262 260.8 260.4 259.6 257.7 255.3 252.6 250.2 248.4 244.7 240.5 244 242.3 244.4 247.8 248.6 247.6 245.6 243.8 241 237.8 235.5 233.1 230.8
260.9 259.7 259.6 260.8 261.8 262.9 263.1 263.5 263.8 264.1 263.5 262.9 261.3 259.7 257.9 253.7 254.8 256.6 255.3 255 254 252.1 251.1 251.5 253.2 255.1 255.7 255.4 253.5 257 257.9 257.8 257.9 255.5 253.9 253.9 254.6 255.1 255.3 255.1 254.7 251.5 245.7 248.6 250.6 251.7 254.3 257.3 257.7 258.6 258.9 259.3 259.7 259.6 259.4 258.6 257.4 255.9 254.2 252.2 249.8 247.2 246 243.1 237.5 243.8 244.3 244 240.7 242.3 241.6 239.9 237.8 236.9 234.7 232.8 230.4 227.7
259.8 259.1 258.8 259.4 260.6 261.2 262 262.2 262.6 263 262.7 262.3 261.7 260.1 257.9 253.9 253.3 254.4 255 255.5 255 253.3 253.4 251.5 249.6 254.2 254.7 254.2 253.6 250.1 250.6 250.8 249.8 249.2 249.8 250.1 252.1 252.5 252.8 252 251.3 245.9 247.2 247.5 248.7 249.9 251.7 254.7 256.5 257 256.7 257.1 257 256.4 255.9 254.4 252.1 251.2 250.5 248.3 245.6 243.6 244.2 242.7 238.6 241 241.9 243.3 241.7 240.1 240.2 236.7 231.9 231 229.9 228.7 226.4 224.4
258.2 257.9 258.4 258.8 259.5 260.1 260.8 260.9 261.1 261.7 261.8 261.5 261.4 260.5 257.9 253.9 251.7 251.8 252.5 254 254 254 253.7 252.7 247.5 253.9 252.3 251.7 251 249.2 247.9 247.7 248 248 247.8 248.1 248 247.7 247.2 246.6 245.7 241.2 244.3 245.3 245.5 247.4 250.1 253 255.6 253.6 254.7 255.1 255.2 253.4 251.8 249.5 247.1 246.5 246.5 244 240.7 239.6 240.9 241.3 238 238.2 239.7 240.2 240.3 241.5 242.2 233.1 229.5 224.1 223.6 222.3 222 221.2
256.9 256.9 257 257 258 259.5 260.9 259.6 258.4 259.6 260.8 260.8 260.6 260 258.9 257.8 255.5 252 249.3 249.2 252.7 253.1 252.6 251.6 249.5 248.2 249.5 249.4 247.9 246.2 244.7 244.5 245.6 246 245.9 246.4 246.5 246.2 245.8 244.5 243.3 240.4 242.9 242.7 243.9 245.4 247.6 248.3 249.3 250 251.9 252 251.4 249 247.6 244.8 242.8 243.2 240.6 238.3 235.8 236.8 236.9 237.7 234.9 236.1 236.9 237.8 238.6 237.1 227.8 223.5 222.7 221.9 219.6 215.6 215 215.9
257.1 255.1 255.2 255.3 256.4 257.1 258.1 256.8 255.8 257.1 258.6 259.9 259.6 258.9 257.5 256.6 255.8 252.9 251.7 250.2 247.7 246.6 246.8 246.4 246.1 247.5 245.2 246.8 245.4 243.7 242.8 242.8 243.5 244.5 245.3 245.7 245.8 245.5 245.1 244.2 242.3 237 238.4 239.7 242.7 244.3 244.3 245.2 246.2 245.8 246.1 246.8 246 243.9 242.2 240.2 239.3 238.3 236.1 233.2 231.2 233.6 234.7 232.3 227.7 233.6 233.9 232.1 227.1 224 222.9 220.3 217 217.1 216.7 215.6 214.8 214.5
259.5 257.8 255.3 253.5 253.9 254.4 255.1 254.1 254 254.8 256.3 258.4 258.4 257.6 256.2 255 254.6 254 252.8 253.7 252.8 252.6 251.4 249.7 244.4 242.5 246.4 245.3 242.1 241 241 241 241.8 243.2 244.3 244.9 245 245 244.5 243.8 242.2 241.1 240.3 234.7 239.8 243.2 243 240.6 240.3 240.5 241.5 240.4 238.7 237.3 235 236.2 235.4 235 232.1 229.1 228.4 228.8 230.5 228.5 222.2 226.5 222.2 222.5 221.7 218 217 217.5 217 217 216.5 217 220.2 222.4
260.2 259 257.1 255.8 254.7 253.7 253.3 253.1 252.8 252.3 253.9 256.9 256.4 255.6 254.4 254.6 255.6 255.2 253.7 254.7 253.8 252.8 252.3 250.7 246.8 241 242.3 243.1 242.3 240.8 239.5 239.4 240.5 242 243 243.6 244.1 244.2 243.7 243.2 241 239.2 238.6 236.6 234 239.1 238.4 236.2 235.6 236.7 237.6 234.8 233.6 231.9 230.3 229.6 229.4 228.4 226.8 225.1 227.3 225.6 225.1 223.7 220.8 221.4 220.1 218.7 218.5 220.9 220.8 221.5 222.2 223.3 226.2 230.5 230.1 229.9
260.4 260.1 259.9 259.4 257.9 256.3 255.2 255 254.3 251.9 251.7 254.7 254.8 254 254.3 255 256.4 256.7 254.7 253.8 253.1 252.3 251.9 250.1 246.5 241.4 240.2 241.1 240.9 240.4 239.5 238.6 239.2 241.2 242.8 244.1 244.7 244.8 244.4 244.1 242.6 243.1 240.5 237.7 235.8 232.7 233.2 233.9 234.3 233.2 231.7 230.8 229.6 228.3 227.8 227.2 227 226.7 225.1 222.7 224.1 222.2 222.6 221.5 220 219 218 218.7 224.1 227.1 226.6 230.3 229.3 230.3 230.7 232.2 232.7 232
