data/260000-230000.asc
ncols 200
nrows 200
xllcorner 260000
yllcorner 230000
cellsize 50
[rows 70 to 104 of 200, columns 79 to 157 of 200]
126.8 119.1 109 102.3 99.7 99.2 98.8 99.5 101 102.4 102.4 102.8 102.2 102.9 103.6 110 113.6 117 120.9 125.6 128.6 130.7 132.7 134.5 136.2 138 140 141.4 143 145.3 146.1 146.4 146.3 145.9 146 145.9 145.1 144 142.5 141 139.4 137.5 135.6 132.6 132.9 134.7 136.7 138.7 141.3 144.7 148.4 154.5 162.3 170 180.6 191.8 202.6 217.2 232.4 246.3 258.4 267.3 273.4 278.9 283.9 288.2 290.6 290.5 287.1 282.4 279 281.4 283.4 283.3 282.3 281.5 280.8 276.9 271.6
131.3 123 114.2 106.4 99.5 99 98.5 98.8 99.8 101.2 101.1 101.5 102.3 103.2 104.8 109.3 113.6 118.9 123.8 127.2 129.6 132.4 134.8 137.1 138.9 140.8 142.8 145.1 146.9 148.7 149.4 148.7 148.3 147.9 147.9 147.2 146 144.7 143.3 141.8 140.3 138.6 137.4 134 134.9 136.2 137.9 141.5 143.8 145.1 147.2 154 161.9 169.3 177.8 188.5 199.4 210.1 222.6 235.1 246 255.6 262.9 267.7 270.4 272.4 273.5 273.5 270.8 267.8 270.9 273.5 275.7 277 278.1 280.1 277.3 270.5 266.3
133.2 124.6 115.6 108 100 98.3 98.8 98.9 99.1 100.1 100.4 101.2 102.1 102.9 104.9 107.2 112.5 119.2 124.6 127.6 130.6 134 136.7 139.6 141.6 143.6 145.5 147.1 148.4 150.2 149.8 150 150 149.9 149.3 148 146.8 145.5 144.2 142.7 141.2 139.7 136.1 136.7 137.4 138.2 142.2 145.6 147.6 148.5 150.8 151.6 160.4 166.9 176 184.4 193.2 200.1 211.9 224.4 232.4 241.4 248.5 251.9 253 254.4 255.5 256.8 256.2 260.4 265.1 266.9 269.3 272.1 275 277.5 277.8 273 269.1
132.1 123.9 115 107.3 99.6 98.9 99.2 99.3 99.2 99.4 99.7 100.5 101.2 102.2 103.3 105.3 110.3 117.4 124.5 127.9 131.3 134.9 137.4 140 142 144.1 146.1 148 149.7 151.1 151.2 151.2 151.2 150.3 149.4 148.4 147 145.6 144.5 143.1 140.3 140.2 138.9 139.4 140 141.9 147.2 150.4 151.9 155.1 157.7 154.5 154.7 164.5 172.3 180.6 186.1 191.6 199.3 208.7 219.7 226.6 229.1 231.1 235.4 238.1 240.6 242.7 245 248.3 254 258.2 262.6 264.4 272.9 272.3 275.4 272.9 268.3
130.5 122.7 114.1 106.4 98.7 98.7 98.9 98.9 98.9 99.2 99.4 99.5 100.3 101.7 103.3 105.2 110.9 117.1 124 127.6 131.2 134.3 137 139.8 142.4 144.5 146.5 148.4 150.4 151.7 151.9 151.7 150.7 149.8 148.9 147.9 146.8 145.7 144.1 143.1 142.9 142.5 141.8 142.1 143.3 146.8 151.9 155.6 160 163.6 164.8 163.1 161.9 160.4 163 172.4 177.7 182.2 189.8 199.1 206.1 209.8 213 217.2 221.3 224.5 226.8 229.9 232.7 236.2 241.1 248 255.1 264 269.1 268.4 270.2 270.2 268.1
129 119.2 111.6 105.4 100.1 98.1 98.4 98.5 98.8 99.1 99.3 99.4 99.5 101.2 103.5 106.8 111.8 117.4 122 126.2 130.2 133.8 136.5 139.3 142.1 144.9 146.8 148.6 150.6 151.6 152 151.7 150.2 149.2 148.4 147.4 146.3 145.1 144 144.5 144.8 144.5 144.4 145.7 147.7 150.2 155.2 159 165.2 168.5 170.1 170.5 169.8 169.8 165.7 165.5 167.8 175.7 181.7 189.1 192.8 196.1 200.5 201.5 205.3 210.4 216.2 220.3 224.5 232.1 240.4 250.3 258.5 263.7 269.3 272 271.8 272.6 270.3
124.9 115.8 110.6 106.5 98.9 97.4 97.7 98 98.9 99 99.2 99.5 100 101 105.2 109.4 113.2 116.1 120.5 124.2 128.3 132.3 135.8 138.5 141.3 145 147 148.8 150.7 151.3 151.8 151.2 149.6 148.8 147.9 146.8 145.7 144.7 144.5 145.2 146.2 146.4 147 148.5 151.4 154.2 156.2 160.3 165.2 170.1 174.4 176 179 183.1 183.4 180.9 174.3 172.1 174.5 179.1 183 185.9 189.6 192.5 195.8 200.6 208.5 217.5 226.9 235 244.5 254.8 264.2 271.6 276.6 278.6 278.7 275.5 275.4
121.7 114.1 110.2 102.2 97.6 97.8 98.1 98.4 98.8 99.2 99.3 99.3 99.3 99.8 105.2 109.5 112.5 115.3 119.5 123.1 126.4 130.5 134.6 137.9 142.1 145.3 147.2 148.9 150.1 150.1 149.9 149.6 149.1 148.3 147.4 146.3 145.3 144.8 145.2 145.8 146.8 148.4 150.3 151.5 155.2 158.9 161 162.8 165.7 170.1 177.1 180.9 186.4 191.4 196.5 198.1 194.5 189.5 184.2 181.6 182.9 185.5 189.1 192.8 199.5 206.3 214.6 224.4 235 243.8 253.1 262.5 271.1 279.4 284.7 287.8 288.5 286.7 283.5
119.2 113.1 106.6 99.7 97.9 98.1 98.3 98.5 98.5 98.6 98.6 98.6 98.6 98.6 103 109 111.8 114.6 118.6 122.9 126.5 129.5 134.5 139 142.7 145.5 147.1 148.8 149.4 149.9 149.6 149.4 148.7 147.8 146.9 145.9 145.4 145.2 145.8 146.5 147.3 149.3 152.3 154.5 158 161.2 163.4 166.5 169.5 172.7 178.8 184.5 192.3 198.6 203.4 206.8 208.4 207.2 203.2 197.6 197.2 200.1 203.8 209.5 215.3 217.7 221.6 233 245.1 256.1 267.7 275.9 282.5 289.3 293.9 297.5 297.8 296.9 294.6
116 111.8 104.6 99.2 97.4 98.1 98.3 98.3 98.2 98.2 98.3 98.3 98.3 98.4 100.8 108.6 110.5 113.4 118.7 123.8 126.7 131.1 135.8 140.1 142.7 145.1 147 148.1 148.7 149.6 149.4 148.9 148.1 147.4 146.6 146.1 145.5 145.9 146.5 147.1 148.2 151.1 154.5 157.4 160.5 163.6 166.7 169.8 172.8 175.2 179 186.5 193.5 201.2 207.1 210 211.6 211.2 211.2 212.7 217.6 222 226.1 231.5 236.3 236.9 237.6 243.9 258.6 270 279.6 288.9 294.1 298.3 302.3 304.1 304.3 304.3 302.9
113.7 109.3 101.7 98.8 97.2 97.7 98.1 98 97.9 97.9 97.9 98 98 98 98.3 107 108.6 112.1 117.9 123.9 129 132.6 135.9 138.3 141.4 144.2 146.7 147.4 148 148.9 149.2 148.4 147.6 146.9 146.5 146.2 146 146.6 147.4 148.8 151.2 154 159.9 162.7 164.3 166.8 170 173.2 175.7 178 180.5 185.1 192.2 200.2 205.2 207.3 208.8 211.3 214 218.7 224.3 230.4 237.5 245 251.9 255.3 255.4 258.9 270.9 279.3 289.3 297.5 303.3 307.9 307.8 307.8 307 308.3 310.2
111.1 105.6 99.5 97.5 96.5 96.6 97.8 97.7 97.6 97.5 97.6 97.6 97.7 98.1 98.7 104.8 107.1 110.9 116 123 128.6 132.1 134.2 136.6 139.8 142.6 144.8 146.1 147.2 148 148.7 147.9 147.2 146.4 146.1 146.3 147.1 147.9 149.7 151.7 154.2 158.5 165.3 170.4 175.6 177 177.1 176.7 179.5 181.4 183.3 185.3 188.1 192.9 198.5 202.4 204.4 208.1 213.4 223 231 238.5 245.6 252.9 259.6 264.7 267 271.7 279.2 289.2 300.2 306.7 310.9 311.3 310.9 312.2 318.7 318.4 319.3
108.3 101.1 99.1 97.1 96.2 96.4 97.3 97.3 97.2 97.2 97.2 97.4 98.1 98.9 99.6 103 105.6 106.8 111 117.9 124.4 129 129 134.1 137.5 140.7 142.9 144.4 145.4 146.5 147 147.2 146.8 145.9 146.8 147.7 148.6 150.2 153.1 155.2 159.1 166.6 174.6 183.9 189.6 192.6 190.5 184.2 183.1 184.6 186.9 188.1 191.2 193.3 195.3 197.4 202 205.1 209.9 223.6 234.1 243.2 252.4 261.2 268.4 273.1 277.7 283.7 289.5 297.7 304.6 309 312.6 318.1 325.7 323.4 325.2 323.4 319.2
106.8 100.5 98.7 97 96 96.4 96.8 96.8 96.9 96.9 97.4 97.8 98 98.3 98.4 102.3 107.4 108.3 111.6 112.2 116.9 120.3 125.1 131.8 135.3 138.7 140.8 142.7 143.8 144.9 145.3 145.5 145.4 146.3 147.8 149.2 150.5 152.7 155.7 158.6 165.2 174.3 183.6 193.1 199.5 205.1 203.2 194.5 189.9 188.2 190.3 191 194.3 196.5 198.8 200.6 201.9 208 214.7 221.6 237.6 248.5 259.3 270.3 277.2 282.7 286.5 290.8 295.7 302.5 308.9 316.2 325.5 324 324.5 326.5 325.4 323.3 319.2
105.7 99.7 98.6 97.4 96.4 96 96.9 96.9 96.7 96.5 96.5 96.7 97 97.8 100.8 108 112.6 115.3 117.8 119.3 120.4 120.1 122.7 130.1 133.7 137.3 139.3 140.6 141.8 143.3 144 144.9 145.7 147.2 148.9 150.8 153 155.3 158.3 164 173.6 182.3 192.5 201.8 210.5 215.8 211.7 206.5 201.6 199.5 198.3 194.8 197.3 199.8 203.1 207.2 209.3 209.1 221.8 229.1 240.1 255 265.9 277.1 283.9 290.7 294.3 297.3 303.6 313.4 319.9 321.5 323.5 325.1 326.3 327 326.9 324.1 322
103.2 98.6 97.2 96.9 96.7 96.4 96.1 96.7 96.4 96.5 96.3 96.1 97 98.2 105.9 114.3 120.6 125.9 128.1 126.2 125.9 126.2 127.4 127.6 127.1 131.9 136.6 138.9 140.9 142.3 143.8 145.5 147.1 148.9 151.1 153.3 155.5 158.1 162.4 170.6 181 191 201.2 211.9 221.5 225 223.2 221.6 217.4 214.3 214.5 212.8 212.2 212 213.4 215.4 219.3 220.6 220.3 231.1 245.5 261 274.2 282.6 290.9 296.6 299.4 302.2 306.1 316.4 322.7 324.7 324.9 326.4 327.6 327.9 327.8 326.1 323.8
100.2 97.8 96.6 96.5 96.4 96.6 96.4 96.3 96.1 96.4 96.2 95.8 95.6 102.3 111.9 121.4 127.5 129.4 130.7 130.2 130.1 129.8 129.7 131.3 132.7 135.6 138.7 140.8 142.5 144 145.6 147.2 149.1 151.6 153.8 156 158.7 162.2 166.5 177.3 189 200.1 209.7 221.4 231.5 235.2 235.3 235.2 232.3 229.7 230.3 231.9 232.7 233 233.2 232.6 231.6 231.8 233.7 239 245.1 263.9 277.9 286.7 295.6 300.5 303.8 310.5 317.8 322.6 326.4 325.9 326.6 327.2 328.1 329.1 327.5 325.8 323.7
98.7 98.7 96.3 96.4 96.5 96.6 96.5 95.8 95.3 96.1 96 95.6 102.8 112.6 121.1 127.9 130.8 131 131.3 131.7 132.5 132.2 131.9 133.4 135.7 138.1 140.5 142.3 144.1 145.7 147.3 149.3 151.5 153.9 156.6 160 164.4 167.7 172.5 181.8 194.9 206.4 216.4 228.3 238.6 243.6 247 248.4 246.2 243.9 244.2 247.1 249.4 250.9 251.3 250.6 246.4 245.4 246.8 248.8 254.2 264.7 277 290.8 300.4 308 312.5 319 322.4 323.6 325 327.1 326.8 328 327.5 326.6 326.1 324.3 321.6
98.3 98.4 96.6 96.2 96.2 96.2 96.1 95.7 94.7 95.1 94.6 104 113.8 119.5 124.3 127.6 129.1 129.2 129.6 131.2 132.9 132.5 132.9 135 137.6 140.3 142.1 143.8 145.6 147.4 149.2 151.4 153.6 156 158.7 162.3 166.9 171.2 175.8 183.8 197.1 209.1 221.3 234.1 244.5 249.3 256.2 258.2 258.4 257.4 258.4 261.4 263.9 265.9 267.2 261.7 257.3 262 267.9 272.7 271.2 275.6 286.7 296.4 307.2 314.2 317.3 317.9 320 320.5 323.3 325.3 325.2 323.6 321.7 321.3 321.7 321.2 318.3
98 97.8 96.2 95.8 95.8 95.8 95.7 95.5 95 94.4 102.5 110 115.6 120.6 122.7 124 125.6 127.5 129.2 131.3 133.3 133 134.2 136.2 138.9 140.7 142.6 144.5 146.5 148.4 150.8 153.3 155.6 157.9 161.2 164.8 168.7 173.2 177.7 185.5 196.4 210.7 223.7 236.5 246.1 254.9 263.8 266.2 270.3 270.3 271.9 274.9 278.4 279.5 275.6 275.4 282.3 286.1 290 292.8 294.1 294.2 292.8 302.1 308.4 311.9 314.4 315.2 317.3 318.5 319.3 320.6 320.3 316.6 317.1 316.9 316.4 316.4 315.8
97.6 97.3 96.4 95.6 95.6 95.3 95.3 95.3 95.5 96.7 105 109.8 112.1 114.5 116.1 117.6 121.5 125.7 129.1 131.3 133.2 133.8 135.3 137.3 139.3 141 142.8 144.7 146.6 148.9 151.2 153.8 156.6 159.6 163.2 166.9 170.5 174.9 178.9 185.4 195.5 207.6 220.9 234.6 247.8 259.4 269.4 276.8 280.1 279.6 281.4 285 286.2 288.4 294.7 301.4 302.4 304.4 306.9 307.7 308.6 305.9 299.6 300.3 304.9 308.9 311.1 312.6 313.4 312.9 312.4 314.6 315.6 313.8 314 314 313.9 313.5 313.2
95.5 96.4 96.5 95.8 95.4 95.3 95.1 94.1 95.4 99.9 103.4 107 108 109.6 111.5 114.6 120.6 124.6 127.5 130 132.4 133.9 135.1 137.2 139 140.9 142.9 144.8 147.1 149.4 151.7 154.1 156.9 160.5 164.1 167.7 171 174.9 179.2 184.7 191.6 201.3 214.3 227.3 241.5 257.1 277.9 284 284.4 285.5 287.3 293.9 301.8 305.8 310.4 314.7 317.3 315.8 316.1 312.7 311.7 308.1 305.8 301 301.2 303.8 305.5 307.6 306.5 307.2 308.3 308.8 310.9 311.1 310.5 310.4 308.3 307.3 306.4
94.4 95.2 95.9 95.7 95.2 94.4 95 97 97.6 100.3 100.6 102.5 108.2 109.5 111.4 112.5 118 122.8 125.4 127.9 130.2 132.6 134.8 136.5 138.3 140.2 142.2 144.6 147.5 149.9 152.2 154.5 157.7 161.3 165 168.3 171.4 174.4 179.7 183.4 188.1 196.1 207.1 219 231.8 249.3 273.4 284.2 291.4 295.6 298.4 307.5 310 309.8 312.2 313.4 314.3 314.7 315.2 313.2 310.8 307.6 301.4 298.7 297.9 297.1 298.5 300.9 303.7 305.3 305.8 306 306.2 305.3 304.8 303.1 300.9 299.3 295.1
94.2 94.7 95.1 93.7 92.7 96.2 98.5 99.6 100.4 99.5 101.4 104.1 108.8 113.8 116.2 117.9 119.2 119.6 121 122.8 124.4 126.8 130.1 133.8 137.7 139.6 142.2 145.2 148.3 150.4 153 155.7 158.9 162.2 165.7 168.5 171.2 173.9 178.2 181.4 185.7 193 201.7 213.1 226.7 241.5 256.6 267.1 275 280.6 284.9 289.6 292.9 296.8 301.3 306.1 310.6 312 311.6 311.8 309.1 305.5 300.3 296.4 295.1 294.9 294.9 296 297.3 298.4 297.6 299.8 298.4 298.5 297.9 294.7 292.2 285 278.4
94.2 94.6 93 94.9 96.8 97.5 98.4 99.8 102.1 104.3 104.3 105.8 106.4 114.6 117.2 118.9 121.3 122.2 124.4 125.9 127.7 129.7 131.4 132.5 136.2 139.8 142.8 145.8 148.9 151.8 154.5 157.1 160 162.8 165.4 168 170.7 173.5 176.8 180.4 184.1 191.7 201.4 212.4 223.6 235.1 245.1 253.7 260.9 267.5 272.7 279 284.3 289.6 295.6 300.2 303 305.5 307.1 308.1 308.9 305 300.3 295.3 291.3 291 290.9 291.2 290 289.9 289.9 290.7 294.8 290.7 287.3 284 276.8 270.7 269.9
93.3 93.1 94.9 96.4 97.1 97.8 98.5 101 103.7 106 108.4 110.1 109.1 110.8 115.3 118.9 119.1 122.2 124.5 126.1 127.5 129.9 132.5 133.7 136.8 140.5 143.4 146.4 149.2 152.1 154.8 157.1 159.7 162.5 165.4 167.5 170.3 173.2 176.1 179.5 183.3 191 201.1 211.2 220.7 229.6 237.2 245.2 252.3 257.2 263 269.1 275.9 283.6 289.5 295.3 300.1 303.7 305.3 306.4 307.4 304.8 299.7 294.6 288.6 284.9 284.2 283.8 283.1 283.3 284.2 281.2 283.4 281.5 274.6 268.2 263.8 263.1 265.2
94 94.1 95.8 96.7 97.2 97.8 98.5 101.1 104.1 107.2 109.4 111.6 113.8 115.3 118.2 120.7 121.8 124.6 125.8 126.3 128.2 130.8 133.3 135 137.4 141.1 144 146.5 149.3 152.4 155 157.5 160.3 163.1 166.3 169.3 171.6 174.6 177 180.9 185 190.1 199 208 217.4 224.6 231.8 238.2 244.3 249.8 255 262.7 272.3 281.1 288.5 295.9 299.5 302.7 303.5 304.2 303.5 303.3 298.5 291.6 282.5 276.5 278.8 279.6 278.6 276 273.9 269.6 267.1 263.2 257.8 258.5 257.6 259.7 262.7
94.1 94.1 96.4 96.8 97.4 97.9 98.7 100.9 104.4 107.8 110.4 112.9 115.2 117.7 120.9 124.1 126.1 127.9 128.8 129.6 130.8 132.1 134.2 136.2 138.3 141.4 144 146.7 149.4 152.7 155.4 158.2 161 163.7 165.9 169.6 173.1 176 179.2 182.8 186.8 190.6 199 205.8 212.4 219.6 225.9 230 236.5 246.4 255.5 265.8 274.3 282.9 289.8 297 299.7 301 301.7 302.7 302.5 301.1 294.6 286.4 278.4 271.2 272.3 272.1 269.4 266.6 262.4 255.2 251.4 248.6 250.6 252 252.5 255.6 260.3
94 94.7 96.7 97.1 97.3 98.3 101.6 105.1 107.3 109 111.8 114.7 117.8 121.4 124.4 127.5 129.7 130.8 131.9 132.9 134.1 135 135.8 137.6 139.7 141.8 143.9 146.5 150.1 153.4 156.3 159.1 161.8 163.6 166.7 170.3 170.9 175.5 177.8 181.2 184.6 189.2 193.2 200.7 206.9 213.1 218.3 227.6 237.4 248.4 258.5 269.4 277.8 285.9 293.5 298.1 300.1 301.5 301.8 302 301.1 298.8 292.7 286.4 273 265.6 264.5 262 257.4 252.2 248.1 246.3 244.8 244.4 245.5 246.8 249.9 254 256.6
93.7 93.6 96.5 98.2 100.1 102.6 104.7 107.9 111.8 114.7 116.5 118.4 121.5 125.1 128.2 130.2 132.3 133.4 134.8 135.5 135.5 136.3 137.5 139 141.2 143.3 145.4 148.4 151.8 154.4 157.2 160.1 163.2 165.1 168.6 172.1 175.2 176.4 178.2 181.3 185 189.5 194.3 200.8 206.8 212 219.4 227.6 238.7 251.3 262.8 273.2 281.7 289.9 297.3 300.8 303 304.1 303.8 303.1 301.5 298.2 290.4 284.1 271.1 263.3 258.6 255.3 250.6 247.6 244.7 243.2 242.6 242.4 243.5 245.3 247.5 250.1 252.7
93.2 97.1 97.2 100.9 104.8 106.7 107.9 110.9 115.2 118.3 121.2 123.3 126.1 128.9 130.7 132.6 135.1 136.6 138.1 138.6 138.2 137.9 138.7 140.5 142.6 144.8 147.5 150.6 153.3 155.5 158.2 161.1 164.1 166.8 170.7 174.1 176.7 178.8 180.3 181.9 185.9 191.7 196.6 203.8 208.7 213.4 220.4 228.6 243.2 256.6 267.5 276.4 285.6 293.7 300.2 305.1 305.6 306.6 307.4 307.4 303.8 295.9 287.7 279 267 260.4 255 250.9 248 245.1 243.5 242.4 241.6 241.1 242.7 244.4 246.2 248.3 250.4
105.4 107.3 102.3 106.3 109.6 110.7 111.9 114.7 118.7 121.8 124.7 127.3 129.5 131.8 133.6 135.9 139.4 141 141.9 141.5 140.9 140.6 141 142.4 144.1 146.6 149.3 152.1 154.9 157.7 160.3 163 165.2 168.8 172.8 177 180.1 182.9 184.4 185.7 187.1 193.1 199.3 204 208.8 216 223.7 234.3 250.7 263.3 275.1 283.7 292.9 300.4 305.6 307.3 308.2 308.8 306.7 303.5 297.4 287.7 279.3 269.4 261.9 256.7 251.4 248.4 245.9 244.4 242.8 241.8 241.1 241.4 242.3 243.6 245 246.5 248.6
110 110.4 110.4 111 113.8 115.4 117.2 120.4 122.2 125.2 127.5 130.1 132.8 135.2 137.4 139.6 142.8 146.3 147.9 149 148.5 145.6 143.3 144.5 145.9 148.5 151.5 154.4 157.2 160 163.2 166.5 170.7 175.9 180.7 186.3 190.9 195 197 198 196.2 199.2 203.1 209.4 216.5 225.4 235.3 246.5 259.8 271.4 282.9 292.3 299.6 307.5 313.6 312.9 310.9 308.4 305 296.9 287.4 275.1 266.8 263.8 257.9 253.1 248.8 246.2 244.5 243.9 242.4 241.6 240.9 241.5 242.7 242.7 244.1 244.9 247
111.8 112.8 114.4 108.7 117.1 120.5 122.4 123.7 125.7 127.9 130.4 132.8 134.8 137.1 140.2 142.4 145.5 149.1 152.1 154.6 154.3 151.6 147.9 146.1 147.3 148.9 153 156.6 159.3 161.8 164.5 169.2 174.8 180.7 186.7 192.7 197.3 202.9 208.3 211.5 213 214.9 216.4 221.7 229.9 238.3 246.3 256.8 268.1 281.3 291.3 299.4 305.5 313.5 316.9 317.5 312.6 307.6 299 285.9 274.6 267.5 263.5 261 256.2 250.4 247.2 245.6 243.8 243 242.2 241.5 240.8 241.1 242 242.5 243.2 243.6 245.3
112.9 115.4 116.5 117.1 114.5 121 123.6 126.2 128.1 130.6 132.5 134.5 136.4 138.9 142 145 147.4 150.1 153.8 155.3 155.3 152.7 150 148.4 149.4 151.9 154.7 158.1 160.9 163.6 166.3 170 176.6 182.9 190.8 197.9 203.7 209.6 216.8 222.5 228.9 233.5 235 237.4 245.6 253.1 261.1 268.3 275.8 288.5 296.7 303.3 310 315.1 319.1 317 309.9 297.9 287.1 275.4 268.7 265.6 262.6 258.9 254.2 249.7 247 245.3 243.7 243.1 243.7 241.6 241.4 241.2 241.2 241.7 242 242.6 244.6
