data/260000-780000.asc
ncols 200
nrows 200
xllcorner 260000
yllcorner 780000
cellsize 50
[rows 70 to 104 of 200, columns 79 to 157 of 200]
398.2 396.9 395.6 393.2 389 382.6 376 367.5 356.9 349.8 345.1 343.2 342.8 342 340.9 340.9 341.3 342 340.9 339.5 338.6 337.9 343.9 355.1 358.3 354.7 356.1 357 356.1 357.6 362.5 366.5 369.7 370.3 371.4 372 371.8 373.3 374.9 376.4 377.6 377.2 377.2 377.5 376.3 374 373.4 372.8 372.9 372.4 371 372.5 373.3 375.4 377.4 379.4 381.8 385.4 388.6 391.4 394.1 396.9 398.8 400.2 401.3 402.5 404.4 404.2 403.1 402.2 399.7 391.6 378.6 386.3 393.4 391.9 391.1 394.1 396.8
398.3 396.9 394.9 391.5 387.5 381.2 373.8 364.5 353.6 346.9 344.1 342.6 342.5 341.7 341.6 340.9 341.3 341.8 342 340.3 338.7 337.7 348.8 355.5 355.9 355.6 361.6 361.3 360.9 362.1 364.5 369 369.4 371.7 373.6 374.6 374.8 376.3 377.8 379.3 380.4 380.6 379.9 380.2 378.4 377.5 376.9 377.5 377.8 377.7 377.1 378.1 378.9 380.5 382.7 384.6 387.5 391.1 393.4 396 398.7 400.9 402.3 403.5 404.5 405.4 407.3 406.2 405.1 404.1 402.7 396.8 381 391.5 401 396.5 394.2 396 398.1
397.6 395.4 392.7 388.3 383.5 376.8 370 359.9 349.9 344.2 342.4 342.3 342.2 343.1 341 340.9 341.4 341.9 341.8 341.1 339 337.2 355 355 354.4 364 365.3 366.3 367.1 367.8 370.4 369.6 373.7 374.4 376.3 377 378 379.3 380.8 382.3 383.2 383.7 383.3 382.6 381.5 380.8 380.5 381.2 382 382.4 380.3 383.6 384.4 385.2 387.9 389.9 393.1 396.1 398.3 400.8 403.1 404.4 405.7 406.7 407.5 408.4 408.8 407.8 406.6 404.4 402.2 386.4 385 394.4 400.1 396.4 397.3 397.9 399.2
395.4 392.5 388.6 383.9 379.2 372.4 365.9 355.6 347 343.9 342.3 342.5 344 342 341.6 341.2 341.3 341.5 341.4 339.9 339.1 340.7 354.7 353.2 367.5 368.9 370 369.8 370.3 370.8 371.4 374.4 379.4 378.8 379 380.7 381.6 382.2 383.7 385.3 386 386.4 386.8 386 385.2 384.6 385 386.1 387.1 386.8 386.4 387.4 388.8 390.7 392.6 395.2 398.7 401.1 402.9 404.6 406.2 407.6 408 408.4 409.2 409.8 408.8 407.9 405.5 403.2 401.5 388 388.1 399.6 400.2 400.3 399.9 399.2 400.6
392 388.2 384.4 380.5 374.8 368.3 361.6 353.8 346.2 343.9 342.5 345.1 342.4 342.1 341.8 341.5 341.7 342.3 340.5 339.4 339.6 350.5 353.5 366.4 369.4 370.2 371 373 376.1 376.6 378.7 380.6 382.4 383.1 382.7 384.4 385.2 385.8 386.7 388.2 388.8 389.2 389.8 389.4 389.7 389.7 390.3 391.3 391.4 391.1 390.8 392 393.7 395.3 397 399.3 402.7 404 405.5 407.8 409.4 410 410.3 410.5 410.9 409.8 408.9 405.2 403.2 401.1 389.5 389.4 393 401.1 402.1 402.6 401.9 402.4 404.6
387.5 383.6 380.1 376.4 370.7 363.1 356.4 350.2 345.4 343.8 346.2 343.1 342.8 342.5 342.1 341.9 341.2 340.4 339.7 338.8 341.6 353.9 360.4 367.9 371.3 374.4 376.3 378.4 380.4 381.8 383.3 384.9 385.8 387.2 387.8 388.1 388.8 389.4 390 391.2 391.6 391.9 392.9 392.7 394 395 395.7 396.2 396 395.8 395.2 396.2 397.7 399.3 401.3 403.4 405.5 406.6 407.6 410 411.6 411.7 411.7 411.8 411.3 411 407.3 402.9 400.7 400.5 389 393.4 400.5 401.8 402.8 403.7 405.3 406.3 408.1
383 379.1 375.6 371.5 366.5 357.8 352.4 347 344.9 347.3 344 343.7 343.2 342.8 342.5 342.3 340.6 339.3 339.2 341 352.2 356.6 359.8 366 378 379.1 380.7 382.3 385.1 386.9 388.1 389.4 390.7 389.2 390.2 391.7 392.4 393 393.6 394.3 395.2 396.1 396.4 396.8 398.5 401.2 400 399.8 399.5 400.5 399.4 400.2 401.6 403.6 405.6 407.5 408.3 409.1 410.2 412.2 412.4 412.5 412.4 412 411.6 410.8 407.8 402.6 397.8 390.8 390.7 399.9 402.2 402.7 404.1 405.4 407.2 409.3 411.9
379.1 374.5 370.2 365.8 360.9 354.1 349.1 346.5 348.1 344.1 344.5 344.3 343.8 343.3 342.8 342.4 342.7 341.2 340.9 349.8 357.1 360.4 362.1 368.8 381.1 382.5 384.2 386 389.9 392.1 393.3 394.5 395.7 394.7 393.8 395.4 397 398.2 399.3 400.3 400 400.7 400.9 400.9 402.8 404.3 404.5 404.6 404.5 404 402.9 403.8 404.9 406.5 408.1 409.6 410.9 411.8 412.8 413.2 413.3 413.1 412.7 412.2 411.7 410.2 401.7 395.5 394.9 397.5 400.7 403.1 404.6 405.1 405.7 407.1 409 411.8 415.2
375.1 370 364.2 360.2 355.4 350.2 348.2 348.5 347.1 346.5 345 345 344.5 344.1 343.2 342.7 343.5 341.9 347.3 356.4 363 365.9 369.7 373.1 382 385.6 387.8 391.2 394.8 397.3 398.5 399.7 400.9 401.2 399.5 401.1 402.8 404.2 405.6 406.4 405.6 405.7 405.9 406.4 407.9 408.3 408.6 409.2 408.3 407.3 406.1 406.6 407.7 408.8 410.3 411.8 413.3 414.2 415.2 414.2 414 411.2 408.6 406.1 403.5 401.6 399.2 400.6 402 403.8 405.7 408.3 408.6 408 407.3 408.8 410.7 414.5 417.9
372.2 364.4 359.4 355.1 351.4 350.3 349 346.4 346.6 347.2 346.7 345.8 345.3 344.5 343.3 342.3 342 349.3 355.2 360.2 364.4 369.7 376.5 381.9 386.2 389.5 392.8 396.8 400.2 402.6 403.7 404.9 406.1 404.6 405.2 406.7 408.9 410.6 411.8 412.5 411.4 411.2 411.2 411.9 413.1 412.5 412.4 412.7 411.7 410.5 409.4 409.4 410.5 411.6 412.7 414 415.6 416.7 416.7 415.1 414.4 412.5 409.3 406.1 403.5 403.8 404.1 406.9 409.2 408.4 409.7 410.7 411.2 410.7 411.1 411.9 413.6 417.4 421.7
361.3 356.4 353.4 352.7 351.4 350.4 348.9 347.3 346.3 346.2 345.7 346.4 346.1 344.8 342.9 341.7 346.3 355.6 361 365.2 368 375.2 383.5 390.2 392 395.2 398.7 402.5 405.6 408.6 410 410.7 411.3 410.9 411 412.9 416.5 417.7 418.7 418.6 417.7 416.7 416.6 417.5 417.3 416.8 416.3 416 415 413.8 412.6 412.2 413.3 414.4 415.5 416.6 417.8 419.1 418 416.1 414.9 412.9 410.5 407.1 405.2 406.4 407.7 410.1 411 410.2 412 413.1 413.6 414.2 415.4 416.8 419.3 423.5 429.2
357.8 354.6 353.7 352.3 351.1 350.5 349.4 346 343.4 343.7 343.3 342.9 342.7 343.1 342 346.8 356.1 358.9 364.7 369.8 375.3 382.5 389.6 394.8 398.4 401.9 405.4 409 411.8 414 415.7 416.9 418.1 416.6 421 422 423.3 424.6 425.1 424.6 423.8 422.9 422 422.1 421.6 421.1 420.5 419.4 418.2 417 415.8 414.9 416 417.1 418.2 419.4 420.5 421.1 419.2 417.2 415 412 409.4 407 406.3 406.7 409.4 411.5 412.7 412.6 414.1 415.2 416 417.2 420.3 423 426.8 431.3 437
355.2 354.7 353.2 351.9 351.4 350.4 350 343.5 343.6 343.9 343.7 343.6 343.4 343 348.2 357.1 359.6 363 367.1 373.3 382.2 389.8 396.2 401.1 404.7 408.5 412.4 415.6 417.7 420 422.4 424 424 424.6 426.8 429.4 430.8 431.4 431.4 430.6 429.8 428.7 427.4 426.7 426.1 425.6 424.1 421.7 420 419.5 419 417.8 418.8 419.7 420.2 420.6 421.1 421.3 419.7 415.5 412.8 410.5 409 409.6 410.5 408.8 410.8 412.7 414.5 415.3 416.1 417.3 418.8 422.4 426.6 430.1 433.9 438.3 442.4
356.9 353.6 352.9 352.6 351.4 350.3 344.6 344.7 344.9 344.9 344.5 344.3 344.2 348.2 354.8 360 363.5 367.3 372.1 379.9 388.3 396.7 402.8 407 411.2 415.4 419.6 422.5 424.3 426.6 429 431.1 430.4 434.1 433.3 436.5 437.4 438.3 437.3 436.1 434.8 433.5 432.1 430.6 430.5 428.8 426 424 422.1 420.5 419.7 418.9 419.6 419.9 420.4 420.8 421.3 421.3 417.9 413 409.9 410.4 410.3 411.2 412.5 410.9 412.3 414.6 417 418.7 419.3 421 424 429.6 433.5 436.9 439.9 443.1 446.5
355.3 357.6 353.4 352.6 351.1 346.8 344.4 345.6 346.7 346.4 345.3 345.2 351.1 354.3 357.9 362.9 366.1 371.5 379.8 387.3 395.6 403 407.5 411.9 416.7 421.4 426.2 428.4 431.4 434 436.5 438.6 438.1 441.7 443.4 444.1 444.8 444.5 442.5 440.8 439.6 438.2 436.8 434.3 432.5 431 427.9 424.9 422.6 420.8 420.2 420.2 421.3 421 420.6 421 421.3 419.1 415.8 414.6 415.1 414.6 412.6 412.5 414.4 413.7 416 417 419.3 421.7 423 426 430.4 435.4 439 442.3 444.9 447.3 450.1
354.1 353.8 354.8 351.3 347.8 345.7 345.2 346.8 347.6 346.9 347.2 352.4 355.2 358.8 361.4 364.8 370.2 378.5 386.9 395 402.8 407.8 413.3 418.4 423.2 427.9 432.1 434.6 438.6 441.9 444 446.1 447 450 450.2 450.8 450.7 450.1 447.7 445.6 444.3 442.5 439.7 436.9 435.3 432.4 429.3 426.6 423.9 422.5 421.7 421.3 421.3 421.3 421.3 421.3 419.6 418.3 414.9 416.5 417.7 415.9 414.1 414.6 416.8 418.2 419.8 419.7 422.1 424.9 427.8 432.1 436.4 440.5 444.3 447.5 450.1 452.7 455
353.7 353.2 351.3 350.5 347.5 346.9 346.3 347.9 348.5 348.3 351.5 354.1 358.3 360.9 365.9 369.9 376.9 385.4 394.4 402.1 407.8 413.5 419.3 424 429.7 434.5 437.9 441.6 446.1 449.3 451.7 454.2 455.8 458.1 457.4 457.6 457.3 455.4 453 450.6 447.8 445 442.2 439.5 437.5 433.7 430.1 427.7 425.3 423.7 422.2 421.3 421.3 421.3 421.3 420.7 418.8 418.6 416.7 419.3 417.5 415.7 415.2 417.1 419.3 420.6 420.9 422.1 424.6 427.4 431.2 435.6 440 444.9 449.1 452.3 454.9 457.4 460.2
354.3 353.4 351.5 349.2 348.1 348.4 348.1 348.8 349.7 351.7 353.9 356.2 359.5 363.2 369.2 377.8 386.2 393.6 401.6 408.3 413.2 419.5 425.3 430 434.9 440.7 445 448.7 454.9 456.8 458.8 462.2 463.2 465.5 466.3 465 463 460.7 457.8 453.8 451 447.8 444.8 442.3 438.8 435 431.2 428.6 425.9 423.8 422.5 421.3 421.3 421.3 421.3 419.4 419 419 419.2 419.3 417.2 416.7 418 420.1 421.8 422.6 424.1 424.6 427.2 430.3 434.5 439.4 445 450.2 453.4 456.3 459.2 461.7 464.5
351 349.9 349.3 348.7 348.8 348.8 349.2 351.1 353.6 355.4 358.5 361.8 362.9 366 373.3 384.4 393.9 400.5 407 413.2 418.9 424.5 431.7 437.5 442.6 448.4 453.7 458.2 461.7 464.5 466.6 470.1 472.3 474 473 470.9 468.4 465 460.9 456.9 454.2 451.5 447.9 443.5 439.7 435.9 432 428.9 426.2 423.5 422.2 421.1 420.8 420.9 420.6 418.9 419.9 420.6 420.8 419.7 417.9 418.7 421.3 423.3 424.5 426.4 427.4 427.6 429.5 434.3 438.9 444.4 449.9 454.5 457.4 460.3 463.2 466 468.7
353.3 351.5 351.6 348.6 348.9 350.4 352.4 354.2 356.4 358.6 361.3 365.2 367.8 374.4 381.6 391.4 398.9 405.5 411.9 417.5 423.5 429.9 437.5 444 450.3 456 461.3 465 468.4 471.7 474.8 477.8 479.9 480 479.4 476.6 471.8 468 464 460 457.3 453.3 447.9 443.8 440 436.3 432.5 429.4 426.6 423.9 422 420.9 420.3 420.3 419.2 418.9 418.9 421.3 419.9 419.4 420.1 421.4 425.1 427 429 430.3 430.6 431.4 432.7 437.9 443.6 450.1 455 458.6 461.4 464.3 467.2 470.2 472.9
353.9 353.4 350.7 349.7 350 353 355.7 357.7 361.5 362.6 363.2 367.8 372.2 379.7 388 396.6 403.9 411.4 418.3 423.9 430.3 437.4 444.3 451.4 457.7 463.5 468.8 471.8 475.1 478.6 482.2 485.3 485.5 485.7 483.7 479.4 474.3 470.3 466.6 462.6 458.6 453.4 448 444 440 436.4 432.9 429.8 427.1 424.3 421.8 420.6 419.5 419 419.1 418.9 419.4 421.3 421.3 421.4 423.2 424.7 428.5 432.3 434.3 437 438.4 441.2 437.7 438.9 447.1 453.9 458.7 462.4 465.5 468.4 471.3 474.2 477.1
354 353.5 349.5 350.4 352.6 355.5 358.2 360.9 365.5 365.6 368 370 376.6 383.3 392.4 401.5 409.3 416.4 423.6 430.6 437.3 444 451.2 458.6 465 471.1 475.3 478.6 482 485.5 489 490.4 491.1 490.7 488.9 484.5 477.9 472.4 467.6 463.1 458.4 453.1 448.2 444.3 440.3 436.3 433.2 430.5 427.7 425.1 424.6 423.1 422.8 421.2 420.9 419.6 420.9 421.8 422.2 424.5 426.5 428.6 432.2 436.1 440.3 443.5 445.5 447 442.1 438.8 448.5 455 461.7 465.7 469.4 472.2 475 477.8 480.9
350.2 348.4 348.7 350.7 355.5 358.8 360.5 363.4 366.2 367.5 368.4 371.7 378.9 387.7 396.4 404.9 415.2 422.4 429.5 436.6 443.8 450.7 458.1 465.2 471.2 476.4 481 484.4 487.6 490.7 493.9 496 496.2 495.7 493.1 490.4 480.2 472.8 467.2 462.4 457.5 452.7 449.1 445.1 440.8 436.6 434.4 432 429.3 427.6 428.6 427.9 425.5 423.4 421.6 420.7 419 421.7 424.5 427.5 430.6 434.8 437.1 442.3 447.3 450 451.2 452.5 452.1 442.6 445.7 457.7 464 467.4 472.2 475.8 478.6 481.5 484.7
349.2 349.1 349 350.7 355.3 359.9 361.1 365.1 368.1 369.2 370.2 374.6 381.9 388.8 399.6 409.4 419.2 427.6 435 442.1 450.4 457.5 464.2 470.8 476.9 481.9 486.8 489.7 493 496.2 499.5 501 501.4 500 497 490.4 479.5 471.9 466.3 461.6 457.7 453 449.7 445.2 440.8 437.1 434.9 432.8 430.6 429.5 430.5 430.4 427.9 425.5 423.7 422.6 421.1 424.6 429.4 433.7 437.3 442 444.5 448.1 452.8 455.4 456.6 457.3 457 453.8 448.4 457.8 464.9 469.8 474.6 478.6 482.2 485.1 488.5
349.3 349.3 349 352.2 356.5 359.7 362.1 366.9 371.3 369.1 371.9 377.2 385.5 390.9 402.5 413.8 423.7 431.4 439.4 447.8 456.7 463.2 469.8 476.4 482.6 487.8 492.8 496.4 500.1 503 505.3 506.5 506.9 504.3 499.7 489.1 476.3 469.1 464.4 459.7 456.2 452.9 449.8 445.3 440.8 437.7 435.5 433.6 431.9 430.2 430.7 431.2 429.6 427.6 425.7 424.9 426 430.1 435.7 440.1 447.6 449.7 451.8 454 457 460 461.8 462.3 462.3 460.9 449.4 455.8 467.5 472.2 476.7 481.1 484.9 488.8 492.1
349.4 349.8 349.9 354.7 358.7 361.3 363.8 369.5 369.8 369.5 375.2 380.3 386.5 393.5 404.7 416.8 427.7 435.2 442.9 452.3 461.9 468.9 475.3 481.7 488.9 494.2 498.9 502.8 506.5 509.7 510.8 510.9 510.7 505.5 498.3 483.5 473.8 467 462.6 459 455.4 452.2 449.5 445.7 440.8 438.5 436.8 435.1 433.3 431.7 431 431.4 430.6 428.2 426.7 427.7 430.9 436.6 442.1 448.8 453.6 456.1 458.4 458.8 461.2 463.7 466.5 466.5 465.8 464.8 461 455.8 464.9 472.4 478.7 483.6 487.6 491.9 495.4
349.7 350.6 351.1 356 360.8 363.3 365.8 371.4 369.3 370.5 376 381.9 388.3 395.3 406.5 415.9 430.9 438.7 446.2 456.5 466.4 474 480.4 487.5 494.7 499.5 504 508.4 512.3 514.2 513.3 511.4 510.5 503.2 494.7 483.1 474.4 467.9 463.2 458.4 454.7 451.6 448.3 444.7 440.5 438.8 437.8 436.5 434.8 433.1 431.5 431.6 431.1 429 427.8 431.9 437.2 441.9 449.3 455.2 459.2 460.8 461.4 463.3 465.7 468.2 470.7 469.8 469.6 470.7 467.9 461.2 458.2 473.3 479.7 486.1 490.3 494.9 498.6
350.4 351.5 352.7 357.2 360.1 363.1 367.3 368.5 370.3 372.8 377.3 383.5 389.9 398 407.4 419.2 431.4 441.1 449.9 460.5 470.6 479.1 486.3 493.5 500 504.3 508.7 513.1 517.4 518.5 516.7 513.1 509.3 501.1 493.2 485.1 476.7 468.6 463.8 459.1 454.3 450.5 447.3 444 440.7 439.4 438.8 437.9 436.2 434.5 432.9 431.7 430.7 429.9 431.1 439.1 443.5 448.2 454.7 460 463.1 464 465.3 467.8 470.3 470.4 472 473 472.8 473.4 473.6 472.5 459.2 467.1 481.8 488.3 493.1 497.8 501.9
351.4 353 355.6 358.6 359.9 364.3 373.8 370.5 372.5 374.5 378.4 384.9 391.7 397.9 406.7 420.6 432.8 443 453.3 464.3 474.4 483.3 491 497.7 503.8 508.6 515.3 519.1 521.3 521.4 519.1 514.8 508.6 501.7 493.5 485.6 477.5 469.1 464.3 459.4 454.2 450.3 447.7 445.1 442.5 441 441 439.2 437.6 435.9 434.3 433 431.9 432.8 437.7 443.4 449.1 454.2 459.3 463.8 466.4 467.4 469.7 470.8 472.4 473.9 475.2 476.3 476.9 476.3 477.7 478.8 474.4 470.7 474.2 488.2 495.9 500.7 505.1
351.9 356 357.7 360.8 362.4 366.7 372.3 371.1 373.3 375.5 378.8 384 392.6 401 407.4 420.7 434.5 445.5 456.1 467 477.8 486.9 495.1 501.3 507.3 515.1 521.7 522.5 523.2 522.4 521.1 516.2 509.9 503 493.8 485.7 476.9 469.2 464.6 459.4 453.8 450 447 444.4 441.8 440.8 441.2 440 438.8 437.3 435.6 435.2 436.1 438.8 443.5 448.3 453.9 459 464.3 467.3 469.5 471.2 472.8 474.4 475.9 477.2 478.5 479.5 480.1 480.8 481.4 483.2 481.8 479.9 469.2 485.4 496.9 502.7 507.6
355.2 359.5 360.4 363.8 365.8 370.8 369.6 371.7 374 376.2 380.2 383.9 391.7 399.6 409.5 420.6 434.7 445.7 456.6 467.8 479.2 490.1 498.8 504.9 511.1 519.4 522.5 524.5 524.4 523 520.7 516.9 510.7 503.3 494.1 485.9 478.2 471 464.9 459 453.4 449.7 446.5 443.7 441.6 440.4 440.9 440 439 438 437.4 437.3 440 445 449.7 454.5 459.3 463.8 467.5 471.5 473.7 475.9 476.4 477.9 479.2 480.5 481.8 482.8 483.4 484 485.2 486.9 486.6 484.7 479.1 477.8 493.7 503.2 509.4
359.1 360.3 364.5 369 368.8 369.4 369.2 370.4 373.9 377.1 381 384.3 391.8 399.7 409.3 420.8 433.3 445.6 457.2 468.7 480.2 492 501.1 507.7 515.1 521.9 524.2 525.5 525.9 524.9 521.9 518.8 512.5 503.2 494.3 486.1 479.2 472.5 465.7 458.7 453.1 449.5 446.2 443 441.5 440 439.1 438.5 438 437.9 438.5 441 445.5 449.6 455.3 459.5 463.5 467.5 471.9 475.6 477.5 479.9 479.9 481.2 482.4 483.7 485 486 486.6 487.8 489.9 490.7 490.9 491.1 487 481.2 483.8 502.9 511
358.9 360.2 366.3 370.7 369.8 372.9 369.6 371.2 374.2 377.5 381 384.8 391.9 399.8 409.4 422.1 433.7 444.8 458.1 469.6 481.5 493.3 502.8 509.9 516.4 521.7 524 525.5 526.8 526 523.5 519.5 511.7 501.9 493.8 486.3 479.7 473.3 466.5 459.6 452.7 449.1 445.3 442.3 441.3 440 439.1 437.9 437.7 438.4 439.5 445.2 450.1 455.5 458.9 462.8 466.8 470.8 474.8 479.9 480.4 482.2 484 484.6 485.7 487 488.3 489.3 490.1 492.2 494.3 495.8 496.3 497 496.5 492.8 482.9 499.3 512
359.1 362 365.5 368.7 373 373.3 371.4 371.4 374.4 377.9 380 386 391.4 399.1 408.7 420.9 434.6 447.3 459.7 471.6 483.5 494.1 503.3 511 518 520.8 522.9 524.5 526.5 525.8 522.5 518.1 508.7 500.1 492.5 486.4 479.3 472.4 465.8 460.5 452.2 447.5 443.7 441.5 440.5 439.5 438.5 437.6 437.9 440.2 445.8 451.6 455.1 460.4 463 466.5 470.4 474.3 478.2 481.6 483.4 485.2 486.9 487.8 489.3 490.3 491.6 492.5 494.5 496.6 498.8 501.4 502.7 503.6 503.6 499.2 488.8 489.6 509.5
359.8 361.7 364.5 368.3 377 374.9 373.7 373 374.6 377.2 380.4 387.8 391.7 398.9 408.4 420.5 435.5 447.6 459.8 472.5 485.2 495 503.8 511.1 516 519.2 521.8 523.9 526 525.2 521.8 515 505.5 497.8 491.2 484.8 478.8 472 465.1 458.1 451.6 446 442.2 440.7 439.7 438.7 437.8 438.3 440.1 446.5 452.2 456.8 462.4 465 467.6 470.2 474.1 478 481.9 484.8 486.7 488.5 490.3 491.6 491.7 493.1 494.6 496.9 499 501.2 504 506.8 508.1 509.3 510.5 506.8 496 488.4 497.3
