data/270000-570000.asc
ncols 200
nrows 200
xllcorner 270000
yllcorner 570000
cellsize 50
[rows 70 to 104 of 200, columns 0 to 77 of 200]
176.7 174.8 171.3 169.8 170.4 170 172.6 175.4 177.8 180.4 187.3 191.1 197.4 205.1 210.3 214.7 218.7 223.5 233.1 239.6 245.8 253.1 258.5 258.7 260 259.3 256.3 259.8 262.2 258.3 254.9 251.8 249.3 245.6 242 238.3 232.5 229.7 229.3 225 219.5 216.9 215.1 216.1 215.7 214.9 211.3 210.2 211.8 215.4 214.3 216.9 213.9 208.9 202.4 198 196.3 193.7 189.7 188.3 189.9 202.2 204.6 204.7 208.8 206.3 204.3 199.3 199.1 199.2 197.2 194.1 192.5 198.3 203.6 207.1 209.9 211.4
179 176 173.9 173.1 176 176.7 173.4 177.6 178.8 180.9 184.6 190.3 195.8 204.4 209.9 215 219.6 226 236.1 242.2 250.5 256.1 257.3 259.8 263.9 265.4 263.6 254.2 255.1 253.2 250.1 249.3 246.6 243.7 240.6 239.5 234.1 229.4 227.9 224.5 220.2 217.1 214.6 213.5 213.5 211.7 209.1 209.1 211.2 216.1 222.3 221.1 218.1 212.5 206.3 202.5 201.5 196.9 190.7 188.4 188.3 193.2 198.4 200.3 203.6 204.9 203.1 200.2 198 196.6 193.9 190.3 190.5 195 196.8 199.4 203.8 205.9
181.7 176.6 174.3 175.8 177.5 179.7 177.7 178.1 179.6 181.6 184.6 190.8 197.2 201.1 206.7 215.2 221.7 228.4 238.7 248.3 253.7 255.8 261.7 261.9 261.4 263.3 259.7 252.6 246.9 244.4 244.1 243.8 242.5 238.7 236.1 235.6 233.8 229.4 226.4 222.5 219.8 217.3 214.5 209.7 209.9 209.3 209.2 209.3 210.6 216.3 220.2 220.1 217.4 213.2 208.6 206.8 203.1 197.7 191.2 188.3 188.2 188.7 192.4 196.1 198.1 200.9 200.8 199.6 197.2 195 193.7 189.5 188.4 193 192.7 191.3 196.6 199.9
183.2 179 176 178.5 181 181.8 179.8 181.3 180.8 183.6 187.5 194 201.3 206.8 210 215.2 221.4 230 240.4 252.6 255.2 265.1 263.5 261.3 260.8 258.2 252.7 250.1 245.7 238 235.1 235.2 234.9 234.2 232.8 231.8 229.5 230.4 227 221.1 218 216 214 209.9 209.4 208.9 208.8 208.9 209.4 212.7 213.7 214.6 214.8 213 210.4 208.7 204 198.1 192.1 189 188.7 188.8 188.9 191.2 194 197 198.7 199.1 196.8 195 193.2 190.5 185.8 186.7 188 185.6 186.4 193
184.8 182 179.4 179.7 182.9 182.6 184.6 187.4 184.2 186.2 189.8 198 202.8 208.9 214.9 218.7 223.1 228.2 239.8 250.6 257.3 264.3 263.1 258.9 258.3 254 248.6 244.9 241.6 236.1 231.3 229.3 229.7 230.2 230 229.2 229.3 225.5 223.3 220.5 218.2 216.1 215.1 210.5 209.4 208.8 208.6 208.4 208.2 208.5 209.2 209.5 210.1 211.3 210.9 209.6 205 199.2 193.8 190.6 189.3 188.8 188.7 189 191.4 194 195.9 196.8 196 193.9 190.9 189.4 185.7 183.3 182.7 181.5 180.4 181.6
186.8 184.4 183.1 182.4 182.1 183.9 187.6 190.2 189.4 191.6 195.9 200.7 205 210.2 216.6 223.5 226.7 231.2 236.8 247.5 253.4 262.6 263.6 258.1 253.2 249.6 247.2 242.3 237.7 234.3 230.5 229.1 229 228.9 229.3 229.7 229.7 226.1 221.1 218.5 216.9 215.8 215.5 211.6 209.1 208.6 208.5 208.5 207.8 206.8 206.9 208.3 209.3 210.2 211 208.5 204.8 198.8 195.3 191.9 189.8 188.8 188.4 188.8 189.3 191.1 192.2 193.9 194.8 192.5 190.2 188.3 186.2 183.9 181.4 180.4 179.4 179.2
188.4 186.7 185 183.9 184.7 187.7 190.5 192.4 195.7 198.7 199.5 204.9 208.1 213.4 221.3 228.7 232.4 234.2 235.7 243.1 249.4 258.5 258.9 255.2 252.6 251.6 250.3 243.1 237 233.1 229.8 229.1 228.6 227.2 230.7 230.5 229.9 226.7 221.7 217.7 214.6 215.5 215 210.4 208.9 208.3 208.3 208.6 207.5 206 205.2 206.3 207.4 206.8 206.3 205.9 202.7 198.8 195.8 192.3 189.3 188.8 188.4 188.5 188.8 189.4 190.1 190.3 190.2 190.2 190.5 189 187.1 185.1 182.7 180.3 179.3 178.6
186.9 185.6 185.7 185.4 186.2 188.4 192 194.3 197.7 200.8 202.2 207.5 212.2 216.9 224.6 231.3 237.6 242.3 244.7 241.8 245.2 247.8 252.1 253.9 253.8 252.2 250.6 245.9 238.7 233.3 230.4 229.3 229 227.1 226 234 234 226.3 221.7 217.6 214 212.7 210 209.3 208.9 208.7 208.7 208.8 207.6 207.1 206.3 204.7 204.1 202.7 202.6 202.3 200.8 198.6 196.4 192.9 189.4 188.7 188.4 188.6 188.6 188.4 188.2 188.4 188.4 189 189.2 188.5 189.5 189 186 181 179.7 178.7
183.2 184.2 186.8 189.7 191.5 189.7 189.7 193.9 198.3 200.7 203.9 210 217.9 225.3 227.5 231.8 240 247.7 253.1 250.3 244.5 247.7 250.1 253.5 254.8 254.4 252.2 246.6 240.7 233.4 230.8 230.5 230.1 228.5 225.6 224.4 229.6 226.9 224.3 220.6 214.4 209.8 208.8 208.6 208.7 208.7 209.4 208.7 208.2 208.3 207.6 206.4 203.2 199.8 199.3 198.9 199.1 198.8 195.5 194.3 193.3 189.7 188.4 188.3 188.2 188.2 187.5 186.8 187.1 187.8 187.9 187.2 188.5 189.9 190.4 186.1 180.3 178.8
180 184.9 190.5 193.6 195.3 193.7 191.9 195.5 199.1 202 209.6 213.6 219.5 226.5 231.4 234.5 242.6 253.3 258.2 256.9 247.8 249.6 252.4 254.2 255.2 255.9 251.6 245.1 240.4 234.8 230.5 230 229.6 227.4 225.6 223.1 220.8 224.6 229.7 226.4 218.4 210.3 208.2 208.7 211.3 215.8 216.8 212.4 209 209 208.5 206.3 202.6 199.1 198.2 197.3 196.3 194.7 194.3 197.4 198.9 195.4 189.9 188.3 187.9 187.8 187.4 187 186.3 186.8 186.3 185.9 186.7 187.4 188.1 190.3 182.5 179.2
183 188.8 194.3 196.3 196.1 195.4 194.3 196 199.9 204.2 212.1 216.1 221.6 227.6 231.9 239.6 251.1 257.2 260 262.6 255.5 252.2 254.6 253.6 254.2 254.8 251.9 244.9 238.5 233.9 229.3 227.8 227.1 225.4 223.9 222.4 220 217.8 220.3 224.7 221 212.6 208.6 209.3 218.9 224.4 223.9 216.8 212.1 210.4 208.4 205.8 201.9 198.8 197.4 196.3 195.6 196.1 195.4 196.3 199.4 200.6 197.4 191.4 189.2 188.8 187.9 187.2 186.4 185.4 184.7 184.7 185 185 185.2 188.3 187.2 178.8
184.9 191.9 196.1 197.4 194.7 193.7 194.3 196.3 200.4 204.7 210.3 216.1 223.3 228.6 232.4 241.1 251.7 257.8 264.5 265.7 263.3 254.2 254.2 253 252.4 254.4 252.5 246 237.7 232.2 228.1 226.3 225.1 224.8 223.6 222.2 220.6 218.3 214.5 212.4 213.6 212.2 211.3 213.5 221 224.4 223.9 219.9 217.2 213.8 211.4 206.8 202.8 199.2 197.8 196.9 196.2 196.2 196 195.2 197.6 199.9 200.4 197 193.1 190.4 188.4 187.1 184.8 184.3 184.8 184.3 184.3 184.3 184.5 183.4 180.9 179.1
185.3 192.7 195.3 193.1 190.7 193 195.2 195.8 200.3 205.7 210.6 216.3 223.6 229.6 235.4 242.9 252.4 257.6 262.2 264.6 265.3 257.7 254 251.1 250.1 255.5 251.8 244.4 237.2 232.2 228.3 225.4 224 223.9 223.8 222.7 221.1 217.8 214 211.9 211.6 212.5 215.8 218 219.6 221.9 222.1 219.6 217.7 216.2 213.6 209.1 203.7 199.6 198.5 197.6 197 196.4 196.2 196.2 198.3 199.7 199.5 198 195.8 192.7 190 188.3 187.1 186.5 185.7 186.9 188.7 185.7 185.8 185.7 183.8 180.2
184.7 191.2 191.3 189.9 189.3 193.1 193.9 194.7 201.7 209.4 212.1 216.4 223.6 230.9 237.4 245.1 255.2 262.7 266.5 268.2 262.5 256.6 252.6 248.4 244.4 249 248.2 241.9 236.7 232.7 229.5 226.2 223.5 223.3 223.1 222.4 220.2 216.9 212.6 211.4 211.9 213.5 216.4 219.3 220.4 220.4 219.7 218.4 216.7 214.9 213 210 204.1 200.1 198.8 198.4 197.9 197.5 197.4 197.2 198.7 198.8 198.9 198.2 196.4 194.1 192.1 190.9 190.4 190.1 187.8 189.1 190.7 190.8 186.4 185 184.1 180.5
181.1 185.9 187 185.8 186.1 188.8 191.3 193.5 199.2 207.8 211.1 216 223.1 230.4 238.4 249 258.1 266.6 274.1 274.2 260.4 252.2 246.5 243.2 240 239.8 240.9 239.2 234.3 231.1 227.7 224.3 222 221.7 221.4 220.4 217.1 214.1 212.3 211.6 211.6 213.6 215.4 218.7 220.2 219.5 218.3 217.1 215.4 213.5 211.4 208.7 204.9 202.8 200.5 199.7 199.6 199.1 198.6 198.5 198.6 198.3 198.4 197.8 197 196 194.9 194 196.1 195.5 189.6 188.8 189.1 189.8 186.3 184.3 183.1 180.5
176.5 179.4 180.6 181.1 182.4 185.2 189.2 194.1 197.1 202.3 210.8 215.8 222.5 230.7 239.6 252.5 262 265.2 273.8 270.7 257.1 248.9 240.7 236.4 236.2 234.1 234 234 231.8 228.3 225.1 221.8 220.5 220.6 219.8 217.3 214.5 216.3 215.9 215.1 213.9 212.3 212.9 216.5 217.9 217.9 216.7 215.6 214.1 212 209.9 208.2 206.9 204.7 203.1 201.8 201.6 201 200.4 199.7 199 198.4 198 197.7 198 199.1 198.4 197.5 200.2 200.1 195 188.4 187.3 186.5 185.7 183.6 181.7 179.8
174.1 175.6 176.2 178.2 179.4 183 188 195.2 198.3 203.3 208.6 215.7 222.6 231.2 243.1 254.5 261.4 264.1 266 262 252.9 245.8 239.3 231.3 231.7 233.3 232.2 231.4 231.1 227.9 223.9 220.8 218.9 219.9 216.3 215.1 216.9 218.9 219.4 218.4 216.3 215.2 215.2 214.9 216.2 216.4 215.2 214.1 212.9 210.5 209.8 211 210.7 209 207.3 204.7 203.8 203.4 201.5 200.5 200.1 199.4 198.7 198.7 199.2 201.3 201.6 201.4 203.6 204.5 201.4 190.8 186.9 185.5 184.6 182.3 180.2 179.4
172.8 174 175.1 176.7 178.8 181.6 186.9 193.4 197.7 204.7 210.1 215.7 224 232.9 243.6 253.2 257.9 262.6 262.4 254.7 247.8 242.6 234 227.7 225.8 229.6 230.4 229 228.7 226.4 223.4 220.4 217.6 217.5 217.8 218.8 221.1 221.7 222.7 222 220.5 219 217.4 215.3 215.2 215.1 214.5 214.2 215.5 214.2 213 213.7 213.6 213.9 212.2 209.2 206.4 204 201.6 201.3 201.2 200.4 199.8 199.4 201.8 203.5 203.8 203.9 204.4 204.9 200.8 191.7 186.3 185.7 183.8 181.3 179.8 179.6
174.1 173.8 174.8 175.9 177.8 180.6 185.6 193.4 197.5 204.4 210 218.6 228.2 236.3 245 254.8 255.1 256.6 257.7 249.6 242.7 240.4 233 224.5 218.6 222.3 225.8 224.4 224.4 223.7 222.4 220.4 219.3 222.1 224.4 227.2 226.3 227.3 230.6 232.8 228.3 224.2 219.9 217.7 216.8 216 216.2 217.2 219.8 220.4 219.2 217.5 217.9 218.4 217.2 214.6 211.2 206.4 203.4 203.3 202.5 201.5 201 201.3 203.4 204.6 204.7 204.7 203.9 201.3 195.4 189.3 184.3 184.2 183.1 180.3 180.5 181
174.1 174.2 174.3 176 178.1 180.8 184.8 192.7 197.9 202.9 210.7 222.9 232.2 237.9 246.5 253.7 251.7 249.7 249.6 245.1 241 237.2 232.3 222.4 214 213.9 218.9 222.2 222.3 222.2 223 222.9 223.8 226.1 229.2 231.9 230.6 236.4 242.5 245.8 241.2 232.2 223.8 220.3 219.8 219.8 221 221.6 224.5 226.4 224.9 224.2 224.1 224.1 222.8 218.9 215.3 209.9 205.1 207.3 205.4 203.3 201.9 202.1 203.9 205 204.7 204.5 203 198.2 192.8 190.5 186.2 182.6 182.3 180.5 181.4 182.4
174.4 174.5 174.9 176.5 178.6 181.4 186 191.8 197.3 204.4 212.5 223.4 232.6 237.4 243.1 249.3 245.2 243.1 239.7 239.6 237.8 233.3 227.9 218.1 208.5 213.8 219.1 222.1 224.1 224.7 226.8 229.5 228.7 230.1 233.3 239.1 246.4 252.3 254.9 253.8 248.7 241.1 229.9 222.6 223.6 226 227.4 228.5 230.7 231.1 231.2 231.1 231 231.2 228.1 223.5 219.6 214.1 209.8 212.8 212.2 208 204 202.9 204.1 204.6 204.3 204.2 202.7 195.9 190.9 188.3 184.7 181.9 181.8 181 181.2 182.4
174.6 174.6 175.8 177.2 179.1 182.1 187.2 192.8 198.6 206.8 215.9 223.2 233.2 239.6 239.1 240.9 240.8 238.7 236.1 235 231.8 228.1 222.5 211.5 208.5 215.1 217.6 222.4 224.4 229.8 235.5 234.5 230.1 233.3 241.9 250.3 256.7 259.3 260.6 258.8 254.2 245.9 237.8 228.9 229.3 231 232.9 235.4 238.9 239.1 238.3 238.2 238.2 237.3 234.7 230.2 225.6 220.4 215.7 218.5 217.5 214.5 208.4 206.3 207.3 208.9 206.9 204.9 200.1 194.1 190 186.6 184.5 185.6 182.4 181.1 181.1 182.8
173 174.1 175.9 177.9 179.7 182.6 188.3 194 200.2 207.7 216.4 224.2 232.2 236.7 237.9 238.1 235.6 233.6 232.6 229.1 225.5 221.9 215.6 206.6 203.2 210 213.5 219.9 223.8 231.6 235.5 232.9 229.3 238.3 248.5 256.2 260.3 260.7 260.8 260.8 256.2 249 244.7 236.1 234.5 236.5 239.5 243.1 247.3 247 246.8 246.6 246.3 245.1 242.3 237.4 233.3 227.6 225.7 225.1 223.2 220.2 217.8 216.5 216.6 211.9 206.9 201.5 195.5 191.7 188.9 187.6 190.4 193.2 187.9 182 181.4 182.7
172.5 173.7 175.4 178.4 180.2 182.9 189.3 195.4 202.5 209.4 216 223.9 229.5 233.6 235.2 233.9 230.9 228.6 228.4 223.3 215.6 210.2 205.9 201.3 199.1 201.4 205.8 220.5 222.2 225.9 229.9 224.2 234.6 241.9 252.5 258 261.2 261 259.6 257.1 251.6 249.9 251.7 243.8 240.9 244.3 248.7 253.4 255.5 255.6 255.4 255.1 255.9 256.1 251.9 246.7 240.9 235.8 234.5 232.5 231.3 231.1 233.2 230.3 223.9 217.2 206.8 198.4 192.9 189.8 186.3 186 188.7 192.9 191 183.1 183.2 183.5
174.3 173.8 176.1 179.1 181.2 183.9 191 198.3 206.2 212.2 216.2 221.6 226.6 229.8 230.3 227.6 225.4 222.8 222.1 214.8 201.7 201.9 204 198.8 198.4 199 201.1 213.2 220.3 219.7 225.1 231.2 240.5 246.5 251.5 257.1 260.3 259.5 255 250.8 252.5 257.3 255.4 246.1 246.5 251.2 258.1 262.2 263.6 264.3 264 265 266.2 265.2 261.9 256.8 250.8 246.9 241.4 239 238.2 240.8 240.2 234.5 224.8 214.6 204 195.7 189.3 187.8 182.9 185.2 184.2 184.3 188.1 186.7 184.1 184
175.9 174.9 177.5 180.1 181.7 185.4 194.5 202.9 208.3 213.2 216.7 223.1 225.1 224.9 224.1 221.9 219.7 216.6 211.4 200.3 199.6 207 209.6 199.2 198.6 199.1 199.5 203.3 213.9 225 228.9 234.8 239.3 243.7 248.8 252.2 253.9 251.9 253 252.4 251.1 248.4 249.2 248 252.4 262.7 268.1 270.4 271.7 272.6 272.5 275.4 275.9 273.9 270.7 267.6 259.3 255.4 249 247.1 246.1 245 239.9 230.4 218.7 208.5 202.5 191 185 181.4 177 178 178.8 179.7 181.4 183.3 184.6 185.6
178.9 176.7 179.3 180.8 182.6 187.3 194 204.6 214.3 214.2 218.5 223 222.8 219.9 218.8 216.3 212.4 207.6 201.1 197.3 203.9 209.3 208.3 201.8 199.3 199 198.7 199.9 209.1 221.9 227.2 233 235.2 236.5 239.1 242.5 246.6 251.4 253.4 249.3 245.5 244.1 245.4 252.6 262.3 273.1 278.4 280.5 281.3 282.5 282.7 286 282.6 279.6 280.1 275.8 264.5 259.6 254.8 252.5 251.6 247.9 236.6 224.7 211.2 203.1 196.8 189.4 183.5 176.7 172.4 173.1 174.2 175.2 177.6 179.2 181.1 183.2
180.2 180.1 181.4 182.2 184.2 187.9 192.7 203.4 211.7 215 219.9 221 219.8 215.3 212.1 207.6 204.3 199.1 194.1 193.7 200.6 202.9 201.6 200 205.5 199.7 198 201.4 202.2 210.5 220.6 225.4 227.8 229.4 233.1 238.5 243.6 246.1 246.6 243.9 242.6 242.5 248.9 261.3 274.4 286.1 291.7 292.7 293.3 291.5 291.7 291.9 287.9 283.8 282.4 275.9 272.6 265.4 260.3 254.3 253.1 243.1 229.2 215.8 203.4 195.9 189.8 184.5 180.3 175.3 169.7 169.8 171.9 175.1 174 172.3 175.2 176.5
183.4 183.6 182.5 183.5 184.5 188.4 195.4 202 210.8 213.9 215.9 217.3 216.7 213.8 204.5 197.9 197.4 194.9 191 188.6 190.4 194.1 196.2 198.7 201.4 202.6 198.3 201.8 200.8 201.8 205.3 215.4 221.8 226.2 228.3 232.1 235.7 237.6 239 239.7 239.9 241 255.6 269.6 283.4 298.5 304.5 305.2 303.6 299.5 298.4 298.1 291 283 274.8 269.7 267.8 261.9 255.6 249.7 244.2 231.1 215.8 205.8 196.2 188.4 180.6 177.2 174.1 170 168 170 171.6 171.3 170 170.3 171.6 173.6
186.8 185.3 183.7 184.3 185.7 190.2 195.3 203.9 209.6 213.6 213.1 210.2 208.8 206.1 199.1 194.4 192 187.4 184.4 183 183.5 187.6 191.2 194.8 200.7 201.5 198.9 195.2 197.2 197.5 199.9 208.3 216.3 219.2 222.8 225.5 229.1 231.4 232.5 235.7 239.4 247.9 262 276.9 292.7 303.6 308.9 313.1 305.6 304.4 300.6 296.2 289.1 277.2 267 257 251.2 250.5 244.9 237.1 225.9 214.1 205.6 198.3 191.2 184.8 180.9 177.7 171.1 165.8 164.2 165.7 166.6 166.5 166.6 167.2 169 172
190.3 186.9 185.1 185.1 187.2 192 195.2 198.9 203.8 206.2 206.4 200.5 196.5 196.6 196.1 192.4 186.2 181.7 178.9 178.8 180.3 183.7 185.6 188.2 191.3 194.2 195.3 195.7 194.5 196 199 201.2 207.8 214.2 216.9 220.4 223.3 225.1 227.7 232.8 237.2 249.6 265.8 283.5 295.9 304.9 304.5 306.1 300.9 303.9 296.1 288.7 276.3 266.2 256.3 246 238 232.5 227.2 214.5 205.1 204.4 202.2 198.5 193.3 185 184.6 183.8 175.1 164.5 162.5 162.3 161.2 162.5 164 164.2 165.4 168.6
193.1 188.3 186.5 186.7 188.4 188.1 188.6 189.3 193 195.1 196 191.2 191.3 192.8 191.3 187.4 181 176.8 176.5 180.4 183.3 180.7 177.7 178.5 177.2 186.4 192.2 192.3 192.4 193 196.9 198.4 199.2 208.2 210.8 214.6 219.6 224.5 226.9 229.8 234.2 245.1 265.3 281.2 293.4 296.2 289.8 291.8 296.3 298.2 291.1 280.8 264.5 252.9 245.3 234.4 222.9 219.3 209.9 197.2 198 202.2 201.5 200.2 194.5 185.6 180.2 179.5 174.3 165.2 159.2 158.6 158.5 159.1 160.2 160.7 161.4 163.6
196.7 190.1 187.3 187.7 188.2 184.6 182.9 184.2 183.7 183.2 181.8 184.5 188.6 187.8 185.1 182 177.9 176.6 176.4 181 181.1 180.8 173.8 175.1 180.2 184.9 188.2 189.4 188.6 190.6 191.5 195.1 196 198.7 202.2 206.7 212.8 222.7 227.4 226.4 228.3 238.6 255.5 267.5 274.6 273 278.3 283 287.1 284 273.1 261.5 251.2 241.1 232.3 216.3 206.6 202.9 193.9 189.3 193.5 199.2 201.8 199.8 194.5 186.8 179.1 171.8 168.8 163.3 158.7 156.7 156.5 156.9 157 157.2 158 160.5
199.4 192.3 188.7 187.5 187.6 183.8 179.6 177.2 171 171.1 174.8 182.8 182.9 180.1 178.7 176.5 176.4 173.6 172.2 173.6 174.3 171.7 171.4 174.5 175.2 181.4 182 186.1 186.5 189.6 188.6 193.3 192.2 192.7 196.1 201.5 207.1 215.7 222.5 222.7 222.8 232.7 243.4 256.3 258.5 262.9 267.8 271.3 276.5 266.5 258 244.2 238.3 227.8 214.8 202.2 197 194 188.3 183.1 186 192.1 196.1 196.7 191 183.4 177.1 168.2 162.9 159.5 157.4 155.2 154.3 154.6 154.8 154.8 155.4 159.1
200.7 194.4 189.2 185.3 182 181.5 178 171.1 163.8 166.8 173.7 173.2 171.8 170.9 174.2 175.2 174.1 169.1 168.5 170.5 173.4 175.4 172.9 177 174.2 175.2 176.4 180 184.1 184.7 187.8 188.7 190.6 191.9 193.4 196.9 202.8 209.5 215 217.9 219.7 228.3 235.5 244.3 250.3 253.1 259.8 257.8 253.7 247.3 238.3 227.9 222.7 211.3 201.1 190.8 188 192.3 187.8 180.9 179.3 182.7 188 191.2 186.7 180.4 173.7 168.4 164 160.1 157.4 155.2 153.6 153.5 153.6 153.9 154.5 157.6
