data/270000-960000.asc
ncols 200
nrows 200
xllcorner 270000
yllcorner 960000
cellsize 50
[rows 148 to 184 of 200, columns 83 to 165 of 200]
58.1 68.1 69.2 77.2 84.8 90.3 95.4 100.2 108.6 103.9 99.5 94.1 85.5 90.4 105.9 111.7 107.8 119.8 116.3 116.2 110.8 110.2 110 109.7 111.1 113.2 116.4 120.4 123.5 125.3 132.2 143.6 147.2 145.2 142.1 141.3 134.8 136.6 140.6 144.6 146.9 148.4 150.3 149.1 149 149.2 148.9 148.5 148.1 147.7 147 143.4 139.6 134.2 129 126.9 125.8 125.1 124.9 122.3 117.2 111.8 108.9 104.6 105.1 114.3 106.9 101.4 98.2 99.1 92.2 101.9 101.3 101.9 94.9 82.3 79.5 71.1 63.9 63.3 62.2 61 59.4
66 74.3 70.1 76 85.8 88 89.7 92.6 100.4 107.6 105.2 100.8 92.3 96.2 94.3 108.1 114.6 113.9 112.7 107.3 108.7 109.2 109.1 108.1 110.2 112.3 115.2 118.6 122.3 122.9 128.5 138 139.4 138.3 136.4 132.3 129.4 130.9 134.5 139.3 142.9 146 148.7 148.3 148.6 148.9 148.5 148.1 148.2 148.8 149.1 146.3 140.6 135.9 131.7 127.9 127 126.3 125.6 120.1 115.5 110.8 107.4 103 100.9 105 105.9 105.9 103.6 101.1 100.6 101.1 100.2 96.7 91.2 83 77 71.6 68.7 63.6 61.2 59.9 60.4
72.7 78.7 79.8 75.7 83.4 86.9 88.4 91.6 96.6 101.2 105.7 101.3 95.4 96.5 95.5 107.6 113.4 115.2 110.2 105.5 111.1 107.6 107.2 106.9 107.7 111.7 116.5 119.7 123.7 122.4 125.2 132.3 133.7 133.5 131.1 127 126.5 126.5 128.8 133.3 139 143.3 147 148 148.3 148.5 148.2 148.1 148.7 149.3 151.3 150.3 142.8 138.2 133.8 129.8 128.5 127.8 128.5 119.2 115.8 111.8 107.4 104.9 107.6 109.5 110 109.1 106.9 104.7 104.5 103.1 99.6 96.8 87.7 80.1 75.5 74.8 73.1 65.1 62.4 61.1 63.3
80.3 82.9 85 79.7 80.7 86.9 87.3 92.7 95.8 99.9 104.3 103.8 98.6 97.5 100.5 95.9 111.6 114.9 105.6 103.2 102.1 104.4 106.6 108.6 109.2 107.8 117.9 121.3 123.7 119.8 121.6 122.8 126.6 128.3 125.2 128.9 131.1 131.2 128.8 131 135.5 140.8 145.8 147.3 147.9 148.2 148 148.6 149.1 149.5 153 155 147.1 142.6 138.6 132.8 131.4 129.9 133.3 125.3 116.7 112.2 107.5 106.3 109.7 111.3 111.5 113.4 111.6 110.6 109.6 108.7 110.3 108.6 96.7 83.1 80.1 80.5 79.6 68.3 64.3 62.5 65.7
88.8 88.3 83.8 82.1 84 92.6 100 103 107.4 123.1 132.6 126.1 110.7 100.6 101.7 96.9 97.9 98.9 102.5 105 109.4 107.6 108.7 111.3 111.8 111 109.6 115.2 114.9 116.6 115.8 117.7 122 123.2 127.5 130.6 131.6 132.6 130.9 128.2 131.9 137.2 145.3 146.5 147.1 147.7 148.2 148.6 149 149.4 155.3 159 149.7 145 142.6 137.4 134.6 132.2 136.5 131.6 119.8 110 106.2 106.8 109.8 111.7 112.9 116 117.7 117.4 116 115 117 115.8 108.8 93.1 85.5 84.6 80.6 72.8 67.2 66.2 74.4
99.3 98.4 89.7 87.9 92.7 102.6 130 128.8 132.5 139.9 149.3 147.2 131.8 123.4 116.5 107.1 108 111.1 110.3 115.2 117.3 110.8 109.2 112 113.5 116.2 113.3 110.9 113.6 113.9 119.3 121.5 125 128.7 129.5 131.1 132.4 136.3 131.4 129.8 128.5 135.2 145.8 145.8 145.6 146.6 148.3 148.7 148.7 149.4 155.1 159.8 149.4 145.7 143.3 140.5 137.5 135.2 140.6 137.8 122.2 107.8 105.3 106 110.7 114.8 117.8 123.6 125.3 123.9 122.5 120.7 117.4 119.8 108.2 102.5 93.1 94.1 87 78.1 71.6 77.3 82.7
110.7 109.1 107.4 101 121.2 135.6 143 139.7 140.2 142.9 154.6 158.5 150.5 136.9 122.8 114.5 116.6 125.3 127.2 116.8 119 114.7 112.9 114.6 118.4 125.8 121.4 121.7 117.4 123.6 127 125.7 127.5 130.2 131.4 132.6 133.6 133.2 132.5 130.3 129.4 134.7 141 143.3 143.8 145.7 147.9 148.8 149.5 149.7 153.9 157.4 150.3 146.6 143 139.3 138.4 135.6 127.6 128.7 118 107.7 106.4 106.9 114.4 120.2 123.9 127.7 128.8 128.4 127.8 125.7 123.3 117.3 117.4 112.5 101.8 102.6 95 82.8 71 78.8 83.5
134.4 128.9 125.4 116.3 129.2 138.3 142.6 140 140.2 145.2 156.9 160 154.1 138 125.1 119.3 122.6 132.8 137.6 130.3 128.7 126.6 128 123.6 130.8 136.7 134.2 125.8 125.2 132.2 137.1 135.7 131.4 132.1 134.9 134 134.2 134.5 136.7 131.5 130 132.8 136.5 139.7 142.5 144.7 147 148.6 149.4 149.8 150.4 151.5 151.5 147.6 142.2 137.7 131.2 129.2 122.9 117.5 113.4 112.9 111.4 115 123 125 128.8 130.3 131.4 131.5 132.8 130.9 133.5 121.4 114.2 110.9 106.3 105 101.2 92.4 77.5 68.5 79.2
137.5 137.9 129.9 125.2 125.4 131.1 139.6 138.5 137.9 142.4 152.7 155.4 150.5 133.1 124.8 122.9 127.8 137.8 143.7 139.5 134.4 135.5 135.2 135.2 145.4 150.9 156.4 138.8 137.1 146.2 150.3 150.1 143.3 139.6 142.2 143.2 140.3 136.6 136.5 137.6 131 131.6 135.9 139.3 141.7 143.7 146 148.8 149.3 150.3 150.4 150.4 152.5 148.1 142.6 137.3 130.2 123.7 114.8 111.6 111.2 111.4 116.9 118.8 123.7 129.4 131.9 132.8 133.4 134.1 135.7 133.9 139 128.2 113 111.6 110.8 109.1 106.3 103.9 81.1 76.1 71.7
134 135.8 129.6 122 120.6 127.8 132.5 134.7 131.4 137.6 141.6 143.8 145.6 135.5 125.1 124.5 129.2 139.8 150.9 147.1 136.9 139.7 141.1 142.7 154.6 156.2 166.7 149.5 145.5 153.4 158 164 158.2 151.1 151.5 151.5 148.8 143.7 142 142.8 138.1 131.1 137.3 139.3 140.9 142.8 145.3 148.9 150 151 150.8 150.6 149.8 147.5 143.3 138.5 133.7 128.7 120.2 119.6 115 113.4 116.1 122.7 126.8 133.5 134.9 134.8 135.3 135.9 136.1 135.1 136 134.1 120.3 110.9 110.9 107.8 108 108.4 89.5 81.3 73.8
128.3 133.4 134.5 116.8 114.2 119.4 117.3 125.2 121.2 122.7 128.4 134.9 139.1 134.7 125.9 125.4 128.4 140.1 152.5 153.6 142.7 142.5 144.5 143.2 145.4 157.8 170.8 161.7 153.3 157.4 166.1 170.9 164 155.1 153.2 153.5 151.1 150.5 148.9 146.9 142.7 137.8 133.4 136.2 140.6 142.6 144.7 149.4 150.7 151.4 151.3 151.3 150 148 144.6 139.5 136.2 131.3 129.1 123.2 116.7 116.5 113.1 123.1 128.8 135 137.3 136.5 137.1 137.7 137.6 136.4 137.3 132 124.3 113.8 110.1 105.6 105 108.1 92.3 85.8 79.8
122.5 130.6 128.9 110.3 104.4 108 106.4 110.9 115.4 115.1 120.3 126.5 133 131.3 126.6 126.5 128.5 138.8 154.1 156.8 148.4 144 145.8 144.7 144.6 155.6 171.3 168.6 158.7 166.5 171.4 173.8 167.6 155 154 153.5 156.6 156.1 153.2 152.5 149.7 145.4 141.6 134.3 140.9 142.7 144.1 149.8 151.3 152.5 152.3 152.2 150.9 148.4 145.5 140.7 135.9 131.6 132.6 124.4 119.1 119 117.2 125.4 126.8 134.7 135.9 137.6 138.3 139 138.4 136.9 137.9 128.1 119.6 114.4 111 107.5 102.6 101.1 92.1 91.9 84.3
111.7 114.7 112.7 106.6 98.1 99.7 99.6 101.7 106.6 112.2 115.5 120.8 125.1 128.9 128.5 128.2 129.5 136 152.6 156.5 152.3 145.1 146.5 151.4 147.9 149.2 163.9 167.6 164.8 168 172.7 176.2 171.9 160.6 153.3 156.9 159.6 158.1 153.8 154 151.6 152.1 148.6 139.9 145.1 143 144.4 150.7 152.2 153.8 154.1 155.3 153.8 150.4 146.2 142.2 137.6 135.8 136 127.4 122.9 123 122.3 121.5 124.9 133.2 136 138.5 139 139.6 138.8 135.6 136.1 128.5 121.2 115.4 113.2 110.4 103.6 96.3 97 96.8 91.9
85.7 101.3 101 100.9 93.5 91.6 96.5 98.7 102.8 105.9 110.4 119 123.7 126.2 128.8 128.5 130 134.6 148.6 156.5 151.6 146.1 146.7 149.2 153.8 152.6 153.9 164.8 164.1 169.3 172 171.4 164.3 158.3 151.6 155.8 159.6 157.3 151.2 153 146.7 148.7 144.7 143.9 140 142.9 145.3 152.1 153.4 154.7 155.9 158.1 156.5 151.9 147 143.2 138.9 139.8 137.1 127.4 126.9 123.8 125.5 126.3 123.2 131 135.7 138.9 140.1 140.4 140.2 135.9 130.6 126.5 125.2 121.5 117.8 111.4 110 96.7 101.6 98.5 95
92.9 89.6 84.8 85.4 87 86.6 95.3 90.8 97.5 102.1 105.5 116.7 122.1 123.5 126.1 127.9 129.3 133.2 142.8 153.4 148.9 147.1 147.1 148.3 154 153.3 159.5 166.2 164.4 165.2 164.1 161.9 158.6 151.4 150 150.3 150.5 148.8 148.6 151.4 143 142.1 140.8 139.5 140.5 144.1 146.6 154 155.6 157.8 158.9 162.8 161.1 156.2 149.9 143.5 138.7 140.9 137.2 130 127.9 125.8 127.2 128.3 126.2 134.1 137 139.3 141.1 141.2 141.3 140.2 133.9 127.3 126.7 124.6 123.2 112.9 109.9 100.7 99.1 99.6 95.1
108.3 113.2 96.7 102.9 99.8 89.8 85.8 87 88.6 90.8 94.8 107.8 116.8 120.9 124.1 127 128.2 131.5 135.6 146.4 145.2 145.8 146.4 147.6 154.9 157.4 159.5 167.4 163 158.3 156.7 156.3 156 154.5 150.8 149.2 148.2 147.9 146.5 151.7 146.1 142.3 140.8 139.6 142.7 146 148.9 159.5 162.2 160.2 162 166.4 165.9 159.7 153.8 146.2 139.4 143.5 141.5 131.6 129.9 130.1 129 129.6 129.3 135 138.8 141.1 142.8 143.4 143.3 143 141.2 136.8 129.6 126.7 122.4 114.9 108.7 109.7 99.6 103.3 97
114.4 128.9 114.7 109.2 113.7 113.6 102 102 92.2 87.8 90.9 99.3 110.3 116.3 121.2 124.1 127.3 131.3 135.5 139.5 141.4 144.7 146.2 147.6 156.8 159.9 162.5 161.3 163 161.2 156.1 155.7 155.2 157.5 155.7 150.6 149.5 148.7 147.5 144.4 143.7 146.2 146.6 141.1 148.2 149.8 151.3 163.9 166.2 163.6 165.2 169.4 172.6 163.5 159.1 149.2 142.5 143.5 142.6 134.5 134.3 136 135.7 135.9 132 135.1 139.2 142.5 144.9 146.2 146 145.4 144.9 141.3 134 127.1 125.5 122.3 112.2 111.8 100.9 103.1 100.1
116.6 128.5 120.6 108.4 115.6 118 110.9 113.3 110.2 104.2 96 92 107.4 114.4 117.9 120.1 124.1 131 134.8 138.2 140.3 143.1 146.4 147.8 156.3 161.4 160.2 162.8 172.4 167.4 155.3 154.6 153 161.9 159.2 153.4 153.2 151.3 155.3 143.6 143.9 150.5 145.8 139.9 151.8 151.7 152.6 162.5 163.4 164.7 167 174 175.8 166.5 161.8 151.3 143.9 144.8 143.8 140.2 141.1 143.9 144.2 143.3 137.6 136.1 139.1 143 146.7 149 148.3 147.8 147.2 144.4 137.8 131.5 128.3 122.7 115.9 107.9 105.1 112.8 106.2
117.6 126.7 122.4 109.7 116.4 123.3 118.7 121.5 123.9 117.8 115 107.8 106.1 104.2 101.6 116.9 119.3 130.3 133.9 136.8 138.9 142.2 145.7 147.4 155.3 163 161 165.7 181.6 173 156.2 153 151.4 162.3 158 155 153.3 149.9 149.6 147.7 146 142.3 140 144 148.7 151.4 151.2 154.5 159.4 165.3 170.4 177.3 177.3 169.4 164.6 150.5 144.7 148.2 148.7 145.6 149.1 152.9 152.6 151.1 144.4 142.1 143.2 145 148.4 151.3 150.4 149.5 148.6 146.9 143.3 133.5 129.9 128.2 119 107.1 112.3 118.7 112.3
111.5 120.7 121 115.1 124.6 128.1 126.7 128.6 130.5 126.7 122.9 115.1 112.3 114.2 96.6 114.6 118 129 132.1 136.6 139.8 142.3 145.4 146.6 154 163.7 162.9 166.1 179.9 177.2 158.1 151.4 150.6 159.8 157.5 151.2 146 146 150.3 155.3 154.5 148.8 139.6 149.1 148.3 150.4 150.8 151.1 155.1 165.4 172.9 175.7 176.9 170.2 164.1 148.2 147.7 153.6 154.6 152.6 157.5 161.5 163.4 161.6 155 146.8 144.4 145.6 149.7 153.3 152.9 151.5 150.5 149.5 146.1 141.9 133.1 129.5 125 113.9 109.7 116.5 114.3
105.9 111.9 117.9 114.5 125.6 133 131.8 129.8 137 133.6 129.7 125 120.2 119.6 101.7 120.1 123.6 123.6 126.6 134 138.8 142.4 144.6 145.9 152.7 163.8 166.6 164.9 176.3 178.3 163.2 150.7 150.6 157.8 158.1 146.1 146 146 160.3 159.9 156.9 150.7 144.8 149.3 148.8 149.1 149.4 150.1 150.5 164.9 172.3 173 173.5 168.4 160.9 152.4 154.8 159.2 161.4 160.9 164.6 168.5 175.8 171.4 162.3 150.9 145.7 146.2 149.9 153.5 155.3 154 152.2 151 148.8 145.9 137.6 128.4 124.3 114.9 107.8 115.9 116
106.2 110.7 112.8 118.8 127.7 135.1 136.6 128.9 141.2 136.9 132.1 130.3 126 124.5 122.9 126.3 131.9 132 131.8 130.7 134.1 139.7 142.4 144.1 148.6 160.3 165.7 164.6 173.2 180.6 165.6 150.6 151.9 156.4 154.2 146 146 154.2 166.2 162.8 157.4 142.3 145.4 148.4 148.6 148.9 149.3 149.5 149.7 162 170.2 170.8 169.6 167.2 161.7 158.2 159.9 165.2 168.9 169.3 171.6 178.8 180.4 177.5 170.6 155.4 147.1 145.6 148.8 152.1 157.1 156.3 154.4 152.5 150.7 148.8 139.6 131.1 122.7 111.1 107.2 118.4 118
108.6 113.4 124.5 131.7 129.7 138.8 138.7 130 143.4 141.6 136.4 134.9 129.5 127.3 125.8 125.8 130.4 135 133.9 133.7 140.5 140.5 140.8 142.2 144.8 152.2 165.8 165.4 172.1 177.7 165.4 151.4 151.5 152 146 146 147.3 158.1 166.3 164 158.5 143.3 143.5 147.6 148.5 148.7 148.9 149 149.4 158.7 166.3 168.5 168 165.6 163.9 162.7 166 172.3 178.2 177.6 180 184.4 186.5 184.1 176.7 157.2 149.2 146.9 148.3 151.3 155.5 157.8 156.1 154.2 148.8 148.1 141.7 124.8 121.7 115.8 108.8 118.9 121.2
113 113.2 126.6 135.8 137.5 137 140.9 131.6 143.8 143.6 139.7 137.6 130.8 127.6 124.8 122.1 127.3 132.9 134.6 134.8 144.4 145.1 143.7 142.5 144.4 149.9 156.9 165.7 164.8 174.1 165.7 152.9 150.4 152.5 146 146.4 153.4 154.9 158.1 159.5 155.7 147.1 147.3 146.4 146.7 147.8 148.3 148.5 149.8 155.6 162.4 164.4 165.3 166.1 165.2 166 170.5 176.2 182.5 183.5 185.8 189.1 190.1 188.3 178.2 160.7 150.8 148.8 148.8 151.2 153.6 156.7 156.7 157.2 146.3 147.1 143.7 127.7 121.5 119.9 117.8 115.2 113
121.2 116.7 127 138.9 142.6 136.1 141.6 135.1 140.4 144.9 140.9 136 131 125.5 122.7 122.1 126 132.3 135.2 135.5 148.1 148.9 144.1 143.3 144.4 148.7 152.9 158.2 161.6 167.8 166.2 156 150.5 150.8 148.5 148.5 152.3 154.7 155.5 158.4 158.7 151 149.4 146 145 145.8 146.7 147.6 149.9 152.9 158.6 162.1 164.6 166 166.3 168.7 170.9 176.7 182.9 186.4 188.4 191.8 192.1 190.1 179.1 162.5 152.9 151.1 150.5 152.2 153.3 154.4 155.8 156 149.9 136.9 128.8 125 121.5 121.1 121.6 115.7 118.3
130.4 122.5 131.5 139.4 144.5 137 143.5 137.7 142.2 146.9 143.1 137.7 128.8 121.9 121.9 121.9 127 130.3 135.9 135.5 146.3 150.4 144.7 144 144.4 147.5 151.5 154.3 163.4 159.5 162.6 155.1 155.2 156.5 155.8 153.2 150 155.5 158.7 167.5 164.8 157.2 152.3 149.2 145.4 145.4 147.5 148.6 149.5 152.4 157.1 160.5 163.8 165.8 167.2 168.6 171 176.8 182.8 186.8 189 191.2 191.4 187.6 178.6 161.7 154.4 152.6 152.1 152.3 153.3 154.2 155 154.3 150.7 138.7 130.2 122.7 120.8 119.7 116.6 114.7 121
134.6 120.9 136.5 143.4 146 143.1 146.9 139.9 144 147 144.2 139.9 132.1 121.9 121.9 121.8 125.5 128.3 136.6 135.7 144.6 151.3 145.9 144.7 146.3 149.4 152.1 155.3 174.3 167.3 160 158.9 161.5 157.6 155.8 152.5 153 159.1 161.8 167.3 163.4 155 153.1 153.5 149.7 146 147.4 148.5 149.5 152.1 156 159.3 162.7 165.4 167.9 169.1 170.6 175.1 182.6 187.2 187.9 189.9 190.6 185 176.4 162.1 156.2 153.8 153.3 153.1 154.1 155 155.4 155.3 155.3 144.4 134.7 121.8 120.4 119.5 120 118.4 119.4
139.5 129.9 138.8 143.2 144.4 142.9 144.4 144.6 144.8 148.8 146 141.7 134.1 121.9 121.9 121.9 121.9 125.3 136.4 135.9 143.1 152.7 149.2 145.4 147.7 150.4 152.6 154.9 171.9 173.2 161.1 161.2 162.4 159.1 155 150.6 150.6 150.6 155.3 155.9 155.3 154.4 152.3 152 150.4 148.2 147.3 148.7 150.4 154.3 154.8 157.7 161 165.1 168.2 169.4 170.6 173.5 179.9 184.2 185.2 188.1 188.8 184.1 176.1 165.2 158.9 155 154.5 154.1 154.9 155.8 155.9 155.7 155.2 147.3 141.1 128.8 121.2 120.2 122.5 120 118.7
144.2 135.6 136.8 137.7 141.3 141.9 144.2 145.1 148.2 151.1 149.2 146.1 140.4 132.8 124 121.9 123.8 126.3 130.5 135 135 149.3 146.9 147 147.8 149.8 152.1 154.4 165.2 173.7 160.3 161.7 166.6 165.5 158 150.6 150.6 150.6 154.6 155.5 156.7 157.6 152.4 150.4 151.8 150.1 146.7 148.2 151.1 154.2 153.7 155.4 160.1 164.6 167.6 169.6 170.6 171.6 174.6 178.2 181.2 184.7 185.9 183 177.6 166.5 160.5 156.2 155.8 155.3 155.6 156.4 156.7 155.6 152.9 150 142 135.2 128 120.9 125.4 123.5 119
145.2 139.4 130 136 142.4 142.6 143.6 146.3 148.8 149.8 150.5 145.8 139.1 128.3 123.7 121.9 121.9 126.5 137.2 136 135.7 144.9 147.1 147 148.7 151.1 152.8 153.7 158.4 164.2 159 163.4 167.9 163.4 160 153.4 150.6 150.6 159.3 156.7 154.2 150.1 151.8 146.7 146.7 146.7 146.7 146.7 153.9 153.9 151.7 152.6 158.8 165.3 168.9 169.5 170.9 171.9 172 174.5 176.5 181.6 183.5 183.1 178.3 168.3 161.3 157.7 156.9 156.5 156.4 156.9 157.5 155.6 153.4 151.3 144.3 137.6 134.2 122.2 121 119.9 119.1
138.8 136.8 124.5 129.3 141 139.6 142.4 143.9 148.1 147.4 148.5 141.8 136.2 128.9 122.7 121.9 121.9 127.6 138.1 139.1 136.9 142.2 146.4 146.6 150.1 152.4 153.1 153.2 153.2 156.3 159.1 164.7 168.1 162.6 160.1 150.6 150.6 155.6 163.3 154.8 153.5 146.7 146.7 146.7 146.7 146.7 146.7 146.7 151.9 153.5 146.9 149.9 156.9 166.1 169.9 169.1 171.1 172.4 170.8 171.2 173.3 176.4 179.3 182.6 179.5 171.1 160.8 158.9 158.1 157.7 157.2 158.5 158.8 158.8 155.9 152.9 146.8 141 135.9 128.9 120.3 119.8 120
139.7 137.8 130.8 135.5 129.3 130.3 132.3 139.1 147.6 146 146.5 141.1 136.7 135.7 121.9 121.9 121.9 126.2 137.3 140.7 138.1 141.2 145.5 145.5 148.9 152.4 152.8 153.2 153.2 153.2 158.6 164.6 169 162.1 159.8 153 150.6 159.7 169.6 161.1 162.9 155.5 146.7 146.7 146.7 146.7 146.7 146.7 149.8 146.7 146.7 148 155.9 167.3 169.4 167.6 170.7 170.4 169.1 168.7 169.6 171 175.5 179.8 178.3 169.4 161.7 160.3 159.3 158.9 158.6 161.3 164.3 162.3 159.2 155.8 145.4 138.3 134.4 127.4 120.5 120.3 120.8
140.6 140.4 138.5 144.2 137.3 140.7 137.2 138.4 144.7 145.7 144.5 142.8 139.5 137.4 125.1 121.9 121.9 125.2 133.5 139.4 139.3 141.4 143.2 144.4 144.9 151.8 152.9 154.2 153.6 154 158.2 163.3 168 160.9 159 156.5 151.9 164.4 174.3 166.4 165.1 166.3 156.8 154.1 146.7 146.7 146.7 146.7 146.7 146.7 146.7 147.4 153.5 159.6 161.2 163.2 165 165.3 165.8 165.8 166.7 167.6 170.5 175.1 175.5 168.5 163.3 162 160.5 159.7 160.1 165.1 168.7 166.4 162.5 158.5 153.4 141.4 134 121.3 121.2 121.2 125
139.7 141.6 141.2 144.6 140.9 144.9 143.1 145.5 149.9 152.9 150.3 146.7 138.9 132.3 122.2 121.9 121.9 123.9 128.8 139 138.9 140.3 141.5 142.8 144.4 150.8 152.1 153.8 155.1 157.8 159 162 164.6 159.6 157.4 154.8 153.5 164.9 178.7 165.3 162.8 164.7 159.7 162 156.1 146.9 146.7 146.7 146.7 146.7 146.7 146.7 150.7 154.5 157.2 159.2 160.4 162 162.9 163.3 164.1 165 166 168.8 170.8 166.6 164.6 163.4 162.1 160.8 160.6 163.6 169.1 169.6 164.9 161.2 156.2 147.6 138.3 134.5 123 122.9 124.7
138.5 141.2 139 141.2 144.5 150.4 145.7 143.8 150.5 149.8 148.9 149.9 146.3 136.8 121.9 121.9 121.9 121.9 126.9 136 138.6 139.3 141.1 142.2 144.2 150 151.6 153.3 155.3 158.2 160.1 163.4 163.9 160.4 156.8 155.1 155.6 168.3 181.8 170 162.9 164.8 161.9 163.8 161.9 156.4 152.6 149.9 146.7 146.7 146.7 146.7 146.7 148.4 152.5 156.2 157 158.7 160 160.7 161.6 162.5 163.5 165.6 167.3 166.7 164.6 163.4 162.1 160.8 160.5 160.7 166.7 170.4 166.5 163.7 158.6 148.8 138.7 139.3 125 126.4 123.5
136.5 139.1 139.3 133.7 145 151.2 142.7 141.8 145.3 148.7 149.6 151.3 148 140.3 124.6 121.9 123.8 123.6 125.5 127.9 137.1 138.2 140.3 141.6 142.2 147.8 151 152.9 154.1 158.4 159.6 162.2 163.7 161.9 159.5 155.2 158.3 171.1 179.3 173 165.1 163.6 165.5 166.2 167.5 164.1 156.7 154.6 153.8 146.9 146.7 146.7 146.7 146.7 146.7 148.3 152.3 154.3 157.3 158.3 159.2 160.1 161.2 163.3 165.4 167 164.8 163.2 161.9 160.6 160.1 160 161.2 172.2 167.4 164.8 161.9 153.4 138.3 139.1 128.6 123.5 123.1
137.7 138 138.3 134.2 141.7 142.1 138.8 140.7 149.7 149.5 148.7 149 146.3 138.7 129 121.9 121.9 121.8 124.1 127.4 137 136.9 138.9 140.1 140.3 144.8 147.7 150.1 153.9 158.5 160.2 162 163.5 164 163.1 155.7 159.9 168 176.2 174.2 169.4 166.3 165.9 168.6 174.4 169.8 158.9 156 154.3 150.6 147.2 146.7 146.7 146.7 146.7 146.7 148.4 151.7 154.4 156.1 157.1 158.4 160 162.2 164.8 166.8 164.6 163.2 161.8 160.4 159.7 159.6 159.1 163.3 166.1 165.5 162.9 150.7 142.5 136.5 135.5 124.8 125.2
