data/270000-930000.asc
ncols 200
nrows 200
xllcorner 270000
yllcorner 930000
cellsize 50
[rows 144 to 179 of 200, columns 81 to 161 of 200]
164.8 169.9 174.4 183.7 193.6 206 213.5 219.1 214.4 209 203.1 196.6 191.8 186.3 175.4 161.8 153.9 146.8 142.4 140.5 138.6 138.2 143.8 148.4 150.4 152.4 155.4 158.3 164.4 168.1 172.4 176.6 180.7 182.1 187.4 193.5 199 205.8 212.2 218.4 219.5 220.6 220.5 220.7 221.1 221.5 222.4 223.3 223 224.5 225.7 228.9 234.2 240.3 247.9 255.8 264.3 269.7 270.2 267.8 262.1 253.2 243.8 232.9 223.5 213.9 203.4 196.1 188.9 182.4 170.8 160.8 152.7 145.6 141.1 137.4 135.2 133.8 132.6 131.3 129.7
167.3 173.2 181.1 192.1 204.1 216.4 225.8 231.1 229.5 223.9 216.1 208.4 201 194.2 183.7 169.1 158.7 150.1 145 142.6 140.7 139.1 143.9 147.3 150.2 152.2 155.5 158.8 164.8 168.2 171.5 177.6 181.8 183.9 186.7 192.8 198.5 203.2 208.1 213.2 215.2 216.8 217.2 218.3 219.2 220 220.9 221.8 223.2 224.5 225.6 228.9 233.2 239 245.3 252.5 261.7 268.9 273 269.4 263.7 253.5 241.6 231.7 222.7 213 204.1 196.6 191.6 185.5 176.7 164.4 155.4 147.9 143.8 139.7 137.1 135.2 133.8 132.4 131.3
171.6 178.8 187.3 199.1 212.6 222.9 234.3 240.3 241.1 237.7 227.9 219.2 212.8 207 196.3 178.8 166 155.5 148.7 145.3 144 140.3 144.4 146.3 148.9 151.5 155.2 158.8 164.1 168.9 173.1 177.5 181.3 184.5 187.8 192.4 197 201.2 206.1 209.4 212.4 214.2 216.1 217.3 218.4 219.2 220.1 221 222.8 224.5 225.6 229.1 233.3 237.6 242.7 248.6 255.5 264.8 267.9 266.8 261.4 250.7 239.8 231.5 223.3 214 205 197.6 189.9 182.9 175.4 165.7 157 150.7 146.1 142.1 139.5 137 135.4 134 133.1
175.8 183.4 192.5 205.5 216.7 226.7 238 245.7 247.9 248.7 240.5 232.5 228.8 221.9 207.7 191.6 175.6 162.9 154.7 149.1 147.5 146.5 142.8 147.9 149.6 152.2 155.3 158.4 163.6 168.6 173.1 177.6 182 185.6 189.2 192.9 196.8 200.3 204.6 206.8 209.2 211.7 214.1 216 217.3 218.3 219.2 220.6 222.4 224.2 226 229.4 233.5 236.9 238.5 242 245.4 251.7 253.5 254.6 251.8 242.7 236.5 231.3 224.2 215.2 205.9 197.5 188.7 181.3 174.2 166 158.9 153.6 148.7 144.6 141.9 139.3 137 135.6 134.8
180.1 187.6 197.6 212.6 219.8 228.3 239.7 249.5 253.8 255.6 250.1 243.1 237.8 227.9 215.1 200.3 185.7 172.5 162 154.5 151.7 150.1 148.5 147.5 146.3 151.9 154.6 158.1 162.9 167.3 172.4 177.6 181.3 185.3 189.5 193.1 197 199.7 203.4 205 206.9 209.4 211.6 214 215.7 217.4 218.4 220.2 222 223.9 226.2 229.7 234 236.9 238.6 237.8 238.8 240.1 242 241.6 237.1 234.1 230.7 229.3 221 212.4 203.9 195.8 188.7 181.3 174.1 167.4 160.6 155.7 150.9 146.9 143.8 140.8 138.9 137.5 136.3
183.2 191.2 202.8 216.2 223.6 229.4 242.4 250.9 255.7 258 255.9 251.1 242.8 234.8 223.1 209.6 196.7 182.9 171.2 162.1 157.1 154.1 152.5 150.9 148.3 150.2 154.2 157.7 161.8 166.1 171.3 177 180.6 184.2 188.8 193.4 196.5 199 201.7 203.2 204.8 207.2 209.4 211.6 213.7 215.5 217.6 219.9 221.8 223.6 225.9 231.1 234.5 237.9 238.9 238 236.9 236.6 237.1 234.9 233 229.1 225.4 223.7 215.6 208.6 201.7 195.4 189.1 182 174.9 168.8 162.5 157.8 152.7 149 146.1 143.2 141.4 139.6 138.4
186.2 195.8 210 218.8 226.4 234.3 245.7 253.4 258.8 261.6 261.7 258.3 250 242.4 233.2 220.2 207.4 193.6 181 171 164 159.2 157.6 155 152.8 150.7 152.9 156.6 160.5 165 170.3 176.4 180.2 184.8 188.9 192.7 194.1 197.9 200 201.5 203 205 207.2 209.4 211.6 213.9 216.1 218.5 220.9 223.3 226.5 230.4 235.3 238.8 239.4 238.7 236.4 235.2 234.1 232.3 231 226.3 221.7 218.3 213.5 205.5 200.4 195.7 189 182.2 175.2 169.5 163.9 158.8 154.1 150 147.6 145.5 143.4 141.3 140.1
189.8 200.6 212.3 222.3 231.4 239.4 250.3 258.7 264.7 270.9 272.4 266.9 260 254.4 244.6 233.5 220.9 206.3 191.6 180.1 170 164.3 161.8 159.2 156.9 155.4 153.5 155.8 159.8 164 169.4 175.6 180 183.9 187.8 190.5 193.1 195.2 198.3 199.8 201.5 203.2 205.2 207.3 209.8 212.3 214.6 217 219.7 222.5 225.9 229.7 234.6 239.7 241.3 240.9 237.6 234.9 233.8 232 230.1 226.9 223.1 216.9 212.2 207.5 202.3 196.6 189.7 180.8 174.9 169.7 164.8 160.2 155.4 151.1 148.8 147.2 145.1 143 142
192.8 202.9 214.1 225.6 235.7 246.3 255.2 264.6 273.4 279.5 282.9 279.2 274.1 268.6 258.4 247.8 236.8 222 206.2 193.5 177.1 169.4 166.1 163.4 161.3 159.1 156.9 155.4 160.6 165.4 168.9 173.7 178.2 182.4 185.7 188.6 191.3 193.8 196.4 198.5 200.2 202 204 206 208.5 210.9 213.5 216.4 219.3 222.1 225.5 228.7 233.8 240.9 242 240.9 237.7 235.4 233.6 232.3 230.4 226.9 222 216.6 213.1 209.1 204.3 197.7 190.1 181.5 175.4 169.9 164.5 160.7 156.6 152.3 150.2 148.7 146.9 144.7 144
195.7 205.3 217.4 230.3 240.5 249.6 260.5 272.4 282.2 291.3 293.9 292.3 283.8 279.5 269.9 260.1 250.3 233.7 217.3 200 185.3 175.7 171.1 168 164.9 162.6 160.2 158.3 160.8 165.3 169 172.1 177 180.6 183.4 186.3 189.1 192.1 194.5 196.8 199 200.8 202.6 204.8 207.4 209.8 212.7 215.7 218.7 221.7 225.3 227.7 232.9 240.5 241.2 239.2 236.8 236 234.8 233.5 231.5 227.1 221.7 218.1 214.7 210.4 207.3 202.7 194.5 183.9 175.9 170 164.5 160 156.5 153.5 151.6 150.1 148.6 146.5 145.4
198.7 208.1 220.9 232.8 242.6 252 264.4 278.1 287.7 298.8 304 304.9 300.4 288.5 279.9 271.5 262.9 243.3 226 207.7 194.5 183.5 176.4 172.9 170 166.7 163.6 162.5 162 162.1 166.7 170.3 174.9 178.1 180.9 183.8 186.6 189.8 192.6 194.8 197.1 199.5 201.2 203.7 206.4 208.8 211.9 214.9 218.2 221.7 225.2 227.5 231.1 235.6 237.2 237.2 236.7 235.9 235.1 234.3 232.7 228.3 224.4 220.8 215.6 210.4 208.4 204.1 195 186.5 177.6 170.8 164.6 160.3 157.7 155.7 153.9 152.1 150.3 148.8 146.4
201.2 210.5 222.4 233.2 243.4 253.8 266.6 279.5 292.5 304 311.5 313.6 317.2 304.6 290.5 279.6 269.6 254.9 237.9 219.7 206.5 193.7 184 178 174.6 170.6 167.6 167 166.8 164.5 164.7 168.8 173.5 176 178.7 181.4 184.1 187.4 190.1 192.4 194.8 197.3 199.8 202.5 205.3 208 211.4 214.6 217.5 220.5 223.5 226.6 229.2 232.6 235 236.7 236.6 236.6 236 235 232.7 229.6 226.4 222.2 216 208.8 203.2 198.9 191.3 184.9 176.9 169.8 165.3 162.5 159.9 157.7 155.4 153.1 150.8 149.8 148.5
203.2 212.4 223.2 232.1 242.3 257.2 267.3 281.1 295.7 307.4 316.2 320 324.7 318 303.7 292.5 279.8 264.8 253.5 236.3 222.6 206.9 193.4 185.5 180.8 176.1 172.3 170.9 169.8 168 165.4 169.9 172.7 174.9 177.2 179.9 182.1 185.2 187.9 190.5 193.1 195.5 198.4 201.2 204 206.5 209.6 212.6 215.5 218.5 221.5 224.6 227.7 230.6 233.1 234.9 236.6 236.9 237.1 236.1 234.1 230.4 226.6 221.7 215.7 209 202.8 195 188 182.5 174.9 170.2 167.2 164.5 161.3 158.3 155.9 153.6 151.7 150.5 149.5
204.7 213.9 222.9 231.9 245 257.3 267.6 281 295.7 307.5 317.8 323.1 327.9 322.3 311.2 305 293.2 276.9 265.7 254.6 240.1 224.1 207.4 193.9 187.4 182.8 178.1 175.1 172.5 170.8 169.5 167.9 170.6 173.1 175.9 178.4 180.3 183.4 186.4 189 191.3 193.9 196.9 199.8 202.6 204.7 207.3 210.4 213.5 216.5 219.5 222.6 225.6 228.5 231.1 233.2 236 237.6 237.6 236.2 233.8 229.9 225.4 220.7 212.9 207.7 200.7 192.3 184.2 178.5 175.1 171.7 168.7 165.6 162.1 159.3 156.4 154.1 152.4 151.3 150.3
205.5 214 223.6 234.5 245.4 256.2 267 278.6 293.1 304.4 313.3 320.4 323.1 323.3 315 311.6 304.5 289.5 279.7 270 259 233.2 217.6 203.8 194 189.2 184.4 180.4 177.4 174.9 173.3 171.5 170.1 170.6 173.4 176 178.5 181.7 184.8 187.2 189.5 192.5 195.4 198.4 201 203.2 205 208.2 211.3 214.4 217.5 220.5 223.3 226 228.7 230.9 234.2 235.8 235.1 234.8 235.8 231.8 226.1 219.8 212.3 203.7 195.7 188.1 181.7 177.4 174.3 171.2 168.3 165.4 162.4 159.8 157.3 154.6 153.2 152.1 151.1
205.3 213.7 223.4 232.7 242.9 253.9 264.7 275.1 286.5 297.3 306.3 311.9 314.7 316.3 315.5 315.7 311 301.3 294.4 285.4 271.4 248.8 225.4 211.6 201.4 195.4 191.1 186.6 182.7 180.1 178.2 176 174.1 173.1 173.4 174.3 178.1 180.6 182.8 185.1 188 191 194 196.9 199.5 201.7 203.7 205.9 209 212.1 214.8 217.2 220.3 223.4 226.2 228.7 230.3 231.8 232.9 233.4 236.2 232.8 225.4 218.8 211.8 202.9 195 187.2 182.5 178.8 174.7 171.9 169 165.9 162.2 159.8 157.4 155.1 153.7 152.5 151.3
204.6 213.5 222.6 230.5 239.5 249.8 260.3 270.5 280.6 289.3 296.9 300.1 303.8 306.9 308.8 313.3 312.6 306.4 303.1 296.7 283.3 268 246.4 225.2 211.8 202.9 197.6 193.5 189.6 185.6 182.8 180.5 178.3 177.3 175.8 174.3 177.3 180.9 182.8 184.6 186.3 189.2 192.2 195 197.6 200 202.3 204.1 206.7 209.2 211.5 213.8 216.8 219.8 222.6 224.4 225.8 226.4 226.4 227.3 228.6 226.9 221.1 214.6 206 199.8 193.3 188.3 184.2 180.6 175.9 172.7 170.1 166.5 162.5 159.2 157.4 155.6 154 152.6 151.2
205.1 213.1 220.8 227.9 235.3 243.5 254.1 262.8 271.8 280.3 283.4 287.4 291.9 295.8 300.2 307.8 310.7 310.6 307 303.5 292.9 280.1 266.1 247 229.9 216.4 205.2 200.6 196.5 192.6 189.1 186.2 183.1 180.7 179.4 178.2 177.2 180 182.4 184.5 186 187.4 190.3 192.9 195.6 198 200.5 202.5 204.1 206.2 208.5 210.8 213.5 216.2 218.3 220.5 221.3 221.5 221.4 220.6 220.5 218.3 214 208.8 202.3 197.7 191.1 188.2 184.8 181.4 175.9 172.4 169 165.7 161.6 159.7 157.9 156.1 154.5 153 151.9
204.4 211.4 218 224.2 230.5 237.9 246.6 254.5 262.8 269.6 273.3 277.6 281.5 285.4 292.3 301.3 306.2 309.5 310.6 306.9 300.6 291.1 277.6 262.9 247.4 234.4 220.1 208.5 203.3 199.7 196 192.8 189.6 185.6 183.2 181.2 178.2 178.7 181.7 183.7 185.6 187.2 188.9 191 193.5 196 198.6 200.7 202.2 203.5 205.8 207.9 210.8 212.7 214.5 216.6 216.8 216.5 216.5 215.7 215 213.1 209.4 204.1 198.6 193.7 189.8 186.5 182.9 177.9 173.7 169.6 167.1 164.2 161.9 160.1 158.3 156.6 155.5 153.8 152.9
203.7 209.7 216.3 221.3 227.5 233.2 241.3 248.8 255.3 260.8 265.8 269.9 274.1 277.7 283.4 292 299.9 304.7 309.1 309.3 307.8 301.4 291.9 276.8 264.3 249.7 237.4 222.2 212.1 208.8 204.3 199.8 196.2 192.1 188.1 184.1 181.9 180 178.6 179.4 183.1 185.2 188.4 190.5 192.5 194.1 196.6 198.9 200.4 201.6 203.1 205.2 207.5 209.3 210.9 213.3 214 212.2 211.5 211 211 208.7 204.6 200.7 197.6 193.7 188.7 184.7 178.9 175.2 171.7 168.1 166.3 164.7 162.4 160.5 159 158.5 156.8 155.1 153.5
202.2 208.2 213.7 218.6 223.5 228.9 236.5 242.9 248.7 253.9 258.2 262.5 266.7 270.3 275 282.7 291.6 298.3 303.2 309.6 312.1 309.1 303.6 293.4 283.6 267.8 252.8 236.9 224.2 218.3 213.2 208.7 204 199.4 193.9 188.9 185.5 183.8 181.9 182.5 180.7 184 187.7 189.9 191.9 193 194.7 197.1 198.5 199.8 201.8 203.7 204 206 208.1 210.2 210.3 208.9 208 207.9 206.9 205.1 200.7 198.1 196.4 193.3 188.6 184.2 179 175.4 172.1 169.9 168.2 166.3 163.8 161.5 159.6 158.1 156.9 155.1 154.1
199.9 205.3 209.6 214.5 219.3 224.9 231.8 237.7 242.6 246.9 250.7 254.9 259 262.4 267.1 274.7 282.1 290.2 295.4 303.4 310.3 312.9 311.1 306.7 298.5 288.2 269.2 252.3 236.7 228.2 222.8 217.7 212.4 207.8 202.1 196.2 190.1 187.2 184.4 185.1 183.7 182.6 186 188.9 191.1 192.3 193.5 195.3 196.7 199 200.8 200.9 202.3 204.3 205.6 206.9 207 206.5 206.4 206 203.7 202 199.7 197.1 193.5 191.2 188.2 184.9 179.9 176.2 173.1 173 171 167.9 164.8 161.9 160 158.2 156.7 155.6 154.6
197.5 202.3 206.1 210.3 215.1 220.6 226.6 231.9 236.5 240.2 244.3 248 250.7 254.6 259.1 265.8 273.4 280.2 288.1 295.4 302.8 310 313.2 312.7 307.9 301.7 283.2 264.5 250.3 240.5 233.2 227.8 222.6 217.1 209.9 203.8 196.6 191.2 189 187.3 185.7 184.1 185.1 187.5 189.2 191 192.5 194.1 195.9 197.9 198.5 200.2 202 202.4 203.1 204.5 204.9 204.9 204.9 204.3 202.3 199.8 198.3 195.8 192 190.1 188.5 187 182.7 178.5 174.5 176 175.7 170.6 167.2 164.4 161.4 159.4 157.8 155.7 154.5
195.9 199.4 203.2 207 211 215.6 220.8 226.2 229.9 233.5 237.5 240.3 242.9 246.1 250.8 256.7 263.5 270.1 279.3 286.7 293.8 302.4 309.6 312.8 311.5 307.9 299 277.7 266.8 259.2 250.1 241.2 233.6 226.6 219.3 211.4 204 197.1 192.6 189.8 188 186.2 186.7 187.8 189.2 190.6 193.4 195 196.7 197.1 198.7 200.5 202.1 202.3 202.5 202.8 203.2 203 202.8 203.4 201.5 199 195.9 192.9 190.6 189.2 188.7 186.6 183.3 179 174.9 174.1 173.2 171.7 168.9 166.3 163.8 160.9 159.2 157 155.3
194.2 197.8 201.6 205.1 208.7 213.1 217.2 221.6 225.2 227.1 229.3 232.3 235.1 238.2 242.3 248 253.9 260.4 268.9 276.7 281.8 288.9 299.1 302.7 305.5 306.4 304.5 289.2 281.2 280.4 272.8 261.5 247.3 238.7 228.2 219.9 212.1 204.2 198.7 193.7 191.5 189.6 188.4 189.1 190.2 192.4 194.5 196 197.5 198.7 199.6 200.8 202 202.2 202.4 202.6 201.8 200.7 200.7 201.1 198.2 196.8 193.8 191.8 189.7 187.5 187 185.4 182.6 178.1 175.9 172 171.2 170.6 167.6 166.4 165.3 161.4 159.8 157.9 156.3
192.6 196.2 199.9 203.7 207.3 210.4 213.4 217.4 220.8 222 224 226.4 228.9 230.4 233.1 238.3 244.4 251.6 258.7 266.4 271.9 276.3 285.3 291.6 295.1 297.4 298.4 297 297.1 294.2 289.4 283.7 272.7 258 244.4 231 221.3 212.2 205.2 199.9 195.4 193.5 192.5 192 192.6 193.2 194.7 196.2 198.3 200.3 201.1 202 202.4 202.7 203 202.8 201 199.9 198.7 196.4 195.4 192.9 190.7 189.2 187.7 185.6 183.5 184.3 181.3 178.2 174.9 171 169.4 168.2 166.5 165.6 164.8 162.3 160.3 158.8 157.5
191.6 195.1 197.7 201.3 204.9 208 211 214.3 217 217.8 219.4 222 224.7 226.6 228.9 231.3 235.6 242.7 249.7 258 262.5 266.7 273.7 281 285.2 290 294.1 297.5 298.6 298.9 296.4 292.6 286.5 277 265 249.8 235.7 220.4 212.8 206.2 201.1 197.1 195.2 195.9 195.5 195.6 196.6 198 199.3 200.8 202.3 203 203.2 203.3 203.6 202.5 200.9 199.6 198.1 195.7 193.3 190.6 188.6 186.2 185.2 182.7 180.3 179 177.1 174 171.7 170.1 168.6 167 166 165.6 164.1 162.2 160.7 160.2 159.5
190.7 194.2 196.7 199.3 202.5 205.5 208.5 211.5 213.5 215 216.6 218.8 221.3 223.6 226.3 229 231.8 234.8 241 249.1 255.1 260 263.5 270.7 277.5 284.1 289.4 294.8 297.8 300.1 300.4 296.6 292 284.1 274.5 257.9 243.2 228.6 220 212.7 206.8 200.3 198.2 199.6 199.1 199.2 198.9 199.8 201 202.2 203.3 203.9 204 204.1 204.1 202.5 200.9 199.4 197.4 195.1 192.6 189.7 186.9 184.3 183.8 180.1 178.9 176.9 174.1 171.6 170.3 169.3 167.8 167.1 166.2 165 163.6 163.1 162.9 162.3 161.1
190.6 193.6 195.8 198.3 200.8 203.1 206 208.9 211.5 213.1 214.6 216.3 218.3 220.7 223.4 226 228.8 231.3 234.1 239.2 247.5 254.4 258.2 262.5 270.7 277.3 283.2 290.3 295.5 300.6 302.4 299.9 297.8 290.7 278.3 262.7 246.7 233.1 226.8 220 212.6 204.8 200.9 202.5 202.5 202.2 202 201.9 202.5 203.3 204.1 204.8 205.4 206.2 206.4 204.8 202.8 200.9 197.5 194.6 192.3 189.7 186.9 184.9 182.8 180.3 178.1 175.4 173.2 170.8 168.8 168.5 167.7 166.7 165.7 164.9 164.7 164.4 164.2 163.4 162.5
190.4 193 194.8 197.4 199.4 200.8 203.3 206.4 209.6 211.7 212.7 214.4 216.1 217.9 220.2 222.8 225.6 228.4 230.9 234.3 240.8 248.2 253.3 257 263.8 270.8 277.5 284.7 290.5 296.6 300.9 300.4 299.8 294.9 283.3 269.7 255.2 238.4 231.3 225.4 218.5 205.8 203.4 205.5 205.7 205.1 204.7 204.5 205.3 206.1 206.9 207.6 208.3 209 208.9 207.9 205.9 204.1 200.9 197.3 193.9 190.9 187.8 185.5 183.2 180.5 177.5 174.1 172.6 170.8 168.5 168.1 167.7 166.3 166.3 166.2 165.3 165.7 165.1 164.2 162.4
185.4 191.5 193.8 196.6 197.7 199.2 201.8 204.8 208.5 209.9 210.8 212.4 214.2 216.5 217.9 219.4 222.1 224.7 227.7 231.1 234.9 241 246.4 251.9 255.8 262.8 269.2 277.3 284.3 290.5 296.2 298.2 297.2 293.8 284.7 274.6 261.9 248.1 236.4 229.9 222.2 209.8 206.1 211.4 209.3 208.4 207.9 207.2 208.3 209.1 209.9 210.5 211.2 211.9 211.4 210.6 209.1 207.3 204.3 200.8 197.5 193.3 190 187.5 184.9 182.2 178.9 175 172.4 171.2 170.3 169.5 168.5 167.2 167.6 167.3 166.3 165.7 165.7 164.7 163.1
192.8 192.1 191.4 193.5 195.6 199.1 202.1 204.7 206.9 208.4 209 210.3 212.5 214.6 215.7 217.2 219.1 220.9 224.3 228 231.5 237 242.2 246.2 249.1 254.4 261.2 267.8 275 282.4 291 293.4 293.1 291.2 285.8 279.3 268 259.4 249.1 240 230.4 223.1 213.9 213.7 213.7 211.7 210.8 210.2 210.9 212.2 212.8 213.5 214.1 214.7 214.1 213.6 212.6 210.9 208 204.5 200.4 195.6 192.3 189.4 186.7 184 179.7 176.4 174.1 173.2 172.2 170.9 169.5 168.5 168.8 168.4 167.5 166.3 165.8 164.4 164
195.8 195.5 195.7 192.6 196.2 199.1 200.3 202 204.6 205.9 209 210.5 211.4 212.3 213.4 216.7 217.3 219.1 221.8 224.8 228.6 233.8 238.6 241.3 244.1 247.6 252 258.9 265.8 273.8 282.5 287 288.8 286.9 284 279 270.9 264.6 258.5 248.8 240.2 233.2 225.7 217.2 217.3 216.3 214.4 214.2 214.6 214.8 215.7 216.6 217.2 217.4 216.8 218.1 215.9 214.4 211.1 207.3 203.5 199.1 195.8 192.2 189 185.6 181.5 178 175.9 174.8 173.3 171.9 170.4 169.2 170.1 169.2 168.4 167.2 166 165.8 165.9
196 198 198 195.3 196.8 196.5 197.6 199.8 202.6 206.7 209.5 211.8 213.2 214.3 214.1 214.7 215.6 217.4 219.8 223 226.2 230.9 236 239 241.9 245.8 250.1 252.9 256.5 263.7 272.3 278.5 282 282.7 280.5 278 274.8 271.5 267.7 257.9 248.8 243.8 236.8 225.6 218 220.8 218.5 217 217 217.5 218.3 219.2 220.4 222 227.6 230.7 228.5 223.8 216.8 211.1 207 203.2 198.6 194.5 191.2 187.5 184 180.8 177.5 175.9 174.3 172.8 171.3 170.8 170.6 169.9 169 168.2 167.7 167.8 167.9
199.8 200.5 200.2 199.3 197.5 197.6 199.7 201.8 204.2 207.2 209.7 212.1 213.8 215.2 216.6 217.9 217.4 217.9 216.5 221.2 224.2 228.5 232.4 236.1 239.9 243.9 247.7 249.3 250.3 253.1 261.3 269 272.7 275.4 275.9 275.7 275.3 272.9 266.6 260.8 255.7 252.4 246.2 236.3 228 223.4 222.1 220 219.3 219.8 220.3 221.6 225 232.5 237.3 239.3 238.8 233.7 226.4 221 214.1 207.6 202.6 197.6 193.5 190.6 187 183.5 180.2 177.7 176.1 174.6 173.1 171.8 171 170.4 169.8 169.4 169.5 169.6 169.5
202.4 202.8 202.2 201.2 199.7 198.5 199.6 202.1 204.6 207.9 210.1 213 214.6 215.9 217.1 218.4 219.5 219.2 218 219.5 224.4 226.6 229.6 231.7 237.2 240.3 244.5 245.7 245.9 245.9 250.1 256.6 262.5 266.9 268 271.6 269.7 267.6 264.9 260.7 258.7 257.1 250.7 244.3 237.7 229.7 226.8 224.2 221.6 221.5 221.9 224.6 231.9 239.9 245.3 246.8 244.3 237.8 235.3 231.4 224 215 208.7 203.1 198.4 193.7 189.7 185.9 182.9 180.9 178.1 176.4 174.7 173.4 172.7 172.2 171.6 171.2 171.4 171.3 171
