data/270000-770000.asc
ncols 200
nrows 200
xllcorner 270000
yllcorner 770000
cellsize 50
[rows 105 to 139 of 200, columns 78 to 155 of 200]
506.6 501.3 495.6 489.9 484.2 476.9 469.8 461.3 453 445.1 437.2 427.6 416.3 408.2 403.4 398.6 394.2 388.4 373.4 370 383.1 393.9 402.2 406.6 408.3 407.3 403.8 395.4 384 396 411.9 428.1 443.2 450.8 457.7 460.5 461.3 462.5 460.2 455.1 447.6 441.2 436.5 430.2 415 420.9 437.7 451.7 463.6 472 479.3 485.3 489.5 493.8 495.5 495.2 494.7 489.5 495.2 497.5 501.7 507 513.4 518.4 524.1 530.8 536.6 539.3 541.6 542 543.4 544.8 545.8 547.7 549.7 551.1 552.9 554.8
506.4 501.1 495.9 490.7 485.4 479.4 472.4 463.8 455.2 447.1 439.5 430.4 419.8 410.8 405.7 400.5 396.6 391.3 383.7 365.2 376.8 387.8 396.4 401.2 403.1 398.9 390.1 379.4 383.2 403.8 425.2 437.3 448.9 455.6 460.4 462.2 463.1 462.8 459.9 453.6 445.7 438.8 433.6 425.4 414.3 424.6 439.2 452.2 463.5 471.6 478.6 484.4 488.6 493.8 495.1 493.3 492 485.3 490.6 495.5 500.1 506.5 513 519.6 526.5 533.3 538.6 540.9 541.2 541.5 542 542.1 542.8 544.6 546.4 548.2 550 551.9
506.2 501 495.7 490.3 484.8 479.4 473.2 466.5 457.6 449.1 442 433.4 423.5 413.4 406.8 401.7 397.8 393.6 386.9 366 367.8 380.6 389.8 394.3 396 386.3 376 386.3 407 422.8 436.1 445.6 454.6 460 462.7 463.5 464.1 462.8 458.9 451.5 443.2 435.6 429.7 418.2 412.9 426.5 440 451.9 463.3 471 477.8 483.6 489.4 494.8 494.5 491.9 489 478.7 487.7 493.4 499.8 507.6 514.3 521.8 529.4 536 540.4 542 542.3 541.8 540.8 540 539.6 541.3 543 544.7 546.2 547.7
506 500.6 495.1 489.7 484.3 478.9 473.5 467.1 458.9 449.9 442.7 434.6 425.3 416.4 408.4 402.7 398.7 394.7 390 375.6 362.4 374.2 383.8 388.4 386 371.5 383.2 405.6 420.8 433 443.1 451.3 458.3 462.8 465.3 465.3 464.3 462.1 456.5 448.3 440.2 432.7 425.7 415 412.2 427.6 441 452.1 462.7 470.7 477.3 483.1 490.7 493.7 493.8 490.6 487.1 476.5 486.9 491.5 499.1 508.7 515.8 524.6 532.2 538.1 542.2 543.2 542.8 541.2 540.4 538.5 536.5 537.4 539.1 540.7 542.1 544.7
505.7 500 494.6 489.2 483.8 478.4 472.9 466.8 458.9 450.5 442.8 434.4 425.5 416.1 407.6 403 399.3 395.4 391.4 382.4 368.8 366.3 380.4 384.1 379.6 377.1 398.5 416.8 429.7 441.4 450.1 456.7 462.7 465.6 466.4 466.1 464.5 461.1 454.5 446.5 437.6 430.6 422.7 412.9 411.7 428.5 441.4 452.4 461.7 470.1 475.6 480.9 487.5 489.9 490.1 486.6 483.1 472.8 484.1 489.7 498.4 508.9 518.1 526.9 534.7 540.1 542.8 543.8 541.8 540.7 538.5 536.2 533.9 534.2 535.2 536.7 539.1 542.1
505.6 499.2 494 488.7 483 477.2 471.4 465.5 458.6 451 443 434.2 425.3 415.5 406.2 403 399.6 395.9 390.9 384.6 374.4 361.5 373.2 376.1 367 391.5 409.4 425.2 437.2 446.4 455.4 461.3 465.5 467.1 467.3 465.8 463.1 460 452.1 444.5 435.2 428 418.4 410.8 413.2 428.7 441.4 452.7 462 469.1 474.2 478.4 482.3 485.2 485.7 482.6 469.4 476.2 482.5 487.9 498.2 510.1 520.3 529.1 537 542 542.7 542.6 540.8 538.4 536.1 533.8 531.5 531.3 531.9 533.6 536.4 539.3
505.4 498.5 493.2 487.1 481.4 475.7 470 464 457.6 450.2 442.5 433.9 425 413.4 405.9 402.8 399.6 396.5 392.4 390.4 376.5 358.7 364.2 364.5 384.4 400.7 418.6 432.6 443.1 451.7 460.4 464.8 467.4 468.2 468 465.9 463.2 458.1 449.6 441.2 432.9 426.3 408.6 409 416.3 429 442 452.4 460.8 467.4 471.5 474.9 478.3 480.8 481.3 478.4 466.2 475.2 481 488.3 498.6 511.1 523.2 531.7 537.5 541.4 541.9 540.8 538.3 535.8 533.8 531.5 529.1 528.4 528.9 531.1 533.7 536.4
505.7 497.8 491.4 485.2 479.6 474 468.5 462.5 456.1 449 442 433.3 423.2 413 404.7 401.5 398.2 394.7 390.7 376.8 365.6 357.1 362.1 379.1 392.8 409.1 428 437.1 448.2 457.2 463.3 467.2 468.7 469 468.4 466 462.1 456 447.5 439.1 430.6 423.5 407.6 407.6 418 430.3 441.7 451.5 458.7 464.4 467.9 471 474.4 477.5 477.7 473.8 461.7 473.6 479.3 488.7 499.6 513.1 525.8 532.5 538.2 540.8 540.6 539.4 536.4 533.3 530.6 528.7 526.8 525.5 526.3 528.7 531.3 534
503.8 496.5 489.6 483.4 477.7 471.8 465.6 460.4 454 446.8 439 431 420.8 410.8 403 400 396.7 393.3 389.4 371.8 358.5 358.5 372.1 386.1 401.7 417.6 432.9 440.9 452.5 460.1 465.2 468.2 469.2 469.1 468.3 465.4 460.8 453.9 445.1 436.2 428.4 421.9 406.8 407.1 418.2 429.7 440.8 449.4 456.2 461 464.5 467.6 470.7 473.9 474.2 471.7 459.9 469.6 479.6 489 502.2 515.7 527.5 534.5 537.9 539.7 539.6 538.1 534.4 530.6 528.2 525.6 523.8 522.7 523.9 526 528.4 530.8
501.3 493.6 487 481.1 474.9 468.1 462.4 457.5 451 445.1 437.3 428 418.4 408.5 401 397.2 394.4 391.5 384.4 376.1 358.7 361.4 380.4 392.5 409.1 424.7 437.8 444.9 455.5 463.2 466.6 468.4 469.6 469.2 467.6 464.2 459.2 451.6 442.6 433.6 426 420 405.6 405.9 418.3 428.3 438.3 445.8 452 457.7 461 464.2 467.5 469.8 470.9 469.4 455.5 472.9 479.7 489.9 504.7 519 530.2 535.4 538.6 539.3 538.4 536.7 532.9 528.8 526.1 524.3 522 520.3 521.1 522.8 525.3 527.7
497.8 490.7 484.3 478.5 472.7 465.6 460.2 453.9 447 443.2 439.9 426.1 416.6 406.9 400.3 396.6 393.5 390.4 389.8 378.8 362.1 369.2 386.5 399.1 416.4 431.5 442.4 448.8 458.5 465.2 467.7 468.1 468.8 468.6 466 462.4 457.1 450 441 432.1 423.9 417.6 403.6 404 418.3 427 435.2 441.6 448.1 454.5 458 461.3 463.9 466.2 468.1 461.5 460 473.4 480.9 493.3 510.4 522.5 533.2 537.6 540.2 540 537.9 535.4 531.5 528.1 525.3 523.1 520.8 517.7 518.3 519.7 522.2 523.9
493.9 487.8 481.2 475.7 470 463.1 457.8 451.3 444.4 441.8 439 424.8 415.4 404.9 399.2 394.4 391.6 381.5 381.7 372.3 355.6 377 393.9 408.1 420.9 435.9 444.8 452.9 462 467.2 468.2 468.6 468.9 467.1 464.3 460.9 455 448.1 439.5 430.7 422.7 416.4 403 403.8 417.2 425.1 432.8 438.9 445.3 451.1 454.6 458.2 461 463.3 465 450.5 463.9 473.8 480.8 497.5 514 525.8 535.4 540.3 542.4 541.7 538.6 535.8 532.1 528.6 524.9 522.3 519.7 516 514.4 516.6 518.8 519.7
489.9 484.6 478 472.9 467.1 460.8 455.8 449.4 442.7 440.4 435.3 423.3 412.9 403.3 398.3 393.3 385 376.6 373.6 367.4 355.6 382.5 399.3 414.8 424.6 439 445.2 454.2 463.4 468.3 468.6 469 468.6 466.5 463.2 459.1 453.6 446.5 438.4 429.5 421.3 412.3 401.1 407.8 415.7 423 430.5 436.4 442.6 447.8 451.4 455.4 457.9 459.8 451 455.6 467.9 474.2 485.3 503 518.2 529.7 537.7 542.9 544.6 544.2 540.4 536.7 533.9 530.4 525.9 521.6 518.7 515.6 509.8 513.5 514.6 515.5
486 480.7 475 469.9 464.2 458.2 452.6 447.4 442.1 440.4 429.3 421.6 412.7 402.5 396.9 391.9 384.2 367.8 358.3 353.1 367.5 388.1 403.7 418.3 430.4 440.7 446.4 454.7 463.3 468.3 469 468.9 468.2 466.1 462.2 457.8 452.3 445.3 437.8 429.3 420.6 408.6 399.8 401.6 414.2 421.8 428.1 434 439.9 444.6 448.6 452.7 453.7 446.1 446.5 460.9 468.4 475.6 491.8 507.7 522.6 533.3 539.9 545.3 547.4 546.4 542.8 539.1 535.8 531.7 526.7 521.3 517.4 514.5 511.6 508.4 510.8 511.7
481.8 476.7 472.2 467.2 462.2 456.7 451.3 445.6 440.7 435.5 425.1 419.1 410.4 400.4 395.5 390.7 375.6 356 349.7 351 370.4 389.2 405.8 420.1 433.6 441.9 448.2 457 463.8 467.3 468.9 468.7 467.9 465.4 461.3 456.4 451.4 445 437.7 429 421.1 410.6 399.9 399.8 414 419.5 425.3 431.4 437.4 442.7 446.6 442.7 440.9 451.2 457.6 463 469.1 480 496.7 512 527.3 536.8 544 548.9 550.6 549.8 545.2 541.6 537.6 531.4 525.7 520.8 515.7 512.6 509.7 504.4 507.6 508
478.8 474.5 469.7 465.6 460.8 455.4 450 444.4 439.5 429.7 422.9 416 408.5 398.8 394.1 389.6 376.2 353.8 348.1 352.8 371.6 390.5 407.2 421.5 434.9 442.8 448.5 457.6 464.4 467.1 469.4 468.8 468.6 465.7 461.1 455.8 450.8 444.5 438.1 430.6 422.8 410.8 397.5 400.1 411.2 416.7 422.4 428.5 434.6 439.4 438.6 443.3 448.8 453 457.7 463.6 471.2 486.2 502.4 517.4 532 540.3 548.2 553 554.5 554.7 549.8 544.7 538 531.2 525.1 520.2 515.2 510.7 507.7 504.4 502.9 504.2
475 472.2 468.3 464.6 459.6 454.5 449.5 443.5 439.4 428.4 421.1 414.4 405.9 397 389.4 379.8 376.1 347.8 348.7 356.6 374.8 392 408.9 422.3 435 442.7 449.7 458.6 464.1 467.8 469.5 469.5 469.4 466.4 460.8 455.3 450.1 443.8 438.2 429.7 422 408.6 396.2 397.3 408.9 413.9 419.6 425.8 432 435.7 432.5 444.2 448.3 451.9 456.1 461.8 475.2 491.7 508.2 523.5 534.9 545.3 553.2 557.7 559.4 558.7 554.8 548.1 538.5 530.8 523.5 518.3 513.4 508.9 505.5 503 496.5 500.6
471.9 470.1 467.2 463.2 458.2 453.1 449 442.9 439 428.9 421.5 414.3 406 396.1 391.9 384.8 367.1 346.7 347.7 357.3 376.6 394.3 409.7 423.3 435 442.7 451.2 459 463.6 468.2 469.5 470.3 472 467 461 454.9 449.5 444.1 438 430.2 423 416.4 394.8 395.1 405.7 411.1 417 422.6 428.1 429.9 438.4 445.5 448.8 452.1 455.8 465 481.2 497.4 513.7 528.7 541.9 551.2 558.6 562.8 564.3 564.3 558.1 551.1 539.5 529.4 520.7 515.6 511.1 506.8 503.3 501.2 498.1 495.5
470.1 468.3 466 461.8 456.8 452.8 449 443 439.4 430.4 422 415 405 396.4 391.6 386.9 372.3 352.1 344.5 358.4 378.8 394.6 409.9 424.8 435.9 442.5 450.7 458.1 462.7 467.3 469.5 472.6 472.8 467.5 461.2 454.9 449 444.2 438.6 431.7 424.7 417.7 399.1 393.6 398.4 410.4 414.1 416.4 424.3 431.5 437.4 443.2 448.5 452.5 456.6 470.8 487.5 503.4 519.7 536 548.6 557.1 563.4 567 565.7 563.5 556.2 546.7 537.2 527.2 518.6 513.2 509 504.7 501 498.9 496.8 489.1
468.4 466.5 464.8 460.4 456.6 452.8 448.6 443.3 439.9 431.1 423.4 415.9 404.4 395.2 390.9 386.8 373.2 347 344.4 358.8 377.7 394 408.6 423.6 435.9 442.8 451.2 456.9 460.7 465.3 468.8 474 471.7 466.6 460.1 453.7 448.5 443.9 439.3 432.5 425.6 418.9 404.8 393 394 407.3 404.1 417.8 423.6 429.6 436.5 442 447 451.9 462.2 476.2 494.2 509.7 526 542.2 553.5 560.4 561.9 562.1 560.8 557.3 551.2 542.9 533.5 523.8 514.5 510.1 506.2 502 498.4 496.1 493.6 489.7
466.9 465 463.4 460.2 456.5 452.8 448.5 443.7 439.6 433.3 424.9 415.3 403.6 393.8 389.5 381.4 362.9 347.2 344.6 358.2 376.8 393.4 407.7 422.1 433.9 443.5 450.7 456.1 460.6 463.8 468.4 473.4 470.4 465.9 459.2 452.8 448.1 443.7 439.2 433.2 425.7 419.7 413.1 392.5 389.9 392.9 406.2 414.4 420.6 427.6 435.1 440.9 446.1 452.4 468.9 483.8 501.1 516.7 531.8 545.3 556.4 561.4 561 558.5 554.6 551.2 545.4 537 528.3 518.6 510.5 505.8 503.5 499.2 495.8 493.5 491.2 487.1
466.6 464.9 462.9 459.8 456.1 452.3 447.6 443.9 441.8 437.7 425.9 414.7 403.3 392.8 388.7 385 365.1 344.6 342.3 357.1 375.1 391.3 405.8 418.9 432.7 442.6 448.9 453.9 459 464.1 468.5 471.1 468.9 463.6 458.4 452.5 448.3 444.3 440.1 433.1 425.1 418.9 414.3 392.6 388.7 394.6 404.7 412.2 418.2 427 434 439.7 444.7 460.8 477.6 491.1 506.9 522.1 536.1 548.6 556.7 559 559.2 556.1 552.8 548 539.5 530.2 521.5 512.2 505.6 501.7 500.5 496.3 493.1 490.8 488.4 485.1
466.4 464.4 462.4 459.4 455.7 451.9 447.6 444.1 441.7 435.2 425.1 413.6 402.3 392.3 387.5 383.2 364 340.1 341.2 355.1 372.6 388.7 403.3 417.5 431.7 444 447.3 452.2 457.5 462.3 467.1 468.1 466.9 462.5 457.3 452.6 448.5 444.4 440.4 434 425.5 418.8 415.4 406.4 387.9 391.9 399.9 408.9 417 425.4 431.7 436.2 454 467.9 480.3 496.4 511.4 527.1 538.5 547.8 552.8 555.8 554.6 553.2 549.1 544.5 534.7 524.8 515 506.4 500.8 497 496.3 493.4 490.4 487.8 485 482.5
464.9 463.1 461.5 459 455.2 451.2 447.8 444.2 440.8 436.2 423.7 412 401 391.3 385.7 382.1 361.5 343.5 340.1 350 369.6 386.2 402.3 416.5 430.8 442.1 447.2 450.8 455.8 460.3 464.1 465.4 464.9 460.6 455.9 451 447.4 443.9 440.2 434.4 425.7 418.2 414.6 410.5 391.5 387 396.9 406.3 417.3 423.2 430.2 447.2 459.5 471.3 487.5 502.5 516.5 530 538.9 546.2 548.3 549.7 549.3 548 544.1 539.2 529.7 519.8 509.9 501.9 497.3 495.6 493.9 490.5 486.9 484.2 481.7 479.3
463.6 462.2 460.6 457.5 453.6 452 447.9 443.3 439.3 433.3 422.6 410.5 399.6 390.9 385.3 381.8 375.7 355.8 337.6 345.9 365 383.6 400.7 415.9 429.3 440 446.9 449.9 453.4 457.3 460.4 462.7 462.5 459.3 454.7 449.1 445.4 441.8 439.5 433.8 425.6 418.7 413.6 410.5 403.5 386.8 394.8 403.6 412.6 422.4 435.5 447.8 459.4 475.9 492.2 507 519.6 531.5 539 544.7 545.4 544.7 543.5 542.4 539.3 533.1 524.2 515.4 505.4 497.6 495 494.8 492 487.6 483.9 481.2 479 476.9
463.2 461.6 459.2 458.3 457.6 451.8 445.6 441.4 437.4 430.3 420 410.4 399.7 389.6 384.2 381.5 373.5 361.9 339.8 342.4 361.2 380.8 398 414.7 426.5 436.8 445.6 449.3 450.9 453.9 456.9 459.9 460.6 457 453.6 447.9 443.3 441.4 438.6 432.9 425.5 418.7 412.9 410.4 404.6 386.7 388.2 398.4 409.9 422 436.5 450.5 465.6 481.8 496.6 510.7 520.5 531 537 541.9 542.5 541.3 539.8 537.2 533.5 527.5 518.8 510 500.9 494.6 492 489.4 487.7 485.3 482 478.6 476 474.4
463.6 463.1 462.3 461.3 458.2 453.5 447.3 441.1 434.1 424.3 415.4 407.7 397.8 387.1 383.1 379.8 376.6 362.9 343.9 339 358.8 379 395.7 412.2 424.7 433.4 441.2 448.3 449.3 451.6 454.3 457.2 458.7 455.5 451.8 447.6 442.4 440.6 437.8 432.3 424.7 416.9 412.4 409.4 406 387.2 384.2 398.3 409.9 425 441.4 458 470.3 485 498.3 510.2 517 527.5 534.9 538.3 539 538.1 536.7 533.8 528.8 522 514 505.5 496.1 491.1 487.4 483.6 483.2 480.8 478.2 476 473.7 472.4
464.8 464.3 463.7 461.9 458.1 453.9 447.3 441 433.5 422.5 411.9 404.8 394.7 385.9 380 377.4 375.4 366 345.1 337.3 358.4 377.7 393.6 409.5 422.1 431.1 438.3 444.4 447 449.6 452.4 453.9 456 453.7 451.2 446.5 441.9 438.8 436.3 431.6 423.9 415.9 411.5 408.5 404.2 385.7 380.9 399.1 410.1 424.1 441.6 457.8 470.6 486 498.9 508.6 514.7 522.6 531.1 534.3 535.9 535.5 533.5 530.5 526.1 517.9 509.6 501.6 492.1 486.8 483.1 480.5 480.8 478.6 476.3 474.1 471.8 469.8
465.4 465.4 465 463.1 458.7 454.5 447.5 440.6 432.5 422.6 411.8 402.7 392.3 384.7 379 375.6 372.8 363.8 339.4 336.4 356.4 374.1 390 406.2 419.7 428.5 435.7 440.6 444.9 447.6 449.7 451 452.1 451.1 449.3 444.8 440.6 436.4 434.2 430.3 423.1 415.4 410.6 407 402.4 385.2 380.4 400.3 411.2 423.9 439.8 455.9 469.4 483.3 497.1 506.2 511.6 516.9 525.1 529.8 531.7 531.2 529.5 527.7 523.5 515.6 506.7 498.3 488.2 482.5 479.1 478.6 477.7 475.8 473.8 471.9 469.9 467.6
466.1 466.1 466 464.2 460.2 455.2 448.5 441.1 432.8 422.5 410.8 400.7 390.7 383.7 378.2 371.3 371.7 360.6 346.1 334.4 355.6 375.4 391.6 406.3 418.3 426.3 433 437.6 441.7 445.2 447.1 448.1 449.1 448.7 447.5 443.6 439.3 435.7 433.1 430 423 417.3 410.6 405.2 401.4 384.4 380 400.3 411.8 424.1 437.7 454.1 465.5 477.4 490.9 502.3 507.5 511.7 518.6 521.9 524.8 528 529.5 525 520.1 512.6 503.9 494.4 484.1 478.6 475.8 475.2 474.6 472.7 470.8 468.9 467 465.1
467.2 467.7 468.2 466.3 462 456.6 450.3 442.7 434.1 423.6 412 401.1 391.8 382.9 376.9 369.8 369.1 360.1 346.3 332.2 355.5 376.3 391.5 404.8 415.6 424.5 431.5 434.8 438.5 442.3 444.5 445.9 446.4 445.7 444.5 442.2 438.7 435.9 433.2 430.2 421 412.7 406.7 403.1 398.7 382.5 378.9 400.8 410.8 424 436.3 450.4 461.5 470.2 482.4 494.3 503.1 504.9 511 515.7 520.8 526.9 525.1 521.6 516.2 508.7 500.3 490.7 481.2 475.7 472.7 471.8 471 469.9 468.2 466.3 464.4 462.5
469.3 469.9 470.4 468.3 463.8 458.2 452 444.2 435.2 424.7 413.2 402.5 393.8 384.8 375.7 370.7 354.5 353.7 337.7 333 356.7 376.9 388.4 402.2 412.4 421.9 428.5 431.8 435.3 438 440.8 443.6 443.6 442.7 441.7 440.1 437.8 434.8 431.8 427.3 418.9 410.4 404.2 400.3 397.1 379.3 381.2 400.1 408.7 421.5 434.3 446.7 455.9 464.6 473.7 485.7 495.3 499.4 504.8 511.3 516.6 517.9 516.1 513.6 511 504.3 496.4 487.5 478.8 474.3 470.7 467.5 466.7 465.8 464.6 463.5 461.7 460
470.1 471.7 472.1 470.1 465.4 459.8 453.8 445.5 436.4 425.8 414.4 404.6 395.9 385.1 376 369.7 360.3 344.2 334.8 335.1 357.8 376.6 388.4 399.4 409.5 417.3 424.5 428.3 431.2 434.5 438.5 441.2 442.1 441.1 440.5 438.6 436.4 433.9 431.2 426.4 418.8 411.1 402.4 397.7 395.3 378.5 384.8 399.3 406.2 418.9 430.8 442.2 452.2 460.5 468.6 480.9 490.6 496.5 500.3 505.1 507.1 508 508 506.7 504.2 499.3 491.6 484.8 476.4 472.3 468.5 464.3 462.7 461.6 460.5 459.4 458.2 457
470.1 472.9 473.4 471.9 466.5 461 455.4 446.7 437.6 426.9 416.8 407 397.8 386.5 378.2 371.5 364.1 352.3 333.6 335.8 359.4 375.1 385.9 396.4 406.5 413.5 420.5 424.6 428.5 432.5 436.4 438.6 440.3 440 439.7 438.3 436.8 434.5 430.4 425.4 417.7 409.5 401.3 396.6 391.9 378.4 376.5 396.2 403.2 415.7 428.1 437.7 447.5 455.5 465.6 480.5 485.7 488.3 490.4 493.9 496.4 498.4 498.3 498.1 495.7 493.2 486.7 480.1 474 469.7 465.9 462 459.7 458.1 456.6 455.6 454.5 453.5
470 472.9 474.6 473.1 468 462.5 456.4 448.2 439.4 429.5 419.2 409.5 399.6 388.3 381.8 371.5 364 349.1 331.5 336.9 358.4 371.9 383.4 393.9 402.7 409.6 417.1 422.4 426.4 430.4 434.4 436.1 439 440.2 439.9 439.3 437.6 434.4 430 424.5 417.2 408.7 402.1 395.2 390.9 378.8 372.9 394.3 401.9 412.5 423.3 434.6 444.8 451.9 462.1 470.9 476.6 479.5 481.8 483.6 485.6 487.8 488.6 488.8 487.5 485.2 481.7 475.5 470.6 466.5 462.9 459.3 456.7 455.1 453.8 453.1 452.2 451.2
