data/270000-760000.asc
ncols 200
nrows 200
xllcorner 270000
yllcorner 760000
cellsize 50
[rows 70 to 104 of 200, columns 0 to 77 of 200]
360 368.4 369.1 370.4 373.3 379.2 381.6 384.5 388.9 393 396 399.1 402.7 405.8 411 414.7 421.1 425.1 428.8 432.5 435.7 438.1 441.4 443.4 437.9 440.7 440.2 443.1 445.8 444.8 442.9 437.8 438.7 429.7 422.4 419 418.3 417.6 417.2 412.9 412.4 412.5 412.4 412.2 413.7 414.6 414.5 414.6 417.4 421.3 423.9 425.9 427 429.3 431.2 433.3 434.9 435.7 435.1 434.2 432.6 432.5 431.1 428.4 425.9 423.3 421.8 420.7 418.6 416.3 414.2 411.6 408.1 406.3 404.1 402.4 401.4 402.3
350.7 356.1 359.9 362.1 363.8 367 370.7 373.7 377.7 381.6 385.1 388.9 393.9 397.7 401.5 406 410 414.9 417.4 421.7 422.9 425.9 427.9 429.1 429 429.9 430 433 436.2 437.9 433.8 429.1 435.1 429.5 429.2 426.4 424.9 422.2 416.5 410.9 411 411.3 411.7 411.9 413.1 413.6 415 416.5 418.2 421.4 423.8 425.9 428.3 430.3 432.5 434.6 440.3 436.7 436 433.9 431.7 430.8 429.8 427 424.4 421.3 419.1 417 415.3 413.2 411.1 409 406.2 404.6 403.3 400 397.5 399.7
344.5 346.4 352.1 355.1 357.4 359.4 361.5 365 367.5 371.1 374.8 379.5 383.6 387.9 391.8 395 401.4 404.2 407.8 410.7 413.7 416.6 420.1 419.5 418.1 422.6 423 423.1 423.5 422.9 423.1 428 430.7 429.7 432.5 435.2 430.7 426 418.8 410.8 409.5 409.9 410.3 410.3 410.2 412.2 415.1 416.7 418.8 420.8 422.8 424.5 426.6 430.1 434.2 436 434.4 441.1 437.4 435.1 432 430.5 429 426.5 423.9 420.6 418.1 415.6 412.3 410.2 408.1 406 404.3 403.6 400.2 396.9 394.6 397.7
341.2 342.4 343.5 347.5 351.3 352.9 354.4 356.5 357.5 359.8 364.4 369.1 372.6 376.1 379.3 383.1 387.7 391 396.8 399.7 403.2 406.8 411.9 410.8 410.2 414.1 411.8 413 412 412.2 417.1 421.1 418.7 428.7 434.5 439.3 435.3 426.9 418 410.7 409 408.5 409.4 409.8 408.4 407.7 409.2 411.9 416.1 419.1 421.7 423 425.2 428.8 433.3 436.5 438.8 442.1 439.6 434.8 431.3 428.6 426.5 426 423.3 419.1 415.5 413.1 409.6 407.4 405.7 403 400.9 400.1 396 392.8 393.5 395.8
342.4 338.7 339.7 342 345.8 348.7 348.6 349 350 352.8 354.8 359.4 361.8 364.3 367 371.1 373.7 377.9 383.1 387.2 389.7 396 400.3 397.6 399.1 399.7 400.1 402.1 402.7 405 410.1 414.7 417.7 419.7 433.3 433.7 428.9 423.7 417.6 412.8 413.4 408.2 408.1 408.6 408 406 404.3 405.1 406.8 412 416.6 420.6 423.3 425.3 428.5 432.2 437.3 438 435.7 432.9 429.9 425.3 422.5 419.7 418.9 414.9 412.4 410.1 408.1 405.8 403.7 401.1 398.4 396.3 393.8 391.3 391.4 392.5
343.6 340.9 334.2 338.1 340.6 341.8 344.7 345.5 344.8 346 346.5 348.4 351.1 354.6 355.5 359.2 362.7 367 370.6 374.4 376.9 382.3 384.9 383.7 387.4 390.9 395.2 397.9 397.9 403 405.3 407.8 411.3 415.5 417.9 427.3 423.9 417.4 412.2 412.8 411.7 409.6 408.3 407.3 409.1 407.4 404.1 401.5 401.7 404 406.6 412.5 417.5 420.4 422.4 426.2 432.4 433.4 432.5 430.3 427.6 424.6 420.6 420.3 419.8 418.2 415.4 413.8 409.9 409 405.3 401.3 397.2 394.7 391.7 389 388.6 389.2
340.9 338.8 335 335.5 335.9 338.5 339.8 339.4 339.5 340.9 340 341.7 343.4 346.7 348.6 350.5 352.7 355.1 360 364.5 367.1 372 371.9 372.7 376.3 381.5 385.9 389.6 391.8 394.7 397.5 406 407.2 405 407 418.4 421.7 415.3 409.4 406.5 406.5 408.1 408 408.8 409.5 409.7 409.2 403.7 400.3 400 402.2 406.5 410.2 414.8 417.2 420.9 426.7 430 428.8 426.5 424.1 421.2 418.5 417.8 416.9 414.5 413.2 410.9 409.8 407.3 404.5 401 396.8 392.8 389.1 386.5 385.9 387.2
341.3 337.8 335.5 332.4 323.8 327.6 331.6 333 334.1 335.1 337.4 336.6 336.7 339.7 341.9 343 344.8 347 350.2 353.3 357.1 361.4 360.3 363.1 368.1 372.8 376.7 380.6 382.6 387 392.3 397.9 398.4 399.5 401.3 403.2 411.9 410.9 405.5 401.1 402.6 405.6 407.4 407.4 409.4 409.5 411.6 407 401.7 399.2 399.1 401.2 405.5 410.9 412 416.3 420.8 423.9 423.1 422.7 421.2 419.2 418.6 417.7 415.6 416.4 416.3 413.1 408.6 405.8 402.6 399.1 395.6 391.4 387.1 383.2 383.9 385.2
342.6 338.9 335.3 333.6 331.6 323.8 323.8 323.8 323.8 323.8 323.8 323.8 325 328.4 333.1 335.5 338.2 340.6 342.5 345.1 348.9 352.3 350.8 355.5 361.5 363.8 365.5 369.4 374.2 379.8 389 389.2 388.7 390.3 394.4 400.4 398.6 403 403.1 397.3 397.5 401.7 409 407.2 410.8 408.7 408.2 406.4 404.6 401.2 398.8 397.5 399.8 405.4 408.6 411.6 414.7 417.7 420.2 419.2 416.8 414.8 416.5 414.4 412.8 413.7 412.4 411.4 407.6 405 400.7 396.6 392.6 389.3 385.5 381.6 381.7 383.2
342.1 339.2 335.3 329.3 323.8 323.8 323.8 323.8 323.8 323.8 323.8 323.8 323.8 323.8 323.8 323.8 323.8 329.4 333.5 337 340.1 345.3 340.4 346.4 353 356.4 358.2 361.6 366.1 370.7 375.7 378.1 380.4 382.8 386.5 388.8 390.3 393.3 394.4 390.1 389.6 397.5 405.1 407.1 407.3 409.6 406.6 404.6 403.3 401.5 399.9 396.9 396.8 399.1 403.6 407 408.6 411.7 413.7 414.7 413.8 412.1 411.8 410.9 409.7 407.3 406.8 406 404.8 402.4 399 395.9 391.8 387 382.9 380.1 379.6 380.2
341.3 336.6 323.8 323.8 323.8 323.8 323.8 323.8 323.8 323.8 323.8 323.8 323.8 323.8 323.8 323.8 323.8 323.8 323.8 323.8 330.4 330.8 325.3 336.8 344.8 348.6 350.6 354.3 359 362.1 363.9 366.4 370.9 372.9 376.6 379.6 381.8 386.6 386.3 385.3 386.2 390.8 397.9 404.9 405.3 406.5 410.9 410.1 408.1 403.2 398.6 396.3 396.2 401.1 401.4 401.9 401.7 405.8 406.4 408.6 409.6 407.7 406.1 406.1 404 398.9 406.5 404.2 401.9 398.4 395.9 392.4 388.5 384.8 380.8 379.1 378.2 379.9
337.7 323.8 323.8 323.8 323.8 323.8 323.8 323.8 323.8 323.8 323.8 323.8 323.8 323.8 323.8 323.8 323.8 323.8 323.8 323.8 323.8 323.8 323.8 323.8 332.8 338.9 342.4 348.1 353.7 356 359 361.1 364.2 366.5 369.2 372.1 375.4 378.4 381.3 383 384.8 387.4 393.6 396.4 398.6 405.8 409.9 413.5 409.3 406.6 397.7 396.2 397.5 400 400.8 399.2 398.6 399.7 403.3 401.3 402.7 400.8 399.5 397.1 396.2 394.5 396.6 400.6 399.4 397.4 393.5 389.3 385.5 381.8 380.5 378.2 377 378.8
341.1 323.8 323.8 323.8 323.8 323.8 323.8 323.8 323.8 323.8 323.8 323.8 323.8 323.8 323.8 323.8 323.8 323.8 323.8 323.8 323.8 323.8 323.8 323.8 323.8 323.8 323.8 335.1 343.2 349.5 350.9 353.5 358.2 361.7 363.6 366.5 370.1 372.5 374.2 383.7 383.7 383.7 385.8 390.6 394.8 400.5 407.1 412.6 412.1 410.3 400 394.7 396.9 401.2 402.6 397.8 397 398 399.2 397.9 396.5 395.4 393.7 393 390.8 388.5 387.9 392.7 392.6 392.5 390.9 388.7 384.8 381.2 378.3 377.4 376 377.6
339.7 331.9 323.8 323.8 323.8 323.8 323.8 323.8 323.8 323.8 323.8 323.8 323.8 323.8 323.8 323.8 323.8 323.8 323.8 323.8 323.8 323.8 323.8 323.8 323.8 323.8 323.8 323.8 337.5 341.8 343.6 346.2 351.5 355.6 358 360.7 364.1 366 369.4 371.5 376.2 379.2 381.7 390.8 388.8 390.1 400.9 406.1 406.6 402 397.1 394.9 393.4 395.2 394.8 395.4 395 394.5 394.3 394.1 393.2 392 391.8 390 390 387.2 384.1 382.1 383.8 385.8 385.7 384.5 383.2 380 377.8 377.2 375.5 375.9
331.5 323.8 323.8 323.8 323.8 323.8 323.8 323.8 323.8 323.8 323.8 323.8 323.8 323.8 323.8 323.8 323.8 323.8 323.8 323.8 323.8 323.8 323.8 323.8 323.8 323.8 323.8 323.8 323.8 328.7 333.9 339.2 343.4 348.5 352.7 355.9 359.1 362.1 364.5 367.2 369.8 371.9 375.7 378.5 380.6 382.9 391 400.9 401.4 399.1 393.4 391.5 390.8 390.6 390.5 391.6 391.6 391.4 391.1 390.8 389.5 388.6 388.8 387.9 385.7 384.3 380.8 378.9 379.5 381.7 380.5 378.2 377.7 376.4 374.8 374.6 374.6 374.6
323.8 323.8 323.8 323.8 323.8 323.8 323.8 323.8 323.8 323.8 323.8 323.8 323.8 323.8 323.8 323.8 323.8 323.8 323.8 323.8 323.8 323.8 323.8 323.8 323.8 323.8 323.8 323.8 323.8 314.4 323.1 329.9 333.9 340.1 346.5 349.5 352 357.1 360 363.3 365.6 368.3 370.5 376.3 377.2 378.4 384.6 396.5 398.9 395.4 390.6 390 388 387.8 387.5 387.5 388.2 388.8 388.9 387.9 386.6 384.5 383.9 383.4 382 380.4 379.3 376.2 376.1 377.4 376 374 373.5 371.7 370.1 372.1 371.5 371.5
323.8 323.8 323.8 323.8 323.8 323.8 323.8 323.8 323.8 323.8 323.8 323.8 323.8 323.8 323.8 323.8 323.8 323.8 323.8 323.8 323.8 323.8 323.8 323.8 323.8 323.8 323.8 323.8 317.1 303.9 312.5 319.4 325.7 332.9 338.6 341.3 347 350.8 354.6 358.3 361 363.1 365.8 367.7 370.4 373.6 377.3 389.7 393.5 390.2 387.6 390.8 388.5 385.4 384.8 383.2 385.7 387.3 387.1 384.3 380.4 379.4 379.5 378.8 377.2 378 377.8 374.4 372.6 373.5 371.3 370.6 369.9 368.1 366.3 367 368 368.3
323.8 323.8 323.8 323.8 323.8 323.8 323.8 323.8 323.8 323.8 323.8 323.8 323.8 327.7 326.3 323.8 323.8 323.8 323.8 323.8 323.8 323.8 323.8 323.8 323.8 323.8 323.8 323.8 291.5 294.7 301.4 308.5 316.7 323.4 327.1 333.5 340.5 344.5 348.1 351.8 355.2 358.5 360.7 362 364.7 367.8 373.5 382.6 388.8 386.1 384.7 391.5 388 385.6 383.9 378.5 380.9 382 382.6 380.4 377.9 375.4 374.6 373.3 371.7 371.9 371.2 370.2 370.8 371.2 369.2 367.9 366.7 365.1 363.9 363.6 363.9 364.7
323.8 323.8 323.8 323.8 323.8 323.8 323.8 323.8 323.8 323.8 330.1 330.1 335.2 339.9 341.9 337.5 330.7 323.8 323.8 323.8 324.4 325.3 323.8 323.8 323.8 323.8 323.8 320.3 296.1 293.8 283.9 299.9 306.6 317.4 319.2 324.2 330.7 335.3 340.3 344.4 348.2 351.9 355 356.6 358.6 361.4 367 376.8 384.4 383.2 381.5 383.2 383.9 381.8 380.5 377.6 377.9 378.3 377.4 375.2 374.3 373.2 370.3 367.8 366.8 365.5 363.7 362.4 363.2 363.3 364.6 364 363.4 362.3 361.7 361.6 361.6 361.4
323.8 323.8 323.8 323.8 323.8 323.8 323.8 323.9 326.7 332 336.3 339.2 344.7 349.4 352 345.8 341.4 335.4 338.5 338.7 344.1 346.6 345.3 337.1 323.8 323.8 323.8 303.3 295.6 295.7 296.5 282.3 298 308.4 313.4 316.2 321.3 325.1 330 335.1 341 345.2 349 351.6 353.3 355.3 360.4 369.3 377.5 378.2 377.4 379.8 379.6 377.7 376.4 373.9 375.2 376.8 375.2 372.3 370.9 369.7 366.6 363.3 361.9 359.9 358.1 356.5 355.2 355.4 356.7 357.2 357.6 359.5 361 360.1 359.9 359.6
323.8 323.8 323.8 323.8 323.8 323.8 327 332.3 335.3 337.9 345.7 350.7 354.9 358.5 358.5 354.9 351.2 344.1 352.2 357.2 359.9 361.3 357.9 349.7 335.6 323.8 323.8 304.8 299.3 293.1 289.6 289.2 284.6 293.7 302.5 308 311.8 317.1 320.9 326.5 332.3 338.8 343.2 346.1 348.2 349.5 353.7 360.6 369.1 374.2 372.1 376 376.1 374.5 372.9 370.3 366.5 370.6 371 368.3 367.3 365.9 364 360.6 358.9 356.3 353.8 351.6 349.6 349.1 349 348.6 349.5 353.1 355.7 357.4 356.1 355.9
323.8 323.8 323.8 323.8 323.8 325.6 335.6 338.8 340.7 344.9 350.9 356.9 362.1 368.3 370 359.6 354.6 357.4 364.7 371.2 372 370.3 365.7 355.8 344.8 330.3 324.7 313 303.2 295.5 290.7 287.8 285.5 280.6 288.5 295.6 302 307.2 311.1 317.2 325 330.1 334.7 339.7 342.3 343.9 348.2 353.3 360 364.4 366.4 368 369.9 368.7 367.2 365.4 355.6 362.1 362.3 360.6 360.4 360 358.8 356.8 354.3 351.8 349.7 347.5 345.2 344.2 343.7 342.6 342.3 344 347.2 350.1 349.4 349.7
323.8 323.8 323.8 323.8 329.6 334.6 338.9 342.3 344.5 350.1 356 361.4 367.3 374 375.9 360.8 360.3 369.8 374.5 377.1 373.3 369.5 365.1 358.1 348.6 336.8 331.9 324 310.1 300.2 292.4 287.2 283.1 280.9 274 282.7 289.8 297.6 301.9 307.8 317.4 321.3 325.8 330.1 334.1 335.3 339.4 345.2 349.8 353.5 357.8 363.1 363.8 361.8 360.3 359.1 353.1 352.5 353.8 353.2 354 353.9 351.3 350.2 348.1 346.3 344.9 343 340.7 339.1 338.1 337.1 336.1 335.7 337.3 339.1 341.6 343.2
323.8 325.2 328.5 332.1 336.6 339.6 342.5 346.3 351.4 356.9 361.9 367 372.5 376.9 375.5 363.8 370.1 378 382.2 383.1 376.3 372.7 367 360.4 354.1 345.8 337.1 325.5 314.3 306.4 298.2 292.8 289.5 285.4 279.4 273.8 279.3 287 292.7 301.7 307.3 312.9 317.3 322 326.8 327.7 331 335.5 339.6 342.6 347.7 354.4 357.2 355.9 354.4 353.1 350.6 345.6 347.3 345.2 346.7 345.4 344.2 343 341.3 339.7 338.2 336.6 334.8 333 332 331 329.7 329.6 329.7 330.4 331.2 333.6
331.3 332.9 336.4 338.6 341.9 345.7 349.7 354.3 358.5 362.5 365.4 369.9 374.5 374.3 370.6 371.7 380.4 382.1 385.2 386.4 380.7 376.3 368.8 361.6 356.2 347.5 340.5 330.2 319.4 313.5 306.7 300.5 296.1 288.4 281.5 276.4 268.3 273.7 279.7 287.2 296.2 299.6 306.2 311.6 318.1 320.6 322.5 325.8 329.4 331.5 338.3 341.9 345.8 346.7 346.6 346.6 345.5 343.6 336 338.9 338.4 336.9 336.9 335.3 334 332.2 331.1 330 328.4 327 325.6 324.2 323.2 323.3 323 322.6 322.7 326.1
336.1 339.5 342.8 346.6 350.2 353.9 358 361.7 364 366.5 368.5 371.5 374.2 374.6 372.7 385.1 393.3 391.3 393.3 386.4 382.4 375.4 368.2 361.2 355.1 346.6 337.6 330.4 323.6 318.9 314.5 309.4 303.3 295.9 286.3 279.2 270.8 266.1 267 270.1 279.8 287.2 289.7 296.5 303 308.5 311.9 314.7 318 321.5 325.8 329.9 334.7 334.1 334.1 335.8 336.7 335.6 331.3 331.8 329.8 330.8 329.9 328.8 326.5 325 323.7 322.1 320.7 319.6 318.6 317.3 316.4 315.9 315.6 315.4 315.4 318.1
341.8 345.8 350.2 354.4 357.7 359.8 362.5 366.9 368.6 370.3 371.5 373.2 375.2 377.9 384.8 394.4 398.4 400.7 398.1 388.7 383.5 375.9 366.2 359.3 352 342.7 334.7 329.3 324.3 321.2 319.6 313.6 306.6 300.9 294.1 285.7 277.5 271.7 266.9 262.8 264.7 267.8 275.1 281.7 288 292.9 298.7 302.4 304.3 309.2 314.3 319.5 321.9 322.4 323.2 321.9 323.1 323.3 322.7 322.6 323.7 322.1 322.8 321.6 320.3 318.8 316.8 314.3 312.6 311.7 309.4 308.6 308.7 308.3 308.2 307.7 307.1 308.6
349.7 353.3 358.1 361.4 363.7 364.6 367.6 371.3 371.9 372.4 376 376.9 378.6 385.4 392.1 398.5 400.1 401.3 398.6 391 385.1 376.1 366.7 358.8 351 340.1 334.9 331.4 326.3 321.9 318.3 311.8 304.3 300.2 296.2 291.5 284.3 277.3 271.4 267.6 265.2 261.7 262.3 266 271.2 278.1 285.9 292.3 296.3 300.8 305.3 307.5 308.6 307.5 311.2 311.6 313.8 312.2 311.6 311.8 312.6 311.6 313.2 313.2 312.5 311.8 309.1 307 306.6 305.4 303.5 301.5 301.1 300.9 300.7 300.2 296.3 299.6
358.5 357.9 365.2 367.3 368.7 370.1 372.3 373.4 373.9 375.8 379.4 381.6 387.7 393.1 394 398 399.7 395 394.9 388.9 381 374 367.1 359.7 352.5 346.4 341.1 334.6 328.4 323.3 317 310.3 305.4 300.3 294.3 290.1 285.2 279.6 272.5 268.3 266.5 264.9 264 260.8 259.1 263 268.8 277.3 287.2 293.9 295.6 297.7 299.3 298.4 299.6 300.4 302.4 303 302.3 302.4 304.6 303.8 303.5 302.8 302.6 301.6 301.3 299.8 300 297.6 297.3 293.9 295.8 294.8 293.5 291.9 289.5 292.4
367.4 367.3 376.6 378 375.2 374.5 375.2 375.8 375.3 378.2 381.7 386 392 395.4 398.2 400.1 396.8 391.8 388.8 385.3 377 371.3 365.6 360.5 356.9 353.2 347 340.1 331.5 327 321.7 316 310.7 305.1 299.8 295.1 289.1 283.5 277.2 271.9 268.7 265.8 264.8 263.8 264.9 264.3 248 264.2 274 280.9 285.4 288.2 289.7 291.1 288.7 287.9 292.3 294.7 293.6 291.9 296 295.6 295.6 294.6 295 294.6 293.9 292.1 290.6 289.8 289.6 288.2 288 287.4 287.7 287 282.6 285.6
376.7 376.2 376.7 379.6 378.8 379.2 379.2 380.2 381.1 382.4 384.9 389.5 393 397.7 400.7 397.9 395.4 393.3 394.1 389.9 381.2 377.3 372.8 369 364.5 360.2 353.7 346.8 339.2 333.1 328.8 323.6 318.3 313.4 308 303.3 298 292.9 285.4 279.7 274 268.9 267.7 267.3 266.2 266.4 261.5 244.6 263.4 270 274 276.2 278.9 282.4 281.8 280.5 284.9 285.3 284.8 283.1 286.8 286.5 287.5 286.8 287.7 289 287.9 286 284 283.1 283.5 282 280 279.9 280.5 281.2 275.9 279.4
384.5 383.7 384.3 383.4 383.3 385 384.8 386.9 388.7 392.4 395.6 396.4 398.7 402.2 402.3 400.9 400 397.9 399.6 395.7 389.1 386.1 382.8 378.6 373.4 368.1 361 353.5 346.8 341.7 336.6 331.4 326.8 322.5 321.1 317.3 314.8 304.5 297.7 290.4 278.9 273 269.6 268.1 267.4 265.3 261.1 248.5 254.1 262.7 264.4 264.8 268.4 272 272.3 271.9 276.8 278.7 276 276.8 278.5 278.1 278.7 279 279.3 280.4 280.8 280.3 277.6 276.7 278.1 278 275.9 274 274.3 273.6 268.5 272.4
390.1 389.2 388.2 386.4 388.2 389.7 389.3 391.3 393.1 394.6 398.6 401.9 402.8 404 405.1 403.8 402.9 401.8 402 400 398.1 395.3 391.7 388.8 383.3 377.6 371.5 364.4 360.1 355.3 349.3 343.1 336 331.4 331.3 331.6 324.4 325.8 315.6 303.9 291.1 282.1 283 271.5 269.9 266.4 262.7 258.3 235.1 252.8 258.7 256.7 261 262.2 263.6 266.1 270.2 270 268.9 270.5 270.7 270.8 271 271.4 271.2 271 271.7 272.5 270.8 269.7 272.1 271.4 271.2 268.5 269.2 267.8 261.7 265.6
394.5 392.8 392.7 391.7 393.2 393.6 394.1 395.5 396.4 396.8 400 403.2 403.9 405.3 407 406.9 406.1 405.2 405.4 403.3 405.1 404 401 398 392.2 394 396.1 398.6 398.1 390.9 379.6 369.8 356.3 345.2 337.8 333.3 331.8 329.2 325.1 318.6 300 293.2 289.3 281.6 272.1 270.1 265.1 257.6 233.8 248.4 249.5 250.4 254.3 254.8 256.2 259.1 263.3 264.6 262.9 264.5 265 264.4 264.3 264.2 263.9 263.8 264.1 265.1 263.8 263.4 264.8 263.3 263.5 262.5 264.1 259.5 251.3 260.1
397.5 395.6 394.4 395.5 396.5 396.9 397.4 398.3 399.2 401.9 405.8 405.5 405.7 407.9 409.3 409.2 409.6 411.3 412.5 414 415.3 415.5 413.6 413.6 418.1 421 424.4 430.2 431.4 427.3 411.2 397.5 377.9 363.1 352 343.3 337 330.9 326.1 320.1 312.2 309.9 301.9 293.2 278.5 267.7 260.2 254.2 237.6 237.5 240 244.4 250.2 250.2 253 253.5 255.9 257.9 256.2 259.6 259.6 259.5 259.1 258.2 258.4 257.4 258.3 260.4 259.1 258.2 258.1 257.5 256.5 255.6 257.2 254.4 248.9 254.9
