data/270000-770000.asc
ncols 200
nrows 200
xllcorner 270000
yllcorner 770000
cellsize 50
[rows 70 to 104 of 200, columns 0 to 77 of 200]
654.9 647.8 641.3 633.7 627 616.5 607.2 595.9 585.7 579.1 570.6 560.2 550.7 540.5 529.9 521.2 512.3 505.1 497.8 489.1 482.6 478.3 474 472.4 467.9 455.8 447.2 445.5 441.2 458.5 477.6 478.2 484.1 487.8 493.9 499.8 505.1 509.6 513.4 516.1 517.7 517.5 517 517.7 518.4 519.4 520.7 521.2 521.8 523.1 524.4 525.8 527.8 530 533.7 538.5 543.2 547.8 548.8 549.2 547.3 542.7 531.7 519.2 509.1 499.6 489.4 478.5 468.4 457.7 447 436.3 426.5 415.2 410.8 410.7 416.7 422.5
651.2 644.6 638.8 633 624.1 615.4 604.6 593.9 585 576.9 569.8 559.2 550.1 539.1 529.3 520.3 511.2 503.8 496.5 488 483.2 478.3 473.5 472.1 465.4 449.2 445 445 441 466.3 471.8 478.7 487.9 488.4 492.9 498.9 503.6 508 511.9 514.1 515.6 516 516.2 516.7 517.1 518 518.9 519.4 519.8 521 522.3 524 526.1 528.3 531.1 535.9 541.6 546.8 548 548 546.4 541.7 531.6 519.5 510.8 502.2 492.3 481.7 471 460.3 449.6 438.9 430 418.3 411.3 409.8 411.5 417.7
648.7 642.8 635.9 628.8 620.8 612.2 603.1 592.5 582.5 572.7 565.3 557.5 547.6 538.8 527.9 518.7 509.3 502.1 495.2 486.7 483.2 476 469.8 468.1 460.1 444 438.8 439.1 447.8 464.9 476.5 481.6 486.6 487.8 492.7 497.6 501.8 506.2 510 512.2 513.6 514.7 514.9 515.1 515.5 516.3 517 517.5 518 518.9 520.2 522.3 524.5 526.6 528.8 533.3 539.6 544.1 547.1 546.9 545.3 540.6 531.1 521.2 513 504.3 494.6 484.1 473.4 462.7 452.1 441.4 430.7 425.5 413.2 409.4 409.6 414
646.9 642.9 635.7 627.8 620.7 611.6 602.2 591.9 580.3 569.9 562.7 554.6 546.5 538.3 526.6 517.1 508.9 501.3 495.1 487 481.3 476.5 472.9 468.7 453.8 438.9 438.5 440 454.5 476.6 481.1 479.9 484.1 489.1 492.5 496.2 500.1 504.1 507.8 510 512 512.9 513.2 513.5 513.9 514.5 515.1 515.6 516.2 516.8 518.4 520.6 522.8 525 527.1 530.9 537.5 541.6 544.7 545.3 543.7 539 532.3 524.2 515.6 506.5 496.5 486.3 475.7 465 454.3 443.7 432.8 425.9 415.7 408.2 408.8 411.6
645.7 642.3 635.7 627.8 619.7 609.7 601.6 591.1 580.1 569.1 560.8 553.7 544.3 536.6 527.4 517.8 508.3 500.9 493.9 486.5 483.4 480.5 476.5 467.4 454 438 437.9 441.2 461.3 478.3 478.1 484.9 484.3 489 491.7 495.5 499.4 502.8 505.5 507.7 509.9 511.4 511.6 511.9 512.3 512.7 513.2 513.7 514.3 514.8 516.8 518.8 520.8 522.7 524.7 528.1 534 538.9 542.3 543.5 541.7 537.5 532.8 525.1 517.1 508.5 498.4 488.3 477.9 467.3 456.6 445.9 435 427 417.8 410.4 407.9 410.4
644.9 640.3 635 627.9 619.5 609.9 600.2 589 579.2 568.5 560.5 552.3 543.9 536.4 527.3 518.3 508.9 500.5 491.6 484.1 483.6 482.5 479.2 470.6 455.3 437 436.9 442.6 468.1 471.8 480.7 480.3 489.3 490.9 491.5 494.2 498.1 501.3 503.6 505.7 507.9 509.6 510.5 510.8 510.6 510 509.6 510.6 512 513.3 514.4 515.8 517.1 518.5 521 524.9 530.2 535.9 539.7 542.2 539.8 536.4 532.4 525.9 517.4 509.4 500.4 490.2 480 469.5 458.9 448.2 435.4 429.1 422.6 414.6 405.6 407.3
642.7 638.8 633.1 626.7 618.5 608.5 600.2 589.5 578.3 569.9 560.3 552.9 544.4 536 527.6 517.6 507.1 497.5 493 485.6 476.9 481.8 478.5 471.3 456.5 439 435.9 438.9 464.1 474.3 473.4 486 489.2 491 491.4 493.2 496.7 499.5 501.6 503.8 505.8 507.5 508.9 508.6 508.3 507 508 509.4 510.8 511.8 512.7 514 515.4 517.2 519.8 522.4 526.2 531.7 535.8 540.3 538.8 536 531.8 526.1 517.5 510 502.5 492.9 482.3 471.8 460.8 449.2 441.1 431.6 424.1 414.9 408.8 404.5
640.5 637.4 631.9 624.9 614.4 611 602.2 589.8 576.9 570 561.2 554.3 545.5 536.5 527.4 516.3 506.2 497 492.1 486.1 480.2 472.9 471.5 470.7 460.4 438.9 435.3 437.5 460.2 473.3 475.5 484.8 487.5 488 492.7 491.9 496.2 498.6 500.9 502.6 504.2 505.4 506.6 506.7 505.8 505.5 506.9 508.2 509.6 510.3 511 512.3 513.7 516.3 518.9 521.5 523.5 527.7 532.7 536.9 537 535.6 530.2 524.8 517.6 511.6 504.2 495.3 485.7 474.8 463.7 453 443.6 434.1 425.9 420.3 410.7 404.5
638 635.1 631.1 623.6 621.1 613 601.2 587.5 578.9 571.2 562.3 552.1 543.4 534.4 525.4 516.7 505.7 496.9 491 484.6 479 474.8 462.8 460.8 453.2 439.6 434.8 436.5 459 465.5 475.6 480.6 484 490.8 493 493.3 495.9 497.9 499.5 501.2 502.8 504 504.4 504.6 504 504.4 505.8 507 507.8 508.7 509.5 510.6 512.9 515.3 517.3 519.3 521.4 524.9 529.7 533.5 534.8 533.6 529.7 524 519.4 513.8 507.3 499 489.6 477.9 467.1 456.5 446.8 436.9 428.2 421.2 411.1 405.5
636.3 633.3 628.9 624.7 621.8 613.2 601 592.4 580.8 570.5 562.2 550.7 541.3 532.5 524.9 515.8 506.8 494 487.5 484.4 477.3 477.4 469.9 455.1 444 438.7 435.4 434.8 451.3 463.3 471.3 480.7 486.6 489.9 492.4 493.5 494.8 496.5 498.1 499.7 501.4 502.6 502.9 502.8 502.4 503.3 504.5 505.3 506.1 506.9 507.8 509.1 511 513 515 517 519.2 522 526.4 529.9 532.3 531.7 528.4 525 521 515.9 509.9 502.4 493.7 481.9 472.6 461.5 451.2 441.1 431.4 423.2 414.8 406.3
634.5 631.3 626.3 626.9 622 612.5 603.5 594.3 582.8 571.8 561.9 550.5 541 531.5 524.6 516 506.6 495.4 489.1 481.5 480.6 467.8 465 459.4 442.2 436.2 432.1 438.9 460.7 467.4 479.1 482.1 486.1 489 492 493.4 494.5 495.4 496.7 498.3 499.9 501.2 501.3 501.1 500.8 502 502.8 503.5 504.3 505.1 506 507.6 509.6 511.2 512.9 514.7 516.7 518.7 522.7 526 528.3 529.5 528.7 526 522.6 518 513.2 506.7 498.1 487.6 476.2 466.4 456 445.9 436 426.2 417.8 408.7
634.3 628.7 630.4 627.3 621.8 611.3 604.7 595.2 583.3 571.6 561 550.6 541.4 531.9 522.4 513.7 505.4 496.4 490.6 483.8 479.8 473 465.6 458.6 444.9 433.3 431.1 443.3 463.3 473.6 476.4 482.9 485.2 488.1 491.1 493.4 494.6 495.5 496.4 497.3 498.5 499.7 499.6 499.4 499.5 500.2 501 501.8 502.5 503.3 504.6 506.2 508 510.1 511.7 513.6 515.6 518 520.9 523.4 524 526.8 528.9 527.6 524.9 520.7 516.5 510.4 502.4 493.7 481 471.1 461.2 450.6 439.8 429.2 419.5 408.7
632.7 632.6 630.3 626.2 619.4 613.1 604.5 595.5 585.1 573.8 561.9 551.1 541.6 530.2 521 515.6 508.3 499.7 489.9 481.5 476.4 473.3 469.9 454.1 439.2 431.1 430.9 445.2 460.2 471.7 478 485.8 488.4 490.4 492.1 493.4 494.7 495.6 496.5 497.3 498 498.1 497.9 497.8 498.2 498.9 499.4 499.9 500.6 502 503.3 504.9 506.5 508.7 511 513 515 517.7 521.3 525.3 529.5 531.5 531 529.5 527.4 524.1 520 513.5 506.7 499.5 488.9 475.9 466.5 455.1 444.3 433.9 423.6 411.8
634 632 629.3 624.9 619.1 613.2 604.6 595.5 585.2 575 562.2 552.1 541.4 530.2 521.6 514.4 508.1 498.2 489.8 480.3 472.1 474 462.3 449.2 443.3 430.7 430.1 443.4 462 471.9 482.9 488.2 490 490.9 492.1 493.4 494.5 495.1 495.8 496.5 496.6 496.5 496.3 496.2 496.9 497.6 498.2 498.8 499.3 501.1 502.1 503.6 505.9 508.5 511.1 513.3 515.9 520.1 523.8 529.2 532.7 534.4 534.1 532.7 530.3 527.1 523.3 517.8 511.1 503.9 493.7 482 470 459.8 449.4 439 428.8 417.9
633.4 630.6 627.8 624 618.3 612.3 604.7 595.9 585.7 575.7 564.6 552.5 541.3 531 522.9 512.9 504.2 497.5 490.9 479.4 471.1 461.7 458.9 447.7 440.9 429.6 428.2 441.6 460.1 479.3 486.4 488.3 490.7 491.3 492.1 493.4 493.9 494.3 495 495 494.9 494.8 494.7 494.9 495.6 496.3 496.9 497.6 498.2 499.7 501.1 503.4 505.9 508.4 511 513.4 518.2 522.4 526.3 532.2 535.3 537.4 537.2 535.9 533.5 530.1 526.2 520.8 515.1 508.3 498.2 487.9 476.9 464.8 454.6 444.4 434.1 422.8
631.5 628.7 625.9 622.8 617.3 610.9 603.6 595.5 585.7 575.8 565.4 553.2 542.1 531.2 521.8 513.4 503.3 497.8 490.5 480.8 471.1 465.2 455.4 442.6 438.7 428.7 428 445.3 464.7 476.9 484.7 491.4 492.6 492.8 493 492.9 493.2 493.4 493.7 493.6 493.6 493.5 493.5 493.6 494.7 495.7 496.5 497 497.7 499.5 501.2 503.4 505.9 508.3 510.9 515 519.9 524.6 529 535 537.4 539.8 540.2 538.9 536.7 533 528.9 524 518.9 512.2 503.3 493 481.9 470.7 461.4 449.8 439.2 427.9
629.9 627 624.1 621.3 615.3 608.9 601.6 594.6 584.6 575.4 565.2 554.1 543 531.7 521.1 513.7 504.2 497.1 487.5 477.5 470.7 460.9 451.7 441.7 432.5 427.3 430 449.2 464.4 479.8 488.7 492 494 494.2 494.4 493.2 492.4 491.8 492.2 492.5 492.5 492.4 492.6 492.7 493.1 494.1 495.2 496.2 497.9 499.7 501.2 503.5 505.9 508.4 511.1 516 521.1 526.2 532.3 536.8 539.8 541.8 542.2 541.2 539.1 535.6 531.8 527.1 522.2 516.1 507.5 498 486.7 476.5 466 456 445.4 434.2
628.5 625.6 622.5 619.2 613.2 606.7 599.8 591.8 583.1 574.2 564.4 554.1 542.1 530.9 521.3 512 506.5 495.8 484.7 475.5 469.1 461.2 449.6 441.5 433 426.3 433.8 451.7 468.9 480.6 489.2 492.6 495.4 495.6 494.6 493.6 492.8 492 491 491.3 491.4 491.5 491.6 491.6 491.8 492.6 493.6 494.9 496.9 498.9 501 503.2 505.4 507.7 511.5 515.5 520.9 527.4 534 538.8 542.3 544.6 544.8 543.3 540.9 537.5 533.7 529 524 519.9 511.7 502.9 493.4 483.3 472 462.2 452.4 441.1
626.8 623.6 620.4 616.6 610.8 605.1 598.2 589.9 581.1 573.1 563.1 552.8 541.1 531 521.5 511 504 492.7 483.1 474 468.2 456.4 448.2 443.9 428.5 425.5 435.5 453.4 471 482.9 489.2 492.5 495.9 496.6 494.8 493.9 492.9 491.8 490.3 490.2 490 489.9 489.9 490.1 490.7 491.2 492.1 493.6 496 498 500 502.1 504.6 507.8 511.7 515.5 522.2 529.1 535.4 539.8 544.4 547.1 547.4 545.6 542.8 539 535.2 531 526.6 522.5 516 507.3 497.9 488.6 477.8 466.5 457.7 447.8
625.6 622.4 618.6 614.6 609.1 603.7 596.7 589.1 580.6 570.2 562 551.6 541.4 531.4 521.7 512 501.6 491.1 482.6 473.9 468.2 460.3 447.1 439.5 424.9 424.4 439.2 458.8 475.1 484.7 489.4 493.9 497 497.4 495.2 493.7 492.6 491.3 489.7 489.2 488.4 488.2 488.4 489 489.5 490.1 490.6 492.5 495.1 497.1 499.1 501.1 503.5 507.2 511.4 516 523.1 530.7 536.6 541.2 545.9 548.3 548.7 547.7 544.3 540.4 536.6 532.5 528.9 524.8 519.3 511.3 502.6 493.4 483.7 473.1 461.9 452.3
623.3 620.2 616.1 612 607.3 602 594.9 587.2 579.4 569.2 560.4 551 541 530.9 521.4 511.4 500 492.2 481.8 473 467.5 460.3 450.5 438.6 424.3 425.6 441 458.5 475.4 485.2 490.1 495.1 498.4 498.6 496.3 493.9 492.2 490.6 489 487.7 487 486.6 487.1 487.6 488.1 488.6 489.2 491.5 494.1 496.1 498.1 500.1 502.4 506.5 510.7 516.8 524.4 531.9 537.3 542.4 547.3 549.5 549.5 548.4 545.5 541.8 537.8 532.9 529.3 525.7 522.3 515.6 507.1 498.3 488.5 478.2 468.1 458.7
620.6 617.7 613.7 609.6 604.7 599.4 592.7 585.3 576.6 567 558.6 548.3 538.8 529.5 519.1 509 498.2 490.9 481.7 473 466.6 461.4 446.6 428.7 423 426.7 442.4 461.2 476.1 485 490.6 495.9 499.4 499.3 497.3 495 492.7 489.9 487.9 486.2 484.5 484 484.5 485.1 485.9 486.8 488 490.8 493 495.1 497.2 499.2 501.7 505.8 511 516.9 525.7 532.9 538 543.4 548.7 550.6 550.7 548.9 546.3 542.9 538.2 533.3 529.6 526.3 524.1 517.5 509.6 501.6 493.6 483.4 473.6 464.1
618.1 615.2 611.3 607.1 601.9 596.8 590.6 583.8 573.6 565.3 556.3 546.2 537.5 528.1 517.5 506.8 497.9 487.7 479.9 471.3 465.7 458.1 443 423.2 421.8 426.9 445.2 462.7 476.8 485.2 491.2 496.3 499.9 499.7 498.4 496.5 493.6 490.7 486.7 485 483.3 481.8 482.7 483.6 484.4 485.3 487.4 490 491.7 493.7 495.8 497.9 501.2 505.7 511 517.5 526.6 533.6 539.4 545 549.7 551.4 552 549.1 545.5 541.6 538.5 533.7 529.9 527.4 525.3 519.3 511.4 505.3 498.6 489 479.2 469.5
615.7 612.7 608.8 604.4 599.3 594.2 587.9 581.3 571 562.4 553.7 544.2 535.9 526.7 515.7 505.5 497.5 488.3 477.6 469.1 463.5 458.2 443.2 424.1 421.2 427.8 447.6 464.3 477.6 486.2 492.1 496.7 500.3 500.4 499.4 497.4 494.4 491.4 487.2 483.9 482.1 480.3 481.2 482.1 482.9 484 486.6 489 490.6 492.3 494.4 497.8 501 505.6 510.9 518 527.6 534.2 540.1 545.9 549.9 551.9 552 547.7 543.9 540.4 537.2 534.1 530.7 528.6 526.5 521.1 515.3 509.1 502.7 494.8 485.2 475.1
614.1 610.6 606.8 602 596.8 591.5 585.1 578.7 568.9 559.5 550.4 541.9 534 525 513.6 504.8 496.7 488.2 477.1 468.2 460.3 454 440.4 424.6 420.5 428.4 449.5 465.9 479.1 487.3 493.1 497.5 500.5 501.1 500 498.4 495.2 492.1 487.8 483.6 481.3 478.9 479.8 480.6 481.5 483.2 485.7 487.8 489.4 491 493.7 497.4 501 505.4 510.8 518.6 528.5 534.8 540.9 544.7 548.1 550 548.8 545.2 542.3 539 535.9 533.4 531.7 529.6 527.4 525.1 519.5 513.2 506.8 499.6 490.9 481
612 608.4 604.8 599.9 594.5 588.6 582.2 575.8 566.8 556.9 547.3 539.3 531.9 521.5 511 504.6 496.7 486.8 478.2 469.5 460.7 453.6 437 422.6 419.7 429.3 450.7 466.9 480.8 488.3 493.8 498 500.8 501.5 500.6 499.3 496.1 492.6 488.4 484.2 481 478.3 478.7 479.5 480 482.4 484.8 486.7 488.1 489.5 493 496.7 500.4 505.1 510.6 519 528.5 535.7 541.1 543.5 545.5 547.6 545.1 542.5 539.7 536.8 535.6 533.3 531.8 530.1 528.2 526.1 521.9 517 510.8 503.1 492.1 486.6
609.7 606.1 602.5 597.6 592.3 585.9 578.8 572.4 563.8 554.1 544.2 537.3 528.7 518.3 509.7 502.6 494.9 487.4 479.5 469.6 460.2 451.3 435.4 420.1 419.5 431.1 451.2 468.6 481.1 488.6 494.2 498.6 500.8 501.7 501.1 500.1 496.9 493 488.8 484.5 481 478.3 477.4 478.1 478.1 481.2 483.4 484.3 485.8 489.5 493.1 496.1 499.6 504.3 510 519 528 533.7 538.5 541.2 543.3 545 542.5 539.9 537 535.5 535.2 533.1 531.6 530.6 528.6 526.6 523.6 518.9 513.5 507.1 500 489
607.3 602.6 599.2 595.6 590.3 583.8 576.2 568.9 560.8 551.7 542.2 536.9 526.4 517.3 508.9 501.2 492.8 486.8 480.3 469.9 460.8 447.3 434.9 418.1 419.6 434.4 453.7 469.6 481.1 489.1 494.4 498.9 500.9 501.2 501 500.3 497.6 493.3 489 484.8 481.2 478.3 476.2 476.2 476.5 478.3 480.9 483.5 485.6 489.3 493.1 496.4 499.3 504.2 511 518.9 526.4 531.6 535.7 538.9 540.3 542.1 539.8 537.2 534.6 534.2 533.9 533 531.4 530.5 529.1 527 524.8 520.4 515.1 510 503.7 496.4
604.7 599.8 596.2 592.5 588.1 581.8 574.3 566.2 558.5 549.2 541.1 533.8 524.2 516.7 508.3 498.7 490.6 481.8 475.6 468.4 458.6 444 430.1 417.5 419.8 437.3 455.2 470.4 480.2 488.6 494.2 498 501.1 501 500.7 499.8 496.9 493.6 489.3 485.2 481.6 478.3 476.2 474.8 475.2 476.8 479.3 482.7 485.3 489.1 493 496.2 498.5 504 511.5 518.7 524 528.2 531.8 535 536.9 538 537.2 534.5 533.2 532.9 532.6 532.3 531.2 530.2 529.3 527.5 525.5 522.2 517 511.3 505.4 499.5
602.2 597.5 593.4 589.8 585.4 579 572 563.6 556.3 547.6 539.7 531 522.6 515.3 507.7 498.6 489.6 478.6 471.2 463.6 455 441 422.2 416.1 420.5 440 456.5 471.5 480.6 488.3 493.5 497.2 500.3 500.3 500 499.3 495.9 492.5 489.2 485.6 482 478.4 475.9 474 473.7 475.7 481.9 483.4 485.6 489.4 492.2 494.7 497.5 502.1 508.3 514.7 520.5 524.1 527.8 531 532.6 534.3 533.8 532.1 532.1 531.9 531.7 531.5 531.3 530.4 529.8 528.8 526.6 524 518.5 512.5 506.9 501.3
599.3 595.4 590.7 587.2 582.4 575.6 568.7 560.9 554.1 546.7 537.6 528.4 521 513.7 506.2 498.7 490.3 476.7 469.1 460.4 451 436.3 422.3 415.1 419.4 441.3 457.5 471.3 480.9 487.5 491.8 496.4 499.4 499.4 499.2 498.1 496.1 492.7 489 485.8 482.2 478.6 475.5 473.7 472 475 477.6 481.8 485.7 488.5 491.3 494.1 497.3 500.8 506.4 512 516.2 520.1 523.7 526.9 527.7 529.5 530.3 530 530.4 531.1 531.4 531.7 531.5 531 530.5 530 527.9 525.4 520.6 515 509.3 503.7
596.1 593.8 588.8 584.9 579.6 572.7 565.7 558 550.1 542.6 533.3 526.9 518.4 510.7 503.1 496.1 489.3 477 466.4 456.7 447.2 433.8 423.7 415.3 421.9 441.7 457.8 471.6 480.4 486.8 491.2 495.3 498.1 498.6 498 496.8 495.7 492.4 488.3 485.5 482.4 478.8 475 473.2 471.4 473.3 476.6 480.6 484.8 487.9 490.7 493.6 497.2 500.7 505.2 510.5 515.4 517.8 519.9 523.5 523.8 525.1 526.8 528 528.4 529 530.3 531.4 532.1 531.7 531.2 530.8 529.5 526.8 522.7 517.2 511.8 506.2
593.1 591.7 587.2 582.5 577.2 570.2 563 556.4 548.1 539.7 531 523.7 515.8 508.7 501.3 492.5 487 478.3 465.4 455.4 445 432 421.8 415.6 424.6 441 456.2 471.5 480.2 486.1 490.5 493.7 495.5 497.5 496.8 495.8 494.6 491.8 487.7 485.2 482.1 478.1 474.5 472.7 470.9 471.9 475.2 479.4 484.1 487.2 490.1 493.5 497 500.6 504.5 508.8 513.8 516.9 518.5 520.4 521.8 523 524.5 525.8 527 528.4 529.5 530.7 531.8 532.4 532 531.7 530.5 527.8 524.4 519.4 513.9 508.4
590.3 588.9 585.1 580.2 574.7 567.4 560.2 553.6 546.6 538.5 530.6 522 514.6 507.3 499.7 491.8 483.8 477.5 463.7 453.9 443 429.6 419.5 413 424.2 439.7 457.2 470.8 479.2 485.5 489.9 492.4 494.2 495.3 495.8 494.8 493.3 491.1 487.7 484.4 480.6 477 474 472.1 470.4 470.2 473.8 478.1 482.9 486.2 489.8 493.4 496.9 500.4 505.2 509.5 513.7 515.4 517.1 518.7 520.2 521.5 522.8 524.2 525.8 527.6 528.7 529.8 530.9 532.4 532.8 532.5 531.4 528.3 525.3 521.5 515.9 510.1
586.2 584.7 582.5 578 571.3 564.5 557.5 550.8 544.5 537.2 529.5 522 513.5 505 496.3 489.9 481.9 473.8 462.1 448.8 436.9 428.1 411 413.7 425.8 444.6 459.6 471.2 478.8 485 489.4 490.8 492 493.2 494.4 493.7 491.9 490.2 486.9 483.6 480.2 476.9 474 471.6 470.1 468.7 472.1 476.2 480.8 484.2 488.1 492.3 496.6 500.3 505.9 510.4 512.3 513.8 515.4 517 517.4 518.7 520 521.9 523.9 526 527.7 528.8 530 531.6 533.5 532.9 532.3 530.6 527.5 523.4 518 511.9
