data/270000-900000.asc
ncols 200
nrows 200
xllcorner 270000
yllcorner 900000
cellsize 50
[rows 35 to 69 of 200, columns 79 to 157 of 200]
153.1 147.5 141.6 136.9 134.4 130.9 128.9 126.3 126.9 124.4 123.5 121.8 119.9 117.9 115.8 120.2 120.4 121.5 122.4 124 129.9 135.3 139.9 144 150 160.6 171.7 178.5 180.3 180.6 179.7 181.8 187.6 197.1 204.5 205.3 204.4 202.4 203.1 201.7 199.9 197.7 195.2 192.8 194.1 195.8 197.4 198.9 198.5 198.6 199.6 200.7 199.6 199.7 196.5 197.6 198 194.2 193.7 193.3 194.3 193.1 195.3 196.6 196.7 196.3 195.3 195.1 192.6 190.6 187.9 183.4 178.6 174.8 171.9 170.1 170.7 175 179.2
153.4 149.9 146.8 140.6 137.7 136.2 132.3 131.4 131.5 131 129.5 127 125.2 124.4 123.6 121.9 124.5 126.1 128.6 132 137.3 143 151.9 156.1 158 163 173.8 182.8 186.8 186.6 185.5 184 188.1 195.1 200.6 205 206.6 204.6 204.7 204.4 204 200.5 197.4 195.2 193.8 193.6 193.4 194.6 196.6 196.6 198.5 201.2 203.3 203.4 201 199.3 199.7 197.9 196.3 195 196.6 195.4 195.9 196 196.6 196.7 196.6 196.1 193.7 191.8 189.1 185.6 180.3 177.4 173.7 173.4 174.7 176.6 182
155.7 151 147.7 144 139.9 138.5 136.4 135.6 137.1 137.2 135.7 133.8 131.3 129 128 125.5 128.2 130.2 134.1 137.9 143.1 148.7 157.5 163.1 165.1 166.7 172.4 183.4 189.6 190.9 189.5 187.8 190.4 196.6 202.6 204.5 205.1 206.8 205.7 205.6 205.6 203.3 200 197.4 195.6 195.4 195.6 196.4 197.5 198.4 198.7 200.7 202.8 203.3 201.6 200.1 200.1 200.8 199.6 199 198.6 197.7 196.8 196.3 196 197 197.2 196.6 195.2 192.8 190.2 186.5 182.5 179.7 175.9 177.3 178.6 180.4 185.1
158.8 154.8 149.4 145.4 143.2 141.1 139.6 139 139.2 141.2 146.3 143.4 139.6 134.8 132.4 130.2 132.1 135 138.7 143.8 148.6 153.3 159.2 166.2 171.2 173.2 174.2 179.6 186.7 190.9 192.2 191.9 193.6 199.7 205.2 207.9 209 207.5 207.7 207.8 207.9 206.2 202.4 200 198.1 198.4 198.7 199.4 200.3 200.8 200.3 199.8 202 202.4 202.1 201 201.1 202.8 204.1 205.2 203.6 199.6 198.2 197 197.4 197.7 198 198.3 197.8 197.4 193.8 189.6 185.6 182.8 179.8 181.4 182.6 184.9 188.5
163.2 158.6 153.1 149.2 149.1 147.4 143.6 141.2 140.8 141.5 143.7 146.5 144.4 140.7 136.3 134.8 136.5 138.5 141.4 145.8 151.1 157.3 163.8 169.4 174.8 177.7 178.9 180.1 185.1 190.7 193.6 195.2 197.2 201.9 205.8 209.1 211.6 211.2 209.6 209.7 209.5 208.7 205.4 201.8 201 200.5 201.8 205.3 207.3 205 203 201.8 203.3 203.9 202 200.8 205.6 210.2 209.8 208.5 206.4 203.2 200.7 199 198.7 198.4 198.8 198.6 199.6 199 196.9 194.2 189.3 185.6 182.4 184.3 186.6 188.7 191.9
167.9 161.4 156.2 153.9 150.9 150.3 151.3 144.1 143.4 142.7 142.6 143.5 144.3 142.8 139.8 139.3 140.7 143.1 145.9 149.7 153.2 158.8 166.4 172.5 177.4 180.3 182.7 184.1 185.8 190.9 196.9 198.8 200.8 203.7 207.5 209.8 212.8 215 214.2 211.7 211.1 211.6 213 212.4 207.5 205.9 203.8 206.7 209.7 207.9 206.2 203.9 202.1 205.8 205.3 207.4 209.7 213.5 213.9 210.9 208.6 206.9 205.5 204.9 200.6 199 198.9 199.8 200.2 200.3 200.5 198 192.8 188.7 186.3 187.3 190 192.4 196
170.8 165.7 160.2 157.3 153.2 152.6 154.5 156.8 149 145.8 144.3 143.5 143.6 143.2 141 143 144.5 147.1 149.7 152.9 156.1 160.5 166.3 172.2 177.6 182.1 184.5 187.3 188.8 192.7 199.6 201.4 202.9 204.9 208.4 210.1 214.5 218 217.7 215.7 214.2 217.8 222.3 223.8 220.1 218.5 213 207.7 208.8 207.9 206.8 205.7 203.7 204.3 205.6 207.7 209.5 211.6 214.7 213.5 210.3 208.9 209.2 209.1 207.7 205.1 202 200.9 200.7 200.8 199.8 197.4 194.2 190.6 189.4 190.7 193.9 198 200.7
171.3 169 164.2 160 155.6 154.6 154 155.4 154.1 149.9 147.3 146.4 144.7 143.1 142.6 144.6 147.7 150.5 153.2 156.5 160 164.4 168.4 171.6 177.2 182.5 186.7 189.8 192.4 193.1 198.4 202.7 204.9 207.4 213.3 216 216.1 217.4 219.2 220.2 219.4 217.9 219.5 221.3 222.3 220.5 217.4 212.7 208.6 208 206.9 205.9 204.3 204.7 206 207.7 209.7 211 213.2 214 211.6 210.7 211 212.6 213.9 210.7 207.8 204.4 203 201.9 200.3 198 195.6 192.8 192.7 194.1 196.9 200.7 204.5
172.7 170.3 166.8 162.6 158.5 156 155 155 155.2 153.4 148.1 146.4 145.2 143.6 143.5 145.7 149.1 153.3 156.4 160.1 164.2 168.8 173 177.6 179.1 182.6 187.3 191.7 193.7 196.6 199.3 201.6 206 209.4 215.4 217.9 222.1 220.3 219 221.1 223.8 222.5 221.5 221.4 221.2 220.2 218.2 214.8 210.6 208.1 207.1 206 205.1 205.3 205.7 208.6 210.8 212.2 213.5 214.6 213.1 212.3 212.5 213.6 214 214.1 211.4 209.1 208.1 206 202.6 199.1 196.3 195.8 195.9 197.9 200.7 203.7 209
174.2 171.5 168 164.4 160.6 157.2 156 154.6 154.5 153.8 150.8 147.1 145.3 144.2 144.7 146 151 155 159.9 163.9 168.1 174.5 178.9 183.2 185.8 185.4 187.5 190.5 192.9 197.6 203.1 203.5 204.3 209.2 216.3 217 220 222.5 221.7 220.4 223.2 223.8 224.5 224.7 222.5 220.5 219.2 215.8 211.6 209.4 207.2 207.1 207.4 208.3 208.8 211.1 213.2 214.8 216.8 216.6 215.4 214.5 215 215.9 215.7 215.3 214.4 213.7 210 208.1 204 200 200.5 198.9 199.4 201.9 204.6 208.6 213.5
179.1 174.8 168.9 164.7 161 158.1 156.6 154.9 153.3 151.8 150.4 147.6 146.3 147.2 149.1 151.1 153 157 161.4 167.4 172.9 180 182.9 186.1 189.8 190.3 191.4 191.2 192.3 194.1 198.2 203.8 204.1 207.4 211.9 214.3 215.9 218.5 220.5 219.6 221.3 221.3 222 224.4 228.5 227.6 224 219 214.6 211.3 208.9 209.8 209.6 210.2 211.3 213.8 216.5 218.1 221.1 221.2 220.3 218 217.6 217.8 217.4 217.4 216.4 215.5 213 208.5 205.6 201.8 203.9 202.4 203.1 206.5 209.9 214.6 218.8
174.9 174.9 172.1 164.2 161.3 158.8 157.1 154.9 152.7 151.4 149.6 148.7 149.2 151.7 156.3 158.7 155.9 157.5 162.5 169 176.3 183.3 185.5 188 191 194.5 195.8 193.7 192.5 192.1 192.7 194.6 199.7 202.2 206.2 210.7 213.3 215.5 217.4 218.5 219.9 221 222 223.9 228.4 227.8 225.3 221.8 217.9 215.3 212.5 212.3 215.4 215.1 214.4 216.6 220.5 222.2 222.8 222.9 224.1 226.7 228.5 226.1 225.6 225 221.3 216.8 213.5 210.7 208 203.9 204.1 205.1 206.8 211 214.8 219.6 224
170.9 170.6 168.8 164.5 162 159.9 158.1 156.2 152.9 151.2 150.8 150.7 153 155.7 159.6 163.6 163.3 162 162.6 168.1 176 182.5 186.7 189.6 191.8 194 194.4 193.4 191.8 191.1 191.1 191.1 191.3 195.8 200.5 207.5 212 214.8 217.1 218.7 220.2 221.5 224.4 225.6 227.1 227.1 225.1 223.3 221.7 219.3 215.7 215.8 218.8 218.3 219.1 221.3 225 225.4 225.4 224.8 224.9 228.7 234.7 235.4 230.7 226.6 223.8 221.4 216.3 211.8 209.1 206 206.4 207.8 209.9 213.8 218 224 228.2
169.4 167.5 165.7 163.6 161.6 161.1 160.4 158.2 153.8 151.7 154.5 155.4 157.4 160.2 163.2 167.3 170.2 168.7 168.5 167.5 174.1 180.9 185.2 190.8 193.9 192.9 193.1 191.7 191 190.5 190 190.5 191.1 192.6 195.1 202.2 209.3 214.8 217.5 218.6 219.8 224.8 228.2 231.6 229.5 226.5 225.7 225.2 227.1 223 218.7 219.2 222.3 220.9 222.6 223.5 227.9 231.6 229.7 227.2 226.2 225.6 228.6 231.3 229.1 224 221.7 220.5 216.7 213.5 209.8 207.3 209.4 210.6 213.2 217.1 222.4 228.4 232.7
167.8 165.8 163.6 161.4 160.7 160.1 159.6 159.1 154.6 153.3 156.9 160.3 163.3 165.9 166.4 169 172.5 173.6 173 172.1 173.1 177.7 181.5 185.4 192.1 191.8 190.6 189.3 188.8 190 190.4 190.9 191.3 192 193.8 196.7 205.4 210.9 215.7 216.6 218.3 220.2 222.3 224.8 227.3 226 225.1 224.6 224.5 222.5 220.3 219.9 222 223.6 226.8 228.2 227.7 228.7 231 230.6 227.3 224.6 221.9 222.4 221.5 219.5 218.6 218.4 216.2 213.9 211 210.6 212.1 213.1 216.6 220.9 226.2 232.5 236.9
164.9 163.5 161.8 160.7 159.8 158.8 157.9 157.1 155.3 155 158 162.8 166.2 168.8 168.8 170.9 174.4 177.1 176.8 175.8 176.6 176.4 177.8 182 184.5 187 187.9 188.5 189.7 191.3 192 191.8 191.6 191.9 193 194.4 198.9 204.3 209.5 213.8 216.9 219 220.2 221.3 222.4 224.4 224.4 224.2 223.6 220.9 218.6 217.6 219.5 223.3 226.6 227.5 227.4 228.9 229.7 231.1 226.5 222.2 219.7 218.8 218.8 217.9 217.4 216.5 216.1 214.6 214 214 214.6 215.6 219.4 224.4 232.3 237.2 241.5
162.3 160.9 160.3 159.4 158.4 157.3 156.7 156.1 155.2 156.6 160.3 164.1 167.6 169.5 170.7 172.4 174.8 178.2 179.5 179.8 181.3 183.6 183.7 188.1 185.7 185.2 186.6 188.9 190.6 192.3 194.2 194 193.8 192.9 192.2 193.7 195 201.4 205.3 212.3 216.9 219.2 220.3 221.3 221.6 222.2 224.3 223.6 222.1 219.2 216.6 214.6 213.8 221.2 221.8 222.7 223.1 225 226.9 227.8 223 217.5 216.4 216.9 217.4 216.9 216.2 216 216.8 216.2 216 216.2 216.5 217.8 221.1 228.1 236.3 241.6 246
160.2 159.6 158.9 158 157.1 155.9 155.5 154.8 156.8 158 161.1 163.5 167.2 169.1 172 174 176.1 179.4 182.2 186.3 190.1 191.7 192.3 191.9 190.7 189.5 188.2 190 191.7 193.6 196.1 194.8 193.4 192.3 191.9 192.4 193.5 197.7 203.4 211.2 216.3 219.6 220 221.2 221.7 221.7 222.1 221.5 219.7 217 214.2 211.5 209.7 214 215.4 216.2 215.5 218.3 222.8 224 218.9 214 214 215.8 215.7 215.2 215 216.4 217.2 218.3 218.3 219.1 220.8 222.1 226.1 231.4 239.4 245.3 249
159 158.4 157.7 157 155.2 155.9 157.3 158.4 161.4 163.3 164.1 165.4 167.7 171.7 174.8 177.5 181.1 187.6 190.8 195.4 198.5 201.4 202.7 202.4 200.9 198.2 194.2 194.1 194.4 194.6 194.8 194.5 192.8 191.3 190.5 190.4 193.5 198.1 203.4 209.6 215.1 220.2 222.6 225.8 224.1 220.8 220.2 218.7 217 215.3 212.7 207.7 206.2 206.5 208.3 207.2 208.6 215.8 219.3 219.6 214.4 211.2 211.9 213.9 213.7 213.5 214.8 216.4 219.6 222.5 224.4 224.2 225.7 229.3 234.3 238.2 241.6 248.4 252.2
157.5 157.3 156.7 155.5 156 156.9 159.9 161.2 163.5 165.4 165.9 168.3 172.3 176.6 179.5 183.7 188.8 195.7 200.9 206 208.5 209.6 212 215 215.6 213.8 210.6 202.7 199.1 196 194.8 194.3 193.3 192.2 190.9 188 192 199.8 205.5 210.6 213.2 218.6 221.4 224.6 225.5 222.1 218.1 216.7 215.8 212.4 208.6 204.9 202.8 202 201.6 202.2 204.8 212.4 214.1 213.5 209.4 208.4 209.6 211.3 212.2 213.4 215.5 219.6 222.9 225.4 227.7 229.5 232.2 237.5 238.7 241.8 245.8 251.8 253.8
156.5 156.5 156 155.9 156.5 157.3 161 163.1 162.5 164.9 166.8 171.1 176 179 184.3 190.8 198.8 205.1 212.2 218.9 223.5 225.9 229.2 232.6 232.8 230.1 225.5 217 205.5 200.5 197.2 195.9 195.4 195 193.4 190.5 187.3 192.6 202.3 209.1 210.4 216.5 218.6 222.6 222.6 220.2 218.9 214.7 211.7 208.4 205.1 202.2 199.6 199 198.2 198.5 201.9 207.9 209.2 207.9 205.7 205.8 206.4 210 212 213.7 217.6 222.7 225.9 228.4 230.5 234.2 237.8 242.2 243.8 246.3 250.8 253.6 257.1
157.1 156.6 156.5 156.4 156.5 157.2 158.1 160.4 162.4 165.6 170.4 176.6 180.2 183.2 189.4 196.8 205.4 214.2 222.1 231.8 238.3 243.3 247.9 248.4 244.9 240.5 233.2 224.5 214.2 205.9 202.2 199.2 195.4 196 196.2 190.9 188.5 186.9 192.9 201.8 206.6 212.1 215.6 220.1 221.2 218.7 219.9 213 207.9 203.7 202.6 199.5 196.5 195.4 195.4 195.3 196.3 200.5 203.4 203.8 202.8 203.1 203.7 206.6 210.4 212.9 216.4 223.1 226.3 228.8 230.5 237.5 242.2 245.7 245.9 249.6 254.2 258.6 263.4
157.4 156.9 156.8 156.8 156.9 157.1 157.2 158.3 163.7 166 172.2 177.1 182.7 186.7 192.3 202.1 210.4 219.6 229.1 237 244.8 251.3 256.5 259.8 255.9 249.7 242 230.7 219.8 210.7 204.7 200.9 196.2 194.3 197.4 193.3 188.3 185.4 187.2 195.4 201.8 206.5 211.5 214 216.7 216.4 217 209.5 205 201.1 200.2 197.7 195.1 193.7 193.1 193.3 193.5 196.6 199.9 200.6 200.1 200.1 202.6 205.5 209.2 213.7 219.3 223.1 227.5 229.8 233.7 240.6 246 247.6 249.5 253.2 259.5 265 267.6
157.8 157.2 157.2 157.1 157.1 156.8 156.8 158.6 164.3 167 175.7 178.9 184.6 190.6 196 205.1 214.4 222.8 230.1 238.7 248.3 255.8 261 265.4 264.8 257.9 249 238.6 226.7 216.2 207.6 203.6 198.7 194.1 193.6 193.7 189.5 186.3 184.9 192.2 200.1 203.2 206.8 209.9 212.6 213.2 211.8 205 201.3 199.4 198.2 196.3 194.7 193.4 193 192.9 192.5 193.2 195.8 197 196.4 199.3 204.3 207.9 213.6 218.4 221.8 224.6 231.3 234.5 239 243.9 249.3 250.9 252.3 255.8 264.5 269.7 271.3
158.8 157.4 157.3 157.1 157.1 157.4 158.2 161.8 166.3 168.2 174.5 182.3 190 193.1 200.1 209.1 218.4 224.1 230.1 238.1 247.4 254.8 259.8 264.6 266.1 262.1 251.6 242.2 231.3 220.4 213.7 212.4 204.1 196 191.8 190.2 188 186.1 184.3 189.5 198.2 201.7 201.8 206.5 210.4 209 205.8 201.5 199.2 198.6 197.4 196.1 194.7 193.7 193 192.6 192 192.5 192.7 193.1 195.3 198.9 201.5 211.9 218.9 224.7 226.2 227.1 232.6 238 242.2 246.2 250.5 253.3 255 259.1 264.8 269.9 273.1
158.9 157.6 157.2 157.1 157.5 158 160 162.2 167.2 172.1 177.2 183.6 190.3 196.3 204.4 212.5 221.8 226.7 230.9 234.5 240.9 248.1 256.5 262 262.9 259.6 252.1 242.8 234.3 227.7 224 221.8 212 201 193 189.8 187.6 185.7 183.7 185.3 193.3 198.9 199.6 201.8 206.7 207 203.7 199.7 197.6 197.3 197.8 197.9 195.6 194.8 193.9 192.8 191.7 191.8 194.9 195.3 196.4 198.8 211.9 215.5 221.5 226.1 228.8 230.7 235 240.3 244.4 248.5 251.8 254.7 257.9 262.1 265.4 271.4 276.2
159.5 158.2 157.1 157.3 157.8 158.5 160.7 163.8 168.1 173.4 179.2 185.4 190.9 196.7 203.2 211.4 219.9 226.1 228.4 230.7 234.7 239.5 249.4 260.6 264.5 260.5 254.2 246.1 239.3 234.4 232.9 231.8 220.1 208.4 195.4 190.2 188.3 186.5 185.1 183.5 187.1 192.9 196.6 199.2 204.6 203.2 201.1 198.2 196.2 196.2 196.5 198.4 197.7 196 194.8 193.6 192.7 193.1 194.7 198.5 200.4 203.6 212.4 217.9 222.8 226.6 229.5 232.3 236.8 240.9 244.8 249.4 253.5 257.8 260.9 265 270.5 277.2 281.4
160.7 159.3 157.5 157.7 158.2 159.2 161.1 165.3 168.4 172.8 178.6 184.5 190.4 194.7 200.2 207.5 215.2 220.7 224.6 226.4 228.1 231.7 237.9 247.8 257 260.6 256.5 249.3 244.1 238.8 236.1 234.1 227.1 215.5 203.1 193.2 189.3 187.4 186 184.6 184 186.5 191.1 195.1 199.6 199.1 196.9 195 194.5 195 195.8 197.7 197.8 196.4 194.9 193.1 191.6 195.4 194 197.4 204.1 207 211.4 219.3 223.5 226.6 229.2 232.5 235.8 239.7 244 248.6 254.1 258.9 263.7 268.5 274.3 279.2 283.3
162.2 160.2 158 158.1 158.8 159.8 161.6 165.1 167.9 171.8 176.2 182.1 188.2 193.3 198.4 203.1 208.4 214.5 218.7 221.8 222.5 224.4 229.2 239.1 246.3 251.1 254.5 249.9 248.3 243.3 237.4 233.7 226.3 219.1 209.6 197.9 190.1 188 187 186.1 183.6 182.5 185.2 191.1 194.7 194.2 191.9 192.4 192.8 193.2 195.4 197.8 197.3 195.9 194.8 192.9 191.1 195.3 194.4 194.7 206.1 208.1 212.8 219.6 223.4 226.5 229 232.2 235.4 238.6 243.1 247.3 252.9 259 264.9 271 276.3 280.4 284.4
163 161.8 159.7 158.8 160.4 161.2 165.3 167.3 169.7 171.7 175.8 180.8 186.1 191.3 196.7 200.7 203.5 207.3 212.8 214.3 216.1 216.3 220.9 230.7 238.6 242.4 246 245.8 246.5 245.4 238.8 232.5 224.2 216.7 210.4 201.2 191.6 188.6 187.1 187.8 187 183.3 182.6 185 186.6 188.5 187.7 188.5 190.6 192.3 194.5 196.1 196.8 196.2 195.1 192.5 190.3 193.8 199.8 203.7 207.6 209 212.5 218.4 222 225.5 227.8 232.1 235.4 238 241.6 246.9 252.7 259.1 265.3 271.4 276.6 281 284.6
165.2 163.7 162.4 161.5 162.5 162.3 165.2 168.9 169.3 171.5 174.7 179.9 184 187.3 193.5 197.9 200 202.2 204.1 209.1 211.2 211.1 210.9 219.8 227.7 233.5 235.9 237.3 239 240.7 235.8 227.5 220.3 212.3 207.3 200.2 194.5 188.7 187.5 186.4 188.1 185.6 183.4 182.1 180.8 181 182.3 184.3 187.1 187.7 192.3 193.5 194 195.2 193.1 192.4 190.5 189.8 194 200.2 204.4 208 213 216.5 220.3 224.3 226.9 231.8 235.3 237.6 241.4 246.4 252.7 259 265 270.3 275.6 279.7 284
167.6 164.6 164.7 165.8 164.4 162.9 163.3 166.4 168 169.4 171.5 175.9 181.7 185 189.1 194.4 197.4 198.3 199 201.2 205.2 207.1 206.6 207.7 218.1 221.8 223.9 225.8 227.7 228.3 223.5 218.7 212.8 207.5 204.2 198 194.7 189.3 187.5 185.9 185.9 184.9 183.7 181.9 177.8 178.5 179.1 180.3 183 183.8 187.5 190 192.1 193.6 192.1 191.1 189.7 187.4 191.6 196.7 201.1 208 212.3 214.6 217.5 222.1 225.4 231.5 234.3 236.8 240.8 246.2 252.7 259.2 265 269.3 274.6 278.9 283.2
169.5 166.3 168 166.8 165.8 164.4 165.3 165.9 167.1 168.2 169.6 172 177.1 181.3 185.5 189 192.7 194.8 195.2 197.2 199.3 201.9 204 203.3 204 210.2 214.3 217.3 218.5 216.9 213.6 209.9 207 202.8 199.2 195.5 191.3 188.3 186.6 185.3 184.7 183.8 182.1 180.5 178.2 177.2 178 178.8 180.4 181.2 183.7 185.6 188.8 192.3 191.5 192 189.2 186.9 197.2 201.1 204.1 208 211.8 214.3 217.1 220.7 224.8 229.8 232.4 235.8 240.8 246.5 252.9 259.4 265.1 270.6 274.4 278.5 282.5
169.8 169 169.9 170.4 168.4 166.2 166.4 166 167.1 167.8 169.9 171.8 173.4 176.3 180.3 184 187.4 190.9 192.8 195 196.2 197.1 199 199.9 199.7 200.8 204.4 207.9 209.6 207.7 206 203.8 201.4 198.9 195.3 193.4 188.8 186.2 185.3 184.4 183.8 183.1 180.5 179.6 178.2 177.4 177.2 177.8 178.8 181.1 184.2 181.7 181.1 189.1 189.2 191.1 189.1 188.8 198.8 203.8 205.2 208 211.5 214.5 218.9 222.2 224.8 228.1 230.9 235 240.7 247.2 253.2 259.6 265.1 270.6 276.3 280.2 283.9
171.4 170.1 170.8 172 170.8 167.9 167.3 166.7 166.5 166.6 167.4 169.7 172 174.4 177 180.9 184.6 188.4 191.3 193.6 194.4 194.4 195.2 195.9 196.6 197.2 198.3 198.5 198.3 197.7 196.9 195.6 196.1 193.8 192.5 191 187 184.8 183.8 182.9 182.7 181.2 180.2 179.5 178.4 177.4 177.2 177.7 178.2 178.7 179.7 180.6 180.5 185.9 185.7 189.2 186.8 187 193.9 203 205.8 210.1 213 215.2 218.1 222.8 225.2 227.6 231.2 234.2 240.1 246.8 253.5 259.7 265.1 270.6 276.4 281.9 286.6
