data/270000-820000.asc
ncols 200
nrows 200
xllcorner 270000
yllcorner 820000
cellsize 50
[rows 0 to 34 of 200, columns 78 to 155 of 200]
477.6 477.5 480.4 481.6 484.3 486.9 489.5 492.8 495.8 498.6 501.6 504.8 508.7 512.6 515.9 518.7 521.3 522.8 524.1 524.9 525.3 525.7 525.9 525.8 525.4 524.7 524.1 522.6 520.9 516.1 517.3 523.9 528.7 533.8 538.3 542.6 547 550.3 550.2 547.3 543.5 538.1 531.4 515.1 499.4 481 469.9 467.5 467.4 461.5 453.9 450.1 449.3 445.1 437.8 444.3 442.7 436.9 432.9 427.1 418 422.8 419.7 416 412.7 410 407.7 407.6 407.2 407.3 407.7 409.6 411.4 413 411.3 408.6 406.2 405.4
477.3 478.7 479.7 479.4 484 486.5 489.1 492.5 495.6 498.4 501.3 503.8 507.2 510 513 515.9 518.5 520.3 521.3 522 522.6 523.3 524 524 523.5 522.9 522.1 519.1 515.8 517.4 522.3 527.4 532.1 535.4 538.9 543.5 548.1 551.6 552.4 550.6 546.1 540.4 534.6 526 513.9 500.6 491.4 482.1 475.1 468.7 463.7 459.4 452.7 447.8 444.5 435.9 428.8 425.3 422.6 422 427.8 425 420.6 416.7 413 410.2 406 401.9 397.9 400.3 404.5 404.3 408 409 408.3 407 404.5 402.8
474.6 478.5 480.1 481.4 483.2 485.9 488.7 491.7 495 498.2 500.9 503.2 505.5 508.2 510.9 513.7 515.7 517.9 519 519.8 520.3 521 521.8 522 519.7 520.6 520.2 518.8 517.2 522.4 526.7 530 533.1 536.6 540 543.8 548.4 552.7 553.5 550.8 547.4 542.1 536 528.4 519.8 511.6 499.7 489.9 482 474.4 468.7 463.8 461.4 459.8 457.4 454.2 449.5 444.8 440.9 436 433.2 428.4 423.5 418.7 415.9 410.5 406.3 399.8 396.2 394.6 394.1 396.3 400.6 403.2 405 404.2 402.7 400.1
475.8 477 478.7 480.7 482.2 484.8 487.7 491.1 494.3 497.5 500.1 502.1 503.7 506.4 509 511.4 513.6 515.5 516.7 517.9 518.3 518.8 519.2 520.6 521.1 520.8 519.8 519.6 522.4 524.7 527.9 531 533.8 536.6 540.4 544.2 548.4 552.4 552.9 551 547.2 543.2 536 528.9 521.4 512.6 503 494.3 486.4 478.5 473.2 470.3 468.9 466.4 464.1 462.4 457.8 454.1 448.7 442.6 436.9 431.7 427 424.2 421.6 411.6 409.3 406.3 399.6 396.6 394.8 392.9 395 397.1 399.3 400.1 398.3 394.2
476.7 478.1 478.5 478.1 482.1 483.5 487.1 490.5 493.6 496.5 499.1 501 501.8 504.3 506.6 508.9 511.5 513.1 514.4 515.5 515.3 515.3 519.1 519.5 519.7 520.2 520.2 522 524.4 526.6 529.5 532.1 534.9 537.7 540.5 543.5 547.7 551 552 549.3 545.1 540.9 534.9 528.2 520.6 511.3 502.2 495 489.7 483.1 479.1 477.9 475.9 475 473.6 472 467.6 461.5 455.3 448.7 442.7 436.8 432.5 429.2 424.7 417.5 412.1 409.5 404.1 398.3 396 394.1 392.7 391.8 392.3 392.7 389.7 386
477.9 478.2 480.5 482.2 483.4 481.6 486.4 489.7 492.6 495.5 497.5 499.3 500.4 502.3 504.2 506.5 509.1 510.3 512.2 514.7 514.7 516.9 517.7 518.2 518.5 520.4 521.6 523.7 526.1 528.5 531 533.5 536.2 538.8 540.4 542.8 544.9 547.5 547.2 544.8 541.8 536.9 530.8 525.2 516.7 510.6 500.9 495 489.7 487.4 483.3 484.7 485.7 485.2 481.9 478.6 472.7 467.1 460.5 454.7 448.2 441.6 435.7 432.3 425.9 419.8 410.5 408.4 405 399.3 400.7 396.9 395.2 392.6 388.3 385.2 380.9 378.1
480.6 480.5 481.9 483.5 485 486.5 487.7 485.3 489.3 492.4 493.9 495.1 500.1 499.5 502.7 506.5 507.9 509.6 512.1 513.6 515 514.6 515.6 517.6 519.6 521.5 522.9 525.5 528 530.2 532.4 534.9 536.6 538.1 540.3 541.6 543 543.9 543.1 540.1 537.1 532.7 526.6 520.3 514.1 508.4 500.3 495.1 490.8 489 489.7 492.6 493.9 491.9 488.4 482.8 475.1 470.5 463 457.2 451.3 444.1 438 433.7 426.2 413.1 413.7 413.7 410 408.3 405.8 403.2 399.5 396.8 394.1 389.7 386.7 384.2
482.2 481.7 482.8 485.3 484.8 487.9 489.2 489.9 493.4 495.9 497.6 499.7 502.1 503.5 503 505.5 507.9 508.6 510.3 510.4 513.7 515.8 518.2 520.4 521.6 522.8 525.6 527.8 530.8 532.6 533.5 535 535.9 537.4 539.1 540.1 540.3 539.9 538.8 535.4 532.5 529.4 523.7 517 510.3 502.9 497.9 493.4 492.6 491.7 494.6 497.4 500.1 496.9 492.2 484.6 477.7 471.8 464.6 458.3 453 446 437.9 433.6 423.4 417.4 419.8 419.5 418.5 415.5 412.1 410.2 406.8 405.2 401 395 390.6 388.2
483.6 483 483.8 487.1 488.9 491 493.3 494.1 495.9 497.9 500.1 501.2 503.7 505.4 505.2 505.5 506.1 508 510.1 512.9 516.1 517.8 520.1 521.8 523.1 524.6 528.8 529.9 532.1 533.4 535.1 534.9 535.5 536.3 537.1 537.9 536.5 535.6 534.4 531.3 529.2 525.6 519.8 513.2 506.3 499.4 499 495.1 493.1 494.8 498.1 501.9 501.8 498.7 493.4 485.4 479.2 470.8 464.7 459.7 454.4 447.3 438.8 430.3 432.6 429.9 420.3 424.9 425.2 420.4 417.3 414.7 411.6 408.6 403.5 399.6 395.5 392.4
485.4 485.1 485.7 488.9 491.4 493.2 496.3 498.4 499.8 501.4 502.3 503.7 505.2 507.8 510.5 511.4 511.5 512.9 513.8 516.8 518.6 520 521.5 523.3 525.3 527.8 528.9 530.6 532.8 534.2 535.6 536.5 537.4 537 536.2 534.6 533.6 531.9 529.8 527.9 523.4 520 514.1 507.7 503.4 499.2 498.3 496.6 496 497.5 500.1 500.6 499.6 497.9 491.7 484.8 477 470.6 466.6 461.7 455.1 448.6 437.8 440.1 438.7 437.1 429.4 425.2 428.4 425.3 422.5 419.4 416.4 413.2 409.5 405.6 401.1 398.4
488.6 487.7 486.1 491.1 493.7 496.8 499.7 501.6 503.5 505.8 506.4 508.7 511.5 513.7 515.9 516 515.3 517 517 519.9 521.2 523.1 524.9 526 528 530.3 532.1 533.5 535.9 537.6 539.6 540.3 540.4 538.9 536.8 535.5 534.4 532.6 529.5 526.1 520.3 514 511.6 508.2 505.5 501.8 499.3 498.4 497.4 497.6 499.4 498 496.6 494.6 488.4 480.5 475.5 471.1 467.4 462.9 455.9 448.5 448 447.3 445.6 443.1 437.6 430.3 429.6 428.3 427.2 427.3 422.9 422.1 418.6 413 407.6 404.3
492.4 491.8 488 493.4 496.6 500.2 503.8 505.8 508 511 513.8 516.5 518.2 519.8 521.2 520.8 519.6 520.5 521.7 522.6 524.9 527.8 528.6 529.2 530.7 532.8 534.9 537 539.5 541.5 543.9 545 545.2 544.4 542.7 540.2 538 535.2 531.8 525.8 521.5 517.5 513.1 508.3 504.9 501.7 499.6 497.7 496.3 495.8 496.4 494.6 493.1 489.2 484.2 479.6 476.7 473 467.7 463.2 457.9 456 455.2 453.5 453.3 450.4 445.3 441.3 441.3 441 441 442.3 433 433.2 424.9 418.6 412.8 409.1
496.4 495.6 493.1 495.7 499.6 503.3 507.2 510.1 512.9 517.2 520.9 523.3 524.4 525.7 526.3 525.4 524 524 524.7 525.9 528.1 530.9 531.6 532.8 534.1 535.4 537.6 539.7 542.5 546.1 548.7 549.3 549.1 548.9 548.7 546.8 544.4 541.9 536.5 530.2 524.9 519.9 515.4 510.4 506.3 502.9 500.3 497.8 494.7 494.4 493.1 491.4 488.3 485.5 483 480 477.2 474.3 470 465.3 461.5 461.7 461.1 461.3 457.4 455.8 453.1 449 449.1 451.7 451.5 445.6 441.1 439 430.6 423.4 418.3 412.1
500 499.6 497.4 498.5 502.5 506.3 510.5 514.6 518.1 521.8 525 527.9 530.5 531.8 531.6 530.5 528.5 528 528.6 529.1 530.8 533.4 535.5 536.7 537.6 538.5 540 542.2 545.4 548.9 551.8 552.5 552.8 553.6 553 551.5 548.8 545.8 538.9 533.9 528.5 523.2 518.1 513.2 508.7 504.5 501.3 498.7 496 493.3 489.3 487.6 485.7 483.4 481.4 480 477.4 474.4 471.6 466.4 465.9 465.4 467.4 467.9 467 463.8 458.1 456.8 451 457.1 456.3 454.3 448.6 436.5 435.5 428.1 420.2 414
504.5 502.8 501.1 499.9 504.1 509.8 514.5 517.7 521.7 525.4 529 533.2 534.5 536.9 536.7 534.5 532.6 532.5 532.5 533.3 535.4 537.9 539.9 540.6 541.4 542.2 543 545.4 549 552 554.5 555.6 556 556.2 556.1 553.8 551.4 548.2 542.1 537.9 533.3 527.1 521.5 516.9 512.4 507.9 503.3 499.5 495.8 491.7 488.5 485.9 484.4 482.9 481 479.8 478.6 476.3 472.3 469.9 469.4 470.9 473 473 471.8 470.3 465.5 459.5 456.7 463.3 461 455.7 450.2 443.2 437.2 430 421.4 417.1
508.3 506.6 504.6 503 508.1 513.3 517.2 521.1 524.8 529.5 534.8 540 543 542.1 540.4 538.8 537.6 537.1 537.2 538.8 540.9 543.3 545 545.8 546.2 547 546.4 548.8 552.3 555.6 557 557.8 558.7 559.4 558.4 555.8 553.3 550.2 543 540.8 536.7 530.3 523.5 519.9 516.1 511.6 505.6 500.3 495.1 490.5 487.8 485.9 484.3 482.8 480.6 479.7 478.4 477.3 475.5 473.6 475 476.5 477.7 478.7 476.4 473.7 470.6 466.8 463.2 464.6 458.9 450.6 446.7 439.5 435.8 426.9 422.3 418.3
512.1 510.3 508.7 507.2 509.4 515.2 519.2 523.7 528.3 534.4 540.6 545.7 547.5 547.5 546.7 544.5 543.1 542.2 542.2 544.5 546.2 548.5 549.5 550.8 551.2 550.3 550.4 552.9 554.3 556.7 559.1 559.6 560.5 560.5 559.5 558.4 555.7 549.9 544.1 541.7 538.7 531.8 525.3 521.5 518.3 513 506.9 500.5 495 490.8 487.7 485.8 484.2 482.4 480.2 479.2 478.2 477 476.8 477.9 478.9 479.9 482.4 482.4 480 476.8 473.3 469.9 465.2 461.2 454 448.2 443.1 437 429.7 426 421.7 419.8
515.3 513.5 511.6 509.5 513.7 516.1 520.7 526.7 530 536.7 542.5 546.6 549.9 550.4 549.6 549.1 548.2 547.6 547.8 549.9 551.1 553.1 554.5 555.9 556.8 556.4 554.8 556.6 557.8 559.7 561.6 561.8 561.2 560.4 558.8 557.7 554.8 547 540.9 539.5 537.1 530 525 523.1 519.5 512.3 505.2 499.5 496 491 488.1 485.7 484 482.1 479.8 478.6 477.9 476.9 477.7 479.3 481.4 483.2 484.7 482.5 479.4 476.3 472.8 468.3 463.3 456.8 450.2 444.8 439.2 432.3 426.8 422.5 419.4 417.4
518.8 516.9 515.5 515.2 518.5 521.3 523.5 526.6 530.6 536.7 541.2 544.7 549 551.6 551.6 552.2 552.2 552.8 553.9 555.3 556.7 557.2 559.3 561 562 561.9 560.6 561.2 561.3 562.7 564.1 562.8 560.9 559 557.4 554.4 548.5 541.3 537.3 536.5 533.6 528.2 524.9 524.7 518.2 512.6 505.7 500.7 495.3 491.4 487.5 485.3 483.5 481.8 480.2 477.9 476.5 476.9 478.1 479.4 482.2 483.9 483.1 480.3 476.7 473 469.5 464.9 458.9 452.2 447.2 440.5 434.8 429.5 423.9 419.6 416.3 413.9
522.3 520.8 519.4 519.6 522.3 524.4 527.1 529.8 531 534 536.7 540.3 546.2 548.3 551.8 554.1 554.1 555.5 556.4 557.7 560.5 561.1 563.4 565.5 566.7 566.6 565.2 565.8 566.1 565.9 565.5 563.6 559.2 557.3 554.1 550.6 542.2 536.8 533.9 531.5 528.2 525.7 523.6 521.9 518.4 512.6 506.6 501.5 494.8 490.6 487.3 485.2 483.1 481.3 479.5 477.7 475 475 476.1 481 484.6 483.8 481 477.4 472.6 467.7 463.9 459.3 454 449.4 444.6 438.5 432 425.4 420 416.3 413.1 408.9
524.8 523.5 521 521.3 524.3 527.3 529.9 532.4 534.2 536.9 538.4 540.4 544.7 547.8 551.8 554.9 555.9 557.3 558.4 559.5 562.5 563.9 565.9 568.8 569.7 570.3 570.6 571.3 573.1 572.1 568.7 564.6 560.3 556.7 552.1 546.5 538.3 535.1 532 525.2 522.1 520.2 518.3 515.3 512.9 511.6 506.8 501 494.8 489.8 487.1 484.6 481.8 480.1 478.2 475.4 474.4 473.1 475 481.1 484.6 483.2 478.3 473.2 468.5 461.9 458.6 454.7 450.1 445.5 440.1 433.9 427.4 421.1 414.8 410.6 407.6 403.7
526 524.6 523.1 522.9 526.4 530.1 533 536.2 539.1 541.7 544 546.6 548.5 550 552.1 555.6 557.7 559.1 560.4 562.2 562.7 563.8 567.9 571.8 574.4 576.2 577.4 577.3 578 576.7 572.4 567.6 562.3 555.7 549.4 541.8 535.9 533.2 530.2 523.5 518.8 515.7 514.7 513 512.4 509.3 504.4 498.6 492.6 487.8 485.6 482.7 479.9 478.2 476.5 473.2 471.1 472.3 473.3 477.8 481.9 479.1 474.2 468.6 461.8 457.2 454.1 450.2 446.1 441.3 435.3 429 422.8 417.9 412.4 407.5 402.1 390.9
526.9 526.6 525.8 526.9 529.1 533.8 538 541.2 544.1 546.8 550.3 552.7 554 555.5 556.3 556.4 556.9 559.8 562.7 563.9 564.1 566.1 571.2 574.4 578.4 580.8 581.9 582.2 581.5 578.5 575.2 569.9 563.1 556.6 548.1 540.5 535.4 532.5 526.6 522.8 519.4 517.6 512.7 511.5 508 503.2 499.8 496.6 493.4 489.6 486.1 483.3 481.8 479.5 476.4 473.3 468.3 468.5 470.7 472.6 473.9 472.5 469.5 462.4 456.3 453.1 449.6 445.8 441.7 434.1 430.2 423.5 418.7 413.2 405.1 395 392.5 389.7
528.7 528.7 529.4 530.8 532.7 539.2 543 546.1 549.1 552 557.6 560.8 562.2 562.8 562.7 560.8 561 562.8 565.9 566.2 566.7 568.8 572.8 577.2 580.8 583.4 586 585.1 583.4 579.9 576.5 571.4 564 555.9 547.1 540.1 535.2 531.8 526.9 523 519.4 516.5 514.4 511.4 507.5 504 501.5 497.5 494.5 490.9 490.2 487.3 485.2 481.6 477.9 474.2 471.5 464.5 466.6 467.7 466.6 465.1 463 459.6 454.8 449.8 445.1 441.4 436.9 429.1 425.7 417.5 411.4 403.3 397.9 396 409.9 407.1
532 531.4 531.7 532.9 538.4 544 548.9 552.2 555.6 559.1 563.9 568.8 571 571.8 571.3 568.3 566.4 566.6 568.4 569.3 570.3 573.1 577.7 581.5 584.3 587.1 588.9 587.8 585 581.5 577.2 571.6 564.6 555.8 544.9 538.8 533.9 530.3 525.3 522 519.7 517.1 514.5 509.8 506.4 503.8 501.2 498.8 493.8 493.6 492 490.7 487.3 483.6 480 476 471.3 469.3 461.3 456.5 462.6 460.7 459.4 456.3 452.4 447.3 441.7 437.4 433 428.2 413 407.9 412.6 408.7 417.9 417.2 414.5 411.9
534.4 534.3 534.4 537.1 542.9 548.5 554.1 558.4 561.6 565.9 570 574.6 577.3 578.2 577 574.3 573.2 571.6 572.2 573.2 575.3 578.2 581.9 585.1 587.9 589.6 590.8 588.8 586.5 582.1 577.7 571.3 563.8 554.6 543.8 538.6 533.8 529.2 524.6 521.8 519.2 516.6 514 508.8 506.2 503.6 500.5 495.8 497.3 496.6 495.4 493.8 490.6 486.5 482.5 477.4 475.5 471.6 468 462 450.7 454.4 454.3 451.1 447.6 442.9 437.2 434.3 424.5 416.4 425 422.5 424.6 422.7 422.1 421.8 419.5 417.1
538.4 537.5 537.8 540.8 546.5 552.3 558 561.3 567.3 571.2 575.8 582.8 585 585.7 585 582 581 578.6 577.8 577.9 579.9 582.3 585.8 588.1 590.6 591.7 591.9 590.3 586.1 581.4 576.9 570.5 561.1 551.2 544.9 538.8 533.6 528.7 524.5 521.4 518.8 516.2 512.9 508.5 505.8 503.4 500.1 500.4 500.8 500.2 498.9 496.8 493.9 489.8 485.7 481.8 477.7 473.6 469.9 466.1 461.3 444.6 444.6 445.5 442.5 438.9 433.7 424.7 421.8 432.7 431 432 429.6 427.6 427 426.2 424.3 421.8
540.1 541.6 541.1 544.5 550.1 555.9 561.3 565 572 574.3 580.8 588.4 591.2 591.8 589.9 588.3 586.5 583.3 580.8 581.5 582.7 585.7 589.5 591.9 594 594.5 593.1 590.6 585.8 580.7 575.7 568.7 556.6 548.9 543.7 538.6 533.1 528.3 524.4 521.2 518.4 515.8 512.1 509 505.1 505.1 504.3 503.5 504.2 503.6 502.4 500.2 497.5 493.4 487.5 484.2 480 475.9 471.8 467.6 462.5 456.6 450.8 443.7 433.9 431.9 435.1 437.6 437.1 436.8 437.4 436.6 433.6 431.5 431.6 430.5 428.6 426.9
545.1 545.3 544.4 548.2 553.8 559.5 563.8 568.8 573.4 576.3 583.4 591.1 594.7 595.1 592.9 589.7 588.7 584.7 583.6 584.4 586.9 589.1 592.4 596.4 598.6 597.9 595.9 590.4 585.6 580.1 572.7 564.4 552.7 545.4 541 535.4 530.5 526.7 523.9 521 518.1 515.4 510.2 510.6 510 508.8 508.1 508 508.3 507.1 505.9 503.6 501.5 496.3 490.7 485.7 481.8 477.5 473.3 469 462.2 456.9 452 440.5 445.2 444.7 443.6 444.7 444.2 443.4 444.3 442.1 436.1 435.6 435.8 434.7 432.8 430.9
549.1 549.7 549.1 551.9 557.2 562.3 565.1 570 575.5 580.5 587.3 593 597.2 596.4 594 590.6 588.3 584.2 584.6 587 589 591.6 594.2 598.1 602 601.5 597 591.9 585.7 578.5 570.4 558.9 547.9 543.4 537.3 532 527.4 524.7 522.6 518.4 518.2 515.7 514.4 513.9 513.2 513.2 512.9 513.2 512 510.5 508.6 506.5 503.5 498.3 492.4 486.2 482.3 478.7 474 467.8 461.6 457.8 446.2 451.7 450.4 449 448.2 448.4 447.4 448.2 448.5 445.8 439 438 438.7 438.5 436.4 435.8
552.9 553.7 553.9 555.8 559.6 562.9 565.3 570.6 576.3 583.2 588 593 596.6 597.3 595.3 592.8 590.7 587.8 587.4 588.5 591.1 593.4 596.2 599.7 603.6 603.5 599.8 593.7 586.2 576.9 566.7 553.2 546.3 540.5 533.8 529.9 526 524.2 519.6 522.3 521.5 519.4 518.9 518.9 518.7 520 519.2 517.8 515.8 513.4 510.8 508.4 504.2 499.6 493.2 484.8 481.7 478.7 472.5 467.3 461 450.5 456.7 456.8 455.3 453.4 452.8 453.6 455.1 454.2 452.4 448.4 441.3 441 441.8 441.4 439.4 438.2
556.3 556.8 558.8 561.3 562.5 565.9 567.9 570.6 575.3 581.2 586.6 590.8 594.8 595.9 595.6 594.9 591.7 589.7 587.2 588.8 591.7 594.6 597.2 600.2 605.1 605.7 602.2 595.4 587.3 576.3 557.4 550.7 543.3 534.5 531.3 528.3 525.2 523.1 524.6 524.7 525.1 523.9 524.5 525 525.7 524.7 523.4 521.7 519.7 517.1 514.2 510.2 505.5 499.7 492.8 486.5 483.1 478.1 472 468.3 462.3 459.6 460.3 459.2 459.1 459.2 458.7 459.9 462.1 459.7 454.7 448.9 447.2 445.4 445.2 443.5 441.7 440.6
559.7 562.3 564.5 566.5 568.1 569.8 572 574.7 576.9 580.7 585.7 590.7 592.6 596.4 597.8 595.7 592.6 589.7 585.6 585.9 589.4 593.6 596.5 599.7 605 608.4 604.5 598.3 589.6 574.9 559 549.1 538.5 533.7 532.4 529.3 526.3 525.6 527.5 528.4 529.5 530.8 531.6 532 530.4 528.9 527.5 525.9 523.6 520.3 516.2 511.7 506.8 500.2 494 487.7 482.8 478 473.4 469.7 465 463.3 463.2 463.3 465.6 466.4 465.5 465.6 466.7 462.8 456.9 453.5 451 448.5 446.6 445 443 442.5
563.5 566.1 569.4 571.5 573 574.8 576.1 579.3 582.4 584.8 587.5 591.8 596.3 599.3 600.4 599.3 595.3 589 584.2 585.1 588.8 592.2 596.4 600.2 604.5 607.3 605.1 598.1 589.2 576.9 560.9 550.3 541.8 538.1 534.1 531.2 527.1 530.1 530.3 533.3 535.4 536.4 537.2 536.2 534.7 533.2 531.6 530 527.4 522.7 517 513.2 506.6 500.4 494.4 489 484 479.1 474.4 471.1 463.7 466.2 467.8 471 473.3 471.9 471.3 470.8 468.5 463.9 456.6 459 454.6 450.4 447.3 448.5 444.7 444.3
565.3 565.2 567.4 571.8 574.3 576.5 579.8 582.9 585.2 587.2 589.8 594.2 599.2 602.9 604.9 599.2 593.3 586.7 580.2 581.7 585.4 589.1 595.2 600 604.6 604.2 600.7 594.1 585.8 571.8 559.2 551.1 546 541.5 536.1 532 529.9 532.2 534.2 538.1 540.5 542.3 542.1 542 540.6 538.1 536.4 533.8 531.2 525 519.4 512 504.9 498.9 493.1 489 485.1 480.2 475.4 470.5 468.3 471.5 474.8 478 478.3 477.3 475.7 473.7 470.6 464.4 462.8 463 457.9 454.7 448.9 450.4 446.1 444.6
