data/270000-650000.asc
ncols 200
nrows 200
xllcorner 270000
yllcorner 650000
cellsize 50
[rows 148 to 184 of 200, columns 0 to 83 of 200]
190.8 187.9 191 189.4 188.4 189.5 188.6 187.7 188.7 188.8 189.6 189.3 185.1 183.8 179.8 176.7 174.9 174.2 172.1 170.4 168.5 167 163.9 161 158.6 160.4 159.9 160.4 159.3 157.7 154.1 151.3 148.4 147.7 147.4 146 143 139.9 136.6 135.4 127.1 119.6 143 128.5 128.5 131 142.6 140.8 138.1 137 133.7 130.2 126.3 124.8 123.6 123 124 123.6 123.5 121.5 119.4 118.1 115.5 113.5 111.8 110.4 109.6 110.2 105.5 102.5 93.8 95.4 94.8 93.6 92.9 89 80.7 84 83.4 72.6 53.6 38.4 62.7 83.8
189 192.1 191.5 191.3 191.5 190.1 189.2 188.9 189.1 190.3 190.3 187.3 187.4 185.2 180.3 174.2 173.4 172.3 169.9 170.2 171 169.4 166.2 164.1 163.6 161.6 163.3 164.8 164.9 161.1 157.1 153 146.6 148.9 148.4 146.5 144.7 141.5 138.2 137.7 123.7 128.6 140.2 122.9 124.8 125.6 139.1 145.3 143.3 138.6 135.6 131.5 127 125.6 124.4 124.9 125.8 124.6 124.2 121.8 120.4 118.7 116.7 115.3 113.2 111 109.9 110 106.2 103.9 100.9 96.5 94.2 92.9 92.1 90.7 89.3 88.8 86.8 76.6 52 42.9 68.4 84.7
191.5 194.4 193.6 194.1 194.3 193.7 193.7 192.5 192.1 191 188.8 188.6 185.4 181 178.4 175.9 173.6 173.1 172.6 172.9 172.9 170.9 169.6 168.4 167.9 166.4 167 168 165.2 162 158.2 151.7 151.4 150 149.6 147.8 145 142.2 139.5 135.7 121.6 129.6 137.5 132.3 132.5 132.3 133.3 144.4 143.4 139.3 137.6 132.5 129 127.2 126.4 127.7 127.7 126.7 124.7 122.6 121.2 119.9 117.5 115.4 113.1 111.9 109.8 108.8 110.1 106.3 102.3 98.5 94.7 92.7 91.5 89.9 89.9 90.2 89.6 80.2 53.5 39.7 58.1 64.2
190 194.9 195.8 196.5 196.1 196.3 196.7 195.7 194.1 191.3 191.8 188.5 185.2 183.9 183.2 180.4 175.6 175.3 176 176.9 175.6 173.9 172.5 173.1 171.9 170.1 170.4 167.7 165.1 158.5 157.1 158.6 155.8 153.4 151.6 150.1 147.3 143.8 140.6 138.7 126.3 131 141.5 141.5 141.8 142.3 140.8 142 139.8 138.4 136 135.1 131.3 128.4 129.6 129.9 129.9 129.3 127.2 123.9 123 121.4 118.6 116 114.7 113.6 111.9 112.3 111.8 107.9 104.8 100.8 97.5 94.2 92.6 90.9 89.5 90 90.3 83.8 64.8 47.3 39.2 39.5
191.3 192.7 195.4 197.1 197.1 195.8 196 195 193.5 195.8 195.1 191.4 188.8 190.2 187.5 184.6 181.7 180 179.2 179.6 179 177.5 176.2 175.2 175.7 172.7 170.7 166.9 161.1 163.5 162.5 161.7 159.5 156.7 154.4 152.2 149.6 145.8 142 139.9 132.2 131.5 142.6 143.2 143 142.8 142.4 142.4 139.2 137 134.8 134.3 133 132.6 134.3 134.8 134.7 132.3 129 125.6 123.3 122.1 120.2 119.1 118.2 115.2 114.5 115.2 114.6 111.2 108.9 103.7 98.5 95.9 94 92.4 90.3 89.8 89.1 79 70.9 57.1 49 45.4
192.6 192 195.1 196 195.7 195.3 195 194.1 194.8 196.2 194.7 193.8 193.4 191.9 188.6 188 185.7 183.4 181.9 181 181.2 180.4 179.8 178 176.6 175 171.7 167.9 166.5 165.6 163.7 162.7 161.1 158.9 156.6 153.8 150.1 146.3 142.5 137.9 134.8 130.6 138.8 144.6 144.6 144.1 144.2 140.8 139.1 136.6 134.6 134.3 135 135.5 136.6 137.2 136.3 134.4 130.6 127.4 124.7 122.4 121.2 120 119.2 117.3 114.8 114.9 114.2 112.9 110.6 106 100.1 97.6 95.7 93.9 92.7 88.5 89.6 90 82 72.9 62.6 53.4
192.2 194.5 195.2 195.4 195.9 196.8 197.2 198.8 197.2 196.3 195.6 194.8 195.1 192.3 188.6 188.4 187.6 184 183.3 182.5 181.5 180.6 179.6 179.5 178 175.1 173.7 171.1 169.6 166.8 164.3 163.6 162 160 158 154.2 150.5 146.7 142.5 142.1 139.8 137.1 137 141.6 147.5 146.1 144 141.6 139.2 137.7 136 135.4 136.5 136.8 137.2 138.1 136.4 134.3 132.2 129.4 126.7 124.1 122.1 121 119.7 117.9 117 116.2 113.8 112.3 110 106.2 102.7 99.6 96.9 94.9 94.3 91.9 92.1 93 91.9 89.4 80.7 65.8
195.2 194.8 195.5 195.7 197.3 199.4 200.1 199.2 197.8 196.6 195.4 195.1 194.3 191.4 188.2 187.7 186.8 185.4 183.9 183.4 182.4 181 180.2 180.1 180.4 178.3 176.3 173.1 170.5 167.6 164.5 163.1 159.5 158.8 156.3 153.2 150.3 148 145.4 143.6 141.1 139.9 135.5 138.3 143.6 145.1 143.9 142.4 139.3 139 138.6 138.2 138.1 138.3 138.5 137.9 135 133.9 133.5 131.1 128.5 125.9 122.9 121.6 120.7 120.4 119.4 118.3 115.5 112.7 109.8 107.4 104.7 102.2 99.6 97.8 96.1 97.6 95.5 95.1 95.6 94.2 91.5 77.8
197.1 196.3 196.4 196.6 198.2 199.8 200.8 198.9 197.4 196.4 195.7 194.2 192.1 190.1 188.2 187.2 186.2 185.2 185 184.4 184.3 182.9 182.4 182.3 184.3 184.2 177.7 173.3 168.6 167.6 163.8 161.1 159.7 158.3 155.9 155.9 152.9 149.6 147 144.2 142 139.7 135.1 135.9 140 142.9 142.5 141.3 140.4 138 138.4 140.2 140.4 140 139.6 137.5 134.6 133.6 134.5 132.4 130 127.6 124.9 124.1 123.2 122.8 122.1 120.1 117.5 113.9 110.1 108.7 107.2 105 100.9 99.3 101 100.2 99.2 98.9 98.4 98.1 98.3 90.2
199.2 197.5 197.6 197.5 199 200.5 198.9 197.2 195.5 194.5 193.7 192 189.9 188.7 188 186.9 185.9 184.8 184.8 184.1 185.3 184.9 184.6 184.7 184.7 184 178.6 175.7 173.4 171.6 166.9 163.9 162 160 157.5 155.2 154.7 151.9 149.1 146.3 143.1 140.6 138.3 138.4 135.4 139.9 142.9 142.7 141.7 140.4 138.8 140.9 142.3 142.6 141.1 138 135.9 134.1 134.4 133.4 130.5 128.4 128 126.7 124.6 123.8 124.3 121.9 119.5 116.2 111.6 108.8 108 106.8 99 100.8 102.5 102.1 101.4 101.3 100.3 99.9 98.7 95
201.5 199.9 199.1 198.9 198.3 198.1 196.5 194.8 193.3 191.5 190 188.5 188.5 188.7 187.9 186.8 186.3 185.9 184.5 184.8 185.3 184.8 185.2 184.9 185 182.3 180.1 178.2 176.2 174.5 171.3 167.6 163.6 161 158.5 155.9 153.8 153.4 151.8 148.6 145.4 141.2 142 141.9 140.3 137.2 141.8 143.4 142.4 140.9 141.7 142.5 144.2 143.6 143.3 139.6 137.1 135 133.7 132.3 128.8 129 130 128.1 125.6 125.2 125.1 125.1 122.3 118.5 113.3 110.2 108 103.5 105.1 106.2 104.4 103.8 103.8 102.4 101.3 100.1 100.2 99.3
203.1 201.8 200.3 199.9 198.1 195.9 195.1 193.6 192.3 191.5 189.6 190 189.4 188.6 188.1 187.6 187.2 186.8 185.9 183.8 185.1 184.1 185.2 184.8 185.3 182.4 182.3 180.9 178.6 176.3 174.9 171.5 167.8 163.2 160 157.1 154.7 155.1 154 151.4 145.6 139.6 144.5 144.8 144 142.3 139.6 141.9 142.4 142.7 142.8 142.7 143.2 144.3 145 141.8 138.2 135.8 133.3 133 130.4 128.7 129.1 128.1 126.1 125.4 125.1 125.3 123.9 119.9 115 112.4 108.3 109.6 109.9 109.3 107.2 105.6 105.7 104.7 103.5 101.7 101.1 100.3
203.3 202 201.4 200.5 198.2 195.8 195.3 194.1 192.3 193.6 194 193.5 192 189.5 188.8 188.4 188 187.3 185.8 184.9 184.8 184.7 184.7 184.4 184 183 182.9 182 180 178.6 175.9 174 169.7 166.5 163 159.1 156.6 156.4 154.6 148.5 144.4 149 148.4 148.5 146.4 144.8 141.9 139.5 143.2 144.5 144.1 143.8 143.5 143.6 143.5 141 138 136.4 135.4 134.5 133.8 132.6 130.4 128.5 127.4 125.6 125.2 124.6 123.5 121 117.4 114.9 113.1 114.3 112.9 112 110.6 107.6 107.4 107 104.9 103.8 102.8 101.8
202.9 202 200.9 200.5 198.1 195.7 194.8 193.4 193.5 195.2 195.4 195.4 195.1 194.2 191.6 189.2 188.5 186.9 185.7 185.6 185.2 184.9 184.9 184.4 184.1 183.2 182.7 181.9 179.6 177.3 175 172.4 171 169 165.8 162.8 160.3 156.7 152.4 151 152.9 151.8 150.9 151.2 149.9 147.6 144.2 141.5 144.6 146.4 146.1 144.5 143.9 143.4 143.3 142.2 140.1 138.9 137.8 136.7 135.3 134.9 133.7 130.4 129.1 126.8 124.9 123.8 122.6 121.1 119.7 117.4 117.7 116.6 115.9 115.3 114.6 111 109.7 111.9 107.5 106.5 105.4 103.9
202.7 201.3 200.5 200 197.8 195.6 194.1 194.1 195.1 195 195.6 195.7 195.5 194.8 195 191.9 189.3 185.9 185.7 185.6 185 184.7 184.9 184.6 184.1 183.1 181.8 180.5 178.3 175.5 171.4 166.5 169.9 166.4 167 165.1 160.8 157.3 153.8 155.3 155.3 154.3 152 152.3 151.5 149.9 146.8 146.4 149.4 148 148 146.1 145.8 144 143.5 144.1 142.8 141.3 140.3 138.8 137.5 135.7 135.3 132.1 129.4 126.6 124.5 123.6 122.5 121 119.9 118.4 120.2 119.3 118.6 117.9 117.1 114.3 115.3 113.8 110.1 108.1 107.4 106.4
202.8 201.1 199.9 198.9 198.2 196.2 195.7 196.9 197 195.6 195.7 195.9 195.5 194.4 194.5 192.9 190.1 187.3 185 184.4 183.8 184 184.1 183.5 183.3 182.3 180.4 177.6 172.5 167.6 165 165.6 160.5 165.3 158.5 157.4 154 158.1 159.1 157 155 154.7 152.4 152.2 152.8 152.3 144.9 150.5 151.9 151.4 148.6 148 147.6 145.9 144.5 145.2 145.6 144.1 142.5 141 139.3 137.4 135.9 132.3 128.3 126.5 124.1 125.2 123.1 121.5 119.9 119.3 119.9 121 121 120.4 119.6 118.7 116.9 115.2 112 107.4 107.4 103
202.8 201 199.8 198.2 197.6 197.8 198.5 199.8 198.2 196.2 196.4 196.4 195.5 193.7 191.6 190.8 190.4 188.7 186.5 183.6 182.9 180.8 179.1 177.5 179.4 178.7 176.3 170.7 170.4 173.3 174.3 172 169.8 170.4 163.5 162.2 162.3 161.1 160.3 158 156.6 154 155 152.1 149.6 146.6 151.2 152.1 152 150.7 150.1 149.6 149.3 147.7 146.4 146.7 147.1 148 147.2 142.7 140.7 140.4 137.2 133.4 129.4 128.6 125.5 124.6 123.3 122.5 121.1 121 121 122 121.6 121.4 121.2 119.7 117.3 115.4 112.5 107.1 103 106.9
202.3 200.8 200.4 199 198.1 198.5 201 202.9 199.1 197.4 196.8 196.1 194.5 192.3 190.5 190.1 190 188.5 186.2 183.4 183.3 183.2 180.4 180.3 178.9 176.4 177.9 178.3 177.2 176.7 175.7 174.3 171.9 171.6 168 166.3 163.9 162.2 160.7 159.2 158.3 156.6 154 152.6 152.4 153.1 153.6 153.1 152.3 151.8 151.5 151 150.8 149.9 147.4 147.1 147.1 148 148.1 142.8 141.1 139.9 137.1 134.2 130.7 128.2 126.4 125.3 124.9 124.2 123.4 123 122.6 123.4 123.4 122.8 120.5 119.3 117.3 115.9 112.8 109.3 110.7 110.8
203 202 203.3 201.5 198.4 198.7 199.6 200.9 199.5 198.5 195.7 193.7 193.6 190.8 190.2 189.8 187.8 186.6 185.1 186 186 185.2 183.1 180.6 180.5 180.7 180.2 179.5 179.5 177.9 176.4 175.2 174.4 173.6 170.2 169.7 166.2 162.8 160.8 159.1 157.7 154.9 152.1 155.2 155.2 156 156.3 154.7 153.5 153 153 152.5 152.9 151.9 148.7 147.5 147.4 146.7 145.7 141.7 140.4 140 138.2 135.1 131.8 129.4 127.9 126.5 125.8 125.6 125.4 125 124.5 124.8 124.1 122.2 120.3 118.7 117.2 116.1 114.9 114.3 112 112.4
204.1 206.5 209.7 207.6 202.7 199.1 198.9 201.5 200 199.8 196.6 193.5 192.2 190.2 190.5 190.8 190.4 188.6 188.3 188.4 188.3 187.8 186 183.6 184.1 183.8 183.3 182.6 181 178.9 177.2 175.8 174.9 175.3 172.7 171 168.6 164 161.5 158.3 155.1 153.3 156.8 156.7 156.8 157.6 157.7 156.5 155.4 154.6 155.1 155 153.1 151.8 148.7 148.3 147.5 146.5 145.2 141.8 140.8 140.5 139.8 136.2 133 131 129.1 127.5 127 127 127 126.6 126.4 125.6 123.2 121 119.2 118.9 117.7 117.8 117.3 115.3 114.2 113.5
203.6 204 205.8 205.2 203.4 201 200.2 199.5 199.9 200.3 196.1 193.5 192.1 193.8 193.4 193 191.3 189.9 190.1 190.2 189.2 188.8 188.1 188 187.9 186.5 185.7 184.6 182.9 180.7 178.5 175.6 173.7 171.2 170.6 170.7 168.4 165.8 162.2 157.2 157.3 158.3 158.4 158.2 158.4 159.2 159 158.5 158.1 157.8 156.6 155.8 153.7 151.8 150.3 148.8 148.1 146.9 144.4 142.8 141.6 140.1 138.4 135.9 133.6 130.4 129.2 128.2 128.2 128.4 128.5 128.2 126.3 125.1 122.6 120.1 119 119.5 118.9 119.2 119.8 117.7 115.7 113.6
202.7 202.6 202.1 201.8 201.7 201 200.6 199.2 197.4 195.5 195.2 195.8 196 195.5 194.5 193.7 192.5 191.8 192.4 191.3 189.2 188.8 189.2 190.2 190.1 188.8 187.3 185.1 183.8 181.6 179.8 176.1 171.8 169.1 167.8 164.3 169.8 161.4 161.4 160.9 159.3 158.9 158.8 158.9 160.2 160.4 160 160.3 159.7 157.6 156.8 156 154.2 152.5 151.4 150.2 148.1 146.6 145 143.9 142.7 140.8 139.4 136.9 134.1 128.7 128.4 128.1 128.3 129.2 130.1 128 125.5 123 121.4 119.8 119.6 120.6 120 120.2 120 120.1 117.7 115.3
202.4 201.5 201.2 200.8 200.1 200.2 200.7 199 199.1 198.8 198.2 197.7 197.4 196.7 195.4 194.2 194.5 194.1 193.7 193.4 191.4 189.4 188.9 190.1 189.1 186.7 185.9 184.8 184.8 182.6 180.5 176.7 174.9 170.4 166.4 164 172.1 166.6 166.5 164.2 161.5 159.3 158.5 158.5 159.6 159.7 158.9 158.9 158.1 156.9 156.7 155.5 153.6 152.5 151.5 150.2 148.4 146.7 145.1 142.4 140.3 139.5 140.1 137.8 134 130.1 128.3 128 128 129.4 129.2 127.7 125.4 123.2 121.3 119.7 119.9 121.1 120.7 120.4 120.4 120.4 120 117.3
202.8 201.7 201.2 200.5 199.1 198.7 199.4 199.8 199.8 200.1 199.4 199.1 198.3 196.3 195.7 195.2 197 195.3 194.9 194.3 192.7 191.4 190 189.7 188.1 186.4 185.6 185.3 183.8 181.9 178.6 175.7 172.4 167.9 174.2 173.8 174.1 168.8 168.5 166 163.3 160.9 158.9 158.9 158.8 158.6 157.5 156.9 156.9 156.8 156.6 155.5 154.1 153 151.9 150.5 148.9 146.8 144.3 142.9 141.1 138.1 138.2 137.8 135.5 132.7 128.7 128.1 127.7 128.5 128.1 127.1 124.7 122.5 120.8 120.4 120.6 121.4 121.6 121.6 121.6 121 120.2 118.8
202.6 203.2 203 201.8 200.7 200.5 200.5 201.1 201.4 201.9 201.8 200.8 199.8 198.5 197.1 196.9 200.1 196.1 195.9 195.1 194 193.1 192 190.6 189 187.9 186.9 185.8 183.7 179.2 174.8 172.9 170.6 172.3 174.5 175.1 174.5 172 170.1 167.6 165.3 163.9 161 158.1 157.7 157.3 157.1 157.8 158.3 158.2 158.1 156.6 155.3 153.9 152.7 151.3 149.4 147.6 145 143.5 141.4 139.3 136.6 136.1 135.6 133.3 130.1 127.3 126.4 126.1 125.9 126 123.4 122.1 121.3 121.4 121.6 122.3 122.5 122.7 121.9 121.1 120.4 120.1
205.3 205.8 204.8 203.3 202.5 202.2 201.9 202.2 202.8 203 204.9 202.7 202.5 201.6 200.3 199.1 198.7 198.4 197.4 195.9 194.9 193.9 193.2 191.7 190.2 189.9 188.5 186.7 185.3 180.6 176 173.1 170.3 173.2 175.1 175.7 175.2 173.5 171.6 169.7 168.1 166.5 163.5 159.7 159.2 158.8 158.3 158.8 159.7 160 159.8 158.5 157 155.5 154.1 152.3 150.1 148.5 147.4 145.7 143.3 140.9 138.9 135.2 132.9 132.3 131.2 127.7 126.1 124.7 124.3 124.3 123.5 123.2 122.2 122.4 122.6 123.1 123.2 122.8 122.6 122.1 120.6 119.8
208 209.2 207.8 206.1 204.6 204.1 203.3 203.1 203.4 203.4 203.7 203.6 203.4 203.3 203.1 201.5 199.9 198.6 197.3 195.5 194.4 193.4 193 192.5 191.6 190.5 189.1 187.3 184.8 181.3 177.9 172.1 175 174.7 174.8 175.4 174.7 173.1 171.1 170.1 168.9 166.6 164.3 162.9 161.5 160.2 159.8 159.8 160.2 159.8 160.6 158.1 157.2 156.1 154.2 152.6 151.1 150.2 149.1 147.2 144.5 141.6 139.3 138.4 136.7 135.2 132.3 128.5 126.7 125 124.2 124.7 125.1 124.7 124.5 123.7 123.5 123.6 123.2 122.9 122.5 121.8 120.8 119.4
210.5 210.7 210.4 209.5 207.8 205.9 203.7 203.9 203.7 203.9 204.3 204.5 204.7 204.7 203.5 202.8 200.8 198.9 196.9 195.4 193.8 193.2 192.8 192.7 191.2 190.2 188.8 186.8 183.2 180.5 173.5 179.2 177.7 176.5 176 174.2 172.9 171.8 169.4 168.8 168.2 166.4 164.1 164.1 163.2 161.6 160.9 160.7 160.7 159.1 155.7 155.2 155.8 154.1 152.8 151.8 152.1 151.9 150.2 148.4 145.9 142.8 140.1 139.3 138 136.3 134.3 130.2 127.9 126.7 125.5 125.7 125.9 126.5 126.6 125.6 124.6 123.7 123.5 123.5 121.9 121.1 120.3 119.4
211.9 211.6 210.7 209.8 208.5 207 204.7 204 204 204 204.6 205.6 206 205.9 205.3 204.1 201.7 199.2 198 196.2 194.4 194 192.5 192.9 190.4 189.7 188.4 183.7 180.2 177 181.9 181.7 182.1 180.6 178.7 176.3 173.9 172 168.3 167.5 166.4 165.7 164.7 164.6 164.9 163.6 162.2 161.9 160.5 158.3 153.6 151.1 150.4 149.9 149.9 149 150.3 149.9 151.3 149.5 147.7 145.2 142.9 140.6 138.9 137.1 135.1 132.3 130.3 129 127.4 127 126.9 127.4 127.7 126.8 125.9 124.9 123.9 123.2 121.3 120.5 119.9 119.3
212.8 211.8 210.7 209 207.5 205 204.3 203.7 204.5 203.9 204.8 206 206.3 205.9 205.5 205.2 203.3 200.3 199.5 197.8 195.9 194.4 191.9 188.1 186.1 184.3 183.9 184.9 185.8 183.6 183.9 184 184.7 184.5 182 178.8 175.4 174.3 169.1 167.9 167.2 166.7 166.3 165.7 165.2 164.6 163.7 163 161.4 158.5 152.8 149.7 147.3 146.3 147.1 148.2 149 150.9 152.5 151.1 149.9 147.6 145.6 143 140.4 138.6 136.5 134.8 132.9 131 129 128.5 127.8 127.5 128 127.5 126.6 125.5 123.2 122.6 121.1 120.6 120 119.4
213.3 212.5 211 208.9 206.7 204.3 203.6 204 204.8 203.8 204.9 205.7 206.6 206.6 205.3 204.1 203.2 202.4 199.2 197.6 194.5 190.9 190.7 191.5 190.7 191 189.6 188.9 188.3 187.7 185.9 185 185.3 184.4 182.6 179.3 176 174.2 172 170.9 169.6 169.3 168.9 167 165.7 164.8 164.8 165.2 162.1 157.8 153.1 149.7 145.6 144.1 145 147 149.6 152.3 153.3 152.2 151 149.5 147.9 145.6 143.1 139.7 137.7 135.5 134.6 133.7 131.5 129.6 128.8 128.5 128.3 128 126.8 125.5 122.9 122 121.8 121.1 120.5 119.3
213.8 212.4 210.5 208.5 206.4 204.9 204.7 204.7 204.7 203.7 204.3 205.6 205.1 205.6 205 201.4 199.7 198.5 195.7 193.5 191.8 194.6 195.1 194.5 192.4 192.6 191.6 190.9 190.4 189.9 188.4 186.4 184.2 182.7 181.7 179.1 176 173.3 172.9 171.9 172.5 172.7 170.6 168 166.4 165.1 164.4 164.3 162 158.8 154.7 150.5 147.5 144.9 145.6 148 150.2 152.8 152.9 152.2 151.9 150 148.3 146.4 143.6 139.7 138.2 136 134.6 134.9 134.9 132.7 130.8 129.7 129.1 128.6 126.9 125.3 123.2 122.4 122.5 122 121.1 118
214.2 212.9 211.2 209.5 206.2 204.2 204.1 204 204.1 204.1 204.6 204 203.9 203.5 203 200.2 195.6 197.1 196.6 199.5 198.9 196.7 196.5 196.8 195.6 194.2 193 192.1 191.6 190.9 189.3 187.5 184.7 182.5 181.4 178.8 175.9 173.2 172.5 171.7 172.2 170.9 170 167.3 165.8 165.2 163.3 162.1 159.8 157.9 154.9 151 147.4 146 145.7 147 149.3 149.8 150.7 151.6 151.4 150.3 148.7 146.4 143.7 140.5 138.2 136.1 134.1 133.5 134.5 134 132.2 130.6 129.8 129.1 127.1 125.7 124.2 123.9 124 122.6 119.7 116.6
214.1 213 211.8 210.6 207 205.1 203.7 203.8 203.7 204.3 204.8 204.7 203.6 202.5 202 200.2 199.6 200.7 200.7 201.7 201.1 200.2 199.2 199.1 197.5 195.9 194.4 193.3 192.6 191.2 189.6 187.9 185.8 182.9 180.4 178.2 176.4 173.9 172.1 171.3 170.5 169.8 168.2 166.4 164.4 163.7 162 159.4 156.7 154.7 152.6 149.6 147.4 146.3 144.8 144.9 148.5 150.3 150.4 148.9 148.8 147.4 146.9 143.4 141.7 140.3 137.9 135.2 133.7 130.4 131 131.9 131.3 131 130.4 128.8 127.2 125.9 124.9 124 124.6 121.3 118.3 115.4
215 213.2 211.4 209.6 208.3 206.6 204.8 203.7 203.4 204.9 206 204.2 202.5 203.1 202.1 199.4 202.3 202.4 202.4 203 203.3 202.1 200.6 200.6 199.1 197.5 196 194.8 193.2 191.6 190 187.8 184.2 182 179.3 177.6 176.5 174.9 172.6 170.8 170.1 169.2 168.3 166.3 162.7 160.2 159.2 156.4 155.4 154.7 154.1 152.4 149.6 145.8 143.9 144.2 146.4 148 147.1 145.3 145.7 142.8 142.7 140.8 140.7 138.7 136.1 133.5 130.4 127.8 127.9 127.6 128.2 129.4 129.2 128.2 127.5 126.2 125.7 125 124.3 121.5 119.4 116.8
216.1 214.4 211.5 207.9 206.3 205.3 204.5 203.4 203.1 202.9 203.2 202 202.1 201.1 200.1 198.7 203.6 203.7 203.9 203.9 204.1 203 201.8 201.5 200.4 199.1 197.6 196 193.9 192.4 190.4 187.1 183.5 179.9 178.5 177.1 175.7 175.2 173.6 171.7 170 168.9 169.3 166.1 161.8 161.2 160 159.5 159 158.6 156.8 155 150.7 146.7 143.9 140.7 145.4 147.5 144 137.3 136.4 128.5 126.6 128.5 133.9 135.3 134.2 131.2 129.2 126.7 123.9 122.6 124.7 126.5 125.9 125 126.6 127.1 126.4 125.4 124.5 122.3 120.8 119.5
216.2 214.5 212.6 209.1 204.3 204.3 203.6 202.8 202.8 202 201.7 202.5 205 204.9 203.1 203.9 204.4 205.1 205.1 204.6 204.2 203.6 203 202.3 201 199.6 198.3 195.8 194.5 192.8 190.5 186.9 183.1 181 177.9 176.4 174.8 174.1 173 170.2 169.3 167.6 167 164.6 164.9 163.2 161.8 161.4 161.3 160.6 158.8 157.2 153.9 150 145.8 142.1 137.4 133.2 132.8 138.2 133.1 142 139.1 124.3 124.1 124.9 122.1 123.1 125.2 124.9 122.1 119.9 120.4 121.6 118.1 112.3 120.1 126.5 126.7 125.9 125.2 124.9 124.2 122.7
