data/270000-230000.asc
ncols 200
nrows 200
xllcorner 270000
yllcorner 230000
cellsize 50
[rows 144 to 179 of 200, columns 81 to 161 of 200]
56.5 56.4 56.7 56.9 56.9 56.7 56.7 56.6 56.5 56.6 56.6 56.6 56.7 56.8 57 57.5 57.6 57.6 57.7 57.2 56.7 56.3 56 56.9 55.4 56.2 55.5 56.3 58.4 60.1 60.7 61.1 61.1 61 61.8 64.8 65.2 64.5 65.7 68.1 69.5 70.6 75.2 81.2 92.6 102 115.3 127.3 135.2 145.3 151 146.4 138.6 133.7 130.2 128.5 128.2 128.2 128.8 131.3 137.8 139.6 148.8 158.6 168.8 174 176.5 177 175.3 177.2 178.9 186 190.8 194.6 198.6 201 200.3 195 189.5 187.8 186.6
56.6 56.6 56.6 56.5 56.3 56.3 56.3 56.3 56.3 56.3 56.3 56.4 56.4 56.5 56.7 57.1 57.6 57.7 57.5 57 56.7 56.5 56.7 56.5 55.5 56.3 58.5 59.2 59.6 60.1 60.5 60.9 61 61.5 63.9 66.7 65.9 65.6 68.8 71.3 77.3 81 75.2 76.1 82.1 102.9 118 131.9 142.3 144.2 140.5 133.2 129.2 128 128.9 129.4 129.9 130.7 135.5 141.9 147.6 148.9 158.1 168.4 175.9 178.6 179.6 179.7 182.4 183.7 187.7 192.2 196.3 200 204.5 196.5 193.5 193.6 193.7 192 187.5
56.3 56.1 56 56 55.9 55.9 55.9 56 56 56 56 56.1 56.1 56.2 56.8 57.2 57.3 57.5 57.2 57.1 57.1 57.3 57.2 55.7 55.7 58.6 59 59 59.2 59.8 60.4 60.8 61.5 64.2 68.1 69.2 68.9 69.4 73.6 78.7 85.2 92.6 100.2 102.5 91.7 99.1 117.1 127.5 129.1 128.9 127.6 125.7 126.8 128.2 129.4 131.2 132.5 137.8 146.2 151.2 156.5 160.1 167.7 173.4 178.4 180.3 182.6 183.9 184.1 190.3 194.1 197.8 201.1 205.8 199.6 195.3 193.3 195.7 196.1 192.9 188.5
55.5 55.4 55.7 55.7 55.7 55.7 55.8 55.8 55.8 55.8 55.8 55.7 55.7 55.8 56.2 56.8 57 57.1 56.7 56.4 57.2 57.8 56 55.5 57.2 58.2 59 59.1 59.3 59.4 60 60.6 65.1 71.8 71.9 72.5 73.3 75.8 81.5 88.2 97.6 107.7 118.1 120.4 107.5 98.8 107.6 114.7 116.3 117.4 120.8 123.4 125.3 128.3 131.2 134.4 139.4 147 151.9 158 163.2 167.8 174 179.5 181.5 181.4 183.7 184.6 186.5 193.3 198.4 200.9 204.6 203.2 195.1 193.8 195.2 196.8 194.3 190.6 187.3
54.9 55.1 55.5 55.6 55.6 55.6 55.6 55.6 55.6 55.7 55.7 55.6 55.5 55.4 55.6 56.1 56.6 56.8 56.2 55.6 55.5 55.2 56 57.1 59.1 58.7 58.8 59.2 59.4 59.7 60.6 68.3 72 73.1 73.9 76.1 81.3 86.5 94.8 106.7 118.2 128.5 135.2 127.4 112.4 104.4 102 107.8 108.7 110.4 120 122.7 125 128.2 132.6 136.7 144.5 150.3 155.2 161.3 168.2 174.2 179 179.1 178.8 182.2 179.7 183 189.3 195.7 202.2 200.6 198.4 193.7 192.1 193.8 195.2 194.5 191.8 189 186.1
55.1 55.2 55.3 55.4 55.4 55.4 55.4 55.4 55.4 55.5 55.6 55.5 55.4 55.3 55.3 55.6 56 56.4 55.7 54.9 55.2 59.4 59.6 59.3 59 59.1 58.9 59.3 59.9 61.4 65.1 70.5 74.5 76.5 79.8 86.3 92.5 107 117 123.9 131.3 144.2 145.4 128.6 115.6 113.8 114.4 110 112.9 119.7 121.9 123.9 126.6 129.1 136.4 143 147.4 151.4 155.6 164.5 172.1 176.5 177.1 175.9 179.7 176.1 182 187.7 189.7 195.3 196.4 193.9 190.9 189.4 191.3 193.4 192.2 191.1 190 187 184.1
54.5 54.8 55 55.2 55.2 55.2 55.2 55.2 55.3 55.4 55.5 55.4 55.3 55.3 55.3 55.1 55.4 55.8 55 55.2 56.3 60.1 59.9 58.4 58.5 58.7 59.2 59.6 61.2 62.6 68.7 75.1 79 82.2 88.8 96.4 107.1 123 133.8 143 147.2 153.8 151.1 128.5 118.8 117.8 119.3 114.6 119.5 122.8 125.3 127.4 130.6 136.5 142 145 149.5 152.9 158.6 167.1 171.7 173.1 172.4 175.9 170.3 176.7 181 187.8 189.7 192.2 189.5 187.1 185.1 184.9 185.5 185.9 186.9 187.4 185.2 182.8 179.9
54.3 54.6 54.8 55 55 55 55.1 54.9 54.9 55.1 55.3 55.3 55.3 55.5 55.7 55.9 54.2 54.9 55.6 56.3 56.5 58.1 59.2 58.4 58.5 58.6 60.8 61.6 62.6 66.8 74.1 80.6 84.5 89.9 97.7 106.6 124.8 136.5 145.7 152.9 157.2 159.9 149.4 132.2 122.4 119.8 118.3 119.2 121.5 124.7 128.1 130.9 134.8 140.3 143 147 152.2 158.5 162.7 166.9 171 170.8 172.4 168.3 172.5 178.7 181.2 185.9 187.6 185.8 185.2 181.7 180.3 179.5 180 180.8 182 180.8 177 175.8 173.4
54.3 54.4 54.6 54.8 54.8 54.9 55.4 54.7 54.4 54.7 55 55.3 55.5 55.8 56.2 56.5 53.2 54.5 55.8 56.3 56.8 57.6 58.1 58.4 58.5 60.3 62.9 64.3 67.1 71.7 78.6 84.5 89.5 100 114.9 132 141.2 151.6 159.4 162.7 164.2 162.2 148.5 137.2 126.9 122.5 119.8 120.5 123.1 127.1 130.3 134.4 137.8 140.8 145.7 149.6 157.5 161.3 165.7 165.4 166.3 171.3 168.7 165.9 170.3 176.2 181.7 183.8 182.5 180.5 177 175.7 176 175.7 175.5 175.8 175.1 173.5 169 165.4 159.6
54.8 54.4 54.4 54.6 54.6 55.2 55.1 54.4 54 54.3 54.6 55.3 55.4 55.5 55.7 55.3 53.7 54.6 55.5 56.2 56.9 57.5 57.8 58.1 59.4 62.8 66.3 70 73.1 78.6 83.9 88.6 100.1 116.9 132.4 147.1 154.9 162.9 167.8 170.4 161.3 154.6 147.2 138 129 125.2 122.4 123.1 124.6 128.3 131.2 135.9 139.2 142.9 148.5 155.2 160.1 162.4 164.3 162.5 168 167.3 166.4 169.6 173 178.5 183.1 179.5 175.8 173.2 171.9 174 173.6 172.4 171 168.9 166.4 164.2 157.4 152.6 153.1
53.9 54.2 54.5 54.5 54.9 55.5 54.9 54.1 53.6 53.9 54.7 55.4 55.3 55.5 54.9 53.9 54.4 55 55.8 56.5 56.9 57.5 57.6 58.4 62.8 67.8 73.7 75.7 79.3 85.2 90.6 102.7 119.1 134.5 150.4 158.5 164.7 169.7 171.6 162.5 155.4 151 145.9 138 131.1 127.5 125.9 124.5 126.5 129.1 133.1 136.5 140.8 146 153.3 158.3 160.2 158.6 158 165 164.9 163.3 167.5 170.3 173.4 174.7 174.9 173.8 169.1 168.7 170.7 172.7 171.6 168.8 166 163.3 160.7 152 149.7 149.4 156.8
53.6 53.9 54.3 54.4 55.1 55.3 54.6 53.9 53.2 53.6 54.8 55.5 55.3 55.1 54.8 53.6 55.1 56.5 56.5 57.6 58.3 58.2 59 61.8 68.8 78.3 80.8 83.2 85.9 93 106.6 122.9 137.6 148.2 159.7 163.6 167.7 166.7 163.5 155.4 150.1 146 142 138 133.7 130 128.4 127.1 129.1 129.9 133.3 137.3 142.5 150.5 156.4 156.6 157.1 156 159.2 161.3 158.8 163.1 166 168.2 171.9 168.8 167.3 164.9 163 163.9 170.6 170.3 166.9 162.4 160.9 158.5 156.1 149.8 147.5 154.7 160.1
54 54.2 54.3 54.5 54.8 54.1 53.7 53.1 52.9 53.4 53.3 53.3 54.1 55 56.5 53.7 55.6 55.2 59.3 61.2 61.3 61.7 64.7 69.6 77.3 81.8 85.2 88.1 97.1 112.2 129.3 141.3 148.9 156.5 163 163.8 162.4 159.7 156.3 148.1 145.6 143.5 141.8 138.1 134.6 132.4 131.1 129.9 128.5 133 138 139.6 146.5 155.3 151.3 150.1 151 148.6 159.4 154.2 155.6 161.5 161.8 163.9 164.6 164.5 161.7 160.4 158.8 162.3 165.2 165.6 162.8 158.8 155.9 154.5 150.6 145.6 149.6 158.7 162.3
53.2 53.7 53.9 54.1 53.8 53 52.2 52.6 53.4 55 55.9 55.7 55.3 53.7 53.8 55.1 58.6 63.1 62.8 64 65 68.1 73.8 77.3 83.3 86.4 90.8 103 113.7 128.6 143.9 151.6 155.1 159.8 161.6 161.1 160.7 156.3 150.1 145.8 144 143.3 140.9 137.9 135.3 134.6 133.4 130.8 130.3 136.9 141.1 145.5 155.6 158.6 145.9 149.9 143.9 149 151.3 151.1 155.6 155.2 158.9 163.3 160.9 158.4 157 156.3 155.4 158.8 160.4 159.8 156.6 153.8 151.9 148.9 145.1 143.9 150.1 155.8 159.5
51.6 53 53 53.3 52.8 52.5 52.7 53 54 55.6 56.9 60.5 63.6 60.9 55.7 58.1 65.3 66.9 66.5 67.4 70.1 74.2 79 81.8 87.2 93.5 115.9 120.6 132.1 144.3 149.7 153.7 156.3 159 160.4 159.6 157.3 151.9 147.5 144.1 142.9 141.9 140.3 137.2 136.7 136.6 134.5 130.8 135 140.6 143.4 156.7 162.8 152.2 136.8 138 141.2 145.5 141.5 146.6 148.9 152.2 157.9 154.5 151.8 153.1 152.1 152 155.7 158 158.3 156.1 150.8 147.2 145.2 141.2 143.1 145.3 148.1 152.6 156.6
53 51.8 51.6 52.8 51.7 52.5 53.3 53.6 54.4 55.9 62.3 68.2 70 67.9 62.4 60.7 65.1 67.3 69.7 72.1 75.6 77.9 81.3 86.6 101.9 119 127.8 141.5 147.2 154.4 156.3 156.1 157.6 158.5 159.1 158.4 154.1 148.9 145.6 143.5 141.7 140.2 137.6 136 137.7 140.4 133.8 133 139.9 145.5 152 168.3 164.8 144.4 132.1 132.5 136.6 137 139.8 144.1 145.8 148.5 148.8 148.3 148.7 148.9 149.6 153.8 157.5 158.6 156.7 153 144.7 139.6 141.1 144.2 144.3 146.5 148.3 150.5 153.8
60.4 56.9 55.8 51.7 52.1 52.9 53.7 54.3 54.9 59.6 66.5 72.5 72.8 70.4 65 62.9 67.4 70.5 72.1 76 79.2 82.1 87.5 104.9 120.6 129.7 140.2 150.5 156.5 159.9 158.9 158.1 158.8 158.4 157.5 155.2 150.7 145.5 143.8 141 140.2 138.5 135.6 134.8 135.9 134.7 132.9 137.9 142.2 149.6 167.9 164.3 147.3 131.7 127.4 132.3 131.6 132.2 140 139.9 142.5 144.3 144.7 146.5 146.6 146.5 150.9 152.8 155.4 154.3 151.6 144.2 137.2 138.5 142.4 144.2 147.2 149.1 150.5 150.8 154.4
62.3 60 55.1 53.4 52.9 53.7 54.5 56.6 58.3 65 69.9 72.9 73.4 71 66.8 68.2 70.1 72.4 74.4 78.5 82.8 88.9 99 117.5 128.3 135.8 147.1 154.5 157.5 158.7 160.9 161.5 159.9 156.1 154.9 153.1 147.1 144.7 142.5 138.5 138.4 135.1 132.4 132.3 134.6 134.5 133.6 136.6 143.2 157.6 158.4 142.3 129.8 123.8 124.4 126.5 127.5 130.5 133.9 134.6 140.8 140.7 141.4 143.7 144.4 147.3 148.8 148.9 146.3 147 140.5 134.6 135.5 139.9 143.4 146.6 149.9 151.8 151.8 151.3 155.1
63.1 57.3 54.9 54.3 54.8 54.9 59.6 63.4 66.3 66.6 70 72.1 72.3 70.3 69.4 71.5 73 74.9 78 83.9 93.4 106.7 118.7 124.4 137 139.1 147.4 153.7 155.2 155.7 157.8 160.4 157.4 153.8 151.6 148.4 145.7 142.7 139.8 137.6 131.2 130.5 129.5 131.4 135.8 134.5 137.2 138.5 148 152.2 139.8 126 122.4 122 121.9 122.4 123.6 126 127.6 132.4 134.3 134.2 138.3 140.2 142.2 145.4 143.1 139.2 136.7 133.3 133.1 134.6 138.5 142.4 146 149.1 151.6 152.4 150.8 151.7 154.5
65 55.8 56.9 55.9 58.4 63.8 64.9 65.8 67 64.7 66.3 70.3 71 72.1 71.2 73.7 76.8 79.4 83.9 92.1 111.7 124.8 132.4 134.5 138.5 143.9 153 153.1 149.3 151.3 153.8 156.6 154.8 152.1 147.4 142.9 140.8 138.7 136.9 136.1 126 126.5 129.8 131.9 132.9 138.8 141.3 141.4 146.8 137.3 123.9 121.5 121.6 121.3 124.2 123.8 123.3 122.9 123.4 125.2 125.9 128.8 132.3 135.4 140.3 139.2 134.2 131.5 130.7 132.6 131.5 136.5 141.5 147 148.7 150.9 150.7 149.2 147.1 150.5 153.7
58.1 58.1 57.7 58.2 63.3 69.4 69.3 68.7 68.9 68.4 66.9 70.4 72.2 74 75.2 75.6 79.3 86.2 92.4 106.6 122.4 132.8 136.1 138.9 140.5 148.5 150.5 150.4 146.7 146.9 150.2 151.6 149.7 148.8 142.5 139.1 137.8 135.9 133.8 130.2 122.6 126.8 130.8 132.4 134.7 137.4 141.8 143.6 140.5 123.2 121 123.9 127 133.4 135.5 135.2 132.3 126.6 126.4 123.5 124.7 124.6 127.3 130.4 132.1 130 130.4 135.4 137.8 137.4 139.4 134.9 140.1 146.5 146.9 146.1 144.3 143.3 143.6 145.4 149.3
58.2 61.1 60.7 63 66.3 71.2 72.1 71.6 70.8 71.1 68.4 72.2 74.2 76.9 79.2 81.1 85.2 93.8 104.9 118.8 127.9 134.6 136.7 139.4 141.9 145.2 145.8 146.2 146.7 146.7 149.5 149 145.3 143.7 139 137.5 135.8 133.7 131.5 125.6 121.6 125.5 130.9 130.4 131.8 136.1 141.6 142 130.4 119 122.5 133.4 142.2 145.1 147.9 146.6 139.9 136.4 136.8 133.1 130.6 128.6 128 128.7 130.4 136 140.6 142.5 145.4 144.2 144 143.7 138 136.9 137.8 141.5 141.9 141.6 141.4 142.2 145.9
65.3 66.9 68.2 69.6 71.3 71.9 73.9 73.9 72.6 72.1 72 74.5 77 80.2 83.4 86.5 94.7 105.3 120.4 126.5 132.7 137.6 140 142.6 145.3 147.2 148.6 148.8 148.5 151 152.8 148.9 146.7 139.6 136.8 134.7 131.8 130.8 130 123.2 120.4 125.6 128.1 127.4 130.3 134.6 140.4 138.8 119 118.6 128.4 142.2 147.1 150.9 153.4 150.6 146.4 149.1 146.3 143.7 143.1 139.8 139.7 140.5 140.7 143.8 148.1 150.4 151.5 148.1 147.4 147.9 147 145.6 145.3 147.9 149.8 148.9 148.8 146.8 145.2
66.3 70.4 72 72.2 74 74.4 75.9 75.9 75.2 74.1 75.2 78 80.6 84.6 88.4 92.1 103.5 114.7 128.7 133.9 137.3 140.3 141.7 144.2 148.6 150.5 151.8 151.6 152.1 152.5 149.7 147 147.4 139.8 134 131.7 128.9 127.1 123.3 118.7 119.4 123.5 124.8 129.3 132.1 135.5 140.4 124.7 117.2 122.1 136.2 143.8 149.6 152.7 153.6 153.2 156.6 154.9 150.4 149.4 150.1 148.9 147.6 147.2 148.4 148.5 152.9 153.6 151.4 150.8 151.7 152.5 153.4 152.4 151.9 153.3 154.2 153.8 154 154.6 154.8
69.1 71.8 74.2 76.1 77.4 78.4 79.1 78.4 75.9 79.2 81.1 84.1 88.7 91.9 98.6 101.7 106.8 115.6 128.6 135.4 139.7 140.3 142.2 146.1 150 152.3 153.1 153 152.6 150.6 146.7 143.2 141.7 137.7 129 127.4 126.2 124.5 120.4 115.5 116.9 121.5 125.4 134.1 134.4 139.5 132.6 117.2 119.8 128.1 136 144.2 150.2 154.3 155.5 158 161.3 158.1 154.7 152.8 153.1 152.8 152.1 153.1 155.1 152 152.7 154.2 153.9 156 158.6 158.8 160.7 158.8 157.3 157.1 158.2 158 158.1 158.6 159.1
70.5 73 76 78.7 80.7 81.4 82 80.2 79.3 86.9 93.3 97.6 101.1 105.9 110.5 115.1 114.2 121.2 124.6 136.9 139.3 139.9 143 146.7 150.1 151.5 152.4 152.5 149.4 146.2 143.9 140.8 136.1 130.5 124.5 123.2 122.7 120.6 115.4 114.2 118.8 122.9 129.1 134.3 135.5 132.6 117.5 118 127.2 137.1 143.4 147.6 153.9 158.5 159.7 161.4 162.5 162.1 159 156.4 156.5 156 155.2 156.5 157.1 155.5 157.3 160.1 164.7 168.7 166.5 165.1 164.6 164.2 162.4 160.1 161.2 161 160.7 160.9 161.4
73 75.2 78.5 81.3 83.4 85.2 82.8 82.3 85.4 95.9 105.4 107.7 110.2 114 117.9 122.7 124.5 129.5 128.1 129.6 136.4 140.8 145.1 147.4 149 149.2 149.4 149.5 145.9 140.8 136.4 134.2 127.7 124.5 121.7 120.4 117.3 115.2 112.1 114.4 118.3 123.4 128.6 132.6 135.8 125.2 114.8 121.9 132.4 141.5 145.9 151.6 158.1 161.2 165 162.8 162.4 161.6 159.5 158.3 157.6 157.1 157.1 159.8 161.2 164.4 168.4 171 172.8 171.9 170.7 169.4 168.1 166 163.8 162.9 163.1 163.7 163.7 163.7 163.8
74.4 77.5 80.8 83.7 85.3 86.4 87.4 89.4 88.6 93.2 102.5 111.1 116.3 119.6 123.7 126.5 129.5 137.4 138.9 135 138.7 143.5 146.3 146.2 146.1 145.9 146 145.6 143.6 138.1 129.4 124.6 122.7 121.3 119.7 117.5 114.7 112.2 111.9 114.5 119.7 123.4 127.7 132.5 133.4 119.5 116.4 125 134.8 141.9 146.8 154.9 161.8 167.9 169.7 164.6 161.5 160.7 159.3 159 158.3 157.8 159.7 162.8 166.2 171.1 174.1 175.6 176.4 174.9 173.2 173.3 169.7 166.9 165 164.7 165 165.7 166.2 166.2 166.1
75.2 79.3 83.7 85.1 86.5 86.2 89 89.7 93.4 97.2 103.2 113.9 119.8 122.5 127.3 131.8 136.5 144.2 144.5 143.4 140.1 143.2 146.8 144 141 142 142.1 141.1 138.5 131.9 125 119.1 117.9 117.2 117.5 115.1 112.7 109.8 112.5 117.7 122.1 125.2 129.5 133.9 128 114.4 116.5 124.7 133.8 142.1 149.7 157.1 164.5 171 169.1 162.7 161.7 159.8 159.5 159.3 158.5 158.4 161.4 164.9 170.4 175.5 178.7 179.5 178.9 176.5 174.6 172.9 169.1 167.5 166.1 166.7 167.5 168.1 168.5 168.6 169
78.8 82.1 85 85.4 86.7 87.3 90.3 93.4 100.3 101.1 105.7 117.3 126.4 128.9 132.6 138.5 141.8 146.2 147.7 146.4 143.4 142.1 145.8 139.2 133.8 136.5 137.3 139.7 135.7 125.4 116.9 115.1 113.9 112.9 113.2 113.1 111.8 109.1 114 123.3 127.1 132.7 128.9 122.5 114 111 118.7 127.9 136 144.5 151.9 160.2 167.3 170.8 166.4 161.5 159.9 159 159 159 158.7 159 161.5 164 167.8 174.6 178.3 179 177.5 174.8 172.5 170.5 168.3 167.5 166.2 167.1 168 169.2 170.2 171.8 172.5
83.8 85.7 86.4 86.8 87.5 88.7 91.1 95.4 104.6 106.9 109.9 122.9 131 134.5 138 144.9 145.7 149 150.4 150.5 142.3 136.3 137 131.1 130 131.4 132.3 133.8 132.8 123.4 114.9 111.1 110.3 110.8 112.5 114.2 110.9 109.9 118.5 127.1 127.9 126.2 118.1 111.8 109.2 114.4 123 131.9 140.2 149.1 155.8 161.3 168 169.4 162.7 159.9 158.2 158.4 158.6 158.6 159 159.6 160.8 162.7 165.8 170.6 172.9 174.6 173.9 171.4 169 167.8 165.2 165.8 165.9 167.6 168.8 170 171.4 172.7 174.1
86.2 88.3 88.1 88.1 87.8 89.1 92.2 97.8 106.9 110.4 118.6 124.4 133.5 139.1 144.3 148.2 148.7 149.3 149.7 150.6 141.5 132.2 127.6 125.6 126.8 128.2 129.7 129.3 128.6 123.8 112.9 107.6 106.1 108 111.4 114.7 109.3 114.5 122.9 126.4 124.4 119.6 110 109.5 113.2 120.3 131.5 138 145.5 151.3 154.9 159.3 163.4 161.4 159.8 158 157.4 158.3 158.8 159 158.9 159.3 159.5 161.6 163.8 167.1 168 169.4 169.1 167.8 166.2 165.3 164.9 166.3 166.5 167.5 168.7 170.1 172 173.3 174.7
86.4 88.3 88.4 87.5 87.7 90.4 93.2 99.3 108.6 110.9 116 124.7 133.6 141.2 147.6 149.7 148.9 148.4 156.9 154.4 144.9 125.4 122.7 123.5 124.6 126.6 127.3 126.7 124.7 122.3 111.4 104.5 103.5 106.6 108.2 110.3 110.6 117.4 124.5 123.3 120.4 116.9 108.6 114.8 121.2 130.1 136.7 142.8 148.8 151.7 152.8 155.2 157.2 157.1 157.5 157.2 157.3 158.7 159.9 159.1 158.6 158.8 159 160.1 161.5 163.7 164 164.5 164.6 164.4 163.8 164.3 164.9 166.1 167.1 168 169.1 171.3 172.6 173.7 175.2
87 86.4 86.2 86.7 88.7 91.6 94.3 98.6 103.8 111.9 117.2 126 134.1 142 147 146.7 148.4 150.6 162.5 157.7 137.1 123.1 122.6 124.6 127.3 126.8 124.5 121.4 121.3 119 106.2 103.2 101.2 102.6 104.9 106.3 111.7 115.8 117.9 118.2 116.3 109.2 112.7 119.7 125.1 136.7 140 141.1 146.7 148.7 149.9 153.2 156.1 156.8 158 156.5 157.4 159.3 159.9 158.1 157.6 157.9 158.3 159 159.9 159.8 160.4 161.3 162.7 163.1 163.5 164.6 165.5 166.5 167.5 168.5 169.6 170.6 172.3 173.8 173.4
85.2 83.7 84.7 88.8 92 92.8 94.7 98.7 102.5 113 118 125.4 132.6 138.4 140.8 142.9 145.9 154.2 159.1 152.4 134.2 119.7 120.5 127.9 132.1 128.8 126 121.5 116.4 109.6 102.6 98.5 97.3 98.6 98.7 103 107.3 107.8 110.4 112.1 108 110.6 116.4 126.3 133.7 139.8 143.9 146.8 147.7 150.6 153.8 156.4 159.2 158.9 157.3 155.3 157.5 160 158.7 156.9 157 157.4 157.9 159 159.3 159.2 159.4 160.6 162 162.6 163.3 164.5 165.6 166.6 167 167.2 168.6 169 169.2 169.8 169.2
82.8 83.6 86.9 92.2 94 94.6 97 100.2 104.5 108.8 116.7 123.7 128.7 132 132.6 133.3 136.8 148 149.7 145 127.6 114 120.3 131.2 135.7 133.1 129.2 121.4 112.7 99.9 97.3 95.2 96.1 97.3 100.3 102.8 104 104.9 103 103.7 108.8 116.9 123.2 127.2 138.7 144.2 147.6 149.6 152.3 155.8 157.8 159.6 161.1 158.2 156.3 155.3 158.1 158.9 157.2 156.6 156.6 157 157.9 159.1 158.7 158.6 159.1 160 161.3 162.1 163.6 164.4 165.4 166.1 166.4 166.4 165.6 165.2 165.4 166.1 165.8
