data/270000-590000.asc
ncols 200
nrows 200
xllcorner 270000
yllcorner 590000
cellsize 50
[rows 105 to 139 of 200, columns 0 to 77 of 200]
390.1 384.2 381.3 377.3 375.5 375.1 371.2 363.9 358.6 360.8 358.4 356.2 351.4 344.2 340 327.2 313.2 298 287.5 269.1 253.9 244.4 236.5 231 223.9 215.4 206 200.6 196.6 196.6 196.7 199 201.8 203.1 209.6 226.6 252.1 278.1 303.6 329.4 342 352.4 358.5 361.3 368.1 369.3 368.6 383.3 396.3 404.1 404.6 402.2 399.9 405 405.7 403.1 399.1 396.1 387.8 377.2 366.4 355 344 336.4 331.6 328.6 326.4 324.9 325.8 330.6 326.7 324.9 320.1 317 315.9 315.3 305.6 307.4
397.7 393.4 390.7 387.1 384.5 383.6 378.9 370.6 372.6 371.9 367.5 370.4 368.9 364.9 358.5 339.8 321.3 306.4 291.7 275.3 260.2 246.4 238.7 234.4 228.2 218.5 210.7 203.3 196.3 196 196.1 196 198.7 200.2 202.3 217 236.3 258 279 300.9 320.4 334.2 345.3 351.1 353.6 357.6 362.6 378.3 388 393.8 395.2 394.3 391.7 397.9 398.4 396.1 392 389.8 380.4 371.6 363.3 352.2 340.7 334.6 326 322.5 319.2 317.8 315.6 316.3 315.4 315.4 314.3 314.1 310.8 303.9 301 302.2
406.5 403.3 399.7 395.6 393.4 391.1 387.9 384.9 383.8 381.1 380.6 382.5 383.9 382.5 371.9 352.5 330.7 312.2 295.4 279.7 265.2 252.2 241.4 236.9 232.1 224.3 216.3 208.8 201.9 195.1 194 194.6 194.9 196.6 198.6 204.7 218.2 237.9 257.3 277.1 301.4 316.9 336 344.9 349.7 349.8 355.9 367.8 377.4 381.9 386.5 385.9 387.9 394 395 389.4 384.4 379.2 371.7 367.4 360.2 351.6 340.8 332.6 323.6 318.1 312.1 310.6 307.1 305 305.3 303.4 305.4 305.4 305 298 294.1 295.7
417.7 413.6 408.4 403.3 401.3 398.1 394.8 395.9 393.2 390.9 390.1 393.7 398 395.6 383.7 364.8 339.7 319.9 304.2 285.5 270.8 259.4 248.2 238.4 234.2 229.4 223.4 217.5 209.8 200.4 195.1 192.9 193.2 193.5 193.3 196 204.7 218.4 236.5 257.2 281.4 305.1 323.4 336.3 339.5 343.4 349.7 357 362.8 368 370.7 372.9 383.6 384.4 382.2 382.2 376.6 372 371 363.5 355.2 348.8 338.1 327.7 321.5 313.7 309 301.9 297 296.3 299.1 294.8 293.4 296.5 294.3 291.9 291 291.4
424.8 419.9 414.6 412.2 410.5 405.1 406.4 404.6 403.4 402.3 402.3 405.5 407.2 402.7 391.3 372.9 348 325.7 309.5 293.7 279.5 264.5 253.4 242.5 237.9 233.5 228.2 224.5 216.1 207.3 200.9 196.9 194.2 192.6 192.3 192.8 196.3 206.6 221.3 240.3 263.9 287.3 305.4 319.7 326.8 339 342.8 346.5 355.4 361.9 362.4 367.7 376.7 377.2 374.9 369.3 366.1 363.7 361.5 357.5 350.6 342.3 334.3 328.9 320.3 313.2 306.2 299.1 292.3 288.2 290.2 292.3 286.9 285.8 286.3 287.4 287.9 288.7
432.1 428.2 422.6 420.4 416.8 413.8 414.4 413.8 413.7 414.6 413.7 413.7 410.3 405.1 393.2 376.9 354.8 333.2 318.4 302.1 285.2 268.4 255.9 248.3 240.1 233.8 231.2 226.9 218.8 211.7 207.3 202.4 197.7 193.8 191.9 191.7 192.7 199.2 208.9 224.6 246.2 267.1 280 300.5 320.4 331.5 335 339.8 344.5 350.1 354.6 361 368.3 370 366.9 362.6 360.2 355.4 352.1 348.1 343.4 336.9 331.8 324.8 318 313.7 304.4 296.5 290.8 285.8 281.5 284 284.5 283.3 283.5 283.8 284.7 285
440.3 435 430.4 427.9 425 423.8 423.2 422.9 422.9 423.2 423.5 422.7 422.2 417.6 402.3 383.6 358.5 343.7 329.7 305.9 290.3 275.8 264.7 254 244.4 238.9 235.4 229.7 221.9 214.1 207.8 203.7 201.2 196.5 191.5 191.2 190.8 193.6 201.5 208.6 225.8 240.1 257.3 280.1 304 321.4 327.7 334.5 337 343.5 350.4 354.3 360.9 361.6 361.1 360.5 353.7 349.4 344.8 340.2 333.8 331 325.1 320 312.3 307.9 301.2 295.6 288.2 282.8 279.4 278.7 281.5 281.5 280.7 281 282.8 283.1
450 443 439.3 436.4 433 431.5 430.4 430.2 432.3 433.1 433 433.2 432.3 423 407.6 382.3 362.8 346.8 330.2 311.9 297.6 283.8 270.1 257.4 252.2 249.5 243 234.9 227.1 219.3 212.5 206.7 202.4 197.6 193.6 191.2 190.6 190.3 193.6 202.4 210.9 221.2 240 261.4 285.7 304.8 315.3 324.3 328.3 335.3 343.2 350.4 352.9 356.2 355.9 359.3 354.6 347.1 338.6 332.9 330.6 325.9 320.5 313.9 309.3 302.1 296.3 292.6 285.6 278.1 274.7 274.6 280.9 277.8 279.1 279.9 278.8 280.7
461.7 455.6 450 445.2 443.2 441.7 443.4 446.2 446.2 445.2 443.1 445.4 442.7 432.9 413.9 390.9 369.7 353.4 333.5 318.2 302.9 287.5 277.7 269.6 262.8 256.4 249.5 242.6 234.6 225.6 220 212.8 205.7 198.9 195.2 192.9 190.6 190 189.7 194.1 203 212.5 223.9 243.2 265.2 285 303.2 316 320.5 327.1 337.9 347.5 351.8 348.6 350.8 351.1 347.2 343 335.3 328.7 323.1 318.8 313 308.9 304.5 296.4 291.3 289.2 284.5 276.4 271.5 270 278.9 276.6 278.8 280.3 276.6 276.7
473.1 467.6 462.8 458.9 457.7 456.3 456.9 457.2 458.2 458.4 458.9 458.8 456.8 448.9 428.8 395.7 371.2 353.1 336.9 323.2 307.3 295.5 287.7 280.2 273.3 260.9 253 250.5 239.9 232.7 226 218.2 210.6 202.4 197.2 194.7 190.3 188.5 187.9 188.5 194.3 204.6 210.1 222.9 241.8 263.2 283.6 305.5 311 318.7 326.5 339.3 348 345.6 341.5 342.7 338.3 331.3 329.5 325.9 319.3 313.6 307.3 302.4 297.3 290.2 286.7 283.5 279.4 274.9 270.5 267.5 274.9 274.1 273.9 276 275 274.3
486.5 479.1 474.1 471.2 468.1 466.4 467.3 470.4 471.1 472.1 472.8 473.9 471 460 439.5 408.8 377.1 360.2 342.3 328.9 315.7 307.5 298.5 290.1 280 268.2 264.3 252 246 239.2 231.1 223.2 213.6 206.4 201 196 192.7 189 189 188.6 188.4 190.7 200.3 209.6 225.3 243.1 263.5 286.5 299.6 313.5 316.3 330.9 345.4 345.1 340.9 334.8 328.1 326.7 323.4 318 312.5 308 304.2 298.4 294.3 288 283 277.4 273.7 271.3 268.4 265.1 270.8 269.2 271.2 270.3 271.1 272.4
497.5 490.1 484.4 481.2 477.6 477.9 479.6 482.1 482.7 483.5 484.4 483.3 480.9 472.8 445.6 411.7 384.4 367.4 349.1 336.4 329 318.4 310.5 297 286.2 277.9 267 258.3 249.4 245.6 236.4 228.6 218.7 211.4 206.3 196.9 194 193 189.3 188 187.6 187.6 193.6 202.4 212.6 224.5 243 262.4 284.1 298.4 306.9 319.5 337.6 345.5 338.8 332.5 328.1 324.3 316 311.8 308.6 303.9 298.5 293.3 289.1 284 279.9 276.6 271.3 267.3 265.3 259.5 263.1 264.7 266.3 268.4 267.3 270.2
501.6 495.8 488.8 486.8 486.6 487.8 490.8 492.2 493.2 493.2 491.1 488.1 482.9 473.4 452 420.3 395.7 373.9 359.1 348.1 338.8 326.9 316.7 306.4 295.6 285.2 277.5 265.3 254.3 248.3 241.3 232.1 223.3 217.1 209.8 202.3 194.5 193.1 191.8 190.6 187.2 186.5 187.8 194.9 202 210.8 228.2 246.9 264.5 284.4 296.7 307.6 325.4 336 330.7 325 325.9 318.5 311.1 309 305.9 300.2 294.5 289.4 286.1 282.9 277.6 272.7 267.9 262.3 257.9 254.2 255.5 259.8 261.4 261.5 263.1 267.5
499.4 491.9 491.1 490.2 491.5 494.7 497.7 500.1 499.4 497 491.8 487 485.8 482.5 467.2 438.5 408.1 383.1 368.5 357.9 347.6 336.2 325.7 315.8 306.8 296.2 285.5 272.1 268 257.7 248.3 239.7 232.2 223.4 215.7 208.5 202.5 194.3 193.8 192.6 187.3 186.1 186.7 188 193.1 200.4 213.1 234.1 254.5 268.5 283.8 293.1 306.3 312.8 313.3 322.5 322.8 317.7 310.2 305.4 302.4 297.3 292.2 287.1 281.4 279.3 275.2 268.4 264.3 258.6 254.7 249.8 251.3 255.2 253.1 252.1 258.4 262.9
492.9 489.9 488.8 490.6 493.8 498.1 501.3 499.1 497.7 491.3 486.6 483.9 486.5 481.9 470.2 447.5 423.5 392.8 381.9 370.8 358.5 345.2 334.6 325.2 315.9 307.5 293.7 286.8 276.8 272.2 260.6 254.8 240.8 233.5 221.6 212.4 207.6 200.5 197.5 195 190.3 186.3 185.8 185.5 186.8 193.6 205.8 221.7 232.1 250.9 267.2 280.1 287.3 297.4 309.3 323.5 328.7 320.5 312.5 301.3 293.6 291.7 288.6 284.2 277.8 273.6 273.1 267.8 260.2 255 253.6 247.4 245 246.1 246.8 245.6 251.8 255.9
485.5 482.4 483.7 485.3 486.6 491.7 490.6 488.5 484.5 482.1 479.7 478.3 478.5 475.6 468.5 451.3 429.1 406.2 398.2 382.6 371.9 356.5 344 334.4 326.1 314.2 303.9 300.3 294.2 279.2 274.6 263.5 254 246.3 234.4 221.7 215.5 209.4 203.9 200.2 192.3 188.6 185 184.8 184.4 185.5 196.7 212.1 223.2 235.8 251.3 263.8 275 288 300.3 316 325.5 320.4 311.6 302.1 295.5 289.8 285.8 281 274.6 269.8 269.1 267 257.8 254.3 251.5 246.3 240.3 240.1 239.3 237.5 244.4 252.5
477 475.5 475.2 476.4 474.3 475.6 477.7 475.6 475.4 474.3 473.1 473.5 471.2 467.5 460.4 454.4 444.8 425.8 414.7 399.3 388.6 368.5 356.1 345.4 334 325.9 315.7 309.1 301.8 292.2 284.4 275.8 269.9 258.8 245.6 231.5 226.1 218.3 211.5 205.7 195 191.4 188.7 185.9 184.9 184.4 187.5 201.1 214 227.5 238.4 248 264.2 281.6 289.5 303.6 314.3 315.3 307.2 300.8 295.4 288.9 285 280.6 273.2 266.7 263.2 260.9 255.7 249.3 246.8 243.4 240.7 237.9 229.8 230.8 238.4 245.6
469.4 466.7 463.2 463.2 460.3 461.5 464.2 465.1 466.6 466.3 468.1 470.4 469.6 467.2 467.1 465.4 459.6 443.3 426.4 411.8 398.5 380.8 370.5 356.8 344.8 338.3 329.8 318.6 313.8 303.5 294.4 286 281.9 271.7 258.8 247.5 237.3 228.7 216.3 213.2 200.4 194.5 191.4 187.7 184.9 184.6 183.3 189.8 201.6 214.6 229.1 234.9 256.2 272.2 279.3 285.3 294.9 300 298.5 298.4 292.1 285.9 281.7 279.1 272.9 266.6 261.6 257.1 253.1 249.3 244.5 241.5 238 236.6 232.5 226.2 231.2 241.2
458.5 451.5 450.2 449.8 449.4 448.6 450.7 453.9 454.2 458.3 462 464.7 469.6 470.8 471.2 470.5 464.8 450.5 434.4 421.3 407.8 391.9 380.2 366.3 355.4 349 338.9 330.9 325.4 316.6 309.1 298.5 291.5 286 271.9 258.2 248 235.6 226.1 217.4 205.1 199.4 198.2 193.6 186.4 184.6 182.8 183.6 194 206.5 216.1 224.5 239.5 252.9 267.3 273.9 283.4 289.8 293.7 295.6 290.4 282.1 277.9 275.6 272.8 266 261.6 255.8 253.7 248.1 242.8 239.3 235.8 234.1 230.1 222.6 224.1 232.5
447.9 445.2 439.2 438.9 441.4 442.8 443 446.1 448.2 452.5 457.4 462.3 467.2 471.4 471.4 468.6 461.4 453.3 442 428 413.1 397.9 389.2 378.9 367.9 360.3 352.1 343.5 335.8 328.1 319.1 310.2 300.8 292.7 281 270.7 257.8 245.6 233.5 219.8 212.7 204.3 202.8 198 192.1 185.1 183.1 182.7 182 197.2 210.5 217.7 230 243 256.1 268.9 273.3 283.1 290 298.1 290.3 281.5 276.4 269.6 266.7 264.2 258.3 253.9 250.9 249 242.4 236.7 232.5 232.6 228.6 222.4 215.6 224.5
435.6 431.7 431.6 434.7 438.8 441.1 440.3 438.1 440.4 444.5 450.2 456 461.3 464.3 466.2 463.1 458.2 451.5 442.9 430.8 417.3 403.3 393.2 385.7 378.9 368.9 361.2 353.3 344.5 337.3 328.9 319.7 313.3 301 292.2 278.3 266.7 253.3 241.3 232.4 221 213.5 207.3 201.1 194.9 188 184.3 183.3 181.7 185.3 196.9 208.3 219.1 228.6 240.5 253.5 269.3 276.7 281.9 284.1 282.9 275 273.3 265.5 265.3 257.2 250.1 247.4 246.4 244.6 237.5 233.4 228.4 227.8 225 220.6 214.9 218
423.7 425.5 426.5 430.1 432.6 433.3 432.5 432.7 434 437.3 443.3 445.8 451.2 456.4 459.8 460.8 458.1 451.4 441.2 430.2 420.1 406.9 398.5 390.1 382 375 368 359.3 350.6 342.6 333.9 324.5 316.1 306.9 296.8 284.6 272 262.9 254 242.2 227.9 220.8 213.4 204.9 196.6 189.9 185.4 183.6 182.1 180.2 190.4 200 209.9 220 230.3 246.6 258.3 268.5 275.1 277.9 271.1 270.9 264.1 259 253.2 244.8 241.2 239.2 237.4 234.2 228.4 225.8 222.9 220.8 217.8 214.4 209.6 206.8
415.5 417.4 420 423.9 425.7 424.4 423.5 428 428.5 431.4 438.5 439.2 443.2 449.9 453.6 457 455.6 449.3 440.9 430.7 421.9 411.3 404.8 394.3 385.5 380.1 372.1 363.5 354.3 345.4 335.2 326 317.3 309.2 299.6 290.9 280.3 268.2 259.2 247.5 237 227 218.9 209.1 199 190.8 185.6 183.5 182 180.8 183.5 189.6 194.2 205.7 219 235 250.3 260.5 264.6 261.5 259.2 258.5 248.3 246.2 239.5 233.6 230.3 227.4 224.8 220.3 216.9 216.1 214.6 212 210.3 208 205.3 202.5
407.2 409.9 414.2 417.4 417.5 414.6 417.7 423.2 423.6 428.5 431.6 434.6 439.1 443.6 449 451.2 450.7 447.8 442.4 434.5 423.4 415.2 406.7 395.8 390.8 382.3 375.7 367 357.5 348.9 340.7 332.5 324 314.1 303.4 294.1 283.9 274.1 264 252.6 243.7 234.1 224.2 213.4 201.8 192 186 183.6 181.8 180.5 180.2 182.8 186.8 191.6 200.1 216.6 231.7 246.5 253.2 247.1 243.9 238.6 231.2 226.7 223.4 219.7 215.6 215.2 213 209.7 207.8 206.8 205.4 203.9 203.9 201.8 200.8 198.8
399.9 402.3 407.4 410.3 410.7 410 413.3 417.8 419.8 420.8 423.9 429 433.5 439.7 446 451.5 453.5 449.7 445.8 436.6 426.5 416 406.3 399 394.2 384.6 377.2 372.5 364.9 356.1 347.5 338.4 328.7 317.7 309.2 299.2 288.5 278.8 268.7 258.6 248.5 239.7 229.7 218.5 206 195.2 187.9 184.8 181.8 180.7 179.9 178.4 181.1 184.8 189.6 203.3 212.7 228.9 224.5 228.7 229.4 225.1 221.6 216.2 211.5 209.3 207.3 204.7 201.2 200.6 199.3 199.8 198.7 197 196.5 196.1 195.2 193.4
401 395.9 401 404.5 404.2 406.5 409.4 412.7 411.3 411.5 418.5 424.8 430 435.7 443.6 449.1 452.4 448.4 442.3 436.4 428.7 419.7 412.9 402.9 395.4 391 385.2 379.9 371.3 362.9 354.6 345.2 335.2 324.5 314.3 305.1 293.3 285.4 276.2 266 254.9 244.5 234.4 223.5 211.8 199.6 192.4 185.9 182.9 180.4 178.9 177.6 177.1 179.7 181.8 186.5 194.5 201.4 200.5 207.5 211 213.7 211.4 207.3 202.3 199.1 197.3 194.1 190.6 190.6 190.8 191.4 190.3 190 189.2 188.7 188.6 189.9
400.4 396.2 398.4 399 400.1 402.5 404.5 406.6 406.4 409.8 415.7 421.4 425.8 434.3 441.7 447.9 454 450.9 445.5 441.8 434.7 425.6 413.1 405 401.8 398.4 391.4 385.5 380.3 372.2 362.7 351.8 342.7 329.8 321.2 309.2 299.8 289.8 284.3 273.7 264 252.4 239 229.7 216.7 206.5 198.6 190.6 185.4 181.3 179.8 177.1 174.8 175.6 177.4 178.8 182.9 182.5 187.7 190.9 194.3 199.2 197.3 195.8 191.9 190.2 188.8 184.9 183.4 183.8 185.4 184.3 184 184.2 183.9 182.7 183.6 185
399.8 397.4 394.4 396 396.2 399.4 400.9 399.9 401 408.4 413.5 417.8 423.2 431.9 440.9 448 455.1 458.4 455.3 449 440.9 430.3 418.9 411.2 408 405.5 401.2 397.9 391.8 383.5 375.6 366 351.6 342 330.6 318.6 308.9 295.7 288.4 278.6 269.8 261.4 246.3 236.3 220.8 214.9 204.5 199 193.7 186.5 181.8 179.8 177.3 174.8 172.9 173.4 174.4 176 178.9 184.3 185.9 187.6 189.6 187.3 183.5 183.4 181.4 178.7 178.2 179.1 178.7 178.4 178.8 179.5 179.7 178.8 179.9 178.9
400.7 397.9 393.9 391.4 392.4 394.6 395.2 394.3 399.7 406.5 408.7 414.9 421.9 432.1 441.4 450.1 454.9 460 460.8 454.7 444.7 435.3 426.2 420.6 417.3 413.7 411.3 406.9 402.5 397.8 389.6 377.4 365.5 352.8 340.3 326.7 318.7 306.6 295.4 285.5 275.8 260.3 242.6 242 235.8 227.2 215 210.2 203.9 194.9 187.2 183.3 180.4 178.1 177 175.6 173.1 171.3 172.9 178.9 185.9 184.9 184.5 185.5 181.8 178.8 177.6 176.4 175.4 174.7 174.3 174.4 174.7 175.3 176.1 175.9 174.9 173.2
404.3 400.6 395.9 391.9 386.6 389.1 389.5 391 394.5 398.8 404.8 412.5 419.8 431.4 442.6 451.5 455.7 456.9 458.3 454.3 448.3 441.5 433.2 427 423.8 419.8 418.9 418 416 412.7 404.6 389.3 375.4 362.9 348.4 336.2 325.6 316.4 303.4 291.9 281.1 268.8 260.1 256.7 247.4 238.2 230.5 223.5 215.9 207.4 198.3 192.1 185.8 181.3 178.8 176.7 175.7 174.4 172.2 170.9 177.3 183 185 184.4 182.6 177.9 175.4 175.3 174.6 174 173.6 173.3 173 173.3 172.9 173.2 172 171.4
408.5 402.4 395.4 391.6 387.3 382 383.5 387.7 389 392.2 398.9 407.4 417.4 429.7 439.1 445.5 451 451.9 451.8 453 454.3 446.2 440 433.8 429.4 426.9 427 427.5 426.4 423.4 415.5 400.3 385.9 370.8 356.2 343.4 332.7 322.5 310.1 297 291.6 277.5 275.6 267 258.7 250.1 243.1 234.6 227 218 208.4 202 197.3 189.9 184.1 180.4 176.6 174.7 174.1 172.1 170.1 172.1 175 175.9 175.3 175 174.4 174 173.8 173.8 173.7 173.2 172.8 172.3 171.7 170.7 170.9 171.4
411 401.4 395.5 390.9 387.3 382 377.5 384.7 384.7 384.3 391.6 400.8 411.3 421.3 429.1 437.1 442.6 445.5 447.9 449.2 451.7 451.1 445.5 440.6 436.1 433.3 433.1 435.5 436.4 431.4 422.4 409.1 395 381.9 369.9 354.7 341.1 326.9 316.1 307.4 300.3 290 283.7 275.9 267.6 261.1 254.5 246.4 237.9 226.8 219.5 215.7 209.2 203.6 197.1 190 183.4 178 175.4 175.2 172.2 167.9 167.9 168.2 168.9 169.6 170.7 170.9 171.1 171.3 171 171.6 171.7 171.6 171.1 170.1 171.4 171.4
409.3 403.3 395.4 391.1 386 381.4 375.2 380 381.3 380.5 384.2 393 402.2 409.8 417.9 426.7 435.6 438.9 442.6 446.7 450.9 453.4 448.4 444 440.2 438.4 440.5 441.3 438.1 430.5 422.5 411.1 399.7 387.2 373.8 358.4 345.6 333.8 321.2 314.9 302.1 297.6 290 282.9 276.1 270 263.6 256.4 247.4 235.4 233.7 227.6 220.1 214.4 207.9 203 196.7 189.1 183.2 179.1 176.3 174.8 173.4 172 170.2 168.8 167.1 167 167.5 167.1 167.2 168.4 168.5 168.3 168.4 167.9 169.4 169.9
407.1 399.1 395.6 391.6 385.7 381.2 377.1 369.2 376.3 377.8 377.3 382.7 390.3 398.9 405.2 415.7 424.2 432 440.1 446 448.2 449.6 447.5 446 442.1 443.6 442.2 437 430.6 422.2 414.8 405.4 395.2 387.7 373.2 361.3 348.7 335.5 324.1 312.8 309.9 303.5 296.1 290.1 283.1 275.8 270 263.3 252.2 248.2 242.9 237.1 231 224.6 218.2 212.6 207.4 200.8 196.2 191.2 187.4 186.2 182.5 179.2 176.1 173.5 171.7 170.6 169.5 168.6 167.5 166.6 165.9 164.9 164.4 163.9 162.4 163.8
400.6 396.6 395.4 388.7 383.4 379.1 374.6 368.9 372.8 374.4 372.4 374.2 380.5 388.7 395.2 402.4 414.4 424.4 434.9 441.8 443.6 440.3 443.7 440.8 438.9 435.3 430.3 425.3 419.5 412.4 405.4 398.1 388.7 379.1 372 359.7 347.2 335.5 330.4 323.1 315.7 309 302.1 296.3 289.8 282.1 276.8 271.1 260.4 258.2 253.2 247.5 241.3 234.7 229.2 222.9 215 207.7 204.7 199.6 197.8 195.9 192.5 189.2 184.7 180.9 180.9 178.3 174.7 174.2 171.7 169.6 168 167.7 166.3 166.7 167.4 165.8
