data/270000-920000.asc
ncols 200
nrows 200
xllcorner 270000
yllcorner 920000
cellsize 50
[rows 140 to 174 of 200, columns 78 to 155 of 200]
268.9 264.9 262 259.3 256.5 251.8 249.4 248.6 246.4 245.2 244.1 242.7 241.9 240.4 235.5 232.4 232.9 229.8 228.2 229.9 229.6 228.8 228.8 229.4 230.1 230.2 229.4 227.9 224.6 222.7 222 222.3 221.6 220.3 223.6 224.8 226.2 227 227.5 228 228.4 228.8 229.1 229.4 229.4 228.4 227.6 226.8 226.6 226.2 225 223.7 221.9 220.1 218.4 216.3 214.6 212.9 211.3 210.2 209.1 207.3 206.4 204.5 203.1 198.6 197.5 198 200.5 199.8 198.8 202 204.6 206.2 207.7 209.6 212.3 216.1
268.8 265.7 263.1 259.5 255.9 252.3 250.3 249 247.5 245.5 242.8 240.5 241.1 238.2 235.6 234.5 235.7 234.9 233.9 230.4 228 224.9 224.6 226.8 226.8 227.4 228.1 227.2 224.3 221.1 222 222 221.5 220.1 221.9 224.3 225.9 227 227.7 228.2 228.8 229.6 229.7 229.9 230.1 229.5 228.7 227.8 226.9 226.2 225.3 223.5 221.7 219.9 218.2 216.4 214.6 211.2 208.8 208.6 208.4 206.4 206.4 205.3 203.6 199.2 198 196.1 198.2 198.6 198.1 200 202.3 205.2 207 208.3 211.8 215.9
269 266.4 264 260.5 257 253.3 250.9 249.7 247.9 246.1 243.3 240.5 238.2 236.5 235.3 235.4 235.2 234.9 234.6 233.7 231.8 231.7 229.7 225.8 223.5 224.6 227.3 227.6 224.7 220.6 221.8 221 219.8 220.8 222.3 224.3 225.5 226.6 227.7 228.4 229.2 230.1 230.5 230.7 231.3 230.5 229.5 228.5 227.6 226.8 225.9 223.4 221.6 219.8 218.1 216.4 215.2 213 210.2 208.7 206.9 206.7 205.5 204.7 203.6 200.5 198.7 196.2 196.7 197.2 196.9 198.4 201.6 204.2 206 208.1 211.9 214.6
269 267.2 264.9 262.3 259 255.1 252.1 249.9 248 246.2 244.3 241.7 239.3 237.8 237.5 235.9 235.2 234.9 234.4 233.7 233 231.9 230.9 229.6 226.4 221.6 221.9 223.9 221.9 219.8 221.2 219.3 220.5 221.6 222.8 223.6 224.8 225.9 227 228.6 229.7 230.5 231.3 231.7 232 231.3 230.1 229.2 228.3 227.5 226.4 223.5 221.5 219.7 218.5 217 215.8 213.8 212 209.7 207.6 206.9 205.5 204.7 203.4 202 201 198.6 195.6 195.1 196.1 196.9 201.1 203.7 205.9 208.1 211.2 213.3
268.8 267.7 265.8 263.3 260.2 255.7 252.6 249.3 247.2 245.7 244.7 242.5 241.3 239.4 236.9 235.8 235.2 234.8 234.2 233.5 232.8 231.8 230.6 229.1 227.9 225.7 219.8 220.5 219.6 220.2 219.6 219.9 221.1 220.7 220.6 221.9 224.2 225.9 227.4 228.9 230.4 231.2 231.7 232.2 232.7 232.5 230.8 229.8 228.8 227.9 226.5 224.1 221.4 220.1 218.7 217.6 216.4 214.9 213.3 210.4 207.3 206.3 205.5 204.7 203.9 202.5 201.4 200.4 200.3 196.1 194.3 196.2 199.6 203.4 205.6 208 210 212.6
268.6 267.5 266.3 264.4 261 256.7 253.4 250.1 248.6 247.1 244.5 242.8 241.5 238.3 236.4 235.5 235 234.7 234 233.3 232.1 230.9 229.9 228.6 227.1 225.6 221.9 217.8 217.9 218.9 219.5 219.8 220.5 221.4 220.9 223.1 224.6 226.2 227.7 229.2 230.7 231.5 232 232.5 233.1 233 231.5 230.3 229.2 228.3 226.6 224.7 222 220.4 218.8 217.4 216.4 215.1 213 209.8 207.4 206.2 205.4 204.7 203.9 203 202 201 199.3 195.8 194.9 194.1 198.5 202.8 205.2 207.8 210.2 212.5
267.3 267.6 267.3 265.6 262.8 259 254.5 253.3 250.7 248 244.5 241.9 239.2 236.9 235.9 235.1 234.4 234.1 233.7 232.5 231.3 230.1 229.1 228.1 226.6 225.2 223.1 216.5 217.2 219.2 219.5 218.9 219.7 220.5 222.1 223.8 224.9 226.1 227.8 229.5 230.9 231.8 232.3 233 233.8 233.5 232.2 231 229.8 228.6 226.8 225 222.3 220.6 218.9 217.3 216 214.9 212.7 209.1 207.5 206 205.2 204.5 203.8 202.4 201.3 200.6 198.4 195 194.5 194.8 200.1 202.4 204.7 207.1 209.3 212.5
266 266.7 266.9 266.6 264.1 261.5 256.6 256.1 253.7 251.2 247.2 242.7 238.5 236.5 235 234.1 233 233 232.7 231.5 230.4 229.2 228.2 227.3 226.1 224.8 221.1 215.9 216.8 219.1 219.4 218.7 218.8 220.9 223.2 224.4 225.2 226.1 227.7 229.4 230.7 232 232.8 233.6 234.4 234.2 232.9 231.7 230.4 228.6 226.9 225.1 222.7 221 219.3 217.7 216.2 214.6 212 209.1 207.2 206 205 204.4 203.3 201.8 200.3 198.9 196.8 194.1 194.3 194.6 199 200.7 204 206.3 208.4 212.6
264.7 265.6 266.5 266.3 264.8 263.6 261.6 259.1 256.5 253.7 249.3 245.7 241.1 237.5 235.4 233.5 231.1 231.1 231 230 229.6 228.4 227.4 226.4 225.5 223.7 220.4 215.3 215.9 218.5 219.4 218.4 219.1 221.8 223.7 224.7 225.6 226.4 227.6 229 230.4 231.8 232.8 233.6 233.5 233.3 233.2 232.3 230.8 228.1 226.9 225.2 223.1 221.4 219.8 218.2 216.2 214.3 211.5 209 206.9 205.6 205 204.2 202.5 200.7 199.4 198.6 196.9 192.7 193.7 193.3 197.1 199.4 202.4 205.8 208.7 213
263.5 264.4 265 265.4 265.8 264.9 263.6 261.4 258.8 254.7 251.2 249.1 244.9 239.8 236.1 234.2 231.8 229.4 228.7 228.6 228.2 227.5 226.5 225.6 224.5 223.3 221.1 216.4 216.5 217.2 217.6 218.1 219.6 222.4 223.7 224.8 225.7 226.6 227.5 228.8 230.2 231.6 232.7 232.8 232.9 233 233.1 232.4 231.2 227.9 226.7 225.2 223.6 221.8 219.8 217.8 215.8 213.8 211 209.1 206.9 206 205.8 203.7 200.9 199.5 198.5 197.9 196.1 192.5 193.4 193.7 195.9 198.5 201.1 204.5 209.2 210.7
260.8 262.7 263 264.1 265.4 266 264.9 262.3 259.8 256.4 253.5 251.6 248.7 242 236.1 233.5 230.8 228.1 226.2 225.9 226.7 226.4 225.5 224.3 223.2 222.5 220.7 216.9 214.5 216.1 218.8 220.2 221.4 222.5 223.8 225.1 225.8 226.6 227.7 228.7 229.9 231 232.1 232.8 232.9 233.1 233.2 232.2 231.1 228.7 226.7 225.2 223.7 221.4 219.4 217.4 215.4 213.4 211.3 209.8 206.9 205.6 204.9 203.3 200.5 199.3 198.2 197.1 196 194.5 191.9 193.6 194.5 198.2 200.4 202.5 204.9 207.9
259 260.3 261.1 262.7 264.3 264.6 265.3 263.7 262 258.4 255.4 253.5 250.8 243.3 237.2 233.3 230.5 228.7 226.6 224.4 225.1 224.5 224.2 223 221.9 221.6 219.8 217.4 214.1 217.2 219.5 221 221.9 222.9 224 225.2 225.8 226.8 227.8 228.5 229.2 230.3 231.4 232.6 233 233.1 233.1 232 230.6 229.2 226.9 224.7 223.3 221.4 219.3 216.9 215 212.8 211.6 210.5 207.4 205.3 204.1 203 200.6 199.6 198.4 197.3 196.3 192.4 192.2 193.5 194.7 197.4 199 201 203.8 206
255.9 257.8 259 260.2 260.3 261.9 262.8 263.3 260.9 258.9 256.9 254.4 251.7 246.6 238.9 233.1 229.7 227.4 225.6 223.5 221.9 222.7 222.3 221.7 220.8 220.4 218.9 217.1 213.9 216.8 219.4 221.3 222.3 223.3 224.3 225.4 226 226.5 227.1 228.3 228.8 229.5 230.7 231.8 233 233.2 232.9 231.5 230.1 228.6 227 224.1 222.3 220.4 218.5 216.5 214.6 212.8 211.9 209.9 207.7 205.9 203.8 202.7 200.9 199.9 199.5 198.5 192.7 191.9 191.4 193.4 195.2 196.5 198.2 199.6 202.4 203.2
255 255.3 256.4 256.3 257.4 260.2 262 260.7 259.9 258.9 257.6 255.3 252.6 247.7 240.5 234.4 231 227.8 225.2 223 220.8 219.9 220.4 220.1 219.6 218.9 218.9 217.4 213.7 216.8 219.5 221.1 222.1 223.1 224.1 225.3 225.8 226 227.1 228 228.5 229 229.9 231.1 232.3 233.4 232.4 231 229.6 228 226.5 223.5 221.9 220 218.1 216.2 214.3 212.9 211.6 209.9 207.5 205.5 203.9 202.3 201.1 200 199.6 199.7 190.9 191.6 191.3 193.4 194.9 195.8 196.7 197.9 198.8 199.8
252.9 252.8 253 253.3 255.2 257.2 258.4 259 258.7 257.7 257.4 256.2 253.9 249.4 242.5 236.6 232.6 229.6 226.2 223.7 221.2 218.9 217.6 217.9 217.4 216.8 217.8 216.4 213.9 217.1 219.2 220.8 221.9 222.9 224.1 225.3 225.7 226.1 227.2 227.7 228.2 228.7 229.2 230.3 231.5 232.6 232.1 230.5 229 227.4 225.4 223 221.3 219.7 218 216.1 214.2 212.9 210.9 209.1 206.8 205.3 203.9 202.6 201.3 199.6 198 192.7 191.5 192 192.3 194 194.8 195.7 196.6 196.5 197.2 197.8
251 249.8 249.6 250 251.8 253.6 255.3 256.5 256.6 257.3 256.6 256.2 254.2 250.7 244.7 239.4 235.1 229.9 227 224.4 221.9 219.1 216 214.8 214.8 215.2 215.8 213.4 214.5 216.8 218.9 220.6 221.7 222.9 224.1 225.4 225.6 226.5 226.9 227.4 227.9 228.4 228.7 228.9 229.3 230.3 229.8 229.2 227.7 226.1 224.5 222.4 220.8 219.1 217.5 215.8 214.1 212 210 208.2 206.5 204.8 204 202.4 200.5 198.6 195 192 190.7 189.9 193.4 193.9 194.7 195.6 196.1 195.5 196 196.8
249.8 247.9 247 246.9 248.1 249.8 251.3 253.3 254 254.4 254.5 254 253.1 249.5 244.8 238.8 236.3 232.2 227.8 225.1 222.1 219.4 216.8 214.3 213.4 214 213.1 211.9 214.8 216.2 218.6 220.5 221.7 222.9 224.1 225.4 225.9 226.3 226.7 227.1 227.4 227.7 228 228.1 228.2 228.2 227.9 227.5 226.5 224.9 223.3 221.8 220.1 218.4 216.8 215.1 213.1 210.5 208.9 207.4 205.9 204.4 202.9 201.3 199.4 196.7 193.8 191.5 191 189.8 193.6 193.7 194.6 195.4 195.2 194.6 194.6 195.7
247.3 245.8 244.9 244.3 245 246.9 247.7 248.8 250.5 251 251.8 250.4 250.6 248.7 244.6 239.9 237.1 232.6 228.7 225.4 221.9 218.9 216.7 216 214.5 214.4 213.9 211.4 213.9 215.5 217.7 219.5 221 222.5 224 225.3 225.7 226 226.4 226.8 226.6 226.9 227.2 227.4 227.3 227.2 227.1 226.6 225.8 224.1 222.2 220 219.3 217.7 216 214 211.4 209 207.5 206.2 204.9 203.7 201.8 200.1 197.8 195.7 192.4 191.1 190.8 192.3 193.6 193.6 193.5 193.5 193.7 193.4 193.4 193.8
247.3 244.2 243.2 242.6 242.4 244 244.7 245.5 246 246.3 246.7 247.4 247.1 248 244.3 239.5 236 232.3 229.1 224.7 220.2 218 216.8 216.3 215.7 214.2 214 213.7 212.4 214.2 217 219.6 221.3 222.9 224.7 225.8 225.6 225.7 226 226.4 226.2 226.1 226.5 226.4 226.3 226.2 226.2 225.5 224.8 223.4 221.6 220 218.4 216.9 214.9 212.3 209.8 208 206.9 205.6 204.4 203.1 201.1 198.9 196.8 194.3 191.4 190.8 190.2 191.4 193.1 192.6 191.6 191.6 192.4 195.4 196.6 197.1
248.4 244.6 241.5 241 240.5 241.5 241.9 242.2 243 243 243.1 243.9 242.3 241.6 240.4 238 234.8 231.6 228.2 223.9 220.4 218.4 217 215.6 213.9 213.4 210.5 213 213 214.2 216.9 220.5 222.1 224.2 226.2 226.4 226.3 226 225.7 226 226.2 225.2 225.9 225.4 225.3 225.3 225.2 224.8 223.8 222.7 221.1 219.4 217.8 216.1 213.3 210.7 208.1 207.1 206.1 205 203.9 202.5 200.9 198.2 195.5 193.1 190.2 189.8 191.6 192 191.6 191 190.4 191.6 194.7 197.3 197.9 198.5
249.5 244.7 241.6 239.2 238.8 238.6 238.4 239 240.1 240.5 240.4 239.3 238.1 238.2 237.7 234.9 232.9 230 225.5 222.8 220.4 218.5 217 215.4 213.8 211.5 210.1 213.5 214.6 218.5 221.2 224.3 225 225.5 226.8 227 227.1 226.8 226.4 226.1 226 225.4 225.8 225.8 225.8 225.8 225.8 224.4 223 221.6 220.2 218.7 217.1 215.2 212.4 209.5 207 206 205.3 204.2 203.1 201.4 198.1 196.1 194.3 190.8 189.4 192.4 192.1 191.3 190.6 189.7 191.7 194.3 196.3 197.7 198.3 198.9
247.7 245.2 241.9 237.3 236.9 236 235.3 235.8 236.7 237.9 237.1 235.9 235.6 235.2 235.8 231.6 230 227.5 224.2 221.2 219.1 217.9 216.3 214.4 211.8 209.9 214.3 216 217.1 222.9 225.3 225.9 226.4 226.8 227.1 227.5 227.7 227.5 227.2 226.8 225.7 225.4 225.4 225.4 225.3 225.4 224.1 223.1 221.8 220.4 219 217.6 216.1 214.3 211.3 208.3 205.7 204.6 204.3 203.5 202 200.1 197.4 195.2 192.9 189.8 188.8 191.4 190.4 190.2 189.8 191.2 193.3 195.1 196.2 198.4 198.8 199.4
246.9 243.8 240.8 237.8 234.6 233.3 232.3 232.9 233.5 234.1 233.6 233.6 233.3 232.6 230.3 228 226.8 225.4 223.2 219.6 218.1 216.6 214.1 214.8 210.3 212.1 215.9 216.7 218.8 222.4 224.7 225.7 226.4 227 227.7 228.2 228.3 228 227 226 225 224.6 224.3 223.3 223.8 223.5 222.7 221.8 220.5 219.1 217.7 216.3 214.6 212.4 210 207.3 204.7 203.3 202.8 202.1 200.8 198.4 195.7 194.9 194.4 191.4 189.3 189.7 189.4 189.6 191.9 193.4 197.2 197.2 197.8 199.2 199.5 200
245.5 241.2 238.1 234.9 232.5 230 228.5 229.5 230.7 230.7 230.4 231 230.9 230.3 227.7 225.5 224.3 223.4 221.3 218.6 216.9 215 214.8 214.5 209.2 212.3 215.5 217.2 220.4 223.4 225.7 226.5 227.1 227.8 228.3 228.7 229.3 228.1 226.9 225.7 224.3 223.9 223.1 222.1 221.9 221.7 221 220.3 219.1 217.9 216.5 214.8 212.5 209.8 207 205.2 202.9 201 200.7 200.4 198.6 195.7 194.2 194.7 196.1 195.7 188.6 188.3 190 194.7 195 194.9 197.5 198.6 199.4 200 200.3 200.7
244 239.7 235.4 230.7 229.4 226.9 224.5 226.3 227.5 227.3 227.3 227.8 227.7 227.7 225.7 223.3 221.7 221.3 219.7 217.5 215.6 214.5 213.9 212.9 208.8 211.5 214 217 221.2 224.8 226.2 227 227.9 228.5 228.9 229.3 228.9 227.8 226.6 225.3 223.7 223.2 222.3 221 219.1 219.5 219.4 218.7 217.7 216.5 215.2 213.6 211.8 209.7 206.3 202.7 201.6 199 197.9 196.4 195.5 194.4 192.6 193.8 193.4 189 188.2 188.3 192.6 195.4 196.2 196.7 198 200 200.3 200.6 200.9 200.7
242.6 238.2 233 228.1 225.2 223.1 220.5 223.3 225 224.4 224.4 223.8 223.2 223 222.1 221 219.4 219.5 218.4 216.3 215.1 214.3 213.5 211.9 210.2 210.5 214.5 219.5 223.8 226.3 226.7 227.6 228.6 229.3 229.4 229.6 228.5 227.4 226.3 225 223 222.5 221.4 219.5 217.9 217.6 217.8 217.1 216.1 214.9 213.7 212.2 210.8 208.9 205.2 201.6 198.6 197.4 195.9 194.3 193.4 192.7 191.7 190.6 187.5 187.6 187.8 188.1 194.5 195.5 196.4 197.3 198.2 199.7 200.4 201 201.3 201.2
241.1 235.8 230.6 225.9 222 220.7 218.9 220.6 222.3 222.5 222.1 221.7 220.2 219.1 218.6 218.8 218.2 217.7 216.6 215.7 214.9 214.1 213.3 212.4 209.7 211.5 216.1 222.1 225.4 226.4 227.2 228.1 229.2 229.9 230 229.2 228.1 227 225.9 224.5 222.4 221.6 219.9 218.5 217.1 216.2 216.2 215.4 214.5 213.3 212.2 210.7 209.3 207.4 203.9 200.3 197.9 196.3 194.8 194.1 193.8 192.7 190.6 187 187.8 192.1 188.2 193.1 194.8 195.7 196.6 197.4 198.3 199 200.5 201.2 201.7 201.7
239 233.5 228.3 224.9 221.7 218.2 216.9 219 220.9 220.3 219.7 219.3 218.2 217.6 216.9 216.6 216.6 216.1 215.1 214.8 214.3 213.8 213.8 211.8 208.6 213 217.6 224.2 225.5 226.2 227.6 229.4 230.4 231.1 230.4 229.7 228.2 226.8 225.6 223.9 221.8 220.5 219.1 217.7 216.3 215.3 214.5 213.7 212.9 211.7 210.7 209.2 207.7 205.6 202.1 199.3 197.2 195.7 194.2 193.5 193.6 192.7 189 186.3 189.7 192.5 192.9 194.2 195.2 195.7 196.1 196.4 197.3 198 198.2 200.1 200.1 199.4
236.1 231.4 226.1 222.8 219.7 217.2 214.5 217 217.4 216.4 216.6 216.9 216.3 215.8 215.1 213.9 214.1 214.1 214 213.8 213.3 212.8 212.5 211.1 208.4 210.7 220.4 224.8 225.8 226.7 228.6 230.3 231.6 231.3 230.6 229.9 228.2 226.7 225.2 223.2 221.2 219.6 218.3 216.9 215.5 213.4 212.1 212.1 211.3 210.2 209.2 207.7 206.2 203.8 201.4 198.8 196.6 195.4 193.9 192.6 192.1 191.4 189.2 185.6 189.7 192.6 193.3 194.2 194.5 195.2 194.7 195.2 196.3 197 196.8 197.2 197.9 198.7
234.1 229.1 223.9 221 219.3 218.4 215.7 213.9 210.8 211.7 212.4 213.9 214.4 214.3 212.9 211.3 211.1 211.3 212.4 212.8 212.2 211.7 211.2 210.6 208.8 212.5 221.7 224.4 225.6 227.1 230 231.3 231.6 231.3 230.8 230 227.9 226 224.5 222.5 220.5 218.7 217.4 216 213.9 211.8 210.9 209.9 209.5 208.8 207.7 206.2 204.7 202.4 199.8 197.1 196.1 195 193.2 191.9 191 189.9 187.6 183.6 192.2 194.4 193.5 194.3 194 193.4 194.4 196.4 196.9 197.5 198 199 199.9 201.4
230.9 227.1 222.7 220.9 219.9 218.8 216.6 214.8 212.9 210.8 207.3 210.5 211.9 211.4 210.2 209.2 209.4 210.2 211.3 212.4 210.5 210.2 209.8 209.4 207.8 217.2 221.4 224.3 226.1 227.8 230 230.8 231.5 231.3 230.7 230 227.8 225.6 223.8 221.8 219.9 217.9 216.2 214.5 212.7 211.2 210 208.8 208.1 207.3 206.2 204.9 203.4 200.7 198 196.3 194 193 192.2 191.1 190 188.4 186.5 184.2 186.7 191.8 192.6 191.3 195.3 196.2 197.3 197.5 198.1 199 199.3 200.1 201.6 203.5
224.6 229.6 222.2 220.8 219.7 218.4 215.7 214.7 213 211.2 208.9 207.1 208.3 208.5 207.6 207.4 207.9 209.1 209.8 208.9 208.9 209.4 209.2 206.5 212.6 218.7 221.7 224.2 226.2 228.2 229.5 230.1 230.7 230.9 230.3 229.4 227.5 225.3 223.8 222.1 219.7 217.6 215.9 214.2 212.4 210.6 209 207.8 206.5 206.1 205.1 203.8 201.8 199.2 196.6 194.4 192.1 191.1 190.2 189.9 188.8 186.8 185.3 183.5 191.9 192.2 192.9 194.8 196.5 197.1 197.5 198 198.8 200 200.7 201.9 203.2 205.4
228.7 221.5 218.8 220.3 219.3 216.2 214.9 214 212.4 210.8 209.1 205.4 203.7 203.4 203.1 203.5 205.9 207.2 206.9 206.7 206.8 207.2 206.8 208.7 215.1 219.5 221.8 224.1 225.9 226.8 228.5 229.1 229.7 230.2 229.6 228.7 227.1 225.5 223.8 221.6 219.1 217.2 215.6 213.9 211.9 210.1 208.5 206.9 204.7 204.3 203.9 202 200.2 197.8 195.3 192.8 191 190 188.7 187.7 186.1 184.9 184.8 183 192.2 193.2 195.2 196.6 197.9 197.9 197.7 198.4 199.7 201.2 202.7 204.5 205.5 207.1
228.1 222.5 217.8 213.5 213.5 212.6 212.5 212.6 210.8 208.1 206.5 206.2 205.8 205.6 201.8 200.7 200.2 202.8 203.7 204.4 204.6 203.4 207.4 211.8 215.2 219.6 221.8 223.4 224.3 225.1 227.4 228 228.1 228.2 228.6 227.8 226.9 225.2 223.5 221.1 218.5 216.8 215.3 213.4 211.5 209.6 208 206.3 204.6 202.1 201.9 200.5 197.7 194.7 192.2 190.1 189.4 188.5 187.7 184.9 184.2 184.1 183.8 188.9 193.7 194.2 196 196.7 197.4 198 198.9 199.9 201.5 203.2 205.9 207.1 209.3 209.6
227.5 222.5 218.5 216.4 213.6 209.6 208.2 208.5 207.3 205.4 204.2 205 206.6 205 200 199.9 200.2 199.4 198.6 202.4 206.9 210.3 210.6 212 215.6 218.2 221.1 221.9 222.7 223.5 224.5 225.3 226.1 227.2 227.1 226.8 225.8 224.8 223 220.6 217.9 216.4 215 213 211.1 209.2 207.5 205.7 203.9 201.2 199.8 199.3 196.7 193.7 190.4 187.8 186.9 186.4 184.6 183.1 183.3 183.3 182.3 190.7 194.7 196.2 195.5 196.2 197.6 198.5 199.6 201.8 203.7 206 208.6 210 212 212.5
