data/270000-580000.asc
ncols 200
nrows 200
xllcorner 270000
yllcorner 580000
cellsize 50
[rows 70 to 104 of 200, columns 78 to 155 of 200]
190.7 192.3 194.2 194.1 192 186.7 182.1 184.2 185.8 184.6 186 184.7 183.2 185.2 186.5 186.3 185.8 187.7 188.2 186.7 184.4 183.3 180.8 177.6 175.4 175.8 177.6 179.2 180.2 181.3 183.8 185.9 188.8 192.7 193.2 193.3 194.8 196.5 202.1 206.6 204.8 200.4 200.7 200.9 203.4 202.6 202.8 204.3 209.3 214.6 220.8 227.4 232.4 236.3 240.2 241.4 248.1 253.1 257.5 260.1 265.6 272 278.1 282.6 288.8 294.2 299.4 304.2 310.5 317 321.9 328.9 333.1 336.3 336 336.8 344.1 350.8
194.3 194.3 193.6 193.5 191.4 188.7 187.3 190 189.1 188.1 188 186.2 185.1 186.7 188 188.3 191.7 196.3 196.2 190.9 186.6 180.6 177.9 176.5 176.2 176.8 177.6 178.8 180.1 181.9 184.3 186.1 188 189.2 191.6 192.1 193 194.9 197.4 206.1 206.8 204.6 202 201.7 202.2 203.8 204.5 207.2 215.6 219.7 225.5 232.9 236.9 239.2 243.9 247 250.6 257.2 260.5 264.5 269.6 275.3 279.4 284.9 293 300.7 308.2 313.1 317.1 322.4 325.3 330.7 337.9 342 343.7 344.7 350.4 354.5
195.9 194.2 192 190.3 189.1 187.8 188.5 192.6 189.8 187.4 186.5 185.6 186.3 188.1 189.9 193.3 198.6 203 201.1 192.9 186.1 179.9 177.6 176.8 178.3 177.9 178.7 181.4 184 184.9 185.5 186.3 188.4 190.2 190.3 191.1 192.6 194.3 197.4 204.9 205.1 204.7 203 202.7 203.4 205.5 211 215.6 221.1 228.3 233.1 237.9 241.8 244.7 250.1 255.6 258.4 258.8 263.2 267.3 273.5 279.2 283.7 291.2 299.1 309.3 319.9 323.3 326.8 328.9 331.5 335.1 340.4 345.8 347.9 348.8 350.6 353.8
196.4 194.8 193.4 194.1 193 195.3 193 193.2 190.7 188.3 186.9 187.2 188.3 191.2 192.2 195.7 201.7 204.9 204.9 197.5 187 178.7 177.7 178.2 179.4 179.6 181.5 184.9 186.3 187 187.1 187.3 190.1 191.6 191.3 191.1 192.5 195.7 200.1 201.9 203.7 206 204.8 204.7 205.8 209.3 214.5 220.6 227 234 238.7 243.3 248.3 251.8 256.5 259.8 261.7 260.9 264.4 270.4 277.8 284.1 291.5 297.6 304.4 318.6 327.4 328.4 332.9 333.6 335.8 338.2 342.1 346.1 347.5 347.5 347.3 350.4
197.4 195.9 196.6 197.7 196.5 197.4 197.9 197.3 195.3 192.1 192.9 191.1 190.5 190.7 192.4 194.6 199.4 204 204.8 200.7 188.9 181 178.5 179.5 179.9 180.9 185.1 187 187 187.3 187.3 189.8 189.7 189.6 190.3 191 191.7 195.9 201.4 201.8 203.3 207.9 207.3 208.6 211 215.1 221.4 228.4 234.7 239 243.8 247.9 253.2 256.7 259.3 261.7 263.5 263 268.1 275.9 283.4 289.5 297.7 304 313.7 323.1 327.2 329.3 332.6 335.9 337.7 341.3 345.7 347.1 346.4 346 344.9 345.3
200.3 202.1 204 202.9 201.2 200.7 201.1 200.4 199.7 201.1 202.4 202 197.6 194 193.1 193.1 195.3 201.5 204.2 202.2 193.3 184 179.7 179.3 181 181.4 184.4 187.8 187.6 186.9 187.9 188.6 190.1 189.8 190.9 191 191.3 192.9 196.8 199.5 202.1 205.4 208.1 213 218.6 224.7 230.7 235.2 239.6 243 247.7 252.4 258.1 262.1 264.2 265.6 264.9 265.9 270.5 272.7 279.8 291.6 301.9 309.8 321.4 324.8 326.4 328.3 330.6 337 342 345.6 348.6 348.8 347.4 345.2 343 342.9
206.2 205.6 207.7 204.6 203.5 202.9 202.5 203.1 203.2 203.5 204.5 204.4 202 200.9 199.4 195.4 194.4 195.9 201.6 206 200.2 191.2 184.1 180.8 180.1 182.8 182.4 184.3 184.9 185.9 189.9 191.2 190.2 190.6 191.1 192.3 193.4 193 198.1 202.9 204.9 207 212.9 218.1 226.2 231.5 235.5 239.2 244.4 248.9 252 256.4 260.8 266.4 269.1 270.5 270.9 271.5 273.8 274.7 279.4 288 300.8 315.3 322.3 324.6 326.9 326.8 331.3 336.1 340.6 345.2 350.2 348.3 347.2 345.6 342.1 340.8
209.4 208.9 213.3 214.3 212.5 210.2 209.4 207.1 206.7 206.1 205.2 203.8 202.6 200.6 200.1 197.1 195.7 195.8 200 206.4 205.8 199.4 190.2 182.4 181.2 180.6 180.7 182.9 185.6 189.9 194.9 195.9 193 193.1 192.5 192.8 195.8 195.9 198.8 204.5 207.6 215 221.8 226.5 231.9 236.7 241 245.2 248.7 253.1 258 262.7 265.7 271.2 275.9 278.3 279 279.2 279.5 279.8 282.9 293.4 304.4 316.4 321.5 321.3 320.6 326.5 333.6 338.4 343.2 343.9 346.2 346.1 344.5 341.8 338.5 337.7
212.3 213.2 215.3 216.4 214.8 214 212.6 212.4 211.6 210.2 207.8 206.7 203.7 199.6 198 197.5 196.8 197.3 198.4 202.7 205.8 204.6 197.2 188 184 182.8 182.6 185.6 190.1 193.3 197.8 196.3 194.7 195.8 196.9 196.5 197 197.7 199.6 205.6 211.2 217.9 225.4 231.2 235.9 240.9 245.3 249.7 254 259.7 263.6 269.6 275.1 280.8 287.1 288.8 288.9 286.7 284.8 284.4 290 297.9 306.5 312.3 316.8 315.7 315.2 323.8 331.8 339.4 346.4 347.4 343.9 342.5 341.6 336.3 330.2 329.9
216.1 215.4 217.1 217.8 216.2 215.7 216.1 215.5 214.4 211.5 207.9 206.4 205.4 204.7 202 199.9 198.9 199.7 200.8 201 201.5 203.2 202.3 196.2 188.7 188.7 187.2 189.8 191.8 191.7 193.8 197.4 196.3 198.1 200.1 199.7 198.8 200.9 203.7 207.1 212.5 218.8 226.5 232.9 238.1 243.2 247.6 252.3 258.1 263.6 269.7 274.9 279.7 287.3 295.5 297.6 296.7 295.1 291.9 290.2 294.4 301.3 309.5 311.8 311.3 309.9 310 319 326.6 335.3 342.3 343.5 342.9 338.3 335.5 330.6 325.9 323.5
223.8 220.9 220.5 219.8 218 217.2 218.5 218.5 217.4 215.2 210.6 208.7 208.6 209.6 209.2 206.3 204.7 204.4 203.7 203.3 202.1 202 201.9 201.5 195.5 191.1 189.7 189.1 191.3 191.8 193.3 194.4 197.8 199.8 200.4 201.2 201.3 203.6 206.6 209.4 214.8 221 227.4 235.1 240 244.5 249.1 254.7 262 269.2 274.9 280.3 285.4 293.2 298.5 301.6 301.6 300.1 294.7 294 294.1 298.1 304.8 306.3 305.9 305.8 310.6 315.8 320.6 329.8 335.4 338.3 337.4 333.9 329 325.1 322.6 320.4
232.1 231.7 226.4 223.6 220.3 220.5 221.8 221.5 220.4 218.6 214.6 215.2 215 215.5 215.7 214.2 212 208.6 205.3 204.3 203.2 202.8 202.9 202.2 201.4 195 191.5 190.8 190.9 192.3 193.9 200.5 201.1 201.1 202 202.5 205.7 206.9 209 213.2 214.6 223.4 230.4 238 242.6 247.5 253.3 259.2 264.9 276.8 284.3 288 291 296.8 299.7 303.4 305.4 304.3 297.9 295.7 293.6 292.7 295.6 294.9 297.9 301.8 305.5 311.7 314 319.8 323.9 327.7 329.6 325 323 321.5 319.8 319
237.9 238.1 234.2 229.8 224.3 223 224.4 224.4 223 220.1 217.1 216.8 216.7 217 218.4 218.7 217.6 213.9 209.3 207.1 206.6 205.2 204.7 204.5 202.9 198.3 193.8 192.5 193.4 196.1 199 201.3 203.5 204.8 205.9 205.8 208.6 209.7 212.8 216.5 219.9 226.5 233.4 241.2 246.3 250.2 255.5 261.2 270.3 278.2 284 287.9 292 296.4 300 302.5 303.2 300.4 296.5 294.9 289.1 286.6 290.6 288.2 289.8 297 299.8 304.7 307.8 309.7 312.8 313.7 314.6 313.7 315.8 316.8 317.1 319.5
243.8 241.8 238.9 234.4 230.2 227.4 227.9 227.8 225.2 221.5 219.7 219.5 220.3 220.5 220.4 220 219 217.3 215 211.5 209.2 208 206.9 207 204.9 200.1 196.1 196 195.8 198.1 199.5 203.7 208.3 210.4 213.4 212.4 214 213.6 217.4 220.1 224.8 230.8 236.2 239.9 246.2 251.2 257 265 273 277.2 281.6 285.4 290 295.2 298.9 301.3 299.3 296.6 293.7 288.6 285 282.7 283.8 282.3 284.6 292.8 292.3 296.6 300.7 301.6 301.8 302.5 303.6 303.5 306.4 310.2 312.6 313.9
248.7 244.5 242.9 240.1 236.5 231.4 233.7 230.7 226.9 223.2 222.1 222.3 223.2 223.4 222.8 221.9 220.3 217.7 215.6 212.9 211.3 209.7 208.3 207.8 207.7 205.4 200.9 198.2 198.4 200.8 201.5 202.8 208.6 214 215.5 215.4 216.5 216.9 218.5 221.8 225.1 230.4 235 240 245.6 251.4 257.7 263 269 275.8 279.2 283.5 288.9 292.3 294 291.9 292.4 292 289.6 286.5 282.5 280.1 278.4 277.1 279.8 284.4 285.9 289.4 291.7 291.6 291.7 292.2 294.5 296.1 301.6 303.4 305 310.8
248.9 249 246.7 243.1 239.2 234.2 234.1 231.2 227.8 225.2 224.6 225 225.3 225.6 225.2 224.5 222.9 220.6 217 214.9 212.9 210.7 209.3 208.5 207.7 206.9 203.4 200.5 203.1 206.8 206 204.7 207.8 213.3 216.5 218.6 217.9 218.5 219.8 222.2 225.3 230.7 235.9 240.2 245.4 250.9 256.4 263 269.8 275.2 277.6 280.4 284.5 288.9 290.5 288.2 285.8 284.6 283.5 282.5 281.2 279.3 279.6 276.2 274 275.7 276.6 280.5 283 283.5 282.6 285.1 288.6 290.5 295.2 298.5 303.5 310.5
253.3 252.3 249.1 244.6 242.1 236.8 233.5 232.7 230.3 229.1 228.4 226.7 226.7 226.9 226.9 225.9 224.7 222.8 219.2 217.1 215.2 212.2 210.2 208.7 207.3 205.5 203.9 203.3 205.6 206.5 207.8 209 211.5 213.2 214.9 218.9 219.6 220.8 223.3 223.6 226.8 230.9 235.3 240.3 246.1 251.1 256.5 263.9 273.6 279.6 281.1 281.8 282.5 284.8 290.5 288.2 284.8 282.5 280.5 279.1 278.7 279.2 279.7 275.5 272.4 272.1 272.2 271.5 272.2 274.6 278.5 281.8 282.3 281.9 290.2 297.5 301.4 308.6
255.2 254.1 251 246.6 244.6 240.9 236.8 235.2 234.2 233.8 233.1 229.9 228.8 228.8 228.7 227.4 226 224.7 221.9 219.3 217.4 214.2 212.3 210.5 208.2 206.1 205.6 205.1 206.1 207.4 209.2 210 211.9 212.6 213.8 215.3 219 221.4 225.5 224.6 225.7 229.6 233.6 239.1 243.9 250.1 256.3 263.8 273.4 282.1 286.5 285.3 283.2 283.7 286.7 286 284.7 281.4 278.6 276.9 277.8 276.7 276.1 274 270.3 268.4 267.1 264.3 264.4 271.4 274.1 275.1 275.5 279.6 284.8 292.8 300.8 306.7
256.2 255.7 251.5 248.1 245.5 241.5 238.7 237.1 239.1 239.1 237.1 233.7 230.8 230.4 229.5 228.5 227.3 226 224.6 221.6 218.2 215.8 215.7 213.8 210.4 207.9 206.5 206.5 206.4 206.8 208.9 210.4 209.8 211.3 213.1 215.8 218.1 221 223.8 225 224.3 226.1 230.3 236.5 240.9 245.9 252.3 261.6 268.8 279 285.3 285 282.5 280.4 281.5 281.6 281.7 281.4 277.3 275.7 272.5 272.1 269.2 269.1 266.2 263.1 262.3 259.3 258.6 263.3 266.1 266.8 268.8 275.1 281 289.1 299.3 307.2
256.6 253 250.5 248.9 246 242.4 239 240.7 241.5 242.9 240.5 237.6 235 232.5 230.2 228.8 227.8 227.1 225.9 223.8 222 217.6 216.3 214.6 211.6 211.1 208.9 206.6 205.2 205.5 209.6 210.1 208.7 209.8 211 214.5 218.4 220.3 219.5 219.4 221.3 224.6 227.2 232.5 238.2 242.9 249 253.9 264.1 273.2 278.1 281.4 280.3 278.5 282.4 281.7 278.2 276.5 272.7 270.4 268.7 267.9 265.6 264.8 262 258.3 259.7 257.3 254.2 258 261.5 262 267.4 271.4 276.5 283.9 296.8 303.4
254 252.6 251.2 248.1 244.9 241.6 240.1 245.2 244.2 244.1 240.2 238.5 236.8 233.6 231.1 228.9 227.6 227.1 226.6 224.8 223.1 220.1 217 214.8 214.3 214.3 211.1 206.9 204.9 202.6 204.7 205 205.7 208.3 208.4 210 215.9 218.5 217.9 219.6 218.3 222.8 226.4 230.1 233.2 239.6 243.4 248.1 255.6 266.8 271 272.4 275.3 275.8 277.6 277.5 274.4 272.6 269.3 266.6 265.7 265.5 261.4 261 258.8 254.9 253.9 253.5 249.9 254.6 257.9 258.9 263.9 268.6 274.6 280.3 292 298.8
249.4 250.7 250.3 246.9 243.1 242.8 245.4 246.6 246 244 240.2 237.7 236.9 234.3 230.8 228.1 227.1 226.4 225.6 224.8 223.2 221.5 219.6 216.1 214.2 212.5 210.4 208.6 205.5 201.8 199.2 199.5 204.3 205.2 206.7 207.3 213.3 213 214.8 218.6 214.7 217 220.3 224.2 229.4 232.9 235.4 238.5 245.5 253.9 260.4 261.4 265.9 268.8 268.7 270.5 269.5 266.7 263.8 264.2 262.4 261.9 259.3 256.8 255 253 250.2 244.9 246.9 251.4 255.7 255.9 259.5 265.3 272.7 277.9 286.4 295
245.8 244.7 245.4 244.4 242.7 242.9 242.2 245.9 246.6 243.6 240.1 237 235.1 234.1 230.8 227.6 226.2 225.4 224.9 224.1 223.2 222.7 222.1 217.7 215.2 217.5 215.1 210.5 205.8 202.2 197 196.1 200.5 203 204.7 203.3 204.5 210.5 214.2 216.2 214.6 213.3 218.3 220 223.1 225.4 227.3 231.1 235.5 242.2 244.5 246.7 253.8 257.9 258 259.9 260.5 258.6 255.2 256.8 259.3 256.1 255.7 253.8 252.1 249.7 246.7 243.5 242.7 249.5 253.2 253.7 256.8 262.3 268.7 273.4 278.9 286.6
242.4 243.8 244.3 243.4 241.7 241 242.1 244.9 244.1 242.3 239.7 237.3 236.4 234.8 230.8 227.2 225.4 224.4 224.1 223.3 223 222.3 221.2 218.5 215.7 217 215.6 210.5 205.7 203.1 197.7 195.3 193.5 195.4 199.1 200.2 202.9 208.2 210.3 212.7 212.6 210.9 211.6 216.4 217.6 219.4 220.8 225.4 229.1 232.1 235.5 238.6 244.8 245.9 244.4 246.6 247.8 249.5 248.2 249.8 251.8 249.7 251.2 251.7 250.8 245.9 239.5 238.3 240.8 244.7 246.7 249.5 253.3 259.1 263.2 266.8 270.2 278
243.1 243.7 244.2 244 241.8 240.2 242.9 245.7 243.1 240.2 238.7 236.7 235.7 234.2 230.3 226.8 224.3 223.3 223.3 223 222.4 220.4 219.4 218 216 214.1 212.7 209.4 206.2 199 195.5 194 192.6 193 195.5 199.5 199.8 203.8 204.8 210.7 209.4 208.9 208.5 212 214 215.4 216.5 221.1 224.1 225.4 229 230.9 235.3 233.6 231.5 235.4 236.9 238 239.8 241.5 243.3 241.5 242.5 243.5 243.3 239.4 237.2 235.1 238.1 240.3 241.8 246.8 246.1 254.4 258.5 259.4 262.6 269.6
247.9 245.5 245.5 250 248 241.3 239.7 243.1 242.5 240.6 238.5 237.7 236.3 233.5 230.2 225.4 223.2 221 221.4 221.8 221.4 220.3 217.6 216.7 215.8 213.6 211.7 210.5 208 199 194.8 192.7 191.3 192.2 195 198.2 199.2 199 199.7 201.3 204 205.4 208.4 207.5 211.2 213.1 213.3 215.2 217 217.8 219.6 224.1 226.7 225.9 219.8 222.9 229.1 230 231.3 231.4 232.3 231.9 234 235.5 234.5 232.8 233.5 233.3 234.4 237.3 237.1 235.6 241.1 245.9 251.5 254.2 257 260.4
241.2 242 241.4 245.6 247.2 241.3 235.5 238.1 241.6 240 235.8 235.9 233.9 232.5 229.4 226.9 223.6 220.2 218.7 219.3 218.9 217.8 217 215.8 215.3 213.2 210.4 210.1 208.8 201.4 194.7 192.2 191.1 190.8 192.8 195.8 197.2 198.2 197.8 199.3 198.1 200.3 201.9 203.3 203 204.7 207 211.2 215 214.2 213.8 217.6 218.6 219.4 216.5 213.6 217.3 221.7 219.9 221.7 221.7 221 223.9 226.1 226.8 227.4 231.1 229.9 231.2 233.3 232.3 235.9 239.3 240.3 241.7 246.3 250.3 254.5
234.2 235.6 237 240 242.9 239.7 233.9 233 237.6 236.1 233.5 232 229.4 228.6 226.9 225.6 223.1 220.2 218 216.7 216.8 216.4 215.9 214.4 213.8 212 208.1 208.5 207.4 201.2 195.5 193.4 192.2 190.3 192 194.5 197.1 196.6 195.3 197.3 195.1 195.5 196.4 199.2 199 200.6 204.6 205.1 205.1 205.7 204.9 208.7 214.4 212.9 209.4 211.1 212 213.8 214.5 212.8 212.9 216.5 220.6 223.2 222.3 222.5 226 224.3 227.6 232.4 231.2 237.7 238.4 238.3 236.9 241.6 247.4 252.3
231.5 233.7 235 234.3 236.3 236.6 232.8 231.9 232 228.3 227.2 230.3 228.2 226.5 223.8 223.2 221.2 219.6 218.7 217.5 215.8 214.8 214.1 212.6 211.6 211 207.8 205.4 202.4 206.5 206.1 199.8 194 190.3 191.6 192.9 196.4 197.9 190.3 192.2 192.3 192.1 192.8 194.3 197.3 200.3 202.9 205.8 205.1 204.7 200.7 199 199.9 202.8 203.6 207 208.8 210.9 210.4 210.2 211.4 216.3 223.2 223.1 222.6 219.7 218.4 219.6 220.3 223.6 229.3 233.5 235.6 234.2 236.8 243.4 249.3 249
230.4 233.5 235.7 233.1 228.7 232.1 230.8 229.3 225.7 227 231.5 228.9 226.1 223.8 221.1 220.2 219.1 218 218.1 216.5 215.1 214.2 213.8 211.6 209.4 209.2 207.6 204.9 205 209.1 209.6 204.9 195.9 191.9 190.3 190.3 192.7 190.1 190.3 190.3 192.4 192.7 192.6 193.5 195.1 199 199 198.4 205.1 203.9 202.7 199.7 195.8 197 200.1 198 199.4 202.8 205.1 207.9 209.3 214.2 220.2 223.3 225.3 222.3 217.8 217.9 217.7 219.1 225.7 229.6 231.4 234.6 237.2 242 245.1 246.9
231.1 228.7 229.4 227.1 225.3 223.2 226.6 224.7 223.6 230.9 230.3 227.2 223.4 220.9 218.7 219.3 217.1 217.8 215.9 214.7 214.1 213.9 213.1 211.9 209.1 208.2 206.8 205.3 205.6 206.2 206.4 203.4 199.3 194.1 190.3 190.3 190.3 190.3 190.3 190.3 190.8 192.1 193.6 193.5 194.6 195.5 195.8 196.2 200.1 199.3 200.6 200.9 197.1 196.8 197.7 197.1 197.1 204.6 210.9 207.2 208.2 210.7 214.6 218.4 221.1 222.6 222.2 217.7 217.2 214.5 218.8 221.3 225.7 231.5 234.2 236.6 240.5 241.4
231.8 231.9 228.4 222.1 222.7 219.7 222.3 221.7 220.7 228.7 227.7 224.7 221.3 220 218.5 216.3 214.8 214.6 215.1 214 213.6 212.5 211.9 211.3 210.2 209.6 208 206.7 205.5 205.9 204.8 202.8 200.1 193.4 190.3 190.3 190.3 190.3 190.3 190.3 190.3 192.2 192.5 190.7 193.5 198 198 195.6 194.7 196.7 196.2 195.6 197 194.4 195.7 196 198.4 205.2 209.4 207.7 208.1 208.4 209.4 211.3 213.9 216.3 218.5 216.7 215.1 210.6 215 216.7 222.7 226.7 228.8 230.9 234.3 235.7
229.3 229.5 226.2 221.8 220.6 218.8 218.8 218.5 221.3 222 222.1 221.5 220.2 220.2 219.1 216.9 214.9 212.2 212.7 212.8 212.7 212.2 211.9 211.5 210.9 210.4 209.4 208.2 207 205.8 204.6 202.9 199.8 192.1 190.3 190.3 190.3 190.3 190.3 190.3 190.3 190.6 190.3 190.3 192.1 197.1 198.3 195 192 192.7 191.5 191.4 191.7 191.7 194.1 195.9 196.8 199.6 204.1 205.5 207 207.5 209 208.5 208.4 208.4 211.6 207.8 208.4 208.2 210.5 212.3 217.3 219.9 221.9 224.8 226 230.7
226.2 223.5 222.5 220.6 219.7 219.1 216.4 214.3 215.2 215.6 215.5 218.3 223.2 224.2 221.4 217.9 214.9 211.7 211 211.2 212 212.1 211.9 211.7 211.1 210.5 209.3 207.9 206.7 205.6 203.9 202.1 198.8 194.1 190.3 190.3 190.3 190.3 190.3 190.3 190.3 190.3 190.3 190.3 190.3 193.4 190.3 190.5 190.3 190.3 190.3 191.8 195.3 194.7 192.1 193.3 194.6 195.7 198.4 202.4 202.9 209.6 208.4 207.8 208.4 206 205.4 205.1 204.4 205.5 205.5 206.4 211.4 215.6 217.5 218.4 219.2 223.3
231.8 228.3 225.7 227.1 226 223.4 219.8 217.4 214.3 211.8 212.3 216.7 219.8 221.8 220.4 216.5 213 210.9 210 210.7 211.5 212.3 212 211.8 211.1 210.3 209.5 207.4 206.1 205.2 203.8 201.3 196.3 191 190.3 190.3 190.3 190.3 190.3 190.3 190.3 190.3 190.3 190.3 190.3 190.3 190.3 190.3 190.3 190.3 190.3 192.1 198.4 201.4 196.3 191.5 192.6 195.4 196 196.9 197.9 200.6 204.3 204.1 206.5 204.4 203.4 204 203.5 203.8 202.8 203.9 208.2 213.2 212.3 213.7 214.6 216.1
