data/270000-680000.asc
ncols 200
nrows 200
xllcorner 270000
yllcorner 680000
cellsize 50
[rows 70 to 104 of 200, columns 0 to 77 of 200]
297.6 296.7 295.7 298.7 304 302.7 302.4 300.7 301.5 300.2 298.5 295.8 295.1 290.6 288.9 289 285.5 286.7 284 276 273 271.6 271.2 270.7 271.4 269.5 269.5 268.9 268.8 270 278.3 286.4 300.8 308.2 313.1 316.1 319.4 320.6 321.9 323.4 326.3 331.1 337.6 341.3 346.6 350.7 354 355.8 356 356.4 356.5 355.8 353.1 350 346.2 345.2 340 335 331.5 327.1 323.5 323.1 323.7 324.8 325.4 324.3 325.3 321.5 318 313.4 308.9 303.5 297.6 290 281.3 272.4 265.9 259.6
305.2 302.5 306.8 310.6 315.4 316.4 314.9 317.4 311.2 307.9 307.9 304.6 304 300.6 297.7 296 293.6 291.9 290.2 282 275.4 272.2 270.5 269.3 269.6 268.7 266.9 268.2 269.9 272.5 274.8 284 298.6 306.3 310.6 315.1 320.1 320.8 320.8 321.9 323.7 328.1 331.7 334.8 340.8 346.5 349.7 351.3 351.5 351.3 353.4 353.4 353 351.7 348.7 344.6 341.8 337.2 333.2 330.3 327 323.7 323.6 323.3 322.2 320.1 317.8 317 313.9 310.7 307.3 302.9 297.5 291.3 283.6 276.2 268.5 261.5
315.5 313.4 318.3 319.3 321.8 323.7 324.4 323.2 320.4 316.7 314.1 313.9 308.3 309.2 306.2 304.4 297.8 296.6 293.4 288.1 286.6 279.7 278.5 275.4 271.5 269.9 267.1 266.4 268.9 270.5 272.5 278.8 292.8 303.4 308.6 312.6 315 319.5 320.4 320.8 322.8 325.2 328.5 332.5 338 344.9 346.7 348 348 347.5 348.5 349 349.6 350.4 349.2 346.7 345.5 340.1 335.5 334.4 333.9 331 325.9 323.6 320.4 317.5 314.8 311.7 308.7 306.2 303.4 300.1 295.8 291.1 284.5 277.5 270.5 262.5
326.4 319.6 326.4 328.2 328.7 329.2 329 326.3 325.5 325 323.4 320.7 318.4 316.9 312.3 306.8 304.1 300.2 297 294.1 291.7 286.5 282.5 279.4 275.4 271.7 268.2 264.7 268.9 270.3 268.9 275.3 287.2 301.1 305.9 307.1 309.8 315.4 320.3 319.7 321.9 324.7 327.6 332.8 339.7 343 345.3 346.3 346.1 345.4 344.3 346.5 345.7 346.7 347.4 345.8 344.1 341 337.6 335.9 335.9 333.4 329.9 326.1 321.3 316.2 311.3 308.1 304.7 301.9 299 295.8 292 288 284.4 278 271.5 264.7
334.7 330.1 331 333.9 336.3 338.2 338.4 334.8 331.8 329.1 326.6 324.5 322.9 320.9 317.6 313.2 308 305.8 302.2 298.5 294.7 289.9 286 282.5 279.2 275.6 271.8 266.6 263.5 272.8 267.9 270.4 278.9 296.7 299.5 303.1 306.3 310.6 315.7 317.1 320.3 323.4 327.8 333.9 344 341.4 344.5 345.6 346 345.1 344.5 343.6 342.3 342.5 343 343.9 342.9 340.3 338.2 335.6 334.2 332.8 329.8 326.2 322.7 319.7 315.1 309.9 305.3 301.2 296.1 290.5 286.7 284.3 278.7 274.6 270.6 265.9
341.2 337.4 337.8 340.5 343 343.1 342.1 338.5 334.9 331.8 328.6 326.9 324.2 322.4 320.2 316.2 310.3 307 304.7 301.3 297.8 293.4 290.3 287.4 284.3 279.3 276.1 271.4 264.3 266.7 264.3 265.5 273 288.5 294.2 298.5 302 307.6 311.5 312.7 316.7 321.4 327.2 333.6 339 340.8 344.7 346.5 345 343.9 343.2 341.7 339.7 336.9 336.4 336.9 337.4 336 334.3 332.5 331.1 329.8 327.8 324.2 322.3 319.4 315.1 310.6 306.2 301.9 296.9 292.2 287.4 280.5 274.6 271.1 267.8 263.8
347.2 345.9 347.1 348.9 351.3 349.6 346.3 343.7 338.7 336.3 332.2 330.4 328.1 324.4 322.6 318.8 313.3 309.8 306.9 303.6 300.2 296.8 294.2 291.4 287.7 283.3 279.6 276.2 270.3 263.9 260 264.3 267.6 278.7 285.6 291.5 296.6 304.8 307.8 309.7 313.1 317.6 322.8 329.2 333.7 337.2 341.1 344.9 343.6 342.9 341.6 339.8 336.3 333.7 331.7 330.3 330.2 329.7 329.5 328.8 327.9 326.7 325.3 322.7 319.8 317.3 314 309.5 305.5 301.5 296.5 290.9 286.3 278.7 274.1 270.8 266.3 261.2
355.5 352.1 356 357.2 357.9 357.1 355.4 353.4 350 347.3 342.3 339 335.2 332.4 329.4 324.8 319.5 313.7 310.6 306.2 302.6 299.6 297.1 294.5 291.3 287.3 283.5 278.5 273.5 269.1 266 260.3 263.5 269.2 278.4 282.6 287.9 296.1 301.4 309.9 309.2 313.8 318.9 324.4 328.4 331.2 334.4 334.8 335.5 335.8 336.5 335.5 333.7 331.3 329.6 327.6 325.4 325.3 325.1 324.7 323.6 322.5 320.8 319.3 317.6 315.9 312.8 308.5 304.6 300.5 294.2 288.9 284.8 277.2 273 269.4 264 259.8
360.7 356.5 359.8 364.1 371.4 369.4 368 367.8 363.5 360.9 362.6 357 348.3 342.4 336.5 330.7 325.7 321.7 317.7 311.3 305.2 302.1 300 296.4 294.2 290.6 286.5 281.8 277.5 272.6 268.4 259.9 258.7 258.1 267.8 280 280 286.8 293.2 300.7 307.5 309.4 312.4 316.8 322.6 324.7 326.5 327.9 328 328.7 328.4 326.9 326.9 325.6 325 324.5 322.9 320.9 320.6 320.7 318.5 317.5 315.8 314.3 312.6 311.1 309.7 306.8 303.3 299.5 293.8 287.8 283.6 276 272.1 268 263.2 259.2
364.3 360 363.8 372.5 378.2 378.7 378.6 376.4 373.2 367.6 366.8 364 359 352.8 343.1 336.9 331.4 326.8 323 317.4 310.4 305.2 302.5 300.4 296.5 292.7 288.8 285.3 281.4 276.7 272.6 266 260.8 256 253.9 271.8 273.9 280.5 286.6 295.4 301.6 305.4 309.5 312.2 317.2 321 322 324.7 326.6 325.8 323.8 322.2 321 318.9 319 319.6 318.3 316.6 316.8 316.3 315.1 312.9 310.6 309.1 307.8 306.3 304.2 302.2 299.2 296.3 291.8 288 282.6 275.9 272.1 268.6 264.5 259.6
368.8 363.6 365.7 371.4 380 382 380.9 378.5 374 371.7 367.8 363.2 359.7 353.7 346.4 341.9 336.4 330.7 325.6 322.6 316.1 310.8 306.8 301.9 297.7 292.9 288.5 284.7 282.3 278.8 275.3 271.6 266.3 260.6 256 261.2 268.7 276.1 284.6 290.8 294.2 299.2 305.3 308.5 311.4 316.3 319.3 322.1 325.7 325.7 323.8 322.7 319.5 317.1 316.2 316.3 314.7 313.1 310.3 309.6 310.1 308.5 306.1 303.9 303 301.3 299.6 297.2 294.3 291.3 287.2 283.9 279.9 276.7 273.5 270.8 266 261.6
373.3 369 365.9 368 373.7 379.3 379.5 378.7 375.8 370 365.8 360.2 355.9 351.4 346.1 340.4 336.2 331.3 326.2 321.5 316.6 312 307.5 303 298.2 293.4 289 285.3 281.8 277.3 274.2 271.6 268.9 264.2 257.7 253.9 262 273.5 279.9 285 289.5 297.2 300.7 305 306.1 309.5 316.2 320.1 323.2 325.6 325.6 323.2 320.4 316.7 316 315 312.9 310.9 308.8 307.4 306.5 304.3 302.5 301.8 299.5 297.9 296 293.2 290.1 286.5 282.9 280.1 276 273 270.4 267.3 264.3 260.9
379.3 375.8 369.9 364.9 362.9 365.7 367 367.6 365.7 362.6 358.6 356.1 351.7 347.6 343.6 339.4 335.2 331 326 321 315.7 311.7 307.5 301.4 297.3 292.2 286.9 283.7 280.8 276.8 273.3 270.1 264.5 264.4 261.7 254.8 256.8 266.3 275.3 279 282.1 285 294 299.3 301.7 303 312 312.1 317.4 320.2 321.4 320 317.5 313.9 313.3 313.6 311.4 309 307.3 305.7 304.1 302.4 300.3 299.2 296.4 294.3 292.6 290.8 288.2 284.7 279.8 277.4 274 270.3 266.2 264.3 259.6 257.7
389.1 384.7 378.5 372.2 365.1 360 356.4 357.5 355.8 352.2 350.1 347.3 344.3 339.9 335.6 332.6 329.2 324.9 322.1 318.6 313.8 310.2 305.8 300.9 296 291 285.2 282 279.1 276.2 269.7 268.8 266 265.4 265.7 260.2 253.3 256 265.3 271.3 275.8 277 283.4 291.4 296.2 298.9 303.3 306.1 309.5 314 317.1 315.2 313.8 310.6 309.6 310.2 308.7 307.2 305.5 305.4 303.6 301.8 299.8 297.8 295 294.8 292.1 289.7 287.8 286.1 282.1 279.8 275.3 272.2 269.9 265.9 263.3 259.6
395.4 392.6 387.3 380.4 370.4 361.7 354.7 352.6 347.5 343.4 340.1 336.1 334 330 326.8 323.1 319.6 316.3 313.8 312.2 308.1 305.4 301.1 297.3 293.8 288.7 283.5 280.6 277.5 274.7 275.5 273.2 268.7 266.6 266.8 267.6 256.5 250.6 257.3 262.6 268.5 270.5 274.7 283.2 290.2 294.5 297.9 300.6 302.8 305.5 308.7 310 308.5 306.1 307 306.8 306.3 304.5 302.4 302.6 302.9 301.1 300.8 297.7 295.4 294.5 292 290 287.8 285.3 282.9 279.4 275.9 273.3 270.9 268.3 265 262.1
398.1 399.3 394.4 387.1 379.6 368.6 357 352.5 345.7 339.3 331.6 325.2 323.1 320.2 318.2 315.5 312.8 309.5 306.7 304.2 303.3 300.2 297.1 291.9 288.7 285.3 281.7 279.3 277.6 276.1 276.4 274.3 271.8 268.6 269.1 265.3 257.5 253.3 249.7 254.7 259.3 263.5 266.2 274.3 281.3 286.1 290.1 294.5 297.3 301.1 305 304.2 302.4 300.1 299.5 300.1 302.4 302 299.7 299 299.4 299.7 297.9 295 293 291 289.8 289.8 286.5 283.8 281.8 279.3 275.8 273.2 270.8 268.2 265.9 262.2
398.1 398.4 393.4 389.7 383.3 375.4 361.9 356.4 348.2 341 334.4 327.9 321.6 314.3 314.1 310.8 307.9 305.3 302.9 300.9 300.4 299.1 295.3 293.2 295.6 290.7 286.7 284.8 281.7 279.2 277.6 275.9 273.3 270.4 267.2 266 261.9 258.3 253.5 249.2 252.4 254.9 259.3 264.5 270.3 274.4 280.3 284.2 288.8 294.3 297.9 297.9 297.9 297.6 296.5 295.9 296.2 297.3 298 297.6 295.7 296.6 296 294.1 291.6 289.1 286.4 284.5 282.4 280.2 278 275.5 272.9 271.4 269.2 267 265.9 263.2
392.8 392.6 389.7 385.5 379.6 374 365.4 356.9 346.6 340.1 334.9 328.4 322 315.2 310.4 307.8 305.4 303.6 300.3 299.3 299.8 298.1 294.9 295.9 299.7 296.4 292.7 290.7 286.7 283.1 280.1 277.6 274.3 273 272.5 267.3 264.6 261.8 258.5 255 248.4 245.9 251 255.5 261.3 267.4 271.9 275.3 279.7 284.1 290.1 291.7 290.9 293.1 295.1 293.8 294.4 294.4 296.1 295.7 295.6 295.2 293.9 290.9 288.7 286.2 283.6 280.3 277.6 275.7 273.7 271.9 270 269.2 267 265.9 264 261.3
390.4 388 386.1 381.4 376.4 369.5 361.5 353.9 344.1 337.8 332.5 326.5 320.2 313.8 309.3 306.3 305.1 305.3 299.8 299.9 299.1 300.1 299.5 300.6 300 300.3 296.5 294.2 291.2 286.9 283.4 280.9 277.4 274.9 275.5 270.1 266.3 262 259 259.4 256.5 248.1 244.4 248.3 255.1 260.6 264.5 267.4 269.5 273.2 282.8 285.8 285.7 289.5 292.5 290.9 291.2 293.5 295.7 294.1 293.8 293.4 289.8 288.2 285.6 283.3 280.7 277.5 274.8 272.8 270.9 269.6 267.1 265.5 264.4 261.5 260.9 259.8
388.2 385.5 382.7 377.7 371.8 364.9 357.5 348.7 341.6 335.5 330.1 324.3 318.1 311.8 307.6 306.6 305.4 303.4 299 300 303.6 304.2 302.9 302.5 301.6 300.7 298.9 296.3 294.6 291.2 287.6 284.2 281.1 279 275.6 272.5 269.9 265.6 261.7 258.5 256.4 253 250.4 246.3 246 252.4 257.9 259.9 260.3 260 267.3 275.2 280.9 282.2 285 285.9 285.4 288 288.5 290.5 291.1 290.9 291.1 286.6 284.5 280.4 277.7 274.7 272 270 268.6 267.4 265.4 263.8 260.7 259.3 257.1 254.6
385.8 381.8 378.5 373.1 365.7 358.7 350.3 343.9 339.4 333.7 327.8 322.2 315.9 310.2 306.7 305.2 303.7 300.7 298.8 304.5 310.8 309.1 307.4 305.7 303.9 301.9 299.2 298.1 296.5 295.3 291.8 288.3 285 281.7 278.5 275.3 272.9 268.9 264.5 261.5 256.9 255.5 254.7 250.8 246.2 244.8 250.9 257.3 257.2 255.2 257.4 260.3 267.3 269 274.7 278.3 280.2 280.5 282.2 282.6 284.1 284.5 282.8 282 280.6 277.2 274.3 271.9 270.4 267.2 265.7 264.8 265.8 262.8 260.5 252.7 247.3 246.6
382 378.1 373.3 366 359.2 352.3 346.5 341 336.8 331.3 325.6 319.9 313.7 309.1 305.9 304.2 302.6 300 298.4 300.8 309.7 309.4 308.8 307.8 305.9 303 300.2 297.6 296.1 294.6 292.1 289.7 286.5 284 282 278.7 275.7 271.6 268.6 263.6 260.2 258.9 256.7 254.4 252.7 241.2 242.8 248.4 255.1 254.1 254.9 255.9 259.2 258.7 258.5 263.5 268.2 271.2 274.8 276.6 277 274.7 273 275.7 273.4 272.1 269.3 269.8 269.9 265.3 262.1 261.5 262 256.1 248.8 246.6 246.6 246.6
378.3 372.5 366.3 359.5 353.6 346.5 343 338.1 332.3 327.5 321.6 316.4 311.7 307.5 305.1 303.3 301.4 299.8 306.5 311.2 313 313.3 315.2 314 312.1 308 305.7 300.8 298.8 295.7 291.9 289.2 285.9 283.7 280.6 277.7 274 270.7 268.2 265.5 262.6 261.7 259.4 257.2 254.6 249.3 241.2 239.2 248.1 252.1 251.2 253 255 255.1 254.3 254.6 258.5 259.6 263.9 269.1 269.5 270.5 268.4 268.8 268.5 269.1 265.5 266.4 265 262.1 257.2 254.9 251.2 246.6 246.6 246.6 251.7 255.7
371.5 366.2 360.5 356.1 350.9 345.5 339.1 329.6 326.9 323.3 317.8 313.1 308.6 305 303.4 301.9 301.8 303 308.7 314.4 316.5 318.9 321.8 321.7 321.1 318.8 314.5 311.8 308.6 302.7 299 295.1 290.3 285 282.3 278.3 277.7 277 273.1 269 266.3 264.8 261.5 258.8 257 255.4 247.1 241.8 239.3 241.4 247.5 248.9 250.4 253.6 251.6 251.5 250.9 253.2 256.8 259.4 262.9 264.5 262.2 260.8 260.9 261.6 260.3 260.8 259.6 253.7 246.6 246.6 246.6 246.6 246.6 255.1 256.8 256.5
364.9 359.8 356.5 351.6 345.9 341.4 335.7 328.2 320.9 317.1 313.8 309 304.9 303 301.4 301.3 301.4 305.3 312.8 316.8 318.7 322.5 327.1 328.3 328 326.1 323.1 318.9 316.3 311.3 307.6 303 297.5 294.4 289.4 286.3 283.4 280.8 277.2 273.8 271.4 268.2 265.8 262.7 259.1 256.1 251.1 245.1 240.9 239.3 239.3 243.1 245.8 249 250.9 250.7 248.6 250.1 251.3 251.9 254.1 258.2 259 255.6 255.5 257 254.3 252.8 248.6 246.6 246.6 248.6 253.3 255.2 256.5 258.9 261.1 261.2
360.5 355 351.4 345.2 339.4 334.8 330.4 325.2 319.4 312.7 308.8 304.5 301.1 300.3 300.1 300.4 300.8 305.4 314.9 319.7 322.9 326.3 331 335.2 333.4 332.5 329.6 325.8 323.5 319.8 316.6 310.7 306.9 304.1 298.8 293.9 289.1 286.5 282.9 276.9 274 271.5 269.2 265.7 265.1 259.6 257.3 251.1 246.5 240.4 239.5 236.6 241.8 243.4 245.8 247.3 243.4 244.9 245.8 247.1 250.4 250.2 250.9 250.5 248.1 246.6 246.6 246.6 246.6 246.6 255.7 258.5 259.1 260.4 263.7 268.8 270.9 270.4
363.1 356.6 352.4 346 341 333.5 325.3 318 313.6 307.1 302.7 299.2 297.3 296.8 297.9 298.6 299.4 304.1 316 322.1 325.4 329.1 334.8 337.4 337.4 336.9 336.7 333.7 329.1 325.2 321.1 317.3 314.2 312.9 308.6 306.3 299.9 295.4 288.7 284.3 280.7 276.5 273.5 267.9 264.3 260.1 256.9 254 250 240.1 238.4 234.6 238.5 240.3 241.6 242.1 240.5 240 240.5 244.8 247.7 251.6 254.5 246.6 246.6 246.6 250.9 253.3 258.4 262.7 266 267.2 265.9 266.8 272 276.8 276.7 276.7
365.2 358.4 352.6 346.6 343 333.6 325.2 318.7 312.6 305.5 299.9 296.4 294.1 293.4 295.3 296.5 298.6 302.2 314.2 322 326.5 329.5 334.5 341.8 342.9 341.4 340 336.6 333.2 331.8 326.4 322 319.6 317.3 315.5 311.3 306.2 302.5 297.4 292.7 288.3 283.1 279.2 274.4 269.2 263.8 257.5 253.6 250.1 240.1 235.2 233.7 233.6 236.1 239.2 239.9 237.9 235.6 237.2 241.8 248.6 254.1 256.1 249.1 246.6 253.3 262.1 267 271.1 274.2 275.5 275.6 275.9 275.8 277.9 281 283.5 283.5
363.3 356.4 350.7 344.7 335.7 327.7 320.1 314.8 308.6 302.2 296.6 293.4 289.7 290.3 292.3 294.8 297.6 303.3 316 325.2 330.7 332.3 334.7 340.7 345.1 344.5 344.4 344.6 341.5 339 334 329.6 327 327.5 324.2 319.4 312.9 306.6 303.5 297.1 292.6 286.8 282.9 279.5 275.1 268.8 263.8 258.7 254.2 251.6 243 235.4 230.7 231.3 234.8 235.9 234.3 234.4 233.1 239.8 247.2 251.4 254.1 255.7 255.8 266.1 274.8 278 277.3 278.1 280.3 282.8 285.3 285 287.3 290.3 294.3 292.6
359 352.9 344.9 336.6 327.9 321.2 314.1 309 301.9 295.1 291.9 290 286.5 289.1 289.2 292.9 297.7 304 317.4 326.7 332.7 339.8 345 346.3 348.4 347.6 346.3 346.8 345.5 345.3 341.8 341.4 337.7 335.9 334.6 330.5 322.4 315.5 309.6 304.2 298.5 292.5 288 282.9 277.9 273.9 269 263.6 258.6 256.3 252 238.6 230.4 229.7 230.7 235.3 235.9 235.5 231.8 236.2 241 248.3 253.5 259.9 266.8 275.5 280.7 283 283.2 287.8 286.7 288.7 292 292.2 295.7 300.7 300.4 299.9
346.4 342 336.7 327.2 319.5 312.3 306.8 301.4 296 290.8 286.6 284.9 284.8 285.1 288.3 293.5 301.8 309.9 317.7 327 334 343.3 346.7 349.1 351.5 350.5 349.4 348.6 349.6 350.5 348.6 345.2 340.9 338.1 335.4 333.2 328.9 321.2 314.5 309.2 303.5 298.3 292 287.6 283.1 278.5 273.8 268.6 263.6 259.8 256.1 251.6 246.6 237.2 229.6 228.8 232.5 235.1 231.2 234.8 241.9 251.5 259.2 269.3 276.2 280.9 285.4 289.5 290.9 295.2 294.4 296.6 298.3 298.5 302.2 304.5 306.9 307
330.7 329.9 321.1 315.5 308.8 302.6 298.7 294.3 290.2 287.2 283.6 281.8 281.4 284.4 288.8 295.2 304.5 312.8 320.6 326.7 334.1 342.4 348.2 351.7 354.1 351.9 352.1 352.8 350.8 350.1 350.8 347.9 342.4 339 336.1 332.2 329.1 324.6 317.8 312.8 307.1 301 295.5 290.4 285.6 281.4 277.1 273 268.9 264.7 260.1 256.6 253.4 246.1 234 228.9 228 229.9 234.6 241.3 251 255 265.9 275 281.2 284.2 291 296.7 298.7 301.5 303.5 305.1 306.3 306.6 307.9 309.5 312.8 315.3
307.9 307.8 305.9 301.5 297 294 290.3 285.7 282.6 281 280.4 279.1 281.1 285.3 290.2 297.2 305.2 313.6 323 328.9 333.7 340.9 348.4 355.3 355.9 352.5 349.4 348.7 350.5 349.5 349.6 346.8 342.6 339.3 335.5 330.8 327.2 322.6 317 311.6 306.4 302.9 298.7 293.1 288.1 283.7 278.8 275.3 271.5 267.3 263 258.9 256 252 241.6 228.9 227 231.1 235.9 250.6 255.8 258.4 270.6 278 283.2 288.1 296.7 303.7 307.5 309.5 311.4 312.6 313.2 313.6 313.7 313.4 314.6 315.9
297.7 296.6 291.6 290.6 288.3 284.5 280.8 277.4 275.5 275.7 275.9 278.8 282.9 288.6 294.2 301 308.1 315.7 324.8 329.1 334.7 339.8 349.4 355.6 354.9 350.6 348.4 346.7 346.5 345.5 345.3 342.3 339.5 336.4 332.4 329.1 324 319.6 315.7 311.5 306.3 302.1 297.8 293.6 288.9 285 280.1 276.1 272.2 268.3 264.7 261 256.4 253.7 248.2 235.4 225 232.9 245.1 255.6 259.6 262.7 271.4 283.3 289.3 293.8 304.3 310.9 314.8 316.9 319.6 319 318.1 316.9 315.9 316.8 318.9 317.8
292.3 288.4 283.4 280 277.8 276.1 273.6 272.2 271.3 271.4 273.1 278.6 284.7 290.1 297 304.6 311.5 318.7 325 334.1 338.1 341.3 343.7 348.8 352.2 351.9 349.2 345.5 342.3 340.5 340.2 337.9 335 332 328 323.9 319 315.1 311.4 307.5 303.5 299.8 295.9 291.7 287.5 283 278.6 274.8 270.7 266.6 263 259.3 254.6 251.7 246.2 231.2 225.7 236.4 249.4 256.6 263.1 269.7 277.9 289.1 296.6 300.8 312.1 314.3 319.5 320.9 325 326.3 325 325.7 324.9 324 326.5 324
