data/270000-940000.asc
ncols 200
nrows 200
xllcorner 270000
yllcorner 940000
cellsize 50
[rows 70 to 104 of 200, columns 0 to 77 of 200]
109.5 107.1 104.3 101.5 98.7 95.6 92.3 88.7 84.8 83.1 76.1 67.4 62.7 56.1 52.4 46.6 43.1 42.1 42.5 36.5 37.2 36.9 34.4 36.1 38.4 41.1 38.6 39.9 45.5 47.4 52.1 58.3 64.1 70.8 76.6 83.7 93.2 105.7 115.8 123.3 130.3 135.4 140.4 144.9 148.6 151.9 154.9 156.6 158.1 159.5 160.2 160.7 161.1 160.9 161 162.2 164.8 169.4 174.5 180 186 191.2 200.9 207.9 209.5 212 214 216.2 215.4 202.6 191.1 179 171.3 166.8 168.1 173 176.8 184.6
108.1 104.4 101.6 98.6 95.9 93.5 89.2 86.4 83 80 68.9 58.5 54.2 50.2 46.6 44.9 41.3 41 41.5 36.4 37 35.2 36.2 43.1 42.5 44.5 47.6 42.1 47.1 54.1 57.3 59.9 64.1 75 81.3 87.1 98.1 109.5 117.9 125.5 131.9 137.1 142.3 146.7 150.1 153.4 155.8 157.3 158.8 160.1 160.7 161.3 162 162.3 162.8 164.4 169.2 173.9 179 185.1 190.8 196.1 204.4 209.5 211.2 213.8 216.1 214.5 211.2 201 189 174.6 170.2 170.2 171.5 173.3 177.1 184.6
105.5 101.5 99.2 96.3 93.5 90.1 85.8 83.8 81.2 72.2 60.2 52 50.4 48.4 45.9 41.7 38.2 38.1 37.7 36.9 36.4 35.6 38.5 38 39.3 49.4 49.3 47.5 50.2 57.1 60.9 63.9 69.1 76.2 81.5 88.6 96.5 109.5 119.3 127.2 132.8 138 143.5 148.1 151.6 154.8 156.9 158.1 159 159.9 161.1 162 162.9 163.7 164 166.1 170.7 178 183.8 190.3 195.3 200.1 206.7 211 212.3 213.5 214 212 207.7 197 185.3 176.7 172.7 169 171 173.4 176.4 184
103.4 99.7 96.6 95.1 90.4 86.5 84.5 81.5 77.2 64 54.6 49.2 50.2 45.2 41 38.5 37.9 37.5 35.1 36.8 35.6 42.5 38.8 42.3 46.2 40.1 46.6 48.6 57.4 59.2 63.5 67.8 74.2 81.1 86.4 92.6 102.8 114.1 120.5 128.3 133.3 138.9 144.7 149.3 152.9 155.6 157.5 157.5 158.6 160.2 161.9 163.1 163.9 164.7 165.3 167.6 174 181.9 188 193.9 198.7 203.3 207.6 212.1 213.2 213.6 211.6 209 204.2 196.4 188.8 179.7 172.7 169.5 171.6 173.8 176.1 181.3
101.4 96.5 93.6 90.8 86.2 83.3 81.7 76.6 69.6 60.6 52.6 48.4 48 39.6 38.5 38.3 37.9 37.5 37.1 37.8 36.6 49.4 48.3 43.6 44.6 45.8 46.7 46.9 57.6 60.6 64.9 70.6 77.7 83.8 89.7 96.4 107.2 117.5 125.4 129.3 132.9 137.8 143.6 148.6 152.3 154.9 156.5 156.8 158.1 160.7 162.6 163.9 165 165.9 166.5 171.5 177.7 185.8 191.6 196.8 201.4 205.2 209.2 213.1 213.9 212.5 210.3 208.1 204.7 199.7 192.4 182.5 174.4 170.9 173.1 174 176.3 180.5
96.9 92.7 90.2 88 83.1 79.8 77.9 72.9 67.5 59.1 51.9 47.1 41.1 38.7 38.5 38.5 38.2 37.7 36.8 36.6 40.9 54.6 52.9 52.1 56 57.4 57.7 52 57.9 63.9 67.4 73.1 80 86.5 92.3 100.2 109.7 119.7 126.9 132.5 136.2 141 146.2 149.3 151.1 153.4 155.2 156.2 158.5 160.6 163.2 164.7 165.8 167 169 173.9 181 189.5 194.8 199.9 203.7 206.9 211 213.8 214.3 212.9 210.3 207.6 204.9 200.2 192.2 183.1 176.2 171.8 173.7 174.8 177.3 181
94.3 89.7 87.6 85.3 81.7 81.3 72.9 68.6 64.6 56.8 50.5 46.5 39.5 38.9 38.5 38.4 38.2 35.9 36.3 39.9 51.4 54.5 56.9 58.9 61.7 61.7 61.2 58.9 57.1 67.1 71.8 75 82.2 89.9 95.2 103 112.2 121.4 128.6 134.1 139.4 144.2 148.2 150.8 152.7 154.3 156 157.6 159.5 161.7 164 165.7 167.1 168.4 171 176.7 185.2 192.7 197.3 202.3 205.8 208.5 211.5 213.7 214.3 212.6 209.4 206.7 203.4 198.4 191.7 182.7 177.3 173.4 173.6 175.1 178 180.8
92.7 87.6 85.4 82.3 77.4 70.2 64.9 62.7 61.3 55.2 49.1 41.8 39.3 38.8 38.4 38.1 37.9 36.7 44 51 55.2 59.8 61 64 65.5 64 62.6 59.6 61.2 71.6 76.9 82.2 86.4 90.6 98.2 105.7 113.3 123.5 130.6 136.1 141.1 145.5 149.5 152.4 154.4 156.2 157.8 159.3 160.7 162.7 165.1 166.7 168 169.4 173.2 179.4 187.6 194.7 199.7 204.5 207.6 209.7 211.8 213.8 214.2 212.6 208.9 205.7 201.6 196.3 189.6 182.2 177.4 174.4 173.5 175.9 178.3 180.6
91.3 86.6 81.7 77.2 69.8 64.3 61.9 56.3 53.2 50 44 39.7 39.4 39.1 38.8 38 36.3 45.5 49.9 56.6 61.6 62.9 65.9 67.7 68.6 66.1 62.8 56.5 72.4 75.4 80.9 84.2 88.9 95.8 103.9 111.3 115.4 125.7 132 137.5 142.3 146.7 150.5 153.1 155.7 158 159.5 160.8 162.2 163.8 166.3 167.7 168.9 171.4 175.9 182.2 191.5 196.9 201.9 206.4 208.3 210.4 212.5 213.3 213.4 211.6 208 204 199.9 194.2 187.4 181.3 176.8 175 174.3 175.8 177.5 179.5
89.5 83.2 77.1 70.7 65.5 61.1 56.5 48 41 40.2 39.7 39.4 39 38.8 38.7 35.4 42.7 48.8 53.9 62.3 65.3 66.8 69.8 71 71.1 64.9 57.6 78 81.1 80.2 81.7 87 92.5 99.4 106.5 113.4 118.6 127.8 133.8 138.7 143.5 147.4 151.2 154.3 156.9 159.3 160.8 161.7 162.7 165.1 167.7 169.3 170.9 174.7 179.3 186 194 199.1 204.2 208.3 209.9 211.2 211.9 212.4 212.7 210.2 206.5 202.3 197.8 193.1 187.2 180.5 176.8 175.9 175 174.3 176.1 178.3
88.9 81.7 73.4 66.1 59.2 54.6 48.3 39.6 39.7 39.6 39.4 39.1 38.8 38.4 35.6 41.2 47.6 54.8 57.6 64.6 68.5 71.4 73 73.9 72.9 68.5 66.1 79.9 82.4 81.4 85.4 92.2 94.8 101.3 109.6 116 122.6 130.1 135.2 140.3 144.4 148 151.9 155.5 158 160.3 162.2 163 164.3 166.8 169.2 170.6 172.2 177.1 182.4 188.8 196.9 201.6 206.4 210.1 211.3 211.4 211.1 211.5 211.7 208.8 204.8 200.1 195.6 191.5 188.2 182.8 178.2 176.6 175.7 175.2 175.8 176.8
83.9 78.7 68.6 58.5 51.7 45 40.9 41 39.7 39.2 39 38.8 38.5 36.3 40.4 47.2 52.2 58 63 70.2 74.3 75.7 77 76.8 76.3 72.3 67.2 71.4 80.4 81.5 83.7 91.2 99 106.6 113.5 119.2 124.8 131.4 137.1 141.5 145.5 149.1 152.7 156.4 159 161.3 163.5 164.4 166.1 168.5 170.7 172.1 173.5 179.2 185.1 193.1 200.1 204 208.1 211.6 211.7 211.8 211.3 210.7 210.4 207.2 202.7 198.2 194.2 190.4 187.2 182.9 179.2 177.3 176.3 176.5 176.8 176.9
78.4 72.8 63.7 53.9 45.7 41.6 40.8 40.5 39.8 39.3 38.9 38.6 36.6 38.9 45.8 51.9 55.9 63.6 70.3 76.5 79.1 79.9 82 82.3 80.4 76.4 72.7 70.2 73.9 77.9 83.5 91.4 101.8 109.6 115.1 120.1 126.9 133 138.5 142.7 146.6 150.2 153.8 157.4 159.8 162 164.3 165.4 167.3 170.1 171.9 173.2 174.9 181.3 188.1 199.3 203.9 206.9 209.4 212.3 212.3 211.8 211.2 210.6 208.7 205.2 200.9 197 193 189.4 186.3 182.6 177.8 177.1 176.3 175.8 175.5 176.6
72.5 64.2 56.6 50.3 46.1 41.1 40.3 40 40 39.5 39.3 36.8 42.3 44.7 52.9 57.4 63.4 71.4 77 83.2 84 84.6 85.8 85.9 83.4 80.6 77.5 73.7 76.7 80.7 88.9 99.4 109 112.1 115.4 121.6 128.5 133.9 138.9 143.8 147.7 151.2 154.8 158.2 160.7 162.7 165 166.5 168.7 171.8 173.1 174.6 176.2 182.6 192.2 202.7 206 208.9 213.1 213.6 211.9 210.9 210.3 209.7 207.3 203.3 199.6 195.7 191.8 188.4 185.3 182.8 179.1 176.6 175.9 174.4 174.3 175
65.1 55.8 51.4 47.8 46.1 43.3 40 39.7 39.9 39.3 36.5 41.5 45.1 51.1 56.5 64 70 75.2 83.4 86.9 86.6 88.4 88.9 88 86.9 84 82.2 78.7 78.1 84 97.8 102.9 107.1 110.2 115.1 121.7 128.6 133.6 138.8 144.1 148.5 152.2 155.7 159.1 161.6 163.6 165.7 167.5 170.4 173.5 175.2 176.3 177.7 184.1 194.1 201.4 205.5 208.9 212.7 213.3 212.2 210.6 209.5 208.3 205.3 201.3 197.8 194.3 190.5 187.5 184.5 183.4 180.9 178.4 176.1 173.6 173.1 173.9
58.7 52.1 47.8 46.3 45.3 45.5 39.9 39.6 39.9 36.9 40.7 44.7 51.6 55 63 69.8 74.9 78 82.9 89.3 90.3 93.8 92.8 91.7 88.6 87.7 85.8 82.3 80.6 88.4 96.1 103.5 105.1 107.9 114.5 121.1 128.9 133.8 139.1 144.5 148.9 153 156.6 159.9 162.6 164.5 166.5 168.4 171.5 174.7 176.6 177.7 179.6 185.6 193.7 200.5 205.6 209.3 211.8 211.7 210.9 209.8 208.7 206.1 202.9 199.7 196.5 193 189.6 186.6 185 183.9 181.6 179 176.8 174.2 172.6 172.5
56.4 48.9 44.6 43.2 41.2 40.2 40.1 39.5 37.4 40.1 44.5 50.9 53.5 59.8 68.1 75.4 80 81.4 86.6 93.3 92.5 97.8 94.7 92.2 90.8 89.4 87.4 87.3 84.2 90 92.1 102.3 105 108.6 114.4 121.1 128.3 135.3 140.2 145.2 149.4 153.4 157.2 160.5 163.5 165.4 167.3 169.7 173.1 176.2 177.7 178.9 181.3 185.5 193.1 200.4 204.9 208.3 210.2 210 209.5 208.4 207.1 204.8 201.5 198.1 195.1 192.1 188.7 186.7 185.5 184.4 182.3 179.7 176.2 174 171.9 170.3
53.5 45.8 43 41.2 40.7 40.9 40.2 37.7 40.1 44 47.2 52.8 58.6 64.3 71.9 80.7 84.7 86.2 91.9 97.8 101.1 100.2 97.6 95.8 94 92.8 92.2 92.6 89.8 87.3 93.2 104.1 109.2 110.9 114.6 121.2 128.6 135.5 141.7 145.9 149.8 153.5 157.2 160.9 163.9 166.3 168.2 170.5 174.5 177.2 178.7 180.2 182.2 186.2 192.3 199.6 203.5 206.9 208.4 208.2 208.1 207 205.6 203.5 200 196.6 193.6 190.5 188 187.1 186.1 184.9 183 179.7 175.4 173.9 172 169.3
50 44.1 42 41.5 41 40.7 39.6 38.3 44.3 45.1 50.8 52.2 59.9 68.6 75.4 83.4 88.2 92.4 95.3 98 101.3 102.3 100.9 99.5 98.1 97.8 97.3 96.8 94.8 94.1 94 100.5 105.6 108.2 113.5 120.6 129.3 136.1 141.6 146.2 150.3 154.1 157.9 161.7 164.6 167.2 168.9 171.4 175.8 178.4 179.9 181.4 183.2 186 192.3 197.8 201.9 205.4 206.7 206.6 206.7 206 204.5 202.4 198.7 195.1 192 189.7 187.6 186.7 186.4 185.3 183.2 178.6 175 173.7 172.2 168.3
47.1 44.3 42.6 41.6 41.2 40.6 39.8 39.3 44.7 50.7 52.5 56.5 62.9 69.1 78 84.9 89.5 96 98.1 99.2 102.1 106.5 104.6 102.5 101.7 102.5 102.4 100.9 99 98.1 100.7 99.6 102.6 106.8 112.4 122 130 136.1 141.4 147.3 150.8 154.7 158.7 162.6 164.9 167.1 169.2 173.1 177.3 179.4 181.1 182.5 183.8 186 190.8 196 200.6 203.8 205.1 205.3 205.4 205.1 203.5 201.3 197.4 193.5 191.4 189.3 187.2 186 185.7 185.4 181.9 177.6 174.7 174.4 171.8 167.8
45.2 43.6 44.6 41.3 39.6 38.9 39.1 46.4 50.9 54.3 57.2 61.2 68.6 76 82.8 87.8 92.7 97.7 101.1 101.7 103.5 107.4 105.6 104.4 104.3 104.8 105.2 103.6 102.2 100.7 98.9 100.5 102.2 106.3 113 122.3 129.1 135.8 141.9 147.4 151.6 155.5 159.4 162.9 165.7 167.8 170 174.2 178.5 180.6 182.1 183.4 184.2 186.1 189.7 194.8 199.3 201.7 203.4 203.7 204.1 204.2 203.1 201 196.1 192.5 190.7 189 186.9 185.3 185 183.3 180 176.5 172.5 173.5 169.9 167.1
44 45.3 45.2 39.6 39.6 40.7 44.2 50.7 54.9 59.2 63.5 69.7 75.5 81.9 87.5 91.5 94.3 100.1 105.5 105.7 105.5 107.9 106.8 106.1 106.2 106.7 107 106 104.8 103.4 101.4 99.4 100.8 105.6 111.7 120.6 128 135.1 141.3 147 152.3 156.3 159.8 163.2 166.4 168.6 170.9 175.3 179.4 181.7 183.1 183.9 184.6 186.1 189.2 193.6 197.6 199.9 201.6 201.9 202.4 203.1 204 200.8 195.1 191.6 189.4 187.8 186.2 184.7 183.5 181.2 178.6 175.3 170.5 170.2 168.6 169.3
46 45.1 39.5 39.2 41.1 43.9 49.3 52.9 55.4 64.9 70.4 75.6 80.7 86.6 92.2 97 99.2 102.5 106.7 106.5 106.9 108.6 108.5 108.3 108.6 109 109.8 111 110.3 106.5 103.8 101.9 101.6 103.9 110.2 119 127.2 134.3 140.7 146.6 152 156.7 160.1 163.5 166.9 169.4 172.1 176.2 181.1 182.6 183.6 184.3 185.1 186.2 188.7 192.3 195.6 198.2 199.9 200.8 201.5 202.2 203.3 199.2 193.7 191.1 188.9 187.2 185.1 183.4 181.7 179.7 177.4 174.5 170.2 167.4 166.9 169.6
45.4 42.7 40.5 41.3 41.4 48.2 51.4 54.1 64.5 66.9 75.3 81.3 85.7 90.4 95.4 97.8 100.7 105.9 109.4 107.9 108.7 109.7 110.5 110.7 111.1 112.8 114.3 113.9 114.5 109.9 107.4 107.2 102.5 103.6 109.9 118.4 126.9 133.8 140.2 146.2 152 157.1 160.6 164 167.7 170.1 172.8 177.9 182 183.3 184 184.7 185.5 186 188 190.7 193.7 196.4 198.2 199.1 200 200.9 200 196.6 193.1 190.7 188.4 186.2 183.6 181.8 179.9 178 176.1 173.7 170.5 165.1 167.4 168.8
46.8 40 41.3 41.1 50.7 49.4 50.5 58.2 69 73.4 76.9 86.5 90.4 93.5 96.4 100.3 104 107.6 109.4 110.7 110.9 111.8 112.7 113.2 114.5 117 118.9 116.6 117.7 114.2 109.8 107.2 103.6 103.5 110.8 117.4 126.1 133.2 139.5 145.7 151.8 157.2 161.3 164.9 168.7 170.9 173.5 178.7 182.8 183.5 184.3 185 185.3 185.6 187.4 189.8 192.7 194.9 196.5 197.5 198.2 199 198.4 194.8 192.2 190.6 188 184.7 182.1 180.3 178.7 176.9 174.8 170.9 166 165.2 166.8 168.5
43.1 40.4 41.3 44.2 49.5 54 57.4 62.9 73.6 80.6 83.8 87.9 93.6 97 99.4 102 106.3 109.5 110.9 111.7 113.1 114 114.8 115.4 117.8 120.6 119.9 118.3 119.5 115.8 114.7 111.5 104.9 104.5 108.7 116.3 123.8 131.2 138.9 145.5 152.7 157.1 161.5 165.9 169.6 171.6 174.1 179 182.4 183.5 184.4 184.7 185 185.3 186.7 189.1 191.7 193.1 194.3 195.5 196.6 197.5 196.2 193.6 191 189.4 186.7 182.7 180.4 178.5 177 175.5 173.7 168 165.7 170.4 170.8 171.1
40.4 40.4 41.6 50.2 53.9 57 64.9 68.8 80.5 86.6 90.6 91.5 98.1 101.2 102.2 109.8 111.2 112.4 112 112.7 114 115.5 116.9 117.5 119.2 120.8 119.9 119.7 118.4 114.7 114.4 112.2 105.6 102.9 106.9 112.5 121.6 129.2 137.8 144.4 152.7 157.7 162.1 166.2 170.9 173.1 175.1 179.1 182.1 183.3 183.8 184.2 184.5 184.8 185.9 188.2 189.8 190.9 192.1 193.3 194.5 195.5 194.4 191.9 189.6 188.1 184.7 181.1 178.7 176.9 175.7 175.3 175 169.2 162.9 165.6 171.8 171.3
41.6 40.4 43.9 54.6 57.2 61.2 68.6 77.7 84.1 90 94.6 94.7 99 103 108.5 113.9 114.8 113.9 113.6 113.8 114.9 117.3 119 119.5 121.2 122.7 121.8 120.3 116.9 115.3 113.8 111.6 107.3 104 105.9 111.6 119.5 125.9 135 140.9 152.2 158.1 162.6 165.8 169.4 172.9 175.4 179.3 181.6 183 183.3 183.5 183.8 183.8 184.8 187.2 188.8 189.5 190.3 191 192.2 193.4 192.2 189.6 187.3 185.7 182.5 178.9 176.5 175.1 175 175.3 173.8 161.6 163.5 166.8 165.8 168.1
41.9 40.4 54.3 56.1 61.9 66.8 76.9 83.6 87.9 92.6 96.2 97.5 99.6 105.7 109.7 113.8 114.6 114.5 114.3 114.9 116.1 118.2 119.7 121.2 122.9 124.4 124 121 118.3 116.4 115.2 113.6 109.5 106.7 108.5 109.1 114.2 124.8 132.8 142.2 152 157.9 162.6 165.4 168.4 171.9 176.5 178.8 181 182.2 182.5 182.7 182.8 182.8 183.7 186.1 187.5 188.5 189.2 190 190.7 191.4 189.8 187.2 184.9 183.2 180.1 176.7 174.4 174.2 174.4 172.9 168.3 162 163.9 167.5 164.8 168.9
40.9 49.4 57.1 59.7 67 74.7 81.7 87.6 92.8 97.2 99.5 103.1 105.4 106.9 111 114.5 115.2 115 115.2 115.9 117.4 118.9 120.1 121.7 123.7 124.4 122.7 121.9 121.4 118.4 118.1 117.5 109.7 110.2 114.7 114.1 111.4 122.6 131.7 141.2 150.8 157.7 162.4 164.9 167.6 172.3 179.4 180.3 181.2 181.5 181.7 181.8 181.9 181.9 182.6 184.8 186.2 187.4 188.2 188.9 189.7 189.7 187.9 184.7 183.1 181 177.8 174.9 172.9 172.7 172.8 172.4 168.8 160.6 162.4 164.7 166.6 165.7
42.7 54.6 60.2 67.4 73.3 80.1 85.1 90.8 99.7 102.9 103.6 107.1 109.2 108.2 112.7 115.9 116.3 116.2 116.5 117.1 118.5 119.8 120.6 121.3 121.9 122.6 122.6 122.5 122.4 121.8 120.2 118.2 111 114.4 117.8 117.2 114.4 119.8 130 140.4 150.2 157.2 161.5 164.1 166.8 173 181.7 181.8 181.9 181 180.9 180.9 180.9 180.9 181.5 183.5 184.8 186.2 187.1 187.9 188.5 187.4 185.2 183.2 181.4 178.8 176 173.3 171.6 170.8 171.6 172.1 169.6 159.6 162.5 163.9 166.8 166.5
54.2 61.6 67.1 76.5 80.8 85.5 90.2 94.6 99.9 104.7 108.1 111.5 111.2 109.6 114.5 117 117.5 117.4 118 118.6 119.5 120.7 121.3 121.3 121.8 122.5 123.2 123.3 122.7 122.3 120.9 118 113.1 116.3 118.5 118.3 115.9 119.9 128.1 139.2 150.1 156.5 160.2 162.9 166.4 174.2 183.4 183.1 182.7 181.1 179.5 179.9 180 180 180.5 182.1 183.5 184.9 186 186.6 186.6 185.2 183.4 181.6 180 177.4 174.8 172.1 170.2 169.5 169.5 170.4 160.5 167.3 165.2 170.1 167.6 165.7
60.5 66.3 72 81.4 86.5 91.4 94.8 99.2 104.2 109.2 111.6 114.3 114.5 111.6 116.4 118 118.6 118.9 119.5 120.2 120.8 121.7 121.8 121.7 121.8 122.4 123.2 123.3 123.1 122.5 121.2 117.5 114.4 116.8 118.7 118.7 117 119.6 127 138.7 149.6 155.4 158.8 161.8 166 174.1 182.4 184.4 183.6 180.2 178.3 177.7 178.2 179 179.4 180.8 182.2 183.5 184.2 184.6 184.8 183.4 181.6 180 178.6 175.9 173.3 171.1 168.6 168.1 167.9 166.1 160.3 168.8 168.3 169.4 166.9 166
66.4 72.8 79.2 87.4 92.3 95.5 99.2 103.6 108.7 112.5 115.9 118.9 116.9 114.4 118.3 119.1 119.8 120.4 120.8 121.3 121.9 122.9 122.4 122.3 122.1 122.2 122.9 123.7 125.4 123.9 121.7 118.4 115.5 118.1 120.7 120 118.7 118 125.9 136.9 148 154.1 157.7 161.2 164.8 173.2 180.2 183.8 184.2 180.2 177.3 175.7 175.9 176.3 177.7 179.3 180.6 181.5 181.9 182.6 183 180.7 178.8 178.5 177.1 174.4 172.1 169 167 166.3 166.5 164.2 160.4 164.4 169.5 166.9 166.4 166.3
70.7 77.6 86.1 93.2 97.6 100.7 103.9 108.1 113.4 115.8 118.5 120.5 119.4 117.5 120.4 121.2 121.6 121.5 121.7 122.2 123.1 124.1 123.2 123 122.3 121.2 121.9 123.3 124.8 122 119.9 116.7 117.4 119.5 122.5 121.6 121.4 119.2 124.3 135.3 146.7 152.6 156.3 160 163.6 170.2 177 180.6 180.5 178.5 175.8 173.2 173.7 173.6 174.4 177.1 178.8 179.3 179.7 179 175.9 175.9 176.3 176.2 175.2 172.5 169.4 166.3 165.5 164.8 165.1 164.4 159.2 163.7 159.8 162.2 166.7 166.5
