data/270000-930000.asc
ncols 200
nrows 200
xllcorner 270000
yllcorner 930000
cellsize 50
[rows 0 to 35 of 200, columns 81 to 161 of 200]
127.2 129.8 132.3 136.1 138.8 140.3 142.4 144.6 147.1 149.5 151.4 155.4 158.4 162.5 168.1 172.4 177.6 183.7 190.3 196.2 204.1 212 218.5 226 230.8 235.5 237.7 238.9 235.3 228 221.8 214.3 206.2 198.5 191.3 185.9 178.7 174.5 171.3 169.7 165 161.3 163.6 166.4 169.2 173.3 170.1 172.8 176.7 182.6 188.1 193.5 198.8 205 212.8 219.4 224.6 230.4 234.1 236.2 236.9 237.1 237.7 238.8 239.9 242.8 246.9 252.2 257.8 263.6 267.9 270.7 272 272.2 266 261 254.8 245.5 236.1 227 218.7
129 130.7 133.4 137.4 139.3 140.8 141.6 143.7 146.6 148.9 150.7 153.9 157.4 161.1 166.8 171.8 176.4 182.9 188.7 194.6 202.4 209.4 216.4 223.5 227.9 230.5 231.2 235 229.1 221.9 219.3 212 204.1 196.2 189.1 182.5 176.6 172.3 170.1 167.9 165.7 163.2 159.3 163.6 166.9 170.5 168.4 169.3 171.8 178.7 184.9 190.5 196.9 202.2 210.2 217.9 223.6 229.8 233.7 235 235.1 234.9 235.4 236.7 238 240 244 249 255.1 260.8 264.4 266.3 266.7 266.6 262.6 257 249.2 241 232.8 222.6 215.4
129.6 131.4 135.5 137.6 138.9 140.6 141.7 143.7 146.3 148.5 150.3 153.2 156.8 160.8 165.9 171.6 176.8 182.4 187.5 193.5 199.5 206.4 213.1 219.9 224.9 225.3 224.8 226.7 223.2 217 213.9 209.8 202.3 192.7 185.8 180.1 175.1 171 167.9 165.9 164.6 163.2 160.9 159.6 163.2 166.4 165.6 166 167.9 175.3 181.5 188 194.7 200.7 208.1 216.5 222.2 228.2 232.2 233.1 232.4 232.3 233 234.1 235.9 237.9 240.9 245.5 251.2 256.9 259.9 261.2 261.5 261 259 252.1 245.1 238.1 229.3 218.6 212.3
129.3 132.7 136.1 137 138.5 140.9 141.9 143.2 145 147.2 151.3 153.8 156.3 160.8 166.1 171.2 176.5 181.9 186.5 191.6 197.1 203.3 208.9 214.9 221.4 220.8 219.9 218.1 216.2 210.9 207.9 204.8 199.4 188.7 182.8 178.7 173.3 168.8 166.9 165.3 163.9 162 159.6 158.9 162.6 164 163.3 164.2 165.8 169.9 177.1 184.6 192.3 198.5 205.7 214.5 220.5 225.2 227.7 228.3 229 229.6 230.4 231.8 233.5 235.3 238.4 243.1 247.1 251.3 254.5 255.4 255.5 255.6 253.8 249.1 242.5 234.9 224.3 215.6 210.4
130.6 134 135.7 136.8 137.8 140.5 141.6 142.6 145.1 146.7 149.7 152.1 156.4 160.8 166.4 170.9 176.3 181 185.4 190.3 195.6 201.7 206.6 211.3 213.8 214 213.9 211.7 209.1 205.4 201.9 198.6 192.9 184.4 178.5 174.9 170.2 167.8 166.6 165.3 163.9 161.7 158.9 159.8 161.3 161.9 162.1 163.2 164.5 166.6 173.3 180.2 189.2 195.9 203.6 210.4 216.7 220.6 223 223.6 224.9 226 226.7 228.7 230.6 232.5 235.4 239 242.9 246.4 248.4 249.9 249.5 249.6 247 244.2 239.6 230.7 220 213.1 209.2
130.5 133.3 135.5 136.5 137.7 140.2 141.6 142.4 144.2 146.3 148.4 151.4 155.3 160.1 166.6 171.5 174.9 179.8 184.7 189.1 193.3 199.5 204.3 208.1 209.9 209.9 210.2 208.9 205.8 201.5 197 193.1 187.7 181.2 175.1 171.9 169.2 167.3 166.5 165.2 162.8 159.6 155.8 159.8 160.2 161.9 161.4 162 162.3 164.3 169.2 177 185.6 193.4 201 206.8 212.4 216 218.3 219.4 220.9 222.3 223.6 225.4 227.1 229 231.8 234.7 238.1 240.8 242.2 243.7 244.6 243.7 240.1 238 235.5 223.7 215.1 211.5 208
130 132.7 135.6 136.4 137.6 139 140.6 142.2 144 145.9 148.4 151.6 155 159.4 166 170.6 173.8 178.2 182.6 188.1 193 197.9 201.9 205.2 206.6 207.5 208.3 206.7 202.9 199.2 194.7 190 183.8 177.8 173.3 170.7 168.6 166.9 165.8 164.5 161 157.6 159.2 160.2 160.9 162.8 161.4 160 160.9 163.4 167.5 173.8 182.6 191.5 197.8 203.4 208.1 211.6 213.9 215.3 216.7 218 219.8 221.7 223.4 225.6 228.4 230.7 232.4 234.8 236.1 237.4 237.8 235.9 233.4 230.7 227 217.3 211.8 209.2 206
129.8 132.6 134.9 135.8 137.3 138.7 140.9 142.2 144 145.8 149.6 152.3 155.2 160 166.1 169.7 173.1 176.5 180.8 185.9 191.5 196.6 200.8 203.8 204.9 205.9 206.7 204.3 200.5 196.9 192 186.4 181.2 176.5 172.6 170.7 168.2 166.9 165.3 162.1 158.4 155.8 158 159.3 160.2 157.7 157.2 157.6 160 162.4 166.4 171 179.7 188.2 194.8 199.8 203.9 206.9 209 210.7 212.1 213.6 215.3 217.3 219.3 221.4 223.7 226 227.7 229.1 229.9 230.7 230.2 228.9 226.9 224.1 218.6 212.2 208.8 206.3 203.4
129.8 132.6 134.2 135.6 137.1 138.5 140 142.2 144.3 145.9 149.1 152.4 156.2 161.1 165.2 169.2 172.6 175.1 179.3 185.9 190.6 194.9 199.2 201.9 203 204.1 204.8 202 198.3 195.3 190 184.5 179.4 175.6 171.5 169.4 167.6 166.1 164.1 161 158 155 156.5 157.5 157.1 155.6 155.1 157.1 159.8 161.5 165 168.6 176.8 184.5 190.4 195.5 199.7 202 203.9 205.8 207.6 209.1 210.8 212.8 214.8 216.8 219 221.3 222.9 223.6 224.3 224.5 223.6 222.3 220.3 217.6 211.6 207.1 204.7 202.8 199.9
130 132.6 134 135.4 136.9 138.3 139.7 141.5 144.6 145.6 148.7 152.7 156.7 159.8 163.1 167.6 171 173.8 177.9 187.1 190.3 194.5 198.8 201.8 203 203.6 202.7 201.2 197.8 193.8 188.3 180.9 177.1 173.9 170.6 168.6 166.9 165.3 162.8 159.9 157.1 155.3 152.1 154.4 154.6 153.3 155.2 156.5 159.8 161.9 162.9 166 173.6 179.9 185.7 191.1 195 197 198.9 201.1 203.2 205.4 207.4 209.4 210.4 212.3 214.3 216.5 217.6 218.1 218.2 218.1 217.1 215.8 213.9 210.5 206.2 203.6 200.6 198.4 195.5
130.8 132.5 133.8 135.3 136.7 138.1 139.5 141.4 144.1 145.1 147.7 152.5 156.2 159.3 162 165.2 169.4 173.1 178.2 184.8 189.5 194.2 199.4 201.8 203.3 203.3 202.2 199.8 197.1 191.4 184.9 179.9 176.4 172.8 169.7 167.5 165.8 164.1 161.3 159.5 158.3 156.8 155 155.3 150.8 152.1 153.9 155.2 156.8 159.3 160.3 163.5 169 175.3 181 186.4 190.5 193 195.3 197.6 199.5 201.6 203.4 204.9 206.1 208 209.8 211.6 211.9 212.2 212.3 212.1 211.1 209.9 207.7 204.6 201.3 198.7 196.2 194.1 191.8
130.5 132.7 133.7 135.1 136.5 137.8 139.2 141.3 143.6 145 147.5 151 155 158.8 161.4 165 169.2 172.3 176.5 182.5 188.5 194.3 198.7 202.3 204.1 203.6 201.6 199.3 195.8 190.2 184.2 179.7 176 172.5 169.7 167.4 165 162.4 160.5 158 157.7 156.7 156 153.9 149.2 149.5 152.1 153.2 154.3 155.5 158.3 161.1 165.5 171.3 176 181.3 185.2 188.3 191.4 193 195.7 197.4 198.8 200.3 201.8 203.5 205 205.6 205.6 206 206.3 206.3 205.7 204 202 199.2 196.4 194.4 192.5 190.5 188.5
132 132.8 133.5 134.8 136.2 137.6 138.9 141.1 143.3 145.3 147.5 150.3 153.9 157.7 161.5 164.9 168.8 172 176.8 182.6 187.2 193 197.5 202.8 204.7 203.8 201.9 198.9 194.9 190.6 184.3 179.6 175.9 172.1 169.7 167.4 165.2 162.8 159.3 156.5 156.2 155.9 155.6 152.2 147.5 148.3 150.2 151.2 152.7 153.4 155.5 158.9 162 166.9 171.6 176.1 179.3 183.7 186.7 188.4 191.6 193.1 194.6 196.1 197 198.2 199.7 199.7 199.4 199.4 199.7 200.1 199.7 198.6 197.2 194.8 192 190.4 188.7 186.9 184.9
132.3 132.9 133.8 135 136.1 137.3 138.8 141.2 143.4 145.1 147.2 149.4 153.1 156.4 160.3 165.2 167.7 170.6 176 184.2 187.6 192.8 197.6 203.4 203.6 203.2 201.7 198.6 195.3 191.6 184.5 179.1 174.8 171.6 169.1 166.9 164.6 161.6 158.2 155.2 153.1 151.8 150.2 148.4 146.5 146 148.5 150 150.3 151.4 152.9 155.3 158.7 163.3 168 172.6 175.3 178.4 180.8 184.2 187.2 188.7 190.2 191.8 192.5 193.1 194.1 193.8 193.5 193.1 193.1 193.7 193.7 193.1 191.8 190.2 187.9 186.2 184.6 182.9 181.4
132.2 132.5 133.6 134.9 136.1 137.2 138.5 141.1 143.2 144.9 146.8 149.8 153 156 158.6 162.8 166.6 168.6 174.7 183.7 188.4 194.1 198.4 201.6 202.9 202.6 201.2 198.3 195.4 190.5 184.2 178.5 174.2 171.2 168.7 166.2 163.3 160.2 157.1 155.1 153.6 151.6 149.9 148.3 147.4 146.6 146.1 148.2 148.1 149 150.3 152.1 155.3 159.8 164.5 169 171.5 174.2 175.8 179.2 182.1 184 185.5 187.2 188.1 188.8 188.9 188.4 187.8 187.2 186.7 186.5 186.6 187.3 186.3 185.2 183.8 182.2 180.8 180 179.2
132.1 132.5 133.7 134.9 135.9 136.6 137.6 140 142.1 143.8 146 148.4 152.5 155.5 157.7 160.5 164.2 168.2 174.5 182.7 187.4 192.7 198.7 201.6 203.2 203.5 200.7 198 194.6 189.4 183.4 177.5 173.8 170.9 167.9 165.4 162.4 159.3 157 154.9 153.3 151.4 150.2 148.4 147.2 144.9 144.7 145.6 146.2 146.3 147.6 149.4 152 156.3 160.8 164.8 167.3 169.2 172.6 176 177.9 179.5 180.8 182.5 183.5 183.8 183.7 183 182.6 182.3 181.4 181.4 181.5 182 181.9 180.8 179.8 179.2 178.5 177.3 176.2
130.6 132.4 133.4 134.4 135.4 136.3 136.8 138.8 141 143 145.3 147.8 150.5 153.6 156.5 159.1 162.5 167.2 173.6 182.4 185.5 190.8 197.8 201.1 202.5 202.5 200.1 197.6 193.6 187.9 182.1 177 173.4 170.8 167.8 164.8 161.8 159.3 156.8 154.2 152 150.4 149.7 148.3 146.5 143.8 140.8 143.4 144.2 143.4 144.8 146.7 148.9 151.9 156.1 159.9 162.6 166.2 169.6 172.4 174.1 175.7 177.1 178.6 178.8 178.8 178.5 178.2 177.9 177.2 176.1 176.2 176.7 177.4 177.3 176.2 175.6 175.7 175.5 173.8 172.9
129.8 131.5 132.8 133.8 134.9 135.9 136.5 137.9 139.9 142.5 145.1 147.7 149.7 152.2 155 158.1 161.9 166.2 171.4 177.6 183.1 189.1 194.1 199.8 203.4 204.6 201 197.9 192.2 186.7 181.6 176.8 173.5 170.7 167.7 164.7 162 158.7 155.8 153.2 150.7 149.4 148.7 147.9 145.6 142.5 139.6 142.7 142.2 141.1 142.7 144.9 147.5 149.2 152.3 155.7 159.6 163 165.8 168.5 170.2 171.9 173.5 174.7 174.8 174.4 174 173.5 173 172.1 171.3 171 171.9 172.9 172.8 172.5 172 171.5 170.8 170.5 169.7
129.9 131.2 132.3 133.2 134.1 135.1 136.1 136.9 139.3 142.1 144.9 147.6 149.8 151.8 153.9 156.9 160.4 165.1 169.8 174.9 179.8 185.2 190.5 200.2 202 201.1 200.4 197.5 192.4 187.5 182.4 177.6 174.1 170.7 168 165.4 162.5 159.2 155.9 152.6 149.8 148.8 148.2 146.5 145 143.2 140.9 139.5 139.8 139.2 140.8 144.6 146.4 148.6 150.7 152.3 155.2 159 161.3 164 166.3 168 169.7 170.7 170.8 170.3 170 170 169.9 169.7 169.3 168.4 169.3 170.2 169.8 169.4 168.2 167.2 166.9 167.3 166.9
129.9 131.1 132.3 132.9 133.9 134.8 135.6 136.5 138.6 141.4 144.2 147.1 149.8 151.6 153.4 155.5 158.6 163.3 167.4 172 176 180.4 186.2 194 198 196.4 195.3 193.5 188.1 185.1 180.9 177.3 173.5 171.2 168.7 166.1 163 159.5 155.9 152.3 149.4 148.5 147.5 145.5 144.3 143.1 140.1 138 137.6 136.6 137.9 142.7 144.4 146.6 148.8 150.6 152 153.8 157.1 159.6 162.2 164 165.4 166.1 167.1 167.4 167.5 167.5 167.3 167.5 167.7 166.7 167.6 167.7 167.1 166.6 165.2 164.1 163.7 163.5 163.4
129.8 131.2 132.3 132.9 133.5 134.4 135.5 136.4 137.9 140.8 143.6 146.5 149.3 151.3 152.9 154.8 157.5 162.1 165.7 168.7 172.3 176.1 180.8 185.2 188.1 188.7 189.4 186.9 183.6 180.5 178 175.7 174 171.9 169.2 166.5 163 159 155.4 151.8 149.2 147.8 146.8 144.6 143.6 142.6 140.7 139.1 139 135.8 136.8 140.3 142 144.2 146.5 148.6 150 152 153.9 156 157.9 159.9 161.1 162.2 163.4 164.7 165 164.9 165.1 165.3 165.4 165 165.6 165 164.4 163.8 162.4 162.4 162 161.4 161.1
129.8 131.2 132.3 132.9 133.5 134.1 134.9 136 137.3 140.2 143.1 146 148.7 151.1 152.8 154.1 157 160.6 164.1 167 169.9 173.5 176.6 179.2 180.8 180.9 179.2 180 178.2 177.2 176.8 175.4 173.6 172.3 169.5 166.7 163.2 159.4 155 151.5 149.1 147.2 146.1 144.1 142.9 141.9 140 138.6 137.9 136.2 134.7 139 140 142 144.2 146 147.9 150 151.9 154 156.2 157.5 157.4 158.5 159.8 161 162.3 162.5 162.8 163 163.2 163.3 162.9 161.9 160.8 160.1 160.5 160.5 160.3 159.3 158.8
129.9 131.3 132.4 132.9 133.5 134.1 134.7 135.3 137 139.7 142.5 145.4 148.1 150.5 152.8 154.5 155.9 159.2 162.6 165.8 167.9 170.8 173.4 174.6 175.1 175.7 175.4 175.6 175.9 176.7 176.2 175.3 173.8 172.3 169.8 166.9 163.3 159.8 155.8 151.6 149.1 146.5 145.2 143.8 142.2 141.1 139.4 138.4 137.5 134.7 132.9 135.4 137.8 139.8 141.8 143.7 145.6 147.8 149.9 151.9 154.1 155.1 155 155.3 156.3 157.7 159 159.5 159.6 159.8 159.9 160.2 160.6 159.7 158.9 158.6 158.6 158.6 158.6 157.6 157
129.3 131.3 132.4 133 133.6 134.1 134.7 135.3 136.6 139.4 142.1 144.9 147.5 149.8 151.8 154 155.7 157.8 161 164.4 166.7 168.5 170.7 172.4 173 174.4 174.8 175 175.5 176.1 176.5 176.2 174.6 173 171.3 167.3 163.7 160.2 156.4 152 149.5 146.8 144.3 142.9 141.4 140.3 139.1 138.3 137.4 134.3 132.2 134.6 136.7 138 139.5 141.3 143.3 145.5 147.6 149.7 151 151.6 152.2 153 153.2 154.3 155.6 156.5 156.6 156.7 157.1 157.7 158.6 157.7 157.3 157.1 157.1 157.1 157.1 156.8 155.6
129.1 131 132.4 133 133.6 134.1 134.7 135.3 136.2 138.6 141.5 144.3 146.6 148.5 150.6 152.8 154.9 157.5 159.7 162.6 165.1 167 169 170.9 172.9 173.7 174.3 175 175.7 176.3 176.9 177.1 175.5 173.8 172.3 168.7 164.4 160.7 156.8 152.8 149.8 147.2 144.8 142.8 140.4 139 138.4 137.7 136.9 133.8 131.6 134.7 136.2 137.3 138.7 140.2 141.2 143 145.1 147.2 148.2 148.9 149.6 150.2 150.8 151.5 152.3 153.5 153.6 154.1 154.7 155.3 156 156 155.9 155.8 155.7 155.9 155.9 155.7 154.8
129.1 131 132.7 133.3 133.8 134.2 134.7 135.3 136.1 137.9 140.7 142.9 145 147.2 149.5 151.7 153.9 156.6 158.9 161.2 163.3 165.5 167.6 170.9 172.4 173.4 174.6 175.2 175.9 176.5 177.6 178.3 177 175.4 173.4 170.3 165.1 161.2 157.3 153.4 150.2 147.7 145.2 142.3 140.1 138.5 137.4 136.8 136.1 133.1 131.7 135.2 135.9 136.7 138.3 139.4 140.3 141.3 142.6 144.6 145.3 146 147.2 148.1 149 149.5 150.2 150.9 151.4 151.9 152.7 153.5 154.4 154.4 154.5 154.4 154.3 154.7 154.6 154.5 153.7
129.2 131.3 132.7 133.2 133.6 134.1 134.6 135.2 136 137.5 139.6 141.9 144.2 146.4 148.7 150.9 153.3 155.8 158.2 160.7 163 165.2 168.1 170.6 172 173.1 174.9 175.5 176.5 177.6 179.2 180.2 179.3 177.5 175 171.7 166.6 162.1 158.2 153.8 150.4 147.9 144.8 141.7 139.6 138.3 137.3 135.9 135.3 132.2 132.6 135.1 135.8 136.6 137.4 138.4 139.4 140.4 141.4 142.4 143.4 144.6 145.7 146.7 147.9 148.3 148.6 149.1 150 150.9 151.8 152.3 153.2 152.9 152.8 153 153 153.2 153.3 153.9 152.7
129.8 131.1 132.4 133.1 133.5 134 134.4 135.1 135.8 136.9 139 141.2 143.4 145.7 147.9 150.1 152.5 155 157.8 160.2 162.5 165 168.3 170.1 171.4 172.8 174.6 176.1 177.1 179.1 181.3 182.8 181.5 179 176.5 173 168.2 163.1 158.8 154.3 150.6 147.5 144.1 141.2 139 137.7 136.5 135.3 134.3 132.1 131.2 133.5 134.7 135.3 136.4 137.4 138.4 139.4 140.4 141.7 142.6 143.4 144.3 145.4 146.4 146.9 147.7 148.3 149.2 150.1 150.9 151.4 151.7 151.4 151.1 151.2 151.4 151.6 152.2 152.7 152.3
129.5 130.8 132.2 133 133.4 133.9 134.3 134.9 135.5 136.3 138.4 140.4 142.7 145 147.3 149.2 151.6 154.4 157.4 160.1 162.6 165.2 168 169.7 171.1 172.5 173.9 175.9 177.6 180.7 183.2 185.7 183.6 181 178.3 174.9 169.9 164.3 159.2 154.7 150.2 146.8 143.4 140.5 138.3 137.1 135.9 134.7 133.3 131.1 129.7 131.9 133.5 134.3 135.3 136.4 137.4 138.4 139.6 141 141.8 142.7 143.5 144.5 145.5 146.2 146.9 147.5 148.3 149.2 150 150.1 150 149.7 149.5 149.4 148.7 150.2 150.2 151.3 153.8
129.3 130.6 131.9 132.9 133.4 133.8 134.2 135 135.6 135.8 137.9 140 142.4 144.6 146.7 148.3 151.1 154.3 157.4 160.3 162.8 165.3 167.9 169.5 171 172.6 173.4 175.8 177.9 182.6 186.4 189.1 186.6 183.5 179.3 175.5 171.1 165 159.7 155.1 150.2 146.3 142.8 139.9 137.9 136.7 135.6 134.3 132.9 131.1 129.1 130.4 132.2 133.2 134.3 135.3 136.4 137.4 139 140.3 141.1 141.9 142.7 143.9 144.8 145.5 146.1 146.7 147.4 148.3 148.5 148 148.2 148 147.7 146.5 150.1 148.9 152.2 153 154.1
129.4 130.4 131.6 132.9 133.3 133.6 134.1 135.4 135.8 135.7 137.4 139.9 142.3 144.5 146.7 148.6 151.2 154.4 157.4 160.4 163 165.5 168.2 169.6 171.1 172.4 173.1 175.1 177.6 183.5 188.7 192.9 191 185.2 180.9 176.7 171.8 165.7 160.2 155.3 150.4 145.7 142.3 139.3 137.6 136.5 135.2 133.8 132.4 131 128.9 129.6 131.4 132.3 133.3 134.4 135.4 136.6 138.3 139.5 140.3 141.1 142 143.2 144.1 144.8 145.4 145.9 146.5 147.2 147.7 146 146.4 145.5 144.5 149.6 151.2 151.9 153.2 153.3 154.3
129.3 130.2 131.5 132.7 133.1 133.4 134 135.6 135.6 135.6 137 139.7 142.2 144.4 146.7 149 151.2 154.4 157.4 160.4 163.2 165.8 168.4 169.7 171.2 172.1 172.9 174.2 177 182.9 188.6 194.1 193.2 187 182 177.5 172.5 166.8 160.5 155.4 150.5 145.7 141.7 139.2 137.5 136.1 134.7 133.3 131.9 130.5 128.2 130.1 131 131.7 132.6 133.6 134.6 136.1 137.4 138.8 139.6 140.3 141.3 142.6 143.4 144 144.6 145.1 145.6 145.5 144.5 143.9 143.4 146.8 149 150.4 153.1 153.1 153.7 153.5 154.6
128.3 129.9 131.2 132.3 132.9 133.2 133.8 134.4 135 135.6 136.3 139.3 142.1 144.4 146.8 149.1 151.3 154.8 157.5 160.1 163.9 166.7 168.6 170 171.4 172.2 173 173.9 176.4 181.9 187.5 194.1 193.8 187.9 183.7 178.6 173.3 167.8 161.8 156.3 150.4 145.9 142.5 138.9 137 135.7 133.8 132.4 131 129.6 128.8 130.2 130.7 131.2 132.1 133 134 135.1 136.4 137.8 139 139.5 140.4 141.5 142 141.9 141.7 142.2 141.8 140.4 143 142.8 146 149 149.6 151.1 152.7 154.2 154 153.8 154.8
128.1 129.6 130.8 131.8 132.8 133.1 133.6 134 134.7 135.2 136.2 138.7 141.3 143.9 146.4 149 151.6 154.2 156.9 160.2 164.1 167 168.9 170.2 171.6 172.5 173.3 174.2 176 180.6 185.6 190.5 191.6 189.2 184.4 179.2 173.9 168.8 162.5 155.6 149.8 145.6 142.2 139 136.7 135.2 133.9 132 130.2 128 129.7 129.8 130.3 130.8 131.5 132.6 133.5 133.7 135.1 136.6 137.6 138 138.5 137.9 138.2 138.1 137.7 138.7 140.1 143.5 145.9 147.7 149 149.8 150 151.5 152.3 153.1 155.1 154.5 155.3
127.9 129.4 130.4 131.4 132.3 132.9 133.3 133.3 134.5 135 136.5 137.8 140.3 143 145.6 148.2 150.8 152.3 155.3 160.7 164.6 167.4 169.1 170.5 171.8 172.8 173.6 174.5 176.6 180.6 185.5 189.9 190.1 187.7 184.7 179.8 174.5 169.7 162.9 155.8 149.4 145.3 142.1 139.3 136.8 135.3 133.7 132.1 129.6 127.5 129.4 130 130.4 130.7 131.2 132.2 133 133 133.8 135.2 135.2 134.9 135.4 137.1 137.7 138.8 141.3 142.1 144.8 145.8 147 148.6 149.7 150.3 150.5 151.5 152.4 153.3 154.5 155.2 155.8
127.7 129 129.9 130.9 131.9 132.8 132.8 132.9 134.3 135 136.4 137.3 138.9 141.7 144.4 147.2 149.9 151 152 157.3 163.6 167.1 169 170.3 171.4 172.9 173.8 174.7 177.2 180.7 185 189.5 188.8 186.4 183.3 179.4 175.2 169.5 162.1 156 150.1 145.1 142.3 139.6 136.9 135.3 133.9 132.6 129.9 127.3 128.8 129.7 130.2 130.5 131 131.9 132.4 132.5 132.6 133.1 134 136 138.1 140.2 141.4 142.4 143.4 145.1 146.1 147.1 148.1 149 149.8 150.3 150.8 151.7 152.6 153.9 155 155.3 155.1
