data/270000-810000.asc
ncols 200
nrows 200
xllcorner 270000
yllcorner 810000
cellsize 50
[rows 105 to 139 of 200, columns 0 to 77 of 200]
709 700.9 693.1 687.3 682.2 677.3 675.7 670 670.3 667.4 654.9 638.4 620 620.8 647.2 658.5 685 697.9 703.9 708.2 709.2 710.8 715.1 719.1 721.7 725.8 730.4 734.9 739.5 743.4 746.4 748.9 750.6 749.1 748.3 747.4 746.5 746 747.4 746.6 745.2 743 740.1 737.3 732.9 726.8 717.3 711.2 705.2 699.7 695.8 690.6 684.9 678 654.7 660.2 671 678.9 686.4 693.6 701.3 707.4 713.2 719.4 725.9 732.1 735.8 738.7 741.9 744.7 744.9 742.9 740.2 735.1 729 721.7 714.5 705.5
714.5 706.7 700.2 694.3 689.4 684.8 681.9 679.3 676.2 669.7 656.1 639.4 615.7 637.5 655.2 664.3 692.1 703.4 709.3 712.2 713.8 714.5 716 718.2 721.5 726.1 730.8 735.4 740 743.6 746.6 749.4 750.9 749.9 749.1 748.2 747.3 747.5 748.2 747.5 746.7 745.9 743.4 739.1 733.8 726.5 716.2 708.5 703 698.1 693.3 687 682.1 675.3 653.3 666.7 675.3 683 691.1 698.8 705.4 711.3 716.8 722.8 729.7 736.5 741.1 744.7 748.2 750.7 751.6 749.5 746.9 742.3 736.3 729.4 720.5 711.2
717.6 712.6 705.8 699.8 694 690.1 686.9 682.5 677 668.2 652.8 633.2 627.4 649.2 664.3 682.3 700.5 710.1 714.3 716.8 717.9 718.4 719.4 720.5 721.6 726.4 731.3 736.2 740.5 744.2 745.7 748.6 751.2 750.7 749.9 749 748.2 749.1 749.8 749.3 748.5 747.2 743.9 739.4 732.8 724.7 713.2 706.3 700.7 694 687.8 682.8 677.2 670.3 653.6 672.6 679.8 687.2 695.1 702.4 708.9 714.7 720.4 726.2 732.5 738.3 743.6 749.4 753.7 756.9 758.3 756.1 753.1 748.9 741.3 733.2 724.4 715.1
720.9 716.4 709.6 704.1 698.7 693.3 687.8 682 676 666 652.2 636.7 631.9 655.1 670.9 692.9 706.2 714.9 718.3 720 721.3 722.7 723.8 724.9 725.9 727.7 732.5 737.4 741.2 745.1 746.5 747.4 750.2 751.2 750.7 750 750.1 750.8 751.4 751.1 750.3 748.4 744.6 739 731.8 721.9 710 702.7 695.9 689.3 683.8 677.2 670.7 658.6 668.5 676.5 684.2 692.3 699.8 706 712.4 718.2 724 729.8 735.4 740.8 746.1 752.1 757.3 760 760.3 758.9 755.8 749.8 743.4 736.7 727.7 717.5
724.7 719.9 714 707.3 700.4 694.3 688 682.4 672 662.4 652.4 639 636 661.2 680.8 699.1 710.8 718.1 721.3 722.9 725.4 727.2 728.3 729.4 730.1 730.7 734.4 738.1 742 746 747.5 748.4 749.2 750.6 751.7 752.4 752.7 752.7 753.1 752.7 752.1 749.6 744.2 737.2 728.9 717.6 707.3 698.7 692.3 686.2 679.5 672.5 665.1 663.5 671.9 679.7 688.7 697 704.5 710.5 715.8 721.1 726.6 732.1 736.6 742.5 748.4 753.5 758.3 761.3 761.3 759.6 756 750.6 744.6 736.6 726.5 717.7
725.2 721.8 715.6 708.6 701.7 695.2 689.2 684.3 673.7 661.1 650.5 641.6 642.4 666.3 688.4 703.5 714.3 719.9 723.4 725.5 728.7 731.5 732.8 733.7 733.9 734.5 737.2 740.5 743.3 746.8 748.5 749.4 751 752.8 754.3 755.2 755.6 755.7 754.6 754.2 752.7 749.3 742.6 734.5 725.5 712.8 703.8 695.1 689.3 683.3 677.1 670.9 663.6 663.3 674 681.9 691.7 700.8 708.5 713.4 718.3 723.2 728.7 733.4 737.9 743.5 748.5 754 759.2 760.9 761 758.6 755 749.6 742.3 734.2 726.5 718.2
726 722.7 717.3 710.5 704.7 696.9 691.6 685.3 672.9 663 650.3 640.2 651.7 670.7 691.8 705.2 714.8 720.2 723.5 727.5 732 735.2 737.2 737.5 737.8 738.5 740.4 743.3 746.9 749.4 750.9 752.2 753.6 756.2 757.8 758.3 758.7 758.3 756.7 755.5 752.5 747.8 740.9 731.6 720.1 709.3 700.2 693.7 688 681 674.8 668.2 669.1 667.2 670 683.3 693.7 703.2 711 715.9 720.8 725.6 730.3 734.3 738.6 743.6 748.6 754.1 758.7 760.3 759.6 757 753.3 747.6 739.7 732 725.1 717.7
727.3 723.7 719.5 714.5 707.7 700.9 695.3 688.1 678.2 665.7 651.2 642.5 657.9 676.2 696.8 707.1 715 720.8 724.8 728.7 734.5 738.5 740.8 741.7 742 742.8 744.7 747.5 751.2 754.2 755.5 756.8 758.1 760.5 762.2 762.9 762.4 760.3 758.2 755.2 751.6 746.2 739 728.3 717.5 706.1 698.4 692.6 686.8 679.4 672.5 670.4 672.8 672.4 668.7 684.2 696 705.6 712.5 717.9 722.2 726.1 730.2 734.2 738.9 743.7 748.6 753.8 758 759.2 758.6 755.5 751.7 745 737.1 730.5 724.9 717.5
729.4 725.9 722.3 717.6 710.6 704.9 698.4 691.6 681.7 670.2 651.6 646.3 662.4 681.4 697.2 706 714.7 721.2 726.1 730 735.6 741.5 743.5 744.5 745.7 747.2 749 751.7 754.9 757.2 759.6 761.4 762.8 764.8 766.8 766.5 765.2 762.8 760.5 756.1 751.1 744.8 737.3 726.9 715.4 704.4 697.4 691.5 684.8 677.4 671 674.7 676.5 677.4 671.3 685.2 697.9 706.7 712.8 718 721.9 725.9 730.1 734.3 739.1 743.9 748.6 753.1 757.3 758.1 756.6 752.9 747.9 742.8 737.8 732.2 726.8 719
731.4 728.6 725 720.4 714.2 708.3 702.4 695.6 685.1 672.1 654.9 648.7 665.3 681.2 695.2 705.2 713.9 720.7 726.6 731.3 736.8 742.4 746.5 748.4 749.6 751.3 753.7 755.7 757.7 760 762.4 764.8 767.2 768.8 769.6 768.9 767.2 764.8 762 757 751.8 745.6 738.2 728.8 716.2 706.4 698.7 689.4 682.5 676.3 676.2 679.1 681.5 683.8 675.4 684.3 697.3 707.1 712.2 717.2 721.6 725.8 730 734.5 739.2 743.8 748.3 752.2 756.2 757.3 756.3 753.7 751.1 746.2 741.2 734 728.6 722
733.1 730.7 727.2 722.1 717.1 711.3 705.6 699.1 689.4 677.4 657.6 649.2 662.2 678.5 693.5 704.6 713.2 719.9 726.2 731.9 737.3 742.6 747.3 750.5 753.4 755.3 757 758.3 760.5 762.9 764.7 765.7 766.6 769.8 771 771 768.2 765.6 762.3 757.4 752.4 746.3 740.1 731.9 719.6 707.5 699.7 688.6 680.9 676.8 681.9 684.8 687.4 689.7 678.2 683.8 697.2 706.5 711.5 716.5 721.2 725.4 729.7 734.3 738.9 743.4 748 751.8 756.3 759.2 759.1 756.7 754.4 749.8 745.1 736 730.2 724.9
733.8 731.8 728 723.4 718.7 713.7 707.6 701.5 692.8 681.9 664.2 647.4 659.1 676.2 690.1 701.3 710.6 718.3 725.8 731.6 737.1 742.5 747.8 751.1 754.9 756.8 758.2 760.2 761.5 762.3 763.2 764.2 765.7 768.6 770.6 770.3 769.3 766.3 762.5 757 751.9 747.4 741.9 734.4 722.3 710.1 700.2 689.3 680.3 681.9 687.6 690.5 693.4 694 683.8 682 693.1 703.8 710.3 715 719.7 724.3 728.9 733.7 738.4 743.1 747.6 752.1 756.9 760.2 760.8 759.7 757.8 755.1 751 744.5 733.8 728.4
733.7 730.8 727 723.4 719.1 713.9 708.4 703.1 695.7 685.1 672.6 649.6 657.1 673.5 686.4 696.1 706.8 716.3 725.4 731.5 736.9 742.3 747.7 751.9 755.1 756.6 758 759.8 760.3 761 761.8 762.7 764.9 767.8 768.5 767.2 765.2 762.4 759.1 755 751.2 746.7 741.9 735 723.8 709.4 697.8 686.6 683.1 687.6 692.2 696.2 698.5 697.4 693.4 684.3 686.9 698.3 708.3 713.3 718 723.2 728 732.8 737.6 742.3 747.4 753.2 757.3 760.6 762.4 762.1 761.5 760 756.5 751.9 742.7 733.3
733.1 729.4 725.7 722 717.4 712.6 707.7 702.7 696.9 685.9 671 661 654.5 668.9 681 690.1 703.5 714.9 724.9 731.6 737 742.3 747.7 751.5 754.2 756 757.7 758.9 758.5 759.4 760.3 761.1 761.9 762.9 763.1 762.9 760.6 758 755.2 751.5 749 745.7 741.1 732.9 722.1 706.8 693 685.8 689.7 694.5 698.1 702.3 702.2 700.5 698.5 695.1 686.8 690.1 702.4 711.4 716.9 722.1 726.9 731.6 736.8 741.9 747.1 753 757.2 760.9 764 764.3 765.4 764 762.3 758.1 751.2 740.1
734.5 730 726 721.6 716.4 711.7 707.4 702.8 696 686.3 679.3 664.5 654.8 661.2 675.7 686.7 702.7 714.5 724.4 731.6 737 742.3 747.2 750.5 752.6 754.4 756.2 756.5 756.2 756.8 757.1 757.2 757 758 758.1 757.9 756 753.4 750.8 748.1 745.3 742.5 736.6 728.4 715.3 700.4 686.8 692.4 697.5 702.3 705.2 707.1 705.8 704 701.8 700.2 694.9 692 692.9 707.6 714.5 720.7 726.1 731.3 736.4 741.6 746.8 752.2 756.2 760.2 764.5 767.4 769.5 768.2 766.4 763.5 758.1 747.7
736.7 732.4 727.9 722 716.6 711.7 707.4 703.1 697.2 689 681.4 667.2 658.8 655 670.9 688.6 703 714.2 723.2 730.6 737 741.9 746.4 749.2 751 752.8 753.9 753.6 753.1 753 753.2 753.3 752.9 753 752.9 751.7 750.6 748.4 745.8 743.2 740.5 737.4 731.6 721 708.9 695.6 692.9 700.2 705.6 709.8 710.7 710.8 709.2 707.6 705.3 703.5 699.8 700.4 692.1 702.7 712.5 720 725.8 731 736.1 741.3 746.4 751.2 755.6 761.2 765.6 769.6 771.8 771.8 770.5 768.3 763.3 755.3
738.9 734.6 730.2 722.7 717 712.5 708.3 704 700.1 691.2 683 673.9 663.5 657 662.3 685.3 700.5 713.4 722.3 729.9 736.3 741.2 745.3 747.5 749.3 750.7 750.3 749.7 749.1 749.2 749.3 749.3 748.2 748.1 746.9 745.6 744.4 743.3 740.8 738.2 735 731 725.3 712.8 700.7 693.6 701.5 708.6 713.1 715.4 715.4 714.4 712.8 711.3 708.5 706.3 705 702.7 695.2 702.1 712 719.2 725.5 730.6 735.8 740.9 746.1 752.3 757.8 762.6 766.7 771.2 774.1 774.7 774.3 772.1 767.6 761.5
740.9 737.1 732.9 724.2 717.6 713.3 709.1 705.3 701.8 693.9 684.4 676.4 664.1 658.5 661.5 677.5 696.5 712.4 722.2 729.8 735.7 740.4 743.9 745.7 746.9 747.1 747.3 746.2 745.2 745.4 745.6 745 743.3 742.8 741.8 740.7 739.2 737.7 735.6 732.5 729.5 725.4 717.4 704.7 695.9 703.6 710.6 715.9 719.2 719.4 718.7 717.4 716.2 715.2 712.5 709.1 707.6 704.8 699.1 700.7 712.1 719.2 725.3 730.3 735.1 740.6 747.3 754.4 759.7 764 768.5 772.9 776.4 777.8 777.3 775.8 771.4 766.2
743.5 739.7 733.5 725.6 720.2 714.8 710.3 706.8 702.6 695.6 685.5 678.7 665 660.4 660.4 675.4 696.5 711.1 722 729.3 735.1 739.6 742 743.1 743.8 744 744.1 743 742.2 741.7 741.8 740.7 738.1 737.4 736.4 735.3 734.2 732.9 730.1 727 723.8 718.9 711.2 700.9 703 711.5 718 722.4 724 723.6 722.1 720 718.8 717.5 714.2 710.9 708.9 706.7 702 699.7 711.5 718.9 725.2 730.1 735.1 741.1 748.2 755.3 761.1 765.7 770.2 774.7 778.5 780.5 780.2 779 775 771.1
746.2 741.3 734.5 727.9 722.7 717.4 712.5 707.3 702.5 696.3 686.2 677.4 665.1 661.9 663.4 672.5 696 710.5 720.6 727.3 733.4 737.7 739.2 740 740.7 741 740.4 740.2 739.7 739.1 738.5 737.4 736.9 734.2 731.6 730 729 726.8 722.8 718.4 713.9 707.5 704.1 701.4 711.9 718.8 723.7 727.2 727.7 727 725 722.1 720.8 718.8 715.3 712.3 709.9 707.7 702.7 698.7 712.3 719.8 725.2 730.4 735.6 741.6 748.4 755.3 761.2 766.1 771 776.2 780.4 782.6 782.5 781.5 778.6 775
748.7 742.7 736.7 730.2 724.5 719.5 713.6 708.1 703.6 697.1 688.7 682.8 668.5 663.9 664.6 677.5 694.4 710.3 719.6 725.6 730.8 734.1 736.2 736.9 737.6 737.6 738.1 738.8 739.3 739.3 739.4 739.7 739.5 737.2 732.7 729.4 726.4 718.6 713.7 711.5 707.5 706.9 705.9 711.8 718.7 724 728.7 731.1 731.3 729.8 727.4 724.5 722.9 720.1 716.5 713.4 708.3 704.5 699.3 703.3 713 720.1 725.3 730.4 735.9 742.2 748.8 755.4 761 766.3 772 777.7 781.8 784.5 784.8 784.1 781.9 778.8
750.8 745.6 740 733.6 726.1 720.2 714.6 709.8 705.9 699.8 692.7 683.9 677.3 667.8 667.6 673.1 691.4 708.9 716.7 723.7 728.9 731.9 733.1 733.9 735.5 737.7 739 740.3 741.1 743.2 743.1 742.7 742.3 740.4 736 731.7 727 723.2 718.2 710.6 713.2 714.5 714.6 719 723.7 728.7 732.8 734.9 734.9 733.2 730.1 727 724.9 721.4 717.8 714.3 706.7 702.1 702.6 707 714.1 720.2 725.4 729.9 736 742.6 749.2 755.3 760.9 766.7 773.1 778.5 782.9 785.4 787.6 786.5 784.8 781.7
752.6 747.9 742.6 735.8 730 724.5 720.5 712.5 708.3 704.1 697.2 688.7 681.1 667.3 675.7 677.3 680.9 704.1 714 721.4 726.3 729.3 732.7 735.4 738.5 740.2 741.3 744.4 746.2 747.4 747 746.8 746.1 743.8 739.5 734.8 729.8 725.1 717.8 717.5 720.1 718.3 720.6 723.6 727.7 732.8 737 738.8 738.1 736.6 733.3 729.9 726.2 722.6 719 714.8 708.4 703 704.2 708.5 713.9 720.2 725.1 729.5 736.5 743.1 749 755 760.8 766.9 772.6 777.6 782 786.1 788.2 789 787.3 784.5
754.5 750 745.8 741.4 737 732.4 726.6 717.3 711.5 707.5 702.2 694.3 682.8 668.6 678.4 680.3 687.4 703.5 713.3 720.3 726.3 731.4 736.5 739.5 741.9 744.5 748.3 750.1 751.3 751.5 751.3 751 749.5 747.2 743.5 737.8 732.4 727.6 719.8 719.4 722.5 722.5 725.3 727.9 731.8 736.4 740.1 742.6 741.6 740.5 736.9 733.5 729.3 724.4 720 716.4 710.1 703.6 707.7 710.2 715.4 722.5 727.6 729.9 736.8 742.8 748.7 754.7 760.6 766.5 772 776.5 781.3 785.8 788.1 788.6 787.9 786.1
757.2 753.2 749.8 746.3 741.8 737.3 730.9 721.9 715.7 710.9 706.7 696.3 683.9 671.2 682.1 686.4 694.3 708.5 715.9 722.7 729.2 734.7 739.8 744.1 746.5 749.7 753.4 754.7 755.9 755.7 755.5 754.7 752.8 750.2 746.2 740.2 734.5 728.5 718.8 725.4 726.6 727.7 729.3 732.4 736.2 740 743.1 746.2 745.5 744.5 741 737.1 731.9 724.3 720.9 716.4 708.8 704.5 713 717.2 716.1 725.1 730 733.1 737.5 743.5 749.3 755 760.7 766.2 771.1 775.9 780.6 784.7 786.8 787.4 787.4 784.6
759.7 756.8 753.8 750.7 746.2 741.6 735.1 727.7 721.3 715.7 709.9 697.8 683.9 674 686 693.8 697.2 711.2 718.4 725.2 731.8 737.9 743 748 751.6 754.9 758.1 759.2 760.2 760 759 757.3 755.3 752.2 748.5 742.9 735.5 726.4 723 728.8 730.3 731.8 733.4 735.9 739.6 743.4 747 749.4 750.3 748.4 745.1 740.1 732.9 724.3 720.9 716.4 707.9 709.7 718.6 722.1 719.8 726.3 732.7 736 739.5 743.6 749.4 755.1 760.5 765.6 770.7 775.5 779.2 782.7 784.8 785.3 784.8 782
761.7 759.4 756.4 753.9 750 744.9 738.4 732.4 726.9 720.8 713.3 698.6 686.9 675.1 686.5 689.5 704.1 713.5 720.5 727.5 734.4 740.5 746.1 751.1 756.1 759.9 762.7 763.8 764.3 762.8 761.3 759.5 756.7 752.6 748.5 743.7 733 725.3 728.6 733.5 734.7 736 737.7 739.7 742.8 746.8 750.9 754.3 755.1 752.2 747.7 740.9 732.2 725.1 720.3 715.7 708.4 716.3 723.1 726.5 727.8 727.1 735.5 739.1 742.9 746.7 750.3 754.8 759.9 765.1 770.2 775.1 778.2 780.3 782.2 782.3 780.9 777.9
764 761.6 759.4 757 753.9 748.3 741.8 735.4 730.2 724.5 715.7 699.8 688.5 678.9 689.3 692.8 704.7 715.4 722.2 728.6 735.7 743 749.1 754.4 759.8 764.1 766.7 767.6 766.3 765 763.5 760 756.3 752.7 748.4 741.4 730.1 733.9 734.8 737.4 739.5 740.7 741.8 743.9 746 749.7 753.4 755.7 755.8 753.3 747.7 740.5 731.8 722.9 716.4 710.5 712.5 721.3 727.2 731.4 734.3 734.1 735.7 741.5 745.1 749 752.8 757.1 761.6 766.1 770.5 774.5 777.5 778.9 779.3 779.2 777.2 773.8
764.6 762.4 760.7 758.5 754.7 750.1 744.1 737.8 732.7 727.3 715.8 700 686.1 683.7 692.4 695.2 698 715.5 722.5 729.3 736.7 744 751.2 757.7 763 766 768.1 768 767.1 766.3 763.6 759.9 756.2 752.5 746.9 738.3 734.9 740 741.5 743 744.2 745.2 746.2 747.8 749.6 752.8 754.6 756 755.7 752.6 747.3 739.1 728.9 717.7 712.5 714.8 720 726.4 732 736.3 738.8 740.2 738.4 742.8 746.9 751 755.2 759.4 763.7 768 772.3 774.1 776.8 777.3 777.1 776.1 773.5 769.3
765.2 763.4 762.1 758.7 754.9 750.8 745 738.6 733.4 726.9 712.8 697.5 684.4 688.2 695.6 701.7 699.1 713.3 717.4 729.2 736.6 743.3 750.1 756.5 761.7 765.7 766.6 766.9 767 764.6 761.2 758.3 755.4 750.9 742.9 735.9 742.3 745.1 747 748.6 749 749.9 750.9 751.8 753.1 753.1 754.4 755.8 755.8 751.9 746.8 736.4 724.8 715.1 717.8 722.9 728.1 732.2 736.6 741.3 743.1 744.1 743.4 744.4 748.9 752.9 756.2 760.6 765.3 769.7 771.9 773.7 775.9 775.8 774.6 772.4 769.5 764.3
764.9 762.9 761.9 758.1 754.2 750.1 744.2 737.9 733.2 725.2 709.4 695.4 684.6 694.1 696.7 700.1 713.2 725 727.4 725.4 734.9 741.9 748.9 754.4 759.4 761.8 762.7 763 762.2 760.9 758.1 756.2 754.4 748.7 739.7 742.4 747.8 750.4 752.3 754 754.3 754.7 755.3 755.1 755.4 754.3 754.8 756.4 754.7 751.2 745.5 733.2 724.7 715.9 722 728.6 733.8 736.9 741.2 745.3 746.6 747.8 748.2 748.3 750.5 753.8 757.2 761.6 766.1 769.6 771.7 773.4 774.6 773.4 771.5 768.8 764.4 758
764.2 762.6 760 756.6 752.6 748.5 742.8 736.4 730.8 722.4 705.8 690.9 685.3 695.7 700.6 718.2 726.4 730.7 732.8 731.2 733.7 740 746.1 750.7 754.9 757.8 758.7 758.6 757.4 758.2 757.4 755.5 752.1 746.5 741.6 749.1 752.5 755.6 757.4 757.9 758.5 758.6 758.3 758.1 757.6 756.4 755.2 756.2 753.7 750 742.8 731.9 723.6 720.4 727.1 735.2 739.3 742.2 745 748.1 749.4 750.6 750.6 751.2 751.9 755 758.1 761.8 765.3 768.8 771.6 773.4 773.3 771.8 768.7 764.1 759.2 751.4
762.6 759.9 757 753.9 750.5 745.5 739.9 734.7 728.9 719.2 702.3 688.8 692.5 695.1 714.1 724.4 731.9 735.7 737.4 736.9 735.8 738.8 743.3 747.7 751.7 754 754.6 755.6 756.3 757.1 756.8 754.3 750 744.1 748.4 753.1 756.5 759.6 761.3 761.9 762.2 761.9 761.5 760.7 759.4 758.3 757.1 755.2 752.2 748.5 741.2 732.9 721.9 725.9 733.6 739.9 744.4 747.8 748.9 750.9 752.4 753 753.6 754.2 754.8 756.5 759.3 761.4 764.5 768 771 773.5 772 770 765.3 759.6 751.7 742
759.9 756.8 754 750.8 747 742.1 737.4 733.1 727.7 715.9 700.8 689.9 693.7 697.3 719.8 729.9 735.7 739.2 740 739.5 738.6 738.7 742.2 745.3 748.8 750.7 752.7 753.8 754.9 755.9 754.5 751.8 748.2 747.1 752.1 757 760.4 763.6 764.8 765.6 765.6 765.2 764 762.2 760.3 758.4 756.6 753.9 750.9 746.4 741 731 722.6 731 739.5 744.3 748.2 751.6 753 753.6 755.2 756 756.6 757.2 757.8 758.4 760.5 762.4 764.7 767.4 770.4 771.8 769.7 766.5 761.1 753.6 742.6 730.9
755.4 753.3 750.4 746.2 742 738.4 736 730.6 722.2 707.7 698.2 691.9 695.2 707.2 724.4 733.4 738.7 741.8 742.4 741.9 740.5 739 741 744.2 746.9 749.3 750.8 751.9 753 753.9 753.3 750.5 749 749.4 754.2 758.9 763.6 767 767.9 768.9 768.4 767.2 765.7 763.8 761.5 758.5 755.2 752.1 749.1 744.5 738.2 726.3 729.5 738.5 743.8 747.7 751.6 755.2 756.4 756.5 756.6 757.6 758.3 759.1 760.4 761.8 762.8 764.4 765.9 767.3 769.2 768.9 765.5 762.7 756.1 744.2 733.4 720.7
