data/270000-590000.asc
ncols 200
nrows 200
xllcorner 270000
yllcorner 590000
cellsize 50
[rows 35 to 69 of 200, columns 0 to 77 of 200]
489.5 501.2 510 518.1 527.6 535.4 540.2 540.9 541 544.5 544.7 544.5 544.9 543.7 538.2 531.4 523.3 513 500.8 481.3 460.1 442.4 426.8 414 401.6 388.9 381.1 373.9 368.2 366.4 366.6 369.2 373 379.2 387.9 392.6 395.3 398.5 398.6 398.8 399.2 399.5 400 401.9 405.7 404.1 405 404.6 395.8 396 391.7 388.4 385.5 383.4 378 372.8 372.9 375.7 379.9 386 393.4 401.3 408.3 415.5 421.7 425.7 430 432.6 431.7 428.3 425.1 427.1 432.7 432.4 425.2 415.7 400.3 379.5
473.7 478.5 486.9 501.3 516.4 528.8 533.7 535.1 535.5 538.8 537.8 538.1 539.4 536.4 530.9 523.7 513.7 501.9 486 470.7 454.3 439 426.2 414.4 404.4 393.6 384.1 375.9 370.5 364.4 361.9 361.6 362.3 365 369 374.3 377.7 379.5 380.7 382.1 382 382.5 383.7 383.2 385.3 385.1 383.1 382.3 378.8 374.9 371.7 371.3 369 366.3 361 358.5 357.8 359.9 367.1 375.9 387.7 400.1 409.8 420.5 428.3 430.9 432 431.9 430.2 429.2 430.7 439 442.4 440.8 435 427.1 413.8 391.1
455.8 466 472.7 487.1 505.3 520.7 528.3 529.5 528.1 531 528.8 530.3 531.4 527.6 521.4 511.5 500.1 487.3 474 460.9 446.6 433.3 424.7 416.2 404.3 393.4 385.5 378.2 371.2 368.2 362.6 360 357.5 354.6 356 357 359.8 363.8 367.5 369.4 366.2 364.5 363.8 364.5 365.6 363.9 361 360.5 359.1 357.2 353.3 350.5 349.4 348.3 345.1 342.8 340.5 343.2 351.3 360.8 378 395.5 406.2 415.6 421.9 426.8 426.2 421.9 417.9 418.4 426.8 443.1 445.3 445.4 442.2 435.6 423.2 400.2
442.6 450.7 465.3 478 497.5 511.3 520.6 521.6 522.6 520.2 519.5 521.4 521.1 517.1 508.6 498.9 487.3 473.8 460 449.8 438.6 427.3 418.3 411.3 402.3 393.5 385.7 379.5 375.2 369.4 366.6 363.1 358.8 353.3 347.9 347.3 346.1 348.1 351.1 351.9 349.8 349 347.5 346.6 345.4 341.7 339.5 340.5 341.3 339.2 336.4 334.9 334.1 334 329 327.9 325.9 325 331.4 344 361.9 379.1 387.5 396.7 405.9 410.3 408.6 406 401.7 402.4 414.2 433.4 444.6 445.6 445.1 441.7 430.3 410.4
430.6 442.7 457.1 470.7 491.3 504.6 511 514.4 513.1 511.6 512 512.6 509.6 505.1 495.9 485.6 474.3 461.6 449.9 439.2 432.5 425.2 416.8 409.3 400.3 395.5 392.1 387.9 385.1 381 376.9 371.3 368 364.7 360 351.2 343.3 339.4 337.4 336.4 335.1 334 333.1 331.1 329.1 327.2 325.9 324.4 324.1 324 320.6 320.1 319.4 315.9 314.6 312.5 313.4 313 316.4 327.9 340.3 350.7 362.1 371.9 380.5 386.3 385.5 384.7 382.9 386.1 401.1 415.1 434 439.5 440.4 440.6 433.4 415.7
419.2 436.1 452.2 463.3 482.5 497.3 504.1 508.5 507.7 505.9 505.6 503.7 498 491.4 482.2 470.6 461.3 451.6 441.6 435.4 429.2 421.8 413.9 406.8 405.5 406.6 406.3 404.7 401.9 397.8 393.2 388.3 383.9 383.9 382.7 374.6 361.8 351.7 342.1 333 327.7 322 321.1 319.1 317.9 316.9 315.5 312.4 310 309 307.4 306.6 305.7 305.1 304.1 301.2 303.2 302.9 304.1 309 316.6 325.8 336.1 346.4 354.4 358.2 361.9 364.7 364.9 371.6 383.2 395.4 407.4 417.4 423 425.8 421.5 410.7
411.4 429.5 447.4 457.5 476.5 489.4 498.4 503.7 503.7 502.2 497.4 491.1 485.4 479 470.3 460.8 449 442.8 437.3 430.4 423.7 418.4 414.9 416.3 420.7 424.9 429 427.6 421.7 415.5 411.2 404.6 402.2 407.3 406.4 399.4 388.7 379.1 365.9 351.3 338.7 329.6 321.1 314.8 311.3 309.2 307.3 303.6 301.5 300.4 299.2 297.4 296.9 296.8 296 293.3 294.4 295.2 296.5 297.3 300 307 311.8 318.6 327.9 336.5 343.2 347.7 352.7 358 363.2 373.3 382.8 391.3 401.6 406 408.5 408.7
402.9 421.9 441.5 454.5 468.5 482.5 492.3 499.1 498.1 492.7 483.7 480.4 474.9 468.2 458.4 449.2 440.1 435.2 430.9 429.3 425.1 420.6 422.8 431.3 439.5 448.4 453 454.3 446.1 438.4 430 422.5 421.2 424.3 423.8 418.7 412 404.5 396 377.4 360.5 345.1 336.6 327.7 319.9 312.6 306.9 303.9 301 298.7 293.5 290.2 289 288.4 285.6 283 285.8 286.8 290.2 291.3 293.3 294.8 295.8 301.7 314 323.6 329.5 331.1 337.1 343.1 346.8 352.5 355.2 365.6 379.1 386.8 392.1 396.9
399 416 433.9 448.9 458.1 475.4 486.1 488.7 485.9 481.1 471.1 469.9 463.4 454 446.2 439.1 432.1 429.2 429.7 430.3 431.1 430.5 438.2 450.2 459.4 467.5 473.6 471.2 466.7 457.6 446.7 439.6 438.2 441.8 440.4 437.4 432.5 425.2 415.9 400.8 382 364.2 352.5 342.4 332.7 324 315.8 310.2 306.8 303.5 299.8 296.7 293.3 290.8 288.5 285.3 279.4 278.7 282.7 285.4 286.6 287.7 289.4 290.5 299.4 307.3 311.7 315.2 319.7 325.7 328.7 330.3 333.3 339.5 350.1 360 371.6 384
394.6 408.2 427.5 442.1 455.3 467.9 478.8 474.8 470 466.6 455.7 456.4 450.5 441.3 434.8 429.8 426.8 426.3 427.9 433.9 444 447.7 457.6 468.5 477.6 485 490.6 490.3 482.7 472.8 461.4 454.4 454.3 456.8 456.8 454.2 450.5 447.1 440.9 420.9 402.8 386.8 368.5 354.9 345.9 337.3 327.9 323.1 316.7 312.8 311.4 308.2 306.6 302.9 299.5 293.3 285.9 279.9 277.4 280 280.4 280.2 281.7 281.6 284 291.1 297 304.1 309 311.5 313.3 313.9 312.3 317.1 327.3 335.8 349.6 361.6
388.8 402 422.9 439.4 452.8 462.7 475.4 463.5 454.5 450 440.8 437 433.4 426.8 421.9 420.3 419.7 422.1 431.4 451.2 462.8 465.9 474.6 486.9 497.7 503.3 507.6 505 499.3 488.6 476.4 469.1 469.7 468.6 471.1 470.6 466.3 461.4 453.7 437.5 419.5 404.6 387.5 368.2 358.2 348.8 340.8 333.7 328 326.9 324.6 322.7 319.9 314.4 307.7 298.8 289.9 283.6 277.1 274.8 275.1 274.7 272.4 272.8 274.1 276.3 286.9 292.2 293.9 295.6 298.5 299.8 300.6 302.7 308.5 314.3 324.7 334.7
379.2 400.1 421.9 440.9 454.9 459.2 459.8 448 442.7 439.2 433.9 427 422.8 419.3 415.6 412.3 410 418.4 439 465.3 476.3 481.7 490.4 503.2 511 515.8 515.6 513.5 510 503.8 492.3 484.4 486.5 484.9 484.1 483.1 479.7 473.8 464 449.9 434.1 418.5 405.7 379.1 366.2 357.5 350.7 342.7 339.4 340.7 339.6 338.9 335 329.3 318.2 307.3 296.6 288 280.6 273.7 270.6 269.7 270.2 269.1 268.2 267 273.5 276.6 277.6 282.2 285.7 287.2 287.6 288.8 291.4 295.4 304.9 311.2
379.7 405.2 427.3 445.9 454.3 454.8 449.9 443.7 437.5 430.2 420.2 413.8 407.9 406.8 405.1 403.8 411.4 426.6 455.1 475.4 486 492.7 502.9 511.5 517.8 519.3 520.5 520.9 519.9 513.5 504.1 498.1 498.5 499.8 498 494.3 489.5 483.6 475 459.4 441.6 426.1 413.3 385.8 372.3 365.6 356.8 349.6 351.4 356.2 359.1 356.8 352.1 343.9 329.3 316.1 304.8 295.2 286.6 280.1 275.3 272.2 269.3 266.8 267.5 267.7 266.6 266.6 268.9 272.3 276.8 278.7 278 278.9 280.4 281.7 286.7 291.4
396.7 416.7 438.1 445.9 449.5 446.4 440 434.1 427.4 417.9 410.2 404 397 395.9 394.8 400.4 418.9 440.9 470.1 486.6 494.9 501.4 508.9 515.4 520.1 521.3 522.7 524.9 523.7 517.9 509.9 509.2 509.7 510.1 508.9 506.3 500.9 490.8 480.3 464 447.4 429.2 413.2 388.3 377.5 368.2 358.1 362.9 367.7 373.6 377.2 375.3 368.4 356.6 341.7 327 315 306.6 297.8 289.9 284.4 278.8 274.8 270.9 267.2 264.3 265.9 265.2 265.6 265.5 265.8 269.5 271.2 271.3 272.5 271.7 273.1 274.2
410.2 425.7 434.7 436.8 438.2 434.9 429.1 423.1 413.4 406.8 396.3 391.8 385.7 384.5 382.7 405.4 424.6 452.3 477.3 488.8 498.3 505.1 510.3 513.5 517 521.3 522.1 522.2 521.3 518.6 516.9 517.1 519.1 521 519.3 516.2 509.5 495.3 482.2 465.1 446.4 432.8 414.7 393.4 381.2 370.4 370.7 377.3 386.4 392.5 395.8 392.7 385.1 371.8 355.4 340.6 329 319.2 308.3 301.6 295 288.7 283.2 278.2 275.9 271.7 266.4 264 264.6 264 264.2 264.5 264.1 263.8 265.3 265.7 263.1 264.9
414.7 419.3 416.8 420.2 425.5 424 417.8 410.6 398.3 393.6 385.8 376.2 368.7 367.3 383.6 405.5 427.8 456 481.1 489.4 494.1 502.8 504.1 506.7 512 517.1 518.6 519.6 518.1 518.6 520.3 523 527 528.3 526.2 522.1 514 499.6 481.3 463.2 445.6 434.9 416.6 396.9 385.3 379 385.7 396 405.3 411.9 413.8 409 399.3 385.5 369.5 354 343.4 331.7 318.9 313.7 307.5 301.7 296.1 291.1 287.2 283.7 273.3 270.8 268 264.2 261.7 262.5 262.3 260.7 260 260.1 259.7 260.1
395.3 393.2 394.5 399 405.6 408.6 403 391.2 381.6 377.3 370.9 364.8 356.1 363.7 384 405.5 428.9 453.5 475.7 484.6 487 493.4 493.3 497.1 503.7 508.9 512.9 513.4 511.3 515.2 520.7 525.1 529.6 531.5 529.6 524.5 513.5 500.8 480.8 464.8 449.4 435.1 411.9 397.6 388.6 393.4 404.9 415 423.5 428.1 430.6 425.5 411.4 394.4 377.3 365.3 354.1 341.8 331.7 326.5 321.1 315.3 309.8 305.8 301.3 295.6 287.7 285 280.1 274.1 269.8 263.2 261.3 259.9 258.8 258.3 258.1 258
356.3 364.9 369.3 374.3 383.9 384.1 375.4 369.8 366.2 360.6 357.8 354.3 348.6 362.7 383.4 405 429.1 447.5 463.5 471.9 475.9 479.8 482.7 488.2 493.4 495.3 498 501.3 505.6 512.1 519.5 525.1 531.1 534.4 532.2 521.8 512.4 496.8 479.2 463.9 450.4 434.3 410.6 398.3 398.4 406.5 417.7 429.5 439.9 444.8 448.5 443.3 424.9 401.9 387.3 376.4 364.3 353 345.3 340 334.7 329.4 324.6 320.5 316.8 312.1 306.2 301.9 295.2 289.2 282.8 275.8 267.3 262 258.7 257.8 257.6 257.9
332.1 341.6 343.1 347.5 358.8 359 353.8 353.1 354.3 349.1 348.5 346.1 344.8 360.5 380.6 401.3 423.9 438.8 451.6 460.8 465.9 469.8 473.7 476.5 477.9 478.7 483.5 491.1 498.8 508.7 516.6 524.2 531.9 533 525.9 516.2 508.8 492.5 477.4 465 451.4 429.9 410.3 409.3 413.9 422.2 431.3 442.5 454.5 459.7 459.1 452.2 430.3 410.3 398.9 387.5 374.9 365.3 358.5 353.8 349.4 345.2 341.2 337.3 334.1 329.1 325.1 321.6 314.4 306.3 299.9 289.9 280.8 273.4 265.4 259.1 256.1 256.2
312.1 318.2 322.1 327.7 331.9 336.6 338.8 340.5 342.8 340.4 341.2 339.3 343.8 357 374.5 394.8 413.1 431.4 442.1 451.3 455.9 461 461.9 461.4 462 464.7 471.4 481.2 492.9 502.9 511.3 521.9 525.5 522.5 516.1 511.3 500.1 487.9 475.7 465 453.1 436.8 424.3 424.8 430.5 435.6 445.9 455.6 464.9 469.2 465.5 454.2 429.9 420.1 408.4 397.6 387.4 379.1 373.8 368.7 364.7 360.9 358.1 354.6 351.2 346.7 342.9 340.6 334.4 326.1 316 304.9 295.9 288.3 278.7 268.9 262 258.7
291.1 297.7 302.9 307.2 312.5 321 324.3 326.1 329.4 333.9 334.5 333.1 340.3 352.4 368.5 386.5 403.6 422 432.4 441.5 446.8 449.2 448.9 448.3 450 453.6 460.6 470.9 482.9 495.7 505.4 511.6 513.8 510.6 504.6 501.8 493.4 484.4 473.7 464.8 455 444.5 441.6 443.7 448.6 452.1 458.7 467.8 474.8 478.7 472.5 456.6 441.7 432.3 419 408.4 401.4 395.5 390.1 383.9 380 376.6 375.1 372.6 369.8 366.6 364.8 361.8 357.5 350.9 339.5 326.2 312.7 300.9 290 278.9 269.6 264
274.2 280.8 285.6 289.8 295.2 303.7 306.6 309.8 315.7 322 322.1 323.3 335 346.6 361.9 378.6 394.2 409.8 423.4 432.3 436.9 436.7 436.8 436.6 439 443.9 450.9 460.7 472.1 483.4 492 497.3 498.4 497.1 495.2 491.6 489.1 482.8 473.8 464.8 456.4 454.7 457.6 461.4 462.9 467.1 472 478.4 484.7 486.6 477.8 467.6 457.3 443.3 430 422.6 419 413.5 408.7 401.4 396.7 396 393.1 391 388.1 388.3 389.4 386.7 382.2 376.4 367.4 353 334 313.9 299.8 287.3 277.3 272.2
263 266.4 271.6 276.2 279.1 282.3 289.1 294.4 303.5 309.7 309 315.3 328.9 341.3 355.5 369.9 385.3 400.3 414.4 423.7 427.2 428.6 428 427.7 429.2 432.1 438.1 449.9 460.8 468.7 475.1 478.6 482.1 483 483.9 484.1 484.1 479.9 471.7 467.9 467.5 468.8 473.3 476.3 478.3 481.1 486.2 491.3 495.6 495.2 486.5 480.1 466.4 452.9 443.7 438.6 435.7 429.9 423.9 419.4 413.8 411 408.5 404.6 404.6 407.2 406.5 404.3 400.7 394.7 384.1 369.8 352.8 331.4 310.1 298.2 287.2 280.2
256.9 257.8 258.4 266.5 269.3 269.5 274.6 280.4 288.8 296.3 296.3 309.7 323.6 336.1 349.9 362 376.5 392 405.3 413.7 418.5 420.8 420.5 418.9 420 421.7 426.5 435.7 446.7 454.8 460.8 464.6 469.3 472.5 475.4 476.9 480.5 479.9 478.3 479.6 483.4 485.5 488.7 489.2 492 497 499.3 502.7 505.8 502.1 493 485.8 474.9 466.6 459.4 455.1 452.5 445.6 439.4 430.9 423.3 419.8 415.8 411.5 410.7 412.7 411.7 409.8 406.2 401 391.5 378 362.7 345.3 327.2 310.2 297.1 287.7
253 253.2 253.3 258.8 260.4 259.2 264.3 268.3 274 281.3 292.3 305.2 317.4 329.9 342.5 357.9 371.8 384.7 396.2 404 407.9 409.4 408.3 407.2 407.5 407.1 414.8 420.4 428.9 438.4 447.4 452.6 457.1 461.4 466.5 471.3 478.8 485.8 489.1 493.9 499.5 501.9 503.3 502.6 505.8 509.7 511.1 513.7 512.5 504.5 497.6 493.6 485.4 479.6 472 468.5 464.1 455.6 444.6 434.4 427.3 422.2 416.5 411.9 410.4 410.6 409.7 408.2 403.1 400 391.9 381.8 370.5 358.2 342.3 324.7 309.2 296.2
252.2 251.4 251.2 252.2 251.8 252.6 254.1 258.1 262.9 269 282.9 295.5 309.3 322.4 337.2 354.2 366.5 378.4 389.3 395.1 397.7 398.2 397.4 390.8 391.8 388.6 398.3 405.5 413 420.5 430 437.9 444.8 451.8 458.9 467.8 479.5 491 499.1 502.7 506.8 510.1 509.3 511.7 515.7 518.9 520.3 520.3 516.2 506.4 503.8 501.1 497.1 491.1 485 479.8 470.8 460.3 446.6 434.2 427 422 416.2 411 408.6 406.4 404.6 401.8 398.3 397.1 392 385.5 374.2 362.2 349.7 335.7 319.1 304.2
253.3 251 248.9 248.8 247.7 247.6 250 253.6 256.4 263.3 270.8 284.5 299.3 314 330.2 347.6 360.7 371.4 378.8 382.7 385.5 386.3 385.6 378.9 376.1 373.2 382 389.1 398.6 407.4 416.1 424.6 431.8 440.9 452.3 464.8 477.3 490.4 500 505.3 508.4 511.2 513 516.5 521.4 525.2 524.3 520.8 514.8 509.7 507.6 509 503 499.3 493.8 484.7 475.5 462.7 446.4 434.7 428 422.3 416.2 411.2 408.4 404.6 400.6 396.9 393.6 393.5 390.2 383.9 375.2 363.5 354.2 344.1 328.1 311.7
251.5 248.9 246.7 245.8 244.9 244.6 247.4 248 249.8 253.5 263.3 270.6 289.1 305.4 321 337.6 351.5 359.6 364.8 368.4 371.7 373.3 372.9 366.3 365.2 360.1 369.1 373.7 381.5 391.7 401.8 411.4 419.7 432.3 446.9 459.2 471.8 484.5 493.9 500.5 504.1 509 513.8 519.6 523.5 526 521.1 517.6 513.9 514.8 512.5 513.1 507.5 502.6 493.6 482.5 473 459.5 449.3 439.7 432.7 427 419.4 414.3 410.1 405.8 401.2 395.8 390.7 387.5 383.7 379.5 374.1 364.5 355.7 346.9 335.1 319.5
247.3 245.3 245.1 244.4 243.3 242.3 243.3 244.1 245.7 248.7 252.1 260.3 276.4 298.4 311.6 325.9 337.7 343.5 348.7 353.9 357.2 359 359.1 353.6 351.5 352.1 357.8 362.1 367.8 376.4 389.3 399.3 411.1 426.2 439.2 451 464.5 474.6 484.4 491 497.2 502.4 509.7 515.8 517.5 514.6 513.4 514.3 517.4 517 516.3 515.4 509.8 502.7 493.4 480.8 469.8 457.2 450 444.6 439.4 433.6 427.1 421.9 416.6 410.6 405.7 399.3 390.5 382.2 376.8 372.1 368.7 363.6 356.1 349 338.6 327.5
245 245.3 243.4 243.7 242.4 241.4 240.6 240.7 241.6 242.1 243.9 249.3 259.6 282.1 298.5 313.7 320.6 325.9 332.9 339.8 342.8 344.7 345 339.9 341.3 344 347.5 352.1 357.6 364.9 374.1 385.9 400.3 413.8 426.8 437.5 450.7 461.1 471.5 479 486.3 494.4 501.8 503.6 501.5 504.4 510.3 514.7 516.9 519.8 519.4 515.1 508.4 501 487.8 477 467.6 460.3 454.2 450 445.8 439.9 438.5 433 426.8 420.3 411.8 403.9 395.8 386.8 376.6 369.7 365.5 358.9 352.2 347 339.4 328.8
250.6 250.2 246.8 243.2 239.8 240.3 238.2 237.6 237.9 238.3 238.7 240.1 251.4 264.8 283.9 299.1 305.7 313.2 320.9 325.9 328.5 330.5 329.1 326.7 330.5 331.8 337.8 341.8 348.5 355.7 362 372.7 385.5 401.2 411.8 423.2 433.9 445.1 453.8 463.1 473.1 480.1 484.8 488 490 499.9 506.8 511.5 516.9 519.2 517.6 513 506.4 494 482.6 476 469.5 464.3 460.6 455.3 454.1 453.3 455.1 449.4 442.2 433.5 419.4 409.3 401.6 393.1 383.8 375.9 369 362.1 353.3 347.1 339.4 332.7
257.7 259.3 258.5 251.4 243.3 240.4 239.6 236.5 234.1 230.5 234.5 234.6 244.4 251.6 269.2 283.1 294.4 302.2 308.3 311.5 313.4 314.3 314.6 317.4 322.7 323.7 329.1 331.8 340 346.6 351.5 360.7 373.2 383.8 397.1 408.5 418.7 429.5 437.9 448 457.4 461.8 466.8 474.8 484.3 493.7 502.3 510.6 516.1 517.6 517.4 512.1 502.8 491 484.3 479.1 473.6 468.8 464.9 463.7 464.5 467.4 465.4 462.4 460.5 451 435.4 422.4 411.4 401 391.2 383.2 375.9 367.4 360.5 353.4 348 343.3
269.1 270.4 268.6 261.5 253 248.5 244.9 240.7 236.2 231.6 228.5 230.7 237.6 244.7 255.5 268.3 280.6 289.4 295 297 298 301.1 305 311.2 318.2 319.1 320.5 321 327.2 334.5 343.5 353.9 362.3 371.6 382.5 394.7 407.5 419.4 427.6 434.3 443.1 450 457.4 466.5 476.6 488.3 498.2 507.7 513.8 516.7 515.1 511.3 501.3 491.7 487.6 482.7 476.8 474 472.6 474.7 478.6 481.1 479.6 477 474.2 467.9 453.4 439.4 426.2 411.3 400 391.2 383 375.4 365.7 358.8 353.7 348.7
283.3 282.7 278 271.9 264.2 258.7 252.3 244.7 239.1 235.4 230.5 227.6 229.4 236.9 243.1 249.7 261.6 273.2 279.6 285.8 290 294.3 299.3 304.7 309.9 317.6 313.4 308.2 319.7 328.9 336.9 344.5 354.5 364.3 374.3 385.2 397.3 406.9 416 424.2 431.8 440.7 451.6 458.9 469.1 483.1 495.1 504.1 511.4 513.1 508.8 504.6 497.7 498.3 495.5 487 482.3 482.5 483.9 488.2 492.9 494.2 493.4 490.7 485.6 479.3 466.7 452.9 442.1 425.6 411.8 401.9 393.7 384.8 374.5 366.4 359.6 354.2
295 294.8 286.2 280.2 275.4 269.8 260.8 250.7 243.8 240.1 236 231.4 227.2 229.1 234.3 239.2 247.3 260.7 271 278.2 282.3 286.5 291.2 299.7 305.1 308.6 306.1 315.2 327.4 337.9 347.6 357 363.9 367.4 374.2 378.2 388.8 399.3 406.3 414.1 422.2 432.4 443.7 452.7 462.8 476.5 491.4 502 509.2 512.3 510.6 508.2 507.5 505.6 502.2 495.8 491.6 492.3 498.6 501.6 504 506.2 506.6 503.6 495.2 486.5 473.2 461.4 450.9 436.7 423 414.1 404.4 396.5 386.1 375.9 367.2 362.9
