data/270000-830000.asc
ncols 200
nrows 200
xllcorner 270000
yllcorner 830000
cellsize 50
[rows 70 to 104 of 200, columns 78 to 155 of 200]
343.1 340.3 338.4 338.1 338.6 338.9 337.1 334.9 332.9 329.8 325.1 317.3 310.5 304.5 305.6 306.4 305.5 304.6 307.4 310.1 312.8 315.5 317.9 318.7 318.8 316.7 315.5 313.6 310.2 306.8 302.6 298.3 293.5 289.4 286.8 284.9 280.3 281.5 279.9 279.5 278.8 278.1 280.7 280.4 279.5 279.1 280.2 282.4 284.5 285.9 287.4 288.8 287.3 287.3 288.2 288.2 288.8 289.2 289.9 290.7 289.3 300.3 304 308.3 313.1 316.9 320.9 324.9 329 333.6 337.3 345.8 349.8 356.6 361.1 363.6 365.3 366
346.5 344.8 344.9 345.1 345.4 344.7 342.4 339.2 335.3 331.3 326 319.4 312.5 307.9 304.1 303.4 302 301.7 304 306.7 309.5 312.5 315.7 316.8 315.9 314.1 313.7 312.5 309 305.5 301.4 296.5 293.6 288.6 286.1 284.4 280.2 279.9 277.6 277.4 278 278.2 278.9 280 278.9 278.3 279.6 281.8 283.9 285.5 286.9 288 286.5 285.6 286.9 287.9 288.5 288.8 289.4 289.4 292.3 299.5 304.6 309 314.2 318 321.8 325.6 329.6 335 342.2 349.3 355.4 361.7 365.8 369.1 371 371.9
351 350 350.4 350.7 350.3 349.4 346.8 342.6 337.9 331.8 326.2 319.2 314 310.2 306.4 303.1 300.4 300.2 302.3 304.3 306.4 309.6 313.2 314 312.8 311.4 311.7 310.4 307.3 304.2 300.4 296.4 292.8 287.5 285.6 284 280.9 278.4 276.6 276.9 277.5 277.7 278.7 279 278.9 277.5 279.1 280.9 282.9 284.9 286.4 286.8 285 284.7 286.2 286.9 287.6 288.3 288.8 288.4 296.6 301 306.6 311.2 315 319 322.9 326.7 330.8 336.2 345.5 351.7 357.8 364.8 370.9 374.6 376.7 377.5
356.4 355.8 355.7 356.1 356.4 353.2 349.9 345.6 339.3 332.8 326.2 318.6 312.9 309.1 306 302.7 298.8 298.4 300.8 302.3 304 306.3 309.5 311.1 309.9 309.1 310.1 308.3 305.5 302.5 299.5 295.3 291.2 287.3 284.7 281.8 278.5 276.3 276.2 276.5 277 277.5 277.8 277.8 277.8 277.5 277.8 279.9 281.9 283.3 282.8 282.6 283.6 284.6 285.8 286.4 287 287.6 288.3 291.2 298.1 302.7 307.9 312 315.7 319.7 323.6 327.6 332.6 339.4 347.4 353.4 359.5 366.5 374.8 379.7 382.9 384
362.5 362.1 362 361.8 361.2 358.5 354.8 347.4 340.7 333.1 325.8 317.5 311.7 307.9 304.8 301.4 298.5 297 296.9 300.8 301.1 301.5 303 305.2 306.7 307.1 307.2 305.4 303.6 300.6 297.2 294.1 290.6 285.6 282.4 280.3 276.7 276.6 276.1 276.3 276.5 276.6 276.6 276.7 276.5 276.7 276.8 279 280.8 281.6 282.1 282.7 283.3 284.2 285.3 286 286.6 287.2 287.3 291.8 298.3 303.4 309 312.7 316.4 320.3 324.3 328.9 334.1 341.1 348.6 355.3 362.5 370.6 378.9 385.2 388.9 390.1
368.4 369.9 370.5 368.7 367.4 363.4 357.4 348.7 341.3 333.1 324.6 316.1 310.2 305.7 302.3 299.7 297 294.3 294.9 297.8 299.5 300.3 301.3 301 300.4 299.7 298.8 299 296.9 296.6 294.6 292.9 289.3 284.3 280.2 279.2 276.3 276.3 275.4 275.8 276.1 275.9 275.5 275.7 275.9 276.1 276.3 277 278.9 280.4 281.6 282.3 283 283.9 284.9 285.7 286.3 286.8 285.8 292.3 298.6 304 309.1 313.3 317.2 321 325.5 330.4 335.9 341.7 349 356.8 363.9 372.2 380.8 390 393.5 395.4
376.2 384.7 383.6 379.2 371.8 365.4 357 348.4 339.1 331.2 323.2 314.1 308.1 303.6 300.6 298.1 295.5 294.9 294.1 294 296.7 299.3 300.3 300.3 299.9 300.2 301.1 301.9 297.8 295.4 293.3 291.2 288.6 283.6 279.6 277.1 276.3 276 275.1 275.6 275.8 275.7 275.2 275.1 275.3 275.5 275.7 276 277.1 279.5 280.9 282 282.7 283.6 284.5 285 285.5 286 285.4 291.7 298.7 305.4 308.4 313.5 317.6 321.8 326.8 332.1 337.5 343.2 349.9 358.2 366.2 376 385.3 392.4 398.2 400.9
383.4 394.1 398.7 386.3 375 362.9 353.6 344.2 334.9 326.2 319.4 311.8 305.5 301.1 298.6 295.9 294.5 294.2 293.2 293.1 295.3 297.9 299.5 299.5 299.2 299.4 299.5 300.9 297.1 294.5 292.4 290.1 287.5 283.5 279.7 275.9 275.6 275.1 274.7 274.9 275.7 275.8 274.8 275 275 275 275.2 275.9 276.5 278.3 280 281.5 282.4 283.1 283.6 284.1 284.7 285.2 285.4 291.3 298.4 305 307.9 312.6 317.2 321.6 327.4 333.1 338.7 344.3 350.3 359.4 369.4 379.2 388.7 396.1 401.8 405.1
393 399.5 403.6 386.6 378.3 365.2 350.1 338.8 330.3 322.8 316.2 306.8 301.3 297.7 295.3 293.2 292.1 291.8 291.7 292.2 293.7 295.3 297.2 298.4 297.9 297.8 298 298.8 296.3 293.7 291.7 289.3 287 282.6 280.1 277.6 275.8 274.5 274.2 274.3 274.1 274.3 274.2 274.4 274.7 274.7 275.4 275.9 276.5 277.4 279.1 280.7 281.8 282.3 282.9 283.4 284 284.5 285.1 291.4 298.6 304.7 308 312.1 316.6 321.8 328.4 334 339.6 344.4 349.3 358.1 368.2 379.3 389.7 395.8 404 408.9
397 399.5 396.3 384.4 377.2 362.3 347.5 336.1 327.2 319.1 311.1 302.4 297.2 294.3 292.1 290.7 290.6 290.8 291 291.7 292.4 293.5 294.5 295.2 295 295.8 295.5 295.2 294.2 292.1 290.3 288 286.2 282.9 280.8 278.6 276.2 274.2 274.1 274.1 274.2 274.3 274.5 274.5 274.5 274.4 275.1 275.9 276.8 277.3 278.8 280.2 281.1 281.7 282.2 282.7 283.3 283.9 284.3 290.3 297.5 304.2 307.8 311.8 316.6 322.3 327.6 334.9 340.1 344.6 349.6 357.8 366.3 377.1 387.7 395.2 402.6 408.8
401.1 396.7 391.5 384 374.2 357.9 343.8 334.1 323.7 314.5 305 297.9 293.9 290.9 290.6 290.2 289.8 289.9 290.5 291.2 291.8 292.1 292.6 293.1 292.9 292.7 292.4 292.4 291.4 289.7 288.2 287 285.3 282.3 279.9 277.7 275.6 274.1 274.1 274.2 274.3 274.3 274.3 274.3 274.2 274.2 274.8 275.7 276.5 277.3 277.9 279.3 280.3 281 281.5 282.1 282.6 283 284.1 289.1 295.6 302.2 308.2 312.6 317.2 322.5 328.1 334.8 340.8 345.4 349.7 356.3 365.1 374.4 384.7 392.6 400.1 409.5
407.2 396.9 391.7 383.5 371.5 354.6 341.5 331 318.6 309.6 301.1 296.3 292.8 291.2 290.7 289.9 289.1 289.4 290 290.5 291.1 291.2 290.4 291 291.2 291.5 290.2 289.4 288.2 287.4 286.6 284.2 284.6 281.5 278.9 276.6 275.8 274.9 274.2 274.3 274.1 274.1 273.9 274 274 274 274.5 275.4 276.2 276.8 277.9 278.5 279.5 280.3 280.9 281.4 282 280.5 283.5 288 293.9 301.1 307.8 313.8 318.5 323.7 329 334.6 339.8 344.5 349.3 354.2 363 371.9 381.7 390.1 398.4 408
410.4 400 392.2 381.2 367.8 350.7 337.2 326.2 316 308.5 301 295.5 292.1 291.4 291.2 290.5 289.5 288.7 289.3 289.8 290.4 290.8 291.4 290.3 290 289.7 288.4 287.7 286.9 286.5 286.1 284.6 282.6 280 278.7 277.8 276.6 275 274.2 274 274 273.8 273.6 273.8 273.8 273.8 274.2 275.1 275.9 276.8 277.5 278.1 278.6 279.6 280.2 280.8 281.1 280.8 282.5 285.9 293.7 300.9 307.8 313.7 319.6 325.8 330.7 334.2 338.6 343.2 347.8 352.3 359.8 368.9 377.8 386.7 395.7 405
416.4 404.7 390.6 377.3 363 344.2 332.2 323.4 315.3 308.1 302.2 297 292.8 292.6 291.9 291.2 290.2 289.1 288.6 289.1 289.7 289.9 290.2 289.8 288.8 287.9 286.8 286.6 286 285.1 284.7 282.7 281 279.1 278.4 277.7 277 276.3 274 274 273.8 273.5 273.2 273.4 273.6 273.6 274 274.8 275.5 276.4 277.1 277.7 278.3 278.9 279.5 280 280.4 280.9 281.1 284 291.2 299.2 306.8 312.9 318.6 324.2 330.9 334.4 337 341.6 345.9 350.5 356.8 364.8 373.4 381.6 390.9 401.1
420.6 404.9 388.9 371.9 354.9 340 330.1 322.9 315.9 310.1 304.2 299.3 294.8 292.8 292.2 291.4 290.5 289.4 288.4 288.9 289 289.3 289 289.1 288.4 287.1 286.1 285.7 285.1 283.8 283 281.4 279.6 278.5 278 277.4 276.7 276.9 273.4 273.7 273.5 273.2 272.9 273.1 273.3 273.4 273.7 274.5 275.3 276.1 276.7 277.3 277.9 278.4 278.9 279.4 279.8 280 280 283.2 290.2 297.3 304.1 310.3 316.4 322.6 329.1 334.4 336.3 339.6 344 348.6 354.6 360.1 368 376.4 385.5 395.3
421.1 404.8 384.5 366.5 349.9 338.8 330.2 323.5 317.9 312.4 306.4 301.5 296.5 292.6 291.7 290.9 290.7 289.2 288.4 288.3 288.4 288.3 288.5 288.7 287.9 286.5 285.4 284.7 284.2 283 281.4 280.1 279 277.9 277.3 276.8 275.9 275.9 273.4 273.4 273.2 272.9 272.7 272.7 272.9 273.2 273.4 274.2 275 275.7 276.3 276.8 277.3 277.9 278.4 278.8 279 279 279 280.8 287.9 295 300.9 308.4 314.6 320.7 326.5 332.4 334.9 337.4 341.6 346.6 351.2 356.7 362.1 371 380 388
419.7 401.1 380 361.7 347.2 338.2 330.9 326 321.2 315.1 308.8 303.2 298.3 293.5 292.3 291.1 290.5 289.2 288.5 287.8 287.7 287.9 288.1 288.2 287.4 286 284.7 283.5 283.3 281.9 282.7 280.6 278.3 277.2 276.7 275.8 274.9 273.6 273.6 273.5 273 272.6 272.4 272.4 272.6 272.8 273.1 273.9 274.6 275.2 275.7 276.2 276.8 277.3 277.8 277.9 278 278.1 278.5 280 285.6 291.7 296.7 305.1 312.8 318.7 323.7 328 331.7 334.9 340.1 345.1 349.4 353.5 359 366.8 375.7 384
415.5 395.2 374.4 357.2 347.7 340.5 333.9 328.2 322.7 316.6 310.5 305.4 301 296.3 292.9 291.7 290.7 290.1 289.4 288.8 288 287.4 287.6 287.8 286.8 285.4 284.1 284.2 284.3 282.9 282.3 281.1 278.5 276.6 275.7 275.3 275.1 273.6 273.4 273.6 273.1 272.7 272.2 272 272.3 272.5 272.8 273.3 274 274.6 275.2 275.7 276.2 276.7 276.9 277.2 277.6 278.1 278.3 278.2 283.2 288 293.1 301.3 309 314.9 319.8 324.4 329.1 333.3 338.5 343.6 348.1 351.4 355.7 362.8 370.2 377.5
412.2 390 373.4 360.3 350.3 341.9 335.8 329.8 324.1 318.1 312.8 307.7 303 298.6 294.7 292.4 291.7 291.1 290.4 289.8 289 287.9 287.2 287.4 286.3 284.9 284 284.5 284.5 283.8 282.9 281.5 279.8 277.3 277.2 277.6 276.7 274.8 273.4 273.3 273.1 272.6 272.2 271.8 272 272.3 272.7 273.1 273.5 274.1 274.7 275.2 275.7 276.1 276.5 277 277.4 277.8 278.2 278.2 278.9 283.3 290 297.5 304.8 310.8 316 321.5 326.6 330.4 335.4 340.6 345.3 349.2 353.2 357.7 364.2 370.4
411.4 388.1 374.9 363.6 353.6 344.3 337.7 331.7 325.8 320.3 315.1 310 304.9 300.4 296 293.2 292.7 292.1 291.4 290.7 290 289.1 287.8 286.9 286 285.4 284.9 284.8 284.8 284.7 283.4 282.1 280.6 278.5 277.7 277.4 277.1 275.8 274.3 273 273 272.6 272.3 271.9 271.8 272.2 272.5 272.9 273.3 273.6 274.2 274.7 275.2 275.6 275.9 276.3 276.8 277.2 277.6 277.2 277 279.7 286.6 294.5 302.1 307.9 313.5 318.5 323 326.7 331.9 337.2 341.3 345.3 349.3 353.1 358.2 363
408.6 389.8 377.6 367 357 348.1 340.8 334.1 328 322.5 317.2 312.1 307 301.5 297.2 294.5 293.7 293.1 292.4 291.7 290.9 290.2 289 287.4 286.5 286.1 285.7 285.2 285 284.7 283.7 282.6 281 278.2 277.6 277.3 276.9 276.3 275.4 273.6 273 272.6 272.2 271.8 271.7 271.8 272.1 272.5 272.8 273.2 273.7 274.3 274.7 275 275.3 275.7 276.1 276.6 276.9 276.7 276.1 276.7 282.4 290.9 299.9 305.4 309.4 314.1 318.4 322.2 327.8 333.2 337.5 341.3 345.2 348.6 353.1 356.5
406.9 391.2 375.8 367.5 360.5 352 343.8 337.5 331.3 324.9 318.6 312.5 306.6 302.2 298.3 296 294.7 294.1 293.3 292.6 291.9 291.2 290 288 286.7 286.2 285.8 285.1 284.8 284.5 283.6 282.5 281 278.6 277.5 277.3 276.3 275.8 274.5 273.1 272.6 272.5 272.1 271.9 271.8 271.6 271.7 272 272.4 272.8 273.3 273.7 274.1 274.5 274.8 275.1 275.5 275.9 276.3 276.3 275.7 275.1 276.4 282.8 293.3 301.8 307.3 309.5 315 318.6 324.5 330 334 337.2 340.5 343.7 347.6 351.1
402.3 390.5 378.1 369.8 362.5 355.1 347.5 340.1 333.8 328 321.8 314.8 308.9 303.7 299.7 297.2 295.8 294.9 294.2 293.5 292.8 292 290.5 288.6 286.8 286.4 285.9 285 284.6 284.3 283.4 282.3 281.1 278.8 278.1 277.4 275.8 275.6 274.6 272.8 272.5 272.4 272.1 272 271.9 271.8 271.6 271.6 271.9 272.4 272.8 273.2 273.6 274 274.3 274.6 274.9 275.3 275.7 275.9 275.2 275.3 275.4 278.5 283.6 295.3 301.6 307.5 309.9 315 321 327 332.2 335.5 337.9 340.1 342.2 346.5
395.1 390 381.8 371.4 364.8 358 351.1 344.1 337.4 331.5 325 317.9 311 305.4 300.9 298.2 297 296.2 295.3 294.4 293.6 292.5 291 289.2 287.2 286.5 285.9 284.8 284.4 284.1 283.3 282.2 281.1 279.4 278.8 277.4 276 274.5 273.7 272.8 272.4 272.3 272.1 272.1 272 271.9 271.8 271.5 271.5 271.9 272.3 272.7 273 273.4 273.8 274 274.3 274.7 275 275.2 275.3 275.3 274.8 275.3 276.8 285.5 295.7 301.9 306.1 310.4 316.4 322.7 329.1 332.5 335.2 336 336.5 340.2
390.8 389.4 384.4 377.9 373.6 365.3 355.2 346.9 341.1 335.2 328.5 320.9 313.5 308 303 299.8 298.3 297.4 296.4 295.5 294.2 292.9 291.4 289.6 287.8 286.7 285.6 284.7 284.3 283.9 283.2 282 280.9 279.4 277.5 276.2 274.7 273.9 273.7 272.7 272.3 272 272.2 272.2 272.1 272 272 271.7 271.4 271.4 271.7 272.1 272.5 272.9 273.2 273.5 273.8 274.1 274.4 274.5 275.1 274.8 274.6 274.4 274.1 280.4 289.2 294.8 298.8 305.5 311.9 318.1 323.4 328.8 331.4 332.8 333.2 336.8
383.8 386.8 388.8 380.4 373.7 367.3 355.3 348.2 342.3 335.7 329.1 323.2 316.1 310.5 306.1 302.1 299.5 298.4 297.3 296 294.7 293.4 291.8 290 288.2 286.6 285.5 284.8 284.3 283.9 282.8 281.3 280 277.5 276.5 275.2 274.5 274.8 273.1 276.8 272.2 271.9 271.8 272 272 271.9 271.9 271.9 271.6 271.3 271.4 271.6 271.9 272.3 272.7 273 273.3 273.5 273.6 273.7 274.4 274.3 274.2 273.9 273 274.3 282.2 287.8 293.6 300.2 306.8 312.7 317.6 322.3 325.4 328.2 330.3 333.5
372.8 375 378.6 376.4 369.5 362.7 355.6 346.6 340.9 335.6 330.3 324.7 318.2 312.7 308.3 303.6 301.2 299.1 297.8 296.5 295.2 293.8 292.3 290.5 288.5 286.5 285.4 285.1 284.7 283.7 280.7 277.9 277.3 276.9 276 275.1 275.3 274.4 273.4 273.6 272.5 272.1 271.2 275.6 271.6 271.6 271.7 272 271.8 271.5 271.4 271.5 271.7 271.8 272.2 272.5 272.7 272.8 272.9 273 273.8 273.8 273.7 273.2 272.3 271.5 273.1 277.6 284.8 292.2 300.5 308 312.9 316.8 320.2 323.3 325.9 328.4
361.9 361.5 364.2 367.4 362.2 358.2 354.5 343.6 338.9 335 330.5 325.5 319.5 313.9 309.2 305.9 301.7 299.3 298.3 297 295.6 294.3 292.7 290.6 288.5 286.5 285.8 285.7 285.2 283.8 279.2 277.9 277.2 276.6 275.9 275.1 275.5 274.5 274.2 272.4 273 272.3 271.7 273.4 271.3 271.4 271.5 271.9 271.9 271.6 271.5 271.5 271.6 271.6 271.7 271.9 272.1 272.3 272.4 272.8 272.7 272.8 272.9 272.2 271.8 271.4 271.4 272.1 276.6 286.1 293.5 302.8 308.6 312.2 315.3 317.8 320.3 323
353.1 348.9 347.8 345.8 347.6 348.7 347 340.3 336.9 333.7 331.7 326.2 320.7 315.5 310.7 306.4 302.2 299.4 298.4 297.1 295.7 294.1 292.1 290.1 288.1 286.2 286.4 286.5 285.6 282.5 278.8 278 277.3 276.5 275.8 275.4 274.8 274.1 272.9 272.7 272.7 272.5 272.8 271.5 271.2 271.2 271.4 271.8 271.9 271.8 271.6 271.4 271 271.1 271.2 271.4 271.5 271.8 271.9 272.2 271.7 271.7 271.7 272 271.6 271.2 271.4 272 271.7 276.9 287.3 293.6 302.5 306.7 309.9 312.7 315.8 318.9
346.1 342.1 337.6 333.4 333.9 337.7 336.5 333.4 332.1 332.2 330.6 325.6 320.3 315.5 310.8 306.5 302.6 299.5 298.1 296.8 295.1 292.9 290.9 289.1 287.1 284.1 282 281 281.2 280.6 279.3 278.1 277.3 276.5 275.7 274.9 274.3 273.8 273.2 272.9 272.6 273.6 272.9 273.8 271 271 271.3 271.7 271.9 271.7 271.4 270.7 270.4 270.5 270.7 270.9 271 271.2 271.3 271.2 270.7 270.7 271.2 270.7 271.5 271.1 271.4 271.3 271 271 278.6 286.4 293.8 300 303.5 306.2 309.3 314.9
340.1 336.2 330 325.2 324.3 326.5 324.2 325.1 325.4 327 326.4 323.6 320 315.4 311 306.5 302.6 299.1 297.1 295 293.1 291.4 289.8 287.8 286 283.9 282.1 282.1 282.5 281.5 280.2 278.8 277.5 277.1 277.2 276.2 274.9 274.1 273.4 272.9 272.6 273.9 272.5 273 271 270.1 271.9 271.8 271.1 271 271 270.5 270.5 270.5 270.5 270.4 270.5 270.7 270.9 270.2 269.6 269.7 270.6 269.5 270.3 270.9 270.9 270.5 270 269.2 269.9 277.4 283.5 290.8 297.2 298.3 303.6 307.4
333.7 329 323.6 318.2 314.6 314.7 316.3 317.9 319.4 321.3 321.5 319.6 316.9 313.3 309.9 306.5 301.4 298 294.7 292.9 291.8 290.4 288.7 287.5 285.8 285 283.6 282.4 283.5 282.5 281.1 279.8 278.8 278.7 278.9 277.8 276.7 275.7 274.2 272.9 272.6 272.3 278.5 272.7 271.5 271.6 270.8 269.8 270.9 270.8 270.7 270.7 270.7 270.7 270.7 270.6 270.5 270.4 269.7 269.2 268.6 269 269.8 268.7 268.9 270.2 270.1 269.1 268.4 268.4 268.4 269.5 274.1 281.3 288.7 294.2 296.8 301.6
327.1 322.3 318 313.6 311.1 311.2 312.6 314.8 314.8 316.4 316.1 314.4 312.6 311.2 309.3 304.4 299.2 295.9 292.9 292.4 291.4 289.7 288.9 287.7 287.2 288.5 288.8 287.3 284.5 283.4 282.3 281.3 280.2 280.3 280.5 279.4 278.4 277.5 276.2 274.9 273.4 272.6 272.2 272.4 272.8 272.4 271.6 270.2 269.5 270.5 270.4 271.2 270 270.5 270.4 270.3 270.2 270.1 268.7 268.4 268.4 268.4 268.4 268.4 268.4 268.8 269.4 268.4 268.4 268.4 268.4 268.4 268.4 272.6 278.1 286.8 288.6 297.2
320.5 316.7 312.5 309.4 307 306.7 309.5 310.6 310.3 311.5 310.6 308 308.6 307.4 305.7 299.5 295.7 292.9 292.2 291.9 290.8 290.2 289.3 287.8 288.5 289.3 288.4 286.6 284.6 284.4 283.4 282.5 281.6 281.8 282.2 281.1 280.1 279.2 278 278.1 276.9 275.4 274.1 278.1 273.2 273 272.1 271 270.5 270.2 269.8 270 269 269.6 269.9 270 269.9 269.1 268.4 268.4 268.4 268.4 268.4 268.4 268.4 268.4 268.4 268.4 268.4 268.4 268.4 268.4 268.4 268.4 272.8 277.8 284.2 290.6
314.8 311.8 309.2 306.2 303.8 302.7 303.8 305.5 305.7 306.4 304.9 302.6 301.1 299.9 298.5 296 294.9 293.4 291.3 291 290.9 291.2 290 289.4 290.5 290.1 288.5 286.6 284.7 284.4 283.9 283.5 283.5 283.6 283.7 283 282.3 281.7 281.1 280.4 279.9 278.4 277 275.8 281.8 273.9 272.7 272.3 271.4 271.1 270.6 270 269.2 269.1 269.1 269.4 269.5 268.7 268.4 268.4 268.4 268.4 268.4 268.4 268.4 268.4 268.4 268.4 268.4 268.4 268.4 268.4 268.4 268.4 268.5 271.3 275.3 280.8
