data/270000-830000.asc
ncols 200
nrows 200
xllcorner 270000
yllcorner 830000
cellsize 50
[rows 105 to 139 of 200, columns 0 to 77 of 200]
245 247 249.4 250.4 250.1 249.2 248.3 247.5 247.9 247.8 245.7 243.6 241.4 238.4 234.4 235.3 238.2 243.1 248.2 254.4 259.4 267.8 276.8 282.8 288.5 293.6 298.1 302.8 307.2 310.8 309.6 306.8 296.6 294.4 292.4 292.5 295.7 298.1 298.4 299.8 299.7 301.6 304.4 308 310.3 311.8 310.6 311.7 312.1 311.1 312 310.4 310.7 310.2 309.7 314.5 316.7 314.2 314.3 316.8 316.8 316.1 314.8 313.5 313.1 312.7 312.3 313.9 314.3 313.4 313.4 317.4 320.4 319.5 318.6 314.9 313.3 311
250.4 252.4 254.3 255.9 255.5 254.7 253.9 253.1 253.1 250.6 249.4 247.6 244.8 241.4 237.4 238.2 241.5 245.1 251.1 259 266.1 274.8 283.3 289.6 295.7 301.1 306.4 309.7 311.6 310.6 309.3 306.2 300.5 296.6 293.7 295.7 301.5 307.6 307.6 309.7 309.4 310.1 306.3 314.2 316.4 320.5 320.8 319.6 319.3 319.6 319.3 319.4 320 319.8 319 318.9 318.4 317.7 317.5 317.8 316.3 315.1 314.8 313.9 313.7 312.9 312.7 311.4 311.7 312.1 313.3 314.3 314.4 314.4 312.8 310.4 307.2 305.7
257.2 258.8 260.1 261.6 260.9 260.1 259.3 257.6 256.4 255.2 252.8 249.9 247.6 243.8 239.1 241.3 244.8 247.6 254.1 262.2 272.4 280.6 289.3 296.5 302.7 307.2 311.3 314.5 315.4 313.2 309 303.8 303.1 300.5 298.9 301 308.9 311.1 313 314.1 315 314.9 314.6 316.9 325 325.5 324.4 323 323 322.7 323.6 325 326.2 327.8 325.1 323.5 322.7 321.8 319.1 317.6 316 314.7 315.1 315 314.2 313.6 312.4 313.3 311.4 310.7 310.7 311.2 310.9 311.1 310.6 308.4 305.2 304
263.4 264.7 265.9 266.5 266.3 265.6 263.8 261.4 259.5 257.7 255.1 252.1 249.8 245.8 241.9 245.2 249.5 252 257.6 265.3 276.5 286.8 294.3 300.9 307.4 314.4 316.9 318.4 318.9 315 310.8 305 304.7 306.4 306.8 309.9 315.4 317.3 321.4 322.4 323 322.7 322 315.7 327.7 327.5 327.2 327 327.3 327.4 329.4 331.3 333.8 333.9 332.5 329.8 327.6 326.1 324 322.1 320.7 316.8 316.8 318.6 316.5 314.5 312.2 315.9 312 311.3 310.6 310 309.3 308.9 308.4 307.7 306.4 305.7
268.8 270.2 270.8 271.2 270.5 269.7 267.6 264.8 262.3 259.9 257.9 254.5 250.7 246.7 244.8 250.1 253.8 255.9 262 269 280 291.6 300 305.6 311 320.5 325.1 325 321.8 316.8 312.4 308.6 309.1 311.5 313.8 316.2 323.5 328.5 332.7 332.9 331.6 330.4 329.7 324.3 329.7 331.2 331.2 330.9 331.6 332.3 336.1 339 341.4 342.1 341.9 335 334.4 334.5 331.2 335.3 333 321.4 318.6 318.6 321.5 322.8 322 318.5 312.9 311.9 310.9 310.6 310 310.5 310.4 310.5 310.4 310.2
274.6 276 275.5 275.7 274.6 273.6 271.7 268.3 265.7 263.1 261 256.3 251.6 247.5 249 254.5 257.5 261 267.3 273.7 282.4 292.8 302.6 309.7 319.3 327.9 330.1 328.8 322.8 319 312.2 311.6 313.5 317.1 319.7 323.5 326.5 331.1 334.9 338.2 338.8 335.8 332.9 328 332.9 334.4 335.8 335.2 335.9 338.8 343.7 346.9 348.8 348.7 346.1 338.8 339.2 340.4 335.2 343.3 342 330.9 326 321.7 320.7 321.3 325.1 325.4 316.6 312.2 311.2 311.8 312.4 312.6 312.4 312.8 313.8 314.2
281.4 282.7 281.8 280.9 279.5 277 274.5 270.5 268.3 267.4 263.3 256.2 251.6 252.9 254.9 257.3 260.5 266.7 272.2 279 286.3 294.7 304.8 312.1 321.6 332.5 333.1 328.2 322.6 319.5 317.2 315.5 318.1 322.5 326 330.5 334.4 338.6 340.3 340.4 339.7 338.1 327.9 334.2 335.7 337.1 338.9 340.2 343.1 344.8 350.9 351.6 348.5 345.3 342.1 340.7 344.3 342.4 346.9 352.9 356.8 342.1 339.5 331.5 322.5 320.8 320.9 327.9 321.6 313.5 312.6 314.7 315 315 314.9 316.2 317.6 320.1
288.7 289.3 287.9 285.9 283.3 280 276.6 273 269 267.3 262.7 255.6 255.2 258.2 260.3 262.9 268.8 274.6 279.6 284.9 291.2 298.2 307.6 314.2 322.6 326.3 328.1 325.5 322.1 320.5 321.3 322 324.5 329.3 332.4 335.9 339.7 343.8 344.2 343.1 342 340.3 337 338.7 340.3 341.9 343.5 345.1 347.2 348.2 349.7 349.2 347.4 345.6 344.5 347.6 349.8 345.3 358.4 364.3 370.9 356.1 349.2 342 327.8 322.4 320.8 319.2 317.7 315 316.3 320.2 318.9 317.8 317.8 319.3 322.8 326.5
295.1 294.5 292.7 289.8 286.7 283.5 279.1 274 269.7 265.9 261.5 257 260.4 263.4 267.1 272.8 278.6 283.1 287.5 291.5 298 302.5 307 315.4 321 325.4 324.9 323.8 323.8 324.6 326.3 328.2 332.1 334.4 336.6 340.4 343.7 347.2 347.6 346.9 345.6 335 341.5 342.9 344.6 346.2 347.8 349.4 350.3 350.8 350.7 350.6 349.5 348.5 349.5 353.8 350.6 359.4 369 374.3 386.9 377.2 365.8 354.8 338.1 324.6 320.3 317.3 315.3 317 326.5 325.3 323.2 321.7 321.7 324.8 329 331.1
300.1 298.5 297.1 294.2 290.9 286.3 280.1 274.4 269.4 264.8 263.7 264.5 266.8 271.2 276.8 282.5 284.8 289.8 293.5 298 303.8 308.1 314.3 320.5 323.4 326.8 326.7 326.3 327 329 332.7 334.5 337.5 339.2 341.1 345.4 348.4 349.5 349.9 349.9 347.4 344.9 345.5 347 348.8 350.5 352.1 353.7 354.7 355.6 356.3 356.5 355.5 357 357.9 357.6 355.3 365.2 378.3 388.6 395.7 391.9 378.7 359.6 343.6 330.2 320.2 318.3 321.6 328.8 333.1 330.9 328.4 328.7 329.5 329.5 332.5 331.6
307.6 307 302.9 298.4 294.5 287.2 278.9 272.6 267.4 265.1 268 271.6 273.7 277.5 282.3 287.2 293.1 297.1 301.1 306.4 311 315.6 321 326 327.6 328.9 329.2 329.4 330.4 332.6 335.9 338.2 341.5 342.6 345.5 349.1 351.2 352.3 353.1 352.7 350.4 346.7 350.1 351.7 353.1 354.6 356.3 357.6 359.2 360.9 363.3 363.5 367.2 369.5 367.9 363.3 362.4 373.4 384.2 395.7 402.4 403.2 391.5 368.6 346 340 331.6 324.1 332.4 342.6 336.3 329.5 329.6 329.3 327.1 326 326.1 326.2
313.6 312.3 308.4 302.9 294 286 277.7 270.3 268.2 273.1 276.6 279.8 282.1 285.6 289.8 295.4 301.6 305.3 309.2 314 318.8 323.5 327 330.4 331.5 332.4 333.2 333.5 333.3 336.5 339.4 343.1 346.6 349.9 352.2 353.1 355.5 356.1 355.6 355.2 347.2 352.6 353.8 355.3 356.9 358.8 361.3 363.3 365.3 367.4 370 373.2 377.8 373.3 370.8 367.4 365.1 378.7 388.2 398.3 403.2 400.1 387.8 358.3 355.1 346.4 337.2 334.7 340.9 337.2 331.2 331 330.6 331.3 331.7 331 332.8 332.4
318.8 316.6 311.7 304.7 293.7 284.3 274.9 269.4 276 280.2 284.2 288.4 291.1 294.4 298.2 305.4 311.1 315 318.4 322.6 327.2 331.8 334.1 335.4 336 336.6 336.8 336.6 338.1 341.1 344.6 348.1 351.6 354.8 356.9 357.7 358.7 358.4 357.9 356.8 351.5 356.5 357.4 358.9 361.1 363.7 366.2 368.9 371.3 373.9 378.4 382.6 379 375.4 374.6 375.7 376.3 384.4 393.1 397.2 396.9 387.8 372.6 368.2 363.7 355.1 344.6 337 336.6 335.9 335.2 334.9 336.5 339.6 341.8 342.6 343.2 341.9
323.7 320.4 314.7 305.5 294.4 283.6 274.4 273.8 281.4 286.4 292.5 295.1 299.6 305.3 310 315.3 320.6 325 327.7 331.9 336.2 339.2 340.7 341.7 341.8 341.5 341.5 343 344.5 347.3 349.6 352.7 355.9 359.1 361.1 362 360.9 360.6 360.4 358.9 359.3 359.8 361.1 363.4 365.9 368.7 371.6 374.9 377.9 382.1 389.4 389.1 383.6 380 381.8 383.7 385.4 391.8 397.2 399 396 384 377.7 381.4 379.7 372.6 363.4 349 346.5 347.3 349.1 352.5 354.6 354.8 357.1 356.4 356 358.1
331 324.1 317.5 305.1 291.3 280.6 276.9 280.5 287.2 292 297.3 302.3 309.9 315.1 317.3 320.6 326.4 331.3 337 340.9 343.8 346.2 347.8 347.3 347 347.1 348.5 349.6 350.6 353.1 354.6 357.3 360.4 362.6 364.6 364.6 364.2 364.9 365.4 360.5 362.9 364.2 366.9 369.5 371.2 374.1 377.6 381.2 385.7 391.5 394.5 387.3 383.7 385.7 389 392 394.8 398.8 402.4 404.9 406.4 396.1 390 412.7 401.2 391.4 380.1 366.7 363.8 365.8 365 370.9 372.8 372.9 375.9 377.3 376.5 375.3
335.5 328.1 318.5 305.6 291.5 281.2 282.3 287.8 295.5 300.2 305.7 311.1 319.2 323 325.3 326.4 332.1 338.9 346.5 349.7 351.8 352.7 354.2 352.8 352.1 353.5 354.8 355.3 356.9 358.7 359.6 361.3 363.8 364.7 367 368.6 368.5 369.4 369.7 363.5 365.2 368.6 372.3 373.8 374.9 379 383.7 387.3 391.2 391 388.9 386.9 388.8 393.6 395.8 401.1 404.4 406 408.2 412.5 415 407.3 419.6 437.4 422.3 417.5 398.6 385 384 384.8 384.4 386.5 387.7 388.1 389.2 390.7 389.4 387.2
339.9 332.7 321.9 308.3 295.4 288.8 287.2 297.7 300.3 306.4 311.6 315.7 325.6 330.5 331.5 334.8 340.3 349.2 357 361.2 363.1 363.2 361.1 360 358.7 359.8 360.9 361.8 363.4 364.6 365.4 365.6 367.6 369.1 371.2 372.4 373.1 373.5 373.4 367.9 374.4 371.9 375.1 377.9 379.5 384.2 388.6 392.2 393.7 393.6 394.4 393.6 398.5 403.3 407.1 407 413 418 421.2 421.9 424 415.4 448.2 453.8 449.7 449.8 428.3 413.9 401.5 400.3 397.7 398.9 400.8 401.6 402.8 403.3 401.2 399.5
343.2 335.2 323.8 312.2 301.2 294.3 291.7 300.6 305.6 309.6 319.2 322.3 331.9 336.3 337.4 346.4 352.6 358.8 368 374.7 374.1 371.1 368.9 367.4 365.8 364.9 367.9 368.2 369.6 370.6 372.5 372.4 372.7 373 374.9 376.3 376.9 377.4 376.2 373.3 377.3 375.3 379.2 382.1 385.4 389.4 394.8 401.4 406.6 407.2 405.9 406 409.1 410.4 410 415.6 422.4 427.8 429.1 425.4 421.8 431.3 455.8 470.4 470.2 466.4 452 438.4 426.2 418 413.2 413.1 414.4 414.7 414.3 411.7 409.7 405.5
347.3 337 324.6 314 305.3 298 296.5 306 308.3 319.6 326 328.3 333.5 337.8 346 354.7 360.4 368 378.6 385.6 383.4 379.3 376.8 375.3 373.5 372.9 372.8 374.9 375.5 376.2 377.6 377.8 378.1 378.3 378.6 379.7 380.7 381.5 379.8 377.5 380.6 381.9 383.3 388.2 392.6 396 406.7 413.6 417 415.9 415.5 415.9 415 414.4 417.1 427.7 435.2 439.5 438.6 429.3 430.6 448.1 465.8 479.2 481.2 476.9 470.3 455.4 445 436 430.7 425.7 425.1 425.5 424.2 419.6 416 409.8
350.7 337.7 327.3 318.5 310.2 303.2 298.2 307.4 311.7 324.1 331.7 334.7 341.1 346.9 356.7 361.6 366.5 376 388.5 392.4 391.8 391.2 387.1 383.9 381.5 380.9 379.9 381.2 381.6 382 383 383.3 383.5 383.7 384 384.1 384.4 385.4 383.9 382.3 384.3 386.2 388.1 393.8 398 405.6 414.2 422 424.3 423.1 425.6 423.8 423.4 424.5 429.7 439.9 449.1 455.6 451.6 443.8 448.1 459.6 472.8 487.2 491.6 491 485.3 470.5 458.3 450.6 444.1 438.3 435.9 433.7 432.2 428.9 424.5 417.6
351.5 338.3 330.4 323.1 314.6 309.7 300.5 306.3 318.9 328.1 337.3 344.6 349.3 358.6 366.4 369.4 374.3 383.4 393.8 401.1 401.1 399 395.6 392.4 389.6 388.9 387.6 387.3 387.6 387.9 388.4 388.6 388.7 388.7 388.8 388.8 389.2 389.6 386.1 386 389.9 392 393.3 396.9 404.3 412.8 420.9 428.9 430.6 430.7 432 429.2 437.7 439.7 445.8 454.3 462.5 466.8 462.6 462.9 465.9 470.5 478.8 493.4 500.4 500.5 497.5 485.6 468.9 459.1 454.1 449 444.5 441.1 437.3 433.2 429.4 424.7
350.7 339.4 333.3 327.3 316.6 311.1 302.5 305.6 321.1 328.6 340.1 348.9 356.8 368.7 374.9 378.9 383.2 392.6 399.4 405.4 407.8 406 403.4 400.4 396.6 395.4 394 393.1 393.2 393.6 392.9 392.9 393 393.1 393.2 393.1 394.1 392.7 390.2 394.6 397.2 397.4 398.6 403.7 409.3 419.4 426.9 434 436.5 437.7 438.1 443.5 456 458.7 460.5 465.6 471.3 473.1 474 475.4 478.6 480 485 496.7 506 507.2 504.2 496.3 480.9 471.6 464 457.8 453.5 448.6 443.4 438.2 433.6 428.8
347.5 340 336.6 327.8 317.1 310.4 302.7 312 324.1 329.4 343.4 352.3 363 376.1 382.3 387.2 392.6 400.8 406.6 411.6 414.2 412.8 410.2 408.5 404.5 401.6 400.6 399.6 399.1 398.3 397.6 397 397.1 397.2 397.1 395.7 396.9 391.9 396.6 401 402.6 404.5 410 414.9 410.7 425.5 431.5 438.7 442.2 443.9 444.8 454.4 465.3 472.4 473.5 475.9 478.9 481.1 483.5 485.4 486.2 485.9 491.8 500.3 508 511.7 510.3 502.7 491.8 480.7 472.6 465.9 460.4 454.8 449.1 444.4 440.6 434.9
344.9 338.5 330.5 324.1 316.8 308.6 303.9 315.8 326.1 336.5 350.4 360.6 369.6 383.3 391 395.6 403 408.4 414.6 419.8 421.3 419.5 418 416.7 412.8 409.4 407.8 406.2 405.1 403.9 402.9 401.9 401.1 400.9 399.1 396.3 398.2 400.4 402.5 406.1 408.2 413.9 418.9 421.8 419.4 431 436.7 442.4 446.5 449.4 456.7 463.4 470.2 479.1 481.7 482.8 485.6 488.8 490.5 491.7 493.3 494.6 497.6 502.1 509.1 514 513.7 508.5 499.9 489.7 479.2 471.9 466.1 460 453.9 448.6 444.4 441.3
342.8 337.3 328.6 322.8 318.4 309.7 309.1 316.9 327.2 340.8 356.6 366.7 377.8 388.5 397.2 405.1 413.8 417.7 421.1 424.6 426.9 427.3 427.9 425.6 421.6 417.5 414.7 412.6 410.4 407.9 406.8 405.8 404.7 404.4 398.6 399.9 404 406.1 408.7 412.5 414.9 423.5 426.8 429.2 431 435.3 442.8 445.9 449.4 454.6 460.9 469.7 474.6 482.8 486.5 488.7 491.1 493.4 495.6 497.6 499.3 500.5 500.6 505.3 509.8 514.5 515.7 511.3 504.7 495.8 485.8 477.5 470.9 464.6 458.5 452 448.4 444.6
338.1 335.1 328 322.9 319.6 310.5 318.8 325.1 330.6 346.5 361.9 373.9 386.5 397.7 406.6 415.5 423.4 427.4 428.2 430.8 432.8 434.3 436 434.4 430.5 426.4 422.3 418.7 415.2 412.7 410.5 409.5 408.4 406.7 400.6 404.7 408.9 411.9 416.3 421 423.6 429.3 432.9 436.5 440.2 444 448 451.3 453.3 458.8 465.4 474.2 480 486.1 490.5 492.9 495.3 497.7 499.9 501.5 503.5 504.4 504.7 508.3 511.3 515.2 517.5 514.5 508.3 500.2 491 482.9 476 469.7 462.9 456.8 451.4 447.6
329.4 330.1 327.4 322.6 315.8 319.9 326.6 330.8 336.6 353.2 365.6 378 391.6 404.1 416.9 428 434.4 435.7 436.6 437.9 441.3 443.3 443.8 442.6 438.8 434.6 429.9 424.6 420.6 417.5 415.2 413.2 412 406.3 404.1 409.2 413.7 419.1 423.4 427.1 431 436.8 440.1 443.4 447.1 449.9 450 457.2 460.2 465.2 468.7 476.2 483.5 488.6 493 496.4 498.9 501.7 503.8 505.2 506.5 507.9 508.4 510.4 513.1 516 518.5 516.9 512.6 504.8 495.3 488.1 481.1 473.5 467.2 460.9 454.7 450.3
324.8 326 323.3 318.2 321 326.7 333.1 339 340.1 357.1 371.2 382.6 396.9 410.7 425.6 437.1 443.9 444 443.5 444.5 449.5 454.3 453 449.9 446.2 442.3 436.8 430.8 426.5 422.3 419.1 417.2 415.6 407.3 406.9 415.8 423.4 427.7 429.8 432.7 438.4 444.5 448.6 450.7 453.6 456.4 458 460.9 465.8 469.9 472.6 478 486.7 490.7 495 498.1 500.4 502.6 504.8 506.9 508.6 510.2 511.2 512.6 514 516.9 518.2 518.4 515.2 508.1 499.7 492.2 484 477.2 470.8 464.5 458.1 452.9
320.7 322.6 320.7 325.6 328.2 332.8 339.3 348 345.5 361.2 375.9 389 403.9 419.8 434.9 444.1 452.5 454.4 452.4 453.4 459.2 462.6 460.4 457.2 453.5 449.1 443.5 436.6 431.6 427.5 423.6 421.4 420 415 409.4 422.8 429.9 432.7 435.6 441.6 447.5 452.1 455.9 457.5 459.7 462.3 464.6 466.9 469.6 473.2 476.7 481 487 492.4 496 499.1 501.4 503.5 505.7 508 510.1 511.9 513 513.7 514.9 517.2 517.3 517.1 514.8 509.4 502.4 494.1 486.1 479.3 472.9 465.6 460.2 456.2
320.7 322.6 325.4 331.4 332.4 339.4 344.9 351.2 353.8 365.3 381.1 396.5 412.2 429.9 442.5 449.5 456.1 460 460.1 461.2 467 470.2 467.6 464.7 460.5 455.5 449.3 442.1 436.9 432.5 428.2 425.6 424.3 421.1 413.5 427.1 435.8 441.4 446.6 451.8 455.1 458.6 461.7 464.1 466.3 468.5 470.4 472.1 475.7 478.2 481.1 486.4 490 493.2 496.9 500.1 502.3 504.6 506.9 509.3 511.3 512.9 514.4 515 515.8 516.3 516.1 515.6 512.6 508.8 502.9 495.1 487.3 479.7 473.1 466.9 463.3 460
325.4 326.9 327.8 333.9 338.1 343.2 350.4 355.9 359.5 368.9 386.3 402.6 419.5 437.6 449.9 454.8 459.1 462.6 465.6 468 473.3 476.6 474.9 472.3 467.2 461.1 454.8 447.7 442.2 437.8 432.8 429.4 426 420.1 423.3 434.4 442.6 449.8 457 462.6 463.9 465.8 468.2 471 473.6 476.1 477.8 479.4 481.2 482.5 484.7 488.2 492.2 496.3 497.7 500.9 503.5 505.8 508.2 510.5 512.3 513.9 514.9 515.5 515.9 515.5 514.9 512.7 510 505.2 500.1 493.3 486.4 479.6 473.6 470.1 466.9 463.1
325.9 328 328.3 334 339.8 346.2 353.5 360.8 365.3 375.8 389.7 407.5 423.7 441.1 454.1 459.1 462.2 465.1 468.1 473.4 479 481.9 480.3 477.4 472.3 466.8 460.3 453.2 447.2 442.2 437.1 433 426 420.1 431.4 442.6 452 459.7 467 471.5 473.9 475.4 476.2 479.1 481.1 483.1 485 485.7 486.6 488.1 489.5 492.7 495.6 499.4 500.2 502.1 504.2 506.7 509.2 511.5 512.6 513.6 514.6 515.3 515.5 515 512.3 509.8 505.7 501.1 496.6 490.2 484.9 480.2 474.5 472.1 468.3 463.5
330.8 333 333.5 335.7 342.7 349.7 358.2 364.4 369.7 383.1 393.5 412.2 428.2 444.1 454.9 459.8 463.8 467.2 470.7 475.3 482.3 486.1 485 481.4 477.2 472.5 465.7 458.5 452 446.6 441.5 433.6 425.7 425.7 437.4 450.3 461.3 469.2 477 480.8 483.9 484.9 484.5 487.2 489.1 490.7 491.5 492.2 492.6 493.7 495.2 497.7 499.7 501.2 502.9 504.7 505.8 507.4 509.8 511.6 512.8 513.3 514.4 515.1 515.3 513.9 510.6 507.2 502.5 498.8 495 489.4 485.1 481.4 477.5 473 467.8 467.5
337.8 337.9 338.3 341.9 346.6 352.2 359.5 366.1 374.7 387.2 397.9 416.8 432.2 445.1 454.7 460.3 463.9 467.1 470.4 476.3 484 487.1 486.3 484.4 482.9 478.5 470.9 463.7 457.2 451.4 444.3 435 425.3 429.3 439.7 456.3 469 477.4 485.7 491.7 494.7 494.5 494 495.3 496.3 497 497.8 498.7 499.6 500.4 501.2 501.5 502.5 503.8 505.4 507.1 507.7 508.4 510.1 511.7 513.4 513.6 514.1 514.9 514.7 513.1 509.6 506 501.7 497.8 493.7 488.9 484.5 481.7 477.8 475.6 473.5 471.6
339.5 342.5 344.3 346.3 352.2 355.5 360.8 370 380.2 392.8 402 421.4 434.1 445.8 454.8 460.3 464.3 468.2 472.1 478.4 484.4 487.9 488.8 488.6 488.5 484.2 476.6 469 462.4 456.4 446.2 433.4 425.6 432.6 445 461.8 476.3 484 494.7 502.6 504.3 504 503.5 503.8 503.4 503.2 504 504.8 505.5 506.3 507.1 507 506.4 507.2 507.9 509.5 510.3 511 511.5 512 513.5 514.5 514.4 514.8 514.1 510.4 508.3 505.8 501 494.5 490.4 488.8 486.9 485 482.7 480.3 477.9 476.1
