data/270000-960000.asc
ncols 200
nrows 200
xllcorner 270000
yllcorner 960000
cellsize 50
[rows 148 to 184 of 200, columns 0 to 82 of 200]
88 87.6 95.8 98 95.5 84.1 72.7 59.7 42.6 29.3 25.2 23.2 15.3 5.7 37 50 53.6 43 32.8 31.6 25.8 13.2 -1.7 -1.7 -0.6 0.1 0.8 1.5 2.3 11.5 14.1 30.3 40.1 57.6 73.1 71.4 80.1 78.5 71.2 71.3 79.6 82.2 82.1 86.5 90.6 92.3 92.7 92.1 91.2 93.1 100.9 106.6 106.2 104.9 105.2 108.6 111.2 111.1 110.7 113 113.1 113.8 122.6 116.2 116.4 114.5 111.1 113.9 107.2 93.6 76.1 51.8 39.8 30.4 26.1 30.7 39.4 43.5 51.8 52.7 56.3 58.8 57.7
77.3 79.8 92.3 91.3 92.1 86.6 77.4 66.1 51.9 31.5 27.6 24.7 24.2 27.6 42.2 51.1 53.5 47.4 38.1 32.8 29.2 18.4 -1.7 -1.5 -0.4 0.7 1.4 2.1 9.4 13.3 14.1 19.9 32.2 53.6 72.1 72.9 78.4 80.7 76 68.3 68.1 76.1 77.7 89.6 91.5 93.9 94.9 94.4 93.2 90.4 96 100.9 106.9 107.2 103.7 106.2 105.9 106.6 109.3 109.9 107.1 105 113.2 114.4 117.2 115.6 114.8 113.4 105.7 92.1 77.1 57.1 41.8 31.2 27.2 39.6 45.5 53.5 60.8 60.3 64.2 80.9 69.4
65.7 74 76.3 84 82.6 79.6 74.5 67.9 56.2 36.9 27 24.1 31.7 37.3 43.1 52.2 49.3 46.2 36.8 31.9 27.3 15.1 2.3 -1.7 -1.7 1 2 8.2 11.9 15.4 13 15.5 32.3 46 58.1 70.6 73.7 80.3 79.4 67.3 63 64.5 74.2 83.2 89.6 93.9 94.1 95.5 96.5 90.7 92.4 97.2 105.9 105.9 102.5 103.5 101.7 98.8 99.3 100.4 101 99.7 104.3 110 110.5 108.9 110.2 105.8 96.4 80.3 70.6 73.3 43.6 44 33.3 44.8 54.4 54 65.3 67.4 72 92.4 78.9
56.1 61.1 64.5 71.4 71.9 68.9 65.1 62.6 52.1 34.5 28.3 30.6 33.6 40.5 42.6 43.2 43.3 41.7 36.9 28.2 26 14 3.6 -1.7 -1.7 2.9 11.6 12.6 12.8 14.1 14.6 13.7 31.7 42.3 50.9 64.7 70.2 74.2 74.9 68.3 59.5 59.4 70.2 77.4 83.6 89 92.3 93.6 93.8 86.9 88.7 93.6 98.4 100.4 99.3 99.3 97.2 95.6 97.3 97.9 97.2 97.7 97.6 104 104.5 103.9 102.5 97 88 89.9 86.4 74.3 45.5 45.4 42.3 40.7 61.3 63.4 70.8 90 93.6 91 87.6
47.6 49.3 50.4 49.8 54.7 51.6 50.1 49.2 39 29.6 33.4 32.7 32.9 38.3 40.5 46.9 46.1 41.8 36 23.5 19.6 14.9 7 -1.7 -1.7 16.4 18.1 18.2 16.4 15.8 15.2 15.8 19.7 34.5 44.8 57.8 63.4 69.9 72.9 68.4 56.1 55.2 65.4 70.2 74.3 82 87.9 86.8 84.7 83.8 82.8 86.2 89.4 93.2 94.4 94.7 94.8 94.3 96.1 98.4 98.5 95.6 94.8 96.3 99.1 101.3 95.6 94.3 100.6 92.4 74 71.5 52.9 49.1 48.7 36.4 53.8 63.2 72.8 86.9 91.9 96.2 104.3
42.8 41.8 41.6 40.5 42.4 44.6 43.2 38 31.5 36.1 33.7 33 34.7 39.2 39.3 43.2 45.6 42 34.3 20.8 16.2 14.4 6.8 6.3 -1.7 9.7 11.6 12.9 14.4 15.8 16.7 15.3 15.7 20.8 32.3 46.1 57.6 66.4 66.1 58.8 48 47.6 55.7 65.5 69.2 80.2 87.1 83.7 80.7 78.5 74.9 77.6 78.7 84.1 84.7 85.7 86.5 88.1 90.4 93.7 95.1 94.3 92.6 92.1 95.4 99.7 102.8 98.9 99.3 91.8 75.8 85.2 60.2 57.1 53.4 45.2 39.4 55.2 66.8 79.6 91.8 97.7 102.1
35.8 36 38.5 36.9 34.8 39.1 37.6 29.1 31.4 35.3 39.8 34.4 37.5 39.6 39.8 40.1 41.1 38.3 34.1 22.7 14.2 12.1 10.9 7.7 7.5 4 9 10 10.8 11.6 12.6 14 14.3 16.2 18.4 27.3 42 55.8 57.4 46 38.4 50.3 55.4 57.1 69.8 78.3 84.9 80.5 74.6 70.2 65.3 65.3 66.5 69.4 74.2 76.2 78.6 81.5 82.6 84.4 86.2 88.1 88.8 89.1 90.3 96.3 99.7 96.7 94.6 92 78.5 88 74.5 70.7 61 57.6 40.5 54.3 77.3 80.4 91.2 98.7 106.1
30.2 31.9 33.6 33.8 33.4 29.8 32.4 29 33.5 37.4 40.4 41.4 44.6 43.7 39.3 37.1 35.6 33.3 32.7 30 14.5 12.7 11.7 9.6 9.1 5.6 6.6 7.5 8.2 8.4 9.8 11.1 12.9 14.6 15.4 17.9 22.7 32.5 40.6 33.5 31.2 42 52.1 52.6 55.9 63.9 65.4 63.5 62.8 62.2 63.1 63.3 63.8 65.2 68.7 69.8 71.7 75.7 80.5 81 81.3 81.7 84.3 84.9 85.9 87.5 87.6 88.3 88.4 87.1 82.5 97.3 92.2 86 71.9 67.1 54 61.7 86.4 87.6 115.4 118.8 130.2
26.6 28.1 29.7 30.5 29.5 26.4 32.2 35.2 37.4 39.5 41.2 48.7 50 46.9 40.4 35.7 32.4 27.1 27.3 24.5 15.2 15 19 11.3 8.9 6.8 6 4.4 6.6 8.1 8.4 9.6 10.7 11.8 10.9 11.1 15.9 18.7 20.9 19.6 27.8 36.4 46.6 53 56.1 64.5 68 72 74.2 83.3 76.3 66.7 71.7 69.4 75.6 69.7 72.9 86.9 96.7 94.1 93.3 93.1 92.9 90 84.3 84.4 84 83.1 83.1 83.1 84.5 97.1 98.5 92.9 90.1 81.8 64.5 74.4 85.2 100.7 117.4 118.7 127.7
23.1 24.8 28.1 27.6 25 26.4 35.6 40.7 41.2 39.4 43.6 57.7 56.2 52.8 49.9 38.8 35.7 27.9 23.6 18.3 16.9 15.8 15.2 14.2 11.4 8.3 7.8 9.8 12.8 19.1 33.3 23 27.8 17.3 14 14.6 10.2 15.6 17.1 23.6 44.3 72.3 79.9 79.3 76.3 82.5 79.7 88 96.8 95.1 87.5 83 85.7 72.6 82.3 75.1 73.1 90.4 95.1 94.8 92 91.5 92.1 90.7 87 84 83.9 83.1 83.1 83.1 83.1 86.1 95.8 97.2 101.3 92.6 82 75.5 80.7 103 109.9 114.5 128
18.1 22.5 25.2 21.5 24.6 29.5 33.3 40.7 45.5 46.2 54.2 57.6 58 55.4 53.7 44.7 35.8 30.5 21.8 19.6 24.8 20.7 20 43.7 46.7 34.8 34.8 42.3 48.6 51.9 46.9 41.6 38.6 29.7 29.9 30.6 21.1 12.2 14.8 29.8 58.4 94.5 97.9 90 87.3 89.8 88.3 85.7 97 99.4 94.3 89.6 88.1 79.6 82.6 77.6 73.5 88.9 95.1 93.3 90.2 90.3 90.4 91 91.7 84.8 93.4 91.8 83.1 83.1 83.1 86.2 91.8 92.6 104.5 96.7 84.9 76.5 80.1 98.9 109.2 114.9 121.8
16.9 17.8 18 25.4 26.1 29.9 34.8 39.9 53.1 56.2 57.2 58.1 58.1 57.2 54.4 44.7 39.4 34 26.4 26.4 23.2 24.7 42.4 55.1 62.7 56.2 52.2 59 59.8 60 58.3 52.5 42.7 36.8 36.2 32.6 29.2 17.9 14.5 17.7 53.7 90.6 99.4 95.5 92.6 96.2 90.9 86.7 91.1 100 98.4 89.7 88.8 87.5 80.7 79.5 77.8 85.9 92.1 93.7 90.9 90.5 91.9 91.2 94 90.9 94.1 98.1 83.1 88.2 92.3 90.5 94.8 95.7 91.8 94.9 82.7 76.4 78.9 98.5 103.1 111.6 114
9 16 17.1 21.5 26.8 32.1 37.7 45 56.1 60.7 57.8 56.7 57.5 57.1 52.1 45.4 45 37.7 32.4 30 29.2 30.9 51.7 61.2 71.7 66.4 60.3 59.9 62.2 62.1 59.5 54.4 49.3 44.6 36.1 33.3 30.5 29.6 21.3 15.5 31.4 79.5 92.1 92.4 95.5 93.6 87.3 87.2 85.8 94.4 97.2 91.2 89.5 88.3 83.3 82.7 79.9 86.5 86.6 89.4 88.3 87.2 89.1 91.4 91.7 92.7 93.6 97.3 98.4 91.8 95.8 96.4 95.5 98.6 98.5 97.3 88.3 82.9 78.4 81.2 93 101.1 101.2
2.3 11.1 17.8 21.8 28.5 34.2 41.5 49.7 57.8 62.9 57.8 56.4 55 54.3 54.6 51.3 40.9 34.5 32.1 38.6 44.8 36.8 56.3 65.7 72.3 72.1 63.8 60.4 61.2 63.9 59.1 56.3 53 49.4 35.4 30.5 30.2 30.1 33.5 22.7 23.9 67.3 82.5 90.1 95.9 91 84.4 82.2 83.2 84.7 93.6 91.2 87.9 89.5 85.6 81.9 80.2 82.6 80.5 81.5 82.3 81.9 84 87.4 91.3 93.5 94.7 97.7 100.1 95.5 98.2 100.4 96.5 100.4 102.3 111 102.9 101.7 92.4 87.3 82.2 81.4 82.1
-1.7 13 15.7 22.2 27 34.5 42.3 51 58.1 58.1 59.4 58.1 55.5 55.7 54.8 51.9 47.5 45.6 55.3 53.9 54.1 47 52.3 69.3 71.1 74.1 70 62.4 62.2 62 61.6 57.4 54 50.6 44.1 33.3 29 36.2 31.4 27.5 21.8 55.7 74.6 81.1 92.4 90.2 82.2 76 78.6 78.3 82.7 87.1 86.5 90.9 86.8 81.3 78.7 78.1 74.8 73 75.7 78.6 83.8 86.7 90.6 93 95.4 97 100.5 98.1 101.1 101.5 100.6 102.1 103.6 117.4 107.5 115.6 114.7 101.9 93.5 90.3 102.4
-1.7 1.6 4 17 22 31.5 40.6 48.1 52.6 54.5 57.4 59.6 61 59.7 58.8 54.9 55.9 60.1 62.3 63.7 66.3 61.8 64.9 71.9 73.7 76 73.7 65.1 62.4 62.2 65.7 59.7 58.2 54.2 52.9 42.3 30.4 36.6 33.6 31.7 25.2 32.7 65.6 71.9 87.5 86.8 76.5 70.5 69.4 73.9 72.1 80.7 81.9 84.7 89.5 80 77.6 74.6 70.9 66.9 66.6 75.2 81.8 86.9 90.1 92.6 95 97 100.1 102.8 103.4 108.2 106.4 105 105.5 113.6 117 113.1 120.5 111.4 109.8 102.1 119.5
-1.7 0 1.4 10 19.3 26 35.3 41.3 45.9 51.6 56 60.1 62.5 63.1 66.1 66.2 70.7 73.6 69 67 73.3 73.9 67.7 75.9 77.5 76.7 81.1 74.8 64.2 64 65.7 63.8 62.1 57.2 60.6 54.2 42.1 47.5 48.5 44.9 39.6 32.6 34.7 58.3 65.5 57.8 48.1 54.5 62.5 67.2 65.7 73.5 77.8 80.5 83.8 78.5 75.6 72.6 69.5 66 66.9 68.6 78.9 87 89.8 92.2 94.5 97.3 101 103.2 108 112.1 109.8 108 107.9 110 116.3 112 112.4 113.6 116.4 113.4 116.1
-1.7 -1.7 0.7 2.1 16.7 22 29.1 34.7 39.7 46.4 53.4 62.9 65.7 72.4 76.8 74.6 78.9 81.4 76.2 72.5 72.3 74.3 68 70.9 75.2 83.8 89.1 83 66.2 65.2 65.2 66.1 66.3 65.6 67.5 63.9 57.6 59.9 62.6 61.5 54.4 58.1 37.9 30.7 40.9 55.8 74 67.6 52.2 59.2 61.7 66.9 71.1 72.8 74.2 73.9 72 71.3 67.2 66 66 68.2 79 86.2 90.7 92.8 95 97.8 101.3 103.6 106.8 113.8 111.6 109.9 109.9 110 118.9 112.8 111.7 114 123.4 113.4 107.1
-1.7 -1.7 -0.3 1 3.4 20.7 23.7 28.7 35.2 42.7 50.2 60.5 82.2 77 78.3 77.5 80.6 85.1 82.7 76.2 72.9 70.7 69.4 73.3 79.9 85.4 89.9 87.9 74.6 65.8 65.8 65.7 67.5 70.5 73.7 69.7 68.6 66.6 71.2 70.3 61.8 66.7 67 53.3 73 78.6 98.3 85.1 68.9 59.5 54 58.6 60.4 64.6 66.3 68.5 67.9 68 67.1 66.7 67.1 68.9 80.7 86.5 91.8 93.2 95.4 98.4 101.5 103.8 106.2 113.8 113.4 112 111.9 112.1 118.4 116.6 112 114 126.5 121.3 105.8
-1.7 -1.7 -1.7 0.3 1.7 10.2 22.9 25.9 32 40.1 50.8 68.6 86.1 80.3 78.8 79.1 80.4 86.8 88 82.7 75.7 73.3 69.7 72.3 77.4 82.1 86.4 89 79.8 67.9 66.4 67 69.2 78.5 79.4 76.5 75.1 71.2 77.2 77.7 74.7 71.8 83 80.6 89.9 96.3 102.5 98.3 81.8 64.5 61 55.8 58.5 61.3 61.1 64.1 64 64.7 63.3 64.9 66.3 68.1 78.3 84.3 92.4 93.6 95.8 98.8 101.7 103.5 105.5 111.4 114.5 113.7 112.7 113.1 118.3 122.4 113.7 115 122.5 122.1 112.4
-1.7 -1.7 -1.7 -0.4 1.1 3.9 19.5 24 29.6 40 55.4 67 83.8 81.9 76.9 78 80.4 88.6 90.4 88.8 79.3 77.1 74 70.3 74.6 75.9 82.8 86 81.8 74.6 67.9 70.5 78.6 88.5 90.5 89.6 82.3 79.8 79.4 84.6 81.8 76.7 85.9 94.7 95.9 102 103.7 106.9 93.2 77.3 66.3 60.6 57.4 59.6 59.4 59.8 60.7 61 61.1 63.9 66.8 69.7 75.4 81.2 90.7 93.3 96.1 99 102.2 103.5 105.9 108.8 114.4 115 114.1 114.1 116.7 124.3 116.7 117.1 122.4 123.6 119
-1.7 -1.7 -1.7 -1.7 0.4 1.8 13 22.9 27.4 38.9 49.8 57.5 76.2 83.1 78.6 77.2 81.8 91.1 91.4 89.3 84.7 77.9 75 70.3 72.3 73 73.2 82.7 82.8 78.9 76.5 76 80.9 93.7 95 96.2 86.8 87.4 84.2 89.4 88 85.3 88.8 94.9 100.6 104.4 105.7 112.9 105.2 88.4 74.8 65.4 57.5 58.2 57.6 58.5 59.9 60 60 62.2 68.3 70 74.8 79.8 89.6 92 94.9 98.7 101.7 103.1 105.5 108.4 113.4 115.1 114.6 115.5 116.1 120.1 122 124.2 128.7 128.5 121.3
5.4 -1.7 -1.7 -1.7 -1.7 1.2 4.6 22.8 24.8 33 42.4 53.8 66.6 81.1 80.7 75.9 76.7 88.7 90 89 86.5 78.8 77.6 74.2 72.8 72.8 73.1 78 84.2 83.4 82 80.5 82.8 89 100 99.1 94 92.7 91.6 92.1 94.6 93.1 91 95.7 104.1 105.3 106.3 115.4 112.7 100.4 84.8 69.5 60.7 58 58.8 58.8 59 58.9 59.1 61.3 65.6 70.3 74.8 80.7 88.2 90.4 94.7 98.4 100.5 102.5 104.4 106.9 111.3 115.2 115.8 116.2 116.6 117.2 121.1 124.9 126.6 131.2 125.5
15.2 13.5 -1.7 -1.7 -1.7 -1.7 2.8 19.7 24.4 27.6 36.8 48.2 60.2 72.2 78.1 74.8 72.4 80.3 85.9 86 82.9 82.3 79.1 81.4 75 74.2 73.9 79.5 90.3 89.5 87.8 90.4 93.1 96.6 104.8 101.4 102.8 98.1 97.4 94.3 100.1 95.3 93.6 97.2 105.4 107.5 106.8 114.8 114.5 110.6 97.8 81.3 68.6 60.6 60.1 59 58 58.1 59.6 61.1 63.9 68.4 75.1 81.5 85.1 87.9 91.4 97.8 99.8 101.8 103.7 105.6 109.3 115 115.5 116 116.5 117.4 128.3 124.7 126.3 129.7 128.2
15 14.9 16.5 -1.7 -1.7 -1.7 -1.7 8.1 23.4 25.5 30.7 40.8 50.3 61.3 68.5 69.9 69.5 73.5 80.5 81.8 79.6 82.2 79.7 85.5 77.7 75.7 75.6 88.4 95.3 96.6 96.9 98.4 101.2 101.1 104.8 108.9 110.4 104.8 102.1 100.9 104.3 104.2 102.9 104.3 106.7 108.7 105.6 112.1 113 115.8 107.4 94.3 78.4 66.7 61.1 59.8 58.6 58.3 61.1 61.6 63.6 68.2 73.1 77.4 81 85.3 89.7 96.2 99.2 101.2 103.1 105 107.6 114.1 115.1 116.1 117 118 129.5 127.6 128.6 133.7 131.1
15.2 15.3 17.4 17.3 -1.7 -1.7 -1.7 -1.7 18.6 25.8 27.2 35.4 44.7 51.8 59.3 64 66 66.9 73 78.5 76.5 76.4 79.2 80 80.8 78.1 77.6 90.4 97.2 99.9 102.4 103.5 107 106.6 112.7 117.1 113.4 108.8 104.4 105.1 105.3 113 109.4 111.8 109.1 112.9 106.5 106 110.1 116.5 111.4 101.8 89.2 74.9 66 60.6 59.7 58.3 60.1 61.5 63.4 66.4 69.9 75 78.5 84.6 89.2 95.8 98.1 100.5 102.3 104 107.5 114.9 115.9 116.9 117.9 118.6 124.6 130 130.4 138.3 136
15.2 14.7 16.4 17.9 12.1 -1.7 -1.7 -1.7 -1.7 19 25.2 29.3 34.7 44.1 53 57.7 60.9 61.6 67.5 69.8 71.6 72.3 76.1 76 77.8 78.7 78 90.1 101.3 105.2 105.5 108.1 110.7 111.2 113.3 118.9 115.7 112.6 105.7 108.7 107.2 114.2 113.6 114.7 116.7 115.6 111.9 105.9 108.6 111.6 109.6 102.7 93.2 79.8 70.3 65.9 63.8 62.9 58.9 62.1 62.9 64.9 70.6 73.7 77.8 84.7 92.9 96.2 98.2 100.2 101.2 102.8 105.6 113.3 117.3 118.3 118.7 118.8 122.7 132.8 132.7 140.6 144.3
15.7 13.6 14.4 17.1 18 -1.7 -1.7 -1.7 -1.7 15.1 19.5 25.8 29.9 35.4 44.8 48.2 54.5 56.2 59.5 64.3 66.8 68.4 72 73.4 75.2 77.5 77.3 83.8 99.1 106.7 109.4 112.2 113.2 113.6 113.6 120.4 118.5 114.3 110.5 111.1 112.3 114 119.2 117.2 115.9 116.5 115 107.5 105.8 110.2 106.2 99.9 93.4 87.8 79 67.4 64.9 63.4 59.5 61.4 62.9 63.7 67.9 72.3 79 85.2 92.4 96 97.9 99.9 100.8 101.7 104.5 112.2 116.7 118.9 119 119.2 122.6 133.9 134 132.9 148.3
12.9 14 15.5 17.3 17.5 -1.7 -1.7 1.5 -1.7 -1.7 15.5 18.5 26.3 29 37.1 46 51 51.9 56.1 57 59.5 62.6 65.2 70.6 73.5 74.1 77.3 79.5 95.8 104 112 115.5 114.9 115 113.4 117.2 117.1 112.3 112.7 110.5 117.5 113.9 122.4 120.1 116.6 116.4 116.5 111.4 107.4 115.3 108.2 97.4 91 85.8 80.1 67.5 63.3 60.8 59.3 60.2 62.1 62.8 66.4 72.5 79.2 83.4 92.8 96.2 97.8 99.7 100.6 101.2 103.7 110.4 116.7 121.2 119.5 120.1 122 132.9 134.8 135.1 146.8
11.8 12.7 16.4 17 16.8 -1.7 -1.7 -1.7 -1.7 -1.7 12.5 16.8 20.8 25.4 32.8 41.2 45.1 52.2 55.9 58 60.8 65.2 70 68.3 71.8 74.3 79.9 80.2 85.4 99 111.5 118.2 117.2 114.9 113.2 112 115.7 110.1 112.1 115.4 115.7 117 121.2 123.2 118.6 116 117.1 112.7 109.6 109.3 105.8 99.9 93.7 87.6 84.2 67.2 61.3 60 59.2 59.5 60.7 62 62.9 72.4 81.6 83.9 88.6 96 97.7 99.4 100.3 100.8 102.5 108.6 116.6 121.5 120.6 120.7 122.4 132.6 136.1 136.4 137.6
15.3 13.7 16.7 17.2 16.4 -1.7 -1.7 -1.7 -1.7 5 9.8 12.6 18.3 22.6 33.5 42.2 48.8 50.6 55.9 57.3 63.2 67.9 74.6 73.5 72.5 78.4 82.5 80.6 85 88.9 99.9 112.3 116.7 114.5 113.1 108.9 107.4 108.3 109.2 111.9 114.6 118.1 119.7 122.7 119.1 115.9 115.6 112.6 107.5 106.6 105.8 103.5 92.8 87 83.5 78.5 66.9 60.1 59.3 59.5 60 61.2 62 65.8 82.4 90.7 93 92.8 95.7 98.6 100 100.4 101.6 106.7 114.1 121.6 120.9 120.7 124.4 136.1 137.5 137.7 137.8
17.2 15 13.8 14.6 2.2 -1.7 -1.7 -1.7 -1.7 3.6 8 10.8 15.9 20.9 30.9 40.1 49.1 52.5 58.8 61.8 67.2 69.6 76.5 81.4 74.8 78.5 96.1 98.5 93.2 95.4 101 103.3 102.7 105.9 108 106 103.9 103.8 106.2 109.6 114.3 116.2 118.3 119.6 122 115.7 115.3 112.4 108.1 107 104.2 102.8 93 85.9 82.1 78.7 71.8 61.6 59.5 59.7 59.9 60.4 62.4 66.2 79.1 93.6 96.8 94.2 96.7 98.2 99.8 100.4 101 105 114.3 119.8 120.9 120.7 122.3 133.5 137.2 138 138.2
17.6 16.3 16 10.6 1.6 -0.4 -1.7 -1.7 -1.7 -1.7 6.7 10.2 16 19.6 26 37.9 49.3 52.4 57.1 63.3 70.1 74 81 89 83.5 88.6 102.8 107.4 104.1 101.7 107.4 109.7 107 107.7 108.6 103.8 103.8 103.8 103.8 103.8 106.4 111.7 114.2 116.1 121.4 117.2 114.6 111.7 109.3 107.2 102.9 100.6 93.3 85.8 79.1 74.8 73.7 65 60.1 59.7 60 60.4 62.1 66.3 74.5 87.7 97.3 96.6 99 99.9 100 100.6 100.8 103.6 111.9 115.6 118.7 120.7 121.4 130 135.5 137.7 139
17.7 16.8 14.1 12.7 2 0.6 -1.7 -1.7 -1.7 -1.7 4.2 6.9 13.1 17.4 21 34.2 48 50.4 58 63.8 72.5 77.6 82.5 91.2 95 96.3 104.3 111.5 107.9 104.9 104.9 107.9 107.1 106.1 106.8 108.3 103.8 103.8 103.8 103.8 103.8 103.8 105 109.2 118.9 118.4 114.2 112.1 110.1 107.7 101.8 98.5 93.3 86.2 77.4 71.3 72.3 62.4 60 60.2 60.8 61.2 62.4 64.6 71.2 82 92.8 97.5 100.1 100.5 100.7 100.9 100.4 101.2 110 116.2 119 120.2 120.5 126.8 133.7 136.3 138.5
10.5 14.8 12.7 10.1 13.5 1.4 0.1 -1.7 -1.7 -1.7 -1.7 3.8 5.5 12.1 17.5 27.1 42 50.3 58 64.1 72.6 78.5 83 90.8 96.6 98.1 100.4 112.6 114.6 108 107.2 106.5 106.3 106.3 106.2 106 104.6 103.8 103.8 103.8 103.8 103.8 103.8 107.2 116.1 117.2 114.8 112.3 109.8 107.9 101.1 96.3 88.7 81.1 71.1 69.1 67.7 63.9 61.5 61.5 62.9 61.4 63.1 65.1 67.4 78.1 86.8 96 98.7 99.8 100.1 100.5 99.8 100.1 105.1 114.1 118.5 119.5 119.9 122.1 130.9 133.6 137.5
9.8 8 6.3 4.4 2.7 1.5 0.4 -0.7 -1.7 -1.7 -1.7 -1.7 2.9 5 16.1 22.5 33.9 47.4 56.9 65.3 72.6 78.6 82.9 88.5 97.6 100.4 104.2 114.6 119.5 110.6 108.5 108.1 106.8 106.7 106.4 106.1 109.3 105.4 103.8 103.8 103.8 103.8 103.8 108.5 113.3 115.7 115.3 112.7 110.2 107.7 100.6 94.2 83.7 77.6 73.8 71.6 78.2 74.6 68.1 65.4 63.8 62.3 62.5 65.4 65.1 73.2 81.2 91.2 96.3 98.9 99.5 100.1 98.9 99 104.4 113.5 119.8 119.3 119 119.5 120.3 127.2 134.1
34.9 11.7 4.4 3.6 2.2 1.3 0.4 -0.3 -0.8 -1.7 -1.7 -1.7 -1.7 -0.1 11.4 18.8 26.4 40.9 52.4 64.3 72.3 78 81.8 91.7 100.5 104.1 108.7 115.4 117.1 111.8 109.1 109.5 107.6 107.8 107.8 107.4 109.8 109.8 107.1 105 103.8 103.8 103.8 106.8 110.3 116.3 115.7 113.2 110.7 108.1 102.8 95.3 85 81.3 84.5 76.7 74.5 73.2 70.2 68.2 65.4 63.4 63.3 63.5 65.7 67.6 76.7 86.6 90.5 94.3 98.5 98.7 97.5 97.7 102.8 111.5 119.5 118.8 118 119.3 120.3 124.4 133.8
