data/270000-840000.asc
ncols 200
nrows 200
xllcorner 270000
yllcorner 840000
cellsize 50
[rows 70 to 104 of 200, columns 80 to 159 of 200]
112.3 114.7 116.2 117.7 118.8 119.3 119.7 120.1 120.7 120.7 120.5 120.4 121.2 121.4 121 120.5 120.3 120.7 120.9 120.9 121.8 122.7 123.4 124.4 125.4 126.3 127.2 128.7 131.7 131.9 132.4 135.4 133.6 135.6 137.3 138.7 139.9 141 142.2 143.4 143.6 143.2 143.5 143.9 144.3 144.7 145.2 145.3 145.2 144.9 144.6 144.3 143.8 143.2 142.5 141.6 141.4 141.1 140.3 139.5 138.7 137.8 136.8 135.2 133.1 131.3 129.4 127.5 125.6 123.2 120.7 118.2 116.5 114.9 112.9 110.9 108.5 106.4 103.6 101.1
115.3 117.5 118.9 119.9 120.5 121 121.4 121.8 121.4 121.5 121.4 121.3 121.7 121.5 121 120.6 120.7 121.1 121.4 121.8 122.7 123.6 124.5 125.5 127.4 128.3 128.7 130.4 132.7 134.1 134.9 136 137.7 139.5 133.4 140.2 140.6 142 143.2 144.3 144.5 144.1 143.8 144.2 144.6 145 144.9 144.8 144.6 144.4 144.1 143.8 143.4 142.8 141.8 141.4 141.1 140.2 139.3 138.5 137.5 136.1 134.7 133 130.9 128.8 126.7 125 123.3 121.6 119.1 116.6 114.7 112.9 111 109.2 106.1 104.3 101.7 99.2
119.1 120.4 121 121.6 122.2 122.6 122.9 122.5 122 121.7 121.9 122.1 122.1 121.7 121.2 120.9 121.4 121.7 121.9 122.7 123.6 124.6 125.5 127 129 130.7 131.2 131.8 133.6 135.5 136.8 137.8 138.7 140.3 141 134.3 141.3 142.7 144.1 144.4 144.7 144.7 144.6 144.4 144.8 144.6 144.4 144.2 144.1 143.9 143.6 143.3 143 142.3 141.4 140.4 140.3 139.4 138.5 136.8 135.4 134 132.6 130.9 128.7 126.6 124.8 123.2 121.6 119.9 117.5 115 112.9 111 109.3 107.6 105.5 102.8 100.1 97.5
122 122.5 122.9 123.3 123.8 123.9 123.6 123.1 122.6 122.1 122.1 122.3 122.3 121.9 121.5 121.5 122 122.5 123.5 124.9 125.8 126.8 127.4 128.6 130.9 132.3 133.3 133.5 135.3 136.8 138 139.1 140.2 140.9 141.4 142 140.7 142.4 143.9 144.5 144.7 144.5 144.5 144.5 144.2 144.1 143.9 143.7 143.5 143.3 143.1 142.8 142.4 141.7 140.8 140 139.5 138.5 136.8 134.9 133.4 131.8 130.4 128.7 126.6 125 123.4 121.8 120.2 118.2 115.8 113.4 111 109.2 107.4 105.6 103.6 101.2 98.5 95.8
123.8 124.2 124.6 125.1 125 124.6 124.2 123.7 123.2 122.7 122.3 122.5 122.5 122.1 121.8 122 122.7 123.5 125.2 127 128 128.9 129.1 130 133.2 133.5 134.4 135.3 136.6 138 139.2 140.3 141.1 141.7 142.3 142.9 143 143 144.1 144.5 144.3 144.1 144.1 143.7 143.5 143.3 143.2 143 142.9 142.8 142.5 142.1 141.7 141.2 140.3 139.5 138.6 136.8 134.9 133 131.4 129.9 128.4 126.8 125.3 123.7 122.1 120.5 118.6 116.5 114.2 111.7 109.3 106.7 104.9 103.1 101.2 98.3 96.8 91.6
125.7 125.9 126.3 126.1 125.7 125.3 124.8 124.3 123.8 123.3 122.7 122.7 122.6 122.3 122.2 123.1 123.8 124.6 126.4 128.6 130.2 130.2 130 132.2 133.5 134.3 135.7 136.9 137.9 139.3 140.4 141.2 141.9 142.5 143.2 143.8 143.9 143.9 140.6 144.1 144 143.7 143.6 143 142.7 142.5 142.4 142.2 142.1 141.9 141.4 141 140.6 140.3 139.5 138.3 137.3 135.3 133.1 131.1 129.5 128.1 126.6 125.1 123.8 122.3 120.7 119 116.9 114.8 112.5 110.1 107.8 106.1 102.4 100.6 98.7 95 90 85.6
127.3 127.6 127.4 126.9 126.4 126 125.4 124.9 124.4 123.9 123.3 122.9 122.8 122.8 123 123.9 124.9 125.7 127.5 129.8 130.9 130.5 132.1 133.6 134.4 136.6 137.5 138.4 139.4 140.5 141.4 142.1 142.7 143.4 144 144.6 144.7 144.6 144.4 136.5 143.7 143.2 142.8 142.2 142 141.8 141.6 141.5 141.3 140.9 140.3 139.8 139.5 139.1 138 136.9 136 134.3 131.9 129.6 127.8 126.3 124.9 123.4 122 120.6 119.3 117.3 115.2 113.1 110.8 108.5 106.3 104.2 100.5 95.1 90.3 88.2 86.2 84.3
128.5 128.5 127.3 126.9 126.5 126.2 125.7 125.2 124.8 124.3 123.8 123.3 123.5 123.8 124.4 125.4 126.4 127.3 128.9 131.1 131.6 132.7 134.5 134.3 135.8 137.6 138.6 139.6 140.7 141.5 142 142.6 143.2 143.8 144.4 144.8 144.6 144.6 144.2 143.9 137.6 142.6 141.9 141.5 141.3 141.1 140.8 140.7 140.4 139.9 139.3 138.8 138.3 137.8 136.6 135.5 134.4 132.5 130 128.2 126.4 124.7 123.1 121.6 120.2 118.8 116.9 114.9 113.2 111.6 109.2 107 104.7 99.1 92.6 89.8 88.4 86.8 85.3 84.3
129.6 128.9 127.7 126.6 126.2 125.9 125.7 125.2 124.7 124.2 123.7 124.3 124.7 125.3 126.4 127.4 128.5 129.5 130.8 131.6 132.1 134.6 134.9 135.7 137.8 138.7 139.7 140.8 141.8 142.4 142.4 142.9 143.5 144.1 144.7 145.1 144.6 144.6 144.2 143.8 143.6 141 141.1 140.8 140.5 140.3 140.1 139.9 139.4 138.9 138.4 137.8 137.3 136.3 135 133.9 132.8 130.7 128.5 126.8 125 123.2 121.6 120 118.4 117 114.6 112.3 112.2 109.2 107.4 103.6 96.9 91.2 89.5 88.1 86.8 85.5 84.4 83.3
129.9 129.1 128.1 127 125.9 125.6 125.4 125.1 124.6 124.2 124.8 125.3 125.9 127.3 128.4 129.5 130.5 131.6 132.7 133.5 134.7 135.2 135.6 138.1 139.7 140.1 140.9 142 143 143.3 143.4 143.3 143.8 144.4 145 145.3 144.9 144.5 144.2 143.9 143.6 138 140.4 140.2 140 139.8 139.6 139.2 138.7 138.1 137.3 136.6 135.9 134.6 133.4 132.3 131 128.9 127.1 125.4 123.6 121.8 120 118.5 116.9 115.5 114 112.1 110 105.7 99.3 92.4 89.6 88.2 88 87.3 86.3 85.1 83.8 82.7
129.4 129 128.1 127 126 125.5 125.2 124.9 124.8 125.3 125.9 126.4 127.5 129.1 130.3 131.5 132.6 133.7 135 135.8 136.9 137.6 138.5 140.5 141.3 141.6 142.1 143.1 144.2 144.1 144.4 144.2 144.2 144.7 145.3 145.5 145.2 144.6 144.3 144.1 143.6 143.1 139.1 139.8 139.6 139.3 139 138.5 137.9 137.3 136.3 135.3 134.2 133 131.9 130.7 129.3 127.5 125.7 124 122.2 120.4 118.6 116.8 115.4 111.5 106.8 103.7 99.7 94.6 91 88.9 88.2 87.2 86.9 86.5 85.7 84.9 83.2 82.4
129 128.6 128 127 126.1 126 125.7 125.5 125.5 126 126.2 127.7 129.3 130.7 132.3 133.4 134.6 135.8 137.1 138.3 139.3 140.4 141.4 142.2 142.9 143.1 143.5 144.3 145.1 145 145.4 145.2 145.1 145.1 145.6 145.8 145.5 145 144.4 143.8 143.1 142.1 137.7 139.8 139.4 138.9 138.3 137.6 137.1 136.5 135.4 134 132.6 131.4 130.2 129 127.5 126.1 123.9 122.2 120.6 118.7 116.3 110.8 102.4 99.2 96.5 93.6 91.6 90.2 89.3 88.7 87.6 86.5 85.9 85.6 84.9 83.9 83.3 85.2
128.5 128.1 127.7 126.9 126.5 126.4 126.5 126.8 126.5 126.5 127.8 130.2 132 133 134.1 135 135.9 137.2 138.4 139.7 140.7 141.9 143.3 144.6 144.4 144.7 144.9 145.6 145.9 145.8 146.4 146.2 146.1 146 146 145.8 144.8 144.2 143.6 143 142.4 141.6 140.4 139.1 138.9 138.3 137.4 136.7 136.2 135.5 134.1 132.7 131.1 129.8 128.6 127.3 125.8 124.7 123.3 121.3 118.8 115.8 104.6 99.5 94.1 92.2 92.1 91.2 90.7 90.1 88.9 87.8 87.3 86.7 85.2 85 85.1 85.1 86.6 90.3
128.4 127.9 127.4 127.2 127.6 128 128.1 127.6 128.5 127.5 129.7 132.2 134.1 134.7 135.6 136.4 137.3 138.4 139.7 140.9 141.9 142.7 144 145.3 145.7 145.7 146.2 146.7 146.8 146.7 147.4 147.2 147 146.8 145.7 144.8 143.8 143.2 142.9 142.3 141.7 140.8 140 133.7 138.4 137.8 136.8 135.8 135.3 134.2 132.8 131.4 129.8 128.2 127 125.6 124.2 122.8 121.1 118.2 114.3 105.5 96.8 92.5 92.3 92.1 91.6 91.1 90.4 89.7 89.1 88 87.6 86.9 85.3 85 85.3 86.8 91.5 96
128.4 127.9 128.2 128.8 129.2 129.5 129.6 129.4 128.7 129.7 132.4 134.6 135.7 136.3 137 137.9 138.8 139.6 140.9 142.2 143.1 144 144.7 145.9 146.5 146.8 146.9 147.3 147.5 147.7 147.5 147.3 146.7 144.8 144.4 143.6 142.8 142.3 142.3 141.7 141.2 140.1 139.3 139.3 138 137.3 136.2 135.1 134.2 132.9 131.5 130.3 128.6 126.9 125.3 123.8 122 120.8 118.6 115.4 103.7 96.3 93.4 92.9 92.4 91.8 91 90.3 89.8 89.2 88.2 88.2 87.4 87.3 84.6 85.4 89.3 93.6 97.4 99.5
128.6 129.2 129.7 130.3 130.8 131 131 131.1 129 132 134.8 136.1 137.3 137.9 138.6 139.5 140.3 141.1 142.1 143.4 144.3 145.1 146.1 146.7 147.3 147.7 147.7 148 148.3 147.8 147.4 147.1 146.4 145.1 143.9 143.7 142.7 142.1 141.8 141.1 140.3 139.5 138.4 138.8 139.2 133.7 134.3 133.5 132.6 131.6 130.2 128.5 126.8 125.3 123.6 121.9 120.2 118.1 114.3 104.5 96.2 93.8 93.2 92.8 92.1 91.2 90.3 89.7 89.3 88.6 87 86.9 86.9 84.9 87.1 90.9 95.1 98.7 102 103.4
130.4 131.1 131.6 132 132.3 132.2 132 131.8 130.7 134.5 136.4 137.6 138.8 139.6 140.2 141 141.8 142.6 143.5 144.6 145.5 146.3 147.3 147.6 147.9 148.2 148.5 148.6 148.3 147.8 147.4 146.9 146.5 145.7 145 144.4 143.1 142.3 141.6 140.5 139.7 139.4 137.4 137 133.1 132.6 133.1 130.5 129.9 130 128.4 126.6 125.1 123.6 122 120.4 118.4 114 105.4 96.3 94 93.7 93.4 92.4 91.2 90.2 89.5 89.2 88.8 88 85.7 85.7 85.2 86.5 92.1 97.2 100 102.2 107.5 107.9
132.3 133 133.6 134 134 133.3 132.6 131 134.5 136.8 138.1 139 140.2 141.2 141.8 142.5 143.3 144.2 145 145.8 146.5 147.1 147.6 147.9 148.2 148.4 148.6 148.2 148 147.5 147 146.7 146.5 146 144.8 144.2 143.1 142.4 141.4 140 138.9 137.6 136.5 135.7 134.1 132.2 132.8 131.1 124.7 128.7 126.6 124.9 123.4 121.9 120.3 118.7 117 107.6 95.9 94.4 93.8 93.3 92.5 91.7 90.3 89.4 88.8 87.3 87.9 86.7 84.8 85.1 87.8 92.8 99.2 103.1 103.9 113.6 114.8 116.1
134.1 134.8 135.5 136.1 135.8 135.2 134.9 134.7 137.6 138.7 139.9 140.9 141.8 142.8 143.4 144 144.9 145.7 146.1 146.5 146.8 147.4 147.9 148.1 148.3 148.5 148.6 148.1 147.7 147.2 146.7 146.3 145.7 144.4 143.8 143 142.2 141.4 140.3 139.1 137.9 136.8 135.7 134.6 135.6 132.4 127.5 130.4 123.6 117.6 120.2 122.9 121.7 120.2 118.6 116.9 108.8 96.6 94.9 93.7 93.2 92.4 91.5 91.3 89.9 89.2 88.3 86.4 86.3 88 89.3 90 93.9 99.1 104.6 106.3 112.5 116.2 114.9 114.9
136 136.7 137.3 137.6 138.2 138.4 138.1 138.7 140.1 140.7 141.8 142.7 143.4 144 144.7 145.5 145.9 146.2 146.6 146.9 147.3 147.7 148.1 148.2 148.3 148.5 148.6 148 147.4 146.9 146.2 145.3 144.6 143.6 143 142.1 141.3 140.5 139.3 138.2 137 135.9 134.8 133.8 133 132.8 126.2 129.9 122.1 120.6 115 120.1 119.8 118.5 116.4 111.1 100.8 94.8 94.4 93.1 92.3 91.4 90.5 90.5 89.5 88.5 87 88.3 89.9 92.3 94.9 95.7 99.4 103.4 106.6 112.8 115 114.3 115.8 117.1
137.8 137.9 138.1 138.7 139.3 139.9 140.4 141.2 142 142.6 143.5 144 144.6 145.1 145.9 146.3 146.6 146.6 147 147.4 147.8 148.1 148.2 148.3 148.5 148.6 148.7 148 146.8 145.9 145.4 144.5 143.6 142.8 142 141.2 140.4 139.6 138.4 137.2 136.2 135.5 134.4 133.3 131.8 130.6 126 124.1 123.2 122.5 116.5 109.7 113.7 116.4 112.5 101.1 96 93.7 92.9 92.5 91.5 90.4 89.6 89.5 89.1 88.2 91.4 93.8 94.8 96.6 99.9 104.7 101.1 106.1 113.2 115 116.4 117.5 118.8 120.1
138.3 138.6 139.3 139.9 140.5 141 141.9 142.9 143.6 143.9 144.5 145.2 145.7 146.3 146.8 147.1 147.4 147.6 147.6 147.8 148.2 148.5 148.6 148.6 148.5 148.7 147.8 147 146.4 145.1 144.6 143.7 142.8 141.9 141.1 140.3 139.6 138.7 137.3 135.8 134.6 133.4 132.3 131.2 129.4 127.6 125 122.9 121.8 120.6 119.4 118.7 116.2 102.3 98.9 93.3 92.3 91.4 91.3 91 89.8 89 88.9 88.9 90.3 94 97 98.5 100.3 102.2 108.7 111.5 102.7 111.3 116.3 117.5 119.4 120.9 121.9 124.8
139.1 139.7 140.4 141 141.6 142.2 143.5 144.1 144.5 144.8 145.4 146 146.7 147.4 147.6 147.9 148.2 148.4 148.6 148.6 148.6 148.9 149.1 148.7 148.2 147.9 147.3 146.4 145.4 144.7 143.8 142.9 142 141.1 140.3 139.6 138.7 137.3 135.7 134.1 132.9 131.6 130.4 128.6 126.8 125.3 123.8 121.4 120.2 119.1 117.8 116.2 112.5 103.2 93.8 92.1 91.4 90.8 89.8 89.6 89.9 90.2 88.9 91.7 96.3 100.3 100 101.9 106.3 112.5 113.9 103.6 110.8 116.7 118.2 121.1 122.8 124.4 127.2 129.8
140.2 140.9 141.6 142.2 142.8 143.2 143.7 144.2 145 145.6 146.2 147 148 148.5 148.4 148.7 148.9 149.2 149.4 149.5 149.6 150 149.3 148.4 147.8 147.2 146.9 146 145 144 143 142.1 141.2 140.3 139.5 138.2 136.8 135.5 134 132.6 131.2 129.7 127.9 126.2 124.8 123.6 128.1 120 118.7 117.6 116.2 113.3 101.9 94.7 93.3 92.6 91.8 91.5 88.1 90.1 89.2 92.2 93.1 97.8 102 102.5 103.7 109.7 115 117.1 114.6 105.1 117 118.8 122 127.3 130.6 132.3 135.3 139.8
141.4 142.1 142.7 143.1 143.5 144 144.7 145.6 146.4 147.1 147.6 148.5 149.4 149.5 149.4 149.5 149.7 150 150.2 150.4 150 149.4 149 148.1 147.5 146.8 146.3 145.6 144.6 143.6 142.4 141.3 140.3 139.2 137.7 136.3 134.8 133.5 132.2 130.8 129.2 127.6 125.9 124.3 122.7 122.2 128.6 118.1 117 116 114 106.2 96.9 93.7 92.8 91.8 92.1 90.8 91.9 91.7 91.7 92.3 97.5 103.4 104.7 104.2 105.8 116.3 118.6 112.8 106.9 112.7 119.3 122.2 126.4 132.2 137.1 140.1 142.6 139.5
143.1 143.4 143.6 143.7 144.2 144.9 146.1 147.3 148.4 149.2 149.4 150 150.4 150.5 150.7 150.8 151.1 151 150.4 149.9 149.5 149 148.4 147.9 147.1 146.5 145.8 145.2 144.1 143 141.7 140.3 138.8 137.2 135.8 134.3 132.9 131.6 130.3 128.9 127.2 125.6 123.9 122.3 120.6 119.6 120.5 116.6 114.1 112.6 108 97.3 94 92.2 92.3 91.6 94 93.8 92.9 92.4 93.5 98.8 106.4 105.8 106.1 105.8 106.3 106.3 106.9 109.1 113.7 118.5 123.5 126.9 130.9 136.1 142.4 143.5 139.4 142.8
144.6 144.3 144.5 145 145.5 146.2 147 148.3 148.9 149.5 150.4 151.1 151.2 151.4 151.6 151.5 151.4 150.9 150.3 149.6 149.1 148.6 148 147.4 146.8 146 145.3 144.3 142.9 141.5 140.1 138.7 137.2 135.6 133.9 132.4 130.9 129.7 128.5 126.9 125.2 123.6 121.9 120.3 118.7 117 116.3 123.2 107.2 101.6 97.6 92.6 92.2 93.8 95.3 95.3 95.1 94.4 93.7 94.7 102.6 106.4 107.9 107.5 108.7 110.4 111.1 113.5 114 119.4 121.8 124.2 128.3 133.7 137.4 143.4 140.7 140.2 143.4 146.1
145.3 145.4 145.7 146.3 146.9 147.5 148 149.3 150 150.6 151 151.5 151.6 151.5 151.5 151.4 151.2 150.8 150.2 149.5 148.8 148.2 147.7 146.9 145.8 145 144.3 142.9 141.3 139.9 138.6 137.2 135.6 133.9 132.3 130.6 129 127.5 126.3 124.9 123.2 121.6 119.9 118.3 116.3 113.4 108.1 105.9 100.7 97 91.4 94.4 95.6 96.4 96.5 96.2 95.9 95.4 96.6 106.7 108.2 108.9 109.2 110.5 111.9 114 116.7 119.5 121.8 123.9 126 131.4 138.4 141.1 145.8 140.2 141.6 143.3 147.2 155.6
146.2 146.6 147 147.6 148.2 148.8 149.3 150.2 151 151.6 152.1 152.3 152.2 152.2 151.9 151.3 151 150.7 150.1 149.4 148.7 148 147.2 145.9 144.8 144.1 143.2 141.6 140 138.4 137 135.6 134 132.3 130.7 129 126.8 125 123.9 122.7 121.2 119.6 117.9 116.3 113.9 107.9 104.2 100.5 97.7 91.3 94.9 95.5 97.2 98.1 98.2 97.8 97.1 97.2 104.7 110.8 110.2 110.9 113.1 114.3 116.5 119.1 121.7 123.8 125.6 128.5 134.8 138.6 144.3 145.7 140.8 141.7 143 148.7 156 164.7
147.5 148 148.4 149 149.5 150.1 150.6 151.1 152 152.6 153.3 153.1 153.1 152.9 151.9 151.4 150.9 150.6 150 149.3 148.5 147.5 146.5 145.2 144 143 141.9 140.2 138.6 137 135.4 134 132.4 130.7 129.1 127.3 125.3 123.5 121.5 120.4 119.1 117.3 115.6 113.6 109.8 103.9 99.2 96.9 95.1 94.1 95.4 97.7 98.5 99.7 99.9 99.9 98.8 104.1 112.3 115.3 117.9 118.9 118 118.7 121 124.3 126 128 131.8 135.8 142.8 146.4 145.7 141.8 142.7 144.2 149.1 157.2 164.6 168.6
148.9 149.4 149.9 150.3 150.9 151.4 151.9 152.4 153.1 153.4 153.6 154 153.9 152.6 152.1 151.6 151 150.5 149.7 148.8 147.8 146.9 145.7 144.4 143 141.7 140.3 138.9 137.2 135.6 134 132.4 130.8 129 127.2 125.5 122.9 121.6 119.7 118 114.6 110.2 107 103.7 100.6 97.4 96.2 94.6 93.1 95.4 94.4 100.2 101 101.1 101.3 101.5 104.9 115.7 118.7 121 121.9 121.2 121.6 123.6 125.6 128.2 132.5 137.1 140.5 144.2 145.9 144.1 142.9 145.2 145.8 149.5 158.8 168.3 170.3 173
150.3 150.8 151.3 151.7 152.2 152.8 153.2 153.5 153.8 154 154.2 154.4 153.6 152.7 152.2 151.6 150.9 150.2 149.3 148.3 147.3 146.3 144.8 143.4 141.9 140.5 138.2 136.9 136 134.4 132.6 130.9 129 127.2 125.4 123.4 120.6 119 115.4 110.5 105.7 101.2 99 97.6 96.1 94.8 94 93.6 96.2 96.3 94 98.6 102.5 102.3 102.5 105.2 116.6 121.7 123.3 123.4 123 123.6 125.3 128 130.4 135.3 140.5 145.2 145.5 143.8 143.7 144.2 146 149.8 153.6 160.6 170.4 172.7 174.2 176.3
151.6 152.1 152.6 153.1 153.6 153.6 154 154.2 154.4 154.6 154.4 153.8 153.2 152.5 151.9 151.2 150.5 149.8 148.9 147.9 146.5 144.9 143.3 142.1 140.7 139.4 138.1 135.4 133.3 130.6 130.3 128.6 127.5 125.7 123.8 121.3 117.3 110.5 104.1 99.6 98.5 97.3 96.4 95.4 95.2 95.9 97.1 96.4 97.6 97.9 98.7 98.4 103.9 104.1 106.5 117 123.6 126.2 126 125.1 125.8 126.3 128.4 131.8 137.3 142.8 146.9 145.1 144.3 144.9 145.5 146.6 150.6 157.1 164.5 172.8 174.6 175.5 176 169
153 153.5 154 154.5 154.4 154.2 154.1 154.8 155.1 154.6 154.2 153.7 153 151.9 151.3 150.7 150.1 149.5 148.4 146.7 145.1 143.5 141.8 140.4 139.3 137.9 136.1 134.2 132.2 131.5 128 125.2 125.7 123.7 121.1 117.1 108.3 100.9 96.8 97.7 97.9 97.5 97.3 97.1 96.7 99.8 99.4 99 99.3 100.6 101.6 102.9 100 109.4 118.3 125.5 127.2 127.1 128.2 127.3 129.8 133.4 135.1 139.2 143.7 147.9 144.4 145.9 146.6 146.8 149.5 152.2 158.4 167.7 174.6 176.7 177.6 177.2 174.1 170.4
154.3 154.8 155.3 155.4 155.1 154.9 154.6 154.6 155.1 154.6 154.2 153.7 152.8 151.8 150.7 150.1 149.5 149 147.1 145.4 143.7 142.1 140.4 138.8 137.6 136.6 134.8 132.7 130.8 129.3 127.8 122.2 119.3 118.3 114 106.5 98.9 98.1 98.5 99.6 97.8 98 102.2 101.9 101.1 99.6 99.7 99.7 100.8 102 103.2 111.4 113.1 108.1 121.7 126.8 129.9 129.7 130.9 135.2 139.6 139.9 142.2 147 148.6 144.9 146.7 148.4 151.3 151.7 153.8 161.8 172.5 176.5 178.1 179.5 175.6 172.6 172.4 172.1
