data/270000-920000.asc
ncols 200
nrows 200
xllcorner 270000
yllcorner 920000
cellsize 50
[rows 35 to 69 of 200, columns 78 to 155 of 200]
291.1 289.4 287.3 285.2 283.6 281.8 280 277.6 274.8 273.1 272.2 269.7 273.7 276.3 280.2 284.1 287.8 290.4 290.7 290.8 291 291.8 292.4 292.8 293.2 293.8 296.8 302 306.9 312.2 318.3 324.3 328.8 333.5 337.3 341.2 346.4 350.8 353.9 357.2 361.2 364.2 365.9 368 370.8 371.5 371.4 370.3 368.4 366.6 361.5 354.9 349.4 345.3 341.8 338.2 335.3 334.5 337 340.1 341.5 343.3 347.1 350.9 349.4 345.5 340.8 334.6 328.5 322.6 316.9 311.4 304.7 300.4 297.9 296.7 295.9 295.1
288.3 287.2 285.1 283 281.3 279.8 278.1 275.8 274.9 274 272.5 270.7 273 276 278.3 282 285.7 288.4 289.1 289.5 289.7 290.6 291.2 291.8 292.2 292.2 294.4 299 303.6 308.8 313.8 319.2 323.1 327.7 330.5 334.8 339.9 344.4 348.1 352.5 356.1 358.7 359.8 361.5 364.2 364.2 364.3 362.2 359.9 358.3 354.6 349.3 344.1 340.4 336.6 332.8 332.4 332.5 335.3 339.2 342.5 347.1 352.1 355 352.1 347.8 343.2 338.3 332.7 328.1 322.3 315.6 307.9 300.3 298.2 297.2 296.5 295.6
285.6 284.5 283 280.8 279.1 277.9 276.5 274.9 274.3 273.7 272.6 269.2 272.1 275.2 277.5 280.4 283.3 286.3 287 287.6 288.1 289 289.8 290.4 291 290.8 293.2 295.6 300.5 305.2 308.3 312.9 317.7 323.3 325.3 329.1 334 337.7 342 346 350 352.6 353.6 355 356.4 357.2 356.8 355.1 351.2 349.2 347 343.3 338.9 334.8 331.1 328.7 329.1 330 333 337.9 342.7 348.9 354.6 357.8 354.9 351.6 347.2 343.2 339 334.5 328 318.3 309.4 301.9 298.7 297.1 296.3 295.5
283 281.8 280.6 278.7 277.5 276.4 275.1 274.2 273.9 273.2 272 270.3 273.9 274.9 276.5 279.4 282.1 283.5 284.1 284.6 285.1 287.7 288.3 289 290.1 292.1 292.8 294.8 297.6 300.5 304.2 307.6 311 315.8 320.4 324.3 330.1 333.2 336.3 339.3 343.1 346.9 347.8 348.1 348.6 349.5 349.6 348 342.9 340.1 338.1 336.4 332.7 326.9 323.8 323.3 325.1 327.8 330.9 335.8 343.8 350.1 355.2 357.5 357.4 354.1 351.2 348.9 345.9 341 333.2 322.1 314.6 307.5 299.3 297.2 295.9 294.4
280.3 279.1 278 276.9 275.9 274.9 273.8 273.4 273.1 272.4 269.2 268.5 273.3 273.6 274.6 276.4 279.2 281 280.8 281.5 282.1 284.7 287.1 288.8 288.9 291.6 293.1 294.5 296.1 297.8 299.5 302.7 305.9 311.3 315.8 319.5 325.1 328.2 330.9 333.8 336.9 340.1 341 341.4 341.7 341.8 341.4 340.3 336.4 332.9 330.7 329 324.9 320.3 319.2 320.2 321.6 325.9 330.2 334.4 343.1 348 352 354.5 356.6 355.9 354.4 352.7 350.8 345.5 337.6 329 319.5 310.8 302.3 297.6 294.7 291.1
277.1 276.5 275.4 274.4 273.4 272.8 272.4 272.5 272.2 272.1 269.4 266.5 270.2 271.2 272.3 273.8 276.3 278.8 278.9 277.7 279.7 283.2 286.2 287.2 287.3 290.4 292.8 293.5 294.1 295.5 296.9 298.7 301.9 307.4 311.9 314.9 319.8 322.4 324.9 328.1 330.8 333.1 334.1 334.7 335.1 334.1 333.1 332.5 330.3 326.5 323.3 321.6 318.8 316 314.3 316.8 318 323.2 327.9 332.2 339.1 343.7 346.7 349.9 352.6 354.6 355.2 355.2 353.5 348.8 342.4 334.3 325.1 316.2 307.2 300.1 294.6 287.5
274.1 274 273 272.2 271.8 271.4 271 270.7 271.3 271.3 269.5 267.2 267.1 269.4 270.5 271.5 273.3 274.9 276.8 274.3 276.4 283.2 285.4 285.9 286.5 289.5 291.7 292.4 293.2 293.7 294.5 296.7 299.3 303.4 308 310.6 314.3 316.2 318 321.6 324.3 325 326.7 327.8 328.3 327.7 326.8 324.1 323.8 320.4 317.9 314.5 312.6 310.7 311.6 311.7 315.1 320 324.1 328.3 332.4 336.5 341.3 344.8 348.3 351.3 353 354.4 354.4 350.2 344 336.4 327.9 319.5 310.6 300.7 292.8 286.3
271.7 271.5 271.2 270.8 270.4 270 269.7 269.3 269.9 270.2 269.9 267.9 264.1 267.6 268.7 269.8 271.1 272 273.4 272.7 274.1 280.3 283.9 283.4 285.7 288.4 290.6 291.3 292.2 291.4 294.7 296.8 298.3 300.4 303.8 306.3 309.6 312.8 313.2 316.7 319.1 320.2 320.5 321 321 320.4 318.5 317.1 316.7 314.7 312.6 310.2 306.8 305.7 306.8 306.8 311.4 315.9 320 324.2 327.5 330.3 335.4 339.2 342.8 346.8 350.4 352.3 353.5 350.9 344.9 339.3 332.5 322.7 312 298.8 290.9 285.2
270 269.8 270 269.7 269.3 268.9 268.5 268.2 269.2 269.5 269.2 268.2 265.2 265.4 267.2 268.8 270.2 270.8 271.2 271.3 272.2 274.9 279.8 282.1 283.4 286.3 289.1 290.4 290.8 289.9 293.2 294.8 296.2 298.9 300.9 303.3 306.2 308.5 310.2 312.1 314.1 315.9 315.2 315.7 315.9 314.3 313 312 311.5 310.1 307.9 305.7 302.9 302.4 301.7 303.6 306.7 311.4 315.9 320.1 323.4 325.3 329.3 333.6 337.5 341.5 345.2 347.9 350.5 349.9 345.8 342.7 336.7 325.4 314.3 299.7 289.6 284
268.3 268.2 268.3 268.5 268.1 267.7 267.3 267.8 268.5 269.1 268.8 267.7 264.7 263.7 265.7 267.9 269.3 269.8 269.9 269.9 270.8 272.2 275.4 278 280.3 283.5 286.5 288.5 289.3 288.1 288.9 292.4 294.5 296.4 298.3 300.2 303.3 304.8 305.2 307.1 308.7 310.2 310.3 311 311.5 309.7 308.3 307.9 306.7 305.5 302.8 300.8 300 298.5 297.6 300.4 303.2 306.7 311.3 315.5 318.7 320.6 323.1 328 332.2 336.2 340.1 343.2 346.1 346.9 345 342.3 336.5 323.7 314.1 298.9 288 282.9
266.6 266.5 266.7 266.9 267 266.6 266.3 267.1 267.8 268.5 268.4 267 264.7 261.6 263.9 266 268.2 268.4 268.5 268.5 267.8 272.2 273.9 274.1 275.7 279.8 284.1 286.3 287.2 286.6 286.9 290.3 292.2 294.1 295.9 297.7 300.3 301.5 302.4 303.4 304.1 305.3 305.1 306.4 307.1 305.4 303.7 303.8 302.6 300.6 297.5 296.8 296 296 294.6 297.5 300.3 302.7 307 310.8 314.4 316.4 318.7 323.5 327 330.9 334.9 337.9 340.7 342.9 341.6 337.9 331.5 322 313.2 298 287.6 282.9
265.3 265.2 264.8 265.2 265.5 265.4 265.7 266.4 267 267.4 267.3 266.5 263.9 260.3 261.2 263.7 266 267.4 266.4 265.6 267.1 270 272.4 272.6 272.9 276.6 280.7 284.4 285 284.7 285.6 288.4 290.5 292.3 293.8 295.4 298 299.7 300.5 301.3 302 301.4 302.5 302.3 302.4 300.4 298.7 299.1 298.2 295.6 293.5 292.1 292.8 293.8 292.8 294.8 296.2 298.1 302.5 305.9 309.6 312.2 314.6 318.2 322 325.8 329.6 332.3 335 337.7 338.1 335.6 330.5 321.4 311.9 297.9 287.3 283.2
264.1 264 264.1 263.4 263.2 264.1 264.6 265 265.4 265.8 266.3 266.4 263.1 260.1 260.3 262.7 263.5 264.8 264.2 263 265.5 267.2 270.7 271.5 271 273.3 276.1 281.3 282.8 282.8 283.6 286.4 288.7 290.1 291.5 293 295.8 297.9 298.4 299.1 299.8 299.6 300.2 300.3 298.6 296.6 295 294.6 293 291.2 289.2 287.3 288.6 290.5 289.6 292.2 293.1 294.4 298 301.5 305 308.2 310.6 312.9 317 320.9 324 326.4 329.1 331.8 334.7 333.4 329.2 320.9 309.7 298.2 287.3 283.4
262.9 262.9 263.1 262.6 261.9 263.1 263.5 263.9 264.4 264.8 264.9 265.2 264.1 260.8 259.4 261.2 262 262.7 262 264 265.2 266.3 268.6 270.2 269.7 269.3 271.7 278 279.5 279.9 281.3 285.5 287 288.5 289.9 291.1 294.5 297.5 298 298.5 299 298.6 297.7 298.5 296.7 293.8 291.5 290.2 289.6 288.9 286.3 284.9 285 287.3 287.8 289.3 290.2 291.1 293.9 296.5 299.8 302.9 305.8 308.1 312 315.6 318.2 320.7 323.2 326.1 329.2 328.9 326.8 318.5 307.6 297.5 287.9 284
261.8 261.8 262 261.9 261.3 262 262.4 262.9 263.4 263.7 263.9 264.1 264.2 262.4 258.3 259.3 261.2 261.4 261.2 263.2 264.4 265.6 266.1 268.7 268.3 267.8 270.9 274.5 276.4 277.2 279.7 283.8 285.3 286.8 288.2 289 292.7 296.6 297.5 297.9 297.7 297.9 296.2 296.8 295 292.8 290.6 288.1 286.8 286 284.4 282.5 283.1 284.8 286 286.6 287.2 288.1 289.8 291.6 294.5 297.5 300.3 302.8 306.3 309.9 312.5 314.8 317.1 320.1 323.4 322.4 321.5 315.4 304.4 295.2 288.2 284.1
260.7 260.7 260.9 261.1 260.1 260.9 261.4 261.9 262.4 262.7 262.8 263 262.9 261.1 257.5 260.2 260.6 259.9 260.9 262.4 263.7 264.6 264.7 265.5 266.2 266.6 269.1 272.7 274.4 275.7 278.4 282.6 283.3 284.8 286 286.8 290.5 295.1 297.1 297.2 297.4 297.4 296.5 295.6 294.2 292.3 290.1 287.2 285.5 283.4 281.8 280.1 280.6 280.9 283.8 284.3 284.7 285.1 286 287.6 288.7 291.3 294.1 296.7 300.6 304.2 306.8 309 312.2 315.2 317.8 317.8 312.7 309.5 300.2 290.4 286 282.9
259.2 259.4 259.5 259.6 258.6 259.3 260.5 260.9 261.4 261.6 261.6 261.6 261.6 260.3 256.7 258.2 259.9 259.1 259.5 261.6 262.9 263.2 263.4 263.7 264.4 265.7 268.3 269.9 272 272.4 277.9 281.2 281.2 283 283.8 284.3 287 293 295.5 296.9 297.1 296.7 295.4 293.8 293.7 292.1 289.7 287 284.6 282.9 279.2 278 278.3 280 281.3 281.8 281.8 281.8 281.7 282.8 283.7 285 287.9 291.2 294.9 298.5 301 304 307.8 310.6 312.6 313.1 308.5 301.9 293.6 286.3 282.7 280.5
257.1 256.7 256.8 257.5 257.3 258 259.7 260.1 260.6 260.8 260.8 260.9 260.9 260.8 258.9 257.1 259 257.8 260 261.6 262.2 262.6 262.9 263.3 263.5 264.7 266.4 267.1 269.1 270.9 275.3 279.7 278.6 281 281.9 282.2 284.3 289.6 293.3 295.8 296.3 296 294.6 293.6 293.3 292.5 290.7 288.6 285.3 281.6 279.6 275.7 274.3 277.2 278.3 278.7 278.2 278.2 278.1 277.9 278.5 279.5 281.7 285.1 288.8 292.8 295.7 299.5 303.2 305.8 307.8 308.1 304.7 298.3 290.4 283 279.6 277.8
254.4 254.7 254.7 254.8 255.1 257.2 258.6 259.4 259.8 260.1 260.2 260.3 260.3 260.3 259.1 256.1 258.6 256.8 259.9 261.1 261.6 262.1 262.5 262.8 263.1 263.5 265.2 265 266.3 270.3 272.7 275.8 275.9 278.5 280.2 278.9 280.8 286.2 290.6 293.6 295 295.5 294.5 293.3 293.1 292.4 291 289.8 286.4 281.9 277.8 274.5 272.3 274.3 275.2 275.6 275.1 274.6 274.2 273.9 273.8 274.5 276 279.3 282.8 287 290.2 293.5 297.8 300.7 302.2 303 299.9 295.9 288.2 280.8 275.9 274.5
256.2 251.6 251.6 252.2 254.3 256 257.3 258.4 259.1 259.3 259.6 259.6 259.7 259.7 259.3 258.3 255.4 258 259.4 260.6 261.1 261.6 262.1 262.4 262.6 263.3 264.7 264.5 264.4 268.6 270.5 272.1 273.5 275.3 278.6 277.8 277.3 282.9 287.4 290.6 292.8 293.8 293.8 293.1 293.1 292.6 291.3 290.3 286.8 282.3 277.8 274.2 270 271.7 271.6 271.9 271.7 270.3 269.7 269.6 269.6 269.9 271.3 273.8 277.5 281.2 284.7 288.2 291.8 295 296.4 297 295.5 292.5 285.6 276.1 271.5 270.1
256.3 255 252.4 250.3 252 253.9 255.7 256.9 258 258.6 258.8 259 259 258.9 258.5 257.9 255.3 258.2 259 259.5 260.4 261 261.5 262 262.5 263.3 264.4 264.2 263.5 266.4 268.2 270.2 273.1 274.7 275.6 276.4 274.7 279.8 284 287.5 290 291.4 292.1 292 292.7 292.7 291.6 290.4 287 282.6 278.2 274 270.6 267.6 267.8 268.2 267.8 266.3 265.6 265.5 265.6 265.6 266.7 268.3 271.8 275.3 278.6 282 285.6 289.4 290.6 290.6 289.6 287.1 281.8 273.6 267.8 265.7
257.1 255.8 254.1 250.5 249.7 251.8 254.2 255.4 255.8 256.3 257 257.7 258 258.1 257.8 256.4 257.6 257.6 257.8 258 259.1 260.1 260.7 261.9 262.3 262.9 264 263.8 262.7 263.6 265 269.5 271.3 272.4 273.4 273.3 272.2 274.7 281.1 284.5 287.2 289.1 289.9 290.9 290.4 290.6 291.5 290.5 287.1 282.6 277.3 273 269.7 267.3 262.6 265.3 264.5 262.8 261.7 261.4 261.3 261.4 262.1 263.6 266 268.8 271.8 274.8 278.2 281.7 283.6 283.6 282.9 280.4 276.5 270.9 264.8 262.2
257.2 256.5 254.6 252.1 249.7 250.5 252.5 253.4 253.9 254.5 255.3 256 256 255.2 255.3 255.5 256.5 257 257.6 258.9 259.7 260.2 261.9 262.3 262.6 262.9 263.3 263.5 263.1 261.6 261.9 266.1 267.8 269.4 269.9 269.6 269.1 271.2 276.2 280.8 284.4 286.7 287.8 288.6 288.6 288.8 290.5 289.8 287 281.8 276.2 271.5 269.1 266.6 263.8 260.4 261.7 260.3 258.5 258.3 257.6 257.3 257.4 259.1 261.3 263.4 265.6 268.2 270.7 273.8 276.5 276.6 275.5 274.1 271.8 267.4 263.1 260
256.5 255.9 255.5 252.5 249.7 249.7 251.1 252.2 251.9 252.6 252.5 252.1 251.8 255 256.2 257.7 258 257.4 258.4 259.6 260.9 261.7 262.6 263 263.3 263.4 263.2 262.7 262.2 261.6 259.5 261.5 263.8 264.5 265.2 265.1 264.4 266.6 270.9 275.4 280.4 283 284.2 284.5 284.7 285.4 288.3 288.6 285.6 279.5 274.2 269.8 267.7 265.4 263.2 261.2 259.7 256.5 253.5 254.3 254.2 253.3 253.3 254.4 256.5 257.9 259.6 261.3 263.4 266.1 268.8 269.3 268.4 267.5 265.7 262.7 260.1 257.4
256 255.5 255.2 253.3 251.2 249.3 249.6 251.3 249.3 250.7 251.8 253.2 255.8 257.2 258.5 259 259.4 259.3 260 260.9 261.7 263 263.3 263.7 263.8 263.7 263.6 263.1 262.6 262.5 259.3 259.5 260.9 260.8 260.8 260.3 259.6 261.4 265.2 270.1 275 278.7 280.3 280.2 279.5 279.6 282 283.8 281.3 276.3 271 267.6 265.8 264.1 262.4 261 259.8 258.2 254.9 247.9 249.2 249 250.5 250.9 251.4 252.7 253.1 254.6 256.5 258.4 260.4 261.4 261.4 260.7 259.7 257.3 255.7 253.3
255.5 255.2 254.9 253.3 252.3 249.9 248.3 248.9 250.6 252.3 253.4 255.1 257.2 259 260.3 260.5 261 261.1 261.6 262.2 262.9 264.4 265 265 264.1 264 263.9 263.5 263.2 262.7 261.1 259.2 259.9 257.4 258.5 257.7 256.5 257.9 260.4 263 266.9 272.3 274.2 275.7 275.3 274.3 275.9 277.9 276.9 272.9 268.1 265.3 264 262.3 260.7 259.7 258.8 257.1 253.6 250 246.6 242.9 246.6 246.8 247.4 247.8 248 248.2 249.6 251 252.2 253.3 254 253.6 252.9 250.9 249.6 249.4
254.1 254 254.1 254 253.1 251.3 248.6 250.4 251.2 252.2 253.4 255.9 258.7 261.1 262.7 264.2 265.1 265.5 265.7 265.8 266.7 267.2 267.3 266.8 265.5 264.4 264.2 263.9 263.5 263.2 261.3 260.3 260.4 258.7 254.6 253.8 253.3 255.2 258.1 258.7 259.8 264.6 266.9 269.5 270.6 270.3 271 272.3 272.8 269.8 265.6 262.2 260.9 259.7 259.2 258.2 256.7 254.9 251.9 248.3 244.5 235.9 242.5 242.7 242.9 243.1 242.8 242.4 242.3 243.4 244.6 245.8 246.5 246.6 246.3 244.3 244.7 244.4
252.2 251.9 252.9 253.3 253.2 251.9 250.6 247.5 248.8 251.5 254.4 257.3 260 263.4 265.3 267.9 268.9 271.5 272.4 273.2 274.5 274.5 273.3 272.1 270 267.4 265.8 265.2 265 263.8 262.6 262.3 261.8 260.9 259.4 257.3 255.5 253.4 256.4 257 257.3 258.2 259.9 262.3 265.3 265 265 267.3 268.4 266.3 262.7 259.2 258 257 256.1 256 254.1 252.2 249.6 245.5 241.2 232.1 237.2 238.6 238 237.8 237.5 237.2 236.7 237 237.6 238.6 239.6 240.7 240.6 239.2 238.6 238.6
251.7 250.3 251.8 252.4 252.6 252.8 251.9 249.4 246.5 249.6 255.5 258.8 261.3 264.7 267.9 270.9 272.6 276.3 279.9 281.5 282.7 282.5 280.5 280 278.7 276.2 271 268.7 267.1 265.2 264.4 263.7 262.9 262.2 260.9 259.2 257.5 254.9 252.4 253.4 254.4 254.1 254.8 255.8 257.4 259 259.3 260.9 263.3 261.9 259.5 255.8 254.8 254.2 253.8 253.5 251.7 249.5 246.9 243.3 239.2 235.3 229 234.3 233.8 233.2 232.4 232.2 231.7 231.6 231.8 232.2 232.9 234 235 234.8 234 233.6
253.2 251.1 250.3 251.4 251.8 252.3 252.3 251.4 251.2 249.3 254.7 259.8 262.2 266.3 270.2 273.5 275.9 280.6 284.4 287 288.4 287.9 285.5 284.2 283.9 282.9 276.5 275 270.5 269.4 267.3 266.3 264.8 263.7 262 260.4 258.8 256.6 254.6 250.6 250.7 250.6 251.7 252 253.1 253.9 254.1 254 256.8 257.6 255.7 252.9 252.4 251.8 251.4 251.1 249.1 246.8 243.5 240 236.5 232.6 224 230.2 229.6 229.1 228.4 227.6 227.3 226.8 226.2 226.7 227 227.7 228.7 228.9 229.1 229.2
253.5 252.1 250.1 249.9 250.5 251.7 251.9 251.8 251.4 248.7 255.4 260.5 262.6 266.8 271.9 275.7 279 284.3 288.6 291.3 292.7 292.2 289.7 287.8 287 285.8 280.1 278.1 274.9 274 273.1 271 268.2 265.7 263.6 261.7 260.2 258.1 256.8 254.3 254.2 250.8 248.7 248.3 249.5 250.6 249.2 249.3 250.8 252.8 251.2 250.6 250.1 249.5 249.2 249.1 246.6 244 240.7 237.2 233.6 230 223.3 226.1 225.5 225 224.4 223.7 223.8 222.5 221.3 221 221.5 221.9 222 222.2 222.4 222.5
253.8 252.4 251 248.6 250.1 251.4 251.3 251.2 251.2 249.5 255.8 259.7 263.8 267.5 272.5 277.8 282.2 287 291.8 295 295.7 295.2 292.8 290.4 288.8 287 282.3 281 278.5 278.2 277.4 275.7 272.7 269.7 267.5 265.2 261.9 261.7 259.6 257.9 256.7 254.8 253.3 250.5 247.4 245.5 244.6 247 247.2 248.4 247.3 247 246.8 246.5 246.2 245.8 243.9 241.4 238.5 235.3 231.7 227.4 222.9 220.9 221 220.4 220.1 219.5 218.9 217.7 216.8 216 216 216.5 216.1 215.5 215.7 216
253.4 252.1 250.8 249 249.5 250.5 251 251 250.9 248.9 255.6 259.6 264.2 268.5 273.3 278.2 283 288.6 294.3 297.3 297.7 297.1 295.3 292.8 291.2 288.8 285.6 282.8 281.7 280.8 280.3 279.6 276.5 273.1 270.8 268.3 267.3 266 264.1 261.9 260.4 258.1 255.8 253.4 250.7 249.9 247.5 244.2 244.5 244.5 243.5 243.1 243.2 243.2 243.3 242.6 241.1 239.1 236.3 233.3 229.5 225.6 221.7 217.8 216.4 217 216.5 215.3 214.2 213.5 212.8 212.1 211.9 211.3 209.7 208.7 208.5 209.2
253 251.7 250.5 249.3 248 249.1 250.4 250.7 250.5 249.5 255.4 259.9 264.2 268.6 273.1 277.9 282.2 287.6 293.5 297.5 299.5 298.9 297.1 295.3 292.8 290.5 288.6 286.1 285.1 284.3 283.4 282.9 280.4 276.7 274.1 272.9 271.7 270 268.3 266.1 264.2 261.9 259.4 256.4 253.4 252.6 249.6 246.6 246.3 243.9 240.5 239.8 239.8 240.2 240 238.7 238.2 236.6 234 231.1 227 223 219.8 216.8 212.5 213 212.3 211.1 210.3 209.7 209 208.3 207.7 205.4 203.5 202.4 202.8 203.5
251 250.5 250.1 249.8 248.1 248.5 249.5 250.2 249 249.8 254.8 259.2 263.4 267.8 272.5 277.4 281.7 286.7 292 296.5 298.8 299.9 298.4 297.1 296 292.6 290.7 288.7 288.1 287.5 286.8 286 283.8 280.2 277.9 276.3 274.3 273.4 271.7 269.6 266.6 264.1 261.6 258.8 256.3 254.3 252 249 246.6 244.8 244.2 241.5 237.7 235.4 235.8 234.6 234 232.8 230.8 228.6 224.5 220.6 217.5 214.3 212.1 208.2 207.8 207.1 206.6 205.9 205.2 204.4 202.8 200.9 199.1 197.7 197.1 197.8
