data/270000-820000.asc
ncols 200
nrows 200
xllcorner 270000
yllcorner 820000
cellsize 50
[rows 35 to 69 of 200, columns 0 to 77 of 200]
394 391.3 389.5 387.2 381.7 385.3 387.2 393 403 414.9 425.1 433.6 439.8 447 451.8 455.8 459.6 463.4 466.8 470.3 472.5 475.5 478.3 482.5 488.2 487.2 486.3 486.6 486.5 486.3 486 482.2 484.6 489.5 494.4 498.5 502 506.9 511.6 518.2 524 528.8 531.8 535.3 536.3 536.6 541.2 542.5 542.1 543.4 544.8 548.5 551.1 550.9 549.7 546.6 543.2 540.3 538.2 539.8 543.3 544.3 541.3 540.1 538.9 537.6 537.1 537.5 536.8 536 535.6 537 539 541.3 545.5 552.9 554.2 560.4
399.4 396 395.2 393.5 388.6 384.3 385.9 388.9 394.2 405.2 417.9 427.3 433.6 440.9 447.4 451.6 454.8 458 461.2 464.6 466.1 469.4 472.7 477.7 480.4 482 482.6 483 483.3 483.1 482.7 478.7 484.6 489.2 493 496.2 499.9 504.3 509.1 514.4 519.8 525.3 528 530.2 532.1 532.7 533.3 537.6 537.1 538.3 542.4 546.6 549.7 551.7 551 549.5 546 543.2 539.5 541 545.3 546.6 544.5 542.2 541.3 540.5 538 536.8 536.4 536.2 534.6 535 536.8 538.7 543.9 548 551.1 553.9
404 402.5 403.2 400.5 395.4 388.9 386 387.9 391 399.8 408.7 418.2 428.3 436.5 443.6 446.8 450 453.2 456.4 459.4 461.4 464.1 467.1 470 472.8 475.4 478.1 479.4 479.7 479.9 479.4 478 483.6 487.5 490.7 494.1 497.8 501.6 506.2 511.1 516.2 521.2 524.4 526 527.7 528.6 529.2 531.5 530.3 532.9 538.7 544.6 548.3 551.2 552.1 550.8 547.6 543.5 539.5 539.4 546.2 547.7 546.4 544.5 544.3 543.3 540 538 536.9 535.2 532.9 533 534.3 535.9 538.5 542.9 546.1 549
411.4 410.1 410.5 406.6 402 396 390.3 388.7 388.6 395.9 408.3 416.3 424.7 432.6 438.7 442.9 445.9 448.6 451.5 454.2 456.8 459.1 462.1 465 468.3 471.7 473.6 475.5 476.2 476.6 475 476.7 480.5 484.4 488.2 492 495.6 499.3 503.7 507.5 512 517 520.4 522.1 523.8 524.9 525.1 525.3 525.9 527 533.7 541.8 546.3 548.5 550.1 548.7 546.1 541.9 537.7 537.1 543.1 544.5 545.9 546.6 546.5 544.7 541.3 538.7 537.8 534.8 528.9 529.8 531.2 532.5 533.5 537.8 540.9 544
420.3 419.4 419.3 414.5 409.3 402.8 396.1 394.1 393.3 393 402.3 415.2 422.8 428.3 434.5 439.1 441.8 444.6 446.7 448.9 451.6 454.1 457.3 460.5 464 467.4 470.2 472 472.7 472.5 469.4 476.5 480.3 484.2 487.1 489.8 493.4 497.1 500.7 504.3 508.6 513 516.5 518.2 519.9 521.2 521 520.7 521.4 521.7 527.4 534.8 540.8 543.1 544.7 544.8 541 536.8 533.4 533.5 534.3 539 543.8 547.2 548.4 546 542.5 538.7 536.9 533.8 529.5 526.8 528 529 530.1 532.6 535.7 538.1
431.9 431.3 429.8 424.4 417.3 408.5 400.5 398.7 397.1 392.4 397.9 410.2 420.3 427.6 430.8 435.7 438.4 441.1 443.5 445.3 447.1 449.3 452.8 456.2 459.6 463 466.4 468.5 469 468.7 467.1 476 479.9 482.7 485.6 488.1 491.2 494.8 497.9 501.3 505.5 509.6 514.5 515.4 516.6 516.9 516.5 517 517.9 518.2 519.2 523.2 530.4 534.8 537.8 537.6 535.6 531.7 529.7 528.9 530 534.5 540.1 546.5 550 547.4 543.3 539 536.3 533.5 529.4 526.2 525.3 526.2 526.8 527.8 530.4 533.2
445.1 443.4 441.9 433.7 425.9 414.8 406.4 414.4 408.3 397.2 396.3 407.7 414.1 422.3 427.2 432.1 435.6 438.7 441.3 443 444.7 447.7 450.4 453.2 456.2 459.1 462.1 464.9 466 466.2 467.5 474.3 478.2 481.2 484 486.6 489.1 492.5 495.5 498.6 502.1 505.6 509.5 511.3 511.5 512.7 512.9 513.3 514.4 513.8 516.3 518.4 522 526.3 529.5 529.8 527.5 525.6 525.5 525.7 526.7 531 538.1 545.4 549.5 546.9 542.2 537.2 534.5 532.9 529.2 526 523.1 521.8 521.9 524 526.2 528
454.9 456 450.7 442.9 432.6 421.5 411.1 410.9 405 403.8 400.9 405.1 409.6 417.3 424.9 429.1 433.2 436.2 440.1 441.2 443.7 445.9 448.5 451.2 454.1 457 460 462.6 465.3 461.4 467 471.1 475 479 482.4 484.8 487.3 490.1 493.2 496.3 499.1 502.4 505.3 507.1 508.4 509.5 509.7 510.4 511.6 511.7 513.4 515.3 517 520.8 522.8 524 523 522 521.9 522.6 523.8 527.1 534.5 542.4 545.6 545.4 540.5 535.1 532 530.4 527.5 524.3 520.9 516.6 517.8 519.6 521 521.6
473 462.3 456.9 448.4 438.5 427.6 415.7 409.5 408.9 410 407.4 408 412.9 419 425.7 429.6 433 437.6 441.1 441.7 443.7 445.1 447.4 449.8 452.1 454.8 457.5 460.1 462.8 456.9 465.2 468.6 472.5 476.5 479.9 482.4 484.8 487.6 490.9 494 496.6 499.3 501.6 503.6 505.1 506.4 506.8 507.9 508.6 509.1 510.5 512.3 514.2 515.9 518.3 519.6 519.2 518.4 519 519.8 520.9 523.2 528.7 536.9 539.2 541.4 539.1 533.1 528.5 526.3 524 521 517.9 514.3 512 513.2 514.4 515.3
490.8 481.8 475.3 455.7 446.7 435.3 421.6 412 411.7 414.2 414.3 413.4 415.9 420 424.5 428.2 434.1 438.6 441.2 442.8 444.4 446.2 447.2 448.5 450.5 451.8 454.3 456.9 458.1 457.3 463.3 466.8 470.1 474 477.4 479.9 482.2 484.7 488.6 491.5 494.2 496.9 498.3 500 501.6 503.2 504.1 504.9 505.6 506.5 508.5 510.4 512.1 513.7 514.9 515.5 515.9 515.9 516.3 517.1 518.2 519.9 523.5 526.9 529.3 531.7 532.1 528.9 524.3 522.2 520.1 517.1 513.3 509.1 507.7 508 508 508.9
512.6 503.5 484.9 462.1 452.7 442.1 428.4 415.5 416.2 420.6 420.8 420.4 421.6 421.2 425.6 433.9 439.1 440.9 443 443.8 445.4 447.2 448.6 449.4 449.5 450.5 451.2 453 452.9 455.9 461.2 465.9 467.6 471.6 475.2 477.9 480.3 482.3 486 489.1 491.8 494.1 495.5 497.1 498.6 500.3 501.7 503.1 504 504.6 506.7 508.3 510 511.6 512.4 513.1 513.7 513.3 513.6 514.3 515.1 516.2 518.9 519.5 520.1 520.6 521 519.2 518.1 517.4 515.8 512.3 508.5 505.8 503.2 503.6 503.2 502.5
527.2 510.3 482.3 468 456.5 445 428.4 418.3 422.4 427.7 429.3 430.7 431.9 432.1 432.9 437.1 440.9 444.4 445 445.7 446.4 448.5 449.7 449.4 449.5 449.7 450.6 451 450.5 455.1 460.5 465 465.3 468.3 473.8 476.3 478.5 480.8 483.7 486.5 489.3 491.5 493.2 494.6 495.8 497.4 499.3 500.1 500.4 502.7 505 506.5 508 509.4 510 510.7 511.4 511.1 510.7 511.5 511.6 511.9 512.7 511.9 510.8 511.3 512 511.4 509.9 509.7 509.4 506.9 503.5 501 498.2 498.8 498 496.7
532.6 511.8 481.8 469.3 462.3 441.4 429.4 426.1 428.6 434.9 438.1 439.1 439.1 437.2 435.9 439.1 443.4 444.2 445.4 445.9 446.5 446.8 448.8 449.4 449.6 449.7 450 450 450.1 454.9 460.2 464.7 463.9 465 472 474.7 476.9 479.2 481.5 484.5 487 489 490.7 492 493.2 494.6 496.8 497.2 498.7 500.9 503.2 505 506.2 507 507.7 508.4 509.1 509.1 508.4 508.7 508.2 506.8 504.9 504.7 503.7 502.8 502.5 504.7 502.1 502.1 501.8 500.3 498.6 497 495.3 494.3 493.8 492.2
528.7 508.6 483.8 467.8 456.4 444.4 434.7 436.1 437.7 442.9 446.2 446.8 446.2 444.3 440.9 442.1 445 447.3 444.4 445.4 445.5 445.9 446.7 449.4 450.1 450.4 449.9 449.1 449.4 454.4 459.7 463.3 464.9 461.8 470 473.2 475.5 477.5 479.7 482.3 484.3 486.7 488 489.1 490.3 491.7 493.8 494.3 497 499.3 501.5 503.4 503.9 504.7 505.6 506.2 506.8 507 505.6 505.1 504.3 500.9 498.2 497.8 498.8 496.9 495.7 495.8 495 494.4 494 493.1 490.8 491.3 491.4 490.9 491 489.5
531.6 502.9 491.7 473.1 460.2 450.4 446.1 445.8 447 451.3 455.2 454.5 453.5 452.2 445.9 443 445 450.1 449.8 446.7 444.9 444.9 444.2 448 449.8 450.7 449.7 448.7 448.3 453.2 458.4 461.7 464.4 460 468.2 471.4 474 475.7 477.6 480 482.3 484.7 485.7 486.2 487.5 489 490.6 492 493.5 495.9 498.2 500.3 501.4 502.2 503.5 504.2 504.8 505.6 503.9 500.5 499.7 495.5 492 491.9 492.4 491.7 489.6 487.7 487.6 487.3 487.9 487.1 485.3 487.1 487.5 487.3 487.3 486.5
530.4 509.9 500.4 482.4 468.9 459.9 456.7 455.5 455.2 460.6 465.9 464.6 461.3 460.8 451.2 446.7 445.9 449.8 452.6 450.9 445.8 444.4 443.4 444.1 444.3 452.3 449.5 448 446.9 451.5 456.7 460.4 462.9 459.7 467.8 470.4 472.1 473.7 475.5 477.9 480.3 482.7 483.4 483.6 484.2 485.5 486.8 488.6 489.9 492.6 494.8 496.8 498.8 499.6 501 502.2 502.9 503.4 502 497.5 493.2 490.5 487.9 486.6 486.2 485.6 483.1 481.7 481.1 480.7 480.9 481.3 480.1 481.7 483.4 483.3 482.4 481.3
531.2 516.5 504.9 488.8 479.8 467 465 464.6 463 468.5 471.4 473 469.7 468.8 461.7 451.5 447.8 450 452.9 452.2 449.1 444.5 442.8 442.3 442.4 445.1 444 442.7 446.5 451.2 454.6 458.5 458.7 459.3 464.9 468.2 469.9 471.6 473.3 475.8 478.1 480.4 480.8 481.1 481.5 482 482.8 485.1 486.5 488.8 491 493.3 495.4 497.1 498.2 499.3 500.1 500 497.5 492.7 488.9 485.7 482.6 480.2 479.5 478.8 476.3 473.9 472.9 472.6 473.2 475.6 474.7 475.5 476.4 476.5 476.5 477.3
532.6 525.4 508.9 494.8 491.3 475.6 475.3 475.1 473.3 475.7 483.4 486.1 477.9 473.8 469.4 457.7 452.1 452.9 454.3 454.2 450.6 445.3 442.7 441.2 440.8 440.7 441.2 442.4 446.5 449.4 452.3 457.2 456.9 459.2 465 466.1 467.8 469.5 471.2 473.5 475.8 478.1 478.2 478.5 479 479.5 480.4 481.8 482.2 483.1 485.3 487.4 489.8 492.2 493.8 495.5 497.1 497 492.8 488.1 484.2 480.9 477.6 475 473.6 472.1 470.3 467.8 465.2 464.2 464.8 466.8 469.2 468.5 469.9 467.7 469.6 473.1
540.1 533.5 518.9 501.9 494.1 486.7 487.7 487.3 484.6 484.9 488.5 489.6 484.6 479.2 471.3 463.5 460 458 456.7 455.3 451.3 446.1 441.8 440 439.4 439.5 439.7 441.3 444 447.4 449.4 455.3 454.7 460.1 464 464.8 465.9 467.6 468.9 471.2 473.5 475.7 475.7 476 476.4 476.9 477.4 477.9 477.5 478.2 479.6 481.4 484.4 486.3 487.7 489.1 491.1 490.3 486.2 483.6 481.2 477.6 474.1 471.4 470.2 468.5 465.5 463.1 461.7 460.4 459.6 460.2 461.7 461.8 461.8 460 461.5 463
541.9 539.4 526.3 509.5 502.9 498.6 498.2 498.1 494.4 492 493.2 492 485.6 480.4 476.4 471.2 468.5 466.3 462.5 459.2 454.3 449.2 442.1 438.9 439.1 439.1 439.1 439.9 443 446.1 448.1 454 450.9 458.4 461.8 463 464.2 465.6 466.8 468.9 471.1 473.4 473.4 473.3 473.5 473.4 473.8 473.8 473.5 473.5 473.9 475.3 478.1 480.1 481.1 483.1 484.3 482.4 480.2 479.8 478.4 474.9 471.4 469 466.8 464.7 462.5 461.4 460.1 458.8 457 456.9 457.3 456.8 456.2 455.7 456.4 456.4
542.9 540.4 528.9 519.8 512 508.3 508.2 509.8 509 504.5 506.5 499.4 492.4 488.4 486.7 483 478.9 476.4 470.2 463.8 458.4 453.4 445.5 438.8 438.8 438.8 438.8 439.1 441.4 444.7 448.2 448.3 449.4 456.8 459.6 461.1 462.9 465.4 466.8 467.2 469 471 470.5 469.9 470 470 470.1 470 470.2 470.9 472.3 473.1 473.9 474.5 475.6 476.8 477.5 478.3 478.8 478.2 475.2 472.1 469.6 467.4 465.2 462.8 460.6 459.3 458.4 457.1 455.1 453.2 453.5 453.3 453.4 452.5 452 452.5
543.9 540.1 535.1 529.3 523 523.2 524.2 528.3 520.1 515.3 512.2 508.1 502.6 500.6 499.8 496.7 492.2 486.7 479 472.1 464.8 457.6 449.6 440.6 438.5 438.5 438.5 439 440.7 442.4 445.5 448.8 449.4 453.7 458.1 459.6 462.3 465 466.7 467.5 467.6 467.9 468.3 468.5 466 466.7 467.6 468.3 468.9 469.6 470.6 471.5 472.3 472.9 474 474.4 475.7 475.6 476.5 477.7 475.3 471.3 468.5 466.5 464.2 461.6 460.2 457.4 456.7 455.3 453.1 454.2 453 450.2 450.8 450.5 448.8 448.9
546 543.6 542.1 541.1 535.3 537 539.3 538.8 534.4 530.1 528.5 522.3 516.7 514.6 520 515.5 506.5 496.6 490.4 481.3 474.7 465.1 457.3 446.8 439.2 438.7 438.3 438.8 440.9 443.1 443 443.6 448.5 453 456.5 459 461.7 464.4 466.5 467.4 467.8 467.6 467.5 466.8 465.8 464.1 466.5 466.7 467.5 468.4 469.1 469.8 470.7 471.6 473 473.4 473.2 473 473.7 474 473.3 470.4 467.4 465.4 463.2 461.4 459.8 457.8 458.1 457.8 458 457.3 455.7 452.6 450.7 447.9 447.1 444.9
551.5 549.2 548.4 550.1 545.7 548.8 552.5 550.8 548 549.6 546 537.4 532 535.3 535.2 536.3 529.2 510.8 504.4 495 486.9 479.8 470.3 457.7 444.4 440.1 438.4 439 441.7 443.8 442.9 443 448.3 451.6 455.1 458.3 461 463.7 466.4 467.9 468.4 468.2 467 465.6 464.5 463.8 462.7 465.2 466.2 467.6 468.3 468.7 469.4 471.2 473 473.9 472.9 471.3 470.2 469.9 469.2 468.4 466.8 465 463.2 461.7 461.1 460.8 461.1 461.7 461.8 461.1 458.7 455.4 452.5 450 445.9 440.4
559.1 557 554 556.6 555.9 561.6 566.1 564.2 561.1 563.3 560.5 553.9 551.6 548.5 548.7 546.2 534.6 522.6 518.6 508.7 496.5 486.6 476.5 465.7 450.2 441.1 438.4 439.6 442.8 444.9 443.4 442.6 446.7 451.3 454.5 457.6 460.8 464.3 466.6 469.1 469.2 467.6 465.9 464.5 463.3 462.4 460.8 463.8 465.7 466.7 467.6 467.8 468.9 472.1 473.2 474.4 472.9 471.7 470.5 470.2 468.7 467.3 466.1 465.4 464.3 461.9 462.7 463.3 464.2 464.7 465.4 465.3 462.9 459.6 454.9 450.6 446 440.8
565.9 564.6 561.1 562 564.7 572.2 576.2 576.4 571.7 573.2 572.2 568.6 565.1 556.9 559.2 554.1 542.1 539.4 529.8 519.2 504.7 491.4 479.4 469.9 456.9 443.6 439.2 438 444.3 445.8 443.2 441.7 446.7 451.2 454.3 458.1 461.8 464.7 467.7 470.3 471.1 470.4 468.1 464.6 461.4 461.7 461.8 463.3 464.3 465.9 467.3 467.2 468.9 472.2 474.2 475.1 473.7 472.1 470.8 470.3 468.8 467.3 465.6 465.2 464.3 463.2 464.5 465.7 466.9 467.6 468.5 469.2 467.1 463 458.1 453.2 447.2 442.7
574.1 574.2 574.3 575.1 575.6 581.6 589.7 592 583.4 581.9 582 579.4 573.6 566.8 565.3 559.8 550.4 546.5 536.3 522.7 510.9 498.6 482.4 469.7 456.8 446.5 440.7 438.4 444.5 443.2 441.9 439.6 446 451.1 454.8 458.6 462.2 464.8 467.2 471.2 472.4 472.3 469 465.9 462.6 460.8 460.8 461.1 463.3 466 466.7 466.2 468.4 472 474.7 475.6 474.1 472.5 471.1 470.4 468.9 467.4 465.8 464.6 461.5 464.6 466.2 468.4 469.4 470.6 471.4 472.5 469.9 465.7 460.8 455.4 449.1 444.4
582.8 584 584.1 585.5 587.1 596.4 601.9 603.4 596.1 589.9 590.7 588 580.5 574.1 567 560.9 556.4 548.2 538.3 519.8 511.8 499.6 483.9 468 456.4 446.7 440.9 438.2 438.6 442.1 441.4 437.3 446.2 451.3 455.3 459.2 462.4 464.9 466.8 468.3 469.3 470.6 470 467 462.2 458.9 456.9 459.4 462.4 465.3 465.8 465.3 467.9 471.6 474.3 475.7 474.4 472.8 471.4 470.5 469 467.5 466 464.7 464.6 466.1 468 469.8 472.3 473.3 475 474.7 472.6 468.5 463.5 457.6 451.5 445.3
592 592.2 593.7 595.4 598.5 605.4 610.8 610.3 605.1 596.5 596.9 590.8 583.6 571.6 568 564.7 557.7 549.3 538.7 520.7 512.7 500.7 482.7 466.5 456.5 447.1 441.1 438.1 438.5 441.7 438.2 440.8 447 451.4 455.8 459.7 462.6 464.5 465.9 467 467.7 469 470.9 469.8 462.6 460 458.4 458 460.7 462.6 463.9 463.2 466.9 471.3 473.9 475.9 474.6 473.2 471.7 470.6 469.1 467.2 466.3 465.6 466.4 467.5 469.1 472.1 474.7 477.1 477.8 477 475 471 466.2 461.2 455.4 449.6
599.6 598.2 599.6 602.7 605.9 611.6 615.6 613.7 609.8 599.7 595.9 590 579.4 570.9 569.7 565.3 556.9 549.9 537.3 523.8 514.9 501.5 480.6 466.6 458 448.7 441.8 437.5 434.4 440.8 435.3 440.6 445.1 451.5 456.1 460.1 462.9 464.8 466.6 467.2 466.4 467.3 470 468.5 461.8 458.8 457.2 456.4 458.2 459.9 461 462 466.7 471.1 473.8 475.6 475.1 473.4 472 470.7 468.4 465.9 466.7 466.4 467.6 468.9 471.3 474.8 477.6 479.3 479.4 479.3 477.7 473.3 469 465.4 461.2 455.7
606.5 602 603.7 606.1 610.1 613.8 614.8 613 609.5 600.3 594.6 588.2 578.2 572.3 568.3 563.6 556.2 548.2 534.3 525.3 515.1 497.3 477.8 465.9 457 448 441.7 437.4 433.3 437.4 435.9 438.6 447.7 452.7 456.9 460.4 463.5 465.4 467.3 467.8 466.1 465.1 467 466 462.2 458.5 456.6 455.4 456.3 457.6 459.1 460.7 465.6 470.5 473.1 474.5 473.5 472.7 471.7 469.6 467.1 466.1 467.1 467.7 468.8 470.9 473.6 476.4 479 480.8 481 481.3 479 475.5 471.7 468.2 464.5 460.3
606.7 603.6 604.9 607.5 609.6 610.9 610.1 608.3 604.4 597.6 592.4 585.1 577.9 572.9 569 564.1 556 547 533.7 525 514.4 492.5 475.3 464.5 456 448 441.8 437.4 433.6 434.4 435.5 438.8 446.6 453.7 457.2 460.7 464.1 465.9 468.6 468.4 465.3 463.6 463.5 462.8 461.3 458.1 456.4 455.1 455.6 456.9 458.4 460 463.7 467.4 470 470.8 470.7 469.8 468.8 466.3 465.6 465.6 466.9 469.2 471.6 473.3 474.7 477.4 480.1 482.4 482.8 482.7 480 476.9 473.9 470.7 467.4 464.7
606.8 606.1 603 603.5 605 604 601.5 599.6 594.7 590.9 589.2 580.4 576.4 573.5 569.6 564.2 556.5 547.4 534.9 520.3 507.7 491.3 475.3 463.8 454.8 446.9 441.3 438 435.5 433.6 435.9 438.1 445.9 454.4 457.4 460.9 464.3 466 467.1 467 465.1 462.3 460.4 459.9 458.8 457.5 455.4 454.7 455.1 456.4 457.8 459.2 462.2 464.4 466.4 467.9 467.9 467.3 466.1 465.6 465.6 465.6 468.2 471 474.9 476.3 477.6 478.8 481.2 483.9 483.9 483.6 481.7 478.9 475.9 473.3 470.7 468.1
605.6 602.1 598 596.8 596.9 594.5 589 585.6 584 583.2 579.9 576.1 573.3 571.4 569.8 564.9 556.4 545.1 534.7 520.9 510.4 490.9 475.6 463.7 454.1 446.8 440.7 437.3 435 435.8 435.2 437.4 445.9 454.3 457.1 460.2 463.1 465.2 465.1 464.7 464.2 461.5 460.5 459.6 458.7 455.7 454.4 453.6 454.7 456.1 457.4 458.8 459.7 460.4 462.4 465.7 465.5 466 467.6 466.2 465.6 466.2 469.9 473.5 477.1 478.7 480.1 481.4 483.1 485.2 486.7 486.2 483.7 480.6 477.7 476.3 474.3 471.6
601.3 595 593.2 588.8 586.1 582.5 577 574.6 572.4 569.8 566.7 569.6 568.8 568.9 567.4 564.3 556.5 542.2 530.8 519.9 506.1 490.8 475.3 464 454 446.6 440.5 436.7 433.4 434.3 434.4 437.1 443.2 451.1 455.5 456.8 459.6 461.9 462.7 462.6 462 460.6 459 457.3 455.8 454 453.2 453.1 454.4 455.7 457.1 458.4 459.2 459.6 460.7 463.9 465.3 466.3 467.3 467.9 467.9 468.8 472.7 476.1 478.9 480.9 482.2 483.7 486.1 487.7 489.2 488.1 485.3 481.9 478.6 477.5 476.8 475.2
