data/270000-910000.asc
ncols 200
nrows 200
xllcorner 270000
yllcorner 910000
cellsize 50
[rows 140 to 174 of 200, columns 0 to 78 of 200]
227.5 231.3 235 238.7 242.4 242.8 242.6 244.2 245.1 239 235.3 231.9 231.6 231.1 229.7 227.2 226 228 229.7 232.6 234.9 236.9 238 243.6 246.5 249.8 253.2 256.9 258.2 259.2 261.8 257.8 252.4 248.8 241.6 234.8 230.3 228.9 227.3 229.5 230 231.6 233.2 233.9 235.7 235.8 235.5 233.2 231.2 232.2 231.6 230.1 228.3 225.4 222.7 220.2 217.2 213.7 209.1 204.8 201.3 199.4 196.3 194.1 192.1 189.6 190.4 189.9 189.6 189.6 189.6 189.6 189.6 192.8 195.4 198.6 204.1 205.4 207.9
221.7 224.9 228.6 232.4 236.1 238.4 238.2 237.5 236.8 233.2 231.3 230.8 230.4 229.8 229.4 229.4 228.9 230.3 231 233.1 236.2 239.4 241.4 246.6 251.3 254.9 259.3 261.8 263.9 265.6 266.7 262.6 259 255.3 249 242.6 235.4 230.7 227.7 227 227.1 227 228.4 229.2 228.5 228.5 227.6 226.7 225.2 226.6 225.3 223.9 222.5 220.4 218.4 214.9 212.5 209.9 206 202.3 199.9 198 196.1 193.8 191.8 189.6 190.4 190.3 189.6 189.6 189.6 189.6 191.6 195.1 198.8 201.6 204.9 208.4 210.4
214.6 218.1 222.3 226.3 231 232.2 233.1 233.3 231.5 230.4 223.6 228.3 228.8 228.4 228.7 228.9 229.5 230.1 230.5 233.1 238.7 242.3 244.7 247.5 253.3 259.6 264.7 269.5 272.1 275.8 274.8 271.7 270.4 268.7 261.8 251.6 242.8 235.3 231.2 227.2 225.6 225.7 225.4 227 225.8 224.3 223.3 222 221.5 221.8 221.3 219.5 217.9 216.3 213.7 211.2 208.7 206 202.8 200 198 196.4 194.8 193.1 191.8 191.1 191.3 191.5 191.6 191.2 190.5 192.2 193.7 197 201.1 204 207.3 210.6 213.1
206.8 210.8 214.9 219 223.4 226.4 227.2 228.3 228.1 227.3 221.2 221.9 224.8 226.7 227.4 227.6 228.4 229.2 230 232.4 239.6 242.5 246.4 249 252.2 261.5 269.8 275.7 280.6 283.4 283.8 284.7 284.5 284.1 278.6 266.7 254.2 243.8 236 229.8 225.8 225 224.3 224.3 223.3 221.9 220.6 219.1 217.7 217.7 217.7 216.2 214.8 213.5 212 208.9 206.4 203.8 201 198.5 197.2 195.2 193.6 191.7 191.1 191.6 192 192.5 193.3 194.2 195.4 197.1 198.6 200.4 203.8 207.2 210.5 212.8 214.8
201.3 206.5 206.3 210.9 215.3 218.6 222 223 224.5 223.6 220 219.3 222.9 225.1 226 226.6 227.4 228.2 229.4 231.5 237.8 243.1 247.8 250.3 253.1 257.6 265.9 274.9 282.4 287.3 291.7 294.8 297.6 298.3 292.9 282.2 267.1 258.2 249.2 237.6 229.9 226.2 224.8 224.7 225.3 222.8 219.8 218.2 216.6 215.8 215.7 214.2 212.8 211.8 210 206.6 204.4 201.5 199.4 197.5 196.1 194.7 192.6 191.8 191.8 192.1 192.9 193.7 194.5 195.8 198.9 201.7 203.4 204.5 206 210.2 212.5 214.9 216.8
200.7 202.2 201.3 204.3 209.2 212.5 216.1 217.4 219.2 220.9 220.2 217.6 219.4 222.5 224 224.8 226.5 227.8 229.8 232.3 235.1 241.4 247.6 251.4 254.4 258.1 263.4 271.2 280 288.8 295 299.6 303.9 303.2 299.8 294.7 284.8 275.8 263.9 250.4 238.1 230.2 227.1 226.2 225.8 223.8 220.8 219 217.3 215.3 213.5 212.3 210.8 208.8 206.5 204.9 202.6 200.1 198.1 196.9 195.5 194 193 192.5 192.5 192.5 193.4 194.5 195.7 198.9 202.3 205.5 206.4 207.6 209 211.2 214.5 216.9 219
195.3 197.2 196.2 200.4 202.7 204.6 207.6 213.2 214.7 215.5 216.7 216.1 216.1 220.1 222 222.7 224.8 227.9 231.2 234.2 237.4 244.4 251.2 254.7 255 257.9 263.7 270 278.5 288.5 294.4 299.2 305.9 310.6 308.5 300.7 290.9 282.6 275.4 263 250 238.4 232.6 229.9 227.5 224.9 221.8 219.9 218.1 215.9 213.5 211 208.3 207 205 203 200.5 199.1 198 197 196.2 194.8 193.2 193.2 193.2 193.3 194.3 195.3 197.6 201.1 204.4 207.6 208.8 209.7 210.5 212 215 218.2 221.1
195.3 195.3 195.3 196.4 199.7 200.5 202.1 207.5 210.1 212.1 213.9 214.6 214.7 215.8 219.6 221.1 223.5 225.9 231.1 234.9 239.3 243.3 249.8 253.1 254.7 256.3 261.1 267.5 276.8 287.2 292.8 296.1 298.4 305.2 311 308.8 299.1 290.8 284.2 277.1 268 253.9 244.1 238.6 232.7 227.6 223.7 220.9 218.7 215.9 212.6 209.1 206.5 205.1 202.5 201.1 200 198.9 197.8 197 196 195.2 194.7 194.4 194.1 194.1 194.7 196.1 199.2 202.5 205.6 207.9 209.3 210.7 212.1 213.6 215.6 218.9 222.3
195.3 195.3 195.3 195.3 195.7 197.8 199.5 204.1 210.8 213 214.3 212.9 212.9 213.6 214.2 215.9 220.2 224.1 228.4 232.7 236 240.8 247.1 250.2 252.7 254.6 257.9 263.8 272 280.1 286.1 289.4 292.7 295.7 299.1 303.3 298.7 293.7 293.1 288.6 277.8 270.6 259.7 251.6 244.5 235.1 227.4 219.9 216.4 214 211.4 207.9 204.7 202.5 200.8 200.3 199.9 198.8 197.7 196.8 196 195.4 195.6 195.1 195.1 196 196.7 198.8 202.3 204 206.7 208.4 210 211.6 213.2 215 217.3 220 223.2
195.3 195.3 195.3 195.3 195.3 197.3 199.3 201.4 209.6 211.5 211.9 211.1 211.3 211.7 213 214.1 215.4 219 223.2 229.3 233.4 238 242.4 245.5 248.7 252.8 256.1 260.2 268.7 276.2 281.7 285.7 288.4 289.9 290.7 292.5 295.4 292.4 291.6 288.6 283.6 275.7 269 261.3 255 244.7 236 226.4 219.7 215.4 211.9 207.1 204.1 201.7 200.5 199 199.2 198.6 197.6 196.7 196 196.7 196.9 196.7 196.5 197.4 198.8 202.5 204.4 206.1 207.6 209 210.7 212.5 214.3 216.3 219.1 222 224.5
195.3 196.6 195.3 195.3 197.4 202 201.6 201.7 204.9 208.4 210.2 208.6 209.1 209.8 212.6 213.9 215.1 216.8 220.2 225.2 227.7 232.2 236.4 240.1 244.2 250.4 255 258.7 263.9 272.2 277.3 281.1 283.9 287.2 289.5 291.5 292.3 292 293.3 289.8 285.4 280.5 274.9 268 261.6 252.8 244.5 234.7 225.2 220.4 215.9 211.1 206 202.3 200.6 199 197.6 197.8 197.1 196.4 197 198.2 198.5 198.3 198.1 199.4 200.9 202.7 205.6 207.4 208.7 210 211.5 213.4 215.9 219.2 222.1 224 226.6
195.3 196.7 195.3 195.8 197.2 204.1 204.1 204.1 204.3 206.5 206.4 208.1 209.4 211.2 212.3 213.6 214.8 216.8 219.6 221.7 225.4 229.1 233.3 237.3 241.7 245.5 250.4 254.7 260.3 266.9 271.7 275.7 279 284.3 287 290.2 292.6 294 295.6 294 292.6 290.7 284.5 277.8 268.1 259.3 251.5 242.6 233.8 225.2 221.1 216 210.6 205.5 202.1 200.2 198.7 197.9 197.4 197.4 198.1 199.8 200 200 200.9 202.1 203.6 205.8 207.6 209 210.3 211.6 214.2 216.6 219 222.3 225.7 228.1 229.6
197 195.2 197.4 198.5 200 209.9 208.8 207.2 206.4 208.4 207.4 208.7 210.1 213 212.8 213.3 214.3 216.2 217.8 221 225.7 227.4 231.5 235.3 238.6 241.8 246 251.3 253.7 259.6 265 270 274.2 279.4 284.5 288.2 290.3 291.9 292.4 294 291.8 290.9 289.6 287.6 280.9 271.4 262.6 254.1 245.7 235.4 230.6 223.3 215.4 210.8 205.8 203.2 201.7 200.8 200.2 199 199.2 201.2 202 202.8 203.7 204.8 207.1 209.1 210.4 211.9 213.3 215 217.9 220.8 223.2 226 229.1 231.5 232.8
199.2 199.1 200.6 201.9 204.2 205.8 210.1 208.9 210 210.7 209.7 210 210.7 212.5 214.1 214.5 216.2 218.1 221.5 224.7 229.7 231.4 232.7 234.7 238.2 241.7 245.3 250.3 252.8 255.7 261.2 265.9 270.1 272.9 277.9 280.9 284.8 286.7 286.2 286.5 287.1 285.1 282.9 280.7 280 276.3 269.5 264.4 255.2 246.2 239.6 231.4 223 215.9 209.9 207 206.1 205.1 204.2 203.4 201.8 204.1 204.7 205.3 206.1 207.9 210.5 211.9 213.2 214.8 216.3 218.4 221.3 224.1 226.8 229.3 232 234.3 235.4
202.6 203.5 203.5 203.7 209.2 208.6 209.5 211.4 211.7 211.1 210.7 210.8 212.7 213.7 214.9 216.4 219.4 222.4 227.2 230.4 234.5 234.5 235.1 236 237.9 241.6 245.1 249.3 252.2 255.2 257.9 262 266.1 268.8 271.5 272.8 274.4 276.3 278.2 277.9 278.2 278.6 275.5 272.7 270.7 268 266.2 262.1 255.5 248.9 242.7 236.3 227.5 220.1 213 209.9 209.1 208.2 207.4 206.5 206.7 208 208.4 208.2 209.7 211.9 213.7 214.9 216.5 218.1 219.6 221.4 224.3 227 229.1 231.2 233.9 236.1 237.9
206.5 206 205.8 209.3 212.6 211.4 210.4 211.8 211.9 211.6 211.2 211.7 212.2 214.6 216.8 220.5 224.5 228.2 232.1 236.4 238.9 239 240.3 241.2 240.2 241.8 244.7 248.5 251 253.7 255.7 258.1 262 264.8 266.8 267.1 267.7 268.2 268.1 271.9 268.5 267 264.2 261.6 260.2 258.3 258.2 258.1 252.5 248.6 242.2 234.6 224.9 218.3 213.7 212.5 211.3 210.5 209.4 208.8 209.5 211.1 211.7 212 213.7 215.6 216.9 218.1 219.8 221.5 223.1 224.9 227.9 229.6 231.3 233.4 235.8 237.9 239.7
204.3 204.5 205.3 208.6 212.9 214.9 213.4 212 212.1 212.1 212 212.7 214.1 215.5 219.2 226.2 229.9 232.5 236.2 241 243.7 247 246.8 246.5 244.7 243.7 245.1 247.7 250 252.2 253.6 254.9 258 260.1 262 262.7 263.6 263.3 262.2 260.5 260.7 259 255.9 252.3 249.7 248 246.9 245 241.6 237.2 232.7 226.8 220.3 215.5 214.2 213.4 212.1 210.6 209.5 210.3 212.6 213.9 214.8 215.9 216.9 217.8 219.1 221.8 223.5 224.9 226.8 229 231.1 232.8 234.4 236 237.7 239.7 241.4
205.2 204 204.4 206.1 206.9 208.5 214 211.7 211.4 211.5 212.4 212.8 215.5 219.2 226.1 228.5 233.9 236.7 241.8 245.9 249.8 255.6 256.1 254.7 251.8 249.9 247.2 247.5 249 251.2 252.3 253.3 254.9 257.6 258.5 260 260.9 260.3 259.3 257.5 254.9 251.8 248.6 244.7 241 238.3 236.6 233.9 231.1 227.6 223.3 218.7 216.9 215.8 215.1 214.3 212.9 211.4 209.9 211.3 213.3 215.1 215.7 216.7 218 219.5 221.9 224.8 227.4 229.8 232.3 234.1 234.7 235.8 237.3 238.8 239.5 241 242.9
207.9 206 204.7 205.2 205.9 207.2 208.3 208.7 209.2 210.2 211.7 212.6 214.3 217.4 223.7 230.5 235.9 238.8 242.9 249.2 252.6 257.5 259.6 260.9 261 257.8 251.9 252.3 251.4 250.1 251 252.1 254.1 255.1 255.6 256.5 256 256.8 256.5 254.3 251.6 247.8 242.8 238.1 235 231.3 228.9 224.4 221.5 218.5 215.8 215 214.9 214.3 214 213.6 212.8 211.8 210.8 212.5 213.4 215.2 216.1 217.3 218.6 220.6 223.5 226.4 229.3 231.7 234.9 236.1 237.7 238.5 239.9 240.2 240.3 242 243.9
211.5 209.1 205.5 205.6 206.2 207.1 208.4 209.8 210.2 210.7 214.6 214.2 218.7 221.8 225.3 231.8 239 243.1 249.3 251.9 254.5 259.8 264.3 266.1 267.2 266.3 257.8 259.4 257.3 253.9 253.1 252.9 253.1 254.1 255 255.1 254.2 254 254 251.3 248.8 244.8 240 235.3 231.1 226.6 223.5 219.8 217.4 214.7 213.5 213.1 213.4 213.6 213.3 212.9 212.3 211.3 212.1 213 213.9 215.3 216.8 217.8 219.6 221.9 224.6 227.3 230.3 233.3 234.7 235.9 238.1 239.7 240.3 241 241.1 242.9 244.1
220.5 214.4 207.3 206.2 206.8 208.2 209.4 210.9 211.5 212.6 217.3 218.3 219.7 223.2 227.3 234.3 240.6 245.9 251.7 253.9 257 261.1 264.8 267.3 274.8 281.3 272.2 268.6 266.9 262.3 256.2 254.5 254.2 255.1 255.6 256.1 254.6 252.8 251.5 250.1 247 242.2 237.3 233.2 229.4 226.6 222 217.1 215.1 213 212.2 212.2 212.4 212.5 212.6 212.3 211.6 211.2 212.5 213.6 214.4 215.6 217.4 219.3 221.6 223.7 225.2 228.1 230.3 232.1 233.8 235.8 237.5 239.3 240.1 240.7 242 243.1 243.4
231.1 220.4 212.8 209.6 208.4 211.2 214 213.2 213.6 216.6 220.4 221.6 223.7 224.9 230 234.7 237.9 246.4 249.8 253 257.8 261.8 265.2 268 273.7 281 280.3 276.4 269.3 264.6 260.2 257.5 258.2 260.7 260.5 260.5 259.3 256.9 252.9 250 244.2 239.2 234.2 229.3 226.7 223.4 221.4 218.2 214.3 212.7 212.4 211.9 211.8 211.7 211.6 211.6 211.3 211.9 213.6 214.7 217.3 219.8 221.2 222.8 223.9 226 227.4 228.9 231.1 232.2 234.1 236.4 237.4 238.7 240 240.6 241.1 242.2 242.7
231.4 223.8 218.8 214.1 211.5 211.4 214.7 215.7 217.4 220.7 225.6 229.3 230 230.8 231.3 233.5 235.5 241.5 246.6 249.5 252.3 258.4 263.9 268.1 272.1 279.7 280.6 278.3 272.7 265.1 260.1 260 261.2 265.3 268.9 268.5 265.9 263.9 261.1 254.8 249 242.5 235 228 225 221.8 220.1 217.9 214.7 213.3 212.8 212.4 211.9 211.7 211.5 212.1 212.4 213.9 215.5 218.5 221.5 224.5 226.8 227.9 228.8 229.5 230.2 231.7 232.3 233.2 234.5 236.8 238.8 239 239.9 240.5 241.1 241.6 242
229.4 226.4 222.1 218.2 215 213.9 215.5 218.2 222.9 226.6 229.7 236.1 236.4 237 236.6 234.4 236.2 236.8 238.3 243.3 248.5 256.9 264 267.5 270.5 275.5 276.8 275.2 271.3 264.3 261.1 267 271 272.4 273 275 276.1 274.2 269.8 261.9 253.9 246.9 240 232.5 225 220.5 218.9 217.1 214.6 213.5 213.1 212.8 212.3 211.9 212.2 213.1 214 216.7 221.4 227.2 228.9 230.9 231.8 232.9 233.8 234.2 234.3 234.5 234.8 234.9 237.8 239.9 240.2 240.1 240.1 240.4 241 241.5 241.2
229.7 226.8 224.4 220.5 218.8 218.7 217.9 219.2 222.2 230.8 232.8 233.6 238.8 241.8 240.4 236.4 236.2 237 238.4 239.7 241.4 252 259.3 262.5 265.6 271.9 276.5 274.4 271.1 265.5 261.9 268.2 274.1 275.8 277.6 278.4 280.5 280.6 275.4 267.8 260.5 252.7 245.6 235.5 226.3 220.3 217.9 216.2 215.3 214.2 213.4 212.9 212.5 212.2 212.8 214.1 216 220.4 224.8 229.6 233.1 234.7 235.8 237.6 237.1 236.9 236.5 236.3 237.2 238.5 240.6 241.6 241.1 239.9 240.2 240.3 240.9 241.4 240.3
229.5 227.1 223.7 222.3 221.3 222.9 221.6 221.2 228.1 229.1 231.4 233.9 235.6 237.5 237.1 235.8 235.7 236.5 240.3 239.7 240 242.6 248.5 252.4 254.9 260.3 267.5 270.5 269.3 265.6 262.9 263.7 269.3 275.8 278.3 279.5 286.1 287.7 284.9 277.7 267 258.7 249.9 240.4 231.4 223.1 217.1 216.1 215.5 214.9 213.8 213.2 212.7 212.8 214 215.7 217.9 222 225.9 231.1 233.9 236 237.6 238.3 238.8 238.1 237.3 237.9 238.8 238.7 241.1 240.5 240.1 239.5 239.3 239.9 240 239.4 236
230.6 229.3 226.1 223.7 223 222.8 221.8 221.9 224.2 226.4 233.5 238.7 239.5 236 235.1 234.1 234.6 235.5 236.6 237.7 238.2 239.9 243.5 248.5 250 252 255.8 264 267.5 266.7 262.7 262.5 264.8 271.8 275.4 278.2 282.7 287.7 285.1 279.7 271.7 263.4 254.3 244.4 234.5 225.4 218.7 216 215.4 214.8 214.1 213.4 213.1 213 214.6 217.1 220.9 223.7 228.3 232.7 235.5 237.3 238.6 238.9 239.4 238.8 238.4 239.5 239.7 239.1 239.4 239.3 238.9 238.5 238.4 238.9 238.8 237.9 234.9
238.3 235.5 232.2 231 230.5 229.1 228.6 225 225 226.7 228.5 232.9 241 241.6 234.7 232.7 233.5 234.4 235.1 235.7 236.4 236.9 239.8 242.9 244.9 247.5 252.7 259.9 261.6 261.5 261.1 261.5 264.5 272.2 275 276.8 280.1 284.4 282.8 277.4 271.8 265.9 257.9 247.7 236.9 226.4 220.7 216 215.3 214.7 214 213.6 213.4 213.6 214.1 217.1 220.8 226 231.6 235.9 240.9 240.8 240.1 240.2 240 239.8 240.1 240.7 239.3 240.5 239.9 239.4 238.5 237.2 237.3 236.4 237.4 234.9 234.9
240.8 244.3 242.3 239.7 241.4 239.8 236.8 234.2 229.9 227.1 228.4 230.1 229.4 228.8 228.9 229.7 230.9 233.7 235.3 234.9 235.2 235.7 236.5 239.3 239.8 242.5 248.1 253.7 258.7 259 259 259.7 262.1 270.6 273.5 275.1 276.7 278.2 279.5 275.3 271 266.2 260 250.6 239.6 229.3 222.7 217.4 215.3 214.9 214.6 214.2 214.2 214.2 214.4 216.9 222.2 226.6 234.3 239.1 242.7 242.6 242.1 242.4 244.1 246.3 247.9 244.5 241.3 240.9 240.3 239.6 238.9 237.6 236.4 237.2 239 234.9 234.9
239.7 248.3 247.7 247.7 249 251.1 249.9 244.2 237.7 230.2 228.4 231.6 227.4 224.6 222.7 222.5 224.3 231.1 234.9 233.8 234.2 234.3 234.6 236.1 235.6 237.9 240.8 247.2 254.2 255.5 255.9 256.3 257.9 266 271.5 272.6 272.6 272.6 276.2 275.2 271.6 267.1 260.8 251.8 243.1 233.5 225.5 219.7 215.8 215.6 214.8 214.5 214.5 213.7 214.6 217.1 221.9 227 232 236.7 241.4 242.9 244.5 245.2 247 250.6 252.1 248.7 244.7 241.2 240.5 239.7 239.1 238.3 238.4 239.8 240.5 239.1 236.1
234.8 242.9 250.8 250.7 251.8 253.9 254.3 253.3 248.3 243 234.7 225.5 224 223.2 218.5 215.7 215.3 219.1 225.6 231 233.7 234.4 233.8 233 232.5 233.5 236 241.4 246.8 250 251 252.1 254.2 262.3 266.6 269.9 270.4 270.4 271.3 274 274.1 273.2 268.5 259.2 248.7 238.7 230 224.6 220.2 215.6 215.1 215.3 215 215 214.6 215.9 219.9 228.9 232.9 235.4 239.8 243 244.8 247.6 249.8 251.6 252.2 250.1 247.6 242.6 240.6 240 239.8 240.4 246.6 245.2 242.3 240.4 238.5
232.6 240 243.4 253.3 256.4 255.5 255.5 255 253 250.7 243.6 235.5 225.9 219.7 215.8 213.2 212.6 213.2 212.7 217.3 226.1 231.9 232.9 231 230.4 229.7 230.7 234.7 235.5 239.7 241.5 245.7 248.9 256.6 261 265.6 267.5 269.2 269.6 271.5 274.6 276.5 272.6 266.5 256.4 243.6 239.1 231.5 226.1 219.6 216.7 216.4 215.8 215.5 215.8 215.1 217.3 227 232.7 235.4 238.7 244.1 251 251.5 252.7 253.4 252.7 251.1 247.8 244.9 242.7 241.2 241 240.5 244.3 246.4 242.1 239 236.1
225.4 233.3 243.1 242.7 245.7 250.7 254.5 254.4 252.9 250.9 249 241.4 232.5 222.5 215.5 213.3 212 210.9 209.9 210.6 213.2 217.9 223.4 227.3 228.6 227.6 226.4 227.4 230 232.7 236.5 241.6 246.1 250.5 256.7 260.6 263.8 267.2 268.7 270.3 273.4 280.3 274.4 267.4 259.6 251.5 244.7 237.8 234.2 227 220.2 218.6 217.6 216 216.6 215.1 218.5 220.7 227.7 234.3 238.4 243.1 249.7 252.2 253.4 254.1 253.4 252.1 248.9 246.4 244 241.5 239.9 239.3 238.2 237.2 236.4 234.9 234.9
215.3 220.6 228.4 234.1 237.3 236.2 237.6 244.1 243.6 242 240.7 236.6 231.8 223.1 216.6 214.4 213.3 212.2 209.9 209.3 208.7 209.5 213.5 222.6 224.5 224.8 224 224.5 226.8 230.2 232.9 236.4 241.1 246.2 254.1 258 261.2 265.1 268.8 270.7 273 279.1 275.8 269.5 264.4 258.5 251.5 244.1 239.9 233.1 225.3 221.7 218.5 216.8 215.9 215.5 217.5 219.8 224.9 230.6 236.9 242.9 247.9 250.6 252.9 253.7 254.2 252.9 250.1 247.6 244.7 242 240.6 239 234.9 234.9 234.9 234.9 234.9
201.1 206.9 212.9 220 228 232.6 233.9 233.1 232 229.4 230.4 231.6 224.8 220.2 217.5 215.4 214.9 215.9 217.5 212.6 211.2 208.6 207.5 207.9 215.2 219.7 221.1 220.7 225.3 229.5 231 232.8 234.9 237.9 244.8 252.4 257.1 263.5 270 274.5 277.2 280 278.7 274.4 268.2 264.3 257.5 251.3 243 233.8 227.9 223.1 219.2 217.6 216.1 216.3 217.8 219.7 222.4 228.5 235.9 241.6 247.4 250 252.4 254.4 255.8 254.3 251.2 248.5 245.6 242.7 241 239.4 235.9 234.9 234.9 234.9 234.9
