data/270000-230000.asc
ncols 200
nrows 200
xllcorner 270000
yllcorner 230000
cellsize 50
[rows 36 to 71 of 200, columns 0 to 80 of 200]
246.4 253.3 260.9 268.5 273.9 285.3 288.3 288.5 286.7 279.5 274.3 265.6 252.4 239.1 232.2 238.9 250 258.5 268 275.1 283.6 286.8 287.4 286.9 284.6 280.4 276.4 272.4 261.3 266.6 270.5 271.4 269.5 263.7 254.9 245.2 235.9 228 230.2 228.4 224.2 221 216.5 210.1 202.8 190.9 185.7 190.6 198.8 208 219.1 227.5 232.2 232.9 237 243.8 241.7 229.4 223.3 218 215.6 211.1 202.4 203.4 204.1 202.6 198 183.4 173.8 168.7 167.1 168.6 168.8 170.9 171 169.1 166.3 164.2 154.9 149.2 143.2
244.5 254.8 261.5 267.3 275.9 281 286.3 286.7 284.2 279.4 276.8 271 259.4 243.3 236.3 227 229.7 240.3 247.3 260.4 266.7 270.2 271.1 271.8 271.9 270.4 269.6 267.7 260.2 256.6 261.2 261.4 258.6 251.9 243.8 235.2 232.2 226.5 220.4 223.1 220.5 216 212.4 207.5 194.4 190.5 191.4 198.6 205.6 217.5 224 229 231.8 240.7 246.9 243.3 235.1 232.3 230.8 224.2 220.1 212.7 209.7 209.9 206.5 204.1 195.3 175 175 177 177.9 178 179 178.9 177.8 172.7 168 163.1 157.6 150.9 142.3
241 252.8 267.2 274.4 281.1 283.5 288.1 286.9 285 282.8 280.2 273.4 265.4 254.8 242.5 235.7 228.3 225.3 234 245 253.7 257.9 259.8 261.3 261.3 263.3 262.9 259.2 254.8 246.4 249.4 250.5 246.5 239.9 233.7 229.5 224.1 222.6 219.8 218 215.6 210.6 206.3 195.2 195.3 201.4 199.8 206.4 209.8 220 223.8 233.6 244 249.5 245.9 243.1 241.8 241 238.9 231.2 222.1 216.5 214 214.3 211.9 199.6 188.3 182.9 185 188 186.2 184.1 184.1 184.4 181.4 175.6 168.4 163.4 157.1 148.1 139.5
252.6 263.9 275.6 284.4 287.8 290.6 294.2 291.3 288.5 285.4 283.1 277.7 270.1 262.8 254.7 242.3 232.3 227.2 220.4 230.4 242 247.5 249.2 250.1 251.4 252.9 251.2 248.8 245.1 235.7 236.9 235.6 232.6 230 227.9 225.3 219.7 219.9 218.4 213.2 209.2 205.5 202.6 201.7 203.9 206.9 207.2 211.7 216.3 220.9 231.9 243.2 249.5 252.8 252.3 248.9 248.2 247.4 241.9 231.1 222.1 221.4 219.9 218 209.6 196 196.7 197.6 196.6 193.3 189.8 188.7 188.8 187.7 184 179.2 170.6 162.1 153.3 142.9 132.2
264.3 277.3 283.1 290.9 294 293.7 293.6 293.7 290.9 288.2 287.9 282 273.3 267.2 259.9 253.3 240.7 229.8 223.6 219.5 229.9 236.6 239.8 241.5 239.5 239.9 239.6 237.6 235.8 228.2 227.6 226.9 225.4 224.3 222.6 221 218.2 217.8 214.9 213.1 211.1 208.6 206.5 207.5 208.9 209.6 217.2 217.9 222.3 233.9 245.8 250.9 258.5 256.4 254.9 253.4 252.4 248.1 242.5 233.1 226.9 223.5 221.7 215.4 207.5 205.7 207.8 201.3 196.2 192.8 188.5 187.3 185.1 186.1 183.5 176.8 167.9 156.1 147.7 133.1 122.2
266.4 278.4 290.1 294.4 296.6 298.1 294.6 291.9 289.3 290.9 290 282.5 272.7 266.6 259.5 251.7 246.1 236.6 227.5 220.5 220.8 230.6 232.3 232.5 231.3 230.4 228.4 226.1 223.8 221.9 221.7 221 220.6 219.7 217.8 216.4 215.3 214.4 212.3 211 209.6 208.9 209.9 210.7 211.1 215.3 219 226.9 232.3 243.7 251.9 258.6 259.6 257.5 256 254.7 253.6 249 242.1 235.7 229.9 225.6 223.9 220 215.7 215 209.6 195.5 185.6 183.6 180.8 178.8 176.5 178.5 177.8 171.3 161.4 151.7 138.9 126.2 117.6
271.3 282.4 292.2 295.4 295.6 293.6 293 286.9 288.2 286.3 280.8 275.1 266.4 258.7 254 248 241.9 234.4 228.3 220.8 215.9 222.6 222.6 219.1 218.6 215.9 215.6 216.2 217.1 218 218.2 217.8 216.8 216.2 214.9 212.8 212.7 212.1 211.4 209.6 208.8 209.1 210.1 212.7 216.6 222 233.4 240.3 248.4 256.5 259 259.4 260.8 260 257.2 255.7 251.2 245.2 237.3 232.8 229.8 227.6 225.2 223.2 221.6 218.7 208.5 193.3 179.7 168.7 161.6 160.5 161.4 167.1 167.9 162.7 153.9 142.6 129.7 124.8 118.9
268.3 277 283 285.2 287.3 291.2 290.2 283.4 277.6 273.9 269 261.4 254.9 250.9 245.5 240.6 236.2 230.1 227.1 221.4 214.3 216.3 213.7 212.3 210.9 209.5 209 210.2 212.9 214.1 215.6 214.7 214.7 213.7 213.4 212.5 212.3 211 209.6 209 209.8 210.5 211.4 216 221.6 232.4 241 250.2 256.1 265.1 260.5 259.9 259 258.5 255.7 251.8 248.5 240.7 232.8 231.4 231 228.8 226.9 225.8 223.6 218.1 210.5 196.2 186.9 174.7 157.1 150.4 150.6 152.6 153.2 150.4 145.3 132.6 127.9 122.2 120
272.9 278.8 282.3 284 284.7 283.1 279.2 272.1 265.9 260.5 254.2 250.4 246.8 243.6 239.1 237.7 232.6 226.5 224.5 218.9 212.4 212.5 211.8 210.3 208.5 207.3 206.8 207.5 209.1 210.6 211.4 212.3 214.1 215.3 215 214.4 212.5 211.2 208.9 208.4 208.9 210.3 212.7 217.6 224.4 236.2 247.7 254.9 260.3 259.6 258.3 257.8 255.9 255.3 252.3 248.3 242.6 233.6 231.4 230.8 231.3 230.7 228.9 227.1 223.6 219.5 213.6 203.8 189.7 177.1 165.7 151 146.6 146.8 144.7 140.4 134.7 130.7 126.3 121.6 121.2
273.1 277.1 276 275.5 275.3 269 263.2 257.1 252.9 249.8 247.5 243.4 240.2 237.9 235.1 230.3 225.8 221.6 217.7 215.2 212.1 210.8 210.1 208.6 207.4 206.5 205.8 206 205.5 205.8 206.6 210.3 214 218.6 219.9 218.4 215.5 211.9 208.6 207.7 209.5 212.2 214.5 219.4 228.8 242.7 253.1 258.9 260.5 261.6 258.9 256 253.7 249.4 246 239.2 234.2 230.5 229.5 230.5 231.2 231.7 230.4 227.3 226.2 224.8 220 212 199 184.1 168.1 156.5 146 143.8 141.5 136.7 132.6 128.9 129.7 121.5 123.1
267.9 266.4 263 261.5 257.8 253.4 248.9 245.7 244.6 242.9 239.9 237.7 236.1 232.9 228 222.4 219 216.3 213.3 212.2 210.9 210 208.6 207.6 206.6 205.7 205 204.4 203.5 204 205.9 209.8 212.6 217 218.4 218.3 213.7 209.9 207.1 207.6 209 213.1 216.3 225 237.1 249.8 259 262.4 263.8 263.4 259.4 254.5 250.5 243.1 237.9 229.7 224.9 224.1 225.8 228.5 231.1 232.5 230.6 230.2 229.2 224.3 218.2 208.5 194.9 176.9 162.9 153.8 146.4 139.8 138.4 134.1 130.5 124.7 121.8 122.2 124.8
254.8 249.5 247.3 245.4 243.2 241 237.4 237.6 236.9 236.9 234.8 233.5 229.9 225.4 221.5 217.7 216 213.8 211.2 210.5 208.4 207.6 207.1 206.7 206 205.1 204.5 204.1 202.9 202.2 205.1 209.8 212.7 213.6 215.1 213.3 208 207.1 207.6 208 210.3 214.6 224.3 236.4 247 259.4 267.3 270.7 269.7 267.9 260.4 250.5 245.3 237.1 227.8 218.6 215.5 217.2 220.1 227.1 230.6 230.5 229.1 229.3 227.1 222.8 213.9 202.2 185.8 168.6 157.5 149.2 140.7 137 133.8 129.5 126.3 122.4 122.8 124.4 127
234.4 233.1 232.8 231.6 229.8 225.2 225.9 229.7 231.1 231.1 228.4 226.4 225.5 223.6 219.2 216.1 214.6 212.5 211 210.4 210.1 208.6 207.5 206.7 206 204.4 203.9 203.1 202.1 201.4 204 208.8 210.2 210 209.1 206.1 207.2 208.9 209.2 209.6 213.7 223.5 232.9 245.9 257.1 266.8 275.3 281.6 275.4 268.8 261.1 248 236.5 224.2 216.4 205.9 204 208.5 216.2 223.4 228.5 228.2 227.1 228.9 224 214.7 207 192 172.5 160.9 153.4 143.8 135.9 133.5 130.8 128.4 125 124.4 125 127.5 130.2
217.7 218.3 217.9 217.2 217.1 212.6 220.4 220.6 221.7 220.2 222.8 224.5 226.5 224.9 223.3 220.8 218.5 215 211.9 212 212 212.9 212.1 212 211.8 208.7 206.1 201.1 200.7 200.8 201.8 205.4 206.3 203.4 203.9 206.3 208.6 210.4 212.7 213.8 222 231.9 243 253.6 265.6 275 281.8 284.5 276.1 268 257.5 246.3 229.6 212.8 202.9 195.9 192.4 202.7 212.7 221.5 226.6 226.2 230.2 226.3 213.4 206.2 195 180.1 166.8 156.9 148.1 139 132.9 131.4 130.5 128.5 125.9 127.7 129.9 135.2 141.4
201.7 203.5 203.7 205 206.3 207.2 210.2 213.4 215.6 221 224.5 228 230.1 230.1 228 226.5 224.4 220.6 219.4 216.2 214.1 216.8 217 218.2 218.7 214.1 209 204.6 201.1 201.5 200.3 203 203 204.2 205.2 207.5 209 210.9 214.5 221.3 231.6 240.1 250.7 261 272.1 281.2 287.4 287.4 274.5 263.6 253.3 241.6 228.7 212.1 199.8 191.6 186.6 197.1 210 220.2 225.4 226.9 222 211.2 202.6 190.8 179.1 166.2 157.6 151.9 142.6 134.8 131.3 131.5 139.4 130.9 127.7 130.9 136.1 142.8 148.7
193.1 195.5 199 200.6 204.5 209.3 214.2 217.5 221.8 225.1 228.5 230.8 231.4 231.2 230.5 228.3 227.6 225.6 224.6 223.2 219.9 221.1 228.8 229.2 223.6 218 211.7 206.8 200.7 201.2 199.7 200.4 202.5 204.7 206.7 208.3 210 213.2 218 225.5 236.2 245.9 255.4 266.6 277.5 283.6 287.7 282.6 266.7 257.6 248.3 231.9 216.8 204.2 194.7 189.3 183.6 188.6 207.5 215 219.7 218.2 209.5 201.7 191.7 178.9 166.4 157 152.9 146.5 138.9 134 132.8 135.2 138.9 131 129.7 136.4 143.2 151.5 158.2
195.2 197.3 200.8 204.9 209.1 213.2 218.6 223.9 228.5 232.1 234.2 235.2 236.7 235.7 232.6 230.4 229.7 232.3 233.6 231.8 228.3 225.9 230.2 231 226.7 219.1 209.5 204.4 200.6 200.8 198.2 199.9 202.2 204.6 207.3 209.5 213.4 219.5 221.9 223.5 231 237.2 245.7 255.9 267 278.6 284.7 271.3 257.9 248.6 237.9 218.1 206.5 197.3 191.4 186.7 181.9 181.8 200.5 216.3 214.8 199.7 199.7 194.3 180.6 170.6 161.6 153.1 148.5 143.3 137.4 135.8 139.9 140.4 137.2 131.8 131.2 140.1 148.5 158.5 163.5
199.7 203.2 207.2 211.4 213.9 219 227.5 233.4 236.9 238.6 238.9 236.5 237.9 237.3 235.1 232.7 233.2 236.2 236 229.7 229.5 229.9 232.9 229.2 224.5 218.4 211.2 204.8 200.5 198.7 197.6 199.5 201.7 204.6 209.8 214.4 222.7 228.3 225 220.4 220.9 226.8 236.8 248.1 258 271.5 273.1 255.2 244.9 234.8 224.5 210.7 203.1 196.8 192.8 185.9 180.2 176.5 193.4 208.9 206.6 200.2 182.4 182 169 165.2 153.7 148.7 145.3 141.5 139.9 141.2 144.9 144.4 141.6 133.3 136.3 145.3 153.1 162.5 167.4
210.6 213.8 217 221.6 227.7 233.7 238.9 243.6 244.8 244.7 244.7 243.6 248 246.8 239.6 238.4 237.8 239 235.8 233.2 237.3 243 236.5 229.8 225.4 220.9 215 205.6 199.8 198.5 197.8 200.3 204 209.8 218.2 225.2 232.4 237.9 230 220.3 217.8 220.8 227.4 238.5 249.1 264.1 259.7 247.2 236.9 226.4 213.7 207.1 202.2 199.3 194.3 185.5 177.5 171.7 183.3 200.4 199.7 193.7 181.7 170 166.1 156.8 149.5 146.3 143.8 142.5 142.9 149 152.5 148.2 141.9 135.6 141.4 149.6 157.8 166.9 169.6
220.8 224.8 227.5 231.1 238.7 243.8 248.2 250.3 250 253.8 259.3 264.7 265.9 256.8 249.9 246.6 244.7 241.9 238.9 243.4 251.9 249.7 237.7 232.7 227.1 222.8 213.6 204.2 200.7 198.2 199.4 203.3 211.8 220.2 227.5 236.5 245.4 250.4 239.7 224 216.2 217.3 220.1 228.7 238.8 250.6 246.1 238.6 229.8 220.4 208.6 205 201.7 200 192.7 180.2 174.7 170.2 173.7 189 188.9 183.4 173.7 162.6 155.8 150.1 147.6 145.6 144.6 146.1 150.1 158.6 158.6 152.3 143.4 139.2 140 151.7 157.6 162.9 166.9
228.5 233.2 237.6 242.6 248.2 251 253.4 257 263.5 271.2 271.1 271.5 268.2 260.3 260 252.4 252.2 250.2 253.8 265.3 262 244.9 236.5 232.6 227.7 221.6 210 203.6 199.1 196.9 203.1 213 222.4 231.4 238.9 247.5 255.8 261.2 248.6 231.8 216.6 212.6 213.5 217.7 228.9 232.3 227.8 226.1 220.4 210.6 204.9 204.9 202.4 199.7 189.6 179 170.7 167.6 169.6 180.1 178.4 173 166.9 157 151.8 149.6 147.9 147.9 149.4 155.3 160.1 163.3 161.6 156 147.3 142.1 144.4 156.3 158.1 160.8 165.2
233 237.7 243.2 247.7 251.5 257.9 265.1 270.2 273.3 275.3 273.2 270.2 267.7 268.3 266.4 264.5 265.4 265.5 278.9 279 259.4 243.9 235.9 231.7 223.2 215.2 207.7 202.7 197.7 200 215.8 223.8 235.2 245.5 252.7 257 259.9 261 255.7 241.3 223.6 211.1 208.4 210.3 212.4 216.7 217.5 215.8 210.9 203.1 204.3 206.8 202.8 197.6 184.8 174.6 166.5 163.5 165 171.6 169.1 165.1 156.8 151.8 149.4 148.8 149.8 153.8 159.6 164.3 165.8 165.9 163.4 159.9 152.2 145.8 146.6 156.2 159.4 160.4 163.3
236 240.5 245.8 253.8 261.4 272.5 276.7 279.6 275.1 275 276.3 278.5 277.8 277 272.7 272.3 279.3 291.2 290.3 272.2 252.1 243.2 236.1 227.9 218.1 210.6 206.4 201.6 193.1 210.9 226.4 240.2 248.6 256 259.2 258.8 255.4 250.5 243.8 236.3 222.2 205.8 200.3 198.4 200.9 205.4 206.5 208.1 203.7 200.3 203.7 203.9 200.4 194.5 178.7 160.7 160.1 157 161.9 164.9 161.8 155.3 149 147.2 147.7 151.7 157.5 162.8 168.7 171.4 171.2 171.2 170.9 166.8 153.2 150.6 146.3 149.2 152.1 156.5 159.5
237.1 242.1 250.2 259.2 265.4 269.8 270.6 273.6 275.9 281.7 286.4 286.7 285.7 282.3 280.1 283.5 300.1 300.9 284.1 264.5 250.3 242.8 231.8 221.3 213.9 212 208.1 196.4 196.5 218.9 235.6 247.1 251.9 254.9 253 246.2 239.7 232.1 224.4 217.7 199.4 192.3 191.9 191.1 193.8 199.1 201.2 198 195.2 195.4 197.6 201.2 198.4 189.3 165 154 153.2 152.4 157 157.3 147.7 146.3 145.9 146.9 154.6 159.7 166.3 172.1 174.2 177.4 178.7 178.2 176.3 166.4 156 153.1 152.8 151.5 149.7 158.1 163.5
234.1 236.7 240.3 241.5 246.4 250 262.6 274 281.3 290 294.4 294.1 290.9 288.3 287.8 301.4 306 298.6 277.2 260.3 249.1 238.3 226.4 218.9 217 216.8 208.3 191.5 189.8 212.2 237.6 244.8 245.3 242.6 234.9 227.8 219.2 207 204.3 196 186 181.8 181.4 182.6 187.8 189.8 189.4 189 188.8 191.3 199.3 202.4 194.5 180.7 151.7 147.3 147 147.5 151.3 147.2 144.8 145.8 152.6 158 163.2 170.6 175.5 178.1 181.9 182.9 183.7 183 179.3 166.6 160.3 156.3 162.6 163.1 159.1 159.8 166.6
223.3 227.5 229.5 232.6 235.6 255.2 268.4 280 288.1 295.3 300 299.9 297.6 293.8 304.2 311.2 307.2 286.8 272.2 258.9 246.7 233.1 227.3 225.2 224.6 228.3 211.1 190.3 186.6 202.4 229.2 234.9 234.1 228.7 223.6 210.2 200.1 196.5 190.7 183.3 177.2 173.6 170.5 173.5 176.1 177 178.9 179.1 183.4 191.5 198.8 196 188.2 167.7 142.5 143.3 143.4 144.8 146.2 142.3 148.2 155.9 161.8 166.3 175.1 181.8 187.4 188.9 188 188.3 188.1 186.2 178.7 167.9 162.4 158.9 163.3 163.8 159.9 160 166
219.3 223.1 226.8 230.3 246.2 260.8 272.2 284.1 293.8 300.6 305.4 305.8 305.2 313.1 313.7 309.2 295.4 282 267.2 252.5 239.8 232.2 231.2 233 234 239.1 218.4 193.6 182.7 194.3 222.9 223.6 218.3 206.7 201.1 197.1 189.1 186.6 181.8 172.2 166.8 158.9 156.4 156.3 158.2 165.4 169.7 174.8 184.6 193.7 196.4 192.9 182.7 160.7 138.6 139.4 141 141.9 141.4 145.1 158.5 163 167.5 175.3 184.6 190.3 193 192.7 194.8 194 192.2 187.3 180.7 171.5 163.4 160.9 162.3 161.9 159.8 160.2 164.5
216.7 221.6 225.2 235.2 249.2 263.6 277.2 289.2 300.1 306.9 310.2 313.1 324 321 307.1 296.7 287 273.1 259.3 248 238.4 240.5 242.2 242.8 245.1 247.4 228.8 202.2 180.4 188.7 207.6 199.3 193.8 193.9 191 184.7 179.9 175 163.5 155.5 144.3 140.8 139.1 146.8 151.8 156.6 164.7 174.4 186.1 192.2 192.3 186.4 175.7 152.1 134.7 137.6 138.4 140.5 145.7 154.7 161.3 166.8 176.6 184.3 189.9 193.5 195.5 197.2 199.3 198 193.2 189 184.2 173.3 164.9 162.7 163 162.6 159.6 159.5 163.6
214.7 219.8 226.8 240.9 254.7 269.2 283.6 295.6 304.9 311.7 318.3 330.5 323.6 309.8 298.4 287.2 277 268.7 258.1 252.1 252 252.1 254.1 254.3 252.6 247.9 237.1 214.3 187.4 175.7 185.5 186.1 184.8 181.9 179.3 174.3 169.2 159.7 147.6 149.8 145.1 138 133.7 138.2 143 154.1 164.5 174.8 183.3 185.4 183.3 177.9 168.6 137 134.3 135.3 136 145.3 155.5 159.8 167.4 175 183.4 189.3 192 194.2 195.5 198.9 198.5 196.2 194.2 193.1 184.6 175.2 167.8 164.7 164.6 161.9 157.7 160.2 164.5
215.3 220 230.5 244.2 258.2 273 287.2 297.8 304.9 319.4 326.6 317.2 306.8 297.7 289.4 281.1 276.4 270.8 264.8 264.2 264.8 264.1 259.5 255.8 249.3 236.1 222.4 202.1 185.6 175.5 170.7 173.6 172.8 170.9 167.4 164.2 158.8 148.4 157.3 166.4 158.9 137.6 133.5 129.5 135.3 149.8 163.3 173.6 181.1 179.9 176.6 169.1 153.8 134.2 132.7 133.1 137.5 147.2 152.7 166.3 174.1 181.1 186.8 191 193.4 195.5 197.4 197.9 198.3 199.6 199.5 198.5 192.6 181.2 170.9 167.4 164.9 161.7 161 162.6 167
215.4 221.1 234.3 248.7 263.4 276.7 287.8 297.2 310.3 324.7 316.2 306.6 298.7 292.6 287 281.9 278.5 274.8 273.6 273.7 269 261.6 253.6 244.3 230.8 215.2 201 190.4 185.9 176 164 165.7 164.3 161.8 159.4 153.4 149.6 159.6 171.5 172.5 164 142.8 134 128.9 129.7 142.9 159.9 170.7 177.3 176.6 170 162.1 148.6 131.4 131.3 133.6 137 150 162.5 171.6 179.1 183.9 188.8 192.5 196.3 197.2 198.2 201 202.8 204.6 205.6 203.1 197.5 188.1 175.5 170.4 168 165.3 164.6 164.1 168.4
214.5 222.9 235.7 251.2 265.1 278.1 288.2 303.8 317.4 314.8 307.8 303.8 297.9 292 288.8 287.7 292.3 285 279.6 270 261.9 252 239.7 224.8 208.2 202.3 195.9 187.6 182.4 176.5 166.9 162.1 157.9 156.6 154.1 158.5 165 174.8 177.5 176.7 173.2 162.9 141.7 127.2 123.8 132.8 150.3 167 171.6 168.9 159.7 151.4 139.1 127.2 129.5 137.2 149.5 159.1 168.8 175.5 182.4 186.3 191 194.3 195 196.9 200.3 203.5 205.9 207.1 205.8 202.6 195.7 187.5 176.8 173.5 171.1 169.7 167.5 165.7 168.6
211.5 221.3 235.3 250.2 262.8 276.8 291.5 310 311.9 306.8 303.3 299.7 297.6 299.1 299.3 298.2 292.5 282.4 270 256.9 247 231.8 218.5 209.3 204 197.2 189.6 181.8 176.9 172.6 166 162.1 160.2 160.2 161.9 166.9 177.3 182.3 181.6 179.9 178.9 173 154.2 129.2 123.4 125 141.6 156.6 159.6 154.6 146.2 139.2 127.5 127.9 134.1 144.6 156 166.3 172.9 177.6 183 187.8 190.8 193.4 197.1 200.9 203.1 204.5 205 203.3 201.6 199.5 194.9 186.4 180.2 176.6 174.5 170.8 167.3 166.1 168.6
208.1 217.9 231 244.6 257.3 273.2 295.3 304.4 305.9 305.5 305.8 306.7 308.6 308.5 305.7 292.4 280.1 266 252.9 242 226.6 218.7 213.7 209.1 205.3 193.6 184.7 177.6 173.4 169.4 165.3 164.3 166.4 169.9 173.2 177 182.6 183.4 184.9 184.6 182.6 177.8 154.5 130 120.2 122.8 135 146.8 147.2 142 132.5 126.5 127.1 133.1 142.6 152.7 162.9 172.5 177.5 181 186.6 189 190.9 194.9 198.4 201.2 203.3 203.1 202.3 200.7 198.6 196.2 191.6 186.8 183.3 180.3 178.7 175.7 173.4 167 170.7
204.4 214 224.9 237.3 252.6 274.7 299.1 305 311.5 314.7 316 314.6 316.3 310.3 296.1 275.3 262.8 251.4 233.9 226.7 221.3 216.3 211.2 206.2 200.5 194.1 186.7 177.7 173 168 170 172.4 174 176.4 176.2 169 174 182.3 185.6 186.7 184.2 178.4 156.4 129.7 120 121.3 127.7 136.4 136.5 128.9 123.5 126.9 133.5 144.2 153.2 163.3 172.2 177.1 181 184.8 185.8 189 190.4 193.7 197.6 200.6 199.7 198.7 197.1 197.3 197.9 197.6 194.3 188.9 184.7 183 181.7 179.6 176.4 169.3 174.5
202.4 212.6 225.8 239.2 251.8 271.7 297.7 315 321.1 322.8 320.1 318.1 312.6 301.6 284.3 267 249.9 235.3 229 224.5 219.4 214.6 209.7 205.4 200.8 194.8 186.4 179.3 172.7 177.1 178.2 178.3 179.8 182.4 176.2 168.1 166.3 171.7 179.5 184.6 182.4 177.4 162 135.3 121.7 118.9 123.1 126.9 125.8 122.4 126.8 133.8 145.9 152.8 164.6 170.8 174.4 178.8 182.1 182.4 183.3 185.6 189.9 195.3 197.7 196.4 194.3 193.5 194.4 198.1 199.2 198.7 194.8 190.1 187.3 185.7 182.8 179.6 173.1 172.1 177.1
