data/270000-940000.asc
ncols 200
nrows 200
xllcorner 270000
yllcorner 940000
cellsize 50
[rows 35 to 69 of 200, columns 0 to 77 of 200]
157.8 154.7 151.1 147.3 145.3 143.6 141.8 137.9 139.2 140.2 139.7 139.1 138.8 138.5 137.8 137.4 138.1 138.2 137.3 136.2 132.4 128.8 124.8 120.1 115.5 112.5 109.2 106.7 104.3 100.5 95.8 91.1 85.2 77.2 67.5 57.8 52.9 44.6 41.1 40.4 41.3 40.8 36.2 32.5 32.2 31.4 29.1 39.4 49.8 49.4 50.6 53.5 57 61.1 67 69.5 71.8 74.4 80 78.9 76.9 74.8 78.5 86.2 99.9 108.8 114.4 119.1 121.6 126.6 136.9 145.7 156.4 167.8 176.8 183.5 189.9 197.1
159.1 155.3 151.2 146.7 144.7 142.9 140.1 137.3 135 137.2 138.7 138.4 138.1 137.8 136.8 135.6 135.7 136 136.3 133.5 128.4 124.5 120.8 116.1 111.6 107.2 102.4 99.4 98.2 96.7 92.4 87.6 80.8 72.1 61.2 55.5 45 44.2 47.6 45 41.9 38.9 35.2 31.8 29.9 29.2 30.6 39.5 42.2 45.9 50.1 57 62 65.3 71.2 75.1 77.6 78.7 81.1 81.9 82.3 79 79.5 86.3 98.1 107.4 114.4 119.6 126.1 133 137.4 143 152.2 163 171.1 179.8 185.6 192.7
159.1 155.5 150.8 146.2 144.2 142.2 141 139.8 137.7 134.3 134.3 135.7 136.7 136.8 136.2 134.7 133.5 133.9 134.1 129.7 124.5 120.1 116.2 112.5 108 103.5 99 95.7 92.6 91.2 88.3 82.5 74.2 63.8 56.5 51.5 44.2 46.4 46.9 43.2 38.5 33.8 31.8 29.5 29.6 30.4 50.7 51 48.4 49 53 58.2 65.6 70.4 75.4 80.3 83.4 83.8 85 84.2 85.7 82.2 79.7 86.1 98.4 105.3 112.9 120.1 126.6 134.4 139.6 148.2 156.9 166.1 173.9 182 186.4 192.8
160 155.3 150.5 145.9 144 142.4 140.8 139.6 138 136 133 132.9 134.4 135.5 134.9 132.7 130.2 130.5 132.5 128.6 121.4 117.7 110.2 107.6 103.7 99.3 95.2 91.8 88.6 85.6 82.7 76.2 67.9 59.7 54.3 49 47.5 45.6 40.6 32.9 29.4 29.7 29.9 29.8 29.8 52.4 53.1 52.1 53.1 55.5 60 64 71.6 76 83.4 87.9 88.8 89.2 89 88 87.8 86.6 83.4 86.1 99.5 106.1 112.6 119.2 126.4 134.3 141.7 148.8 157.1 165.1 173.2 181.5 186.1 191.1
157.8 154 149.8 145.6 144 142.3 140.6 138.7 136.8 135 132.9 131.2 134 134.1 133.4 130.9 128.8 127.6 125.6 122.9 120.7 115 108.4 102.8 98.3 94 90.3 86.9 83.4 77.9 73.7 69.4 65.4 58.3 55.1 49.4 46.9 39.6 29.7 30 31.5 31.9 31.7 33.2 43.6 52.7 53.2 52.8 55.6 61.7 68.2 72.7 77.9 85.4 90.3 93.5 93.9 95.9 94.9 94.1 93.2 90.4 87.8 82.5 92.7 103.4 111.9 118 125.9 133.8 141.6 148.7 155.8 164 172.3 178.6 184.4 190
156.1 152.4 148.6 144.9 143.1 141.4 139.3 137.4 135.6 133.7 131.8 129.9 133.3 130.3 128.2 127.4 126.9 126.6 125.6 121.1 118.1 111.4 104.7 99.8 92.8 89 85.6 79.2 73.9 66.9 58.4 56.9 61.2 58.2 56 46.7 39.4 29.5 31.2 30.2 30.8 31.5 31.6 38.4 48.8 53.3 52.5 55.2 60.5 69.1 77.8 82.1 86.6 92.7 95.9 95.6 97.6 100.3 100.5 100.2 98.7 94.3 91.2 88.3 86.9 98.6 106.8 113.7 124.1 134 141.2 148.6 155.5 162.3 169.4 176.5 183.2 189.4
154.4 150.9 147.4 144.3 142.2 140.2 138 136.1 134.3 132.4 131.2 128.7 128.7 126.6 126.5 123.6 121.1 119.4 120.8 118.4 115.1 108 101.6 96.5 93.2 87 80.2 73.3 66.5 59.9 66.1 59.3 52.7 41.1 42.5 39 31.3 30.1 32 31.3 29.7 31 32.4 36 48.8 46.6 53.8 61.6 69 76.4 83.1 87.4 93.2 98.1 98.7 98.9 100.5 103 105.5 104.2 102.3 98.6 95.8 93.6 90.3 93.5 102.9 112.9 124.4 133.7 141.1 148.3 155.2 162.4 168.6 175.7 182.2 188.4
152.3 148.9 145.9 143.3 141.1 138.8 136.6 134.8 133 131.4 130 128.9 128.6 128.1 127 126.4 124.1 123.3 117.8 112.1 110.7 105.3 98 92.2 89.6 84.7 75.8 69 63.4 71.2 60.4 51 48.7 37.9 40 34.6 31 30.8 32.9 32.4 29.9 32.5 38.1 49.3 48.4 51.7 60.3 67.9 72 81.9 88.5 93.5 99.1 103.8 103.2 104.8 106.2 107.2 108.1 108.7 107.5 102.5 100.3 99.1 94.3 91.7 101.9 113.3 124.7 134.1 141 148.2 155.6 161.6 167.7 174.9 181.2 187.2
150.6 147.6 144.7 142.2 139.9 137.5 135.4 134.8 133.4 131.8 130.5 129.3 129.1 127.7 126.3 124.7 124.1 122.4 118 113.2 107.9 105.1 99.3 92.4 84.4 78.1 70.3 65.4 74.3 66.5 55.9 52.2 43.1 36.7 34.1 31.1 30.9 30.4 31.4 31.6 32.4 34.2 50.7 50.9 48.7 56 66.1 72.8 78.4 85.3 92.8 98.1 104.3 107.4 108.3 109.7 111.2 112 112.4 111.4 110.6 105 103.5 101.2 95.8 93.5 101.8 114.5 125 134.5 141.6 149.2 155.9 160.8 166.9 174 180.3 186
148.9 146.4 143.7 141 139.1 137.2 135.2 133.5 132.9 132.1 131 129.8 128.9 127.5 125.8 123.7 121.6 120 117.3 111.9 107.8 104.3 98.8 95.1 90.4 77.3 68.8 73.4 69.4 60.6 53.1 45.6 34.9 33.8 33.7 32.7 30.6 32.4 33.7 41.1 39.6 50.7 50.9 50 50.8 59.7 69.3 78.3 82.4 88.4 97.1 105 111 113.5 114.1 114.6 115.4 115.9 115.9 114.7 113.2 107.9 104.5 101.7 98.1 92.6 100.6 110.1 122.8 133.1 140.5 148.5 155.8 160.2 166.9 173.1 179.6 184.8
146.5 145 142.8 141.1 139.2 137.2 134.6 132.3 131.3 130.6 130.8 129.7 128.2 126.7 124.5 123.2 121 117.9 114.8 108.8 105.3 101 96.5 92 87.5 82.9 78.1 71 61.5 53.3 43.9 33.8 33.9 33.3 33.5 33 30.6 50.5 50.6 50.6 44 47.2 50.8 51.1 58.3 67.5 71.8 78 84 93.7 103.9 112.6 115.6 117.2 117.5 118.4 119.6 119.8 119.5 118.5 116.1 109.7 106.6 103.9 99.2 95.6 100.8 106.4 118.8 130.8 138.5 146.2 155 160.3 165.1 172.3 178.9 183.8
145.8 144.3 142 140.6 139.1 136.2 133.2 131.1 129.9 129 128.5 128.6 127.6 125.5 123.2 120.5 119 115.8 111.4 106.9 101.8 98.2 94.1 89.6 85.2 80.4 71 62.6 55.7 52.3 34.3 34.3 34 33.6 33 30.7 45.2 51.6 51.2 50.7 50.2 51.5 50.9 60.1 69.7 74.8 79.4 84.9 91.8 100.1 108.6 114.6 118.3 120.7 121 121.9 122.2 122.1 122.6 122.9 119.8 112.6 108.7 106.3 100.6 96.9 101.7 106 111.8 122.2 131.8 139.9 147.9 157.3 164.4 172 177.9 182.8
144.3 142.7 141.2 139.7 137.8 135.1 132.1 129.9 128.5 127.6 127.2 126.7 126.3 124.8 122.2 120 116.9 113.6 108.8 103.7 97.9 94 91.7 88.3 81.5 71.1 58.2 54.7 54.1 51.9 39.6 35.1 34.3 33.9 33.2 30.6 47.7 52.2 51.6 51.1 50.7 50.5 51.8 66.8 76.8 83.3 87.8 92.3 97.9 105.4 112.3 117.1 121.2 123 123.9 124.8 125.9 126.7 127.7 127.2 122.1 114.6 110.8 108.7 101.3 99.8 105.5 108.7 113.8 123.3 127.6 132.1 141.3 149.1 159.8 169 176.6 181.7
143 141.6 140 138.5 136 133.4 130.8 128.7 127.3 126.3 125.8 125.3 125.2 123.8 121.3 117.9 114.8 112 104.9 99.5 95.1 89.2 86 81.8 75.3 63.4 51.8 50.6 46.7 42.3 41.9 34.7 34.5 33.9 30.8 31.5 49.8 52.2 52.3 51.6 50.5 52.8 56.8 67.7 77.5 83.1 88.7 94.6 103.6 114.8 118.3 121.8 124.6 125.8 127.1 130.1 130.2 131.2 131 128.9 122.8 116 113.1 107.7 102.3 99.9 107.1 110.7 119.2 132.9 141.8 139.6 148.2 156.4 157.2 165.7 173.5 180.6
142.1 140.5 138.8 137.2 134.9 132.2 129.5 127.5 126.2 125.3 124.5 123.8 122.7 121.2 119.9 116.5 113.3 109.8 103.5 97 92.1 87.9 82.8 76 67 58.2 49.5 41.3 37.4 37.5 35.3 34.8 34.4 33.9 30.8 32.6 52.3 52.9 52.5 51.7 52.6 56 66.1 75.2 84.1 89.8 95.5 105.3 112.3 121.3 122.7 125.4 127.2 128.6 130.5 134 133.2 133.4 131.3 127.8 122.4 116.8 113 109 104.7 100.5 108.6 113.3 124.4 139.6 149 153.7 155.8 158.4 159.1 165.3 171 178.6
141.1 139.5 137.6 135.8 133.6 131 128.1 126.2 125.2 124.3 123.6 122.8 120 118.5 117.4 114.4 110.1 104.2 99.7 96.1 89.2 83.9 80.1 73.2 62 53.4 46.5 42.6 36.9 34.5 34.6 34.7 34.1 31.2 32 35.8 52.7 52.9 52.2 52 55.7 62.4 73 81.5 90.2 95.7 103.7 114 119.8 125.1 127.3 128.2 129.7 131.2 133.6 136.5 135.9 133.9 131 126.6 121.9 116.8 113.2 111.6 107.7 102.2 113.6 114.7 126.8 140.3 150.8 155.6 157.1 158.2 160.3 165.3 171.7 178.4
140 138.4 136.5 134.2 132 129.5 127 125.1 124.5 123.9 123.1 121.8 118.9 116.6 114.8 111.8 104.7 99.8 95.2 92.3 86.1 78.7 72.2 67.7 56.9 48.2 43.6 41.6 34.9 34.6 34.8 34.8 34 31.4 32.8 41.2 51.4 52.6 52.6 52.8 61 71.5 79.1 87.4 93.2 99.8 109.9 121.7 124.3 127.9 129.5 131.2 132.6 134 135.4 137.2 135.9 133.9 130.7 126.4 122.2 118 115.5 114.1 111.3 104.4 114.7 116.3 124.6 133.1 144.7 151.4 149.4 152.4 159 165.3 171.7 177.8
138.4 137 134.9 133 130.4 127.9 125.9 124.1 122.9 122.7 123 119.9 117.6 114 111.2 106.5 102.1 96.8 92.4 87.7 81.2 72.9 65.1 59.9 55 48.3 42.5 36 34.6 34.6 34.7 34.4 31.3 33.3 33.8 43.9 52.2 52.7 52.7 55.9 71.8 81.2 87.1 93.1 100 109 121.2 126.3 128 130.1 132.6 134.3 135.5 136.6 137.5 137.6 136.2 134.6 130.8 126 122.2 119.3 117.6 116.9 113.3 107.4 112.1 114.8 118.9 125.7 129.5 133.9 143 143.7 153.8 165.1 171.6 174.8
136.7 135.4 133.5 131.2 129.9 126.1 123.9 122.4 121.6 122.1 121.6 117.6 115.5 112.1 107.7 103.2 98.9 94.1 89.2 84.7 75 67.6 61.3 54.2 46.5 41.6 36.4 35.6 34.9 34.6 34.5 31.6 31.5 32.7 35 47.5 52.2 52.5 53 65.9 83.5 86.1 93.4 100.3 107.8 116.7 125.4 128.2 130 132.2 134.9 137 138.1 139.4 139.5 138.9 137.2 135.5 131.3 126.3 122.6 120.8 119.9 119 116.4 112 114.3 112.9 127.8 143.2 148.7 146.8 152.7 160 153.5 155.8 161.9 165.3
135.6 134 132.4 130.4 128.2 123.3 121 120 120.6 122.5 121 115.8 113.1 109.2 105 100 95.6 90.9 86.1 80.3 70.3 64 57.6 53.2 56.2 41.4 36.8 35.3 34.9 34.6 34.4 31.3 32.2 33.7 46.5 41.6 52.6 52.9 53.8 63.1 84.5 89.8 97.4 105 111.6 119.9 127.3 130.5 132.5 135.1 138.2 139.8 140.8 141.3 140.7 140.1 138.2 135.8 132.2 127.9 125.3 123.5 122.8 122.5 119.7 116.2 117.5 119.2 132.2 144.9 159.4 161.4 157.7 162.1 161.9 163.7 168.6 172.4
133.2 131.3 129.7 128.5 123.7 120.7 118.2 117.9 119.2 120.4 117.7 114 110.5 106.5 102.2 97.3 92.5 87.6 81.5 74.8 66.8 61.3 55.2 50.2 51.1 36.1 37.6 35.1 34.8 34.5 31.6 33.4 32.9 34.8 48.7 48 48 54.3 59.7 80.4 90.3 93.5 101.1 109.2 115 122.9 129.5 133 135.1 138.9 141.4 142.5 143.4 143.4 142.4 141.8 140 137.3 133.5 129.6 128 126.2 125.1 124 120.3 122.6 119.8 122 128.6 143.2 160.4 163.3 164.1 164.5 165.3 167 170.3 176.1
130.6 129.4 126.8 123 120.8 119.5 117.5 115 115.3 117 116.8 112.8 106.9 102.7 99 94.7 90 84.6 77.8 70.6 66.7 60 55.3 44.7 39.1 37.4 36.5 35.4 35.2 34.8 33.1 34.8 34 38.9 46.1 49 49.5 61.8 70.1 81.3 89.6 95.1 103 111.3 118.9 126.1 131.8 135.8 138.8 142.5 144.1 145 146 145.7 144.5 143.5 141.3 138.6 135.2 131.8 129.9 127.3 124.2 125.1 126.9 125 119.7 123.2 128.1 143.5 161 164.5 165 165.4 165.8 167.2 170.6 176.1
128.5 126.9 124 121.3 119.3 117.7 116.9 114.4 112.4 111.2 110.7 106.8 103 97.7 96.3 91.8 86.3 79.2 72.9 67.2 63.8 56.4 55.1 52.2 37.6 37.9 35.4 35 35.3 31.7 33.9 35.2 34.4 42.2 46.4 50.8 53.3 56.5 70.7 82.6 91.2 98.7 106.8 115.8 122.6 129.5 135.1 138.6 141.7 145.2 146.5 147.4 147.9 147.9 146.7 145 142.1 139.6 136.4 133.5 130.8 127.7 129.1 129 129.7 126.1 120.8 123.7 127.7 141.3 154.9 164.1 165.8 165.9 166.2 167.9 171.1 176.8
126.7 125.2 123.4 122.1 117.3 115.7 114.4 113.3 112.2 111.8 108.8 103.7 98.1 95.4 95 91.7 84.5 81.5 76.2 69.9 64.2 58.5 48.3 43.5 39.2 35.4 34.8 34.4 34.4 31.9 35.1 35 36.6 44.7 49.2 53.5 57.7 64.8 77.5 88.7 97.4 104.2 111.4 119.3 126 132.8 138.3 141.1 144.1 146.9 148 149 149.2 149.1 147.6 145.8 142.5 139.5 136.6 133.6 131.3 130.7 131 130.9 130.7 128.4 126.5 123.2 127.4 132.5 143.1 156.4 165 165.9 166.5 168.1 172.2 176.9
125.1 125.3 123.6 118 115.5 114 112.3 111.5 112.1 108.2 106.5 104.1 101.4 98.6 93.8 90.3 89.4 84.6 75.5 64.4 57.7 54.3 48.4 46 44.7 37.2 36.5 36.3 35.3 32.1 35.4 35.3 36.5 44.3 49.8 54.2 60.1 74.5 85.4 95.9 104.9 108.9 115.7 122.4 128.9 134.7 140.2 143.2 146.2 148.4 149.9 150.4 150.5 149.7 148.2 146.6 143.4 141 138.8 135.6 133.7 135 135.1 133.7 131.5 129.5 128.5 125.2 126 129.6 133.5 146 157.8 164.5 166.7 168.6 173.1 177.5
122.2 119.5 117.1 115.8 114.9 113.1 111.3 109.1 108.4 109.1 106.1 103.3 101.4 97.9 92.1 87 83.5 78.1 65.9 61.6 57.1 54.5 47.7 44.5 42.3 36.6 36.5 36.1 35.7 32.4 34.4 35.4 37 42.2 48.7 54.6 65.2 78.4 90.5 100.6 107.9 113.6 118.8 124.8 130.9 136.5 141.6 144.9 147.6 149.9 151.7 151.9 151.6 150.3 148.8 147.3 145.4 143.3 141 138 139 140.2 139.8 137.5 134.5 130.7 131.6 132.5 130.7 125.9 132 137.7 146.8 160.2 165.2 168.7 173.3 178.2
122.5 122.1 114.4 112.6 111.6 110.3 108.9 108.8 108.7 105.6 103.3 101 98.5 95.9 89.9 84.5 80.8 74.4 64.6 60.6 54.6 49.9 47.7 46.9 50 39.1 36.5 36 35.7 32.7 33.9 36.1 41.1 47.8 48.5 61 70.7 78.2 89.6 100 109.1 115.8 121.3 126.7 133.2 139 143.1 146.4 148.8 151.3 153 153.3 152.2 150.9 149.9 149 147.2 144.2 141.5 140.7 141.3 142.7 143.7 141.7 139.1 133.5 136 142.8 138.3 136.7 136.3 139.3 143.7 155.9 163 168.8 173.4 178.8
121 118.9 115.9 112.8 110.1 109.1 106.9 105.5 103.4 102 99.4 97.2 93.9 90.1 85.1 80.2 76.3 68.8 62.1 60.5 51.1 48.9 45.5 43.1 40.8 38.9 36.7 36.6 36.5 35.4 33.5 41.3 42.1 47.3 54 61.3 71.5 80.8 91.8 101.1 107.9 114.8 122.7 129.1 135.8 141.4 145.2 147.8 150.7 153.2 154.4 154.5 153 152.4 152 150.6 148.6 145.6 143.4 144.7 145 145.1 146.4 145.8 144.7 145.1 140.6 148.4 148.9 144.7 144 142.1 141.4 147.5 156.7 166.6 174.3 180
119.3 117.6 113.8 112.5 110.4 108.4 108 105 103.4 102.2 100.7 97.5 91.6 85.7 81.1 76.1 73.6 64.9 58 53.7 48.1 46.4 45.1 42.9 42.4 41.9 37.8 37.2 36.7 35.8 32.7 40.1 40.8 45.2 56 63.6 73.3 84 95.9 105.8 113.1 116.7 124.6 132 138 143.4 146.9 149.3 151.8 154.7 156.2 155.3 154.6 154 153.4 152 149.2 146.9 146.7 148 147.3 147.8 150.8 151 151.8 155.5 156.4 152.4 152.3 152.1 150.9 149.5 149 144.4 153.1 165.4 173.9 181.2
117.8 113.5 112.7 112 110 107.9 106.1 103.6 101.6 100.6 99 94 89.1 82.6 77.9 74.5 69.4 62.6 57.5 50.2 47.5 47.6 44.4 41.5 41.7 41.2 37.9 37.1 36.7 36.3 32.7 45.2 48.5 51.1 59.5 66.5 74.9 87.9 98.5 106.5 114 120.6 125.6 133.3 139.7 144.9 148.4 150.8 153.3 155.5 156.9 156.5 156 155.4 154.3 153.2 151.4 147.6 149.5 151.3 150.6 150.7 155.6 156.1 159.5 161.9 159.8 162.3 162.2 158.2 157 155.6 151.2 146.5 158 165.8 175.4 182.1
116.6 112.6 111.8 109.5 108.7 108.6 105.9 100.3 97.7 97 93.7 88.6 85.8 82.1 76.9 71.2 63.7 57.4 51.4 48.4 48.4 44.5 43 43 42.7 41.9 38.9 37 36.6 36.6 36.3 34.6 52.4 57 68.6 72.8 78.6 90 98.8 107.5 113.9 122.6 129.1 133.4 140.5 146.1 149.8 152.4 154.8 156.3 157.3 157.4 156.9 156.1 155.1 153.6 151.9 152.6 154.3 156.3 157.4 154.1 159.3 161.8 171.4 174.5 172 172.8 172.4 168.9 167.9 163.1 152.2 151.6 163.8 167.9 174.3 182.9
113.6 111.7 109.4 107.2 106.3 106.2 102.4 95.7 92.7 91.4 88.3 84.8 82.2 79 73.9 67.3 60.8 55.6 50.8 44.6 43.8 43.7 44.4 46.2 43 40.3 41.1 36.7 36.7 36.7 36.5 32.6 47.3 60.1 69.6 77.1 84.9 93.4 105.7 114 118.5 125.4 132 136.9 140.9 146.9 151.2 153.6 155.8 157.2 157.7 157.9 157.7 156.8 155.8 154.8 153.4 153.8 157.3 161.1 164.2 159.5 164 169.7 180.6 183.6 184.8 184.1 182.3 183.1 179.1 172.1 161.2 150 156.4 165.2 174.3 183.3
112.6 110.3 107.4 103.7 101.1 99.9 99.1 95.6 92.1 87.7 83.2 80.5 76.4 73.4 69.3 63.3 57.9 54.8 49.3 43.6 41.8 45.9 47.1 50.6 49.9 43.7 38.6 36.3 36.1 35.9 35.2 35 48.9 60.8 71.3 79.8 88.6 98.3 108.7 115.3 121.8 128.3 134.3 139.1 143.5 147.3 151.8 154 156 157.9 158.1 158.4 158.7 157.7 156.5 155.6 154.6 157.5 160.7 164.6 167.8 166.2 171.9 182.2 189.3 192.7 195.9 194.5 194.2 190.6 183.5 174.6 165.9 166.9 153.3 168.2 174.1 181.7
112.3 110.3 107.2 102.7 101.3 100.6 97.9 93.3 89.3 86.4 82.4 77.3 72 67.3 64.1 61.4 56.5 52.9 45.2 43.7 42.4 44.8 46.5 46.8 47.1 35.8 33.4 33.4 33.2 33.2 32.5 54.4 57 61.4 69.9 79.8 89.3 100.2 108.7 116.6 123.8 130.5 136.5 141.3 145.4 149.3 152.7 154.9 157 158.4 158.9 159.2 159.5 159.3 158.8 157.6 157.9 161.4 165.3 169.4 174.3 178.2 184.8 193.6 196.1 201.7 207 203.2 205 197.1 187 177.1 170.7 170.9 167.2 169.9 175.5 183.9
111.2 109.1 106.6 103.2 100.6 97.7 94.8 90.8 86.7 84.6 79.7 73.8 68.3 62.8 59.7 54.4 48.4 44.3 42.8 42 36.7 37.4 34.9 34.5 34.4 34.9 35.3 36.6 36.6 37.9 45.3 55.6 59.3 64 75.1 82.6 88.7 101.6 112.5 120.5 126.9 133.5 138.4 143.1 147.1 150.2 153.5 156 157.6 159 159.6 159.9 160.3 160.1 159.9 159.5 161.4 165.2 169.6 174.7 180.8 185.4 194.8 202.8 204.7 207.2 210.1 212.4 215.4 201.7 190.4 178.4 171.5 169.8 164.6 171.8 176.4 185.3
