data/270000-580000.asc
ncols 200
nrows 200
xllcorner 270000
yllcorner 580000
cellsize 50
[rows 105 to 139 of 200, columns 78 to 155 of 200]
234 230.7 229.6 230.4 229.1 225.2 221.6 220.4 218.2 212.4 210.5 213.8 215.2 215.8 215.4 212.7 210.6 209.1 209.6 210.5 211.4 212.2 212.5 212.2 210.9 210.2 209.4 207.8 205.6 204 202.9 200.5 195.8 189.6 190.3 190.3 190.3 190.3 190.3 190.3 190.3 190.3 190.3 190.3 190.3 190.3 190.3 190.3 190.3 190.3 190.3 191.6 198.5 197.3 196 194.1 191.4 193.7 194.1 194.7 195.5 195.6 196.2 198.9 202.9 199.8 201.4 205 203 201.4 200.9 201.8 203.1 205 208.3 209.3 211.3 212
236 233.5 234.3 233.1 229.7 225.3 222.7 222.4 221 216.7 211.4 212 213.3 211.1 210.7 210.2 210 208.8 209.5 210.5 211.3 212.1 212.9 212.6 210.9 210 209.4 208.3 206.4 203.4 201.1 198.3 194.9 193.3 191.3 193.7 190.3 190.3 190.3 190.3 190.3 190.3 190.3 190.3 190.3 190.3 190.3 190.3 190.3 190.3 192.5 193.6 195.2 197 196.8 199.2 191.4 192.8 191.6 193.3 193.7 193.3 193.5 194 195 195.8 199 199 198.2 200.8 200.9 201.6 202 202.3 203.8 205.6 207.9 210.2
237.5 235.3 231.5 229.3 229.3 227.7 224.2 222.2 220.6 217.6 215 210.2 215.8 214.7 209.7 207.4 208.9 207.2 208.9 210.4 211.2 212 212.8 212.7 211.1 210.1 209.7 207 205.4 203.5 200.5 198.3 195.7 195.4 195.8 195.9 195 192.3 190.3 190.3 190.3 190.3 190.3 190.3 190.3 190.3 190.3 190.3 190.3 190.3 190.5 194.3 195.4 198 197.7 198.2 194.3 195.9 195.3 192.3 192.3 192.4 193.3 193.7 195.2 195.3 196 197.7 200.5 201.1 202.5 201.3 201.7 202.1 202.8 204.3 206.8 207.8
239.2 236.7 232.7 228.1 228.7 228.6 225.5 223.3 221.4 219.1 216.8 208.5 212.3 214 210 205.4 205.7 206.3 207.3 209.6 210.5 211.4 212.3 212.8 211.1 209.6 208.3 205.8 204.2 202.6 201 200.1 197.9 195.1 195.2 195.2 194.9 192.8 190.3 190.3 190.3 190.3 190.3 190.3 190.3 190.3 190.3 190.3 190.3 190.3 191 196 198.6 199.3 198.4 197.3 196 197.4 196 194 194.5 193.4 192.7 193.4 194.2 195.1 196.4 200 200.7 202.7 202.2 203.7 202.8 203.8 204.4 205.4 208 210.2
240.7 236.7 232.1 227.2 225.5 226.6 225.7 224.3 222.1 219.9 217 211.7 207 205.5 203.6 202.9 202.4 202.7 205.2 208.6 209.7 211.4 213.3 213.5 212.1 209.7 206.4 204.7 203.6 201.9 200.4 200.3 197.6 194.6 194.6 194.7 194.6 192.6 190.3 190.3 190.3 190.3 190.3 190.3 190.3 190.3 190.3 190.3 190.3 190.3 192.8 196.5 199.6 200.1 198.7 197.8 198.2 201.3 196.5 195.2 195.5 200.5 199 196.7 194.6 196.6 197.1 198.9 201.6 203.2 204.3 206.9 208.4 209.4 208.7 209.8 209.7 210.2
242.6 236.4 230.4 226.2 224.5 223.2 223 222.6 221 219.9 216.3 211.6 212.9 213.1 210.2 203 202.3 201.7 202.6 205.4 208.7 211 212.8 212.5 211.6 209.9 206.1 203.4 202.7 200.7 198.9 199.2 196.4 193.5 193.4 193.6 193 190.3 190.3 190.3 190.3 190.3 190.3 190.3 190.3 190.3 190.3 190.3 190.3 194.1 196.2 201.2 201.4 202.8 200.4 200.1 200.3 201.1 198.8 199.3 203 205.4 205.7 200.7 196.8 198.7 200.3 200.7 203.8 204.6 208.6 211.7 213.3 210.2 213.8 211 210.1 211.4
238.8 234 229.1 225.5 223.2 220.2 218.8 218.6 219.1 219.6 216.9 211.1 208.9 207.2 205.4 202.6 201.8 201.3 200.3 202.7 205.1 207.2 208.8 209 208.9 208.2 204.3 202.5 202.3 200.4 195.6 192.8 193.3 192.4 191.9 190.3 190.3 190.3 190.3 190.3 190.3 190.3 190.3 190.3 190.3 190.3 190.3 190.3 192.3 197.2 197.3 202.2 202.5 203.5 203.2 202.2 202.3 202.8 204.7 204.8 207.6 208.6 209.1 207.5 201 201.6 203.1 203.4 205 207.8 214.4 212.1 212.8 212.4 211.7 211.7 212.5 216.4
229.1 227.5 225.7 223.4 221.3 218.4 215.4 217.6 218.3 216.5 213.5 210.1 206.6 203.7 202.1 201.1 200.9 200.7 201.6 199.8 201.7 202.9 204.2 205.4 205.8 206 203.8 201.6 204.7 203.1 196.8 191.7 191.2 191 190.3 190.3 190.3 190.3 190.3 191 193 190.3 190.3 190.3 190.3 190.3 190.3 189.6 197.6 200.3 200.2 202.8 202.9 203.8 204.2 203.8 205.5 207.3 208.6 209.5 209.8 212.2 213.4 213.1 205.7 205.9 207.4 209 208.4 211.3 212.9 214.6 215 214.1 214.8 216 217 218.9
234.7 230.9 222.1 219.9 218.4 216 213.5 212.1 213.4 212 209.2 204.5 202.1 202.6 201.5 200.7 200.1 199.9 200.8 201.4 199.1 198.7 200.4 200.9 199.9 202 201.9 198.4 199.6 199 194.6 191.8 190.3 191.3 190.3 190.3 190.3 190.3 190.8 195.1 197 192.1 190.3 190.3 190.3 190.3 190.3 191.8 197.5 201.4 204.6 202.3 204.7 206.7 205.7 206.2 210.6 214.6 215.2 214.3 213 214.2 215.9 215 210.3 209 209.1 212.6 213.3 214.8 216.4 218.9 223.1 222.5 219 219 219.9 222.7
236.2 232.9 225.4 218.4 214.7 213 210.9 209 208.9 207 204.6 203.2 202.1 202.4 201.2 200.1 199.6 199.4 199.5 200.2 199.2 198.5 197.8 198.9 198.7 195.4 194.1 193.7 193.6 193.3 192 191.2 191.6 192.1 193.4 192.5 190.3 190.3 192.5 194.9 196.4 190.3 190.3 190.3 190.3 190.3 191.3 194 196.9 201.2 202.5 204.6 210 211.6 212.1 211 215 216.6 218.5 218.8 218.4 217 218.5 220.2 218.7 212.4 213.3 214.5 215.1 217.2 221.6 223.2 228.2 225.4 224.6 227.2 226.5 226.2
235.6 230.9 222.5 217.3 214.5 213 211.9 213.1 212.3 211.4 212 209.4 203.7 202.1 200.9 199.7 199 199 198.9 199 199.4 200 200.8 201.1 201 199.7 196.9 195.2 193.4 191.9 191.5 190.8 191.5 193.4 194 194.5 194.4 193.7 193.1 193.4 195.3 190.3 190.3 190.3 191 196.2 200.5 197.4 197.2 200 202.9 207.4 213.9 215.8 216.5 216.3 218.1 220.6 222 222.9 222.4 221.9 224.3 225.8 227.7 221.5 216.1 217 221.5 222.1 225.5 226.9 229.9 228.3 227.6 229.1 230.8 231.2
234.4 232.1 222.9 222.3 221.2 218.1 215.6 214.2 213.8 213 214.7 216 211 204.7 202 201.8 200 199.2 199.1 198.9 199.8 200.6 201.7 202.6 201.8 201 198.9 195.5 193.2 190.8 189.8 190.8 192.3 194.4 194.4 194.8 194.4 193.2 192.1 191.3 190.3 190.3 190.3 190.4 195.2 199.8 202.9 199.5 199.4 202.7 204.6 207.7 215.3 217.5 218.6 219.7 221.6 224.5 225.8 226.4 226.2 226.8 228.7 231.5 234.6 233.9 223.6 223.9 229.1 229 228.4 229.3 230.4 231.6 231.2 233.1 232.5 233.8
235 232.8 224.9 227 225.9 222.2 218.4 216.3 215 213.6 212 212.8 212.6 209 205.8 203.3 201.3 200 199.7 199.5 199.8 200.7 201.9 203.4 202.5 201.3 200.2 195 192.3 189.8 192.3 193.8 195.2 195.3 195.2 194.4 193.5 192.1 191.3 190.9 190.3 190.3 190.3 190.6 197.2 202.1 203.3 202.4 201.7 206.3 208.6 211.1 217.9 220 221.4 222.5 225.4 226.9 227.9 228.5 229.7 229.4 231.1 234.2 238.5 241.8 232.5 231.2 234.3 234.2 232.6 232.9 233.6 233.9 236.7 238.3 237.8 239.1
235.4 232.6 226.1 224.1 224.1 219.7 216.7 214.8 213.3 212.2 211.1 210.2 209.2 206.8 204.8 203.3 201.8 201.4 201.2 200.9 201.3 201.6 201.7 202.5 201.7 200.9 200.7 196.1 190.7 192.6 195.7 196.3 196.4 196.5 196.6 195.6 194.1 192.6 193.2 194.6 192.7 190.3 191.6 197.5 201.8 204.5 206.3 208.1 208.9 212.4 215.1 217.6 220.2 222.2 223.9 225.8 227.3 228.9 230.2 231.5 232.7 232.5 234.2 237.6 241.4 243.6 241.2 235.5 236 238.9 239.2 241 242.7 241.6 239.8 240.7 241.3 244.3
239.8 233.5 227.1 222.3 220.7 218.4 216.1 214.5 213.3 212.1 210.8 209.5 207.3 205.4 204.6 204 204.1 203.2 202.9 202.6 202.6 203.7 203.4 202.9 202.3 200.4 199.9 196.9 189.5 193.6 196.4 197.6 197.8 197.8 197.6 197.1 196.9 197.5 198.7 200.3 200.6 199.2 195.7 200.2 204 207.7 210.8 212.5 215 216.8 218.7 220.7 222.6 224.8 227.1 229.7 231.8 233.6 234.8 235.9 236 235.9 238.3 241.3 243.6 246.7 248.5 243.5 241.5 241.1 244 247 248.4 247.9 249 246 247.1 250.8
240.8 232.7 226.1 221.5 219.8 218.6 216.3 216.8 215.6 214.1 213.7 210.2 206.7 206 206.1 207.7 207.8 205 204.4 204.5 204.1 206.2 206.7 204.9 202 199.7 198.3 195.2 189.4 193.8 197.3 199.1 199.1 198.9 198.6 198.8 199.5 200.8 200.1 200.4 200.7 199.5 200.2 204.6 208.2 211.8 214.5 215.7 217.2 218.8 220.9 223 225.6 228.3 230.7 232.9 236.4 238.3 239.4 240.5 241.4 241 242 243.1 246 250.1 254.5 253.6 249.5 248.4 249 252.1 253.2 256.9 256.2 254.2 255 261.4
236.2 228.2 222.4 220.4 219.4 218.5 218.2 218.2 218 217.3 217.2 212.7 209.1 210.5 212.6 213.6 212.9 208.4 209.1 209.8 208.8 207.8 207.6 205.3 201.2 199 196.9 195.2 189.4 191.9 197.4 200.4 200.3 199.6 198.9 199.2 200 201.5 201.3 200.7 201.1 201.7 203.8 207.2 211.1 214.6 217.1 219.6 221.3 223 224.8 226.5 229 231.8 233.5 236.6 240.4 242.6 243.8 244.8 245.5 245.5 245.6 246.5 250 252.5 257 258.4 257.3 255 255.2 257.6 260 264.7 266.1 266.1 267.7 272
230.8 222.8 220.4 218.8 218.2 217.8 219.4 219.7 221.3 223.6 221.2 216.5 213.2 213.8 213.1 212.3 212.7 212.9 213.1 213.3 212.9 210.4 207.4 203.4 199.8 197.8 196.5 195.1 192.1 188.8 194.2 197.3 199.4 199.5 199.2 199.2 199.8 201.4 202.4 202.7 202.8 203.5 207.1 210.5 213.8 216.9 219.7 222.4 224.9 227.3 229.5 231 233 235.9 237.9 239.9 242.9 245.5 248.3 250.5 250.8 250.7 250.8 250.8 252.8 255.3 257.7 260.3 261.3 260.9 260.2 263.5 265.6 270.9 272.1 273.6 277.4 279.1
229.2 221 219 217.4 217 217.4 218.9 221.3 224.3 225.7 222.8 217.3 214.2 211.6 209.3 209.1 208.9 209.9 211.1 211.1 209.7 206.9 205.3 199.9 196.4 194.7 195.2 196.5 195.8 190.4 190.3 194.7 197.3 198.2 199 199.5 199.9 201.7 204 203.9 204.1 205.3 209.2 212.8 215.9 219.2 222.3 225 228.1 230.8 232.2 233.2 236.1 239.5 241.2 243 245.2 248 252.6 255.1 255.4 255.3 254.8 255.8 255.9 257.7 259.7 261.6 263.9 264.6 264.4 269.3 274.2 277 278 281.1 282.7 289.8
226.7 220.4 219.3 217.5 216.2 217.7 217.3 221.3 224.4 225.3 221.9 217.4 210.6 208.4 208.7 208.8 209.2 207.9 205.6 203.7 203.8 202.5 197.3 192.2 190.3 189.5 190 190.4 189.4 187.7 191.4 196.3 198.8 199.8 200.4 200.7 201.5 203.3 204.9 204.7 204.8 207.3 210.7 214.6 218 221.5 224.8 228.2 231.1 232.9 234.2 235.3 238.5 241 242.7 243.7 246 249.8 253.8 255.2 255.9 256.2 256.5 256.9 258 258.8 261 263.1 265.1 266.6 268.8 273.8 278.2 281.7 283.2 284.9 288 294.1
224.1 222.7 222.9 219.5 215.5 216.1 215.5 220.7 224.1 224.5 221.2 214 208.7 206.7 208.2 208.8 209.2 207.5 204.5 200 197.9 196.4 190.2 187.2 186.4 187.9 189.8 190.4 192.2 196.7 198.4 200.8 202.5 204.3 205 204.7 203.8 203.8 204.6 204.9 205.8 208.6 212.1 215.6 219.4 223.1 226.5 229.8 233.8 234.5 235.7 237.2 239.6 241.6 243.4 244.6 246.8 249.8 252.6 254.3 255.9 256.3 256.2 257.1 258.3 259.7 261.8 264.2 266 268.3 272.2 276.4 281.1 284.6 287.2 289.2 291.7 299.2
225 226.9 225.5 221.2 217.4 214.1 214.3 218 222.6 223.7 221 215.2 206.5 206.4 207.6 208.7 209.8 209.3 206.3 199.4 193.2 189.7 186.5 185.6 189.3 192 195.6 196.4 196.9 198.4 200.8 203.1 206.8 209.1 209.1 207 205.5 204.4 204.3 204.7 206.1 208.8 212.2 215.9 219.2 222.7 224.6 228.9 235.2 235.4 237.5 239 239.6 241.4 243.6 246 248.1 250.6 251.2 252.9 254.6 255.7 255.5 256.8 258.7 260.5 262.3 265.3 269 271.8 276.1 280.1 283.2 287.1 291.2 293.4 297.1 302.9
226.9 225.6 223.4 221.9 217.7 214 213.4 215.9 219.9 222.3 221.2 216.3 208.6 205.6 207.9 211.3 215.3 215 210.7 203.7 192.8 186.4 184.3 188.3 193.8 199.6 200.6 200.3 199.2 199.8 201.6 203.6 206.7 209.9 210.3 208.5 205.4 204.4 203.8 204.3 204.9 207.4 211.7 215.5 218.6 221.4 223.2 225.6 229.5 232.7 238.2 240.8 240.3 241.1 243.4 245.9 248.6 250.3 250.5 251.5 253.1 254.3 255.4 257.3 259.9 263.1 265.2 269.9 273.4 277.7 281.1 283.4 285.5 289.6 293.8 297.8 301 309
226.6 222.6 222.9 223.2 218.2 212.5 214.7 213.6 217.1 220.3 221.5 219.7 213.3 206.5 205.4 209.7 213.5 215.5 212.1 206.2 195.5 188.5 184.8 190.8 194.5 199.7 200.8 200.8 200.6 201 202.2 203.5 204.7 206.6 207.1 206.3 204.1 202.8 202.3 202.6 203.7 205.2 210.1 214.7 217.6 219.2 220.8 223.8 226.3 232.1 237.3 242.2 241.5 242.3 244.1 245.3 248.1 250.2 249.8 250.2 251.2 253 256.1 259 262.1 265.4 268.9 272.4 275.6 280.8 284.5 286.5 288.5 293.1 296.6 301.2 305 312.2
224.1 221.7 225.1 224.7 219 212.3 212.1 211.6 212.3 217.3 218.8 218.8 215.5 209 205.3 206.7 209.4 211.2 209.3 204.6 195.8 190.9 181.6 189.6 192.7 197.8 200.9 201 201.2 201.1 201.8 202.5 202.9 201.9 201.8 201.7 201.9 201.6 201.2 201.3 202.3 204.6 208.8 213.1 214.7 216.5 219.7 222.7 227.1 234.7 236.8 240.1 241.5 243.6 245.1 245.8 247.6 249.2 249.5 248.8 249.7 252.1 256.7 261 264.2 267.7 271 274.2 276.8 281.4 284.9 287.9 290.4 294.2 299.4 303.9 307.7 313.8
223 216.4 218.5 218.8 215.5 211.5 209.6 209.7 210 214.2 214.8 215.3 213.5 210.3 206.4 205.4 205.3 206.5 205.7 199.9 193.4 190.6 187.3 184.7 189.7 194.5 199.6 200.7 201.3 201.4 201.1 201.5 201 200.3 199.5 200 201.4 200.8 200.7 200.9 201.8 204.6 208.5 211.4 213 215.2 218.3 222.7 229.1 235.9 238.6 241.1 240.5 244 245.6 245.6 247.2 247.9 248.5 247.9 248.7 250.3 256.5 261.8 264.8 268.2 272.1 274.6 278 281.9 285 287.9 290.8 294.7 300.7 306.6 312.9 315.1
221.1 216.8 211.3 210.1 210.1 210 209.4 208.6 208.8 211.4 212.5 212.6 209.8 207.7 206.3 206.1 205 203.6 201.8 200.4 194.9 190.5 188.5 182.1 183.9 191.3 196.6 199 201.3 201.2 200.8 200.5 199.9 199.2 198.1 199.3 200.5 200.4 200.9 201.4 202.3 203.9 207.7 209.6 211.4 213.8 216.9 221.4 228.3 235.7 238.6 239.6 239.6 243.6 244.9 245 245.5 246 246.6 247.1 248.1 250.4 255.1 261.6 264.7 268.1 271.9 274.7 278.8 283.2 285.4 289.1 292 297.1 303.4 313 317.7 318.7
216.5 211.6 207.2 204.7 205.2 206 207.5 207.4 207.1 207.7 208.9 210 208 206 205.9 206.4 205.7 202.8 198.2 198.2 195.4 192.2 187.4 183.4 180.8 184.7 191.5 196.5 198.5 200.1 199.8 199.6 199.7 198.3 196.1 197.9 199.9 200.8 201.4 202 203.1 204 205.4 209.2 210.6 211.9 214.6 219 225.9 231.9 235.8 236.4 236.5 238.5 240.9 242.2 243.6 244.6 245.9 248 250 253.3 256.6 260.9 264.9 268.2 271.6 275 279.5 283.4 286 289.7 294.1 298.8 304.7 315.3 319.8 318.7
209.1 205.4 202 200.8 200.8 205.4 207.4 206.5 205.8 205.1 205.4 205.6 205.1 204.5 205.5 205.6 204.9 202.4 195.9 194.6 193.7 191.2 188.1 183.8 179.4 182.7 188.1 191.3 193.3 196.6 197.5 198.9 199.9 197.5 194.5 195.1 197.2 199.9 201.1 202.1 203.8 204.3 204.4 207.2 209.9 210.5 212.2 216.5 224.1 229.9 233.8 235.6 234.6 235.9 238 240.2 242 244.5 247.3 249.2 251.3 254.8 258.1 261.5 264.7 267.6 272 275.7 281 284.9 286.9 290.3 294.1 299 303.1 310.7 316.4 316.8
201.6 198.3 199.8 199.6 200.9 201.6 202.1 204.7 204.2 202.5 201.8 201.4 201.4 202.9 204.6 204.2 203.1 201.6 195.5 191.9 189.1 186.7 185.7 185.6 178.3 181.7 186.1 188.2 188.1 190.1 193.4 197.1 199.6 197.3 194.6 194 195 198.6 200.5 201.5 203.6 205 204.4 206.7 209.8 209.9 210.9 215.7 223 229.3 231.2 232.3 233.1 235 237.1 239.1 241.4 244.8 248.3 249.9 251.8 254.9 258 261.1 264.2 267 270 275.8 279.8 284.4 286.9 289.2 292.5 296.1 300.5 307.3 314.8 313.7
198.5 195.4 197.7 197.3 196 195.7 197.6 203.9 203.6 201.6 200.1 198.7 197.8 198.2 200.1 201.1 200.4 199.7 197 192.7 186.3 183.6 183.7 184.7 184.1 178 183.2 184.4 184.7 184.8 188.6 193.1 198.3 198 195 193.9 194.3 196.7 199.4 199.6 201.5 204 205 204.9 207.1 208.2 210.4 214.2 220.3 225.5 225.9 228.6 231.9 235.2 237.4 239.6 242.2 245.4 247.7 250 251.3 254.3 257.3 260.3 263.3 265.8 268.5 274.6 280 283.3 286.1 288.4 290.8 292.6 297.7 303.6 307.8 310.2
199.6 193.8 192.8 193.8 193.5 193.5 195.5 198.6 199.8 199.6 198.6 197.1 195.8 196.2 197.9 198.6 199.1 199.5 199 197.2 190.9 183.6 181.8 182.7 181.5 179.6 179.6 181.6 181.7 181.8 184.2 189.8 195 196.8 194.9 194.5 194.8 196.1 197.7 199.5 200.3 202.6 204.1 202.9 203.4 206 208.3 211.1 216 220.4 224.7 226.4 231.8 236.3 238.2 240.2 242.7 245.1 247.4 249.8 251.3 253.8 256.5 259.4 261.5 265.4 268.4 273.1 278.5 281.8 285.2 287.2 288.6 290.1 292.2 296.2 301.6 306
197.8 194.4 193.1 190.3 190.8 193.4 195.6 196.6 196.1 196.8 197 195.5 194.8 195.9 196.7 197.4 197.9 197.7 197 197.6 193.7 186.6 181 179.6 179.5 178.5 179.3 180.4 180.4 180.3 182.6 188.4 191.9 194.1 194.6 195 195.4 196.6 198.3 199.4 200.2 200.8 201.9 201.2 202.4 204 205.7 207.6 212.4 219.3 222.7 224.3 229.5 236.1 238.3 240.5 242.4 244.8 247.2 249.5 251.2 253.1 255.6 257.4 259.2 263 267 271.8 274.9 279.7 283.6 284.9 286.4 287.7 290.5 293.7 297.8 298.4
196.5 194.4 192.8 190.4 189.4 194.8 197.4 198 195.7 193.4 193.9 192.6 193.8 194.8 195.4 196.2 196.6 196.2 195.2 195.1 192.7 187.5 180.3 177.3 177.2 176.8 177.1 180.1 180.2 180.4 183 187.4 191 193.4 195 195.4 195.6 196.9 198.9 199.5 200.1 200.5 200.4 200.2 201.2 203.9 205.9 209.3 215.8 221.1 222.8 224.5 228.2 234.1 238.1 240.5 242.2 245.2 247.3 249.3 250.8 252 253.5 255 256.7 260 263.5 267.5 272 276.1 279.2 280.8 282.3 283.8 291.6 298 295.4 297.9
195.6 196.2 193.9 190.8 188.5 193.3 195.8 195 193.5 190.8 190.2 189.7 191.5 193.3 194.2 195 195.7 195.4 194.6 194.1 191.3 188 180.2 176.2 175.3 175.9 176.1 175.7 180.3 182.9 184.9 186.5 188.9 190.9 193 194.4 195.4 197.1 199.3 200.5 200.6 200.3 200.2 199.5 201.4 204.5 205.8 211 214.1 220.8 222.8 226.2 229.7 233.1 236.7 240.3 242.7 245.3 247.5 249.4 250.2 251.4 252.2 253.7 255.1 256.7 259.4 263.1 267.1 270.6 274.6 277.6 279.4 284.2 291 294.8 292.9 294.7
