data/270000-900000.asc
ncols 200
nrows 200
xllcorner 270000
yllcorner 900000
cellsize 50
[rows 70 to 104 of 200, columns 0 to 78 of 200]
154.6 152.2 148.5 144.2 139.9 136 131.3 136.6 139.8 141.7 141.7 142.1 142.9 144.6 146.9 149.4 151.6 153.7 155.4 158.8 163.4 168.5 168.7 169.2 169.8 170.5 175.1 176 174.7 172 170 165.7 161.8 158.2 155.8 150.9 148 146.1 144.5 146.1 147.4 151.7 154.7 159.3 164.3 170.1 173.1 175.3 177.5 179.4 179.6 179.4 182.8 184.2 184.5 186.2 188.8 191.2 187.5 181.7 175.9 172 169.7 170.9 168.8 165.3 163.8 162.3 161.3 160.2 159.4 158.1 158.5 160.3 161.7 164.2 169.8 173 173.5
160.5 157.1 150.1 143.6 136.3 132.8 130.4 134.5 137.9 138.8 142 142.6 143.5 144 145.5 147.6 151.4 153.7 156.5 160.2 165 166.9 167.9 168.7 169.5 170.1 172.5 175.7 175.5 174.9 172.2 168.3 162.8 159.5 158 154.6 151.6 149.5 146.5 142.6 143.4 146.5 149.5 152.6 157.2 162.5 167.5 171.9 174.3 176.1 176.7 177.6 181.5 184.1 183.7 183.7 184.3 185.7 184.2 180.7 175.9 171.1 167.7 169 168.5 164.3 162.2 161 160.2 159.3 158.4 157.6 157.8 159.2 161.1 164.3 167.5 171.8 173
155.9 151.1 145.3 139.2 136.1 131.3 129.3 129.1 132.2 138.5 141.9 143.4 143.5 143.4 144.1 146.5 150.3 153.9 158.7 160.8 162.6 165.3 167.2 168 168.9 169.8 171.8 175.5 178.5 181 182.1 175.9 163.3 161.6 161.1 159 155.5 151.5 148.7 145.4 141.6 142.8 145.6 147.5 150.7 155 161.4 165.8 170.1 172.5 173.1 173.6 178.7 184.4 183.6 183 182 182.2 179.8 175.8 172.6 169.5 166.2 164.6 164.9 163.3 160.7 159.8 159 158.1 157.7 156.1 155.9 157.1 159.9 162.6 166.5 169.3 172.3
146.1 144.2 142.6 139.1 138.4 137.5 130.2 125.7 127.8 139.9 144.5 141.7 141.1 142.3 142.4 146.4 149.1 152.2 155.9 159.8 162.8 165.1 166.4 167.9 168.9 170.2 172.8 177.2 180.3 181.8 182.1 179 170.1 167.6 165.6 163.1 162.1 158.8 152.7 145.6 142.6 139.8 142.2 144.6 150 154.1 155.8 160.4 164.1 167.8 170 171 173.8 179.1 181.6 180.4 180.2 179 177.6 173.1 169.4 167.4 164.9 162 160.1 159.5 159.1 158.5 157.8 157.2 156.8 156 155.3 156.1 157.8 161.3 164.3 166.9 170.9
131.4 131.3 133.3 138.4 141.2 141.5 141.5 130.4 122.7 131 132.9 131.9 140.7 142.7 141.3 144.7 150 150.9 153.3 157.2 160.7 163.1 165.3 167.6 169 169.6 170.2 173 176.4 177.8 179 178.4 176.1 175.8 173.5 170 167.6 162.1 155.4 150 143.7 139.5 138.9 139.7 144.7 148.3 151.2 158.6 164.9 169 169.2 169.6 171.5 176.4 178.2 178.3 177.6 176.5 174.3 171.4 167.8 164.8 161.6 159 158.3 157.9 157.6 157.3 157 155.7 154.4 153.5 153.9 154.9 156 158.5 163.4 165.5 169.2
126.5 127.9 127.8 128.9 132.6 136.2 142.4 136.6 117.3 117.2 123.2 133.9 142.7 141.7 140.4 141.6 145.2 147 150.1 153.2 156 158.1 160.4 163.8 167.4 168.3 169.4 170.2 170.5 174.3 176.9 178.8 178.9 177.9 179.8 179.1 173.1 167.2 159.6 153 147.1 142.3 138.9 136.5 140 143.2 146.9 155 163.7 169.1 168.5 168.6 171 175.4 176.8 176.3 175.6 174.3 172.1 169.8 166.5 162.7 159.1 157.7 156.8 156.8 156.9 156.7 156.7 156.4 155.1 153.7 152.8 151.2 153.1 157.6 160.5 163.6 168.4
128.7 124.9 122.9 125.2 127.5 128.3 132.7 138.1 132.8 118.5 121.7 132.4 139.9 139.4 140.4 140.4 139.3 140.7 144.2 147.1 151.4 155.7 158.1 161.3 165.3 167.6 168.9 169.7 170.9 173.1 176 178.2 178.9 178.9 179.2 179.3 175.3 165.1 161 154.7 149.1 143.3 139.5 136.9 136.7 141.1 143.2 149.5 156 163.3 166.4 167.9 169.5 174.7 175.6 175.2 174.5 172.6 170.4 167.7 164.2 160.6 158.1 156.9 155.8 156.3 156.3 156.5 156.3 156.2 155.8 155.1 154.5 152.6 151.5 159.2 161.2 162.6 167.9
132.8 127.8 124.3 120.1 120.5 120.7 122.4 127.6 132.3 122.7 112 120.6 129.7 135.8 139.6 137.6 135.3 137 142.2 147.1 152.2 154.6 156.8 160.4 164.3 166.3 168 169.3 171.4 174.6 175.4 177.2 178.8 178.1 177.1 174.5 172.4 168.6 162.3 154.7 149 144.2 139.3 137.2 135.4 137.6 139.8 144.6 149.3 155.8 161.9 165.1 167 171 173.5 174 173.3 170.9 168.6 165.2 161.4 158.8 157 156 154.1 154.4 155.9 156.1 156 155.9 155.9 155.5 154.9 153 150.3 157.1 158.7 161.2 166.8
137.3 135.9 131.7 125.6 121.7 116.6 115.3 115.5 118.4 121.4 112.4 117.1 124.7 130.4 133.6 133.4 132.1 132.7 140.2 146.1 149.8 153 154 158.2 162.7 166.7 170.6 172.6 170.8 172.7 175.8 177.2 177.5 176.5 176.5 173.5 169.1 166 160.6 155.2 147.9 142.9 139.3 136.7 134.3 136.2 137.4 141.3 143.9 148.9 154.8 160.9 164.4 168.7 171.9 172.2 171.5 169.2 167 163.7 160.3 158.3 156.5 155 153.8 153.8 155.3 155.7 155.8 155.9 155.9 155.8 155.1 154.1 150.2 155.4 155.2 160.3 165.6
140.1 142.7 139.8 130.7 123.9 120.3 119.8 117.2 114.4 111.6 110.9 106.3 111.6 120 125.9 127.6 127.2 127.7 133.9 137.9 139.5 143 148.5 159 170.9 172.1 173.7 175 173.7 172 172 173.8 176.9 172.6 170.3 168 165.8 162.9 158 153.6 147.5 143 139.9 137.1 134.7 134.2 136.1 137.6 140.1 143.2 148.3 154.6 160.7 165.9 171.5 170.7 169.7 167.6 165.6 163.1 160.1 157.8 156.2 154.3 152.2 153.8 155.7 156.2 156.3 155.9 155.9 155.9 155.3 153.7 151.4 150.9 152.8 158.6 161.4
146.6 139.8 136.1 133.7 128.4 122.7 117.9 115.8 115.2 114 110.4 107 105.9 108.2 116.1 120.1 121.8 123.5 127.8 129.2 129.7 136.9 149.6 166.1 173.1 174.7 175 176.6 175.6 172 170.9 170.1 168.3 170.7 167.8 165.2 162.1 159.9 156.5 152.2 149.2 146.1 142.8 137.9 135.9 134.2 133.8 135.2 137.5 140.8 144 148.2 154.5 161.5 169.5 170.6 169 166.5 164.5 162.3 160.3 157.4 155.5 153.7 151.9 153.4 155.9 156.5 157 156.7 156.4 156.1 156.2 153.1 150.8 149 148.9 155.5 158
151.9 145 142.2 134.5 129.8 124.5 117.1 115.5 115 113.8 115.1 111.6 103.7 104.8 107.8 111.2 114.7 119.1 120.9 123.8 128.1 138.8 153.3 162.1 167.8 172.6 173.5 175.3 174 172.4 171.9 170.3 167.8 165.1 163.4 160.9 158.8 156.1 154.3 152.7 154.3 152.3 146.8 139.4 137.2 135.9 134.2 132.5 135.5 137.9 139.7 141.5 147 154.3 169.7 171.6 168.5 165.7 163.9 162.3 160.4 157.6 155.4 153.4 151.3 153 156.8 157.5 157.9 157.3 157.1 156.9 156.4 156.1 152.5 149.5 148.3 153.7 155.7
159.6 150 141.9 137.7 131.3 124.2 117.7 114.6 114 112.2 112.2 112 107.3 103.7 106.6 107.5 109 112.1 118.4 122.3 126.3 140.7 150.5 157.5 164 167.8 171.5 173.6 173 171.9 171.6 170.8 167.9 164.5 160.9 159 157.4 153.4 151.1 152.5 151.9 150.6 147.8 143.1 138.3 135 133.4 131.7 133 135.7 136.2 138.3 140.2 146.1 157.5 167.7 166.8 164.7 163.4 161.9 159.6 157.6 155.8 154 151.8 153.3 162.2 162.9 159 157.5 157.3 156.7 155.6 154.8 151.4 149.6 148.7 152.4 155
159.7 157.5 151.3 144.7 138.1 128.4 116.6 112.4 112.3 109.7 109.6 107.7 105.7 103.3 105.8 111 111.9 114.3 115.8 119.4 123.8 131.1 145.9 151.2 154.5 158.1 162.9 167.8 170.2 170.6 168.6 168.5 166.9 164.7 160.9 156.1 153.2 151.1 147.7 147.6 147.7 146.8 144.5 142 138.4 134.3 132 130.7 132 132.6 133.9 136.5 137.9 140.1 144.5 155.7 162.3 163.3 161.9 160.1 159.6 157.8 155.9 154.2 152.5 151.6 160.3 164.4 160.4 158.6 157.2 156.4 155.4 153.5 150.9 150.1 149.2 151.2 155.5
149 151.5 152.8 148.1 134.7 125.7 115.7 112.1 110.5 108.1 106.9 106.1 106 105 106.9 111.4 111.9 115.9 116.8 117.3 120.8 123.2 126.9 135.8 143.5 151.8 159.2 160.5 163.3 166.5 167.1 166 165.6 163.6 159.7 153.8 151.7 148.6 146 143.2 142.1 141.9 140.4 137.8 136.6 132.7 132 130.2 130.7 131.7 132.6 134.3 137.1 138.5 139.8 142.4 150.2 156.1 158.6 155.6 157.5 156.4 155 153.9 152.4 151 154.7 158.4 160.4 159.5 157.4 156.4 155.1 152.8 151.2 150.2 149.3 149.8 154.1
137.9 135.2 133.8 131.1 125.7 122.6 117.5 112.8 109.6 107.4 106.6 104.5 104.6 103.2 104.4 106.9 110.8 116.4 118.6 120.8 120.9 122.2 125.1 128.5 135.9 145.8 155.7 157.5 156.3 158.4 160.1 163.8 166 160.4 155.7 151.9 149 146.8 143.8 140.7 139 137.5 137.7 135.2 133.2 132.2 131.6 129.7 130.1 131.1 132.1 133 136.3 136.4 136.6 137.3 140 144.2 146.7 149.1 150.2 151.6 151.1 151.4 150.5 148.6 149.9 152.6 155.8 157.8 157.4 156.4 154.8 153 149.4 149.1 148.3 147 147.8
139.8 136.7 131.3 129 127.6 123.5 121.9 117.6 112.9 107.2 104.7 103.4 101.5 99.2 100.7 102.9 107.1 113.8 118.4 121.7 122.9 123.1 122.5 125.8 130.1 135.2 140.9 148.1 149.1 149.1 148.6 152.7 155.3 154 150.3 145.1 146.7 145.1 141.9 139.6 137.4 134.9 134 133.9 132.6 130.3 131 129.8 129.8 130.4 131 132.4 132.5 131.8 133.7 134.9 137 137.6 139.7 142.3 144.8 146.4 146.9 148.6 147.1 145.4 147.5 148.3 150.3 154 154.6 154.3 153.6 151.7 147.8 144.6 145.1 147.2 147.5
146.5 141 131.1 124.8 123.3 122.2 122.5 126.8 120.6 109 102.8 102.4 100 98.3 97.2 99 103.1 107.9 116 121.8 122.6 122.8 123.5 123.9 125.7 130.9 135.6 134.6 136.2 137.5 139.5 141.6 142 143.9 143.9 142.8 142.7 142.1 141.5 139.2 136.5 133.9 132 130.9 130 129.1 128.5 128.2 128.5 129 129.6 129.9 130.2 130.5 131.4 133 135.5 133.7 137.2 136.5 141.6 143.7 145.3 145.5 144.1 143.8 144.3 145.4 145.8 147.1 148.6 149.1 151.2 149.6 146.7 146.8 148.3 147.7 148.2
156.5 153.1 148.4 136 122.3 120 119.9 122.8 126.8 114.3 107.2 100.9 99.4 97.2 95.1 95.2 97.8 102.6 108.7 116.3 120.8 122.6 124.6 125.3 125 125.6 128.2 129.2 130.2 133.3 134.7 135.9 136.8 137.9 139.9 141 141.3 142.2 142.3 138.5 135.8 133.7 131.1 129.5 129.2 128.4 127.8 127.2 127.8 128.5 128.9 128.9 129.1 129.3 129.3 129.6 132.3 136.6 139.9 141.6 140.3 140.6 142.8 143.2 142.6 142.3 142.4 143.8 143.6 144.6 144.8 145.2 146.1 146.5 146.4 147 147.6 148.4 149.4
163.1 160.8 165.4 159 139.2 127.9 117.8 117.1 118.8 117.6 113.1 106.8 101.9 97.9 94.3 92.6 94.5 97.6 104.2 110.2 116.2 121.3 124.6 125.1 125.2 124.6 125.7 127.1 128.4 131.8 133.4 134.1 135.5 139.8 140.2 140.4 140.5 141.1 140.2 138.9 136.3 133.7 130.5 128.8 128.2 127.6 127 127.1 127.9 128.5 128.3 128.2 128.4 128.5 129.1 131.7 133.6 136.3 140.8 142.4 142.9 142.1 142.2 142.1 144.3 143.4 143.3 142.9 142.9 144.3 143.3 144.5 144.7 143.9 145.3 146.7 148.6 148.6 149.4
163.3 160.7 160.6 157.4 147.2 141.4 127.8 118.8 111.5 110 108.4 107.5 102.5 98.7 94.4 90.4 91.2 94.4 99.7 105.6 111.7 117.9 122.8 125.6 125 123.7 124.5 125.8 126.6 130.4 133.7 134.4 140.1 141.4 143.2 144.9 144.4 142.7 142 140.9 139.5 138.8 135.9 130.1 128.4 127.8 126.3 126.9 128 127.9 127.7 127.4 127.5 127.8 128.9 130.3 133.2 135.2 138.8 142.3 144.6 143.9 144 144.1 144.9 144.8 144.5 144.2 143.8 144.2 144.5 144.4 144.1 144.7 144.1 145.4 147.2 148.3 149.1
164.5 161.8 160 154.3 147.1 147.6 145.6 137.7 123.1 109.2 103.7 101.5 98.8 95.5 91.6 88.3 90.6 91.5 95.3 101.8 108.3 112.4 117.9 122.6 122.6 122.1 123 124.6 125.7 127 131.8 136.9 140.5 143.4 145.8 148.4 148 147.6 148 149.1 151 148.4 143.6 134.6 130.2 128 126 126.3 127.2 127.3 127.1 127.1 126.9 127.7 128.8 129.8 132.4 133.8 136.6 140.2 143.1 146.7 146.5 146.4 146.2 145.8 145.6 145.3 144.9 145.3 145.6 145.7 145.1 144.7 144.8 145.8 147.2 147.7 147.8
162.1 161.8 158.4 150.7 150.1 155.2 154.8 148.1 136 122.4 105.3 98.4 95.5 90.7 88.6 90 88.9 89.1 90.4 96.7 101.9 107.6 113.2 116.5 119.2 122.3 126 130.4 130.6 130 131.8 137.8 139.7 143.6 146.6 148.1 151.3 153.1 157 157.3 154 147.4 145 138.7 131.7 131.3 128.5 127 126.5 126.6 127.1 126.4 126.4 127.5 128.4 129.6 130.9 132.7 135.4 138.7 143 146.3 148.2 147.8 146.7 146.5 146.5 146.3 146 146.3 146.6 146.6 146 145.6 145.4 146.4 146.8 146.4 146.4
159.7 159.2 157.9 151.5 155.6 162.3 160.5 155.6 145.2 131.6 117.8 104.4 98.2 94.3 87.2 86.5 86.7 87.8 89.7 94 98.9 106.1 110.3 114.8 120.6 125.7 131.6 136.6 134.5 131 132.5 133.8 135.9 139.5 143.4 145.6 148.4 151.1 152.6 155.2 155.1 148.3 144.3 138.4 135.2 135.3 132.6 126.7 128.4 126.2 125 126.1 126.6 127.3 128 129.1 130.2 131.4 133.7 138.5 142.7 146.5 148.4 148.6 147.7 147.2 147.2 147.1 147 147.5 148.1 147.4 146.9 146.6 146.3 146.9 146.6 146.4 145.8
155.5 157.2 157.5 153 161.2 164.2 161 157.8 150.2 138.5 123.6 114 101.2 94.3 88.7 85.8 86.3 87.5 88.3 92.2 96.1 102.4 108.9 113.9 118.1 123.6 128.4 132.5 135.9 133.6 132.4 132 131.6 133.9 137.2 140.3 142.1 145.4 146.3 147.9 147.4 147.3 141.1 139.5 139.6 137.2 135.4 132.4 124.5 124 127.9 125.9 127.4 128 128.4 129.3 130.4 131.1 132.7 136.9 139.8 142.6 146 148.7 148.8 148.5 148.6 149.1 150 149.1 148.9 148.8 147.6 146.8 146.3 146.7 146.2 146.1 144.5
153.7 152.8 153.3 155.7 157.4 157.1 154.1 148.3 146.4 141.3 127.1 115.2 103.2 93.5 90 87 86.5 87.7 86.4 90.1 95.6 104.4 110.1 113.5 116.1 119.1 121.2 125.2 129.9 132.1 131.6 129.7 130.3 132.2 132.1 133.8 135 137 138.2 139.9 139.2 142.3 139.2 140.5 139.1 136.9 135.4 132.5 127.3 123.3 125.4 127.5 128.4 128.8 129.1 129.4 130.2 131.1 132 134 137.2 140.6 144.4 149 152.2 153 154.5 157.1 156.8 153.6 150.9 149.3 147.6 146.5 145.8 145.2 145.2 143.3 142.8
153 152.2 150.8 151.5 151.9 147.9 144.7 141.2 139.8 134.6 126.5 115.3 103.1 94 91.5 87.7 87.1 85.2 83.6 87.5 94 103.3 112.4 115.8 118.9 121.3 123.8 125.1 127.5 128 128.5 128.5 128.4 129.3 131 131.5 131.5 132.6 133.5 134.1 133.8 133.7 137.5 139.8 137 136 136.2 134.6 130.3 123.2 127.8 128.4 128.9 129.1 129.2 129.5 130.5 131.3 132.3 134 138.1 141.7 146.8 152.5 156.3 158.5 158.8 162.3 162.3 159.5 152.7 149.4 147.7 146.4 145.1 143.8 143 141.8 140
150.9 151.3 149.2 156.6 154.2 147 139.8 136.1 132.7 128.9 124.5 113.7 101.9 95.3 92.9 88.8 86.6 88.4 86.5 82.7 87.5 99.2 113.7 118.6 121.6 124.2 125.7 126.4 127.2 127.6 127.3 127.6 126.8 126.4 127.7 133.8 130.8 127.3 128.3 129.4 128.9 129.1 131.3 130.9 131.3 134.4 138.8 137.3 130.1 123.4 128.2 129 129.3 129.2 129.3 129.6 130.6 131.6 133.2 136.4 140.5 144.8 149 153.9 157.5 160.4 161.8 163.1 165 163 157 150.3 147.8 145.5 144.2 142.8 140.6 140 138.1
149.4 150.6 145.7 152.2 150.7 142.1 134 130 126 122.6 114.8 108.1 104.3 97.6 94.4 92.1 90.1 90.6 91.4 87.1 82.3 91.8 106 120.5 124 121.8 123.1 124.9 126.6 128.9 128.2 127 126.6 124.8 124 123.5 129.1 126 122.7 124.2 124.9 125.5 125.8 128.3 131 136.3 141.8 141.8 130 123.1 129.8 131.7 129.6 129.6 129.5 129.8 130.8 133.4 136 139.2 142.5 146.9 150.8 154.6 157 159.1 162.2 161.8 161.9 160.7 157.2 152.8 147.4 144.6 142.9 141.2 138.1 137.3 136.5
147.4 149.8 142.4 148 143.2 136.2 131.5 125.7 118.2 113.1 111.1 110.5 106.9 101.5 94.9 95 97.5 96.8 101.7 94.6 83.2 82.6 93.9 106.2 117.7 117.9 120 123.5 126.8 129.5 129.2 128.4 127.2 124.8 123 121.7 121.9 122.9 122 119.4 119.9 120.3 120.8 127 131.9 139.4 143.5 140.1 133.6 125.5 126.6 134.8 130.2 129.3 129.1 130.4 132 135.4 139.1 141.9 144.3 147.4 153.1 156.9 160.7 160.2 160.2 161 159.7 158 156 152.4 147.1 143.5 141.4 139.3 136.7 135.7 135.2
144.9 142.5 134.6 136.9 135 125.6 121.1 117.4 113.2 113.1 111.8 115.3 113.1 106.4 97.8 95.9 103.9 106.4 98.5 95.8 85.2 76.8 81.8 91 99.8 108.2 116.6 122.2 127.3 130 130.9 131.5 130.5 126.5 124.3 121.9 120.2 118.9 117.9 115.4 115 115.6 119.2 124.8 130.7 137 138.6 139.8 135.7 130.6 122 130.4 132.1 128.2 128 131.6 135.7 137.4 139.6 142.8 146.2 149.3 152.9 159.6 165.7 166.7 164 161.5 160.5 158.7 155.4 152.8 147.7 143.5 140.6 137.5 135.5 135 134.5
144.1 135.8 128.7 127.7 126.9 127.8 125.5 118.4 112.2 111.3 111.2 116.5 116.1 108.5 103 95.3 99.9 96.9 95.7 88.6 80.9 75.7 75.3 84.5 93.2 98 108.9 119.5 127.1 136.3 135.5 135 135.3 132.7 126.9 123.4 120.4 117.3 115.9 115.3 113.2 112.6 114.5 119.5 125.5 131.3 134.8 136.1 135.8 133 125 128.8 133.9 127.5 126.7 132.8 140.6 142.2 142.3 144.7 148.3 151.8 154.3 156.8 160.3 162.2 162.7 164.8 162.7 159.9 157.3 155.1 150 143.6 140.5 136.5 135 134.6 134.6
138.5 130.2 128.1 127.3 128.9 132.9 135.4 122.3 115.3 110.3 110.2 110.9 110.9 104.2 98.7 93.6 92.3 90.6 88.6 84.7 78.1 73.7 67.9 76.6 82.5 91.5 102.9 110.4 122.3 140.4 140.8 137 136.9 136.2 134.3 131.9 126.6 119.1 117.6 114.1 112.5 111.8 112.2 112.3 117.9 124.4 130.7 134.4 133.5 130.7 121.2 123.5 130.8 125.9 123.8 132.3 140.7 145.2 144.3 144.2 152.4 154.8 155.8 158.3 162 159.7 158.2 159.4 160.8 159.4 158.8 157.7 153.4 146.5 140.1 136.1 134.7 133.8 133.8
133.2 130.9 129.7 129.4 128.7 129 126.9 119.9 120.3 116.6 113.5 112.1 109 103.4 96.3 94.2 93.4 94.4 93.1 86 77.9 70.1 66.1 71.3 77.5 86.1 96.3 106.8 116.1 134.8 140.1 139.8 139.4 141.6 139.8 136.5 133.5 125.8 119.9 115.7 115.1 112.9 112.2 110.7 111.1 114.7 121.1 127 131.6 128.7 122.4 117.6 123.6 122.9 120 130 139.7 146 144.8 141.7 147 150.6 154.9 160.1 160.7 158.4 156.2 154.2 153.9 154.4 156 157.2 154.2 148.2 138.9 136 134.6 133.4 133.9
136.8 135.8 132.4 131.2 129.4 126.9 122 120.9 124.3 124.4 121.9 118.9 114.8 106.9 98.6 99.7 102.1 101.2 93.7 87 79 70.7 65.8 67.3 72.3 80.3 90.9 102.8 112.2 119.9 132.8 140.1 142.6 143.3 141.7 141.3 137.8 131.4 122 116.6 116.2 115.6 113.8 110 110.1 109.9 109.3 114.3 120.9 120.5 122.2 117.1 122.6 118 117.6 124.1 132.1 137.8 140.6 139.3 140.3 144.4 147.5 152.9 153.6 152.2 151.6 149.7 148.6 150.1 152.3 153.2 152.4 148.1 139.3 136 134.5 133.2 133.5
