data/270000-570000.asc
ncols 200
nrows 200
xllcorner 270000
yllcorner 570000
cellsize 50
[rows 105 to 139 of 200, columns 78 to 155 of 200]
160.1 166 172.5 178.7 183.1 186.1 186.1 185.6 184.8 184.4 184.8 186.1 190.1 192.4 187.7 182 183.5 189 190.9 191 186 181.2 176.5 173.6 171.3 168.9 168.8 169 168.8 167.1 166.5 166.9 167.8 165 160 155.7 152.5 148.2 146.3 144 144.4 141.1 135.9 130.6 126.6 128.5 127.5 118.7 113.7 117.6 117.8 112 97.8 96.1 100.4 104.2 113.5 120.8 127.8 131.7 138.2 144.3 153.2 161.7 162.3 161.6 161.7 163.3 162.4 161.5 157.8 153.3 152.9 148.7 148.5 148.5 151.6 161.5
158.8 163.3 169.1 174.4 179.4 182.9 183.9 183.4 182.8 183.8 184.5 185.5 188 190.4 188 184.6 189.5 189.2 190.4 193.2 192.1 185.6 177.5 174.9 173.4 168.6 168 168.4 167.6 166.1 164.9 165.7 168.3 166.6 159.2 152.4 149.1 147.7 147.5 149.6 146.8 142.5 138.4 133.2 125.9 123.6 127.4 124.7 113.8 113.9 114.5 110.1 98 95.9 97.7 105.2 115.6 120.7 125 129.9 136.8 142.4 148.9 159.1 165 164.6 163.4 163.4 165.5 166.2 165.1 161.7 162.1 159.6 151.2 151.5 157.5 165.2
157.5 160.7 165.3 170.4 174.5 178.7 180.5 179.7 181.1 183.2 184.2 185.2 185.2 187.4 187.5 185.2 187.2 188.2 187.9 189.8 191.5 188.6 182.1 175.9 172.7 169.2 167.4 165.9 166 165.1 163.4 165.5 165.9 164 163.2 156.1 149.3 147.4 147.1 150.8 147.5 142.9 138.2 132.7 126.3 120.8 121.5 122.6 116 109.2 107.8 106.2 98.1 95.3 98.3 110.4 114.9 118.7 122.5 129.6 134.8 139.5 145.6 153.8 162.1 166 164.9 163.3 164.5 167.4 167.3 164.9 162.7 161.6 157 154.3 157.8 164.3
156.1 159 162.5 166.3 169.6 173.8 176.4 179.5 181.4 183.5 184.4 184.6 184.1 186.6 188.6 186.4 185 186.3 185.5 184.8 184.7 182.7 179.2 175.3 171.9 169.2 166.1 164.3 163.8 163 161.3 161.3 161.9 166.9 165.7 160 153.6 148.5 144.5 143.3 144 142.6 136.6 132.2 128.4 121.2 115.3 115.4 112.8 109.4 102.8 101.2 95.8 93.9 103.8 107.9 110.1 116.4 125.3 129.6 134.3 138.3 141.6 145.8 153.8 160.4 162.4 161.9 161.2 165.1 166.3 165.2 161 155.7 154.7 152.8 152.2 159.7
155.8 157.6 160.2 162.8 166.1 170.3 174.8 180.5 183 185.8 188.3 184.4 183 185.3 188.3 188 184 183.5 183.2 182 181.9 179.6 176.9 173.1 171.9 168.8 166.8 165.7 164.1 161.4 159.8 158.6 161 165.4 164.3 161.4 155.8 150.9 143.1 138.3 137.5 138.2 137.6 135 129.1 121 113.6 108.8 106.5 103.8 99.4 96 93.2 95.4 99.1 102.1 112 116.3 123.4 128.5 132.7 136 138.5 144.9 149.3 152.4 155.4 155.1 161.3 163.3 163 161.5 157.7 152.8 152.8 152.8 153.2 161.3
155.5 156.5 158 159.7 164.3 168.4 173.8 180.6 183.9 186.3 190.2 189.9 183.8 182.2 184.7 184.6 182.4 181.4 177.6 180.5 180.6 179.3 174.9 173 171.7 169 166.7 165.2 163.9 159.8 158.3 157.6 157.4 160.1 157.7 156.2 153.7 150.1 144.9 139.6 135.9 137.1 137.3 135.8 130.4 121.7 113.7 107.3 101.3 97.6 96.3 95.1 91.3 95.7 96.4 103 111.5 112.6 118.1 124.8 128.8 132.2 135.3 140.4 147.3 152.2 153.5 157.6 165.7 163.1 161 160.5 160.3 153.5 152.8 152.8 152.8 158.9
154.1 154.6 155.8 157.5 160.5 165.5 172 177.8 184.2 186.4 187.6 187 183.5 178.4 180.2 178.9 178.1 179.2 178.9 173.6 180 177.8 175.1 175.8 171.8 167.6 165.7 161.8 159.4 157.7 156.9 156.3 153.5 152.3 151.1 151.8 153 151.4 145.9 140.4 136.5 134.2 135.9 135 129.9 122.4 114.1 108.9 103.5 99.2 97.7 93.9 89.4 94.6 95.8 103.9 108.9 111.5 113.8 118.3 124.9 129.9 132 135.6 143.2 149.8 152.5 157.9 162.4 161.5 158.5 158.4 159.2 155.3 152.8 152.8 154.3 157.6
151.7 151.1 151.9 154.6 157.7 162 167.7 174.1 179.2 184.3 184.8 183.1 178.6 175.5 175.4 176.2 176.9 177.5 177.8 174.6 171.7 173.7 174.8 173.8 171.2 165.6 161.2 159.9 159.4 158.3 159.2 156.1 151.6 151.7 151.1 152.1 151.5 148.6 144.9 140.5 136.7 133.1 133.8 138 131.3 122.4 112.9 109.5 104.2 100.1 97.9 93.3 92.3 93.6 95 98.6 104.1 108 112.6 117.1 123.3 127.6 130.7 133.7 137.7 145.1 150.8 154.6 158.4 159.5 160.5 161.2 159.4 154.2 152.8 152.8 152.6 158.2
148.8 148.4 147.8 151.3 153.9 159.7 163.7 168.6 173.8 178.3 180.2 178 173.9 172.4 172.4 173 175 175.3 174.4 174.1 169 170.9 175.5 171.8 169.3 165.3 162.9 161.1 160.8 160 159.5 155.5 151.5 150.9 150.2 148.9 147.8 146.6 144.5 140.7 137.7 134 130.5 135.5 135.6 128.2 119 113.2 108.3 103.8 95.8 93.8 91.4 92.9 93.9 95.5 99.2 101.9 108.6 116.7 121.1 122.8 125.9 131.2 134.9 140.3 147.3 152 155.7 157.7 160.5 166.7 169.4 163.2 155.5 154.6 152.8 154.1
145.3 145.8 145.6 148.1 151.8 158.2 162.2 164.8 168.1 171.8 172.8 178.5 180 175.3 170.6 171.3 172.4 172.1 172 172.3 168.7 168.5 172.7 170.7 166.7 163.9 164.2 165.2 161.9 160.3 159.3 156.3 156 151.6 148.6 145.2 143.9 142.9 142.6 143.2 142.1 139.2 132.9 128.5 133.5 130.6 120.3 114.6 112.7 104.7 98.2 94.5 90.7 92.7 93.3 94 96.1 103.4 108.5 113.7 115.8 117.7 121.4 128.8 131.6 137.3 145 149.9 152.7 154.3 159.4 165.5 173.2 170 163.6 162.5 160.4 152.6
141.9 143.1 143.3 148.6 151.7 156.4 159.9 162.6 164.7 167.6 171.1 176.8 183.1 182.4 175.7 168.9 169 168.8 169.5 169.9 168.2 166.3 166.7 168.3 164 164.1 165 165.6 162.6 160.3 159.5 159.4 158.6 153.4 148.1 143.4 140.5 141.2 140.6 142.6 147 145.5 138.6 126.6 125.3 127.6 122.4 116.7 114.6 109.3 98.3 93.5 89.4 92.3 93.9 95.4 97.1 105 107.5 111.4 114.3 115.1 118.9 126.7 129.3 135.4 143.1 148.4 150.9 152.5 155.3 164.4 173 172.5 166.7 163.6 158.9 152.1
140.6 140.6 141.4 146.2 151.2 153.9 156.8 161.1 162.9 163.8 167.6 172.4 175 179.2 176.8 171.4 164.3 163.6 164.6 165.9 167.7 167 164.2 161.1 162.6 163.9 164.5 168.6 168.7 165 160.7 159.3 160.1 160 153.6 146.6 142.6 142.5 138.3 137.1 144.1 148.2 143 132.3 120.1 121.6 122.7 117.2 112.3 109.1 100.9 93.4 89.7 92.4 98.1 101.8 102.6 105.2 109.2 110.1 109.4 110.2 112.9 121.7 127.2 135.1 139.6 144.9 148.7 151.8 154.8 163.3 170.3 167.7 161.8 159.5 154.4 148.7
140.4 139.6 138.9 142 148.1 150 154.4 159.2 160.6 161.2 163.5 167.6 169.3 170.2 169.4 166.5 160.4 159.5 161.3 162.1 163.2 164.9 163.1 160.3 161.8 162.4 166.3 171.3 173.8 172.2 166.5 161.3 159.8 161.2 160.3 153.6 144.4 139.9 137.8 136.9 136.9 139.8 141.5 135.1 123.5 114.3 116.7 115.3 109.4 106.5 100.5 93.7 90.3 96.4 100.7 101.6 104.1 103.8 102.4 103.7 105.2 105.4 109.2 120.1 125.2 132.6 137 141.5 147.1 153.6 158.3 162.8 164.7 159.2 153.6 151.6 148.5 144.1
136.7 136.3 137 137.2 143.1 146.5 148.5 153.3 155.6 157.6 158.8 161.9 163.9 164.5 162.3 158.8 155.6 157.1 157.9 158.4 160.3 161.8 160.3 159.7 159.5 161.1 166.5 169.7 172.2 171.8 167.9 161.8 158.6 157.5 158 155.2 146.9 142.4 138.8 137 133.1 128.8 130.8 130.7 125.2 115.4 108.2 107.9 103 99.1 95.9 91.6 90.3 99.2 103.5 103.3 104.3 102.4 102.1 102.9 106.1 109.4 113 119.5 125.2 131.3 134.6 142 149.4 160.3 162.3 160.8 153.6 146.8 145.3 143.5 141.4 140.5
134.8 134.5 135.2 136.9 137.3 141.2 143.5 147.8 152.2 153.5 156.2 157.1 158.4 159.7 158.7 154.1 153.8 154.2 154.3 154.9 156.5 158.3 158.2 159.1 161.3 161.6 162.4 163.4 165.1 165.9 163.6 159.2 159 156.2 154.7 153.6 147.7 142.9 139.1 135 130.1 125.3 122.4 125.2 122.9 118.7 110 109.4 110 102.2 93.6 88.3 94.1 98.5 101.3 100.7 100.1 100.8 101.9 102.2 106.6 111.9 113.1 117.3 123.8 129 134.1 142.2 149.4 160.8 163 154.2 145.1 137.3 136.9 137.2 136.1 134.5
135.7 132.7 130.5 131.7 136 136.9 140.5 143.1 146.6 150.1 154.7 159.7 158.5 155.5 152.7 149.7 150.6 154.3 151.7 150.7 151.6 154.2 155 156.1 157.5 157.5 158.1 156 160.9 163.3 162.5 160 157.4 155.9 153.9 153 148.2 143 138.1 136.3 129 123.9 120.9 120.7 121.1 117.2 110.7 111.9 113 108.9 98.6 89.4 90.6 92.8 95.7 98.3 100.3 102 102.1 102.6 106.9 109.2 109.6 113.2 122 129.3 135.6 140.4 148 160.5 158.1 148.8 143 135 136.5 138.4 139.6 141.7
136.4 131.2 128.3 130.4 132.7 132.4 136.5 140.5 142.1 146.1 153.8 158.8 159.6 154.5 149.7 147 148.2 150 150.6 148.7 148.6 148.5 151 150.9 153.8 154.6 154.8 153.4 160.5 164.8 162.6 161.5 159.7 156.7 154.2 151.8 149.4 143.9 140 139.6 131.5 127 122.7 120.2 119.7 115.5 111.2 111.6 114.4 111.1 101.2 91.6 88.9 89.4 91.2 95 97.3 100.4 103.7 105.3 104.9 106.8 106.6 112.6 120.8 127.5 134.1 138.9 148.2 156.9 152.3 145.4 139.6 132 133.6 142.2 145.2 145.5
137.7 136.3 129.7 127 127.6 128.6 131.4 138.9 142.7 146.6 152.7 156 155.5 148.6 148.7 149.3 145.6 145.6 145.9 146.3 146.3 145.4 144.6 146.4 148.6 151.5 153.3 152.5 159 162.1 161.6 162.1 160.3 157.2 154.5 152.2 146.7 143 144.7 144.3 137.8 132.1 125.4 124.8 125.7 116.4 112 111.5 114.5 115.7 106.8 99.3 88.1 88.5 89.2 91 93.3 99.1 100.6 103.5 104 104.3 107.4 114.2 120.3 125.4 131.9 135.6 139.9 150.9 148.8 141.7 136.4 130.1 131.2 140.2 149.8 149.9
138 139.4 136 127.2 124.9 124.7 126.3 130.5 137.9 141.9 144.7 147.4 147 145.3 148.1 152.8 151 146.3 145.6 143.8 142.5 142 140.1 142.6 146.9 148.4 150.4 152.5 155 159.5 160.8 162.1 161.2 156.2 155.5 154.5 147.1 147.5 148.4 145.3 139.7 135.2 126.4 127 131.7 125.2 113.3 112.7 111.8 114.5 108.8 100.4 94.2 87.7 88.4 89.7 92.6 95.8 95.7 99.9 103.1 105.6 110.1 117.5 119.7 122.2 126.7 132.6 134.5 141.4 143.8 139.2 133.2 128.5 129.3 135.2 142.6 149.1
142.2 141.2 137.4 130.3 125.6 124.2 125.3 122.7 127.1 132.9 138.1 139 136.3 138.3 143.5 150.1 154.5 152.4 148 150.2 144.6 137.9 137.1 138.8 141.9 148.5 150.9 152.6 153.8 157.2 159.8 160.6 160.2 156 155.1 153.7 152.2 150.6 147.1 146 139.7 135.5 130.7 128 129 128.4 121.7 118 112.5 111.9 107.3 101 94.5 88.7 87 90.6 91.9 92.3 93.8 98.6 103.7 107.7 112.3 117.6 118.6 118.4 122.7 124.3 123.4 131.3 139 136.6 131.3 129.1 127.7 131.3 134.4 137
142.3 141.3 137.8 131.6 127.1 125.4 121.9 117.2 117.4 121.6 128.1 133 133.4 134.6 133.1 142.1 146.7 149 143.8 148.7 148.2 139 135.1 136.1 139.5 146.1 151.2 153.4 154.1 155 156.6 157.6 157.3 156.1 153 151.7 151.6 152.2 150.7 148.1 142.2 139.9 132.4 125.8 124.5 126.4 127.4 124.2 116.8 108.9 104.7 100.1 94.7 87.9 85.3 89.3 90.8 92.3 95.1 102.1 105.5 107.4 111.8 115.7 117.5 117.5 119.2 119.3 123.2 124.5 133.2 136.2 132.8 127.1 126.3 127.4 128.6 128.4
141.6 139.7 136.5 130.8 128.2 122.9 120.4 119.1 113.1 115.5 122.4 127.4 129 130.3 133.5 136.2 136.6 138.6 136.7 134.5 138.5 138.4 133.7 134.9 138.5 141.6 148.2 152.2 153.7 154.1 154.6 155.1 154.6 155.6 153 150.6 152 155.6 154.5 152.3 148.6 141.9 133.8 127.6 122 119.4 120.2 118.4 113.2 106.9 101.1 96.4 91.9 87.3 85.4 89.4 90 90.6 96.9 107.1 111.7 116.2 114.7 113.2 115.4 115.9 116.6 117.3 118.4 119.3 122.8 127.5 127.5 125.6 126.9 126.4 127.3 127.3
139.8 137 132.8 127.7 128.4 130.2 126.9 119.8 112.3 111.9 116.6 123 126.9 127 128.1 129.9 129.6 127.3 123.9 126.5 129.3 132.6 132.9 134.3 137.9 135.6 141.3 146.7 150.6 152.3 153.1 153.7 154.1 154.7 152.8 150.9 150.3 152.6 155.2 154.2 148.4 140.7 136.5 132.3 121.6 116.1 109.9 108.7 109.2 103 98.4 92.8 89.5 87.5 85.5 88.9 91 91.2 94.2 107.7 118.9 126.8 127.2 122 117.5 115.4 115.5 116.5 117.3 118.2 124.6 127.6 126.3 130 127.9 126.2 126.8 132.8
133.4 135.4 134.2 133.9 131.3 132.6 129.2 121.8 114.6 110.9 121.3 119.5 127.9 126.1 124.6 126.5 124.6 122.9 122.2 124.4 127.4 129.5 130.9 131.9 133.9 131.2 134.9 142.5 144.7 149.1 150.5 149.9 149.8 153.1 152.7 152 150.4 148.8 148.1 148.1 147.3 142.8 138.3 130.4 121.5 114.8 107.3 105 103.9 98.7 94.7 91.4 88.5 86.5 85.7 88.3 90.3 91.4 97.2 107.2 115.5 128.3 131.4 131.2 125 118.1 115.4 116 117.2 125.5 131.4 135 138.5 133.5 129.3 126.5 133.3 137.6
135.4 135.3 135.8 137.8 134.3 130.9 129.5 124.8 115.1 108.7 114 119.7 129.5 126 123.8 123.6 124.4 126.3 124.9 123.9 125.5 126.9 128.8 130.5 129.9 128.7 130.1 136.1 138.1 143.3 145.1 145.5 145.4 147.5 149.8 150.1 148.9 147 143.7 144 145.7 142.1 135.8 129.9 123.7 116.6 107.9 100.3 95.1 92.8 90.8 90.1 87.4 85.9 87.2 87.3 88.8 93.2 97.4 104.8 111 123.3 129.2 130.4 129.5 125 117.1 115.8 120.5 130 136.5 144.1 146.3 138 131 130.6 135.8 141.6
137.8 138.6 137.8 137.2 132.2 128 127.3 124.6 116.9 112.6 108 114.4 121.6 123.4 123 122.7 121.4 120.6 116.4 120.1 122.5 124.1 128 135.3 136.9 132.1 128.1 128.7 132.4 138.1 141.6 144.2 142.7 141.7 144.7 146.7 147.8 144.8 141.4 140.7 141.3 137.4 134.4 130.7 124.7 115.8 106.2 100.6 96.8 92.9 88.9 88.5 85.8 85.9 86.4 87.1 87.6 94.2 97.4 101.1 104.1 116.7 123.1 126.9 128 127 123.2 118.5 125.2 132.9 141.4 147.2 143.5 137.5 133.1 135.7 140.3 144.1
140.2 139.7 136.4 133 129.9 126.7 123.6 123.1 119.6 115.8 110.9 107.8 110.6 113 120.2 119.9 118.5 116.9 113 124 123.7 120.2 120.8 132.3 139 140.4 130.8 124.3 128.4 134.1 141.2 148.1 147.1 142.2 140.4 142.7 145 145.5 140.1 136 135.2 135.4 135.1 131.1 121.3 114 107.1 104.9 102.2 94.7 89.8 87.4 85 86.5 86.4 87 91.4 93.1 97 100.3 103.9 113.5 121.9 126.9 124.8 123.5 122 122.8 125.9 136.8 142.3 142.4 138 135.2 134.7 137.8 144.4 149.3
144.3 139.6 135.1 131.4 128.5 125.7 125.6 123.6 120.8 117.5 112.3 106.7 106.4 106.5 111.2 115.7 117 115.1 111.1 119.8 125.2 118 115.5 120.4 130.5 133.9 130.7 122.3 124.5 129.6 136.7 143.3 147.6 145.2 140.1 138.7 141.2 142.1 139.1 134.8 131.6 131.7 134.6 135.9 125.3 116.8 109.4 108.2 103.9 96.6 91.3 85.7 86.4 86 87 89 91.8 96.9 99 100.7 105 116.5 122.2 127.2 124.7 121.4 121.4 124.6 125.5 128.9 134.3 132.5 132.5 135.1 140.8 144.7 149.6 149.8
148.1 142.2 137.6 132.6 128 130.2 131.4 124.6 122.1 118 116.7 112.4 105.1 103.4 102.3 104.9 106.2 110.9 109.3 113.8 121.4 117.5 112.1 112 120.3 124.9 125.9 121.8 120.8 126.2 131.4 136.2 141 141.6 139.2 136.8 138.4 138.8 138 136 132.5 129.4 133.5 137.6 130.9 120.8 113.2 108.8 102.3 93.2 90.7 87.8 82.5 85 88.8 91.4 94 100.8 100.6 100.6 110 119.9 125.5 124.2 121.4 121.4 122.2 125.7 126.9 129.3 133.7 138.2 142.3 145.8 149.1 152.4 152.7 151.3
147.2 143.7 137.7 132.6 133.2 134.7 132.3 126.2 120.6 119.2 120.9 123.2 112.5 108.2 104.4 101.1 103.6 103.1 106.9 105.3 113.5 114.9 111.7 109 107.4 115.1 118.5 119.6 117 121 125.1 129.6 132.2 134.2 134.4 135.7 135.2 136.9 138.6 136.8 134.6 127.8 128.9 132.7 128.8 118.9 109.8 102.6 95.5 94.4 93.1 89.4 84 86.3 89.4 93.3 96.4 98.2 100.1 103.6 110.2 122.9 128.4 123.6 121.8 125.2 128.5 132.7 135 139.1 143.9 149.3 151.9 156.6 160.6 161.5 159 158.3
148.1 142.7 139.8 132.9 131.8 129.6 129.3 126.5 121.2 124.1 124.5 124.9 119.9 109.7 105.2 101.5 99.3 100.5 100.7 101 105.9 111.7 113 105.3 108.6 112.1 115.3 116.9 115.2 116.9 118.9 122.4 121.2 125.2 128.8 136 133.8 131.9 133.8 134.8 134 128.5 123.7 122.7 121.3 114.7 105.6 101.6 101.5 99.8 95.4 89.6 85.1 84.5 88.9 91.8 103 103 100.8 104.9 112.1 121.8 123.1 125 130.7 134.2 138.8 142.4 144.9 150.2 154.2 157 160.5 165.3 167.6 169.4 167.5 165.8
147.8 144.2 139.3 135.6 132.6 130.6 128.7 126.8 121.3 120.7 123.7 123.3 118.8 112 107.1 101.4 100.1 98.4 98.8 98.6 98.2 102.7 103.3 100.9 108.9 115 113.4 112 111.6 113 112.3 114 112.9 117.6 123.8 128.1 130 128.6 128.4 130.6 128.1 124.7 121.7 119.7 120.2 119.7 112.8 106.4 104.1 100.6 93.2 88 84 84.4 88.5 92.6 98.5 101.5 102.6 110.1 116.6 118.7 122.7 131.2 136.9 145.4 150.2 151.5 155.2 160.4 162.6 167.9 167.9 170.5 170.4 172.1 174 172.5
147.2 143.1 138.9 137.7 137.3 134 130.5 125.3 123 118.1 116.5 117.7 114.5 107.3 104.3 101.6 102.3 102.1 98 93.8 94.8 97.1 100.2 98.7 104 117.2 119.2 111.1 109.2 105.7 109.3 112.3 112.5 112.8 120.3 125.4 125.3 124.6 124.3 128.9 129 120.1 119.1 118.6 117.3 117.4 114.8 108.6 101.6 97.3 93.9 88 85.3 83.8 90.7 93.3 96.3 99.9 104.8 111.9 110 118.5 126.7 137.4 143.9 155.4 159.8 158.9 163.6 168 168.7 171 176.1 175 179.5 183.9 183.3 178.6
149.4 144.6 140.9 140.5 139.5 137.4 132 126.7 122.5 118.7 117.3 114.8 112.1 107.4 102.9 102.6 101.6 105.7 103.2 96.1 93 91.6 95 96.2 97.6 109.6 120.7 112.9 105.9 103.6 103.4 104.3 106.2 113.4 118.7 122.7 125.9 124.3 121.3 120.1 120.3 118.5 119.6 116.3 113.5 111.1 110.1 106.4 100.5 95.9 92.3 88.3 86.8 81.7 86.6 92.6 95.8 98.3 103.9 103.4 116.1 124.9 136.8 146.1 154.6 159.1 162.6 163.1 168.9 170.3 172.4 178.5 183 182.6 182.4 189.3 191.3 185.7
153.2 150.5 147.4 143.4 141.2 139.1 135.4 130.6 124.5 121 120 118.3 116 115.3 109.7 106.1 100.5 100.7 100.2 95.4 93.1 90.8 90.4 92.9 92.5 99.1 111.1 113.5 105.4 99.9 100.3 103.1 103.5 112.2 122.8 127 123.3 119.8 114.6 114.1 114 115.2 120.3 118.7 111.4 107.8 106.9 106.6 101.8 96.6 94.2 89.6 88.3 79.7 84.3 88.9 95.5 96.9 99 115.9 126.3 132.7 142.9 150.1 155.8 159.5 163.5 166.1 168.7 170.4 176.6 182.6 189.7 190.2 190.5 194.1 199 193.4
