data/280000-840000.asc
ncols 200
nrows 200
xllcorner 280000
yllcorner 840000
cellsize 50
[rows 70 to 104 of 200, columns 78 to 155 of 200]
212.2 208.8 205.4 202 198.8 196.8 194.1 192.3 190.6 189.1 189 189.9 190.5 191.2 193.7 194.1 192.9 191.8 186.9 186.9 195.3 195.7 198.8 199.2 197.4 198.8 202.7 209.3 216.8 224 231 232.6 233.8 237.7 239.2 241.6 241.7 238.9 230.2 225.2 217.4 214 213.8 217.9 216.4 216.6 215.5 215.4 216.4 216.7 216.8 216.5 215.8 213.2 211.5 206.6 206.2 207.5 213.2 218.3 221.2 222.9 219.5 214.8 209.9 206.4 205.2 205 205.6 206.3 204 199 196.2 194 191.3 188.9 187.2 186.3
210.4 207.8 203.6 200.4 198.1 196.1 194.3 192.5 190.6 189.9 191.5 193.1 194.7 195.4 194.8 195.3 195 193.6 189 193.7 200.3 201.4 201.1 199.2 200.6 205.5 211.3 221 228.1 234.9 241.2 244.6 244.1 248.6 247.5 244.1 242.8 239.6 238.1 233.3 227.8 224.7 222.2 220.2 218.5 217.4 218.4 218.6 219.7 218.5 219 217.3 215.3 212 204.2 203.7 203.7 204 210 219.7 221.1 215.9 207.7 199.8 196 194.7 194.2 196.9 198.6 202.4 205.4 201.7 198.8 196.7 195 193 191.1 191
202.8 204.2 201.9 198.5 197.9 195.4 193.2 190.4 192.3 196.1 196.3 196.2 196.8 196.4 198 198.9 197.7 191 190.3 199.4 199.8 199.7 200.3 200.3 206.7 213.4 220.4 230 236.3 241.6 246 249 251.2 251.9 249.4 247.7 244.8 240.6 234.8 233.2 229.3 225.4 223.9 221.8 220.5 219.6 220.4 222.3 224.1 223 223.7 223.3 219.6 204.9 203.4 203.2 202.9 202.7 206.6 214.5 211.6 205.8 198.5 196.3 195.6 194.5 195.2 195.3 194.9 194.9 202.3 204.1 201.2 199.8 199.2 197.4 195.7 193.2
199.9 199.2 197.7 196.5 194.8 192.6 192.4 194 196.9 197.5 198.2 199.7 200.4 200.8 201.4 200.8 199.3 192 190.4 203.6 204.1 203.6 202.2 206.6 212.1 219.6 229.2 236 241.7 246.2 249.5 252.4 253.9 254.4 252.9 248.9 243.8 240.5 236.8 231 228 224.9 223.5 223 223.8 223.9 223.9 226.1 226.3 224.8 224.2 221.2 215.5 203.9 203 202.8 202.7 202.6 204.3 209.5 203.4 199.5 200.7 201.9 201.7 200.5 196.8 194.6 194.9 194.9 198.2 206.4 203.1 202.7 203.1 203.3 200.4 194.7
200.5 197.2 194.1 194.3 194.8 197.3 200 201.8 202.6 202.9 203.1 205.1 205 206.3 207 208 202.1 193 192.6 206.9 205.4 203 203.1 213.1 220.5 228.7 234.4 240.8 246 250 253.4 256.5 257.4 256.3 254 250.3 245.9 241.4 237.4 233.1 229.5 226.8 225.8 225.5 226.2 227.1 227.1 226 228.8 223.9 225.7 222.7 214.8 203.4 203.1 202.7 202.5 202.4 201.6 202.7 205.3 206.8 208.8 208.6 207.5 205.3 203 199.4 196.6 192.6 194.4 202.7 207.6 203.8 204.4 200.9 194.8 190.2
205 200.7 198.8 199.7 203.3 203.6 204.4 204.8 205.9 210.4 211.3 211.5 211.7 211.2 211.6 211.1 204.7 195.1 195.1 208.3 204.4 203.5 213 220.6 227.8 233.7 238.1 244.6 250 254.2 258 259.7 259.2 256.8 252.6 248.8 245.7 241.4 237 233.1 230.5 229.4 228.8 229.5 229.5 229 229.9 228.9 225.8 224.6 219.2 218.1 215.2 204.4 203.4 203 202.9 203.7 206.7 209.6 212.2 213.9 215.9 217.2 213.4 213.2 209.1 204.2 197.4 192.8 192.2 193.9 196.8 193.6 192.5 190.6 189.2 188.5
204 202.3 203.4 206.1 208.1 210 211.2 212.9 213.5 213.8 213.9 216.3 215.8 215.4 214.7 213 206.5 198.6 195.9 205.3 205 212.5 220.4 226.8 232.4 237.2 241.4 247.5 254 257.6 260.3 260.8 259.5 257.3 253.5 249.8 243.9 240.1 236.5 234.1 232.5 231.8 232.4 233.3 234.4 233.9 233.7 233.3 229.5 228.1 227.3 215.3 211.8 204.6 206 204.9 206.9 208.7 212 215.3 221.6 222.3 224.2 224.5 225.4 221.6 218.7 211.2 201.9 199 195 192.5 191.1 190.4 191.3 192.4 191.1 197.6
208.1 208.4 209.6 212.3 214.7 216.7 214.9 213 213.4 213.5 213.9 215.5 218.3 217 215.9 210.4 207.3 198.4 198.9 207.3 209 218.5 225.4 231.5 236.2 239.5 244.5 249.4 256.1 259.5 261.1 260.7 258.9 256.2 252.9 249.1 244.4 240.3 236.3 235.4 234.7 234.8 236.1 236.2 235.3 231.6 231.6 231.6 233.6 232 226.4 214 206.6 206.8 212.4 213.8 217.1 219.7 222.7 226.7 230.7 233.4 233.8 234.5 232.8 229.8 227.1 223.3 217.8 209 205.2 202.5 200.1 198.6 195.7 196.5 201.8 211.1
216.5 218 220.3 221.1 220.5 218 215.9 215.7 215.6 216.7 214 213.5 217.3 213.7 209.3 208.5 208.8 201.5 201 202.4 213.5 223.7 230.5 234.8 238.2 241.2 249.6 251.8 257.9 260.1 260.6 259.8 257.8 254.4 250.9 247.8 243.4 240.3 235.4 233.6 231.8 232 232.9 231.6 231.6 231.6 231.6 231.6 235.5 235.2 230.9 218.6 214.2 227.1 231.2 230.6 233.1 234.6 236.2 237.3 239.1 241.8 243 243.2 240.7 235.6 233.2 230.3 226.2 219.9 217.6 216.1 213 210.2 206.1 210 209.5 214.5
222.1 222.5 222.3 222.1 223.8 226.3 225.9 225.7 224.4 221.6 217.9 213 211.3 209.4 210.1 215 214.4 203.6 203.4 206.1 219.8 230.2 234.3 237.4 238.9 241.6 249.8 252.5 258.5 260.1 259.9 258.8 256.3 252.8 248.8 243.7 239.2 233.1 231.6 231.6 231.6 231.6 231.6 231.6 231.6 231.6 231.6 234.4 237 230.4 213 216.3 235.4 239.5 244.2 242.8 243.7 245.6 246.8 247.2 248.7 254.3 251.2 248.2 247.1 243.7 241.6 239.9 235.2 230.8 230 228.3 226.2 221.3 214.6 217.6 218.9 216.1
224.4 224.8 230.6 234.7 236.7 236.5 235.7 233.3 232.6 230 226.1 217.7 215.7 218 220.1 220.6 208.5 203.1 205.7 218.4 225.4 233.2 236.8 239.3 239.7 244.1 251.3 257.3 258.7 259.5 258.8 256.5 249.5 244.2 237.4 231.7 231.6 231.6 231.6 231.6 231.6 231.6 231.6 231.6 231.6 231.6 231.6 233.5 237.2 214.3 232 237.1 246.9 248.7 247 247.1 248.6 249.4 249.9 251.2 251.9 250.8 247.3 244.8 242.2 239.3 236.4 234.2 232.9 231.6 230 224.8 221 223.5 225.8 226.8 224.3 220.9
231.2 233.2 236.8 237.6 239.7 234.8 229.4 228.2 227.9 225.2 228.9 231.3 228.7 227.1 224.5 222.8 206.4 204.3 211.3 227.5 232 237.9 243 239.3 242.4 248 256 257.7 258.3 253.2 249.2 241.3 232 231.6 231.6 231.6 231.6 231.6 231.6 231.6 231.8 231.6 231.6 231.6 231.6 232 235.4 222.9 218.2 238 247.5 251.3 252 254.8 252.4 253.9 255.4 257.8 259.2 256.9 254.4 251.5 250.6 248.6 243.8 240.3 237.6 234 231 228 226.3 227.2 232.4 232.1 231.8 230.7 230.1 225
239.9 241.9 241.7 237.3 233.7 232.9 232 232.6 234.1 234.2 233.4 232.1 229.4 227.9 226.2 220.7 207.7 206 219.3 232.5 237.4 241.6 241.2 241 245.9 253 253.6 255.8 250 244.8 233.9 231.6 231.6 231.6 231.6 231.6 232.4 234.3 238 241.5 240.8 240.8 239.9 238.8 239 239.3 243.1 240.7 230.9 251.2 253.6 255 256.5 254 261 262.3 265.1 268.1 267.1 266.4 262.8 261.1 257.7 255.1 251.1 246.9 242.6 238.6 235.3 228.9 227.5 230.3 232.2 234.3 233.4 234.4 232.8 225.5
249.6 249.2 249.3 244.2 240.4 238.4 236 235 234.7 234.1 233.5 232.4 230 228.7 227.5 217.6 208.8 209.9 219.6 235 238.4 239.4 241.4 245 250.6 256.3 256.7 250.1 243.8 233.9 231.6 231.6 231.6 234.9 238.3 241.2 243.2 245.8 248 251.8 254.3 255.4 254.6 252.7 250.2 249.2 251.3 252.4 250.7 252.7 256.3 259.5 264.2 259.1 268.5 270.6 274.8 277.3 276.3 273.4 272 270.2 266.5 263 256.2 251.7 249.8 246.4 246 245.3 236.7 230.8 229.8 229.9 235.2 234.9 229.9 225.4
249.2 244.2 246 247.6 246.5 242.8 240.2 236.4 235.6 234.2 233.5 233 230.8 229.8 230.1 211.7 210.1 213.7 229.2 237.9 236.7 242.6 247 251.5 256.2 257.3 249.7 245.8 235.1 231.6 231.6 237.5 240.6 244.3 247.5 247.5 252.6 255.9 261.5 261.5 261.1 260.8 259.8 258.5 257.4 255.5 256.8 257.2 257.2 257 261.1 265.7 267.9 268.5 277.2 281 284.1 286.8 286.6 285.7 283.8 279.5 274.2 268.2 262.2 256.8 254.3 250.8 247.8 245.8 245.5 241.2 237.8 230.8 229.3 227 225 225
263.1 259.5 257.1 254.1 251.9 247.9 243.7 238.1 234.7 234 233.5 233 231.8 232 232.1 213.6 211.7 220.5 234.2 237.2 243.6 248.3 252.3 256.5 257 250.2 246.8 237.6 231.6 231.6 239.4 244.3 248.9 251.8 253.9 258.4 262.4 266.2 267.3 266.5 265.2 264.3 262.9 261.6 260.5 259.2 260.1 259.8 260.8 259.2 265.8 271.5 277.3 281.1 285.4 288.4 291.2 293.5 293.7 292.3 290.5 286.8 282.5 276 268.4 263.4 259.4 254.7 250.5 251.9 249.5 243.2 239.6 236.3 230.8 229.6 231.5 234
270.8 265.7 263.9 259.7 255.5 249.3 243.2 237.9 234.7 234.1 233.5 232.9 232.5 233.8 235.2 218.9 214.3 223.4 239.9 246.1 250.8 254.4 256.5 258.2 252 247.2 237.9 233.8 231.6 239.6 245.2 250.4 255.6 258.7 261.5 265.8 268.5 270.5 270.7 270.3 269.1 266.5 265.6 264.3 263.4 263.2 262.6 262.9 261.9 261.3 268.9 278.2 283.7 288.4 292 294.8 297.6 299 298.6 297.8 295.6 292.2 287.8 281.7 276 270 265.4 261 253.7 250.6 247.5 241.6 240 238.4 240.7 232.7 238.2 240.5
275.9 272.2 266.2 261.2 254.1 247.2 241.9 238.7 235.6 234.1 233.5 232.9 233.2 233.2 231.9 220.2 215.9 223.2 246.7 251.3 253.7 256.7 258.7 253.8 249 237.6 235.1 233.9 234.7 242.8 250.3 257 262 265 268 270.3 271.8 274.6 274.5 273.5 271.8 269.6 268.2 266.5 266.4 265.8 265.2 264.7 264.7 266.4 275.7 283.6 290.2 294 298 300.9 302.5 303.9 303.4 303 300.9 297.4 292.6 286.8 281.5 276 272 268 263.9 259.7 251.7 247.3 245 240.4 237.3 240.5 246.7 249.7
279.9 274.4 267.8 262 253.6 248.8 243.5 239.4 236.2 234.6 234.1 232.6 231.5 230.8 230.1 226.4 217.6 222 249.1 253.7 255.6 258.4 256.6 250.5 240.4 235.8 235 235.1 240.6 246.4 254.4 264.8 266.6 268.5 270.8 274.8 277.3 278.5 278.4 276.3 273.9 272 270.9 269.5 268.6 268.1 266.6 267.8 269.5 271.9 280 289.3 295.1 300.1 303.4 306.3 308.6 309.9 309.6 308.8 307 301.9 296.5 289.9 284.2 279.6 274.1 270.2 265.8 262.1 258.9 256.1 251.3 248.9 250 245.4 251.1 251
280.9 273.4 265.1 258.3 253.7 249.5 246.2 244.2 242.2 237.1 235.6 232.9 231.4 229.2 228.8 230.8 221.3 220.1 242 253 257.7 257.5 252.4 241.4 236.3 236.8 237.1 239.3 247.5 251.2 259.4 267.7 269.6 271.2 275.2 279.4 281.5 282 281.3 278.8 275.6 273.8 272.7 271.1 270.1 269.6 268.7 271 273.6 278.9 285.6 293.8 299.7 304.7 307.6 310.5 313.4 314.7 314.4 313.7 310.4 305.7 299.4 292.6 286.3 280.8 276.1 272.4 267.7 264 261.1 258.2 255.5 254.3 248.5 251.8 253 250.6
278.5 271.5 262.6 254.9 253.2 249.7 247.6 245.2 242.1 241.2 241.1 241.5 243.1 244.4 244.5 240.6 223.6 226 230.1 246.4 255.8 252.3 244.4 238.4 237.8 238.5 239.9 247.9 251.5 255.1 266 270 272.3 276 279.9 283.4 285 285 283.5 280.6 277.8 275.7 274.1 272.4 271.1 270.1 271.1 273.2 278.5 284.8 289.7 297.2 304.2 308.9 312.3 314.8 317.2 318.5 318.1 316.5 312.8 307.8 301.9 295 288.6 283.1 278.6 273.6 270.3 266.7 262.7 260.1 257.7 255.8 255.4 255.7 255.5 255.2
275.3 268.5 259.9 254.5 252.2 250.1 248.1 245.7 245.1 245 246.7 248.2 249.8 250.5 250.4 244.1 225 224.5 230.5 238.6 247 247.2 240.3 238.8 239.3 241.2 249.9 255.9 260.4 265.4 270.7 272.9 275.4 279.6 283.9 286.5 288 287.2 284.6 281.8 278.8 275.6 274.1 272.4 274.5 277.3 278 278.8 283.7 288.6 293.9 300.8 307.4 312.6 315.5 318 320.2 321.4 320.6 318.3 313.2 309 302.5 296.1 290.2 284.8 280.2 275.5 270.7 267.8 264.4 261.5 259.2 258.4 257.9 258.1 258 258.5
273.5 267.3 260.2 253.7 251.2 249.6 248.6 247.3 247.4 248.8 250.8 253.9 255.2 255.4 252 251.6 236.1 226 228.7 239.3 241 241.1 240.9 239.7 243.2 252.3 259.8 264 269.3 272.2 273.3 276 278.2 283.8 287.5 289.6 290.2 288.2 284.9 281.9 279.2 274.7 274.4 277.3 281.5 283.1 282.5 282.5 287.4 292.3 297.2 303.4 309.7 314.6 318.1 320.4 322.4 323.8 322.2 319.6 314.7 308.8 304 297.1 290.8 286.4 281.9 277.3 273.1 269.6 265.4 263 261.5 260.7 260.5 260.6 260.2 260.5
272.2 266.8 261 257.3 254.9 250.6 249.4 249.6 250.8 252.9 255.7 256.2 256.9 257.6 254.6 256.4 240.1 226.6 229.8 239.2 242.9 242.7 243.3 249.5 246.8 252.9 264.9 271.7 274.5 274.3 276.1 278 282.6 286.9 290 291.1 290.2 287.1 284 281.4 278.9 274.8 279.1 281.9 284.3 286.3 285.4 285.9 290.3 294.5 300.4 306.7 311.6 315.8 318.7 321.1 323.4 324.2 322.5 319.5 315.9 310.1 304 297.8 291.5 287.6 283.1 278.7 275.1 270.8 267.6 265.2 263.8 263 262.9 262.9 262.9 262.7
271.8 267.3 262.7 259.4 256 252.8 253 254.2 255.4 257.5 258.4 258.9 259.1 259.3 259 259.1 244.1 228 230.9 234.2 245.3 245.7 251.5 257.9 257.9 258.9 264.9 276 276 276.5 277.5 280.8 285.6 288.5 290.2 290.7 288.7 286 283.6 281.4 279.5 276 280.4 283.9 286.3 288.3 288.6 288.9 291.9 297.7 303.3 307.7 312.6 315.6 318.2 320.5 322 322.5 321.5 318.7 314.9 310.5 305 299.1 293.9 288.9 284.6 280.5 276.9 272.6 269.6 267.2 265.8 264.9 264.7 264.7 264.7 264.8
272.4 268.2 263.6 260.7 258.2 256.5 256.3 257.1 258.1 259.1 259.7 260.8 261.2 261.1 261.8 261 256.9 230 231.8 237.1 246.7 250.3 258.5 263.1 268.3 271.6 269.3 274.7 276.7 278.1 280.8 284.3 287 289.2 290.3 290.2 288.3 285.6 284 282.8 281 276.9 281.3 285.8 288.4 290.4 291.9 292.1 294.5 299.8 305.1 309.5 313.3 315.5 317.3 320 320.9 320.5 319.2 316.8 312.9 308.2 303.5 299.3 295.1 291.4 287.1 282.6 278.3 274.2 271.5 268.6 267.7 266.8 266.6 266.6 266.3 266
273.1 268.9 265 262.3 261.7 259.9 259.4 259.5 260 260.6 261.1 261.7 262.2 262.1 263.6 263.3 260.8 233.1 233.2 237 252 260.3 267.5 271.9 278.9 278.7 271.9 276 277.6 279.8 283.7 287.3 289.4 290.9 290 289.1 287.5 285.2 284.1 283 281.9 279 281 287.5 290.6 291.9 293.5 294.7 296.7 300.9 305.4 309.6 313.1 314.9 317.2 318.6 318.6 317.3 316.1 313.9 310.3 305.5 302.4 299.5 295.9 291.9 288.4 283.7 279 275.2 273 270.6 269.2 268.6 268.3 267.9 267.6 267.3
274 270.3 267.5 265.1 264.4 263.3 262.9 262.7 261.8 261.7 262.2 262.9 263.8 265.1 266.3 263.3 258.9 234.1 233.3 251.1 264.9 267 276.7 280.9 280.6 279.9 273.5 278.8 279.4 281.7 284.8 288.3 291.4 292.2 291.8 289.5 286.8 285.3 283.7 282.4 281.1 279.6 281.9 288 291.5 293.2 294.9 296.1 298.3 302.1 305.1 308.9 311.3 313.7 315.7 315.2 316 314.6 312.2 310 307.1 305 302.1 299.4 296.7 292.3 289 284.6 280.1 275.9 273.6 271.5 270.3 269.9 269.7 269.3 269 268.6
276.1 273.1 270.7 268.5 268.5 267.2 266.1 265.1 264 263.8 264.2 265.2 266.6 268 268.7 266.5 256.7 241.2 235.9 248.5 271.9 277.6 280.8 281.5 281.8 280.3 276.8 280.8 282.8 285.4 287.3 289.4 291.8 292.8 291.2 288.8 286.6 285.4 284.1 282.5 281.2 281.4 283 287.8 292 294 295.9 297.4 299.7 303.2 304.7 308.7 309.2 312.7 313.3 312.3 311.6 310.3 309.2 307.9 306.4 304.3 301.9 298.4 296.3 293.1 289.6 285.1 280.7 276.9 274.8 272.5 271.4 271.1 270.9 270.8 270.5 270.1
278.8 276.3 274.3 273 271.9 271.8 270.1 267.9 266.7 266.5 267.5 268.3 269.6 271 272.4 274.4 272.5 240.7 238.4 249 277.6 280.9 281.9 282.4 282.7 279.8 281.1 283.1 285.2 287.9 289.8 290.4 290.8 290.6 289.5 287.6 286.9 285.6 284.3 282.2 282 283.1 286.2 290.1 292.3 294.9 296.6 298.5 300.7 303.6 305.8 306 305.9 309.8 310.6 310.4 309 306.8 308 306.5 304.7 299.9 296.6 292.7 290.8 291.6 289.8 285.5 281.5 278 276 273.5 272.3 272.2 272.1 272 271.8 271
281.9 280.3 279.4 278.1 276.2 274.1 272.9 271.1 269.9 270.5 270.6 271.8 273.1 274.4 275.5 276.3 272 244.2 240.2 252.6 279.4 281.9 282.6 282.9 283.1 282.9 283.4 285.5 287.7 289.9 291.1 291.3 290.9 289.9 288.7 287.8 287.1 285.9 283.5 282.6 283.4 286.6 289.3 291.7 294.4 297.3 298.4 300 301 302.8 305.3 300.4 299.8 303.9 299.8 299.7 303 302.3 302.5 299.5 298.6 295.2 291.1 287.6 285.2 283.9 285.7 285.5 282.3 278.8 277.2 274.7 273.8 273.2 273.3 272.1 271.3 270.8
287.2 285.4 284 281.5 279.4 277.1 275.5 274 273.1 273.3 273.8 275.2 276.6 277.4 278.1 278.7 274.4 244.2 241 248.1 273.2 282.4 283.3 283.5 283.7 284.2 285.1 287.5 289.8 291.3 291.6 291.4 290.8 290.1 288.2 287.9 287.2 285.4 282.8 284.5 288.2 290.3 292.5 295.4 298 299.3 299.5 299.7 299.8 300.4 296.1 290.9 280.7 280.4 279.3 280.8 290.9 294.8 294.7 292.3 291.3 288.6 286.5 279.9 277.5 278.9 278.8 278.5 281.2 279.7 277.5 275.9 275.3 274.7 274.4 274.1 271 267.3
293.8 291.6 289 286.4 283.3 280.2 278.7 277.4 276.4 276 276.5 277.3 278.6 279.7 280.2 280.2 281.1 248 242.8 250.9 280.1 283 283.9 284.2 284.3 284.5 286.8 289.6 291 291.4 291.7 291 290.4 289.2 287 285.9 284.8 283.7 285.2 289.4 291.7 293.8 296.3 298.7 297.7 296.1 295.1 296.2 296.7 297.5 291.8 283.1 274.6 274 277.5 273.2 271.9 286.7 281 278.3 277.7 275.3 270.1 268.8 267.9 267.2 268.3 269.1 272.1 275.8 278.7 277.4 276.2 276.4 275 274.3 272.7 267.9
298.3 296.1 293.2 289.8 286.6 283.6 281.2 279.9 279 278.9 279.6 280.3 280.8 282 282.1 282.1 277.8 249.5 245.4 249.3 278.1 283.7 284.4 284.9 285.6 286 289.2 290.2 291.8 291.7 291 290.3 289.1 286.4 285.4 284.6 286.5 287.1 289.9 292.4 296 297.9 297.2 295 294 292.6 292.2 291.7 291.2 291.2 290.8 286.1 274.7 294.7 295.4 288.8 272.8 271.4 270.5 269.7 268.1 266.2 263.3 259.7 257.6 256.4 256.8 257.6 261.2 268.5 270.5 271.6 274.6 275.7 274.6 273.5 271 267.7
299.9 298.2 296 293 289.9 287.2 284.7 282.6 282.4 282.2 282.9 283.4 283.9 284.4 283.9 283.5 283.2 258.9 246 248.1 273.8 284.2 285 285.7 286.4 288.1 290 291 291.7 291.1 290.3 289.4 287 285.3 286.3 288.8 290.9 291.6 293.3 296.6 298.6 295.2 294.2 292.6 291.7 290.2 290.3 288.5 287.2 286.9 287.5 289.2 276.9 299 300.4 299.5 296.8 286.1 284.9 283 273.4 275 277.7 281.3 279.8 275.3 267.5 253.7 253.7 261 261.3 266 268.7 267 263 262.2 261.9 259.8
