data/280000-820000.asc
ncols 200
nrows 200
xllcorner 280000
yllcorner 820000
cellsize 50
[rows 35 to 69 of 200, columns 78 to 155 of 200]
532.3 547.9 564.3 574.7 582.9 590.4 597.1 603.8 610.1 615.1 618.4 617.2 613.8 609.4 605 601 596.9 591.9 587.9 586.8 586.1 585.1 584.3 583.2 581.5 577.1 575.4 573 569.4 562.8 554.3 544.5 535 527.5 520 512.5 509.1 506.1 503.3 500.5 498.2 494.4 496.5 501.6 506.9 513.3 519.8 524.1 527.6 531.2 534.8 538 541.3 544.5 547.7 550.8 553.1 555.8 557.8 559.6 560.8 561.7 562 564.8 568.2 570.7 573.7 576.3 578.7 581.1 583.4 585.8 588.2 591.1 593.9 597.6 603 608.7
529.3 545.3 560.5 570.1 577.2 583.9 590.8 598.1 605.5 611.2 615.1 614.8 612 608.8 605.5 602.1 598.2 594 590.4 589.2 588.7 588.2 587.1 585.8 584.2 581.3 578.1 575.5 572.5 566.1 557.1 547.4 536.5 528.7 521.3 514 510.8 508 505.1 502 499.4 496.9 497.1 501.8 507.6 513.4 520.1 526.7 530.6 533.9 536.1 538.8 541.6 544.6 547.8 550.8 554.1 557.1 559.5 561.3 562.5 563.5 564.1 565.9 569.1 571.8 574.6 577.5 579.9 582.2 584.6 586.4 587.7 590.6 593.2 595.8 601.2 606.9
524.1 539.3 552.7 561.2 568.3 575.7 584.1 591.5 599.2 605.8 609.8 610.1 608.2 605.1 602.3 600 598.1 595.3 592.3 590.7 589.8 589.4 588.3 586.5 584.5 583.1 580.3 578 574.8 568.3 559.8 549.6 538.6 529.4 522.3 516.5 512.7 509.8 507 503.5 501 498.9 493.8 501.5 507 513.1 520.7 528.8 533.2 535.7 537.7 540.5 543.3 546.3 549.2 552.4 555.7 558.6 561.2 563.1 564.1 565.1 566.1 567 570.1 572.9 575.7 578.5 581 583.4 585.7 587.1 588.2 590.4 593.1 595.8 600.4 606.1
517.3 528.9 540.4 549.8 557.9 565.1 574.3 584.3 592.2 599.3 602.4 602.7 601.7 600.6 599.2 596.8 595.4 593.8 592.1 590.3 588.8 586.7 586 585.4 584.1 582.7 581.8 579.7 576 570.2 562.4 552.3 541.3 530.5 524 518.5 514.3 511.6 508.8 505 502.7 500.8 495.5 501 506 512.5 521.5 528.8 534.6 537.5 539.4 542.4 545.4 548.4 551.4 554.3 557.2 560.1 562.6 564.7 565.7 566.7 567.7 568.6 571.2 574 576.8 579.5 582.2 584.5 586.6 587.7 589.1 591.2 593.6 596.5 600.8 605.6
507 517.3 526.4 535.6 545.5 554.7 564.4 574.6 583.6 589.2 592.5 593.9 595 594.2 592.9 592 590.8 589.1 587.5 585.9 584.5 582.6 583.1 583.1 582.1 582.5 582 580.4 577.2 572.7 565.3 555.8 544.2 532.7 525.8 520.8 516.5 512.9 510.6 506.8 504 499.8 499.7 499.4 504.8 512.2 521.8 530.5 536.5 538.7 541.5 544.6 547.5 550.5 553.5 556.4 559.1 561.7 564.3 566.1 567.2 568.3 569.3 570.4 572.3 575 577.8 580.5 583.4 585.6 587.3 588.6 590.2 592.3 594.4 597.2 601.3 606.7
495.9 503.3 511.2 520.5 531.6 542.6 553 562.6 570.2 577 582.4 585.1 586.5 587.7 586.6 586.1 585 583.8 582.6 581.1 580.2 579.7 580.1 580.5 580.2 580.7 581.2 581.2 579 574.5 568.2 559 547.9 536.4 527.8 523 519.3 514.7 509.1 507.2 504.5 503.3 502.1 502.4 505.5 512.3 522 531.1 537.5 540.5 543.6 546.8 549.7 552.6 555.6 558.5 560.5 563.3 565.9 567.5 568.7 569.8 570.8 571.9 573.6 575.9 578.8 581.7 584.5 586.9 588.2 589.4 591.3 593.5 595.7 598 602 607.5
482.9 488.7 492.5 501.9 515 529.4 540.8 549.3 556.7 562.9 569.4 573.7 576.8 578.7 580.6 580.1 579 577.9 577.1 576.3 575.9 576.6 577 577.7 579 579.6 580.3 581 581.1 577.8 570.7 561.6 551.6 540.1 531.2 525.6 521.2 514.8 512.3 509.3 507.5 506.3 505.1 504.8 507.5 513.3 522.5 530.8 537.1 541.8 545.6 548.8 551.9 554.8 557.8 560.1 561.8 565 567.6 568.9 570.1 571.3 572.3 573.8 575.3 576.8 579.8 582.8 585.7 588.1 589.2 590.3 592.6 595 597.3 599.5 602.8 608.1
460.4 468.7 474.2 483.4 499.2 516.1 528.5 536.7 542.9 549.4 556 561.7 566.4 570.5 573.1 573.9 573 571.8 571.4 571.5 572.3 574.2 575.1 576.1 577.6 579.1 580.1 581 581.9 580.1 572.6 564.1 554.4 544.1 534.9 526.5 524.6 519.7 515.1 512 509.9 508.4 507.1 506.6 509 513.8 522.1 530.5 537 541.9 546.5 550.1 553.8 556.5 558.8 561.1 563.2 566.5 569 570.2 571.4 572.7 574 575.2 576.5 577.7 580.6 583.6 586.6 589.1 590.1 591.2 593.3 595.8 598.3 600.8 603.3 607.8
465.5 465.5 468.4 469.3 484.5 502.4 516.2 522.7 528.9 536.2 542.7 549.2 555.1 560.2 564.8 566.2 565.7 565.2 565.7 566.5 569.2 572 573.3 574.7 576.1 577.9 579.3 580.1 581.6 581.2 574.5 565.6 556.6 546.9 539 536.2 531.7 524.4 518.3 515.3 513 511.1 508.9 509.1 509.4 513.9 521.7 529.8 537.2 542.2 546.6 550.2 553.5 556.5 559.1 561.6 564.8 568 570.3 571.6 572.6 573.5 575 576.4 577.7 578.9 581.4 584.4 587.6 589.7 591 592.1 593.9 596.6 599.1 601.5 603.6 606.5
482.8 487 488.4 487.8 482.5 487.4 503.3 509.7 514.7 522.1 529.8 537.6 544.4 549.6 555 557.6 557.5 557.7 559.4 561.9 565.8 569.3 571.8 573.5 575.4 577.2 578.4 578.6 579.3 578.3 573.8 563.9 556.7 549.5 538.5 539 535.6 529.3 522.3 518.4 516 514.3 512.8 511.8 512 514.5 520.9 528.9 536 542.5 546.4 549.9 553.2 556.4 559.1 561.7 566.2 569.3 571.1 572.1 573 574.1 575.7 577.1 578.5 580 582.3 585.4 588.6 590.3 591.6 593 594.6 597.2 599.4 600.6 602 604
496.8 502.4 504.6 506.2 505.3 502.7 497.5 500.6 505.3 506.2 515.9 526 533.1 539 540.6 547.7 549.5 550.2 550.7 556.1 562.7 567.6 571.2 572.9 574.7 576.6 577.4 577.6 576.9 575.5 571.7 564.2 557.2 546.2 546.5 544.2 540.1 533.9 526.5 521 518.9 517 514.7 513.7 514.2 514.8 520.7 527.7 535.1 541.9 546.1 549.5 552.9 556.3 558.8 562.1 566.5 569.4 571.3 572.5 573.4 574.8 576.5 577.9 579.1 580.1 582.6 586.6 590 590.5 591.3 592 593.3 595.4 597.1 597.7 599.6 599
511.5 517.1 520.1 522.2 523.6 523.1 520.3 519.3 520.3 520.4 519.8 517.9 519.5 522.6 528.4 536.2 539.9 547.8 550.7 550.8 560.1 566.6 570.2 572.5 574.2 575.9 576.4 576.5 574.9 573 570.1 564.5 556 548.1 555.2 551.5 546.3 538.6 529.8 523.5 520.8 519 516 517.8 517.9 516.3 520.4 528.1 535.5 541 545.8 549.3 552.4 554.9 557.3 561 565.6 569.2 571.3 572.8 573.9 575.4 576.2 577.3 579.2 580.2 582.1 586.6 589.5 589.4 589.9 590.3 591.5 591.5 591.2 591 591.1 589
527.3 534.9 537.3 539.2 539.9 540 538.1 536 533.4 531.7 529.9 530.8 533.9 537.9 541.8 548.4 555.1 559.4 558.5 553.9 557.8 565.6 569 571 572.9 574.9 575.2 575 573.3 569.9 562.1 550.8 550.4 563.9 563.9 559.7 554.6 545 535 526.5 523.1 521.6 518.2 520.7 520.7 520.7 521.9 528.1 535.3 540.3 544.5 548.3 550.7 553.1 555.5 558.4 562.6 565.6 567.8 569.9 571.9 573.7 574.5 575.2 576.4 578.5 580.5 583.1 585.5 585.4 586.5 586.9 586.4 584.8 581.5 580.5 579.6 578
537.4 550.1 554.6 557 558.1 558.8 557.4 553.4 548.6 543.5 539.9 540.5 543.9 548.2 553.3 559 562.7 564 562.4 558.7 554.1 563.5 567.7 569.7 571.8 573.8 574.2 573.9 572 567 554.3 567.7 569.5 570.6 569.3 566 560.7 550.8 539.6 531.4 526 523.8 522.8 522.8 523.1 523.6 523.4 527.8 534 538.2 542.4 545.9 548.8 551.2 553.4 555.4 558.9 562 564.4 566.6 568.7 571 572.6 573.1 573.6 574.7 576.5 578.8 580.9 581.2 579.4 579.2 578.4 575 572.2 571.2 570.7 568
538.1 554.8 563.5 569 571.6 572.4 569.7 565 559.5 554.5 550.7 550.3 554.2 558.3 561.5 564.5 566.5 566.4 563.8 559.1 554.9 561.7 565.9 568.6 570.6 572.5 573.1 572.6 571.8 567 565.1 571.5 574.9 574.7 573.5 570.4 564.5 555.7 544.2 533.7 529.6 526.6 525.2 525.2 525.2 525.1 525.5 527.4 532 536.1 540.1 543.4 546.7 549.4 551.3 553.1 555.4 558.4 560.9 563.4 565.5 567.4 567.5 567.8 568.3 569.3 570.2 571.9 573.9 573.7 571.1 570.7 570.1 567.8 566.4 564.6 562.7 558.1
534 551.6 563.4 571.1 575.2 577.2 574.2 570 564.9 560.3 557.6 557.3 559.5 562.6 565.7 568.7 569.4 568.8 565.6 562.2 558.9 560.9 564.5 566.7 569.5 571.3 571.9 571.8 571.6 566.7 568.6 574.3 577.8 577.8 575.4 572.1 566.3 557.5 547 536.3 531 528 527.6 527.5 527.2 527.9 529.2 530.8 533 533.6 537.3 540.3 543.3 547.1 548.4 550.8 553.1 555.1 556.6 558.9 561.1 562.5 562.4 562.6 562.9 563.7 564.4 565.6 566 565.7 566.4 566.3 566.8 566 563.4 559.9 555.1 549.8
530.7 544.9 558.7 567.5 573.3 576.9 575.3 571.7 567.9 563.8 562.7 562.6 564.4 566.9 570 571.7 571.3 570 567.8 565.5 561.3 559.2 564.3 566.6 569 570.6 571.4 571.2 570.5 566 569.5 576.3 579.4 579.6 577 573.4 567.5 559 549.1 538.8 532.8 530.9 530.3 529.4 528.9 531.4 532.5 533.7 537.2 538.5 536 535.6 539.8 543.5 546.1 548.5 550.4 552.6 553 553.3 555.3 556.2 556.6 557.2 557.9 559.4 560 560.1 562 563.2 564.3 565.1 565.9 564.5 562 557.3 550.6 543.8
524.6 538 551.7 561.5 568.7 573.1 574.3 572.2 569.3 566.6 566.5 567.5 569.6 571.7 574.2 574.6 573.1 571.2 568.9 566.7 564.4 561.2 564.4 567.5 569.6 571.1 571.2 571.2 570.7 567.9 572.4 577.1 579.3 580.4 578 574.1 568.3 560.1 551.2 541.1 535.2 534.1 533.6 532.6 532.1 534.9 535.8 536.9 539.3 540.7 539.9 537.5 537.6 540.9 544.1 546.1 548.4 549.1 549.4 550.1 550.6 551.7 552.8 553.8 553.4 555.3 556.4 559.3 561.6 563.1 564.7 566 567.2 566.3 563.1 557.7 550.8 541.9
517.4 530.9 544.3 554.8 562.7 569 571.6 571.8 570.5 569.4 570.2 572 574.2 576.5 577.6 576.8 574.7 572.5 570.4 568.2 566 563.5 565.5 567.6 569.1 570.7 571.6 571.3 571.8 572.3 574.5 577.5 579.3 580.4 577.6 574.1 567.9 560.7 552.3 544.3 538.5 537.3 536.8 536.5 536.2 537.7 538.7 539.7 541 542.1 541.7 539.4 540.5 540.1 540.9 544.1 545.3 546.2 547.2 548 548.1 548.6 549.7 550.7 550.6 553.6 555.9 558.8 561.1 562.7 564.2 568.2 569.8 568.8 565.4 558.9 550.6 541.5
510.4 523.1 537 547.8 557.1 563.5 568.4 570.3 572.2 572.3 574.4 577.2 579.1 581.3 581.5 579.7 576.6 573.7 571.4 569.4 567.3 565.5 564 567.7 569.1 570.6 572 572.5 573 573.5 575.3 576.9 578.7 579.3 577.6 574.1 569.4 562.5 556.1 548.9 544 541.4 540.4 539.9 539.6 538.4 540.6 541.6 541.9 542.7 543.3 541.8 541.4 540.4 539.4 542.1 543.5 544.3 545 545.7 545.7 545.4 546.1 546.2 550.4 553.6 555.9 558.4 560.6 562.4 567.1 571.4 573.1 571.6 568 560.5 551.8 542
503.6 515.5 529.2 540.1 549.7 558.2 565.1 569.9 572.8 576.2 579.5 582.3 584.5 586.2 585.4 581.9 578.5 575.5 572.6 570.4 568.4 566.7 565.3 567.5 569.3 571.1 572.2 572.8 573.4 573.9 575.3 576.6 578.1 578.5 577.3 574.2 570.1 564.5 559.7 556.3 551.8 548 544.2 543 541.8 541.7 542.1 542.4 542.6 542.8 542 543 541.4 541.6 541.8 537.3 541.9 542.5 543.2 543 542.1 541.4 542.9 544.6 548 552.4 555.2 558 561.2 565.9 570.5 574.7 576.4 575.2 571.2 564.3 553.7 542.8
497.2 508.5 521.7 532 541.9 552 560.9 567.5 573.2 577.8 582.5 587.4 590 591.4 588.9 584.6 580.4 577.4 574.5 571.6 570.1 568.7 567.8 566.6 569.8 571.7 572.5 573.1 573.7 574.2 575.2 576.5 577.7 577.2 576.3 574 571.3 568.1 565.9 563.6 560.1 555.4 550.5 545.6 544.1 543.6 543 542.8 543.1 542.9 544 544.8 545.1 545.2 545.4 545.2 535.8 533.4 531.7 533.7 539.4 541.3 540.4 544.5 547.4 550.3 554 557.4 562.4 567.5 572.9 577.8 579.7 579.2 575.1 568.7 557.7 544.5
491.7 502.1 514.9 524.5 534.6 544.6 554.5 563.9 572 578 583.7 588.8 594.9 596.3 591.5 587.3 583.1 579.4 577.1 574.9 572.7 570.9 569.6 566.4 570 571.1 572.7 573.4 573.9 574.4 575.5 576.7 577.8 577.1 576.4 574.5 573.3 572.4 571.1 569.2 565.9 561.6 556.2 549.4 546.2 544.8 544.1 543.4 543.4 544.5 545.5 546.5 546.9 547 547.3 547.6 547.2 545.3 542.8 531.2 524.9 527.5 537.4 541.8 545.3 548.8 553.2 557.8 563 568.5 574.1 579.6 584 583.3 579.7 573.9 563.4 547.1
489.1 497.6 509.3 518.5 527.6 537.2 547.3 556.8 565.9 575 581.5 588.3 596.8 598.8 594.1 589.6 585 581.6 579.6 577.3 575.1 573 571.4 569.5 567.9 569.7 571.8 573.6 574.1 574.7 575.9 577 577.5 577.3 577.2 575.7 576.4 575.5 574.7 573.1 569.8 565.8 559.9 551.8 547.2 546.2 545.5 544.4 544.8 546 547.1 548.2 548.6 548.9 549.2 549.5 548.6 547.5 544.5 540.2 535.8 524.8 534 538.9 542.4 545.9 552.1 558.5 564.2 569.7 575.3 580.8 586.4 586.9 583.4 577.2 565.8 547.3
487 494 503.8 513 522.1 531.3 540.4 549.7 558.8 567.9 576.2 585.1 592.9 596.5 594.7 591.1 587.1 583.7 581.7 579.6 577.4 575.3 573.7 571.6 570.5 570.1 571.9 573.2 574.3 575.1 576.3 577.5 578.2 578.4 578.8 577.5 578.2 578.5 577.7 575.3 572.1 568.9 562.2 553.2 548.4 547.2 545.9 544.6 544.9 547 548.3 549.5 550.6 550.8 551.1 551.3 550.4 548.9 545.7 542.3 538.4 519.7 527.4 535.6 539.3 543.9 551.1 558.1 564 569.9 575.8 581.5 585.7 586.3 581.8 576.1 563.4 545
483.2 490.3 498.3 507.4 516.6 525.7 534.9 543.3 551.8 560.6 568.2 577.1 585.5 591.4 593.4 591.9 589.1 585.8 583.8 581.7 579.7 577.7 576.2 574.5 573.3 572.5 569.4 571.9 574.4 575.5 576.8 578.1 578.7 579 577.2 578.1 578.7 579.2 579.2 577.3 574 569.4 563 554.1 548.8 547.4 546.1 545 545.2 547.1 549.3 550.9 552.8 552.9 553 553.1 552.8 550.5 546.6 542.9 541.7 534.4 521.2 531.3 535.7 540.6 548.4 556.3 561.6 567.3 573.5 579.2 582.6 581.6 577.4 571.3 555.9 541.4
481.7 486.9 494.3 502.4 511 520.2 529.3 537.4 545.2 553 560.6 569.1 577.9 584.7 589.5 591.2 589.1 587.9 586.7 584.6 582.6 580.4 578.8 576.8 575.1 573 570.5 571.8 574.7 576.1 577.5 578.7 579.1 578.8 577.2 578.5 579.2 579.8 579.2 576.3 573.5 569.5 562.5 555.6 549.5 547.7 546.4 545.2 545.4 547.5 549.9 552.7 554.2 554.4 554.6 555.4 555.2 552.6 547.1 543.4 541.8 536.7 515.8 526 532 537.5 544.4 553.8 559.2 564.6 570 574.9 577.3 575.6 570.6 560.9 547.2 538
479.8 484 490.7 498.8 506.9 515 523.7 531.8 540.3 547.9 555.3 562.4 570.2 576.9 583.7 587.8 590 589.2 589.1 587.8 585.3 583.1 581.2 579.2 577.5 574.7 571.3 572.5 574.6 576.1 578 579.2 578.9 578.9 578.8 578.6 579.6 579.9 578.1 575 571.9 568 563.1 557.1 550.2 548.1 545.9 544.6 545.8 548.2 551.4 554.6 555.7 556 556.1 557.3 557.8 555.3 547.9 543.6 540.3 532.2 512.9 519.7 527.4 534.5 540.8 549.3 556.4 561.5 565.3 568.3 570.1 567 560 551.1 539.3 533.3
477 481.6 487.3 494.8 502.8 511.3 519.6 527.3 535.7 542.9 550.2 557.6 564.8 571.6 577.7 583.2 587 590.8 590.6 590.3 588 585.3 583.4 581.5 579 576.1 573.6 574.1 575.4 576.6 579.1 579.2 579.9 579.9 579.8 579.8 579.2 579.2 576.9 572 569.8 566.1 561.6 556 550.7 547.3 545 542.4 546.4 549.1 552.8 556.4 557.1 557.5 558 559.2 559.5 556 549 543.8 539.2 529.8 517.7 508.5 521.8 531.2 537.5 545 552.5 556 558.1 558.7 559 555.5 548.8 540.6 533 526.7
474.6 479.6 484.9 491.4 499.5 508.4 516.2 523.9 532.3 539.8 546.2 553.3 560.5 566.4 571.9 579.1 584.2 588.3 591.4 591.7 589.8 587.4 585.3 583.1 580.3 577.6 575.5 575.5 578 579.8 580.2 579.9 580.8 580.9 580.9 580.8 579.9 578.7 576.9 573 570.1 565.8 560.2 556.5 551.2 546.7 544 542.3 546.5 550.4 554.3 558.1 558.9 559.2 557.7 558.3 558.1 554.9 549.8 545.7 539.6 529.8 518.2 507.3 517.9 528.4 534 539.2 544.6 547.2 547.5 546.4 545.3 541.7 536.9 530.3 525.4 520.7
472.3 477.1 482.7 489.6 498.4 508.2 514.6 522.6 531.3 538.9 544.9 551 557.9 565.2 572.5 578.4 581.1 585.8 588.4 590.7 589 587.8 586.3 584.7 581.6 579.2 576.9 575.3 579.2 580.7 581 581.2 580.8 581.9 581.9 581.9 580.7 579.8 578.5 576.7 573.4 569.4 564 558.1 552.4 546.8 542.3 542.2 546.3 551.8 556.4 559.8 560.9 559.8 557.1 554.6 553.2 550.5 549.5 546.7 541.5 530.7 518.4 501.6 513.3 524.7 531.3 534.5 536.1 537.1 535.7 533.6 530.4 526.7 523.6 520.1 516.5 510.8
471 477.3 484.5 493.6 504.6 514.7 522.6 530.6 534.9 540 546 551.2 558.6 566 572.8 575.5 578.1 582.5 585.6 587.8 587.7 587.4 586.1 584.8 580.6 578.6 576.6 576 579.5 581.5 581.8 582 582.2 582.5 582.9 582.8 581.7 581 579.9 579.1 576.4 571.8 566.3 560.2 554.6 548.1 541.9 538.7 546.2 553 557 560.3 561.9 561.5 558.5 552.1 548.3 546.5 545.4 545.2 541.7 531.5 520.2 500.5 509.2 519.7 529.7 531.1 530.4 528.6 525 521.4 516.8 512.7 510.9 507.9 503.8 499.8
473.7 481.2 490.4 501.3 511.8 523.2 533.4 539.4 544.4 548.2 553.1 556.9 559.4 566.7 569.9 572.6 575.8 578.9 582.1 585 586.6 586.6 586.2 584.5 579.6 577.3 576.2 575.3 579.8 582.2 582.5 582.8 583 583.3 583.6 583.7 582.8 582 580.3 578.6 577.6 573.3 568.1 562.4 555.8 548.3 541.8 536.7 544.5 551.2 554.6 557.1 559.7 560.9 557.3 551 545.9 542.8 541.3 541.2 538.7 532 522.3 502.4 501.1 513.6 522.2 525.5 523.1 518.8 513.9 508.2 502.6 499.1 497.2 495.3 491.7 488
479.3 487.5 496.4 506.3 517 529 540.9 548.6 554.2 558.8 561.9 564.3 566.2 568.6 571 573.4 575.4 579 581.6 583.7 585.2 585 585.1 582.7 578.7 576.9 576.2 577.9 580.9 582.1 582.7 583.1 583.4 583.7 583.4 583 582.3 581 578.5 577.3 577.2 573.2 567.7 560.7 553 545.6 538.5 529.6 537.7 543 546.8 549.1 551.2 552.5 549.5 544.4 539.6 537.9 537.3 536.5 534 529.7 522.5 507.1 490.4 504.2 512.5 515.4 512.6 506.5 501 494.6 488.6 485 482.7 481.1 479.9 476.6
481.5 489.8 498.7 509.3 519.9 532.5 544.6 555.6 563 567.5 569.8 570.7 572.2 573.8 575.1 576.5 577.8 579.4 582.1 583.2 584.4 583.4 583.8 582 580.6 577.6 577.3 579.3 580.7 581.9 583 583.3 583.6 583.1 582.4 581.9 579.3 575.9 574.9 572.7 569.5 568.9 565.2 558 549.2 542.8 532.1 526.6 528 532.5 536.2 539.9 542.3 542.5 540.5 537.3 533.9 533.2 532.4 531.7 530 527 522.9 509.5 492.8 489 498.3 498.9 496.9 492.5 486 478.6 472.5 468.5 468.4 468.4 468.2 466
