data/280000-830000.asc
ncols 200
nrows 200
xllcorner 280000
yllcorner 830000
cellsize 50
[rows 105 to 139 of 200, columns 0 to 77 of 200]
484.7 482.8 479.7 478.5 477.2 475.4 474.7 473.6 472.2 468.6 465.1 461.6 458 453 446.5 438 429.9 416 415.1 399.7 396.1 383.3 400 397 391.9 376.4 371.3 367.1 366.2 361.4 354 342.9 324.5 344.6 349.2 354.6 363.2 369.5 369.2 369.9 370.2 369.3 362.2 348.7 331.9 310.3 293.2 290.9 277.9 283.7 303.2 302.8 291.6 273.1 254.4 248.9 250.6 251 253.2 268.6 299.3 329.8 361.3 391 417.1 441.6 453 456.2 457.2 452.6 472 481.5 484.7 488.7 492.6 496.9 501.6 504.6
485.5 482.7 478.4 474.8 471.3 468.5 467.5 464.8 462.7 460.8 458.2 456.2 453.5 447.8 438.7 431.5 424.4 420 404.4 406.2 402.1 390.7 401.5 397.6 392.4 378.6 373.1 366.8 362.1 356.7 346.7 329.3 328.9 322.9 331.1 338.3 351.5 356.9 356.3 357 356.3 349.8 343.5 325.3 302.7 293.6 292.9 288.8 283.1 298.6 304.6 303.1 292.8 274.7 261.1 249 250.5 251.9 253.7 273.8 300.4 328.9 358.9 384.8 405.8 426.7 444 452.4 455.3 459.7 468.6 477.3 483.8 488.6 492.1 495.9 500.2 504
476.2 472.7 470.7 467 464.4 461.3 458.9 457.1 455.5 453.7 452.7 451.7 449.5 443.1 434.2 426.5 416.1 407.1 406.5 406.8 399.9 399 400.7 399.1 394.3 381.7 371.9 363.6 355.4 339.5 342.4 346.3 342.8 332.6 319.1 312.6 336.9 342.7 341.6 340.5 336.6 325.9 310.9 297.9 295 294.1 291.3 286.6 300.1 308.4 318.5 305.8 293.2 276.3 268.3 249.5 249.7 251.7 256.5 271.4 298.8 328.5 356.6 377.4 395.2 415.9 435.6 446.4 451.1 456.7 464.4 472.9 480.2 485.8 490 494.4 498.8 502.2
470.2 467.9 465.4 463 460.1 456.4 455.6 453.8 452.1 450.4 448.9 446.7 442 436.4 430.1 429.9 417.7 412.1 411.4 408 398.5 404.2 404.1 401.9 397.5 385.5 372.8 364.2 349.7 345.2 344.7 340.9 336.9 327.5 317.6 311.7 306.8 324.8 324.1 317.5 312.5 312 299.6 296.1 295.7 293.8 288.6 309.4 318.5 330.2 330.2 310.7 295.9 279.1 273.6 252.2 250.3 251.6 257.6 270.4 299.5 327 351.8 372.6 387.4 404.6 423.8 436 446.9 455.2 463.8 470.1 475.7 481.5 486.6 491.6 496 499.2
466.5 464.7 461.7 459.2 456 451.3 450.4 448.3 448 446.1 444 441.1 437.5 434.6 434.7 423.2 415.6 414.9 411.4 405.3 400.1 407.2 407.8 404.7 398.1 388.8 373.3 365.3 351.1 344 339.2 333.1 328.5 325.2 314.5 306.9 306 304.1 301.5 299.8 296.4 296.1 293.9 290.4 288.5 300.4 312.4 328.6 344.5 358.6 338.1 317.8 300.6 283.9 276.4 259 249.3 251.5 252 264.7 297.3 326.5 353.7 368.5 381.6 394.9 413.5 428.7 441.5 452.9 461.9 467.4 471.9 476.5 480.7 485.6 490.6 495.4
459.6 458 454.9 452.8 449.2 445.8 444.6 443.3 442 439.7 437.7 437.5 436.3 435.6 427.9 418.1 414.5 407.7 406 403.4 405.8 412.9 411.8 405.9 398.2 388.2 375 364.3 350.8 343.5 336.3 326.3 314.2 309.6 306.1 305.4 305.1 305.3 308.2 311.4 298.1 295.7 302.2 305.6 312.6 327.1 340.7 358.4 372.9 373.9 352.7 331.5 309.2 289.5 277.7 263.9 250.8 250.3 251.4 260.1 286.2 321.6 345.5 361.9 374.8 387.3 403.5 419.1 437.3 450.2 458.6 464.1 467 469.9 473.8 479.5 485 490.2
449.8 449.8 448.1 446.1 443.7 441.1 439.5 437.8 434.9 433.6 434.7 434.9 433.5 431.2 424.1 415.5 409 413.2 414.4 413.1 412.2 416 413.5 407.2 399.9 388.9 376.2 364 352.1 343.4 334.6 320.4 308.3 320.6 316 305.6 306.3 306.2 313.2 317.9 317.1 314.7 324.5 333.1 347.1 360.6 377.4 392 396.3 385.8 370 345.6 316.8 295.1 280.7 266.7 253.2 250.8 251.2 256.9 279.9 312.3 335.9 350.2 366.9 380.1 396.2 414.3 431 445.9 454.6 458.1 459 461.4 465.5 473 479.2 485.8
442.8 442.9 442.7 440.7 437.9 436.1 433.4 430.8 429.6 430.7 431.5 432.1 432.6 430.3 417.3 416.3 420.1 418.7 417 416 416.4 417.9 412.6 407.8 399.7 388.6 374.3 365.9 352.6 340.5 328.9 313.2 315.2 315.2 306.4 306.3 305.4 310.7 328.3 337.2 341.7 343.3 352 361.4 380.4 397.8 407.8 418.4 411.1 397.4 377 350.6 329.3 300.9 278.6 271.2 263.3 251 251 254.8 278.3 306 324.6 339.2 355.7 373.7 391.1 410.3 423.2 435.2 443.4 449.9 450.9 451.5 457.4 464.6 472.2 479.5
437.3 437.5 437.5 435.8 433.3 431.3 429.7 429.8 429 428.3 427.6 425.3 424.9 421.6 421 425 423.7 421.1 418.8 417.7 418.1 420 415.5 407.9 398.8 386.5 374.1 364.5 349.5 337.1 322.7 307.1 313.6 306.5 307 307.3 307.3 320.3 341.5 355 365.1 369.9 380.5 393.7 407.3 420.6 425 424.1 413.2 403.9 381.1 355.6 326.5 301.1 279 274.8 271.5 264.3 251 254.5 274.9 293.7 312.4 332.1 349.2 365.1 380.8 396 413 421.1 428.1 434.7 434.9 440.1 447.3 454.8 463.3 471.5
430.8 432.2 432 430.7 429.5 428.9 428.2 428.9 428.9 428.1 427.1 425.8 425.4 425.5 426.7 427.2 425.5 422.9 421.1 420.2 422.4 423.5 415.9 408 398.9 384.3 371.7 361.5 344.9 334.4 317.6 306.2 306.7 306.9 307.4 309.4 312.9 328.3 349.6 363.5 376 388 399.3 407 416 423.4 425.6 421.3 413.6 404.2 385.3 358.5 328.3 300.9 278.2 276.1 275.2 272.7 252.7 256 262.7 273 292.9 320.7 338.7 355.1 368.5 380.8 396.2 404.8 411.3 416.5 420.8 427.9 437.3 445.5 453.8 463
425.6 429.9 429.7 428.3 425.7 423.8 427.1 427.9 428.9 432.3 432 429.7 430.7 430.2 428.4 428 427.4 424.8 423.8 423.1 423.8 422.1 414.6 406.8 396.7 381.4 368.4 354.1 342.7 326 306.8 306.2 306.6 307.1 308.1 310.9 318.6 337.9 359 370.4 381.1 396 403 409.7 417.3 419.3 418.5 415.2 409.9 402.6 386.9 356.9 325.9 299.9 279.7 277.8 276.9 272.8 254.6 252.1 273 301.2 314.1 311.5 313 331.6 353.6 369 382.4 390.3 396.6 405.5 412.1 419.8 430.4 442 451.8 461.3
421.5 426.2 428.7 424.4 421.3 423.1 426.5 429.9 432.5 434.2 434.1 431.9 431.5 430.8 430 428.9 428.3 427 425.9 424.4 423.5 420.1 411.7 401.4 388.2 374.7 363 347.8 329.9 316.8 307.3 305.2 305.5 306.8 308.6 314.7 329.4 350.4 367.8 374.1 387.4 397.8 406.1 410.4 412.8 412.9 412.4 408.6 401.9 393.8 377.3 348.5 317.7 291.5 278.9 278.2 277.4 272.7 255.7 254.6 269 305.1 333.9 343.2 345.2 348 341.2 353.7 371 382.2 390.7 402.7 410.9 424.5 434.8 444 453 462.9
419.3 419.1 420.9 418.1 421 425.4 427 431 434.7 434.7 434.2 432 431.4 430.6 429.9 429.7 429 428.3 427.5 425.9 422.2 416.3 405.8 392.8 380.7 366.8 354 340.4 329.1 313.3 304.9 304.1 304.6 305.5 314.1 326 338.8 358.9 372.7 381.2 393.2 398.9 403.9 407.4 409 407 403.8 399.7 395.2 387.4 367.6 339.1 312.3 290.2 279 278.5 277.6 272.7 251.1 257.2 275 311.6 339.9 351.5 361.4 367.9 366.6 377.3 389.3 395.8 401 406.7 415.5 426.1 437.2 446 454.8 464.4
412.3 414 414.8 418.5 422.4 424.4 427.3 432 435.1 435 433.8 432.4 431 430.8 431 429.7 428.5 428.6 427.3 423.3 418 408.9 396 384.4 366.2 353.6 343.3 333.5 322 308.6 304.5 303.3 303.4 305.3 320.2 335.4 351.4 364.9 374.7 388 396.7 401.6 403.5 403.1 403.4 399.8 395.7 390.4 386.1 377.9 356.1 329.8 307.2 293.2 279 278.1 277.4 269.9 251.1 258.4 284 313.7 340.6 355.2 368.1 375.4 378.3 386.7 396 403.7 407.7 412 420 429.6 439.1 448.1 457.3 466.1
409.9 411.3 412.2 416.1 419.2 423.6 427.8 432.1 435.2 435.6 434.6 431.3 430.4 431 430.9 429.6 428 427.5 424.6 418.5 410.3 398.6 385.4 368.5 348.6 355.7 345.9 329.8 314 304.6 302.7 303 302.8 306.9 322.7 344 358.4 368.2 379.3 392 403.2 403.6 402.8 402.6 400.2 393.7 388.2 383.3 376.7 368.6 343.4 321 302.2 292.1 281 277.6 277.3 260.8 251.1 261.6 290.8 316.4 340.3 356.4 369.9 381.6 387.8 393.3 402 409.3 414.1 418.2 424.7 433 442.2 450.7 459.1 466.8
408.8 409.9 410.9 411.8 416.4 422.4 427 430.8 432.6 433 432.1 428.2 428.5 430.7 430 427.9 427.1 423.8 417 407.4 397.1 381.9 367.7 351.1 364.8 357.1 345.5 328.5 315.3 303 300.6 300.5 302.8 311.1 330.5 352.6 362.6 374 386.1 395.2 402.2 403.3 401.8 400.5 394.9 390.4 382.9 374.6 367.8 356.7 334.7 314.5 300.2 289.3 284.1 279.3 268.6 252.7 251.2 268.4 298.6 319.8 340.6 358.2 369.9 386 395.6 401.6 408.1 415.1 419.2 423.9 429.3 437.5 445.2 452.7 460 467.4
406.9 409.1 410.3 411.1 412.9 421.1 427.9 429.8 431.2 430.9 430.3 424.2 424.1 427.1 428 424.3 421.3 415.3 405.9 395.7 381.4 363.1 360.8 365.1 362.1 350.2 338.2 324.1 312 298 297.3 298.7 305.4 318.5 338.8 358.4 370.5 380.8 389.8 401.3 405.6 404.9 400.2 395.6 390.4 384.7 377.2 367.8 355.4 342.7 323 308.2 296.9 291.2 286.6 280.6 261.8 251.5 255.5 277.7 309.3 328.7 345.3 358.4 373.8 387.7 398.2 406.1 413.6 421.5 424.5 428.9 434 440.7 447.5 454.2 461.4 467
405.1 408.2 409.6 410.9 413.4 419.3 423 426.9 427.8 426.2 424.2 421.4 421.6 424.6 424.1 418.9 412.3 401.4 390.5 373.8 365.7 370.4 360.4 361.4 352.1 339.8 326.9 314.4 303 293.5 295.5 301.1 313.6 330.9 349.5 362.4 373.2 382.5 394 403.9 406.3 402.1 396.5 391.2 385.7 378.4 369.5 359.4 343.7 330 315.6 304.7 296 291.6 282.7 268.6 252.9 251.4 264.4 284.3 311.1 325.8 343.2 359.2 377 390.7 400.9 408.7 417.1 423.6 427.7 431.6 435.9 443.2 449.7 456 461 466.4
403.7 407.8 409.1 409.4 412 416.4 420 421.4 421.6 419.5 418.6 418.4 418.3 417.9 414.8 411.1 404.2 390.3 370.6 369.7 371.6 364.1 358.5 350.3 340 327.1 314.6 302.8 293.5 293.5 296 301.1 317.5 338.9 355.4 364.3 375 387.1 396 404.8 407.3 399.3 394.3 389.8 384.3 372.3 362.5 351.5 332.5 323 311.3 302.5 295.3 283.4 270 255.4 252.1 252.1 282.6 309.8 319.6 320.1 343.1 359.3 377 393.6 403.3 411.9 420.2 426.2 429.5 433.2 438.3 444.6 451.5 456.1 460.1 465.6
401.4 406.2 408.5 408.2 409.5 414.2 416.9 417.8 417.1 415.2 413.8 414.9 414.3 412.3 408.5 405.1 394.4 374.6 371 372.8 365.6 358.5 351 338.2 325.7 311.4 304.3 294.2 293.5 295.9 303 305.1 322.7 347.4 360.1 366.6 377.4 390.1 398.1 405.2 404.3 396.3 390.1 383.9 376.2 366.4 355.2 341.8 329.2 316.7 305 296.7 284.2 269.4 257.1 253.4 251.6 265.7 293 313.9 329.6 322.1 342.6 359.3 377.4 394 406.1 416.5 425.4 429.6 431.9 435.7 440.7 445.9 451.4 454.6 458.5 464.6
397.6 402.8 407.4 407.7 408.1 412.1 414 414.8 413 409.4 408.5 409.2 405.8 402.3 396.7 392 377 370.5 369.2 364.2 358.3 345.7 336.3 324.2 311.1 308 299.8 293.5 295.1 296.4 306.4 316.5 334.9 353.5 364.2 373.3 384 393.1 402.3 401.6 397.9 392.9 385.3 375.9 367.3 355.1 342.8 331.2 323.1 312.1 299.3 285.9 271.7 261.6 255.9 252.3 255.2 283.4 303 320.1 334.5 328.6 345 361.3 377.7 394.4 411.3 423.4 431 434.5 435.4 437.6 441.9 446.6 449.5 453.6 457.1 463.7
395.4 399.2 403.3 405.6 406.7 409.1 411.7 409.3 408.6 408.6 408 406.6 404.4 399.3 380.3 377.1 378 371.3 365.1 356.3 342.3 333.1 319 315.4 308.4 302.6 295.1 292.5 295.7 301.9 314.1 326.5 343.9 355.9 365 372 379.5 386 391.9 394.4 389.9 384.5 377.9 368.6 357 345.4 332.5 323.5 311.3 298.1 284.1 270.6 260.7 256.8 252.9 252.1 275.5 299.8 313.7 329.1 341.4 337.2 348.4 362.1 377.6 395.9 410.4 425.5 435.2 439.3 439.3 440.6 441.8 445 447.5 450.9 455.2 460.1
393.9 397.3 400.5 404 404.3 406.3 407.3 407.3 406.8 408 408 405.8 402.8 398.3 388 387.1 375.7 368.4 361.6 352.7 332.5 328.2 315.8 309.9 303.5 295.4 291.6 291.9 298.6 310.7 324.7 334.9 347.2 356.2 363.3 368.5 373.5 378.1 380.8 382.7 380.7 374.9 369.3 358.9 345 332.6 317.4 306.3 293 279.8 265.7 258.8 255.1 252.6 252.6 267.4 293.4 313.4 320.7 331.4 343.9 351.1 352.7 366.8 381.8 399.7 414.5 428 438.4 439.8 440.2 439.9 440.9 441.9 445.2 448.2 452.4 456.6
391.7 394.2 397.5 397.6 399.6 404.8 405.9 405.3 405.2 404.7 403.7 402.6 401.5 400.8 392 379.9 371.3 365.5 358.8 343.9 334.3 318.4 310.7 306.8 297.6 292.3 289.7 291.9 304.4 323.7 332.3 339.6 345.9 352.4 358.2 362.9 367.4 368.3 370.9 369.7 367.9 364.5 353.9 344.1 326 309.9 297.2 287.1 273.9 264 257.2 253.1 253 255.4 266.6 282.4 306.2 329.5 332.1 327.7 342.4 352.5 357.2 368.5 384.5 402 419.2 432.3 440 440.7 439.2 438.8 438.6 439 441.6 445.2 449.3 452.9
389.3 390.8 393 392.6 394 397.2 401.4 402.1 402.8 402.6 401.4 401.5 401.2 394.4 384.6 372.5 364.9 359.9 348.3 333.7 319.2 313.5 307.5 301 293.1 288.7 288.7 297.8 312.9 326.8 331.9 336.5 342.8 348.4 351.4 353.5 357.6 360.2 359.9 358.2 354.5 349.3 336.6 321.7 305.1 289.5 277.6 268.1 260.3 254.6 253.1 253.2 261.9 271.2 283.6 297.4 317.5 333.5 340.1 344.5 342.8 361.6 363.5 373.6 387.8 404.6 420.1 435.7 439.7 440.7 439.3 438.2 435.6 435.6 437.3 440.4 444.1 447.8
376.1 381.9 384.6 387.5 388.7 389.2 393.8 397.5 398.5 397 393.5 392.5 388.8 383.9 374 368.5 357.1 348.2 333.6 323.4 317.2 307 300.7 294 288.7 287.8 290.9 302.3 319.4 329.4 330.7 334.7 339 341.4 343.2 344.3 346.9 347.4 347.4 346.3 339.7 331.4 320.7 294.4 283.3 272.6 264.6 258 253.2 253.2 258.9 267.6 277.8 288.6 302.3 315.2 330.6 340.4 350.3 356.4 351.6 369.6 371.6 377.4 390.3 402.2 425.5 434.7 438.3 440 436.6 434.6 432.3 431.5 431.6 434.3 439 442.2
373.6 375.8 378.1 381.2 383.4 386.5 386.8 389.3 392.7 390 389.1 387.9 385.6 378 373.5 368.3 359.1 342.9 334.6 323.3 311.1 304 295.5 289.6 287 287.9 292.6 307.7 321.3 328.5 328.5 328.9 330.7 332.3 333.8 334.1 334.6 333.8 332.9 330 319.8 309.2 294.4 281.9 272.4 264.2 256.4 253.5 257.5 263.3 271.8 283.4 294.3 303.3 315.8 329.4 340.3 348 359.1 360.6 361.3 379.1 374.6 381.5 392.8 403.5 420.7 432.5 434.5 434.7 433.1 430.8 428.4 426 425.7 427.8 432.4 436.8
377.5 378.8 381.4 384.1 383.4 386.1 393.1 391 390.1 390 390.6 393.9 390.4 385.6 378.3 369.8 359.3 346.6 332 316.5 304.9 300.3 293.7 289 287.5 288.9 295.3 310.7 319.5 325.4 327.6 326 325.7 326.2 324.9 320.7 317.6 312.2 314.1 311.2 298.9 285.8 277 269.5 264.3 255.1 253.7 259.3 273.1 280.7 285 294.5 303.9 314.9 326.3 337 347.8 356 365.9 368.7 364.6 376.3 383.9 386.7 394.2 404.6 417 427 428 428.7 428.5 426.8 424.5 422.1 420.6 421.6 426.9 430.4
382.8 385.2 385.7 388.1 388.5 398.6 402 400.8 390.7 390.5 394.5 395.6 390.6 383.4 377.2 366.5 357 344.3 326.8 311.9 305.9 301.5 293.6 291.1 289.3 284.8 296.2 311.3 315.9 319.9 320.9 316.2 316.8 310.1 304.7 300.9 296.7 291.2 294.7 289.8 278.9 272.9 268.5 261.7 253.7 253.8 261.2 268.1 284.5 293.2 298.1 303.2 313.1 325.6 335.7 345.4 355.9 369.4 376.7 384.1 388.9 392.6 395.1 395.9 399.2 404.7 415.5 420.6 421.4 422.8 423.2 422 419.6 417 414.9 416.5 419.8 423.7
387.2 389.4 389.4 387.8 389.4 396.4 399.2 396.1 392.9 398.5 398 397.8 391.3 381.8 372.4 361.7 350.8 339.7 321.6 309.7 307.7 301.6 295.8 291.7 281 288.8 299.8 309 312.8 314.1 313.5 309 297.2 288.6 282.2 278.5 274 275.8 273.2 272.8 269.6 264.1 259.5 254 255.6 259.3 270.4 279.2 291.3 299.5 307.7 315.1 323.5 333.9 345.3 355.9 366 375.3 386.5 391.4 396.4 399.3 401.4 400.1 400.7 404.7 413.3 415.6 415.7 414.7 414.4 414.6 412.8 409.9 408.3 409.9 413 416
384.8 386.1 388.3 387.8 389 396.9 394.7 393.4 401.3 402.7 400.2 395.1 385.7 376.3 367.7 357 345.1 331.4 321.8 311.2 305.6 303 295.2 288.3 278.6 286.5 295.3 303.9 308.8 305.8 301.8 289.7 278.5 273.2 271.9 270.3 269.3 268.2 267.1 265.2 262.1 257.7 254.3 256.5 259.2 274.5 285.3 292.9 299.3 308.5 318.2 327.5 335.3 346.8 357.1 366.7 376 384.8 394.5 399.8 403.1 404.3 403.6 400.7 400.1 403.8 408.1 410.2 409.2 407.5 406.9 407.3 405.8 402.4 401.9 403.3 406.4 409.5
381.9 381.6 384 385.4 388.1 389.3 392.7 396.3 403.6 402 397.5 389.7 380.2 373.1 358.8 347.8 338.3 330.1 321.6 309 305.5 301.3 289.4 284.1 275.8 282.6 288.5 292.5 298 294.2 286.1 273.5 269.2 268.7 268.4 268 267.6 266.6 263.8 260.7 258.2 254.2 257 262.9 273.1 282.8 292.4 301.8 309.4 317.1 329.4 338 347.5 357.6 366.5 375.7 383.7 393.5 401.5 406.9 409.3 410.1 407.7 403 399.8 402.5 402.4 403 402.1 401.6 400.1 400.8 399.2 394.3 394.2 397 400 402.5
376.9 376.2 379.8 384.4 386.7 388.2 392.3 398.1 402.3 398.7 392.6 384.4 375.6 370.3 358.2 348.8 338.9 327.2 315.5 308.4 305.7 300 290.4 284.1 281.1 268.3 278.1 279.9 278.8 276.3 269.3 267.7 267.2 267.9 267.8 267.3 266.6 262.2 260.8 257.9 254.7 259.5 266.7 278.6 287.4 293.8 298.6 311.1 320.5 329.4 339.9 350.5 359 367.2 376.5 385.9 392 401.3 407.8 413.1 415.8 413.9 411.4 407.2 401.8 398.5 396.2 395.3 395.8 395.2 394.8 394.9 392.1 387.5 386 389 392 394.1
371.4 372.3 376.7 380.7 382.6 386.4 391.2 394.6 394.8 391.3 386.9 377.2 375.4 366.1 353.5 345 333.4 322.6 312.5 305.9 303.3 297.5 289.8 283.8 275.3 268.1 266.2 267.6 267.1 267.7 264.9 263.1 264.9 267.4 267.2 267.4 261.7 260 258.3 255.6 260.2 273.2 284.2 293.8 303.4 308.5 313.8 324.3 336.9 345.4 351.5 363.2 371.6 379.2 387.5 395.5 401.7 408.4 415.8 419.9 419.7 417.9 414.4 409.7 403.3 395.6 391.5 389.2 391.7 389 389 388.1 385.4 381.2 380.3 381.9 384.2 385.1
367.4 370.1 374.4 378.1 381.4 384.9 386.2 385.4 383.1 382.4 378.1 373.7 369.8 361.9 351.1 339.5 328.7 318 309.1 301.8 301.3 300.1 294.5 287.4 273.1 268.1 265.4 264.3 263.7 263.3 261.4 261.4 260.4 261.4 267.6 262.4 260 258.6 255.8 262 273.5 288.1 300 309.5 318.6 324.6 329.4 337.5 348.5 358.4 368.2 374.6 384 390.2 397.1 403.2 409.3 415.8 420.6 423.4 424.1 422.9 416.1 409.2 401.7 393 387.3 384.8 382.9 382.7 384.4 382.9 380.3 377.5 375.6 375.7 371.9 373.4
