data/280000-580000.asc
ncols 200
nrows 200
xllcorner 280000
yllcorner 580000
cellsize 50
[rows 72 to 107 of 200, columns 0 to 80 of 200]
312.1 310.2 308.6 310.2 311.6 313.2 313.8 312.8 311.7 310 307.6 305.3 303.2 301 298.8 295.7 291.7 287 280.6 272.9 266.2 258 249.8 240.6 234.8 228 223 217 209.8 206 203.4 200.8 199.4 197 194.2 191.4 188.9 186.1 185.2 183.8 181.9 178.8 175.7 172.1 170.5 170.3 171.2 170 170.3 171.5 174.2 177.8 179.6 180.2 182.6 183.7 185.7 187.7 187.8 187.2 188.6 188.7 187.4 186.1 186.2 190.7 190.9 191.2 191.9 192.2 191.9 191.6 192.5 190.7 189.3 184.9 181 177 172.8 168.9 163.6
307.5 304.7 304.8 306.7 308.1 309.1 308.6 307.8 307.6 307 305.4 303.7 301.8 300.1 298.1 295.6 291.5 287.4 282.1 276.3 270.1 262.1 255.7 247.3 241.1 233.3 226.2 218.9 216.8 213.7 209.6 207.1 205 201.3 197.2 193.6 189.9 187.3 186.5 185.7 183.8 180.2 177.9 174.3 170 168 168.7 168.9 169.2 170.6 172.7 175.3 177.7 177.4 178.3 178.7 179.6 181.6 181.9 182.7 184.4 185.7 186.3 185.6 185 185.6 187.8 189.4 190.8 191.3 191 192.7 194.8 195.9 193 187.7 183 179.6 175.7 170.4 166.5
302.8 300.3 301.9 303.3 303.8 304.2 303.4 302.3 301.5 301.4 302.4 301 299.1 297.2 294.9 292.5 288.9 285.5 282 277.4 272.6 266.1 260.2 252.8 243.2 235.9 233.1 231.4 227.8 223.1 217.6 213.7 210.9 206.7 202.5 196.8 191.7 188.9 187.2 185.9 183.5 181.6 180.2 177.2 173.6 168.9 165.8 166.9 167.6 168.2 171.7 173.3 174.3 173.9 173.5 174.6 174.4 176.9 176.6 177.1 179.7 181.4 182.6 183.1 183.2 184.3 185.7 186.8 188 190.4 191.4 192.5 194.1 194.3 192.1 188.7 185.8 183.2 180.1 174.9 171.7
299.9 295.4 296.8 298.6 299.7 299.5 298.2 297.2 295.7 297.8 299 297.4 295.5 292.6 289.6 286.7 284.2 282 279.8 277.6 274.2 267.8 262.5 255.6 247 242.7 240.1 237.4 236 229.5 223.9 219.6 216.3 212.7 206.5 199.5 195.2 192 189.4 185.5 183 181.4 181.1 180.5 177.6 172.1 167.2 165 166.4 165.8 165.9 169.5 170 169.5 169.3 169.1 169.6 171.6 172.9 173.1 175.3 177 178.8 179.7 181.5 183.7 184.8 185.9 187.1 187.9 189.7 191.6 193.6 194.6 192.7 193.8 192.8 188.6 184.4 179 176.1
295.9 290.8 292.1 292 293.3 294.1 292.5 292.7 292.6 292.8 293.9 292.8 291.1 287 284.3 282.7 280.1 278.9 278.8 277.6 273.8 268.7 260.4 254.1 248.6 246.6 244.4 240.6 238 233.6 227.1 223.5 218.8 213.3 206.7 201.7 198 194.6 190.3 186.5 183.3 180.4 178.5 179.7 180.6 175 170.2 166.3 164.1 162.7 162.4 164.5 166 166.2 168.4 166.6 166.6 166.9 168.5 169 170.2 171.9 174.9 175.2 178.2 180.8 182.9 184.8 185.9 186.8 187 189.8 192.8 195.6 194.6 196.5 196.3 192.9 188.1 182.8 177.5
290.6 288.8 288.9 288.8 287.9 287.6 286.2 287.4 287.5 286.9 286.1 284.6 283.7 282.2 281.9 282 280.8 280.4 279.5 279.8 277.4 272.1 265.4 260.5 258.6 256.1 251.4 246.9 241.3 235.6 233.3 225.7 219.5 212.6 208.4 204 199.8 195.7 191.3 187.5 183.7 179.7 176.1 174.5 175.6 174.2 172.3 168.3 164.1 161.7 158.4 158.8 161.3 164.2 166.4 165.6 165.5 165 164 164 165.9 167.5 169.8 169.2 173.7 177 179.5 181.4 183.1 184.9 187 187.8 190.1 193.5 194.6 193.2 196.4 193.9 188.3 183 177.2
288.4 286 285.5 284.2 281.5 280.6 279.4 280.8 280.9 279.6 278.5 277.2 277 276.1 278.3 280.4 279.9 279.5 281.1 284.6 282 276.3 270.2 270 271.2 268.1 260.6 254.6 247.7 243.6 236.7 227.9 219.6 215.6 210.2 205 200.3 196.8 192.4 188.1 183.9 179.9 175.7 173.7 172.7 171.4 170.4 167.8 165 162.2 158.7 155.4 156.4 159.5 160.8 163.3 163.7 162.9 162.8 161.3 160.7 162.7 163.5 167.2 168.6 172 175.4 177.7 180.6 183.2 185.5 187.9 187.3 190.4 194.4 194.9 192 189.3 185.7 182.5 176.7
283.8 280 280.4 279.6 277 275.5 272.6 273.8 273 271.4 270.7 270.6 270.6 270.8 273 275.6 277.4 279.7 283.4 287.3 287 280.3 277.6 277.8 278.1 274.6 268.9 259.9 252.9 249.6 241.1 227.1 224 218.3 210.7 204.2 200.3 195 191.5 187.6 183.9 178.6 175.1 173.3 171.9 169.6 167.2 165.9 163.3 161.4 159.4 156.8 153.6 154.3 155.7 158 160.3 161.7 162 161.8 160.2 158.4 160.1 161.2 163.3 167.2 170.8 173 176.1 179.6 183.5 185.8 187.5 187.7 192.2 193.3 191.6 188.9 186.5 182 176.2
277 274.7 274 273.1 272 271.2 268.7 267.1 265.9 264 263.4 263.3 263.2 264.4 266.7 271.9 274.4 277.1 281.3 284.3 284 282 281.5 281.6 281.3 278.3 273.6 265.9 259.2 247.9 236.7 233.6 228.9 223.4 213.7 206 201 196.8 192 186.6 181.2 176.1 173.7 172.1 170.9 169.2 166.8 164.3 162.1 160.2 159.3 156.5 152.1 150.6 151.7 153.9 156.3 159.4 160.2 159.7 159.4 158.2 156.2 156.3 158.2 161.3 165.3 169.1 171.6 176.4 180.6 181.9 184.7 186.3 187.3 188.8 190 187.5 185.1 181.6 176.1
269.8 269.5 268.8 267.6 266 264.8 263.2 260.6 259 258.3 258.2 257.2 256.5 258 261.6 266.5 270.6 273.4 277.7 281 279.5 283.7 284 282.4 281 278.1 273.7 267.9 259.8 249.3 243.9 236.4 230 221.5 214.5 209.8 203.9 198.6 191.7 186.7 182.4 174.1 171.4 170.8 169.2 168.9 166.6 164.5 162.4 160.7 160.1 156.9 153.3 149.6 148.3 149.6 150.5 152.9 155.4 156.8 157.5 157.5 157.3 155.6 154 154.7 159 164.2 168.9 171.7 175.6 179.1 180 182.8 187 184.2 186.1 186.5 183.7 179.3 168.3
263.5 263.4 263 261 260.2 258.9 256.8 252.2 251 252.8 253.7 252.4 252 252.5 256 259.8 264.1 270 274.4 276.7 279 284.7 282.1 279.4 277.6 276 271.7 265.1 259.1 253.4 247 239.2 233 224.7 217.1 211.8 203.6 199.4 193.6 188.7 184.9 181 175.1 167.5 166.8 166.9 166 164.2 162.5 161.4 161 160.4 156.9 152.8 148 143.6 144.9 147.6 151.8 153.7 155 155.1 155.3 155 154.9 152.4 153.6 157.7 160.5 167.7 169.3 174.3 175.5 178.3 181.9 183.3 180.3 179.2 176.3 173.7 173.4
258.2 257.8 256.6 254.8 254.2 253.1 250.9 247.5 246.8 248.3 249 248.2 247.9 247.6 250 253.3 256.8 263.2 268.1 273.1 275.9 278 278.1 277.7 275.1 275.3 269.3 262.1 258.2 253 247.6 241.5 235.4 228.5 222.4 213.4 203.8 199.5 196.9 192.8 187.4 184.7 178.7 172.5 166.8 162.6 162.6 162.1 160.5 159.6 160.4 160.9 160 156.1 150.6 146 141.4 139.9 143.2 146.7 151.1 152.1 152.5 152.9 153.3 152.1 150.4 151.3 154.7 160.9 164.7 166.7 167.7 172 173.4 174.4 175.3 174.9 173.3 172.1 169.8
251.1 253.4 251.4 249.3 248.3 246.6 245.5 246.7 244.6 244.1 244.2 243.6 243.4 243.1 243.1 245.6 250.3 258.4 265 270.4 271.6 271.1 271.6 273.1 273.5 268.7 266.2 262.2 258.2 252.4 248.4 241.6 236.4 231 225.1 217.4 209.2 203 197.7 192.7 187.9 185 179.3 173.6 170.1 165.7 159.3 157.6 156.9 156.8 157.4 158.6 158.3 155.9 152.1 148.1 143.7 140.1 135.7 138.4 143.3 147 148.8 152 151.5 150.6 149.1 147.5 151.3 155.4 157.8 159.9 159.7 160.3 163.3 165 168.4 169.5 169.1 169.5 165.3
243.9 246.3 246.2 243.9 240.5 238.5 239 242.6 243.1 241.6 239.8 238.3 236.9 236.6 235.5 237.4 246.4 254.9 259.8 265.8 264.7 264.6 265.7 267.2 266.7 264.1 265.2 263 259.3 255.1 249.7 244.1 238 232.9 227.2 219.5 212.9 207.3 200.8 194.7 188.9 185.3 179.8 174.7 171 167.2 163.1 156.4 152.3 152.5 153.7 153.2 153.6 153.1 151.6 148.9 144.1 141 137.3 132.7 134.2 137.6 141.4 144.6 147.2 149.1 147.4 145.8 145 146.7 148.4 151.1 149.6 156.4 159.8 160.7 163.7 164.4 163 161.4 162
239.9 240.8 239.8 238.3 234.7 233.5 236.5 241.9 239.7 237.7 235.9 233.7 232.8 231.6 229.8 237 244.8 250.7 252.8 257.6 262 260.3 259.3 259.2 259.8 260.2 261.2 261.7 259 253.9 250.5 245.5 240.3 234.6 229.5 221.8 217.4 210 203.3 196.6 191 186.9 180.5 174.3 170.3 165.4 162.5 158.3 154.5 151.8 149.5 147.4 148.2 148.9 148.6 147.1 143.3 139.8 136.8 133.7 130.2 132.3 134.9 138.2 141.3 141.8 144.5 143.6 143.2 140.7 140.2 142.2 148.2 149.9 154.3 155.7 158.9 158.1 156.5 156.9 154.9
235.1 233.8 233.2 232.2 231.1 231.7 235.5 240 236.9 234.8 233 231.7 229.7 228.2 228.5 235.3 241.8 245.2 245.8 250.6 255.4 257.3 255.7 254 252.8 253.8 256.1 260.5 256.4 253.1 248.7 244.8 241 236.8 231.6 226.1 220.5 213.8 205.7 198.3 193.8 188.1 181.9 176.4 171.1 167.7 162.1 157.9 154.1 152 150.3 148.1 145.9 144 142.2 141.6 140.9 138.6 135.4 133 131.1 128.6 130.2 131.3 136.4 135.4 137.5 139.3 138.6 135.3 135.8 141.1 139.6 142.2 143 149.8 151.7 153.3 153 151.1 150.1
230.4 229 227.1 225.9 226.4 228.9 233.7 230 231.3 231.8 230.1 228.4 227.2 226.3 225.1 230.3 236.4 239.2 239.4 242.1 245.5 247 248.2 247.4 246.1 245.9 246.4 249.6 250.6 248.9 248.3 246.2 242.1 237.5 232.7 228.4 222.3 215.9 207.8 200.9 193.9 189.1 182.5 176.6 172.7 168.1 161.6 158.2 154.8 151.3 149.4 148 146.6 143.9 142.1 140.4 137.1 135.4 134.1 131.9 130.1 126.3 125.4 125.1 127.2 127.1 129.9 132.1 131.1 133.2 132.6 135.1 135.4 137.4 140.6 141.4 143.7 146 146.4 145.2 146.6
226.5 224.8 223.1 221.6 220.6 220.8 223 225.1 225.3 225.5 224.5 223 222.3 221.7 220.4 223.8 229.1 231.2 233.5 234.9 236 237 238.6 239.7 239.2 238.3 238.2 238.6 241.2 242.2 242.3 240.7 239.1 236.9 234 228.1 223.1 217.7 211.3 203.9 196 188.7 182.8 178.2 172.1 166.1 164.8 163.9 158.6 154.5 152 149.7 147.1 144.3 143 140.9 136.8 134.3 132.2 130 129.4 127.5 125.2 122.9 120.1 119.8 121.3 122.6 125.4 128.7 133.2 132.3 131.5 133.1 135.2 138.3 138 139.3 139.9 139.7 140.1
225.2 222.3 219.9 218.2 218.5 219.7 218.5 219.4 219.1 219.3 218.6 216.8 217 215.9 216.3 218.7 220.8 223 226.2 227.8 228.1 227.8 228.3 230.7 232.5 231.9 231.9 233.8 235.7 236.7 236.4 235.3 233.8 232.1 230 225.5 221.8 217.1 211.2 204.3 196.6 189.4 184.3 179.3 173 167.5 164.1 163.4 161 157.8 154.8 152.4 149.7 146.7 143.7 141 137.5 134.1 130.5 128.4 126.3 128.2 125.7 120.2 119 118.2 117.5 119.3 121.7 123.2 125.7 127.6 128.8 127.3 128.4 130.3 133.5 134.1 136.5 135.7 134.6
222.1 219.5 217.8 216 214.9 215.6 215.1 214.7 214.6 215.1 213.8 212.1 211.8 210.9 212.3 213.6 214.9 217 219 219.9 219.1 220 221.7 223.7 226 225.8 225.7 228.5 230.5 231.3 230.5 229.4 228.4 226.1 223.4 220.4 217.5 213.6 208.9 203.7 197.1 192.3 185.9 179.6 173.4 167.8 164 162.4 161.2 160 155.5 153.7 150.3 147.3 144.2 141 137.2 133.7 131.9 128.5 125.2 122 122.5 119.3 118.2 117.4 116 114.9 116.6 119.5 118.3 119.2 121.5 125.9 127.2 125.6 129 128.9 130.9 130.8 131.1
225.6 220.3 216.5 214.4 212.7 212.5 212.7 213.1 212.5 211.6 209.4 208.7 207.9 207.1 208.7 208.9 209.4 211.2 211.2 212.8 210.6 211.7 215 216.9 218.4 218.5 219.8 223.1 225.4 225 224.1 223.3 221.2 218.5 215.8 213.4 211.1 208 204 199.7 196 190.6 184.9 178.6 173 167.9 163.9 161.5 159.2 156.5 155.3 151.6 148.7 146.9 143.2 139.4 137 134.7 132.8 130.3 126.2 121.8 119.2 118.4 117.5 116.3 114.6 113.5 113.5 115.2 116.3 116.4 116.7 121.3 122.7 123.9 123.8 123.9 125.1 125.5 127.7
228.7 223.8 218.4 213.6 211.6 211.1 211 210.3 209.6 207.7 206 205.3 204.2 204 203.9 205.4 205.5 206 205.7 207.1 207.2 206.9 207.6 210.7 211.9 215 217.1 218.9 219.6 217.6 216.9 215 212.9 210.4 207.8 205.9 203.5 200.7 197.1 193.6 190.1 185.2 181 176.8 172.4 165.9 160.5 156.8 154.7 151.6 150 146.1 144.7 142 140.3 139.5 138.6 136 133.3 130.1 125.7 122.4 120.4 118.6 115 114.3 112.4 111.3 111.3 111.3 111.3 110.6 111.9 114.8 116.8 121.4 120.9 121.6 122.9 122.1 123.8
230.6 226.9 219.2 215.5 211.5 209.6 208.6 207.3 205.7 205.3 203.7 202.7 202.1 202.1 202.2 201.6 200.2 200.1 200.7 202 203.7 203.6 202.9 204.5 206.5 210.1 211.6 212.2 211.4 208.6 208.6 206.3 204.1 201.2 198.2 197 194.8 191.9 189.4 186.4 183.9 179.9 176 171.6 168.6 163.5 159.9 155.8 151 146.8 145.5 143.4 140.1 143 141 137.6 136.7 134.3 130.9 127.8 125.2 123.4 121.8 119.3 117.4 114.6 112.6 110.6 109.7 109.4 109 108.9 108.5 109.5 114.1 117.9 118 118 118.8 119.4 119.6
231.4 225.8 220.4 215.8 212.6 209.2 207.5 205.5 203 202.1 200.7 201.1 200.8 200.8 200.4 198.4 195.9 195 197.5 197.9 198 198.2 198.4 199.1 199.7 203.2 205 205.9 204.9 199.3 199.5 198.5 196 191.1 188.9 187.7 185.7 183.2 180.8 178.5 176.2 173.3 170.2 166.9 163.6 158.8 154.3 150 146.6 143.8 141.6 137.4 137.6 140.5 137.4 135.2 132.6 131 128.7 127.6 125.5 124.4 122.2 119.5 117.4 114.7 111.6 110.6 109.1 107.8 107.6 107.7 106.2 106.6 110.4 111.4 113.9 114.9 115.2 115.8 118
236 233.2 228.6 222.5 216.1 210.8 208.2 205.7 202.6 201.4 200.3 199.7 199 198.1 199 196.7 193.7 189.6 189.6 191 192.3 190.9 190.8 191.5 192.8 194.3 197 197 193.6 189.3 190.4 190.2 186.9 182 180.1 180 177.9 172.7 171.7 171.1 169 165.8 163.1 160.8 157.8 153.8 149.2 143.8 140.5 139.3 135.3 134 135.9 136 135.9 138.6 130.9 132 131.4 126.6 123.4 121.5 120.6 117.7 115.4 112.9 111.1 109.5 110 107.9 105.7 104.8 105.6 105.5 106.3 107 109 111.5 113.8 114 114.9
241.1 235.2 233.2 230.4 222.5 214.8 210.4 206.7 203.6 202.6 201.5 199.3 195 189.1 191.6 192 192.1 190.4 185.8 182.1 183.8 184.5 183.9 184 185.5 186 186.6 186.4 183.4 180.9 181.3 179.6 176.1 173.4 171.6 171 168.2 160.8 159.6 162.6 161.6 158.3 153.9 149.3 148.9 146.3 141.1 139.3 138.7 133.8 132 131 131 132.6 131.7 131.6 134.4 133.7 130.3 128.6 126.3 124 121.1 118.5 116.6 114.4 112.3 109.3 107.7 107.5 105.9 103.7 109.2 106.5 103.4 105.2 107.2 109.8 111.3 113.5 111.6
243.2 240.5 237.4 234.8 230.9 221.4 214.3 209 204.8 203.9 201.3 198.8 196.1 191 184.3 184.2 183.4 185.4 185 179.6 176.6 177.6 176.7 178.2 178.2 176.8 176 173.8 171.9 171.1 170.8 168 163.9 162.4 162.1 161.1 157.4 152.1 151.9 151.7 150.3 148.7 143.9 142.6 139.2 139.1 135 130.8 129.9 129.1 130.8 131.2 130.1 128.4 130.2 136.7 136.7 133.3 134.4 131.1 126.6 124.5 122.6 120.1 116.7 114.1 111.6 109.5 107.8 106 104.7 103.6 109.2 111.7 106.1 101.7 104.5 107.3 114 112.8 110.9
244 244.8 248 244.3 237.6 228.7 220.8 212.9 208.1 204.5 200.7 197.1 194.2 189.7 186.4 181.5 175 177.5 178.9 177.8 171.4 170.6 167.4 170.8 168.8 166.6 165.7 161.9 158.6 157 158.1 155.9 153.6 149.9 148.8 151 147.5 147.6 142.4 139.9 140 138.4 136.8 135.1 132.4 129.6 128.6 125.8 124.4 124.5 126.4 127.6 128.4 127.8 129.4 134.7 134.5 136.8 138.2 132.2 130.9 128.3 125.6 122.2 118.6 115.9 112.5 110.1 109 106.6 104.7 100.8 103.4 106 104.9 104.9 99.7 101 108.4 112 111.6
248.2 252.6 256.2 252.3 243.6 235 227.4 218.7 212.1 207.3 202 196.6 192.3 185.5 181.5 178.7 174.7 169.8 169.9 170.2 167.1 161.2 158.2 160.9 160.1 157.6 155.2 151 147.2 145.6 146 144.5 139.4 138.2 137.6 137.4 137.2 137.2 133.5 134.9 133.4 130.5 129.2 128.5 125.8 124.3 122.4 121 121.8 120.3 122.7 123.8 124.7 124.6 128.1 134.5 133.3 134.6 135.8 133.7 131.7 131.2 127.8 125.2 121 115.8 112.3 110.5 108.7 106.3 104.2 101 99.6 100.5 101 105.2 103.8 98.9 100.5 105.7 109.3
248.6 253.2 257 255 245.3 239.1 232.4 222.9 215.5 210.2 204.4 197 190.8 184.2 178.7 174.5 168.3 164.9 162.4 162.1 159.3 155.3 152.1 154.9 154.2 151.3 148.6 145.2 141.3 138.1 136.1 133.2 129.6 128.6 126.2 124.1 124.5 124.2 125 128.6 125.1 123 121 122.2 121.4 120 116.9 117.2 115.4 115.9 115.8 116 117.5 119.5 124.9 123.6 123 127.4 133.7 137 131.6 130.3 128.3 126.2 121.9 117.2 117.1 110.9 108.2 105.8 103.7 101.3 99.9 98.6 97.8 99.3 103.2 99.2 96.8 99.9 104.9
245.8 248 247.6 244.7 242.5 237.2 231.9 224.5 215.7 209.9 204.3 195.9 189.6 182.6 176.2 170.3 163.5 158.4 154 155 156.1 153.9 147.6 149.9 148.7 145.9 142.3 138.6 135.8 132.4 130.4 126.4 122.6 122.4 118 116.2 116.2 116.1 116.3 117.3 115.8 114.6 116.2 112.8 113.9 114.1 112.9 111.8 112.4 111.3 110.2 109.4 112.3 114.5 114.4 114.3 115.2 120.3 127.4 126.9 124.5 125.7 125 122.9 121.7 120.4 116.1 116.9 112.5 106 102.4 101.1 99.5 98 97.4 96.5 95.9 95.7 94.9 98.8 98.2
240.9 241 240.6 239.4 236.3 231.7 227.1 220.2 214.3 209 200.9 193.9 187.7 181.4 174.7 169.1 162.2 156.2 151.4 145.1 146.3 143.5 144.2 143.9 141.9 139.1 135.4 133 128.8 124.6 123 121 116.7 119 112.5 110.3 110.7 107.9 107.8 109.6 115.7 113.4 111.4 109.9 108.5 109.7 111.7 111.5 108.3 107.4 106.8 106.5 105.8 105.4 105.3 108.3 110.7 115 118.7 117.1 118.2 120.2 118.2 119.1 119 117.5 115.7 114 111.9 110.8 107.8 98.9 98.2 97.5 96.7 94.8 94.4 93.9 93.4 96 99.3
236.1 235.3 234.9 233.8 231.2 227.3 223 217.1 212.6 206.1 199.1 191.1 185.8 179.5 173.6 166.9 160.8 156.6 151 144.6 140.2 134.7 131 130.5 129.9 127.5 125.9 124.9 122.3 120 117.9 117.5 113.6 111.7 108.6 107.7 107.1 106.4 105.6 104.8 105.5 107.5 110.1 106.1 105.9 106.3 105.3 107.4 106.7 103.4 105.7 102.5 102.1 101.4 100.5 101.9 106.1 108 109.1 109.8 111.2 111 111.4 114.4 113.6 113.6 113.3 113.1 111 109.4 107.5 107.4 101.5 95.6 94.9 93.2 92.9 93 92.3 91 97.9
230.6 229.8 227.2 226.6 224.7 222.9 221.2 216.5 210.4 204 195.7 189 183.1 177.7 172.6 166.1 161.7 157.6 153.7 147.3 142.9 142.5 139.7 129.3 123.5 120.6 118 117.9 116.4 114.4 113.7 111.8 110.8 109.8 108.6 107.9 107.1 106.4 105.7 104.8 104 103.4 104.6 103.3 102.1 101.7 101.7 101.4 101.8 100.6 101 100.9 99.7 99.2 99 98.4 101.4 104.2 102.3 101.7 102.1 104.1 106.3 107.2 111.4 109.9 110.4 111.7 111 109.5 107.9 107.3 104.8 101.5 96.3 91.3 92.1 92 91.4 89.9 89.5
225.7 224.2 221.9 222.1 222.7 222.9 221.9 216.6 211.2 205.6 198.2 189.4 183.9 177.2 173.2 165.9 162.4 157.4 152.5 145.5 140.2 137.8 134.7 130.5 127 122.3 119.2 116.6 114.9 113.8 112.4 111.5 110.8 109.8 108.7 108 107.3 106.6 105.9 105.1 104.2 103.6 102.9 102.3 101.6 101.3 100.5 100 99.8 99.3 98.7 98 97.3 97 97.6 96.8 96.2 97.7 97.6 97.4 97.5 98.2 101.5 100.7 103.3 105.9 107.5 106.2 106.2 106.1 104.7 104.3 101.7 100.5 104.1 103 93.8 91.6 90.6 89.6 88.2
223 221.7 219.1 219.9 220.8 222.6 219.9 214.8 209.9 206.6 201.1 193.7 186.2 180 173.4 167.1 162.2 154.4 146.7 140.5 134.8 132 128.4 124.9 121.2 119.1 116.9 115.2 114.3 113.2 112.2 111.5 110.7 109.8 108.9 108.2 107.5 106.7 106 105.2 104.3 103.6 103.1 102.3 101.6 100.9 100.4 99.9 99.4 99 98.6 97.9 97.1 96.3 95.9 95.4 94.9 94.8 94.5 94.4 94.6 96 97.7 97.4 98.1 99.3 102 99.5 102.8 102.4 101 100.8 98.9 98.5 100 100.3 96.2 90.2 89.8 88.8 87.6
