data/280000-750000.asc
ncols 200
nrows 200
xllcorner 280000
yllcorner 750000
cellsize 50
[rows 105 to 139 of 200, columns 0 to 78 of 200]
654 658 656.3 655.9 659.2 660.2 660.8 662.6 665.6 670.3 678.2 688.1 699.4 712.3 722.2 722 722.1 711.5 699.2 690.4 691.7 694.4 700 707.4 714 720.4 719 704.6 680.5 655.5 646.3 636.4 616.8 605.1 602.6 600.9 599.4 603.7 603.9 604 607.4 609.4 614.5 620 626.2 632.4 644 665.2 677.4 678.3 680.2 676.6 677.1 678 653.5 608 593.7 585.2 588.1 597.1 617.7 627.6 623 618 623.1 626.4 631.7 632.9 631 623.2 607.9 589.8 585.8 577.8 579 577.7 574.8 569.2 564.1
657.3 668.7 673.6 679.3 683.7 682.6 681.7 683.1 686 689.6 694.9 703.8 714.1 724.9 731.6 727.6 720.7 709.5 696.7 692.8 695.4 705.2 711.9 717.8 720.6 727.8 723.9 695.1 670.2 649.2 638.7 627.3 617.4 608.9 604.6 603.3 605.1 606.6 610.6 613.1 616.4 620.3 627.4 634.9 641.7 653 663.4 678.8 688.2 692.5 691.3 689.3 680.9 665.6 631.3 608 594.4 588.9 590.8 589.9 604.1 617.7 624.3 622 622.6 627.5 629.3 627.4 621.5 608.3 596.2 589.6 584.1 584.8 586.5 582.9 574.8 572.6 561.9
656.9 673.7 687.5 698.8 706.6 709.4 705.1 703.4 707.5 714.8 719 723 730 738.3 743.4 737.7 721.1 706.8 698.4 695.6 701.8 713.7 722.6 726.1 726.5 720.4 712.9 681.3 664.5 647.6 642.4 629.5 620.3 613 608.5 609.1 612.2 613.6 616.7 619.9 625.9 633.8 644 658.6 666.2 671.8 677.7 689.1 700.1 711.3 709.5 701.3 683.2 667.9 632.8 606.3 592.9 592.7 594.8 594.2 599.7 608.5 614.9 616.4 619.6 626 630.2 628.4 614 600.7 597.8 594.8 591.4 590.1 584.9 580.6 571.1 563.7 554.6
663 680.6 701.3 710.8 724.1 723.9 729 737.3 737.7 738.9 739.3 745.8 747.8 748.1 749.9 743.9 725.5 709.7 703.1 704.5 711.9 724 730.7 734.7 730.4 715.4 695.8 671.7 654.4 650.2 646.5 634.7 626.4 620.4 615 612.5 616.8 621.6 626.1 630.2 636.5 650.5 668.5 674.1 687.9 692.8 698.6 704.6 713.6 726.6 717.8 701.2 677.2 658.9 626.8 605.5 594.7 595.4 598.3 596.4 596.8 604.4 609.5 614.2 624.5 628.6 630.6 627.4 618.4 612.8 608.2 600 595.8 587 576.7 569.3 559.2 549.4 543.5
662.9 682.8 704 712.7 730.3 742.2 762.5 766.4 764.8 760.6 763.9 761 775.2 763.1 757 753.8 732.8 716.4 710.9 720 727.2 733.7 737.5 738.7 735.5 715.9 696.7 667.2 653.5 650.7 641.3 636.8 632.1 630.3 624.5 616.5 622.2 630.6 634 642.9 649.8 658.6 677.2 688.2 698.6 714.5 719.4 716 719 721.5 712.3 685.3 656.1 642.2 621.2 605.9 597.2 597 598.1 597.6 600 608.9 616.7 624.1 631.5 636.1 638.4 636.7 633.2 629.5 622.3 605.9 589.2 581 570.5 560.6 544 541.3 533.8
660.1 685 701.6 717.4 730.1 753.2 771.7 779.1 765.6 761.2 765.7 768.1 772.7 778.3 769.5 756.6 745.5 732.9 719.2 728.6 738.9 741.5 738.9 739.6 739.2 719.8 698.9 670.5 652.3 643.1 635.6 630.8 627.8 629.3 625 623.5 624.1 635.6 641.7 650.9 661 674.7 686.6 698.1 708.9 723 730.2 730.1 716.8 716.2 692.8 665 649.9 637.8 616.6 607.3 595.4 595.1 598.5 598.7 603.2 615.2 623.9 633.3 640.1 644.5 646.2 643.9 637.5 630.4 617 595.3 587.3 575.3 561.4 540.3 521.3 526.7 515
664.7 680.2 708.2 714.6 730 750.8 764.8 755.1 747.3 746.6 751.5 759.6 774 780.7 783.3 779.7 751.4 738.6 726.5 732.2 746.3 745.3 742.4 743.9 742.2 727 688.8 666.8 660.2 647.5 639.7 634.3 629.6 628.4 628.4 628.7 626.4 641.2 650.7 658.6 669.5 683.2 696.5 705.1 719 729.7 732.2 724.5 710.5 697 666 666 634.8 623.1 615.5 605.8 593.3 593.3 594.6 598.9 606.5 619.6 636.1 647.5 654.9 654.2 656 650.8 639.4 625.5 599.8 586.3 581.4 574.1 544.4 522.5 509.2 502.4 491.8
658.7 678.6 695 708 727.3 755.4 760.8 757.8 740.1 737.2 739 757.2 766.6 773.3 784.2 783.8 770.1 746.5 730.2 739.2 747.1 749.5 742.6 746.5 743.5 719.2 683.4 666.1 663.1 653.3 646.9 636.6 635.2 636 635 632.8 631.2 644.9 656.6 660.8 671.3 683.2 698.4 712.8 720.5 720.3 717.2 705.2 688.5 667.5 648.9 634.1 619.7 614.5 605.6 598.6 593.3 593.3 596.3 602.3 607.7 624.4 644.5 658.4 661.2 661.3 659.7 658 647 632.7 596.7 576.9 569.7 542 522.1 506.1 494.9 486.3 477.6
657.1 672.3 686.7 706.2 723.2 740.4 773.7 767.9 728.4 729.7 731.1 748.4 756.5 761.6 777.9 771.8 763.1 734.4 726.4 740.7 752.3 753.8 744.3 734.9 727.3 710.9 682.1 670.1 660.6 655.1 653.8 643 645.1 645.9 639.1 633.6 633.6 649 658.5 669.4 680.1 695.4 708 725.4 728.3 722.9 714.9 683.8 669 656.4 629.3 616.5 610.1 604.3 597.5 593.3 593.3 593.3 597.6 603.5 609 626.5 649.4 664.1 668.7 669.7 665.4 658.6 650.9 620.3 589.7 564.2 543.7 525.5 509.9 497.6 488.5 479.5 471.7
663.6 677.1 694.6 702.8 715.3 737.4 758 746.8 720.6 721.9 722.9 736.8 742.1 756.4 763.8 755.5 740.4 718 723.7 734.3 748.1 742.7 737.2 733.6 704.6 683.7 676.7 671.5 661.8 653.3 649.9 653 654.4 656.1 644.6 637.3 635.9 657.1 666.9 678.9 689.5 701.3 715.6 727.4 723.9 718.1 705.8 666.5 649.7 632.7 617 610.5 603.1 598.3 593.7 593.3 593.3 593.3 603.2 612.6 620.7 631.2 651.5 669.1 673.8 671.8 665.7 651.3 641.9 615.4 579.3 553.3 537.3 520.9 507.6 495.5 484.7 477.3 470
669.1 677.6 690.5 699.7 710.7 719.5 719.1 720.5 707 706.7 713.1 721.9 728 748 743.7 734.1 714.2 703 713.6 719.8 723.4 714.3 711.8 706.8 699.2 675.3 674.5 676.4 657.1 651.7 654.2 659.2 664.1 656.9 655.1 643.1 640.9 662.6 675.4 684.3 694.6 705.2 718.3 731.9 719.4 712.7 682.8 653.8 633.7 615.1 609.9 603.9 598.9 594.8 594.2 593.8 593.3 598.8 614.4 625.3 634.1 644.2 659.2 673.1 677.7 676.6 668.4 654.4 627.2 597 566.6 546.4 533.3 520.7 508.2 496.5 484.8 473.5 465.3
677.6 682.1 688.1 696.5 697.4 701.4 708.3 715.5 693.4 690.6 701.3 710.8 722.1 723.3 723.6 711.4 704.2 701.9 711.8 711.2 715.8 685.7 682.4 678.6 675.3 674.8 671.6 666.2 654.7 653.8 657.6 670 673.2 664.1 661.5 642.3 647.1 669.8 682 689.9 697.9 708.3 720.1 727.9 722.2 692.1 654.9 627.3 614.7 609.5 603.7 600.2 598.2 596.6 596.5 597.5 604.6 614.1 624.9 635.3 643.8 648.8 664.3 674.7 676 675.4 672.2 656 606.5 578.9 562 549.2 538.1 526.8 516.1 502.6 481.6 468.2 460.4
692.4 706 700.1 688.3 688 687.9 695.4 683.9 677.8 678.3 689.4 704.1 718.4 718.6 703 695.6 689.1 700.4 699.1 697.5 690.4 671.1 669.2 662.9 668.7 680 668.6 658.6 657.1 656.7 659 678.3 676.6 673.1 670.2 642.3 653.7 673.7 687.4 696.5 706.1 714.6 715.9 716.9 702.3 661.4 633.2 618.9 608.8 602.3 598.2 597.4 600.2 600.6 604.4 608.5 618.1 627.2 632.3 639.5 648.5 651.4 663.2 673.4 669.6 657 644.1 616 593.8 573.1 562.5 552.1 543.4 538.7 534.3 509.3 491.9 469 457.5
697.5 706.2 713.1 691.8 671.8 677.8 662.8 665.5 664.8 668.5 685.8 699.2 714.2 726.5 683.2 672.8 683.3 692.9 683.4 670.2 671.1 657 652.4 651 674.4 685.4 661.7 658.1 659.3 660.7 660.2 668.7 674.8 679.4 657.1 642 662.9 676.4 691.8 702.8 707.7 708.9 708.2 707.3 669.8 646.8 627.7 612.3 602.3 595.6 593.8 597.8 603.3 607.8 612.9 619.6 626.8 633.5 637.5 638.6 644.5 634.4 654.6 652.6 626.6 619.4 615.1 606.1 590.8 576.1 567.9 557.1 545.8 538.1 534.8 511 489 472.3 461.1
699.7 702.4 691.4 668 657 652.7 650.3 655.8 660.3 657.3 675.3 689.6 707.5 697.5 671.3 662.2 677.4 685 671.1 653.2 649.6 639.8 639.4 649.1 656.8 656.1 657.1 659.6 657.9 649.6 651.6 657.4 665.9 669.6 648.8 640.7 658.6 675.5 685.5 696.3 702.3 704.2 697.4 681.8 658.5 642.4 623.5 602.4 594.3 592.3 591.6 597.2 608.1 615.2 622.6 629.5 636.5 639.8 642.7 636.9 629.9 611.1 614.7 607.3 589.8 584.2 583.1 584.9 580.3 576.6 571.9 563.3 548.3 530.1 513.9 497.3 479.4 468.7 465
690.8 678.5 669 657.3 646.1 648 645.7 650 663.3 648.1 659.4 686.3 686.7 662.8 648.8 651.4 663.6 669.4 658.9 639.7 631.4 622.9 632.3 631.4 632.9 639.2 646.9 646.4 645.2 639.9 644.5 656.5 650.4 649.1 636.5 641.8 652.1 665.7 679.2 684.2 681.7 686.5 678.3 667 642.5 622.7 604.4 589.6 587.8 585.9 589.4 598.1 610.3 618 624.4 632.5 638.7 642.1 633.7 621.5 598.4 589.1 583.7 578.7 562.9 555 552.7 554.7 559.2 551.9 555.7 537.5 535.1 513.1 499 484.4 474.4 467.1 464.2
674.9 660.8 646 639.5 638.8 634.3 644 644.6 642.2 633.2 647.6 659.3 652.8 642.8 636.6 641.9 652.3 655.4 640.7 623.8 614.4 611 616.2 616.3 625.2 636.3 639.3 637.3 632.1 628.9 635.5 648 645.3 634.7 619.2 638.2 639.4 647.2 652.6 662.1 664.6 666.8 664.1 655.9 625.3 601.1 592.5 586.3 583.1 581.5 586.7 595.8 605.5 613.7 619.7 628.6 630.4 608.7 598.3 584.1 569.2 560.9 555 550.6 544.1 539 533.7 528.4 524.5 518.3 515.1 506.7 498 481.6 478.4 471.3 463.6 460.5 458.6
665.1 643.1 643.3 640.5 634.2 625.6 630.3 641.8 641.4 623.4 627.7 633.2 629.7 631.2 629.3 628.2 630.9 633 636.9 614.5 604.2 602.2 605.4 611.8 622.1 628.2 629.5 625 616.2 616.8 619.7 624.5 624.2 616.7 611.8 621.1 625.4 636 644.3 651.1 656.5 659.9 658.5 646.9 618 599.1 591.7 584.6 580.3 577.9 579.9 587.4 594.6 601.5 610.7 612.5 593 573.1 568.1 554 540.7 539.5 534.3 531.6 528.2 524.6 516.8 509.4 501.5 492.5 487.4 477.8 473.2 469.1 464.3 460.1 458 455.1 452.9
647.3 640.2 642.8 641.9 636.8 624.8 621 625.6 629 623.3 618.5 621.5 626.7 630.6 616.8 608.5 611.6 615 619.3 609.2 598.5 594 599.3 606.8 610.5 614.8 610.3 604.5 602.3 606.8 611.9 611.2 613.2 600.6 602.7 607.8 613.7 624.7 633.1 639.4 647.9 651.3 650.3 640.7 612 597.5 591 585.1 581 578.2 574.2 573.7 576.1 582.4 587.8 588.1 558 545 538.9 529.3 520.9 520.6 519.3 518.3 516.4 509.7 500.3 492.2 484.1 472.3 467.9 463.8 460.5 459 457 455.1 453.2 450.5 446.9
647.1 638.5 640.2 635.7 626.6 624.5 622.2 612.5 617.2 614.4 611.6 613.1 617.8 610.8 600.4 598.5 603.8 605.9 604.3 602.9 588.9 585.9 598.7 598.8 590.4 588.1 585.2 587.2 586.3 593.6 606.2 602.1 598.3 589.5 588.4 594.6 596.4 606.9 617.3 626.3 634.7 636.6 638.2 632.5 613.7 598.6 591.6 585.7 578.7 575.9 570.9 562.3 558.9 553.1 551.2 541.2 524.8 521.5 516.8 509.2 502.1 503.7 502 500.8 502 495.7 486.1 479.3 471.7 463.5 459.8 458.5 458 455.6 452.7 450.9 449.7 447.2 442.7
638.7 638.3 638 637.4 626.3 611.7 608.6 594.6 589.1 593.6 603.1 615.8 596.7 589.5 583.3 583.8 587.8 595.6 595 591.5 578.4 578.3 585.4 584.3 576.3 569.6 566.6 570.3 574.5 581.8 592.8 589 581.8 577.8 580.4 582.1 585.3 594.9 602.6 611.6 622.2 621.8 624.6 621.7 612.8 600.6 587.6 575.6 574.9 578.6 571.3 555.4 539.3 534.3 531.3 514.9 504.7 503.9 501.1 496.2 492.4 490.5 487.8 483.5 484.5 478.3 470.7 465.5 461.5 458 455.5 454.1 454.8 452.7 450.3 448.3 446.7 444.8 442
642 641.8 635.9 638.9 624.4 601.6 593.4 580 579.4 585.6 590.9 592 588.6 578 575.5 573.2 574.6 578.3 580.3 577 569.9 570.1 571.2 567.6 563.5 559 552.5 549.5 555.6 564.2 571.9 576.3 568.2 564 566.4 571.2 577.5 583.5 592.1 600 602.2 610.3 615.4 616.3 613.2 598.9 581.3 562.9 559.1 567.1 556.7 538.9 527 516.5 510.4 502.1 492.6 493.2 492.1 490.3 487.8 482.4 476.3 472.8 468.6 465.3 460.3 458.3 456.2 454 452.3 450.8 449.9 447.6 445.9 445.4 443.9 442.6 441.1
640.5 635.2 619.3 618.3 599.6 581 577.6 574.3 569.1 574.1 570.3 571.4 571.8 573.9 568 565.9 570.9 572.2 568.7 566.6 558.2 554.8 555.1 554.5 550.7 547.5 539.2 532.6 544.6 552.4 559.8 558.5 555.4 552.5 552 555.7 561.2 567.6 574.7 583.4 591.4 594.5 592.6 595.3 593.1 576.3 560.8 547.3 544.1 543.1 536.6 526.2 517.9 507.8 498.6 494.3 492.5 489.6 489.8 488 485.9 480.7 474 470.1 468.7 466.6 462.7 459.7 456.2 455.1 451.4 448.8 446.8 445.3 444.1 443.8 442.9 441.4 441.2
620.5 605 599.4 590 572.1 569.8 572.8 569.1 556.4 558.4 561.9 565.5 566.3 568.1 567.2 559.4 557.6 560.9 556.1 549.7 545.8 541.4 544.2 542.4 537.9 532.1 526.2 522.5 533.2 539 540.3 541.3 542.1 542.4 545.6 546.8 549.3 549.6 554.7 562.6 563.4 565.5 562.8 556.4 551.2 545.5 535 528.6 529.8 531.3 526.9 522.1 514.9 507.6 499.7 494.5 491.7 488.2 487.5 487.2 485.2 478.3 477.9 475.1 472.6 470.9 468.8 464 461.7 458.2 454.9 452.4 448.9 447.3 445.5 445.1 444.1 441.9 443.6
606.2 589.7 578.1 567.2 561.9 559.9 554.5 551 549.3 553.1 558 561.1 563.5 565.5 564.4 560.1 553.1 541.9 540.7 534.6 531.5 530.8 531.2 529.5 526 521.3 516.8 515.8 521.4 524 526.8 527 527.8 530.5 530.8 537.4 539.7 535.2 536 537.7 537.9 537.8 538.3 532.8 525.2 521.9 518.6 515.4 517.3 517.8 516 510.2 508.7 507.3 501.8 499.4 490.8 488.3 488.6 487.1 485.8 483.5 482.4 479.6 477.1 476.7 473.4 469.5 465.2 462.8 460.4 458.9 456.4 453.3 454.8 453.3 450.8 450.2 450.1
581.3 573.4 565.2 557.3 553.1 548 544.7 545 545.9 549.7 560.2 565.3 560.2 556 552.7 544.9 540.6 532.1 521.8 522.1 524.7 521.8 520.3 517.6 517.5 514.5 510.7 509.2 511 513.8 516.8 520 521.1 519.8 516.3 517.8 519.2 516.3 513.3 514.3 514.3 514.9 513.6 510.5 506 502.5 502.3 504.6 510.1 511 513.1 507.3 504.1 508.8 507.7 501.7 495.3 490.6 492.3 492.2 492 489.9 488.1 486.5 484.9 483 480.4 476 471.9 468.7 467.6 466.6 465.3 463 462.4 461.6 459.1 456.4 451
570 567.3 554 548.2 550.3 545.2 542.5 543.1 544.4 541.5 545.6 545.3 544.2 543.2 534.5 526.2 521 517.2 515.5 517.5 519.7 517.6 515.7 514.1 511.8 510.8 505.8 502.7 504.9 507.6 509.6 510 511.4 506.8 501.9 500.9 501.2 499.7 498.1 497.7 496.9 494.3 495.6 495.5 496.1 497.2 496.3 498 504.3 509.1 505.5 501.3 502.7 506.3 505.9 500.9 499.9 502.1 499.8 496.5 494.8 494.7 494.2 492.4 491.6 489.9 488 484.7 482.6 484.1 480.2 475 475.3 474.6 472.2 467.3 463.5 457 454.5
547.8 546.9 540.9 537.8 539.9 542 542.9 544.2 544.2 534.9 527.8 524.5 521.7 520.8 516.6 511.3 502.7 508.3 510.5 512.7 514.5 515.3 514.2 512.2 509.3 505.5 499.4 497 495.9 498.8 501.1 501.2 501.6 500 495.8 494.5 493.2 490.4 488.5 484.2 482.3 485.5 489.1 488.9 489.4 492.4 494.2 492.1 492.2 498.7 496.2 490.1 495.2 502.9 505.4 500.5 502.9 511.1 508.2 497.2 496.6 503.9 505.9 501.4 498 498 496.1 494.6 496.3 497.1 491.4 482.7 483.8 482.8 480.3 473.2 464.2 461 462.1
554.1 529.2 527.5 529.3 530 530.5 528 528.4 521.9 519.1 514.2 510.3 508 506.8 501 494.9 496.7 503.5 509.1 507.6 510.4 512 508.4 505 503.9 494 491.6 490.1 483.7 486.1 490.7 494.3 494.8 494.5 493.1 492.6 487.5 483.5 480.3 476.8 474 473.9 480.3 481.6 480.8 485.9 484 479.8 478.7 478.6 477.2 487.1 489.1 490.5 498.3 495.1 495.8 501.4 501.4 498.7 499.8 504.7 508.5 504.9 503.8 504.9 503.9 504.8 504.2 502.7 496.1 492.7 492.1 490.9 485.9 477.4 472.5 469 466.6
546.8 537.2 524.5 518.6 518.4 514.7 513.6 508.2 509.8 506.1 501 496.8 494.1 494.3 489.9 488.9 492.8 497.1 499.5 499.1 501.8 501.3 499.4 496.6 496.3 494.4 486.6 480.5 473.7 479.4 483.7 487 487.4 487.2 488.6 487 483.7 477.7 474.9 474.4 473.7 469.5 470.2 475.6 475.4 477.4 478.8 477.4 475.5 471.7 468.7 476.7 486.1 486.1 490.2 492.4 493.8 496.7 498.9 500.1 507 509.7 511.8 512.9 514 514.4 514.6 514 513.9 511.8 508.4 504.7 501.7 498.9 493.7 487.5 482.2 476.9 471.9
542.7 533 522.8 514.9 503.4 503.2 499.9 490.5 490.8 491.7 492.4 486.4 483.8 480.5 482.3 481.7 485.1 488.3 489.7 489.7 490 491.8 499.7 490.6 484.7 485.8 480.4 472.1 467.2 473.5 479.4 483.6 487.1 485.9 485 481.8 476.8 476.1 468.6 473.6 473.5 470.5 465.5 471.9 472.8 472.3 470.2 466.6 461.1 457.6 458.5 466.2 479.3 480.8 482.6 489.7 491.5 493.6 500 506.5 511.8 517.6 520.6 524.8 526.1 525.6 526 525.8 524.1 525.4 523.6 516.7 511.5 508.7 504 496.6 491.3 485.2 479.1
527.7 520.7 514.1 508.9 503.4 486 486 482.8 477.9 481.5 480.7 480.7 477.5 479.3 481.3 473.5 475.4 479.7 480.4 479.3 480.6 480.3 480.4 480.3 477.2 477.1 472.5 463.9 464 470.8 474.6 478.5 480.3 480.8 479 475.7 472.2 471 466.5 465 466.6 464.4 459.6 462.2 466.6 467.2 458.2 446.8 444.6 449.4 454.8 464.7 471.8 469.6 476.5 485.9 487.2 489.3 500 506.6 512.3 518.2 524 528.2 529.8 533.1 533.2 534.1 536.2 539.2 535.5 527.5 521.9 519.5 515.9 507 500.4 495.8 490
518.7 509.6 503.1 496.6 492.1 479.9 471.7 466 470.3 476.6 479.9 476.1 473.4 470 472.1 464.8 464.1 468.2 469.1 470.1 470.5 470.4 471.3 471.2 471.6 469.3 467.3 461.7 460.5 466.9 470.8 475 477.2 475.5 473.4 470.7 468 466.2 462.2 459.2 458.2 456.6 455.3 453.3 454.5 456.8 445.8 435.5 438.4 442.4 450.4 461.6 465.1 463.7 473.9 480.1 479 480.5 492.8 502.1 509.9 515.5 521.5 526.5 530.4 533.7 535.2 538.1 540.5 541.9 539.6 536.2 531.6 532.4 530.4 518.7 509.4 505.5 500.4
505.6 502 491.3 484.2 477.8 469 462.9 456.8 459.6 460.5 464.6 467 463.2 461 455.8 449.8 457.8 460.3 463.3 465.4 466.7 467.6 469.5 471.9 471.1 470.2 465 459.6 455 460.9 467 470.6 472.4 472.3 470.3 468.1 465.6 461.7 457.7 457 458.2 454.7 454.8 452.9 447.1 446.1 439.1 431.5 437.8 443.2 447.9 455.6 457.8 461 467.5 472.6 471.9 475.6 489.9 500 507 511.1 517.1 522.1 527.4 531.6 534.9 538.9 541.6 541.6 540.3 540 543.7 536.5 532.1 524.6 517.6 511.3 508.8
491.8 486.3 478.7 473.9 467 460.1 455.1 448.4 450.3 450.4 451.2 452.2 451.7 448.4 443.4 447.3 455.5 457.6 460.1 464.5 467 468.7 468.4 469.4 467.1 465.7 463.5 461.6 456.4 449.6 460.9 465.4 467.4 466.1 461.7 463.9 462 458.6 455 455.4 456.7 453.3 458.7 453.6 441.7 434.4 429.6 428.9 438.4 442.3 446.6 450.1 446.1 459.7 466.5 467.4 468.4 470.1 484.5 492.5 500.1 505.6 508.6 512.2 517.8 523.3 525.2 529.8 531.9 534.5 536.8 540.5 537.7 530.2 520.8 518.2 512.5 512.5 513.6
