data/280000-120000.asc
ncols 200
nrows 200
xllcorner 280000
yllcorner 120000
cellsize 50
[rows 105 to 139 of 200, columns 78 to 155 of 200]
240.1 238.8 236.9 234 230.2 225.9 223.4 221 219.1 216.6 217.6 219.4 220.9 222.1 223.3 225.7 228 229.8 230.8 232.2 233.2 234.5 236.3 237 235.8 232.6 228.3 224 219.9 216.1 212.8 212.3 212.1 215.1 215.6 216.7 217 216.4 214.5 211.9 211.7 209.5 207.1 205.4 202.3 199.9 204.3 210.4 214.3 218.1 221.8 224.6 226.4 228.1 229 229.7 231.5 233.4 235.4 236.6 237.4 238.9 239.5 240.7 241.4 241.4 239.8 237.5 233.5 230.7 227.1 224.9 221.4 218.6 215.9 214.2 214.6 216.1
240 238.8 236.1 231.8 227.6 223.7 221.3 219.3 217.3 214 215.7 217.3 219.2 220.7 222.2 224.7 226.5 228 229.9 231.9 233.7 236 238.3 238.8 238 236.6 232 226.9 222.6 217.5 214.7 214.2 217.9 220.8 223.1 223.9 224.8 224.7 223.7 221.6 220.1 217.4 213.7 209.2 206.4 203.2 204 209.7 213.7 217.6 221.1 223.5 223.2 224.1 225.6 227.3 229.2 231.1 233.7 235.1 235.8 237.1 238.5 240.1 242 242.2 240.8 238.3 235 231.8 228.7 225.6 222.2 218 215.2 213.4 208.7 210
239 237 233.8 229.3 224.9 221.6 219.6 217.6 215.7 211.7 214.7 216 217.6 219.2 221.4 223.6 226 228.3 230.2 232.3 234.7 237.3 239.9 240.1 239.4 237.2 234.2 228.9 223.9 220.7 218.3 218.6 220.2 224.2 227.7 228.8 229.1 229 228.2 226.7 224.2 222.1 217.2 212.6 209.6 207.1 203 208.8 212.8 216.2 219.1 220.1 219.6 220.3 221.6 224.6 227.8 230 232.2 234.3 235.5 236.6 238 240.1 242.7 244.2 242.9 239.1 236.8 233.8 230.3 227.3 223.7 219.3 216.2 214 211.6 206.2
236.8 236.2 233.7 228.9 224.7 220.9 219 217.1 215 211.1 213.1 216.2 218.5 220.1 222.4 224.4 226.8 228.8 231 233.4 236.2 238.1 239.9 240.6 240.7 239.5 236.5 232.6 228.1 224.8 221.6 222.6 224.9 226.9 230.9 233.4 234.2 233.6 231.5 228.8 226.6 224.2 220.7 215.8 212.6 210.5 207.9 209.1 209.3 212.8 213.8 219 219.6 224.1 226.6 227.2 228.3 229.2 232 234.6 235.9 237.6 239.5 241.6 245 247.8 245.5 241.5 238 234.2 230.4 226.6 222.9 220.3 217 214.4 211.5 207.3
234.9 235.3 233.3 229.8 226.1 222.6 219.4 217.4 213.6 210 211.5 215.9 218.8 221.4 223.3 225.2 227.4 229.6 231.9 233.5 235.5 237.6 240 240.7 241.4 240.7 239.5 236.3 233.2 228.4 224.9 226.4 229.3 233.8 236.2 238.8 239.9 237.7 234.8 231.2 230.3 226.2 222.4 218.5 215.2 212.9 210.9 211.5 213.4 216.2 219.8 225 228.8 230.4 231.1 231.4 232.6 231.9 233.1 235.5 237.5 240.6 242.6 244.1 247.9 251 247.8 243.9 240 234 229.8 226 221.6 218.1 215.6 213.5 211.2 207.4
232.8 233.7 232.8 230.2 226.6 223.3 220.1 216.8 213.5 208.8 211.4 215 218.1 219.6 221.9 224.1 226.6 229 231.6 232.8 234.8 237.1 239.7 240.8 241.6 241.5 240.5 238.6 235.8 232.7 228.1 230.4 233.7 237.9 243.1 245.3 245.5 241.9 240.1 236.3 232.9 228.3 223.9 219.3 219.2 216.4 213.6 217.6 221.7 225.4 229.6 233.8 237.3 237.8 238.4 237.3 236.4 235.1 235.4 238.5 241.7 245.6 249.1 251.4 252.3 253.3 251.1 246.5 240.7 234.1 229.3 224.7 219.8 215.8 213 210.8 208.5 206.9
230.4 232.3 232.6 230.7 227.1 223.4 220 216.7 213.4 208.6 210.4 214.1 216.5 218.2 220.4 222.4 224.3 226.8 230.4 231.8 233.8 235.7 238.2 240.7 241.5 241.4 241.2 239.6 237.6 235 232.2 233.4 236.5 241.1 247.3 249.5 249 246.4 242.4 239.2 236.4 231 224.7 223.9 224.8 222.8 217.4 224.3 229.9 234.3 237.6 242.4 246.4 246.6 246.1 244.5 241.9 240.2 239 242 245.6 248.2 252.3 255.9 257.1 255.6 252.6 247.3 240.9 234.5 227.7 222.9 218.6 214.7 211.5 207.7 205.7 203.9
229.8 232 232.5 230.9 227.7 224 220.2 216.7 213.4 209.3 207.5 210.9 215 216.7 218.6 220.6 222.8 225.6 229.1 231 232.9 234.9 237.2 239.4 241.2 241.6 241.5 240.2 238.3 235.8 236 237.6 239.3 244.6 250 252.4 252.3 249.8 245.7 241.6 240.1 233.4 229.8 229.7 230.4 226.8 223.9 226.7 232.4 238 242.4 246.5 249.9 251.5 251.2 249.3 246.8 245.2 243.8 245.6 246.8 250.2 254.1 259.5 258.6 256.6 252.4 246.4 240.5 233.4 226.3 222.1 218.1 215.2 211.9 207.1 205 203.9
229.7 231.6 232 230.7 228.3 224.8 220.8 217.2 213.5 209.9 204.3 207.2 209.8 216.4 218.6 220.6 222.7 225 227.9 230.1 232.1 234.2 236.5 238.5 240 240.5 241.1 240.4 240.1 237.6 238.5 240.2 242.1 245.9 250.7 253.5 253.8 252.8 249 245.9 241.4 237.5 236.3 235.8 234.9 231.6 228.3 228.9 235.1 239.7 245.1 249.6 253.3 255.8 254.6 253.2 251.4 249.8 248.2 248.7 249.5 252.6 256.2 259.9 261 257.4 252.9 245.5 240.6 233.5 228.1 223.2 219.5 215.9 211.4 210.5 209 208.2
230.1 231.3 231.7 231 229.2 226 222.3 219.2 214.7 210.6 203.5 207.9 212.6 215.9 218.3 220.4 222.6 224.2 226.7 229.3 231.3 233.5 235.8 237.6 239.2 239.5 239.6 239.1 239.1 239.7 240.8 243.3 245 248.8 252 254.1 254.6 254.3 252.3 249.1 245.3 242 241.6 240.6 239.1 237.1 235 235.6 237.2 240.3 246.7 251.6 255.4 257.6 258.1 256.9 255.8 253.7 252 252.9 253.8 256 258.8 261.5 262.6 258.4 254.2 248.5 242.4 236.2 231.5 226.5 221.2 217.1 216.5 215.7 214.4 212.6
230 231.2 231.7 231 229.3 225.5 220.8 217.5 212.8 208.9 202.3 205.3 210.4 214 215.7 216.4 218.4 220.7 222.3 224.3 227.7 231.3 234.1 235.5 236.8 237.1 237.5 237.7 237.7 237.8 239.7 242.8 245.4 248.5 252.7 254.8 255.7 256 255.2 253.1 250.9 248.4 246.5 245.8 243.7 241.5 241.8 242 243.4 246.2 248.2 252.9 256.6 258.5 259.8 260.3 259.2 256.9 255.9 256.7 256.9 258.2 260.8 263.4 264.3 261.1 256.7 252.1 246.6 239.9 231.4 227.3 223.7 221.8 220.5 220.3 220.9 219.2
228.2 229.7 230.5 229.6 226.8 222.9 218 212.8 209.3 207.2 202.9 203 206.1 208.3 210.6 211.6 213.4 215 216.8 218.3 222.3 226.2 230.8 232.1 233.6 233.7 234 233.9 233.9 235.7 237.9 240.5 243.1 245.9 250.1 252.8 254.9 256 256.7 257 256.3 255.1 253.1 250.9 248.6 247.8 247.6 247 248.7 250.7 252.3 254.9 257.2 258.6 260.1 260.6 259.8 259.4 258.7 258.9 259.5 260.2 262.9 264.6 265.1 262.8 259.5 255.3 250.4 241.5 232.7 231.7 229.5 227.8 226.9 227 227 227.1
226 227.4 229.1 228.1 225.7 220.7 216.2 212.5 209.7 206.2 203 199.7 203.8 205.9 208 208.6 211 212.5 214.1 215.7 220.2 224.1 227.7 229.3 229.7 229.8 230 229.4 230 231 232.9 235.7 238.7 242.4 246.2 249.9 252.1 253.6 254.1 256.1 257.4 257 255.9 255.3 254 253.1 252.2 251.7 253.7 254.6 255.4 256.1 257.4 258.3 259.3 260.3 260.2 260.6 260.8 261.5 262.2 262.8 264.8 265.3 265.7 263.5 260.6 256.6 250.5 242.3 243.1 242.4 239.4 238 236.8 237.5 238.5 237.8
223.3 225.6 227.4 226.5 225.1 221.6 217.2 213.1 209.9 206.8 203.1 199 201.1 203.6 204.9 205.6 208.5 210.1 211.7 212.9 218.3 221.8 224.4 225.8 226 226.2 226.6 227 227.4 228.8 231 234.2 237.3 241 244.7 247.5 249.6 251.2 252.3 255.4 257.6 257.3 256.7 255.9 255.1 255.1 254.6 254.2 254.9 256.3 256.7 256.9 257.4 257.8 258.3 259.4 260 260.3 260.9 262 263.2 264.4 265.2 265.5 265.7 263.7 260.4 256.7 249.1 250.5 251.4 250.3 247.5 247.2 245.5 244 244.7 243.5
220.6 222.8 224.4 224 223.3 221.3 217.5 214 210.9 207.3 203.4 199.5 199 199.8 200.5 201 203.1 205.4 208.3 209.8 214.2 219.2 221.4 222.5 222.9 222.9 223.6 224.1 225.7 228.1 230.2 233.1 236.3 239.9 243.7 245.2 247.3 249.3 251.7 255.3 257.4 257.4 256.9 256.2 255.5 254.9 254.1 253.4 253.6 253.9 254.4 255 255.4 255.8 256.6 257.3 257.9 258.9 260.3 261.8 263.4 264.4 265.3 265.7 265.4 263.3 260.3 256.3 253.9 255.2 255.5 253.3 253 253.5 252.1 250.7 249.4 247.9
217.9 219.8 221.4 221.8 220.6 218.8 216.6 214.5 211.5 207.6 203.7 199.8 196.9 200.7 202.4 204.3 205.6 206.1 206.7 206.8 207.9 212.4 217.4 217.1 218.5 218.9 220.1 222.6 224.7 227.2 229.4 232 235.3 238.8 241.4 243 245 247.2 251.7 255.7 257.2 257.6 257.1 256.4 255.7 254.5 253.8 252.7 252.8 252.8 252.7 253.4 253.6 253.6 253.5 253.6 253.9 254.2 255.5 257.4 260 262.5 264.9 265.4 265.2 263 260.5 257.4 256.8 257.6 257.4 255 255.1 254.9 253.5 252.4 251.1 249.7
215 217.8 219.3 219.3 217.9 215.9 213.2 211.8 209.4 206.4 202.2 197.5 196.2 201.7 205.7 208.6 210.7 213.1 214.3 214 213.1 212.3 212.5 213.4 212.9 214.4 218.2 219.3 222.4 225.7 227.4 230 233.3 236.4 238.8 239.7 242.1 245.6 251.5 256.1 257 257.3 257.3 256.6 255.4 253.6 253.8 252.2 251.2 250.9 250.7 250.5 250.8 251.4 251.4 251.2 252.6 253.3 254.3 256.3 259.3 262.2 263.7 265.2 265.4 263.8 262.1 260.1 258.8 258.1 256.4 255.1 254 252.8 251.7 251.7 251.3 250.3
213.8 216.5 217.4 215.1 212.5 209.9 209.5 208.1 205.6 202.6 198 196.9 202.1 204.3 206.5 209.4 211.3 214.1 217.9 219.5 220.3 220.5 220.4 219.9 217.6 218 219.7 222.7 224 225.4 226.6 227.8 229.1 231.3 232.9 236.6 240.8 244.9 250.8 256.3 256.9 257.3 257.5 255.9 254.6 253.3 251.7 250 248.9 248.8 248.7 248.7 248.6 249.3 249.3 250.3 251.6 252.7 254.3 257.5 260.3 261.6 263.4 264.7 265.8 264.4 263 261.6 260.2 258 255.4 253.8 253.1 251.1 250.7 250.7 250.7 250
213.6 215 214.8 210.6 206.3 203.7 202.5 201.8 200.9 197.4 196.5 200.9 205.5 208.6 209.4 211.2 212.3 214.5 219.1 221.5 223.9 224.6 225.4 224.3 221.7 222.1 225.7 228.3 230 231.5 232.7 234 233.6 234 235.7 238.5 242.7 247.3 252.5 256.3 257.4 257.3 257.1 255.4 253.1 251 249.5 248.3 247.1 247 247 246.9 246.8 247.1 247.2 249.6 250.7 252 254.7 257.3 260.1 261.2 262.9 264.6 264.7 264.5 263.9 262.5 259.7 257.2 254.6 252.4 251.6 250.9 250.4 249.8 249 248.1
210.4 210.8 209.2 202.8 196.7 194.2 193.6 192.3 192.2 194.1 200.3 206.1 209.6 212.3 213.5 215.8 217.7 218 221.1 225.1 226.5 227.2 227.6 227.2 225.6 224.6 228 231.6 233.2 236.8 239.8 241.5 241.8 241.5 241.1 243.2 246.1 251.2 255.1 257.3 258.7 257.9 256.7 254.1 252.6 249 247.9 246.7 245.5 245.1 245.1 245 245.1 245.1 245.8 248.7 249.7 252.4 254.5 256.6 259.4 260.9 262.3 263.8 264.1 263.9 263.7 262.1 259.3 256.6 253.9 251.6 250.2 248.7 248 247.3 246.2 245.5
205.9 204.7 200.5 193.9 190.1 189.7 195.7 200 202.6 205.7 209.3 212.3 215.2 218.1 219.8 222.2 223.8 224.3 225.6 227.4 228.6 230 230.8 230.4 229.4 227.3 229.7 233.4 236.1 240.9 245.2 247.9 249.2 249 249.2 250.1 252.2 254.1 257.5 258.6 258.5 257.1 254.9 251.5 248.8 247.1 245.9 244.8 243.7 243 242.7 242.5 242.1 242.3 245.1 247.7 249.8 251.7 253.6 256 258.1 259.8 261 262.3 263.5 263.6 262.7 260.9 257.7 254.1 250.8 248.6 246.4 245.4 245.4 244.7 243.8 241.9
194.1 199.5 194.6 187.9 190.5 199.8 208 209.4 210.8 213.3 214.7 218.2 221 223.8 226.6 229 229.8 230.7 230.5 231 231.8 232.6 233.6 233.7 232.9 231.5 230.1 233.5 237.6 242.2 247.9 252.6 255.1 256.4 257 256.8 256.8 257.7 258.8 258.9 257.5 255.7 253.2 250.3 247.7 246.4 244.6 243.3 241.9 240.8 240.4 240 239.5 241.1 245 246.8 248.6 250.5 252.4 253.9 255.1 255.4 256.8 258.4 260.3 262.1 261.8 260.3 256.2 252 248.7 246 243.7 241.5 242.6 241.9 240.3 240.7
192 191.1 186.6 189.9 199.8 206.8 211 213.7 216.1 218.4 220.6 223.9 226.5 229.2 231.7 233.7 235.3 235.8 235.4 235.4 236.2 237.4 238.1 238.1 236.3 234.9 233.3 235.3 238.7 243.8 249.9 254.8 257.8 259.6 260.3 260.6 260.2 260.1 259.3 258.4 256.6 254.4 252.3 249.1 247.1 245.6 243.5 241.5 239.5 238.2 237.8 237.7 237.3 241.2 243.7 245.6 247.2 248.8 250.2 251.3 251.6 251.4 253.4 255.7 257.9 260.1 259.6 258 255.6 252.3 248.6 245.8 243 238.9 238.9 238.6 235.5 241.4
192.4 186.8 186.7 195.9 203.2 207.5 209.8 215 219.2 221.4 223.8 227 229.6 231.9 234 236.8 237.7 238.1 239 239.8 241 242.1 242.3 242.6 241.8 239.7 239.8 241 241.7 248 252.6 256.4 259.8 260.6 261.2 261.5 261.6 261 258.7 257.9 255.7 253.5 251.4 248.8 246.3 244.3 241.7 242 241.1 239.9 238.3 235.2 234.3 237.7 241 244.3 245.8 247.2 247.8 248.2 248.1 247.8 250.5 253.1 255.5 257.7 257.4 257.3 255.9 253.5 250.3 247.3 243.9 240.3 235.2 234.2 234.9 240.3
186.7 183.4 187.3 194.8 200.5 205.8 208.2 212.6 217 220.3 223.5 225.9 227.7 229.6 231.6 236.1 238.3 239.6 241.5 242.9 244.6 245.9 246.9 247.5 246 243.9 246.5 248.9 249.3 252.9 254.8 257.8 260.2 260.9 261.5 261.6 261.7 260.2 258.5 256.7 254.9 252.8 250.6 248.3 245.7 244.1 242.4 244 243.5 242.1 240.9 237.8 235.1 233.9 236 239.8 242.6 244.2 244.7 244.9 243.9 244.8 247.1 249.6 252.7 255.7 257 257 255.8 254.5 251.4 249.3 245.8 242.1 237.2 231 233.5 237
183 184.9 186.4 191.4 197 202.4 207 209.8 212 214.1 216.4 219.6 222.6 225.8 228 233.1 236.3 239.2 241.6 244.6 247.1 248.6 250.1 250.3 250 249.8 252.1 254.8 256 256.5 257.1 259.1 260.4 261.2 261.8 261.6 260.3 258.6 256.8 255 253.5 251.9 249.9 247.7 246.4 246.6 245.9 245.7 246 244.6 243.3 240.8 237.8 235 231.4 232.5 234.9 237.7 239.5 239.6 239 241.7 245.3 249.1 251.8 253.8 255.2 255.3 254.1 253 250.9 249 245.8 242.3 237.9 231.2 228.3 232.2
188.6 190.9 191.2 187.9 192.9 201.7 206.3 207.5 206.6 208.6 211 214.4 218.4 222.2 225.3 229.7 234.1 238.8 241 244.6 248.7 250.3 252 253.2 252.9 254.7 256.6 257.3 257.6 259.2 259.4 259.7 260.6 261.4 261.4 260 258.7 256.7 255 253.3 251.7 250.1 249.7 248.6 248.3 248.3 248.7 248.9 248.2 247.1 245.7 244.2 241.4 238.9 237.4 235.2 230.9 228.5 232.7 234.8 239.7 243.5 245.9 248.3 249.7 251.2 252.3 251.9 251.7 250.6 249.2 247.2 244.3 241.2 237 230.8 224.2 227.4
198.3 200.4 200.5 197.8 193 194.4 202 201.1 208.4 213.9 217.3 220.8 222.6 225.9 228.7 233.1 237.6 240.7 244.7 246.9 249.4 252.2 253.9 255.4 256.6 257.5 258.3 258.6 259 259 258.6 259.5 260.5 259.9 258.7 257.2 255.5 252.8 251.9 250.2 249.1 249.2 249.3 249.3 249.9 249.9 251.1 250.4 249.9 248.9 248.2 247 246.4 244.9 244.1 242.6 238.2 232.3 228.8 237.2 242.1 243.4 244.7 246.9 248 248.8 249 249 249.1 248 246.5 244.9 242.9 240.1 236.3 230.8 224.2 220.7
205.1 206.9 206.9 205.6 203.3 197.3 196.2 200.1 209.9 216 220.2 223.7 227 231 236.3 236.8 239.9 243.1 246.3 248.8 251 253.3 255.9 257.3 258.6 259.2 259.9 259.8 259 258.3 257.4 257.1 256.7 256.1 255.2 253.7 251.4 248.8 247.9 247 247 247 247 247.9 249 250.2 250.7 250 249.6 248.4 248.6 247.6 247.2 247.5 247.8 247.2 244.6 239.3 229 237.1 240.9 242.7 243.5 243.2 244.5 244.7 244.4 244.6 245.9 244.9 243.9 242.2 240.4 238.1 235.9 231 225.4 219.2
207 209.7 210.4 210.5 208.1 203.5 207.1 207.9 202.6 209 218.7 224 228 231.8 234.4 237 240.4 243.3 246 248.1 251 253.6 256.1 258.3 259.8 260.5 260.4 259.8 258.8 257.4 256.1 255.6 254.3 253 251.5 249.7 247.8 246 244.7 244.1 244.3 244.3 244.9 245.9 247 248.5 248.9 248.3 247.9 247.6 246.9 246.8 246.9 247.7 247.3 246.4 244.4 241.7 231.8 229 236.3 239.9 239.5 239.5 240.5 240.5 240.6 241.2 242.2 241.7 240.6 239.2 237.8 235.7 233.1 229.6 225 219
210.7 213.6 215.1 214.4 209.3 212 217.4 218 215.8 210.7 208.2 214.5 222.3 227.4 230.3 232.1 236.2 239.5 242.6 246.5 249.8 252.8 255.5 257.6 258.8 259.4 259.8 258.5 257.7 256.1 254.3 252.8 251.3 249.9 248.6 247 245.2 243.5 241.9 241.6 241.6 241.9 242.9 243.9 244.9 246.3 246.8 246.2 245.4 244.7 244.1 244.2 244.7 245.5 245.7 244.6 243.4 239.1 232.6 223.1 234 235 235.5 236.3 235.7 235.2 234.6 236.7 238.1 237.4 235.9 234.5 233.1 231.8 229.1 226 222.1 218.4
214.7 217.3 219.6 219.3 218.2 221.9 224.7 225.7 224.6 221.4 215.8 214.1 214.6 217 218.6 221.6 225.1 228.8 235.1 240.6 245.7 250.1 254.9 256.2 256.9 257.7 256.5 255.2 254.4 253.1 251.1 249.6 248 246.6 245.4 244.1 242.4 240.6 239.6 238.9 239 239.5 240.4 241.3 242.2 243.4 243.4 243.1 242.5 241.9 241.2 241 241.8 242.5 243 242.9 241.2 238.6 233.1 224.5 226.4 229.8 230.5 230.7 230.6 229.6 229.8 231.5 233.2 232.9 231.6 230.4 228.9 227.5 225.4 222.2 218.9 216.3
217.2 219.9 222.3 223.5 221.2 228 231.1 232.4 232.2 229.5 226.4 224.5 230.3 231.3 230.8 234.2 238.8 239.4 239.3 244.3 249.3 251.6 254.9 255.5 255.9 255.6 254 252.4 251 249.7 248.6 246.9 245.2 243.5 242.2 241.2 239.5 238.3 237.4 236.6 236.7 237.2 237.7 238.3 239.3 240.5 240.1 239.8 238.1 237.7 236.4 237.2 238.7 239.4 239.9 239.8 238.1 235.4 231.4 226 219 224.6 226 226.8 226.1 225.4 225.4 226.9 228.4 228.7 227.6 226.4 225 223.6 221.2 218.7 216.2 213.7
218.3 221.2 224.9 226 226.1 232.5 235.6 238.8 239.2 237.5 237.7 233.4 241.7 245.4 246.2 247.2 248.5 247.4 245.1 246 251.5 253.5 254.9 255 254.5 253.9 252.3 250.6 248.8 247.7 246.6 244.9 243.2 241.4 239.9 238.2 237 236.3 235.5 234.8 234.4 234.9 235.4 236.1 237.1 237.6 237.3 236.6 235.8 234.8 233.6 234.1 235.1 236.3 236.6 236.5 234.9 232.4 229.6 226.1 221.7 219.1 222.3 223 222.8 222.2 221.5 222.8 224.4 224.4 223.6 222.4 221 219.5 216.7 214.1 212.3 209.8
221.5 224.8 228.9 232.5 231 237.4 240.6 243.6 245.6 245.5 246.4 245.5 247.5 251.4 252.2 252.9 253.3 250.9 248.5 246.9 251.9 254.4 255.4 254.7 252.6 252 250.5 248.6 246.9 245.8 244.6 242.8 241 239.5 238 236.3 235.1 234.3 233.7 233 232.1 232.6 233.4 233.7 234.2 234.9 234.8 233.9 232.8 231.6 230.9 231.1 232.1 233.1 232.6 231.9 230.7 228.6 226.2 223.9 220.3 217.9 219.3 220.5 219.9 219.1 217.6 218.8 220.3 220 219.4 218.5 216.9 214.7 211.9 209.7 207.8 206.6
