data/280000-640000.asc
ncols 200
nrows 200
xllcorner 280000
yllcorner 640000
cellsize 50
[rows 0 to 34 of 200, columns 0 to 78 of 200]
91.4 83.4 76.4 66.5 56.9 51.6 46 41.1 37.2 36.1 33.9 33.5 36.1 36.7 37.3 38.5 39.3 39.7 48.2 58.9 62.8 57 57.8 50.4 55.9 61.5 65.6 69.2 79.2 87.6 85 68.7 60.3 71.9 73.1 80.7 86.7 92.2 95.1 99.9 88.9 91.5 103.2 120.2 128.6 133.6 134.3 131.2 114.5 112.3 133.3 135.8 130.2 118 125.5 142.4 144.4 141.7 138.9 138.8 136.7 139 144.5 149.8 149.3 153.7 159.7 162.5 161.6 161 159.8 160.3 161 161.8 161.7 159.8 161.1 161.4 160.5
98.1 88.2 76.6 65.7 58.7 52.3 46.9 42.9 39.6 36 36.3 33.5 36.1 36.6 37.4 38 38.5 39.2 44.8 51.4 43.5 34.3 33.4 42 51.1 55.3 57.1 59.2 67.3 67.7 58.3 61.2 69.3 76.4 80.3 85.1 91.8 98.1 103.6 113.5 110.4 108.2 110.4 125.3 142.8 146 147 145 127.3 117.6 140.6 146.4 143.2 130.8 118.6 128.6 134.6 132 132.4 133.9 142 149.5 152.1 152.7 152.2 154 159.4 162 163.3 163.5 162.5 162.8 162.5 163.3 163.3 160.7 161.8 162.9 163.9
102.6 95.1 84.2 71.1 64.1 55.5 48.8 44.8 41.4 39.3 36.5 36.6 33.5 36.2 36.6 37 37.4 37.1 36.5 34.1 33.5 36.5 37.3 33.8 41.4 43.4 44.2 43.9 47.3 51.5 63.9 77 74.3 82.8 88.8 94.9 100.5 104.7 119.5 131.5 130.6 125.2 121.9 128.6 146.3 148.5 149.6 149.5 134.9 123.3 144.8 147.7 149.8 147.8 141.8 137.1 140.2 145.5 144.7 146.7 148.5 152.6 154.3 155.1 155.6 157.7 159.3 161.4 163.3 164.3 165.2 164.5 164.1 164 163.9 162.5 164.3 164.4 165.3
106.5 99.8 92.4 81 71.3 59.3 53.1 47.4 45.1 43.2 37 36.1 36.8 33.5 36.2 36.4 36.2 33.5 33.6 38.1 36.8 36.8 37.5 33.9 38.4 40.2 43.4 45.4 55.3 67.9 74.2 86 94.3 100.9 105.3 110.1 112.9 118.4 126 131 134.5 137.6 139.5 142.4 146.7 148.7 149.5 144.7 145.1 136.2 135.2 146.4 149.3 150.5 149.5 150.8 151.6 151.2 150.2 151.1 152.7 154.6 155.6 156.4 156.6 157.4 158.6 160.2 162.3 163.9 164 163.2 164 165.2 165.1 165 165.2 165.2 166.5
111 104 98.1 86.6 72.3 63.1 60.6 57.6 52.7 46.9 40.7 37.3 37.5 35.7 33.5 33.5 33.2 36.9 37.3 37.2 36.8 36.6 37.8 34.1 40.4 44.9 52.9 63.7 75.8 80.4 84.8 89.8 95 99.2 103 106.6 112.8 117.8 124.2 129 133.4 137.1 140.4 143.5 146.7 148.2 148.5 148.2 147.2 146.5 148.6 149.4 145.2 145.2 149.1 150.2 152.1 152.9 153.6 153.9 154.6 155.5 156.4 156.9 157.2 157.3 157.8 158.8 160.8 161.6 161.7 161.3 161.7 163.7 166 165 163.9 166.2 165.7
112.7 107.8 103.8 94.2 85.7 77.3 68 65.3 59.9 61 48.9 40 38.4 36.7 36.4 36.6 36.7 37.2 37.6 37.3 37.3 37.2 37.7 33.9 40.8 50 55.7 62.2 67.1 75.5 83.5 91.1 94 93.2 97.9 104.1 107.7 115.1 122.5 126.6 130.6 135.6 139.3 141.7 144 145 146.3 147.8 149.4 149.4 148.7 149.8 149.9 150.5 150.5 151.3 151.9 152.1 152.8 154.7 155.4 156.2 157.2 157.6 158.3 159.2 159.5 159.9 160.3 160.6 162 161.9 162.5 163.5 165 164.6 163.4 164.1 165
115.3 110.4 106.9 104.6 98.9 87.8 77.3 70.9 67 68.8 61.2 51 43.5 38.9 37.9 37.3 37.1 37.8 38.4 38.3 38.3 37.9 36.1 35.5 40.6 57.4 73.5 71 69.9 70.7 73.6 78.7 84.8 88.6 95.3 100.2 103.4 111.7 118.3 122.6 127.8 133.3 137.4 139.4 138.9 142.9 147.1 149.6 150.7 151.5 151.2 151.4 151.3 151.7 152.2 152.7 150.9 150.8 150.6 153.9 155.8 156.8 157.5 157 157.4 159 160.3 161.1 161.8 162.4 163.1 163.5 164.1 164.7 164.9 164.5 163.2 162 163.5
117.5 113 110.6 108.6 106.1 101.2 90.6 81.8 73 72.7 66 61.4 52.6 42.5 39.6 37.8 37.7 38.3 38.6 38.7 38.5 37.3 34.6 38.1 41.1 58 75 80.6 82.6 82.2 84.2 88.3 91.9 93.4 93 89.7 97.4 107.8 113 118.2 124.3 129.7 132.4 131.7 138.9 143.6 147.5 150.3 151.6 153.2 153.4 153.2 153.2 153.4 153.6 153.7 153.2 153.4 153 153.5 154.2 155 155.6 156.6 156.7 158.2 160 161.2 161.9 163.2 164.6 165.2 166 166.9 167.1 166.1 165.3 163.6 163.7
118.3 116 114.1 112.6 110.4 106.6 100.8 90.9 81.6 74.5 73 69.4 60.5 48.1 41.6 39.2 38 38.2 38.5 38.8 38.4 37.8 34.1 38.3 42.8 61.6 79.3 86.8 90.5 92.6 94 86.7 82.6 75.4 73.3 74.8 88 98.5 108 114.5 119.9 123.3 126.4 133.6 139.5 142.8 146.4 149.5 151.9 153.7 154.7 154.9 155.1 155.6 155.5 155.4 155.3 154.8 155.4 156.4 156.7 157 157.3 157.7 157.3 158.4 159.5 160.9 162.4 164.2 165.9 167 168.1 169.2 170 169.8 169.9 167.1 166.5
120.8 119.2 117.7 117 115.2 111.9 107.3 101.1 91.6 84.2 78.1 75.3 65.8 53.2 44.3 40.8 39.5 39.6 39.5 39.2 38.9 37 35.9 38.9 47.7 65.3 76.6 81 82.8 82.1 76.3 69.7 63.3 64.7 73 77.3 80.9 96.1 106.3 111.3 112.4 120.8 127.8 133.3 136.7 140.8 145.3 148.2 150.7 152.2 153.7 155.7 156.5 156.9 156.7 156.4 155.6 154.7 155.9 156.3 157.6 158.6 157.9 157.4 158.3 159.3 160.1 161.3 162.5 164 165.8 167.1 168.2 169 170.3 170.9 171.2 170.3 170.4
122.3 121.4 119.7 119.3 119.4 116.2 113.6 107.9 100.7 92.3 83.4 76.6 72.2 58.8 47.3 43.8 40.6 40.3 40.1 39.9 39 35.2 38.1 38.4 44 59.4 69.6 69.6 69.8 67.2 61.6 58.6 63 72.7 81.3 88.6 94.2 94.4 97.4 100.5 111.3 117.4 125.9 129 135.7 139.1 143.4 146.8 148.8 152.7 155.8 157.4 156.8 157.7 157.4 156.5 154.4 155.6 156.3 156.7 158.2 158.9 159.3 158.8 159.6 160.4 160.5 161.7 162.9 163.9 164.9 166.1 167.9 169.6 172.2 173.7 174.8 174.2 175.2
123.7 122.9 122 120.8 120.9 118.4 115.5 112.3 107.4 99.8 91.8 84.9 79 64.2 51.7 47.1 41.9 41 40.8 40.6 39.6 35.3 38.4 39 44.2 57.3 60.3 59.4 54 54 56.7 65.7 72.6 80.8 87.6 89.5 91.6 95.7 102.6 106 114.4 119.7 125.4 130.6 135.5 139.1 141.8 147 149.5 154.3 157.6 158.8 158.1 158.4 157.2 156.4 155.4 156.1 156.5 156.8 158.4 158.8 159.2 159.5 159.8 160.7 161.4 162.5 163.3 164.5 165.2 166.6 168.3 170.4 173.5 176 177.1 177.6 178.5
125.4 124.6 123.8 122.5 120.4 117.9 116.1 112.6 109.2 108.1 104.1 93.7 82.8 68.5 63.8 52.8 43.9 43 42.4 40.5 37.8 36.1 38.7 40 45.9 51.1 50.9 50.9 59.8 64.7 71.5 76.5 81.6 79.3 76.9 82.3 89.3 95.8 101.8 103.4 110.4 119.6 126.5 131 135.1 139.9 143.8 146.5 149.7 155 159 160 160.6 158.9 158.1 157 156 156.3 156.6 157 157.8 158.5 159 159.3 160 161.1 162.6 163.5 163.6 164.4 165.4 166.8 168.6 170.7 174 176.1 177.7 178.8 179.8
127.9 127.3 125.3 122 119.9 118.1 116.1 113.5 112.6 111.1 107.5 100.1 88.5 77.7 72.5 62.9 53.5 45.7 44 42.7 35.6 38.2 38.4 43.1 47.8 49.8 54.8 61.8 68.3 73.2 76.8 77.3 73.4 69.1 76 86.7 92.9 100.2 102.3 106.1 112.6 117.7 126.7 130.4 134.7 138.4 142.7 146.6 151.3 155.5 158.4 158.5 159 158.3 157.8 156.6 156 156.2 156.6 157 156.6 157.9 158.5 159.1 159.8 161 162.5 162.3 162.6 163.7 164.8 166.9 169.3 171.5 175 176.8 178.3 179.6 180.4
131 130.3 126.7 123.5 121.1 119 117.3 116.4 115.5 113.7 110.6 105.1 97.5 88.5 75.5 68.3 63 58.3 45.4 42.7 35.8 38 39.1 45.5 53.6 56.1 56.8 50.3 53 71.8 77 69.8 64.6 65.9 75.3 87.1 97.5 99.8 101.7 104.7 108.8 113.8 123.1 128.5 133.2 136.8 140.4 144.5 149.6 154.6 156.1 156.5 157 157 156.6 155.7 156 156 156.4 154.9 156.3 157.6 158.1 158.6 159.2 160.6 160.6 160.2 161.5 162.6 164.4 167.8 169.4 172.4 175.7 177.3 179 180.4 181.3
133.1 130.6 127.5 125 122.7 121.4 121.1 119.8 118.1 116 113.6 108.8 100.6 89.5 76.9 70.6 65.3 53.5 47.1 43 35.9 38.5 39.6 52.2 53.8 56.1 57.3 44.6 42.6 49.2 59.8 59.2 55.5 53.9 61.7 71.5 82.4 82.6 93.2 98.6 102.8 109 118 125.4 129.7 133.6 137.5 141.5 146.5 151.6 152.8 154.1 155.2 156 155.8 155.8 154.5 154.9 154.1 155.2 156.6 157.4 157.8 158.2 158.7 160.1 159.8 159 161 162.9 165.7 168.7 169.8 173.8 176.3 177.9 179.6 181 182.1
133.4 131.4 129 126.5 125.1 124.9 123.6 121.6 119.8 117.1 113.5 109.8 102.4 92.6 82.9 73.7 65.7 65.4 51.7 43.4 36.4 38.9 44 50.7 53.2 53.1 43.9 38.2 38.5 38.1 45.2 51.9 43.2 41.3 48.3 53.9 70.4 67.7 74.2 87.6 96 106.4 113.6 120.2 126 129.8 134.5 139.4 143.9 146.8 148 149.6 153.2 154.3 154.4 152.5 153.4 154.5 155 156.4 157.1 157.4 157.7 158.1 158.5 159.4 159.2 160.2 162.4 164.5 167.8 170.2 173.1 175.5 176.7 178.3 179.4 180 180.9
132.8 130.9 129.3 129.8 129 128 126.2 123.8 121.6 119 115.4 111.6 107.4 96.3 86.6 76.6 70.4 71 56.1 36.3 37.6 41.7 47.5 51.6 53.5 42.8 38.1 41.1 41.4 41.2 38.2 41 41.2 41.6 42.6 44 57.3 77.7 94.2 102 103.5 103.7 108.7 114.7 122.2 125.5 131.8 136.5 140.3 141.9 143.7 147.7 150.1 149.2 149.8 153.8 154.5 157.2 157.8 158.2 158.5 158.6 158.6 158.9 159.5 160.1 159.5 161.7 163.8 166.3 169.9 172.3 174.7 175.8 177 177.9 178.4 179 179.5
131.8 130.7 130.5 130.9 130.2 128.7 128 125.5 123.5 121 117.3 113.3 108.5 101 91.6 81.6 73.6 68.1 53.4 36.7 38.1 45.8 49.7 52 51.3 38 41.1 41.3 41.4 41.8 41.9 38.5 41.8 42.2 42.7 43.7 51.4 73.5 94.6 99.3 95.1 89.9 102 111.5 119.1 123.4 128.1 133.8 135.3 137.3 141.3 141.9 148.7 150.8 152.8 154.9 157.7 160.1 160.4 160.3 160.8 160 159.6 160.1 160.5 160.8 160.7 162.9 165.1 167.3 171 173.4 174.4 175 176.3 177.2 177.7 178.1 178.7
132 131.8 131.6 131.4 130.7 129 128.6 126.6 124.8 121.8 118.7 114.9 110.2 104 95.8 86.1 74.9 66 56.9 36.6 38 46.9 51 52.4 38.5 39.2 41.8 41.5 41.1 41.6 42.3 41.5 38.5 41.8 42.1 42.5 42.9 70.1 86.4 90.9 90.9 83.5 91.5 103.4 113.4 120.8 125.4 127 131.5 131 134.1 143.5 148.4 152.1 152.9 157.4 160.1 159.8 162.1 162.7 162.3 161.8 160.8 161.2 161.4 161.8 161.9 164.1 166.4 168.5 171.6 173.8 174.7 175 176 176.5 177.2 177.3 180.5
133.1 132.9 132.8 132.5 131.7 130.3 129.2 127.4 124 122.1 121 117.6 113.2 104.5 95.1 92.6 86.5 76.5 62.8 38.6 36.9 47.4 50.8 48.5 38.5 42 41.7 41.4 41 41.7 41.8 41.8 41.2 40 42 42.1 41.7 65.1 77.8 81.9 84.8 78.5 83.3 94.9 105.7 113.6 117.2 115.6 120.9 129.9 140.4 143.6 146.7 150.2 153.4 156.5 158.8 158.4 159.8 160.8 160.7 161.1 161.9 162.3 162.2 162.8 163.4 165.3 167.5 169.8 171.8 173.8 175.8 175.6 176.2 176.5 175.9 178 181.6
133.9 134 133.8 133.5 132.4 131.3 130.1 128.1 125.6 123.7 122.5 119.6 114 105.9 102.8 97.8 92.9 84.8 72.3 48.4 37.4 38.8 50.8 40.5 38.6 41.5 41.4 41 41.4 41.9 41.8 41.7 41.6 38.6 40.9 42.4 42.2 60.9 74 76.4 76.3 73.9 76.2 85 92.6 96.5 106.8 120.7 130 134.4 140 142.7 147.2 150.5 153.5 155.4 157.1 157.5 158.2 159.8 160.2 161.6 162.6 163.3 163 163.8 164.6 166.4 168.8 170.3 171.4 173.3 175.1 175.5 175.5 175.3 176.9 179 182.6
134.3 134.5 134.8 134.3 133.2 132.2 131.2 129.1 127.3 125.3 123.3 121.1 118.9 115.7 111.6 105.1 99 89 80.1 60.7 45.3 37.7 37 38.2 40.4 41.5 41.3 41.1 41.5 41.7 41.6 41.5 41.5 41.6 39.1 39.6 43.6 57.6 63.6 66.3 67.1 71.1 78 84.3 93.4 102.9 113.6 121.8 127.6 132.5 137.4 142.3 147.1 151.3 152.6 154.6 155.3 156 156.9 159.8 161.1 162.5 163.8 164.8 164.8 165.4 165.9 167.7 169.9 170.9 171 172.7 174.3 174.6 174.7 176.1 179.2 182.5 186.5
135.7 135.7 135.3 135 134.6 133.7 132.8 130.1 128 126.7 125.1 122.8 122.4 120.2 116.8 112.9 104.9 93.7 84.6 72 56.1 51.1 40.1 41.3 42.8 42.5 42.5 41.3 41.3 41.5 41.4 41.5 42 41.8 41.3 38.8 43.5 51.6 59.1 62.6 65.1 73.8 78.4 84.9 92.1 102.2 109.2 119.5 124.5 130.4 135.3 140.6 144.9 150.3 151.8 152.3 152.5 153.1 155.5 159.8 161.2 163.1 165 165.3 165.6 166.4 167.1 168.9 171 170.9 171.1 171.9 173.2 173.5 173.9 175.7 180.4 186 187.3
136.6 136.3 136 136 136.7 136.3 135.8 132.2 128.7 127.9 127 125.7 125.8 123.8 121.2 117.3 109.1 98.2 88.9 76.9 65.1 54.3 49.7 45 44.5 44.6 43.3 42.3 41.6 41.3 41.4 42 42.5 42.1 41.6 41.1 39.3 47.1 52.4 56.4 61.1 65.4 70.5 76.1 86.3 96.2 102.7 114.8 122.5 128.2 133.5 137.4 141.8 145.7 147.8 147.8 149.6 151.7 154.7 159 161.1 163.3 164.9 165.3 166.1 166.8 167.6 168.7 170.1 171.1 171.7 172.1 172.4 172.7 175.9 176.8 181.2 184.8 185.8
136.3 136.8 136.6 137.3 137.9 138.3 136.8 134.3 131.7 130.2 128.1 129.6 129.3 127.4 124.5 120.5 112.5 102.6 92.2 82.3 70.4 58.4 52.6 51 46.7 46.1 44.7 43.7 42.5 41.9 42.9 43.3 42.8 43 42.6 42.3 39.6 39.6 47 58.7 59.3 59.9 64 68.7 77.4 87.4 96.2 109.3 117.5 124 129.2 134.2 138 141.1 142.6 145.1 148.7 151.5 155.5 158.5 160.1 162.8 165.3 165.5 166.1 166.8 167.5 168.1 169.4 170.6 171.7 171 170.6 171.3 176.3 177.6 180.1 183.7 185.2
136.7 137.1 137.2 137.5 137.8 138.2 136.9 135.7 133.9 131.1 131.9 132.2 131.7 129.8 127.5 123.7 116.9 107.4 95.6 85.4 72.8 61.8 59.7 55.6 49.3 48.1 46.4 44.4 43.2 42.5 42.3 42.8 42.9 43 43.1 43.3 43.3 39.2 41.9 46.6 54.7 58.8 59.5 64.4 69.8 79.8 90.4 102.2 110.2 118.5 124.7 128.6 132.6 136 138.2 143.6 147.2 151.1 154.3 156.6 160.6 162.5 164.5 165.9 165.4 166.6 166.7 166.8 168.4 168.6 169.6 169.2 169.3 173.3 175.7 177.6 179.4 182.1 184.8
137.3 137.6 137.7 137.8 138 138.3 137.5 135.8 133.9 132.9 134.6 134.3 133.5 132.1 131 127.5 121.3 111 99.1 87.3 75.1 65.3 69.4 63.6 55 50.6 47.6 44.9 43.3 42.9 42.7 42.8 42.9 43.1 43.2 43.2 43.2 43.3 39.1 42.6 44.2 44.2 55.3 61.3 68 72.9 84.5 94.6 102.6 110.8 118.2 122.7 127.2 132 137.4 142 144.8 148.5 152.6 155.7 158.9 162.2 163.5 163.7 164.2 165.4 166.2 166.3 166.7 166.7 168.6 169.1 169.1 171 175.4 177.7 180 182.4 184
137.1 137.8 138 138.2 138.3 138.5 137.8 136.2 134.5 135.4 136 136.2 135.2 133.9 133 130.7 125.3 115.2 104 90.9 77 73.3 74.8 68.6 63.1 58.2 53.3 48.6 43.9 43.5 43.5 42.9 43 43.1 43.1 43.3 43.4 43.5 42.1 39.5 43.8 44.4 47.2 58.6 63.9 71.8 81.1 88.9 95.5 104.7 113.5 115.9 123.8 129 135.6 140.7 143.2 147.2 151.9 155.6 158.3 160.5 162 160.8 161.1 162.9 165.3 163.7 165.2 166.6 169.1 169.9 169.8 173.3 176.2 179 180.8 181.8 183.2
136.3 137.6 137.8 138.1 138.3 138.9 138.4 137.3 135.7 136 136.7 137.5 136.9 135.6 134.4 132.1 126.5 118.1 106.8 96.1 83.7 79.3 77.2 72.5 70.7 65 59.6 51.7 46 44.8 44.2 43.2 43 43.1 43.2 43.2 43.3 43.7 43.4 39.6 43 43.7 44.8 49.4 62.9 68.4 76.3 84 88 99.1 107.1 116.5 121.5 126.3 132.3 138.2 142 146.2 151.2 154.4 156.4 158.6 159 158.8 159.1 159.7 161.2 165.2 166.4 167.8 169.6 171 171.7 173.5 176.3 179.3 180.8 181.7 182.6
135.5 137.5 138.1 138.7 139.3 139.5 138.5 137.7 136.8 137.1 137.4 138.4 138.4 137.5 135.8 132.5 128 121.9 113.1 102.9 93.9 88.2 78 81 81.1 74.8 66.2 55.2 51.3 47.1 44.8 43.5 43 43 43.1 43.1 43.4 43.2 43 44.1 39.5 43 44 45.8 59.8 64.1 70.2 82 87.3 93.8 103.8 111.9 119.2 125.4 130.8 136.1 140.4 145.5 149.5 151.8 155.1 156 153.3 156.6 159.6 161.8 164.4 166.2 166.5 168.2 169.9 171.4 172.6 173.7 175.9 178.8 179.8 180.7 181.4
134.6 137.5 138.5 139.6 140.3 139.7 138.7 137.8 138.3 138.9 139.1 139.2 139.9 139.1 136.6 133.5 129.6 124.8 118.8 112 98.9 88.7 85.5 88.7 84.5 79.4 71.8 65.2 60.4 55.2 45.1 44.7 43.8 42.9 43 43.1 43 43.1 43.2 44 44 39.5 43.4 43.8 52.1 62.7 66.1 76.4 87.8 90.9 99.5 108.2 118 126.1 129.5 134.4 139.1 143.8 147.3 149.4 151.2 145.6 152.2 157.6 159.4 161.8 163.9 165.3 166.7 168.2 169 170 169.9 172.5 175.1 176.7 178.2 179.3 180
134.9 137.3 138.2 139.5 141.6 141.7 140.7 139.7 139.9 140.7 141.1 141.2 141 140.9 139.5 135.6 131.5 127.3 121.5 116.5 101.8 93.5 98.2 94.8 87.9 82.1 75.6 74.4 68.4 60.1 49.1 45 44.7 43.8 42.9 43 43.1 43.2 43.4 43.4 43.3 43.4 39.5 44 51.6 62.1 64.8 69.3 78.6 89.2 95.7 105 116.2 123.7 128.3 131.9 138 142.3 145 144.8 141.2 151.2 155.1 156.4 159.3 161.4 163.2 163.2 162.1 162.2 166.4 170.3 171.5 173 176.2 178.2 178.7 179 180
135.5 137.3 138.7 140.4 143.1 143.9 143.4 142.2 141.5 142.3 143.1 143.1 143 142.9 141.2 138.8 133.4 128.9 124.3 119.1 97.5 106.5 110.9 103.9 97.9 90.6 81.5 77.7 74.2 67.1 55.5 46.6 45.6 43.7 43.1 43.2 43.3 43.6 43.9 43.8 43.6 43.1 42.5 39.5 50.5 61.5 64 67.4 69.9 78.3 88.3 98.4 111 120.5 126.6 131.1 136.7 139.5 141.4 134 147.7 152.5 153 154.9 157.3 157.3 158.3 160.1 164.4 167.8 168.8 169.9 171.1 173.3 176.4 179.5 181 181.1 182.9
135.9 138.6 140.8 142.3 144.6 145.4 146 144.7 142.9 143.8 144.5 144.5 144 143.5 142 140 135.6 130.9 126.1 117.7 106.5 118.2 118 114.9 108.9 102.7 93.6 82.3 75.8 69.7 62.8 49.8 45.1 43.7 43.7 43.4 43.7 44.1 44.2 44.1 43.5 43.1 42.8 42.5 39.6 52.7 63 65 66.8 68.7 73.8 89.2 103 116.8 125 128.5 133.8 132.7 127.9 138.1 146.1 149.9 150.2 147.9 145.8 153.6 160.4 165 166.1 167.3 168.2 169.3 170.6 172.7 175.3 178 180.3 182 185.5
