data/280000-940000.asc
ncols 200
nrows 200
xllcorner 280000
yllcorner 940000
cellsize 50
[rows 140 to 174 of 200, columns 78 to 155 of 200]
191.6 192 193.5 194.8 194.4 196.7 199.5 203.1 205 206.7 208.6 210.5 212.3 214 215.5 216.1 215.9 216.1 215.8 215.2 214.6 214.1 214.8 215.2 215.4 215.5 215.6 215.8 215.9 215.8 215.6 215.4 215.3 215.5 215.8 216 216.8 215.3 212.5 210.1 207.1 203.5 198.6 192.5 185.9 178.3 171.7 166.8 161.8 159.1 155.9 153.8 152 151.7 152.8 154 155.4 157.6 158.9 162.1 165.1 167 168.1 169.2 170.1 170.9 171.5 171.9 172.2 173.6 175 176.2 177.4 178.5 178.9 178.5 177.5 176
193.2 194.2 195.2 196.9 198.3 200.4 203 199.1 204.7 207.1 209 210.7 212.2 214.1 215.5 215.9 215.7 215.4 214.8 214.2 213.6 213 213.1 213.5 213.6 213.7 213.9 214 214.2 214.1 214 213.8 213.7 213.8 214.1 214.9 215.6 214.8 211.9 208.7 205.5 201.7 197.3 191 184.3 178 170 164.7 159.8 157.1 155.2 153.7 152.1 152.9 154.7 157.2 160 160.4 162.1 164.6 166.4 167.7 169.5 170.6 170.6 172.1 172.7 172.9 173.5 174.6 176 177.2 178.2 179.1 179.2 178.7 177.6 175.9
194.7 195.9 197.2 199.1 200.7 203.6 207.1 206.7 202.4 207.7 208.9 210.1 211.3 213.7 215 215.4 214 214 213.5 213 212.5 212 211.6 211.9 212 212.2 212.4 212.6 212.8 212.5 212.3 212.2 212.1 212.1 212.8 213.5 214.2 213.7 210.7 207.4 203.9 199.6 194.9 188.8 182.9 174.9 168 162.7 158.4 156.3 154.9 154.3 153.1 153.9 155.1 157 159.8 162.3 165.1 167.5 167.9 168.3 169.8 171.3 171.2 173 173.9 174.5 175.1 175.8 176.9 177.7 178.7 179.1 179.2 178.7 177.1 175.4
196.2 197.5 199.4 201.4 203.7 206.3 208.9 210 209.1 204.7 208.2 209.7 210.4 213.6 214.5 213.6 212.2 212.2 212.4 212.5 211.7 210.6 207.6 210.4 210.6 210.8 211 211.2 211.2 210.8 210.6 210.5 210.4 210.3 210.3 210.7 211.4 211.5 209.4 205.7 201.1 197 192.2 186.7 179.5 172.2 167.5 162.2 158 156 155.3 154.9 155 155 156.1 158.5 160.6 163.3 167.3 168.9 170 170.9 170.5 170.8 172 173.4 174.3 175.3 176.3 177.2 177.8 178.2 178.8 179.2 178.9 177.8 176.3 174.6
197.5 200.3 202.6 204.7 207 209.6 211.5 212 211.5 210 206.9 206.1 208.4 212.6 214.9 214.1 212.2 212.2 212.2 211.5 210.4 209 207 208.7 209.2 209.4 209.6 209.8 209.5 209.1 209 208.8 208.7 208.7 208.7 208.7 208.7 208.8 206.4 203.4 198.4 193.4 188.4 182 175.7 169.8 164.6 161 157.8 156.7 156.1 156.1 156.3 156.6 157.6 159.4 161.6 165.3 168.5 170.1 171.4 172.3 170.9 170.8 172.8 173.4 174.4 175.3 176.3 177.2 177.9 178.4 178.8 179.1 178.8 176.9 175.5 174
200.4 203.2 205.7 208 210.1 211.9 213.4 213 213 212.1 211.2 211.1 208.8 210.5 214.9 214.2 212.7 212.2 212 210.6 209 207.5 206.7 207.1 207.5 208 208.2 208.3 207.9 207.5 207.3 207.2 207.1 207.1 207.1 207.1 206.5 205.9 204.2 201 196.1 190.8 185.6 178.3 173.5 168.8 164.1 160.4 158.2 157.5 157.1 157.4 157.7 158.1 159.7 161.6 163.1 166.9 169.6 171.2 171.7 171.2 170.8 171.4 173.9 174.1 174.4 175.3 176.3 177.3 177.9 178.4 178.7 178.5 178.1 176.2 174.8 173.4
203.3 206.1 208.9 211.2 212.9 214.2 214.7 214.7 214.8 213.8 213.1 213.1 213.3 212 213 212.2 212 211 210.6 209.1 207.1 205.1 205.9 206.1 206.2 206.4 206.8 206.7 206.3 205.8 205.6 205.5 205.5 205.2 204.6 204 203.4 202.8 201 197.7 193.9 188.8 182.2 176.4 172.1 167.4 162.5 160.5 158.8 157.9 158 158.5 159 160.1 161.8 163.8 165.8 169 170.8 171.7 172.6 171 170.8 173.6 174.7 175 175.2 175.3 176.3 177.3 177.9 178.3 178.1 177.7 176.9 175.3 174 172.5
206.9 209.4 211.9 214.1 215.7 216.9 216.6 216.6 216.6 215.7 215 215.1 215.9 215.5 213.9 212.3 211.2 210 209.5 207.9 206 204.1 205.1 205.1 205.3 205.4 205.5 205.3 204.7 204.2 203.8 203.3 202.9 202.4 202 201.5 201.1 200.5 197.8 194.5 190.7 185.1 179.4 175 170.7 165.5 161.7 160.1 159 158.5 158.9 159.5 161.7 162.1 163.9 165.5 167.3 169.8 171.4 172.2 172.8 172.6 174.1 174.9 175.6 175.9 176.1 176.3 176.5 177.3 177.7 177.7 177.4 176.6 175.8 174.5 172.9 170.7
210.5 213 215.7 217.6 218.7 219.1 218.8 218.4 218.4 217.6 216.9 217.3 217 216 213.7 212.1 210.3 209.2 208.2 206.5 204.9 203.5 203.8 204 204.2 204.2 204.1 204.4 203.8 203.2 202 201.6 201.2 200.7 200.3 199.9 199.3 198.3 195.4 191.1 186.4 181.9 177.4 172.5 168.2 162.4 160.8 159.7 158.7 158.5 159.6 160.6 162.6 163.6 164.9 166.9 168.7 170.8 171.9 172.7 173.4 173.6 174.3 175.2 176 176.8 177 177.2 177.3 177.1 177 177 176.1 175.4 174.6 173.4 171.2 168.9
213.8 216.8 219.6 221.2 221.9 221.5 221.1 220.7 220.3 219.7 218.7 217.9 217.5 215.7 214.3 212.8 210.9 208.9 207.1 204.4 203.7 201.7 201 202.9 202.8 202.6 202.8 203.1 202.8 202.2 200.7 199.9 199.5 199.1 198.6 198 197 196 193 188.7 184.5 179.8 175.9 171.3 165.3 162.1 160.6 159.4 158.4 158.7 159.9 161 163.3 164.9 166.1 167.4 169.6 171.5 172.3 173.1 173.9 174.2 174.7 175.5 176.3 177.1 177.4 177.4 177.4 176.9 176.6 176.1 175 173.8 173 172.2 169.9 167.6
217.7 220.6 223.6 224.6 225.2 224.2 223.4 223.1 222.5 221.4 220.3 219.1 217.7 216.3 214.8 213.4 211.9 209.1 207.8 206 206.1 208.5 201.9 200.5 201.2 201.2 201.5 201.8 201.9 201 199.5 198 197.8 197.4 196.7 195.7 194.7 193.4 190.3 186.8 183.1 177.7 174.5 170.2 165.5 163.1 160.7 159.3 158 158.8 160.1 161.6 164.2 165.9 167.2 168.3 169.9 171.5 172.7 173.5 174.3 174.7 175.3 175.8 176.6 177.4 177.5 177.5 177.2 176.6 176.2 175 173.8 172.6 171.4 170.5 168.8 166.4
221.4 224.5 227.1 227.9 228.4 226.6 225.6 225.4 224.6 223.5 222.4 221 219 217.4 216 214.4 212.9 211.5 209.3 207.3 205.9 204.5 203.2 201.1 199.7 199.9 200.2 200.5 200.8 199.8 198.2 196.6 196 195.5 194.5 193.5 192.5 190.8 187.7 185.1 180.8 176.4 174.2 170.4 165.4 162.2 159.9 158.9 157.5 158.7 160 162.2 165.4 166.9 167.9 168.8 170.1 171.4 172.5 173.6 174.7 175.3 175.8 176.4 176.9 177.6 177.4 177.1 176.7 176.1 175.2 174.1 172.8 171.5 170.3 169 167.7 166.3
225.7 228.5 230.5 231.3 231.2 229.7 228.6 227.8 226.7 225.6 224.4 222.5 220.5 218.5 216.9 215.6 214 212.6 210 207 204.1 202.8 202.5 203.1 202.3 199.4 199.5 199.6 199.3 198.4 196.8 195.3 194.9 193.6 192.4 191.3 190.2 188.6 186.8 184.5 178.4 173.1 169.4 167.2 162.9 161 159.2 158.4 156.7 158.1 159.7 163.2 166.3 167 168 169 170.2 171.4 172.6 173.8 175 175.7 176.3 176.8 177.3 177.2 176.9 176.5 176.1 175.1 174.3 173.2 172 170.7 169.4 168.2 166.9 165.6
229.3 232 234.3 234.3 233.8 233 231.7 230.4 229 227.7 226 224 222 220 217.1 215.4 214.9 212.9 210.6 206.6 205.2 204.1 202.3 200.8 199.6 198.7 198.4 198.4 197.5 196.7 195.5 194.2 193.6 192.2 190.5 189.4 188.3 187.5 185.8 183.7 178.4 173.7 166.9 164.6 163 162.3 157 156.8 156.5 157.9 159.6 164.9 166 166.7 167.7 169 170.5 171.6 172.9 174.1 175.3 176.1 176.4 176.8 177.1 176.7 176.3 176 175.2 174.2 173.3 172.4 171.2 169.9 168.6 167.4 166.2 163.8
233.1 236.1 238.5 238.4 238.2 237 234.5 233.1 231.8 230.3 227.7 225.4 223.2 220.4 219.2 218.6 216.9 215.4 212.2 209 207 205.4 204.1 202.6 201.1 200 197.8 196.3 195.6 195 194.1 193 192.3 190.9 189 187.5 186.3 185.3 183.3 179.2 176.6 171.8 165.9 164 161.5 158.1 156.2 155.5 156.7 157.9 160.8 164.7 165.5 166.4 167.6 169.3 170.8 171.8 173 174.3 175.3 176 176.4 176.7 176.5 176.2 175.8 175.3 174.3 173.4 172.4 171.5 170.3 169.1 167.8 166.6 165.4 163.2
240.3 241.4 243.2 243.4 242.2 241 239.2 236.2 234.6 232.5 229.9 227.4 225 221.9 221.6 221.1 219.7 217.7 215 210.9 207.9 206.4 205.7 204.3 202.9 201.5 199 196.3 193.7 193 191.4 191.7 191 189.5 187.1 184.2 183.1 182.4 179.9 176.6 173.8 171 167.7 161.5 157.9 156.2 154.4 154.9 156.1 157.6 160.8 163.8 165.1 166.3 168 169.7 171.1 172 173.2 174.3 175.1 175.8 176.3 176.4 176 175.6 175.3 174.4 173.5 172.5 171.5 170.6 169.5 168.3 167 165.8 164.6 162.6
246.5 246.4 248.1 248.3 246.6 245 243.8 241.2 237.6 234.5 231.5 228.1 225.3 224.4 223.7 222.1 222.7 221.3 216.8 212 208.6 207.7 207.2 205.8 204.4 202.5 200.1 197.4 194.7 193.2 191.5 189 189.2 187.2 184.1 181.8 179.4 179.3 178.8 175.8 175.2 170.2 167.2 165.9 159.1 155.7 154 153.9 155.5 157.4 160.3 163 165 166.7 168.4 170.1 171.4 172.2 173.3 174 174.8 175.5 176.2 175.9 175.5 175.1 174.5 173.6 172.6 171.7 170.7 169.7 168.8 167.5 166.3 165 163.8 162.1
252.8 252 253.4 253.8 252 250.8 248.7 245.6 240.1 235.4 231.2 229.2 229.1 228.6 224.7 226.6 227.6 226 220.2 213.6 211.5 209.2 208.7 207.3 205.7 203.4 201.1 198.4 195.7 194.2 192.3 189.3 186.8 184.6 184.3 184.9 181.3 174.6 175.6 173.1 171.5 168.1 166.1 161 158.2 155.5 153.9 153.4 155.2 156.8 159.4 162.1 164.8 167.1 168.8 170.5 171.8 172.3 173.1 174.1 174.9 175.5 176 175.6 175.2 174.9 174.3 173.1 172.1 171.1 170.2 169.2 168.4 167.7 166.7 165.5 164 161.5
259.2 258.2 258.7 259.6 257.5 257.2 254.9 250.2 243.7 238.3 234.2 233.6 232.8 231.7 227.9 232.2 233 231.2 225.5 220.2 216.4 214.3 211.1 208.6 206.7 204.3 201.9 199.5 196.5 194.6 191.8 188.8 186.8 185.5 185.1 183.9 180.4 176.6 169.8 166.9 165.6 164 161.2 158 156.7 155.3 156.1 153.8 155.2 156.6 159.6 161.4 164.5 167.2 169.2 170.6 171.7 172.8 173.5 174.1 174.7 175.3 175.9 175.4 175 174.6 174.2 172.8 171.6 170.6 169.6 168.8 168.1 167.3 166.6 165.2 162.7 160.7
265.8 265 264 265.6 264.9 264.3 260 253.4 246.9 241.3 236.9 235.3 235.5 236.7 234.7 237.9 240.3 238.1 234.1 228.7 224 219.7 215.2 210.6 207.7 205.4 203 200.6 197.1 193.8 191.1 188.5 187.1 185.8 184.4 182.9 180 177.2 172.6 170.1 166.7 163.4 161.6 162 160.4 156 154.3 151.9 154.6 156.5 159.3 162.4 164.8 167.5 169 170.2 171.3 172.3 173.3 174 174.6 175.2 175.8 175.3 174.8 174.4 174 172.7 171.3 170.1 169.1 168.4 167.7 166.9 166.1 164.1 161.8 159.7
273.9 272.9 272.4 274.1 272.2 271 265.1 257.6 250.1 245.1 240.8 239.9 242.5 243.3 242.9 247.1 248.8 248.2 243.6 237.8 231.1 225 220 215 210.6 207.9 205.5 202.7 197.9 193.1 190.4 188.6 187.3 186 184.7 182.6 180.1 177.5 173.6 169.6 165.6 163 161.9 159.5 159 155.1 154.1 153.6 154.6 156.9 160.2 162.2 165.4 167.3 168.5 169.7 170.8 171.9 173 173.8 174.5 175.1 175.7 175.2 174.7 174.2 173.8 172.6 171.2 169.7 168.8 167.9 167.1 166.3 165.6 163.2 160.7 158.4
280.9 282.1 283.5 282.7 281 275.9 270.6 263.5 255.5 250.5 246.9 246.6 249.9 253.8 253.7 258.4 260.7 259.2 253.3 247 238.8 232.4 224.9 219.4 215 210.6 208.1 204.1 199.7 195.2 191.6 188.9 187.6 185.9 183.8 181.8 179.8 176.4 171.9 168.1 165.2 162.3 160.9 160 158.8 155.4 153.4 152.2 154.8 157.4 159.7 161.5 164.9 166.7 168 169.3 170.4 171.5 172.6 173.5 174.3 174.9 175.5 175.1 174.6 174.1 173.6 172.4 170.9 169.5 168.8 168 167.1 166.1 165.2 163.6 162.1 160.8
294.3 297.9 296.7 294.9 289.8 284.2 278.5 270.3 261.1 256.5 252.2 256.4 258.4 265.4 267.2 269.6 272.4 270 263.9 255.3 247 239.4 231.5 224.5 219.7 215.2 210.6 206.7 202.8 196.7 192.5 189.4 187 184.9 182.9 180.8 179.3 175.3 170.4 167.4 164.5 161.8 160.4 159.4 158.5 155.2 153.1 151.9 154 157.7 159.6 161.5 164.3 165.9 167.5 168.8 169.9 171 172.2 173.2 174 174.7 175.4 175 174.5 174.2 173.6 172.1 170.6 169.5 168.7 168 167.2 166.3 165.2 163.7 162.2 161
312.2 315.4 312.3 308.3 301.8 294.9 287.4 278.3 269.3 265.7 261 267.8 272.1 281.7 279.4 284.1 286 279.9 274.4 264.2 255.2 245 237.6 231.8 225.7 221 216.2 210.3 205.3 199.7 194.9 191 187.8 185.4 183 180.6 177.7 174.3 169.8 166.8 163.5 161.4 159.7 158.6 157.4 155 154.3 151.8 154.4 157.1 159.2 161.6 163.5 165 166.6 168.2 169.5 170.6 171.7 172.8 173.7 174.4 175.4 175.2 174.8 174.3 173.5 171.8 170.2 169.4 168.7 167.9 167.2 166.4 165.3 163.8 162.1 160.9
330.5 332.3 328.9 321.3 314.4 308 299.2 288.5 280.1 275.8 273.4 280.9 289.5 295.9 292.9 298.3 300.1 293.2 286.3 274.8 263.3 254.2 245.5 239.1 233 226.8 221.9 215.4 209.4 202.1 197.7 193.4 189.4 186.2 183.8 180.9 177.5 173.9 170.2 166.3 162.6 161 159.3 157.8 156.2 154.8 153.9 152.4 153.3 157.3 159.5 161.3 162.8 164.2 165.8 167.3 168.9 170.2 171.3 172.4 173.6 174.8 175.3 175.2 175 174.2 173.3 171.6 170.1 169.4 168.6 167.9 167.2 166.4 165.4 163.7 162.1 160.8
346.3 349.6 347.5 340.9 333.5 324.8 316.1 304.3 292.6 286.8 285.6 291.3 302.3 310.3 306.9 311.9 313.3 306.7 297.7 285.6 274.2 265.1 255.7 248.2 241.5 234.7 227.9 221.8 214.2 205 199 194.4 190.6 187.6 183.9 180.5 177.1 173 168.9 164.9 161.5 159.4 158.2 156.9 157 158.1 153.8 151.9 154.2 157.3 159.1 160.8 162.3 163.3 164.9 166.5 168 169.6 171 172.4 174.1 175.3 175.3 175 174.7 174.2 173.3 172 170.5 169.6 168.8 168.1 167.3 166.2 165 163.4 161.4 159.1
358.4 364.4 366.3 361 354 345.2 333.6 321 307.9 300.6 296.8 303.5 314.8 320.7 317.4 323.8 326.1 322.7 314 301.1 289.2 277.1 266.3 257.3 249.1 242.1 235 227.4 218.6 208.2 201.1 195.6 191 187.5 183.7 179.9 175.7 171.6 167.6 163.6 160.5 158.3 156.5 155.1 158.1 157.3 153.4 152.5 155.2 157.2 158.7 160.3 161.8 162.6 163.9 165.5 167.3 169.2 171 172.3 174.2 175.4 175.1 174.8 174.5 174.1 173.3 172.1 170.9 169.7 168.9 167.8 166.8 165.6 164.4 163.3 161.3 161
366.2 374 377.8 378.2 374 365.8 353.7 339 324.6 313.5 308.5 308.3 324.5 328.8 328.9 341.2 345.3 345.2 332.3 313.9 303.1 289.6 277.3 269.2 259 252.9 243.1 233.1 222 211 202.8 196.9 192.1 187.4 183.3 179.3 174.5 170.3 166.2 162.2 159.5 156.7 154.8 155 156.1 155 153.5 150.8 155.2 156.6 158.3 160.1 161.4 162 163 164.9 166.8 168.8 170.7 172.5 174.3 175.2 174.9 174.6 174.3 173.9 173.2 172 170.7 169.5 168.4 167.4 166.2 165 163.5 162.4 162.1 161.8
368.1 376.6 385.5 387.5 388.4 382.8 372.5 355.2 338.3 326.8 323.4 321.9 326.3 331.5 351.3 360 363 364.1 349.6 328.3 316.3 302 288.7 280 269.4 260.6 249.3 237.6 225.7 213.3 204.4 198.2 192.8 187.6 182.8 178.8 174 169.2 164.8 160.8 158.1 155.1 152.7 152 153.1 153.4 151.2 153.2 155 156.7 158.6 160.4 161 161.6 162.6 164.5 166.4 168.3 170.3 172.5 174.5 174.9 174.6 174.3 174 173.7 173 171.5 170 169 168 166.8 165.6 164.7 163.8 163 163 163
368.9 376.7 384.4 391.7 396.5 392.8 383.6 369.5 353.1 339.8 338.5 334.9 336.1 348.8 367.6 376.3 378.6 380.9 364.8 342.9 330.9 314.5 297.5 285.8 281.7 267.8 255.6 241.8 226.7 214.9 205.8 198.7 192.6 187.8 182.6 178.3 173.5 168.8 164 159.5 156.4 153.4 150.5 150.5 153.4 152.1 150.8 152.9 155.2 157 158.8 160 160.6 161.5 162.4 164 166 167.9 170.2 172.5 174.7 174.6 174.4 174.1 173.8 173.6 172.5 170.8 169.5 168.5 167.9 167 166.1 165.3 164.4 163.9 163.9 163.9
368.9 373.8 380.1 391.8 397.9 397.6 389.9 379.3 366.4 353.1 352.7 351.5 348.7 356.9 373.5 385.8 390.3 394.2 380.4 353.7 341.4 324 301.2 290.2 293.6 274 260.8 244.2 226.8 215.2 205.8 199.1 192.8 187.3 182.6 177.8 173.1 168.3 163.6 158.9 155.4 151 148.8 147.1 148.5 148 151.5 153.9 155.4 157.3 159 159.6 160.3 161.3 162.3 163.6 165.5 167.7 170.1 172.4 173.9 174.2 174.2 174 173.7 173.4 171.9 170.4 169 168 167.4 167.6 166.7 165.8 165 164.8 165 166.1
368.8 376.2 381 389 396 396 392 383.2 375.6 369.9 370.8 372.1 369.6 364.2 374.1 389.4 398 400.6 392.7 362.4 345.1 325.5 303.9 297.8 290.5 276.7 260.7 240.4 225.6 214.6 206.3 199.4 193.1 186.8 182 177 172.5 168 163.2 158.5 154.2 150.3 147.3 147.6 147.8 148.5 151 153.2 155.4 157.1 158.8 159.3 160.2 161.2 162.2 163.2 165.2 167.6 170 171.7 173 173.5 173.6 173.6 173.5 173.1 171.5 170 168.6 167.6 167 167.1 167.3 166.4 165.7 166.1 166.9 167.7
371.9 379.7 387.5 392 395.1 395.1 389.6 384.2 383.4 382 383.2 383.4 384.7 381.2 384.4 389.9 397.1 399.8 394.6 366.3 345.8 325.2 303.2 290.9 282.1 274.1 259.8 237.8 224.5 215.1 205.7 199.1 193 186.9 181.1 176.1 171.6 167.1 162.6 158 153.7 148.7 145.7 148.4 150 150.7 149.9 153.5 155.3 156.9 158.6 159 159.8 160.8 161.9 163 164.9 167.2 169.4 170.8 172 172.5 172.8 172.9 172.8 172.4 171 169.6 168.1 167.3 166.5 166.7 166.8 167 166.9 167.6 167.7 167.9
375.8 384.4 392.3 394.8 397.3 396.6 394.2 393.2 392.3 389.7 389.8 392.6 395.4 395.1 396.4 394.5 392.9 395.2 394.1 379.2 356.7 336.2 314.8 293.9 278.2 267.3 253.5 235.8 223.8 214.4 205.1 198.9 192.5 185.7 179.5 174.7 169.8 165.2 160.6 156.1 150 147.3 148.2 150.6 152.4 154.5 155.2 154.3 155.3 156.8 158.3 158.6 159.2 160.3 161.4 162.3 164 166.5 168.5 169.9 170.9 171.4 172 171.9 171.8 171.5 169.9 168.4 167.3 166.9 166.1 166.2 166.4 167.2 166.5 166.6 166.9 167.2
379.2 388.2 397 399.4 400.7 401.2 403 402.9 401.4 395.8 394.5 397.2 402.1 403.4 401.9 398.9 391.8 387.3 388.4 383.2 361.6 342.7 325.5 307.3 279.1 264.9 250 234.3 223.4 213.9 204.7 198.1 191.4 184.5 177.9 173.1 168.1 163.2 158.6 154.1 149.7 146.8 152.1 154.4 154.9 155.3 155.5 155.4 157 157.8 157.9 158.2 158.7 159.7 160.7 161.6 162.9 165.8 167.6 169 169.5 170.4 170.8 170.8 170.7 170.4 169.2 167.3 166.6 166.2 165.8 166.5 167.4 167.4 166.2 166.1 166 166.8
