data/280000-690000.asc
ncols 200
nrows 200
xllcorner 280000
yllcorner 690000
cellsize 50
[rows 160 to 199 of 200, columns 0 to 91 of 200]
13.6 13.9 13.9 13.8 13.7 13.6 13.5 13.3 13.1 13 12.5 10.7 9.4 10 10.6 10.3 9.2 9.6 10.5 11.4 12.2 13.1 13.9 14.8 13.9 12.7 11.7 11.5 12.6 12.2 9.2 9.5 9.3 7.8 6 4.1 4.4 4.8 6.7 8.8 9.8 10.5 11.2 11.3 11.2 11.2 11.2 11.3 11.4 11.4 11.6 11.7 11.6 11.5 11.4 11.1 10.5 10 9.2 8.6 10.2 10.1 10.8 11.9 11.6 10.2 10.5 10.8 11.4 11 11 10.9 10.9 11.1 11.1 11.3 9.3 -1 -1 -1 -1 -1 -1 -1 -1 -1 -1 7.8 6.5 8.2 9.2 8.9
15.8 13.6 13.9 13.9 13.8 13.7 13.5 13.3 12.5 10.9 10.7 9.9 9.9 9.8 10.3 10.9 10.2 10.1 10.9 11.8 12.7 13.5 14.4 15.3 14.3 12.9 12.1 12.7 14.6 12.4 9.2 9.6 10.1 9.3 7.5 5.1 4.2 5.1 7.2 9.3 10.5 11.2 11.4 11.3 11.2 11.1 11.1 11.2 11.3 11.5 11.7 11.6 11.5 11.5 11.4 11 10.6 10 8.5 5.9 10 10.8 11.4 12.1 12.1 10.8 11.2 11.6 12 11.7 11.5 11.5 11.6 11.6 11.5 11.5 11.4 11.7 -1 -1 -1 -1 -1 -1 -1 8 9.6 9.7 7.2 9.5 10 9.7
19.8 17.3 13.9 14 13.9 13.7 12.6 12.4 12.1 11.9 10.9 10.6 10.6 10.5 10.4 10.7 10.8 10.5 11.4 12.3 13.2 14 14.9 15.4 15.4 14.2 13.6 14.2 15 10.8 9.3 9.8 10.2 10.7 9 6.6 4.2 5.6 7.7 9.8 11.2 11.4 11.3 11.2 11.1 11 11 11.2 11.5 11.7 11.7 11.6 11.5 11.4 11.4 11.1 10.8 10 7.5 9.6 10.6 11.6 11.8 11.7 11.8 11.5 11.9 12.3 12.7 12.3 12.1 12.1 12 11.9 11.8 11.7 11.5 9.7 -1 10.3 8.6 8.2 9 10.8 10.3 10.7 10.6 10.4 7.9 10.8 10.8 10.5
27.5 23.2 15.9 14.6 14.1 13.9 13.6 13.4 13 11.8 10.6 11.4 11.3 11.2 11.1 11 11.1 11.1 11.9 12.8 13.4 13.8 14.2 14.6 15.3 15.8 15.3 15.9 13.5 10.4 9.9 10.3 10.8 11.2 10.7 7.7 4.6 4 4.6 7.6 10.5 10.2 9.9 9.6 10.1 11.1 11.2 11.4 11.6 11.7 11.6 11.5 11.4 11.3 11.3 11.3 11 10.8 5.7 10.7 11.3 12.2 12.2 12.1 12 11.9 12 12.3 12.5 12.5 12.5 12.4 12.2 12.1 11.9 12 11.5 9.7 7.9 9.2 9.9 10.3 11.5 11.2 11.4 11.3 11.1 10.9 10.2 11.4 11.2 10.9
34.2 29.1 20.5 16.9 15.4 14.9 14.6 14 12.7 11.5 11.7 12.1 12 11.9 11.8 11.6 11.5 11.5 11.9 12.3 12.6 13 13.4 13.9 14.6 15.3 15.3 14.9 13.3 11.3 11.8 12 11.7 11.3 11 11.1 9.1 7.6 6.1 7.2 7.4 7.1 9.3 11.1 11.2 11.2 11.4 11.6 11.7 11.6 11.5 11.4 11.3 11.3 11.3 11.2 11.2 9.4 9 11.4 12.3 12.6 12.4 12.2 12.1 12 12 12 12 12.1 12.2 12 11.9 11.7 11.7 12.1 12.1 12 10.3 10.3 11.3 11.4 11.6 11.8 11.8 11.6 11.5 11.3 11.3 11.7 11.6 11.3
36.2 33.8 27 19.9 17.1 15.9 14.9 13.7 12.4 11.8 12.8 12.8 12.7 12.6 12.5 12.3 11.9 11.4 11.1 11.5 11.8 12.2 12.6 13.2 13.9 14.1 13.9 13.7 13.2 12.8 12.4 12.1 11.7 11.3 11 10.8 10.9 9.7 6.6 5.8 8.5 11.1 11.2 11.2 11.3 11.4 11.6 11.8 11.8 11.6 11.5 11.4 11.3 11.2 11.2 11.2 11.1 6.7 10.6 11.8 12.5 12.6 12.4 12.3 12.1 12 12.1 12 12 11.9 11.9 11.7 11.5 11.5 11.9 12.3 12.2 12.2 12.1 12 11.9 12 12.2 12.3 12.2 12 11.8 11.7 11.5 11.7 11.9 11.6
35.8 35.9 30 19.1 18.4 16.8 14.6 13.4 12.2 12.8 13.6 13.5 13.4 13.3 13 12.5 11.9 11.5 11 10.8 11.1 11.4 11.8 12.4 12.8 12.6 12.5 12.2 11.8 12.1 12.4 12.1 11.7 11.4 11 10.8 8.7 4.3 7.6 10.4 11.2 11.2 11.3 11.4 11.5 11.6 11.8 12 11.8 11.6 11.4 11.3 10.2 11.2 11.2 11 10.8 5.8 11.3 12.1 12.4 12.6 12.5 12.3 12.2 12.1 12.1 12 11.9 11.7 11.8 11.6 11.3 11.7 12.1 12.4 12.4 12.3 12.6 13.1 12.6 12.6 12.7 12.7 12.5 12.3 12.2 12 11.9 11.8 12.2 12
33.7 31.2 24.1 21.4 25.6 18.2 14.5 13.1 12.9 13.9 14.3 14.2 14.1 13.6 13 12.5 12 11.5 11.1 10.6 10.4 10.6 11 11.5 11.4 11.2 11 10.7 10.1 9.5 10.6 11.7 11.7 11.4 11 10.8 5.8 4.6 7.9 11.2 11.3 11.4 11.5 11.6 11.7 11.8 11.9 12 11.8 11.6 11.3 11.3 10.8 10 11.3 11.4 11.4 5.1 11.6 12.1 12.3 12.6 12.5 12.4 12.2 12.2 12.1 11.9 11.7 11.6 11.8 12.1 11.9 11.9 12.3 12.6 12.6 13.1 13.2 13.3 13.3 13.1 13.2 13 12.8 12.7 12.5 12.4 12.2 12.1 12.2 12.3
23.7 23.1 24.2 32.3 33.5 27.7 16.9 13 13.9 14.9 15 14.7 14.2 13.6 13 12.5 12.1 11.6 11.1 10.7 10.2 10.1 10.3 10.1 9.9 9.7 9.6 9.1 8.5 7.8 8 9.1 10.2 11.3 11 6.7 5 9.2 9.3 11.6 11.5 11.6 11.7 11.8 11.9 12 12.1 12 11.8 11.5 11.2 11.1 11 11 11 11.3 11 7.8 11.8 12.1 12.3 12.5 12.6 12.4 12.2 12.1 12 11.8 11.6 11.4 11.9 12.7 12.8 13.2 13 12.8 12.9 13.1 13.2 13.3 13.1 13.7 13.5 13.3 13.2 13 12.9 12.7 12.6 12.4 12.4 12.5
31.4 31 34.3 32.9 34.4 33.2 25.3 15.3 14.9 15.8 15.3 14.7 14.2 13.6 13.1 12.6 12.1 11.7 11.2 10.8 10.3 10.3 10.5 10.2 9.9 9.7 8.9 8 7.1 6.2 5.6 6.4 7.6 9.3 10.9 4.9 7.1 11.1 10.9 10.7 11.6 11.7 11.8 12 12.1 12.2 12.3 12.1 11.7 11.4 11.1 10.8 10.8 10.8 10.7 10.6 8.4 9.3 11.5 11.9 12.2 12.4 12.6 12.4 12.2 11.9 11.7 11.6 11.4 11.3 11.9 13.5 13.6 13.9 13.7 13.4 13.3 13.3 13.3 13.4 13.5 13.7 13.5 13.4 13.3 13.2 13 12.9 12.8 12.6 12.4 12.5
27.7 27.6 26.9 25.2 25.1 25.3 26.2 23 16.8 14.9 15.3 14.7 14.2 13.6 13.1 12.7 12.2 11.7 11.4 11.1 11 11.2 11.1 10.9 10.5 9.6 8.7 7.8 6.9 6 5.1 5.1 7 9.3 7.9 5 9.2 9.3 10 11.9 12 11.9 12 12.1 12.2 12.3 12.3 12 11.6 11.3 10.9 10.6 10.6 10.6 10 10.3 5.7 10.3 11.2 11.5 11.9 12.3 12.6 12.3 12 11.6 11.4 11.2 11 10.8 12.6 14.1 13.6 13.9 13.8 14.2 13.8 13.7 13.8 13.8 13.6 13.7 13.5 13.4 13.2 13.1 13 12.9 12.7 12.3 11.7 11.3
27.6 27.8 28.5 29.4 24.2 20.2 19 19.2 19.2 16.3 14.5 14.7 14.2 13.7 13.2 12.7 12.5 12.2 12 11.9 11.9 12 11.8 11.3 10.4 9.5 8.5 7.6 6.7 5.8 5 5 7.7 11.1 5.9 7.9 6.9 7.6 8.2 9.6 10.4 12 12.2 12.4 12.5 12.5 12.3 11.9 11.5 11.2 10.8 10.5 10.3 10.2 9.3 9.4 8.4 11.8 12 12.2 12.4 12.5 12.5 12.1 11.8 11.4 11.1 10.9 10.7 10.5 12.5 13.9 13.3 14.1 14.4 14.8 14.9 14.5 14.2 14.3 13.9 13.8 13.5 13.3 13.2 13.1 13 12.8 12.2 11.8 11.5 11.3
30 29.5 30.2 32.6 29.4 25.6 21.8 19 19.4 23 20.2 14.7 14.2 13.8 13.6 13.3 13.1 12.9 12.8 12.8 12.7 12.7 12 11.1 10.2 9.3 8.4 7.5 6.5 5.6 5 5 7.1 10.6 6.6 5 5.8 7.5 9.1 10.6 11.6 12.5 12.7 12.7 12.6 12.6 12.6 12.3 11.8 11.5 11 10.6 10.4 9.5 8.5 6.6 10.7 12 12.1 12.2 12.2 12.3 12.4 12.3 11.5 11.2 10.8 10.6 10.4 10.1 10.6 11.9 13.2 14.2 15.4 15.7 15.7 16 16.5 14.8 14.3 13.8 13.5 13.3 13.2 13.1 12.8 12.3 12 11.7 11.5 11.2
35.5 34.1 35.7 35 31.8 27.2 23.6 20.3 21.1 26.2 27.3 22.1 16.2 14.4 14.2 13.9 13.8 13.7 13.7 13.5 13.1 12.8 12.2 11.3 10.4 9.5 8.6 7.7 6.8 5.9 5.2 5 6.1 7.5 5 5 5.6 7.2 8.6 9.6 10.8 12.1 12.7 12.8 12.8 12.8 12.7 12.7 12.3 11.7 11.3 11 10.5 9.3 8.1 10 11.8 11.9 12 12 12.1 12.2 12.2 12.3 11.5 10.9 10.6 10.3 10.1 10 10 10.2 12 14.5 18.2 19.7 21.1 20.2 19.3 18.2 14.4 13.6 13.5 13.3 13.1 12.7 12.5 12.2 11.9 11.6 11.4 11.2
40.1 37.8 35.8 35.6 34.2 28.7 25.2 22.4 22.6 26.3 30.7 28 22.3 16.6 14.8 14.6 14.3 13.9 13.5 13.1 12.8 12.6 12.4 11.6 10.7 9.8 8.9 8 7.1 6.2 5.7 5.1 5 5 5 5 5.3 6.7 8.1 9.4 10.6 11.9 12.7 12.8 12.8 12.8 12.9 12.8 12.8 12.3 11.7 11.1 10.1 8.9 7.8 10.8 11.5 11.4 11.8 11.9 12 12 12.1 12.2 12 10.7 10.4 10.1 10 10.3 10.7 11.3 13.3 16.7 21.3 24.4 28.9 30.4 25.8 20 17 13.4 13.2 13.2 12.9 12.6 12.4 12.1 11.8 11.6 11.3 11.1
43.3 40.5 38.2 37 35.8 31.4 27.5 24.6 23.9 24.5 30.9 30 26.9 22.6 20.2 16 13.9 13.5 13.1 12.7 12.8 12.3 12.1 12 11.1 10.2 9.3 8.4 7.5 6.6 6.1 5.6 5.6 5 5 5 5.3 6.6 7.9 9.2 10.4 11.7 12.7 12.8 12.8 12.8 12.9 12.9 13 12.9 12.3 10.8 10 8.8 8.3 9.9 11.1 10.8 11.6 11.8 11.8 11.9 12 12 12.1 11.2 10.4 12.3 12.7 13.2 13.6 14 15 17.9 22 26 34 37.2 32.8 25.5 20 17.3 12.7 12.7 12.8 12.5 12.3 12 11.8 11.5 11.3 11
39 40.2 40 37.6 35.2 33.3 28.3 24.1 23.9 23.9 28.6 30.6 29.5 28.6 26.2 22.7 17.3 14.4 13.1 12.6 12.7 12 11.8 11.7 11.4 10.5 9.6 8.7 7.8 7.1 6.6 6.7 8.1 8.5 7.3 6.1 5.7 6.4 7.7 8.9 10.2 11.5 12.7 12.8 12.8 12.8 12.9 12.9 13 13 12.7 11.6 10.5 9.4 9.8 11 10.1 10.2 10.9 11.6 11.7 11.8 11.8 11.9 11.9 11.5 13 14.8 15.1 15.8 16 16.3 16.5 18.1 21.7 25.6 33.8 37.4 36.1 29.9 25.7 20.6 14.2 12.2 12.1 12.5 12.2 11.9 11.7 11.4 11.1 10.9
39.1 39.1 40.6 42.1 38.1 32.7 27.2 23.9 23.9 24 24.7 30.1 29.7 33.2 32.2 29 24.5 18.2 14.7 13.1 12.5 11.7 11.6 11.4 11.3 10.8 9.9 9 8.1 7.6 7.6 9.1 9.7 9.1 7.9 7 6.5 6.7 7.5 8.7 10 11.3 12.6 12.8 12.8 12.9 12.9 12.9 13 12.9 12.8 12.4 11.4 9.4 10.3 10.1 10.3 10.8 11 11.3 11.6 11.8 12.1 12.4 12.3 11.5 10.2 11.2 13.9 15.9 16.3 16.5 16.8 17.6 20.6 24.6 32 35.6 33.5 28.3 22.4 18.4 12.7 11.2 11.9 12.5 12.1 11.8 11.5 11.2 10.9 10.7
39.1 39.1 39 44.6 43.1 38.1 32.3 27.7 26 26.7 27.6 29.1 31.1 35.8 35.7 33 27.3 25.5 22.2 15.6 13.1 11.4 11.3 11.1 11 10.8 10.3 9.4 8.6 8.6 9.7 10.1 10.6 9.7 8.5 7.9 7.4 7.3 7.8 8.5 9.8 11.1 12.3 12.8 12.8 12.9 12.9 12.9 12.9 12.8 12.7 12.5 11.3 9.2 10.9 10.6 11.2 12.2 12.5 12.5 12.6 12.7 12.8 12.7 12.6 11.6 11.5 11.1 13 14.9 16.5 16.7 16.8 16.9 17.8 20.9 27.3 31.6 27 23.1 17.6 13.4 11 10.7 11.4 12.1 12.2 11.9 11.5 11.2 10.9 10.6
39.2 39.3 39.4 39.5 44.5 42.2 40.3 33.9 31 31.6 32.2 34 36.1 36.3 35.1 33.1 31.8 30 28.2 26.4 14.9 12.6 11.8 11.3 10.8 10.5 10.4 9.7 9.5 10.2 10.6 11.1 11.4 10.3 9.3 8.9 8.4 7.9 8.4 8.8 9.6 10.9 12.1 12.8 12.8 12.9 12.9 12.9 12.8 12.7 12.5 12 11 9.5 10 10 11.4 11.8 12 12.5 12.7 13 12.9 12.9 12.8 12.4 12 11.4 13.2 15.8 16.6 16.6 16.7 16.9 17 17.3 18.9 21.2 19.6 18 14.9 12.2 9.8 10.4 11 11.7 12.3 12 11.6 11.3 9.6 9.2
40.9 40.5 40.4 39.6 40.6 41 42 39.5 35.9 35.9 35.6 36.2 36.6 36.7 36.9 35 35.3 34.7 33 31.2 27.7 13.8 12.7 12.3 11.7 11.2 10.7 10 10.6 11.1 11.5 12 12 10.8 10.3 9.8 9.3 8.9 9 9.4 9.9 10.7 11.9 12.8 12.8 12.9 12.8 12.8 12.7 12.6 12.2 11.3 10.3 10.4 11 10.3 12 12.1 12.3 12.5 12.8 13 13 12.9 12.9 12.8 11.7 11.2 12.6 15.5 16.7 16.6 16.7 16.8 16.8 16.7 16.7 16.6 15.7 14.9 13.2 11.1 9.9 10.1 10.8 11.4 12 12.3 12.5 12.5 11.6 10
43.4 41.7 41.1 40.8 40.4 42.5 43.7 43.8 39.1 37.7 36.5 36.7 36.9 37.1 37.3 36.9 36.4 35.5 35.4 35.4 28.4 18.4 13.5 13.2 12.7 12.2 12.5 10.2 11.6 12 12.5 12.9 12.6 11.7 11.2 10.8 10.3 9.8 9.6 10 10.5 10.9 11.7 12.8 12.8 12.8 12.7 12.7 12.6 12.5 11.5 10.5 9.8 11.8 11.8 9.4 12.3 12.1 12.3 12.6 12.9 13.1 13 13 12.9 12.8 12.8 11.4 12.3 13.9 15.9 16.6 16.7 16.7 16.6 16.5 16.2 14.1 13.1 13.1 11.9 10.3 10.3 10.5 11.7 12 12.1 12.2 12.3 12.5 12.6 11.5
43 40.8 41.7 43.1 42.8 43.8 45 46.2 43.9 39.7 37.5 37.2 37.4 37.5 37.7 37.9 37.4 36.6 35.7 34.5 23 13.6 13.5 13.9 14.5 15 12.7 10.5 11.4 13 13.4 13.9 13.2 12.7 12.2 11.7 11.2 10.8 10.3 10.6 11.1 11.5 12 12.8 12.8 12.7 12.6 12.6 12.5 11.8 11.1 10.4 9.7 10.2 11 10.6 11.8 12.1 12.4 12.7 13 13.1 13.1 13 13 12.9 12.8 12.7 11.1 12.7 14.6 16.3 16.5 16.7 16.6 16.4 16 14.1 12.3 11.5 10.9 10.8 10.5 11 11.7 11.8 11.9 12 12.1 12.3 12.4 11.5
41.3 39.2 39.9 41.2 42.2 43.6 46 48.3 49.6 45.6 40.5 37.6 37.8 37.8 37.9 37.9 37.4 36.7 36.1 31.5 21.1 12.9 13.2 13.4 29.4 24.7 17.5 14 11.8 13 14.3 14.8 14.1 13.6 13.1 12.7 12.2 11.7 11.3 11.2 11.7 12.1 12.6 12.8 12.9 13 12.9 12.8 12.5 11.7 10.9 10.3 9.6 10.3 10.8 10.6 11.9 12.2 12.5 12.8 13.1 13.2 13.1 13.1 13 12.9 12.9 12.8 12.8 11.5 13.4 15.3 16.5 16.8 16.6 16.4 16.1 15 13 11.2 11 10.8 10.7 10.9 11.4 12 11.9 11.9 11.9 12.1 11.6 10
42.6 40 39.2 39.2 40.5 42.1 44.5 46.8 49.1 48.7 43.3 38.2 37.8 37.8 37.9 37.8 37.4 36.5 34.9 28.7 20.8 13.3 12.9 13.5 30.3 34.1 27.9 23 14.4 13.9 14.8 15.5 15 14.6 14.1 13.6 13.2 12.7 12.2 11.8 12.3 12.7 12.9 12.8 13 13.1 13.2 13.3 12.7 12 11.2 10.2 10.8 11.7 12.2 10.8 10.9 12.3 12.6 12.9 13.2 13.2 13.2 13.1 13 13 12.9 12.9 12.9 12.9 12.2 13.8 15.1 16.6 16.6 16.4 16.1 15.4 13.4 12.6 11.4 11.1 11.1 11.2 11.3 11.9 12.1 11.9 11.8 11.9 9.5 11.2
43.6 41 39.4 39.2 39.1 40.7 43 45.3 47.4 46.8 44.9 39.5 37.8 37.8 37.8 37.7 37.4 36.4 31.5 25.3 19.5 13.6 13.5 15.4 30.9 36.9 35.7 31.8 25.3 18.3 16.1 16.6 15.5 15.1 14.8 14.5 14.1 13.6 13.2 12.7 12.9 12.9 12.9 12.9 13 13.1 13.3 13.4 12.6 12 11.1 9.9 12.1 12.8 12.2 11 9.5 11.6 12.7 13 13.3 13.3 13.2 13.2 13.1 13 13 13 13 13 11.6 12.6 14.2 15.4 16.4 15.7 15 13.9 12.7 11.9 11.9 11.8 11.7 11.6 11.6 11.7 12.3 12.1 11.9 11.2 10.3 12.7
44.6 42 39.6 39.1 39 39.3 41.4 43.6 45.7 44.6 44 40.4 38.3 37.8 37.7 37.6 37.5 34.2 31.5 22.1 17 13.9 15 23.9 35.4 35.7 35 31.7 27.7 23.3 19.5 17.9 16 14.9 14.6 14.2 13.9 13.6 13.3 13.1 12.9 12.9 12.9 12.9 13 13.1 13.3 13.4 12.7 12.1 11.5 11.4 12.9 12.3 11.7 10.8 9.6 10.5 12.4 13.1 13.4 13.4 13.3 13.2 13.2 13.2 13.1 13.2 13.2 12.6 12.1 12.2 13.6 15.2 15.2 14 13 12 12.1 12.6 12.7 12.6 12.4 12.3 12.2 12 12.1 12.3 11.8 9.3 11.9 12.5
45.6 43 41.4 40.2 39 39.3 40.4 42 43.5 43 42.6 40.5 38.2 37.3 37.5 37.5 37 32.5 28.9 17.9 15.9 14.6 22.3 32 35.9 34.7 34.2 33.5 29.9 23.3 20.1 19.5 18.5 14.3 14.2 14 13.7 13.4 13.4 13.4 13 13 13 12.9 13 13.2 13.3 13.4 12.8 12.5 12.2 12 12.4 12 11.5 9.7 10 10.8 11.6 13.1 13.5 13.4 13.4 13.3 13.3 13.3 13.3 13 12.5 12.1 12.1 12.2 13.4 15 13.9 12.8 12.4 13.3 13 12.7 12.3 12.1 12.2 12.3 12.4 12.5 12.5 12.5 11.2 10.7 12.4 12.4
46.9 45.3 43.6 42.2 39.7 40 40.6 41.8 42 41.6 41.1 40.5 37.4 36.2 35.9 35.6 35.5 30.9 21.3 15.3 15.3 17.8 31.7 36.5 36.3 34.7 35.3 35.9 30.5 26.1 21.3 22 28.1 22.5 17.7 15.1 13.6 13.7 13.8 13.5 13.1 13.1 13 13 13.1 13.2 13.3 13.5 13.2 12.9 12.7 12.5 12.1 11.9 11.7 11.4 10.5 11.3 12 12.8 13.5 13.5 13.5 13.4 13.4 13.4 12.8 12.8 12.8 12.8 12.9 12.9 12.2 13.3 12.5 11.9 12.6 13.1 12.8 12.4 12.1 11.7 11.6 11.7 11.8 11.9 11.9 12 10.3 12.1 12.2 12.2
49.1 47.5 45.9 44.1 41 40.3 39.7 39.3 40.2 40.8 37 33 36.3 30 28.3 26.6 24.8 25.1 18 15.4 15.7 28.4 35.5 37.4 35.8 36.7 36.4 36.1 34 31.7 25.6 21.6 27.6 30.4 27 23.1 14.9 14.1 14.2 13.6 13.2 13.1 13.2 13.2 13.3 13.3 13.4 13.2 12.9 12.6 12.6 12.6 12.5 12.3 12.1 12 10.7 11.4 12.2 12.8 13.4 13.5 13.5 13.5 13.4 13.4 13.3 13.3 13.2 13.2 13.1 13.1 12.3 12.1 12.2 12.2 12.3 12.9 12.6 12.2 11.8 11.4 11.3 11.1 11.2 11.3 11.3 11.5 11 12.2 12.1 12.1
50.1 48.6 47.1 46 43.6 41.7 39.3 38.2 38.4 38.2 29.1 22.5 20 21.9 22 20.9 18.5 19.4 18.7 20.5 28.4 35.4 36.9 37.1 37.3 36.9 36.6 36.3 36 33.6 26.7 24.7 26.4 30.4 32.1 29.6 25.1 16.6 14.3 14.7 13.5 13.4 13.5 13.5 13.5 13.5 13.3 12.8 12.7 12.7 12.7 12.7 12.7 12.6 12.4 12.2 10.7 11.4 12 12.6 13.1 13.4 13.4 13.5 13.6 13.6 13.6 13.5 13.5 13.4 13.4 13.1 12.7 12.5 12.3 12.5 12.6 12.7 12.3 11.9 11.6 11.2 10.8 10.8 10.6 10.6 10.6 11.1 11.8 12.1 12.1 11.9
51 49.2 46.2 45 43 41.9 40.7 38.8 38.5 29.5 21.7 20.2 25 21.7 22.4 22.4 23.4 24.9 29.7 33.2 34.5 36.2 37.8 37.6 37.2 36.8 36.5 36.1 34.9 34 26 33 30.8 30.4 32.7 35.1 30.2 25.9 20.2 17.1 14.7 13.6 13.6 13.5 13.4 13.4 13 12.7 12.7 12.8 12.8 12.8 13 12.8 12.6 12.3 11.9 11.1 11.7 12.3 12.9 13.3 13.4 13.5 13.6 13.6 13.7 13.7 13.7 13.6 13.6 13.2 13 12.8 12.6 12.6 12.7 12.9 12.6 11.9 11.3 10.9 10.5 10.3 10.3 10.8 11 11.6 12.1 12 11.9 11.9
50.8 50.5 48.1 45.5 44.2 43.2 42 39.7 37.3 24.4 22.5 28.4 32.5 31.6 33.2 36.1 32.4 36.1 37.6 36.8 35.9 35.9 36.5 36.7 36.8 36.5 36.2 35.8 33.8 31.4 27.8 32.7 35.4 35.8 35.9 35.7 33.3 30.4 24.8 19.3 16 14.9 13.6 13.3 13.3 13.2 12.8 12.8 12.7 12.9 12.9 13 13.1 13.1 12.8 12.4 12.2 12 11.4 12 12.6 13.2 13.3 13.4 13.5 13.6 13.7 13.8 13.8 13.9 13.8 13.5 13.3 13.1 12.9 12.7 12.9 13.3 13 12.7 12.3 11.7 12.3 11.6 11.4 11.1 10.9 11.7 11.9 11.8 11.8 11.9
50.6 50.8 50.1 47.6 45 44.2 43.4 41.2 33 23.2 28.9 37 36.1 37 38.6 40.7 40.3 40.4 40.4 39.7 38.6 37.1 36.2 35.9 35.7 35.7 35.9 35 33.7 33.3 28.9 33.9 35.9 36 36 35.7 32.9 30.7 26.7 22.9 17.6 16.3 14.4 13.5 13.1 12.9 12.8 12.8 12.7 12.7 13 13.1 13.2 13.3 13.1 12.8 12.6 12.3 11 11.6 12.5 13.6 13.3 13.4 13.5 13.5 13.6 13.7 13.8 13.9 13.9 13.8 13.6 13.4 13.2 13 13.2 13.7 13.4 13.1 12.7 12.2 12.5 12 11.7 11.4 11.1 11.5 11.7 11.7 11.8 11.9
50.4 50.7 51 49.6 46.7 45 43.1 39.9 26.5 26.5 32.3 43.1 47.5 49.4 50.4 49.7 46.8 44.3 43.2 42.5 40.9 39.2 37.5 37.1 36.9 36.6 36.4 35.6 34.4 33.8 31.5 35.5 35.2 35.5 35.9 34.3 31.1 28.4 26.2 25.4 24 17.7 15.1 14.2 13.5 13 12.9 12.8 12.7 12.7 12.8 13.2 13.3 13.5 13.3 13 12.8 12.5 12.2 11.6 12.6 13.6 13.4 13.3 13.4 13.5 13.6 13.7 13.7 13.8 13.8 14 13.9 13.7 13.5 13.2 13.8 14.1 14 13.7 13.4 12.7 12.8 12.4 11.9 11.7 11.4 11.4 11.7 11.7 11.8 11.9
50.4 50.8 50.9 51.7 49.2 46.4 43.6 40.2 24 27.3 33.1 44.7 48.5 52.3 55.9 55.7 53.4 50.7 48.2 44.9 43.1 41.4 39.7 38.3 38.1 37.8 37.5 36.5 35.3 34.1 33 34.8 35.3 34.7 34.2 34.4 35.6 34.2 31 32.8 30.9 24.9 16.8 15.6 14.3 13.5 13.3 13.2 13.1 12.7 12 12.9 13.4 13.5 13.5 13.2 13 12.7 12.4 11.9 12.6 13.6 14.1 13.3 13.4 13.4 13.5 13.6 13.6 13.7 13.6 13.8 14 13.9 13.6 13.4 14.2 14.7 14.7 14.6 14.1 13.3 12.8 12.5 12.3 12 11.7 11.6 11.8 11.7 11.8 11.9
50.5 50.8 51.5 52.6 51.7 49.1 46.4 43.7 36.6 24.2 28.4 41.5 48.3 53.9 57.3 58.7 57.4 55.8 51.4 47.8 45.8 43.7 41.9 40.2 39.3 39 38.5 37.5 36.3 35.8 34.2 34.4 35.3 34.8 34.9 35.1 36.3 36.7 36.5 36.6 36.2 30.5 25.2 23.5 15.7 14.4 13.6 13.5 13 12.7 12.4 12.7 12.9 13.6 13.7 13.5 13.2 12.8 12.5 12.2 13 13.8 14.7 13.6 13.3 13.4 13.4 13.5 13.5 13.5 13.6 13.8 14 14.8 13.7 13.7 15.7 18.5 17 17.1 16.6 16.3 13.8 12.8 12.7 12.3 12.1 11.9 11.9 11.8 11.8 11.9
49.9 51.3 52.4 53.4 53.2 50.1 47.7 45 38.8 32 24.9 29.6 40.8 53.7 56.4 57.6 56.1 55.8 54.6 50.8 48.7 46.7 44.6 42.5 40.7 40.1 39.5 38.4 37.8 37.8 35.6 34.8 36.3 36.1 36 36.2 37 39 39.4 37.2 39.9 38.6 33.1 28.3 25.8 15.7 14.7 14 13.5 13.2 12.9 13.1 13.3 13.6 13.8 13.6 13.3 13 12.1 12.6 13.2 13.9 14.8 14.7 13.2 13.3 13.3 13.4 13.4 13.6 13.7 14.7 15.8 16.4 14.9 18.1 21.5 24.1 25.6 25.1 22.6 23.2 22.5 16.6 13.2 12.7 12.4 12.3 12.1 12 12 11.6
47.1 47.6 49.3 51.3 53.5 51.2 48.5 45.9 41 39.8 25.2 26.7 31.4 49.8 54 56.5 56 55.6 55.1 53.8 51.5 49.3 47 44.8 42.7 41.2 40.5 39.7 39.8 39.8 37.1 37.4 40.7 40.4 40.2 39.9 40.3 43.5 44.8 43.1 44.8 42.6 39.9 35.1 30.5 27.5 24.1 15.1 14.9 14.4 13.8 13.3 13.5 13.8 14.1 14.1 13.7 13.3 12.8 13.2 13.7 14.3 15.6 17.1 16.3 15 14.7 15.1 15.6 15.3 15.6 16.7 17.3 17.9 18.7 26.6 30.9 33.4 33.7 32.2 29.6 30.7 29.9 28.9 24.9 20 18 15.1 13.4 12.8 12.6 12.3
44.1 44.4 45.1 47.8 50.8 49.2 48.5 45.7 42.6 38.8 38.3 30.5 29.6 38.1 50 53.2 54.7 54 54 52.8 51.4 49.7 47.7 46.4 44.7 42.6 41.8 41.7 41.8 40.3 39.3 41.2 40.5 40.9 41.2 44.5 49.9 54.7 53.9 51.8 51.5 47.2 45.4 40.9 35.8 31.8 29.4 27 20.3 16.1 15.2 14.6 14.1 14.1 14.4 14.3 14.3 13.8 13.6 13.9 14.2 14.5 16 18.2 19.8 21.2 20.8 21.3 22.3 22.5 22.6 21.7 23.3 23.3 24.2 30 34.1 36.2 38.3 38.2 35.7 34.6 33.6 33.5 33.8 32.9 32.1 33.4 31 29.2 25.5 20.4
