data/280000-660000.asc
ncols 200
nrows 200
xllcorner 280000
yllcorner 660000
cellsize 50
[rows 35 to 69 of 200, columns 78 to 155 of 200]
203.8 204.2 203 201.1 198.4 195.5 201.3 203.8 205.8 206.4 206.6 209.3 209.4 209.5 210.2 210.6 211.2 211.7 212.5 212.5 212.5 213 213.2 213.3 212.8 212.9 212.5 211.9 210.8 207.1 205.4 203.4 201.5 200.6 199.8 199 200.2 201.3 203.7 205.2 206.5 207.5 209.1 210.9 211.5 212.1 212.6 212.9 212.4 213 213.8 214.7 215.9 216.3 216.5 216.8 217 216.9 216.8 216.3 214.8 214 215.1 214.5 216.2 218.5 220.5 222.2 224.9 226 227.3 228.6 229.9 229.1 229.5 228 226 226
199.2 199.5 198.2 196.9 194.3 195.6 200.2 201.7 205 206 205.3 206.2 206.8 206.6 207.4 208.5 208.6 209.4 210.2 210.6 210.2 210.6 210.9 210.4 209.9 209.4 209.1 208.9 207.6 205.4 203.8 202.1 200 200.1 199.2 198.9 199.1 199.6 202.9 205.2 205.7 207.3 208.5 209.9 211.3 211.6 211.9 212.2 211.8 211.1 212 213 216 216.6 216.8 216.9 216.8 216.8 216.7 215.7 215.2 215.9 217 217.4 218.8 221.1 222.9 225.1 228.6 229.9 231.6 232.9 233.8 233.7 233 229.7 226.7 226.1
195.4 194.7 194.5 194 195.1 195.2 196.1 197.7 198.7 199.9 201.1 202.7 203.4 203.2 204.1 205.8 206.1 207 207.9 208.7 208 208.1 209.2 208.9 208.4 207.6 206.6 206.3 205.4 204.4 202.5 200.2 199.1 199.2 198.9 198.9 199 199.3 200.1 203.4 204.1 206.1 207.5 209.1 210.3 211.1 211.3 211.4 211 210.2 210 211.6 213.4 215.2 216.4 216.5 216.7 216.7 216.7 216.8 216.5 217.2 218.3 220.8 221.4 223.5 225.4 229.8 232.6 233.3 235.1 236.1 235.9 233.6 232.4 227.5 224.6 223.3
193.9 193.9 193.8 193.9 193.9 193.9 193.8 193.9 193.9 194.1 194.8 198.2 199.3 199.1 199.4 200.6 203 204.1 205 206.1 205.5 206.1 207.6 207.4 206.9 206.1 205.2 204.2 204.5 204.3 202.8 201.2 199 198.9 199.3 199.3 198.9 198.9 198.9 201.1 203.8 204.1 206.2 207.8 208.9 209.5 209.6 209.1 208.7 208.5 209 209.6 210.9 213.4 214.5 215.9 216.1 216.4 216.3 216.7 217.5 218.2 220.5 223.1 224.4 227.2 230.6 231.8 234.4 235.9 236 235.4 232.8 229.4 225.5 224 221.8 219.7
193.9 193.8 193.8 193.9 193.8 193.9 193.8 193.8 193.9 193.8 193.8 194.2 196 197 198.2 199.2 200.1 201.7 203 204.3 204.4 204.5 205.8 205.9 205.4 204.6 203.8 204.5 206 204 203.9 202.5 200.5 198.9 199.7 200.3 198.9 198.9 198.9 200.7 203.6 205.2 206.3 207 206.2 206.2 206.3 206.5 206.2 206.7 207.3 208.5 209.6 210.4 211 212.7 215 215.7 215.4 216.5 218 219.7 222.1 224.8 226.5 229.7 231.5 232.7 234.9 234.5 233.5 231.1 226.7 224.4 222.7 222.5 220.9 219.1
193.9 193.9 193.9 193.8 193.8 193.8 193.8 193.9 193.9 193.9 193.4 193.3 194.6 195.6 196.7 198.7 199.1 199.6 201.2 202.9 203.1 203.4 204.5 204.8 204.7 204.1 204 205.2 206 206 205.4 204.1 202.5 200.9 201.6 201.4 198.9 198.7 198.9 201.1 204.1 206 206.3 205.5 204.5 203.9 204 204.5 204.4 204.9 206 207.3 208.6 209.3 208.9 210 212.9 213.9 215.3 218.2 220.7 221.7 223.6 226 228.1 230.7 231.5 232.1 233.2 230.5 228.1 225.9 224 222.5 221.3 220.9 219.5 219
193.9 193.9 193.9 193.9 193.8 193.8 193.9 193.9 193.9 193.8 193.6 193.9 194 194.7 196.9 199.1 200.3 199.1 201.2 201.8 202.2 203.1 204.4 204.8 204.2 204.7 203.9 204.3 206 205.7 206 206 205.8 205 205.1 204.5 197.6 198.3 198.9 201.6 204.2 206 204.9 203.8 202.9 202.9 203.1 203.5 203.4 204.2 204.3 206.1 208 209.5 208.9 210.5 213.6 216.1 218.4 221.3 224.1 224.7 225.1 226.7 228.5 229.9 231.4 231.5 230.6 229.3 226.2 224.2 223.1 222.2 221.4 219.3 219.5 220.6
193.9 193.9 193.9 193.9 193.9 193.9 193.9 193.8 193.9 193.9 193.8 193.7 193.8 194.3 196.8 199.2 200.6 200.7 201.3 201.7 202.1 202.9 204.4 204.6 204.5 204.4 204.1 204.4 205.8 205.3 206 206 206 206 206.1 202.1 197 198.3 200.1 200.9 202.4 203 201.1 199.9 202 202.2 202.3 202.5 202.7 203.5 204.8 206.6 208.5 209.9 210 212.4 215.4 218.1 220.4 222.7 224.8 225.4 226.3 227.4 229 230.9 231 229.2 229.3 228.9 225.8 224.1 223.3 222.5 221.7 221.1 220.6 220.8
193.9 193.9 193.9 193.9 193.9 193.9 193.8 193.8 193.9 193.9 193.7 193.5 193.7 194.9 197.5 200.7 203.8 202.4 202.1 202.1 202.6 203.4 204.4 204.4 205.5 206 206 206 206 205 206 206 206 206 203.7 199.9 197.8 196.8 198 199.3 200.2 199.7 199.1 198.9 200.2 201.4 201.5 201.6 202 202.8 204.2 206.2 209.3 210.8 212.3 213.7 216 219.1 221.1 222.6 224.9 226 227.3 228.5 229.5 231.1 231 230 229.1 229.4 226.9 224.7 223.8 222.8 222.1 221.6 221.2 220.9
193.9 193.9 193.9 193.9 193.9 193.9 193.8 195.1 194 194 193.8 193.6 194.6 196 198.3 201.8 205.7 203.9 203.5 203.2 203.5 204 206 205.9 205.8 206 206 205.7 205.4 202.8 201.9 201.8 200.3 199.8 199 198.2 197.2 195.9 194.8 195 196.6 198.1 199.1 199.1 199.5 201 200.6 200.3 201 202.4 204.3 206.5 209.7 211.1 212.3 213.9 216.2 218.9 220.9 222.5 224.1 226.4 228.9 230 231.1 231.1 231.1 230.9 231.2 230.2 228.6 225.8 224.2 223.5 223.3 223 222.3 220.9
193.9 193.9 193.9 193.9 193.9 193.9 193.9 196 194.2 194.1 194 194 194.9 197.4 200.5 202 204.5 203.9 203.5 203.3 202.9 203.2 204.2 205.6 205.9 206 205.8 203 202.4 200.1 198.7 199 199 198.4 198.3 197.6 196.9 196.3 195.2 194 193.9 195.8 197.8 199.3 199.8 200.9 200.1 199.7 200.8 202.6 204.2 205.8 208.5 210.7 212.1 214.1 216.5 219 220.5 223.1 224.8 226.8 229.7 230.8 231.1 231.1 231.3 231.2 231.3 231.2 229.9 227 224.8 224.8 224.8 224.1 223.2 221.4
193.9 193.9 193.9 193.9 193.9 193.8 194.8 195.6 196.1 194.4 194.1 194.1 196.7 199.7 204.1 206.2 204.8 203.9 203.5 203.2 202.8 202.5 203.4 205.5 205.7 205 202.2 199.2 199.1 198.1 197.3 197.5 197.7 197.4 197.6 197.2 196.6 196 195.8 194.1 193.9 195.9 197.6 198.5 199.1 199.3 198.9 198.9 199.8 201.8 203.4 204.4 206 209.5 211.9 214.2 215.8 218.1 219.8 222.1 224.9 226.6 229.7 231 231.1 231.1 231.3 231.5 231.5 231.3 230.9 229.3 228.3 227.1 226.2 226.1 225.6 224.8
193.9 193.9 193.9 193.9 193.9 194.7 197.2 198 198 195.5 194.9 195.2 197.3 200.3 205.3 207.3 206 204 203.5 203.1 202.6 202.3 204.2 203.9 206 205.2 201.7 198.7 197.8 196.8 196 195.8 196.5 196.6 196.8 196.5 195.7 194.9 194.5 194.4 194.4 195.8 197 197.7 198.5 199.3 199 199 199 200.9 202 203.2 204.5 208.2 211.1 213.7 215.7 217.1 219.1 221 223.1 224.8 227.4 230.3 231.1 231.1 231.3 231.7 231.7 231.4 231.1 231.7 230.4 230.8 230.3 229.1 227.6 226.1
193.9 193.9 193.9 193.9 193.9 195.5 199.4 200.9 199.3 196.7 195.9 195.8 197.4 200.5 205.1 206.1 205.4 204.2 205.8 203.7 201.6 201.9 203.1 205.5 205.9 205.8 199.3 197.7 197.1 195.7 194.7 194.1 194.2 195.5 196 194.9 194.2 194.1 194 194.4 195.8 196.1 196.7 197.2 197.9 198.7 199.3 199.1 199.1 200.6 201.5 202.5 203.7 205.7 210 212.6 215 216.3 218 220.1 222.2 223.8 224.6 227.3 228.2 229 230.5 231.2 231.5 231.4 231.2 230.5 230.2 229.4 230 229.3 227.6 226.2
193.9 193.8 193.9 193.9 196.6 199.5 200.8 200.5 196.7 194.3 194.1 195.5 197.6 200 203.3 206 205.3 203.9 204 203.4 200 199.7 199.4 203.5 205.9 205.9 199 196.9 195.7 194.3 194.1 194 193.9 193.9 194.2 194.1 194 194 193.9 194.1 195.6 195.8 196.7 197.5 197.9 198.3 198.8 199.2 199.9 201 202 202.8 203.7 204.9 207.3 210.3 212.7 215 216.8 219.5 221.5 221.8 222.4 224.3 225.6 226.8 228.1 229.5 230.1 230.4 229.3 229.1 228 227.6 228 227.3 226 225.6
193.9 193.9 194 197.9 200 200.5 200.9 198 194.4 193.9 193.9 195.2 197.3 199.4 199.4 201 203 203.2 202.9 201.3 200 200.4 198 199.6 203.9 201.1 195.3 195.2 194 194 193.9 193.8 193.8 193.9 193.9 194.2 193.9 193.9 193.9 193.9 193.9 195.5 196.5 197.6 198.2 198.6 199 199.2 200.9 201.9 202.8 203.4 204 204.5 206.9 209.1 210.2 212.1 214.4 216.9 219.1 218.9 219.6 220.9 222.2 223.4 224.7 225.3 226.2 226.9 225.9 227 225.8 225.6 225.3 224.2 221.9 221.2
194 197.6 201 200.9 197.1 198.6 198.7 193.8 193.9 193.9 193.9 195.8 198.3 200.4 200.2 202.4 202.9 203.2 202.5 201.4 199.3 198.4 196.9 197.2 198.4 196.9 194.7 193.8 193.7 193.8 193.7 193.8 193.8 193.8 193.9 193.9 193.9 195.7 195.8 195.1 193.9 195.2 196.4 197.5 198.6 199 199.5 199 200.8 202.2 203.6 204.3 204.2 204.3 206.2 207.9 208.8 209.7 211.1 213.2 215 215.2 216.2 216.8 217.6 218.7 220.4 220.9 221.3 222.7 222 219.8 220.2 220.4 218.4 218.1 218.5 218.4
193.8 193.9 193.9 193.8 193.9 194 193.8 193.8 193.9 193.8 193.8 194.3 196.5 199.7 204.2 209.5 204.4 204 203.4 201.2 198.8 196 195.4 194 193.9 194 193.5 193.4 193.5 193.6 193.7 193.8 193.8 193.9 193.9 193.9 194.2 195.7 196 196.1 195.8 194.7 196.1 197.2 198.5 199.7 199.8 199.2 201.7 203.9 204.5 205.2 203.9 204.4 206 206.1 206.8 207.6 208.5 209.8 210.9 211.7 212.1 212.5 213.1 214 214.1 216.3 216.6 217.2 218.1 219.1 218.5 217 214.7 214.3 216.1 216.1
193.8 193.8 193.8 193.8 193.9 193.8 193.8 193.8 193.9 193.9 193.8 193.9 193.9 195.1 201.4 207.8 206.1 206 205.4 202.2 197.6 194.4 193.8 193.4 193.2 193.5 193.3 193.5 194 193.9 193.7 193.8 193.8 194 194 194.1 195.6 195.9 196.3 196.4 196.1 195.9 196.6 197.9 199.3 200.8 202.7 203.2 205.2 205.6 206.1 206 205.6 204 205.2 204.5 205.1 205.9 207.1 208.2 208.8 208.7 209.1 208.9 208.1 204.9 207.2 208.1 209.1 211.9 214.2 213 212.6 212.4 213 212 212.6 212.6
193.9 193.9 193.9 193.9 193.9 193.9 193.8 193.9 193.9 193.9 193.9 193.9 193.9 193.9 193.9 200.6 200.5 201.8 206.6 201.9 197.5 194.1 193.6 193 192.8 193 193.5 193.7 194 195 194.7 194.4 194.1 193.8 194 194.2 196 196.2 196.5 196.8 196.5 196.5 197.2 198.5 199.2 201.4 204 206 205.9 206.2 206.2 206 206 202.5 203 202.8 203.3 204.2 205.4 207 206 206.5 206.9 205.9 204.1 203.3 203.1 202 202.6 204.5 207.9 208.8 208.3 208.7 209.7 208.6 208.4 208.5
193.9 193.9 193.9 193.8 193.9 193.8 193.9 193.9 193.9 193.9 193.9 193.9 193.9 193.9 193.9 193.8 193.9 193.9 195.1 197.2 194.9 194.7 193.6 193 192.9 193.3 193.8 193.9 194.5 196 195.7 195 194.6 194.3 193.9 196 196.6 196.7 196.9 197.1 197.1 197.1 197.8 198.5 199.2 200 202.7 203.8 202.3 200.6 200 200.3 199.5 198.5 200 200.4 201.4 202.1 202.2 204.4 204.1 204.3 204.1 203.1 201.1 199.8 201.2 201.2 201.1 202.8 204.8 206 206.2 206.5 206.8 205.3 204.6 205
193.9 193.9 193.9 193.8 193.9 193.9 193.9 193.8 193.9 193.9 193.9 193.8 193.9 193.9 194.2 194.1 193.8 193.9 193.9 193.9 194.2 194.2 194.8 193.7 194.1 194.8 195.3 194.7 196 196.9 196.7 196.4 194.7 193.9 195 196.9 197.7 197.6 197.7 197.9 197.9 197.7 197.7 198.5 199.2 199.5 198.9 201 199.2 199.4 199 198.9 197.2 195 194.3 194.5 195.4 196.5 198.1 201.5 202.4 203 202.6 201.8 200.5 199.2 201.1 201.1 201.2 201.9 202.6 203.7 203.6 204.3 203.9 203.3 201.9 202
195 194 193.9 193.9 193.9 193.8 193.9 193.9 193.9 193.9 193.9 193.9 194.1 195.4 197.1 198.2 200.1 197.6 196.5 196.6 196.2 195.9 198.1 197.8 196.7 196.6 197 198.7 199.2 198.2 197.8 198 196.9 196.1 196.6 198.4 199.9 199.2 198.7 198.9 198.7 198.1 198.1 198.4 199 199.4 198.9 198.9 199.6 199.7 199 198.4 196.3 193.9 194.3 194.3 194.1 194.2 194.1 200 201.7 202.2 202.4 201.4 200.8 198.9 201 201.1 201.1 199.6 200.1 201 200.2 199.8 199.9 199.8 199.3 199.2
198 193.9 194.4 195.2 194.9 196.4 196.6 194.2 195.6 194.7 195.5 197.7 197.4 199.1 199.9 200.5 202.7 204.1 206.7 207 207.8 209.3 205.3 204.1 202.9 202.6 199.2 201.1 201.3 200.7 199 199.1 199 198.9 199 199.9 201.5 201.5 200.8 199.7 198.7 198.4 198.4 198.7 198.9 199.3 199.8 200.7 200.6 200.9 199.8 198.9 197 196 195.6 195.7 195.8 194.3 194 196.2 200.9 201.6 201.4 199.4 201.7 199.9 201 200.9 200.7 199.6 199.4 200.6 199.1 198.8 197.7 197.1 196.5 196.6
196.3 194.7 199 200 199.5 202.1 203.1 200.5 200.2 200.8 201.2 202.3 203.1 199.4 200.1 203.9 208.3 213.5 214.8 214.7 213.7 216.7 216.9 216.9 215.9 212.7 204.8 203 203.3 203.3 202.5 202.4 203.5 202.3 202.5 203.1 204.2 205.2 204.5 200.9 199.1 198.8 198.7 199.1 199.5 199.1 200.9 201.1 201.3 201.4 201.1 199.8 197.9 196 195.7 195.5 195 194.2 194 194.1 197.6 201 199.9 199.6 199.4 199.2 201 200.9 199.3 199 199.4 199.1 199.4 197 195.8 194.8 194.3 194.8
198.5 197.1 204.3 206 205.6 206.2 206.6 205.7 205 204.9 204.8 204.7 204.7 202.2 204.2 210.2 217.3 222.3 223.4 224.5 219.9 219.5 222.1 223.5 222.4 221.3 212.5 206.6 207 206.4 206.9 206.1 205.8 205 204.8 204.9 205.1 205.5 205.6 202.9 199.8 198.8 199.5 199.6 199.9 200.3 201.2 201.5 201.8 201.9 201.7 201 198.8 196.2 194.3 193.9 193.9 194.1 193.9 193.9 194.2 197.4 198.3 197.9 198.9 199.4 200.2 201.1 200 198.6 198 197.2 197.4 194.9 194.3 193.1 191.8 192.2
202.6 203.9 199.6 205.9 205.8 206.7 207.9 208.8 208.9 208.7 207.5 206.8 204.7 205.5 211.6 220.3 227.7 230.7 229.6 235.7 230.6 226.1 224.7 228.7 232 227.7 218.7 211.5 211.4 210.4 208.6 207.6 206.7 206 205.8 205.5 205.5 204.8 204.8 202.3 198.9 199.6 202 200.7 201.5 201.7 201.7 201.9 202.1 202.4 202 201 199.5 196.6 194.7 193.9 193.9 195.6 195.6 189.8 190.9 193.3 195.3 195.7 197.9 197.4 198.7 199.4 199 198.3 197.4 194.4 193.9 195 193.1 191.5 190.2 189.8
208.3 208.3 206.9 205.4 206 207.7 208.9 210.3 210.6 210 208.8 208.3 207.5 209.1 214.1 225.4 234.2 235.9 236.1 234.2 229 228.2 228.9 228.3 236.4 236 229 220 215.2 211.9 209.8 209.2 207.5 207.2 206.9 206.5 204.7 204.1 204.3 203.1 201.3 200.6 205.5 203 202.9 202.6 202.3 202.5 202.7 202.9 202.6 202.1 198.7 198 197.7 198.6 200.5 200.5 200.7 192 188.7 188.8 189.8 191.2 194.1 195.9 197 197.6 198.1 197.3 196.4 195.9 196 196 191.2 189.2 189.2 189.1
212.2 211.5 210.3 205.7 206.1 208.5 210 211.6 211.7 212.1 212.8 212.8 212.4 211.6 211.5 216.7 221.7 225.4 233.2 236.8 236.2 230.1 231.1 221.5 218.2 222.3 229.2 225.6 222.7 214.2 212.3 210.1 208.6 208.9 208.1 206.4 204.4 203.9 204 203.3 202.7 203.4 204.4 204.8 203.7 203.4 203.1 203.1 203.4 203.6 203.5 203 201.5 199 199.4 201.6 201.3 200.1 199.1 200 189.3 188.5 188.8 188.8 189.9 193 195.6 195.7 196.6 194.2 194.5 196 196 196 188.8 188.8 188.9 189
214.6 211.4 209 207.1 208.4 210 211.3 213.2 214.2 214.4 215.4 216 215.8 214.8 214.2 223.1 226.5 225.5 223.9 224.5 223.2 218.4 218.9 218.4 217.5 215.9 216.1 218.1 215 213.5 211.4 210.9 211 210 208.7 207.5 205.5 204.5 204.8 204.1 204 204 203.9 204.3 203.9 204 204 204 204.3 204.8 205.8 206.5 206.4 207.1 204.8 203.4 202.4 201.2 200.5 201.1 193.9 188.8 188.8 188.8 188.8 189.4 191.4 192.5 193.9 193.5 193.4 194.9 195.3 192.9 188.8 188.8 188.8 188.8
214.1 211.6 209 209.4 210.8 211.1 212.1 214.3 216.2 216.5 217 215.6 214.3 214.1 215.4 224.2 227.4 224.4 224.2 224.4 227.9 230.2 224.2 224.9 224 218.5 215.5 214.1 213.4 211.6 210.5 211.1 212 211.7 210.4 208.6 206.5 206.3 205.4 203.8 203.9 203.6 203.3 203.6 205.5 205.6 205.9 210.1 210.9 210.7 210.8 210.7 210.6 210.7 211 205.5 202.2 201.4 199.5 197.7 193.5 188.9 188.8 188.5 188.6 188.5 188.9 189.1 191.9 191.6 190.9 191.1 191.6 189.7 189.1 189.3 189.2 189.3
215.2 213 210.5 210.1 212.2 212.4 212.6 214.4 217.5 218.8 220 220 217.2 214.1 216.8 221.6 225.8 225.9 226.9 228.5 230 236.3 235.3 236.4 235.2 234.1 233 226.6 216.9 213.5 212.1 212.6 213.1 212.6 210.6 211.3 213.2 213.7 218.5 213.8 214.4 212.9 211.8 210.8 211.5 210.6 210.4 210.3 209.7 209.2 208.6 208.9 210.9 210.8 208.2 204.1 199.6 199.9 198.6 193.3 191.3 190 188.5 188.3 188.1 187.7 188 189 189.8 189.4 189 189.8 189 188.6 189.2 189.5 189.5 189.6
215.3 213.1 211 209.9 213.5 213.4 213.6 215.1 218.1 221.7 224.4 224.3 219.5 215.3 218.5 225.2 230.6 231.4 230.1 230.3 229.4 233.4 236.3 238.8 239.8 236.8 234.9 234.4 224.5 215.3 214.6 215.3 215.8 215.7 215.5 220.8 223.5 225.8 220 215.3 215 215.8 214.3 213.9 211.8 211 210.5 210.8 210.8 209.3 206.5 204.1 206.3 209.4 205.1 201.8 199.2 195.8 194 191.6 189.2 190.6 188.4 187.6 187.2 186.7 187.1 188.1 188.7 188.7 188.7 188.3 188.2 188.6 188.6 188.6 188.5 188.4
215.1 214.8 215.4 214.5 215.4 214.8 214.6 216.3 219.1 223.2 225.6 224.8 219.7 217.8 219 226.4 234.8 238.9 240 240.7 241.6 242.4 236.1 240.9 240.7 240.6 236 233 229.4 220.3 221.5 220.8 220.7 220.4 218.5 218.9 219.1 219.4 217.9 213.9 213.9 214.1 216 214.7 212 210.3 209.6 209.7 210.9 211 207.7 204.1 203.7 205.2 201.8 198.3 196.1 193.6 192.9 191.3 188.9 188.8 188.5 187.2 186.2 185.8 186.2 187.5 187.7 187.7 187.7 187.7 187.7 187.7 187.7 187.8 187.7 187.6
220.5 220.4 220.3 218.8 215.7 215.3 216 218 220.9 224.8 226.3 223.8 219 218.3 217.9 228.3 229.8 237.8 241 243.3 243.1 243.1 241.4 241 241 240.9 239.2 233.8 230.1 225.8 225.1 223.5 223.1 222.2 219.2 218.9 218.9 218.4 217.3 215.1 214 214.4 214.6 213.6 209.8 209.4 208 206.7 208.2 210.7 204.8 201.4 200.5 200.5 200.4 196.5 193.5 192.3 192.1 191.5 189.2 189.3 188.4 187.1 185.9 184.9 185.4 186.7 186.7 186.7 186.9 186.9 186.8 186.9 186.9 186.9 187 186.8
