data/280000-820000.asc
ncols 200
nrows 200
xllcorner 280000
yllcorner 820000
cellsize 50
[rows 70 to 104 of 200, columns 78 to 155 of 200]
482.4 491 500.1 510 520.3 533 545.7 556.7 566.1 571.7 574.8 575.7 575.5 576.4 577.6 578.9 580.3 581.5 582.3 583.3 584.1 583.1 582.3 581.6 580 578.6 579.8 580.5 580.8 581.7 582.9 583.5 583 582.1 580.8 579.7 577.2 578.2 579.6 578.1 576 570.9 563.3 553.8 549.9 544 536.5 526.2 515.8 521.7 525.8 530.1 532.7 533.4 532.4 530.9 528.6 528.1 527.5 526.8 526.2 524.9 523.8 514.6 491.8 472 479.8 481.2 478.9 476.5 471.1 464.2 460.4 458.5 458 457.4 456.7 454.8
481.6 490.1 498.6 508.7 518.7 530 543.1 555 564.7 572 577.5 578.6 578.8 579.2 580.4 581.6 582.8 583.6 583.9 585.1 585 584.2 583.5 582.9 581.2 582 582.8 583.4 583.7 584 584.2 583.9 583.3 582.8 582.3 582.4 582.6 583.1 583.7 582.1 579.5 574.2 566.4 558.4 553.5 547.4 540.7 530.2 517.2 508.4 513.3 519.5 522.9 523.6 523.9 523 522.4 522 521.7 521.4 522.1 523.1 522.4 518.3 499.1 472.6 459.4 460.7 462.5 460.4 457 454 451.8 450.8 449.8 449.1 448 446.1
480.8 489 497 507 515.5 526.3 539 552 561.6 569.5 576.7 580.8 582 582.2 583.2 584.4 585.5 585.5 586.5 587.1 586.3 585.6 585 584.3 584.4 584.9 585.8 586.2 586.4 586.5 586.1 585.5 585 584.8 585 586.2 586.7 587.4 587.4 586 582.1 575.9 570.1 562.9 557.5 550.3 543.2 532.7 519.1 508 501.2 508.6 512.2 514.6 515.4 515.7 515.5 515.1 514.9 515.2 517.1 519 519.6 517.8 505.3 485.9 467.3 445.6 449.5 445.8 442.6 442.3 441.4 439.8 439 439.7 439.4 437.5
479.8 487.9 495.9 504.7 512.8 521.9 533.8 547.2 557.5 566.1 573.9 579.2 581.9 583.6 586 587.1 588.2 589.6 590.9 589.5 588 587.3 586.7 586 586.2 587.4 588.2 588.7 588.8 588.2 587.7 587.2 586.8 587 587.7 589.3 590.1 591.3 590.9 588.1 583.3 576.6 570.7 565.6 558.6 551.1 544.3 535.2 523.6 509.3 496.7 497.2 502 505.2 506.3 506.9 507 506.6 506.9 508.6 510.9 512.9 514.8 514.8 505.6 490.9 476.5 457.7 444.2 430 425.7 426.4 428.9 428.3 428.5 429.8 430.2 429
479 486.3 494.3 502 510.1 518.3 529.1 542.6 554.1 563 571.1 576.8 581.3 585.5 588.8 590.2 591.6 593.7 593.3 591.8 589.9 589 588.3 587.8 588.1 590 590.8 591.1 590.4 589.9 589.3 588.8 589 589.2 590.4 592 593.6 594.4 592.8 589.2 582.9 576.1 570.1 564.5 556.7 550.5 544.6 536.4 526.5 512.4 498.1 486.8 493.2 495.8 497.5 497.6 497.8 498.1 499.4 500.9 504.1 506.2 508.4 507.5 499.5 488.1 475.6 460.2 448.9 441 427.5 417.3 415.7 417.8 418.9 420 421.3 420.8
478.3 484.4 492.2 499.3 507.4 515.7 526.2 538.1 551.1 560 568.9 575.5 581.3 586.7 590.3 592.7 594.7 595.8 595.2 594.2 592.3 590.7 590 589.5 590.6 592.5 593.6 594.8 594.3 593.7 592.7 591.5 591.1 591.3 592.6 594.2 595.7 595.6 593.4 588.2 581.7 575.1 569 561.8 555.6 549.9 544 535.8 527.3 514.2 498.9 486.9 483.9 486.1 488.1 489 489.9 490.8 491.8 493.3 496 498.6 500.8 497.9 490.6 481.6 469.3 457.2 446.2 437.7 429.3 419.9 412.7 406.4 411.3 413.9 415.7 414.9
477.4 483.3 489.9 496.5 504.6 513.5 523.9 534.6 547.4 557.6 566.6 574.2 580.7 587.1 591.2 593.7 596.1 597.7 597.1 596.5 594.7 592.8 591.8 591.3 593.3 595.4 597.5 599 598.8 597.6 595.6 594.8 593.9 593.2 594.6 596 596.2 595.6 592.6 586.2 579.4 573.2 567.3 560.1 553.2 548.9 542.3 535 526.3 513.8 498.2 485.1 469.3 476.4 478.5 479.4 480.7 481.9 483.7 485.1 486.1 487.9 489.5 485.4 479.3 471.5 462.1 451.8 441.8 433.2 425.3 417.9 410.8 405.2 401.8 410.7 409.8 411
477.4 481.4 486.2 493.3 501 510.8 521.6 532.4 543.6 555.7 564.4 572.6 580.8 587.9 592 594.8 597.9 599.8 599.2 597.9 596.4 594.8 593.4 594.7 597 599.2 601.6 603 603.3 602.7 600.2 596.9 595.5 594.5 594.5 595 595.2 594.2 590.3 583.8 577.2 571.4 565.1 558.3 551.4 545.4 539.2 531.9 522.7 511.5 496.9 482.8 474.3 463.4 469.6 470.9 472.1 473.3 475.3 476.7 477.7 478.7 476.9 472.8 467.7 461.4 454.3 445.8 437 428.6 420.8 414 407.5 402.3 397 407.2 404.1 405.1
483 486 489.8 495.1 500.5 508 519.4 530.3 541.3 552.1 563 572.8 580.6 588.6 593.3 596.8 600 601.7 600.8 599.3 597.9 596.4 595.5 598.2 600.8 603.1 605.5 607.5 607.8 607.2 604.6 600.5 596.4 594.4 593.4 592.9 591.9 590.5 586.8 580.6 574.7 568.3 562 555.2 548.5 541.8 535 527.4 518.4 506.9 494.1 480.7 472.1 452.8 461.1 462.4 463.5 464.6 466.6 468.2 469.3 469.2 466.6 462.8 458.5 452.8 445.8 439.5 431 423.5 416.4 410.4 403.9 398.8 394.2 400.9 401.1 398.1
487.5 489.4 493.4 498.7 504.1 511 521.1 532.1 540.1 551.6 563.2 573.5 582.8 589.7 595.4 599.2 602.3 603.4 602.3 600.8 599.3 597.8 598.5 601.5 604.6 607.3 609.7 611.6 612.2 610.8 606.6 602.2 597.7 594.4 591.6 589.8 588.3 584.4 579.2 573.8 568.4 563.2 558.1 551.5 544.8 537.3 530 521.2 512.1 501.2 488.3 478.2 467.9 459.1 453.4 454.7 455.8 456.9 458 459.8 460.9 459.9 457.1 453.3 449.2 444.2 437.7 431.6 425.1 417.9 411.7 405.6 399.7 394.6 389 400.2 402 400
493.1 492.2 495.6 500.3 507.9 517 525.2 532.6 541.4 552.8 565.7 576.8 586.1 593.1 598.5 602.4 604.6 604.6 603.7 602.6 600.9 599.8 602.1 605.1 608.3 611.3 613.9 615.6 615.3 612.3 607.8 603.3 598.7 593.9 589.3 585.7 582.8 577.6 572.9 567.3 561.6 556.4 551.8 547 540.2 532.1 523 514.1 504.6 493.1 482.5 473 463.2 455.1 440.8 447.8 448.5 449.5 450.1 451.4 451.8 450.2 447.6 443.8 439.8 435.5 430.3 424.4 417.9 411.9 406.2 400.5 396 390 394.8 401.1 398.6 395.3
496.2 495.5 497.2 500.9 508.7 518.1 527.3 534.7 543.4 555.2 568.2 580.2 590.1 597.1 601.6 605.2 606.6 605.7 604.8 604.1 603.4 602.3 605.4 608.8 611.9 615.1 617.5 617.9 616.9 613.7 608.7 604.1 599.3 594.4 587.8 580.8 575.6 570.2 565 559.8 554 549 543.8 538.5 532.6 524.3 515 505.2 495.4 484.8 475.8 466.9 457.6 451.1 445.3 436.9 441.5 442.1 442.7 443.4 442.7 441.5 438.8 435 431.2 427 421.9 416.9 411.4 405.9 401.4 396.7 392.1 386.1 384.1 396.9 392.9 394.3
497.8 497.1 499 502.6 509.3 519.2 529 536.8 547 560 572.8 583.9 593.6 600.5 604.8 607.6 607.8 607 606.2 605.5 604.7 604.8 608.8 612.3 615.2 617.5 618.8 619.3 617.6 614.1 609.6 604.8 599.1 593.5 585.5 575.5 567.7 560.9 555.7 549.8 543.8 538.8 534.7 530 523.7 514.6 505.6 495.8 485.9 476.3 466.7 458.8 451.5 445.8 441.3 437.6 431.6 435.5 436.3 436.1 435.6 434.2 430.3 426.5 422.7 418.5 413.9 409.5 404.6 400.5 397.2 392.9 387.9 381.8 388.5 388.9 388.7 388.5
496.2 496.8 499.6 503 509.4 519.3 529.3 537.8 549.5 563.2 576.2 587.3 596.7 603.3 606.9 609.7 609.4 608.8 608.1 607.4 606.7 607.3 611 614.5 617.2 617.6 618.6 618.2 616.4 612.4 608.1 604 598.6 592.3 581.9 569.9 559.3 549.8 545 539.5 533.6 528.6 523.8 518.4 511.4 503.1 494.7 485.7 475.8 466.5 458 451.8 445.6 441.5 437.8 433.9 423.5 429.5 429.9 429.1 428.6 426.5 422.6 418.7 415.2 412 407.5 403 399.6 396.4 393.1 389.4 384.3 376.7 387.7 378.1 378.5 381.2
489.2 493 499.8 503.3 509.4 518.9 529.6 540 550.4 565.3 579.3 590.3 599.6 605.3 608.6 610.8 610.8 610.4 609.9 609.4 608.9 609.4 613 616.4 617.8 617.8 617.3 616 614.1 610.2 605.8 602.3 596 587.8 575.5 563 551 541.4 534.3 528.9 523.2 516.7 510.3 505.2 499.9 491.6 483.3 474.8 465.8 456.7 449.7 444 440.6 437.1 434.1 429.7 416.9 426 426.7 425.6 424.5 423.2 418.9 413.9 409.1 405.6 401.8 398.4 395.4 392.2 389 385.8 379.6 372.7 378.1 375 371.6 371.5
484.2 491.2 497.5 502.3 507.2 516.9 528.8 539.5 550.5 565.7 581.1 593.4 601.6 607.3 610.4 611.9 611.9 611.9 611.5 610.9 610.4 610.3 613 616.1 617.3 616.6 615.1 613.7 610.8 607.1 603.4 597.7 590.2 579.9 568.6 555.7 544.3 533.8 523.4 517 510.4 503 496.4 491.1 486 479.4 471.6 464.6 456.8 448.4 443.1 439.7 436.3 432.8 429.4 425.4 416 423.7 424 423.4 422.2 420.1 416 411.5 406.8 402.7 399.4 396.6 393.3 389.9 386.7 382.3 373.7 377.4 373.8 372.2 366.5 363.9
475.5 483 491.7 499.3 508.1 516.3 526.1 537.3 549.9 564.9 582.8 595 602.1 608.3 611.8 612.9 612.9 612.9 612.9 612.5 611.8 611.5 613.1 615.6 615.5 615 613.5 611.6 607.5 603.8 598 590.8 583 572 561.1 549.3 538.2 527.9 517.5 507 497.7 490.3 484.5 478.8 473.1 467.4 461.8 455 448.1 441.9 439 435.6 432.2 428.8 425.4 420.6 411.3 421.6 421.7 421 419.8 417.1 412.9 408.8 404.6 401 397.5 394.7 391.3 387.8 384.4 379 370.2 368.4 368 365.4 360.3 358.6
465 472 488.1 501.8 512.1 518.5 525.9 535.3 547.2 562.7 581.9 594.4 603.2 608.2 612 615.1 615.2 614.8 614.3 614 612.8 611.9 613.4 613.4 613.3 613.2 612.5 609.1 604.9 599.4 592 584.6 575 563.8 552.6 543.1 532.1 521.7 510.3 500.5 489.7 481.7 474.9 470.2 465 459 453 446.9 441 437.4 435.1 431.9 428.4 424.8 420.7 415.9 410.7 418 419.4 418.4 417.4 414.5 410.5 406.8 403 399.2 395.7 392.7 389.3 385.8 382.4 378.2 371.3 364.5 362 359.4 357.2 355.9
458.2 474.1 489.7 504 516.1 523.8 530.8 537.3 546.5 562.1 580.4 593.4 601.8 608.7 612.5 616.3 617.4 617.6 617.1 615.8 613.8 612.5 611.8 611.4 611.2 611.1 610.1 606.2 601.2 595.4 588.2 580 569.2 556.5 546.1 536.2 525.3 513.9 503.4 494.1 484.8 475.7 468.1 463 457.5 451.7 446 440.5 436 433.1 430.6 428.1 424.3 420.1 415.8 411.2 403.8 414.3 416.7 415.8 415 412.2 409.1 405.9 402.4 397.7 393.9 390.7 387.3 383.9 380.4 378.4 370.1 364.5 358.8 356.6 355.1 354.3
460.4 475.5 490.7 505.7 520.1 527.6 535.4 542 549.9 562.6 577.6 591.3 600.7 607.7 613.9 618.7 620.6 620.3 619.2 617.5 614.2 611.9 610.4 609.6 609.2 608.8 605.9 601.6 597.6 592.1 585.1 576.2 563.6 551 539.9 529.5 518.1 506.4 496.8 487.9 480 472.3 465.1 454.1 450.2 444.7 439 434.5 431 428.8 426.9 425.1 421.2 417.3 412.3 406.7 394.9 409.5 413.3 412.8 411.6 408.9 407.2 404.3 401.5 396.9 392.4 388.6 384.9 381.2 377.4 377.1 369.4 363.7 358.3 353.9 352.9 352.6
458.3 474.7 488.9 504.4 520.3 529.3 537.2 545.6 552.9 563.1 575.7 588.6 600.9 609.6 617.3 622.3 623.9 622.7 621.6 619.1 614.4 610.9 609.5 608.6 605 603 600.2 597 593.3 588.7 580.8 570.1 557.8 545.5 534.2 522.2 510.7 499.2 490.5 482.6 474.6 468.2 461.7 454.4 445.9 435.4 432.8 429.2 426.4 424.8 424.7 422.7 418.8 414.6 408.8 401.5 393 397.9 407.8 409.1 408.2 406 404.5 402.4 400 395.5 390.9 386.2 381.9 378.1 373.5 369.6 364.1 360 357.2 354.3 351.9 351
451.4 467.8 482.1 496.7 513 525.3 534.9 544.4 554.1 564.1 576.8 589.2 601.3 611.8 619.8 625 628.3 627.8 625 619.4 612.4 608.1 606.6 602.7 598.8 595.9 592.6 590.4 588.2 583 573.6 562.9 551.5 539.4 526.5 513.9 502.1 492.2 484.2 476.1 468.5 463.4 457.1 450.5 440.9 433.6 420.8 423.1 421.1 421.2 421.7 420.2 416.6 412.1 407.5 402.5 392.4 389.6 400.4 404.7 404.8 403.3 401.8 400.7 398.5 394.2 389.2 384 380 374 369.7 365.8 362.8 359.9 357.1 354.2 351.4 349.7
438.9 455.3 467.7 481.4 498.7 515.6 528.4 541 552.6 564.8 577 589.1 601.2 612.7 621.1 627.3 631 630.4 625 617.5 609.8 602.8 599.6 596.2 590.6 587 584.9 583 579.3 572.6 562.9 551.8 540.8 530 517.1 505.2 494.8 485.5 477.5 469.7 463 458 451.8 443.7 434.9 427.5 421.2 415.6 414.9 416 418.9 418 414.4 409.5 406.1 400.9 392.7 384 394.2 400.2 400.4 399.1 398.2 398 396.5 392.4 386.9 381.5 374.3 372 367.9 364.3 361.2 358.3 355.4 352.6 350.7 349
415 433.4 446 460.6 482.1 502.7 521 536.7 550.1 562.3 574.9 587.4 600 613.1 622.5 629 632.5 630.2 622.8 614.3 606.3 598.7 593.4 587.4 580.5 576.7 574.1 571.1 567 559.7 550.8 540.1 530 519.4 508.7 497.7 486.7 477.3 469 461.1 454.7 449.2 442.9 435.3 427.7 421.9 416 404 407.4 409.9 414.5 415.9 412 407 403.2 400.2 393.4 383.4 379.1 395.7 396.2 394.5 394.1 394.8 395.1 389.5 383.8 378.1 374.2 370.2 366.5 362.8 359.5 356.7 353.8 351.8 350 348
383.8 404.6 414.5 435.9 465.8 490.2 512.4 531.4 547.5 559.1 572 584.4 597.7 613.2 621.5 627 629.5 626.3 619.7 610.9 602 593.8 586.3 577.5 570.3 566.3 563.5 558.9 553.2 546.1 537.4 527.5 518.9 509.8 499.8 488.8 477.7 468 459.6 451.6 445.8 440.3 434 426.7 419.8 414.7 410.1 406.6 400 396.1 406.6 412.8 408.3 402.6 398.6 398.5 395.3 384.1 378.1 381.6 389.4 389.6 391.2 392.3 391.8 386 380.4 374.7 372.2 368.5 365.5 361.2 357.9 355 352.8 351 349.1 347.1
389.1 368.2 379.5 412 447.1 475.5 499.2 520.8 538.8 554 568.2 581.4 596.8 606.8 614.9 621.1 623.8 621.8 615.4 607.3 598.9 588.9 579.7 571.3 563.8 557.9 553.7 547.6 541 533.1 524.9 517.2 509.5 500.6 490.9 479.9 468.7 458.8 450.4 442.6 436.8 431.5 425.3 418.2 412.3 408.1 404 400.9 395.4 387.3 402.3 407.4 400.9 396.4 395.3 395.3 393.9 387.6 377.4 374.8 380.1 386.9 387.2 388.3 387.8 382.7 376.9 372.7 369.7 368.2 364 359.7 356.3 353.9 352 350.1 348.1 346.2
388.8 383.7 361.3 388.6 432.5 462.5 486.3 507.1 527.1 543.6 558.5 571.8 583.7 593.7 602.4 609.8 614.3 615.5 610.8 604.3 596 586.4 578.3 570.6 562.1 553.3 542.6 537 528.1 519.8 515.1 507.9 500.2 491.2 481.7 470.9 459.7 449.5 441.7 434.7 428.7 423.6 417.2 410.3 405.3 400.9 397.8 395.3 389.8 379.9 401.4 403.3 396.4 391.4 393.7 393.1 390.9 388.4 376.2 372.2 373.4 382 380.8 382.2 383.1 377.2 371.2 370.4 368.3 364.2 360 357.9 354.9 353 351.1 349.1 347.2 346.3
389.9 383 376.2 367.2 416.2 447.3 476 496.5 516 532.1 545.3 557 568 578.4 586.8 595.5 602 607.4 606 600.4 593.4 586.1 579.9 571.8 563.3 552.1 541.4 530.4 515.2 510.6 504.9 497.7 489.9 481.7 471.9 461.2 450.2 441 434 426.9 421.6 416.5 409.7 403 398.3 393.6 390.7 390.8 383.8 383.8 396.1 397.7 392 388.9 391 389.7 387.3 383.9 374.8 370.8 368.2 372.6 373.5 371.3 373 371.4 372.4 372.1 364.8 360.2 358.5 356.5 354.1 352 350.1 348.2 347.1 346.6
393.4 379.4 383.4 373.6 403.4 436.5 466 485.2 503.7 518.6 531.8 542.9 553 562.9 572.2 581.6 589.7 596.9 598.4 595.6 591.9 587.3 582.1 574.3 563.5 553 542.1 530.5 517.3 499.3 493.3 485.1 480.3 471.7 461.8 451.3 441.2 432.8 425.8 419.8 415.2 410.7 404.6 396.6 391.3 389.9 383.6 387.5 378.7 382.1 389.4 393.1 387.7 386.9 387.8 386.3 381.8 374.3 368 367.4 364.1 365.4 367.5 369.7 370.9 373.6 371.4 362.1 362.9 362.4 360.9 358.1 354.7 351.3 349.2 347.8 347.3 346.8
396.1 378.2 377.8 382.7 396.9 427.4 453.5 472.4 490.1 505.3 518.3 528.8 538.9 548.6 558.3 568 577.2 584.4 589.1 589.4 588.6 587.4 583 575.4 565.2 554.1 542.6 530.7 517.4 503.3 488.3 474.5 468.1 461.4 451.6 442.5 433.2 425.3 418.5 413.3 408.8 404.3 400.8 397.4 393.8 390.8 387.8 378.5 372.7 372.2 387.6 388.9 385.2 385.5 384.8 382.1 373.4 366.2 361.3 361.3 362 363.5 366.4 368.6 371.4 371.9 365.8 363.6 366.7 365.5 362.6 358.6 354.4 350.6 348.7 347.7 347.1 346.4
400.9 378.4 362.7 373.5 389.8 417.5 439.6 458.2 475.3 491.5 504.6 514.9 524.4 534 543.9 553.8 563.3 571.3 577.8 581.5 583.2 583.4 581.2 573.5 563 551.8 540.8 529.3 514.8 498.9 480.7 465.9 452.2 448.8 441.9 433.3 425.5 418 411.8 407 402.5 399 396.6 394.3 390.8 387.8 385.5 385.4 379.2 366 382.2 382.3 377.9 381.3 380.3 376.8 366 361.6 358.2 357.9 359.4 362.4 366.4 369.3 370.1 368.9 363.2 364.7 367.6 365.8 362 357.5 353 350 348.3 347.3 346.1 345
403.8 385.3 370.7 365.6 380.9 404.5 427.2 444.2 460.5 476.4 490.5 500.4 509.9 519.5 529.3 539.2 548.8 557.4 564.5 571.4 575.7 577.5 575.3 569 559.3 547.8 536 523.8 509.2 493.6 477.8 462 448.6 432.5 431 424.6 417.6 411.2 405.1 401.2 397 394.1 392.4 391 387.5 381.4 375.7 375.2 370 359.1 373.2 374.1 372.6 374.8 374.3 371.2 361.9 357.3 356.3 356.3 358.5 361.7 365.4 367.1 367.2 367.2 363.6 368 368.1 365.2 361 356.6 351.8 348.9 347.3 346 344.7 343.5
406.2 389.3 365.5 358.2 373.5 392.2 414.6 432.1 448.4 464.2 477.2 486.3 495.5 505 514.8 524.4 533.7 542.6 551.7 559.2 566.4 569.4 568 561.9 551.9 541.3 528.6 516.2 502.1 486.9 471.2 456.2 443 427.2 416.2 414.7 409.5 405.4 400.3 395.5 390.6 387.4 386.3 386.5 380.9 369.5 365.8 364.8 360 358.3 359.7 361.3 361.8 363.5 364.2 360.5 355.9 354.2 353.7 353.6 356.3 359.9 362 363.7 364.9 365 363.5 369 367.6 363.9 359.7 355.2 350.4 347.6 346.1 344.6 343.3 342.1
405.4 389.6 373.5 354.5 367.4 378.9 402.8 420.1 435.5 449.1 461.4 472.1 481.3 490.6 500 509.3 519.6 530.3 539.4 546.9 555.6 560.5 559.7 553 544.8 534.4 521.9 508.3 494.1 480 464.7 450.2 435.8 423.5 412.8 405.6 400.8 397.7 393.7 389.9 384.8 380.1 382 381.6 371.5 359.7 356.2 355.5 354.5 354 353.8 353.5 353.8 353.1 352.7 352.5 351.9 351.1 350.8 350.5 353.7 357 358.8 360.1 361.4 359.9 364.3 367.9 366.5 362.7 358.4 352.9 348.4 346.4 344.9 343.5 342 340.6
402.7 388.3 379.7 357.9 361 373.6 390.5 408 421.6 433.9 445.3 457.4 467 476.7 486.1 496.7 507.4 518 527.1 535.8 546.3 550.6 551.6 545.2 537.4 527.1 513.8 499.7 485.8 471.8 457.2 443.4 431.1 420.1 412.2 403.8 393.4 385.6 384.1 383 375.7 369.7 373.3 372.7 362.7 354.3 352.4 351.6 351.8 351.5 350.9 349.9 349.2 348.9 348.7 349.3 348.8 348.9 348.2 350.5 350.5 351 356.7 358.1 359.7 360.1 363.4 366.3 365.1 361.2 356.6 350.6 347.3 345.2 343.6 342.1 340.9 339.7
