data/280000-90000.asc
ncols 200
nrows 200
xllcorner 280000
yllcorner 90000
cellsize 50
[rows 70 to 104 of 200, columns 0 to 78 of 200]
134.8 135.8 137.2 138.5 137.8 136.5 134.8 133.1 131.7 128.9 125.8 121.2 116.9 110.2 99.1 109.3 129.6 133 137.1 140.6 142.7 142.8 140 135.9 132.1 125.9 121.5 116 110.3 104.6 97.3 89.7 77.6 65.2 65.3 64 64.6 64.9 73.7 85.2 100 113.7 128.5 138.2 140.6 140.5 138.2 137.8 137.8 137.6 134.9 130 134.1 133.7 131.5 129.9 132 129.6 123 117 118.3 116 117.5 115.7 102.4 110 103.5 111.9 111.7 110.9 107 107.3 104.4 114.1 116.9 120.7 117.7 112.1 113.3
127.3 126.5 129 131.1 131.4 130.8 129.5 127.9 126.4 124 121.1 117.9 113.7 107.1 97 105.5 126.2 129.7 133.2 137.1 139.4 140.5 141 140.2 137.9 133.9 128.3 124.2 117 108.1 98.4 85.3 69.2 64.6 64.9 64.5 64.5 65.3 79.5 90.2 104.2 117.3 129.2 139.7 143.8 144.7 144.1 144.3 144.1 142.5 139.9 137.1 139.6 139.2 137.3 137.9 137.2 134.7 126.7 124.6 126.2 123.9 124.1 118.4 112.4 117.5 110.5 115.1 117.1 117.8 116.1 111.5 104.7 110.9 117.8 123.7 125.7 119.3 111.2
121.8 120.4 121.2 123.6 126.2 124.5 121.9 120.6 119.2 117.9 114.2 110.1 105.7 103 95.1 109.7 119.3 123 126.7 132.5 134.7 135.2 136.1 137.6 137.9 135.6 130.3 123.8 117.1 109 96.4 80.2 64.9 65.1 73.6 67.6 64.6 65.7 80.5 90.2 104.7 116.8 126.6 134.8 140.5 145 146.9 148.7 148.8 147.6 145.8 144.5 145.3 145.7 145.7 144.9 143.2 139.6 129.4 131.1 133.4 131.6 123.8 117.4 122 121.6 116.8 118.8 121.9 122.9 120.3 109.7 110.8 110.4 115.7 124.4 129.4 125.2 118.8
123.4 119 117.1 114.8 118.7 119.2 117.5 113.4 111.9 110.5 108.2 104 99.7 97.6 93.3 101.4 109.6 113.6 119.8 124.5 126.1 128 129.8 131.2 133 132.5 128.1 121.5 114.5 105.6 91.9 76.1 65.2 71.2 79.3 71.2 64.5 64.6 79 88.1 97.9 114.8 123 130.3 135.6 141 144.6 145.4 146.2 147.7 148.7 149.3 150.3 151.6 151.2 150.6 149.5 146 131.9 138.9 137.8 131 129.6 127.4 127.8 127.6 122.5 124.9 127.8 127.7 124 118.8 120.3 118.7 120.4 126.8 133.2 130.4 124.5
127.5 124 121.7 116.2 111.5 117.6 117.1 114.5 108.8 104.5 102.9 100 95.8 91.8 89.8 91.3 99 105.1 111.7 116.4 118.5 119.7 122.5 123.9 127.2 127.4 124.9 119.3 112 101.6 91.5 76.3 65.2 69.4 83.4 76.4 65.1 65.8 75.9 82.4 90.8 103.6 114.2 120.6 127.6 133.9 136.7 138.9 138.7 142 145.6 149.4 152.6 152.8 155.2 155.9 155.8 150.5 144.3 146.4 143 137.9 137.5 137.2 137.3 135.6 127.5 132.2 134.5 131.7 126.2 126.3 128.4 125.5 130.9 133 137.5 135.8 130.9
131.5 126.3 119.2 116.4 113.2 108.6 108.2 106.5 105.4 105.3 105.1 101.3 95.9 92.9 91.7 89.4 89.3 95.9 103.4 107.1 109.5 110.6 111.9 114.9 118.7 120.7 120.7 116.1 110.6 101 90.8 79.3 69.4 66.4 85.1 81.9 68.4 65.3 76.6 81.6 83.7 90.6 95.8 110.4 117 121.5 126.3 128 128.7 131.6 138.1 144 148.1 151.8 155.1 156.8 157.7 156.1 152.9 153.8 151.7 148.4 146.5 146.6 147.1 145.2 138.6 138.3 141.5 138.2 133 136.2 137.6 133.2 139.1 143.3 143.3 141.1 135.3
131 127.1 126 126.2 122.1 115.8 114.4 114.2 114.2 116.1 114.4 109.8 105.3 100.9 99.7 94.6 91 87.2 91.4 94.2 96.3 97.9 101.2 105.9 107.7 109.9 111.8 112.5 108.4 102 93.1 82.9 73.3 67.7 81.9 82 69.6 68.1 77.2 88.5 91.4 90.8 89 95.1 102 108.9 112.8 114.7 115.5 119.4 127 134.4 141.5 145.9 150.5 154.7 157.2 158.4 158.9 160.6 160.9 160 158.2 156.9 155.9 153.1 149 147.8 150.1 147.8 143.2 146.3 147.6 143 148.2 151.8 150.3 146.1 138
140.9 138.2 136.8 137.4 132.6 127.6 126.5 125.6 125.7 125.4 124 120.5 112.8 105.5 106.4 106.2 98.8 90.4 85.9 84.7 83.2 83.7 86 90.3 94.2 97.2 100 104.3 103.5 99.7 92.2 83 72.9 67 73.8 79.1 69.1 69.3 80.6 95.5 101.4 103.2 103.5 101.2 98.4 101.9 107.3 113.6 119.2 126.7 131.2 130.9 131.9 138.2 144.5 150.8 154.3 158.3 161.9 165.7 168.1 168.1 167 165.5 163.2 161.5 158 158.6 158.6 156.5 154.6 155.3 156.8 155.6 157.8 159 158.1 151.2 142.5
150.7 151.4 150 148.1 144.4 140.2 137.5 136.5 133.2 132.6 130.3 124.8 114.4 115 116.2 113.9 107.1 98.7 91.6 89.4 87.9 85.1 81.7 79.7 82.1 82.4 85.6 89.8 95.5 94.4 88.7 81.4 72.9 69 72.5 77.5 68.2 66.8 78.5 93.6 105.3 110.8 111.8 113.4 114.5 117.1 120.7 127.2 131.2 137.3 140.2 142.4 142.8 142.9 145 148.4 153 158.7 164.5 168.9 170.3 171.4 170.9 170.1 168.5 167.3 166.8 167.1 166.7 165.9 164.5 163.8 164.7 165.8 166.9 166.5 164.7 158.4 150.3
158.2 159 158.3 155.5 151.5 147.5 143.8 141.3 139.1 135.4 130.3 122.8 122 125 124 119.7 113.9 106.4 101 98.7 96.9 95.2 89.8 86.3 81.7 76.7 77.7 75.3 82.2 86.2 83.2 78.4 70.9 67.5 73.3 77.2 68 67.2 75.1 91.8 102.6 111.9 117.3 120.7 125.8 130 132.9 138 142.2 145.3 148.3 150.5 151.7 153.3 154 156 159.1 164.7 168.9 170.2 170.9 171.6 172.1 172.9 172.7 172.2 172.1 172.8 172.9 173.3 172.1 173 173 173.5 174.5 174.6 171.5 165.6 157.6
164.7 164.5 162.6 159.7 155.9 151.7 145.9 140.9 135.4 130.4 129.6 130.5 131.8 132.3 131.3 126 120.6 115.6 111.1 109 107.2 103.2 99.9 95.6 90.9 87.5 82.3 76.2 73.2 80.2 79.5 74.6 68.6 67.8 78.1 78.8 70.6 68.8 72.4 87.8 97.9 105 111.4 116.9 122 126.4 130.7 136.2 141.8 148 153 156.4 158.8 160.2 161.4 162.3 165.3 169.6 168.5 169 168.4 168.5 168.7 169.5 171.3 173.1 174.4 175.3 177.6 178 178.2 178.9 179.7 180.3 180.1 179.5 176.9 172.3 164.2
171 168.8 166 162.4 157.1 152.2 147.6 143.3 143 140.8 141.5 141.3 141.3 141.4 138.9 135.8 131.1 125.9 120.7 115.9 111.4 106 102.6 96.4 90.9 85.8 82.6 76.7 71.9 71.8 73.4 69.5 68.3 70.4 83.2 83.7 75.5 68 67.6 81.4 88.9 94.5 99.8 105.7 111.6 117 121.1 125.1 130.6 137.3 146.1 154.1 158.7 162.5 165.2 167.4 168.1 168.4 165.8 163.7 163.2 163.2 163.5 164.3 165.7 167.2 169.7 172.6 174.6 177.1 179.8 182 182.8 183.4 183.3 183.5 181.1 177.2 172.9
173.2 169.8 166.2 162 157 152.2 150.3 150.2 150.5 149.7 148.9 150.2 150 148.7 146.4 141.8 135.4 129.2 123 117.2 111.7 104.5 94.9 86.5 79.8 76.1 72.6 71.3 70.3 69.7 69.5 68.9 69.3 76.2 87.2 88.1 80.6 72.9 68.7 70.2 76.2 80.2 84.9 90.5 96.5 103.2 107.7 111.1 117.2 124.4 133.9 143.9 150.6 156.4 161.1 164.8 166.4 164.9 162.3 154.5 153.4 153.9 155.1 156.6 158.8 160.9 161.7 165 168.1 171.4 174.6 175.5 176.6 176.9 177.8 179.7 180.2 178.6 176.8
172.4 168.1 163.8 159.8 156.5 153.5 152.3 152.1 152.5 153.3 153.3 151.7 151.7 149.4 146.1 140 132.9 126.6 118.3 112.1 104.9 94.3 84 77.5 72.8 72 71.7 71.6 72.5 72.2 70.1 70.7 76.7 86.1 96.5 91.8 84.6 77.3 69.5 68.4 76.4 80.6 83.5 86.8 88.8 93.4 97.4 103.8 108.2 112.5 120.3 129.6 138.8 145 151.6 157.6 161.5 162.1 158.2 145.2 139.8 144.6 146.8 148.7 148.8 148.7 148.4 152.8 156.8 158.9 162.7 164 164.2 166.2 167.9 170.3 172.2 172.9 174.4
170.3 164.4 161 157.4 153.1 148.2 145.9 142.7 145.5 147.2 147.7 146.6 145.2 143.1 139.2 132.6 125.9 118.4 109.6 102 91.9 81.5 77 73.6 73.7 73.3 75.2 83.3 85.7 85.6 84.6 86.7 93 101.5 105.1 97.1 87.1 80.1 72.4 68.5 78.9 92.6 99.9 100.9 104.4 108 108.7 117.2 122.2 125 126.9 128.4 130.3 135.6 143 151.2 156.6 157.8 153.4 136.7 125 131.9 136.5 138.7 137.4 135.7 135.2 138.4 140.8 143 144.8 148.1 148.4 152.3 154.7 158.1 161.2 163.1 165
168.7 161.6 154.2 152 147.7 139.3 131.4 130.5 135.8 138.8 138.5 136.9 134.2 130.5 126.9 121.9 114.8 105.5 97.4 89.3 82.7 76.1 74.6 74.1 77.2 82.3 83.7 84.2 95.3 97.1 100.3 104.4 110.7 112.4 108.1 99.3 88.5 82.8 75 69 73.5 93.6 107 112.1 117.6 120.3 120.9 128 132.2 135.9 138.7 140.8 140.8 143.6 147.7 152.8 154.6 152.5 149.2 132.8 118.2 125 126.6 127.7 125.9 124.1 122.6 125.3 126.1 127.3 127.4 129.5 132.8 135.3 139.5 143.4 146.1 148.9 152.2
168.7 161.7 153.5 146.4 140.6 138.4 136.4 128 123.4 125.7 126 124.7 122.9 117 111.9 105 101 96.1 89 83.9 78.4 73.7 80.1 85.1 89.8 93.4 91.7 84.4 99.7 107.5 111.7 116.1 117.5 113 107.4 99.5 91.8 85.4 78.1 71.1 78.5 93.3 109.7 117.3 122.7 129 131.8 134.6 140.1 144.5 145.9 147.7 148.8 150.6 152.7 154.5 150.9 146.3 137.8 126 115.5 114.8 116.2 120 114.6 113.5 109.5 111.9 109.8 109.2 109.1 109.3 112.7 117.8 123.6 126.4 127.5 132.9 138.7
171.1 165.8 161.1 156.6 151.2 148.2 143.6 134.4 122.8 111.8 110.2 110.5 107.3 103.1 97.5 92.6 88.2 85.1 82.4 79.4 75.1 78.1 93.3 95.7 100.5 102.3 99.5 90.1 94.9 110.5 117.7 123.6 123 116.9 110.4 103.4 95.9 87.7 79.6 71.8 70.8 86.6 106.4 120.1 127.7 133.2 136.8 139.7 141.3 142.9 144.2 145.5 147.2 148 149.3 148.8 144.1 138 130.7 119.3 108.8 108.2 113.1 112.9 105.8 102.4 97.2 96.7 100.2 100.8 102.2 103.7 108.8 107.5 109 110.9 114 119.3 125
172.1 167.4 163.7 160.2 156.7 151.9 144.7 135.7 126.4 119.8 114.2 108 104.8 102.9 101.4 102.4 99 94.3 88.6 82.4 75.3 78.3 98.4 104.5 108.7 109.2 106.5 100.2 96.6 104.1 115.8 123.8 123.5 119.1 112.3 104.7 97.8 91.4 82.9 74.2 71.5 81 101.4 117.3 126.4 132.3 135.6 137.5 138.4 139.4 139.8 140 141.2 142 141.2 139.1 133 126.1 123.8 114.2 103.5 103.7 104.8 104.2 97.5 97.6 98.2 101.8 106.2 108 110.6 111 111.7 111.3 109.9 109.8 111.1 110.7 113.8
166.7 163.5 160.5 158.7 156.5 152.9 147.4 141.3 137.3 133 125.8 121.2 116.6 116.8 115.8 110.4 104 96.1 88.8 82.9 76 78.5 91.9 103.4 108.3 113.4 112.8 110.3 107.2 105.2 114.5 123.7 123.5 118.3 111.9 103.2 96.6 91.4 84.4 75.5 71.6 78.2 96.4 113.8 121.6 126.4 128.5 130.2 131.5 133 133.2 134.3 133.8 134.1 130.5 126.2 118.9 113.4 113.1 108.6 100.8 93.2 95.1 92.4 93.8 99.4 104 104.3 109.6 113.8 118.4 119.4 122.4 122 121.5 119.2 120.3 119.1 112.6
156.9 154 151.5 151.9 151.7 155.2 153.4 150.9 147.4 143.2 138.2 133.9 130 125.4 119.6 111.9 103.6 96.3 89.4 83 76.2 80.5 90.4 94.5 104.1 113.9 118.8 117.8 113.7 110.6 119 124.7 124.4 120.8 114.5 107.2 101.3 95 86.3 75.3 72.6 77.5 89.6 104.8 113.8 116.2 118 118.6 118.7 119.5 120.3 121.3 119.8 118.6 113.5 110 104.7 100.6 96.7 93.6 89.9 88.5 88.5 91.5 98.5 104 107.5 111.5 111.6 112.9 120.6 126.9 130.9 132.4 131.7 129.5 130.7 128.1 119
149.1 145.1 142.9 144.6 148.3 153.1 155.3 154.2 151.7 147.6 143.1 139 134.3 128.5 121 113.2 105.1 97.5 90.5 82.9 76.5 81.4 96.3 104.4 110.1 118.4 124.2 126.1 121.6 118.2 125 126.3 121.9 117.1 111.8 105.4 97.9 89.9 82.3 75.6 72.3 72.7 82.5 94.8 101.7 103.8 103.9 103 103.4 103.4 105.3 105.7 102.5 99.3 96 94.2 90.4 85.5 85.3 86.7 89.4 90.9 92.5 89.6 94.1 105.8 115.1 119.1 122.7 124.2 123 130.1 137.2 140.2 138.9 137.7 136.5 132.3 124.9
141 136.3 133.8 136.2 141.6 151 153.8 153.2 150.3 146.8 143.6 140.4 135 129.6 122.9 115 107 99.1 92.8 85 77.1 81.3 96.2 112.2 119.8 125.3 132.1 135.7 134 131 132.3 129.5 119.7 113.6 100.5 95.9 91.1 86.5 86 81.7 73.7 72.1 72.7 81.7 87.3 89 88 86.6 87.2 88.5 89.7 88.2 85.8 81.4 81.8 82.5 83.9 89.7 93.9 97 99.3 101.3 103 99.7 95.5 99.3 117.1 127.8 131.9 132.3 131.8 132.2 141.3 146.8 147.5 146.2 144.6 140.4 131.8
138.8 136.5 129.4 129.1 141.4 149.1 147.1 147.2 145.5 142.6 138.8 135.8 131.6 127.2 121.4 115.8 108.8 103.3 97.3 88.4 78.9 80.4 98 114.9 128 135.5 142.4 144.8 144.5 141.4 140.2 135.8 129.4 119 110.4 106.3 104 100.8 96.8 89.6 79.9 75.3 74.4 73.9 75.4 76.8 77.5 77.9 77.9 77.8 79.3 79 83.4 83.3 85.3 89.1 92.9 98 103 106.5 109.3 111.5 112.3 107.4 103.9 97.3 111.7 129 138.7 140.5 139.9 137.5 144 150.7 154.5 154.9 153.1 147.9 137.7
150.4 144.4 131.5 122.1 139.8 144.6 141.4 137.5 136.5 133.1 128.2 125.6 123.9 120.5 115.8 112.4 109.3 104.7 98.8 91 81.4 79.6 97.2 113.9 129.2 144 150.3 152.9 151.3 149.3 145.4 140.6 135.4 126.8 120 113.9 111.5 108 102.8 95.4 88.3 76.3 75.7 80.5 83.5 82.4 85.6 85.4 85.6 81.8 89.6 93.1 94.5 93.7 98.1 100.4 98.1 105.6 109.8 113.9 117.8 119.9 119.5 115.5 110.3 99.4 105.6 126.4 140.9 146.3 147.1 145.6 148.7 154.2 158.4 159.8 159.8 152.3 141.3
154.7 147.3 130.9 119.4 137.6 143.4 137.4 128.4 124.1 121.1 116.9 112.4 110 105.6 102 101.3 99.6 98 95.7 90.6 82.5 78.2 87.5 108.1 128.5 145.4 154.8 157.6 155.9 151.8 146.9 139.9 136.9 130.4 124.7 119.2 113.3 107.2 101.3 94.9 87.8 75.2 77.4 85.9 89.6 92 93.5 99.3 97.4 87.7 96.1 103 105.8 106.1 108.8 110.2 106.5 109 117.5 122.3 126.5 127 125.2 121.3 115.7 103.5 102.1 121.8 138.2 146.1 149.1 151.4 153.1 157.2 161 163.3 163.7 157 146.7
154.7 146.6 131.3 116.6 130.9 134.7 133.6 125 115.4 114.6 110.6 106 101.7 97.2 92.6 89.3 87.3 85.5 87 86.2 82.8 78.2 93.5 113.1 129.1 145.6 157.1 157.9 153.2 148 142.4 137.1 132.5 127.4 122.6 117 109 98.9 90.7 84.5 78.9 74.5 77.8 86.9 95.1 102.7 103.9 106.6 102.9 92.1 102.6 110.7 112.8 115 119 120.8 118.2 112.8 125.2 131.6 133.4 132.5 129.6 124.5 117.1 105.6 104.2 117.6 131.6 137.2 141.9 148.1 151.4 153 155.7 162.1 163.7 161.5 154
148.6 143.9 134.9 115.9 115.9 121.8 123.2 121.9 114.2 107.1 103.9 100.6 95.4 90 88 89.1 90 86.1 81.5 79.4 78.7 81.3 102 116.2 131.4 148.5 156.5 153.3 147.2 142.4 137.1 131 126.5 121.2 115.2 107 100.7 92 86.8 87.4 83.8 76.4 82.7 94.2 101.5 111.9 113.8 114.3 104.1 97.4 109.3 117.1 121.7 123.5 127.8 129.8 125.5 118 130.5 137.2 138.1 135.8 131.4 125.5 118.3 107.3 101.1 109.5 118.1 125.6 133.6 139.7 141.4 143 149.1 157.7 164 165.8 161.5
142.5 139.7 135.9 123.7 111.9 110.1 110.8 112 108.9 98.2 93.3 92.9 93.7 96.4 99.4 97.1 93.5 87.8 80.7 78.9 80.3 87.1 101.5 115.9 129.3 145.2 150.1 146 139.5 133.4 128.1 124 119.4 113.2 106.8 100.2 98.1 95.6 95.4 93.7 87.2 78.4 79.1 98.8 108.9 118.7 121.7 117.1 108.3 102.5 109.1 117.2 126.6 132.6 135.5 136 132.4 125.7 136.5 139.3 138.1 134.1 128.5 122.2 116.4 106.1 102.7 115.4 116.9 115.7 121.7 128.4 132 143.5 151.4 157.7 165.8 167.3 167.2
134 133.6 131.6 126.2 119.1 112 104.7 99.5 97 97 99 101.1 105 105.1 100.6 94.1 88.6 81.1 79.3 79.3 84.3 93 102.2 114.7 127.1 139.3 143.2 140.4 133.9 127.9 123.6 120.1 116.4 113 109.3 106.3 104.4 103.1 98.9 93.6 88.5 79.8 77.2 93.8 110.7 124.4 127.2 122.3 114.5 111 109.5 114.9 123.5 135.4 139.7 140.3 136.8 131.9 137.7 138.7 135.1 129.9 123.8 118.7 115.1 108.3 105.6 122.9 126 126.1 128.2 130.4 138.1 146.8 153.9 162 167.4 171.1 171.7
124.3 121.8 120.5 117.1 111.4 107.5 104.2 103.4 104.7 107.8 111.3 112.4 109.7 104 97 90.4 83.6 80.5 80.8 86.9 92.8 97.5 106.1 119.7 131.3 137.7 138.8 134.5 130.1 124.6 120.1 117.1 115 112.9 108.9 109.7 106.4 103.6 98.7 93.6 86 80 76.8 88.2 105.6 124.1 133 130.8 125.4 118.7 119.4 119.9 127.4 137.9 142.9 143.1 141.7 138.4 138.4 137.4 134.1 131.5 126 122.2 116.8 112.2 101.2 115.4 125.2 126.9 130.8 133.9 139.2 144.8 149.4 155.2 159.5 164 169.2
124.9 118.3 116.9 114.7 113.1 112.1 112.9 115.1 116.4 118.7 119.9 118.1 113.7 106 99.6 93.1 82.7 83 92.4 99.8 104.3 107 112 119.7 131.5 139.2 138.8 135.5 131.2 127.3 123.5 119.1 115.9 111 105.2 103.2 101.8 99.1 94 90.8 84.7 81.4 78.9 83.7 101.1 118.8 133.4 138.3 135.1 132.4 131.9 130.4 135.7 141.4 144.9 143.7 140.1 136.9 135.6 134.1 134 130 124.1 120.5 109.5 112.7 105.7 102.6 107.2 111.6 116 122.3 128.2 133.1 136.5 142.5 148.2 151.7 155.3
139 135.5 131.5 128.3 127 126.2 127.3 128.5 128.8 130 129 126.9 123.6 116.1 107.7 98.4 87.3 86 99.5 109.2 117.7 121.7 127.5 134.9 140.9 143 140.9 138.3 135.1 130.1 126.1 121.5 116.6 113.6 108.9 105.8 101.1 97.3 95.4 93.6 89.7 82.7 76.7 79 97.7 116.5 130.1 140.9 143.6 141 140.5 140.5 141.3 140.3 139.1 134.8 132.2 130.8 130.8 130.2 131.1 127.4 121.1 115.3 118.2 116.4 112.3 104.9 114.3 114.9 114.7 112.7 113.8 115.3 117.6 126.7 133.8 138.2 146.3
151.5 148.5 146.1 143.1 142.4 142 141.5 141 140.2 139.7 137.7 134.8 129.4 123.6 112.8 102.5 92.6 85.5 84.6 102.8 119 128 137.8 143.6 145.8 142.8 139 136.4 132.5 128.5 123.6 119.5 116.4 113.8 110.8 107.6 106.9 104.5 102 96.9 91.6 84.5 78.2 81.2 96.1 113.2 125.6 136.4 142.7 142 140.4 137.1 134.7 133.4 129.7 127.1 126.4 125.7 124.8 127.5 128.8 128.5 125.1 124.7 124 121.8 118.8 108 120.5 123.6 122.9 122.1 121.3 123.2 121.3 120.5 130.2 139.3 151.7
157.3 155 154.3 151.7 150.1 150 146.6 148 146.4 144.4 141.4 137.7 132.2 125.9 116.8 107.5 99.6 91.2 84.5 85.2 102.6 121.8 137.5 146.4 145.5 140.1 134.7 131.7 127.4 123.5 119.2 115.5 112.1 110.1 109.3 106.1 106.4 105.6 100.7 96.2 90 85.3 80.6 78.8 87.6 104.8 116.4 129.3 133.6 134.1 132.7 127.5 125.6 124.4 121.2 118.4 119.2 118.7 121.5 124.9 129.1 131.5 131.6 131.5 130.2 126.6 118.5 110.2 124.1 130.3 129.8 129.1 128.7 128.9 129.1 127 124.3 138.3 149.4
