data/280000-240000.asc
ncols 200
nrows 200
xllcorner 280000
yllcorner 240000
cellsize 50
[rows 105 to 139 of 200, columns 0 to 77 of 200]
410 411.5 412.5 413.6 411.3 408.8 403.5 396.7 383.9 376.8 358.3 342.4 362.1 377.3 369.5 382 375.5 363.4 348.3 326 301.1 284.4 269.3 256.3 246.1 243.1 248.8 255.6 269.9 285.8 307.4 328 349.8 371 391.2 410.3 420.9 418.2 393.9 381.3 367.5 355.4 348.8 350.5 349.3 336.7 338.6 358 374.5 391.1 409.3 419.4 425.5 429.5 435.1 440.6 447.8 455.2 459.9 463.9 467.4 469 471.3 474.2 477.5 479.9 483.3 486.7 487.3 484.9 483.8 480.9 469.2 465.1 457.8 448.7 441.4 432.9
403.7 409.1 410.7 410.8 409.2 405.4 400.1 393.6 387.1 379.8 367 336.5 348.3 352.3 363.4 363.8 360.3 351.4 333.7 313.1 284.5 263.2 250.4 245.1 240.3 239.9 258.2 267.2 281.9 301.1 320.4 340.5 360.2 379.9 396.4 416.4 424.1 401 380.3 367.6 353.7 344.6 342.8 343.8 335.3 326.9 349.1 361.3 378.3 396.6 410.8 417.6 423.6 428.7 434.3 441.3 449.8 455.8 459.9 462.6 464.6 468.7 470.5 474.1 477.6 479.6 481.7 483.2 483.8 482 477.4 470.8 463.1 454.4 443.4 434.4 428.3 418.4
401.2 407.2 410.8 410.8 407.5 402.6 397.2 390.8 386.6 380.2 367.4 331.3 333.1 337.8 345.2 341.3 337.4 330.7 315.2 295.4 270.6 250.3 242.9 239 238.1 241.4 268.1 286.9 311 320.7 335.4 353.7 373.5 384 404.2 420.3 416.5 388.7 369.1 354.7 340.5 337.3 337.4 335.6 317.5 334.4 352.2 365.7 384.1 399.2 410.9 417.5 423.4 430.1 437.1 444.5 451.8 454.6 458.2 460.4 464.5 469 470.5 472.8 476.3 479.6 480.7 480.8 480.3 477.1 470.2 456.9 448.7 435.5 424.3 413 410.9 399.8
400.4 406.5 409.4 409 404.8 399.8 396.5 392.8 386 380.9 364.8 337.5 312.9 317.5 321.2 318.1 315.4 313.9 296.5 283.3 255.8 240.9 239.4 236.4 237.8 259.4 285.5 302.1 315.7 329.9 351 369.9 383.2 391.7 410.2 421.4 401.5 376.3 358 341.9 332.5 330.1 326.8 320.7 323.9 344.9 356.8 373.2 392.3 403.6 408.7 414.9 421.5 429.7 437.4 444 449.8 453.1 456.3 461.2 463.9 467.3 469.5 471.7 475 477.9 479.1 478.4 477.4 472.1 461.5 450.8 430.3 414.2 403.9 394.1 392.1 389.9
399.1 405.4 409.9 407.3 402.2 398 396.7 389.7 375.8 369.2 349.7 328.4 304 295.1 298.4 295.1 296.7 293.8 286.7 265.5 245 235.7 233.6 236.2 253.2 272.5 289.5 307.9 325.2 344.2 366.2 380.8 390.5 399.3 416.1 414 387.4 363.8 346.5 328.7 320 313.9 306.4 321.7 335.4 351.6 365.4 380.9 395.8 403.5 410.4 416.4 422.6 429.2 433.8 441.1 444.9 450.4 455.9 460.5 463.1 465.8 468.5 470.3 473.2 475.5 476.4 476.6 475.2 468.4 456.5 438.6 418.6 397.1 385.1 377.5 378.3 377.9
399.4 404.4 406.7 403.9 398.5 393 391.3 376.3 363.9 345 330.9 309 292.7 271.2 274.8 272.8 288 281.5 274.9 252.2 234.5 231.9 233.7 245.9 264.2 285 300.7 321.7 341.5 358 378.8 389 395.5 405.5 419.2 398.7 372.3 352.3 333.3 319.2 309 298.2 315.9 333.9 343 358.2 371.3 386.6 396.8 403.5 410.2 418.4 422.7 427.6 431 438.8 444.5 449.2 454.9 460 461.4 464.4 467.6 470.3 470.8 473.3 473.3 472.9 468.5 461.9 449.7 432 409.5 386.4 371.3 364.8 360 367.5
400.1 402 403.1 399.6 394.1 387.9 380.3 361.6 342.7 323.3 307.5 291.3 284.5 268.5 256.3 265.8 280.1 270 258.5 237.8 229.4 233 238.3 251.5 274.3 297.2 313.4 333.8 353.7 371.9 386.3 391.6 398.5 410.9 410.2 384.6 360.5 337.7 319.1 310.6 295.6 297.3 321 331.5 342.1 359.8 373.5 387.6 395.3 402.7 410.1 415.3 419.8 428.5 433.5 441.1 446.5 450.6 453.9 458.3 460 463.3 466.7 469.2 471.1 471.1 469.8 467.6 459.9 453.2 442.3 423.7 405 385.1 370.1 356.4 350.5 352.6
400.1 401 398.2 392.5 386.1 381.7 368.1 346.2 320.6 303.2 288.9 281.8 274.3 260.1 249.8 260.1 266.3 251 242.8 229.6 230.1 234.8 243 262.4 286.1 305.6 323.9 346.3 365.5 380.3 386.9 389.7 405.5 413.8 397.6 369.4 347.8 325 307.8 296.4 288.3 298.7 316.1 320.3 334.5 347.4 360.2 367 371.7 385.9 399.5 411 422.3 430.1 436.8 443.7 449 453.3 456.2 458.5 459.5 462.6 465.3 467.4 468 467.5 464.2 460.6 453.2 444.9 435.1 422.7 407.1 387.4 364.1 349.8 340.9 345.2
399.3 395.6 390.4 385.6 379.1 376 358.4 326.7 307.3 288 279.3 272.8 261.5 248.2 241.5 256.7 249.8 236.7 228 228.5 232.1 236.3 250.2 270.6 296.8 314.9 334.4 357.8 374 384.7 392 404.6 411.5 408.7 379.4 355 332.6 312.8 296.4 283.4 302.1 316.2 324.5 331.3 347.6 363.2 375.1 383.3 391.8 403.2 413 420.6 426.4 429.4 441.3 443.9 449.6 454.2 457.2 459.6 461 461.5 462 463.7 463.4 462.5 458.9 454.8 447 440 434.4 420.6 401.7 380.5 360.8 347.5 337 335.2
391.4 387.1 382.2 377.3 372.2 371.2 345 315.7 292.9 278.4 273.4 263.4 248.6 241.6 243.1 251.1 238.3 229.6 224.5 229.2 232.9 243.1 261.3 281.9 305.8 325.7 345.2 368 379.8 391.5 401.8 407.3 411.7 390.4 362.2 339.1 316.6 302.5 282 285.9 307.4 316.5 322.7 334 351.4 367.3 382.3 396.7 404 408.7 413.8 420.8 430.2 435.6 439.8 443.5 450.6 455.8 458.5 460.1 461.3 462.1 461.7 460.3 458.9 457.4 453.3 448.6 441 434.5 427.4 414 397.7 375.4 358.2 345.4 336.4 329
383.3 379.6 375.2 370.4 366.1 356.5 327.9 306 285.6 274.2 266.6 257 239.1 235.3 241.4 242.6 231.4 224.3 223.3 230.9 240.7 257.2 273.9 292.6 316.3 338.8 356.1 372.2 388.6 398.4 401.7 409.7 395.8 370.2 344.7 321 303.7 290.2 275.9 290.4 307.7 311.2 324.8 340.8 354 369.7 391.9 401.5 406 407.1 413.7 421.6 434.4 439.8 444.3 447.8 451.8 457.2 460.3 464.3 466.1 463.5 462 459 454.6 451.7 445.8 440 433.6 428 421.9 405.4 387.2 371.4 356.2 341.5 333.3 327
375.6 372.7 371.4 366.9 361.5 346.3 316 291.1 280.4 271.5 261.8 249 235.7 230.6 239.1 230.1 221.3 221.2 229.4 238.6 252.6 270.8 287.4 308.7 329.7 349.4 367.4 383 398.5 404.7 404.7 402.9 375.9 351.8 326.3 304.7 289.9 273 277.7 293.9 302.2 314.1 328.5 344.7 361.2 380.6 395.7 402.6 408.6 409 416.6 428 439.6 445.2 448.2 450.9 454 458.5 463.2 467.8 469.2 467.2 462.6 459.2 452.7 441.7 436.7 430.8 425.5 421.7 409.7 392.4 377.8 363.7 353.8 339.4 331.4 325.3
369.3 368.4 370.5 366.3 360.4 347.8 313.7 293.8 285.8 275.7 257.6 246.1 234.6 227.6 224.6 219.2 219.4 225.7 237.7 249.9 263.6 280.4 301.7 321.4 343.6 365.6 381.7 395.8 404.6 408.4 402.4 384.5 357.1 332 307.5 285.4 271.6 268.7 282.9 300 307.4 316.8 330.9 347.7 365.5 385.3 398.3 408.4 411.2 416.9 425.3 435.6 443 446.8 450.3 452.5 456.4 460.4 461.4 464.2 465.3 464.5 461.6 457.2 451.2 441.3 425.1 415.8 412.4 405.3 396.4 382 369.9 358.5 346.7 335.9 330 325
364.8 365.5 366.7 365.9 359.3 345.8 328.1 309.6 295.4 281.1 262.2 238.2 229.5 224 221 217.9 221.4 236.2 248.4 262.8 276.3 293.7 313.8 332.1 355 377 395.3 411.2 412.6 407.3 395.8 368.4 339 315.7 291.1 268.8 269.1 281.6 290.9 303.4 310 316.6 330.5 350.1 369.5 388.1 402.8 414.9 417.8 424.5 433.8 441.2 445.6 447.8 450.7 454.7 458.1 461 461 460.3 459.7 461.2 459.2 454.8 448.4 435.8 422.7 411.8 397.8 380.8 377.8 373 361.6 352.8 346.9 340.4 332.6 325.9
361.9 362.6 364.6 363.1 357.9 346.3 327.7 303.1 282.4 265.2 247.3 232.1 223.4 219.8 216.9 218.5 231.5 244.9 260.9 275.6 290.6 304.6 326.9 346 368.1 389.4 403.1 414.8 414.7 404.6 382.4 352.2 325.6 299 274.8 259.5 275.3 286 293.7 303.9 308.5 315 330.9 351.2 373.2 390.2 406.7 421.1 423.7 430.7 436 440.6 444.5 449.5 451.9 454.9 458.1 460.7 461 459.1 460.5 459.1 456.6 452.9 445.1 434.2 426.5 419.6 407 386.2 369.2 360.4 356.4 354.5 350.5 342.8 331.9 325.6
359.3 359.7 361.2 358.5 353.7 338.5 311.4 288.1 266.3 247.1 236.9 226.7 219.8 215.6 213.1 225.4 245.9 261.4 279 292.3 306.1 317.7 338.8 358.7 378.1 394.8 406.7 418.2 415.8 396.4 368.2 337.5 311.3 284 260 260.4 281.7 288.9 296.1 302.8 306.4 315.7 333 353.9 375.2 393.1 410.7 420.9 427 431.8 434.9 438.1 441.9 447.5 451.5 454.5 457.4 459.7 459.7 457.6 455.6 452.9 451.9 448.3 438.9 434 425.3 413.1 400.4 384.6 370.7 357.5 349.9 351.6 348 339 326.8 319.4
355.4 358.8 359.9 353 335.5 314.4 293.1 272.2 250.8 234.8 228.4 221.6 214.7 211.2 218.7 242.8 261.6 279 293.9 307.6 318.1 330.8 348 368.4 384.7 397.1 409.9 416.8 413.3 389.8 358.1 324.5 298.1 272.5 252.1 265.2 279.8 290.7 296.9 301 302.6 315.4 335.6 358 376.8 395.2 411.3 417.5 424.6 431.3 433.5 436.6 439.9 445.5 448.6 451.4 453.8 454.9 455.3 454.4 451.2 448 445.1 440.1 433.1 427.6 415.4 405.7 395.4 383.8 372.1 359.7 344.9 341.7 341.9 332.1 319.9 315.2
353.5 360.3 355.8 340.8 318.2 296.6 273.6 253.7 237.7 229.8 223.3 216 210.3 216.9 236.5 257.9 276.2 291.5 306.2 317.4 329.7 341.7 358.9 372.2 386 397.5 408 410.8 410.8 387.9 355.7 321.2 289.5 262.6 250.2 268.4 279.7 291.5 295.6 297.1 298 315.6 338.5 361.3 377.3 397 408.5 415.2 420.8 427.5 430 434.7 439.9 443.5 445.3 448.6 451 450.8 451.2 451.2 448.5 444.5 440.1 431.8 425 416.7 408.3 400.1 390.4 378.9 368.3 352.6 336.7 330.5 336 322.9 312.6 312.4
357.2 354.1 339.8 322.3 301.8 278.5 256 238.3 230.4 225 218.3 211.4 210.6 231.5 252.6 273.2 288.1 301.8 315.7 327.1 338.2 352.9 366.9 374.8 385.9 397 406.4 411.6 411.8 389.5 355 319.8 289.5 260.4 248.9 263.9 273 284.5 290.7 292.9 297.5 315.7 340.3 359.5 376.8 393.9 402.9 410 413.3 422.5 427.4 432.1 436.8 440.4 441 444.6 447.3 448.5 448.9 447.8 444.2 439.4 431.9 423.1 415.7 408.3 400.3 392 379.2 366.9 350.3 340.3 333.7 323.1 316.6 309.4 306.2 308.7
349.6 342.7 329.2 304.6 285.4 263.8 241.2 228.6 223.3 220.5 212.8 208.3 226.1 248.3 269.3 285.9 297 310.8 323.9 335.4 346.7 360.9 370.7 378.4 388.4 397.3 405.3 411.3 411.9 394.1 359.9 323.7 294 263 247.9 251.5 264.3 271.5 282.6 285.3 295.8 313.8 335.1 357.7 376.3 391.4 394.2 397 406.1 419.4 425.3 427.9 431.2 437.1 439.8 441 442.1 444.5 444.8 442.2 439.5 432.3 424.2 410.3 403.5 397.3 390.3 378.2 366.4 350.2 342.2 341.6 338.9 331.1 315.1 304.8 303 305
336.6 331.6 318.4 289.9 274.9 255 230.5 224 222.2 218.9 209.9 211.2 237.1 263.1 279 291.6 302.2 316.8 331 340.7 352.7 364.6 373.8 378.8 389.5 395.8 401.2 408.9 410.9 398.7 365.2 330.3 301.4 273.3 247.1 243.4 256.5 264.4 273.6 282.7 291.6 309.9 329.7 351.7 369.8 376.2 378.8 386.4 399.8 413.7 419.7 421.5 427.2 432.3 434.9 438.8 440.8 441.2 440.7 438.8 436 430.3 420.1 395.7 385.2 380 372.5 361.5 347.2 341 342.7 343.8 341.1 335.9 323.1 306.5 300 300.7
325 322 308.7 285.2 265.5 244.3 225.1 225 221.9 214.4 204.8 214.3 246.2 268.5 280.4 291.7 308.4 321.5 333.2 344.1 356.2 368 374.6 380.7 386.7 392.8 400.4 405.7 410.6 400.8 369.7 335.9 305.1 276.4 252.2 238.9 254.3 262.8 271.7 280.1 285.8 298.1 319.3 341.7 359 359 366.3 377.4 391.5 407.5 414.9 416.6 422.2 424.7 427.6 434 439.5 441.1 434.5 434.3 432.5 426.7 418 403.2 380.5 361 349.4 338.2 329.8 336.2 341.8 338.1 338.7 336 325 311.2 298.2 298
314.7 312.9 306.5 287 261.5 237.3 225.7 223.8 218.7 207.6 206.6 221.3 249.3 269.9 283.2 295.7 307.5 319.4 332.6 344.9 356.1 366.9 373.6 380.7 385.2 391.7 397.6 403.5 406.4 397.2 368.9 334.7 304.8 274.5 250.9 239.7 250.2 261.2 268.3 276.3 282.3 288.8 308.3 328.4 342 349.5 358.5 369.3 387.7 402.2 408.6 410.5 418.4 419 425.2 431.1 433.4 431.9 429.1 429.9 427.3 420.7 410.4 399.5 383.1 366.4 341.4 313.4 316.6 320.2 326.4 331.8 338.2 337.9 325.8 313.6 303 295.3
306.5 306.1 303 287.3 256.4 235.5 224.7 222.6 215.8 203.5 211.1 225.4 244.8 260 276.1 286.2 304.6 318.7 333.4 344 355.4 363.8 369.6 376.5 381.9 386.7 392.9 400.6 404.4 392.6 366.9 333.6 303.2 270.8 244 235.9 251.3 258 262.7 269 276.4 286.2 298 319 332.1 339.3 354.5 367.9 383.7 395.8 400.1 405.8 409.1 420.8 425.4 428.8 427.5 423.6 423.9 423.5 420.8 413.2 402.5 391 377.4 361.8 342.1 315.5 295.2 303.9 315 325.5 332.7 335.2 329.9 323.9 313.2 304.1
301.7 300.1 296.7 285.5 254.6 229.5 224.3 222.8 216.9 200.4 213.1 227 240.7 254.7 273 291 306.8 318.9 332.3 340.9 351.6 361.8 371.1 371.4 373.6 378.6 389.1 396.2 394.7 385.1 363.3 331.5 298.1 268.1 234.6 236.8 243.1 250.1 265 275.6 269.9 280 291.6 313.5 328.9 340.3 355.2 366 377.3 381.8 390.9 403.8 413.9 421.5 422.1 423.6 420.5 416.3 417.1 413.6 409.1 400.5 391 379.1 367.3 353.3 326.8 304.7 283.6 291.3 304.3 317.7 328.6 332.2 332 330.8 314.2 305.2
297.6 295.6 292.3 282.4 254.6 230.9 222.3 221.8 215.6 198.6 210.1 222.8 236.6 254.2 274.5 292.3 303.7 316.8 325.1 335.1 345 356.5 361.2 358 364.9 377 387.2 390.9 386.9 376 357.5 328.9 296.8 262.7 231.7 236.1 246.3 258.4 269.7 280.5 280.3 284.6 289.9 307.6 325.9 339 349.6 352.4 365.9 381.7 396.9 409.2 417.4 421.9 421.7 417.5 413 409.8 407.1 403.6 397.7 388.7 379.3 366.6 355.4 342.6 308.7 285 266.7 283 294.1 311.3 326.6 333.4 334.1 329 303.7 302.1
294.2 292.8 290.6 289 260.8 230.9 222.7 217.9 211.3 198.8 200.6 215.3 229.8 251.5 266.8 284.3 298.8 310.6 319.5 330.6 340.4 347.6 348.2 351.5 363.6 374.3 381.9 383.8 377 365.9 349.6 324.5 292.5 258 224.6 235.4 248.2 258.7 269.7 279 283.7 287.6 292.5 298.4 312.1 320.2 339.4 356.5 370.2 384.8 401 412.6 419.5 421.3 417.3 409.7 405.7 401.3 397.1 393.6 386.7 378.6 367.7 352.2 341.8 317.7 294.6 274.3 261.9 268.1 277.4 291.3 310.5 331 323.8 301.8 294.4 301.7
291 290.1 289.4 293.8 265.4 234.7 221.9 215 210.8 200 198.4 210.6 224.5 242 257.9 276.5 291.8 302.2 313.6 322.7 331.8 334.7 338.7 349.6 359.9 367.7 373.2 372.1 363.5 354.4 340.1 313.4 285.2 251.5 222.4 231.1 244.6 257 269.8 276.3 281.1 285.5 291.4 303.9 321.6 337.5 349.2 360.2 373.5 391.3 403.8 410.8 415.6 415.2 409.6 400.8 398.1 393 388.4 382.9 378.7 369.7 352.5 333.9 314.4 287.7 276.9 257.2 247.8 248.4 260.5 277.9 296.7 308.8 295.7 285.3 290.5 301
287.4 287 288.8 290.5 275.5 244.4 222.5 213.3 210.4 202.8 197.6 205.7 220.2 233.7 249.5 266.1 278.7 289.9 299.7 310.9 317.3 323.2 333.5 341 349.5 356.7 361.4 358.7 352.1 339.4 318.5 294.3 277.6 249.5 218.7 227.6 238.8 252.8 265 273.2 279.6 283.9 295.5 310.3 326.1 338.5 351.6 365.9 380.8 393.1 403.8 409.3 411 410.1 405.5 399.1 394.5 386.1 376.8 374.5 367.8 354 335.6 313.5 303.5 296.8 287.4 282.3 267.7 237.1 255 274.9 294.9 291.2 277.2 275.9 289.9 293
283.2 283.6 287 287.6 281.1 254.6 226.1 212.7 210.7 206.5 189.5 196.5 213.2 229 239.1 249.8 258.9 273.7 285.7 295.8 301.6 312.3 323.9 330.4 338.4 347 347 344.8 332.8 312.1 295.5 282.8 267.1 244.2 219.1 225.6 240.9 253.9 263.8 272.9 278.4 287.1 300.8 317.4 330.2 342.7 358.8 371.4 385.3 395.6 402.9 407.7 410.1 407.9 403.5 400.4 400 389.5 372.5 360.7 352.8 339 326 320.9 309 295.5 282 280.5 261.5 230.2 247.1 267.3 288.3 270.5 260.2 270.4 290.7 290.5
278.4 280.4 283 285.7 281.2 264.8 239.8 214.8 212.1 207.6 201.6 189.2 203.8 219.1 230.5 238.2 246.3 256.7 265 274 289.4 302 307 316.9 328.4 332.9 331.1 320.7 306.5 288.7 276 265.6 252.5 235.7 213.5 224.1 240.6 255.5 265.1 272.2 280 290.1 304.1 320.4 335.7 349.1 366.1 376.5 389 392.1 400.6 405.3 407.5 406.7 402.9 402.3 401 392.7 377.9 365.3 352.2 335.2 319.2 302.3 287.3 271.4 263.9 258.1 243 223.9 235.4 241.6 246.5 243.5 248.5 274.4 287.4 290
276 278.2 280.1 281.3 278.3 271.2 255.8 231.6 213.3 208.5 200.8 188.5 195.9 210.4 220.8 227.7 230.3 237.9 244.5 255.9 272.5 282.6 293.6 305.4 314.5 315 308.1 295.7 280.9 269 257.6 245.4 230.7 216.4 219.7 230.1 241.2 256.6 265.2 270.8 278.6 290.5 307.2 324.5 341.5 357.6 368.6 374.7 379.1 386 395.4 402.1 403.5 401.9 402.3 401.1 396.5 389.2 373.9 355.7 332.8 313.8 292.7 272.2 259.5 247.4 237.8 229.4 222.2 219.2 220.7 222.6 230.1 241.1 255.2 273.8 287.8 291
273.6 275 277.6 279.1 276.2 276.1 268.9 251.6 228 213.6 203.2 188.1 187.7 199.1 210.8 215.9 221.1 228.7 234.4 241.4 253.4 267.5 283.1 294.7 298.7 293.9 285.5 274 259.9 247.2 234.1 217.9 208.5 216.3 224.1 231.7 241.3 251.8 261.8 269 277.1 292.2 309.8 330.7 349.2 363.4 369.6 372.8 377.3 384.5 393 401 401 391.3 398.1 395.7 388.1 373.6 350.8 324.4 302.9 284.1 264.2 243.1 232.6 226.2 214.4 202.9 210 232.4 240.8 242 219.5 236.1 257.9 267.9 277.2 271.7
269.5 270.2 272.7 272 273.7 279.1 280.1 265.8 247.5 228 210.4 193.7 180.2 190.5 201.5 206.9 213.8 220.4 228.2 235.5 247.7 263.7 276.4 280.1 278.8 271.1 263.8 253 240.6 225.5 208.5 204.3 213.6 223.1 229 234.2 242.3 251.4 260.3 267.9 280.6 297.6 318.8 341.8 356 364.5 368.5 371.8 376.3 385.9 391.8 395 388 389.4 388.4 379.8 365.7 350 321.9 300.5 278.5 258.8 239.4 225.5 219.6 207.1 198.6 213.2 238.1 240.7 258.8 258.5 228.1 233.8 245.8 240.5 246.9 248.4
263.9 264.8 267.2 267.2 274 279.7 281.4 276.1 259.4 244.1 226.7 207.9 180.6 180.6 191 200 206.7 213.5 222.8 232.8 248.2 255.8 262 263.8 260.2 251.5 244.6 237 224.8 200.9 200.8 215.8 223.2 228.7 233.7 239.4 245.5 252.8 260.3 270.1 286.9 306.2 334 351.5 358.3 363.5 369.9 374.2 378.2 384.6 388.1 383.6 376.4 373.7 360.8 350.7 339.2 322.2 302.9 281.6 257.3 236.8 224.1 210.3 199.5 198.2 209.4 229.6 244.4 265.6 277.8 273.4 240.7 238.6 239.6 248.2 256.5 267.9
