data/280000-110000.asc
ncols 200
nrows 200
xllcorner 280000
yllcorner 110000
cellsize 50
[rows 140 to 174 of 200, columns 0 to 77 of 200]
177.8 178.5 179.4 180.1 180.6 180.8 183 186 187.2 188.6 190 191 191.8 192.5 193 193.5 191.9 190.7 189.5 189.1 189.4 188.9 188.7 189.8 190.3 192 192.1 190.9 189.8 188.7 186.1 183.9 182.5 180.1 177.7 173.8 166.9 157.8 157.2 163.4 168.5 172.2 175.1 176.2 176.8 177.5 177.7 179.2 182.2 184.9 187.7 188.4 191 194.5 197.1 199.2 200.6 200.9 201.1 200.3 198.3 196.2 195.4 195.1 195.7 195.7 195.6 195.3 194.9 195 195.9 196.8 196 194.2 190.5 180.8 178.4 191.6
181.8 181.8 183 183.7 183.7 183.6 182.6 184.2 185.6 187.3 189.3 190.7 191.5 192.2 192.7 192.6 190.7 189.2 188.1 185.4 185.2 185 184.6 184.8 186 187.1 187.9 187.5 185.7 183.1 180 176.9 175.2 172.5 170.9 167.7 159.2 156.8 157.3 163.9 167.7 172 173.8 175.7 177.6 179 180 182 184.8 187.7 190.5 191.5 191.9 195.7 197.9 199.7 202.1 202.6 202.8 202.6 201.2 199.4 198.9 198.6 198.7 198.6 198.4 198.1 197.3 196.9 197 197.3 195.4 193.8 191.4 180.6 177.8 191
184.9 185.3 185.9 186.6 187 186.1 185.2 185.8 186.7 187.9 189.7 190.9 192 191.9 192.4 191.7 189.7 187.4 186.4 183.8 181.1 181.1 180.7 180.9 182.1 184.4 185 184.5 180.9 176.5 168.6 163.7 162.4 162.7 162.3 158.5 155.2 156.5 162.8 169.6 172 173.7 174.8 177.3 178.7 180.2 182.1 184.9 187.2 190 192.7 193.7 194.5 195.7 197.9 200.3 202.7 204.3 204.5 204.3 203.9 202.7 201.7 201.6 201.5 201.4 201.3 200.5 199.7 199.2 198.6 197.7 195.3 191.1 185.4 179.7 181.7 190.6
187.8 188.3 188.8 189.5 189 188.4 187.9 187.6 188.5 189.2 190.3 192.2 193 193.3 192.8 191.4 188.9 185.8 182.4 180.8 177.6 176.7 175.5 177.5 181.1 182.7 184 183.2 179.5 169.4 156.4 154 153.1 154.3 153.7 155.2 157.1 161.6 169.6 173.7 175.8 177.1 178.2 179.1 180.4 181.6 184.8 187.8 189.8 192.4 194.3 195.7 196.2 197.3 199.2 201.1 203.3 205.7 206.2 205.9 205.9 205.1 204.2 204 203.8 203.7 203.2 202.2 201.5 200.3 199.1 198.1 195.4 192.9 187.7 179.9 184.9 193.1
190.8 190.8 191.6 192.3 191.8 191.4 190.8 190.1 190.4 191.2 192.2 193.7 194 194.3 194.2 193.4 191.7 188.6 185.3 183.4 182.4 179.8 176.3 172.8 177.1 180 180.6 179.2 178 160.9 153.5 158.4 162.1 163.4 164.5 165 166.5 169.6 173.5 176.9 178.7 179.9 180.9 181.8 182.9 184 187.2 189.4 192.3 194.4 195.5 196.6 197.6 199 200.9 202.7 204.6 206.5 207.8 208.3 207.9 207.3 206.5 206.3 206.1 205.9 205 203.9 203 201.8 200.3 198.4 196 192.4 185.5 179.5 190.1 195.1
192.7 193.5 194.3 195.1 195.4 194.6 193.8 193 192.9 193.4 194.3 194.7 195 195.3 195.6 195.2 194.5 192.3 191.2 189.8 187.7 185.5 182.5 175.6 170 172.3 176.1 174.3 166.6 155.3 156 166.8 170.8 171.7 171.6 171 172 174.5 177.9 180.2 181.5 182.7 182.9 184 185 186.4 188.2 190.3 192.4 194.5 196 197 198 199.4 201.1 202.8 204.6 206.1 207 207.8 208.5 209.2 208.9 208.6 208.3 207.9 207 205.9 204.8 203.3 201.2 197.3 193.3 189 183.2 180.5 190.9 195
193.9 195 195.9 196.8 197.5 197.4 196.6 196 196 196 196.1 196.3 196.4 196.1 195.8 196.5 195.8 194.4 194.5 194.1 192.2 189.9 187.7 184.2 178.5 164.3 169 168.1 156.3 152.7 159.6 169.9 173.8 175.7 174.9 175.2 176.6 178 181.6 183.8 184.8 185.1 185.3 185.8 186.7 187.2 188.1 190 191.4 192.3 193 194.9 196.9 198.7 200.2 201.8 203.4 205.1 206 206.8 207.5 208.7 209.7 209.3 209 208.8 207.9 206.9 205.8 203.4 201.9 195.9 192 187.9 184.3 181.9 188.5 192.8
194.5 195.3 196.3 197.5 199 199 199 198.6 198 197.4 197.2 196.6 196.3 196 195.7 196.2 196.6 196.8 196.1 195.5 194.7 192.6 190.6 188 181.8 171.9 158.6 160.4 151.9 153.5 166.3 173.9 177.6 179.4 180.9 182 182.3 183.3 185.4 186.7 187 187.1 187.4 186.9 186.4 185.8 185.8 186.9 188.1 189.3 190 192 194.2 196.8 199 198.9 201.5 203.8 205 205.8 207 208.9 210.1 210 209.6 209.6 208.6 207.7 206.7 204.8 202.2 199.7 195.8 189.3 184 182.2 186.3 191.4
193.8 195.3 196.5 197.8 199.5 200 200.1 199.6 198.8 198.3 197.5 196.9 196.5 195.8 195.2 194.9 194.7 194.6 194.1 194.1 193.7 192.4 190.2 188 184.3 178.9 166.4 155.3 151.7 156.5 169.3 175.2 179.1 183 184.2 185.7 186.4 187.3 188.1 188.2 188.1 187.6 186.9 185.1 183 182.5 182.7 183.6 184.9 186.1 188.6 191.6 192.9 194.9 197.4 199.6 201.1 202.7 204.1 205.4 207.4 209 210.1 210.6 210.5 210.3 209.4 208.4 207.3 205.4 203 200.3 194.8 192.8 189.8 183.7 183.4 189
192 194.2 195.9 197.5 199.1 200 200.3 199.8 199.2 198.4 196.8 195.3 193.9 193.3 192.6 192.4 192.8 192 191.2 191.5 190.8 188.8 186.8 184.5 182.5 179 171.1 162.1 151 153.3 162.3 169.9 176.5 180.4 183.5 185.1 186.5 187.5 188.5 187.7 186.8 186.2 184.4 180.8 178.4 178.5 179.6 182.1 184 188.1 191.1 193.4 195.1 196.9 199.2 201 202.6 204 206 206.7 207.8 209.1 210.2 211.2 211.3 211.1 209.9 208.8 207.7 205.7 204.3 202.2 200.1 197.8 194.6 190.5 183.5 184.7
189.7 192 194.3 196 197.7 198.7 198.8 198.2 197.5 196.2 194.3 192.8 191.2 189.7 189.8 189.5 188.7 187.8 186 185.9 185.7 184.7 182.8 180.9 179.1 176.2 171.4 163.4 151.3 151.5 154.7 158.7 166.2 174 177.7 179.5 181 184.4 185.2 184.4 183.5 181.2 176.4 174.9 178.3 180.7 183.1 183.7 185.2 189.5 192.4 194.7 196.5 198.7 200.5 202.3 204 205.1 206.2 207.3 208.3 209.1 209.9 210.3 210.5 210.9 210.3 209.2 208 206.1 205.1 204.1 202.6 200.4 197.8 192.4 186.2 184
188.3 190.3 192.4 194.3 195.9 197.3 196.8 196.3 195.9 193.9 191.5 188.2 186.5 185 184.6 184.5 184.2 183.4 181.2 180.3 179.9 179.1 177.5 175.5 173 170.3 167.7 163.8 151.9 149.7 150.9 151.8 157.1 166.5 171 173.2 175 180.2 180.8 180.3 177.4 174 177.2 183.1 184.8 187.4 187.9 187.5 187.8 187.5 192.4 195.4 197.7 199.4 201.1 202.4 203.5 204.8 206.2 207 207.8 208.6 209.3 209.5 209.9 210.3 210.5 209.6 208.4 206.8 205.8 204.2 203 201.5 198.7 192.5 187.4 184.9
186.8 188.5 190.6 192.5 194 195.4 195.3 194.9 194.3 191 188.8 185.9 183.5 181 179.8 179.4 179.5 178.3 176.6 174.4 174 172.5 171.1 168.8 165.3 161.1 158.8 158.7 150.5 149.6 154.5 160.1 158.3 155.8 159.6 161.2 164.2 167.6 168.5 168.3 172.4 179 185.7 189 191 191.9 192.4 192.6 192 190 190.6 194.1 196.8 198.2 199.5 200.6 201.7 203.1 204.4 205.6 206.8 208 208.6 209 209.4 209.8 210.1 210 208.7 207.5 206 204.2 203 200.9 198.7 195.1 190.5 186.6
185.7 187.2 189.2 190.8 192.1 193.3 193.5 193.4 192.2 190 187.3 184.5 182 177.9 176 175.4 174.6 173.3 170.9 168.4 167.5 166.3 164.8 161.7 155.9 152 151.5 150.3 148.2 149.1 159.2 167.7 170.1 169.5 168.3 172.1 170.7 172.6 175.7 178.3 180.4 186.7 190 192.7 194.1 195.1 196.1 195.5 194.6 192.9 191.6 191.5 194 196 197.7 198.8 199.9 201.3 202.6 203.9 205.7 207.6 208.1 208.4 208.8 209.2 209.6 209.6 209.2 207.7 206.2 204.2 202.1 198.9 196.1 192.6 189.9 189.3
184.4 185.8 188 189.2 190.2 191.3 191.3 191.9 190.6 189.3 187.2 184.6 180.7 176.8 173.8 172.9 168.9 165.5 165.5 161.2 160.9 160.1 158.6 153.1 147.2 146.8 147 147.9 150.7 155.2 165.8 174.1 178 179.7 180.6 181 181.6 182.1 183.3 184.8 184.8 189.3 191.8 194.2 195.9 197 197.2 197.2 196.8 195.9 194.9 194.2 194.8 195.6 196.8 198.4 199.9 201.3 203.1 204.5 206 207.1 207.6 208 208.4 208.7 209.1 209.6 208.7 207.8 206.6 205 203.2 201 198.4 196.4 194 192.1
184.3 185.2 186.3 186.9 188 189 190.1 189.8 188.6 187.4 186.2 184.6 181.7 179.4 177.9 175.8 173.6 171 166.9 162.5 156.6 152.3 152.4 146.9 147.2 149.3 151.8 154.2 158.8 166.6 174 178.8 182.7 184.3 185.2 185.5 185.8 186.9 188.1 188.7 190 191 193.2 195.5 197.2 198.2 198.4 198.4 198.6 198.2 197.2 197.2 197.8 198.9 199.5 200.8 202.2 203.2 204.5 205.7 206.6 206.8 207.1 207.5 207.9 208.2 208.5 209.2 209.4 208.4 208 206.9 205.2 203.4 201.3 199.4 197.6 195.4
184.5 184.8 184.8 184.7 185.6 186.6 187.6 188.4 188.1 187.5 186.8 185.4 183.8 181.9 180.1 179.3 176.8 174.2 171.3 166.7 160.9 155 148.3 146 152.5 159.5 162.1 166.5 171.3 175.5 178.5 180.9 183.3 185 185.7 186.2 186.6 188.3 189.7 190.9 192.2 193.7 195.2 196.6 197.6 198.6 199.5 199.7 199.9 200.3 199.6 200.3 201.2 202.1 202.8 203.4 204.5 204.4 205.3 206 206.2 206.4 206.7 207 207.3 207.6 207.9 208.6 209.4 209.1 208.7 208.3 207.2 205.4 203.6 201.9 200.4 199.1
183.6 183.3 183.2 183.1 183.2 184.2 185.1 185.9 186.5 186.7 186.3 184.7 184 183 181.3 179.5 177.1 174.2 170.9 164.9 158 149.7 145.1 146 149.8 159.4 164.6 167.4 171.5 174.9 177.3 179.9 182.8 184.6 186.2 186.5 187.3 188.6 189.8 190.9 191.1 193 195.3 197 198 199 199.9 200.9 201.2 201.5 201.8 202.5 203.1 203.7 204.5 205.1 205.2 205.2 205.5 205.7 205.9 206 206.3 206.1 206.7 207 207.3 208.1 208.9 209.7 209.3 209.5 208.6 207.4 205.7 204.1 202.4 201.4
182.5 181.6 179.8 179.9 180.2 180.7 181.3 182.1 183.5 184 182.8 183.5 182 180.2 178.5 177.1 177 174 170.2 163.8 155.7 144.8 145.7 147.9 147.4 152.2 159 165.3 169.8 173.7 176.6 179.6 182 183.7 184.8 186 187 188.1 189.1 189.4 189.6 191.8 194 195.9 197.5 198.5 199.6 200.7 201.9 202 202.5 203.3 204.1 204.7 205 205.1 205 205 205.1 205.3 205.5 205.7 205.6 205.3 205.6 206.4 206.8 207.6 208.4 209.2 210 210.4 210.2 209.3 208 206.5 204.9 204.4
179.8 179.1 178.2 176.9 176.8 177.2 177.5 178.2 179.8 180.3 179.4 180.2 180.1 176.7 176.4 174.9 175.9 173.3 168.6 159.7 147.5 144.3 147.6 160.7 160.4 148.7 154.6 163.3 168.2 171.8 174.8 177.4 179.8 181.4 182.5 183.4 184.4 185.3 186 187.9 188.3 190.6 192.8 194.6 196 197.7 198.9 200.2 201.6 202.3 202.9 203.6 204.3 204.5 204.5 204.5 204.6 204.6 204.7 204.8 204.8 204.8 204.8 204.5 204.4 205.2 206.9 208 209.1 210.5 211.7 211.8 211.8 211.7 210.4 209.5 208.9 208.6
177.1 176.3 175.6 173.3 171.9 172.9 173.3 174.1 175.8 175.9 175.8 175.5 175.1 173.2 172 171.2 170.1 167.4 161 152.6 143.9 145.2 159.1 167.6 165.8 158.4 150.4 156 163.6 168.1 170.9 173.5 176 177.9 179.2 180.5 181.5 182 183.1 185.2 187.1 189.3 191.5 193.3 194.5 196.2 197.9 199.6 201.2 202.3 202.9 203.8 203.8 203.9 204 204 203.9 203.6 203.1 203.1 203.1 203.7 203.3 203.3 203.3 205 207.2 209.1 210.6 212.2 213.2 213.2 213.3 213.1 212.6 211.5 211 211.4
174.4 173.8 172.7 170.9 165.1 167.9 168.7 170.3 172.5 172.2 171.8 170.3 169.7 167.6 168.8 164.2 162.8 159.3 152.1 145.5 142.9 155 165.4 170.5 169.7 165.9 158.8 152.8 154.8 161 166 169.6 172.1 174.1 175.3 175.9 176.6 179.4 182.1 184.4 186.7 188.4 190.5 192.2 193.6 195.2 196.7 198.3 199.8 201.4 202.6 202.9 202.8 203.1 203.1 202.8 202.5 202.2 201.7 201.5 201.7 202.6 202 201.8 203.1 205.6 207.1 208.8 211.1 213 214.1 214.5 214.8 214.4 213.6 212.7 212.9 212.6
171.9 171.6 170.2 167.8 164.3 160.8 166.5 168.2 168.2 167.8 167.3 165.8 164.4 159 152.8 151.3 149.9 146.6 143.6 143.2 147 162.5 169 173.3 174.2 172.8 169.1 164.1 154.8 154.3 160.1 164.7 167.7 169.3 170.3 173.1 179.9 182.8 185 186.9 188.2 189.1 191.1 192.3 193.3 194.4 195.3 196.8 198.3 199.7 201.1 201.6 201.9 201.8 200.6 200.9 201.2 200.9 200.2 199.8 200.6 201.5 200.9 200.7 202.4 204.3 206.2 208 210.6 212.7 214.1 214.6 215 215.1 214.6 214.1 213.2 212.6
170.6 169.7 168.1 165 161.7 159.3 163.4 163.5 163.7 163.8 163.4 162.3 155.6 146.3 142.6 142.4 140.5 141.8 145.9 152 156 164.9 171.6 173.9 175.4 175.3 173.6 170.1 164.1 158.2 156.1 157 161 166.4 171.6 175.8 180.1 183.2 185.4 187.3 189.4 190.2 191.6 192.5 192.9 192.9 193.6 195.3 196.5 198.1 199.5 200 200.3 199.6 198.5 198.1 198.6 198.7 198.2 197.8 199 199.8 199.2 200 201.2 203.2 205.2 207.6 210.1 212 212.9 214.2 215.2 215.2 215.1 214.6 213.4 212.5
167.3 165.9 163.5 158.6 155.7 149.6 154 157.3 158.2 158.4 158.9 156.4 146.1 140.3 140.4 143.5 149.7 154.9 160.3 166.8 168.5 162.7 169.6 171.4 174.3 174.9 175.5 173.3 171.3 167.6 166.4 162.4 159 165.2 169.1 173.7 178.1 181.8 185 187.3 189 190.1 190.9 191.5 191.6 191 191.7 192.7 194.1 195.6 197.2 197.9 197.7 196.9 196.2 195.3 195.5 195.1 194.7 194.7 196.4 196.8 197.5 199.6 201.4 203.3 205.1 206.2 207.8 209.6 210.9 212.7 213.9 214.3 214.4 213.8 212.8 210.8
164.8 162.6 161.6 162.9 162 157 150.4 149.2 150.8 153.7 154.1 147.2 140.2 139.5 147.6 156.1 162.9 169.6 174.3 176.1 176.8 176.2 175.1 173 173.3 176.3 177.9 177.6 176.4 174.5 171.6 166.1 160.4 161.4 162.3 168.4 172.9 178.3 181.6 183.7 185.6 187.6 188.2 187.9 188 188.3 188.7 190.1 192.1 193.4 194.7 195.2 195.2 194.6 194 193.2 192.4 191.7 191.1 193.8 196.1 197.3 199.2 200.6 202.3 202.8 203.9 204.6 205.6 207.1 209.4 210.9 212.3 213.2 213.4 212.4 211.2 208.7
172.4 171.3 169.7 167 162.6 157.8 153.8 150.5 143.9 147.2 147.7 141.2 140.7 150.5 161.4 168.3 173 177.2 178.6 179.7 180.3 180.3 178.8 177.7 176.3 178.8 179.4 179.6 178.7 176.4 172.9 165.1 168.7 166.3 162.3 162.9 166.8 170.5 173.6 176 178.3 181 182.8 185.9 185.8 182.7 183.7 187.6 189.7 191.9 192.5 192.3 192.6 192 191.5 190.7 192 191.7 193.5 196.3 197.9 199 200 201.3 201.9 202.5 202 202.7 203.3 204.3 206.7 208.3 209.7 210.9 211.2 210.5 209 206.7
174.9 173.2 170.3 165 159.5 153.1 147.5 145.1 141.7 140.6 140.3 139.8 149.2 160.6 169.4 174.6 178.9 179.9 181.6 183 183.2 183.2 181.3 180.5 180.7 180.6 180.5 180.6 179.1 176.5 173.2 165.7 173.5 174.2 173.3 169.9 167.6 165.7 166.2 168.2 169.2 172.3 175.6 178.5 179.7 178.6 183.1 185.2 187 187.9 188.3 188.9 189.6 189.5 189 187.3 188.7 191.8 195.2 197.4 199 200.2 200.7 200.9 201.4 200.7 200 200.3 200.1 201 203 205.2 206.7 207.5 207.8 208.1 206.5 204
172.4 171 166.8 161.6 154.5 144.4 138.5 138.6 139 139.8 142 146.3 156.6 167.9 173.6 178.1 180.4 181.3 182.8 184.4 184.7 184.1 182.3 181.6 181.3 181.6 181.6 180.5 178.6 177 173.8 167.4 175.6 176.9 177.6 177.5 175.9 174.8 175 173.1 171.9 170.1 169.6 172.2 174 174.4 177 179.7 181.5 183 184.5 185.3 185.9 186.2 185.5 184.3 189.3 192.4 194.8 197.1 199 200.1 200.3 200.4 199.5 199.2 197.8 196.8 197 197.8 199.3 199.4 201.3 203.4 204.1 204.1 203.3 200.9
168.8 167.4 163.2 157 143.1 135.9 136.8 140.1 144 146.3 150 157.2 164.6 171 174.4 177.2 179.6 181 182.5 183.9 184.8 184.3 183.4 182.9 182.5 182.6 183.2 182.1 181.1 179.7 177 171.5 173.5 176.4 178 179.6 181.2 183.2 184 183.5 180.3 177.4 173.6 173.1 173.1 172.9 173.1 174.4 176.8 179.3 181.2 181.7 182.3 182.4 182.5 184.7 188.8 191.6 193.8 196 198.3 199.4 199.6 198.9 198.3 196.9 195.4 194.2 193.6 193.4 194.9 195.9 196.4 197 198 198.3 197.3 195.7
163.6 161.4 156.8 147.7 135.5 135.9 137.6 139.8 144.6 149.1 155.1 159.1 163.8 168.4 171.2 174.1 176.7 179.7 182.3 183.9 185.4 185.1 185.5 185.4 185 184.6 184.3 183.9 181.7 179.2 176.1 171.9 171.7 175.9 177.9 180.6 184.6 186.4 187.9 188.1 185.7 182.1 180.4 180.6 179.6 178.9 178.3 177.5 175.3 176.6 178.1 178.8 179.6 179.5 182.1 185 187.1 190.8 193.2 195.4 197.3 198.6 198.5 197.5 196.8 194.6 193.1 191.4 189.5 189.4 191.1 192 192.4 192.3 192.8 193.8 192 190.4
158 156.3 149.4 137.3 134.5 136.3 139.5 145.7 145.1 147.1 151.5 152.8 154 161.2 166.8 170.7 175.1 178.9 182.5 184.8 186.8 187 187.5 187.5 187.5 187.1 186.1 184.6 181.9 178.9 175.1 174.2 174.9 175.9 177.1 180.7 184.5 187.3 189.5 190.1 188.1 186.2 186.3 187.5 187.2 187 186.2 182.9 178.8 178.7 178.9 178.2 178.5 179 180.8 182.7 185.7 189.4 192.5 194.4 195.8 197.2 197.7 197 196.3 193.6 191.4 188.7 186.8 186 187.5 187.6 187.6 187.5 188 188.8 187.7 186.6
152.8 151.5 143.6 135.5 134.9 139.2 148.1 153.1 157.1 155.8 154.5 155.4 155.1 154.2 162.6 171.1 175.7 180.1 183.9 186.1 187.8 189 189.4 189.4 189.4 189.6 188.2 186.7 184.4 180.6 176.6 176.6 178.9 179.4 180 180.5 183.6 187.9 190.7 191.7 190.8 190.7 190.9 191.4 191.6 191.4 190.3 185.9 183 184.3 184.8 183.7 183.2 180.6 182.6 185.6 184.9 188.6 191.8 193.5 194.6 195.7 197.4 197 195.9 193.6 191.8 189.5 185.9 183.5 183.4 182.9 183.2 182.8 183.7 184.3 182.7 181.2
147.9 147 138.8 135.5 135.9 141.6 146.8 153 159.1 163.7 165.6 167.1 166.7 162.8 158.9 168.8 174.4 179.2 183.4 185.5 187.6 189.3 190.6 191.5 192.4 192.6 191.2 189.8 186.9 182.4 182.2 181.3 183.6 184 185.4 184.6 183.5 186.2 188.9 191.2 192.2 193.1 194 194.6 194.6 195.1 192.3 189.7 188.8 189 188.6 187.3 185.3 181 185.4 188.3 188.2 186.6 189.5 191.9 193.2 195.3 197.3 197.8 196.6 194.9 193.1 190.4 188.1 186.1 183.7 183.1 180.6 178.6 179.8 179.6 177.8 176.1
142.9 142.1 136.6 135.4 138.7 145.5 150.3 156 162.4 166.6 168.8 169.3 170.5 168.9 158.4 165.7 172.7 176.7 181.3 183.7 186 188.3 190.6 192 193.3 193.5 193.5 192.1 188.8 186.1 186.1 186.4 186.9 188.3 189.3 188.4 187.6 188.1 189.1 190.8 193 194.7 195.6 196.4 196.8 196.5 195.3 193.8 192.6 191 189.2 187.6 185.1 182.3 189.1 190.5 190.7 190.3 190.4 190.1 192.8 195 197.1 198.8 198.6 197.5 195.4 193.5 191.7 189.7 187.2 184.5 182.2 179.9 179.4 178.8 177.4 177.3
