data/280000-920000.asc
ncols 200
nrows 200
xllcorner 280000
yllcorner 920000
cellsize 50
[rows 0 to 34 of 200, columns 0 to 78 of 200]
231.6 233.2 235.3 238 240.2 242.5 245.6 248.3 249.4 248.7 247.5 244.2 239.4 236.2 230 225.5 220.6 212.3 205.2 198.6 194.2 190.3 187.5 184.3 181.3 180.6 181.1 181.5 180.4 178.9 177.4 178.8 179.2 179 178.2 177.4 176.3 174.6 172 169.6 167.5 165.5 164.8 162.7 160.2 158.3 157.7 157.1 156.4 154.9 152.9 150.8 150.9 150.6 150.2 149.8 149.5 149.2 149.3 148.8 148.6 148.6 148.7 148.6 148.2 148.2 149 149.9 150.7 151.7 154.3 155.2 155.5 154.8 154.9 155.3 152.9 149.8 147.2
232.1 233.8 236.4 239.2 242 245.2 247.6 251 254.1 251.4 248.4 245.1 240.3 235.6 231 228.1 223.5 217.3 210.5 205.2 199.7 194.6 191.9 188.4 184.4 183.3 183 183.3 182.3 180.7 179.7 181.1 182.5 182.3 181.7 180.3 178.4 176.9 174.3 171.7 169.1 167.1 166.9 164.3 161.8 159.8 159.3 158.6 157.9 156.4 153.9 152.3 151.9 151.5 151.2 150.9 150.5 150.5 150.6 150.8 150.6 150.5 150.3 150.1 149.7 149.1 150.2 151 151.9 152.8 153.8 154.5 154.9 155.3 155.6 155.1 152.6 149.6 147.2
232.3 234.3 236.8 239.7 242.6 245.1 247.4 250.9 252.1 249.6 248.2 245.5 240.7 236.4 232.6 230.3 228.3 221.6 215.6 210.2 205 201 195.2 191 187.8 185.6 185.3 185.3 184.7 183.7 182.7 183.9 185.1 184.8 184 182.4 180.8 179.1 176.8 174.3 171.8 170.2 168.5 166.1 163.6 161.6 160.8 160.1 159.4 157.8 154.5 153.6 154.1 153.4 152.7 152.3 152 152 152.2 152.3 151.9 151.6 151.4 151.2 151.9 151.4 151.8 152.2 153.1 153.7 153.5 153.3 153.8 154.2 154.7 153.9 151.9 149.8 147.6
232.3 234.5 236.8 239.5 242.1 244.4 247.1 249.4 249.4 248.5 247.9 246.5 243.8 240.1 235.8 231.8 229.4 224 219.7 214.9 210 205.9 200.1 194.5 190.9 188.7 188.9 188.6 187.8 187 186.1 187.1 187.7 187.1 186.2 185.4 183.9 181.9 179.7 177.4 174.9 172.1 169.3 167.4 165 163.5 162.6 161.7 160.8 159.3 156.8 156.6 156.4 155.6 154.9 154.6 154.3 154.1 154.6 153.9 153.4 153 152.5 152.3 153.1 153.6 153.7 153.5 153.8 154.3 154.1 153.8 153.6 153.3 153.5 152.1 151.1 149.9 147.8
232 233.9 235.3 237.8 240.4 243.3 246.1 247.9 248.2 248.3 248.6 247.4 245.8 242.7 238.2 233.2 230.1 225.8 222 217.5 213 207.6 202.7 197.8 193.7 192.1 191.9 191.5 190.8 190 190 191 191.2 191.3 190.4 189.1 187.3 185.4 183.1 180.6 177.9 175 172.1 169.3 166.9 165.7 164.6 163.8 163.1 161.5 160.1 159.5 158.8 158.4 158 158.3 158.3 157.7 157.3 156.4 155.5 154.5 154.1 153.5 153.9 154.3 154.5 154.6 154.6 154.9 154.6 154.4 154.1 153.5 152.7 151.7 151 150.3 147.5
231.5 233.1 234.1 236.3 238.7 241.6 243.9 246 247.4 247.9 248.4 248.1 246.6 244.1 239.9 234.2 231 228.8 224.6 221.3 216.8 212 206.5 202.1 198 194.9 194.1 193.9 193.2 192.2 192.4 193.2 193.9 194.1 194.1 192.7 191.3 189.6 187.2 184.1 180.8 178 175.1 172.3 170.1 168.3 167.3 166.5 165.9 164.6 162.8 162.6 162.1 161.7 161.4 161.9 162.4 161.9 160.6 159.6 158.7 157.7 156.6 155.2 154.7 155.1 155.3 155.4 155.3 155.4 155.1 154.5 153.7 153.1 152.5 151.4 150.7 150.1 147.1
231 232.2 233.3 235.1 237.3 239.1 241 242.9 244.3 245.2 246.9 247.6 246.4 245 241.8 235.3 232.5 230.7 227.8 224.7 221.3 215.7 210.3 205.9 202.5 198.2 196.6 196.2 195.2 194.2 194.3 195.1 195.9 196.6 196.4 195.3 193.9 193.2 190.7 187.8 184.3 180.9 178 175.5 173.5 171.9 170.7 169.6 168.5 167.7 166.6 166.1 165.5 164.9 165 165.6 166.2 166.2 164.9 163.3 162.3 161.2 160.1 158.7 157.2 155.9 156.1 156.1 156.1 155.7 155.3 154.8 154.4 153.8 152.9 150.9 150.2 149.1 146
229.5 231 232.3 233.9 235.9 236.5 238.1 239.9 241.4 243.1 244.5 245.3 244.8 243.5 240.9 236.1 233.4 232.2 230.2 228 225.3 218.8 213.8 209.8 205.3 200.7 199.7 199.2 198 196.8 196.9 197.6 198.3 199.1 198.7 198 197.6 196.6 194.5 191.2 187.8 184.3 181.4 179.1 177.1 175.5 174.4 173.3 172.2 170.7 169.7 169.7 169.4 169.1 169.3 170.1 170.4 170.3 169.3 167.4 165.9 164.7 163.6 162.4 160.4 158.5 157.6 156.9 156.8 156.5 156.1 155.6 155.1 154.2 153.3 150.9 149.7 148 145.8
227.1 228.6 230.2 232.5 233.4 233.2 234.8 236 237.7 239.2 240.4 241 241.4 241.1 240.2 236.9 234.4 233.9 232.6 230.3 226.1 219.6 214.8 211.8 205.7 201.3 200.4 200.9 200.4 199.4 199.5 200.2 201 201.6 201.4 201.6 201.2 200.5 197.7 194.2 190.9 188 185.2 182.9 180.5 179.3 178.1 177.1 175.9 174.7 173.9 173 173.4 174.3 174.2 176.1 176.1 176.3 174.9 173.3 171.5 169.5 168.2 167 163.9 161.5 160.1 158.8 159.2 157.4 156.9 156.4 155.5 154.7 153.6 151.2 149.8 147 144.9
224.1 226 227.9 229.6 229 229.6 231.1 232 233.3 235.2 236 236.6 237.1 237.7 238.3 236.2 235.2 234.4 233.4 230.8 226.8 222 214.8 212.9 207.3 204 201.8 201.8 201.1 200.9 201.5 202.5 203.9 205.6 206.5 205.6 204.8 203.6 200.7 197.2 194.3 191.6 189 186.9 184.7 182.9 182.6 182.3 182.1 180.9 180.2 178.4 178.1 179.3 180.6 182.6 183.2 183 181.4 179.2 177.4 175.4 173.4 171.7 168.7 165.7 162.7 162.4 162.2 159 158.3 157.2 156.2 155.3 154.1 151.8 149.6 147.1 144.9
220.8 222.5 224.2 225.2 224.5 226 228.1 229.2 229.3 230.4 231.3 232.3 233.6 235.8 236.8 235.4 234.9 234.4 234.3 231.9 227.8 222.7 215.7 211.1 207.3 207.3 204.3 202.8 202.7 202.6 202.8 204.3 206.7 208.6 209.5 209.2 208 206.8 204.7 201.4 198.4 195.7 193.3 191.6 190 189.1 188.9 188.9 188.9 188.2 186.8 185.4 184.3 185.4 187.9 189.4 189.7 189.3 187.9 185.5 183.4 181.2 179 176 172.2 169 166.1 166.2 164.9 161 159.4 157.9 156.8 155.8 154.5 152.3 150.4 147.8 145.6
217.9 219.5 220.8 220 220.2 222.9 225 225.8 225 226.3 227.4 229.5 230.5 232.1 233.9 234.2 234.7 235.3 235.5 232 225.8 221.3 217.3 213.4 211.5 209.6 206.1 204.1 203.8 204.1 204 205.9 208.1 210.7 212.3 212.2 211.1 209.9 208.1 205.9 202.7 200 198 196.8 196 196.2 195.9 195.7 195.5 195.4 194.2 193.3 192.5 193.6 195.9 196.2 195.3 194.9 194.7 191.8 189.3 186.4 183.8 179.8 175.9 172.1 169.7 169.4 167.3 163.9 161.5 159.4 157.7 156.8 155.2 152.6 150.6 148.3 147.5
216.6 216.2 216.8 216.7 216.9 219.4 221.5 221.6 221.2 222.7 224.4 226.1 227.3 228.7 230.5 232.3 234.5 236.1 235.3 232 226.1 219.5 216.6 216 213.6 209.4 206.5 205.4 204.9 205.1 205.7 207.9 210.1 212.4 214.6 215.1 214 212.8 211.6 209.6 207.3 204.8 203.7 202.9 202.4 202.6 202.7 202.4 202 202.6 201 199.6 199.3 200.3 204 202.4 201.1 200.8 200.7 199.1 196.1 193.1 189.5 185.4 181.3 176.4 172.9 171.1 168.2 165.7 163.4 161.1 159.4 158.2 156.6 153.2 150.8 150 149.2
211.4 211.3 212.4 212.8 213.5 215.9 218.4 218.4 218 219.2 221.2 223.5 225.3 226.7 228.2 230 232.7 234.5 234.2 232.7 227.7 222.1 219 218 216.7 212.8 209.9 208 207.8 206.6 207.5 209.3 211.9 214.1 216.3 216.9 216.3 215.1 214.3 213.4 211.1 208.7 208.6 208.5 207.9 208.4 208.6 208.9 209.5 209.2 207.3 206 205.7 207.4 210.3 208.8 207.7 207.6 207.2 205.4 202.2 199.8 196.3 191 185.7 180.4 176.6 173.2 170.5 167.9 165.7 163.7 162.5 161 157.5 154 153.6 153.2 152
205.3 206 207.3 208.6 209.3 211.4 214.7 215.5 216.4 217.1 219.1 221.5 223.2 224.6 226 228.3 231 231.8 232.4 230 227.2 225.1 222.4 222.6 221.8 217 211.2 209.6 210.2 208.7 208.8 210.5 213.3 215.7 218 218.6 218.5 217.3 217.1 217.1 215 212.7 212.7 213.2 213.3 213.7 215.2 216.1 217 215.7 213.7 212.8 212.3 214.8 216.6 215.4 214.7 215 214 211.8 208.2 204.6 201.3 195.9 190.5 184.9 180.1 175.9 174.7 171.8 168.2 166.3 164.5 163.1 161.1 157.7 157.5 156.3 155
201.4 202.4 203.4 204.1 205.4 206.7 209.8 212 213.3 214.4 216.9 219.9 221.4 222.3 223.5 226.6 228.4 229.2 229.9 229.3 226.6 225.7 224.5 222.9 219.3 214.2 213.1 212 211.6 210.3 210.6 211.7 215.7 217.8 219.8 220.4 220.4 219.7 219.8 219.6 218.8 216.7 216.8 217.3 218.1 220.8 222.1 222.6 223 221.1 219.5 219.3 219.7 219.9 222.6 221.3 221.9 222 220.4 218.1 214.3 210.6 205.9 199.4 193.9 188.5 183.6 179.7 177.1 173.3 169.8 167.4 165.9 164.4 162.3 160.7 159.9 159.3 158.1
199.4 199.6 200.4 201.3 202.6 202.3 204.8 207.5 208.4 210.3 213.7 216.5 219.3 220.2 221.1 224.7 226.1 227 227.8 227.5 226.2 226.1 223.5 218.9 216.7 215.4 214.3 214 212.9 211.4 211.9 212.5 216 220.1 221.5 221.9 221.9 221.5 221.2 221.3 221.2 220.4 221 221.6 224.4 226.6 228.1 227.8 227.6 225.2 224.7 226.4 226.3 225.6 227.4 227.9 228.5 228.1 225.3 221.7 218.1 215.6 209.7 203.2 197.9 192.6 187.2 183.1 179.4 175.5 171.9 169.5 169 167.3 165 164 163 162.2 161.6
197.9 198.9 199.4 200 200.7 200.8 199.1 199.3 203.3 207.1 210.7 213.4 216.5 217.6 218.5 221.1 223 225.1 225.7 224.7 224 224.6 221.3 218.6 216.8 214.9 214.2 213.8 212.6 211.5 212 212.9 214.7 218.8 222.4 223 222.9 222.8 222.9 223 223 223.1 224.1 225.5 230.2 230.9 231.9 233.3 233.2 231 230.1 230.6 230.7 230 232.5 234.7 235.3 234.5 230.1 225.6 221.9 218.3 212.3 207.7 202.3 196.8 191.4 186 182.1 178.5 175.4 173.4 173 170.2 168.4 167.3 166.3 165.4 164.3
198.6 199 198.4 198.9 199 199.3 196.7 194.9 196.1 199.6 205.8 210.4 213.1 215.4 214.8 217.4 219.8 222.6 223 221.7 222 221.1 219.3 217.9 216.6 214.5 214 213.1 211.9 211.3 211.2 212 213.4 217.1 219.9 222.3 222.8 222.8 223.8 223.9 224 225.9 227.2 229.7 233.2 234.4 235.3 235.9 236.3 234.7 233.7 233.1 232.5 232.5 236.2 242.7 242.7 240.3 234.6 230.9 227 221.9 217.2 212.1 206.4 201.1 195.5 189.8 184.8 180.7 177.7 176.4 176.2 173 171.1 169.4 168.5 167.8 166.8
198.4 197.8 197.1 197 196.9 197.9 194.9 193.2 192 194.1 198.4 204.4 208.9 210.6 210 212.5 217 219.7 219.9 219 217.5 217.5 217 215.5 213.4 212 210.8 210.4 209.8 210.2 210.6 210.9 212.2 214.2 216.9 219.6 220.7 221.4 223 224.4 225.4 227.8 230.8 233.3 235.3 236.8 237.3 237.2 235.8 235.2 234.5 233.1 233.4 234.1 239 245.2 245.4 243.9 238.9 237.2 231 226.7 222.1 215.5 208.5 203.8 198.5 193.2 188.2 183.5 180 179.5 178.1 175.4 173.3 171.4 170.3 169.4 168.4
195.3 195.4 195.5 195.9 195.1 193.7 192.4 191.3 190.3 189.4 193.4 197.3 201.1 203.3 206.1 209.2 212.9 215 215.2 213.8 213.7 214.5 213.3 210.8 207.5 206.8 207.3 207.3 208.4 208.9 209.4 208.8 209.9 212 215.6 217.5 218.4 219.3 219.7 221.6 225.4 228.9 232.3 234.1 234.8 235.7 235.4 232.8 231.6 232.2 231.7 230.8 232.1 233.2 238.2 244.3 244.8 244.1 239.9 236.6 234.9 231.6 226.1 219.3 211 206.6 201.4 196.3 191.7 186.2 182.6 182 180.2 177.9 175.7 173.7 172.3 170.7 170
195.3 195.3 195.4 194.7 194.1 192.6 190.7 189.3 188.3 187.1 189 191.1 194.7 197 201.9 206 209.1 210.4 209 209.2 209.5 211.1 210.8 207.1 202.7 202.2 201.1 201.5 202.9 203.8 205.2 203.9 205.7 207.4 212.4 214.6 215.9 217.1 218 219.8 221.5 223.6 225.3 228.2 230 231.2 230.5 229.3 227.8 227.7 226.8 227.8 229.6 230.5 234.8 241.4 242.4 240.9 238.5 235.4 235.8 234.4 228.6 221.2 214.3 211.8 204.1 199.6 194.5 187.7 185.3 184.9 182.6 180.4 178.2 175.6 173.4 171.6 171.6
194.7 195.3 195.3 194.4 193.1 191.6 189.4 188 186.2 185.6 186.7 188.4 190.2 191.8 196.6 200.5 203.4 204.9 205 203.8 204.1 205.2 205.8 204.2 200.5 198.9 198.6 197.5 196.5 196.9 196.6 199.3 201 204.5 208.6 211.4 213.3 214.5 215.6 217.9 219.1 220.1 220.7 220.8 223.3 224.6 225.2 224.3 223.4 221.9 221.9 224.8 226.3 228 231.4 237.5 239.1 237.6 235.3 233.9 234.5 232.3 227.9 222.7 217.3 213.8 207 203.4 196.5 189.2 187.3 186.7 184.1 182.1 179.9 177.1 174.7 172.1 171.6
194 195.2 195.2 194.3 192.2 190.6 188.1 186.4 184.2 183 184.7 186.4 187 187 190 194.5 197.1 198.8 200.6 199.7 198.7 198.9 200.5 199.6 197.2 195.3 193.7 192.9 191.5 192.7 192.8 193.7 195.4 198.1 201.8 205.5 208 209.9 212.3 215 216.6 217.3 217.3 216.1 216.6 217 218 218.7 217.5 216.4 218 221.5 223 223.8 227.5 231.4 234.2 233.1 231.3 230.8 230.4 228.9 225.9 222.4 219.3 214.5 209.2 205.3 197.6 190.5 188.7 188.2 186.7 184 181.2 178.3 175.9 172.1 170.9
193.2 195 195.1 194.4 192.6 189.9 187.2 185.5 184.8 181.9 182.6 183.9 184.3 183.4 185 188.3 190.4 192.1 193.8 193.1 192.9 192.2 194.4 194.9 192.8 191.3 189.5 187.7 186.8 188.4 189.2 188.9 190.6 193 196.5 200.1 202 204.6 207.8 211.8 213.2 213 212.1 211.2 211.3 211.9 212.2 211.5 212.5 212.8 214.1 217.5 218.9 219.8 223.1 226.7 230 228 227 226.9 226.3 225 222.8 219.9 217.2 214.3 208.6 202.8 196.6 192.2 190.2 187.8 187.3 185.3 180 177.4 174.7 171.6 170.5
193.2 194.9 195.6 194.3 193 190.9 188 185.5 183.1 181 180.2 181.2 180.8 180 181 183.3 185.1 186.2 186.7 186.5 184.8 185.4 187.4 189.4 187.6 186.1 185.8 184 182.8 183.7 184.7 184.4 185.4 188.3 190.7 193.5 197.3 199.7 203.2 207 208.8 208.4 208.5 206.8 207.9 208.5 207.9 206.1 206.3 207.9 211.5 212.9 214.2 216.3 218.8 221.2 223.1 222.3 222.1 222.1 221.5 220 218.1 216.5 214.6 210.6 204.9 200 195.4 192.9 189 185.6 184.9 183.4 179.4 176.4 173.4 171.2 170.2
192.6 195.4 195.5 194.7 194 191.5 188.8 186 183.5 181.2 179 178.3 178.7 178.1 178.7 180.5 181.2 181.6 181.5 180.4 179.4 179.4 180.3 182.5 183 181.8 180.6 178.4 177.5 178.7 180.3 180.2 181.5 183.9 186.3 188.6 192 194.7 197.8 201.6 203.2 203.1 202.9 201.9 204 204.1 202.6 201.1 201.3 202.4 205.6 208.4 209 211.6 213.9 216 216.8 216.6 217.1 216.2 216.4 215 213.6 214 211.8 206.8 201.8 197.9 193.3 191.1 187.8 184.8 182.1 180.1 177.6 173.6 171.2 169.8 168.3
191.6 195.8 196.3 195.6 194.9 192.3 189.6 186.8 183.9 182.1 179.9 178.1 177.1 176.4 176.1 177.9 178.1 178.4 177.9 177.7 176 175.9 175.9 175.9 176 175.8 176 174.8 173.4 173.9 175.1 175.9 177.8 180.3 182.4 184.6 186.7 189.2 192.9 196.3 197.1 196.4 195.7 197.6 200.3 200.2 197.6 196.5 195.7 197 199.2 201.6 203.8 205.1 207.5 209.2 209.2 210.4 210.1 209.6 210.1 210.3 208.7 209.3 206.8 202.5 198.3 195.2 191.4 188.9 186.5 183.5 180.5 177.3 174.4 171.5 168.7 167.2 165.7
191.8 195.1 195.7 195.9 194.2 192.1 190 187.2 184.3 182.6 180.9 178.4 175.5 174.5 174.4 175.2 175 174.8 174.2 173.7 173 172.9 172.9 172.2 171.5 171.1 170.6 170.1 169.8 170.3 171 172.4 174.6 176 178.1 181 183.5 186 188.7 190.1 191.3 191.5 192.2 193.9 196.9 195.9 192.6 190.8 190.7 191.8 193.5 195.3 196.6 198.5 200.7 202.5 202.1 203.4 202.8 203.3 203.7 204.2 204 203.4 201.2 197.3 194.9 192.7 189.2 186.1 183.1 181.1 178.3 175 172.9 169.9 166.2 164.6 162.2
188.6 191.1 194.5 195.4 193.4 191.2 189.3 187.3 184.6 183 181.8 179.4 176.9 173.9 173.2 171.8 171.2 170.9 171.3 171.1 170.6 170 169.9 169.3 168.5 168 167.2 166.4 166.1 166.3 168.1 170.5 170.6 171.6 173.8 176.7 179.6 181.8 183.9 185.3 185.9 186.3 187.6 189.6 192.9 191.3 187.5 186 185.9 187.7 189.8 190.7 192.1 193.3 195 196.5 196.5 196.4 196 197.3 197.7 198.1 198.6 197.8 196.6 192.7 190.7 188.5 186.4 183.9 180.3 178.4 176.6 173.2 170.9 166.6 162.6 159.9 157.5
185.9 187.4 191.3 192.9 191.6 190.3 188.7 186.7 185.1 184.2 182.5 180.1 177.7 175.1 172.3 169.6 168.9 167.6 168.4 168 168 168 167.3 166.5 165.8 165 163.9 163.6 163.4 163.4 164.1 165.7 167.2 167.1 169.4 172.4 175.4 177.5 179.6 180.6 181.1 181.8 183.2 185 187.8 186 183.4 182.3 182.6 183.1 184.1 185.6 187 188.2 189.5 190.1 189.8 189.9 190.2 191.5 191.7 192.2 193 192.2 190.9 188.3 186.1 184 181.8 179.7 177.6 174.4 171.9 170.5 166 161.7 158.4 156 154.1
184.2 185.3 187.3 187.9 187.6 187.8 187.1 185.7 185 184.4 182.9 180.8 177.9 175.4 171.6 169.9 168.1 165 165.4 165 165.4 165.8 165.4 164.5 163.6 162.6 161.4 160.9 160.9 161.4 161.1 162.1 163.2 163.7 165.1 168.2 171.2 173.3 176.2 177.2 178.1 178.9 179.9 181.2 182.3 181.4 179.2 178.8 179.3 179.4 179.2 180.5 181.8 183 184.2 184.7 184.7 183.8 183.4 183.9 185.8 186.5 187.2 187 185.4 183.7 181.5 179.4 177.2 175.8 176 174.1 168.9 166 162.1 157.2 154.7 153 151.9
182.1 182 183 184.7 184.9 185.1 186.3 185.3 184.8 184.2 182.8 180.9 178.3 174.8 171.4 170.1 168.1 165.1 162.4 162.5 162.4 162.7 163.1 162.6 161.4 160.3 159 158.1 159 159 158.6 159.2 160.6 161 161.5 162.2 165.2 169.3 171.9 174 175.3 176.1 176.7 177.8 178.7 178 176.6 175.3 175.8 175.9 175.6 176 177 178.4 179.5 179.7 178.6 177.2 178.1 177.4 177.9 179.4 181.5 181.6 180 178.4 177.4 174.8 172.7 172.5 174 168.8 163.7 160.6 157.1 153.6 151.6 150.9 150.7
180 179.9 180.4 180.4 182.2 183.7 185.1 184.9 184.4 183.8 182.7 180.8 177 173.4 170.8 169.6 167.9 165.4 161.5 160.3 160.3 159.8 159.1 159.5 158.8 158 156.4 155.6 156 156.1 156.5 156.7 157.4 159.3 160.6 161.8 163.9 168 170.1 171.3 172.5 173.5 174 174.5 175.7 174.5 173.6 172.7 172.9 173 174.2 174.3 174.3 174 174.2 174.1 172.7 171 171.4 171.9 171.4 173.1 173.8 174.6 173.1 172.6 172.7 170 168.3 167 163.7 160 157.9 155.7 152.8 151.1 149.9 149.6 149.9
177.9 178.1 178 178.6 179.3 181.9 183.6 184.2 183.9 183.1 182.1 179.8 175.2 172.1 169.7 168.6 166.8 164 161.1 157.1 158.2 157.9 157.2 157.5 156.7 155.9 155.2 154.8 154.7 154.3 154.8 155.1 155.1 158.4 160 161.5 163.9 166.5 168.7 169.8 170.7 172 172.6 172.9 173.3 172.9 172.6 172.2 171 171.6 172.7 172.4 172.1 171.7 170.2 168.9 167.8 166.9 167.2 166.7 166.1 166.7 166.5 165.8 166.2 165.7 165.5 161.8 160.2 158.3 156.1 154.3 152.8 151.1 150.4 149 148.8 148.6 147.9
