data/280000-930000.asc
ncols 200
nrows 200
xllcorner 280000
yllcorner 930000
cellsize 50
[rows 140 to 174 of 200, columns 0 to 77 of 200]
130.6 130.8 130.8 131.6 133 134.5 136.7 138.9 140 141.3 142.7 144.1 145.8 147.4 149.1 150.6 151.5 152.5 153.6 155 156.6 158.1 159.5 160.2 161.9 163.9 167.1 171 174.8 178.6 183.3 188.2 193.2 197.9 202.6 208.1 212.9 219.3 224.5 231.1 237 242.3 247 251.3 255.8 259.5 260.8 258.9 256.1 258.6 261.8 262.4 262.2 262.6 264.7 266.9 268 269.7 271.3 270 268.2 266.1 262.7 257.5 251.7 245.9 238.3 231.1 224.8 219.6 216.5 214.6 214.2 214 213.7 212.7 211.3 210.6
127.3 126.8 126.5 126.5 127.3 129.2 132.1 134.6 136.7 138 139.4 140.9 142.5 144 145.6 147 148 149.2 150 151.5 153.3 154.8 155.7 156.5 158.3 160.1 162.7 166.4 170.1 173.8 178.1 182.9 187.2 191.8 196.4 201.3 206.3 212.4 217.8 224 230 236 241.7 246.2 250.1 253.4 256.3 254.4 253.1 254.7 259.1 260.2 259.9 259.8 261.9 264 266.6 269.3 271.2 272.2 271.6 270 266.3 259.7 254.3 247.9 240.7 235.3 228.4 223.4 220.5 219.2 218.6 218.4 217.8 216.6 215.7 216.6
123.3 122.7 123.2 123.6 123.7 124.7 126.9 129.3 132.6 134.4 135.9 137.4 138.9 140.4 141.9 143.5 145.5 146.5 146.5 148.1 149.9 151.3 152 152.6 154.3 156.4 159 161.6 164.8 168.7 172.9 177.4 181.6 185.9 190.5 196.7 202.2 206.8 212.1 217.2 223 229 235.2 240.4 244 247.5 250.4 250.2 250.2 250.4 254.7 255.7 257.4 257.4 259.2 261.5 264.2 266.9 270 273.3 274.4 272.4 267.8 262.6 257 250.5 243.4 237.7 232.3 227.7 225.7 224.5 223.2 222 221.5 220.8 221 222
121.6 121.8 122.4 122.8 122.8 122.7 122.8 124.2 127.7 130.1 131.3 133.8 135.4 136.7 138 139.4 141.4 143.3 143.5 143.9 145.2 146.5 147.8 149.1 150.6 153.1 155.5 157.9 160.7 163.9 167.6 171.9 176.1 180.2 184.7 189.8 195.2 199.7 204.5 209.9 216.3 222.9 228.8 233.6 237.7 241.7 244.1 246.5 247.4 246.5 248.5 251.1 252.7 254.3 256.5 258.2 261 263.6 267.3 271.9 274.1 272.5 267.7 263.2 258.8 252.8 246.4 239.8 236.4 232.8 230.6 228.8 226.9 225.3 225 225.1 226.2 226.9
120.8 121 121.5 121.8 121.8 121.7 121.6 121.6 123.1 124.9 127 129.7 131.8 133.4 134.7 135.7 136.5 138.4 139.9 140.2 141 142.4 143.6 144.8 146.8 149.2 151.6 154.4 157.1 160 163.3 166.6 170.7 174.6 178.8 183.3 188.4 192.7 197 203.6 210.4 217 222 226.8 231.1 234.6 237.4 241.2 243.5 242.8 242.6 245.9 248.1 249 250.6 253.2 257.4 259.8 261.9 267 270 270.3 267 263.5 259.3 254.5 248.1 242 240.2 236.5 234.2 232.4 230.6 228.8 228.2 228.9 230.4 230.6
120 120.3 120.7 120.9 120.8 120.7 120.5 120.5 120.5 121.7 123.1 125.4 127.7 129.9 131.3 132.1 132.8 133.3 136.2 136.8 137.6 138.5 139.4 140.9 142.9 145.3 148 150.8 153.5 156.2 159.5 162.7 166.4 169.4 172.6 177.1 183.2 186.3 191.2 197.5 204.7 211 215.9 220.9 224.7 227.7 231.4 235.4 238 237.8 238 241.6 244 245.6 246.4 249.3 255.1 256.1 256.8 259.8 263.9 265.3 262.7 260.1 257.7 252.7 246.8 244.2 241.6 239.6 237.5 235.6 233.5 231.8 231.2 232.2 233.2 233.6
119.3 119.5 119.9 119.9 119.7 119.6 119.5 119.4 119.4 119.4 120.6 122 123.9 126.3 128 128.8 129.6 130 129.7 131.2 132.2 133.4 134.9 137 139 141.7 144.5 147.2 150 152.7 155.6 159.1 162 164.7 167.8 171.2 175.8 180.3 185.1 191.2 198.2 205.6 211.5 216.9 220.3 223.7 226.6 230.4 231.1 232 232.9 235.7 238.3 241.7 242.7 245.5 252.7 252.1 250.8 253.2 257.3 258.7 258.2 255.9 253.2 250.5 247.5 244.9 242.3 241.1 240.2 238.5 236.3 234.5 233.4 233.6 235.4 236.3
118.5 118.8 119 118.8 118.7 118.5 118.4 118.4 118.5 118.5 118.4 119 121.2 123.6 124.8 125.5 126.1 126.6 126.7 126.3 127.7 128.5 130.3 132.8 135.3 138.1 140.9 143.7 146.4 149.1 151.8 154.6 157.3 160 163 166 170.1 174.2 179.1 185.3 191.6 199.1 206.3 211.5 216.1 218.8 221.4 225.5 226.9 227.5 228.2 229.4 232.7 235.8 237.5 240.9 246.2 245.7 244.3 247.1 250.5 252.2 252.3 251.5 250.3 249.5 247.4 245.4 243.5 241.5 241.1 240.7 239.1 237.3 235.3 235.2 235.9 236.7
116.7 117.2 118.4 118.2 118.1 117.9 117.5 117.5 117.6 117.6 117.5 117.4 118.6 120.9 121.6 122.3 122.7 123.2 123.6 123 124.1 124.7 127 128.7 131.3 134.6 137.4 140.1 142.8 145.5 148.1 150.5 152.8 155.3 158.1 161.2 164.6 168.6 172.9 178.9 185.5 192.8 200.2 206.6 212.7 215.2 217.9 221.3 223 223.7 224 225.1 226.8 229.1 232.2 235.2 238.9 238 237.3 238.7 242.3 245.7 246.8 246.6 247.1 247.1 247 245.8 243.5 242.4 242 241.6 241 239.1 236.5 235.1 235.7 236.5
114.9 116.4 117.8 117.9 117.7 117 116.7 116.6 116.7 116.7 116.6 116.5 117 117.7 118.5 119.2 119.6 120 119.8 119.7 120.5 122.6 124.2 125.1 126.8 130.4 133.8 136.5 139.1 141.7 144.4 146.7 149.1 151.2 153.3 156.3 159.8 163.3 167.9 173.4 179.5 186.6 193.5 200.4 206.3 210 213.9 217.5 219.3 219.8 220.4 221.1 221.8 224.9 227.5 229.9 231.6 231.4 231.6 232.2 233.8 237.4 239.6 241.2 242.5 244.1 244.1 243 241.8 241.7 241.5 241.3 241.2 239.5 236.5 234.8 235.3 235.9
115.3 114.7 117.1 117.5 116.9 116.1 115.9 115.7 115.8 115.7 115.6 115.6 116.2 116.4 116.4 116.5 116.6 116.8 116.9 115.8 116.8 118.1 120.7 122.2 124.3 126.9 129.9 132.3 135.1 137.9 140.6 142.6 144.7 146.8 148.8 151.5 155 158.5 163.1 168.9 173.8 179.9 186.9 193.2 199.2 204.5 209.1 212.5 214.6 216 216.6 217.2 217.6 219.8 222.3 222.4 224.4 225.6 226 226 226.1 229.1 231.9 234.9 237.1 238.4 238.8 238.9 238.3 238.9 239.5 240.1 240.5 239.1 235.5 233.7 232.9 233.2
116.6 116 116 116.8 116.1 115.4 115.2 114.9 114.9 114.8 114.7 114.7 115.9 115.5 115.4 115.6 115.2 115.4 115.6 114.9 114.3 114.1 114.1 119.1 122.5 124.2 125.9 128 130.8 133.9 136.6 138.6 140.5 142.5 144.4 146.8 150.3 153.8 158.3 163.4 167.7 173.2 179.7 185.8 192 196.6 200.9 204.2 208.2 210.2 211.6 212.6 212.7 213.6 215 214.6 216.6 218.6 219.5 219.3 219.8 221.9 224.3 228 231.6 232.8 234 234.7 234.8 235.4 236 237 237.4 236.7 233.2 231.4 229.9 230
118.3 117.5 115.7 114.8 115 114.7 114.4 114.4 114.8 114.7 115.4 114.6 114.9 114.7 114.4 114.6 114.7 114.3 114.2 114.1 114.1 114.1 114.1 114.1 117.6 121.7 122.7 124.1 127.1 130.2 132.6 134.7 136.6 138.6 140.5 141.9 145.5 149.1 153.4 157.8 161.7 166.1 172.2 178.4 184.1 188.2 192.7 196.6 200.4 204.3 206.6 207.3 207.8 207.7 207.1 206.7 208.7 210.7 212.7 212.7 212.8 214.8 216.9 220.9 224.8 227.5 228.5 229 229.3 230.5 231.8 233 233.6 233.1 230.9 229.2 227.7 226.8
118.4 118 116.4 117.4 116.5 116.1 114.4 116.7 116.8 117.3 117.4 115.8 114.4 114.4 114.8 114.9 114.4 114.2 114.1 114.1 114.1 114.1 114.1 114.1 114.1 115.2 119.4 121.4 123.4 126.5 128.6 130.7 132.7 134.5 135.7 136.9 140.6 144.2 147.9 152.5 155.8 160.7 165.2 170.7 175.7 179.5 183.8 187.4 191.3 195.3 198.9 201.2 201.2 200 199.3 199.1 200.5 202.4 204.3 205.4 204.9 207.1 209.4 213.6 217.4 220.5 222.3 222.8 223.1 224.1 225.6 227.2 228.8 229.1 228.6 227 225.6 223.9
118.9 118.1 116 117.8 118.4 117.7 117.1 118.4 118.5 118.2 117.9 117 115.7 114.9 115.4 115.6 115.6 115.5 114.1 114.1 114.1 114.1 114.1 114.1 114.1 114.1 114.1 114.1 120.5 122.5 124.5 126.6 128.6 129.7 130.9 132.1 135.6 138.8 141.7 147 150.1 154.5 158.7 162.5 167.3 171 174.6 178.2 181.7 185.7 189.4 191.6 193.1 192.1 191.1 191.3 192.8 194.3 195.8 196.2 196.8 198.8 201.6 206 209 212.2 213.6 214.2 215.9 217.9 219.4 220.9 222.6 223.8 224.5 224.3 222.2 221.7
119.8 119.1 117.2 119.5 119.5 119.4 118.9 119.4 119 118.7 118.3 118 117 115.9 115.9 116.3 116.3 116.2 114.1 114.1 114.1 114.1 114.1 114.1 114.1 114.1 114.1 114.1 114.1 117.6 119.8 121.9 124.3 125 126.1 127.3 130.2 133.1 135.9 140.2 143.3 147.5 152 155.1 159.3 161.6 165.2 168.8 172.4 177 180.2 182.4 183.9 183.1 183.7 183.8 183.8 185.3 186.8 186.7 188 190.1 193 196.1 198.7 201.9 204.1 205.3 208.8 211 213.1 214.7 216.2 217.5 219.1 220 218 218.3
120.8 119.6 120.2 120.7 120.6 120.5 120.2 119.7 119.2 118.7 118.2 117.7 116.9 116 116.1 116.9 116.8 116.4 116.2 114.1 114.1 114.1 114.1 114.1 114.1 114.1 114.1 114.1 114.1 114.1 114.1 117 119.7 121.1 121.6 123 124.8 127.5 130.2 133.2 136.8 141.1 145.4 148.8 152.2 155.1 157.3 160.3 164.7 169.1 171.7 173.4 175 175.7 176.4 176.3 176.1 176.3 177.1 177.8 179 181.6 184.1 186.2 188.7 191.5 193.7 196.3 200.1 203.3 205.4 207.5 209.9 211.4 213.3 215.3 214 214.7
122 120 121.6 121.7 121.6 121 120.5 119.9 118.6 118.1 117.6 117 116.1 115.8 116.6 117.1 117.4 116.9 116.5 114.1 114.1 114.1 114.1 114.1 114.1 114.1 114.1 114.1 114.1 114.1 114.1 114.1 114.1 115.1 118.5 120 121.4 123 125.7 128.2 131.2 135.4 139.1 141.1 143.7 146.9 150.5 153.9 157.5 162 164.6 166.4 167.9 168.5 168.9 168.8 168.7 168.1 168.7 168.5 170.1 172.8 175.3 176.8 178.7 181.4 184.3 187.5 191.2 194.5 197.8 200.1 203 205.8 207.5 209.6 210.3 210.4
121.7 122.2 122.8 122.4 121.8 121.2 120.7 120.1 119.5 117.6 117 116.1 116.2 116.8 117 117.2 117.7 117.5 117.1 116.5 115.6 114.1 114.1 114.1 114.1 114.1 114.1 114.1 114.1 114.1 114.1 114.1 114.1 114.1 114.1 115.4 117 118.6 120.9 123.5 126.2 129.7 132.1 133.7 135.9 138.8 143.2 146.9 150.9 154.8 157.4 159.2 160.9 161.5 161.6 161.3 160.5 159.9 161 160.4 161.7 163.7 166.6 168.6 170.5 172.5 175.2 178.8 182.4 185.8 189.3 192.3 195.5 198.5 201.1 203.3 204.8 204.7
123.8 123.7 123.2 122.6 122 121.5 120.9 120.3 119.7 119.1 117 117.1 117.4 117.6 117.9 118.2 118.5 118.2 117.6 117.1 116.6 116.3 114.1 114.1 114.1 114.1 114.1 114.1 114.1 114.1 114.1 114.1 114.1 114.1 114.1 114.1 114.1 114.1 115.7 118.2 121.1 123.9 125.9 128 129.7 131.9 135.7 139.5 143.9 147.5 150.1 151.6 153.3 154.7 154.7 153.7 152.5 152.6 152.2 151.8 153.5 155.5 157.9 159.6 161.4 163.7 166.3 169.9 173.8 177.4 181 184.4 187.5 190.4 192.8 195.2 197.6 198.5
125 124.5 123.7 122.8 122.2 121.7 121.1 120.5 120 119.4 117 118.1 118.6 118.9 119.2 119.5 119.8 119.3 118.6 118 117.4 116.9 116.7 114.1 114.1 114.1 114.1 114.1 114.1 114.1 114.1 114.1 114.1 114.1 114.1 114.1 114.1 114.1 114.1 114.1 117.2 119.2 121.1 123.7 124.8 126.9 130.7 134.2 137 139.5 142.6 144.7 146.4 147.7 147.7 146.3 144.8 144.5 144.4 143.3 145.3 147.4 149.2 150.8 152.1 154.8 157.4 161.3 165.2 168.7 172.3 175.8 179 182 184.8 187.4 189.9 191.3
126.6 125.8 124.9 124.1 123.2 122.4 121.5 120.8 120.2 119.3 118 118.7 119.9 120.2 120.5 120.8 120.9 120.4 119.7 119.1 118.4 117.7 117.2 116.2 114.1 114.1 114.1 114.1 114.1 114.1 114.1 114.1 114.1 114.1 114.1 114.1 114.1 114.1 114.1 114.1 114.1 114.7 117.2 120.4 121.6 122.8 125.6 129 131.1 133 136 138.5 140 140.9 140.8 139.6 138.1 136.9 136.1 135 137 138.9 141 142.7 144.4 146.7 148.8 151.6 155.4 159.2 162.9 166.7 169.7 172.7 176.1 178.8 181.7 183.4
128.1 127.1 126.2 125.4 124.5 123.7 122.8 121.9 121.1 120.5 119.8 120 120.5 121.5 121.8 122.1 122 121.5 120.8 120.2 119.5 118.8 118 117.4 118 117.4 114.1 114.1 114.1 114.1 114.1 114.1 114.1 114.1 114.1 114.1 114.1 114.1 114.1 114.1 114.1 114.1 114.1 117.1 118.3 119.6 120.8 123.3 125.1 127 129.4 132.3 133.3 133.8 134 132.9 131.3 129 127.8 127.7 128.5 130.1 132.4 134.7 136.6 138 140.4 142.3 145.6 149.3 153 157.3 160.3 163.4 167.3 170.2 172.8 174.5
129.4 128.4 127.5 126.7 125.8 124.9 124 123.1 122.3 121.5 121.6 121.8 121.9 122.4 123 123.3 123.1 122.6 121.9 121.3 120.5 119.8 119.1 119.2 119.2 118.4 117.2 115.2 117.2 115.6 114.1 114.1 114.1 114.1 114.1 114.1 114.1 114.1 118 116.4 114.1 114.1 114.1 116 117 118 118.9 119.2 120.3 121.5 122.9 126.4 126.1 126.6 126.6 125.3 124 123.3 122.5 122.5 123.7 122.7 122.9 125 125.7 128.2 131 133.4 135.4 139.3 143.2 147.7 151.1 154.6 158 160.9 162.9 164.8
130.4 129.7 128.8 127.9 127 126 125.1 124.3 123.6 123.2 123.4 123.6 123.8 123.9 124.3 124.6 124.2 123.7 123 122.3 121.7 121.2 120.6 120.7 120.6 119.4 117.9 116 118.3 118.1 117.9 117.8 117.2 115.9 117.6 118.5 117 118 117.8 117.1 116.6 115.6 114.8 115 116 117 116.8 116.7 117.6 118.5 120.2 120.8 121.8 120.6 119.2 118.3 118.8 119.4 118.8 118.3 118.8 119.3 119.4 119.6 119.2 118.8 120.2 120.5 123.6 128.3 132.4 137.5 141.2 144.8 148.8 151.5 152.9 155.1
131.7 131.4 130.5 129.2 128.1 127.2 126.5 125.8 125.1 125.2 125.3 125.3 125.5 125.7 125.8 125.7 125.3 124.9 124.4 123.8 123.3 122.7 122.3 122.2 121.9 121.2 119 117.7 119.1 119.8 119.9 120 119.8 119.1 120.5 121.4 120.7 119.8 119.4 118.9 117.8 116.2 114.1 115.4 114.1 114.1 114.1 115.6 115.7 114.8 117.5 118 117.7 117.7 116.9 115.8 114.1 114.1 113.4 113.5 114.8 114.7 113.1 112.7 113.9 114.3 114 113 112.2 115.9 120.4 126.7 131.5 135.2 138.2 140.7 142.6 144.2
133.4 133.2 132.3 131 130.3 129.9 128.9 128.4 127.8 127.9 127.5 127.6 127.6 127.7 127.7 127.6 127.5 127.6 126 125.4 124.9 124.3 123.9 123.7 123.1 122.4 121.4 119.7 121.1 121.7 121.9 121.9 122 121.8 122.2 122.9 122.6 122.3 120.6 119.4 118.5 117.5 116.8 116.8 117 117 117.1 117.2 118.2 117.3 114.1 114.1 115.7 114.1 114.1 115.2 117.4 116.4 115 116.4 117.5 117.7 116.5 115.2 116 115.6 116.4 117.2 115.8 112.9 111.9 112.5 118.2 123.6 126.4 129.1 131.2 132.7
135.2 134.6 134.2 132.9 132.5 132.3 131.3 131 130.4 130.5 130.7 130.3 129.9 130 130.2 130 130.1 130.4 129.4 128.5 127.2 126.3 127 125.6 124.8 124 123.2 122.6 123.2 123.5 124.1 124 124 124 123.8 124.3 123.9 123.2 122.5 121.5 120.5 119.6 119.2 118.9 119.1 119.4 119.7 120.1 120.4 120.2 119.8 119.4 119.2 118.3 118 118.4 117.9 117.3 116.5 118.8 119.4 119.2 118.7 117.2 118 119.2 120.2 120.6 120.4 118.3 115.3 112.9 112.8 114.9 115.2 116.5 119.1 121.1
135.9 136.1 135.7 134.9 134.7 134.5 133.7 133.5 133 133.1 133.5 133.5 133 133.1 133.6 133.7 133.5 133.2 131.3 130.2 129.4 128.6 128.4 127.5 126.7 126.1 125.5 125 125.4 125.7 126.1 126.3 126.2 126.2 126.2 125.5 124.9 124.3 123.9 123.5 122.5 122.1 121.7 121.3 121.2 121.5 121.9 122.3 122.4 122.2 122 121.9 121.7 121.3 120.2 119.9 119.3 118 117.9 119.9 120.6 120.6 120.4 119.4 120.1 121.3 121.9 121.9 121.9 121.3 119.2 118.4 115.9 110.7 111.7 111.3 112 113.8
138.9 136.5 137.1 137.1 136.8 136.6 136.1 135.8 135.6 135.6 136 136 136 135.9 136.9 137 136.6 135.4 134.4 133.4 132.3 131.2 130.1 129.7 129 128.3 127.6 127.4 127.6 127.8 128.1 128.5 128.4 128.4 127.8 127.3 127 126.7 126.3 125.5 124.6 124.2 123.8 123.5 123.3 123.8 124.2 124.5 124.2 124 123.8 123.6 123.4 123 122.5 121.9 120.9 119.9 118.4 120.8 121.6 121.6 121.5 121.7 122.4 122.8 122.9 123 123.1 122.7 122.1 121.7 120.5 116.9 118.5 117.5 115.2 110.5
141.3 140.3 139.4 139.4 139.3 138.7 138.5 138.2 138.1 138.1 138.2 138.2 138.4 139.9 140.4 140 139.5 138.5 137.5 136.5 135.4 134.3 133 132.1 131.3 130.7 129.9 130 129.9 130.1 130.3 130.6 130.6 130.2 129.8 129.4 129.3 128.9 128.4 127.5 126.7 126.1 125.8 125.4 125.4 126 126.5 126.3 126 125.7 125.6 125.3 124.9 124.5 124.1 123 121.7 120.5 119.3 121.7 122 122.8 123.3 123.4 123.7 124.4 124.5 124.6 124.7 124 123.6 123.3 122.9 122.6 121.2 119.8 118.8 118.7
143.9 142.9 142.3 142 141.9 141.5 140.7 140.5 140.4 140.8 141.3 141.8 142.2 143.6 143.1 142.6 142 141.6 140.7 139.6 138.5 137.2 135.8 134.5 133.7 132.8 131.9 131.6 133.1 132.3 132.6 132.8 132.7 132.3 131.9 131.6 131.6 131.2 130.5 129.6 128.8 128.1 127.7 127.3 127.4 128 128.2 128 127.7 127.5 127.1 126.7 126.3 125.9 125.4 124.7 123.7 122.2 120.7 122.6 124.5 124.9 125 125.1 125.2 125.8 126 126.1 126 125.4 125.1 124.8 124.5 124.2 123.2 121.8 120.7 120.6
146.5 145.4 145.1 144.9 144.6 144.3 143.4 143 143.5 144.2 144.9 145.6 146.1 146.5 145.8 145.2 144.5 144.2 143.8 142.7 141.4 140.2 139.1 137.2 135.6 134.9 134.2 133.4 134.7 135.2 135.2 135.6 135.2 134.4 134 133.7 133.8 133.4 132.6 131.7 130.9 130.1 129.6 129.3 129.5 130.1 129.8 129.5 129.3 128.7 128.4 128.1 127.6 127.2 126.8 126.1 125.3 124.3 122.8 124.2 126.5 126.6 126.7 126.8 126.9 127.2 127.6 127.7 127.3 126.9 126.6 126.3 126 125.7 125.1 123.8 122.7 122.4
149.2 148.3 148 147.8 147.6 147.5 145.8 146.3 146.9 147.5 148.2 148.9 149.6 149.9 150.3 149.2 148.1 147.5 146.9 146 144.9 143.8 142 140.5 138.4 136.9 136 137.4 138.5 138.7 138.5 138.4 138 136.9 136.2 135.8 136.1 135.5 134.7 133.8 133 132.2 131.6 131.2 131.6 131.7 131.3 131.1 130.8 129.9 129.6 129.3 129 128.6 128.2 127.5 126.7 125.9 124.9 126.4 128.1 128.3 128.4 128.5 128.6 128.7 129.1 129.2 128.8 128.5 128.2 127.9 127.6 127.3 126.9 125.8 124.7 124.2
152.7 151.5 151.3 151.1 150.9 150.4 149.1 149.7 150.3 150.8 151.4 152.1 154 155.6 154.7 153.6 152.6 151.1 150.5 149.3 147.9 147 144.9 143.6 141.4 139.3 138.6 141.5 142 142 141.9 141.2 140.7 139.7 138.6 138 138.4 137.6 136.8 135.9 135.1 134.3 133.5 133.2 133.7 133.3 132.9 132.6 132 131.1 130.7 130.4 130.1 129.8 129.5 129 127.3 125.6 125.5 128.1 129.7 129.8 130 130.2 130.3 130.4 130.6 130.6 130.3 130 129.7 129.4 129.1 128.9 128.6 127.7 126.7 126.2
