data/280000-230000.asc
ncols 200
nrows 200
xllcorner 280000
yllcorner 230000
cellsize 50
[rows 105 to 139 of 200, columns 78 to 155 of 200]
203.5 213.3 220.3 229.2 242.9 249.5 254.3 255.7 253.1 245.2 237.8 228.7 231.3 241.4 250.5 256.9 256.8 239.5 227.1 213 201.5 208.2 209.5 217.8 229.2 240.1 249.1 262.8 271.4 281.5 290.9 295.9 296.3 300.4 305.1 310.4 315.7 336.5 355.4 368.1 381.8 392.7 404.2 416.7 424.1 430.1 430.3 429.3 427 424.8 422.7 421.2 420.8 420.3 419.5 417.1 414.5 413.8 414.7 416.5 416.8 415.2 413.9 412.7 411.2 409.6 406.5 402.7 405.4 407.6 409.1 410 411.9 413.5 415.3 417 417.9 418.3
211.2 219.6 226.8 241.2 249.8 253.9 256.3 256.3 247.9 237.2 225.4 224.2 241.3 241.7 246 243.3 228.2 222.3 211.6 198.4 208 211.1 216.7 230 241.4 250.4 259.8 268.2 273.2 284.2 296.1 304.2 310.3 316.2 314 313.8 320.6 331.8 352.5 371.8 386.5 398.5 412.4 420.3 426.5 427.9 428.1 425.2 423.9 422.3 418.6 417.9 417.3 417.8 416 413.7 411.2 410.6 412.2 413.5 413.8 412.2 410.6 409.3 409.3 406.8 404.3 401.1 404 406.7 410.1 410.9 411.2 412.9 414.7 416 416.5 416.9
220.5 229.1 240.5 249.6 255.3 257.2 257 254 239.9 224.1 218.9 229.6 233.1 231.7 224.7 218.5 213.9 203.4 200.1 212 221 224.5 228.6 238.3 249.3 259.8 271.4 277.4 282.9 288.7 294.4 305.8 316.5 329.6 335.5 328.4 325.8 334.8 348.7 372.2 388 404.1 417 422.8 426.5 424.9 424.9 422.9 421.3 416.6 414.9 414.1 413.5 411.7 410.5 409.9 409.3 410.2 409.8 410.9 411.2 410.2 408.7 407.3 405.8 403.9 401.7 400.4 404 407.3 409.7 409.9 410.9 411.4 412.7 413.5 414.1 414.3
231.5 239.4 247.2 250.8 256 259 259.1 255.3 237.9 216.9 214.1 220.7 219.3 214.7 208.8 201.4 198.1 200.4 209.9 218.4 225.1 229.9 236.4 244.8 256.5 268.8 280.1 286.9 291.9 297.1 303 310.8 326.4 341.3 353.3 359.4 352.9 352.5 354.1 367.3 392.2 411.8 421.7 424.9 424 423.8 421.9 420.3 415.9 412.2 410.7 410.4 409.5 408.4 407.5 406.7 405.9 406.8 407.5 407.8 408.6 407.1 405.7 404.3 402.9 401 399.4 400.3 403.5 407.8 409.7 409.8 411.1 411.3 411.3 411.4 411.5 411.2
241.1 248.1 251.5 254.3 259.2 260.7 260.2 253.4 242.1 218 204.7 212.4 210.2 198.3 189.1 190.2 198.1 202.2 211.1 221.4 228.7 236.1 242.6 250.5 260.5 273.8 281.7 289.8 295.6 307.1 315.4 323.7 337.8 353 365.9 373.8 378.6 383.5 387.1 397.6 407.7 415.4 422.1 423.5 423.1 421.4 419.8 414.9 409.8 408.5 407 407 406.4 405.4 404.4 403.6 402.7 403.6 404.8 404.9 405.3 404.2 402.9 401.7 400.8 400.4 399.4 400.8 404.1 407.8 409.7 410.9 411 411.1 411.1 410.4 410.4 409.4
250.1 253.8 256.3 259.2 260.6 259.6 256 250 242.4 218.9 197.7 192 189.4 188.3 189.6 193.9 202.4 207.2 215.8 223.4 233.5 241.9 247.4 254.4 261.9 269.6 278.3 288.5 300.3 312.9 322 335.7 350.3 365 377.6 386.1 393.9 401.2 409.6 419.3 421 423.3 422.1 421.3 420.5 419.5 416.3 412.1 409.5 405.3 404.1 403.4 403 402.4 401.4 400.6 400.2 400.5 401.7 402.1 402.7 401.7 400.6 399.6 398.5 399.3 399.7 401.5 404.8 408.7 410.8 410.3 410.8 410.8 410.8 409.8 409.3 408.4
255.6 257.9 260.1 260.3 260.5 256.3 249.3 244.3 226.9 213.3 192.5 188.7 190.1 198.4 200.1 201.8 208.7 213.4 224.3 233.6 239.7 246.3 252.4 258.4 265.4 272.3 278.9 287.1 296.7 309.8 325.6 343.6 360.4 372.8 382.5 390 401.1 410 418.9 424.7 425.7 422.4 419.8 418.4 416.4 415.6 411.3 408.3 406.3 401.9 402.6 400 399.4 398.9 399.2 398.2 397.8 397.9 398.6 399.1 399.7 398.2 397.1 395.9 396.8 398.3 400.6 403.2 406 409.4 410.7 409.3 410.2 410.6 410.6 409.6 408.8 407.8
260 260.7 259.3 257.3 253 249 245.2 234 217.1 199.1 187.9 187.9 193.1 203.4 205.6 206.2 213.1 219.8 231.2 238.3 246.9 254.9 262.1 266.1 270.7 276.3 280.2 284.7 291.4 298.7 315.6 343.8 363.5 373.7 381.3 394.4 406.7 418.3 424.7 427.9 426.3 422.2 420.6 415.7 411.9 409.8 407.8 404.1 400.3 399.3 400 399.3 394.9 394.1 396.3 395.8 395 394.8 395.3 395.4 395.5 393.7 391.3 392.5 394.6 397.9 399.6 402.3 405 407.7 409.2 410.3 409.5 410.1 410.4 410.3 409.5 406.2
263.9 262.6 257.2 250.6 244.4 239.7 237.1 220.9 210 189.8 187.9 189.4 199.8 207.7 209.6 210.8 217.9 226.1 237.3 247.6 257.3 266.9 273.4 276.8 280.5 282.4 286.5 288.7 292.1 297.8 307.8 326.4 343.9 362.6 381.8 398 412.1 422.2 428.1 430 427.1 422.1 418.9 413.1 410.5 407.4 403.5 400.7 397.9 396.4 395.7 394.7 389.9 391 393.3 393.5 393.1 391.7 391.8 391.9 391 389.8 388.1 391.2 393.8 397.5 399.4 401.3 403.9 406.3 408 409.6 411.5 412.1 412 411.5 410.2 406.2
264.5 263.5 252.4 233.5 225.3 218.6 218.3 213.8 203.2 188.2 188.1 200 207.1 213.6 216.9 218.5 223.8 231 239.6 254.5 263.5 273.3 280.6 284.3 288.7 296.9 301.6 303 299.7 302.8 307 317.8 329.1 347.4 377.6 403 419.2 428.5 430.8 429 425.7 421.6 417.7 412.3 410.3 405 401.1 397.5 394.6 393.2 390.6 389.5 389.3 389.9 391.5 391.4 391.2 389.1 389.9 388.4 385.7 385.7 389.1 390.9 394.1 397.4 400.9 401.2 403.5 405.8 408 409.3 411.3 413.3 412.6 411.1 408.4 406
267.3 261.6 243.6 240.8 235.3 221.9 218.1 206.8 197.6 188.3 188.1 204.1 210 218.1 221.2 223.5 229 230.2 235.3 254.5 267.6 278.9 285 290.8 297.9 305.7 311.5 318.2 323.2 325.7 324.6 334 340.1 354.2 380.6 406.8 424.8 431.8 430.2 426.5 421.9 418.2 414.1 409.5 406.5 402.2 398.4 394.6 391.4 390.7 387.6 385.7 387.1 388.7 390.4 389 387.1 386 384.4 382.3 385.2 388.7 391.1 393 395 398.6 400.8 400.9 403 405.8 408.6 410 410.3 411.7 410.4 408.3 404.7 401.8
270.3 265.7 256.2 255.2 253.5 245 229.9 220.2 204.3 189 188.1 193.5 207.2 216.4 221.6 226.6 230.8 231.9 235.3 246.4 265.2 276.5 285.5 293.5 301.3 310.8 319 330.4 338.4 345.1 350.9 363.6 370.5 385.8 404.2 418.5 427.8 430.5 428.1 422 418.3 415.1 410.7 406.2 403.2 399 395.5 392 388.8 386.9 384.5 382.2 384.5 385.6 386.3 386.1 383.7 381.3 379.3 381.1 388.6 390.7 392.1 394.7 397.3 399.6 400.6 401 403.9 406.2 408.3 409.3 409.9 408.1 407.4 405 401.8 400.7
276.7 278.5 273.1 269.1 264.4 252.6 238.2 225.5 214.3 193.1 187.9 189.4 202.5 210.8 215.4 220.1 230.7 234.8 240.7 247 256.9 267.9 274.6 284.8 295.2 306.7 319.5 333.4 342.7 353 365.8 380.8 393.3 406 414.8 425.3 430.7 429.3 423.8 418.7 415.1 411.9 407.4 402.9 399.7 396.4 394.3 390.4 387.9 384.3 381.1 380 381 381.6 382.7 383.9 381.6 379.9 376.4 383.4 389.7 390.4 391.7 394.3 396.9 399.5 400 402.3 402.7 403.4 404.9 405.1 403.4 402.1 402.2 401 400.4 399.5
290.5 288.6 279.6 275.8 267.4 251.3 234.8 227.6 212.9 192.8 180.2 186.2 190 199.9 213.6 232.2 240.7 237.7 243 246.3 253.6 261.8 267.9 274.1 283.1 294.7 309.1 317.4 327 347.3 370.9 386.6 403 413.2 423.6 427.3 427.1 423.7 420.2 415.8 411.5 409.7 404.6 399.7 396.3 394.2 392.5 390.5 386.6 382.2 379.1 379 377 377.6 379 380.5 379.9 378.3 377.5 382.5 388.5 390.1 391.4 393.8 396.1 398.6 401 401.2 401.5 402.2 402.6 401.8 400 398.7 398.4 397.1 395 393.6
292.9 292.2 284 272.1 261.1 246.6 231.2 223.8 202.4 188.5 179.4 189.6 198.5 206.8 221.2 236.6 239.4 241.7 243.1 242.5 250.1 260.8 268.4 274.2 281 289.8 300.2 307.7 314.8 331.8 363.8 389.7 406.5 419.3 425.2 425.3 424.1 421 413.2 409.9 409.1 405.5 401.4 396.6 393.6 390.8 389.3 388 384.8 382.1 379.3 375.2 373.6 373.9 375.3 376.4 376.3 374 379.1 382.2 386.7 389.4 390.4 392.7 395 397.3 399.5 400.5 400.4 401 401.4 400.6 399.4 397.4 395.2 392.5 389.7 389
294 291.1 277.1 264.6 253.2 239.8 223.9 215 193.1 178.9 182.6 193.8 201 208.1 222.5 239.8 253.7 254.3 251.4 250.6 252.7 260.8 272.8 279.1 288.7 299.9 308 314.7 328.2 351.5 369.3 393.7 410.7 421.2 424.2 422.9 420.6 414.9 408.7 406.3 404.9 401.3 397.3 394.4 391.7 388.2 386.5 385.3 383.2 381.7 378.3 371.9 369.9 370.7 371.8 373.3 371.3 370.9 378.4 381.3 384.4 387.5 389.4 391.2 393.5 395.8 397.9 400 400.1 399.9 400.1 399.4 398.2 396.6 393.5 391.4 389 389
291.8 271.6 264.3 251.9 240.2 226.9 213.6 196.6 179 180.3 188.2 196.1 203.7 214.9 231 249.8 274 271.6 259.8 259.2 264.8 273 283.4 287.2 298 315 323.4 336.9 354 376.1 394.2 407.8 418.1 422.5 422.4 421.1 414.9 407.6 402.9 401.3 400.7 397.1 394 392.3 389.2 385.5 383.5 380.8 381.1 378.7 374.5 369.4 370.9 370.9 371 371.6 368.6 370.5 376.8 379.6 382.7 384.9 387.7 390.2 392 394.2 396.3 398.6 400.2 399.2 400.3 400 398.8 395.5 392 390.1 388.9 388.2
275.1 261.2 247.9 236 224.8 214.1 199.2 180.5 178.9 182.3 192.8 201.1 210.2 222.2 242.7 266.6 281.7 267 266.6 266.6 273.5 284.5 296.4 306.8 314.7 338.9 355.9 364.6 383.3 401.2 408.9 417.5 420.9 421.6 420.8 415 408 402.7 399.3 400.2 396.6 393.4 391.5 389 385.8 382.9 379.7 375.6 374.4 373.9 370 369.6 369.9 370 370.1 370 367.1 371.2 376.8 380.8 381 383.8 386.3 389.2 390.6 392.8 395.2 397.5 399.1 398.5 400.5 400.7 398.2 395 392.5 390.3 388.1 385.5
265.5 255.4 236.6 222.9 213.7 198.6 182.6 178.1 179.9 186.5 196.5 205.7 215.2 236.1 255.9 275.7 275.5 267.2 284.7 277.2 282.5 290.9 307.2 331.5 333.7 357.9 374.5 390.7 402.3 409.6 417.4 422.5 422.2 421.1 417.6 411.3 405 399.7 396.4 395.3 392.5 391.4 388.3 385.6 382.5 379.6 375.3 371 369 369 366.5 365.8 366.3 367.2 367.8 364.3 368 372.3 375.9 378.9 380.8 380.6 382.8 386.3 389.2 392.4 394.8 396.5 398 398.7 401 399.5 397.9 394.8 391.5 388.1 384.8 382
259.5 245.5 226 213.8 198.1 182.2 178.7 178.9 185.9 193 201.3 211.1 223.6 249 264.1 281.8 283 287 294.5 287.9 288.5 298.9 317.5 345 362.1 366.1 390.2 403.4 409.8 416.1 419.8 420.6 419.8 418.8 415.3 409.6 402.1 396.7 393.4 391.2 388.7 387 384.9 382.1 379.7 376.9 372.5 367.9 365.5 364.8 362.8 361.4 364 363.9 363.1 362.9 367.2 368.7 372.2 375 377.6 379.7 381 386.8 390.1 391.9 394.8 397.7 399.5 400.3 400.5 400.1 397.1 393.6 390.1 386.3 381.4 380
246.7 232.5 214.3 204.5 184.3 177.9 177.9 186.3 193.1 199.9 206.9 222.6 238.1 258.8 273.2 293 308 313.3 311.8 294.6 297.7 310.5 323.3 352 376.9 390.2 401.3 409.3 415.4 418 418.5 420.4 419.3 415.5 410.4 406.6 399.4 394.1 389.5 386.6 383.6 381.5 380.6 378.9 376.6 373.9 369.6 363.5 361.1 361.6 360.8 359.2 360.8 360.8 360.1 362.5 367.7 370.1 368.7 371.6 374.4 377.6 381.2 386.1 390.8 391.7 394.4 397.2 399.4 400.9 399.7 398.2 395.1 391.5 388.3 382.9 378.6 376.4
234.1 210 201.6 186.6 173.3 178.1 179.9 191.5 199.1 206.7 221.5 232.4 250.8 268.6 284.6 304.4 322.8 330.1 326.7 305.8 307.8 320 334 361.2 388 401.5 407.3 414.3 417.4 418.8 418.6 419.9 416.4 411.1 407.4 403.2 397.1 391.9 386.7 382.3 378.9 376.6 376.2 375.2 373.1 370.9 365.7 359.6 359 359 358.6 359 359.2 359.2 359.3 364.3 370.7 369 370 370.4 373.3 376.2 379.7 384 388.2 390.3 392.7 395.1 397.4 397.6 397.6 395.1 392.7 390.8 384.5 378.9 373 375.6
218.4 202 187.7 168.4 170.4 179.1 186.2 195.1 203.6 218 230.6 246.4 262.8 279 298 319.4 334.7 337.8 337 323.7 320.1 330.2 349.7 373.9 395.3 406.5 409.7 415.1 416.9 416.9 416.6 414.2 410.4 406.2 402.9 400.1 395 389.8 384.5 380.2 378.1 371 370.8 372.2 370.3 368.9 363.6 359.2 358.8 358.6 358.5 358.5 357.2 359.1 360.2 363.6 368.8 370.7 370.1 370.6 372.9 375.8 378.1 382 385.6 388.5 389.6 392 394.4 395.4 394.4 391.9 389.2 385.5 379.9 373.7 374 380.4
199.1 186.8 168.5 170.6 179.7 188.4 195.3 203.4 220.1 226.6 233 259.6 280 294 312.6 332.7 345.9 348.6 344.4 335.4 337.5 341.9 366.5 387 400.4 407.1 410.1 413.7 414.5 413.6 413.1 410.7 408.8 403 399.7 396.6 392.7 388.9 383.1 379.9 374.6 370.6 369.1 368.5 366.6 364.6 361.8 359.1 359 358.9 358.9 356.9 354 356 359.9 363.4 367.4 370.4 370.1 370.7 373.1 375.5 378.2 381.2 383.8 386.6 387.8 389.5 391.4 392.8 391.2 388.1 385 381.5 374.6 369.2 377.1 382.1
191.6 168.3 170.9 177 188.7 193.5 204.4 221.6 230.5 234 242 256.3 289 311 326.3 345.9 355.8 354.7 349.4 342.5 344.6 361.1 381.4 395.2 404.7 407.4 409.7 413.4 413.9 412.6 411.5 411 407.5 402.2 397.7 394.6 390.8 388 383.2 378.4 371.4 369.5 367.7 365.6 363.7 361.6 359.2 360.2 360.2 359.4 359.4 355.5 351.3 353.7 356.8 360.9 365.7 368.5 369.7 370.8 372.8 374.9 378.1 380.2 382.7 384.8 386.4 388.4 389.4 388.3 386.3 383.7 380.7 376.1 368.1 374 380.4 384.9
170.3 166.4 174.4 184.2 193.1 201.9 221.4 233.2 244 259.4 274 282.1 285.7 320.9 340.6 355 360.9 358.7 353 350.4 357.4 378.2 391.2 398 403.8 407.3 409.9 412.5 413.1 413 412.8 411.6 408.8 403.5 398.2 394.8 390.2 386.8 383.6 379.2 374.5 369.7 366.3 362.8 360.7 359.2 359.1 360.2 361.8 361.7 359.6 355.1 350.5 350.2 353.6 357.6 362.1 365 366.3 368.1 370.7 373.7 376.6 380.4 382.2 382.9 384.3 386 384.3 383.1 380 377.6 376.6 369.9 364.8 374.9 381.1 388.6
158.9 168.9 180.8 192 202.7 215.6 225.5 243.7 265.4 282.7 301.9 310.3 313.4 326.2 356.2 361.8 367.9 363.5 358.9 366.5 369.1 386.8 394.8 398.9 403 406.1 408.9 411.4 412.3 412.8 412.3 411.7 409.6 404.6 398.7 395.5 392 388.5 384.5 380.7 376.9 371.4 367.3 363.7 360.2 359.2 358.9 359.5 360.5 360.1 359.2 353.4 350.9 349.5 350.5 354.3 358.5 360.9 362.5 364.9 369.2 371.9 375.2 378.7 380.5 381.1 382.2 380.5 378.9 377.3 373.7 371.1 369.2 359.2 366.8 371 377.6 391.5
164.6 175.7 189.2 202.6 216.1 224.8 229.7 244.3 278.6 301.2 317.8 333.8 338.4 347.2 358.3 370.4 372.9 370.8 371.2 376.3 382 391.6 395.1 397.7 401.6 405.2 408.1 410.3 411.5 411.9 411.9 411.3 409.8 404.7 400.2 397.2 393.9 390.2 385.9 382.3 378.7 374.1 369.8 365.5 360.6 359.1 358.8 359.1 358.9 358.8 356.8 351.1 350.4 348.8 349.4 350 352.2 354.6 358.2 362.1 366.8 370.3 373.3 375.2 377.3 379.5 378.3 374.8 372.2 369.3 368.2 366.2 362.1 354.3 362.1 366.2 373.6 391.6
174.1 183.7 200 213.4 226.4 242.1 245.1 259 290.8 311 328.4 337 349.3 356.1 364.3 371.7 372.1 372.7 376.8 381.2 385.2 390 392.6 396.2 399.7 403.9 406.5 409.1 410.6 411 411 411 409 406.4 402.7 399 395.7 391.7 387.5 383.9 380.5 376 371 367.2 362.1 359.2 359.2 358.8 358.1 358.1 357.6 356.4 354.8 352.3 349.9 348.3 346.9 344.5 349.5 358.8 364 368.6 370.8 371.6 373.8 375.6 373 368.5 364.8 363.3 363 363.7 359.5 346.6 355.2 360.7 370.6 391.4
185.2 203.2 209 225.9 245.1 251.9 272.7 288.1 304.5 323.1 330.9 340.9 351 358.4 364.2 370 371 374.7 377.9 381.1 384.6 388.2 390.3 393.3 397.2 401.7 402.7 404.9 407.5 408.8 408.8 408.8 406.9 405.4 403.6 400.4 396.9 392.8 388.8 385.9 381.6 377.4 373.5 369.5 367.5 366.5 366.6 363.3 362.1 366.7 371.7 366.9 364.8 361.9 358.2 353.6 354.8 354.3 342.7 350.4 357.9 363.9 367.1 370.2 370.9 371 367.4 363.3 359.7 358 358.1 357.2 353.5 339.5 350.5 354.7 368.6 390.7
206.1 211 227.6 242.7 254.4 275.8 296 307.9 315.3 324.2 330.3 341.9 347.8 354.6 361 368 372 375.6 378.1 380.6 383.5 385.9 386 388 393.2 397 399.3 401 404.6 406 406.4 406.4 405.1 403.6 402.2 400.7 397.2 393.2 389.8 386.9 383.1 379 378.7 373.7 370.1 374.9 374.6 373.6 377.5 382.5 380.1 377.3 373.6 368.1 361.9 358.4 360.2 359.1 354 341.9 347.8 360.6 364.3 366.6 366.8 364.3 361.3 357.1 354.5 353.9 352 348.5 344.9 336 346.4 353.4 368.9 387.9
212.5 229.1 244.3 256.7 276.1 295.8 305 313.4 317.7 321.7 327.1 333 344 352 359.3 366.4 371.9 376.1 378.8 381 381.2 381.7 380.1 383.8 389.4 393.1 396.9 399.6 401.6 402.6 402.7 403.4 403.4 402 400.6 400.2 397.2 394.4 391.8 388.4 385 382.2 380 380.1 377.9 379.9 380.9 381.8 385.7 389.9 386.6 382.1 376.6 371.2 365.2 362.8 362.4 361.1 355.9 349.8 339.2 354.9 358.5 359.4 358.2 355.8 353.1 348.2 348.8 349 345.8 342.5 338.8 338.5 341.9 349 368.9 383.7
225.8 244.1 253 279.8 291.3 301.5 308.7 313.2 314.1 314.8 315.4 331.3 341.5 350.6 357.9 366 372.2 375.3 377.4 377.7 376.5 374.8 372.7 379.2 384.8 389.4 394.2 396.8 398.9 399 398.9 400.6 400.3 400.1 399.4 399.2 396.1 393.8 392.6 390.9 388.3 386.2 383.3 381.1 383.1 386.8 388.6 389.5 391.3 391.4 390.9 386.7 380.8 374.8 369.2 364.1 360.9 360.5 355.9 351.3 335.5 349 353 350.4 348.6 345.8 343.1 340.3 341.3 342.2 342.5 340.4 330.6 336.5 338.7 346 363.7 377
232.8 254.2 270.8 290.2 302 308 309 309.3 309 305.8 308.6 327.4 340.9 349.2 357.8 366.5 371.1 373 373.5 372.1 367.1 364.8 367 374 381.4 386.9 391.2 393.7 395.1 394.6 395.6 397.3 397.1 396.8 396.7 396.1 394.9 392.7 391.8 390.4 390.8 389.4 387 385.8 386.6 393.5 393.2 399.2 400.8 398.4 394.5 390.8 385.1 378.1 370.9 363.2 359.4 356.2 353 348.2 329.4 333.2 339.9 340.5 339.8 336.8 332.1 330.8 333.1 334.2 334.3 334.5 326.1 331.5 335.2 343.1 358.3 372.9
246.5 261.5 283.3 302.3 304.9 305.5 304.3 302.9 301.9 299.2 306.3 324.9 335.3 345.6 359.2 365.6 368.5 367.7 365.5 361.7 357.1 354.4 359.3 368.6 380.3 385.7 388.3 390.7 390.4 391.1 392.3 393.5 393.9 393.7 392.9 392.8 392.1 391.2 391 390.6 390.3 389.2 387.5 386.5 392.9 395.3 400.7 402.7 403.3 401.7 398.7 392.6 386.4 377.1 368.4 360.2 355.5 352.4 349.2 343.6 336 324 324.8 328.9 330.7 323.8 318.9 319.8 322.1 324.7 322.8 324.1 320.8 329.4 333.4 340.2 355.2 369
