data/280000-750000.asc
ncols 200
nrows 200
xllcorner 280000
yllcorner 750000
cellsize 50
[rows 140 to 174 of 200, columns 0 to 78 of 200]
483.7 472.7 468.8 464.4 458.6 451.6 447.3 442 444 446 443.5 440.2 439.3 437.3 437.9 440.7 446.7 453.9 458.5 463.3 464.6 465.2 465.9 467.7 465.1 461.3 459.4 458.9 452.6 442.1 449.8 458.6 461.9 460.3 457.3 454.9 460.9 458 455.3 452.6 454.1 449 447.6 444.9 432.3 423.3 422.9 425.3 433.6 437.2 444.4 445.8 437 450.6 462 467 467.6 468.3 477.9 483.4 491.9 498.3 501.6 501.6 507.5 512.3 512.2 517.8 524.1 528.7 526.9 523.1 524.5 508.5 503.4 504.9 508.2 509.3 514.8
477.3 472.3 460.3 452.5 447 443.1 442.8 438.3 439.5 442.2 440.9 437.1 432.4 435 437.7 439.4 442.9 448.2 453 457.8 459.6 460.1 461 462.1 463.2 460.7 455.3 452.9 443.7 434.5 442.7 450.2 453.9 456 453.8 451.7 450.8 451.1 454.9 455 450.4 445.9 440.5 433.2 422.9 419.2 419.2 425.3 426.2 429.2 431.6 437.8 431.9 436.3 450.1 460.6 458.1 460 468.1 474.5 481.9 489.9 491.6 489.5 494.4 497 497.8 500.5 503.1 502.1 504.4 504.1 496.3 491.8 491.1 491.9 491.4 487.2 484.9
466.8 458 450 440.9 439.2 439.8 439.6 434.9 431 433.5 433.9 433.3 429.3 432.8 436.3 438.7 440.4 444.8 451.8 455.8 457.1 457.8 458.4 459.1 457.5 454.4 449.9 443 434.1 424.7 437.3 446.4 451.1 453.3 451.3 451.1 448.7 446.8 452.3 452.5 447.5 442.4 436.8 427.8 420.2 417.8 417 420.9 423.3 424.2 424.4 428.9 429.7 431.7 439.1 447 451.4 454.9 459.1 465.6 469.7 476.2 479.7 478.8 481.2 481.9 482.6 483 486.6 486.1 483.3 479.8 481.1 481.6 477.3 477.8 478.5 478.4 478.8
456.1 447.8 443.4 435.3 434.3 432.8 430.6 428.7 425.6 422.9 422.2 424.1 423.8 427.4 430.1 432.7 435.9 442.5 448.1 451.2 452.6 453.3 454.4 454.8 450.5 444.7 439 433.2 424.8 419.6 434.2 441.2 446.4 448.5 447.4 446.2 443.7 441.2 447.7 446.8 442.2 437.7 431.5 425 418.4 416.6 416.2 418.9 422.2 421.2 423.5 428.3 429.7 432.1 437 443.1 447.2 445.9 453.4 461.5 463.8 464.5 466.9 469.2 472.1 473.4 473.4 472.3 471.3 469.7 467 461.3 461.6 462.1 462.5 465.6 466.5 468.7 469
455 442.1 436.1 432.4 430.7 428.7 428.6 427.4 424 419.6 417.3 418.9 421.2 423.2 425.4 426.2 429.9 436.4 441.8 446.6 448.3 448.6 448.4 448.5 445.8 438.8 430.5 424 417 417 427.9 431.8 434.7 441.4 441.7 440.8 437.2 433.8 436 441.2 438.6 434.2 428.4 423.2 416.4 415.6 415.5 416.4 419.5 422.3 427.8 431.4 430.6 434.2 438.2 440.6 441.2 439.3 452.9 457.4 454.3 455.1 457.9 460.6 463.9 465.9 467.2 461.9 459.2 457 453.2 449.9 450.4 448.9 451.2 455 455.5 458.1 457.8
451.6 442 435.8 433.5 433.7 431.2 429.5 427.7 424.6 419.1 413.8 418.6 421 422.3 422.6 420.1 423.8 430 437.6 441.7 442.9 443.4 443.1 443.7 441.3 434.2 426.3 419.4 413.5 414.9 421.2 426.1 430.9 434.6 431.6 434.2 432.7 429.8 428.3 432 434.9 431.1 426.3 421.6 415.9 415.5 415.5 417.2 430.1 434 432.2 429.4 429.5 437.3 438.6 438.7 437.3 434.3 440.1 448.5 448.4 448.6 449.8 452.4 455.8 457.1 457.3 455.1 451.1 446.9 441.5 439.8 440.3 441.7 445.6 446.9 444.2 445.7 445.6
454 450.9 440.7 438.2 435.5 433.1 429.7 426.8 423 417.3 410 417.7 418.6 420.5 419.5 416.1 416.1 423.1 429.6 436.3 438.4 439 440.1 439.7 437.3 429.2 422.7 415.8 411.9 417.2 418.9 427.3 429.1 430.3 427.6 429 428.1 426.6 424.6 423.3 424.6 428.3 424.8 418.9 417.3 415.3 415.2 416 424.9 430.8 430.5 426.4 425.9 435 435.8 435 432.8 430.7 433.7 440.2 442.7 444.2 443.9 445.6 449.2 448.3 448.6 445.8 441.3 438.1 436.2 438.4 439 437.9 439.3 439.8 436.5 436.2 437
463.7 456.1 448.9 443.7 437.4 433.8 430.9 425.3 420.8 417.5 411.3 411.4 416.4 415.4 415.4 414 411 415.7 420.3 426 431.5 432.8 433.8 434 429.9 423.1 416.3 412.6 408.3 414.6 420.8 424.8 426.2 425.5 427.3 424.4 422.9 424.1 421.6 422.4 424.2 426.3 427.1 419 415.5 415 415.5 415.3 416 427.7 426.7 425.3 425.3 433.9 433.1 430.6 428.9 431.9 435 438 440.3 441.6 441 441.6 441.5 440.2 439.1 437.3 435.7 435.2 433.8 433.7 434.2 432.4 431.3 430.8 431.2 430 425.6
479 463 455.6 447.4 441.5 439.1 434.4 429.9 425.7 418.6 415.5 409 404.6 409.4 411 409.6 406.5 407.6 414.5 420.9 426.8 428 428.9 428.1 424 416.2 412.2 408.1 405.3 416.6 414.6 419.3 421 423 422.6 418.9 422.6 422.1 423.8 424.8 422.9 425.9 424.7 420.8 415.9 417 420.9 416.7 417.1 424.2 426.6 425.2 427.2 432.3 431.7 428.7 429.6 436.1 440.8 440 439 440.7 439.5 438.3 436.9 435.4 434.7 432.8 431.9 433.6 431.9 429.1 431.3 429.4 425.3 424.1 421.6 418.8 414.7
488.4 475 462 453.4 448.3 443.9 438.7 433.5 424.8 415.7 410.8 407.4 403.7 402.7 401.4 404.9 402.2 399.7 407.8 415 417.9 421.9 423.5 422.1 417.9 412.3 406.6 401.9 410.4 416.7 415.2 416.6 415 418.9 418.1 417.8 421.7 427.6 428.5 423.6 420.5 421.1 421.3 419.3 415.2 414.4 416.9 417.5 417.6 420.6 427 425.3 424.5 428.4 430 429.5 430.6 438.8 442.9 440.8 439.5 439.9 441 441.4 440.3 437.3 436.5 437 431.8 430.6 429.2 426.3 426.8 426.7 423.6 415.5 412.2 410.1 410.9
499.6 484.1 470 460.3 450.1 443.7 437.9 429.9 421.2 414.1 409.9 406.4 405.6 408.3 406.4 397.4 395.9 393.7 395.6 402.3 406.6 409.7 412.7 411.6 410.5 407.6 404.7 400.7 406.3 410.3 410.2 410.5 410.9 415.4 416.7 415.9 419.3 428.2 427.2 422.8 418.9 415.9 414.5 415.1 414 414.3 414.7 415.4 421.1 421.6 423.1 423.9 423.9 430.4 430.2 428.5 432.2 440.4 442.6 443 444.3 445.8 446.9 447.5 446.1 443.8 442.9 437.7 434.8 433.4 432.2 428.8 424.8 420.7 413.8 408.3 407.1 407.1 411.6
504 494.8 480.8 466.6 455.9 446.9 438.5 430.8 422.1 414.8 409.8 407.5 408.3 409.5 406.6 402.1 395 391 391 392.8 393.4 397 400.2 397.9 396.5 400 401 400.8 398.4 400.7 404.9 405.9 402.7 406.9 409.5 415.3 418 419.8 422 422 417.8 414 414.5 417.7 414.3 414.6 415 418 428 425.8 422.3 422.9 423 424.5 426.2 433.1 440.9 441.2 444.8 447.8 448.3 450.7 451 451.4 451.7 451.7 448.9 444.3 439.8 438.2 437.2 434.5 429.9 423.8 415.7 410 408.7 405.2 402.2
507.8 499 489.7 476.2 464.4 453.5 441.6 429.7 421.4 417.3 413.6 408.1 408.4 406 402.7 399.9 394.6 391 389.4 388.1 387.4 387.4 387.7 388 389.9 398.6 396.6 395.4 397.6 399.8 399 401.9 400.6 407.1 411.4 413.6 413.5 414.7 415.7 416.5 416.3 413.8 418.8 420.9 417.6 416.2 418.1 419.9 422.4 426.4 428.4 426 424 435.8 438.7 441 445.2 445.4 444.9 447.8 451.1 454.8 454.8 455.8 458.2 457.7 455.2 450.8 445.2 444 442.3 439.3 432.4 424.1 416.3 412.7 412.4 404.8 402.8
511.7 503 493.7 482.2 466.3 459.4 440 429.2 422.9 419.3 414.2 410.6 406.5 402.1 398.6 395.1 391.4 389.3 388.3 387.5 387.4 387.4 387.4 388.2 391.9 391.9 395.5 397 396.3 393.9 396.8 403.2 407.7 411.1 410.7 411.1 414.5 415.9 416 414.7 414.6 418.5 422.7 424.4 426.4 424.8 422.2 420.1 419.7 422.2 427.8 426.1 433.5 442.9 442.6 443.4 444.5 446.3 453.3 451.2 452.4 455.8 456.6 459.7 463.4 463 460.1 456.3 454.9 455.9 449.8 441.9 435.3 427.4 423.7 420.4 409.5 402.5 401.9
513.6 505.2 497.1 490.4 471.3 455.9 445.6 434.7 427.4 422 419 413.2 407.2 400.5 394.7 392 389.6 387.9 387.6 387.4 387.4 387.4 387.4 387.4 387.8 389.6 390.6 393.9 392.2 394.4 399.2 404.3 409 411.7 414 414.4 416.4 417.6 419 419 421.7 422.3 422.1 421.6 420.7 416.7 413.4 417.8 421.2 424.5 428.4 432 441.5 443.6 445 446.7 447.9 453.9 456.1 455.9 456.8 458.2 460.1 462.8 465.4 466.5 464.8 462.4 466.2 459.7 448.4 450.3 443.5 435.9 430 421.3 404 401.8 400.4
508.5 504.3 495.8 489.7 472.1 461.3 451.2 440.8 432.5 422.6 418.6 414.4 407.2 400.6 397.3 394.3 389 387.4 387.4 387.4 387.4 387.4 387.4 387.4 387.4 388.2 390.3 391.9 395.1 400.2 403.5 407.5 410.7 412.7 415.5 417.2 416.8 418.1 420.9 421.9 421.6 419.6 416.5 415.1 412.7 411.1 414.2 422.7 427.7 432.6 433.3 435.3 438.8 442.8 446.5 449.8 452.1 458.2 460.8 460.8 461.8 463.6 465.1 467.6 469.3 471 469.6 469.8 466.8 460.4 459.7 457.4 448.4 439.6 435.4 422.4 403.8 401.8 398
504.1 501.4 493 486.4 476.5 462.4 453.5 442.5 433 424.6 418.5 412.8 407.9 404 401.2 398.8 392.7 387.4 387.4 387.4 387.4 387.4 387.4 387.4 387.5 389.3 394.6 397.8 399.9 403.2 405.9 408.6 412.7 415.2 415 416.5 418.8 419.7 419.2 418.3 418.1 416.9 413.1 410.4 410.4 413.3 418.3 424.5 427.6 430.9 435.6 436.5 438.4 442.6 447 450.2 454.1 459.1 463.6 465.2 466.8 469 471 471.7 474 475.9 475.6 473.7 470.9 471.6 466.3 464.5 446.4 437.9 432.6 411.5 403.3 399.7 396.6
498.8 498 493.8 487.7 477.3 464.7 453.5 445 433.8 426.4 427.4 421.3 412.6 409.3 406 399.8 395.2 389.7 387.4 387.4 387.4 387.4 387.4 387.4 389.6 391.4 395.5 400.6 404.4 404.9 405 408.8 413.1 415.8 415.2 414.1 415.2 417.4 416.7 414.3 412.5 411.7 409.9 410.3 413.9 418.1 422.7 425.3 428.5 431.1 433.7 436.4 439.5 443.6 447.5 451.4 455.4 459.9 465.6 468.8 471.7 474.5 475.3 475.9 478.6 480.4 488.6 477.5 476.8 475.4 471.5 464.2 449.5 439 425 409.3 404.8 400.2 395.9
496.9 492.7 488.7 486.3 479.8 467.6 454.4 444.6 439.1 431.7 424.4 420.3 415.4 412.7 406.5 401.2 393.4 392.8 389.2 387.4 387.4 387.4 387.4 387.4 388.5 390.8 394.6 398.3 402 404.1 404.4 406.1 410.1 414 415 413.1 413.2 414.1 413.8 410.4 408.6 408.9 410.9 413.5 417.3 420.5 423.4 426.3 429.2 431.8 434.6 437.5 441.2 444.9 448.7 452.6 456.6 460.7 466.4 471.2 474.7 476.7 477.7 482.7 480 481.1 482.5 482.3 480.7 480 477 467.6 454.3 428.3 417.7 410.5 405.9 401.3 396.6
488.1 487.6 486.4 483.7 478.8 469 456.1 448 441.1 433.1 426 420.7 414 408.2 406 399.7 399.9 400.7 396.3 391.8 387.7 387.4 387.4 387.4 387.4 388.6 392.3 395 399.4 402.1 403.5 404.2 405.4 409.5 411.6 412.1 411.6 409.7 408.6 408.4 410.3 412.3 414.4 417.2 420 422.8 425.8 428.7 431.5 434.4 437.2 440.1 443.5 446.3 449.2 453.5 457.5 460.9 466.5 472.3 475.3 477.2 483.3 485.2 483.4 485.8 483.3 483.6 482.7 482 478.1 467.4 445.7 427 419.8 411.2 405.8 401 397.3
477.4 481.1 482.4 479.1 474.4 471.5 464 449.5 437.8 435.5 430.6 423 416.2 410.5 406.1 406.3 406 403.2 401.9 399.9 390.7 387.4 387.4 387.4 387.4 388.9 389.7 391.5 395.4 399.6 402.5 403.6 403.2 404.9 407.7 407.8 408.1 407.8 408.2 410.9 413 414.9 417.5 420.2 423 425.8 428.7 431.3 434.2 437 439.8 442.8 446.5 448.7 450.9 454 458 461 465.5 471.5 474.8 478.1 481.2 482.1 488 491 482.8 478.6 477.8 476.9 474.1 461.9 436.3 428 420 410.9 405.5 401.1 398.1
458.4 462.9 467.2 465.9 458.2 457.9 453.6 446 443.6 437.1 434.6 427.5 419.4 414.4 411.1 406.4 405.8 406.8 404 402.8 396.4 391.1 388.1 387.4 387.1 389.7 388.8 386.1 389.8 394.7 397.5 398 400.8 405.7 407.3 408.6 408.2 409.2 410.9 413.4 415.6 417.7 420.6 423.4 426.1 428.8 431.7 433.6 436.8 439.7 442.5 445.1 448.1 450.5 452.6 455 459.5 462.5 465.8 469.5 472.7 474.9 478 483.2 489.6 490.9 483.3 474.9 470.6 466.9 462.6 451.6 441.7 428.5 416.5 410.2 405.1 401 398.4
441.9 440.7 445.1 448.7 446.2 438.1 433 437.4 439.7 437.2 433.9 429.6 425.4 423.3 421.4 413.3 410.2 406.2 404.8 403.5 401.1 395.2 392.4 389.9 387.5 383.9 384.5 382.9 385.5 387.1 392.3 399.9 403.3 404.8 406.3 407.6 409.3 411.1 413.8 416 418.3 420.9 423.8 426.6 429.3 432 433.8 436.2 439.5 442.3 445 447.3 449.5 452.3 454.4 457.6 462.7 464.8 466 467.7 469.7 472.1 476 481.3 483.4 481.4 475.7 470.8 467.5 462.9 457.5 446.9 438.1 419.4 413.1 408.3 403.5 400.1 397.6
423.9 428.9 430.5 432.1 431.4 425.6 419.9 424.4 430.8 431.5 429.3 427.1 425.6 423.6 420.1 415.2 414 413.4 410.5 407.7 402.9 397.6 393.6 391.2 391.4 388.9 382.3 379.6 379 388.3 393.7 397.5 401.1 403 404.3 407 409.3 412.1 415.5 418.2 421.2 424 426.9 429.8 432.5 434.5 436 438.8 442.2 444.9 447.3 449.6 451.5 453.9 456.9 461.3 465.5 466.8 468 468.8 469 469.9 470.4 470.9 469.7 470.2 467.5 463.6 458.1 453.3 447.9 437.9 428.1 413.5 411 406.5 401.7 399.3 396.8
413.5 415.4 419.2 421.5 422.8 416.2 414.6 417.7 422.3 422.2 425.9 425 423.2 422.4 420.3 418.2 417.1 415.1 413.6 411.2 407.1 400.2 396.8 392.3 391.4 388.3 385.2 379.7 378.1 387.7 392.2 395.7 398.8 401.2 404 406.7 409.4 413.1 416.5 420.3 424.9 428.3 430.6 432.9 435 436.9 440 442.6 445 447.6 450.1 452.6 454.7 458.6 462 464.9 467.5 468.6 469.3 470.1 467.7 461.5 460.5 461.8 461.1 457.9 455.1 451.8 446.7 439.8 432.6 425.1 416.2 411.3 408.9 405.3 401 398.2 396.2
408.3 410.9 413.8 415.2 414 414.3 417 419.6 419.5 422.8 422.8 421.9 421.6 419.5 418.8 417.8 416.5 414.8 414 409.1 405.3 400.2 395.1 390.7 389.3 386.1 386.6 383 376.5 387.1 391.7 395.2 398.4 402.1 405.1 408.1 411.4 415 418.9 423.8 428.3 432.6 435.3 437.2 438.9 441.1 444.1 447 450.3 452.8 454.7 457.4 461 464.5 467.6 470.2 472.1 470.8 470.8 467.1 463.4 458.5 460.3 460.5 459.1 453.3 447.7 442.7 434.2 425.7 421.3 415.7 412.3 409.7 406.6 403.4 400.1 396.8 394.6
400.4 406.7 408.4 409.5 412.7 415.6 417.2 417.9 417.4 420.1 420 419.1 417.1 416.4 416 415.7 414.8 413.4 411.1 407.6 403.3 398.6 391.3 386.2 384.4 383.1 382.4 379.6 375.7 385.6 392 395.5 399.1 403 406.3 409.8 413.7 418 423.1 428.4 432.5 436.7 440.2 441.8 443.3 445.3 448.1 451.3 455.5 458.7 461.7 465.5 469.6 473.7 476.9 479.8 478.4 474.8 472.3 466.4 460 454.8 458.3 456.3 452.5 447.3 440.5 432.6 424.1 418.2 415.4 412.2 410.4 407.8 404.3 401 397.9 394.8 392.3
397.4 401.5 405.3 407.6 409.6 408.7 410.2 411 414.4 415.5 415.5 416 415.2 414.8 413.6 413.6 412.9 411.8 406 403 400.2 395.2 387.4 383.7 381.8 377.4 374.3 373.4 376.1 389.2 393.2 396.6 400.3 404.1 407.9 411.8 416.7 422.7 428.1 433.3 437.5 441.4 445 446.8 447.4 449.2 451.4 455.1 459.8 463.2 466.1 470.7 477.4 482.5 486.2 491.9 491.6 482.8 477.3 467.5 459 449.2 450.6 448.3 444.6 439.7 433.1 425.9 417.4 413.1 411.9 409.9 408.1 405.3 401.9 398.4 395.2 391.9 389
397.1 398.2 399.1 399.4 400.5 402.4 406.3 407.7 411.8 412.4 412.5 412.2 411.5 411.2 410.5 409.9 410.3 405.5 403.3 399.9 395.2 388.8 382.9 380.7 377 370.7 374.8 384.4 389.8 393.1 396.5 399.4 402.5 406.2 409.9 415.1 420.4 427 433.1 438.3 442.6 446.3 449.1 451.3 452.6 453.1 455.4 458.7 462.8 468 471.2 476.3 484.2 492 494 497.5 499.2 490.2 480.7 473 463.1 452.2 441.9 440 435 430.8 425.7 420.5 413.4 411.9 410.3 408.3 406.6 402.9 399.2 395.4 391.8 388.6 386.6
388.9 388.7 389.8 392.3 395.5 396.2 398.8 405.9 409 409.3 408.9 408 407.4 407.3 407.2 406.3 403.7 401.7 398 391.4 385 382 378.8 370.3 370.5 379.9 386.7 390.4 393.4 396.4 399.3 402.3 405.3 408.5 412.8 418.2 424.2 431 437.2 442.4 446.5 450.6 454.4 456.2 458 459 461.6 465 467.9 473.1 477.5 482.4 490.4 496.1 496.6 496.9 490.4 482 477.9 473.4 465.4 456.4 444.2 438 429.1 424.2 419.6 417.6 413.1 410.9 408.9 406.9 405.1 401.1 396.5 392.7 389 386.4 384.3
378.7 379.1 382.3 385.9 386.6 388.6 398.1 402.4 403.7 403.4 405.3 404.6 405 404.9 404.2 403 398.1 393.5 389.2 381.7 378.5 377.3 367 366.2 380.5 386.1 389.5 393.4 396.6 399.4 402 405.1 408.1 411.2 415.7 420.7 427.2 434.3 440.8 446.6 451.9 456.2 459.5 461.3 463.1 464.6 466.7 470.7 473.9 478.4 484.6 487.7 496.3 496.9 497.1 487.4 478.8 476.6 476.4 472.1 463.5 456.9 447 437.3 427.3 421.2 418.2 415.1 412 409.7 407.5 405.5 403.7 399 394 390.3 387.8 385.9 383.2
372.4 374.2 375.3 375.6 380.4 384.8 388.1 394.6 394.7 390.5 395.6 399 399.3 400.9 400.2 398 389.9 381.5 378 375.4 374.1 365.8 364.5 373.2 380.4 385.4 390.3 394.2 398.1 401.4 404.8 408 411.1 414.4 419 424.4 431.1 438.2 445.2 452.7 458.2 461.9 465.3 468.5 467.5 468.3 472 476.1 479.9 486.1 492.1 490.9 495.4 494.9 485.3 475.4 472.4 474.9 473.9 467.6 462.1 456.9 446.1 435.4 426 418.7 415.6 412.5 410.3 408.4 406.2 404 402.1 399.4 393.3 389.9 387.2 384.9 382.1
364.6 366.7 367.8 371.1 374.1 376.1 376.4 376 376.5 381 388.1 389.8 393.3 393.4 392.7 388.8 382.2 372.3 371.6 372.9 371.1 364.3 361.9 377.4 379.6 383.9 389.3 393.7 397.6 400.5 404.6 410.1 414.7 418.2 422.7 428.6 435.6 442.4 450.6 458.2 464.4 468 471.3 474.3 473.4 472.8 479.2 482.2 484.7 488.1 482.9 479.6 478.3 472.4 469.2 467.1 466.5 470.5 465.9 460 456.9 447.9 439.6 430.3 421.9 416 412.5 409.2 407.3 405.9 404.5 402.4 399.5 396.4 393.1 389.5 386.7 383.9 381.1
362.7 364.6 366.4 369.5 367.6 367.2 363.2 362.6 365.4 371.8 377.7 382.9 383.9 384.4 384.7 383 379.5 370.8 368.2 369.5 366.7 359.3 361.3 373.8 378.2 384.5 388.6 392.6 396.5 400.4 404.5 409.6 414.9 418.9 424.6 432.7 440.4 447.7 456.8 465.1 470.8 475.6 477.9 477.2 477.2 478.2 484.9 486.1 487.3 481.2 469.9 462.6 462 459.2 459.7 458.6 456.2 456.2 455.1 453.2 441.3 440.3 433.6 424.7 416.5 410.4 407.5 405.4 403.6 402 400.4 399 395.8 394.2 392.3 388.5 385.3 382.6 379.9
361 359.4 361.8 360.7 358.8 356.6 354.6 352.1 354.9 359.7 367 374.8 375.3 377.3 378.1 379.2 376.7 372 365.6 364 359.6 357.1 365.8 372.4 378.3 383.1 387.2 391.3 395.1 400.4 404.4 409.2 414.3 419.6 426.3 436.1 444 454.8 464.9 472.7 478.4 484.4 487.2 481.9 480.5 481.4 484.2 486.8 483.2 473 461.7 455.4 452.5 453.6 451.2 450.3 448.2 447.4 446.7 439.2 436.7 434.5 428.2 419.3 411.7 405 403.3 401.6 400.3 399.9 397.4 394.5 393.3 391.6 389.1 385.6 382.5 380.1 377.6
