data/280000-770000.asc
ncols 200
nrows 200
xllcorner 280000
yllcorner 770000
cellsize 50
[rows 0 to 34 of 200, columns 78 to 155 of 200]
721.3 725.1 731 734.3 736.7 741.8 746.3 751.6 748.1 744.2 739.6 730.9 723 714.2 708.5 702.9 698.5 699.5 706.2 714.3 723.8 734.7 750.1 757.9 757.4 756.2 753.8 749.3 747.3 747.1 748.7 748 747.4 750.8 750.8 754.6 758.3 760.3 758 761.3 762.4 764.6 763.1 764.2 760.2 755.3 752.3 746.7 739.7 732.1 723.9 718.8 712.6 709.8 703.2 700.5 692.6 691.2 699.8 702.8 704.2 707.1 709 711.9 712.9 713.8 716.9 719.5 720.1 722.1 722.7 718.4 715.3 709.4 703.9 698.5 695.2 692.4
725.4 730.3 734.8 738.4 741.3 747.2 751.6 750.6 748.9 746 740.6 735.5 726 715.6 709.3 702.6 698.8 704.5 711.5 721.5 733.6 745.6 759.7 764.4 765.2 765.2 761.1 758.2 756.7 756.8 759 758.3 758.5 760.6 762.8 764.5 767.3 770.1 767.9 769.2 770.4 773.7 772.9 774.1 772.4 767.3 760.3 754.8 747.8 739.8 730.9 726.6 722.9 716.7 709.1 703.1 699.2 700.4 704.9 709.8 711.8 715.7 719.1 721.3 722.7 722.4 721.2 726.5 729.2 730.7 729.9 724.4 720.6 712.3 708.7 703.3 698.7 696
728.2 733.3 738.7 742.9 748.7 750.1 752.1 752.4 750.8 747 740.4 732.1 721 713.5 707.3 699.6 701.5 710.5 717.4 728.8 740.7 754.3 765.2 768.7 770.8 771.4 767.7 765.6 766.3 768.9 770.4 771.4 774.3 776.8 777.5 779.9 781.7 780.4 780 781.2 784 786.7 786.1 786.1 783.7 778.8 771.5 762.3 756.2 745.5 743.2 739 731.1 723.1 713.6 705.8 699.5 708.6 712.2 715.2 720.5 724.8 728.1 733.8 735.2 732.1 729.6 735.1 739 739.2 737 731.1 724.9 719.4 713.3 706.9 702.2 699.6
734.9 738.6 740.7 745.7 750.8 752.5 753.2 753.6 751.9 745.1 737.1 730.5 719.1 711.4 707.9 705.6 708.6 715.4 724.1 734.2 744.8 757.8 767.5 774.8 776.6 777.2 775.9 775.7 779.6 783.2 785.1 788.1 790.1 792.2 792.8 795 795.4 792 788.5 794.3 797.7 798.4 798.5 796.7 794.5 789.7 782.1 771.6 760.4 757.7 755 748.1 738.7 729.1 717.6 709.9 710.9 714.8 718.2 723.7 730.7 735 741.5 747.5 747.1 743.9 739.1 742.6 745.4 745.7 742.6 737.3 729.7 722.6 716.6 709.3 705.1 701.2
740.4 742.6 745.4 749.2 752.3 753.3 754.3 752.9 750.1 742.5 733.5 724.1 717 711.4 708.8 708.5 712.3 719.9 728.2 737.7 749.6 763.6 776 782.5 784.3 786.8 790.2 791.5 794.9 799.8 804.6 809.4 810.5 809.7 808.9 807.2 806.9 804.3 800.7 804.8 807.8 809.1 808.5 806.4 803.1 797.7 790.5 780.2 767.4 770.2 767.1 758 746.9 735.4 720.9 723.9 721.8 721.9 728.2 735.6 742.3 747.5 753.5 757.8 757.1 753.2 747.6 749.3 750.9 751.3 745.9 740.8 732.4 726.3 719.1 712.1 706.4 702
745 747.4 750.8 752 754 754.1 753.7 752.1 746 736.8 729.4 721.4 715.2 710.2 709 710 715.3 722.4 731.4 741.6 754.6 769.9 780.9 790 792.9 797.3 805.6 810.7 814.9 820 825.5 828.2 827.1 825.1 822 819.2 816.1 812.4 811.1 813.3 815.7 816.9 816.4 813.8 811.1 802.6 793.3 784.1 776.2 780.1 776 768.5 753.2 742.6 736.1 734.8 731.3 729 739.1 748.2 754.7 760.4 766.3 767.1 764.4 760.3 756.2 755.9 756 751.5 747 740 730.8 724.5 717.4 710.3 707 703.2
749.4 752 755.5 756.4 757.3 755.3 752.8 750.1 741.6 731.2 724.6 720.6 714.7 709.9 709.8 713.9 719.3 725.7 736.6 748.6 763.9 779.3 791.1 799.5 803.5 813.3 824.7 832.8 837.3 841.5 845.2 844.1 842.2 840.6 835.2 829 826.6 820.5 817.7 821.8 824.5 823.7 822.8 819.6 815.5 809.4 796.1 783.8 788.9 789.3 783.5 774.1 761.9 749.3 749 747.1 743.7 738.8 751.2 759.6 766 771.2 774.4 774.5 769.7 765.5 762.4 761.6 759.8 754.2 748.2 738.8 728.9 724 717.8 713.4 710.6 706.2
753.9 757.3 760.2 760.3 759.8 756.5 752 746.7 738.3 729.7 722.6 719 714.8 711.5 713 718 724.8 733.3 744 758.9 774.6 788.9 801 810.2 819.3 829 839.7 847.4 852 856.7 858.7 858.5 855.8 852.1 844.4 839 833.8 828.7 827.7 830.6 834.4 833.4 829 823.9 818 808.6 797 789.8 796.7 795.1 789 778.9 765.3 760.6 759.8 759.8 754.8 748.9 760.6 768.2 775.2 780.3 779.9 779.8 773.2 769.3 766.5 763.2 759.9 754.9 750.3 742 734.5 728.2 722 717.1 709.8 706.8
757.7 761.6 761.9 761.6 761.1 757.9 752.3 743.7 734.1 727.3 720.1 717.6 717.1 713.8 717.2 723.4 732 741.8 754 771 786.6 799.6 810.4 821.5 832.2 842.4 852.6 860.6 864.6 868.4 871.1 870.4 866.6 860.9 853 845.8 840.6 835.3 834.7 838 841.2 840.9 834 827.1 820 809.9 800.2 798.1 801.7 799.9 792 782 771.8 770.6 771.2 770 764.9 760.1 769.2 777.3 782.7 787.1 787.7 783.8 777.9 772.5 768.8 766.5 762.1 759.3 752 746.5 740.8 734 725.5 717.8 711.5 708.4
760.4 761.9 762.2 761.7 761.6 754.4 749.1 738.2 730 724.2 719.3 717.9 717.2 717.4 721.5 729.4 741.8 752.2 766.4 782.3 796.3 809.4 821.9 832.9 842.8 857.9 865.1 872.3 876.7 879.8 880.3 879 874.2 866.1 858 850.1 844.9 840.3 841 840.9 841.1 840.1 834.8 827 820.5 812.6 805 800.3 807.6 803.4 794.4 786.9 782.1 781.2 782.7 781.5 776.8 773.7 776.8 785.8 790.8 791.9 791.2 785.6 780.1 775.8 771.6 771 766 761.4 755.8 750.9 746 738.3 727.5 720.5 713.4 708.7
761.6 762 762.4 761.7 759 752.3 744 735 728.2 724.4 721.7 718.3 718.2 721.3 727.6 740 749.5 766 778 794 810.6 822.9 833.5 844.7 856.7 868.3 877.3 883.4 888.7 888 888.3 885.5 879.8 869 858.8 851.5 846.4 843.9 844 841.7 841.2 837.9 834.4 827.1 819.7 813.8 809.9 806.6 810.9 806.5 798.8 792.8 791.8 792.4 792.5 790.3 784.9 786.5 788 793.6 797.3 796.7 792.4 787.3 783.1 778.4 775.9 772.4 769 765.1 759.4 754.1 748.6 740.4 729.5 722.2 714.8 709
761.6 762.1 762.5 762.1 757.3 751.3 741.7 734 727.4 721.7 721.1 718.5 720.4 726.5 735.5 747.2 762.9 776 792.5 808.1 826 836.4 845.9 857.6 868.7 880.6 887.6 895 898.5 897.9 895.9 890.3 882.7 870.6 860 851.9 848.8 848.5 846.7 843.1 840.6 837.6 832.8 827.3 820.9 817.1 812.1 808.6 811.3 810 805.7 805 803.7 802.8 801.6 796.8 795.7 795.1 796.8 799.9 802 800.9 795.1 790.9 785.6 780.5 780 776.4 772.8 770.4 763.3 756.7 749.5 740.8 729.7 722.6 717.5 712.4
761 761.5 762.7 762.2 756.4 748.9 742 733 726.5 721 718.4 720.3 726.4 734.3 744.1 757.1 772.6 787.5 805.2 824.3 840.6 851.9 859 869.9 880.6 890.8 899.1 905.3 904.6 904.6 901.3 895.3 885 871.2 861.4 854.1 850.7 850.3 849.3 845.9 840.6 836.9 833.1 829.7 825 819.6 814.5 810.7 812.8 814.7 817 818.8 816.9 816.2 814.1 811.4 808.3 805.8 803.6 806.5 806.3 801.7 798.9 794.1 789.7 787.3 783.8 779.7 775.6 771.4 765.9 759.3 750.9 741.5 732.5 726.4 720.4 717.4
761.8 761.8 762.9 761.8 756.2 748.1 741.1 732.2 726.3 721.3 719.8 725 732 741.2 752.4 769.6 784.1 801.8 821 839.3 853.5 864 874.6 882.2 893.2 901.4 909.4 913.1 913.3 909.9 905.7 897.4 884.7 870 860 858 854.5 853.2 851.3 847.6 842.3 838.2 835.1 832.2 828.7 823.3 818.5 818.8 818.7 821 826.2 827.8 827.8 826.8 825 821.1 817.4 815 811.2 811.6 810.7 806.1 801.5 798.7 794.2 790.8 789.1 784.7 780.3 774.8 768.3 760.5 751.7 743.1 736.1 729.9 724.1 721
761.9 762.1 762.9 761.9 755.1 747.6 740.4 732.5 727.9 725.5 724.4 729.8 738.1 748.7 762.9 780.5 796.3 817 835 851.9 865.1 878 888.8 896.9 904.2 911.2 917.3 919.2 919.7 915.3 909.7 897.8 882.2 870.1 863.4 861 858.3 857.3 854.7 850 846.8 841.6 837.9 834.5 831 828 820.4 820.3 823.7 828.3 833 835.7 837 836.2 834.1 830.5 828.6 822.3 817.7 817.8 814.1 809.3 805 800.8 796.7 794.7 792.8 789.9 783.1 776.1 768.3 759.2 748.8 740.5 735.9 730.3 726.5 722.5
761.8 763 764.7 762.3 756.2 748.7 740.6 734.3 730.4 728.1 727.6 733.2 743.1 753.9 772.1 788.3 808.8 828.8 846.9 859 876.1 889.4 902.7 908.3 912.7 918.7 921.8 922.3 921.6 916.1 908.7 895.9 880.6 873.6 868.8 864.9 862 861.4 859.5 857.1 852.8 848.5 842 836.6 831.7 827.3 824.7 827.2 828.3 834.4 841.4 845.3 848.2 846.4 842.6 840 835.9 829.8 825 822.2 818.8 812.8 808.5 804.9 801.9 800 798.3 791.9 783.7 775.7 767 757.3 747.1 740 732.8 728.6 725.4 722.2
762.8 768.4 768.1 762.1 757 748.9 741.4 735.4 730.1 728.4 728.4 736.8 746.6 760.5 777.9 797.9 819.1 838.6 855 869.5 885.6 899.4 910.2 917.4 920.3 923.4 923.1 922.1 921.3 914 904.8 894 886.2 880.9 873.6 868.3 868.8 869.7 867 864.8 859.8 853.3 845.7 837.3 829.3 828.8 828.6 832.8 835.5 841.7 849.5 853.6 857.9 856.1 852.2 847.7 844 838.7 832 827 821.5 816.8 813.1 810.3 808.7 806.8 802.2 794.3 786.2 775.4 765.5 755.4 745.4 738.4 730.3 726.3 723.5 720.2
764.8 771 771 764.9 757.1 750 743.3 736.8 729.9 727.7 730.7 740.4 750.6 765.8 783 803.9 827.5 845.9 863.4 879.8 893.7 906.2 917.1 923.9 926.3 928.3 925.4 921.5 918.2 910.4 904.9 900.3 895.7 889.9 881.4 878.4 879.8 878.4 874.3 871.4 865.1 856.5 847.7 837.5 829.9 828.8 831.2 840.4 841.7 848.7 855.6 861.1 864.4 864.1 861.1 856.1 851.5 845.7 838.7 831.1 824.5 819.7 817.5 817.1 815.9 812.2 806.6 793.9 783.8 774.4 764.7 754.8 743.8 734.3 728.9 723.8 720.6 720.4
769.5 774.9 774.4 770.3 761.4 751.8 743.8 736.6 729.1 728.2 734.1 744 755 769.4 788.2 810.4 833.6 852.4 869.7 885.5 898.9 910.9 921 928 931.2 929.5 924.2 919.4 913.5 909.3 907.5 905.5 904.1 899 897.5 894.5 890.7 888.6 883.7 877.9 867.5 856.9 849.5 839 833.1 830.1 835.9 841.9 845.3 852.6 860.7 867.6 872.1 871.3 868.1 863.1 857 849.9 843.1 836.7 828.3 823.5 821.7 823.3 822.1 816.5 808.7 795.9 786.8 774.4 765.2 754.9 743 732.4 725.9 720.2 716.7 712.7
773.5 781 779.4 774.1 765.4 752.7 742.8 735.3 729.4 728.4 739.4 747.5 757.6 775 793.8 814 837.3 857.5 873.1 889 901.5 912.5 921.9 928.2 929 923.5 919.5 916.8 911.6 909.4 909.2 910.6 911.7 911.8 915.1 912.3 908.6 901.6 891 881.6 871.4 859.1 849.7 841.1 836.6 835.6 840.1 843.7 848.8 854.6 863.8 871.3 876.1 878.2 874.8 869.2 863 854.6 846.8 841.4 836.2 833.1 831.9 829.5 827.4 821.6 812.3 801.9 791.9 781.7 769.3 757.3 744.3 734.4 726.4 717 711.6 707.8
780.3 781.9 781.5 775.3 765.6 754 741.8 733.9 729.5 731.1 742 750 761.1 779 796.5 815.7 839.6 858.9 875.1 888.9 901.5 912.1 917.5 920.2 919.6 918.5 918 917.1 913.5 911.9 913.2 916.9 921.7 926.2 928.9 929 924.4 914.2 899.3 887.8 876.4 863.4 852.1 844.7 841.4 839.5 841.8 846.6 852.4 858.2 866.3 874.5 879.6 881.3 879.7 874.3 867.5 858.3 852 846.4 841.9 838.2 839.9 837.5 834 825.9 815.7 807.3 798.2 787.2 774.1 758 743.6 731.5 723.7 714.6 706.9 699.5
782 784.6 781.2 774.6 765.5 753 741.4 733.1 729 735.6 745.8 753.7 768.9 781 798.6 818.2 839.1 857.6 872 886.1 897.4 905.9 909.7 911.9 915.3 914.9 914.2 917.5 915.6 914.8 918.3 927.7 933.6 939.1 942 942.2 936.2 924.8 907.8 892.5 881.4 870.8 858.2 852 847.8 845.9 847.6 849.7 853.9 861.3 869.6 876.8 881 882.3 881.5 878.3 871.9 865 859.5 857 850.7 850.4 848.9 844.9 839.7 831.6 822.6 813.6 803.2 793.1 779 759 742.2 728.5 719.5 711.5 702.5 695
782.5 785.3 780.2 773 762.4 750.4 740.4 732.3 729.2 736.6 747.1 756.6 770.2 781.3 799.4 817.3 837.7 854.1 869.3 880.9 890.7 898.2 899.6 904.1 909.5 911.4 910.7 915.8 918.8 921.2 930.8 939.2 945.7 949.4 951.9 950.2 943.7 930 913.4 896.8 885.4 876.3 868.1 859.7 855.3 850.5 850.8 851.2 857.2 863.8 869.9 878.3 882.2 884.1 884.1 881.6 877.4 873.3 870.4 868.2 863.9 859.5 855.1 849.4 842.7 835.4 827.2 817.4 807.3 795.2 780.1 759.7 741 727.1 720 711.1 702.2 695.3
781.4 781.5 777.2 770.2 758.3 746.4 738.1 736.5 735.3 739.8 747.9 757.8 769.6 781.5 797.3 815.7 833.5 849.9 863.2 873.6 881.3 884.3 884.3 891.4 899.7 906.5 911.6 921.1 928.6 935.9 943.1 949.9 956.8 958.4 959.9 956.8 948.2 934.5 914.2 899.7 889.8 882.6 874.7 865.7 860.6 855.9 850.9 850.4 855.6 862.2 869.7 877.9 882.1 884.8 885.1 883.9 880.6 880.9 878 874.3 870.8 865.2 859.5 850.1 843.6 836.6 829.2 819.2 807.9 795.8 779.2 757.1 738.8 726.7 718.8 710.9 702.7 696.5
779.2 777.1 772.5 764.8 754 740.8 738.1 737.9 737.7 739.7 748.5 757.3 767.9 778.5 794.1 809.4 826.8 844 855.5 863.3 869.4 872.4 874.1 883 895.7 907.7 915.7 925.9 937.4 945.8 952.9 959.1 964.3 966.4 966.1 959.4 949.9 934.7 917.5 903.7 894.2 884.7 875 865.6 859.3 853 848.2 847.9 854 860.9 868.6 876.6 881.5 884.4 885 884.5 882.5 881.1 880.2 875.5 870.8 865.4 859 850.8 844.4 837.2 829.4 820.9 809.9 791.1 776.2 756.1 740.5 728.2 719.4 710.6 703.3 697
775.1 771 766 756.6 746.8 739.7 737.9 738 737.8 740.1 747.4 755.5 765.9 776.1 790.3 805.1 819.9 835.1 847 852.6 859.8 864.6 869.2 879.1 895.7 907.8 921.2 932.7 943.1 952.9 960.4 965.6 970.2 970.9 966.6 958.4 946.4 930.8 914.4 901.3 891.3 881.3 869.3 857.4 850.9 843.9 839.4 837.7 849.9 855.8 864.5 871.9 877 880.9 883.1 881.9 879.6 881.1 878.5 873.2 869.3 863.5 856.7 849.9 843.9 837.3 829.3 820.3 805.7 790.3 775.4 755.9 741.5 728 720.6 711.1 702.9 696.8
769.5 764.2 756.6 747.5 741.5 738.3 737.8 737.8 737.9 740.4 746.6 754.4 763.9 773.6 785.7 799.8 813 826.7 835.3 845.6 853.4 859.2 866.1 878 894.8 914 927 938.2 948.2 956 963.8 971.4 972.3 971.4 963.8 952 936.7 918.5 903.1 888.4 880.9 871.8 857 845.1 836.6 832.4 830.9 829.2 835.5 842.1 855.9 863.2 869.6 874.1 878.4 877.5 875.5 874.1 872.4 869.2 863.9 858.2 854.6 848.7 842.5 836 829.5 819.3 805.9 791.4 773 756.7 743.1 731.6 723.4 713.1 704 697.3
761.9 753.8 746.7 741 737.8 734.8 733.3 735.1 737.9 740.5 747.1 754.2 762.5 771.2 781.7 794.6 806.7 814.8 827.1 838.9 848.2 855.7 867.5 882.4 901.2 917.3 930.7 941.4 950.3 957.2 965 970.2 970.6 964.9 953.3 939.7 921.1 903.3 885.9 867.2 864.6 853.2 841.4 833.2 828.1 820.9 819.8 819.7 825.6 836.1 844.9 852.3 857.2 866.8 872.4 871.8 869.9 867.9 864 860.5 857.6 853.5 850.4 845.7 840 833.8 826.9 817.8 808.1 792.9 777.3 761.4 747.1 738.4 727.7 719.9 708.7 699.9
753.2 745 740.2 736.1 733.3 731.5 732.1 733.3 736.6 741.2 748.6 754 761.2 767.6 776.1 785.9 797.7 807.7 824.1 837.1 847.6 856.9 869 885.5 905.4 922.2 934.3 943.6 950.1 957 963.3 966.9 965.5 956.6 942.9 923.5 904.7 889 874 860.6 847.6 839.2 832.8 824.3 818 812.4 808.4 809.5 816.4 824.4 833.3 840.8 853.4 858.1 862.9 863.4 861.6 858.3 854.3 850.5 847.8 847 844.1 841 835.3 829.3 824.3 818 806.6 793.9 780.8 765.9 754.2 744.8 734.7 722.7 712.6 701.9
742.8 738.1 734.2 731.4 729.5 729.5 730.7 733.6 737.5 741.7 748.8 752.3 757.9 763.6 771.6 780.3 795.6 810.7 823.7 836.6 846.4 857.3 871 888.5 910.8 926 937 944.2 950.5 956.8 960.6 963.3 961.4 950.5 930.9 909.3 894.7 879.5 864.6 849.1 840.3 831 823.5 815.5 809.9 802 793.4 797.2 805.3 815.5 825.4 834.5 839.7 847.8 852 852.7 850.4 845 842.9 840.5 839.6 838.9 837.4 835.2 830.2 827.6 822.6 815.7 806.4 795 784.9 773.3 764.2 753 740.1 725.9 715.7 703.9
736.2 734 731.4 728.6 727.2 728 729.4 732.9 736.7 740.4 745.6 749.7 755.5 762.1 771.4 781.5 796.6 808.9 823.5 836.4 846.5 858.5 873.8 894.5 914.7 927.6 939.2 944 949.7 955.7 959.6 961.4 957.1 945.8 918.8 899.5 885 870 857.8 841.4 831.5 822.6 813.7 806.6 800.7 794.2 787.4 790.7 796.9 806 814.2 822.4 829.9 837.4 840.9 839.3 836.1 832 829.7 829 828.5 827.9 827.8 826.9 824 822 819 812.7 805.9 797.2 789.1 777.8 769.9 757.8 743.7 727.1 717.1 706.8
731.5 731.8 730 728.2 726.3 727.1 729.5 732.2 736 741.1 745.7 750.5 755.3 762.2 773.3 786 797.8 809.9 822.9 835.2 848.2 862.4 878.8 901.3 915.5 929.6 938.8 945.8 950.8 955.9 958.7 960.5 953.6 943 920.1 898.9 881.6 862.9 849.2 838.1 825.3 815.8 807.6 799.4 793.9 788.5 781.4 781.8 786.3 792 802.1 809.7 816.6 822.6 826.8 827.1 824.5 821.2 818.9 817.4 816.5 818.3 818.6 818.1 817.3 817.8 816.7 813.3 807.8 799.6 791.9 781.8 770.2 758.8 743.6 726.1 716.7 706.7
728.7 728.4 726.1 723.3 723.6 726.4 729.2 731.9 736.2 740 745.1 750.2 755.4 763.7 774.6 787.5 799.2 811.1 824.7 837.6 848.7 865.2 882.1 902.4 918.4 930.8 938.2 946.1 952.3 957.8 961.7 963.6 959.7 949.6 930.2 905.6 882.6 864.5 849.4 835.3 821.5 810.8 802.2 795 790.1 783.3 778.1 776.8 776.5 780 791.7 799.2 806.5 811.2 814 815.2 814.1 811.1 808 805.7 807 810.5 812.5 812.1 811.1 812.1 814.1 812.3 810.5 802.9 794 782.6 769.5 753.7 737.7 723.5 711.9 703.8
726.6 724 721.4 719.2 721.6 725.6 728.5 732.1 737.7 740.5 745.7 751.1 756.6 765.5 775.8 789.1 799.3 813.9 826.8 838.4 850.3 862.6 881.8 902.6 916.6 928.2 939.2 947 951.8 963.1 970.4 969.4 963.3 956.3 933.9 910 884.8 864.1 851.7 836.4 821.5 808.6 799.7 792.7 787.2 782 776 770.6 769.7 772.5 782.6 788 795.6 801.7 804.2 805.3 803.4 802.9 799.9 796.1 795.8 800.5 803.4 803.8 805.1 807.3 812 813.1 811.9 807 796.2 784.2 770.2 750.5 731.5 719.8 707.7 700
724.6 720.9 719.1 719.8 722.8 726.4 729.1 731.2 738.4 740.8 747.2 752.8 758.2 766.6 775.4 789.7 799.4 812.6 826.2 837.1 848.9 860.3 882.1 904.8 916.9 929.2 938.6 949.4 960.9 970.2 972.5 972.1 964.3 951.8 931.5 907.1 881.6 867 853.2 837.1 822.3 808.8 799.1 791.7 785.7 780.2 773.2 770.2 766.9 767.4 773.2 781.3 786.5 791.6 794 795.4 793.9 793.5 790.8 786.8 786 789.8 793 795.8 797.9 801.5 809.9 812.8 812.8 809.2 798.6 783.3 764.7 743.8 729.2 717.7 705.4 698.2
