data/280000-910000.asc
ncols 200
nrows 200
xllcorner 280000
yllcorner 910000
cellsize 50
[rows 35 to 69 of 200, columns 0 to 77 of 200]
253.5 252 249.8 248.4 247 243 244 243.9 243.1 242.6 240.5 239.8 242.7 245.4 247.6 250.6 253.5 255.1 255.4 256.1 258.3 259.7 260.7 261.6 262.4 263.5 265 266.3 267.5 269.6 271.7 272.8 273.5 274.2 275.2 276.6 277.5 278.1 278.6 279.2 279.7 279.7 280.5 281.5 282.3 282.9 283.6 283.7 285.8 287 288.8 290.2 290.5 290.3 290.8 291.4 293.5 295.1 296.1 296.3 296.3 296.7 294.7 293.1 291.1 288.1 283.8 278.9 271.6 263.9 255.5 249.7 241.9 233.1 226.2 218.1 212.2 210.4
253.5 252 250.7 249.7 248.5 245.2 241.1 242.2 242.5 240.9 241.4 242 244.1 247.1 249 250.2 252.9 254.4 254.7 255 256.9 258.7 259.9 260.7 261.5 262.4 263.7 264.8 266.3 268.5 270.6 272.2 272.8 273.5 274.5 275.2 275.7 276.3 276.8 277.4 277.5 276.9 276.6 277.3 278.2 278.9 279.3 281 282 283.2 284.3 285.6 286.7 287.8 288.4 289 291 291.9 293.2 293.3 293.6 294.6 293.7 291.4 288 284.5 280.4 274.5 268.4 260.8 256.1 249.4 242.6 233.7 221 213.1 210.4 208.2
253.6 251.6 250.8 249.5 248.3 247.3 244 241.9 240.5 239.8 242.7 244.3 245.7 247 247.2 248.3 251.3 254.4 254.4 254.3 255.6 257.2 258.8 259.9 260.5 260.9 262.1 263.2 265 267.3 269.5 271.2 271.8 272.4 272.3 273.2 273.9 274.5 275 275.1 274.6 274 273 273.6 274.1 274.8 275.4 275.8 277.2 278.9 279.8 281.8 283.3 284.5 285.3 286 286.7 288.2 290 290.2 290.6 291.4 291.6 288 284.8 281 276.6 270.1 264.2 258.1 253.8 249 242.2 231.1 219.4 211.8 208.6 205.6
253 251 249.3 248.6 247 245.6 243.7 243.1 243.9 238.9 241.8 244.4 245.6 246 246.3 248.1 250.3 252.7 252.9 253 253.7 255.1 256.8 257.9 258.5 259 259.8 261.5 262.8 265.7 268.2 269.7 270.3 270.2 270.2 270.2 271.1 272 272.8 272.3 271.8 271.1 270 269.9 270.5 269.9 269.2 270.5 271.3 272.6 275.5 278.4 280 281.2 281.8 282.5 283.2 284.2 284.9 284.9 284.9 286.2 286.4 285 282.8 278.7 274 268 261.7 255.1 250.8 245.9 237.8 226.8 216.8 210.2 205.6 206
251.8 250.2 248.5 247 245.3 245.1 241.9 239.7 241 240.1 241 242.9 245 245.2 245.6 246.6 249.4 250.4 250.9 251.9 252.8 253 254.6 255.6 256.4 257 257.6 259.3 260.9 263.7 266.6 268.2 268.5 268.3 268.1 268 268 268.8 269.5 269.6 268.9 268.2 267.1 266.3 266.2 265.4 264 265 266 267.7 269 272.5 274.9 277.2 278.1 278.7 279.2 279.8 280.7 281.1 280.7 280 280.4 280.1 277.7 275.9 271.4 266.8 260.9 254.6 246.5 237.2 230.5 222.9 216 210.1 205.1 206.9
251.4 248.7 246.5 244.8 243.8 243.5 243.1 240.6 239.1 239.2 239.5 241.6 242.6 244.1 243.9 245.5 247.2 248.6 250 250.8 251.6 252.4 252.4 253.3 254.2 254.9 255.6 256.4 258.7 261.4 264.8 266.2 266.5 266.5 266.4 266.2 265.8 265.5 266.2 266.9 266.3 265.4 264.3 263.2 262.5 261.8 259.9 260.7 261.9 264.1 264.9 268.4 270.1 272.3 274.3 274.9 275.4 274.5 275.6 277.5 277.5 277.3 277.1 277.5 274.9 270.8 268 264.2 259.7 252 241.1 231.7 224.5 216.8 210.8 206.2 207.5 209.2
251 248.4 245.4 243.5 242.6 241.4 241.3 240.8 237.8 236.2 239.7 240.1 241 242.7 242.4 243.9 245.8 247.9 249.7 250.6 250.5 251.4 251.9 252 252.3 252.8 253.4 254.1 256 258.8 262.1 264.2 264.5 264.8 264.6 264.2 263.8 263.9 263.2 263.9 263.9 263.1 261.9 260.6 259.9 259.2 257.5 257.9 257.4 258.1 259.8 263.9 265.5 267 268.4 271.6 272.6 271.2 270.4 271.1 271.3 272.1 274.1 274 271.9 268.9 265.2 260 251.2 241.1 235.2 227.5 221.3 214.3 208.2 206.4 208.6 211
249.9 247.1 244.1 241.5 240.4 239.3 238.9 238.8 236.9 237.7 239.8 240.6 240.7 241.7 241.5 242.8 244.4 246.4 248.4 248.4 249.1 250.1 251.2 251.5 251.7 252.2 252.7 253.2 253.1 254.9 258.5 261.4 262 262.7 262.8 262.4 262.5 262.5 261.7 260.9 261.3 261.6 260 258.7 257.2 256.4 254.9 254.6 253.8 253.9 254.9 258.3 261.6 262.4 263.7 266.2 270.7 269.8 267.8 269.3 267.9 266.2 263.8 262.3 260.2 256.2 252.3 247.6 241 234 227.3 222.3 217.4 211.9 208 208.1 209.7 212
247.7 245.2 241.5 239.4 238.3 237.4 236.8 237 235 236.3 239.7 239.9 240 242.8 244.8 245.6 246.4 247.3 246.3 246.8 247.8 248.9 250 250.9 251.1 251.6 252.1 252.4 252.2 252 254.5 257.7 260 260.7 261 261 261.1 261.1 260.4 259.6 258.8 259.8 259 257.1 255.4 253.7 253.1 252 250.4 249.7 249.6 252.8 255.3 256.9 259 262 263.5 268.1 265.4 265.5 263.9 262.2 261 258.5 255.1 251 248 242.2 235.8 228.7 222.3 218.6 215.6 211.7 208.7 209.2 210.5 213.7
245.2 243.2 240.6 238 235.9 235.5 233.6 235.1 237 237.4 238.6 239.2 241.6 243.8 246 246.8 247.4 248 248 248.6 248.9 249.1 249.3 249.9 250.5 251 251.5 251.4 251.3 250.8 250.5 253.3 256.1 257.8 258.7 259.6 259.7 259.7 259.2 258.3 257.9 258.1 257 255.6 253.7 250.5 249.1 249 247.9 246.3 245.5 246.6 248.4 251.4 254 258.3 259.3 262.2 263.6 262.6 261.6 258.6 259.6 258.9 254.8 246.9 243.6 236.1 230.7 224.8 220 217.3 214.5 211 208.6 209 212.2 216.2
243.2 241.1 238.4 236.3 235.3 232.4 234.5 234.5 235.6 237.4 239.3 240.6 242.8 244.9 247.1 248.1 248.8 249.4 249.3 249.1 249.6 249.8 250.1 250.2 250 250.4 250.7 250.5 250.2 249.6 248.9 249.2 251.8 254.3 255.4 256.9 257.8 258.3 257.9 257.4 256.8 256.3 255.1 253.6 250.5 246.6 244.5 244.2 245.6 243.7 241.9 241.2 241.6 246 249.2 253.7 256.1 255.8 259.8 258.6 255.9 254.3 254.4 252.9 250.2 245.2 237.8 231.9 226.6 221.5 218.9 216.2 212.9 209.9 208.4 211.4 215.6 221.9
241.5 238.9 237.5 236.2 235.5 232.8 234.8 234.9 236.8 238.3 240.2 242 243.9 246 248.2 249.4 250.1 250.6 250.5 250.3 250.2 250.3 250 249.7 249.4 249.8 249.8 249.6 248.9 248.3 247.6 246.9 247.6 250 252 253.4 255 255.9 256.2 255.9 255.7 254.4 253.2 251.3 248.8 244.9 240.6 239.1 240.7 237.8 236.8 236.3 235.6 237.5 242 245.5 248.8 251.1 253 254.1 251.9 247.7 248 247.6 245.3 241.8 233.3 228.6 223.4 219.6 217.7 214.8 210.9 210.6 212.5 215.1 221.7 227
240 238.7 237.4 236.8 236 232.2 234.8 236.2 237.7 239.3 241.1 242.9 245.3 247.1 249.3 250.8 251.3 251.9 251.7 251.4 251 249.9 249.4 249.1 248.9 249.1 248.9 248.1 247.4 246.7 246.1 245.5 246.1 246 248 249.6 251.5 253 254.2 254.7 254.7 252.9 250.7 249.1 247 244 238.6 236.9 235.8 234.8 233.8 233.2 233.4 234.3 235.8 241.6 244.7 244.6 245.3 247.4 247.5 242.8 243.2 241.3 238.5 237.6 230.2 223.9 220.4 216 213.7 215.9 212.9 214.5 216.9 220.6 227.2 232
239.6 238.5 237.5 236.3 235.1 232.7 234.8 237 238.7 240.2 242 244.8 246.9 248.8 250.6 252.1 252.6 253.1 252.6 252.3 251.5 250 249.2 248.5 248.4 248.2 247.8 246.8 245.9 245.2 244.6 244 244.1 243.4 244.4 245.8 247.6 248.4 250.4 253 252.7 251.9 249.1 246.1 243 239.6 237 234.9 234.7 233.2 232.7 232.1 231.9 231.7 232.7 235.3 240.6 240.5 242 239.6 240.8 239.4 237.1 234.7 231.6 230.3 229.3 221.7 215.9 216.4 219.2 218.7 217.3 219.9 222.2 224.5 232.3 236.9
238.7 237.8 235.1 234.9 231.9 233.9 237.3 238.6 239.8 241.2 243.9 246.6 248.5 250.3 252.1 253.4 254 254.3 253.6 253.2 252 250.1 249.3 248.2 247.1 246.7 246.2 245.3 244.5 243.7 243 242.7 242 241.2 241.3 242.4 243.7 244.3 244.8 248.3 249.1 248 244.2 240.1 238.4 236 235 233 233.2 232.6 233.7 232.8 232.3 231.5 229.9 230.4 231.7 234.7 234.3 233.6 231.3 231.4 231.6 230.8 228.4 225.2 224.5 221.1 217.3 222.6 222.6 222.6 222.6 225.6 227.4 228.8 235.3 241.6
237.7 236.7 234.5 232.1 234.2 235 238 239.9 241.2 242.6 245.1 248 249.9 251.7 253.5 254.8 255.3 255.4 254.7 254.1 252.6 251 249.4 247.7 245.9 245 244.5 243.7 242.9 242.7 241.7 240.7 239.9 239.1 239 239.1 240.2 239.8 240.5 242.1 242.9 243.3 239.9 237.9 236.5 236.1 237.7 240.9 243 240.6 239.4 241.6 237.4 234.6 233.5 232.9 231.9 229.9 229.8 231 227 225.3 224.2 225.1 224.1 221.2 218.2 220.4 226.1 229 229.1 227.7 225.7 228.5 231.8 232.6 237.2 244.2
236.8 235.8 234.3 232.3 235.4 236.5 238.1 240.3 242.2 244 246.2 249.3 251.3 253.1 254.9 256.1 256.6 256.5 255.8 255.2 253.7 252.2 250.6 248.5 245.9 244.5 242.7 242.2 242.7 241.8 241.2 240.8 238.3 237 237 237.3 237.2 237.1 237.8 238.3 238.6 239.3 238.9 238.7 238.3 240.5 244.3 246.7 246.7 248.4 248.9 248.1 246.8 244 243.4 243.8 239.5 236.1 233.4 234.2 233.8 231.1 229.1 224.1 222.3 223.5 226.6 230.1 235.5 237.6 236.5 234.7 231.4 232.3 235.6 238.2 242.5 249.5
236.3 235.4 235.2 231.9 235 238.2 239.7 240.9 244 246.2 248.4 250.7 252.6 254.5 256.3 257.5 258 257.9 257.4 256.5 255.5 253.6 251.1 248.6 246.1 244.6 243.2 241.7 242.1 241.5 241 240.2 237.7 236.5 235 235 235 236.3 236.9 237.5 237.9 238.6 240.2 240.8 244.3 246.3 250.6 253.5 252.7 253.3 252.9 252.7 252.9 253 253.1 251.6 248.5 246.5 245.5 243.5 242.9 238.4 235.8 234.6 234 237.3 241.4 243.3 243.2 245.2 243.7 240.7 237.2 240.6 242.1 246 249.4 252.3
235.9 235.5 234.1 234.2 236.6 238.3 240.1 243.8 245.8 247.9 250 252.3 254.7 256.3 258 258.8 259.3 259.6 258.9 257.9 257 255.2 252.7 249.4 246.1 244.7 243.4 240.7 239.2 240.1 240.1 239.4 238.3 237.2 236 234.9 234.1 235.4 235.9 236.6 238.8 239.8 241.5 245.6 250.7 254.7 258.6 261.1 262.2 261.1 260.5 260.1 261.6 262.5 261.4 260.5 258.8 257 257.4 256.6 255.6 253.8 251.7 251.9 250.1 251 253 253.1 252.5 251.4 248.6 245.4 243.9 244.9 248.9 252.8 254.6 256.2
234.5 234.5 232 233.6 236.7 238.3 241.6 244.8 247 249.2 251.6 253.9 256.3 258.7 260 260.9 261 261.1 260.5 259.5 258.2 256.4 254.1 251.5 248 245.2 243.8 241.6 239.5 237.8 238.3 237.2 237.2 235.4 234.8 234 233.9 234.6 235.2 237.4 240.1 242.2 244.4 251 255.8 259.1 262.5 265.1 267.7 269 269 268.6 269 269.8 268.7 265.8 266.7 268.2 268.7 268.1 267.2 265.5 263.8 263.2 262.2 262 262.9 263 261.9 258.5 253.7 250.8 248.9 248 252.7 255.9 257.8 260.6
233 233 232.4 231.5 236.1 239.4 242.4 245.3 248 250.3 252.5 254.8 257 258.9 261 262.8 263.1 262.7 261.9 261 259.4 257.6 255.5 252.7 249.5 246.8 244.4 242.8 241 237.9 236.1 235.1 234.3 234 233.8 233.7 233.5 235 236.8 239.6 242.5 244.7 251.8 256.6 260.1 263.5 266.2 268.7 271 272.7 273.9 274.3 275 276.7 276.9 275.6 276.7 276.8 277.4 276.7 275.9 275 272.8 271.1 269.7 269.3 268 267.1 265.6 263.3 258.1 254.2 252.7 251.8 254.8 258.9 261.7 263.6
230.1 229.1 229.9 234.1 236.3 239.3 242.3 245.3 248.5 250.8 253 255.1 256.9 258.8 261 263.1 264.4 264 262.9 261.5 259.9 258.1 255.9 253.3 250.7 247.6 245.3 243.8 241.6 239 237.8 237.9 237.6 235.2 233.6 233.5 233.3 236.8 240.7 247 250.1 252.4 255.4 258 262 266.1 269.4 271.4 272.5 274.1 275.9 277.4 277.6 279 280.3 281.1 281.2 282 282.8 283.2 283.2 283 280.2 277.7 276.6 274.8 271.6 268.2 266.3 264 259.1 257.8 256.2 256.3 256.8 259.7 262.9 264.6
230.5 231.6 233.1 235.8 237.1 239 242.2 245.5 248.8 251.2 253.2 255 256.8 258.8 260.9 263 264.7 264.7 263.3 261.8 260.4 258.5 256.3 253.7 251.1 248.1 244.6 242.5 241.1 239.8 239 238.6 236.9 235.6 233.8 233 234.4 238.8 245 249.5 253.1 256 258.3 260 263.2 267 270.9 272.6 274.2 275.5 277.2 278 278.8 279.8 282 284.6 284.5 285.9 287.5 287.6 287.9 287.5 284.8 282.8 280.7 278.6 276.1 271.8 267.5 264.3 262.4 260.2 259.9 259.7 257.8 261 263.8 266.3
230.5 230.8 232.8 234.9 236.7 240.2 242.5 245 248.4 251.2 253.1 254.9 256.7 258.8 260.9 263 264.7 264.9 263.9 262.3 260.7 258.9 256.6 253.6 250.6 248 243.4 242 241.3 240.3 239.1 237.8 237 236.1 234.2 233.9 236.9 240.6 246 250.3 254.2 257.1 259.6 261.6 263.9 267.2 271.1 273.7 275.3 276.9 277.8 278.6 279.6 280.5 281.5 285.7 287.3 287.1 287.1 287.5 287.5 286.7 286.2 285.5 284.1 282 279.7 275.8 269.9 266.5 265.1 264.3 263.7 264.4 262.2 263.2 265.6 268
230 230.6 232.6 234.1 237.3 240.4 242.6 244.9 248 251.1 252.5 254.6 256.6 258.6 260.5 262.3 264.4 264.9 264.6 262.6 260.4 258.3 255.5 253 250.2 247.2 243.6 242.3 241.3 240.4 238.7 237.2 235.5 235.7 234.1 236.1 238.9 242.5 247 251.2 255.4 259.5 260.6 262.1 263.6 266.5 270.5 273.9 276 277.3 277.8 279 279.9 280.9 281.9 284.6 286.9 286.8 286.7 287 286.8 286.2 285.7 285.3 284.7 283.5 281.2 276.4 272.2 268.7 267.6 267.1 266.7 265.9 264.3 264.6 267.1 269.6
229.1 231.3 233 234.3 236.6 240.4 243.1 246 249.1 250.9 252.3 253.6 256.3 257.6 259.3 261.2 263.2 264 263.4 261.5 259.4 258.1 254.6 252 248.8 246.2 244.2 242.3 240.4 238.9 237.1 236.1 234.8 232.2 233 237.6 240.3 244.1 248.9 253.2 256.5 260.8 261.6 262.9 264.4 266.4 268.9 272.7 275.8 276.7 277.3 278.8 279.4 280.4 281.3 282.4 285.9 286.6 286.4 286.5 285.8 284.8 284.2 284.2 284.5 284.1 282.9 278.5 274.6 272.6 270.3 269.9 269.3 267.5 266.4 265.9 268.2 270.7
230.1 231.8 233.7 235.2 237.5 240.8 244.1 246.4 248.7 250.5 252.2 254.2 256 257.3 258.6 260 262 262.4 262.1 260.8 258.6 257.3 254.2 251.1 248.4 246.6 243.8 240.6 239 237.4 235.9 233.9 232.5 234.9 236.9 238.6 242.4 246.5 252 255.2 256.7 259.5 262.6 263.9 265.4 268.2 268.9 271.3 273.8 275.7 276.3 277 279.6 279.8 280.2 281.1 282.3 284 284.9 284.5 283.7 283.2 282.6 283 283.6 283.6 281.5 276.6 274.6 273.8 273.7 272.7 270.3 267.2 266.4 268.1 271.5 273.1
229.9 231.3 233.3 235.4 239 241.4 243.9 246 248.3 250 252 254.3 255.6 256.9 258.2 259.6 260.7 261.1 260.5 259.4 258 255.8 253 250.1 248.6 246.5 242.4 239.5 237.9 236.4 234.8 234.2 233.1 232.5 235 238.6 243.2 247.8 251.3 254.3 256.3 259.4 263.5 264.9 266.4 267.8 268.8 270 272.3 274 274.9 275.8 277.1 278.7 278.9 280.1 280.5 280.2 281.3 281.5 281.4 280.5 279.6 279.2 279.3 278.9 276.4 274.3 273.4 273.3 273.2 271.8 268.9 266.6 267.3 268.7 271.5 272.5
229.3 230.7 232.6 236.2 238.4 240.8 243.8 245.8 247.9 249.8 251.9 253.8 255.1 256.4 257.7 259.4 259.7 259.8 258.8 257.7 256.7 254.9 252.1 249.7 248.4 246.9 241.1 238.8 236.9 235.4 233.7 233.2 232.3 229.7 234 238.2 243.7 248.8 252.3 254.9 257.4 260.2 262.7 264.9 266.4 267.8 269 269.9 270.8 272.3 273.2 273.8 274.5 275.2 275.3 276 277.2 277.1 276.8 278.5 278.9 278.9 276.2 274.4 274 272.1 273.2 271.5 271 270 269.7 267.9 266 264.9 265 265.2 266.8 271
228.8 230.3 232.8 236.7 238.9 240.4 243 245.7 248.2 249.9 251.8 253.3 254.6 255.9 257.7 258.6 258.8 258.1 257.1 256 255.1 252.3 250 248.7 247.9 244.7 240.4 238.3 236 234.4 232.7 232.2 231.2 229 233.9 238.4 243.5 248.2 252.7 255.5 258 260.1 262.5 264.8 265.7 267.3 268.9 269.8 269.7 270.2 270.8 271.5 272.3 271.6 270.2 270.8 272.6 272.5 272.7 274.1 275.4 274.7 272 270.9 268.4 265.6 266.9 269.2 267 265.9 264.9 264 264.5 262.9 262.3 262.3 266.7 269.3
227.6 229.8 232.6 236.1 238.8 239.6 241.1 243.6 247.1 249.8 252.3 252.8 254.2 255.9 257.7 257.6 257.5 256.4 255.5 254.7 252.5 250 249.1 247.3 245.7 242.5 238.5 237.4 235.4 233.4 231.6 231.2 228.7 231.2 234.8 238.7 243 247.1 251.8 256 258.1 259.7 261.8 264.3 265.1 265.9 266.7 267 267.4 267.8 268.4 269.4 269.7 268.1 266 265.8 266.1 267.6 268.6 270.7 271.3 270.5 267.9 266.3 264.2 261.8 261.1 262.7 262.1 260.9 260.4 261.8 260.4 258.1 257.1 260.8 264.7 267.2
226.4 227.8 230.4 234.4 237.7 238.1 238.7 242.6 246.1 249.7 251.2 252.1 254 256 256.7 256.5 255.9 255.3 254.3 252.1 250.1 247.9 246.9 245.1 243.3 239.8 236.6 234.3 233.1 231.7 230.4 228.8 226 231.6 235.5 239.3 243 246.4 251.4 255.6 258.8 259.4 261.3 263.9 264.7 265.6 266.1 266.5 266.8 267.2 267.3 267.3 267.3 266 264.7 264.1 264.3 264.6 264.9 265.9 267.6 266.2 264 262.1 260.6 260 259.8 259.2 258 257.1 256.5 257.2 257.3 253.2 255 258.2 261.4 264.1
223.7 226.7 228.8 232.2 235.5 237 237.8 241 245.1 248.5 250.2 251.2 252.3 255.1 255 255.4 255 253.9 252 250.1 248.4 246.1 243.2 240.6 238.7 237 234.9 232.5 230.4 229.6 228.9 227.7 226.8 230.8 235.4 239.2 242.3 246.5 249.8 253.2 256.3 258.3 260.5 263.5 264.4 265.1 265.5 265.8 266.2 266.6 266.6 266.7 266.8 265.5 263.8 263.7 263.8 263.4 263.7 264.2 264.2 263.8 262.7 260.3 258.6 258.1 257.4 256.6 255.3 254.7 254.9 254.8 254.2 252.4 252.9 254.9 256.9 259.3
224.1 226.2 228.3 230.6 234.5 235.8 237 239.4 243.3 246.9 248.8 250 251.2 253.2 253.7 254.2 253.9 252.9 250.5 248.3 246.8 244.6 242.6 240.3 238 234.5 233.1 230.6 228.8 227.9 227.2 225.2 228.9 232.1 235.1 239.6 243.9 246.9 248.8 251.1 253.6 255.8 258.1 261.5 264.1 264.5 264.8 265.2 265.6 266 266.1 266.2 266.3 265.5 263.9 263.5 263.5 262.3 262.9 263.6 263.3 262.9 261.8 259 257.1 256.5 254.2 253.8 252.7 252.6 253.5 253.5 252.9 251.7 251.3 252.6 253.9 256.7
223.3 226.1 226.2 230.3 233.8 235.3 236.9 238.1 241.5 245.3 247 248.3 250.1 252.1 252.6 253.1 253 252.9 250.5 248 245 243.1 241.2 238.5 235.8 232.9 231.1 229 227.3 226.6 225.1 224.7 228.9 232.4 235.6 239.4 242.6 245.8 248.6 250.8 252.7 254.5 256.2 258.5 262.2 263 263.7 264.5 265.3 265.8 265.8 265.8 265.8 265.6 264.1 263.7 263.3 261.3 262.2 263 262.9 262.6 261.2 258 255.8 254.5 253.5 254.2 254.2 250.8 250.1 251.9 251.4 249.9 249.8 250 251 254.6
