data/280000-640000.asc
ncols 200
nrows 200
xllcorner 280000
yllcorner 640000
cellsize 50
[rows 105 to 139 of 200, columns 79 to 157 of 200]
78.2 69.2 70.6 57.5 57.8 72.8 76.6 81.4 86.5 91.4 96.1 102.1 109.5 118.5 126.7 133.9 137.3 139.6 143.3 146.7 152.1 160.8 166.5 168.4 170.8 176.2 179.2 180.2 180.1 179.9 180.8 183.5 184.5 183.8 180.8 178.8 176.7 171.2 163.3 155.9 147.9 147.5 147.8 145.2 139.3 136.1 134.6 134.4 127.2 124.7 126.8 130.6 135.8 144.1 162.6 176.9 183.4 185.8 187.9 185.8 179.8 164.5 127.8 124.7 160.4 171 171.5 168.3 160.4 137.8 119.5 121.3 122.4 123 149.7 164.4 166.6 163.2 157.4
88.9 87.2 79.9 77.5 60 57.8 71.4 77.5 83.7 86.7 90.6 95.8 102.4 111.2 119.3 125.5 129.2 133.2 137.5 142.3 147.4 153.4 160.3 163.2 166.5 170.2 174.6 176.5 176.7 177 177.9 180.3 182.5 183.4 180.2 176.7 174.5 174.1 168.3 161.3 158 155.5 152.8 146.9 142.2 139.5 137.8 137.4 133.4 125.2 123.9 128.3 132.8 139.3 155.8 169.3 176 179.6 179.1 159.8 144.6 119.6 123.5 156.5 165.1 167.9 163.9 159 143.5 123.2 122.4 126.4 124 142.1 164.3 172.2 178.9 182.8 178
84.5 94.5 90.5 82.8 78.2 60.9 61.4 75.6 79.7 82.2 84.8 89.4 95.2 103.4 111 118.6 122.1 126.1 130.5 135.4 140.5 146.9 153.2 156.2 159.8 165 169.4 171.8 172.9 173.5 174.1 174.8 178 181.7 179.4 176.4 172.9 173.3 173 165.3 165 166.2 160.3 154.7 148.4 144.6 140.4 136.1 133.9 129.3 124.8 124.5 128 133.6 151.6 159.9 167.5 172.6 157.7 110.3 119.4 136.3 163.1 168 164.8 164.9 155.7 149.2 145.8 127 130.9 144 158 165.2 174.5 180.4 187.7 190.8 188.4
91.1 95.6 96.2 88.1 81.1 78.2 58.2 69.2 78.3 81.3 82.1 85.4 89.4 96.5 102.2 112 117.3 120.3 124.9 128.5 133.2 139 145.3 150.3 154.9 159.8 164.1 167.2 169.1 169.9 170.6 171.3 173.3 175.4 176.6 175.6 174.4 171.9 170.3 168.5 168.9 170.1 168.8 163.5 157.9 152.8 146.8 140.4 132.5 129.6 127.8 126.1 125.5 126.4 140.7 152.9 160.6 165 153.4 107.2 148 156.7 166.1 163.3 157.3 151.5 147.9 148.9 143.4 137.8 145.6 157.6 168 176.7 181.7 187.7 191.9 191.2 189.9
92.9 96.2 96.4 91.4 85.9 80.3 69.2 58.1 79.5 82 83.8 83.1 84.9 91.1 98.3 106.2 111.5 115.8 119.1 121.8 126.7 131.6 135.9 143.7 147.6 151.6 157.9 160.8 163.6 166.3 167 167.7 169.4 171.4 173.9 175.5 175.6 173.9 171.5 171.8 172.9 175.6 173.3 169 164.8 161.2 154.6 146.9 139.1 130.6 130.2 129.9 127.9 125.7 131.1 146.6 152.5 154.2 139.3 106.4 147.3 159.1 161.6 150.8 146.9 144 148.3 149.6 141.6 151.9 159.4 168.4 176.2 179.8 184.2 191.1 191.8 191.8 191.1
96.9 98.8 96.9 94.3 89.6 86.7 83.5 62.6 57.9 79.9 82.6 83.8 82.6 86.6 93.5 100.3 105.4 109.9 113.8 116.5 119 124.4 129.4 137.1 141.7 145.6 149.9 152.6 156 159.4 162.1 164 165.3 167.5 170.2 172.3 173.8 173.4 169.6 169.3 170.7 173.2 169.7 167.1 166.1 166.1 159.7 153 145.2 133 130.4 130 129.9 128.6 126.3 135 139.3 138 108.2 126.9 148.3 152 143.1 137.3 140.5 145.8 150.2 152 148.8 160.1 170.7 178 178.6 183.2 186.4 191 191.1 192.3 193.2
99.1 100.7 98.5 95.5 92.9 92.8 93.1 78.3 60.8 57.9 71.8 77.1 79.6 82.1 88.3 94.4 99.8 104.2 108.4 111.4 114 119.1 124.2 128 134.5 138.6 142 145 148.7 152.3 154.7 157.3 160.5 163.3 166.5 168 168.6 168.2 166.8 166.2 169.9 168.5 165.4 162.8 163.2 162.7 160.3 157.7 151.8 140.2 132.3 138 133 127.4 125.9 128.5 131.1 110.7 109.4 133.8 142.4 141.8 131.2 127 141.9 148.1 152.9 159.2 158.9 163.7 176 180 182 185.7 189.4 192.2 193.5 194.2 194.9
112.8 106.5 105.5 102.3 96.7 94.4 98.2 90.8 80.5 71.4 62.9 58.2 61.4 77.7 82.9 88.6 94.1 98.6 103.1 106 108.9 115.4 118.9 123.6 126.8 130.3 133.8 138.2 142.6 146.1 149.6 151.5 154.2 157 160.8 163 163.3 162.9 163.1 162.4 166 161.2 158 158.7 158.8 157.2 155.5 156.2 151.4 144.9 136.8 139.7 136.8 126.5 124.8 129 129.9 115.5 101.2 125.4 130.1 121 114.7 123.9 148.3 156 159.8 163.5 167.5 166.8 174.8 181.4 186.1 188.6 191.8 194.5 195.9 195.7 196.7
121.6 117.8 112.9 107.2 103.5 98.2 100.4 102.3 93.3 82.6 76.9 76.1 65.4 61.5 76.9 83.4 88.6 93.5 97.5 99.3 104 109.3 114.1 119.1 122.4 124.3 127.5 133.2 138 140.9 143.5 144.8 147.1 149.7 154.4 155.7 156.4 157.5 157.4 158.7 157.7 154.5 152.9 154.8 154.8 153.5 152.9 151.2 147.6 146 144.5 142.2 139.3 131.2 122.4 128.1 128.2 110.7 103.6 101.7 105.7 108.3 117.2 140.9 152 163.2 165.7 169.5 175.3 176.4 176.3 180.5 185.3 188.9 192.6 196.1 196.1 196.1 196.7
130.8 124 119.1 114.9 109.4 105.1 101 101.4 99 83.4 80.4 83.1 80 66.8 63.1 76.7 82.9 87.7 91.4 94.6 98.5 103 107.2 112.6 115.4 118.6 123 129.1 132.4 135.4 136.9 136.1 138.5 142 145.4 146.8 149.7 151.4 152.2 154 152.9 150.1 149.3 151.8 149.5 146 146.3 144 141.2 141.6 142.2 141.5 138.9 130.4 115.1 117.5 109.1 105.7 101.7 100.5 101.5 104 126 148.8 161.5 172.5 178.4 178.3 181.9 184 182.8 183.5 185.4 189.6 193.7 196.1 196.1 194.8 195.6
137.5 132.7 126.6 121.8 117.7 113 106.4 101 94.1 84.9 85.4 84.9 84.8 80.3 68.5 63.4 63.7 70.2 72.3 73.2 80.2 88.9 102 107.5 110.3 113.6 118.3 122 125.5 128.5 131.5 130.7 131.6 134.5 136.3 139 142.5 144.2 146.3 147.8 147.8 144.5 143.5 146.8 142.7 138.6 139.4 137.4 136.7 136.5 137.7 138.1 132 121.9 109.3 103.7 99 99.3 99.4 100.2 97 106.8 130.7 154.2 169.1 176.1 181.5 184.4 186.7 188 186.6 188.1 188.6 191 193.8 196.1 195.8 194 195.7
144.2 139 133.9 130.4 125.7 120.9 115 108.4 100.9 94.6 89.8 87.6 88.6 86 77.3 69.6 73.2 72.6 70 61.2 65.5 67.4 91.2 103.9 106.3 108.6 111.8 115.2 116.2 119.5 122.2 124.1 125.9 127.3 129 131.9 135.1 137.5 139.6 139.4 138.2 135.9 136.6 137.4 134.3 133.3 132.9 133.3 133.1 135 134.9 131.7 121.8 111.2 100.6 96.9 95.8 95.8 96 103.7 120.9 127.5 136.5 155.9 168.8 177.7 183.4 186.9 188.4 189.6 189.7 192.1 194.5 193.2 193.7 195.7 194.5 194.2 197.8
149.7 146.6 142.9 139.4 134.4 128 122.5 112.2 107 99.1 93.3 92.6 91.8 87 82.2 80.1 85.4 86.4 83.1 81 61.5 65.1 78.7 98.2 103.5 104.8 107.3 109.8 110.7 111.4 113.2 115.6 116.6 116.9 115.8 122.1 123.5 121.6 131.1 130.7 129.6 129.1 129.7 129.2 130.1 127.1 126.2 125.9 128.8 132.2 131.9 126.6 110.5 98.9 94.6 96.4 96.3 97.2 97.8 107.1 125.5 129.2 135.8 155.3 167.1 177.5 182.5 185 187.1 188.7 190 192.8 194.6 193.4 192.7 193 192.2 193.7 196.6
156.1 154.6 151.2 147 142.8 135.4 129.1 119.3 112.1 106.5 99.6 95.6 93.9 92.1 87.4 83.9 86.5 89.1 89.8 88.4 80.9 63 66.8 79 97.4 101.8 104.3 103.9 104.2 102.9 104.9 105.3 95.9 94.9 98.6 111 116.6 116.1 117.4 122.3 124.7 123.7 124.2 124.3 123 120.9 120.1 119.9 120.2 121.3 127.3 119.3 98.1 95.3 95.5 95.6 96.1 97.7 99.3 109.2 123 129.3 134.4 146 161.1 173.5 178.3 182.9 185.1 188 189.4 189.3 191.3 191.1 189.2 189.6 190 192.5 195.1
160.8 160.2 156.7 151.8 146.5 138.5 134 125.1 118.2 113.7 107.1 103.8 99 95.9 91.4 86.8 85.7 91.3 94.8 95.4 94.8 79.4 63.6 64 64.6 72.9 70.3 84 84 83.9 86.1 90.6 91.5 96.7 119.6 127.5 130.8 126.6 118.9 119.5 119.8 119.3 119.5 119.5 115.1 117.7 118.4 115.9 111.9 116.8 116.6 101.1 94.4 94.9 95.2 95.3 96.4 98.1 106.3 111.4 121.2 132.7 144 149.8 156.1 163.6 173.2 178.5 183.3 185.6 187 186.5 186.9 187.1 185 187.1 188.2 190.1 193.5
165.9 164.8 161.2 158 150.2 149.8 139.8 130.5 127 122.4 114.5 108.5 105.1 100.4 95.1 90.3 87.6 90.3 100.1 103.4 104.5 97.7 94.8 90.9 96.9 86.4 95.4 94.6 93.3 93.8 94.4 98.1 93.6 91.3 116.2 126.6 123.3 121 118.9 118 117.7 118.1 118.1 118 115.7 105.3 103 99.1 97.8 97.6 96.7 93.5 93.2 93 93 93.1 93.1 93.3 106.4 102.9 116.5 122.1 137 151.6 149.9 156.1 165 172.9 178.4 179.8 181.4 181.9 181.4 182.6 183.1 185 186.6 188.3 192.3
167.7 167.2 164.9 165.3 161.3 157.7 149.3 141 133.7 127.5 121 114 110.8 105.8 100.5 93.3 90.3 92.7 99.6 109.1 112.9 110.3 114 111.9 108 104.8 102 103 101.1 106.9 107 106.9 102.2 91.3 102.7 117.8 118.4 118.4 118.9 118.6 117.6 117.7 117.8 111 102.8 99.6 95.3 92.2 91.5 91.6 91.8 93.2 99.4 104.6 106.7 102.7 106.9 96.9 94.5 96.9 100.3 109.7 122.9 135.7 140.2 150 159.5 166 169.6 172.1 173.6 175.2 177.9 182.8 181.9 183.8 185.8 187.9 191.8
172.1 169.2 168.5 165.8 165.3 165.2 158.6 148.7 143.6 136.6 129.7 122.7 114 108.6 104.3 95 94 96.6 103.3 112.9 121.4 117 121.2 119.1 115.1 109.9 107.6 110 109.9 114 111.8 110.7 107.2 97.7 91.3 105.4 111.2 113.5 116.2 116.8 117.3 116.5 107.7 101.3 97.8 91.6 92.5 91.9 96.7 104 104.6 106.3 110.3 112.6 111.9 109.2 105.6 101.5 94 94.5 97.4 103.7 108.4 121.5 126.4 130.3 144.9 158.2 166.5 169.1 168.5 178.9 185.9 188.5 189.4 187.4 185.4 188.8 191.6
176 172.3 170.6 168.9 171.5 168.6 164.2 156.1 150.7 146.2 139.8 132.3 122.7 112.5 109.4 102.3 98.9 103.2 111.5 120 126.6 124.6 126.9 124.6 121.3 116.6 110.2 116.3 114.9 118.9 120.8 112.5 107.7 102 97.1 91.2 97.4 104.2 107.7 106.7 107.7 102.8 98.4 91.3 91.4 96.1 102.9 104.2 104.3 104.4 106.8 112 117.7 120.9 118.9 111 108.2 105.2 94.5 94.1 94.4 98.6 102.8 112 116 128.1 141.2 147.8 156 160.7 171.3 176.1 184.3 189.9 191.6 189.9 188.4 188.9 189.7
178.7 175.1 173.1 172.9 173.6 171.4 168.7 167.5 163.9 152.8 146 139.7 131.2 119.2 113.7 108.5 99.9 107.7 117.5 125.4 131 130.3 131.3 130.1 125 120.3 115 123.1 121.8 123.8 126 115.9 109.9 104.7 101.7 96.4 91.1 93.8 95.6 96.9 97.1 91.6 91.1 94.9 101.6 116.1 114.3 108.2 106.7 106.9 110.3 120.7 126.9 130.8 131.2 124.6 117.7 111.3 98.8 94.6 94.6 95 100.7 102.3 106.1 116.1 129.6 138.5 149.3 163.8 164.1 172.4 183.3 188.1 190.4 189.5 187.1 186.9 187.9
179.3 175.5 173.4 176.6 176.2 173.9 172.8 172.7 171.5 163.7 150.4 145.8 137.1 125.1 117.4 113.4 107.8 105.2 112.3 119.6 126.2 132 136.1 133.3 128 124.6 119.9 126.5 128.1 128.4 128.5 118.6 118 111.8 104 100.2 99.7 91.5 91.8 91.6 91.3 95.4 99.5 100.9 104.6 115.9 116.6 115.1 111 113.1 121.5 137.7 145.9 149.4 148 142.5 131 119.3 110.9 99.5 96 94.5 94.7 100.7 102.8 108.4 123.3 133.9 145.1 156.9 159.8 168.3 178.7 186 184.2 186.6 184 185 188.4
177.7 174.1 176.7 178.7 177.9 176.7 175.8 174.2 173.9 168.2 157.5 149.2 140.1 132.1 120.9 117.4 113.1 107.6 105.4 113.1 119.6 125.6 135.3 136 133.2 129.4 127.3 129.1 132.4 134.5 133.3 130.8 126.5 115.5 109.7 106.6 107.9 98.3 94.9 96.8 100.5 101 102.7 102.1 105.1 109 118.5 121.1 123.2 125.9 135.6 149.1 155.1 158.5 156.5 151.8 141.4 125.1 116.8 111.5 106.6 100.3 95.6 94.4 100 103.1 114.2 128.9 139.5 146.4 152.8 163.4 175.4 178.2 179.6 182.7 183.7 184.1 186
177.3 175.5 179 181.2 182.2 180.8 179.7 176.5 175.2 169.2 160.2 156.4 146.6 134.5 127.6 123.6 118.9 113.4 108.5 109.6 115.5 123 130.6 135.9 138.8 137.1 134.4 133.9 136.2 139 138.4 133.7 127.9 122.4 121.2 115.2 108.9 103.6 98.9 104.6 113.8 115.2 115.3 114.8 116.8 122.6 129.5 139.6 143.1 138.9 147.1 156.9 164 164 161.8 156.5 147.5 131.9 121.1 118 116 112.7 107 101.3 94.2 94.7 102.1 118.8 130.4 138.2 148.2 158.8 168.5 170.8 178.3 182.1 182.5 181.7 184.6
179.2 179 181 183.1 185.7 184.5 181.9 178.8 175.4 171.4 165.4 161.5 153.7 141 135.4 129.7 124.4 119 112.4 109.6 113.5 121.7 131.6 136.8 142.2 144.4 143.4 141.5 142.6 142.5 140.6 140.6 135.8 131.3 125.8 121.1 112.9 110.7 105.1 113.8 123.5 128.2 129.4 129.7 135.5 144.5 148.3 150.7 149.8 148.8 154.7 163.5 171.5 171.3 167 160 152.8 141.8 125.7 121.1 119.8 118.7 118.2 118 117.7 95.8 94.9 101.8 117.2 129.6 141.4 151.6 159.2 165.6 174.2 178.8 179.5 179.1 184.5
180.2 182.5 184.6 185.3 186 185.7 185 182.1 179.4 176.2 168.4 162.5 158.1 150.3 143.2 138.5 132 124.7 117.5 112.5 114.9 123.1 134.3 138.7 142.3 144.2 145.7 146.5 146.3 145.8 143.3 137.5 130.7 124.7 120.2 118.7 114.9 112.4 113.4 116.2 130.9 137.2 139.9 144.8 148.1 154.2 158 160.1 161.2 162.9 162.7 167.6 174.9 175.8 171.2 165.7 159.5 150.2 136 126 121.6 119.2 119.2 120.1 121.2 122.5 100.8 95.2 98.7 114.5 132.8 145.9 152.5 160.2 168.7 173.6 175.2 179 184.5
180.4 185 186.2 186.8 187.3 187.5 186.8 185.1 183.4 182.7 175.8 170.6 165.8 158.7 150.5 146.4 140.3 132.6 122 116 117 122.5 127.4 134.6 140.7 142.4 144.2 144.6 146.2 144.6 143.6 141 137.3 134.2 140 132.7 127.9 127.3 125.4 120.3 134.8 148.4 151.6 154.8 154.9 162.8 165.6 166.3 169.5 170.2 169.8 173 176.3 177.2 174.7 171.8 165.1 155 144 134.5 126.2 123.2 121.7 119.9 122.4 124 122.1 110 95.7 98.2 125.3 144.5 154.9 163.7 170.1 170.9 171.1 176.3 180.9
181.7 185 187.1 188.1 188.5 188.8 189 186.7 186.3 186 181 173.4 171.8 166.8 162.2 156.3 147.5 139.9 125 120.6 121.8 123 132.1 137 139.1 141.7 143.4 143.9 144 144 143.9 145.5 144.9 145 148.3 148 146.4 147 145.3 131.5 137.7 149.1 159.4 162 165.8 168.4 170.8 171.8 174.4 176.7 174.3 177.5 180.6 180 179.3 176.6 170.1 161.1 151.1 141.4 132 126.2 124.3 123.1 123.6 123.3 123.3 120 111.2 95.6 111.3 135.5 153.2 160.8 166 163.7 165 172.4 177.3
183.9 183.9 188.3 189.9 189.7 190.5 189.5 187.9 187.7 188.8 186.2 177.9 176 171.9 164.5 162.8 155.7 147.8 138 126.1 125.4 125.8 126.6 138.4 142.4 146.3 145.7 144.6 144.6 145.1 146 149.3 151.2 153.1 155.1 153.1 153 155.2 153.1 136.6 140.7 153.7 159.8 163.5 166.4 172.1 172.3 172.5 181.1 184.5 182.5 180.9 182.9 184.2 183.6 181 175.6 169.4 160.3 147.8 138.6 133.1 130.5 127.4 126.3 125.8 124 120.6 115.4 98.1 97.3 127.7 147.4 159.2 159.2 162.3 164.5 169 173.2
183.3 183.7 190.7 191.2 191 190.7 190.4 189.7 190 190 190.1 184.4 181.2 175.9 172.4 169.9 163.1 158.6 144.6 138.8 134.3 130 132.8 144.6 148.8 149.7 148.5 145.5 145.8 147.3 149.5 153.5 157.2 159.2 158.3 156.2 157.1 157.9 157.4 138.6 149.1 160.3 164.9 168.3 170.2 172.3 175.1 178.6 187.6 190.2 188.8 186 186.1 186.6 187.1 184.3 180.5 176.3 166.5 153.6 143.4 139.2 135.1 131.1 127.9 127.5 126.7 118.9 113.2 96.7 95.5 119.1 142.6 147.3 152.8 162.3 165.7 168.1 174.2
184.7 184 191.9 192.4 192.1 192 192.6 191.5 193.2 194.3 193.5 189.8 185.2 182.3 177.7 173.5 170.6 164.4 152.8 151.3 144.2 135 135.4 141.5 147.2 150.5 149.6 147.2 147.6 148 151 156.4 161.2 162.6 161 159.1 160.4 161.5 159 141 157.3 168.3 169.3 171.7 172.5 175.6 180.3 186.7 191.6 191.3 190.5 188.7 188.1 188.6 189.1 188.8 185.8 180.3 170.5 156.9 148.6 144.1 138.2 134 129.1 127.7 126.5 118.6 111.5 95.5 101.8 110.2 122.8 133 144.9 158.3 166.1 164.6 164.9
186.4 187.9 192.7 193.3 193.5 193.6 193.9 194.2 195.9 197.6 197.4 195.1 191.3 185.3 181.5 180 177.6 170.4 160.5 157.4 150.7 142.4 140.2 141.8 145.7 148.8 149.9 150.5 150.6 152.7 159.3 163.7 166.8 165.8 163.2 162.5 164 165.2 161.9 145.5 164.1 174 175.3 175.4 176 180.3 184.5 189.6 192.8 192.3 191.7 191.3 190.5 189.8 190.7 189.8 186 181.1 172.7 159.4 152.1 148.5 140.6 136.3 133.2 128.1 127.3 118.9 105.8 95.5 116 122.9 116.5 119.6 127.1 140 147.3 149 151.1
190.4 188.6 193.1 193.5 194.8 195.2 196.5 198 199.9 201.1 198.3 196.5 193.5 188.9 183.9 183.8 182.4 175.1 167.4 162.8 155.8 150.7 148.2 145.2 148.3 151.4 153.8 159.7 160.6 167.3 171.1 174.9 175.6 173.3 168.5 166.9 169.4 169.4 166.6 152.4 167.9 178 179.6 180 180.7 183.4 187.1 190 192.8 193.7 193.2 192.7 191.2 190.8 190.9 191.1 186.9 182.3 172.2 161.8 155.2 148.7 144.3 139.3 136.7 134.1 128.5 117.5 98.4 96.1 123.3 131 132 135 134 131.4 127.9 129.9 134.1
191.2 187.6 192.2 194.9 196 197.1 199.2 201.8 203.9 204.8 201.9 198.4 195.3 191.2 185.8 189.6 185.1 176.8 168 158.3 156 162.4 153.1 148.6 152.5 156.5 169.2 174.3 174.7 176.5 175.8 177.3 178.5 177.1 172.1 172.3 174.2 174.6 171.7 160 168.9 177 180.8 183.4 185.1 186.3 188.7 190.4 192.5 193.8 195.5 194.8 193.5 193.1 191.8 189.8 186.9 182.3 176.1 164.9 159.3 153.9 148.5 142.9 139.2 137.2 128.1 111.7 96.3 103.9 126.2 131.1 133.7 136.5 140.8 141.6 142 142.4 137.8
191.5 188.9 193.2 196.2 197.7 199.2 202.3 205.2 206.7 206.1 205.1 201.3 196.2 190.9 187.7 189.3 185.9 176.9 162.1 159.6 164.5 170.5 160.1 159.3 165.1 170.3 176.8 182.1 181.4 180.5 179.6 178.8 179.8 181.4 178.5 176.9 179.4 180.4 178.3 170.3 160.9 171.3 178.9 182.1 185.4 186.6 189.1 190.3 192.2 194.4 194.9 195.5 195.8 194.4 192.6 190.5 186.4 181.1 174.4 167.5 163.1 157.7 150.8 144.3 141.4 138.4 131.6 108.8 96.6 111.6 129 133.7 135.6 138.9 143.6 143.7 144 149 142.2
193.7 190.8 194.6 198.8 200.5 203.8 205.9 208.4 209.4 208 206.4 203.4 198.6 192.6 188.9 187.7 185.5 175.6 163.7 168 173.5 171.2 169 174.3 178.3 182.2 182.7 186.3 186 185.5 185.6 185.8 185.4 185 184.4 180.8 183 187.5 183.4 175.5 170.9 172.5 172.6 177.6 182.1 184.6 188 191.2 192.5 193.3 194.6 196.8 197.5 195.6 193.7 191.9 187.4 183.9 178.3 172.5 167.1 162.4 153.5 148.6 144.5 139.3 132.2 103.3 96.8 118.3 130.1 135 138.9 144.7 150 153.7 153.3 152.5 147.8
