data/280000-690000.asc
ncols 200
nrows 200
xllcorner 280000
yllcorner 690000
cellsize 50
[rows 80 to 119 of 200, columns 92 to 183 of 200]
8.4 8.8 9 8.9 8.6 8.2 7.7 6.3 7.6 4.2 8.1 8.1 8.4 8.6 5.8 8 8.9 8.8 8.7 8.7 8.5 6.2 10.4 8.1 7.7 10.5 10.9 13 18.3 14 16.1 17.3 18.8 21 23.3 24.8 26.6 27.6 28.5 29.1 28.8 29 29.3 29.4 28.6 27.5 26.8 27.3 26.7 27.5 27.4 27.2 27.1 27.8 25.1 25.1 25 23.1 21.1 18.9 16.3 14.3 13.2 12.7 12.3 12.4 12.5 12.1 10.6 9.1 10.4 11.8 12.4 12.7 12.8 11.9 11.2 11.5 11.6 11.5 11.5 11.4 10.6 11 11 10.8 11.1 11.6 11.9 10.9 11.6 10.9
8.2 8.6 8.9 8.7 8.4 8 7.7 7.4 7.7 8.7 4.8 6 4.8 5.4 9.2 9.7 10 9.6 9.5 9.5 9.3 9.7 9.8 12 11 12.1 12.8 19.9 21.5 18.4 20.9 23.2 24.9 26 28.7 29.9 30 30.1 31.2 32.2 33 33 33.3 33.4 32.9 32.4 31.3 30.3 31 29.6 28.8 31.2 28.4 29 28.5 28.8 28.3 27.6 26.9 24.2 20.6 17.2 15.1 13.6 12.9 13 13 12.7 11.2 10.1 9.5 9.5 11.3 12.8 13.2 12.7 11.2 11.5 11.6 11.7 11.5 11.3 10.4 10.7 11.4 11.7 11.7 12.1 12.2 12.5 13.8 12.8
7.9 8.3 8.6 8.2 7.6 4.4 4.8 7.6 8.4 9.3 9 7.9 8.3 8.5 10 10.2 10.3 10.1 10.2 10.2 10.4 11 11.5 11.9 16.3 23.4 25.8 25.4 25.1 24.4 27.2 28.7 30.3 30.8 31.6 31.5 32.2 32.9 34 34.4 35.4 36.7 37.1 37.2 36.7 35.8 34.8 33.4 33.3 33.4 32.5 31.3 30.7 30.5 31.2 31.4 31.6 30.8 30.1 28.1 25.3 21.8 17.7 16.3 14.4 13.5 13.6 13.3 11.9 11.3 10.7 10.7 12 12.6 13.2 13.2 12.6 12 11.4 11.9 12 11.1 12.5 13.1 12.3 12.3 12.3 13.2 13.6 14.2 15.1 16
7.7 8.2 8.1 7.9 7.2 8 8.4 8.3 9 9.7 9.6 8.7 9.1 9.5 10.2 10.4 10.6 10.8 11 11.3 11.7 12 14.6 18.8 21.4 24.7 25.8 27.5 27 27.1 30 31.9 32.7 33.1 33.2 33 33.2 34 34.9 36.3 37.4 38.4 39.8 41.1 40.1 38.4 37.3 35.7 35.2 34.1 33.3 31.2 33.8 33.5 34.4 34.8 34.8 34.3 33.5 32.8 30.1 27.2 23.2 19.8 16.2 15.4 14.2 13.9 13.1 12.5 12.1 11.9 13.4 13.7 13.9 13.9 14 12.9 11.7 12.3 12.6 11.6 12.4 13.1 12.5 13.1 13.9 15.7 16.1 16.7 17.6 19.3
6.1 4.2 5 5.7 9 9.2 9.1 9.1 9.1 9.7 10.3 9.4 9.8 10.2 10.9 11.4 11.7 11.7 12.6 12.9 12.7 11.3 16.1 19.8 22.9 25.8 27.6 30 30.1 30.3 31.3 33 34 34.6 34.7 34.6 34.5 35 35.9 37 38.2 39.3 41.1 43.2 43.2 41.4 39.6 37.9 36.2 34.6 34.3 34.2 35.9 36.9 37.9 38.1 38 37.6 37 35.8 34.8 32.6 29.2 26 22.4 19 16.5 15.5 14.8 14.5 12.8 12.5 13.6 14.2 14.2 15.3 14.2 13.5 11.8 12.6 13.2 11.8 12.6 12.9 12.8 13.9 15 18.4 18.8 19.3 20.7 23.2
7.7 7.6 7.9 8 8.9 9.1 8.9 8.9 9.2 9.8 10.4 10.2 10.7 11.4 12.3 12.9 12.3 12.3 13.1 12.5 12.6 11.2 17.7 20.5 25.8 30 29.4 31.9 31.9 32.4 32.9 33.8 34.4 35.9 35 35.2 35.5 35.8 36.6 37.7 38.9 40.1 41.6 42.6 42.9 44 42.4 40.6 38.5 37.2 37.5 37.4 37.8 39.1 39.9 40 39.8 39.4 39.2 38 37.7 36.7 34.8 32.1 29.5 26.3 23 19.7 17.7 15.6 14.1 15.1 15.4 15.5 14.4 16 16.9 15 13.1 13.4 13.1 12.8 14.7 14.1 15.1 16.5 16.8 20.2 20.9 22.3 24.1 26
7.1 7.6 8.1 8.3 8.4 9.1 8.9 8.6 9.3 9.9 10.4 11.2 12 12.8 13 12.7 12.1 12.1 12.9 12.1 12 12.4 17.6 19.8 22.6 28 32.4 33.4 33.3 33.2 34.1 34.5 34.7 35.3 35.4 35.4 35.8 36 36.6 38 39.4 40.2 40.6 41.1 42.1 43.1 42.6 41.6 41 39.4 39.8 39.6 39.4 40.4 40.3 40.3 40.1 39.7 39.7 39.6 40.3 40.6 40.1 38.5 36.7 33.6 30.4 27.1 24 20.8 17.5 17 17.8 18.2 17 17.2 18.9 17.1 14.8 14.9 12.6 14.3 17.5 16.2 17.4 18.8 18.6 20.6 22.1 23.4 24.9 26.7
6.3 8.1 8.4 8.6 8.8 8.9 8.8 8.8 9.4 10.1 10.9 12.2 13 12.9 12.8 12.5 12.3 12.1 12.7 12 11.5 13 18.3 20.3 22.9 27.4 31.6 33.4 33.4 33.4 33.1 32.9 33.6 34.6 36.1 37.8 43.4 45.4 46.2 45.5 42.2 42.5 41.9 42.4 42.5 43.4 44.5 44.1 43.8 42.8 41.9 41.7 41.3 40.9 40.7 40.5 40.3 40.1 40 39.8 40.2 40.4 41.9 42.7 42.3 40.5 37.2 34.8 31.5 28.9 25.1 22.4 20.4 20.8 19.8 19.1 18.5 17.4 16.2 15 17.6 18.5 19.1 18.3 19.8 21 20.8 21.8 23.5 24.7 25.9 27.5
6.8 5.6 7.3 7.7 8.2 8.6 8.8 8.9 9.6 10.4 11.6 12.8 12.7 12.6 12.5 12.4 12.5 12.3 12.5 11.9 11.8 14.8 18.9 19.7 23 30.3 31.3 32.6 33.4 33.3 32.9 33.1 33.6 34.5 36.2 37.8 44.7 48.5 48.7 48 47 45 44.7 42.7 42.7 43.5 44.3 45.1 46.7 46.2 45.1 44.6 44.1 43.6 43.3 43.6 42.8 41.8 41.5 40.6 39.7 39.6 40.6 41 41 40.7 40.8 39.9 38.3 34.8 32 29.9 27.6 25.2 23.7 21.4 20.1 19 17.3 12.8 18.3 20.8 22.4 21.2 22.4 21.2 22 23.1 24.6 25.9 27.2 28.6
6.6 4.2 6.9 7.2 7.7 8.3 8.6 9.3 10.1 11.1 12.2 12.6 12.5 12.4 12.3 12.1 12.1 12.3 12.3 12.6 12.9 15 21.8 23.1 24.1 25.6 27.6 30.6 33.1 33 33 33.3 33.8 34.3 36 37.9 43.7 49.7 50.9 50.4 49.3 48.7 48.8 45.9 43.9 43.6 44.6 46.5 48.1 47.8 47.6 47.4 46.8 46.2 46 45.2 44.4 45 43.9 42.3 41.4 40.9 40.4 39.8 39.7 39.7 39.6 39.2 39.4 39.5 37.2 35.1 33.1 30.9 28.3 26.2 23.8 21.6 18.8 15.2 15.5 16.7 20.4 23.1 22.3 22.5 22.8 24.2 25.6 27 28.4 30.3
6.3 4.2 6.5 6.9 7.4 7.8 8.3 9.4 10.6 11.5 12 12.3 12.3 12.2 12.1 11.8 11.6 11.8 11.7 12.6 16 16.2 18.6 20 22.9 24.9 27.2 29.8 32.6 32.6 32.7 33.2 33.7 34.1 35.4 37 40.7 49.5 51.7 50.8 52.3 52.6 51.9 49.8 47.5 46.3 46.2 47.1 49.1 49.5 49.6 49.3 49 48.3 47.4 46.6 45.8 45.2 44.4 43.9 43.1 42.5 41.8 40.9 40.5 39.5 39.2 39.1 39.4 40 38.9 37.4 35.3 33.7 33 30.9 28.9 26.5 20.7 21.5 23 21.7 18.6 23.3 22.9 23.7 24 25.7 27.1 28.4 29.5 31.2
4.2 6.3 6.5 6.8 7.2 7.6 8.1 9.2 10.8 11.4 11.7 12 12.1 12 11.9 11.6 11.3 13.7 12.5 13.2 15.1 17.4 19.6 21.8 23.8 25.4 27.4 30 32.3 32.3 32.5 32.9 33.3 33.7 34.5 36.3 39.1 44.5 47.9 52 55 55.5 55.3 54.7 52.1 50.4 48.9 50.3 50.7 51.2 51.6 51 50.4 49.4 48.6 47.8 46.9 46.1 46 45.4 44.1 42.8 42.4 42.1 41.8 41.1 40.1 39.2 38.8 39.6 38.3 35.4 35.9 35.6 34.4 32.7 30.5 27.9 21.8 26.7 27 26.2 24.8 24.2 25.4 24.5 24.7 27 28.6 29.6 30.2 31.4
7.4 7.3 7 7.4 7.6 7.8 7.9 9.2 10.8 11.3 11.4 11.7 11.8 11.8 13.2 12.5 13.1 13.3 13.6 14.5 16.6 18.6 20.4 22.4 24.4 25.9 27.5 30.1 32.6 32.4 32 32.3 32.7 33.2 33.7 36.1 37.5 42.5 49.6 54.6 56.6 58.4 58.2 57.8 56.5 53.9 52.5 52.5 53 53.4 53.4 52.4 51.8 50.6 49.8 48.9 47.9 47 47.4 46.7 46.3 45.4 44.1 43.8 43.5 42.8 42 41 38.9 38.2 38.1 36.3 35.3 32 32.4 30 29 25.5 30.3 30.8 29.5 28.7 26.6 25.2 26.2 27.7 28.4 29.9 29.9 30.3 30.9 31.6
7.9 8.1 7.5 8.1 8.3 8.5 8.2 8.5 9.7 11.7 12.3 11.7 13.5 13 12.8 13.6 14.2 14.8 15.4 15.9 17.7 19.5 21.3 23.1 24.9 26.4 27.9 30.2 32.7 32.7 31.4 31.7 32.3 32.8 33.3 34.2 36 41.8 50.2 57 59.2 60.8 60.7 60.6 58.8 56.3 55.1 55.1 55.1 55.5 55.3 54.3 53.1 51.7 50.8 49.8 48.7 48 48.5 48 47.2 46.5 45.7 45.5 45.2 44.9 44.5 42.9 41.4 39.2 37.1 35.7 33.1 30.5 29 29.7 29.9 31 31.1 30.7 31.1 29.8 27.4 25.9 26.5 28.9 30.3 31.2 30.5 30.5 30.4 30.4
4.2 7.8 8.3 8.2 9.1 9.2 8.2 8.4 13.2 14.4 12.3 12.5 13.5 14.2 13.3 14 14.6 15.3 15.9 16.9 18.4 20.2 22 23.8 25.2 26.7 28.2 30.3 32.8 32.6 31.5 31.9 32.3 32.7 33.2 34.1 35.7 40.7 53.1 59.5 61.8 63.1 63.3 63.2 61.4 59.6 57.7 57.6 57.6 57.6 57.2 56 54.6 52.9 51.7 50.6 49.5 49 49.7 48.5 47.6 47.3 47.8 47.8 47.7 48.5 47.7 45.9 44.4 43.4 40 36.4 34.5 31.9 31.7 32.5 31.9 31 30 29.4 29.5 27.4 27 26.7 25.1 25.8 27.3 27.6 26.8 27.1 28 29
5.5 7.4 8 8.4 9.3 9.1 10.8 14.7 14.8 11.8 13.2 13.2 14 14.4 13.9 14.4 14.9 15.7 16.5 18 19.2 20.9 22.7 24.3 25.7 27 28.2 30.6 32.4 32 31.6 32 32.3 32.7 33.2 34 35.2 38.8 49.5 58.3 61.9 64.2 65.7 65.1 63.2 61.5 59.9 58.8 59.1 59.4 58.8 57.5 55.9 54.1 52.7 51.6 51 50.9 50.7 49.5 48.4 49.1 50 50.4 50.5 52.5 52.5 51.4 49.6 47.8 43.5 39.3 36.6 34.5 34.5 33.7 33.1 32.2 30.6 29.7 28.7 28.3 30.1 29.9 29.6 29.4 29.1 29.4 29.9 30.9 31.5 31.5
7.2 6.9 9.8 8.9 8.9 9.9 10.9 10.9 11.5 11.7 12.5 13.6 14.2 14.5 14.6 14.8 15.2 16.2 17.4 18.6 20 21.6 23.4 24.8 26.2 27.3 28.5 30.6 31.5 31.3 31.3 31.9 32.3 32.7 33.3 33.9 35.3 37.9 45.7 54.9 60.7 64.7 66.2 66 64.3 62.9 61.8 60.7 60.4 60.8 60.1 58.6 57.1 55.4 54.2 53.4 53.1 53.5 52.8 51.5 50.7 51.1 51.9 52.7 54.2 56.6 57.6 56.7 55.1 53.6 50.7 46.6 42 38.6 36.3 35.1 34.5 33.4 32.2 32.1 30.9 30.6 31.9 33.4 33.6 33.7 33.7 35.4 35.1 33.5 32.7 32.6
5.8 6.4 6.5 8 8 8.3 8.9 7.6 9.8 13.2 13.6 13.7 15 15.6 15.8 16.1 16.4 17.2 18 19.1 20.5 22.1 24.5 26.1 28 28.6 28.9 30.9 31.3 31 31 31.6 32.2 32.8 33.3 33.8 35.7 37.9 42.9 50.8 57.3 61.7 63.7 64.2 63.2 62.1 61 60 59.7 59.7 59.4 59.1 57.6 56.4 55.7 55.5 55.2 54.9 55.5 54.2 53.2 52.8 53.7 55.4 57.7 59.5 60.3 60 58.6 57.2 56.5 53.3 50.3 46.5 42.2 38.6 36.5 36.3 34.8 34.4 33.1 32.9 33.5 34.8 35.9 36.7 37.5 37.7 36.8 36.1 35.1 34.5
7 6.5 7.5 8.3 7.3 8.3 8.5 8.8 9.1 9.2 12 13.5 15.4 16.1 16.8 17.7 18.1 18.7 19.3 19.9 20.9 22.6 25.4 29.3 30.8 30.9 31.1 32.2 31.1 31.2 31.4 31.7 31.9 32.1 33 34.2 35.8 37.8 41.4 46.8 50.6 55.8 59.2 60.7 62.1 61.2 60.1 59.3 58.8 58.7 58.4 58.1 57.7 57.2 56.7 56.7 56.6 57.6 57.5 56.8 56.1 54.4 53.3 53.9 56.3 57.7 59.4 61 61.1 61.5 61 59.6 57.1 53.8 50.6 47.8 43.9 41.5 39.1 37.3 35.4 35.1 35 36.3 36.6 36.9 38.3 38.1 38.5 36.9 34.8 34.7
7.7 6.2 7.6 8.6 9.3 8.3 8.1 8.4 8.8 9.9 9.6 12.7 14.7 16.7 17.4 18.6 19.2 19.7 20.5 20.6 21.9 23.3 26.4 31.7 32.7 32.7 32.4 32 31.4 31.6 32.1 32.5 32.8 32.9 33.8 35.2 36.2 38 40.3 43.1 46.1 49.6 53.1 57.3 59 59.7 59.4 58.7 58 57.7 57.4 57.2 57 56.6 56.6 56.7 56.9 58.2 59.8 59.4 58.3 56.7 55.6 54.9 54.7 55.1 56.3 57.8 59.3 59.6 60.1 60 59.6 57.8 56.1 53.3 50.2 48.1 46.9 44.6 42.6 41 39.5 39.1 38.3 38.3 38.6 37 37.6 35 33.3 32.9
7.7 5.9 7.2 7.7 8.1 7.8 9.3 8 8.8 10.4 11.5 12.1 13.6 15.1 16.9 18.8 19.9 20.5 20.6 21.1 22.4 24 28.4 33.6 33.2 32.5 31.8 32.7 32 32 32.8 33.2 33.6 33.7 35.3 36.8 38.1 41.1 42.8 43.6 44.3 45.7 47.6 52.2 56.6 59.9 61.1 60.5 60.6 59.2 56.6 55.4 54.3 54.1 54 54.9 55.5 56 56.5 57.2 57.1 56.7 55.7 56.2 55.8 55 56 57.2 58.3 59.2 59.7 60.1 60.4 59.2 57.8 56.2 54.4 52.3 50.6 49.3 47.9 46.8 45.7 45.3 44.4 43.1 41.3 39.5 37.3 35 33.4 34.3
6.5 6 5.7 6.3 6.8 6.9 7.7 8.5 9.5 10.2 10.4 10.6 13.1 13.6 15.1 18.5 19.6 19.9 20.3 21 22.2 24 26.5 30.4 32.6 32.3 31.5 31.8 32.9 33 33.7 34.2 34.6 35.6 36.9 38.6 41.3 44.2 45.8 46.1 46.6 45.9 44.1 47.7 55.6 59.9 61.2 61.5 62.4 59.2 56 54.6 53.2 51.7 48.3 50.1 51 51.1 51.7 52.9 52.7 51.9 52.7 53.4 52.6 52.7 53.6 54.5 56.3 58.7 59.9 60.3 60 59.3 58.7 57.6 55.8 55.1 53.5 52.4 52.4 50.9 50.2 50.8 50.1 48.4 45.9 43 40.2 35.5 32.2 38.4
8.6 8.4 7.8 6.5 5.2 7.2 9 8.2 8.9 9.2 9.9 10.5 13 13.1 14 17.5 19.1 19.3 19.7 20.7 22.6 23 24.9 27.4 30.1 31.2 31.3 30.9 32.6 34.6 35.9 36.4 37.4 39.1 40.7 41.6 42.1 43.9 45.3 46.6 46.9 46.8 46.4 42.6 47.7 52 53.1 53.7 54.4 54.8 52.2 50.2 47.9 47.9 47.9 47.9 47.9 47.2 46.6 46.8 46.6 46.6 47.5 48.1 48.5 49.5 49.9 51.8 53.9 55.8 57.7 58 58.3 57.5 56.6 55.5 54.7 54.9 54.1 52.7 52.9 54.3 55.2 56.3 55.4 53.4 49.8 45.9 43.1 39.8 33.6 36.9
8.1 8.3 8.6 7.9 6.4 6.8 8.9 9.1 8.3 9.2 10 10.7 12.1 12.5 13.7 17 19.6 19.4 19.5 20.1 22.3 22.5 23.2 24.8 27.6 29 30.2 30.2 32.7 35.1 36.9 40.3 45 46.5 44.6 45 42.7 42.6 43.6 43.7 44 45.2 44.9 43.1 42.6 42.3 45.4 46.3 46.6 46.3 44.1 44.7 39.8 40.2 36.9 37 45.8 45.1 42.8 45.4 47.7 49.5 51 52 52.2 51.7 50.5 49.6 49.7 49.9 51.4 52 52.5 51.8 52.2 51.4 51.9 51.9 52.8 53.1 54.2 57.7 58.6 58.6 57.5 54.9 51.9 50 47.7 45 39.7 33.6
7.2 7.8 8 7.9 7.3 2.8 8.2 8.8 7.6 9.5 10.5 11.5 12.1 12.6 13 15.8 18.8 19.4 19.3 19.8 20.9 22 23.6 24.2 25.7 27.1 28.3 29.6 31.7 35.1 37.8 44.1 50.5 50.2 49.1 49.3 49.1 46.3 45.3 45 43.9 43.1 42.5 40.4 44.5 44 42.3 40.5 39.6 39.6 39.4 39.4 37.7 36.2 36.3 35.9 34.7 34.7 38.9 46.5 49.3 51.6 51.4 53 53.8 54.6 53.1 50.6 48.1 46.9 45.4 45.8 46.2 46.2 46.3 45.8 47.9 48.8 50 51.3 53.9 57.3 59 59.9 60.6 58.6 56.3 54.2 52 49 45.7 41.2
6.7 7.4 7.4 7.7 7.7 3.9 8.6 9.3 8.8 9.4 10.5 11.5 12.2 12.2 13 14.4 18.4 19.3 19.1 19.9 20.4 21.7 23.1 23.8 25 25.9 27 28.1 29.3 33.2 36.9 42 51.9 53.4 53.4 52.1 50.3 49.1 48.2 46.4 44.3 42.4 40.8 40.9 44.8 45.4 44.9 43.3 42.1 40 38 37.8 37.3 36.2 36.2 35.6 34.7 34.4 37.5 39.3 43.3 44.2 46.4 49.5 50.3 50.6 49.7 48.5 46.1 44.8 43.1 41.8 41.4 40.8 40.4 40.1 42.2 44.4 46.5 49 51.8 56.4 60.3 62.7 64.3 63.6 64.6 61 58.9 55.3 52.5 50.1
6.6 6.9 7.4 7.8 8.1 5.8 7.6 8.2 8.3 9 10.1 11.2 12.2 12.1 12.3 13.2 15.4 17.3 18.8 19.7 20.4 20.9 21.9 23.2 24.2 25 25.7 26.4 27 30 33.7 39.4 47.9 55.6 56.2 52.3 50 49.4 48 46 42 40.2 40.5 43.7 45.6 47.1 47.5 46.1 44.6 42.2 39.5 37 35.4 36.1 36.2 35.5 34.5 33.3 34 35.6 40.3 42.3 44.7 46.4 46.8 46.5 46.5 45.3 44.2 43 41.4 40 38.5 37.1 36 35.7 36.5 37.6 39.6 41.8 45.5 51.2 54.6 58.6 62.3 67.2 68.6 69.2 67.9 64.9 61 57
7 7.8 7.8 7.2 7.7 5.5 5.3 6.9 7.7 8.5 9.6 10.5 11.3 11.8 12 12 15 18 19.4 19.6 20.3 20.8 20.9 22 22.9 23.9 25.1 25.6 26.1 26.4 28.5 33.8 41.3 47.9 54.2 52 49.8 48.5 47.2 46 41.1 38.3 40.7 45 47.1 48.3 48.8 48 46.6 44 41.2 38.1 35.2 33.5 32.7 32.4 32.4 31.7 36.1 41.2 45.1 49 51.6 52.6 52.7 50.9 49.9 49.2 46.5 43.6 41.1 38.7 37 35.3 33.9 33.3 34.1 34.8 36.3 37.7 39 42.3 47.1 49.7 52.9 57.8 62.4 66.6 68 65.9 64.1 61.2
7.4 7.7 7.6 7.5 6.7 6.8 2.8 5.9 6.8 7.9 8.8 9.9 10.3 10.8 11.6 12.3 14.8 17.3 18.9 19.4 20.1 20 20.1 20.8 21.8 22.8 24.2 25.2 25.6 24.6 26 29.6 36 40.1 47.1 49.6 49.4 48.8 47.7 46.7 41.5 37.9 37.6 44.4 48.4 50.2 49.6 48.7 47.3 44.9 41.7 38.6 34.9 30.9 31.1 31.8 30.7 34.1 38.5 44.8 50.5 53.9 57.3 59.5 58.2 56 55.3 51.8 50.1 48 44.4 41.3 38.4 34.8 33 32.1 32 32 33.6 34.9 36.1 37.3 39.2 40.8 43.2 50.5 53.5 57.7 62.4 63.5 62.8 60.6
7.6 7.5 7.4 7.3 7.2 7.1 5.1 3 7 7.5 8.2 8.9 9.6 10.3 11.2 12 15.1 16.2 17.6 18.7 19.6 20.1 20.2 20.3 20.7 21.8 23.1 24.5 24.5 23.2 23.7 26.3 30.8 34.7 37.9 46.9 48.4 48.8 47.8 47.4 45.1 39.9 37.5 41.2 45 45.8 46.3 44.3 42.5 42.1 40.3 38 34.4 30.7 28.8 29.6 32.8 37.6 41.5 49.7 56.7 61.2 65.6 66.1 64.4 62.7 61.8 59 56 52.9 50.4 48 45.2 41.3 37.5 33.7 32.2 31.1 30.8 32.2 32.9 34 34.9 35.5 37.2 41.3 47.4 52.2 56.9 60.2 60.5 59.2
7.3 7.3 7.2 7.1 7 6.9 6.8 3.5 5.3 7.2 7.6 8.3 9 9.8 10.4 11.2 14.6 16.3 17.3 18.3 19.3 19.9 20.2 20.3 20.6 20.8 21.9 23.4 24.2 23 22.1 23.6 26.5 30.5 33.6 40.1 42.5 46.1 47.7 47.5 47.7 44.7 41.2 38.1 37.2 38.7 39.1 39.6 38.6 38.7 36.4 34.2 32.1 28.5 27.1 27.7 31.7 39.3 45.7 55.4 63.1 68.3 69.7 70.7 70.8 69.1 67.9 65.5 62.6 59.7 57.4 54.5 51.7 49.3 45.3 41.6 38 34.3 32 29.8 30.2 30.4 31 31.4 31.5 35.2 41.4 45.3 49.5 53.6 57.2 56.8
7.2 7.2 7.1 7.1 7.1 7 7 6.8 2.5 5.4 7.2 7.6 8.3 8.9 9.6 10.2 10.1 12.7 16 18.6 19.6 19.9 20.1 20.4 20.8 21.1 21.3 22.7 24 21.4 21.2 21.9 23.5 26.3 29.1 32.3 35.4 38.2 41 42.9 43.5 43.9 42.3 39.8 39.4 39.8 38.8 38.2 36.5 34.9 33.1 30.1 28.6 27.4 26.2 26.3 30.1 37.4 46.6 53.8 58.3 63.6 68.3 69.4 69.4 69.2 68.4 67 64.6 63.2 61 58.8 56.1 54.2 50.7 46.9 43.2 39.2 34.5 32.2 29.6 28.4 28.2 28.7 29.7 31.6 33.8 38.8 43 46.6 48.6 50.2
7.5 7.4 7.2 7.3 7.3 7.3 7.2 7.2 4.2 4.1 6.1 7.1 7.5 7.9 8.5 8.9 8.8 8.7 9.8 16.5 19.3 20.1 20.1 20.8 21.3 21.7 21.9 22.2 23.1 21.2 20.2 20.7 21.6 23.2 25.3 28.2 29.9 31.8 34 34.8 35.9 39.4 40.7 41.2 41.1 40.9 41.7 41.6 39.7 37.2 35.3 32.3 29.9 27.2 26.3 25.5 26.8 31.3 40.6 46.1 50.1 53.2 57.3 61.1 64.1 64.7 64.3 63.8 62.3 60.8 59.2 58 57.5 56.5 54.8 51.8 47.9 43.4 39.1 34.6 30.2 28.5 28.1 27.6 27.1 28.4 29.5 32.2 34.9 39 41.4 43.8
7.9 7.8 7.6 7.5 7.4 7.2 7.4 7.4 6.6 2.5 5.1 4.7 7.3 7.8 7.6 7.9 8.1 8.1 8.1 8.3 13.3 16.4 21.5 21.2 22 22.3 22.6 22.9 22.9 21.7 19.6 18.7 20.7 21.4 22.4 23.2 24 26.4 28.6 30.1 32.5 36.6 40.1 43.1 47.1 47.7 47.9 47.6 46.1 42.3 37.9 33.8 30.5 27.8 27.8 27.8 24.7 26.8 31.7 37.9 41.2 44.1 46.3 50 53.9 57.5 58.9 58.9 58 58 58 57.9 57.6 57.4 55.3 53.1 49.8 45.6 41 35.8 31.4 28.8 27.9 27.4 26.8 27.2 27.9 28.5 28.1 28.2 29.7 32.5
8.3 8.2 8 7.9 7.8 7.6 7.5 7.3 8.8 2.5 4.1 6.4 8 8.2 7.4 7.5 7.6 7.7 7.8 7.9 8.1 9 13.7 22.9 23.1 23.5 22.8 22.5 22.1 21.9 22.2 20.2 17.8 19.1 19.9 20.8 20.7 21.2 23.7 25.9 29.6 33.9 38.4 45 48 48.9 49.1 48.8 47.3 44.5 39.3 35.5 31.3 27.5 27.7 27.9 25.9 24.4 26.9 29 32.2 33.1 35.1 38.9 43.2 48.2 50.9 55.5 57 58.8 59 58.9 58.8 57.7 55.6 53.8 50.2 46.4 43.1 38.1 33.2 30 28.5 27.4 26.9 26.7 26.7 27.1 27.7 26.8 27 27.2
8.1 7.9 7.8 7.7 7.5 7.4 7.2 7.1 7.1 6.8 2.5 5.4 8.4 7.4 6.9 7.3 7.4 7.5 7.4 7.5 7.6 7.9 8.6 12.7 19 24 24.1 22.5 19.1 19.6 21.3 22.9 20.1 17.6 17.6 19.5 19.7 20.2 20.8 22.5 26.9 31.4 35.9 42.4 47.9 49.3 48.9 48.2 46.9 43.8 40.7 36.3 32.1 27.3 27.6 27.7 26.8 25.7 25.1 26.7 27.6 27.7 29.1 33.1 36.2 39.6 44.5 50.9 56.3 60.1 62 62.7 61.2 58.7 56.2 54.6 52.9 50.5 47.7 43.4 38.3 33.7 30.2 28.6 27.5 27.4 27.3 27 26.7 26.9 26.8 26.9
7.8 7.7 7.5 7.4 7.3 7.1 7 7 7.1 6.4 6 2.7 4.3 6.3 6.7 7.1 7.2 7.3 7.2 7.1 7.1 7.5 8.1 8.7 9 14.7 22.1 21.1 19.3 17.1 17.7 22.3 21.4 19.1 17.1 18.1 18.5 19.2 19.6 21.6 25.1 28.7 33.3 38.8 46.1 49.3 48.7 46.7 46.8 44.8 41.1 36.9 34.5 28.3 27.5 26.7 25.7 24.8 24.3 24.1 24.1 24.2 25.4 30.5 33.6 36.7 39.1 44.4 49.6 54.8 57.7 59 59.5 58.1 56 54.5 52.5 51.5 50.8 47.6 43.1 37.7 32.2 29.9 28 28.1 27.9 27.6 27.3 27 26.7 26.6
7.6 7.4 7.3 7.1 7 6.9 6.8 7.2 7.2 6.6 6.2 5.5 4.1 2.6 6.1 6.7 6.9 7.1 7 7 7 7 7.3 7.8 8.2 8.6 8.5 11.5 13.3 15.1 17.1 20.1 22.6 20.8 19.5 18.1 17.6 18.1 18.3 20.3 23.4 25.6 29.3 34.4 39.3 42.9 46.4 46.9 47.2 46.2 43.9 38.6 35.7 33.1 30.4 30 29.2 28.4 27.8 27.4 25.4 24.4 24.7 28.3 30.7 33.7 35.6 38.8 43 49 52.9 55.2 56.4 55.6 54.3 52.8 50.8 49.9 48.7 46 41.8 37.7 34.4 32.3 30.7 28.7 28.6 28.2 27.9 27.5 27.2 26.9
7.3 7.2 7 6.9 6.7 6.6 7 7.3 7.3 7 6 5.4 5.4 5.4 2.5 5.7 6 6.9 7 7 7 7.1 7.6 7.1 7.3 7.7 7.9 8.3 9.1 9.1 10.4 17 20.7 22.4 20.7 19.4 18.4 15.3 13.6 18.2 20 22.1 25.3 28.3 31.3 35.3 38.6 40.5 43.9 41.8 41.8 40.2 38.9 36.5 34.7 34.1 34.6 34.9 33.4 32.3 29.1 25.9 23.5 22.8 27.6 30 32.2 34.7 37.8 41 46.1 52.3 54.4 54.6 54.3 53.8 52.5 50.7 48.7 46.6 44.3 42.2 38.7 35.5 33.6 32.1 30.5 29.1 28.4 28.1 27.6 27
7.1 6.9 6.8 6.6 6.5 6.8 7.2 7.5 7.5 7.3 5.9 5.8 5.8 5.8 4.2 -1 5.3 6.9 6.9 6.9 7.2 7.7 8.2 8.7 7.9 7 7.3 7.8 8.4 8.4 8.1 8.3 14.1 21.6 21.1 20.1 18.6 18.4 18.1 13 17.2 18.2 22 23.3 26.1 29.2 32.7 36.3 38.2 39 38.6 39.2 39 37.6 36.5 37.5 39.1 40 38.6 35.1 31.2 28 24.5 21.6 21.4 23.6 26.8 29 33.7 39.5 45.9 50.2 54.8 60.3 59.9 59 57.2 54.6 52.8 51.3 49.3 47.1 44.7 41.3 38.8 36.8 35.3 35.2 33.2 32.3 29.4 27.3
