data/280000-240000.asc
ncols 200
nrows 200
xllcorner 280000
yllcorner 240000
cellsize 50
[rows 140 to 174 of 200, columns 0 to 77 of 200]
259.4 259.9 258.9 269 274.9 279.6 282 283.1 264.5 258.3 241.5 224.1 199.3 179.1 178.8 186.8 197.6 206.5 219.8 233.1 241.7 247.2 250 248.8 244 238.6 234.2 221.1 203.8 200.5 214.5 221.3 227.4 232.4 238.9 244.1 249.9 257.4 265.3 279 300.5 325.4 344.9 353.1 359.2 368.5 374.7 378 379.4 379.3 379.4 373.3 371.9 362.7 326 316 311.4 300.5 282.3 262 242 220.8 207.1 194.1 191.9 207.1 223.3 240.9 263.6 276.9 286.3 284.4 269.3 267.7 274.7 277 281.1 289.8
253.8 255.2 255.5 261.9 271.4 278.8 282.6 282.5 267.4 258 243.9 234.3 218.5 191.5 175.6 177.9 190.7 204.1 215.3 225.1 232.2 235.6 236.6 235.6 232.2 217.2 202.6 198.2 199 212.3 221.5 227.5 232 236.5 242.4 248.7 256.1 263.6 275.1 295.9 317.2 334.3 345.1 350.4 362.8 373.6 379.3 386.4 383.1 378.4 372.4 371.8 374.1 362.5 331.3 290.7 279.2 278.6 262.9 243.9 224.4 205.1 190.7 189.5 206.4 220.5 234.6 254.3 271.3 285 298.1 302.3 294.7 294.1 294.8 292 293 303.6
250.7 251.6 252.1 258.4 268.7 278.8 285 274.7 263.4 251.7 239 233.6 221.5 199.4 179.2 176.8 183.7 201.1 210.4 219.4 223.5 225.1 216.9 210.7 198.2 188.6 195.3 206.9 213 221 228.5 233.9 237.1 242.4 248.2 254.7 261.2 270.4 287.4 308.8 325.4 336.3 344.5 352.9 366.7 376.8 384.2 381.8 377 372.8 373.2 373.7 376.9 365.6 330.8 296.6 267.9 247.1 244.6 228.4 212.9 193.2 187.1 199.3 213.9 229.1 248.3 265.3 283 295.6 307.2 311.3 303.9 297.9 294.6 297.2 301 309.1
250 249.9 250.3 257.2 268.2 277.9 275.5 264.4 253.1 242.1 232.8 227.3 210.4 195.9 180.6 174.4 181.5 192.1 198.3 198.8 195.1 190.5 189.7 188.9 190.3 200.8 205.9 214.8 222.8 229 233.5 234.7 243.2 250.1 255 260.7 268.5 279.6 299 317.8 331.9 339.1 347.6 357.7 367 374.1 376.9 373.5 371 374 372.7 376.1 376.3 361.4 329.3 298.4 269.9 246.3 225.5 219.5 201.9 184.5 189.5 206.2 215.6 234.8 258.2 274.4 294 314.4 321.6 306.3 293.6 291.6 298 303.8 314.4 322
247.2 248 248.4 256.2 266.4 268.4 262.4 253.8 244.2 235.6 227.8 217.6 208.6 195.5 180.9 170.5 173 177.2 178 179.1 178.7 183.6 190 198.8 202.1 206.8 211.7 218.8 224.9 231.3 233.3 235 245.4 260.1 268.9 274.1 281.4 295.6 311.9 326.3 336.4 343.1 350.5 360 366.3 368 366.8 369.1 371.1 370.2 374.1 376.8 371.8 355.2 323.1 298.9 276.8 256.3 235.5 220.9 197.5 180.1 193.8 206.4 219.8 243.6 266.7 289.9 315.5 322.7 301.2 289.8 287.6 294.2 300.7 313.9 322.8 328.7
245.9 246.9 247.7 255.1 260.2 256.9 254 247.7 234.8 226.3 220.3 214.5 208.8 195.5 184 167.9 169.3 181.3 198 201.3 202.2 201.4 202.6 205.2 208.2 212.2 216.2 220.9 225.9 231.1 235.8 240 256.6 270.3 279.5 284.3 294.2 302.8 318.6 330 337.4 344.8 353.2 357.5 356.9 356.4 360.6 364.2 365.6 367.9 371.8 371.6 361.5 348.5 319.1 293.8 275.3 261.2 244.8 218.5 198.1 179 193.3 206.8 227.3 251.2 278.5 310.1 316.7 299.3 283 282.1 298 300 303.3 319.9 321.1 326.2
243.7 245.7 248.8 250.2 250 250.5 252.7 247.5 232.4 215.6 209.5 206.4 201.5 192.5 182.8 168.3 168.7 185.3 196.1 200.4 205.4 206.5 207.1 209.6 212.7 216.1 218.7 222.9 228.2 233.2 238.3 250.7 262.4 275.6 283.9 291.6 301.4 310 322.5 331.5 337.3 341.5 347.5 348.1 346 350.4 355.4 357.5 359.9 368.5 371.1 362.8 353 344.8 317.9 284.6 258 247.4 239.9 216.5 196.8 178.5 191.6 209.6 230.3 253.3 285 290.4 283.2 276.9 274.9 294.5 312.2 307.3 301.1 309.3 312.7 318.8
240 240.9 243.4 244.7 255.8 259.7 260.4 252 231.4 215.9 204.1 199.4 195.6 188.2 171 168.5 172.5 186.9 194.2 199.1 205.9 211.3 212.6 213.9 217 220 222.9 226.1 230.7 236.2 243.5 250.6 259.2 269.2 281.5 296.5 307.9 315.9 326.8 332 334.9 336 336.2 333.3 328.7 342.9 347.5 348 355.3 362 357.3 351.2 345 332.4 313.6 293 258.4 229.8 225.2 216.9 192.6 179 191.7 213.3 233.1 249.5 258.1 260.6 258.7 260.2 279.3 308.7 319.5 313.4 301.1 297.7 298.1 306
241 240.4 244.9 254.3 263.3 267.7 268.6 256.5 240.7 220.7 204 194.9 189.9 182 168.4 167.1 176.4 187.5 193.9 200.2 208.4 213.1 217.7 219.1 219.5 224 229.2 231.4 233.2 238.3 243 248 253.7 261.4 274.8 294 310.2 317.3 322.8 325.9 326 325.3 318.9 312.4 318.1 326.5 328 338.9 349.9 347.1 343.4 339.5 329.6 315.9 302 286.4 267.9 238.3 217.5 212 184.9 179.8 192.4 204.6 223.1 235.1 238.7 242.8 250.2 272.8 291 318.4 328.5 322.3 312.4 301.2 288.6 293.4
239.1 244 251.5 261.4 270.3 276.6 272.7 258.8 242.3 226 211 194.6 184.6 174.2 164.8 166.9 177.7 186 195 202.4 210 214.9 219.6 221.9 222.7 227.4 232.4 235 236.9 240 243.5 248.4 256.6 267.2 280.4 296.1 311.6 314.7 317.2 315.9 314.1 309.1 300.4 298.8 308.1 312.5 321.5 335.2 337.8 334.3 329.4 325.8 312.9 301.2 288.1 275.8 263.4 245.5 226.5 201.1 178.2 179.7 188.3 201.1 215.8 220.1 228.6 246.2 275 295.4 314 325.7 331 328.4 321.9 314.2 304.4 293.6
240.4 248.1 257.3 267.8 277.5 280.3 270.7 256.2 239.5 229.5 219.8 199.8 181.1 169.3 163 169.4 177.4 188.3 196.9 204.2 210.7 215.2 219.2 224.1 228.8 231.2 235.4 238.8 239.9 241.6 243.9 250.4 260.9 274.5 287.3 300.4 310.3 307.3 307.3 302.7 297.4 291 286.2 288.7 295.8 307.9 317.4 321.4 322.9 320.8 316.6 306.7 296.3 288.1 276.9 268.2 252.2 241.8 220.8 195.2 171.9 182.6 191.2 198.8 206.2 214.6 233.3 260.1 284.5 307 324.1 332.6 334.9 331.3 324.6 319.1 311.1 304.7
239.7 250.9 263.1 274.4 281.5 277.1 265.5 251.1 237.3 229.7 218.9 200 177.8 161.6 161.8 169 178.1 190.5 197.1 202.8 208.2 214 219.4 228.1 232.3 235.6 240 240.8 240.3 240.9 243 251 264.3 278.6 291.5 301.6 296 291.6 290.3 286.2 283.4 280.7 276.2 281.4 292.7 301.7 305 308 310.4 305.8 298.7 289.7 283.1 274 265.2 253.9 242.4 234.8 212.2 188.6 170.3 184.8 192.2 197.6 204.6 222.3 242.2 266 292.3 315.2 326.2 329.6 331.5 326.7 319.6 310.1 305.2 293.2
243.8 255.8 268 276.2 280.2 272 259.3 246.4 234.7 225.5 212.8 195.2 171.2 161.9 160.5 167.1 177.9 189.4 195.9 200.7 205.3 210.4 219.7 232.7 238.9 239.2 239.9 239.7 238.3 237.9 240.1 252.6 267.1 279.7 290.4 290.3 280.8 279 277.8 271.9 270.3 270.2 268.7 278.5 286.7 290.8 291.7 292.3 291.9 291.3 282.2 275.5 269.9 260.4 249.7 240 229 217 206.6 179.3 173.4 187.1 189.1 197.3 210.9 236.4 263.9 281.2 306.3 320 326.1 324.4 322.3 313.6 303.3 292.2 279.5 267.1
248.9 260.7 270.4 275.5 275.1 265.9 252.8 240.5 228.4 218.1 205.2 187.3 167.7 160.7 158.9 165.9 177 187.3 193.9 197.5 202.1 208.7 224.4 237.4 241.9 238 235.2 236 234.6 233.7 236.2 252.3 267.1 276.4 284.3 274.4 264.8 265.8 262.5 259.9 261.8 259.3 265.6 273.3 277.4 278.9 277.6 278 276.3 272.5 267.3 262 253.7 244.2 233.9 226.2 217.7 209.7 202.3 179 165.1 179.1 187.1 197.8 221.2 253.9 270.7 291.1 309 319.1 321.3 316.5 305.1 293.3 280.6 264.6 252.1 242.9
253.5 264 271 273.1 271.2 259.3 246.2 233.8 222 211.6 197.9 182.7 166.5 158.9 158.5 164.2 175.4 185 191.3 194.8 199.2 209.8 228.4 242.5 241.6 236 231.2 231.7 232.2 229.9 234.3 247.3 264 269.7 265.3 256.7 253.6 253.4 251.8 249.1 246.9 253 260.6 265.5 267.5 266.7 263.9 261.9 259.6 257 255 248.3 238.7 229.6 220.5 212.6 207.7 198 191.2 174.1 164.5 177.5 190.3 200.9 223.4 255.6 277.2 293.6 307.9 314 315 303.3 287.7 270.2 252.4 239.7 230.8 225
258 267.1 271.3 271.8 265.3 252.7 239.3 226.8 215.6 205.6 193.6 180.3 166.5 157.6 157.6 161.1 172.7 182.6 188.9 192.5 198.4 213.9 232.5 241.9 239.6 233 229.2 227.2 226.9 225.4 230 244.6 253.6 251.6 246.5 237.9 237.9 241.3 245.2 241.6 241.3 247.1 252.7 255.5 256.8 254.8 253.2 250 241.9 240.9 238.1 231.8 223.1 214 207.2 201.4 193.3 180.2 171.3 161 169.8 181.9 193.8 209.6 231.3 262.1 281.3 293.9 303.4 306.8 298.4 284 262.9 244 228.9 218.9 214 203.1
260.5 266.8 269.1 266.8 258.6 246.9 232.8 220.6 210.6 205.6 200.9 188.7 167.4 156.7 156.1 159.3 169 178.1 185 188.9 197.3 216.2 232.1 236 234 232.3 226.2 220 219.4 220.2 227.2 236.2 234.7 231.3 230 228.1 230 232.5 234.8 233.7 236.3 240.5 243 244.1 244.9 246.8 246.2 241.5 234.2 221.8 220.6 214.6 205.8 206.8 191.9 184.3 169.8 158.3 160.7 174.4 182.2 190.5 206.8 222.1 241.6 266 282.9 294 296.3 293.1 278.7 253.9 236.7 220.1 209.2 198.9 196.7 184.1
261.3 263.8 264.3 261.2 251.8 241.6 227.3 220.9 216.3 211.1 210.4 191.3 169 156.1 154.3 156.5 162 173.3 179.7 185 195.3 214.5 224.4 229.8 229.5 227.7 222.7 217 215.4 216.8 220.8 221.5 221.4 220.8 219.8 223 223.3 224.7 226.6 229.5 232.6 234.1 235.1 237.4 239.5 240.4 237.6 234.4 227.7 210.1 203.1 207.3 195.6 185.9 180.2 169.1 154.9 171.2 180.9 189.5 192.4 205 219.4 240.5 254.8 269.5 281 289.6 288.1 273.4 249.9 229.6 214.7 200.8 192.6 189.8 180.2 170.7
261.4 261.3 259.4 254.1 245.5 237.5 228.4 221.8 221.1 217.3 215.4 193.3 170.1 155.3 152.4 154.5 159.9 172.6 175.1 179.8 190.4 203 214.4 217 218.9 220 216.8 212.5 210.9 211.5 212.5 213.3 214.3 214.1 215.7 217.8 218.1 218.9 221 224.3 227.3 228.1 229 232.4 233.2 233 230.6 227.2 221.5 210.1 204.7 190.8 182.8 176.9 170.9 154.4 167 182.1 188.8 194.9 203.9 219.6 240.6 257.8 266.3 273.8 281.3 281.5 272.6 249.4 227.5 211.1 197 187.7 179.5 173.7 168.7 164.3
259.4 256.2 253.7 246.6 239.5 232.9 225 220.8 219.7 217.1 214.3 193.2 170.7 154.6 150.9 152.3 157.9 170.9 172.4 173.6 179 190.6 202.2 207.7 212 214.7 211.7 206.5 205.5 204.8 205.2 207.5 210.2 210.1 211.2 214 214.4 214.9 217.3 219.7 221.7 223.9 227 229.4 227.3 225.6 223.3 220.1 211.1 203.9 185.8 181 176.1 169 163 152.4 178.8 188.8 198.2 209.7 224.1 241.6 261.3 268.1 272.8 275.9 275.7 268 251 232.3 212 193.4 184.7 176.7 169.2 163.3 162.8 168.8
254.4 252.6 246.2 238.2 232.6 226.3 220.4 219.2 219.9 219.2 217.9 197 176.1 155.3 149.8 150.3 154.9 160.9 168.4 172.1 174.2 178.5 190.5 198.6 204.6 207.8 204.3 200.1 199.9 199 201.3 203.8 205.3 206 209.4 209.9 209.9 212.7 214.7 216.7 218.4 220 221.5 223.1 221.6 220.6 217.5 211.2 203.9 190.6 183.7 179.7 176.3 171.2 156.4 161.4 183.6 199.3 212.5 225.5 244.2 261.4 266.1 270.3 271.9 270.9 265.2 247.4 233.5 212.2 189.7 177.4 169.7 164.6 161.3 164.7 169.4 177.7
250.8 247.3 238 231.6 224.6 219.2 217.9 219.3 221 220.6 221.7 202.9 180.7 156.3 149.4 150.5 151.6 151.9 156.2 167.6 170.3 170.7 178.9 187.8 196.1 197.2 192.9 193.1 192.8 195 197.9 200.9 201.8 202.1 203.5 205.1 207.9 209.3 211.6 213.6 215.4 217.1 217.2 218.3 216.7 215 211.7 205.7 197.1 182.6 179.3 175.1 176.1 169.7 150.4 176 192.5 206.4 226.5 245.4 255.7 265 267 270.5 271.2 261.6 249.8 234.6 216.3 190 173.4 164.8 159.1 160.1 166.6 173.7 181.5 190.8
244 237.9 230.8 223.5 218.2 215.8 214.8 217 220.9 221.7 221.8 208.9 184.9 159.3 149 149 148.4 148.2 149.6 165.5 175.3 177.6 171.4 178.5 185.2 184.8 183.7 187.7 186.9 189.7 192.9 196.5 198.1 198.3 200.6 201 205.1 206.2 207.8 210.3 212.3 214 214 213.4 212.4 209.5 205.3 199.8 191.5 180.6 174.2 169.6 172.1 149.1 161.9 186.7 205 217.5 232.8 252.6 260.4 261.6 265.2 268.4 263.8 250.2 236.4 218.4 194.4 173.3 162.2 158.5 159.5 165.8 173.7 183.6 196.8 211
234.8 226.9 220.8 216.6 213.2 211.7 211.8 214.9 219.2 220.9 224.6 214.9 190.8 165 153.3 147.4 146.4 146.6 147.4 157.7 160.9 159.6 164.3 172.4 178 177.4 178.7 181.5 183.9 186.1 189.8 192.2 194.2 194.8 197.2 200.9 201.7 203.3 204.5 207.3 208.9 210.5 210.2 208.7 207.2 203.6 199.4 193.8 185 177 171.1 163.1 153.8 154.8 181.7 199.2 209.4 226.8 248.7 261.4 250.5 255.6 260.7 257.4 247.7 237.3 221.6 199.8 180.6 162.4 157.9 158.5 163.9 174 187.7 198.9 219.4 239.3
224.8 219.2 214.9 211.8 209.1 209.1 209.9 212.1 218.6 221 223.1 219 196.2 170.8 157.6 148.7 146.1 145.9 145.6 147.8 153.4 156.8 160.1 161 166.5 171 174.6 177.1 180.7 183.8 187.6 188.2 190.9 191.4 194.4 196.1 197.9 199.6 201.4 204.2 205.8 206.2 205.8 203.8 200.8 199.4 195.5 188 177.5 168.9 155 147.8 156.4 174.8 193.1 204.4 223.3 238.1 255.5 251.4 242.9 250.6 250.8 244.4 233.7 222.1 205.8 188 170.1 156.3 157.5 161.8 171.2 186.8 202.2 222.4 238.1 257.4
217.4 214.8 213.3 210.4 209.1 209.1 209.1 210.5 217.2 222.2 229.9 223.4 204.6 176.6 162.1 159.8 145.2 145.7 144.4 144.3 149.4 151.2 153 157.8 162.2 165.5 169.5 171.5 176.8 181.1 182.5 185.5 187.9 189.9 188.9 192.1 194 195.8 198.3 202.1 203.8 203 199.1 199.7 197.3 193.4 190 180.6 173.6 156.5 144.5 166.2 173.7 187.6 201.2 215.8 233.6 249.8 252.4 238.4 245 247.5 236.6 229.3 218.4 207 192.9 177.2 160.9 154.8 159.1 167.9 180.6 199 218.7 235.5 262.2 284.6
214.1 212.4 210.5 211 209.4 208.6 208.3 209.2 214.9 221.4 229.5 225.7 211.2 186.7 167.3 171.5 149.2 145.7 145 143.5 145.6 147.1 146.8 151.6 157 161.5 161 167.8 172.9 177 181 182 182.1 183.5 186.2 190.2 191.8 193.1 194.2 196.6 199.9 199.4 198.3 196.2 192.6 188.9 182.6 174.7 168.8 148.9 153.9 171.2 182.2 196.3 209.6 222.9 237.2 245.2 243 236.9 236 230 222.7 215.1 207 196.3 183.7 170.2 157.6 156.5 164.3 177 194.7 215.3 233.6 260.1 288.3 294.8
210.2 209.9 209.3 210.4 209 208.1 207.9 208.9 214.1 221.1 228.9 227.9 213.8 193.3 173.8 157.5 149.5 144.5 143.9 144 142.2 141.3 141.7 145.9 150.3 155.4 157.7 160.5 165.2 170.9 174.6 171.5 181.1 176 180.1 187 187.7 191 194.9 197.4 197.8 197.4 196.3 195.1 190.4 184.3 176.1 168.8 163.1 141.8 159.1 175.4 188.8 199.7 215.3 226.4 234.6 238.8 235.2 230.5 223.7 217.9 211.6 205.4 197.6 188.5 177.6 164.4 154.3 160.9 169.2 189 210.9 230.8 257.2 287.8 294.8 294.8
209.3 209.4 208.4 208.2 206.8 205.6 206 208.6 213.4 220.7 228.7 225.1 212.7 189.7 168.2 155.6 149 143.1 143 141.5 142.2 139.7 139 140.1 145 147.9 153.4 153.9 158.7 163.1 165.8 168.4 175.3 168.8 179.9 182.8 185.5 189 193 194.3 194.6 194.3 193.5 192 188.7 181.1 173 160.7 151.1 140 162 175.2 188.1 198.6 210.4 218.6 224.2 226.1 221.1 215.3 210 204.9 200 194.3 187.3 178.6 168.2 158.2 158.3 169 183.6 206.3 225.8 253.1 284.4 294.7 294.8 292.1
208.7 207.3 206.5 205.5 204.3 202.1 203.8 206.3 212.6 220.7 220.9 218.9 206.3 183.6 164.7 153.9 147.7 143.8 144.3 144 144 141.7 138.3 139 139.2 145.4 147.2 149.2 153.3 156.9 156.8 156.9 159.6 169.4 174.4 179.2 183.1 186.4 190.2 191.7 192.5 191.6 190 187.5 183.4 177.1 170.1 162.6 140.7 146.2 164.3 173.2 183.5 192 199.9 206 210.6 207.5 201.8 197.8 192.3 187.8 184.4 180.7 174.9 167.9 155.1 154.5 166.3 177.1 200.6 222.6 245.3 271 289.9 292.4 292.3 291
204 204.8 203.8 202.8 201.6 200.6 199.9 205.1 211.5 217.2 217.6 208.9 196.4 171.3 157.9 152.1 148 146.3 145.9 144.3 144.1 142.7 143.7 139 137 138.2 143.8 146.7 148.2 151.2 151.3 150 160.3 170.7 170.7 173.9 179.7 181.3 185.9 188.8 189.2 188.1 185.7 182.9 176.8 171.3 167.1 157.4 137.5 154.3 158.9 169.2 178.3 185.8 188 189.8 189.5 187.6 184.7 178.1 174.7 172.6 169.5 167.7 161.6 154.3 149 161.3 173.5 189.2 215.1 241.2 265.4 278.7 287.3 289.3 291.1 290.9
200.5 202.6 201.6 200.2 199.1 199 199 204.3 210.9 212.9 206.5 199.6 184.4 168.3 154.8 151.7 149.4 149.4 147.1 145.1 144.3 143.5 139.5 137.5 136.3 139.6 142.1 144.2 145.1 145.7 144.8 149.9 157 161.6 168.2 171.7 178.8 181.1 184.4 186.4 187 186 182.7 176.8 171.6 165.6 160.4 143.7 143.8 153.9 157.6 166 174.3 171.9 172.2 172.9 171.8 168.9 166.3 162.8 160 158.7 157.1 156 151.7 148.8 154.1 168.5 182.1 206.4 224.1 252.8 269.4 277.8 284.9 288.1 288.1 287.8
200.5 201.3 200.5 199.2 199.5 199 199 202.3 205.9 205.1 198.2 190.6 174.3 165.8 157 155.5 152.6 149.9 147.8 146.2 144.4 143.3 142 135.4 135.4 139 140.6 140.4 139.5 139.9 140.3 145.6 149.5 159.7 166.7 174.1 180.2 182.8 183.3 184.5 184.5 182.3 175.4 169.9 165.6 161.2 152 136.2 146.7 150.6 154.3 159.5 159.7 158.2 157.5 156.1 154.6 153.1 150.6 149.9 149.8 149.6 149.6 148.7 149.1 151.8 160.9 175.8 196.5 216.3 244.2 266.2 275.4 282.6 285 286.1 285.6 283.4
199.3 199.3 198.3 196.3 195.1 197.3 199.3 201.2 200.9 198.6 192.1 183.6 172.6 164.8 159.1 160.4 157.4 153.1 149.1 146.2 143.8 143.3 140.1 135 134.2 133.2 138.9 137.8 136.9 137.3 137.7 144.2 152.2 163.1 170.9 177.8 182.3 183.8 184.1 183.3 181.1 172.3 162.3 162.8 159.4 152.2 139.1 138 144.7 148.3 148.6 148.6 147.5 145.7 143.1 141.6 141.2 139.7 140.4 143.6 148 148.6 148.9 150.9 154.3 160.6 170.4 185.2 205.7 230.1 254.6 271.4 280.7 285 285 285 281.9 279.9
193.4 196.7 194.6 192.6 190.4 194 198.9 202.1 199.8 199 193.8 187.9 179.8 165.6 164 162.2 159.9 154.7 148.5 145.2 141.1 141.7 137.2 134.1 133.8 133.2 132.7 133.4 134.6 136.5 137.8 148.8 159.1 168.5 176 180.3 183.4 184.8 184.5 181.7 170.3 155.9 160.2 153.1 147.9 140.1 133.5 140.2 144.6 144 139 138.2 139 138.4 137.8 138.7 141 141.9 142.4 146.5 150.7 153.4 157.7 166.2 176.5 178.1 187.5 192.4 213.9 242.3 261.5 275.4 284.8 285.2 285 284.3 281.3 279.3
