data/280000-80000.asc
ncols 200
nrows 200
xllcorner 280000
yllcorner 80000
cellsize 50
[rows 140 to 174 of 200, columns 80 to 159 of 200]
51.9 45.7 44.9 40 33.9 34.4 35.3 43.3 57.8 73.5 89.4 97.8 100.1 97.7 89.9 80.9 74.9 71.7 71.4 73.8 76.7 74.9 75.7 76.9 78 84.6 94.2 102.4 109.2 114.3 118.6 121.8 122.9 120.9 120.9 120.7 118.4 117.3 115.5 112.7 110.2 103.7 101 107.6 113.3 113.1 109.5 107.6 108.1 110.7 113.3 116.4 116 111.2 103.8 95.2 95.5 91.8 81.2 75.1 81.8 87.6 98 107.7 110.7 115 118.1 122.6 124.5 129 131.4 132.6 135 135.9 138.5 140.5 145.5 152.2 162 171.6
55.3 57.8 51.3 31 33.6 33.9 35.8 46.3 59.8 76 89.6 99.2 105 102.9 98.2 93.2 90.4 86.1 83.9 84.5 86.1 86.4 86.5 88.4 87.3 86.2 86.3 93.1 98.5 104.8 109.2 113.2 116.1 116 116.1 115.2 115.2 115.9 114 112.7 108.8 105.7 98.5 110 115.5 115.5 110.8 103.9 97.6 100.8 103.6 106.7 111.6 110.7 103.8 95.5 89.1 89 80.5 73.4 82.3 88.9 97.9 106.3 108.2 110.9 118 122.9 128.2 132.7 131.5 131.7 131.9 133.5 135.2 137.4 144.2 151.8 160.9 170.4
67.7 62.2 48.6 33.6 32.9 32.2 34.3 45.9 58.4 73.1 86 96.3 105.1 107.4 109.1 111.6 112.8 108.5 105 102 99.5 102.1 104.8 104.1 101.4 101.5 97.9 94.8 93.6 96.9 102.5 106.4 110.5 110.9 110 108.9 109.2 109.3 109 109.1 106.2 101.3 98.3 107.7 113.8 118.8 117.1 109.5 103.1 94.1 94.3 96.2 103.9 108.3 103.8 95.6 85.6 84.2 78.9 72 81.2 83.8 90.7 96.8 101.6 112.6 120.2 125.2 131.1 131.2 127.2 126.5 125.7 127.4 130.2 136.5 142.9 152.8 161.6 171
73.8 61.1 43 32.2 32.3 31.5 33.7 44.7 58.1 75.2 87.2 96.8 104.8 110.1 114.2 117.8 120 120.4 120.9 120.9 121.2 121 122.9 123.9 121 122.4 117.2 108.8 105 103.9 103.2 104.5 106.6 107.9 106.4 103.5 104 104 103.6 103.2 102.3 96.6 96 101.6 109.6 115.7 117.7 115.8 109.5 102.1 88.2 86.7 94.7 104.3 103 96.1 87.7 80.5 77 71.6 80.5 90.5 94 98.2 103.7 115.3 122.4 127.8 128.8 125.4 120.4 120.9 121.4 124.8 130.6 136.8 143.1 150.7 162.4 169
67.2 55.9 37.3 30.3 31.8 30.9 36.1 47.2 61.8 76.9 88.3 97.7 105 111 115.3 120.2 124.9 126.7 128.1 129 129.3 129.4 130.7 131.1 130.9 132.7 133.7 126.3 122.5 121.8 117.8 113.1 109.5 107.5 103.8 100.4 99.6 98.9 98.6 98.1 97.8 95.4 95.4 99.1 104.5 111.1 115 118.6 114.6 107.7 95.1 82 86.3 97.6 99.6 95.3 89.4 81.4 74.4 71.9 82.9 93 106.3 107.4 112.8 118.3 123.8 125 123 115.6 113.6 115.7 120.3 125 131.6 136.7 141.9 149.5 161.3 167.8
65.4 49.4 33.6 31.7 32.1 30.7 39.4 55.6 68.5 78.4 88.2 97 103.3 109.7 115.1 121.3 126.5 130.3 132.4 133.8 134.9 135.1 135.6 136.7 137.3 138.1 138.6 136.6 137.1 135.7 130.5 125.2 117.6 112.6 105.9 101 98.2 95.2 94.1 95.2 94.9 93.7 98.1 99.3 103.1 109.5 116.8 119.3 117.3 109.8 98.5 85.1 82.3 92 96.9 93.1 87.4 79.1 72.9 73.6 83.7 97.3 110.4 117.7 121.7 123.1 124.7 121.6 115.2 109.3 112.9 117.1 121 125.3 130.7 135.9 140.7 143.7 151.1 165.1
60.1 43.8 32.6 32.4 32.4 37.1 61.5 69.2 68.7 75.2 83.3 92.8 99.1 105 110.7 116.7 123.4 127.4 131.6 135.6 138.1 139.5 140.5 140.9 141.3 141.1 140.9 139.7 139.8 138.6 136.9 132.2 123.8 117.2 110.4 104.9 98.6 95.5 91.5 91.3 91.1 95.8 101.1 102.6 103 109.3 115.6 117 114.5 108.2 99.3 87.9 80.9 86.2 91.1 89.9 84.2 76.5 69.8 75.2 86.7 102.1 113.6 122.4 126.5 127 122.3 117.1 110.3 108 114.7 120.5 122.1 125 129.7 134.6 138.9 143.3 146.5 161.4
58 42.7 33.4 31.6 30.3 41.3 57.4 54.9 56.8 64 67.7 75.5 85.8 96.8 104.2 109.6 117 124.1 127.9 132.4 134.9 138.8 140.6 142.6 144 144.2 142.5 141.2 139.7 137.9 134.6 131.2 126.2 120.4 113.2 103.2 95.3 91.3 89.5 90.5 91.8 96 101.7 104.3 104.6 106.3 110.3 111.1 108.6 104 98.5 90.3 82.7 78 82.8 84.5 81.8 74.3 68.4 76.3 91.4 107 118.2 124.6 127.6 124.8 119.1 112.1 106.9 107.2 113.5 121.6 122.9 124.8 128.8 133.9 137.5 144.4 151.3 156.4
55.4 45 35 32.3 31.7 33.9 42.4 50.1 63.9 76.9 78.7 80.4 82.3 86.2 93.5 100.1 108.4 117.5 123.8 127.2 131.2 136 139.5 141.8 142.3 142.5 141.2 140 138.4 135.6 132.4 128 124 118.3 106.4 91.8 85.3 88 89.4 92.7 93.7 96.6 102.3 104.5 103.1 101.5 103.4 104.8 102.9 98.3 93.4 88.7 83.8 78.2 76.1 77.7 76.3 71.6 68.2 79.9 97.3 106.7 116.5 120.3 126 125.3 118.6 110.6 103.5 101.7 114.3 118.3 119.7 123.8 129.6 134.5 137.8 143 147 150.7
52.9 44.2 34.8 32.3 31.7 35.6 46.5 63 80.4 85.2 88.8 100.2 96 91.2 93.5 97.9 102.5 108.3 113.8 120.6 126 131.4 136 138.6 139 138.2 137.7 135.2 133.2 130.8 127.1 122.7 114.3 104.9 93.4 84.6 94.4 98.7 100.7 104.7 105.3 103.6 104.4 104.4 103.2 99 98.1 98.6 97.3 94.1 88.6 83.5 80.2 80.6 78.3 72.8 70.4 67.7 69.4 85.3 101 104.4 109.9 115 122.8 125.1 118.8 111 100.1 97.3 112.3 112.1 116 122.5 128.5 134.2 138.4 142.1 144.6 146.2
42.4 38.7 33.3 32.2 30.1 41.3 56 64.2 73.8 82.6 89.3 96.4 100.4 101.5 106.8 111.7 112.9 115.4 117.6 119.7 122.8 126 128.6 131.2 133 132.7 130.5 127.9 125.7 122.7 118.2 114 103.7 90.9 83.3 93.2 108.3 114.3 116.2 120.8 121.9 118.3 112.8 108.5 105 100 94.8 93.1 91.7 89.5 84.9 79.7 78 79 81 72.5 68.2 67.1 74.1 88.1 96.5 98.5 98.7 105.8 120.3 121.9 116.6 107.8 97.4 96.5 105.9 108.7 114.6 121.2 127.3 132.4 136.9 140.2 141.2 140
41.7 34.6 32.5 32 31 43.9 55.3 60.9 68.5 75 81.8 89.4 94.1 97.5 101.9 109.6 117.3 122.3 123.4 122.3 122.3 123.4 123 124.6 124.8 124 122.5 119.1 116.7 113 108.7 104.6 93.6 84 88.4 97.9 111.2 123.6 123.2 126.1 127.6 125.4 121.2 113.1 107.6 102.9 97.4 92.1 87.1 84.7 81.5 77.5 74.9 75.8 76.8 72.6 66.4 67.4 70.8 80.6 86.8 91.4 92.1 107.9 118.1 117.3 112 103.7 92.3 96.7 105.3 113.6 117.5 121.7 126.6 129.6 134 135 136.7 135.7
38.9 33.9 32.1 29.3 31.3 42.3 51.2 56.3 61.4 67.8 74.3 80.1 86.6 91.6 96.3 105.7 115.7 118.6 121 122.8 121.6 121.1 120.5 119.7 119.2 118.1 116.4 112.3 107.6 104.1 98.7 89.3 80.8 92.9 104 104.7 100.8 116 125.1 126.5 127.4 129.5 127.4 121 113.4 106 100.9 95.8 90 86.1 83.1 78.7 75.1 72.3 74.5 69.5 64.9 69.3 79.2 80.3 82.6 86.3 98.7 113 115.1 112.8 107.5 100.1 89.9 97 108.8 116 121.2 122.9 124.6 128.1 130.3 129.6 130.4 130
37.2 33.8 32.6 31.2 33.9 40.5 46.3 51 55.4 61 67.8 74 80.5 87 91.7 98.3 105.4 110.7 113.8 115.4 116 116.2 117.1 116 113.3 111.9 109.5 106 95.9 91.5 83.4 78.9 88.6 101.9 107.7 108.7 95.3 94.9 113.8 125.7 127.2 128.4 128.3 125.1 117.4 108.9 103.4 98.4 93.3 90.6 87 82.6 81 79.1 72.8 66.3 64.2 71.1 82.6 93.3 99.3 103.1 108.5 109.8 110.7 108.5 102.5 93.7 89.6 101.8 113.2 119 122.7 122.3 123 124.9 126.8 125.5 124.6 124.2
37.9 35.3 31.2 31.7 29 32.5 39.6 42.6 46.5 52.9 60.4 67.1 76.6 83.1 89.6 94 97 101.2 105.1 106.4 106.8 106.7 106.3 105 102 101.3 98.3 91.4 83.9 77.7 76.7 84.4 91.3 99.2 103.9 105.2 91.2 83.7 92.8 111.7 124.7 125.3 124.4 122.5 119.2 112.3 105.7 100.2 96.8 93.9 89.1 86.6 85.8 83.8 76.7 65.2 63.8 69.8 84.2 99.9 109.1 108.3 104.9 104.5 106 104.1 98.4 87.7 91.5 105.3 115.9 119.5 120.9 120.4 119.8 121.6 122.7 121.4 119.8 119
41.3 33.4 31.8 31.6 31.3 29.6 39 46.5 60.5 66 74.1 79.6 83.8 87.4 90.7 93.5 93.6 95.4 95.8 96 96 94.9 94.2 93.9 92.3 89.3 84 75.2 73.2 78.4 85.7 96.3 98.1 101.1 99 96.4 96.3 77.9 76.1 91.1 110.2 119.1 118.4 116.9 118.1 115.2 107.9 103.5 97.1 92.8 87.4 85.1 83.7 82.3 76.4 64.2 63 68.9 82.6 101.6 110.6 106 100.2 94.8 99.8 99.4 95.1 82.4 94.5 108.7 117.4 120 119.1 117.8 115.4 116.4 118.1 117.4 115.8 115.2
42.5 30.1 30.7 31.1 30.8 29.6 42.8 59.6 68 73 78.7 85 89.2 93 92.5 94.2 90.9 86.7 80.1 78.7 78.1 78.1 79.2 79.4 80.1 79 72.5 76 84.5 87.5 93.8 100.5 100.7 105.5 95.6 79.7 81.6 78.8 67.4 72.6 91.8 106.1 109.9 110.4 113.5 115.8 112.7 108.4 103.1 94.4 87.3 79.2 77.8 78.5 72.8 63.1 62.3 69 80.4 97.9 105.5 103.9 97.7 89.4 92.5 92.4 87.6 84.7 98 113.1 116 117 116.8 114.5 111.5 111.4 112 113.1 111.6 110
41.3 30.8 30.5 30.6 30.3 30 48.8 62.9 71.4 76.5 79.5 84 86.6 88 88 83.4 77.6 64.2 60.6 60.9 63.5 64.3 67.9 69 69.1 71.3 78.8 85.5 89.5 95.4 98.2 91.3 84.9 86.1 88 72 63.3 61.9 59 59.1 75.4 86 89.5 93 105.3 110.9 112.8 111.4 107.7 96.1 87.6 80.1 70.8 70.4 67.3 62 61.3 72.9 78.9 94.4 99.8 99.4 95.3 85.9 83.8 79.1 79.8 91 106 112.6 112 111.9 111 110.8 107.8 106.5 106.8 106.6 107.3 103.1
38.1 30.6 30.4 30.4 30.7 35.7 49.2 66 79.7 78.5 79.1 81.7 83.9 83.7 79.7 75.3 59.5 56 63.9 68.2 72.1 78 80.8 81.6 82 85.8 91.2 94.1 97.2 96 85 71.5 63.2 63.7 67 56.3 49.5 50.4 50 51.5 55.5 63.5 67.5 75.9 84.1 94.3 105.6 108 103 95.3 84 74.5 67.1 63.7 61.9 60.3 70.3 82.2 85 89.6 92.9 92.6 88.5 82.6 75.5 78.2 85.3 95.4 105.7 107.6 106.4 105.2 104.1 104.7 103 100.9 101 100.6 98.8 100.3
38.9 33.6 31.4 30.4 30.7 36.2 49.9 68.5 76.8 76 76.1 77.5 76.4 76.1 72.3 63.2 52.3 63.1 74.7 80.3 84.4 89.9 96.2 97.6 98.4 96.5 97 89.6 84.3 78.2 71.1 53.8 43.5 43.3 44.6 46 45.9 46.9 48.6 48.6 49.6 50.4 51.9 55.2 62.6 75.3 82.7 94.2 96.3 89 72.3 65.2 61.6 61.1 59 66 77.7 79.7 79.5 82 83.7 82.4 79.1 75.7 72.9 76.6 84.4 94.6 98 98.6 96.6 97 97.4 98.1 96.4 94.9 94 94.5 96.2 98.1
44.2 35.1 30.6 29.3 29.6 36.8 48.1 59.7 69.9 72.4 71.5 63.9 58.7 56.5 60.4 56.2 52.2 64.5 77.1 81 90.1 95.9 103.4 100.5 96.1 88.7 83.9 78.4 75.5 74.1 69.5 47.1 44.1 51 51 52.3 55.3 58 57.1 54.8 55.7 59.2 59.4 57 52.4 55.3 64.1 73.8 82.6 79.5 64.8 58.7 58.7 58 64.1 68.5 73 73.7 70.5 71.8 71 70.4 70.7 71.4 71.4 72.9 74.3 86.1 89.8 88.6 87.2 88.8 89.3 89 90.1 91 91.8 94.2 96.4 100.1
51.4 48 33.2 29.7 29 30.6 30 60 66.3 65.9 66.3 58.8 43.9 41.2 44.6 45.9 52.2 58.4 66.3 75.2 83.3 90.3 98.1 99.3 97 92.9 85.8 76.7 69.1 67.4 67.2 45.1 47 65.3 75.6 75.2 77 77 77.9 77.5 75 79.3 81.5 78.3 68.5 55.1 54.7 57.5 68.3 69.8 55.7 58 58.9 58.3 59.8 60.5 63.9 64.5 64.6 65.8 66.1 68 69.2 73.3 75.3 77.7 75.7 76.3 77.6 79.9 80.5 83.2 84.2 86.8 88.6 91.9 93.7 95.8 99.6 102.3
59.5 60.1 47.8 29.4 30.5 30 30 30 62.3 51.9 52.4 47.8 39.7 48.1 61.5 60.2 65.8 71.5 75.7 82.8 90.2 95.7 99 101.4 100 96.3 92.1 85 74.7 63.3 51.2 42.3 43.9 62 75.7 83.5 89.2 92.6 95 93.8 95.3 94.8 97.8 95.9 82.9 69.2 53.2 53.8 54.7 55 55 59.2 61.4 60.1 61.6 62.1 63.5 65.8 71.7 72.4 74.9 78.5 83.6 87 90.7 95.4 95.8 79.3 77.6 81 83.6 83.7 88.1 91.5 96.5 98.7 97.4 98.2 101.5 103.7
68.2 66.6 56.6 31.5 30.4 29.7 29.7 30 55.9 49 40.7 38.2 41.1 63 79.8 74.8 76.5 82.6 87.1 92.2 98.2 102.6 103.7 102.9 101.1 98.3 91.3 78.7 66.1 56.9 47.5 42.4 45.1 66.6 83 98.4 106.5 109.9 113.1 114 112.9 112.8 107.6 102.3 94.6 83.2 69.9 58.9 54.4 54.5 59.7 63.6 66.1 65.7 65.7 66.8 69.7 73.8 82.3 84.5 86 89.8 96.2 102.2 104.5 102 98.9 82.5 84.5 92.5 100.2 101.7 104.2 109.5 109.1 106 103 101.5 101.6 103.3
71.8 67.8 54.3 35.2 28.5 28.4 27.6 30.2 48 47.9 35.8 34.8 47.6 72.4 77.8 78 81.1 86.2 90.4 99.1 102.1 103.1 102.5 98.9 95.2 90.1 81.3 64 51.4 43.5 39.8 40.3 56.3 78.2 97 109 115.8 120.4 126.3 129.2 133 132.3 127.9 121.3 114.2 102 91.9 81 78 78.9 82.6 80.8 76.2 70.1 70.3 73.4 70.5 71.9 87 95.9 100.4 104.6 109.9 111.2 107.8 100.3 93 85.5 87.4 96.2 106.3 113.9 117.8 116.4 113.1 109.3 106.4 105.2 101.2 103.2
55.4 56.7 42.8 31.4 31.7 30.4 28.8 27.2 31.9 38 33.3 33.4 46 75.8 73.2 75.7 81.9 87.1 93.7 99.6 101.1 100.4 97.8 92.1 87.6 83.2 70.2 52.3 40 38.4 39.9 49.5 65.4 81.9 99.4 106.7 113.9 119.5 125.4 128.7 131.4 131.8 131.3 130 127.6 123.1 119 111.3 108.3 109.2 106 100.6 87.1 75.8 77 80.6 79 74.3 77.5 88.8 102.9 114.1 116.5 113.7 104.7 97.2 94.9 91.5 89.3 98.3 112 118.8 124 120.6 116.6 112.1 108.8 106.9 102.4 103.8
34.5 42.4 32.8 30.4 29.5 30.6 30.8 32.2 29.7 30.9 31.4 32 32.4 67.5 66.8 72 80.8 84.8 92.1 96.7 96.6 95.3 91.6 82.6 75.6 70.6 55.6 41.3 37.3 39 43.4 47.1 58.5 72.2 89.1 96.7 104.8 108.6 111.2 112 111.4 116.4 121.5 126.5 128.3 129.3 128.5 125.9 124.9 123.7 120.3 108.7 86.1 87.6 96.7 92.3 86.2 81.5 79.4 78.8 87.7 105.6 117.8 114.3 109.7 106.7 108.9 104 92.6 95.6 111.4 120.9 123.6 121 117.8 114.4 111.2 108.1 104.7 105.4
33.4 33.3 32.3 31.2 32.6 34.5 39.8 47 32 28.4 30.9 31.5 30 30.2 62.1 64 74.5 83.7 91.9 94.7 92 89.3 82 73.8 61 52.2 40.3 36.4 37.9 42.9 50.8 59.8 58.8 62 75.4 80.4 82.8 88.5 95 97 100.4 104.3 109.7 113.1 121.2 123.4 126.5 128.6 127.1 125.5 120.7 102.6 86.6 100.3 110.2 110.2 104.5 97.4 87.6 86.1 81.8 97.8 109.8 116.7 118 119.1 115.5 109.6 97.7 96.5 104.3 119.4 122.6 120.1 116.9 114.4 111.2 107.9 107.2 107
37 34 34.4 35 36.2 45.8 50.3 52 49.5 40.1 26.8 32.7 30 30 54.5 63.1 75.7 84.6 90.8 91.8 84.8 78 65.4 59 46.4 38.2 35.2 34.8 40.4 50.9 61.4 70.1 74.8 66.8 66.8 72.9 83.3 84.4 90.4 98.8 105.1 110.8 115.3 117.2 118.4 122.4 123.9 125.4 123.3 120.5 115.4 98.6 97.5 111.7 116.5 116.3 115.2 112.2 104.5 93 85.5 90.6 99.1 112.4 123 122.6 116.5 109.7 97.6 99.9 113.7 122.4 121 119.2 115.7 112.4 109.3 109 108.8 108.9
44.9 46.7 43.1 43.5 44.7 52.6 60.3 60.8 59.8 52.7 36.5 27.4 33.7 40.6 45.6 56.9 73.5 82.5 87.5 85.5 78.6 62.4 49 41.3 35.1 33.5 34.9 38.1 44.9 54.6 67 78.4 90.4 85.5 81.9 84.2 92.8 96.3 95.3 103.4 110.7 117.6 121.3 123.1 124.3 125.5 126.2 122.4 116.6 111 105.8 96.1 95.9 110.9 113.6 114.3 112.6 109.7 103.4 90.8 95.5 95.9 99.6 105.3 121.4 122.6 117.2 105.3 102.6 113.1 124.3 122.6 120.9 117.2 113.9 110.6 107.1 106.1 106.4 106.7
59.4 57.3 54.5 53 53.9 64 69.5 71 68.7 61.7 51.3 35.4 26.8 36.8 41.4 49.9 63.4 74.8 77.8 73 66.3 49.4 35.9 32.6 33.1 33.9 37.3 42 49.9 58.8 67.7 84.5 96.1 102.5 101.3 96.8 100.3 104.5 106 109 114.2 120.4 125.8 128.1 130.3 130.5 129.2 125.2 119.1 111.4 105.7 100.1 96.4 105.1 109.8 112.9 111.3 107 100.6 98.8 105 111.2 115 119.5 124.4 126.9 119.3 108.6 114.6 126.4 124 123.1 118.7 115 111 107.7 105.2 104.6 104.5 104.5
76.3 72.1 64 64.6 63.2 71.8 78.4 81.2 77.5 70 57.7 43.2 29.7 28.1 38.5 45.1 53.9 63.8 68 62.8 46.3 32.8 32.8 33.1 36.9 43.5 48.2 50.4 52.5 57 67.3 82.6 96.6 104.3 106.5 102.4 100.6 100.4 102.6 108.3 113.5 121.1 127.2 129.4 129.9 130.5 130 127.1 122.6 117.1 112 105.4 99.7 105.3 111.9 119.9 117.1 112 107.9 110 117.5 123.7 129.8 133.6 135.1 137.1 127.1 119.5 128.6 127.7 125.3 122.1 117.3 112.8 108.6 106.8 105.2 103.6 103.4 103.4
90 83.5 70.6 74.4 69.1 76.4 83.3 88.8 84.2 75.8 60.8 47 33.5 26.4 27.9 39 45.3 52.6 55.9 53.8 39.8 32.1 37.8 46.9 54.9 64.6 67 66.1 64.9 65 70.1 81.1 96 104.8 107.6 105.1 99.8 95.5 96.4 102.5 107.7 115.2 121.7 124.4 124.8 124.6 125.3 125.1 123 118.4 111.6 104 103.7 112.5 123.3 127.9 125.9 119.7 118.5 123 126.9 130.5 133.2 135.8 137.6 137.6 137.7 132.3 130.7 129.5 125.1 119.9 115.2 112.8 110.9 107.9 105.6 102.8 102.6 102.2
95.6 88.8 79.7 83.3 76.9 77.3 84.3 86.8 86.9 81.1 65.8 47.7 34.9 28.7 28.5 29.4 37.8 41.1 42.6 42.9 34.1 30.8 44 58.8 73.2 78.4 80.8 80.3 78.7 75.9 77.4 84.1 95.4 103.8 106.5 106 100.8 93.5 88.5 92.7 98.3 107.7 114.6 117 115.2 113 117.5 119.6 118.7 116.7 110.7 108.7 113.4 119.1 129.4 135 134.1 128.9 130.1 130.7 133 132.7 128.5 131.1 140.6 144.7 138.6 137.8 135 132.3 127.4 121.2 117.4 117.7 114.4 109.2 104.8 101.8 101 100
95.1 89.1 86.5 86.8 81 81 83.8 86.1 86.2 83.5 68.8 48.9 34 29.1 25.6 28.2 30.7 32.6 30.1 30.2 30.6 38.6 49.3 63.7 76.5 80.7 82.6 86.1 90.8 86.6 86.6 87.3 93 99.2 102.2 103.3 99.9 92.9 82.2 83.3 90 100 104 104.8 103.5 104.3 106.5 112 119.4 120.9 119 113.6 123 128.1 132.4 139.3 138.2 136.2 133.3 132.3 130.6 130 121.8 131.1 138 140.5 139.1 137.6 136.1 133.9 129.7 122.8 124.2 120.5 115.9 110.4 105 102.1 99 97.7
