data/280000-940000.asc
ncols 200
nrows 200
xllcorner 280000
yllcorner 940000
cellsize 50
[rows 70 to 104 of 200, columns 78 to 155 of 200]
154.1 153.8 153.3 151.4 153.8 155.5 156.1 156.5 156.6 157.2 157.7 158.2 158.3 158.4 158.5 158 157 156 155 154 153 152.2 150 151.1 151.9 152.6 153.8 155 156.4 157.3 158.3 159.3 160.3 161.3 162.1 163.6 165.4 167.4 169.2 170.4 171.4 172.4 172.8 172.7 172.1 170.9 168.4 172.4 172.8 175 176.5 178.1 179.6 181 182.5 183.2 183.9 184.5 185.1 182.1 182 182 182 182 182 182 182 183.7 187.7 186.5 186 185.2 183.6 180.8 180.8 180.7 180.6 181.4
155 153.9 153.9 151.7 155 156 156.8 156.9 157.1 157.7 158.2 158.8 159.2 159 158.8 158.1 157.9 157.1 156.1 155.1 154.1 153.3 152.2 150.8 152.8 153.9 155 156.3 157.6 159 160.1 161.1 162.1 163.1 163.7 165.1 167.3 169.3 170.7 171.8 172.8 173.5 173.5 173.2 172.6 171.3 169.6 171.9 173.3 174.8 176.3 177.8 179.4 180.9 182.1 183 183.7 184.4 185 182.7 182 182 182.2 182.3 182 182 182 182 185.5 184.8 183.9 183.3 182.7 181.3 181.2 181.1 181 180.5
155.2 154.4 154 152.5 152.3 154.9 156.5 157.3 157.6 158.1 158.7 159.3 159.7 159.4 158.9 158.7 158.7 158.1 157.2 156.3 155.3 154.4 154 151.6 153.7 155.2 156.3 157.6 158.9 160.3 161.6 162.9 163.9 164.8 165.7 167.3 169.3 170.8 172.2 173.2 174 174 174.1 173.7 173.1 172 169.5 172.4 173.8 175.2 176.6 178 179.5 180.7 181.7 182.6 183.3 184 184.6 183.2 182.2 181.8 182.4 182.4 182.1 182 182 182 183 182.8 182.2 182.2 182.2 181.9 181.7 181.3 180.8 180.2
154.9 154.3 152.3 153.3 153.9 154 155.7 157.5 158 158.6 159.3 159.9 160.3 160.2 159.8 159.5 159.4 159.1 158.2 157.3 156.4 155.5 152.9 154.5 155.4 156.4 157.6 158.8 160.2 161.6 162.9 164.3 165.6 166.7 168.3 169.4 170.8 172.3 173.6 174.4 174.5 174.6 174.6 174 172.9 171.7 170.2 172.1 174.1 175.5 176.9 178.2 179.3 180.2 181.2 182.2 183 183.6 184.1 183.7 182.6 181.6 181.9 181.8 181.8 182 182 182 182 182.1 182.2 182.2 182.2 181.9 181.5 181.1 180.7 180
154.8 154.5 153.8 151.2 152.8 154.2 155.6 157.3 158.5 159.2 159.8 160.5 160.9 160.8 160.7 160.4 160.2 160.1 159.2 158.3 157.6 156.6 154.1 155.4 157 158 159 160.1 161.6 163.1 164.5 166 167.5 168.4 169.4 171.1 172.6 173.8 174.9 175 175.1 175.1 174.9 173.7 172.8 172 171.4 172.8 174.3 175.8 177.2 178.9 179.6 180.2 180.9 181.7 182.6 183.1 183.7 184.2 182.9 181.6 181.3 181.4 181.4 181.8 182 182 182 183.2 182.4 182.2 182.4 181.8 181.3 180.9 180.5 179.8
155.3 154.6 153.7 151.6 153.6 154.5 155.8 156.9 158.2 159.9 160.4 161.1 161.5 161.4 161.4 161.3 161.1 160.9 160.3 159.5 158.7 157.5 154.6 156.2 158.3 159.5 160.3 161.2 162.8 164.6 166.3 168 169.5 170.2 170.9 172 173.7 175.1 175.6 175.6 175.7 175.7 175 174.3 173.4 172.6 170 172.7 174.5 176.2 178.1 179.2 179.8 180.5 181.2 181.8 182 182.9 183.5 184.1 183.3 181.9 181.3 181.3 181.3 181.3 182 182.6 184.8 184.3 183.3 182.8 182.5 181.9 181.3 180.7 180.3 179.8
155.3 154.8 153.7 151.4 151.5 152.8 155.1 156.8 158.7 160.5 161.2 161.7 162.1 162.1 162.2 162.1 161.9 161.8 161.4 160.8 159.5 158.2 156.6 157.8 159.3 160.6 161.5 162.4 163.6 165.3 167.1 169 170.6 171.6 172.6 173.4 174.6 175.9 176.3 176.4 176.3 176.2 174.8 173.9 173.6 172.9 169.8 173.2 174.9 176.9 178.8 179.5 180.1 180.8 181.4 182 182.1 182.7 183.7 184.3 183.3 181.4 181.3 181.3 181.3 181.3 182.9 185.2 185.3 185 184 183.3 182.7 182.1 181.5 180.8 180.3 179.8
155.3 154.8 154.7 154.2 152.2 152.1 155 157.3 159.3 161.2 161.9 162.6 162.8 162.9 163 162.9 162.8 162.7 162.4 161.9 161.5 160.4 159.6 159.7 160.2 161.6 162.6 163.5 164.5 166.2 168.5 170.5 171.4 172.3 173.3 174.4 175.4 176.5 177.1 177.3 177 176.7 175.2 173.3 172.6 172.2 170.7 174 175.9 177.6 179 179.7 180.3 180.9 181.6 182.2 182.4 183 183.7 184.5 183.3 181.3 181.3 181.3 181.3 181.3 185.3 186 185.8 185.6 184.5 183.5 182.9 182.3 181.7 181.3 180.7 179.7
155.3 154.8 154.3 153.9 152.9 153.6 155.7 157.6 159.6 161.8 162.7 163.4 163.5 163.6 163.8 163.8 163.7 163.7 163.3 162.9 162.5 162.6 162.5 162.6 162.7 163.1 163.8 165 166.6 168.3 170.3 171.9 172.6 173.3 174.3 175.5 176.5 177.1 178 178 177.7 177 175.8 174 171.9 169.3 172.4 174.4 176.1 178.2 179.3 179.9 180.5 181.1 181.8 182.4 182.7 183.4 184 183.9 182.6 181.3 181.3 181.3 181.3 181.3 185.4 186.7 186.8 186.3 184.7 183.7 183.1 182.6 182.2 181.8 181.1 180.2
155.3 154.7 154.4 153.2 152.1 155 156.6 158.6 160.5 162.5 163.6 164.2 164.5 164.7 164.9 164.9 164.7 164.6 164.2 164 164 164.1 164.4 164.8 165.1 165.3 165.8 167.1 169 170.7 172.5 173.3 174.1 174.9 175.4 176.6 177.5 178.1 178.7 178.3 177.5 176.8 176 174.5 172.1 169.8 172.7 174.2 176.8 178.9 179.5 180.1 180.7 181.3 182 182.6 183.1 183.7 184.2 184.2 182.1 181.3 181.3 181.3 181.3 181.3 184.7 187.7 187.7 186.8 184.9 183.9 183.5 183.1 182.7 182.3 181.6 180.6
155.3 154.8 154.7 154.8 153.8 155.8 157.7 159.5 161.4 163.2 164.4 165.4 165.6 165.8 166.1 166.1 165.8 165.6 165.4 165.5 165.6 165.8 166.1 166.4 166.8 167 167.8 169.2 171.3 173 174 174.8 175.9 176.6 177.1 177.7 178.6 179.2 179.3 178.5 177.6 176.7 175.9 174.6 170.6 172.1 173.6 175.2 177.4 179.2 179.8 180.4 181 181.6 182.2 182.9 183.3 183.8 184.2 184.5 183 181.3 181.3 181.3 181.3 181.3 185 188.9 188.1 187 185.2 184.3 184 183.6 183.2 182.8 182 181.2
155 154.8 155 154 152.3 156.5 158.8 160.4 162.3 163.9 165.2 166.2 166.8 167 167.2 167.3 167 166.8 166.9 167 167.1 167.4 167.8 168.1 168.4 168.8 169.8 171.3 173.4 174.9 175.9 176.6 177.7 178.2 178.8 178.9 179.6 180 179.6 178.8 177.8 176.8 175.7 174.3 169.7 173.8 175.6 176.7 178.5 179.3 179.9 180.5 181.1 181.6 182.4 183.3 183.6 184 184.9 184.7 182.8 181.4 181.3 181.3 181.3 181.3 184 190 187.4 186.2 185.4 184.4 184.2 183.9 183.7 183.3 182.6 182
154.6 154.1 154.1 153.7 153.8 156.8 158.7 161.1 163.1 164.7 166 167 167.9 168.2 168.4 168.6 168.4 168.3 168.4 168.4 168.5 169.1 169.5 169.8 170.1 170.4 171.8 173.4 175.6 177 177.9 178.9 179.8 180.4 180.3 180.3 180.6 180.7 179.5 178.1 176.8 175.9 174.9 174 170.5 173.7 176.6 177.5 178.4 179.3 179.9 180.5 181.1 182 183.1 183.7 184.1 184.5 185.1 184.8 183.4 182.5 181.3 181.3 181.3 181.3 182.9 187.8 186.4 185.6 185.6 184.5 184.3 184 183.8 183.5 183.5 183.9
153.4 152.9 152.2 152.7 154.7 156.5 159.7 162.1 164.2 165.8 166.9 167.9 169 169.4 169.7 169.9 169.9 169.7 169.8 169.9 169.9 170.4 171 171.6 171.9 173 174.5 175.9 177.3 179 180.2 181.2 182.1 182 181.8 181.4 181.5 180.6 178.9 177.5 176.2 174.9 173.8 173 172 175.1 176.9 177.5 178.3 179.2 180 180.6 181.6 182.7 183.7 184.1 184.5 184.9 185.3 185 184.7 184 183.2 182.2 181.3 181.3 182 184 184.2 185 185.4 184.6 184.4 184.1 183.9 183.6 183.4 184
152.7 153.5 154.1 154.8 157.4 158.9 160.7 163.1 165.3 166.9 167.9 168.9 170.1 170.7 171 171.2 171.2 171.2 171.3 171.3 171.4 171.7 172.3 172.9 174 175.6 177 178.3 179.8 181.6 183.5 184.5 185.2 184.3 183.3 182.6 181.9 180 178.4 177 175.7 174.3 173 171.9 172.7 174.6 176.8 177.5 178.4 179.2 180 181.1 182.2 183.3 184.2 184.6 185 185.3 185.4 185.2 184.9 184.7 184.4 184 182.7 181.3 181.5 182.1 182.7 183.8 184.7 184.7 184.5 184.2 183.9 183.7 183.4 183.3
151.9 152.6 155.1 156.4 157.8 160 161.9 164 166.3 167.9 168.9 170 171.2 171.9 172.3 172.5 172.5 172.7 172.8 172.8 172.8 173 173.6 173.9 175.9 178 179.4 180.8 182.4 184.3 186.2 187.7 188.1 187.3 185.4 183.8 182.6 179.8 177.8 176.5 175.1 173.8 172.5 172.2 173.8 175.4 176.8 177.8 178.7 179.5 180.7 181.8 182.9 183.9 184.7 185 185.3 185.7 185.8 185.5 185.2 184.9 184.7 184.2 183.4 181.8 181.4 181.6 182 182.8 183.7 184.2 184.2 183.9 183.6 183.4 183 181.4
154.6 153.8 156.1 157.6 159 161 163 165 167.2 168.8 170 171.2 172.2 172.9 173.6 173.8 173.9 174.2 174.5 174.4 174.4 174.3 174.2 175.8 177.9 180 181.9 183.2 185.1 187 188.9 190.9 191.3 189.5 187.3 185.1 183.1 180.4 177.4 175.9 174.3 172.6 171.5 173.4 174.1 175.6 176.9 177.9 178.9 180 181.4 182.5 183.5 184.6 185.2 185.5 185.8 186.1 186.1 185.8 185.5 185.2 184.6 184.4 184 182.8 181.7 180.7 181.3 181.9 182.4 182.8 183.3 183.5 183.2 182.8 182.3 180.5
155.5 156.2 157.2 158.7 160.3 162.2 164 166.2 168.4 169.9 171.1 172.2 173.3 174 174.7 175.2 175.4 175.7 175.9 176.1 176 176.4 176.8 178.1 180.1 182 184 185.8 187.7 189.7 191.6 193.6 194.3 192.3 190.1 187 183.9 180.7 177.5 175.9 174.3 172.9 171.3 174 174.4 175.9 176.9 178 178.9 180.6 182.1 183.1 184.1 185.1 186 186.3 186.6 186.5 186.2 186 185.6 184.9 184.6 184.6 184.5 183.7 182.6 181.3 180.6 181.1 181.4 181.4 181.3 182 182.8 182.2 181.6 180
157.1 157.4 158 159.5 161.1 162.8 165 167.4 169.7 170.9 172.1 173.2 174.4 175.3 176 176.4 176.7 177 177.3 177.5 177.5 178.4 179.5 180.8 182.5 184.5 186.6 188.8 190.7 192.6 194.5 196.4 197.3 195.1 192 188.2 184.9 181 177.7 176 174.4 173.5 173.1 173.4 174.9 176 176.9 177.7 179.5 181.1 182.9 183.8 184.7 185.7 186.7 187 186.8 186.5 186.3 186.1 185.4 184.8 184.7 184.7 184.5 183.9 183.3 182.6 181.8 180.6 180.5 180.1 179.8 180 181.1 181.1 180.7 179.7
158 158.2 158.8 160.3 161.9 164.1 166.4 168.8 170.8 171.9 173.1 174.2 175.3 176.5 177.2 177.6 177.9 178.1 178.3 178.5 178.7 180.2 181.8 183.4 185.1 187.3 189.6 191.8 194.2 195.9 197.7 199.6 199.5 197 193 189.2 185.4 181.5 177.9 176.2 174.9 174.1 173.7 173.5 174 175.5 176.6 178.3 180 181.9 183.6 184.7 185.6 186.5 187.4 187.4 186.9 186.6 186.3 186 185.4 185.1 185 184.8 184.5 183.8 183.1 182.8 182.5 181.3 179.3 178.3 178.8 179 178.7 179.1 179.3 178.7
157.7 158.8 159.6 161 163.1 165.4 167.7 170 171.9 173 174.1 175.2 176.3 177.4 178.4 178.7 178.9 179.1 179.3 179.5 180.2 181.7 183.8 185.4 187.7 190.2 192.6 194.9 197.2 199.5 201.2 202.9 202.1 199 194.4 190 186.2 182.4 178.6 176.4 175.7 175.1 174.7 174.4 173.9 175 177.1 178.9 180.9 182.7 184.4 185.6 186.5 187.3 188 188.2 187.9 187.4 186.8 186.2 185.7 185.4 185.4 185.1 184.4 183.5 183 182.3 181.4 180.3 178.1 176.6 178 177.3 176.7 177.1 177.8 177.1
157.5 158.6 160 161.5 164.1 166.5 168.8 171.1 172.8 174.2 175.3 176.4 177.5 178.6 179.5 179.7 179.8 180 180.2 180.5 181.6 183.3 185.5 187.5 190.1 192.7 195.3 197.8 200.1 202.6 204.8 206.1 204.5 201.1 196.3 191.4 187 183.1 179.5 177.7 176.7 176.1 175.7 175.6 175.4 175.4 177.4 179.7 181.7 183.4 185.1 186.5 187.3 187.9 188.5 188.7 188.7 188 187.3 186.6 186.1 185.7 185.8 185.3 184.6 183.4 182.2 181.1 180.3 179.3 176.9 175.3 176.4 175.4 174.7 175 175.3 174.6
157.5 158.9 160.3 162.2 164.9 167.6 170 172 173.7 175.3 176.4 177.5 178.6 179.4 180.3 180.8 181 181.1 181.3 182.1 183.1 185 187.2 189.7 192.5 195.1 197.7 200.3 203 205.8 208 209 207 202.9 197.9 193 187.7 183.5 180.7 179 177.8 177.1 176.2 175.7 175.1 176 178.4 180.9 182.8 184.5 186.1 187.2 187.9 188.6 188.9 188.8 188.7 188.5 187.8 187.1 186.5 185.9 186 185.7 184.4 183 181.8 180.6 179.4 178.3 176.2 174.1 174.3 173.7 172.8 172.6 172.1 171.3
157.4 159.2 160.6 162.9 165.7 168.4 171.1 172.9 174.6 176.3 177.6 178.5 179.4 180.3 181.2 182.1 182.1 182.3 182.5 183.8 184.6 186.6 189.1 191.7 194.5 197.4 200.2 202.7 205.9 209 211.1 211.6 209 204.1 199.2 194.2 188.5 183.9 181.8 180.2 178.6 178.1 177.5 176.3 175.2 177.4 179.6 182 183.9 185.6 187.3 188.1 188.8 189.5 189.2 188.8 188.5 188.4 188.2 187.6 186.9 186.1 186.1 186.1 184.4 182.7 181.4 180.2 178.9 177.7 175.3 172.9 171.7 171.4 170.2 169.4 168.7 167.3
157.9 159.5 161 163.6 166.4 169.2 171.9 174 175.6 177.3 178.5 179.4 180.3 181.2 182.1 182.9 183.3 183.4 183.7 185 186.2 188.5 191.1 193.7 196.5 199.3 202.2 205.1 208.4 211.5 213.6 213.4 210.1 205.4 200.4 195.2 189.4 184.7 183.1 181.5 179.9 178.5 178.1 176.9 176.9 179.5 180.9 183.1 185 186.9 188.4 189.2 189.9 190.3 189.9 189.5 189.2 188.8 188.5 188 187.2 186.4 186.3 186.9 185.4 182.5 180.8 179.6 178.3 176.8 174.6 172.2 169.4 169 167.5 166.7 165.2 163.4
159.2 160.2 161.6 164 166.9 169.7 172.6 175 176.2 177.5 179 180 181.2 182 182.9 183.8 184.5 184.5 185 186.3 187.7 190.3 193.1 195.7 198.5 201.1 203.8 206.9 210.3 213.2 215.4 215 211.2 206.5 201.7 196.1 190.3 185.8 184.3 182.8 181.3 179.7 178.5 175.7 179.4 181.2 183 185.5 187.5 189 189.9 190.6 191.3 191 190.6 190.2 189.9 189.5 189.1 188.2 187.8 187 186.8 187 185.5 182.8 180.5 179 177.7 175.5 173.3 171 168.7 166.6 164.8 163.1 161.7 159.4
159 160.5 162.3 164.5 167.2 170.1 172.9 175.2 176.4 177.9 179.4 180.7 181.6 182.4 183.8 184.7 185.6 185.7 186.2 187.6 189.1 191.6 194.5 197.2 200 202.8 205.4 208.6 211.5 214.3 215.8 216.1 212.4 207.6 203.1 197.2 191.4 187.3 185.2 183.8 182.4 180.9 178.6 179.5 181.1 183.1 185.1 188.1 189.9 191.2 191.8 192.2 192.2 192 191.4 190.9 190.5 190.2 189.3 188.5 187.9 187.7 187.4 186.3 184.9 182.8 180.6 178.4 176.5 174.3 172 169.7 167.3 164.9 161.1 158.8 158 155.6
159.2 160.7 162.9 165.4 167.5 170.4 173.2 175.4 176.8 178.2 179.7 181.2 182.2 183.1 184 185.1 186.4 186.9 187.5 189.1 190.5 193 195.7 198.4 201.1 204 206.8 209.8 212 213.8 215.6 216.4 213.6 209.3 204.6 198.7 192.6 188.7 186 184.6 183.2 181.8 182.2 182.9 183.6 184.9 187.2 190.1 191.7 192.5 192.7 193.1 193.1 193 192.6 191.8 191.2 190.4 189.6 188.7 188 187.8 187.5 186.6 185.1 183.2 181.1 178.3 175 172.7 170.3 167.9 165.6 163.3 158.5 154.4 154.2 152.4
159.8 160.5 163.1 166 167.8 170.7 173.5 175.7 177.1 178.6 180 181.5 182.9 183.8 184.6 185.5 186.4 187.9 188.5 190.1 191.6 193.9 196.5 199.1 201.8 204.8 207.6 210.6 212.8 214.7 216.6 216.6 214.4 210.4 206 200.1 194.3 190.2 187.3 185.9 184.6 181.6 185 185.7 186.5 187.4 189.3 191.8 193 193.2 193.4 193.7 194.1 193.9 193.5 193.2 191.6 190.7 189.8 189 188.1 187.9 187.9 186.8 185.2 183.6 181.1 178.4 173.5 170.5 168.4 166 163.9 161.1 157.3 153.4 150.8 149.9
157.8 159.1 162.2 166.8 169.2 171.4 173.9 175.9 177.5 178.9 180.4 181.9 183.3 184.5 185.3 186.2 187.1 187.8 188.9 190.6 192.3 194.2 196.9 199.5 202.1 205.2 208.4 211.1 213.7 215.7 217.5 217.3 215 211.3 206.7 201.3 196.4 191.9 189 187.2 185.5 185.4 187 187.9 188.9 189.8 191.2 193.4 194.1 194.3 194.6 194.9 194.9 194.9 194.6 194.3 192.6 191 190.2 189.3 188.4 188 187.6 186.4 184.9 183.1 181.2 177.1 172.3 168 166 164 161.3 158.6 156 154.1 151.9 149.4
157.5 160.1 163.1 166.9 170 172.1 174 175.8 177.6 179.3 180.7 182.2 183.7 185.1 186 186.9 187.8 188.5 189.7 191.2 192.9 194.6 197.2 199.8 202.5 205.6 208.8 211.5 214.2 216.9 218.5 218 215.7 211.9 207.2 202.7 198.8 194.5 191.1 188.9 187 188.3 189.5 190.5 191.4 192.2 193.1 194.7 195.9 196 196.4 196.6 196.3 195.9 195.6 195 193.4 191.4 190.4 189.4 188.9 188.2 187 185.8 184.1 182.1 180.2 175.9 171 166.6 163.8 161.8 159.7 156.5 154.8 153.6 151.5 148.7
160.3 162.4 165.4 167.4 170.5 172.9 174 176.2 178.1 179.1 181.2 182.8 184.1 185.5 186.7 187.6 188.5 189.5 190.8 192.3 193.7 195.2 197.5 200.1 202.7 205.7 208.9 211.7 214.4 217 218.1 218.6 216.2 212.3 207.5 203.2 199.5 196 193.1 190.1 190.1 190.7 192 193.1 194 194.8 195.4 197.6 198.3 198.3 198.3 197.8 197.3 196.9 196.5 195.3 193.9 191.5 190.5 189.9 188.8 187.7 186.5 185 183 181.1 179 174.4 169.6 164.6 161.5 159.5 157.3 154.4 153.1 152.1 151.2 148.2
161.3 163.5 167.3 170.2 172 172.9 175.2 174.6 178.6 179 181.4 183.4 185 185.8 186.7 187.5 188.9 190.6 191.8 193.2 194.2 195.9 198 200.3 202.8 205.8 208.5 211.6 214.6 216.7 218.3 218.6 216.4 212.4 207.9 203.8 200.4 197.7 194.7 192.8 192.9 193.8 194.6 195.7 196.6 197.1 197.7 199.6 200.6 200.5 200.3 200 199.3 198.7 197.2 195.6 193.7 191.7 190.5 189.5 188.4 187.4 186.3 184 182 179.7 177.3 172.9 167.8 162.5 159.2 157.2 154.8 153 151.7 150.8 149.8 148.5
161.5 164.5 168.8 172 173.8 175.4 176.7 177.9 178.9 179.5 181.7 181.3 184.8 185.5 186.5 187.2 189 190.8 192 193.2 194.9 196.6 198.7 200.9 203.2 205.4 207.8 210.9 213.7 215.7 217.6 218.3 216.2 211.8 207.1 203.8 201.6 198.6 195.7 195.9 195.6 196.5 197.4 198.3 198.8 199.1 200 201.7 202.8 202.5 202.3 202 201.4 200.1 198.3 196.4 194 191.5 190.1 189.1 188.1 187.2 185.6 182.8 180 177.6 175.5 171.1 165.5 160 157 155.3 153.1 151.8 150.6 149.6 148.5 147.5
163 165.9 169.2 172.4 174.8 176.7 178.2 179.3 180 180.7 181.8 181.1 184.5 185.1 186.3 187.3 189.1 190.6 191.9 193.5 195.6 197.4 199.4 201.4 203.2 205.1 207.3 210.2 212.4 214.5 216.3 217.2 215.3 211 206.5 204.4 202.6 199.2 198.7 198.4 198.3 199.2 200 200.6 200.5 200.8 202.7 204.5 205 204.7 204.3 203.6 202.8 200.8 198.8 196.2 193.8 191.4 189.6 188.6 187.7 186.3 184.3 180.6 177.9 174.4 171.7 169.2 163.3 157.4 155.4 153.5 151.9 150.8 149.8 148.7 147.3 146.2
