data/280000-580000.asc
ncols 200
nrows 200
xllcorner 280000
yllcorner 580000
cellsize 50
[rows 144 to 179 of 200, columns 81 to 161 of 200]
156.9 153.6 149.1 144.3 136.6 134.4 129.8 129.2 127.4 122.9 120.1 120.4 119 117 114.4 110.7 106.1 103.7 102.9 101.8 97 89.3 81.4 79 75.2 70.1 67.6 71.4 61.3 58.4 59.2 62.4 64.1 66.4 70.2 75 78.5 82.6 85.9 89.6 92.7 94.3 98.2 97.7 100.1 98.2 96.8 100.5 102.9 102.3 105.5 105.2 102.7 104 107.5 113 119.6 124.7 134 139.3 143.8 147.9 150.2 150.2 152.2 152.5 153.3 150.5 149.9 148.6 148.2 146.3 146.4 146.3 143.4 144.1 141.4 141.9 143.8 152.8 155.4
152.8 149.2 146.6 140.5 136.7 133.7 133.8 132.7 131.6 130.2 126 124.9 123.9 122.4 118.8 115.6 109.3 106.9 108.8 100.4 94.5 90.1 84.3 80.5 76.5 70.9 68.4 66.5 71 61.5 57.6 59.9 62 64.7 68.1 72 77.9 80.2 85.9 87.9 91.3 93.2 97.4 97.7 98.7 99.7 97.4 98 99.8 103.1 101.8 101.6 102.4 104 106.2 106.5 115.6 119.6 127.1 131 136.8 141.8 146.6 147.8 150.4 147.4 148.4 147.5 145.8 144.3 143 141 138.8 137.3 137.2 137.1 136.5 140.5 144.1 151.9 159.1
149.1 145.2 142 138.8 140.3 141.1 138.3 136.9 135.8 135.8 130.6 130.5 128.1 125.6 121 117.4 114.6 114.4 107.2 104.1 95.5 92.2 86.5 80.9 79.6 73.6 68.5 68.7 72.5 64.7 60.9 56.2 61.3 62.8 65 68 72.5 75.9 81.3 85 89.5 91.7 95.2 95.1 98.3 98.2 98.2 97 97.1 98.3 99.5 101.1 101.7 102.1 105.6 109.8 108.8 111.9 118.3 124.8 129.3 132.8 138.1 142.6 143.1 142.4 144.5 144.1 142.8 142.2 139.4 136.6 134.6 132.5 132.6 133.3 134.6 138.9 144 152.1 159.7
150.1 148.2 145 142.5 147.9 147.8 144.5 140.4 140.9 138.1 136.4 135.4 133.1 129.5 125.2 120.5 117.5 113.8 110.7 106.5 98.4 91.9 84.9 81.8 80.7 73.1 68.7 74.1 73.1 65.5 63.3 58.7 57.8 59.9 62.4 65.9 68.2 70.9 78.2 81.2 84.5 88.1 92.2 93.8 96 97.5 96.8 95.2 97.4 102.2 100.7 101.1 100.3 100.5 103.6 106.1 105.4 108.6 110.5 115.3 120.8 124.7 126.9 131.2 133.3 134.3 135.4 136.5 137.1 134.6 136.4 132.1 131 132 131.8 132.6 134.1 142.2 147.3 152.9 161
152.7 150.5 148.1 147.9 152.5 151 147.5 144.3 143.6 142.1 140.3 137.3 134.9 131.6 127.9 123.6 118.5 117.5 112.9 110.3 102.2 95.3 89.8 85.7 79 72.1 70.9 69.2 70.4 70.9 66.1 62.5 58.1 57 60.1 63.7 69.3 70.7 76.4 79.7 82.7 86.4 91.1 92.3 94.1 95.7 93.6 94.4 98.1 103 99.5 99.5 100.8 101.8 103 104 104.6 106.8 108.2 110.1 112.3 115.2 119.4 121.4 123.4 126.8 127.9 127.2 128.2 127.7 127.8 129.1 130 134.4 135.6 137.7 139.2 143.3 150.5 156.8 161.3
157.1 155 152.4 152.2 153.1 151.5 148.1 145.4 143.2 141.7 141.1 138.1 136.4 132.5 130.2 127.3 122.4 118 116 111.8 106.8 99.8 94.3 85.9 77.7 71.7 70.6 71.1 70.9 69.9 68.4 65.7 59.4 56.2 57.5 61.8 65.9 68.7 71.8 78.5 81.7 85.7 89.2 90.5 92.3 90.7 90.5 93.7 95.8 98.5 98.4 100.9 102.7 101.2 102.9 103.9 104.6 106.1 108 109.4 110.6 111.8 113.6 115.8 118.9 121.6 122.5 124.3 124.7 124.7 125.3 127.5 130.9 135.1 138.2 140.7 144 148.1 153.7 163.4 170.4
158.9 156.4 155.1 154 152.9 151.2 147.9 144.9 142 139.3 138.7 136.2 135.9 133 131.6 129.1 122.8 120.5 115.3 112.6 108.5 101.6 95 85.3 77.6 73.4 71.1 69 69.4 68.4 67.5 66.8 64.7 59.5 54.2 58.1 64.1 68.3 70.3 76.7 83 83.6 85.3 88 87.9 89.9 91.1 95.3 94.3 96.9 96.2 99.2 98.8 101.5 103 104 105 106.6 109 110 110.9 111.8 112.8 114.2 118.8 121 122.6 123.7 123.8 124.7 126.7 133.2 140.4 143.1 144.8 147.6 148.7 152.9 159 166.9 176.3
159.8 157.9 157.4 155.1 153.9 153.1 149.6 146.1 143 139.4 136.4 132.2 129.4 132.2 128.3 126.2 121.8 119.3 112.2 109 106.4 101.2 94.8 85.3 78.4 75.2 71.2 69.3 68.4 66.7 67 66.9 65.4 62.9 56.4 54.1 63.3 62.8 71.5 70.5 77.4 80.1 81.3 82.9 85.8 88.9 91.7 95.5 92.9 95.1 94.1 95.8 99.2 101.5 102.9 103.6 104.9 106.8 108.4 109.6 110.7 114 115.6 116.2 117.3 118.7 120.5 121.8 124.2 129.5 135.9 141.4 145.3 147.4 150 153.5 155.7 160.8 166.4 174.5 181.8
163 160.5 158.9 157.4 156 155.1 151.9 148.3 145 142.9 139.9 135.9 127.7 123.5 119.5 120.9 117.2 113.1 108 104.4 101.7 97.8 92 83.8 79.7 75.8 72.3 71.1 70.2 68.1 66.4 65.6 64.7 63.1 61.4 55.7 58.4 64.9 62.2 66.5 70.3 73.4 76 80.6 83.2 84.4 89.8 93.5 92.5 89.9 95.2 97.6 99.6 99.5 101.4 102.6 104.3 106.6 107.9 109.2 111.1 114.1 115.1 118 120.4 120.8 122.5 123.7 128.2 135.2 141.7 147.1 150.8 154.4 158.2 162.3 165.2 169.4 176.4 183.8 189.4
164 163 161.7 159.5 157.8 157.5 154.4 150.9 147.9 143.2 138.9 133.8 127.5 121.3 110.2 111 109 106.3 102.4 99.3 96.1 94.4 91.8 86.9 82.2 77.6 73.6 71.9 70.1 69.2 66.7 66.2 64.5 63.4 61.8 56 53.7 62.8 64 64.1 66.7 67.8 72.2 77.2 80.1 82.4 85 87.1 88.6 92.4 95.2 97.6 98.9 100 101.8 102.4 104.5 107.6 107.9 109.2 111.6 114.8 115.8 117.7 120.3 123 128.3 134.4 137.8 142.6 146.3 151.3 155.4 160.4 167.3 172.7 179.3 184.6 188 193.3 197.4
166.2 164.5 163 160.8 159.7 158.5 156.7 153.5 149 143.6 138.6 131.8 125.2 120.3 113.4 104 101.5 98.6 96.3 94.5 92 91.5 89.8 86.6 83.1 81.4 77.3 73.4 70 69 68.4 68.6 64.8 63.9 61.7 57.3 51.9 56.3 60.1 64 64.3 65.8 68.8 73.6 77.5 77.4 83.6 87.1 91.2 95.5 98.7 96 98.6 100.6 102.1 105.1 106.3 106.8 108.6 111.4 114.4 116.5 118.3 120.9 123.8 128.1 136.3 144.7 148.4 151.7 155.3 159.1 162.6 167.9 175.1 182.1 188.3 194.6 200.5 205.2 209.7
168.7 167.2 164.8 162.7 161.3 158.2 156.6 153.5 149.2 142.6 138.9 131.6 125.3 120.4 114.6 105.9 94.6 90.3 88 88.4 88 87.9 86.4 85.8 88.5 87.3 82.4 80.4 77.1 72 71.3 69.5 66.7 63.7 61.9 58.7 55.4 54.1 56.4 59.7 61.9 63.3 66.7 67.8 74.6 76.9 81.4 84.7 89.1 95.5 95.6 96.4 99.4 102.8 105.1 107.5 107.2 108.6 111.2 114 118.6 122.5 124.9 127.7 132.2 136.2 142 148.9 155.2 161.2 165 169.5 173.4 177.9 184.3 191.2 200.5 208.1 213.3 216.4 219
170.8 168.3 166.2 164.3 160.8 157.7 154 150.5 146.1 140.5 137.6 130.7 126 120.5 113.9 105.6 99.6 97.7 94.7 91.7 89.8 86.5 83.6 81.6 81.8 82.2 81.7 80.9 78.1 75.3 72.7 70.7 69 65.5 61.7 62.9 56.5 51.8 56 57.6 58.8 60 62.3 65.8 70.5 75.9 78.5 83 87.9 92.5 90.2 96.3 99.2 105.2 108.4 109.7 112.3 115.2 118.7 122.6 127.1 131.3 134.4 138 142.3 146.5 150.1 156.6 162.3 168.6 174.7 180.3 185.3 189.5 194.3 202 211.8 219.5 224.1 226.1 225.2
169.6 166.5 163.6 160 158.1 155.7 150.7 146.4 144.2 139.8 134.1 130 124.3 118.2 109.5 103.2 103.3 100.2 97.4 92.8 89.4 87.3 85 81.9 79.1 78 76.5 77.1 76.1 74.4 72.5 70.9 71.6 65.7 60.8 64.9 65.8 52 55.4 55.8 56.5 57.6 59.1 61.7 68 72.7 74.9 82.1 86.7 88.1 89.7 96.4 101.4 106.9 111.3 115.6 119.7 122.6 127.6 132.1 136.3 140.4 144.4 148.2 151.5 154.8 157.8 162.3 168.4 177.2 185.7 192.4 196.9 200.9 204.7 214.5 221.9 229.1 231 229.9 228.1
167.6 163.7 161.2 157.4 154.3 150.8 146.3 142.6 141.2 137.9 133.9 128.1 120.3 114.1 114.3 112.6 108.4 105.4 104 98.5 91.5 88.6 85.2 82 78.3 77.4 76.4 75 73.5 71.9 70.2 69.4 68.4 64.5 62.6 66.7 66.9 65.1 51.6 55.1 54.6 54.8 55.9 58.2 66.4 67 71.6 77.3 79.5 84.1 91.2 98.5 104.1 109.6 115.9 121.1 126.1 130.4 134.7 139.4 143.9 149.3 154.5 158.9 162 164.5 167.9 171.7 181.1 189.6 197.4 205.3 209.3 213.9 219.1 228 231.7 234.2 233.8 232.3 230.4
166.1 165.8 158.6 155.9 151.2 141.1 138.5 135.1 134.5 133.2 126.6 121.2 123.3 123.8 120.7 118.9 116 113.1 108.6 104 97.3 91.9 89.6 84.8 80.2 76.5 75.4 74.3 72.7 71.1 71.3 68.3 66.2 64.4 63.5 68.7 68.2 66.5 61 53.3 54.6 54.6 53.8 53.4 58 63.7 64.7 70.1 79.7 84.3 88.4 96.5 103.9 111.1 117.8 123.5 129 134.3 139.3 145 150.8 157.1 163.9 169.7 172.4 174 177.5 185 191 198.4 209 218.5 221 225 229.1 235.6 237.8 236.1 234 232.5 231.7
164.2 161.2 160.6 157.5 148 141 144.4 140.8 137.3 135.2 134.2 132.3 131.2 130.8 129.6 127.3 121.6 118 115.2 109.5 101.9 98.3 94.8 88.1 83.1 83.2 80.1 75.7 72.9 73.1 72.8 70.1 67.1 64.3 63.2 69 69.8 67.6 65.1 60.5 51.1 52.8 50.4 52.2 53.6 59.6 64 67.6 71.7 78.8 86.4 95.7 104.1 112 119.9 126.5 132.2 138.3 143.5 149.5 156.8 163.8 171.3 179.3 184.4 187.4 190.1 193.9 199.3 207.3 214.6 227.4 230.7 231.7 232.7 236.7 236.3 235.2 233.4 232.4 231.4
165.9 164.1 161.9 155.8 147.4 153.8 153.4 150.2 143.3 144 141.9 142.4 143.3 140.8 137.8 132.8 129.9 126.2 120.6 115.9 110.2 105.8 100.9 95.5 92.2 88.1 85.3 80 77.9 74.5 72.9 70.7 67.3 64.3 62.4 65.9 67.4 61.3 60.1 62 62.7 63.2 55.9 53.6 49.7 57.1 65.4 65 69.3 76.1 82.8 92.7 102.7 111.4 117.3 126 135.3 141.6 147 154.8 162.4 168.7 177.4 187 194.6 198.4 201.2 204.9 207.4 213.1 217.6 227.7 229.3 229.3 228.6 228.7 231.7 232.6 231.9 230.1 229
166.8 165 160.6 156.1 161.3 163.1 159.9 156.4 156.3 154.9 155.5 157.5 152.8 151.1 145.7 140.4 137.9 133.2 130.4 123.9 118.5 113.3 108.9 103.5 99.3 95.5 89 85.8 81 78.3 74.8 72.4 69 65.6 62.1 60.5 59.2 58.5 58.1 57.3 56.4 55.2 54.2 52.8 51.3 56.1 67.3 62.9 63.6 75 81.3 90.1 98.8 108.2 115.6 123.4 133.5 143.7 151.3 158.2 164.5 171 177.9 187.9 198.4 205 208.2 209.8 211.3 214.8 217.1 221.3 222.9 222.3 220.9 220.7 223.5 225 225.9 223.8 222.8
168.4 163.9 167.2 169.4 171.5 171.8 170.5 170 169.8 169.3 168.3 166.6 163.9 158.8 152.9 148.7 146.8 142.8 138.3 132.4 127.5 120.6 117.2 112.5 107.4 103.3 97.5 90.6 85.9 81.8 78.3 73.6 70.1 67.8 64 60.7 58.7 57.8 56.8 55.9 56.4 54.2 53.3 52.6 51.4 54 61 61.8 62.4 70.3 79.3 85.7 91.2 101.9 111 119.1 128.3 141 150.8 159.7 162 158 156 182.1 196.3 207.3 215 216.6 216.6 216.3 218.2 219.1 217.1 215.1 213.1 213.2 214.5 215.9 217.8 217.7 215
173.7 176 179.3 180.6 180.9 180.6 179.3 178.5 178.5 177.5 175.5 172.6 168.6 164 158 155.2 152.9 148.4 143.2 138.7 132.9 127.6 123.4 119.9 115 109.2 102.9 97.5 92.6 87.8 83.1 77.2 71.8 68.4 66.7 63.7 61.3 60 59.7 60.6 60.2 54.4 53.2 52.8 51.4 50 58.5 60.1 60 63.3 72.1 79.7 84.5 94.9 104.1 113.5 123.4 138.6 148.1 150.5 139.8 140.5 144.9 167.3 193.8 205.6 216.8 220.9 219.8 218.3 220.3 222 219.3 214.1 209.4 208.5 209.9 210.7 210 207.4 202.5
183.9 186.7 188 189.3 191.7 191.5 189.4 187.7 185.9 183.8 180.1 176.3 171.7 167.1 162.7 159.5 156.3 153.3 148.4 143.1 138.5 134.7 128.3 124.6 118.7 114.1 108.5 102.5 97.4 92.4 88 82.2 77.1 74 70.1 66.7 63.5 61.6 60.4 60.3 60.4 54.5 53.2 53 52.1 48.4 55.1 58 58.5 59.5 64.5 71.4 79.8 89.9 97.1 105.5 117.7 136.9 134.1 121.3 112 127.3 128.9 154.8 186.8 204.6 210.4 218 219 217.2 219.7 222.4 220.9 215.2 209 203.7 202.8 202 199.4 196 192.4
191.2 194.3 195.5 197.2 198.6 198.9 197.1 194.7 191.1 188.2 183.8 180.4 175.8 170.9 166.6 162.8 159.1 154.5 150 146.2 142.9 137.5 132.9 127.8 121.8 116.8 111.3 106.3 102.3 97.1 93.1 90 85.3 81.4 73.5 69.5 66.6 62.1 61.3 59.9 59.6 55.5 53 53.6 53.9 51.1 53 55 56.6 57.9 59.4 64.4 73 82.1 90.8 98 115.5 118.3 112.9 102.5 100.3 124.7 137 157.5 186.6 205.4 208 209.4 211.4 211.8 214.1 219 218.3 213.6 206.4 200.1 194.5 190.9 188.8 185.2 181.8
198.8 201.1 203 203.7 205 204.8 202.5 200.2 197 192.7 188.2 183.9 180 175.1 170.4 166.5 161.9 157.5 152.9 149.6 146 140.4 135.5 130.3 124.6 118.5 115.1 110.6 105.5 99.1 96.1 93.3 89.4 82.9 80.5 76.1 70.4 66.1 63.2 61.8 60.2 57.6 53.6 52.8 54.4 52.9 48 53.3 55 55.4 56.7 59.4 63.3 73.3 84.1 95.2 110.2 106 99.5 101.8 108.1 127.3 154.3 180.8 191.1 199.4 202.2 204.6 207.7 207.8 207.1 209.7 210.5 206.2 200.4 193.7 187 182.9 178.4 174.5 171
206.5 209.3 210.8 211.3 210.9 210.5 207.8 204.5 201.4 195.9 191.3 187.1 182.8 178.7 174.6 169.5 165.3 161 156.8 152.3 148.2 143.3 138.6 133.4 127.2 120.1 117.3 110.9 105.9 102.2 98 94.1 90.6 86.2 81.2 76.6 72.9 69.6 67 64.1 62.3 60.7 54.4 53.5 54 54.5 47.4 52.9 54.1 54 54.7 56.9 60.4 64.8 76.3 89.5 101.3 102 88.9 89.2 93.5 99.5 144.4 176.8 186.2 192.1 195.6 198.5 200.1 202.4 199.6 196.4 195 191.6 187.6 183.1 178.2 174.4 171.8 169.3 165.5
215.6 217.3 218.2 218.4 217.8 217.2 214.5 209.3 205.8 201.7 197 192.7 188.5 184.2 180.2 175.1 170.3 165.6 161.2 155.5 150.2 145.6 141.7 133.6 126.3 123.3 117.5 111 107 104.7 100.8 97.4 93.3 88.8 83.7 79.7 76.8 73.9 71.1 67.5 65.1 63 56 54.3 53.7 53.2 52.4 52.1 53.4 53.4 54.1 56.6 58.7 60.6 69 83.8 89.8 99.3 88.9 90.8 93.7 110.4 135.9 167.4 176.7 183.5 187.9 190 190.7 189.4 187.5 183.2 180.1 177.5 174.6 171.3 168.1 164.6 162.1 161.4 160.2
223.8 224.5 225.1 224.7 223.4 222.5 220.1 215.5 210.5 206.4 202.2 198.2 194 189.7 185.3 180.8 175.8 170.2 165.3 159.9 153.1 146.3 140.5 134.8 129.5 124.5 120 115.6 111.1 107.9 102.2 97.6 94.5 89.7 85.9 80.9 78.7 76.3 73.2 69.8 67.4 63.4 57.9 55.3 54.4 52.9 51.9 47.5 52.1 53 53.8 55.9 57.8 59.5 62.8 78.5 86 94.7 88 91 105.6 108.8 132.1 155.6 166.2 174.3 178.5 180 178.1 175.5 172.8 169.5 167.4 165.4 163.3 160.2 157.6 155 154.8 154.8 155.3
230.4 231.5 231.4 230.6 229 227.3 224.6 219.6 215 211.2 206.8 202.6 198.5 194.4 189.8 184.7 178.4 172.3 167.6 162.6 156.2 148.3 143.2 139.1 132 126.9 123.9 117.6 114.5 110.2 104 98.7 94.5 89.9 85.8 82.8 79.8 77.4 75.7 73.5 70 61.8 63.4 60.1 54 52.2 50.8 49.3 50.2 52.6 53.6 55 57.6 58.1 56.2 68.4 85.1 84.8 85.5 92.5 95.5 113 133.3 144.9 157.5 165.8 168.4 168.9 166.7 162.5 159.7 156.5 155.7 155.7 154.1 149.9 155.2 156 155.8 156.2 157.6
235.6 236.7 236.7 235.3 233.3 230.6 227.2 222.5 218.1 214.3 210.3 206.4 202.4 198 192.8 187.1 181.5 174.3 169.4 163.1 156.7 151 147 140.8 136.6 131.7 127 121.1 116 110.8 106.6 99.6 94.7 91.5 87.9 83.9 80.4 78.1 75.9 69.6 67.3 67.9 65.4 64.7 61.2 51.9 50 49.3 47.5 51.6 53.1 52.8 55 55.7 55.5 69.4 84.2 83.3 84.7 96.7 101 111.5 122.8 135 148.6 156.7 156.4 156.8 155.6 153.3 152 150 148.1 147.9 146.4 147.9 152.2 155.7 160.5 162.1 165.3
239.8 239.8 239.8 238.3 235.8 232.1 227.5 223.5 219.8 216.3 212 207.7 203.6 197.7 193.1 187 181.9 176.7 168.9 163.8 159.8 154.3 148.6 142.6 139.3 133.1 127.1 123 118.5 112.8 107.2 100.8 94.2 90.3 88.5 85.3 79.8 77.6 74.7 72.9 71.5 69.7 68 66.5 62.1 55.9 51.5 50.1 47.4 50.2 52.2 52.2 52.4 53 52.5 77 85.6 81.6 82.5 91 94.6 104.2 113.8 120.5 130.6 138.2 139.7 141.5 144.4 143.5 146.7 146.3 144.1 143.7 143.1 142.6 145.1 149.4 153.8 159.6 165.1
243.2 242.6 240.8 238.9 235.2 231 227 223.3 219.5 215.4 211.2 206.3 200.9 196.2 190.2 185.6 180.6 173.6 170.7 165 160 157.1 150.4 143.9 139.3 132.7 127.9 122.8 117.8 111.3 107 102.2 95.7 92.2 88.5 81.1 84.7 81.6 78.7 75.1 73.6 72 69.6 67.5 63.1 58.1 54.5 51.6 50.4 45.6 50.1 52.5 52.5 52.1 51.5 64.6 78.2 80.7 79.5 79.8 86.8 96.9 106.6 112.7 116.1 121.1 127.7 129.5 132.2 137.1 144.6 143.2 140.2 139.6 139.8 139.5 141.5 145.6 150.5 157.3 164.3
246.6 244.2 241.4 237.5 233.3 228.9 223.8 220.1 216.1 211.7 207.1 202.1 196.7 191.9 185.3 181.8 176.7 171.3 167.4 163.5 158 154.1 148 142.9 137.3 130.2 125.1 120.8 113.9 107.3 102.3 99.8 96 88.1 83.9 89 87 84.5 80.8 77.5 77.1 75.2 70.7 67.8 63.6 60.1 58.2 55.1 52.5 49.6 44.6 50.3 52.1 51.9 51.5 51.2 61.3 67.2 69.8 70 78.2 88.5 97.3 102.2 106.8 112.6 118.1 125.2 131.2 136 137.7 136.9 135.3 135.1 135.5 136.5 139.3 143.9 150.2 156.4 164.7
249.4 245.4 240.8 235.8 231.3 225.9 220.4 215.4 210.5 205.8 201.2 196.3 191.4 186.7 179.8 176.5 171.2 167.6 162.9 157.1 155.7 151.7 144.6 139.1 131.4 127.8 123.8 117.6 109.2 103.2 98.8 94.3 89.7 94.1 99.1 96.8 92.2 88.4 85.4 83.3 80.4 76.2 71.4 69.3 66.5 62.4 61.2 58.7 54.3 51 48.5 46.7 50 51.6 51 51.2 50.5 54.5 59.3 61.1 69.2 81.4 89.4 94.1 101.3 106.6 113.3 122 130.7 134.5 134.5 132.6 131.6 131.5 131.8 133.5 137.2 141.7 148.7 155.9 164.2
251.5 245.6 239.2 234.2 228.8 222.8 216.1 209.4 203.6 198 193.9 189.2 182.1 177.1 174.7 165.5 163.2 159.5 154.3 149.4 147.9 144.7 140.5 134.8 129.1 123.2 116.2 111 111.1 109.4 104.6 102.1 103.5 108 108.2 104.2 100.5 96.7 93.6 88.4 83.4 78.2 75.6 71.4 68.1 65.3 64.2 61.5 56.8 52.5 50.4 47.9 47.7 49.5 50.3 50.8 49.4 51.3 53 58.8 62.9 73.4 83.9 87.7 96.2 104.9 112 117.5 124.3 127.4 129.4 128.9 128.6 128.4 128.3 130.9 134.3 139.8 147 154 162.4
251.6 245.8 239.4 231.9 224.9 217.9 211.3 204.2 197.6 190.6 184.2 180.4 172.6 170.7 168.5 159.8 153.7 150.3 145.8 141.3 139 136.1 128.3 121.9 115.9 117 117.7 119.8 120.6 118.7 115.2 112.7 112.9 114.4 114.4 111.9 108.1 104.5 101.6 96 91 85.9 81 76.1 71.2 68.5 67.1 64.1 60.5 55.7 52.3 49.8 44 47.2 47.8 47.3 48.6 50.4 51.7 54.9 56 63.9 74.7 78.6 84.8 98.9 106.5 111.7 114.4 118.9 121.7 123.1 124.7 124.7 125.3 127.7 131.8 137.5 144.6 152 160.6
248.3 241 235.4 229.2 221.3 213.2 206.5 199.4 192.3 185.7 178.7 170.2 167.8 164.6 159.8 151.5 146.6 141 137.1 133.4 127.4 122.4 119.1 122.1 125.1 125.6 126.9 128.4 128.4 126.7 125.9 123.1 121.8 121.3 122.1 121.8 117.8 113 107.1 102.3 97.8 93.6 85.9 80.2 77.2 74.1 72.1 67.1 63.3 58.6 55.2 52.2 49.4 43.4 46.6 46.1 48.3 49.7 50.8 52.1 52.9 56.3 63.5 71.4 80.1 94.3 102 105.9 109.1 112.5 115.6 118.7 120.3 121 122.1 124.4 129.5 135.2 141.8 148.3 156.9
