data/280000-660000.asc
ncols 200
nrows 200
xllcorner 280000
yllcorner 660000
cellsize 50
[rows 0 to 34 of 200, columns 0 to 77 of 200]
207.8 209.6 210.2 210.3 210.2 209.7 206.7 205.7 204.7 204.9 208.7 210.4 212.1 214.6 216.9 219.6 220.7 223.5 225.8 227.4 228.8 228.8 228.4 228 227.6 227.2 227.1 226.7 226.1 225 223.6 222.9 222.2 223 224.3 224.9 225 225.1 225.8 225.5 226.4 226.5 225.8 225.1 225 224.3 222.7 220.6 219.6 219.3 218.9 218.6 218.9 220.5 221.9 223 224.1 226.3 226.8 226.9 227.2 228.6 228.6 228.2 227.5 226.7 226.3 226 225.8 225.8 224.2 224.1 224.4 224.8 225.2 225.8 226.8 227.5
209.7 211 211.4 210.6 210.2 209.8 207.7 205.5 204.9 207.1 210.2 212 214 215.7 218.1 220.9 223.5 225.1 227.1 228.8 229 228.8 228.6 228.4 227.9 227.4 227.7 227.3 226.3 226 226 225 224.4 225.2 225.6 225.3 225.6 225.6 225.9 226 226 225.9 225.1 224.1 223.5 223 222 220.9 219.4 219.2 219 218.8 219.5 221.9 223.8 225.1 226.4 228 229.7 228.5 228.7 228.6 228.7 228.4 227.8 227.1 226.7 226.5 226.3 226.1 225.4 224 225.5 226.3 227.6 227.7 227.1 228.6
211.2 212.5 212.7 211.9 210.9 210.1 209.1 205.4 205.7 209.7 212.2 214 215.9 217.9 219.9 223.3 224.3 226 228.1 229.1 228.9 228.8 228.6 228.6 228.2 228.3 227.6 226.9 226.5 226.1 226.1 226.4 226.1 226.4 226.1 225.9 225.6 225.7 225.9 225.9 225.8 225.3 224.3 223.3 222.4 221.5 220.1 219.2 219 219 219 219.5 221.3 224 225.5 226.1 227.1 228.6 230.2 228.9 227.8 227.8 227.7 227.3 226.8 226.5 226.8 226.9 226.8 226.5 226.3 226.6 227.2 228.1 229 228 227.7 230.3
212.8 213.7 213.8 213.8 212.8 211.7 210.7 209.2 208.8 211.1 214 216.3 218.1 220.2 223.3 224.7 225.4 226.9 228.3 229.4 228.9 228.9 228.9 228.9 228.8 228.1 227.5 226.9 226.5 226.4 226.8 227.2 227.2 227 226.7 226.5 226.2 226 225.9 224.5 224.1 224.7 223.7 222.6 221.5 219.5 219.4 219.2 219 219 219 221.4 223.3 224.7 225.5 224.9 225.1 226 227.9 227 225.7 226.4 225.9 226 225.7 225.6 226.4 226.5 226.8 228 228.2 227.2 227.8 228.7 229.6 231.5 232.1 231.1
214.4 214.7 215.1 215.2 214.6 213.7 212.1 209.6 209.7 213.9 215.9 218.1 220.4 223.4 225.2 225.8 226.5 227.7 228.7 229.1 229 229 229 228.8 228.5 228.1 227.6 227 226.6 227 227.4 227.8 227.8 227.6 227.3 227.1 226.8 226.6 226.3 225.9 224.5 224 223.1 221.8 220.1 219.1 219.1 219.2 219.1 219 219.6 221.7 222.4 223.5 223.7 223.6 224 225.1 225 225 224.7 226 224.5 224.9 224.6 224.1 226 226.5 227 228.5 229.8 228.6 228.5 229.3 229.7 232.1 232.3 232
216.6 216.9 216.8 216.5 216.1 215.3 213.7 210.9 213.5 216.5 218.4 220.9 223.9 225 226 226.4 226.7 227.1 228 228.8 228.9 228.9 228.6 228.4 228.2 227.8 227.3 226.9 227.1 227.6 228.1 228.4 228.4 228.1 227.9 227.6 227.4 227.2 227 226.5 225.7 224.7 223.8 221.6 220.1 219.2 219 219 219 219 219 219.6 221.2 221.7 222.2 223.1 224.3 224.1 224.4 224.8 224.7 224.1 224.2 224.1 224.3 225.9 226.3 226.8 227.2 227.7 229.9 229 229.3 230 231.9 232.3 232.4 231.6
218.7 218.4 218.1 217.8 217.4 216.5 215.7 216.1 217.2 219 220.9 222.8 225.1 225.8 226.3 226.6 226.7 226.5 227 227.9 228.7 228.4 228.1 227.9 227.7 227.4 227 226.7 227 227.6 228.2 228.7 228.9 228.8 228.5 228.2 228 227.8 227.6 227.5 226.8 226.1 224.8 222.9 221.5 220.9 219.3 219.7 219 219 219 219.1 219.2 220.2 221.2 222.8 224.1 224.5 224.2 225 224.7 224.1 224.1 225.9 226 226.6 226.7 227.2 227.5 229 229.9 232.1 232.3 231.9 232 232.3 232.3 231.7
219.3 219.4 219.4 219.2 218.8 218.1 218 218.6 219.4 221.2 223 224.9 225.5 225.4 225.3 225.7 226 225.9 225.8 226.8 227.5 227.9 227.7 227.5 227.3 227.1 226.8 226.6 227 227.5 228.1 228.7 228.9 228.9 228.9 228.8 228.6 228.4 228.4 228.5 227.5 226.6 225.9 224.1 223.2 222.5 221.7 219.7 219 219 219 219 219.1 219.1 221.4 222.7 224 224.3 224.1 225.2 225.1 224.8 227.2 230.6 228 228.6 228.2 227.5 229.2 231.2 232.1 232.6 232.7 231.9 231.7 232 232.1 229.6
219.9 219.6 219.3 219.1 219.7 219.6 220.1 220.1 220.5 222.2 224.1 225.1 225.1 225 225 225.2 225.5 225.3 225.3 226 226.9 227.3 227.4 227.2 227 226.7 226.7 226.6 226.9 227.5 228 228.2 228.9 229 229.5 230.4 230.2 229.7 229.8 228.8 228.1 227.6 227 226.3 224.6 223.9 222.8 221 219.2 219.1 219.1 219 219 220.7 222.4 223.8 225 225.1 225.2 225.5 226 226.4 227.4 229.8 228.5 229.1 230.8 231.7 231.8 231.9 232.4 232.8 233 232.2 231.1 231 230.3 228.2
218.3 218.3 218 218.3 219 219.9 220.5 220.7 221.4 222.8 224.3 224.8 224.9 224.9 224.9 224.9 225 225 225.1 225.1 226.6 227 227 226.9 226.6 226.3 226.9 226.5 226.8 226.9 227 227.5 228.7 230.7 231.1 231.7 231.9 231.5 231.2 229.9 229.5 228.9 228 226.9 226.3 225.4 224 222.2 221 219.2 219.3 219.7 221 222.1 223.8 225.1 225.8 226.3 226.5 226.3 226.7 227.4 228 229.3 228.7 229.6 232 231.4 231.7 231 231.4 231.9 232.2 232.1 229.8 228.5 226.7 225.5
216.5 217 217.1 217.5 218.3 219.4 220.2 220.6 221.9 223.1 223.7 224.2 224.4 224.5 224.5 224.3 224.8 224.8 224.9 224.6 226.3 226.5 226.4 226 225.7 226.4 226.8 226.2 225.9 225.8 225.9 227 228.6 230.6 231.6 232.6 232.8 232 231.3 230.7 230.6 229.3 228 226.7 226.3 225.7 224.5 222.7 221.7 220.6 221 221.5 222.3 223.7 223.9 225.9 225.9 226.2 226.6 226.8 226.9 226.8 227.1 227.7 227.3 228.7 231 230.6 231.6 230.5 230.1 229.8 229.5 228.6 226.5 225.4 224.3 223.8
217.2 217.3 217.5 217.8 218.2 218.9 219.8 220.8 222 222.5 223 223.6 223.8 223.7 223.5 223.4 223.9 224.7 225.1 225.1 225.2 224.5 224 224.5 224.7 225.3 225.6 225.3 224.8 225 224.9 226.8 228.7 230.6 231.2 231.7 231.8 231.5 230.8 230.5 230 228.6 227.3 226.2 226.1 225.2 224.3 223.3 222.3 222.2 222.7 223.2 223.7 224.6 224.1 225.4 225.4 225.6 225.6 225.8 226.2 226.5 226.5 226.2 226.3 227.1 227.9 228.2 228.7 227.7 226.7 225.4 224.9 224.3 223.7 222.9 221.4 221.2
218.5 218.3 218.5 218.7 218.8 219.3 220.1 221.1 221.3 221.7 222.2 222.8 222.7 222.5 222.4 222.3 222.5 223.9 224.6 223.8 222.6 222 221.6 221.7 223.3 223.1 223.9 224.2 223.9 223.9 224.1 225.7 227.3 230.1 230.2 230.3 230.1 229.7 229.7 229.5 228.7 227.1 225.7 225.3 224.8 224.6 223.7 222.8 222.4 221.8 222.8 223.8 224.7 225.7 226 225.2 225.7 226 225 224.2 224.6 224.8 224.9 224.6 224.6 224.5 224.3 224.4 224.7 224.7 223.4 222.3 221.6 220.9 220.6 221.1 219 219.5
219.2 219.4 219.4 219.5 219.6 219.7 220.4 220.9 221.1 221.1 221.3 221.6 221.4 221.3 221.2 221.4 221.6 221.1 221 220.6 220.4 220 219.8 220.2 221.4 220.9 222.3 222.6 222.9 222.8 222.4 224.2 225.9 227.7 228.1 227.6 227.4 227.2 227.5 227.7 227.3 226 225 224.5 224.1 223.4 222.7 222.1 221.7 221.6 222.1 223.1 224 224.9 225.7 224.4 224 225.2 224.2 222.6 222.5 222.4 222.7 222.2 222.4 222.3 222.2 222.1 222 221.8 220.5 219.1 218.5 217.8 218.9 219.4 220.1 219.5
218 219.2 219.8 219.9 220 220.1 220.2 220.4 220.9 220.9 220.8 220.7 220.6 220.5 220.2 220.4 220.5 219.6 219.3 218.8 218.5 218.4 218.7 219 219.2 218.9 220.9 221.5 221.8 221 219.9 222.3 223.8 224.9 224.8 224.4 225.1 225.2 225.4 226.2 225.7 225.2 224.2 223.8 223.4 222.7 222 221.7 221.1 221 221.4 222.3 223.2 223.8 223.5 222 221.2 222.5 222 220.1 219.7 220 220.3 220.4 220 220.2 220 219.7 218.8 218.5 218 216.6 215.9 215 216.4 218.1 220.3 220.5
218.3 219.1 219.8 220 220.2 220.3 220.3 220.4 220.8 220.6 220.4 220.2 220.1 220 219.5 219.3 219 218.7 218.5 218 217.3 217.6 218 218 217.9 217.6 219.1 220.2 220.7 219.4 219.7 220.4 220.9 221.7 221.6 221.9 223.7 223.7 223.8 224.3 224.5 224.4 224.5 223.6 222.9 222.6 222.3 222 220.9 219.3 220.4 221.3 221.9 221.7 220.6 219.2 219.2 220.2 219.7 218.1 218.4 218.4 218.5 218.9 218.6 217.9 217.5 216.6 215.3 215 215 213.8 212.6 214 215.6 216 218.5 219.5
218.4 219.1 220 220.2 220.3 220.5 220.5 220.8 220.7 220.4 220 219.9 219.7 219.5 218.9 218.3 218.1 217.9 217.7 217.4 216.7 216.5 217 217.2 217.4 217.7 217.9 218.7 218.3 217.1 217.7 217.8 218.2 219.1 219.8 220.2 222.6 221.7 222.3 223 223.6 223.8 224.7 223.7 224.1 223.2 222.5 222 221.2 219.9 219.1 219 220 220.1 219.1 219.2 219 218.7 217.6 216.5 216.4 216.5 216.5 217.4 217.2 216.3 215.5 213.6 211.8 211.6 211.9 211 209.5 212 214.2 214.9 217.2 219.5
218.5 219.6 220 220.3 220.5 220.6 220.7 220.9 220.6 220.4 220 219.3 219.1 219 218.3 217.5 217.3 217 216.8 216.6 216.1 216.1 216.9 217.3 217.6 218.2 218.6 218.8 218.3 217.1 216.5 215.8 215.9 217 217.4 219.4 220.4 221.6 222.4 223.1 223.5 223.8 225.6 224.7 225.1 224.2 223.3 222.6 221.9 221.3 220.7 219.1 219 219 219 219 219 218.3 216.8 215.3 214.1 214.4 215.2 216.1 215.4 213.4 212 210.9 209.3 209.6 210.1 209 210.3 213 214.5 215.3 217.1 219.8
218.9 219.7 220.1 220.4 220.6 220.8 220.9 220.8 220.5 220.3 220 219.5 218.6 218.2 217.4 216.8 216.5 216.1 215.8 215.5 214.1 216.1 216.6 217.2 217.6 218.1 218.6 218.6 218.6 217.2 216.2 215.1 214.1 214.1 214.8 217.9 220.5 221.1 222.8 223.2 223.6 225 225.8 225.4 225.1 224.3 223.5 222.5 221.8 221.6 221.1 220.8 219.6 219 219 219 219 218.2 216.8 215.5 214.1 214 212.3 211.9 211 209.6 209.1 208.6 208.3 208.9 209.5 209 210.5 213.7 216 216.7 218.2 220.1
219.6 219.8 220.2 220.4 220.7 220.9 220.9 220.7 220.5 220.3 219.9 219.5 218.8 217.7 216.9 216.4 216.2 215.6 215 214.6 214.5 216.2 216.7 216.9 217.1 217.6 218.1 218.6 218.2 217.1 216.3 214.9 214.1 214.1 214.1 217.7 219.1 221.9 223.3 224.8 225 225.5 225.9 223.8 223.1 222.8 222.5 222.5 221.9 221.8 221.6 221.4 221.2 220.5 220.6 220.9 220.5 219.5 218.2 217 215.7 213.9 211.9 209.1 208.7 208.5 208 207.5 207.5 208.2 208.8 209 210.4 213.1 214.8 216.2 217.3 219.2
220 220.6 220.3 220.4 220.6 220.8 220.8 220.6 220.4 220.3 219.8 219.2 218.4 217.1 216.4 216 215.8 215.7 215.2 214.5 215.2 216.2 216.3 216.4 216.6 217 217.1 217.5 217.1 216 214.9 214 214.1 214.1 215.9 219.2 220.6 223.8 225.7 224.4 224.2 222.8 221.8 221.2 220.8 220.6 221.3 221.6 221.8 221.8 221.9 222.3 222.3 222.5 222.7 222.8 222.2 220.9 219.8 218.5 216.3 214.4 211.9 209.8 208.6 207.6 207.2 206.7 207 207.6 208.2 209.4 211.5 213.3 214.5 214.4 216.2 218.6
220.1 221.4 220.6 220 220.2 220.6 220.7 220.6 220.5 220.3 219.8 218.6 217.4 216.4 215.8 215.6 215.4 215.2 215.1 214.6 214.3 215.6 215.5 215.8 216.1 216.1 215.7 215.8 215.7 214.6 213.5 211.7 214.3 215.8 215.9 218.4 219.7 220.3 220.2 219.9 219.7 219.4 219.1 218.7 218.2 218.8 220 220.4 221.1 221.7 222.2 223 223.3 224.1 224.8 225 224.2 222.2 221.1 219 215.6 214.2 211.6 210.3 208.5 207.3 206.7 206.3 206.7 207.1 208.1 209.4 210.2 212.7 214.8 216.3 217.2 218.5
219.5 219.3 218.6 217.7 219.9 220.4 220.9 220.8 220.6 220.2 219.7 218.2 216.7 215.4 215.1 215 215.1 215.1 215 214.5 215.4 215.3 214.5 214.7 215 215.3 214.2 214 214 213.2 212.2 209.7 212.4 215.3 215.1 215.5 216.7 216.5 216.4 216.3 216.2 215.9 215.6 215.3 216.1 217.7 218.3 218.8 219.4 220.4 221.7 223.2 226 225.4 226 226 224.8 222.5 220.4 218.8 214.8 213.5 211.7 210.2 208.4 207.2 206.2 205.9 206.4 206.8 208.1 209 210.5 212.8 214.9 217.1 219.1 220
217.4 217.2 216.1 215.7 216.9 220 220.5 221 220.6 220.1 218.4 216.5 215.1 214.7 214.5 214.9 214.9 214.8 214.8 214.8 215.6 214.3 214.4 213.5 214 214.3 213.7 212.8 212.3 211.8 210.4 209.1 211.2 211.6 211.9 212.2 212.9 212.8 212.5 212.6 212.6 212.4 212.1 212.7 214.6 216.6 216.7 217.2 217.7 219 222.6 225.2 226 226 226 225.6 223 221.2 219.5 216.9 214.3 212.1 209.9 209.6 208.3 207.1 206 205.6 206 207 208.4 210 210.5 213.9 216.2 218.5 221.2 222.6
215.5 214.9 213.5 213.6 215.3 218.3 219.4 219.9 218.7 217.5 216.1 214.9 214.2 213.9 214.4 214.6 214.6 214.6 214.7 214.7 213.3 213 213 213.1 213.4 213.6 213.4 212.3 211.4 209.3 209.1 209.1 209.1 209.1 209.4 209.1 209.5 209.7 209.4 209.8 209.7 209.8 209.4 210.2 213.1 214.3 215.1 215.9 217 218.1 221 225 226 226 225.2 223.2 221 219.4 218.3 216.1 213.2 211.1 209.8 208.9 207.6 206.6 206.1 204.2 206 207.1 209.7 211.1 212.9 215.1 217.2 219.9 222.5 225.1
214.8 212.9 211 211.1 213.1 216 217 216.6 215.7 214.5 213.7 214.3 214.3 214 214.5 214.6 214.7 214.7 214.8 214.8 213.6 213.1 212.8 212.7 213 213.2 213.4 212.2 211.3 210.9 210.3 209.2 209 208.4 207.7 206.3 206.8 207.2 207.2 207.4 206.7 207.1 208.3 209.2 211.4 212 213 213.7 214.9 216.4 218.2 219.4 222.6 223.6 223.4 221.9 219.6 218.5 217.3 215.6 213.3 211.8 210.2 208.6 207.2 206.4 205 204.5 205.1 207.8 209.8 212.8 215.2 217.6 219.8 221.8 225.4 225.6
214.4 212.8 210.7 209.9 210.4 212.9 214.9 214.8 213.5 211.8 211.3 212.2 213.1 214.4 215.2 215 214.6 214.8 214.9 214.7 213.5 212.9 212.6 212.3 212.5 212.8 213 212.7 211.5 211.8 211.4 210.6 209.3 209.2 207.6 205.5 204.1 204.7 204.7 204.5 204.1 204.5 205.6 207.5 209.5 210.2 210.9 211.5 212.6 214.2 215.2 216.3 217.5 218.6 220.5 220.6 219.1 217.9 216.7 215.7 214.5 212.5 210.5 208.5 206.9 205.1 204.6 204.3 204.8 208.3 211.7 214.7 217 219.8 220.7 222.4 225.4 223.6
214.7 212.8 210.8 210 209.2 209.7 211.7 212.8 211.3 210.5 210.7 212.9 214.5 215.2 215.7 215.8 215.2 214.6 214.8 214.1 213 212.6 212.3 212 212.1 212.2 212.3 212.4 211.7 212.6 212.2 211.7 211.2 210.1 208.4 206.7 205 204.7 204.1 204.1 204.1 203.6 204.6 205 206.8 208 208.8 209.4 210.4 211.3 212.4 213.2 213.6 214.8 216.2 217.1 216.9 217 216.2 216 214.8 212.3 209.9 207.6 205.8 204.9 204 204.1 205 209.8 211.7 214.3 216 217.4 218.4 219.5 221 220.1
212.7 212.3 210.9 209.4 206.6 206.7 208.9 211.9 210.2 210 212.2 214.5 216.3 215.3 215.3 216.7 215.8 214.7 215 214.2 212.6 212.2 211.9 211.5 211.2 211.4 211.6 211.7 211.7 212.1 212.8 212.4 211.7 211 209.2 207.5 207.4 207.2 205.1 204.2 203.7 202.7 203.3 203.9 204.4 206.1 207.2 207.8 208.1 208.5 209.5 210.1 210.5 211.3 212.5 213.4 213.7 213.8 213.8 213.1 211.2 209.4 208.1 205.9 204.5 204.3 204.1 203.9 204.1 207.8 209 210.8 212.8 214.6 216.3 217.4 218.5 217.7
213.4 212.9 211.8 208.8 205.1 204.9 205.6 206.5 209.5 212.5 214.4 216.5 219.4 218.8 218.4 217.3 215.1 214.9 215 214.4 212.5 211.9 211.3 210.7 210.4 210.3 210.2 210.6 211.1 211.6 212.4 212.3 211.7 211.1 209.4 208.3 209.8 210 208 205.6 203.9 201.3 202.2 202.7 203.4 204.6 205.6 206.7 207 207 206.5 207.4 208.2 208.6 209.4 210.1 210.3 210.5 210 209.1 207.2 205.4 204.1 204.3 204.8 204.2 204.1 205.4 205.7 206.1 208.1 209.3 210.8 212.4 214.9 215.9 215.7 214.5
214.4 214.4 212.1 209.1 205.4 204.9 205.2 205.4 210.2 211.5 214.5 215.7 218.7 219.9 220.2 218.2 215.1 215 215.3 214.4 212.7 211.9 210.9 209.4 208 208.1 208.1 208.8 209.7 211 211.9 211.9 211.1 210.8 209.3 209.2 210.9 210.9 210.6 208 205.6 200.3 201.2 201.6 202.6 203.5 204.4 206 205 205.5 203.8 205.1 206 206.7 206.6 207.1 206.5 206.7 205.6 205.5 204.3 204.1 204.1 204.1 204.2 205.4 205.7 206.2 206.3 206.7 207.8 208.9 209.4 210.7 212.5 213.1 212.3 211.1
215.2 214.6 211.6 208.7 205.5 203.5 205.5 206.8 208.5 209.3 212 213.3 213.6 214 214.5 215.4 214.9 215 215.1 213.7 211.9 209.6 208.1 206.6 205.2 204.5 205.6 207.6 209 209.9 210.6 210.4 209.8 209.6 209.1 210.9 210.9 210.9 210.5 207.4 204.7 200.3 200.5 201.7 202.6 203.6 205.8 205.1 204.3 203.2 200.9 201.1 201.8 203.1 204.5 205.1 204.6 204.2 203.9 203.7 204.4 204.6 204.1 204.1 204.1 205.9 206.3 206.7 206.8 207.1 208.1 208.4 207.9 208.5 209.3 208.9 209 209.6
214.1 212.8 211.2 208.2 205 199.9 201 201.7 203.5 206.2 208.8 210 209.3 209.7 211.4 211.4 211.2 211.5 211.9 211.5 209.1 206.4 204.1 202.3 200.5 201.5 204.7 206.6 207.8 208.3 208.9 208.8 208.8 208.7 208.7 209.3 209.8 208.7 206.2 204 201.7 199.3 201.7 202.6 202.9 203.8 204.5 204.6 203.2 201.3 199 199 199 199.1 205.3 208.9 209.9 208.4 206.7 206.6 205.9 205.9 204.4 204.6 206.7 207.5 206.9 207.2 207.3 207.7 208.1 209.4 208.3 206.2 205 205.8 207.5 208.2
211.8 211.1 210.8 208.4 204.5 201.2 199.7 198.8 193.8 197.6 205.5 206 206.1 206.8 207.5 207.7 207.2 207.5 206.7 205.4 203.4 200.8 199.6 198.1 198.2 200.4 202.9 204.7 206 206.7 207 207.4 207.4 206.3 205.2 204.6 204.7 203.8 201.1 199.3 200.9 203.5 204.8 205 204 203.9 204.1 204 202.8 201.3 199.1 199 204.8 207 210.5 210.7 210.9 210.8 210.8 210 206.8 204.9 205.1 207 208.9 210 208.9 209.2 208.7 210.1 210.7 211.6 210.1 206 204.2 204.2 206.2 207.2
210.3 209.9 209.9 208.3 204.8 202.3 200.1 200.1 200.1 200.2 201 202.8 203.3 204 204.3 203.8 203 203.7 202.8 200.4 197.3 195.1 194.4 194.6 196 198.5 200.3 201.4 202.6 203.8 204.1 204.5 203.6 202 200.9 200.1 199.3 195.7 201.5 205.3 205.3 205.5 205.8 206 205.9 205.9 204.8 205.1 204.1 201.6 195.7 202.9 207.5 210.3 210.9 210.8 210.9 210.9 210.9 209.2 208.4 207 208.5 210.1 212.5 213.8 215.5 215.6 213.1 210.7 210.8 210.9 209.5 205.9 204.3 204.4 205.7 206.1
