data/280000-760000.asc
ncols 200
nrows 200
xllcorner 280000
yllcorner 760000
cellsize 50
[rows 35 to 69 of 200, columns 0 to 77 of 200]
382.3 387.4 392.5 397.1 398.6 401.4 408.3 417.2 416.3 414 409.5 404.7 401.3 400.4 398.4 394.7 388 392.6 388.2 386.1 381 377.3 381.2 376.6 376.8 373.1 372 370.3 370 368.4 366.6 362.2 353.8 352.1 353.3 342.4 336.1 328.3 323.2 321.5 307.1 308.5 327.3 331.5 334.4 340 346.6 353 359.9 368 377.2 385.5 392.8 398.4 404.3 410.3 416.7 424.4 429.7 430 430.1 435.6 440.1 441.6 438.7 436.4 433.3 429.6 426.5 423.2 419.4 414.9 410.4 404.4 401.2 398.2 395.4 392.3
377.8 383.6 388.9 394.8 397.9 401.8 406.2 409.6 411.6 411.9 410.2 405.6 400.7 396.9 393.5 390.3 385.3 384.5 383.7 384.8 380.5 375.5 374.5 372.9 373.5 373.6 371 372.6 367.6 364.5 362.5 359.2 351 350.5 346.4 338.4 333.9 326.2 322.4 319.9 298.6 319 326.4 331.1 333.3 338.5 345 351.8 359.1 368.6 378.2 385.2 391.6 398.6 404.6 411.1 416.6 420.7 423.5 429.4 429.8 430.4 431.4 432.2 432.6 431.5 429.1 427.8 427 425.5 422.2 418.3 413.3 407.8 404.3 401 398.4 395.9
376.8 381.1 384.6 391.4 397.5 401 403.3 408.8 412.2 410.9 408.4 406.2 403 399.6 392.4 387 384.2 383.7 383.1 381.8 378.6 374.7 373 372.7 373.3 371.5 371.6 373.7 369.2 363 361.8 356.3 350.1 343 339.9 335.6 329.9 322.8 321.3 318.7 295.1 320.4 325.4 329.1 332.3 337.8 344.7 352.4 360.8 367.8 377.1 384 391.7 398.5 405 411.4 417.3 421.8 430.1 431.1 428.5 426.8 426.3 426.8 425.8 424.7 423.5 425.2 426.3 425.4 422.9 419.5 415.1 410.2 406.4 403.2 401.1 399.1
376.4 381.2 384.6 387.7 394.6 395.3 401.2 403.9 407.5 409.1 407.7 406.2 402.8 398.4 393.3 386.5 385 387.1 386.8 383.4 377.1 374.5 373.9 377.7 378.4 372.7 372.4 375.9 372.7 372.6 364.5 359.8 347 340.5 335.6 333.3 328.2 321.4 320 317.1 291.1 315.8 320.1 324.8 330.4 336.6 344 352.4 360.7 366.9 376.6 383.1 390 397.1 402.8 411.3 416.8 427.9 429.3 427.7 426.2 424.2 423.2 422.3 421.1 421.2 423.3 423.6 423.3 422.2 420.5 417.6 414.8 411.6 408.5 405.7 403.8 403.4
373.8 379.2 385.2 387.6 390.2 393 396.2 400 401.9 403.3 404.3 405 402.4 397.7 392.6 387.1 385.5 388.8 387.3 382.6 379 378 375.9 378.7 379 375.7 373.8 384 383.6 372.3 364.2 360.8 347.2 339.2 334.8 331.5 327.2 321.1 318 314.8 311.8 290.8 301.3 318 328.7 335.6 343.6 351.7 359.9 367.9 377.3 382.4 389.4 395.8 400.9 407.7 419.6 422.8 423.2 422 420.1 418.4 421.4 420.1 419 420.8 420.8 419.7 418.7 417.6 416.2 414 411.9 410.5 409.3 408.4 407.1 407.1
371.9 377 383.1 385.7 388.4 390.8 393.1 394.4 395.8 398.8 399.5 400.2 399.5 396.6 392.1 386.5 384 391.6 388 384.2 381.4 381.7 381 383.5 382.7 384.3 386.4 388.7 381.5 373.1 366.4 359.2 350.2 340.4 334.1 330.9 324.3 318.7 316.9 312.5 311.6 294 297.5 318.9 328.1 336.3 343.6 351.9 359.4 369.1 375.4 380.6 387.5 394.3 400 404.4 410.3 414.2 415.6 414 411.4 411.9 414.7 415.4 417.4 417.9 416.7 415.1 413.3 412.9 411.6 411.2 411.1 410.4 410.8 411.1 410.9 410.7
370.1 374.9 378.3 381.2 384.6 387.5 389 391.5 393.4 394.8 395.6 395.6 395.3 393.9 390.5 385.5 384.3 389 389.2 389.1 387.6 386.5 386.2 389.5 392 395.2 392.9 386.1 379.2 375.8 366 358.8 354.4 339.1 333.5 330.3 324.3 317.2 308.3 306.1 310.8 294.6 297.7 319.6 328.6 337.1 344.7 350.3 357.7 368.8 372.7 379.5 385 391.5 397.1 399.8 402.3 405.2 407.5 404.9 405 407.5 415.4 414.5 414.5 413.9 413 412.8 410.6 410.2 411.2 413.2 414.7 415.3 415.2 415.6 414.6 413.1
366.5 374.7 375.5 378.2 379.7 384.4 386.8 389 390.8 393.2 393.2 393.2 393.1 393.1 390.2 388 387.9 391.4 390.7 394.3 393.9 392.2 392.6 394.8 396.6 393.6 389.3 383.7 379.2 373.2 366.7 356.5 352.8 340.2 332.7 328.5 322.6 316.5 311.4 303.4 305.2 287.8 300.8 319.3 327.4 336.5 343.2 348.4 356.2 367.4 372.3 378.8 383 387.5 391.4 393.8 395.7 399.3 400.5 399.5 401.2 404.6 411.4 410.5 408.5 408.8 409.5 410.2 410 409.2 411.3 414.6 418.3 419.4 422 423.3 423.8 423.2
363.6 370 370.6 375 377.2 381.4 384.1 385.7 387.5 389.7 391.7 391.7 391.6 394.3 392.3 390.7 392.6 394.2 394 396.5 397.7 399.9 400.1 397.9 393.8 390.7 386.4 382.3 376.5 370.3 364.8 355.3 346.8 336.6 330.2 325.4 320.4 314.9 309.4 284.4 290.2 299.4 308.7 320.5 329.4 336.8 342.5 347.5 358.2 364.7 371.4 377.1 379.9 383.1 387 389.4 392.9 395.5 396.6 397 399.5 402 400.4 399.7 400.9 401.5 405.1 407.8 407.7 408.4 409.7 415.2 420.1 423.9 427 429.8 432.6 436.9
364 363.3 365.7 369.9 374.5 377.4 380.8 383.6 385.3 387.1 388.9 390.2 392.2 394 394.8 394 395.8 398.2 397.7 398.7 402.9 402.9 400.5 396.7 392 388.6 385.9 379.6 372.9 366.6 361.3 355.9 344.6 336.8 329.5 323.8 317.6 313.3 306.7 287.8 302.9 308.1 314.9 322.3 330.2 336.9 341.4 347.6 357.2 363.6 370.8 372.9 376.3 380.5 384.5 387.3 390.7 392.9 393.6 394.4 397 397.7 395.9 396.3 399.5 400.5 402.1 403.6 405.3 406.7 408.8 415.2 421 426.6 431.5 435.5 438.9 442.5
361.4 361.1 361.1 365.1 368.4 372.7 377.5 381.2 384.1 385.2 387.3 388.1 389.2 392.7 395.6 396.2 397.4 400 401.9 404.9 403.3 402.4 399.3 394.8 392.6 388.5 382.2 375.9 369.2 363 356.6 349.9 343.7 338 331.5 327.4 317.1 311.2 304.1 290.7 302.5 306.9 315.1 322.4 329.9 336.7 341 347.7 356.4 362.5 366.6 370.4 374.3 378.3 382.2 385.1 387 388.9 390.1 391.1 392.7 392.8 392.6 395.7 397.7 399.9 402 403.2 402.9 405.5 408.6 415.8 421.6 427.4 433.3 440.5 442.7 442.5
354.9 356.7 358.6 359.5 365.6 371.9 376.6 379.7 382.2 384.4 385.4 385.5 387 391.6 394.6 396.2 398.2 401.4 403.9 404.4 402.6 400.1 398.4 394.9 391.7 387.7 382 374.6 367.2 360 355.2 351.4 348.5 345.8 338.9 328.4 316.6 308.3 301.7 287.7 299.3 304.5 312.3 320.3 328.7 334.6 340.6 347.5 356 361.5 365.1 368.2 372.3 376.2 378.8 381.4 383.4 384.7 386.1 386.7 387.6 388.2 390.3 393.5 396.1 399.9 402.3 403.2 403.7 405.9 410.5 417.2 422.8 427.8 432.5 438.7 441.7 441.9
352.1 353.2 353.7 356.3 362.9 367.8 372.4 375.7 380.1 381.1 381.6 382.5 386.6 390.6 393.5 395.1 397.6 401.7 407 403.5 402.3 403.1 401 396.1 392.3 387 381.4 373.4 366.8 361.2 357.4 358.4 356.9 355.1 342.8 330.5 316.4 306.2 299.4 293.5 286.9 299.9 308 315.6 324.8 332.5 339.7 347.2 354.9 359.9 363.4 366.5 369.7 372.8 375.3 378 379.5 380.7 382.8 384.1 385.8 387.7 389.4 391.2 394.7 398.7 402.4 403.2 403.7 406.8 411.2 417.2 422.6 426.4 430.3 436.1 438.9 440.5
350.2 353 354.3 356.7 359.5 363.7 367.6 373 377.9 378.5 378.9 379.8 383.9 387.9 390.5 392.7 394.5 396.8 401.1 402.3 403.8 403.7 400.8 397.5 393.3 386.9 380.5 372.4 365.5 362.5 360.5 362.3 358.4 355.3 342.5 329.9 315.5 305.9 297.1 292.2 277.4 299.4 307.8 314.7 323.6 330.6 337.8 344.8 352.4 358.2 361.7 364.7 367.4 369.6 372.2 374.8 376.5 378.9 381.1 383.6 385.7 387.5 388.9 389.3 392.5 396.9 400 401.9 404 407.5 411.1 415.8 420.5 424.7 428.9 433.3 435.8 438.2
349.6 351.2 356.4 356.3 359.5 361.3 365.6 371.7 375.9 376.1 376.8 378.8 379.1 381.3 385.9 388.9 391.9 394.1 398.4 400 401.1 401.4 398.6 395.1 390.6 385.4 379.3 371.7 366.2 362.6 363 363.3 358.8 351.3 338.5 326.9 315.2 304.9 298.5 291.7 287 302.2 306.7 313.7 321.6 329.6 335.9 341.8 349.1 355.8 360 363 366.2 368.7 371.1 373.4 374.8 377.9 381.2 383.8 385.5 387.7 388.8 389.5 392.8 396.1 398.1 399.5 403.3 406.5 410.2 414.6 418.8 423.3 427.6 430.9 432.9 436.3
349.7 351.5 352.6 355.3 358.1 362 365.4 370 373.2 375.6 380.1 378.5 377.7 377.5 380 384.6 388.5 391.9 397 399.7 398.6 397.7 396.2 392.6 388 383.4 377 369.9 367.1 367.9 368.8 365.5 358.2 346.9 338.7 326.2 314.8 301.8 296.8 292.7 275.6 300.2 307.3 312.5 320.6 328.4 335.1 340.5 348.8 356.5 358.8 362.1 366.2 369.5 372.8 375.9 378.1 380 381.8 384.1 385.6 388.7 388.7 390.4 392.3 394.1 395.6 397.2 400.3 404.8 408.8 412.7 417.1 422 426.4 428.9 430.6 436.2
350.6 352 353.5 355 357.5 361.5 364.7 367.8 371.4 375 377.9 377.7 376.7 375.9 375.8 380.1 385.4 389.4 392.7 395.8 395.9 394.8 393.3 389.2 385.6 381 374.5 371.5 370.4 371.6 368.9 363.4 356.7 348.8 339.4 325.9 313.9 302.1 295.6 292.9 291.1 295.7 304.5 310.3 318.4 326.1 335.2 343 350.5 354.6 357.6 360.6 365.7 368.9 373.4 377.9 380.4 381.7 383.1 386.8 389 388.1 387.6 387 388.7 390.8 393.3 396 398.9 402 405.7 410.8 415.3 419.9 424.8 427.3 429.5 434.6
346.3 350.9 353.1 354.9 357.5 359.7 362.8 365.1 370 370 371.2 372.7 374.7 374.2 373 374.9 381.1 385.9 387.7 391.5 392.4 390.4 388.9 387.1 383.4 379 376.3 373.2 369.3 367 363.1 359.8 357.7 348.8 337.3 324.1 312.3 299.2 293.3 292 287.2 297 300.6 307.4 316.5 324.8 333.3 342.1 349.2 352.2 355.6 358.4 363.2 369 373.7 377.3 381.2 382.2 387.5 388.5 385.4 385 384.4 384.3 386.5 387.7 390.2 393.2 396.4 399.3 402.7 407.1 412.3 417.6 422.3 426.2 430 435.5
343.5 347.9 352.1 355.6 357.7 359.8 361.9 363.6 364.5 366 367.2 368.5 370.9 370.7 370 369.9 373.7 379.3 382.1 384.2 389.4 386.5 384.7 382.8 380.2 376.8 375.3 369.6 368 367.5 364.6 358.9 353.6 346.5 337.4 322.7 310.1 298.2 291.8 293.4 283.2 295 299.4 305 313.7 319.5 330.7 339.4 348.5 349.3 351.5 354.1 359.2 367.2 372.3 376.6 381 387.9 389.3 384.4 382.1 379.9 380.5 382.3 385.2 386.2 387.4 390.7 393.8 396.8 400.3 403.7 407.3 413.2 419.4 424.5 431 437.3
342.2 346.1 351.6 355.9 358.4 360.2 362.8 363.5 363.3 363.7 364.8 366 367.8 367.7 367.2 367.7 369.1 372.1 376 379.2 381.4 382.6 380.7 377.9 375.8 374 368.9 365.7 365.9 364.3 361.4 358.6 353.5 345.7 334.3 320.4 309.8 298.5 289.5 290.6 289.4 292 298.5 302 307.9 313.1 328.4 338.6 340.9 345 347.4 350.5 356.9 364.3 371.9 376.3 378.5 378.7 380 378.8 376.4 373.6 377.7 381.1 383.3 384.8 385.8 387.6 390.6 393.5 397.6 400.8 403.4 406.9 413 419.8 426.1 431.4
341.1 345.2 346.9 351.7 356.8 361.1 363.2 363.5 362.7 362.9 363.5 364.9 365.4 366.6 366 367.7 369.9 371.9 374.5 375.2 376.5 376.4 375.4 373.9 370.8 368.5 364.9 361.9 363.1 363.4 362.3 358.2 350.6 345 331.9 319.4 311 301 290 286.7 275.3 289.3 293.9 298.1 296.9 311.1 324.5 333.2 337.2 341.6 344.8 347.9 354.5 363 369.1 370.7 371.6 372.5 372 371.8 370.6 370 373.3 375.3 376.6 381 382.2 384.3 386.7 389 392.8 395.9 398.4 401.7 406.4 411.5 418.1 423.9
339.4 341.6 343.8 347.3 351.9 354.6 357.7 358.8 361.1 361 360.7 362.2 362.2 363.2 365.6 366.8 371 373.1 376.7 376.3 374.9 373.6 371.5 368.7 367.1 363.4 359.9 360.1 361.6 363.2 361.7 356 350.6 343.1 331.2 320.5 312 299.9 292.7 287.4 275.2 276 284 283.3 300.9 309.9 322.3 330 334 338.1 341.7 345.1 351.4 356.7 360 362.1 362.1 362.5 365.2 365.4 366.2 367.2 367.5 368.2 371.2 375.6 378.2 381.1 383.9 384.2 384.8 390.2 392.7 394.8 398.2 405 411.4 415.5
337.9 339.4 342 346.4 348 350.8 352.3 354.3 356.8 358 357.8 359.3 359.1 359.4 361.4 365.2 370.3 372.5 376.4 376 376.4 373.2 368.9 363.3 359.6 355.8 358.2 359.9 361.1 359.8 356.8 355.7 350.4 341.6 330 318.3 306.8 299.3 293.8 289.8 282.3 273.2 268.3 289.8 302.7 310.8 322.4 327.2 330.9 335.3 339 341.7 344.6 348.4 350.8 353.3 356.1 356.9 357.7 359.5 362.1 363.5 363.8 366 368.3 370 372.8 375.2 377.7 376.8 376.3 379.5 383.7 387.4 389.8 396.6 402.9 407.6
335.7 338.3 339.9 341.9 343.6 347 347.9 349.3 351.2 352.5 353.7 354.6 355.8 357 357.1 360.4 365.1 368.8 374.7 373.6 369.5 367.2 363.3 360.1 354.9 351.6 355.6 355.7 353.7 352.5 353.6 353.8 348.1 340.7 328 314.3 305.2 298.7 292.9 287 277.8 254.6 282.9 292 303.5 311.4 319.8 325.8 329.9 333.4 335.3 337.4 340.1 342.1 343 347.1 352.2 354.2 354.5 356.1 358.5 359.8 357.5 361.1 361.6 364.1 367.6 371.2 368.7 367.2 365.4 368.4 373.7 378.6 382.9 387.6 393.5 398.1
333.2 335.8 337.2 338.7 340.7 343.5 342.6 345.4 347.4 351.2 351.1 353 352.5 351.8 353.4 355.9 358.6 362.7 367.2 368.4 365 362 357 352.2 350.2 346.7 343.6 347.6 347.1 348.5 352.1 353.6 345.9 333.1 321 311.6 303.7 296.6 289.1 280 260.4 268.9 284.2 292.4 303.8 311.6 318.4 322.7 326.9 329.7 331.6 332.1 334.4 335.3 337.7 341.9 346.4 349.9 350.8 352.8 355.2 353.2 347.8 351.9 353.8 356.9 362.1 362.1 359.2 356.7 354.9 356.6 361.9 368.3 375 379.2 382.9 388
329.7 331.8 333.1 334.4 337.8 340.1 339.4 341.1 346.7 350.9 349.7 350.1 349.3 348.6 351 354.4 355.7 357.3 360.5 362.7 360.6 356.8 352.8 346.8 342.9 339 337.4 338.9 340.4 344.4 346.5 345.3 336.9 326.4 314.4 307.9 300.7 292.8 283.9 275.4 252.4 273.6 283.4 291.1 303 310.7 314 318.7 323 324.9 324.7 325.5 326.5 327.2 330.1 334.7 339.8 345.4 348.5 349.6 346.5 342.2 340.9 343.1 344.2 347.3 353.5 350.3 347.7 345.9 343.7 342.6 348.2 355.8 362.5 366.6 369.7 374.7
326.5 327.3 329.8 331.9 332.5 334.1 336.1 339.5 346.5 349.9 348.5 346.7 344.9 347.4 350.2 353.8 355.1 354.9 353.9 355.5 353.4 351.6 347 340.8 335.4 333.2 333.9 335.2 335.1 339.1 333.8 333.3 326.8 317.7 308.9 301.6 295.2 287.4 279.1 271.2 257.1 275.7 281.9 289.1 299.9 307.3 311.3 314.5 315.8 315.3 315.4 316.4 317.6 318.1 320.3 326.1 333.2 340.2 344.2 340.8 333.4 332.8 332.8 333.2 333.6 335.9 338.2 338.4 335.7 333.8 330.8 327.7 329.1 337.8 344.5 351.2 356.3 360.9
322.4 324.3 327.1 327.7 328.4 330.1 333.5 337 348.5 348.5 346.9 343.9 341.9 344.6 349.6 353.7 355.5 354.6 355.1 353.6 350 346.2 340.2 334.5 330.4 330.1 328 328.1 325 323.6 321.9 323.1 316.4 309.2 300 293.2 286.9 280 273.3 264.6 254.6 273.9 280.1 287.7 295.8 303.7 307.8 311 306.2 305.6 305.1 304.9 305.4 306.3 311.5 318 324.1 328.5 330.9 329.1 326.5 325.2 323.8 322 321 321.4 322.2 322.9 323 319.7 316.5 312.8 311.4 318.3 326.7 333.6 341.5 347.5
318.1 320.6 323.1 324.3 325.5 327 331.1 334.6 338 340.2 340.7 338.7 336.7 340.6 347.3 353.6 356.6 355.2 361 358.8 350.5 342.3 336.2 332.9 332.3 327.3 322.2 315.6 313.1 312.7 308.6 311.1 302.3 297.7 290.8 284.3 277.8 270.5 264.8 256.1 245.2 268.9 277.6 285.3 293 301.4 303.3 298.8 296.7 295.2 293.9 292.2 292.8 295 301.7 307.6 313.5 318 318.1 316.8 318.1 313.1 310.5 306.8 306.6 309.9 310.9 312.5 310.2 306.8 303.3 299.8 298.1 299.2 305.2 315.3 324.6 332
313.5 315.6 317.3 318.7 320.8 323.1 326.2 326.6 330.2 332.3 331.4 329.6 333 333.9 341.8 351.1 358.3 360.1 364.2 360.9 352 340.4 336.3 335.6 335.5 332 321.4 315.3 308.5 303.8 300.8 299.8 290.8 286.3 281.1 275.9 269.7 263.5 257.4 250 226.7 258.7 273.2 281.2 289.2 295.5 298 294.1 291.3 288.9 287.3 285.3 282.3 284.1 288.9 294.4 301.1 302.4 301.5 301.8 303.1 301.6 298.4 297.1 298.6 308.5 307.8 303.8 298 294.6 291.1 289.1 285.6 283.9 284.9 293.2 303.5 313.4
308.7 309.8 311.3 313.7 316.4 317.6 317.1 320.6 324.5 324.7 323.4 322.6 323.2 329.6 336.6 342.7 349.1 353.2 359 357.7 351.4 338.5 338.1 340.1 337.8 331.3 321.8 313.8 307.4 300.6 294.1 286.8 278.6 275.1 272.4 269 263.2 257.4 251.3 246.2 222 259.9 268.1 275.2 284.2 286.9 290.8 287.1 284.5 281.7 278.7 275.7 272.1 272.1 275.6 280.3 286.9 286.8 286.8 288.6 291.7 288.7 286.8 284.5 286.8 293.8 294.7 290.7 286.6 282.8 278.7 276.8 272.5 271.8 271 273.2 282.2 293.6
304.4 305.5 306.7 308.8 310.2 309.6 310.2 312.7 315.6 316.4 316 316 320.4 324 330.1 335.5 338.9 342 348.9 347.9 340.8 339.3 344 337.5 331.6 327 317.4 311.1 304.8 298.2 289.8 281.2 274.7 267.4 261 259.2 256.3 251.1 246.6 239.9 221.8 255.1 260 264.9 272.4 276.2 279 281.1 277.4 274.1 271 267.7 263.5 261.6 262.3 266 268.3 271.1 272.6 276.1 277.9 276.4 274.3 272.5 273 278.4 279.6 277.4 273.6 270 265.8 262.5 260.1 258 257.3 258.2 263.7 273.4
299.1 300.7 302.2 303.8 305.3 305.5 305 305.4 309.1 309 309.2 307.4 313.9 318.3 321.9 327.8 333 332.9 337 336.3 334.5 335.3 330 327 325 323.3 313.6 304.4 299.1 294.2 288.5 282.1 264.9 263.5 258.1 248.7 240.2 236.8 231.9 211.2 240.6 246.6 249.5 253.4 259.2 262.9 266 271.7 271 266.7 262.9 259.4 254.4 251.9 251.7 253.1 254.6 256 257.1 260.8 264.3 263.4 261.3 260.4 259.4 262.6 262.9 260.7 259.1 256.4 254.5 251.6 248.1 245.8 245.7 245.1 246.3 252.8
293.6 295 295.7 296.5 298 301 300.2 299.8 302.5 302.6 301.4 299.4 305.2 310.2 316.1 323.1 324.7 324.1 332 333.3 328.6 322.2 317.1 315.9 315.1 312.4 307.1 299 293.5 283.7 278.2 271.9 260.9 252.8 247.9 239.7 233.2 223.3 209.5 226.4 234.8 238 239.8 241 245.3 249.7 253.5 257 259.1 258.8 254.9 250.2 245.6 243.1 242.2 240 241.2 241.2 242.2 245.3 248.6 247.4 248 246.5 247.6 248.5 247.9 245.5 244.1 243.1 243.6 242.5 240.7 239.6 238.5 237.8 238.2 239.3
286.6 288.1 288.7 290.4 291.7 294.4 294 293.8 295.6 293.3 293 291.6 293.9 299 302.9 305 307.3 310.6 317.6 315.9 319.3 317.6 313 305.2 302.8 299.5 293.5 287.8 286.3 278.2 272.9 268.8 257.4 249.1 247.5 240.6 234.6 215.1 209.7 219.5 224.2 228.6 228.8 230 233.6 237.7 241.5 244.6 245.8 246.4 247.5 239.5 238 237.8 233.5 232.7 230.3 226.2 228.2 228.8 230.8 230.9 231.5 232.7 234.8 236.3 234.8 232.6 230.6 229.5 229.9 229.7 229.9 229.6 229 228.6 228.9 229.1
