data/280000-80000.asc
ncols 200
nrows 200
xllcorner 280000
yllcorner 80000
cellsize 50
[rows 35 to 69 of 200, columns 80 to 159 of 200]
113.8 113.8 115.8 120.6 116.9 112 106.3 100.5 97.2 95.5 95 96.9 102 105.2 108.6 117.9 131 131.9 133.4 132.9 129.7 123.7 116.9 112.3 113.5 112.3 109.9 113.3 117.5 119.8 117.7 124.6 135.9 144.8 148.8 152 150.1 139.9 130.9 138.3 147.9 158.7 168.8 181.2 192.3 199 206.5 209.4 210 206.7 200.6 191.1 186.9 179.2 174.6 165.1 153.9 140.4 124.7 138.9 150.9 158.1 155.2 144.4 130.2 114.4 121.4 132 126.6 115.7 112.5 107.9 96.4 88.2 85.3 86.7 86.1 88 86.2 87.2
106.1 105.6 113.9 117.6 120 116.3 112 105.2 96.3 88.9 89.9 97.5 105.4 113.5 121.7 128.8 132.4 130.5 124.2 120.7 117.3 111.5 105.2 100.7 99.7 99.6 99.9 101.5 103.9 104.7 106.2 113.9 125.6 133.8 138.1 140.6 138.8 128.6 131.2 143.5 155.6 166.3 177.2 187.2 193.5 199.1 203.5 206 208.7 206.8 201.6 195.4 189.4 180.2 170.2 154.4 141.8 130.5 143.1 152.9 162.2 162.6 154.6 139 124.2 127.1 135.6 143.9 133.3 129.6 123.9 119.3 111.6 102.6 96.8 93.3 88.2 84.3 84.3 83.3
101.3 102.5 108.3 112.4 116.1 114.3 108.4 104.2 94 86.1 88.6 102 112.7 120.5 126.7 127.7 126.8 121.9 115.5 109.8 106.2 99.8 95.6 91.2 89.8 91.4 92.8 97 99.4 99.7 101 105.7 116 123.1 128.6 130.7 131.4 124.7 126.2 135.5 152.1 167.3 177.4 184.6 187.2 189.3 192.5 202.6 205.8 204.2 200.6 194.6 187.2 180.1 162.9 148.7 145.8 153.3 156.5 165.6 168.2 164.2 150.9 131.4 129.7 137.6 146.2 151.5 145 147.1 142.7 135.3 126.1 118.2 113.8 112.2 107.4 101.4 97.2 94
100.6 94.5 99 105.3 113.2 110.5 102.9 96.3 86.3 85.6 89.1 101.4 111.8 117.7 121.2 123 119.6 113.1 106.1 99 95.7 88.5 86.3 87.4 91.8 98.9 103.2 106.7 108.6 108.5 108.8 105.3 106.9 114.1 119.7 122.5 122.8 120.5 123.6 134.9 147.9 161.8 170.5 173.4 175.8 179.3 188.6 198.5 199.9 197.5 194 186.8 179.7 169.5 159.8 153.7 161.3 164.6 169.1 171.2 169.2 156.9 140.4 138.8 145.5 149.5 154.1 157.6 155.7 153.6 149.6 142.5 135 127.8 123.6 120.2 115.8 111.6 106.8 102.3
106.1 94.7 92.4 102.8 109.2 107.2 98.5 90.1 83.5 87.1 93.7 105.7 110.7 116.5 120.7 123.9 121.2 112.4 102.3 91.2 83.8 83.4 89.5 100 104.9 108.9 113.2 116.4 118.6 120.8 119.7 113.4 109.2 107.3 109.3 111.9 113.2 121.1 131.7 145.7 154.1 160.2 159.5 161.2 169 178.2 185.8 190.1 190.4 189.2 188.2 184.5 178.2 170 163.5 170 176.1 177.6 176.9 175.3 169.3 158.7 151.1 153.8 162.1 163.5 163 161.7 159.2 156.1 152.1 147.8 141.2 134.6 130.4 125.6 120 114.7 110.1 105.3
103.2 95 86 94.2 105.7 103.5 93.9 84 83.5 94.5 102.6 113.7 117.8 119.1 120.6 121.7 117.3 109.3 99 82.7 88.4 98.3 106.2 112.1 116.3 119 121.6 125.7 130.3 132.9 133.2 128.9 123.9 121 118.5 117.3 122.7 133.8 144.9 157.9 158.4 153.6 158.7 167.2 174.9 180.6 182.3 185.1 182.2 179.1 182.3 185.5 181.2 175.1 176.1 180.3 183.7 185.5 186.3 183.5 175 167.9 165.2 165.5 164.8 164.5 163.7 164.6 163.1 156.4 150.7 147.4 143.9 138 133.6 128 122.8 116.3 111.3 106.2
100.8 91.7 85.1 88.2 98.4 97.6 88.6 79.7 91.7 102.9 110.6 118 118.5 118.7 119.3 118.2 110.2 99.8 94.5 84.7 97.2 109.1 117.6 124.5 133 134.1 135.1 138.1 143.3 145.5 146 146.3 142.2 137.3 135.8 139 145 153.3 162.4 169.9 160.1 146.9 158.3 168.9 175.1 172.3 173.8 181.4 178.1 170 176.3 183.2 185 181.8 182.4 186.1 190 194.1 195.8 194.6 186.5 176.6 174.6 173 168.2 164.6 161.2 160 160.4 154.1 146.7 138.5 134.6 132.1 130.2 126.4 119.6 115.1 110 104.2
100.7 93.5 87.1 80.4 85.2 86.3 79.8 78 90.4 101.2 108.1 111.4 113.2 113.1 117.7 118.6 113.2 107.1 94.6 80.8 88.7 101.4 117 128.6 135.6 141.9 147.6 151.8 155.5 158.3 158.4 155.2 151.8 149.9 149.8 152 157.4 165.7 171.5 164.7 151.7 146.1 159.4 167.7 167.3 160.5 171.8 175.4 166.7 160.9 173.5 183.3 185.3 186.8 186.4 186.1 190.1 193.2 198.2 202.6 197.1 191.5 183.8 177.7 171.5 164.4 155.9 151.8 150.6 151.2 141.2 133.7 124.4 119.8 119.5 116.8 113.1 108.6 103 100.5
99.5 97.3 93.3 85.8 76.3 74.5 71.7 72.4 79.6 90.1 97.1 103.4 103.1 108.2 116.3 116.8 115.7 110.7 100.6 81.3 81.2 92 106.5 117.1 125.9 135.4 141.9 147.1 149.8 149.3 147 144.9 140.3 138.7 138.1 141.5 150.6 160.4 168.3 163.2 150.8 140.3 150.8 157.2 154.8 159 164.9 165.2 154.7 159 169.4 178.2 182.5 182.8 182.3 181.1 183.2 187.6 192.8 197.4 198.8 193.3 186.1 178.5 171.1 160.8 150.2 144.2 142.2 138.3 132.7 125.6 117 110.6 107.3 104.2 99.8 94.5 88.7 88
93.7 93.5 90.3 85.8 76.8 68.6 69.4 71.2 75.3 81.1 88.3 91.3 96.1 104.6 109.6 109 108.2 106.1 100.9 89.3 80.1 84.2 94.1 104.3 113.9 121.9 128.4 134.2 137.1 137 134.9 132.3 127.9 123.9 123.1 128.2 141.4 151.2 158.8 163.6 153.2 138.5 139.3 144 142.9 149.5 156 154 143 147.2 152.6 161.5 171.7 177.2 174.8 171.8 173.5 179.7 184.8 192.5 194.6 192.6 185.7 179.2 172.2 164.2 155.5 146.4 135.3 127.5 121.9 115.2 110.1 105.1 98.5 94.8 91.4 92.4 95.3 95
84.2 83.9 83.1 80.2 74.4 68.2 69 73.6 77.7 83.1 86.5 88.2 95.1 101.9 105.7 105 100.7 97.9 96.5 91.3 84.2 80.4 85.1 94.7 104.2 112 119.6 124.9 127.3 125.2 121.8 117.5 113.6 112.3 113.3 118.7 130 141.2 148.8 154 156.4 144.6 132.3 132 134.9 141.4 145.8 143.4 133.9 135.2 141.8 147.6 158.5 164.1 158.5 161.3 167.3 171.7 180.9 188.8 192.5 192.2 188.9 181.4 175.2 168.6 163.3 155.8 138.1 127.9 119.3 113.7 112 107.1 103.6 96.7 103.2 105.8 107.6 102.9
77 72.7 71.9 70.5 67.7 70.1 77.1 83 90.8 96.4 95.2 97.6 101.9 107.4 105.6 104.6 99.7 94.2 90.8 88.8 85.4 79.2 79.2 87.3 96.4 102.4 110.2 117 115.9 112.8 108.1 106.2 105.6 106.5 108.7 112.5 120.5 130.1 137.1 146.2 159.1 157.1 148.3 134.3 125.4 129.3 132.8 130.6 133.5 136.7 146.4 143.6 146.1 149.8 155.6 168.7 180.1 182.9 184.9 188.7 192.1 192.9 190.8 185.6 179.4 173.4 164.3 152.1 143 142.8 130.5 124.3 120.5 114.2 104.6 101.9 115.9 113.8 110.2 106
67.4 65.3 66.2 66.8 74.4 82.9 91 96.7 105.2 108.5 106.9 103.9 107.9 108 104.3 101.5 98 93.2 89.4 87.9 84.7 80.7 77.7 79.4 88.3 94 104.3 108.1 105.8 101.4 98.5 99.5 105.8 109.9 113.6 116.6 121.3 123.9 129.8 142.5 156.7 158.7 155.5 149 136.7 123.3 124.2 132 138.7 147.4 156.9 157.8 156.7 163 173.6 185.8 191.9 190.6 188.8 189.7 192.7 195.1 194 190.3 186.1 180.3 172.1 163.4 156.1 147.8 138.4 126.2 119.2 112.4 105.5 107.8 115.2 116.5 113.5 108.6
61.3 69.6 76.9 69.3 78.1 85.7 87.9 95.3 102.8 110 111.4 108.7 108 104.3 99.1 96.7 91.7 87.1 87.8 85.4 82.8 79.7 77.1 80.3 91.6 99.6 104.7 104.2 100.5 95.1 94.5 104.8 114.2 121.1 128.7 132.2 133.6 135.9 137.1 145.3 152 152.7 148.6 144 137.9 125.1 124 142.1 147.4 151.4 155.9 159.8 166.4 173.9 180.6 190.1 196 198.1 197.1 196.7 197.3 198.2 197.6 196.1 191.8 185.1 177.6 168.7 158.4 148.2 139.9 128.6 120.2 112.3 108.5 111.5 115.6 118 116.5 111.1
71 79.7 83.3 78.6 71.8 73.6 78.5 83.3 92.4 103.3 107.4 108.7 107.1 97.8 92.4 89.7 84.8 81.8 79.6 78.2 77.1 75.1 73.2 83.3 97.1 102.5 102.2 99.3 95.4 91.8 97.2 107.2 116.1 122.1 127.5 131.6 135.1 137.1 140.7 142.7 145.7 146.6 142.7 137.3 132 122.6 123.1 136 138 143.4 151.3 157.8 163.3 166.6 178.7 189.7 198.7 203.8 201.4 201 201.3 202.2 202.7 201.8 197.8 189.6 180.9 169.3 158.1 147 134.5 129 123.1 115.4 116.6 116 117.5 119.9 118 113.4
79.1 87.2 89.5 88.1 79.5 82.7 86.2 86.8 87.4 93.7 103.9 109.3 108.6 101.8 94.9 89.3 84.3 79.9 78.8 75.8 69.5 66.9 71.1 88.8 95.9 97.1 96.1 93.4 89.7 84.3 87.8 96.1 104.4 112.6 119 123.4 126.3 128.4 130.5 133.9 138.6 138.6 135.8 132.6 126.4 119.8 120.2 125.5 130.1 139.4 148.2 154.2 156.9 158.6 169.9 180.2 192.5 199.4 206.1 205.5 205.5 206.7 206.3 206.9 204.4 195.6 182.1 170.2 160.3 150.4 142.1 134.9 125.8 119.6 120.6 120.6 122.4 123.4 120.9 116.9
90.2 97.3 101 97.8 89.9 92.4 94.5 97.3 97.1 98.1 105.1 111.5 111 108 103.8 97 91.7 84.8 79.8 76 66.1 65.3 81 86.9 89.5 89.3 87.4 85.5 81.4 80.3 82.6 84.4 89.2 99.3 106.7 112 115 116.8 120.3 126.4 133.1 131.9 129.5 126 121.2 116 116.6 120.5 129.7 136.2 141.7 143.4 143.7 147 156.9 166.1 177.6 189.9 199.9 205.5 205.7 207.8 208.8 208.7 206.1 200.1 190.9 182 173.4 160.6 150.9 139.4 129.8 124.5 126.6 127.8 128.3 128.2 125.8 122.4
104.4 108.2 109.2 107.1 104.1 106.1 107 108.4 108.7 109.5 110.6 109.6 107.5 104.7 99.6 92 85.6 79.1 72.9 68 65.2 72.6 77.8 79.1 76.6 76.3 75.4 75.6 77.7 84 89.9 89.3 88.3 90.9 94.8 100.6 107.9 106.1 114.2 126 130.9 130 125.6 118.5 114.5 115.3 126.3 126.4 121.2 128.9 133.5 131.9 140.3 143.4 146.9 155.9 163.5 173.4 185.5 194.7 199.7 206.4 208.9 209.1 206.8 203.1 196.5 190.2 178.8 169.7 160.1 148.4 137.2 132 132.1 133.7 134.5 132 128.9 125.5
106.6 110.7 114 114.1 114 114.6 115.3 113.3 112.1 106.7 105.1 103.3 100.3 95.7 90.3 82.7 76.4 69.9 64.2 63.7 64.7 66.4 68.6 68.8 70 72 74 78.3 84 92.9 101.8 103.8 100.9 98.9 101.5 105.6 109.3 113.1 121.3 133.9 134.4 129.8 121.9 111.5 116.5 125.2 137.9 140.7 129 123.3 126 132.5 139.7 148.4 156 161.2 163 166.2 178.5 195.2 199.4 203.3 205.3 205.4 206.5 203.8 198.5 192.9 186.4 177.1 165.9 156 144.8 139.4 138.4 138.6 137.1 134.5 129.6 125.7
99.7 104 109.1 113.4 117.5 119.9 118.3 112.9 109.3 102 95.9 94 89.7 84 78.9 74.2 68.4 62.5 63.7 72.8 76 76.9 73.9 75.8 77.3 81.2 86.5 91.3 96.7 104.5 114.7 115.4 113.5 113.7 114.9 116.9 120.8 126.5 134.6 135.1 131.9 125.9 114 113.6 128 136.1 144.1 146.6 145.6 139.2 134.9 133.7 137.7 141.3 154.1 163.5 171.5 179.3 184.7 191.2 193.2 196.6 196.2 198.6 202.8 203 200.1 195.4 188.3 170.6 164.8 161.6 153 144.4 139.1 136.4 134.2 131.9 128 124.2
93.9 99.1 103.7 107.6 111.2 112.2 111.3 108.4 104.1 97.5 88.8 85.8 81.7 74.2 70.3 66.8 61.1 65.5 75.7 86.6 92.3 95 95 94.8 95.1 99.4 103.6 106.6 108.6 109.8 114 118.7 121.2 124.3 124 125.7 129.4 132.8 133.9 130.9 127.9 119.5 110.3 123.1 129.2 133.9 141.4 151.7 157.8 157.7 158.2 154.1 155.2 155.6 156.4 161.5 170.8 182.8 183.7 177.8 177.3 179 183.9 190.6 198.1 201.8 200.2 195.3 189 177.7 162.9 159.2 155 144.5 136.4 132.7 129.9 127.9 125.1 121.7
90.9 92.9 94.8 98.8 102.2 103.3 102.8 100.9 95.6 91.2 87.1 81 81.8 78.1 73.1 63.1 65.4 80 88 92.5 96.5 99.3 99.7 99.5 100.6 100.7 101.6 101.7 103.2 106.4 110.8 113.8 116.7 117.7 119.2 121.8 125.3 132 133.1 129.6 123.5 116.8 108.9 113.7 119.5 131.4 144.9 153.5 161.1 165.6 167.6 169.5 172.6 173.9 174.7 177.2 181 176.1 164.6 156.7 159.5 171.5 183.3 193.4 200.1 202.7 200.5 194.3 186.9 180.2 170.6 161.7 158 147 137 129.8 125.3 123.4 120.5 118.2
87.2 85.4 86.6 90.1 91.2 92.7 94.5 91.3 86.1 82.8 79.6 78.2 75 74.7 69.3 61.4 69.3 80.1 84.6 88.4 91.3 91.6 91.9 92.7 95.1 96.6 97.1 96.7 98 99.6 103 106.1 109.1 109.5 110.5 114.1 120.1 127.4 131.6 129.4 122.8 113.1 107.2 118.2 129.9 138 147 151.8 155.8 158 159.4 163.3 171.1 178.7 181.1 180.2 174.5 156 151.1 157 167.2 184.1 198.3 208.9 211.7 205.6 202.7 196.1 189 181.1 174.4 167.8 163.2 157.5 147 136.3 128.3 120.5 114.8 112.7
80.4 77.5 75.6 78.6 81 83.1 85.7 84.1 76.8 74.2 71.5 70.1 68.8 70.3 65.2 59.3 62.1 68.9 72.7 80.2 83.9 83.3 82.8 83.7 85.7 86.6 87.1 88.1 90.1 92.9 96.1 99 102.3 102.2 102.8 109.6 116.6 122.7 126.4 124.2 120 112.3 104.7 121.2 131.5 137.1 140.8 144.1 144.9 144.6 147.8 154.2 163.9 168.4 171.2 163.9 156.6 143.5 152.9 165.9 176.9 187.5 197.7 207.1 215.4 213 208.1 202.2 192.2 183 170.5 175.5 170.6 160.4 148.1 139.2 129.7 121.4 115.1 108.4
71.7 69.4 70.9 76.5 78.9 83 86.3 86.4 84.1 81 76.9 72.4 64.8 64.8 59.6 58.5 58.7 59.5 62 68.2 69.4 73 73.4 74.9 76.5 77.3 78.4 80.9 83.6 86.5 88.7 92.1 95.6 95.4 96.6 101.8 109.3 116.5 120 121.7 117.5 111.1 102.7 117.7 128.8 132.4 133.6 133.8 134.1 134.2 139.8 149.9 155.6 155.9 156.4 154.5 144.1 145.5 155.4 161.9 171.1 177.6 185.4 197.2 211.5 215.7 213.1 207.2 200 187.8 172.2 178.2 170.2 156.7 146 136.2 127.8 122.6 119.5 116.2
62.1 72.3 82.3 90.3 93 93.6 91.2 89 85.9 79.4 72.3 68.4 62.7 59.7 58.7 59.4 64.7 65.2 63 63 63.9 66.1 67.8 68.6 70.4 71.2 71.5 73.7 77.1 79.6 80.9 84.4 87.2 88.4 90 96.2 101.8 109.5 115.7 118.3 116.7 114.6 102.9 110.6 120.2 123.9 124.5 124.9 126.3 134.6 141.6 144.5 142.2 138.3 138.4 140.1 140.8 142.3 142.7 145.3 155.9 167.4 179.5 192.7 205.9 213.8 215.1 210.9 203.7 194.8 184.8 181 169.9 163.1 160.6 148.9 138.4 133.5 130.3 125.5
67.4 76.8 87.1 92.4 94.4 91.5 86.6 81.6 74.4 67.6 60.7 58.3 57.4 56.4 58.7 67.1 70.1 70.8 66.9 66.7 70.3 71.5 72.3 73 76.3 77 75.6 73.7 74.8 77.5 80.6 83.5 85.1 88.4 91 93.7 95.3 101.7 110.7 116.5 116.9 113.2 105.9 102.8 110.8 113.7 114.1 118.3 126.5 134.1 136.5 133.1 126.4 127.3 128.6 133.9 136.4 139.5 147.4 151.8 150 160.4 171.7 182.4 195.6 204.2 211.6 210.8 207.6 201.5 194.5 187.1 179.8 173.6 165.2 159.7 150.3 142.4 138 132.6
72.8 84.5 91.2 90.7 85.2 80.3 75.8 69.5 60.8 55.3 53.1 56.3 57.9 60.6 70.6 76.2 75.8 74.2 69.6 70.5 74.3 79.5 79.6 81.1 83.3 83.3 79.8 77.3 77.7 78.5 79.4 84.7 91.8 98.4 104.7 106.1 109.1 111 112.4 115.3 114.1 110.4 104.6 100.2 105.4 110.2 114.9 121.1 126.6 126.8 126.1 121 121.5 128.1 133.4 135.1 137.6 143.9 152.8 158.8 159.7 158.2 163.4 172 185.5 197.7 208.6 212.2 211.3 206.6 201.4 195.6 186.5 179.9 171.6 164.1 155.9 149.5 143.6 138.3
82.3 88.2 87.5 83.8 77 70.1 64.1 56.5 53 55.9 61.6 65.4 69.7 75.1 79.3 82.5 80.3 78.1 74.8 74.9 76 80.3 84.8 87.6 89.2 87.5 83.4 81.8 83.8 85.2 83.2 82.4 90.2 99.7 106.4 109.9 111.7 114 116.4 115.4 112.3 108.5 102.2 99.1 108.3 116.5 118.2 120 118.5 117.9 114.6 115 126.5 132.2 136.7 141 143.7 149.2 156.9 160.3 164.1 167.2 169.8 175.1 182.7 192.6 202 210.8 216.2 211.9 206 200.4 192.1 184.6 176.1 165.7 155.7 148.7 143.2 137.8
78.3 81.1 79 75.7 69.8 61.4 54.6 51.6 54.4 62.6 69.9 75.9 81.9 87.4 89.9 88.6 86.4 81.7 79.2 83.6 82.4 83.4 88.2 91.4 93.4 91.7 87.3 89.8 91.6 92.6 91.5 84.9 90.6 97.6 103.6 108.9 110.2 111.2 112.6 111.7 109.9 106.2 98.6 99.5 113.2 115.3 114 108.8 109.1 112.7 117.6 122.8 127 134.1 138.5 142.3 144.8 149.3 152.2 153.9 158.3 163.1 167.9 172.9 178.3 186 194.1 202.8 214.8 214.9 209.7 204 194.5 185.8 177.3 167.8 158.1 148.9 139.9 134.2
67.5 72.7 71.5 66.9 60 53.9 50.3 56.4 64 67.8 75.5 85.5 92.2 97 97.1 95.4 91.9 86.2 85.5 90.7 90.1 89.5 91.3 94.6 97.3 95.8 93.6 98.1 99.1 99 94.3 91.2 91.6 94.9 101.2 105 106.7 107.5 107.2 106.2 104.8 101.5 97.6 100.8 104.1 104.3 104.2 111.1 116.7 120.6 125.2 128.9 131.3 134.5 137.6 138.4 136.7 136 137.3 141.6 147.5 153 160.6 164.1 169.8 181.8 190 198.5 211.9 216.1 211.3 207.1 197 186.3 176.2 167 157.9 148.6 139.6 129
52.6 63.5 61 53.4 49.8 49.9 55.7 62.6 73.8 80.1 83.9 87.8 98.8 103.5 104.4 102.1 96.7 93 93 96.4 96.6 96.3 96.9 98.8 101.1 101.1 101.2 102 103.7 102.1 95.8 97.1 99.2 99.1 98.2 104.9 104.7 103.7 103.4 100.8 99.6 96.4 98 100.7 104 105.7 110 113.2 117.3 120.5 122.2 126 127.7 130.1 131.4 130.4 126.5 131.5 134.5 136.6 141.5 147.9 153.7 161.3 172.2 184.4 191.8 201.2 216.5 215.6 211.4 206.3 196.8 186.4 173.1 161.3 151.1 142.9 134.4 127.9
49.1 58.4 50.9 48.7 49.3 57.9 65.5 74.6 82.3 91.5 99.8 101.8 105.3 110.2 111.4 109.3 102.4 103.4 107.4 112.2 113.5 112.4 107.6 108.4 109.5 108.8 107.2 108 107.7 104.5 101.3 101.5 103.7 105.2 105.7 104.5 104.3 102.9 100.6 97.5 95 94.8 98.2 101.1 103.3 105 105.8 109 110.4 113 114.2 115.6 116.6 118.2 118.6 121.4 128 131.3 135.1 138.9 143.8 152.5 158 164.9 180.6 194.5 205.9 212.6 216.5 215 209.4 203.9 196.5 186.5 174.4 159.5 148.6 141 138.2 135.5
47.6 48.5 48.7 50.7 64.1 73.4 83.1 91.7 99.6 105.3 111.8 116 119.8 121.9 126.1 119.4 110.7 120.8 128 133.9 133.5 135 133.4 131.1 126.5 121.2 118.4 115.1 112.9 109.9 105.1 104.9 104.8 103.5 104.8 103.2 102.7 100.3 97.3 94.3 91.7 94.9 97 98.7 98.5 99.2 99.8 102.5 105 106.6 108.3 111.8 111.9 112.1 116.6 119.4 123.2 126.5 130.4 136.8 145.1 156.5 163.4 170 182.4 198.9 210.9 217 217.7 214.7 208.1 201.6 195.5 185 173.8 161.9 151.1 148.1 148.7 145.2
47.7 48.2 48.9 60.3 70.6 82.9 94.3 102.2 109.4 115.9 122.5 131.2 137.1 143.3 144.6 131.6 117.2 132.6 141.6 145.7 149.7 151.2 152.8 153.4 150.5 142.5 135.6 127.4 120.5 114.6 105.8 103 99.9 97.5 99.4 99 97.4 94.9 92.4 90.2 92.6 96.5 96 96.9 97 99.6 100.7 101.6 102 102.9 107.3 111.6 114.5 115.9 117.5 119.5 122.9 125.4 129.5 134.4 142.4 153 164.1 172.6 186.8 203.8 213.9 219.2 218.9 214.3 207.2 199.4 188.8 180.8 170.9 158.5 155.4 155.3 153.1 149.4
