data/280000-110000.asc
ncols 200
nrows 200
xllcorner 280000
yllcorner 110000
cellsize 50
[rows 70 to 104 of 200, columns 78 to 155 of 200]
170.6 171.3 174.4 176.4 177.6 178.2 178.2 174.8 171.5 166 164.3 171.3 175.3 181.5 186.4 189.6 192.6 195.7 197 198.4 200.1 201.5 202.2 202.4 201.5 200.5 199.5 199 199.7 200.3 201.1 198.5 191.8 185.7 195.4 203.3 207.5 209.9 212.1 213.3 213.9 212.8 211.7 210.7 207.9 204.7 203.2 203.2 203.2 204.1 205.3 207.4 209.2 210.5 211.8 213.4 214.4 216.5 220 221.8 222.9 224 225.7 228.2 231.6 235 238.3 241.3 244.1 245.8 245.9 246.1 244.4 242.6 240.9 238.9 236.5 235.8
183.1 183.1 184.9 186.1 186.9 186 184.3 183.2 179.3 174.2 165.8 167.1 174.8 181.4 185.8 189.3 191.8 192.9 194.5 195.8 197.1 198.2 199.1 199.2 198.6 197.5 196 194 192.3 192.6 194.4 192.5 185.9 192.6 202 207.2 210.4 212.3 213.7 214.8 213.7 212.3 211.1 207.6 204.1 202.4 203.7 205.7 208.9 209.3 211.7 213.4 215.1 216.7 217.9 218.9 220.3 222 224.1 225.2 226.3 227.4 228.6 230.6 233 235.9 238.6 241.6 244.8 245.3 245.2 244.6 241.8 238.8 237.2 234.7 232.3 235.4
188.5 191 191.7 192.3 193 192.3 190.8 188.8 184.3 179.1 171.5 166.6 170.9 177.5 182.7 186 188.7 189.7 190.9 192.1 193.2 194.4 195.6 195.9 195.2 193.4 191.6 190.3 187.9 187.5 188.2 184.4 185.5 197.8 205.1 209.3 211.9 213.4 214.5 214.4 212.9 210.6 206.9 203.5 201.9 202.2 207.5 211.3 214.1 215.4 217.1 218.7 220.3 221.7 223.1 224.1 225.4 226.4 227.6 228.6 229.7 230.8 231.9 233.3 235.2 237.9 239.9 242.7 244.5 244.3 244 242.9 240.5 236.4 232.3 229.3 230.7 237.5
190.8 193.3 194.7 195.3 196 196.4 194.8 191.9 188.7 183.5 176.5 168.7 167.4 171.5 176.5 179.8 182.7 185.2 186.6 188.1 189.1 190.4 191 191.4 190.9 190 187 183.8 184.5 182.1 181.3 181.1 191.8 200 206.1 209.3 211.7 212.3 212.8 211.7 209.5 206.7 204.5 201 205.4 206.6 211.7 215.2 218.1 219.6 221.2 222.9 224.6 225.6 226.7 227.7 228.4 229.2 230.4 231.6 232.6 233.7 234.8 235.9 237.4 239.9 241.3 242.1 242.5 242.9 242.5 241 237.8 234 228.9 229.1 235.9 240
188.4 192.3 194.9 195.7 197.5 197.9 198.1 195.2 191.4 187.1 180.5 175.1 171.8 168.4 169.1 172.9 175.7 177.8 179.4 182.8 184.6 185.8 186.3 186.7 186.5 185.6 180.8 180.5 181.4 181.3 184 187.2 194 200.3 205.1 208.7 209.7 210.4 209.5 207.7 206 203.2 200.7 202.6 207.4 211.3 214.9 218.1 220.5 222.2 224 225.4 226.9 228 229.1 230.3 231.3 232.2 233.3 234.4 235.5 236.7 237.7 238.8 240 241.6 241.2 240.6 241 240.6 239.5 236.7 232.1 226.1 225 231.4 237.1 239
185.1 189.6 193.7 196.1 198.3 199.5 200.3 199.3 197.3 192.7 185.5 185.9 182.4 177.9 173.4 170.9 170.2 171.4 171.8 176 177 178.1 180.7 181.2 179.9 177.8 179.2 181.3 184.6 186.3 189.2 191.1 194.3 199.8 203.9 206.8 207.8 207.3 205.9 204 202.1 200.3 201.5 205.8 209.3 212.8 216.5 220 221.7 223 224.3 225.6 227.5 229 229.8 230.5 231.7 233.2 234.6 236.4 237.9 239 240.1 241 241.5 241.2 240 239.3 239.1 238.2 236.8 232.5 226.1 223.1 228.9 234.1 236.6 238.1
181.8 186.7 191.3 194.8 198.1 200.3 201.7 201.9 200.1 197.1 194.7 193.7 190.7 186.9 183 179.7 178.5 176.8 174.4 172 171.7 172.1 173.7 174.9 178.1 181.5 185.5 188.1 189.5 190.9 192.1 193.6 195.8 198.7 202.5 205 205 203.7 202.7 200.8 199 197.6 201 205.3 210.5 214.3 217.4 219.4 221.5 223.2 224.5 226.2 227.4 228.6 229.5 230.5 232.1 233.7 235.3 236.9 238.4 240 241.6 241.6 241.6 241.2 239.3 237.9 236.3 235.6 233.7 229.8 220.8 225.7 231.1 232.9 234.1 236.6
177.8 183 188.3 192.4 196 198.8 201.2 203 203.4 201.4 200.6 199.5 197.6 195 191.5 187.4 185.4 183.7 179 179 179.3 178.2 176.8 175 179.6 183.4 185.8 189.8 191.8 192.8 194.2 196.2 196.7 198.7 201.5 202.8 202.5 201.4 199.5 197.9 196.3 197.1 200.1 204.6 209.6 213.5 216.8 218.3 219.9 222.2 224 225.3 226.2 227.2 228.1 229.5 231.5 233.6 235.8 237.4 239.2 241.3 242.3 242.7 242.1 240.4 238.9 234.4 232.9 231.2 229.5 226.1 217.9 222.8 227.7 229.7 231.1 232.8
175.9 176.9 184.6 189.1 192.8 196.7 200.5 204.2 205.3 205.1 204.6 203.9 202.8 200.7 196.7 193.1 190.4 187.1 181.3 184.6 185.3 183.6 181.3 178.4 177.6 180.7 184.8 189.1 192.5 194.7 195.4 195.8 196.9 199.3 200.7 200.8 200.2 199.7 197.3 194.3 194.5 196.6 198.9 202.8 207.5 211.1 213.7 216 218.2 220.1 221.3 222 222.9 224.3 225.3 228.2 230.5 232.8 235.1 237.5 239.8 242 243 243.6 243 241.4 238.6 235.5 230 224.8 224.5 220.1 213.9 218.8 221.5 224 227.2 229.3
181.4 176.4 184.2 189.3 193.4 197 200.5 204.3 207 208.5 207.9 207 206.4 203.8 200.2 196.4 193.7 188.9 185.6 189.4 190.1 187.6 185 182.8 177.9 179.2 184 188.9 193.2 194.8 195 195.4 197.1 197.9 198.6 199.1 198.9 197.4 193.3 191.8 193 195.2 197.3 200.1 204.1 207.5 210.5 212.7 214.5 216.3 217.8 218.8 219.7 220.7 223.5 227.1 228.8 231.1 233.4 237 239.4 242.1 243.5 243.4 243.4 242.1 240.4 237.1 232.4 229.2 221 213.2 219.6 227.3 231.2 233.4 235.2 235.2
186.5 182.6 182.9 188.9 192.6 196.2 200.1 203.9 207.5 209.2 210.6 210.2 209.3 207 203.6 199.9 194.7 188.8 190.5 193.7 194.3 192.5 189.9 186.9 182.7 179.9 182.7 188.4 191.1 193 193.5 193.7 194.7 195.5 196.3 196 195.3 194.3 190.7 192.4 194.7 194.9 197 199.5 201.9 203.7 206.2 208.3 210.4 213.5 213.3 215.2 215.2 217.7 222.6 225.3 228 229.5 232.2 235.7 238.8 241.4 243.2 243.2 243.5 242.2 240.1 237.1 234.4 229.8 221.6 211.8 224.3 231.2 235.1 237.8 239.3 238.2
189.9 185.7 181.7 187.3 190.8 194.2 198.5 202.5 206 208.5 210.5 211.5 211.1 209.7 206.6 202.7 197.7 190.5 196.1 198.3 198.5 196.9 194.8 191.2 186.9 183.4 183 183.7 188.6 190.8 190.9 191 192.4 193.3 192.6 191.3 190.8 189.7 189.3 193.5 195.8 197.6 199.3 201.4 202.6 204.6 205.2 207.2 209.4 211.1 212.8 214.8 216.4 217.9 222.3 224.7 227.1 228.6 231.5 235.2 238.3 240.6 241.9 241.8 240.9 239.3 235.8 231.8 227.6 225.1 216.6 209.8 220.8 227.2 231.9 235.6 237.9 239
191 187 184.2 183 187.9 192.2 196.2 200 203.8 207.7 209.5 211 211.4 210.2 208 204.8 200.1 193.7 200.1 202.2 203.6 202.4 200 196.6 191.3 186.9 181.7 180.7 183.9 185.9 187.7 188.3 188.4 187.8 187.8 186.7 187.4 189 192.6 195.2 197.8 200.1 202.3 203.9 205 206.8 208.1 209.6 211.4 213.6 215.7 217.5 219.1 220.8 222.6 224.8 227.1 229.8 232.4 235.5 238.8 240.4 241.7 241.6 239.8 236.2 231.4 226.7 220.8 216.9 211.6 208.7 214.1 220 227.7 231.4 234.4 235.8
195.5 193 191.5 189.7 187.4 191.8 193.8 197.9 202.3 206.1 208.6 210.1 211.2 210.3 208.9 206 203.6 200 201 204.1 205.5 205.5 203.2 199.5 195.5 189.2 185.2 182.1 182.4 181.5 181.9 182.7 183.3 185.4 186.2 186.5 188.2 192.7 195.4 198.3 200.7 203 204.8 205.8 207.5 209 210.4 211.8 213.6 216.2 218.1 220.2 221.2 222.8 224.6 226.6 228.9 231.1 233.3 236.5 238.8 240.2 241.6 241.5 240.6 239 235.8 230 223.6 220.7 214.5 204.2 212.2 217 223.2 227.9 230.9 233
199.8 197.6 196.8 195.5 193.5 195.1 191.2 195.7 199.3 203.5 206.4 209.1 210.2 210.8 209.9 208.3 207 204.3 201.1 206.1 207.1 207.9 205.4 201.7 197.7 193.4 189.1 186.9 187 187.8 187.4 188.1 188.9 189.9 189.2 188.7 190.1 194.6 198.1 200.3 203.1 205.4 206.7 208.3 210 211.2 212.2 213.8 215.9 217.5 219.1 220.5 222.2 223.9 226 228.2 230.7 232.3 234.2 237 238.6 239.9 240.6 240.4 239.5 238 235.7 231.4 227 220.9 213.5 204.3 208.5 215.7 221.5 225.9 228.8 230.5
204.8 203.1 201.3 199.3 197.2 198.7 196.8 196.3 196 200 203.5 206.3 209.1 210.2 211 210.4 209.6 208.9 207.2 208.8 209.6 209.7 208.4 205.7 201.7 197.4 193.1 190.6 194.6 196.1 196.2 196.2 195.5 195.4 194.1 192.4 192.5 195.6 198.4 202.2 204.3 206.5 208.1 209.7 211.6 212.3 212.8 214.7 216.6 218.2 219.5 220.8 222.4 223.4 225.5 228.2 231.1 233.1 235 236.4 238 238.7 239.1 238.2 237.2 236.3 234.7 231.1 226.1 220.4 214.4 203.2 208.3 216.8 221 224.6 225.1 227.2
210.4 208.5 206.7 204.8 202 203.4 202.6 201.3 201.4 201.6 202.5 204.3 207.1 209.9 211.7 212.1 212.5 212.8 212.1 212.2 212.1 211.6 210.9 208.3 204.7 200.7 198.5 196.1 195.5 202.2 202.3 202.4 201.4 200.1 198.9 197 196.2 195.7 196.8 200.8 204 206.1 208 209.9 211 211.8 212.7 213.9 215.2 216.5 218.4 220.4 222.3 223 225.1 227.1 229.7 232.4 234 235.3 236.7 238 237.9 237 235.9 234.9 233.3 230.5 227.1 222.1 214.6 201.6 210.1 218.6 221.8 222.4 221.2 223.4
214.7 213.3 211.5 209.5 208.9 208.2 207.4 206.5 206.2 206.2 206.7 207.9 209.5 211.8 213.4 214.1 214.4 214.7 215 215.5 215.3 214.7 213.5 211.2 207.5 205.1 203.2 201.4 201.8 204.8 206.9 206.6 205.8 204.1 203.3 201.6 199.3 197.6 196.6 199.1 201.8 204.1 206.5 208.4 208 208.1 209.5 211.5 212.7 214.3 216.7 218.2 220 222.9 224.5 226.5 229.2 230.2 233.1 234.4 235.8 237.1 236.7 236 234.9 233.4 231.3 228.6 225.2 220 211.9 199.6 208.5 215.7 219.1 218.9 217.3 220.4
218.1 217.5 216.1 214.3 213.7 213 212.3 211.7 210.9 210.9 211.3 212 213.4 214.9 215.5 216.1 216.7 217.3 217.8 217.8 217.3 216.8 216.1 214.3 210.7 209.9 209.1 207.7 206.8 208.6 209 209.2 208.1 207.1 206.2 205.2 203.8 201.5 198.4 197.7 199 201.7 203.4 202.2 204.8 208.1 210.6 212.5 214.8 216.4 218.1 219.4 221.9 224.2 225.9 226.9 229.1 230.6 232.6 233.8 235 236.3 235.4 234.3 232.7 230.5 227.3 223.2 220.5 216.7 210.8 199.4 202.3 209.8 213.1 213.3 212.8 215.8
219.9 219.8 219.1 217.4 216.8 216.4 216.2 216 216 215.8 216.2 216.6 216.9 217.9 217.6 218.2 218.8 219.4 219.7 219.8 219.3 218.8 218.6 216.9 215.3 214.3 213.4 212.4 211.6 211.2 211.6 211.5 211 210 209.1 208.2 207.4 206 204.1 201.6 200.3 202.2 202.4 205.5 208 210.4 212.5 214.9 217.2 219.3 220.6 222.3 224.4 226.9 228.7 230 231.5 232.2 233.5 235.1 236.3 236.1 234.8 232.8 229.2 225.3 221.2 214.7 211.5 209.6 206 199.5 195.8 203.4 207.2 207.7 208.7 210.4
219.5 220.2 220 219.3 218.7 218.2 217.9 218.1 218.2 218.2 218.2 218.3 218.9 219.4 219.7 220.3 220.5 220.7 220.9 221 221.1 220.8 220.2 219.6 218.9 217.8 217.1 216.2 215.7 215.1 214.2 213.8 213.4 213 212 210.9 209.9 208.3 206.2 204.5 204.4 206 207.7 209.7 211.5 213.5 215 216.9 219.4 221.7 223.7 224.7 226.8 229.2 231.1 232 233.2 234.1 234.9 236.6 237.8 236.2 234.1 228.9 225.9 224.5 223.8 219.7 214.4 207.6 201.8 197.3 192.2 195.5 199.4 199.6 201.5 207.6
219.2 219.9 220.6 220.1 219.5 219.1 218.8 219 218.8 218.9 219.2 219.4 219.7 220.1 220.5 220.8 221.2 221.5 221.6 221.6 221.6 221.7 221.2 220.6 220.4 220.6 220.3 219.6 219.1 218.5 217.2 216.5 215.8 215.2 214.8 213.9 212.9 212.1 210.1 208.4 207.9 210 211 212.6 214.7 216.3 217.8 219.3 221.3 223.1 225.3 227.1 229.3 231.5 233.1 234.3 235.1 236 236.8 238 239.1 237.2 237 235.5 233 230.7 229.2 226.9 223.2 219.3 214.9 204 195.7 190.4 191.7 202 210.1 215.3
218.9 219.6 220.3 220.9 220.2 219.4 219.1 219 218.9 218.9 219.1 219.4 219.7 220 220.4 220.7 220.7 220.4 220.5 221.1 221.1 221.2 221.5 221.6 221.2 221.4 221.8 222.2 222 221.6 220.2 219.6 218.8 218.1 217.4 216.7 215.9 214.8 214.1 212.9 213.4 213.7 214.9 215.7 217.5 219.2 220.8 222.1 224.4 226.3 228.3 230 232.3 233.6 235 236.2 237 237.9 238.7 239.6 239.8 239.5 238.7 237.6 235.3 233.1 230.6 228.3 226 222.6 218.5 213.3 203.3 192.9 190 200.8 208.6 214.8
218.3 218.7 219 219.2 219 218.7 218.2 218 218.7 218.9 219.2 219.5 219.8 219.9 220.1 219.8 219.5 219.3 219.4 220 220.5 220.7 221 221.6 222.1 222.6 223.1 223.6 223.8 224.4 223.3 222.6 221.8 221.1 220.4 219.7 219.5 218.9 218.3 217.9 218 218.4 219.2 219.9 220.9 222.5 224.1 226.3 227.5 229 230.9 232.6 234.2 235.3 236.1 236.9 237.8 238.7 239.3 239.9 240.1 239.8 239.7 238.3 236.4 234.7 231.8 228.7 225.5 222.5 219.2 216.1 207 194.2 187.5 195.2 209 214.3
216.3 216.8 217 217.2 217 217 217.1 217 217.5 217.8 218.3 218.5 218.6 218.8 219.1 218.7 218.4 218.1 218.3 218.9 219.5 220 220.4 220.7 221.4 222.4 223.3 224.2 224.7 225.1 226.1 225.6 224.9 224.1 223.6 223.5 223.7 223.1 223 223 222.7 223.2 223.6 224.3 224.8 225.8 226.8 228 229.1 230.9 232 232.7 233.5 234.7 235.8 236.8 237.7 238.2 238.7 239.3 239.7 239.5 238.6 237.4 235.3 232.6 229.2 226 222.4 218.7 214.6 209.4 204.9 193.2 186.4 192.4 207.7 211.5
214.2 214.6 214.9 215.2 215.2 215.3 215.3 215.3 215.3 215.8 216.8 217.3 217.5 217.8 218.2 217.9 217.4 217 217.3 217.8 218.1 218.4 218.9 219.4 220.2 220.9 221.6 222.9 224.4 225.2 226.2 227.1 228 227.6 227.3 227.8 227.8 226.8 226 226.3 227.2 227.5 227.6 226.8 227.4 228 229 230.1 231 231.2 231.9 232.6 233.3 234.1 235.2 236.2 237.1 237.9 238.4 238.9 239.1 238.3 237.1 236.1 234.3 230.1 226.5 222.7 218.2 212.1 209.3 204.3 199 193.6 186 186.4 197.9 208.6
210.3 212.2 212.6 212.4 212.8 212.7 212.9 213 213 213.8 214.9 216.2 216.3 216.5 216.8 216.6 216.2 215.7 215.7 215.9 216.2 216.6 217 217.7 218.5 219.2 220.2 221.6 223.1 224.3 225.5 226.8 227.8 228.4 228.9 228.6 228.3 228.3 228.2 228.5 228.8 228.7 228.9 229.1 229.2 230.2 231.1 231 230.8 231.1 231.8 232.5 233.2 234 234.7 235.6 236.5 237.4 237.8 238 237.9 237.6 237.2 236 234.6 232.2 228.6 225.6 222.3 219.4 216.4 212.5 206.7 198.4 187.1 183.3 200 210.2
206.3 207.9 209.3 209.2 209.6 210.4 210.5 210.7 210.8 212.1 214 215.9 216.1 215.9 215.7 214.9 214.4 213.9 213.7 214 214.4 214.8 215.3 216.1 216.8 217.5 218.9 220.3 221.7 222.6 223.5 224.9 226.3 227.7 228.3 228.9 228.7 228.6 228.7 229.3 229.6 229.9 230.2 230.5 230.9 230.9 231 230.8 230.7 231.2 231.6 232.3 233.1 233.8 234.7 235.5 236.3 237.2 237 236.9 236.7 236.4 236 235.5 234.8 233.3 231.2 228.3 225.2 222.7 219.4 215 209.1 202.1 189.4 181.6 200.5 211.2
200.2 202.9 204.4 205.7 205.9 206.3 207.6 208.5 210.8 212.3 213.9 215.5 216 215.9 215.2 213.8 212.6 212 211.8 212.1 212.5 212.9 213.6 214.4 215.1 216.2 217.6 219 220.3 220.9 221.6 222.9 224.3 225.6 226.6 227.3 227.9 228.6 228.9 228.9 228.6 228.8 229.3 229.8 230.4 230.2 230.3 230.6 230.8 231.4 231.4 232.2 232.9 233.8 234.9 235.8 236.3 237 236.6 235.8 234.8 234.2 233.8 233.8 233.9 233.7 232.6 230.9 227.6 223.8 219.9 216 211.2 202.7 190.2 180.1 190 205.3
202.1 201.8 201.8 203.1 204.5 206.6 207.4 209.4 211.9 213.5 215 216.2 216.7 216.6 215.7 214.4 212.7 211.3 209.9 209.8 210.7 211.2 212 212.7 213.5 214.9 216.3 217.7 218.6 219.3 219.9 220.9 222.3 223.6 224.5 225.4 226 226.7 227.3 227.7 227.7 227.6 228.1 228.5 229.1 229.5 229.6 229.8 230.7 231.5 231.4 232 233 234 235.1 236.3 237 236.9 235.8 234.9 233.1 231.5 232 231.9 231.5 230.8 230.5 228.6 225.6 223.7 220.5 216.4 211.6 204.9 195.6 181.2 180.8 196.4
206.5 205.3 204.6 205.4 206.9 209 210.3 211.8 213.2 214.5 215.6 216.7 217.2 217.1 216.2 215.5 213.2 211.7 210.1 207.6 208.3 209.1 210 210.9 212.2 213.6 215 216.2 216.9 217.6 218.2 218.9 220.3 221.4 222.4 223.4 224.1 224.7 225.5 225.7 225.8 226.3 226.7 227.3 227.9 228.5 228.7 228.4 229.5 230 230.9 232.3 233.6 234.7 235.9 237.2 237.6 237.1 236.4 235.3 233.5 230.7 226.1 225.1 225.2 225.5 223.6 223.4 221.9 221 219.5 217.2 213.2 210.1 204.3 191.7 177.8 192.7
209.5 209.3 208.7 208.7 209.8 211.3 212.5 213.7 214.3 215.4 216.4 216.8 217.2 216.7 215.6 214.5 212.4 210.8 209.3 207 205.9 207.2 208.2 209.4 211.2 212.4 213.7 214.5 215.2 215.9 216.6 217.2 218.3 219.3 220.3 221.3 222.2 222.9 223.3 222.7 223.1 223.2 224.2 225.2 225.9 226.4 226.8 227 228.3 229.6 231 232.6 234 235.3 236.7 237.9 237.8 237.3 236.7 236 234.8 233.2 231 228.3 224.2 218.8 213.9 213.8 215.8 217.1 216.3 214.6 211.9 207.8 202.3 192 177.6 187.8
210.5 210.6 210.5 210.9 211.7 212.4 213.2 214.4 215.3 215.8 215.9 215.9 216.1 215.9 215.5 214.5 212 209.8 208.3 206.2 203.5 205.4 206.6 208.4 210.3 211.9 212.7 213 213.6 214.3 214.9 215.5 216.3 217.2 218.2 219.3 220.3 220.7 221.1 220 220 220.4 222.2 222.7 223.4 224.3 225.9 227.2 228.2 229.6 231.2 232.8 234.3 235.7 237.1 238 238 237.6 236.9 236.5 235.6 233.9 232.5 231.1 229.2 227.1 217.9 209.7 204.1 207.4 209.9 208.9 206.2 202.3 195.4 187.1 177.1 187.5
210.4 210.4 210.9 211.3 212.2 213.1 213.8 214.5 214.8 215 215.1 215 215 214.8 214.5 213.6 211.4 209 207.3 205.4 203.8 204 205.8 207.7 209.6 211.2 211.3 211.3 211.6 212.2 212.7 213.4 214.2 215.9 216.9 218 218.6 219 218.3 218.2 220.3 222.5 222.9 222.7 223.7 224.9 225.9 226.9 228.2 229.7 231.3 232.8 233.6 234.6 235.5 236.4 237 236.9 236.5 235.9 234.7 231.5 229.7 228.9 227.1 223.3 218.1 212.9 203.8 199.5 203 202.6 201.3 198.8 189.9 183.5 177.2 189
208.5 208.9 209.6 210.5 211.2 211.9 212.5 213 213 213.4 213.8 213.9 214 213.4 212.7 211.2 209.7 207.6 205.8 204.4 202.3 203.1 205.1 206.9 208.7 209.8 209.7 209.6 209.2 209.7 210.6 211.5 212 214.1 215.7 216.5 216.9 216.3 216.1 218.9 221.6 223 224.5 224.4 225 226.1 227.1 227.9 228 229.3 230.7 232.1 232.4 233 233.9 234.8 235.4 235.8 235.5 234.9 234 230.8 227.5 224.6 222.7 219.7 215.1 208.8 201.2 192.2 194.9 196.3 196.5 194.8 188.9 176.5 176.1 190.5
