data/280000-930000.asc
ncols 200
nrows 200
xllcorner 280000
yllcorner 930000
cellsize 50
[rows 35 to 69 of 200, columns 78 to 155 of 200]
303.2 306.3 310 313.2 317 320.6 319.6 314.6 318.2 315.7 310.6 301.2 291.6 285.4 275.2 261.4 250.6 249.6 245.9 238.7 232.7 223.5 213.8 207.3 197.6 186.7 179.6 172.8 165.2 157.4 150.9 147.3 144.1 140.9 140.1 139.2 138.6 138.7 140.1 138.1 135.2 132.2 130.4 129.5 129.5 128.8 128.6 125.9 129.5 129.9 130.4 130.8 131.2 131.7 132.5 134.2 134.5 133.7 133.9 133.4 133.7 134.8 136 137.1 138.3 140.7 141.5 142.2 143 144.2 144.8 144.2 144.5 144.2 146.5 147 148.2 149.5
291.6 294.5 298.7 303 305.2 306.5 306 302.6 303.7 307.5 304.9 302.4 298.2 297.7 282.7 269.9 263.9 267.2 259 250.9 240.9 231.2 225 218.1 207.9 197.3 187.5 178 171.9 163.5 153.7 151 146.3 141.8 139.3 138.1 137.6 137.3 137.9 135.9 133.4 132.5 131.1 129.8 128 126 125.9 125.9 126.4 129.2 129.3 130.1 130.8 131.4 131.5 131.5 131.9 132.3 132.9 133.5 134.2 134.4 135.5 136.6 137.5 139 140.3 141 142 144.5 143.7 142.9 143.4 144.7 146 146.4 146.8 147.9
283.2 285.2 288.1 291.7 293.1 293.4 291.8 290 290.8 293.1 297.1 302.7 298.6 299.4 284.8 274.4 273.7 279 268.8 261.2 250.9 239.5 234.1 228 218.3 208.3 197.2 183.4 179.1 169.9 159.2 156.2 150.8 143 139 137.8 137 136.6 136.6 136.6 135 133.5 132.1 130.6 129.2 125.9 125.9 125.9 125.9 129.2 129.2 129.8 130.5 131.1 131.1 131.2 131.5 131.6 132.1 132.7 133.4 134.1 134.8 135.8 136.7 137.5 138.8 139.9 142.8 143.4 142.3 144.3 144.9 145.5 145.3 145.6 146 146.5
272.7 275.3 278.2 280.4 280.3 280.2 280.2 277.7 279 281.1 287.7 294.1 293.6 296.3 290.4 278.5 280.3 285 278.2 271.5 258.9 250.5 245.2 238.3 229.2 219.8 207.2 192.9 188.6 176.4 166.9 161.6 155.3 145.7 140.6 138.9 138 137.3 137.3 137.4 136.4 134.2 132.9 131.6 130.5 125.9 125.9 125.9 125.9 129.6 129.3 129.6 130.2 130.8 130.8 130.9 131.1 131.2 131.3 131.8 132.5 132.8 132.8 133.4 134.4 135.3 135.3 137.2 138.3 140.4 143.4 144.6 145.2 145.4 144.9 144.6 145 145.3
263.1 266.2 268.2 269.6 269.4 268.4 267.5 266.8 268.3 270.1 275.1 280.7 286.3 292.7 289.8 281.6 289.4 291.6 286.8 279.1 270.3 265.5 258.4 249.2 240.3 231.5 219.5 206.1 200 186.3 174.4 168 159 148.5 142.2 139.9 139 138.2 137.9 137.4 136.9 135.4 133.7 133.2 131.3 126.8 125.9 125.9 128 128.2 129.7 129.4 130 130.4 130.4 130.7 130.8 130.9 130.9 131 131.5 131 130.8 131.2 132.5 134.6 138.5 140 140.6 143.2 144.3 144.9 145.5 145 144.5 144 144 144.2
254.4 256.8 257.8 258.6 258.4 258 257.1 257.2 258.6 260.1 264.1 270.8 275.8 281.8 282.1 282.4 294.1 298.6 293.2 287.6 286.6 285 275.3 263.2 253.6 245.5 233.8 218 206.3 195.3 183.1 176.2 164.2 151.2 144.2 141.2 140.4 139.1 138 137.1 136.4 134.6 133.5 132.1 129.9 128 125.9 125.9 125.9 126.5 126.8 126.3 125.9 125.9 127.1 128.8 130.2 130.7 130.7 130.4 129.4 128.6 128.6 132.4 132.9 135.8 137.7 139.5 141.9 143.6 144.8 145.2 145.3 144.9 144.5 144.1 143.7 144.4
247.3 247.2 247.4 247.7 247.4 247.2 247.1 247.7 249.1 250.2 254.2 261.6 266.7 271.4 276.3 285.3 300.6 304.2 299.2 300.3 310.8 309.2 296.5 281.8 268 257.3 243.7 227.1 213.2 200.1 191.9 183.1 169.8 154.8 146.3 142.9 141.3 139.7 138.3 136.4 135.2 134.5 133.4 132.3 130 128.5 127.6 125.9 125.9 125.9 125.9 125.9 125.9 125.9 125.9 125.9 125.9 130.8 129.8 128.8 127.1 125.9 129.4 132.4 133.5 134.7 137 139.2 141.8 143.9 144.8 145.3 145.1 145 144.6 143.4 142.9 144.2
240.1 239.3 239.4 239.2 238.4 238.1 238.7 239.4 240.6 243.3 247.6 252.8 259.6 266.2 274 288.1 301.6 303.4 306.9 322.5 337.1 335.6 324.3 309.7 293.9 277.8 256.9 237.1 220.7 208.1 197.7 188.5 173.6 158.5 148.8 144.6 143.2 141.4 138.3 136.7 136 135.4 135.2 133.9 131.1 126.7 125.9 125.9 125.9 125.9 125.9 125.9 125.9 125.9 125.9 125.9 125.9 125.9 125.9 125.9 125.9 125.9 128.4 131 133.3 134.2 136.2 138.6 141.6 144 144.8 145.1 145 144.7 144.1 143.3 142.7 144.1
232.3 231.6 231.5 231.7 231.5 230.8 231.3 232.4 233.6 238.2 243.9 248.6 255.7 262.7 272.4 286.4 296.8 302.3 316.3 335.7 342.3 341.5 331.9 323.4 314.8 302.8 277.5 248.4 230.1 215.8 200.7 190.2 175 161.1 151.1 146.6 145.9 142.8 138.1 136.9 136.5 135.7 135.7 135.8 131.6 125.9 125.9 125.9 125.9 125.9 125.9 125.9 125.9 125.9 125.9 125.9 125.9 125.9 125.9 125.9 125.9 125.9 127.2 129.9 132.6 133.5 135.5 137.7 140.3 142.9 144.8 144.9 143.9 143.1 142.8 142.7 142.1 143.5
226.6 225.7 226.1 225.3 224.9 225 225.5 226.4 231.2 236.8 241.1 245.2 251.8 261.1 271.9 282.8 291.5 303.6 320.4 335.3 343.5 343.1 338 332.8 324.9 311.1 290.2 261.6 238.9 222.3 206.3 187.4 175.3 162.7 152.5 149.2 148.6 142.8 137.8 136.8 136.2 135.2 134.1 133.6 128.1 125.9 125.9 125.9 125.9 125.9 125.9 125.9 125.9 125.9 125.9 125.9 125.9 125.9 125.9 125.9 125.9 125.9 126.2 130.3 131.8 132.9 134.7 136.9 139.3 141.7 142.6 142.6 142.2 141.8 141.5 141.4 142 143.4
222 221.4 220.9 220.3 220.3 220.3 221.3 223.5 228.1 234.5 237.8 242.7 251 260.6 270.2 279.6 289.4 302.6 317.2 327.8 336.2 340.1 343 339.7 333.6 319.5 301 275.5 249.6 228.4 212.2 191.8 177.6 165.6 155.4 152.6 150.4 142.1 139 137.2 136 135 133.9 132.6 129.9 125.9 125.9 125.9 125.9 125.9 125.9 125.9 125.9 125.9 125.9 125.9 125.9 125.9 125.9 125.9 125.9 125.9 126.3 129.9 130.8 131.7 133.6 135.8 138.2 140.2 140.9 141.1 140.9 140.6 140.7 140.8 142.2 143.6
217.2 216.5 216 215.6 215.8 216.5 217.9 220.3 224.1 229 233.8 239.3 248.6 258 266.5 276.4 285.8 298.3 310.3 319.7 327.9 334.5 339.7 339.7 337.2 326.9 311.6 287.3 256 233.8 215.7 196.9 179.7 166.9 157.2 154 147.9 142.6 138.6 137.4 135.8 134.9 133.9 131.9 131.1 125.9 125.9 125.9 125.9 125.9 125.9 125.9 125.9 125.9 125.9 125.9 125.9 125.9 125.9 125.9 125.9 125.9 127.3 128.3 129.3 130.8 132 133.6 136.7 138.2 139.3 139.8 139.7 141 141.8 142.4 143.1 144
212.9 211.8 211.6 211.6 212.2 212.8 215 218.5 222.5 226.3 230.3 236.1 246.3 254.7 262.6 273.3 282.6 292.2 303 311.7 319.6 327.8 335.7 341.6 343.3 332.6 314.8 294.9 265.8 243.8 223.2 202.4 183 169.3 159 152.7 148.1 142.9 138.7 136.2 134.9 134.4 133.2 130 125.9 125.9 125.9 125.9 125.9 125.9 125.9 125.9 125.9 125.9 125.9 125.9 125.9 125.9 125.9 125.9 125.9 125.9 125.9 128.8 130.4 132.1 133 133.8 135.5 137.3 138.3 140.3 141 142.4 143.1 143.3 143.6 144.2
209.4 208.4 208.5 208.8 209.4 210.9 214.6 218.1 220.9 223.8 226.7 233.4 241.6 250 258.4 267.5 276.9 286.6 296.1 304.1 311.8 320.6 331.2 339 340.9 335.9 318.2 296.1 274.7 253 230.7 208.3 188.4 172.7 161.1 154.8 149.4 143 138.7 135.8 133.6 133.3 132.1 130.7 125.9 125.9 125.9 125.9 125.9 125.9 125.9 125.9 125.9 125.9 125.9 125.9 125.9 125.9 125.9 125.9 125.9 125.9 125.9 125.9 131.7 133.1 133.7 134.5 136 138.1 140.4 141.7 142.3 143 143.5 143.8 144 144.5
206.3 205.9 205.7 206 206.7 209.5 213.3 217.4 219.1 220.1 223.5 230.7 237.4 244.3 252.7 261.8 271.4 280.2 288.6 296.8 304.2 313.3 322.1 330.4 335.4 333.7 318 299.9 281.7 260 235 213.7 193.6 174.8 163.7 156.5 150.9 143.9 137.7 135.3 133.3 130.4 129.8 125.9 125.9 125.9 125.9 125.9 125.9 125.9 125.9 125.9 125.9 125.9 125.9 125.9 125.9 125.9 125.9 125.9 125.9 125.9 125.9 125.9 131.6 133.4 134.1 135 136.8 138.8 141 141.7 142.4 142.9 143.5 144.1 144.5 144.8
204.1 203.6 203.2 203.1 205.9 209.4 212.7 215.8 218.9 217.5 221.7 227.4 233.2 240.1 246.9 255.9 264.3 272.8 281.3 289 296.1 305 314.7 321.9 327.6 324.3 315.4 303.6 286.2 259.5 230.5 213.9 192.5 176.4 165.2 158.7 151.8 144.2 139 135.7 132.7 128.8 125.9 125.9 125.9 125.9 125.9 125.9 125.9 125.9 125.9 125.9 125.9 125.9 125.9 125.9 125.9 125.9 125.9 125.9 125.9 125.9 125.9 125.9 131.2 133.2 134.4 135.6 137.6 139.6 140.9 141.7 142.4 142.9 143.5 144 144.6 145.1
201.6 201.8 201.3 201.2 203.7 207.9 211.5 214.2 214.2 214.7 219.2 223.8 229 235.4 242.1 249.4 257.3 265.8 274.1 280.9 287.5 295.7 304.5 311.7 317 316.9 314.4 305.4 286.9 259 226.8 208.5 190.4 179.5 168.7 160.2 152 145 140 135.8 132.2 127.1 125.9 125.9 125.9 125.9 125.9 125.9 125.9 125.9 125.9 125.9 125.9 125.9 125.9 125.9 125.9 125.9 125.9 125.9 125.9 125.9 125.9 125.9 130.6 132.1 134 135.7 137.7 139.4 140.9 141.8 142.3 142.9 143.6 144.3 144.8 145.3
199 199.1 199.2 199.8 202.1 205.4 208.7 210.2 210 210.9 215.3 220 224.9 230.9 236.7 243.9 251.8 259.6 266.3 272.8 279.2 285.4 292.7 299.2 305.7 310 309.1 298.8 282.7 255.2 223.5 205.7 193 183 172.6 163.4 154.1 146.4 140.7 136.8 133.2 129.3 125.9 125.9 125.9 125.9 125.9 125.9 125.9 125.9 125.9 125.9 125.9 125.9 125.9 125.9 125.9 125.9 125.9 125.9 125.9 125.9 125.9 125.9 130 132.2 133.7 135.4 137.4 138.9 140.4 141.6 142 142.6 143.1 143.6 144.1 145.1
197.1 197.2 197.3 199 200.8 203.4 204.6 206.1 206.7 207.3 211.5 215.4 220.4 226 231.5 238.5 246.1 253.4 259.5 265.5 270 275.8 282 288 293 297.9 294.4 286.9 275 251.1 225.7 208.2 198.9 188.7 176.7 165.3 156.1 148.8 141.8 137.8 134.2 129.8 125.9 125.9 125.9 125.9 125.9 125.9 125.9 125.9 125.9 125.9 125.9 125.9 125.9 125.9 125.9 125.9 125.9 125.9 125.9 125.9 125.9 125.9 125.9 132 133.4 135.2 136.8 138.5 140.1 141.1 141.5 141.9 142.4 142.9 143.4 144.9
195.3 195.3 196.6 198.4 200.2 201 201.9 202.7 203 205.2 208.7 212.3 216.5 221 226.7 232.7 240 246.7 252.2 255.7 260.1 265.4 271.4 278.2 280.6 282.3 281.2 277.1 265.4 247.9 227.7 212.6 205.8 194.2 181.7 169.3 158.2 151.3 144.7 139.2 134.4 131.6 125.9 125.9 125.9 125.9 125.9 125.9 125.9 125.9 125.9 125.9 125.9 125.9 125.9 125.9 125.9 125.9 125.9 125.9 125.9 125.9 125.9 125.9 125.9 131.9 133.2 134.8 136.8 138.4 139.6 140.7 141.1 141.4 141.8 142.2 142.7 144.8
193.7 193.7 195.7 197.7 198.6 199.4 200.1 200.1 199.9 202.2 205.5 209.2 213.3 217.2 222.4 227.8 234.5 240 244.3 247.9 252.3 256.5 261 267.8 270.4 272.7 271.1 268.3 255 243.5 229.9 216.2 211.7 201.2 186.2 171.2 160.6 152.8 146.4 140.1 134.7 131.9 125.9 125.9 125.9 125.9 125.9 125.9 125.9 125.9 125.9 125.9 125.9 125.9 125.9 125.9 125.9 125.9 125.9 125.9 125.9 125.9 125.9 125.9 125.9 132.1 133.5 135.1 136.7 137.8 139 140.2 140.6 141 141.3 141.6 142.2 143.9
190.5 193.7 195.7 196.7 197 197.1 197.1 197.2 197.1 199.8 202.4 205.9 209.8 213.6 217.4 223.3 228.7 232.7 236.7 240.8 245 249.3 253.5 257.7 259.3 260.8 260.2 259.7 251.6 242.9 232 219.2 214.3 204.9 190.4 173.5 162.4 154.3 148 143.5 138 132.9 125.9 125.9 125.9 125.9 125.9 125.9 125.9 125.9 125.9 125.9 125.9 125.9 125.9 125.9 125.9 125.9 125.9 125.9 125.9 125.9 125.9 125.9 125.9 131.5 133 134.4 135.5 137.6 138.5 138.5 139.3 139.8 140.3 140.7 142.9 143.7
190.2 193.3 194.7 195.2 195.6 195.8 195.7 195.4 194.5 196.4 199.1 202.3 206.1 209.7 213.1 217.5 221.9 225.8 229.2 233.4 237.3 241.3 245.6 247.8 249.4 250.1 250.7 250.7 248.3 243.3 231.5 219 212.6 205.4 192.7 176 164.1 155.7 149.3 143.9 139.2 134.6 125.9 125.9 125.9 125.9 125.9 125.9 125.9 125.9 125.9 125.9 125.9 125.9 125.9 125.9 125.9 125.9 125.9 125.9 125.9 125.9 125.9 125.9 125.9 130.7 132 132.7 133.8 135.4 134.9 136.2 137 138.4 139.7 142 144.4 146
188.9 190.7 192.4 193.6 194.3 194.4 193.4 192.8 192 193.1 195.8 198.6 202.5 205.8 209.2 212.6 215.5 218.5 221.8 226.3 230 233.9 236.7 238.1 238.8 240.4 242 243.4 243.3 241 228.4 218.1 211.5 205.9 192.3 176.1 165.7 156.7 149.4 143.6 139.2 134.8 125.9 125.9 125.9 125.9 125.9 125.9 125.9 125.9 125.9 125.9 125.9 125.9 125.9 125.9 125.9 125.9 125.9 125.9 125.9 125.9 125.9 125.9 125.9 129 130.4 132.3 134.1 135.1 135.5 136.1 137.5 139.2 140.6 143.1 145.7 147.9
186.6 188.1 189.9 190.8 190.6 190.7 190.7 190 189.3 190.4 192.5 195.2 198.6 201.9 205.1 207.5 210.2 212.2 215.2 219.2 222.4 224.5 227.1 229.4 231 232.6 234.1 235.5 236.6 233.8 223.6 217.2 211.1 201.5 187.8 174.5 166.1 158.8 151.5 143.8 139.7 135.2 129.9 125.9 125.9 125.9 125.9 125.9 125.9 125.9 125.9 125.9 125.9 125.9 125.9 125.9 125.9 125.9 125.9 125.9 125.9 125.9 125.9 125.9 125.9 127.7 130.8 132.8 134.5 134.7 135.3 136.1 138.1 140.1 141.6 144.2 146.8 148
185.2 186.8 188.3 188.1 188.1 188.2 188.3 188.6 187.5 188.8 190.7 192.5 195 197.7 200.4 202.7 205 206.6 208.7 211.9 214.9 216.6 218.1 220.5 222.7 224.7 226.2 227.4 227.7 225 219.9 214.4 208.4 199.2 185 174.8 166.6 158.2 151.6 144.5 140.5 135.6 131.1 125.9 125.9 125.9 125.9 125.9 125.9 125.9 125.9 125.9 125.9 125.9 125.9 125.9 125.9 125.9 125.9 125.9 125.9 125.9 125.9 125.9 125.9 131.3 131.5 132.9 134.4 134.6 135.1 136.7 138.7 140.7 142.7 145.2 147.7 149.5
184.2 185.8 186.2 186 185.8 185.7 185.8 185.9 186.1 186.4 188.3 190.1 192.5 195 196.8 198.2 200.1 200.8 202.8 204.9 207.3 209.4 210.8 212.3 213.8 216 218.3 219.5 219.8 218 214.5 209.7 208.3 197.5 182.4 174.6 168 161 152.2 143.9 140.9 136.8 131.4 125.9 125.9 125.9 125.9 125.9 125.9 125.9 125.9 125.9 125.9 125.9 125.9 125.9 125.9 125.9 125.9 125.9 125.9 125.9 125.9 125.9 130.8 131.4 131.1 131.7 133.4 134.2 135.2 137.3 139.3 141.3 143.4 146.1 148.1 151.3
183.1 184.4 184.2 184 183.8 183.5 183.3 183.4 183.7 185.2 186.8 188.3 189.6 192 193.7 195.4 197 197.3 198.1 199.7 201.4 202.1 203.6 205.1 206.6 208.8 210.8 212.2 212 209.8 207.5 204.8 200.6 190.6 178.8 173.7 167.9 161.3 151.4 143.7 139.8 135.9 130.9 125.9 125.9 125.9 125.9 125.9 125.9 125.9 125.9 125.9 125.9 125.9 125.9 125.9 125.9 125.9 125.9 125.9 125.9 125.9 125.9 125.9 131.1 130.8 130.9 131.5 132.6 133.8 135.8 137.9 140.1 142.1 144.1 146.5 149.5 153
182.1 182.3 182.1 181.9 181.7 181.5 181.3 181.2 182 184.3 185.7 186.9 187.9 189 190.9 192.6 193.8 194 194.2 195.3 197 197.2 196.7 198.2 199.7 202.1 203.8 204.8 203.9 202.1 200.1 196.9 191.6 184.7 178.3 174.2 168 160.1 152 145.1 139.6 135 129.6 125.9 125.9 125.9 125.9 125.9 125.9 125.9 125.9 125.9 125.9 125.9 125.9 125.9 125.9 125.9 125.9 125.9 125.9 125.9 125.9 125.9 125.9 128.3 129.9 131.5 133.2 134.5 136.4 138.1 140.4 142.9 145 147.4 151.3 153.8
180.7 180.8 180.6 180.5 180.4 180.3 180.1 179.9 180.7 182.6 184.3 185.4 186.4 187.4 188.1 189.9 190.5 190.7 191 191.2 192.6 192.6 192 192.4 193.7 195.5 196.8 197.1 197.6 195.3 193 189.2 184.7 179.6 175.6 171.4 168 159.3 151.8 146.1 139.2 133 130.9 125.9 125.9 125.9 125.9 125.9 125.9 125.9 125.9 125.9 125.9 125.9 125.9 125.9 125.9 125.9 125.9 125.9 125.9 125.9 125.9 125.9 125.9 125.9 125.9 128.4 132 135.2 137 138.7 140.4 142.9 145.2 149.2 152.9 155.4
179 179.4 179.2 179.1 178.9 178.7 178.6 178.5 179.8 181.3 182.8 183.9 184.8 185.7 186.3 187 187.2 187.5 187.7 188 188.2 187.9 187.6 188.5 189.5 190.1 189.7 190.4 187.2 187.6 186 181.5 176.4 173.6 171.8 168.8 165.5 157.9 154 145.6 138.1 132.5 129.6 125.9 125.9 125.9 125.9 125.9 125.9 125.9 125.9 125.9 125.9 125.9 125.9 125.9 125.9 125.9 125.9 125.9 125.9 125.9 125.9 125.9 125.9 125.9 125.9 126 131.1 134.3 137.1 138.9 140.8 142.8 145.9 150.9 154.4 157.1
177.4 178 177.9 177.7 177.5 177.3 177.2 177.3 178.9 180.8 181.8 182.4 183.1 184 184.6 184.9 184.4 184.7 184.9 185.2 184.8 183.9 183.8 184.7 185.3 185.5 185.3 185.2 184 180.8 177.6 175.2 172.6 169.4 165.7 164.5 163.3 159 152 143.5 136.6 133.4 130.9 130.1 129.5 125.9 125.9 125.9 125.9 125.9 125.9 125.9 125.9 125.9 125.9 125.9 125.9 125.9 125.9 125.9 125.9 125.9 125.9 125.9 125.9 125.9 125.9 125.9 131.2 133.4 136.1 138.5 141.2 143.7 147.6 152.6 156.1 158.9
175.7 176.5 176.5 176.3 176.1 176.1 176.1 177 178.8 179.9 180.6 181.2 181.8 182.4 182.8 183.1 182.4 181.9 182.2 182.4 181.1 180.6 180.3 180.5 180.7 181 180.7 180.3 180.2 179.1 174.8 171.8 169.3 166.1 163.9 162.5 161.2 158.3 151.2 140.5 136.5 134.2 131.7 130.9 131.3 125.9 125.9 125.9 125.9 125.9 125.9 125.9 125.9 125.9 125.9 125.9 125.9 125.9 125.9 125.9 125.9 125.9 125.9 125.9 125.9 125.9 125.9 125.9 130.2 133.4 136 138.7 141.4 143.9 148.9 153.9 157.4 160.3
174 174.8 175.1 175 174.5 174.6 174.8 175.8 178 178.6 179.3 179.9 180.5 181.1 181.1 181.2 180.6 179.9 179.4 179 178.4 177.8 177.4 177.3 177.6 178 177 175.6 174.7 174.1 173.1 169.7 166.1 163.8 162.1 161 159.2 156.6 149.9 144.8 143.2 139.3 141 139.2 130.5 125.9 125.9 125.9 125.9 125.9 125.9 125.9 125.9 125.9 125.9 125.9 125.9 125.9 125.9 125.9 125.9 125.9 125.9 125.9 125.9 125.9 125.9 125.9 129.1 132.3 135.7 139.2 142.3 145.2 150.2 155.3 158.8 161.6
172.9 173.4 173.8 174.1 174.2 174.4 172.9 174.2 176.4 177.5 178 178.6 179.3 179.7 179.8 179.2 178.5 177.8 177.2 176.5 175.8 175.2 174.6 174.3 174.5 175.1 173.8 172.9 172.3 172.3 170.3 167.6 164.7 162.3 160.7 159.3 158.2 151.8 144.3 139.5 135.9 134.4 132.9 131.1 126 128.5 125.9 125.9 125.9 125.9 125.9 125.9 125.9 125.9 125.9 125.9 125.9 125.9 125.9 125.9 125.9 125.9 125.9 125.9 125.9 125.9 125.9 125.9 129.5 133.8 137.1 140.1 142.8 146.3 151.5 156.6 160.1 163
