data/280000-920000.asc
ncols 200
nrows 200
xllcorner 280000
yllcorner 920000
cellsize 50
[rows 0 to 34 of 200, columns 79 to 157 of 200]
144.5 141.1 137.6 134.3 131.1 129 126.9 124.9 121.7 119.9 118.5 117.1 115.9 113.4 110.4 107.7 107.2 106.8 106.5 106.4 104.6 99.9 101.3 103.5 104.1 104.4 104.7 105.9 107.1 108.5 109.9 111.2 111.2 111.7 112.2 114 115.9 119.1 123.6 124.5 125.5 125.8 125.1 124.3 123.6 123.8 124.7 125 124.7 124.5 126.1 128.5 130.2 131.5 134.1 136.9 139.7 142.4 145.6 148.7 151.1 154 157.8 161.6 165.4 169.7 174 177.8 183.4 190.2 196.8 202.9 207.7 210.8 214.5 217 218.2 219.2 220.4
144.6 141.4 138.1 134.8 131.5 129.5 127.7 125.7 122.5 120.2 118.7 117 115.3 113.4 110.2 109.1 108.5 108.3 108.1 106.9 106.8 102.8 101 103.2 103.6 103.9 104.1 104.4 105.7 107.1 108.5 109.5 109.1 108.9 112.1 114 116.8 122 125.6 127.5 128.2 127.5 126.8 126.1 125.4 124.6 124.8 125.2 125 124.1 125.1 127.4 128.4 129.5 132.7 135.6 138.4 141.2 144.3 148.9 151.3 154.6 158.4 163.8 168.6 172.9 177.2 181.2 186.2 193 201.8 208.9 214.9 219.1 222.5 223.6 225.2 226.3 227.4
144.7 141.7 138.5 135.3 132 129.8 127.9 126 123.3 120.6 118.8 116.5 114.9 115.2 112.5 111.2 110.1 109.9 108.6 107.1 106.7 104.1 99.4 101.2 102.4 102.5 102.7 103.1 104.2 105.5 106.3 106.7 108.4 110.7 112.1 114 118 124.2 127.7 129.7 129.9 127.9 127 126.7 126.3 126 125.7 125.3 125.2 124.9 122.9 124.8 126 128.2 131.4 134.2 137 140.2 144.6 149.5 152.8 156 161.8 168.5 173.8 177.2 180.6 184.2 188.9 195.7 204.1 213.8 220.7 224.5 227.4 228.7 231.2 233.1 234.8
144.8 141.9 138.8 135.5 132.3 130 127.6 125.5 123.2 120.5 118.1 117.5 117.4 117 115.1 113.5 111.8 111.5 108.3 107.2 106.4 105.1 101.3 99.3 101 101.5 102.1 102.1 103 102.1 103.4 103.3 109.5 111.2 112.4 114.9 119.5 124.6 128 129.7 130.6 128.5 127.1 126.4 126 125.7 125.3 124.8 124.7 124.5 122.8 123 125.1 127.3 130 133.1 136.3 140.3 144.8 150 154.6 159.3 166.5 172.7 176.9 180.5 183.6 186.5 191.8 197.1 205.8 213.8 221 224.5 228.2 233.1 237.4 239.7 242.4
144.6 141.8 139 135.7 132.4 129.8 128.2 125.9 123.1 120.8 120.4 119.8 119.3 118.5 117.2 115.1 113.6 111.1 107.7 106.8 105.5 104.8 104.2 103.1 99.1 100.3 101.3 100.2 101.5 99.8 102.5 105 107 110.5 112 116.1 120.8 124.9 127.9 132.2 132.2 130.4 127.5 126.9 125.9 125.5 124.7 124.1 124 123.9 122.6 122 124.2 126.5 129.4 132.4 136 140.5 145.1 150 155.9 161.9 171.3 175.8 179.6 182.8 185.8 188.6 194.3 199.8 206.9 213.4 219.6 225.2 230.5 235.7 241.3 245.8 250.1
144.6 142.5 138.1 135.8 132.6 129.2 128.8 126.2 123.3 123 122.5 121.3 120.7 119.6 118.2 114.3 112.6 110 109.6 108.5 107.2 106.6 105.3 103.5 101.3 98.9 99.1 100.4 100.2 100.3 102.2 103 106.1 108.8 111.1 113.9 117.9 122 125.6 130.9 134.1 131.6 128.2 127.3 125.7 124.9 124.1 123.4 123.3 122.8 122.3 120 122.7 124.9 127.9 131 135.1 140.7 145.8 151.1 156.2 164 173.5 177.6 181.1 184.2 187.3 190.3 195.3 200.6 206.8 212.9 218.9 223.6 229.3 237.7 245 250.3 257.7
144.9 142.8 137.1 134.6 132.4 128.9 127.7 126.2 125.6 125.8 124.6 123.2 122 120.6 119.2 115.6 111.2 111.4 111.4 110.2 108.9 108.6 107.8 105.6 103.7 103.1 98.6 98.5 98.1 100.4 101 101.5 103.4 106.3 110.1 113.1 117.3 122 124.5 129.7 133.2 132.8 130.5 127.5 125.4 124.4 123.6 122.8 122.1 121.6 121 120.1 120.6 123.1 126 128.9 133.6 139.7 145.6 150.7 156 166.2 175.1 179.3 182.1 184.9 186.9 188.9 193.5 198.7 204.2 210.6 217.5 222.3 227.3 235 247 255.1 262.3
144.7 142.3 137.3 134.6 133 131 129.6 128 126.9 127 126.2 124.9 123.5 122.2 120.5 113.9 115.4 114.6 113.2 111.4 110.4 110.2 109.4 107.6 106.1 106 104 103.7 100.8 98.4 99.8 100.2 100.2 103.3 108.4 113.5 117.4 120.9 123.8 127.4 128.6 129.5 131.8 129.1 125.2 124.6 123.6 121.2 120.6 120.2 119.3 118.4 118.3 121.1 124.1 127 131.9 138.1 144.3 149.3 155.5 166.1 175.5 179.4 182.2 184 185.8 187.8 191.7 196.9 202 208.3 215.2 219.7 225.4 233.9 244.2 255 265.1
143.5 141.4 137.3 136.7 135.3 132.9 131.4 129.9 128.4 128.2 127.6 126.5 124.4 122.2 119.4 117.3 118 116.7 115.3 113.1 112.1 111.2 110.6 110.1 107.3 105 104.3 104.4 102.2 101.2 98.8 98.3 98.5 98.1 103.8 110.9 115 118.5 121.7 124.2 124.8 128.2 131.4 130.3 126.1 125 122.7 120.2 118.3 118 117.3 116.5 115 118.9 122.2 125.7 130.2 135.7 142.2 147.7 153.9 164.4 172.4 177.1 179.9 181.9 183.9 185.9 189.6 194.7 200.1 204.6 210.1 214.7 221.2 230.3 239.3 253.4 265.9
142.4 141.3 138.7 137.8 136.2 134.4 133 131.7 130.2 129.4 128.6 127.1 123.1 120.2 116.3 118.7 119.9 118.8 117.8 115.9 114.5 113.2 112.2 109.2 106.2 105.7 105.2 104 102.8 102.8 101.9 99.1 98.6 98.4 98.1 106.8 112.1 115.7 119 121.9 122.7 125.5 129.2 127.5 126 124.1 121.9 119.6 117.1 115.2 115.1 113.1 112.5 116.3 119.7 123.4 128.1 134.2 140.3 145.7 152.4 161.5 168.5 173.2 176.2 178.2 180.2 182.8 186.5 190.9 195.8 199.7 204.9 209.5 216.5 225.2 233.9 249.4 262.4
143.6 144 141.5 138.9 137 135.2 133.8 132.5 131.3 130.2 128.9 127.9 124.4 119 120.4 122.5 121.6 119.7 119 117.1 113.3 110.7 110.2 108.2 107.2 106.1 105.7 104.8 104 103.8 103.6 104.2 101.4 98.7 98.4 101.3 108.7 112.6 115.7 118.2 120.9 123.5 125.4 124.9 123.9 122.1 120.4 118.1 115.7 113 112.3 111.2 110.5 113.3 116.6 120.3 127 132.9 138.2 143.8 150.8 158.9 165.2 168.9 172.6 174.6 177.1 179.7 183.5 187.9 191 193.9 199.8 205 211.4 219.4 228.5 242.3 255.8
147.3 146.3 144 141.2 138.2 135.9 134.6 133.3 132.1 131 130 128.8 126.5 123.4 124.9 123.7 122.8 116.2 115 114.3 113.8 115.5 114.5 113.3 110.2 108.1 107 106 105.8 105.4 105.3 105 104.2 101.1 97.6 98.5 103.6 108.9 112.5 115.2 117.7 120 121.8 121.7 121.5 120 118.9 116.1 113.3 111.1 109.5 108.6 108.4 109.7 113.7 118 124.7 130.9 136.1 141.5 148.3 156 161.2 165.2 169.2 172 174.1 176.6 180.4 184.4 187 188.4 192.5 199.3 206 213.9 224.7 236.3 249.5
148.5 147.6 145.7 142.9 140 137.1 135.4 134.2 133 131.9 131 129.7 125.3 126.7 127.1 125.7 123.6 116.7 117.3 119.2 118.9 118 116.1 114.2 112.5 110.2 109.3 108.7 107.5 107.1 106.6 105.3 104.7 102.9 99.2 97.3 99.4 103.3 107.9 111.3 113.3 115.5 117.3 118.2 118.5 118.5 116.5 113.8 110.7 109.1 107.5 105.9 106.3 106.7 109.4 114.1 121.2 127.5 133.2 138.4 145.6 152.5 158.3 162.3 166.2 169.7 171.7 173.8 177.2 180.8 183.7 184.6 188.6 194.3 200.9 210.4 221.5 232.6 245.4
150.7 149.5 147.4 144.2 141.2 138.3 136.4 135.1 133.9 132.8 132 126.5 129.5 129.3 128.7 127.7 120.1 129 130.2 122.8 121.7 120.2 118.7 116.8 114.7 111.8 112 110.4 110.1 110.2 107.8 105.6 106.6 105.6 103.8 101.5 97.4 98.1 102.7 106.7 109.7 110.4 111.5 113.5 115.3 116.4 115.4 112.5 109.2 107 105.3 104.6 103.8 103.3 104.1 110 116 123.4 129.7 136 142.1 148.8 155.4 159.5 163.6 167.1 169.4 171.5 175.1 178 180.9 180.9 184.5 190.7 197.2 206.7 218 230.1 242.1
153.4 151.9 149.4 146.6 143.5 139.9 137.4 135.8 134.5 131.1 129.8 130.8 133.2 131.3 128.6 124 125.4 128 127.6 127.2 124.7 122.7 120.7 120 118.6 115.3 113 112.6 111.9 110.3 108 108.9 109.6 109.4 108.1 106.4 105.1 98.7 97.9 99.5 101.2 105 107.2 109.5 111.7 113.2 113 111.6 108.1 105.4 103.6 102.3 101.4 101.3 102.8 105.3 111.5 119 125.4 132.1 139.6 146 152.4 157.8 162 166 168.5 170.2 173.1 175.2 176.9 177.2 181.5 187.4 193.6 202.6 214.5 228.3 241.3
156.6 154.3 151.6 149 144.7 141.1 139.1 137.3 133.7 134.5 136.1 136.7 135.7 130.5 126.7 131 131.3 131.5 131.1 134 129.5 126.4 123.5 121.9 121.8 116.1 114.3 114.2 115.2 114.9 115 115.3 113.2 111.7 110.6 109.5 107.7 106.4 103.1 97.3 97.6 98.4 99.9 104.3 108.7 110.5 110.9 109.7 107.1 103.9 102.4 100.9 99.1 100.1 102.2 104.1 106.9 113.1 121.2 127.9 135.4 143.2 149.6 156 160.4 163.3 165.1 167.5 170.7 173.3 174.2 174.2 178.1 184.4 191.6 200.7 213.5 227.1 240.6
159.6 157.5 154.8 150.7 145.2 141.9 140.3 137.9 135.4 138.2 138.3 137.9 136 128.7 134.2 136.3 136.2 135.2 134.6 135.8 133.6 131.3 128.6 123.7 120 117.2 119.5 122.6 123.7 124.5 122.3 121.6 119.5 116.8 115.2 112.6 109.9 108.3 107 105 101.1 97.6 96.9 96.9 98.9 105.1 109.3 108.3 104.9 102.8 101.2 99.7 98.4 99.3 101 102.3 104.1 108.4 114.6 122.8 130.7 138.8 147.6 154.1 158.7 159.9 161.8 165 168.2 171.5 171.2 171.6 176.7 183.1 191.1 200.7 214.1 228 240.4
163.2 161.1 156.7 151.9 146.6 143.3 141.8 140.1 137.8 140.1 140.2 139.8 136.7 131 138.3 138.7 138.7 137.8 138.9 138.9 137.6 135.8 133.8 131.7 126.4 123.9 128.8 128.8 129.7 129.6 128.5 128.1 126.5 123.7 120.9 116.5 112.3 110.3 108.4 106.5 105.8 106.7 103 98.5 97.3 96.7 98.5 103 100.5 100.5 100 98.7 98.3 99.4 101.1 101.2 102.5 104.4 108.8 116.9 126.2 134.4 143.1 151.2 157.1 158.4 159.9 162.9 166.2 166.4 165.9 168.8 175 182.6 191.7 203.1 216 229.3 241.4
165.5 162.5 159.2 153.4 147.6 144.7 143.4 142 139.8 142 142.1 142 140.5 133.6 141.8 142.1 143.5 143.1 143.7 143.6 143.2 140.6 139 138 137.2 135.7 135.3 135 135.7 135 134 133.3 132.7 130.4 127.2 121 116.5 114.5 111.8 110.5 110 110.4 109.9 108.2 104.2 99.5 96.6 97 97.8 98.4 99.5 98.1 99.4 98.7 99.6 101.5 102.9 104 107 112.6 121.6 129.8 138.5 146 152.8 156.4 158.6 160.9 161.1 161.3 161.7 167.5 173.3 182.6 192.6 204.5 217.4 230.9 241.7
168.8 163.2 159 154.2 149.3 146.8 144.7 142.4 142 144.1 144.8 144.6 142.5 138.9 144.5 146.7 149 148.3 149.3 148.4 147.6 145.9 144.6 143.9 143.3 142.5 140.9 140.8 140.9 140.7 141 140.5 138.4 134.5 130.2 125.9 122.8 119 116.8 115.5 114.6 115.9 116.1 113.7 110.3 105.8 100.8 98.3 96.3 97.5 99 98.5 100 99.2 101 102.6 103.3 104 104.9 108.7 115.2 124.3 133.8 141.3 148.2 153.3 156.7 157.7 158.2 158.9 161.6 166.6 172.9 183.8 192 204.5 217.5 229.1 240.4
170.1 166.3 161.6 155.3 150 146.9 144.4 141.1 145.6 146.1 146.2 146.8 137.4 145.8 149.9 151.6 151.5 151.9 154.1 153.7 151.6 150.3 150 148.6 147.9 147.2 146.6 146.8 147.1 147.7 150.6 148.5 145.1 141.6 137.7 133.5 129 124.6 121.6 120.8 120.5 121 121.6 118.8 116.3 110.7 105.2 102 97.8 96.7 98.2 98.6 97.7 100.6 102.3 103.2 103.9 104.4 104.8 105.9 110.1 118.8 128.5 136.5 144 149.1 153.6 154.8 156 156.6 161.5 165.7 171.1 182.8 190.5 202.3 215 226.5 236.9
169.9 168.4 163.3 156.9 152.3 146.5 145 141.8 145.5 148.1 143.3 142.2 139.6 149.8 153.2 157 156.6 157.4 159.6 159.1 158.4 156.1 154.8 153.9 152.7 152.3 152.2 153.4 153.8 155.1 156.7 156.5 153.8 150.2 146.2 140.8 135.2 131.4 127.9 127.3 126.1 127.9 126.4 123.8 120.7 115.5 109.7 105.8 102.8 96.3 96.9 97.1 97.3 101.5 103 103.9 104.5 105 104.1 104.2 106.5 114.1 123.9 131.9 139.9 145.4 150 151.5 152.3 156.4 159.3 162.5 168.3 176.5 185.2 196.3 207.9 219.8 231.7
169.6 168.5 163 156.5 151.8 148.1 146 142.7 147.3 147.8 142.5 142.3 151.2 155.8 158.9 161 161.6 163.6 164.6 163.8 162.5 161.5 160.8 159.9 159.4 159.1 159.7 161.1 161.8 161.5 162.8 163.9 160.7 157.1 152.8 147.5 141.9 137.9 134.5 133.3 132.2 134.1 131.4 129 125.6 120.6 114.7 110.1 103.7 98.9 96.3 96.6 97.5 101.4 102.7 104.6 104.9 104.6 103.3 103.4 104.9 109.6 119.2 127.5 134.6 140 145 146.5 150.7 154.2 156.9 159.3 163.7 170.2 177.8 188.6 200.5 212.3 224.6
169.3 167 162.8 155.8 149.2 146.3 145.6 144.1 149.1 150.4 143.5 149.1 156.1 162.6 166.4 166.3 167.9 168.9 169.8 169.2 167.5 166.4 166.1 167.1 167 167.5 168.3 169 169.5 168.3 169.6 169 166.8 163.1 159.3 154.3 148.8 144.7 141.1 140.4 141.7 141.9 137.7 134 130.9 126.7 120.2 112 107.5 102.4 96.2 96.2 96.5 99.6 103 106.4 105.9 105.1 102.8 102 103.9 107.5 114.4 122.9 129.6 136 135.9 143.4 147 149.5 154.2 156.3 158.9 163.8 171.6 181.8 192.1 203.1 215.3
168.6 165.6 161.9 156.2 149.5 145.1 144.4 146.4 150.2 147.9 148.6 157.9 162.9 168.1 173.9 175.2 173.3 173.6 175.1 175.7 172.6 171.3 172.6 173.9 174.1 175.1 176.1 176.4 177.1 177.7 177.1 175.3 173.3 169.7 165.8 161.5 155.7 152 148.4 149.2 148.8 149.8 145.9 142.9 137.6 132.2 125.2 116.6 109.5 105.1 98.9 95.9 96.1 99.2 101.9 106.8 106.7 105.4 102.6 101.9 102.7 104.4 108.7 117 124.7 125 135.2 140 143.5 146 150.8 153.8 155.1 158.8 165.6 174.6 183.8 192.7 203.1
167.3 164.5 162.8 154.5 149.5 145.8 146.7 148.5 149.4 147.4 157.7 162 168.3 174.2 178.3 178.6 176.9 179.7 181.4 180.6 177.6 177.7 179.1 179.8 181 181.4 182.8 182.1 184.8 185.4 184.4 182.3 180.8 176.1 171.8 167.3 162.7 159.5 156.5 155.8 156.5 155 154.3 148.1 142.7 135.8 129.9 121.5 113.6 107.5 101.8 96.6 95.8 97 101.1 105.7 105.7 104.7 101.9 100.1 101.4 101.8 103.9 110.1 114.8 125.8 132.1 136.5 140.5 144.6 147.7 150.9 152.4 154.6 159.8 167.5 175.9 184.4 191
165.4 161.6 159.7 152.5 148.1 148 148.9 150.2 149.9 152.9 161.6 167.5 175.6 181.3 182.9 183.1 181.1 183.5 183.8 184.2 182.6 182.5 183 183.6 184.6 186.2 186.5 187.1 189.9 192.3 190.2 188.5 187.9 183.8 179.4 175.1 170.2 167 164.2 162.6 161.4 157.8 156.3 151.3 146.4 139.1 133.3 127.6 118.1 110.1 104.4 98.8 95.6 96.1 97.1 100.7 102.1 101.6 101.4 99.8 99.2 100.3 102.1 105.5 113.7 122.3 128 133.2 137.4 141.1 144.3 147.1 149 151.1 155.1 161.5 168.6 175.6 181.8
162.5 158.4 154.7 148.5 148.3 148.8 150.2 152.2 152.5 157.5 166.9 173.2 182.1 184.5 188.5 187.7 185 184.7 185.6 187.2 185.6 185.6 186.4 187 187.8 189.1 190.3 191.6 193.4 194.7 194.2 191.8 191.6 190.3 186.8 182.1 178.7 175.3 172.2 168.3 165.3 161.1 160.2 155.6 150 143.7 139.4 132.4 122.7 113.4 107.4 102.1 97.4 95.6 96.4 97.3 98.4 99.6 100.9 100 98.1 99.1 100.9 102.9 109.3 116.8 123.4 129 133.4 137.3 140.1 142.7 144.5 146.3 149.5 154.6 161.1 166 171.4
158.5 155.7 152.4 150.3 149.7 150.5 151.4 153.9 155.9 163.8 172.8 178.8 186.8 188.1 191.7 193.4 189 186.6 188 188.7 187.3 187.6 188.2 188.9 189.6 191.2 193.1 194.7 196.2 196 194.9 193.5 192.7 190.9 188.4 187 183.4 182.4 179.5 175.9 172.3 167.1 165.1 162.6 157.8 151.1 144.3 135.3 126.4 117.9 113.3 108 102.5 95.6 96 96.6 96.8 97.7 101.1 99.4 97.4 98.2 99.6 101.3 103.8 109.6 117.1 120.5 126.9 131.1 135.3 138.4 140.1 141.2 144.4 148.4 153.2 156.9 160.6
155.8 153.2 151.8 150.8 150.8 151.8 154 159.1 163.2 170.7 178.6 187.2 190 191.4 197 196.7 193.8 190.5 189.7 189.8 189.3 189.5 190.1 190.8 191.5 192.6 194.9 196.7 198 198.4 198.2 196.6 196 193.8 191.5 191.6 190.8 187.6 185 184.8 179.6 172.7 170.5 167.9 163.6 154.3 147.1 140 132.9 123.9 118.5 113.2 107.9 102.6 96.7 95.3 95.6 96.5 97.9 97.9 96.8 97.9 99.1 100 101.6 104.4 108 113.1 119.8 125.5 130.2 133.6 135.9 136.8 137.9 141.3 143.7 145.2 146.3
152.8 151.8 150.6 150.4 150.6 152.4 154.8 161.2 166.9 174 181.3 189 191 193.6 199.4 200.3 197.2 191.8 191.3 193.1 191.1 190.9 190.9 191.5 192.2 193 195.6 198.1 199.5 200.3 200.7 200.1 199.2 199 195.5 195.4 194.9 191.9 188.6 189 186.4 178.3 173.1 170.7 166.7 158.4 151.4 144.7 137.9 129.2 123.7 118.2 113.3 109 103.1 97.8 94.9 95.5 96.3 96.6 96.5 97.4 98.3 99 100.4 101.7 103.9 104 108.2 112.3 122.5 126.6 127.7 123.9 122.6 120.9 121.4 125 129.4
151.1 150.4 150.6 150.4 150.3 152.3 156.7 164.5 169.8 177.7 184.6 189 192.3 195.9 197.9 200.4 198.2 195 193.4 192.9 191.2 191.2 191.4 192 192.8 193.5 194.8 196.9 199.3 201.7 201.9 202.4 201.4 201 198.8 197.9 196 194.9 192.4 191.5 189.4 182.3 175.7 174.5 169.1 162.7 155.7 148.6 141.7 134.7 129 124 119.6 113.3 107.5 101 97.3 94.9 94.9 95.4 96.5 96.9 97.8 98.5 99.9 100.8 102.6 104.4 107.6 110.5 110 110.5 111.6 112.3 116.7 133.8 141.1 147.1 150.8
150 149.4 149.1 149.4 150.3 151.9 158 165.9 172.9 180.4 186.9 191.8 196.4 197.5 197.8 200.3 198.9 197.6 196.1 192 191 190.5 191.1 191.8 192.6 193.6 194.5 195.8 198.2 201 202.8 203.3 202.8 201.7 200.6 199.5 197 195.7 195 192.6 189.1 184.9 180.3 176.8 171.1 165.3 157.9 151.2 145.2 139.1 134.6 130.8 126.8 120.6 112.9 105.4 99.7 96.2 94.8 95.1 95.7 96.7 97.5 99 100.6 102 103.3 105.8 110.4 114.8 119.6 122.3 126.5 129.2 132.7 137.5 143.4 151.6 157.1
148.9 148.2 147.6 148.4 149 151.1 159.2 167.6 174.2 179.7 185.8 193.1 199 198.4 198.5 199.1 200.6 199.9 196.5 191.9 190.8 190.2 190.8 191.7 192.7 193.6 194.4 195.2 196.8 199.3 201.4 202.6 203 202.3 201.2 200.1 197.9 196.3 194.4 191.9 190.1 186.8 182.5 178.4 172.8 166.8 160.1 153.5 147.8 143.5 141.9 137.9 133.9 127.2 119.3 110.7 102.8 97.5 94.5 94.8 95.4 96.5 97.7 99.1 99.7 100.2 101.4 103.2 108.4 113.2 119.1 123.6 127.5 130.8 134.7 139.4 145.2 153.8 164.3
147.3 146.8 147.6 149 149.6 152.1 159.6 167.3 173.5 179.2 184.9 192.2 197.6 199.1 199.3 198.3 198.1 198.4 194.8 190.8 190.1 189.8 190.5 191.2 192 192.7 193.5 194.2 195 197.4 199.6 201.3 202.7 201.6 200.9 200.2 198.1 195.3 193.2 191.4 189.7 187.3 183.7 179.7 175.4 169.2 162.2 156.4 151.2 147.9 147.2 144.7 139.9 133.1 125.4 115.1 107.8 99.4 94.4 95.9 96.4 96.9 97.5 98.1 98.7 99.3 99.8 100.4 104.9 110.3 117.6 123.1 129.1 132.5 136.4 142.4 148.7 159.1 171.9
