data/280000-910000.asc
ncols 200
nrows 200
xllcorner 280000
yllcorner 910000
cellsize 50
[rows 70 to 104 of 200, columns 78 to 155 of 200]
253.8 255.6 258.1 261.2 263.2 265.3 267.4 269.6 271.7 275.2 278.7 281.5 284.2 286.7 289.9 292.6 295 295.1 292 291.1 290.9 290 290.5 291.4 289.4 292.2 292.9 294.7 296.7 299.1 301.5 305.8 311.4 315.1 318.4 320.8 327.3 333.8 340.8 347.8 355.8 358.5 365.3 367.7 370.5 372.4 373.6 375.5 377.7 378.7 379.7 379.9 379.5 379.3 380.8 385.5 392.4 397.4 402.3 406.9 411 413.3 414.2 414.7 413.1 407.5 401 390.7 380 369.2 357.2 348.4 339.8 333.9 327.4 318.2 314.3 312.6
251.4 252.2 253.8 256.7 261.2 263.2 265.2 267.2 269.2 271.8 274.7 277.6 280.5 284.1 287 288.7 292.2 293 291.2 289.1 288.3 287 286.6 287.5 290.9 290.7 292.2 293.7 295.4 298 301.1 305.5 309.4 312.4 315.3 318.1 322.1 327.7 333.6 340 346.1 352.1 358.8 363.6 367 370.2 372.1 374.4 376.7 378.2 379.2 380 380.4 380.2 381.4 385.6 392.9 397.9 402.8 407.2 411 414.3 414.9 414.7 412.8 408.5 400.9 388.8 377.9 366 355.3 348.2 342.3 334.7 332.7 327.7 322.5 315.9
249 248 250.5 255.5 259.7 261.6 263.6 265.6 267.5 269.3 271.9 274.6 277.6 280.9 281.8 283.9 288.2 288.7 288.2 285.8 286 284.3 282.1 279.3 287.8 290.7 291.9 293.2 294.4 296.8 299.9 303.8 308.2 311.3 313.9 316.6 319.4 323.8 328.2 333.3 338.8 344.7 351.7 357.3 362.9 366.8 369.1 371.6 374.8 375.6 376.9 377.7 378.3 378.7 381.3 384.8 392.4 396.8 402.3 407.3 411.1 414.9 415.9 416.3 414.2 410.4 403 390 378.5 368.6 359.8 353 347.9 344.3 341 339.3 336.5 330.5
246.7 247.2 249.2 253.3 258 260.1 262.1 263.9 265.5 267.4 269.5 272.2 274.9 276.9 278.4 279.4 283.9 285.7 285.3 281.5 280.3 279.5 274.7 282.8 289.8 291.3 292.6 293.7 295.2 298 301.4 304.5 307.7 310.1 312.6 315.2 318.1 321.1 324.9 329.4 333.8 340 346 353.2 357.7 361.9 365.6 368.7 371.7 372.7 374.3 375.3 376.1 378 380.6 385.3 392.4 396.7 401.9 407 411.2 414.9 417 417.7 416.6 413.5 408.3 397.2 385.7 374.6 365.3 359.1 356 355.4 354.9 354.5 350.9 344.6
244.2 246.7 248.6 253.2 256.6 257.8 259 260.7 263.2 265.6 267.6 269.7 272.6 274.8 275.2 276.3 278.4 280.9 279.8 279.2 278 274.6 273.4 282.4 288.8 290.9 292.9 294.1 296 298.8 301.9 304.9 307.3 309.4 311.9 313.9 316.5 319.4 322 325.5 330.4 335.2 340 348.5 352.7 357 361.1 365 367.9 370 371.5 372.8 373.1 377 380.3 384.8 391.1 396.4 401.6 406.7 411.2 414.9 417.4 418.9 419.1 416.9 413.1 404.9 394 382.5 372.9 367.8 364.7 364.3 363.5 362.4 357.9 351.4
244.1 247.1 249.6 252.6 254.9 255.8 257.4 258.7 261.4 264.6 266.3 268.1 268.5 270.4 272.5 273.7 275 276.2 277.2 277.2 276.3 272.6 276.8 282.2 287.5 289.5 292.1 294.5 296.7 299.5 302.2 304.5 306.8 308.8 311 312.5 315.2 317.8 320.5 323.6 327.8 332.4 337.2 344.9 349.1 353.6 357.6 361.2 364.4 366.4 367.5 368.9 370.7 375.2 379.5 384.5 390.4 395.8 401 406.1 410.6 414.3 416.8 418.3 420.3 420.3 417.4 412.2 403.5 393.1 382.6 375.8 374.1 372 369.4 366.7 361.8 353.4
242.8 245.8 248.3 249.9 251.3 253.6 256.1 257.1 260.1 262.1 262.7 264.1 265.7 268.8 270 271.9 273.5 274.6 275.9 275.5 273 270.1 278.1 281.2 285.7 288 290.6 293.7 296.6 299.3 302 304.2 306.4 308 309.4 311.2 313.9 316.2 318.7 322.3 325.9 330.8 337.1 341.9 346.4 351 355.1 358.2 361.2 363.4 364.1 365.3 368.8 374.5 378.9 383.9 389.4 394.7 399.6 404.8 409.2 413 416 418 420 421.3 419.3 416.4 410.6 402.3 393.5 387.3 381.4 376.9 372.9 367.9 361.1 349.9
245.6 246.7 246.7 247.2 246.7 249.5 253.6 254.9 257.4 258.5 259.9 261.5 263.1 265.3 266.2 270.2 272.2 273.3 274.6 271 266.4 273.2 277.1 280.4 283.9 286.4 289.8 293.5 296.2 298.6 300.9 301.7 304 306 308.2 309.5 313.3 314.6 316.6 319.3 324.9 331 336.4 340.8 343.9 348.4 352.4 355.2 358.1 360.3 360.8 363.4 367.1 373.7 378.7 383.5 388.4 393 398.2 403.4 407.7 411.3 414.7 417 419 420.4 420.7 418.7 414.3 407.8 400.3 391.5 384.6 378.2 372.6 366.7 356.1 336.4
245.2 246.1 244.2 243.5 243.7 245.2 250.1 251.9 254.8 255.8 257.3 259.3 260.9 260.8 261.8 266.9 272.1 271.8 267.4 267.5 270.3 273.8 275.9 279.2 281.4 285.9 290.1 293.1 295 297.1 299.3 301 304 306.3 307.8 309.9 312.6 315.4 317.7 319.4 324.1 330.2 335.4 339.8 343.7 346.7 349.5 352.3 355.1 357.4 357.9 361.8 366.3 372.2 377.9 382.2 388 393.1 396.8 401.8 406.1 409.5 413.1 415.7 418.1 419.4 419.8 419 416.1 409.7 402.8 393.3 385.2 377.5 369.7 360.1 342.1 322.6
244 243 241.1 240.5 240.8 242.6 246.8 249.5 251.8 253 255.3 257 258.3 258.8 258.4 262 268.4 268.2 262.3 268.7 270.7 273 275.3 278 280.9 285.3 289.7 293.1 294.5 296.5 297.8 300.2 303.4 306.8 308.5 309.7 311.4 313.9 317.1 319.8 324.1 329.3 334.3 338.8 342.7 345.6 348.2 351 353.7 354.2 356.6 360.6 364.7 371.9 377 381.9 386.5 391.6 395.2 400.2 404.3 408 411.4 414.1 416.6 417.8 418.3 417.9 415.3 410.7 403.6 394.4 385 368.8 356.4 345.4 328.2 311.3
234.6 235.5 235.2 236.3 237.6 239.7 242.1 246 248.2 251.5 252.5 254 255.6 254.4 252.4 254.1 256.9 264.1 260 267.9 270.1 272.5 275 277.5 280.3 284.5 288.1 291.3 293.3 294.7 297.4 300.3 303.1 305.9 307.9 309.3 311 312.7 316.1 320 324.1 328.5 332.5 336.4 340.2 344.1 346.8 349.6 351.4 353 355.9 359.5 363.2 370.2 377.4 381.4 385.5 389.9 394.4 398.5 402.5 406.3 409.5 412 414.5 415.8 415.9 415.4 413.5 409.6 402.8 393.4 383.2 369.5 344.4 330.1 316.9 304.1
237.3 235.7 231.3 231.6 233.8 237.4 240.8 242.8 245.6 248.2 247.9 246.9 249.2 252.1 256.9 259 261.7 263.4 264 266.3 268.6 271.2 273.6 276.2 279.2 282.1 285.9 288.6 290.6 294 296.9 299.7 302.3 304.9 307.4 309.1 311 312.7 316 319.2 322.1 326.4 330.1 334 337.8 341.9 346.9 348.5 348.9 351.2 354.3 357.5 362.8 368.5 376.1 380.2 384 388.2 392.6 397 401 404.6 407.2 409.7 412 413.7 413.3 412.7 411 407.1 400.4 391 381.1 367.6 350.8 333.4 314.1 299.2
234.6 233.4 231.9 231.3 231.3 237 241.7 240.3 243 244.7 248 253 252.2 257.1 259.2 260.6 260.9 261.4 261.9 264.6 267.3 269.9 272.3 274.8 278 280.1 283.8 285.6 288.3 291.7 295.1 298.6 301.7 303.9 306.1 308.3 310.6 312.7 315.3 318 320.4 324 327.2 331.5 336.1 341.4 345.9 344.4 348 351.2 353.2 357.2 361 367.1 375 379 382.7 386.6 391 395.9 399.7 402.3 404.8 407.4 409.3 410.7 410.3 409.7 407.3 403.6 396.5 387.9 377.1 361.4 345.8 331.4 313.7 295.9
233.4 232.6 232 232.2 231.4 236 239.9 237.4 239.1 242.6 247.4 249.4 253 254.7 257.1 257.8 256.8 256.3 257.3 259.9 264.6 268.7 271 273.4 275.9 278.2 281.2 282.2 286.1 289.6 293 296.3 298.8 302 304.3 306.6 308.8 311.2 313.9 316.1 318.1 321.6 324.5 329.2 333.4 337.8 339.8 343.3 347.2 351.1 353.6 355.3 360.7 366.3 373.1 377.8 381.5 385.1 389.5 394.6 397.4 399.9 402.5 405 406.6 407.6 407.3 406.7 403.7 399.4 391.9 382.2 366.5 350.1 334.9 322.4 308.6 306.1
232.6 232 231.4 231.1 229.1 230.6 233.4 232.1 236.5 242.9 245.9 250.1 252.8 252.9 249.4 251.4 260 263.2 265.2 267.3 267.4 264.8 270.3 271.9 270.5 272.3 273.6 278.5 283.5 287.6 291 294.6 297 299.2 302.3 304.9 306.8 309.5 312.3 314.4 317.2 321 325.2 327.6 329.9 333.1 339.9 343.6 347.1 351.2 353.8 355.7 361.3 366.6 371.4 376 379.7 383.7 387.7 392.6 395.8 398.2 400.7 403.1 404.1 404.5 404.2 403.2 400.1 395.1 386.8 373.2 353.9 338.5 325.7 313.6 315.1 321.2
231.4 230.9 230.3 229.5 225.5 228 229.9 233 236.7 239.6 239.3 241.2 245 253.9 257.8 261.3 263 265.7 267.7 269.3 270.1 270.5 266.5 269.9 273.7 276.9 278.9 280.6 278.4 284 286.8 287.3 291.5 296.6 299.2 300.2 304.7 307.2 309.7 313.2 315.4 319.2 323.5 327 331.6 336.4 340.6 344 346.6 351.2 354.4 356.9 361.3 366.2 370.4 374.3 378.4 382.6 386.9 390.9 393.8 396.8 399.3 400.8 401.9 402.2 401.5 399.6 395.1 384.9 373 359.9 345.4 331.8 327.2 320.4 329 337.6
229.9 229.8 228.5 228.2 224.5 225.9 228.2 234.2 237.2 240.6 242.5 248 252.6 257.1 260.5 263.7 265.3 268.7 269.1 270.4 271.2 271.9 272.1 273.4 273.5 276.7 279.2 281.8 284.6 286.3 289 292 294.7 297.6 298.9 299.4 303.4 305.7 308.3 312.1 317.6 321.8 327 329.4 332.5 336.5 339.7 342.3 347.2 351.4 354.2 356.3 361.2 366.2 370.4 373.9 377.4 381.5 386.4 390.2 393.1 396 398 399.4 400.3 400.1 399.9 396.5 389.2 368.5 356.6 346.5 342.9 340.9 340.5 334.1 343.5 355.8
230.3 230.4 228.2 226.5 223.9 225 227.4 235.4 238.5 240.7 245.8 251.2 255.3 259 262.2 265.4 267.3 268.5 268.8 271.5 272.5 273 273.9 275.2 276.3 278 279.7 282.4 285.2 287.5 291.8 295.4 297.9 299.8 301.8 303.1 305 308.1 309.6 312.8 318 322.2 325.3 327.3 331.6 335 338.6 342.9 346.8 350.4 352.2 355.5 360.8 366 369.9 373.4 376.6 380.5 385 388.4 391.8 395 396.7 398.1 398.3 397.8 397.4 395.3 387 373.4 363.6 363.1 364.3 361.7 353.3 351.9 364.4 377.3
230 231.2 228.2 224.8 222.4 223.4 228.4 233.5 238.7 241.7 246.3 251 255.4 260.1 263.4 265.9 267.7 268.3 268.8 272.6 273.8 274.5 275.6 276.4 278 279.9 281.7 283.9 286 288.9 292.6 296 298.6 300.6 302.6 304.9 307.6 310.5 313 315.4 317.5 320.7 323.7 326.3 329.3 333.3 337.4 341.3 345.4 349 352.1 356.7 361.6 366.1 369.6 371.6 375.3 379.3 384.2 387.6 391.1 394 395.6 397.1 397.7 397.4 397.2 395.9 393.3 385.7 375.3 385.6 384.2 376.6 361.1 370.2 386.4 398.1
229.2 229.9 227.7 223.7 221.8 225.2 227.5 231.9 240.1 243.9 246.2 250 256 261.1 264.5 266.3 268.2 269.7 271.8 273.6 274.7 276.1 276.8 277.7 279.7 281.5 283.3 285.9 288.2 290.4 293.6 296.1 298.3 300 302 304.4 308.4 311.4 314.2 316.6 319.2 321.7 324.3 326.8 329.3 333.5 336.3 340.6 345.7 348.9 351.7 356.5 361 364.6 367.7 371.1 374.5 378.3 383.2 387 390.3 393 394.5 396 397.1 397.2 397.9 398.1 397.4 394.1 390.7 397.8 395.4 390.4 375.9 386.8 401 406.9
227.6 229.4 228.5 222.7 221.2 224 227.7 234.1 240.4 242.5 245.4 248 254.4 261.2 264.8 267 269.1 270.5 272.2 274.2 275.4 276.8 277.7 279.2 280.9 282.5 284.4 287 289.8 292.3 293.6 294.9 296.3 297.6 300.2 303.4 308.3 311.1 314.2 317.3 319.7 322.5 325 327.2 330.8 335.1 338.4 341.9 346.1 349.4 352.7 358.3 361.8 365 368.4 371.2 373.6 377.6 382.3 386.5 389.6 392 393.6 395.2 396.7 398.1 398.9 399.1 400.1 401.1 402 403.1 402.7 399.2 385.7 397.7 406.3 411.9
224.7 224.9 223.5 220.9 219 222.1 226.6 232.5 239.2 242.1 244.5 247.9 254.1 260.4 264.5 266.7 268.9 271.2 272.8 274.7 276 276.9 277.7 279.1 280.8 283.3 285.4 288.1 290.8 292.5 293.4 294.7 295.3 298.6 302 305.3 308.3 310.8 314 317.2 319.4 321.7 324.6 327.4 330.9 335.3 339 341.8 345.4 349 352.4 358.6 362.4 365.1 367.8 370.7 373.3 377 381.7 386 388.8 391.2 393.3 394.8 396.3 398.3 399.8 400.8 402.6 404.1 405 405.6 405.9 402.2 391.9 401.3 408.3 413.2
226.7 225.1 225.4 222.9 217.2 223.7 228.1 229.2 234.2 239.5 242.7 248.1 254.5 260.7 263.7 266.4 268.7 270.9 273.2 275.2 276.1 276.9 277.7 279.1 280.6 282.4 285.7 289.1 291 292.7 293.8 295 297.3 299.8 302.5 305.3 309.5 311.1 313.8 317 319.8 322.1 324.9 327.4 331.6 335.6 339.4 341.9 345 349.5 352.9 357.5 361.9 364.9 367.4 370.2 372.4 376.5 381.2 385.1 387.6 390.3 391.9 394.5 395.9 397.9 400 402 403.4 404.5 405.6 407.2 407.8 405 397 401.2 407.3 411.8
229.4 227.2 227.8 226.7 221.4 222.7 226.9 228.2 229.3 235.7 240.6 247.4 253.6 259.6 261.8 265.3 267.8 270 272.3 275.3 276 276.8 277.7 279 280 282.1 284.3 287.8 290.4 291.4 292.2 294 297 300 303.6 306.4 310.6 312 313.6 317.1 320.3 323.1 326 329 332.4 335.2 339.4 343.6 346.2 349.6 353 357.1 361.5 364.5 366.7 368.7 371.5 375.6 379.5 384.1 387 389.6 392.2 394.6 395.7 397.5 399.7 401.7 403.5 404.2 405.3 406.7 407.7 407 402.6 398.2 404.5 408.8
232.1 229.4 229.9 229.6 226 214.3 221.2 225.2 226.4 236.1 241 245.6 251.6 256.2 259 263.5 266.3 268.7 271.4 275 276.2 276.7 277.7 279 279.6 282.6 284.8 286.6 289.3 291 292.5 294.6 297.2 300.2 304.2 308.1 311.3 312.5 313.4 315.7 320.7 324.2 327.6 331 334 336.5 340.9 343.6 346.6 350.1 354 357.8 361.8 364.1 366.4 369.3 371.2 374.5 379.3 383.2 385.9 388.5 391 394 395.7 397.2 398.9 400.6 402 403.1 403.7 404.4 405.3 404.6 401.3 401.8 398.8 404.4
233.1 231 232.9 232.6 226.8 220.9 215.7 221.9 226.4 236.7 240.7 244 248 252.7 256.7 260.9 264.5 267.1 269.6 274.1 274.7 275.4 274.4 276.7 280.4 283.2 285 286.7 289.3 291.7 293.4 295.5 297.8 300.4 304.3 307.2 310 312.5 313.3 314.7 319.9 323.8 326.7 330 333.7 337.4 340.9 343.9 346.8 350.8 354.9 358.5 362 364.6 367.2 369.3 371 374 378.8 382.1 384.7 387.3 389.9 392.2 394.2 396 397.6 399.4 400.3 400.8 401.4 402.2 403 401.8 397.9 399.1 394.2 398.3
234.2 232.2 231.7 231.5 227.2 222.5 212.7 217.6 226.2 234.4 238.3 241.1 243.8 248.7 254.9 259.4 262.8 263.3 265.1 273 275.6 276.3 277.7 278.9 281.3 283.2 285 286.7 289.2 292 294.2 296.3 298.6 300.8 303.2 306.1 308 310.5 312.7 314.3 320 323.4 326.5 329.4 332.3 336.2 340.1 343.1 346.9 351 355 358.5 361.7 364.2 366.5 368.5 370.4 372.9 377.2 380.9 383.5 386.1 388.5 390.6 392.7 394.5 395.9 397.3 397.8 398.4 399.1 399.9 400.4 399.8 398.5 397.6 389.6 393.7
235.3 233.1 232.8 233 230.2 222.5 212 214.8 222.5 231.1 235.7 237.9 241.3 246.2 254.1 257.7 259.9 259.5 266.4 272.5 275.8 276.6 277.9 279.5 281.1 283.1 284.9 286.6 288.9 291.6 293.8 296.5 298.4 300.3 302 304.8 307.3 309 311.2 314.4 319.2 324.3 327.5 329.7 333 336.2 339.3 342.8 346.6 350.4 354.3 357.7 360.7 363.4 365.5 367.4 369.3 371 375.7 379.8 382.1 384.3 387.2 389.4 391.2 392.9 393.4 394.9 395.3 395.3 396.3 397.3 397.4 397.2 396.5 394.2 390.1 387.1
236.2 233.9 232.8 231.7 234.2 225.3 213.6 213.8 217.7 226 231.1 235.2 240 248.5 252.5 253.8 257.9 263.3 266.5 271.1 275.9 277 278.3 279.7 281.2 282.9 284.8 287.5 289.1 291.3 293.8 296.3 298.8 301.1 302.1 303.1 304.7 306.6 308.6 313.8 319.2 322.7 326.5 328.5 331.6 334.8 338.1 341.5 345.5 349.4 353.3 356.7 359.7 362.4 364.3 366.2 368.1 369.5 373.8 378.2 380.6 382.9 385.8 387.8 389.6 391.3 391.2 392.3 393.1 393.1 393.6 394.1 393.4 392.9 391.9 389.7 386 377.6
235.8 233.2 231.7 230.7 229.7 225.7 213.1 209.6 214.7 221.7 233.4 234.9 237.2 240.9 250.5 254.7 259.7 264.2 267.9 272 275.4 277.9 279.7 281 282.2 283.7 286.3 288.2 289.8 291.5 294.3 297.1 298.8 300.2 302.4 302.5 303.2 304.9 309 313.4 317.9 322.5 324.9 327.5 330.6 333.8 337 340.3 344.1 348 351.9 355.5 358.6 361.2 363.1 365.1 366.7 368.2 371.8 376.1 379.4 381.5 384.1 386.3 388 389.7 389.8 389.1 389 389.8 390.5 390.4 390.1 389.3 387.6 384.9 381 374.4
235.5 233 231.5 229.1 227.5 223.4 211.7 212.8 213.7 218.9 227 233.2 240.1 243.2 249.7 253.5 258.3 264.7 268 271.4 275.2 278.9 280.9 282.4 283.9 285.5 287.2 288.7 290.4 292 294.1 296.7 298.2 298.8 299.2 300.5 302 305.1 309.6 312.8 316.5 321.2 324.4 327 329.4 332.5 335.5 338.9 342.7 346.6 350.5 354.3 356.9 359.6 361.6 362.4 364.8 367.1 370.2 374.1 378.3 380.2 381.7 384.1 386 387.4 387.4 386.6 383.1 384.8 386.9 386.8 386.5 386 383.7 381.2 377.6 371.6
234.8 232.3 230.7 227.6 224.7 218.4 214.4 211.4 219.4 220.5 230.6 235.8 237.5 245.6 250.7 254.2 258.8 264.7 268.3 271.9 275.8 279.3 281.6 283.3 284.8 286.4 287.8 289.1 290.5 292.7 294.2 296.4 297.9 297.4 297.7 299.3 302.2 306.6 309.6 311.9 315.4 319.5 322.2 326.4 328.7 331 333.6 337.5 341.3 345.2 348.7 352.4 355.4 357.9 358.9 359.4 362.6 365.6 368.7 372 375.8 378.2 379.7 379.6 382.1 384.4 383.4 382.2 378.6 380.9 383.3 383.4 383.1 382.4 379.8 377.2 375.4 369
233.7 231.2 229.8 227.9 221.9 216.4 206.4 210.7 217.6 226.1 232 236.5 240.2 247 251 254.3 259.1 264.8 268.8 272.4 276.2 279.2 281.9 283.9 285.5 287.1 288.4 290 291.8 293.2 294.6 295.8 294.2 295.3 297.1 299.1 303.2 306.5 309 311.4 313.8 318.1 320.8 325.1 328 330.1 332 335.6 339.6 343.1 346.2 350.4 353.7 355.6 356.8 358 360.8 363.7 366.5 369.3 372.1 374.7 376.9 378.1 379.2 380.7 380.2 378.1 376.4 378.3 380.2 381.1 380.3 379.2 376.3 375.1 371.8 369.1
230.5 230.3 229.2 227.1 219.4 209.1 208.5 215.8 217.5 224.3 231 234.6 239.2 245.8 249.6 253.4 257.4 263.1 267.9 272.4 276.2 279.4 282.3 284.5 286.1 287.7 289 290.6 292.1 293.5 294.1 293.7 292.4 294.7 296.8 298.7 302.5 304.7 308.2 310.6 312.3 316.1 319.1 322.5 326.9 328.9 330.6 333.3 337.5 340.7 345.6 348.6 351.4 353.5 354.8 356.1 358.1 360.6 363.3 366 368.5 371 373.3 374.3 376.5 377.2 377 374.2 373.2 375.1 377.3 378.2 377.5 375.9 373.9 372.4 369.6 366.8
228.4 227.9 227.8 224.2 214.7 206.9 213.2 217.5 220.8 229.1 232.6 233.8 239.1 245 248.5 253.9 257.2 261.6 268.1 272.4 276 279.1 282.4 284.9 286.8 287.9 289.6 291.1 291.8 292.2 292.6 292 291.1 293.9 296.4 298.4 301.1 303.4 307.4 309.3 310.8 314.1 317.6 320.5 323.5 327.8 329.4 331.2 335.3 339.6 343.8 346.8 349.4 351.1 352.5 353.8 356 358.1 360.1 362.6 365.1 367.6 369.9 371.6 373.2 373.8 372.7 370.8 370.7 372.5 374.5 374.7 374 372.3 370.4 368.3 365.7 367.2
