data/280000-840000.asc
ncols 200
nrows 200
xllcorner 280000
yllcorner 840000
cellsize 50
[rows 70 to 104 of 200, columns 0 to 77 of 200]
146.7 149.1 152.3 154.5 156.6 158.2 160.2 161.8 163.2 165.8 165.7 165.7 167.5 169.3 171.4 173.5 176.1 178.7 182.4 188 193.5 195.6 194.7 192.7 190.1 187.9 184 181.2 180.3 179 177.9 177.4 175.7 176.7 175.5 176.7 179.2 182.5 185.8 188 189.7 190.9 192.2 191.6 191.3 189.6 188.2 186.6 185 183.4 181.1 180.4 169.3 165.4 165.9 177.1 176 176.5 175.9 175.2 175.1 175.4 176.6 177.8 179.2 181.3 185.5 189.1 193.1 195.9 198.3 200.1 201.6 205.6 209.6 211.1 210.9 210.6
151.3 153.2 155.7 157.6 160.2 161.3 161.9 163.4 165.9 165.9 166.8 168 170 172.1 174.2 175.8 178.1 180.6 182.8 186.4 190.1 189.9 189.5 188.2 186.3 183.4 179.9 179.6 180.2 180.7 181.2 181.2 182 182.8 186 187.4 187.8 190.1 192.2 194.1 194.8 193.9 193.5 192.5 191.2 189.3 187.3 185.4 184.6 183.8 182.8 169 170.4 169.8 174 178.9 177.8 178.1 177.9 178 178.5 179.3 180.3 181.5 183.5 187.6 192 196.1 198.4 200.7 203.9 206.8 209.4 214.8 218.3 219.3 217.1 205.5
154 156.2 158.4 160.1 162.8 162.4 164.9 164.9 166.7 170.9 169.4 170.4 172.5 174.6 176.5 178 179.1 181 183 185.1 186 185.2 184.9 183.5 182.4 180.1 179.9 180.2 182.1 183.3 184.4 186.4 189.1 192.8 194.5 194.5 195 196.2 196.6 197.2 196.4 195.3 193.5 192 190.2 188.4 186.4 184.2 183.7 173.7 175.2 173 175.5 180.9 180.7 180.3 180.3 180.4 180.8 181.6 182.1 183 184.1 186 189.1 193.5 197.7 201.1 203.7 207.3 210.3 214.2 219 222.7 224.7 221.7 216.8 208.5
156.6 159.2 160.1 162.1 165.1 169 172 172 171.6 172.5 171.3 172.2 174.8 176.9 178.4 179.9 180.9 182.1 183.3 184.4 184.9 184.4 182.8 182.2 182.1 181.9 182.6 184.3 185.8 187.4 188.3 191.9 195.6 198.8 200.4 200.9 200.4 200.4 199.6 198.5 196.8 195.3 193.4 191.5 189.9 187.7 185.6 182.9 177.5 178.3 175.8 175.9 180 177.8 182.2 182.3 182.9 182.9 183.8 185 185.6 186.4 187.7 189.9 194.7 199 203 206.5 209.8 213.5 215.9 222.5 228.6 228.5 226.8 221.8 215.1 207.9
160.1 163.1 161.7 163.8 167.4 168.9 171.8 171.3 171.7 172.7 174 174.6 177 178.8 180.3 181.8 182.8 183.5 184.2 184.2 184.6 184.3 183 182.1 182.9 184.8 186.5 188.3 189.9 191.7 195.6 199.4 202 203.1 204.6 205.9 204.7 202.8 200.1 198.4 196 194.5 193.3 191.5 189.8 188.5 182.6 174 179.9 178.9 177.9 181.7 184.6 182.4 183.1 184.9 185.4 186 186.8 188 189.2 189.9 191.2 193.8 200.2 204.8 209 212.8 215.6 219.2 224 229.2 230.6 228.1 223.7 219 213.9 207.5
165.6 165.2 162.4 167 169.8 171.1 170.4 171 173.2 176.2 178.7 179.2 180.1 181.1 182.2 183.7 184.7 185.2 185.1 184.7 184.3 184.2 184.1 184.3 185.1 187.2 190.5 192.4 195 197.6 202.9 207.6 206.8 206.4 206.3 205.4 204.2 202.2 199.7 197 194.7 193.6 193 192.1 181.7 181.4 175 181.4 182.3 181.4 182.8 189.1 187.9 186.2 185 186.5 188 189.1 189.8 191 192.2 193.4 195.9 202.1 207.5 209.6 214.2 218.8 221 225.6 233.7 235.9 232 227.5 222.8 217.1 212.1 208.4
165.9 163.8 166.2 170.3 172.1 173.5 174.8 176.2 178.5 183 182.1 182.2 182.2 183.4 184.5 185.7 186 186.1 186.1 185.6 185.8 186.3 186.3 186.8 188 190.1 194.6 198 202.3 207.2 211.4 209.4 208.3 207.3 206.4 204.9 202.7 200.3 197.9 195.7 193.4 192 191.8 183.5 181.6 176.9 182.3 186.3 187.3 185.7 192.5 191.3 190.2 189.1 188.6 191 191.9 192.4 192.9 194.6 196.2 199.1 203.2 207.5 211.8 216.5 220.2 224.4 227.1 230.5 232.4 230.3 226.8 223.5 219.5 214 211 205.4
165.1 165.3 172.7 175 176.4 177.5 178.5 179.4 184.5 184.2 185.3 184.9 184.3 185.2 186.2 187.1 187.6 187.3 187 187.4 188.1 188.7 189 189.7 191.6 194.4 199.5 207.9 213.8 214.5 213.9 210.4 208.3 207.2 205.2 203.1 200.9 198.1 195.8 194.1 192.7 192 187.6 181.8 176.6 179 190.3 191.1 191.4 189 194.1 193.4 192.7 191.8 193.9 194.7 195.3 196 197.3 199 201.9 205.8 210 214.3 217.8 222 225.6 229.2 230.7 230.5 227 224.5 222.8 220.3 211.7 205.7 203 207.7
165.9 172.2 178.1 177.9 179.4 180.2 181.6 183.8 183.6 186.1 186.9 186.1 185.8 186.6 187.6 188.6 189.2 189 189.1 189.6 190.5 191.3 191.8 192.6 195.4 199.8 208.6 216.6 218.8 216.9 212.6 209.1 207.1 205.6 203.4 201.3 199 197.1 195.6 194.2 193.5 189.9 182.4 179.7 178.1 179 193.2 193.6 193.6 193.6 195.9 196 194.6 193.2 196.3 197.4 198.8 200 201.6 204.5 208.5 212.6 216.7 220.6 223.1 226.7 229.5 232.2 232 231.8 229.3 227 221.7 211.9 208.9 213.1 214.6 215.2
170.5 178.7 181.6 181.8 182.5 185.1 185.2 185.7 186.2 187.5 188.7 189.5 189.6 188.6 189.1 190.1 190.7 190.9 191.2 191.6 192.4 193.7 194.9 196.3 201.2 207.2 211.6 214.8 215.3 213.9 211.4 208.4 205.7 204.9 202.6 201 199.4 197.5 196.2 194.9 190.8 182.2 181.1 180.1 179.4 182.1 195.8 196.2 196.2 196.3 192.9 198.4 197.3 196.9 200.2 200.7 202.3 203.9 206.1 210 214.1 218.6 222.3 225.8 228.7 233.2 235.9 236.2 235.3 232.7 229 222.2 218.7 218 219.8 222.1 222.1 221.1
180 183.9 184.7 186 186.1 188 188.1 188.5 190.8 192.1 192.7 192.7 192.7 190.1 191 191.6 191.5 192.8 193.6 193.9 194.6 196.9 200.1 205.3 210.3 212.5 213.6 213.6 213 211.2 209.8 207.5 204.4 204.6 203 201.3 200.3 198.5 196.7 195.6 182.6 182.4 182.2 181.8 183.3 196 197.5 199.2 199.4 199 197.5 198.6 201 200.4 203.3 204.3 205.2 207.6 211 215.5 220 224.1 227.9 231.2 234.9 239.3 240.4 237.4 235.6 230.7 224.1 224.3 224.2 223.8 225.5 226.5 227.6 226.6
187.8 187.9 188.1 188.6 189.9 190.3 192 194.4 195.3 195.7 196.1 195.9 191.8 192.4 193.1 193.1 193 195.5 196.9 197.5 198.3 203.6 210 212.4 212.8 213.4 213.8 212.6 211.6 210.1 209.5 208.3 205.7 204.8 203.1 201.4 200.4 198.6 193.1 184.2 184.5 184.3 185 185.8 197.8 199.3 201 201.8 200 199.6 202 203.5 204.4 203 204.7 205.5 208.1 212 216 220.4 225 229.1 233 239.2 241.8 241.5 238.7 238.5 237.5 234.4 229.6 230 229.6 228.1 229.5 228.6 226.4 228.8
193.2 193.3 192.6 193.6 195.1 196.3 197.7 198.1 198.2 197.1 194.6 192.6 193.3 194.2 195.5 195.3 195.6 199.8 201.5 202.2 204 212.3 213.1 213.2 213.5 213.7 213.1 212 210.8 210.2 209.9 208.8 206.8 204.8 203.3 201.6 194.4 188.2 185.7 186 186.2 186.2 196.3 185.8 201.3 202.8 203 202.4 203.9 205.3 205.7 205.8 205.6 204.8 206.5 207.5 211.8 216.8 221.1 225.3 228.8 231.9 237.8 240.5 240.8 240.5 241.5 241.3 238.1 235.9 232.4 232.9 232 231.3 233.1 233.2 235.1 238.5
198.4 198.7 196.1 196.8 198.4 198.7 198.6 196.3 193.9 193.1 193.5 193.8 195.3 197.2 198.6 199.3 200.8 204.4 207.5 208.7 211.9 213.7 213.9 213.6 213.4 213.5 212.4 211.3 210 209.1 208.8 208.3 206.6 204.6 202.7 194.8 189.3 187.5 186.5 186.9 188.3 196.1 200.7 199.8 196.9 203.9 203.6 205 206 206.7 206.8 206.8 207.5 207.6 209.6 212.8 216.2 219.9 224.5 229 232.1 234.3 238.5 240.7 241.5 241.4 241.2 239.7 237.6 234 233.4 234.2 235.9 237.2 238.7 243 246.2 248.9
202 199.3 195.9 195.4 194.9 194.6 194.4 194.2 194.4 195.1 195.8 196.5 199.2 200.5 201.7 203 205.7 209.5 214 214.1 214.3 214.4 214.3 214 213.7 212.7 211.6 210.5 209.3 207.6 207.2 206.7 205.9 201.6 194.4 191.1 189.4 189.1 189.6 191 191.8 202.6 203.3 202.1 192 199.5 203.9 206.7 207.2 207.7 207.9 208.7 209.2 211 213.4 217 220.4 223.9 227.7 232.3 235.4 236.7 240 241.3 241.4 241.1 240.2 238.5 235.2 236.3 236.1 239.7 243.4 248 251.5 251.3 256.4 253.1
202.3 198.2 195.6 195.5 195.9 196.1 196.6 197.5 198.4 199.1 200.2 201.7 203.2 203.4 205.6 208.7 212.4 215.9 215.3 215.5 214.5 214.5 214.5 214.2 213.5 212.4 211.1 209.8 208.5 206.5 205.9 205.7 204.2 192.4 193.9 191.4 191.3 192.6 192.9 195.3 204 206 206.6 206.6 198.4 206.9 208 207.2 208 208.6 209.7 210.9 211.9 214.1 217.2 220.3 224.5 228 230.9 234.4 237.1 239.4 240.9 241.6 241.2 240.7 239.4 237.5 237 238.7 241.8 247.8 255.7 261.6 263.5 264.9 265.2 253.5
200.4 196.6 196.7 197.4 198 199 200.1 201.1 201.5 203.3 204.6 205.3 205.9 207 209.8 213.2 215.7 215.6 215.3 215.2 214.5 214.2 214.6 213.9 213 212 210.9 209.4 208.1 200.8 200.9 201.2 198.1 193.5 193.4 192.6 194.3 195.9 203.3 206.2 207.5 208.2 209.1 208.4 202 209 209.2 209.2 210 211 212 213.5 215.3 218.2 221.3 224.3 227.3 231.4 233.6 235.8 237.8 240.1 241.8 241.6 240.7 239.7 238.5 239.3 239.8 243.6 251.4 261.5 269.5 272.5 273.5 274.2 274.6 272.2
199.2 197.7 198.7 200 202 202.5 203.3 204.1 205 206.8 207.9 208.3 209.9 212 213.9 215.9 216.1 216 215.8 215.3 214.7 214.2 214.2 213.7 212.6 211.5 210.8 210.2 202.8 204.8 204.4 197.6 196.4 193.6 194.1 196.5 196.7 204.7 207.8 209.3 210.6 210.9 211 211.1 199.5 210 210.6 211.6 212.7 213.7 214.7 216.4 219.5 222.3 225.1 227.9 230.6 233.8 235.9 237.3 239.1 241.1 241.9 241.8 240.8 240.2 241 241.4 243.6 252.8 261.2 273.5 278 279.2 280.6 282.6 281.9 280
198.5 199 202.5 205.3 205.7 205.6 207.2 208.4 209.1 210.2 211.3 212.6 214.9 216.1 216.4 216.9 217.3 217.4 217.1 216.6 215.7 214.6 213.3 212.6 212.1 211 207.7 207.3 206.3 206.1 204.5 196.5 195 195.4 195.2 200.9 206.9 209 211.2 212.2 212 212.9 212.9 214 200.6 211.8 213.1 214.3 215.4 216.5 218.1 220.6 223.7 226.8 229.3 231.5 233.3 235.6 237.4 238.8 240.4 241.9 242 241.9 241.2 242.1 243.1 245.2 252.4 263.5 274.9 280.1 284.3 286.9 290.1 290 287.9 284.3
200.2 202.8 205.4 206.5 207.9 209.5 210.6 211.6 212.5 213.9 215.4 217 217.2 218 217.9 218.8 219.2 219.2 218.9 217.7 216.5 215 213.6 210.8 209.7 209.8 209 208.5 206.5 206.3 199.3 197.1 196.1 201.3 207.5 211.3 212.8 213.6 213.7 217.7 218 217.8 213.7 206.9 204 215 212.9 216.6 218.4 219.5 221.8 224.6 226.8 230.1 232.4 234.4 236 237 238.5 240.1 241.6 242.2 242.1 242.3 243.2 244.1 246.7 253.7 263.1 274 280.8 288.8 293.7 296.7 297.9 296 292.1 286.8
203.5 206.7 208.7 210.2 211.6 212.8 213.8 214.8 215.9 217.5 219 219.4 219.6 219.9 219.5 219.9 220.3 220.6 220 218.8 217.1 215.6 212.4 209.3 209.3 210.3 210.1 209.3 206 200.1 198.7 197.8 197.3 210.9 215.4 217.3 218.3 218 219.2 221.5 218.7 214.5 213.5 213.8 216.8 211.2 217.6 217.7 221.8 223.8 226.6 229 230.8 233.1 235.5 236.5 236.6 237.3 239.4 241.1 242.2 243 243.3 244.5 246.2 249.8 255.4 261.6 272 281.4 290 297.6 302.5 304.7 303.2 298.6 292.8 285.8
207.9 210.6 212.1 213.6 215 216.3 217.3 218.3 219.3 220.3 222.2 221.5 221.5 221.1 220.6 220.9 220.9 220.8 220.8 219.5 216.7 213.8 210.2 213 213.5 212.1 211.6 211.4 202 199.8 199.4 198.4 211.7 216.7 220.8 223.2 222.1 219.7 218.9 218.7 214.6 214.7 215.9 216.6 218.9 217.9 221.4 224.1 225.9 228.9 231.2 232.8 234.9 237.1 238.6 238.8 238.6 239.6 240.9 242.7 244.3 245.8 245.7 248 251.6 255.5 261.3 270.2 282 290.9 301.7 308.9 310.7 308.7 303.8 297.9 289.9 281.9
211.4 213.9 215.4 217 218.4 219.7 220.8 221.8 222.8 223.2 222.7 222.7 222.1 221.8 221.2 220.9 220.9 220.8 220.7 219.2 215.5 212.2 214.5 215.3 215.3 214.1 212.3 204.8 202.2 199.6 201.1 215.2 220.7 222.5 219.6 220.5 218.9 218.3 216.9 216.9 216.9 217.5 218.5 219.6 222 223.3 220.5 229.4 231 232.6 234.6 236.4 237.6 239.4 240.4 240.7 240.7 241.9 243.2 245.1 246 247 250.2 253.5 256.8 260.8 269 279.5 290.7 301.1 309.6 312.4 311.8 307.6 301.3 294.4 287.3 280.2
214.6 217.2 219 220.4 221.9 223 224.1 224.9 224.4 224 223.6 223.1 222.4 221.8 221.1 220.7 220.5 220.6 220.7 217.7 214.4 212.4 214.7 215.6 215.1 214.4 208.6 205 204.7 204.3 220.6 222.7 224.2 224.4 225.7 228.1 227.2 224.3 220.6 221 220.4 221 221.7 223.4 226.2 228.6 228.4 233.3 235.1 236.4 237.5 238.9 239.4 240.8 241.5 242.2 243 244.2 245.4 246.9 248.1 251.6 255.6 258.9 262.4 268.1 275.8 287.8 295.8 304.2 309.2 310.9 308.8 304.3 297.4 291.3 284.8 278.2
217.6 220.5 222.6 223.8 224.5 225.4 226.3 226.9 225.6 224.8 224.2 223.5 222.6 221.8 221.1 220.6 220.2 220.1 218.9 216.8 214.1 213.8 215.9 215.3 215.3 211.5 207.5 204.4 205.1 218.5 226 229.7 230.6 230.4 230.7 229.6 226.9 223.6 223.2 224.3 224.1 224.6 225.9 228.3 231 233.1 235 237.2 238.3 239.3 240.2 241.5 241.6 242.1 242.8 243.6 244.7 246.6 247.7 250 252.7 255.9 259.8 264.4 269.2 275.4 284.7 293.3 302.1 306.3 308.2 308.1 305.2 300.6 293.5 288.4 283.1 277.1
220.4 223.7 226.1 227.5 228.2 227.8 228.3 228.6 226.6 225 224.2 223.4 222.3 221.5 220.5 219.5 219.1 218.2 216.9 215.6 216 217.2 216.8 215.4 210.3 209.3 207.8 206 205.4 225.9 231.4 233.4 231.5 228.7 227.9 226.6 226.3 228.1 227.5 228.2 228.2 229.5 230.9 233.3 235 236.2 237.2 233.9 240.3 241.4 243.1 243.4 243.6 244 244.7 245.8 246.9 249.1 249.8 254.1 256.9 260.8 265.4 270.8 274.9 283.6 292.3 299.7 304.7 306.4 306.2 304.2 301.3 297 291.7 287.1 281.7 276.7
226.6 226.9 228.8 230.1 230.6 230.3 229.8 228.3 226.7 225 224 223.2 221.8 220.7 219.7 218.6 217.5 216.5 215 216 217.8 219.8 219.3 215 209.6 208.7 208.1 210.3 221.8 230.3 231.8 229.9 230 229.7 229.1 231.1 230.9 231 230.5 232.5 233.5 234.9 236.5 237.4 238.4 239.4 240.4 236.9 242.3 244.7 245 245.2 245.6 246.3 247.1 248 249.1 250.5 253.4 257.5 261.8 265.8 270.5 276.3 283.5 290.1 295.9 300.9 303.1 304.7 303.9 301.6 298.8 294.7 290.9 286.4 281.8 277.4
232.7 229.7 231 231.7 231.2 230.5 229.7 228.4 226.3 225 224 223 221.6 220.2 219 217.9 216.5 216.6 218 219.1 220.5 222.6 223.2 215.4 211 212.2 217.4 232.4 234.4 236 235.8 236.3 232.8 231.5 232.3 233.3 234.1 234 236 237.7 238.2 239.1 239.9 240.7 241.6 242.7 244.2 239.3 247.2 247 247 247.3 248 249 250.1 250.7 252 252.5 256.5 261.3 265.9 271.6 276.1 283.3 288 293.1 298.1 301.6 304.1 304.4 302.5 300.4 298.2 293.9 290.5 286.3 282.3 278.1
231.8 232.3 232.2 231.8 231 230.1 229.2 228.4 226.1 225.1 224 222.9 221.5 220.1 218.7 217.6 219.1 221.4 221.7 222.7 223.8 225.6 227.5 215 211.6 212.7 225.3 235.3 237.5 238.1 238.2 237.2 234.8 234.4 235.5 236.5 237.5 238.6 239.8 241.2 241.7 242.3 243.1 243.8 244.9 246.8 248.3 245.3 249.7 249.5 249.3 249.5 250.1 251.2 251.8 252.6 255.5 257 260.8 264.4 271.8 277.2 283.6 287.9 292.7 296.7 300.6 304.2 305.4 304.7 303.3 301.1 298.6 294.6 290.6 286.8 283.1 279.4
236.9 237.2 235.9 232.9 230.4 229.4 228.5 227 225.9 224.8 223.6 222.9 221.4 220.2 220.8 221.5 223.5 224.9 225.4 226.2 227.4 228.5 230.1 215.2 211.7 214.5 226.4 237.4 239.4 239 238.6 237.9 235.7 236.8 238.7 239.8 241 242.3 243.3 244 244.8 245.5 246 246.6 247.3 249.6 250.5 246.5 250.5 251 251.5 251.7 252.2 252.8 253.5 255.2 257.1 258.3 262.4 269.7 276.9 282.9 288.1 292.6 296.5 300.3 303.6 306.2 306.5 305.9 304.7 302.7 299.8 296.5 291.9 288.4 285 281.9
236.6 236.9 235.8 233.7 229.7 228.4 227.3 225.7 225 224.2 223.5 223.9 223.9 225 226 226.7 227.5 228.3 229 229.8 230.9 232.4 233 225.8 212.6 219.8 227.4 235.7 239.6 239.6 238.5 238.4 239.2 240.9 241.9 243.2 244.4 245.6 246.4 247.2 247.9 248.2 248.8 249.5 250.2 250.9 251.5 251.3 252.6 252.9 253.3 253.6 253.9 254.3 254.5 256.6 258.6 263 265.7 276.4 281.8 287 291.5 296 299.9 303.4 306.3 308 308.3 308.4 307.2 305.5 302 298.6 294.4 290.8 288 284.4
238.8 234.4 234.8 232.7 229.5 228 226.6 225.2 224.8 225.2 224.9 225.8 227.3 228.5 229.1 229.6 230.6 231.8 232.5 233.4 234.9 236.3 226.8 215.5 216.3 224.5 230.3 234.9 239 239.2 240.6 241.7 242.7 244.1 245.1 246.5 247.7 248.6 249.5 250.4 250.9 251.1 251.5 252 252.6 253.1 253.1 253.2 254.1 254.7 255.3 255.7 256 256.1 257.2 261.3 263.7 263.5 272.9 278.8 284.7 290.4 295 298.9 302.9 306.1 308.8 309.8 310.6 311 310.4 309.3 305.8 301.6 297.2 293.9 291.1 289.2
237.4 234.1 231.9 230.1 228.9 228.3 228.5 228.5 228.4 228.7 228.3 229 230.7 231.6 232.1 232.7 234 235.3 236.3 237 238.2 238.5 218.5 218.6 230.2 226.7 232.1 236.4 240.4 242 243.6 244.7 245.3 246.9 248.3 249.7 251 251.6 252.4 253.2 253.7 253.9 254.1 254.5 255 255.5 255.3 256.2 252 256.5 257 257.8 258.7 260.6 263 265.3 265.2 268.6 277.6 281.7 288.3 293.2 297.5 301.2 305.5 309.2 311.5 312.3 313.3 314.3 314.9 312.7 309.3 305.7 300.9 298 295.8 294.5
235.7 233.3 231.4 232.1 231.7 231.6 231.7 231.8 232 232.2 232.2 232.6 234.2 235.2 235.8 236.3 237.5 238.8 240.1 240.6 238.6 221.4 220.6 221.8 240.3 229.4 230.2 241.2 244.1 244.9 246.4 247.6 250 251 251.8 253.3 254.3 254.5 254.7 255.4 256 256.5 256.7 257 257.4 258 257.7 257.6 255.2 258.5 260 260.8 262.5 265 268 272.3 267.5 274.8 280.1 286.3 290.6 295.2 299.7 304 307.9 311.2 314 315.3 316.4 317.6 317.3 315.4 312 308.4 305.3 302.9 302.4 300.8
233.7 235.3 235.5 235.7 235.2 234.9 234.9 234.9 234.9 234.9 235.6 236.2 237.7 238.8 239.4 240 240.8 241.7 242.7 242.9 225.5 223.6 238.2 243 244.5 224.5 227.1 240.3 247 248.2 250.1 251.5 253.5 254.4 255.2 256.6 257.1 257.3 257.5 257.7 258.4 258.9 259.4 259.6 259.9 260.4 260.1 260 260.5 261.4 262.8 263.5 267.3 269.8 272.3 274.4 273.3 277.6 283.5 288.1 291.8 297.1 301.6 305.7 309.8 313.3 316.3 317.7 318.2 318.5 317.7 315.6 313.9 311 308 305 305 302.3
