data/280000-760000.asc
ncols 200
nrows 200
xllcorner 280000
yllcorner 760000
cellsize 50
[rows 0 to 34 of 200, columns 78 to 155 of 200]
464.3 462.6 457.1 450.5 444.3 438.8 434.9 430.1 425.4 419.4 408.3 417.9 421.4 426 428.2 429.7 430.1 430.2 429.4 427.6 427.5 427.2 427.2 427 424.2 419.1 410.8 425.8 431.5 437.2 441.8 448.8 455.1 460.7 467.8 475.9 484.1 495.4 509.3 519 526 531.6 536.4 539 539.5 542 543.3 544.7 544.7 545 545.6 544.4 541 534.5 524.8 513.5 501.4 489.7 480.2 470.7 461.6 452.8 444.2 433.5 423.4 412.3 401.6 389.2 379.7 367.4 353 344.5 342 340.7 328.2 293 268.7 273.4
451.9 455.1 453.7 447.9 441.8 437.3 432.3 429.4 425.2 412.8 407.3 417.9 419.3 423.1 425.3 425.3 424.8 425 425.2 424.1 423.6 423 423.2 423 420.4 408.9 412.2 427.7 432.6 437.2 442.8 450.8 457.9 465.6 471.4 477.3 491.4 504.8 514.8 522.7 530 535.5 539.2 539.8 539.3 538.2 539.3 540.1 539.6 538.7 537.9 536.6 534.9 529.1 520.9 510.2 499.7 487.2 478.3 469.4 459.5 450.7 442.2 432.3 422.2 411.5 399.5 384.1 374.6 365.1 352.3 341.4 339.3 338.3 327.9 309 270.8 246.3
441.3 443.7 445.4 443.2 437.4 434.3 430.8 426.6 423.1 406.6 416.7 416.8 416.8 419.6 421.2 419.8 420.8 420.4 420.4 420.2 419.3 418.5 417 417.9 409.5 400.3 420.2 426.4 431.1 435.3 443 450.9 460 468 473.8 485.9 498.3 510.3 518.3 525.7 533.5 539.9 541.1 542 541.9 539.6 535.4 534.6 533.8 532.1 530.9 529.6 530.4 525 516.1 504.7 495.7 484.7 474.7 466.7 457.5 449.1 440.6 431.3 420.2 408.4 396.5 384.3 374.4 361.9 349.7 340.1 333.4 333.7 325.4 309.8 292.7 274.9
429.9 432.5 435.5 435.3 434.4 429.2 428.1 424.9 419.7 402.7 415.3 415.4 414.8 416.5 417.2 417 417 416.3 415.7 415.3 414.9 413.1 414 414.1 397.1 407.5 419.7 424.9 428.3 433.9 441.3 451.5 461.6 471.4 481.3 492.9 504.6 514.2 522 529.2 536.6 541.7 543.5 544.4 544.3 540.7 535.2 530.7 528.1 526.3 524.3 522.6 522.8 518.1 510.6 500 490.5 481.7 471.8 463.3 454.9 446 437.9 429 419 407.6 395.8 383.6 370.8 356.9 346.2 338.6 328.6 327.9 321.1 309.1 293.1 272.3
416.6 420.9 422.9 424.5 423.8 423.9 423.5 420.2 398.8 410.6 414.2 414.4 412.7 412.7 414.3 413.6 413.4 411.9 411.5 411.3 410.2 408.8 408.7 406.4 393.6 412.7 417.9 422.3 427.8 438.8 446.4 454.8 465 474.5 486.4 498.3 509 517.8 525.9 532.8 538.9 543.8 547 547.3 545 540.2 533.8 528.6 524.8 521 519.4 515.5 513.4 508.9 502.2 494.9 486.9 478.1 468.5 460 451.3 443.1 435 426.5 417.3 405 393.6 383.1 373 359.4 348.1 339.9 329.8 321.9 316.7 308.3 290.9 268.8
408.7 409.8 411.3 413.2 416 416.1 416.6 413.7 399.6 410.6 412.8 411.2 410.6 412.3 409.3 409.4 411.6 410.5 406.6 405.8 403.2 403.9 404.6 393.1 396.2 409.3 415.2 420.2 427.2 437.9 445.9 455.5 465.6 476.5 490.3 503 512.4 521.3 529.1 535.9 539.8 545.5 550 549.6 545.6 541.5 536.9 527.6 520.5 516.1 513.2 509.8 504.6 500 495 487.8 482 474.1 465.2 457.2 449.6 441.8 432.9 423.9 415.6 404.7 394.1 384.1 373.6 361.2 350.5 340.4 330.1 319 315 303.6 288.6 267.4
398.8 401.5 403 404.4 406.7 407.8 408.2 402.9 400.1 411.3 411.5 408.5 412.5 411.8 409.8 404.7 407.3 407.1 403.3 401.1 401.9 400.5 401.3 385.9 401 409.3 413.3 419.2 426.3 436.1 444.9 454.6 466.9 479.5 492.9 505 514.4 522.5 528.8 534.7 537.9 543.6 548.6 548.2 543 538.4 534.3 526 517.6 511.6 507.1 501.9 497.2 493 488.5 481.4 475.1 469.1 462.8 455.6 448 440.6 432 422.3 413.9 402.7 393.9 384.5 373.3 362.2 353.9 342.7 332.3 318.9 309.7 299 285.3 265.3
390.2 391.8 392.9 394.4 397 398.2 400.9 383.9 396.9 403.4 407.5 411.7 412.1 411.1 410.2 407.7 399.9 397.9 399.6 398.4 399.2 396.5 398 381.6 401 406.1 410.6 416.9 424.2 434.3 442 455.2 468.1 481 494.3 505.8 513.9 521.8 526.9 531.7 535.6 540.4 542.7 542.5 538.8 535.3 530.1 522.5 515.2 507.8 500.4 495.1 490.7 487.2 482.9 477.6 470.7 465.5 459.7 453.4 446.7 439.8 430.6 420.6 412.6 402.2 393.4 383.9 373.3 361.4 351.6 341.4 329.4 316.5 305.3 295.1 280.9 263.1
375.3 379.8 382.3 388.1 381.3 378.8 383.1 391.5 396.5 404.8 410.7 411.1 411.3 410.1 409.5 406.4 406.1 400.6 393.6 392.8 392.6 391.2 389.7 377 396 401.7 405.4 413.9 421.9 430.5 441.4 454 467.8 481.3 494.1 505.5 512.7 519.1 524.6 530.4 534.7 538.5 537 534.8 536.1 529.8 523.6 517 509.5 502 494.6 489.1 485.5 481.4 478.2 473.1 467.9 462.5 456.8 449.9 444.5 437.6 429 420.1 411.2 401 391.5 382.8 373.7 363.5 350 337.5 327.3 315.7 303.4 289.4 277 257.8
360.8 366.1 374 365.6 372.3 383.7 391.2 397.3 403.3 405 408.2 409.3 409.6 410 410.5 410.1 406.5 402.4 395.6 391.4 390.2 389.6 381.6 375.3 392 398.7 401.7 406.9 414.3 428.3 440.3 453.2 467.3 480.4 493.5 504.1 511.5 516.7 521.9 529 535.9 533.4 529.8 528.7 528.3 523.1 516.4 509.7 503.5 496 488.7 484.8 482 476.9 471.5 467.5 462.8 458.8 453.5 448.1 442.3 435.3 426.9 418.2 410.2 399.9 390.5 382.3 372.7 361.9 349.2 337 326.2 316.3 305.3 288.2 272.1 251.5
352 359.9 360.9 366.7 380.1 385.7 393.9 402 402.4 404.2 404.9 409.2 411.4 413.5 412.4 408.6 404.3 400.3 394 389 385.9 386.3 373.8 380.1 392.5 395.8 403 410.8 416.8 427.8 438.3 452.7 466.7 479.2 492.3 501.3 509.6 515.2 520.3 526 529 528.6 523.4 523.8 521.1 514.3 508.9 502.5 497 490.3 483.8 481.1 478.4 472.1 466.8 461.8 458.4 454.5 449.9 445.5 439.9 433 425 415.8 408.5 399.7 390.2 381.5 372.2 362.3 351.7 338.6 325 315.4 304.4 286.4 266.7 253.6
346.6 354 360.1 368.4 374.7 381.5 392.6 398.3 399.4 399.4 401.5 405.5 410.8 411.7 409.1 407.2 403.1 397.5 392.9 388.8 382.3 382.7 366.6 372.8 385.2 393.4 400.5 409.1 414.4 426.7 439.7 453.9 466.1 478.2 490.9 500.4 508.1 514.9 518.5 523.5 523.7 522 517.8 515 511 506.1 501.2 495.7 490.1 483.9 477.4 474.8 471.3 466.4 460.9 456.8 454 449.8 445.4 441.3 436.6 430.4 422.8 414.5 407.4 398 390 380.9 372.4 363.3 352.5 341.8 327.9 314.5 300.2 281.6 264.5 256.1
339.6 344.4 356.7 363 369.7 375.9 381.2 390.9 392.6 395.7 398 401.6 405.1 406.7 406.5 404.7 401.7 398.1 394.2 388.3 383.9 378.8 361.6 368.4 380.5 392.5 399.2 404.6 412 427.2 440.6 453.5 465.7 479.1 490.6 499.7 506.5 513.4 517 520.7 519.2 515.3 510.5 504.6 500 496.5 493 487.1 481.4 476.2 471.2 467.6 463.5 459.5 453.8 450.2 447.6 445 441 437 432.7 426.5 419.6 413.1 405.9 398 389.5 381.1 372.5 362.9 351.7 341.7 328.4 311.9 297.1 278.4 264.9 256.3
332.7 346.2 354.5 359.7 366.8 368.6 376.2 381.4 384 390.4 391.4 395.9 396.4 400.1 400 399.7 397.5 396.1 392 388.6 380 373.8 359.5 364.4 377.1 388.3 395.1 401.7 415.4 428.4 442 453.6 466.3 478.6 489.1 499.2 506.4 512.3 516.7 515 513.2 508.7 502.4 496.5 491.1 487.8 482 478 474.5 470.1 465 460 455.6 451.8 448.7 444.5 442.1 439.4 436.3 432.6 427.8 422.4 416.4 410.7 404.6 396.5 388.5 379.6 370.8 360.5 347.6 335.9 324.3 311.9 295.8 278.1 265.8 255.7
333.2 338.4 349.2 353.7 359.3 362.5 369.3 374 379 383.3 384.5 386.4 389.6 393.9 394.4 394.8 395.2 391.1 391.7 386.3 378.4 358.8 353.2 367.7 377.8 384.6 391.8 402.5 416.9 430 442.4 453.4 464.8 477 487.8 500.1 507.7 514.1 515.7 513.2 509 503.7 496.6 488.8 483.9 479.3 475.8 471.1 467.6 463.2 458.2 453.1 448.5 446.2 444.1 440.2 436.7 433.8 431.2 428 423 418.2 411.7 407.3 401.9 394.7 387.5 379 370.5 360.6 344.6 332.4 321.2 307.2 294.1 278.3 262.9 253.5
325.8 332.7 344.5 346.4 352.7 356.6 363 369.3 371.8 374.9 377.9 380.4 384.4 387 389.1 389.9 388.2 390.9 388.4 379.6 372.4 361 349.6 370 375.1 382 388.5 402.9 417.8 430.2 441.3 452.9 463.3 475.4 487.8 500.2 510.2 517.7 516.8 511 505.5 499.1 492.9 486.1 480.2 473.2 467.8 464.8 460 455.7 451 446.9 444.5 441.6 439.6 436.9 432.6 429.9 427.2 422.6 418.4 412.3 406.1 402 397.7 391.6 384.3 376.5 368.7 359.7 348.4 332 321.4 310.2 292.8 276.5 263.6 250.2
334.7 322.6 338.5 341.4 345.7 352.2 356.7 360.7 364.1 367.1 369.9 374.1 378.4 380.4 381.4 383.2 388.1 383.5 379.1 374.2 366.1 354.8 348.1 367.3 373.8 378.8 389.5 403.8 417 428.5 439.8 451.5 462.4 474.1 487.1 499.4 512.2 516 516.7 511.3 504.1 497.5 491.6 483.9 477.7 469.9 462 456.8 452.5 448.2 443.8 440.2 440.1 438.4 436.3 433 428.2 425.2 421.7 417.2 413.3 406.3 402 397.2 393 388 381.6 374.4 367.3 357.1 345 335.5 323.6 309.1 292.2 273.5 255.8 244
336.8 320.7 327.8 336.3 340.5 346.5 348.5 351.2 356.3 359.2 363.9 365.7 369.7 374.3 376.2 377 380 373.4 370.3 366.6 358.8 344.8 353.1 366.7 371.1 375.4 388 401.4 414.6 425.5 437.3 448.5 460.2 471.4 486.5 495.8 504.8 512.1 513.5 509.9 505.1 498.5 491 483.5 475.7 467.2 459.9 453.1 448.2 443.2 438.3 437.9 436.4 434.3 432.7 429.2 423.9 419.7 415.7 410.9 405.9 401.8 398.1 394 389 384.2 379.2 372.3 365.3 355.6 341.4 329.3 317.3 304.3 290.3 270.4 254.3 242.7
336.4 328.2 322.7 329.4 334.7 338 341 343.8 349.2 354.3 357.7 360.3 366.2 367.8 368.2 375.3 370.4 365.5 362.7 361.2 349.6 338.6 353.5 365 366.7 374.3 384.5 397.9 409.8 421.4 433.5 445.7 457.1 466.7 478.3 487.6 497.7 507 511 508.2 504.1 498 490.2 482.9 476.1 467.4 459.7 452 445.5 440.7 436.8 435.4 432.9 430.7 428.4 425.6 421 415.5 411.9 406 402.3 397.9 393.8 389.7 383.8 378.9 374.6 369.3 363.1 353.2 337.5 324.8 311.4 303.3 289.9 272.1 257.1 241.2
333.3 329.9 318 323 326.3 329.1 332.1 337.8 341.4 347.3 353.4 357.3 357.2 360.8 367.3 368.1 362.4 358.2 357.1 356.6 345 337.1 353 360.8 363.7 373.1 381.7 393.8 405.1 418.4 430.1 440.4 447.9 459 469.5 482.8 493.5 501.2 503.8 503.8 501.9 496.3 489.2 481.9 475.6 467.5 459.6 451.4 444.3 440 436.5 432.2 429.8 427.6 425.5 422.3 416.7 412.2 407.5 403.5 399 394.4 389.4 384.5 378.7 375.4 370.6 364.8 359.7 353.2 340 328.3 315.3 303.5 288.1 271.1 255.3 241.1
332.4 330.7 320.3 316.7 320.4 322.6 327.2 330.4 334.8 339 344.5 347.1 354.2 358.8 359 358.5 355.6 352.6 351.4 348.9 332.7 338.6 351.6 355.7 360.8 372 380.3 389.5 401.5 413.4 424.2 432.7 440.1 453.5 462.7 478.1 490.4 496.9 498.7 498.3 495.8 492.7 488 481.5 474.5 466.3 457.8 450.4 444.5 439.4 435.6 432 427.8 424.9 422.9 419.5 415.2 410.5 406.1 401.7 396.7 390.4 384.3 379 375.3 370.7 366.8 362.1 358.4 352.9 342.8 330.5 314.6 300.9 286.7 270.7 259.2 250.1
334.1 332.5 327.2 317.7 313.5 317.9 322 323.7 325.4 331.6 336.8 342.9 350.6 349.3 348.2 347.8 348.1 347.3 346.9 342.2 330.9 339.9 348.3 350.2 358.4 369.3 377.4 385.7 397.2 406.9 416.5 425.1 437.5 446.4 454.9 470.4 484.3 492 494.4 493.3 490.2 487.5 484.2 478.4 470.3 462.9 454.4 448.7 441.1 437.4 434.4 431.1 427.8 424.5 420.6 417.3 411.7 408.2 402.4 399.2 393.7 389.5 381.3 371.2 369.4 366.3 363.2 359.7 355.7 350.1 341.9 331.9 317.4 302.3 286.7 272.3 264.1 255.7
332.9 332.1 328.4 323.1 316.6 311.9 317.3 317.9 318.4 325.1 334.5 338.7 339.5 342.2 340.9 340.8 340.9 342.6 343.1 338.1 321.9 337.8 343.6 344.4 354.9 364.5 372.7 381.3 392.7 402.9 409.1 420.1 430.9 439.1 446.7 459.1 472.6 483.2 487.8 488.4 487.5 484.9 479.4 473 465.4 457.1 450.2 443.8 439.7 436.9 434.2 431.6 428.8 425.4 422.1 418.6 415 411.2 405.8 400.1 395 388.9 382.2 374.8 369.6 361.9 355 355.6 352 346.4 338.2 327.7 314.7 303.7 289.1 273.9 264.1 244.8
334.2 331.6 329.6 325.4 321.1 315 306.9 312.5 315.4 321.2 327.9 330.2 332.8 333 334.3 336 338.4 340.2 338.3 333.6 328.8 320.5 334.7 341.7 351.5 360.3 367.5 376.8 388.4 397.2 407 416.9 424.6 430.8 437.9 450.2 461.9 470.8 477.4 480.2 481.8 480.7 476.3 469.7 461.7 453.7 448.2 444.7 440.5 438.3 436.2 434.2 431 427.4 424.1 420.6 416.8 411.6 407.2 399.9 394.7 389.1 382.6 376.8 371 365.9 359.9 353.3 345.8 342.9 336.3 329.7 316 306.5 292.6 275.8 249.6 224.8
337 332.8 330.8 329 322.9 317.9 311.4 304.7 312.2 315.7 318.8 321.4 324.7 326.9 326.6 330.9 335.2 335.9 333.2 329.8 324 309.3 321.2 339.8 346.8 355.6 364 372.7 383.3 392.7 403.4 412.4 419.4 424.7 431.3 441.8 453.4 461.4 466.7 472.7 476 474.4 469.8 463.7 460.3 456.4 451.4 450.1 447.9 446.8 444.1 439.7 435.2 431.2 428.4 424.6 419.6 413.1 406.4 400.3 394.9 389.4 382.9 376.7 370 364.8 358.9 352.9 347.1 340.5 329.7 322.6 311.6 303.9 289.8 274.7 260.2 244.6
337.6 334.1 331.9 329.2 325.6 321.2 319.9 315 301.4 304.3 311.1 313.1 315.4 318.8 321.1 325.1 328 327.5 327.2 326.6 320.4 307 324.1 337.4 344.7 355.1 360.5 368.9 378.1 388.8 398.8 407 413.3 419.3 426.3 436.3 446.3 452.6 457.6 464 467.6 467.3 463.3 461.7 460.8 459.8 464.1 464.9 457 451.7 448 444.5 440.4 436.6 432.7 426.8 422 414.5 408 399.8 395.8 389.2 383.7 375.6 367.5 362.8 356.8 351.5 346.6 342 335.9 327.9 317.7 306.7 293.4 279.7 268 247.5
340.5 337.6 334 332 330.3 325.7 325 321.3 315.6 309 301.1 303.7 307.8 310.1 313.5 316.8 319.6 321.4 325 324.2 317.2 302.3 322.2 333 341.3 351.8 357.2 364.9 373.6 386 394.8 400.9 406.8 413.6 422.1 430.2 437.7 443.3 447.8 453 457.5 458.3 459.7 459.7 465.5 474.6 472.9 465.6 458.5 455.1 453.3 449.6 445.7 439.9 433.9 427.9 423.4 418.1 409.4 401 395.3 388.3 380 372.1 366 360.2 355.3 351 346.5 342.1 337.9 329 319.3 309.3 296.3 281.9 271.2 259.2
344.2 341.2 338 334.3 333.2 332.5 328.3 324.5 320.4 315.1 307.6 297.1 295.5 301.7 304.6 307.6 311.2 316.1 320.5 318.9 313.6 298.8 318.3 329.4 337.6 348.4 353.9 359.9 369.4 384.7 391.4 396.3 401.7 409.4 417.7 424.3 429.1 436.3 440.2 444.1 447.2 450.8 455.8 463.4 464.2 466.7 464.9 461.8 458.3 457.6 458.6 454.4 447.6 442.5 434.1 429.9 427.9 422.1 409.7 400.3 391.5 383.3 374.9 370.9 362.4 357.7 354.1 350.3 346.4 341.8 336.4 327.2 318.9 312 300 283.3 271.2 257.7
347.8 343.7 341 338.6 336 335.2 332.4 328.3 325 318.7 314.8 311.8 305.9 294.1 295.3 298.4 301.6 305.8 309 310.5 302.6 296.3 312.6 324.3 333.6 343.5 350.1 355.9 366.6 380.1 387.2 392.5 397.5 405.9 411.2 416.4 422.6 430 433.8 436.6 437.8 441.6 445.5 449.9 452.4 453 454 453.9 455 458.3 459.7 452.2 444.1 438.6 434.4 429.4 420.7 412.6 405.6 396.2 387.5 378.8 374.2 367.6 359 354.3 351.6 347.4 344 340.3 332.9 326.4 321.2 311.5 300.2 283.9 269.6 257.7
351.1 349.2 345.6 343.5 339.5 336.4 333.8 330.8 327.7 322.8 318.1 315.8 311.8 307 300.2 287.7 288.2 293.2 296.5 298.9 296.9 293.5 305.7 319.4 330.8 339 345.3 353.7 363.4 372.9 381.6 387.1 394.3 401.4 406.9 411.7 417.3 424.9 427.8 429.8 431.3 433.7 434.4 436.9 440.5 443.2 447.7 455.8 462.3 457.6 452.9 445.5 438.6 433.3 425.7 421.6 414.5 407.7 402.4 393.2 384.3 378.4 370.2 361.4 355.7 352.1 348.2 344.5 341.3 337.2 332.7 330.1 322.5 310.4 301.4 283.7 268 256.7
358.2 355 352 347.9 344 339.8 336.6 333.2 331.2 327.2 322.8 320.1 315.1 312.6 307.9 302 294.4 290.6 283.4 286.7 293.3 289.4 298.5 313 326.8 332.1 339 351.1 360.6 368.5 375.7 382.2 390.1 395.8 400.5 404.5 410.2 415.7 419.8 423.4 426.1 428.1 428.8 428.6 429.9 432.1 434.4 439.5 446.1 444.8 441.9 440.7 434.5 425.6 421.8 414 407.4 404 396.5 387.9 382.6 373.9 364 357 352.4 348.2 346.2 342.5 339.9 336.3 333 326.2 314.9 310.2 296.3 281.4 265 253.6
364.9 360 356.6 353 348.8 344.5 340.1 337.5 334.3 330.2 326 323 318.3 315.8 312.1 307.9 302 294.2 289.1 282 284.9 282.8 294.4 306 317.7 326.1 335.8 348.8 356.8 363.4 370.5 378.5 383.8 390.3 393.7 397.7 401.7 406.8 412.4 418.3 420.9 422.1 423.2 423.1 424.1 425.4 426.5 427.5 430.6 431.3 430.5 428.6 424.8 418.8 413.1 404.8 400.8 394.9 388.4 382.5 377.3 369.4 360.8 355.5 350.6 346.1 344.3 339 339.1 336.5 330.5 319.1 313.5 302.7 290.5 279.1 261.7 249.9
371 366.1 360.2 357.2 353.4 349.2 344.4 341.6 337.6 333.2 328.9 325.5 321.9 317.5 314.2 311.9 307.4 300.4 294.4 287 277.7 282 288.6 298.8 312.3 324 330.8 345.8 353.3 359.2 366.4 372.9 380.1 385.3 388.7 392 395.7 399.8 405.9 412.3 413.5 414.7 416.7 417.4 418.6 420.1 422.2 423.4 423 422.2 421.1 420 417.6 413.4 406.9 398.2 390.4 385.5 382.6 378.1 372.3 366.8 361.7 356.6 349.5 344.1 341.9 338.8 334.3 331.1 324.9 317.8 307.8 297.7 288 274.1 255.9 243.4
377 370.8 365.4 361.5 356.9 352.3 349.6 346.7 341.5 336.3 333.7 329 324.2 322 319.7 314.8 310.1 304.2 299.2 291.1 283.6 274.2 283.7 291.6 305.1 315.3 325.1 338.6 347.2 355.3 360.7 368.3 374.5 380.8 384.4 387.2 389.5 393.6 397.7 402.3 404 407 410.3 411.4 412.2 415.4 418 419.3 418.8 419.3 418.5 418.6 417 416.1 406.8 397.5 391.5 389.7 385.4 381.1 373.6 368.1 363.8 358 348.2 341.5 342.1 334.8 330.9 326.6 320.1 311 300 290.5 280.5 270.2 251.5 239.1
383.3 376.9 372.7 368.9 364.1 358.6 355.1 352.3 346.4 342.6 339.7 335.8 333.4 330.9 326.1 320.2 314.1 307.6 303.8 297.5 289.5 281.5 272.7 286.1 295 305.8 318.2 331.9 342.4 350.1 356.2 362.9 370.2 375.8 378.1 380.7 383.3 386.4 390.3 393.2 396.1 399.1 402.9 402.9 405.7 409.9 412.9 414.6 414.4 415.9 417 418.4 418.4 414.7 411 408.8 405.1 396.9 391.6 385.8 376.5 370.1 362.8 355.9 348.8 342.7 336.2 333.5 327 318.4 312.1 302.4 287.1 277.6 266.6 255.1 245.9 235.5
