data/290000-790000.asc
ncols 200
nrows 200
xllcorner 290000
yllcorner 790000
cellsize 50
[rows 68 to 101 of 200, columns 0 to 77 of 200]
941.8 937.9 933.8 930.6 927.6 924.4 923.6 922.1 920.2 918.7 917.8 916 913.3 910.2 907.3 901.7 897.4 894.7 898.9 896.3 896.1 886.9 882.9 881.6 873.7 869.7 868.7 864.1 865 862 853.4 852.5 861 857 853.6 859 863.2 865.6 869.7 872.1 879.1 883.3 888.7 900.2 905.7 906.6 914.6 918.2 922 924 924.9 927 928.3 929.8 932.2 933.1 932.8 932.7 932.8 933 936.2 939.6 943 945.6 947 949.1 949.6 948.4 946.9 944.7 942.9 942.3 942.6 944 945.9 945.1 947.6 952.8
942 937.9 933.8 929.3 926.5 924.4 923 920.6 918.7 917.5 916.6 915.3 912.7 910 906.9 903.1 901.7 899 900.8 900 899.7 897.4 888.9 884.3 876.4 872.3 872.5 872.4 869.4 866.4 867.9 864.2 866.5 860.7 854.4 859.2 867.8 866.5 869.5 876.7 882.6 887.1 893.4 900.1 900.7 909 917.6 920.9 921.4 924 925.1 925.2 926 926.7 926.7 928 927.7 927.5 928.3 930.9 935 937.7 939.3 939.5 940.6 941.7 941.9 940.6 938.4 936.1 935.4 934.7 934.6 936.1 937.4 939.2 942.1 949.3
941.7 937.8 933.7 929.4 926.8 924.9 924.1 922.6 919.9 916.8 915.9 914.1 911.8 909.3 907.7 905.6 905.4 903.8 901.8 902.5 903.5 899.1 893.5 890.8 881.9 881.2 878.4 875.4 871.8 870.8 872.9 871.3 869.3 864.3 855.2 861.1 868.7 872.7 872.6 880.1 885.9 894.3 899.1 893 906.4 911.1 920.7 923.3 923 923.5 923.9 922.9 922.9 923.4 923.4 923.1 922.9 923.3 925.5 930.1 933.3 935.4 935.9 934.9 934.4 934.4 933.9 931.8 930.2 929.9 929.7 928.8 928.7 929.5 930 933.1 938.8 947.1
941.9 937.6 933.7 930 927.6 926.6 925.6 923.9 921 917.7 915.1 912.9 910.6 908.4 907.7 906.5 907.2 909.1 904.6 904.5 905.8 903.2 898.6 893.8 886.2 885.3 876.9 876.4 878 877.3 876.2 876.3 871.3 863.3 856.5 866 868 872.3 873.2 878.9 888.3 896 893.8 898.9 909.9 918.9 927.5 927.2 925.6 924.2 922.7 921.3 920 920 919.2 918.7 919 921 924.5 930.2 934.5 934.7 932.7 930.7 929.5 929.4 927.9 926.5 925.6 925 924.8 924.8 923.6 923.8 926 931.5 938.5 946.7
943.2 938.7 934.3 931.6 929.8 928.6 926.6 924.1 921.3 918.1 915.4 912.2 909.7 907.9 908.3 907.6 906.7 909.4 905.5 904.5 908.3 905.4 900.7 893 888.3 883.2 877.6 876.6 878.5 878.7 872.9 872.7 871 861.1 858.4 869.3 866.9 870.2 873.9 883.6 890.5 897.5 895.1 904.6 920.7 925.7 928.4 927.7 926.8 924.8 922.1 920.7 918.7 916.5 915 915.6 916.3 918.7 923.7 929.3 934.2 932.3 929.5 927.8 925.8 924.4 923.2 922.3 921.4 920.4 920.6 919 917.9 919 923.9 929.8 936.4 943.4
944.3 939.8 936.8 934.1 932.1 931 928.8 924.9 921.7 918.9 916.3 912.6 909.4 907 906.8 906.5 905.8 904.5 904.2 903.9 905.9 904.3 898.7 892.7 886.1 883.2 880.3 881.5 881.9 881.9 873.5 869.5 869 861.3 863 869.5 867.5 873.3 875.3 884.5 890.4 899.3 896.6 906.3 924.7 928.9 929.1 926.7 925 924 921.5 919.4 917.1 914.3 912.7 913.2 913.6 918.1 923.2 928.2 931.5 928.2 924.3 922.5 920.8 920.1 919.3 918.1 917.2 914.5 912.3 911.6 912.8 917.1 922.1 928 933.7 939.2
944.7 941 938.6 936.4 934.5 933.5 930.7 927.9 922.3 919.8 917.3 913.7 909.8 907.3 905.4 904.1 904 904.5 906.2 905.7 903.7 903.5 900.9 896.4 893 888.1 880.4 884 884.5 880.4 873.4 872.1 870.9 864.6 864.8 866.8 866.9 871.2 879.1 881 890.8 898.8 900.5 906.9 921.4 929.3 928.4 925.7 923.5 921.7 919 916.5 914.9 911.7 910.6 911.2 911.9 915.3 920.3 925.3 925.9 922.5 920 917.3 917.5 915.8 915.6 912.7 909.3 907.8 906.5 907.2 911.3 915.6 920.9 926.2 932 937.8
944.9 941.4 939.3 937.8 936.9 935.4 932.2 929 923.8 920.8 918.3 914.5 911.1 908.1 905.5 903.9 902.7 903.7 903.5 905.4 906.4 903.7 902 896.1 892.1 887.8 883.8 882 883.7 879.3 874.9 876 868.8 868.6 865.7 866.3 866.9 867 876.6 884.6 888.4 894.4 904.7 911.9 919.3 924.7 924.1 921.7 920 918.5 916.4 914.9 911.6 908.6 908.7 909.4 910.2 913.3 917.2 919.9 918.8 915 912.1 912 910.9 909.1 906.4 900.9 902 901.6 901.6 905.9 910.1 915.3 919.9 924.9 930.3 936.4
944.8 941.7 940.7 939.5 938 936.1 933.2 929.9 925.1 922.7 919.7 917.1 912.9 908.8 905.5 903.3 900.9 900.2 899.5 902.9 906.6 902.4 899 896.6 895.5 891.5 886.9 884.8 886.4 882.2 879 875 870.8 867.7 862.7 864.6 865 867.8 875.7 881.1 886.2 888.7 904 908.4 915.9 917.7 919.8 918.2 916.7 915.2 913.4 910.1 907.5 907.2 907.1 907.4 908.8 911.2 910.9 912.6 910.7 907.2 905.6 903.3 901.6 900.5 897.5 895 895.2 897 899.3 904.3 910.3 915.7 920.3 924.8 929.4 932.6
941.2 942.3 941.4 940.2 938.2 936.3 934 930.5 926.6 924.6 921.8 916.9 912.8 909.5 906.2 902.8 900.1 898.6 897.8 900.9 901.6 902.2 901.3 900 899.3 892.5 890.6 887.5 887.6 883.3 875.1 871.7 871.4 863.9 862.7 862.7 864.4 868.4 873.8 876.9 883.7 887.3 896.6 906.2 910.6 913.5 915.7 914.5 913.3 910.8 908.9 904.9 904.8 904.3 904.2 905.6 907.7 906.6 906.3 903.5 901.4 900.3 899.2 899.7 897.1 894.6 892.4 892.3 893.6 895.3 897.1 903.2 910.4 915.9 920.8 925.2 927.5 928.7
940.6 942.6 942.2 940.4 938.3 936.5 934.8 931.2 928.8 926.5 923.8 919.6 915.4 911.8 907.5 902.9 900.3 898 897.4 898.6 899.3 901.7 905.5 904.8 901.3 898.2 893.7 892.8 888.9 884 878.1 874.1 866.8 862.7 862.7 863 865.5 868.1 871.2 874 879.8 883.5 892.1 899.9 905.6 909.1 909.8 909.2 907.7 903.7 902.6 900.6 901.9 901.7 901.8 903.8 902.9 901.2 900.5 897.2 896.7 895.6 893.6 893.1 891.6 890.3 890.4 890.9 892.1 893.8 895.5 899.6 905.9 911.9 917.3 921 924 924.6
939.9 942.2 942.6 940.5 938.5 936.9 935.3 934 931.8 929.4 926.5 922.3 917.3 912.7 909.1 904.6 900 899.1 897.2 896.8 897.1 899.4 903.9 903 902.8 904.1 899.2 893.4 889.1 882.7 877.2 868.7 862.7 862.7 862.7 865.1 865.5 867 868.8 872.3 875.9 881.2 888.4 895.5 900.8 903 902.9 902.6 900.3 898.4 897.2 896.8 897.6 898.3 899 899.5 896.2 895.6 892.9 893.4 893.3 890.8 891.4 890.3 889.8 889.8 890.1 890.7 891.7 893.6 895.2 901.3 904.2 906.8 911.9 916.5 918.2 918.1
939.5 941.5 942 941.2 939 937.4 936.6 936.8 934.7 932.4 929.1 924.2 919 916.3 913.9 908.8 904.5 901 899.1 895.5 894.5 895.7 899.8 902.1 905.6 905.8 899.9 894.2 889.6 882.5 878.3 872.5 864.1 862.7 863.9 866.4 865.6 865.7 866.9 869.8 873.2 878.4 884.1 891.3 893.8 895.7 896.1 894.5 894.3 892.6 891.6 893.2 894 894.9 894.4 894.3 891.8 891.2 891.5 891.3 889.7 889.2 889 889.6 889.8 889.5 889.7 890.8 891.9 892.4 894.5 896.4 898.9 904.5 908.1 908.5 909.7 910.7
939.6 941.1 941.4 941.2 939.7 938.1 938.3 938.7 937.2 935.3 931.5 927 922.5 919.8 917.2 913.2 910.3 905.8 901.8 897.9 894.6 892.3 894.9 900.5 905.1 906 902.3 898.3 894.1 884.7 878.3 869.8 863.8 863.7 864 864.8 864.6 865.4 867.2 869.5 874.9 878.6 881.8 886.6 889.1 889.5 889.1 888.9 889.2 889.6 889.1 890.3 891.2 891.5 890.4 889.3 889.1 889.3 889.8 888.1 887.4 888.4 889.2 889.6 889.8 889.4 889.6 890.9 892.1 893.7 895.7 895 900.2 903.8 903.8 904 904.3 900.3
940.4 942 942.6 942.8 940.9 939.4 939.7 940.3 940.2 938.4 935.6 931.1 927 922.9 920.1 916.5 915 911.7 904.3 900.4 896.7 894.1 888.9 897 903.5 905.8 904.2 901 895.7 886.9 878.7 871.8 866.9 864.6 864.8 866.3 866.7 867.3 868.6 870.4 874.8 877.9 879.5 881.4 883.2 883.9 884.1 885.3 886 886.1 886.6 887.4 888.3 887.6 887.6 887.3 887 886.6 886.2 886.9 888.2 889.7 891.3 891.6 892.7 893.4 894.9 895.4 897 899.3 901 900.7 898.4 897.5 900.2 900.9 897.4 894.3
941.4 943.2 943.6 943.8 943.4 941.8 941.3 942.5 942.9 941.3 939.7 937.8 932.2 925.6 922.6 919.3 918.3 916.1 908 904.5 898.8 895 887.6 892 899.1 904.1 904.5 901 894.7 888.6 881.7 874.6 868.9 865.5 866.9 868.4 869 869.4 869.8 872.5 876.8 880.8 882.1 881.9 881.4 880.2 880 881.2 882.8 882.7 883.6 884.4 885 884.8 884.7 883.5 886.5 889 890.4 891.4 892.7 893.7 894.5 896.6 899.8 901.7 903.2 905.3 905.9 907.2 909 908.3 906.5 902.3 898.2 896.1 890.6 886.3
942.4 944.3 944.6 946.3 946.3 944.7 943.8 944.8 945.6 944.4 943.2 941.8 938.6 930 924.4 922 922 918.9 912.1 907 901.3 896.2 888 886.6 894.7 901.8 902 898.4 893.8 888.3 882.4 875.3 869.8 866.8 868.5 870.3 870.7 871.2 873.7 875.4 880 884 884.9 882.8 881.5 878.3 877.6 877.4 879.3 879.3 880.3 881.3 881.6 882.1 882.5 884.9 889.5 894.3 896 897.9 898.6 900.1 901.8 905 908.9 911.3 913.7 916.3 917.7 919.5 920.1 919.1 915.6 910.6 905.2 895 886.7 882.1
943.4 945.4 946.7 948.7 949.2 947.7 946.7 948.7 948.5 947.4 946.1 944.1 940.7 933.5 927 923.6 924.2 921.6 916.8 910.2 902.7 896.5 887.3 881 890.3 896.1 896.9 895.1 892.3 887.4 882.2 876 869.9 869.7 870.7 872.2 872.9 875.6 879 879.3 883.5 888 889.9 886.3 882.6 879.1 876.9 876.9 877 877.8 878.7 879.5 880.7 881.3 881.8 886.5 893.7 898.1 901.9 905.7 906.4 908.5 911.5 916.8 921 923.4 925.1 928.8 931.7 935 935 932.1 929.6 923.5 915 903.4 892.2 883.2
944.2 946.7 949.4 951 952.2 951.6 950.9 951.7 950.4 949.3 947.6 945.3 941.8 934.9 931.2 925.2 924.8 921.6 917.2 911.8 904.2 895.6 886.1 875.1 884.2 890.4 891.7 891.4 888.5 885.6 881.2 875.5 872.2 873.8 875.2 875.7 878.1 883.2 886.1 886.4 889.7 891.5 893 891.2 887 882.1 877.3 876.8 876.5 877 877.7 878.5 879.3 880.1 881.4 888.2 897.2 904 909.4 911 916.9 920.8 924.7 930.9 939.5 943.5 945.8 948.2 951.7 953 952.2 948.5 943.6 937 927.2 915.3 903.5 891.6
945.1 948 950.8 953.3 954.8 954.1 953.1 953.2 952.3 950.8 949.1 946.9 943.3 938.8 933.5 926.3 923.5 919.8 916.1 909.9 901.1 893.4 884.5 871.7 877.6 884 885.9 886.7 884.8 881.9 878.6 873.9 875.8 878.2 879.6 881.5 884.3 892.1 894.3 895.3 896.7 897.8 899.7 896 890.4 885.4 881.3 877.8 877 876.3 877 877.7 878.6 880.4 882.6 891 900.4 909.7 917.8 922.3 929.8 936.5 942.1 954.1 964.3 967.3 965 969.7 971.2 971.1 968.6 963.3 955.9 947.1 938.2 926.6 913.4 900.8
945.9 949.2 952 955.1 956.2 955 954.4 953.5 952.6 951.7 949.5 947.6 943.7 940.2 934.8 927.4 921.4 917 911.1 904.7 898.2 890.6 884.7 873.5 869.3 879.1 879.8 880.3 879.6 878 876 874.1 877.3 879.1 882.6 887 893.3 898.9 901.6 903.8 902.6 902.9 905.6 899.9 894.2 888.9 885.1 879.4 877 876.4 876.4 877.1 878.2 879.8 886.5 894.6 903.8 914.9 925.1 932.3 942.4 950 962.3 975.3 979 980.2 980.8 983.4 983.9 983.8 980.6 975.9 968.6 958.7 948.2 937.1 923.9 910.5
946.8 950.1 953.1 954.9 955.6 954 952.7 951.4 951.1 950.7 947.7 944.4 941.4 937 932 926.4 920.6 915.5 907.7 899.6 894.3 887.7 882.2 872.3 858.4 871 872.7 873.1 874.5 874 873.5 874.4 877.6 880.6 885.3 891.6 897.3 903.1 906.6 907.7 908.7 909.9 908.9 903.1 897.5 892.8 888.7 882.8 878.1 876.2 876.1 877.1 878.3 882.7 890.1 899.2 909.3 920.2 929.9 938.7 950.7 962.2 977.3 985.9 988.7 990.9 989.5 988.7 990.2 994 991.7 988.8 983.4 971.7 960.7 947.1 934.3 920.8
946.4 948.6 950.8 953.2 953.4 951.9 950.5 949 949.2 948.2 944.5 939.3 936.2 932.3 928 924 918.7 913.5 905.4 896.3 888.7 883.4 876.6 868.5 856.6 862.2 865.4 866 868.7 868.3 863.9 875.1 879.8 882.8 888.3 894.5 900.9 906.1 908.9 910 912.3 913.4 911.5 906.3 901 896.7 893 886.5 880.5 876.7 874.9 876.6 880.1 885.6 895.4 905.2 915.2 924.6 934 944.4 957.5 972.5 985.5 993.4 997.4 998.5 997.2 996 998.7 1005.4 1005.6 1002.9 997.5 986.2 975.9 963.2 950.6 934.6
944 946 948.1 950.3 950.6 949.1 947.6 946.3 945.4 945.5 940.4 934.4 930.7 929.2 926.6 922.7 917.1 911.5 901.8 891.8 886.5 882 877.4 870.7 861.4 851.8 857.3 857.8 858.9 855.2 866 875.9 880.9 885.5 891.3 897.3 902 906.3 908.9 911.8 914.6 915 913.1 909.1 904.2 899.9 896.1 890.2 884.3 878.8 874.4 877.5 882.4 888.8 898.5 909.2 920 928.3 937.3 948 961.6 976 987.6 996 1001.9 1004.1 1005.8 1004.5 1007.3 1014.6 1016.6 1015.5 1010.3 1004.9 995.4 985.3 978.5 961.8
941.7 943.5 946 948.3 948.4 947.3 946.2 942.8 938.3 936.6 934.3 930.3 928.6 927.1 925 921.3 916.2 908.6 900.5 900.6 896.4 887.3 880.5 874.2 866.1 845.4 847.7 847.1 846 853.4 868.5 876.9 882.1 887 895.4 898.8 903.5 906.9 909.8 913.2 916.3 916.6 914.5 911.2 905.7 901.4 896.1 890.5 884.9 877.4 875.9 880.3 886.3 893.1 901.3 911.5 921.1 929.9 939 949.9 963.3 977.6 988.2 996.6 1003.7 1008.5 1010.6 1013.2 1015.5 1022.3 1026.8 1026.7 1024.2 1024.2 1022.7 1014.6 1003.2 984.8
940.2 942.6 944.9 947.3 947.3 946.2 942.7 938.6 933.6 932.4 930.7 928.5 926.9 925 923 918.3 911.5 912.4 911.1 907.5 902.8 894.4 885.4 878.1 869.6 858.6 835.3 838.3 836.2 851.5 867.3 875 882.9 889.9 898.8 901.4 905.5 908.9 910.8 914 916.7 917.5 916.9 913.6 907.4 902.9 896.3 890.5 882.7 870.6 878 882.9 889.5 896.7 904.2 911.9 920.3 928.8 937.7 947.6 962.4 976.4 986.8 996.4 1004.8 1010 1014.2 1016.9 1021.1 1026.2 1034.2 1038.6 1037 1038.1 1036.7 1030.3 1015.7 1000
939.1 941.6 944 945.9 945.4 944 940.6 935.9 932.4 931.4 929.5 926.9 925.3 923.3 920.2 916.7 919.2 918.4 916.9 913.6 909.7 902.5 893.6 885.3 876 865.7 847.9 829.1 829.8 847.4 864.4 874.9 883.3 892 898.5 903.6 907.6 909.9 911.8 914.5 917.3 918.5 919.1 915.2 909.5 905.5 897 889.4 880.2 874 880.9 886.9 893.4 899.6 904.2 911.8 919.6 928.1 936 947 961 973.8 985 994.6 1004 1011.1 1016.8 1022.5 1027.5 1032.6 1041.6 1046.2 1048.7 1048.2 1045.9 1037.1 1025.2 1009
938.3 940.7 943.1 943.9 943.7 942.6 940.7 936.8 932.4 930.4 928.3 926.1 924.7 923.3 920.8 921.7 922 922.6 921.4 918.8 915.1 909.8 901.9 893 884.3 875.5 860 838.8 821.4 839.1 857.6 871.1 882.4 891.1 897.6 903.3 907.8 910.1 913.2 915.3 917.8 919 917.9 914.6 910.2 907.3 898.1 888.3 875.9 874.2 884.1 891 897.6 903.7 908 914.2 919 926.7 934.8 947 958.2 970.8 982.6 992.5 1002.8 1011.9 1016.8 1024.9 1033.1 1038.2 1046.8 1052.9 1056.4 1055.6 1051.3 1041.1 1030.3 1015.8
937.6 939.9 941.4 941.6 941.3 940.8 940.5 937.8 933.8 930.7 928.2 926.6 925.6 924.7 924.2 923.7 924.8 926.5 926.1 923.8 920 915.2 908.7 902.6 894.2 885.7 868.6 848 823.7 825.2 843.8 859.2 872.5 884.4 895.8 901.5 906.8 911.3 914.3 916.4 917.6 917.5 915.9 913.5 909.2 903.6 894.6 885.5 862.1 876.9 887.7 895 901.9 907.7 913.2 919.2 920.1 925.7 933.9 943.7 954.4 965.8 978.7 989.6 1000.6 1010.8 1017.5 1025.4 1034 1042.5 1049.7 1057.5 1061 1059.6 1053.6 1044.8 1034.7 1022.4
936.4 938.5 939.2 939.4 939.3 939 938.7 938.4 935.2 931.9 928.6 927.7 927.1 926.5 926 926.2 926.9 928 930.3 928.9 925.4 920.9 915.5 909.9 904.9 894 878 857.8 835.6 813.9 821.1 835.1 846.6 869.6 892.1 900.5 905.3 909.9 914.2 915.1 915.8 916.1 914.4 910.4 905.7 898.9 890.5 880.7 856.4 877.9 889.9 898.6 906.2 912.2 919.5 924.8 926.4 926.7 933 941 951.1 960.7 973.2 986.4 997.7 1008.5 1017.9 1025.9 1035.9 1045.7 1053.7 1058.7 1062.8 1061.5 1055.9 1047.5 1039.2 1028.2
935 936.9 937.1 937.3 937.7 937.4 937.2 937.2 936.2 932.9 929.6 929.3 928.9 928.3 927.9 926.2 926.4 929.5 932.7 933.2 930.1 923.3 917.4 912.5 908.1 902.2 889.1 870.5 847.3 829.7 811.4 813.3 832.2 857.3 883.8 898.9 904.1 908.5 912.1 913.2 913.9 913.4 909.2 903.9 898.7 891.7 883.9 874 855.1 878.5 892.2 902.4 910.3 917 925.3 930.4 932.6 934.8 934 940.8 947.9 956.1 965.9 980.3 993.7 1006.1 1016.5 1027.7 1038.4 1048.5 1055.8 1059.5 1062.4 1062.6 1058.1 1049.9 1042.1 1032.8
933.3 935.1 935.4 935.5 936.2 936.3 936.3 936.4 935.9 933.8 930.7 928.5 930.4 930.1 929.9 927.5 926.3 929.4 933.1 936.4 932.8 925.7 919.1 914.4 910.2 905.1 895.8 883.4 862.6 843.2 825.2 800 821 847.9 873.9 896.2 904.1 907.5 909.2 909.9 909.6 907.5 902 895.7 890.1 882.2 874.9 862.7 854.4 878.8 894.7 904.5 913.9 922.8 931.5 938.3 940.3 942.3 943.1 944.2 950.1 953.5 961.1 973.9 987.3 1001.8 1015 1027.6 1039.9 1049.9 1057.8 1061.7 1063.2 1063.1 1059.4 1053.4 1046.3 1038.6
930.4 933.3 934.2 933.4 934 934.5 935 935.5 935 934.5 931.7 929.3 929.6 931.6 931.8 928.5 925.4 929.7 932.9 934.1 931.8 927.6 920.8 916.4 911.3 907.7 901.1 894 880.4 856.3 832.4 804.1 809.3 835.8 863 889.9 900.1 901.8 902.5 900.1 896.5 891.2 885.9 880.9 876.1 867 862.4 836.7 860.3 881.6 895.2 906.9 917.1 928.1 937.3 946.6 949.5 951.8 950.6 949.1 951.5 954.6 959.2 967.6 980.4 996.1 1012.5 1027.5 1041.1 1050.7 1058.6 1062.5 1064.4 1063.6 1061.8 1056.2 1051.4 1047.6
930 931.7 932.3 932 933 933.6 934.2 934.8 934.3 933.9 933 930.3 930.6 932.4 932.7 930 926.2 925.4 930.1 931.4 927.9 923.8 919 916.1 912.8 909.1 904.1 897.6 889.7 869.4 839.9 810.4 796 823.3 850.3 876.7 888.9 893.1 889.6 874.4 865.1 854.8 851.2 850.3 844.6 839.1 833.2 842.5 869.7 883.8 895.5 908.1 920.5 931.9 943.4 952.8 958.1 959.3 957.5 955.7 956.3 958.9 959.4 965.9 974.8 990.7 1008.6 1027.2 1040.1 1050.7 1058.7 1063.2 1066.1 1066.4 1063.7 1060.8 1057.3 1052.1
