data/290000-100000.asc
ncols 200
nrows 200
xllcorner 290000
yllcorner 100000
cellsize 50
[rows 105 to 139 of 200, columns 79 to 157 of 200]
38.8 38.3 37.8 37.2 37.7 37.7 37.8 39.2 39.7 41.9 46.9 52.3 56 59.7 61.7 63.6 65.3 67.7 74.8 78.8 87.1 93.6 100.4 105 107.4 110.1 112.9 114.3 107.1 98.7 91.9 98.7 107.8 115.6 124.5 130.8 136.9 143 148.3 147.6 149.2 152.3 154 154.4 160.2 170.5 179.8 191.4 201.5 209.1 216.5 223.1 227.1 229.8 231.3 234.5 237.7 240 238.5 234.3 227.4 218.3 210.5 206.3 203.6 201.1 199 197.7 198.1 198.4 196.9 195.7 194.6 191.7 189.3 185.6 186.5 188.8 189.9
38.1 36.7 37 36.1 37.6 37.5 37.9 39.5 40.1 40.8 44.3 48.3 51.1 53.8 55 57.3 60.4 64.9 69.5 75.3 84.9 92.2 99.3 102.8 104 106.9 109.7 109.5 93.7 87.5 93.5 99.5 100.3 104.2 115.1 121.6 124.9 129.6 137.9 139.5 143 144.8 144.1 153.4 162.3 170.4 180.1 190.9 200.8 208.3 214.3 220.3 222.3 224.3 226.8 229.2 232.3 235.4 236.8 235.2 230.6 223.7 217.5 212.3 208.3 206.6 206.2 204.3 203.5 203.6 202.2 200.9 199.5 196.6 192.5 194 195.1 195.9 197.1
36.4 36.2 36.2 36.7 37.6 38 39.7 40 40.6 41.5 42.6 46.3 47.5 49.1 50.3 54.8 59.6 66.2 71.5 77.5 82.6 90.2 95.1 97.1 98.6 101.9 104.2 99.4 86.2 91.5 100.5 109.2 113.8 110.1 107.5 110.7 117.3 128.3 124.8 130.6 133.9 143.8 150.2 154 163.3 173.8 183.7 194.5 202.6 209.1 215.7 217.3 214 216.2 220.8 224.1 226.5 229.8 233 233.9 230.8 226.5 222.4 218.6 214.5 213.9 212.8 209.9 209.6 209 208.3 205.9 203.9 201.3 199 198.6 198.7 200.3 202.7
36.4 36 37.6 38.7 39.1 38.9 39.6 40.3 41.2 42.6 43.7 45.4 47.8 48.4 53 57.4 64.1 73.3 80.8 84.2 83.4 85.1 88.4 90.1 91.1 94.8 97.2 89.2 82.4 94.8 105.9 112.1 119.4 121.9 121.8 122.5 128.7 135.2 133.2 132.2 141.9 152 161.7 168.1 174.2 185.2 194.3 201.3 204.4 206.4 210.7 211.1 202.4 207.1 210.6 216.2 219.5 223.4 228.3 230.2 231.3 230.1 226.9 224 221.6 221.7 219.9 217.4 215.8 214.8 213.7 211.4 209.6 206.4 203.9 202.1 201.8 204 206.4
35.4 35.8 37.9 38.4 38.8 39.3 39.7 40.5 41.4 43 44.5 46.9 49.3 50.4 55.8 62 66.3 72.3 77.6 80.3 81.1 80.6 80.1 81.9 86.4 90 88.1 80.6 82.8 97.8 105.2 115.9 126 133.2 136.4 138.6 142.6 140.6 141.6 143.2 150.9 162.1 172.3 179.8 188.8 197.7 200 200.4 201.3 200.7 202.7 202.5 197.9 199.7 203.3 207.5 211.3 218.3 222.6 227.8 230.8 232 230.2 228.4 227 226 224.7 224.2 223.7 221.2 219.6 217.3 214.2 210.4 207.6 205.8 205.6 206.4 209.5
37.8 37.8 38 38.6 39.2 39.7 40.1 41.4 41.6 43.3 45.3 47.5 50 52.3 56 59.3 62.5 67.5 72.1 74.8 76 74.9 72.6 74.1 77.4 79.4 76.7 79.9 95.5 104.5 111.2 119.8 133.6 148.1 155.8 157.1 158.2 157.8 155.6 158.8 165.9 173.4 182.1 188.2 193 198.5 197 195.1 193.9 192.8 194.5 193.5 190.2 194.2 198.3 201.7 206.3 211.3 214.7 219.2 223.7 227.7 226.7 227.2 226.6 228.1 230.1 229.9 230.3 231 228.2 224.8 219.4 215.2 212.9 211.4 210.2 211.7 214.7
37.5 37.6 37.9 38.5 39.1 39.7 40.2 40.7 41.6 43.6 45.1 47 49.4 51.7 53.3 56.5 59.1 62.2 66.2 68.7 69.1 66.6 66.2 67.5 70.1 72.6 76.7 91.5 98.3 109.2 115.7 127.5 139.6 153.7 165.3 171.9 174.5 177.4 172.9 175.9 180.6 185.5 188 193.2 195.9 198.5 195.3 190.4 188.5 186.9 186.7 185.9 181.7 189.1 193.7 199.1 202.8 206.1 207.5 211.2 214 217.5 218 216.7 220.5 225.9 227.6 232 236.8 238 236.2 231.9 227.3 224.8 222.7 219.8 219.8 221.4 224.6
37.3 37.5 37.9 38.5 39 39.3 39.5 40.2 42.4 43.5 45.8 46.5 48.3 50 52 54.2 56.5 58.3 60.4 63 63.1 70.4 78.3 83.8 83.9 86.6 88.5 96.9 106.1 115.8 123 132.9 145.3 160.2 170.2 178.6 182.3 181.4 179 179 185.7 193.2 193.9 194.4 194.8 193.6 191.8 187.3 181.6 178.2 178.3 179.5 175.3 178.3 183.4 190.7 197.9 201.1 201.4 203.6 205.9 210.7 211.1 208.5 213.9 220.3 222.1 227.7 235 238.4 241.4 239.7 237.3 234.4 231.3 229.7 229.3 229.9 230.4
37 37.3 37.7 38.1 38.4 38.8 39.2 39.5 40.8 43.4 46.3 47.6 49.2 50.1 51.8 54.4 55.4 57.6 60.2 65 73.4 81 90.7 98.7 100.8 101.7 102.9 105.5 114.5 124 132.2 143.1 155 168 177.5 181.9 184.7 182.8 180.2 179.3 182.1 189.9 192.1 192 190.7 188.8 186.8 183.3 177.5 171.8 170.9 171.7 170.6 174.7 177.1 184.5 191.7 196.8 196.4 196.7 198.1 203.2 202.7 201 204 209.2 214 221.6 228.3 237.3 242.9 242.6 241.7 239.1 236.5 234.7 233.8 233.1 233
36.8 37.1 37.6 38 38.3 38.7 39 39.2 39.5 44.2 47.1 47.8 50.6 52.4 54.1 56.8 59.2 64.7 71.1 77.2 85.7 94.6 104.3 111.4 116.7 119 120.1 119.1 124.6 133.2 142.1 152.6 165.7 175.8 180.6 184.8 184.9 182.5 179.6 177.8 179.5 183.4 189.1 192.3 189.5 184.7 180.6 177.4 171.8 166 163.1 164.4 166 171 174.3 182.5 190.2 194.2 195.3 190.1 189.6 194.3 194.9 192.1 194.8 198.7 207.2 216.6 227.3 236.6 240.4 240.9 240.1 238.3 236.4 233.9 232.1 230.5 229.9
36.5 36.9 37.5 37.8 38.2 38.4 38.7 39 39.2 40.3 44.8 46.9 50.4 53.9 57.6 62 69 76.8 84.9 94.1 99.9 108.2 118.8 127.5 134.1 137.5 136.6 134.7 137.8 142.5 153.7 166.3 174.7 179.8 184.5 185.7 183.6 180.2 177.1 176.9 178.7 181.2 186.7 190 187.7 181 173.8 167.9 162.5 157.7 153.8 158.1 165.7 172.2 178.6 182.8 188.3 191.7 194.5 190.9 183.3 183.3 184.9 186.2 190.7 198 208.9 219.1 228 232.8 234.9 235.7 235.5 234.2 231.4 227.8 225.5 225.5 224.6
35.9 36.7 37.4 37.7 37.9 38.2 38.4 38.7 38.8 38.9 44 47 50.1 54.1 59.6 64 72.9 84.1 95.2 107.6 117.8 125.7 134.7 147.4 153.7 156.1 154.5 151.2 152.3 158.6 169.7 177 181 185.1 185.3 182.5 179.6 176.5 171 175.3 180.6 185.6 188.6 189 180.8 172.9 164.8 156.5 152.9 149.1 159.8 165 169 174 180.1 184.6 189.3 194.3 195.8 189.6 176.4 174.9 176.3 185 192.7 201.7 212.3 220.2 224.7 227.1 228.6 228.3 229.7 228.9 227.4 222.8 218.9 217.3 216.9
34.8 36.4 37.1 37.4 37.6 37.8 37.9 38.1 38.2 38.3 42.5 45.8 48.8 53.4 59.4 67.3 75 86.4 99.2 111.7 126.7 137.7 147.6 157.5 164.7 169.1 171.3 170.9 169.6 175.4 180.9 184.2 184.8 183.9 180.5 173 168.1 166.6 168.8 180.5 186.2 190.7 193.4 190.3 180.9 165.6 156.4 147.8 145.1 153.9 160.5 165.8 170.8 175.4 182.2 188.6 194.1 198.9 198.1 188.9 174.5 166.6 178.8 189.3 198.2 204.6 209.4 213.4 216.5 218.3 219.4 219.8 222.1 222.2 220 215.3 210 207.3 209
35.9 35.2 36.9 37.1 37.2 37.4 37.6 37.9 38.2 38.5 41.9 45.3 49.8 54.1 61.2 67.3 75.8 87.4 100 114.5 127.8 140.3 150.5 160.5 169.2 176.3 181.1 183.2 184.4 186.4 188 187.9 183.8 177.9 167.9 158 156.8 159.8 172.6 184 188.3 193.9 195.4 189 178.1 162.2 150.2 139.4 149.9 156.3 163 169.3 176.3 183.7 192.1 199.7 205.1 205.2 196.1 178.8 163.6 162.8 178.3 189 194.1 199.5 202.5 204.9 207.6 209 208.8 211.2 213.6 214.3 213.3 208.3 200 193.1 199.5
35.6 36 36.9 37.1 37.4 37.7 38 38.3 38.5 38.7 42.5 45.8 50.3 55.2 59.9 68.1 76.3 88.9 101 113.6 126.3 137.3 148.8 158.1 167 175.6 183.1 188.7 191.9 193.1 192.4 188.2 181 167.2 155 149.1 153 166.3 176.2 182.9 189 192.8 192.7 184.8 168.9 152.5 140.6 142.3 152.6 160.8 172.1 180.5 188.1 196.6 203.3 207.3 208 203.4 188 168.2 153.8 159.2 172.4 180.6 185.5 189.3 193.9 198.5 199.6 198.5 197.7 200.9 205.2 206 204.9 200.3 190.5 179.2 186.9
35.6 35.7 34.6 36.9 37.1 37.3 37.4 37.6 37.7 37.8 41 46.4 50.5 55.7 61.2 68.7 75.8 87.5 98.7 109.6 120.4 131.1 140.4 151.9 162.4 173.4 182.5 190 194.5 194.6 191.2 185.6 175.6 159 146.2 143.3 156.2 166.3 172.8 179.9 185.4 189.2 187.8 177.5 158.6 144 134.2 145.2 158.9 170.3 181.7 189.1 196.2 201.1 204.6 205.7 204.5 198.5 184.9 163.1 148.9 149.7 160.6 169.7 175 179.7 184.5 191.1 191.6 188 186.3 190.9 195.5 196.7 196.6 192.1 182.9 168.8 177.7
35.8 35.5 34.2 36.3 36.4 36.5 36.6 36.7 36.9 37 38.5 45.6 50.4 55.8 61.6 68.6 75.6 84.3 93.4 103.9 113.1 124.7 136.7 149.6 163.8 175.1 183 189.4 193.1 191.8 189.1 183.5 170.4 151.6 139.9 138.4 151.9 160.9 167.5 174.8 180.3 183.7 182.4 168.4 147.8 132 138.3 151.5 166 175.3 182.3 190.3 196.2 199.5 202.1 201.9 199.1 194.3 184.5 166.1 147.9 139.9 147.1 157.1 164.1 167.8 177.7 184 183.2 178 178.7 182.7 186.2 189.7 189.3 182.5 170.1 160.2 168.2
35.6 35.3 34.2 36.3 36.4 36.4 36.4 36.5 36.5 36.5 38.1 44.5 49.3 54.9 61.4 67.8 77.4 87.5 98.3 110.2 120.1 130.9 146.3 159.8 170.7 178.6 184.1 187.9 189.1 188.1 185.6 180.8 168.4 148.3 135.3 132 144.8 155 161.7 168.8 173.8 177.1 176.6 160 140.3 126.8 140 153.7 165.3 173.6 180.3 186.4 191.4 194 195.4 194.8 192.7 189 183.5 173.6 153.3 135.3 135 144.3 154.1 162.8 174.1 176.8 175.8 166.1 168.8 173.9 177.2 182.5 182.6 175.9 162 152.7 159.5
35.6 33.9 36.2 36.3 36.4 36.4 36.5 36.5 36.5 36.6 38 44.5 48.8 54.9 61.3 68.8 77.8 87.8 98 110.6 122.3 136.8 152.7 163.8 173.8 179.7 183.6 186.3 184.5 183.4 181.7 176.2 165.5 145.9 132.3 128 136.9 147.8 155.3 160.8 165.1 169.2 170 154.5 133.5 124.1 137.6 151.1 161.7 170.1 176.8 181.3 186.2 187.2 188.1 188.2 185.1 181.8 177.2 172.4 163.6 142.8 129 134.1 146.9 160.9 170.4 170.7 168.3 156.3 161.6 164.3 168.6 174.5 176.4 170.6 157.2 145.8 148.1
33.9 35.4 36.1 36.2 36.3 36.5 36.5 36.6 36.6 36.7 37.7 44.4 49.2 55.2 62.4 70.5 80.3 91.5 102.3 115.5 127.4 142.5 156.1 166.7 173.8 178.6 181 181.4 180.2 178.6 176.3 171.9 166 145.8 131.4 122.7 127.5 139.8 147.6 153.6 158 160.9 161.2 151.1 129.6 120.2 134 146.2 156.8 163.4 170.1 174.3 176.5 177.9 178.4 177 176.6 173.2 168.3 163.5 160.1 144.7 127 128.3 143.5 157.8 165.7 166.9 162.1 149.5 152.7 154.9 161.3 168.9 170.2 167.1 154.8 140.2 138.8
35.2 35.5 35.8 36 36.1 36.3 36.4 36.8 37 37.2 37.4 44.5 49.9 56.1 64 72.6 84 95.8 109.6 122.9 135.8 148.2 159.2 168 173.6 175.7 176.1 175.4 174.5 171.6 169.5 166.5 161.8 146.8 129.2 116.7 119.6 130.1 138.8 147.2 151.8 154.6 156 148.6 127.8 117.8 128.4 141.2 150.9 157.2 162.8 165.3 167.2 168.9 167.9 167.8 165.7 163.5 159.3 153.1 148.3 139 123 123.2 140.9 153.3 158.2 159.7 155.2 141.8 142.8 145.8 155.7 161.6 164.2 163 153.4 137.1 131.8
35.1 35.2 35.4 35.5 35.7 35.9 36.2 36.4 36.9 37.9 38.3 44.8 50.7 57.1 66 76.7 87.8 100.7 114.4 128 139.2 151.4 159.9 165.8 169.8 170.6 170.4 168.9 167.2 164 162.3 159.3 156.5 147.8 129.7 117.4 114.5 123.2 132.2 138.3 145 147.8 149.5 147.2 129.2 114.3 123.6 136.4 143.3 149.8 154.6 158.3 158.8 159.6 157.5 155.2 154.3 152 148.5 143.3 135.7 125.9 116.7 122.2 139.8 147.7 150.6 152.3 149.6 140 133.5 140.1 149.1 153.9 156.9 158.2 153 139.4 126.6
34.6 34.6 34.9 35.1 35.5 35.9 36 36.1 36.3 36.8 38 43.9 52.5 59.9 71.2 81.4 92.8 104.7 117.7 129.8 142.3 150.3 158 160.5 162.8 162.4 160.8 159.8 158.4 155.7 153.2 150.6 147.1 142.1 129.7 114.5 110.5 119.2 126.1 131.8 135.5 138.9 141 141 132.4 112.4 118.5 124.1 133.8 141.8 146.8 150.7 151.9 151.2 148.6 142.5 140 140.4 137.2 133 125.7 117.2 112.8 124.8 136.7 140.4 142.6 144.3 143.2 136.9 128.1 134.3 143.4 147.6 150.1 151.2 150.2 142.3 128.2
33.2 34.6 34.5 35.1 35.5 35.6 35.8 35.9 36 36.2 36.8 43.2 52.4 61 73.4 83.9 94.1 105.8 118.3 129.8 141.2 148.5 152.6 153.5 153.4 153.1 151 149.2 147.7 145.4 143.3 139.8 137.2 133.7 126.1 111.1 106.9 114.4 120.5 125.7 129.3 132.8 134.3 133.3 126.5 111.2 112.8 120.9 130.5 135.6 139.7 143.3 145.4 144.9 141.2 134.7 128.7 129.6 126.1 121.7 117.7 110.1 110.4 123.8 129.2 131.7 133.3 134.6 136.3 130.7 122.1 127.9 134.3 139 142.2 144 145.3 142.9 131.7
34.7 34.7 33 35.1 35.3 35.4 35.6 35.7 35.9 36 36.1 41.7 51.5 62.1 73.8 84.6 95.1 106.4 117.1 126.7 136.3 142.1 144.3 144.6 144.4 143.3 141.3 139.3 137.4 135.1 133.1 130.1 127.1 122.4 115.4 106.1 103 109.6 114.3 119.7 122.4 125.2 127.1 129.2 125.9 110.3 110.1 119.8 125.2 127.5 132 136.3 139.6 138.1 134.8 129.3 119.7 121.4 118.3 111.7 108.2 105.4 108.8 119.5 122.9 123.1 126.3 126.7 126.8 124 117.4 119.6 125.8 129.6 131.9 135.1 137.3 137.3 134.8
34.3 34.2 33.3 35 35.2 35.4 35.5 35.7 35.9 36 36.3 39.9 51.2 63.1 72.8 83.7 93.6 103.6 114.1 122.1 128.6 132.7 134.2 135.4 135 133.2 130.7 129.4 127.6 125.1 123.8 121.5 118.4 115 109.2 101.7 98.6 101.5 109.1 113.6 116.8 119.4 121.4 124 122.8 107.7 105.8 113 115 118 125.6 134 137 133.7 128.1 123.8 117.7 113 109.9 105.4 102.8 102.9 109.8 114 116 116.9 117.7 119.1 119.2 118.3 113.1 112.1 116.1 118.6 121.2 126.8 129 130.3 129.1
33.9 34.2 33.8 34.6 34.7 35.4 35.5 35.7 35.8 36.1 36.1 37.5 50.1 62.5 73 81.2 90.9 99.5 108.5 115.4 119.9 124.2 125.2 124.4 120.5 118.3 120.5 119.6 118.7 117.1 114.9 112.8 110.3 109.2 106.2 98.2 96.1 98.2 104.3 107.7 111.8 114.5 116.9 118.5 118 106.4 100.5 107.9 115.3 122.5 128.7 136.5 138.5 137.4 133 127.8 120.6 114.6 106 100.9 98.7 98.7 105.4 107.6 108.5 109.4 110.6 111.9 112.5 112.2 109 105.4 105.8 108.8 112 117 119.9 121.4 122
34 34.3 33.1 34.5 34.8 35.2 35.5 35.7 35.7 35.6 35.9 36.7 45.8 59.6 70.7 77.3 86.2 94.7 101.8 107.5 111 113.3 113.3 111.5 103.1 103.4 111.2 110.3 109.9 109.1 106.7 104.8 103.9 103 101.9 95 93.5 93 97.1 103.4 107.6 111 113.1 114.6 114.9 110.2 98.3 109.4 119.5 126.3 134.5 142.1 145.3 145.1 142.8 137.4 131.1 122.3 113.8 101.8 95.3 95.8 98.3 101.1 102 102.4 102.9 104.3 106.8 107.2 104.9 102.9 100.4 101 103.6 106.7 110.2 112.3 112.8
34 34.2 34.3 34.9 34.9 35.1 35.3 35.3 35 36 36 36 42.4 56.3 66.8 74.4 81.2 88.1 93.2 98.4 101.8 104.3 105.3 102.1 93.4 93.3 99.1 100.5 101.2 100.6 99.7 98.8 98 97.4 97.2 92.6 91.3 89.7 95.2 97.9 102.9 106.7 109.6 110.4 110.5 105.5 94.2 105.2 117.8 128.6 140.4 147.2 149.9 150.1 147 143.4 138.8 132.1 121.7 104.9 95.6 92.5 92.7 94.6 94.8 95 95.5 97.4 99.6 101.9 102.3 99.9 96.7 96 97.3 100.3 102.7 104.2 103.5
34.1 34.3 32.8 34.6 34.3 34.8 34.8 36.7 36.3 36.1 36 35.7 37.9 52.3 62.6 71 77.3 82.3 86.5 88.8 91.7 93.4 94.9 92.3 86.1 82.3 88.7 93.1 94.3 94.4 94 93.3 93.6 93.6 93.2 91.1 89 88.7 92.2 96 98.4 102.1 104.9 105.9 105.4 101.6 92.8 101.1 115.9 131.6 143.9 147.9 149.6 149.4 146.9 144.4 140.8 136 127.1 113.2 100.5 91.1 89.5 88.8 88.9 89.9 90 91 93.7 95.9 98.2 95.9 91.2 90.6 92.3 95 96.4 96.6 95
34.3 34.3 32.3 34.6 35 35.6 36.3 36.6 36.4 36.3 36.1 35.9 36.3 47.8 58.4 67.3 73.9 77.6 80.7 82.3 83.1 84.2 85.7 81.4 77.9 78.7 84.4 88.8 89.1 88.7 88.2 87.6 88.6 89.3 89.4 91.6 87.5 85.8 88.1 91.5 95.2 99.3 100.1 100.4 99.4 94 90.7 103.5 120.5 137.9 144 146.5 147 145.6 143.8 141.8 139 135.1 129.9 120.9 110.2 96.8 87.4 86.2 85.1 83.2 84.4 85.7 87.7 92.9 93.9 90.6 88.3 87.3 86.9 88.5 91 90.3 89.1
34.1 34.1 32.4 34.6 35 35.3 36 36.3 36.2 36 35.9 35.8 35.9 43.6 55.6 63.2 68.1 69.5 72.2 72 71.6 75.8 77.8 74 71.4 78.6 83.7 84.9 83.7 83.8 83.2 83.6 84.6 86 86.7 89.9 87 84.3 85.3 89.7 92.6 94.1 95.2 94.7 91.7 87.6 95.1 113.3 129 138.8 141.1 142 141.9 140.7 139.1 137.2 135.9 132.9 128.7 123.8 113.1 101.9 96.9 91.7 83.9 81.3 80.2 79.5 84.3 90 90.3 87.3 84 83.6 83.2 83.7 86.8 84.8 84
33.5 33.6 34.7 34.8 35 35.3 35.7 36.1 35.9 35.8 35.7 35.6 36 42.6 53.2 59 62.4 64 65.6 64 68.9 71 71.3 67.9 74.6 78.3 79.2 79.6 78.6 78.8 79.2 82.9 86 84.4 85.5 88.2 85.5 82.5 84.3 87 88.1 89.4 90 87.6 83.9 91.8 109.1 123.2 131.5 134.4 136.4 136.4 135.5 134.3 132.6 131.5 130.3 128.7 125.6 121.7 117.2 110.1 104.9 99.8 93.5 81.2 79.1 77.7 81.1 86.8 87 83.5 80.5 80.5 80.4 79.6 80.8 81.3 79.9
32.1 32.1 34.5 34.7 35 35.3 35.6 35.8 35.8 35.7 35.6 35.6 36.1 42 50.7 52.7 54.6 58.8 60.7 59.4 64 64.4 64.6 62.3 68.1 71.4 72.3 73.7 73.9 75.4 80.6 85.2 84.8 83.5 85.1 86.1 84.2 81.5 81 82.5 83.3 84.4 83 80.5 87.9 106.2 116.9 123.4 127 128.6 128.3 128 127 125.8 125.9 124.7 123.3 121.8 120.5 117.8 115.9 111.5 106.3 100 93.3 86.2 80 78.3 75.8 82.4 83.3 80.6 77.8 78.5 78.7 78.1 77.1 76.8 76.6
33.5 33.3 33.5 34.1 34.3 34.6 34.9 35.2 35.4 35.5 35.4 35.8 36.7 39.2 42.3 43.5 45.3 49 52.1 50.8 51.2 53.8 55.9 58 62.2 64.1 66 68.9 73.3 77.7 80.1 82.1 83.1 82.3 83.4 83.8 81.8 79.1 78.2 79 78.9 79.2 77.9 85.2 96.3 105.2 112.8 116.6 119.2 120.8 119.9 119.1 118 117 116.4 116.9 116.2 115.3 115.6 113.8 111.1 107.9 103.8 98.6 92.1 85.8 83.6 77.2 73.7 73.3 76.7 75.2 75.5 77.1 79.6 81.8 76.8 72.5 71.5
