data/290000-790000.asc
ncols 200
nrows 200
xllcorner 290000
yllcorner 790000
cellsize 50
[rows 102 to 135 of 200, columns 0 to 77 of 200]
928.3 930 930.1 930.5 932.2 932.8 933.4 934 933.6 934 933.3 931.5 931.5 933.2 933.4 931.9 927.3 920.1 924.6 925.1 921.4 918 917.2 915.2 913 909.1 905.3 898.6 892.1 873.4 843.8 814.1 788.8 812.7 838 863.2 877.1 878 861.1 844.6 833.7 825.6 821.3 820.6 818.3 816.3 830.2 855.3 875 883.6 894.7 909.2 922.1 935.3 947.7 958.4 963.5 966.3 964.3 962.4 961.9 961.5 961 965.2 972.2 985.2 1003.4 1023.1 1038.3 1049.9 1058.5 1064.3 1067.4 1069.3 1068.1 1066 1063.4 1056.1
926.6 928.2 927 928.6 931 932 932.7 933.3 933.3 934.1 933.5 932 930.6 932.7 933.9 931 927.1 921.1 916.5 917.5 914.6 914.8 915 913.2 911.6 908.5 905 898.7 891.6 874.1 844.8 816.2 785.6 800.2 824.6 849 862.3 850.8 833.5 820.2 810.3 800.6 804.4 817 828 831.1 836.9 863.2 877.5 885.9 894.9 910.1 924.5 938.5 951.2 961.4 968 971.5 970.7 967.2 965.2 964.7 964.5 966 969.6 981.2 998.8 1017.9 1034.9 1047.7 1057.7 1064.9 1068.9 1072.5 1072 1069.8 1066.3 1060.8
924.7 924.9 926.5 928.9 931.1 932 932.4 932.7 933.3 934.2 933.9 932.6 930.4 930.8 931.5 929.2 925.5 919.9 911.1 911.2 911.3 912.4 912 911.2 909.6 909.2 906.9 902.6 894 872.3 844 816.1 790 786.9 807.9 832.1 837.8 822.5 807.3 796.2 791 810.1 827.6 843.6 854.8 858.8 840.9 856.1 878.6 887.3 897.4 909.2 922.7 937.4 952 963.3 970.7 974.5 972.9 970 967.7 965.7 964.3 965.7 968.4 978.2 992.8 1011.3 1029.2 1043 1055.9 1064.6 1071.1 1074.5 1075.6 1073.7 1069.2 1062.5
920.3 924.1 927.5 929.9 932.2 932.9 933.5 934.3 934.6 935.2 934.8 932.8 930.5 928.1 928 926 923 917.8 911.9 906.7 908 909.2 909.9 910 910.7 910.1 907.6 903.6 897.8 874.5 844.5 816.2 792.5 773.5 788.4 807.1 807.7 794.6 781.7 790.6 807.7 828.7 848.4 863 869.7 873.6 866.4 842.5 872.4 890.6 900.6 909.6 922.2 936.8 951.2 963.9 971.5 972.9 971.8 969.1 966 963.9 963.2 966.1 969.2 975.9 988.6 1004.9 1022 1038.6 1052.6 1064 1073.1 1077.9 1078.5 1078 1072.6 1064.1
920.8 924 927.7 931.2 933.3 934.3 935.1 935.9 936 936.3 934.6 932.7 930.3 927.3 924.1 922.5 919.1 915.2 909.5 904.8 904.1 905.4 906.7 908.6 909.9 910.3 907 903 898.2 877.8 845.8 817.1 793.2 769.1 776.2 784.2 778.8 773.2 791 805.9 823.7 844.4 864.3 876.7 882.9 884.2 879.1 867.7 865.9 890.5 902.1 911.7 922.3 936.3 949.9 962 968.9 971.5 969.7 967.3 964.1 961.9 961.4 965.2 969.2 975.7 986.1 998.3 1015.4 1032.9 1050.3 1064 1074.2 1080.5 1082.4 1082.9 1077.8 1070.2
920.4 923.4 927.2 931.9 934.9 936.5 937.2 937.7 937.6 936.3 934.4 932.7 929.9 926.7 923.1 918.6 915 911.6 907.6 904 901.1 901.5 902.9 905.7 907.7 908.6 906.5 902.3 895.1 878.4 846.8 816.4 793.6 770.1 767.3 768.4 769.6 785.2 804.2 822.6 840.4 860.7 876.4 888.2 894.8 894 889.4 879.7 863.4 888.5 903.7 911.9 922.3 933.7 947.5 959 965 967.5 965.9 964.7 961.7 959.4 960.4 964.4 968.6 975.2 985.3 997.7 1012.6 1030 1047.7 1063.5 1074.5 1081.7 1085.8 1087.7 1084.3 1077.7
919.1 922.4 927.7 932.9 935.9 938.5 939.2 939.1 937.6 935.7 934.8 932.7 928.8 925.1 921.5 917.2 911.2 907.2 905.2 903.5 900.5 897.6 899.3 902.1 905 905.8 902.7 898.2 890.7 875 846.1 815.7 789.8 765.6 759.7 762.1 772.8 791.2 812.3 833.1 854.1 873.4 887.9 898.8 902.5 901.1 897 888.5 870.8 887.4 904.9 912.7 920.1 931 943.3 954 960.5 962.3 961.7 960.7 958 957.1 959.9 963.3 968.5 974.7 985.1 998.7 1010.6 1027.8 1044.8 1061.7 1074.4 1082.6 1088.6 1090.8 1089.6 1084.2
917.6 922.1 927.9 933.6 936.9 939.9 940.8 939.3 937.6 935.3 933.2 930 925.6 922.4 919.1 915.6 909.6 903.1 901.8 901.2 899.6 894.6 895.4 898.3 899.9 899.2 893.4 890.3 884.4 867.7 839.3 808.5 783.2 756.6 759.1 761.2 777.6 799 822.4 844.6 866.9 885.6 900.2 906.9 909.7 909.3 905.1 897.3 883.9 885.1 903.5 913.4 920.1 928.7 938.5 947.6 954.8 958.1 958 956.8 954.1 955.5 959.7 964.5 969.2 975.6 987.8 999.7 1011.3 1026.3 1042.6 1059.1 1074.5 1084 1090.4 1093.5 1094.1 1090.3
916.2 921.9 927.7 933.4 937.4 939.6 940.4 939.5 933.9 930.2 928.6 925 922.7 919.7 916.5 912.7 907.3 898.7 895.3 895.3 895.2 888.9 888.4 890.1 888.9 886.3 882 877.7 870.3 849 823.5 796 774.3 751 755.7 768.5 786.1 807.9 832.4 856.3 879.5 895.7 907.2 913.7 916.3 915.9 911.9 905.8 895.2 881.4 899.4 912.1 919.4 927 935.2 943.1 949.3 952.1 953.3 952.3 949.5 954.5 959.6 965.8 971.3 980.5 991.1 1001.7 1013.4 1027.7 1042.5 1059 1073.9 1085.3 1092.3 1096.4 1097.4 1093
915.5 920.8 926.7 932.4 935.3 936.6 937.7 934.9 929.3 925.9 922 920.5 919.2 916.9 913.6 909.6 903.5 894.1 889.7 889 883.4 868.8 867.9 862.9 859.1 858.9 858.2 857.8 849.1 831.7 804.9 782.7 763.7 748.5 760.7 776.3 796.3 818.4 842.6 867.4 887.9 903.5 913.7 921.9 924 922.3 918.8 912.7 904.6 886.1 897.8 909.1 916.8 923.8 930.3 937.9 943.4 946.2 947.6 946.4 948 953.6 960.3 967.8 974.1 983.6 993.5 1003.2 1016.2 1029.5 1044.2 1059.8 1074.1 1086.6 1095.3 1100.3 1100.8 1094.9
914.8 919.7 924.6 928.7 932 931.7 931.1 928.5 924.5 921.6 919.4 917.7 916.6 914.1 910.1 905.3 894.5 883.8 869.3 861.7 851.7 835.9 834.7 832.5 830.9 832.2 833 836.3 829.8 814.9 789.8 769.1 747.7 751.2 766.9 785.8 806.2 829.2 853.7 876.8 896.8 909.2 921.1 929.4 934.1 931.6 925.9 920.3 913.8 898.3 894.8 906 913.7 919.6 925.9 932.6 937.1 940.3 942 943.3 946.6 951.6 959.6 967.6 976.3 986 994.9 1005 1017.7 1030.8 1044.7 1060.6 1075.5 1087.6 1097.2 1103.1 1104.7 1099.5
913.8 916.9 920.9 924.8 925.1 924.3 923.6 920.5 920.3 918.9 916.9 915 913.9 910.1 906 898.4 882.3 863.8 842.2 828.8 822.4 812.6 803.1 805.5 804 805.4 809.4 813.6 808.9 793.7 774.8 756.9 742.6 756.6 775.8 795.5 816 840.5 864.9 887.3 904 917.9 929.1 937.8 940.8 939.1 934.4 927.1 921.3 909.9 895.9 902.1 909.5 915.5 921.7 927 930.8 934 938.5 942.6 944.8 950.6 958.7 966.9 976.8 986.3 995.2 1005.2 1017.3 1031.9 1045.2 1060.4 1075.1 1087.5 1097.7 1105.5 1108.2 1105.7
911.7 913.7 917.6 920 920.5 920.2 918.8 917.9 917.6 916 914.1 912.1 909.3 904.9 899 883.5 857.5 836.4 819.1 805 797.4 792.7 780.6 781.7 780.2 782.8 784.8 789.5 790.1 769.9 758 742.2 745.4 763.5 783.7 806.2 827.9 852.1 874.6 896.5 913.7 928.6 939.2 946.2 948.9 946.5 941.4 933.6 927.2 919 907.5 903.7 905.8 911.1 916 923.7 932.6 940.2 944.5 947.9 950.6 953 957.1 965.4 975.5 984.2 993.8 1004.8 1016.8 1031.6 1044.1 1059.4 1074.3 1086.7 1097.5 1105.9 1110.8 1109.4
906.6 910.7 913.2 914.6 915.4 915.2 915.4 915.3 914.5 912.8 910.9 907.5 904.1 898.8 891.7 862.8 837.4 817.8 801.9 789 778.7 774.4 766.9 763.7 763.9 763.2 764.5 771.1 768.6 756 743.7 741.5 753.6 772.1 793.5 816.6 840.1 863.9 886 907.1 924.7 937.3 948.7 954.4 956.6 954.7 948.8 939.5 932.3 925.2 914.3 912.1 915.5 918.4 924.6 931.5 938.5 945.3 950.8 954.6 958.4 961.1 964.4 967.6 974.5 982.6 992.7 1003.7 1016.1 1029.6 1041.7 1057 1070.6 1083.9 1096.7 1104.9 1110.5 1110.3
894.6 900.8 905.3 908.2 910 910.9 911.2 910.7 910.2 909.1 906.7 902.7 899.9 892.9 878.3 845.3 821.6 802.7 787.3 774.7 762.5 754.3 748.9 747.1 750.4 754.2 752.1 754.5 750.8 743.3 733.3 744.2 761 781.6 805 828.2 851.6 875.5 900.2 920.9 935.4 947.4 956.9 963.1 963.6 960.2 954.5 944.1 936 929.3 920.6 916.4 920.9 925.6 932.2 938.6 945.6 951.7 959.2 965.2 970.1 971.7 974.3 976 976.4 981.7 990.9 1002.2 1014.7 1027.1 1039.3 1053.8 1066.9 1080 1092.7 1102.7 1109.3 1110.3
891.1 890.6 890.6 894.4 898.6 902.7 904.4 906.3 906 905.1 903.8 901.8 898 891.8 865.7 833.9 809.2 792.2 775.5 777.3 770.2 762.8 751.7 742.3 739.3 745.4 744.1 741.9 743.9 734.8 730.2 748.6 768.1 791.6 815.1 838.3 862.4 887.7 913.8 935 946.8 953.9 962.6 970.1 969.3 965.1 957.8 947.4 938.7 931.8 926 921.2 926.4 933.1 939.3 946 952.6 960.7 968.8 976.9 982.4 985.7 985.4 985.6 983.6 982.7 991.1 1001.4 1013.2 1024.1 1037.2 1050.1 1063.2 1076.3 1088.8 1099.4 1105.8 1107.3
892.3 889.7 888.9 888.4 888.7 896.1 901.2 902.2 901.9 901.4 901 899.7 895.5 891 863.8 831.3 803 798.7 794.9 791.7 782.5 769.6 753.1 743.1 735.5 736.1 735.6 737.4 736 727.1 733.1 750.7 773.6 798.2 823.3 848.7 873.7 902.9 931.5 948.1 955.8 960.8 966.4 973.9 973.6 968.4 960.5 949.7 941.6 936.3 931.5 928.4 932.9 937.8 944.5 952.2 960.1 969.7 978 986 992.8 995.1 995.9 994.2 992.1 989.3 991.9 1001.2 1012.5 1024 1035.1 1046.7 1059.7 1072 1083.5 1095.3 1102.2 1104.7
893.5 896.9 896.2 892.3 885.2 889.4 896.3 897.6 897.8 897.6 897.3 896.8 894.2 890.2 868 829.6 809.4 823.6 826.6 823.6 808 782.4 756.8 745.4 732.9 729.3 730.3 732.6 732.3 724.9 734.7 754.1 779.6 804.5 831 856.7 885.7 916.2 945.9 955.8 962.4 966.4 972.6 976.1 976.2 970.9 962.3 951.6 945.4 941.2 935.9 933.3 937.7 942.1 950.1 959.5 968.3 977.8 986.7 994.2 1000.9 1003.8 1004.5 1004.3 1001.9 1001 1000.6 1003.3 1014.9 1026 1036.1 1046.3 1057 1067.6 1078.5 1090.7 1098.1 1101.7
903.8 904.5 904.1 902.7 896.9 885.3 887.7 891.7 891.5 889.6 894.6 895.1 892.3 888.7 870.2 833 817.9 846.7 863.7 858 830 793.6 762.7 744.3 737.4 726.6 725.7 725.9 724 724.7 735.8 755.9 781 808.9 837.7 864.8 894.4 925.7 952.2 961.9 966.9 973.3 978.1 979.5 977.8 972.9 964.9 955 947.6 943.8 940.5 938.5 942.3 946.7 955 965.6 974.2 983.2 992.4 999.7 1005.8 1008.9 1012.1 1013.3 1012.9 1013.2 1012.7 1012.2 1018 1028.4 1038.2 1046.7 1057.3 1065.5 1075.1 1086.7 1095.8 1099.7
909.1 911.4 910.5 907.8 903.3 896.5 879.4 882.1 881.1 881.8 888.6 890.5 888.8 885 877.3 841.7 819 858.7 872.1 864.8 832.7 797.1 766.2 746.3 738.2 730.6 721.2 720.3 718 723.1 735.7 756.1 781.4 812.3 841.7 872.4 902.4 937.3 959.3 968.4 975.1 978.3 980.9 983.6 980.3 975.7 965.9 957.4 950.1 947.2 945.2 943.7 947.1 952.4 961.1 970 978.1 987 996.8 1003.6 1009.3 1014 1017.3 1021.5 1024.4 1024.5 1025.6 1023.1 1026.9 1034.7 1042.6 1049 1056.2 1063.9 1074.1 1085.1 1094.9 1098.9
914.2 916 914.1 911.1 907.3 903.1 894.8 879 874.2 872.1 874.9 881.8 883.3 876.5 854.9 827.6 841 865.6 869.2 854.3 827.2 795.8 766.3 748.5 737.1 730.2 726.4 717.3 716.1 719.6 733.7 753.9 780.3 811.2 842.6 875.1 909.6 942.5 962.4 971.9 976.9 979.4 982.4 983.3 980.9 976 967.2 959.3 952.1 950.7 949.6 949.9 952.6 957.3 964.8 973.5 981.9 989.9 998.5 1005.1 1011.3 1016.7 1022 1029.4 1032.8 1035.8 1037.1 1037.1 1038.3 1043.1 1049 1053.5 1060.4 1069 1077.3 1086.8 1095.7 1099.8
916.2 918 916.8 913.1 909.3 905.9 902.6 899.2 890.6 885.7 879.5 873 867.3 854.8 866.9 864.3 866.9 862.5 852.5 835.3 816.8 788.4 762.7 747.4 736.7 729.5 728 715.3 714.8 717.8 727.4 746 773 803.4 838.7 878.6 910.7 945.8 963.4 970.8 975.6 977.4 978.2 979.2 978.7 976.6 969.4 962 958 956.3 957.5 957.7 959.5 962.2 967.2 976.3 983.4 990.5 997.2 1003.8 1010.7 1017.5 1024.9 1032.6 1040 1043 1044.9 1046.7 1047.6 1049.9 1053.3 1058 1065.1 1073.4 1081.8 1089.4 1097.4 1101.2
917.5 919.2 919.1 915.2 911.5 908.5 906 903.6 900.1 893.7 888.5 882.1 874 877.7 877.4 876.7 870 849.1 826.8 811.4 798 780.6 759.1 742.4 735 728.6 723.8 714.5 712.2 713.8 718.9 738.1 764.1 792.8 825.6 863.9 898.3 930.8 954.6 965.9 969.6 973 972.7 974.9 975.1 974.6 971.3 968.4 963.9 961.6 963.7 965.6 967.1 969.3 972.7 980 985.3 991.3 995.7 1002.6 1009.5 1016.4 1025.2 1034.8 1042.5 1047.3 1050.8 1052.4 1053.4 1055.3 1058.3 1063.6 1071.1 1077.6 1085.9 1092.9 1099.5 1102.4
918.9 920.4 921.5 917.5 914.2 911.5 909.1 907 903.9 899.5 893.9 887.5 884.4 886.7 885.9 884.5 867 834.7 802.4 783.8 776.8 765.5 752.9 744.6 738.1 728.8 722.7 715.7 709.5 710.2 715.7 727.3 749.9 778.8 808 843 876.2 910.8 937.2 956.7 964.3 966.6 970.1 971 971.4 972.6 973.1 972 970.9 968.8 972.4 973.8 975.4 976.7 979 984 989.1 992.6 996.5 1001.4 1008.3 1015.4 1024.5 1033.5 1044.3 1048.9 1053.6 1056.8 1057.9 1060.2 1064.2 1069.3 1076.8 1084.2 1090 1096.5 1102 1104
920 920.9 921.9 920.2 917.8 915.1 912.1 909.7 906.7 902.3 897.6 893.6 891.6 892.8 890.3 881.6 851.1 820 795 773.6 763.1 754.8 752.7 742.5 734.8 728 720.8 714.4 708.9 707.3 711.1 721.3 737.7 763 791.2 820 850 885.6 919.9 946.9 957.8 962.7 966.4 965.6 968.6 971.9 974.6 976.5 976.6 978.5 981.2 982.7 983.8 985.2 986.6 989.8 993.4 995.5 998.2 1002.8 1007.6 1013.5 1023.5 1033.1 1042.3 1048.2 1052.9 1057.6 1061 1063.3 1067.2 1074.1 1081.1 1088.7 1094.8 1100.3 1104.3 1106.4
922.7 923.5 924.3 924.3 921.9 919.7 916.3 912.3 909.5 905.9 901.7 899.3 897.2 896 891.1 869.4 834.2 804.7 784.1 769.2 760.3 758.5 753.9 746.8 738.3 727 720.2 713.3 708.5 704.4 706.8 715.1 727.4 749.8 775.3 802.2 830.6 862.4 890.4 916.2 935 954 957.5 960.9 968.9 975.9 979.2 982.1 982.3 983.8 985.9 987.4 992.6 994.7 995.1 995.7 998.8 1000.4 1002 1004 1008.6 1013 1020.9 1031.1 1038.4 1045.5 1050.9 1056.3 1060.3 1065.5 1070.7 1076.6 1083.8 1091.6 1097.1 1102.1 1106.3 1108
925.5 926.2 926.8 927.7 928.1 926.4 921.9 915.9 912.7 909.4 905.4 903.8 900.8 897.9 888.5 854.5 818.2 790.5 773.3 763.9 758.6 756.2 752.6 744.5 737.8 728.5 721.3 713.9 708.1 703.3 703.4 709.8 718.6 733.9 757.5 785.1 811.3 837.2 865.1 885.8 902.7 923.3 939.7 963.4 973 977.4 984.3 987.2 987.8 988.5 989.1 992.6 1000.5 1001.3 1001.5 1001.9 1001.5 1002 1003.4 1004.2 1007.1 1012.2 1017.4 1028.1 1035.4 1041.9 1047.8 1053.3 1059.6 1064.7 1072.3 1078.9 1086.4 1094.4 1099.4 1103.8 1107.9 1109.3
928.2 929.2 930.8 932.9 933.7 932.7 927.6 920.3 915.6 911.5 909.7 907.8 904.1 899 885.6 847 805.1 780.9 764.9 759 756.3 755.5 753.5 748.7 741 733.3 722.8 717.4 707.1 702 701.5 704.7 712.6 728.5 740.4 764.7 791.6 816.8 839.9 859.8 876.2 898.5 926 957.5 971.5 978.8 988.2 990.3 989.5 988.8 990.7 995.7 1001.5 1003.6 1003.3 1002.3 1002 1002.4 1002.2 1003.3 1004.4 1010.8 1015.9 1022.4 1029.3 1035.8 1042.4 1049.9 1058.2 1064.4 1072.1 1081.2 1088 1094.2 1099.3 1104.7 1107.8 1109.8
934.5 934.5 935.8 936.9 938.1 936.6 933.3 926.5 921.8 918 914.9 913.1 908.6 901.6 886.1 839.1 796 771.3 755.6 754.9 755.1 755.3 753.5 751.1 743.4 736.7 726 717.6 705.5 700.5 698.9 702.6 707.6 714.8 727.6 748.9 773.4 797.7 818.3 836.1 854.8 880.6 916.6 948.4 964.7 980.3 989.7 991.1 989 987 988.3 992.8 997.7 1002 1004 1003.4 1001.2 1000.1 999.1 998.1 998.6 1004.2 1011.6 1018.2 1024.9 1031.3 1037.2 1044 1053.5 1063.7 1071.5 1080.5 1087.5 1093.4 1098.6 1103.2 1107.8 1109.5
942.2 942 941.3 942 941.8 940.6 938.1 932.9 928.5 925.5 922.3 918.7 914.7 908.9 885 825.8 793.6 768.2 754.5 754.5 754.8 754.7 753.6 751.7 747.1 743 730.8 717.9 708.2 699 695.5 698.9 703.2 710.7 719.8 734.1 755.3 780 800.1 818.7 841.5 868.7 903.7 938.6 955.7 975 986.1 985 982.2 981.6 985.7 988.2 988.7 994.7 996.4 995.6 993.7 993.8 991.9 990.7 990.9 993.2 1005 1013.6 1020.1 1026.7 1033.2 1041.3 1048.7 1061 1069.5 1078.8 1084.5 1089.9 1094.9 1099.5 1104 1107.2
949.5 949.2 948.6 946.9 945.3 943.6 942 939.1 935.5 932.2 929 925.7 921 913.8 880.3 833.4 792.7 767.5 756.6 754.3 754.5 755.1 754.7 754.2 751.4 743.2 730.4 720.9 713.5 702.3 694.7 695.8 700.2 703.8 711.7 721.5 743.8 764 785.9 807.8 830.1 857.9 891.4 930 950.4 966.7 977.7 978.5 977.4 976.2 979 978.9 975.3 979.3 985.6 986.3 987.6 987.3 985.2 984.6 984.6 985.6 995.6 1006.2 1012.6 1019 1028.4 1037.5 1045.6 1053.5 1065.4 1074.9 1080.7 1086.1 1091.2 1095.8 1099.8 1103.4
953.9 954.1 954.3 952.8 951 949.3 947.4 944.8 941.6 938.2 934.8 931.7 924.9 910.4 867.2 833 798.7 777.1 763.4 757.3 757.2 757.8 757.2 756 752.5 744.7 733.2 725.1 718.6 700.5 694.7 694.7 696.3 702.8 704.4 718.6 736.6 749.1 773.5 797.4 820 848.2 882.5 922.8 947.6 961.7 969.5 975.4 969.1 964.8 965.8 965.5 965.5 967.8 972.3 976.4 976.7 977.7 977.8 977.6 975.7 974.3 983 993.4 1002.9 1011.8 1022.4 1032.4 1042.5 1049.3 1057.2 1069.5 1076.9 1082.2 1087.3 1091.6 1095.5 1099.2
958.2 958.6 958.9 958.3 956.5 954.7 952.8 950.2 947 943.8 940.4 936.7 930.8 911.6 873.4 832 807.7 788.6 772.5 763.5 762.4 761.5 761.1 760.3 755.7 749.6 739.1 727.6 718.6 702.8 697.7 694.7 694.6 697.5 701.7 717.3 725.6 739.7 763.4 788.4 811.9 839 870.2 909.5 934.6 954.6 968.2 971.1 963.6 958.2 951.8 955.3 959.1 960.7 963.7 967.6 968.8 969.5 970.5 969.3 969.8 968.1 970.1 979.5 988.5 1002.8 1013.8 1024 1035.1 1045.8 1052.9 1061.2 1071.1 1075.8 1080 1085.3 1089.5 1093.8
961.6 963 962.4 961.9 960.5 958.2 955.9 954.6 952.1 949.2 946 941.7 936.5 925.1 890.8 849.4 824.4 805.6 786.3 777.5 774.4 772.8 771.1 768.6 763.3 755.5 743.9 732.6 720.2 706 701 694.2 690.9 693.4 701.5 717.1 720.2 736.6 758.2 779.7 802.9 826.6 854.6 887.7 917.3 949.2 968.8 967.3 959.2 953.4 948.1 953.8 955.1 955.3 959.7 962.4 962.1 961.8 961.2 960.6 961.5 960.3 963 969.4 976.3 992.9 1005.5 1016.9 1029 1040.5 1050.2 1054.6 1062.5 1067.8 1072.3 1077.6 1082.7 1088.5
