data/290000-80000.asc
ncols 200
nrows 200
xllcorner 290000
yllcorner 80000
cellsize 50
[rows 78 to 116 of 200, columns 87 to 173 of 200]
22.7 20.2 20.4 20.1 16 13.5 15.3 13.9 11.7 10.1 8.7 7 6.2 5.5 4.1 3.7 3 2.4 3.4 3 2.5 2 1.7 1.5 1.4 1.3 1.3 1.3 1.3 1.3 1.1 0.7 2.4 0.4 0.8 1 1.1 1.1 0.8 1.3 4.2 2.7 1 0.3 -0.5 -0.5 -0.5 -0.5 -0.5 -0.5 -0.5 -0.5 -0.5 -0.5 -0.5 -0.5 -0.5 -0.5 -0.5 -0.5 -0.5 -0.5 -0.5 -0.5 -0.5 -0.5 -0.5 -0.5 -0.5 -0.5 0 0.4 0.8 1.1 1.5 2.8 6.2 8.2 10.9 13.2 16.5 17.2 16.2 19.3 23.8 26 28.9
20.5 23.3 31.7 26.2 18.4 18.8 18 16.4 15.1 13.3 10.7 9.3 7.6 6.9 4.6 3.8 3.8 3.8 3.7 3.4 2.9 2.4 1.9 1.6 1.4 1.3 1.3 1.3 1.3 1.3 1.2 0.9 0.9 0.6 0.9 0.5 0.7 0.4 1 0.9 -0.5 2.7 0.9 -0.5 -0.5 -0.5 -0.5 -0.5 -0.5 -0.5 -0.5 -0.5 -0.5 -0.5 -0.5 -0.5 -0.5 -0.5 -0.5 -0.5 -0.5 -0.5 -0.5 -0.5 -0.5 -0.5 -0.5 -0.5 -0.5 -0.2 0.1 0.5 0.9 1.2 1.4 1.6 5.7 8.1 11.1 16.1 19.4 21.3 20.2 22.5 24.9 28.4 30.2
26.5 32.7 34.1 27.5 20.5 25.9 25 21 18.8 16.4 13.8 12.2 9.8 7.9 6.2 4.9 3.4 3.5 3.8 3.4 3 2.7 2.2 1.7 1.4 1.4 1.3 1.3 1.3 1.2 1.2 1 1.3 1 0.2 0.4 1.2 1.2 0.8 0.8 -0.5 -0.5 0.9 -0.5 -0.5 -0.5 -0.5 -0.5 -0.5 -0.5 -0.5 -0.5 -0.5 -0.5 -0.5 -0.5 -0.5 -0.5 -0.5 -0.5 -0.5 -0.5 -0.5 -0.5 -0.5 -0.5 -0.5 -0.5 -0.5 -0.1 0.3 0.5 0.8 1 1.3 1.5 5.2 7.1 10.3 16.6 19.8 21.5 21.7 24 26 28.1 30.3
36.1 36.5 33.5 27.5 21.1 29.7 32.3 27.1 22.9 19.7 17.1 14.2 12.1 9.1 7.8 6.6 5.5 4.9 3.3 3.1 2.8 2.5 2.2 1.9 1.5 1.3 1.3 1.3 1.3 1.2 1.2 1.2 1.2 1.2 2.6 0.9 1.1 1.3 1.3 1.3 -0.5 -0.5 1 -0.5 -0.5 -0.5 -0.5 -0.5 -0.5 -0.5 -0.5 -0.5 -0.5 -0.5 -0.5 -0.5 -0.5 -0.5 -0.5 -0.5 -0.5 -0.5 -0.5 -0.5 -0.5 -0.5 -0.5 -0.5 -0.3 -0.1 0.2 0.4 0.7 0.9 1.2 1.4 1.6 5.8 9.5 16.1 19.3 21.6 22.2 24.6 25.5 27.4 28.2
40.1 38.4 34.5 28.2 23 30 40.2 34.9 28.6 25.8 22.8 19.3 15.5 11.8 9.9 8.2 6.9 5.8 3.2 2.9 2.5 2.2 1.9 1.8 1.6 1.3 1 1 1 1 1 1.1 1.1 1.1 1 2.8 1.4 1.7 1.6 1.3 1.1 -0.5 -0.5 -0.5 -0.5 -0.5 -0.5 -0.5 -0.5 -0.5 -0.5 -0.5 -0.5 -0.5 -0.5 -0.5 -0.5 -0.5 -0.5 -0.5 -0.5 -0.5 -0.5 -0.5 -0.5 -0.5 -0.5 -0.5 -0.5 -0.1 0.1 0.4 0.6 0.8 1.1 1.3 1.5 6 8.9 13.7 18.2 22.3 23.4 24.6 25.6 25.4 25.9
40.3 38.2 33.1 27.2 24.9 35.9 45.1 42.7 37.9 32.2 29 25.7 20.8 16.7 13.9 11.6 8.5 5.7 3.6 2.9 2.3 2.2 2.2 2 1.7 1.5 1.1 0.8 0.5 0.5 1.1 1 1 1 1 1 2.6 1.9 1.7 1.2 0.7 1.2 -0.5 -0.5 -0.5 -0.5 -0.5 -0.5 -0.5 -0.5 -0.5 -0.5 -0.5 -0.5 -0.5 -0.5 -0.5 -0.5 -0.5 -0.5 -0.5 -0.5 -0.5 -0.5 -0.5 -0.5 -0.5 -0.5 -0.5 -0.2 0.1 0.3 0.5 0.8 1 1.2 1.5 5.1 7.8 13.1 17.8 20.9 22.6 23.3 23.9 23.6 24
38.6 35.3 30.6 26.9 33.1 39.5 42.3 41.7 38.9 32.4 31.4 28.2 24.2 20.9 18.1 13.8 9.3 5.4 6.3 5.6 4.7 3.4 2.4 2.1 1.8 1.6 1.3 1 0.6 0.6 1.2 1.2 1.1 1.1 1.1 1.2 0.3 2.5 1.2 0.9 0.9 2.6 -0.5 -0.5 -0.5 -0.5 -0.5 -0.5 -0.5 -0.5 -0.5 -0.5 -0.5 -0.5 -0.5 -0.5 -0.5 -0.5 -0.5 -0.5 -0.5 -0.5 -0.5 -0.5 -0.5 -0.5 -0.5 -0.5 -0.5 -0.2 0 0.2 0.5 0.7 0.9 1.2 1.4 1.6 6.9 11.4 18.6 20.9 21.4 21.8 22.2 20.4 19.6
34.2 32.4 34 35.2 41 40.5 36.6 34.2 31 27.2 26.1 23.5 21.8 21.7 19.5 15 9.4 10.3 12.5 10.5 7.9 6.1 4.1 2 1.8 1.7 1.5 1.5 1.3 1.2 1.3 1.3 1.3 1.3 1.2 1.1 0.5 0.5 1.7 0.4 0.5 0.6 -0.5 -0.5 -0.5 -0.5 -0.5 -0.5 -0.5 -0.5 -0.5 -0.5 -0.5 -0.5 -0.5 -0.5 -0.5 -0.5 -0.5 -0.5 -0.5 -0.5 -0.5 -0.5 -0.5 -0.5 -0.5 -0.5 -0.5 -0.3 -0.1 0.2 0.4 0.7 0.9 1.1 1.4 1.6 6.4 9.2 19.4 20.4 20.8 20.7 19.9 17.1 16.6
40.1 40.5 44.4 45.5 43.8 40.7 34.4 28.6 23.9 22.1 21.3 17.3 15.9 15.5 15.6 12.2 11.2 18.7 18.9 15.7 11.9 9.3 7.2 4 1.6 1.5 1.3 1 0.8 1 1.2 1.3 1.3 1.4 1.4 1.2 0.9 0.7 0.3 1.3 0.1 0.2 -0.5 -0.5 -0.5 -0.5 -0.5 -0.5 -0.5 -0.5 -0.5 -0.5 -0.5 -0.5 -0.5 -0.5 -0.5 -0.5 -0.5 -0.5 -0.5 -0.5 -0.5 -0.5 -0.5 -0.5 -0.5 -0.5 -0.5 -0.3 -0.1 0.2 0.4 0.6 0.9 1.1 1.3 1.5 2.4 7.8 18 20 19.3 15.9 16.4 15.3 13.3
51.9 52.9 52.3 49.9 45.3 39.3 32.2 27 23.5 21.6 21.8 20.3 17 14.5 12.4 13.4 18.1 25.1 24.5 21.5 17.4 13.5 9.9 5.9 2.4 2.5 1.4 1.4 0.6 0.8 1.1 1.2 1.2 1.3 1.3 1.3 1 0.7 0.8 0.1 0.8 0.3 0.7 -0.5 -0.5 -0.5 -0.5 -0.5 -0.5 -0.5 -0.5 -0.5 -0.5 -0.5 -0.5 -0.5 -0.5 -0.5 -0.5 -0.5 -0.5 -0.5 -0.5 -0.5 -0.5 -0.5 -0.5 -0.5 -0.5 -0.3 -0.1 0.1 0.3 0.5 0.7 0.9 1.1 1.3 1.6 7.1 15.6 18.2 16.1 13.3 11.5 11.2 14.6
61.3 55.8 51.9 48.5 42.7 36.5 29.8 25.6 24.7 24.5 24.2 21.7 19.4 16.9 15.8 19.4 24.1 27.6 27.8 24.8 21 16 10.2 4.2 5 8.2 6.1 2.4 1.3 0.6 0.9 1.1 1.1 1 1.5 1.2 1 0.7 0.7 0.8 0.2 0.2 0.4 -0.5 -0.5 -0.5 -0.5 -0.5 -0.5 -0.5 -0.5 -0.5 -0.5 -0.5 -0.5 -0.5 -0.5 -0.5 -0.5 -0.5 -0.5 -0.5 -0.5 -0.5 -0.5 -0.5 -0.5 -0.5 -0.5 -0.4 -0.2 0 0.2 0.4 0.6 0.8 1 1.2 1.5 3.1 10.2 12.1 9.8 8.8 10.5 14.2 16.5
62.1 57.4 51.4 44.3 38.5 32.5 31.1 30.1 28.7 27.8 25.7 23.6 20.8 21.2 20.2 20 24.8 28.1 27.7 25.8 21.4 14 6 6.9 11.7 12.5 10.5 7.1 2.7 0.7 0.6 1 0.8 1.2 1.4 1.2 1 0.7 0.6 0.9 0.9 0.4 0.4 2.3 -0.5 -0.5 -0.5 -0.5 -0.5 -0.5 -0.5 -0.5 -0.5 -0.5 -0.5 -0.5 -0.5 -0.5 -0.5 -0.5 -0.5 -0.5 -0.5 -0.5 -0.5 -0.5 -0.5 -0.5 -0.5 -0.5 -0.4 -0.2 0 0.2 0.4 0.6 0.9 1.1 1.4 2 3.2 4.7 6.1 10.7 13.9 16.2 18.3
59.1 53.2 47 40.5 37.8 36.1 35.1 34.6 33 31.8 29.8 26.8 27 25.8 25.4 21.7 22.9 23.3 24.2 22.2 18 11.6 7.7 18.2 19 16.5 14.4 11.1 6.3 1.9 3.5 3.4 1.4 1.5 1.4 1.1 0.9 0.7 0.5 0.7 1 1 0.6 0.7 0.6 -0.5 -0.5 -0.5 -0.5 -0.5 -0.5 -0.5 -0.5 -0.5 -0.5 -0.5 -0.5 -0.5 -0.5 -0.5 -0.5 -0.5 -0.5 -0.5 -0.5 -0.5 -0.5 -0.5 -0.5 -0.5 -0.5 -0.3 -0.1 0.1 0.3 0.5 0.8 1 1.3 1.5 3.3 4.3 12.3 15.7 16.4 18.5 20.9
55.3 48.9 44.5 43.5 41.9 41 40.2 39.6 37.9 37.1 33.6 29.8 28.2 27 24.9 23.8 20.6 20.1 19.2 18 15.3 9.6 9.4 24.1 24.7 21.9 17.6 13.3 7.1 5.2 7.9 8 5.3 1.4 1.1 0.9 0.8 0.7 0.6 0.5 0.5 1.1 1.1 0.6 1.1 0.7 -0.5 -0.5 -0.5 -0.5 -0.5 -0.5 -0.5 -0.5 -0.5 -0.5 -0.5 -0.5 -0.5 -0.5 -0.5 -0.5 -0.5 -0.5 -0.5 -0.5 -0.5 -0.5 -0.5 -0.5 -0.5 -0.5 -0.3 -0.1 0.1 0.4 0.7 0.9 1.1 1.4 1.6 6.2 14.2 18.8 19.9 21.3 22.7
52.7 51.2 49.4 50.8 47.7 47.8 46.2 44.3 41.7 39.5 36.1 31.5 28 25.5 23 20.5 19.7 18.4 15.9 14.1 12.5 9.4 10.7 22.8 25.2 23.5 18.9 15.3 7.2 9.1 13.3 14.3 9.2 3 1.1 1.1 1 0.8 0.8 0.7 0.5 0.4 0.3 0.8 0.8 1.2 0.8 -0.5 -0.5 -0.5 -0.5 -0.5 -0.5 -0.5 -0.5 -0.5 -0.5 -0.5 -0.5 -0.5 -0.5 -0.5 -0.5 -0.5 -0.5 -0.5 -0.5 -0.5 -0.5 -0.5 -0.5 -0.5 -0.4 -0.2 0 0.3 0.5 0.8 1 1.2 1.5 3.5 11.2 16.2 21 22.1 22.5
60.2 60.9 63 65.1 60 59.9 59.1 55.5 46.5 40.4 35.8 31.9 28.2 24.3 21.5 19.5 19.2 16.5 16.8 14.6 11.9 9 9.2 17.3 19.3 19.2 16.7 13.6 9.9 15.5 21.8 22.1 15.2 8.6 3.3 1.3 1.1 1 0.9 0.8 0.7 0.6 0.4 1.3 0.5 0.5 1.1 0.9 0.8 -0.5 -0.5 -0.5 -0.5 -0.5 -0.5 -0.5 -0.5 -0.5 -0.5 -0.5 -0.5 -0.5 -0.5 -0.5 -0.5 -0.5 -0.5 -0.5 -0.5 -0.5 -0.5 -0.5 -0.5 -0.3 -0.1 0.1 0.4 0.6 0.8 1.1 1.3 1.6 6.5 12 16.9 21.6 22.8
73.1 75.5 76.3 75.2 74.4 72.1 69.3 62.6 53.2 42.3 34.6 31.2 28 25.4 23 20.5 20.5 19.2 18.1 16.3 14.2 10.9 9.1 12.2 14.5 15 14.7 12.4 15.1 20.4 28.8 30.9 22.6 15.4 10 2.3 1.3 1.2 1.1 1 0.9 0.6 0.4 1.3 0.7 1 1 1.1 1 0.9 1.4 1 -0.5 -0.5 -0.5 -0.5 -0.5 -0.5 -0.5 -0.5 -0.5 -0.5 -0.5 -0.5 -0.5 -0.5 -0.5 -0.5 -0.5 -0.5 -0.5 -0.5 -0.5 -0.5 -0.3 -0.1 0.2 0.4 0.7 0.9 1.2 1.4 2.8 8.1 13.1 17 21.4
76.9 75.5 77.7 77.9 78.2 77.1 74 67.4 54.7 42.8 35.1 32.1 30.2 27.4 24.6 22.7 21.8 20.6 18.5 16.5 15.7 12.7 11.6 12 13.3 14.3 14.6 14.2 15.7 22.3 31.9 38.8 33.7 28.5 18.4 8.6 1.2 1.3 1.3 1.1 0.9 0.6 0.4 1 1 1.1 1.1 1.1 1.2 1.1 1.6 1.2 1.6 0.9 0.5 0.2 -0.1 -0.5 -0.5 -0.5 -0.5 -0.5 -0.5 -0.5 -0.5 -0.5 -0.5 -0.5 -0.5 -0.5 -0.5 -0.5 -0.5 -0.5 -0.5 -0.2 0 0.2 0.5 0.8 1 1.3 1.5 5.9 9.2 12.5 17.5
70 67.2 66 66.4 67.8 72.1 75.1 71.2 60.6 46 39.5 35.2 32.1 29.1 26.1 25.1 24.1 22.9 20.5 18.2 17 15.7 14.2 14.1 13.9 15 16.2 17.3 18.8 24.1 33.9 42.1 42.2 37.4 27.4 20.8 12.5 0.7 1.2 1.3 1.2 1.1 1 1 0.9 0.9 0.9 1 0.7 1.3 1.4 1.1 0.9 2.4 1.4 0.9 0.5 0.2 0 -0.2 -0.5 -0.5 -0.5 -0.5 -0.5 -0.5 -0.5 -0.5 -0.5 -0.5 -0.5 -0.5 -0.5 -0.5 -0.5 -0.4 -0.2 0.1 0.4 0.6 0.9 1.1 1.4 1.6 5.9 9.4 13.9
58.8 56.1 54.3 54.1 57.1 63.2 68.6 71.2 68.6 62.9 51.4 42.7 37.9 32.1 28.6 27.4 26.3 25.3 22.8 20.1 18 16.8 15 15.2 15.2 15.9 17 18.4 21 24.7 29.5 34 38.1 39.4 36.3 32.3 24.5 10.8 1.3 1.4 1.2 1.2 1.1 1 0.9 0.9 0.8 0.8 0.6 0.9 1.1 1 1 1.2 0.9 1.4 1 0.6 0.4 0.2 0.1 -0.1 -0.3 -0.5 -0.5 -0.5 -0.5 -0.5 -0.5 -0.5 -0.5 -0.5 -0.5 -0.5 -0.5 -0.5 -0.3 0 0.2 0.5 0.7 1 1.3 1.5 2.1 7.4 9.4
56 52.4 48.9 47.4 50.2 55.5 60.8 65.9 67.8 68.1 62.2 54.5 46.3 39.6 35.1 32.4 29.6 27.8 24.9 22.1 19.9 18 16.2 15.9 16.3 17.1 18.2 19.3 20.7 23.2 26.4 28.7 31.4 32.5 34.3 34.6 31.8 23.2 8 1.3 1.3 1.2 1.1 1 0.9 0.9 0.8 0.8 0.5 0.5 1.3 1 0.5 0.8 1.6 1.1 1.3 0.9 0.7 0.5 0.2 0.1 -0.1 -0.2 -0.4 -0.5 -0.5 -0.5 -0.5 -0.5 -0.5 -0.5 -0.5 -0.5 -0.5 -0.5 -0.5 -0.2 0.1 0.4 0.6 0.9 1.1 1.4 4.6 2.4 6.5
57.6 55.3 46.8 43.1 44.3 49.2 52.5 57.1 57.6 65.3 63.9 54.9 44.9 43.4 43.8 41.3 36.6 31.6 25.8 25.2 23.4 21.4 19.2 18 18.1 18.4 19.5 20.4 21.9 23.2 23.4 23.8 24.5 25.2 25.7 25.1 24.2 21.2 14.7 8 3.9 2.6 1.1 1 0.9 0.9 1 0.7 0.6 0.7 1.1 1.1 0.9 1.4 1.3 1 1.4 1.2 0.9 0.6 0.4 0.3 0.1 0 -0.2 -0.3 -0.5 -0.5 -0.5 -0.5 -0.5 -0.5 -0.5 -0.5 -0.5 -0.5 -0.5 -0.3 0 0.3 0.5 0.8 1.1 1.3 1.6 2.7 2.7
45.9 52.8 49.5 42.1 38.3 45.8 45.5 44.7 48.4 55.4 55.6 49.9 40.1 36.3 39.1 41.9 38.8 36.1 32.3 29.2 27.6 25.4 23.1 20.8 20.2 20.4 20.9 21.5 23 23.5 23.1 21.8 20.9 19.8 18.3 17.9 17.3 14.8 12.9 9.5 7.7 6 0.5 1.2 1.3 1 0.9 0.7 0.8 0.8 0.8 0.9 1 1.3 1.1 1.1 1.6 1.3 1 0.8 0.6 0.5 0.3 0.1 0 -0.2 -0.3 -0.5 -0.5 -0.5 -0.5 -0.5 -0.5 -0.5 -0.5 -0.5 -0.5 -0.3 -0.1 0.2 0.5 0.7 0.8 1 1.2 2.4 2.2
32.8 39.1 43 41.8 35.5 37.2 36.6 35.9 42.7 46.2 47 43.3 35.8 32.8 28.8 34.9 39.4 38 32.9 32.4 31.5 29.2 26.8 24.4 24 24.3 23.9 23.1 23.3 23.6 23.4 20.9 18.2 15.9 14.3 13 11.7 9.3 7.6 5.9 4.7 2.5 1.2 3.6 3.7 1.6 0.8 0.8 0.7 0.7 0.8 0.9 1 2 1 1 1.6 1.3 1.1 1 0.7 0.5 0.4 0.2 0 -0.1 -0.2 -0.4 -0.5 -0.5 -0.5 -0.5 -0.5 -0.5 -0.5 -0.5 -0.5 -0.5 -0.4 -0.2 0 0.2 0.3 0.5 0.8 4.9 2.2
23.6 28.7 32.2 35.7 34.8 29.4 29 29.3 33.7 36.9 38 36.4 31.5 29.1 24.9 26.5 31.2 32.6 28.8 27.4 33.1 31.4 29.3 27.8 28.4 29.2 28.2 25.1 23.1 21.9 21.1 19.6 16.1 14.8 11.1 8.8 7.1 6.1 6 4.2 2.8 1.8 4.2 7.6 7.3 5.9 1.2 1.4 0.6 0.6 0.7 0.8 1.1 0.7 2.1 0.9 2.7 1.4 1.2 1 0.8 0.6 0.4 0.3 0.2 0 -0.1 -0.3 -0.5 -0.5 -0.5 -0.5 -0.5 -0.5 -0.5 -0.5 -0.5 -0.5 -0.5 -0.5 -0.5 -0.3 -0.2 0 0.5 1.6 3.3
15.2 18.2 22.5 26.4 29.6 29.2 24.7 22.5 24.9 27.9 30.4 29.5 27.2 25.1 22.1 20.7 22.1 23 23.4 23.3 30.1 32.5 33.1 34.1 36.2 36.3 33.1 28.2 26.1 22.8 19.1 15.6 13.6 11.8 9.2 7.7 8.3 8.9 7.6 5.2 3.1 7.4 10.3 11.8 10.8 7.7 4.2 1.4 2.2 1.1 1 0.9 1.1 1.1 0.8 0.8 1.5 1.5 1.2 1.1 0.9 0.7 0.5 0.4 0.2 0.1 -0.1 -0.2 -0.4 -0.5 -0.5 -0.5 -0.5 -0.5 -0.5 -0.5 -0.5 -0.5 -0.5 -0.5 -0.5 -0.5 -0.5 -0.5 0.2 1.4 3.5
11.5 11.9 13.2 16.7 20.6 22.3 21.8 18.6 19.2 21.8 24.7 24.1 22.7 20.8 19 17.3 16.4 15.7 16.8 21.6 28.5 35.4 38.5 42.1 44.2 42.4 40.5 34.7 30.8 27.2 23.1 19.4 16.1 13.9 12.3 11.7 11.8 10.1 8.3 6.1 7.3 14.8 16.5 18.8 16.7 10.6 7.5 4.6 4.2 2.6 2 1.4 1.4 1.3 0.8 0.5 0.9 1.5 1.3 1.1 0.9 0.8 0.6 0.5 0.3 0.2 0 -0.1 -0.3 -0.5 -0.5 -0.5 -0.5 -0.5 -0.5 -0.5 -0.5 -0.5 -0.5 -0.5 -0.5 -0.5 -0.5 -0.5 -0.5 1.2 3.6
11.1 10.4 10.9 10.8 11.4 14.9 15.8 15.4 16 17.7 19.5 19.3 18.2 16.6 14.9 13.5 13.4 13.3 14 18.9 25.1 32.2 39.7 46.3 49.5 47.7 46.1 45.3 43.1 38.6 34.3 29.6 23.7 17.8 16.2 15.8 15.2 12.7 10.2 9.4 12.9 25.4 24.9 28.5 22.2 17.1 14.3 9.3 5.5 4.2 4.1 3.7 1.7 1.2 0.8 0.8 1.9 1.5 1.4 1.2 1 0.9 0.7 0.6 0.4 0.2 0 -0.2 -0.5 -0.5 -0.5 -0.5 -0.5 -0.5 -0.5 -0.5 -0.5 -0.5 -0.5 -0.5 -0.5 -0.5 -0.5 -0.5 -0.5 1 2.5
11.2 10.5 10.4 10.2 10.1 9.9 11.2 11.9 12.6 13.6 14.5 14.5 13.9 12.5 10.1 8.9 9.2 10 11.3 14.5 20.6 23.7 30.9 38.5 44.5 46.4 47.4 50.1 51.9 49.5 46.5 39.4 33.4 22.6 19.8 19.8 19.7 17.4 14.2 15.2 18.4 26.8 32.1 31.6 25.8 20.1 16.5 10.6 5.8 2.9 1.4 1.1 0.9 1.8 1.3 1.3 0.4 1.6 1.4 1.3 1.1 1 0.8 0.6 0.3 0.1 -0.2 -0.5 -0.5 -0.5 -0.5 -0.5 -0.5 -0.5 -0.5 -0.5 -0.5 -0.5 -0.5 -0.5 -0.5 -0.5 -0.5 -0.5 -0.5 0.7 1.4
12.6 11.6 10.8 9.7 10 9.6 9.4 9.6 9.1 9.8 10.4 10.4 9.9 8.4 7 6.9 6.8 7 7 8.2 12.6 15.6 20.1 27.2 34.5 40.3 42.8 46.9 53.6 52.7 48.1 43.6 35.1 25.9 24.6 24.8 24.6 21.5 17.3 19.9 23.1 25.7 28.5 27.8 24.6 18.8 13.6 7.9 3.5 3.1 2.7 3.7 5.3 4.4 3.1 0.9 0.6 4 1.5 1.4 1.1 0.9 0.6 0.3 0.1 -0.2 -0.5 -0.5 -0.5 -0.5 -0.5 -0.5 -0.5 -0.5 -0.5 -0.5 -0.5 -0.5 -0.5 -0.5 -0.5 -0.5 -0.5 -0.5 -0.5 0.5 4.9
14.3 12.9 12.6 11.7 10.5 9.3 8.9 8.7 8.1 8 7.9 8.1 8.1 7.4 6.2 6.4 6.2 6.2 6.5 6.5 6 8 12.8 20 27.3 31.9 35.6 42.2 48.9 53.6 49.3 42.8 38 34.6 32.7 30.3 29.3 30.6 27.4 26.4 24.3 23.7 23.5 22.3 19.3 14.6 9.5 6.1 6.8 6.7 5.5 7.2 5.6 4.8 3.9 1.2 0.7 0.5 1.4 1.1 0.9 0.6 0.3 0.1 -0.2 -0.5 -0.5 -0.5 -0.5 -0.5 -0.5 -0.5 -0.5 -0.5 -0.5 -0.5 -0.5 -0.5 -0.5 -0.5 -0.5 -0.5 -0.5 -0.5 -0.5 -0.5 1.4
18.5 15.6 14.2 12.9 11.8 10.9 10.1 9.3 9 8 8.1 8 8 7.7 7.6 6.7 5.6 5.5 6.4 6.1 5.2 5.4 6.7 12.9 19.9 23.6 29.7 36.4 43.3 52.2 53.2 48.9 46.6 44.3 41.6 38.9 40.3 38 33.9 30.1 24.8 19.8 18.1 16.1 12.2 9.7 8.3 6.7 9.7 10 9.1 7.5 5.9 4.9 4.2 1.5 1 1.1 4.6 1.1 0.6 0.3 0.1 -0.2 -0.5 -0.5 -0.5 -0.5 -0.5 -0.5 -0.5 -0.5 -0.5 -0.5 -0.5 -0.5 -0.5 -0.5 -0.5 -0.5 -0.5 -0.5 -0.5 -0.5 -0.5 -0.5 0.9
23.6 20.2 17 15.6 14.2 12.9 12.2 11.2 10.4 10.6 10.2 9.9 9.4 8.5 8.9 9.8 8.8 7.5 6.4 6.7 5.8 5.5 5.5 6.1 11.7 17.9 23.9 30.5 37.6 48.4 56 55.4 53.2 53.4 51.8 48.5 45.9 43.4 37.5 32.7 26.2 21 20.7 19.6 15 12.8 10.5 8.9 9.7 10.3 9.6 8.1 6.4 5.1 4.5 4.4 3.4 1.1 1 1.5 0.7 0.1 -0.2 -0.5 -0.5 -0.5 -0.5 -0.5 -0.5 -0.5 -0.5 -0.5 -0.5 -0.5 -0.5 -0.5 -0.5 -0.5 -0.5 -0.5 -0.5 -0.5 -0.5 -0.5 -0.5 -0.5 0.6
26.5 24.5 20.1 18.3 18.9 19.3 18.3 17.1 16.9 15.4 13.7 11.4 9.7 9 11.8 11.9 10.1 9.4 8.1 7 6.8 5.9 5.8 5.6 6 12.2 18 24.5 33.7 42.9 50.2 56.4 55.9 58.6 59.6 57.3 52.9 45.5 39.3 34.1 27.2 29.6 25.6 23.3 19.4 14.4 11.5 11.4 11.4 10.5 9.5 8.8 7.4 6 5.1 4.4 4.1 3.2 2.3 4.1 1.1 0.4 -0.5 -0.5 -0.5 -0.5 -0.5 -0.5 -0.5 -0.5 -0.5 -0.5 -0.5 -0.5 -0.5 -0.5 -0.5 -0.5 -0.5 -0.5 -0.5 -0.5 -0.5 -0.5 -0.5 -0.5 0.3
27.4 25.1 20.6 21.1 22.3 23.8 24.1 23.7 22.5 18.6 14.8 12 10.3 11.5 19.7 17.8 13.8 11.6 9.8 8.6 7.6 6.3 5.2 5.2 4.9 6.5 12.1 19.1 28.6 35.9 42.9 48.3 53.6 56.9 63.1 59.8 54.4 44.9 37.8 32.1 35 37.5 30.7 27 22.3 16.3 13.6 12.9 12.9 11.8 10.5 9.2 8 6.9 6.2 5.4 4.5 4.2 3.8 3 1.5 0.7 -0.5 -0.5 -0.5 -0.5 -0.5 -0.5 -0.5 -0.5 -0.5 -0.5 -0.5 -0.5 -0.5 -0.5 -0.5 -0.5 -0.5 -0.5 -0.5 -0.5 -0.5 -0.5 -0.5 -0.5 0.2
26.6 23.8 22 23.1 24.4 26.3 27.1 27.4 22.7 19.2 15.3 12.7 11.4 12.5 20.2 20.2 18.1 16.1 12.2 10 9 7.8 6.7 5.1 4.4 4.5 6.3 13.9 21.6 28.1 34.5 38.7 43.1 50 62.5 60.8 55.3 44.9 40.1 40.3 42.8 38.6 32.6 28.1 24 18.2 15.7 14.4 14.3 13.2 11.9 10.5 8.8 7.3 6.4 5.5 4.6 4.1 4.3 3.4 2.9 1 0.1 -0.5 -0.5 -0.5 -0.5 -0.5 -0.5 -0.5 -0.5 -0.5 -0.5 -0.5 -0.5 -0.5 -0.5 -0.5 -0.5 -0.5 -0.5 -0.5 -0.5 -0.5 -0.5 -0.5 0.1
28.5 26.6 24.8 24.7 25.6 27.2 28.1 27.1 22.6 19.3 15.8 13 11.4 14.4 20.9 20.9 19.5 17.9 15.7 14.2 11.1 9.1 7.5 5.7 4.1 4.6 5.1 5.8 13.3 19.8 25.4 29.1 33.1 41.6 52.7 64.3 60.1 55 51.6 49.1 42.9 36.1 30.4 26.6 24.6 20.9 18 16.3 15.6 14.1 12.5 10.8 8.9 7.3 6.5 5.6 4.7 4.4 4.3 3.4 2.8 1.4 0.5 -0.5 -0.5 -0.5 -0.5 -0.5 -0.5 -0.5 -0.5 -0.5 -0.5 -0.5 -0.5 -0.5 -0.5 -0.5 -0.5 -0.5 -0.5 -0.5 -0.5 -0.5 -0.5 -0.5 0.4
31.1 29.8 28.2 26.6 26.9 27.9 28.9 26.3 22.6 18.9 15.5 12.8 11.3 14.6 19.6 20.6 20.3 18.1 17.4 16.2 13 10 8.1 6.5 4.4 3.8 4.1 4.5 7.9 11 16.4 22.4 28.1 33.9 42.7 53.8 63.3 63.4 57.7 49.7 42.4 37.3 33.5 30.9 27.7 23.8 20.5 18 15.4 14.5 12.8 10.9 8.9 7.4 6.6 5.7 4.9 4.6 3.8 3.5 3 5 1 0.2 -0.5 -0.5 -0.5 -0.5 -0.5 -0.5 -0.5 -0.5 -0.5 -0.5 -0.5 -0.5 -0.5 -0.5 -0.5 -0.5 -0.5 -0.5 -0.5 -0.5 -0.5 -0.5 0.5
32.7 31.8 29.5 28.7 27.9 28.5 27.5 24.7 21.3 17.5 14.8 12.7 13.1 15.3 17.7 19.4 19.7 19.7 18.8 16.7 14.5 11.8 8.7 7.2 6.3 3.6 3.6 3.6 6.6 9.2 13.2 18.4 21.9 27.4 34.4 43.8 58 63.6 59.9 52.2 45.3 44.9 41.1 38 31.6 27.8 24.4 20.9 16.4 13.8 12.4 10.7 8.9 7.5 6.6 5.8 5 4.6 4.3 3.9 3.5 4.3 1.3 0.3 -0.5 -0.5 -0.5 -0.5 -0.5 -0.5 -0.5 -0.5 -0.5 -0.5 -0.5 -0.5 -0.5 -0.5 -0.5 -0.5 -0.5 -0.5 -0.5 -0.5 -0.5 -0.5 0.1
