data/290000-770000.asc
ncols 200
nrows 200
xllcorner 290000
yllcorner 770000
cellsize 50
[rows 140 to 174 of 200, columns 0 to 77 of 200]
603.2 612.4 620 626.9 635.4 634.1 636.5 629.8 613.9 590.6 569.3 546.8 526.9 510.4 496.5 485.5 472.3 455 453.3 471.4 484.9 503.3 520.4 529.4 533.1 530.3 514.3 487.7 461.3 438.8 415.3 393.8 372 350.6 332.3 318.6 305.5 296.2 289.9 284.6 282.5 279.9 283.8 298.2 311.4 335.8 359.4 374 396.7 422 451.3 473.4 483.2 490.6 497 498.8 504.1 507.9 509.5 505.8 497.5 479.4 505.5 538.9 565.5 585.8 609.7 640.4 666.6 687.8 702.7 705.7 712.7 730.3 761.2 787.4 807.6 830.8
593.2 599.5 609.7 621.1 624.1 620.4 617.6 610.5 599.5 577.1 554.5 534.2 514.2 500.2 490.9 479.3 467.5 446.5 455.4 471.3 485.3 504.7 518.3 523.2 519.1 511.2 491.3 466.5 439.4 418.2 392.7 371.1 350.5 332.1 314.8 302.7 293.6 287.3 280.5 279.6 279 279.2 300.3 318.2 334.1 355.3 382.1 392.6 419.1 446.2 477.6 491 498.4 506.5 510.1 510 519.5 528.1 532.6 530.2 522.3 511.9 492.6 526.6 553.4 580.3 605.6 632.6 659.8 684.2 702 710.5 716.8 734 764.3 789.1 809.4 834.1
585.6 589.9 597.8 610.9 612.8 609.1 603.1 597.2 581 564.4 544.3 523.5 505.5 493.1 482.8 472.4 459.6 439 457.5 472 487.3 504 513.1 516.6 506.7 488.4 468.2 443.7 418.1 394.6 372.2 351.1 332.5 315 300.4 291.7 286.6 280.9 278.6 278.2 281.2 298.8 315.8 333.9 359.3 379.2 402.4 411.7 437 467.1 492.8 502.8 512.4 521.9 518.4 527.4 538 548.6 553.4 550.9 543.1 535.3 526.6 515 539.9 568.6 601.2 629.4 657.4 680.2 699.4 715 719.3 735.9 761.8 788 809.4 834.2
576 580.1 585.3 594.9 596.4 600 595.9 581.1 568.1 549.2 531.7 512.7 497.4 485.9 475 467 451.6 430.1 456.5 473.6 486.8 498.3 502.7 503 488.1 467.7 445.5 420.9 398 374.6 352.9 333.1 313.8 300.4 289.4 283.4 279.2 278.5 279 284.5 296.4 314.8 337 358 381.4 406.4 417.3 431.5 455.5 483.3 503.1 513.8 525.3 530.8 535.8 540.3 549.1 559.1 566.1 567.5 566.9 560.5 555.2 542.4 542.7 567 591 622.2 652.2 675.7 694.9 710 717.5 735.4 760.9 784.4 807.8 834.4
559.5 564.4 569.8 582.1 586.7 590.7 582.9 567.7 553.7 538.4 521.3 504 490.3 477.4 465.7 454.5 433.8 433 455.3 472.4 483.1 489.6 492 484 464.4 444.3 423.1 398.4 378.6 356.4 335 318.9 302.1 289.2 282.2 276 271.2 273.3 281.5 296.6 313 335.8 357.1 382.4 407.9 426.5 430.6 445.2 472.7 500.4 512.6 521.9 534.4 542.4 545.4 548.2 556.9 567.1 573.3 580.5 587.6 578.1 576.2 570 550.2 580.3 613.6 636.3 650.8 665.2 690.3 702.9 714.1 733.9 757.5 778.4 804 831.4
544.3 547.5 555 566.5 574.1 575.7 564.6 555.8 540.4 527.4 509.4 495.2 480.8 467.3 457.8 438.3 412.1 441.2 455 470.5 481.9 484.9 477.5 460.2 441.7 421.8 403.4 380.8 359.3 337.8 322.2 303.5 288.6 282.4 277.9 270.4 268.9 280.1 293.7 311.6 335.5 356.8 379.7 404.6 426.1 439 444.3 458.1 489.5 508.4 519.7 529.5 545.3 550.9 550.4 556.9 565 577.1 584.6 592 593.9 594.7 598 591.9 575.7 573.3 615.6 640.4 664 682.4 691.7 699.5 711.4 729.9 753 775.6 799.1 830.7
531.3 536.3 547.2 548.8 558.7 557.8 550.2 540.9 531.5 517.8 497.7 486.3 471.2 459.5 447.3 422.8 418.9 437.8 454.3 468.5 476.2 478.1 458.9 440.8 420.8 402.7 383.1 361.8 341.9 323.7 305.6 291 282.2 275.3 271.6 269 278.9 294 313 335 357.2 381.2 404 420.1 436.2 448.9 453.7 467.1 497.7 512.9 523.7 537.7 550.7 551.6 557.4 565.5 575.2 587.4 593.8 604.5 607.4 613.7 617.6 620 607 589.9 609.9 638.2 666.4 685.5 699 705.3 715.9 734 755.5 776.8 797.8 826.3
522.4 528.2 532.6 537 545.8 542.8 537.8 529.2 520.9 501.6 489.7 480.3 461.9 449.4 436.3 410.1 420.7 432.2 446.2 459.8 464.3 457.7 438.9 422.3 403.8 381.8 362.5 341.7 324.3 307 291.2 280.4 275.1 271.6 269.6 279.2 290.8 310.1 331.5 357.4 380.1 403.1 419.2 431.2 446.5 462.3 466.5 486.9 504.8 515.1 526.9 539.6 548.8 553.6 562.3 571.9 586.1 597.4 604.5 615.1 620.5 625.6 634 642.3 637.3 624.6 608.6 629.9 656.2 675.3 689.7 698.4 715.9 736 759.1 780.5 802.6 833
509.3 515.6 514.1 525 530.8 527.8 524 512.3 499.5 492 482.1 469.4 451 438.7 421.6 403 414.7 424.5 436.4 446.4 447.1 437.1 419.4 403.1 383.5 362.5 343.2 326 307.5 291.5 275.6 273.3 271.2 269.4 278.8 289.4 304.9 328 351.3 374.6 396.5 417.2 429.8 441.5 461.8 473.1 478.4 496.6 510.2 523.4 533.4 544.2 551.4 556.4 568.6 585.7 592.9 603.1 612.5 621.4 627.9 634 645.1 656.2 661.7 651.2 642.7 629.9 639.9 656.3 678.1 697.3 716.4 741 762.6 784.8 811.3 838.9
497.2 497.2 498.1 505.7 512.6 508.8 504.5 493.3 484.4 478.3 468.9 457 440.5 427.8 399.5 394.7 411.9 417.8 426.9 430.4 427.7 417.5 400.6 382.2 365.8 345.3 326.4 307.7 293.1 276 271.6 270.5 268.9 278.2 288.8 304 323.5 345.1 369.4 392.4 413.4 431.4 444.7 455.9 472.6 478.8 485.1 503.7 517.5 529.2 541.2 550.4 555.2 564.8 577.3 592.6 597.3 608.7 620.2 626.2 634 641.3 652.8 669 681.3 674.9 665.7 655 654.6 671 684.7 704.2 725.9 745.4 769 788.8 816.5 845.9
486.1 484.7 486.5 492.7 495.6 491 481.2 472.3 470.8 464.1 454.8 444.4 431.1 413.2 375.1 393.1 407 413.5 416.6 414.4 408.3 398.8 382.2 366.6 348.4 328.6 310.8 293.9 278 272 269.5 270.7 280 288.4 302.7 321.5 340.8 362.4 386.5 409.6 428.7 444.7 456.8 466.7 479 490.2 500.5 514.3 528.2 536 546.9 554.7 560.7 569.8 585.9 595.7 604.4 618.1 626.2 631.4 638.9 645.6 658.2 682 695.6 693.1 685.3 674.2 662.7 680.4 697.6 710.4 731 757.6 777.8 798.9 826.2 855.6
471.5 470.7 475.5 479 477.2 471.9 464.5 455.5 453.1 448.3 437.3 429.6 417.1 406.8 370.8 373.9 404.3 409.2 406.3 402 391.6 379.8 364.9 348.3 328.4 309.6 292.6 277.8 269.5 269.1 271.6 279 288.3 302 319 336.6 357.8 381.9 402.9 423.7 440.5 454.9 467.6 480.4 490.3 498.3 513.4 526.6 534.2 541 549.9 558.5 569.3 579.2 589.7 599.4 609.4 623.2 630.4 636.2 642.5 647.2 665.5 689.7 705.6 709.8 702.9 693.2 681.8 682.3 701.6 722.1 747 768.2 787.6 811 837.4 866
455.4 455.9 462.7 457.5 453.9 449.7 445.7 440.1 434.8 429 419.3 411.2 407 394.9 365.7 369.2 397.8 398.8 395.7 388.6 377.4 363.4 344.7 328.6 310.1 292.4 277.3 268.6 269.7 270.6 274.6 284.3 299.1 314.6 333.2 351.6 374.9 397.5 415.4 431.2 447.1 464.6 479.6 492.8 504.3 515.7 526.4 530.7 536.2 543.3 552.8 565.1 577 586.7 594.6 605.7 612.9 623 632.2 640.1 647.8 654.9 669.1 696.3 713.1 722.3 721.2 708.8 697.4 699.2 704 724.6 751.9 777.8 799.7 824.4 851.2 879.7
439.9 441.5 441.7 436.4 430.7 427.6 427.5 421.2 415.2 409.5 402.9 397.2 393.3 386.1 355.5 351.6 382.8 386.1 380.8 369.9 355.6 342 328.3 306.3 291.7 277 268.4 269.8 270.9 272.2 280.1 294.7 312.4 327.9 346.1 366.5 389.7 409.3 422.9 437 456.7 478.3 494.7 504.8 515 524.2 529.8 532.9 537.6 547.1 557.7 574.9 585.1 590.6 597.4 611 618.5 626.9 635.3 642 650.4 660.7 674.1 699.4 719.3 731.3 735.1 726.4 715.8 713.9 722.7 734.6 755.9 781.2 807.5 837.1 864.6 894.1
429.2 427.4 422.8 414.8 410.1 409.3 406.8 398.8 395.2 392.6 385.1 382.1 379.1 376.8 355.2 323.9 363.5 368.9 360.1 346.4 331.9 318.1 303.4 291.4 276.2 268.5 268.3 268.4 272.6 277.2 291.8 308 326.6 344.7 360.9 378.5 398.1 413.6 427.3 447.2 475.5 493.3 503.4 511.5 521.5 530 531.4 532.7 538.5 550 566.8 582.3 591.1 595 600.2 614 621.8 629.3 640.3 649.5 658.7 670.6 687.3 703.8 724.1 738.8 744.8 745.7 737.5 733.7 741.4 754.9 773.4 796.2 820 850.8 876.7 904.6
412.2 408.2 401.8 393.5 388.2 386.8 383.1 378 374.8 371.5 369.8 366.7 363.5 365.2 352.3 313.9 342.7 348.6 338.8 321.8 306.6 294.3 283.5 272.9 268.5 268.7 268.6 269.4 278.1 287.8 303.3 319.8 338.7 356.7 375.7 393.5 404.6 416.9 438.7 466.3 486.8 500.2 507.1 516.1 526.6 530.7 529.9 534.2 542.4 555.4 572.1 586.2 595.2 598.1 603.3 612.3 620 629.8 643.4 655.7 670 686 702.2 719.1 731 746.3 757.9 765.3 764.7 760.5 760.9 780 797.2 818.2 843.1 867.6 891.8 914.5
392.4 387.5 382 371.1 366.8 362.4 357.9 353 354 352.6 352.5 350 348.4 349.3 344.3 316.2 314.8 325.2 314.6 297.1 287.6 276.4 268.2 268.3 268.3 268.4 271.9 276.4 286.3 299.4 316.9 333.8 352.4 370.5 386.7 399.7 412.4 431.3 459.1 480.8 495.4 502.1 508.9 518.3 529.4 530.2 529.9 536.6 544.9 558.3 573.3 582.3 593.5 599.1 603.1 611.4 618.8 630.7 643 660.5 680.8 700.4 712.6 729 744.7 757.3 769 781.1 790.5 790.5 788.6 803.5 822.5 844.9 866.9 885 904.8 923.1
371.1 362.5 357.8 349.7 340.1 340.5 334.1 331.3 332.3 332.3 330.2 331.5 333 332.2 329.8 311.2 294.8 302.2 291.1 275.4 267 268.3 268.3 268.2 268.3 272.9 279.1 285.5 297.8 312.3 329.5 348.7 366.9 385 394.7 405.5 424.8 445.2 474 491.7 498.1 504.3 510.7 518 520.7 525.5 530.9 537.5 546.6 559.5 569.9 575.1 587.1 594.2 601.3 608.5 616.5 630.6 644.8 663.4 690.3 712.3 723.8 739.1 755.4 769.6 781.6 797.3 812 820.8 820.5 826.9 850.2 869.7 882.4 896.3 913.6 927.8
346.6 342 332.6 325.7 317.6 317.8 312 310.1 311 311.3 309.9 309.6 312.6 312.8 311.4 301.4 279.3 285.4 272.6 261.4 260.3 268.2 268.2 268.3 274.9 282.3 287.7 296.4 307.8 324.9 342.3 360.8 381.5 392 401 417.2 435.9 466.1 490 499.8 505.2 508.4 512.3 516.1 518.8 523.9 530.3 537.5 546.7 557.4 563.9 569.8 582.1 590.6 597 604.9 614.6 628.2 645.9 666.9 694.7 717.3 734.4 747 764.3 778.3 795.6 815.2 833.8 848.8 856.1 859.6 872.6 882.7 890.1 900.1 914.3 927.3
322.8 317.4 306.8 301.9 298.1 299.1 293.6 289.9 290 290.1 289.5 289.4 290.8 293.5 294.7 287.5 272.4 270.8 264.4 260.6 260.3 266.4 269.2 279.5 289.3 296.4 299.7 307 323.9 336.9 353.8 373.7 389.4 398.8 411.2 431.6 454.1 480.5 495.6 505.2 508.7 510.8 511.9 514.1 519.4 524.4 530.4 538.3 547.6 554.2 559.6 566.4 577.8 584.9 591.9 604.2 613.9 630.1 644.7 665.8 693.9 715.5 735.6 750.9 770.6 790.6 810.6 833.7 855.9 873.6 881.6 885.1 885.2 888.7 893.8 900.4 910 919.1
303.9 291 284.5 281.7 280.8 279.2 274.9 272.2 273.7 272.6 272.2 269.4 271.2 279.9 280.4 272.6 268.9 261.2 259.3 260 262.4 273.4 290.9 298 304.3 308.9 314.3 323.8 334 350.5 366.4 381.9 393.1 407.2 426.3 445.6 466.6 484.6 498.3 504.7 509.1 510.6 510.7 513.2 518.5 523.7 531.3 538.4 546.3 553.2 559.2 566.3 575.3 583.3 591.3 602.6 613.7 627.9 640.2 663.5 686.9 710.3 732 755.2 776.4 797.1 822.3 846.2 871.9 883.3 888.5 891 891 891.2 891.2 895.1 903 912
280.2 276.9 273.4 269.2 268.1 265.3 261.4 255.5 252.2 259.8 259.6 265.2 267.1 259.4 259 258.6 259.9 259.4 262.5 266 275.5 293.3 307 317.8 321.7 326.2 332.1 339 350.4 358.6 373 387.8 402.6 419.5 438.1 455.9 472.6 486.6 499.1 503.1 505.8 510.2 509.5 511.7 518 523.3 530.5 541.2 546.9 553 559.5 566.4 574.9 584.2 591.9 602.5 612 623.5 635.9 655.3 680.4 704.8 730.6 755.7 779.7 801.3 829.2 855.8 874.3 881.3 885.3 887.3 888.6 886.5 882.6 886.8 895.8 900.8
266.8 264.4 262.2 260.1 253.4 248.4 252.3 262.6 267.3 269.9 258.6 258.5 265.9 275.6 266.7 262.6 260.9 265.2 270.3 278.3 296.6 311.7 320.2 334.2 340.8 346.3 348.5 355.7 362.6 371.1 382.1 397.2 414.9 434.3 450.9 466 478 488.5 497.2 499.7 501.4 504.3 508.3 513.4 519.7 525 532.3 540.6 546.7 553.2 560 565.4 572 581.5 593.1 602 611.2 621.8 637.7 657.8 682.2 707.5 735.5 760.3 785.2 809.7 837.7 858.8 871.6 874.7 877.6 878.1 880.8 876.1 869.3 874.2 882.8 889.4
252.5 251.5 250.3 249.1 257.6 268.4 276.5 280.8 285.1 286.7 286.4 270.3 283.1 278.9 272.5 269.4 271.7 277.3 284.4 298.4 313.9 327.6 339.3 350 358.2 363.5 363.7 372.3 378.3 385 397.3 412.3 432.4 448.8 463.8 477.3 485.5 490.2 492.7 495.7 498.2 499.7 508.2 516 522.5 527.8 536.2 543.2 548.2 553.4 559.3 564.9 571.9 582.6 594.4 602.8 614 627.1 645.2 670.3 692 715.2 740.1 769.5 792 819.6 844.6 853.2 860.7 863.2 864.9 867.5 865 860.9 849 856.8 868.6 871.4
254.4 258.4 264.2 271.8 282.6 290.3 297.4 303.8 308.3 314.2 313.7 306.2 293.8 284.5 281.8 281.4 287.3 296.6 300.7 320.3 332.9 345 355.5 362.8 371.6 375.7 378.4 385.4 391.7 397.7 414.5 433.9 453 467.3 477.9 484.8 488.5 490.7 491.1 490.8 490.9 498 508.7 515.5 523.4 531 538.3 544.5 548.1 554 559.9 564.9 572.1 584.4 594.4 603.6 614.3 630.3 653.3 678.1 700.9 724.8 751 778.1 801.8 826.7 841.3 841 845.8 849 850.2 851.6 845.8 839 831 836.9 841.6 846.2
274.2 281.1 289.3 298.3 307.4 316.2 322.5 332.3 336.8 336.3 328.1 316 307.8 302.2 301.1 300.7 309 318.1 331.7 339.2 349.8 358.6 368.8 376.7 383.7 387.4 391.9 396.9 403.8 413 435 455.2 473.2 482.7 486.3 488.8 489.4 488.9 487.6 487.5 489.5 496.5 505.9 514.1 522.9 531.3 538.2 543.9 548.6 554.6 560.4 564.8 573.2 585.6 594.9 604.8 615.3 633.1 654.2 683.7 706.3 734.2 759 783.9 810.6 827.8 828.2 829.3 829.4 834.2 838.5 838 829.4 818.1 808.5 810.6 810.2 817.9
292.5 303.1 313.9 326.1 335.6 344.2 351.7 358.7 361.1 356.2 345.3 338.2 333.2 329.4 329.6 327.4 333.8 346.6 354.5 355.9 363.1 373 379.9 386.7 393 399.1 404.4 409.2 417 431.4 455.6 472.8 484.9 492.4 491.8 491.5 490.9 486.5 483 483.5 488 495.8 504.2 513.9 523.4 531.1 537.6 542.6 547.3 553.3 559 565.9 574.4 584.7 594 604 616.2 633.5 655.8 685.3 709 739.7 767.2 790.3 808.3 811.9 811.1 812 814.1 822.8 826 823.6 813.2 799.9 788.5 780.3 781 786.2
314.7 327.7 340.3 353.1 369.4 374.2 379.4 380 378.2 373.1 365.8 358.8 354.6 352.4 351.1 359.2 366.8 370.4 370 371.2 378.4 381.6 389.1 394.6 400.7 408.4 414.2 419.4 429.2 450.2 469.2 484.2 491.8 497.4 494.1 491.9 489.9 484 480.2 481.9 486.8 494.7 502.7 513 522.3 530 536 541.3 545.8 550.7 556.4 563.8 572.6 583.5 592.3 602.1 615.3 632.3 656.7 685.4 711 740.8 771.2 788.7 790.9 791.2 792.3 793.3 801.6 811.5 814.9 807.2 791.4 775.5 760 753.5 762.3 776.9
339 353.8 370.7 383.4 395 399.5 398.1 398.2 394.9 387.7 384.5 379.3 375.9 374.4 380.1 383.4 382.8 383 382.5 385.6 388.1 391.1 395.7 401.9 408 414.6 421.2 429.5 443.8 463.3 478.2 488.8 499.9 498.6 494.3 489.9 485.8 481.4 479.4 480.2 485.2 492.7 501.5 511.8 520.5 528.1 533.1 539.3 544 549.4 554.5 561.1 570.3 581.7 590.3 599.4 612.7 632.4 659.5 682.7 711.5 740.4 766.5 773.9 769.5 770.7 772.5 779.6 791.1 800.4 801 787.9 766.9 747.5 739.8 759.9 774.3 791.6
366.2 383.5 396.9 407.3 416.1 419.2 416.4 413.9 407.2 402.2 400.3 396.9 394.1 394.3 393.8 392.3 391 392.3 393.2 396.3 396.1 398.8 403.4 411 415.4 421.9 431.1 441.7 455.8 472 486.3 496.6 498.9 495.9 491.3 485.1 481.2 477.6 475.6 478.2 483.1 489.7 498.4 508.2 516.2 523.9 529.5 535.5 541.8 547.6 553.1 560 568.9 579.6 588.2 595.6 610.6 632.8 653 680.3 711.5 738.7 755 753.4 748.1 746 750.5 771.4 782.1 789.5 781.5 763.2 743.1 727.3 748.8 763.6 776.6 791.7
395.8 407 414.5 423.8 432 428 427 422.1 415.8 416.1 417.5 415.2 412.7 407.1 401.8 399.3 399 400.4 400.9 406.4 402.1 404.8 410.4 417.1 423.7 430.6 440.9 449.6 463.1 478.9 492.6 499.5 491.1 487.6 481.1 479.1 476 471 471.1 475.7 480.4 487.2 495.5 504.8 511.1 517.1 524.8 532.3 539.5 545.2 550.6 557.9 566.4 574.5 583.2 592.4 604.9 626.6 646.7 676.6 705.9 730.7 738.6 732.3 724.8 723.4 743.7 762.6 772.1 778.2 762.1 743.5 721.6 729.9 749.9 758.9 771.3 786.2
415 420.1 431.4 436.6 440.1 439.7 434.2 427.7 423.3 428.3 432.6 428.7 417.7 409 406.1 406.2 407.5 408.6 412 411.1 409.8 412.9 420.5 426.8 434.2 441 448.3 458.1 469.7 480.3 487.2 487.6 483.8 477.7 473.4 473.4 471.3 469.8 470.7 474.4 479.1 484.2 490.6 498.6 503.2 511.4 521 529 536.2 541.4 547.4 554.6 563.1 571.2 579.7 589.9 602.4 617.1 637.8 666.6 696.7 714.6 719.6 710.4 700.2 721.2 738.5 751.6 761.4 764.3 745.9 724.2 709.7 732.4 747.6 755.8 765.9 769.3
425.9 439.5 446 443.3 440.3 438.1 430.3 428 430 437.9 438.5 425.1 418.8 414.8 414.4 416.6 416.8 418.6 423.3 419.9 418.3 423.7 432.4 439.7 445.8 451.1 456 465.1 472 476 479.9 476 473.4 468.7 467.3 469 469.3 468.9 470.9 474.2 479.1 484.4 489.9 494.5 499.2 506 511.9 521 530.5 538 544 551.7 560.5 568.3 574.4 588.2 597.6 610.4 628.5 649.7 678.6 695.6 700.9 689.4 694.4 715.7 729.6 740.4 746.4 745.1 730.4 702.3 711.9 728.6 743.9 756.5 764 771.6
446.8 452.3 450.4 444.5 439.5 435.9 429.9 430.1 434.7 440.2 432.9 421 419.5 420.5 421 422.2 424.4 429.6 433.2 428.7 428.4 436.3 448.3 452.3 456.5 458.3 462.4 466.8 471 470.7 469.7 468.6 464.9 463.4 464 465.1 465.1 467 470 475.4 481.3 489.2 497.3 505.2 512.7 517.4 520.2 518.4 522 533.8 541.9 549.8 558.7 565.9 573.5 583.6 593.2 605.4 617.9 633 659.8 676.4 680.3 673.9 691 706.6 715.2 724.4 729.5 727.6 712 693.3 710.7 724.4 743.8 761.2 770.3 786.2
451.2 451.1 448.7 444.8 440 432.8 429.1 429.4 429.4 429.9 429.3 427.9 425 424.3 426.3 426.7 429.7 437.4 440.3 435.4 441.7 450.3 457.4 463.2 463.8 465 468.5 468.1 463.2 465 464.2 462.7 462 461 461.9 460.9 461.6 465 470.8 476.4 485.4 495.8 504.1 513.7 521.8 527.3 531.1 532.5 532.2 529.8 539.2 548.4 557.7 565.4 573.9 581.5 590.3 600.7 607.7 619.5 636.2 653 657.5 663.4 679.7 690.3 693.3 702.1 709.8 710.4 696.7 690.2 707.1 721.7 742 761.2 779.8 799.4
