data/290000-830000.asc
ncols 200
nrows 200
xllcorner 290000
yllcorner 830000
cellsize 50
[rows 105 to 139 of 200, columns 0 to 77 of 200]
351.1 343.1 342.4 341.7 347.5 352.4 352.3 352.4 351.7 345.8 341.3 339.9 339.2 338.5 337.8 336.4 334.2 331.4 328.5 327 325.6 323.4 320 320.7 324.7 325.4 325.1 323.9 321.2 317 317.9 316.6 313.2 311.9 312.5 313.8 315 316.3 318.9 318.9 318.1 315.6 314.3 312.4 310.5 307.9 305.8 305 304.3 303.6 302.8 302.4 300.6 299.4 300.4 302.1 301.9 301.6 301.4 300.5 299.7 298.9 298.2 297.5 297.7 297.2 294.2 292.5 295.1 299.1 302.3 304 305.4 306.8 307.6 308.4 309.3 310.3
346.9 342 344.9 340.6 350.3 352.9 347.3 344.2 344.7 343.5 341.1 340.8 339.3 338.5 337.5 335 333.1 332.2 331 327.6 324.7 324.6 321.2 321.5 325.2 325.8 325.8 324.9 320.8 319.1 316.6 316.9 312.6 312.8 313.4 314 315.8 317.2 318.5 319 318.8 316.7 314.5 312 310.1 307.7 305.7 304.8 304.4 304 303.6 302.1 300.1 301.7 301.8 301.9 302.7 302.4 302.3 301.1 300.3 299.5 298.8 298.3 299.1 297.8 295.5 295.9 298 302.5 304.6 305.9 307.2 308.7 309.5 310 310.8 311.8
345.5 345 344.5 340.8 341.5 345 338.2 336 335.5 333 335.1 340.2 339.2 338.3 335.8 333.3 330.6 329.1 329.3 328 325.9 326.1 322.7 322.6 326.4 326.4 326.4 325.3 320.5 322.9 320.1 316.3 313.4 313.9 314.4 315.4 319.3 319 319.4 319.9 319.6 317.4 314.4 312.6 310 307.6 305.7 304.8 304.6 304.3 303.7 301.1 301.7 302.8 303 303.2 303.4 303.4 303.3 302 300.9 300.2 299.6 299.3 300 299.1 298.2 300.6 302.8 305.6 306.8 308.1 309.3 310.6 311.2 311.7 312.3 313.3
351.2 349.7 346 341.6 339.6 338.3 342.7 347.8 346 341.2 337.2 332.6 332.8 333.8 331.3 329.7 330 329.1 328.4 327.3 327.3 323.5 323 326.7 326.9 326.9 326.9 324.2 325.8 323.2 321.6 316.4 313.8 314.7 315.3 318.4 320.7 320.2 320.4 322.5 320.9 318.1 315.5 313 310.3 307.8 306.1 305 304.8 304.5 303.9 301.2 303.3 303.4 303.6 303.8 304 304 304.2 302.9 301.7 301 300.4 300.3 300.9 301 301.1 303.4 306.3 307.9 309 310.3 311.8 313.2 313.1 313.3 313.8 314.9
355 355 353.1 350.2 344.9 347.5 353 351.1 347 343.2 342.5 341.8 339.3 336.3 334.8 336.3 335.5 330.8 329.3 328.1 327.9 326.9 324 326.9 327.1 327.3 327.3 325.1 326.4 324.5 322.9 317.7 314.7 315.4 319.1 320.8 321.1 320.5 322.3 322.4 320.5 318 315.7 313.3 310.2 308.1 307 305.8 305.1 304.8 303.4 301.2 303.6 303.9 304.1 304.3 304.6 304.8 305.2 304 303.2 302.8 302 301.5 302 302.5 302.2 305.8 309.3 311.1 312.1 313.2 314.7 316 315.8 315.9 315.5 316.6
356.9 357 356.2 354.7 352.9 353.6 355.5 351.6 346.7 343.6 342.6 342 340.9 339.6 338.9 338.3 335.3 330.4 330.1 329.3 328.8 324.7 325.6 327.8 327.7 327.6 326.3 326.6 326.8 325.5 323.2 317.9 315.4 316.9 320.1 321.1 321.3 321.4 322.5 322 322 319.9 316.6 314.3 310.2 308.2 307.2 306.1 305.2 304.5 302.3 302.7 303.9 304.5 304.7 304.9 305.1 305.8 306.4 305.6 304.8 304.4 303.6 303.2 303.7 304.1 303.3 308.3 312.3 314.9 315.7 316.9 318 320.5 322.6 320.1 319.8 319.4
357.6 357.9 357.9 356.5 355 354.1 354.9 352.7 349.5 344.2 341.7 341 340.5 340.1 339.5 338.8 334.3 331.6 331.4 330.6 329.3 328.4 326.7 328.1 328.1 328 327.7 327.7 327.1 326.2 323.7 323.7 316.5 316.9 320.8 320.5 321.8 322.7 323.2 320.8 320.5 319.1 314.4 311.6 309.5 307.6 306.3 305.1 304.2 303.3 302.3 303.6 304.4 305 305.3 305.6 305.8 307 307.5 307.6 306.7 305.6 305.1 305.3 305.7 306 305.5 310.9 315.5 318.4 319.8 321.4 324.4 324.1 323.6 323.1 321.7 321.7
358.7 358.9 358.8 357.5 355.5 353.9 353.3 353.1 349.6 344.9 342.3 340.5 339.8 339.7 339.5 338.6 334.1 332 331.5 330 329.9 329 326.9 328.7 328.5 328.3 328.1 327.8 327.1 326.5 325.6 324.2 317.8 316.7 318.8 321.2 321.8 322.7 321.3 320.9 321.1 317.6 313.3 311.5 309.7 307.8 306.4 305.5 304.8 303.8 303.6 303.9 304.7 305.3 305.8 306.2 306.4 307.8 308.7 309.1 308.5 307.4 307 307.5 307.7 307.8 308.6 313.1 319.2 321.9 323.6 324.8 325.8 324.9 324.3 324.4 324.8 324.6
362.3 361.8 358.3 356.4 355.4 353.6 352.5 350.5 349 345 343.3 341.4 339.6 339.1 339.5 339.4 336.2 332.2 331.9 330.4 329.6 327.3 329.4 329.2 329.1 329.1 329.3 327.5 326.8 326.3 325.1 321.6 317.5 317.9 319.2 322 322.6 323.2 322.9 323.5 323 320.8 316.9 313.8 311.4 308.6 307 305.6 304.9 303.5 303.5 303.8 305 305.7 306.2 306.7 307.1 308.5 309.9 310.2 310.1 309.6 309.4 310.4 310.7 311.1 311.1 315.8 322.6 324.5 325.9 327 329.1 328.6 328.1 327.3 327.3 328.1
362.1 363 358.8 356.7 355.1 354.3 351.9 349.7 347.6 344.7 344 342.5 340.8 339.9 339.1 338.2 338.2 333.8 335.4 330.9 329.8 329.4 329.7 329.7 329.5 331.2 329.5 326.8 323.2 323 321 320.2 318.7 318.8 319.9 321.7 323.7 325 325.2 324.8 324.8 322.1 318 314.5 312.6 309.5 307.3 305.9 304.7 304 303.3 303.9 305.2 305.8 306.7 307.3 308.2 309.4 311.7 311.9 311.7 311.6 311.7 312.8 313.1 314.2 314.3 317.8 325.2 326.8 328.8 333.5 333.9 334 332.1 330.5 329.8 330.9
361.2 360.4 360.2 359.7 357 354.4 352.5 349.1 347.3 346.4 344.8 342.8 342.2 340.5 339.4 337.6 336.4 332.2 330.9 330.8 331.2 330.4 330.3 330.3 332.1 332.2 325.1 326.8 326.1 325.7 325 321.9 319.9 319.6 322.1 323.1 324.1 324.7 325.1 324.7 325.2 322.7 319.4 315.2 312.6 308.9 308.1 306.7 305.7 304.3 303.6 303.6 305.7 305.8 306.5 307.5 308.7 311.4 313.7 313.5 313.3 313.2 313.2 314.1 315 317.4 318.8 320.4 326.6 331.6 336.6 338.2 337.5 335.9 334.9 333.6 333.2 334.9
362.8 360.3 355.8 353.1 343 341 342.7 349.3 347.7 346.9 345.6 343.4 342.8 342.2 340.4 334.8 332.1 331.4 330.2 331.2 331.5 331.4 331 332.1 334.4 330.6 326.9 327 326.9 326.4 325 322.1 320 320.4 321.5 323.3 325 326.6 326.5 325.7 325.3 322.7 319.4 315.5 312.1 309.2 308.6 307.7 306.7 305 304.2 304.1 304.9 306.8 307.2 307.8 309 312.4 315.3 315.5 315.1 314.8 314.9 316.9 318.1 319.1 320.2 321.8 330 337.2 340.2 340.9 340.2 338.3 337.2 336.1 335.6 336.9
358.6 356.4 346.8 342.3 343.2 342.6 340.6 339.5 347.6 346.3 345.7 344.6 343.4 342.8 340 333.3 333.3 332.9 332.4 331.9 332.1 332.6 333.2 334.4 333.5 329.3 327.9 328.4 328.4 327.5 325.4 322.7 321.2 321.5 323 324.5 326.4 328.1 328.5 328.4 326.4 325.3 320.1 315.7 312.3 309.4 308.8 308.1 307.1 305.5 304.5 304.3 304.8 306.4 307.3 308.1 310.3 313.4 316.5 318 317.6 316.6 317.1 318.8 319.8 320.8 321.7 323.9 332.5 339.4 343.3 344.5 344 341.2 339.4 338.7 338.8 340.1
347.1 345.2 347.9 357.8 359.5 350.8 345.5 339.9 338.9 344.2 345.7 344.8 344 342 334.1 333.2 339 334 333.5 333.5 333.1 332.5 332.5 334.4 330.5 328.7 330.8 332.5 332.5 330.3 328.3 323.3 322.1 323 324 327.1 328.2 329.5 329.7 329.5 328.6 325.3 320.6 316.8 313.1 309.5 308.7 307.6 307 306.5 305.7 304.8 305.1 306.1 307.4 309.1 310.9 314.9 319 319.2 318.6 318.7 318.7 320.1 321.6 322.6 323.9 326.5 334.4 340.6 346.4 348 347.5 344.3 341.8 341.6 342.1 343.6
357.1 360.3 364.3 364.5 361.3 357.9 352 346.1 336.9 337.3 342.5 342.5 340.8 335.5 334.2 334.5 334.1 333.9 333.6 333.5 334.6 333.9 331.8 330.8 328.4 330.9 332.5 333.2 332.9 332.2 330.8 324.3 323.6 323.7 325.9 326.9 328.4 330 329.8 329.3 329.1 326.4 321.9 317.2 312.9 309.4 308.5 307.7 307.9 307.6 306.7 305.8 305.3 306.6 308.2 310.3 312.3 315.5 318.4 319.6 319.9 320.4 320.5 321.7 323.4 324.9 326.7 328.7 336.3 344.8 349.1 351.4 350.8 348.2 345.4 344.9 345.3 346.6
366.8 368.2 366.7 364.2 361.4 359.2 355.5 351.3 348.4 342.6 339.2 335.6 336.6 335.3 334.6 339.1 334.5 334.1 333.8 333.6 335.5 336.5 333 330.3 330.5 333.3 335.4 334.7 333 332.1 330.5 326.1 324.4 325.6 326.5 327.6 329.2 330.4 330.7 330.3 329.4 325.7 321.7 317.2 312.8 309.7 308.6 308.6 309 308.8 307.7 307.6 306.1 307.3 309.3 311.2 313.3 316.3 319.2 321 321.6 322 322.2 323.3 325.5 327.2 329 331.1 339.7 348.3 352.3 353.8 353.7 351.3 348.7 348.2 348.5 349.7
368.5 368.4 366.6 364.2 361.4 357.6 355 352.5 349.4 345.3 344.7 344.1 342.1 341.4 340.2 335.7 335 334.6 334.2 332.8 332.2 332.1 331 331 332.1 339.9 339.1 337 335.2 332.8 330.9 328.2 325.1 326.2 328.5 330.5 330.4 333.1 331.8 331.2 329.3 327.2 323.1 319.8 313.8 310.2 309.6 309.7 309.8 311.4 309.5 308.7 307.8 308.3 310.4 312.1 314.2 316.6 320.3 321.7 323 323.8 324.3 325.2 327.5 329.1 330.7 333.3 342.2 351.1 355.5 356.9 356.4 354.6 352.1 351.1 351.6 352.7
370.4 370.5 369.2 366.4 361.7 358.5 355.3 352.9 348.1 346.6 345 344 343.4 339.9 337.7 335.9 335 337.5 337.8 336.4 337 333.9 333.6 334.6 341.1 341.7 340.8 338.5 335.8 334.1 332.4 332 326.6 327.2 329.5 330.7 331.3 332.3 331.7 331.3 329.8 327.8 323.6 320.6 312.7 310.7 309.9 310 310.1 310.6 310.2 309.4 307.8 310.2 311.8 313.2 314.7 317.1 320.4 322.9 324.5 325.8 326.4 327 329.5 331.1 332.9 335.1 345.5 353.7 358.5 360.1 359.8 357.9 355.6 354.6 355.1 356.3
372.2 372.4 371.1 367.7 362.8 360.1 357.8 355.2 348 346.7 345.3 344.1 343.1 339.6 337 336.1 338.3 341.8 341.5 344.4 345.3 342.6 342.6 343 342.6 342.2 342 339.3 337.8 335.9 334.1 332 328.3 327.9 329.6 332.1 332.7 333.3 332.9 332.1 330.2 328.3 324.9 319.7 313.7 311.2 310.6 310.1 310.2 310.6 310.5 309.3 309.7 310.9 312.4 313.9 315.6 318.5 322 324.7 326.6 327.8 328.3 328.9 331.7 333.8 335.9 337.8 347.4 356.9 361.9 363.4 363.3 361.7 359.7 358.2 358.5 360.5
373.6 374 373.4 369.1 361.2 360.3 359.3 352.8 348.3 348.6 348 346.6 343.6 338.4 337.5 336.1 343.9 344.1 343.9 344.4 344.4 344.1 344 343.7 343.2 342.7 342 340 338.5 336.4 335.7 332.9 329.8 330.4 331.6 332.9 333.6 334.6 334.4 333.1 331.9 328.2 324.8 319.7 314.7 311.8 311.3 310.8 310.3 311.1 311.3 310.3 310.7 311.8 313.1 314.6 316.7 319.6 322.7 325.9 328.3 329.4 329.9 331 334.6 337.1 338.8 341 349.2 360.5 365.4 367.3 367.3 366.7 364.4 363 362.8 364.5
367.6 365.2 364 359.4 351 345.6 349.2 350.3 349.5 347.5 347.6 345.8 341.3 338.5 337.7 339.2 348.7 349.3 348.9 347.1 346.4 346 345.4 344.6 343.9 343 341.6 340 339 338.7 336.8 334.8 332 331.9 333.7 333.7 334.8 336.3 335.1 334 332.2 328.8 325.4 320.5 314.6 311.9 311.3 311 311 311.9 312.2 311.2 311.7 312.7 313.8 315.5 317.8 320.8 324.1 327.4 329.8 331.6 332.4 333.4 337.1 340.4 341.9 344 349.9 363.5 368.5 371.5 371.6 371 368.8 367.5 367.2 367.8
361.4 359.8 358.6 358.7 358.9 352.6 343.1 342.5 341.9 342.1 341.3 340.8 338.7 338.5 339 349.2 352.4 351.8 350.8 349.5 349.1 348.2 347.3 347.4 347.7 346.4 345.1 344.6 342.4 340.3 338.1 335.5 332.2 333.5 334.5 335.3 336.5 336.6 336 334.1 332.6 329.2 325.9 321 315 312.2 311.8 311.7 311.8 312.5 313.3 312.5 312.9 313.9 314.9 316.6 319.1 322.4 325.7 329 331.9 333.6 334.7 335.6 340.2 344 345.9 347.7 351.4 367.1 372.4 375.3 376 375.1 372.8 371.5 369.8 370.8
364.4 371.4 372.8 369.2 367.2 363.2 355.1 347.7 343.6 342.6 341.5 340.9 340.1 344.3 348.4 352.9 354 353.4 352.5 351.5 350.6 350.1 349.2 350.1 349.5 348.2 347.6 345.9 344.8 342.3 339.9 337.6 333.4 334.9 336 336.7 337.3 336.9 336.3 334.4 333.1 329.6 326.2 321.7 315.9 312.7 312.5 312.6 312.8 313.4 314.2 313.8 314.1 315 315.8 318 320.6 324 327.4 330.7 333.8 335.6 336.3 338.3 342.9 346.9 349.6 351.3 354.2 369.6 375.8 379.5 380.5 379 376.5 373.6 372.2 373.2
375 380.3 376.8 371.6 369.4 366.7 361.2 356.5 352.3 342.7 348 348.9 350.5 353.7 354.8 355.6 355.3 355.1 354.2 354.1 352.2 351.6 350.6 350.6 350.3 349.1 348.2 346.9 344.4 343.1 341.1 338.4 334.5 336.2 337.6 338.1 338.3 338.2 337.2 335.6 333.3 330.1 326.7 321.7 316.7 314 313.7 313.7 313.8 314.7 315.2 314.9 315 315.8 317.2 319.5 322.1 325.6 329 332.3 335.7 337.5 338.5 341.1 344.4 348 351.3 354.8 357.7 371 380 383.9 383.6 382.1 377.9 375.1 373.6 374.2
380.4 382.3 380.7 374.3 370.9 367.2 361.2 356.4 348.3 344.5 350.2 353.8 355.3 357.7 356.5 357.6 358.6 358.2 357.4 356.5 354.3 352.8 352.6 352 350.9 350.6 349.9 348 345.3 344.6 342.1 338.3 336.2 337.4 338.5 339 339.2 338.9 338.3 336.7 334.1 330.8 327.5 322 317.4 315.2 315.1 315.1 315 315.7 316.4 316.2 316.2 316.6 318.5 320.8 323.6 327.1 330.5 333.9 337.7 339.5 340.8 344 346.7 350.5 354.7 358 361.5 371.9 383.8 387.8 386.1 383.8 379.1 376.5 374.2 374.8
382.6 382.9 381.4 378.3 373.6 367.6 360.7 353.7 345.6 349.5 354.1 355.7 356.6 357.1 357.5 359.5 360.9 361.6 360.4 360.6 357.5 355.4 355.9 354.2 353.3 352.3 350.4 348.4 346.3 344.9 341.1 338.9 338.7 338.6 339.6 340.3 340.6 340.2 339.5 337.9 335.2 331.7 328.2 322.6 318 316.4 316.2 316.2 316.4 316.9 317.6 317.6 317.6 317.9 319.9 322.3 325.2 328.6 332 335.5 339.1 341.5 343.4 345.7 348.3 352.5 358.2 362.1 364.8 372.1 388.2 390.9 389.3 385.5 380.4 377.1 374.2 373.9
386 386.5 383.8 379.5 374.7 369.4 362.3 355.7 346.5 355.8 359.9 359.3 359.7 359.7 360.4 360.9 362.5 363.3 362.1 361.7 359.8 358.3 356.9 356.1 355 353.9 352 349.4 346.6 343.9 344 342.6 341.4 341.4 341.3 341.8 342.1 341.7 340.7 339.1 336.2 332.7 329 323.2 318.1 317.4 317.3 317.5 317.7 318.3 318.8 318.9 318.3 318.9 321.4 323.9 326.7 330.1 333.5 337.1 341 343.8 346.1 347.2 350.5 355.3 361.2 365.6 368.8 373.3 389.9 393.5 391.9 387.2 382 377.6 374.3 372.2
388.1 386.5 386.2 382.1 376.9 371 365 358.8 348.2 357.4 365.1 363.3 363.1 362.7 362.3 362.5 363.9 364.8 363.4 362.3 360.9 359.1 358.1 357.3 356.4 355.4 353.8 350.4 346.9 346.7 346.4 344.7 343.7 343.7 343.6 343.6 343.7 343.2 341.8 340.2 337.3 333.7 329.8 324 318.6 318.4 318.3 318.5 319.6 320.4 320.4 319.9 319.6 320.8 323.1 325.5 328.5 331.6 334.9 338.8 342.8 345.3 347.5 349.4 352.1 357.9 363.9 368.8 371.6 374 391.2 394.4 393.4 389.1 384.3 378.5 374.3 371.5
387.7 385.8 383.5 380.9 377.3 372.7 367.2 361.4 354.3 352.2 364.6 366.7 366 365.4 364.7 364.9 365.5 366 364.9 363.5 361.5 360.1 359.3 358.5 357.6 356.8 355.1 351.7 348.3 348.8 348 346.6 345.7 345.5 346 345.6 345.4 344.3 342.9 341.3 338.5 335 330.5 324.7 319.9 319.5 319.8 320.4 321.5 322.8 322.6 321.7 321.1 322.7 324.7 327.1 330.2 333.2 336.7 340.4 344.3 346.9 348.9 350.9 354.6 360.2 366.2 371.8 373.8 376.4 387.7 394.5 394.6 390.7 385.8 379.9 375.8 372.4
390.7 388.8 385.9 383.8 381.2 375.6 369.5 363.2 354.8 352.5 362.5 367.5 367.2 367.5 369.1 369.3 369.7 368.3 366.4 365.4 363.4 361.3 360.5 359.6 358.8 357.9 356.2 353.3 349.7 350.3 349.6 348.5 347.9 347.7 348.4 348.4 346.6 345.4 344.3 342.3 339.6 336.1 331.5 326.2 321.9 321.1 321.6 322.1 323.3 325.4 325 324.2 323.4 323.7 325.9 328.6 332 335.4 338.4 341.9 345.1 348.3 350.5 352.6 356.8 362.3 367.9 374 376.5 378.6 385.5 392.3 395.2 392.3 386.4 381.7 378.3 375.2
394.9 392.9 389.4 385.2 381.9 377.2 370.5 364.9 357.6 355.3 362.1 368.7 369.6 370.5 372.2 373.8 373.3 370.8 367.8 366.8 365 363 361.6 360.8 359.9 359 357 354.7 351.8 351.4 351.3 350.4 350.1 350.1 350.3 350.4 348.6 347.1 345.8 343.6 340.9 337 332.6 327.4 323.7 322.8 323.1 323.6 325.4 327.8 327.4 326.9 325.9 325.1 327.4 330.2 333.3 336.2 339.3 342.5 345.7 348.9 352.1 355 359.5 364.6 370.3 376.7 379.3 381.6 384.6 390.6 394 391.8 386.5 383.9 380.8 377.8
397.4 396.8 392.9 388.9 383 379 371.7 366.4 358.8 359 362.9 370.2 371.7 372.6 374.3 375.5 376.2 371.5 368.7 367.3 365.5 363.9 362.7 361.8 360.9 359.9 357.4 355 353.2 353.2 353.3 352.2 352.1 352.6 352.4 352.2 351.9 349 347.6 344.9 342.2 338.2 333.8 329.2 326 324.8 324.5 325.3 327.1 329.7 329.9 329.5 328.9 326.9 328.5 331 333.9 336.8 339.9 343.1 346.3 349.5 352.9 356.9 360.5 366.1 372.9 379 382.3 384.2 385.5 388.7 392.3 390.4 386.7 385.3 382.8 379.8
399.4 397.9 395.2 389.7 384.3 379.1 371.8 367.5 361.3 362.4 366.5 370.8 373.4 374.5 375 375.5 375.7 372.4 369.8 368.1 366.5 365.1 363.9 362.8 362 360.4 357.9 355.9 354.5 355.1 355.1 354.4 354.4 355.3 356.7 355.6 354.2 351.6 349.2 346.4 343.6 339.5 335.1 331.2 328.7 326.9 326.3 327.7 328.7 332.1 332.5 331.6 330.7 329.3 329.4 331.8 334.5 337.4 340.6 343.9 347.2 350.6 354.6 358.7 362.3 369.3 376.3 382.4 385.4 386.7 388.1 389.1 389.7 389.4 387.7 386.5 384.4 381.9
401.8 399.3 396.1 391.2 385.8 379.6 373.2 368.3 361.9 364.7 369.8 373.1 376.1 376.5 375.5 375.3 375.2 374 371.9 369.8 367.6 366.4 365.2 364 363 360.9 359.1 357.2 355.9 356.6 357.2 357.4 357.6 358 359.8 360.2 357.8 354.1 351.3 348.6 345.6 341.7 338 334 331.9 329.5 328.8 329.6 330.7 334.3 334.6 334.8 334.1 332.8 331 333 336.1 339.2 343 345.2 348.3 352.1 356.3 360.5 365.2 371.2 380.2 385.8 388.8 389.4 390.5 391 391.1 390.1 388.9 387.9 386.1 384.3
404.1 402.4 398.8 392.9 387.4 381.6 374.6 368.2 360.9 367.9 373.5 376.5 377.7 377.6 376.3 376 375.7 374.9 373.7 370.9 369.1 367.8 366.6 365.4 364.2 362.8 361 359.2 357.2 357.8 359.3 359.8 360.4 360.8 362.6 362.4 361.2 357.1 353.5 350.8 347.6 344 340.7 336.7 334.7 332.8 331.9 331.9 333.4 336.7 337 337.2 337.1 336.6 333 335 337.9 340.5 344.2 346.8 349.8 354.4 358.9 363.4 368.7 374.6 384 388.5 392 392.7 393.4 394 392.6 391.4 390.3 389.3 388 386.7
