data/290000-110000.asc
ncols 200
nrows 200
xllcorner 290000
yllcorner 110000
cellsize 50
[rows 108 to 143 of 200, columns 81 to 161 of 200]
88.6 86.5 83.7 81.6 80.1 80.1 78.1 79.8 81.9 83.7 82.1 80.5 78.1 75.7 68.5 65.6 65.2 65.7 66.3 67 67.8 68.3 67.8 67.4 68.2 85.8 85 86.5 95.3 98.5 100.1 100.3 100 101.4 103.2 104.4 106.7 105.4 104.1 102.8 101.6 100.3 99.7 99.8 100 99.8 99.4 99 98 95.4 94.8 94.3 93.8 93.2 91.5 93.8 96.3 98.2 98.8 99.6 99.8 98.7 97.7 96.2 95.3 95.2 95 94.3 93.7 93.1 96.2 97.1 98 97.9 97.5 97.4 97.3 97 96.7 96.6 93.6
103.9 100.1 97.6 95.9 94.1 93 93.4 93.3 94.7 95.7 88 82.7 78.4 74.8 67.3 66 61.2 65.7 66.4 67.1 67.9 68.3 67.8 67.3 67.8 75 83.2 90.2 95.1 97.9 99.4 99.5 99.2 99.5 100.8 101.8 101.7 101.3 100.6 99.8 98.8 97.7 97 98.2 98.7 98.4 97.4 97 95.5 94.1 93.5 93 92.2 91.4 90.6 91.8 93.8 95.4 95.9 96.5 96.7 95.9 95 93.5 93.2 93 93.5 93.1 92.4 93.4 94.9 95.3 95.9 95.8 95.4 95.2 95 94.7 94.4 93.9 90.9
114.9 114.2 112.2 110.4 109.7 108.5 106.1 103 102.5 99.4 90.9 82.7 77.7 72.9 67 66.1 61.2 65.9 66.6 67.3 68 68.2 67.8 67.4 67.4 71.5 85.9 89.9 93.3 96.8 98.3 99.7 99.2 97.6 97.6 98.3 98.1 97.5 97.2 96.5 96.7 95.9 95.7 96.8 97.4 95.8 95.5 94.4 93.1 92.7 92.1 91.6 91.1 90.7 90.3 90.4 91.8 92.5 93.1 93.6 94 93.1 92.3 91.1 91 91.7 92.3 92.2 91.5 92.7 93.8 94.1 94.3 93.2 93.1 93.1 92.7 92.4 92 90.2 86.5
117.1 117.7 120 121.2 118.9 115.7 111 106.4 103.9 99.3 91.1 82.4 76.4 71.5 66.8 66.1 61.2 66.1 66.8 67.5 68.2 67.8 67.4 67.2 67 67.5 80.7 84.2 90.9 95.1 97.8 99.2 98.3 96.2 94.6 94.7 94.4 93.8 93 93.4 94.4 95.1 95.6 96.3 94.2 93.7 93.9 92.3 91.3 91.6 91.3 90.9 90.5 90.1 89.7 89.4 90.4 91.1 90.6 90.7 91.2 90.6 89.5 89.1 89.8 90.5 91.1 91.3 90.6 91.5 92.8 93.1 93.4 92.7 92.5 92.8 93.2 91.5 88.7 87.7 86.7
108.1 109.1 114.4 121.2 118.6 114.2 110.2 106.3 104.1 99.5 90.3 81.5 76.7 71.8 66.4 66.1 61.2 66.6 67.1 67.8 67.8 67.4 67.1 67.1 66.8 67 74.2 86.2 91.2 95.2 98 98.5 98.1 96.1 94.4 92.2 90.8 90.1 90 91.3 92.6 93.9 95 94.6 92.8 92.7 92.2 90.3 89.5 90.4 90.3 89.9 89.5 89.1 88.8 88.6 89 89.9 89.5 89.1 88.6 88.4 86.5 88 88.7 89.3 89.8 90.1 89.7 90.7 91.7 92.1 92.5 92.6 92.4 92.5 91.7 90.2 87.8 86.2 86.8
97.5 94.1 102.1 110.6 111.4 110.5 108 105.8 103.4 98.4 89.4 80.9 76 70.7 65.7 65.9 63.7 66.5 67.3 67.8 67.3 66.9 66.7 66.8 66.6 66.8 69.7 85.8 91.8 95.8 98 98.3 98.2 97.1 95.1 91.3 89.8 88.5 88.5 90.1 92.2 93.5 93.6 93 91.4 89.5 89.5 88.5 88.3 89.1 89.3 88.9 88.5 88.2 88 87.8 87.6 88.6 88.3 87.9 87.5 86.6 84.5 85.4 87.3 88.2 88.6 88.8 89.2 90.2 90.8 91.2 91.6 91.9 91.6 90.7 89.9 88.9 86.4 85 86.9
88.4 87.8 94.2 99.3 103.2 103 105 105.3 102.2 97.9 88.9 80.5 75.2 70.4 66.6 65.4 65.5 66.3 67.1 67.2 66.8 66.4 66.3 66.4 66.6 66.8 67.1 85.2 92.6 96.1 97.6 97.9 96.7 95.3 92.6 90.9 89.5 88 87.7 89.7 91.8 93.7 93.3 92.3 90.1 88.1 86.3 87.7 87.5 87.9 88.4 88 87.6 87.4 87.2 87 86.8 87.2 87.2 86.8 86 85 83.5 84.6 85.7 87 88.5 89.8 90.9 91.5 90.6 90.4 90.8 91.1 90.6 89.8 88.8 87 84.6 84.5 87.1
78.2 79.2 87.9 93.6 94.9 96.3 101.6 103.7 101.8 96 87.4 79.8 75.4 70.1 66.5 66 65.1 65.9 66.7 66.9 66.6 66.3 66.3 66.3 66.4 66.5 66.5 85.8 92.2 94.7 95.7 94.8 93.3 91.3 89.1 89.3 89 87.6 87.4 90.1 92 93.4 92.9 89.8 87.3 85.8 86 87.4 87.2 87 87.4 87 86.8 86.6 86.4 86.2 86 85.8 86 85.4 84.4 83.5 82.1 84.8 86.8 88.3 90.1 91.8 92.9 92.5 91.6 90.7 90 90.1 89.6 88.6 86.8 85.1 84.7 84.8 86.5
77.1 77.3 78.8 82.8 84.4 86.6 96 102 101.1 95.4 85.5 79.3 75.7 67.7 66.7 61.2 65.2 65.7 66.2 66.7 66.5 66.4 66.2 66 66 66.1 66.1 84.5 89.3 91.1 91.7 90.6 89 87.4 86.9 87.1 87.1 86.7 87.8 88.4 86.9 85 84.2 84.4 84 83.7 85.2 87.3 87 86.7 86.4 86.2 86 85.8 85.6 85.4 85.2 85 84.8 83.8 82.8 81.7 81.1 85.5 88.4 90.9 92.9 93.5 93.8 93.1 91.9 90.8 89.6 88.7 88.2 87.1 85.6 83.7 84.2 85.2 86.1
77.4 75.8 75.5 75.6 75.6 77.2 84.2 95.4 96.5 91.8 84.2 78.3 75.1 66.8 66.2 61.2 65.5 65.9 66.1 66.3 66.3 66.1 66 65.8 65.8 65.9 66 84.8 87.3 88.3 88.7 88.2 86.6 85.4 84.4 85.9 82.6 81.4 82 84.9 86.8 86.7 86.7 86.3 85.8 85.1 84 83.2 83.7 85.6 85.2 85.6 85.4 85.2 85 84.8 84.6 84.1 83.9 83 81.7 80.3 82.5 87.5 91.7 93.6 93.3 93 92.7 91.8 90.5 89.3 88.2 87.2 86.6 85.3 84 82.7 82.9 83.6 84.4
74.2 74.6 74.4 74.3 73.4 73.7 75.5 83.2 86.1 84.8 78.3 77.5 74.8 67.9 66.7 61 65.5 65.5 65.7 65.8 65.9 65.8 65.7 65.7 65.8 65.5 66.9 84.4 85.1 85.2 86.3 85.9 85.5 82.3 78.9 80.1 83.3 85.5 86.4 86.1 85.8 84.9 84.6 84.2 84.7 85.4 86 85.7 87.7 84.8 81.9 83.5 84.8 84.6 84.4 84 83.4 83.4 83 82.4 81.7 79.4 84.2 89.2 92.9 92.8 92.3 91.9 91.6 90.8 89.1 87.9 86.7 85.7 84.8 83.5 82.2 81.3 81.3 81.9 82.7
74.6 74.2 74.1 73.9 72.5 72.2 72.1 73.1 74.8 77.5 77.8 76.2 73.3 67.4 66.4 61.8 65.8 65 65.3 65.7 65.8 65.8 65.7 65.9 66.2 65.9 67.5 79.3 80 79 79.7 77.9 76.2 79.1 82.8 83.2 83.6 84.1 83.9 84.5 84.3 83.7 83.4 83.1 83.5 84.3 84.5 84.4 84.6 84.2 84.5 83.3 81.3 82.9 83.4 82.6 82.7 82.7 82.2 81.4 80.6 79.2 85.5 90.6 91.4 90.8 90.5 90.2 90 89.8 88.1 86.4 85.3 84 83 81.7 80.5 80.4 80.4 80.2 81
75 74.4 73.9 73.1 72.4 70.9 69.7 70.3 70.1 69.6 73.7 73.9 71.3 67 66.6 66.3 61.5 64.8 64.9 64.8 65.6 65.7 65.7 66 66.3 66.3 66.5 71.6 72.8 72.2 73.1 75.2 78.6 80.9 82.9 83 82.9 82.9 84.2 84.4 84 83.2 82.9 82.9 83.6 83.9 83.7 83.6 83.1 82.9 82.9 83.1 83.4 82.6 81.2 81.9 82 82 81.2 80.5 79.5 78.7 82.7 87.2 88.8 88.3 87.7 87.4 87.2 86.7 85 83.8 82.6 81.4 80.6 79.7 79.6 79.6 79.5 79.4 79.3
75.5 74.5 73.9 73.5 72.4 72.1 72.8 70.8 69 68.8 67.8 66.6 66.4 66.7 65.9 65.4 62 65.7 64.8 63.6 64.8 65.6 65.7 65.9 66.1 66 66.5 67.7 70.3 74.4 78.5 81 82.5 82.4 83.2 83.9 81.9 83.1 84.3 84.6 84.4 82 82.2 82.6 83.7 83.6 83.6 82.9 82.2 81.8 81.6 81.4 81.7 82.1 81.6 79.9 81 80.9 80.2 79.8 79 78.9 79.6 83.9 86.2 85.7 85.2 84.6 84.5 82.3 80.6 80.1 79.6 79.1 79.1 79.1 79.1 79.2 79.2 79 79.1
79 77.9 78.4 78.5 77.4 74.4 73.4 72 72 70.7 72.3 68 67.5 66.5 65.8 66.3 65.7 62.1 62.8 63.2 62.9 65.1 65.6 65.6 64.9 66.6 67.8 69 76.3 80.6 86.2 89.7 91.9 90.7 87.9 84 82.9 82.5 82.8 81.6 78.8 84.3 81.5 82.6 83 82.8 82.9 82.4 81.3 81.2 80.5 80.1 80.6 81.2 80.7 81.2 81.7 79.8 80.8 79.3 79.7 80.1 78.1 80 83.3 83.4 82.8 82.2 81.4 79.8 78.4 78.1 78.3 78.5 78.5 78.5 78.5 78.6 78.8 78.9 79.4
85.1 83.8 83.2 83 79.4 76.6 74.8 74 72.8 71.4 70.4 68.8 67.9 65.5 65.5 65.2 65.3 64.7 61.1 64.1 64 64.6 67.2 66.9 66.8 66 66.1 67.2 73.6 84.2 89.7 92.2 93.4 92.4 88.3 86.9 83.6 81.2 79.5 78.8 77.3 80.9 80.8 80.9 82 81.9 82 81.5 80.9 80.7 80 78.9 80 80.4 79.8 80.1 80.3 80.1 80.6 79.7 82.3 80.1 77.6 78.1 80.3 81.3 80.3 79.5 78.1 77.5 77.1 77.3 77.5 77.8 77.8 77.8 77.8 77.9 78.5 79.2 79.9
88.2 86 85.6 84.2 80.8 77.1 76 75.6 75.5 77.6 72.2 71.4 70.2 65.5 64.6 64.5 64.1 64.2 64.3 60.4 64.2 67.5 67.1 65.1 65 65.1 66.1 67 73.1 83.5 90.9 92.4 92.5 92.5 91.9 88.5 83.4 80.8 77.9 76.3 77.1 77.7 79.2 79.3 79.9 81.5 81.6 80.8 79.9 79.5 78.2 78.6 78.9 79.1 79 79.5 79.7 79.2 78.7 83.8 79.3 77.7 77.3 77 77.8 78.5 77.6 77 76.5 77 76.9 76.8 76.8 77.1 77.1 77.1 77.2 77.2 78.1 79.5 80.3
90.1 87.2 86 81.8 78.4 77.9 78.2 77.8 77 75.4 73.1 71.5 66.7 64.8 65.2 64.5 63.9 64.5 64.5 60.7 62.9 64 64.7 66.4 65.4 65.6 65.4 65.3 71.3 84.4 88.6 92.5 92.2 92.1 92.7 89.5 84.4 79.3 77.1 74.7 74.8 77 77.6 77.3 77.2 79.2 79.4 79.8 79.4 78.7 78 78.5 79 78.5 78.5 79.2 78.9 78.2 78 85 84.3 78.9 77.6 76.5 76.5 76.2 75.9 76.2 76.3 76.3 76.5 76.4 76.4 76.4 76.5 76.5 76.6 76.6 78 80.3 80.7
89 85.3 82.3 81.6 83.4 82.6 81.4 78.7 77.1 74.9 73.8 72.6 66.5 64.6 63.8 64.5 64.2 63.8 63.9 61.1 63.7 64 64.1 64.3 65.3 65.1 64.8 64.8 68.3 77.8 86.7 88.9 90.2 92.6 92.9 89.3 82.7 79.5 76.1 73.2 73.2 75.6 75.2 75.2 76.1 77.6 78.8 78.9 78.6 78 77.3 77.2 77.7 77.3 77.9 78.5 78.3 77.8 77.6 78.8 76.4 76.2 76.3 77.1 75.8 75.5 75.2 75.7 75.9 76 76.2 76.1 76.1 76.3 76.1 76.2 76.2 77.3 78.6 81.2 81.4
85 86.7 87.7 90.8 91.4 88.6 83.3 79.4 78.1 76.4 74.5 73.6 69.8 65.3 63.3 64.3 63.8 63.2 64 59.2 63.9 64.1 64 64 64.2 64.4 64.5 64.2 65.3 75.8 86.3 87.7 89.8 92.1 92.8 88.7 81.2 78.4 75.2 73.1 72.2 74.5 74.3 74.1 75.1 76 77.5 78.6 77.6 77.4 75.9 76.6 76.9 76.7 76.6 77.5 77.4 77.3 78.2 75.3 75.7 75.6 75.5 75.4 75.1 75.7 76 75.7 75.7 76.2 75.9 76.5 76 77 78.1 78.3 80.2 81.4 82.1 84 86.7
99.5 98.6 99.1 101.6 100.5 95.8 85.1 82.8 79.9 78.4 75.9 73.7 72 65.8 64.5 63.4 63 63.6 62.8 64.7 63.8 64 64.2 64.3 64.6 63.7 64.2 64.5 65.1 74.7 84.3 87.6 89.6 91.7 91.9 87.2 79.6 77.3 74.5 73 71.6 72.1 73.8 73 74.6 76.1 77.6 78.1 77.2 77.4 75.6 75.8 76.2 76 76.1 76.4 76.2 76.5 74.2 74.7 75.1 75.2 75 75 74.7 74.1 74.2 75.2 76 76.6 76.3 76.9 77.4 78.3 80.2 82 82.9 82.7 81.9 82.8 83.4
95 98.8 101.7 102.7 103.3 101.5 93.9 86.1 83 79.9 77.2 74.7 72.2 68.5 64.5 64 63.1 64 62.9 63.4 63.4 63.5 63.1 64 63.5 63.1 64.6 64.4 64.7 70.8 79 85.7 89.2 90.8 89.1 83.5 77.9 75.2 73.5 72.2 70.7 71.4 71.9 73.5 74.9 76 76.8 77.1 76.6 76.5 75.3 75.1 75.5 75.6 75.9 75.8 75.7 73.4 73.5 73.9 74.3 74.5 74.5 74.5 74.5 73.7 74 75.3 75.5 75.5 75.8 77.1 79.2 81 82.2 82.7 84 86 86.4 86.7 87.5
95.3 98.4 103.7 103.3 104.5 103.2 97.7 91.1 85.4 82.5 79.3 76 72.1 69 64.2 63.7 61.4 62.5 63.4 63.3 63.2 62.9 63 63.3 63.1 62.8 64 64.1 64.3 67.8 77.6 85.4 88.5 89 84.9 79.5 76.3 74 72.4 70.9 70.2 70.6 72 73.4 75.5 76.1 76.1 76.3 75.8 75.4 74.8 74.6 74.6 74.9 75.6 75.2 75.1 73.6 73 73.2 73.5 73.7 73.9 74.1 74.2 74.3 74.2 75.1 75.6 75.4 75.5 79.7 82.3 84.5 85.3 86.3 86.5 86.6 86.7 86.8 87.5
99.4 105.8 107.6 106.4 101.5 100.8 97.4 92.4 88 85.1 81.7 77.9 73.3 69 64.4 61.5 61.5 63.3 63.3 63.2 63.1 62.8 62.8 62.7 62.6 62.6 63 63.9 64.1 67 77.9 85.4 86.4 85.9 81.8 77.7 74.8 73.1 72 70.6 69.5 71.7 72.9 74.5 75.6 76.5 76 74.9 74.3 74.3 73.9 73.5 73.9 73.8 74.1 72.5 73.3 73.2 72.8 72.9 73 73.2 73.4 73.7 74 75 74.6 74.4 74.3 78.4 81.2 82.2 83.8 85.1 86.3 86.6 86.8 86.6 86.5 86.6 87.4
105.1 110.2 110.6 107.1 101.4 100.8 97.6 96.8 96 89.1 83.4 79.4 75 70.1 63.9 60.3 62.4 63.3 63.2 63 62.9 62.6 62.3 62.4 62.4 62.5 62.6 63.7 64.4 72.6 79.9 84.8 85.6 85 80.5 76.8 74.4 72.3 70.9 69.2 69.1 72.3 73.8 75.5 76.6 72.7 74.8 73.8 73.4 73.2 73.2 73.1 73 72.7 72.7 72.6 71.8 71.8 72.2 72.5 72.6 72.9 73 73.4 73.8 74.6 73.2 75.7 80.2 82 82.9 84.1 85 85.6 86.2 86.7 86.7 86.5 86.4 86.5 87.2
112.3 113.8 112.6 109.6 105.3 103.3 104.9 103 100.1 95.6 89.3 81.8 76.6 72.3 67.6 56.9 61.7 62.5 63 62.8 62.5 62.3 62.2 62.2 62.3 62.8 63.1 63.8 63.8 77 81.1 84.1 85.1 85.7 80.7 76.4 74 71.9 70.2 68.8 71.6 72.2 74.3 76.1 76.9 72.5 73.7 72.8 72.5 72.4 72.5 72.7 72.9 72.8 71.3 72 72.1 72.1 72.1 72 72.1 73 73.4 72 72.7 73 75 81 81.5 82.9 84 84.3 84.8 85.3 85.8 86.6 86.5 86.6 86.3 86.4 87
118.6 118.9 116.4 113.3 110.1 108.2 108.2 106.8 102.7 99.7 94.6 87.7 78.2 74.1 70.3 64.8 57.7 61.6 63.9 62.5 62.7 62.3 62.2 62.2 62.1 61.9 62.2 63.6 63.6 78.4 81.6 83.6 85.1 86.1 84.1 76.3 73 71.3 69.5 68.5 70.3 71.7 73.5 75.1 74.9 73.6 72.3 71.4 71.4 71.8 71.9 71.9 71.9 72.4 72.1 72.2 72.1 71.9 71.8 71.5 72.5 73.6 72.1 73.9 73.7 76.2 77.3 80.6 82.3 83.4 83.9 84.1 84.5 85 85.4 86 86.2 86.2 86.3 86.2 87.1
125.9 125.4 121.7 118.1 114.8 113.3 110.6 108.1 104.3 100 96 89.2 80.5 74 70.7 66.5 63.1 61 61.7 62.6 63 62.6 62.2 62 61.8 61.4 62.1 62.9 66 77.8 80.4 82.7 84 86.2 84.4 76 72.2 69.9 68.5 68.2 69.7 71 73.8 73.6 73.6 70.9 70.6 70.6 70.7 71.1 71.3 71.3 71.3 71.5 70.1 69.2 70 70.6 70.7 71.3 71.6 72.2 73.3 73.4 78.6 82.7 80.6 81.8 82.8 83.9 83.8 83.9 84.2 84.6 84.8 84.8 85.5 86.4 86.9 87.2 88
132 130.1 126.9 123 119 115.2 110.8 106.7 101.5 95.6 92.8 84.4 77.5 73.3 71.2 66.7 64 57.1 61.1 61.5 61.7 62.7 62 61.8 61.9 62.2 62.5 62.9 69.1 76.8 79.2 81 82 85 82.4 75.1 71.8 70.2 68.1 67.5 68.5 71.6 71.9 72 70 68.4 69.3 69.8 69.9 70.5 70.5 70.7 70.8 69.9 69.4 70.5 71.2 71.5 71.6 71.7 72.2 73.5 76.5 80.4 83.2 83 83 83.5 83.8 83.9 83.8 83.8 84.1 84.3 84.8 85.6 86.3 87 87.5 88.2 88.9
137.8 134 129.4 126.2 121.9 116.6 110 101.3 96.6 91.5 85.2 79.9 84.8 79.8 74.5 66.4 64.1 64.8 60.7 61.3 63.4 62.1 61.6 61.7 62 62.1 62.4 62.8 66.8 75.4 78.1 79.7 81.4 83 82.5 75.9 72.5 70.9 69.5 67.2 66.9 68.4 67.7 67.5 68.1 68.5 68.9 69.3 69.6 70 70 70.2 69.9 70.2 70.3 70.7 71.2 71.3 71.6 71.7 75.4 79.6 80 82.6 82.9 83.1 83.4 83.4 83.2 83.2 83.3 83.5 83.7 84.1 84.8 85.7 86.2 86.7 87.4 88.8 89.6
140.4 136.2 130.6 126.5 121.8 114.1 105.9 94.2 90.4 86.4 89.4 95.3 91.9 83.2 74.4 67.7 63.5 64.1 57.1 61.4 61.3 61.8 62.1 62.1 62.3 62.4 62.5 62.7 68.7 74.7 77.4 78.8 79.8 80.7 78.6 75 73.1 74.9 74.7 72.9 67.1 66.8 66.9 67 67.6 68.1 68.5 68.6 69.4 69.5 69.8 70.5 69.3 70.1 70.4 70.7 71.1 71.6 72.8 79.1 80 80.6 81.3 82.2 82.2 83 82.9 82.5 82.5 82.5 82.8 83 83.3 84 84.8 85.1 85.7 86.7 87.9 89.3 90.2
140.5 134.7 128.8 125.3 116.3 105.8 96.9 92.7 96.4 99.4 101.5 99 94.5 88.2 76.1 68.9 63.4 63.8 64.3 57.1 61.3 60.8 61.7 62.9 62.9 62.6 62.3 62.7 73 75.5 76 77.3 78.1 80 79.1 74 73.4 75.4 75.8 72.9 66.1 66.1 66.4 66.8 67.2 67.8 67.7 67.8 69.2 69.1 69.6 68.3 68.4 69.8 70.5 70.7 76 78.9 79.4 79.3 80.1 80.5 80.7 81.8 82.3 81.4 81.7 82 82.2 82.6 82.2 82.8 83.2 83.8 84 84.9 86.2 87.5 88.7 89.8 91.1
136.9 129.5 123.6 114.2 104.9 98.9 101.7 107.7 111.7 109.7 105.1 100.7 97 89.9 82.5 71.9 62.8 62.9 62.8 63.9 63.6 63 60.7 59.1 57.1 59.8 62.6 68.5 74.5 75.6 76.6 77.5 78.2 79.5 78.4 73 73.3 74.5 74.4 66.6 65.6 65.9 66.5 67.1 67.6 67.8 67.7 67 67.5 68.5 68.3 68.9 69 69.3 74.6 76.8 79.7 79.7 80.1 79.6 80.1 80.2 80.5 80.7 80.8 81.8 82 81.8 81.9 82.1 82.3 83 83.4 83 84.4 85.7 87 88.3 89.5 90.6 92.5
131.6 123 113.6 104.6 106 114.1 120 118.9 115.9 111.9 106.4 100.5 96.4 90.7 85.8 74.8 62.7 62.7 62.6 62.9 63.1 62.3 61.9 61.2 61.3 61.5 60.1 73.9 74.7 75.4 76.6 77.6 78.4 79.8 78.1 73.3 72.9 70.9 66.7 65 65.6 66.2 66.5 66.9 67.3 67.5 67.3 68.7 68.6 69.6 69 69.1 70.3 75.1 77.4 78.3 79.5 78.8 79.3 79.7 79.9 80.1 80.4 80.9 81.5 81.7 81.5 81.4 79.9 77.9 79.3 81 82.3 83.6 85 86.5 87.8 89.1 90.3 91.6 93.9
124.2 114.9 108.5 115 121.1 124.5 122.7 118.6 114 108 102.7 96.1 91.6 88.9 82.2 75 65.3 62.8 62.7 62.6 62.5 62.2 61.9 61.1 61 61.1 57.1 73.7 74.9 75 75.9 76.7 77.8 78.6 77.4 76.7 76.1 67 66 65.8 65.6 65.9 66.3 66.7 67.1 67.4 67.1 68 68.4 68.3 68.9 69.1 74.9 77 75.5 78.2 77.5 78.1 78.6 79.7 79.5 79.9 80.3 80.9 81.2 81.3 80.9 77.7 76.8 77.7 81.4 82.1 83 84.1 85.5 87 88.5 89.6 91.3 92.6 96.3
116.6 115.9 120.4 126 127.7 124.3 120.9 116.3 110.6 104 97.6 90.7 84.3 78.3 74.3 70.4 65.4 62.8 62.5 62.6 62.2 62.9 62.2 61.9 61.2 61.1 63.1 73.7 74.8 75.4 75.4 75.8 76.4 77.2 76.5 76.4 72.6 65.9 66.5 66.3 65.8 66.9 66.3 66.5 66.9 66.9 67.4 67.3 67.5 68.6 69 72.8 70.9 75.3 75.6 74.4 74.4 76.1 77.2 77.7 77.9 79.3 80.3 80.3 79.4 77.2 77.6 75.9 77 79.1 82 82.5 83.4 84.7 86.1 86.9 87.5 88.1 88.7 90.8 97.4
