data/290000-120000.asc
ncols 200
nrows 200
xllcorner 290000
yllcorner 120000
cellsize 50
[rows 0 to 34 of 200, columns 78 to 155 of 200]
304.8 295 276.1 261.2 258.9 259 267.5 279.9 295.6 301.8 305.4 309.1 312.7 315.3 317.3 319.1 320.2 320 318.4 315.7 312.1 308 304.1 299.3 293.5 287.9 282.5 275.9 266.6 249.1 227.7 215.7 210.7 209.9 211.7 211 195.6 202.9 221.1 232.2 245.1 260.9 266.9 269.7 271.3 273.2 274.6 275.4 276.1 277.3 277.6 276 270.7 267.6 266.4 260.7 254 242.7 234.5 234.5 234.5 234.5 234.5 234.5 234.5 234.5 234.5 238 245.7 254.7 264.5 272.7 280 289.5 296 301.2 306 309.5
305 297.4 282.9 265.4 256.1 256.1 258.1 268.3 283.8 296.6 299.7 304 308.8 313.1 315.3 316.5 317.1 316.9 315.5 312.6 308.9 304.9 300.8 295.3 289.8 284.2 279.2 274.6 269.9 262.6 242.9 227 214.2 209.4 206.6 201.7 194.1 194.1 201.9 216.8 230.7 247.7 261.2 263.4 266.1 267.4 268.7 270 272.7 274.2 278.1 277.9 276.5 275.7 272.6 268.5 258.2 243.7 234.5 234.5 234.5 234.5 234.5 234.5 234.5 234.5 242 249.2 259.1 268.8 275.8 283 290.9 296.5 302 306.2 310.2 313
306 297.5 286.3 273.7 259.7 252.3 253.2 258.5 272.8 286.6 294.2 300 305.9 310.3 313.2 313.7 314.3 314.4 312.6 309.8 305.5 301.4 297.3 292.2 286.2 281.5 277.4 272.8 270 264.9 258 245.1 234.8 226.7 220.6 211.2 206.8 196.7 192.1 197.6 216.6 236 254.5 258.1 261 261.4 262.8 264.2 267.6 270.6 271.8 273.7 275 275.6 274.3 270.9 261.4 244.1 234.5 234.5 234.5 234.5 234.5 234.5 234.5 241.5 252.4 261.1 269.2 276 283.6 290.8 296.6 300.9 305.2 309.3 312.5 314.7
304.4 298.8 290.8 283.3 267.9 252.8 250 252 262.6 277.7 288 296.6 302.9 306.4 309.6 310.9 311.3 311.3 309.8 305.6 301.6 297.9 294 288.4 282.5 277.4 273.6 270.3 268.8 266.7 263.8 261.3 253 247.5 241.4 234.3 228.9 220.7 206.7 190 204.7 228.1 248.5 252.5 253.5 254 255.4 257 259.3 262.1 264.8 267.9 270.3 272.5 274.4 270 255.7 234.5 234.5 234.5 234.5 234.5 234.5 234.5 241.8 251.2 261.8 270.2 276.8 284.1 291 296.2 299.8 304.5 308.2 311 312.2 314.2
306.2 301.7 296 289 273.5 258.3 245.9 248.3 254.8 270.8 282.6 291.6 297.4 301.4 305.2 306.6 307.4 307 305.1 301.1 297.8 294 290.4 284.7 278.6 272.8 268.2 266.4 265.6 265.8 265.9 264.2 262 259.1 255.5 253.3 245.8 233.9 214.3 191.6 201.7 228.5 242.4 242.8 242.9 244.3 244.9 247.3 250.7 254.6 258.3 262.1 266.4 270.5 273 270.6 252.4 234.5 234.5 234.5 234.5 234.5 234.5 239.2 250.9 260.5 268.7 276.4 283.5 289.5 295.3 299.9 303.1 305.6 308.2 310.8 311.9 312.8
308.6 304.7 298.8 291.8 277.3 257.6 245.2 244.1 249.3 263.7 277.5 285.5 291.3 295.4 299.6 301.3 302.3 301.7 300.3 297.2 294 290.3 286.2 281 273.9 267.8 263.4 262.5 261.9 262.7 262.5 261.8 262.5 263.4 262.4 260.1 251.1 234.9 210.6 188.1 202.2 226.9 231.7 230.2 228.6 228.3 232 237.7 242.1 247.3 252.3 257.8 263.2 268.6 272 270.3 252.1 234.5 234.5 234.5 234.5 234.5 234.6 246.6 259.1 267.4 275.2 281.8 288.6 293.8 297.8 300.8 302.8 304.8 307.1 308.5 308.8 309.6
309.1 306.1 300.5 293.2 279.9 259.4 243.7 240.2 242.7 253.5 267.6 278 284.1 289.5 293.7 296.8 297.8 297.3 295.3 292.9 289.4 285 280.8 275 266 260.6 254 254.7 253.9 253.7 254.4 256.6 258.3 260.7 262.3 261.2 253.1 229.8 204.3 186.5 201.7 216.6 214.4 209.9 209.9 211.6 215.5 223.8 231.6 239.4 245.6 253.7 259.9 265.9 269.8 268.2 249.2 234.5 234.5 234.5 234.5 234.5 242.9 256.4 265.1 272 278.9 285.2 290.6 294.9 297.9 299.9 301.8 302.5 303.3 305 305.5 306.3
308.9 304.9 299.9 293 281.1 260.2 241.2 235.7 236.7 242.1 251.4 262.5 274.3 281.5 287.9 290.9 291.8 292.2 290 287 283.2 278.9 274.4 266.6 259.6 250.5 240.3 240.2 243.3 243.6 244.9 246.2 251.3 255.2 259.9 261.7 248.5 225.7 200 184.5 192.6 207 195.9 193.4 195.2 199.2 205.1 212.6 220.9 228.4 236.4 245.7 256.1 261.1 265.5 264.1 250.5 234.5 234.5 234.5 234.5 238 250.9 261.3 268.8 275.7 281.8 286.9 290.8 294.2 295.9 297.5 298.3 298.8 298.9 300.5 301.9 303
307.4 303 297.7 290.4 282.1 263.1 242.8 232.8 228.5 230.3 236.1 245.5 259 273.9 280.7 284.8 285.8 286.1 284.2 280 276.1 272.1 265.8 262.1 248.8 233.3 222.1 219.1 220.2 224.4 230.7 234.5 242.5 248 255.4 258.8 246.6 223.4 199.8 183.2 186.9 193.7 181.3 181.2 187.2 191.7 196.6 202.2 209.7 217.6 226.4 235.6 245.6 255.4 259.9 259.8 246.2 234.5 234.5 234.5 234.5 242.8 255.3 263.4 270.2 275.8 280.4 285 288.9 291.1 292.2 292.8 292.8 294.1 294.4 295.8 297.1 299.5
305.7 300.8 295.8 289.4 280.5 266.3 247.5 231.8 223.5 224.4 224.8 232.4 244.1 259.9 272.3 277.9 279.7 279.1 276.2 271.9 267.4 263.6 257.6 246 232.1 213.6 197.6 195.2 193.8 200.3 207.7 214.1 222.7 232 242.1 250.8 245.9 226 209.1 183.8 182.7 179.7 180.6 186 182.9 183.6 189.7 193.2 197.7 205.7 213.2 222.6 232.5 246.4 253.3 251.5 239.1 234.5 234.5 234.5 234.5 246.1 254.1 261.2 267.9 272.7 276.8 280.8 283.4 286.2 287.4 286.8 287 287.7 288.6 290.2 292.9 295.9
302.6 298 293.1 287.3 281.7 271.3 255.7 237.4 222.5 217 217.9 220.8 231.3 246.8 264.1 269.8 270.9 266.3 264.2 258.7 253.5 249.5 240.6 228.4 211.7 193.6 175.8 167.8 165.5 172.1 180.7 190 199.4 210.6 220.9 229.8 235.8 228.6 212.2 197.7 179.6 178.3 181.9 192.3 198.9 189.9 185.5 186.2 190 193.5 198 208 220.9 232.2 239.3 239.5 234.5 234.5 234.5 234.5 234.5 241.4 245.4 250.4 255.4 264.1 270.8 275 277.8 279.9 280.7 281.1 282 282.7 283.8 286.6 289.7 292.6
299.4 294.9 290.1 285.8 280.9 275.3 267.7 251.8 234 219.7 211.1 212.6 221.2 236.8 252.7 260.3 260.7 255.3 249.1 241.4 232 230.8 220.9 209.3 193.1 171.4 164 172.5 174.9 169 165.9 167.2 175 187.5 199.1 210.8 220.4 223.4 212.1 198.4 183.9 177.7 180.8 194.5 210.7 216.1 202.3 187.3 187.5 188.6 188.8 194.7 208.4 234.5 234.5 234.5 234.5 234.5 234.5 234.5 234.5 234.5 234.5 234.8 235.4 245.4 255.3 266.7 271 272.7 273.5 274.5 275.5 277 280.4 283.7 286.9 289.5
295.4 291.3 287.1 283.4 280.2 275.8 269.5 263.3 245.1 227 209.6 206.2 213.7 228.9 245 248 246.6 238 230.2 220 206.9 201.3 195.1 187.3 171.3 163 177.7 194.5 200.5 194.5 186.4 174.7 167.4 169.4 176.8 188.8 202.4 213.1 209.6 196.6 187.8 177.8 179.6 199.2 223.8 234.6 227.8 209.4 203.9 202.1 196.5 188.3 234.8 234.5 234.5 234.5 234.5 234.5 234.5 234.5 234.5 234.5 234.5 234.5 234.5 234.5 240.7 253.3 260.8 264.3 265.6 266.2 269.5 271.4 276 280.2 283.5 285.2
291.4 286.9 281.9 279.2 275.5 272.1 268.2 263.5 253.7 235.8 214.8 200.6 207.8 224 238.2 236.3 227.1 218.4 207.6 194 182.3 172.9 166.6 161.4 161.8 178.3 198.1 215 222.9 220 208.7 193.1 173.4 168.9 169.5 170 182.8 190.8 195.2 193.9 183.1 175.9 180.7 202.7 222.3 236 239.5 234.9 227.5 221.8 212.9 216.3 234.5 234.5 234.5 234.5 234.5 234.5 234.5 234.5 234.5 234.5 234.5 234.5 234.5 234.5 234.5 243 249.7 252.7 254.3 256.4 260.7 266.5 271.8 275.8 277.8 279.3
288.6 281.9 276.5 273.3 269.8 266.2 263 254.8 243.5 225 209.7 196.4 202.6 220.1 224.1 216.6 205.3 193.9 183.4 170.9 158.6 159.6 169.3 174.4 182.1 198.9 216.3 229.7 237.1 235.8 229.3 215.2 196 186.3 173.1 170.4 171.4 174 181 182.7 174.9 174.9 184.2 204.9 221.4 239.1 246.4 245.7 242.7 238.1 231.8 234.5 234.5 234.5 234.5 234.5 234.5 234.5 234.5 234.5 234.5 234.5 234.5 234.5 234.5 234.5 234.5 234.5 238.5 240.2 243.3 250.8 255.4 262.2 267.6 270.5 272.1 272.6
285.7 278.5 271.5 266.6 262.1 256.8 253.8 239.2 223.4 208.9 193.4 194.3 204 212.4 201.4 190.6 179.2 168.7 159.5 157.6 169.8 183.5 194.5 200.5 208.4 217.3 229.7 240.3 247.3 245.4 237.5 229.3 217.6 203.8 189.6 175.3 170.7 171.6 173.3 174.2 174.1 175.7 191.7 210.7 228.1 247.9 253.9 254.6 254.5 250 242 237.2 234.5 234.5 234.5 234.5 234.5 234.5 234.5 234.5 234.5 234.5 234.5 234.5 234.5 234.5 234.5 234.5 234.5 234.5 238.6 245.7 251 251.8 249.6 251.9 253.1 258.6
283.4 275.9 265.2 255.5 252.1 248.5 242.1 223.7 204.8 191.1 187.7 199.8 206.4 192.1 175.3 162.7 156.1 155.8 160.2 176.5 193.4 203.4 213.7 220.6 226.7 233.6 243.6 252.1 254.1 252.6 248.1 241.5 235.2 223.2 211 194.6 184.1 179.2 174 172.4 174.2 186 203 221.2 242.4 256.9 261.9 262.3 261.7 260.1 255.3 249.9 242.6 234.5 234.5 234.5 234.5 234.5 236.3 237.8 237.3 239.6 240.7 238.9 234.5 234.5 234.5 234.5 234.5 234.5 234.5 234.5 234.5 234.5 234.5 234.5 234.5 238.9
280.5 272.9 258.2 240.1 234.7 231.4 223 208.8 188.8 182.9 195.5 211.9 193.8 168.5 154.3 154.1 167.2 180.4 194.3 203.4 212.4 223.2 229.7 234.4 241 249.4 256 259.4 260.2 259.8 257.5 254.9 249.6 242.4 231.7 216.6 206.3 198.7 193.8 192.2 194.6 206.7 221.7 237.4 253.7 266 268.4 269.3 268.3 268 265.9 262.7 257.4 246.3 235.1 234.5 234.7 238.5 242.5 244.6 246.1 247.6 247.3 246.8 243.8 238.4 234.5 234.5 234.5 234.5 234.5 234.5 234.5 234.5 234.5 234.5 234.5 234.5
278.3 269.4 260.1 236.6 220.6 211.7 204.1 196.2 179.3 179.7 198 203.7 176.6 153.8 153 169.8 186.6 205 211.5 220.9 230.8 235.5 241.2 249.2 256.4 262.7 265 266.9 270 270.6 270.3 268.7 263 256.3 249 242 231 222.6 215.3 213.8 216.2 226.5 237.8 252.5 266.2 274.4 277.4 279.4 279.3 279.2 277.6 274.7 270.6 265.6 257.9 251.2 249.5 250.5 250.5 252.2 252.4 254 253.9 253.6 252.6 250 245.5 241.4 234.8 234.5 234.5 234.5 234.5 234.5 234.5 234.5 234.5 234.5
275.3 268.4 261.5 248.7 228.7 213.4 198.9 187.3 174.5 169.9 182.6 186.8 161.6 152.8 162.5 182.1 201.4 216.3 226.1 234.4 241.9 249.9 256.2 262.1 269.9 275.1 277.8 279 282.2 282 280.8 278.6 273.7 268.7 265.3 262 257.7 251.6 241.1 233.6 237.9 244.2 256.8 268.1 278.6 286.2 289.2 292.3 291.6 291.6 290 287.1 283.2 279.8 274.5 269.9 265.3 262.3 261.6 260.4 260.8 260.3 260.7 260.3 259.1 257.8 256.8 253.7 249.7 242.6 235.2 234.5 234.5 234.5 234.5 234.6 234.5 234.5
272.1 268.7 261.9 255.4 245.9 232.4 218.8 202.4 182.2 162.6 168.8 166 151.7 152.7 170.9 189.1 211.3 227.8 238.6 248 256.7 261.7 268.5 275 281.5 288 292.6 294.9 294.5 293 291.2 288.1 284.6 282.2 279.6 277.4 274.8 271.6 266.8 259.3 261.2 268.5 278.9 289.8 294.6 299.2 301.1 302.7 303.6 302.8 301.1 298.4 294.6 291.6 286.8 282.6 278 274.1 272 270.6 269.1 267.9 267.6 266.9 265.6 264.5 263.1 261 258 255.3 249.3 245.5 245 241 245.9 247.1 248.6 241.7
268.2 265.4 261.4 257 250.7 240.5 229.6 210.2 187.8 166.7 159.2 151.2 149.7 156.4 179.9 201.4 224.9 240.1 250.8 261.1 266.9 274.6 282 289 293.7 299.3 302.3 302.2 302.3 301.2 299.9 298.4 295.2 293.1 291 289.9 288.7 286.5 284 283.8 286.4 290.2 299 303.6 308.4 312 314.2 314.8 313.9 313.2 311.2 308.8 306 302.2 298.3 298.6 289.5 284.1 281.2 279.4 276.7 274.1 272.8 272.4 271.5 270.5 269.2 267.9 265.4 262.5 258.2 256.5 254.2 251.9 253 255.3 259.8 262.3
260.6 257.9 254.3 252.2 247.5 238.6 225.2 206 185.3 166.1 151.4 149.2 151 170.9 192.9 215 236.1 251.7 262.6 271.6 279.3 288.9 295.7 301.1 306.8 309.5 310.4 310.1 309.1 308.4 307.8 307 306.8 305.5 303.3 301.9 301.2 300.1 298.7 299.8 302.6 304.6 311.4 314.3 317.5 320.2 323.6 324 323.7 323.2 320.8 318.2 315.2 311 307.9 304.5 299.4 293.9 290.5 286.2 283.1 280.3 278.8 277.6 276.7 276.3 275.5 274.4 272.1 269.7 267.2 265.6 264.5 264.2 268.3 271.8 272.2 272.6
248.1 244.2 241.8 242.2 240.6 229.1 213.5 192.4 172.9 152 149.2 150 164 186 205.3 227.7 250 264.2 274.3 285.4 294.2 302.9 306.2 309.9 313 314.9 315.7 315.5 315.4 314.9 315.5 315.8 315.2 313.9 314.5 314.7 313.5 312.8 311.6 310.9 313.6 315 322.4 324.6 325.7 328.3 331.7 331.9 331.6 330.4 328.5 325.5 323.1 318.7 314.7 310.9 306.4 301.8 297 292.4 289.4 287 284.9 283.6 283.1 283.7 283.8 283.1 281.2 279.7 277.4 277.1 276.9 276.1 277.6 279.4 280.1 282.2
243.7 227.4 222 221.3 215.3 207.2 191.7 172.9 154.6 148.9 149.6 162.9 182 202.3 221.4 244 261.9 274.3 285.6 295.7 302.2 308.4 311.8 315.2 317.6 319.2 320.5 320.9 320.9 320.9 321.3 321.8 322.3 322.3 322.1 323.7 324.5 322.4 321.7 320.3 323 324.8 329.6 331.8 334.2 336.8 338.7 338.6 338.1 336 333.8 331.5 328.7 325.1 320.7 317 312.2 307.6 303.1 298.5 296.3 294.4 292.2 291.1 292.1 293.3 292.8 291.7 291 291.5 290.4 291.3 289.4 289.5 289 288.1 289.5 290.8
250.7 230.6 213.1 197.3 190.6 182.4 169.1 151.1 147.9 148.4 160.6 180.7 197 218.6 235.7 256 271 281.2 292.1 302.7 308.4 312.3 316.2 319.5 321.8 323.6 324.8 325.6 325.5 325.1 325.6 326.3 326.9 326.9 329.2 330.1 330.4 330.7 330.3 330.2 330.6 332 336.3 338 340.7 344.3 344.5 344.4 343 340.7 338 334.4 331.7 328.9 325.6 322.2 317.7 313.3 308.9 305.2 303 301.8 300.7 300.1 302.6 301.9 301.4 300.4 300.5 300.6 300.7 301.1 300.1 298.6 297.3 297.6 297.8 298.8
258 241.2 226.1 208.4 192.2 171.8 153.7 147.3 146.8 156.1 174.2 190.8 212 233.2 245.3 259.1 273.5 284.8 295.2 304.6 309.9 314.1 318 321.9 325.1 327.2 328 328.3 328.3 328 328.8 329.7 330.5 331.8 332.5 333.3 333.9 335.2 335.5 335.5 336.6 338.8 341.9 345.1 347.6 349.1 348.8 348.2 345.9 343.4 339.9 337 333.7 330.4 328.3 325.5 321.9 318.6 314.3 311.5 309.4 309.2 310.2 311.7 310.8 309.2 308.6 309.1 309 308.2 307.9 307.5 307.2 305.9 304.5 304.4 305.4 306.7
265.7 255.3 242.1 225.1 204.6 177.9 150.2 146.5 146.4 160.3 175.9 193.4 211.6 228.6 243.5 257.9 270.5 283.4 293.3 302.9 309.4 314 319.4 324.1 328.1 329.2 329.1 328.9 329.4 329.9 330.3 331.2 332.3 334 334.9 335.9 336.7 338 339.1 339.8 340.6 343.7 347.6 350.2 352.6 353 351.7 349.6 347 343.9 340.8 337.9 334.8 332.1 330.1 328 325.4 322.2 320.1 317.6 316.3 315.2 316.2 315.8 315.6 314.9 315 314.4 314 313.7 313.1 312.6 312.4 311.3 311.2 311.2 312.4 313.7
275 267.2 254.3 232.6 205 175.6 148.1 145.7 145.8 158.2 170.7 186.6 204.8 222.8 240.1 254.4 266.6 278.9 288.4 298.2 306.8 313.5 318.9 324.2 326.7 328.1 327.7 327.7 327.5 328.8 330.4 331.5 332.3 333.6 334.6 335.1 335.9 336.7 337.1 339.3 341.1 343.7 346.2 350.9 352 351.5 349.5 346.8 343.5 341.2 337.7 334.7 333.1 331.5 330.1 328.6 326.7 324.4 322.3 321.1 319.3 318.9 318.7 318.8 318.6 319.1 318.2 318.5 318 317 316.1 315.9 316.2 315.7 314.9 315 317.5 318
283.4 274.9 262.6 238.8 209.8 180.9 150.4 144.8 145 152.4 164.7 179.6 196.8 217.6 236.4 252.4 264.7 275.5 285.2 294.3 301.8 309.9 315.6 319.5 322.7 325.3 325.6 326.1 326.5 327.6 328.1 329.1 330.3 332.1 332.5 332.4 333.2 333.8 334.9 337.1 338.6 340.4 344.3 346.5 347.4 345.9 343.1 340.2 338.1 336.4 333.6 332.3 330.9 329.9 328.9 327.7 326.2 324.9 323.6 323.8 322 320.4 320.5 319.6 319.8 320 320 319.5 318.8 316.9 316 315.7 316.2 317 317.2 317.8 319.4 320.4
285.9 281.1 268.4 244.3 217 190.5 158.4 144.8 143.7 148.2 160.1 183.1 199.1 215.9 230.7 248.7 261.3 274 283.7 293.3 298.8 303.3 310.6 314.8 318.1 321 323.2 323.9 324.3 324.4 324.8 326.1 327.1 327.3 327.6 328 328.2 328.5 328.6 331.5 333.9 336 338 338.6 338.9 336.6 335.8 334.4 333.4 331.6 329.8 328.6 327.7 326.4 326.1 326.6 325.3 323.1 322.8 322.3 321.4 321 319.4 318.8 319.1 318.8 318 317 315.6 315.3 315 314.7 315.1 316.4 317.2 318.4 320.1 320.9
285.6 280.7 269.2 254.4 225.7 199.4 170.6 143.9 143.9 144.8 154.2 177 196.9 213 228.3 245.4 257 269.3 280.3 289.4 295.1 301.1 306.7 310.2 313.6 316.6 318.2 319.2 319.9 320.8 320.3 319.6 319.5 319.5 320 320.6 321 321.4 322.2 323.6 326.3 328.8 330.5 332 332 331.2 330.7 329.8 328.1 326.3 325.1 323.8 322.7 321.3 321.8 322.3 322.4 321.1 320.3 319.7 319 318.2 317.6 317.5 317 316.1 315.1 313.4 312 311.1 310.7 311.1 311.8 314.4 316.1 318 319.9 321
281.9 278.2 269.8 258.6 234.4 208.5 182.7 150 143.8 143.7 149.6 167 188.2 207 223.7 241.5 253.2 265.2 276.5 284.6 292.4 298.4 303.3 306.8 309.7 311.7 312.7 313.6 314.5 314.9 314 312.6 313 314.8 314.6 313.9 314.1 314.5 315.7 317.3 319.1 321.2 323.1 325.3 326.5 326.2 324 323.2 321.8 320 318.8 316.6 316.7 316.9 317.5 318 317.7 317.2 317 316 315 314 313.4 313.8 312.9 312.7 311.7 309.8 308.3 307 305.7 306.8 308.6 311.7 314.9 316.8 318.9 320.7
278.8 275.7 269 262.2 245.1 218.7 194.2 169.7 142.7 143.1 142.5 156.6 175.2 196.1 214.1 234.8 249.6 262.2 272.5 280.3 286 293 297.8 300.4 304.7 306.4 307.2 307.5 307 306 305.4 305.5 306.8 306.7 306.5 305.8 306.5 307.4 308.8 311.8 312.9 314 315.7 316.9 318.1 317.8 316.3 316.1 314.8 312.9 311.1 310.7 311.2 311.6 312.3 312.9 314.1 313.9 313.3 312.3 311.2 309.5 308.6 308.5 308.2 308.6 308 306.3 304.6 303 301.2 302.1 306.1 309.4 312.3 314.9 316.9 317.8
275.2 273.2 268.8 262.8 250.3 230.1 208.5 181.4 154 142.5 142.7 144.6 163.2 185.1 206.5 228.3 244.5 258.1 269 275.2 280.4 285.7 290.2 292.5 295 297.2 300.4 300 299.4 299.8 297.7 298.4 297.3 297 297.7 298.5 299.6 300.3 302 303.8 306.1 307.6 307.6 309.1 309.5 309.3 308.9 307.6 306.3 305.3 305.1 305.4 305.4 305.1 305.2 307.5 309.1 310.1 310.1 309.1 308.2 305.7 303.8 303.8 303.8 304 303.1 301.8 299.4 297.4 294.9 298.5 303.2 307.4 309.9 312.4 314.2 315
