data/290000-830000.asc
ncols 200
nrows 200
xllcorner 290000
yllcorner 830000
cellsize 50
[rows 0 to 34 of 200, columns 78 to 155 of 200]
229.9 230.6 232.4 232.7 232.8 232.1 231.6 232 232.9 233.7 235.1 236.7 238.6 239.9 238 241.2 243.2 244.6 246.2 247.7 248.8 249.9 252.8 255.5 258.8 261.6 262.6 267.3 272.2 275.7 278.7 283.2 279.4 283.6 285 284.7 284.5 285.8 286.9 287.2 288.9 294.7 297.6 299.8 304.3 309.8 316.1 322.6 326.3 331.1 336 337.4 333.8 336.8 341.3 342.4 344.3 347.3 350.1 354.3 357.8 360 361 361 359.9 356.3 349 345.6 337.6 327.2 326.2 321.3 314.8 308.1 301 295.9 294.3 292.7
230.5 230.9 232.2 232.5 232.7 232.6 232.8 233.4 234.3 235.1 236.7 237.8 238.8 240.4 242.8 241.8 243.5 245 246.4 248.3 249.8 250.4 251.9 254.6 259 262.9 265.8 269.5 274.3 278.4 283 288.1 283.9 290.2 290.7 290.5 290.6 291.7 292 292.3 296.2 301.4 304.5 307.2 312.8 318 325.1 331.8 337.6 342.5 343.8 343.8 344.2 345.2 347.3 346.1 349.5 352.7 355.9 359.4 363 364.5 367.1 366.5 363 361.7 355.7 348.1 343.5 337.6 333.5 327.7 321.2 311.9 302.8 298.9 297 295.2
231.2 231.4 232 232.3 232.9 233.5 234.1 234.7 235.6 236.6 237.7 238.9 240.3 241.9 244.2 243.7 244.1 245.2 246.9 248.8 250.8 251.4 252.8 255.5 260.9 261.7 267.7 271.7 277.1 281.8 286.9 291.2 290.1 294.2 296.3 296.6 295.1 293.9 294.3 298.3 303.7 308.9 312.9 316.5 321.3 327.1 334 341.5 347.6 350.5 352 354.2 351.9 353 355.9 354.5 355.5 357.3 361.6 364.2 368.3 373 376.4 378.9 378.2 373.1 358.3 352 348.2 343.3 339.2 334.4 328 319.3 311.5 303.2 299.2 296.9
231.3 232 232.5 232.9 234.4 234.9 235.5 236.3 237.5 238.7 240.2 241.6 242.2 243.6 245.3 245.5 245.8 245.8 247.3 249.3 251.3 253.3 254 256.7 260.6 263 268.2 274.4 279 283.8 289.3 292.1 296.3 299.9 300.2 300.6 297.3 297.1 302.8 307.9 313.2 318.1 321.9 325.3 330.6 337.8 344.5 351.4 357 358.8 362.5 363.5 359.4 359.6 363.3 364 365.1 367.2 369.5 370.4 377.2 382.5 385.1 388.4 385.9 383.8 375.6 366.2 359 351.7 346.1 340.5 333.3 325.5 317.4 308.6 302.8 299.4
232.3 232.8 233.4 233.9 236 236.7 237.3 238.6 240.1 241.1 242.5 244 244.6 245.6 247.1 247.5 248.1 248.8 249.3 250.4 252.4 254.2 255.7 257.5 261.5 265.7 270.8 276.1 281.2 286.6 290.3 295.9 301 305 306.7 303.4 299.9 307.5 310.7 317.6 320.8 325.7 329.3 333.9 340.1 347.4 354.8 360.8 365.3 368.5 370 369.1 366.9 367.8 370.3 370.2 369.9 372.1 374.4 379.6 385.8 390.3 394.2 396.9 394.5 392.6 384.9 378 367.6 358.4 354 346.6 340.1 332.9 321.8 313.7 306.3 302.8
232.8 233.4 234.6 235.1 237.6 238.4 239.1 240.4 241.5 242.8 245.2 245.9 246.8 247.7 249.5 251.2 251.5 251.8 251.9 253.1 252.9 256.5 256.9 258.9 263.1 267 271.1 277.1 284.1 291.4 294.6 301.7 306 311.5 312.7 302.6 302.9 314.6 320.7 324.6 328.2 331.9 338.1 343.4 349.4 355.5 363.1 368 373.2 375 376.1 375.5 374.3 374.3 375.1 375.6 376.3 380.7 382.9 387.7 393.2 396.4 401.4 405 402.1 399.4 392.7 384.4 372.4 366.1 361.3 353.1 345 337.7 327.8 317.2 311.3 306.1
233.4 234 235.8 236.8 239.3 240.1 240.9 241.7 242.8 245.3 247.2 247.6 248.7 250.3 252.3 253.6 255.2 255.5 255 254.6 254.1 259 259.9 262.3 265.2 268.8 271.4 280.4 286.5 294.4 300.6 305.5 311.2 318.2 319.1 314.1 322 325.8 329.4 332.7 335.2 339.7 345.9 351.8 357.3 362.9 369.3 375.5 380.3 380.3 381.4 381.8 380.6 379.2 380.2 380.7 383.4 387.7 390.6 393.6 396.7 401.5 406.5 409.4 405.7 403.6 399.3 389.1 378.9 371.6 366.7 360.3 351.6 340.1 331.7 320.9 315.9 312.6
234 234.7 236.4 238.2 241.3 242.4 242.3 242.8 244.2 246.2 247.7 249.1 250.7 252.8 255.3 257 258.1 259.2 259.3 258.9 258.1 257.5 263.1 265.8 268.6 271.4 272.4 282.3 289.2 294.9 303.9 309.4 315 320.6 308.3 326.9 330.1 333.4 337.1 340 343.7 348.7 353.7 361.9 364.3 370.2 375.6 381.5 385.5 386.4 387.9 385.5 385.3 386.9 388.6 391.9 392.6 392.6 395.1 397.2 398.9 402.5 409.6 410.5 407.4 408.9 404.1 394.1 383.4 378.3 372.1 365.1 356.6 347.1 337 326.3 319 314.8
235.3 235.9 237.3 238.9 242.1 244.2 243.7 244.4 246.6 248.9 250.1 251.6 253.3 255.4 258.2 260.4 261.8 262.6 262.9 263 261.7 259.2 266.1 267.4 270.2 272.5 274.3 284.3 291.5 296.2 305.6 311.6 308.8 321.2 329.5 333.9 336.5 340.2 343.9 347.5 349.7 354.4 359.7 365.9 369 374.2 379.9 384.9 388.4 390 393 390.4 392.3 393.2 395.3 398.9 397.9 397.1 396.8 398 401 404.6 409.8 408.5 407.3 411.1 404.2 397 387.5 382.4 377.2 369.2 360.1 348.4 338.3 329.1 322.9 319.3
237.5 237.7 238.7 240.4 243.4 244.7 245.3 247.1 249.4 251.2 252.3 254.1 255.9 258 260.8 264.1 264.7 265.4 266.1 266.3 265.4 264.1 265.2 269.1 271.9 274.1 276.3 285 293.9 299.7 308.6 313.5 319.8 328.5 335.8 339.9 343.6 347.2 348.9 353.1 355.9 360.8 366.5 371.8 374.9 377.5 381.7 387.1 392.3 394.5 397 397.4 397.3 398.2 400.4 402.9 400.4 400.1 398.4 399.1 400.8 403.2 405.7 405.3 407.1 408.1 402.7 398.6 391.5 385.7 381.9 374.6 362 349.6 340.2 335.1 326.2 323.4
239.5 239.5 240.7 242.1 244.1 246.5 247.9 249.9 252.1 253.5 254.7 256.5 258.3 261.1 265.9 266.5 267.2 268.1 269.1 269.3 269.3 270.3 265.9 270.9 273.5 274.4 278.6 285.5 296.8 304.8 312.1 315.2 324.8 333.2 340.1 344.6 348.3 351.3 353.4 357.3 361 366 371.1 375.3 379.3 382.1 385.8 390.3 395.3 398.9 399.7 400.2 401.3 401.4 403.1 404.6 401.8 399.1 398.6 398.5 398.8 399 401.3 401.4 402.4 402.6 401.3 395.2 393.4 390.5 386.6 381.7 367.7 356.7 344.7 337.1 331.2 327.3
241.7 241.3 242.7 243.8 246.2 248.4 251.1 253.4 254.9 255.8 257.2 258.6 260.7 264.2 267.9 268.9 269.7 270.8 271.9 272 272.5 272.7 268.5 270.5 273.4 277.9 280.3 288.4 300 306.9 312.7 317.1 328.1 336.4 343.3 348.5 351.8 355 357.9 361.3 365.7 370.4 374.7 378.3 382.8 385.5 389.5 393.6 398.6 401.8 402.3 402.9 403.9 404.7 404.6 404.8 401.8 398.7 397.9 397.9 398 397.8 398.3 399.7 402.6 403.4 403.3 400.2 396.2 394.1 390.6 385 373.5 361.1 351.4 340.6 335.2 331.9
243.7 243.1 244.5 245.8 247.7 252 256 256.3 257.6 258 259.3 260.2 263.6 267.4 269.1 271.7 273.1 273.9 274.2 274.1 274.1 274.5 272.9 270.5 276.9 281.1 283.8 291.4 301.2 310 315.1 319.1 331.1 338.8 346 351.2 355.2 358.3 361.8 365.4 369.7 373.4 377.6 380.5 384 387.7 391.7 396 400.6 403 403.8 404.5 405.3 405.4 404.1 402.3 399.5 397.4 397.1 397 396.9 396.5 397 399 402 403.1 403.3 402.3 398.6 394.6 391.7 385.8 375.7 363.4 354.3 346.4 337.8 335.3
245 245 245.7 247 251 255.4 257.4 258.1 258.9 259.4 261.9 263.8 266.5 270.2 271.5 274.6 275.9 276.2 275.9 275.2 274.7 274.5 276 275.9 275.4 282.2 285.5 294.8 304.3 311.8 318.6 319.2 333.4 340.8 348.2 353.6 358.4 361.4 365.2 369 373.3 375.1 379.6 382.6 384 388.4 392.2 396.2 400.3 402.5 403 403.4 404 403.8 401.8 399.3 396 395.7 394.9 395.3 396.4 396 396.2 397.1 401.3 401.8 403 402.4 400.8 396.1 393.6 386.4 375.6 365.6 357.5 349.2 344.8 339.1
246.7 246.3 247.1 248.2 251.6 255.5 258 259 260 261.8 264 268 270.8 272.9 274.6 277 277.9 277.7 277.7 277.3 276.6 277.8 282.2 282.2 280.6 284.9 290.8 297.2 305 312.9 320.2 321.6 334.7 341.8 348.6 355.9 360.7 364.4 368 372 374.8 376.5 380.6 383.2 384 386.8 392 396.1 398.8 400.8 401.3 400.7 401.5 401.3 399.5 395.8 394.2 394 393 392.6 395.1 395.7 395.7 395.9 397.6 399.4 401.7 401.6 400.3 394.3 388.9 385.1 378.4 367.6 359.7 356.8 352.1 346.4
248.2 248 248.9 249.9 253.9 257.4 259.6 261 262.6 264.7 267 270.3 272.5 274.8 276.5 277.6 278.5 278.8 280.6 280.8 283.1 285.4 285.9 285.3 284.2 282.5 292.4 299 306.2 314.2 320 324.3 335.4 342.5 349.3 357.5 362.5 366.4 369.7 372 374.2 376.8 380 382.8 383.7 384.8 388.8 392.9 394.9 398.2 398.3 397.6 398 398.1 396.4 392.7 392 392.2 390.8 391.7 393.7 393.9 395.3 394.9 396.2 399.3 401.8 401.5 401.2 398.2 395.9 390.6 384.4 374.1 368.9 362 356.2 352.1
249.5 250 251.2 252.5 256.9 261.3 263.5 264.8 266 267.5 269.9 272.2 274.3 276.6 278.2 279.3 280.3 284 285.8 285.4 286.8 288.6 288 287.3 290.8 285.7 294.1 300.8 307.6 315 321.4 328.2 336.6 342.8 349.8 358.5 364.5 368 371.1 372 373.9 376.4 379.4 382.1 382.4 383.4 385.2 388.8 390.7 394.2 395 394.7 394.8 395.1 392.9 389.7 389.4 387.9 388.7 390.3 392 392.6 394.6 393.8 394.8 399.1 402.2 403.4 402.9 400.4 397.2 392.8 386.1 376.5 368.2 362.8 359.8 354.8
256.4 256.8 256.9 256.8 260.3 265.2 267.1 268.4 269.8 271.2 272.6 274.5 277 281.3 280.9 285.7 287.3 288.6 288.8 289.1 290.7 291.2 290.9 290.3 294 295.6 293 302.5 309.2 316.6 322.5 330.2 337.1 343.4 350.5 359 364.9 368.8 372.2 372 373 375.7 378.9 381.1 381.1 382 383.3 385.8 387.5 390.2 391.2 390.8 390.7 391.2 389.6 386.6 386 385.7 387.6 389.6 390.9 392.3 393.9 393.1 393.6 397.3 401.2 403.1 402.9 400.3 396.6 392.1 385.8 377.4 369.7 364.8 360.2 357.1
258.9 259.1 259.1 259.9 263.2 267.1 269.5 270.7 272.3 274.4 276.1 278.5 281.3 283.3 282.4 288.2 291.3 292.3 291.9 293.5 295.8 296 293.6 295.5 298.5 300.3 296.1 303.8 311.1 317.8 324.2 330.3 337.5 343.4 349.7 358.9 364.9 368.2 371.2 370.6 372 374.6 376.7 379.5 378.7 379.8 381.3 381.8 383.6 385.4 385.8 385.6 385.6 387 386 383.4 383 384 386.7 389.5 391 391.9 392.4 392.5 392.3 395.3 399.7 402.6 402.5 399.9 395.1 390 383.8 376.4 370 365.6 360.8 358.8
260.3 260.4 260.2 262.4 265.2 268.8 272 274.1 276.1 277.9 279.6 281.6 282.9 283.1 284.9 291.6 294.5 294.4 295.5 297 297.8 299 295.1 300.7 303.1 303.6 300.8 304.6 312.3 318.2 324.3 330.6 337.2 343.2 349.4 357.6 364.6 367.2 368.8 369.3 370.6 372.5 375.3 375.4 376.3 377 377.8 378.4 379.1 379.3 380.1 379.7 380.7 381.9 381.8 379.9 380.9 382.9 385.7 388.6 389.9 390.8 392 391.9 391.3 393.6 398 401.2 401.3 398.5 393.5 387.4 381.7 374.5 368.4 364.5 360.8 359.2
262.7 263.4 263.8 265.6 268.4 272.5 275.7 277.9 279.7 281.3 283.1 285.2 287.8 289.1 292 295.3 297.2 297.5 301.1 301.5 298.6 298.4 300.5 303 305.3 306.2 307.3 304.5 313.3 320.1 325.9 331.5 336.5 342.2 347.9 356.6 362.9 365.2 367.7 367.8 369 370.6 371.8 373 374.3 375 375 375 375.2 375.5 374.3 374.9 375.4 375.6 377.4 377.1 378.5 381.2 385.2 387.4 389 391 391.4 391.2 390.5 391.6 395.2 399.2 398.8 396.4 391.1 385 378.3 371.3 365 361.6 359.7 358.6
265.2 266.2 267.2 268.8 271.7 275.5 278.9 281.2 282.8 284.8 286.8 289.4 291.8 293.6 295.6 298.3 302 302 305.7 305.9 303.2 304 306.6 307.1 308.4 309.3 310.3 307.5 314.4 321.4 326.4 331.1 335.9 341.1 346.8 355.1 360.7 363 365.6 366.4 367.4 368.7 369.6 370.6 372.3 372.5 372.5 372.4 371.7 370.7 371.7 371.7 372 372.9 374.1 374.6 376.7 379.5 383.4 386.3 388.7 391.2 390.9 390.5 389.8 389.5 392.7 396.4 395.3 393.1 387.5 381.4 374.2 367.7 361.9 358.9 357.4 356.3
266.8 268.2 269.5 271.3 274.6 278.7 282.7 284.2 285.4 287.2 290.6 293.2 295.8 297.5 299.6 303.1 304.2 307 310.5 311.2 309.1 309.4 310.6 311.3 312.3 313.3 314.4 311.5 315.8 321.8 326.7 330.8 335.3 340 345.7 353.8 358.8 361.3 363.4 365.2 367 366.2 367.3 368.4 369.3 370.6 370.5 370.1 369.5 369.5 369.9 370.1 370.3 371.5 372.7 373.1 375.1 378.8 383.2 385.1 388.6 391.2 390.9 389.4 388.8 387.7 389.1 391.9 390.1 388.2 382 375.6 370.2 364.2 359.6 356.9 354.4 353
268.8 270 271.2 273 277.2 281.4 285.5 288 289.2 289.7 294.4 297.4 300.1 301.4 302.6 304.9 308.5 313.3 315.2 315.3 315.8 315 314.5 315.5 316.4 317.3 317.6 317.9 314.9 322 326.8 331.8 334.7 338.7 343.9 351.6 356.8 359.4 361.3 362.8 363.1 363.9 365.2 366.5 367.4 367.9 368.2 368.4 368.4 368.5 368.6 368.6 369.2 370.2 371.2 372 373.6 377.5 381.9 384.3 388.5 391.9 390.6 388.2 387 385.1 384.6 387.2 384.8 380.1 375.7 370.5 365.5 361.7 357.5 354.2 351.6 350.5
271.3 272.2 273.3 275.1 280.7 285.8 289 291.3 292.2 293.9 297.1 300.3 303.5 305 305.3 309 314.7 318.4 319.3 319.7 320.4 320.6 319.5 319.8 320.8 321.3 321.8 321.9 321.9 320.2 326.8 331.5 334.6 338.2 342.5 349.5 354.8 358 359.6 361.3 361.8 362.4 363.5 364.7 365.7 366.7 367 367.3 367.5 367.7 367.7 367.2 367.4 369.1 369.8 370.5 372.5 376.5 380.9 384.2 389.1 391.7 390.2 388.1 385.1 382.7 381 382.5 377.7 373 368.8 365 361.3 358.8 353.8 350.9 348.8 347.8
274.5 274.3 276.2 281 286.5 289.7 293.4 294.2 295.7 297.4 300.2 303.1 306.3 309.8 311.6 315.7 320.8 324.1 324.3 324.7 326.4 325.6 324.4 324.2 324.8 325.2 326 325.9 326 327.8 323.3 330.2 334.5 338 342.3 348.6 353.6 356.5 358.4 360.2 360.7 361.2 361.9 363.1 364.3 365.4 365.9 366.3 366.6 366.9 366.8 366.3 366.7 367.6 368.2 369.9 371.2 375.4 379.8 384.5 389.7 392.3 390.1 387.1 382.6 379.8 378.4 377.1 374.1 369 364.4 360.9 357.9 354.2 350.2 348.3 346.7 344.9
276.3 278.1 280 284.7 289.2 292.7 295.9 298.1 299.5 301.3 303.3 306.4 309.5 314 316.3 320.2 325.2 329 329.5 329.5 330.6 330.4 328.7 328.1 328.8 329.3 330.4 330 329.7 330 330.8 331 332.8 337.5 341.5 347.6 351.9 355 357.5 358.9 359.4 360 360.5 361.7 362.9 364.1 365 365.6 365.7 365.9 366 365.8 366.2 365.8 367.8 369.2 370.7 375 380.3 385.2 390.1 390.9 387.8 385.9 380.9 376.1 372.5 370.9 370.9 362 360.7 357.7 355 351.6 348.3 346.4 344.7 343.2
280.1 282.2 283.4 287 290.7 294 297.5 300.7 302.4 303.9 307.1 310.2 313.3 316.6 319.9 323.5 329.5 334.6 334.4 333.4 334.1 335.1 333.5 332.5 332.7 333.7 334.2 333.6 332.6 332.1 332.9 333.4 332.1 336.9 340.3 345.9 350.5 353.7 355.4 356.6 357.4 358.4 359.5 361.3 362.6 363.4 364.3 364.9 365 365.1 365.2 365.3 365.1 365.8 367.8 369 370.2 375.6 381.5 386.2 391.4 393.8 389.3 385.7 382.2 378 375.2 372.2 368.1 363.4 358.6 351.6 350.2 348 346.3 344.6 343.2 341.9
284.3 285.7 286.1 289 291.8 294.9 299.9 302.8 304.9 307.7 310 313 316.2 319.7 323.1 327.1 332.9 338.6 338.3 337.1 337.7 339 337.6 336.9 336.7 336.9 338 337.3 335.2 334.7 334.8 335.7 335.4 337.3 340.4 344.1 349.1 352.8 354.8 355.6 356.1 357.2 358.8 360.4 361.8 362.6 363.5 364.3 364.4 364.4 364.7 364.7 365 366.3 367.9 369.2 370.3 375.8 382.2 388 392.6 393.7 391.3 386.7 382.8 377.9 375.2 371.9 368.5 363.7 357.2 352.9 349.7 346.7 343.2 343.1 341.8 340.5
286.7 287.6 288.4 290.6 293.8 297 302.5 305 308.4 310.8 313 315.9 319.2 322.8 326.2 329.9 336 341.5 342 340.5 340.6 342.6 341.7 341 340.9 340.8 342.1 340.4 337.8 336.9 336.6 336.9 334.5 337.9 340.1 342.9 347.4 352 353.7 354.6 354.9 355.6 357.8 359.5 361.2 361.9 362.6 363.3 363.9 364.4 365 365.6 366.1 367.2 368.6 369.5 370.9 376 383.2 389.3 393.6 395.1 393.3 389 383.8 379.3 375.3 371.7 368.3 362.8 356.1 351.4 348 345 342.1 340.9 340.5 339.3
289.3 289.6 290.4 292.5 296.2 300.1 305.2 307.9 310.8 313.1 316.1 318.8 322.3 325.7 329.1 332.6 337.2 343.4 344.3 343.4 343.2 345.3 345.1 344.2 344.4 344.3 345.8 344.2 340.5 339.2 339.1 338.9 338.7 337.7 340 342.6 346.7 351.3 352.5 352.2 353.2 353.3 355.4 358.1 360.1 361.7 362.5 363.7 364.9 365.5 366.1 366.7 367.2 368.3 369.5 369.8 371.3 377.5 385.2 390.7 394.8 397.4 395.3 390.7 385.7 380.6 376.3 372 368.3 362 355.5 349.6 346.1 343.3 341 339.5 338.8 338
292.7 291.5 292.4 294.4 298.7 301.4 306.3 310.7 312.5 315.1 318.1 321.4 324.8 328.2 331.4 334.6 337.9 343 345.2 345.6 345.1 347.7 347.7 346.8 347.3 347.7 348.6 347.5 342.8 341.8 341.7 341.2 340.7 337.8 339.8 343.1 346.4 350.2 351 350.8 349.6 351.4 353.1 357.5 359.9 361.9 363.3 364.6 365.9 366.5 367.1 367.7 368.3 369.3 370 370.4 372.2 379 386.9 392.2 396.8 399.3 397.5 392.2 386.6 381.5 377.2 372.8 368.3 361.5 354.9 348.9 344.6 341.7 339.9 338.4 337.4 336.3
294.2 294.2 295 296.1 299.1 302.6 306.9 311.2 314.3 317.2 320.3 323.9 326.9 330 333.1 336.2 339 341.9 344.6 346.1 346.5 349 349.5 348.8 349 349.3 350.4 349.8 345 343.9 343.4 342.9 342.5 341.5 339.5 341.5 344.5 348.7 348.9 347.9 349.7 352.3 354.9 358.6 361.5 363.1 364.5 365.7 366.9 367.6 368.2 368.8 369.4 370.2 370.6 371.1 373.9 380.7 388 393.5 397.8 401.4 399.8 395.2 388.4 383.8 377.3 372.9 367.5 360.9 354.1 348.1 343.1 340 338.3 337.2 336.2 335.2
296.5 296.9 297.1 297.7 300 303.9 308.2 312.8 316.1 318.9 321.5 325 328.1 331.6 334.7 337.6 339.9 342.1 344.2 345.7 347.1 349.3 350.5 350.4 350.5 350.5 351.7 351.4 346.7 345.2 344.6 344.1 343.5 342.9 340.3 341.4 343.7 346.6 345.9 347.2 351.2 353.4 355.8 359.3 362.2 364.2 365.7 366.8 367.9 369 369.5 370 370.6 371.2 371.8 372.7 376.2 382.4 390.2 395.4 400.1 402.8 401.2 397.2 390.8 386 378.3 372.8 366.2 360.3 353.5 347.4 342.3 338.6 336.8 336 335 334.1
299 301.2 300.3 299.4 300.9 304.4 309.3 313.5 316.8 319.8 322.7 325.7 328.9 331.5 335.9 338.8 341 343.4 344.6 346 347.1 348.8 350.3 350.6 350.7 350.7 351.6 350.8 347.5 346.1 345.5 345 344.5 343.9 343.2 341.8 343 343.9 347.5 349.5 352.1 354.3 356.6 360 362.8 364.9 366.6 367.7 368.9 370.1 371 371.5 372.3 372.9 374.1 375.9 377.5 384 391.7 396.9 401.4 404.3 402.3 399.3 394.1 388.1 380 372.5 366.8 360.1 353.1 346.7 341.7 338.2 335.6 334.8 333.9 332.9
