data/290000-80000.asc
ncols 200
nrows 200
xllcorner 290000
yllcorner 80000
cellsize 50
[rows 0 to 38 of 200, columns 0 to 86 of 200]
43.1 55.5 68.8 78.8 85 85 81.1 76.3 71 63.6 56.4 49.9 44.8 42.9 44.2 50.1 51 50.2 45.6 40.8 35.6 30.5 31.3 27.9 24.2 23.1 24.3 23.6 22.5 20.2 19.7 18 16.4 14.9 15.7 16.1 18.8 17.3 17.9 17 14 12.9 5.6 5.9 5.4 5 5.4 5.1 4.5 4.9 5.2 5.2 4.9 5.1 5 5.5 4.9 4.7 4.7 4.7 2.5 5.5 3.5 3 3.3 5.4 3.7 3 3.5 3.7 -0.5 -0.5 -0.2 0.5 -0.5 -0.5 -0.5 0.9 1.6 -0.5 -0.5 -0.5 10.6 9.6 12.2 13.2 14.6
44.6 54.1 70.2 83.8 86.5 83.9 79 71.1 62.1 55.2 54.5 53.4 53.1 53.4 55.4 56.9 55.2 50.9 44.9 38.1 33.4 34.5 32.2 31.6 28.3 27.4 28.3 27.3 25.5 23.6 23.2 21.6 19.1 16.5 18.3 17.9 18 17.8 17.4 17.2 15.2 13.3 8.2 6.2 5.4 5.3 5.7 5.8 4.2 4.9 5.3 4.3 5.4 5.4 5.1 5.3 5.1 4.6 4.5 4.5 4 2.7 5 3.3 2.8 2.5 5.6 3.9 2.3 3.6 3.8 3.6 -0.5 -0.5 -0.5 -0.5 2.5 -0.5 -0.5 -0.5 -0.5 -0.5 13.6 12.8 12.9 13.3 14.3
47.6 55.6 71.4 85.8 87.4 82 74.6 65.7 63.1 64.8 66 63.7 63.2 62 60 55.9 52 46.1 39.1 41.3 41.6 40.8 37.1 32.8 32.8 33.1 33.2 30.8 29.7 27.4 25.2 21.4 19.7 18.4 18.2 18.8 19.5 19.2 17.1 16.6 17 15.3 12.3 6.2 5.9 5.9 5.7 5.1 5.2 4.9 5.4 5.3 4.3 5.6 5.2 4 3.5 4.1 4.1 3.9 3.9 2.7 2.2 4.5 3.2 2.7 3.6 5.4 4.7 3.1 3.8 3.6 2.3 1.9 2.4 1.4 2.6 3.4 3.3 3.1 -0.5 -0.5 13.3 13.3 13.6 13.7 13.4
49.4 60.9 73.9 85.7 86.9 79.6 73.5 73 73.9 74 72.3 68.4 65.5 61.3 55.9 49.8 45.5 45.5 48.5 48.5 47.1 43.7 39.6 33.5 35.8 38.3 36.4 34.3 33.3 31.1 26.3 22.9 20.9 20.8 18.6 20.6 20.5 19.6 17.6 15.8 15.9 13.3 12.1 7.7 5.7 6.2 5.6 5.1 5.2 4.3 5 5.2 4.7 5.6 2.9 3.4 3.6 5 3.2 3.3 3.7 2.4 2 1.5 4.7 3 2.5 4.3 3.6 6 3.4 3.1 2.1 2.1 1.2 1.2 2.1 3 2.8 2.9 -0.5 -0.5 13.1 13.4 14 13.3 12.5
52.8 63.6 77.5 89.7 88.1 83.9 80.3 80.4 80.6 79.2 75.4 69 64.1 59.7 53.7 53.2 52.3 54.1 55.2 53.1 51 48.1 44.5 40.2 35.3 41.7 39.5 37.3 34.7 30.7 25.4 25.6 24.6 24.7 20 20.3 20.3 19.4 17.5 16.5 14.1 12.9 11.1 12.5 5.9 5.5 5.1 5.2 4.3 4.9 5.2 5.6 4.9 5.8 5.7 4.6 3.7 4.4 5 3.3 2.5 2.4 1.9 3.2 3.6 5.1 2 2.1 2.7 5 5.1 2.6 2.4 2.4 1.3 1 1.4 2.1 2.5 2.2 2.4 -0.5 -0.5 12.8 13.4 13.2 12.2
59.8 69.3 80.7 89.9 92.2 89.8 87.7 87.4 85.7 81.3 76.4 71.6 68 64.3 59.9 59.2 58.8 59.2 58.5 56.5 54.4 52.3 50 46.7 36.6 43.9 41.2 37.9 34.3 29 30.6 30.7 28.8 25.9 22 21.4 20.9 18.8 16.8 14.9 13.5 12.6 12.9 12.9 12.3 5.8 5.9 4.8 5.2 5.3 5.1 5.1 5.7 5.9 5.8 5.5 4.7 4.6 4.6 4 3.1 2.8 2.6 3.4 3.5 4 5.3 2.8 2.1 2.5 5.4 5.4 2.3 2.3 1 1.1 1 1.2 2.3 1.8 -0.5 -0.5 -0.5 -0.5 11.2 11.2 13.1
67.3 76.3 87.5 95.8 96.6 95.5 94.8 92.4 89.5 86.3 81 76.9 72.9 68.8 66.7 65.3 64.5 62.5 61.5 59.7 57.6 55.5 53.4 51.5 39.8 42.8 41.2 34.8 32.9 32.4 35 33.8 30.9 26.7 23.5 22.5 20.5 18.2 16.6 15.8 14.7 14.3 14.8 14 13.2 11.7 5.6 5.8 5.3 5 5 5 5.1 5.5 5.5 5.8 5.6 5.1 4.7 4.7 3.9 3.3 3.2 2.6 3.5 3 3.7 4.8 2.4 2.5 2.5 3.7 4.3 3.1 1 1.1 1.2 1 1.2 1.4 -0.5 -0.5 -0.5 -0.5 -0.5 10.6 9.1
73.5 83.9 93 97.5 99.2 97.2 96.6 93.9 91.3 88.8 85.2 82.3 79 75.6 73.5 71.9 68.7 65.9 64.5 63 60.9 58.8 56.7 54.3 49.6 39 42.6 35.9 36.9 37.8 37.4 34.5 31.8 28.6 25.1 24.3 22.8 19.7 18 17.3 16.5 16.6 17.1 16.8 14.8 15.3 14 7.7 4.7 4.6 4.9 5.1 5.1 5.1 5.3 5.6 3.9 4.3 4.7 5.4 4.5 3.7 3.9 4.1 3.5 2.9 2.7 3.7 4.9 2.9 2.7 2.5 2.7 4.8 3.4 1.3 1.2 1.4 1.5 1.6 1.9 1.8 -0.5 -0.5 -0.5 -0.5 -0.5
79.7 90.4 97.3 97.6 96.2 95 95 92.5 91.4 89.1 87.2 85.4 83.2 80.9 79.1 76.6 73.6 70.2 67.1 65.6 63.3 61 58.7 55.7 52 39.7 44.5 41.4 42.6 41.4 38.4 35.7 33.8 31.1 27.7 24.8 22.4 21.4 19.1 18.9 17.9 18.2 19.2 20.1 18.6 17.7 17.5 15.4 6.1 4.7 5 5.1 4.9 5 5.2 5.7 5.7 4.8 5.1 4.5 4.5 4.2 3.9 3.8 3.7 4 4.2 2.6 2.1 4.4 2.5 2.4 2.5 2.9 4.9 3.3 1.7 1.8 1.8 1.9 2.1 2 -0.5 -0.5 -0.5 1.6 -0.5
84.7 93.3 95.4 92.7 91.1 90 89.8 88.5 87.7 86 85.9 86.4 85.4 83.9 81.9 79.8 77.7 74.4 71.3 68.1 64.9 62.1 59.3 56.6 52.6 44.7 46.8 47.4 45.8 42.9 38.6 36.4 33.8 30.8 28.4 25.6 22.8 21 21.4 20.5 19.2 18.1 20.1 21.1 21.8 21.8 20.9 20.6 18.9 5 5 4.8 4.6 4.8 5.5 6.1 5.7 4.1 3.4 3.6 3.7 4.6 3.5 4.6 4.3 3.3 3.1 2.9 2.4 2.2 4.5 2.2 2.5 2.4 3.5 3.7 3.9 2.3 2.1 2.3 2.3 1.8 1.8 -0.5 -0.5 -0.5 1.6
89.1 93.8 90.8 86.4 82.9 82.4 82.4 81.8 81.3 80.2 82.2 83.1 84.8 84.3 83.2 81.6 79.7 77.7 74.9 71.1 66.2 62.1 59.6 55.2 50.5 44.8 41.4 50.7 47.6 42.3 39.9 36.5 33.4 30.1 28.4 26.3 25.5 24.4 24.1 23.1 20.6 18.6 20 21.7 24.3 25.7 27 27.5 27.5 21.4 5.7 4.3 4.3 4.4 4.5 4.7 5.5 3.4 3.3 3.7 3.7 3.5 3.7 3.8 3.6 3.3 3.1 3 2.5 2.1 2 4.5 3.5 2.4 2.3 2.4 2.5 5 3.9 4.9 4.9 4.5 -0.5 -0.5 -0.5 -0.5 1.9
94.8 93 87.9 81.3 74.8 73.1 73.4 73.4 72.8 72.2 74.8 77.7 79.7 81.6 81.6 80.7 79.7 78.2 75.7 72.7 68.7 63.6 58.4 53.9 49.7 48.9 41.9 52.6 48.6 44.4 40.1 37.1 34.9 32.5 30.4 28.7 28.1 29 26.7 24.7 22.7 20.7 20.2 22.5 24.6 26.6 30.1 34.6 36.6 34 24.5 10.5 4.7 4.8 4.9 4.6 5.6 3.3 3.2 3.4 3.7 3.7 3.5 3.8 3.6 3.3 3.1 3 2.5 2.1 1.9 1.9 4.5 2.1 2.1 1.4 2 2 1.7 4 3.4 4.2 4.7 -0.5 -0.5 -0.5 -0.5
95.9 93.5 89.8 82.8 75.1 67.6 65.1 64.3 63.7 63.3 65.3 67.9 72 74.6 76.3 77.7 79.1 77.7 75.5 73.2 69.4 66.5 62.9 58.8 56 54.1 49.8 47 50.2 45.8 43.2 40.7 37.3 35.1 33.8 31.9 29 30.6 28.6 26.2 24.3 22.6 21.9 22 23.3 24.9 27.7 33.1 39.3 45.8 46.1 31.9 17.5 5.8 5.4 5 5.1 3.1 3.1 3.5 3.7 3.6 3.4 3.8 3.5 3.3 3 3 2.5 2 1.8 1.9 2.2 4.2 1.7 3.4 2.2 2.1 1.4 1.9 1.6 1.7 2.2 -0.5 3.6 -0.5 -0.5
95.6 93.7 90.2 85.6 80 74.4 66.9 61.2 57.8 54.8 53.7 57.9 62.1 68.3 66.1 70.1 75.4 75.8 74.3 72.3 70.1 67.6 65.3 62.3 61.1 58.4 58.6 42.3 50.2 50.2 47.1 44.4 41.5 39.4 37.2 34.9 33.8 32.4 30.4 28.2 25.6 23.8 22.7 22.1 22 22.4 24.3 27.1 33.2 38.4 44.1 43.5 35.9 27.8 18.3 11.6 5.7 3.8 3.2 3.7 3.6 3.4 3.3 3.7 3.5 3.3 3 3 2.6 2.1 1.8 1.9 2 2.1 4.1 2.3 1.9 2.1 1.4 4.8 1 1.2 0.6 -0.5 -0.5 3.5 -0.5
92.7 90.9 89 86.3 82.4 77.8 73.9 69.2 64.1 59.9 52.9 49.8 54.5 59.6 57.6 63.4 70.2 72.4 71.1 69.3 67.6 65.7 64.4 63.5 62.1 61.4 59.4 42.7 50.6 52.5 50.2 47.6 44.7 42 39.6 37.4 36 33.3 32.4 29.8 27.4 25.1 23.9 22.8 21.3 20.8 21.5 22.8 24.5 29.2 32.2 32.1 27.8 20.8 16.5 10.5 6.9 5.3 3.7 3.1 3.8 3.6 3.1 3.3 3.5 3.3 3.1 3 2.6 2.8 2.2 1.5 1.6 1.5 1.6 3.4 2.1 2.2 2.5 1.8 1.2 1 0.9 0.7 0.6 0.6 1.6
88.1 85.1 85.3 84.6 81.4 77.9 73.8 70.5 66.4 63 58.2 51 45.6 51.9 52.7 61.2 67.8 68.4 67 65.3 63.1 61.5 62.3 62.4 61.5 61.2 57.9 52.6 41 53.6 51.4 48.7 46 43.7 41.6 39 36.2 32.6 32.1 29.8 28.2 25.8 24.7 23.2 21.3 18.9 17.8 17.7 19.2 20 21.5 18.9 15.8 10.9 8.5 6.4 5.7 6.9 5.1 4.3 3.6 4.2 7.9 7.8 3.8 3.6 8.6 4.2 2.6 2.9 2.6 2.2 1.2 1.1 1.1 1.1 2.8 2.6 7.4 1.6 1.4 1.1 0.9 0.8 0.6 0.5 0.9
84.3 79.2 79 81.5 78.4 74.8 70.6 67.1 64 61.4 58.1 53.7 46.7 43.6 50.7 59.6 64.1 63.4 62.6 60.2 57.5 54.1 57.8 59.4 60.5 58.8 58.3 57 41.5 48.4 50.2 47.4 44.9 42.8 40.5 38.3 36 33.5 31.2 29.7 27.9 25.3 24.1 21.9 20.6 18 15.7 12.7 13.7 13.1 11.8 9 7.3 5.9 5.6 6.1 6.7 7.8 8.2 10.1 11.8 12.9 14 15.8 17.7 16.9 15.1 12.6 5.8 2.9 2.4 2.1 1.3 1.1 1.1 1.1 1.4 2 1.5 1.7 1.5 1.2 1 0.8 0.6 0.6 0.8
82.2 77.4 72.7 75.3 77.2 75.3 69.5 65.1 59 57.5 55.2 51.9 47.4 40.3 44.9 53.3 59.6 59.3 57.2 54.8 51.8 49.4 53.2 55.8 54.8 58.2 56.8 54.3 50 39.8 47.7 45.2 42.8 38.9 36.5 35.4 32.8 30 25.1 25.9 24.6 23 20.9 18.7 17.1 16.1 13.4 10.9 9.8 8.5 7.8 6.2 6.6 8.8 11.1 8.7 6.2 10.1 11.4 10.5 11.5 14.2 17.6 18 19.1 20.1 18.5 14.1 11.4 9.5 3.5 2.5 1.7 2.2 2.3 1.2 5.5 1.6 2.6 1.8 1.6 1.4 1.1 1 0.6 0.4 0.5
80.7 76.9 69.9 68.5 74.2 73.7 70.9 67.9 62.7 55.5 50.4 47.7 43.8 40.6 39 45.6 52.7 55.2 52.4 50.9 49.8 43.6 47.9 48 51.8 54.8 54.1 51.8 48.2 41.6 40.3 40.2 39 35.5 31.6 30.3 27.9 25.2 19.9 20.7 19.7 19.1 16.8 14.5 12.8 12.5 10.8 9.3 8.2 7.6 10 11.5 17.3 17.4 15.4 10 7.4 16 20.3 16.5 14.5 18.3 18.4 18.7 20.3 21.1 20.1 15.6 10.6 17.1 7.2 4.6 3.4 4.5 2.1 5 1.6 1.6 1.6 2.1 1.7 1.6 1.2 0.9 0.6 0.4 0.4
78.5 75.8 70.9 63.1 66.1 71.4 70.5 68.4 66.3 60.9 56.6 51.7 48.5 43.8 38.1 39.5 46.7 51.3 49.2 47.7 48.8 42.6 41.8 43.4 45.7 49.4 50.3 49.2 47.3 42.7 37.9 36.6 35.4 32.1 27.6 25.5 23.8 20.3 18.4 16.8 15.5 14.5 12.9 11.4 10.2 9.6 9.7 9.6 11.8 16.3 19.8 19 19.6 18.1 15.9 9 11.2 19.4 21.4 18.1 17.7 21.4 20.2 21.4 22.5 22.6 22 18.1 12.9 17.4 27 6.8 5.5 5.3 5.5 1.6 1.5 1.4 1.4 1.1 1.2 1.5 1.2 1 0.7 0.5 0.4
74.5 73.1 69.8 61.9 58.2 63.8 68.7 67.4 66.7 64.3 60.8 56.5 51.9 46.7 40.1 35.4 37.8 46.1 44.7 44.5 47.4 44.1 37.5 36.3 41.2 43.9 44.3 44.4 42.9 40.2 36.9 35.4 29.7 26.3 23.7 21.3 19.2 16.1 15.6 14.2 12.9 11.9 11.4 11.2 11 13.7 15.9 20 23.3 25.3 25 23.9 21.6 19 14.3 9.5 12.2 21.5 23 21.9 19.1 22.6 23.2 24.5 25.8 26.1 23.8 20.6 16.6 14.9 30.1 24.7 15.3 6.8 2.6 1.6 1.3 1.3 1.1 0.9 0.8 1.5 1.4 1.1 0.7 0.6 0.5
69.7 68.3 67.2 62.8 54.1 57.9 62.5 65.7 65.9 63.6 60.9 58 53.6 48.9 42.9 36.2 33.1 36.8 39 40.7 44.2 43.1 38 33.2 35.8 38.4 38.4 39.4 39.1 37.5 34.7 30.8 33.2 24.1 19.5 17.4 15.1 14.3 17.1 12.9 12.2 13.5 15.2 15.8 19 21.5 23.9 29.6 30.5 30.2 28.3 25.5 22.6 19.2 14.7 9.9 14.1 23.7 25.8 24.1 20.8 24.4 26.3 28.4 29.8 29.6 26.9 24.2 21.2 17.4 27.2 28.2 22.8 15.8 5.8 2.7 1.2 1.1 0.9 0.9 0.9 1.3 1.3 1 3.6 1.3 1.2
63 62.6 61.2 59.5 54.9 50.2 54.8 61.2 62.2 61.8 60.6 58.1 54.1 49.7 45.4 39.7 32.5 31.4 31.5 40 42.6 41.4 38.4 32.3 30.3 33.9 33 33.6 33.2 32.3 31.3 27.7 23.1 31.4 24.6 14.7 15.6 18.7 20 17.5 20.6 23.8 21.6 22.9 29.1 33.3 36.5 37.3 36 33.4 30.4 27.1 24.3 19.5 15.6 10.5 13.7 24.7 28.9 26.9 24.1 25.5 29.9 32.7 34.5 34.7 32.8 30 27.1 20.8 23.5 31 28.1 23.8 20.2 3.2 1.7 1 1 1 1 1 4.8 5.5 1.8 1 1.1
54 53.4 52.8 53 51.8 47.3 48.8 55.6 57.7 58 56.7 55.1 53.2 49.9 46.2 41.3 35.2 29.5 29.8 34.5 38.5 38.2 37.3 31.1 26.8 27.1 27.5 28.1 28.9 27.2 25.4 22.9 19 17 29.2 27.9 22 24.8 26.6 29.5 31.8 31.5 30.4 33.1 38.2 41 41.3 40.3 37.4 33.9 29.8 26.7 24.6 19.6 15.8 11 14.8 28.9 32.3 30.9 28.1 27.1 32.7 38.4 39.3 39.8 38.7 35.6 31.8 25.3 22.4 35.4 37.8 33.1 27.2 15.8 2.2 1 1 1 1 0.9 0.6 0.6 1.2 0.9 1.2
47.2 45.3 44.1 44.5 44.3 42.6 42.3 48.2 52.3 53.4 53.3 52.5 50.5 48.6 46.1 42.9 38.8 32.4 28.4 28.1 31.4 34.3 31.9 31 26.5 23.7 23.8 24.3 24.3 22.2 19.4 17 15.7 16.2 21.2 27.7 28.5 30.2 30.4 30 39.2 39.5 37.6 39.7 38.5 40.9 40.4 38.9 36.5 32.5 28.4 23.6 20.3 19.3 15.6 11 17.7 30.1 32.3 34 34.4 33.8 34 40.9 44.9 46.7 44.3 40.6 35.9 28.2 24.5 35.7 46.4 42.3 28.9 20.8 5.9 1 0.9 1.1 0.9 0.8 0.7 0.9 1.1 1 1.3
52.2 51.8 47.2 44.2 41.9 38.6 38.2 40.6 45.8 48.1 48.2 48.6 47.1 45.4 42.7 40.4 37.8 34.4 29.6 25.6 25.9 27.7 27.6 27 24.8 21.4 20.1 20.5 19.3 17.4 16.9 16.2 16.7 20.2 25 34.5 44.6 32.2 28 34.4 36.1 42.7 38.4 43 42.4 41 39.1 35.8 32.8 30.3 24.2 19.7 18.1 16.1 13 12.4 17.2 25.2 34.9 39.4 41.1 40.3 38.2 43.8 50.7 53.1 49.9 44.7 37.1 28.9 30.2 39.4 50.6 44.1 27.8 22.2 25 10 1.2 1.3 0.7 0.7 0.9 1.2 1.1 1.1 1.3
59.6 57.3 54.7 52.1 48.4 44.2 38.9 35.1 41.3 43.2 43.2 41.8 41.4 40.2 37.1 34.6 33.4 31.4 28.5 25.1 23.6 22.9 22.2 22.8 21.8 19.7 18.4 19.5 18.9 19.5 18.3 16.2 16.5 29.3 36.2 33.2 43.9 51.7 42.7 32.4 28.7 40.1 44.5 44.2 43 42 38.8 35.6 33.4 30.2 27.2 21.2 19.4 15.9 12.7 18.7 16.8 27.6 40.7 43.8 47 48.3 46.5 50.7 60.3 59.6 54.2 47 36.7 32.1 42.9 47.2 53 50 41.8 37.3 35.6 20.8 10.5 1.3 0.6 0.7 1 1.1 1.2 1.4 1.5
59.8 57.7 55.4 52.8 50.3 47 43.1 38.5 33.6 35.9 37.4 37.7 36.9 34.8 31.8 29.7 27.4 25.7 24.4 23.3 23 22.4 22.3 22 22.8 25.8 26.1 25.1 25.2 24.1 20.4 16.4 17 33.5 44.5 44 46.3 52.7 51.3 47.9 39.1 28.2 29.5 44.2 42.9 42 39.1 36.6 34.3 32.5 29.2 24 21.3 16.5 15.1 26.2 21.3 20.3 28.5 38.2 49.3 56.8 56.3 59.6 66.9 63.5 52.4 43 39.7 46.2 51.7 54.4 52.8 51.2 49.2 44.6 39.2 31.3 27.1 12.9 3.6 3.1 0.9 1.4 1.6 1.7 1.6
57.1 55.3 52.7 49.9 48.3 45.6 43.2 40.1 35 31.8 32.4 33.3 32.1 29.4 27.6 26.1 25.9 25.5 25.4 25.7 25 25.8 28.4 31.1 32.5 32.9 32.1 30 27.7 23.8 19.4 16.8 25.2 34.7 46.5 55.9 58.1 55.8 52.8 49.2 42.4 45.1 39.9 29.5 32.6 40.8 39.9 36.5 33.9 32.4 29.5 25.1 21 15.1 19.2 32 28.5 36.5 24.4 35.7 42.8 54.2 64.5 70.4 69.1 65 60.2 55.4 51.2 53.2 52.8 52.4 50.2 48.8 47.1 43.8 39.1 32.7 27.6 22.2 14.4 4.5 3.9 1.7 2.1 1.8 1.7
52.6 50.5 48 45.4 43.4 42.1 39.6 36.5 32.9 30.7 30 28.7 28.1 27.2 28.5 29.1 29.5 30.2 32.6 32.7 36.9 37.4 37.8 37.5 36.9 34.8 33.7 30.2 25.6 20.7 18.1 21.7 30.4 39.7 48.5 63.9 60.8 56.1 52.4 48.8 45.7 44.1 43.9 43.3 36.3 30.3 35.9 36.2 33.2 31.6 28.3 24 19.4 16.1 26.8 33.3 35.6 37.3 40.1 32.8 35.9 46.3 64.9 72.9 70.5 67.8 65 61.5 57.8 54.9 52.5 50.2 46.9 41.6 41.3 40.2 35.3 28.3 18.7 15 12.7 5.8 12.8 11.6 7.8 3 2.7
47.4 44.3 42 40.7 38.4 36.7 35.6 32.6 32.3 31.8 34 37.4 36.9 37.2 37.7 38.8 41.1 43.1 43.9 43.3 42.7 41.4 40 38.4 37.1 35.1 32 27.4 22.3 19.3 17.5 26.8 37.5 47.9 61.7 61.9 59.5 55.5 51.4 46.3 45.1 41.9 41.1 41.6 39.6 37.4 33.3 32 31.9 28.8 24.9 20.8 16.8 22.1 32.3 38.1 42.2 38.5 41.4 42.2 44.3 47.2 64 73.4 71.1 68.4 65.3 61.7 56.2 54.4 51.5 48.6 44.3 35.2 27.6 27.7 24.2 18.2 12.4 11.8 11.8 10.5 8.9 5.1 5.2 6.2 6.6
42.9 38.5 38.6 38.8 39.5 38.2 39.8 41.9 44.7 45.5 47.3 47.7 48.6 50 49.5 49.4 46.4 48.1 47.3 45.9 42.7 40.5 39.5 37.7 35.2 31.5 28.2 24.8 20.7 18.3 26.7 34.9 41.3 59.1 60.9 59.3 56.5 53.7 49.5 46 42.5 38.8 37.7 38.8 37.9 35.3 33.4 33.5 32.6 30.5 22.3 17.9 24 32.7 40.9 46 50.8 58.6 43.6 42.5 52.6 53.2 62.7 73 70.8 67.8 64.6 60.1 54.9 49.3 49.8 47.2 42.6 29.8 25.3 26.2 27.3 25.6 24.1 22.7 21.3 20.2 13.3 19 17.9 14.2 8.3
47.9 50.1 49.7 49.7 50.8 50.8 52.4 55.5 56.6 57.8 56.7 56.2 55.4 54 52.1 51.1 49.9 48.3 46.4 44.5 41.8 38.6 37.2 34.7 30.7 26.6 24.1 21.5 22.8 33.3 39.8 52.3 50.5 58.3 60.3 57.2 53.5 50.3 46.7 44.6 41.4 38.4 34.7 34.6 35.4 33.6 32 32.9 33.7 33.8 34.6 28 37.7 40.7 48.5 54 59.7 60.9 46.7 44.5 54.3 66.5 68.9 72.5 70.1 66.9 63.4 59.2 54.1 47.4 44 42.8 32.2 31.8 29.8 27.9 32.2 36.5 36.8 32 25.2 20 12.6 9.9 15.7 17.1 16.6
60.5 62.3 62.9 63 62.1 61.9 62.7 62.3 61.8 59.9 58.5 56.6 54.5 52.9 51.2 49.9 47.7 46.3 43.8 40.7 38.6 36 32.7 29.2 25.4 24 23.2 28.3 32.8 40.4 54.4 62.6 60.1 59.1 58.1 55.5 51.4 47.8 45 42.2 39.7 37.8 34.4 30 30.3 29.4 30.7 33.6 35 34.5 32.3 35.3 40.6 48.3 58.2 62.6 67.2 60.4 52.2 50.9 53.9 68.8 73.7 72.1 69 65.4 60.9 56.7 49.9 43.7 37.3 34.8 32.9 38.4 39.5 38.9 35.9 33.9 31.7 30.7 24.7 18.6 15.5 15.3 16.8 16.4 15.3
70.7 69.8 69 67.6 66.4 64.8 63.5 61.4 59.8 58.2 55.6 53.9 52.3 49.9 48.6 46.9 44.4 41.8 39.8 36.2 33.9 29.4 27.9 24.9 23.9 28.8 35.6 39.2 40.8 44.5 59.8 62.9 61.1 57.9 55.7 52.6 49.1 45.3 42.1 39 36.9 36.2 34.3 30.3 27.3 27.3 31.7 35.2 36.9 36.9 32.6 31.1 36.5 47.8 58.2 63.4 67 68.1 62.3 63.2 70.9 72 73.2 69.9 66.8 62.9 57.2 50.1 42.6 38.1 36.4 39.7 44.8 43 41.9 38.3 34.9 32.2 30.4 27.5 21.5 19.6 20.1 17.2 16.2 15.4 16.7
69.3 67.4 65.8 64.2 62.8 61 59.2 57.8 55.5 53.4 51.3 49.1 46.8 45.7 43.6 42.3 39.6 36.6 34.6 30.8 27.5 27.6 27.5 26.7 27.3 34.4 45.5 59.9 64.2 61.7 60.8 61.3 59.8 56.4 53.6 50.2 47.3 43.3 41 37.6 34 33 30.6 27.3 27.3 30.5 40 43.7 41.8 38.9 32.6 29.5 33 38.1 46.9 55.7 68.7 76.9 79.5 79.3 78.2 76 72.3 65.8 61.4 59.1 53.1 43.7 40 42.2 49 47.1 46 44.5 41.1 37.8 33.9 32 27.8 24.8 24.4 26.6 26.1 23.4 19.1 16.9 17.3
63.3 59.4 57.3 56.4 55.7 54 52.9 51.6 49.7 46.3 43.9 42.1 39.8 38.4 36.9 35.2 34.2 32.3 31.1 30.2 29.8 34 36.2 36.3 35.1 36 49.8 64.8 63.4 60.9 59.1 57.3 56.3 54.3 51.2 47.6 44.8 40.3 37 34.3 30.9 28.4 27.7 28.4 32.5 45.3 51.8 49.9 44.5 38.1 33 32.8 31.1 38.6 38.9 56 68.5 75.6 79.2 80.8 81.2 79 76.4 71.2 64.2 58.5 46.2 42.1 52.5 54.5 51.8 49.3 46 43.9 39 36.7 34.9 33.5 30 30.3 31.8 32.7 30.1 27.5 22 19.1 16.6
55.7 54.3 52.5 52.3 48.8 47.2 46.3 43.4 42.2 41.8 40.7 39.8 38.9 37.4 34.4 31.6 30.4 29.3 34.8 39 40.4 44.8 55.3 61.3 46.7 38.6 48.7 62.7 62.5 59.2 56.4 53.7 52 50.8 48.2 45.2 42.4 39.1 35.4 32.3 31.9 29 39.5 37.5 34.7 44.2 53.7 54.1 46.8 40.9 40.2 40.1 37.2 35.9 39.3 46.6 64.9 70.3 74.4 79.4 81.4 80.1 80.2 77.2 72.8 47.7 44.3 61.1 60.9 58.5 54.7 52.1 48.3 44.5 40.3 37.4 37.7 36.1 33.2 31.8 32.6 32.4 30.8 28.2 26.5 22.2 19.9
60.2 60.4 57.9 56.2 54.3 52.7 50.1 48.3 48.6 48.3 47.3 44.5 41.8 39.7 35.3 31.4 31.5 35.2 41.3 48.8 48.6 55.7 78.6 73.2 57.4 46.9 50 60.6 65.2 61.9 56.7 52.6 46.9 47.5 45.3 44.3 42.3 40.3 39.6 40.6 38.5 32.1 42.5 45.7 42.2 43.5 53.6 59.9 55.4 55.6 56.2 55.3 46.8 40.2 46.9 39.5 56.3 63.4 66.9 73.1 81.1 83 82.1 80.4 46.3 45.7 69.6 68.1 65.6 62.1 57.9 52.8 48.1 45.3 43.3 38.4 38.2 37 34.7 33.3 31.2 29.3 28.1 25.9 22.8 24.3 20.7
