data/290000-230000.asc
ncols 200
nrows 200
xllcorner 290000
yllcorner 230000
cellsize 50
[rows 105 to 139 of 200, columns 78 to 155 of 200]
232.8 243.6 262.5 271.7 274.9 273 268 258.4 264.8 280.9 291.3 291.1 281.2 272.1 266.4 265.1 263.8 262.1 266.4 270.8 274.5 279.8 281.7 285.4 289.2 292.4 300.2 305.8 312.5 321.8 330.1 338.2 346 352.6 361.1 369.1 369.5 372.5 374.1 375.5 379.3 383 388.4 391.4 395 399.7 405.3 410 414.4 418.2 417.4 417.3 418.2 416.5 414.4 411.8 410.4 408.2 406.8 406.8 406.5 404.8 402.4 398.8 396.7 397.2 401.9 406.5 409.3 410.1 407.6 405.2 402.4 397.2 392.6 387.2 382.5 377.4
236.8 234.2 254.7 264.5 268.6 270 268.7 261.1 253.9 269.9 276.5 274.1 265.6 257.4 258.6 261.4 266.2 271.4 274.7 278.3 282 285.3 288.5 298.9 307.8 310.5 312 316.9 323.1 332.5 341.2 347.2 353.5 361.3 369.1 373.3 377.9 382.4 384 384.5 386.6 390.1 392.5 394.8 397.7 401.4 405.3 408 410.7 413.5 413.3 413.7 414.8 414.5 413.6 413.6 412.4 411 410.6 411.2 411.4 412.4 411.4 409.1 407.9 406.6 408.5 410.8 411.1 410.3 408.7 407.5 405.1 400.5 396.9 392 390.1 386.2
242.3 232.9 239.1 249.4 259.7 267.6 266.6 261.4 252.5 258.4 264.2 260.3 253.3 253.6 259 263.4 269.8 278 283.2 286.5 290.7 298.4 301.9 308.6 313.2 316.8 319.6 324.6 332.2 340.1 347.2 353.8 360.8 369.2 374.7 380.1 385.1 389.2 390.2 390.1 391.4 391.7 392.5 395.4 399 402.7 403.7 404.9 406.7 409.5 411 410.6 410.5 411.5 411.7 412.2 411.8 411.1 411.3 411.9 413.6 415.4 416.4 415 414.2 413.4 412.5 411.3 410.6 409.5 408.3 406.5 404.2 402.2 399.7 397.6 394.7 393.1
246.6 237.1 229.9 233.9 245 253.8 258.7 259.8 252.3 253.5 255.2 249.9 247.7 252.1 258.8 265.7 272.6 280.8 287.7 294.4 301.7 305 307.3 310 314.2 318.8 323.2 331.9 338.3 346.5 353.6 360.2 369.6 376.3 380.5 386.1 391.7 392.9 393.7 395.7 396.3 393.9 393.7 396.6 400.1 401.3 400.9 401.4 402.3 403.9 405.5 405.1 405.9 407.7 410.8 411 410.6 409.8 410.1 411 411.8 412.2 413.3 415.2 415.2 414.8 412.8 411.3 409.2 405.8 403.8 401.4 400.7 400 399.3 398.2 397.2 396.5
249.1 241.2 231.6 228.6 232.8 242 247.4 249.5 248 248.7 245.3 243.5 247.5 254.7 261.1 269.5 276.2 283.3 290.2 295.3 299.4 301.1 305.8 310.5 315.7 323.1 332 340.6 346.9 353.1 359.2 367.2 374.6 380.1 385.9 390.9 395.9 397.1 398.2 398.4 397.6 396.2 395.5 397.6 398 398.9 397.5 397.1 396.9 398.2 398.4 400.2 401.3 403.6 403 405.4 405.2 406.6 407.5 409.6 411 411.3 411.3 411.4 411.5 411.8 411.5 408.8 405 400.3 396.9 393.8 394.7 395.1 395.3 395 393.3 393.6
248.9 240.7 234.4 229.4 229 233.5 238.3 240.2 239.6 238.6 239.8 243.8 247.8 256.7 263.5 269.2 275.4 280.6 286.4 290.2 293.1 298.4 303.4 313.2 321.1 332.5 341.4 347.1 352.4 358.6 364.4 372.5 379.1 386.2 389.1 393.8 398.3 400.6 399.1 399 398.6 397.8 395.7 394.5 394.4 393.3 392 392.1 391.9 392.3 394.1 395.4 395.9 396.4 397.3 398.7 400 402.1 403 405.1 407.1 408.6 407.5 407.6 407.2 407.9 405.1 400.9 396.1 388.7 387 386.8 388.1 389 389.4 389.8 388.8 386.8
251.1 245.4 239 229.3 227.8 228.9 231.5 233.9 234.9 234.2 239.7 244.6 247.9 256.3 263.5 268 271.8 274.9 279.4 285.2 290.5 298.9 307.8 317.6 327.3 337.3 344.8 351.2 357.5 365.2 369.5 375.7 382.1 386.8 390.2 393.9 398.4 399.2 397 396.6 395 394.1 392 389.9 389.1 387.6 387 387.4 388.8 389 391.3 391.2 390.4 391.2 392 393.1 394.6 395.8 397.3 398.6 400 400.5 400.2 400.4 400.7 399.5 396 392 385.4 377.4 376.1 379 382.1 383.6 384.5 383.3 381.3 377.4
263.1 251.7 243.9 235.4 228.8 227.8 228 229.5 230.7 233.3 237 242 246.1 253.7 260.4 263.9 267.1 271.6 277.8 285.4 295.3 304.1 314.1 322.1 333.1 342 349.6 355.7 361.4 364.7 371.5 376.6 380.5 385.7 390 394 396.2 395.8 393.4 391.3 389.6 388.9 388.4 385.5 386.1 384.6 383.5 384.1 384 385.2 388 387.1 385.1 385.2 386.1 387.2 389.4 390.8 391.4 391.7 391.4 392.2 392.5 393.2 393.6 391.6 386.9 380.1 370.4 364.3 367.7 372.2 375.7 375.9 376.8 374.7 371.6 369.1
275.1 261.9 248.7 237.2 230.2 227.9 227.1 228.2 230.4 232.6 235.8 240.1 243.4 248.9 254.1 260.1 265.8 274.2 283.2 292.5 301 310.2 317.2 325.3 336 344.7 349.9 354.4 357.6 362.1 368.8 372.8 377.2 382.8 387.5 391.1 393.8 393 389.9 387.6 385.6 383.5 381.6 382 385.3 385.2 383.3 382.8 381.4 382.3 380.6 380.4 379.6 379.8 379.9 380.6 382.2 383.1 383.9 383.2 383.5 384.4 385.2 385.9 384.8 381.7 377.2 367.9 357.3 355 360.7 365.6 368.1 367.9 367.3 364.3 361.1 359.3
285.2 273.9 260.9 245 233.6 227.4 227.3 228 229.9 231.8 235.5 237.2 240.7 246.7 253.4 261.6 268.9 276.2 286.9 297.4 304.4 310.2 316.4 325 335.7 341.7 344.5 347.2 351.1 355.9 359.7 365.3 372.5 379 383.9 387.3 389.1 388.5 385.9 382.8 380.4 379.1 378.3 379.9 381.2 386.5 385.6 384.7 382.7 379.4 375.4 374.3 373 373.5 373.6 373.6 374.3 374.9 375.7 375.4 375.7 376.7 377.2 377.3 375.8 371.3 365.4 355.6 346.8 347.8 352.4 359.3 359.6 358.8 358.3 354.5 351.4 348.4
295.1 289.9 269.8 253.3 238.8 231.1 227.7 227.5 227.2 227.7 230.7 231 236.3 243.7 252.1 261 269.2 276.8 285.6 294.9 302.2 308.8 315.8 322.7 328.8 334.5 337 339.9 343.7 347.4 350.9 356.8 364.3 375.8 380.1 383.2 384.3 382.8 378.4 374.5 374.3 375.6 375.4 378.7 381.6 386.9 389.5 387.8 385.7 382.7 378.2 372.5 366.5 365.7 365.6 366.1 366.6 366.5 366.9 366.8 366.7 367.4 367.6 366.6 364.6 359.5 350.7 342.8 338.2 339.3 345.4 350.7 350.1 350 348.5 345.4 343.7 343.1
301.4 288.1 273 257.1 245.1 236.9 228.4 226.1 225.6 225.4 225.3 225.1 229.5 240 249.6 258.7 267.2 276 283.6 291.4 298.7 305.4 311.1 316.1 321.4 325.6 328.6 329.9 331.7 336 340.1 343.8 352.6 363.7 371.3 375.7 377.3 374.8 369.6 367.1 370.5 370.8 372 375.5 381.3 385.7 391.3 392.5 390.9 386.5 380.9 373.3 366.6 360.9 359.6 359.2 358.6 357.6 356.9 356.4 357.1 357.1 357.4 354.4 351.4 344.8 336.8 331.1 331.7 335.3 340.3 341.1 340.3 340.8 340.5 339.1 337.6 338.1
292 278.3 266.4 254.8 246.6 240.8 235.2 231.5 230.3 228.6 224.4 223.9 227 236.5 245 253.8 262.1 270.2 278.1 286.8 294.9 300.9 305.1 309.1 312.8 316.9 319.9 318.7 317.3 321.9 327.9 331.3 340.9 351.3 359.2 364.1 367.7 367 362.8 363.7 367.5 371 370.2 372.1 379.4 384.9 391.2 395.8 395.4 391.3 385.6 377.4 369.5 361.6 354.4 351 350.3 348.5 346.9 346.5 346.7 346.7 346.7 343.5 339.6 333.1 326.9 326.1 327.5 331 334.6 334 333 334.1 334.2 333.5 331.5 336.2
273.4 259.4 253.3 245.8 242.2 240.3 236.7 233.3 230.7 231 231.2 224.8 223.2 230.1 236.6 244.7 254.3 261.7 269 276.7 285.5 293.5 297.4 301.1 306 309.4 311.9 309.4 308.7 312.1 317.1 322.3 333.4 342.7 349.2 354.7 357.8 358.6 357.9 358.7 363.8 364.7 365 368.6 376.3 384.8 392.2 398 398.2 395.1 390.8 383.4 375.4 366.5 356.4 347.9 342.1 341.1 337.8 336.2 336.2 336.1 336.2 334.9 329.5 323.2 320.8 321.5 323.5 327.1 329.5 327.8 327.9 330.5 329.7 329 331 336.6
256.7 249.5 244.5 238.7 237.2 235.1 234 232.1 229.9 228.3 226.9 224.7 222.8 223.6 227 235.7 243.2 251 258.5 265.2 273.6 281.5 285.5 290.4 299.3 301.7 302.6 301.5 301.3 304.3 310.3 317.3 329.2 338.1 343.9 347.8 349.6 349.3 349 352 354.7 357.3 359.4 366.4 373.9 382.5 390.8 398.4 398.9 398.1 393.5 387.9 381.5 372.7 361.9 349.7 340 335.7 332.1 329.4 326.8 326.8 326 324.3 320.5 317.5 316.9 317.8 319 322.4 324.9 323.2 324.8 326.9 326.5 327.2 331.8 339.7
250.3 245.5 240.3 240.4 240 240 238.7 236.1 233.3 230.6 228.2 227 224 221.8 221.6 227.3 233 240.3 246.6 252.9 260.8 267.4 272.8 281.8 288.7 291.9 293.1 293.8 294.6 298.6 304.4 310.9 320.4 329.5 335.8 338.3 339.3 341.8 342 343.1 345.9 350.8 359.1 364.9 371.1 378.8 387.6 394.3 396.4 396.7 394.6 391.4 386.1 378.9 368.5 355.1 343.5 336.6 329.8 323.9 320.7 318.5 317 314.8 313.4 312.8 313.1 312.3 315 318.8 320.5 320.4 322.4 324.4 323.1 327.1 334.1 339.2
249 250.2 247.4 245.2 245.9 246.4 245.4 243.3 239.6 237.1 234.6 232.2 229.1 221.8 219.4 220.2 222.6 230.3 236.5 241.4 248.3 253.7 260.3 268.2 276.2 280.2 281.9 284.2 288.9 294 299.7 304.2 310.8 317.4 322.4 325.8 329.6 333.2 333.4 335 335.7 344.6 354 359.9 366.2 374 382.8 388.7 392.7 393 392 390.1 385.4 380.6 373.6 364.1 350.1 340.7 331.2 323.6 318.1 312.5 308.3 308.2 307.5 308.1 309.3 309.1 311.1 314.6 315.5 317.5 319.9 322 327.8 332.9 337.4 340.4
257.8 256.4 255.1 254.2 254 254.5 255 254.2 250.1 245.9 241.4 237.9 232.9 225.2 221.3 219.3 219.4 220.2 227.7 232.7 237.8 241.1 247.9 255.4 262 267.6 271.9 276.9 284.6 290.7 295.8 299.5 303.8 309 313.9 316.8 319.9 323.7 324.2 324.8 329.5 337 345.6 354.6 361.9 368.9 377.9 382.4 386.4 387.9 387 384.4 381.5 378 372 365.3 357.2 346.2 334.9 325.7 317 311 309.8 301.4 304.7 303.9 305.1 306.4 307.8 311 311.2 315.1 318.8 323.6 330.1 336.3 339.9 338
264.1 263.8 263.9 264 263.5 264.2 266 264.6 261.8 257 252 245.7 237.6 229.4 223.3 218.8 217.6 218.4 219.1 224.8 228.5 231 237.5 244.2 251.7 257.1 263.8 273.6 280.9 287.6 290.8 293.1 297.4 302 306.3 309.8 311.6 314.5 318.3 318 322.3 329.2 338.9 349.1 356.6 363.6 370.9 375.7 380.4 383.4 381.2 378.9 375 371 365.6 359.4 352.2 344.8 336.8 328.2 318.1 311 306.4 303.2 302.1 300.2 300.8 302.3 303.5 307.1 311.5 315.6 321.9 326.8 332.8 339 339.1 335.9
273.2 274.1 274.7 276.4 276.7 276.4 277.3 278.2 278.3 272.3 265.4 257.2 248.4 236.5 228.5 224.6 221 217.8 217.8 218.3 220.1 223.7 227.9 234.7 238.4 251.6 262.6 271.6 277.4 282.1 285.4 286.6 289.9 294.1 297.9 301.6 304.1 307 311.7 309.7 318 324.9 332.8 343.8 350.7 358 363.9 369 372.9 375.4 374.9 372.3 368.3 362.6 357.5 350.2 343.6 335.3 326.7 319.1 313.5 307.4 301.2 298.3 298.4 298.6 298.3 298.5 299.6 303.1 308.4 313.8 321.6 327 332.7 335.3 335.6 333.6
286.1 288 288.7 291.9 292.2 292.3 294.7 297.7 296.3 290.8 284.8 275.5 262.2 248 237.9 235.4 230.6 222.3 218.3 217.8 218 217.9 220.3 226.9 234.2 246.1 258 265.6 271 275 277.5 278.7 282.1 286.1 288.9 293.8 297.2 300.1 302.3 304.6 312.1 319.3 328.3 339.5 345.6 351.4 357.1 361.2 364.2 365.7 366.9 363.8 358.8 354.1 347.5 340.2 331.4 322.7 313.6 307.6 302.1 295.8 293 293.6 295.5 296 295.6 295 296.5 298.8 303.9 311.2 317.2 322.6 330.1 331.5 332.1 331.5
297.8 300.4 304.8 307.5 310.9 311.1 314.5 317.2 315.4 309.6 302.2 292.3 279.9 264.8 253.6 246.4 239.3 232.1 225 219.9 218.6 217.5 217.4 221 227.8 237.7 250.3 257 263.5 267.3 270.4 270.9 277.1 281 281.6 286.3 290.9 293.2 292.7 299.6 306.6 314.8 324 332.1 339.6 345.1 349.2 353 355.1 356.3 355.6 352.8 348.7 342 334.4 326.7 316.1 307.7 301.5 296.1 291.4 287.2 289 291.8 293.5 293.5 293 292.8 294.2 296.9 302.6 310 316.9 320.3 325.6 328 329.5 330
310.1 314.3 320.5 326.8 330.5 329 332.3 332.8 327.9 322.2 314.5 303.3 292.8 281.2 270.8 258 250.5 242 231 225 220.3 218.5 216.6 217.9 220.6 229 239.4 247.6 255.5 258.9 260.3 265.8 272.5 274.4 275.2 279.4 283 285.3 287.7 295.5 301.9 309.2 319.7 328.6 332.7 337.4 341.3 344.4 346.4 346.7 343.9 340.8 334.9 328.1 319.1 309 301.9 298.3 293 287.3 282.7 281.7 286.3 289.6 291.5 290.9 291.9 291.3 291.4 295.4 301.9 309.9 315.6 319.7 322.5 324.8 327.4 328.6
325.8 331.4 340.5 344.5 344.2 344.7 344.8 341.4 335.8 328.6 318 306.5 298.2 289.5 279.3 266.2 258.8 249.1 237 227.9 223.3 220.7 218.8 216.1 216.1 219.6 229.4 238.8 248.1 251.7 254.5 260.3 265.3 267 268.6 271.1 274.8 278.2 284.9 292.9 298.9 306 315.3 321.5 324.8 328.7 330.5 334.3 336.4 335.6 333 327.8 323.1 313.1 303.2 296.4 295.2 291.8 287.9 281.5 275.2 281.2 283.8 286.3 290 290.2 290.9 289.7 288.8 296.4 305.2 312.3 316.5 320.4 321.6 322.7 325.2 325.5
344.9 349.8 355 355.7 356.3 355.3 351.8 348.1 337.9 327.3 316.6 308.8 301.5 291.4 280.4 266.1 258.6 251.4 241.6 228.3 225.7 224.3 221.9 219.4 217.7 216.3 217.9 227.6 236.4 241.3 247.8 255 257.5 259.8 261.2 264.6 268 273.8 283.4 291.5 297.5 306.5 311.9 315.7 316.6 318.7 320.4 322.9 324 324 321.9 316.4 309.1 298.7 289.2 288.8 290.3 284.3 280.7 275.3 274.3 279.3 282.7 284.6 288.8 289.7 289.6 289.1 289.3 296.9 308.2 313.1 316.5 319.6 321.5 322.9 322.1 321.8
358 363.3 365.7 365.6 364.8 360 353.4 345.9 335.1 325.1 315.1 303.9 293.3 282.7 275.2 259.3 246.9 239.1 235.5 231.1 229.4 227.7 224.6 222.6 221.4 218.7 215.4 218.4 225.4 230.9 237.8 246.9 251.4 254.4 254.5 258 264.1 273.4 282.7 290.5 296.5 301.9 306.9 308.6 309.6 310.1 308.6 310 311.1 311.7 309.8 304 297.3 287.7 281.8 283 282.2 278.4 274.8 270.1 271.1 276.2 280.4 283 285.8 287.8 285.5 289.3 288.9 296.4 306.9 312.4 315.4 318.7 322.2 324.4 324.1 323.2
370.3 373.2 375.1 373.3 369.5 361.9 353.3 342.9 331.2 320.3 310.4 296.4 281.8 274.4 264.5 249.4 238.8 242.3 243.5 238.1 235.8 232.2 228.7 226.1 223.4 220.1 218.1 214.2 217.2 223.2 229.4 237.3 242.5 241.9 247.2 255.3 265.8 275.1 282.7 286.3 290.6 295.4 299.4 301.1 302 301.1 299.8 299.1 301 301.6 297.9 293.6 287.4 281.1 276.4 275.5 275.1 272.9 270.2 266.7 268.6 270.9 275.6 280 282.4 283 284.3 288.2 288.6 292.4 302.2 311.8 318.8 321.9 324.3 326.5 327.3 326.8
381 382.1 381.9 378.2 371.3 361.7 349.9 338.9 326.5 314.5 303.6 286.6 275.7 262.6 251 248.3 252.6 252.5 256.8 254.3 247.4 240.2 235.1 230.7 225.6 221.7 218.4 215.6 213.5 216.5 221.9 227.6 229.4 236.7 246.8 256.5 269.4 275.6 278.4 281.3 284.6 287 289.6 293.5 292.9 290.6 291.1 291.7 293.2 293.2 289.5 285.4 280.8 275.1 271.7 269.2 268.5 266.9 265.7 260.2 264.1 268.7 271 276.1 278.5 277.7 281.1 284.2 286 290.3 299.9 310.8 321.3 324.4 326.7 328 328.7 329.1
389.2 389.1 384.3 380.1 371.8 359.4 345.8 334.1 321 309.2 293.3 278.9 268 258.5 253.9 258.7 260.6 264.2 270.7 272.3 266.1 255.9 245.9 236.7 230.6 224.8 221.4 217.9 214.3 213.4 217.6 222.4 227.4 235.9 247.5 255.7 264.5 271.1 273.8 274.8 276.4 280.4 283.8 283.6 282.2 281.1 281.4 283.6 285.9 284.8 282.3 278.8 274.8 270 266.5 263.8 263.6 261.6 260.5 260.1 263.1 265.9 268.5 271.8 274.4 273.9 278.6 281.8 285.2 292.1 301.1 312.1 322.3 325.8 327.7 328.6 328.6 328.3
392.8 391.8 384.1 377.9 369.2 354.6 339 326.1 311.5 298.9 284.2 272.5 261.6 260 263.3 267.9 270.4 273.9 283.5 286.3 282.9 273.3 262.9 250.6 239.1 230.8 225.3 220.7 216.5 212.5 214.2 218.2 224.3 231.3 241.6 250.2 257 263 264.9 265.1 269.9 272.5 273.3 273.5 274.4 275 275.6 276.5 276.8 276.1 273.4 271.8 268.3 264.6 261.7 259.5 259.3 257.6 254.6 257.2 261.3 262.8 268.2 270.1 273.3 274.5 279.6 283.8 287.1 295.1 305.4 316.6 321.7 325.2 327.5 328.9 328.3 327.9
393.9 387.9 379.4 371.7 359 345.1 330.1 315.2 300.1 287.6 277.2 268.5 259 263.9 269.7 274.9 276.8 289.5 297.3 296.1 294.3 287.5 278.1 264.6 247.4 238.5 232.2 227.7 222.1 214.8 211.8 215.6 220.3 225.4 232.5 239.9 247.7 252.1 253.6 256.5 260.7 263.5 265.7 268 270 271.7 272 271.9 270.7 269.3 267.5 265.5 262 257.5 254.7 254.8 255.7 251.9 249.3 257.2 264.6 273.1 281 284.7 288.7 291.1 288.2 294.4 304.4 311.5 312.8 317.7 322.8 327.4 329.9 329.7 327.8 325.9
389.4 381.7 367.2 359.4 346.2 334.4 319.9 306.8 295.2 282.4 274 268.2 265.6 271.5 275.8 280.3 288 302 307 303.9 300.3 293 286.6 270.8 258.3 247.6 241.4 233.7 227 220.3 212.6 211 217 219.7 223.2 228.4 234.8 238 242.3 248 251.2 255.7 259 263.6 266.2 268.1 268.6 267.4 265.9 264.2 262.2 259.5 255.2 249.1 249.8 251.7 246.6 252.8 260.1 270.3 277.2 285.1 295 303.4 310 312.9 303.5 307.3 315 319.8 319.4 321.8 326.9 331.5 331.5 330.8 327.7 325
383.7 367.9 353.9 346 335.3 325.4 313.1 302 292.2 281.7 273 269.1 271.8 276.8 282.3 290.3 300.6 313.4 316.1 311.2 305.4 298.4 291.8 283.7 270.7 259.4 249.2 239.7 230.7 224.2 217.9 211.9 211.2 213.5 217.5 221.4 225.5 228.2 235.6 242 246.7 250 254.9 259.9 261.6 264.1 265.2 264.3 262.9 261 257.7 254.2 249.3 243.9 246.1 245.7 254.1 263.1 275.4 282.6 289.2 297.1 309.3 317 322.5 324 314.9 316.7 322.6 324.7 324.3 326.2 330.2 332.4 332.3 331.2 327.4 324.5
365.6 349 340.9 330.3 320.1 312.8 305.6 297.6 288.6 280.3 275 274.9 279.8 285.2 293.7 302.2 313.7 324.7 324.4 317.9 311.6 304.8 298.2 288.1 276.4 263.4 250.5 241.5 233.4 228.6 223.2 219 214.6 211.9 208.9 213.6 218.3 224.9 231.1 237 242.7 248.3 253.9 256 257.7 259.7 262.6 261.9 260.7 260 258.5 253.5 246.1 239.5 240 248.4 256.6 267.8 279.8 289 296.8 305.5 319.2 322.2 325.8 325.6 319.5 322.7 326.6 328.7 329.7 332.2 334.4 335.2 333.4 331.5 329 325
345 333.7 324.3 316.9 308.6 303.2 297.6 292 285.4 279.3 279.9 285.3 288.8 296.7 306.7 317.1 329.4 332.2 330.1 324.3 318.3 311.3 301.6 292.6 280.6 266.8 254.7 246.2 239.6 235.4 230.7 227.6 223.3 218.6 211 209 212.3 221 227.3 233.4 239.5 245.1 250.5 252.4 254.8 258.9 261.2 259.7 258 258.4 257.9 254 249.9 239.1 238.8 248.9 256.3 268.4 282.3 290.6 299.7 310.2 318.6 319.7 321.1 318.4 319.9 325.1 328.5 331.9 334.5 337.2 338.6 338.6 336.7 334.1 330.9 327.6
