data/290000-240000.asc
ncols 200
nrows 200
xllcorner 290000
yllcorner 240000
cellsize 50
[rows 70 to 104 of 200, columns 0 to 77 of 200]
186.6 185.9 184.9 184.4 183.7 183.1 182.7 182.2 181 178.8 178.4 178.9 181.4 178.3 179.3 179.1 178.6 179 178.8 178.7 179.1 179.2 181.5 189.2 189 188.5 187.9 187.2 186.2 184.7 183.2 181.8 179.4 179.1 179.1 189.9 193 195.1 197.2 199.3 201.6 201.5 199.6 199.4 202.1 206 209.3 204.9 188.8 187.3 204.6 212.7 216.3 219.1 221.9 223.1 224.2 224.8 224.5 223.2 223.6 223.2 222.1 219.8 218 216 211.8 210.7 208.8 204.7 199.2 204.2 208.6 213.4 216.9 220.6 218.1 214.5
185.3 185 184.4 181.3 181 181.1 181.6 180.9 183.1 182.5 182.3 182.4 181.3 180.5 180.1 181.2 181.3 182.7 179 179 184.2 192.5 192.2 191.6 191 190.1 188.8 187.3 186.2 184.6 183.1 180.6 179 179.2 181.9 192 196 198.4 200.4 202.5 204.7 206 204.8 202.5 204.4 207.3 209.1 202.9 187.8 190.9 206.4 215.4 219.4 222.6 225.4 227.3 228.3 229 229.3 228.7 228 227.8 226.6 225 222.2 220.2 218.9 217.1 212.7 207.1 199.6 208.3 213.1 218.1 221.2 224.1 221.6 219
184.9 184.7 181.7 183.2 183.5 183.4 181.3 183 183.1 182.9 182.8 182.4 181.9 181.7 181.4 183.6 188 190.9 191.8 192.4 192.7 193 193.3 194 193.8 193.6 189.7 188.2 184.9 183.3 181.7 179.4 179 180.1 189 194.6 198.5 201.6 204 206.3 208.5 210.6 210.3 207.3 208.2 210.5 210.2 197.9 188.5 197.1 204.3 216.2 221.9 226 229.1 231 232.4 233.2 233.5 233.8 232.9 232.1 231.6 229.1 226.5 224.9 224 222.2 215.5 206.9 207.9 213.7 219.8 224.1 227.8 229.9 229.3 227.2
184 182.1 184 190.1 192.6 185 185.3 184.1 184 185.3 188.3 183.7 183.5 183.8 184.6 188.6 192.4 192.9 193.8 193.6 193.4 194.6 196.5 197.4 197.6 194.2 190.5 189.4 185.6 181.5 180 179.5 180.2 183.7 191.4 196.8 200.9 203.5 206.7 209.1 211.5 213.9 213.7 211.3 211.6 212.7 213.1 192.5 189.8 203.9 215.8 220.4 225.9 231 233.1 234.5 235.9 237.2 237.2 237 236.1 235.6 234.3 232.4 231.2 229.6 227.1 223.2 212.8 208.5 213.3 220.9 226.3 230 234.4 237.9 238.4 236.3
181.3 182.6 191.9 196.3 196.5 193.5 190.3 191.2 194.3 194.6 194.5 194 193.6 194.1 193.9 194.4 194.6 194.7 195.5 195.3 195.7 197 198.9 199.1 198.3 194.8 192 186.9 182.2 181.5 180.4 181.5 183.2 187.4 193.4 198.7 202.5 205.5 208.5 211.8 214.3 216.1 216.6 215.3 216 216.8 213.1 190.4 193.4 210.2 219.5 224.7 229.9 233.5 236.2 237.9 239.2 240.4 240.6 240.2 239.6 238.8 237.1 235.9 234.6 233.1 230.3 223.5 212.4 211.4 220 227.5 233.1 236.5 241.4 246.1 248.8 246.2
181.9 182.3 182.7 198.9 198.8 196.6 197.5 198 198.4 198.3 198.1 198 197.3 196.8 196.6 195.9 196.4 196.9 197.2 197.6 198.2 199.5 200.6 200.4 197.9 195.2 182.7 182.6 182.5 182.6 182.6 183.5 186.7 191 195.4 200.5 204.1 207.1 210.2 213.9 216.3 217.8 218.4 219.1 219.4 219.9 213 190.6 198.3 215.4 223.7 229.2 232.6 235.8 238.3 240.4 241.8 243.1 244 243.6 243.1 241.8 240.5 239.3 238 236.9 233.8 225.7 215.5 214.7 226 234.2 239.4 244.8 252.6 257.9 260.8 259.2
182.4 182.5 182.6 183.5 199.6 199.8 200.4 200.5 200.6 200.5 200.2 200 198.9 198.2 197.8 196.5 197.6 198.4 199.5 200.1 200.6 201.6 202 199.9 196.2 183.5 182.9 182.8 182.6 183.2 183.9 186.2 188.6 192.9 197.7 202.3 205.8 208.9 212.2 216.6 219.7 219.6 220.5 223 222.9 222 210.4 192.7 202.4 219.3 227.2 232.9 235.4 236.8 239.3 241.4 244.4 245.5 247.1 246.9 246.6 246 244.7 243.4 242.3 241.5 238.1 226.9 215.2 217.5 233.4 240.3 245.7 254.4 264.7 270.5 273.9 270.3
182.7 182.8 183 182.8 196.2 202.9 203.4 202.9 202.8 202.1 201.6 201.4 201.2 200.5 198.9 198.3 198.2 199.4 200.6 202.4 203.7 205.4 202.7 197.8 184.5 183.7 183.1 183.1 183.2 184.1 185.3 187.5 190.7 196.8 200.4 203.9 207.1 210.5 215.2 219.4 221.9 224.3 226.1 226.9 226.8 224.7 208.3 193.3 207.6 222.2 229.6 233.9 237.7 239.6 244.3 246.9 248.8 249 249.5 250.2 250 250.3 250.2 249.2 247.9 246.2 241.4 228 218.2 220.4 235.9 246.2 254 266.2 276.9 284.1 286.9 284.1
183.5 183.3 183.4 183 196.8 205.4 206.6 205.5 204.6 203.5 203.2 203 202.7 202 201.3 200.9 200.3 201.6 203.6 205.5 207.5 205.7 200.5 185.4 184.6 183.5 183.3 184.5 186.4 188.2 189.4 190.2 200.1 200.8 203.7 206.3 208.7 213.9 219.2 223.4 225.9 228.4 229.8 230.8 230 224.5 203.4 195 212.1 226 232.1 236.3 240.1 243.8 249.5 252.4 253.3 253.4 253.6 253.9 254.5 255.1 255.6 254.9 253.6 250.5 241.7 226.8 219.8 229.4 239.4 251.1 268.3 279.3 289.9 295.2 298.2 294
183.8 183.7 183.4 186.7 201.6 206.3 207.8 208 207 205.4 204.8 204.7 204.5 203.6 203.7 203.6 202.8 204.7 207.9 209.9 209 203.8 196.8 185 184.1 183.7 183.8 185.5 189.1 194 195.7 197.7 200.4 203.5 206.9 209.9 212.2 217.7 223.1 227.5 229.6 231 232.5 233.4 231.2 216.5 198.4 199.2 219.2 229.7 235.7 241.2 245.9 251.2 255.9 257.6 258.1 258.3 257.8 258.4 259.1 259.8 260.5 260 258.2 251.5 239.4 226 219.5 234.5 245.2 263.2 282.5 293.4 302.1 308.9 311.5 307.3
184 184 186.3 192.9 203.2 206 208.7 210.5 209.8 208.1 207 206.8 206.5 206.3 205.8 205.5 206.8 210.5 213.2 213.7 206.1 199.5 187.4 185.3 183.9 184 184.6 191.7 195.5 199.5 200.8 200 201.7 204.9 208.4 212.7 217.4 222.4 226.5 230.4 232.4 233.8 234.7 235 226.8 206.7 197.1 211.3 224.1 233.4 239.4 246.5 252.6 258.9 261.4 262.2 262.8 262 262.6 263.5 264.7 265.6 266.6 265 258.6 247.1 233.2 224 227.6 242 256.8 280 295.1 305.8 315 322.5 326.1 322.7
191.4 190 190.7 200.6 203.1 206.1 208.8 210.8 211.9 210.2 209.3 209 208.8 208.9 209.3 212.6 214.9 216.5 217 213 204 190.6 187.3 186 184.2 184.5 191.2 197 200.1 201.8 204.1 204 205.1 208.6 212.5 216.4 221 224.9 228.5 232.8 235.8 237 236.2 233.4 217.2 198.7 201.4 217.9 227.1 235.1 243.6 252.1 259.7 263.5 265.2 265.8 266.5 267.1 267.8 269.1 269.6 270.6 268.5 261 251.5 239.1 229 230.8 238.7 250.8 275.4 296.8 307.3 318.4 328 335.6 339.2 336.6
198.2 197.8 198.5 200.6 201.7 205.2 207.2 209 210.9 211.6 210.7 210.9 210.9 213.6 217 220.8 220.2 220.2 217.5 209.8 196 188.3 187.5 185.2 185.1 189.3 195.2 198.5 201 205.1 207.4 207.7 208 213.4 217.4 220.8 224.5 227.7 231.7 237.3 238.8 239.2 234.1 223.1 206.2 198.3 206 221.8 231.5 240.3 249.3 258 265.1 267.3 267.9 268.9 269.9 271.4 273.3 274.9 274.1 271.9 265.8 254.2 242.2 231.1 231.4 240 248 271.4 293.6 309.8 320.8 331.1 341.3 348 352 347.4
200.3 199.8 199.8 201.5 203 204.7 207.3 209.4 211 212.6 214.1 215.5 219.5 221.4 223.4 223.2 222.3 220.4 214.2 206.8 189.6 187.9 187.4 185.6 187.4 192.3 197.8 200.8 203.9 209.4 212.4 209.9 211.4 216.8 222.2 225.1 228.4 232.6 236.6 238.7 238 233.4 225.2 206.7 199.5 201.3 207.6 224.9 235 245.3 255 264 268.6 270.7 271 272.4 274.5 277.7 278.6 278.2 276 269.5 257.8 246.2 238.4 236.4 243.7 257.8 270 288.7 308 321.9 332.6 342.6 353.1 360.3 364.3 360.2
203.2 202.6 202.2 203.4 204.6 205.2 206.9 209 212.8 216.2 218.3 225.3 226.4 226.2 225.4 224 221.6 216.6 209.9 200.4 189.5 188 187 186.9 189.3 197.3 200.5 205.4 208.9 213.1 213.5 213.6 216.7 222 227.7 229.8 234 237.8 240.4 237.8 231.6 222.8 206.4 204.6 207.8 212.1 207.6 224.6 236.7 247.8 258.4 265.8 269.8 272 274.6 277.1 278.4 281.1 281.9 279.6 273.6 262.1 248.9 239.9 243.3 248.8 259.5 274.6 291.7 308.3 321.9 334 345.4 356.1 365.2 371.7 374.8 369.6
206.3 205.4 205.6 206.2 207.5 208.4 210.4 213 216.6 221.8 229.9 230.5 230 228.6 226 223.4 217 211.5 204.8 196.1 188.5 186.8 186.8 188 197.3 199.5 203 208.7 213.8 214.9 215.6 217.9 222.5 227.2 232.2 235.9 239.6 243.9 241 232.5 218.1 206.9 208.1 215.9 220.3 222.3 207.8 223 233.3 244.2 258.4 266.4 270.6 273.7 277.6 280 282.5 284.4 282 276.7 264.5 252.6 246.1 243.6 253.1 265.1 276 290.1 305.9 320.5 334.2 346.9 356.8 367.8 375.7 381.4 382.5 379.9
211.9 210.5 210.6 212.5 213.4 215.2 218.1 220.8 223.8 229.4 231.5 232.3 232.3 229.8 225.9 220.2 214.3 209 198.6 192.9 188.2 187.2 187.7 198.2 200.7 201.9 205 210.8 213.9 216 217.8 220 226 230.9 236.6 240.3 244.2 243.5 235.7 218.4 208.9 212.5 220.1 227.9 234.5 231.6 210.4 215.6 228 238.7 249.9 260.5 271.4 277.7 281.8 285.1 287.8 283 279.2 269.6 257.1 249.2 247.4 256.7 269 280.1 287.7 303 317.5 331.5 345.1 356.4 366.4 377 383.5 387.2 390 390
219.4 221.7 221.5 223.7 225.7 226.9 227.6 229.6 231.1 231.7 230.8 231.2 231.6 228.5 224.5 220 216.1 210.9 199.9 189.6 188.7 187.7 193.9 201.9 203.2 205 208 211.9 216.4 220.4 224.1 225.9 230.1 236.8 241.4 244.1 243.4 236.7 218.1 209.7 220.2 226.9 234.3 241 244.2 242.6 230.4 208.4 216.9 229.2 237.2 249.8 263.2 278.3 286.7 287.7 285 280.8 273.1 262.7 252.9 248.9 255 266.9 279.7 290.7 301.8 314.9 328.9 342.4 355.8 366.6 375.1 383.6 390.7 396.5 398.1 396.7
230.7 233.2 234.5 232.4 230.5 230.9 230.7 232.1 231.9 231.1 230.3 229.4 229.3 227.5 224.9 221.5 216.8 211.6 196.6 188.2 188.4 191.1 203.6 204.9 206.5 208.4 214.7 219.1 222.5 225.7 229.3 232.1 236.6 242.3 245.3 243.7 236.7 221.7 213.6 224.5 232.3 239.6 246.1 250.2 253.2 252.7 244.3 230.2 214 213.6 223.8 236.5 250.3 264.3 279.6 282.1 280.2 273.7 265.1 257.7 255.1 258.4 268.4 277.7 288.1 298.3 311.2 326 339.9 353 365.5 375.1 383 391.3 397.5 402.1 403 401
238.1 238.4 236.3 233.9 232.1 231.8 231 229.3 228.5 228.4 227.9 227.4 226.9 224.2 220.3 217 211.8 199.4 189 188.7 188.8 203.6 206.5 208 209.5 214.6 220.6 224.1 227.1 230.6 234.5 238.6 242.8 246.8 247.6 241.9 227.1 216 225.7 234.1 241.6 247.4 252.8 258.2 261 260.1 255.5 248.5 235.3 228.7 223.2 220.5 236.1 250.5 263.7 272.8 272.3 266.4 261.1 259.7 265.7 271.8 279.2 287.4 295.8 306.8 321.6 336.7 350.2 362.8 373.9 383.7 391.1 398.2 403.3 407.4 408.6 408.2
241.4 239.6 235 233 232 231.1 229.2 227 225 223.8 223.5 223 221.6 219.1 214.5 204.8 193.4 188.5 188 191.2 199.7 206.2 209.3 211.6 214.9 220 224.3 227.7 231.6 235.8 240 243.9 246.9 250.2 249.6 240.2 220.4 222.1 235.8 242.7 247.6 252.9 258.7 264.2 266.6 266 264.2 262.2 255.6 244.4 234.6 228.3 220.4 234.3 250 262.2 265.1 262.8 263.8 265.6 274.5 280 287.6 295.3 303.9 316.2 329.9 345.2 360.1 371.2 381.8 391.7 399 404.4 409.4 413.1 415.1 414.8
242.5 237.5 230.1 230.5 231 230.1 228.3 224.6 221 219.8 219.2 217.5 214.9 209.4 203.2 190.8 190.8 188.5 190.8 199.3 205.3 208 211.8 214.8 218.8 223.6 228.3 232 236 240.1 244.3 248.2 251 251.1 250.1 239.9 219.4 226.3 242.4 247.2 252.4 258.9 265.5 270.2 271.6 271.3 271.4 272.2 269.8 264.1 253.5 241.7 235.4 227.7 234.8 250.1 256.7 262.8 270.7 274.3 278.8 287.7 295.5 303.1 311.9 324.7 339.4 353.4 367.1 378.1 388 397.3 406 410.6 414.9 418.4 421.2 419.6
240.7 232.3 228.1 227.9 228.4 227.9 226.6 222.6 218.6 214.6 213.2 208.1 206.6 203.2 197 192 189.4 189 199.8 204.4 208 210.7 213.5 217.5 222.6 227.4 232.4 236.5 240.5 244.6 248.6 251.4 254.2 254.4 249.3 240.2 219.9 227.6 243.4 250 256.5 265.2 272.2 273.9 275.5 276.8 278.8 281.1 282.6 279.9 274.3 265.2 251.1 241.2 228 242.6 256.5 267.5 276.3 281.2 284.8 291.7 301 310.3 319.1 333.5 348.2 362 373.2 383.7 393.6 403 411.4 416.2 418.7 421.6 423.6 422
233 226.9 225 224.2 224.8 224.4 222.8 219 213.8 206.5 205 202.8 202.2 198.5 193.5 191 189.9 196.8 203.5 207.1 210.2 212.9 215.7 219.7 225.4 230.9 236.3 241.8 245.8 249.7 252.8 255.3 257.1 255.1 246.8 240.7 232.2 224.6 243.5 253.1 260.7 269.5 275.3 277.6 278.7 282.1 285.9 289 290.7 290.2 287.5 282.1 269 250.9 229.2 243.6 257.1 270.2 280.4 284.9 289.5 296.1 305 315.7 327 341 356.5 369.5 379.2 389.6 398.8 407.9 414.7 420.6 423.3 425.1 426.2 423.3
226.7 222.7 221.3 220.2 220.7 219.8 217.1 213.3 199.5 197.4 196.2 191.8 191.8 192.1 191.6 191.1 193.5 205.1 206.8 209.1 212 214.7 218.6 223.4 229.3 233.4 238.7 245.7 251.2 254.9 256.4 258.7 259.3 253.2 249.9 250 242.9 226.7 235.9 249.9 259.8 269.9 275.5 278 281.9 287 292.1 295.9 297.4 298.2 296.8 294.1 277.3 251.6 233.8 249.6 257.8 271.8 281.8 288.8 293.6 300.1 311.3 323.2 334.9 350.2 364.8 376.5 386 395.5 404 411.9 418.4 423.9 426.5 428.9 428.8 426.1
221.8 217.6 217.1 215.1 213.9 213.1 210.4 202.2 195.1 194.2 193.4 192.3 193.1 194.5 195.1 197.7 200.5 206.9 208.7 211.1 213.8 217.2 221.2 226 231 236.7 243.7 250.9 256.5 258.5 259.9 260.8 260.8 256.6 258.3 256 245 229.5 229.2 239.8 253.5 268 273.6 277 283.9 290.3 296.2 301 302.5 303.5 302 296.7 277 249.3 236.7 252.2 259.4 269.7 280.2 288.8 295.5 303.8 315.4 327.9 343.7 357.1 370.2 381.2 390.6 399.1 406.6 413.7 420.4 425.7 428.7 430.1 430.1 428.1
217.2 213.4 212.8 210.1 206.5 203.8 200 195.2 194.5 193.8 193.2 192.2 196.4 197.7 200.8 205.3 205.2 208.5 210.7 213.1 215 218.3 223 227.3 232.5 240.5 248.5 255.6 259.3 261.4 263.1 264 264.1 263.5 263.1 256.3 240.1 234 236 230.5 243.4 255.8 266.8 274.8 285.1 293.1 300.6 307.1 306.7 306.1 304.2 299.2 277.2 247.5 240.2 253.1 262.2 269.9 277.9 287.6 296.8 306.7 318.5 332.9 348.6 361.9 373.5 384.4 393.4 401.6 408.8 415.2 421.6 426.7 429.9 431 430.2 430.2
212 209.7 208.8 204.4 200.6 199.3 196.5 194.9 194.2 195.1 195.5 198 198.3 201.1 205 207.9 209.1 209.5 211.7 214.3 216.8 220.8 223.8 228.2 235 242.9 251.4 257.4 261.2 264.1 266.8 266.9 267 267.4 263 252 235.7 240.4 246.7 244.4 237.2 244.3 256.9 269.8 285.1 295.1 303.1 309.4 309.1 308.4 305.9 300.3 284.1 253.5 244.1 256.4 264.3 269.9 277.2 285.6 297.8 310.2 323.4 338.6 353.5 365.1 376.4 387.4 396.4 404.1 410.5 417 423.9 429 431 431.6 433.3 433.4
209.7 207.8 202.1 199.9 198 196.9 195.6 195 194.7 200 203.8 203.4 202.2 205.8 207.4 209.8 211.6 212 214 217 220.3 224.7 228.4 231 237.3 247.1 255.3 259.3 263.5 267 268.7 268.8 269.4 270.3 264.8 246.8 238.5 248.1 258.9 260.7 253 238.1 248.3 264 281.5 295.9 304.2 307.8 308.2 308.9 307.5 305.3 294.5 266.1 240.1 255.3 262.5 268.4 275.4 283 295.7 310.5 325.7 341.9 356.6 367.9 379.3 390.5 398.4 406.2 413.4 419.2 426.3 430.6 430.3 431.4 433.7 436.9
219.7 211.9 205 200.4 196.4 195.5 195.2 195.3 204.2 206.2 207.2 207.9 208.8 208.3 209 211.4 214 216.6 218 220.6 224.3 229.2 234.5 240 246.4 252.9 257.8 262.7 266.6 270.2 270 270.4 273.1 272.3 264.1 242.7 242.6 259.1 268.5 272.3 265.8 247.8 242.3 258.8 277.6 294.4 300.8 303.4 306 308.1 310.2 310.1 305.7 281.3 257.4 251.1 258.8 264.7 270.8 278.9 292 306.1 324.8 343.9 358.8 370.2 382.1 393.4 400 408.2 416.6 421.7 425.6 426.6 425.3 428.6 432.9 439.9
229.4 220.3 201.2 196.8 195.6 195.7 195.9 203.8 208.3 208.4 209.5 210.4 211.2 211.4 213 215.1 218.7 221.5 219 223.2 228.1 234.4 240.2 246.6 252.6 257.6 261.7 266.3 270 272.2 273.7 274.6 276 272.2 261.8 245.9 254 268.4 276.1 282.1 279.1 259.4 239.4 255.4 274.1 290.4 297.4 302.5 306.3 310.9 314.3 315.6 312.8 297.3 279.2 264.2 254.8 259.6 266.5 273.6 285.6 300.9 320 344.1 361.3 376.8 386.8 395.2 404.2 413.4 422 425.2 425.4 419.7 420.1 426.9 437 443.4
227 201.1 198.3 199.5 201.2 202.2 200.6 208.9 210.9 210.6 211.5 212.8 213.6 214.1 215.2 218.7 222.3 224 224.1 226.8 233.2 239.4 245.6 251.6 257.3 262.2 265.9 269.4 272.5 274.7 276.7 278.1 277 268.7 255.7 252 264 275.5 283.7 289.5 288.8 267.4 244.9 253.8 273 290.2 299.3 303.9 309 313.7 318.8 320.2 318.6 312 302.5 289.3 275.6 260.8 262.8 269.7 278.8 293.9 312.5 338.1 360.8 375.3 386.9 396.5 406.1 412.2 416.6 414.5 408 404.2 411.6 430.2 440.6 446.2
218.7 197.7 199.4 201.2 202 205.7 208.6 211.1 211.5 212.4 213.3 215 215.9 217 218.4 220.4 223.2 226 228.7 232.3 237.1 243.5 250.3 256.3 261.2 266 270.1 273.5 276.7 278.5 280.1 280.8 273.3 264.1 255.5 260.6 271.4 282.5 291.3 299.3 298.8 274.3 250.3 253.2 272.3 291.4 299.7 306.2 312.2 318.7 321.6 323.6 323.7 322.7 318.7 312.4 297.4 281.5 266.6 268.4 277.2 288 306.7 332.3 355.5 369.4 379 387.2 396.4 400.1 399 393.4 389.7 391 415.2 434.3 443.3 448.7
205.7 198.8 200.8 202.5 203.9 208.1 210.2 212.2 213.4 214.1 215 216.9 218.3 219.4 220.6 222 224.1 227.4 232.2 236.7 241.8 249 255.6 260.1 264.9 269.6 273.5 277.3 280.8 282.8 282.2 276 267.9 259 261.4 268.6 279.6 289.5 298.3 305.1 306.1 281.5 257.8 251.9 269.4 287.6 300 308.4 317.2 322.2 325.4 328.6 329.9 332 332.8 329.8 323.5 303.8 284.8 270.5 274.4 284.8 302.8 326.1 346.1 354.3 359.2 367 374.5 378.1 377.5 375.4 372.8 395.8 423 437.4 445.8 451.6
199.9 198.2 200.7 207.8 210.7 210.7 211.8 213.6 214.9 215.5 216.9 218.9 220.5 221.7 222.8 223.9 225.8 229 235.4 240.3 247.1 253.8 259 264.8 268.8 273 276.8 280.7 284.6 285.5 279.1 271.8 265.3 262.9 269.1 279 289.2 297.3 305.8 312.7 313.2 292.6 267 248.8 265.8 281.1 299.2 311.9 321.3 326.2 329.7 333.2 337.5 340.8 342.3 341.8 342.1 327.9 305.4 285.8 269.2 282.8 300.3 319.9 331.1 332.9 336.4 343.7 353 357.1 359.5 358.3 378.6 401.2 431.5 441.1 448.3 453.5
