data/290000-90000.asc
ncols 200
nrows 200
xllcorner 290000
yllcorner 90000
cellsize 50
[rows 38 to 75 of 200, columns 0 to 84 of 200]
21.3 20.2 19.7 21 22.8 26.1 28.7 30.8 32.9 34.1 36.2 38.7 39.6 40.1 38 36.6 38.3 41.5 41.7 41.1 41 41 42 42.9 41.1 40.9 40.1 39.3 38.5 37.6 36.9 36.4 35.8 35.1 34.1 32.6 30.9 28.3 29 30.4 33 36.1 37.4 36.2 33.5 31.6 30.3 29.3 30.8 30.7 30.9 31.5 31.6 31.6 31.6 28.5 18.9 17.3 18.5 18.5 18.3 18.3 18.5 18.5 18.7 18.9 19.1 19.8 19.8 19.7 19.5 19.3 19.2 18.8 21.3 19.6 19.8 19.9 20 20 19.3 18.5 18.5 18.5 19.8
19.2 19.7 20.9 25.4 27.4 30.4 33.4 35.5 36.5 37.2 39 40.8 42 43.2 41.2 39.8 41.2 43.5 43.7 42.9 43.1 43.1 42.9 43.5 42.9 43 41.8 40.4 39.2 38.6 38.4 38.4 37.8 37.1 35.8 34.2 32.4 28.7 28.1 31.6 35.2 37.8 37.6 34.6 32.2 30.6 29.1 27.4 28.3 29.5 30.8 31.2 31.2 31 30.7 26.4 17.6 18.4 18 18.3 18.2 18.2 18.3 18.5 18.8 18.9 19.2 19.5 20 20 19.6 19.5 19.3 18.7 19.4 19.3 18.7 19 18.7 19.5 19.3 18.6 18.8 19.4 20.8
18.9 22.1 25.6 28.9 32.1 34 36.5 38.2 39.4 39.9 41.1 42.7 45.6 46.5 44.8 43.1 43.5 45.4 45.3 44.1 44.7 45.2 45 44.7 44.2 43.8 42.6 41.4 40.2 40.1 40.8 40.5 39.8 38.9 37.3 35.8 34.2 30.9 30 33 37.5 38.5 36.2 33.3 30.5 29.4 28.1 25.6 24.7 25.6 27.9 30.8 30.7 30.5 29.7 23.1 18.6 17.1 18.3 16.3 16.3 18.2 18.5 18.7 18.8 18.9 19.2 19.2 19.9 20.1 20.3 20 20 19 19.8 19.6 19.2 18.2 19.1 18.6 18.2 20.6 20.2 20.6 19.1
20.5 27.5 32.3 33.5 34.5 36.1 38.5 40.2 41.7 42.4 42.8 44.3 46.1 47.1 46 45.5 45.4 46.9 46.7 46.5 47.1 47.9 47.9 47.4 45.8 45.3 44.7 42.9 40.8 42.7 43.8 42.4 41.4 40.2 38.1 36.8 34.4 30.3 28.6 29.5 34.2 34.7 32.3 30.2 27.4 25.7 24.3 23.1 22.6 21.6 25.4 28.9 28.6 30.1 26.3 19 18.4 18.5 18.7 16.5 16.2 18.3 18.5 18.6 18.6 18.9 18.9 19 19.6 20.2 20.2 20.4 19.8 18.8 19.4 19.7 18.5 19.5 19.3 18.6 18.3 19.6 19.1 19.2 19.3
24.4 30.8 33.1 34.5 35.8 37.8 39.8 41.2 42.2 43.1 43.7 44.3 44.9 44.7 46.1 46.4 47.2 48.3 49.2 48.9 49.4 50.2 50.8 50.1 47.9 47.3 45.7 42.7 43.2 46.3 46.6 45.3 43.7 41.7 38.4 35.2 32.8 29.5 27.4 26.6 27.3 28.9 26.4 25.4 24.5 25.1 26.8 27.1 27 23 20.5 24.7 24.5 22.9 19.4 17.9 17.9 18 18.3 18.7 16.3 18.2 18.5 18.4 18.6 18.7 18.7 18.7 19.2 20.2 20.2 20.6 18.3 18.7 19.1 19.5 18.5 19.6 19 18.2 17.9 18.8 19.1 19.3 19.5
27.4 30.2 31.5 32.9 34.9 37.6 38.6 39.9 40.6 41.3 41.2 41.8 42 43.1 45.4 46.1 47.6 49.2 51.7 51.6 51.7 52.5 52.3 51.1 48.3 48.1 44.6 43.9 47.2 48.2 49.3 48.5 47.5 44.5 39.2 38.4 35.9 33.7 29.5 27.2 25.8 26.4 26.8 29.9 30.1 30 30.1 30 28.6 25.3 21.7 20.2 19.8 21.9 19.5 17.3 17.3 17.6 17.9 18 18.2 16.2 18.3 18.3 18.4 18.4 18.5 18.5 19 19.9 20.4 19.5 18.2 18.2 18.1 18.1 18.6 19.3 18.6 17.5 18.2 18.7 18.7 19.1 19.3
24.8 26.3 28.1 29.1 31.4 33.4 34.7 36.2 37.4 38.2 38.5 39.8 41.1 43.4 44.9 47.3 49.2 52 54.2 54.2 54.1 56.4 52.7 53.2 50.9 49.3 44.7 49.3 51.6 51.7 52.3 51.7 49.5 44.4 43.2 44.5 42.4 38.4 35.9 36 34.3 32.5 32.5 34.2 33.4 32.2 30.8 30.2 29.3 26.6 23.3 21.6 23.3 26.9 29.3 19.1 17.4 17.6 17.6 17.8 17.9 18.1 16.2 18.1 18.1 18.2 18.2 18.3 18.8 19.9 19.5 17.9 18.5 18.3 18.2 18.1 19.4 18.3 19.5 18.9 19.2 18.9 18.8 18.7 18.9
25.8 26.1 28.8 30 30.2 30.7 32.5 32.3 34.7 37.2 40 42.7 44.7 46.6 48.7 53.8 55.9 57.6 58.3 60.7 60.6 56.9 56.1 55.1 52.7 47.7 50 54 56.5 56.6 56.5 51.8 47.3 44.8 50.7 51.6 50.5 45.5 41.8 39.4 37 35.6 34.8 35.4 34.8 33.4 31.9 30.6 29.8 28.9 26.9 26.3 27.5 29 29.2 28.5 18.2 17.5 17.5 17.7 18 18.2 16.8 18.1 18.1 18 18 18.1 18.3 18.1 17.8 17.6 18.4 18.3 18.2 18.1 17.8 17.6 18.9 18.4 18.4 18.5 18.8 18.6 18.6
29.9 31.4 32.6 34.8 36.7 38.9 40.6 41.3 42.4 42.3 45.6 48.1 50.6 51.4 52.2 55 58.9 63.2 63.5 61.7 62.6 61.7 59.9 55.3 51.9 51.4 55 58.6 61.4 61.3 59.5 54 49.3 51.9 56.9 57.9 56.5 51.5 47 42.9 39 37.3 36.5 36.5 36 34.5 33 31.5 30.4 29.6 28.6 28.2 29.1 29.9 29.3 28.8 26.8 17.3 17.5 17.7 17.9 18 18.3 18.2 18.1 18 18 17.7 19.8 17.9 17.9 17.8 18.3 18.2 18 18.8 18 18.5 18.9 18.7 18.5 18.4 18.5 18.5 18.5
31.8 35.7 39 39.5 42.6 45.6 47.1 48.1 48.8 49.4 50.8 54.1 56.1 57 58 57.8 60.8 66.4 67.8 65.7 66 63.5 59.3 55.1 54.4 55.2 59.3 63.5 65.9 66.1 62.5 57.5 56.6 59.5 62.8 62.1 58.7 52.7 48.5 44.1 40.5 39.2 38.6 37.8 36.5 35.1 33.7 32.3 30.9 30.3 27.9 29.2 29.8 29.9 29.7 29.2 28 21.9 17.2 17.4 17.5 17.6 18 16.1 18.1 17.9 17.9 19.7 17.8 17.8 17.8 17.9 17.5 17.8 17.7 18.9 18.2 17.3 18.8 18.8 18.7 18.7 18.6 20.3 21.3
35.3 39 41.9 44.5 47.3 50.1 53.6 55.7 56.7 56.7 57.4 60.6 61.9 62.8 63.7 64.3 66.8 69.2 70.8 68.8 65.4 62.5 58.7 56.8 57.2 58.1 60.5 65.4 68.5 68.4 67 64.2 64.2 66.3 67.5 65.3 59.5 53.9 49.8 45.4 42.4 41.2 39.4 38.5 37 35.5 34.1 32.7 31.3 30.1 29.1 29.7 29.7 29.8 29.8 29.4 27.8 22.4 16.8 16.7 17.1 17.4 17.8 16.2 18.2 18 17.8 19.8 17.7 17.7 17.7 17.8 17.5 17.7 17.1 16.7 17.9 18.9 18.7 18.9 18.9 19.3 19.3 25.3 30
32.5 36.7 42.2 45.9 48.8 52.1 57.4 60.8 62.7 63 63.8 66 67.3 68.5 69.5 70.5 71.1 72.6 72.8 71.1 66.2 64.4 62.9 61 60.9 61.4 63.1 67.4 70.8 71.4 71.1 70.8 70.3 70.8 70 67.3 62.4 57 51.9 47.1 44.3 42.2 40.2 38.9 37.5 36 34.5 33.1 31.7 30.5 29.7 29.6 29.7 29.8 29.8 28.8 27.5 24 17.2 16.6 17 17.3 17.7 16.2 17.8 17.8 19.8 17.5 17.4 17.7 17.6 17.7 17.6 17.5 17.4 17.3 17.8 18.5 18.8 19 19.2 21.4 24.2 32.4 39.2
31.7 33.5 36.8 40.4 45 50.7 56.1 61.2 64.8 65.8 66.6 68.3 70.7 72.8 73.4 74.8 75.5 77 76.3 72.9 69.4 68.9 64.2 63.8 63.8 65.3 69.8 73.2 74.1 74.1 73.9 73.7 72.6 71.4 71.7 70.2 65.6 61.8 55.6 49.2 45.8 43 40.9 39.4 38 36.5 35 33.6 32.1 31 30.8 30.6 30.4 30 29.2 28.1 26.9 24.6 18.2 16.6 17 17.5 17.9 17.8 17.7 17.8 17.7 17.7 17.7 17.7 17.6 17.5 16.1 17.2 17.1 17.1 19.4 18.5 18.7 19 19.2 22.9 30.3 37.8 45.3
25.8 27.1 30.8 34.6 41.2 48.2 53.9 59.7 62.9 64.4 65.7 67.1 69.9 71.3 73.8 76.4 79.2 80 79.7 77.1 75.8 71.6 68.5 67.6 68.3 73.7 77.9 78.4 77.7 76.3 75.6 74.5 72.8 71.4 71.7 71.5 67.9 63.7 59.2 52.9 47.6 44.5 41.3 39.9 38.4 36.9 35.4 34 32.5 31.4 31.1 30.7 30.4 30 29.1 27.1 26.1 23.6 18.5 17.1 17.1 17.5 17.7 17.7 17.8 19.6 17.4 17.5 17.5 17.5 17.6 17.6 16.1 17.2 17.1 17.4 17.5 19 19.1 20.1 23.3 30 36.7 42.1 51
27.3 27.1 32.6 38.7 41.5 47.3 53.5 57.8 59.7 60.6 60.8 62.4 65.4 68 70 75.2 79.9 82.6 83.7 82.3 80.8 77 74.5 73.2 75.7 80.4 81.5 81.1 80 78.6 76.9 74.6 71.9 69 69.7 70.6 68.9 65 61.1 56.2 49.3 45.1 41.4 40.2 38.8 37.3 35.8 34.4 32.9 31.5 31.1 30.7 30.4 29.7 28.8 26.9 25 23.3 16.8 16.5 17.1 15.8 17.6 17.5 17.5 17.1 17.1 17.3 17.3 17.3 17.4 17.4 17.5 17.2 17.4 17.8 18.2 19 20.1 22 28 32.7 40.5 49.4 56.6
28.2 28.6 33.1 40.9 43.8 48.5 53.6 55.3 55.6 55.3 55.5 57.4 59.2 61.5 66.4 72.5 78.5 83.1 86.1 85.5 84 82.6 81 79.6 82.6 84.1 85 84.6 84.2 81.6 78.9 76.6 73.2 68.2 66.9 68.1 66.8 64 60.2 55.8 50.7 45.8 43.4 40.9 39.1 37.7 36.2 34.8 33.3 31.9 31 30.7 30.3 29.4 28.4 27 24.7 21.8 17.1 15.7 15.9 17.7 17.6 17.6 19.5 17 16.9 17 17.1 17.1 17.2 17.3 17.3 16.4 17.4 17.1 18.8 19.1 23.6 24.5 27.3 32.6 42.3 51.1 58.7
23.2 27.5 31.9 38.5 43 47.8 50.9 51.8 50.8 50.5 49 51.4 53.3 58.5 63.7 69.9 77.4 83.1 85.7 86.7 86.9 86.9 86.6 88.1 89.2 89.9 89.8 89.1 88.7 87 84.3 80.1 74.7 69.6 64.8 63.5 62.7 60.2 56.7 53.3 49.3 45.9 43.4 40.8 38.8 37.9 36.6 35.2 33.7 32.3 31 30.7 30 29 28.1 27 24.9 22.9 15.6 16.2 17.5 17.5 17.6 17.5 17 16.7 16.6 16.7 16.9 17 17.1 17.2 17 17.9 18.3 19 22.2 24.1 27 29.4 28.8 39.8 43.9 49.9 54.9
16.8 25.9 30.3 35.8 40.5 44 46.7 48.1 46.4 42.3 42.2 47.5 52.8 57.9 62.7 68.6 69.5 77.2 80.7 85.2 88.2 89.7 91.6 92.4 93.1 93.6 93.2 93.1 91.9 90.5 87.8 83.3 78 73.1 68.2 62.5 60.8 56.3 52.2 49.6 48 45.6 43.2 40.8 38.6 37.1 36.5 35.5 34.1 32.7 31.3 30.6 29.6 28.7 27.7 26.6 25.5 24.5 22.9 16.7 17.3 17.2 17.2 17.9 17.1 16.8 16.4 16.2 16.8 16.9 17 16.9 17.8 18.3 19.2 19.9 25.4 36.8 41.8 33.9 32.3 41.3 50.1 57.7 64.7
15.5 24.9 28.4 31.8 36.7 39.5 42.4 42.1 40 41.1 47.4 50.4 53.7 57.2 56.1 56.8 62.7 70.8 76.5 84 88.5 92.3 95.6 96.2 96.4 96.4 95.8 94.4 93.2 92.2 89.7 85.7 81 76.1 69.8 64.7 62.3 58.9 55.1 51.3 47.7 45.3 42.9 40.5 38.3 36.9 35.4 35 34.5 33.1 31.9 30.6 29.1 28 27 26 25.1 25.3 25.2 19.4 15.4 17.1 20.1 17.3 17.1 16.9 15.8 16.6 17 16.4 16.8 17.8 18.4 20.6 21.7 25.9 35 49.2 48 36.9 32.2 45.8 55.2 61.6 70.2
15.8 25.2 28.3 29.3 31.9 35.8 35 34.2 38 45.6 52.6 54.2 54.8 50.1 49.4 54.8 60.7 67.6 76.7 83.6 90.2 95 96.9 97.1 96.3 96.2 95.8 95.4 94.4 92.7 90 85.4 81.4 77 72.6 68.8 66.8 64 59.1 53.6 47.5 44.5 42 39.6 37.5 36.3 35.1 33.9 33.6 34 33.5 32.2 30 28.7 27.3 25.4 25.1 25 25.3 24.1 19 14.6 17.8 17.4 17.2 17 16.9 16.9 16.9 16.9 18.7 18.4 18.6 21 25.5 35.5 45.5 55.2 49.2 40 34 43.3 54.3 62 72.1
15.8 25.3 27.9 28.5 28.7 31.8 34.2 40.2 46.1 50.9 53.3 52.9 47.4 45.2 52.9 59.6 65.1 71.4 77.7 85.1 92.3 96.5 98.1 96.6 95.5 95.9 95.2 95.6 94.5 91.6 88.1 83.5 79 75.7 73 70.4 67.5 64.5 60.5 55.2 48.8 43.5 41.1 39 36.7 34.8 33.4 33.3 33.8 34.7 35 35.9 33.1 30.2 26.7 24.4 22.8 24.8 25 25.3 19.9 17.3 17.1 17.5 17.4 17.2 15.4 16.7 16.5 16.6 18.2 18.2 19.7 24.9 35 46.3 54.5 56.9 50.5 42 41.2 43.1 49.4 61.4 70.7
15.7 25.2 26.1 25.3 25.9 29.8 38 44.2 48.1 50.2 50.3 45.3 38.6 47.9 55.8 62.6 67.5 74.3 80.2 87.7 94.5 97.3 95.9 93.3 91.8 93.3 94.5 93.2 91.8 89.4 85.3 80.3 75.8 73.6 71.2 68.8 66.8 64.1 60.4 54.9 48.5 42.4 39.7 37.2 36.3 34.7 31.6 33.1 34 35.3 36.6 38.2 35.8 31.3 27.8 23.7 23.5 24.5 24.7 24.3 18.7 17.1 17.2 17.3 17.3 15.1 17 16.8 16.6 18.5 18.2 18.8 22.8 31.9 44.6 56.3 62.2 59.4 51.7 45.8 47.7 51.5 54.2 62.7 72.2
15.6 24.3 23.2 22 27.3 31.9 36.6 42.1 45.9 46.1 44.5 36.5 36.3 47.2 53.6 61.7 68.3 77.5 83.9 90.7 95.6 95.8 93.7 88.6 86.1 86.7 88 87.6 86.3 84 80.6 76.3 72.5 69 68.2 66.1 64.6 61.6 57.9 52.7 47.5 41.3 37.8 36.6 35.9 34.8 29.9 32.3 33.9 35.2 36.6 36.8 35.5 30.9 27.1 22.8 22.3 23.5 23.7 20.4 16.9 16.9 16.8 16.8 16.8 17 17 16.9 16.6 16.3 17.8 22.3 35.1 41.3 50.1 59 63.2 61.2 58 52.3 54 56.4 61.3 66.6 75.9
15.2 20.8 20.7 19.6 22.4 25.3 32.3 37.8 38.2 35.8 30.9 33.5 41.7 57.7 65.3 68.6 73 79.9 86.4 92.9 95.4 95.1 92.3 82.9 77.3 77.4 80.4 81.1 80.1 78.2 75.4 72.5 69 63.8 63.5 63.3 61.7 58.9 55.6 52.2 47.1 41.3 37 35 35.3 34.1 28.4 31.6 33 33.6 34.4 35.2 33.2 29 24.6 19.9 19 21 18.2 16.7 16.8 16.9 16.9 16.8 16.8 15.3 16.9 16.9 16.7 16.6 20.9 35.5 49.4 49 58.3 62.4 66.3 62.5 64.6 63.2 63.6 66.7 73 78.3 81.4
15.4 15.8 16.8 17.8 18.3 20.1 21.9 27.8 27.6 25.6 29.8 36.8 47.9 62.8 69.2 73 76.7 81.8 88 91.4 92.4 92.9 90.8 82.4 74.1 70.4 69.1 73.1 73.8 72.7 71.4 69.2 65.5 61.7 57.8 58.9 58.3 56.7 54.3 50.9 45.6 40.6 36.4 33.6 32.2 33.2 30.1 28.9 30.7 30.9 31.3 30.7 28.9 24.7 20.8 19.6 19.1 16.3 16.5 16.6 16.7 16.8 16.9 16.9 16.8 15.2 16.5 16.4 15.3 19.1 29.4 38.6 52.6 60.1 65.6 71 68.4 68.7 71.5 70.2 70.4 71.5 77.1 84 83.8
16.5 15.4 17.1 16 16.2 16.9 17.6 19 19.6 29.1 34.4 41.2 51.6 65.8 71.3 75.7 79.9 84.9 89.1 89.8 90.4 90.8 90.4 84.8 79.4 73.8 65.7 63.5 67.1 67.4 66.9 65.2 61.8 58.4 54.1 53.8 53.9 53.5 52.6 49.4 43.2 38.6 35.8 33 29.9 31.6 30.7 25.7 27.1 28.2 28 26 23.5 20.3 17.1 17 16.6 16.2 16.4 16.5 16.6 16.7 16.8 16.9 16.9 14.9 16.4 15.3 19.9 30.2 40.1 45.7 53.3 66.4 73.4 75.6 75.9 77.5 77.3 76.1 77 78.7 81.7 88.3 84
16.9 15.8 16.3 15.9 14.9 15.5 15.7 16.8 17.8 21.1 30.7 40.3 49.5 62 70.9 74.8 80.3 85.7 89.2 89.9 90.2 89.4 89 88.9 85.9 80.8 74.2 59.6 53.9 60.6 61.6 60.7 59.7 58.4 54.4 46.6 46.4 49.2 49.1 45.9 39.5 36.7 33.8 31.8 27.8 29.4 28.8 26.8 21.4 22.4 21.7 19.6 18.2 17.5 16 15.9 15.8 16.1 16.3 16.4 16.5 16.6 16.7 16.8 14.7 16.6 15.1 26 45.7 48.5 55.7 62 66.1 73.6 78.7 78.2 81.6 82.8 84.2 86 86.5 88.8 90.4 88.6 84.3
28.6 20.5 14.7 18.2 14.4 14.5 14.2 14.9 15.4 14.4 19.2 31.3 45.2 57.5 66.3 71.1 77.1 83.2 87 89.1 89.7 89.8 89.4 88.7 85.9 80.7 74.6 64.9 53.8 46.6 52.3 55.9 57 55.7 53.8 50.7 44.4 36.5 41.1 39.5 35.6 33 30.6 29.4 25.3 26.3 26.4 22.8 18.2 16.4 15.9 15.6 18.6 15.6 15.6 15.5 15.6 15.9 16.1 16.3 16.4 16.5 16.7 16.9 14.8 16.6 18.5 46.3 54 61.9 68.7 73.5 78.8 82.9 86.3 83.1 87.2 88.6 90.2 92.1 93.7 96.5 93.5 89.4 85.1
61.1 41.8 26.4 21.5 16.6 14.3 14.5 14.4 14.3 14.4 14.6 21.1 34.5 47.5 59.8 64.4 68.5 76.2 82.5 86.5 89.3 90.3 88.8 86.6 82.6 77.6 72.7 66.4 58.7 50 38.7 47.3 52.7 53.3 52.8 51.7 49.6 42.1 31.5 32.2 31.9 30.5 28.1 27.3 23.9 21.1 17.2 15.8 15.4 15.4 15.8 18.3 15.2 15.2 15.2 15.2 15.4 15.7 16 16.2 16.3 16.5 16.7 17 16.8 15 25.7 42.4 59.4 73.3 79 82.4 87.6 91.3 94 88.2 92.9 94.3 96.6 99.8 102.4 103.5 100 94.9 88.7
75.1 65.4 53.4 43 31.9 21.8 14.7 11.3 14.5 14.4 14.4 14.5 21.3 37.5 50.7 56.3 60.6 66.6 74.2 80.6 84.6 87.3 86.5 82 77.9 73.4 68.2 63 58.3 52.1 41.1 36.4 44.5 47.7 48.9 50.1 46.9 39.7 32.3 25.1 28 28.5 26.9 20.3 16.9 15.5 14.9 14.7 15.1 15.7 18.7 15.2 15 14.8 14.8 15 15.3 15.5 15.8 16.1 16.3 16.6 16.9 16.8 14.7 18.8 23.3 30.4 41.8 60.3 79 88.1 93 96.4 100 96.6 97.6 100.4 103.1 107.9 109.2 108.6 109 102.2 94.3
81.6 71.1 60.5 49.5 39.2 30.5 27.1 22.8 18.5 17.9 13.8 13.2 14.6 29.4 46.4 51 55.1 61.4 67 74.8 78.5 80.8 80.1 77.1 73.2 67.7 61.6 57.4 54.3 51.5 45.3 31.8 30.5 41.1 43.1 45 40.5 36.3 31.6 27 22.2 23.2 17.8 15.3 15.3 14.5 14.7 15 15.5 18.6 15.6 15.5 15.4 15.2 15 15.3 15.6 15.9 16.2 16.6 16.7 14.7 14.6 14.5 26 29.1 29.4 25 32.1 47.6 66.1 82.5 92.3 99.2 102.2 102 102.5 105 107.6 112.2 112.7 112.3 110.6 105.4 100.2
80.8 76.7 66.4 56.4 45.8 37.7 30.9 25.5 21 16.2 12.5 13.5 14.8 22.4 42.3 46.6 49.7 53.4 59.3 65.7 69.7 71.4 72.1 70.7 66.6 60.8 55.6 51.9 50 49.8 47.4 39.5 29.7 23.9 39.6 40.6 36.6 33 28.7 24.1 17.3 15.7 14.9 14.5 14.5 14.5 14.8 15.2 18.4 14.7 15.4 15.8 15.7 15.5 15.4 15.7 16 16.4 16.7 14.8 16 24.7 25.6 29.2 33.8 39 39 32.2 29.9 35.9 52 69.2 83 91.9 99 104 105.3 107.8 110.7 114.2 114.8 113.5 110.8 105 102.9
67.1 73.3 73.9 65.5 55 44.9 35.5 26.7 21.6 18.2 14.9 12 16.4 20.3 34.5 40.2 44.3 48 52.2 55.6 60.6 62.5 64.6 64 60.1 55.1 51.6 48.2 46.1 46.1 45.9 43.9 27.8 20.5 33.4 36 32 26.3 15.6 16 15.4 15.2 15.2 14.6 14.5 14.7 14.9 18.3 14.8 16 16.4 16.2 16.2 16.1 16.2 14.7 15.1 18 21.5 24.3 29.8 33.9 35 38.9 42.2 46.8 44.7 38.4 30.9 33.4 40.5 55.7 70.8 83.6 94.7 101.2 105.8 111.3 113.4 115.4 114.4 111.8 108.4 103.1 100.4
47.4 55.4 67.2 73.2 66.5 52.6 40.3 30 22.8 17.7 15.3 14 16.3 13.8 24.8 33.9 38 42.4 46.7 49.9 51.6 55.3 57.5 57 54.2 49.5 48.5 45.4 41.9 40.9 41.2 38.8 30.8 18.7 29.2 29.9 21.8 15.1 15.3 15.6 15.6 15.3 15 14.8 14.4 14.8 18.1 15.2 14.5 16 16.1 16.2 16.4 15 15.6 16.7 17.9 22.9 29.2 35 40.4 44.5 48.3 50.8 51.3 54.6 50.6 42.7 34.4 35.3 36.5 42.3 58.3 70.9 83.1 93.9 102.7 112.4 116.6 115.3 111.9 107.6 104 100.7 98.6
29.9 38.2 51.2 66 68.7 61.7 44.7 33.5 23.7 18.6 14.8 13.6 12.8 13.7 21.9 30.3 33.7 36.4 40.5 43.7 45.6 48 50.1 49.6 47.4 45.7 44.1 41 37.2 33.8 34.2 32.1 29 17.1 18.3 18.4 14.6 14.6 14.7 14.9 14.9 15.3 15.2 15.1 14.6 17.5 15.7 16.3 14.7 15.8 15.8 15.6 15.7 15.7 16.1 16.3 22.4 27.8 36.7 47.5 54.9 58.4 63 65.4 65.3 57.8 47.4 41.1 36.4 38.4 40.7 46.2 52 58.3 70.7 82.2 97 109.2 116.5 114.3 110 105 102.3 98.8 94
24.7 27.5 38.3 50.8 63.5 65.9 54.6 38.6 25.1 18.6 14.3 13.5 13 14.3 18.3 26.9 30.3 33.6 36 38.4 40.8 41.9 42.7 42.4 41 39.5 36.9 34.8 33.9 30.2 29.2 28.7 25.7 16.6 14.8 14.4 14.6 15.1 15.2 15.2 15.2 15.2 15.2 15.1 14.3 15.2 15 15.8 14.5 15.6 15.4 15.2 15.2 15.3 19.6 25.5 32.5 33.2 37.7 41.3 52.4 67.3 73.7 74.3 66.7 53.4 44.3 40.1 41.1 43.8 47.7 51.6 57 58.7 60.8 71.5 87.1 102.3 112.2 115.7 111.7 106.8 103 100 94.4
32.5 25.4 25.3 35.7 47.9 59.6 61 43.3 24.9 17.3 14.5 13.6 14.1 14.6 15.8 25.4 28.6 31 33.4 35.8 37.7 38.3 37.8 36.8 35.9 34.4 32.9 30.5 28.4 25.1 25.6 24.3 16.1 14.7 14.8 14.3 15.2 15.2 15.2 15 14.9 14.7 14.7 17.3 14.2 14.9 15.4 15.8 16.1 15.4 15.2 15.4 16.9 25.3 36.8 41.6 42.2 41.7 38.6 45.3 54.3 61.9 72.6 77.8 73.8 60.1 47.9 44.9 46.8 49.8 53.2 60.9 68.1 69.9 68.7 68.6 76.3 88.5 101.8 114.1 117.4 115.1 107.6 104.7 99.1
38.3 31.2 23.8 23.1 31.2 44.9 50.7 38.2 23.3 18.7 14.7 13.9 14.6 14.5 15.3 24 26.1 28.5 30.9 33.3 34.4 33.8 33 32.5 31.5 30.7 29.3 26.7 23.8 21.3 21.2 14.4 14.6 14.4 14.1 11.6 11.7 14.1 14.5 14.4 14.2 14.1 16.9 14.5 14.2 15.7 15.9 15.8 16.1 15.6 16.6 22.8 29.9 32.3 29.8 43.7 52 53.3 45.4 54.8 60.7 66.2 74 83 81.4 63.2 51.3 50.4 52 54.1 57.1 67.5 79.5 83.7 80 75.9 77.5 84.6 93.4 105.4 115.6 118.3 114.1 109.9 105.8
