data/290000-510000.asc
ncols 200
nrows 200
xllcorner 290000
yllcorner 510000
cellsize 50
[rows 38 to 75 of 200, columns 84 to 167 of 200]
-2.5 -2.5 -2.5 -2.5 -2.5 -2.5 -2.5 -2.5 -2.5 -2.5 -2.5 -2.5 -2.5 -2.5 -2.5 -2.5 -2.5 -2.5 -2.5 -2.5 -2.5 -2.5 -2.5 -2.5 -2.5 -2.5 -2.5 -2.5 -2.5 -2.5 -2.5 -2.5 -2.5 -2.5 -2.5 -2.5 -2.5 -2.5 -2.5 -2.5 -2.5 -2.5 -2.5 -2.5 -2.5 -2.5 -2.5 1.6 12.7 42.8 56.7 53.5 52.6 49.1 37.6 31.5 15.7 6.9 6.2 5.7 6.9 7.3 7.4 7.6 8 8.6 8.9 9.4 9.9 11 20.8 34.4 50.8 64.3 74.5 80.6 85.3 84.2 92.2 96.5 100 102.2 104.5 109.2
-2.5 -2.5 -2.5 -2.5 -2.5 -2.5 -2.5 -2.5 -2.5 -2.5 -2.5 -2.5 -2.5 -2.5 -2.5 -2.5 -2.5 -2.5 -2.5 -2.5 -2.5 -2.5 -2.5 -2.5 -2.5 -2.5 -2.5 -2.5 -2.5 -2.5 -2.5 -2.5 -2.5 -2.5 -2.5 -2.5 -2.5 -2.5 -2.5 -2.5 -2.5 -2.5 -2.5 -2.5 -2.5 -2.5 -0.1 2.4 24.8 54.1 60.7 61.7 58.3 53.7 45.5 35.9 27.7 7.1 6.4 6.4 7.2 7.8 8 8.1 8.3 8.7 9.1 9.6 10.1 11.2 20.1 33.9 50.4 62.9 72.5 75.5 79.9 78.9 89.3 92.6 95.8 98.5 101.5 105.9
-2.5 -2.5 -2.5 -2.5 -2.5 -2.5 -2.5 -2.5 -2.5 -2.5 -2.5 -2.5 -2.5 -2.5 -2.5 -2.5 -2.5 -2.5 -2.5 -2.5 -2.5 -2.5 -2.5 -2.5 -2.5 -2.5 -2.5 -2.5 -2.5 -2.5 -2.5 -2.5 -2.5 -2.5 -2.5 -2.5 -2.5 -2.5 -2.5 -2.5 -2.5 -2.5 -2.5 -2.5 -2.5 -2.5 0.7 3.2 38.4 59 62.3 64.5 64.1 58.9 50.7 41 35.3 19.1 7.1 6.7 7.6 7.8 8 8.2 8.3 8.5 9.1 9.6 10.2 11.4 18.8 32.4 47.8 59.3 70.1 75 77.4 80 86.3 89.2 92.5 96.4 99.6 102.1
-2.5 -2.5 -2.5 -2.5 -2.5 -2.5 -2.5 -2.5 -2.5 -2.5 -2.5 -2.5 -2.5 -2.5 -2.5 -2.5 -2.5 -2.5 -2.5 -2.5 -2.5 -2.5 -2.5 -2.5 -2.5 -2.5 -2.5 -2.5 -2.5 -2.5 -2.5 -2.5 -2.5 -2.5 -2.5 -2.5 -2.5 -2.5 -2.5 -2.5 -2.5 -2.5 -2.5 -2.5 -2.5 -2.5 1.7 15.2 48.3 61.7 63.7 66.6 67 64.6 55.5 45.6 37.9 25.2 8.7 6.8 7.3 7.5 7.7 7.9 8 8.2 8.8 9.4 10.5 11.3 16.1 27.8 40.7 53.7 64.5 64.6 70.9 79.3 84.1 85.5 88.9 93.4 94.6 97.8
-2.5 -2.5 -2.5 -2.5 -2.5 -2.5 -2.5 -2.5 -2.5 -2.5 -2.5 -2.5 -2.5 -2.5 -2.5 -2.5 -2.5 -2.5 -2.5 -2.5 -2.5 -2.5 -2.5 -2.5 -2.5 -2.5 -2.5 -2.5 -2.5 -2.5 -2.5 -2.5 -2.5 -2.5 -2.5 -2.5 -2.5 -2.5 -2.5 -2.5 -2.5 -2.5 -2.5 -2.5 -2.5 -0.1 2.7 34.8 60.6 62.5 65.6 67.1 70.3 70.1 60.3 50.1 41 31.8 11.3 6.8 7 7.2 7.4 7.6 7.7 8 8.8 10 11.2 12.1 13.5 23 34.6 47.1 59.1 53.9 71.5 77.3 80.1 81.5 86.2 90.6 93.1 97.5
-2.5 -2.5 -2.5 -2.5 -2.5 -2.5 -2.5 -2.5 -2.5 -2.5 -2.5 -2.5 -2.5 -2.5 -2.5 -2.5 -2.5 -2.5 -2.5 -2.5 -2.5 -2.5 -2.5 -2.5 -2.5 -2.5 -2.5 -2.5 -2.5 -2.5 -2.5 -2.5 -2.5 -2.5 -2.5 -2.5 -2.5 -2.5 -2.5 -2.5 -2.5 -2.5 -2.5 -2.5 -2.5 0.7 4 38.8 59.4 63.3 66.1 67.8 69.9 72.2 65.6 54.8 44.5 34.6 11 6.8 6.8 7 7.2 7.4 7.6 8 9.5 10.7 11.9 12.9 15 20.7 28.3 41 42.4 58.4 70.1 74.7 72.2 73.7 81.6 81.7 91.6 95.6
-2.5 -2.5 -2.5 -2.5 -2.5 -2.5 -2.5 -2.5 -2.5 -2.5 -2.5 -2.5 -2.5 -2.5 -2.5 -2.5 -2.5 -2.5 -2.5 -2.5 -2.5 -2.5 -2.5 -2.5 -2.5 -2.5 -2.5 -2.5 -2.5 -2.5 -2.5 -2.5 -2.5 -2.5 -2.5 -2.5 -2.5 -2.5 -2.5 -2.5 -2.5 -2.5 -2.5 -2.5 -2.5 1.5 19.4 46.3 60.2 63 66.4 67.6 69.2 72.2 70.7 60.8 48.2 36.9 7.9 7.5 6.8 6.9 7.1 7.3 7.6 8.1 9.6 11.2 12.7 14.4 17 20.5 23.1 34 44.5 59.1 66.4 70.3 57.3 68 78.7 84.9 90.3 93.5
-2.5 -2.5 -2.5 -2.5 -2.5 -2.5 -2.5 -2.5 -2.5 -2.5 -2.5 -2.5 -2.5 -2.5 -2.5 -2.5 -2.5 -2.5 -2.5 -2.5 -2.5 -2.5 -2.5 -2.5 -2.5 -2.5 -2.5 -2.5 -2.5 -2.5 -2.5 -2.5 -2.5 -2.5 -2.5 -2.5 -2.5 -2.5 -2.5 -2.5 -2.5 -2.5 -2.5 -2.5 -0.4 2.9 31.4 46 60.1 63.3 66.4 67.3 68.7 72 71.1 64.5 48.8 34.4 18.5 7.6 7.3 6.8 7 7.3 7.8 8.2 9.7 11.2 12.9 15.9 18.5 21.7 29.8 35.1 43.5 53.8 61.9 49.7 60.3 73.2 76.8 82.4 89.8 93.4
-2.5 -2.5 -2.5 -2.5 -2.5 -2.5 -2.5 -2.5 -2.5 -2.5 -2.5 -2.5 -2.5 -2.5 -2.5 -2.5 -2.5 -2.5 -2.5 -2.5 -2.5 -2.5 -2.5 -2.5 -2.5 -2.5 -2.5 -2.5 -2.5 -2.5 -2.5 -2.5 -2.5 -2.5 -2.5 -2.5 -2.5 -2.5 -2.5 -2.5 -2.5 -2.5 -2.5 -2.5 1.5 9.1 34.4 51.6 61.6 63.4 65.6 67.1 67.9 70.7 73 71.3 60.5 42.2 22.8 8.7 8 7.2 7.1 7.5 7.9 8.4 9.7 11.3 13.1 15.2 17.1 19.1 27.7 33 39.1 43.1 39.7 51.3 62.8 67.5 72.9 80.6 85.9 91.3
-2.5 -2.5 -2.5 -2.5 -2.5 -2.5 -2.5 -2.5 -2.5 -2.5 -2.5 -2.5 -2.5 -2.5 -2.5 -2.5 -2.5 -2.5 -2.5 -2.5 -2.5 -2.5 -2.5 -2.5 -2.5 -2.5 -2.5 -2.5 -2.5 -2.5 -2.5 -2.5 -2.5 -2.5 -2.5 -2.5 -2.5 -2.5 -2.5 -2.5 -2.5 -2.5 -2.5 -0.4 2.3 17.1 38.7 54.5 63.6 63.5 65.4 66.7 67.6 71.4 74.4 75.2 66.7 47.7 28.1 9.6 8.5 8.1 8.8 7.5 7.9 9 11.4 12.2 13.2 14.9 16.1 20.6 24.2 31.7 37.7 41.3 48.8 56.1 60 68.8 74.4 79.5 84.7 89.6
-2.5 -2.5 -2.5 -2.5 -2.5 -2.5 -2.5 -2.5 -2.5 -2.5 -2.5 -2.5 -2.5 -2.5 -2.5 -2.5 -2.5 -2.5 -2.5 -2.5 -2.5 -2.5 -2.5 -2.5 -2.5 -2.5 -2.5 -2.5 -2.5 -2.5 -2.5 -2.5 -2.5 -2.5 -2.5 -2.5 -2.5 -2.5 -2.5 -2.5 -2.5 -2.5 -2.5 0.4 2.8 28.2 39.9 61.5 64.3 63.6 65.3 66.7 68.7 73.4 76.3 76.6 69.1 49.8 30.9 17.4 9.5 9.1 7.8 7.9 9.6 9.6 10.2 10.6 11.3 12.8 15.8 19.5 23.7 27.6 37.6 44.3 45.8 51.7 60.5 67.5 72.5 76.6 81.5 86.4
-2.5 -2.5 -2.5 -2.5 -2.5 -2.5 -2.5 -2.5 -2.5 -2.5 -2.5 -2.5 -2.5 -2.5 -2.5 -2.5 -2.5 -2.5 -2.5 -2.5 -2.5 -2.5 -2.5 -2.5 -2.5 -2.5 -2.5 -2.5 -2.5 -2.5 -2.5 -2.5 -2.5 -2.5 -2.5 -2.5 -2.5 -2.5 -2.5 -2.5 -2.5 -2.5 -2.5 1.3 8.9 32.4 47.6 62 64.5 64.3 64.9 66.5 73.1 75.5 77.3 76.9 67.1 53 34.9 18.1 16.2 10.5 9.5 7.7 8.7 8.8 9.1 9.6 10.2 13.3 14.8 18.9 24.6 28.4 30 38.8 46 52.8 59.5 65.9 71.6 76.1 80.9 83.8
-2.5 -2.5 -2.5 -2.5 -2.5 -2.5 -2.5 -2.5 -2.5 -2.5 -2.5 -2.5 -2.5 -2.5 -2.5 -2.5 -2.5 -2.5 -2.5 -2.5 -2.5 -2.5 -2.5 -2.5 -2.5 -2.5 -2.5 -2.5 -2.5 -2.5 -2.5 -2.5 -2.5 -2.5 -2.5 -2.5 -2.5 -2.5 -2.5 -2.5 -2.5 -2.5 -2.5 2.8 16.4 38.6 51.5 60.6 64.4 65 67.6 70.9 74.1 76.3 78.4 77.2 75.9 56.7 39.7 19.4 15.4 12.2 12 9.4 8 8.2 8.4 8.9 11.4 13.3 13.5 18.4 23.9 29.1 32.6 35.8 46 52.6 58.8 64.4 71.1 74.9 79.5 84
-2.5 -2.5 -2.5 -2.5 -2.5 -2.5 -2.5 -2.5 -2.5 -2.5 -2.5 -2.5 -2.5 -2.5 -2.5 -2.5 -2.5 -2.5 -2.5 -2.5 -2.5 -2.5 -2.5 -2.5 -2.5 -2.5 -2.5 -2.5 -2.5 -2.5 -2.5 -2.5 -2.5 -2.5 -2.5 -2.5 -2.5 -2.5 -2.5 -2.5 -2.5 -2.5 -2.5 1.8 18.3 31.7 50.7 63.7 65.9 67.5 70.4 72.9 75.3 77.1 77.9 78.6 77.8 62.2 45.4 28.4 19 14 12.3 10.3 7.8 7.6 8.1 8.4 9.9 11.4 12.6 17.6 22.1 27.7 32.2 36.2 40.6 47.8 56 63.1 67.5 73.5 78.4 83.7
-2.5 -2.5 -2.5 -2.5 -2.5 -2.5 -2.5 -2.5 -2.5 -2.5 -2.5 -2.5 -2.5 -2.5 -2.5 -2.5 -2.5 -2.5 -2.5 -2.5 -2.5 -2.5 -2.5 -2.5 -2.5 -2.5 -2.5 -2.5 -2.5 -2.5 -2.5 -2.5 -2.5 -2.5 -2.5 -2.5 -2.5 -2.5 -2.5 -2.5 -2.5 -2.5 -2.5 2 11 28.4 63.4 65.1 67.3 69.9 72.5 74.7 77 79.7 81.3 81.1 78.8 68.2 52.5 34.3 19.9 16.8 12.6 8.9 8 8.1 7.9 8.7 9.4 10.2 9.3 14.5 18.4 24.4 29.9 35.8 39.8 50.1 57.4 65.5 70 74.4 77.5 82
-2.5 -2.5 -2.5 -2.5 -2.5 -2.5 -2.5 -2.5 -2.5 -2.5 -2.5 -2.5 -2.5 -2.5 -2.5 -2.5 -2.5 -2.5 -2.5 -2.5 -2.5 -2.5 -2.5 -2.5 -2.5 -2.5 -2.5 -2.5 -2.5 -2.5 -2.5 -2.5 -2.5 -2.5 -2.5 -2.5 -2.5 -2.5 -2.5 -2.5 -2.5 -2.5 -2.5 2.3 7.4 29.6 64.9 66.8 69.2 72 74.7 77.2 79.7 82.5 86.3 84.9 78.8 70 57.5 42.3 27.5 20.3 15.1 10.6 8.4 8.2 8.1 8.1 8.1 8.9 9.6 12.1 14 20.6 27.3 34.3 40.1 48.2 56.5 63.7 68.2 73.6 76.4 80
-2.5 -2.5 -2.5 -2.5 -2.5 -2.5 -2.5 -2.5 -2.5 -2.5 -2.5 -2.5 -2.5 -2.5 -2.5 -2.5 -2.5 -2.5 -2.5 -2.5 -2.5 -2.5 -2.5 -2.5 -2.5 -2.5 -2.5 -2.5 -2.5 -2.5 -2.5 -2.5 -2.5 -2.5 -2.5 -2.5 -2.5 -2.5 -2.5 -2.5 -2.5 -2.5 -0.4 2.6 5.7 39 66.4 68.5 71.4 74.2 76.8 79 82 84.9 87.8 85.7 78.8 71.7 60.1 44.4 31.2 22.8 15.3 11 8.5 8.4 8.3 8.6 11.1 8.5 9.7 11.7 12.6 20.3 27.7 33.2 38.9 45.9 55 63.5 66.9 72 75.7 79.4
-2.5 -2.5 -2.5 -2.5 -2.5 -2.5 -2.5 -2.5 -2.5 -2.5 -2.5 -2.5 -2.5 -2.5 -2.5 -2.5 -2.5 -2.5 -2.5 -2.5 -2.5 -2.5 -2.5 -2.5 -2.5 -2.5 -2.5 -2.5 -2.5 -2.5 -2.5 -2.5 -2.5 -2.5 -2.5 -2.5 -2.5 -2.5 -2.5 -2.5 -2.5 -2.5 0.5 3.4 27.6 55.7 67.5 70.7 73.9 76.4 78.8 80.4 84.1 87.5 88 85.2 78.7 72.2 61.1 46 34.8 26.8 16.9 11.3 8.6 8.4 9 8.5 8.2 9.6 10 12.1 12.6 19.5 26.9 31.8 36.8 41.9 53.5 61.1 67.3 70.9 74.7 79.6
-2.5 -2.5 -2.5 -2.5 -2.5 -2.5 -2.5 -2.5 -2.5 -2.5 -2.5 -2.5 -2.5 -2.5 -2.5 -2.5 -2.5 -2.5 -2.5 -2.5 -2.5 -2.5 -2.5 -2.5 -2.5 -2.5 -2.5 -2.5 -2.5 -2.5 -2.5 -2.5 -2.5 -2.5 -2.5 -2.5 -2.5 -2.5 -2.5 -2.5 -2.5 -2.5 1.5 4.8 41.9 66.2 69 72.9 76.4 79.7 82.7 84.2 86.5 88.7 88.9 85 78.4 72.4 62.3 48.7 39.1 31.9 21.2 14.3 9.9 8.3 8.6 8.8 8.6 8.9 9.6 12.5 12.8 16.9 25.1 28.4 33.9 38.1 46.6 59.1 63.1 67 70.7 79.4
-2.5 -2.5 -2.5 -2.5 -2.5 -2.5 -2.5 -2.5 -2.5 -2.5 -2.5 -2.5 -2.5 -2.5 -2.5 -2.5 -2.5 -2.5 -2.5 -2.5 -2.5 -2.5 -2.5 -2.5 -2.5 -2.5 -2.5 -2.5 -2.5 -2.5 -2.5 -2.5 -2.5 -2.5 -2.5 -2.5 -2.5 -2.5 -2.5 -2.5 -2.5 -2.5 2.7 21.1 56.9 66.2 70.7 75.6 79.5 83.5 87.2 87.9 88.5 89 88.7 84.7 78 72 62.8 48.5 42.8 36.8 26.4 18 13.4 9.7 9.8 9.1 9.4 9.7 9.4 12 11.8 18.6 22.7 26.6 30.2 39 46.1 57.1 61.7 65.1 70.2 75.4
-2.5 -2.5 -2.5 -2.5 -2.5 -2.5 -2.5 -2.5 -2.5 -2.5 -2.5 -2.5 -2.5 -2.5 -2.5 -2.5 -2.5 -2.5 -2.5 -2.5 -2.5 -2.5 -2.5 -2.5 -2.5 -2.5 -2.5 -2.5 -2.5 -2.5 -2.5 -2.5 -2.5 -2.5 -2.5 -2.5 -2.5 -2.5 -2.5 -2.5 -2.5 0 3.2 30.7 61.5 66.1 71.7 78 83.2 86 90.7 90.6 88.8 89.4 88.4 84.5 77.1 72.1 62.8 50.7 45.3 39.3 30.7 23.8 18.7 11.8 10.7 9.6 9.4 9.5 9.4 9.9 12.1 20.1 22.6 25 28.7 37.4 46.3 53.7 58.9 63 67.5 72.2
-2.5 -2.5 -2.5 -2.5 -2.5 -2.5 -2.5 -2.5 -2.5 -2.5 -2.5 -2.5 -2.5 -2.5 -2.5 -2.5 -2.5 -2.5 -2.5 -2.5 -2.5 -2.5 -2.5 -2.5 -2.5 -2.5 -2.5 -2.5 -2.5 -2.5 -2.5 -2.5 -2.5 -2.5 -2.5 -2.5 -2.5 -2.5 -2.5 -2.5 -2.5 0.4 5.8 41.7 60.2 66.6 72.8 79.5 84.8 88.8 91.6 90.8 90.1 90 88.4 84.1 77.1 71.9 61.9 55.5 48.2 41.7 33.8 28 21.5 14.8 10.4 9.4 9.3 9.3 9.5 9.8 12.4 15 22.7 24.3 26.9 34.3 43.6 50.3 55.4 59.4 62.9 69.5
-2.5 -2.5 -2.5 -2.5 -2.5 -2.5 -2.5 -2.5 -2.5 -2.5 -2.5 -2.5 -2.5 -2.5 -2.5 -2.5 -2.5 -2.5 -2.5 -2.5 -2.5 -2.5 -2.5 -2.5 -2.5 -2.5 -2.5 -2.5 -2.5 -2.5 -2.5 -2.5 -2.5 -2.5 -2.5 -2.5 -2.5 -2.5 -2.5 -2.5 -2.5 1 12.7 54.4 58.6 65.4 73.3 79 84.5 88.5 91.4 91.1 90.6 89.9 88.4 83.5 76.3 71 68.3 58.6 50.7 42.1 34.9 28.9 24.4 19.3 13 10.7 9.3 9.1 9.5 9.8 12.9 14 18.6 22.4 23.1 28 39.2 47.2 52.4 56.3 58.9 68.8
-2.5 -2.5 -2.5 -2.5 -2.5 -2.5 -2.5 -2.5 -2.5 -2.5 -2.5 -2.5 -2.5 -2.5 -2.5 -2.5 -2.5 -2.5 -2.5 -2.5 -2.5 -2.5 -2.5 -2.5 -2.5 -2.5 -2.5 -2.5 -2.5 -2.5 -2.5 -2.5 -2.5 -2.5 -2.5 -2.5 -2.5 -2.5 -2.5 -2.5 -2.5 1.9 16.9 55.5 59.6 66.6 73.8 79 84.4 88.1 90.4 91.3 91.4 91.1 89.3 85.2 79.3 73.7 68.5 61.1 52.4 42 34 28.9 22.2 20.4 13.8 13.3 12.6 8.5 8.4 13.1 12.9 14.1 17.2 18.1 18.5 24.5 35.8 43.8 51.3 55 55.4 68
-2.5 -2.5 -2.5 -2.5 -2.5 -2.5 -2.5 -2.5 -2.5 -2.5 -2.5 -2.5 -2.5 -2.5 -2.5 -2.5 -2.5 -2.5 -2.5 -2.5 -2.5 -2.5 -2.5 -2.5 -2.5 -2.5 -2.5 -2.5 -2.5 -2.5 -2.5 -2.5 -2.5 -2.5 -2.5 -2.5 -2.5 -2.5 -2.5 -2.5 -2.5 2.7 21 55.7 60.7 66.4 74.5 79.5 84.3 88.3 90.4 91.1 91.6 91.2 90.1 86.4 80.8 76.7 71.1 64.9 53.7 45.1 35.4 29.6 25.8 17.6 12.5 14 13.3 10.1 9.4 8.9 13.5 11.8 12.7 13.8 16.3 18.7 32.3 41 46.2 45.8 44.2 59.5
-2.5 -2.5 -2.5 -2.5 -2.5 -2.5 -2.5 -2.5 -2.5 -2.5 -2.5 -2.5 -2.5 -2.5 -2.5 -2.5 -2.5 -2.5 -2.5 -2.5 -2.5 -2.5 -2.5 -2.5 -2.5 -2.5 -2.5 -2.5 -2.5 -2.5 -2.5 -2.5 -2.5 -2.5 -2.5 -2.5 -2.5 -2.5 -2.5 -2.5 -2.5 2.8 39.3 57.7 62 67.7 74.7 80.9 85.3 88.8 91 91.6 91.4 90.9 89.8 87.6 82.4 78.8 74.5 65.2 58.2 40.2 38.9 29 27.3 18.4 18.6 14.7 12.8 11.6 9.3 9.8 10.7 11.6 12.8 14.2 15.3 17.9 22.3 33.3 31 40.8 51.8 59.8
-2.5 -2.5 -2.5 -2.5 -2.5 -2.5 -2.5 -2.5 -2.5 -2.5 -2.5 -2.5 -2.5 -2.5 -2.5 -2.5 -2.5 -2.5 -2.5 -2.5 -2.5 -2.5 -2.5 -2.5 -2.5 -2.5 -2.5 -2.5 -2.5 -2.5 -2.5 -2.5 -2.5 -2.5 -2.5 -2.5 -2.5 -2.5 -2.5 -2.5 0.2 2.7 42.2 58.8 63.8 68.8 75.8 81.4 84.5 89.4 91.6 92.4 91.4 90.8 90.2 87.4 83.8 79.2 73.6 68.7 57.4 43 37.6 31.8 28 23.2 19.2 16.4 11.3 11.4 9.3 9.8 10.9 13.5 12.6 13.7 15.7 17.9 20.8 24.2 33.4 43.3 50.1 60.1
-2.5 -2.5 -2.5 -2.5 -2.5 -2.5 -2.5 -2.5 -2.5 -2.5 -2.5 -2.5 -2.5 -2.5 -2.5 -2.5 -2.5 -2.5 -2.5 -2.5 -2.5 -2.5 -2.5 -2.5 -2.5 -2.5 -2.5 -2.5 -2.5 -2.5 -2.5 -2.5 -2.5 -2.5 -2.5 -2.5 -2.5 -2.5 -2.5 -2.5 0.4 7.6 54.7 60.4 65.4 70.2 75.7 81 85.5 89 91.5 93.3 92.4 91.5 90.4 87.5 84.3 80.4 75.9 59.2 45.8 46.7 43.9 36 30 26.4 21.7 16.2 11.7 10.9 9.3 9.8 9.9 12.8 12.4 13.4 15.9 18 20.5 23.3 29.7 35.9 44.8 55.9
-2.5 -2.5 -2.5 -2.5 -2.5 -2.5 -2.5 -2.5 -2.5 -2.5 -2.5 -2.5 -2.5 -2.5 -2.5 -2.5 -2.5 -2.5 -2.5 -2.5 -2.5 -2.5 -2.5 -2.5 -2.5 -2.5 -2.5 -2.5 -2.5 -2.5 -2.5 -2.5 -2.5 -2.5 -2.5 -2.5 -2.5 -2.5 -2.5 -2.5 1.5 17.2 57 61.2 66 70.9 77.4 82.6 86.2 89.7 92.4 94.2 93.6 92.4 90 87.8 86.9 84 60.3 61.1 70.2 60.3 47.8 36.8 32.1 29.4 24.5 16.9 12.3 11.2 9.2 10.1 10.2 10.8 12.5 13 14.9 16.8 19.8 21.1 29.2 43.4 52.1 62
-2.5 -2.5 -2.5 -2.5 -2.5 -2.5 -2.5 -2.5 -2.5 -2.5 -2.5 -2.5 -2.5 -2.5 -2.5 -2.5 -2.5 -2.5 -2.5 -2.5 -2.5 -2.5 -2.5 -2.5 -2.5 -2.5 -2.5 -2.5 -2.5 -2.5 -2.5 -2.5 -2.5 -2.5 -2.5 -2.5 -2.5 -2.5 -2.5 -2.5 3 41.5 58.4 62.8 66.9 72.6 79.2 82.6 86.1 91.4 93.4 94.8 94 90.8 90.1 88.4 85.6 83.5 59.4 57.3 72.9 63.8 50.9 39 34.5 31.3 25.8 20 15.1 12 10.9 10.3 10.1 9.9 12 12 12.7 15.2 16.6 19.1 30.2 41.2 50.9 60.7
-2.5 -2.5 -2.5 -2.5 -2.5 -2.5 -2.5 -2.5 -2.5 -2.5 -2.5 -2.5 -2.5 -2.5 -2.5 -2.5 -2.5 -2.5 -2.5 -2.5 -2.5 -2.5 -2.5 -2.5 -2.5 -2.5 -2.5 -2.5 -2.5 -2.5 -2.5 -2.5 -2.5 -2.5 -2.5 -2.5 -2.5 -2.5 -2.5 0.5 4.9 54 60.4 64.9 69.4 74.5 79.3 82.4 85.4 91.1 93.7 91.3 93.3 91.5 89.9 88.3 87.4 86.1 80.9 55.2 73 66.9 54.3 41.3 37.2 32.5 27.7 23.4 20.3 15 10.9 9.3 9.3 9.4 12.9 11.2 12.3 13.6 15.3 17.3 29 39.5 49.3 58.8
-2.5 -2.5 -2.5 -2.5 -2.5 -2.5 -2.5 -2.5 -2.5 -2.5 -2.5 -2.5 -2.5 -2.5 -2.5 -2.5 -2.5 -2.5 -2.5 -2.5 -2.5 -2.5 -2.5 -2.5 -2.5 -2.5 -2.5 -2.5 -2.5 -2.5 -2.5 -2.5 -2.5 -2.5 -2.5 -2.5 -2.5 -2.5 -2.5 1.5 15.8 56.6 62 66.5 71.1 76.2 79.9 82.7 86 88.7 93.3 95 93.4 91.7 90.2 89.3 89.2 88.3 84.6 59.4 61.2 69.5 59.2 46 38.6 34 28.8 26.2 24.2 18.3 10.8 9 9.2 9.2 14.1 10.6 11.9 13 14.2 16.3 27.9 37.3 47 56.2
-2.5 -2.5 -2.5 -2.5 -2.5 -2.5 -2.5 -2.5 -2.5 -2.5 -2.5 -2.5 -2.5 -2.5 -2.5 -2.5 -2.5 -2.5 -2.5 -2.5 -2.5 -2.5 -2.5 -2.5 -2.5 -2.5 -2.5 -2.5 -2.5 -2.5 -2.5 -2.5 -2.5 -2.5 -2.5 -2.5 -2.5 -2.5 -2.5 2.1 25.4 56.5 62.1 67.5 72.7 77.7 81 83.7 87.6 88.5 93.2 94.6 93.4 92.4 91.1 91.9 91.5 90.5 87.7 68 58 71.2 63.6 50.9 40.8 36.1 30.3 28.2 29.9 20.7 12.3 10.1 9.1 9 11.7 10 11.5 12.5 13 15.4 26.3 35.5 44.6 54
-2.5 -2.5 -2.5 -2.5 -2.5 -2.5 -2.5 -2.5 -2.5 -2.5 -2.5 -2.5 -2.5 -2.5 -2.5 -2.5 -2.5 -2.5 -2.5 -2.5 -2.5 -2.5 -2.5 -2.5 -2.5 -2.5 -2.5 -2.5 -2.5 -2.5 -2.5 -2.5 -2.5 -2.5 -2.5 -2.5 -2.5 -2.5 -2.5 6.3 50.9 57.5 63.2 68.7 74.1 79.3 82.1 85.3 89.2 91.3 92.8 94.4 93.6 92.7 92.9 94.6 94.2 93.1 90.2 85.2 58.5 72.7 66.4 52.2 43.9 39.2 38.7 31.9 31 21.6 13.8 10.2 9.4 9.6 8.9 9.3 11.5 11.7 12.1 14.5 23.6 32.5 41.9 51.4
-2.5 -2.5 -2.5 -2.5 -2.5 -2.5 -2.5 -2.5 -2.5 -2.5 -2.5 -2.5 -2.5 -2.5 -2.5 -2.5 -2.5 -2.5 -2.5 -2.5 -2.5 -2.5 -2.5 -2.5 -2.5 -2.5 -2.5 -2.5 -2.5 -2.5 -2.5 -2.5 -2.5 -2.5 -2.5 -2.5 -2.5 -2.5 1.2 29.2 52.1 59.2 64.6 70.2 75.7 80.5 83.6 88.1 92.6 92.2 93.8 94.4 93.6 92.9 94.5 96.8 97.1 96.3 92.4 88.3 69.3 73.9 63.9 59.9 49.3 42 39.8 33.9 33.3 22.5 15.7 10.8 10.1 9.9 10 11.6 10.2 10 11.1 13.2 20.8 30 39.4 48.6
-2.5 -2.5 -2.5 -2.5 -2.5 -2.5 -2.5 -2.5 -2.5 -2.5 -2.5 -2.5 -2.5 -2.5 -2.5 -2.5 -2.5 -2.5 -2.5 -2.5 -2.5 -2.5 -2.5 -2.5 -2.5 -2.5 -2.5 -2.5 -2.5 -2.5 -2.5 -2.5 -2.5 -2.5 -2.5 -2.5 -2.5 -2.5 6.3 42 54 61.2 66.5 71.7 77 81.6 84.8 89.2 94.1 94.2 94.6 94.5 93.6 93.5 95 97.9 99 98.2 95.1 90.9 85.6 77.3 75.3 68.1 57.5 46.5 41.1 39.1 33.6 23.8 17.6 11.5 10.7 10.4 10.4 15.1 10.2 10.3 10.9 12.5 17.7 27.3 34.1 42.2
-2.5 -2.5 -2.5 -2.5 -2.5 -2.5 -2.5 -2.5 -2.5 -2.5 -2.5 -2.5 -2.5 -2.5 -2.5 -2.5 -2.5 -2.5 -2.5 -2.5 -2.5 -2.5 -2.5 -2.5 -2.5 -2.5 -2.5 -2.5 -2.5 -2.5 -2.5 -2.5 -2.5 -2.5 -2.5 -2.5 -2.5 -2.5 18.8 50.4 56.1 63.3 68.4 73.5 78.7 82.7 85.8 89.2 95.4 96.2 95.3 94.7 93.9 93.8 95.6 98.7 99.6 99.5 98.1 93.3 89.7 82.9 80.8 74.9 66.3 52.5 44.7 40.9 33.9 25.7 19.6 13.7 11.7 12.1 11.3 13.8 10.3 10.6 11 12.9 17.5 25.7 31 38.1
-2.5 -2.5 -2.5 -2.5 -2.5 -2.5 -2.5 -2.5 -2.5 -2.5 -2.5 -2.5 -2.5 -2.5 -2.5 -2.5 -2.5 -2.5 -2.5 -2.5 -2.5 -2.5 -2.5 -2.5 -2.5 -2.5 -2.5 -2.5 -2.5 -2.5 -2.5 -2.5 -2.5 -2.5 -2.5 -2.5 -2.5 0.5 43.2 51.7 58.8 65.3 70.2 75.4 80.4 83.9 87.3 89.5 95.3 96.2 95.3 94.6 94.1 93.9 96.4 99.3 100.1 100.4 99.9 95.8 92 88.2 85.6 80.2 73.4 60.1 48.4 42.6 35.1 27.4 20.7 15.5 12.9 12.4 11.9 11 10.1 10.5 11.4 13.7 19.5 23.5 28.2 34.2
