data/290000-650000.asc
ncols 200
nrows 200
xllcorner 290000
yllcorner 650000
cellsize 50
[rows 35 to 69 of 200, columns 0 to 78 of 200]
233.8 233.4 233.1 234 235.2 235.3 236.7 237.3 237.1 240.3 241 241 241 241 240 238.5 236.8 235.4 235.1 235.6 234.9 232 229.3 229 228.5 227.4 226.9 226.9 225.6 225.5 224.1 224.1 224.1 225.5 225.9 226.1 225.9 225.3 226.3 231.2 233.4 235.2 237.6 239.4 240.9 239 236 240.6 241.1 242.8 246.3 249 250.4 251.7 252.4 254.4 256.1 262.7 266.3 271.8 272.7 272.2 271.9 273.7 275.5 278.2 280.2 281.5 281.3 281.5 279.2 279.6 279.2 280.6 280.4 281.4 283.9 286.8 289.9
232.8 231.8 232.6 234 234.5 236.2 238.4 239.2 239.6 241 241 241 240.8 240.8 239.4 237.2 235.9 234.8 234.6 234.4 233.2 230.8 229.6 228.8 227.2 226.1 225.4 224.6 224.3 224.1 224.5 224.1 225.3 226.5 227.5 228 229 228.5 228.8 234.5 237.7 239.7 241 240.8 240.9 239.8 237.7 240.6 243.3 244.1 246.7 250.9 251.9 253.1 254.2 255.8 260.9 266.5 270.2 273.9 274.8 274.5 274.7 276.2 278.7 280.9 282.5 283 283.2 282.5 281.9 282.1 281.1 281.2 283.2 283.9 285.9 288.9 295
232 233 234 235 236.2 237.6 239.2 240 241 241 241 241 240.4 240.6 239.2 236.5 234.9 234.1 233.5 232.7 231.6 230.8 229.6 228.1 226.6 225.5 224.7 224.2 224.2 224.1 226.1 226.4 226.7 228.2 230 230.7 232.4 234.1 228.9 239 241.9 242.7 242.8 241.3 240.6 239.1 239.1 242.8 247.2 250.1 249.7 252.9 254 255.5 256.6 259.2 266.4 272.7 273 274.4 274 274 276.9 279.1 281 282.9 283.7 284.2 284.7 284.7 284.7 285.1 284.4 284 285.1 286.8 288.5 290.5 295.2
233.8 234.8 236.3 237.5 238.3 239.4 240.6 241.2 241.2 241.2 241 241 240.2 239.9 237.5 234.8 234.4 233.6 232.7 231.6 230.6 229.6 229.2 227.7 226.3 225.3 224.2 225.4 225.3 225.4 227.4 229.9 228.7 229.5 231.8 234.9 235.2 237.3 235.8 240.5 245.7 245.5 243.4 242.8 240.9 240.3 239.5 244.6 248.1 251.1 252.5 255.4 255.6 255.9 258.6 267.8 272.6 275.4 274.7 274.4 274.8 276.7 279.9 281.5 283.7 284.5 285 285.3 285.6 285.3 286 285.8 284.1 285.2 286.3 289.7 290.7 291.8 295.9
236.6 236.8 238.3 240 240.9 241.6 243.4 243.2 242.6 242 241.5 241.1 239.9 237.4 235.1 234 233.9 233.3 232.2 231 229.9 229.2 228.2 227.3 226 225.3 224.8 225.8 226.1 227 228.8 230.9 231 232.5 235.1 237.9 238.9 241.2 239.9 242.1 246.2 245.9 244.1 244 243.1 244.1 243.1 246.8 251.5 253.3 255.4 256.6 257.4 258.4 265.9 274.9 277 276.1 275.3 274.8 275.1 277.9 280.6 283.8 285.7 286 286.3 286.3 286.1 285.9 286.4 286.5 286.2 288.7 289.6 289.9 292.9 294.9 298
239.7 238.1 239.6 241.7 243.8 243.9 245.7 245 244.2 243.1 241.4 240.6 239.2 236.3 234.4 233.6 233.1 233 231.8 230.5 229.3 229 228 227.1 226.8 226.3 225.9 227 227.8 228.6 229.4 233.4 234.4 236 238.5 241.2 242.5 245.8 242.1 244.2 248 247.7 245.8 244.2 245.2 246.5 245.2 245.8 252.3 255.7 258.1 258 258.9 263.2 270.1 278.6 278 276.9 275.6 276.1 278.6 279.8 282.3 284.9 286.3 286.9 287.3 287.8 287.7 288 288.7 289.6 289 290.8 291.1 290.8 293.3 296.9 300.8
240.5 242.7 241.1 242.5 244.8 244.8 245.4 244.8 243.8 242.6 241.3 240 238.6 235.5 234.1 233.7 232.5 232.6 231.6 230.3 229.2 229.1 228.3 227.7 227.3 227.3 227 228.3 229.2 230.8 231.9 236.1 236.6 239.6 242.6 244.9 246.1 250 238.5 245.9 248.9 250.8 249 244.8 248.1 250.1 247.5 248.6 254.2 258.5 261 259.5 260.3 266.7 276.3 279.7 279.2 277.3 277.2 278.1 281 283.2 284.5 286.2 287.2 287.3 287.7 288.4 289.4 289.5 289.3 290.7 289.6 289.8 291.5 293.3 295.2 298.1 302.9
241.8 244.1 244.3 243.4 243.7 243.9 244.4 244.3 243.1 242 240.7 239.4 237.5 235.1 234.4 233.8 232.6 232.1 231.3 230.1 229.1 229 228.6 228.2 227.9 227.7 228.1 229.5 232.2 235 233.8 237.3 239.6 242.2 246 249.5 250.6 250.2 242.5 247.4 250.9 250.9 249.1 246.8 250.6 250.2 249.2 252.3 256.3 260.6 261.9 262.5 265.9 270.4 280.4 280 280 279.1 278.5 278.9 283.2 285.3 285.8 286.9 287.9 288.3 288.3 289.3 290.5 290.9 289 290.5 289 290.8 292.7 295 298.2 301.5 305.7
246.5 247.1 246.5 244.3 243.9 243.5 243.4 242.9 242.1 241.3 240.1 238.9 237 235.3 235.7 233.9 232.7 231.5 231.1 229.9 229 228.7 228.2 228.1 228 228.1 228.9 231.3 235.7 235.6 234 240.2 242.7 245.4 249.9 250.7 250.8 244.4 247.4 251 251.5 250.7 249 249 250.7 249.5 252.3 257.9 260 262.1 263.6 266.7 275.9 275.9 277.2 278.2 279.7 279.6 280.1 280.7 283.3 285.7 286.5 287.5 288.6 289.5 289.8 289.8 290.4 290.7 290.6 290.7 289.2 291.6 294.5 297.7 301.3 305 308.6
249.9 249.8 247.4 245.7 244.1 243.3 242.2 241.3 240.6 239.9 239.2 238.1 237 236.1 234.6 233.8 232.7 231.6 230.9 229.1 228.8 228.4 228 227.9 228.3 228.9 230.9 234.1 235.3 234.9 235.6 241.1 246.6 250.6 250.7 250.8 246.6 247.9 254.4 255.1 254.7 253.9 253.3 251.8 250.3 251.3 256.6 261.1 262.4 264.5 265.1 270.1 275.9 275.5 274.8 276.1 277.8 279.5 280.4 281.6 284.5 284.8 286.5 287.9 289.1 290.2 290.8 291.1 291.2 291.3 291.2 291 291.5 294.7 297.7 301.4 305 308.5 311.3
247.8 247.7 248.4 246.5 244.4 242.6 241.4 240.5 239.7 238.9 238.1 237.1 236 234.8 234.2 233.6 232.6 231.6 230.6 229 228.6 228.5 228.3 228.4 229 231.5 234.2 237.3 237.7 237.4 238.6 241.3 249.1 250.9 250.9 248 244.1 248.5 255.7 255.9 255 254.9 255 253.6 253.9 258.2 260.8 262.4 264.1 267.2 269.1 273.1 275.4 275.5 275.8 275.6 277.4 279.5 279.7 282.2 284.1 285.9 286.8 287.9 289.3 291 291.8 292.1 292.4 292.6 292.9 293.9 294.4 298.6 302.1 305.7 308.8 311.6 314.3
247.2 247.2 246.2 246.7 244.2 241.8 240.8 239.9 239 238.5 237.8 236.8 235.7 234.2 234.8 233.3 232.3 231.2 230 229 229 228.9 229.6 230.5 231.9 234.8 237.8 240 240.2 240.6 243.7 248.6 250.5 250.9 249.9 245.4 244.4 250.7 253.4 255.3 257.4 258.5 256.8 254.1 255.3 261 260.8 262.5 264.9 268.4 270.8 272 272.8 273 274.2 274.6 277.2 279.5 280.4 283.5 286.3 287.4 288.4 289.6 290.8 292.8 293.9 294.4 295.3 295.9 296.2 298.1 300.3 304.1 307.3 310.5 313 315.5 317.9
246.9 247.1 245.4 244.2 243.8 241.5 240.1 239.6 239.1 238.6 238.1 237.4 236.2 235.7 235.7 233.5 231.5 230.1 229 229.8 230.2 230.5 230.8 232 234.6 237.6 240.4 243.3 244.9 246.6 249.9 250.6 251 251 250.9 247.3 249.1 252.4 254.6 258.6 260.3 261.5 259.7 254.9 254.8 261 260.5 262.1 264.2 265 269.4 269.9 269.7 271 274.2 274.7 278.7 280.5 282.7 284.5 287.4 289.6 290.6 291.8 294 295.5 296.7 298.3 298.8 299.8 301.5 304.1 306.4 309.7 312.9 315.6 318 319.9 321.7
245.6 243.9 245.2 242.7 241.3 240.6 240.3 239.5 239 238.7 238.7 238 236.5 235.2 235.9 233.7 231.3 229.4 230.3 231.3 231.7 232.2 231.7 233 237 240.5 243.5 246.1 248.9 250.7 250.7 250.9 251 250.9 250.4 248.8 251.2 254.2 257.7 260.3 261.6 263 262.2 259.7 259.2 260.7 261 262.9 263.8 264.6 267 268.3 270.7 272.3 275.6 279.1 281 283.3 286.5 289.8 290.8 291.9 293.1 294.9 297.6 299.2 300.6 301.9 303.7 305.5 307.3 309.6 312.2 315.1 317.3 320 321.9 323 326.7
240.3 242.9 242.1 241.1 240.8 241 240.7 240.1 239.1 239.1 239.7 239.1 237 235.4 234.5 233.5 231.6 230.8 231.8 232.7 233.4 234 234.1 234.5 240 243.6 246.7 249.3 250.9 251.1 250.5 250.8 250.9 250.9 249.4 250.3 254.1 257.1 259.6 262 264.1 265.3 264.9 261 259.2 260.2 261.5 264.6 265.8 265.8 266.7 268.8 273.7 274.8 277.6 280.9 284.8 287.3 290.7 292.6 293.2 294.7 297.2 300.1 302.5 304.4 305.4 308.4 310.2 311.9 313.8 315.8 317.3 319.9 322.3 323.9 326 328.9 332.3
242.3 242.4 241.6 241 241.2 241.4 241.2 240.5 240.2 240.6 240.4 241 237.9 234.8 234.9 233.6 232.2 232.8 233.2 234.1 234.8 236.1 237.5 240.1 244.2 245.7 248.1 250.4 251.9 251.7 251.2 250.2 250 249.3 250.2 252.4 255.6 260.2 263 263.9 265.4 265.8 265 260.5 260.2 260.2 261.7 263.9 264.5 266.2 268 272.4 277.4 278.4 280.2 284.8 288.9 291.3 293.3 295.2 297.3 299.9 303.2 305.5 307.3 310.4 311.9 314.7 317 318.8 319.5 322.5 323.8 325 327.3 329.1 331.4 334.8 337.2
241.9 242 241.4 241.2 241.5 241.8 241.6 241.8 242.6 242.7 241.5 240.8 237.3 235.3 234.9 233.6 233.6 234.2 234.7 235.7 237.3 239.2 241.3 244 246.6 248 250 252.3 253.7 252.8 251.9 251 249.8 249.5 251.9 254.4 257 262.2 265.7 266 265.9 265 264.5 262.5 261.4 261.1 262 263.3 265.5 270.3 272.6 276.4 284.6 284.3 283.8 287.3 291 294 296.2 299.3 302.6 305.2 309 311 314.1 316.7 318.2 320.9 323.5 325.7 324.7 328.5 329.9 331.3 332.8 334.7 336.9 339.4 342.4
241.5 241.6 241.1 241.4 241.7 242.2 243 244.1 245.8 245.1 242.1 240 237.5 234.6 234.3 234.5 235.1 235.7 236.3 238.2 240.1 242.5 244.9 247 249.1 250.4 253.7 255.6 255.1 253.2 251.7 250.2 249.2 250.4 253.1 255.8 258.6 264 266 266 265.5 264.1 264.2 264.8 263.6 262.6 263.2 264.5 266.6 270.9 276.6 280 285.9 286.9 288.8 290.9 293 294.9 300.3 304 307.2 310.4 314.7 317.2 320.3 324.1 326 328.1 328.4 332.3 333 334.4 336.1 337.7 339.3 340.3 342.6 345.1 345.8
241.1 241.2 241.3 242 242.9 243.6 244.7 245.2 245.6 245.9 242.2 239.7 237.5 236.4 236.8 236.7 236.8 237.2 238.3 240.2 242.6 245.1 246.7 249.5 251.6 253.5 255 255.8 255.5 253.9 251.7 250.3 251.7 253.6 254.8 257 259.5 265.7 265.7 266 265.7 264.3 265.4 265.6 264.1 264.7 264.5 265 268.3 274.4 280 284.4 290.5 291.5 292.4 292.8 295.2 301.8 304.6 308.9 313.1 316.3 319.9 324.1 326.7 328.5 332 335.9 337.5 337.7 338.7 339.8 341.8 343.8 345.5 345.7 345.8 345.7 345.8
240.9 241.7 242.7 243.7 245.4 245.7 246.5 247.2 246.2 245.2 240.8 239.1 239.2 238.9 239.6 239.2 239.3 239.2 240.5 242.4 244.7 247.1 248.6 251.5 253.8 255.5 256.7 255.8 255.6 254.5 253.6 254.6 255.9 255.5 256.8 257.7 260.7 265.9 265.5 264.5 265.4 266 266.1 266.3 267 267.1 266.4 266.5 271.6 276.8 280.1 286.9 291.1 295.4 295.2 294.6 299.2 304.3 309.3 313.9 317.6 320.7 323.8 327 329.7 332.9 336.6 338.7 341.7 342.7 344.1 345.5 345.6 346 345.9 346 345.8 345.4 344.7
241.9 242.7 243.9 245.5 247.4 248.5 249.5 249.6 246.7 245 240.4 239.6 240 240.7 241.8 241.4 242.7 244.1 244.9 245.9 247.6 249.8 251.7 255.6 256.6 257.9 258.9 256.9 255.7 254.4 254.2 254.1 254.2 255.1 257.2 260.4 264.1 264 264.4 264.1 265.9 267.7 267.9 268.4 270.7 270.4 268.6 269.4 274.8 280.7 283 286.2 291.9 295.7 297.2 298.6 303.2 308.4 313.7 318.1 321.2 324 326.8 330.8 333.6 336.2 338.9 342.2 345.7 346 345.9 345.7 345.9 346 346 345.2 345 344 343.5
243.5 244.2 245.4 247.3 249.8 250 250.1 249.1 245.4 244 240.5 240.8 242.6 242.8 243.4 243.7 246 248.4 249.2 249.7 251.1 253 255.6 258.4 259.5 260.5 260.9 258.8 254.6 254 254.1 254 255.6 255.7 257.7 259.5 262 263.3 264.4 266.2 268.5 269.5 270.1 271.3 275.1 275.6 271 274 279.5 285.4 289.1 290.8 292.4 295.1 298.3 302.3 307.4 312 316.5 321 324.7 326.7 328.8 333.6 335.8 337.3 340.4 342 344.3 343.5 345.2 344.4 346 346 345.5 344.2 343.3 342.6 341.4
245.1 245.8 247.9 250 249.9 249.7 249.8 248 245.6 244.1 242.7 244 245 244.9 245.3 246.8 249.3 251 251.8 252.8 254.4 256.3 258.8 260.3 260.8 260.6 260.9 255.1 255.3 254.5 254 254.1 255.1 256.4 257.9 259.2 260.7 263.1 265 267.9 270.9 272.1 273.3 274 276.3 277.5 275.2 278.1 283.9 289.3 293.4 299.2 299.6 297.1 301.6 304.4 309 313.2 316.8 320.9 325 326.8 329.7 333.1 334.9 335.3 338.4 339.5 339.8 340.1 341.9 345.1 346 345.8 345.1 343.9 342.7 341.7 340.7
246.6 247.3 249 250.9 250.9 249.2 248.7 247.2 244.9 244.4 244.9 245.1 246.9 248.2 248.3 249.2 251.3 252.8 253.4 255.1 257.3 260.7 260.1 259.7 261 261 259.8 254.1 254.1 254.1 254 255 255.3 256.5 258.1 259.5 261.8 263.9 268 269.9 273.8 275.8 275.2 277.9 278.3 279.7 278.7 285.1 289.7 292.9 296.8 305.7 302.5 299.9 301.6 304.8 308 312.3 316.5 319.4 322.8 325.4 328.1 330.5 333.7 334.3 335.4 338.6 340.7 340 342.2 344.5 345.5 344.9 344.6 343.3 342.4 341.6 340.3
247.6 248.6 250.1 250.9 250.8 250.4 248.9 246.9 246 245 248.2 249.5 250.1 251.7 251.5 252.5 253.8 254.3 254.7 256.1 258.9 259.9 260.2 261 261 261 256.9 254.3 254.1 254.1 254 254 255.3 256.9 258.5 261 265.3 267.3 270.7 274.8 277.8 280.2 279.2 282 281.5 284.4 284 289.7 292.5 295.1 299.5 305.5 304.2 301.7 302.5 304.5 306.1 309.7 315 319.8 321.9 325.2 329.7 330.8 334.1 335.5 336.9 338.5 340.2 340.5 341.8 343 343.6 343.9 344 343.1 342.2 341.4 340.2
248.6 249.3 250 251 251.8 250.4 249.6 249 249.8 249.6 250.9 252 252.9 254.1 254.6 255 255.9 256.4 256.6 257.2 258.2 259.8 261 261 261 260.5 254.5 254.4 254.3 254.1 254 254.5 255.5 257.1 259.5 262.5 266.5 271.8 274.5 279.4 281.9 281.8 280.5 283.7 287.5 289.6 288.3 290 293.5 296.2 300.1 307.6 305 303.5 303.8 305.1 307.9 312.7 318.6 322.4 325.8 328.3 331 333.6 336.1 337.5 338.9 340.4 340.4 340.1 341 342.1 342.6 343 343.2 342.5 341.9 341.2 340
249.8 250.8 252.1 252.1 252.1 251.3 250.8 250.7 251.5 252.6 252.9 253.9 254.6 255.4 256.3 256.6 257.2 257.7 258.1 258.5 259.1 259.6 261 261 261 259 254.4 254.3 254.2 254.1 254 255 256.1 258.3 263.5 265.4 269.3 275.9 276.8 281.8 284 286.4 285 288.4 290.1 290.6 289.3 291.2 293.7 297.4 302.6 306.2 304.2 304.3 304.3 306.7 309.5 314.9 320.6 324.3 327.8 330.4 333 335.1 337.3 339.2 340.7 340.7 340.6 340.3 340.4 341.5 341.8 342.2 342.2 341.5 340.8 339.9 339.5
251.9 253.4 254 253.8 252.9 252 252.7 253.4 253.6 255.7 255.3 255.5 256 256.5 257 257.5 258.2 258.8 259.3 259.7 260.1 261 261 261 260.3 256.5 254.2 254.2 254.1 254 254.5 255.7 256.9 258.8 263.2 266.2 271.5 275.6 279.1 283.5 287.5 289.1 290.5 289.5 290.7 290.9 291.2 292.8 294.7 297.7 302.9 304.5 304.2 306 305.7 308.3 312 317 321.9 326.3 329.3 331.5 333.5 335 337.8 340.2 340.7 340.8 340.5 340.5 340.3 340.7 341 341.4 341.3 340.7 340.3 340 339.7
254.5 255.7 255.8 254.4 254 253.7 254.7 255.8 254 255.1 255.5 255.9 256.4 256.9 257.4 257.9 258.5 259.4 260.3 260.6 260.6 261 261 260.9 259.3 254.2 254.1 254.1 254 254.7 255.2 256.6 258 259 262.9 270.2 272.4 276.2 281.7 287.1 290.7 290.9 291 290.5 290.7 292.2 292.4 294.4 300.5 302.7 304.8 303.9 303.8 305.4 307.1 309.6 315.1 319.5 323.5 326.6 329.1 330.7 334.3 335.6 338.5 340.8 340.7 340.8 339.8 340 340.1 340.4 340.3 340.6 340.5 340.6 340.9 340.8 340.1
255.5 255.4 254.8 254.9 254.6 255.6 256.1 256.7 255 255.5 255.9 256.3 256.7 257.2 257.8 258.4 258.9 259.7 260.6 260.9 261 261 261 261 256.1 254.2 254.1 254 255.3 255.6 255.9 257.2 259.5 262.3 267.4 272.6 275.8 279.5 285 286.8 289.4 291.1 292.1 291.7 291.9 292.6 293.7 295.2 297.9 300.8 300.7 300.7 304.5 306.9 309.3 312 316.8 320.7 323.4 325.7 328.6 331.4 335.6 337.1 339.6 340.8 339.3 338.3 337.8 339.1 339.3 340.6 339.6 340.5 341.3 341.1 341.2 340.7 340.1
255.8 255.1 257.9 258.6 259.6 259 259.3 257.3 255.6 257.2 257.3 257.3 257.3 257.8 258.2 258.8 259.3 260 260.5 260.9 260.9 260.7 260.8 258.8 254.3 254.2 254.1 254.8 255.5 256.2 256.7 258.2 260.5 264.5 269.8 275 277.9 281.1 285.8 288.7 290.9 290.9 291.8 292.8 293.1 293.8 294.2 294.3 294.9 297.8 299.2 301.2 304.9 307.4 310.4 313.2 317.5 320.4 322.6 324.4 327.4 330.7 334.1 335.9 337.5 335.9 336.2 335.9 335.4 337 339.6 340.5 340.6 341.2 341.6 341.4 341.3 340.5 338.6
256 258.7 259.7 260.3 259.4 259.3 260.9 259.5 259.4 259.1 259.1 258.9 258.7 258.5 258.9 259.2 259.7 260.3 260.8 261 261 260.5 260.3 254.8 254.3 254.2 254 255.2 255.7 256.2 256.9 259.1 262.2 266.1 269.3 275.2 279.1 283.5 286.3 288.5 289.7 290.8 291.7 292.2 293.1 293.4 293.8 294.1 295.2 297.1 300.4 301.8 304.8 307.8 310.8 313.3 315.1 318.3 320.6 324.1 326.1 329.1 330.3 332.5 334.1 335.6 335.7 334.9 335.4 337.8 340.8 340.1 340.8 341.4 341.6 341.6 341.3 340.3 336.9
259 260.6 261 260.3 262.5 262.8 262.3 260.7 260.2 260.5 260.7 260.3 259.9 259.7 259.7 260.8 261 260.9 261 261 261 260.5 257.1 254 253.3 253.7 254.5 255.3 255.8 256.4 256.9 258.9 263 265.7 273.6 276.9 279.4 283.1 286.3 288 290 290.3 290.6 291.8 292.7 293.1 293.8 294.6 294 296.6 299 302.3 305.2 308.2 310.8 312.7 314.9 316.4 318.8 321.4 323 325.3 327.1 330.6 332.3 333.1 335.9 335.4 337 338.3 339.4 339.7 340.5 341 341.2 341.2 341.1 338.9 334.6
261.2 262.9 263.7 265.2 265.8 265.3 263.3 262 261.4 260.5 260.4 260.6 260.8 261 261 261 261 261 261 261 261 259.3 255.7 254 253.7 254.5 255.2 255.4 255.9 256.4 257.8 259.5 264.7 272.5 275.2 278.9 280.5 285 285.9 287.5 289.3 289.8 289.7 292.2 293.3 294.1 295.4 295.6 295.5 298.2 301.9 305.3 307.1 309.5 311.6 313.6 315.4 315.2 318.8 318.9 321.7 324.2 325.2 329.3 330.7 330.8 334 335.8 336.7 337.9 339.1 340.6 340.2 340.6 340.6 340.5 340.7 337 334.1
263.5 264.6 265.8 265.8 265.9 265.2 263.3 262.8 261.5 261.1 260.8 260.6 260.8 260.9 261 261 261 261 261 261 261 257.2 255.9 254.2 254.5 255.4 256 255.7 256.1 257.3 259.2 262 267.8 274.3 277.7 280.4 281.8 284.5 285.8 287.4 288.8 290.9 290.5 293.2 295.2 295.3 297.1 297.1 297.5 299.3 302.7 305.3 307.5 309.8 310 312.1 314.2 317.1 319.6 322.4 325.1 327.5 329.5 330.8 331.4 332.7 334.7 335.2 336.2 337.4 338.6 339.7 340.1 340.5 340.4 339.5 338.6 335.6 333.8
