data/290000-510000.asc
ncols 200
nrows 200
xllcorner 290000
yllcorner 510000
cellsize 50
[rows 76 to 113 of 200, columns 84 to 167 of 200]
-2.5 -2.5 -2.5 -2.5 -2.5 -2.5 -2.5 -2.5 -2.5 -2.5 -2.5 -2.5 -2.5 -2.5 -2.5 -2.5 -2.5 -2.5 -2.5 -2.5 -2.5 -2.5 -2.5 -2.5 -2.5 -2.5 -2.5 -2.5 -2.5 -2.5 -2.5 -2.5 -2.5 -2.5 -2.5 -2.5 -2.5 40.6 46.9 53.8 60.6 67.4 72.1 77.4 81.8 85 87.7 90.6 92.9 95.3 94.8 94.4 93.8 94.3 97 99.4 99.7 101.3 101.2 98 94.3 91.2 88.7 83.7 75.6 64.7 52.3 44.1 36.4 29.1 22 16.4 13.1 12.9 11.8 11.2 11.6 10.5 11.8 13.7 17.6 20.6 26.2 32.3
-2.5 -2.5 -2.5 -2.5 -2.5 -2.5 -2.5 -2.5 -2.5 -2.5 -2.5 -2.5 -2.5 -2.5 -2.5 -2.5 -2.5 -2.5 -2.5 -2.5 -2.5 -2.5 -2.5 -2.5 -2.5 -2.5 -2.5 -2.5 -2.5 -2.5 -2.5 -2.5 -2.5 -2.5 -2.5 -2.5 24.4 46.4 55 58.9 67.3 75.6 80.5 84 84.7 85.7 87.5 90.4 93 94.5 94.4 94.6 95.2 94.6 97.6 99.9 100.8 102.1 101.8 99.4 95.1 94.6 92.1 87.7 76.9 66.8 57.2 49.1 40.5 28.9 22.4 16.7 13.2 12.9 11.6 11.2 15.7 10.7 11.7 14.4 17.8 22.4 29.1 33.6
-2.5 -2.5 -2.5 -2.5 -2.5 -2.5 -2.5 -2.5 -2.5 -2.5 -2.5 -2.5 -2.5 -2.5 -2.5 -2.5 -2.5 -2.5 -2.5 -2.5 -2.5 -2.5 -2.5 -2.5 -2.5 -2.5 -2.5 -2.5 -2.5 -2.5 -2.5 -2.5 -2.5 -2.5 -2.5 21.5 42.6 53.8 63 66.2 69.9 75.5 82.9 84.9 85.2 86.5 88.7 90.6 92.9 94 94 94.2 95.8 96 97 98.9 100.9 102.5 102.1 100 96.5 96.4 94.5 90 79.3 68.4 63 53.7 45.5 32.4 23.3 17.2 12.8 11.1 11.1 11.1 14.9 10.9 12 15.3 18.6 23.5 30 34.5
-2.5 -2.5 -2.5 -2.5 -2.5 -2.5 -2.5 -2.5 -2.5 -2.5 -2.5 -2.5 -2.5 -2.5 -2.5 -2.5 -2.5 -2.5 -2.5 -2.5 -2.5 -2.5 -2.5 -2.5 -2.5 -2.5 -2.5 -2.5 -2.5 -2.5 -2.5 -2.5 -2.5 -2.5 3.5 33.6 50.8 66.2 68.2 72.2 79.3 83.6 85.2 84.9 85.1 85.6 87.9 89.8 92.3 93.3 93.2 93.6 96.9 98.2 96.7 97.9 99.7 100.8 101.7 100.4 97.3 96.8 96.1 92.3 81.8 70.8 66.2 58.8 51.6 37.4 25.5 18.6 12.6 10.9 10.9 10.9 11.5 11.2 12.7 15.3 18.6 22.9 28.3 33
-2.5 -2.5 -2.5 -2.5 -2.5 -2.5 -2.5 -2.5 -2.5 -2.5 -2.5 -2.5 -2.5 -2.5 -2.5 -2.5 -2.5 -2.5 -2.5 -2.5 -2.5 -2.5 -2.5 -2.5 -2.5 -2.5 -2.5 -2.5 -2.5 -2.5 -2.5 -2.5 -2.5 2.5 21.1 44.2 67.4 76.1 76.8 83.5 90.8 88.9 87.5 85.9 85.6 85.1 87.7 89.1 91.2 91.7 91.6 94.7 98.4 98.5 96.2 96.9 98.4 99.6 100.9 100.3 96.4 95 95.4 93.1 83.2 72.7 68.6 61.8 56.3 43.4 28.6 20.3 13.8 11.5 10.9 11 11 11.5 12.5 14.9 18.9 22.5 28.7 32.5
-2.5 -2.5 -2.5 -2.5 -2.5 -2.5 -2.5 -2.5 -2.5 -2.5 -2.5 -2.5 -2.5 -2.5 -2.5 -2.5 -2.5 -2.5 -2.5 -2.5 -2.5 -2.5 -2.5 -2.5 -2.5 -2.5 -2.5 -2.5 -2.5 -2.5 -2.5 -2.5 2.3 20.9 40.6 59 76.5 77.8 82.8 98.5 100.7 104 91 87.1 86 85.4 87.2 88.6 90 90.8 91 92 98.2 98.5 96.2 96.2 97 98.1 99.8 98.5 95.1 94.1 94.3 92.6 84 74.5 71 65 59.4 46.8 31.2 22.6 16.3 12.3 11.3 10.9 11.7 16.2 12.7 14.7 19.1 24.1 30.2 33.2
-2.5 -2.5 -2.5 -2.5 -2.5 -2.5 -2.5 -2.5 -2.5 -2.5 -2.5 -2.5 -2.5 -2.5 -2.5 -2.5 -2.5 -2.5 -2.5 -2.5 -2.5 -2.5 -2.5 -2.5 -2.5 -2.5 -2.5 -2.5 -2.5 -2.5 -2.5 1.6 10.8 30 53.6 63.2 71.6 91.5 113.1 119.7 120.7 116.8 93.8 93.6 85.8 85.4 85 88.8 89.8 89.6 91.2 91.1 96.4 98.4 97.7 94.9 95.6 97.6 99.1 96.5 94.3 92.2 93.1 91.9 84.3 75.7 72 67.6 61.8 47.3 33.2 24.1 17.6 13 11.2 11.3 12 15.8 13.1 15.1 18 25.9 32.1 34
-2.5 -2.5 -2.5 -2.5 -2.5 -2.5 -2.5 -2.5 -2.5 -2.5 -2.5 -2.5 -2.5 -2.5 -2.5 -2.5 -2.5 -2.5 -2.5 -2.5 -2.5 -2.5 -2.5 -2.5 -2.5 -2.5 -2.5 -2.5 -2.5 -2.5 -2.5 3 18 43.9 58.2 75.5 93.3 123.9 122.7 121.8 121.9 121.9 101.5 94.8 86.3 85.7 86.4 88.7 85.3 86.2 89.2 91.8 94.2 95.5 94.6 93.8 94.7 96.5 98.5 96.2 93.4 91.3 91.3 90.9 85.1 76.8 71.8 68.5 63 52 35.8 26.3 19.3 14.4 12 11.1 12.2 13.5 13.8 15.8 18 25.8 32.6 35.4
-2.5 -2.5 -2.5 -2.5 -2.5 -2.5 -2.5 -2.5 -2.5 -2.5 -2.5 -2.5 -2.5 -2.5 -2.5 -2.5 -2.5 -2.5 -2.5 -2.5 -2.5 -2.5 -2.5 -2.5 -2.5 -2.5 -2.5 -2.5 -2.5 -2.5 1.2 11 25.1 45.9 66.6 93.8 120.9 129 129.5 124.9 122.1 121.4 114.7 95 89.8 85.6 87.3 83.7 84.2 84.6 86.6 89.6 94.1 95.2 94.2 93.2 93.9 95.6 97.8 95.5 91.9 89.3 89.6 89.6 85.2 76.2 71 67.6 62.9 54.4 39.2 28.3 21.3 16.4 12.8 10.7 12.3 12.5 13.9 16.7 19.1 26.7 31.6 34.7
-2.5 -2.5 -2.5 -2.5 -2.5 -2.5 -2.5 -2.5 -2.5 -2.5 -2.5 -2.5 -2.5 -2.5 -2.5 -2.5 -2.5 -2.5 -2.5 -2.5 -2.5 -2.5 -2.5 -2.5 -2.5 -2.5 -2.5 -2.5 -2.5 0.5 5.1 15.5 25.4 43.8 62.8 96 129.1 129.4 129.3 127.1 122.7 120.9 117.3 103.1 93.3 85.8 87.3 83.4 83.8 84.2 84.9 89.2 90.7 94.4 93.3 92.2 93.1 94.5 95.6 94.7 91.9 89.4 87.7 87.1 85.1 75.8 70 66.9 63.4 55.7 40.6 30.6 23.3 18.5 14.3 13.1 12.9 12.6 16.7 16.5 20.1 26.4 30.8 32.9
-2.5 -2.5 -2.5 -2.5 -2.5 -2.5 -2.5 -2.5 -2.5 -2.5 -2.5 -2.5 -2.5 -2.5 -2.5 -2.5 -2.5 -2.5 -2.5 -2.5 -2.5 -2.5 -2.5 -2.5 -2.5 -2.5 -2.5 -2.5 -2.5 1.3 10.7 11.7 33.2 51.7 74.6 109.8 128.5 129.3 129.8 126.9 122.9 120.4 118.1 114.2 101.2 86 86.5 83.7 83.9 84.1 84.2 87 90.3 94.8 93.1 92.1 92.7 93.7 93.4 93.4 91.3 88.4 86.9 84.8 82.3 73.6 66.9 66.4 66.1 57.4 42 31.3 25.4 20.2 16.2 14.7 14 14.1 14 16.9 21.5 26 30.3 31.8
-2.5 -2.5 -2.5 -2.5 -2.5 -2.5 -2.5 -2.5 -2.5 -2.5 -2.5 -2.5 -2.5 -2.5 -2.5 -2.5 -2.5 -2.5 -2.5 -2.5 -2.5 -2.5 -2.5 -2.5 -2.5 -2.5 -2.5 -2.5 -2.5 3.1 17.3 26.1 42.8 62.8 89 119.8 128 128.6 129.2 126.8 122.9 119.5 116.8 113.6 103.3 85.8 84.6 83.9 84.1 84.1 84.1 85.4 90.5 94.5 93.6 92.2 92.7 93.4 93.4 92 89.7 87 82.6 82.3 77.5 69.2 65.4 65.4 64.7 60.1 45.8 33.7 27.1 21.9 17.5 15.3 15 15.2 15.9 16.8 21.4 25 29 29.9
-2.5 -2.5 -2.5 -2.5 -2.5 -2.5 -2.5 -2.5 -2.5 -2.5 -2.5 -2.5 -2.5 -2.5 -2.5 -2.5 -2.5 -2.5 -2.5 -2.5 -2.5 -2.5 -2.5 -2.5 -2.5 -2.5 -2.5 2.5 5 18.4 34.6 45.7 59.3 75.5 119.4 116.6 127.4 127.6 128.2 126 121.6 118.4 115.6 112.1 106.3 91 85.2 86.1 84.2 84.1 83.8 84.7 89.3 92.9 94.2 93.9 93.6 93.7 91.5 89.9 87.6 85.2 82.8 76.6 73.7 66.1 63.8 65.1 63.1 61.9 48.7 35.8 28.2 23.4 17.9 16.2 16.2 15.9 16.5 17.9 20.6 23.5 26.3 28.4
-2.5 -2.5 -2.5 -2.5 -2.5 -2.5 -2.5 -2.5 -2.5 -2.5 -2.5 -2.5 -2.5 -2.5 -2.5 -2.5 -2.5 -2.5 -2.5 -2.5 -2.5 -2.5 -2.5 -2.5 -2.5 3 8.8 21.5 31 43.5 55 67.4 80.5 107.4 128.9 129.2 126.9 126.7 126.7 124.7 120.3 117.3 114.4 109.8 105.4 92.8 85.1 84.6 84.2 83.9 83.6 84.3 86.8 90.3 92.7 93.5 93 92.2 90.9 88.6 86 83.3 80.5 77.7 68.2 64.5 63.1 63.4 61.5 61 48.7 37.1 29.4 24.8 20.3 17.1 17.3 17.5 18.1 18.6 20.2 22 24.6 26.5
-2.5 -2.5 -2.5 -2.5 -2.5 -2.5 -2.5 -2.5 -2.5 -2.5 -2.5 -2.5 -2.5 -2.5 -2.5 -2.5 -2.5 -2.5 -2.5 -2.5 -2.5 -2.5 -2.5 12.1 21.3 25.3 42 54.8 64.7 66.7 74.5 93.2 108.6 124.4 128.5 130.5 127.5 125.3 124.2 121.8 119.1 115.6 112 107.5 103.1 94.7 84.1 82.2 83.4 83 82.9 83.7 87.9 90.4 91.2 91.6 92.2 91.7 89.8 87 84.4 81.6 78.9 75.5 70.8 64.2 61.3 62.9 59.4 58.3 47.3 37.1 31.1 25.5 20.7 17.8 18.2 18.8 19.5 18.8 20.3 21.9 24.3 25.2
-2.5 -2.5 -2.5 -2.5 -2.5 -2.5 -2.5 -2.5 -2.5 -2.5 -2.5 -2.5 -2.5 -2.5 -2.5 -2.5 -2.5 -2.5 -2.5 1.8 13.8 37.6 49.5 83.3 98.9 97.1 102.8 102.2 104.7 105.5 107.7 118.8 123.2 125.4 129 129.8 126.5 123.5 122.2 120.8 118.9 114.7 110.3 105.2 99.5 93.6 83.7 83.4 82.9 82.5 82.7 84.6 90.3 93.8 92.6 91 90.8 89.7 88.6 86 83 79.9 77.3 75.1 69.7 65.6 59.5 60.6 56.6 57 46.4 38.5 32.1 26.3 21 18.3 18.8 19.5 20.2 20.7 21.5 22.8 25 25.3
-2.5 -2.5 -2.5 -2.5 -2.5 -2.5 -2.5 -2.5 -2.5 -2.5 -2.5 -2.5 -2.5 -2.5 -2.5 -2.5 -2.5 11.4 42.6 62.6 85.8 94 105.6 108.8 100.4 110.7 110.3 104.8 113.5 112.3 112.3 117.2 121.2 125.3 128 127.7 126 120 119.2 119.3 117.9 112.9 108.1 103.3 97.2 87.7 84.6 82.7 80.6 82.2 85.9 90.8 95.7 97.8 97.9 89.9 89.8 88.5 87 85.2 82.1 79.2 76.3 74.5 71.5 66.6 61.1 51.9 53.6 54.6 46.5 39.2 32.8 26.8 22 19 19.3 20.2 21.3 21.8 23.8 25 28.2 28.2
-2.5 -2.5 -2.5 -2.5 -2.5 -2.5 -2.5 -2.5 -2.5 -2.5 -2.5 -2.5 -2.5 -2.5 -2.5 -2.5 15.2 72.8 95.8 98.3 99.9 101 102.8 106.6 109.4 109.6 112 113.9 113.5 112.8 111.8 115.8 119.9 124.1 125.6 125.2 124.4 120.7 116.6 117.2 116.3 111.7 106.9 101.8 96.4 90.6 84.4 84 81.9 82.7 91.6 96.7 99.6 100.2 98.2 88.7 89.2 87.6 85.5 83.5 81.4 78.6 76.1 72.8 70.5 65.1 59.9 56.9 47.3 52.1 45.5 38.6 32.3 26.9 22.9 20 20.2 22.1 23.4 24.4 20.8 24.2 29.2 29.1
-2.5 -2.5 -2.5 -2.5 -2.5 -2.5 -2.5 -2.5 -2.5 -2.5 -2.5 -2.5 -2.5 -2.5 -2.5 18.8 78 93.9 95.2 96.6 99 100.6 102.2 104.8 107.2 108.5 110.1 113.6 113.7 113 112.3 115.1 119.3 121.4 122.8 122.8 122.1 118.9 115.6 115.5 114.1 110.5 105.4 100 94.7 90.1 85.9 82.2 79.7 81.5 90.7 97.8 100 100.2 96.8 87.8 88.8 86.1 84 82.2 80.2 77.6 74.7 65.2 67.3 63.9 60.2 56.5 50 47.5 45 35.9 30.6 25.8 22.8 21.8 20.7 22.9 24.1 25.8 18.4 27.2 25 29.4
-2.5 -2.5 -2.5 -2.5 -2.5 -2.5 -2.5 -2.5 -2.5 -2.5 -2.5 -2.5 -2.5 -2.5 16 55.9 91.8 93.6 95 96.5 97.9 99.5 101.2 103.1 105 108.1 111.4 113.9 113.4 112.7 112.4 114.4 116.7 118.3 119.9 120 119.6 117.2 114.4 110.6 111.7 108.3 103.5 98.5 93.4 89.8 85.9 82.5 79.9 79.9 89.5 97.5 98 97.6 94.7 86.6 85.9 84.7 83.1 80.9 78.9 76.9 75.2 73.5 72 67.3 60.9 56.4 52.3 48.7 38.9 33.9 29.3 25.6 23.7 22.2 21.2 23.4 25.3 26.5 23.4 27.1 28.7 29.2
-2.5 -2.5 -2.5 -2.5 -2.5 -2.5 -2.5 -2.5 -2.5 -2.5 -2.5 -2.5 -2.5 1.2 26.8 81.6 93.2 94.9 96.4 98 99.5 100.8 101.5 102.7 106 109.7 112.1 114 113.2 112.2 111.7 112.9 113.6 115.2 116.8 117.2 116.1 114.7 113.1 109.1 107.4 105.3 100.9 96 92.4 89.3 86.1 82.8 80.3 78.7 84.7 88.9 92.5 94 92.9 85.3 84.7 83.9 82.5 81 78.1 76.9 75.9 75.2 72.8 68.6 62.5 57.4 54.2 50.9 44.4 36.7 30.6 23.8 20.4 19.7 21.2 23.2 25.9 27.3 27.5 26.4 28.1 29.2
-2.5 -2.5 -2.5 -2.5 -2.5 -2.5 -2.5 -2.5 -2.5 0.7 2 3.2 4.1 26.2 65.4 92.2 95.1 97.2 98.6 100.1 101.6 103.1 103.5 104.9 108.1 110.9 112.6 113.9 112.6 111.5 110.7 111.5 112.3 113 113.7 114 112.6 111.2 109.7 107.7 104.2 101.4 97.1 93.5 91.1 88.4 85.7 83.2 80.7 78.6 79.2 79.7 83.4 84.1 85.8 84.1 83.5 82.9 81.9 80.6 80.6 76.7 76.1 75.8 73.4 70.3 66 63.1 57.4 51.6 45.5 37.9 31.6 23.2 19.7 19.7 21.9 25.5 26.8 28.4 27.3 24.1 26.6 27.2
-2.5 -2.5 -2.5 -2.5 -2.5 -2.5 -2.5 -2.5 27.1 30.4 47.8 54.5 63.9 80.3 91.3 94.1 97.1 99.6 100.9 102.2 103.7 105.2 105.7 107.3 110.1 113.2 115.1 114.5 112.2 109.9 108.7 109.2 110 110.8 111.3 110.6 108.9 107.3 105.8 104.4 101.2 97.6 94 91.2 89 86.7 85 81.6 79 80.2 81.5 82.9 84.5 85.2 84.6 83.1 82.5 82 81.1 80 79.3 77.7 76.4 76.3 73.6 69.9 67.2 64.3 60 53.2 46.5 38.5 31.2 25.5 19.7 19.7 19.7 25.7 27.5 29.2 27.4 17.9 24.7 24.9
-2.5 -2.5 -2.5 -2.5 2.1 6.8 17.5 28.6 55.9 74.3 82.5 84.5 87.5 90 93.5 96.2 99 101.9 103.2 104.6 105.9 107.3 108.2 109.8 112.5 115.2 117.3 115 112.7 110.7 108.3 106.9 107.4 107.9 107.8 107.3 105.8 104 102.3 100.5 97.6 94.2 91.2 89.1 87.2 85.5 82.8 80.3 79.5 82.2 83.3 84.4 86.3 85.9 84.4 82.2 81.4 80.5 79.6 78.7 77.7 76.9 76.4 75.9 74.6 70.7 67.7 65.7 61.6 54.2 47.6 39 31.7 24.5 20.2 19.7 19.7 25 27.7 29.6 27.4 22.9 22.6 22.3
-0.6 2.7 12.1 21.7 35.7 54.1 78 75.8 76.8 80.9 82.6 85.1 88.3 91.3 94.7 98 101.1 103.9 105.6 106.9 108.2 109.5 110.7 112.3 115 117.8 119.2 117.4 115.6 112.3 107.7 104.6 104.4 104.9 104.1 103.6 102.7 101 99.3 97.7 94.3 90.8 87.8 87 85.3 84.3 80.2 77.7 82.5 84.5 85.6 86.6 87.2 86.7 85.1 82.3 80.7 79.3 78.4 77.4 76.6 75.8 75.3 74.7 72.9 70.3 67.4 64.9 61.9 54.5 45.1 33.6 28.6 28.3 23.8 19.7 19.7 21.3 27.2 29.9 27.3 22.9 20.8 20.2
30.2 46.3 51.4 59.3 71.7 83.3 81.5 80.4 80.7 81.6 83.1 85.9 89.2 92.5 95.9 99.3 102.6 106 107.9 109.2 110.4 111.7 113 114.9 117.9 120.7 121.9 120.5 116.5 111.9 107.2 103.5 102.8 101.5 100.6 99.9 99.7 98.4 97 94.4 91 87.5 83.9 83.9 83.3 81.9 76 79.9 83.2 85.8 87.6 88.1 88 88.4 85.6 82.7 80.3 78.9 77.5 76.4 75.4 74.6 74.1 72.8 70.9 68.9 66.9 64.6 59.1 43.5 39.1 41.7 36.1 31.7 26.8 21.4 19.7 19.7 25.5 28.9 26.9 22 19.2 18.8
70.8 81.6 77.8 83.3 86.4 85.5 83.9 82 81.1 81.9 83.4 86.7 90 93.3 96.8 100.5 103.8 107.5 110.1 111.3 112.6 113.8 115.3 117.2 119.8 123.2 123.8 121.6 116.4 111.5 107.8 103.4 100 98.6 98 97.1 96 93.4 92.1 91.1 87.7 84.4 81.5 81.3 81.6 77 79.6 81.8 84.1 86.7 88.9 89.3 89 88 86.4 83.3 80.2 78.2 76.7 74.2 73 73.2 72.5 70.9 68.8 66.9 66.5 64.2 58.2 59.6 56.5 49.2 41.9 32.2 28.6 23.4 19.7 19.7 22.6 27.6 25.9 21.7 17.4 17.4
88.8 90 93.7 91.9 90.1 87.8 85.3 82.8 81.5 82.3 84.2 87.6 90.8 94.1 97.7 101.7 105.8 109.4 111.6 113.5 114.7 116 117.9 119.8 121.6 124.7 125 122.7 117.8 113.6 109.4 105.1 98.6 95.7 95 94.3 93.5 92 89.1 85.4 82.2 82.6 79.6 78.3 78 75.6 80 82.6 85 87.7 90.2 90.2 89.4 88.1 86.9 83.7 80.8 78.2 76 72.5 69.2 70.3 69 65.4 62.5 58.2 59.6 63.1 64 65.6 59.2 54.5 46.3 32.4 30.3 25.9 20.3 19.7 21.9 26.4 24.6 21.5 18.5 16.7
94.1 95.6 94.3 92.3 90.7 88.9 86.9 84.1 82.1 82.4 84.9 88.2 91.7 94.9 98.1 103.2 107.8 110.9 113.1 115.3 116.9 118.6 120.5 122.4 124.2 126 128.3 123.3 118.9 114.6 110.2 106 101.2 96.9 92.6 88.9 88.4 88.1 87.4 84.8 81.2 78.1 76.3 74.6 74.1 76.2 79.8 83 85.6 87.9 90.2 91 89.7 88.2 86.8 84.4 81.8 79.2 76.7 74.7 73.1 71.9 70.2 67.3 65.8 66.4 65.6 64.8 64.6 64.1 60.7 55.5 50.1 37.7 31.8 27.9 24 18.2 19.6 23.6 24.1 20 16.8 15.7
97.5 97.6 95.1 92.8 91.1 89.2 87.2 85.2 83.1 83.8 86.5 89.2 92 94.9 98.5 103.9 109.4 112.5 114.7 117 118.9 120.7 122.5 124.2 125.9 126.8 126.8 124.8 120.5 116.1 111.6 107.2 103.1 99.8 96.5 93 86.1 84.1 84.3 81.3 78.4 77.1 76.1 74.5 72.9 75.9 79.7 83.7 86.3 88.5 90.4 91.4 90.1 88.7 86.7 84.7 82.3 79.9 77.5 75.6 74.7 74.7 74.7 73 70.3 69.9 68.7 67.5 64.8 61.3 57.4 54.3 49.2 40.7 33.5 29.2 25.9 20.8 17.5 20.5 22.9 19 17 14.6
97.9 97.3 95.5 93.3 91.3 89.1 87 84.8 82.7 83.4 85.8 88.7 92.7 94.9 99.2 104.5 109.9 114.6 116.9 119 120.3 122.3 124.1 125.8 126.3 125.9 125.1 124.1 120.6 116.4 112.2 107.9 103.7 100.2 96.2 92 88.4 84.3 79.6 77.1 76.2 76.2 75.8 74.4 72 75 80.4 84.2 86.9 89.1 91.4 92 90.4 88.4 86.4 84.4 82.3 80 77.6 77.8 77.8 77.9 77.9 77 74.5 73.1 72.5 72.1 71.7 68.1 59.7 54.5 48.2 41.5 34.1 29.9 26 20.9 19 18.1 20.3 18.3 16.7 15.2
96.5 96 94.6 92.8 90.7 87.7 85.8 84 82.1 82.4 85.1 89.6 93.4 95.9 101.1 105.9 110.6 115.4 119 120.9 121.8 123.5 125.7 125.7 125.3 124.9 123.9 122.9 121 116.5 112.2 108 103.8 99.4 95.4 90.9 87.7 83.6 77.3 74.7 75.1 75.4 75.6 72.5 73.2 74.8 79.6 83.8 87.8 90.5 93.1 92.1 90.1 88.1 86.1 84.1 82.1 80 78.1 79.1 80.2 81.1 81.1 80.9 78.7 78.4 78.3 78.6 77 74.1 66 57.1 50.2 44.3 37.1 28.8 22.7 21.8 17.8 16.8 17.1 16.8 16 16.4
97.3 96 94.3 92.5 90.5 87 84.3 82.1 80.6 82.4 86.2 90.7 94.2 98.4 103.7 108.9 113.9 118.4 121 122.3 122.6 123.9 125.5 125.5 124.5 123.7 122.7 121.7 120.1 116.8 112.3 108.2 104.6 99.5 94.7 90.1 86.8 81.6 75.8 72.2 73.4 74.5 74.6 71.2 74.1 76.4 79.4 84.1 87.7 91.2 94.2 92.1 89.9 87.7 85.4 83.6 81.7 79.8 78.7 79.7 80.8 81.8 82.8 83.8 83.3 82.6 83.2 83.2 81.8 77.7 68.1 57.2 51.2 45.4 31 34 30.1 25.2 20.6 16.9 16.6 19.1 16.5 16.2
98 95.8 94 92.2 90.2 86.8 83.3 80.8 80 82.8 86.9 94.3 98.4 102.9 106.4 110.4 115.9 120.7 123 123.2 123.3 124.7 124.5 123.9 123 122.1 121.3 120.4 119.2 116.8 112 108.8 105.5 99.9 94.1 89 85.4 80.5 74.5 70.4 71.6 72.8 71.8 69.5 75.4 78.1 80.6 84 87.6 91.2 93.5 91.3 89.2 87 84.9 82.8 80.8 78.7 78 79 80.1 81.7 83.3 84.8 85.1 85 85.1 84.1 82.1 80.1 70.1 58.5 51.6 42.5 42.6 39.3 34.2 28.4 22.9 18.6 16.6 16.4 16.1 14.3
98 95.6 93.8 91.9 90 86.6 83.2 80 79.2 82.6 88.5 97.2 103.4 107.9 112.1 115.5 118.7 121.7 124.2 124 123.7 123.1 122.6 122 121.3 120.3 119.6 118.9 117.4 114.6 110.7 107.3 104.1 99.2 93.4 88.4 83.8 79.3 73.1 68.6 69.5 70.7 67.1 73.6 76.5 79.2 81.6 84.1 87.4 90.8 92.4 90.2 88.1 86 83.8 81.7 79.6 77.4 77.6 79.4 81.1 82.7 84.3 85.8 86.9 86.9 86.5 84.5 82.4 80.4 72.7 57.3 49.4 49.6 46.3 44 39.7 33.3 26.5 22.9 18.2 16.3 16.3 14.9
97.5 95.9 93.8 91.6 89.2 85.9 82.5 78.4 79.5 83.1 91.3 99.9 106.7 112.1 117.4 120.5 122.3 124.1 125.2 124.4 123.1 121.8 120.7 120.1 119.7 119 118.3 117.5 115.9 112.6 109.6 105.9 102.4 99 92.4 87.7 83 77.9 71.8 66.3 67.2 65.5 67.5 73.9 76.1 78.4 80.9 83.7 86.6 90 91 88.9 86.7 84.6 82.5 80.4 78.2 76.1 76.9 78.7 80.4 82.2 83.9 85.9 87.4 87.3 86.6 84.6 82.6 80.6 76.1 69.4 56.4 54.5 52.3 48.8 44 37.2 30.4 27.3 23.9 19.9 16.1 14.8
96.1 94.8 92.6 90.1 87.6 84.7 81 76.3 78.9 84.6 94.1 102.5 109.4 115.3 119.8 122.5 123.9 125.9 126.2 123.9 121.9 120.7 119.6 118.7 118.1 117.7 116.9 116.2 114.3 111 107.9 104.4 100.6 95.9 91.3 87 81.5 76.3 70.4 65.7 63.2 63.3 66.6 72.2 75.3 77.6 80.4 83.3 86.2 89.2 89.6 87.6 85.5 83.5 81.4 79.4 77.3 75.2 76.1 77.9 79.8 81.9 83.9 85.9 86.8 87.3 86.5 84.6 82.9 81.2 80.7 77.6 69.1 59.6 57.7 53.9 47.9 41 34.3 30.1 24.8 21.4 17.4 14.5
95.8 93.8 91.1 88.6 86 83.5 78.8 75.6 79.6 85.4 95 104 111.1 117.4 121.4 124.6 125.8 126.9 126 124.1 121.3 119.1 118 117.4 116.7 116.1 115.6 114.9 112.7 109.5 106.2 102.6 98.5 94.4 90.3 85.5 76.5 74.7 70 65.2 61.1 62.2 66.1 70.3 74.4 77.2 80 82.9 85.8 88.6 89 86.9 84.9 82.9 80.9 78.9 76.8 74.8 75.8 77.8 79.9 81.9 83.9 85.3 86.2 87 86.8 85.6 83.9 82.6 82.6 81.3 75.1 65 62.2 58.1 49.7 43.2 36.9 31 25.7 21.5 18.4 15.3
