data/290000-250000.asc
ncols 200
nrows 200
xllcorner 290000
yllcorner 250000
cellsize 50
[rows 35 to 69 of 200, columns 0 to 77 of 200]
545.4 545.1 544.2 542 539.5 536.2 539.4 543.5 549.6 550.2 549.1 549.1 553.8 550.8 552.6 550.7 550.7 549.2 544 539.6 537.3 534.8 529.8 520.7 514.8 511.8 521.2 529.3 536.2 542.6 545 546.9 551.5 554.9 553.9 551.5 546.3 540.8 537.4 537.9 539.6 540.5 540.9 538 530 521.7 516.5 509.3 494.5 481.5 473.2 469.2 468.7 469.3 471.5 475 477.8 480.2 482.8 485 484.4 483 480.5 476.8 471.3 466.8 464.1 461.6 459.3 456 452 448 443.5 436.6 430.7 426.4 420.6 414.8
543.2 542.9 541.8 540.2 536.8 531.7 535.4 540.5 544.7 546.5 546 548.6 556 556.9 554.8 552.1 551.4 549.3 544.2 539.2 534.8 531.2 529.5 522.4 515.9 505.4 511.3 520.7 529.5 534.2 538.4 541.1 545.5 548.1 544.5 540.3 533.4 532.9 529.9 526.7 530.7 533.7 536.5 533.5 523.7 516.2 508.8 498.8 491.1 481.5 474 468.3 465.4 464.2 466.2 468.5 471.1 474.4 478.4 479.5 479.2 477.7 474.3 469.8 465.8 462 459.1 457.1 455.5 453.8 451.3 448.1 443.7 438.3 433.6 429.5 424.6 420
542.3 542.6 542.3 540.4 532.2 529.2 531.4 537.4 540.6 541.6 540.5 546 553.5 558.2 556.7 555.2 552.3 548.1 542.5 538.3 532.3 527.8 524.1 521 519.6 506.9 495.9 507.4 514.7 522.6 528.8 534.6 535.1 532.8 532.8 529.5 525 522.5 517.3 514 520 523.1 526.6 524.9 519.5 510.9 499.2 494.4 490.5 482.8 474.2 467.5 462.7 460.4 461.7 463.9 467.7 471.2 472.6 474 473.2 470.6 466.1 463.1 459.2 457 455.3 453.8 452.3 450.6 450.2 446.8 443 440.2 436.4 432.9 429.1 426
541.2 541.5 540.9 539.9 533.4 529.2 529 532.2 535.7 536.7 539.6 543.5 550.1 552.5 555.1 554.3 552 546.9 540.5 533.5 527.9 521.9 517.9 519.8 517.6 507 487.6 488.5 501.1 510.4 511.4 515.7 521.5 525.7 523.1 519.8 514.9 509.5 502.9 499.3 506.1 514.7 517.7 520.3 520.3 513 499.1 494 489.7 485.3 475.3 468.5 461.5 459.4 460.7 459.9 462.2 466.6 467.9 468.2 468 464.5 460 456.9 455.4 454.2 452.6 450.6 449.9 448.3 447.6 445.3 441.6 439.4 440.4 437 434 434.7
540.9 541.1 541.5 540.6 531.8 525.8 522.5 525.5 529.3 531.4 535.6 539.3 542.6 549.5 551.1 550.7 547.7 543 536 527.6 518.7 510.6 509.7 510.6 510.2 503.9 484 467.3 479.3 481.4 491 505.7 514.1 515.2 512.4 507.7 500 492.7 489.4 487.9 495.1 502.1 510.1 516 515.3 509.5 500.3 493.6 490.7 486.5 476.6 469.5 463.4 460 459.4 457.6 458.5 461 462.8 463.1 461.9 459.1 456.1 454.1 453.1 452 450.6 448 446.1 444.9 443.9 442.5 440.2 439.2 440.7 440.3 438.1 439.2
541 541.6 542.1 541.1 533.4 525.9 519.5 521.2 524.3 527.1 531 535.5 538.3 544 543.6 542.1 539.5 536.2 529.9 522 513.3 504.3 499 501.5 498.8 491.6 478 456.9 460.6 468.9 486.2 498.4 502.9 502.2 498.3 492.5 484.5 476.1 477.8 479.6 487.4 496.1 505.4 511.4 511.6 506.2 496.7 491.8 487.6 483.2 476.3 469.2 464.7 461.6 458.5 455 454.1 456.6 458.9 458.7 457.5 455 452.4 451.2 450.7 450 448 445.3 443.5 441.6 441 439.9 440.1 439 440.9 441.3 441.6 443.9
541 541.6 541.7 539.9 534.9 525.3 518.9 519.6 521 523.2 527 530.9 533.7 536.5 534.1 533.9 530.7 527.2 522.8 512.4 504.8 493 487.7 491.3 487.6 481.8 469.9 459 448.8 459.5 474.5 488.2 491.3 489 483.9 474.7 466.8 467.4 471.3 476.2 483.5 491.8 501.5 508.3 510.3 502.5 497.5 490.9 484.8 479.7 473.2 468.2 463.9 460.8 456.6 452.1 449.9 452.5 455.3 455.3 453.6 450.6 449.2 447.7 447.5 446.4 444.7 443 442.1 440.3 439.2 438.8 439.8 440.5 441 442.5 445.5 448.3
539.4 541.1 540.5 537.8 533.6 526.8 516.1 511.3 515.2 519.3 523 526.5 527.4 526.9 527.5 528.8 523.9 519.4 513.7 506.8 499.6 487.6 478.5 479.2 480.4 476.8 467 452.5 439.5 449.1 465.8 477.4 479.6 475.9 468.6 457.7 457.5 462 467.6 473.6 482.3 493.1 502.5 507.4 508.1 504.1 500 491.7 482.4 477 472.1 467.1 463.5 460.1 456.7 452.2 450.3 450.3 451.9 452.4 451.8 449.8 447.6 445.3 444.9 444.2 442.3 440.5 439.6 439 438.3 437.5 438.6 439.2 441.5 443.1 447.1 450.4
536 538.1 537.9 535.7 531.7 524.4 515.8 509.2 509.8 513.9 516.9 519 519.9 520.5 520.2 520.6 518.2 514.7 510.6 503.4 495.1 482.9 472.5 468.4 470.2 470.7 463.6 449.8 429.1 437.3 454.5 464.6 465.9 459.8 452 449 454.6 459.5 464.7 473.5 485 497.4 502.4 504.9 504.7 501.6 494.2 486.4 479 473.7 470.5 466.3 462.9 459.3 456 452.4 450 450.6 450.9 450.2 449.6 447.7 445.7 443.6 442.4 442 440.5 438.5 437.2 436.9 436.3 435.7 437.6 438.8 440.8 444.1 448.4 451.9
532.1 534.1 534.2 532.7 529.6 523.6 516 502.9 502 506.7 508.8 510 511.2 512.7 515.3 515.9 514.8 512.4 507.6 499.4 490.5 479.6 469.2 461.9 458.3 463.4 458.2 445.4 428.3 422.5 440.6 452.5 450.6 444 437.1 443.4 450.4 458 467.3 478.5 490 501 502.8 501.6 500.3 495.8 486.8 480.6 476.6 470.6 467.6 465 462 458.4 455.3 452.5 450.3 446.1 445.6 446 446.1 444.3 443.4 442.1 440.9 439.6 438.7 437 435.6 434.8 434.3 434.2 436 437.2 440.3 443.3 448.5 453.4
529.5 530.4 530.7 529.6 526.8 522.3 515.7 505.3 496.7 498.1 500.6 504.7 508.1 511 512.3 512.7 512.3 509.7 506.2 500 492.6 484.5 470.7 460.2 449.2 447.9 447.9 436.9 427.5 410.9 423.6 435.5 433.7 426.1 430.5 437.6 445.4 459.5 471.9 482.9 492 501.2 500.6 497.4 492.4 487.7 480.2 476.2 472.2 468.1 465.3 464.1 461.8 457.6 453.8 450.4 447.1 442.2 440.3 441.9 442.5 442.1 441.2 440.6 439.4 438.1 437.3 435.5 434.2 432.8 432.3 432.6 433.3 434.6 438.1 442.5 448.2 453.1
528.1 528.3 528.6 527 524.9 521 514.4 503.3 491.1 489.4 494.1 499.7 502.5 504.6 506.4 506.9 506.9 505.2 501.6 500.8 497.7 491.7 481.9 469.8 450.9 437.9 432.8 427.5 419.8 411 407 417 419.4 419.2 426.4 432.6 446.5 462.2 471.6 483 494.5 499.5 495.5 489.5 482.3 478.1 475.1 471.7 468 465.8 464.4 463.1 460.6 456.6 451.9 448.9 445.6 441.3 439.7 440.6 439 440.4 441 439.3 438.3 437.6 437.4 435 432.9 431.4 430.3 430 429.7 430.6 434.6 440.4 447.2 452
526.8 527 526.2 524.9 522.6 519.4 513.7 506.5 494.8 481 485.3 491 493.9 495.2 497.4 498 498.6 499 499.6 497.7 494 490.5 485.4 476.4 461 436.6 420.2 413.3 407.9 401 397.1 400.3 402.8 414.8 420 434.2 446 457.4 467.4 481.4 491.4 491.4 484.5 477.2 471.9 470 469.5 468.5 465.4 464.4 463.1 461.6 459 454.1 449.6 446.3 443.2 440.1 438.2 436.1 436.1 438.1 438.2 438.4 437.9 437.8 437.3 434.9 432.5 430.2 429.5 427 427.1 427.7 430.7 439.5 446.3 450.8
525.6 524.8 524 523 520.1 516.8 511.4 504.2 495 483.6 477.5 480.6 483.6 485.7 486.7 487.3 487.3 490.7 491.6 491 486.3 483.2 481.6 478.9 472.1 454.5 439 420.3 403.4 398.3 389.4 392.1 396.5 406.3 418.8 428 438 450.1 464 477 481.3 475.2 471.9 464.2 458.8 461 461.1 461.4 461 460.9 460.8 460.7 457.9 452.6 447.5 443.1 440.4 436.9 432.1 430.6 433.5 435.1 435.5 436.1 438 438 437.3 434.9 432.8 430.9 429.1 421.6 421.5 423.1 427.1 438.4 443.3 450.8
523.6 522.9 522.1 520.6 518.3 513.7 510.2 503.4 495.2 486.5 477.2 470.6 472.9 480.2 480.2 479.9 478.5 477.4 478.4 478.5 475.5 472.7 473.9 472.6 471 468.4 456.4 438.9 419 398.8 389.4 384.9 389.7 396.8 406.5 416.6 428.6 440.7 449.9 453.6 454.3 452.4 449.3 446.7 446.8 450.5 452.4 453.7 456.1 457.6 457.8 457 455.1 451.5 446 440.4 436.7 434.5 429.5 429.5 430.9 432.1 433.3 435 438.3 438.1 438.4 435.5 433.6 430.1 425.4 420.8 412.7 416.6 423.5 432.2 439.2 447
521.3 520.9 520 518.7 515.6 511.8 507.6 502.6 495.1 485.4 477.2 469.1 467.1 468 467.2 467.8 467.3 470.1 471 466.3 462.8 461.8 465.4 469.2 472.1 470.3 463 452.6 432.9 407.8 387.4 379.8 381.9 383.5 388.8 398.6 406.6 413 418.4 424.3 427.1 426.9 428.1 432.7 436.2 440.3 445.1 447.9 450.7 452.7 453.3 452 451.3 448.5 443.1 438.6 435.1 432.8 427.6 428.4 430.4 429.3 432.1 434.7 438.3 439.9 440.5 437.4 433.1 428.7 421.7 416.3 409.8 409.5 413.3 419.9 431.2 440.2
519.6 519 517.5 514.9 512.2 509.7 505.6 500.4 491.2 482.8 473.6 467 463.6 461.9 461.3 460.8 460.9 460.2 458.5 457.6 455.5 454.1 457.7 461.9 467.7 465.3 459.1 452.5 439.5 410.1 392.5 380.1 371.9 365.4 369 369.1 373.4 383 390.6 395.4 400.4 401.9 413.3 418.7 427.5 433.7 437.9 441.1 444.1 446.7 446.6 446.4 446.6 444.7 440.3 436.7 433.7 430.9 426.4 423.3 427 427.7 430.5 433.9 438.1 440.8 441.2 439.6 435.6 429.1 419.1 414.1 407 399.1 402.6 405.8 416.1 426.7
513.3 513.6 513.2 511.4 509.8 507.8 504 498.8 490.4 483 474.7 467.2 461.7 459.5 458.4 458.1 457.8 456.5 453.9 451.4 451.1 445.5 445.3 450.4 455.8 453.6 449.6 442.4 429.5 407.1 392.6 380.8 368.9 350.5 345.3 347.3 352.6 360.2 366.8 373.1 376.7 383.9 393.3 406.9 418.7 424.7 429.7 433 436.5 438.6 437.8 438.1 439.5 439.5 436.7 433.4 430.3 426.3 420.9 420.5 421.8 425.3 429.5 434.2 439.7 442.2 443.8 443.6 440 434.2 420.9 411.6 405.3 394.9 393.5 392.2 396.4 404.2
509.7 510.6 510.3 509.6 511 509.4 505.2 499.3 493.5 488.2 479.5 470.9 465.1 461 457.9 457.9 458 457.9 453.6 450.9 440.9 431.1 426.9 432.6 437.2 436.3 432.9 426.6 414.4 398.5 388.6 380.4 363.9 346.1 339.1 340.8 340.8 342.4 348.6 355.4 361.6 368 381 395 405.9 414.1 419.2 423.9 426.7 429 427.6 429.6 431.7 430.2 429.2 429.1 426.9 423.6 418.4 415.4 420 423.3 429.3 435.8 441.5 445.8 448.9 449.9 446.3 440.4 428.4 414.8 404.6 396.2 388.2 384.7 384 383
506.4 508.5 509.4 511 511 509.2 507.2 502.9 499.4 491.9 484.1 478 472.3 467.1 462.4 459.7 460.1 459 458.7 457.7 452.6 439 431 420.8 419.6 418 411.9 404.9 397.9 398.4 398 388 369.4 349.1 340.6 337.8 333.8 331.3 335 341.8 348.5 354.8 366.3 378.1 391.1 399.4 407.9 413.5 414.5 417 417.3 420.1 421.3 422.7 423.3 426.3 425.9 423.6 417.4 409.3 413.5 419.3 428.7 437.6 444.7 449.8 452.6 456 451.9 446.2 436.1 423.7 408.8 397.5 389.6 384.9 377.9 377.1
505.8 509.4 510.1 510.9 511 509.4 509.2 505.4 499.9 494 487.9 484 481.3 476.7 473.3 469.3 467.2 468 466.3 466.2 463 455.8 446.5 431.3 414.6 409.7 409.8 409.3 407 408.5 411.1 400.4 376.4 353.3 342.4 335.7 329.4 328.2 328.1 331.1 336.6 342.8 349.6 361.9 374.1 384.8 393.3 395.5 398.6 402.8 406.1 409.2 413.7 416.2 419.2 422.2 423.4 421.5 415.5 402.5 411 415.5 426.3 438.2 448.9 456.3 460.2 460.7 457.1 451.4 444.3 434.3 422.3 405.9 390.3 382.1 380.6 373.4
507.5 510.4 513.4 515.8 514 510.6 510.9 508.4 503.5 497.9 492.1 490.3 488.6 487 483.5 479.3 477.2 477.8 476.5 479.6 477.3 472.5 467 457.7 435.3 421.4 420.6 416.5 420.5 421.7 426.1 413.3 385.3 354.4 344.4 336.6 330.8 327.8 327.8 326.8 326 332.7 339.3 346.4 355.1 363.9 369.8 375.6 379.8 385.5 390.2 395.5 401.1 408.8 414.8 419.2 420.5 416.9 413.1 399.3 405.6 411.6 429.2 444.4 454.2 461 464.5 465.3 460.9 457.4 451 444.8 436.7 427.6 411.6 394.2 380.5 372.4
509.7 510.2 515 517.6 515.4 511.3 510.9 511 508.9 502.5 497.5 494.8 494 492.4 488.9 486.7 487.4 488.2 488.8 489.8 489.4 486.7 483.3 476.6 461.3 440.2 433 429.5 431.3 434.9 439.3 428.3 389.8 361 346.8 339.4 332.6 328.8 328.4 327.6 320.2 324.3 329 333.6 341.8 347.3 352.3 359.2 363.8 366.8 373.7 374.1 388.5 397.6 408.1 413.8 416.6 412.4 404.8 397.2 397.4 412.9 432.1 446.8 455.5 461.3 465.9 467.9 465.6 460.9 457 451.3 446 441.5 432.3 418.2 402.9 385.8
508.8 510.1 512.5 513.3 511.9 511.1 511 509.4 508 502.9 499 498 497 497.2 494.1 493.9 497 498.1 498.6 498.7 498.3 496.7 494.1 487.5 473.9 454.5 440.6 439.5 443.8 450.4 456.9 436 393 366.5 352 343.4 337.4 332.7 331.7 330.6 326 318.9 321.3 325.2 332.6 339 343.1 347.7 351.2 353.2 358.2 366.1 376.7 387.3 399.1 410.5 413.8 411.5 398.2 390.6 392.3 408 431.3 445.4 455.4 459.7 461 465.6 465.7 461.2 458.1 453.7 448.9 446.4 440.1 428.7 417.5 401.7
501.2 501.6 506.3 508.5 508.6 509.7 509.6 507 503.9 500.7 499.5 498.9 499.2 500.5 500.3 500.3 504.3 504.8 507.4 508.4 509.1 504.5 499.4 490.1 478.5 461.5 449.4 453.8 458.4 464.4 466.1 439.8 398.5 374.8 359.4 349.9 342 340.5 336.5 334.6 330.6 321.5 318.9 319.1 324.3 330.3 335.3 340.2 343.6 346.3 352.3 360.8 371.8 384.9 396.7 408.7 413.3 411.1 399.1 390 384.8 404.4 426.3 440.2 446.9 452.6 460.6 460.7 461.2 457 453.1 449.8 446.5 441.9 433.7 423.3 412.9 397.3
494.1 496.4 500 503 505 507.8 509.1 507.5 502.6 500.3 500 499.1 504.9 506.1 506.4 508.1 511.1 513.3 515.8 516.3 512.5 507.9 502.6 492.3 480.3 465.7 463.2 468 472.9 480.3 471.6 439.5 400 377.4 365 356.1 351 349.9 346.2 343.5 336.8 328.5 320.7 311.7 313.8 321.4 328.5 333.4 338.4 342.2 347.4 355.3 375.4 389.9 402 410.9 415 412.8 404.5 392.1 379.3 390.4 411.7 425.9 435 448.5 456 454.3 449.9 445.4 441.2 439.1 436.9 430 418.3 405.2 392.6 381.2
482.3 484.9 487.6 495.6 500.6 504 508.5 507.9 503.1 505.2 506.1 508.7 511 510.2 509.3 512.3 516.5 520.2 520.7 519.8 516.2 511.7 504.7 494.1 483.1 478.1 479.4 484 486.3 490.7 471.7 433.1 400.1 382.6 369.7 368.4 363.1 363.7 361.6 356.1 348.7 342.6 333.2 319.9 309.4 315.3 322.6 327.2 332.3 337.1 342 353.2 374 391.9 404.9 414.4 419.1 416.4 409.9 392.8 370.4 376.7 390.3 407.9 431.6 442.7 444.2 440.9 435.1 428.6 425.7 421.3 414.4 405.5 395.1 382.2 374.5 364.9
468.1 475.4 481.7 487.6 495.4 500.2 502.6 502.5 504.9 508.2 510.7 511.7 514.1 514.2 514.3 516.8 519.7 520.9 520.7 520.2 517.9 513.1 503.6 495.5 490.3 490.6 492.4 494.4 492.9 485.2 466.3 424.8 399.4 388.4 380.9 381 378.7 379 376.4 370.1 363.5 360 352.6 338.6 310.4 309.6 316.6 322.6 326.8 331.9 337.3 349.8 372.3 394.9 406.6 417.7 426.7 427 416.2 399 375.3 361.1 376.5 400.1 417.8 427.4 425.6 421.1 415.4 409.3 402.8 395.3 386.9 379.4 369.8 364.9 359.5 355
463.3 471.2 480.9 489.7 497.8 499.8 499.2 501 504.3 508.5 511.3 513.7 516.2 518.4 519 522.3 523.6 521.2 520.2 518.8 515.8 511.5 506.2 500.4 499.3 498.9 499.7 499.1 494.4 481.4 457.7 422.5 406 397.5 397.1 394.4 395 393.4 388.4 382.9 378.9 374.8 370.9 347.3 322 309.5 309.8 316.6 320.1 325.6 332.3 351.4 374.5 395.6 415.2 427.7 436.9 436.1 428 408.7 383.2 364.7 360.9 377.4 394.1 402.6 400.4 397 393 385.4 377.8 371.2 362.6 358.9 353.9 353.6 353.8 351.5
460.8 471.9 484 491.2 494.8 495.5 499.1 500.7 501.1 506.6 510.6 513.6 516 517.7 519.3 521 521 519 516.5 514.4 512.8 509.6 505.4 502 502.1 503.8 502 495.8 489.1 471.6 444.8 422.6 413.3 408.7 408.7 406.1 404.9 400.4 395.9 391.2 387.7 387.6 375.8 348.2 325.3 313.4 305.8 307.2 314.6 319.5 329.6 353.1 381.5 401.6 422.4 434.7 443.3 444.2 439.5 422.9 394.7 376.9 354.3 351.7 357.2 369.6 372.9 365.4 360.5 356.1 352.5 349.1 345.6 343.9 346.2 349.1 350.7 350.9
463 476.7 484.1 489.2 489.6 492.9 496.9 498.3 498.8 504 510.2 511.2 513.1 515.5 517 517.2 515.8 513.5 511.1 508.9 507.8 504 500.9 502.5 503.5 503.4 500.1 492 474.4 450.5 432.2 420.8 414.3 412.5 412.5 410.9 405.3 400.8 400.1 396.5 392.3 391.3 368.6 344.8 325.7 315.5 309.2 299 308.4 314.8 329.9 360.6 389.3 411.7 429 439.6 448.2 447.1 444.7 439.1 409.4 391.5 372.2 346.1 330.3 339 339.9 337.4 336.9 335.9 336.2 337.3 335.7 337.8 341 345.7 348.5 349.8
467.9 475.2 479 482.6 487.8 490.8 494.5 495.3 498 501.8 506.6 507.3 508.6 509.4 509.3 508 506.7 503.5 502.3 500 499.1 499.3 500 500.8 502.6 498.6 495.5 478.4 453.9 436 424.5 416 413.6 411.8 410 404.6 399.1 397.6 398 395.6 391.5 381.4 360.8 342.1 324.1 312.4 306.5 299 302.8 309.4 329.3 364.7 393.9 414.9 426.7 440 444.9 442.1 442.9 435.2 423.7 402 383.6 360 330.1 313.9 317.2 318.3 321.2 326.3 330.3 331.9 333.2 335.5 339.5 344.8 350 350.2
465.2 474.1 479.6 481.1 486 489.3 490.5 492.1 493.4 497.3 500.7 501.7 500.9 499.5 495.7 492.9 490.3 489.6 488.2 491.9 495.3 499.2 499.2 500.3 500.1 496.5 489.1 460.7 445.4 430.8 420.1 413.3 410.5 407.2 401.1 396.1 392.8 392.8 390.7 387.4 379.2 368.3 353.9 338.6 323.1 309.6 301.7 295.7 298 307.1 329 363.7 383.5 396.6 413.6 427.8 434.2 434 431 419.5 403.1 387 364 342.7 322.7 308.9 309.2 311.6 315.4 320.6 325.3 329.7 331.3 333 337.7 345.6 353.5 358.1
468.1 474.9 478.4 480.2 481.5 484.1 486 485.1 488.8 490.9 492.7 490.5 487.3 483.8 479.4 475.8 478.1 479.2 482.8 487.1 491.8 497.3 500.6 499.2 496.8 490.8 473.6 452.6 440.4 428.1 419.2 412.8 407.6 399.5 392.6 388 384.7 382 378.1 372.9 367 360 347.2 335 319 307.3 299.3 292.7 290.7 300.6 317 335.7 355.2 371 386 402.8 411.8 410.5 399.1 389.2 374 355.4 336 322.1 309.4 299.9 302.4 307 310.9 316.1 322.2 326 328.6 329.8 337.4 345.2 351.9 356.7
470.9 473.2 476.4 475.8 476.8 479.1 478.1 478.4 481.6 482.6 481.9 476.8 470.9 465.7 466 467.4 470.8 474.6 479.6 484.9 490.4 492 492.9 489.6 487.9 480 458.7 448.6 437.1 430.2 421.6 416.5 408.9 399.8 393.8 387.3 379.8 373.2 369.8 359.8 358.2 352.8 343.4 328.2 315.5 307.8 299.9 296.1 289.6 289.3 296.3 317.3 326.1 337 355.1 371.8 380.1 375.3 362 351.7 337.3 324.6 314.7 304.3 298.4 296.2 299.4 304.2 307.7 311.8 319.2 323 326.5 329.4 334.1 341.6 347.4 350.9
