data/290000-920000.asc
ncols 200
nrows 200
xllcorner 290000
yllcorner 920000
cellsize 50
[rows 140 to 174 of 200, columns 78 to 155 of 200]
316.5 315.4 310.1 301.7 294.3 289.2 284.7 280.9 278.5 276 276.3 279.5 284.4 290.3 295.5 299.1 301.2 315.1 327.8 339.1 349.2 359.9 368.1 375.7 382.4 388.4 393.3 395.4 398.1 397.9 394 384.1 371.7 358 342.7 327.7 312.5 302.1 292.2 283.8 275.3 269.8 264.2 253.7 244.4 237.9 240.7 248.5 258.4 262.5 260.7 256.9 252.3 247.5 242.9 241.4 242.9 243.6 243.2 241.6 240 238.9 239.1 240.6 242.1 243.7 245.4 249.2 253.5 260.1 264.6 266.9 267.2 267.4 267.4 266.9 266.9 266.9
310.5 310.2 306.1 299.5 293.7 288.3 282.8 278.3 275.1 270.1 269.7 273.7 278.1 282.3 286.1 286.3 297.5 308.8 320.1 331.4 341.2 352.9 361.8 370.5 378.4 386 390.5 393.7 397.1 398.1 394.1 386.5 375.7 362.7 349.2 334.4 320.7 310.4 300.1 291.1 284.7 279.3 274.1 268.3 259.7 250.1 238.5 235.8 246.2 250.3 250.9 248.5 243.6 238.1 232.3 231.8 232.2 233.7 234.9 234.3 232.9 232.2 233.1 233.6 235.1 237.6 240.2 247.4 254.6 260 263.8 264.6 265.6 265.9 264.1 263.8 263.9 263.9
302.9 304.1 300.8 296.2 290.5 284.9 279.2 274.4 270.5 266.2 261.3 268 272.1 276.1 277.8 282.1 291.9 301.8 313 323.4 332.8 344.6 358.9 368.8 377.5 384.5 389.2 393.1 396.6 396.8 393.6 387.8 378.5 366.2 352.8 340.5 328.9 318 307.1 299.4 294.1 288.7 284.4 278.6 272.1 265.3 254.9 239.3 228.8 237.6 240.1 239.1 233.6 227.7 222.7 222 221.5 222.9 225.4 226.4 226.4 226 227.2 226.9 227.2 234.3 244.1 249.8 254.1 258.1 261.2 262.5 263.5 263.4 260.9 261 261.5 261.9
291.2 292.7 293.9 292 286.8 280.6 275.3 269 265.7 261.2 253.9 259 264.6 267.9 268.8 277.8 287.2 295.6 306.3 318.1 332.6 345.8 360.3 369 377.5 383.7 387.5 391.4 395.2 395.8 392.9 387.7 379.1 368.9 356.3 344.5 334.7 323.9 314.5 308.3 303.1 298 293.9 288.1 282.8 275.8 264.9 248.9 223.4 224.1 228.8 230.2 224.6 219 215 214 214 214.7 216.1 218.1 219.1 220 219.6 219.8 229.5 238.3 243.8 248.5 252.1 255.9 258.7 260.9 261.7 260.7 259.4 258.4 258.8 259.2
273.5 277.5 281.4 281.7 278 273 267.6 262 258 254.7 248.4 248.9 251.4 254.7 269.1 275.8 287.3 297.7 310.2 326.7 340.2 353.6 364.1 371.2 377.5 380.7 383.8 387.7 392.4 393.8 392.1 388.2 381 371 359.8 349.5 340.1 332.1 323.6 317.7 313.3 307.3 300.6 294.3 287.2 277 263.7 250.8 237.9 219.4 214 217.8 216.2 211.7 208.8 207.8 207.7 207.6 208.4 210.6 212.9 212.8 214.8 223.8 231 237.8 243 246.8 250.4 253.8 256.6 259.1 259.9 259 258.1 256.6 256.2 256.4
252.2 262.6 267 270.6 268.9 264.5 259.6 255.2 251 247.6 246 241.1 251.5 261 271.2 280.1 291.2 301.7 316.2 331.8 345.9 357.6 365.9 371.4 375.1 375.3 378.8 383.2 387.7 389.6 390.3 387.3 381 372.6 362.9 354.8 347.9 341.5 336.2 330.2 324 313.5 303.4 293.8 285.4 272.7 259.8 246.3 234.5 223.2 209.4 203.3 205.9 205.9 204.2 203.5 203.3 202.3 202.6 203.5 206.2 209.5 216.2 223.1 230.2 236.8 241.3 244.8 248.2 251.6 254.7 257 258 257.6 256.7 255.4 254.2 254
227.8 239.5 248.4 258.7 260.5 257.2 252.8 248.1 243.6 240.6 240.7 241.9 249.3 258.8 268.4 278.1 290 304.5 318.1 332.1 346 357 363.2 367.4 369.3 369.8 374.2 378.4 382.2 385.1 386.2 384 379.2 373.1 365.8 360.4 355.4 350.1 345.6 337.8 327.2 314.8 300.7 287.5 276.2 266.1 252.5 236.9 229 222 215.9 212.3 207.6 200.4 199.9 199.4 198.9 197.2 199.9 202.1 203.6 208.9 216.1 223.1 229.8 235.1 238.9 241.7 244.9 248.5 252.5 254.7 255.6 256.2 255.4 254.3 252.4 252.1
212.3 221 230.6 243.9 250.8 251.8 249.3 244.5 239.2 236 233.1 238.8 245.9 253.1 263.8 273.5 283.9 297.9 312.3 328.2 341.3 351.1 355 357.5 357.9 362 366.7 370.8 374.9 377.5 380.4 379.6 377.1 372 368.6 365 359.2 354.8 348.6 336.5 321.8 309 294 279.6 267.2 257.5 246 230.2 223.3 218.9 214.8 209.8 208.8 199.8 195.8 195.2 196.7 196.2 200.4 200.2 203 208.3 215.4 222.2 227.8 232.4 235.5 238.6 241.8 245.4 250.2 253.5 254.6 254.9 254.4 253 250.3 249.7
206.1 207.3 214.2 227.2 243.6 244.3 243.5 239.9 238.2 234.8 228.8 236 242.2 249.6 257.7 266.5 275.7 287.9 303.2 318.9 331.7 338.4 342.3 343.8 345.7 350.1 355.8 360.9 365.7 369.7 372.4 373.1 372.6 371.9 370.6 367.9 362.2 355.2 343.4 330.7 309.7 295.4 283.4 270.1 258.2 247.7 238 228.5 219.9 217.2 214.6 210.9 204.1 204 201.8 196.4 192.6 195.9 197.6 195.6 201.2 207.6 214 220.9 226 230.4 234.2 236.7 238.9 242.9 248.1 252.4 253.8 253.7 253.3 251.9 249.6 247.3
199.1 194.6 199.6 214.1 232.6 236.8 237.3 236.5 235.6 234 225.9 231.1 237.2 244 251.3 257.9 266.2 277.7 290.1 305 316.5 323 326.6 328.3 331.3 335 340.5 346.9 353.3 360.6 364 367.4 369.3 370.7 371.6 369.4 361 348.4 335.1 315.1 296.5 285.3 272.3 259.7 248.8 238.5 230.7 225.2 217.9 215.3 212 207.6 203.9 202.4 203 199.4 190.7 193.3 196.8 196.9 200.9 208.3 214.7 220.2 225 229.1 232.7 235.6 238 240.7 246.6 250.6 252.7 252.6 252.2 251.5 249.8 247.3
187.3 185.4 187.9 199.6 216 228 232.2 231.6 229.6 228.8 225.9 224.5 229.9 236.6 243.9 251.3 257.5 267.3 279 291.2 300.3 306.2 309.8 314.1 317.1 320.6 324.5 332.5 342.1 350.1 356.5 359.6 364.8 369 370.1 365.2 351.9 338.7 320.7 304.4 292.3 275.1 259.8 247.8 238.8 230.8 225.7 221 216.1 212.1 209.1 206.3 203.9 200.8 199.7 198.9 189.5 188.8 196.6 195.3 200 209.3 216.8 221.1 224.8 228.5 231.8 234.2 236.7 240 245.5 249.3 250.9 251.5 251.2 250.7 249.1 245.9
178.4 179.2 181 181.8 199.6 216.8 222.5 225 224.6 224.4 223.1 215.5 221.5 226.9 234.4 241.9 248.4 256.6 267 276.5 284.1 287.9 294.1 299.2 303.1 307.1 312.7 322.4 333.3 342.4 349.4 353.7 358.2 361.6 362.1 355 341.6 324.3 306.7 292.6 274.1 261.3 248.5 237.9 230.8 225.9 222.1 218.9 214.9 209.3 207.7 205.8 202.7 200.6 199.3 198.4 192 192.5 196.7 194.7 198.8 206.7 214.8 219.6 224.4 227.5 230.1 232.4 234.8 239.8 244.9 248.1 249.4 250.2 250 249 246.9 243.7
184.4 177.4 169.5 170 188.5 206.2 215.1 219.4 220.5 221.4 220.3 217.9 210.5 216.6 223 230.4 238.9 246.7 254.7 261.9 266.2 270.1 277.1 284.1 291 297.1 304.7 315.9 327.6 336.9 342.3 346.5 350.2 351.7 349.5 342.5 329.5 311.7 290.5 273.4 259 243.7 236.3 230.9 226.1 222.4 218.7 216 213.1 207.5 204.6 202.4 200.6 199.4 198.5 197.2 194.1 189.7 192.6 193.1 196.6 204.2 212.3 217.9 221.6 224.5 227.8 230.5 234.4 239.8 244.2 246.4 247.6 247.9 248.4 245.6 242.5 238.4
192.6 185.5 175.8 168.4 174.9 194.4 206.1 213 218.9 220.7 220.4 218.5 213 208.5 215.2 222 229.1 236.5 244.6 251.2 254.3 257.7 264.6 273 280.9 290.8 300.5 311.1 321.9 331.7 337.5 339.6 339.5 336.8 335 326.1 313.3 296.6 275.1 255.7 242 233.1 228.7 225.3 221.2 218.3 215.1 212.7 209.6 205.9 202.7 200.7 198.8 197.9 197.4 196.7 193.7 185.4 189.4 190.6 193.8 199.7 209.4 214.3 218 221.7 224.9 228.1 233.9 239.2 242.5 244.4 244.7 244.8 244.2 241.1 237.7 235.3
197.2 188.9 179.1 173 163.7 182.5 197.7 207.1 216.6 220.1 222.9 218.9 215.4 208 205.8 214.5 220.7 227.6 235.6 242 246.8 251 256.2 264.3 275.6 288.5 299.2 308.4 318.9 328.8 334 333.9 330.5 322.9 312.8 304.6 292.5 279.1 254.9 242.7 232.1 225.3 222.1 218.8 215.8 213.2 210.7 208.5 205.7 203.1 200.8 199.2 197.4 195.8 196.8 196.5 195.8 182.7 181.5 187 191 196.5 206.2 211.2 215.2 218.7 221.9 226.3 232.3 237.2 239.8 241.4 242.8 241.7 240 237.5 235.1 232.9
200.1 193.8 184.4 175.4 165.8 168.5 185.9 197.3 207.1 212.6 216.4 216.6 212.6 209.9 194.5 206.9 214.1 220.7 228.1 233.4 238.6 242.7 247.5 261.5 274.9 287.9 298.9 309.6 319 328.4 330.8 327 317.7 304.4 294.5 283.9 268.6 256.2 240.2 230.4 223.2 218.2 214.9 211.8 209.9 208.5 206.8 204.6 202.2 199.7 198.2 197 195.4 195.1 195.5 195.5 193.9 190.5 183.7 181.1 185.3 192.4 201.4 207.2 211.6 213.9 217.3 224.2 230.7 234.8 237.5 239.4 240.8 240.5 238.6 235.7 233.1 230.5
209.2 205.6 194.6 179.5 168.9 161.9 169.3 184.3 198.9 208.9 211.6 211.6 209.4 206.1 201.8 201.3 209.9 215.9 220.7 221.6 233.7 241.8 249.5 261.4 272.9 285.7 297.1 308.2 316.9 322.1 322.8 316.4 305.1 288.7 274 261.4 245.5 235.1 227.3 221.4 216 212 208.9 206.5 204.3 203.1 201.8 199.7 198.6 196.2 195.2 194.6 193.4 193.1 193.1 193.1 192 191 188.4 178.2 179.7 188.2 195.7 201.8 206.5 209 211.9 222.1 227.2 232.1 235.1 237.7 238.7 239.1 236.8 233.9 231.4 228.4
218.6 212.8 202 191.6 178.6 170.2 160.9 169.9 185.4 202.2 209.5 209.2 207 203.4 195.6 192.4 203.6 209.4 219.1 226.7 234.1 241.4 248.8 259.8 271.2 282.6 293 300.6 304.8 308.1 310.3 307.8 295.6 281.6 265.6 247.8 233.7 224 219 214.9 210.4 207.2 205.1 202.6 199.4 197.6 195.9 194.5 193.5 192.5 195.1 194.1 191.9 191.1 190.2 189.5 188.9 189.5 187.7 185.5 176.9 181.2 190.4 197.1 200.9 204 207.7 214.6 223.2 228.6 231.9 234.6 234.3 233.6 231.6 229.7 228.2 225.9
227.6 219.8 212.6 204.3 193.1 179.8 169.4 159.5 171.5 188.9 206.2 206 204.4 203 196 196.8 205.3 213.6 219.5 224 229.9 236.7 245.7 257.4 267.5 276.2 288.2 294.4 297.6 298.5 299.1 293.9 285 272.8 257.1 239.6 227.5 217.8 212.6 209.8 207.8 205.4 202.5 199.7 195.8 193.1 191.5 189.4 188.2 187.7 192.4 194.1 191.3 186.9 186.8 187.7 187.5 187.3 186.9 186.3 180.6 176.5 185.3 191.5 195.6 199 205.1 212 218.9 223.4 227.8 230.2 229.5 228.5 226.2 224.4 223.1 222.4
236 230 221.4 211 199.4 188.8 178.6 166.4 161.6 175.3 189.5 197.1 200.8 201 191.5 190.2 199.1 206 212.4 218.6 223.9 231.1 241.9 252.8 260.8 268.3 280.5 288.8 290.8 291.9 289.9 282.5 272.5 260.6 246.3 231.3 221.3 213.4 208.2 205.6 204.7 202.9 200.2 196.8 192.8 189.3 187.1 185.3 183.8 183.4 187.6 190.5 189.8 186.7 183.9 185.6 185.6 184.9 184.4 184.2 182.4 173.4 179.1 186.1 190.9 195.1 202.5 208.9 212.2 216.8 220.1 224.2 225.8 223.9 221.6 219.5 219.7 219.9
245.1 238.3 230.1 219.5 208.4 193.7 182.5 171.8 159.3 164.6 177.3 187.3 191.3 195.9 193.3 184.6 192.4 198.8 205.2 211.3 217.7 225.2 234.7 245.9 254.5 262.1 269.8 276.3 282.2 282.9 280.3 271.9 259.6 246.3 234.1 224 217.1 211.4 205.8 203.3 200 197.9 196 193.4 189.8 186.4 183.3 181.2 180 179.7 181.1 183.9 186.9 186.2 181.9 182.1 182.6 182.9 183 183.2 182.2 179.6 172.7 182 187 193.3 199.3 204.8 207.6 209.6 212.4 217 218.8 217.9 217.1 216.7 217 217.8
253.1 244.9 236.3 226.5 214.6 198.8 187.5 175.2 163.8 156.2 162 172.2 180.3 187.6 187.4 177.7 186.1 191.4 197.3 204.3 211.4 218.6 225.7 240.1 252.1 260.7 268.6 274.1 277 277.1 272.7 263.6 249.7 237 225.4 217.5 212 206.9 202.6 198.5 195.2 192.7 190.5 187.9 185.2 183.1 180.6 177.6 175.8 175.7 173.9 175.3 178.8 178.8 181.4 182.3 182 181.5 181.6 181.9 181 177.2 171.9 181.2 186.6 192.1 198 201.9 203.7 204.5 205.8 208.2 212 214 214.3 212.5 212.5 213.5
258.6 251.3 243 231.6 219.4 203.3 189.5 177 166.6 159.2 156.1 161.8 170.9 177.7 180.6 178 178.6 182.7 189.4 197.2 206.5 214.3 229.2 241.3 252.7 260.3 268 271.9 272.9 269.9 261.5 251.1 238.4 228.7 218.9 212.3 207.6 203 198.8 194.4 190.4 187.4 184.9 182.4 179.7 177.3 175.6 174.2 171 169.3 166.6 170.7 173.5 174.4 180.4 181.3 181 180.5 180 180.2 179.2 172.4 170.3 180.9 185.8 190.8 196.4 199.7 200 199.8 201.4 206.5 210.2 210.9 212.4 209.8 206.9 209.4
264.2 257 246.6 238.3 223.8 206.6 189.1 177.3 168.1 161 156.3 157.5 162.4 167.1 168.2 168 171 178.8 184.7 192.6 205.4 217.7 233.1 244.7 254.4 261.4 265.7 268.6 264.8 255.6 245.3 236.3 227.5 218.9 212.6 208 204.2 199.5 194.8 190.4 186 182.5 179.6 176.9 174.3 171.7 169.9 168.3 167 165.3 164.9 168.8 173.1 175.8 178 179.9 180 179.5 178.9 177.6 176.6 168.3 175.2 179.5 185.1 189 194 196.1 196.6 196.9 198.3 203.5 205.6 208.1 209.3 207.6 202.9 204.7
267.7 258.2 248.6 238.4 224.6 209.4 192.1 179.6 168.4 160.8 157 155.7 158.1 158.6 159.7 168.8 169.4 173.1 176.4 187.1 199.9 217.1 235 246.7 254.9 260.3 262 258.4 249.8 241.8 232.8 226.4 219.9 214.2 209.1 204.8 200.8 196.2 190.9 186.8 182.8 179 175.8 173.3 170.8 167.8 166.4 165.2 163.8 162.8 162.2 164.9 168.4 172.3 176.8 179 178.1 179.4 178.5 177 165.8 169.2 177.6 180.7 185.2 189.7 192.8 193.8 193.6 192.8 194.4 197.8 201.8 206.3 204.8 201.9 199.8 202.6
268.6 259.8 250.9 238.7 223.1 208.4 193.2 179 167 160.8 157.5 153.3 157.2 154.7 158.3 164.9 165.8 171.1 179 189.5 203.9 220.4 237.4 248.9 255.7 255.3 251.1 244.4 237 230.5 226.5 222.6 216.8 211.8 206.7 201.7 197.6 192.9 188.2 183.8 179.9 176.1 172.4 170.1 167.6 165.1 163.7 162.3 160.7 159.5 161.3 163 165.9 170.7 174.5 174.5 175.8 177.7 178.4 177.3 164.9 172.5 177 180.5 184.9 189.9 191.8 191.9 190 189 189.6 192.8 197.4 200.9 198.2 195.8 194.8 197.5
270.7 261 252 240.4 223.8 209.4 194.6 179.7 167.7 160 156.7 153.9 154.3 151 154.5 159.5 162.6 174.9 184.3 196.1 211.2 228.6 244.6 251.5 251.9 244.7 238.7 234.3 228.8 226.6 222.9 219.2 214.8 209.9 204.7 199.6 194.7 190.1 185.4 181.1 177.7 173.9 170.9 167.9 163.9 162.4 160.9 159.9 158.1 159 160.4 162.2 165.2 169.6 170.5 171.7 173.7 176.2 177.1 176.1 164.4 171.9 176 180.4 184.4 187.3 189.5 187.9 186.3 186 185.3 186.6 187.7 190.3 191.8 191.5 191.3 193.6
269.3 261 252.3 241.6 228.8 212.2 193.2 180.3 172.5 162.8 155.7 152.2 148.4 148.5 151.9 157.9 167.2 178.7 189.7 203.2 224.5 240 245.7 245.6 240.3 233.7 230.4 228 225.1 223.7 220.7 216.9 212.5 208 202.8 197.7 192.6 188.1 182.9 178.9 175.5 172 169.4 166.4 162.2 159.5 158.6 158.4 156.2 158.9 160.2 161.5 163.6 164.9 166.3 168.7 171.1 174.7 174 173.5 169.5 171 176.6 181 183.7 183.1 184.2 183.2 182.5 182.7 181.9 182.2 184.8 186.5 187.2 187.5 190 193.3
264.4 257.7 249.4 240.7 228.9 212.2 204.1 195.6 185.1 168.5 154.2 150 146.5 146.1 149.8 158.4 170.1 183.3 197.4 215.9 231.3 236.3 239.1 233.5 227.2 224 224.6 223.3 220.8 219.5 218.6 214.5 210.1 205.3 200.5 195.6 190.5 186.2 181.4 177.5 173.8 170.6 167.8 164.7 162.1 159.5 156.6 156 155.3 157.9 159.4 160.6 161.2 162 163.5 165.4 167.9 169.6 169.5 169.2 160 172.2 177 180.2 182.4 179.9 179.1 178.8 178.6 179.4 179.8 180.7 183 185.5 185.4 188.1 190.9 193
262.6 252.5 242.8 237.3 234.6 229.4 220.4 207.1 193.3 178.3 159.7 148.8 145.5 144 145 151 173 190.3 205.8 213.7 218.1 219.7 219.3 219.9 218.1 217.5 218.2 218.3 216.6 215.6 213.4 210.1 205.8 201.4 196.8 191.9 188.2 184.1 180.2 176.2 172.5 169.4 166.9 164.8 162.2 159.4 157 154.6 152.9 156.9 158.3 158.8 159.3 159.8 160.9 162.6 163.7 165 164.9 161.4 166.9 172.6 174.7 175.6 176.2 176.8 177.1 176.5 175.6 177.5 178.5 179.1 180.4 182.7 183.8 186 188.3 189.3
274.5 266.4 259.3 253.6 248.7 241.9 236.3 224.2 202.3 180.9 167.1 153.1 149.4 145.9 144.1 142.1 171.4 188.6 198.9 202.6 203.4 203.8 207.7 210.4 211.6 213 213.7 213.7 212.5 210.8 208.1 205.1 201.1 197.5 193.1 188.8 185.4 181.6 177.7 174.6 171.2 168.7 166.6 164.6 162.4 160.2 158.1 155.9 151.9 155.2 156.9 157.2 157.7 158.2 158.5 159.9 160.9 154.7 158 164.3 169.1 172.8 173.7 174.2 174.5 174.8 175.7 175 174.4 175.7 177.1 177.3 178.7 180.2 181.9 183.1 184.3 186.8
288.8 283.3 277.1 270 262.5 254.6 248.7 241 221.7 196.8 178.8 164.8 156.8 153.2 148.4 144.2 162.2 176.5 186.4 191.2 195.7 198.2 200.6 204.2 207 208.7 209.6 209.1 208 206.9 205.1 199.7 196.5 192.9 189.2 185.3 181.5 178 174.7 172.4 170.3 168 166.1 164.4 162.7 161 159.4 157.4 153 151.1 154.3 156 155.7 155.7 156.2 158.6 152.8 154.1 163 167 169.9 172.5 173.6 173.5 173.6 173.7 173.8 173.7 173.2 174.5 175.1 175.6 177.1 178.4 179 179.8 181.4 184.5
302.9 297.6 291.3 283.4 274.8 265.2 256.4 249.9 235.3 213.4 192.6 174.9 160.6 153.2 148.4 140.2 149.7 162.6 174.7 185.9 190.1 192.2 195 198.7 202.4 204.6 204.8 204 202.9 201.3 198.6 194.8 191.8 189.2 185.4 181.5 178.1 175.2 173.3 171.2 169.4 167.9 166.2 164.5 162.8 161.1 159.5 157.9 155.7 151.9 151 154.5 154.1 153.6 153.3 151 150.7 158.8 164.3 167.8 170.8 172.4 172.6 172.3 171.7 171.7 171.8 172.1 172.1 172.8 172.7 173.9 175.2 176.6 177.5 179.6 181.1 182.5
317 311.5 304.9 296.9 286.8 276.5 266.1 258.2 243.6 225.9 208.8 190 170 156.3 145.1 138 142.3 154.7 167.6 175.9 181.2 186.8 190.3 193.9 197.6 200.1 200.1 199 197.2 195 192.9 190.5 187.5 185.3 181.8 179.3 176.2 173.8 172.4 170.9 169.4 167.9 166.2 164.6 162.9 161.2 159.5 158.1 155.7 153.2 148.3 152.7 152.3 150.7 149.4 147.4 158.2 161.3 164 167.8 170.9 171.7 171.5 171.4 171 170.4 169.8 170.4 170.7 170.9 171.3 172.3 174.2 176.1 177.7 179.3 180.9 182.5
327.5 322.8 320.1 312.1 297.3 286.2 275.9 265.1 251.6 235.9 223.1 205.4 181.9 160.8 147.7 139.5 137.1 146.7 157 165.3 174.1 180.4 186 189.1 191.6 193.9 193.6 192.2 191.4 189.6 187.4 185.1 182.9 180.9 178.6 176.1 174.1 173.2 172.1 170.9 169.4 167.9 166.3 164.6 163 161.3 159.8 158.2 155.6 153.8 151.8 148.2 148.6 147.4 147.3 146.2 157.5 161.6 164.4 166.7 169.2 170.4 170.4 170.3 170.1 169.7 169 168.8 168.9 168.9 170.9 171.6 173.7 176.4 177 179 180.6 182.5
