data/290000-110000.asc
ncols 200
nrows 200
xllcorner 290000
yllcorner 110000
cellsize 50
[rows 144 to 179 of 200, columns 81 to 161 of 200]
123.2 125.3 125.7 123.9 122.8 119.6 114.8 111.4 104.6 97.3 88.1 83.2 77.1 73.7 70.7 69.6 63.1 62.7 62.7 62.4 62 61.9 62.1 60.2 61.4 56.4 67 73.7 74.5 75.4 74.4 74.5 74.8 76.3 75.9 72.6 66 64.4 64 66.6 65.5 66.3 66.7 66.8 67.3 67.7 68.1 70 72 68.9 68.7 69.1 70 71.1 70.4 70.9 70.6 71.7 76.8 76.7 76.7 76.5 76.1 75.7 75.3 74.8 74.5 74.6 76.4 79.2 80.9 81.4 81.5 82.2 84.3 84.8 85.6 85.7 85.5 87.4 94.6
130.1 126.2 124.5 121.9 119.5 115.6 111 106.2 100.2 92.6 84.6 79.3 74.9 70.8 68.1 67.2 63.6 62.9 62.7 62.4 62 61.8 61.7 61.7 60.8 56.4 65.9 72.6 74.9 75.4 74.4 73.9 73.5 74.1 73.2 65.3 64.2 64.9 66 66 65.6 66.5 66.6 66.8 67.5 67.8 67.3 68.2 68.6 69.1 70.2 70.2 70.4 70.5 69.7 68.7 69.1 69.9 70.9 75.9 74.9 72.4 73.5 72.1 72.7 73.5 73.6 73.3 75.1 77 78 78.5 78.7 78.9 80 80.3 80.3 80.7 81.7 85.1 91.1
130.4 125.6 122.1 118.8 114.7 110.5 106.4 101.3 96.4 90.2 83.2 79.1 74.4 68.3 65.3 64.4 63.1 62.5 62.4 62.3 62 61.7 61.5 61.5 60.5 56.4 70.1 73 74.3 74.6 74.2 73.8 73.2 71.9 69.6 63.8 64.3 64.9 65.8 65.3 65.6 66 66.5 66.4 67 68.8 68.8 69 71.3 72.7 71.9 71.9 72.7 75.8 75.6 74.3 73.3 73.7 72.5 73.2 73.9 74.7 74.7 74.9 75.2 76.3 74.9 74.4 74.3 74.4 75.3 76.2 77.6 77.4 77.4 77.2 77.8 78.1 80.3 83.3 87.3
127.5 121 115.9 110.8 106.7 102.7 99.6 97.2 92.4 85.4 79.1 73.9 71.6 71.8 71.4 63.2 62.6 62 61.9 62 61.7 61.5 61.4 61.5 59 56.4 71.1 73.2 74.1 74.2 73.1 73.2 72.5 69.3 64.6 63.9 64.3 64.9 65.6 65.6 65.6 65.8 66.7 68 68.5 70.2 72 73.3 75.5 79.2 78.1 74.2 75.8 81.6 82.4 80.4 77.6 76.6 76.6 77 77.2 77.4 75.5 74.6 78.9 80.2 80.1 78.6 76.2 75.7 75.8 76.4 76.7 76.8 76.7 76.7 76.4 77.2 79.9 81.7 83.8
121.2 113.3 107 101.9 97.4 93.8 91 88.8 85.6 79.8 72.3 76.5 78.9 82 70.1 63 62.8 62.6 62.1 61.8 61.6 61.3 61.2 61 61.3 56.5 70.4 72.4 73.6 73.2 71.7 70 68.1 65.7 62.5 63.7 64.4 64.5 64.8 65.3 65.9 67 69 70.8 72.2 74.1 75.4 75.8 79.4 81.2 80.8 76.3 76.5 83.9 85.4 85.2 83.8 82.5 83 83.7 83.3 81.6 77.5 79.9 84.6 84.4 84.3 82.3 78.8 77.1 76.6 76.8 77.4 77.7 77.7 77.6 77.6 77.2 78.5 80.5 82.1
114.1 105.6 98.3 93 88.4 84.8 81.9 79.1 76.3 74.9 86.9 90.3 91 85.3 66.3 61.8 62.1 62 61.9 61.7 61.5 61.3 61 60.7 61.3 59.1 66.6 71.5 72.9 72.2 69.6 66.5 64.6 64.1 63.9 63.7 64.1 65 66.5 68.6 70.1 71.4 73.4 75 75 78.2 78.5 79.2 81.3 85.1 84.2 79.8 78.6 85.8 88.1 88.2 87.8 87.9 87.1 86.5 85.2 82.1 78.1 82.5 86.1 86.5 87.1 86.9 86 84.6 84 83.7 81.8 80.6 79.8 78.9 78.9 78.6 78.2 79.1 80.9
103.4 96.7 89.9 84.4 79.9 82.3 82 80.9 84.2 90.8 91.8 90.2 87.7 79.4 62.2 61.6 61.4 61.4 61.4 61.4 61.3 61.2 60.9 60.5 60.7 61.7 67.1 70.9 71.6 70.6 67.4 64.9 63.6 62.7 63.4 63.6 64.4 67.3 71.8 73.6 74.4 77.6 78.6 78.8 82.2 82.6 82.6 82.6 83.8 87.4 87.5 85.6 81.1 87.1 89.6 90.5 90.2 89.6 87.8 87.9 84.1 80.7 78.7 83.5 88.5 90.4 90.3 88.9 88.1 87.4 87.2 86.2 84.1 82.4 81.3 81.2 80.7 80.4 79.5 79.6 79.9
96.7 89.3 82.3 85.2 90.9 92 91.3 90.3 93.3 96.3 93.9 88.7 83.3 71.2 62.3 61.3 61.2 61.2 61.2 61.2 61.1 60.9 60.7 60.2 60.1 60.7 62.2 71.4 71.5 67.9 66.4 64.3 63.3 62.8 63.7 66.5 71.6 76.6 82.2 85.5 83.5 83.9 83.4 82.6 86.1 89.2 89.2 88.7 88.1 89.6 89.6 89.4 83.6 86.5 92.1 93.7 94.1 91.9 89.2 84.4 83.1 81.7 81.3 82.9 89 90 90.9 90.5 90.4 89.6 89.2 88.4 86.8 84.4 83.6 83.3 83 82.6 81.2 79.4 79.5
89.7 93.2 93.2 92.7 101.7 101.9 101.3 101.3 102.1 100.6 95.4 88.5 82.8 66.1 61.2 60.9 60.9 60.9 60.9 61 60.9 60.8 60.7 60.2 59.3 55.6 61.4 68.5 69.6 64.2 65.1 63.9 64 62.4 68.4 79.5 86 91.8 94.5 96.4 97.3 93.3 92.4 90.4 92.8 93.5 94.3 91.7 91.7 93 91.7 91.6 88.1 86.7 91.1 93.4 93.8 93.3 90.3 87.6 86.9 84.8 83.1 83.1 85.8 87.8 89.1 92 91.9 92.4 90.9 89.9 88.5 86.2 85.8 85.5 85.3 84.9 83 81.1 80.6
98.7 106.8 106.8 103.8 115.7 118.1 116.6 111.8 107.4 103 96.6 88.6 82.2 64.8 61.2 60.8 60.6 60.7 60.7 60.7 60.8 60.7 60.6 59.8 59.6 56 63.2 68.6 69.2 62.6 64 59.8 64.4 69.6 76.8 86.8 95.6 102 105 106.7 106.4 101 102.8 100.3 98 100 99 95.4 96.6 97.3 97.9 95.4 91.7 91.4 91.3 95.1 97.7 96.3 95.1 91.1 89.8 88.2 86 84.8 85.7 87.2 89.8 93.9 93.9 93.6 93.3 91.9 89.3 88.7 87.4 87.6 87.6 86.9 84.9 82.8 81.9
108.2 117 118 115.8 121.9 123.1 121.7 114 108.5 102.4 94.8 88.5 79.7 68 61.2 60.7 60.4 60.4 60.4 60.4 60.4 60.4 60.2 59.5 59.3 56.4 63.9 63.4 63.8 62.8 59.5 62.7 66.7 71.5 77.9 90.7 102.6 110 113.5 114.8 114.9 111.1 114.2 110.9 107.8 107.4 104.8 101.1 101.7 102 102 99.9 99 95.4 93 96.3 99.8 99.5 96.7 95.9 93.8 93 89.4 88 87.5 88.7 92.2 95.6 96 95.6 95 92.2 90.7 89.3 89.3 88.8 89.4 88.7 86.6 84.5 83.4
116.5 124.5 125.4 124.9 125.1 122.3 117.5 110.6 104 97.9 90.9 83.5 72.8 65.7 61.3 61.3 60.1 60.1 59.9 59.9 60.1 60.1 59.7 59.1 59.2 58.4 63.8 64.2 61.6 61.7 61.4 63.6 69.2 76.3 83.9 92.3 105 116.1 121.3 122.7 122.6 120.4 120.1 118.8 116.6 114.7 112.1 108.3 105.6 104.9 105.1 105.4 104.5 100.6 97.6 99.2 103.6 101.3 100.7 99.9 97.6 94.9 93.7 93 89.7 92.6 95.7 98 98.3 97.9 96.7 95.1 92.1 91.3 91 90.9 91.4 91.4 88.9 86.2 85.5
125.2 130.7 131.7 130.1 131 127.1 116.2 111 100.3 90.7 84.3 80.7 77.7 77.2 64.6 60.5 59.2 59.1 59.8 59.6 59.8 60.6 59.6 59.8 59.3 58.3 60.6 60.1 61.4 60.6 62.5 66.2 71.4 76.7 84.3 92.1 101 113.4 126.3 129.6 129.7 129 129.7 127.8 126.1 123.8 121.3 115.1 112.8 113.4 110.2 110.4 108.8 104 100.8 102.7 106.2 106.2 105.1 104 101.7 98.6 98 95.2 93.7 91.8 96.9 100.2 100.7 99.8 98.4 96.3 94.4 93.7 93.9 93.7 94.6 94.1 92.2 90.5 89.6
135 138.1 139 138.7 137.9 133 126.1 115 113.1 105.6 98.2 91.5 88.5 82.4 69.7 60.2 59.6 59 59.7 59.4 59.6 59.4 59.3 59.5 59.3 58.7 60.1 59.9 58.9 60.4 64.2 70.3 76.6 82.3 86.7 91.4 97.3 108.6 122.5 134.7 137.1 138.7 138.3 137.9 135.5 132.6 128.9 119.1 117.9 119.4 116.6 116.3 115.1 110.3 106.2 110.6 113.6 112.6 110.4 108 106.5 103 101.1 98.4 96 96.6 99.9 102.1 102.8 101.6 99.7 97.6 96.6 97.3 96.3 95.4 97.5 95.6 94.5 93.7 92.5
144.5 147.4 148.7 148.8 147.5 144.1 137.8 131 125.3 118 109.6 102 94.7 87.7 79.1 61.3 59.5 59.3 59.4 59.3 59.6 59.8 59.9 59.8 59.4 58.7 60.2 58.8 60.5 60.7 66 77.2 85.4 90.8 96.9 101.7 106 107.8 117.4 128.1 139.5 145.8 145.1 147.4 144.5 140.9 134.6 127.5 128.6 125.7 125.1 124.1 121.7 113.4 113.1 117.5 118.3 116.9 115.3 113.6 112.3 108.1 106.6 100.8 99.2 99.2 101.2 103.5 104.6 103.5 101.2 99.6 100 100.9 99.4 98.5 100.4 97.8 97.2 96.4 96
153.1 156.9 160.3 159 157.8 155.8 150.5 144.3 136.4 127 117.4 108.2 99 92.2 83.5 62.3 59.1 58.6 59 59.7 59.6 59.7 59.8 59.8 59.4 57.9 59.5 59.5 66.2 71.2 78.6 86.7 93.1 99.2 104.6 112.5 118.3 121.6 121.2 127.1 138.3 150.1 154.7 155 152.1 147.8 141.1 135.6 134.4 133.1 132.9 132.3 129.3 116.5 124 124.9 125.6 123.1 120.9 119.7 115.6 117.4 112 107.5 103.4 103 104.5 106.9 107.7 105.9 104.1 103.8 104.4 104.4 102.6 101.6 101.2 100.9 100.2 99.8 99.4
162.4 166.5 165.3 166.9 166.8 164.3 160.1 152.4 143.3 133.4 123.4 114.6 105 95.3 84.6 69.2 59.3 58.9 58.5 58.7 58.9 59.1 59.2 59.3 59 56.8 67.4 72.1 75.9 81.4 87.3 94.2 100.7 108.1 119 126 132.8 135.8 136 137.2 143 149.3 158.2 161.3 158.8 154 147.6 142.9 141.1 140.8 140.8 138.7 126.3 121.2 134.9 135.6 133.3 130.6 128.2 126.8 123.4 123 117.5 115.7 113 106.8 107.9 109.1 110.2 109.1 107.4 107.9 108.4 106.7 104.9 105.3 105.1 104.7 103.9 103.2 102.7
164.6 168.1 167.5 169.6 168.7 168.3 165.2 157.7 148.4 138.1 129.1 120.8 110.9 100.3 88.3 72.2 58.2 59.6 58.6 58.3 58.1 58.5 58.7 58.7 58.3 60.5 69.9 73.9 82.6 89.8 94.5 100.8 110.7 120.5 132.3 141.8 146 149.4 150.9 153 155.8 159 164.2 166 163.4 159.1 153.5 149.6 147.6 147.6 147.2 142.1 128.1 136.8 141.6 143.2 143 138.9 137.1 135.8 131.8 131.7 128.7 126 122 115.3 112.9 114.6 114.5 112.6 111.1 111.5 111.7 109.8 107.8 109.4 109.3 109.1 108 107.1 106.1
164 164.2 166.2 166 165.9 163.2 160.5 155.5 146.9 137.9 131.2 124.4 114.4 103 89 71.4 60.2 59.4 58.7 58.3 58 58 58.1 58.2 55.6 63.7 69.8 78.8 87.4 95.6 104.2 115.5 124.8 134.8 142.4 149.8 155 157.9 160.5 162.5 166.3 168.3 170 167.8 166.9 162.9 158.2 155.6 153.7 153.2 151.5 141.9 129.9 145.5 152.7 152.5 151.4 148.9 147.1 146.3 143.9 141.6 139 134 125.3 114.4 119.6 121.4 121.9 119.5 116.6 115.3 115.4 112.1 110.4 113.3 114.5 113 112 111.1 110
160.2 159.3 157.3 158.1 158.8 155.6 151.6 146.6 138.4 132.5 127.1 120.1 111.5 101.7 86.6 73.4 58 59.1 58.5 58.3 57.8 58.1 58.4 57.6 60.2 65.2 76.2 88.1 98.9 106.8 122.6 129.4 133.9 140.3 147.2 154.4 159 163.3 165.7 169.3 172.3 172.4 172.8 170.1 169.7 166.5 162.2 160.2 158.6 158.2 155.3 142.9 139.8 152.6 159.5 160.5 159.8 157.6 156.4 155 151.9 147.1 144.5 135.2 120.3 125.5 129.3 131.5 132.7 131.1 127.2 123.6 119.8 114.8 117.3 119.5 118.3 117.5 115.8 114.8 113.4
153 150.2 146.5 146 146.7 147.9 146.1 139.8 128.3 121.9 116.9 113.4 107.5 95.1 83.7 73.4 63.9 58.3 57.8 57.8 57.8 58.1 58.1 55.2 59.7 65.6 86.1 90.3 104.9 116.9 126.3 132 138.7 145.8 153.2 152.7 157.7 163.1 168.1 171.8 174.5 176.2 175 171.5 172.1 170 167.3 164.5 163.9 162.8 157.7 145.9 146.4 158.9 165.4 168.2 168.3 167.1 166 162.1 158.6 153.5 145.7 127.7 133.9 137.5 138.3 140.3 141.6 141 138.6 134.3 123.6 119.7 124.8 124.1 122.9 122.8 121 118.9 117
140.3 137 132.2 130.9 134.4 136.5 136.9 135.4 126.7 114.9 106.8 103.4 100.2 89.4 81.1 73.6 66.9 58.1 57.7 57.6 57.8 58.3 57.2 58.3 62.2 67.5 72.2 79.4 92 110.6 124.1 129.9 136.5 138.8 140.3 144.4 150.8 158.3 165 169.7 171.3 175 174.7 176.1 174.8 174.9 173.9 170.7 169.3 167.3 161.5 149.7 153.9 163.8 170 174.5 175.3 174.1 172.1 168.7 162.2 152.3 138 137.2 143.9 147.3 148.3 149.1 148.8 149.2 146.2 137.8 126.1 130.8 134.2 132.6 130.4 127.7 124.9 122.2 121
130.6 123.7 118.1 117.1 121.1 126.3 126.6 126.3 124.7 118.2 106.5 98.2 94.2 85.7 78.8 73.8 69.5 58.8 57.6 57.7 58 57.7 54.1 58.8 62.6 67.2 72.5 78.9 78.8 98.5 115.3 122.7 127.6 130.4 131.2 134.6 141.7 150.9 158.7 162.9 165.2 169.6 172.1 174.8 177.8 178.8 179.4 179.8 176.8 174.1 167.7 152 159.9 168.4 173.9 177.8 180.2 179.5 174.6 169.6 160.7 147.2 142.8 149.4 154.1 156.9 158.2 158 157.8 155.6 150.1 136.1 132.1 141.5 143.8 140.5 136.6 133.4 130 126.5 125.6
136.2 128.4 121.2 114.6 107.4 112.4 116 116.3 117.2 113 107.9 100.7 88.4 82.9 78 72.8 70.1 58.2 57.5 57.7 57.8 57.1 56.3 59.6 67.3 78.2 85.7 93.8 91.1 85.7 103.4 105.4 107.5 108.7 112.2 117.4 128.9 141.8 151 155.3 159.3 165.3 171 174.4 178.6 183 184.8 184.7 182.5 178.7 170.4 159.5 166.1 172.3 177.3 180.8 181.5 179.8 174.6 166.5 157.9 146.6 154.5 161.4 165.9 168.4 168.1 166.5 164.5 162.1 148.7 134.2 142.9 150.6 151.9 147.6 143.7 138.8 135.4 132.1 134.2
144.2 134.4 125.1 117.8 109 100.2 102.7 105.2 107 105.3 101.3 96.5 88.5 80.9 75.9 71.8 70.2 57.8 57.1 57.4 57.4 53.7 57.6 59.1 73.6 86.3 96.1 99.8 100.3 95.2 94.2 99.2 107.9 112.9 117.7 121.7 119.7 127.5 139.1 144.1 151.2 160.3 166.5 174 179.4 186.3 189.8 190.1 188 181.7 173.3 165.9 172.2 178.2 183 184.7 183.4 180.4 174.3 165.2 154.2 159.3 167.7 174.1 178.8 179.3 177.5 175 171.5 163.5 146.9 144.3 152.8 158.1 159.2 155.3 150.7 146.7 139.9 136.9 141.6
148.8 139.3 129 119.9 111.3 101.5 93.4 92.7 95 96.5 96.6 95.3 84.6 78 73.2 71.2 69.2 57.2 57.7 56.8 54 57 57.7 58.7 77 91.2 101.5 105 106.8 105.7 106.8 110.4 115.1 119.9 125.2 128.5 127.2 124.9 126 133.1 141.5 150.2 160.6 169.6 178.7 185.7 192.3 193.7 191.3 185.9 180.3 174.6 178.8 184.1 187.3 188.7 186.5 180.7 173.3 163.8 166.6 171.9 178.2 186 189.1 187.7 185.5 182.4 177.3 164.3 149.1 154.4 162 165 165.2 161.4 156.7 152.4 145.9 146 150
150.9 141.3 133.6 123.5 111.5 105.7 99.6 92.4 86 85.7 88.3 86.6 81.6 73.6 71.3 69.7 67.4 58.9 54.8 53.9 56.8 57.1 57.6 57.9 75.5 92.4 106.9 113.6 114.3 114.5 117 118.6 122.4 127.6 134.2 137.5 136.3 133.4 132.7 134.8 139.6 140.3 154.1 164.7 175.3 186.2 194.2 197.5 196.5 192.5 187.3 182.3 184.8 189.5 191.9 192 188.4 182.3 171.8 173.8 178 182.7 190.8 196.6 196.4 195.3 192.8 189.4 182.1 169.1 153.7 162.6 168.7 170.9 170.6 167.3 162.1 151.9 150.5 154.2 155.5
147.3 140 133.8 126.3 117.5 111.8 107.1 101.5 93 86.8 78.5 77.1 74.4 71.5 66.2 65.1 62.8 53.7 56.6 57 57 57.1 57 58 72.5 89.8 106.4 116.6 120.7 123.4 126.4 129.1 131.6 136.9 143.6 148.6 149.5 145 141.1 141.5 147.6 149.9 150.9 161.8 173.8 184.9 194.3 198.8 199.2 197.3 194 192.1 194.6 196.7 196.8 195.7 192.2 185.7 179.5 184.5 189.1 194 200.1 203.7 204.3 202.3 199 194.1 186.8 175.4 162.8 170.3 175.7 176.8 175.9 172.9 167.8 162.9 158.1 160.4 159.6
152.4 149 145.1 139.5 130.3 120.8 111.3 105 99.9 93.4 87.8 82.5 75.4 71.5 69.1 67.7 60 56.9 56.7 56.9 57.1 57.1 57.5 59.1 69.9 87.3 101.3 109.6 117.1 123.3 128.4 132.8 138 145.4 152.6 158.6 159 155.9 153.6 153.7 157.2 158.7 157.5 162.6 173.9 186.4 197.1 199.9 201.2 201.5 199.9 198.9 199.6 200.8 201.2 200.9 196.3 190 187.6 194.1 197.8 201 206.3 209.5 209.7 207.7 203.6 198.9 190.9 180 169.8 176.5 181.5 183.3 181.4 178.1 174.8 169.8 166.8 167.9 164.8
149.5 152.7 156.8 153.7 148.4 138.7 127.6 117.4 112.2 100.8 89.8 83.1 76.1 72.1 69.7 64.9 53.1 56.6 56.6 56.7 56.8 56.9 57.2 58.2 64.6 82.4 93.8 102.1 109.8 116.9 123 129.1 135.1 143.2 153.9 162 164.1 162.5 162.6 165.6 168.3 167.8 165.2 165.5 175.9 188.7 197.4 199 200.8 204.8 206.8 205.3 204.9 205.7 206.4 206.5 202.1 196.9 195.7 201.1 204.1 206.5 211.3 215.8 215.3 213.1 209.3 201.4 195.6 183.9 179.2 185 188.8 189.4 188.4 185.9 182.8 179.4 177.3 174.8 171.4
133.1 138.6 145.9 153.1 151.9 147 137.4 125.3 112.7 103.5 94.1 85.5 75.7 71.4 68.5 64.7 53.7 56.5 56.5 56.6 56.6 56.6 56.8 57.2 57.3 80.9 90.6 97.2 103.9 109.9 116 122.5 128.1 136.3 144.1 151.9 156.3 159.1 161.1 165.5 173 174.4 171.9 169.9 178.5 187.9 194.2 197.4 201.8 206.9 211.4 213.8 215.3 215.4 215.1 213.5 210.1 205 202.6 207.9 210.3 213 216.8 220.3 219.9 217.5 213.5 208.2 200.6 191.8 189.1 193.8 196.7 197.9 195.3 192.9 190.3 187.6 184 182.2 179.9
126.2 118.7 125.3 131.5 133.5 136.3 133.5 123.1 111.2 100.7 91.5 84 76.3 71 68.4 63 54 55.6 55.6 55.8 56.1 56.4 56.7 57.1 58.3 80.9 86.8 92.7 98.2 103 107.9 112.4 119 125.5 132.6 139.5 143.7 147.5 150.8 155.2 163.7 169.8 172.1 172.1 178.9 187 193.7 198.8 204.2 209.6 215 218 221.1 223.3 223.1 221.3 218.1 214.9 211 214.4 216.4 218.5 220.2 222.9 222 220.3 217.8 213.5 208.2 204.2 201.3 202.7 204.1 203.9 202 199.4 197.2 195.2 193.7 189.8 187.7
135 123.1 113.4 115.1 115.7 125.3 124.4 119.1 107.8 98.5 90.9 83.1 76.4 70.7 67.3 60.7 53.4 55.3 55.5 55.8 56.1 56.3 56.8 57.4 59.3 77.8 76 85.6 92.3 95.1 97.4 102.9 109.9 116.2 122.2 128.9 131.6 136.4 140.6 145.6 153.9 162.8 170.1 171.3 178.6 186.5 193.1 200.4 207 212.5 217.9 222.8 226.1 228.1 227.6 225.6 222.7 221.5 220.2 220.3 220.4 222 223.2 223.5 223.5 222.3 220.3 218.4 215.9 214.1 212.3 211.5 211.7 210.8 208.7 206.7 205.1 202.2 199.7 197 194.6
137.6 128.3 118.4 112.6 106 103.7 108.5 108.6 102.1 96.8 93.3 86.2 76.8 70.2 65.6 60.8 54.8 55.9 55.4 55.7 56.2 56.8 57.3 57.7 59.3 62.3 66 72 78.6 82 89.4 93.2 101.3 108.3 114.9 119.6 124.5 129.1 134.1 139.1 147.7 156.5 165 171.4 178.2 183.8 189.6 196.8 205.8 214.6 220.8 226.3 229.3 231.3 231.3 229.7 227.4 225.8 224.9 223.6 222.5 222.7 222.4 222.5 222 220.9 220.4 219.6 218.8 217.5 216.6 215.8 215.5 215 214.1 212.9 211.3 209.1 205.6 203.1 200.6
144.1 136.2 128.6 120.2 110.4 102.2 97.9 94.2 90.7 89 81.6 90.9 76.2 68.1 64.7 60.5 57.1 55.7 55.4 55.9 56.4 56.8 57.3 57.8 58.6 61.3 64.2 74.4 81.2 85.6 91 95.7 99.9 105.5 109.3 114.9 120.7 125.9 130.4 135.4 140.5 147.5 156.7 165.6 171.9 178.6 186.7 195.1 203.7 213.5 223.4 228.8 232.6 234.2 234.2 232.9 231.2 229.2 226.4 223.5 222.2 220.6 219.3 218.7 218.7 217.1 216.8 217.5 218.2 218.1 217.6 217.5 218.3 218.3 217.1 215.1 213.7 211.6 209.9 208 205.6
150.2 142.6 134.7 127.5 120.9 113.6 111.7 109.9 108.5 103.4 89 75.2 77.3 75.5 69.8 63.5 56.6 54.9 55.5 55.9 56.4 56.9 57.1 57.3 57.8 59.7 61.8 71.1 83.6 91.4 97.8 104.7 112.2 117.8 122.8 127.5 133.1 137.9 142.2 147.2 150.5 153.4 157.6 163.5 171.3 178.8 186.7 196.5 205.3 214 223.5 230.7 234.4 236 236.1 234 231.2 227.8 225.6 222.1 218.4 216.2 214.3 213.6 213.2 211.2 212.1 213.4 214.6 215.6 216.2 216.3 216.1 216.5 216.5 215.8 214.5 213.3 211.7 209.9 207.8
