data/290000-920000.asc
ncols 200
nrows 200
xllcorner 290000
yllcorner 920000
cellsize 50
[rows 70 to 104 of 200, columns 0 to 77 of 200]
138.8 134.8 127.4 107.2 118.1 124.1 130.9 137.2 141.8 141.8 145.9 148.9 152.6 156.1 157.5 160.9 167.8 173.3 179.9 186.5 190.9 195.3 198.8 201.9 205.4 209.8 214 216.9 220.1 222.2 223.8 225.2 226.5 227.1 227.9 228.8 229.7 230.3 231.1 232 232.7 232.7 232.6 232.5 232.3 232.1 232.1 232.2 232.1 232 232.2 230.8 229.1 226.5 223.3 224.6 231.9 239 248 254.3 259.6 264 266.2 268.4 269.2 269.9 270.7 270.9 270.4 269.3 267.4 265.4 261.6 256.5 243.6 239.1 252.9 257
135.9 134 125.2 113.6 120.3 126.1 133.6 139.3 144.5 147.4 149 151.5 154.1 158 161.9 164.8 169 175 180.8 186.1 190.3 194.7 198.4 201.4 204.8 209.1 213.6 217 220.1 222.4 224 225.1 226.6 228 228.8 229.4 229.9 231.5 232.5 233.4 234.3 234.5 234.4 234.7 234.5 234.7 236.4 236.7 238.1 239.8 240.8 239.1 236.4 232.8 228.1 222.5 222.1 228.3 237.5 247.1 253.1 258 262.4 264.8 266.1 266.8 267.4 267.4 267.1 265.7 264.1 262 258.3 253.1 239.9 240.3 253.1 255.3
134.1 130.7 110.9 115 121.9 129.1 136.4 141.7 146.6 149.8 152.6 155 157.8 160.3 164.1 168.2 172.1 177.4 182.4 187.1 190.8 194.4 197.9 201 205 209.6 213.8 217.3 220.2 222.6 223.9 225 226.5 227.3 228.1 228.7 229.4 231.3 233 234.6 235.4 236.1 236.4 236.8 237.3 238.5 240.4 242.6 245 247.5 249.2 249.3 246.5 241.7 237 229.8 221.7 221.6 229.7 239 246 252.4 258.1 260.5 262.9 263.5 264.1 263.4 262.4 260.9 260.1 257.7 254.2 249.4 239.3 232.7 249 252
130.4 123.4 105.1 116.8 124.6 132.1 139.1 144.6 148.9 151.9 153.8 156 159.3 161.9 165.2 169.4 174.5 179.3 184 187.9 191.5 195 198 201.2 205.1 210.4 213.7 217 220 222.8 223.7 224.9 225.8 226.5 227.4 228 229.1 231.2 232.8 234.4 236.3 237.8 238.6 239.9 241.1 242.2 244.6 247.9 251.6 254.6 255.4 254.9 252.2 248.6 243.2 235 226.6 219.6 222.5 229 237.6 246.8 252.5 256.3 258.6 259.9 259.4 258.7 257.4 255.6 254.6 252.9 250.2 246.9 239.7 231.3 246.6 248
127.7 118.2 110.3 117.7 126.7 134.8 141.5 147.2 151.3 153.1 154.8 157.1 160.5 163.7 166.4 170.8 176.4 180.9 185.1 188.9 192.3 195.1 198 201.3 205.3 209.6 212.9 215.8 218.6 221 223 224.2 225 225.7 226.5 227.3 228.9 231 232.6 234.1 236.6 239.3 240.8 242.5 244.2 245.8 249.2 253.4 257.3 259.4 260.4 259.3 256.6 252.1 246.5 238.7 230.9 221.3 217.8 219.7 225.1 237 247 252.2 254.7 255 254.5 254 252.3 250.5 246.5 247.4 245.4 243.3 236.5 231.2 244.6 246.7
123.3 108.6 111.4 119.1 127.8 136 142.9 148.7 151.5 153.1 155.9 158.7 161.8 165.1 168.2 172.9 177.6 181.9 186.2 189.7 193 195.7 198.4 200.9 203.9 207.3 210.5 213.9 216.8 219 220.8 222.5 224.1 224.9 225.7 226.6 228.4 230.6 232.3 234.1 236.9 239.6 242.3 244.8 246.5 249.8 252.6 257.4 261.8 263.8 264.4 262.7 259.6 255.3 249.8 243 236.7 227.8 218.9 215.6 216.8 228.1 237.9 244.1 248.3 249.9 249.4 247.8 245.2 244.5 241.7 243.4 241.9 239.8 231 235.4 242.1 244.1
118.7 102.7 113.4 121.2 129.4 137.2 143 147.8 151.3 153.8 157 160.2 163.2 166.7 170.7 174.2 178.6 182.9 186.9 190.4 193.6 196.3 198.6 200.5 202.5 204.2 207.7 211.6 215 216.8 218.5 220.2 221.9 223.6 224.5 225.4 227.1 229.6 231.9 234.4 237.2 239.9 242.8 246 249.5 252.4 255.2 260 264.7 266.7 266.5 265.8 262.2 258.6 253.1 247.2 241.2 234.9 227.5 217.4 213.6 220.4 230.8 236.3 240.4 243.6 243.1 241.7 237.1 235.5 239 238.5 237.3 235.6 227.4 232.1 237.9 239.6
112.5 101.6 115.5 123.8 131.8 138.5 143.6 147.6 151.3 154.4 157.7 160.9 164.6 168.3 171.8 175.3 179.6 183.8 187.6 190.9 193.5 196.1 198.2 199.7 201.2 202.8 205.4 209.2 212.3 214.5 216.3 218 219.7 221.4 223.1 224.3 225.9 228.7 231.6 234.6 237.5 240.2 243.4 246.5 250 253.9 257.8 261.7 265.3 267.6 268.4 267.3 264 260.4 255.7 250.8 245 240.3 234.5 226.3 212.3 214.4 223 229.5 233.3 236.1 237.5 236.7 233.3 233 234.2 233 231.8 229.8 223.5 226.5 230 232.7
102.1 109.5 118.2 126.9 133.9 139.3 143.7 147.7 151.9 155.4 158.6 162 165.6 169.1 172.8 176.4 180.6 184.5 187.9 191 193.4 195.9 197.7 198.8 200 201.4 203.3 207.1 209.4 211.7 213.9 215.7 217.4 219.3 221.3 223.2 224.9 227.8 230.8 233.8 236.8 240.3 243.9 247.1 250.6 254.4 257.7 261 264.8 267.4 269 268.3 265.4 261.8 257.7 253.5 248.8 243.6 238.3 231.1 217.7 210.8 214.4 222.1 227.3 230.7 232.8 232.1 230.9 230.6 229.9 229 227.7 225.4 218.4 222.2 223.2 224.2
104.1 111.2 120.6 128.4 133.4 139.3 143.8 148 152.2 156.3 159.6 163.1 166.5 170 173.7 177 180.6 184.5 188.1 190.9 193.3 195.6 196.7 197.8 198.9 200 201.6 204.1 206.4 208.9 211.4 213.7 216.1 218.1 220.1 221.9 224.1 227 230 233 236.2 239.8 243.4 247 250.4 253.6 256.7 260 263.9 266.7 268.3 268 266.2 262.8 258.7 254.5 250.2 244.9 239.6 234.2 222.9 210.9 208.8 216.5 223.4 226.4 228.1 227.8 227.3 226.7 226 225.4 224.2 222.2 213.9 210 212.4 213.9
104.4 112.9 122.6 129.7 134.4 139.2 144.5 148.7 152.8 156.7 160.7 164.1 167.4 170.8 174.1 177.4 180.9 184.5 188.1 190.4 192.6 194.7 195.5 196.4 197.5 198.8 200.2 202.1 204.5 207 209.3 211.7 214 216.4 218.8 220.7 223.2 226.2 229.3 232.4 235.5 239.4 243 246.5 249.7 252.9 256.1 259.2 263.1 265.4 267.2 267.6 266.1 263.8 259.7 255.5 251.4 246.2 240.9 235.6 226.8 214.1 208.8 209 216.9 219.7 222.1 222.1 223 222.7 222 221.4 220.4 205.1 206.9 209.1 218.7 222.4
102.6 112.3 123.3 130.9 135.6 140.3 145.2 148.9 152.3 156.1 160.3 163.8 167.2 170.4 173.6 177.2 180.9 184.7 187.9 190 192 193.8 194.7 195.5 196.2 197.4 198.6 200.5 202.7 205 207.3 209.6 212 214.3 216.7 219.2 222.2 225.5 228.6 231.7 235 238.9 242.6 245.9 249 252.2 255.4 258.5 262.2 264.4 265.9 266.8 266.2 263.9 260.7 256.6 252.4 247.2 241.6 235.4 228 217.8 211 206.5 207.3 211.5 213.6 215.6 216.8 218.3 218.3 218.2 216.5 204.3 207.6 217.1 222 227.2
106.6 115.2 126.2 131.9 136.7 141.3 144.9 147.9 151.6 155.5 159.5 163 166.3 169.5 172.7 176.4 180.5 184.6 187.7 189.8 191.8 193 193.7 194.2 194.7 195.7 197.1 198.9 201.1 203.2 205.4 207.4 209.8 212.2 214.6 217.3 220.2 223.8 227.9 231.1 234.6 238.4 242 245.2 248.6 252.1 255.2 257.9 260.9 264 265 266.4 266.1 264 261.3 257.3 253.1 247.6 242 235.7 229.5 221.2 213.6 208.3 203.6 206 208.8 210.9 212.7 214.3 215.2 214.6 208.2 202.4 212.9 218.8 223.7 228.1
109.4 119.3 128.3 133.1 136.9 141.4 145 147.4 150.6 154.8 158.7 162.2 165.3 168.4 172.1 176.5 180.6 184.8 187.6 189.7 191.3 192.2 192.3 192.5 193 194 194.5 197.3 199.5 201.6 203.5 205.2 206.7 210 212.4 213.7 217.9 221.6 226 230.4 234.1 237.5 241.8 245.2 248.7 252.1 255.4 258.1 260.8 263.1 264.6 265.9 266 264.5 262 258 253.8 248.7 243.5 237.5 231.5 224.5 217.7 210.3 202.6 203.5 205.7 207.9 209.1 210.6 212.2 212.3 199.3 206.9 214.7 219.7 224.1 228.7
114.6 123.2 129.8 134 138 141.4 144.4 146.7 149.7 153.6 157.6 161.4 164.4 167.3 171.5 176.2 180.8 184.9 187.6 189.2 190.7 190.8 190.9 191.1 191.3 192 191.4 195.1 197.9 199.5 201.2 202.6 204.1 206.2 208.9 213.5 218.4 222.6 226.7 229.2 233.8 238.9 243.1 245.8 248.8 252.1 255.4 258.3 261.1 263.6 265 266.3 266.4 265.5 263.5 259.5 255.9 251.3 246.2 241.3 234.9 227.1 219.3 209.8 202 201.4 203.7 205.4 205.9 207.2 209.2 208.6 201.6 208.9 215 219.5 224.4 228.8
118.8 126.5 131.9 135.1 138.9 141.7 144.3 146 149.1 153 156.9 160.6 163.7 167.1 171.5 176.1 180.6 185 187.5 188.8 189.2 189.4 189.5 189.7 189.7 189.6 192 193.7 195.2 196.9 198.2 200.6 204.3 207.8 210.9 215.6 220.2 224.7 228.7 232.9 237.6 241 244 246.9 250.2 253.2 256.2 258.7 261.8 264.1 265.5 266.8 267 266.6 264.7 261.3 258.5 254.6 250 244.6 238.2 230.5 220.7 210.5 203.4 198.2 201.6 202.5 203.1 205.3 205.9 204.2 202.4 209.4 214.6 218.8 223.7 228.6
122.7 129.6 134.6 137.1 139.5 142.2 144.1 145.4 148.6 152.3 156 159.7 163.2 167.3 171.7 176.1 180.7 185 186.7 187.4 187.6 187.8 187.5 187.5 186.6 187.7 189.9 190.3 191.9 194.9 199 202 205.6 209 212.9 217.2 221.9 226.4 230.8 235 238.4 241.6 245.1 248.9 252.1 255.2 258.1 260.5 262.9 264.8 266.5 267.9 268.2 267.7 265.9 263.8 261.3 258.7 254.7 249.3 243.6 233.1 222.7 212.3 202.8 198.6 199.4 200.1 200.9 202.4 200.9 198 203.4 209.4 214.1 218.1 223 227
123.7 131.1 135.4 137.9 140.1 142.1 143.5 144.9 147.7 151.4 155.1 158.9 162.8 167.3 171.6 176.5 181.2 184.4 185.5 185.9 186.1 186 185.7 184.6 184.3 186.2 188.3 186.4 192.1 196 200.1 203.4 206.5 209.7 213.7 217.8 222.5 227.4 232.2 235.7 239.3 243.1 246.9 250.9 254 257.2 259.8 262.2 264.6 266.1 267.7 269 269.6 269 267.3 265.9 264.1 262.6 258.8 254.6 249.1 237.5 224.9 214.4 204.3 197.6 197.8 198.3 198.7 200 195.9 198.5 205.3 209.7 213.8 217.6 220.7 225.4
121.9 129.2 133.3 135.7 138.2 140.5 141.8 144 146.8 150.5 154.3 158.1 162.2 166.7 171.1 176.5 181.2 183.5 184 184.4 184.3 184.1 183.9 182.1 181.2 184 183.1 188.6 193.2 196.9 200.5 204 207.2 210.5 214.9 219.5 224 228.5 232.9 236.8 240.7 244.7 248.9 253 256.1 259.1 261.6 264.1 266 267.5 269 270.2 271 270.3 268.7 267.5 266.7 265.6 263.9 259.5 250.7 238.1 225.1 213 204 197.2 195.1 197.3 193.8 193.3 190.9 200.9 206 208.9 212.8 216.9 213.8 215.3
115.5 124.3 129.8 133 134.7 137.3 138.7 141.4 144.9 149.2 153 157 161.4 165.8 170.9 176.1 180.4 181.9 182.6 182.4 182.3 182.1 181.9 178.4 179.3 179.6 184.4 190.6 194 197.3 200.7 204.2 207.6 213.3 218.2 222.6 227 231 234.4 237.8 242.2 246.4 250.7 254.8 257.7 260.8 263.5 265.8 267.4 268.9 270.2 271.4 272.2 271.5 270 269.2 268.2 268.3 266.4 260.4 249.5 236.3 223.7 211.1 202.2 196.8 193.5 191.2 191.6 191 196.8 199.2 198 201.3 203.8 206.1 215.3 217.9
104.9 112.5 120 121.4 126.8 130.5 133.1 138.2 142.6 147.9 151.8 155.9 160.6 165.8 171 176 179.5 181 181.3 180.6 180.2 180 179.4 175.3 178.7 184.5 188.6 191.6 194.7 197.9 201.3 205 210.4 216.2 221.3 225.6 229.9 233.5 236.9 240.3 244.1 248.2 252.5 255.7 258.6 262.1 264.8 266.6 268.6 269.8 270.7 271.8 271.6 270.3 267.4 266 266.1 266.8 264.9 259 248.2 233.8 220.8 208 200.7 196 192.3 189.2 190.9 197 201.3 205.5 208.1 212.5 215.5 216.8 218.9 225
119.6 123 124.9 126.3 128.2 127.2 124.6 132.6 138.6 145.9 150.8 154.8 160 165.2 170.5 174.8 177.3 178.7 179.3 178.5 177.3 177.6 174.5 176.6 181.6 187 190.1 192.5 194.9 199.2 203.1 208 214.3 220 224.4 228.5 232.5 236 239.6 242.8 246.5 250.7 254.1 256.8 259.6 262.8 264.7 266.5 267.7 268.6 270 270.1 269.3 266.5 264.1 262.1 261.2 260.5 257.7 251.9 242.7 228.3 214.2 203.5 199.8 193.7 187.6 188.5 193.8 199 204.7 211.3 216 219.5 221 223.1 224.9 226.7
123.1 127 132 134.4 135.8 136.9 137.8 135.4 128.7 140.1 148.1 152.9 158.6 164 168.4 172.2 174.3 176 176.7 176.1 174 173.4 172.3 179.8 183.5 188.1 191.1 193.6 196.8 200.8 205.3 211.8 218.2 223.2 227.7 231.7 235.2 238.8 242.3 245.4 249.3 253.3 255.7 258 260.3 262.3 264.3 265.8 266.7 267.4 267.6 266.7 266 263 259 254 251.2 248.6 245.3 238.9 228.5 215.7 204.8 198 194.5 190.1 187.1 190.3 195 201.6 208.3 216.1 222.9 226 229.3 231.8 233.4 232.9
124.6 129.5 132.9 136.1 138.1 140.4 142 141.4 141.6 132.4 140.5 149.2 156.1 161 165.3 168.8 170.7 172.5 172.5 170.7 168.2 166.5 175.4 181.6 184.5 188.8 192.5 195.5 198.7 202.4 209 215.8 221.8 226.5 231.1 235.4 238.6 241.8 245.4 249.2 253.1 255.1 257.2 259 259.8 261 262.7 263.7 264.7 265.5 265.2 264.3 261.4 257.7 251.8 246.3 240.1 232.5 228.6 220.2 213.9 205.9 198.6 193.9 190.8 184.3 185.8 192.5 197 205.2 213.4 222.6 229.7 234 237.5 239.7 241.6 240.4
124.7 129.3 132.7 136.2 140.7 143.4 145.6 146.8 147.5 146.4 141.8 138.9 143 153.2 160.7 163.4 164.9 166.3 160.7 163.2 168.2 175 180 182.8 185.6 189.6 193.6 197.4 200.5 205.8 213 219.4 225.4 231 235.1 239 243.2 247.1 250.3 253.3 256.4 258.3 259.5 260.5 260.4 260.6 260.4 261.4 262.4 263.4 262.5 260.2 257.8 251.6 245.3 238.3 231.4 222.4 215.6 209.2 205.4 202 195.9 191.1 183.7 183.7 189.5 193.4 200.2 208.4 219.9 229.1 236.4 241 245 247.2 248.6 248.3
124.4 129.3 132.8 137.5 143 146.9 150.3 152.4 152.6 152 151.1 150.1 153.3 153 152.7 155.5 160.4 163.8 166.4 170.7 173.8 177.4 180.9 183.5 186.1 190.3 194.5 198.6 202.2 209 215.9 222.3 228.3 235.2 240.4 245 248.8 252.4 255.5 258.2 259.6 260.1 261.2 262.4 262.4 261 258.3 258.5 259.4 258.4 257.5 256.6 254.1 248 241.1 232.7 224.5 216 208.9 203.6 200.6 196.9 191.6 181.9 182.5 183.1 190.1 195.1 202.9 214.1 225.3 234.8 242.6 248.1 252.3 254.4 255.4 255.3
124 130 133.1 138.5 143.8 149.9 153.5 155.6 155 154.1 154 156 158.7 161.5 163.9 165.5 166.6 168.5 172.1 175 177.2 179.1 181.4 183.9 186.5 190.8 195.1 199.3 204.3 211.1 217.9 224.9 231.6 239.1 244.4 250.1 254 257.6 260.1 262 262.8 263.4 263.9 264.4 263.4 261.8 257.7 254.6 254.1 253.2 252.5 251.8 248.9 243.9 236.9 228.3 219.3 210.7 204.5 199.7 196.3 193.5 188.6 180.1 183.4 188.1 191.8 197.7 206.7 219.4 230.2 240.4 248.2 254.7 259.3 261.5 262.4 262.8
124.1 128.9 132.6 137.4 142.7 149.1 153.5 154.7 155 155.3 155.4 157.6 160.2 162.6 165.7 167 168 170.3 173.5 175.9 177.8 179.7 181.9 184.4 187 191.3 195.6 200.4 205.9 211.7 219 227.7 236.8 243.4 249.5 255.1 259.5 262.1 264.5 265.6 266.1 266.6 266.5 265.8 265.1 263.1 258.8 253.3 249.7 248.1 247 245.9 242.2 238.2 232.6 223.1 213.6 205 200.2 196.2 193.3 190.7 180.9 179.7 184.2 188.9 194.7 200.8 211.5 223.4 234.8 246 253.2 259.3 265.4 268.6 269.8 270.5
123.3 127.2 131.7 136.6 141.5 146.2 151.4 153.8 154.2 154.6 156.6 158.8 161.3 163.9 166.6 168.4 169.9 172.2 174.8 176.7 178.6 180.4 182.5 184.9 187.3 191.5 196.3 201.8 207.4 212.7 222.2 231.8 240 248.2 254.5 260.3 264 266.8 268.2 269 269.3 268.2 267.3 266.6 265.8 264.2 260.4 254.7 247.5 244.4 241.1 239.1 236.1 231.8 226.7 218.3 208 200 196.3 192.6 188.9 178.1 178 182.1 185.7 189.9 196.8 204.5 213.4 225.4 238.9 250.4 257.6 264 270.9 275.5 276.9 277.5
121.4 126.2 130.5 135.3 139.6 143.5 148.6 152.2 153.6 155.4 157.5 159.6 161.7 164.6 167.2 169.1 171.2 173.5 175.2 176.9 178.8 180.5 182.4 185.3 187.8 191.9 197.5 202.4 208.3 213.4 224.8 234.8 243 251.3 258.5 264.2 268.2 270.9 271.7 271.9 271.4 270.5 269.2 267.9 266.6 265.1 261.1 256.1 249 242.2 238.4 233.7 230.6 226.3 220.9 212.1 202.2 195.8 191.7 189.2 183.4 176.1 178 183.9 187.3 191.9 198.9 206 214.1 226.1 240.6 253 261.9 269.9 276.5 281.7 283.5 284.3
119.6 123.9 128.7 134 137.5 141.7 146.3 150.2 153.3 155.5 158 160.4 162.6 164.9 168 170.1 172.2 174.3 175.5 176.7 178.6 180.7 182.5 185 187.8 193.2 198.2 202.6 208.7 215.1 225.9 237.5 246 254.3 261.7 267 271.4 274.3 274.3 274 273.6 272.7 271.5 270.2 268.9 266.3 262 257.6 250.7 242.9 234.7 228.9 225.2 221.1 215.9 206.4 197.8 191.1 186 180.6 175.5 176.4 180.1 185.5 188.9 194.1 201.4 208.3 215.3 226.5 242.2 254.6 265.7 275.1 283.2 287.6 290.3 291.1
117.6 121.5 127.2 132.5 136 140.8 146.4 150 153.2 155.4 157.6 160.1 162.6 165.3 168.4 171.1 173.2 174.5 175.7 176.9 178.2 180.2 182.4 185.4 189.1 194.1 198.7 203.4 210.3 216.5 227.7 239.1 248.1 256.7 264 269 273.3 276 275.9 275.6 275.2 274.8 273.7 272.5 270.4 267.5 263.2 258.7 252.3 243 233.5 226.7 219.9 214 211.5 202.4 193.7 185.4 183.1 174.5 173.6 179.1 183.2 187.1 190.5 197 204.3 210.6 217.2 230 244.8 255.9 268.1 278.8 288.5 294.6 297.9 299.9
114.4 120.2 125.8 130.7 135.3 141 146.4 149.9 153.1 155.3 157.4 159.8 162.1 166 169.4 171.9 173.7 175 176 177.2 178.4 179.8 181.8 185.5 189.7 194.7 199.5 204.2 211.3 218.1 229.7 240.4 249.1 257.4 264.2 270.3 274.4 276.1 276 275.6 275.7 275.6 275.1 274.1 271.7 268.6 264.5 259.3 253.7 246.1 235.8 225 218.5 211.4 204.8 196.6 189.4 181.8 172.2 173 176.7 181.2 185.4 188.6 192.5 199.6 207.1 213.3 219.3 233.6 246.1 256.4 269.7 281.5 291.5 299.1 304.1 307.3
112.2 118.1 124 129.7 134.9 141.3 146.4 150.2 153.1 155.4 157.6 160.2 162.8 166.9 170.4 172.5 174.3 176.1 176.6 177.2 178.6 179.9 181.4 185.9 190.6 195.3 199.6 204.7 211.7 219.3 231.5 240.8 248.6 256.5 264.1 269.9 273.1 274.2 275 276 276.3 276.3 275.8 274.6 272.7 269.8 265.6 260.4 254.7 247.7 237.5 227.1 217.5 210.9 204.1 193.7 183 178.4 171.5 169.7 178.7 183.1 186.4 190 194.9 202 209 215.5 222 235.3 245.8 255.9 268.9 282.3 293.4 302.9 310.2 315.4
108.4 117.4 124.1 128.9 135.1 141 146.1 150.9 153 155.9 158.2 161.2 164.3 167.5 170.7 172.4 174.9 176.4 176.9 177.4 177.3 180.6 183.2 186.1 190.8 194.8 198.9 205 212.5 220.6 232.5 241.2 249.1 257 263 267.8 270.6 271.9 272.6 273.6 275.7 277.1 276.6 275.2 273.4 270.9 267 261.6 255.1 247.9 239.3 229 219.3 210.4 202 192.7 182.3 174.2 170 168.6 179.5 182.8 186.5 191.3 196.5 203.4 210.2 218 224.3 232.3 245.3 255.3 267 280.6 294.3 305.3 315.1 321.4
