data/290000-670000.asc
ncols 200
nrows 200
xllcorner 290000
yllcorner 670000
cellsize 50
[rows 0 to 34 of 200, columns 79 to 157 of 200]
5.5 5.1 5 5.1 5.1 5.2 5.7 6 5.6 5 4.4 4 3.8 3.9 -2.2 -2.2 5.6 5.7 5.3 5 4.9 6.2 6.9 5.7 4.9 4.5 4.3 4.8 6.1 7 6.7 7 7.2 7.8 9 13.3 23 30.7 31.4 34.6 38.7 43.1 46.8 49.3 55.6 47.8 37.6 39.4 48.5 50 52.6 55.6 58.3 59.9 61 63.3 64.1 64.3 62.8 61.9 62 63.2 65 64.6 65.5 66.5 66.2 66.4 66.7 66.5 64.4 65.4 67.3 69.7 71.8 71.1 69.3 67.5 66.9
5.4 4.9 4.6 4.5 4.5 4.9 5.5 6 6.1 5.3 4.4 4.3 4.1 3.9 3.8 -2.2 5.6 5.9 5.9 5.3 5.1 5.3 5.2 5.4 6.1 6 6.1 7 8 9.7 11.8 13.2 12.9 15.5 17 21.3 26.7 32.9 33.6 40.1 45.4 52.1 55.5 57.2 54.4 47.1 42 48.7 52.8 53.5 56.7 58.6 61.1 63.3 65.4 69.8 70.2 67.3 67.2 66.8 67.5 68.7 68.9 68.9 67.9 68 68.2 68.5 68.7 69.3 68.8 70.2 72.4 74.1 75.2 75.3 74.3 72.9 72.4
5.5 5.8 5.1 4.5 4.2 4.6 5.1 5.6 5 4.5 -2.2 -2.2 -2.2 -2.2 -2.2 -2.2 5.7 5.9 6.4 5.7 5.3 5.6 5.8 6.4 6.9 7.6 8.8 9.7 17.2 20.3 20.1 22 21.8 22.9 26.2 29.9 33.7 38.9 41.1 46.4 50.7 54.2 55 55.8 50.4 43.7 46.3 51.5 56.8 58.8 59.4 61.4 64 66.6 67.5 68.6 67.9 69.2 70.5 70.8 70.8 72 72.3 71.9 71.6 71.3 70.6 70.5 70.8 71.3 74.3 74.9 75.7 76.8 77.9 78.8 78.4 78.1 77.4
6.6 6.1 5.5 5.1 4.9 5 5.2 5.6 6.1 5.7 -2.2 -2.2 -2.2 -2.2 -2.2 -2.2 5.5 5.9 6.5 6.3 6.8 7.9 7.7 9.1 10.3 12.7 13.9 11.9 26 28.5 28.4 27.4 26.4 29.1 31.1 34.9 38.1 45 49.4 54 52.9 51.7 51.8 52 47.1 41.1 47.3 53.9 57.3 58.8 60.3 60.9 61.6 62.2 63.9 65.8 65.9 68.4 67.9 70.5 71.4 73.8 74.2 74.6 75.2 75.3 74.6 73.9 73.2 74.8 76.3 77.8 78.7 79.5 80.4 81.2 81.2 82 82.4
5 4.6 4.6 5.6 5.1 4.9 5.3 6.4 5.5 -2.2 -2.2 4.2 5.3 4.9 5.4 5.5 5.6 5.6 5.9 5.8 5.8 6.1 7.3 9.9 14.7 16.6 16 14.7 25.8 26.2 31 31.4 31.2 33.9 36.6 39.6 44.1 47.8 49.6 51.7 51.6 50.7 49.4 47.7 45.6 39.7 45 53.2 55.3 55.5 55.8 57 57.4 58.5 60.7 62.9 64.4 66.5 67.4 69 72.1 74.6 75.8 77.6 78.3 77.5 76.7 75.8 76.6 79.2 78.9 79.4 80.7 80.7 81.7 83.3 84.6 85.4 85.1
5.2 4.7 4.9 5.1 5.3 5.2 5.3 5.9 6 -2.2 4.8 -2.2 -2.2 3 3.8 5.1 4.5 4.5 5.5 5.2 5.7 5.9 6.2 7.8 11.3 14.1 14 12.7 12.7 13.2 17 30.9 35.9 38 41.9 43.5 43.8 45.1 46.1 46.7 46.1 45.8 45.3 43.1 41 38.8 40.4 45.7 50 50 51.6 53.3 54.4 55.5 57.4 59.9 62.5 64.6 66.2 67.8 72.2 75.1 76.1 78.9 80.4 79.5 78.4 78.9 81.5 84.4 84.4 84.8 84.7 83.8 83.2 84.8 86.1 85.9 85.9
5.5 5.3 5.3 5.3 5.4 5.5 5.8 5.7 -2.2 -2.2 3 -2.2 -2.2 7.1 7.5 8.2 8.3 8.3 5.3 5.5 5.5 6 6.2 6.7 7.5 7.9 6.2 7.4 7.9 7.5 7.7 14.3 29.3 38.3 40.8 43.1 41.8 42.5 43 42.1 41.3 41.2 41.7 41.7 41.2 38.6 36.1 41.3 46.3 48.7 49 50 51.4 52.8 54.9 57.4 60.1 62.6 64.2 67.4 71.7 74.1 76.3 78.5 81.1 81 81.2 84 86.6 89.3 90.2 90.1 90 88.9 87.8 88.5 89.1 88.8 88.2
5.9 5.8 5.7 5.8 5.8 5.8 5.9 6.2 6.6 7.4 7.8 7.6 9.7 11.6 16.7 18.1 19.9 20.6 16.3 9.7 5.6 4.3 5 6.2 6.9 7.3 7.7 9.7 10.3 11.3 7.2 8.4 20.8 31.7 34.4 37.7 38.5 39.1 39.7 39.2 38.4 37.6 37.7 38.3 38.4 37.8 34.8 39.4 44 46.2 46.8 47.9 49.7 51.5 53.8 56.5 59.4 61.7 63.6 66.4 70.4 72.7 75 77.6 80.2 81.3 82.6 85.7 88.7 91.6 93.5 94.1 94.2 93.9 93.5 93.4 92.9 91.5 90.4
6.3 6.2 6 6.2 6.7 7.2 8.3 9.2 8.8 9.9 14.7 18.3 22 22.8 28.6 28.1 28.9 29.3 26.9 19.3 12.9 11 10 9.3 8.4 10.9 10.4 11.8 14.2 16 11.6 8.1 14.3 23.3 26.3 29.4 33.6 35.9 36.4 36.1 35.1 34.6 34.5 35.1 34.8 35.1 35.7 37.2 39.7 42.9 44.8 46.7 48.9 51.2 54.3 56.7 59.1 61.4 63.4 65.5 69 71.4 74 75.2 77.7 78.7 82.2 85.4 87.8 90.1 91.4 93.1 94.4 94.8 95.1 94.7 94.3 93.8 93.1
7.6 6.8 6.4 6.6 8.2 9.3 15.5 19 20.8 23.5 27.1 31.2 32.5 32.9 33.1 34 34.1 34.7 36.1 29.3 20 17.7 18.9 19 12.4 11.4 11.5 11.9 13.7 15 19.8 9.8 8.5 18.7 23 23.9 29.5 32 32.7 32.1 31.9 31.6 31.3 32.9 34.3 34.8 35.4 36.6 36.9 39.4 42.3 48.1 49.7 52.1 55 56.9 58.8 61.1 63.1 65.2 67.8 70.3 72.8 73.9 75.7 78.9 81.4 83.7 86.1 88.2 89.3 90.5 92.1 92.9 93.4 93.5 93.5 93.5 93.5
10.4 9.8 9.3 9.5 14.2 20.5 25.8 27.5 31 33.8 35.6 36.2 36.1 36.2 37.4 39.3 40.4 39.8 39.8 37.4 29.6 27.4 30.7 26.1 18 12.6 12.6 12.6 13.9 16.4 22.5 18.4 8.5 7.8 11.8 15.7 19.6 28 28.3 28.2 28.6 29.3 29.4 31.6 32.4 33.7 34.6 34.8 36.3 38.5 43.2 48.6 49.9 52.4 55.3 58.2 59.8 60.9 62.9 64.6 67.1 69.2 71.6 73.1 74.7 77.4 79.8 82.1 84.4 86.6 88.5 90.3 91.4 91.7 92.2 93.3 93.3 93.4 93.6
15.6 16.7 15.3 20.5 25.3 28.2 30.5 32.4 35.8 39 42.9 43.6 43.9 41.9 40.8 40.5 40.9 41.6 39.9 37.9 37.6 36.7 38 34.1 26.6 18.9 14.4 14.7 15.6 18.4 23.6 23.3 16.7 15.7 9 8.3 12 23.7 27.5 29 31.7 31.9 32.1 31.4 30.4 31.2 32.9 33.2 37.3 39 43.5 47.8 50 52.6 55.6 58.6 60.8 61.1 62.1 63.7 66.4 69.2 71.4 73.5 75.3 77.6 79.8 82.2 84.7 87.1 88.6 90.4 91.4 91.2 92.4 94.8 94.8 93.9 94.3
26.4 26.6 29.1 30.5 33.4 34.9 36.8 39 42.8 46.4 50.4 52.8 53.3 47.3 44.1 42.8 42.5 42 41.7 39.6 40.1 40.8 40.2 38.8 36.4 28.3 21.1 19.8 20.1 23.1 26.1 28.6 26.5 26.5 20.2 13.3 8.1 15.8 23.8 27.2 31.3 33.1 33 32.7 33.2 32.7 32.2 33.5 35.5 39.2 42.9 47 49.3 52.1 53.8 55.8 57.7 59.9 61.3 62.8 65.6 68.5 71.3 73.9 76.1 78.2 80.1 82.5 84.9 87.4 88.6 90.3 91.3 91.4 91.9 94.1 95.6 95.1 96.1
29.6 38.4 38.3 39.9 41.9 43.9 48.4 53.2 52.9 53.2 56 56.1 56.1 51.1 45.9 43.5 43.1 43.3 41.9 40.1 40.4 41.2 40.9 40.5 40.4 38.1 33.3 30.7 27.9 30.9 30.5 31.6 33.6 35.3 29.5 23 14.4 8.2 12.4 21 29.7 33.8 34 34.2 34.2 33.7 34 36.2 38.9 39.8 40.8 47.2 48 51.1 53 55.1 57 59.1 60.5 62 64.9 67.7 70.6 73.3 76.4 78.7 80.6 82.8 85.2 86.9 88.3 89.4 90.6 91.4 91.7 93.1 94.7 95.3 95.8
27.1 36.3 41.6 43.5 44.6 47.6 53.7 54.9 53.2 56.1 56.1 56.1 56.1 51.6 45 44.2 41.6 42.7 42.6 39.8 39.7 39.7 39.3 39.2 39.1 38.3 37.9 35.4 33 32 32.3 32.8 35 39.8 34.3 32.4 24.4 14 10 19.3 30.5 33.8 34.6 34.9 34.6 34.1 35.2 38.7 42.5 43.5 41 44.9 45.5 49 52.5 54.6 56.2 58.2 59.7 61.3 64.1 67 69.9 72.5 75.1 78.3 80.9 82.6 83.8 85.4 86.2 86.9 88.4 89.9 89.9 91.6 93.4 94.9 95
17.9 27.1 31.2 32.2 33.2 38 42.6 46.1 48.7 56.1 54.6 51.5 48.8 46.6 42.8 41.9 41.2 41.5 41.9 39.4 38 37.8 37.7 37.8 37.3 36.5 35.7 35.2 33.6 32.7 32.4 32.9 36.5 43.1 40.8 34.2 32.7 24.2 14.5 12.5 23.8 32.2 34.6 34.8 34.6 35.1 37.1 40 44.7 45.2 40.5 42.7 44.6 47.9 51.9 54.2 55.6 57.4 59 60.3 62.5 64.8 66.8 69.4 71.4 73.5 75.4 78.2 80.3 82.4 84.1 85 86.1 87.3 87.6 87.8 89.3 91.4 93.1
18.9 19.9 21.9 24.2 25.4 26.8 29.3 33.4 37 42.9 44.2 42.6 42.1 40.8 40.5 39.7 39.4 39.5 39.1 38.7 38.6 37.3 36.8 36.8 36.1 35.5 34.6 34.5 34 33.4 33.1 33.3 34.6 43 45.8 40.9 33 32.2 13.8 10.4 10.6 17.6 26.7 34.9 35.1 36.7 40.1 45.3 47.9 48.1 41.1 49.2 49.4 49.3 52.8 54 54.3 56.1 57.5 58.8 61 62.6 64.3 65.2 67.8 68.3 70.4 73.3 77 79.3 81.4 83.1 84.2 84.9 85 85 85.2 87.1 88.6
24.1 26.1 28.5 23.3 23 23.6 24.1 25.3 27.4 31.2 34.4 34.5 36.2 37.5 38 38.1 38 37.9 38.8 38.4 37.9 36.8 36.5 37.8 37.2 35.6 35.1 34.4 34.3 34.2 33.8 33.8 34.6 44.1 51.8 48.9 40.2 35.4 27 28.3 25.1 17.1 11.5 21.2 30.9 36.7 40.5 45.2 50.1 50.3 44.9 49.1 51.4 51 53.5 54.9 54.1 55.7 57.1 58.4 60.5 62.7 64 64.2 64.6 64.7 68.5 70.5 72.8 75.7 77.6 79.4 81.3 82.6 83 82.9 83.1 83.3 84.8
24.1 27.4 30.8 29.8 25.8 24.3 25 25.1 25.9 30.5 30 30 33.3 35.1 36.9 37.7 38.1 38.5 39.6 42.2 41.4 38.4 37.5 39.3 37.8 36.5 36.6 35.9 35.1 34.6 33.2 33.8 37.7 46.1 56.8 56.3 47.2 41.9 34.5 35.7 41 37.1 28.9 15.6 14.6 14 14.2 15.9 26.6 39.4 44.9 44.6 50 52.7 55 55.4 54.7 55.8 58.2 60.7 63 64.3 64.6 65.8 66 68 73.2 75.5 75.4 75.8 77.3 79.1 80.8 81 81.4 81.6 81.8 82.4 82.4
25.3 26.3 30.4 35.2 35.6 35.2 34.9 32.9 33.6 30 30 30 30 33 35.5 37.1 38.7 39.1 40.7 42.7 44.8 40.5 37.8 39.3 39.4 40.3 39.3 38.6 39 39.1 39.1 38.2 40.3 51.6 62.8 63.4 54.7 47.4 40.1 42.8 44.5 46.7 47.2 39.6 26.8 25.8 25.3 23.3 13.3 26.3 45 41.8 48.7 54 56.6 58.5 57 58.2 60.6 63.1 65.4 68.3 70.5 72.2 72.2 74.6 76 77.9 78.3 78 79.8 80.1 80.2 80.3 80.1 80.3 80.5 81.1 81.6
29.4 29.6 32.9 36.2 37.3 38 36.8 35.9 36.1 33.2 30 30 30 33.5 36 37.8 39.4 41 43.3 45.5 44.3 41.5 39.8 45.3 47 49.2 45.6 43 43.8 44.3 44.5 44.2 45.8 56.5 64.9 64.5 61.3 54.4 48.9 51.1 49.3 51.1 49.6 50.1 45.2 41.6 40.5 39.2 22.7 23.4 47 49.2 46.2 55.4 58.4 61.5 60 60.7 63.1 65.5 68.5 70.7 73 76 76.8 77.3 78.2 78.8 79.4 80.2 80 79.8 79.8 79.6 79.4 79.2 79.3 79.8 80.8
35.1 34.4 31.5 37.1 38.1 38.5 37.9 37.4 37.7 37.8 33.6 30 30 34.1 38.6 39.9 43 46.1 47.2 50.2 46.6 41 44.2 51.5 54 56.2 56.3 54.5 54.8 56 55.6 54.8 55.8 64.2 65.1 64.9 64.7 62.7 61.2 60 54.9 51.8 50.3 49.3 49.4 46 46.1 46 33.1 18.5 49.6 53.2 43.2 53.5 60.2 64 61.8 59.4 61.7 64.1 66.5 69.6 73.3 73.7 75.4 76.8 76.8 77.8 79.1 79.4 79 78.8 79 79.3 78.9 78.6 78.3 78.3 79.1
39.2 42.2 42.6 34.2 32.9 38.9 38.9 39 39.5 39.5 33.6 33 33.2 36.4 41.3 44.2 46.1 51.7 52 51.2 46 42.4 42.8 48.2 53.5 56.3 61.8 64.3 63.6 64.2 62.3 60.3 63.2 64.2 64.2 65 65.1 64.5 65.5 61.7 56.1 47.5 47.4 50.5 48.3 43 44.5 49.3 32.7 16.6 49.3 54.2 45 55.2 59.4 63.8 62.7 60.7 60.1 62.4 64.7 68.1 70.8 71.9 71.9 73 73.5 74.3 75.4 76.2 76.6 75.6 75.5 75.5 76.5 77.7 75.6 74 74.8
42.8 42.8 42.9 41.1 38.7 33.8 34.2 41.8 44 44.7 34.3 34.3 33.9 38.9 45.3 51.4 48.5 50.2 51.7 50 43.3 42.8 40.2 43 44.1 46.8 52.3 57.7 60.4 61.4 59.6 55.8 55.4 55.7 55.8 57.9 58.1 57.4 58.2 56.5 53.5 48 45.3 44.4 43.6 40.9 41.4 42.8 21.4 25.8 45.1 50.1 49.3 56.2 60.2 61.8 61.5 61 59.8 60.7 63 65.8 68.2 69.9 70.3 69.6 69.6 70.2 70.1 70.6 71.2 70.9 70.1 68.9 69.3 72.4 71.9 67.4 68
41.1 41.6 42.4 40.7 39.5 38.6 37.9 35.7 36.2 41.8 35.6 36.3 38 37.7 43.6 46.3 45.7 48.8 49.1 46.8 43 42.9 45.7 42.4 46.3 44.3 47.7 47.7 48.3 47.4 47.3 49.5 47.7 47.7 48.7 50.4 50.6 49.6 49.7 49 46.1 43.1 42.3 39.5 37.1 36.7 37.3 36.7 19.4 17 35 43.8 42.3 41.1 57.6 58.1 58.3 59.2 58.9 60 62.9 65.1 66.6 68.4 69.9 68.6 65.2 64.1 64 63.3 61.9 60.6 59.3 59.7 61.1 63.5 63.9 60.2 60
42.2 42.5 42.1 41.5 39.9 38.9 38.8 39.8 41.3 40.5 37.2 38.1 40.8 41.4 38.2 40.2 41 43.5 43.2 42.5 42.6 46.7 46.6 48.9 51.2 50.8 49.4 48 47.1 47.5 50.3 53.7 56.5 47 46.4 46.2 45.9 43.6 42.9 42.6 41.1 39.7 39.3 38 36.1 35.2 33.7 33.9 27.9 13.2 21.3 33.5 42.9 41.8 49.6 55.5 56.5 57.1 58 62.3 66.1 68.5 68 68.7 70.3 68.4 65.9 64.5 62.5 60.3 57.2 55.3 53.7 53.8 54.9 54.4 53.4 52 53.6
42.4 43.6 45 44.5 44.5 42.6 41.9 41.7 42.4 43.9 39.3 39.4 39.7 40.5 40.9 41.5 42.6 44.6 46.4 49.1 50.9 50.6 49.1 51.1 52.4 53.1 50.5 52.7 54.6 56 53.2 56.9 61.7 54 47.9 43.3 45 42.6 40.7 39.4 38.8 37.8 37.4 36.7 35.9 35.9 33.5 32.1 34.4 16.9 16.8 23.2 34.7 42.1 42.6 45.5 51.7 52.8 56.5 62 67.6 68.6 68.6 67.4 66.9 64.8 62.4 61.3 59.3 57.2 54.7 51 47.9 50.1 51.8 51.6 49.2 46.7 48.4
44.7 46.7 47.5 47.3 46 46.8 46.9 45.8 45.9 45.7 39.3 40.9 45.6 43.1 43.5 45.2 43.9 44.3 43.5 43.5 43.8 43.7 46.1 49.1 50.9 51.4 53.8 54.8 55.6 55.6 54.1 59.6 59.9 55.7 47 42.4 43.4 41.4 40.2 39.2 38.9 38.7 37.9 37.2 39.8 36.5 34.5 34.2 34.7 32.6 20.2 16.3 18.5 29.1 32.8 41 44.6 47.1 51.6 54.3 59.9 64.1 64.2 63.7 62 59.1 56.7 56 55.4 53.8 51.4 47.6 44 47.2 50.6 47.9 44.5 42.7 44.4
49.5 53.3 55.1 55.4 53.3 53 51.7 50.7 51.4 47.6 44.1 42.9 47.5 46.7 45.5 44.2 46.2 47 48 48.6 49.6 51.1 50.6 48.4 47 45.7 46.4 47.2 48.1 49.9 51.7 49.9 50.6 50.2 46.5 45.7 44.2 40.8 40.3 39.5 39.3 38.9 39.1 38.8 39 37 35.7 35.5 35.4 36 36 29.1 20.9 19.1 15.8 23.9 30.8 34.6 37.8 41.9 47 54.4 56.6 55.6 52.7 50 51.1 50 49.7 47.3 44.2 41.6 44.1 47 46.7 43.3 39.9 40.2 41
56 54.9 56.6 57.5 57.5 56.2 57.9 58.5 56.7 51.8 49.1 43.4 50.1 48.3 47.3 48.1 49.3 50.3 48.9 49.6 50.6 51.8 51.8 51.7 52.8 53.1 51.8 50.7 49.4 49.4 50 51.1 52 53 53.9 54.4 51.6 49.5 54.1 51.6 49 42 39.9 39 41.4 37.7 36.7 35.8 36.4 36.3 36 36.3 32.6 25.4 22.1 23.1 19.6 18.3 22.1 24.9 34.2 43 46 46.4 45.1 44.7 44.6 40.5 42.2 43 40.4 38.5 42.2 42 41.8 39.5 37.5 37.7 36.8
70.9 66.5 62.9 60.6 59.6 57.8 55.5 55.6 53.9 52.3 51.6 45.3 50.2 49.7 49.1 48.7 49.6 50.3 49.6 47 51 52.4 52.3 52.9 53.4 53.3 52.3 51.4 51.5 51.7 52.1 55.3 55.3 55.6 56.6 59.7 57.4 56.3 56.8 61.6 64 59 46.9 40.7 39.3 38.8 37.8 36.7 36.7 36.9 36.1 36.5 33.3 34.1 32.3 33 40.4 28.8 27.4 20.9 21.8 30 35.9 38.3 38.2 38.1 30 21.4 24.1 30 36 36.6 38 37.3 37.3 36.3 35.3 34.7 33
71.7 69.6 68.3 64.5 63.6 61.4 60 56.8 52.4 51.2 49.5 46.5 49.5 50.2 49.9 49.2 49.4 50 48 45.7 49.6 53.1 53 52.9 50 48.3 49 51.4 51.8 51.9 51.2 49 49.7 53.5 56.5 56.8 59.5 64.5 65.4 62.6 58.4 57.9 56.3 49.4 43.9 40.1 39.8 38.4 37.6 38.5 37.3 37.3 37.1 36.3 35.4 34.6 34.4 34.4 32.1 29.8 19.9 24.5 27.7 25.8 22 20.3 24.6 28.5 26.7 26.4 20.7 23.2 26.5 29.9 28.4 31.7 28.9 26.2 27.3
67.7 66.3 64.9 63.8 63.2 62.3 61 57.6 53.9 49.5 48.2 49.5 49.3 49.8 49.5 48.4 49.4 49.5 48.1 47.1 49 51.1 48.8 51.5 48 48.1 47.8 48.7 52.4 52.2 53.2 50.2 48 55.7 55.9 56.2 57.8 64.8 63.4 64.4 62.8 53.1 52.3 57.8 57.5 52.3 44.8 42.2 41.4 41.7 43.8 45 40 39.4 39.8 38.1 35.7 34.8 34.8 34.8 20.3 19.6 19.9 23.8 27.1 29.9 34.4 35.7 35.3 33.9 29.2 25 25.7 25.4 24 24.1 24.5 24.7 25.3
63.1 62.5 61.6 60 59.8 59.4 58.5 55.3 51.6 48.6 50.8 51 49.4 49.1 48.7 48 48.4 49.1 47.8 46.9 47.9 50.1 48.1 51.1 48.9 47.5 47.3 47.5 48.1 53.9 55.3 55.8 50.8 55.5 54 55 62.6 67.7 67.7 66.1 63.4 58.1 56.5 53.9 53.4 56.8 55.1 54.5 52.8 56 59.5 60.7 58.6 52.9 48.2 46.2 43.9 40.3 36.7 35.5 34.1 26.9 25.8 30 34 36.8 38.9 39.9 39.4 38.5 36.4 27.8 26.8 27.4 24.9 23.9 24.3 24.4 25
61.5 64 62.4 58.7 57.7 57.6 55.5 56 51.9 49.8 50.8 50.1 49.4 48.3 47.6 48.5 48.4 47.9 48 47.4 48.8 48.1 47.6 49.6 47 46.9 47.3 48 49.6 53.2 55 57.2 56.6 55.2 53.5 58.2 63.8 68.9 69.5 69.2 69.2 67.7 65.1 62.1 60.5 60 60 60.2 57.5 54.1 54.2 58.1 61.3 57.8 53.7 52.3 50.2 43.9 42.3 40.5 39 36.3 34.9 34.6 38.4 41 42.8 43.4 42.5 40.8 38.1 30.9 27.8 28.2 27.4 23.1 24.3 24.3 24.6
