data/290000-960000.asc
ncols 200
nrows 200
xllcorner 290000
yllcorner 960000
cellsize 50
[rows 76 to 113 of 200, columns 0 to 85 of 200]
-1.7 -1.7 -1.7 -1.7 -1.7 -1.7 -1.7 -1.7 -1.7 -1.7 -1.7 -1.7 -1.7 -1.7 -1.7 -1.7 -1.7 -1.7 -1.7 -1.7 -1.7 -1.7 -1.7 -1.7 -1.7 -1.7 -1.7 -1.7 -1.7 -1.7 -1.7 -1.7 -1.7 -1.7 -1.7 -1.7 -1.7 -1.7 -1.7 -1.7 -1.7 -1.7 -1.7 -1.7 -1.7 -1.7 -1.7 -1.7 -1.7 -1.7 -1.7 -1.7 -1.7 -1.7 -1.7 -1.7 -1.7 -1.7 -1.7 -1.7 -1.7 -1.7 -1.7 -1.7 -1.7 -1.7 -1.7 -1.7 -1.7 -1.7 -1.7 -1.7 -1.7 -1.7 -1.7 -1.7 -1.7 -1.7 -1.7 -1.7 -1.7 -1.7 -1.7 -1.7 -1.7 -1.7
-1.7 -1.7 -1.7 -1.7 -1.7 -1.7 -1.7 -1.7 -1.7 -1.7 -1.7 -1.7 -1.7 -1.7 -1.7 -1.7 -1.7 -1.7 -1.7 -1.7 -1.7 -1.7 -1.7 -1.7 -1.7 -1.7 -1.7 -1.7 -1.7 -1.7 -1.7 -1.7 -1.7 -1.7 -1.7 -1.7 -1.7 -1.7 -1.7 -1.7 -1.7 -1.7 -1.7 -1.7 -1.7 -1.7 -1.7 -1.7 -1.7 -1.7 -1.7 -1.7 -1.7 -1.7 -1.7 -1.7 -1.7 -1.7 -1.7 -1.7 -1.7 -1.7 -1.7 -1.7 -1.7 -1.7 -1.7 -1.7 -1.7 -1.7 -1.7 -1.7 -1.7 -1.7 -1.7 -1.7 -1.7 -1.7 -1.7 -1.7 -1.7 -1.7 -1.7 -1.7 -1.7 -1.7
-1.7 -1.7 -1.7 -1.7 -1.7 -1.7 -1.7 -1.7 -1.7 -1.7 -1.7 -1.7 -1.7 -1.7 -1.7 -1.7 -1.7 -1.7 -1.7 -1.7 -1.7 -1.7 -1.7 -1.7 -1.7 -1.7 -1.7 -1.7 -1.7 -1.7 -1.7 -1.7 -1.7 -1.7 -1.7 -1.7 -1.7 -1.7 -1.7 -1.7 -1.7 -1.7 -1.7 -1.7 -1.7 -1.7 -1.7 -1.7 -1.7 -1.7 -1.7 -1.7 -1.7 -1.7 -1.7 -1.7 -1.7 -1.7 -1.7 -1.7 -1.7 -1.7 -1.7 -1.7 -1.7 -1.7 -1.7 -1.7 -1.7 -1.7 -1.7 -1.7 -1.7 -1.7 -1.7 -1.7 -1.7 -1.7 -1.7 -1.7 -1.7 -1.7 -1.7 -1.7 -1.7 -1.7
-1.7 -1.7 -1.7 -1.7 -1.7 -1.7 -1.7 -1.7 -1.7 -1.7 -1.7 -1.7 -1.7 -1.7 -1.7 -1.7 -1.7 -1.7 -1.7 -1.7 -1.7 -1.7 -1.7 -1.7 -1.7 -1.7 -1.7 -1.7 -1.7 -1.7 -1.7 -1.7 -1.7 -1.7 -1.7 -1.7 -1.7 -1.7 -1.7 -1.7 -1.7 -1.7 -1.7 -1.7 -1.7 -1.7 -1.7 -1.7 -1.7 -1.7 -1.7 -1.7 -1.7 -1.7 -1.7 -1.7 -1.7 -1.7 -1.7 -1.7 -1.7 -1.7 -1.7 -1.7 -1.7 -1.7 -1.7 -1.7 -1.7 -1.7 -1.7 -1.7 -1.7 2.2 -1.7 -1.7 -1.7 -1.7 -1.7 -1.7 -1.7 -1.7 -1.7 -1.7 -1.7 -1.7
60.8 38.6 -1.7 -1.7 -1.7 -1.7 -1.7 -1.7 -1.7 -1.7 -1.7 -1.7 -1.7 -1.7 -1.7 -1.7 -1.7 -1.7 -1.7 -1.7 -1.7 -1.7 -1.7 -1.7 -1.7 -1.7 -1.7 -1.7 -1.7 -1.7 -1.7 -1.7 -1.7 -1.7 -1.7 -1.7 -1.7 -1.7 -1.7 -1.7 -1.7 -1.7 -1.7 -1.7 -1.7 -1.7 -1.7 -1.7 -1.7 -1.7 -1.7 -1.7 -1.7 -1.7 -1.7 -1.7 -1.7 -1.7 -1.7 -1.7 18.6 -1.7 -1.7 -1.7 -1.7 -1.7 -1.7 -1.7 -1.7 -1.7 -1.7 -1.7 -1.7 5.1 -1.7 -1.7 -1.7 -1.7 -1.7 -1.7 -1.7 -1.7 -1.7 -1.7 -1.7 45.1
78.7 76.4 62.8 -1.7 -1.7 -1.7 -1.7 -1.7 -1.7 -1.7 -1.7 -1.7 -1.7 -1.7 -1.7 -1.7 -1.7 -1.7 -1.7 -1.7 -1.7 -1.7 -1.7 -1.7 -1.7 -1.7 -1.7 -1.7 -1.7 -1.7 -1.7 -1.7 -1.7 -1.7 -1.7 -1.7 -1.7 -1.7 -1.7 -1.7 -1.7 -1.7 -1.7 -1.7 -1.7 -1.7 -1.7 -1.7 -1.7 -1.7 -1.7 -1.7 -1.7 -1.7 -1.7 -1.7 -1.7 -1.7 -1.7 27.9 35 27.8 24 14.7 23.4 -1.7 -1.7 -1.7 -1.7 -1.7 -1.7 -1.7 19.7 21.6 -1.7 -1.7 -1.7 1.6 -0.9 0.4 18 -1.7 -1.7 -1.7 50.8 53
81.7 82.6 78.7 72.4 6.8 2.2 -1.7 -1.7 -1.7 -1.7 -1.7 -1.7 -1.7 -1.7 -1.7 -1.7 -1.7 -1.7 -1.7 -1.7 -1.7 -1.7 -1.7 -1.7 -1.7 -1.7 -1.7 -1.7 -1.7 -1.7 -1.7 -1.7 -1.7 -1.7 -1.7 -1.7 -1.7 -1.7 -1.7 -1.7 -1.7 -1.7 -1.7 -1.7 -1.7 -1.7 -1.7 -1.7 -1.7 -1.7 -1.7 -1.7 -1.7 -1.7 -1.7 -1.7 -1.7 -1.7 22.7 41.5 43.3 42.8 43.2 43.5 44.6 43 25.8 -1.7 -1.7 -1.7 48.7 49.8 50.4 49 51.6 55.1 -1.7 52.5 50.8 49 38.6 -1.7 -1.7 52.5 57 60.3
85.8 86.6 82.7 77.2 72.1 2.1 -1.7 -1.7 -1.7 -1.7 -1.7 -1.7 -1.7 -1.7 -1.7 -1.7 -1.7 -1.7 -1.7 -1.7 -1.7 -1.7 -1.7 -1.7 -1.7 -1.7 -1.7 -1.7 -1.7 -1.7 -1.7 -1.7 -1.7 -1.7 -1.7 -1.7 -1.7 -1.7 -1.7 -1.7 -1.7 -1.7 -1.7 -1.7 -1.7 -1.7 -1.7 -1.7 -1.7 -1.7 -1.7 -1.7 -1.7 -1.7 -1.7 -1.7 -1.7 38 41.8 44.6 46.7 48.1 48.4 48.2 48.5 42.5 32.7 45.4 -1.7 -1.7 53.2 54.7 55.5 58.1 59.6 60 58 54.7 53.1 51.7 11.1 53.5 58.3 60.4 64 65.5
87.5 87 84.6 79.8 73.2 30.7 2.1 -1.7 -1.7 -1.7 15.7 43.2 61.1 56.5 -1.7 -1.7 -1.7 -1.7 -1.7 -1.7 -1.7 -1.7 -1.7 -1.7 -1.7 -1.7 -1.7 -1.7 -1.7 -1.7 -1.7 -1.7 -1.7 -1.7 -1.7 -1.7 -1.7 -1.7 -1.7 -1.7 -1.7 -1.7 -1.7 -1.7 -1.7 -1.7 -1.7 -1.7 -1.7 -1.7 -1.7 -1.7 -1.7 -1.7 -1.7 -1.7 -1.7 45.5 46.6 48.7 50.8 52.2 52 51.1 50 48.5 48.5 50.3 50.6 51.1 53.3 57.3 59.5 60.7 62.1 62.5 60.9 57.5 55.6 53.3 2.3 59.1 63.1 65.9 67.9 68.2
87.6 87 85.5 80.3 74.8 65.1 42.2 24.8 46.9 57.8 58.1 59.9 64 42.8 -1.7 -1.7 -1.7 -1.7 -1.7 -1.7 -1.7 -1.7 -1.7 -1.7 -1.7 -1.7 -1.7 -1.7 -1.7 -1.7 -1.7 -1.7 -1.7 -1.7 -1.7 -1.7 -1.7 -1.7 -1.7 -1.7 -1.7 -1.7 -1.7 -1.7 -1.7 -1.7 -1.7 -1.7 -1.7 -1.7 -1.7 -1.7 -1.7 -1.7 -1.7 -1.7 -1.7 50.2 50.6 52.6 53.8 54.9 54.5 53.3 51.7 52 52.7 54.8 55.6 56 56.9 58 58.8 61.2 61.5 61 61.4 59.9 57.5 44.2 59 63.3 67 69.3 70 67.7
86.9 86.4 85.6 80.7 75.2 70.2 67.7 54.9 22.8 58.3 60.9 63 67.9 12.8 2.3 -1.7 -1.7 -1.7 -1.7 -1.7 -1.7 -1.7 -1.7 -1.7 -1.7 -1.7 -1.7 -1.7 -1.7 -1.7 -1.7 -1.7 -1.7 -1.7 -1.7 -1.7 -1.7 -1.7 -1.7 -1.7 -1.7 -1.7 -1.7 -1.7 -1.7 -1.7 -1.7 -1.7 -1.7 -1.7 -1.7 -1.7 -1.7 -1.7 -1.7 -1.7 -1.7 57.4 53.9 55.5 56.8 57.6 56.8 55.8 55 54.4 55.2 58 58.8 59.9 60.4 58.6 58 58.4 59.8 58.6 59.4 59.5 60 61.5 61.6 66.2 69.9 71.5 69.7 66.6
86 86.1 84.9 80.1 75.3 70.3 66.7 61.9 55.2 53 62.4 63.8 69.3 65.7 55.4 37.1 50 -1.7 -1.7 43.8 -1.7 -1.7 -1.7 -1.7 -1.7 -1.7 -1.7 -1.7 -1.7 -1.7 -1.7 -1.7 -1.7 -1.7 -1.7 -1.7 -1.7 -1.7 -1.7 -1.7 -1.7 -1.7 -1.7 -1.7 -1.7 -1.7 -1.7 -1.7 -1.7 -1.7 -0.5 -1.7 -1.7 -1.7 -1.7 1.4 44.4 51.7 53.7 56.6 57.7 57.9 57.5 56.9 57.5 57.6 57.6 60.3 61.4 61.5 61.7 60.8 58 58 58 58 58.6 60.7 62.1 62.8 65 68.5 71.8 71.9 69.9 65.9
85.5 85.6 85.2 81.8 75.3 71.6 69 65.2 61 60.9 62.4 63.5 65 69.1 67.2 60.6 52.1 12.1 29.7 47.8 58.1 52 63.9 61.9 61 58.9 55.8 -1.7 -1.7 -1.7 -1.7 -1.7 -1.7 -1.7 -1.7 -1.7 -1.7 -1.7 -1.7 -1.7 -1.7 -1.7 41.6 43.7 44.3 44.5 44.5 -1.7 -1.7 -1.7 39.1 -1.7 35.8 54.4 47.9 42.1 49.8 45.5 49 54.8 56.8 57.3 57.9 57.7 58.4 59.7 59 59.7 62.9 63.6 63 60.3 58.5 58 58 58 59 62.6 64.7 66.1 68.4 70.8 73.5 72.8 70.1 65
85.1 84.1 83.2 81.5 77 74.2 71.8 68 64.6 63.3 62.9 63.6 65.2 68.6 66.5 63.5 57.1 44.8 45.5 49 61.5 67.5 69 67 65.3 62.9 58.8 54.3 51.2 -1.7 -1.7 -1.7 -1.7 -1.7 -1.7 -1.7 -1.7 -1.7 -1.7 -1.7 -1.7 -1.7 47.7 48.5 50.1 50.7 52.2 52.7 0.1 34.2 37.3 44.6 55.1 58.7 58.4 56.6 57.8 57.2 49.7 47.8 57.3 58.4 58.5 59 60 60.7 60.5 60.7 62.9 64.4 64.2 62.1 59 58 58 58 60.5 65.3 67.8 69.5 71.8 74.1 74.6 73.8 70.2 64.1
84.5 84 83.2 81.7 78.4 76.7 74.4 71.3 68.4 67 66.2 66 67.3 67.1 65.8 63.6 61.1 57.3 50.7 49.5 62 68.6 70.9 71.6 69.3 64.9 59.1 56.1 54 51.1 -1.7 -1.7 -1.7 -1.7 -1.7 -1.7 -1.7 -1.7 26.9 2.3 -1.7 56.7 54.8 54.3 55.5 57.9 56.5 53.8 43.1 49.1 60.1 58.7 57.7 58.8 61.5 61.7 61.1 61.1 57.9 50.8 56.2 59.6 58.7 59.8 60.8 61.1 61.8 62.3 63.5 65.1 64.7 62.6 60.4 58.7 58.6 59 62 65.5 69.5 73.3 75.2 76.2 76.3 74.4 69.5 63.4
85.8 85.1 84.7 82.5 79.9 77.9 77 74.7 72.5 70.2 68.6 67.7 67.6 67.6 66.3 64.5 60.4 56.5 51.2 47.5 61.3 67 68.9 69.4 66.7 63.5 59.4 56.9 55.2 60.8 63.3 48 56.7 -1.7 -1.7 1 1.8 17.6 9.7 34.4 59.4 64.7 64.3 62.5 67.8 67.1 65.3 62.7 60.3 62.5 63.3 63.2 63.9 63.9 64.5 64.2 63.9 62 60.6 57.4 50.4 51.5 59.3 60.4 61.1 61.5 63.4 63.8 64.9 65.9 65.5 64.1 62 60.3 59.6 61 64.1 68.3 73.2 77.4 79.4 79.1 77.6 74.7 69.3 63.8
88.1 86.6 86.4 84.8 80.9 80.5 81.3 79.7 77.6 73.9 69.8 68 67.1 66.2 64.4 60 56.2 52.3 47.5 48.1 56.9 64.1 66.9 68.4 66.6 63.9 59.9 58.7 64.3 66.6 68.8 66.5 68.8 51.7 39.5 35.6 43.2 9 3.2 39.8 66.4 71.7 71.9 72.6 72.2 72.5 71.7 69.3 67.7 66.9 66.4 67 68 68 68.6 68.2 66.9 64.9 63.9 62.6 57.1 55.1 53.5 56 58.1 60.7 62.8 64.5 65.5 66.4 66.3 65 63.8 61.8 61.5 63.8 66.8 72 77.1 81 83.2 82.1 79.1 76.2 70.6 64.4
84.3 83.4 83.5 85.5 83.4 83 82.4 81.2 80.1 75 70.8 68.8 65.7 62.6 59.1 55.6 51.9 52.6 53 51.9 57.5 62.8 65.3 67.5 67.8 67.4 67.3 68.5 70.8 71.5 70.8 69.7 70.9 71.3 75 69.7 64.4 24.4 35.7 27.1 42.1 57.4 73.8 73.4 72.8 73 71.8 70.2 69.5 69.4 69.6 70.1 71.2 70.4 70.8 71.5 71 68.1 66.1 64.8 64.5 63.6 58.7 58.4 56.7 58.8 61.5 64.4 65.4 66.3 67.1 66.4 65.4 63.9 64.6 67.2 70.9 76.8 82.1 86 88.3 85.4 81.8 77 70.5 62.7
82.4 81.8 82.9 84.4 83.1 82.6 82.1 81.2 78.9 73 71 69.7 64.4 58.3 54.1 53.6 54.4 55.8 59 59.2 61.3 64.1 67 69.3 70.5 71.3 71.9 73.3 74.2 74 72.4 72.7 72.1 74.1 75.2 76.8 60.5 37.7 61.1 57 53.6 59.2 60.9 74.3 73.9 73.6 73 72.3 71.8 73.2 73.2 73.6 74.5 72.9 73.5 74.4 74 71.1 69.1 67.5 68 67.5 65.9 63.9 61.7 60 60.3 64 65.4 66.5 67.1 67.1 67.3 67.5 68 69.8 77 82.9 87.9 90.5 91.5 89.3 84.1 78 67.9 56.5
81.9 81.7 82 82.1 80.2 81.2 81.9 80.2 76.7 72.8 71.5 70 64.9 58 54.2 54.7 56.1 59.6 61.6 62.4 63.5 66.4 69.5 71.1 72.3 73.5 74.5 75.3 76.1 76.5 75.5 74.3 73.9 75 75.9 76.8 62.7 72.6 69.4 76.5 78 78 69.8 75.7 75.1 74.7 74.3 77 75.1 76.5 76.6 76.8 76.2 75.3 76.4 77 75.1 73.5 71.6 70.9 70.2 69.9 69.7 68.9 65.5 61.9 61 63.5 65.5 67.2 68.4 68.7 69 69.9 70 71.7 80.5 89.1 93.3 95.4 95.2 92.2 87.4 78.5 65.1 53.5
82.6 81.6 81 79.3 78.5 79.7 80.9 78.7 75.7 72.9 70.9 69.1 66.7 61.3 56.1 55.8 57.6 61.1 63.1 64.2 65.8 68.9 71.8 73 74.1 75.3 76.3 77.1 78 78.2 77.6 76.3 74.9 75.8 76.8 75.5 76.7 77.6 74.3 78 78.8 78.9 70.8 78.2 77.6 77 78.5 80 78.6 79.4 79.7 77.9 76.8 78.1 79.6 79.1 76.3 75.5 74.5 73.5 72.5 71.8 71.7 71 67.8 63.9 61.9 64.1 67 69.3 69.5 69.7 69.9 70.8 71.3 75 84 92 97.7 99.4 98 94.5 88 77.5 62.8 52
83.1 81.4 79.9 77.9 77.8 77.7 78.4 78.1 75 72.7 70.7 69.1 66.9 62.4 57.3 57.1 59.1 62.3 64.4 65.6 67.9 71.3 73.6 74.8 76 77.1 78.2 79 79.4 79.3 79.2 78.7 77.3 76.7 77.7 77.4 78.8 78.7 77.5 77.5 80.5 80.1 78.3 79.5 79.3 79.1 80.1 81.6 82 83.9 82.4 79.9 80.1 81.3 81.3 80.6 78.6 77 76 75 74 73.5 73.7 73 68.7 64.7 62.9 64.2 67.2 69.8 70.8 70.8 70.9 71.9 73.7 79.2 88.1 95.4 99.9 101 97.1 90.7 83.7 73.1 59 49.5
81.9 81.6 83 77.7 76.1 76.5 77.1 76.8 75.2 73.4 70.7 69.3 68 64.9 58.3 59.3 60.9 63.4 65.6 67.7 70.1 74.2 75.6 76.7 77.8 78.9 80.1 80.7 80.6 80.5 80.4 80.3 79.7 78.4 78 79.5 80.7 80.1 79 79.6 81.2 82.1 81 81.3 81.6 81.4 80.9 82.1 84.6 90.3 85.4 80.1 81.4 83.2 83.5 83 80.7 78.4 77.8 76.4 75.6 75.8 76.4 74.7 70.2 64.6 62.7 64.7 65.9 68.8 71.8 72 72.1 74.1 77.2 81.2 88.8 95.8 95.9 93.5 88.2 83.5 76.5 67 53.9 46.5
80.4 80.1 78.1 76.7 75.8 75.4 75.9 76 75.4 74.8 70.8 69.9 68.7 65.7 59.3 59.6 60.5 64 67.1 69.2 72.7 76.1 77.6 78.7 79.8 80.9 81.9 81.9 81.8 81.7 81.7 81.6 81.6 81.2 80.5 81.7 82.3 81.4 80.5 81.2 82.2 82.6 83.2 83.3 83.5 83.7 83.1 82.9 85.5 91.6 89.4 82.6 82.1 83.8 84.5 84.2 82 81.1 79.8 78.2 77.6 79.3 79.8 77.1 72.7 65.3 63.9 65.3 66.2 69.7 71.8 72.7 73.5 74.6 78 82.1 85.4 89.8 88.7 84.8 79.3 73.8 66.5 57.6 50.2 44.6
78.9 78.2 76.9 75.6 74.4 74 74.1 74 75 74 71 69.8 68.6 66.6 61.4 59.5 60.8 61.8 66.9 71 75.4 76.2 78.7 80.5 81.5 82.5 83.2 83.5 83.2 83.1 83 82.9 83.3 83.1 82.5 83 83.2 82.7 82.3 83 83.7 83.9 84.8 84.7 84.5 84.9 85.7 86.6 90.3 91.6 89.6 84.3 83.6 84.5 85.3 85.1 84.1 83.4 82.1 80.4 81 82.9 81.7 78.5 74.5 66.5 66.3 67.5 67.5 69.9 71.7 73.6 74.6 75.5 77.7 81.1 83.9 83.8 80.1 75.1 69.3 63.8 58.3 52 46.8 43.9
78.3 77.4 76 74.7 73.3 72.8 72.2 71.9 72.7 71.1 70.9 70.1 68.8 67 64 60.2 61 61.6 62.3 72.9 77 77.2 77.6 81.4 83.1 83.9 84.4 84.9 84.9 84.7 84.4 84.3 85 85.1 84.6 84.2 84 84.1 84 84.8 85.1 83.9 84.7 85.3 85.5 85.9 86.4 88.1 90 90 89 86.5 86.3 86.1 86.3 86.4 85.8 85.3 84.5 82.9 84.3 83.8 83.6 81.4 75.7 67.6 66.5 68.5 68.5 69.5 71.3 73.3 75.2 76.1 76.8 79.6 77.3 76.3 71.6 64.1 61.6 57.1 52.9 48.3 45.1 43.9
77.8 76.1 74.8 73.4 72.3 71.9 70.8 69.6 68.9 70.9 70.9 70.4 69.1 67.3 66.1 65.1 63.1 62.5 63 73 78.2 78.5 79 80 84.1 85.2 85.7 86.2 88.6 88.3 88.8 87.7 87.9 87.2 86.8 86.3 85.9 85.7 85.3 85.3 85.8 85.2 85.1 86.1 86.5 86.9 87.2 88.9 90.1 90.1 89.8 87.9 88.2 88.7 88.8 87.8 87.7 87.3 86.7 87.5 85.3 84.9 85 83.5 77.9 69.2 67.4 68.2 69.7 69.2 70.8 72.7 74.5 75.9 76 73.6 70.7 66.9 63.4 62 57.4 53.6 49.5 47.7 45.8 44.3
77.6 75.7 73.6 72.3 71.6 70.6 69.9 68.3 68.3 69.9 70.8 70.7 69.3 68 67 66.1 65.2 65 65.3 70.4 79.6 79.9 80.1 80.4 82.9 86.6 89.5 91.8 95.3 95.7 92.6 91.3 90.2 89.3 88.8 88.9 89 88.8 87.3 88.2 89.4 87.3 85.8 87.2 87.5 88.7 89.4 89.8 90.1 90.2 90.3 89.5 89.4 89.8 89.5 89.3 89.3 89.3 89.9 89.5 86.3 86.2 86.2 84.9 80.4 74.4 67.9 67.4 68.1 68.9 70.1 72 73.4 74.5 72.2 69.7 65.4 64 62.5 61 56.8 51 49.1 48.8 45.7 45.4
76.5 75 72.4 71.3 70.3 69.4 68.2 68.3 68.3 69 70.6 70.2 69.9 68.6 67.9 67.1 66.2 65.5 66 72 81.1 81.1 80.8 81.2 83.9 88.2 92.1 96.4 99.1 97.7 95.7 94.1 92.9 91.6 91 91.4 91.6 91.3 90.2 90.8 90.3 88.5 86.8 85.5 89.4 91.3 90.8 89.8 89.5 89.2 89.1 89.3 90.2 90.2 90.4 91 91.9 92.1 92.4 89.3 88.6 88.5 88.1 87.3 82.4 77 71.1 67.9 67.6 67.9 69 70 71.9 70.2 67.7 65.2 64.4 64.6 64.5 61.3 56.1 50.6 48.7 47.6 46.7 47.7
73.6 72.2 71 70.2 69.5 68 68.3 68.3 68.3 68.3 69.4 69 68.8 68.3 67.1 67.1 67 66.6 66.7 76.1 80.2 82.6 82 82 85.5 90.4 94 95.9 97.6 98.3 98.1 96.5 95.2 94.1 93.7 93.9 93.8 93 92.2 92 91.1 89.7 87.9 86.8 85.7 86.3 86 89.1 87 86.4 87.1 87.8 90 91.6 92.2 92.8 93.5 94.5 93.2 91.7 90.9 90.5 90.3 89.5 85.2 79.8 74.5 70.6 67.8 68 67.6 67.5 67.3 65.1 64.5 64.2 64 64.1 63.3 59.7 55.8 51.1 49.5 48.6 47.9 49.1
66.6 67.8 67.5 68.4 68.4 68.7 68.3 68.3 68.3 68.3 68.2 67.7 67.4 66.9 66.7 67 67.8 67.6 67.7 73.4 81.4 84.7 83.6 82.5 87.5 90.5 93.4 96 99.1 99 98.6 98 97.4 96.5 97.6 97.7 96.7 95.7 93.8 92.4 91.3 90.2 89.5 89.6 86.8 86.6 86.6 86.4 86.4 86.5 87.6 89.1 92.2 93.3 93.9 94.5 95.2 96.1 95.7 94.6 94.3 94 93.9 91.6 87.7 83.2 78 75.5 71.8 69.9 69.3 67.4 66.2 65.1 64.3 64 63.8 63 61.2 58.5 55.3 52.3 50.3 49.3 49.7 51.7
58.9 60.3 63.3 64.2 65.1 68.3 68.3 68.3 68.3 68.3 68 67.1 66.2 66.6 67.3 67.9 69.4 68.8 68.6 71.5 78 82.5 84.4 82.1 83.9 87.5 90.7 94.4 96.9 97 97.8 97 97.7 100 99.8 97.6 98 96.6 94.6 93.4 92.3 91.3 90.5 90.5 89.3 86.7 86.6 86.4 86.2 87.9 91.1 93.1 93.8 95.1 95.7 96.3 96.9 97 96.6 96.8 98.2 98.1 97.5 94.9 90.1 83.8 78.4 76.1 73.6 71.9 69.3 67.3 66 65 64.1 63.6 62.7 63.1 63 58.9 54.4 52.6 50.9 50.2 51.8 54.2
57.8 58.1 59.8 60.6 61.4 63.3 68.6 69.5 67.5 67.3 66.5 65.1 65.1 66 67.7 69.2 70.9 71.4 70.8 70.8 74.7 79.2 83.1 81.9 82.5 82.5 85.3 87.8 92 94.5 94.2 95.7 95.1 95.3 95.8 96.9 97.2 96.9 95.6 94.4 93.3 92.4 91.5 91.6 89.8 87.4 86.5 86.5 87.1 89.5 92.2 93.4 94.6 96.3 97.4 97.8 99 99.3 99.4 99.7 100 100.7 99.8 98 93.4 85.5 77.8 75.6 73.4 71.9 69.5 67.7 66.4 65.5 64.3 64 63.2 60.7 59.6 57.1 53.6 52.7 51.8 51.8 53.3 54.5
57.3 57.2 57.6 58.2 59.2 61.5 64.4 68.3 66.5 66.1 63.4 63.6 64.5 65.4 67.9 70.4 73.2 73.7 73.4 72.6 71.1 71.5 80.6 82 82.5 82.5 84.9 88.3 86.3 85 92.3 93.1 94.3 94 95.2 95.1 95.9 96.4 96.1 95.3 94.5 93.5 92.6 92.1 91.2 90 86.9 86.9 87.4 90.3 92.2 93.5 94.9 97.3 99 101.1 101.4 101.5 101.5 101.5 102.5 103.6 102.3 100.3 95.2 88.5 80.3 77.1 76.1 75.3 72.5 69.6 67.6 65 64.7 64.4 63.4 60.2 59.3 58.1 58.5 57.1 56.2 54.7 54.5 54.6
56.8 56.4 56.1 56.6 57.2 59.5 62.9 64.7 65.9 65.7 61.8 62.7 64 65.6 66.7 69.3 72.4 73.3 72.3 70.1 63.3 66.7 76.5 82.3 83.4 81.9 80.4 81.5 80.6 81.7 83.7 86.1 91.1 91.4 91.6 93.6 95 95.6 96.9 97.2 96.9 95.1 95 93.3 91.8 91.1 89.9 89.2 89.8 91.4 92.9 94.8 96.8 100.6 102.1 102.5 102.9 103.4 103.6 105 107.3 107.8 104.7 101.5 94.9 88.3 84.8 79.7 77.6 78.4 75.2 72.8 68.9 66 65.1 64.5 63 60.6 59.2 61.4 62.1 61.3 58.3 56.9 55.5 54
56.8 54.1 53.8 52.3 53.2 55.7 58.9 60.1 65.3 61.9 58.7 61.3 62.8 64.3 64.8 68.6 70 70.2 70.4 62.5 62.1 64.6 76.5 82.6 82.2 79.2 78.2 80.2 82 83.4 84.9 86.2 86.8 88.6 90.3 92.9 94.9 96.6 98 98.5 97.4 97.6 97.6 98.9 102.5 98.5 95 94 93.7 94.1 97.2 99.7 102.2 103.4 104.2 103.8 104.3 104.7 105.6 108.2 110.6 110.2 107.4 101.1 95.2 89.1 85.7 82.9 81.2 80.6 79.1 75.8 72 69.2 66.9 65.1 62.5 61.3 62 63.3 64 63.4 59.9 57.6 56.4 54.7
55.4 50.8 51 49.6 49.1 51.1 52 53.9 53.1 58.6 61.5 61.7 63.1 63.7 63.5 64.1 69 69.8 66.3 61.2 62.7 64.8 81.2 86.3 80 76.6 78 79.3 81.2 84.8 85.7 86.7 87.1 88 89.8 93 95.6 97.3 99 99.3 99.2 100.9 102.4 104.9 107.2 103.1 98.3 98.3 98.4 99.4 101.5 104.2 105.3 106.1 106.3 105.4 105.7 106.1 107.5 110.8 112.6 111.3 109.5 104.7 98.7 90.7 85.6 82.8 81.7 81.5 79.8 77 73.9 71.4 69.4 64.8 65.1 64 64.5 64.9 65.9 65.2 62.1 59 57.3 55.5
48.3 49.8 53.4 49.3 46.7 47.9 48.6 53.1 54.9 59.1 60.9 61.3 61.2 62.2 62.8 63.7 66.2 72.9 59.7 60.7 63 65.8 75.3 83.8 73.8 75.4 77.5 79.4 82.2 86.4 87.4 91 93.2 94.7 94.4 96.2 97.5 98.7 100.4 100.8 100.8 101.8 102.7 104.6 105.8 103.8 101.7 101.5 102 102.6 105.2 107.1 108.6 108.8 108 107.4 107.6 108.3 110.6 112.4 113.6 112.3 111.2 105.3 98.7 92.9 89 85.8 82 81.2 79.5 79.1 77.1 73 69.4 70.2 67.2 66.5 65.8 65.6 67.7 64.3 63.3 61.2 59.3 57.1
