data/290000-760000.asc
ncols 200
nrows 200
xllcorner 290000
yllcorner 760000
cellsize 50
[rows 35 to 69 of 200, columns 0 to 77 of 200]
361.8 357.8 352.3 348.9 345.6 342.1 332.2 342.6 346.6 349.4 351.8 355.6 364.5 368.1 368.9 373.2 376 378.2 380.7 381.7 384.7 388.7 389.1 391.9 393.2 395 398.3 402.5 404.6 407.1 409.7 412.3 414.1 414.9 415.6 415.7 415.9 418.5 414.1 413 412 411.4 411.2 411.1 412.3 413.5 417 417.5 419.5 422.2 423.2 423.3 423.6 425 428.3 431.7 434.2 438.7 440.6 440.3 439.9 437.4 435.5 435.9 435 435.4 436.3 435.8 435.7 433.6 432.1 428.9 428.6 429.5 436 428.7 428.3 424.7
358.2 352.5 348.4 345.3 342.5 334.6 332.1 342.5 344.5 347.2 351.1 357.8 359.5 362.8 369.1 370.9 374.5 377.4 374.1 377.7 381.1 383 385.6 389.6 394.2 396.8 399.4 401.8 405.5 407.5 410 412.6 415.4 417.9 417.2 416.9 418.6 421.2 417.3 414.4 413.2 411.7 411.1 410.9 410.8 410.5 412.8 416.3 416.3 418 420.8 420.4 420.2 425.7 425.8 426.9 431.5 433.2 436.8 436.2 436.8 431 429.3 428.9 430.3 429.3 428.1 430.6 431.5 429.7 427.1 424.8 422.4 421.7 419.6 420.4 420.6 419.6
356.9 350.2 342.4 339.1 336.4 330.1 337.8 338.2 341.5 345.4 350.9 354 356.5 361.7 366.2 369.3 369.6 372.9 378.7 380.3 382.6 383.4 388.2 391.4 396 399.1 401.8 404.3 407.6 409.7 410.9 413.1 416.2 419.4 420.7 418.9 420.7 422.3 420.8 416.6 414.6 413 412.8 410.9 410.7 410.7 410.7 411.9 413.2 415.7 415.4 417.3 417.8 419 419.5 420.8 426 425 427.7 427.4 425.6 423.7 422.2 422.7 422.5 422.7 423.5 423.9 424 422.7 422.5 421 418.3 416.3 410.8 414 416.1 415.7
353.5 344.8 336.8 327.3 328.4 334.6 334.9 335.7 340.3 344.9 348 349.5 354.8 360.1 362.2 362.2 369.7 375.2 376.3 379.1 382.5 386.7 390.6 394.5 399 402.1 406.1 410.4 414.4 416.1 417.7 418.7 419.3 422.2 424.5 424.7 426 430.5 427.4 422.2 419.6 416.6 413.5 411 410.5 410.6 410.4 410.6 411.9 412.7 411.6 411.9 413 413.2 413.3 415.1 417.8 419.5 418 418.6 420.4 421.1 417.6 418.2 419.8 418.2 417.8 417.9 414.9 414.9 415.2 413.1 412 410 409.5 411.7 412.3 414.7
347.6 339.6 330.5 324.4 335.6 338 334.2 333.7 337.7 340.9 345.2 348.9 353.7 356 354.4 362.9 368.3 370.6 374.5 378.4 382.2 387 391.7 396.7 401.6 405.5 410.9 415.4 419.9 422 422.9 425.5 426.9 430.5 432.1 431 432.4 434.7 437.6 433.7 430.7 428.7 423 414.4 410.5 410.4 410.1 409.9 410 409.8 410.2 410.6 411.5 412.8 411.1 412.1 414.2 413.8 411.1 412.3 413.6 411 411.1 413.1 412.2 411.4 410.9 410.6 410.2 409.5 406.1 404.2 401 401.1 406 407.9 407.6 406.8
342.8 333 318.9 330.9 332.8 331.9 329.2 330.7 334.9 339.2 343.3 347.2 349.3 347.8 356.1 361.8 363.8 367.9 372.9 377.6 384 389.2 393.9 398.2 404 410.2 415.4 419.6 423.7 426.1 426.4 428.8 430.8 434 437.2 440.6 440.1 438.1 440.2 440 435.1 433.3 434.9 424.2 416.9 412.1 410.9 411.6 410.6 409.5 410.9 411.6 417.9 411.7 410.1 408.9 408.5 408 407.7 408.1 408.3 405.5 405.5 406 404.8 404.8 404.3 405.6 403.8 403.6 402.8 405 399.1 398.1 405.7 406 401.1 399.4
336.9 319.3 329.5 331 328.8 326.7 326.8 329.5 333.6 339 341.1 342.5 342.9 350.5 355.6 358.6 362.9 367.1 371.5 377.5 384.1 389.8 394.6 400.2 406.3 411.4 415.9 420 423 426.1 429 429.3 431.9 433.9 435.2 439.3 442.8 443.3 439.5 435.6 433.3 430.8 430.2 428.1 423 416.4 415.3 413.3 411.2 409 411.2 411.9 413.4 413.9 411.1 408.6 407.5 407.3 407 406.7 404.8 404.1 403.9 404 403 403.5 401.3 400.8 400.5 401.2 403.2 399.8 397.2 396.9 396.9 396.9 396.9 399.7
328.2 322.5 330.2 329.4 325.2 324.9 328.3 329.8 333.1 338.2 338.8 338.4 345 350.3 354.6 355.2 362.2 366.7 370.7 377.9 384.6 392.9 396.1 401.1 405.8 410.7 414.9 418.1 420.8 423.3 424 423.5 428.1 429.1 430.1 434.1 440.8 442.4 439.9 436.4 433.1 430.3 430.1 427.1 423.3 419.7 414.7 413.1 410.5 408.4 409.9 410.1 410.9 411.9 410.9 408.5 406.5 406.3 406.3 408 404.3 404 403.8 403.4 403.9 402.7 401.2 400.6 400.9 399.6 398.2 397.3 397.4 401 398.7 396.9 396.9 397.7
315.4 325.3 329.9 324.8 320.1 326.8 330.5 329 332.6 333.4 334.4 339.5 344.2 348.4 348.1 355.8 361.8 367.3 371.1 377.9 385.1 392.7 397.2 401.4 405.5 409.6 412.7 415.2 418.1 419 418.8 419.8 420.6 422.9 423.9 425.8 431.8 438.3 439.8 437.3 431.6 429.2 427 424 419.2 416.2 413.7 410.4 408.1 407.9 408.4 408.1 409 409.5 409.4 407.1 405.8 405.5 405.5 405.6 404.1 403.6 403.6 407 405.8 402.4 401.4 403.7 401.5 399.9 401 400.2 400 398.9 396.7 399.5 398.4 394.2
308.8 325.3 322.8 320.2 317.3 324.2 328 327.8 331.9 325.7 332.9 336 340 342.1 350.2 355.7 361.2 366.8 373.5 379.3 386.2 392.5 398.4 401.6 404.5 408.7 412.6 413.6 415 415.3 415.9 415.9 415.9 416.5 418.6 420.5 422.8 427.3 434.1 432.2 430.4 427.9 425.4 420.8 417.3 414.3 411.8 409.4 407.4 407.9 407.7 409 409.4 409.6 408.4 407.3 406.2 405.5 404.7 404 403.6 404.5 406.2 405.8 404 404.3 402.6 402.5 401.9 401 400.9 400.2 399.3 398.1 397.1 400.2 395.8 393.7
306.9 320.9 318.1 315.1 313.5 318.2 323.7 326.1 328.8 321.5 333.1 336.4 338.7 344.8 351.2 357.6 362.5 369 374.9 380.6 385.7 391.9 397 400.8 403.4 405.6 408.5 411.7 413.3 412.6 413 412.7 413.6 412.8 413.8 414.8 417.5 420.2 424.2 426 426 425 422.8 420 416.6 414.8 412.6 410.1 407.2 407.7 406.5 408.8 410.1 410 409.1 407.9 406.8 406.4 405.9 405.7 405.1 407.2 408.8 409.3 406.6 407 405 403.4 402.8 402.5 402.3 401.4 400.1 399.3 397.6 396.5 395.2 394.5
310.3 314 312.3 310.7 309.4 313 318.2 322.1 326.3 325.2 330.4 334.7 341.1 345.6 352.4 356.5 362.9 368.6 375.1 379.7 384.3 389.8 394.5 399.4 401.4 404.2 408.1 409.7 410.3 410.8 410.4 409.4 411.3 410.3 411.3 412.9 414.8 416.7 417.1 417.7 419.1 420.5 418.2 415.6 414.8 415.5 410.6 406.3 405.8 406.2 406.6 408.9 410.1 409.8 409.3 408.8 408.2 407.8 408.8 408.1 409.7 411.4 411.7 412.4 412.3 411.1 410.9 407.2 406.7 406.1 404.6 404.1 403.4 401.9 401.6 402.2 399.3 397.6
312.4 307 307.1 307.7 306.3 309.7 313.7 319 321 322.8 327.9 334.4 339.5 344.6 351.9 355.4 359.7 366.8 373.7 379.1 382.9 386 390.9 396.2 397.7 400.3 403.1 404.1 406.1 407.1 406.7 405.4 406.7 407.9 408.6 409.8 411.6 413.2 412.5 413.2 413.6 414.9 414.5 412.7 409.5 407.9 405.7 405.5 405.7 406.3 406.9 408.1 409.1 410 411.2 410.5 411.3 412.1 413.7 413.4 417.1 417.5 415.1 414.9 415.5 415.4 414.3 412.3 409.8 413.1 408 410.2 410.2 407.6 406.8 405.5 403.3 402.8
311.5 304.9 300.2 302 301.9 305.2 308.6 310.9 312.6 319 324.8 332 336.9 344 348.4 354 358.8 365.6 371.3 376.2 378.9 384.4 386.2 391.4 391.9 394.1 396.8 400.9 401.7 402.2 401.2 402.3 402.4 404.8 405.6 407.5 409.3 411 410.6 410 410 411 408.2 406.7 405.7 405.3 405.5 405.4 406 406.5 407.2 409.3 410.7 412.4 412.9 413.8 418.9 418.9 417.8 419.4 421.9 423 422.9 418.8 420.9 418.4 417.7 415.1 412.3 412 410.6 411.6 409.9 410.8 410.6 405.6 403.3 400.9
309.4 307.1 299.6 299.3 307.8 312.3 314.9 311.1 313 317.8 323.9 330.1 335 341.7 346.6 354.6 359.7 365.3 368.7 372.8 375 379.7 382 384.9 387.7 389 392.5 395.3 396.3 396.6 397 399 399.5 401.4 403.2 405 406.8 407.9 408.2 408.2 407.6 405 403.7 404 404.7 405.3 405.7 406.7 406.2 407.3 409.6 411.1 415.5 414 414.3 418.1 421.1 422.8 423 423.6 423.4 424.2 423.7 422 420.2 420 419.8 420.8 415.8 416.1 414.8 414.7 413.3 412.5 409.3 406.9 406.7 406.4
305.4 302 295.8 302.3 311.5 314.3 316 316.7 316.4 318.8 323.5 328.5 331.8 338.5 346.2 354.1 358.1 363.3 366.9 370.4 372.9 376.4 377.3 378.9 381.5 385.2 387.3 388.8 390.1 392.9 393.8 396.1 397.3 397.3 399.3 401.2 402.8 403.4 404.8 405.8 405.2 401.6 401.5 405.5 405.7 406.2 406.4 407 409 409.9 411.4 413.2 413.8 415.2 417.1 421.4 424.4 427.4 430.8 432.8 431.4 431.3 431.2 429.4 428.2 427.2 425.3 421.2 418.9 415 414.9 414.9 414.4 413.5 412.8 411.1 409.2 408.2
291.8 293.1 294.2 309.8 314.9 320.4 321.8 322 321.6 321.4 323.5 328.2 332.1 336.2 344.7 351.6 354.5 361.2 364.6 368.2 372 373.3 376 377.8 380.8 384.4 385 385.4 386.6 390.6 390.3 390.2 391.2 393.2 395.9 399.3 400.7 401.2 401.3 401 401.1 397.4 401.4 403.6 405.3 406.1 407.2 408.4 409.7 410 412.7 415 418.7 419.9 422.4 426.7 427.3 429.8 433.4 435.5 436 436.3 435.9 436.4 431.7 428.4 425.4 423.1 418.7 415.3 415.2 416.7 417.3 416.6 414.9 412.1 411.6 411.1
290.7 304.5 310.2 314.8 320.7 326.9 328.9 329.1 324.7 324 326.1 328.2 332 336.3 341.6 348.1 350.7 358 361.3 366.3 370 371.9 374.3 375.4 378.7 380.9 381 381.5 383.3 385 386.7 387.1 389.3 391.5 393.7 397.1 398.1 398 397.8 396.6 396 397.8 399.3 401.6 403.4 405.1 406.7 408.1 408.4 408.8 412.7 416.2 419.4 420.3 422.7 427.9 428.3 431.2 433.3 435.3 435.5 436.2 434.7 433.6 431.7 428.9 426.7 423.8 420.5 415.9 414.9 414.3 416.6 416.3 417.9 415.6 415.5 413.7
310.5 312.4 318.9 322.5 328 329.3 329.2 334.9 329 326.8 327.8 329.6 332.3 335.4 339.3 346.6 348.5 357.7 360.4 364.4 366.3 368.9 371.8 372.7 374.9 376.3 377.4 377.9 379.4 381 383.5 385.2 387.8 390.7 393.4 394.1 394.5 394.4 395.3 395.5 394.6 395.1 398.2 399.6 401.5 403.8 405.5 407.1 407.3 409.7 412.6 414.7 417.9 422.7 425.3 426.9 428.8 429.6 431.5 432.4 432.3 430.3 429.3 428.6 427.8 425 423.3 422.3 419.2 413.4 411 408.6 408.8 413.8 416.3 415 415.5 414.6
314.9 319.9 325.9 333.5 334.4 332.2 331.1 335.3 331.1 329.5 329.8 332.6 335.7 336.8 341.5 345.8 349.4 354.7 356.6 360.4 363.7 366.3 367.4 369.8 371.6 373.1 374.1 375.3 378.6 380.2 382.6 384.2 386 388.2 390.7 391.3 392.3 391.5 393.2 393.3 393.6 394.4 395.7 399.1 402.2 404.7 406.7 407.2 408.2 410.5 411.6 414.5 417.7 422.6 422.9 425.1 426.5 429.2 430.4 430.5 429.3 427.6 426.1 425.3 423.2 421.6 420.4 420.3 417.5 412.2 408.4 405.2 407 410.3 411.1 411 411.3 412.1
323.7 328.8 332 342.5 338.1 337.6 338 335 332.7 334.1 333.1 337.9 336.4 338.3 343.3 343.8 350.7 352.8 353.7 361.4 360.9 363.3 364.8 367.4 367.8 369.2 371.5 373.3 377.4 379.4 380.8 382.6 383.7 386.2 388.2 389.7 390.5 391.8 392 392.7 393.8 395.2 397.2 399.6 402.3 404.9 407.2 408.9 410 412.5 414.1 415.9 417.9 422.4 422.8 424.7 426.3 426.8 428.3 427 426.9 424.9 424 422 421.1 420.2 418.2 417.2 415.4 409.3 403.1 404.2 408.9 407.5 407.1 406.3 405.7 405
331 339.9 342.2 342.6 347.9 344.2 345.3 337 333.4 333 338.2 337.3 336.4 337.7 338.4 341.6 347.2 349.8 353.9 356.5 358.5 359.9 364.1 365.9 365.4 369.3 369.8 374.5 376.1 378.3 381.8 383.8 385.1 386.8 388 388.7 389.7 390.2 392.1 394.6 397.4 398.9 400.1 402.2 404.2 406.2 408.7 411.2 412.8 414.1 416.5 417.6 419.6 422.2 422.5 423.3 424.8 425.2 425.2 425 424.2 423 421.5 419.5 419.1 417.2 416.1 415.5 411 404.1 401.7 403 405.2 404 402.8 403 402.2 402.5
340.5 347.9 348.5 342.9 346.2 341.9 341.1 338.6 333.8 333.9 341.9 339.4 337.9 337.8 337.7 340.6 342.8 349.7 352.1 355.4 356 358.2 362.1 361.2 364.7 369.3 371 375.3 377.2 379 381.8 383.8 385.4 386.5 387 388.6 389.8 392.3 394.7 396.4 398.5 401.1 403.4 404.7 406.5 408.1 410.5 413.2 414.7 415.9 417.8 418.5 421.1 422.3 422.9 423.5 424 423.4 423.1 422.2 421.4 419.7 418.5 415.9 414.5 413.1 412.4 410.1 405.2 403.3 399 398.2 400.9 401.5 401.8 404.4 403 402.9
347.6 349.4 345.8 345.4 349.4 342.6 339.1 335.4 334.8 340.3 342.5 339.6 337.6 337.7 337.8 338.6 343.7 346.5 349.3 352.2 356.9 356.7 357.8 361.4 365.3 369 371.3 374.9 377 379.8 381.9 383.8 385.1 385.9 387.3 389.8 392.1 394.2 396.2 398 400 402.6 404.8 406.3 408.2 410.7 412.9 415.1 416.7 417.9 419.3 420.5 423 424 424.6 424.8 424.7 424 422.7 421.3 420.7 419.9 416.5 413.6 411.2 408.3 408.2 406.7 403.6 402.5 399.3 397.1 400.1 401.9 402.5 403.2 401 398.7
350.2 345.2 346.8 350.9 344.6 340.9 336.8 335.1 339.7 345.5 343.4 339 337.7 337.8 337.8 338.7 343.4 343.7 347 350.4 350.5 356.2 357.2 361.7 365.4 368.2 371.4 374 376.7 379.6 381.8 383.9 385.5 386.8 388.9 391.8 393.7 395.7 397.6 399.7 402 404.1 406.5 409 411.7 414.3 416.1 417.8 418.9 420 421.4 423.1 425.1 426.3 426.9 428.3 427.2 426 424.4 422.1 419.2 415.9 413.2 410.9 408.1 406.6 405.3 403.7 403.2 403.4 401.3 397.1 399.3 401.4 401.1 400.8 398.8 396.3
345.2 346.2 352.2 344 342.2 339.6 341.6 341.2 342.9 343.7 342 338.3 337.5 337.6 337.8 341 340.5 342.7 346.2 345.7 350.9 356.2 358.8 360.9 363.2 366.1 370.6 373 376.7 379.3 381.9 384 385.7 387.4 389.8 392.4 394.9 397.4 399.7 402.4 404.6 407.3 410.8 412.9 415.2 417.8 419.6 421.4 421.9 423.1 426.2 427.9 430.1 432.8 436 438.9 434.7 430.7 427.5 424.3 421 415.8 412.8 411.1 407.9 403.6 402.8 399.2 396.5 402.9 399.6 395.6 396.3 398 399.6 397 394.8 392.8
347.6 348.8 346.1 345.5 349 347.9 344.3 344.4 344.6 340.6 338.5 337.8 337.7 337.4 337.5 338.9 339.7 342.9 340.9 348.4 351.3 353.9 357.2 360.2 362.7 366.5 368.5 374 377 379.1 381.7 384.1 386 388.7 391 393 396.1 399.3 401.8 404.9 407.7 411.4 414.9 417.1 419.2 421.3 423.5 425.3 427.3 428.8 431.9 434.7 437.6 441.5 443 442.4 440.1 433.8 428.7 423.2 418 409.6 407.5 405.1 401.9 397.9 396.8 395.6 391.8 395 393.1 392.1 393.4 399.1 398.9 397.1 395.3 392.9
352 352.5 352.4 350.6 350.5 349.4 347 346.2 342.1 339 338.3 338.2 337.9 338.2 338.2 338.1 338.4 340.6 341.6 345.5 347.4 353.1 355.9 359.1 362.8 364.4 369.2 374 376.1 378.7 381.4 383.7 386.9 389.7 392 394.4 397.5 400.6 404 407.9 411.3 414.8 418.2 421 423.1 425.9 427.7 429.5 431.5 433.6 437 440.6 442.7 447.2 446.7 443.8 437.8 432.3 428 423.4 412.7 405.1 405.3 400.6 398.8 395.2 393.8 391.5 389.3 388.9 389.3 390.3 392.8 394 394.9 394.7 392.8 390
360.7 361.1 360.1 357.2 353.1 352.6 351.2 346.3 341.7 340.8 343.3 338.2 338.2 338.2 338.2 338.2 338.1 338.4 341.6 344.1 345.9 351 352.6 358.2 359.3 362.7 368.6 371 374.2 377.9 380.7 383.1 387 390.4 393.1 396.1 399.5 403 406.4 409.7 414.6 418 421.4 424.8 427.5 430.3 431.9 433.7 435.8 438.3 442.1 445 445.2 446.1 444.6 440.9 434.6 428.9 422.2 410.4 410.8 405.1 401.8 398 395.3 394 392.6 390.6 387.7 387 388.7 391.9 393.7 394.1 391.7 389.5 387 385
368.5 369.2 369.1 366.9 366.4 361.7 357.1 355 347.5 342 339.4 337.5 338.2 338.2 338.2 338.2 338.2 338.7 341 343.4 345.9 348.3 351.1 353.3 359.4 365.2 367.3 371.4 374.7 377.2 379.9 383.3 387.1 390.6 393.8 397.3 400.7 404.3 409.7 413.6 417.8 421.7 425.1 428.5 431 434.1 436.1 437.8 439.8 443.7 446.5 447 447.4 445.4 440.9 436.9 431.9 427.6 420.8 410.1 407.8 403.2 398.9 395 392.9 392.1 391.3 388.9 386.2 387.6 390.1 391 391.5 391.6 389.8 386.5 384.8 381.9
376 375.9 374.9 374.9 373.8 371.5 364.8 356.6 346.8 350.3 344.2 338.7 338.2 338.2 338.2 338.2 338.2 338.2 339.7 341 343 344.9 348.8 355.7 360.8 365.8 369.1 371.4 374.6 376.6 379.5 382.9 386.2 389.7 393.4 397.1 402.2 407.9 413 417.2 421.4 425.1 428.9 432.3 434.8 437.7 442.7 446.9 446.2 449.3 448.8 449.4 448.6 443.5 437.7 431.6 425.2 419.1 413.8 407.9 404 400.2 396.1 394 392.2 390 388.3 386.4 383.9 386.4 387.1 387.6 387.9 385.8 383.1 381.3 380.6 380
383.8 381.2 380.7 381.4 379.7 375.6 367.3 360.5 353.1 347 344.6 339.5 337.6 338.2 338.2 338.2 338.2 338.2 338.2 339.7 343.6 349.8 353 356.8 360.5 364.2 367.3 370 373.3 376.5 379.9 383.1 386.2 389.1 392.8 397.7 405.4 411.4 416.4 421.1 425.7 429.9 434 438.6 443 444.7 450.6 453.5 455.5 456.2 457.2 455.9 451.2 445.5 438.6 431.2 423.4 416.4 410.5 405.5 401 397.5 395 392.4 390.3 388.4 385.3 383.7 383.5 384.5 385.4 386.4 386.2 384.7 382.2 381.2 379.4 376.3
390.8 388.7 387.5 388.3 383.6 374.5 368.1 358.9 350.5 347.9 343.7 338.4 337.7 338.2 338.2 338.2 338.2 338.2 338.4 341.2 344.7 349.7 352.6 356.7 360.2 363.2 366.2 368.9 372.4 376.6 379.8 383.3 386.9 390.8 394.3 400.3 407.7 414.6 420 424.9 430.3 435.2 438.9 443.4 448 453.8 458.9 458.7 458.6 458.3 465.7 463.8 456.6 447.8 438.7 429.1 421.5 414 407.9 403.9 399.9 397.1 394.6 392.3 389.2 386 383.2 379.9 380.4 381.7 382.7 383 382.1 381.1 379.1 376.8 375.7 374.1
396.1 395 394.8 391.9 385 375.7 366.5 358.8 353.1 348.2 342.6 343.5 338.6 338.2 338.2 338.2 338.2 338.2 338.2 340.2 345 349.5 352.8 356 359.6 362 365.9 368.9 372.5 376.2 380.2 383.9 388.5 392.9 398 404.2 411 417.3 423.1 428.6 434.3 439.9 445.4 451.2 458.9 470.3 478.2 479.8 479.2 470.3 467.5 463.4 458.6 447.7 437.9 428 420.3 413.1 408.8 404.9 400.5 396.6 394.3 391.9 389 385.6 382.3 378.7 374.4 376.5 377.8 379 377.1 377.1 375.4 373.3 371.6 369.6
408.7 404.2 402.2 396.4 387.2 377.9 369 363.5 353.6 348.6 341.3 338.2 338.2 338.2 338.2 338.2 338.2 338.2 338.8 341.4 344.5 349 351 353.7 357.7 361.1 364.9 368.3 371.7 375.8 380.1 384.7 390 394.9 399.9 406.6 412.9 419 425 431.7 438.4 444 452 458.7 469.2 480.9 491.6 499.9 500.6 492.7 490.9 480.3 463.5 449.5 439.7 429.8 420.8 414.7 408.2 404.4 401.8 398.6 394.5 391.3 387.7 385.1 381.8 377.6 372.1 371.3 370.2 371.7 373.3 372.8 370.7 367.8 364.9 362.1
