data/290000-910000.asc
ncols 200
nrows 200
xllcorner 290000
yllcorner 910000
cellsize 50
[rows 0 to 34 of 200, columns 78 to 155 of 200]
195.3 191.6 187.3 184.7 181.6 177.7 174.6 171.6 168 165 160.1 155.7 152.9 149.8 143.7 140.5 135.5 131.9 128 126 124 122.3 119.8 117.4 117.1 112 107.2 101.7 95 98.4 87.5 97.6 111.9 119 126 134.8 142.4 148.7 155 159.5 164.3 167.4 170.5 172.9 172.9 172.1 171.1 169 166.5 164.4 163.4 162.9 160.6 157.7 156 154.3 151.6 147.5 143.6 144.6 139.6 133.7 130.5 106.6 102.3 122.1 132.5 140.1 145.6 151 155.4 156.1 157.1 160.4 162.6 163.5 165.8 169.9
189.6 187.5 182.8 179.5 176.8 174 171.7 169.9 166.4 164.1 163.1 156 154.1 150.9 146.1 143.3 137.7 133.3 129.4 127.2 126.1 127 125.6 124.4 125.8 120.3 114.2 107.9 100.7 97 91.7 87.6 102.3 114.3 124 132.6 140.1 146.6 152.9 157.2 160.2 163.3 166.5 168.6 168.5 168 165.6 163.2 160.8 159 158.5 158.2 157.2 155.4 154.6 152.8 149.3 145.8 142.3 138.9 135.6 131.1 127.7 107.9 93.3 117.8 131.6 139.1 145.8 151 152.8 155.1 158.1 160.1 162 162 164.7 167.6
184.8 182.6 179.1 174.4 170.2 168.7 166.9 165.6 164.5 163.5 159 154.8 152.9 150.3 147 142.9 138.8 135.1 131 127.5 126.9 127.6 126.9 126.6 128.5 123.1 113.9 108.4 102.7 96.4 92.9 82.7 97.1 110.9 120.4 128.9 136.6 143.7 149.2 153.8 157.4 159.9 162.7 164 163.8 161.9 159.5 158.7 155.8 154.3 154.3 152.5 152.3 150.4 149.6 147.2 144.6 143 141.9 136.8 130.8 126 123.8 111 88.6 114.6 129.4 136.3 144 149.8 151.5 152.2 155 157.2 160.1 159.8 161.2 163.2
179 176.4 173 167.8 164.9 163.3 162 160.7 159.4 158.4 156.1 153.7 151.9 150.1 146.9 142.2 138.3 134.3 131.7 130.4 128 128.7 127.2 123 120.1 116.9 110.8 106.4 101.9 96.1 90.7 81.8 91.6 104.5 116.4 124.7 131.9 139.8 145.3 150 154.3 156.6 158.6 159.6 158.2 155.7 154.8 154.1 151.8 150.8 149.5 147.7 146.6 145.4 143.9 141.5 140.2 138.9 134.6 129.5 126.6 126 123.5 113.6 85 113.9 127.5 134.9 141.3 147.4 149.5 151.7 153.3 155 156.5 155.3 156.9 158.8
172.9 169.2 163.6 161.1 158.6 157.7 157.3 156.9 156.1 155.2 155 152.8 151.5 149.3 147 143.8 139.9 137.4 135.3 131.7 128.2 125.6 122.8 118.9 114.9 111.6 110.1 105.5 100.1 93.4 88.9 79 87.3 100.3 114.1 121.1 127.9 134.4 141.6 147 150.4 152.3 153.7 155.1 154.6 151.2 149.2 148.1 147.1 147.1 145.3 143.5 140.6 138.4 137.8 136.6 135.2 134.6 131.7 126.3 122.9 122.7 118.9 101.8 85.1 117.1 127.2 135 140.9 143 145.4 149.6 151.5 153.3 153.1 151.6 152.1 153.8
165.8 161.1 157.7 156.4 154.8 153.8 154.4 154.3 153.5 152.7 152.3 152.1 151 149 146.8 144.3 141.1 139 137.7 133.4 129.9 124.8 121.2 117.6 113.2 110.5 108.6 102.2 96.2 90.6 87.2 81.4 85.5 98.8 109.7 118.5 124.5 130.2 136.1 140.9 144.1 146.9 147.8 149 149.2 147.5 145.1 142.7 142.3 141.7 140.1 138.3 136 134 132.3 130.7 130.5 130.9 129.3 125.8 122.2 118.4 103.8 84.1 99.7 119.6 126.4 131.2 138.1 141.7 144.6 148 151 152.5 149.8 149.5 149.2 149.1
159 155.8 153.6 151.9 150.9 149.8 150.4 150.9 150.8 150.3 151.2 151.4 150.3 149.2 146.8 144.6 141.7 138.8 135.7 133.5 130.6 127 124.2 117.8 113.6 109.6 105.8 99.9 94.7 89.1 85.4 82.4 79.2 88.3 102 114.6 120.9 126.6 132.4 134.4 138.6 142 141.8 141.8 141.8 141.5 140.4 138.5 137.4 136.5 135 133.4 132 130.8 129.5 127.7 127.5 125.7 122.2 122.3 119 99.7 82.8 92.5 115.3 121.3 126.6 133.1 134.2 139.1 143.3 146.1 148.3 150.3 149.4 147.8 147.5 147.1
155 151.3 149 146.9 146.1 146.2 146.9 146.6 147.5 148.2 148.5 147.7 146.4 145.6 144.4 143.2 141 139 136.4 133.2 130.2 127.2 123 118.5 113.8 110.2 106.7 99.9 93.5 88.1 84 79 81.4 81.8 92.9 108.9 117.2 122.7 129 131.4 134.8 138.6 137.9 138.9 137.6 136.5 136.9 136.7 135.1 134.4 132.2 129.3 128.2 127.1 125.9 125.6 125 121.5 116 106.6 95.4 79.3 93.6 112.3 117.8 122.6 128.2 133.3 132.1 135.7 138.3 141.3 144.4 145.6 145.5 145.2 145.2 145.4
151.6 146.8 143.8 141.9 141.4 142.7 142.8 142.4 143.6 145.1 144.5 143.9 143.4 142.9 143.2 142.2 141.9 139.8 137.4 135.3 132.7 131.3 126.7 122.1 116.4 112.8 110 100.9 94.6 87.5 81.8 76 81.4 81.5 87 105.5 113.8 119.9 126.6 129.5 133 133.5 134.5 136.7 135.2 134.4 133.8 132.7 131.8 131.6 130.3 126.7 125.8 123.9 122.9 120.2 118.7 116.5 100.6 77.5 86.4 99 108.2 116.8 120.2 122.7 129.1 131.1 130.6 131.5 133.3 135.7 139.8 141.6 142 142 141.9 142.6
148.9 143.7 139.6 137.3 136.8 137.8 138.2 138.3 138.9 140.5 141.9 141.4 140.9 140.7 141.3 142.2 142.2 140.8 138.4 136 133.6 131.1 127.6 123.6 118.6 114.2 112.5 102.2 95.4 88.6 82.3 75.9 77.8 78.6 85.3 103.4 109.4 117.4 124 128.3 131.8 130.2 130.6 131.7 130.7 131.8 129.8 127 125.8 125.5 123.7 122.8 122.8 121.2 119.1 116.6 112.3 106.4 88.1 79.6 97.2 104.3 112.5 117.1 119.1 119.3 126.5 128.2 128.5 128 128.4 127.3 130.9 136.3 138.4 138.6 138.8 139.6
142.1 136.6 135.9 134.3 131.9 132.2 133.1 134.1 134.2 135.8 137.8 138.8 138.5 138.4 140 141.2 141.1 140.1 138.1 135.7 133.3 131.6 128 125.5 121 114.8 113.1 103.8 96.2 89.6 82.5 77.2 73.2 75.7 79.7 93.5 107.6 115.3 121.7 126.8 128.2 128 129.3 129.7 128.8 127.4 125.6 122.8 120 119.2 117.1 116.4 116.4 115.3 114.5 112.7 109.9 97.1 74.2 86.5 98.1 106.5 110.7 114.1 118.4 116.9 123 125.2 124.7 123.7 123.1 122.5 124.3 128.9 133.4 133.4 134.8 138.9
132.1 130 129.6 129.1 127.9 127.9 127.7 128.7 129.7 131.1 133.2 134 134.8 136.2 137.2 138.5 139.4 138.9 137.5 135.5 133.1 131.4 128.6 125.1 121.5 118.2 113 107.8 102.1 90.6 83.5 77.4 74.3 72.9 73.3 84.5 94.9 107.5 117.5 124 123.7 127.2 128.6 129.2 129.1 126.8 123 118.2 114.9 112.9 110 109.1 108.9 109 108.3 107.4 103.5 88.3 74 92.2 101.6 107.4 111.1 113.1 114.5 114.5 117.8 120.4 120 119.6 119.1 118.6 118.9 121.5 125.9 126.1 133.4 137.6
124.2 125.9 126.1 125.2 125.6 123.8 122.4 123.2 124 125.2 127.9 129.9 130.8 132.8 134.9 137.1 138.2 137.7 136.4 134.9 132.9 130.4 127.8 125 122 118.6 115.2 110.2 101.3 93.5 86.2 79 74 70.1 76.4 71.2 88.1 97.3 111.3 117.3 123.6 126.4 128.4 129.5 128.3 126.3 121.5 117.5 113 108.4 104.8 102.6 102 101.6 100.8 100.4 96.2 70.9 77.1 95.8 103.5 109.6 113.3 114.8 114.6 114.9 116.7 117 116.5 114.5 114.4 113.8 115 115.1 122 129.1 132.6 137
120.9 120.9 121.1 120.8 123.5 122.1 116.1 117.4 118.5 119.6 122.1 125.1 126.7 128.5 130.5 132.7 133.9 135.2 134 133.1 131.3 129.3 126.7 123.9 120.8 117.5 114.4 112 104.7 95.8 88.6 81.6 76.3 70.6 73.3 74.2 83.1 92.1 106.7 115.9 123.3 127.5 130.6 130.7 129.2 126.7 122 118 113.5 108.5 104.6 100.1 97.1 96.6 96.1 93.4 89.6 65.3 83.9 95.9 103.1 110.8 111.9 111.9 111.3 115.2 116.1 114.8 111.9 109.3 107.2 107.5 111 115.9 120.6 127.4 131.6 136.1
111.7 113.4 111.7 114.8 114.9 113.2 108.8 112.2 113 114.3 115.5 118.5 122 124.2 125.3 127.3 128.7 130.1 130.4 130 129.1 127.4 125.6 122.2 118.9 115.5 113.6 110.6 104.9 97.9 90.6 83.1 76.4 71.8 65.9 70.2 79.7 88.9 101.8 113.5 120.4 126.1 130 130.6 129.1 126.3 122.5 118.5 113.9 109.1 105.7 100 94.7 91.6 90.7 87.7 84.7 64.5 86.1 93.2 100.6 107.4 111.7 114.1 107.8 110.2 110.2 109.7 107.8 105.9 104.5 102.3 107.4 112.2 116.9 122.1 125.2 128.4
105.7 109.2 103.9 103.9 103.8 102.4 103.1 106.9 107.3 108.5 109.8 111.5 115 118.5 120.6 122.4 124.1 125.3 126.7 126.2 126.7 124.9 122.9 120.1 116.7 114.1 110.9 107.2 102.7 97.2 90.4 82.1 75.6 72.1 70 62.6 75.4 86.4 98.3 110 117.1 122.3 127.5 129.6 128 125.5 122.2 118.5 115.9 109.1 104.7 100.3 96.4 92.5 86.2 84.5 80.7 64.3 79.7 90.7 94.7 101.3 106.7 110.1 106.1 109.1 109.2 105.6 101.3 100.1 100.3 98.7 106.1 110.7 115.5 118.9 121.7 123.2
91.3 94.9 95.3 91.1 93.7 93.9 94.4 99.1 100.2 100.2 100.7 103.9 107.6 111.3 114.4 117.1 119.3 120.9 121.3 120.9 122.6 122.3 120.1 117.5 114.7 112.3 109 104.6 100 94 88 81.3 75.3 73.2 69.8 65.3 70.6 82.3 95.5 105.8 112.7 117.8 122.6 124.8 123.9 123.4 119.8 118 113.4 108.2 105.3 101.6 98 92.3 84.5 83.2 78.7 62.9 74.8 84.7 88.9 95.4 99 99.8 102.6 103.9 104.8 102.3 98.7 97.8 97 98.3 104.6 109.4 113.8 115.6 118.5 119.9
75.4 80.3 80.2 76.1 81.4 80.8 78.5 84.8 89.4 90.8 90.2 95.4 100.3 103.3 107.4 110.8 113.6 116.3 116.1 116.9 118.3 119.5 117.1 115.5 114 111.6 107.3 103.2 99.6 95.4 87.2 79.4 75.5 71.1 68.4 65 67.9 80.2 87 99.2 107.1 112.7 118 121.1 122 121.6 119.6 116.6 112.2 109 107 102.4 97.8 93.3 85.8 80.2 77.9 66.6 68.5 80.9 84.1 90.4 93.8 94.4 97 96.3 99.7 98.8 95.5 95 94.3 96 102.1 108.5 113.8 117.4 120.1 121.9
53.5 59.6 63.5 63.5 67.9 68.2 67.4 71.3 75.6 78.2 80.6 83.1 89.4 94.3 99.4 104.1 108.1 110.2 111.6 113 114.5 115.6 115.1 113.7 112.3 111.2 106.9 103.4 101.9 98.6 86.2 78.4 71.2 67.4 65.1 60.8 65.6 73.6 80.7 87.9 99.4 107.1 113.3 116.2 117.5 118.4 118.2 115.2 111.1 108.6 106.1 100.1 96.4 92.1 85.1 80.1 72.2 70.9 63.9 75.3 79.9 86.3 88.9 88.3 89 89.4 92.2 92.4 91.9 91.3 91 94 99.5 106.4 112.9 119.2 122.9 124.4
38.2 41 44.5 46.5 51.1 53.7 55.1 58.7 61.1 65.3 70.3 74.6 75.6 82.9 90.1 94.6 99.6 103.3 106.6 108.3 110.2 109.6 109.6 110.1 109.5 107.2 105.1 103.6 101 93.3 83.5 73.3 66.9 64.1 60.9 55.3 61.7 69.2 76.7 81 92 98.6 106.2 110.4 111.6 112.6 111.3 108.4 105.9 103.6 99.7 96.9 92.3 88 83.3 77.5 73.2 66.4 60.1 67.2 72.6 77.8 80.8 82.1 83.8 80.9 86.7 86.3 85 86.6 86 91 96.7 103.4 110 118 123.8 127.3
35.8 36.5 38.2 39.5 40.3 40.7 43.3 46.2 49.9 53.8 59.5 63.4 66.9 70.5 76.9 81.6 88.3 94 97.4 101.4 103.7 104.8 105.6 106.9 107.8 104.2 102.2 100.7 97.8 90.5 81.8 73.9 65.5 61.7 58.6 58.8 59.8 64 70.9 77.5 85.1 89.4 96.3 100.8 103.6 104.7 102.9 101.3 99.1 95.3 92.5 89.5 86.8 83.4 81.3 78.2 76 73 65.7 51.7 64.1 66.4 70.6 74.8 77.7 76.6 78.1 78.8 79.2 82.8 83.1 88 93.8 100.2 106.7 115.2 120.1 125.2
37 36 37.3 38.1 38.2 38.4 38.8 39.1 40.8 44.1 47.7 51 54.7 55.4 61.8 69.5 76.5 81.3 86.7 93.6 99.9 103.4 104.3 107 107.1 102.4 100.9 97.5 94 88.3 83 75.3 68.9 62.7 56.7 52.3 57.9 58.9 65.5 72.4 77.1 81.9 84.9 91.2 93.9 93.7 94 93.8 91.7 88.4 84.2 81 78.3 79.7 75.6 77 77.7 73.5 67.7 60.3 55.9 60.3 61.9 65.4 68.2 68.1 68.5 68.2 72.2 76.9 80.8 86.2 91.4 95.2 101.6 108.1 114.4 120.2
37.1 36.2 36.2 37 37.7 37.5 37.5 37.6 37.9 39.4 41.9 43.3 44.1 45.9 48.6 55.9 63.7 71.5 77.1 84.2 89.3 94.8 99.9 106.8 107.5 102.6 102.3 97.9 93.4 87.9 82.2 75.9 69.7 64.9 59.1 55.1 51.5 56.2 60 65.3 69.4 72.3 73.7 79.1 85 83.2 85.3 85.1 83.6 78.4 75.7 73.1 74.3 69.8 68.9 72 72.3 69.8 64.4 56 48.8 58.5 58.7 57.2 59.5 60.4 59.4 56.6 64.1 68.6 76.6 83.4 85.9 89.1 94.8 100.4 105.3 112.7
37.2 36 37.5 37.3 37 36.9 37 37.1 37.6 37.6 37.8 38.7 40 40.4 40.4 41.2 45.7 55.8 64.4 71.3 77.3 84.1 91.8 100.4 98.4 96.9 101.9 99.4 94.2 87.7 81.5 75.4 70.2 65.1 59.1 55.1 50.4 49.1 55.7 56.3 60.3 62.8 61.9 66.9 69.2 73.2 76.5 73.8 71.9 69.5 63.5 62.9 66.5 57.7 61.6 64.6 67.7 66.5 62.7 57.3 49.4 56.3 57 55.2 52.4 51.5 52.8 51.3 57.8 64.6 69.6 71.8 75.2 79.1 84 91.2 95.7 101.6
37.4 36 36.3 36.6 36.4 36.4 36.4 36.5 37.2 37.1 37 37.7 38 38 38.1 37.9 38.1 37.8 45.7 54.8 62.3 71 80.2 85.5 87.6 87.7 92.7 96 92.3 87.8 80.9 75.4 70.3 64.4 59.8 54.3 51 47.4 47.4 54.1 53.9 54.2 51.9 54.5 56.2 56.5 62 60.6 57.4 57.1 52.3 50.9 50.1 49.7 51.5 53.8 57.3 54.9 53.7 47.2 47.4 49.4 51.9 50.1 48.9 45 44.3 44 48.6 53.9 58.6 62.7 68.1 72 75 78.4 82.5 90.2
37.7 38.8 36.2 36 36 36 36 36 36 36 36.3 36.4 36.2 35.9 35.9 36.5 37 37.2 37.2 38.1 47 56.7 61.1 64.7 71 76.3 78.9 81.4 84.8 86.7 83.4 76.2 70.4 64.6 59.2 53.5 50 48 44.9 48.6 51.3 50.8 46.3 49.1 47.1 43.8 49.4 47.7 46.5 46.2 44.3 44.7 45 45.2 46.7 47.4 46 44.6 42.3 39.8 45.1 46.7 47.3 46.7 45.5 44 42.9 40.9 40.7 44.7 49.3 51.6 54.2 57.8 60.6 65.7 69.6 73.9
37.8 37.7 37.9 38.1 36.5 36.6 36.8 36.7 36.6 36.5 36 36 35.9 35.9 36.1 35.9 36 35.9 35.9 35.9 35.9 39.6 45.7 50.9 57.9 61.3 63.7 64.5 67.8 73.3 73.4 75.5 67.9 61.2 57.2 52.3 48.5 46.8 42.8 42.4 46.1 48 46.6 41 41.4 40.3 36.8 34.6 34.5 33.5 33.1 33.1 35 39.1 43.2 44.5 44 38.2 38.6 42 42.1 43.4 44.3 42.8 44 43.8 41.8 40.1 36.2 41.8 44.6 42.1 40.9 40.1 41.2 47.3 55.3 60.3
38.4 38.1 38.3 37.7 37.1 37.6 37.8 38.5 38.5 37.5 36.6 36.2 36.2 36.7 36.7 37 36.3 36.3 37.2 38.4 36.7 36.2 37.1 39 44.7 46.1 46.5 50.6 50.8 55.4 58.1 58.7 56.7 55.6 51.1 48.8 46.5 45.4 41.2 43.4 44.9 44.1 42.7 35.8 35.5 35.1 35 34.4 33.9 33.5 34.4 34.1 33.2 33.1 34.2 36.7 36.5 37.4 39.3 40.1 40.3 39.5 38.8 37.3 37.2 37.1 36.6 37.9 35.4 40.3 38.5 36.8 37.1 36.6 36 36.4 40.6 45.5
43.4 40.9 40.1 39 38.7 39.1 39.2 39.7 39.4 38.5 37.3 37 36.8 37 37.7 38.1 38 38.4 38.9 40 38.4 37.4 36.3 36.3 37.4 38.8 39.8 43.3 43 42.8 43 45.7 45.6 45.3 43.9 43.2 42.9 42.1 38.5 43.4 42.8 39.9 36.1 34.8 34.8 34.8 34.7 34.2 33.8 33.5 34.5 34.1 33.7 33.3 33.1 34.4 35.1 36.1 37.1 38.4 38.1 37.6 36.9 36.2 35.7 35 34.6 34.5 33.2 34 34.7 36 37.5 37.2 33.9 33 34.5 34.1
54.2 50.6 45.4 42.8 42.4 41.5 40.9 40.4 39.9 38.6 38 37.9 37.6 37.9 38.8 39.9 40.1 40.6 40.7 41.5 40.3 38.9 37.5 36.7 36.3 36.6 38.3 39.8 42.2 41.9 41.9 41 40.4 40.2 40.6 39.7 39.4 38.9 36.4 35.8 35.3 35.3 35.1 36.1 35.6 34.4 34.3 33.9 33.7 34.1 34.6 34.6 34 33.3 33.1 34 35 35.9 36.9 36.8 36.7 36.2 35.9 35.4 34.9 34 32.8 32.7 31.4 31 30.3 30.3 30.7 31.1 31.2 30.4 30.4 29.8
68.3 64 59 53.8 49.6 49.7 51.1 47 41.7 41.5 42.3 41.2 40.6 39.5 40.2 41.5 42.2 42.6 42.8 43 41.8 40.4 39 37.9 36.8 36.3 36.9 38.2 38.4 38.9 39.6 39.3 39.1 39.2 39.4 38.3 38.1 38.2 36.3 36.4 37.6 36.8 37.1 37.6 37.6 36.2 34.5 34 34.4 35.5 35.5 34.4 33.7 33.1 32.6 33.4 34.8 35.3 35.6 35 35.5 35 34.9 34.5 34 33.4 32.2 30.9 31.1 29.9 28.9 28.8 28.9 28.6 28.2 28.8 28.7 28.2
83.4 79.3 74.8 68.5 63.5 63.3 62.3 58.5 54.8 55.4 54.2 50.2 48.1 46.3 44.8 44.4 42.8 44.4 44.9 44.6 43.2 41.9 40.4 38.7 37.6 36.5 36.3 37.8 38.1 38.1 38.4 38.3 38.2 38.2 38.3 37.6 37.8 37.7 36.3 37.5 38.5 39 39.2 39.3 39.5 37.8 36.1 35.7 35.9 35.9 36.2 35.4 33.3 32.9 32.5 32.2 33.7 34 33.9 33.2 34.4 34 33.9 33.7 33.2 32.8 31.4 29.9 30.5 29.1 29.2 29.7 30.1 29.6 28.1 27.6 27.4 27.1
101.4 95.8 90.2 84.7 80 77.2 74.8 71.4 68.7 67.1 63.7 59.6 58.2 54.3 51 50 47.5 46.2 45.5 47.3 45.1 43.3 41.4 39.2 38.1 37.2 36.3 36.3 37.5 37.8 37.9 37 36.7 36.3 36.6 37.4 37.6 36.3 38.5 39.3 40.4 41.1 41.3 41.5 41.8 40.3 42.7 46.3 46.5 46.7 46.6 45.9 39.8 33.6 33.1 32.2 32.3 32.6 32 31.5 32.2 32.6 33 32.7 32.4 31.8 29.3 29.2 29.2 31.4 31 30.6 30.7 30.8 31.2 31.8 31.6 31.5
120.2 113.5 107.1 101.3 96.9 91.6 87.5 84 80.8 77.1 73.1 69.5 64.9 61.5 59.5 57.8 56.7 55.1 52 49.8 46.7 44.8 43.9 41.1 40.3 39 37.5 36.3 36.3 36.3 36.3 36.3 36.5 36.7 36.5 36.3 36.3 37.5 39.5 40.7 42.3 43.3 44.7 45.5 46.8 48.8 50.3 53.6 57.8 57.3 54.9 54.9 49.4 44.8 40.4 36.6 36 34.6 35 32.2 30.6 30.8 30.6 30.2 29.9 32.7 34.6 34.5 33.5 34.3 35.1 37.5 42.2 44.4 45.2 47.8 47.5 47.8
140.3 131.1 122.7 115.8 108.5 103.1 98.8 94.1 89 84.7 80.3 76.3 72.3 70 68.2 66.4 65.2 62.8 55 57.3 54.4 52.2 52.3 52.1 48.1 43.7 43.5 40.7 38.7 38.7 39.2 39.8 40 39.7 39.5 39.5 40 43 44.7 44.2 46 48.2 45.8 49.8 55.8 58.4 62.8 67.9 68.7 67.6 68.1 68.5 67.1 65 60.7 59.9 62.7 61.6 54.3 47.9 44.1 42.4 42.3 40.9 42.7 45.2 46.8 47.4 47.5 49.3 51.9 55.6 60.3 63.7 65.2 66.8 66.5 65.7
