data/290000-630000.asc
ncols 200
nrows 200
xllcorner 290000
yllcorner 630000
cellsize 50
[rows 140 to 174 of 200, columns 0 to 77 of 200]
309.2 308.8 308.3 307.6 306.6 304.8 302.3 299.8 297.2 293.8 291.8 289.2 287.6 286.3 287.7 289.4 291.5 293.6 295.2 296.4 297.4 298.5 299.5 300.5 300.2 299.4 297.7 296.4 295.3 294.8 291.7 288.7 285.3 282.3 279.5 276.7 274.3 272.2 270 268.4 267.1 265.6 264.1 263 262.7 262.8 263.2 263.6 263.8 263.6 263.1 262.9 263.2 264.5 265.8 266.5 266.6 268.2 268.5 270 271.5 273 274.3 274.5 275.8 277.2 278.1 279.3 279.3 278.9 277.1 274.1 271.1 267.2 265.1 271.4 275.7 279.5
312 311.6 311.1 311.3 310.5 309 306.6 304 301.1 297.8 294.5 291.3 286.9 285.6 285.2 286.4 288.4 290.8 291.7 293.4 294.8 295.8 296.9 297.9 297.7 296.8 295.2 294.2 293.1 292.1 289.9 286.9 283.8 280.9 278 275.2 273.1 271.1 269.2 267.5 266 264.5 263.1 261.7 261.3 261.3 261.3 261.2 261.3 261.1 260 259.9 260.9 262 263.3 264.4 264.9 265.3 265.6 267.2 268.5 270 271.3 272.2 273.4 274.7 275.8 276.7 277.4 276.2 274.6 272.6 270.1 267.3 264.2 267.8 272.2 275.8
315.6 315.1 315.2 315.4 314.3 313 310.8 308.3 305.1 301.8 298.4 293.5 288.5 284.7 285 284.5 285.5 287.6 288.4 289.9 291.7 293.6 295.1 295.4 294.9 294.3 293.1 291.9 290.4 289.2 287.9 284.9 282.6 280.2 277.5 274.8 272.7 270.7 269.1 267.4 265.4 263.5 262.2 261.2 260.6 260.3 259.8 259.4 259.1 258.7 257.3 256.7 258.2 259.9 260.6 261.4 262 262.1 262.7 263.9 265.2 266.5 267.6 268.8 270.6 272.3 273.4 274.7 275.4 274.4 273.5 271.9 269.9 267.3 264 263.8 268.7 272.1
320.1 319.7 320.3 319.6 318.4 317.1 314.9 312.4 309 305.5 302.4 296 290.8 285.8 284.1 283.7 283.9 284.5 285.3 286.4 287.4 290.3 293.1 292.1 291.4 290.9 290.4 288.9 287.5 286.3 285.3 283.5 281.2 279.2 277.1 274.4 272.3 270.6 269 267.4 265.5 263.7 262.4 261 260.1 259.6 258.6 258.3 257.7 256.7 256 255.7 256.4 256.4 257.9 258.7 259.4 259.4 259.6 260.6 261.9 262.9 263.9 265.3 267.3 269.9 271.4 272.6 272.8 273.3 272.6 270.2 269.1 266.5 265.2 260.1 265.8 269.5
325.3 325.4 325.8 325.7 324 320.6 317.1 315.6 312.7 310.4 306.8 300 291.7 287.2 285.7 284.2 284 283.2 283.1 282.9 283.2 286 287.7 288.6 287.5 286.7 286.3 285.8 284.9 284.1 283.3 281.9 279.9 277.9 275.9 273.9 272.2 270.5 268.9 267.3 265.6 264.1 262.7 261 259.7 258.9 259.1 258.4 257.8 256.9 256 255.5 254.7 254.7 255.5 256.1 256.8 257 257.3 257.6 258.3 259.3 260.3 262.1 264.5 266.9 269.7 271.1 271.8 272.3 272 266.4 265.5 265.4 263.5 259.8 264.7 267
331.7 331.9 331.2 330.7 328.1 324.5 319 316.8 314.6 311.1 309.3 304.5 291.9 288.9 287 285.7 284.5 283.7 282.8 281.8 280.4 281.2 281.7 283.7 283 282.6 282.6 282.6 282.2 281.8 281.2 279.8 278.1 276.3 274.5 273.2 272.5 270.6 269 267.3 265.9 263.8 261.9 260.8 260 259.4 259.5 258.9 258 256.9 255.8 255.2 254.2 253.7 254.2 254.3 254.6 255.1 255.4 255.4 255.3 256.2 257.4 259.1 261.2 263.5 266.1 269 269.8 270.6 270.4 265.7 263.7 262.6 260.5 255.3 261 264.3
339.1 338 337.6 334.6 332 328.5 322.9 317.9 314.5 310.7 307 303.3 295.7 291.7 288.3 287.4 286.1 285.4 285.6 284.6 282.9 280.8 279.4 279.1 278.8 279.5 278.7 279.6 279.1 278.7 278.9 277.8 276.3 274.6 272.7 273 272.3 271.2 269.2 266.6 263.9 262.4 263.2 264.3 261.6 260.4 259.9 259.6 258.3 257.1 256 255.5 254.3 253.2 253.2 253.3 252.8 254.6 253.7 253.8 253.5 253.8 254.7 256.5 258.5 260.5 262.6 263 265.4 266.8 266.7 264.2 263.1 260.9 257.4 254.4 258.5 260.3
346.8 344.5 341.8 337.7 334.5 332.4 326.7 320.3 314.7 310.6 305.9 301.4 296.3 292.3 289.3 288.4 287.8 287.5 288.3 287.4 285.4 283.3 281.4 279.2 276.6 275.3 275.3 276.5 276 276.7 276.5 275.4 274.6 272.8 271.7 272.2 272.6 270.2 266.4 264.4 264.5 265.3 265.2 264.8 263.3 263.1 262.6 260 258.7 257.6 257.4 257.3 257.1 256 253.1 251.9 251.7 254 252.8 252.3 251.6 251.8 252.4 253.8 255.5 257.5 259.7 257.3 259.6 260.4 261.4 258.3 255.6 255.2 253.8 253.4 256.2 258
353.6 350.6 345.5 340.9 337.5 334.3 328.9 322.9 316.9 312.5 308.3 302.9 297.7 293.7 290.5 290.3 290.3 290.4 290.6 290 288.1 287 284.6 281.9 279.3 276.5 275 274.1 274.4 274.9 274.1 273 272.7 271.8 270.5 271.3 269.7 266.3 270.3 269.5 268.2 267.5 266.1 265.4 263.5 263.7 262.7 260.7 258.9 259.3 259.2 259.1 258.9 258.7 256.8 256.3 254.9 251.9 250.5 250.4 252.6 251.2 250.3 252.1 253.5 254.5 254.3 253.2 253.3 254.4 255.5 253.1 251 251.7 250.9 252.1 253.9 255.6
359 355.1 348.9 344.5 338.8 333.8 329.4 323.3 316.9 312.5 306.6 301.5 297.9 295 291.7 292.2 292.6 292.9 293.3 293.5 292.2 290.9 287.8 285.2 281.9 278.7 275.4 274.9 274.9 273.2 272.2 271.3 271.1 271.8 270 268.2 269 271.9 272.8 272.3 271.4 269.6 267.5 266.3 265.6 264.1 262.6 261.2 259.8 260.9 260.9 260.9 260 260.1 261.5 260.5 258.3 256.8 255.3 253.1 249.9 249.9 248.8 249.6 251.8 251.2 251.3 251.4 251.1 250.4 249.8 249.6 249.7 249.7 248.3 249.4 251.3 253.3
362.8 358 351.7 345.8 340.2 334.7 328.2 322.2 316.2 309.9 304 299.9 296.8 294 294.1 294.8 295.1 295.4 296.4 297.9 296.5 295.1 292.1 287.9 284.4 279.7 276.7 275.7 275.7 274.5 273.1 271.7 270.4 269.8 269 272.2 272.2 273.2 274.2 274 273.3 270.6 267.9 267.5 267 265.5 263.8 263.4 261.6 262.9 262.9 262.2 262.1 261.8 263.7 263.2 260.2 257.3 255.4 255 253.9 249.5 249.1 248.6 248 248 249.1 249.3 249.9 249.2 248.2 247.8 247.9 248 246.1 246.5 248.4 250.4
363.8 359 353.2 347.1 340.3 332.5 324.8 319.1 312.1 308.1 304.6 301.5 299.1 297.8 297.7 297.6 297.6 298.5 300.2 301 300.2 298.3 295.7 291 286.9 283.5 281.4 279.1 277.4 275.5 274.2 272.9 271.7 270.5 271.1 273.1 274 274.8 275.6 275.4 274.2 271 269.1 268.6 268 267.5 265.5 264.6 262.8 265.2 264.7 264 264.1 264.4 264.1 264.4 262.7 260.1 257.9 255.3 252.9 251.4 250.8 251 249.1 246.9 247.6 247.4 248.4 247.5 246.2 246.1 246.4 246.1 244.4 244.6 245.4 246.5
363.8 358.7 353.6 347.9 341.4 334.1 326.7 321.4 315.9 310.8 307.8 304.2 302.4 301.5 301.4 300.8 300.5 302.3 304.2 304.7 304.7 301.9 298.9 294.4 290.2 286.4 283.4 281.3 278.4 276.3 274.4 273.2 272.1 271.2 272.3 273.9 275.3 276.4 277.2 276.7 275.4 274.2 270.1 269.6 269.1 268.6 268 267.4 262.7 267.8 267.4 267.3 268.1 267.3 267.7 266 264.8 262.1 259.7 258.3 256.2 255.2 253.2 251.7 251.1 249.1 246 246.5 246.4 245.7 244.9 244.6 245 244.3 243.1 243.3 243.3 243
365.5 360.5 355.9 351.7 344.9 338.2 330.8 324.8 319 314.7 311.9 309.5 307.4 306.2 304.4 304.6 304.4 305.9 307.5 308.9 308.9 306.3 301.8 297.7 293.8 289.9 286 283.2 279.7 277.2 275 273.5 272.1 271.3 273.3 274.7 276.1 277.6 278.6 277.4 276.2 274.9 271.7 270.8 270.3 269.8 269.2 267 263.9 270 270.7 270.9 271.7 272 270.8 269 266.5 263.5 262 260.1 258.3 256.5 255.3 253.9 253.1 251.9 250.3 248.1 247.6 247.1 244.9 243.6 243.7 245.6 245.4 243.6 242.6 243.3
367.1 363.8 359.3 354.5 348 341.8 335 328.3 323.9 319.7 317.3 315 312.5 309.5 309.6 309.9 309.3 309.3 310.9 312.5 312.6 311.6 302.9 299.1 297.2 293.1 289.1 284.9 281.3 277.8 275.7 274.5 273.3 273 273.3 274.6 276 277.4 278.1 277.3 276.5 275.7 274.8 272.2 270.9 270.4 269.4 266 266.8 272 273 272.4 274.3 274.6 273.2 271.4 270.4 267.4 264.6 262.9 260.1 258.1 256.7 256 254.9 253.7 253.6 253.6 251.6 250.1 248.5 247.3 246.8 246.5 246.3 245.9 245.9 245.4
370.5 366.9 362.8 357.8 351.6 345.3 339.8 334.2 329.7 325.3 321.7 319.2 316.8 313.7 313 312.7 313.5 315.1 316.3 317.8 319.2 315.9 307.2 302.1 300.8 296.9 292.5 287 281.7 278.7 276.7 275.6 275.1 274.7 274 274.2 275.7 276.4 277 276.6 275.7 274.9 273.9 272.7 271.6 270.6 270.8 266.8 268.3 273.4 275.4 275.9 278.3 278.8 276.7 274.7 275.4 272.8 270.3 268 265.1 261.6 258.5 257 256.4 255.8 255.7 254.4 254.6 251 249.1 248.5 248.2 247.4 246.9 246.9 246.8 246
373.8 370 364.9 359.9 353.6 347.4 342.4 340.4 336 331.6 327.6 323.9 321.2 319.4 318.2 318.8 320 320.8 321.8 323.4 321.6 318.1 311.6 306.4 304.7 303 297.8 292.6 284.7 279.7 277.8 276.6 275.4 274.9 274.5 274 274.7 275.5 276.3 275.9 275.2 274.7 274.5 273.4 272.4 271.5 274 268.3 269.3 274.5 278.4 280 281.7 281.8 281.1 279.2 279.1 277.8 276 273.2 269.6 267.4 265.1 262 260 257.5 256 254.5 254.2 251.8 251.2 252.1 251.2 249.5 248.4 248.1 247.7 246.8
376 372.4 366.7 362.2 358.1 352.7 349.1 346 342 337.8 334 330.1 326.6 325.2 324 325.9 326.9 327.1 327.4 326.2 324.5 319.6 313.4 310.1 308.7 306 302.9 298.6 288.3 281.8 280.2 278.9 277.5 276 275.7 275.9 276.4 277.3 277.3 276.4 275.2 274.9 274.8 274.2 273.2 272.4 272.7 268.6 270.3 275.7 280.4 281.9 284.3 286 285.5 284.5 284.2 284.7 283 279.4 277 275.3 272.3 267.3 263.7 260.1 257.2 256.2 254.9 254.9 254.9 256.5 256.8 258.8 257.5 255.3 252.5 250.4
376.6 374.3 368.7 365.3 361.5 357.3 354.2 352 347.3 344.5 341.2 336.6 332.7 331.5 330.1 332.9 333.3 332.7 331.7 328.7 325.1 320.2 315.2 314.4 312.4 308.9 305.1 298.9 286.6 282.2 281.1 281.6 279.9 278.2 277.4 277.9 278.4 278.6 277.7 276.9 276.9 276.9 275.6 275 273.9 271.6 270.3 268.9 270.1 275.1 281.7 284.5 287.2 289 291.2 292.9 291.9 291.1 290.6 288.8 284.7 283.3 278.2 273.2 268.4 265 262.1 260.8 258.7 257.9 259 262.3 264.8 265.7 265.3 261.7 257.3 254
376.1 374.2 369.3 366.7 362.9 359.1 359.2 357.1 353.6 351.1 347.6 343.6 341.6 341.3 338.4 340.1 337.9 337.1 335.5 331.4 327.5 323.7 321 318.8 315.4 311.8 306.4 299.3 287.7 283.8 285.3 285.3 283 280.7 279.9 280.4 280.9 280.8 279.6 278.8 278.7 279.6 278.2 276.4 274.4 271.4 269 268.4 269.5 274.8 282.3 285.8 288.9 292.8 295.7 298.8 300.6 300.4 300.3 297.2 291.2 287.7 284.3 279.2 274 270.3 267.3 267 265 264.3 265.9 267.6 269.2 270.1 270.4 267 262.3 259
373.9 372.3 370 367.7 365.5 361.6 365.2 362 358.1 356.3 352.8 351.2 350.5 348.4 345.2 347.4 344.8 342.3 339.4 334.2 330.3 327.3 325.4 322.8 318.2 311.9 306.3 297.1 288.3 286.7 289.1 289.3 287 285.4 284.4 284.1 283.9 283.7 282.3 281.1 280.6 281 279.7 277.9 276.1 274.3 271.4 269.6 269.7 274.6 282.7 286.9 292.1 296.5 300.3 305.4 309 308.2 306.9 303.6 297.2 293.1 289 282.9 278.4 275.6 273.8 271.6 269.7 268.7 269.4 270.8 272.6 273.7 272.8 270.9 267.3 264.1
371.8 370.5 369.1 367 365.2 364.3 364.7 364.6 363.1 362.7 361.4 359.5 357.3 355.2 352 353.9 351 346.8 341.9 336.9 333.3 331.5 328.8 326.1 320.9 309.7 301.1 293.7 290.6 292 292.2 292.1 291.5 290.5 289.6 288.9 288.2 287.4 286.5 285.7 285 283.7 283 280.5 278.2 276.3 275.3 273.2 269.4 277.3 282.7 288 297.1 300.3 303.4 309.1 315.2 313.9 311.4 307 300.7 296.6 292.4 286.4 282.4 280.5 279.4 276.5 274.7 274.6 274.9 274.4 275.8 277.2 274.5 272.2 269.9 265.9
368.9 368.6 367.8 366.4 365.4 365.4 367.8 367.3 369.4 370.8 369.5 366.5 363.7 360.9 357.3 355.6 354.2 349.2 344.8 341 336.6 335.4 331.5 326.6 320.6 309 299.4 294 295.3 296.3 296.2 296.9 297.5 296.9 295.8 293.7 293.2 292.4 291.1 290.2 289.5 287.8 286.3 284.5 280.9 278.5 276.5 274.8 274.2 276 281.5 287.3 296.2 301.3 304.8 309.1 314.8 316.6 318.1 312.7 305.4 300.1 296.9 292.2 289.2 286.4 283.4 281.4 280.4 279.8 279.5 279.1 279.9 279.4 276.5 273.4 269.5 267.8
365.8 365.9 365.1 365.7 365.2 366.7 369.8 369.1 374.7 375.8 372.5 370.6 367 364.2 361.7 359.5 355.9 352.2 348.6 344.9 339.8 334.4 331.3 324.6 314.7 304.8 299.2 299 300.9 300.4 301.4 302.3 303.2 302.9 302.4 299.3 298.4 297.5 295.8 294.8 293.9 292 290 288.4 284.9 281.4 278.4 276.6 275.4 276.9 279.5 285.6 293.3 300.9 304.7 307.9 312.4 316.3 316.9 313.6 308.2 304.2 301.7 298.4 294 290.4 287.2 285.9 284.7 283.9 283.3 283.1 281.1 279.8 277 270.2 267.2 262
362 361.6 361.1 362.2 363.5 366 369.7 372 376.1 375.4 373.6 371.1 369.9 367.5 365.3 362.1 358.5 354.8 351.1 346.9 341.2 335.2 328.5 320.3 311.4 306.5 305.1 306.8 305.8 306.6 307.5 308.5 309.7 309.5 307.6 303.8 303.6 302.6 301.3 299.4 298.1 296.2 294.2 292.4 288.9 285 282.7 280.7 278.8 279.2 279.4 282.2 290 296.2 301.3 305.5 309.9 314.3 316.6 314.8 311.4 307.4 304.9 302.1 297.8 293.3 291.7 290.5 289.4 288.2 285.5 283 277 273.8 272 266.1 263.4 256.2
357.1 357.2 356.6 357.9 360.7 364.6 369.1 372.7 375 375.8 374.8 372.8 372.2 370.4 367.5 364.5 361.1 356.7 352.3 346 340.3 332.5 324.4 317.2 314.4 314.5 313 312.5 312.2 313 313.9 315.2 316.1 314.3 311.9 308.9 308.8 307.7 306.5 304.4 302.3 300.4 298.4 296.4 292.1 288.6 286.4 283.9 280.8 279.6 278.6 280.3 287.5 293.6 298 303.8 307.4 310.2 315.3 316.1 313.1 310.3 307.9 303.7 299.2 297.3 295.5 293.2 290.3 288.5 286.2 282.9 278.7 268 267.7 264.9 262.9 258.4
351.9 352.4 352.2 353.9 358.3 363.8 368.1 371.7 373.9 375.8 375.1 374.6 374.5 372.1 369.5 365.8 362.3 357.7 352.4 346 340.9 337.7 331.8 325.2 322.6 321.5 320.3 319.4 319.7 320.3 320.1 320.8 320.4 318.5 314.9 312.6 312.1 311.4 310.3 308.4 306.4 304.6 302.7 300.5 294.8 291.9 289.7 287.4 284.7 279.6 280.6 278.5 285 292 295.6 301.3 303.8 306.4 311.2 315.1 312.8 309.2 307.5 305.1 302.5 300.1 297.7 295.3 292.3 289.4 286.7 282.9 277 268 267.1 264.1 261.3 263.2
346.6 347 347.3 350.9 358.7 363.7 368.1 372 374.6 376 375.8 376 375.8 373.1 370.4 366.8 362.8 358.1 354.5 350.3 345.6 341.2 337.3 332.8 328.6 325.9 327.5 327 327 326.2 325.2 323.7 321.6 319.8 317.3 316 315.3 314.7 314 312.1 310.1 308.1 306 302.9 299.7 294.2 290 287 285.5 280.8 279.8 283.4 284.1 289.4 294.9 298.8 300.7 303.5 306.8 309.1 309.2 308.3 306 305.4 304 301.6 299.3 297.2 294 290.8 287.3 283.1 274.9 271.1 267.8 264.3 265.2 269.2
339.2 339.9 344 349.2 357.1 363.2 367.4 371.7 375.9 376 376 376.3 376.1 373.4 370.7 367.1 363.4 360.5 357 353.1 348.1 344.7 341.8 338.3 333.6 331.8 331 334 332.3 329.7 327.6 325.2 323.1 321.3 320.4 319.5 319.5 317.7 315.6 314.3 311.7 310.5 308.3 305.2 301.4 296.6 293.6 287.6 285.5 281.5 280.3 284 285.3 285.3 293.2 295.8 297.9 300.8 303.9 305.1 306.2 305.7 306.4 305.3 305.2 303 300.9 298.6 295.2 291.4 287.3 281.9 274.1 271.5 269.8 269.9 272.8 274.5
332.7 334 341 348 354.1 361 366.2 370.6 375.1 376.9 376 376.5 375.9 372.7 370.5 367.6 364.1 360.8 357.9 355.3 350.1 347.5 344.8 342.3 338.6 337.1 337.5 336.9 335.6 332.5 329.4 326.8 324.9 323.6 322.7 322 320.7 318.7 316.7 314.4 312.3 310.8 309.2 305.8 300 295.2 291.6 287.9 285.1 282.6 278 282.1 284.8 285 291.3 295.4 296.1 298.7 302 303.5 304.3 305.8 306.6 306.5 305.4 304.1 301.9 299.2 297.2 294.7 290.7 280.8 278.6 278.5 277.8 278.1 277.6 279
327.6 333.2 340.5 347.2 351.8 357.9 363.2 369.6 375.9 377.5 375.9 374.5 373.6 372 370.4 368.2 364.9 361.5 358.1 355.6 352.7 349.5 347.6 345.8 343.8 341.2 340.5 337.7 335.9 333.5 331.1 328.4 327.2 325.9 324.3 322.9 321.5 319.6 316.7 313.9 311.7 309.6 308.1 305.6 300.2 294.2 290.7 288 285.2 282.6 279.9 282.7 284.1 285.6 286.8 295.1 296 297.4 300 301.9 303.6 305.3 306.4 306.2 303.3 302.3 301.9 301.3 299.1 297.1 288.7 288 287.9 284.6 283.1 283.5 283.8 283.5
324.8 330.1 336.5 344.7 349.7 354.2 359.6 365.8 372.7 374 373.2 371.9 373.2 371.4 369.3 368 365.1 361.7 358.1 354.3 352.6 350.8 350.8 348.8 346.1 344 341.2 338.5 336.7 335.3 333.8 331 329.4 328 326.4 324.7 322.6 319.8 315.7 313.5 311.1 308.3 306.8 305.3 298.7 295.3 292.5 289.7 287.4 285.5 283 285.8 284.9 284.6 288.8 294.4 296 296.6 297.6 299.8 302 303.7 302.7 302.1 301.9 300 300.7 295.2 292.4 291.4 297.1 295.3 292.8 289.1 287.2 287.4 287.8 288.3
322 327.8 334.4 340.7 347.6 353.1 358.8 364.3 367.9 369.2 368.4 369.4 370.2 369.7 368.1 367 365.9 361.5 357.9 355.7 352.4 350.5 349.7 349.5 346.8 344.3 342 339.2 337.7 336.5 334 332.6 331.4 329.7 326.8 325.8 322.9 319.8 315.1 313 310.6 307.7 305.3 302.1 298.8 295.8 292.8 290.4 288.9 286.7 285.2 285.2 284.5 286.1 290.2 293.1 295.5 296.4 297.7 298.8 299.7 303.3 302.9 305.9 304 300.9 304.9 302.9 302.1 301.5 300.2 297.6 295 293 291.5 291.5 292.1 292.6
320.3 326.6 333.4 340.1 347.1 352.5 356.6 360.7 363.5 364.4 365.6 366.7 366.9 366.6 366.2 365.7 362.9 359.6 358.4 356.9 354.3 351.3 349 347.6 345.7 342.2 339 337.4 336.7 335.6 333.4 332.3 331.6 329.1 325.8 324.2 321.5 317.8 315 312.7 309.8 306.4 304.5 302.5 299.7 296 292.7 290.6 289.3 288.6 288.1 285 283.8 289.1 289 290.6 293.1 294.6 297.7 298.8 298 302.6 303.6 305 305.4 305.6 307.3 307.1 303.9 302.4 301.3 299.2 297.3 297.2 296.4 296.2 296.3 296.9
318.7 325.9 332.4 337.9 345.3 351.5 354.4 355.8 357 358.3 360.1 362.4 363.1 362.7 361.9 360.1 358.7 357.6 356.6 355.6 352.8 350 348.3 346.2 341.4 336.6 333.7 333.9 333.9 333.3 332.4 331.6 331 326.5 324.4 322.5 320.1 317.7 315 310.4 308.6 305.6 303.4 301 298.4 295.1 294 291.1 288.9 288.9 289.1 287.7 286.5 289.3 289.5 291.3 291.6 292 294 296.1 298.7 299.8 303 304.7 305.4 307.5 308.6 308.4 306.4 304.4 304.9 303 301.1 301.1 301.3 301.1 301.2 301.2
