data/290000-760000.asc
ncols 200
nrows 200
xllcorner 290000
yllcorner 760000
cellsize 50
[rows 105 to 139 of 200, columns 78 to 155 of 200]
509.1 508.4 510.4 505.6 498.3 484.5 469.3 461.8 457.3 462.7 468.4 474.5 482.2 492.3 507.2 519.7 536.8 548.6 556.2 560.5 559 554.4 549.6 538.6 526.3 512.8 508.3 519.6 531.4 541.2 552 557.7 564.5 576.6 589.9 598.1 602.9 616.6 621 623.7 625.6 633.4 642.8 648.6 653.5 664.3 680.1 690.6 694.3 678.2 649.4 616.5 614.9 608.2 600.8 603.6 608.2 616.1 619.2 620.5 621.9 610.3 592.1 583.1 581.9 576 568.1 558 553.6 547.3 531.7 515 499.6 485.9 464.6 446.2 439.4 431.1
519.7 519 516.3 509.9 504.6 493.7 481 467.9 465.6 465.7 473 479.2 486.5 496.8 509.4 522.3 538.9 555 566 571 572.8 570.1 567.3 561.4 542.9 529.3 521.6 519.2 526 538.6 545.7 550.9 558.5 568.8 580 587.7 596.5 607.7 612.4 616.1 622 627.3 642.8 649.4 656.5 672.2 684 690.3 685.9 667.4 645 617.4 607.8 600.4 599.8 597.1 597.7 600.1 604.2 612.9 613.4 605.4 593.6 587 581.4 570.7 564.4 553.6 551.1 548.6 550.3 539.3 506.2 484.8 465.8 443.1 438.4 429.4
538 535.3 525.2 518.3 510.9 502.6 488.3 478 473.9 475.2 476.6 483.3 490.8 498.5 510.6 522.1 539.7 555.1 568.4 576.8 584.7 582.8 582.1 581.8 568.8 552.1 535.8 530.9 533.7 535.2 539.4 544 548.5 556.7 567.5 575.9 582.1 589.3 595 602.8 616.1 630 641.2 648.9 663.3 675.9 688 690.8 672.8 655.6 630.9 620.4 607.8 599 599 595.7 593.9 593.8 593.7 600.2 600 595.2 589.5 582.6 576.8 568.4 563.4 553.8 547.4 546.1 551.3 551.4 520.2 489.7 468.3 451.5 442.5 433.3
556.5 547 539.7 528.9 518.9 508.7 497 487 484.6 485.4 486.3 489.1 493.4 502 513.1 526.1 541.3 556 569.3 580.3 588.9 593.4 598.6 594.7 584.3 569.5 553.6 544.9 545.7 547.3 540.2 540.2 542.9 547.4 553.2 560 566.3 574.9 586.8 595.2 613.4 627 637.8 653.1 666 677.8 689 678 660.1 644.7 630.1 617 609.9 607.4 598.3 596.5 594 586.9 587.2 585.1 584.3 581.5 580.4 577.2 572.1 568.7 558.3 546.2 543.3 543.6 547.9 536.7 497.6 480.5 465.2 452.6 447.8 440.5
575 563 552.9 540.6 527.8 518.6 508 501 499.9 496.9 496.3 498.6 501.3 502.8 514.6 526.1 541.1 556.5 570.3 581.7 591.9 597.2 601.7 603.5 599.6 583.2 567.7 559.6 559.1 560.6 558.8 548.7 544 546 550.3 554.2 560.3 572.1 580.6 595 606.2 618.3 629 651.4 668.6 675.9 681.1 676.8 664.2 648.5 629.5 624.8 625.3 615.9 604.2 595.7 587 582 578 578.1 575.7 575.2 574 571.3 570.4 566.2 550.9 543.6 540.6 544 540.9 505 491.8 473.5 461.8 455.6 449.5 444.5
591.9 577.5 562.9 548.6 537.1 526.7 519.1 516.9 514.9 513.2 510.3 510.2 512.1 512.6 514.3 524.1 538.9 555.8 570.6 584 594.2 600.9 605.6 610.6 608.3 595.6 584.5 575.6 576.6 577.4 569 562 552.7 548.1 551.5 558.5 568 576.1 584.6 595.2 605.9 614.6 626.1 651.4 666.4 673.5 680.1 680.8 670.4 655.5 638.8 633.1 634.4 619.1 606.8 594.5 586.6 580.2 574.7 573.2 571.7 571.3 572 569.3 569.6 566.4 551.9 543.5 540.1 534.6 509.7 496.3 485.9 476.5 467.8 461.2 453.3 447.3
597.6 583.3 569.4 554.6 545.4 541.2 531.4 529.7 530.3 529.6 527.3 525.2 522.4 522.1 524.9 526.5 537.5 554.4 569.1 582.4 593.7 600.6 605.2 610.5 611.3 605.5 597 592.6 592.2 588.3 577.6 571.3 568.7 561.2 561.6 569.9 577.8 584.8 589.5 598.7 604 613.8 626.5 646 657.2 664.4 674.2 679.8 676.8 658.9 653.5 654.8 644.3 626.1 608.6 600.4 588.9 579.9 571.4 570.2 570.2 567.9 567.9 565.6 567.9 569.1 555.7 545.5 544.5 520 504.9 493.8 483.4 478.3 474.1 463.6 459.1 453.8
608.2 589.8 577.4 564.5 556.2 550.6 544.2 544.9 545.1 543.6 542.2 539.1 538.3 536.5 538.4 539.9 542.7 555.2 569.5 581.7 595.2 602.5 610.6 615.5 618.9 618.8 617.4 609 604.6 602.2 591.4 587.5 579.2 575 577.4 580.7 584.2 589.5 593.9 600.3 609.2 618.5 631.8 645.2 650.3 662.5 671.6 679.4 678.9 671.6 672 683.5 661 635.9 620 608 593.3 583.1 573 564.8 564.3 563 559.8 560 563.5 565.6 549.3 546.7 542.2 518.1 502.8 492.3 485.2 481.4 474.5 468.3 464.5 459.1
627.1 603.9 586 573.1 565.1 563 558.5 559.3 557.9 556.3 554.3 551.3 551 549.4 550.4 551.6 553.4 560.1 571.2 583.3 594.6 604.5 612.5 617.1 621.4 623.4 625.7 628 620 611.4 600.1 593.5 588.2 590.3 593.2 596.5 597.9 596.2 601 609.1 616.5 626.9 640.2 649.9 656.2 663.8 671.9 680.7 685.3 694.2 694.3 695 675.1 653 635.7 617.1 605.3 595 581.8 566.4 559.9 560.1 556.2 556.8 558.4 552.2 544.9 546.2 537.9 516.9 502.5 492.7 486.3 482.5 475.2 471.1 467.5 463.7
658.2 632.9 603.5 590 581.2 577.1 573.3 573.8 574.4 573.5 572.5 568.9 562.1 560.8 561.8 562.5 564.2 568.7 574 584.6 595.9 608.8 618.2 622.6 626 630 632.4 633.5 631.2 626.4 613.6 602.6 600.8 603.3 605.7 608.8 604.9 603.4 605.3 621.4 625.7 636.5 647.2 652.1 656.8 659.9 669.9 680.3 704.7 705.4 693.8 691.3 679.8 658.9 639.6 627.1 614.7 601.5 587.1 570.1 563.5 557 555.5 555.4 555.9 546.3 543.4 543.2 531.7 515.7 502.1 492.2 487.4 482.4 477 473.5 468.8 466
672.6 648.8 615.5 604.1 598.2 591.2 587.1 587.3 592.1 597.9 596.8 594.1 583 576 574.9 574.6 576.1 579.4 584.3 590.1 601.9 616.6 629.6 635.1 634.8 636 638.9 640.7 638.6 632.3 614.8 606.8 609.8 621.1 625.1 621.9 620.7 621.2 624.4 635.9 640.2 644.7 654.6 660 657.6 661.6 669.9 688.9 701.6 702 691.8 692.2 681.9 660.3 646.8 634.3 631.7 612.1 594.5 577.6 565.2 561.2 558.9 554.9 554.1 545 542 539.7 523.2 511.8 501.5 495.7 490.3 483.8 475.1 470.5 468.3 466.4
691.8 661 630.3 617.7 611.1 604.3 597.6 601.3 609.7 617.3 617.2 615.4 606.2 598.7 592.1 591.3 592.3 594.8 598.9 604.1 613.3 626.5 640.7 655.4 656.6 654.6 645.3 644.2 636.7 628.1 618.4 619.9 624.7 635.1 640.2 644.2 641.9 638.6 634.4 636.3 640.4 644.7 651.2 656 657.7 665.8 676 688.3 690.3 690.3 685.3 686.7 681.8 669.1 661.6 644.2 629.7 615.9 599.5 586.8 575.6 565.3 559.3 555.5 551 546.2 538.4 531.2 523.6 516.8 509.7 502.6 495.7 487.1 480.4 473.3 473.2 468.9
705.1 679.6 645.2 631.9 624.9 616.6 622.1 625.1 628.9 634.7 633.8 626 619 612.1 606.6 607.3 609.4 613.4 616.3 621.3 626 639.3 653.8 670.2 675.9 679.3 675.1 656.3 642.8 632.3 626.4 629 630.2 641.7 650.7 657.2 652.5 647 644.2 643.1 645.7 645.7 648.7 650.8 654 671.2 675.7 683.6 686.6 682.4 680.2 684.7 682.5 677.7 668.2 653.6 635.3 616.2 598.7 595.2 587.1 569.9 563.4 558.5 550.7 545 539.6 535.4 530 525.6 518.3 509.8 503.7 496.1 487.2 482.3 475 469.5
717.6 695.3 658.4 648.5 639.3 637.3 640.3 648.2 650.8 652.6 647.7 637.4 630.4 630.1 627.8 626.1 628.6 632.8 638.6 643.3 646 653.6 664.8 679.3 693.1 701.9 703.1 686.2 659.8 645.1 629.3 627.6 631 635.2 647.3 653.1 660.3 659.1 655.9 654.2 654.3 654.8 650.4 652 667.1 681.9 683.9 678.4 678.9 672.1 675.2 683.1 682.3 675.8 662.4 654.5 638.9 620.4 617.5 610 590.7 574.6 565.5 558.7 552 546 545.4 542.4 536.8 528.7 523.4 516.5 512.4 505.4 496.4 488.9 478.8 470.9
700 700.2 673.2 660.8 653.9 654 662.4 667.4 665.4 669.4 667.6 654.8 650.7 651.1 657.2 662.4 662.8 666.3 667.2 665.8 664.2 667.9 676.3 690.6 705.5 713.9 713.7 704.6 681.3 658.3 643.8 640.4 641.1 646.6 652.9 659.6 661.8 663.7 665.7 664.2 658.7 651.3 652.5 675 683.7 697.6 687.9 672.6 662.4 657.6 659.1 668.4 673.4 668 655.7 650 639.2 642.3 631.2 610.1 594.2 577.4 568.6 559.7 555.5 553.5 552.8 548 544.2 541 532.1 524.7 520 516.3 504.4 494.5 482.7 474.4
693.7 694 680.2 678.4 668.5 671.7 683.3 682.9 676.9 676.6 678.2 667.5 664.1 673.9 678 685.1 687.7 689 689.9 687.2 683.1 683.3 688.4 701.4 711 715.3 712.4 705.2 694.1 672 654.8 649.2 651.5 659.9 664.8 671.5 670.2 670.9 673.7 672.3 667.8 665.4 686.9 699.2 685.3 684 673.9 660.2 649.5 642.5 643.2 653.8 656.5 656.6 652.4 646.5 645.8 642.3 627.4 610 595.5 587.4 579.9 565.1 558 558 557.8 554.7 552.3 547.8 542.7 537.3 530.4 525.2 511.7 495.1 480 471.9
672.6 682.3 686.5 686.4 681.3 687.1 699.1 696.1 690.3 688 682.9 677.8 682.4 687.6 693.8 700.7 708.7 712.1 712 708.5 703.9 698.8 699.7 708.5 717.8 720.5 715.8 705.7 695.3 683.1 667.7 660.3 660.1 669.3 674.6 678.4 677.8 674.4 679.4 688.9 678.9 688.9 702.2 697.7 680.2 674.1 664 649.4 641.2 639.9 638.9 644.2 645.3 645.3 647.6 646.4 645.4 637.4 624.6 607.4 603.6 600.6 590.1 578.5 564.3 561.9 560.9 558.9 559.4 555.9 550.5 547 540.8 535.8 522 495.4 475.5 468.5
651.5 667.3 683.1 690.7 689 692.5 709.4 706.9 701 697.8 692.7 689.4 696 703.3 711.2 718.5 726.9 736.3 742.2 734.7 723.6 712.7 711.1 719.8 727.5 728.4 725.7 717.6 709 699.9 685.9 680.1 675 679.1 687.7 688.1 686.4 685.4 689.5 692.5 688.9 701.6 700.9 692.4 674.3 666.4 657.9 650.5 642.6 639.2 638.3 637.5 640.7 638.6 637.8 644.2 642.7 631.5 624.3 620.2 610.3 607.2 595.5 585.1 578.9 568.2 564.6 564.5 564.6 565 557 554 548.1 537.3 524.9 486.5 472.8 468.9
644.9 660 678.3 688.6 691.5 693.3 704.9 706 702.5 702 702.3 706.1 705.8 717.9 720.5 727.6 733.1 743.2 741 735.8 738.9 731.3 728.8 731.1 736.9 743.5 737.8 730.3 719.8 711.4 706.1 698.8 697.9 697 700.7 700.3 697.3 701.7 705.5 703 711.5 714.9 706.7 691.7 681 668 659.6 656.4 647.1 638.9 637.9 638.4 638.7 637.3 637.1 636.4 636.3 634.8 631.3 627.1 618.8 612.6 605.2 597.7 591.2 582.3 568.5 569.3 568.7 568.8 564 558.7 549.7 536.1 506 487.6 473.7 470.6
633.1 647.9 670.4 683.1 673.3 685.4 695.3 693.1 693.8 695.3 699.2 704 703.9 715.5 717.9 724.6 731.6 736.3 742.1 746.3 750.6 748.6 746.2 744.2 749.3 751.7 751.8 741 728.8 720.9 715.9 709.2 707 708.7 707.9 705.5 708.2 713 717.3 729 733.3 732.4 728.5 700.8 690.7 685.2 674.5 665.4 646.7 639.6 642.3 641.3 637.6 637.4 640.5 642.1 642.2 641.9 636.5 633.2 627.9 626.6 624.7 616.8 610.1 593.5 579.4 574.6 576 571.3 566.8 560.8 543.8 524 505.5 487 479.2 472.8
617 630.3 656.2 669.8 655.9 666.9 675.4 671.1 671.6 684.6 688.3 690.6 694.4 705.2 709.8 716.5 725.4 738.5 749.9 759.7 765.1 765.4 761.7 760.2 757.6 759.5 760.7 753.5 744 732.5 726.2 724.9 719.6 722.1 717.6 711.1 714.7 728.2 739.5 745.9 752.9 749.6 742.3 729.3 717.3 700.9 678.1 663.5 651.9 641.9 641.4 639.6 639 640.1 649.5 645.3 646.6 645.5 645.6 642.7 643.8 642.1 640.9 635 626.3 607.6 583.5 580.4 579.5 573.6 565.8 560 543.5 524.5 499.8 491 484.1 478.4
607.2 620.3 637.9 648.2 633.2 644.2 650.1 649.6 655.6 662.5 669.8 674.3 682.5 695.9 705.9 714.3 724.8 732.2 742.2 755.6 767.4 775.6 774.6 770.4 772.7 775.7 774.1 770.6 764.3 748.7 740.5 739.2 737.8 733.4 716.3 722.7 738.5 748.4 754.2 758.3 759.3 757.9 749.6 738.7 721.5 694.9 676.4 664.7 657.4 649.4 641 639.3 642.9 645.7 651.9 650 650.3 652.2 654.7 659 661.6 660.5 657.4 652.2 638.9 622.2 596.3 582 584.2 575.7 561.1 548.6 531.8 513.1 498.6 489.6 483.5 478.5
593.1 603.4 610.6 614.8 609.4 626.2 635.3 641.7 647.6 652.3 654.8 663.7 674.4 688.2 700.6 704.8 715.5 725.2 735.9 750.3 764.6 775.6 782.4 779 782.6 783.1 784.3 786.7 778.6 761.1 759.2 757.2 748.1 735.9 734.9 743.6 754.9 760.9 768.1 767.4 764.8 754 752 739.8 718.1 699 681.2 668.4 657 656.4 653.8 647.5 651 657.8 658.2 660.2 662.8 664.2 670.1 675.1 675.6 675.5 671.1 662.2 650.8 634.6 609 586.5 586.5 575.5 553.2 541.4 528 510.2 493.8 486.7 482.7 477.9
574.5 581.2 587.5 584 593.8 617 620.4 626.9 630.5 634.8 642.2 652.9 663.2 679.6 690.9 696.9 707 718.5 733.9 746.6 755.4 767.5 777 785.2 789.2 793.6 797.9 796.9 796.9 781.9 776.7 763.6 740.6 747.7 753.5 758.6 761.9 774.9 777 764.5 753.1 749.2 736.9 723.6 710.6 701.8 687.4 673.8 665.4 667.5 667 664.2 672.3 672 673.4 676.4 678.7 679.2 685.1 687.3 688.5 689.7 682.5 673.9 661.7 645.7 624.4 596.8 586.2 566 550.6 539.3 526.8 514.3 493.5 490.2 483.2 475.6
565.6 565.7 564.2 563.4 578.8 602.1 601 606.9 612.6 619.3 630.9 643.3 654.2 665.6 681.3 689.4 701.6 716.9 729.3 740.3 750.4 763.6 775.3 788.3 792.8 795.4 803.5 811.2 803.5 794.1 782.8 760.5 754.6 762.3 765.8 772.9 778.4 776.8 766.2 749.3 736.9 734.2 721.5 705.9 703.5 701.8 693.1 685.4 682.4 684.1 686.7 685 686.8 686.1 691.2 691 695.4 698.6 696.7 698.2 700.7 699.2 694.1 684.9 672.8 655.4 632.8 598.8 580.3 567.5 552.9 539.5 525.8 510.4 497.1 489.7 483.9 474.8
565.5 569.5 569.5 553.5 564.1 578.1 580.1 587.4 601.6 611.9 622.1 634.7 652 663.5 675.9 688 702.3 717.2 729.7 738.8 753 769.6 781.2 793.9 801.9 805.4 807.7 813.7 812 796.8 784 775.7 781.3 777.6 781.2 791 789 780.6 766.2 732.1 707.3 705.7 697.7 698.3 698.9 697.1 699.2 701.7 705 701.2 695.8 701 703.9 704.4 706.9 705.6 712.5 715.1 713.1 711.2 708 706.2 700.9 692.6 680.3 656.2 632.6 594.6 579.6 571.1 563 545.6 526.4 513.2 502.1 489.1 482.6 472.6
559.3 562.9 562.9 548.8 549.5 556.9 565.1 577.4 593.9 610.4 617.1 629 647.9 662.3 671.9 687.5 706.5 719.7 734.5 749.5 768.6 779.8 792.7 804.1 812.2 817.4 820.7 822.1 807.9 795.1 792.8 797.8 797.2 792.9 797.4 793.3 789.9 774.9 746.5 716.9 694.1 687.4 687 688.4 692.3 697.4 706.6 710.7 714.3 719.2 715.6 720.2 719.2 724.3 723.3 721.9 727.6 730.4 726.7 728.3 714.4 705.7 703.3 693.8 675.6 640.5 618.6 592.6 579.7 572.8 555.5 544.7 534.3 515.6 504.9 494.9 485.3 471.4
547.5 546.8 543.6 540.6 536.4 543.3 553.3 565.5 581.4 603.7 614.2 624.9 640.8 658.1 676.5 692.5 708 723.3 740.4 758.5 775.7 790.8 806.4 813.9 820.5 826.4 829.5 830.4 813.5 809.2 815 818.6 814.7 796.1 797.4 781.9 756.5 744.9 721.9 687.2 681.3 679.2 678.6 680.2 684.9 689 694.8 700.8 712.9 711.9 729 729.3 731.6 734.5 734 737.3 743.2 743.7 749.3 736.5 722.5 709.1 702.9 687.7 665.4 633.5 613.8 585.6 579.1 573.8 560.1 547.8 539 527.2 512.5 497.4 487.2 476.9
538.3 537 529.7 527.3 524.6 531.4 542.5 555.4 572.8 591.7 607.5 624.5 642.9 657.5 672.3 690.3 709 727.3 745.2 765 789.8 808 815.9 822 826.6 830 827.8 816.6 819.1 830 834.1 829 810.3 793.6 775.7 757.8 727.7 714.6 690 671.5 668.4 670.4 674.2 675.5 675.3 675.5 679.3 688.7 700 710.6 722 722.6 732.3 735.6 741.8 750.4 757.5 762.6 758.7 747.5 732.5 720.4 697.8 680.9 655.1 636 610.5 587.1 580.1 575.1 565.1 553.6 541.6 534.6 520.2 503.2 490.6 480.5
526.2 526.7 517.3 508.7 513.5 521.1 525.2 542.8 564.9 581.1 601.7 624.7 640.6 654.4 666.5 686.6 710.9 730.5 747.8 774.3 798.8 815.1 830.3 833.8 831.7 824 806 813.1 810 814.4 820.1 810.2 799.7 777.6 769.3 745.9 708.7 698 673 662.3 662.4 664.5 666.6 666.2 662.3 659.2 664.5 674.4 684 704.1 704.2 706.2 726.4 732.8 743.1 754.7 763.3 775.8 763.2 750.3 734.8 724.1 692.7 669.7 656 636.4 614.7 595.8 575.7 572 567.4 558.9 547.1 536.4 527.9 515.8 501.3 484.2
514.9 512.9 502.3 496.5 500.2 508.9 517.7 533.6 553.1 572.7 588.9 615.3 637.5 654.6 660.8 688.4 712.9 725.3 748.7 772.2 793.5 811.2 828.3 830.6 822.5 798.5 784.3 790.5 793.6 802.1 799.4 787.6 774.8 758.9 746.1 727.5 701.4 682.6 665 662.8 660.2 658.7 658.5 655.1 645.3 645.5 648.5 659.5 677.2 684.5 689.3 696.6 717.3 727 737.4 748.7 758.4 765 756.3 745.2 727.9 708.4 687.3 669.6 653.4 632.8 620 603.5 584.7 574.5 567.7 558.1 550.3 546.2 538.1 527 517.1 490.5
505.9 500.6 493.2 490.9 490.9 499 508.3 523.9 542.6 558.4 573.1 602.8 627.8 645.5 658.6 678.4 695.1 714.8 741.2 758.1 782.4 795.7 796.7 792.5 786.7 777.6 761.7 771.1 778.8 786.3 791.7 784.9 767 748.2 733.7 714 697.9 682.5 667.6 662.3 656.9 649.2 643.1 640.1 633.8 629.4 633.3 654.6 665.6 667.6 667.4 684.9 702.1 718.1 730.7 737.6 743.3 748.3 740.7 732.9 720.4 710 699.6 679.2 662.6 637.5 626.4 617.3 607.7 586.6 571 565.2 562.9 559 545.1 540.6 528.4 497.1
501 500.5 490.9 485.4 486.1 489.3 497.3 511.5 524.7 541.7 563.5 590.1 617.7 631.3 639.6 646.7 679.6 701.5 724.3 740.3 762.8 773.8 762.4 755.1 752.7 745.6 738 750.6 763.3 776.1 778 767.8 752.8 741.3 728.5 712.4 692.3 678.4 668.3 656.3 649.6 644 635.3 626.7 619.3 620.9 625.6 645.5 654.7 649.7 654.3 671 690.4 704.9 723.9 727 721.4 723 731 728.8 723.1 716.1 708.7 695.4 667.2 647.4 638.5 629.4 617.9 598.7 577.8 571 566.2 556.8 546.5 536.2 519.3 503.4
489.4 494.4 486.1 478.6 478.1 479.3 485.4 496.5 515.2 529.6 553.6 577.6 605.7 614.6 621.2 638.3 667 685.8 708.8 713.4 707.3 727.2 723.6 713.9 708.2 710.2 719.7 729.9 741 753.6 760.7 759.6 745 729.2 716.5 702.3 685.1 672.3 666.3 652.4 645.7 633.7 624 619.5 613.2 610.8 618.6 634.1 635.1 637.1 647.3 655 669.9 692.1 710.1 709.4 700.9 711.3 719.7 720.9 721.2 717 712.3 702.4 675.8 655 648.5 635.6 623.7 611.9 597.8 588.9 570.5 553.9 544.3 528.8 520.1 511.9
471.6 483.4 479.2 474.1 473.7 472.1 475.8 485.6 502.4 522.5 545 555.2 586.3 598.6 607.5 626.8 654.1 662.4 681 661.2 669 674.7 680.6 677.2 687.6 699.7 708.6 708.8 719.8 738.8 742.4 740.5 730.5 719.3 707 690.5 676.5 671 659.3 643.4 634.9 626.9 619 615.2 607.4 605.9 614.5 619 618.9 625.9 636.5 645.9 654.3 671.7 677.5 679.5 687.2 698.3 706.4 710.3 718.2 718.8 715 703.9 681.4 660 651 642.8 627.8 614.9 608.7 604.9 586.8 558.6 544.7 526.6 523 507.6
