data/290000-670000.asc
ncols 200
nrows 200
xllcorner 290000
yllcorner 670000
cellsize 50
[rows 105 to 139 of 200, columns 79 to 157 of 200]
143.7 143.3 141.5 138.5 136.5 134 132.2 131.6 128.9 128.9 127.9 125.4 124.3 124.7 125.6 125.5 124.7 127 128.7 126.5 120.5 117.6 118.3 118.5 118.9 118.7 116.7 114 114 113.1 112 95.1 72.6 71.6 71.2 70.3 70.9 71.1 71.6 81.7 96 94.5 93 94.1 95.3 98.3 102.1 105.7 108 105.3 103.3 105.6 111.1 115.1 121.4 127.1 128.4 129.1 128.3 129.5 132.2 134.2 134.9 135.1 131.6 131.6 131.6 133.9 137.9 141.4 145 149.1 153.8 156 158.1 158.2 162.7 166.8 169.3
150.5 149.2 146.1 143.5 142.7 139.8 137.9 138 137.6 137.5 135.8 133.5 132 132.1 132 131.9 131 127.7 128.8 125.6 125.1 122.5 121.4 116.1 116 114.8 115.9 115.8 114 114.2 109 85.6 72.6 73.1 72.2 71.6 72 71.9 82.3 95.6 103.8 103.8 100.5 100.7 101.9 103.2 106.7 106.8 106.3 105.1 105.9 105.8 111.4 116.2 122.5 130 130.3 132.5 131.9 132.3 134.3 135.1 134.1 131.6 131.6 131.6 131.6 137.3 146.8 153 154.2 152.4 154.3 154.4 156.5 158.2 165.1 173.1 175.8
155.7 153.6 151.2 148.7 146.7 144.9 142.7 141.8 141.1 139.8 136.5 133.7 132.6 131.7 131.5 130.4 129.2 127.8 126.7 125 123.2 122 120.4 119.4 118.1 116.9 109.6 111.8 114.7 110.9 97.3 76.3 73.2 74.3 73.9 73.2 73.1 80.7 92 102.5 109.8 110.3 109 106.8 108.6 109.2 108.2 108.7 110.3 111.1 112.1 109.7 109.8 116.7 121.2 126.9 137.8 135.2 134.7 132.9 133.4 134.7 134.1 133.3 131.6 136.7 156.8 168.8 173.1 172.3 172.3 168.6 161.7 159.4 159.9 163.1 167.5 171.4 175
156.9 154.6 152.6 150.6 148 147.4 144.8 143.5 140.9 140.9 138.7 135.3 134 133.8 132.6 131 129.4 128 125.6 124.1 122.3 120.9 120.5 118.2 116.1 115.3 115 113.1 106.8 100.4 90 77.7 72.8 73.5 74.2 76.3 81.6 90.6 96.1 104.4 111.2 112 112.1 112 113 113.4 108.1 109.2 114 116.3 115.5 111.8 113.5 120.9 124.2 132.6 134.9 133.5 133.5 133.7 133.8 135.7 135.3 140.4 151.3 167.3 172.9 175.6 177 180.1 183.2 182.9 184.5 180.9 174.3 169 171.6 171.2 174.9
155.4 153.6 151.8 148.7 147.1 146.6 145.1 143.1 140.9 138.6 136.5 134.4 132.7 131.2 129.8 129 127.7 125.9 124 122.9 120.9 119.5 118.2 116 114.2 113 113.4 111.1 110 108.3 104.4 87.7 73.5 75.1 75.6 80 88.4 93.1 98.4 107.1 110.3 111.2 111.2 112 112.9 112.9 110.9 109.5 110.4 113.8 113.2 112.8 114 119.8 119.5 126.9 131.6 134 135.8 136.9 136.8 139.1 147.9 163.3 169.1 172.2 176 177.9 179.9 186.5 191.5 198.1 202.6 197.3 197.1 195.3 194.1 187.3 183.6
153.9 151.2 149.2 146 143.9 144 142.5 140.5 138.4 136.2 133.8 131.4 130.2 129.1 128 127 125.6 123.8 122.5 120.8 118.9 117.4 116.1 113.3 111.5 108.8 109.9 106 105.4 103.2 95 87.2 76.7 75.6 77.3 82.9 91.8 96.2 103.7 108.1 110 110.2 110.9 111.7 112.8 113.3 110.3 109 112.1 115.2 114.6 113.9 115.2 120.9 124.9 129.3 136.6 139.7 141.5 143.2 143.7 140.4 151.5 163.7 170.3 171.7 175 177.3 182.4 188.9 196.2 201 199.2 208.1 214.1 217.2 217.7 213.3 200.5
150.4 148.8 146.7 144.6 142.6 141.2 139.8 138 135.9 133.6 131.4 129.5 129 127.4 126.3 125 123.6 122.3 121.5 118.9 117.7 115.8 114.1 112.2 105.1 109.9 99.6 101.8 91.1 86.5 87.7 83 78.7 74.6 79.9 88.3 94 98.2 104.7 109 110.3 109.7 110.1 111.2 112.7 112.4 110.3 110 112.8 115.9 117.9 120.7 126.6 129 135 139.9 140.7 143.4 146.6 148 149 149.2 148.8 155.9 162.8 170.4 172 174.5 179.9 187.3 190.5 200.1 210.1 215.1 219 225.3 226.6 223.4 215.4
148 146.8 145 143.6 141.6 139.8 137.3 134.7 133.3 131.7 130 126.1 129.6 127.2 125.5 124.6 123.8 122.2 120.6 118.4 117.1 115.6 114.9 114.4 113.2 109.4 109 112.4 112.5 107.3 97.9 87.6 85.5 75.7 82.2 89 93.9 98.7 104.6 109.1 110.6 110.1 109.8 110.6 112 111.2 110.9 111.3 113.3 116 119 123.4 126.7 131.2 138.6 144.4 147.2 148.2 151.5 152.6 153.8 154.8 155.9 158.6 162.2 163.9 165.7 167.8 170.6 179.6 183.5 197.8 207.8 215.4 221.2 222.6 218.6 212.4 208
153.2 147.2 144.2 142.8 140.9 139.9 137.8 136.1 134.4 132.6 131.8 130.3 131.3 129.5 126.1 124.8 124 123.1 121.1 119.4 117.9 117.6 116.4 115.4 110 111.7 113.6 113.6 112.9 111.4 108.7 102.4 88.1 76.4 78 84.9 91.8 96.5 101.7 109.1 111.2 111.9 112.5 113 113.6 110.9 111.1 113.4 118.4 118.4 121.6 124.6 128.8 137.4 147.8 157.2 160.9 155.3 156 156.9 158 159.3 162.1 165.4 168.3 169.8 171.2 172.1 171.1 169.2 171 180.4 183.2 185.7 182.9 182.7 182.1 180.1 180.2
153.1 148.8 145.3 144.6 141.3 139.9 138.2 136.9 135.6 134.4 133 132.3 130.8 129.7 127 125.7 124.7 123.2 121.6 119.9 118.5 117 114.8 116.5 116 115.2 114.7 113.2 111.9 110.5 109.7 105.9 84.1 77.2 77.4 78.7 90.3 93.8 97.6 108 113.6 114.7 115.2 115.4 115.9 114.8 112.4 122.6 128.5 129.2 131.1 131.6 134.6 140.9 150.2 157.9 167.4 163.5 161.1 162.1 163.2 164.6 167.5 170.3 172.8 174.8 176.8 177.8 177.3 181.1 174.9 166.1 163.2 163.5 163.8 162.9 163.6 164.7 165.5
150.8 148.1 146.1 144 140.7 139.7 138.8 137.6 136.1 134.6 132.2 132.6 130.8 129.7 128 126.7 125.5 123.4 121.6 119.3 117.8 117.1 117.3 119.1 120.1 117.7 116.2 114.8 113.7 112.4 112.8 109.2 88.8 78.3 77.5 79.2 87.7 91.7 97.5 107.1 113.5 117.6 117.7 117.7 119.4 118.7 114.1 117.4 126.6 132 137.4 136.3 134.5 141 150.8 161 170.6 169.6 167.7 168.8 170.3 171.3 172.7 175.5 177.8 179.4 181.6 183.1 186.2 193 192.7 175 167.4 166.3 164.1 162.7 162.8 162.6 162.4
148.9 146.3 145 143.3 141 139.6 138.6 138.1 136.6 135.1 132.3 133.3 131.2 129.9 129 127.8 126.3 123.7 121.2 119.8 119.7 119.8 120.6 121.5 122.9 121.4 118 116.5 115.4 114.8 114.5 112.2 104.9 84.8 78.8 78.9 79.2 90.9 94.7 100.8 106 111.9 119 119.9 122.8 122 117.3 113.3 122.5 129 132.9 133.6 138 146.3 155 165.7 173.1 174.9 174.3 175.7 177.4 177.7 177.3 181.2 183 182.3 181.8 182.9 181.8 179.4 174.3 170.5 166.8 166 163.8 162.6 162.6 162.5 162.4
147.2 144.5 143.6 142.6 141.3 139.9 138.7 138 137.1 133.1 134.9 133.5 131.5 130 129.1 128.4 127.3 123.7 123 122.8 122.5 121.9 121.6 122.5 122.8 122 119.3 117.8 116.4 115.4 116.2 116.6 116.2 99.7 86.5 80.4 78.7 78.6 84.3 88 99.2 105.6 112.7 120.5 124.2 122 117.7 114 113.7 126.2 131.7 133.6 139.3 150.1 158.2 168.5 175.5 176.9 176.1 175.2 173.9 174.8 178 180 181.3 178.3 177.2 175.7 178.7 174.8 171 166.7 164.4 164.6 163.5 162.4 162.4 162.3 162.3
145.5 142.8 141.4 141.2 140.3 138.7 136.7 136 134.9 133.5 133 132.1 131.1 130.2 129.1 128.6 126.5 125.6 125 124.4 123.9 123.6 123.3 122.6 122.4 121.3 119.7 118.6 117.7 117.3 118.6 120.7 121.3 117.6 104.5 90.9 81.7 81.2 81.5 81.7 89.6 101.5 107.6 119.5 122.5 120.8 117.4 114.6 115.5 123.4 134.1 136.5 142.1 152.5 160.5 169.8 175.1 175.4 171.1 171 169.8 174.6 181.1 181.2 183.2 185.9 189.3 194.3 197.1 192.4 187.5 180.5 174.1 170 168.6 169 167.1 165.7 164.8
144.1 141.2 139.2 139 137.8 136 134.7 133.3 132.4 132.3 131.3 129.8 130.1 131.1 130 129 128.2 127.8 127.2 126.7 125.6 125.3 124.7 124 123.4 122.7 121.7 120.7 119.9 119.6 120.7 122 123 121.9 120.4 107.7 92.8 85.5 83.1 81.9 81.9 98.8 104.8 112.7 120.3 119.1 118.1 117.9 120.9 124 128 135.3 141.9 149.8 160.9 171.7 175.3 171.4 165.6 166.7 176.5 184.9 184.3 183.6 183.8 184.2 187.4 191.8 197.4 201.4 204.7 199.1 190.3 182.7 179.9 178.5 176.8 176.8 175.2
142.8 139.8 138.8 137.8 136.7 134.6 133 132.6 133.2 133.1 132.5 132 131.8 131.8 130.2 129.4 129.6 130 129.7 129.1 128.4 127.1 126.2 125.2 124.9 124.9 124 122.8 122.2 121.9 122.3 121.9 121.8 121.2 120.9 116 108.8 91.8 87.2 81.6 83.2 97.2 102.3 111 120.7 118.2 118.5 120.6 123.9 128.3 132.3 136.6 143.5 150.8 156.4 164.3 169.5 164.8 163.1 177.8 195.7 194.4 193.1 189.8 187.7 184.1 186 187.9 191.5 195.2 199.9 194.2 186.8 182.7 180 180 180.8 180.9 179.6
141.4 139.6 138.4 137.2 136.2 133.5 134.4 134.3 134 133.6 133.5 133.3 131.6 130.4 130 130.3 130.3 130.5 130.9 130.2 129.5 128.5 127.3 126.4 126.4 126.6 126.3 124.9 123.6 123.7 123 122.4 121.7 120.6 119.8 118.6 114.3 103.2 90.4 83.1 79 92.5 102.1 109.1 118.4 118.7 119.1 122.4 127 130.8 134.6 139.2 145.5 153.5 161.9 166.3 167.4 166.9 176.2 193.1 194.8 195.5 196.2 197.4 195.2 193 190.9 191.6 194.4 194.2 193.5 187.5 182.1 179.7 177.9 178.1 178 176.6 174.7
139.8 138.4 137.5 135.9 134.4 135.1 134.8 134.8 134.3 133.5 133.2 132.2 131.7 131 130.6 130.5 131.3 131 130 128.9 128.3 128.3 128.1 127.5 127.3 127 126.4 125.4 124.7 123.5 122.7 121.6 120.6 119.9 119.5 119.2 115.4 107 94.7 84 80.1 91.2 102.3 110.4 118.2 119.2 120.5 122.4 127.2 131.8 136.5 141.1 148 154.9 163.4 169.9 171.1 172.3 188.4 191 191.6 193.2 193.4 192.8 195.1 193.9 194.5 196.2 204.9 200.9 195.4 186.7 178.1 176.6 174.2 173.4 173 171.7 170.7
138.2 135.9 135.2 135.9 135 135.9 135.6 135.5 134.5 133.7 132.8 132.2 132.2 132.1 131.7 132.6 133.7 133.2 132.2 131 130.2 130.2 129.2 128.6 128.4 126.9 125.9 121.8 123.8 123.5 122.9 122 120.6 119.2 118 116.1 112.6 103.3 89.1 81.5 80.9 90.2 102.7 111.8 119.3 122.3 124.5 125.8 128.8 133.5 137.6 141.8 147.3 153.7 161.3 171.1 172 175.4 182.9 186 187 188.6 189.7 189.6 193 197.5 198.1 191.7 188.8 190.8 186.9 181.2 174.2 173.2 171.3 168.9 168.2 167.8 167.3
135.6 136.4 136.9 136.2 136.8 137 137.3 137.5 137.7 136.9 136.6 136.8 136.9 136.5 136.4 136.2 136.1 134.9 134.2 133.3 131.7 130.5 130.4 129.8 128.3 126.8 125.8 124.5 115.9 120.7 118.1 115.6 111.2 105 109.8 111.7 105.9 92.3 84.8 81 81.3 93 106 113.6 121.9 125 128.3 129 130.2 134.3 138.4 142.5 145.8 150.9 158.3 166.9 168.7 169.1 178.1 180.7 179 182.1 187.9 187.3 187 191.2 193.5 190.7 186.6 182.8 175 168.7 165.1 165.7 165.6 163.9 163.9 163.9 163.9
139.9 139.3 139.4 139.9 140.1 140.6 141.3 140.4 141 140.4 140.6 140.9 139.2 140.4 138.4 137 136 134.2 132.3 132.3 129.9 129.1 129.1 128.4 126.9 125.5 124.9 120.8 113.6 109.4 106.6 102 84.3 84.7 84.1 96.1 93.1 84.2 83 79.2 89.5 101.3 108.9 116.8 123.7 126.6 128.7 130.5 130.4 134.7 139.1 142.9 147.3 152.2 155.7 159.8 160.9 161.6 166 169.5 169.7 174.4 174.2 173.4 171.8 170.3 169.3 166.3 161.4 163.1 163.9 163.9 163.9 163.9 163.9 163.9 163.9 163.9 163.9
140.5 141.1 142.2 143.2 143.6 143.9 143.5 143.2 142 141.5 140.5 140.6 139.2 138.5 137.5 136 134.3 132.5 130.7 129 128.5 127.8 127.6 126.6 125.1 124.1 122.4 112.8 105.5 103.8 94.6 87 86.5 85.7 85.3 84.2 83 83.3 87.3 96.8 101 107.1 113.8 120.6 125.4 127.6 128.9 130.2 131.3 134.4 138.8 143.7 148.3 152.7 153.3 153.5 152.2 151.8 148.8 148.8 149.1 151.5 155.2 155.1 153.5 155.9 155.4 155.4 156 162 163.9 163.9 163.9 163.9 163.9 163.9 163.9 163.9 163.9
142.7 144.3 145 146.1 146.9 147.1 147.7 147.8 147.3 145.7 142.6 140.9 140.6 139.4 136.1 134.8 133.9 131.6 130.3 130 128.9 125.4 124.6 122.6 118.7 117.6 115 107.8 97.2 100.7 87.7 89.3 89.8 89.7 93.6 85.5 89.5 98.2 100.6 103.2 108.9 114.4 119.4 125.4 128.6 131 132.5 134 134.9 136.6 139 143.8 147.5 149.6 150.1 149.9 149.4 148.5 148 147.5 147.3 147 148.3 148.8 151.1 151.9 156.6 157.4 157.3 160.4 163.9 163.9 163.9 163.9 163.9 163.9 163.9 163.9 163.9
146.9 147.3 148.2 148.9 150.8 151.5 152 151.6 149.6 147.2 144.6 142 141 138.8 136.4 136 135.1 132.8 131.3 125.6 123.3 121.1 119.2 116.9 112.9 108.4 105.6 101.6 92.5 89.7 88.8 97.6 98.4 98.9 100.8 99.8 102.5 106.6 109.2 113.2 118.8 122.9 126.1 129.5 132 134.5 136.1 137.5 138.6 139.9 142.6 146.2 148.5 148.6 148 148 148 146.9 146.6 146.3 145.7 144.3 145.1 148.9 149 149.8 149.2 151 154.2 156.3 164.8 163.9 163.9 163.9 163.9 163.9 163.9 163.9 163.9
151.2 150.5 150.3 149.7 150.1 149.3 148 145.7 144.3 142.6 140.8 139.1 137 135.2 133.7 133.1 129.8 126.2 122 118.5 115.9 113.8 111.6 109.6 107.6 102.9 98.3 95 90.8 87.2 97.7 103.6 105.3 107.4 108.8 108.7 111.5 114.1 118.4 122.6 126.9 129.8 132.6 135.3 137.4 139 140.8 142.1 142.6 143.1 146.1 147 147.1 146.6 144.9 145.1 145.3 145.3 144.9 145.9 142.1 139.5 145.1 149.3 151.8 153.5 157.1 162.5 163.6 165.9 169.5 171.7 167.7 164.8 165.2 166.8 167.5 165.9 163.9
148.5 148.8 147.8 145 145.2 144.5 142.4 140.3 138.9 137.6 136.2 134.9 133.7 131.9 130.5 129.5 123.7 117.5 113.1 110.8 109.2 106.5 103.7 102.7 100.5 96.7 92.3 90 88.2 90.8 103.2 111.5 112.2 114.9 117.3 120.2 122 123.8 125.3 129.1 132.8 136 138.9 141.3 143.2 143.3 146.1 145 145.5 145.9 145.7 142.4 142.2 141.8 141.3 141.7 141.8 142 142.7 142.7 139.9 139.5 144.9 149.6 153.1 156.2 159.5 165 169.6 175 177.1 178 178 175.3 173.6 173.9 172.4 169.9 164.4
143.9 143.6 141.9 140.5 140.4 140 137.9 137 136 134.6 133.3 132 130.9 129.1 127.9 123.4 116 110.1 105.4 95.6 88.6 91.4 92.3 92.3 91 89 89 89.2 91.5 101.5 113.3 119.6 118.7 122 124.3 126.3 129.2 131.1 132.8 135.1 138.7 141.9 142.1 143.5 143.6 144 144.4 143 141.9 140.7 139.5 138.3 137.2 136.8 137.7 138.5 138.5 138.5 139.1 138.8 137.9 139.8 144.9 150.5 154 157.4 159.9 166.1 172.3 178.5 181.8 182.5 181.3 179.9 179 177.2 173.6 171.8 169.7
138.6 138.5 138.5 137.5 136.1 135.6 134.4 133.6 132.9 131.7 130.3 129.2 128.1 126.3 122.4 115.5 109.4 103.9 97.6 92.5 92.7 94.8 95.6 93.6 93 90.7 90.1 94.5 100.3 109.1 117.1 123.5 127.5 131.4 132.7 135.1 135.8 136.5 137.1 138.6 137.6 137.8 137.6 137.4 137.3 138 138.8 137.9 136.8 135.6 134.6 133.6 133.6 133.5 134.1 134.9 135.2 135.2 135.6 135.9 136.3 138.3 143.7 148.6 153.5 157.2 160.8 166 171.1 175.9 180.8 182.3 183.6 182.5 182.1 179.1 175.4 174.1 174.1
135.4 136.6 136.5 134.9 133.3 131.9 131 130.3 129.6 128.7 127.5 126.4 125.3 122.3 115.7 108.4 102.4 96.9 94.1 97.6 99.6 104 107 100.5 102.9 101.9 101.5 105.4 110 116.5 122.2 128.1 134.1 135.9 136.1 135.5 134.8 133.7 132.4 134.6 134.3 134.4 133.2 133.9 133.4 133 133 133.4 132.2 131.1 130.1 129.4 129.9 131.1 132.3 132.8 132.1 132.5 132.3 135.2 138.1 139.5 143.9 146.6 150.9 155.7 159.7 164.2 169.4 174.4 179.2 182.5 184.7 187.1 190 188.6 185.1 179.2 180.3
131.5 133.7 133.2 131.9 130.5 129.1 127.7 127 126.3 126.1 124.9 123.8 122.1 118.8 110.9 102.7 97 94.2 96.1 100.7 103.3 111 117.7 112.7 111.8 110.3 110.3 113 119.4 124.6 129.3 131.7 132.1 131.4 131.6 130.6 130.2 129.7 129.2 129.6 129 129.1 130.1 130.3 129.7 129.2 128.9 128.5 127.8 126.9 126 125.6 126.6 127.5 129.6 130.3 130.7 132.8 134.9 137 139.5 142.5 146.1 149.4 151.5 154.5 157.6 163.8 169.5 175.1 179.6 183 185.6 188.9 191.3 189.2 184.3 179.3 182.2
126.6 127.4 128.8 126.5 124.2 122.8 121.9 123.7 123.6 123.7 122 120.1 119.1 116.2 107.8 100.5 95.5 96 99.8 104.6 107.2 112.7 116.8 117.6 120.8 120.6 120.4 123.5 126.6 129.5 127.9 126.9 127.2 127 127 126.4 125.8 125.3 125.4 125.6 125.2 125.1 125.5 127.2 125.9 125.4 125 124.7 124 123.6 123.7 123.3 123.7 125.3 125.9 129.8 131.4 133.8 136 138.3 140.6 144.5 148 151.5 154.1 156.6 160.9 166.1 170.4 175.7 180.7 183.6 186.6 190.6 190.2 187.2 183.4 181.2 184.1
116.6 118.8 121.5 120.4 117.9 116.3 115.9 116.5 120.4 119.1 116.2 112.9 113.2 111.6 105.6 98.5 96.8 102.4 106.3 108.4 111.1 115.2 117.2 118.7 122.6 127.3 128 130.4 131.2 129.6 128.2 126.9 125.7 125.8 125.3 123.8 124.1 124.4 123.9 123.7 123.3 123 123.6 124.9 123.4 121.8 121.5 121.5 122 122.7 123.2 122.6 122.5 125.3 128.7 130.9 132 134.1 137 139.4 141.7 146.1 149.9 153.3 156.2 159.3 164 168.5 172.8 177.1 181.7 185.6 190.5 192.8 191.3 187.2 183.9 183.3 183.1
101.3 99.1 111.3 113.5 111.7 109.2 110.1 110.7 111.9 107.3 100.2 95.9 105.4 106 98 95.3 101.5 106.9 109.6 112 115.8 120 119.9 119.3 127.5 134 134.7 134.5 131.6 131 129.3 127.7 126.1 125.2 124.3 122.9 123.1 123.4 123.4 122.9 121.4 121.2 121.1 121.3 122.2 121.3 120.9 120.9 121.3 122.1 122.6 122.3 125.6 128.4 130.5 132.2 133.2 134.4 137.6 140.5 143 147.5 151.9 155.2 158.3 162 166.4 171.6 175.9 180.2 183.8 186.8 191.3 193.1 191.3 187.3 184.7 183.8 183.1
100.1 100.2 99.5 101 99.7 99.5 99.4 102.8 101.9 96.8 97.3 94.2 96.1 94.8 100.7 101.4 106.3 110.3 113.3 115.8 120.6 124.7 129.9 124.5 124.4 133.8 132.9 132.1 130.3 129.6 128.3 126.8 126 124.9 123.6 122.2 122.3 122.3 121.3 120.7 119.6 119.4 119.6 119.7 121.1 120.6 120.5 120.1 120.2 121.6 123 124.6 128.1 131.6 133.2 134.9 135.9 136.7 138.6 141.3 144.3 148.8 153.4 157.3 160.5 164 169 174.7 179.4 183.9 187.1 190.2 193.3 194.8 192.7 189.3 184.2 185.9 185.6
100.8 101.4 101.5 102.8 105.7 103 99.7 97.7 97.5 96.3 96.7 100.2 101.3 101.6 100.9 102.1 108.3 114.1 117.6 121.2 124.2 126.6 132.8 130.6 120.9 132.5 131.3 130.1 129.1 128 127.5 126.3 126 125 124.6 123.5 123 122.4 120.8 119.9 119.1 120 120.1 120.1 121.4 121.8 122.2 122.8 124.2 125.3 125.4 128.6 131.8 134.8 136.6 138.4 139.7 140.5 142.4 144.6 148 151.7 156.3 160 163.2 166.6 171.3 177 183.5 189.5 192.4 194.1 196 198.7 197.6 195.7 190.2 188.7 189.5
