data/290000-590000.asc
ncols 200
nrows 200
xllcorner 290000
yllcorner 590000
cellsize 50
[rows 70 to 104 of 200, columns 79 to 157 of 200]
256.1 251.4 246.2 241.5 238.4 237.8 239.6 241.9 243.5 245.9 247.2 247.6 247.7 248.4 248.3 249.6 247.6 245.8 243.2 241.9 248.2 255.9 264.6 272.1 278.8 283.4 285.8 286.9 285.2 283.6 280.2 274.9 269.4 263.8 258.7 254.2 249.9 245 240.2 235 230.7 226.2 222.5 219.2 216 213.5 214.7 215.3 216.3 219.6 219.6 221.2 226.2 232 242.2 255.7 272.3 290.6 308.4 319.2 331.9 337.2 339.1 339 337.4 337 335.6 329.8 319.4 306 290.7 276.4 263.4 247.1 246.1 262.7 273.3 282.9 293.3
256.7 253.6 248.4 244 241.1 239.6 237.4 239 239.6 241 242.7 243.9 245 245.7 245.9 246.8 246 244.2 242.5 240.7 245.7 253.4 260.4 268 276 282.5 288.4 290.4 289.1 288.2 285.6 281.6 276.1 270.7 264.8 260.8 255.8 249.2 243.4 237.4 232.8 228.6 224.2 221.2 217.9 212.3 213.5 214.5 215.8 217.8 219 219.9 224.2 229.2 236.5 249.1 265.9 285.2 302.3 312.7 324.8 331.5 334 334.8 334.8 339.2 341.4 339 330.4 316.4 300.5 285.4 272.7 257.4 246.4 244.4 258.6 272.8 283.9
257.4 254.8 250.1 244.9 242.1 240.5 239.2 237 237.2 238.6 239.4 240.5 241.9 242.7 243.6 244.5 244.4 242.7 241.2 240.4 242.3 249 255.8 263.4 271.5 278.2 286.8 290.8 291.6 291.2 290.1 286 280.6 274.9 269.5 265.2 261.5 255 246.6 240.5 235.7 231.9 227.8 223.8 220.2 211.4 212.5 213 217.7 217.1 217.1 218.2 221.8 225.5 231.7 243.2 259 277.5 293.9 305.3 315 323.4 327 328.5 330.5 336.4 343.9 344.7 339.6 327.4 310.6 295.4 281.3 267.6 254.4 244.7 241.8 262.4 274.8
259 255.2 251.9 247.3 242.6 241.3 240 238.9 237.1 235.7 237 238.2 239.6 240.5 241.5 242.4 242.8 241.6 240.7 240.3 241.6 245.7 251.1 258.3 266.5 275.5 284.2 290.2 292.9 294.5 293.6 289.3 284.7 279 273.4 268.8 263.5 257.9 251.3 244 238.4 235.2 232.4 228.4 224.7 214.8 212.3 212.2 216.6 216.1 216.3 216.7 221.2 222 227.5 237.1 251.6 269.5 283.9 296.8 306.2 314.2 318 321.7 324.3 331.4 342.8 347.2 345.5 336.8 322.3 305.6 289 277.9 266.1 251.9 241.3 246.8 264.7
259.5 255.9 253.2 251.1 245.5 242.1 240.7 239.6 238.9 237.4 235.4 237 238.5 239.6 240.6 241.2 241.3 240.9 240.5 240.1 241.1 243.7 248.1 254 263.8 273.4 282.1 288.5 294.3 296.6 296.7 292.6 287.9 283.4 277.9 272 265.9 260.1 254 248.6 243.7 240.1 237.2 233.8 230.2 225.3 214.2 210.8 211.5 217.9 214.4 216.7 216.3 219.4 223.1 232.4 245.2 259.6 273.2 287.2 297.5 304.6 307.9 313.7 317.9 325.3 338.5 347 349.1 343.3 331.4 315.1 299.8 285.6 275.7 264.3 247.6 238.4 255.8
261.4 257.1 254.7 252.9 249.2 244.4 241.5 240.3 239.5 238.5 237.3 236.3 237.3 238.5 239.7 240 240.2 239.8 240.1 239.9 240.8 242.5 246 251.9 259.8 269.5 280.3 287.2 294.5 298.6 299.1 295.1 291.6 287.3 282.5 275.8 269.1 263.3 258.2 253.1 249.9 245.1 241.7 237.7 234 231 225.7 219 210 211.5 216.6 214.2 215 215.3 219.6 227.5 239 250.8 263.7 277.2 288.3 296.5 300.9 306.1 310.7 320.6 334.2 345.8 351.2 346.4 336.7 324.1 309.1 294.2 281.8 271.1 256.9 237.8 240.7
263.4 258.7 255.1 253.7 251.8 246.9 243.6 240.8 239.5 238.6 237.8 237 236.8 238 238.9 239 239.2 238.4 238.5 239.9 240.7 242 244.6 249.3 255.3 266.6 277.6 287.3 294.6 301.7 301 298.4 295.1 291 286.1 279.7 273.3 268.4 264 258.3 253.1 248.9 244.6 240.4 235.9 232.6 230.2 223.4 220.1 209.7 211.3 212.1 213 213.5 216.4 222.7 231.7 246.2 255.4 268.5 279.4 287.2 292.9 298.5 304.9 316.7 330.2 344.4 349.4 346.9 338.8 328.8 316.5 303.7 288.9 276.2 263.1 249.2 235.7
262.7 259.2 255.4 253.3 251.6 250 244.6 241.2 239.6 238.7 238 237.7 237.3 237.4 238.3 238.2 238.1 237.9 239.4 240.3 240.9 241.6 243.3 246 251.8 261.2 273.9 286 294.2 300.2 301.4 299.1 297.4 293.3 288.2 282.5 278.1 273.7 267.6 261.5 255.6 251 246.6 242.3 237.3 232.9 230.6 225.6 222.1 219.7 210.9 209.4 210.8 211.7 213.7 219.2 225.9 240.1 251 260.3 272.8 279.3 285.5 291.8 298.7 313.7 328.4 341.4 346.3 345.1 338.8 330.8 320.1 308.6 295.7 281.1 267.3 256.7 243.4
262.2 258.7 255.2 252.9 251.5 250.4 245.7 241.2 239.5 238.4 238 237.8 237.6 236.6 237.4 236.9 236.4 239.6 239.7 240.4 241 241.8 242.1 243.1 245.9 255 268.7 282.4 292.1 298.3 300.8 298.6 297.2 293.8 290.9 286.2 280.7 276.7 271.6 265.6 259.8 254.2 248.8 244.3 239.1 233.4 230.5 226.6 223.3 220.9 214.9 207.1 209.5 210.9 212.3 220.6 226.9 233.5 247.3 257.8 265.6 273.7 280.3 286.7 295.3 311.1 325.5 338 343.4 340.8 336.7 330.2 320.7 309.3 297.2 283.1 269.4 258.5 250.1
261.8 258.2 255.1 253 251.5 248.9 245.4 241.8 239.3 238.1 237.9 237.7 237.5 236.8 234.7 235.7 237.1 239 239.3 240.5 240.8 241.1 241 241.2 242.8 249 263.1 277.9 288.1 297 300.6 300.5 299.4 296.9 293.1 288.7 282.8 278.6 274.6 269.1 263.9 258.4 251.6 246 240.7 235 231 228.2 224.4 222.1 218.6 206.6 207.9 209.8 210.4 221.1 230.3 231.4 241.9 254.1 262.5 269.5 275.3 285.2 296.5 310.3 322.2 332.3 338 336.3 334 327.6 319.4 309.2 297.9 284 271.7 260.2 251.2
261.1 258 255.2 253.8 250.4 246 243.5 241.7 239 238.1 237.9 237.7 237.6 237 236.1 234.1 235.8 237.7 238.2 239.2 240 240.1 239.8 240 242.5 246.7 258.4 273.3 286.4 297.3 301.8 302.6 302.1 300.3 295.4 290.3 284 277.5 273.4 269.1 263.6 258.7 252.6 247.2 242.8 237.3 233.7 229.6 225.8 223 220.2 217.4 205.2 207.4 208.3 218 228.4 228.1 238.2 251.1 259.7 267.1 275.6 285.9 297.8 310.4 320.7 328.8 330.8 331.6 329.6 324.4 316.6 306.7 296.2 284.7 273 262.1 252
262.2 259.2 256.2 253.5 249.5 246 243.3 241.1 239.2 238.1 237.9 237.8 237.8 237.2 237.3 236.4 233.5 236 237.2 237.9 239.4 239.4 239.2 239.6 241 244.4 253 270.1 284.7 296.6 303.6 305.5 304 302.9 298 292.1 286 279 272.5 268.7 263.3 258 252.3 248.4 244 239.4 233.2 229.7 227.1 224.1 221.1 218.2 214.5 206.5 205.5 211.2 225.8 225 238.4 247.9 258 266 275.5 287.4 299.5 311.5 320.6 326.7 328.1 327.4 325.3 320.4 312.5 304.3 294.1 283.1 273.9 263 253.6
263.3 260.3 257.3 255.4 253.3 249.1 244.3 241.5 239.8 238.5 238 238 237.9 237.9 237.8 237.3 233 234.4 236.1 238.8 239 238.8 239 239.7 241.4 244 250 267 283.8 295.8 302.4 305.2 304.4 304.5 299.9 293.8 288.7 281.6 274.6 268.9 263.2 257.8 251.1 246.4 242.8 239.2 234.2 230.1 227.7 225.7 222.4 219 215.3 208 204.6 206.2 223.7 217.7 239.2 246 256.4 265.5 275.6 287.6 301 313.5 322.1 325.8 326.2 323.4 320.9 316.2 309.2 301.6 292.3 281.7 272.8 262.4 253.1
264.1 260.7 257.6 256.9 256.1 253.2 248.1 244.1 240.8 239.2 238.5 238.1 237.8 237.3 237.5 236.6 233.8 230.3 234.2 236.2 237.7 237.9 237.1 240.2 242.3 244.5 247.6 262.1 278.7 288.7 299.4 302.9 302.5 302.8 299.6 296.2 292.8 286.5 279.1 271.3 264.3 256.7 250 245.9 242.6 239.9 236 231.3 228.3 225.5 222.4 219.2 216.3 212.1 206.7 202.6 211.3 224 232.7 245.4 255.8 264.2 272.3 288.2 302.2 314.2 322.3 325 324 321.7 318.8 312.4 305.9 299.4 292.4 282.7 273 262.9 252.3
265 261.6 258.6 256.3 255.2 252.7 250.7 247.4 244 241 239.5 238.3 237.5 237 236 234.5 232.3 229.8 230.6 232.8 234.3 235.9 235.9 239.5 242.6 244.7 246.7 255.7 272.7 285 294.5 299.4 300.6 301.3 301.1 297.4 294 289.2 282.3 276.4 266 258.3 251.6 247.3 243.6 240.1 236 232.5 228.8 225.6 222.2 219.2 215.9 213.4 210.3 204.4 210.6 223.4 233 244.7 253.3 262.4 273.1 288.5 302.9 314.6 321.7 324.4 323.5 321.2 317 310.8 305 299.3 292.2 284.1 275.1 264.5 254.4
265.5 262.6 259.8 256.8 254.3 252.1 249.9 247.7 245.7 243.5 240.9 238.8 234.8 233.9 234.7 234.2 234.6 232.5 228.3 229.5 230.4 231.7 232.5 234.4 240.5 243.9 247.4 250.8 267.6 281.3 291 298.8 300.9 302.6 302.3 297.8 293.6 289 282.8 276.9 269.3 262.2 255.4 249.3 243.5 239.4 235.4 233.2 230 226.4 222 218.7 215.2 212.5 210.2 204 206.2 219.3 230.7 242.4 251.2 261.4 274.2 288.9 304.9 314.4 320.7 322.9 322.2 320.3 315 309.7 304.6 299 292 283.7 274.4 266 256.2
266.6 263.8 260.8 258.1 254.5 251.9 249.3 248.1 246.9 245.1 242.8 238.4 240.6 242.8 243.2 242.3 241 237.5 233.6 229.3 227 225.7 229.4 230 237.5 241.7 246.3 249.2 264.1 278 288.3 297.5 301.3 301.9 301.3 298.2 291.7 286.8 281.4 276.3 271.6 265.2 257.7 250 242.7 239.3 236.1 233.8 231 226.7 222.1 218.2 214.5 211.5 209.5 204.7 203.1 213.7 217.9 233 247.4 259.7 275.7 291.1 305.5 312.7 317.7 320.2 320.6 318.5 313.3 308.9 306.3 301.3 294 283.7 273.6 264.7 256.9
266.3 264.2 261.2 258.6 255.4 251.2 248 244.5 244.4 243.6 242.1 242.3 245.8 247.8 248.3 247.7 246 242.4 238.7 234.4 231.4 228.3 224.5 228.1 233.3 239.4 243.9 248.6 260.5 275.2 285.4 294.1 299.3 300.3 298.8 295.4 290 284.4 278.9 274.1 271.2 266.9 259.9 251.7 244.8 241.7 237.8 234.8 231.9 227.2 222.6 218.4 214.6 211 208.8 206.4 202.1 210.7 214.7 225.1 241.3 256.5 273.6 292 303.7 308.6 313 315.7 315.9 314.4 311.5 310.3 309.2 303.3 296.4 284.7 273.7 264.2 258.9
265.1 263.2 261.2 258.8 255.9 251 248.2 243 243.2 243.3 243.4 247 248.1 249.3 249.5 249.6 248.9 245.9 241.7 238.3 232 229.3 226.5 225.3 228.5 235.2 241.4 248.3 259.6 273.7 283.1 289.3 294.9 296 295.2 291.4 286.9 281.9 276.6 271.9 268.2 264.4 259.3 253 247.4 243.2 238.7 235.6 232.4 228.4 223.8 220 216.1 211.8 207.8 203.3 201.3 205.8 208.2 221 240.3 251.5 270 289.6 300.6 305.6 307.8 310.2 310.3 310.4 310 310.4 309.4 305.6 299.8 288.3 276.3 267.9 263.1
260.5 259.5 258.1 258.8 255.4 248.6 247.6 249.4 249.2 249.1 248.3 249.2 248.7 249.2 249.2 249.4 249.6 247.9 243.6 238.7 233.3 229.7 227.6 223.2 224.9 229.6 237.9 246.5 256.8 271.4 281.6 286.5 289.8 290.4 290.9 287.3 282.7 278.3 274.3 269.2 263.7 260.5 257.2 252.3 247.7 243.7 239.9 236.4 233.2 230.4 226.4 222.8 218.9 213.7 209.1 203.3 200.7 200.2 206 219.5 237.9 250.5 266.3 284.1 295.3 301.6 303.2 304.3 305.6 306.6 307.4 307.7 307.4 305.2 301 290.9 278.9 272.5 266
255.2 256 257.2 257.6 255.5 252.2 253 253.8 253.4 252.7 251.4 250.2 249.6 249.4 249.4 249.2 249.6 248.5 244.8 239.2 233.8 229.8 227.3 224.8 223 224.2 234.1 243.1 253.1 267.2 278.5 283.7 285.8 286 286.6 284.9 280.1 275.9 271.7 266.7 261.6 257.3 253.9 249.2 246.7 242.9 239.4 237.3 234.5 231.7 229 225.5 221 215.9 210.7 204.3 199.3 199.9 199.6 217.5 234.7 246.6 261 276.4 289.3 294.9 296.4 297.8 300.4 302.3 303.5 303.3 302.8 301.4 298.6 290.9 282.1 276.1 269
251.1 252.5 253.6 256 256.4 255.3 255.4 254.8 254.4 253.5 251.5 250.5 250.1 250 249.6 249.3 249.5 248.1 245.3 240.8 235.3 230.6 226.8 224.3 222.2 223.4 230.2 239.1 249.4 261 270.9 278.4 282.1 282.6 283 281.1 277.9 274.9 270.8 265.2 259.9 254.8 249.8 245.8 243.7 241.4 238.8 236 233.5 231.7 230.7 228 224 219.1 213.3 206 199.3 199.2 198.8 210.4 227.2 242.1 255.6 267.1 279.9 284.2 287.5 292.2 295.2 297.9 298.9 298.4 299 298.6 294.5 289.4 283.1 277.9 272.3
250.4 253.8 254.1 255.5 256.7 257.5 257.8 256.2 255.5 254.4 252.3 249.2 248.6 248.6 249.5 249.5 249.3 248.1 245.3 242.4 239 235.1 230.1 225.7 222.1 221.7 225.8 234.7 243.5 252.8 263.1 271.1 277.6 279.7 279.9 277.3 274.8 273.1 269.8 263.5 258.1 252.5 247.3 242.6 240.6 238.3 236.5 234.1 231.7 231.3 231.2 229.7 226.5 222 216.5 208.9 202 197 197.9 201.1 217.5 236.8 247.2 257.9 267.9 274.3 280.6 285.3 288.1 290.5 291.8 292.7 293.9 294 291.7 290 288 285.2 279.8
250.6 255.2 255.3 257 258.6 261.2 262.6 261.5 259.6 259.1 257 253.4 249.6 247.9 248.1 248.5 248.9 247.3 246.3 243.4 240 235.6 232.3 227.9 226.9 221.3 222.3 229.8 238.2 245.9 254.6 264.3 271.7 275.3 274.8 273.4 271.4 269.5 266 261.5 255.2 250.2 245.3 240.6 237.3 235.2 233.2 230.8 230.3 230.7 231 230.6 228 223.3 219.2 212.3 205.6 200 195.7 196.8 208.2 224.3 238 247.2 257.5 264.8 272 277.1 280.5 283.9 285.3 287.4 290.1 292.2 295 297.8 295.9 292.8 285.8
250.1 254.1 259.3 263.6 266.6 269 269 266.9 267 266.1 264.4 260.6 256.5 253.3 250.3 250 248.4 246.1 245.1 244.6 240.1 237.2 233.6 229.9 226.5 222.6 221 224.5 232.1 239.4 247.5 255.1 261.9 268.4 269.4 268.4 269.5 266.6 261.6 256.3 251.8 247.3 242.6 238.4 234.2 231.5 229.6 228.3 228.9 229.7 230.4 230.1 227.8 224.1 220.9 215.1 208.8 203.5 197.4 195.6 202.9 220.7 227 239.4 249.7 257.8 265 271.4 275.3 278 279.2 282.8 286.9 292.4 298.4 300.9 301 295.7 289.3
251 258.4 265.6 271.5 275.2 277.2 275.3 275.9 277.1 276 273.9 269.8 265.3 260.6 255.2 253.2 250.8 245.9 244.4 244.6 242.6 239.4 236.1 231.2 228.6 222.6 219.6 221.3 225.1 231.7 238.6 246.6 252 257.4 262.8 263.4 265 264 259.2 253 250.5 245.8 240.6 236.4 232.5 229.6 227.6 226.1 226.4 227.6 228.2 228.1 226.1 224.4 221.5 218 212 206.1 200.2 194.8 201.6 212.1 221.2 233.1 241.9 251.4 258.3 265 269.5 273.8 275.8 278.2 284.6 292.6 298.6 300.9 301.4 296.7 290.2
254.8 263.2 270.9 278.1 282.2 285.5 285.9 285 283.3 281.3 279.6 275.2 270.5 268 261.8 258.1 257.4 250.7 246.3 245.7 244.9 241.7 238.5 232.9 228.3 222.7 220.2 219.9 222.1 225.1 229 237.6 244.4 249.7 254.5 256.3 258.3 259.1 255.9 250.7 248.1 244.3 239.2 234.3 230.3 227.7 225.3 223.7 223.2 223.8 224.4 225 223.9 222.7 221 219.8 214.6 208.5 201.5 193.7 198.6 203 213.2 225.5 236 243.8 249.7 256.5 261.8 266.7 270.2 273.8 281.8 291.6 298.4 301.1 301 296.2 289.9
258.9 266.7 274.5 280.8 285.2 291.6 293.5 293.4 290.5 288 284.3 281.6 277.4 272.5 267.6 263.6 260.3 256.1 250.8 247.7 246.9 245.9 240.8 233.4 228 223.5 220.9 219.6 219 220.9 223.9 228.9 236 241.7 246.6 250.4 252.2 252.4 250.6 247 244.9 241.3 237.1 232.6 228.1 225.4 223.2 221.7 220.8 220.6 221.3 221.8 221.7 221.3 221 219.8 215.9 210.3 204.5 193.3 194.7 197.5 204.4 216.5 226.1 232 236.1 241.3 248.9 256.7 261.5 268.1 278.7 291 297.8 300.5 299.4 296.2 290.8
263.5 271.1 278.7 283.5 288.8 295.5 300 301.1 298 292.2 288 285.8 282.6 277.1 271.8 267.3 262.1 257 253.8 251.4 247.9 243.4 238.9 235.3 230.7 226.5 221.4 220 218.9 218.4 219.9 222.5 228.8 234.6 241.5 244.7 245.9 245.9 246.7 245 242.7 238.6 234 229.9 225.9 222.7 221.2 219.3 218.2 218.2 218.8 219.2 220.3 220.8 221 220 216.1 211.7 207.6 201.1 194.7 191.7 197.5 202.8 211.2 217.1 221.3 227.9 234.6 243.7 250.9 259.5 277.5 289 295.1 296.5 296.6 294.3 290.3
268.5 275.7 283.9 288.2 295.2 299.8 304.9 306.4 304 299.1 291.6 287.3 285 280.7 275.9 269.9 264.2 260.8 256.1 254.4 250.2 244.5 241.3 239.3 235.8 231.5 225.3 220.5 219.6 218.7 218.3 220.1 222.9 228.5 233.2 238 238.8 240.3 241.8 243.3 241 237.2 232.9 227.9 223.8 219.9 218.4 216.2 214.7 213.9 214.3 215.8 218.2 219.4 220.1 219.9 217.1 213.4 210 205.5 200.8 196.6 189.4 192.3 199.2 205.1 210.8 218.7 227.1 236.6 242.4 250.7 270.3 283.7 289.1 291.3 292 292.5 290.6
273.2 279.3 287.4 295.1 301.2 305.4 309.2 310.4 308.2 303 296.1 290.2 286.9 283.7 278.2 273.1 269.2 264.2 258.8 258.4 254.6 251.3 247.5 245 240 234.8 230.3 225.2 221 219.7 218.7 219 221.3 222.9 225.8 229.6 232.1 236 238.1 239 238.4 235.9 231.6 226.2 221.8 217.9 215.3 212.9 211 210.7 210.8 211.7 214 216.5 219 218.8 217.8 215.6 212.1 208.4 204 199.1 193.1 191.8 192.5 200.9 203.9 211 221.6 231.3 237.5 242.1 256.7 271.6 282.8 286.5 289.1 290.4 290.9
275 281.1 290.5 299.5 305.5 308.7 312.5 313.2 310 303.9 298.7 292.9 287.3 283.3 279.7 276.2 272.3 266.7 261.7 261.8 260.8 258.6 256.5 252.7 245.8 241.1 234.6 229.9 225.2 220.1 218.7 217.5 219.2 219.9 221.4 224.5 227.2 230.4 233.2 234.4 233.6 232.6 229.8 224.7 220.5 216.5 212.9 210.5 209.6 208.9 208.9 209.5 210.8 212.6 215.5 216 215.5 214.5 212.5 209.8 204.9 196.5 193.9 196.4 188.4 188.7 198 205.3 216.5 224.8 231.7 235.7 246.3 264.2 276.1 281.7 286.3 289.7 293.2
276.3 280.8 289.9 298.8 305.9 310.7 311.8 312.6 310.1 306 300.9 295.4 289.4 283.4 279.7 278.4 274.6 270.8 266.9 267.9 268.1 266.5 264.4 261.5 253.1 247.8 241.2 234.5 228.8 223.4 219.8 218 217.7 218 218.6 220.3 222.4 225.1 228.7 230.4 229.5 227.6 224.6 222.7 219.8 215.9 212 209.8 208.5 207.6 207.1 208.1 209.7 210.2 212.3 212.8 214.1 214.3 213.2 210.3 200.8 197.6 202.9 205.4 199.6 183.1 184.6 196.5 207.7 216.8 224.3 231.4 241.2 258.6 268.7 275.6 280.4 286.7 292.1
276.9 281.5 287 295.6 301.8 308.9 310.3 310.8 310.4 307 301.4 297.3 291.7 285.1 280 279.6 279.8 277.6 272.8 271.1 272.8 271.5 270.2 269.4 263.2 256.2 248.9 241.2 233.8 227.8 223.2 219.6 218.4 219 218.5 218 218.6 219.7 222.1 223.7 222.6 221.1 217.9 218.3 218.2 214.3 211.5 210.2 208.5 205.2 205.7 206.8 207.8 209.7 210.8 212.8 214.8 215.9 212.3 204 194.7 206.1 212.8 217.2 208.7 191 184.7 184.3 196.8 208.8 218.4 226.5 235.9 248.8 260.9 268.5 274.6 281 288.2
276 280.8 285.2 291.4 295.4 303.4 308.1 308.7 310.4 308.2 304 299.4 294.7 288.3 284.4 286 285.7 281.8 277.7 275.8 275.9 275.6 273.4 270.6 267.6 263.1 256 246.6 238.3 232.3 227.7 222.4 218.8 220 219.6 219.2 218.7 218.5 217.6 215.9 215.3 217 211.2 212.9 216.8 212.5 210 206.7 203.1 206.6 203.3 205.4 206.3 208.3 210.2 211.3 211.6 211.4 201.6 197.7 205.2 214 221.6 226.4 218.6 206.2 195.9 185.7 184.6 199.1 211.5 221.7 232.4 244.7 256.2 263.3 268.6 274.5 280.2
