data/290000-590000.asc
ncols 200
nrows 200
xllcorner 290000
yllcorner 590000
cellsize 50
[rows 140 to 174 of 200, columns 0 to 78 of 200]
73.3 71.5 71.6 70.9 73.3 74.1 71.5 71.4 72.3 73.8 76.8 78 79 77 76.5 77.7 78.8 80.9 85.5 94.9 105.1 110.8 116.3 123.4 130.5 138.1 146.5 153.4 155.7 157.2 157.2 157.8 158 157.9 156.6 154.6 150.4 149.6 143.3 139 138.3 146.9 161.7 167.4 170.8 171.8 170.8 170.8 174.5 177.3 179.7 182.5 186.6 190.9 194.2 198 202.3 203.8 205.8 209.4 212.8 211.3 206.7 209.6 210.3 210 207 207.9 208 203.8 212.3 226.7 242.5 258 275.5 289.6 299.6 306.6 312.1
73.9 71.9 71.2 68.6 69.7 69 69.3 70.8 71.9 74.3 76.7 77 77.4 75.4 75.8 77.6 78.2 79.9 84.1 93.5 101.6 108.9 114.2 119.3 126.7 134.9 142.8 150.7 154.1 156.6 156.9 156.9 157.1 157 156 153.2 147.9 140.2 136.2 136.4 146.6 161 169 170.7 172.1 173.3 172.1 172.2 173.9 176.6 178.7 180.9 183.9 188.1 191.2 194.2 198 199.2 203.4 206.2 205.5 201.3 196.9 196.3 192.3 194.8 197 203.5 209.1 214.8 227.4 242.1 259.2 272.7 282.8 293.2 299.6 304.3 308.6
70.7 72.8 69.9 67.1 67 67.8 68.2 69.6 71.4 73.5 75.2 76.7 77 74.3 75.8 77.8 78 79.3 82.8 91.9 100.7 106.9 111.4 116.6 124.8 133.5 140.9 148 153.2 154.8 155.4 156.2 156.2 156 155.7 153 145.2 136.6 134.9 140.8 156.7 166.6 171.3 172.1 172.8 173.8 173.5 175.4 175.8 176.1 177.7 178.9 181.5 185 188.4 191.9 194.4 197.7 199.9 196 191.8 185.8 188.9 197 202.6 206.7 211.7 218.7 224.9 231.6 241.8 254.2 269 283.8 288.6 294.9 299.8 302.7 305.5
71 71.7 70.7 68.7 68.1 66.8 66.2 66.8 72.5 73.7 74.3 76.3 76.2 73.2 75.3 77.6 78 79.7 83.2 90.1 98.7 107.4 111.4 117.6 121.9 128.6 134.6 143.3 149.6 152.1 153.2 156.2 155.7 154.3 154.6 152.3 144.9 136.1 133.6 146.3 160.3 167.5 171.4 172.7 173.4 174.6 171.8 176.4 176 175.7 176.7 178.6 179.7 182.4 186 189.3 191.4 190.1 187.4 184.5 187.3 197.5 203.2 208.5 213 217.2 222.3 229.3 237.2 247.3 258.4 267.4 271.3 281.9 290.9 294.9 298.5 301.4 302
72.2 67.4 68.8 67.7 65.8 65.5 65.5 65.6 68.5 72.3 74 75.3 75.9 71.1 76.3 77.7 77.9 80 84.1 91.7 100.2 108.4 112.9 117.4 119.6 126 131.8 139.4 145.7 151.1 152.1 155.3 153.9 152.6 150.7 148.8 145 136.6 133.6 144.2 156.2 165.4 171.7 173.1 173.9 174.1 170.3 174.6 175.7 174.8 175.3 176.8 178.2 179.5 183 185.8 188.9 184.1 181.8 191.8 201.8 207.9 213.2 217.6 222 226.1 231.1 238.7 249.5 258.4 266.4 273.2 279.8 283.2 286.1 291.6 294.1 297.7 297.7
70.3 66.9 65.1 67.3 66.7 65.1 64.2 64.5 67.5 69.2 72.3 73.2 75.4 69.2 75.7 76.4 76.6 77.6 85.3 94.3 103 109.1 114 117.2 117.8 120.6 127.9 136.7 143 148.3 152.1 153 152.2 149.8 146.5 143.1 141.2 138.5 133.6 138.9 150.3 161 170.7 173.5 173.5 172.5 170.7 173.9 175.1 174.4 174.4 174.7 176.5 176.9 179.2 179.8 176 183.8 188.9 198.5 207.4 213.3 219.3 223.7 228.9 234.8 242.2 251.3 262.7 270.5 274.7 278.7 284.9 291.2 292.4 293.4 296 297.4 298.6
70.2 67.2 65.6 66.4 66.2 65 62.9 62.5 63.8 66.7 68.3 68.5 69.5 73.6 74.5 75.6 75.7 76.9 86.9 97.2 104.6 108.3 113.2 116.4 117 120.4 125.6 132.1 139 144.3 148 149.3 147.9 144 138.9 134.7 135.3 138 134.7 133.4 140.7 150.6 162.1 171 171.3 169 168.4 172.1 173.3 173.1 173.1 172.5 174.4 170.6 175.3 179.4 185.2 191 195.4 202.1 208.8 214.5 220.6 229.9 238.3 247 255.5 263.9 273.5 280.8 285.9 286.3 289.7 296.4 299.3 299.4 299.7 300.7 301.8
68.6 67.7 66 66.6 66 64.5 62 62.5 63.9 65.5 66.8 67.8 67.9 72.2 73.4 73.7 74.2 76.1 89.9 102.9 105.3 108.6 112.4 116.6 116.6 118.8 125.1 130.2 131.9 138.1 141 142.7 140 133.2 134.3 137.4 138.3 137.1 136 132.5 132.3 140.1 152.6 163.2 167.5 166.5 165.4 168.8 169.4 169.7 170.2 167.6 164.7 166.8 175.1 179.6 185.6 193.5 197 202.5 209.6 216.7 225.2 235.6 247.8 257.7 264.4 272.2 281.5 288.2 290.3 290.2 292.3 299.4 301.7 303.3 304.4 305.6 306.7
68.6 67.8 66.7 66.3 66.8 64.7 62 62.2 63.4 64.3 65.3 66.3 66.7 68.9 70.3 70.9 71.9 76 88.7 101.8 104.8 108.7 114.2 115.8 116.3 117.9 120.9 125.4 126.8 131.2 133.9 134.4 131.8 133.8 141.3 147.2 146.9 141.9 136.2 132.1 129.6 136 147.1 152.5 160.3 164.2 163.8 167.7 166.7 165.2 162.1 155.8 158.1 168.1 173.6 177.6 183.4 190.7 196.3 203.1 210.9 219.2 229.1 241.9 254.8 265.3 273.2 279.1 286.7 290.8 291.9 291.8 293.7 299.3 302.1 304.7 308 310.4 314.1
65.9 65.8 66.1 66.5 66.5 64.2 61.7 61.8 62.9 63.6 64.5 65 64.7 64.4 64.3 68.1 70.3 74.6 88.7 101.9 107.8 110.5 119.8 114.2 115 116.6 118.5 121.6 122.5 126 129.4 129.4 130.3 141.5 149.7 153.2 153.3 148.5 139.9 131.9 129.5 132 148.7 151.6 154.1 160.9 154.8 161.3 161.2 157.2 150.7 156.4 163.2 166 170.4 174 178.5 184.1 189.8 199.3 209.7 218.2 229.5 244.2 259.1 268 276.4 281.2 285.9 291.6 292.1 291.8 294.1 298.5 302.3 306.4 310.2 315.6 320.7
64.2 63.3 63.6 63.7 64 63.2 62.1 61.7 62.9 62.7 63.6 63.7 62.9 62.8 63.2 67 69.2 74.8 89.7 104 108.1 113.6 120.8 119.1 114.5 115.2 118.1 119.7 120.6 123 125.3 125.3 137.6 147.8 151.2 154.7 159.1 154.7 143.3 132.2 128.7 128.9 145.1 151.5 151.8 156.2 155.3 148.3 150.4 143.9 153.1 157.9 161 161.5 163.7 168.3 176 183.5 190.1 198.1 208 218.4 227.1 243.1 257.6 268.2 277.2 280.8 284.1 288.6 290.5 291.5 293.6 297.9 301.6 305.3 309.1 315.8 323.3
62.6 61.8 62.5 63.5 63.9 62.5 61.9 61.8 62.5 62.7 62.7 62.3 62 61.7 62.6 65.6 68 76.4 90.9 104.3 111.7 115.9 120 121.1 113.2 116.1 119.1 119.1 120.4 121.8 122 134.5 147.2 155.6 156.8 158.5 161.8 159.2 147.2 134.7 128.3 129.3 137.1 149 151.3 152 151.2 148.1 143 148.6 153.7 154.2 154.7 161.5 169 175.4 183.9 193.5 203.5 211.3 219.4 228.3 234.3 236.7 249.7 262.5 273.5 279.4 281.8 285.5 288.6 289.8 291.8 295.4 299 302.9 308.3 317.1 327
59.8 59.2 60.7 61.6 62.6 60.9 61.4 59.6 58.2 60.5 61.2 61 60.9 60.8 61.6 64.3 67.2 77 90.2 102.3 108.7 114.9 122.2 112.7 116.5 117.6 119.1 118.4 119.8 118.7 133 150.2 159 160.8 163 164.6 163.4 163.6 154.4 139.7 128.3 128.6 130 137.7 146.9 151.5 151.6 149.5 141.9 146.9 148.9 146.6 153.1 162 173 184.5 194.6 207.2 216.1 221.7 229.2 238.3 244.8 248 253.3 261.4 267.3 276.1 279.8 282.7 286.9 289 290.2 292.6 296.8 302.1 310.7 316.8 328.5
58.7 58.7 60.1 59.8 61.5 62.2 63.6 65.5 62 57.4 59.7 60 60 60.1 60.7 61.9 66.6 78 92.7 102.3 104.8 115.9 112.4 115.2 116.9 116.1 114.9 113.2 115.3 132.1 148.6 162.4 166.9 168.2 169.8 164.8 169.6 173.2 163.5 148.5 131.1 128.2 128.7 130 138.9 149.5 151.3 150.1 141.8 143 145 148.2 156.6 168.9 182.9 195.7 208.2 217.7 223.1 229.5 235.1 244.1 255.4 256.9 262 269.3 277.2 278.7 284.8 286.8 286 288.5 289.4 291.8 296.9 303.5 312.4 321.6 336
61 59.1 59.9 59.9 60.9 64 63.7 65.8 63.3 59.3 58.6 58.7 59 59.5 60.1 61.1 65.3 76.8 92.1 99 102.9 107.6 114.4 119.1 115.5 109.4 108.9 120.5 135.2 149.4 160.1 169.4 172.4 176 176 172.8 178 181.5 174.3 158.7 146.3 130.7 127.8 128.5 132.5 143.5 149.7 148.6 140.8 140.5 144.5 151.4 164.2 177 191.6 203.1 215.1 224.5 229.4 234.7 241.3 249.4 262.4 265.3 268.2 274.8 283.6 287 288.7 290.3 290.4 288.8 289.4 291.2 298.3 306.3 313.8 326.6 342.6
65.3 60.1 59.3 59.4 59.9 64.3 65.4 65.7 63.2 59.2 59 58.9 59.2 59.4 60.9 62.6 64.6 74 87.1 95 97.1 106.9 117 117.2 110.4 106.7 121.8 135.4 150.2 158.6 166.9 172.5 178.3 184.3 181.5 181.5 186.4 185.7 181.2 170 156.7 140.7 126.9 128 129.2 136.6 142.6 144.1 138.1 139.4 146.6 158.5 171.3 184.1 197.5 209.3 218.6 227.6 234.2 241.5 252.5 261.9 270.7 275.7 275.7 277.8 283.4 290.4 291.9 295.6 296.7 293.2 290.1 292.2 298.9 308.6 317.1 325.2 333
62.6 59.8 59.2 59.1 59.1 62.2 66.9 65.9 60.9 58.6 58.8 59.1 59.3 59.6 63.2 66.2 65.9 70.6 82.2 88.2 97.3 108.2 113.2 112.4 101.6 116 132.9 147.5 155.2 162.8 172 180 183.3 187.7 186.2 185.9 189.9 188.5 186.1 179.5 167.2 149.9 135.5 127.1 128.2 131.4 137.7 140.2 137.1 141.8 151.4 163.6 177.7 191.9 204.3 215.7 221.5 230.5 239.7 249.2 259.6 269.7 279.7 282.2 282.9 284 287.5 291.1 297.1 300.1 300.8 299.5 293.7 293.3 299.1 308.2 314.4 319.5 322.9
62 59.7 59.1 58.9 58.8 61.6 64.5 65.5 65.5 60 59.2 59.2 59.3 60.3 63.1 66.7 65.4 71.2 74.5 82.3 94.2 104.6 109.1 106.3 103 125.2 141.5 153.8 162.1 169.7 178.5 183.4 185.8 188.4 186.6 191.4 196 192.9 190.1 184 175.8 161.2 140.3 125.7 128.3 129.8 133.2 136.1 137.3 144.4 158.1 172 183.9 196.6 211.9 225.9 231.4 237.8 245.5 256 265.6 276.3 281.2 284.5 287.6 290.9 294.2 295.8 298.3 301.1 300.8 300.7 298.9 294.1 296.4 303.8 309.3 314.3 316.7
63.2 59.7 58.8 58.6 59.1 61.7 63.3 66 69.5 63.2 59.4 59.3 59.4 59.9 61.8 63.5 63.7 73.5 75.6 80.3 92.2 99.3 105.1 97.8 111.8 130.8 148.4 161.6 169.8 176 181.5 185.2 187 187 186.8 197.9 202 198.6 193.4 188.6 180 164.7 144.8 128.8 128.6 130.2 131.8 132.2 140.2 149.7 162.9 175 189.3 204.2 216.2 231.1 239.3 244.7 250.9 257.6 266 277.8 281.4 285.3 289.3 293.7 299.3 300 300.2 300.9 300.8 300.8 300.1 292.8 292.4 299.9 305.9 309.1 313.1
62.2 60.2 58.4 58.6 58.8 60.6 63.5 69 68.7 63.3 59.3 59.4 59.5 59.7 60.2 61.3 62.4 72 77.3 79.9 90.3 102.3 102.9 99.2 120.3 139.1 156.2 167 174.2 179.7 183.3 185.8 186.5 187.2 191.6 197.8 203.7 203.9 198.4 192.4 180 165.6 147.4 128.5 128.8 130.6 132.2 130.6 141.4 154.1 165.2 178.1 194.3 209.1 221 231.6 240.8 247.4 253.4 259.8 266.2 274.6 280.6 284.9 290.1 296.3 300.6 300.4 299.7 300.2 300.8 300.8 299.6 291.3 290.8 296.8 304.6 307.3 310.2
61.3 59.3 59.3 59.4 59 59.3 62.2 67.9 69.1 65.3 59.3 59.6 59.9 60 60.3 61 61.7 68.4 76.9 80.8 89.2 101.3 97.6 106 127.5 145.2 158.3 170.1 175.4 180.6 184.5 187 188.3 187 194.7 199.6 203.1 205.7 199.4 193.4 179.1 163.9 145.2 126.7 128 128.4 129.5 128.9 144.3 159.1 170.1 182.3 197.7 209.7 220.2 230.1 240.5 247.7 253.6 259.5 265.4 274.9 279.2 283.7 291.2 297.3 299.7 299.5 299.4 299.7 300.2 300.6 298.6 291.5 284.4 290.1 297.1 303.7 309.4
60.5 60.1 60.2 59.4 59 58.9 61.7 65.4 69.4 68.1 61.2 60.1 60.3 60.3 60.4 61.1 62 64.9 77 82.5 87.3 96.3 94.1 108.5 129.4 147.7 161 168.7 172.6 178.4 182.3 186.7 188.6 188 193.4 196.5 199.2 201.8 197.8 190.3 176.8 161.5 142.1 126.3 127.1 127.2 128.3 135.8 150.5 164.7 174.2 187.1 198.8 209.6 217.3 226.9 237.1 245.8 252.5 258.2 264.4 270.6 278 286 293 297.9 299 299.1 299.4 299.9 299.3 297.7 295.2 290.3 282.5 284.1 290.5 298 305.2
60.8 60.8 60.3 59 58.7 58.6 59.8 62.6 66 68.5 64 60.5 60.6 60.6 60.5 61.3 62 62.4 77.1 86 88.1 89.9 95.3 107.1 125.8 143.9 157.5 164.5 168.3 173.9 179.4 187.7 189.2 189.6 190.6 194 197.1 197 191.5 182.2 168.4 152.7 137.6 126 126.2 126.5 128.9 135.6 148.6 162.2 173.5 183.7 195.5 205.4 214.2 224.9 235.6 244.1 251.3 258.2 265 270.5 278.9 289.3 296.7 299.3 299.3 299.1 299.3 298.6 295.6 292.3 291.2 286.8 280 279.6 288.6 294 299.3
62.2 63.2 60.5 59.4 59.2 59 60.2 63.5 65 66.4 68.6 63.1 60.9 60.9 60.8 61.3 62 62.5 72.5 85.2 87.7 88.4 92.1 105.8 120.1 138.3 153 160.5 164.3 170.6 175.6 182.5 186.2 187.2 187.9 191.2 192.7 192.9 185.7 173.7 160.1 144.4 132.6 124.7 125 124.7 132 139.6 147.1 155.8 162.9 177.2 190.3 202.6 214.5 226.7 236.2 244.3 250.8 258.9 264.8 270.8 279.5 291.5 299.2 299.8 299.3 297.7 296.9 294.8 291.3 289.4 286.1 282.4 276.1 276.6 286.1 288.2 291.2
60.7 62.1 60.7 59 59 59.3 60.3 62.1 62.7 67 69.8 69 63.3 61.3 61.7 61.5 62.2 62.8 69.1 82.6 85.4 86.7 89.4 101.9 115.5 131.1 148.8 154.5 160.9 166.3 172.3 177.7 182 183.8 183.9 186.9 187.9 188.2 179.9 165.8 149.6 138.4 129.1 123.7 123.9 123.6 136.2 148.7 157 166 177.9 189.7 199.3 210.4 222 230.5 238.8 245.8 251.4 257.5 262.9 271.2 281.8 291 294.7 295.5 294.3 293.5 295 293.8 291.9 288.2 280.5 276.9 272.1 270.9 279.6 282.4 284.6
58.9 58.8 58.9 58.6 60.1 60.8 61.9 63.3 60.9 64.9 67.2 69.1 67.1 66.7 62.9 62.3 62.4 63.7 69.3 80.5 83.5 86 89.5 95.1 110.4 124.3 140.1 151.9 157.1 162.4 166.5 170.1 175.6 179 180.2 182 183.2 181.2 172.1 159 145.1 132.9 122.8 122.8 122.6 123.8 140.2 154.3 164.7 175.5 188.1 200.5 212.1 223.6 232.7 237.9 243.3 249.8 255.9 260.4 263.8 269 281.3 285.8 287.4 288.2 289.6 291.8 293.4 292.9 291.4 288.1 280.1 272.7 267.6 265.9 269.2 274.1 277.6
64.1 58.6 58.8 58.7 60.6 62.2 63.9 65.1 62.3 60.8 63.2 67.7 68 66.8 64.3 63.5 63.2 64.7 71 79 82.4 84 87.9 96.3 105.9 118.1 132 145 150.3 155.2 160.2 162.7 169.7 173.8 176.9 175.8 175.6 172.8 165 151.6 138.3 125.7 121.6 121.5 121.3 130.7 145.7 161.4 174.4 186.3 199.1 211.5 223.4 234 243 248.5 253.5 258.1 263.3 268.2 267.7 272.1 278.7 280.9 283.3 288.1 289.6 291.7 291.4 291.5 290.4 287.6 281 272.5 265.9 262.5 262.6 265.8 270
60.4 58.7 58.6 58.6 60.3 63.2 63.7 63.8 62.8 61.4 62.2 65.5 68 66.2 65.1 65.3 65.6 66.5 70.8 76.1 79.7 81.1 86.3 96.6 103 110.8 122.9 135.9 141.2 147.3 152.9 157.2 162.7 166.5 169.6 169.7 167.9 163.1 154.6 143 130.8 120.2 120.6 120.5 124 139.3 155.4 169.4 181.7 196.5 209.9 222.3 232.6 243.9 253.2 257.9 261.1 264.5 268.1 270.1 269.9 272.9 277 282.1 287.3 290.3 291.7 291.8 290.5 289.5 287.4 283.5 279.4 272 265 261.6 260.9 260.8 261.4
62.9 63.5 58.5 58.1 58.9 59.5 61.4 62.4 63.1 61.9 61.8 62.4 66.8 66.9 66.4 66 66.4 70.5 75.8 76.4 77.2 78 85 97 100.2 106.3 114.3 123.2 134.3 143.3 147 150.2 153.3 158.2 162.8 164.1 158.1 152.8 143.8 134.7 126.2 119.6 119.7 119.4 132.1 149 166 176.6 194.7 206.2 218.5 230.1 242.3 250.9 259.4 264.8 266.7 268.2 269.4 269.6 270.9 275.9 281.9 288.1 293.8 294.2 292 290.5 288 284.3 281.8 277.2 271.7 267.1 263.9 260.6 260.9 260.8 260.4
66.7 59.4 58.4 58.2 58.1 59.2 61.3 64.3 64.1 62.1 61.2 60.8 63.6 65.2 65.6 66.6 68.9 72.3 77.2 79 78.5 78.5 89.5 102.3 107.6 109.9 111.1 114.8 125.7 134.6 139.6 145.1 148.6 152.4 156.7 155 149.4 143.1 133.5 127.6 122.3 119.5 118.9 123.6 141.1 158.7 172.3 185.6 203.6 216.5 226.6 236.9 248.3 254.8 262.1 268.8 269.7 270 270 270.3 276.2 280.2 286 292.8 298.3 297.3 293.2 289 284.5 278.9 274.8 270.4 266.8 265.1 262.3 260.6 260.9 260.8 260.5
69 60.5 62.7 58.2 58.2 59 65.4 63.2 63.5 63.8 62.5 60.6 61.7 63.5 65 69.7 75.4 75.8 75.9 79 80.7 83.8 88.9 100.3 109.7 114.4 116.6 115.8 121.6 125.6 133.7 138 142.1 144.4 148 145.7 140.7 134.3 125.6 118.6 117.7 118.2 118 130.7 148.9 165.5 177.6 192.4 210.2 226.1 234.9 241.4 248.3 253.4 258.7 264.4 266.2 268.2 272.3 276.9 281.6 285.9 289.7 294.4 298.3 296.9 291.1 286.3 280.8 275.1 268.9 265.9 264.1 262.6 260.4 260.5 260.8 261 260.9
71.5 64.2 59.4 58.2 62.3 59.5 63.7 64.4 65.5 66.2 64.6 64 62.5 64.8 65 68.4 74.1 76.8 75 76.4 80.5 88.1 91 95.9 109.2 113.8 120.5 123.4 121.6 122 126 129.5 134.4 135.9 138.1 138 134.3 125.7 118.1 115.9 116.5 117.4 123.4 141.3 157.7 170.8 183.1 199.7 216.2 229.5 237.1 242.3 246.1 249 253 256.1 260.6 269.1 275.1 279.6 285.3 289.2 292 297.4 299.9 297.7 291 283.6 276.6 269.7 265 263.1 261.3 260.5 260.4 260.6 260.8 261 260.8
71.3 65.3 64.2 63.2 66.2 57.9 61.3 70 65.9 65.5 61.9 63 61.1 60.8 64.7 68.6 72.5 74.2 74 75.3 81.4 88.2 93.1 97.6 108.3 115.1 122.1 128.2 128.9 124.1 124.6 125.1 124.3 126.8 128.7 130 124.7 115.6 115.1 115.8 116.2 121.5 137.8 152.5 167.8 178.3 190.2 203.6 218.5 228.1 232.3 238.1 242.6 244.4 247.9 251.3 259.7 267.8 273.6 280.2 285.2 289.2 292.6 298.5 301.3 298.8 292.3 283.3 274 264.8 261.9 260.8 260.9 260.3 260 260.2 260.5 260.9 260.8
71.5 67.9 65.5 67.3 62 57.3 59.2 69.6 66.8 66.4 63.6 61.3 60.8 60.6 61.6 68 72.7 73.6 73.9 78.1 82.1 88 92.8 100.2 111.3 117.1 123.3 128.9 132.5 131.6 130.8 132.6 131.9 128 124.5 120.7 115.6 114.1 114.3 115.4 121.5 136.9 151.1 162.3 172.9 183.4 192 203.1 213.8 223.2 228.1 233.6 238 241.8 245.1 251 258.3 264.4 270.2 277.1 282.9 289.4 291.9 295.3 296.6 294.9 289.9 281.2 271.1 261.8 260.4 260.4 260.5 260.2 259.7 259.8 260.5 260.9 260.7
73.9 72.1 67.9 65 60.2 58.3 58 67.8 67.3 66 69.2 62.9 60.7 60.7 62.9 62.8 71 75.6 78.8 80.6 85.6 91.6 95.2 101.4 113.2 119.4 124.2 131.1 135.5 137.9 137.7 137.3 136.4 132.9 131.1 125.3 113.2 113.4 113.9 114.4 130.7 148 161.2 171.7 179.5 186 192.7 199 206.9 215.2 222.8 227.6 232.2 237.6 241.3 247.8 254 260.5 266 273.9 281.7 288.3 289.9 288.8 287.8 285.6 284.1 278 270.7 265 262.8 260.1 260.1 260.1 259.5 259.3 259.4 259.7 259.3
