data/290000-750000.asc
ncols 200
nrows 200
xllcorner 290000
yllcorner 750000
cellsize 50
[rows 35 to 69 of 200, columns 0 to 78 of 200]
485.4 469.3 455.4 442 421 413.5 425.2 422 387.3 359.2 354.7 347.2 336.6 325 321 316.2 311 302.7 294.8 288.2 279.8 268.4 262.1 259.4 250.5 229.9 221.8 213.1 203.3 192.9 183.3 175.2 166.4 169.7 172.4 172.9 171.4 171.7 173.9 173 167.7 155.6 146.6 138.2 136.4 134.2 133 131.4 133.3 139 139.8 133.2 128.4 130.7 125.9 118.9 113.7 104.1 93 91 91 91 91 91.3 94.2 97.2 97.7 97.3 99.2 97.3 97.7 105.3 103.1 103.8 103.9 104.3 104.8 102.8 102.7
469.9 455.9 446.2 432.5 431.7 437.5 416.4 397.9 379.2 361.2 354.4 347.1 340 333 327.5 323.1 319.4 312 298.7 290.1 275.8 272.3 272.2 268.9 263.9 251.7 243.3 234.7 227.3 217.4 200.7 187.6 176.6 188.1 192.8 193.9 194.1 195.6 193.3 192.2 187.5 175.2 161 146.4 138.8 136.7 134 130.8 138.4 142.4 142.9 134.7 135.3 132.1 127.4 117.3 113.7 107 95.4 91 91 91 91 91 91 93.3 95.7 97.8 97.4 96.3 98.9 98.9 104.8 104.7 104.5 102 101.7 102.1 101.3
463.6 454.4 445.1 450.8 443.9 425.1 411.7 405.1 379.3 364.7 358.1 353 349.5 341.9 334.4 330.6 325.8 314.9 302.3 290.5 278.5 277.9 279.2 276.8 274.8 270.2 264.4 258.4 249.4 237.9 222.1 203.9 189.1 201.9 211.7 211.8 212.7 215.2 213.3 209.6 202.1 189.7 174.3 159.5 144.3 142.1 139.6 137.8 143.2 145.1 144.5 136.1 134.9 130.7 122.3 115.7 113.6 108.2 99.4 91 91 91 91 91 91 91 91 92.2 94.9 95.2 92.4 99 103.4 104.3 104.4 103.9 102.5 103 100.9
466.6 458.8 455.1 453.2 439.7 435.1 430.2 418.9 387.6 375.6 365.7 356.4 354.4 349 344.6 341.5 335.3 318.7 305.5 294.4 284.4 285 286.7 285.9 285.6 282.9 281.3 276.7 271.9 262.4 243.9 224.8 204.5 214.2 227.3 227.1 227.7 228.6 230.4 222.6 214.2 203.6 189.6 175.2 162.1 155.1 151.2 146.7 148.7 148 141.4 136.5 131.7 126.2 117.7 115.3 113.7 109.6 105.1 91 91 91 91 91 91 91 91 91 91 91 105 104.7 103.3 103 96.4 100.2 103.7 104.2 96.5
464.3 461.3 460.5 456.9 454.6 453.3 445.7 418.4 399.9 384.2 371 361.4 360.8 353.5 354.9 355.9 345.7 323.6 308.5 297.5 289.1 292.6 294.8 295.4 294.7 294.3 295 295.6 295.2 278.6 262.3 241.1 218.5 224.6 236.7 239.9 236.5 237.6 237.6 234.3 228.6 219.3 205.8 192.9 181 173.3 163.9 153.8 149.8 144.2 141 134 128.3 122.6 118.3 120.4 116 111.5 108.5 92.4 91 91 91 91 91 91 91 91 91 92.4 91.9 96 98.7 103.1 91.5 91.5 93.5 95.2 94.4
471.4 471.8 468.3 479.8 473.8 457.9 433 419.3 405.4 387.8 374.1 366.9 359.9 358.3 362.1 363.3 343.6 323.9 309.9 298.9 300.4 301.3 302.1 303.9 304.9 306.4 307.5 303.7 300.6 287.2 274.6 253.5 230.8 236.6 245.4 248.1 248.3 248.7 247 246.4 242.6 233.8 223.5 208.9 197.8 187.1 175.6 163.5 154.5 149.1 142.9 136.3 127.8 122.1 124 124.3 119.9 116.9 109.5 108.4 91 91 91 91 91 91 91 91 91 91.7 93.4 95.1 93.2 91.4 91.4 92.4 92.7 95.3 94.7
482.3 476.4 473.3 480.6 463.8 441.1 428 414.2 401.3 384.9 373.9 368.8 365.4 365.2 366.3 356.6 340.6 322 309.9 310.4 310.4 308.5 308.8 312.6 318.3 320.3 315.5 307.3 301.6 292.6 282.2 261.8 240.6 249.6 254.2 257.2 260.2 259.8 257.5 257.1 259.2 255.7 239 223.8 212.7 199.8 185.5 171.5 158.2 153.8 147.8 139.8 134.3 131.7 126.1 124.1 120.8 119.1 110.7 110.5 103 91 91 91 91 91 91 91 91 91.7 101.5 98 96.8 94.9 91.7 91.6 93.2 96.6 100.9
481.8 481.2 473.7 460.8 449.6 440.9 427.2 413.6 399.5 384.8 380.4 376.5 370.3 365.7 357.3 343.7 331.3 321.8 321.4 319.2 318.9 317.1 316.5 316.9 324.1 328 327.8 314.9 301.6 291.2 281.1 265.2 252.5 257.8 260.2 264.2 267.9 268.8 266.9 265.7 265.4 262.5 247 234.8 223 209.2 194.2 179.8 166.3 157 150.2 142.8 138.4 133 127.6 125.5 121.9 120.6 116.4 110.4 107.4 91 91 91 91 91 91 91 91 91 102.5 100.4 101.3 100.9 92.3 92.4 92.9 93.3 96.2
495.9 484.3 464.7 459.6 455.7 447.7 432.6 425.8 412.3 398.2 390.8 390.1 380.2 361.8 350.7 335.5 331.5 328 331 327 324.9 327.5 322.7 319.1 322.6 324.5 323.6 316.6 301.6 292.7 277.7 274.3 269.5 262 266.1 271.1 275.6 277.4 275.6 273.6 272.2 267.6 257.3 245.2 232.4 217.4 202.2 186 169.8 159.3 150.1 142.9 138.6 134.5 132.2 127 128.1 125.8 120.1 111.3 110.7 106.7 91 91 91 91 91 91 91 91 91 89.9 92.6 90.5 85.6 81.4 81.4 83.1 84.5
505.2 476.8 466.1 466.4 460.8 456.8 448.5 442.5 430.4 414.4 399.2 388.8 378 357.2 344.8 344.1 341 335.8 336.3 332.7 334.3 333.1 329.3 322.9 323 321 318 312.3 301.9 293.9 289.6 285.9 277.3 267.5 272.3 278.2 281.1 283.7 284.1 279.5 278.9 279.1 271.1 253.6 238.7 220.5 204.7 188 174.5 160.6 156.5 152.8 148.2 144.8 135.7 127 129.4 131.2 132.3 121.1 111.1 110.4 97.6 91 91 91 91 91 91 91 91 76.4 76.9 81.8 81.7 81.4 81.4 81.4 81.2
489.1 478.2 471.5 472.1 470.3 465.1 464 452 440 418.4 395.7 379.9 369.2 362.8 359.6 357.2 352.1 347.2 343 340.1 336 334.9 332.7 326.6 321.5 320.2 314.3 307 300.4 296.8 302 300.6 285.1 273.1 277.6 281.8 283.3 285.8 285.9 284.7 284.8 293.1 288 258.5 238.5 220.6 207.1 193.8 180.4 176.3 168.6 161 152.7 150.5 140 134.7 136.9 138.9 136.9 133.3 118 111.3 110 91 91 91 91 91 91 91 88.7 76.9 77.3 77.4 76.7 77.9 77.6 77 79.9
488.2 486 477.3 474.7 476.3 467.9 462 449.2 434.4 410.6 391.9 387 375.6 378 374.7 369.9 364.7 360.8 353.4 340.8 337.5 334.1 335 327.8 319.7 317.1 314.1 309.5 299.8 303.1 302.4 297.5 295.5 283.6 285.6 286.4 283.8 285.2 287.4 286.6 286.1 287.7 273.7 255 235.8 222.3 212.3 201.5 189 187.8 179.1 169.5 161.8 154 148.7 144.3 144.1 144.1 140.7 135.5 128.2 114.2 110.8 105.6 99.5 102.5 103.5 104.2 108 105.4 101.5 97.3 88.3 83.1 77.5 77.4 77.4 76.9 76.7
488.9 482.7 473.4 479.2 474 463 446.5 432.7 418 406.9 401 393.1 392.7 392.6 387.2 384 378.7 370.7 362.6 347.2 345.1 338.3 331.8 329.1 323.3 321.8 318.2 308.8 303.6 306.4 305.3 297 293.5 295 298.8 294.2 288.9 288.3 291.1 289.9 283.1 275.9 265.7 252.2 237.9 227.4 226.4 220.1 210.5 202.8 189.9 180.7 172.7 166.9 161.8 158.5 153.9 147.9 144.5 140.1 137.8 123.2 112.4 110.1 108.5 102.3 109.3 108 108.1 107.6 106.8 106.9 97.9 95.3 89 87.6 87.7 82.8 80.9
481.8 476.2 464.9 470.3 460.9 451.4 439.5 429.7 424.1 423.5 416.2 402.7 403.6 402.9 401.8 396.8 388.8 384.1 371.9 357.9 352.6 340.1 334.4 330.5 327.1 327.5 320.6 316 309.7 313.9 308.1 305.9 304.5 299.5 303.8 296.4 293.7 296.8 296.1 290.7 283.3 279.8 274.1 266.4 255.4 249.2 245.3 240.9 231.3 215.1 200.5 191.2 183.3 181.3 177.4 170 162.5 155.1 149.1 143.5 138.5 132.1 121.7 112 110.7 109.6 109 108.3 107.9 106.8 105.5 102.9 100.4 106.1 105.9 97.6 90.7 88 88.2
480.8 463 452.8 455.4 455 449.5 449.6 442 435.2 423.1 418.2 415.7 413.6 410.7 408.3 405 395.8 386.4 374.4 367.6 358 350.2 343.6 341.6 331 335.4 327.4 322.8 320 317.1 313.3 316.3 309.8 302.9 300.7 300.4 302.2 301.9 297.3 297.3 297.5 295.3 291.5 284 275.8 268 262.6 256.9 250.5 236.4 221.5 207 197 192.5 185.6 178.2 170.3 163.8 157.5 149.5 145.8 138.1 132.2 124.5 120.9 115.6 111.1 109.5 108.9 108.3 107.9 107.9 107.5 108.2 107 107.1 99.3 95.8 91.8
466.6 452 450.5 449.8 453.4 459.8 454.3 445.1 435.8 427.5 421.1 421.5 419 415.3 406.7 404.8 397.9 386.3 382 371.8 364.5 362 355.2 349.6 339 340.9 334 333.2 324.6 324.1 323.5 322.4 316.3 305.7 305.7 308 308.8 304.5 305.7 306 307.7 312 309.5 302.9 295.1 284.9 278.1 272.3 264.4 251.5 235.9 212.3 198.6 196 191.6 185 175.9 171.3 161.7 156.1 148 143.1 135.4 136.7 128.8 130.9 125.9 116.1 114.6 113.2 113.6 111.2 107.9 107 106.9 106.6 106.6 106.6 104.9
456.8 452.2 452.9 451.2 447.1 451.7 452.1 440 438.9 436.4 423.9 425.5 423.9 420.9 411.2 406.7 401 391.1 386.7 378.1 370.5 369.3 364.5 354.3 349.9 346.2 342.8 333.9 331.8 331 331 326 318.5 314.1 315.4 317.6 311.5 312.8 314 315.5 319.3 324.2 324.7 319.6 308.5 297.9 296.6 288.2 275.6 259.3 238.2 215.7 198 195.1 192.2 185.5 175.2 165.3 160.6 157.9 152 146.3 141.4 143.5 139.2 141.7 139.3 139.5 137.4 135.8 131.1 124.5 117.4 113.4 111.8 108.6 105.7 105.5 105.7
458.7 453.3 454.2 450.7 445.7 443.5 441.6 440.6 440.6 437.1 425 421.1 425.3 419.4 413 411 406.2 399.3 393.7 392.8 379 374 367.4 359.9 355.2 353.5 350.1 341.3 340.1 340 336.9 327.5 323.6 326.7 328.2 325.8 317.6 322.6 323.1 324.9 329.5 334.5 334.5 327.9 315.2 314.7 311.5 300.7 284.8 266.3 239.8 215.1 197.3 192.8 186.7 179.3 167.2 162.5 158.6 156.8 152.2 148 145.8 146.1 142.9 144.6 143.4 142.2 140.7 138.4 136.4 132.4 124.9 122 119.8 115.1 110.4 109.3 104.5
457.9 455.6 455.6 453.6 449.5 445.9 444 442.1 437.5 432.5 423.4 417.2 421 426.3 423.9 425.1 415.8 417 408.7 396.8 385.3 379 375.1 366.3 359.1 358.1 353.3 346.3 345.5 346.4 340.8 332.5 335 335.6 336.2 327.1 327.8 329.4 329.5 329.9 334.9 340 340.7 333.7 328.3 327.9 323.8 310 290.7 269.3 237.9 218.1 210.3 200.4 191.1 179.9 174.1 168 162.6 158.7 154.3 150.8 151 147.4 145.9 144.9 143 143 144.4 141.7 140.1 138.8 130.3 129 126.7 119.3 112.2 110.9 111
460.5 458.9 465 461 456.6 449.3 447.4 440.9 434.3 429.3 420.9 413.6 408.3 410.7 412.3 418.7 431.4 430.1 420.9 404.1 391.2 385.1 382.7 372.9 367.9 367.1 360.1 355.2 355 354.8 341 339.4 342.6 344.4 337.8 336 338.7 337.3 340.2 335.4 340.3 343 344.2 340.4 339.6 337.7 327 313.5 293 270.4 246.4 231.4 223.4 212.3 199.9 189.3 182.2 173 166.5 161.9 158.6 156.7 153.3 149.4 147.9 147.3 147.1 148.8 149.3 147 144.8 143.7 141.7 134.9 128.1 121.4 120 117.9 118.6
461.9 460.3 471.7 470.7 461.7 451.1 443.8 437.6 430.3 426.3 419.7 411.1 404.6 397.2 402.5 421.1 428.3 432.9 425.3 415.1 403.7 389.7 384 379.5 377.7 371.6 364.6 363.1 360.3 355.2 344.1 344.6 346.6 346.9 344.3 347.1 344.7 342.7 343.2 341.4 341 345.7 345 341.8 343.7 341.4 326.2 306.8 289.7 269.2 250.8 241.6 234.3 222.8 209.8 199.4 191.5 182.4 173.4 166.8 164 162.1 159.1 152.7 151.1 150.4 152 153.9 154.5 153.7 151.7 149.1 145.6 138.4 133.7 128.5 127.7 124.3 121.4
461.7 460.9 462.8 467.5 462 447.1 438.7 434.6 430.2 423.1 415.9 411.3 404.9 389.5 394.5 408.1 430.8 436 436.3 423.2 411.2 395.8 391 382.6 379.4 376.6 370.3 369.4 360.9 351.3 350.4 349.1 350.1 350.3 352.4 352.3 348.7 350.8 346.1 346.8 349.8 347.4 340.8 343.7 348.8 343.6 321.1 300.7 284 268.8 252.8 244.9 237.5 230.1 218.7 207.2 198.8 190.7 176.6 175.3 168.2 163.7 159.9 155.5 155 155.3 157.4 158.9 160.7 158.5 155.3 152 145.4 140.7 137 133.5 130 128.6 124.1
464.8 460.5 465.3 467.9 458.6 447 442.8 445.1 436.1 423.7 416.5 410.6 402.1 390.6 386.7 391.1 410.2 428.1 442.7 428.8 414.4 403.4 390.7 389.3 385.4 381.5 372.5 371.3 359.5 357 363.3 355.9 354.9 356.7 360.4 359.8 355.4 350.6 351.9 350.3 351.3 349.2 348.4 339 342.2 342.2 318.7 298.4 282.2 268.3 255.7 246.9 240.2 234.9 227.2 214.1 206.2 194.3 188.9 187.3 176.1 168.3 162.6 158.5 158.7 161 162.8 164.1 164.3 160.9 158.4 155.3 147.9 142.6 140.5 136.3 130.9 129.7 125.7
468.1 458.7 460.6 459.7 463.8 459.6 457.1 457 443.9 428.3 414.3 405 398 389.7 380.8 384.1 393.8 410.1 426.6 435.8 418.2 405.5 396.7 394.6 392.2 385.8 368.7 367.4 364 369.1 372.4 363.6 367 370.7 368.3 366.6 361.5 357.4 355 354.7 355.4 355.9 360.3 354.7 337.3 329.2 314.9 298.8 283.8 270.7 259.3 249.1 242 233.6 226.3 214.1 213.5 209.1 204 196.8 183.4 173.9 169 162.3 161.2 165.6 167.6 165.9 165.6 163.9 161.1 156.3 150 146.2 146.6 141.3 135.4 132.3 129.7
469.1 456.1 456.9 464.5 474 464.4 452.1 463.1 445.8 428.7 415.7 402.6 390.9 381.8 369.4 374.8 380.7 394.8 404.4 415.6 425.2 411.1 401 385.5 383.6 371.3 364.3 365.1 372.7 380.5 370.5 369 376.9 377.9 376.6 372.8 368.3 364.7 361.6 359.8 360.5 364.6 366.2 362.3 354 325.3 314 298.3 286.5 275.4 266.3 254.9 243.5 235.5 224.5 220.6 216.3 212.2 205.2 197.7 189.2 184.5 179.6 170.3 166.9 168.4 166.5 168.6 169.8 168.2 162.3 156 152.4 151.3 149.3 142.4 138.3 136.1 134
467.9 450.6 461.2 470.8 468.5 459.9 445.5 444.1 445.1 424.9 408.8 396.4 383.6 373.7 364.2 365.6 371.1 382.2 388.2 397.1 404.6 398.6 390 375.2 364.3 362.5 362.5 367.7 383.8 378.3 370.7 374.6 383.7 384.4 385.3 378.5 374.9 371.5 368.3 369 370 367.6 366.2 366.5 365.9 337.9 316 303.8 292.4 283.1 273.6 263.7 253.1 243.5 234.4 229.6 224.2 220 215.2 208.9 203.5 197.7 189.7 180.6 174 171.7 171.3 173 174.2 171.1 165.1 159.4 156.3 156.1 153.1 146.3 142.9 140.8 137.7
442.3 438.2 454.4 472.1 467.6 454.7 439.5 426.9 417.2 414.5 401.9 388.7 377.9 368 360.4 357.5 361.2 368 378.3 386.2 385.7 380.5 373.1 365.2 362.4 362 361.1 362.4 370.3 370.5 371.2 380.6 384.1 388 384.3 382 381.8 377.2 374.3 376 381.7 379.7 375.1 367.2 356.9 337.1 325 313.9 299.4 291.5 281.5 271.9 263.7 254.8 244.7 240.3 235.6 230.5 226.9 221.2 214.3 204.9 197.4 188.7 182.7 179.3 177.8 176.6 175.5 172.3 168.7 164.5 161.1 159.1 155.9 151.5 148.2 142.6 137
431.3 428 444.1 453 454.8 446 431.4 418.4 407.5 399.8 392.3 382 373.8 367.2 363.9 355.6 360.5 368.1 373.1 374.5 370.5 364.4 361.9 362.4 361.8 360.5 358.3 360.5 364.7 367.9 372.5 384.4 387.6 391 387.2 383.7 381.3 380.1 379.8 383.6 384.7 388.4 383.4 366.8 347.8 345.5 336.9 326.1 313.2 301.3 290.2 281.6 273.2 264.2 255.9 252 248.3 243.3 238.7 233.9 224.7 216.4 210.4 199.6 190.4 185.6 181.9 178.4 177 172.9 170.5 167.1 167.1 165.2 160.6 153.6 146.1 140.6 136.5
413.9 416.5 433.6 445.8 446.2 438.8 424.7 410.7 399.3 389.2 381 374.9 370.2 366.8 362.8 351.8 356.8 360.7 363.3 363.5 360.3 358.1 360.7 362.2 361.5 354.8 357.5 364.4 366.9 369 375.8 377.2 386.2 389.3 384.5 388.7 384.4 381.7 384.9 387 391.5 391.5 383.6 361.7 354.9 356.9 348 339.4 326.7 313.9 302.2 291.5 285.1 276.6 269.9 264.5 260.2 255.6 252.4 248.1 238.5 228.4 219 210 201 193.9 187.8 181.2 181.8 178.6 174.4 170.7 171.4 168.1 160.2 153.1 149.6 148.5 142.9
399.7 402.9 423.9 435.9 438.8 431.2 417.1 402.5 390.1 380.2 371.1 365.2 360.4 354.2 352.1 349 351.2 355 355.2 354.8 356.1 359.9 361.5 358.4 351.9 351 356.8 362.5 365.1 371.5 377 381 381 383.8 385.3 383.5 378.5 378 378.4 393.2 397.4 386.7 371.5 367.4 363.2 359.6 361 355.6 337.9 325.9 314.2 301.2 296.4 289.6 283.2 279 274.7 267.5 264.6 262.3 253.9 242.5 231.9 221.4 211.9 203.4 196.2 189.4 182.9 178.4 174.8 173.6 175 165.8 160.5 156.2 154.3 149.8 142.9
392.4 390.2 405.1 417.2 420.3 415.5 403.3 390.2 382 371.8 362.8 356.1 349.2 346.9 343.3 345.2 348.1 350.1 352.4 356.4 357.9 356.3 352.3 346 346.4 351.8 357.1 357.2 357.7 368.1 370.2 375.7 379.2 382.7 380 379 376.7 376.7 377.5 379 381.9 376.8 370.5 369.4 371.3 373.1 375.3 369.2 349 337.2 324.2 310.3 305.3 299.7 294.5 292.8 289 280 276.6 273.3 267 254.2 245.8 234.9 223.7 212.8 205 197.8 189.4 182.9 176.3 175 172.7 170.4 163.9 161.4 154.4 147.5 150.7
383.8 377.8 386.5 400.6 405.1 400.1 387.5 385.4 379.3 372.3 360.5 348.1 341.7 340.4 343 346.4 346.6 352 355.8 356.2 352.2 347 341.6 344.2 351.2 357.1 355.1 355.2 358.8 366.6 369.1 370.2 369.2 369.5 370.2 374.8 374.8 374.7 375.3 374.8 375.5 375.2 373.4 372.7 376 379.5 384 377 360.5 347.1 330.9 313.5 310 306.3 304.6 301.6 298.3 289.8 287.2 283.8 278.3 267.3 259.4 248 235.1 223.6 212.1 203.6 195.2 190.4 184.8 180.9 177.9 175.8 170.1 164.3 155.8 155.3 156.3
377.2 367.2 375.2 385.5 391.8 386.6 375.1 373.6 376 370.2 362.9 349.8 340.2 338.6 340.5 341.5 341.5 342 345.3 348.7 346.3 340.9 341 345.2 355.3 357.9 354.5 353.4 361.4 369.3 367 367.7 365.9 366 369 374.3 372.5 373.6 373.8 376 375.7 376.3 376.9 377.2 381.8 388 389.9 382.5 367.9 349 326 316.1 314.7 314.5 313.5 310.2 305.9 301.3 299.4 297.1 293.8 285.1 270.9 258.4 246.3 234.7 221.7 209.8 203.4 200 193.5 187.2 182 175.5 169.6 165.5 160.6 160 161.2
372.3 359 358.2 360.4 369.1 372.7 367.2 363.4 364.6 365.6 362.2 354.2 341.2 338.2 338 337.7 337.2 338.9 339 337.9 337.2 335.7 339.5 343 352.4 352 349.6 355.7 360.1 366.2 366.9 365.6 365 365.4 367.1 371.3 372.9 373.4 375.4 377.4 376.1 376.8 379.2 380.6 387 393.7 393.2 386.2 369.5 347.2 328.6 328 326.1 327.2 323.6 317.4 313.9 312.3 313.4 312.6 310.9 301.3 284.8 269.4 257 245.3 231.2 218.5 214.5 209.6 201.5 194.2 187.4 181.6 175.2 170.1 165.4 162.7 159.4
363.8 355.1 350.4 347.8 354.1 356.6 358.6 356.9 354.1 354.7 357.3 349.3 343.7 339.3 338.3 337.7 337.4 336.4 336.3 333.1 332.3 335.5 339.4 340.5 344.4 345.4 351.4 356.1 361.6 365.4 369.4 364.8 364.4 364.9 366 371.1 373.8 374.5 377 379.3 378.4 379.7 382.1 385.1 394.7 395.2 398.3 392.2 367 343.1 340.9 340.9 339.2 337.8 332.6 324.1 320.2 320.6 322.5 325.5 325.4 312.5 296.5 280.9 267.3 254.1 238.3 226.7 223.2 218.1 209 201.3 196 190.8 183 175.7 170.9 167.8 162.4
