data/290000-800000.asc
ncols 200
nrows 200
xllcorner 290000
yllcorner 800000
cellsize 50
[rows 140 to 174 of 200, columns 78 to 155 of 200]
647.7 651.6 655.2 657.8 660.1 662.8 667.2 671.4 675.7 680.3 683.9 687.9 691.9 694.4 696.8 700.2 703.7 708.7 715 717.5 720.6 723.6 726.2 727.7 732 734.7 737.1 741.1 745.1 753.4 763.5 770.6 788 806.7 823.4 837.8 847.8 856.1 860.6 861.9 859.3 842.3 815.2 788.8 776.6 755.6 730.7 704.8 695.3 694.4 676.1 689.2 706.3 727.9 754.6 784.3 817.4 860.6 898.3 948.3 995.7 1001 997.9 994.5 991.1 989.6 994.3 1004 1016.4 1026.6 1038.5 1054.1 1063.1 1068.9 1069 1062.6 1050.9 1034
648.7 652.6 656.1 658.9 661.4 664.3 668.7 672.8 677 681.3 684.6 687.9 691.5 694 696.5 699.5 703.6 709.5 716.2 719.7 723.3 726.2 728.3 727.4 731.9 735.9 739.5 743.1 749.6 760.7 771.7 782.8 799.6 819.4 835.6 850.8 864.7 874.3 879.7 882.7 881.8 873 844.9 815.9 793.7 772.2 750.6 722.3 702.8 701.6 691.6 677.7 702.6 721.6 749.4 780.8 814.2 853.2 889.9 946.7 1003.6 1003.9 1001.1 997.9 995.1 995.5 1002.6 1009.4 1022.4 1033.1 1048.5 1059 1067.1 1072.7 1071.7 1065.6 1054.7 1041.9
649.2 652.3 655.3 659.8 662.7 665.9 670.1 674.3 678.6 682.5 685.8 689.1 692.2 694 697.5 701.2 707.5 715.4 720.5 724.3 727.7 731.3 732.7 733.7 733.1 733.7 739.2 746.2 753.7 766 776.5 791.9 810.2 828.8 847.1 863 878.1 889.1 898.3 901.3 900.9 897.5 874.3 850.3 805 779.3 767.3 739.6 711.8 703.2 703.6 681.2 698.4 717.4 743.1 774.9 809 843.5 885.6 929.7 1002.5 1006.7 1003.9 1001.3 1001 1003.1 1007.7 1018.7 1028.2 1040.8 1053.9 1063.3 1069.2 1074 1074.6 1067.9 1060 1047.9
643.5 647.3 650.9 657.2 662.9 667.4 671.8 676.2 680.6 684.3 687.4 690.8 694.3 696.4 700.7 709.8 718.1 724.7 728.5 730 733.8 736.3 737 738.1 739 741.3 740.8 746.3 755.1 767.1 780.9 798.5 816.4 835.5 853.1 870.8 886.6 902 912.5 917.8 919 916.2 902.2 856.6 816 791.6 771.8 752.6 724.5 710.6 710 696.1 688.7 710.2 734.9 765.4 798.3 829.6 874.2 927.2 983.3 1008.9 1006.6 1003.8 1003.6 1005.9 1012.3 1022.5 1034.1 1047.5 1057.7 1065.2 1070.8 1073.7 1074.1 1069.5 1061.9 1052.3
637.9 642.2 648.2 654.6 661.3 667.9 672.9 678.1 682.6 686.2 689.1 692.8 696.2 699.9 712.5 720.8 729.2 733.9 736.3 739 742 742.1 742.3 742.8 744.5 747 747.9 751.4 755.7 764.7 780.3 797.7 815.5 833.8 851.2 870.2 889.1 907.3 923.4 932.6 935.2 933.2 903.5 874.3 839.1 804 780.3 761.2 738.5 720.3 712.3 705.7 705.3 697.1 721.5 751.1 782.5 814.8 848.8 904.5 937.1 992 1004.6 1004.8 1004.7 1007.1 1014.4 1025.2 1037.7 1051.8 1060.4 1065.6 1070.6 1073.5 1073 1069 1062.9 1056.7
633.4 639.4 645.4 653 660.4 667.4 672.9 678.9 684.7 689.6 693 696.5 701.8 714.1 723.4 731.9 738.1 745.8 748.3 747.9 748.7 750.2 746.9 748.2 749.8 749.6 752.4 757.7 764.1 769.4 774.2 788.1 802.7 819.4 838.5 858.6 880.3 901.6 924 942.5 948.1 949 942.7 918.4 871.2 834.4 801.3 774.8 751 734 722.3 722.4 712.3 715 709.3 736.9 766.6 799.2 832 862 914.8 953.4 987.5 1001.4 1003 1006.3 1015.4 1027.6 1041.2 1054.1 1062.6 1067.6 1071.8 1073.3 1071 1067.3 1063.4 1058
630.1 636.1 642.1 649.9 659.3 666.5 672.9 679.5 686 692.3 697.8 706.5 718 726.1 734.7 745.1 752.2 756.7 759.3 758.6 757.4 756.5 753.6 752.8 755.4 752.8 758.7 765 773.1 780.4 784.5 785.7 791.4 802.7 820.7 842.6 865.5 890.1 914.2 935.5 949.9 959.9 961.1 947.6 912.8 869.4 826.4 794.2 772.8 753.6 740.1 732.2 728.7 720.3 714.9 722.9 754.7 785.2 815.7 846.7 892.1 931.3 967.2 992.3 998.7 1002.3 1013.2 1029.3 1044.6 1056 1064.7 1070.3 1075.3 1076.4 1072.3 1065.6 1063 1059.1
626.7 632.8 639.2 646.5 655.7 665.4 673.1 681.8 689.1 696.7 704.6 716.4 724.4 734.9 743.2 754.4 762.4 767.2 767.4 765.1 762.7 760.3 758.4 758.4 759.1 755.7 763.9 772.2 777.8 789.4 794.1 796.9 799.7 803.1 807.1 826.6 851.2 876.2 901.4 925.7 944 958.4 967.1 972.1 947.2 924.8 862.1 818 790.2 771.2 754.3 741.9 735.6 731.8 719.6 720.6 743.6 772.8 800.5 829.4 862.7 910.2 946.4 976.4 983.7 995.6 1010.7 1029.4 1045.2 1057.6 1067.1 1073.2 1078 1077.8 1073.2 1066.6 1063.1 1061.3
622.4 629.4 636.3 643.6 651.5 661.3 671.1 681.5 692.5 701.3 712.1 726.6 735.9 745.2 753.5 760 770.7 774.1 773.3 771.7 770.1 766.5 763.4 763.5 758.7 762.8 769.7 779 788.6 796.3 801.4 806 807.5 808.5 812 814.7 838.3 862.5 890.3 915.5 936.6 952.4 966.6 975.8 976.4 954.9 910.6 862 818.6 789.4 763.9 748.1 735.4 734.4 725.7 721.7 733.7 759.8 786.1 813.3 844.6 878.2 921.2 956.8 960 984.5 1008.7 1030.1 1045.8 1059 1068.7 1075.7 1079.8 1078.6 1073.5 1067.7 1064 1064.4
616.9 624.9 633.7 641.2 648.5 656 667.5 680 691.4 703.9 718.2 733.5 745.2 753.4 759.8 768.7 777.1 778.7 778.9 774.3 773 769.8 767.3 761.6 765.4 768.5 774.3 783 793.4 804.3 810.8 814.7 816.3 816.6 819.2 819.3 827.8 853.9 879 904.3 927.5 946 961.8 975.2 985.2 972.6 935.3 886.2 850.1 810.3 784.6 761.4 745.5 734.3 733.7 720.7 730.9 748.5 768.8 795.9 827.1 857.4 895.6 929.2 945.6 976.5 1005.1 1031.6 1047.6 1060 1070 1076.8 1080.1 1078.8 1073.9 1069.1 1066.1 1067.3
609.5 618.6 628.3 638.7 646.1 652.5 661.2 674.6 687.2 703.6 721.2 736.9 749 761 763.4 770.1 774.2 776 775.7 775 772.6 767.8 771.7 771.6 770.3 773 780.4 789.7 800.6 813.5 821.1 824.9 825.6 828.6 828.5 828.3 825.8 846.5 871.6 895.1 918.7 940.3 956.6 971.5 985.4 992 952.8 929.5 880.9 832.6 806.4 781.1 755.3 741.3 738.4 725.3 731.6 749.1 757.2 781 808 836.5 867 895.1 923.5 956.8 986.6 1020.9 1048.1 1061.4 1071.8 1079 1081.6 1079.8 1075.5 1071.3 1068.7 1070.3
617.6 616.4 622.8 632.5 641.6 649.8 658.5 669.3 681.3 698.1 715.9 732.3 745.7 757.5 767.7 775.2 772.8 774.3 776.3 775.9 774.4 772.4 779.9 775.2 775.4 780.7 787.1 799.7 810.4 821.5 830 835.9 837.4 838.7 838.5 838.3 837.1 839.7 865.7 888.5 911.6 933 951.2 965.5 981.8 993 1000.9 964 903.4 855.1 826.2 799.8 774.1 755.2 748.1 736 725.9 745.9 758.8 768.6 788.8 815.1 839.3 871.4 900.8 932.6 965.1 1001.1 1034.3 1059.8 1073.7 1080.2 1082.5 1079.9 1077.4 1074.5 1072.4 1077.4
623 627.6 631.1 631.6 635.2 645.4 654.7 666 677.2 690.7 703.8 719 731.3 744.9 758.5 767.6 776 781.1 780.6 778.8 775.4 775.8 776.5 782.4 785.3 790.6 800.2 809.8 822.7 835.1 843.3 848.5 850.1 849.5 849 850 849.2 844.1 864 886 908 927.1 946.3 962.9 979.1 992.2 1002 968.1 918.7 873.5 840.3 815.7 790.7 767.9 749.6 744.9 728.3 731.8 749.6 763.6 782.6 800.9 825.5 853.4 880.3 909.5 943.8 979.3 1010.6 1042.8 1073.5 1080.9 1082.5 1081.6 1079.3 1077.9 1079.9 1087.9
628.2 633.4 637.7 642 643.8 642.6 649.7 662 672.4 684.5 696.5 705.9 716.4 729.5 742.8 752.7 765.7 776 785.2 782.3 776.8 781.5 781.5 788 794.2 800.6 809 823.5 835.4 845.7 854.2 859.5 862.5 863.8 862.5 860.7 860.9 859 862.4 885.9 905.8 925.2 943.8 961.2 977.8 991.5 1003.3 985.8 941.2 901.5 857.8 833 807.7 781.8 756.5 749.5 742.9 729.3 737.6 759.5 772.3 788.2 810.9 835.2 861.9 891 919.9 953.9 995.2 1028.8 1063.8 1079.7 1081.5 1081.9 1081.8 1082.1 1086.7 1095.3
633.3 638.8 644.3 650.5 652.2 653.5 656 657.8 666.8 677.3 690 697.3 707.4 718.8 730.1 741.2 751.1 766.9 777.4 784.2 793.8 791.1 789.2 797.9 804.2 811.6 822.4 835.7 847.8 858.7 866.3 870.9 873.2 875.2 875.2 875.3 874.4 872.1 868.2 887.7 907.1 924.4 943.6 960.2 977.6 993.1 1005 1004 961.5 923.9 885.4 851.9 825.5 801.6 777.8 764 755 739.2 737.7 754 767.4 777.1 795.5 817.5 843.9 872.7 903.6 935.3 973.5 1018.7 1051.5 1077.7 1080.9 1082.5 1083.2 1085.4 1091.1 1101.9
641 645.2 649.7 656.4 661.5 662 662.9 667.8 670.9 671 681.2 689.6 699.9 710.5 720.3 732.1 743.6 754.9 768.4 781.8 791.8 799.7 804.1 807.6 810.3 823.5 832.9 848.1 860 870.6 878.3 882.3 884.2 886.4 886.7 886.8 886.7 886.1 887 890.5 910.1 929.6 946.2 962.8 981 996.2 1008.6 1014 978.4 948.1 917.9 881.5 848.1 822.5 800.1 782.2 763.4 750.6 741.1 744.2 763 772.8 783.6 804.3 829.7 857.6 888 921.4 958 990.5 1027.6 1069 1079 1082.1 1084.5 1088 1092.6 1108
647.4 650.7 655 662.4 669.3 670.5 672.8 675.7 678.6 681.3 684 686.3 693.9 701.6 710.3 720.6 733.1 744.5 758.3 771.2 785.3 797 806.1 815.6 823.6 831.8 845.7 859.8 873.2 884.1 891.6 896.1 898 899.4 900 900.1 901.4 903.6 903.9 899.2 917.5 934.3 949.4 969.5 987.4 1002.6 1015.9 1025.9 1015.1 986.8 951.4 913.5 872.5 845.7 821.5 798 778.7 765.3 753.2 749.5 752 766.4 776.4 792.3 816.1 842.6 874.9 906.7 939.7 980.1 1016.2 1056.6 1079.8 1082.4 1085.3 1091 1100.6 1113.4
656.3 656.7 659.2 667.4 674.9 677.8 682.2 684.9 686.2 688.8 691.3 695.7 698.2 699.3 704.9 712 722.6 734.4 747.7 760.4 775 789 804 817.9 830.1 842.3 855.4 871.6 886 897.6 904.4 909.8 911.1 911.5 912.5 915.7 919 921.8 923.2 923.4 924.7 944.3 962.3 977.2 993.3 1008.4 1023.4 1035.6 1042.3 1010.3 970.2 939.6 899.9 867.7 844.5 821.2 799.9 780.4 768.1 761.4 759.4 757.6 764.9 782.4 806.4 833.2 861.8 894.8 928.7 964.1 1001.1 1041.7 1076.4 1082.8 1086.6 1093 1104.5 1118.7
660.5 660.1 663.1 671.2 678.6 685 689.7 693.4 694.5 696.5 699.5 702.3 704.9 705.5 707.3 711.8 717.9 726.9 739.7 751.4 765.6 779.2 795.6 814 831.9 848.5 864.4 881.5 895.6 910 918.9 922.9 924.1 926.1 924.9 932.7 937.2 940.3 942.7 942 947.7 951.3 969.3 983.4 999.2 1017.9 1033.3 1045 1053.2 1033 997.3 962.8 932.4 896.6 869.2 846 822.3 802.4 786.6 774.6 769.5 764.9 765.7 779.5 797.2 820.9 851.2 883.4 916.1 951.1 989.2 1033.5 1068.8 1081.4 1087.6 1097 1108.6 1122.7
659.8 662.3 666.3 673.5 681.1 690 698 703.2 706.8 710.2 711.2 712.1 715.7 713 711.3 715.2 721.2 726.4 734 745.2 758.5 774 787.1 804.4 825.1 848 870.1 888.3 904.8 918.6 929.9 934.8 936.7 937 939.7 945.7 952.1 956.4 960.5 963.2 967.8 975 981.2 996.2 1012.9 1026.4 1041 1054.6 1066.6 1057.3 1019.5 988.3 961.7 928.7 895.3 870.9 845.8 824.8 806 791 782.7 773.4 770.9 772.3 783.4 810.2 840 871 903.9 939.5 974.8 1017.7 1058.1 1078.7 1088.7 1097.5 1112.7 1126.6
659.1 663.1 669.1 675.5 683.8 694.9 705.5 714.7 723.7 727.8 730.2 728.3 727.2 725 721.1 719.3 723.4 729.5 735.2 742.1 753.8 770.4 784.3 795 815.9 841.3 870.5 892.7 911.8 927.2 940.8 942.4 944.5 946.5 950 957.9 966.9 972.1 977.9 981.1 986.1 992.5 999 1008.1 1021.8 1036.4 1052.6 1067.2 1076.2 1077.5 1045.6 1022.1 990.7 957.7 927.2 894.5 869.3 848.1 828.4 809.4 802 780.8 776.6 774.8 780.6 802.4 830.4 860.8 894 930 965 1001.1 1040.1 1070.8 1090.4 1101.6 1113.1 1130.6
659.4 663.6 672.1 680.9 693.5 705.7 720.4 727.9 735.3 746.9 750.9 748.9 746.5 739.5 736 733.9 731.7 735.8 740.9 744.9 751.2 766 779.1 789.5 811 834.2 862.2 890.1 912.9 929.5 941.5 946.1 948.7 952.5 958.8 969.3 978.8 987.7 993.6 999.2 1002.9 1009.1 1016.7 1023.5 1031.2 1045.6 1061 1075.4 1086.2 1094.2 1086.9 1055.9 1024.6 992.9 961.5 922.1 893.4 872.2 851.7 830.8 813.7 791.5 782.2 781.7 778 798.4 822.6 852.3 885.2 918.4 954.5 991.1 1027.3 1060.5 1091.8 1098.2 1120.8 1136.7
660.4 665.4 676.1 689.9 706.4 726.5 739.7 746.3 751.1 758.5 767 767.9 766.2 761 754.9 752.1 748.5 745.3 746.3 750.7 753.3 761.1 773.1 785.9 807.9 828.9 851.1 877.8 905.5 924.9 938.5 945.3 951.2 957.4 966.9 980 990 999.5 1008.9 1015.9 1022 1028.4 1033.7 1038.5 1045.4 1057.2 1072.9 1085.1 1097.7 1105 1107.5 1080.4 1046.4 1016 982.9 948.2 917.8 894.3 873.9 850.2 826 805.4 793.3 787.4 784.1 797.3 820.8 846.5 878.3 910.4 943 977.7 1015.2 1051.9 1087.1 1098.7 1123.1 1139.4
662.4 671.9 684.1 700.1 720.6 740 756.4 763.7 765.6 768.3 774.2 779.6 781.1 779.2 776.3 771.7 767.7 761.2 756.7 757.4 757.7 760.5 769.4 783.9 805.2 824.5 841.5 862.4 889.4 913.5 929.9 940.7 950.1 961 973.9 987.8 1000.6 1012.1 1023.3 1031.7 1038.4 1044.6 1049.9 1056 1059.1 1070 1082.7 1095.3 1107.1 1115 1118 1098.3 1064.1 1033.5 1000.1 972.6 942.3 911.1 890.3 864.7 839.2 823.7 805.2 797.2 789 800.1 826.2 847.1 871.1 901.7 933.4 967.6 1005.1 1042.5 1075.5 1099.3 1123.2 1141.6
667.6 678.9 689.5 707.6 728.5 749.8 769.7 779.9 782.4 779.7 781 785.6 788.7 792.6 793.4 789 782.8 776.3 772.9 769.2 765.9 766.1 771.3 784.1 803.4 821.1 837.6 851.6 872.2 894.5 913.9 930.6 946.8 961.2 977.4 993.9 1008.4 1022.4 1034.9 1045.6 1053.7 1059.9 1065.1 1071.7 1077.9 1084.8 1094.6 1105.4 1116.9 1124.6 1127.6 1117.7 1084 1051.6 1023.1 995.4 960.9 925.9 897.8 879.1 856.7 839.2 819.6 805 795.3 801.6 824.7 840.8 861.9 891.3 923.1 955.8 990.1 1026.5 1065.3 1100.2 1123.3 1143.1
676.1 688 700 717.2 736.1 755.3 777.1 791.3 795.2 792.8 789.9 792.2 795.8 800.1 802.3 801.3 797.4 792.2 786.9 779.8 775.2 772.4 775 786 799.8 817.4 833.7 845.9 857.8 876.3 894.3 913.5 936.4 958 977.3 995.6 1013.4 1029.1 1042.9 1055.6 1064.8 1074 1080.6 1086.3 1091.8 1098.9 1107.5 1116.7 1126.2 1132.9 1136 1134 1102.5 1067.4 1039.7 1009.4 974 938.9 911.2 891.6 871 851.2 829 811.2 798.5 796.4 819.8 838.6 855.4 882.1 912.5 945.9 980.3 1018.4 1056.6 1094.7 1122.1 1143.7
687.3 699.2 711.1 726.9 745.3 761.9 778 794.3 799.7 801.5 799.9 799.9 800.6 804.1 805.8 810.1 809.6 805.2 799.7 793.7 786 780.5 781.4 785.7 797 813.2 828.7 841.7 851.9 863.2 874.5 892 914.9 938 963.3 990.5 1013.8 1034 1048.7 1061.2 1074.1 1085.5 1094.1 1100.7 1107.5 1113.3 1120.8 1127.8 1133.8 1139.9 1142.9 1140 1113.5 1074.2 1040.9 1011.2 979.8 948.1 924 903.5 883.8 862.4 840.4 816.2 805.4 801.3 809.2 830.7 848.8 873.7 904.3 936.4 969.4 1004.3 1040.3 1074.8 1115.1 1143.1
697.5 711 722.7 740 755.3 769.8 784 797.9 806.6 809.5 807.6 807.5 807.5 808.9 809 815.2 818.1 816 812.3 805.9 798.5 791.3 793.4 792.4 794.9 806.9 820.5 834.9 846.1 855.3 866.4 877.3 896.6 919.1 942.9 971.1 1000.4 1027.9 1050.1 1066.6 1080.3 1093.8 1104.7 1113.9 1119.7 1124.8 1132.8 1137.7 1141.7 1145.5 1147.7 1145.6 1110.4 1073.2 1040.3 1013 985 958.1 934.1 914 897.7 876.9 853.7 827.3 811 806.7 810.7 827.1 844 864.8 895 926.8 956.8 989.2 1020.6 1060.6 1109.1 1141.7
709 721 734.6 751.6 767.3 778.9 791.7 803.4 813.6 818.2 817.6 815.7 814 812.7 811.7 817.4 824.4 825 823.5 817 810.1 806.9 807.5 804.5 803.3 804.8 815.9 828.4 838.5 849.5 860.7 871.1 883.9 902.2 924.1 950 978.8 1011.4 1042.9 1065.6 1082.1 1098.9 1112.4 1122.7 1130.4 1136.5 1143.4 1146.5 1149 1151 1151 1148.1 1122.4 1081.8 1043.4 1019.6 996.2 970.3 945.2 923.3 909.8 889.7 865.9 840.8 818.5 813.2 813.3 823.5 844.4 866.4 890.7 916.9 942.2 973.5 1011.1 1060.5 1102.2 1139.3
720.5 732.5 747.2 765.3 778 788.5 803.6 817.6 829.2 830.4 829.4 827.5 819.9 815.8 814.6 819.4 827.4 831.1 833.8 830 817 817.9 819.9 816.9 814.6 815.4 820.7 824.1 837.2 848.8 859.8 871 882.3 893.6 910.5 931.9 962.4 994.7 1026.9 1059.6 1081.5 1099.8 1116.8 1128.6 1138.3 1145.5 1150.7 1152.7 1154.9 1154.9 1153.4 1151.4 1137 1095.3 1056.7 1033.3 1012.9 992.6 973.4 940.2 921 901.5 879.2 854.7 828.1 815.5 817.4 827.7 844.5 862.6 884.3 905.9 931.6 963.9 999.2 1037.6 1086.1 1132.4
733.9 747.4 762.2 778.2 791.7 806.8 817.8 832.5 840.1 843.4 840.3 837.8 827.9 821.7 820.3 824.3 830.1 837.4 842.6 840 829.6 827.5 828.3 828 825.8 827.3 831.4 834.1 838.6 847.5 859.5 870.8 880.6 889.2 900 919.6 946.7 977.2 1008.8 1043.2 1076.2 1095.8 1116.1 1131.7 1146.1 1154.4 1157.8 1160 1160.4 1158.4 1156.5 1155 1149.4 1117.2 1075.8 1053.4 1034.3 1018.3 1008.6 975.3 937.5 916.3 893.8 869.7 842.3 824.4 821.6 827.1 836 852.6 875.6 896.7 923.5 955.1 988.6 1024.6 1078.3 1117.4
751.4 762.4 778.3 795 810.3 821.5 833.3 845 848.8 850.9 849.9 847.5 838.4 831.5 830.8 830.6 834.1 843.4 850.7 846.3 843.1 836.3 832.3 833.6 837.1 838.1 843 843.6 846.3 852.3 859.1 872.4 878.5 886.1 893.6 909 932.4 961.1 994.2 1029.3 1060.8 1088.8 1111.1 1129.9 1148.7 1157.5 1162.3 1165.2 1164.8 1162.8 1160.7 1158.3 1151.8 1143.6 1109.5 1077.8 1059.9 1042.9 1026.8 1016 975.6 934 910.9 885.7 852.8 833.8 828.9 830.8 829.2 846.4 869.2 891 916.5 945.6 977.5 1012.9 1062.7 1106.4
769.2 779.8 793.3 812 829 843.7 854.3 860.6 860.6 860 858.6 852.9 849.8 842.8 840.9 841.1 845.7 851.7 858.1 857.2 853.6 842.7 835.1 836.8 841.9 847.8 851.2 852.9 858 864.2 863.8 875.2 882.6 886.2 894.3 902.7 918.3 943.8 976.3 1006.3 1042 1075.6 1103.6 1125.2 1143.5 1155.6 1164.8 1168.9 1169 1167.1 1165.2 1160.8 1153.8 1148.4 1141.8 1117.1 1091.6 1067 1045 1029.7 1001.2 951.2 925.6 896.2 864.5 844.1 844.9 838.9 831.5 841.2 860.9 883.6 908.6 937.8 970.4 1008.9 1053 1096.6
786.7 799.1 811.3 829.8 847.5 862.5 873.5 878.8 873.7 870 869.1 860.9 862.5 858.6 856.8 856.9 857.1 863.2 868.8 864.3 864.7 855.1 839.6 842.4 851.4 859.7 862 864.1 868 871.8 875.4 879.3 879.5 888.9 895.4 901.7 913.8 934.3 960.9 992.2 1025.3 1059.6 1093.5 1119.2 1137.2 1152.3 1164.1 1170.7 1173.5 1171.6 1168 1163.3 1156.8 1149.8 1142.9 1136.8 1128.1 1105.2 1069.2 1045.1 1017.1 974.8 940 907.2 874.8 856.2 852.4 841.9 836.3 838.2 852.6 874.8 901.5 931.6 965 1003 1045.4 1087.1
808.5 817.7 833 848.6 865.3 882.4 897.7 895.2 887.8 882.6 879.2 876 876.3 874.7 872.5 873.7 875.6 877.9 884.2 877.4 881.7 876.4 860.9 854 861.8 867.9 870.3 874.1 875.6 878.9 882.8 887.4 888.6 888.4 896.6 903.4 911.2 926.4 949.5 979.4 1011.2 1044.4 1081 1110.1 1131.6 1148 1161.4 1171.5 1175.3 1174.7 1170.3 1165 1157.8 1150.7 1144 1137.7 1130.2 1116.6 1086 1054.8 1026.7 989.3 951.2 915 889.9 865.4 858.4 849.9 839.5 832.8 843.8 866.9 894.4 925.4 959.2 994.5 1038.3 1080.1
