data/290000-770000.asc
ncols 200
nrows 200
xllcorner 290000
yllcorner 770000
cellsize 50
[rows 0 to 34 of 200, columns 0 to 77 of 200]
696.4 709.4 719.1 723.7 724.7 713.5 701.1 687.9 677.9 670.2 663 653.9 644.7 636.7 629.4 623 616.8 609.5 605.4 602 599.1 596.4 597.3 598.9 598.9 600.9 605.3 610 615.1 621.5 625.2 632 638.9 647.2 655.4 660.5 661.2 653.1 633.1 614.7 607.7 618.6 622.8 621.3 615.7 609.5 603.9 598.8 593.8 590.7 590.5 589.8 584.6 578.5 576.4 577.5 575.5 574.6 574.2 573.8 573 573 571 568.9 569.2 568.2 567.1 569.4 570.4 571 569.9 572 574 572.7 572.8 570.3 572.2 571.1
711.9 721.9 733.1 741.1 741.9 735.1 720.6 700.6 690.9 679.3 672.2 662.7 651.7 642.1 636.7 627.1 618.8 612.9 608.8 606 602.1 599.4 598.9 598.9 598.6 598.9 600.6 606.7 609.5 616.9 619.9 627.9 633.9 640.6 647.4 650.4 648.1 638.2 623.7 615.9 624.5 636.9 641.8 638.2 630.9 623.3 610 605.3 598.3 593.9 590.6 589.9 586.4 583.2 579.3 574.9 570.6 569.9 569.2 570.2 570.9 571.4 571.1 569.4 564.4 562.8 563.1 561.4 563.1 562.8 562.3 565 565.7 566.5 565.4 559.7 561.9 559.7
725.4 738.2 749.9 757.7 755.6 751 736.9 715.5 700.9 688.2 679.3 669.6 659.1 651 642.6 632.9 623.3 617.8 613.6 610.9 606.7 601.4 600.2 598.9 598.9 599.4 599.5 599.4 605.2 611.5 613.2 621.1 629.4 632.7 638.1 638.8 633.9 621.3 617.6 629.1 644.8 653.3 659.2 660.9 650.9 641.1 621.9 611.7 603.1 597.1 593.5 591.3 588.1 586.8 581.6 580 574.8 570.6 568 568.9 568.9 567.9 567.2 566.2 561.3 559 560.8 559 560.1 558.7 556.8 556.7 557.5 556.6 558.4 553.9 554.7 555
740.8 756.8 765.9 770.6 770.4 764.3 750.2 730.3 709.4 695.1 682.5 670.6 661.9 654.3 647.3 639.3 628.9 622.5 617.7 613.6 609.5 605.8 602.7 601.9 599.2 598.7 598.3 598.5 599.9 607 608.4 615.9 623.7 629.6 629.1 630.6 620 622.7 636.5 653.1 663.4 672.6 677 676.1 666.5 653 632.5 619.4 608.3 600.8 596.5 591.3 590 591 589.5 583.7 581.6 580.2 571.5 571.7 568.7 566.6 560.9 560.2 559.9 557.7 557.2 556.6 556.2 555.7 552.5 549.2 547.6 547.9 547.8 548.5 549.8 549.6
758 770 778.8 782.9 780.2 772.7 756.7 734.5 714.3 699 685.6 675.9 668.4 659.2 652.4 644.6 634.8 628.7 622.4 618.1 612.6 610.7 606.7 604.9 599.5 598.6 597.7 596.3 596.7 603.1 606.1 609.4 614.7 619.9 620.6 618.6 630.5 642.7 656.5 670.2 679.2 686.7 688.1 685.7 678.6 665.3 643.6 628.9 616.3 606.4 600.5 595.9 591.1 591.2 590.9 587.9 585.1 582.6 580.8 576.5 571.1 565.3 559.5 559.3 557.7 556.1 554.7 553.9 553.8 553.5 550.9 548.8 548.2 548 547.9 548.2 547.5 547.2
771.6 785.3 791.1 792.3 786.7 776 761.6 739.5 720.3 704 690.4 680.4 673.5 665.6 658.9 650.1 640.4 632.3 626.7 620.5 619 614.5 611.2 609.1 602.7 599.9 596.8 593.3 590.6 599 600.8 604.7 609.9 617.6 619.8 630.8 643.3 655.2 669.4 681.1 690.6 696.9 698.2 693.9 689 677.3 656.1 638.9 624.7 613.7 604.3 598.2 590.7 590.3 589.6 588.2 586 582.8 580.8 579.5 573.8 569.5 563 559.5 556.9 554.9 553.6 552.9 552.1 551.1 549.4 548.7 549.2 549.2 549.9 548.4 547.8 547.6
786 796.6 800.9 797.6 790.5 781 766.1 744.1 725.1 709 696.4 685.8 678.4 671.3 661 652.3 643.7 635.8 629.8 625.3 622.9 621.3 617.3 610.9 605.7 600.8 597.2 592.1 588.7 590.7 597.8 603 611 614.2 627.1 637.4 646.4 661 675.8 688.8 699.7 703.3 701.9 699.2 695.1 681.3 661.6 643.8 630.1 617.2 606.2 598.5 589.4 589.1 588.2 587.3 586.8 583.2 580.5 579.2 574 570.3 561.3 558.3 555.7 553.8 552.8 552.3 552.3 549 550.1 548.6 552.3 552 550.9 549.6 549.1 548.6
796.4 805.5 809.7 806 797 785.4 769.2 745.7 725.5 710 698.7 688.3 681.1 672.7 664 653.5 646.9 640.5 634.4 629.8 626.9 624 619.7 613.4 609.4 604.3 598.9 594.1 591 588.8 591.7 597.7 604.8 609.1 622.8 635 646.9 661.7 678.5 694.4 703.3 704.7 704.2 702.1 696.7 682.7 664.6 647.2 634.4 618.9 605.6 595.4 589.5 585.8 584.6 585.6 584.3 583.9 577.4 574.4 572.2 566.1 559.9 557.6 555.3 553.5 552.4 552.5 552.4 552.4 552.6 552.6 552.5 552.4 552.5 552.2 553 552.8
806.7 814.6 814.8 810.7 801.4 786.8 769.7 746.2 729.9 713.6 700.7 691.5 681.2 671.4 663.5 657.1 654.5 647.3 641.4 635.2 631.4 626.5 620.7 616.9 612.3 606.9 602.1 598.9 593.3 589.5 588.7 589.8 597.5 604.4 618 632.9 646 661.4 678.7 694.7 703.7 704.8 702.9 701.6 695.7 681.2 664.7 647.9 633.3 618.7 604.8 594.2 588.5 584 583.7 585.1 583.1 580.9 575.1 570.2 570.3 559.8 558.2 557.4 557.4 553.9 552.9 552.8 553.9 554.5 554.8 554.6 554.1 554.7 555.6 555.6 558.1 557.5
816.3 821.3 820.9 814.3 803.6 787.1 767.9 744.7 728.1 713.2 701.3 690.6 682.6 675.3 667.7 664 662.2 656.7 647.6 637.5 632.3 628.7 623.8 620.9 614.1 608.4 604.3 600.8 597.2 590.7 591.2 588.9 589 599.8 613.1 628.2 640 656.5 673.2 692.3 701.7 702.9 701.1 696.6 690.9 679.2 660 644.3 631.7 615.4 601.4 592.9 587.4 584.4 584.4 585 584.1 580.1 571.3 567.9 562.8 558.6 557.6 557.4 557.4 556.2 555.1 555.3 557.2 557.4 557.9 558.2 556.8 558.4 559.5 560.1 560.9 560.8
823.9 827.8 824.5 817.9 805.3 786.4 764.2 744.7 730.7 715.1 702.6 693.4 687 680.2 675.2 672 668.2 661.5 650.9 639.4 633.3 629.8 624.4 620 615.1 609.1 606 601.6 599 595.6 592.5 590.4 588.1 592.4 605 619.2 631.3 648.3 664.1 681.5 692.3 696.2 690.2 687.7 680.8 673.1 655.3 638.9 626.2 613.4 602.1 591.6 586.6 585.1 585 585 582.7 579.9 568 564.1 561 559.2 557.5 557.4 557.4 557.5 558.2 558.4 560.6 561.1 561.4 560.2 560.7 562.3 562.8 565.1 565.2 566.8
829.1 831.4 827.9 818.2 804 782.8 763.7 744.2 729.9 714.3 703.5 695.7 689.6 683.7 680.2 678.7 674.3 666.9 653.8 640.5 633.3 630.9 627.3 620.4 616.1 611 608.8 603.8 600.5 597.5 593.9 591.4 588.1 588.4 598.9 610.9 622 634.6 649.1 664.8 677 684.3 681.7 678.1 674.1 663.4 646.1 634.8 621.1 610.3 599.1 590.6 586.8 584.6 583.4 581.9 577.5 570.2 565.7 561 559 558.5 557.8 557.4 557.6 559 561.5 563 564.4 566.3 566.1 565.8 566.6 569 568.2 570.3 570.4 570.5
831.1 831.7 827.6 817.2 802 780.9 762.2 744.5 730 715.9 705.8 698.7 693.8 688.8 685.4 684.2 680.2 672.6 658.6 643 634.8 632.1 628.8 620.8 621.2 616.6 610.4 607.4 603.3 600.3 597.2 590.6 588.7 587.6 591.1 603.5 612 621.6 633.5 643.9 653.3 663.4 665.5 667.1 663.5 653.5 641.3 630.4 617 603.7 595.4 591.2 583.6 579.9 580.6 578.1 573.2 570.5 565.5 561.1 558.5 558 557.8 558 561.1 564.3 567.9 570 571.2 569.3 570 572.2 572.9 576.7 575 576 577.7 576.3
831.7 832.2 827.5 816 800.9 780.7 760.7 743.8 731.7 719.1 708.6 701.4 696.8 692.8 690.6 689.6 684.4 677.4 665.5 648.3 638.6 632.8 629.7 627.5 623.9 619.2 614.7 612.3 608.3 603.3 600.2 595.3 590.1 588.2 588 594.5 602 609.8 618.8 625.9 629.9 636.3 636.8 641.8 647.4 639.4 632.8 621 610 600.7 592.1 587.6 581.3 579.1 577.6 573.9 569.2 567.2 561 558.7 558.1 557.5 559.9 565.4 568.2 570.8 574.1 574.7 574.8 574.9 579.5 584.7 583.1 585.1 582.8 583.1 584.1 581.8
831.3 830.5 824.7 813.9 800.5 777.8 758.1 743.3 732.4 720.2 710.1 703.8 700.2 696.8 695 691.2 686 678.7 668.7 654.6 642.2 635.4 631.8 634.7 628.7 624.7 621.5 617.9 613.2 609.7 603 600.5 595.6 591.4 587.3 587.1 592.6 598.4 603.5 606.1 613.4 616.4 620.6 622.7 625.5 624.5 620.1 613.7 603.8 595.8 590.3 583.9 579.9 574.9 571.7 569.1 568 563 559.5 559.3 557.6 561.2 569.4 573 576.6 579.1 580 579.9 583.6 587.1 591.1 592.5 591.7 590.3 593.9 590.1 589.7 590.4
831.2 828.9 822.1 812 797.5 774 756.5 741.4 730.4 718.3 709.3 704.7 702 701.1 697.1 692.4 687.6 680.5 670.9 659.5 646.8 639.9 643.3 640.4 634.2 630.5 628.4 623.8 619.8 614.5 608.8 604.7 600.9 593.7 587.9 578.5 584.2 587.7 591.5 596.3 598.7 603 604.5 607.9 608.1 607.4 606.2 601.9 595.1 589 579.4 579.3 577.9 572.2 571.4 569.4 567.1 562.3 561.2 558.2 560 570.5 573 578.2 581.2 585 587.8 590.4 592.9 597.2 600 606.1 602.2 600.9 601.5 597.4 597.9 600.9
830.7 827.5 822.2 810.9 794.9 772.7 754.6 739.5 725.9 715.3 710.4 705.8 702 701.6 699 694 688.7 678.7 669.2 659 651.7 652 650.5 647.1 642.3 638.4 633.6 630 626.4 620.1 614.8 609 605 600 591.7 585.3 579.3 578.9 581.4 587.8 589.5 590.9 590.9 594.6 593.9 594.6 591.8 589.5 585 579.4 578.8 576.3 573.1 569.4 571.4 570.2 566.8 562.2 559.3 557.7 570.3 574.7 577.1 580.4 587.3 592.6 596.3 600.5 603.3 608 610.7 612.4 611.4 609.9 610.3 607.6 608.9 606.5
833.1 829.1 821.2 809.7 790.1 770.8 754.3 739.9 727.8 719.3 712.7 707.5 702.5 700.1 697.9 690 684.1 676.6 669.8 666.4 660.8 660.4 659 654.8 651.9 648.8 641.8 637.5 634.1 628.8 621.4 616.9 611.6 606.1 600.6 591.2 588.3 579.3 578.6 579.3 580.5 582.1 583.6 585.6 587.3 585.3 582.4 579.8 577 574.4 573.7 572.6 570.5 568.9 570.8 571.4 567.5 561.7 558.6 564.4 575.8 580 582.9 589.2 594.3 600.4 606.8 609.2 614.3 616.6 617.7 620 623.8 621.4 619.7 619.8 615.1 616.3
835.6 829.6 821.8 809.2 789.3 769.5 755.5 745.2 735.4 725.7 717.1 710.1 705.6 699.7 698.7 692.4 688.2 681.6 677.4 671.6 670.1 669.5 667.4 663.1 661.7 659 654.3 647.8 643.2 635.7 629.9 625.6 619.3 610.7 606.8 599.5 594.4 589 580.6 578.6 577.8 578.6 578.6 578.2 578.5 578.1 577 573.6 572.6 571 570.8 570.4 569.9 569.6 568.5 568.3 565.9 562 562.7 572.2 579.5 586.1 591.4 596.3 601.6 608.5 614.6 621.4 625.5 627.7 625.3 630.4 631.9 630.9 631.2 629.7 623 624.5
838.1 831 823.6 809.7 788.4 772 759.8 748.3 737.8 731 722.7 714.9 707.3 704.3 703.3 702.4 698.7 691.4 684.4 680 678 679.5 677.5 676.2 674.5 669.7 662.7 659.9 655.8 647.5 640.6 633.4 624.9 620.8 614.4 606.4 602.4 598.1 592.5 589.2 583.1 581.1 577.8 577.4 577.2 573.1 569.9 569.8 569.4 568.9 568.9 568.7 568.7 569.3 568 567.7 566.1 563.7 569.9 577.6 584.7 590.5 598.2 603.5 610.4 618.2 625.3 631.7 635.5 636 638.6 640.6 640.6 642.4 641.4 636 635.7 636.1
840.2 833.1 825 812.1 791.9 775.9 762.9 751.4 744.6 737.1 728.3 718.5 713.6 711.2 709.4 708 704.5 698.7 693.9 688.7 688.9 695.4 694.1 690.6 690.8 683.8 676.6 674.5 668.2 661.6 652.2 643.9 637.6 628.7 623.8 617.6 611.2 606.4 603.9 599.6 594.1 589.9 584.6 578.6 577.4 575.1 574.6 571.1 569.7 568.9 568.4 568.3 568.5 567.9 567.6 567.6 567.3 566.6 573.9 579.8 590.6 597.6 603.6 608.5 619.9 627.5 634.1 641.7 646.5 648.1 649.7 651.5 655 656 654.1 649.5 648.8 648.5
841.4 834.5 826.4 812.7 795.6 782.2 768.3 757.4 751.1 743.4 735.4 728.8 722.6 721.1 718 714.5 709.4 707 703.2 696.3 699.2 706.9 709 708.9 706.9 697.8 693.2 688.8 683.5 676.5 667.1 655.2 646.1 640.4 634.4 627.7 624.1 620.7 617.9 611.4 603.3 597.3 592.5 585.1 579.4 578.9 580.5 578.5 572.9 568.9 568.7 568.6 568.5 568.3 567.8 567.8 568.3 572.3 581.9 590.6 593.6 603.2 609 616.3 627 634.3 643.8 650.9 658.7 661.4 663.4 665.3 667.3 672.6 666.9 661.6 662.4 661.2
843.1 835.4 826.6 813.3 799.4 789.1 777.5 765.4 757 750.6 743 736.2 733.2 729.5 726.7 720.6 715.4 712.3 710.3 703.6 709.9 718.7 723.9 724.4 722.8 712 706.5 705.1 699.7 693.1 679.9 669.1 659.3 650.6 645.2 640 634.8 629.7 625.8 620.6 612.1 604.1 597.7 590.8 584.6 579.8 581.5 580.5 578.6 573.5 569.8 569.3 571.4 568.8 568.4 570.8 572.6 579.1 589 596 599.5 606.3 614.4 622.5 632.5 642.6 652.7 661.3 670 674.7 676.9 677.8 680.8 682.6 677.7 676.8 676.2 675
841.4 835.3 828 817.2 807.9 798.8 788 775.9 765.2 758.7 751.1 744.3 741.1 738.4 734.6 728.9 718.8 719.7 719.7 710.9 718.5 730.7 736.9 738 737.8 729.7 723 718.3 714.1 706.9 693.9 681.1 671.1 662.4 656.3 649.2 641.9 636.8 631.9 626.5 619.4 608.9 601.4 595.1 589.5 584.9 584.4 581.7 580.7 577.7 573 571.7 571 569.1 571.6 574 577 587.1 594.6 602.6 606.4 609.6 621 629.1 638.1 649.4 662 672.5 679.1 684.6 689.3 690.1 688.3 690.1 691.7 689.6 689.3 684.6
839.6 835.8 831.3 825.9 819.1 810.8 801.7 787.1 776.7 766.3 759.5 754.9 750 745.5 741.2 731.9 728.6 728 726.2 721.1 729.6 739.2 746.6 751.9 750.2 743.5 737.8 731.8 726.8 717.9 706.4 693.5 680.4 670.3 664.6 658.9 649 641.5 635.1 630.1 621.6 613.9 605.7 599 590.9 589.7 588.2 585.2 580.2 579.5 577.7 576.5 571.2 569.4 574.6 579.8 582.5 591.6 599.8 608.4 614.6 618.6 623.4 634.5 644.3 655.7 671 679.4 687.3 694.6 701.3 702.9 699.5 700.7 700.8 701.3 701.3 699
839.4 837.8 835.6 831.8 828 821.9 814.2 799.2 788.3 779.3 770.5 765.4 759.2 752.9 746.9 741 744.8 742.8 736.3 731.9 738.8 748.9 759.2 763 760.9 754.8 749.5 743 736.9 728.4 715.3 701.3 689.8 679.8 671 663.2 653.8 644.6 635.6 631.1 621.9 617.4 609.1 600.6 594.3 592.8 589.9 587.6 584.4 581.4 580 579 574.9 572.7 578.9 586 590 598.3 604.7 615.2 623.3 626.5 632.4 637.6 648.7 662.9 675.9 685.8 696.4 703.3 707.7 708.9 708.8 712.6 716.3 716.6 716.6 716.3
836.3 838.5 839.2 838.8 837.1 833.3 826.3 818.5 806 798.6 788.8 778 769.7 760.9 758.6 758.4 757 753.9 748.2 744.6 751.8 760.8 766.4 769.5 768.5 764.5 759.4 753 744.9 734.8 722.8 707.8 695.3 685.9 674.4 665.6 655.2 644.6 635.6 628 622.8 616.4 610 602.2 599.3 596.8 590.9 589.1 588.9 586.6 583 578.7 577.7 577.7 580.8 588.1 595.8 601.5 610.2 622.6 630.5 634.8 641.3 646.1 649.9 665.9 677.2 690.6 703.8 709.9 715.7 718.8 723.3 726.1 728.5 731.5 733.2 732.8
832.5 839 843.1 844.2 845.2 844 840.9 836.1 827.5 818.1 809.6 795.6 783 775.4 769.1 767.7 767.4 761.9 758.7 757.3 761.7 767.3 773.8 777.7 776.7 772.4 766.4 759.2 748.4 738.6 729 713.4 699.6 689.9 676.2 667 655.3 642.5 634.9 628 620.4 615.7 611.7 606.2 601.4 599.5 593.8 591.5 588.7 589.7 580.4 579.6 578.6 581 586.2 593.1 601.3 607.5 618.3 629.5 637.3 644 650.3 657.2 659.9 667.7 680.4 693.6 706.5 716.6 723.9 729.3 731.7 734.6 738 742.3 746 746.3
832.6 840.3 846.8 850 852.2 853.3 853.1 851.8 844.4 838 829.4 814.5 801 786.5 781.5 783.9 780.1 769.5 767.5 766.5 768.3 777 782 784.4 784.3 779.8 772.9 761.4 750.8 740.7 726.5 713.4 701.4 691.9 678.2 663.3 650.8 641.3 635 628.5 621.6 616.8 612.7 611 604.1 601 598.3 593.1 589.8 588.4 580.2 580.7 579.1 582.6 589.9 598 606.6 614.2 625.1 635.9 645.6 653.1 662.1 667.2 673.5 674.7 681.6 695.3 708.3 719.5 730 734.3 737.4 742.6 746.9 750.1 755.3 757.2
835 842.4 849.3 854.3 858 860.9 860.6 859.8 855.3 849.6 841.1 830.9 818.7 804 795.1 796.5 789.4 781.7 777.7 778.9 777.4 782.5 789.6 790.6 791.4 787 779.8 766.6 751.2 738 725.9 710.8 701.4 688.6 676 660.8 647.8 637.4 632.8 629.7 622.8 618.9 612.1 609.7 605.5 601.4 598.6 590 590.6 591.2 587.5 585.2 580.6 582.6 593 602.6 612 621 633.3 643.7 653.2 661.4 669.7 677.7 683.3 688.3 691.7 701.1 710.7 722.9 733.2 736.9 744.4 750.1 754.8 758.2 761.2 763.9
836.6 846.2 853.5 859.1 863.1 866.3 869.1 867.4 862.5 857 849 839.4 829.5 816.3 806.9 803.2 797.8 791.2 788.6 787.3 787.7 788.8 791.9 795.9 795.5 792.4 783 769.2 749.3 734.1 719.7 707.7 695.2 682.4 669.9 655.6 644.5 635.1 630 628 620.3 618.3 610.3 610.9 605.6 600.6 597.7 592 591.7 590.4 589.1 589 586.2 586.8 595.5 605.2 615.7 627.5 637.6 650.6 660.5 668.9 680.6 690.9 696.4 700.7 703.3 710.8 718.7 728.2 736.9 743.2 749.3 756.3 762.4 764.9 767.2 768.7
838 848.6 856.1 862.4 867.7 871.2 873.6 872.8 868.4 861.4 853.4 844.5 834.6 822.8 813.4 806.7 802.5 798.7 796.1 798.6 798.4 795.7 797.5 800.7 801.1 794.4 783.9 762.8 744.3 727.8 712 701.9 691.5 679.4 663.8 651.9 642.4 634 627.4 623 618.5 615.1 612.6 608.9 600.8 598.9 600.9 598.3 595.8 591.5 593 590.6 591.2 588.6 597.5 609.3 620.7 632.8 643.2 657.3 668.9 681 692.5 703.7 710.9 715.5 715.6 720.2 728.3 737.5 744.8 751.3 758.2 761.5 765.4 769.8 772.8 773.4
839 850.5 858.3 865.2 870.9 875.5 877.4 875.8 871 864.2 856 846.7 838 826.7 815.7 808.9 804.5 802.1 805 807.5 808.6 805.6 806.8 807.8 800.4 791.9 778.8 757 735.8 718.8 703.4 691.1 681.2 670.2 659.3 648.5 640.8 631.4 622.5 618.9 616.2 611.9 610.1 607.9 604.7 607.3 604.7 604.6 602.4 598.4 598.3 595.6 593.1 589.6 602.7 614.3 628.2 639 650.1 662.7 675.4 691 703.9 716 724.7 729.9 733.5 734.6 738.2 747.3 754.2 760.4 765 767.3 769.9 773 775.9 775.6
840.3 850.7 857.6 866.1 871.7 876.6 878.5 875.5 870 863.6 856.1 847.7 838.2 827.6 815.9 808.2 804.8 807 811.3 811.8 812.3 811.5 811.7 810.6 802 790.7 773.9 751.3 730.3 709.3 694 684 672.8 661.3 652.2 644.3 637.3 628.4 618.8 618.7 616.9 610.5 608.7 612 617.1 615.6 612.3 611.5 608.4 606.3 603.4 600.6 597.8 598.7 609.5 620 631.2 642.1 654 668.8 682 699.5 714.8 728.5 737.5 744 747.4 750.7 754.4 758.7 764 768.1 772 775.4 776.8 778.5 780.5 779.8
840.8 850.2 858.2 866.8 871.1 875.2 875.8 873 868 860.9 853.9 845.5 836.1 825.7 815.4 806 802.3 805.5 810.2 812.4 813.9 813.7 812.8 807.5 799.7 785.3 767.4 746.4 724.7 703.8 683.9 674.3 664.9 655.7 647.7 639.8 629.3 624.4 620.1 621 620.7 619.4 619.7 619.7 623.9 623 621 620.7 613.5 612.3 608.3 603.2 600.5 598.9 610.8 622.7 633.3 645.7 659.2 673.4 689.2 708 725.4 738 749.4 755.5 760.7 765.1 768.2 771.2 773.9 777.9 781.5 783.8 784.7 786.5 788.2 789.1
