data/290000-780000.asc
ncols 200
nrows 200
xllcorner 290000
yllcorner 780000
cellsize 50
[rows 140 to 174 of 200, columns 0 to 77 of 200]
768.7 771.9 772.9 778.6 787 793.5 797.5 798.7 798.2 807.5 818.2 825.5 833.4 843.4 853.8 864.6 873.9 882.3 889.6 896.7 900.3 902.2 903.4 900.5 893.3 885.7 880 868.5 852.2 823.4 800.5 780.4 761.6 748 734.6 724.8 720.9 712.8 707.1 711 718.1 727.1 736.5 744.8 751.7 755.6 758.1 760.5 762.8 767.9 771.6 767.8 770.3 787.4 803 819.3 839.8 858.7 875.2 890.6 905.1 919.9 933.2 943.3 950.5 955.9 961.8 964.7 962.1 956 945.8 928.9 908.5 895.3 877.4 862.1 848.1 847.9
763.9 765.4 770.1 775.3 780.1 785 788.2 788.2 800.4 813.8 825.3 834.8 843.6 851.4 859 866.7 873.6 881.4 888.3 893.4 896.7 899.2 901.2 897.8 892.2 887.8 883.7 874.5 859.5 830.3 809.8 789.5 771.3 756.4 741.8 730.3 722.5 717.3 712.4 708.4 713.5 720.2 728.6 736.8 743.3 746.9 749 747.9 749.3 755.7 759.1 755 768.8 783.9 800.1 819.6 839.4 856.9 872.7 888.6 903 916.6 932 942.2 950 955.9 961.8 965.2 963.2 957.6 946.5 932.9 912.2 895.6 876.3 857 842.6 835.3
759 763.6 768.3 771.5 775.4 778.8 783.4 792.1 804.7 819 830.7 840.7 847.4 852.8 859 865.3 871.1 877.9 883.7 888.9 892.6 895.9 896.5 894.5 891.8 887.7 884.6 876.2 860.4 839.8 818.3 800.5 781.8 762.4 748.4 737 727.3 719.1 712.8 708.5 709.2 713.6 721.1 728.8 735.4 739.5 740.8 738.1 739.3 742.7 745 749.8 767.3 784.2 799.9 818.4 836.3 853.6 870.3 885.9 898.6 910.9 923.6 937.8 946 954.2 961.3 965.1 964.3 958.4 946.5 934.8 914.4 892 874.6 854.8 838.1 825.7
756.7 762 763.9 766.6 772.8 780.1 789.2 799.2 811.5 823.6 834.1 842.6 847.9 851.9 856.1 861 865.1 870.2 876.6 881 884.9 888.4 889.5 890.4 889.5 887.2 881.1 875.4 863.6 848.7 828 808.6 791 767.4 754.6 743.5 732.2 721.6 712.5 707 703.9 705.2 712.7 720.8 728.2 731.7 732.8 726.9 728.6 732.6 738.3 752.1 770 784 798.6 814 834.2 850 866.1 879.5 892.7 905.5 917 931.2 940.9 950.4 958.9 964.5 964.7 959.2 949 936.2 915.6 887.9 865.9 849.5 835.1 821.9
761.5 763.6 766.5 769.4 776.5 786.1 795.6 805.9 815.9 827.1 836.3 842.5 845.5 847.7 850.5 853.9 858.7 863.4 867.6 872.3 876.8 880.4 882.4 884.4 883.9 882.7 878.5 871.6 862.8 851.5 834.8 816.1 796.2 776.6 762.9 749.5 736.3 724.3 713.5 704.8 699.8 699.3 705.9 714.6 721.6 723.9 723.7 719.5 725.3 735.3 745.3 757.1 773.3 786.7 800.2 816.8 832.7 847.8 863 873.8 887.4 899.4 910.9 923.1 936.6 947.1 957.6 964.6 964.6 958.9 950.5 938.3 915.1 888.6 867 851.9 836.1 822.9
767 767.4 770 772.6 782.8 792.8 800.6 808.9 819.4 828.3 833.7 837 837.7 839.9 840.9 845.3 849.9 853.6 857.8 862 867.2 871.4 874.8 876.9 878 876.4 871.7 865.7 858.5 847.9 835.5 821.8 803 787 772.9 757.4 742 728 714.8 706.1 697.1 696.2 699.9 707.9 714.1 713.9 710.7 723.7 734 743.2 755.1 767.4 778.6 791 803.7 817.1 833.4 847.4 860.4 870.8 882.6 892.9 903.2 916.9 932.2 944.9 955.7 963.5 964.6 959.5 951.9 937.3 914.3 887.8 867.4 855.3 838.5 823.5
775.1 777.2 777.5 774 783.7 796.3 806 813.9 818 824.6 828.3 830.6 830.8 831.5 832.5 835.2 839.2 842.9 846.8 852.8 857.6 862.1 866.8 869.2 869.5 868.3 864.7 859 851.4 842.5 832.6 822.9 810.7 798.5 783 764 746.2 730 715.7 705.2 696.8 692.3 693.7 699.9 702.2 701.6 717.4 729.2 740 750.2 762.3 773.7 785.8 795.7 806.1 817.7 831.8 844.7 858.1 869.5 879.3 889.4 899.4 910.4 928.5 942.5 954.3 962.1 963.1 959.3 951.5 937.1 919.5 892 867.9 855.9 840.9 824.4
787.6 789.3 787.2 784.3 786.2 797.1 804.8 811.8 817.1 821 824.3 823.6 822.4 821.1 822.2 824.3 827.1 830.3 833.5 839.3 846.3 852 854.6 860.1 860.2 858.1 854.7 849.3 843.1 835.3 827.2 819.5 812.7 803 789.5 770.8 750.6 733.9 718.8 703.8 696 688.9 687.3 690.3 692.9 704.5 719.1 731.2 740.1 751.3 764 776.8 788 797.9 808.2 821.5 833.2 844.3 854.6 865.4 875.9 885.9 896.3 909.9 926.7 941.1 953.2 960.6 962.1 958.9 950.5 937.2 921.9 895 866.8 855.5 838.3 824.1
803.3 801.4 797 794.7 786.9 796.3 802.4 806.9 811.5 814.1 813.9 811.5 810.4 810 809.1 812.3 814.5 817 823.2 831.4 837.6 843.9 847.8 851.6 851.1 848.4 844 839.7 833.8 827.2 818.8 813.6 809.9 803 793.9 774.4 754.2 735.1 717.7 703.3 692.9 683.1 683.9 687.1 693.3 705.6 719.4 729.7 740.2 752 763.9 777.3 788.9 798.5 809.3 820.2 832.1 842.6 851.6 861.1 870.1 881.3 891.7 910.9 925.8 940.5 951.4 959.5 960.4 955.6 947.3 936.3 920.3 895.3 868.9 854.5 838.7 823.3
808.5 805.2 801.3 797.2 792.7 792.4 795 797.1 799.9 800.9 801.8 800.9 798.5 795.9 795.2 797.4 800.5 804.3 813.1 821.1 828.2 838.2 842.7 844 842.2 838.6 834.1 828.2 821.9 814.6 808.4 805.6 804.1 799.8 792 777.3 756.4 733.7 713.9 699.6 691.4 680 682.7 685.9 692 706 716.8 727.5 738.7 749.6 761.6 774.1 785.7 795.2 803.9 815.3 825.4 835.3 844.5 852.7 866 880.4 895 914.1 925.4 938.6 950 956.4 956.9 952.2 944.7 931.9 914.2 889.6 868.9 852.1 835.5 820.8
809.4 805.7 801.9 796.7 794.2 789.2 786.7 787.6 787.8 789.1 790.9 788.7 787.2 785.8 785.1 787.7 790.5 793.9 803.3 815.7 824.9 832.9 836.3 836.7 834.3 827.3 820.1 815.1 809.3 802.2 797.4 795.9 795.7 794 786.8 770.9 754.8 734.1 713.4 699.6 689.1 676.6 679.1 681.4 691.3 702.6 713.5 724.6 735.1 745.4 756.3 767.9 779.8 789.2 798.3 808.1 816 822.8 838.6 852.2 865.3 882.9 899.2 912.5 925.3 936.8 948.9 954 953.3 949.4 940.1 926.6 907.5 883.6 866.6 848.9 831.8 815.9
811.9 803.7 798.6 792.2 788.9 782.8 776.6 776.5 776.3 778.8 778.5 778.8 777.2 774.4 777.1 777.1 779.7 789.5 801.9 812.4 820.2 827.5 832.2 832.1 828.2 819.6 807.9 799.8 793.9 787.8 783.9 785.2 786.7 784.4 778 766.7 750.9 731.7 712.9 698.6 688.1 674.8 676 678.8 685.5 696.2 707.6 720 730.8 741.1 750.8 761.4 770.8 780.4 789.5 797.3 803.3 819.1 834.9 848.4 866.6 884.9 898 910.3 921.8 933.4 944.8 948.4 949.6 943.9 931.4 917.3 900.1 879.1 860.7 840.8 825 809.3
812.3 802.7 793.7 782.4 777.9 774.2 769.3 766.2 764.7 765.8 766.6 767.8 763.8 764.2 768.8 770.4 779.1 787.4 798.9 809.6 817.9 823.8 829.8 829.4 823.8 814.3 801.8 786.5 782.2 776.2 771.4 775 777.2 774.7 769.1 758.7 744.8 727.3 708.5 696.3 683.3 672.8 673.5 673.6 678.3 688.2 699.9 712.5 723.3 733.8 744.4 754.2 762.8 771.7 778.7 788.4 801.4 815.1 830.7 849.3 866.1 882 895.6 906.3 917.9 929.9 937.5 940.9 938.8 933.9 924.1 909.4 895.2 874 856.1 834.1 817.5 796.8
810.2 798.4 784.7 776.6 768.5 764.6 760.3 756 755.5 756.3 757 758.5 757.6 759.7 759.2 768.5 777.1 785 796 807.4 817 822.9 827.4 827.5 822.7 812.4 798.4 782.6 768.6 768.5 761.8 765 766.3 764.3 759.1 747.3 735.9 721.6 705.4 696.3 680.5 671.6 670.3 670.5 674.8 682.3 693.5 705.6 716.3 725.9 735.8 746.5 754.8 760 771 781.9 794.6 810.5 828 847.2 863 876.7 890.7 901.1 913.1 923.9 932.5 934.8 931.9 926.1 915.1 903 886.3 867.1 849.4 827 808.7 786.5
803.5 790 778.4 768.7 761.2 755.2 752.8 749.6 747.5 747.2 748.6 751.3 750.4 754 757.8 765.9 774.5 782.6 795 805.9 815.2 822.2 824.5 825.3 821 811.9 798.2 783.9 768 756 752.6 754.7 754.7 753.3 744.8 735.6 727.9 716.2 704.4 693 686.2 673 666.6 667.4 671.4 679.4 689 699 709.3 718.2 728 737 743.7 751.6 762.5 775.1 789 803.9 822 842.2 856.8 869.2 881.8 893.3 905.6 917 923 925.1 921.9 915.8 907 895.5 880.4 860 838 817.2 797.8 779.4
793.1 782.8 775 763 756.5 749.8 746.8 744.4 741.2 741.2 742.3 744.9 741.4 745.3 753.2 760.8 770.4 781.9 795.1 804.5 813.5 818.9 822.2 822.7 819.3 811.7 798.4 784.6 770.5 757.8 745.4 745.5 744.8 741.9 734.9 727.2 719.7 711.9 703.8 695.5 687.7 677.7 667.4 664.5 667.6 675.5 683.4 694.2 703.8 711.3 718.5 726.5 731.1 744.7 755.6 766.8 781.7 797.1 815.3 834.6 848.3 859.8 871.4 881.8 895.8 905.9 911.1 912.1 909.9 905.1 897.9 887 873 847.3 826 805.6 791 775.1
786.6 777.9 771 761.2 753.9 748.1 742.2 739.2 737.3 735.7 737.3 739.3 738.7 743.8 751.6 760.9 768.7 784.1 794 802.7 810.7 815.8 819.3 820 817.3 810.5 800.2 784.6 771.5 758.9 745.2 737.8 736.6 733.9 728.2 720.3 712.8 706.8 701.2 694.7 686.8 673.9 665.3 661.8 664.7 668.8 674.8 686.2 699.6 704 710.8 716.4 727.4 737.7 748.7 759 773.4 791.9 808.3 823.2 837.9 851.3 861.7 871.7 881.9 889.1 895.7 898.4 896.5 893.7 887.8 875.8 864.9 840 819.9 800.9 784.3 770.1
780.4 771.9 766.5 759.7 753.7 747.5 742.4 738.6 732.8 729.9 732.1 731 738.9 744.8 752.4 760.4 770 783.3 792.7 799.8 807.9 812.3 815.3 816.8 812.9 807.3 797.8 783.6 769.9 757 743.8 731.9 730.6 726.8 721.3 714.2 708.6 702.4 698.2 694.3 683 670.4 667.5 665.9 659.6 664.7 671.4 682.9 693.1 698.3 702.3 713.6 722.6 731.3 740.7 751.8 766.5 784.6 800.8 815.3 829.6 841.5 851.9 861.8 869.1 874.1 878.2 880.3 879.9 878.6 874.1 867.5 858.2 839.4 817.1 797.5 780.5 766.3
775.8 768.6 763.3 758.8 754.6 748.7 742.6 738.1 734.1 730.5 727.1 733.8 740.8 746.6 754.4 762.4 770.4 780.8 790.1 797 802.4 807.2 810.5 811 807 800.7 792.4 779.7 764.5 750.4 738.3 729 721.3 717.5 714.1 708 703 696.9 694 688.4 678.1 672.5 668.6 662.3 657.1 662.1 669.2 678.2 686.1 688.7 699.7 709.1 716.4 724.2 733.9 745.9 760.2 776.2 793.5 808 821.1 832 841.4 848.8 855.9 858.4 861.7 863.7 864.3 864 864.5 860.2 854.4 842.8 818.6 800.9 785.1 770.2
769.3 763.9 760.5 756.2 752 747.9 743.1 739.6 736.1 730.6 723.9 733.6 741 746.9 754.8 761.8 769.4 778 785 791.6 796.4 801.2 804.7 805.2 800.9 793.7 785.6 772.5 756.1 743.5 731.7 721.9 713.1 708.6 704.2 700.4 696.2 690.4 688.2 683.4 672.9 666.6 662 658.6 654 659.8 666.8 673.6 677.9 687.2 695 703 710.1 718.6 728.1 739.3 753 768.5 785.8 799.5 811.6 821.9 829.9 836.9 842.9 843.6 845 848.7 851.1 852.2 855 853.3 850.7 845.9 830.2 813 796.5 783.1
764.5 759.8 756.6 753.5 749 744.4 739.7 738 733.4 725.9 716.7 729.2 738.5 746.4 754.2 760.7 765.9 772.5 779.1 785.6 790.5 795 798.1 796 792.3 786.9 778.2 763.3 749.2 738.4 727.4 716.5 709.3 697.7 694.7 691.1 687.9 684 677.5 672.5 668.6 658.5 656.1 655.3 651.8 657.3 663 667.1 673.9 684.3 689.8 696.8 704.2 713.2 722.6 734.8 745.7 762.2 778.2 792 802.9 811.1 818 823.2 826.6 827 829.9 832.8 837.1 841.2 844.1 846.9 847.5 848 842 830.9 814.8 802.5
763.6 757 752.9 748.7 744.4 740.9 736.3 731.5 727.4 720.5 713.9 727.4 735.6 743.7 749.8 755.5 759.3 764.7 771.4 777.3 783 786.1 788.6 787.3 783.2 778.7 771.9 757.7 744.5 733.4 722.5 714.5 705.6 694.3 685.2 681.3 677.8 674.5 667.7 663.7 660.9 656.5 655.7 654.7 650.1 654.3 658 662.8 670.1 677.8 684.5 690.5 699.2 708.1 717.6 728.5 741.1 756.7 768.5 782.4 791.1 797.1 803.2 806.9 810.1 812.9 816.6 820.9 827.4 831.8 838.1 844.8 848.5 849.7 849.4 843.9 835.4 823.1
759.6 753.7 748.3 743.4 739.1 735.5 733.2 727.2 720.5 716.7 713.3 725.5 732.5 739 744.8 749.5 753.4 757.1 763.4 768.9 773.9 776.3 778.1 778.2 775.3 771.7 763.3 751.6 740.6 729.7 719 709.3 703 695.9 687.4 681.6 676.6 670.5 664.7 661.1 657.8 654.8 655.5 656.6 653.5 648.9 654.9 660.1 665.6 671.5 677.5 686.3 694.8 703.3 712.6 723.9 736.6 749.9 763.5 776.3 783.7 788.9 792.1 794.7 797.3 798.4 804.1 811 817.8 825 836.3 843.4 849.2 851.3 851.3 849.4 845.7 840
758.9 750.9 743.7 737.4 732.6 729.7 728.2 725.3 717.5 708.9 712.3 722.9 728.4 733.4 738.3 742.8 746.8 750.5 754.5 759.8 764.4 766.8 768.9 769.6 768.2 763.5 755.7 746.1 737.7 729.3 721.8 717.3 712.8 702.9 694.8 687.5 680.6 673.7 667.2 663 658.2 654.1 656.1 660.2 656.3 646.4 651.3 656.9 661.7 667.2 673.6 682 690.5 699.5 708.6 719.4 732 746.6 757.7 771.3 776.9 779.9 782.4 784.3 785.5 788.7 795.1 803.6 811.9 822.1 834.2 843.8 849.1 850.3 849.8 850.1 849.2 843.9
756.7 747.1 739.3 732.1 727 723.5 721.9 719.5 714.1 705.4 709.6 717.6 721.9 726.6 731.6 735 738.2 741.5 745.4 750.1 754.9 756.7 758.4 760.8 759.9 755.1 752.8 748 742.5 735.7 729.8 725 719.2 709.2 701.2 693.2 684.3 677.7 669.1 662.6 657.6 651.7 647 650.3 651 644.5 647.6 653.4 658.4 665 670.1 678.1 686 694.4 704.3 716 727.7 740.5 752.2 763.2 768.8 771.2 772.7 773.8 775.3 781.1 791 802.4 812 821.9 833.6 841.5 846.6 847 847.3 846.7 844.9 842.5
751.9 744.2 737 730.1 723.2 716.2 715.1 713.5 710.7 703.2 702.5 710.2 714.9 719.1 722.5 726.1 729.1 732.7 736.4 741 745.8 748.4 750.7 753.4 751.2 756.8 757.6 755.1 750.4 745.6 739.6 734 726.3 718.3 708.8 699.9 691.8 683.1 672.4 664.8 658.5 652.9 648.1 643.4 642.7 642.1 644.5 648.6 653.5 658.5 665.2 673.1 681.4 689.2 699.7 711.5 723.1 734.7 745.7 754.4 760.7 762.4 762.4 761.8 767.8 779.5 790.7 803.6 813.1 821.6 833 839 841.8 841.5 839.6 839 838.8 834.8
746.9 740.9 734.4 726.5 720 714.4 707.5 708 705 698.9 691.2 702.1 706.6 710.1 712.6 715.8 719.6 723.2 727.6 731.6 736.9 740.4 742.3 743.7 753 757.3 760.7 760.2 758.6 756.7 751.3 746 738.2 730 721.3 712.1 700.2 688.3 678 669 660.2 653.3 647 643.6 639.9 641 642.5 644.7 648 652.9 659.5 667.6 676.1 684.6 694.6 705.9 718.1 728.8 738.8 746.3 750.3 750.5 749.8 751 764 775.9 789.1 802.5 812.7 820.8 830.4 834.9 837.3 833.1 830.7 828.1 826.1 824.4
744.4 738.3 730.7 723.2 716.8 711.6 706.2 700.4 699.3 693.9 687 695.9 699.6 700.3 701.6 705.5 710.8 715.1 719.7 722.6 726.2 728.3 737.7 746 753.5 758.2 761.9 764.5 765.4 764.8 762.7 758.6 752 744.5 737.3 730.6 716.7 700.1 685.8 673.3 662.9 654.8 648.8 643.9 638.8 640.5 641.3 641.8 646.3 651.5 656.4 662 670.6 679.2 688.7 700 711 721.9 731.4 737.6 739.8 739.5 739.9 745.1 757.3 771.2 785.8 799.4 810.8 817.8 826.4 829 827.7 821.9 818.5 815.7 813 811.4
741.7 733.5 726.2 719.8 714.1 709.5 705 697.8 691.5 689.8 681.7 688.9 693.2 692 693.7 698.1 702.9 709.9 712.3 713.6 717.4 726.4 736.8 746.8 753.2 759.6 766 768.8 770.9 771.8 771.5 769.3 764.9 759.3 755.2 748.7 735.4 716.2 694.1 678 666.2 656.6 650.7 645.1 637.4 638.4 639.9 639.2 644.3 647.9 651.3 657.4 665.3 674.3 683.2 693.1 703.9 714.8 724.1 730 731.2 729.7 726.4 740.7 753.2 766.7 780.8 794.2 806.7 812.2 820.1 821.2 814.6 809.6 805.6 802.5 800.2 797.6
736.2 728 721.7 715.4 710.1 706.3 702.2 696.4 691.1 684.8 680.1 684.1 684.7 687.3 692.5 697.3 701.8 705.2 707.9 712.4 719.3 728.8 737.7 747.4 755.3 763.3 770.5 773 775.3 777.6 777.5 776.5 772.3 769.9 767 761.1 749.3 728.4 703.1 683.9 669.1 659.6 652.7 647 640.3 635.3 641 636 639.6 641.8 646.1 652.7 660.1 668.1 677.9 687.5 697.3 708 717 721.3 722.1 720 724.8 734.4 746.8 760.7 773.6 787.4 796.8 803.2 805.5 803.9 799.7 793.3 791.5 789.1 785.6 781
730.4 722.1 715.9 710.1 706.9 704 700.4 695.8 690.7 685.9 679.2 678.7 681.9 686.5 690.1 694 697 702.9 706.9 712.7 720.4 731.4 739.3 748.7 759.2 767.4 773.6 777.2 780.1 782.4 780.9 779.1 776.2 774.2 772.6 768.3 757 736.6 714.2 695.7 677.2 661.8 655 648.7 642.7 636.3 633.1 632.2 635.8 637.9 641.6 647 655.2 662.1 673.3 682.3 691.1 700.7 710 714.1 714.7 712.1 718.1 726.5 737.5 749.5 762.5 773.8 784.9 788.6 788.9 786.8 784.3 781.5 778.6 773.9 768.5 766.9
723.6 716.1 708.6 702.8 702.1 701.6 696.6 694.7 691.5 685.4 679.4 672.9 679.3 684 687.7 690.8 694.4 700 706 713 723.2 733.7 741.7 752.9 762.5 770.8 776.7 778.9 781.5 780 779.5 777.7 776.5 776.3 775.2 771.9 761.2 744.8 723.6 702.9 685 669 657.8 650.4 644.5 639.5 636.1 633.5 631.6 634.2 638 643.2 651.3 657.2 670.2 678.1 687.3 696 703.6 707.2 707.5 705.2 711.5 718.6 727.6 738.2 748.6 758.1 766.7 770.4 770 767.9 768 764.9 760.5 755.5 751.7 745
717.4 710 702.4 697.8 696.8 695.2 693.3 691.7 688.9 685.4 680.8 673.6 673.4 681.1 681.8 688.3 694.7 699.8 706.6 716.1 726.7 735.4 744.9 756 764.8 772.9 778.5 779.1 778 775.3 774 774.2 773.3 774 775.1 773.4 762.2 748.9 731.3 711.8 691.5 674.5 662.4 652.4 646.7 642.1 637.9 633.7 628.4 630.2 634.9 640 643.6 656.1 666.3 674.7 682.8 690 697.2 699.7 699.7 699.7 705.6 709.4 714 722.5 732.2 737.9 743.4 749.7 752.4 751.6 751.7 748.7 744.8 741 734.6 729.4
710.3 704 696.4 691.2 689.1 689.5 688.1 685.3 682.1 680.1 677.2 668.7 666 673.3 680.3 687.8 694.3 701.4 708.9 719.5 729.2 737.1 748.9 758 767.4 773.9 778.5 776.8 773.3 770.8 768.3 768.2 769.7 770.3 772.8 770.1 760.4 749.7 735.6 715.7 695.4 677.6 665.9 655.6 648.8 644.6 639.2 632.9 628.4 626.4 631.5 635.3 642.7 652.5 664 671.2 679.8 686.4 690.9 692.8 693.1 694.4 697.3 700.3 703.4 708.2 713.1 718.4 726.1 731.8 736.4 739.1 737.3 734.5 732.6 728.8 723.3 718.1
703 697.3 689.4 684.8 683.8 685.1 682.5 679.7 677.4 674.6 673.3 665.6 661.4 673.4 679.9 687.2 694.5 702.7 711.7 722.6 731.7 742.2 751.8 761.2 768.4 774.6 775.6 772.8 768.2 765 762.9 761.7 763.5 765.6 767.2 763.6 756.5 748.7 734.1 714.1 699.3 681.8 669 658.6 651.3 646.7 641.2 635 630 625.4 626.9 630.1 637.2 649.2 660.4 668.9 676.6 682.7 685.1 686.3 687 688.6 689.4 691.7 694.7 697.7 701.4 706 712.9 718.5 723.6 724.9 724.3 723.8 723.3 717.9 712.6 707.2
