data/290000-260000.asc
ncols 200
nrows 200
xllcorner 290000
yllcorner 260000
cellsize 50
[rows 70 to 104 of 200, columns 0 to 77 of 200]
440.2 447.1 451.7 457.8 461.6 461.5 462.5 461 458.2 455.5 451.3 447.8 443.2 437.6 430.8 425 420.1 413.8 406.4 389.7 358.9 328.9 295.7 274.5 260.1 253.9 253.9 253.9 253.9 262.9 285.1 309.6 349.5 386.2 428.4 450.3 457.4 461.1 460.3 460.2 459 461.7 462.4 462 462.8 462 461.1 458.3 441.1 443.9 437.6 427.8 420.5 413.7 407.3 399.5 391.4 383.1 371.7 367.6 365 359.7 356.3 350 343.4 339.1 335.3 332 328.1 325.4 323.1 319.4 313.5 307.5 311 305.7 297 291.8
455.2 459.3 460 461.4 464.1 464.1 461.7 460.5 457.8 454.7 450.9 447.7 441.5 435 428.9 421.9 413.3 407.6 397.2 384.5 343.4 309.1 285.1 265.7 254.9 253.9 253.9 253.9 259.3 279 300.9 335.8 373.6 417 451.1 451.4 451.2 458.6 458.8 461.3 465.2 468.5 465 462.4 461.8 461.5 463 445.8 436.2 430.3 422 418.5 410.9 405.1 397.9 387 376.1 367.6 361 350 346.6 339.8 335 329.9 325.1 322.5 321.4 318.5 315.6 313.4 312 307.1 301.6 296.7 297.9 291.9 285.7 280.7
464.9 467.7 466.4 465.9 463.9 463.4 461.5 459.1 456.2 452.7 448.9 445.4 439.7 431.8 423.8 413.2 399.7 391.1 384.9 364.4 326.1 298.7 278.9 260.2 253.9 253.9 253.9 256.2 276.8 298.4 325.9 366.9 399.8 438.7 447.6 447.6 451.5 458.5 463.5 471.1 470.1 469.5 463.2 463.3 462.6 461.2 453.1 441.3 432.5 439.3 424.7 418.7 420.1 421.9 405.3 393.3 379.4 368.5 354.1 342.3 337.7 327.2 318 314.4 310.7 309.3 307.4 306.2 303.7 302.5 300.6 295 293 289.4 287.9 282.9 277.3 272.9
471.2 471.1 470.4 468.7 465.6 462.8 460.9 457.6 453.9 449.8 446.1 441.2 434 425 414.2 401.5 382.3 369.8 364.4 341.1 310.8 288.3 270.9 256.3 253.9 253.9 251.1 271 294 320 362.2 394 430.1 441.4 440.2 447.3 454.3 461.4 468.1 471.9 470.1 469 465.9 466.5 462 457.9 450.4 437.9 438.3 441.2 430.7 432.8 436 435.9 423.7 404.6 391.4 381.4 363.7 348.1 336.5 330.3 322.3 315 309.2 305.2 299 295.3 292.9 291.5 291.2 283.4 283.2 286 276.6 273 269.4 265.9
473 471.5 471.1 468.5 465.3 461.5 458.4 454.6 451 447.2 442.6 434.4 423.7 410.1 393.2 378.7 361.1 347 338.5 317.8 298.5 277.9 258.6 253.9 253.9 253.9 260 285.3 322.1 351.3 383.6 415.2 432.5 430.4 437 446.1 458.1 464.8 470.6 471.1 469 469 471.1 469.2 457.1 453.6 449.1 434.9 441.2 441.3 440.3 439.4 441 441.3 431.4 415.7 404.5 394.1 374 353.8 344.4 335.4 326.3 318.8 312.7 309.8 302.9 296.2 287.2 281.6 281.2 275.9 271.8 278.1 262.3 263.9 261.7 260.3
474.1 472 470.1 466.8 463.5 459.8 455.7 451.3 446.8 441.1 435.2 424.5 402.5 389 372.9 356.8 343.3 332.9 321.9 303.3 283.5 265.9 250.5 253.9 253.9 251.5 270.1 300.2 358 370.5 394.3 410.9 416.2 418.7 426.2 439.3 450.1 458.8 464 462.9 466.8 470.4 462.9 460.2 455.1 449.7 440.9 436.8 440.3 443.9 441.4 440.3 442.4 441.2 439.1 430.7 415.5 401.6 381.9 372.1 355 342.7 332.8 323.9 314.9 311.9 307.8 298.1 288.6 281.2 270.8 259.4 263.3 266.3 260.4 254.6 255 253.2
471.4 471.1 466.3 463.6 460.6 458.2 452.6 449 442.8 435.1 425 406.4 381.6 365.2 350.6 340.7 330.3 319.1 304.8 288.5 273.8 259.4 252.7 253.9 253.9 250.9 272.8 303.8 336.1 362.2 396.9 398.3 400.3 405.3 415.5 425.8 436.9 445.3 450.1 454.3 456 454.8 454.3 452.2 450.9 449 439.3 438.2 443 445.8 443.8 441 443 443.5 442.6 439.8 424 412.3 396.6 385.5 373.9 355 342.5 330.6 317.2 310.3 303.8 295.7 286.5 277.3 268 251.8 252.9 255.9 254.3 247 247.8 247.9
467.1 465.1 461.9 459.8 457.7 454 448.8 443.5 437.3 429.3 414.7 388.9 365.5 349.3 335.9 326.2 318.1 306.8 294.6 284.4 271.6 259.5 253.6 253.9 253.9 253.9 269 294.4 312 345.6 380.9 377.2 373 385.7 394.2 407.3 418.9 427.9 438 440.2 442.6 445.2 448.4 446.3 447.4 443.9 436.4 439.3 444 448.8 445.4 445.9 443.7 443.9 443.7 438.8 431.7 425.2 410 398.3 383.2 370.3 353.4 334 318 306 297.5 289.8 282.1 272.6 264 254.7 240.4 247.1 245.2 240.4 238.7 242.3
461.5 458.8 456.1 452.7 452 446.8 442 436.8 433.2 422.1 390.9 366.5 345.1 333.2 320.7 314.2 306.6 297.7 289.7 281.1 274 263 249.8 253.9 253.9 253.9 254.5 276.1 299.9 333 333.3 343.9 352.9 361.8 371.2 383 394.9 409 417.5 421.3 427.3 432.9 438.5 438.8 439.2 436.3 434.7 436.3 444 449.3 446.7 444.1 444.7 443.7 443.7 440.5 432.5 425.6 416.8 406.8 394 377.9 358 338.1 318.7 303.5 296.1 288.1 279.5 270.6 263.4 254.8 240.3 238.3 235.4 231.9 233.9 237.1
456.1 453.7 449 448.8 445.2 441 435.6 429 418 403.4 371.7 349 334.1 320.6 311.7 305 298.1 290.7 286.7 281.9 276 268.2 255.2 253.9 253.9 253.9 253.9 257.4 277.4 293.3 300.5 317.1 328.1 340.5 354.8 371.2 381.3 392.9 402.5 409.4 416.2 421.1 426.3 428.5 428.3 428.1 429.8 436.6 443.2 446.5 445.3 447.1 444.6 444.7 443.6 437.7 430.6 424 416.8 408.6 400.5 383.6 366.2 343.2 320 303.1 295.1 289.1 283.7 274.3 263.3 251.5 236.9 226.8 226.4 225.5 226.5 228
450.8 450.1 448 445.1 441 438.3 434.3 427.4 418.7 398.1 370.8 349.4 329.2 316.8 310.5 302 294.7 290.3 286.5 280.8 271.9 267.6 256.6 253.9 253.9 253.9 253.9 253.9 265.5 288.5 306.3 325.9 344.9 360.2 372.9 377 380.3 382.5 391.2 401.2 407.6 412.6 415.3 417.7 420.3 423.1 427.4 433.5 441.3 447.7 449.2 449.6 442.4 442.8 439.7 433.5 425.9 419 413.7 408.1 399.5 385.9 375 349.5 319.9 305.5 297.2 292.5 288.1 275.2 260.1 250.2 239 229.8 219.5 212.5 214.3 218.3
447.1 446.4 444.6 442.3 439.8 436 432.1 425.2 416.5 398.5 366 344.4 328.8 317 309.8 303 297.5 292.9 289.1 284.3 279.6 275.8 270.7 263.3 253.9 253.9 253.9 254.2 272.5 295.2 324.1 348.2 362.3 380.2 388.2 395.8 393.4 389.1 390 397.4 401.7 408 411.2 413.3 416.6 421.1 425.4 432.2 440.1 445.8 448.8 445.1 441.8 439.3 432 426.3 420.2 411.2 402.9 397.3 392.3 379.1 362.5 338.2 315.4 308.4 300.6 292 282 270.7 258.2 249.1 239.4 228.8 217.2 209 209.2 209.3
442.9 442 441.3 439.3 438.2 435.2 430.3 423.4 407.3 384.4 359.3 341.7 329.8 318.6 310.2 304.1 298.9 294.8 290.2 287 283.8 286.6 290 280.7 261.1 253.9 253.9 258.9 280.9 306.6 333.7 362.5 381.7 396.9 402.1 404.7 399.7 394.9 395.5 400.7 403.1 407.5 408.9 410.7 414.4 417.9 424.3 433.8 440.5 442.4 442.4 441.5 439.9 433.4 424.5 416.7 409.8 403.5 392.1 384.2 377.1 363.4 345.4 326.3 313.4 309 300.8 288.2 275.8 265.2 256 247.1 233.7 222.2 212.8 208.7 208.2 207.7
439.3 437.9 437.7 437.3 436.6 435.1 431.6 426 416.2 392.7 366.2 344.6 330.3 319.5 310.8 304.4 300.4 295.1 289.8 286.4 285.9 289.8 297.5 273.6 253.9 253.9 253.9 267.5 289.4 314.6 344.6 378.1 399.5 409.5 416.2 413 406.8 402.3 402.9 406.1 408.9 409.7 410 412 414.6 418.2 426 436.2 443.3 445.6 443.2 439.3 438.9 428.3 420 411 397.8 390.7 380.2 369.9 361.7 351.5 338.3 325.8 317.2 309 297.2 283.4 269.6 260.4 250.5 240 225.6 214.9 208.2 207.7 206.6 206
436.4 434.3 433 434.2 434.6 434.9 434.6 429.6 420.5 401.4 377.7 350.8 333.1 319.8 311.6 305.1 301.5 295.6 288.7 284.6 282.3 285 281.5 257 253.9 253.9 253.9 264.1 292 321.8 356.2 389.2 409 418.4 421.9 422.2 419 410.5 408.7 410.4 411.4 413.5 413.8 415.1 417.7 422.7 430.2 438 447 449.6 448.5 450.6 447.2 430.5 420.8 404 394.6 381.7 367.9 357.5 350.5 343.9 336.1 325.3 317.9 309 293.7 277.5 264 254.4 244.1 229.6 217.3 209.5 207.2 206.6 205.4 204.6
431.9 430.7 428.9 431.6 434.8 434.9 434.9 431.8 424.8 408.9 387.8 359.3 335.2 319.6 312.1 306 300.9 293.5 289 281.5 275.8 275.2 268.7 253.9 253.9 253.9 253.9 260.3 289.9 326 364.5 395.4 415.4 424.1 427.2 429 425.7 419.4 411.7 415.3 414.2 416.6 418.7 419.6 423.4 429.7 434.2 441 451.1 453.3 453.6 451.3 447.7 440 421.2 409.4 400.4 387.2 371.4 356.9 345.7 334.4 329.8 317.9 310.8 300.1 287.9 272.5 260.5 245.1 231.6 219.3 211.7 208.1 206.8 205.8 205 204
420.6 423.8 419.9 429.9 432.5 433.6 433.7 430.2 421.4 413.8 393.9 368.8 340.8 321.2 312.1 302.5 298.8 289.3 284.6 277.4 268.8 262.9 256.3 253.9 253.9 253.9 253.9 259.4 284.2 321.7 365.9 397.5 419.4 431 429.9 432.1 430 431.2 425.6 420.4 419 420.1 422.2 430.7 428.8 431.3 438.6 446.5 454.2 458 459.8 456.8 450.9 441.3 425.9 419.5 408.2 393.9 379.7 363.4 350.9 341.1 328.1 318 300.9 292 280.9 267.8 251 235.9 218.3 212.9 210.5 207.8 205.8 205.6 204.4 202.3
401.1 406.4 409.1 422.8 427.7 431 429.6 425.3 417.5 407.8 393.8 371 351.2 328.2 316.6 307.3 298.5 290.8 283.6 276.7 266.2 257.9 253.9 253.9 253.9 253.9 253.9 259.2 284.4 325.2 376.8 405.1 415.7 428.2 431.2 433.1 437.9 438.4 430.2 425 425.2 426.2 428.7 431.6 431.5 435.5 442 451 458.8 464.7 465.2 462.9 459.3 448.4 438 428.2 412.7 401.4 389.9 371.3 357.9 349.3 332.9 317.1 303.3 291.5 280.4 268.7 254.4 232.6 217.4 208.5 208.1 206.6 205.8 201.6 196.5 197.1
375.7 380.8 392.8 407.3 420.8 427.4 427.5 423.3 415.9 404 392 381.7 352.4 344.9 327.3 312.6 302.3 295.4 290.5 282.2 271.2 259.4 253.9 253.9 253.9 253.9 253.9 259.1 292 328.8 376.6 413.3 417.2 423.7 430.5 431.9 437.5 439.7 434.2 432.8 435 435.1 438.2 436.3 436.3 438 447.2 457.5 465.8 473.4 469.9 465.7 459.9 452.7 445.6 437.8 422.7 415.7 400 382.8 364.7 350 333 317.3 300.3 289.2 277.5 264.7 250.1 228.5 215.3 208.3 206.9 206.1 197.1 198.6 198.9 198.4
352.9 360.4 378.9 395.6 414.2 421.4 423.3 421 415.2 407.6 399.4 385.3 376.5 363.1 344 328.1 310.4 303 296.3 288.7 279.7 263.6 253.9 253.9 253.9 253.9 253.9 259.5 289.4 326.7 374.2 418.2 418.9 418.9 429.4 430.3 433.6 436.9 438.5 443.8 451.2 449.2 447.6 440.9 441 439.8 449.3 460 470.1 481 474.8 468.1 460.3 455.6 450.6 443.3 432.2 429.2 416.5 396.2 386.3 362.3 342.6 318.2 295.9 283.6 270.1 253.3 239.6 222.8 209.6 205.9 201.9 200.3 197.8 200.2 200.2 200.7
338.8 353.4 368.4 377.7 403 415.6 419 418.9 414.9 411.1 404.8 398.8 394.4 386 366.3 345.7 326.4 311.6 304.2 297.7 287.2 260.5 253.9 253.9 253.9 253.9 253.9 258.1 284.5 322.9 374 429.8 430.1 424.4 428.9 429 431.7 435.4 441 451.1 451.3 450.1 451.3 450.8 446.9 447.4 453.1 462.6 472.2 480.3 478 470.8 462.3 455.2 450.3 442.4 436.2 430.5 419.5 405.3 389.9 363.7 334.7 313.9 288.7 272.6 262 243.8 231 214.9 208.1 201.9 201 197 202.3 203.9 205.4 208
336.1 338.8 354.5 362.1 385.9 410.4 417.5 416.7 417.6 415.8 412.9 410.5 411.8 400.8 387.4 368.2 344.9 324.2 312.6 304.1 293.9 263.8 253.9 253.9 253.9 253.9 253.9 254.6 277.1 311.2 355.3 407.8 431.4 429.9 428.9 430 432.7 437.3 441.6 448.3 451.1 452.4 454.9 454.6 454.1 453.3 456.8 465.8 471.3 477.6 475.6 470.1 458.8 456.7 447.2 439.3 434.7 428.4 420.3 405 389.6 356.4 328.1 307.1 283.9 269 254.4 235.7 215.8 211 204.9 201.2 200.8 200.2 205.5 207.1 209.8 215
347.7 327.4 331.7 343.4 374 399.1 410.4 414.9 419.5 420.4 418.4 421.1 420.6 410.8 399 383.3 363.5 343.4 326.9 310.8 297 278.2 253.9 253.9 253.9 253.9 253.9 253.9 271 303 338.6 379.6 420.6 432.4 430 432.7 437.7 439.1 439.6 445.2 449.7 454.7 458.5 459.3 457.4 457.5 459 465.5 471.1 472.5 471.1 467 458.9 451.5 440.5 439.6 431.5 426.4 417.4 404.8 386.4 351 322.8 296.6 277.2 266.7 237.7 227.8 211.9 208 199.3 198.7 201.6 206.1 209.2 211.4 219.2 224
350.6 330.4 308.8 325.2 349.9 382.4 399 411.6 420.9 421.3 423 427.4 428.1 419.9 408.3 392.7 380.9 363.2 340 323.8 301.6 279.4 253.9 253.9 253.9 253.9 253.9 253.9 264.2 291.3 322.3 361.1 399.9 428.7 434.4 439.9 441 439.1 442.5 446.6 451.7 456.6 461.3 460.9 460.3 458.9 458.8 467.8 470.3 466.7 465.4 459.9 454.1 448.1 442.3 436.4 427.9 423.3 413.2 399.6 370.8 335.2 307.1 285.8 266.3 239.3 235.2 214.9 207 199.3 201.6 201.3 206.7 208.3 214.6 221.7 233.5 239.8
341.7 314.2 300.3 315.1 325.7 346.2 375.2 407.8 417 421.9 427.9 431 430.9 424.7 414.4 401.6 392.3 379.6 360.6 349.2 316.9 280 254.4 253.9 253.9 253.9 253.9 253.9 254.7 279.4 306.2 340.8 388.8 421.9 439.8 442.3 447.5 445.9 449.1 449.3 453.7 459.8 466.8 468.3 462.2 460.6 459 467.6 461.3 461.2 459.2 456.3 449 448.1 440.9 431.3 422.2 416.5 402.9 379.9 345.9 317.8 295 271.7 241.1 237.7 219.4 209 199.5 203.1 202.8 204.3 208.4 215.4 224.5 236.8 250.6 261.8
324.9 305.6 297.6 302.2 314.4 322.2 346 371.5 383.3 414.3 430.3 432.5 428.2 423 415.6 405.9 397.5 388.8 378.8 354.2 326.5 285.9 260.8 253.9 253.9 253.9 253.9 253.9 253.9 267.7 295.1 324.1 356.3 394.9 431 441.7 445.7 449.5 450.3 453.7 457.8 462.2 470.5 470.7 465.6 460.3 458.6 461.7 461.1 455.5 454.6 452.2 449.4 445.3 437.1 428 417.5 408.3 382.6 352.5 324.5 297.2 275.1 243.3 237.7 220.9 218.6 200 204.1 203.4 203.7 208.2 216.4 223.6 237.4 259.4 274.7 290.2
313.9 300.9 291.8 291.3 303.6 305.3 319.1 335.7 352.3 371.6 400 419.8 423.3 421 416.7 408.3 401.6 392.9 381.7 372.6 334.6 292.8 267.2 256.7 253.9 253.9 253.9 253.9 253.9 257.7 282 309.1 345.2 379.8 419.2 440.5 447.5 449.4 453.4 459.1 461.3 462.9 469.7 469.4 465.2 457.8 456.8 461.4 461.8 450.8 447.9 448.6 446.4 440 434.1 424.2 404.6 378.3 352.6 325.1 299.8 281.5 242.6 237.7 221.5 215.6 207.1 201.3 205.2 206.3 206.9 214.2 224.4 235.8 255.4 279.1 298.1 315.5
310.7 302.8 292.9 289.8 294.2 299.7 300.5 314 326.1 340.7 356.6 380.8 410.2 418.5 416.5 410.9 406.7 401.3 388.2 375.9 342.4 298.8 281.3 261.7 254.2 253.9 253.9 253.9 253.9 253.9 269.4 296.8 327.5 367.7 405.9 433.1 443 449.4 455.7 460.3 464.5 467.5 468.2 468.1 461.4 452.7 450.2 459.3 460.6 446.6 439.3 440.9 439.6 431.6 421.8 404.8 377.8 350.4 327 304.7 287.7 248.3 237.7 219.5 214.1 210.6 202.3 205 207.4 206.1 211.4 221.6 235 254.9 277.8 298.3 315.2 331.6
310.5 299.5 292.5 289.6 288.9 288.8 287.2 295.9 304.3 315.6 328.1 343.5 363.3 386.1 412.3 409.7 402.2 400.9 396.7 382.8 340.4 305.3 286.2 265.2 255.2 253.9 253.9 253.9 253.9 253.9 261.6 286.5 316 348.8 384.5 422.6 440.5 450.2 457.6 463.2 467.9 469.9 469.6 466.3 460.8 449 444.9 455 455.1 443.4 435.8 435.6 432.7 423.4 406.2 387.6 358.5 329.2 303.3 282.6 252.3 237.6 226.1 212.2 209.6 203 205.2 206.9 210.9 214.7 222.1 234 249.5 275.6 298.5 318.2 331.7 343.3
314.5 305.9 299.9 294.6 290.5 287.9 279.5 283.5 291 296.3 306.2 317.7 331.9 349 368.4 390.4 395 401.3 396.3 375.9 333.8 306 284.7 268.7 255.1 253.9 253.9 253.9 253.9 253.9 259.2 281.3 307.8 346.7 383.7 410.8 434.8 450.5 458.6 464.5 469.1 469.5 468 463.8 458.2 448.5 438.6 449 448.2 440 432.9 425.8 421.7 411.9 389.2 371 343.5 318 290.7 265.6 237.4 230.5 218.3 206.6 203.2 205.4 206.9 209 215.3 225.5 233.5 245.2 268.2 294.4 318.9 334.8 348.3 354.6
325.8 315.7 306.7 300.7 298.5 295.9 286 278.6 281.7 282.6 288 294.9 307.2 320.7 335 352.6 371.7 376.5 363.8 346.4 325.8 297.5 283.5 266.7 254.8 253.9 253.9 253.9 253.9 253.9 255.9 277.4 305.2 336.2 378.6 406.7 427.7 445.7 457.4 464.7 465.8 465.9 463 458.3 453.1 442.4 429.9 437.2 441 435.3 429.1 418.3 401.7 396.4 373.4 353.3 336.2 309.8 276.3 255.2 236.4 218.4 207.4 203.9 206.3 207.5 209 213.9 221.8 233.6 243.8 259.4 285.9 313 338.6 353 361.8 367.9
338.5 328.6 322.6 313.4 309.2 303.8 282.7 279.4 276 271.7 275.1 280.3 287.7 298.2 311.7 323.6 333.7 343.8 342.8 331.8 313.8 295.7 279.5 264.6 254.4 253.9 253.9 253.9 253.9 253.9 257.5 278.6 305.5 335 373 402.5 424 443.2 455 460.6 461.6 460.9 456.5 449.9 441.3 431.4 417.5 423.4 431.8 429.2 423.9 417.8 397 371.4 366 349.2 320.6 289.2 265 242.6 226.3 211.7 204.5 207.3 211.3 212.1 214.1 220.5 230.9 241.8 252.8 271 300.5 326.6 348.6 362.6 376.1 385.6
358.1 346.9 338.6 326.4 317.8 308.7 293.9 281.2 277.4 272.1 269.7 270.1 275.6 283.3 291.4 300 306.7 317 318 311.8 300.7 292 274.3 259.5 253.9 253.9 253.9 253.9 253.9 253.9 261.9 281.6 307.8 339 374.3 403.1 424.5 441 450.9 458.3 460.1 456.4 448.1 438.9 427.8 413.9 406.2 409.6 424.5 422.4 416.9 408.8 379.1 346.1 338.2 328 304.5 280 254.1 232.9 213.2 205.4 207.8 210.1 217.3 218.8 219.8 230.5 241 250.2 261.6 281.6 310.8 342.3 360.7 374.2 390.5 403.4
374 362 353.6 341.7 328.8 320 305.8 295 288.9 281.4 272.6 267.9 263 268 274.7 282.8 289.5 297.4 295.1 291.4 287.2 278.6 265.5 254.3 253.9 253.9 253.9 253.9 253.9 253.9 271 288.4 313.7 347 381 408 425.4 441.1 450.5 454.8 454.8 450.8 440.9 425.9 408.2 394.6 389.1 396.7 407.6 406.8 397 386.4 370.3 328.5 306 306.1 297.4 267.7 240.6 221.5 211.3 208.8 210.8 222.5 231 225.7 227.9 241.8 253.9 261.1 270.4 292.4 319.6 347.3 371.2 388.3 405.4 418.5
390.5 378.4 367.5 356.9 342.5 333.2 324.1 308.8 299.8 291.4 280.8 272.6 266.1 260 261.3 268.8 274.7 280.3 278.8 276.2 275.8 266.7 256.2 253.9 253.9 253.9 253.9 253.9 253.9 258.2 281 298.4 325.3 359 387.5 414.2 429.5 443 451.9 453.6 450.9 446.8 437.5 415.9 391.2 370 362 384.1 391.2 390.9 378.2 367.2 349.7 302.3 280.7 274.4 267.9 246.2 230.6 213.4 207.4 212.7 223.5 242.7 255.9 243.6 236.7 248.5 260.5 267.5 282.7 306.8 332.2 357.6 382.6 403.6 416.2 432.6
