data/290000-230000.asc
ncols 200
nrows 200
xllcorner 290000
yllcorner 230000
cellsize 50
[rows 140 to 174 of 200, columns 0 to 77 of 200]
318.6 322.7 325.9 328.9 331.4 330.2 328.1 321.3 314 302.5 287.4 272.5 259.9 250.9 242.9 236.9 232.8 231 230.9 231.5 235.3 241 246.6 251.3 258 265.3 270.9 275.4 279.4 282.7 285.9 285.9 280.7 278 275.9 275.5 279.2 288.7 298.7 310.1 322.6 333.2 344.8 354.4 361.6 368.2 371.4 372.9 373.8 375.8 373.1 370.4 367.7 366 365.5 368.1 370.1 373.6 378.3 382.7 388.9 394.8 397.5 395 391 387.6 387.6 389.1 391.8 396.6 400.2 399.2 396 392.2 387.2 372.3 355.2 342.2
327.4 330.5 331.3 333.7 336.6 337.5 336 327.4 317.4 307 291 272.4 259.3 250.9 243.7 238.5 234.1 230.3 230.7 234.5 242.8 251.2 257 261.1 266.4 271 275.2 280.1 282.7 285.4 284.9 279.9 274.8 268.4 270.2 279.7 287.6 295.9 308 318.3 331.1 340.2 350.2 360.1 367 370.9 374.1 374.6 374.6 373 370.8 364.9 361.4 361.6 362.4 365.8 368.9 374.4 379.5 387 393 397.1 397.2 393.8 388.9 383.5 381.2 383.4 388.1 391.6 394 391.7 387.4 381.5 369 357.3 343.1 329.7
336 337.8 337.9 338.1 341.8 342 339.5 332.3 320.2 307.6 291.2 272.1 257.7 247.7 242.7 237.9 233.7 229.4 233.4 241.6 251.4 255.7 261.3 264.7 268.3 272.2 277.4 281.9 284.7 284 279.8 274 265 271.4 278.9 287.2 296.9 306.5 317.2 328.3 337.7 347.3 356.8 365.4 370.6 374.5 377.6 376.2 371.7 369.1 363 358.7 356.2 357 359.4 363.3 370.2 376 381.6 387.8 393.1 396.1 394.5 390.3 385.5 379.2 374.4 377.1 381.9 382.6 383.1 380.3 376.3 370.1 359.1 346.5 331.7 319.4
339.7 343 343.4 343.1 346.3 347.1 343 335.7 325.9 311.3 293.7 274.5 258.3 245.2 242 237.6 232.8 228.6 231.2 237.1 246.2 251.4 253.8 261.1 266.3 272.2 277.2 281.5 283.8 281.3 275.2 264.2 268.1 275.8 284.5 294.2 305.2 315.9 325.9 336.2 345.7 354.6 363.3 369.5 373.5 376.7 375.7 373.3 367.5 359.6 353.8 351.3 351 353.7 357.6 364.5 371.7 378 382.3 387.6 391.2 392.7 390.1 387.5 381.7 374.2 368 370.3 374.8 371.7 369 368.3 364.1 358.5 348.3 334.9 323.6 314.2
341.8 346.1 348.1 347.9 350.3 351.6 347.4 342.4 334.1 320.4 306 286.8 272 252.6 242.8 238.6 232.8 228.7 227.9 228 239.5 245.4 247.9 257.5 265 272.2 277.6 279.9 280.4 275.3 267 263 271 280.1 290.3 302 313.4 324.6 335.2 344.3 352.9 361.6 367.4 371.9 374.7 374.7 371.1 365.2 358.5 351.2 347.4 346.8 346.3 351.2 357.1 364.4 370.5 376.4 382.1 388.3 390.9 388.9 385.4 382.2 377.5 369.9 361.8 361.1 363.6 360.4 360.5 356.1 350.2 347.4 337.9 328.4 320.4 312
344.6 348.8 351.2 352.2 354.3 354 351.5 346.6 340.5 328 315.7 303.2 289.3 267.6 251 241 235.4 230.4 228.7 228.4 229 235.7 244.3 252.8 261.7 270.1 272 274.4 272.7 267.8 257.1 265.1 274.5 285.4 297.8 310.3 324 334.5 342.6 350.7 358.9 366.4 370.8 371.2 370.4 368 360.8 352.3 347.6 343.3 343 341 341.4 348.6 354.7 359.8 366.1 372.9 379 383.8 384.7 383.2 380.1 377.2 372.8 365 355 351.7 352.5 349.6 345.1 342 339.6 337.2 331.8 324.9 317.5 310.6
347.4 351.2 352 355.7 357.5 357.1 354.6 348.6 341.6 332.5 322.2 310.6 301.5 288.3 268.2 252 240.6 233.4 229.9 228.5 227.9 231.9 241.9 250.5 258.6 263.7 268.6 269.3 261.8 251.1 263 270.3 278.4 293.1 305.7 318.7 332.2 340.8 349.8 355 360.4 363.2 364.9 362.1 360.5 355 345.4 340.1 338.6 336.6 338.4 335.5 336.8 343.9 350 355.4 361.6 369.1 374.9 374.7 375.7 375.8 373.5 371.6 368.2 361.4 350.8 343.4 341.2 338.9 331.9 329.3 329.1 327.1 323.8 320.6 314.9 309.5
350.2 353.2 356.1 358.6 360.5 358.7 354.8 349.1 341.1 332.3 324.4 313.6 304.8 294.3 278.3 265.3 246.6 236.6 229 228 227.3 232.4 237.8 246.7 253.4 259.4 263.1 263.4 249.2 258.8 267.8 274.2 286.7 298.6 312.4 324.4 335.7 344.7 349.8 353.3 353.9 352.8 350.3 347.4 342.8 337.3 335.2 332.8 331.1 332.3 331.3 331 333.7 338.6 345.1 351.9 358 362.7 364.7 365.5 367 366.7 367.4 366.4 363.5 358.9 350.2 341.1 335.6 331.8 327.4 322.6 320.3 319.8 317.4 315.8 315.5 317
355.7 358.9 360.8 360.9 360.5 358.7 354.7 348 339.9 330.5 324.2 315.4 305.6 296.2 282.6 270.2 250.7 240 230.3 227.6 226.7 231.4 236.6 246.6 252.3 256.6 256.6 248.6 257.3 263.7 271.8 278.2 290.8 305.3 316.5 328.3 334.9 340.9 345.5 346.3 345.3 340.9 336.6 333.2 329.1 329.2 328.1 326.7 328.7 328.6 326.5 325.6 329.5 332.3 337.1 344.2 349.9 351 352.9 355.8 357.8 357.5 358.7 359.6 356.9 353.8 347.6 340.9 333.9 329 325.1 320.9 317.9 316.3 316.4 317.6 320 324.1
360.2 361.9 362.1 360.9 360.2 356.6 351.9 345.8 337.2 328.9 320.9 312.4 302.3 293.7 280.6 263.9 255.1 246 234 227.4 226.3 230.6 237.8 246.9 251 251.6 247.1 247.3 257.2 264.9 273.4 281.2 293.7 308.3 317.3 325.9 328.8 331.9 335.9 332.9 329.6 327.3 324.8 323 321.5 322.4 324 322.9 326.4 325.8 322.3 319.8 323.5 326.2 329.5 333.8 337.7 338.6 342.2 345.8 346.9 347.9 349.6 352.3 350.2 347.7 344 339.4 331.5 323.9 321.5 318.7 318.3 317.8 319.4 324.6 326.9 329.4
366.1 366.3 364.3 362.7 360.6 355 348.6 343.1 334.9 326.2 316.6 307.7 298.4 287.7 274.5 260.8 250.8 244.3 238.7 230.8 226 227.7 233.5 242.1 246.9 246.4 239.6 247 254.8 264.1 273.2 284.3 295.1 306.6 314.8 317.3 318.9 319.3 319.8 319 317.4 316.1 314.8 316 316.2 316.8 317.2 319.2 324.8 322.5 318.7 312.6 316.8 318.6 321.4 324.3 327.7 329.8 332.5 334.7 336.6 337.5 340.5 341.9 341.4 339 336.4 331.8 325.5 320.1 317.9 315.2 316.4 318.7 324.5 330.7 333.5 338.5
371.1 369.1 367.1 364.5 360.2 354 347 340.3 332.8 323.2 313.3 304.6 295 285.3 271.3 257.9 246 240.7 235.1 228.8 225.8 225.1 229.3 234.2 239.9 240.5 235 244 255.1 262.5 272.7 283.2 292.9 300.4 306.3 306.2 306 306.5 307.8 308.7 308.5 308.2 308.5 309.1 309.5 310.2 310.8 314.5 321.9 319.3 314.7 309.7 307.6 309.4 312.7 314.7 316.5 319.9 322.8 324.8 326.3 327.8 329.7 331 330 330 327.9 323.7 319.2 315.8 313 310.5 313.7 320.8 327.6 333 339.2 344
372 371.2 367.5 363.1 357.5 351.2 344.4 337.3 330.4 321.2 312.4 302.6 291.9 280.9 267.5 253.3 242.3 236.7 231.1 227.6 225.6 226 227 231 233 235.3 233.5 243.7 252.1 259.1 269.4 277.8 286 292 296.6 294.2 293.9 296.7 299.3 300.7 302.2 302.9 302.7 302.4 303.2 303.8 305.1 310.5 319.1 320.9 314.4 309.1 302.4 301.3 302.3 305 307.7 310.8 313.4 315 316.3 317.6 319.3 320.1 319.9 319.9 318.7 315.6 313.2 310.7 309 306.6 311.1 320.6 327.6 335.1 342.6 349.3
372.7 371.4 367.1 361 354.1 347.9 341.5 334.4 326.8 320.1 312.7 302 288.5 280.2 262.7 249.5 241.4 236.1 232.7 229.3 225.7 226.5 224.5 228.9 230.7 231.5 233 240.6 248.8 255.9 261.9 270.6 277.6 284.4 284.5 282.8 286.1 289.8 293.6 295.2 296 296.1 294.9 295.8 297.2 298.5 300 310.6 318.9 320.9 318 313.5 305.7 295.7 295.6 296.4 298.8 301.4 303.5 305.9 308.1 309.4 310.6 311.7 311.6 311.2 310 307 307.7 306.5 304.3 302.5 306.2 316.3 325.1 333.4 344.5 353.5
372.7 370.5 365.5 358.9 351.3 344.9 338.5 331.5 326.3 320.7 315.4 308.1 297.9 287.8 269.6 262 248 240.8 235.3 231.5 227.7 224.9 224 225.8 228.8 229.8 230.9 235.8 243.6 251.2 257.2 263.3 269.3 272.5 273.2 275.2 280.8 284.1 287.2 287.4 286.9 287 288 291.4 290.7 293.9 301.4 311.5 318.7 321.2 321.6 317.9 310.1 301.3 292.6 288.8 290.4 292.6 294.8 297.9 300.1 301.4 302.7 303.7 303.3 302.7 301.5 302.3 302.3 301.7 300.1 298.2 302.5 311.7 322.6 334.7 343.7 352.8
372.4 368.7 362.1 354.4 345.8 339.1 332.6 328.2 323.8 320.9 317.5 311.2 305.4 295.4 281.7 271.8 261.2 246.2 239.9 235.4 230.5 226.5 223.9 224 225.9 227.1 230.2 229.2 237.5 245.1 251.7 257.4 263.3 266.1 266 267.4 271.5 274.9 277 278.3 279.8 281.1 282.6 285.4 287.9 293 301.8 311.5 319.3 322 324.4 319.8 314.4 306.5 296.4 286.8 283.2 282.5 286.4 289.9 292.1 293.4 294.7 294.9 293.1 293.3 295 295.6 296.1 296.1 298 295.3 300.6 307.8 321.4 332.6 340.6 350.6
370.2 364.7 356.8 348.8 338 331.6 323.4 319.4 318.4 320.1 319.1 314.2 311 300.5 289.4 279.2 268.1 255.8 245.7 239.4 234.8 230.7 226.5 222.9 223.4 223.5 223.8 227.9 231.3 239.6 246.5 252.8 257.5 259 258.1 261 265 267.4 269.5 272.6 274.5 275.5 277.8 279.9 286.9 294.4 301.7 312 319.4 321.7 323 321.3 313.6 308.9 301.4 296.7 283.2 276.4 276.6 281.8 283.9 285.3 286.7 286.7 287.7 288 290.3 290.5 290.9 291.5 294.7 298.9 305.1 311.7 320.8 329.5 339.9 351.3
367 360.3 352.6 342.5 331.6 320.6 317.3 312 311.7 312.9 315.7 316.2 314.4 309.7 300.2 290.1 279.6 267.4 257.5 249.5 243.6 238.6 232.7 226.4 222.3 222.1 221.3 223.1 226.9 229.7 238 247.5 248.4 247.6 247.6 254.6 259.7 262.1 263.7 267.2 270.2 272.5 277.3 282 286.4 294.5 304 314 321.5 321.7 321.4 320.5 312.3 307.2 304.2 297.8 288.4 280.4 273.9 273.1 276.6 278.5 280.4 282.4 283.5 282.4 285.5 287.7 287.9 290.9 299 306.7 314.7 322.4 329.3 336.7 343.4 350.8
364.4 356.9 347.5 336.2 330.3 326.6 319.1 315.3 312 308.1 307.5 311.8 314.9 313.3 309.8 304.3 295 286.5 275.8 266.1 258.4 253.1 247.3 237.1 228 223.5 221.9 221.6 223.5 225.2 231.8 239.8 243 240.5 243.5 249 253.5 255.5 259.3 261.4 265.7 271.7 277.2 283.3 288.8 296.7 307.5 318.3 322.7 321.4 318.9 316.5 310.5 307 303.1 297.6 291 284 277.5 270.1 270.6 271.8 275.8 278.9 281.3 280.4 285.4 288.7 293.7 301 309.4 318.7 327.5 335.5 341.7 346.8 353.1 359.9
362.1 355.7 346.1 341.5 341 334.9 329.2 324.3 319.6 311 297.5 300.4 306.9 314.1 313.4 313.1 308 302 294.5 286.4 276.8 268.7 262.9 252.1 239.3 229.4 223.7 221.4 220.9 221.3 221.1 233 235.8 236.7 239.5 243.2 247 249 254.9 261.4 265.6 270.8 277 284 290.8 299.5 312.6 320.3 325.2 323.8 319.7 315.7 312.1 308.3 304.6 294.9 284.8 278.6 273.8 270.4 267.4 268.5 274 280.1 285.5 290 294.1 300.2 305.7 313 322.8 332 341.5 349.5 354 358.4 363 370.2
362.5 357.3 353.7 351.1 347.8 341.7 336.4 332.7 326.8 317.5 300.5 288.2 294.8 301.9 310.5 317.5 319 315.8 312.3 303.9 294.6 283.8 274.9 260.4 245.6 231.1 222.7 221.7 220.3 218.8 218.9 225.2 229.3 231.5 238 240.7 246.6 250.6 254.5 260.6 265.3 270.8 277.8 284.7 292.7 301.8 314.6 321.8 326.8 325.8 320.7 318.8 314.3 307.7 301.4 291 280 272.8 269.3 261.3 267.3 275.6 282.9 290.1 297.7 302.3 307.9 315 319.2 326.3 336.6 346.4 354.5 358.9 363.4 367.7 372.4 375.5
366 362.4 361.2 358.8 354.5 348.7 343.7 339.5 330.9 320.1 307.8 289.3 284.9 290.1 301.7 313.3 320.8 321.4 318.2 311 302.7 291.5 280.5 267.3 253.6 239.6 229.9 227.1 225.1 224 220 219.3 226.8 233.2 238.4 242.8 247.3 250.9 254.8 260.6 266 271.9 278.6 286.9 295.3 304.6 315.6 322.7 325.8 324.7 323 321.5 317.2 309.3 298.9 286.9 273.8 268.9 263.1 262.5 271 281.9 291 298.7 307.2 313.9 319.4 325.3 331.9 339 346.1 356.2 363.3 367.7 373.4 375.7 380.6 382.8
370.5 368.2 365.8 363.2 359.5 353.7 348.5 343.2 334.9 324.1 310 289.6 278.9 282.4 291.5 303.3 314.5 318.3 318.6 312.5 303.8 293.5 282.1 271 259 246.1 239.8 237.5 234.5 231.2 224.6 218.8 223.3 232.2 237.1 242.1 247.5 252.3 257 262.3 268 273.9 278.8 289.3 297.5 306.8 315.8 321.9 324.6 324.3 324.1 323.5 319.8 311.1 296.4 279.7 269.4 261.8 257.2 264.2 273.2 284.3 295.3 304.1 313.2 320.5 327.9 334.9 343 350.2 357.1 363.9 372 377.6 381.3 383 384 386.9
372.1 370.9 368.4 365.5 361.9 357 351.2 346.4 338.7 324.8 306.6 286.9 276.2 275.4 282 293.2 304.7 310.9 312.9 308.5 299.7 289.8 279.4 266.7 254.2 251.9 248.4 245 239.5 231.4 225 218.1 219.9 230.3 237.6 243.6 249.5 254.7 259.7 266 272.7 278.7 283.9 292.5 300.2 307.4 315.4 320.4 323.4 324 323.1 322.3 320.5 311.7 291.6 275.1 265.4 255.5 257.2 264.5 275.1 285.5 295.8 307 316.8 324.7 333.9 343.4 352.2 359.9 366 372.9 379.5 385.4 388 388.1 387.5 389.4
373.6 372.4 370.3 366.9 363.5 358.1 352.2 346.1 337.6 325.7 305.2 285.3 271.4 267.7 272.9 281.8 294.9 301.7 301.1 297.9 289.5 279.3 267.8 254.8 251.3 247.2 244.5 242.2 235.1 228.3 222.7 217.6 221.8 230.5 238.6 244.9 251.2 257 264.2 271.1 277.5 284 290.2 295.6 301.7 308.3 314.7 319 321.5 321.9 321.2 320.7 316.2 303.7 283.9 269.7 263.1 253.9 258.3 263.5 274.3 285.7 297.3 309.9 319.9 328.9 339.7 350.9 359.8 368.1 374.5 381.1 385.8 389.7 391.4 391.4 390.7 389.5
373.9 373.5 370.6 367.3 363.9 358.2 352.4 344.9 336.1 321.2 304.2 282.8 268.6 264.1 264.6 269.2 281.5 285.7 287.4 286.4 278.1 266.1 254.8 246.6 241 239.4 236.8 233.1 226.1 218.6 218 219.7 225 233.6 241.2 247.4 253.9 260.6 267.7 274.7 281 287.3 293 296.9 302.9 309 314 318.1 319 319 318 315.7 308.7 293.4 275.4 265.8 258.2 252.4 258.2 262.8 274.1 285.3 297.5 310.6 322.5 334.2 344.7 355.7 364 372.4 379.6 386.4 389.1 390.9 392.6 391 389.1 388.5
373.9 372.8 370 367.1 363.7 359.2 351.8 346.2 334.8 320.2 301 277.7 266.6 260.5 258.3 257.8 265.2 271.3 274.6 273.3 264.4 252.2 244.5 238.7 234.3 232.7 230.9 224.9 218.1 217.6 218.6 223.8 231.9 237.8 244.3 250.7 257.4 264 270.7 277.4 284 290.4 296.1 300.7 304.8 309 313 316.6 317.5 316.6 314.4 310.2 300.3 284.1 268.5 261.8 253.2 252.2 258.9 263.1 270.4 282 296.2 310.8 323.5 337.1 348.5 357.4 367.8 374.5 381 390.1 389.8 390.6 390.1 388.4 387.4 384.8
373.9 371.8 369.2 367.4 364.3 360.4 353.9 347 337.8 325.3 305.8 282.7 268.4 260.9 253 251.9 255.1 261.6 262.6 261.5 252.7 244 236.7 230.9 228.7 227.8 224 218.4 217.5 217.1 223.7 229.7 236.4 242.7 248.6 256.3 262 268.3 274.6 281.3 287.5 293.8 299 302.4 306.5 309.4 312.8 315.7 315.9 314.2 310.2 305.2 290.7 272.9 264.9 257.9 251.3 251.9 260.5 263.4 269.5 279.9 296.9 309.6 322.3 334.9 347.7 358.4 366.4 373.9 381.5 388.8 388.1 386 383.2 382.7 381.3 380.6
372.7 370.4 367.8 367.3 365.6 362.9 357.1 348.7 339.6 325.6 312 286.9 269.5 261.3 254.4 249.6 249 252 252.2 249.9 247 236.1 229.5 226.4 223.6 221.3 219.4 218.2 217.2 222 226.5 233.2 239.8 247.3 255.4 262.4 267.6 272.3 277.7 284.9 290.9 296 300.2 303.1 307.7 310.1 312.5 314.2 314.1 311.9 307.8 302.1 283.2 267.8 261.3 254.6 250.7 252.6 259.9 263.9 272.7 284.2 297.8 309.7 321.1 333.6 344.9 355.2 363.8 372.8 379.1 385.4 384.6 381.9 377.5 371.1 372.8 371.5
370.6 368.5 366.4 365.5 366.4 364.3 360.3 350.9 340.2 322.7 304.4 285.6 271.6 263.2 254.7 244.7 242.8 241.1 241.7 239.9 235.3 228.4 224.2 220.7 219.3 217.9 218.6 218.7 220.6 225.3 231.6 237.5 244.9 253.5 259.6 265 269.7 274.9 280.4 286.4 291.3 295.5 300 302.2 306.4 310 311.1 312.3 311.5 309.2 305.2 298.9 277 263.8 256.8 252 247.4 251.8 260.9 267.5 279.2 291.1 301.7 311.7 323.3 336.7 346 353 360.7 368.2 373.8 377.2 375.6 375.5 372.9 360.9 362.4 361.9
368.5 366.3 363.7 365.3 367.2 365.3 359.6 351 340.8 320.6 299 282 272.5 264.3 255 243.7 238.8 236.7 232.6 230.4 227.7 224.6 220.9 218.8 216.3 215.4 216.8 220.4 224 229.5 236.4 241.7 249 255.8 261 266.5 270.8 275.9 281.1 285.9 290.5 295 298.5 301.2 304.2 307.5 308.5 309 308.6 305.9 302.2 294 274.5 260.6 253.9 247.4 242.7 253 260 270.7 282 291.9 303.2 314.3 325.8 337.6 346.4 351 357 359.6 362.5 364.4 360.8 357.5 354.8 352.6 351.3 351.2
363 362.1 364.5 367.7 368.4 366.6 360.8 353.3 341.4 325 303.7 284.8 274.4 265.7 256.3 245.4 243.5 242.7 236.9 231.3 227.5 223.3 220.4 219.6 216.5 214.4 222 225.2 225.2 230.7 238.7 245 249.7 257.6 263.3 267.3 271.5 276 280.4 285.1 289.6 293.4 296.6 299.4 302.4 305.5 305.6 305.4 304.3 302.2 297.8 288.6 269.3 258.4 251.9 243.4 241.4 252.8 259.5 271.3 281.5 291.5 303.6 315.7 328.1 339 343.9 347.7 350.5 353 352.6 352.8 349.6 346.4 343.6 341.2 340.8 341.2
358.9 360 364.4 368.4 369.4 367.1 361.4 353.3 340.2 327.1 308.6 289.2 276.6 267.2 259.3 254.3 252.4 250.6 244.5 236.3 231.7 229.4 223 215.8 214.3 214.2 225.4 225.7 226.3 233.4 242 249 255.3 260.2 264.6 267.9 271.8 275.5 279.3 283.4 287.6 291.1 294.9 297.1 299.9 303 302.1 301.8 299.7 297.2 293 284.3 269 257.2 250.2 241.1 239.5 252.8 260.3 271.6 281 291.2 303.1 316.6 328.4 335.4 338.9 341.7 343.5 343.2 342.3 341.4 338.1 334.7 330.8 328.9 327.5 329.8
358.8 361 363.6 366.6 368.4 366.7 360.6 351.8 341.6 327.4 309 292.1 279.6 271.3 265 261.7 257.1 253 247.4 241 233.7 230.7 225 215.4 212.9 215.6 222.1 223.4 227.1 234.5 243.9 254.1 260.1 261.2 264.6 267.7 270.8 274.3 277.5 281.4 285.3 288.8 292.2 295.6 297.5 299.3 298.5 297.3 293.9 291.9 287.5 280.4 266.7 255.2 248 238.8 245.2 253.9 260.5 271.4 280.8 290.9 303.1 316 324.5 326.2 327.3 327.6 330.2 330.4 329.4 326.7 324.3 321.7 319 318 315.4 317.4
356.5 361 362.2 364.9 367.5 366.2 361 352.2 342.6 326.7 310.8 296.1 284.1 275 268.4 263.9 259.8 253.9 247.3 241 235.1 230.9 224.3 215.3 212.6 213.1 219 221.6 225.8 236.8 248.3 256.7 260.7 259.8 261.9 265.9 269.6 272.5 275.1 278.7 282.6 286 289.4 293.6 295.3 295.8 295.3 292.5 288.7 285.1 280.6 274 263.1 254.3 246.5 231.6 246.3 252.1 260.8 271.8 279.5 290.6 302.2 314.2 317.1 315.6 315.4 314.3 314.7 314.2 313.7 313.9 313.4 313.1 310.8 309.9 307.8 307.4
