data/290000-90000.asc
ncols 200
nrows 200
xllcorner 290000
yllcorner 90000
cellsize 50
[rows 0 to 37 of 200, columns 85 to 169 of 200]
26.8 26.8 27.2 27.9 28.7 29.6 30.9 32.4 33.7 35.1 36.1 36.2 36.3 33.7 30.1 24.4 23.7 22.6 24.1 24.5 23.4 24.3 24.4 23.5 23.6 23.8 23.9 24 24.2 24.3 24.4 24.5 24.6 24.9 28.3 31.4 33.1 34.4 37.3 40.1 42.4 45.6 48.5 49.1 46.1 43.4 41.4 39.4 39.7 40.2 41.2 42.3 43.3 43.8 44.2 44.3 44 44.4 44 43.4 42.9 42.3 41.5 40.6 39.4 38.4 38.6 37.4 35.9 34 32.7 33 34.8 34.3 34.3 33.9 33.3 35.2 35.1 36.4 37.1 39.6 43.3 43.2 44.2
26.6 26.7 26.7 27.5 28.6 29.6 30.9 32.6 33.9 35.2 36.3 36.6 35.6 31.8 25 23.4 22.8 22.4 23.2 24.4 26.4 24.5 23.5 23.3 23.5 23.8 23.7 23.8 24.1 24.3 24.4 24.5 24.3 27.6 30.2 32.1 33.2 34.1 36.1 38.9 39.9 42.2 43.2 44.3 44 41.8 40.5 39.1 39.2 39.3 40 41 41.6 41.6 41.5 41.4 41.2 41.4 41.8 41.2 40.7 40 38.9 38.7 38 37 36.9 35.2 33.8 32.7 31.2 31.8 32.8 32.9 30.9 32.8 33.6 34.6 31.9 35.9 36.7 39.9 41.2 42.8 43.6
26.4 26.6 26.7 27.5 28.6 29.6 31 32.8 34.1 35.4 36.5 36.3 34.6 28 23.8 22.9 22.3 22.3 22.5 26.5 24.6 24.6 23.2 23.4 23.6 23.8 23.8 23.7 23.6 23.9 24.2 23.8 24.6 28.2 30.7 32.3 33.4 34.3 35 37.8 38.5 39.3 40.2 40.2 40.4 40.2 38.9 38.3 38.1 38.4 39.2 39.9 39.9 39.9 39.9 39.8 39.7 39.1 38.9 39 38.5 37.3 36.2 36.4 36 35.8 34.7 33.4 32 30.5 29 30.1 31.5 31.3 31.5 32.2 33.9 34.8 31.7 34.8 36.2 37.9 39.8 40.9 41.3
26.5 26.7 26.8 27.4 28.5 29.6 31.2 33 34.4 35.7 36.4 35.6 32 25.6 23.7 22.9 23.1 23.8 26.6 24.4 24.8 24.7 23.4 23.4 23.6 23.8 23.7 23.8 23.7 23.5 23.6 24 24.3 28.4 30.9 32.6 33.6 34.5 35.1 36.6 36.6 36.8 38.2 38.8 38.7 38.2 38 37.5 37.1 37.6 38.2 38.2 38.2 38.2 38.3 38.2 38.1 37.6 37 37 36.5 35.2 33.9 34.7 34.4 34 33.3 32.2 31.7 29.4 28.9 29.8 30.5 30 29.6 30.6 32.7 33.9 31.3 34 34.4 35.3 37.9 38.6 39.8
26.6 26.7 26.9 27.3 28.4 29.5 31.4 33.2 34.5 35.3 35.8 34.4 29.2 24 24.1 23.7 29.2 25.7 24.3 23.4 24 24.8 25 23.6 23.6 23.8 23.7 23.8 23.7 23.6 24.2 25.1 25.7 28.4 31 32.2 34 34.7 34.4 34.5 34.1 35.2 35.8 36.8 36.4 37 36.9 36.6 36.5 36.8 36.8 36.5 36.5 36.5 36.5 36.5 36.4 36.1 35.6 35.6 35 33.8 32.5 32.6 33.1 32.1 31.7 32.2 31.5 29.2 28.6 29.4 29 29.2 29.3 30.3 34.2 30.6 32.2 31.9 33 34.2 35.4 36 38.3
26.6 26.8 27 27.2 28.3 29.8 31.6 33.4 34.3 35 34.8 30.4 27.1 24.8 24.4 24.2 25 24.2 23.3 23.5 24.3 24.4 24.3 24.4 24.5 23.6 23.7 23.8 24 24.3 24.5 25.1 25.9 28.3 30.8 30.4 31.3 30.3 30.7 31.5 32.8 34.1 35.6 35.6 35.4 35.5 35.5 35.6 35.6 35.7 35.7 35.5 35.2 35 34.8 34.9 34.8 34.5 34.3 34.2 33.5 32.4 31.1 30.7 30.3 30.4 30.4 30.8 31 29 28.5 28.6 27.3 27.9 28.7 30.3 33.1 29.3 30.2 34.4 32.1 33.9 34.7 35.1 36.1
26.4 26.9 27 27.2 28.2 30 31.8 33.4 34.4 35 33.5 30 26.3 25 24.5 24.3 23.8 24.1 22.8 23.1 23.7 23.9 23.7 23.4 23.3 23.4 24.5 24.6 24.8 25.2 25 24.7 27.1 30.1 31.2 30.3 29.3 30.6 31.8 31.8 32.3 33.6 35 34.5 34.4 34.5 34.8 35.2 34.8 34.5 34.6 34.5 34.2 33.9 33.7 33.4 33.2 33 32.9 32.8 32 30.8 30.9 29.9 28.9 28.8 29 29.4 29.7 29.2 28.7 27 27.8 29.4 31.2 31.7 33.7 29.4 30.5 32.2 33.3 35 35.3 35.6 39
26.2 26.3 26.9 27.3 28.4 30.2 32 33.3 34.4 33.9 31.5 28 25.2 24.5 23.6 23.8 23.5 23.3 22.7 22.8 23.1 23.4 23.2 23 22.9 24 25.1 25.2 25.2 25.2 25.1 25.2 26 27.9 29.3 29.1 30.9 32.4 32.9 33.1 32.9 33.4 33.2 33.4 33.7 34.1 34.6 34.6 34.2 33.5 33.4 33.4 33.2 32.9 32.6 32.4 32.1 31.4 31.1 30.9 31.3 30.9 30.2 29.1 27.9 27.1 27.6 28 28.4 28 27.1 26.4 27.8 28.3 31.1 33.6 28 29.1 30.1 32 34.6 36.3 37.7 39.1 45.1
26.1 26.3 26.4 26.6 28.4 30.4 32.1 33.5 34.3 32.8 29.2 23.5 26.4 24 23.5 23 22.7 22.9 23 22.7 22.7 22.9 22.8 23.1 23.3 24.2 25.2 25.2 25.2 25.2 25.1 25.4 26.1 27 28.7 30.3 32.5 34 34.4 34.8 34.3 33.8 33.5 33.1 33.5 33.9 34.3 34 33.7 33.2 32.3 32.3 32.2 31.9 31.6 30.9 29.8 29.6 29.4 29 29.4 28.9 28.2 27.8 26.4 25.8 26.7 27.1 27.2 27.2 26.9 26.3 27.6 29.3 29.1 32.2 27.9 28.3 29.7 33.1 36.4 39.4 40.7 42.5 45.2
26 26.2 26.3 26.6 27.9 30.2 33.2 35 32.7 30.2 25.3 28 23.3 23.6 23.7 23.2 23.3 23.5 23.6 23.9 23.6 23.1 23.2 23.5 23.7 24.5 25.2 25.2 25.2 25.2 24.7 25.4 26.3 27.6 30.4 32.4 33.9 35.4 36.1 36.4 35.9 34.9 34 33.6 33.3 33.7 33.8 33.4 33.1 32.8 31.9 31.2 31.1 30.7 29.6 28.6 28.2 27.4 27.5 27.2 27.6 27.1 26.7 26.2 25.1 24.2 26.2 26.1 26 25.9 25.9 26 26.4 28 29.2 27.1 27.6 28.2 29.8 32.6 36.5 40.3 42.3 43.8 44.8
26 26.1 26.4 26.8 28 31.8 35.7 34.9 33.9 27.3 27.4 23.1 22.8 23.1 23.5 24 24 24.1 24.2 24.2 24.2 24.2 23.9 24 24.1 24.3 24.7 25.1 25.1 25.4 25.4 25.6 26.5 28.8 31.7 34.3 36.1 37.8 38.3 41.2 38.8 36.3 34.4 34.1 33.4 33.5 33.2 33 33.4 33.7 33 31.9 30.9 30.5 29.3 28 27.2 26.9 28.5 26.2 25.9 25.6 25.2 24.7 23.7 24 25.5 25.3 25 24.7 24.6 25.3 26.1 27.8 30.5 27.1 27.2 28.2 29.7 33.8 36.7 40.1 40.5 41.8 42.8
25.9 26.1 26.6 27 29.2 33.5 35.4 34.5 30.7 23.8 22.7 23 22.6 22.7 23.2 24 24.2 24.2 24.2 23.9 23.5 23.8 24.2 24.2 24.3 24.6 25.2 24.5 24.9 25.4 25.8 25.9 26.8 30.1 33 35.5 38.1 40.6 43.8 44.4 43.1 38 35.6 34.5 33.9 34 34.4 34.7 35.1 35.1 34.6 33.6 33.2 32.3 31 29.9 29.1 28.6 27.6 26.7 25.8 24.9 24.4 24.1 23.6 23.6 24.4 25 24.7 24.3 24 24.8 25.7 27.7 26.6 28.4 28.7 28.9 32 36.6 38.7 38.3 38.7 39.9 40.8
25.9 26.4 26.8 27.4 30.6 34.6 35.5 29 28.9 23.8 23.2 22.5 22.7 22.6 23.3 23.7 24 24 24 24 24.1 24.1 24.2 24.2 24.3 25.2 24 24.4 24.8 25.3 25.8 26.2 28.1 31.4 34.3 37.5 41.3 44.8 46.1 45.9 43.4 40 37.1 35.1 34.6 34.7 35.9 36.4 36.7 36.6 36.2 35.6 35.2 34.7 33.7 31.6 31.3 29.3 28.1 27 26.3 26 25 23.7 23.1 23.3 24.1 24.7 24.4 24.2 23.8 23.4 26 29.8 26.4 32.4 31.2 30.3 33.6 36.4 37.6 36.8 37 37.8 37.2
26.1 26.6 27.1 28.3 32 29.6 34.9 32.4 25.7 23.2 23.3 22.3 22.3 22.7 23 23.3 23.6 23.8 23.8 23.8 23.8 23.9 24 24 24.9 24 24.1 24.7 25.5 26 26.5 27 29.1 32.5 36.3 40.4 44.8 46.1 45.9 45.8 43.6 39.8 36.8 35.3 35.3 35.5 36.6 37.8 38.4 38.8 38.3 37.6 37.2 36.2 34.8 33.6 29.7 28.7 27.9 27.1 25.5 24.9 24.1 23 22.8 22.7 22.7 24.6 24.4 24.1 24 24.8 27.3 26 30.1 28 28.7 29.4 31 32.5 33.9 33.9 35.5 36.6 35.9
26.4 26.8 27.3 29.6 30.1 34.9 34.5 31.4 23.3 22.2 22.7 22.4 22.1 22.2 22.6 22.9 23.2 23.6 23.5 23.5 23.6 23.7 23.7 23.6 23.3 23.8 24.5 24.7 25.5 26.3 27.1 27.7 29.9 32.8 36.6 40.9 44.1 45.8 46 45.8 43.4 39.7 37.4 36.2 38.5 39.7 42.3 42.1 42.5 42.6 41.1 39.7 37.1 35.2 33.9 32.6 29.7 28.2 27.8 27.2 26.2 25.6 26.4 26.3 28.6 27 25.8 26.4 25.1 22.9 23 22.5 25.3 25.4 26.3 25.8 26.2 27 28.7 30.3 31.1 32.8 34.2 35.4 33.7
27 27.5 28.7 32.8 34.2 35.1 34.7 28.8 22.1 23.2 23 22.3 22.2 22.2 22.5 22.5 22.8 23.2 23.3 23.3 23.4 23.5 23.4 23.3 23.3 24.4 24.9 24.7 25.4 26.2 27 27.8 29.8 32.4 35.8 39.7 43 45 45.8 45.3 42.7 39.4 40.6 40 45.3 48.6 50.1 50.6 49.9 47.9 45 41.4 38.6 35.4 33.8 33.1 31.3 29.6 28.6 28.6 29.7 31.3 32 32.1 32 30.9 30.5 30.6 27.7 25.7 24.8 22 25.3 22.7 24 24.8 24.5 25.2 26.4 27.8 28.7 31.1 33.7 33.3 31.5
26.5 28 32.6 33.7 33.3 34.3 33.3 23.1 23.5 23 22.4 22.4 22.4 22.3 22.3 22.2 22.5 22.8 23.1 23.1 23.1 23.2 23.1 23.1 23.5 23.9 24.8 24.9 25.5 26.3 27.1 27.6 29.3 31.2 34.2 37.5 41.4 44.2 44.8 44.2 41.5 38.6 41.4 46.2 51.3 52.9 53.6 54.6 54.8 53.2 51.1 48.3 43.1 38.6 41.7 40 35.2 34.4 33.4 34.6 34.4 35.4 35.9 34.3 33.3 32.1 30.8 31.8 30.1 28 25.9 24.9 22.1 22.9 23.9 23.8 23.7 24.6 25.6 26.8 28.1 30.4 31.8 31.3 32.2
27.1 32.2 34.9 34.6 33.5 33.2 29.4 22.2 23 22.6 22.6 22.5 22.5 22.4 22.4 22.3 22.3 22.4 22.7 22.8 22.9 22.8 23 23.3 23.6 23.7 24.6 24.7 25.5 26.3 27 27.7 29 30.3 31.7 34 38 41.7 42.7 42.1 39.6 38.8 43.3 47.3 51.1 53.2 55 55.4 55.6 54.8 53.6 52.1 47 46.6 48.8 46.8 45 42.9 41.6 41.5 40.6 39.8 38.5 35.8 34.4 32.8 31.3 30.6 29.7 27.7 25.7 24.7 23.1 22.5 22.6 22.8 23.2 23.9 24.9 26.1 27.6 29.7 29.7 30.8 34.7
30.1 34.5 35 34.9 33.3 32.7 26 21.9 22.8 22.8 22.7 22.7 22.6 22.6 22.5 22.5 22.4 22.4 22.3 22.6 22.6 22.8 23.1 23.5 23.8 24.1 24.4 24.6 25.5 26.6 28.5 29.2 30.8 29.6 30.6 31.7 34.1 37.3 37.9 38.6 38.7 38.5 42.4 45.4 49.1 52.1 53.9 54.6 55.2 54.8 54.4 52.6 47.6 50.1 48.9 47.5 45.9 44.5 43 42 40.8 39.2 37.6 36.3 33.2 31.5 30.1 29 28.4 26.6 24.3 24.6 22.9 21.9 22 22.2 22.9 23.6 24.8 26 27.2 28.5 29.6 31.3 41.7
32.4 35.2 35.2 33.8 33.7 33.8 22.2 22.5 22.8 22.8 22.8 22.7 22.7 22.6 22.6 22.6 22.5 22.5 22.5 22.4 22.6 23 23.3 23.7 24 24.3 24.1 24.6 25.5 27.4 29.6 30.8 33.9 34.2 32.8 31.5 33.4 34.5 35.7 36.5 37.7 38.9 40.7 43.8 47.2 49.9 52.2 53.2 53.4 53.6 53.2 49.6 49.7 49.3 47.9 46.5 44.6 43 41.1 39.5 37.6 36.1 34.7 33.3 31.9 30.2 28.9 27.5 27.1 23.9 25.1 22.7 22.3 21.8 21.4 21.9 22.9 23.9 25 26.2 27.4 28.5 29.3 31.9 38.3
32.1 35.2 35 33.7 32.1 26.7 22 22.2 22.6 22.8 22.7 22.7 22.7 22.6 22.6 22.5 22.5 22.5 22.4 22.5 22.8 23.2 23.5 23.8 24.2 24.5 24.4 24.8 26 28.2 30.5 32.6 36.5 37.3 35.8 33.7 33.1 33.8 34.8 37.3 38.5 40.5 42.2 43.7 46.1 48.7 50 50.9 51.2 51 50.1 46.7 47.9 47.6 46.4 43.9 42.2 40.5 38.4 36 34.5 33.1 31.8 30.7 29.5 28.9 27.8 26.4 26.6 23.4 24 22.6 21.9 21.4 21.4 22.3 23.1 24.1 25.2 26.4 27.6 28.8 29.3 30.8 34.5
32.7 35.3 34.4 33 28.6 23.5 21.9 21.8 22.2 22.5 22.7 22.7 22.6 22.6 22.6 22.5 22.5 22.4 22.4 22.6 23 23.4 23.7 24 24.4 24.7 25.2 25.5 27 28.5 30.1 33.2 36.8 38.6 37.7 35.8 35.6 36.2 37.5 38.8 40.1 42.3 44.5 46.2 47.9 49 48.5 48.7 48.8 48.1 47.2 44 43.7 43.6 41.9 40.3 38.5 36.6 34.6 33.2 32 30.8 29.7 28.5 27.3 27 26.2 25.3 23.5 23.8 23.4 22.8 21.7 21.1 22 23.2 24.2 24.7 26.1 27.2 28.2 29.1 29.6 30.4 32.2
32.4 34.9 33.8 30 24.8 22.6 21.8 22 21.9 22.2 22.5 22.7 22.6 22.6 22.5 22.5 22.5 22.4 22.6 22.8 23.2 23.6 23.9 24.2 24.6 25.3 26.2 26.5 28.2 29.9 31.9 33.9 37.2 40.4 40.7 40.7 40.3 40.6 41.5 42.1 45.6 47.5 46.9 48.4 48.7 47.2 46.9 45.2 44.6 44.5 42.5 42.1 39.1 38.3 37.1 36.3 34.5 32.6 31.3 30.4 29.6 28.7 27.5 26.4 25.2 25 24.7 23.4 22.7 22.5 22.1 21.7 21.2 21.2 22.2 23.3 24.4 25.4 26.5 27.2 28.1 29 29.3 29.9 31.3
32.7 33.8 31.4 27 23.4 22.3 21.8 21.6 21.6 21.9 22.2 22.5 22.6 22.6 22.5 22.5 22.4 22.5 22.7 23 23.4 23.8 24.1 24.4 25 26.1 27 27.7 29.8 31.8 34.6 38.5 41.7 44.5 47 48.3 49.1 48.4 48.1 48.8 49.6 50.2 50.2 50.3 48.7 45.7 43.3 41.5 40.7 38.6 38.6 38.1 36 34.4 33.1 32 30.6 29.5 28.4 27.5 26.7 25.9 25.1 24.2 23.2 23 23 22.9 22.1 21.7 21.5 21.2 20.9 21.4 22 22.6 23.7 25.5 26.7 27.4 28 28.9 29.5 29.6 30.2
32.8 33.4 29 24.6 22.5 21.9 21.5 21.5 21.5 21.6 21.9 22.1 22.4 22.5 22.5 22.5 22.4 22.6 22.9 23.1 23.5 24 24.3 24.7 26.1 27 27.9 29.3 32.5 36.6 40.3 44.2 47.2 48.3 49.7 50.9 52.3 52.4 52.4 52.3 52.4 52.3 50.9 49.4 47.8 44.1 40.5 37.6 36.4 36.5 36.1 34.4 32.6 31.6 30.6 29.2 28.6 26.7 26 25.2 24.4 23.6 22.9 22.2 21.8 22.2 23 22.2 21.6 21.2 21.1 21 21 21.6 22.2 22.9 23.7 25.9 26.9 28 28.3 29 29.5 29.5 29.4
33.1 31.3 27.2 22.4 21.8 21.6 21.4 21.5 21.6 21.6 21.6 21.7 22.1 22.4 22.5 22.4 22.6 22.8 23 23.3 23.7 24.1 24.5 25.9 26.9 27.8 28.7 32 36.4 39.9 42.6 45.4 47.8 49.3 50.6 51.7 52 52 52.6 53 52.9 51.5 49.7 48.2 45.6 42.1 38.9 35.8 34.3 33.7 32.2 31.3 30.2 29.1 27.9 26.8 26.2 24.5 24.9 23.9 23.2 22.6 21.9 21.3 21 21.2 22.3 21.2 21.1 20.7 20.5 20.5 21.9 22.5 23.3 24.1 24.9 26.4 27.3 27.8 27.7 27.7 27.9 28.2 28.5
32 28.7 24.6 21.4 21.3 21.3 21.3 21.4 21.5 21.6 21.7 21.7 21.7 21.9 22.4 22.5 22.7 22.9 23.2 23.5 23.9 24.4 25.8 26.9 28.5 29.6 30.7 34.1 37.3 39.7 41.8 44.3 45.8 47.3 49 49.6 50 50.5 51.1 51.6 50.6 49.3 48.2 46.3 43.3 40.5 38 34.2 32.5 31.2 30.2 29.1 28 26.8 26 25.2 25.5 23.9 23.5 22.5 22.1 21.6 21 20.6 20.3 21.9 19.5 19.4 20.1 20.2 21.5 23.3 24.5 24.7 25.4 26 25.9 25.9 26.4 26.9 26.7 26.8 26.9 27 27.2
30.9 27 22.6 21.5 21.3 21.2 21.3 21.3 21.5 21.6 21.7 21.8 21.8 21.8 22.1 22.7 22.9 23.1 23.3 23.6 24.4 25.4 27.2 31.5 36.3 35.9 32.6 33.8 36.5 39 40.6 42.1 43.6 45.3 46.7 47.2 47.5 48 48.6 47.9 46.9 45.9 44.4 42.8 40.2 38.3 36.4 33.2 32 30.5 29.2 26.9 26.2 25.4 24.6 23.8 23.1 22.8 21.8 21.6 21.1 20.5 20.2 20.1 21.9 19.7 19.7 19.2 19.7 21.1 23.8 26.3 27.3 27 26.9 26.5 26 25.8 25.5 25.7 25.8 25.9 26 26 26.1
27.7 24.5 21.4 21.4 21.2 21.1 21.3 21.4 21.5 21.6 21.7 21.8 21.9 21.8 22.3 22.9 23.1 23.4 23.6 24.6 25.7 27.1 31.1 36.4 36.7 36.3 33.7 33.1 35 37.2 39.1 40.4 41.8 42.8 43.7 44.7 45 45.5 45.2 44.2 44.2 43.7 41.6 39.7 37.9 36.3 33.6 31.7 30.9 30 29.2 27.3 25 24.1 23.3 22.4 21.1 20.3 20 19.8 19.7 19.4 18.9 19.9 20.4 20.3 19.9 19.5 20.6 23.4 26.5 28.7 28 26.7 26.3 26 25.1 24.6 24.1 24.6 24.9 25 25 25 24.6
24.6 22.4 20.9 21 21.1 21.2 21.3 21.5 21.6 21.7 21.8 21.8 21.8 21.9 22.6 23.2 23.6 23.9 24.6 25.6 26.9 30.8 35.4 35.4 35.6 34.9 33.3 33.4 33.5 36.4 37.6 39 39.8 40.7 41.6 42.4 42.6 42.4 42.5 42.6 42.3 41.3 38.9 37 35.3 33.7 31.2 30.3 29.5 28.6 27.8 25.8 23.9 23.1 22.4 21.6 20.2 19.8 19.6 19.4 19.4 19.5 18.4 20.7 19.1 19.6 19.7 20.3 23.5 26.1 29 29.8 28 25.8 25.2 24.2 23.2 22.5 22.5 23.1 23.7 23.6 23.3 23.1 24.1
20.8 20.8 20.9 19.8 20.3 21.1 21.4 21.6 21.7 21.8 21.9 22.4 22.4 23 23 23.7 24.1 24.7 25.7 26.6 29.7 34.5 34.7 34.7 35.5 34.4 34 34.3 34.9 35.4 37.8 38.3 38.9 39.1 39.5 40.1 40.2 40.9 40.9 40.8 40.1 38.8 36.4 34.4 33 30.2 29.8 29.1 28.3 27.5 26.5 24.8 22.8 22.1 21.5 20.7 19.8 19.4 19.1 19 19.1 19.4 18.7 19.2 17.9 18.7 19.9 21.8 24.8 27.7 28.5 27.6 25.9 24.5 23.2 22.2 21.2 21 21.4 22 22 22 21.6 22.9 24.7
20.1 20.7 20.6 19.7 19.5 20.5 21 21.7 21.9 22 22.1 22.2 22.7 23.3 23.7 24.2 24.6 25.7 26.7 27.8 29.2 31.2 34.6 35.5 35.3 35.4 35.7 36 36.3 37.3 38.3 38.4 38.3 38.3 38.4 37.2 38.3 38.8 39.1 38.5 37.9 36.4 33.9 32.2 31.1 29.2 28.7 28 27.2 26.2 25.2 23.7 21.8 21 20.4 19.7 19.4 18.9 18.8 18.7 18.8 18.1 19.5 17.6 18.3 19.7 21.4 23.3 25.1 25.4 26 25.4 24.1 22.9 21.5 20.2 19.6 20 20.3 20.5 20.8 21.2 21.7 23 24.7
20.6 20.5 20.4 20.2 20 20.1 21.5 21.7 21.8 21.9 22 22.4 23 23.6 24.2 24.7 25.2 26.7 27.7 29 30.1 31.6 34.2 35.7 36.5 36.7 36.9 37.2 38.3 39.5 40 40.1 39.6 38.8 37.8 36.2 34.4 35 34.5 34.2 33.8 33.3 31.6 30 28.1 27.9 27.6 26.8 26 24.9 23.8 22.7 20.8 19.9 19.3 18.9 18.6 18.4 18.3 18.2 18 19.6 17.3 17.8 18.5 20.7 22.7 23.7 23 23.1 23.4 23 22.4 21.2 19.9 19.2 19 19.1 19.9 20.1 20.6 21.1 21.8 22.9 23.8
20.5 20.6 20.6 20.5 20.2 19.9 21.4 21.5 21.6 21.7 22 22.6 23.3 23.9 24.5 25.1 26.2 27.6 28.8 30.6 32.4 33.3 33.8 35 36.6 37.8 38 38.9 40.3 41.3 41.6 41.8 41.1 40.8 39.7 37.3 35.2 32.7 32.6 32.6 31.5 30.4 29.2 27.9 26.8 26.5 26.2 25.7 24.6 23.5 22.5 21.6 19.9 18.8 18.4 18.1 18.1 18.1 17.6 17.3 17.1 18.9 17.4 17.7 19.2 21.3 21.8 21.5 21.2 21.4 21.7 20.9 20.5 19.5 19.1 19 18.8 18.9 19.5 20 20.6 21.2 21.9 23 23.7
20.5 20.6 20.6 20.7 20.6 20.3 21.2 21.4 21.5 21.7 22.3 22.9 23.5 24.2 24.9 25.5 26.7 28.4 30.5 32.8 34.4 35.1 35.6 36.1 37.2 38.6 39.4 40.6 41.7 41.9 42.8 43.5 43 42.8 40.9 38.4 36.1 33.1 30.9 29.9 28.7 27.5 27.4 26.1 25.3 24.8 24.7 24.3 23.2 22.2 21.1 20.7 18.9 17.9 17.5 17.6 17.7 17.9 17.4 16.8 18.8 16.8 16.7 16.9 19 20.5 20.4 20.2 20.2 20.6 20.9 20.1 19.3 19 18.9 18.8 18.6 18.8 19.6 20.7 22.2 22.8 23.8 26 24.9
20.5 20.6 20.6 20.7 20.8 20.7 20.7 21.2 21.3 22 22.6 23.2 23.9 24.6 25.3 26 27.2 28.9 31.2 33.5 35.4 36.7 37.3 38.7 39.9 40.7 41.3 42 44.2 46.7 46.4 46.2 45.9 45.4 42.7 40 37 33.8 31.4 29.9 28 27.2 26.7 24.9 23.1 22.8 22.6 22.4 22.1 21.6 21.1 19.9 18.1 17 17.1 17.2 17.4 17.5 17.1 16.6 18.3 16.8 16.6 16.6 17.5 18.8 19.4 19.4 19.6 19.7 20 19.3 18.4 18.6 18.7 18.6 18.5 18.7 20.2 22.2 23.5 27.8 27 26.1 25.4
20.5 20.6 20.6 20.7 20.8 20.8 20.8 21.1 21.6 22.3 23 23.7 24.3 25 25.7 26.4 27.7 29.6 31.9 34.3 36.2 37.7 39.4 41.2 42.5 43.4 44 45.1 48.8 49.4 49.7 49.6 49.4 48.5 45.9 42.4 39.2 36.2 34 32.5 30.6 28.6 26.5 24.8 23 21.1 20.6 20.3 20.1 19.8 18.6 18.3 19.1 16.6 16.7 16.9 17 17.1 16.8 16.3 17 16.4 16.3 16.3 17 17.7 18 19.1 19.3 19.5 19.3 18.4 17.8 18.1 18.2 18.3 18.4 20.1 22.5 24.8 25.6 27.9 26.3 25.3 24.2
20.5 20.6 20.6 20.6 20.7 20.7 20.8 21.3 22 22.7 23.4 24.1 24.8 25.4 26.1 26.8 28.2 30.3 32.6 35.1 37.2 39.1 40.8 42.9 44.9 46 46.6 48.1 50 50.9 51.4 52 51.7 51.3 49.2 44.8 41.7 38.8 36.6 34.6 32.1 28.3 27.4 25.4 23.2 21 20 19.6 19.3 19.1 19.1 19.1 16.9 16.4 16.4 16.5 16.6 16.8 16.6 18.4 16.1 16.1 16 16 16.7 17.2 17.2 17.3 17.5 17.1 17.2 16.8 16.8 17.9 18.1 18.3 20.4 21 23.3 25.7 26.2 25.6 24.8 23.8 22.6
