data/290000-650000.asc
ncols 200
nrows 200
xllcorner 290000
yllcorner 650000
cellsize 50
[rows 70 to 104 of 200, columns 0 to 78 of 200]
266.2 267 266.1 265.5 265.8 265.2 263.3 262.5 262 261.7 261.4 261.1 260.8 260.9 260.9 261 261 261 261 261 261 257.1 255.2 254.2 254 255.1 256.7 257 257.1 258.6 262.1 266.5 270.9 275.1 279 282.3 284.6 284.6 286 287.3 288.2 289.6 289.5 294.5 300.3 298.2 298.7 299 298.6 300.3 303.5 305.9 306.8 308.5 309.6 311.5 314.7 319.5 320 324.3 326.6 329 330.9 330.8 330.7 331.9 333.9 334.5 336 337.1 337.7 339.3 340.4 340.6 340.2 338.2 336.3 334.7 333.5
268.9 268.1 267.1 265.5 266 264.7 263.5 262.9 262.5 262.3 262.1 261.7 261 260.9 260.9 260.9 261 261 261 261 258.6 255.3 254.2 254.2 254 255.8 257.2 258.2 258.6 259.6 264.1 268 273.1 275.1 279.9 284.2 285.9 285.5 286 286.5 287.2 288.6 290.2 294.4 299.6 300.1 299.6 299.6 299.3 302.4 305.3 305.8 306.9 308 309.3 313.1 315.6 319.1 320.1 326.1 327.9 329.7 330.9 331 330.2 331.3 332.8 334.4 335.4 335.6 336.9 338.6 339.6 339.5 339.1 337.4 335.4 334.4 333.1
269.8 268.9 266.9 265.6 264.9 264.2 263.7 263.3 263.2 262.9 262.7 261.9 261.2 261.1 260.9 260.9 260.9 261 260.6 259.6 257.1 255 254 254 254.7 256.6 257.8 258.7 259.8 260.3 263.6 269.5 270.6 274.2 278.7 280.4 284.1 285.3 285.7 286.2 287 288.1 289.6 293.4 300.2 300.9 299.9 299.7 300.4 304.9 306 305.9 307.5 308.6 309.7 315.4 318 321.2 323.8 325.6 327.3 328.9 331 330.1 330.5 330.8 333.1 334.5 334 334.8 336.6 338.5 338.8 338.4 337.4 336.2 334.6 334.1 332.8
270.1 268.8 266.7 265.4 264.1 265.3 263.9 263.9 263.8 263.5 262.7 262 261.4 261.2 261.1 260.9 260.9 260.5 259.5 258.4 256.1 255.9 254 254.4 256.2 257.9 259 259.4 260.3 262.7 267.2 269.6 274.9 278.8 281.3 284 285.4 285.2 285.5 286.5 287.3 288 289.3 293.4 300.8 301.2 300.8 300.8 302.6 305.3 306 305.7 307.6 309.2 312.2 315.9 319.4 322.1 324.4 325.8 327.2 328.5 329.5 329.1 330.7 331.4 334.3 335.7 335.5 335.7 337.2 338.5 338.2 336.8 335.8 335.2 335.9 333.8 332.2
270.3 268.6 266.8 265.3 266 266 264.3 264.4 264.3 263.7 263 262.2 261.3 261.1 260.9 260.7 260.5 259.8 257.9 257 255.7 254.2 254.6 255.6 257.7 259.4 260.9 260 261.1 264.6 270.6 275 278.2 281.1 283.4 286 286 285.9 285.9 286.2 286.6 287.5 289.5 295.2 300.9 301.8 301.7 301.6 303.5 303.6 304.1 304.9 307 309.5 312.7 316.2 318.9 321.9 324.8 325.9 326.1 329.2 329.9 330.2 331.1 332.5 334.2 335.9 335.6 336.3 337.4 337.8 337.4 336 335.5 335.7 334.6 333.4 331.1
270.5 269.4 267.6 265.9 265.2 264.9 264.3 264.2 265.1 264.5 263.6 262.5 261.3 260.8 260.6 260.4 260.6 258.7 256.4 255.5 254.6 254 254.9 256.7 259 260.7 261.4 262.1 264.2 264.9 272.1 275.4 275.5 280.8 280.2 279.4 281.5 284.9 284.1 284.8 285.6 286.7 289.7 296.3 300.6 300.9 300.9 301.2 301.4 301.3 303.3 304.7 306.3 308.7 312.4 315.5 317.1 321 323.6 325.4 325.6 328.6 329.1 329.2 330.2 332.2 333.6 335 335.7 336.4 336.6 336.9 336.5 335.7 334.9 335 332.7 331.1 327.9
269.9 268.8 267.6 266.3 265.6 265.4 265 266 265.7 265 263.9 262.7 261.6 260.7 260.3 260 259.7 257.7 255.4 255.4 254.4 254.3 255.8 257.8 259.1 260.2 262 263.3 267.1 271.4 272.6 275.8 278.6 278.6 280.9 284.6 285.8 285.3 284.8 284.8 284.9 286.6 289.3 294.1 299.3 300.2 300.5 300.8 299.7 300.7 302.3 304.5 306.3 306.8 309.4 311.6 315.2 318.3 319.8 320.9 325.4 327.5 329.2 330.1 330.6 331.3 332.5 334.4 335.9 335.6 335.8 335.9 335.7 335.9 335.2 332.2 330.2 327 322.4
270 269.3 268 266.7 266 265.8 265.5 265.3 265.9 265 264.1 263 261.8 260.7 260.2 259.8 258.5 256.6 254.4 254.9 254.9 255.9 257.5 259.1 260.8 262.2 263.2 264.1 267.7 272.3 276.1 279 281.6 284 285 286.2 287 286.9 286.5 287.3 287.8 289.1 289.1 292.7 298.2 300.7 300.4 300.5 299.6 299.7 300.4 302.9 304.1 304.9 307.3 310.5 313.4 316.3 317.5 319.2 322.6 325.3 327.6 330.1 329.5 330.2 331.6 333.6 335.9 335.8 334.8 334.9 335.8 335.9 333.4 330.9 326 321.8 318.7
270.8 269.6 268.4 267.1 266.5 266.2 265.8 265.3 265.4 264.6 263.8 263 262.1 260.9 260.2 260.4 258.6 255.2 254.4 254.5 255.9 257.4 258.9 261.7 263.4 264 264.6 265.4 268.6 273 277.3 280.7 283.5 285 286.1 287.3 288.1 288.3 288.2 288.8 290.1 289.6 289.2 291.1 297.1 300.7 300.9 299.1 299.6 299.5 299.8 302.4 304.6 306.2 307.3 310.3 310.8 314.5 314.5 318.2 320.7 325.2 328 329.4 329.2 329.7 331.3 332.8 334.2 335.2 334.1 334 334.5 332.5 329.6 327.1 322.3 318.9 315.9
270.8 269.6 268.6 267.5 266.8 266.4 265.9 265.4 264.4 263.9 263.1 262.5 261.8 261 260.1 260.2 257.1 254 255.3 255.6 256.5 258.6 260.6 265.7 266 264.5 265.5 266.9 268.5 271.4 277.7 281.4 285.4 286 287 288.4 289.1 289.4 289.9 290.3 290.9 290.9 289 289.9 294.4 299.9 298.8 295.5 298.1 300.6 300.9 302.1 304.7 305.6 307.7 309.3 310.1 314.9 317.1 320.1 323.4 326.2 329.1 330.7 331 331.4 330.7 331.6 332.7 332.6 332.1 331.8 330.9 328.4 326 322.6 319.4 317 314.7
270.8 270 268.8 267.9 267.3 266.8 266.3 265.4 265.2 263.6 262.3 261.5 260.7 260 260.2 259.4 256.2 254.4 256.2 257 257.9 259.6 264.5 266 266 265.7 266.9 268.9 271.7 273.7 275.9 281.2 284.4 286.1 287.6 288.8 290.5 290.9 290.9 290.9 290.8 290.6 289.4 289 291 294.8 294.6 294.5 296.8 299.6 300.3 302.4 304.4 305.7 307.7 309 311.1 313.9 317.2 321.1 324.5 326.7 329.1 331.1 333.1 333.5 332.7 331.4 331 331.2 329.9 330.2 327.4 325.1 323.3 319.3 317.3 315.1 313.2
270.5 269 268.8 268.6 267.9 267 266.1 265.2 264.4 263.5 262.2 260.8 259.9 259.5 259.1 257 255.9 254.6 256.1 256.9 258.6 261.6 265.8 266 266 266.1 267.6 269.7 274.4 275.2 277.4 279.2 281.2 285.3 287.1 288.6 290.9 290.9 290.9 290.9 290.9 290.5 290.7 289.4 291.8 293.7 294 295 297.1 299.9 301.2 303.9 305 306.5 308.4 309.4 312.9 315.4 318.1 321.8 325.3 327.9 330.2 332.4 334.3 335.4 334.1 331.1 329.4 330.1 327.3 324.7 325.9 323.4 319.9 317.2 315.4 313.6 311.5
270.3 269.6 269.7 269.4 267.7 266.8 265.8 264.9 264 262.8 261.9 260.6 259.9 259.2 258 256.2 255.1 255.4 256.1 257.2 259.5 260.3 263.5 265.5 265.5 266.2 268.7 271.5 274.7 277.9 280.2 281.3 284.7 285.3 286.6 288.7 290.9 290.9 290.9 290.9 290.9 290.5 290.7 290.8 292.3 294 294.4 297.1 299.6 300.3 302.5 304.7 306.3 307.9 309.8 311.1 314.1 316.3 319.3 322.2 325.4 328.8 331 333.2 334.5 335.2 333.8 331.4 331 329.7 326.7 324.2 323.1 320.5 318.4 316.5 314.6 312.6 310.3
271.3 270.4 270.8 269.9 268.2 266.5 265.5 265.4 264.1 262.8 261.5 260.3 259.4 258.5 257.7 256.7 255.5 256.4 257.4 258.5 259 260.7 262.8 264.7 265.6 267.9 270.8 273.3 274.8 278.5 281.9 284.5 286.2 286.4 287.5 289 289.7 290.9 290.9 290.9 290.9 290.5 293.2 293.1 293.6 294.7 295.7 298.4 300 301.7 303.7 305.5 307 308.5 309.2 311.2 314.1 315.8 317.5 319.7 323.4 327.1 330.3 332.5 335.4 334 333 331.5 331 330 327.1 324.7 321.1 319.6 317.9 315.8 313.8 311.8 309.6
271.9 270.9 270.7 269 267.5 266.1 264.9 264.6 263.7 262.9 261.7 260.3 259 257.8 257 256 255.9 257.2 258.8 260.1 260.1 261.8 264.3 266.8 268 270.2 274.8 275.9 276.4 279.8 282.5 285.3 286.8 287.8 288.8 289.8 290.3 290.9 290.9 290.9 290.8 292.1 294.7 294.5 294.2 295.5 297.3 299.2 299.9 302.5 305.1 306.3 307.8 309.2 310.6 309.3 312.6 314.6 316.2 318 321.1 324.5 327.1 329.4 331.3 332.3 332.2 330.8 329.3 326.9 325.2 324.1 321.5 319 317 315 313 311 307.7
272.4 271.4 270.3 268.6 266.8 265.4 264.4 263.8 262.7 261.9 261.1 260.2 259.2 257.8 256.6 256.3 256.6 258.5 260.5 260.4 261.3 262.6 264.1 267.6 270.6 273.5 275.9 277.5 278.8 280.3 283.1 285.4 286.7 288 289.3 290.3 290.6 290 290.9 290.9 290.5 291.9 295 295.3 295.8 295.7 298.1 300.6 299.4 302.3 305.4 306.6 308.3 310.2 309.7 310.2 311.4 313.5 314.6 317.8 320.3 323.3 324.9 326.9 329.2 330.7 330.8 329.7 326.1 325.1 324.1 323.1 321.1 318.3 316.1 314.1 312.1 309.4 305.9
271.7 271 270.3 269.2 267.2 265.2 264.4 262.9 261.7 260.8 259.9 259.5 259 258.2 257.4 257 257.6 259.3 260.4 261.3 262.2 263 264.1 267 270.1 274.5 276.3 278 280.7 281.8 283.6 285.6 286.6 287.9 289.3 290.9 290.9 290.1 290.4 289.5 289 291.3 292.9 293.8 294.1 295.4 297.9 300.6 300.2 302.6 305.5 305.8 306.9 308 308.8 309.6 311.1 313.1 315 317.3 319.5 321.6 323.4 325.3 327.2 328 328.9 327.3 324.6 324.5 323.7 322.4 320.6 317.4 315.1 313 311 307.9 304
270.9 270.2 269.1 266.5 265.5 265 264.4 263.4 260.8 259.7 259.3 259.7 259.4 258.8 258.1 258 258.8 259.9 260.7 262.1 263.2 264.1 265.1 266.7 269.4 275 276.6 278.8 280.5 282.9 284.5 285.4 286.7 287.9 289.2 289.5 290.1 289.9 289.7 289.8 289.8 289.5 290.5 291.7 293.4 294.8 297.3 300.1 301.4 302.7 304.3 304.9 305.3 305.8 307 308.7 310.4 311.8 314.2 317 319.1 320.7 322.5 324.3 326.3 326.7 327.2 326.3 325 324.1 323.2 321.7 319.4 316 313.9 312 309.7 306.1 301.5
269.7 267.7 267 266.4 266.1 265.7 265.2 263.3 260.4 259.3 259.5 259.9 259.5 259.1 258.9 258.6 258.9 260.3 260.7 262.2 264.4 265.4 266.1 267.9 269.8 273.1 275.9 278.2 279.2 283.8 285.8 285.5 286.8 288 288.8 288.9 289 289 289.3 289.4 289.7 289.7 289 289.7 291.7 294 296.4 298.9 301.2 300.9 301.3 301.9 303 305.1 305.2 307.5 309.3 310.8 313.6 316.3 318.6 319.5 321.5 324 326 326.4 326.6 326.6 325.8 324.5 322.3 320.8 318.7 314.4 312.7 310.7 307.5 303.4 299.7
269 268.1 267.4 266.6 266.2 265.5 264.5 262.2 259.2 259.2 259.7 260 259.7 259 259.2 259.5 259.2 259.5 260.8 262.5 264.4 266 267.2 269.3 271 272.9 274.7 277.5 280.5 282.6 284.3 286.1 286.8 287.5 288.2 288.3 288.3 288.2 288.6 289 289.4 289.8 290.4 290.6 290.6 292.8 294.4 297 299.4 300.3 299.9 300.2 301.5 303.3 304.5 307.1 308.9 310.2 313.2 315.9 317.9 319.4 321.6 323.9 325.7 325.9 325.8 326.1 325.9 324.2 322.1 319.9 315.9 312 311.2 309.8 305.2 301.2 298
269.2 269.4 267.3 266.6 265.1 264.1 263 260.4 259.5 259.3 259.4 260.1 260 259.2 259.3 260.7 259.8 260 261.2 262.8 264.4 264.1 268 270.1 270.7 272.3 274.7 277.6 281 282.7 285.5 285.8 286.3 287.1 287.6 287.6 287.6 287.5 287.9 288.4 288.8 289.6 290.7 290.7 290.8 291.3 293.9 294.4 297.1 297.3 297.8 299.8 300.8 302 304.7 306.5 307.8 309.4 312.2 315.5 317.3 319.9 320.5 322.4 324.4 325 325.4 325.7 325.9 325.3 322 319.7 313.2 310.3 306.8 304.7 301.7 297.7 296.9
270.5 270.7 267.8 266.2 264.6 262.8 261.6 259.2 259.2 259.8 260.4 261 260.3 259.9 259.6 261.4 262.9 264 264.4 264.9 265.1 266.5 270.9 269.2 271.1 274.3 275.7 277 280.2 283.1 285.3 285.6 286.1 286.6 287 286.9 286.8 286.8 287.2 287.1 287 287.7 289.1 290.9 290.5 289.2 290.9 293.2 294.8 294.4 296.4 297.8 298.8 300.6 303.6 305.4 306.7 309 311.3 314.8 316.2 318.4 319.7 322 325.5 326 324.7 325.3 325.8 326 323.1 318.6 312.3 307.4 304 300.6 298.5 295.1 293.9
270.9 270.3 267.8 265.3 264.6 262.6 260.9 259.9 260 260.4 261.4 262.6 263.1 262.6 263.5 265.2 265 265.7 265.5 265.1 265.4 268.2 269.4 272.9 275.3 274.7 274.6 277 280.2 282.5 283.6 285.1 285.7 286.5 286.1 286.1 286.1 286 285.9 285.5 285.4 286.2 289.3 290.9 289.4 288.9 289 290.4 292.5 292.4 295.5 295.3 297.1 298.9 300.9 303.5 304.8 308.5 311.2 313.1 314.4 316.5 319.4 321.6 324.7 326 326 324.2 324.8 325.6 321.2 316.8 309.7 304 300.7 297.2 294.7 293 291.8
271.3 269.4 267.2 264.7 263.9 263.9 262.2 261.8 261.8 262.1 263.1 264.2 264.6 265.8 265.1 266.3 267 267.4 267.5 267.6 267.9 269.5 269.9 274.1 274.9 275.9 275.8 277.8 280.2 281.3 283.1 284.7 285.9 286 285.6 285.2 285.5 284.8 285.8 285.5 285.4 284.4 285.6 288 287.2 287.3 288.5 288.6 290.7 290.7 292.8 294.2 295.4 297.4 299.7 302.1 304.3 307.5 310.4 311.5 313 314.9 319.1 321.7 324.2 326 326 325.4 325.2 324 315 313.8 307.9 301.7 297.3 294.9 293.3 291.9 291.6
270.2 268.8 267.1 264.7 264.6 264.5 264.2 264.1 264.5 265.1 265.7 265.6 267 268 264.3 267.9 269.2 269.9 268.9 269.4 270.2 271 272.7 274.5 277.4 280.5 280.8 279.2 279.2 281.2 283.6 284.2 286 285.8 285.6 285.4 285.5 284.3 285 284.4 283.3 283.2 283.5 285.1 285.1 286.6 287.4 288.2 289 290.3 291.6 293.3 294.1 296.8 299 301.2 303.6 306.6 308.6 309.8 311.6 315.1 318.3 320.8 323.3 324.3 325.9 326 324.8 320.4 314.5 309.7 305.2 299.6 294.3 293.4 292.6 291.5 291
269.5 267 265.8 264.4 265.2 264.5 265.7 265.5 265.7 265.6 265.6 266.3 267.1 270.4 269.1 270.1 270.7 270.3 271.2 270.1 270.7 273.2 275.3 277.5 280.1 280.8 280.9 279.6 280.2 281.7 284 285.5 286 286 286 285.9 284.6 284.6 283.3 282.3 281.6 281.1 283.7 285.5 285.3 285.8 286.7 287.7 288.6 289.1 290.9 292.9 294.9 296.2 298.2 300.4 302.9 305.4 307.1 309 309.9 315 317.5 320 322.3 322.9 323.8 323.8 322.3 318 312.7 308 305.9 297 293.2 292.6 291.9 291.3 290.7
266.5 265.6 265.3 265.3 265.6 264.7 264.8 265 265.4 266.1 266.8 267.6 268.4 268.8 270.9 270.3 271.5 272.2 273.1 272.9 273.1 275.3 277.8 280.2 280.5 281.4 281.4 281.2 281.3 282.5 283.9 285.7 285.9 286 286 286 285.1 283.9 282.4 281.1 279.7 279.7 282.7 286 285.5 286.2 287.1 288 288.9 289 290.3 292.3 293.8 294.2 297.2 300 302.2 304.1 305.6 307.5 311.1 315.6 316.7 319.2 320.8 321.1 321 320.7 319.5 315.1 309.7 304.4 299.9 295.4 293 292.1 291.9 292 291.6
268.3 267.5 266.8 267.1 267.8 267.8 266.9 266.9 267.2 267.6 268.3 268.8 269 268.7 270.4 270.6 272.5 273.7 275.2 275.7 276.3 276.3 279 279.9 281.1 282.9 283.2 283.3 284.2 284.7 284.1 284.7 285.8 286 286 286 285.6 283.7 281.8 280.3 279.2 279.9 283.1 286 285.7 286.6 287.5 288.4 289.1 290.4 290.6 291 292.6 294.9 297.4 299.8 301.5 303.2 304.3 306.4 309.8 313.8 316.4 318 318.7 318.7 319 317.9 316 312.2 307.2 302 296.8 293.6 292.4 291.6 291.5 291.7 291.9
270.9 269.1 268.8 268.7 269.9 270.6 269.5 269.4 269.7 269.9 270.2 270.3 270.4 270.4 269.4 271.2 273.4 274.8 274.9 276.1 276.8 277.4 278.7 279.2 280.2 283 285.6 285.3 287.4 285.8 284.6 284.3 286 285.7 285.5 285.8 284.7 283.4 281.8 280.1 279.7 280.1 281.6 283.2 285.3 286.2 286.9 287.6 288.3 289.1 290.1 289.5 291.9 294.4 297.2 300.6 301.3 302.2 302.9 305 308.3 311.6 314.9 316.5 317.1 317.4 317.3 315.8 313.5 309.7 304.7 299.5 294.6 292.6 291.8 291.3 291.2 291.3 291.3
269 269.1 269.1 270.9 271.5 272.8 272.4 272.1 272.3 272.5 272.7 273 273.3 273.5 272.7 273.8 274.3 275.6 276.1 276.9 277.8 278.7 279.5 280.6 283.2 285 289.3 289.3 290 287.7 285.6 285 284.1 285.2 284.6 283.9 283.5 282.4 281 279.4 279.1 279.6 281.1 282.7 284 285 285.7 286.3 286.8 287.6 288.7 289.7 291.5 293.4 296.4 300.3 300 300.9 301.2 303.8 306.1 309.2 312.8 315.6 315.8 316.1 315.1 313.2 311.1 307.7 302.4 297.1 293.9 292 291.2 290.9 290.9 290.8 290.7
268.9 268.9 269.1 269.9 273.2 274.6 275.3 274.7 275 275.1 275.3 275.6 275.9 275.1 275.8 275.1 275.5 276.4 277.1 277.6 278.6 279.5 280.6 281.7 284 285.3 287.5 289 289.4 287.9 286.2 285 284 284.2 283.9 283 282.1 281.2 279.5 279.1 279 279 280.4 281.8 283 283.8 285.1 285.9 285.3 286.3 287.6 289.9 291.9 293.8 296.2 296.9 297.3 298.7 300.1 302.6 304.4 307.2 310.1 313.3 314.3 313.3 311.6 309.8 308.3 305.9 299 295 292.7 291.3 290.6 290.4 290.1 290.1 290.2
270.5 270.4 271.3 273.6 275 276.1 277.4 277.6 277.6 277.7 277.9 277.2 276.2 274.7 275.8 275.9 277 277.3 278 278.5 279.4 280.5 281.6 282.5 283.6 285.3 287.1 288.2 288.7 288.2 286.6 285.4 284.2 283.4 283 282.1 281.2 280.1 278.9 278.9 278.9 279.1 280 280.9 282 282.5 283.4 284.5 283.8 285.1 287.5 290 292 294 294.9 294.7 294.1 296.1 299.2 301.4 302.8 305.5 308.2 309.8 311.2 309.9 308.8 308.3 306.7 303.5 296.8 294.8 291.6 290.6 290.1 290 290 290 290.1
273.4 274.6 275.7 275.4 276.7 277.8 278.9 280.4 279.5 279.4 278.7 277.4 275.8 274.1 275.2 277.2 278.2 278.5 278.7 279.3 280.3 281.4 282.6 283.7 284.2 285.6 286.3 286.5 286.7 286.8 286.6 285.9 284.9 283.7 282 280.6 280.3 279 278.9 278.9 278.9 280.3 280.4 281.1 280.7 281.1 281.6 281.8 283.8 284.4 287.2 290.1 291.8 292.7 293.1 294 294.4 294.1 297.7 300.1 300.9 303.2 305.9 306.9 307.5 307.5 307.1 306.4 304.2 298.5 295.5 293 290.9 290.2 290 290 290 290 290.1
274.2 275.8 275.3 276.2 277.5 278.8 280.5 281.1 281.1 279.7 278.8 277.6 276.3 276.4 277.5 279.4 279.2 279.2 279.4 281 281.6 282.8 283.9 285 285.6 286.2 286.9 287 287 287 286.2 285.5 285.1 283.8 282.3 280.2 278.9 279 278.9 278.9 279.6 280 281.1 280.5 280.2 280.3 280.9 280.2 283.3 285.2 287.3 289.6 290.7 290.5 291.5 292.5 293.3 294.8 296.2 298.2 298.7 300.9 303.4 304.8 305.5 304.5 304.8 303.4 300.3 296.1 293.2 290.6 289.6 290.6 290.3 290 290 290 290.4
274 274.6 275.4 276.5 277.7 278.9 280.7 280.8 281.1 279.1 279 278.7 279.1 279.8 278.9 280.5 280.8 280.6 281.9 283 283 284 284.9 285.6 286.3 286.7 287.4 287.4 287.4 287.2 286.4 285.6 285.2 283.9 282.4 280.6 279.2 278.9 278.9 278.9 279.8 279.8 279 279.2 281.1 281.1 281.1 279 283.4 285.6 287.7 289.8 291.1 289.6 290.9 291.6 292.5 294.3 296.2 296.6 296.9 299 300.7 302.1 302.4 302.4 302.1 301.1 298 294.3 291.5 289.3 290.3 291.1 290.7 290.3 290 289.9 290.3
