data/290000-780000.asc
ncols 200
nrows 200
xllcorner 290000
yllcorner 780000
cellsize 50
[rows 70 to 104 of 200, columns 0 to 77 of 200]
601 602 603.4 603.2 602.7 602.1 601.5 599.9 592.6 595.4 596.2 595.4 589.5 588.6 589.6 588.9 588.3 588.9 591.8 594 595.1 591.3 589 589.9 587.1 587.6 588 585.7 584.3 583.1 579.8 579.3 576.9 580.2 576.1 574.8 574.8 577.1 574.9 573.6 569.7 566.1 562.6 563.1 561.2 555.7 560.3 558.2 557.6 556.6 557.5 556.4 556.1 556.2 560.9 560 559.1 556.9 556.7 556.3 557.6 556.3 555.3 556.6 557.8 559.1 564 561.3 560.2 562.4 562.4 565.1 564 566.5 567.3 569.3 569.3 567.7
605.6 605 605.7 605.8 605.3 604.7 604.1 603.1 595.8 601.4 599.9 595.2 593.9 590.7 593 591.6 589.8 591.8 596.2 596.3 596.5 594.6 592.7 592 590.2 593.5 590.9 589.5 587.6 585.6 583.2 581.5 581.4 582.2 579.4 577.8 577.7 579.3 578.7 575.1 571.7 568.8 565.3 563.9 563.5 559.5 561.9 561.7 560.8 559.2 560.3 560 559.6 560.4 565.6 564.2 562.8 560.9 560.3 560.4 562.4 561.9 562 562.6 561.2 562.6 566.1 564.9 566 566.7 567.2 567 567.6 569.9 571.5 573.6 575 574
609 607.7 607.8 608.2 608.2 607.1 606.4 601 598.8 603.6 602.1 599 595.3 590.9 594.1 595.4 593.5 596.8 600.5 602.2 598.6 596.7 595.7 594.8 592.3 591.2 589.8 589.6 589.4 588.8 586.6 583.2 583.1 583.5 581.4 581.5 580.6 581.7 582.1 578 573.8 571.3 567.9 566.6 566.5 563.5 565.2 564.1 564.4 564 563.9 562.8 563 564.3 566.8 567.7 567.9 566.7 565.4 566.9 566.4 566.8 567.9 569.8 566.2 566.2 568.5 568.6 568.3 571.2 572 571.5 572.4 575.7 579.3 578.6 579.4 579.6
612.6 610 609.2 609.8 610.5 610 605.8 605.8 603.8 607 605.7 601.5 595.4 592.3 596.2 597.4 597.8 598.2 602.3 601.8 599.8 600.2 599.4 598.1 594.2 593.2 590.8 589.8 590.7 591 590 587.6 584.7 584.6 584.5 584.7 584.8 585.1 585.2 580.2 580.2 576.7 575.5 569.9 568.1 563.6 566.2 567.5 568.1 568.7 567.6 566 568.2 568.9 572.7 572.6 574.1 572.3 571.3 570.7 571.3 572.3 571.9 573.8 571.6 572.1 574.4 575.4 576.2 572.9 577.2 575.9 579.4 582.5 584.3 583.3 584.2 586.1
614.5 613.2 612.9 612.5 612.5 612.9 607 608.9 609.1 610 609.6 605.8 599.5 599.3 595.6 597.9 601.3 602.5 602.7 602.1 603 602.6 601.4 599.9 596.5 595.7 592.8 591.2 594.3 593.7 591.8 589.1 587.7 588.2 588.2 587.8 587.9 587.9 588.1 586.2 582.7 581.4 578 576.6 572.8 567.7 566.3 570.1 572.8 572.9 571.6 570.7 575.1 574.5 574.9 576.3 579.1 579.2 575.3 575.7 576.5 575.2 577.1 579.7 579.3 578.3 580.6 582.4 582.6 583.4 584.1 584.7 586.1 588.2 587.4 588.1 590.9 593.5
616.3 616.4 616 615.5 615.1 614.4 613.5 612.8 611.9 613.2 611.5 608.7 605.3 602.3 598.6 600.7 605.6 604.7 603.7 603.8 605.5 604.5 602.2 602.4 599.7 598.3 594.1 596.2 596.2 594.6 592 592 591.2 593.1 592.3 591.5 591 591 590.7 591.1 586.8 584.9 582.7 577.7 574.8 571.5 568.4 573.4 575.7 576.7 576.1 577.1 581.3 581.4 580.2 581.5 584.3 583.6 582.5 581.6 582.3 582 581 583.6 584.7 586.3 588.8 589.2 586.7 588.6 589.3 589.5 590.5 591.7 592.2 595 597.8 599.9
620.1 619.6 619 618.3 617.1 615.8 618.3 613 614.3 615.4 614.7 610.6 607.3 605.6 603.7 605.8 611.5 610 608.1 605.4 609 606.5 606.6 605.7 603.5 600.7 596.8 594.6 595.1 594.2 594.4 596.1 595.4 597.8 597.1 595.9 594.8 594.2 593.9 593.2 591 591.9 586 580.5 578 574 568.4 575.2 580.4 582.9 584.6 585.3 589.2 591.5 588.6 589.4 593.8 591.1 590.6 588.8 589 587.8 586.7 588 591 594.9 596.3 595 594.3 594.1 594.3 594.4 593.8 595 598 600.9 603.8 604.9
623.4 623.5 623.4 623.1 621.7 618.2 620.4 615.3 617.6 617.5 615.6 613.4 610.4 609.1 609.6 614.7 615.8 615 611.1 610.1 611 608.5 609.8 609 607.1 604.3 601.1 600.6 597.1 595.6 597.2 597.4 600.5 600.5 601.4 600.3 599.2 598.1 598.2 595.9 598 593.9 589.8 582.6 580.7 576.9 572.8 579.3 583 587.9 591.2 590 593.6 594.1 593.7 596.8 602.1 599.3 596.9 595 596.7 594.3 595.6 593.7 595.7 594.9 597.7 600.2 598.1 598.6 599.6 598.8 597.6 599.6 602.7 605.8 608.5 609.1
631.2 629 627.2 625.8 624.5 619.7 623.2 620.2 619.4 621.8 618.7 616.4 614 614.8 619.8 622.7 622.4 620.9 617.7 612.4 615.3 611.3 616.5 614.3 610.5 608 604.9 599.9 598.9 597.3 599.8 602.9 604.2 603.2 605.6 604.4 603.2 602.7 603.8 603.1 605.2 599.9 592.6 591.6 582.9 579.2 574 582.7 586.9 592.3 596.8 598.7 598.9 598.9 601.1 603.6 607.8 607.1 605.6 604.6 603.3 605.6 602.7 599.4 602 599.8 603.4 602.6 603 602.9 602.2 603.6 602 603.1 605.9 608.9 611.2 613.2
637.3 632.1 632 629.5 626.6 624.3 624.5 622.5 623.8 624.8 621.8 619.4 620.3 625.3 630.3 631.2 632.4 626.2 626.1 623 617.8 615.7 617.9 616.7 613.1 610 605.3 603.4 602.8 599.4 602.1 606.1 607.8 608.6 609.8 608.5 608.2 608.2 608.8 609.4 608.8 604.5 599.3 595.1 586.2 581.8 576.3 586 591.4 596.8 602.3 602.6 603.4 605.9 608.4 613.6 615.5 614.9 613.4 611.5 613 607 610.5 610.9 609.5 607.8 609.1 608 606.8 608.5 610.5 610 607.6 607.2 609.3 614.1 616.8 617.1
644.1 638.6 637.9 633.9 629.6 628.7 625.7 625.3 626.5 629.4 629.2 625.5 627.7 638.1 640 639.9 635.2 633.1 631.5 633.3 627.5 622.2 618.3 617.6 615.1 612.3 611.5 608.6 606.4 601.6 605.9 608.1 610.8 612.5 612.8 613.2 613.5 613.7 614.4 613.7 611.6 607.1 602.4 596.4 591.2 584.1 579.7 587.3 595.6 601.3 606.5 607.3 608 613.6 614.8 621.7 622.5 621.5 621.8 622.3 620.2 617.1 617.3 616.7 614.5 615.5 615.6 614.9 616.5 614.9 617.3 616.3 614.1 609.5 614.5 615.1 621.9 622.1
651.4 645.7 639.3 637.8 635.1 631.3 630.4 625.7 629.6 633 637.8 638.8 644.5 645.8 643.6 644.5 641.4 640.3 639 635.6 634.9 631.5 627 620.2 618.5 617.9 616.1 611.1 606.4 603.9 606.1 608.5 613.3 614.4 615.1 615.4 616.9 618.4 618.1 617 615.4 612.1 607 598.7 594.5 588.3 582 588.2 597.8 605.3 610.6 612.1 614.4 617.9 622.5 626.5 628.4 629.5 629.6 628.2 626.5 625.9 624.7 625.4 622.9 620.7 620.4 619.9 621.9 619.8 620.8 621.6 619.5 616.5 617.4 619.1 623.9 624.9
652 647.3 640 643.7 642 639 635 633.4 635.5 634 639.1 647.6 654.9 652.9 651.2 649.6 648.5 646.7 643.9 643.1 646.7 642.5 635.5 629.3 624.4 620.9 620.3 616.9 610.1 605.6 610.5 608.5 613.1 615.5 616.6 618.7 620.6 621 623.1 622.2 620.7 615.8 611.4 604.4 597 590.2 585.1 588.5 600.9 608.3 611.4 615.4 617.8 622.2 628.7 632.4 635 637.4 636.8 634.7 633.1 632.5 633 630.8 629.2 626.8 624.7 626.7 627 624.9 626.4 625.2 624.3 622.9 622 622.8 625 628
649 648.7 643.9 647.2 647.1 647.9 647.9 646.9 643.1 646.6 648.9 653 657.9 657.7 656.8 655.5 656.2 657 652.4 647.3 647.8 646.8 643 635.2 629.2 625.4 623.6 622.2 617.5 612.4 609.8 612.1 613.4 614.8 617.8 620.1 622.4 623.6 625.3 626 622.3 617.6 611.7 613.5 601.9 592.2 583.8 590.7 599.3 610.7 612.7 617.1 623.1 627.5 634 638.4 642.2 644.2 642.9 641.2 639.2 636.8 635.9 635.1 634.3 634 633.3 634.5 633.7 631.5 633.1 628.3 628.1 628.5 626.6 627.4 627.7 629.5
646.1 648.2 648.3 651.9 656.3 658.7 659 658.2 659.5 662.1 664.6 667 669.6 669.3 666.8 666.7 667.3 663.3 660.8 658.1 657.1 653.4 649.4 644.8 638.6 633.1 626.8 626.4 621.5 618.5 615.2 612.2 616.4 615.4 618.7 621.3 623.3 625.7 626.7 626.5 624.2 622 615.9 616.4 607.9 591.7 585.5 593.1 599.1 610.5 615.9 620.5 627.8 631.9 639.2 645.2 648.6 650.6 649.8 648.3 646 643 641.9 640.6 642.1 644.1 641.3 641.9 641 638.9 639.1 638.3 636.4 635.1 633.2 630.5 631.4 630.6
648.8 652.2 658.4 663.5 666.8 670.9 674.1 674.9 675.6 677.8 678.6 680.9 683 681.8 680.9 680.6 680.6 676.2 673.4 671.6 669.3 664.5 658.3 651.6 644.6 638 631.7 629.5 625.4 622 618.7 615.6 615.9 617.9 619.2 620.5 621.5 624.2 625.9 628.2 628.3 622.1 616.3 611.3 605.3 593.1 589.8 592.8 602.5 608.5 617.3 621.6 630 634.4 643.2 649.8 653.4 656.5 656.5 655.5 653.4 653 652.1 653.3 650.8 649.7 651.6 649.9 648.5 648 645.2 644.7 643.2 642.5 640.5 637.1 636.4 633.7
653.8 660.2 665.2 669.7 677 680.6 684.2 688.7 699.2 701.2 700.3 700.4 699.8 697.9 696 696.2 693.6 691.4 689.9 687.2 681.2 674.3 667.2 656.9 648.1 643 637.3 633.5 629.2 624.9 621.3 619 620.7 619.6 619.6 621.6 623.9 626 628.4 629.4 628.8 622.4 612.6 609 600.5 598.7 598.7 589.9 608 607.8 618.7 623.4 634.3 638.9 645.6 652.4 656.5 660.9 662.4 662.3 662.1 663.2 663.4 664.8 663.2 661.2 662.8 662.5 661.4 658 653 652.7 650.7 650 646.7 642.6 639.4 637.2
656.1 664 671.5 678.1 684.2 689.4 696.7 707.9 714.1 714.8 716 716 716.3 714.4 712.5 711.4 708.9 707.6 703.3 698.1 689.5 684.1 675.7 665.5 652.7 646.7 644 636.5 631.6 627.4 623.6 621.8 624.1 622.4 622.4 624.5 627.6 631.2 632.1 630.5 629.9 626.1 610.8 605.8 602.3 602.5 598.1 592 604.3 610.8 618.7 624.3 633 641.2 646.8 655.1 660 664.6 668.2 672.1 672.7 675 676.8 677.3 676.7 677.3 676.6 675.6 671.8 668.6 666 662.2 660.2 659.2 654.8 650.2 645.5 644.6
664 669 676.5 684.6 692.6 701 716.2 721.8 723.1 726 729.7 730.9 731.2 730.2 728.4 726.4 724.5 721.5 715.7 706.9 700.7 692.4 680.8 670.7 658.2 652.4 647.5 640.2 634.3 629.9 626.6 625.7 626.7 625 625.4 628.3 631.8 635.3 637.1 635.3 631.3 623.8 610.9 607.7 606.2 604.7 598.6 598.6 603.5 610.1 618 624.7 632.2 638.8 647.5 657.6 664.5 670.8 677 680.7 683.5 686.2 688.6 690.6 690.4 690.9 690.2 687.4 684.4 679.4 677.3 674.8 670.9 668.4 663.6 659.2 655.9 653.4
669.4 677.2 683.8 691.7 703.4 717.5 725.8 728.7 732.9 736.5 740.1 743.2 744.1 744.2 746 741.4 739.8 735.3 729.6 719.6 711 701.4 689.4 676.1 663.4 657 651.8 643.9 636.9 632.2 630.2 629.3 628.4 628.7 629 633.7 635.9 638.1 638.7 637.6 635.2 622.2 611.2 611.2 608.8 605 597.1 599.6 603.6 611.2 618.5 625.4 632 639.1 647.9 655.7 664.5 673.2 679.4 684.7 688.5 692.9 699.3 705.4 707.5 711.7 711.8 708.8 696.8 691.5 688.8 683.3 680.4 676.1 672.4 668.5 664.7 660.6
674.8 681.6 689 699.5 712.7 725.2 731.2 736.4 741.9 746.9 754 758.5 759.8 762.6 762.8 759.2 753 747.4 740.3 731.2 721.8 709.5 695.7 682.8 671 662 654.7 646.4 640.9 635.9 635.2 633.7 632.2 632.6 632.9 636.1 638 640.5 640.3 638.1 632.9 624.9 613.4 610.3 607.9 605.1 598.4 604 607.5 611.5 619.2 625.9 631.4 638.1 646.3 652.5 662.8 673.7 680.5 687 692.4 700.8 709.6 718.2 727.1 733.8 734.9 731 719.7 707.4 700.8 694.1 688.8 685 680.9 676.4 672.5 667.6
680.6 688.4 698.7 712.2 721.1 729.8 737.3 746.2 753.4 758.9 769.7 776.3 780.4 781.4 783.4 779.2 767.9 755.8 746.8 738 728.8 717.3 701.4 688 675.8 666.2 658.9 652.3 645.8 641.6 639.8 638.1 636.7 636.3 636.9 638.5 640.4 640.9 640.5 636.6 632.9 625.7 616.3 610.7 606.2 601.5 604.6 606.5 607.6 613.4 618.4 624.9 630.6 637.3 644.5 650.1 659.2 673.3 681 688.4 695.8 707.2 716 724.6 735.6 745.5 750.7 748 740.8 729.4 718.3 709.6 704.1 698.1 690.6 684.9 679.2 673.6
687.4 695.7 706 718.5 726.4 734.2 745.5 755.5 763.3 772.3 781.8 790.7 798.5 797.7 797.2 792.1 780.6 765.3 755.5 745.6 734.9 723.1 707 693.3 682 671.5 663.2 656 649.6 647.4 645.6 643.2 640.8 640.3 640.7 641.4 643.1 642.3 639.5 636 632.2 624.6 616 613.2 604.8 602 602.4 607.4 610.9 612.8 619.3 622.8 628.4 636.5 642.7 649.5 660.1 669.7 680.9 689 698.3 710.2 717.7 731.5 742 755.7 762 761.6 756 747.4 736.2 726.4 718 708.9 699.4 692.5 686.3 680.7
693.7 702.3 712.9 724.7 732.2 743.9 753.4 763.9 771.8 781.6 791.9 802.3 809.5 812.1 809.8 801 787.9 774.4 761.5 751.1 739.8 727.3 712.6 699.5 687.2 674.9 666.9 659.8 655 652.4 650 647.6 645.1 643.9 643.6 644.2 645.9 643.8 640.7 638.2 632.9 626.3 616.2 610.4 606.5 601.5 603.5 607 609.9 614.3 619.1 627.3 632.7 638.3 641.9 648.6 657.9 666.7 678.3 688.1 698.7 709.4 719.3 734.3 742.7 754.8 762.4 766.5 766.3 760.7 750.5 740.7 730.8 719.6 709 700.7 693.7 688
699.3 711.2 720.1 731.7 741.3 751.7 761.8 772.1 782.6 792.6 802.7 812.3 819.4 821.1 818.5 809 794.2 780.8 767.8 755.2 743.6 730.5 716.9 703.7 691.7 680.3 670.7 663.3 659.2 656.1 653.5 651.1 648.3 646.5 646.9 647.5 648 645.6 643.9 641.3 636.5 627.8 617.1 608.1 605.2 603 605.7 609.1 611.7 618 623.3 630.4 637.8 644 648.1 649.1 656.1 663.8 674 686.2 696.3 706.4 717 729.3 738.4 754.5 761.3 767.5 770.3 766.7 757.2 748.1 738.1 728.3 716.3 706.2 698.6 691.2
707.6 712.7 727.7 740.7 750.4 759.8 771.1 781.9 794.1 804.7 815 823.9 829.6 830.7 825.9 815.1 799.3 785.9 772.1 757.7 746 733.6 720.4 707.2 693.3 682.5 674.6 668.7 663.2 660.1 657 654.4 651.1 649.1 651.1 650.8 650.2 649 646.6 642.8 635.8 627.4 618.5 608.5 607.5 604.6 608.3 610.9 616.7 621.1 625.7 635.2 643.6 648.7 652 653.7 656.9 660.5 667.4 682.3 693.9 703.9 713.7 724.1 736.1 747.8 757 764.6 769.1 768.2 761.3 752.8 743.2 732.7 720.3 709.6 701 693.8
714.5 719.2 735.8 747.2 757 767.4 779.4 791.6 805.1 816.4 827.6 836 843.2 840 831.9 820.5 802.3 788.9 775 760.4 748.5 736.2 722.9 708.7 696.8 685.3 678 672.2 666.9 663.2 660.2 656.9 653.1 651.9 653.6 653.4 652.3 650.4 647.2 643.6 639.8 630.6 618.9 611 609 606.7 612.8 612.7 616.8 623.3 627.6 638.6 647.2 653 656.4 659.7 662 666.9 664.9 674.5 688.4 700 710.5 721 731.3 741.4 750.8 759.4 766 767.6 763.1 754.4 744.7 733.8 722.8 713.4 703.7 694.1
716.7 726.4 742.1 752.7 763.3 775.4 789.3 801.5 817.3 830.2 840.4 849.6 853.1 848.4 838.4 822 803 789.1 775.1 762.6 750.4 737.4 723.1 709.7 698.1 688.5 681.4 676.2 670.9 666.3 663.1 659.8 655.6 654.9 656.1 656.3 654 651 647.6 643.9 638.8 634 623.6 614.7 610.1 608.3 611.1 615.3 619.2 624.9 631.8 640.9 650.2 656.7 662.2 666.4 671.2 675.8 677.2 674 682.4 696.2 706.9 716.8 726 735.6 745.4 754.2 763.3 768.1 761.1 753.3 743.8 732.9 722.3 713 703.1 693
726.4 735.1 749.4 760.3 772.3 785.5 799.4 814.8 828.5 843.5 853.3 859 858.3 853.7 841.2 822.5 803.6 788.7 775.3 762 749.7 737 724.2 712.1 702.6 693.2 684.5 679.9 674.6 669.4 666.2 662.3 657.7 658.1 659.3 658.4 654.8 651.4 648.6 644.3 637.3 630.1 621 613.2 614 615 611.6 616.8 620.1 627 634.1 643.6 654.9 662.3 668 674.9 683.1 687.9 690.4 690.1 680 690.1 702.3 712.2 721.3 729.5 739.8 749.4 757.4 760 758.2 750.5 741.5 732 720.8 711.4 701.1 690.8
732 744.2 756.8 769.7 782.4 795.5 809 825.3 846.7 858.2 865.6 867.4 865.8 858.3 844.7 822.4 803.5 788.8 774.9 761.8 751.9 738.4 726 717.2 707.1 697.5 689.8 684 678.3 672.7 668.7 664.8 662.4 662.3 662.7 660.4 657.1 653.3 650.5 644.6 637.7 629.1 620 614.4 614 612.5 612.1 617.2 623.8 630 639.8 650.9 661.5 668.8 677.1 685.5 695.2 700.6 704.4 701.3 694.7 685 694.2 707.7 717.1 725.9 735 742.8 749 751.1 750.7 746.4 737.2 726.7 718.6 709.8 699.8 689.7
740.5 752.4 764.3 779.4 792.5 805.3 821 840.5 859.2 870.4 876.7 876.6 872 860.7 841.2 820.2 804.6 789.7 777.2 765.3 752.2 739.2 729.4 719.4 711.6 701.9 695.2 688.4 682.5 676.6 672.7 668.7 665.5 665.3 665.2 662.2 659.2 655.5 651.4 645.4 639 627.5 620 616.2 614.6 611.6 616.1 618.8 625.9 635.1 645.2 657.2 667.2 676.6 685.4 695.4 704.2 711.6 716.1 713.5 706.5 696.9 692.2 702.4 712.3 719.9 727.6 734.7 740.2 742.4 742.4 739.1 733.4 723.5 715.8 707.2 699.3 690
746 760.3 773.8 789.3 801.3 818.3 835.8 853.9 869.2 880.5 885.3 886.6 878.7 866.3 840.9 823 803.9 792 781.4 768.7 755.4 745 735.1 725.4 715.9 707.8 700.7 693.6 686.7 680.7 676.6 672.5 669.4 668.6 667.5 664.7 661.1 657.5 652.9 647.3 639.7 627.5 620.6 616.2 613.5 617.3 619.3 622.9 630.2 642 650.1 659.4 670.2 682.3 693.1 703.1 712.1 720.5 724.4 723.7 719 714.1 706.3 699.5 702.1 707.5 719.7 728 733.6 736.2 737.2 735.6 730.8 721.6 712.8 705.4 699.1 695.2
757.5 769.1 783.1 798.9 812.9 830.6 848.4 865.1 878.9 890.4 895.2 895.7 887.1 872 845.1 826.2 810 797.7 782.3 772.1 762.2 750.8 741.1 731.4 721.6 712.6 705.7 698.7 691.7 685.4 680.4 676.1 672.9 672.6 671.8 667.8 664.1 659.3 654.1 647.5 639.8 628.7 621.2 616 614.7 616.9 621.8 630.1 635.4 642.4 652.7 661.6 673 685.8 699.6 710.3 720.2 728.1 733.4 733.1 728.7 725 720.5 715 708.4 711.5 719.8 727.4 732.6 735.7 736.9 735.1 730 721.3 713.2 708.3 703 700.5
763.3 778 791 809 824.6 842 860.3 876.5 889.8 900.9 906 904.1 894.5 878.2 852 832 815.6 802.9 789.7 778.6 769.5 757.5 746.9 737.1 726.3 717.1 710.1 703.2 696 688.6 683.5 680.2 677.3 676.7 675.8 671.6 667.2 662.5 655.6 647.8 637.1 624.9 620.5 618.1 614.9 618.9 621.9 630.2 638.1 647.9 658.7 666.3 678.1 692.9 706.6 719.2 729.1 737.2 743.2 741 736.2 732.4 728.6 723.3 720.7 718.2 720.6 727.1 734.1 737.6 738.1 737.1 731.4 724.6 717.5 712.7 708.8 707.2
772.3 785.7 801.9 819 834.4 851.8 870.9 887.9 900.7 909.6 917 912.9 903.8 889.5 861 841.7 821.5 811 798.9 786.5 775.9 764.8 753.7 742.2 731 721.5 714.6 707 698.6 690.7 686.5 683 679.8 679.6 677.4 673.6 669.2 662.3 655.9 646.1 637.7 628 625 620.5 616.3 623.5 623.2 627.5 640.1 649.3 660.6 670.9 682.7 699 713.5 728.9 738.4 747.3 751.6 747 743.5 739.6 736.4 734.2 732.5 731.8 728.5 729.1 735.4 739.6 740.5 739.3 736 730.4 722.9 717.9 717 716.1
