data/290000-630000.asc
ncols 200
nrows 200
xllcorner 290000
yllcorner 630000
cellsize 50
[rows 70 to 104 of 200, columns 78 to 155 of 200]
261.5 262.8 262.2 265.6 267.8 271.6 274 273.9 271.3 270.1 270.3 268.4 269.8 270.8 270.6 266.7 265.4 270.9 275 279.1 280.9 282.4 279.8 276.7 276.5 277.9 277.7 278 279.2 280.8 284.1 286.6 290.7 295.2 297.4 299.2 302.7 306.3 307.5 308.4 308.4 308.4 308.9 309 308.9 308.6 307.6 306.1 304.8 305.7 304.1 300.7 297.3 296.3 298.1 299 300.6 302.9 306.6 314.7 321.1 318.1 310.9 302.8 295.2 288.6 283 276 268.4 270.2 271 271.1 270.4 268 265.1 261.1 257.1 256.9
266.5 266.5 265 269.7 274.9 275.5 274.1 274.9 275.2 273.8 274.2 273.6 274.3 272.7 271 267.3 270.8 270.1 276.6 280.7 281.2 281 280 278.2 280.7 282 280.6 281.7 283.1 284.7 287.2 289.8 294 297.3 300.1 302.3 306.1 310.1 312.1 315.4 315.8 315.8 317.1 317.3 316.2 315.7 315.9 312 315 315.4 312.6 308.3 304.8 300.7 298.8 299.9 303.7 305.7 305.6 305.4 308.3 305 301.3 294.8 287.7 282.8 277 274.9 276.5 277.7 276.6 275.3 273.8 272.6 269.5 265.4 261.7 261.3
270.9 269.2 271.3 275.6 278.5 279.3 279.8 278.9 277.5 277.4 277.9 278.3 277.3 274.1 270.6 273.2 274.2 274.3 275.2 280.1 281 280.8 279.7 280.6 284.6 285.4 288 285.7 288.6 288.9 290.6 291.7 297.6 301.3 304.4 307.6 309.7 313.1 316.6 319.5 320.7 322.7 328.3 324.8 323.5 323.3 323.9 324.5 325.6 324.2 321.2 316.1 309.7 305.7 305.3 302.8 306.1 310.8 308.7 304 301.7 301.4 297.4 292.6 286.8 282.1 281.3 282.6 284.3 284 282.7 280.5 278.8 277.1 273.6 270.1 266.8 264.2
272.4 271.9 277 280.6 284.1 284.6 284.7 283.2 281.8 281.1 281.4 280 275.9 275 272.5 272.9 275.3 275.6 275.1 277.6 278.8 281 280.9 281.7 283.3 286.9 291.1 296.2 297.1 294.3 293.6 296.4 302.3 306.7 310.9 314.1 316.3 320 322.7 326.4 327.6 331 332.4 333.6 333.3 335.4 337.8 337.5 336.3 334.2 331.2 324 316.2 310.8 309.7 306.7 309.1 309.5 306.9 303.6 300 298.2 296.6 295.7 293.7 292.8 293.1 293.4 291.7 291.4 290.1 287.3 285 282.6 279.2 276.3 273.2 269.6
273.8 277.6 281.9 285.2 288.7 289 287.6 288 286.7 284.6 283.9 281 276.7 276.3 274.7 274 275.7 277.6 279.2 279.8 280.8 282.3 283.5 284.3 286.4 290.7 296.1 299.7 300.6 299.2 300.3 303.6 307 311.5 315.8 320.1 323.6 327.1 331.5 338.5 340.2 339.9 340.7 341.2 342.3 344.7 350.5 352.6 350.1 347.8 342.5 332.4 322.6 317.1 312.6 311 310.1 310.3 307 303.4 305.4 304 302.7 303 302 300.2 300.7 301.4 300.3 299.2 297.6 294.6 291.9 289 285.8 283 279.6 276.1
278.1 283.4 286.8 290.1 292.6 293 291.7 290.8 288.9 287.5 286.1 282.5 279.9 279.5 278.5 276.9 276.2 279.4 279.9 280.8 281.9 284.1 286 287.3 290 295.4 301.9 304.6 306.6 308.4 308.7 310.8 313.5 317 321 326.4 332.8 336.7 343.6 350.5 354.9 356.3 357.1 356.2 356.1 359.4 364.8 366.9 364.3 358.5 352 339.2 327.6 321.5 317.6 314.5 312.2 311.7 312.8 312.7 312.2 311.2 310.8 310.1 308.7 308.4 309 309.4 308.7 308.4 305 301.1 297.5 294.7 292.5 290.3 285 281.8
283 286.7 290.7 294.1 295.3 295.7 294.4 292.3 291.2 290.4 288.2 286.1 282.7 281.5 283 280.1 279.3 280.3 281.3 283.4 284.8 286.7 288.9 291.2 294.5 300.9 308.1 313.1 315.8 316.9 317.7 319.5 322.1 326.7 331.4 337.5 344 352.9 360.2 364.6 370 373.3 371.9 372.3 374.2 375.5 376.8 378.8 372 365.7 352.6 342.5 331.5 324.6 321.4 319.7 314 318.9 321.7 323.1 320.7 321 320.2 319.2 317.1 317 318.9 319.8 321.7 320.2 312.5 306.3 301.9 299 298.4 294.8 289.8 283.8
285.7 289.6 293.7 297.7 298.8 298.8 296.6 294.1 292.4 290.5 288.2 285.8 283.8 283.4 282.3 281.6 282.6 283.9 284.5 286.5 288.8 290 292.1 295.1 298.9 306.7 313.8 321.8 326.1 328.2 329.9 331.1 333.9 338.7 344.3 350.6 360.4 371.4 374.6 380.2 385 389.7 392.9 391.8 391.8 387.8 387.7 385.1 375.5 363.7 353.1 343 335.7 329.9 328.2 323.3 318.4 324.7 332.1 331.5 330.3 330.9 329.6 328.3 326.6 325.6 327.7 329.7 332.7 325.8 317.5 311.8 306.6 302.2 300.6 295.5 286.8 283.6
286.2 291.6 295.6 298.7 300.3 300.8 295 294.9 290.4 289.9 289.3 287.9 285.2 283.7 284.1 284.9 286.8 288 288.5 290 292.5 294.2 295.5 298.8 305.3 312.7 319.9 330.1 336.8 339 341 343.3 347.3 352.5 358.5 366.2 374 384.7 392.2 396.9 401.4 409 413 413.9 407.3 397.7 393.3 386 376.6 364.9 354.5 346.4 340.4 337.1 333.5 329.3 320.1 329.8 341.5 341.3 339 339.9 339.6 337.8 333.7 332.9 336.6 338.8 338.5 331.2 321.4 311.4 303.3 299.8 296.2 290.8 285 281.1
290.5 291 293.8 299.1 300.3 298 296.4 295.6 292.5 293.4 291.8 290.2 289 288.7 287.9 289.1 290.8 292.6 293.4 295.5 298.5 300.2 301.2 303.1 310.4 318.5 326.9 338.4 346.7 350.9 354.9 357.6 362.6 369.2 375.9 383.4 392.2 399.9 409 413.7 418.4 425.4 429.1 427.7 420.2 407.6 395.1 385.2 376.3 367.5 358.8 354.9 348.9 344.6 339.6 329.8 325.1 333.2 346.9 346.2 343.5 346.1 348.3 344.3 340.4 338.5 339.6 340.1 336.7 324.3 314.7 306.5 299.1 294.6 291.1 285.7 282.3 279.1
290.9 292.7 295.8 298.9 301 300.4 298 296.8 296 295.6 294.9 294.2 294.3 293.7 293.8 294.9 296.1 297.2 298.7 301.6 304.8 306.5 307.7 308.3 314.6 322.6 335.4 349.5 359.6 366.7 370.5 374.3 379.6 386.5 394.2 401.7 410.2 418.8 424.9 428.6 432.8 438.8 440.3 436.9 429 414.3 400.2 390.5 379.8 372.3 368.7 363.3 355.4 351.3 345.4 334.8 328.7 334.9 347.7 348.7 347.4 350.1 352.7 347 336.9 330 328.5 326.2 321 312.2 305.7 300.4 294.8 289.9 286.4 283.1 279.7 278
294.4 295.4 298.3 301.9 303.6 304.1 302.5 301.4 300.5 299.8 299.3 298.9 299.6 299.5 299.9 300.8 301.9 303.3 305.9 309.1 311.4 312.7 313.9 313 318.5 327.7 342.3 358.2 371.9 383 390 392.7 396.4 406.1 414.6 420.8 426.6 433.6 439.9 440.7 444.4 446.2 447.6 445.4 437.1 422.3 404 394.3 384.7 376.5 374.5 369.4 361.4 355.4 349.4 339.6 329.4 333.4 344.2 344.7 343.3 343.4 341.6 338.3 329.5 325 321.5 317.7 312.5 306.9 302.4 298 292.4 287 283.4 279.5 276.1 275.5
298.5 299.5 300.7 302.7 303.1 304.1 303.7 304.1 304.7 304.5 304.3 305.5 306.8 307.3 308.1 309.1 310.9 312.2 312.9 316 318.3 319.6 320.7 321.1 323 333.8 351.6 368.1 382 394.4 406.5 413 419.2 425 431.4 437.9 443.7 448.8 452.4 454.6 454.9 450.7 450.2 448.9 438.5 423.4 406.7 395.7 386.3 379 373.8 367.8 363.6 355.9 347.1 339.4 331.3 328.7 333.9 337.1 336 335.9 332.1 329.6 324.6 319.8 316.7 313 308.6 304.3 299.7 294.6 289.2 284.7 281.5 276.8 272.6 272.2
302.6 303.6 304.6 305.7 306.3 306.9 308.4 309.8 311.3 310.8 310.9 312.7 314.3 315.1 316.6 318.4 319.9 320.5 321 322.9 325.3 326.9 329.2 330.5 328.3 341.4 362.6 381 395.5 408.9 421.6 432.6 438.6 443.2 448.2 454.2 459.9 463.9 467.1 460.7 454.3 448 443.2 436.4 425.7 417.1 407.5 397.4 389.7 382.3 374 367.7 363.1 354.2 345.3 338.5 330.8 325.4 326.9 326.7 326.5 325.8 324.2 323 320.9 315.9 312 308.9 305.4 301.9 294.8 285.7 280.1 273.8 269.7 268.8 267.4 264.8
306.8 307.8 308.8 310 311.3 312.4 314.1 315.6 317.2 317.6 319.7 322.1 323.9 324.1 325.6 328.4 328.1 329.1 331 333 334.6 336.5 339.3 339.2 332.4 346.4 370 393.4 407.8 422.7 437.9 448.8 455.7 460.6 464 469.9 473.3 474.2 469.8 459.2 449.3 439.7 430.7 423.1 414.5 409 404.7 398.7 392.8 385.1 376 366.9 359.6 350 341.8 334.5 325.7 319.1 312.9 312.6 315.2 315.8 316.8 315.9 314.9 311.7 308.8 305.6 301.6 296.1 288.2 278.9 273.8 276.1 274.7 270.9 267.3 265.2
311.1 312.1 313.1 314.9 316.1 317.9 319.7 321.8 325 328.5 333.7 335.5 335.9 335.5 335.1 336.4 337.6 339.7 341.6 343.6 345.7 347.9 351.3 349.3 339.7 342.7 366 392 413.7 435.6 451.7 464.7 472.8 475.5 481.3 480.4 476.7 471.8 462.9 451.5 441 430.1 419.3 409.4 403.7 400.8 397.4 392.2 387.3 379.5 371.7 361.4 351.9 342.5 335.4 324.1 319.3 315.9 314.9 311.2 304.5 304.2 305.7 305.5 304.9 304.2 301.6 298.5 293.6 287.8 280.4 277.1 283.1 281 279.9 274.8 270.3 271.1
315.6 316.5 317.3 319 322.9 325.4 328.4 330.3 333.9 341.9 345.5 347.3 347.4 346.8 345.9 347 349.4 351.6 353.6 355.9 358.5 360.3 363.4 360.2 348.5 341.9 355.2 382 411.1 440.4 464.9 476.5 482.6 486.2 486.1 479.5 473.7 464.5 454 443.7 432.6 419.3 408.2 398.9 391.1 384 379.6 377.4 373.3 367.2 359.3 350.3 340.9 332.8 323.7 322 324.5 326 323.8 319.6 314.2 306.9 298.1 294.2 293.6 290 288.9 284.8 282.6 280.5 280.7 283.5 284.3 283.6 278.8 274.8 275.8 276.1
320.6 322.5 323.9 326.5 331.3 333.3 338.4 342.3 351.9 358 358.5 360 359.8 361.2 361.7 363.7 364.2 365.4 367.6 369.9 372.2 374.6 374.7 370.8 359.4 349.4 347.4 369.5 400.5 430.2 456.6 478.3 486.6 486.3 483.4 478.4 471.1 461.8 451 437.2 424.3 414.2 408 401 392.3 382.7 368.4 362.5 358.9 353.1 343.6 335.4 333 333.8 333.6 333.3 332.4 330.3 327 323.3 319.6 313.7 307.8 301.3 296.6 299.6 295.5 291.8 285 287.7 288.3 288.5 286.3 282.4 279 281.2 281.1 280.9
327.2 330 331.6 335.9 340.6 343.3 352.2 360.2 371.1 377.1 378 375.3 378.1 378.7 379.6 379.9 382.7 383.3 385.6 386.6 390.1 391.6 389.3 382.6 369.5 360.4 353.1 359 389.1 419.6 447.7 472 485.7 490 486.9 480.6 473.4 464.5 455 444 435.3 423.6 415.9 404.9 392.9 379.2 366.8 355.8 349.2 344.2 343.2 343 343.6 343.4 342.9 340.6 337.3 334.9 331.8 327.2 323 317.6 312.4 305.3 305.9 300.8 298 294.8 287 293.6 290.7 291.1 288.9 285.3 282.2 285.8 287.8 287
335.1 338.4 342.2 347.1 353.2 359.1 369.3 379.7 391 396.6 396.5 396.9 396.9 397.3 399.1 400.8 402.8 404.4 402.8 404.2 407.1 407.9 406.3 394.9 382.3 372.2 363.3 366.2 382.7 415.8 445.3 471.1 491 496.1 493.7 490.8 483.6 473.3 464.2 455.2 446.4 435.2 422.4 407.5 391.8 374 360.7 354.3 354.2 353.8 353.8 352.9 351.5 350.7 350 346.9 343.6 340.5 336.6 332.1 327.1 321.9 316.7 310.3 306.1 303 299.4 295.4 290 293 294.8 294.1 292.4 288.6 286.3 290.6 294.9 294.6
341.4 346.3 353.1 359.9 367.4 376.4 385 397.4 409.4 414.8 420 418.7 418.3 419.2 419 420.3 421.3 425.1 424.5 423.1 425.2 427.8 426.7 412.5 396.6 385.3 376.4 377.8 384.4 417.2 447.6 475.4 497.9 506.6 503.6 500.3 496 488.2 479.4 468.3 456.5 443.5 426.3 409.6 388.5 368.3 362 364.2 366 366.4 364.2 361.7 360.3 358.2 356.7 353.6 349.6 346.2 342.1 337.3 331.6 326.4 321.3 315.3 310.5 307.2 303.1 298.9 294 297.3 298 297.9 296.4 293.1 292.7 296.7 300.6 304.2
348.5 353.9 362.4 370.7 378.8 390 400 414.4 428.8 436.1 441.5 443.4 444.1 444.1 442.8 443.7 445.8 447 446.1 444.6 444.3 446.4 443.4 431.4 413.9 398.8 390 389 393.4 422.7 452.8 480.3 506.1 516.2 516 512.6 506.9 500.2 489 478 464.2 447.9 428.3 405.5 381.2 367.9 374.2 379.3 378.3 376.7 374.2 372.5 369.6 366.9 365.5 363.1 359.8 354.9 348.3 341.9 336.9 332.4 327.2 321.6 316.7 311.8 307.9 301.8 299.6 300.3 301.7 302.4 301.2 297.1 299.4 302.8 309.1 315
355.3 362.3 372.7 381.9 390.8 403.2 415.4 432.6 449.3 457.5 463.8 468.8 471.5 471.1 471.3 470.9 471.5 470.4 468 466.2 465.6 464.2 460.8 449.9 431.7 415 408.6 405.8 406.1 433.1 458.8 486.7 512.7 525.5 528.7 525 517.8 508.4 497.5 484.4 467.8 447.7 426.4 400.7 377 379.4 388.6 390.8 390.9 390.7 386.9 385.8 383.4 382.2 380.1 376.2 371.6 367.1 360.2 351.7 345.9 340.3 334.3 329 324.1 319.4 311.4 307.9 309 308.4 308.6 307.3 306 303.6 306.1 309 318.5 325
358.7 368 379.7 390.6 402.5 413.8 430.4 451.5 469.5 481 489.8 493.4 495.7 496.1 496.6 497.1 496.4 492.9 490.3 487.9 486.9 482.7 480.8 468.4 451.4 436.1 429.1 424.6 425.2 444.2 468.3 492.6 515.6 535.1 540.7 537.3 528.6 517.9 504.4 488.2 469.1 447 424.3 396.9 383.1 395.3 403.3 406.5 406.1 405.8 401.9 401.5 400.9 399.2 395.8 392.5 387 379.9 373 365 356.1 350.5 344.4 337.8 331.7 324.8 319.3 319 319.6 318.7 318 315.8 313.5 310.2 314.4 321.1 328.6 334.6
355.1 369.1 384.2 396.5 411.9 424.7 442.9 464.1 483.6 497.4 508.1 514 516.5 517.5 519.3 519.3 518 515.2 512.5 509.7 506.1 502.6 499.2 488.7 473.7 458.2 451.1 446.7 442.7 461.4 480.3 502.8 522.8 542 551.8 546.4 535.1 522.6 506.8 489.7 469.9 443.8 421.9 395.5 393.9 410.4 418.3 420.9 420.4 419.4 417.9 418.3 418.7 417.8 413.6 410.3 405.4 398.6 390.6 380.3 370.4 361.5 354.6 347.9 341.1 333.4 330.7 330.9 330.8 330.5 328.5 325.1 322.2 318.2 323.9 332.1 339.7 343.9
348.4 365.1 382.9 401 417.1 430.5 450.5 472 492 508.4 521.1 530.4 535.4 537.5 537.7 537.9 537.1 534.5 532.6 530.9 527.8 524.8 520.7 512.3 497.4 481.9 472.3 467.2 459.8 479.1 497.2 517.3 535.7 550.3 559.5 550.9 537.9 524.5 507.9 489.9 469.6 445.6 421.7 400.4 405.3 422.7 429.9 432.9 433.5 432.7 432.4 433.6 435.9 436.5 434.5 431.9 426 419.3 410.1 397 384.9 374.1 367.2 359.8 352.2 342.5 345.7 346 346.9 346 342 337.8 333.1 325.2 335.8 342.5 350.6 352.5
340.9 357.7 376.4 397.1 415.7 430.4 452.7 476.9 497.3 516.8 531.4 543.7 551.8 555.1 555.4 554.6 553.9 552.8 551.4 551.4 551.1 548.4 544.1 535.7 519.3 505 494.9 488.6 487.2 500.5 518.1 535.1 550.7 561 565.2 554 541.2 527.4 510.9 490.9 471.2 447.2 427.3 406 417.6 434.3 441.8 444.4 446.5 448.1 449.7 452.2 454 455.2 456.4 455.5 448.9 441.9 430 415.9 402.8 389.7 381.4 374.2 367.1 359.9 363.4 364.2 362.5 362.9 357.4 351.5 342 337.5 346.7 353.5 358.4 360.4
334.1 348.1 367.7 389.9 409.9 425.6 451.4 475.3 497.7 518.3 534.9 549 562.2 567.1 566.4 569 571 570.9 569.2 571.1 571.9 571.1 567.5 560 545.6 530.3 519.1 511 513.2 524.9 539.1 552.5 562.7 567.1 564.4 555.4 544 529.5 514.9 495.3 473.8 449.6 430.7 412.9 428.2 446.6 456.1 458.4 458.9 460.7 465.7 468.1 472.9 475.6 476.6 476.2 472 463.2 451.7 438.8 424.1 407.8 395.9 389.3 381.8 376.1 378.4 378.6 375.7 374.8 370.1 361.4 350 349.7 358.7 366.7 370.4 368
342.4 340.3 353.5 378.6 402.1 418.2 444.3 469.4 492.1 513.5 531.1 548.3 563.4 572.8 577.5 581.8 584.7 586.2 588.5 589.6 591.6 592 593 586.7 574.9 558.6 546.7 539 539.2 547.9 554 562.1 568.6 570.6 566.3 558.7 548 534 518.5 499.4 476.9 454.6 436.8 425.7 437.7 455.5 466.1 469.6 472 476.2 480.1 486.3 491.8 496 497.2 497.5 493.4 485 473 459.9 445.1 429.3 412 404.2 397.5 394.1 393.2 391 388 385.1 378.4 368.9 358.8 361 371.2 377.7 379.6 375.8
358.4 345.7 342.3 364.7 391.6 408.8 433.9 458.4 481.2 501.1 521.6 541.2 558.5 573.6 583.6 588.2 594.2 599.3 601.5 604.6 607.8 610.6 612.7 611.3 603 588.2 576.6 567.7 562.5 564.3 567.9 571.2 573.8 572.3 568.6 560.9 551.4 537.4 522.1 503.6 481 457.3 451.5 445.9 448.3 462.9 472.6 480.3 483.9 489.1 496.3 503.3 509.8 515 518.6 518.4 512.5 504 493 478.6 463.7 445.9 428.7 416.1 409.4 407.8 407 403.9 400.4 393.1 384.9 376.7 370.5 372.8 380.9 385.9 386.1 382.3
371.8 363.3 349.9 348.2 374.2 393.7 421.1 444.7 465.2 487.9 503.9 528.3 548.6 565.9 581.3 591.1 598.9 605.7 612.5 617.7 622.4 626 629 629 622.2 613.5 605.4 594 581.9 578.1 578.2 577.5 577.6 573.8 570 561.7 551.2 540.6 526.4 509.3 489.8 472.6 467.1 463 458.4 471.5 480 488 495.7 502.9 511.4 518.2 524.3 529.2 532.9 532.3 527.3 518.6 506.6 492.2 476.5 456 437.9 425.1 421 419.1 415 412.3 406.7 398.3 391.1 384.9 381.3 382.4 387.2 392.2 390 384.6
381.9 378 367.3 351.4 356.4 382.1 409.4 432.4 453.2 473.7 495 515.5 536.4 556.6 573.5 586.2 597.3 608 616.5 624.4 630.8 636 640.2 642.4 638.3 631.6 623.1 611.1 601.3 593 588.4 586.2 582.8 577.7 571.9 563.5 553.5 544.1 532.3 518.2 503.1 489.2 480.2 475.8 470.7 482.1 490.1 496.3 504.2 514.6 524.6 528.9 534.3 540.7 545.5 546.7 539.8 529.8 516.3 501.2 483.9 464.9 445.8 430.6 429.8 426.4 422 418 410.8 403.4 394.8 390.6 389.5 390.4 394.7 396.1 392.5 382.2
390.1 390.5 380.2 363.1 353.8 370.7 395.9 420 441 461.9 484.5 502.7 525.2 546.5 566 581.3 593.7 604.9 616.3 627 634.9 642 647.9 650.1 648 642.8 636.7 628.5 618.1 607 598.1 592.5 589.1 583.5 577 568.1 558.3 548.7 539.1 528 514.7 504.8 494.4 489 485.1 492.3 499.9 507.2 514.2 523.8 532.1 537.1 544.3 550.8 555.1 555.7 549.7 539.3 525.6 510.4 492.8 474.7 455.9 438.6 433.6 429.7 425.6 421.4 415.8 407.5 397.4 394.1 393.4 397.6 401 398.6 389.3 377.9
401.7 400.7 394.7 378.1 359.5 364.9 381.2 403.8 427.8 451.9 475.4 496.9 516.3 537 556.8 574.5 589.4 600.8 613.4 626.2 635.7 644.2 651.2 654.4 653.7 650 643.5 637 629.6 620.7 610.4 601.6 595.5 589.5 581.8 572.3 564.4 555.8 545.1 535.2 526.9 518.3 509 502.4 498 501.4 507.2 514.9 523.2 532.4 540 545.1 553.7 558.7 562.4 563.6 558 546.5 533.8 519.4 501.8 484.6 467.6 452.5 440.9 435.9 431.1 425.9 420.8 413.3 401.9 397.5 400.4 403.9 402.3 397.2 386.4 373.1
411.6 415.8 408.8 393.7 372.8 366.1 380.1 397 417.5 439.5 466 490.5 510.6 531.6 550.4 567.1 584.2 596.7 609.2 623 634.2 643.4 652.8 656.8 658.4 655.7 649.3 644.5 635.7 627.9 619.5 609.5 601.4 595 586.9 577.4 570.4 562.1 551 541.3 535.2 529 518.4 512.3 510.1 508.9 515.2 522.5 531 539 547 551 560.1 566.9 569.5 568.2 563.6 553.5 540.6 526.6 508.8 492.9 477.3 463.7 451.7 442.2 436.1 431.5 426.9 418.5 408.8 403.8 407 405.8 402.8 395.7 384.5 369.4
