data/300000-800000.asc
ncols 200
nrows 200
xllcorner 300000
yllcorner 800000
cellsize 50
[rows 68 to 101 of 200, columns 0 to 76 of 200]
664.1 666.7 664.2 650.3 650.6 677.2 708.6 740.6 772.1 791.2 790.6 786.7 782.6 780.6 785.6 793.5 804.9 817.4 828.4 837.4 838.7 828.7 824.8 828.2 839.4 853.2 878.3 911.1 940.6 969.4 996 1009.6 1000 978.7 939 900.3 859.7 809.9 764.7 729.2 699.6 671.9 653.6 625.7 611.4 605.6 596.3 590.6 570.5 574.2 597.4 622.5 650.7 670.7 682.3 700.8 723.3 738.6 743.7 745.2 753.6 762.6 781 785.2 825.6 866.9 888.3 896.9 903.6 910 916.5 925 934.4 942.1 947.7 953.4 961.7
677.8 681 681.2 667 657.6 676.8 707.7 740 771.7 792.8 798.4 797.9 797.6 799.3 803.2 815 826 838.8 853.2 863.9 870.9 853.8 843.9 850 861 873.8 892.6 920.3 950.3 978.8 999.7 1007 1005.5 991.7 955.5 917.6 865.4 823.1 773.5 736.1 705.7 676.8 654.3 629.3 614.1 613 601.1 595.7 579.5 574.9 605.3 635.6 663.4 675.8 689.8 712.2 739.2 765.4 783.9 798.3 805.2 806.2 822.5 806.8 844 869.5 886.9 894.9 901.5 907.5 914.5 921.8 928.9 937.5 945.6 954.1 965.9
693 695.1 694.1 685.4 667.6 678.1 706.3 738.6 769.6 792.1 805.1 809.8 810.5 814.7 824 835.7 847.2 861 876.1 889.7 899.4 887.4 879.3 878.5 891.1 904.5 920.9 947 966.7 988.1 1002.5 1007.9 1008.6 1002.4 973.4 915.6 877.9 833 783.8 743.8 710.8 680.6 656.8 633.1 614.2 612.4 605.9 599.2 584.9 581 612.1 645 672.6 684.3 695.2 723.4 755 782.3 804.8 827.4 841.6 856.5 872 856.7 850.5 869.5 884.7 893 898.9 904.9 912.3 919.2 926 933.8 942.9 953.5 966
706.3 709.2 709.3 703.2 687.2 684.1 706.4 737.6 768.8 795 811.1 820.2 825 831.8 842.9 855.7 869.1 883.6 898.5 913 923.1 925.1 917.5 918.4 927.2 940 954.1 965 976.3 991.2 1004.1 1008.9 1010.4 1008.4 970.6 926.8 887.8 842.1 792.3 751.8 717.9 684.8 663.1 637.3 626.5 619.2 603 600 584.3 587.7 618.7 649 679 692.6 707.4 736.7 771.4 799.4 818.8 840.4 854.5 873.6 885.4 882.4 871.8 869.6 882.5 890.6 896.3 902.7 909.5 916.5 923.4 930.7 939.1 950.5 962.9
719.8 722.8 724.5 724.7 710.3 693.6 710.4 739.6 770.6 795.6 816.7 829.8 837.8 848.6 860.3 874.1 888.2 903.4 918.2 932.6 941.6 947.5 951.2 953.2 956.7 958 967 974.1 981.8 995.1 1005.3 1010.1 1011.3 1009.4 997.4 933.4 894 850.4 803 757.8 725.3 696.9 668.6 643.4 628.4 624.5 616 603 589.5 594.4 629.2 661.8 685.4 696.1 717.1 751.3 785.4 813.4 832.4 847.5 866 882.2 892.7 892.3 885.4 872.1 878.7 887.5 894.8 901.5 907.2 914.1 920.9 928.3 935.6 946.5 958.6
734.1 739.2 742.5 742.7 730.8 714.6 719 743.8 767.5 797.2 819.5 835.8 848.2 862 874.9 890.4 905.9 921.2 936.9 950.3 958.7 962.3 968.4 969.8 969.3 969.7 974.1 980.1 987.9 998.8 1007.6 1011.8 1011.9 1009.6 998.1 936.6 896 854.6 811.4 765 729.9 700 672 647 632.5 630.1 622.2 605.9 605 594 625 658.4 685.4 702.8 727.9 761.5 797.8 825.7 842.8 854.3 876.1 891 899 899 893.9 888.9 884.7 883.9 893 901.1 906.4 911.7 918.4 925.5 932.7 941.8 952.1
748.7 756.8 760.9 759.4 752.1 737 724.2 751.7 781.7 799.6 821.4 838.2 856.3 871.1 885.7 901.1 917.7 935 950.9 963.3 971.1 976 980.6 981.4 980.7 977.7 981.6 986.7 994.2 1001.5 1010 1013.6 1013.3 1009.7 991.4 939.7 897.3 860.9 821 777.3 732.6 700.8 675.3 653.2 637.7 630.2 623.7 614.5 606.6 602.2 635 665.8 694.4 710.2 736.2 769.5 805.3 833.6 849.1 863.8 885.7 897 904.4 903.9 900.2 895.8 892.5 893.3 896.6 898.3 904.1 909.8 915.9 922.3 928.9 936.7 945.3
763.7 773.6 780.6 778.7 772.5 758.2 746.7 757.2 788.4 815.5 829.5 845.8 864 879.8 895.1 910.7 925.7 942.8 960 973.3 982.3 987.1 990 991.9 990.7 985.3 988.5 992.7 998.3 1004.3 1011.6 1014.9 1014.5 1010.5 992 943.3 902.1 862 826.8 781.1 738 702.8 677.6 655.7 639 625.1 614.4 614.9 601.5 610.9 645 679 699.2 715.1 743 776.5 811.7 838.4 854.7 875.6 891.7 902.2 909 908 904.4 899 897.2 898.7 900.8 901.1 902 907.8 913.7 919.9 926.5 933.8 941.2
781.4 790.8 799.4 800.9 797.4 783.6 772.1 763.3 792.7 823.2 841.7 855.6 871.8 886.5 900.7 915.5 931.8 949 966.5 982.5 993.1 998.9 999.6 998.6 997.7 997.2 996.2 998.4 1001.8 1006 1012.3 1017.4 1018.2 1014.3 1005.7 949.9 911.5 871.5 829.7 787.8 743.3 701.4 677.4 651.5 640.2 633.5 627.2 623.7 596.9 616.6 649.9 682.3 701.3 720.4 750.8 784.6 820.4 843.8 863.6 884.7 896.8 909.2 913.5 912.7 908.8 903.6 901.3 902.1 904.8 905.7 905.7 905.9 912.1 918.6 925.6 933.1 940.9
801.8 811.1 819.6 824.2 824.5 812.2 798.7 784 798.5 829.5 851.1 868.3 883.4 895.1 906.5 922.2 938.7 955.2 973 990 1001.9 1007.7 1007.7 1005.3 1004.3 1003.9 1003.4 1003.6 1005 1008.6 1014 1020.2 1026 1018.6 1008.7 954.1 916.9 874.8 836.5 792.6 744.6 705.8 681.4 655.1 642.9 634.7 633.7 618.9 597.5 616.6 651.2 686.3 708.2 728.1 759.2 793.1 829.3 850.2 869.6 886.9 901.6 914.9 916.9 916.4 913.6 909.5 906.4 906.1 908.5 909.5 909.6 907.2 911.5 917.8 924.8 932 939.3
823.5 833.4 842.2 849.1 848 838.1 823.9 807.9 806.5 836.2 860.5 880.3 897 909.7 921.4 932.1 946.9 962.8 980.6 997.2 1008.9 1014.5 1014.7 1011.5 1009.4 1008.3 1008.7 1008.9 1009.6 1011 1015.9 1022.4 1024.8 1020.7 1001.6 960.9 919.8 876.9 834.8 792.9 749.2 708.5 684.6 659.3 644.1 631.3 633.3 621.2 599.3 621.7 653.9 689.6 712.5 736.4 767.1 801.6 835.5 856 876.1 891.9 906.7 916.9 918.2 917.8 917.4 913.8 910.7 910.6 911.3 912.1 913.2 911 910.8 916.8 922.7 930.1 937.2
846.3 855.2 864 872.2 871.9 863.4 849.2 833.4 815.4 844.7 870.1 891.7 910.5 923.2 934.2 943 958.2 971.9 989.1 1004.1 1014.7 1020.9 1019.2 1016.4 1014.7 1012.9 1011.8 1012 1012.1 1013.9 1016.4 1020.9 1023.6 1021 996.7 949.8 908.3 872.6 830 790.3 746.3 715.1 695 668.1 646.1 635.2 630.3 621.9 602.5 624.9 653.6 685.5 713.8 740.3 776.3 812 841.3 862.3 879.1 897.3 912.9 920.2 919.8 920.3 919.5 915.4 913.5 913.2 914.3 915.7 916.7 914.5 911.3 914.7 920.8 927.5 934.7
870.1 877.8 886.4 891.9 894 887.4 873.5 858 840.9 852.6 878.7 902.7 922.3 937.6 948.1 957 968.3 982.2 995.9 1009.7 1018.7 1023.7 1023.5 1021.7 1020 1017.2 1014.8 1014.6 1014 1015.7 1015.3 1018.6 1021.7 1019 996.9 958.1 915.1 872.7 832 790.6 743.8 712.8 692.8 669.6 649.9 644.7 640.2 628.7 606.2 631 661.4 695 717.5 747.4 782.9 817.3 846.2 868.5 884 903 916.8 922 922.6 922.8 920.3 917.9 916.6 916.4 917.6 919.8 920.2 917.1 913.8 914.9 918.4 924.9 931.8
893.4 900.7 907.4 912.4 915.7 909 896.4 881.6 868.1 862.6 890.1 911.6 933.2 950.5 964.3 972.6 982.1 990.9 1002.6 1013.1 1021.5 1025.9 1027.1 1027.2 1025.2 1022.8 1019.9 1017.9 1016.1 1015.8 1015.5 1015.9 1017.5 1013.7 992.3 955.6 915.5 874.5 828.3 786.9 740.4 703.3 682 666.5 650.2 638.7 623.7 625.3 618.4 642.6 672.8 705.5 725.8 751.4 786.5 823.6 851.4 874.5 893.4 909.2 919.1 924.4 925.5 925.9 924.3 922.3 920.6 920 921.3 924 923.3 919.4 917.6 918.7 918.3 923.5 931
912.3 918.3 926.2 932.3 937.8 931.7 918.4 902.3 886.5 876.1 901.3 923.8 944.1 962.4 974.6 984 991.7 998.4 1006 1015 1023.8 1031.9 1033.6 1033.7 1033 1029.6 1026.3 1023.2 1017.7 1014.8 1012.5 1012 1012.3 1006.7 981.7 950.8 915.5 867.8 823.3 776.3 733.3 700.2 681.3 664.8 649 641 634.7 632.4 624.3 651.6 682 712.1 731.3 756.6 789.3 830.7 858.9 882.9 900.7 915.4 922.8 928.1 929.4 930 928.8 926.7 924.4 923.6 926.3 928.4 927 923.2 922.5 923.8 923.8 925.6 932.1
928.7 934.3 943.1 951.3 958.8 951.1 937 920.5 902.8 891.1 909.2 930.8 951.6 970.2 984.1 993.4 998.3 1004.1 1010.5 1019.5 1029.7 1036.4 1038.9 1041.7 1040.4 1037.3 1031.8 1025.7 1018.5 1013.3 1008.9 1005.3 1004.1 999.4 977.2 950.5 907.6 865.7 816.5 770.1 727.1 698 678.7 661.5 652 647.4 638.8 626.2 626.7 657.5 689.3 715.8 734.4 765.3 801.3 837.7 867.9 888.4 908.5 918.2 925.8 930.8 932.9 934.3 933.6 931 928.6 926.8 929.6 932.7 931.5 927 927.5 929.5 931.1 930.8 932.8
943.1 948.8 956.7 966.4 973.7 965 953.4 937.8 919 905.3 924 938.4 955.6 972.9 988.2 999.1 1004.4 1009.5 1016 1024 1033.6 1040.8 1046.5 1050.4 1049 1044.6 1036.8 1029.5 1020.3 1011.1 1005 998 994.5 990.5 975.9 940.6 895.3 854.9 808.6 764.1 727.7 699.8 677.7 662.3 654.9 648.7 643.5 621.3 630.8 662.4 696.4 726.4 745.6 776.4 813 845.3 873.5 894.4 910.2 919.6 929.2 934.2 937.8 939.5 938.9 936.2 933.5 930.8 932.3 935.7 935.7 930.7 931.3 933.8 935.1 934.5 936.3
950.6 958 968.3 977.5 981.2 976.3 965.6 951.4 932.9 920.7 937.6 951.4 963.9 976.3 991 1001.2 1008.1 1014.4 1022 1030.3 1039.6 1047.7 1054.9 1058.9 1057 1052.3 1044.9 1035.7 1024.1 1010.8 1000.1 990.8 985 980.7 969 943.8 902.3 855.8 805.7 764.3 729.9 700.6 677.4 663.8 647 656.3 645.7 623.2 645.1 674.1 707.5 730.9 754.4 788.7 824.9 851.5 873.5 896.5 908.9 922.4 932.8 939.2 943.3 945.7 944.5 941.6 938.9 936.2 935 938.7 937.6 934 934 937.1 937.7 936.8 937.7
953.9 962.4 971.6 979.3 986 982.9 974 962.7 948.6 934.5 948.7 962 973.6 986.5 998.5 1006.6 1014.8 1022.8 1031.5 1039.6 1048 1055.8 1063 1066.7 1066.8 1062.9 1054 1042.8 1029.1 1014.1 997.3 985.1 975.1 970.4 959.9 937.2 900 852.7 810.4 764.8 732.1 701.8 678.7 660.9 650.7 657.1 641.7 633.4 654.5 686.1 715.7 737.4 766.1 800.5 832.4 853.9 875.5 897.3 910.6 924.2 936.8 945 950.3 952.9 950.6 947.1 944.3 941.6 939.2 940.3 939.1 936.5 936.4 938.8 938.7 937.9 938.5
953.3 963.3 973.3 982.6 988.3 987.9 980.6 972.2 961.6 948.8 961.5 972.4 984.9 996.8 1007.7 1015.8 1023.9 1032 1040.6 1049.6 1055.6 1063.4 1071.1 1076.4 1077.5 1073.7 1065 1050.9 1032.4 1017.8 1001.9 981.2 967.1 958.7 947.2 926 896.1 852.2 813.6 771.1 732.5 702.5 680 666.7 654 657.4 635.2 637.3 662.6 688.3 716.6 743.6 774 809.9 835.2 856.1 879.2 895.1 909.5 924.3 938.5 949.4 955.4 959.6 956.7 953.2 949.8 947.1 944.4 942.2 941.6 939.9 938.6 940.2 939.8 939 938.9
951.4 963 974.3 984.1 993 991.4 984.8 980.6 971.5 962.1 973.1 983.1 995.6 1007.7 1019.5 1027.5 1035.6 1043.7 1051.4 1059.3 1064.7 1070.8 1079.4 1087.3 1090.6 1086.1 1073.9 1056.4 1036.7 1019.2 998.2 981.4 962.2 948.5 932.6 912.5 887.7 850.7 813 772.7 736.2 709.5 683.2 670.9 660.3 663.2 642.9 641.3 675.6 708.6 725.8 752.7 784.1 819.9 839 858.8 880.4 896.4 908.7 924.3 939.9 951.4 957.7 961.3 961 958.1 955.2 952 948.5 945 944.2 942.4 940.2 940.5 940.1 939.7 939.8
946.8 960.7 974.2 983.9 991.5 991.4 988.5 986 981 972.7 983 993.5 1004.9 1017.5 1030 1039.3 1047.5 1055.2 1060.6 1067 1072 1077.5 1087.2 1095.5 1100.1 1092.8 1080.3 1062.2 1041.3 1021.2 1000.5 978.4 957.1 937.5 917.3 898.9 876.2 842.4 807.6 769.7 736.3 713.7 693.5 676.8 668.6 669.2 649 647.3 679 712.5 732.1 758.9 790.1 819.7 844.1 862.2 883.3 898.2 909.9 925 941.4 952.6 959.3 962.8 964.4 961.1 958.5 956.1 952.6 949.2 946.5 944.3 942 940.8 940.5 939.7 940.1
942 957.6 972.7 984.2 991.5 993.2 994.2 993.5 991.5 987.6 991.5 1002.9 1014.3 1026.7 1039.2 1048.7 1056.9 1062.7 1067.9 1072.3 1077.2 1082 1089.6 1098.9 1103.1 1095.5 1081.6 1065 1044.5 1023.6 1002.3 979.2 952.7 927.6 904.8 887.1 868.2 836.8 799.5 766.5 736.5 714.9 698.4 681.3 677 674.9 650.7 653.7 689.1 715 736.5 764.3 796.3 823.2 848.8 869.9 889.8 904.2 916 930.7 944.6 955.2 961.3 964.8 965.2 964.4 961.9 959 955.7 952.3 948.9 945.5 943.2 941.5 940.4 940.1 939.8
938.4 955.8 972.8 983.9 992.9 997.1 1000.4 1001.4 1000.5 997.7 998.8 1010.5 1022.4 1034.9 1047.3 1055.1 1062.4 1069 1074.4 1077.8 1082 1086.1 1091.9 1098.3 1099.9 1094.3 1082.9 1065.3 1044.7 1024.7 1000.4 978.2 954.5 923 899.4 881.5 862.9 833.5 798.1 763.9 731 710.8 698.2 683.8 685 678.2 652.6 659.6 688.4 714 739.6 769.3 799.6 829.2 852 873.7 898 912 921.9 936.4 951.6 959.8 965.4 967.9 968.7 968 966.6 964 959.2 955.4 952 948.5 944.9 941.2 938.7 938.4 938.2
934.9 954.2 973 984.8 994.7 1000.9 1006.3 1008.6 1008.4 1006.7 1005.2 1016.9 1028.6 1041.3 1051.8 1061 1068.1 1075.2 1081.2 1083.6 1085.4 1089.7 1093.4 1097 1097.9 1091.7 1082.6 1065.1 1044.4 1022.1 995.5 973.7 955.7 929.2 900.8 877.6 852 829.1 797.4 759.8 727.2 707.7 698.6 689.3 683.9 677.2 653.6 667.5 692.2 717.6 743.5 775.9 808.2 835.7 857.7 876.9 899.4 917.1 930.2 941.4 954 965.8 972.1 973.9 975.8 975.6 973.7 970 965 959.9 954.7 950.6 946.3 940.5 936.8 936.2 936.2
932.4 952 970.2 985.3 995.4 1003.8 1010 1013.6 1015.7 1014.6 1012.4 1022.1 1034.9 1045.4 1055.9 1066.3 1074.5 1082.1 1087.1 1089.6 1091 1093 1096.7 1099.4 1098.9 1093.1 1081.6 1067.5 1049.7 1026.9 996 969.5 957.1 939.3 908.5 875.2 851.1 824.6 795.4 759.4 726.2 710.8 705.1 689.8 679.8 674.2 652.2 671.8 695.5 721 748.8 783.7 817.4 840.7 859.5 876.1 901.9 921.7 937.2 946.8 960.8 975.2 980.1 982.4 984.6 983.5 981.2 976.7 971.1 963.4 956.2 952.1 946.8 940.1 936.4 934.1 934.1
930.6 951.7 969 983 994.6 1004.8 1013.2 1018.3 1021.6 1022.7 1020.6 1028.9 1039.1 1049.5 1060 1072.8 1082.6 1089.1 1093.4 1096.4 1098.1 1097.5 1099.9 1101 1101.5 1096.7 1087.3 1073.1 1056.9 1033.3 1003.7 975.6 958.1 945.7 919.1 883.5 853.6 821.7 794.1 758.6 731.1 714.8 705.5 693.6 678.2 671.5 659.6 675.2 700.6 724.4 754.6 789.7 819.3 841.3 861 880.1 905.2 929.5 942 958.8 970.7 981 986.7 990.2 992.6 991.1 988 983.3 976.9 968.2 959.1 953.6 947.3 940.1 935.5 932 932.2
932.3 951.1 968.3 981.4 993.4 1004.6 1016.3 1024.6 1028.9 1031.9 1032.1 1033.2 1043.8 1054.3 1065.9 1079.1 1089.9 1096.7 1101.4 1104.6 1104.2 1102.6 1104 1105.5 1105.2 1101.6 1095.1 1085.4 1068.9 1036.5 1009.6 984.8 959.4 945.1 925.3 887.5 856.9 820.7 787.3 763.7 742 719.2 702.7 685.7 676 659.1 677.4 680.1 703.9 729.4 760.1 793.9 818.5 840.1 861.6 884.1 908.8 932.8 945.9 962.4 974.9 983.4 991.6 997.3 999.2 997.2 993.8 988.8 982 973.4 963.8 954.9 947.8 940.8 934.8 930.2 931.2
933.7 953.1 970 981.1 993.5 1008.9 1023.1 1032 1037.7 1040.8 1043.7 1043.3 1049.4 1059.1 1070.9 1084.8 1097.3 1103.9 1108.9 1110.6 1110.6 1108.6 1108.4 1109.6 1109.8 1110.8 1107.2 1101.1 1079.7 1037.1 1009.3 985.9 959.1 942.4 927 895.5 865.1 823.6 791.4 772.8 756.7 725.2 706.5 679.6 665.8 661.6 681.8 690.9 707.1 736 765.8 795.3 817.7 840.6 862 886.2 911.5 934 949.9 968.4 975.8 985.5 994.7 1001.4 1002.2 1000.8 997.6 991.6 984.7 975.9 965.2 956 949.1 942.3 935.9 930.4 928
941 957.5 971.6 985.9 998 1014.4 1029.9 1038.2 1045.4 1049.9 1053.6 1053.7 1055.4 1063.7 1073.2 1087.7 1102.1 1111.3 1115.9 1117.8 1116.9 1115 1115.6 1117.3 1119.7 1122.9 1121.7 1116.1 1096.1 1049.2 1019.8 996.7 967.2 943.7 930.1 900.7 866.3 828.4 791.7 777.5 759.5 729.8 710 679.9 661.9 663.4 686.1 694.6 712.8 740.6 768 793.4 816 842.6 864.9 890.7 912.5 934.2 951.6 967.3 976.5 987.3 995.8 1002.4 1003.2 1003.5 1000.3 994.3 987.6 979.2 967.7 958.1 950.6 943.8 937.4 930.7 925.6
948.8 963.9 976.9 990.3 1005 1021.9 1036.5 1045.9 1053 1058.1 1060.8 1061 1061.3 1067 1077.1 1092 1106.4 1116.8 1122.2 1124.7 1123.5 1121.9 1124.2 1125.7 1127.9 1131 1131.6 1128.1 1116.5 1075.5 1038.1 1009.7 983.9 949 933 903.3 866.6 828 794.7 775.5 754.5 729.8 714.3 685.9 672.4 664.8 688.8 700.9 714.6 737 765.3 788.1 815.9 846.6 874 895.4 914.9 932.3 951.8 966.6 979 988.5 997.9 1003.2 1006.2 1004.8 1002.4 997.3 990.3 982.2 970.9 960.9 952.8 945.4 938.6 931.7 925.3
956.9 971.8 985.6 996.6 1012.3 1031.8 1043.5 1053.7 1060.4 1065.1 1068 1068.1 1067.9 1070.7 1079.7 1093.8 1107.9 1119.4 1127.1 1130.2 1130.1 1129.3 1130.2 1132.7 1136.8 1138.3 1139.8 1139.2 1130.9 1092.9 1056.2 1026.7 996.3 967.7 935.1 903.3 865.6 831.4 806.8 774.1 749.2 730.5 714.2 694.9 691 668.3 681.5 699.8 717.7 742.4 766 790.8 819.3 850.6 877.2 898.9 916.8 935.5 953.8 970.2 983.2 992.5 1000.4 1006.7 1010.6 1009.8 1006.2 1001.4 993.6 984 972.3 962.3 953.6 946 939.8 933 920.6
964.9 981.7 996 1009 1025.2 1040 1051.3 1061.3 1068.1 1072 1075.2 1075.7 1075.7 1075.9 1082.9 1095.6 1110 1121.9 1130.6 1134.2 1135 1134.8 1136 1138.4 1142.5 1145.8 1147.1 1146.7 1140.4 1107.8 1073.9 1039.4 1006.8 971.4 933.4 897.2 860.5 825.5 797.8 774.4 741.3 729 711.6 704.4 698 687.5 677 700 721.4 745.9 770.9 795.4 823.8 854.6 881 901.9 918.5 938.2 955.5 973 986.4 995.7 1004 1010.9 1015.7 1014.3 1009.8 1002.6 993.5 983.1 971.9 962.9 954 946.1 940.6 929.4 931
970.5 986.3 1000.6 1015.2 1032.2 1045.7 1057.2 1067.6 1075.8 1082.4 1082.8 1083.4 1082.5 1081.5 1088.5 1100 1114 1124.7 1132.7 1136.7 1137.1 1137.3 1138 1141.3 1146.8 1149.6 1150.5 1147.8 1140.7 1130.4 1089.1 1051.7 1017.1 974.3 929.3 891.5 856.6 821.6 792.1 772.2 747 727.5 711.2 705.8 707 698.1 685.1 708.7 724.3 748.4 774.2 801.2 829.6 860.4 886.5 904.7 921.1 941.2 959.5 975.1 988.6 999 1007.3 1014.3 1016.4 1014 1008.2 1001.3 992.6 981.7 970.1 962 953.1 947.2 943.1 941.2 936.4
