data/300000-780000.asc
ncols 200
nrows 200
xllcorner 300000
yllcorner 780000
cellsize 50
[rows 105 to 139 of 200, columns 78 to 155 of 200]
736.1 724.7 713.6 703 691.3 681.1 670.8 660.6 666.8 672.1 681.8 691 697 700.5 702.7 704.9 705.8 707.2 706.7 705 700.5 692.6 677.6 664 652.4 639.3 627.7 615.2 604.6 594 582.5 573.2 565.3 555.3 547.3 538.8 531.1 521.1 510.4 512.6 514.8 515.3 516.1 515.5 513.6 512.7 512.3 513.5 505.8 502.2 508.1 524.2 545.9 571.2 599 626.5 654.7 678.9 695.3 703.2 701.9 698.1 693.1 680 671 663.4 656.3 647.9 640 631.1 619.5 608.5 606.8 615.7 619.9 623.4 625.1 626.5
733.5 723.1 712.6 701.9 689.8 680.3 668 664.1 672.1 678.8 687.9 697.9 702.9 705.9 710.3 712.3 713.4 711.5 708.6 699.2 685.4 670.5 656.9 645 633.6 622 610.1 599.6 590.3 579.5 571.3 561.9 552.7 545.5 535.7 526.8 518.9 520.1 526 527.2 530.4 530.9 531.3 531.7 530.6 529.5 528 524.9 513 505.4 513 532.9 554.7 581.6 610.6 639.1 667 688.2 699.5 707 703.7 699.1 692.4 680 670.9 662.4 653.7 645.1 637.9 630.1 619.4 606.2 615.1 625 630.1 633.1 635.1 636.5
730.6 720.1 709.7 698.6 685.7 674.1 667.4 676.5 680.7 685.6 694.1 702.3 708.6 713.2 716.5 716.9 715.7 708.7 697.2 679.7 665.9 652.8 641.3 628.3 617.2 606 596.9 585.3 575.5 566.6 558 549.8 541.3 532.3 523.1 521.7 527.5 529.5 537.1 541.7 546.9 550.1 551 551 552.6 553.1 548 532.7 522 507.3 519.6 539.8 563.4 590.2 619.2 648.3 678.6 693.4 704.9 711.9 707.9 700.2 691.6 679 669.8 659 648.8 640.6 633.7 626.1 612.5 615.7 624.9 632.8 638.4 642.8 645.5 647.3
724.4 714.9 705 691.6 679 670.8 679.4 683.9 688.9 695.5 702.5 708.8 712.8 717 719.7 715.4 705.4 692.3 678.7 662.7 648.3 636.5 626.4 613.1 603.1 592.9 582.6 571.1 562.6 553.5 546.1 537.3 531.1 530.4 533.8 533.3 536.4 541.6 548.3 557 564.3 570 573.2 578.3 580.2 577.9 563.2 541.8 520.7 513.5 524.4 548.1 571.1 598.5 627.2 657.4 683.3 699.1 711.1 716.4 709.8 699.9 690.3 676 665.7 655.9 644.6 635.9 627.9 620.2 617.2 626.1 635.2 641.8 647.6 652.4 655.6 658.8
717.8 707.4 698.5 684.7 674.6 680.6 685.8 690.3 697.7 703.2 708.6 714.1 716.2 717.1 714.8 703.8 689.2 675.5 660.2 645 632.5 621.5 611.5 599.1 589.3 578.2 568.9 559.8 550.8 542.3 537.6 538.4 541.9 544.8 544.2 543.9 547.9 555.1 563.8 573.5 585.8 595.2 598.1 604.6 607 593.1 571.3 543 518.7 517.9 531.3 554.8 579.1 607 636.3 668 690 705.2 715.9 718.1 708.3 697.9 687.2 675.9 664.9 653.6 640.6 630.3 623.8 617.2 625.2 635.7 644.4 650 656.7 662 665 667.7
710.6 701.2 691.7 679.9 683.1 689.8 696 700.7 705 710.9 714.6 717.6 715.9 712.6 702.8 690.6 675.6 659.3 643.4 629.5 617.8 607.9 596.4 584.4 574.5 567.5 557.2 552.4 551.7 546.7 549 551.4 553.4 554.9 555.9 557.8 563.5 573.7 584.2 597.8 609.2 617.3 618.1 619.4 606.1 588.2 569 541.1 520.5 523.2 538.7 561.1 587.9 615.8 646.5 677.1 697.2 710.9 720.5 716.1 705.2 694.3 684.6 676.1 664.3 652.4 639.2 629.9 625.6 629 635.9 643.7 650.8 657.8 665.2 670 673 675.3
704.6 694.9 683.5 686.8 692.3 699.1 705.5 710.5 712.4 716.3 718.9 719.7 714.6 705.7 691 674.3 657.9 642.7 629.1 617.9 605.3 592.7 582.4 574.2 564.7 560.1 562.4 558.9 557.8 557 560 561.9 564 567.4 569.8 573.5 584.4 595 608.1 620 627.9 630.9 633 625 604.3 581.6 559.4 535.3 522.7 529.3 546.3 570.6 597.6 626.9 656.7 686.7 705 715.8 724.6 718.7 705.8 692.1 682.3 673.3 662.4 650.2 639.6 629.8 632.1 637.3 644.2 649.5 657.7 665.8 672.2 677.2 682.5 686.3
700 689.5 689.6 697.1 701 707.5 714.1 718.2 719 720 721 719 710.2 696.1 677.7 659.8 642.8 629 616.5 604.1 591.4 580.5 571 565.6 569.2 569.4 566.2 566.3 566.8 568.4 571.6 573.8 577.3 582.2 585.2 591.5 602.8 618.3 630 637.5 640.9 641 637.4 622.9 602.4 577.9 553.3 530 527.7 539.2 557.1 581.7 609.3 641.9 673 693.2 708.7 720.6 729.4 717.5 700.5 689 680.1 670 658.8 648.3 639.3 634.5 640.3 645.1 652.5 657.3 665.2 674 681.2 688.7 695.9 704.6
695.2 690.9 699 704.9 711.7 717.4 723.3 725 724.2 722.7 721.1 716.2 701.7 682.4 663.2 645.1 629 615.5 604.1 592.7 582.3 572 572.7 576.6 576.5 575.3 576.6 580.1 578.8 578.2 582.2 586.5 593.1 600.3 605.4 613 624.2 638.2 646.1 649.7 651.4 649 639.2 619.6 594.4 568.1 545.2 534.1 534.1 546.2 568.8 594.5 624.1 656.7 682.6 698 709.9 722.2 727 711.1 695.2 687 677.3 665.4 655.5 646.6 639 640.4 649.1 655.1 659.3 665.9 674.1 683 694.5 705.1 715 723.5
693.2 698.8 705.3 712.3 720.6 727 730.2 730.6 728.3 724 718.4 705.5 686.4 665.9 646 630.5 616.5 604.1 592.8 583.5 578.4 582.2 584.8 585.5 587 589.2 593.9 593.4 587.4 591.3 596 602.2 610.9 619.9 624.8 632.1 642.8 651.8 655.4 657.9 657.5 650.1 633.2 609.6 581.9 556.4 546 540.9 541.1 555.9 579.5 608.1 638.8 669.6 686.7 699.6 709.9 720 722.5 706.2 693.7 684 673.2 660.7 652.3 645.1 642.4 648.6 656 663 666.5 674.5 684.5 699 709.8 722.1 734.8 744.5
699.3 704.5 710.9 717.6 725.1 731.6 734.9 734.1 730.3 722.8 709.2 689.1 669.3 649 632.2 618.7 605.8 592.9 587 588.8 591.4 595.8 599.1 602.7 609.4 611.2 615.2 609.9 599.5 604.7 612.5 620.5 630.6 636.5 644.6 651.3 656 661.1 663.3 664.1 658.6 648.4 626.4 599.1 570.2 554.5 561.7 550.6 548.5 567.3 594.1 623.2 654 674.1 688.3 700.7 709.6 717.9 716.6 704.3 693.7 681 667.5 658.3 651 647.5 649.1 653.6 661.7 669.1 675.7 684 695.5 710.9 725.8 740.8 756.1 768.6
704.6 711.6 716.8 724.5 731.4 735.7 737.9 735.5 730.1 720.2 699.3 674.2 655.5 638.7 624.1 609.8 597.3 595.3 599 602.3 608.6 618 626.4 627.4 630.8 630.7 629.4 622.3 615.9 618.6 630 640 647.4 654.3 659.3 662.7 664.4 666.1 667.4 664.1 657.5 640.8 615.2 587.4 573.7 577.1 575.8 560.4 557.1 577.6 607.2 636.7 663.2 678 690.5 700.7 709.1 715.4 712.7 702.3 692.2 678.8 665.9 658.7 654.3 655.1 658 662.7 668.8 676.7 685.2 695.5 708.9 725 743.9 762.8 779.4 790.1
709.7 715.2 722.3 732.4 737.4 740 740.1 734.9 725.2 708.3 687.1 666.1 645.3 630.1 617.6 602 604 609.1 613.3 624.3 636.8 643.6 647.8 649.3 648.9 647.1 641.5 635.3 633.5 639.2 648.7 656.5 662.6 667.2 670.7 672.3 669.1 670.1 667.9 662 651.8 631.1 604.2 592.8 597.1 591.8 586.7 568.3 565.5 587.5 618.7 647.6 666.5 680.4 692.8 700.6 708.6 713.7 708.8 699 687.5 676.9 666.6 659.6 660.7 662.2 666.1 672.4 680.6 687.8 697.3 709.3 724 741.3 760.6 781.4 796.5 806.3
712.9 719.8 727.4 735.3 739.3 740.6 738.7 730.9 716 696 676.2 655.4 637.7 624.4 611.3 606 614.3 622.6 636.3 648.3 660.3 671.6 675.9 675.1 668.3 661 655.8 651.2 651.5 659.8 667.5 672.2 677.5 681.6 680.9 678.2 674.8 675.4 669.7 661.5 647.6 624.9 602.4 615.6 613.1 607.4 594.9 578.1 573.1 598.8 626.9 652.3 670.7 683.8 695.6 702.7 709.5 712.6 707.7 698.7 687.5 678.1 670 663 665.4 669 673.4 681.1 690.4 701 713.9 725.4 740.5 760.2 778.9 797.9 808.8 817.4
718.6 726.5 732.8 738.2 740.7 741.9 736.4 724.4 707 686.2 666.8 648.1 633 621 607 614.9 624.1 644.6 657.9 668.6 684.2 696.5 698.6 691.2 681.7 676.2 671.5 670.7 669.2 678.8 685.7 688.3 694 695.1 691.5 684.9 681.1 677.3 671.1 661.2 643.3 620.9 627.6 630.8 626.7 621 607.1 587.9 582 609.3 637 657.5 674.6 688.3 699.4 705.6 710 713.9 707.9 698.4 688.2 679.1 669.5 670.4 671.1 675.9 682.6 692.6 702.2 716.3 729.9 743.7 759.9 780.4 796.1 809.9 820 826.7
725.9 730.8 735.5 739.6 743.5 740.9 733.4 720.9 701.1 680.8 660.5 643.5 630.6 618.4 617.2 627.2 634.9 654.4 667.8 690.6 707.8 724.3 720 712.7 703.8 695 689 688.9 689.6 696.6 701.7 706.3 710.8 709.1 703.4 694.1 688.4 682 675 663.3 646.4 629 644 648.9 643.3 633 616.6 603.7 584.4 613.8 645.9 667.4 681 693.7 705.3 710.4 714.5 716.3 709.3 700.6 690.7 681.2 677 678.4 680.1 683.9 695.2 705.3 718.4 733.4 749.7 764.6 782.3 796.7 810.6 821.6 828.3 835.9
729.1 733.7 739 743.6 746.3 742 731.9 714.8 693.7 675.2 657.1 641.2 627.5 618 622.3 630.5 648.9 668 684.8 710.3 728.4 739 737.6 740.8 728.5 720.2 712.4 714.3 713.7 718.3 723.8 726.3 726.1 721.7 717.8 704.7 696.4 690.1 682.9 669 655.1 643.2 660.2 664.1 659.2 646.9 633.8 620.6 608.3 619.9 654 674.2 687.2 701 711.1 715.6 719.8 720.4 713.5 704.3 696.3 689.7 688.6 690 690.5 693.5 705.6 719.6 735.4 751.7 767.8 783.3 797.5 809.9 821.4 831.1 838 846
732.2 736.8 742.7 746.9 747.8 741.8 729 708 688.5 670.6 653.5 640 624.9 625.4 630.3 641.6 662.3 682.9 705.3 731.8 744.3 751.4 757.4 760.2 759.1 753.8 743.2 736.5 735.4 739.6 746 748.4 744.7 737 729.5 721.4 708.4 700 688.6 676.4 661.7 657.2 676.8 680.9 674.6 663.3 652.4 638.8 619.1 629.3 659.2 682.1 695.1 707.6 716.5 723 727.4 726.6 719.3 712.1 707 702.8 700.4 700.4 701.8 703.2 716.1 732.3 749.8 766.4 782.6 795.2 809.3 821.7 828.4 838 845.4 854.4
735 740.4 745.5 749 750.1 741 723.9 702.9 684.4 666.6 651.6 639.8 629.5 634.6 638.4 653.2 674.8 697.4 720.3 742.2 756.2 762.8 768.2 775.4 793.6 798.2 773.7 755.4 752.2 757.6 769.3 775.2 770.9 758.7 744.3 734.5 720.8 708.2 695.9 684.6 669.1 675.1 692.6 696.1 690.5 680 669.5 653.3 638.1 637.8 665 688.6 701.7 712.7 721.9 729.8 732.9 732 728.5 722.8 716.5 711.4 710.3 711.3 713.4 718 722.7 742.6 760.1 775.9 790.4 804.6 819.5 830.3 837 844 852.1 859.9
739.3 744 749.6 751.8 750.9 740.3 720 698.7 681.3 665.6 651.8 640.2 639.9 632.3 646.3 665 687 710.4 734 755.4 765.7 773.3 786.7 808.2 829.2 829.5 801.5 782.9 778.6 787.8 802.2 813.2 799.8 781.3 762.8 746.2 730.3 716.4 705 694.2 676.4 692.3 706.4 708.6 705.9 699.1 683.6 667.6 653.1 645.9 672.2 694 706.2 718 728.6 734.8 738.6 738.5 736.5 732 728.3 722.4 720 722.5 724 729.1 727 748.1 766.9 781.4 797.5 813.2 825.1 835.5 843.8 851.2 858.7 864.2
744.8 752 756 756.7 754.5 740.4 717.9 697.6 681.3 666.9 654.6 643 643.7 646.3 654.1 674 697.3 720.3 744.6 769.7 780.7 792.1 813.3 840.1 848.6 846.2 826.5 813.6 812 822.5 837.8 836.4 821.8 801 778.6 760 741.7 726.6 713.5 703 695.6 708.9 718.9 720.9 719 710.4 695 680.7 663 655.6 677.4 697.8 711.3 726 735.5 742.4 746.4 746.4 745.4 744.1 741.8 734.7 733.5 735.5 734.9 740.9 740.1 750.1 768.4 784.1 800.9 816.3 829.3 840.8 849.6 856.9 862.9 865.8
756.1 762.5 762.7 764 759.7 737.2 715.2 698.2 682.3 667.5 656.3 647.4 652.8 647 661.2 681.6 703.1 728 751.5 778.6 803.4 824.7 842.3 860.7 864.9 861 858.3 851.2 851.1 858.4 853.6 845.1 832.7 813.9 789.4 770.8 753 735.6 723.7 706.4 713.1 724.6 731.2 731.8 727.7 718.8 703.7 687.2 671.9 666.4 686.4 703.1 717.3 732.6 742.7 752.4 756.9 756.7 755.8 753.1 749.7 748.7 748.1 749.2 749.2 750.1 750.9 755.7 769.2 785.8 803.9 820.1 832.7 844.5 854.5 862.3 866.1 865.9
771.2 776.9 779.2 780.1 766.3 736.1 716.1 698.6 683.8 669.6 661.9 662.4 663.3 660.4 669.1 687.2 708.9 731.2 754 779.9 808.5 835.3 855.7 876.1 878.9 876.2 877.5 880.1 880.4 874.8 866.3 852.2 838.3 819.1 800 779.6 760.3 742.7 731.3 718.7 727.1 737.3 743.1 740.9 736.2 724.2 709.8 694.7 677.6 678.6 695.8 709.9 725.4 740.4 752.8 762 767.3 768.2 766.5 762.6 761.8 761 760.2 761.9 761.7 760.9 758.8 761.2 774.7 791.7 811.4 824.3 837.1 848 856.3 865.7 869 867.3
788.9 793.2 794.8 791.6 765.4 736.6 715.8 701.9 688.4 676.1 668.8 675 673.1 670.5 678.3 695.8 715.7 736.2 759.3 786.8 813.8 840 864.8 884.6 890.3 890.1 891.5 892.4 891.6 885.7 875.3 857.6 842.3 822.9 803.8 784.8 766.1 749.7 738.7 733.9 742.7 749.8 752.5 749 742.1 730.2 714.2 697.4 681.2 692.8 707.6 720.3 735.4 749.8 760.6 770 776.4 778.7 778.3 776.9 777 773.8 774.3 777.3 777.9 774.5 771.2 774.8 785.2 801.5 820.9 835.3 842.6 850.5 864 871.2 872.6 871.1
797.9 804.7 804.3 792.8 762 739.6 725.4 710.1 695.1 686.9 683.6 691.2 689.1 683 689.7 705.9 725.6 746.2 766.7 793.9 818.5 843 869.5 891.8 898.8 900.2 902.6 900.5 900.7 894.5 883.2 866.3 846.4 824.7 805.3 787.8 770.3 755 749.7 746.7 755.1 760.4 760.9 756.4 747.5 733.8 716.7 700.2 690.9 705.4 717.9 731.6 745.4 758.2 768.9 778 784.4 787.5 788.1 787.4 787.9 790 791.4 792.8 792.9 791 787.7 789.3 799.3 814.8 834.5 846.1 856.4 868.2 873.4 875.6 875.8 871.4
805.3 812.3 813.1 795.3 773.2 757.1 741 722.5 706.8 702.7 702.8 710.1 708.1 694.5 703.1 716.3 733.2 752 774.8 799.3 823.8 849.7 875.8 899.1 910.2 916.4 914.9 912.1 907.8 902.9 887.6 869.4 846.6 825.7 807.6 790.2 775.1 765 761.6 761.5 768.4 771.8 767.3 761.3 750.7 735.7 720.7 704.5 704.5 716.6 728 740.8 753.6 766.1 775 784.4 792 795.5 796.6 797.6 800.3 803.5 805.8 807.5 807.7 805.9 801.6 806.9 816.3 831.7 848.2 859.8 870.8 876.5 878 879 877.5 871.2
814.8 822 824.8 818 797 775.1 759.3 741.5 726.3 718.2 723.4 730.3 725.2 710.8 716.9 729.1 740.8 757.7 780.2 805.6 831.6 858.6 884.9 908.6 924.6 929.1 927.5 920.8 911.9 903.5 887.5 869.5 850.3 827.3 809.3 796 785 778.5 775.5 775.5 777.7 777.4 771 763.3 751.6 737.2 722.3 706.7 715.1 726.7 737.3 748.3 760.7 772 781.3 791.4 798.7 803.7 806.1 809.1 813 816.1 818.4 822.1 823.8 823.3 820.5 822.9 830.1 846 862.4 870.1 875.5 880 881.6 880.1 875.7 868.8
827 831.9 836.9 834.3 819.4 790 772.2 757.4 742.9 734.5 737.7 744.6 734.5 724.8 732.6 742.6 750.9 766.9 792.6 818.2 843.1 869.1 897 920 934.6 936.9 935.1 927.2 912.6 900.4 887 871.1 851.9 828.8 814.5 803.3 793.6 790.6 785.5 784.2 785.1 782.8 774.7 765.7 753.2 736.5 722.5 714.8 725.7 736 746.7 757.9 769.5 778.6 789.1 799 804.6 810.8 814.6 819.3 824.3 828.4 832.3 835.6 837.2 837.3 835.3 835.3 839.1 855.1 868.9 873.7 880.2 882.4 879.9 877.7 871.5 862.5
837.7 842.2 848.5 845.2 830.5 800.1 783.4 771 756.9 744.6 750.3 753.2 741.7 738.2 746.3 751.6 763.6 781.6 804.7 830.4 858.4 886.3 913.8 931.4 941.9 942.1 938.1 927.3 913.2 899.7 887 871.1 851.6 832.4 820.5 809.6 803.4 798.9 790.3 791.9 793.3 786.6 777.6 767 751.6 736 721.7 726.5 733.8 743.2 757 768.7 778.6 786.2 796.8 806.6 812.2 818.6 824.1 829.6 835.4 840.4 845.3 847.2 845.9 844.9 845.1 846 849 861.5 873.4 878.8 883.2 881.6 878.3 873.7 864.7 853.1
845.1 851.8 857.8 854.3 838.7 808.3 793.7 780.1 764.4 755.1 760.2 756.7 756 750.1 757.8 762.7 775.4 793.9 817.7 842.8 873.3 901 924.7 941.2 945.3 943.8 937.3 922.5 910.9 898.6 885.9 870.3 855.1 836.3 825.2 815.7 809.6 804.4 798.6 800.2 797.4 788.8 779.6 768.6 749.4 736.5 727.3 734.7 741.5 755.1 768.2 778.3 786.9 794.6 804.8 814.3 820.8 827.6 834.5 840.6 844.7 852.2 855.2 856.4 855.3 849.1 849.6 853.2 856.5 865.6 876.5 882 885 882.3 875.8 870.4 858.5 841
849.8 859.6 866 862.6 846.8 820 804.1 789.5 775 768.4 769.4 767.9 767.3 761.1 767.4 774.6 789.4 810.5 836.2 863.4 892.3 916.6 936.9 945.6 946 943.2 933 918.7 908.4 897.4 886.2 871.7 856.4 841.8 829.1 820.7 813.4 808.4 806.2 805.7 799.6 790.9 780.5 768.9 750.9 737.7 737 743.1 750 763.1 775.6 786.2 793.5 802.5 812.3 821.8 829.8 837.9 845.6 851.4 858.4 861.9 864.9 865.3 864.6 857.2 857.5 859.9 861.2 864.6 874.1 881.9 886.2 885 878.9 871.1 857.6 841
854.4 866.6 872.4 868 855.2 833.4 813.6 797.7 784.1 782.6 778.5 779.3 776.9 774.2 779.9 788.7 808.5 832.8 861.2 888.1 910.5 928.2 941.2 944.5 945 934.7 925.3 916.1 906.7 896.3 884.8 871.7 856.2 840 830.1 821.7 816.6 812.6 811.4 807.6 801.4 792.4 781.3 766.6 752.1 741.9 744.6 749.1 759.1 770.5 782.8 792.8 799.2 808.4 817.7 829.7 841 848.9 856.5 863.4 870 871.3 872.9 874.7 873.8 866.9 863.7 863.4 863.5 864.3 871.1 880.2 886.6 889 884.3 875.4 862.2 846.7
860 875.7 879.2 872 861.6 841.4 818 800.9 791.9 795.1 795 792.8 786.5 787.6 793.2 804.2 827.6 855.3 883.3 903.4 920.7 931.6 938.5 941.7 935.7 928.4 921.9 913.3 903.6 893.1 881.8 869.2 851.8 836.5 830.4 823 818.3 815.4 812.5 807.9 801.4 792.1 780.8 765.8 754.7 749.4 753.3 756.1 766.4 777.6 789.6 798.3 805 815.4 827 839.3 850 858.1 865.9 873.2 880.4 883.8 882.4 882.3 879.1 872.6 867.7 866.5 865 867.6 873.2 881.4 887.7 889.5 887.5 879.4 866.8 852.2
865 879.2 881.7 875.6 863.9 844.4 823.3 808.3 803.8 806.1 806.7 806.2 800.2 801.3 808.4 822.4 848.4 875.5 897.2 912.5 925.3 932.5 935.7 935.3 929.1 924.2 917.5 908.7 898.9 887.8 876.6 863.5 844.7 834.2 828.7 821.7 817.3 814.2 810.2 805.2 799.6 790.5 781.2 767.6 757.3 755.8 760.5 765.2 774.1 784.8 796.5 806 812.5 823.4 836.9 847.6 859.1 867.7 875.5 883.9 889.9 891.7 889.3 888.1 883.3 875.5 869.9 866.7 867.2 874.5 879.1 885.2 886.7 889.2 888.7 881.4 871.9 859.9
868.1 883.8 887.6 879.9 865.6 846.9 828.5 818.4 820 822.2 821.5 817.6 814.8 815.9 825.6 845 868.6 888.8 903.4 915 923.1 929.1 929.8 927.6 922.8 917.7 911.3 902.6 892.4 881.7 868.4 854.9 838.8 831.8 826.1 820.2 815.5 811.5 807.5 803.2 798.1 791.3 782.2 769.9 758.9 762.6 767.6 775.1 783.9 791.8 802.6 811.7 819 832.6 845.6 855.9 867.6 876.9 883.9 891.2 893.9 891.8 889.9 888.3 884.2 876.9 871.6 874.9 875.5 879.9 887.1 886.7 885.5 886.8 886.4 880.4 871.2 858.8
