data/300000-820000.asc
ncols 200
nrows 200
xllcorner 300000
yllcorner 820000
cellsize 50
[rows 70 to 104 of 200, columns 78 to 155 of 200]
192.4 193.3 193.2 192.7 192.2 191.7 192.6 191 190.1 188.3 188.2 188.3 191.9 197.9 204.1 206.2 215.3 215.8 214.4 213.1 213.2 212.4 213.4 214.3 214 213.3 212.1 211.9 207.1 217 217.5 217.7 217.6 217.1 216.5 215.2 214.5 212.8 212.2 212.1 212.8 213.1 214.8 215.3 220.9 232.1 243.4 256.4 266 272.8 275.6 276.8 277.6 276.1 274.7 272.8 270.2 266.3 264.1 264.6 265.6 266.2 266.8 266.1 264.2 262.4 260.8 258.2 255 251.9 249.6 247.3 245.3 243.9 242.6 241.3 241.1 240.9
192 193.6 192.1 191.6 191.6 191.4 190.8 188.7 188.2 188.3 192.6 200.3 205.3 208.8 215.5 220.9 220.7 220.5 218.9 216.7 214.7 214.7 214.9 216.6 215 213.4 212 211.9 218.7 221.1 220.6 221.1 220.4 219.9 219.3 217.7 216.3 213.5 212.8 213 214.9 214.9 215.1 218 227.5 238.5 251 263 271.3 278 280.2 281.7 280.5 278.6 276.9 274.9 272.1 268.7 267.6 268.9 270.6 272.1 272.2 272.4 270.5 268 265.7 261.8 258.9 255.5 252.1 249.8 248 246.6 245.3 243.3 242.6 242.7
190.4 193.3 191.4 191.1 191.1 191.1 189.5 188.1 189.7 195.3 205.4 207.6 213.6 218.8 222.3 222.7 222.5 221.8 219.8 218.1 216.8 217 216.7 216.1 214 212.5 215.4 220.8 223.9 226.2 225.8 224.9 223.6 222.6 221.7 218.2 214 213 213.9 215.7 216.6 216.8 218.1 224.5 233 242.6 258.1 268.6 277.3 283.9 285.6 284.8 283.3 281.5 279.4 276.9 274.1 273.2 273.2 274.6 276.8 278.1 278.3 278.3 276.9 275.1 272.1 266.2 262.8 259.2 255.6 252.4 250.6 248.7 246.7 244.8 244.3 244
190.7 190.4 189.5 189.1 189.2 188.6 188.6 192.3 196.9 208.9 213 218.7 221 222 223.5 224.4 223.9 222.7 220.7 217.6 216.5 215.7 215.2 214.2 213.3 218.7 225.4 227.1 228.7 229.7 229.6 228.6 227.7 225.9 221.6 215.1 213.3 214.3 215.9 217 217.8 218.2 222.2 233 236.6 250.8 263.7 274 283 289.5 289.5 287.7 286 284.4 281.9 278.8 277.3 278 278.7 280.5 282.9 284.2 284.4 285 284.6 282.9 278.4 272.6 266.9 263.3 259.8 255.9 252.3 250.4 248.2 246.5 246 243.6
202.7 203.5 200.3 195.8 194.3 193.3 197.1 202.2 209.6 214.5 220.8 222.3 222.8 223.5 224.9 225.8 225.4 223.9 219 217 216.2 214.9 213.8 214.2 220.9 229.1 230.6 229.9 231.2 232.6 232.6 232 231.4 229.8 221.5 214.5 214.7 216 217.3 217.8 219.3 224.6 232.3 236 242.7 256.8 268.1 278.1 287.1 293.3 293.1 290.9 288.6 286.7 284.5 282 281.9 282.7 284.2 286.2 289.1 289.4 292 293.5 293.5 290.7 284.2 278 272.2 267.8 263.8 259.8 255.8 252.2 250.1 248 247 243
206.1 207.3 207.5 209.1 210.3 210 207.9 209.8 213.2 219.6 222.5 224 224.6 225.3 226.2 227.1 226.9 226.9 220.6 216.7 215.4 214.5 214.7 221.9 230.7 233.9 234.3 233.7 234.6 235.9 235.2 234.9 232.9 230 224.5 215.3 215.6 217.3 219.5 221.8 226.1 233.4 240.3 246.2 243.4 261.5 272.8 282.4 289.5 293.4 293.4 292 290.7 288.9 287 286.9 286.8 287.3 288.8 291.9 294 297.9 300.1 303.8 303.7 298.2 290.9 283.4 276.2 270.6 265.7 261.6 257.8 253.9 251.7 249.8 244.3 244.2
205.3 206.6 210.1 210.3 209.6 209.4 209.3 212.6 216.5 221.3 223.9 225.7 226.5 227.2 227.9 228.5 228.5 228.5 223.5 216.5 215.9 215.1 221.5 229.2 234.9 238.1 238.2 238 239.5 240.3 239.2 236.1 235.6 235.3 232 215.8 216.3 219.5 222.1 227.2 235.3 242.3 247.8 250 251 265.2 277 284.5 290.1 293.1 293.7 292.7 292.2 291.2 289.8 290.9 291.7 291.9 293.7 296.5 299.9 305.7 310.4 314.1 312.2 306.5 297.2 288.7 280.9 273.1 267.8 263.1 259.2 255.3 252.9 248.8 245.6 246.9
206.3 208.2 208.7 209.5 209.7 210.3 212.9 215.3 219.3 221.2 224.7 226.5 227.3 228.2 229.3 230 230.2 230.4 223 216.4 217.3 219.4 230.4 235.2 237.7 239.9 241.4 241.2 242 241.1 240.9 240.8 240 238.9 237.7 227.2 217.4 220.8 227.1 236.5 244.6 247.9 250.4 252.1 257.9 270.3 279.9 286.6 290.3 293.2 293.8 293.8 293.2 292.7 293.3 294.6 295.7 296.6 298.6 302.5 307.7 314.8 320.6 323.7 320.3 312.6 302.5 292.5 284.1 276.1 270.3 265.2 260.6 256.7 253.1 247.8 246.5 248
203.6 205.4 207.2 209.6 212.1 213.5 214.2 216.5 220.4 224 225.6 227.2 228.5 229.8 230.7 231.2 231.2 231.3 221.4 217.6 218.3 228.2 235.3 238.2 240.5 242.1 243.9 244 244.2 243.9 245.3 245.1 243.5 242 241.5 235.8 223.7 226.8 234.8 241.7 248.8 251.1 253.4 257 264.1 275.5 283.5 289 291.4 293.7 294.4 295.1 295.6 295.7 295.8 297.1 298.4 300.3 302.8 309.1 315.3 322.4 329.5 334.1 329.2 317.8 306.8 296.1 286.6 277.4 271.3 266 262 257.9 253.4 248.1 247.8 249.2
205.9 206.7 208.8 211 213.2 213.9 214.6 217.6 221.2 225.5 227.2 229 230.3 231.3 231.8 232.3 232.6 230.1 218.8 218.8 225.2 233.3 237.8 240.9 243.3 244.9 246.6 246.8 249.3 249.9 248.1 247.4 247.2 245.1 242.1 238.6 228.6 225.3 236.6 247.9 252.4 254.1 257.3 261 269.6 279.6 287.2 292.2 294.2 295.2 296.5 297.6 297.9 298.6 298.7 299.6 300.9 304 306.8 313.2 320.2 329.6 337.3 344 336.6 324 311.2 298.3 288.1 278.8 272.1 267.2 262.7 257.6 252.5 249 249 250.6
208.1 208.7 209.9 211.1 213.2 214.6 215.1 219.1 223.3 227.5 229 230.8 232 232.5 233 233.7 233.3 228 218.3 220.4 228.3 237.1 240.7 243.6 246.1 248.4 249.1 250.1 251.8 252.7 251.4 250.6 249.6 247.4 240.2 225.7 224.9 238.3 244.6 253.7 255.4 257.6 261.7 266.7 273.6 283.3 290 295.5 297.3 298.4 299.3 299.5 299.8 300.7 301.6 302.1 304.6 307.8 310.9 317.3 325.4 334.1 343.6 351.6 340.5 326.6 312.5 300.6 289.1 280.3 273.5 267.9 263.1 258.3 253.5 250.3 250.1 251.7
210.3 210.7 211.9 213.1 214.4 215.6 218.6 221.7 225.5 229 230.8 232.5 234.4 234.4 234.2 234.1 233.7 227.7 222.9 227.4 232.4 239.6 243.2 247.1 249.6 251.4 252.3 252.8 253.4 254.8 254 253.1 252 249.4 231.8 229.1 237.8 242.9 251.7 257.2 257.8 262.4 266.7 270.2 277.9 286.5 292.2 297.8 300.1 301.2 302.1 301.3 301.7 302.6 303.5 304.8 308.2 311.3 314.7 321.2 328 337.2 349.1 352.9 342.5 328 314 302.2 290.3 282.6 275.4 269.7 264.6 259.6 254.6 251.9 251.5 253
212.5 212.8 213.9 215.2 215.3 215.2 219 223.9 227.6 230.3 232 234.6 235.6 235.3 234.9 234.6 234.4 228.6 226.6 233.6 229.1 242.9 246.6 250.2 255 254.8 255.3 255.9 256.4 256.8 256.2 255.4 253.7 250.2 233.1 233.6 241.4 248.4 256 258.9 261.1 265.9 271.2 273.4 280.8 288.5 294.3 300 302.9 303.4 303.2 303 303.5 304.4 305.2 307.2 310.9 314.7 318.7 324.5 330.4 340.4 350.2 347.3 339 327.1 315.3 303.3 292.6 284.7 277.2 271.4 266.4 261.3 256.2 253.3 252.8 253.9
213.7 215 215.6 215.5 215.5 215.5 220.7 224.2 228.9 231.5 233.5 235.9 237.2 237 235.9 234.6 233.6 225.5 227.1 232 234.5 244.3 248 251.8 255.1 257.2 257.7 258.2 258.6 258.6 258.2 257.5 254.2 250.2 241.4 232.3 245.1 257.4 259.6 261.4 265.9 270.4 274.7 276.1 283.3 290.5 296.1 301.6 303.9 303.9 304 303.8 304.3 305.7 307 309.6 313.1 317.1 322.4 327.9 333.4 341 348.1 344.5 336.7 324.7 313.8 304.4 295.6 286.9 279.2 273.4 267.7 262.5 257.5 255 254 255.6
215 215.6 215.8 215.9 216.1 216.6 220.5 224.9 230.3 232.8 235.5 236.9 238.3 238.7 237.5 236.2 234.1 222.5 227.2 232 235.3 245.6 249.6 253 256.2 258.8 259.9 260.4 260.7 260.4 260.1 259.6 258.4 255.3 246.1 233.2 248.2 261.2 261.3 266 269.5 273.8 277.4 280.4 286.2 292.2 297.5 302.9 304.1 304.1 304.2 304.2 304.4 306.5 308.9 311.8 315.5 320 324.9 329.9 334.8 340.1 344.5 340.4 334.3 323.8 314.1 304.3 296.4 288.5 281.3 275 269.4 263.8 259.9 257 255.6 256.5
215.1 215.5 215.9 216.4 216.6 217.2 221.9 227.1 231.6 234.6 236.6 238 239.1 238.5 235.7 235 227 226.2 227.9 233.6 239.4 243.8 250.9 254.2 257.3 260.1 261.8 262.7 262.5 262.2 261.9 261.5 260 257.8 239.2 239.7 253.5 262.9 265.9 269.8 272.8 276.7 280.1 283.6 287.6 293.6 298.6 303.1 304.1 304.3 304.4 304.4 305.5 308.1 310.7 313.8 317.4 321.2 326.4 331.2 336 340.8 341.3 338.3 333.3 323.3 314.3 304.7 296.3 288.1 282.3 276.5 270.5 265.3 261.5 258.9 257.3 258
215.1 215.5 215.9 216.3 216.7 218.5 223.7 228.1 232 235.6 236.8 237.8 238.8 238.3 236.3 230.1 225.3 228.4 228.8 235.7 240.6 242.8 250.5 254.8 258.2 261.1 263 264.4 264.1 263.9 263.5 262.8 261.3 254.5 237.9 249.4 257.1 264 269.9 272.7 276.3 279.6 283.1 286.1 288.8 292.7 298 301.8 302.9 303.4 304 304.4 305.9 308.4 310.9 314.9 318.7 322.3 327.6 332.9 337.7 340.3 338.3 336.1 331.1 322.7 313.7 304.7 295.9 289.1 283.3 277.5 271.8 267 263.1 260.7 258.4 258.6
215.3 215.6 216 216.4 216.7 219.1 223.7 228.3 231.5 235 236.3 236.9 237.9 237.6 235.1 227 226.5 228.4 229.8 236.3 239 247.4 252 255.8 259.3 261.8 264.1 265.3 265.8 265.4 264.7 263.9 263.2 251.3 239.4 253.9 261.5 265.7 272.8 276.3 279.4 281.2 285 286.7 289.8 293 297.1 300.4 301.7 302.6 303.5 304.6 305.5 308 311 315.5 319.9 323.5 328.8 334.1 339.1 340.3 337.7 334.1 328.9 323.1 315.2 305.3 296 290.7 285.2 279.5 273.6 268.5 264.9 262.9 260 260.2
215.8 216.1 216.5 216.9 217.1 218.7 223.3 228.2 231.7 234.6 236.4 236.9 237.8 237.8 231.6 226 227 229.1 231.1 237.1 239.1 250 252.2 256.4 260.1 262.5 264.9 266.1 266.9 266.7 266.2 265.6 264.9 252.8 242.4 259.8 265.8 268.9 274.4 279.9 282.7 282.7 286.3 287.5 290.7 293.7 296.4 299.4 301.3 302.2 303.1 304.3 305.1 307.6 311.5 316 320.4 324.8 330.2 335.9 340.7 340.7 336.7 332.1 326.6 320.6 314.5 304.9 297.3 291.9 286.8 281.4 275.4 270 266.8 264.9 261.3 263.5
216.6 216.6 217 217.2 217.4 218.2 223.1 228 232.1 235.1 236.8 237.4 237.4 237.4 234.5 227.6 227.3 229.4 233.8 239.4 238.8 245.2 254.8 257.2 260.3 262.7 265 266.5 267.1 267.2 266.8 266.4 266.6 253.9 255.3 267 268.4 271.4 277.7 281.5 283.7 283.8 286.9 287.8 291.4 293.8 295.7 298.1 300 301.7 302.8 304 305.2 307.5 312 316.4 320.9 325.5 330.6 336.3 341.7 341.3 336.1 330.4 324.1 317.9 311.8 305.4 299.8 294.3 288.9 283.6 277.7 272.7 269.6 267.9 263.9 264.6
217.3 217.1 217.3 217.5 217.7 219 222.8 227.8 233.2 235.5 236.9 236.8 236.8 236.8 232.6 228.4 229.2 230.1 234.4 243.4 242.9 240.6 248.3 256.1 260.4 262.8 265.2 266.8 267.3 267.4 267.4 268.4 267.8 253.8 261.1 269.2 271.3 274.1 277.7 282.3 285 284.4 287.5 288.1 292.1 293.9 295.6 296.6 298.5 300.6 302 303.3 304.6 307.2 311.4 315.6 320.4 325.6 331.1 336.4 341.1 340.2 336.5 329.9 323.5 317.3 311.1 306.9 302.1 296.7 291.3 286 280.3 275.5 272.4 270.4 264.6 268.5
218.9 218.5 217.9 218.3 219.3 220.6 222.9 227 232 235.2 236.9 236.7 236.5 236.2 231.1 229.5 230.2 230.9 232.2 240.8 245.3 245.6 243.7 250.3 260.6 263 265 266.8 267.8 267.9 268.6 269 268.9 253.5 264.3 270.7 272.6 276.4 275.2 282.9 285.1 284.5 287.8 289.8 293.1 294.4 295.2 295.9 297.3 299.4 300.8 302.2 303.9 305.9 309.9 314.7 319.6 324.8 330 335.3 339.8 339.6 336.2 329.3 322.9 316.6 311.8 307.8 303.3 298 293.5 288.2 283.1 278.4 275.5 272.7 265.7 275.5
221.6 221.1 221.5 222.4 223.2 223.7 224.6 228.1 231.7 234.5 236.8 236.7 236.6 236.2 231.4 229.5 229.7 230.2 231.2 237.9 245 250.2 253.3 244.4 257.4 262.2 264.7 266.5 268.7 269.2 269.7 269.6 264 262.4 268.8 274.3 274.9 277.9 278.1 278.9 283 284.4 287.1 290.4 293.6 294.5 295.1 295.8 296.7 298.2 299.8 301.6 303.3 305.1 308.9 313.7 318.1 323 328.3 333.3 337.3 338 334.3 328.8 322.2 316.8 312.7 308.7 303.9 298.2 293.9 290 284.7 280.9 275.2 267.3 269.4 282.9
225 225 225.8 226.8 227.6 227.7 227 229.2 231.9 234.7 236.3 236.6 236.6 236.6 235 229.8 229.4 229.9 230.3 234.7 244.6 250.5 252.7 246.2 254.4 261.5 264.4 266.4 268.6 270.2 270.3 269.8 260.7 264.9 272.9 274.3 277.4 279.8 280.2 278.7 279.9 283.4 286.6 290.1 293.4 294.4 295 295.6 296.5 297.8 299.4 301.1 302.8 304.5 307.7 312 316.3 321.3 325.9 330 334.2 335.8 332.3 327.3 321.8 317.5 312.8 308.1 304 298.5 293.5 290.3 286.5 278.6 270.8 268.1 281.2 284.5
228.5 229.9 230.3 231.1 232 231.7 231.3 231.5 232.1 234.8 235.8 236.5 236.7 236.5 234.9 231.5 231.2 229.7 230 231.5 240.8 248.6 251.1 247.4 251.3 260.3 263.6 266.4 268.4 269.9 270.4 270.5 257.6 267.2 273.7 274.5 278.7 281.3 281.4 281 279.8 282.9 286.3 289 291.9 292.9 293.9 295.2 296.5 297.8 299.1 300.8 302.5 304.2 306.9 310.6 314.5 318.5 322.5 326.6 330.7 332.5 329.1 325.2 320.4 316 311.4 306.8 302.3 298.6 293.1 290 285.6 273.3 270.8 278.2 284.4 288.9
233.6 234.9 235.2 235.6 236.4 236 235.9 236.1 235.9 235.6 236.4 235.7 235.4 235.3 234.1 232 234.6 234.7 231.5 230.1 233.8 242.7 250.4 248.5 249 257 262.2 266.1 267.9 269.4 270.5 267.7 258.6 267.4 271.3 275.5 279.9 282.6 282.6 282.4 281 281.9 284.6 287.4 289.9 292.5 293.9 295.3 296.6 297.8 299.1 300.6 302.3 304 306.6 310.2 312.5 316.3 319.6 323.2 326.6 328.8 326.3 322.5 318.1 313.7 309.1 305.2 300.8 296.5 289.2 283.5 273.2 273 279.4 284 286.9 294.3
239 239.8 240.2 240.7 240.8 240.4 240 239.1 238.1 237.2 237 236.2 235.1 234 233.5 233.2 235.6 238.2 240.8 240.5 230.6 234.9 245.5 248.3 248.1 253.1 260.3 265.2 267.8 268.8 270.3 265.1 264.3 268.7 270.6 275 278.3 282 282.9 282.9 283 281 283 285.7 288.8 292 294.1 295.5 296.9 298 299.1 300.4 302.1 303.8 306.3 308.8 311.1 314.1 317.5 320.9 323.1 324.7 322.5 320 315.4 310.8 306.2 302.3 299 290.8 279.8 280.9 287.6 285.6 286.5 289.8 291.4 296.4
243.6 245 246 246.5 246.1 244.4 242.3 240.5 239.5 238.7 237.9 236.7 235.6 234.4 233.3 233.7 235.2 238.4 241.8 245.2 242 231.3 238 246.6 245.6 250.8 258.6 264.5 267.3 268.3 268 264 262.9 269.5 269.9 271 274.9 281.7 283.1 283.4 284.3 282.6 283 284.6 287.7 290.9 294 295.7 297.1 298.2 299.3 300.4 301.8 303.6 305.5 307.8 310.1 312.4 315.5 317 319.6 320.4 318.3 316.2 312.5 307.9 303.3 298.6 290.7 281 290.8 292.9 292.2 292.9 293.5 293.3 295.1 299.5
248.5 249.8 251.7 252.2 251.2 248.5 246.4 244.4 242.3 239.6 238.4 237.2 236.1 234.9 233.7 234.3 236 239.4 241.2 245.5 246.9 237.3 232.9 240.8 246.7 248.9 258 264.3 266.4 266.4 266.9 263.8 261.9 270 272.6 271.9 273.1 274.1 280.8 283.3 284.2 282.5 282.6 283.5 286.6 289.8 292.9 295.9 297.3 298.4 299.5 300.6 301.5 303 304.8 307.1 309.4 311.3 312.1 312.9 314.2 315.5 314 311.9 308 303.8 298.1 288.1 282.8 297.2 298.9 299.6 299.1 297.9 297.3 297 299.6 301.9
253.3 255.1 257.6 256.5 255.5 252.6 249.7 246.3 242.1 240.2 238.9 237.7 236.6 235.4 234.5 235.1 237.7 239 240.2 243.8 246.2 244.2 232.5 232.5 239.7 246.5 251.4 261.1 264.6 266.5 267.9 266.5 263.1 262.9 266.6 270.1 272.8 273.4 274.7 281.2 282.2 281.7 282.1 283.1 285.6 288.7 291.8 295 297.5 298.6 299.6 300.6 301.5 302.7 304.2 306.4 307.6 308.4 309.2 309.8 309.3 310.1 309.8 306.7 302.6 298.5 287.4 285.6 298.9 302.8 304.2 303.6 302.2 300.8 301.1 303.5 304.1 305.4
258.2 260.7 261.8 261.1 259.6 255.6 251.4 246.5 242.1 240.8 239.5 238.3 237.1 236.1 235.8 236.5 238.4 238.7 240.3 242.4 243.9 245.7 236.4 233.7 233.4 234.1 240.9 253.7 259.6 264.3 265.9 267.2 264 260.9 265 267.7 270.2 272.5 273.7 277.2 281.6 282.4 282.9 283.3 285.3 288.1 291.1 294.1 297.1 298.7 299.7 300.6 301.5 302.6 303.9 304.5 304.9 305.5 306.3 307 306.5 306 305.4 300.8 296.5 290.8 288.5 300.9 305.3 309 308.1 306.1 305.3 306.5 306.5 307.1 308.1 309.3
263.9 265.6 266 265.9 263.3 259.5 255.2 250.3 245.2 241.5 240.4 239.3 237.8 236.9 237.2 237.9 238.9 240.2 241.8 242.5 243.3 244.7 241.8 248.2 244.6 239.5 233.9 235.2 248.5 257.6 262 264.7 262.9 260.4 264 266.8 269.1 270.9 272.8 274.4 281.7 282.6 283.1 283.6 285 287.8 290.7 293.8 296.9 299.3 301 301.8 302.6 302.8 304.3 304.4 304.5 304.9 305.4 305.1 304.1 303 299.6 296.6 297 297.7 291.1 303.7 310.1 311.1 310 311 312 311.1 311.6 313.2 312.5 313.6
269.1 270.6 270.9 269.8 266.7 263.4 259.1 254 248.6 243.2 241.8 240.7 238.5 237.7 238.6 239.5 240.3 241.3 241.9 242.6 243.4 243.8 245.7 247.4 248 248.4 244.9 234.3 235 247.5 255.4 259.1 259.9 261.2 266.1 266 268.6 269.2 272.4 273.5 279.1 282.5 283.2 283.8 284.7 287.7 290.6 293.6 296.7 298.9 301.2 303.3 303.4 303.4 304.4 304.4 304.4 304.5 304.9 303.9 303.3 302.3 300.1 301.2 300.7 292.5 302.6 306.2 312 312.6 317.3 317.8 317 317.8 319.8 318.2 316.5 319.2
274.1 275.6 275.8 273.1 270.1 267 262.5 257.1 251 245.4 243.2 241 239.3 238.9 240.8 241.9 242.6 242.5 242.4 242.8 243.5 245 246.7 248.1 250.8 251 250.5 244.8 235.6 236.1 247.4 252.1 255.6 260.2 265.7 266.8 267.9 267.8 272.7 274.1 276.7 281.8 282.9 283.8 284.8 287.6 290.6 293.6 296.5 298.8 301.1 302.7 303.8 304 304.5 304.5 304.5 304.5 304.4 303.7 303.1 302.5 301.2 302.2 299.3 295.2 305.4 308.7 312 317.2 319.5 321.5 325 325.3 322.2 322.4 321.6 325.8
278.5 280.5 279.6 277.8 275.6 272.6 266.5 260.5 253.9 246.6 244.7 241.8 240.8 241.2 243 243.9 245 243.9 243.4 243.6 244.3 245.8 247.7 249.3 252 253.2 253.9 249.5 238.4 237.3 236.2 246.3 250 252.7 260.6 265.2 269.1 268.3 271.3 274.2 276 281.3 282.9 284.2 285.2 287.5 290.5 293 296.1 298.8 300.8 301.9 303 304.1 304.5 304.5 304.4 304.4 304.4 304.1 303.7 303 302.5 302.1 300 296.5 307.7 311.1 315.3 319.6 323.9 327.5 329.8 332.9 333.2 332.4 327.8 333.1
