data/300000-850000.asc
ncols 200
nrows 200
xllcorner 300000
yllcorner 850000
cellsize 50
[rows 0 to 37 of 200, columns 0 to 85 of 200]
17.9 17.9 18 18 17.6 17 16.9 17.1 17.3 17.5 17.1 16.8 15.6 13.9 12.4 14.2 12.4 8.5 8.3 5.8 8.3 8.4 8.3 8.3 8.3 8.2 8.2 8.8 9.9 8.7 8.2 8.4 8.9 8.9 8.7 8.1 7 6.4 6 6.2 7.2 6.4 6.7 7.2 7.3 8.2 6.8 7.3 7.2 7.4 4.9 6.1 8.8 10.3 7.3 7.2 7.1 7.1 6.9 6.7 6.5 6.3 6.1 6.1 6.2 6.3 6.5 6.4 6.2 5.7 5.6 5.6 6 5.6 5.2 5 4.9 4.8 4.8 4.8 4.7 4.7 4 4.8 5.3 5.7
17.8 17.8 17.9 17.8 17.7 17.1 17.5 17.6 17.6 17.6 17.3 17 15.7 14.3 11.6 11.7 8.6 7.8 7.7 8.6 8.1 8.2 8.4 8.4 8.4 8.4 8.3 8.4 8.4 8.4 8.1 8.9 8.7 8.7 8.6 7.9 7.3 6.6 5.9 6.5 7.5 7 6.9 7.4 7.5 7.6 7.3 7.1 7.3 7.5 7.3 6.4 10.3 11.8 7.8 7.6 7.3 7.1 6.9 6.8 6.6 6.4 6.2 6.3 6.4 6.6 6.7 6.6 6.4 6.1 6 5.8 5.9 5.5 5.4 5.3 5.2 4.9 4.8 4.8 4.7 4.2 4.4 4.7 5.8 6.2
17.7 17.6 17.5 17.5 17.4 17.6 17.9 17.8 17.2 17.4 17.4 16.9 15.6 12.8 8.4 8.8 8.4 8.4 9.1 8 8.1 8.3 8.4 8.8 9 9.1 9 9 8.8 8.7 8.5 9.4 8.6 8.5 8.5 8.3 7.9 7.7 7.2 7.3 7.7 7.8 7.9 7.7 7.3 7.6 7.5 7.4 7.5 7.6 7.8 6.5 8.9 11.8 11 7.8 7.6 7.4 7.2 7 6.8 6.6 6.4 6.3 6.5 6.7 6.8 6.7 6.5 6.4 6.2 6 5.8 5.7 5.6 5.5 5.5 5.3 5 4.8 4.7 4.6 4.7 5 5.6 6.7
18 18 17.9 17.7 17.6 17.7 18.3 17.9 17.4 16.8 14.7 15.7 13.3 9.7 9.2 8.5 7.6 9 8 8 8 8 8.2 9.1 9.5 9.4 9.3 9.2 9.1 9 8.9 10.3 9 8.9 8.7 8.5 8.4 8.1 7.4 7.3 7.7 7.9 8 8.1 7.8 7.7 7.7 7.7 7.9 8.2 7.9 6.6 9.9 12 11 9.2 8 7.8 7.6 7.3 7 6.9 6.7 6.6 6.6 6.7 6.9 6.7 6.7 6.4 6.3 6.1 5.9 5.9 5.8 5.8 5.7 5.7 5.5 5.2 5.1 5.1 5.1 5.2 6.2 7.5
18.4 18.2 18 17.9 17.7 17.7 18.4 18.5 18.1 18 15.3 11.2 9.3 8.1 8.8 8 8.4 8.6 8.3 8 8 8.1 8.1 8.3 9.2 9.7 9.6 9.5 9.4 9.3 9.2 10 9.1 9 8.8 8.6 8.5 8.4 7.4 7.4 7.6 8 8 8.4 7.5 7.9 8 8 8.2 8.5 8.7 5.6 8.5 12.1 11.7 10.3 8.3 8 7.7 7.4 7.2 7.2 7 6.9 6.8 6.8 6.9 6.8 6.8 6.5 6.3 6.1 6.1 6 6.1 6 5.9 5.8 5.9 5.3 6.2 6.5 5.9 6.3 7.5 6.6
18.5 18.3 18.2 18 17.8 17.8 18.4 18.9 18.4 17.5 15.1 7.3 9.8 5.5 9 8.6 8.3 8.3 8.2 8.1 8.1 8.3 8.4 8.7 9.1 9.5 9.9 9.8 9.7 9.6 9.5 9.6 9.2 9.1 8.9 8.7 8.5 8.5 7.8 7.8 7.8 8 8.2 8.8 8.1 8.1 8.1 8.2 8.4 8.4 8.6 5.3 8.9 11.7 11.7 12.1 7.9 7.8 7.7 7.6 7.4 7.4 7.3 7.2 7.1 7 7 7 7 6.5 6.4 6.3 6.3 6.2 6.2 6.2 6.1 6.1 5.6 5.9 6.4 7.6 8.1 7.2 8.4 7.7
18.7 18.5 18.3 18.1 18 17.8 18.5 19 18.4 16.9 9 9.2 9.2 9.2 8.2 8.2 8.3 8.2 8.2 8.3 8.4 8.5 8.6 8.7 9.1 9.5 9.9 10 9.9 9.8 9.7 9.7 9.5 9.2 8.9 8.8 8.6 8.6 8.1 8.1 8.1 8.2 8.2 8.6 8.2 8.3 8.4 8.6 8.6 8.7 8.9 6.8 7.4 9.5 11.2 8.6 7.9 7.8 7.7 7.6 7.4 7.3 7.3 7.1 7 6.9 7.5 7.3 7.1 6.6 6.5 6.5 6.5 6.4 6.2 6.4 6.3 6 6 6.1 6.6 7.3 7.8 7.2 8.4 8
18.7 18.7 18.5 18.4 18.2 18.3 18.8 18.9 18.4 17.1 9.5 10.5 9 8.9 8.9 8.3 8.3 8.3 8.1 8.4 8.7 8.8 8.9 8.9 8.9 9.3 9.7 10.1 10.1 10 9.9 10 10 9.7 9.4 9.1 8.8 8.4 8.2 8.1 8.5 8.8 9.2 8.8 8.5 8.6 8.8 8.9 9 9.1 8.7 7.6 5.1 9.3 10.7 8.9 8.3 8 7.9 7.7 7.4 7.2 7 6.9 6.7 6.8 8 8.4 7.9 6.8 6.7 6.7 6.7 6.6 6.4 5.6 6.5 6.3 6.2 7 6.8 7.3 7.6 7.3 8.2 8.3
18.4 18.6 18.7 18.6 18.4 18.9 19.1 18.8 18.1 17 8.9 9.3 9.1 9 8.8 8.7 8.4 8.3 8 8.3 8.9 9 9.2 9.2 9.1 9.3 9.6 9.9 10.3 10.2 10.2 10.3 10.4 10.1 9.8 9.6 9.2 8.9 8.5 8.4 8.7 9.2 9.6 8.8 9 8.9 9.1 9.3 9.4 9.1 8.4 7.8 4.9 9.1 9.9 9.3 8.7 8.2 8.1 7.8 7.5 7.2 7 7 7 7.2 7.3 8.2 7.6 6.9 6.5 6.9 6.9 6.8 6.6 5.9 6.5 6.6 6.5 6.7 6.9 7.1 7.5 7.4 8.6 9.2
18.1 18.3 18.4 18.6 18.8 19 19.3 18.8 17.9 12.5 6.9 9.4 9.2 9 8.9 8.7 8.5 8.2 8 8.2 9.2 9.3 9.4 9.4 9.4 9.7 9.9 10.1 10.3 10.5 10.6 10.6 10.7 10.6 10.3 9.9 9.6 9.3 9.1 8.9 9 9.1 9.5 9.2 9.5 9.1 9.2 9.7 9.6 8.9 8.2 6.7 7.3 9.9 9 8.7 8.6 8.4 8.2 8 7.8 7.5 7.2 7.3 7.4 7.6 7.4 7.5 7.2 7.2 6.6 6.4 7.1 6.2 6.9 6.5 6.1 6.3 6.5 6.2 6.7 8.6 7.5 7.7 8.4 8.4
18.4 18.4 18.6 19.2 19.4 19.3 19.5 18.8 14.8 8.6 11 9.5 9.3 9.2 9 8.7 8.5 8.2 8.1 8.5 9.3 9.5 9.6 9.6 9.8 10 10.2 10.4 10.6 10.6 10.6 10.7 10.8 10.6 10.3 9.9 9.6 9.3 9.4 9.5 9.4 9.5 9.2 9.6 9.7 9.4 9.2 9.4 9.4 8.9 8.2 5.9 9.7 9.3 8.9 8.9 8.7 8.6 8.5 8.3 8.1 7.5 7.4 7.5 7.9 8.8 8.2 7.5 6.5 7.5 7.4 7.4 7.5 7.4 7.1 6.8 7 6.4 8.1 6.2 6.5 7.1 7.6 8 8.9 9
18.6 18.6 19 19.2 19.1 18.9 18.7 17.8 7.8 9.5 10.3 9.6 9.5 9.2 8.9 8.7 8.4 8.2 8.3 8.7 9.4 9.6 9.8 9.9 10.1 10.3 10.5 10.6 10.8 10.8 10.8 10.8 10.8 10.5 10.2 9.9 9.6 9.3 9.1 9.7 9.8 9.7 9.7 10 10 9.8 9.5 9.3 9.2 7.9 6.4 9.4 10.4 8.8 9 9 8.9 8.8 8.8 8.7 8.1 7.8 7.7 7.7 8 8.2 8 7.6 7.8 7.6 7.6 7.6 7.6 7.6 7.3 6.9 7.6 7.5 5.7 6.8 7.6 7.6 7.7 8.2 9.2 11.8
19.4 18.9 18.9 19 18.8 18.8 18.3 15.4 8 8.9 9.3 9.7 9.4 9.2 8.9 8.6 8.4 8.5 8.6 9 9.4 9.7 9.9 10.2 10.3 10.5 10.7 10.9 11 11 11 11 10.8 10.5 10.2 9.9 9.8 9.6 9.4 9.2 9.8 9.9 10.2 10.6 10.2 10.1 9.9 8.4 7.3 5.6 9.4 9.7 8.7 8.9 9.1 9.1 9 9 8.9 8.6 8.1 8 7.9 7.7 7.7 7.7 7.8 7.4 7.9 7.6 7.7 7.8 7.7 7.7 8.1 7.1 10 10.1 6 7.2 8.6 8.8 8.8 9.3 13.8 18.1
20.8 20.2 19.8 19 19.2 19.4 18.3 16.7 8.2 9.4 9.6 9.9 9.6 9.2 8.9 8.6 8.6 8.7 8.8 9.2 9.5 9.8 10.2 10.4 10.6 10.8 10.9 11.1 11.2 11.2 11.2 11.1 10.9 10.7 10.4 10.6 10.5 10.3 10.1 10.3 10.1 10.1 10.4 10.8 9.3 7.8 8 6.7 8.2 9.5 10.1 9.5 9 9.1 9.2 9.2 9.1 8.9 8.7 8.5 8.3 8.2 8 8 8 8 8.1 7.1 7.8 7.7 7.8 7.9 7.1 7.3 8.6 8 10 10.3 9.8 9.3 10.2 13.3 17.2 19.3 19.8 21
22.5 22 21.1 20.2 19.8 19.8 19.2 18.4 10.1 11.7 10.7 10.2 9.8 9.4 9 8.8 8.9 9 9.1 9.3 9.7 10.1 10.5 10.7 10.8 11 11.1 11.3 11.4 11.5 11.3 11.2 11 11 11.1 11.1 10.8 10.8 10.5 10.2 10.6 11.4 9.3 7.6 7.7 8.5 8.9 9.7 9.5 9.4 10.3 9.9 9.4 9.3 9.4 9.3 9.2 9.2 9 8.7 8.6 8.9 8.9 8.4 8.2 8.3 8.4 8.2 8.5 8.3 8.2 9.1 7.3 9.1 8.7 8.1 10.3 9 14.2 16.4 17.8 20.2 20.9 21 21 20.8
22.7 22.8 22.4 21.9 21.1 20 18.8 10.1 7.7 10 10.4 10.3 9.9 9.5 9.2 9.1 9.1 9.2 9.3 9.6 10 10.4 10.8 10.9 11.1 11.2 11.3 11.5 11.6 11.6 11.5 11.4 11.5 11.6 11.7 11.3 10.6 10.5 10.4 10.1 10.8 7.6 8.2 10 10.2 10.1 10 9.9 9.5 9.3 10.3 10.2 9.7 9.5 9.6 9.5 9.3 9.2 9.3 9 8.4 8.8 9.9 9.7 8.9 9 8.7 7.4 8.9 9.5 7.6 8.1 7.4 8.2 8.7 8.4 10.9 16.8 20.4 21.4 20.6 21.1 21.1 21.2 21.1 21.3
22.7 22.7 22.8 22.4 21.5 20.7 18.6 9.4 10.7 10.2 10.5 10.4 10 9.7 9.5 9.4 9.4 9.5 9.6 9.9 10.3 10.8 11 11.2 11.5 11.6 11.5 11.6 11.7 11.8 11.6 11.6 11.7 11.8 11.9 11.2 10.8 10.7 10.4 10.2 7.5 9.5 10 9.7 10 10.5 10.3 10.1 9.7 9.1 10.4 10.3 10.1 9.7 9.7 9.6 9.4 9.2 9.3 9.3 8.4 8.6 10.1 10.1 9.4 9 8.9 9.2 9.7 8.2 7.8 8.3 8.3 13.5 15.9 16.7 18.8 19.7 21.3 20.9 20.6 21.1 21.2 21.3 21.2 21.4
21.3 22.9 22.8 22.2 21.8 21.1 19.1 15.5 10 10.4 10.6 10.5 10.2 10 9.8 9.7 9.6 9.8 10 10.3 10.7 11.1 11.4 11.7 11.9 11.9 11.9 11.8 11.9 11.9 11.9 11.8 11.9 12 11.8 11.1 11 11 10.5 7.5 9.1 10.8 10.6 10.2 9.8 11 10.7 10.2 10.3 10 10.4 10.3 10.2 9.9 9.9 9.7 9.5 9.3 9.3 9.4 8.4 8.7 9.6 9.7 9.3 9.5 9.9 8.6 8.5 8.2 8 8.4 16 19.1 20.6 21 20.2 20.1 20.6 20.4 20.8 21.4 21.1 21.6 22.7 23.3
21.3 23.1 22.7 22.1 21.5 21.4 20.4 17.5 7.3 10 10.3 10.7 10.5 10.2 10.1 10 9.9 10.1 10.3 10.6 10.8 11 11.2 11.9 12.3 12.2 12.2 12.2 12.1 12.1 12.1 12 12.1 12.2 11.7 11.2 11.2 11.2 10.8 8.5 10.7 10.9 10.7 10.6 10.3 11.3 10.8 10.5 10.4 10.5 10.5 10.4 10.3 10.2 10 9.8 9.5 9.3 9.6 9.4 9.4 9.5 9.3 9.3 9.4 10 8.8 9.5 7.8 8.5 8.4 9.3 18 19.8 20.6 21.2 19.8 19.7 20 20 19.8 20.6 22.2 21.7 22 27.7
21.8 21.7 22.2 21.6 21.4 21.5 21.5 16.2 10.4 7.5 9.8 9.7 10.5 10.5 10.4 10.3 10.1 10.2 10.4 10.6 10.8 11 11.4 12 12.4 12.5 12.5 12.5 12.5 12.3 12.7 12.7 12.6 12.3 12 11.5 11.5 11.4 12.3 8.2 11.2 11.3 11.1 10.8 10.6 11.1 11 10.8 10.6 10.6 10.6 10.4 10.2 10.1 10.3 10 9.8 9.6 9.5 10.1 9.4 10.1 9.7 10 10.1 8.8 9.3 9.6 8 8.5 8.7 11.7 17.2 20.2 20.1 19.4 19.3 19.4 19.7 20.5 20.5 21.6 22.3 21.8 23 30.2
17.8 18.4 20.1 21.2 21.4 21.6 21.4 18.3 11.1 10.4 8.8 10 9.6 10.7 10.6 10.4 10.3 10.4 10.5 10.7 10.9 11.3 11.7 12.3 12.5 12.6 12.7 12.8 12.8 12.6 12.6 12.9 12.7 12.5 12.2 11.8 11.7 11.6 12.2 8.7 11.4 11.6 11.4 11 10.8 10.9 11.2 11.1 11 10.8 10.6 10.4 10.2 10.2 10.8 10.5 11.1 10.8 11 10.4 9.7 9.6 10.3 10.2 9.7 9 9.7 9.7 7.8 8.6 8.8 15.7 17.9 19 19 18.6 19.3 19.5 19.9 21.1 22.1 23.4 23.6 22.7 24.3 31.8
16.9 17.6 18 20.9 20.8 20.4 21.2 18.6 11.3 10.6 10.5 9.8 9.5 10.9 10.7 10.6 10.5 10.6 10.6 10.7 11.2 11.6 12.1 12.5 12.6 12.7 12.8 13 13.1 13.1 12.7 12.9 12.9 12.6 12.3 12.1 12 11.9 11.5 9.1 10.2 11.5 11.3 11.1 10.9 11 11.4 11.3 11.1 10.8 10.8 10.7 10.5 11.3 11.1 10.8 10.3 10.1 10.1 10.1 10.2 10.4 10.1 9.9 9.8 9.3 9.6 9.8 9 9.1 9.7 14.4 17.4 18.6 18.1 19.1 19.1 20.2 20.8 22.2 22 22.4 22.7 24.7 28.2 38.7
16.5 17.1 17.6 19.1 20.2 19.5 19.8 14.7 11 11.2 11.4 9.9 10.5 11.1 11.1 10.9 10.7 10.7 10.8 11 11.2 11.6 12 12.6 12.9 13 13.1 13.2 13.4 13.1 12.8 13.1 13 12.2 12 12 11.8 11.6 11.3 10.9 9.1 11.6 11.4 11.3 11.1 11.1 11.5 11.5 11 10.6 10.8 12 10.4 10.2 10.8 10.8 10.1 9.8 9.8 10.6 10.5 9.9 9.8 9.9 9.7 9.4 9.3 9.8 8.6 11.8 18.2 20.2 18 18.3 18 17.5 16.8 18.6 19 21.3 21.8 22.7 23.4 27 31.9 44.4
16 16.6 17.1 18.2 18.9 18.7 18.7 15.9 11.3 11.3 11.1 10.2 10.1 11.3 11.5 11.1 10.8 10.8 11 11.3 11.7 11.8 11.9 12.5 13.2 13.3 13.5 13.6 13.6 13.1 12.5 12.4 12.2 12.1 12.1 11.9 11.6 12.3 11.5 11.8 9.2 11.8 11.5 11.4 11.3 11.2 11.6 10.9 13.5 11 11.2 11.1 10.9 10.5 10.1 10.3 10.3 9.7 10.8 10.5 9.8 9.9 10 9.7 9.6 9.4 10.4 10.4 12.2 15.9 19.1 19.1 18.8 16.5 15.3 13.3 13 15.3 16.2 20.2 21.7 22.5 24.4 29.2 39.5 49.6
15.5 16 17 17.7 18.4 18.5 19 16.6 11.5 11.5 9.6 10.7 10.8 11.2 11.3 11.1 10.9 11.1 11.3 11.6 12 12.4 12.4 12.8 13.3 13.7 13.8 13.9 13.6 13.1 12.5 12.4 12.6 12 12 11.6 11.6 11.8 11.6 11.9 10.9 8.9 11.5 11.3 11.4 11.3 13.4 11.6 11.6 11.7 11.7 11.7 11.4 10.8 10.4 10.2 10.5 10.7 10.6 10.4 10 9.9 10.3 10 9.7 9.6 11.6 10.7 17.7 18.7 18.8 16.8 14.7 13.2 12.8 12.5 12.6 13 14 16 17.9 21.1 25.4 34.7 44.2 52.4
15.9 16.4 17 18 18.1 18.1 17.6 16.8 12.1 11.2 11 11.7 10.9 10.7 10.7 11.2 11.5 13 13.3 12.4 12.9 13.6 14.3 13.8 14 14 14.1 14.2 13.6 13.1 12.5 13 13.1 12.9 12.6 12.2 12.1 11.9 11.7 12.2 11.8 9 11.9 15.4 12.3 12.2 12.4 12.3 12.2 11.9 11.7 11.5 11.4 11.2 10.7 11.2 10.5 10.9 10.8 10.4 10 10 10.5 10.6 9.8 10.2 11.1 11.3 17.8 14.1 12.8 13.4 12 12.3 12.2 12.2 13 13.2 13.9 16.6 20.4 21.3 20.8 30.7 39.4 46.7
15.4 15.6 16.6 17.4 17.6 17.7 17.8 18.6 16.3 11.9 11.4 11.7 10.8 10.7 11.3 11.9 12.9 14.8 16.6 16.9 17.3 19 20.8 20.5 19.1 17.5 14.5 14.2 13.6 13.1 12.6 13.3 13.2 13.2 12.9 12.3 12.4 12.3 12.1 12.8 12.1 8.9 12.6 12.3 12.7 12.3 12.3 12.1 12.1 11.9 11.4 11.2 11.1 11.1 10.9 10.4 10 10.4 11 10.1 9.8 9.7 10.4 11 10.6 10.6 10.3 11.3 11.1 11.6 11.7 12.1 12.4 11.9 12 12.6 13.8 14.3 14.4 18.8 22.8 21.7 20 20.8 25.1 36.8
16.3 15.7 15 16.5 16.9 17 16.9 17.2 16.1 10 10.2 11.3 11.2 11.4 11.8 13.1 14.6 16.6 17.3 18.2 18.9 19.9 21.5 21.1 20.1 20 16.1 14.3 13.8 13.2 13.6 13.2 13.3 13.3 13.1 12.2 12.2 12.7 16 12 11.5 10.3 12.5 12.1 11.8 11.6 11.8 11.7 12 12 11.7 11.5 11.4 11.5 11 10.5 10.3 10.2 10.8 10.1 9.8 9.6 9.8 10.4 10 10.4 10.9 10.2 11 11.8 12.5 12.1 12.5 12.6 12.1 12.6 13.5 14.3 15.8 19.9 28.4 24.5 23.2 22.9 23.4 24.7
16.4 15.6 13.6 15.1 16.1 16.2 15.4 14.6 12.2 11.1 11.3 11 11.5 12.1 12.4 14.3 16.8 17.5 18 19 19.8 20.8 22 21.2 20.6 20.4 16.4 14.8 13.9 13.8 13.9 13.2 13.2 13.3 13.3 13 14.1 12.7 12.2 11.9 9.5 9.9 12.2 12.9 11.8 11.4 11.6 12 11.9 11.7 11.6 11.6 11.6 11.6 11.3 10.4 10.2 10.2 10.5 10.4 10.1 9.7 9.8 10.1 10.4 11 11.5 11.6 11.9 12.1 12.6 12.5 12.5 12.8 12.5 12.5 12.9 15.9 17.7 23.1 27.6 26.2 25.7 32.6 26.1 25.3
14.5 13.1 12.9 14.3 16.8 16.4 14.7 13.1 12.8 10.6 11.6 11.7 12.3 14.3 14.3 17 18.1 18.4 18.9 19.7 20.7 21.5 22.6 21.6 21.2 20.9 17 15.2 14.3 14.3 13.9 13.2 13.2 17.2 12.8 12.9 12.8 12.5 12.2 11 9.9 12.7 12.4 12.6 12.3 12.2 12 11.8 11.6 11.6 11.6 11.6 11.6 11.7 11.6 10.5 10.1 10.3 10.1 10.6 10.1 9.9 9.9 10.2 10.8 11.3 11.7 10.5 12 12.6 13.2 13.3 13 12.9 13 13.1 12.8 15.7 19.2 25.7 27 30 34.4 43.2 31 29.4
13 12.8 12.9 13.5 16.5 15.7 10.5 9.4 11.7 10.9 11.9 13.4 15.2 16.3 17.5 18.7 19.4 20.1 20.2 20.7 21.6 22.3 23.2 22.1 22 22.1 20.2 15.5 14.6 13.5 14.9 15.1 13.8 13.6 12.6 12.8 12.8 12.5 12 10 12.3 12.7 12.8 12.6 12.5 12.2 12.3 12.3 11.5 11.6 11.5 11.6 11.6 11.7 11.3 10.6 10.2 10.7 10.6 10.2 10.3 10.1 10 10.3 11.2 11.6 11.8 11.9 11.6 12.5 13.6 13.7 13.5 13.9 14.2 13.4 13.5 15 19.1 23.8 31.8 35.9 40.6 47.4 34.5 28.8
12.9 12.6 12.2 13.1 13.5 16.4 9.5 11.9 12 12.4 13.9 16 17.8 19.3 19.6 19.7 20.6 21.5 21.9 22.7 23.7 24.2 24.3 23.3 24 24.9 24.9 15.9 18.6 14.4 14.6 14.2 13.9 13.5 12.5 12.6 12.6 9.5 10.1 13.9 13.3 13 12.8 12.8 12.7 12.6 12.2 12.2 11.9 11.5 11.5 11.5 11.6 11.6 10.5 9.9 10.2 10.6 10.7 10.4 10.1 10 10.2 10.9 11.4 11.6 11.9 12.4 12 13 13.9 14.6 14.6 14.5 14.4 14.3 14 14.8 20.6 25.2 34 36 40.6 43.4 39.8 36.1
13 12.5 13.2 12.3 11.8 12 10.8 13.1 14.8 16.6 17.8 18.3 19 20.1 20 21 21.9 22.8 23.7 25 25.9 26.2 26.2 24.5 24.6 24.8 20.1 15.8 14.1 14.2 14.8 14.4 13.9 13.1 12.4 12.4 9.7 10.9 13.7 13.6 13.6 13.2 13 12.9 12.9 12.8 12.5 12.2 11.9 11.4 11.5 11.4 11 10.8 11 10.4 10.3 10.6 10.8 11 14.5 16.9 15.2 13.4 12.1 11.9 12.8 13.2 12.7 13.8 14 14.6 14.6 14.6 14.6 14.5 14.4 15.7 21.9 29 35.2 36.7 42.1 41.5 38.6 36.1
13.3 12 13 12.6 12.4 12.1 10.6 15.3 17.3 18.9 19.4 19.8 20.3 20.9 21.2 22 23.3 23.4 25.3 26.7 26 26.4 26.6 25 22.6 24.2 17.5 15.2 14.9 14.5 13.7 13.4 13.4 12.4 12.5 11 13.1 14 13.8 13.8 13.8 13.7 13.4 13.3 13.1 13 12.9 13 12.2 11.7 11.5 10.8 10.5 10.4 11 10.8 10.6 15.1 17.1 17.4 17.4 17.7 16.6 14.2 12.9 12.5 13.1 13.8 14 14.1 14.7 14.3 14.5 14.5 14.5 14.4 15.2 16.7 21.9 30.6 35.3 37.4 42.5 40.1 35.5 32.6
11.6 12.9 15 11.8 12.3 12 12.9 18.2 19.4 19.8 20.4 21 21.6 22.2 22.9 23.3 24.7 26 25.8 26.5 25.8 25.8 23.3 25.2 24.4 21.1 16.1 14.4 13.2 11.8 12.2 11.7 11.3 10.8 9.8 13.7 14 13.9 13.9 13.9 13.9 13.9 13.8 13.7 13.5 13.3 13.2 13.2 12.4 12.1 12 11 10.7 11 11.6 11.6 10.6 17.8 17.4 17 17.1 17.1 15.3 13.9 13.9 13.3 13.3 14.1 14.4 14.4 14.4 14.2 14.3 14.3 14.3 15.6 16.3 19.2 23 27.6 36.2 40.7 36.8 25 21.9 21.5
12.9 16.5 18.3 18.4 11.2 12 18.9 19.4 19.9 20.5 21.1 21.9 23.3 24.2 24.6 24.2 25.2 25.6 26.6 26.3 24.5 26.7 26.3 25.3 18.6 21.3 11.8 12.5 13.2 12.4 10.4 9.8 11.6 14.7 14.6 14.6 14.2 14.1 14.1 14.1 14.1 14.1 14 13.8 13.7 13.6 13.4 13.3 12.3 11.4 11.1 11.5 11 11 10.9 11 15.5 17.6 16.8 16.9 16.7 16.5 15.2 14.7 14.8 14.1 13.5 13.9 14.3 14.6 14.8 14.7 14.6 14.7 16 15.9 16.1 20.5 24.1 32.8 36 29.4 21.7 21 21.3 21.5
15.4 18.8 19.3 19.8 19.1 19 19.7 20.1 20.4 21 22.1 23.2 25.2 25.7 24.3 24 24.8 25.4 23.9 25.9 25.5 26.6 26.9 20.9 18.2 12 11.2 11.3 13.7 14.9 15.2 14.8 15 15 14.9 14.8 14.6 14.3 14.3 14.2 14.2 14.2 14.1 14 13.8 13.7 13.6 13.5 11.9 11.5 11.9 11.5 11.4 11.5 11.3 11 16.1 16.5 16.5 17.2 16.7 15.8 14.8 15.3 15.3 14.7 14.1 13.9 14.4 15.3 16.6 15.4 15.2 15.2 15.4 15.8 17.2 21.2 27 34.4 34.5 21.1 20.8 21.3 21.4 26
18.4 19.6 20 20.4 20.3 19.7 20.4 21 21.2 21.8 23.6 23.6 24.7 26 25.1 25.7 24.3 26.2 25.9 25.5 25 24.1 24.5 13 13.1 13.4 14.7 15.1 15.3 15.4 15.2 14.8 15.2 15.2 15.1 15 14.8 14.5 14.5 14.3 14.3 14.3 14.2 14.1 14 13.8 13.6 13.4 12 12.1 12.1 11.6 11.8 11.9 12.1 11.8 14.7 16.5 16.7 16.2 15.9 14.4 15 15.6 14.8 14.3 14.5 14.7 15.9 17.3 19.9 20.1 15.5 15.5 16.2 16.6 16.6 22.1 30.1 34.2 20.8 20.3 20.3 20.6 21 32.4
