data/300000-820000.asc
ncols 200
nrows 200
xllcorner 300000
yllcorner 820000
cellsize 50
[rows 0 to 34 of 200, columns 0 to 77 of 200]
287.5 291.9 294.6 297.9 301.7 307.1 314.2 317.8 321.8 327.3 333.5 343.4 351.5 362.1 377.5 384.8 390.7 394.3 398.3 410.5 420 426 428.8 417.2 417.3 413.9 403 403.3 401.4 400.4 399.5 398.2 396.5 389.9 383.9 378.7 373.8 369.9 367.9 368.6 372.5 378.3 384.7 390.9 397.3 401.1 398.1 395.6 392.4 385.8 377.6 365.4 351.6 338.5 325.6 315.9 305.5 297.2 291.4 281.6 273 268.6 267.3 264.7 262.8 261.4 260.6 256.8 253.6 252.1 248.9 247.5 247.3 250.8 249.8 246.7 244.6 241.9
282.4 289.4 292.7 294.1 298.8 304.7 312.5 316 321.7 327.5 336.3 346.4 354.9 365.8 378.7 387.6 395.4 401 404.8 409.4 418.7 423.4 422.6 413.7 411.6 407.5 401 400.6 399.8 399.7 398.9 398.6 395.4 389.2 383.5 377.8 372.3 368.4 366.4 366 369.4 374.2 380.8 387.2 393.1 397.3 395.9 392.2 387.6 381.4 370.5 361.4 348.3 335 322.9 311.2 303.9 294.9 286.4 277.3 270.8 268.6 266.1 263.7 263.2 262.1 260.2 256.4 253.2 251.2 249.1 247.4 248.2 250.9 250.1 248 245 242.1
279.3 286.6 288.1 292.7 297.7 302.2 307.2 317 322.9 329 337.7 348.7 358.7 370.1 382.3 391.6 403.2 409.2 411.5 412.2 416.4 421.1 417.3 408.4 406.3 403.4 399.4 397.7 396.7 396.3 397.2 396.3 393.1 388.4 382.6 376.9 370.7 367.3 365 365.5 366 370.2 377.2 383.8 389.2 393.8 391.6 387.8 382.5 374.1 363.7 353.6 344.4 331 319.4 309.5 300 289.7 282 274.4 271.4 268.5 265.3 263.8 263.8 262.8 259.7 255.9 252.8 250.8 248.8 247.8 248.7 251.2 250.4 248 245.3 242.3
274 281.8 287 291.7 296.4 300.4 308.8 319.5 323.9 329.8 339.1 349.5 360.5 372.4 390.5 400.5 405 409.8 412.6 414.3 417.6 416.2 411.8 406.8 403.6 400.7 398.1 395.6 393.9 394 394.1 392.3 389.7 385.9 381.2 373.6 369.6 365.9 363.9 362.8 363.7 366.8 373.5 380.4 385.1 389.4 387.4 383.1 379.3 373 358.8 345.8 334.4 325.9 314.7 304.4 294 284.9 279.2 275 272.2 268.2 265.1 264.4 264.3 263 259.3 255.5 252.5 250.5 249.1 248 249.1 251.5 250.6 248.8 245.7 243.4
270.7 284 286.5 290.8 295.6 299 308 317.3 322.5 331.6 340.7 349.5 359.1 372.6 390.9 395.9 402.6 409.2 413.3 415.7 417.3 416.7 415.8 408.5 402.7 399.3 396.6 394.1 392.5 391.6 390.4 388.5 386.2 382.8 377.2 371.9 368.2 364.5 362.9 360.7 361.6 364.2 370.5 377.3 380.4 382.9 382.6 378.6 375.6 368.7 354.8 340.1 330.7 321.6 310.6 301 290.8 284.8 280.4 276 272.1 268.1 265 264.7 264.5 261.6 258.4 255.1 252.1 251 249.9 248.7 249.3 251.6 250.9 249.4 247.6 245.5
263.7 274.3 283.3 289.3 293.6 297.2 306.6 314.9 322.9 330.6 340.5 349.6 356.4 371.5 384.6 395.5 400.8 411.8 411.6 415.8 419.5 418.4 418.4 412.6 405.3 399.2 395.1 392.8 391.7 390 388.5 386 382.8 379.4 374.3 370.3 366.6 363.1 360.8 358.9 359 362.1 366.9 373.2 376.8 378.6 378.3 374.1 368.1 360 346.3 335.8 326.5 316.8 309 299.1 289.9 284.6 279.8 275.1 271 267.6 264.4 263.9 264.2 260.4 256.8 253.8 251.6 250.6 249.5 248.5 249.5 251.2 251.7 250.5 249.4 247.6
261.6 265.3 278.8 288 292.3 296.1 306.2 311.3 320.2 329.1 339.5 346.7 356.1 369.3 381.6 392.5 399.5 412.1 410 414.5 421.1 421.1 419.7 414.7 410 400.5 398.7 392.1 390.3 388.7 387.4 384.5 381.3 377.1 372.2 368.5 364.8 361.2 359 357.3 356.4 359.2 363.5 369 374 375.1 375.9 371.6 360.9 351 342.8 332.7 323.6 315.5 306.5 297.6 290.9 285.8 280.6 275.8 271.1 267.6 264.3 262.1 259.7 258.3 255.6 252.8 250.6 249 248.1 247.9 249.6 250.6 251.2 251.6 250.9 248.2
261.2 261.5 271.4 285.4 292.5 294.3 300.8 307.9 317.2 328 337.5 343.7 355.6 368.6 379.7 389.3 395.1 406.3 406.7 412.9 423.1 426.6 421.8 421.3 414.4 406.2 400.2 392.9 388.9 387.6 386.2 383 379.8 375 370.4 366.7 363 359.4 357.4 355 353.3 356 360.5 366.2 368.8 370.3 372.2 367.7 357.1 347.7 338.5 330.9 324.1 315.4 307.5 299.5 292.3 287 281.6 276.4 271.6 268.1 264.5 262.4 261.9 259.6 255.2 252.1 249.2 248.2 247.6 248 249 250.3 251.4 251.3 250.6 248.5
261.1 261.2 265.2 280.6 288.2 291.5 296 305.4 313.4 323.1 333.8 340.2 351.9 365 374.1 384.9 391.5 399.2 404.2 411.4 422 429 430.7 427.2 418.2 412.9 404.8 399.7 393.2 387.6 384.7 381.5 377.8 373.1 368.8 365 361.2 357.6 355.1 352.5 350.9 352.7 356.2 360.5 363.7 364.8 362.1 359.5 353.8 347.6 337.6 330.4 323.5 315.9 307.9 300 292.4 286.7 281.4 276.4 272.1 268.6 265.1 262.8 261.8 258.4 254.4 251 247.9 247.9 247.5 247.5 248.9 250.1 251.3 252.5 251.5 248.5
262 261.4 261.2 272.4 283.3 288.5 293.7 303.5 309 318.6 329.1 336.6 347.2 359.2 368.5 380.7 387.2 393.1 400.8 409.6 420.4 427.3 428.7 423.8 422 420.9 409.7 405.4 400 393.5 384.1 380.4 376.2 371.6 367.3 363.5 359.7 356.1 353 350.3 348.5 349.4 351.7 355.2 356.2 357.5 357.6 356.4 353 347.5 336.1 331 324.8 316.3 308.4 300.1 292.8 286.4 281.1 276.1 271.9 268.3 265.6 263.3 261.5 257.2 253.1 249.7 246.6 246.6 246.7 247.3 248.8 250.2 251.7 252.9 251.7 249.7
263.1 261.6 260.1 263.2 272.4 285.3 291.9 298.1 305.4 313.7 323.6 332.3 341.5 352.7 363.7 374.5 380.9 386.8 395.3 407.2 417.9 422.9 423.2 424.2 421.1 418.4 410.7 406.9 402.1 393.9 385.2 379.4 374.5 370 365.8 362.1 358.4 354.8 351.2 348.5 346 346.7 348.5 349.9 351.1 352.4 353.3 353.3 351.4 344.9 336.1 330.9 324.2 316.8 308.7 300.3 293.2 286.6 280.9 275.8 271.7 268.2 264.7 264.2 261 258.4 254.2 249.9 245.7 245.6 245.7 247.5 249.6 251.1 252.6 253.4 251.8 249.8
263.7 261.8 260 262.2 267.7 277.2 287 293.7 303.1 310.5 319.5 327.6 338.6 347.3 355.1 365.6 372.5 379.5 388.5 401 411.2 415.9 418.2 420 416.8 414.2 409.3 407.2 400.8 393.9 385.2 378.7 372.9 368.4 364.4 360.8 357.2 353.5 349.9 346.7 344 344.1 345.6 347 348.3 349.2 349.5 350 347.8 340.4 336.1 331.7 324.6 317.3 308.9 300.4 293.6 287 280.6 275.5 271.6 268.3 265.7 264.5 260.7 259.3 252 248.4 245.1 244.8 245.6 247.8 250 251.9 253.4 253.8 251.9 249.7
268.6 261.4 259.9 260.7 267.4 277.6 285.8 292.1 300.8 307.5 314.7 322.1 332.5 338.9 348 356.6 364.2 370.9 381 390.4 402.3 410.8 413.7 412.9 411 408.3 405.8 402.9 398.9 392 384.2 377.8 371.2 366 362.2 358.6 355.1 351.5 347.9 345 344.3 342.5 342.7 344.1 345.1 345.5 346.2 346.8 344.7 340.3 336.3 332.2 325.4 317.2 309 300.6 294 287.4 280.9 275.4 271.3 269 266.1 264.3 262.1 257.2 249.2 245.8 243.3 243.4 245.2 247.6 250.1 252.5 253.8 253.9 251.8 248.9
274.1 262.3 259.7 260.7 269.3 279 284.3 289.5 299.1 304.1 310.4 317.4 324.2 328.4 337.5 347.7 356.3 363.1 372.6 382.5 394.1 404.5 410.7 407.2 405.7 402.4 400.7 397.5 394.6 388.6 382.9 376.2 369.2 363.3 359.6 356 352.4 348.8 345.5 343.4 342.1 341.6 341.1 341.1 341.8 342.7 343.5 344.4 342.6 340.1 336.1 332 325.1 316.9 308.9 300.9 294.2 287.3 280.5 274.4 271.3 269 266.7 265.4 260.8 255.4 249.6 246.3 242.9 243 244.7 247.4 250.2 253 254.4 253.5 251.2 247.5
276.2 267.6 259.5 261.2 271 276.7 280.8 285.8 295.3 299.5 305.4 311.7 314.8 319.6 327.5 338.5 347.6 355.1 364 374.7 385.6 395.7 399.7 398.2 398.7 397.3 393.9 391.4 388.5 382.9 378.3 374.2 367 361.9 357 353.3 349.7 346.4 343.7 341.7 339.8 339.3 338.8 339.2 340.5 341.1 341.9 342.5 340.8 339.3 335.9 331.3 324.9 316.7 309.2 301.7 293.2 285.7 279 272.9 270.9 269.4 267.3 265 259.3 253.8 248.5 245.1 243.1 241.4 244.5 247.7 250.8 253.2 254.1 253 250.8 246.3
280.2 270.9 260.5 262.3 272.8 276.7 279.2 281.7 287.9 295.1 301.2 305.4 306.1 309.7 317.9 328.3 338.4 347.6 356.7 366.8 377.6 383.9 389.9 389 388.4 389 386.2 383.2 381.6 376.8 373 368.9 365 359.8 354.9 350.6 347.2 344.3 342.1 340.1 338.1 337.1 336.7 337.3 338.6 339.9 340.7 340.6 339.4 338.2 335.5 331.8 326.8 317.9 310.3 302.8 293.6 284 276.7 272.1 270.2 268.7 267.2 263.9 258.1 252.3 248.1 244.7 242.7 240.8 244.7 247.9 250.9 253.1 253.8 252.6 250.3 245.3
287.7 276.9 266.8 258.6 264.6 272.4 275.9 278.7 282.7 290.6 298 297.9 297.4 301.2 308.3 319 329.3 339.2 349.1 359 367.9 373.8 379.7 378.5 378.3 379.6 378 375.7 374.1 370.6 367.8 364.8 361.9 357 352.4 348 345.1 342.5 340.5 338.5 336.5 334.9 334.6 335.4 336.7 338 339.3 339.2 338.2 336.9 335.4 334.3 329.3 316 309.7 302.8 292.4 281.8 276.5 273.7 269.2 267.8 266.4 263.3 258.1 251.9 248.7 243.8 242.2 240.7 244.5 247.9 250.6 252.7 253.2 251.9 249 244.8
292.7 282.1 272.2 262.4 259.4 268.7 274 277.3 280.2 286.3 294 290.5 290.2 292.6 298.5 309.7 320.1 330.3 340.5 349.3 356.2 363.8 368.7 369 369.3 370 369.4 367.8 366.2 364.3 361.5 359.8 356.9 354.2 350 345.8 342.9 340.7 338.6 336.5 334.4 333.5 332.9 334 335.1 336.3 337.5 337.6 337.2 336.1 334.9 335.4 320.4 314.7 309.4 301.5 292.2 282.7 278.9 274.6 269.8 266.6 265.9 262.3 258 252.8 246.8 243.5 242.1 240.6 242.9 246.2 249.6 252 251.1 249.7 246.5 243.2
292.5 285.3 276 264.9 260 269.6 273.4 276.1 278.8 282.6 283.6 281.3 280.9 280.6 288.4 300.4 311 321.3 331.1 340.5 345.1 353.5 357.8 359.5 360.1 360.5 359.8 358.7 358.8 357.5 355.8 354.1 351.7 349.1 346.6 343.8 340.4 338.4 336.5 334.4 332.6 332 331.4 332.8 333.7 334.6 335.5 336.1 335.3 334.5 333.6 329.6 320.3 314.3 308.6 300.2 291 287.5 281.3 275.3 270.5 266.9 265.1 262.3 257.1 251.5 245.9 243.3 241.8 240.6 240.9 244.1 245.6 248.1 248.6 248.3 246 242.2
298.7 290 279.5 263 261.8 272.5 272.2 274.7 276.9 280.4 274.3 272.2 269.3 267.5 273.6 288.4 301.2 311.9 320.5 329.6 336.2 343.9 347.6 350.2 350.5 350.8 350.4 350.5 350.7 350.3 349.1 347.7 346.7 344.2 341.6 339.2 337.4 335.1 333.4 331.9 331.2 330.7 330 330.6 331.5 332.5 333.3 334.2 333.6 332.4 329.6 324.5 318.6 314.7 307.1 298.7 290.5 288.4 281.3 275.7 270.9 266.4 263.7 261.5 256.3 251.5 246.6 243.3 241.9 240.6 240.4 244.6 246 247.5 248.5 249 247.1 244.4
305.6 297.8 287.4 270.6 254.2 265.9 267.9 269.2 272.4 274 266.4 261.4 258.8 256.5 261.6 274.8 290.1 301.1 309 318.7 326.3 332.2 337.6 340.6 341.1 341.8 342.2 342.4 342.4 342.1 341.7 340.5 340.2 339.3 337.2 335.2 333.8 332.1 331 329.6 329.1 329.2 327.8 328.4 329.3 330.2 331.1 332.1 330.7 328.5 325.8 320.5 319.2 313.7 305.6 297.4 291 286.8 282.2 276 271.1 267.9 265.3 262.1 256.9 253.7 247.4 243.2 241.1 240.2 240.9 244 246.6 248.6 251.3 251.7 249.6 247
310.7 303.7 297.5 282.2 264.7 256.1 254.7 252.4 258.3 259 249.7 249.3 250.1 248.8 250.6 261.1 276.8 288.8 298.1 307.5 315.3 321.2 327.2 330.2 332.8 333.4 333.8 334.1 334.3 333.9 333.6 333.6 333.6 334.1 333.1 331.9 330.6 329.6 328.6 327.3 327 327 325.8 326.6 327.6 328.6 329.3 329.5 328.4 326 322.8 318.8 317.6 314 305 295.4 287.6 282.2 276.8 274.6 272.7 273.8 268.1 263.4 259.4 256 247.4 243 240.5 239.8 240.9 243.8 246.4 250.3 254.3 254.2 250.9 247.8
317.1 308.8 303.5 294.3 281.6 269.1 263.4 259.5 256.4 252.5 254.4 255.5 250.5 247.2 245.1 250 261.6 274.2 285.9 296.2 303.8 310.1 316 319.6 323.1 325 325.7 326.8 327.1 326.7 326.3 326.5 327.7 328.6 328.4 328.4 328.1 327 326 324.9 324.8 324.8 323.6 325.2 326.2 326.4 326.6 326.8 325.3 322 319 316.7 315.2 311.5 302 291.7 284.1 277.6 274.7 273.4 272.8 275.6 269.6 264.4 259.4 256.5 247 242.6 240.5 240 240.8 243.7 246.7 251.8 255.2 254.3 251.9 247.7
322.9 316.7 312.8 305.1 295.1 287 280.5 273.6 270.9 270.2 272.3 271.3 259.1 251.2 248.5 244.5 250.2 260 273.8 283.5 291.5 302.9 307.4 309.8 313.6 317.5 318.4 319.7 320 319.6 319.5 321.9 323.2 325.3 325.5 324.9 325 324.7 323.6 322.6 322.1 322.4 321.5 323.3 323.4 323.5 323.7 323.9 321.4 318.2 315.8 314 312.1 308.6 299.6 288.1 281.2 276 271.2 272.4 271.3 271.1 269.8 264.1 256.7 253.6 246.9 242.2 240.5 239.4 239.3 243.2 248.4 253 258.5 253.2 250.1 244.1
331.2 325.7 320.4 311.8 302.7 296.2 289 282.7 277.6 272.9 273.9 276.6 262.4 250.9 249.2 243.9 245.7 256 270.3 278.8 287.9 296.8 301 303.7 306 309.1 311.2 312.6 312.9 312.6 314.5 317.1 319.9 321.7 322.8 322.2 321.6 321.9 321.4 320.4 319.5 318.8 320.5 320.5 320.6 320.8 320.8 320.6 317.9 314.8 311.9 310.3 308.8 304.8 296.4 286.5 279.3 271.3 266.1 267.2 268.4 267.1 265.8 255.6 259.2 251.3 245.6 240.7 239.1 238 236.7 240.8 245.6 248.9 250.5 249.4 246.2 238.6
335.6 332 326.7 317.7 308.5 303.1 297.6 289 281.3 276.1 271.7 274.9 264.8 250.8 249.1 244.9 247.1 255.3 265.4 276.6 287.6 289 291.7 295.3 299.2 302.1 304.5 306.3 305.9 307.4 310.2 314 317.5 317.8 318.8 318.7 319.5 319.9 319.4 318.6 317.6 316.5 316.8 317.5 317.5 317.2 317 316.8 314.2 311.3 308.4 306.2 305.8 298.9 288.9 280.3 273.9 264.8 260.1 259.5 259.1 257.3 254 253.3 253.6 248.2 242.5 238 235.3 234.9 233.6 237.7 243.1 245.4 245.7 244.4 239.3 233.8
341.3 337.6 331.2 322.6 314.4 307.9 300.4 291.2 282.5 277.2 274 270.5 265.3 250.8 246.9 243.6 242.3 249.1 267 280.7 285.1 286 286.4 290.3 294 296.8 298.9 301 301.6 304.8 307.9 311.7 315.2 315.6 316 316.7 317.5 317.7 317.1 316.5 315.8 314.8 314.5 314.6 314 313.7 313.4 312.6 309.7 305.6 301.6 298.1 295 286.8 278.2 271.5 263.9 258 256.8 252.4 250.3 248.7 249.2 248.4 245.2 241.5 236.2 231 228 224.1 228.1 231.9 236.7 238.6 238.5 236.3 233.9 229.5
346.2 341.4 335.9 329.2 320.8 311.2 301 289.9 281.5 278.5 275.9 273.3 267.2 249.8 245 242.7 240.5 244 263.5 274.9 277.4 282.1 281.7 285.6 287.9 290.2 293.2 296.3 298.8 302.3 305.9 309 312.3 313.7 314.3 314.8 315.5 315.4 314.9 314.3 313.7 313 312.4 311.8 310.8 310.3 308.8 305.9 303.3 299.4 294.5 289.4 283.6 275.3 272 265.4 258.4 254.1 249 247.4 246.5 244.9 241.9 235.2 231.2 229.1 228.2 223.7 222.3 222.6 224.6 228 231.7 232.4 232.4 230.4 228.1 225.3
350.4 348.4 344.1 333.9 323.1 312.8 302.5 292.3 283.4 280 277.8 275.4 271.1 256.3 243.9 241.3 239.8 240 250.3 258.6 263.6 268.6 274.7 280.2 279.6 283.1 288.4 289.3 294.7 299.5 304.2 307.6 310.5 311.9 312.5 312.8 313.5 313.2 312.6 312 311.5 310.9 310.3 307.4 306.6 305.2 302.7 299.5 292.4 290.8 287.4 282.2 275.6 267.5 264.2 258.8 253 246.4 244.9 242.6 239.7 234.2 230.9 227 223.9 222.6 222.8 222.5 221.8 221.8 222 223.9 226.5 227.9 227.3 225.7 223 220.2
361.7 359 355.8 344.8 324.6 313.5 305.5 297.5 289.3 283.4 278.8 278.3 278.6 272.5 259.4 243.4 239.5 239.5 239.5 243.2 249.1 255 262.5 265.5 270.6 278.9 286 290.3 294.2 298.4 301 303.9 309 310.2 310.7 311 311.5 310.9 310.3 309.7 309 308.2 306.9 305.3 299.5 300 297 293.8 288.5 280.7 277.8 274.1 267.1 261.3 254.5 245.6 247.5 244.6 236.6 231.9 229.7 227 223.5 221.8 221.8 221.9 221.9 221.7 221.3 221.4 221.6 221.7 220.6 220.7 221.2 220.5 218.8 218.5
369.7 365.8 364.9 356.5 335.5 322.4 312.4 304.7 296.5 288.3 282.8 279.8 279.3 278.5 272.3 263.7 248 239 239.2 238.4 238.3 240.5 247.4 251.3 265.9 276.5 288.1 292 292.3 295.3 298.4 300.9 305.5 308 308.6 309.1 309 308.4 307.7 307 306.3 304.7 303.3 300.9 298.5 292.6 292 289.5 282 272 255.2 259 256.4 247.2 245 243.3 234.9 233.2 228.1 224.3 220.6 220.6 220.8 220.2 220.6 220.5 220.7 220.9 220.9 221.1 221.1 220.8 219.7 219.7 219.6 219.5 218.9 219
374.3 369.4 368.4 363.7 346.1 334 323.3 312.2 303.3 292.6 283.8 277.8 276.9 277.3 276.3 271.7 267.1 253.6 240.7 238.3 238.6 238.1 237.7 245.2 260.1 272.4 283.1 286 288.4 292.7 296.6 299.4 300.4 303.4 305.4 306.1 306.2 305.8 304.3 304.3 303.3 301.3 300.7 296.6 293.4 290.1 284.5 278 269.8 257.9 249.2 244.4 242.7 236.3 231 228.4 225.8 225 223.6 220.7 220.1 219.4 218.6 218.2 219.4 219.8 220.1 220.3 220.6 220.3 220 219.8 219.2 219.1 219 218.9 218.9 219.3
374.8 368.5 365.9 362.3 353 342.8 331.9 320.8 308.4 295.2 282.2 275.9 274.9 273.1 272.2 269.6 266.1 262.6 260 250.5 242.2 239.8 238.5 236.6 253 267.1 276 280.5 285.4 289.9 295.6 299.4 301.4 301.2 301.6 302.3 301.5 303.6 303 297 296.7 297.5 297.3 293.6 287.4 282.5 275.4 268.6 263.1 250.6 238.6 239.7 228.9 227.3 225.6 224.6 223.6 222 220.6 219.3 219.4 218.8 218.2 218.7 219.5 219.1 219.4 220 220.7 220.4 220.1 219.9 219.5 219.4 219.3 219 218.6 218.3
372.6 366.7 363 359.2 355.1 350.4 338.4 324.4 311.8 297.5 284.4 275.9 272.6 270.4 268.9 264.5 264 262.2 263.6 261.9 248.7 241.6 239.7 236.7 247.7 261.4 273.3 279.1 282.9 289.1 295 298.4 300.5 301.5 302.3 301 296.3 296.1 294.6 290.9 289.3 289.8 289.9 287.3 282.1 276.8 273.4 264.8 254.8 243.4 240.3 227.9 225.6 224.1 222.1 221.3 220.9 219.8 219.4 219.1 218.7 218.3 218.7 219.3 219.8 220.5 218.7 219.8 220.8 220.6 220.4 220.1 219.9 219.7 219 218.4 218.4 218.2
370.4 365.1 360 356.3 353.9 350.5 342.9 330.3 314.2 301.4 287.3 279.2 270.9 269.1 267.3 264.4 261.1 260.1 260 258.9 247.6 248 243.1 236.2 240 251.7 262.8 271.8 282.2 288 293.9 297.1 298.8 299.7 300.6 301.5 302.1 300.6 297.7 296 294.4 292.5 290.3 287 282.1 271.7 261.6 254 244.4 232.8 228.4 225.4 223.2 221.6 220.9 220.4 219.9 219.5 219.3 219 218.5 218.4 218.8 219.6 220.3 220.9 220.7 221.9 221.5 221.3 221.1 220.6 219.7 219 218.4 217.9 218.2 218.1
