data/300000-910000.asc
ncols 200
nrows 200
xllcorner 300000
yllcorner 910000
cellsize 50
[rows 37 to 73 of 200, columns 0 to 83 of 200]
19.5 23.6 27.1 27 29.6 40 53.3 69 84.5 100.3 116.1 132.3 144.5 151.4 152.4 149.9 149.1 141 123.6 105.1 89.7 79.4 67.8 56.5 46.9 35.6 44.9 49.5 57.1 63.4 69.1 75.8 81.8 88.6 100.6 113.7 125.9 134.8 148.4 162.1 170.1 179 189.2 202.1 207.1 211 221.6 228.8 234.3 238.6 241.7 245.9 255.1 257.5 260.1 265.9 273.8 277.7 278.2 280.7 293.5 308.6 325.4 339.1 350.6 359.7 366.8 371.5 372.1 366.3 361.5 359.6 358.1 353.9 359.6 365.9 369.6 373.9 378.2 382.6 386.4 389 390.2 390.5
17.5 16.8 22.6 25.9 27.4 27.3 31.8 45.8 60.3 75.2 89.3 104.7 118.7 130.2 137.5 139 139.1 140.2 135.9 115.7 94.5 79.8 66.3 57.4 47.6 38.9 33.5 44.5 50.3 55.5 59.4 65.9 73.2 78.5 85.8 97.6 110.1 121.7 132.2 148 159.4 170.1 182.1 192.2 199.2 210.2 219 229.3 235.1 239.9 242.8 243.2 247.1 253.6 257.2 260.9 267.6 271.2 266.7 275.2 291.7 309.5 323.1 335.4 345.7 355.9 365.1 371.3 372.9 367.2 362.5 358.7 354.6 353.8 351.6 359 364.3 366.8 372.3 374.3 377.2 381.8 382.4 384
17 16.7 16.7 17.5 24.9 23.6 26.3 27.4 37.8 51.9 64.9 76.6 90.5 104.3 113.8 121.3 122.3 122.3 122.9 118.4 100.6 81.6 66.2 59.2 47.8 46.3 32.9 30.7 43.2 49.1 53.1 56.6 63.2 68.8 74 82.4 94.1 107.8 118.7 134.9 146.6 157.8 166.8 175.9 189 202.7 215.3 224.8 235.5 240.4 242.7 241.6 237.1 242.5 248.7 252.9 258.8 262.8 255 268.8 286.5 307.2 321.2 334.6 345.8 354.5 361.9 365.9 368.4 367.1 366 362.4 356.1 351.6 347.5 343.5 350.1 354.7 359.4 364.2 370.5 374.7 374.8 375
18.4 17.5 17.1 17.6 15.9 17.9 22.6 20.5 24.1 31.5 44.7 55.9 64.7 76.5 88.2 98.7 102.6 105.5 105.4 103.6 99.6 86.8 72.2 59.5 47 43.8 41 29.8 35.7 42.4 46.3 49.9 53.7 58.7 64.6 71.6 80.1 92.6 106 118.2 133.7 143.9 152.2 164.6 178.9 192.8 206.5 217.8 230.7 239.4 240.7 238.5 233.4 234.2 240.2 243.3 246.1 248.1 247.2 260.6 282.8 302 318.8 331.7 341.9 352.8 359.1 362.2 362.2 361.5 356.8 350.2 342.7 334 331 327.3 328.9 342.8 353.6 361.3 366.7 367.4 366.1 362.1
23.4 21.4 20.1 16.3 16.5 15.9 17.5 16 23 24.8 29.2 37.5 45.1 53.4 62.6 73.8 84.5 88.7 89.9 88.8 85.5 84 72.8 62.2 53.9 45.7 40.5 31.6 25.6 34 39.4 42.3 46.7 51.7 56.3 62.5 68.1 77.4 91.4 104.8 117.2 127 139.5 151.3 165.4 183.2 197.9 208.2 216.9 227.2 230.7 227.3 228.2 227.4 232.6 233.6 233.6 230.9 238.7 254.8 277.1 296.9 314 326.8 337.9 345.9 350.9 353.7 354.9 348.6 340.5 336.4 332.5 330.7 325.9 323 326.9 334.3 345.8 352.3 353.2 351.2 339.7 337.3
34.3 26.9 21 19.2 19.2 16.3 16.4 17.1 16.3 19.5 24.5 30.3 34.4 40.9 46.6 51.9 61.1 65.9 72.3 75.3 73.2 70.1 70.3 63.2 54.4 47.4 41.5 37.7 36.2 28 30.6 35.5 38.9 43.2 48.3 52.3 58.5 65.6 75.9 89.4 98.2 113.4 127.1 139.4 150.6 167.1 185.3 196.7 205.5 214.5 217.2 214.9 217.4 216.5 213.9 214.2 214.9 220.4 235 251.5 272.7 292.5 308 319.2 327.4 334.6 341.5 344.7 345.6 343.4 339.9 335.2 329.7 326.3 324.9 316.6 313.6 317.8 327.5 329.2 326.1 322.9 317.4 313.3
50.5 44.2 34.8 28.3 20.1 18.2 15.7 16.9 16.6 16.3 17.5 23.2 26.3 30.4 37 41.5 43.1 46.5 53.2 58.3 59.1 56.7 58.1 56.8 49.7 44 39.1 37.6 34.1 23.4 21 25.8 31.3 35.1 38 41.5 46.5 54.4 63.4 71.9 85.8 99.3 114.3 126.5 138.3 150.8 166.1 180 191.1 194.8 198.4 198.1 199 201 201.4 202.2 207.4 217.9 233.8 250.7 271.3 288.4 303.4 314.9 323.5 330.8 336.7 341.2 344.2 345.4 343.1 339.7 336.8 330.2 323.9 314.1 298 300.5 305.6 309.6 308.4 303.1 298.3 289.6
65.5 58.3 49.6 42.3 34.1 26.1 17.8 15.7 16.6 16.3 16.3 17.5 18.2 22.9 27.7 32.1 35.1 36.4 37.1 37.4 42.9 45.5 44.2 42.8 40.5 38.5 35.8 34.4 33.3 20.8 18.4 21.5 24.4 32 32.8 34 34.6 40.1 51.8 58.8 72.6 86.9 98.9 113.8 124.7 136.6 148.7 160.2 170.4 175.5 177.6 181.7 182.2 186.4 190.3 191.1 207.9 222 236.4 253.9 269.5 284.6 299.1 311.7 322 331.1 337 341.5 345.5 347 346.1 341 331.3 326.2 319.2 307.5 295.9 293.4 295.4 296.4 297.7 290.4 286.4 277.9
79.2 72.8 64.2 56.2 48.2 39.9 30.6 23.4 15.5 15.4 16.9 15.5 17.8 16.9 17.1 24.2 26.6 29.8 33.8 34 34 34.3 35.8 35.9 36.2 34.5 33.6 33.4 32.4 18.5 17.6 20 21.8 27.6 27.8 30.9 30.2 30.8 35.6 44 59.4 73.7 87.6 101.2 114.5 124.3 135.7 145.1 154.2 164.9 165.4 168.9 171.6 168.5 178.7 194.3 215.2 228.8 243.4 255 268.2 281.5 296.7 310.1 321.9 330.2 336.1 339.7 343.5 344 342.2 335.3 323.1 310.3 302.3 296.6 287.1 282.6 285.6 283.2 280.6 275.4 267.9 261.7
97.8 89.7 80.2 70.4 62.3 53.6 45.1 37 27.6 17.4 15.2 14.6 15 17.8 17.2 16.9 17.6 20.9 25.9 29.2 29.5 30.4 31.9 33.5 33.4 32.9 30.5 32 28.5 16.8 16.6 18.3 19.5 23.1 22.5 23.4 24 24.7 27 32.2 44.7 60.9 76.1 87.5 101.8 114.2 123.4 132.5 140.4 150.3 157.2 160.3 159 167.9 179.5 193.5 215.7 229.1 242.9 252.8 263.4 276.5 289.6 302.9 316.2 325 329.5 330.4 333.1 334 329.9 321.7 309.4 295.7 289.7 283.1 273.3 266.3 268.8 267.8 263.3 257.7 248.5 241.7
118.1 108.9 97.1 86 77.4 67 59 51.8 42.3 32.9 24 14.4 14.4 15.2 17.6 17 16.5 16.1 15.4 18.4 21.8 23.7 25.4 28.7 28.3 29.1 24.6 25.1 16.5 15.9 15.7 16.2 16.1 16.5 16.1 15.9 17.7 18.7 19.7 23.4 30.9 46 63 76 88.6 101.3 108.6 116.1 126.8 132.6 140.3 151.7 159.4 167.9 178.1 203.5 217.4 230.8 238 247.9 263.6 272.4 276.5 284.6 303 313.3 318 317.7 313.4 311.6 306.5 294.3 287.6 279 272.5 265.6 255.3 245 245.1 241.2 241.2 236.5 227.2 227.5
137.6 129.9 119.2 106.6 97 83.1 74.7 67.5 58.7 49.4 40 28.5 18.7 13.8 14 17.5 17.2 16.7 16 15.8 16.1 17.9 19.9 19.9 18.3 18.7 18 17.2 15.5 14.8 14.2 14.4 14.6 14.2 13.8 13.1 13.6 13.2 12.7 13 16.5 31.9 49.7 64.3 75.2 77.8 89.4 91.9 95.1 108.8 130.6 144.2 162.8 173.5 179.2 199.1 210.9 225.5 235.5 241.4 253 270 263.1 269.8 272.9 286.4 292.9 292.3 289 287.1 282 277.9 269.1 266 255.4 247.9 234.4 221.2 215.1 218.4 217.2 215.2 213 213
160.1 153.1 142.2 130.6 118.3 104.4 93 83.7 75.3 66.2 58 48.3 38.6 28.6 19 13.2 13.2 15.7 16.9 16.3 16.2 16.2 16.4 16.9 16.4 15.3 14.1 12.2 12.2 12.2 12.2 12 12.1 12.7 12.7 11.7 11.6 11.6 11.8 12.2 13 18.7 35.6 44.3 56.4 68.8 78.7 92.3 109.7 127.2 145.4 162.1 173.1 180.1 186.3 192.2 199.3 206.6 220 230.4 240.6 248.9 249.5 246.7 250.7 255.5 265 265.6 261.7 258.2 263.3 257.3 249.1 236.4 225.5 219.4 207.8 195.5 194.1 198.3 201 201.5 203 205.3
185.6 180.6 169.8 157.3 142.9 130.9 117.9 103.6 93.2 84.8 76.8 67.6 58 49 40.6 32.6 25.1 17.9 13.2 12.7 12.7 12.7 12.7 12.2 12.2 12.2 13.3 19 19.6 20.2 21.5 21 17.9 12.8 12.5 12.5 11.9 11.7 11 11.3 10.4 15.7 23 42.7 63.8 84.9 104.2 120.9 134.1 148.2 161.9 170.8 175.4 183.1 192.8 195.2 192.5 198.3 206.6 220 231 238.1 237.5 228.4 227.4 230.5 231.1 236.4 233 233.9 232 225 216.5 204.1 197.7 200.6 190 181.7 178.8 182.2 185.7 187.7 192.8 196.8
206.6 204 197.7 184.5 171.1 159.1 144.8 130.7 116.6 103.9 95.5 86.9 77.7 69.1 60.7 54.1 45.4 39.1 34.4 30.3 26.2 25.5 24.5 25 23.1 25.2 25.8 29.5 33.5 39.6 43.5 39.9 34.2 25.7 19.1 12.3 12.6 11.8 11.6 11.2 11.1 10.4 18 31.8 51.2 75.8 99.6 124.7 147.3 161.3 167.3 173.8 178 185.5 195.1 200 196.3 190.9 191.3 196.9 209.8 225.3 222.3 213.6 212.3 213 215.3 212.8 211.3 207.3 203.6 198.7 191.1 182.9 179.9 176.9 173.7 171.7 172.2 174.2 180.3 184.6 190.1 193.8
223.4 222.9 219.8 210 198.5 187.3 174.1 159.2 145.6 130 117.3 108.4 98.3 89.2 80.6 74.5 68.4 62.9 58.1 52.5 47.3 43 39.9 37.5 37.6 37.3 31.4 42.1 52.6 60.1 60.4 54.7 42.1 33.3 28.5 21.2 11.5 11.4 11.1 10.7 10.5 9.9 9.9 19 38.8 64.9 90.9 115.2 140.3 159 168.5 173.8 176 181.9 195.1 200.1 198.4 194.5 187.6 185.6 183.3 189.8 193.4 187 184.3 187.5 195.8 200.4 202.2 201.2 194 191.7 182.1 170.1 164.4 161.8 160.6 159.6 163 171.8 176.6 176.3 182.2 185.9
235.5 240.3 237.8 232.7 224.7 214.3 202.9 187.6 172.9 157.5 143.1 131.9 120.3 110.4 100.9 92.6 87.5 80.8 75.4 71.1 65.6 60.5 56.7 53.7 52.6 48.4 42.5 56.5 67.9 73.9 77.6 69.9 50.9 38.2 32.5 28.5 21.4 13.8 10.7 10.5 10.8 9.9 9.9 10.2 29.4 54.6 81.1 105.9 130 150.7 165.3 172.4 173.9 179.9 188.5 194.4 196.2 194.4 188.2 188.5 188.8 183.8 175.9 174.8 172.7 175.3 179.6 181.3 183.6 181.7 175.5 168.5 163 157 154.2 154.2 154.5 153.3 157.6 165.2 168.8 170.3 174.6 176.7
248 253.5 252.8 248.1 242.4 235 223 210.6 194.5 179 166.1 156.7 145.9 134.2 121.2 112.7 104.9 97.6 92.2 87.3 81.5 77.3 71.6 66.5 63.1 60.5 51.6 66.1 77.5 90.1 93.5 81.1 59.7 45.2 34.6 30.4 23.7 20.7 19.5 10.9 10.5 9.9 9.2 9.8 22.2 46.1 70.5 97.4 122.7 146 159.3 164.9 167.1 178.3 184.9 191.7 199.7 201.7 195.3 185.3 183.1 184.8 175.1 169.5 171.1 169.5 167.6 167.2 167.6 163.7 159.6 154 149.7 146.5 144.6 148.4 151.8 148.3 150.2 154.3 157.7 159.3 160.8 161.7
258.3 267.1 268.3 264.5 256.2 246.6 235.4 223.7 206.3 195.2 184.4 173.7 165 156.3 145 132.4 123.5 115.7 108.4 102.9 96 89.7 83.2 78.3 75.7 72.4 59.7 76.1 85.4 97.1 98 86.9 69.5 54 38.1 30.6 27.6 21.2 20.5 20.4 9.8 9.2 9.2 9.5 19.1 40.5 62.8 90.7 113.6 137 153.5 158.8 161.6 171.8 181.8 187.3 192.9 196.4 194.2 190.2 179.6 176.5 173.3 166 171 170.6 170.6 163.6 154.6 152.1 146.9 142.8 139.3 136 134.4 136.8 140.9 140.6 139.1 143.5 146.9 148.4 148.1 148.4
269.5 276.3 279.6 278.2 271 257.4 243.2 231.9 219 206.5 194 186.1 177.2 168.8 160.4 149.9 138.4 131.2 121.1 114.6 106.9 101.8 94.2 91 87.8 80.8 65.7 85.2 93.9 102.5 100.4 91.7 79 62.4 43.4 33.1 29.3 21.6 20.5 20.1 9.9 10.4 8.9 8.8 17.8 36.9 60 84.8 108.3 128.4 141.5 151.1 155.6 161.4 170.3 176.9 181.5 183.1 183.9 183.6 181.8 179.4 174.5 168.3 163 167.1 170.7 168.5 160.9 150.1 141.6 136.2 130.2 128.3 124.3 123.3 124.6 126 125.8 128.2 131.9 135 135.7 134.4
279.9 284.2 288.6 287.4 282.1 272.1 258.6 245.2 231.6 214.9 202.1 191.2 184.2 176.1 168.9 162.5 152.7 142 130 122.9 116.2 109 101.5 98.2 93.7 86.4 75.7 93.5 104.3 113.3 110.3 95.5 82.7 68 52.3 36.6 30.2 24.2 20.6 15.4 10.6 10.3 8.6 9 17.4 35.4 58.4 82 104.2 121.5 135.3 144.7 151.3 155.1 160.3 166.5 181.9 187.4 187.1 187.9 188.1 185.3 181.8 179.6 167.7 162.1 162.5 164.1 160.5 151.5 143.9 136.7 131 123.6 118.4 116.4 114.6 112.2 111.4 113.4 114.6 116.8 118.4 120.2
285 289.2 294.1 293.2 288.6 279.8 268.9 257.6 246.8 232.2 218.5 205.9 198.5 189.7 178.8 169.6 160.1 150.2 137.7 130 120.6 113.3 108.6 103.6 98.8 81.5 98.2 105.7 115.6 127.4 126.4 109.2 85.8 70.2 55 39.7 29.7 24.5 18.2 10.5 10.7 10.7 10 7.5 14.7 36.8 59.8 81.5 102.2 118.1 130.5 140.2 146.2 150.4 155.6 165 183.2 190 193.3 191.6 192.2 190.7 184.8 178.7 173 162 150.6 154.3 150.1 146.7 140.9 134.5 128.7 122.4 116 110.8 109 105.9 103.9 105.9 108 108.5 110.3 111.3
289.6 293.5 297.5 297.5 293.1 284.7 274.4 262.8 253.9 243.2 232.4 219.1 208.8 199.3 190.9 177.8 167.2 154.3 143.7 134.9 125.5 118.6 112.7 107.4 102.5 92.7 105.2 116.7 131.6 140.7 137 123 91.8 71.7 57.1 41.9 29.1 23.9 15.2 9.9 10.2 10.5 10.2 8.9 11.1 39.4 61.1 81.2 100.5 116.4 127.6 136.4 142.9 147.5 155.1 164.6 176.2 185.2 190.5 192.8 191.6 192.2 189.2 178.6 170.5 162 154 140.4 146.9 142.3 137.1 132.7 128.4 122.1 115.8 109.3 102.7 101.9 100 100.3 101.3 104 104.7 107.3
295.1 297.4 299.9 299.7 296.8 289.2 280.5 270 259.1 250.6 238.4 227.3 213.8 201.6 190.8 179.9 169.9 155.6 145.7 136.5 129.3 121.4 116.4 111.1 97.7 103.9 111.8 126.7 142.2 144.7 134.1 117.7 97.6 72.4 54.9 38.4 28.7 24.4 11.3 9.5 9.8 10.2 10 8.6 13.5 37.8 62.1 80.6 99.5 113.7 125 133.8 140.7 146.3 153.7 164.2 172 179.8 186.6 189.7 189.3 184.2 183.2 176.6 167.6 159.8 152.8 143.7 135.8 135.3 135.7 132.5 129 121.9 115.6 109.2 102.7 95.2 95.8 96.7 96.7 99.6 101.8 103.1
298.2 299.7 302.1 300.6 297.3 290.9 281.7 270.7 262.9 254 243.9 230.9 218 204.4 191.7 179.4 168.7 157.6 147.3 137.5 130.8 124.1 119 112.9 103 113.3 122.2 138.4 151.6 154.3 135.7 117.6 97.9 73.4 50 33.2 27.4 19.8 9.3 9.2 9.6 9.9 9.8 7.9 17.6 40.3 61.5 82.3 100.3 115.5 126.7 134.7 141.1 147.2 158.9 169 173.7 176.7 183.7 187.7 186.5 182.8 176.2 173.9 166.3 157.8 150.2 144.2 131.6 118.8 124.9 129.3 125.7 121 116.2 108.6 102.4 96.7 90.4 92.3 93.6 95.3 96.2 97.1
302.2 303.3 304.3 303 298 289.8 280.3 270.3 261.5 250.7 241.1 225.8 213.9 201.6 186.7 175.1 165 155.6 146.5 137.2 130.7 126.3 121.5 113 118.6 122.6 132.5 151.1 163.4 165 147.5 120.9 96.7 72.7 46.2 30.2 27.1 19.7 8.7 9 9.4 9.7 9.5 6.7 17 44.4 66.3 87.8 106.1 121.2 132.6 137.2 144.1 154 164.6 175.7 179.6 178.8 183.4 187.5 191.6 191.1 185.9 177.9 166.9 156.3 146.3 138.6 130.2 123.7 109.4 116.7 120.3 116.5 112.7 107.3 101.1 95.8 92.1 80.5 91 87.5 89 90.9
306.8 307.3 307.2 305.5 301.1 290.9 279.6 272 262.9 249.7 238.1 220.6 205.4 192.1 181.5 171.3 161.4 152.5 144 136.9 131.3 126.7 123.3 125.3 127.5 133.5 148 167 175.3 173 157.1 122.7 97.2 73.9 54.1 29.9 23.7 10.3 8.5 8.4 8.6 8.9 9.1 6.7 16.8 43 66.2 90.4 108.1 121.8 132.6 137.7 146.4 160.6 174.3 182.6 186.3 187.9 189.9 190 190.9 192.4 189.5 177.2 162.8 150.9 145.7 139 131.4 122.5 114.5 99.2 110.4 110.4 107.9 103.1 98.6 94.4 90.3 85.9 84.4 82.3 83.9 86.2
312.6 312.4 312.2 309.6 305.5 296.8 285.4 270.8 258.8 243.3 228.9 213.2 199.1 187.8 177.9 169.1 160.1 150.2 143.7 137.1 131.5 129 131.4 134.8 137.5 146.3 162.3 180.7 184.8 175.1 156.4 128.9 97.9 75.1 53.4 31.9 16.3 8.6 8.3 8.2 8.1 8.1 8.3 6.3 16.5 40.1 64.2 88.5 105.2 120.2 130.4 137.8 150.3 167.1 182.4 193.1 193.1 196.5 197.1 197.5 195 189.5 181 171.9 158.4 145.7 137.6 133.1 127.9 121.1 113.3 105.5 93.4 98.5 100.2 98.1 94.6 90.7 86.8 83.1 75.7 80 77.8 79.1
317.9 317.7 317.7 314.5 309.8 301.5 290.4 278 262.8 247.4 226 211.5 197.2 184.9 175.8 167.6 158.5 150.1 143.2 137.9 131.6 135.4 139 143.2 148.8 160.5 176.1 191.7 195 183.6 168.5 136.5 102.1 76 53.7 32.9 13.4 8.2 8.1 8 7.9 7.8 7.7 6.3 16.4 35.2 60.1 84.5 101 115.5 125.5 134.9 153 170.8 186.3 194.8 195.3 199.1 199.9 197.4 195 190.2 181.2 170.9 156.2 140.9 136.2 134.4 132.6 126.7 115 105.6 99.1 95.2 93 90.9 89.5 87.5 84 80.8 74.2 72.2 71.5 73.3
321.6 320.3 320.1 316.2 312.1 305.5 295.3 282.4 270.3 257.4 229.7 209.9 195.5 183.1 172.7 164.5 157.8 151.4 145.2 137.1 139.5 141.3 145.6 153.2 161.9 172.1 188.9 202.9 206.2 195.3 180.4 142.9 104.8 78.5 53.9 32.9 11.2 7.9 7.9 7.9 7.8 7.6 7.5 7.4 16.7 30.9 54.8 79 95.9 110.3 121.5 136.3 155.7 170.2 185.6 192.7 195.8 199.1 200.3 198.4 193.7 186.5 176.9 167 152.6 139.4 134.8 134.7 134.3 127.7 118.4 106.8 99 92.7 87.3 79.7 83.1 81.4 76.7 77.8 75.4 71.3 63 66.7
322.7 319.3 318.1 314.3 311.1 308 299.8 288 276 264.3 236.7 212.1 196.2 183.6 173.5 165.9 159.9 154.1 147.5 145.4 145.7 147.7 153.2 161.6 170.6 182.1 199.6 213.4 219.1 206.5 185 146.9 108.8 79.1 53.6 30.5 8.8 7.6 7.6 7.6 7.6 7.6 5.4 15.4 16.8 27.1 48.7 72.3 91.6 106 119.8 138.2 154.5 168.2 185.4 187.8 191.8 195.9 199.2 198.6 192.1 182.7 170.4 159.3 145.7 137.3 135.2 135.5 133.4 126.4 116.9 105.9 96.4 90.4 85.7 82.1 72.4 76.1 70.9 72.5 70.5 68.6 66.7 58.8
319.3 313.9 308.2 308.3 309.9 306.9 299.2 287.9 274.8 263.9 241.8 217.8 199.2 185.1 175.1 168.3 162.2 156.8 153.3 151.6 151.8 154.6 160.7 169.6 179.8 192.5 209.5 225.8 229.5 219.6 188.2 146.5 112.6 79.6 54.8 29.8 7.7 7.4 7.5 7.5 7.5 7.4 5.4 15.7 17.2 24.8 43.1 67.8 88.6 102.7 118.3 136.4 153 165.1 180.3 185.1 186.9 192.8 197.1 199.6 190.7 179.9 167.3 155.4 144.5 138.7 136.3 135.5 132.6 124.6 113.7 105 97.6 88.9 83.4 79.5 75 66.9 66.8 67.4 65.5 63.7 63.3 62
314.8 308 302.4 297.7 296.9 294.2 291.2 284.4 270.3 260.6 240.9 222.2 202.4 187.3 178.6 171.1 164.9 161.6 159.8 158.4 158 161.9 168.5 177.5 188.3 204.7 221.5 235.8 239.2 226.8 188.9 147.2 110.7 81.1 55.7 30.6 7.4 7.2 7.3 7.5 7.6 7.2 5.9 15.6 16.7 24.7 34 61.2 83.8 98.5 115.7 134.7 152.8 164.5 177.4 180.2 182.7 187.9 191.1 197.5 189.6 179 170.9 157 144.4 141.7 140.2 139.4 135.3 127.1 117.1 107.7 98.5 91.5 84.4 76.9 70.9 60.2 63.1 62.4 60.2 58.8 58.1 58.2
310 304.1 296.7 294.4 291.9 286.4 279.3 270.1 261.5 252.2 240.3 227.8 208.6 192.7 181.7 174 169.9 167.6 166 165.2 164.7 169 177 187.2 198.5 216.9 232.5 244.4 239.9 221.4 188.3 147 114.6 85.4 58.5 32.8 7.2 7.1 7.2 7.2 7.1 5.4 6.5 15.9 17.1 21.8 28.3 54.4 76.5 93.8 115 137.8 154.2 163.6 175.7 177.9 179.4 185 187.8 188 186.1 180.1 175.6 165.6 149.3 146.6 145 144 140.4 134 123.4 113.6 103.8 95.7 88.4 81 73.1 66.6 59.3 56.5 55.4 53.6 53 53.9
306.2 298.9 290 286 286.4 281.2 275.7 267.1 253.7 244.3 236.4 226.6 214.3 198.1 186.2 178.6 176 173.8 172.9 172.7 174.1 179.4 186.5 196.6 208.2 225.4 238.4 246.2 241.5 228.3 194 151.9 119.1 90.1 62.8 36.7 16.1 6.8 6.7 6.7 6.7 4.9 7.7 16.3 16.9 21.8 27.1 47 69.5 89.4 112.5 137 154.8 163.4 171.5 177.7 177 182.1 184.3 184.3 179.1 174.7 170.4 164.5 155.1 153.9 150.2 147.8 144.4 139.4 131.8 122.7 112.8 101.5 93.2 84.6 76.5 67.8 55.7 44.2 44.4 48.9 48.5 49.6
299.9 293.6 287.4 285.1 281.1 275.8 270.1 262.2 251.1 241.6 233.2 225.9 217.2 203.7 194.3 187.7 184.2 181.8 179.9 181.5 185.4 189.7 196.6 205.3 216.9 232.5 244.8 248.2 248.5 239.8 203.3 154 122.8 95.8 68.4 41.5 25.6 6.3 6.3 6.2 6.2 4.9 13 15.1 16.2 22.2 27 39.5 60.1 78.7 106.2 130.5 147.2 160.9 168.4 177.2 173.6 176.5 182.9 181.2 177.4 175.3 171.7 164.2 157.1 152.2 149.8 148.2 145.4 143.2 138.6 131.6 121.7 109.4 98.1 88.8 77.8 68.1 53.4 52.2 41 39.4 44 44.9
295.1 288.8 284.4 283.3 280.3 274.6 269.1 259.7 252.5 242.5 233.6 226 219.3 212.1 204.5 196.4 193.6 191.7 192.7 192.8 193.9 197.2 204.3 212.2 224.4 238.6 252.3 255.7 247.3 238.2 200.9 161.5 129.5 102.8 76.4 49.9 29.2 8 5.8 5.7 5 4.9 14.9 15.4 16 22.5 26.4 32.3 50.3 69.3 94 124.5 136.8 149.4 159 168.4 170 173.8 179.6 181.5 180.7 176.7 177.1 171.3 163.3 157.8 152.8 148.1 146.2 144.3 141.2 136.6 126.6 114.7 102 89.4 77.9 66.8 51.4 51.1 45.7 33.3 39.2 39.8
