data/300000-800000.asc
ncols 200
nrows 200
xllcorner 300000
yllcorner 800000
cellsize 50
[rows 0 to 33 of 200, columns 0 to 76 of 200]
436.9 442.9 445.6 453.9 450.7 466.4 484.5 501.8 517 531.9 539.9 549.1 559.9 570.1 576.4 581.2 587.1 588.1 587 583.6 577.5 566.3 544.7 544.2 549.7 579.4 580 585.2 615.8 627.4 631.4 633.6 635.4 636.8 630.3 618.6 597 568.7 544.5 521 496 479.5 465.5 456.8 452.4 452 448.8 451.9 461 462.8 463.8 468.8 474.8 481.8 487.8 493.4 500.2 508.4 517.7 527.2 539.1 549.1 557.9 568.1 574.9 579.4 584.1 587.1 587.3 587.6 586.1 584.1 582.8 582.3 579.2 575.3 572.1
446.9 449.5 453.5 460.7 456.7 453.8 466.3 483 495.6 509.3 517.2 528.7 541.1 555.1 568.9 574.9 581.1 584.4 588.1 588.7 583 577.6 570 565.9 572.8 584.5 588.5 599.8 617.3 633.1 641.5 644.6 646.4 646.8 644.5 631.6 611.5 582.6 556.8 535.6 511.1 487 471.2 463.1 456.3 453.3 452.5 451.4 456.8 466.8 464.1 467.2 469.5 475 481 487.7 494.5 503.1 512.3 524.3 536.6 549.9 562.2 572.6 582.9 589.2 593.9 597.3 598.5 599.6 597.6 596.4 595 593.3 590.4 588.8 588.5
449.9 458.2 458.3 468.4 471.8 457.8 458.1 471.2 479.6 486.9 498.8 510.8 524.4 539.7 555.1 566.1 575.3 582.9 588.9 589.9 586.3 583.5 578.2 577.7 582.6 580.6 595.8 604.1 616.8 634.6 644.9 650.3 652.4 652.1 649.8 639.2 620.7 593.7 567.5 549.1 526.1 501.9 479.7 470.3 460.9 456.1 454.7 452.9 455.7 461.9 467 466.3 468.9 471.7 475.3 482 489.7 497.5 509.1 521.7 533.8 549 563.9 576 587 595.8 603.3 609.4 610.6 610.2 608.8 608.7 607 605.4 604.7 604 603.7
449.9 456.7 460.5 462.9 465.6 469.7 474.3 465.1 472.2 479 486.3 493.7 509.7 524.1 539.7 553.3 563.7 573.2 581.5 587.5 585.7 583.8 581.7 579.8 582.9 581.2 596.3 602.7 612.4 627.5 643.5 651.5 656.1 656 653.9 641.3 620.6 602.2 575.7 561.9 541.3 517.5 496.2 483.2 470.7 459.6 457.6 455 455 459.5 466.4 467.9 469 471 472.9 477.6 482.5 492.2 504.1 516.7 531.6 548.7 564.4 578.1 590.1 600.7 609.6 618 620.8 623 622.7 624.7 622.5 621.3 622.7 620.3 620.6
444.8 451.9 456.7 461.6 466.6 467.4 468.7 472.9 477.9 479.7 487 492.1 498.7 510.5 522.9 534.8 547.9 558.6 567 572.1 574.8 576.4 575.9 579 579.1 579.5 591.9 600.5 609 621 638.2 651.2 658.7 659 653 637.6 618.1 601.5 587.2 567.3 549.7 527.7 506 493.7 482.4 471.2 458.7 456.1 456.1 458.2 461.9 466.5 469.2 470.3 471.5 475.4 480.5 487.3 500.3 512.9 529.1 549.7 565 579.9 594 604.5 612.9 623.4 629.4 636.8 637.2 637.9 634.6 636.3 638.8 639.1 638.1
438.8 445.9 451.3 456.1 460.6 462.3 465.6 474.3 477.9 479.1 486.8 492.3 497.1 503 509.4 519.7 531 541.2 547.9 554.1 559.2 563.2 568 574.5 578.1 570.5 584.1 596.6 606 618.9 634 652.2 661.9 660.4 650.6 634.7 616.5 609.7 600.1 586.5 559.5 536.1 515.2 501.9 490.5 478.2 460.1 457.6 457.1 458.4 461.4 464.1 468.2 470.8 472.6 474.5 478.7 483.2 496.4 507.8 525.3 546.4 564.5 579.2 592.4 604.3 613.9 625.5 636.8 643.6 647.8 649.1 648 649.6 650.3 652.8 654.4
436.1 437.7 441.5 446.4 451 455.1 463 471.4 477.5 478.7 483.5 491.5 496 500.5 504.4 506.7 515.7 522.9 529.3 536.5 543.7 549.1 555.1 564.3 569.3 569.2 577.8 589.2 603.7 618.1 635 652.6 663.8 666 657.3 637.6 627.7 612.6 598.9 582.2 564.5 541.7 524.7 510.4 499.9 483.7 464.8 459.6 458 458.7 461.2 463.6 467.1 471.3 472.9 474.5 476.9 481.7 490.1 499.3 518.8 539.6 557.9 572.1 583.3 599.9 613.3 623.5 634.8 647.7 655.4 659.2 660.7 662.7 664.9 666.9 670.3
431.3 432.7 434.9 437.1 441.9 449.3 458.5 466.5 474.8 477.4 479.9 489.1 494.8 497.8 500.8 503.6 506.2 509.7 512.3 521.1 528.6 536.2 542.5 551.4 563.3 572 571.7 584.5 601.3 620.5 641.5 654.9 667.7 671.2 664.7 654.3 638.3 623.4 608.1 592.3 573.2 551.5 534.8 519.5 507.9 492.8 474.4 463.5 460 459.7 462.3 464.5 468.2 471.9 473.4 474.9 477.2 480.6 486.4 493.6 509.1 526.6 542.9 555.2 568.5 587.5 606.3 620 631.3 644.8 660.9 666.9 671.2 672.7 677 681 683.6
430.6 431.8 432 434.5 437.9 443.2 454.1 462.8 471.7 476.3 480.6 489.1 493.5 496.3 499.4 501.9 504.4 505.9 508.3 509.4 519.9 529.3 533.2 544.2 559 572.1 572.9 584.2 600.8 622.1 643.9 660.1 674.8 679.7 675.6 667 649.9 631 617.1 601.7 583.7 566.6 548.5 532.7 519.4 505.1 485.4 470.3 463.4 462.6 462 464.8 468.6 472.2 473.8 475.3 477.2 480.3 485.2 490.6 500.4 513 523.3 537.6 553.9 572.5 593.8 614.3 625.4 644 661.4 669.8 676.7 682.2 687.1 691.2 695
435.4 435 434.2 434.7 439.2 446.8 454.5 462.6 471.2 476.4 483.8 490.1 493.4 495.5 498.1 500.2 502.2 503.3 506.7 509.4 516 524.3 526.9 545.6 558.9 572.5 574.1 585.1 598.6 624.3 648.7 666.7 681.9 688.5 689.7 682.5 665.7 646.8 628.8 612.4 597.6 578.8 559.9 544.5 530.3 514.2 495.8 481.1 470 466.5 464.8 464.7 468.6 471.6 474 475.5 477.4 480.4 484.8 489.2 497.2 507.5 516.8 528.6 544.1 562.1 583.3 607.5 618.5 639.6 659.4 669.9 679.7 687.4 694.3 700.2 704.7
435.7 435.6 435.5 435.4 440.1 448.5 455.7 465.1 471.3 476.1 481 487.2 491.1 494.4 495.3 497 498.5 503.4 506.3 511.8 517.1 522.6 531.9 549.2 562.5 573.6 576.6 588.6 604 631.4 655.4 671.6 686 696.2 705.4 700 685.1 665.5 646.8 628 610.4 591.9 574.5 557.8 542.5 528.2 510.6 493.7 477.6 469 467.7 465.5 468.4 470.9 473.5 475.7 477.6 480.3 483.6 488.2 496.2 508.5 520.6 532.9 546.5 558.3 576.7 595.9 613 633.9 655.6 668.4 680.2 690.2 700.5 706.4 712.5
437.8 436.4 436.8 438.3 441.2 447.7 456 464.5 470.9 475.5 480.6 484.7 489.6 491.3 493.3 497 503.5 510.1 506.1 518.1 523.5 528.1 538.8 549.8 568.2 574.4 581.7 596 616.2 638.4 660 674.8 690.1 702.9 710.9 713.6 705.3 686.6 665.2 646.3 626.6 606.8 589 571.9 555.4 541.9 522.8 504.8 482.7 473.2 470.4 468.5 468 470.6 472.9 475.4 477.7 479.2 481.3 483.6 494.9 509.6 521.8 537 553.8 570.2 585 594.5 606.1 626.6 650.5 665.4 678.4 691.3 702.3 711.1 718.6
437.2 437.9 439 440.1 442.1 447 453.6 463.3 471.2 475.7 482.6 483.2 487.3 493.8 499.5 508.5 517.2 521.1 517 521.4 529.8 537.1 547.2 561.4 574 578.2 590 605.9 624.1 643.5 662.9 678.8 694.2 707 716.1 723.4 720.4 712.6 694.4 668.1 643.5 622.3 601.7 582.6 567.9 553.4 537.8 515 492.4 481 476.4 470.4 467.7 470.6 473 475.4 478.7 480.2 480.4 481 493 508 523.4 539.5 558.3 576.6 594.2 605.3 615.7 626.4 637.5 661.9 677.6 691.3 703.6 713.3 724.4
438.1 438.5 438.9 439.6 442.6 447.5 453 463.3 467.3 472.9 478.2 484.5 489.7 495.2 506.6 516.8 524.6 529.4 531.2 530.5 541.3 545.3 556.9 574.9 575.3 586.2 598 615.8 633.6 651 667.6 682.3 696.8 710 721.5 729.4 727.6 720.9 714.4 701.3 675.2 643.8 617.5 595.3 580.6 566.5 551.6 529 507.8 489.8 479.5 473.7 469.2 470.6 473.2 476.6 480.1 481.2 481.2 480.8 490.7 507.2 524.4 541.5 560.6 582.7 602.5 615 630 642.2 655.1 661 678.2 691.2 705.1 716.1 726.6
437.9 438.9 439.6 441.9 445.7 449.9 461.1 471.2 472.6 476.3 484.1 489.8 492.6 498.1 514.1 526 533 536.7 540.1 546.8 554.8 557.7 561.9 574.9 579.1 596.6 605.9 624.9 640.2 656.1 672.3 686.5 700.3 713.6 725.7 732.2 730.3 725.1 717.9 709.2 697.9 679.4 646 618.7 598 580.6 563.3 543.7 525.2 505.4 487.7 476.1 471.7 472.3 474.1 476.7 479.4 481.8 483.2 484.5 492.2 507.5 524.7 542.9 566 588.5 608.1 628.4 643.6 659.2 672 679.7 687.3 692.7 707.8 719.3 728.9
436.8 437.6 439.5 443 447.3 453.3 459.6 467.5 473.4 484.1 492.7 497.7 502.2 512.3 521.6 535.6 542.3 546.9 555 563.4 571.1 574.2 572.3 576.4 583.6 600.6 613.7 631.7 647.3 661.5 676.9 690.5 704.1 717.1 729.1 733.7 732.5 725.9 718 710.1 697.3 685.2 665 638 618.8 596.5 577.3 558.8 540.2 519.3 499 481.6 473.1 474.2 475.7 476.7 478.9 481.8 485.1 487.8 494.9 509.6 527.5 548.7 571.8 593.9 615.8 639.3 654.7 671.6 683 688.9 696.3 702.9 714 723.6 730.8
426.6 432.2 440.2 443 445.9 453.1 460.9 470.2 477.8 488.2 497.8 503.5 508.5 523.3 533.8 546.7 553.6 560 567.1 573.3 578 578.1 579 578.2 591.9 604.3 619 637.2 653.8 668.1 681.6 695.1 708.7 721.1 730.7 734.6 731.2 725.7 717.6 707.3 694.1 682 662 640.8 625.3 611.2 593.8 575.2 555.7 535.6 513.1 491 476.4 474.1 476.8 477.2 479 482.1 485.2 491.3 499.8 512.1 530.2 549.6 569.5 592.6 621.8 643.3 662.4 680.8 693.2 699.6 707 714.3 721.1 729.6 732.7
412.1 418.1 426.2 439.6 445.2 454.8 465.4 473.3 481.4 490.7 501.5 511.4 522.9 534.2 547.7 560.5 568.5 572.8 576.5 579.7 581 580.7 580.5 583.2 600.7 609 623.2 642.8 660.1 673.9 687.9 700.7 712.7 724.1 733.4 735.8 731.3 724.6 715.5 703.8 690.3 675.1 652.8 634 618.7 606.1 593.2 581.1 565.9 543.6 517.8 495.6 478.7 475.1 477.4 478.2 478.9 481.9 485 491.4 500.9 517.1 529 545.4 564.2 587.9 618 647.3 668 689.3 703.1 711.1 716.6 723.5 730.3 735.1 735.6
429.4 424.8 421.8 432.7 444.7 455.6 465.9 477 484.9 494.3 503.3 517.8 534 546.5 562.2 573.3 577.3 579.7 581.4 583.7 589.4 594.3 592.2 587.2 605.7 613.4 628 649 665.1 679.3 693.7 705.7 716.8 727.9 735.8 736.8 730.9 722.4 711.5 699.2 683.3 663.5 641.8 624.9 611 599.2 588 577 562.5 543 517.3 492.1 480.5 476.9 477.3 478.7 479.4 481.5 484.3 489.2 507.2 527 540.8 549.5 564.9 585.7 616.3 646.6 674 695.3 710.8 718.6 726 732.4 734 735.1 737
449.6 445.7 425 431.6 447.1 458.7 469.3 481 489.9 497.9 507.7 524 542.2 560.4 573.2 579.7 587.9 591.9 594.7 599.5 603.2 606.5 608.4 590.7 607.7 616.9 634.9 654.3 669.7 684.5 698.8 711 722.1 732.4 739 736.1 729.8 719.6 707.7 693.4 673.7 648.9 631.2 615.3 602.7 592.1 581 567.4 552.3 531.2 508.7 485.1 480 480.5 479.1 479.6 480.3 481.9 483.6 493.6 514.8 536.3 552.8 563.6 567.7 588.4 615.2 644.2 675.1 699.3 716.3 725.7 733.2 735.9 739.7 743.7 747.5
459.6 458.5 437.1 438.7 446.1 463.3 472.4 485.5 494.8 502 516.8 532.5 552.5 571.3 584.7 593 602.3 608.1 615.9 618.8 616.5 619.1 617.7 605.8 611.4 619.6 641.6 658.8 673.4 688.3 703.6 716.1 727.6 736.7 740.5 736 726 715.1 702.2 685.3 660.4 634.8 617.5 604.7 593.2 584.3 570.1 555.7 538.8 519.3 499.8 484 481.5 481.2 479.3 480.8 482.1 483 485.2 501.9 523.8 548.7 564.5 576.7 589.9 591.3 614.4 645.1 676.8 702.9 719.7 730.8 739.2 742.2 745.9 748.9 753
460.8 457.7 438.2 446.6 452.1 466.7 474.6 489.2 499.4 506.1 525.2 546.3 566.2 578.9 594.5 609.4 620.3 629.3 637.8 634.6 631.1 631.2 623.9 607.1 615.6 627.8 646.9 662.5 676.1 691.8 707.9 720.8 732.6 740.5 741.5 735.4 723.4 711 694.1 670.2 644.2 622.2 609.1 595.5 584 574.6 557.5 540.2 523.3 506.9 491.3 485.2 483.2 482.2 480.4 481.8 483.2 484.9 493.4 513.6 536.5 564 578.1 591 604.7 619.2 624.9 646.5 677.7 706.4 723.3 734.9 743.1 747.2 750.8 754.3 757.9
461.9 459.9 436.3 450.7 456.3 468.9 476.4 492.2 502.6 512.4 532.2 557.3 572.7 586.9 608.1 623 635.9 646.6 648.5 646.6 641.7 635.2 626.4 606.7 622.4 633 651.4 665.2 677.9 694 709.6 724.4 735.7 737.1 736.5 728.1 721.9 705.6 683.5 655 629.2 613.3 599.8 588 577.1 561.5 542.7 523.4 509.6 499.8 493.8 485.9 484 482.7 483.6 482.6 484.6 489.4 505.7 526.9 550 577.5 596.7 608.5 622.7 636.7 650.9 656.3 682.2 710.1 726.6 736.7 746.2 751.5 756 758.8 761.7
463.2 461.7 440.5 452.6 460.4 471.2 481 497.8 504.8 516.1 537.6 564.4 578.2 594.4 614.9 633.2 647.8 655.7 653.5 647.8 647.8 643.7 635.3 613.4 627.4 637.1 654.4 667.8 679 693.8 709.2 724 710.7 691.7 691.8 688.6 713.7 696.1 670 639.6 618.2 604 591.1 580.7 567.1 546.9 524.9 510.2 508.2 502.1 495.9 486.9 484.2 483.1 485.8 483.3 486.3 498.9 520.4 543.9 567 595.1 619.5 633.6 649.5 662.1 674 686.6 687.8 716.5 732.3 739.8 747.9 755.6 760.6 763.2 765.3
464.5 465.3 451.8 455.8 462.4 473.9 485.8 498.7 505.5 518.4 541.9 567.6 586 597.7 622.8 641 656.1 662.4 662.9 661.6 659.1 655 640.6 627.8 633.4 640.2 652 667.5 676.8 686.3 695.1 676.6 656 653.2 652.2 652.7 689.4 682.8 654.2 625.4 607.4 595.6 584.6 572.5 553.2 531.2 515.6 509.7 504.4 503.5 497.5 488 485.2 485.9 485 486.5 493.1 513.2 536.6 560 586 613 640.3 660.9 673.7 685.5 697.4 709 719.1 719 738.5 742.9 754.3 761 764.7 767.5 769.5
464.8 471.6 450.8 455.7 464.7 476.2 488.9 500.6 510.5 523.2 545.5 570.7 587.7 600.9 627.8 649.1 663.1 672.1 673.6 672.8 669.2 663.9 647.6 630.8 642 648.5 651.4 658.8 667.9 667.6 671.8 648.4 624.5 617.7 616.8 619.6 633.7 653.6 636.6 616.5 601.6 589.3 580.5 561.2 539.5 518.3 514 506.6 504 503.5 496.5 487.5 485.2 491.7 486.9 488.9 505.1 526.7 552.6 578.1 605.2 634.3 663.6 682.1 693.6 704.7 717.1 729.3 735.6 741.1 746.2 753.7 759.8 765.8 768.9 771.7 773.6
468.2 463.7 452.4 459.4 465.5 475.3 486.6 501.9 512.3 525.2 546.8 570.3 588.2 603.1 627.9 650.6 665 676.7 680.4 680.5 678.2 673.2 653.5 648 650.2 652.4 652.8 650.5 655.6 653.9 653.2 654 614.5 594 585.7 585.1 598.6 609.4 623.8 606.6 594.9 584.9 576.2 552.3 525.9 507.2 503.1 502.6 502.4 502 493.2 487.3 487.4 492.9 487.2 493.4 515.3 540.4 567.9 597 625.9 654.8 681.4 699.2 711.9 722.4 733.7 743 747.6 751.5 755.8 760.2 765 770 773.5 776 777.6
473.8 462.3 458.1 461.4 465.4 471.3 482.3 499.4 512.1 524.5 544.8 567.8 586.5 601.4 624.3 648.2 662.2 674.8 686.7 688.4 685.3 679.7 653.5 661.9 658.2 658.8 659.3 656.7 654.9 649.1 650.5 647.6 634.2 616 601.6 583.1 563.3 573.5 595.7 598.9 589.4 581.2 564.6 537.2 511 498.9 496.8 496.4 495.8 494 488.8 489.1 493.9 493.1 488.3 499.6 526.6 554.6 584.2 613.9 643.1 671.9 694.6 713.7 727.3 737.7 746.2 753 758.4 761.4 764.7 766.6 769.8 773.8 777.4 779.7 781.1
472.5 460.6 461.6 463.7 466 469.7 479.6 497.1 511.8 523.4 542.3 561.2 580.4 594.7 613.9 637.9 656.1 671.9 684.6 688.9 691.2 684.3 651 673.4 666 669.9 667.5 662.5 662.6 661.9 666.4 669.6 653.9 630.7 611.5 597.3 574.9 547 558.2 581.3 581.2 574.8 549.2 522.2 500.1 498.6 496.1 494.8 492.6 492.7 495.8 494.6 493.7 489.6 491.8 513 539.6 570.3 600.3 630.1 658.9 684.3 706.5 725.4 740.4 749 756.8 763.3 767.3 769.3 770.3 772.4 774.8 777.2 780.9 783.2 784.9
472.3 466.3 460.4 465.5 468.2 471.6 479.1 494 506.3 519.4 539.7 555.2 571.4 590 602.3 622.6 644.8 663.8 678.8 687.8 691.3 679.9 660.2 683.8 671.4 680.9 676.5 675.1 672.1 667.3 668.8 662.5 660.1 641.8 630.5 612 591.8 565.9 540.1 547.7 566.7 559.6 533.5 506.8 503.8 500 505.6 512.2 501.5 500.3 499 493.1 491.3 491.6 497.8 523.7 552.1 583.4 615 644.3 671.6 695.3 716 734.5 748.4 758 766.2 771.6 774.2 775.5 776.4 777.1 779.2 780.2 783.3 785.8 788
471.8 471.3 465.7 465 469.8 475.1 480.3 490.7 505.6 520.1 535 549 562.4 579.3 594.6 612.3 633.5 654.4 671 683.2 690.3 673.6 675.7 694.1 693.7 696.9 698.5 692.8 687.8 676.1 671.4 667.6 648.6 642.1 631.4 617 604.2 585.4 559.6 532.9 539.6 542.7 519.7 504.3 503.7 516.2 523.8 519.2 501.6 497.8 494.8 493.3 493.2 493.4 506.9 532.8 562.4 593.6 624.5 652.9 679.2 703.6 723.4 740.9 754.6 765.2 773.9 778.5 780.2 781.7 782.5 783.2 783.3 784.2 786.4 788.6 790.7
475 474.1 471.6 469.9 470.5 475.3 481.2 489.8 507.4 523.1 534.3 539.9 553 568.8 587.9 604.1 626.4 646 662.4 676.2 685 669.7 682.3 694.1 707.2 712.5 712.8 707.6 694.1 683.6 672.8 665.5 659.8 648.6 627.1 605.3 596.7 594.7 572 543.3 522.6 519 509 507.6 507.8 531.8 527 508 500.7 496.7 496 496.2 496.2 496.7 515.6 541 571.7 601.3 629.8 657.2 684 707.6 727.8 743.8 759.2 770 777.7 783.2 785.9 787.2 787.9 787.9 787.6 788.2 789.6 791.3 793.4
478 477.8 476.7 475.7 474.7 475.4 479.7 489 507 528.1 535.7 531.4 539.3 557.3 578.4 598.5 618.6 637.7 653.8 668.1 676.9 668.1 683.5 703.4 713.3 719.7 724.8 721.2 711.8 697.2 682.6 668.3 659.2 642.5 630.2 614 589.9 582.1 579.7 562.6 538.9 519.7 513.2 513.2 514.7 534.6 523.4 502.9 499.3 497.5 498.7 500.3 499.9 499.9 522.2 548.4 578 607.5 631.4 658.7 686.3 709.4 728.6 744 759.4 772.4 780.8 785.7 789.7 790.1 791.1 792 792.1 791.9 793.3 794.9 796.5
479.1 480.8 481.5 480.2 478.8 480.2 480.8 492.1 505 524.8 533.9 531.4 531.4 545.2 569.4 591.5 610.9 629.3 644.5 659 669.9 670.9 680.7 704.4 715.3 722.7 730.5 731.6 722.6 708.6 691.5 672.3 654.5 639.1 626.6 618.2 605.6 591.2 579.4 577.8 554.6 542.2 532.1 529 536.3 534 523.1 501.5 499.9 499.3 502 504 504.8 509 530.6 555.3 582.4 610.1 630.4 656.8 684.5 707.2 724.7 741.6 758.5 771.6 780.8 786.5 791.2 793.2 794.1 794.9 795.7 795.7 797.1 798.6 800
