data/300000-770000.asc
ncols 200
nrows 200
xllcorner 300000
yllcorner 770000
cellsize 50
[rows 70 to 104 of 200, columns 78 to 155 of 200]
693.5 703.3 712.6 726.4 745.5 763.9 779.7 794 800.5 801.7 799.5 798.2 801.6 813.3 825.9 836.7 845.2 854.2 858.2 862.3 871.7 881.8 893.7 907.8 926 941.6 956.6 970.4 984.3 995.3 988.6 959.8 940 920.3 907.9 898.1 882.5 868.7 861.7 856.3 848.7 838.6 836 836 838.5 840.8 843.2 842.3 840.4 834.1 823.7 813.4 800.2 784.5 773.2 764.8 753 741.3 727.1 703.9 674.8 656.3 630.5 607.5 582.1 559.8 537.7 520.8 508 500.9 506.3 515.9 536.9 554 574.1 588.9 602.5 612
698.4 706.5 718.9 733.6 751.3 769.5 785.8 796.7 805.2 808.3 809.7 809.3 813 827.9 839.1 850.6 859.1 868.5 872.7 873.2 882.4 894.1 900.9 915.6 935.7 950.9 967.5 983.1 996.6 1003.4 1004.2 994.6 980.7 966.2 951.4 938.2 923.7 913.5 899.4 893 883.2 869.6 861.7 860 859.9 861.3 865.8 866.6 867 860.1 847.5 835 819.4 799.5 789 775.7 762.3 748.3 738.3 718 689.3 665.7 643.7 623.9 601.6 575.4 550.9 528.7 511 500.6 497.6 501.7 518 539.2 558.4 570.2 589.1 598.8
699.9 711.7 727.3 742.9 760 775 787.4 802.1 811.9 819.6 821 823.3 832.6 843 854.7 865.7 874.9 882.3 886 889.7 895 904.3 912.2 928.9 949 966.2 981.7 995.2 1003.4 1007.3 1000.7 992.2 985.2 980.4 972.7 962.7 954.3 942.9 931.5 920.1 908.6 895.7 885.9 884 883 881.8 882.9 879.5 878.3 874.1 862.9 853.6 838.3 822.1 806.5 790.3 772.3 757.5 746.4 734.2 711.6 686.4 660.1 635.6 614.8 588.9 565.2 544.2 521.8 504.6 493.5 491.7 504.6 522.7 539.2 552.1 570.7 582.2
708.5 721 736.9 752.4 765.7 777.1 793.4 809 822.7 832.3 838.7 843.7 850.3 859.4 871.1 883.2 889.9 896.7 899.9 903.2 908.3 916.5 924.8 947.3 968.2 982.9 996.2 1004.7 1002.7 982 965.9 955.9 950.4 949.4 946.7 944.2 939.7 939.3 934.6 926.9 911.1 904 896.5 894.1 893.9 889.3 887.1 880.9 877.4 874.9 870.4 860.2 849.5 835.6 814.2 792.3 777.2 763.9 751.9 740.8 725.4 701.4 674.8 650.7 626.1 601.1 578.7 555 531.5 510.5 496 484.3 494.4 507.2 525.4 533.3 547.5 557.7
716.6 731.4 745.7 758.4 770 786 801.3 816.8 833.8 847.2 858.4 865.7 869.8 879.6 893.1 902.7 912.6 917.8 924 926 929.3 934.3 950.3 968.9 985.7 998.4 1006.3 999.1 974 947.1 931.2 921.5 920.5 915.1 912.2 908.4 910.3 910.6 897.6 887.7 887.8 880.4 876.3 878.8 873.8 867.3 872.6 869.5 864 862.1 858.7 851.4 846.6 831.4 811.3 786 776.6 766.8 758.2 751.6 735.2 716 692.4 665.9 645.2 616.5 588.4 561.9 535.1 512.8 495.3 483.9 480.3 491 507.2 511.9 525.1 535.3
727 740.7 753.3 765.7 780.2 794.7 809.2 826.5 847.4 862.3 875 886.5 898.8 912.5 924.4 935.5 943.6 948.6 953 954 955 961.5 975.7 989.7 1001 1009.6 1009.5 974.8 942.1 913.1 901.5 901.1 894.6 889.7 885.2 879.6 879.2 872.7 857.8 852.6 851.4 840.5 844.2 841 836.9 838.6 841.9 846.2 839.9 840.8 833.4 831.8 821.2 807.1 788 773.4 772.3 765.5 761 754.8 745.9 728.4 706.5 683.3 662 638.2 605.1 572.9 545 519.5 497.6 482.6 472.8 480.9 486.4 488.5 508.3 515.8
736.8 750.7 763.1 774.6 790.5 808 824.7 844.3 861.1 876.2 889.8 905.5 923.3 938.9 950.8 964.4 973.7 981.2 985.1 984.9 985.1 988.2 996 1004.9 1014.6 1021.6 987.7 948.9 916.8 893.2 880.1 879.8 879.7 877.2 872 865.5 858.1 850.3 840.1 832.1 823.8 819.5 820.3 815.1 809.2 811.5 816.1 820.9 815.1 817.9 812.2 805.5 791.2 778.1 764.1 762.5 761.4 760.2 759.4 754.6 749.7 737 715.1 695.7 676.4 654.2 631.4 590.2 555.7 531.1 502.3 482.4 471.7 471.6 472.3 478.2 490.3 499.8
745.2 760.7 773.7 785.7 806.7 828.6 846.2 862.2 876.4 891 906.8 924.4 938.1 950.9 962.3 971 984.1 992.8 998.8 1003.2 1007.3 1009.6 1014.8 1023.4 1031.1 1016.6 971 934.3 904 880 873 871.9 870.7 867.9 864.4 859 853.1 843.9 833.7 823.4 813.9 806.9 802.2 796.5 792 794.7 798 794 794.4 792 784 783.6 778.5 759.6 751.6 746.6 746.3 751.6 753 752 748.6 742.5 733.5 716.2 698.3 677.2 645.3 604.8 569.4 541 514.2 491.2 472.8 468 467.4 466.5 475.9 484.7
755.7 771.3 785 803.3 826.7 848.9 865.3 879.6 892.1 906.1 922.8 936.9 945.2 954.2 960.2 974.4 986.6 996.6 1006.3 1015.3 1021.5 1027.8 1034.5 1041.1 1045.7 1015.6 962.8 928.1 900.6 873.5 865.7 864.2 862.3 861.1 856.5 850.6 843.1 835.7 826.9 818.1 809.3 800.5 793.2 786.6 783.1 782.6 782.3 780.5 774.6 774.4 765 761.8 756.2 744.9 738.9 737.9 738.6 739.8 740.8 743.3 745.4 743.6 736.7 725.5 714.3 698.7 660.4 623.9 576.2 547.1 520.5 494.2 478.6 468.3 464.3 464.2 463.1 473.7
770 784.2 800.5 824.5 848 866.2 882.7 895.5 908.5 919.9 932.8 938.4 944.5 949 956.4 968.2 981.2 995.2 1009.4 1019 1029.7 1040.3 1047.2 1050.4 1046.3 999.9 961 927 893.9 874.5 860 857.1 857 855.1 850.2 842.5 834.5 824.8 816.2 808.5 801.3 793.8 788.6 783.6 778.9 775.8 774 768.4 763.3 760.3 753.6 748.4 744.6 736.3 728.5 729.5 732.6 731.9 732.3 735.3 740.6 742.2 737.1 727.6 716.8 705.1 669.3 624.7 583.6 553.3 526.7 502.9 480.9 470.4 463 461.8 461.2 464.2
787.7 800.7 821.1 844.5 865.6 884.1 899.5 911.7 922.7 930 932 932 935.5 940.2 948 956.7 970.6 989.2 1004.2 1016.6 1031.3 1042.9 1047.2 1048.2 1046.8 1010 958.9 922.2 901.4 882.2 859.4 852.1 852.4 850.5 843.5 834.2 824.8 815.5 805.4 798.2 791.5 786.6 783.6 778.7 772.3 768.9 763.2 759.1 754.5 751.2 745 740.7 734.3 731.6 724.4 723.2 725.2 727.4 726.4 730 734.3 734.1 732.7 724.8 717.3 706.9 669.5 626.1 590.5 562.8 535.4 510.1 486 469.1 461.7 460.2 459.2 460.6
805.4 822.5 842.1 863.8 884.4 903.8 919 923.6 921.6 918.9 920.1 921.4 922 926.6 934.4 945.6 957.8 977.7 996.4 1011.9 1026.6 1036.4 1039.7 1041.2 1041.9 1022.1 972.1 931.4 907.5 883.9 864 853.8 849.8 845 836.6 826.3 816.6 804.7 794.6 788.1 782.9 777.9 772.5 770 765.9 762.1 758.6 754.1 749.1 744.1 739.7 734.4 727.5 724.6 720.9 719.7 718.9 720.9 722.1 723.2 723.6 725.5 727 723.2 715.8 704.2 675.2 637.3 607.5 573.1 543.1 519.4 495.5 476.3 462.8 459.5 458.4 458.4
828 846.7 865.4 884.8 904.9 919.7 917.9 908.9 906.3 904.6 906.4 908.1 907.8 913 922 932.8 946.7 967.9 988 1005 1017.3 1026.3 1028.3 1030 1031.5 1032.3 997.2 954.5 922 890.9 869.8 856.3 849.9 842.2 831.8 820 809.1 800.4 791.1 783.1 778.1 771.8 765 760.1 757.8 755.1 752.8 749.6 744.9 739.8 734.7 729.9 725.1 721.6 718.7 716.1 714 715.6 716.4 716.8 717.5 718.4 721.6 719.4 712.2 698.5 683.2 652.7 617 572.9 545.1 524.3 503.8 486.2 467.1 459.4 456.5 456.6
853.3 873.1 890.5 909 918 918 903.1 897.7 897 896.5 894.5 894.5 894.2 899.4 909.5 922.9 937.9 959 979.7 995.5 1004.8 1011 1012.3 1014.3 1017 1019.8 1019.4 991.5 951.4 912.1 885.3 864.2 846.2 834.4 824.6 815.7 804.3 794.7 787.2 779.8 772.4 766.1 760.3 755.3 751.2 749 746.3 743.9 739.8 735.8 731.4 728.3 723.5 720.1 718.1 714.5 711.9 710.7 711.2 711.5 711.4 711.3 709.7 704.9 700.4 692.2 670.2 654.2 612.9 569.5 546.9 526.9 508.9 491.6 476.9 464.1 455.9 455.1
877.4 897.2 906.7 911.8 911.4 905.2 895.4 887.9 886.5 882.7 880.9 880 881.6 887.2 900.8 916.1 931.7 952.4 973.9 986.5 992.1 995.2 995.9 996.3 999.9 1005.7 1013.9 1012.1 975.5 939.7 909.9 883.7 856.9 835.8 821.3 810.6 800.7 793.5 785.9 778.2 770.3 764.7 758 752.1 747.6 743.8 741.5 738.7 734.8 731.3 728.6 725.2 721.9 718.9 716 712.9 710.1 706.9 706.2 703.6 702.3 700.3 699.1 690.7 685.2 678.2 665.9 637.1 606.7 574.3 550.2 531.3 516.6 497.6 482.4 469.1 457.6 453.8
895.7 903.2 907.1 907.1 901.7 895.2 886.6 878.6 871.3 868.9 864.8 862.8 868.1 880.1 895 909.5 926.8 948.9 967.1 977.3 979.4 979.5 976.7 978.6 983.3 989.4 999.6 1007.1 1006.3 970.1 937.9 902.7 874.3 849.3 829.7 814.3 802.3 790.4 782.9 776 767.9 762 756 751.4 744.8 739.8 736.6 734.5 730.7 726.6 723.9 720.8 717.7 715.5 712.4 709.4 706.7 703.4 700.5 697.4 695.3 691.5 687.7 683.3 675.9 666.3 651.4 632.5 609.4 579 554.6 535.6 520.8 504.9 489.5 473.3 459.6 452.5
893.9 895.9 896 892.9 889.4 884.3 878.4 871.6 861.4 854.8 849.8 848.7 859.1 872.9 887.9 902.5 920.6 942.6 959.9 966.8 967.8 965.3 960.4 960.1 966.5 970.7 981 990.8 999.2 999.5 963.7 927.9 892.1 869 846.7 828.2 813.1 796.8 787 776.3 767.1 759.7 754.7 750.9 746.3 742 737.3 729.7 722.8 722.3 719.3 717 713.8 711.5 709 706.4 703.2 699.7 695.7 691.7 687.6 684.4 680.5 674.3 666.8 657.5 646.8 629.9 607.7 582.9 559.9 541.3 525.4 509 492.2 478.1 466 459.1
878.3 877 877.2 872.1 874.6 872.5 867.3 861.3 851.5 842.1 838.3 840.2 853.2 867.2 882.4 899.9 917.4 938.9 952.3 956.4 956 950.7 939.3 939.6 949.4 955.6 963.8 976.3 984.8 992.8 988.2 952.7 914.8 887.5 865.4 849.3 827.7 810.2 796.2 781 771.4 764.2 758.1 755.8 751.6 746.2 739.6 734.1 728.1 722.8 717 708.8 707.2 707.9 705.6 703.5 700.6 695.4 687.9 684.3 680 675.6 671.3 665 656.9 648.3 638.4 625.5 603.5 584.9 564.5 547.8 530.5 509.9 492.1 477.4 468.2 461.2
861.9 860.9 851.6 855.6 859 857.3 853.8 849.7 840.5 830.3 825.3 834.1 847.5 862.7 879.9 898.6 915.1 934.6 944.2 945.5 941.9 932.2 917.6 920.5 931.2 940.5 950 963.3 974 982.4 986.1 976 943.1 911.2 898.4 878.2 853.4 834.9 815.8 800.5 791.6 779.1 772.4 768.9 765.1 757.5 748.7 740.5 733.5 726.9 721.2 715 709.4 695.9 701.4 699 695.1 690.2 684.1 677 671.1 665.8 660.3 655.3 648.2 641.5 630.3 615.5 597.8 583 566 553.5 534.1 514.7 499.1 483.3 471.1 462.1
846.4 838 839.4 845.5 846.8 844.9 842.4 837.9 827.5 819.6 818 829.9 843 859.8 878.8 897.4 913.8 931.8 936.5 934.3 925.7 910.2 897 901.5 912 923.9 937 951.3 963.9 975.3 981.1 979.7 966.5 951.3 929.5 907.9 884.2 864.2 844.9 825.9 810.2 801.7 795.2 788.3 778 767.4 760.9 751.6 745 736.7 728 720.1 713.7 705.9 688.6 691.2 688.5 681 674.6 668.6 660.2 656.1 649.8 642.8 639.1 633.4 624.6 610.6 595.6 581.9 569.8 554.7 538.7 522.6 501.8 482.5 468.7 465.1
828.6 826.2 831.7 835.2 831.8 832.2 830.5 827.4 815.4 812.1 816.5 826.7 841.8 858.9 879.8 897.1 913.6 925.9 927.3 922.9 908.1 891.4 877.2 881.2 894.1 910.5 926.1 941.3 956 969.4 977.7 979.8 976.5 969 956.7 934.2 910.8 887.9 866.7 850.8 839.3 829.1 817 803.4 790.3 783.9 777 768.8 758.5 748.6 739.8 729.4 718.8 712.1 704.7 689.4 676 671.5 662.9 658.7 647.5 641.3 632.4 624.5 624 621.3 617.6 609.7 594.2 581 569.9 556.9 541.7 522.9 513.2 500.1 483.6 461.3
820.5 819.4 821 824.8 823.4 825.9 826.9 819.7 810 804.3 811.8 823.8 842.1 861.8 879.6 894.4 910.6 919.3 918.7 910.6 889.9 871.3 859.4 865.3 879.9 898.6 915.7 931.6 948.7 963.1 972.3 976.6 973.7 968.5 961 950 935.4 917.3 903.1 887.1 870.2 852.9 834.4 821.4 810.9 801.9 794 786.2 778.6 767.2 749.3 736.8 725.7 716.5 709.6 702.2 694.8 689.2 680.2 672.3 661.1 656.8 647.6 637.5 623.3 608.3 600.5 592 583.7 573.8 564 548.6 536.3 536.2 519.9 504.4 488.8 471.2
815 814.4 815.1 816.9 818.2 820.1 818.5 811.3 803.1 798.2 809 824.5 841.7 859.4 875.5 891.7 906 912.6 909 892.9 871.1 854.6 846 855 871.7 890.9 907.8 924.6 940.5 954.5 964.7 968.3 967.1 963.3 958.6 950.4 942.2 930.1 915.9 899.9 882.4 867.5 851.6 840.5 829.3 821 811.6 802.6 791.7 779.9 762.4 745.8 732.1 721.8 715.4 708.2 700.5 695.6 688.1 681.3 672.8 664.2 661 651.6 641.3 630.2 619.5 608.3 597.2 585.5 576.1 563.6 552.1 541.9 529.5 516.5 499.4 480.1
812.5 810.5 811.9 812.1 813.8 815.9 814 807.4 799 795.5 806.6 821.6 838.7 856.6 871.8 887.8 900.3 905 899.8 877.7 857.4 840.8 835.3 849.2 865.5 883.4 900.5 917.2 932.4 945.4 954.5 958.6 957 953.6 949.6 945 938.8 929.9 919.9 907.1 894 880.3 869.3 859.6 851.4 841.1 831.1 818.8 805.6 790 777 757.8 740.9 730.8 721.3 713.7 706.6 701.8 696.9 689.2 683 675 670.4 660.7 653.7 641.4 628.6 616.4 604.7 592.5 580.3 570.5 559.1 548.1 536.7 524.9 507.5 493.1
810.7 807.6 808 808.6 809.3 810.7 809.3 801.5 793.6 790.9 802 817.9 834.6 852 867.5 882.1 894.3 899.2 890.1 865.9 844.3 829.4 830.7 843.5 859.6 876.6 893.9 909.6 924.6 936 944 945.9 943.6 940.4 937.1 934 929.8 925.3 918.7 909.8 899.1 888.2 880.5 873.9 868.1 860.1 851.1 838.3 821.5 805.8 787.6 769 754.8 741.5 730.6 722.5 714.9 711.4 706.8 699.6 692.9 687 681.3 671.9 664.9 653.1 638.2 623.3 612 598.4 585.8 574.6 564.5 554.5 543.8 533.5 519.8 502.7
808 802.9 802.1 802.4 804.3 804.7 800.2 796.8 790.1 785.2 796.9 813 830.1 847.7 863.2 879.5 890.5 895 881.5 859.3 838 819.5 825.4 839.1 854.4 870.4 885.9 900.5 914.5 926 933.3 934.6 932.5 928.5 923.8 921.2 918.9 916.2 912.4 904.3 897.7 890.3 884 879 874.4 868.8 860 849.4 836.8 819.3 799.3 780.2 766.1 749.6 742.3 733 726.9 722.4 716.9 710.5 704.8 699.5 693.6 687.9 677.2 664.3 650.9 633.1 615.8 602.6 591.8 580.9 571.7 559.7 548.5 536.8 526.1 513.3
804 798.7 794.5 793.6 797.7 798.4 794 792.3 784.6 780.2 791.6 808.7 825.8 844.7 861.6 877.7 889.8 893.4 877.5 855.9 834 813.1 817.6 831.1 846.5 862.5 877.9 891 904.4 916.7 924.3 926.1 923.7 918.4 913.2 909.9 908.1 906 902.8 897.2 892.5 887.6 881.9 875.8 871.7 867.5 861.8 854.3 844.6 831.2 815.9 798.1 774.6 763 754.1 745.8 740.5 736.1 731.9 726 722.2 719.1 715.1 707 697.9 683.9 664 644.9 625.6 608 597.4 586 576.6 564.6 551.2 541.2 531.9 520.7
794.9 796.6 790.8 786.7 790.3 789.1 788.3 785.9 778 775.6 787.8 805.7 822.8 842.7 860.7 876.3 889.8 894.9 875.7 853.8 831.7 810.6 810.6 823.7 838.8 853.8 868 880.3 893.8 906.2 914.3 917.4 914.9 908.6 900.6 898.3 896.9 894.9 892.7 889.2 885 877.8 869.5 863.8 861.4 859.8 858.1 854.6 849.6 837.5 822.7 807.2 792.2 775.3 768.4 762.4 758.4 754.8 751.4 745.8 743 742.3 739.7 731 719.3 704.9 682.2 656 631.7 611.7 599.5 591.1 581 569.5 559.7 546.1 535.3 525.7
799.7 792.9 784.7 779 781.2 779.7 777.3 774.2 768.7 772.3 785.2 801.8 820.4 839.9 858.4 873.2 889.5 894.1 875 851.3 828.9 807.8 802.8 816.2 830.4 843.1 856.9 868.3 881.3 894.6 904 907.6 908.7 903.6 896.2 890.2 885.8 883.8 881 877.2 870.2 862.4 855.8 850.7 849.5 849 847.8 848.2 845.7 837.9 824.7 813.9 803.3 792.3 784.3 778.8 776.7 775.4 772.4 768.2 765.5 761.1 752.8 744.8 732 711.3 689 659.8 634.6 614.5 602.1 594.3 586.1 575.7 565.7 553.4 541.8 530.4
803.9 790.1 784.5 776.8 772.2 773.6 770.8 765.4 759.9 770.3 783.1 799.7 817.7 838.2 856.9 872.7 887.9 891.4 875.4 851.5 827.2 805.3 794.4 806.5 819.1 831.8 844.4 856 869.1 881.4 891.9 900.4 903.3 899.7 892.6 884.8 876.2 873 871.4 864.8 858.5 851.4 844.8 838.9 835.1 833.3 834.3 834.7 832 827.6 818.6 814.3 807.4 802.4 797.4 795.1 795.8 796.1 794.7 789.4 781.9 773.1 760.1 743.2 724.6 704.1 681 656.5 639.8 620.1 604.7 596.8 590 581.1 570.9 560.4 547.7 538.5
810.8 798 783 777.2 768.5 765.3 763.1 756.3 758.4 764.5 779.5 797 815.7 837.6 856.6 873 884.6 889.3 873.2 848.6 825.1 803 785.9 795.8 807.8 819.2 832.9 844.7 857 871.4 883 892.8 897.8 895.5 889.7 881.4 871 863.1 860.1 854.1 847.4 840.7 834.1 827.6 822.6 820.7 819.7 819 817 813.9 811.2 809.4 806.5 808.2 807.4 809.5 810.2 811.5 807.5 800.2 790.4 776.8 761.5 739.9 714.5 697.6 677.3 657.9 643.2 626.5 612.7 600.6 592.9 584.8 575.7 567 555.6 546.9
818.1 804.9 787.6 775.1 766.7 757 754 751.4 752.2 760.5 775.7 794 816.6 838 855.3 870.6 883.1 887.1 873.9 847.4 824.2 803.2 781.8 785.4 795.1 808.2 820.6 833.4 846.5 859.8 872.5 882.1 888.1 889.7 885.7 878 867.9 856.1 846.9 842.5 836.1 828.5 821.2 814.9 810.5 807 802.9 802.3 800 798.5 798.1 797.4 801.3 801.5 812.7 815.9 818.8 818.5 812.1 802.9 790.3 775.7 760.1 740.8 721.7 694.4 677.8 669.2 649.5 634.4 619.9 607.1 597.3 588.1 579.5 571.1 563.1 555.1
824.3 811.6 796.4 780.8 768.2 758.2 746.6 742.9 744.1 756.2 772.1 791.7 814.9 836.8 853.1 868.3 880.7 883.1 873.8 849.2 824.3 803.3 785.1 775.5 785.6 796.3 809.2 822.8 835.1 848.3 860.4 871.8 879.6 883.9 882.3 875.4 865.5 854.3 839.6 830.1 823.7 816.2 809.6 802.1 797.9 792.1 789.3 788 785.8 785.7 784.9 785.1 787.5 799 807.5 813 818.3 818.4 811.9 803.2 791 776.9 759.1 743.7 724.7 702.6 683 675.5 658.8 641.5 627.4 616 605.3 595 583.8 573.9 568.7 561.5
827.7 817 803.3 785.9 768.4 759.8 747.1 739.3 742 756.6 769.3 789.1 810.9 832.2 850.4 865 875.7 880.1 873.3 850.1 825.2 803.7 785.2 768.5 775.1 785.6 798.9 812.8 824.1 837.3 850.6 862 872.1 878.3 879.8 875.3 866 853 839.6 820.9 813.6 805.4 799.4 792.5 787.6 781.9 780.7 777.6 775.5 773.9 771.7 771.1 775.8 785.6 795.3 804.4 812.3 813.1 808.4 802 791.1 779.4 762.7 745.4 727 708.2 686.1 678.2 664.3 651.1 640.6 627.9 614.4 601.4 590 580 573.8 565.5
828.2 821.9 809.5 790.4 772.2 759.3 749.5 736 739.7 758.1 770.6 785.9 806.7 827.2 845.1 861.2 873.3 877.9 871.5 851.1 826.3 804.8 785.4 768.6 765.8 776.3 789 801.8 813.4 826.9 839.5 850.3 862.5 872.6 878.3 877.7 870.6 858.8 841.1 825.2 809.5 795.5 788.4 781.3 776.1 772.2 770.3 766.8 764.7 760 759.4 760.4 763.3 772.1 783.1 793.3 800.7 803.6 802.6 796.3 788.4 777.1 760.3 741.7 723.8 706.6 695 684.1 672.2 660.9 649.3 637.7 622.6 609.5 598.8 588.9 579.8 571.7
