data/300000-850000.asc
ncols 200
nrows 200
xllcorner 300000
yllcorner 850000
cellsize 50
[rows 114 to 151 of 200, columns 0 to 85 of 200]
61.6 67.8 70.2 71.3 79.7 77.8 80.3 76.9 73.8 74.1 72.9 73.6 74.1 74.4 73.9 58.8 48.6 41.9 39.8 40.9 40.8 29 28.9 33.9 35.6 37.8 36.8 36.1 25.5 25.2 28.1 25.5 25.7 59.7 64.5 66.9 64.1 66.5 69.5 72.1 73.7 73.5 71.6 76.8 78 78.4 79.1 79.4 80.1 80.1 80 78 75.8 74.9 73.4 73.5 75 73.5 72.4 72 71.6 70.4 68.2 67.1 67.4 67.1 65.4 65.1 65.7 66.5 66.9 67.7 68.5 69 69.3 69.4 69.2 69.1 69.3 70.3 71.4 72.9 75.8 79.1 93.3 85.8
62.9 63.8 64.9 75.7 75.6 79.2 77.3 79 76.5 72.8 73.3 73.5 73.9 74.1 74.2 65.7 44.6 41.8 40.3 41.3 38 26.7 38.6 38.3 37.8 37.7 37.2 35.7 33.9 29.7 25 24.4 27 58.2 66 64.7 66.7 68.5 71.1 73.8 75.6 75.8 78 77.8 79.2 79.4 80.6 81.8 80.9 81.5 83.1 81.9 78.2 77.2 73.6 74 74.8 74.1 73.9 73.7 71.8 71 69.9 68.5 66.5 65.4 65.6 64.4 66.5 67 67.2 67.9 68.8 69.8 69.7 69.7 70.1 70.4 71.3 73.5 75.2 76.3 77.4 78.9 80.7 81.4
64.3 66.1 66.5 69.2 80.5 79.9 80.7 79.6 80.9 73.8 73.7 73.6 73.4 73.4 73.7 72.7 51.1 39.9 41.1 41.8 29.7 26.6 39.1 39.3 38.9 38.5 38 37.5 34.1 33.4 29.3 29.5 34.7 62.4 64.1 65.4 68.4 69.5 71.2 74.7 76.6 77.8 79.6 79.4 80 80.3 81.5 82.2 82.6 84.7 83.9 84.3 82.7 80.6 79.4 74.4 75.8 75.6 74.6 73.4 72 71.3 69.3 67.8 66.5 66.3 65.5 63.8 66.8 67.3 68.2 68.9 68.2 69.4 71 70.9 70.9 71 73.2 76.3 78.1 79.1 79.9 80.9 81.6 83.4
63 62.2 77.8 72.4 81 77.4 81.9 80.9 80.2 74.4 74.6 73.6 73.6 73.9 73.6 73.6 57.7 43.8 41 41.7 28.5 27.2 39.3 39.3 38.8 38.4 38.3 40.1 46.4 46.8 43.3 45.6 52.6 65.2 65 66.1 68.6 70.7 71.1 74.1 76.7 78.2 80.1 80.8 81.2 81.3 83.6 82.5 83.7 85.2 86.1 84.7 84.5 82.4 82.6 81.1 77.2 75.6 74.6 73.8 72 70.8 69.4 68.3 68.8 68.2 68 66.4 66.5 68 69.2 70.3 70.8 69.6 70.9 72.2 72.1 73.4 75.7 79 80.4 81.6 82.5 83 84.3 85.7
63.2 63.4 69.5 76.2 78.2 77.6 81.5 79.9 74.9 77.6 79.8 75 73.9 74.3 74.8 71 60.7 50.3 39.9 41.3 34.6 27.9 39 39.7 41.3 51.3 49.8 52.2 54.2 62.7 61.8 62.6 66.3 68.3 67 68.2 70.2 71.6 72.4 74.5 76.8 78.5 81 82.1 83.1 82.9 83.5 84.8 84.4 85.7 86.6 86.3 84 83.2 81.6 80.9 80.5 77.6 76.1 74.6 71.7 71.9 70.8 70.3 72 69.6 69.2 67.7 67.5 68.2 69.4 71.2 71.8 72.2 72.6 72.9 74.9 77.6 80.4 82.5 82.7 83.7 84.8 84.9 86.8 88.1
60.9 61.4 63.5 69.5 74.2 75.5 76 75.7 78.9 79.6 79.8 78.7 73.9 74.2 74.8 74.8 62.8 55.2 46.1 41.4 41.7 28.2 30.3 41.4 45.8 50.2 51 51.8 55.9 63.6 62.8 64.4 64.5 68 67.2 69.7 69.6 70.8 74.5 76.2 76.9 79 82.1 82.9 83.5 84.9 85.7 87.2 86.7 85.5 85.4 85.1 84.6 82.2 81.9 80.8 78.9 78.3 76.6 74.3 73.3 71.3 71.6 71.2 71 70.4 69.4 68.8 68.3 68.9 70 71.9 72.8 72.7 71.2 74.6 77.4 82.6 88.2 86.8 86.4 86.4 87.4 89.6 88.6 88.8
62.4 62.7 63 66.2 73.7 76.7 79.2 80.7 81.6 81.8 81.2 80.5 75 74 74.8 74.6 70.3 59.8 55.6 45.1 41.3 27.9 29.9 40.6 47.7 51.1 51.3 51.1 59 63.8 63.2 64.8 66.5 69 70.8 71.4 72.4 74.5 78.5 78 80.7 80.6 82.2 82.6 83 84.5 86.6 87.9 88.2 86.7 85.4 83.3 83.5 82.5 81 79.7 78.2 77.3 76.8 75.3 74.3 72.9 70.8 72.1 71.6 70.7 70.8 69.6 68.6 69.1 72.1 74.4 74.3 73.8 74 73.9 80.1 85.4 85.7 88.5 87.9 89 90.8 93.3 92.5 91.2
65.6 66.1 66.7 68.8 76 80.6 82.3 83.6 83.6 81.6 81.8 81.5 79.2 75.6 74.9 76.1 76.1 74.4 59.9 59.4 44.1 40.1 27.9 34.3 48.1 51.1 51.2 50.6 58.9 64.6 64 66.5 68.7 71.2 70.2 72.3 73 75 80.8 80 79.3 81.1 81.8 81.7 82.5 83.4 84.9 84.9 86.3 86.4 85.7 87.1 84.7 83.3 83.1 81.6 79.4 77.9 76.9 74.8 73.7 72.7 72.5 70.4 70.7 70.8 70.1 69.3 69.4 71.3 74.6 76.9 78.3 76.6 75.1 74.9 76.8 85.2 88.2 90.1 91.1 93 94.9 94.9 94.8 96
67.3 68.6 69.2 72.6 77 81.1 82.4 83.7 85.1 83.8 81.9 81.3 74.4 82.8 81.2 81.4 81.2 79.1 73.7 60.4 46.4 32 28.6 30.4 39.8 50 51.5 51.2 62 65.5 63.8 66.7 69.6 72.9 73.5 73.8 77.3 78.3 80 80.3 82.2 82.6 84.1 85.9 84.3 85 86.8 85.9 85.1 85.7 86.1 84.3 84.8 84.5 84.5 82.1 80.6 78.4 76.3 74.7 73.3 72.2 71.7 71.7 71.3 70.7 69.5 69.8 71.5 74.5 76.3 79.3 81.7 82 77.8 76.1 76.3 76.9 85.8 92.7 94.4 95.8 97 96.4 98 98.2
68 69.5 72 75 78 81.2 82.5 83.9 85.3 84.5 84.3 83.5 81.5 80 79.7 79.9 79.5 72.7 70.2 68.2 51.3 44.3 28.2 28.9 31 46.1 52.1 51.5 63.2 66.8 66 68.7 72.5 75 75.5 76.3 78.9 81.4 80.1 81.8 81.7 82.5 84.8 86.1 88.8 87.2 88.4 87.5 87.5 86.8 86.6 86.2 83.9 84.1 83.3 81 79.4 76.7 74.8 73.5 72.9 72.4 71.9 72 71.7 70.7 71 74.2 76.8 78.6 80.5 84 86.7 89.3 84.1 77.8 78.2 76 81 91.4 97.4 97.5 97.9 100.2 100.1 98.4
69.3 72.3 75 77.1 80.1 82.3 82.9 84.2 85.3 85.5 84.9 85.2 85 82.7 82.6 82.9 81.7 79.7 78.3 74.3 65.8 50.8 43.6 29.1 29 31.3 52.2 51.2 65.4 67.4 66.4 70.8 74.3 81 77.7 78.1 80.8 81.2 81.4 82.5 83.4 84.2 84.6 86.3 88.5 88.8 87.8 87.9 86.4 86.6 85.1 82.8 82.3 80.8 79.6 78.6 77.7 76.1 74.5 74.2 73.6 73 72.5 72.2 71.9 73 75.7 79 81.7 84.5 86.8 89 89.5 92.6 93.1 89.7 89.5 77.9 78.8 87.1 97.6 98.3 99.7 101.4 102 98.4
70.5 73.2 75.1 78.5 81.9 84.6 85.3 85 85.1 85.3 84.1 80.3 84.8 84.9 82.7 83.8 83.8 82.3 82.1 75.9 73.6 64.9 48.2 44.8 34.4 30.1 39.5 50.6 66.5 68 67.4 70.3 71.3 79.1 79.5 79 80.8 81.3 83.1 84.4 85.1 85.9 84.8 84.9 87.4 86.6 87.7 87.6 86.2 87.6 83.1 82.4 81.3 79.2 78.2 77.6 76.8 76 75.1 74.8 74.4 73.9 73.4 74 75.4 79.4 81.3 82.6 86.1 89.4 91.6 92.9 93.2 95.4 94.5 93.3 94.9 85 79.5 81.6 95.6 99.2 100 99.6 98.5 97.8
71.3 74.1 76.7 79.9 83.3 85.2 85.6 83.9 84 84 81.2 80.4 83 85 85.5 85.3 86.5 83.4 82 81.8 74.3 70.8 64.1 45.9 44.4 30.6 31.9 42.1 64.7 68.4 67.9 72.1 74.4 77.9 80.7 81.9 82.2 82.9 84.3 85.2 88.1 86.6 87.6 86.3 88.3 85.9 86.6 87.4 86.5 86.3 83.3 81.8 79.8 79.2 78.5 78.2 77.6 76.5 75.6 75.4 75.2 74.6 74.2 79 80.8 84.3 86.4 88.5 92 93.5 94.9 94.7 94.4 94.2 93.9 95.2 98.6 99 83.7 81.1 88.9 93.1 94.4 89.6 90 97.7
71 74.7 78.8 81.4 83.6 84.9 84.7 84.2 80.7 77 77.8 76.2 75.2 77.2 77.1 78.4 87.1 81 78.2 79.2 75 77.1 73.8 53.6 48.7 36.2 30.9 31.9 62.7 68.4 72.7 73.1 78 79.5 82.2 85.1 85.8 87.4 87.4 87.3 88.4 87.5 86.3 86.5 85 88.4 85.4 84.8 83.5 84.3 83 80.9 79.5 79.3 79 78.7 78.4 77.5 76.5 76 75.9 76.8 79.1 83.1 87.7 89.7 91.7 93.7 94.9 94.8 94.8 94.3 93.5 95.3 96.8 99 98.9 98.8 97.8 82.7 85.6 89.6 84 87.1 88.8 87.3
71.5 75.4 82.1 83.3 85.3 86.8 85.1 82.5 77.5 80.6 84.5 82.6 80.9 82.1 86.3 85.9 86.1 82.8 84 80.9 80.3 79.7 81.5 59.5 49.7 45.4 33.8 31.4 41.6 67.7 73.5 76.8 79.6 83.3 89.1 89.4 87.5 88.6 89.8 92.3 87.5 89.9 88.3 86.6 85.3 85.5 83.3 83.1 83.5 82.5 81.4 80.5 80.1 80.6 80.2 79.2 78.2 77.9 78.5 80 80.3 82.7 85.1 88.1 92.5 94.1 94.9 95 95 94.7 94.7 96 97.4 98.9 99.5 100.3 99.9 99.5 99.5 89.1 81 82.7 85.7 89.1 92.4 92.3
74.4 80.8 89.5 87 88 87.8 82.8 79.7 78.7 76.9 79.6 81.8 78 80.8 79.8 79.6 82.9 84.7 82.9 80.3 78.8 77.8 78.3 70.2 52.9 48.6 44.1 32.2 31.7 69.3 74.5 81.1 83 86.1 91.8 92.1 90.1 91.6 91 94.2 90.4 89.6 88.7 87.7 86.3 86.2 82.9 81.8 83.3 81.7 81.4 81.7 80.6 81.2 80.3 80 80.7 80.9 81.4 84.4 85.4 88.7 90.2 93.8 95.1 95 95.1 95.2 95.3 97.1 98.5 99.5 100.4 101.1 102.3 103.9 102.8 102.4 103.6 101.9 93.8 85.5 94.9 108.7 94.5 99.3
78.4 83.5 90 92.6 90.3 90.9 87.2 81.5 78.2 76.1 77.1 80.2 77.5 76.8 76.5 77 78 79.1 79.8 79.7 82 82.8 78.8 75.5 61.2 49.7 49.3 39.5 31.8 55.7 77.4 85.6 86 91.2 96.5 92.5 92.3 94 94.4 94.3 94.1 94.7 89.7 87.9 88.4 85.9 83.7 82.6 83.1 82.5 82.4 82.2 81.7 80.9 81.1 80.9 83.6 83.5 85 86.2 88.2 92 97.2 97.2 96.9 95.9 96.1 98.4 99.6 100.2 101.7 104.8 109.5 111.9 114.2 115.1 113.9 113.5 114.4 115.6 114.8 106 114.7 94.9 93.5 104.8
82.1 85.4 92.8 103.5 98.5 91.7 88.6 81.7 78.8 77.7 77.7 78.4 79.3 79.8 80.4 80.6 80.4 79.8 81.6 85 84.5 80.5 76.3 74.3 68.7 50.4 49.8 46.5 31.7 31.7 79.7 88.1 88.5 92.2 95.9 93.2 94.7 95.4 95.6 95.5 95.7 93.2 94.1 90.5 88.8 87.3 84.7 83.1 83.9 83.8 83.6 83.4 83.1 82 82.4 84.2 82.1 85.9 85.9 87.1 89.3 94.5 97.4 97.9 98.6 98.4 100 100.1 100.4 103.9 111 117.4 120.5 121.8 122.7 122.9 122.9 122.9 122.1 122.2 120.9 117.6 115.5 94.5 98.3 107.4
86 89 98.3 114.3 107.2 97.2 87.5 84.6 81.5 79.5 78.6 79.8 81.1 85.6 85.9 87.4 87.6 87.6 86.7 85.9 82.4 78 74.6 74.1 72.1 55.2 49.8 50.5 45.4 31.8 67.9 90.7 89.9 93.1 93.3 94.9 95.5 96.4 95.5 94.7 94.4 93.1 91.5 90.9 88.7 88 86.7 85.4 85.3 85.1 84.8 84.6 84.3 85.5 86.8 87.7 89.1 87.4 91 89.2 92.7 97.9 99.6 99.1 100 100.5 101.3 101.8 108.3 115.7 121.5 124.5 125.4 125.3 126.7 126.9 126.8 125.9 125 124 122.9 116.5 115.8 96.6 101.4 108.9
91.8 93.7 105.1 118.6 109.9 100.6 87.4 75 58.8 65.5 79.4 81.5 83 87.2 89.9 90.7 90.4 90 89.9 87.6 80.4 75.4 74.9 75 70.5 64.6 50 50.7 47.1 31.7 55.7 91.2 92.7 93.4 95.2 96.6 96.9 95 94.6 94.4 93.2 93.5 91 89.9 89.4 89.3 88.4 89.6 86.9 86.5 86.2 86 86.3 89.7 90.8 90.9 91.8 91.8 95.1 95.9 94.6 100.5 101.4 100.8 100.7 102.1 106.9 114.2 120.3 123.7 126.3 127.9 128.5 128.6 129.4 129.1 128.6 127.7 126.3 123.5 120.6 116.5 109.7 98 104.3 111.6
89.7 98 109.6 110.8 107.9 102.1 71.4 44.4 38.2 38.3 41.5 66.6 77.3 83.9 87.6 89.8 91.2 90.9 90.8 79.6 76.8 74.6 73.3 72.6 72.2 66.8 53.7 50.7 48.4 32.2 65.5 92.9 94.8 95.9 97.8 97.9 97.2 97.1 94.5 94.5 93.9 93.9 91.5 94.4 93.9 92.2 91.1 90.8 90.9 89 88 87.7 93.1 93.3 93.4 95.2 96.5 97.5 99.4 99.2 97.5 101.5 101.5 101.8 103.1 111.1 118.5 124 126 128.1 129.9 130.7 131.3 131.8 131.8 130.6 130.1 128.5 126.9 125.1 120.4 116.5 99.9 96.3 107 113.1
92.4 101.4 107.1 109.3 99.5 77.8 49.2 38.1 42.6 41.9 38 38 50.1 53.4 71.8 89.5 88.6 84.8 84.6 76.3 76 74.2 72.7 72.9 72.4 67.8 54.4 32.4 32.3 45.9 87 95.1 98.7 97.7 98.2 99 97.7 96.7 95.6 94.8 94.8 94.2 94.1 95.4 92.9 92.1 91.6 92 92 89.2 89.4 92.2 94.6 95.2 96.7 98.2 100.2 101 102 97.4 101.4 101.7 101.9 105 114.1 120.7 125 127.9 129.7 131.6 132.7 133.5 133.8 134.1 133.2 131.4 129.5 128.9 128 124.2 117.9 112.7 99.4 97.6 110.3 114.5
95.5 103.8 109.3 110.2 89.4 61.6 40.6 38.4 49.2 49.4 48.5 44.4 37.8 37.7 48.8 65.6 58.6 58.7 60.3 61.8 63.9 67.3 69.7 69.3 61.9 39.8 33 32.9 47.6 66.4 91.3 99.1 99.1 101.1 99.7 100.3 98.5 97.7 96 95.2 96 97.8 95.3 93.8 92.7 92.2 93 94 95.4 92.9 90.2 93.5 98.4 99.4 100.1 102 102 102.2 97.7 100.9 101.8 101.8 106.1 115.7 120.3 124.4 128.3 130.7 132.6 134.1 135.3 135.8 135.6 135.3 135 133.9 132.5 130.2 128 122.3 114 104.4 97.8 104.1 113 118.4
98.4 106.9 109.7 109.5 82.5 53.1 42.8 38.6 51.1 53.3 50.8 48.5 48.4 37.7 37 39.9 52 52.2 53 53.6 52.7 52.3 50.4 48.8 44.7 35.2 35.5 50.5 53 79.6 97.1 103.3 100.8 100.2 102.2 102.9 99.7 97.5 96.2 96.3 98.6 95.8 95.5 94.4 95.3 94.6 94.7 96.4 98 97.8 92.4 95.8 101.1 101.5 102.9 102.4 102 100.3 101.6 102.5 102.8 106.8 115.2 120.5 124.8 127.8 131.2 133.6 135.2 136.6 137.7 138.2 138.1 137.3 136.2 136 134.3 131.7 128.6 120.6 107.5 100.6 98.1 110.1 117.7 125.6
97 102.9 107 104.8 73.2 54.3 47.3 38.7 45.8 54.8 55.1 55.3 53.1 52.9 50.4 36.6 36.3 45.2 51 52.2 52 50.5 49.8 46.2 38.7 34.6 35 55.2 70.6 92.8 102.3 102.2 102 102.4 103.1 101.1 99.3 97.7 97 99.4 97.8 97.4 96.2 96 96.7 96.9 97.7 99.1 100.8 98.9 93.9 95.6 102.5 102.7 102.8 102 101.2 101.6 102.3 103.7 106.8 114.3 119.3 123.8 127.6 130.9 133.8 135.8 137.2 138.4 139.4 140.2 140.2 139.1 138 137 135.4 133.3 128.5 115.5 102.8 101.1 100.7 114.5 122.1 128.6
101.7 99.8 104.6 105 77.8 57.2 51.4 41 39.1 56.2 56.8 56.9 53.9 52.7 52.5 51.8 37 36 39.9 50.5 50.5 49.7 48.8 45.7 39.3 34 46.5 75.2 90.4 96.1 104.2 104 103.7 103 103.1 101.7 101.3 101.1 100 100.3 99.5 100 97.3 98.6 98.4 98.3 99.6 103.3 102.4 101.8 98.4 96.1 103 103.5 102.3 102.1 102.6 102.4 104.4 110.3 113.1 116.5 121.8 125.9 129.5 132.8 135.3 137.4 139.1 140.1 140.9 141.2 140.5 139.8 138.9 137.6 135.9 132.4 121.4 108.5 102.5 99.3 104.1 118.2 125.8 130
104.5 103.2 101.3 104.7 86.7 65.7 54 44 39.3 55.9 56.9 57.5 56.9 56.4 55.9 55.6 49.5 39.8 35.9 35.6 44.4 45.7 45.7 42.6 38.2 34.3 64.1 89.5 91.1 98.2 104 105.1 105 106.2 105.6 104 105.4 104.1 104.4 101.5 102.5 100.4 101.1 100.2 101.5 100.7 102 105 102.7 103.7 102.7 95.9 102.9 103.5 103.8 103.5 103.9 105.4 111.7 114.5 114.8 118.4 123.5 128.1 131.5 134.4 136.8 139.2 140.8 141.5 142.1 141.6 140.5 139.9 139.1 137.5 135.8 134.8 119.9 103 102.9 103.1 110.4 120.8 128 132.4
104.3 101.6 102.9 102.1 102.8 82.5 61.3 51.6 40.6 44.4 57.6 58.1 57.5 57 57.3 57 65.2 61.4 49.8 36.7 35.5 35.4 38 36.9 34.5 46.7 83.3 91.6 95.4 102.3 104.1 104.9 106.7 108.7 108.3 108.1 106.7 106.3 105.5 104.9 104.3 102.9 102.9 103.3 102.4 102.4 104.7 105.4 104.5 103.6 104.4 96.6 99.8 104.7 105.7 105.4 108 114.3 114.9 115.2 115.3 120.9 125.4 129.6 133.3 135.9 138.4 140.4 141.7 142.5 143 141.8 140.9 140.3 139 137.6 136.2 131.1 114.8 103.5 102.4 109.4 118 125.2 130 132.8
94.7 98.1 105 96.6 101.2 99.9 76.6 60.8 44.5 39.3 57.7 58.3 58.1 57.7 57.9 58.8 71 73.8 73.1 60.7 49.5 35.7 35.2 35.2 35.2 71 93.3 93.3 100.7 104.3 104.6 105.2 107.1 109.8 109.6 108.2 108.7 107 106.6 106.1 104.3 105 104.1 104.4 104.9 104.3 104.5 105.7 104.4 104.7 105 101.2 99 100.6 106.1 107.5 112.5 115.5 115.2 114.9 116.9 122.2 126.5 130.7 133.9 136.9 139.7 141.1 142.3 142.9 143.3 142.3 141.4 140.7 139 137.3 136.8 127.5 111.4 104.7 104.7 115 121.7 129.2 132.2 134.4
95.3 94.7 100.3 99.2 91.7 96.3 84.1 70 53.1 40.8 42.9 58.4 58.6 58.2 58.3 62 73.5 73.5 73.8 73.4 73 72.4 73.6 67.8 77.3 91.5 93.7 99.5 103.9 105.1 105.5 105.3 109.5 109.4 109.3 108.2 107.6 107.2 106.9 107.8 106.7 106 106 106.1 106.2 106.1 105.4 105.3 105.4 105.4 105.4 104.5 105 106.2 100.6 102.3 110.9 115.7 115.6 115 118.7 123.6 127.7 131.5 134.7 137.6 140.3 142 142.1 142.7 143 142.3 141.7 140.7 138.8 137.4 136.7 121.8 107.8 105.4 108.5 117.3 125.1 130.9 134.8 136.2
97.4 96.3 100.9 100 94.7 91.2 92.9 82.7 64.5 42.6 40.4 50.2 59.2 59.1 61.8 70.9 74.7 75.6 74.6 74.1 73.8 74 80.3 87 90.4 94 94.9 103.2 104.3 106.1 106.4 106.1 110 109.3 109.4 109.1 108.1 107.7 107.4 107.2 107 106.8 107 106.8 105.8 105 105.4 105.6 105.6 105.6 105.6 105.7 106.2 109.9 107.9 103 104.7 112.2 114.2 115.2 120 124.5 128.4 132.1 135.2 138.4 141.1 143.2 143.2 142.8 142.5 141.8 141.2 140.1 139 137.5 135.1 114.6 107.7 104.7 113.3 120.4 130.9 135.5 138.4 138.8
97 98.7 99.6 101.2 96.6 92.4 98.6 92.5 77.5 55.7 40.7 40.7 60 60.5 66.7 75.3 75.4 75.2 75.5 75.3 74.8 78.1 85.1 88.4 93.2 96.5 95.3 105.6 106 106.6 106.4 109.7 109.4 109.1 108.9 108.7 108.6 108.2 107.9 107.6 107.4 107.4 107.4 106.8 106.8 105.8 105.8 105.9 105.9 105.8 105.8 108.2 108.7 110.7 113.7 115.1 114.2 107.6 113 115.4 120.8 125 129.6 132.6 135.6 139 141.3 142.3 142.3 142.4 141.9 141.4 140.8 139.7 138.5 137.5 125.9 108.3 107.5 115.2 121 124.7 133.6 139.5 142.2 142.7
98.6 98.2 97.6 96.8 94.9 92.5 97 97.4 83.6 66 44.6 41 57.7 62.2 74.7 76.3 75.9 76.3 76.9 77.1 76.9 81.9 87.5 90 95.8 97.4 98.9 105.7 107 106.6 106.4 110.3 110.2 109.1 108.7 108.3 107.9 107.8 107.9 108.1 107.1 107.8 107.1 106.9 107.1 106.7 106.1 106.1 106.2 106.3 108.5 114 114.5 111.7 113.7 115.2 115.6 114.3 110.3 115.1 121.5 126.3 129.6 132.8 136.6 139 140 141 141.2 141.7 141 140.4 139.8 139 138 133.3 119.1 108.5 108.1 121.3 123.9 128.2 135.3 141.9 147.3 145
98.1 97.9 97.9 93.4 89.3 88.1 88.3 88.5 80.9 65.4 59.9 41.2 49.7 71.5 77.9 77.2 76.9 76.9 77.3 79.2 79.1 85.7 89.4 94.2 99.4 98.8 104.1 106.2 106.8 106.7 108.8 110.7 110.7 109.3 108.8 108.4 108.1 108.1 108.1 107.9 107.7 107.4 107.8 107.2 107.1 106.9 107.3 108.4 109.6 110.9 113 116 118.3 116.5 115.2 115.2 115.4 114.1 111.1 113.3 118.9 126.2 127.7 132.5 135.8 136.3 137.4 138.7 139.9 140.4 140.2 138.9 138.3 137.7 135.6 122.3 110.3 109.5 113 123.2 125.4 133.1 139.4 144 149 148.3
101.5 97.6 96 86.3 78.1 72.8 71.2 77.6 69.5 66.8 72 53.6 50 78.7 78.2 77.8 77.8 77.6 78.1 80 83.7 89.3 92.7 98.8 99.6 102 106.8 107.6 107.3 106.9 110.9 110.9 110.8 109.5 108.8 108.5 108.4 108.3 108.4 108.6 108.1 107.6 108 107.4 107.3 111.5 114.4 113.3 115 115.4 116.9 116.2 117.4 117.6 116.4 116 116.3 116 114.9 115.2 114.6 120.1 123.7 127.7 134.1 134 135.1 136.1 135.6 136.4 136.2 135.9 135.6 134 126.4 116.8 110.1 109.9 116.4 125.4 130.2 138.1 142.8 146.9 149.7 152.1
104.6 101.3 93.2 80.9 71.1 68.2 67.5 67.6 66.7 72.4 72.7 55.7 41.5 84.8 85.3 85.6 84.1 82.4 87.1 92.7 87.3 92.6 96.2 100.3 101.2 105.6 107.6 107.7 107.2 109.9 110.5 111.3 110.5 109.6 109 108.8 108.7 109.4 112.6 113.4 113.9 112.7 113.7 114.1 114.3 116 117.4 116.8 117.1 117.5 117.9 117.2 118.3 119.9 117.4 117.1 117.3 117.9 115.6 116.4 114.4 115.5 119.6 123.6 126.9 130 132.9 133.6 133.2 134.2 133.5 132.7 132.7 128.3 116 114.1 115.3 111 117.2 125.8 132.4 140.3 145.1 148.9 153.1 157
107.8 103.9 96 80.3 71.4 68.2 66.2 68.1 74 76.1 60.9 41.2 64.9 86.1 86.1 84.7 83.8 89.6 93.5 92.8 92.9 93 97.8 99.8 103.6 108.2 108.5 111.1 112.9 112.3 111.5 111.8 110.6 110.8 110.8 111.2 114.5 116.1 118 117.6 117.7 117.8 119 117.9 117 117.8 118.1 118 118.6 119.6 119.8 120.4 121.4 121 120.2 119.4 120 117.5 118.3 117 115.8 115 115.9 119.2 122.5 125.2 127.4 131.9 133.5 133.3 133 132.4 128.3 118.7 114.4 117.9 118.6 113.4 123.4 135.3 136.8 139.9 146.4 151.3 154.3 158.8
108 105.3 102 86.6 72.2 67.9 67.6 73.7 77.5 73.3 44.7 50.8 79.6 86 84.5 84.2 93.7 94.3 94 93.7 93 95.2 100.6 101.8 109.6 109.5 114.2 120.6 122 123.6 123.5 118.7 116.7 119.6 121.4 122.6 121.9 121.8 121.5 122.8 122.7 121.7 118.2 117.9 117.8 118.4 119 119.3 120 121.2 121.3 121.8 122.2 121.5 120.8 120.8 120.4 118.9 118.9 117.5 116.4 115.4 115.7 116 118.5 121.7 122.7 125.1 126.8 129.2 130.2 130.2 122.1 113.7 118.3 121.6 118 115.9 129.8 137.8 137.8 141.6 148.9 153.3 156.2 160.3
