data/300000-750000.asc
ncols 200
nrows 200
xllcorner 300000
yllcorner 750000
cellsize 50
[rows 35 to 69 of 200, columns 0 to 77 of 200]
376.4 373.9 373 368.7 364.4 361.6 360.7 362.2 365 365.6 364.2 361.3 360.2 358.2 355.9 353.1 351.9 351.1 349.1 348.4 348.4 348.4 348.4 348.4 348.4 348.4 348.4 348.4 348.4 348.7 350.1 352.7 354.6 356.2 358.1 359.1 359.9 360.8 361.5 362.9 364.2 366.1 368.7 370.7 373 375.7 378.8 383 386.2 390.5 395.4 399.2 402.4 405.7 409.3 412 415.6 417.5 420.4 422.1 421.9 426.7 429.7 431.1 427 421.1 415.7 411.7 404.3 398.2 392.4 386 378.2 371.8 366.2 358.8 354 349.1
372.1 369.7 370.6 367.4 362.9 359.8 359.1 361.2 360.8 360.1 360.7 361.2 358.8 357 353.5 351.7 348.7 348.4 348.4 348.4 348.4 348.4 348.4 348.4 348.4 348.4 348.4 348.4 348.4 348.5 349.8 352.1 355.1 357.3 359.2 360.7 361.5 362.4 364 365.4 366.8 369.2 371.8 374.2 377.2 380.5 383.8 387.8 392.2 396.1 401.4 404.9 407.9 411.1 415.6 416.9 420.5 423 424.8 425.1 425.8 430.3 433.9 431.4 425.8 419 416.9 412.1 405.8 400.9 394.2 386.2 379.6 371 365.1 359.4 354.5 348.9
369 369.2 367.8 365.3 361.5 359.9 359.4 360.5 361.2 359.3 358.1 356.9 355 353.7 351.4 349 348.4 348.4 348.4 348.4 348.4 348.4 348.4 348.4 348.4 348.4 348.4 348.4 348.4 348.7 351.1 353.7 356 358.3 360.2 362.1 363.2 364.5 365.5 367.9 369.8 372.4 375.2 378.2 381.5 385.3 389.7 393.7 398.2 403.3 407.4 411.7 415.5 419.3 423 425.1 433.6 437.8 436.3 436 433.5 436.2 440 432 429.9 423.4 421.1 418.4 409.2 401.4 394.7 388.5 380.8 371.2 365 359.5 353.8 348.7
369.3 367.6 364.8 362.1 360.5 359.7 360.4 359.4 359.3 357.4 354.6 352.1 350.1 349.3 349.4 348.4 348.4 348.4 348.4 348.4 348.4 348.4 348.4 348.4 348.4 348.4 348.4 348.4 348.4 350.3 353 355.7 357.9 359.8 361.8 363.9 365.9 367.2 368.5 370.7 373.1 376.1 379.1 382.3 384.9 388 394.3 399.7 404.6 409.7 412.8 418.1 422.1 427 432.9 453.2 466.6 473.3 467.9 451.4 444.3 440.9 440.3 436.7 434.4 431 424.8 417.3 410 403.7 396.1 390.3 381.6 373.2 365 358.1 352.9 348.8
369.7 365.7 363.1 361.4 361.2 361.1 360.7 361.2 359.5 355.9 351.8 349.2 348.7 348.4 348.4 348.4 348.4 348.4 348.4 348.4 348.4 348.4 348.4 348.4 348.4 348.4 348.4 348.4 349.8 352.2 354.8 357.2 359.8 362 364.1 366.1 368.2 370.2 372.1 374.8 377.4 380 383.1 386.4 389.7 390 397.5 405.1 410.9 415.1 418.7 423.9 430.2 437.4 453.4 470.6 491.3 488.2 480.3 459.5 449.2 447 447.7 444.5 440.5 435.8 427.7 425.7 419.4 407.9 400 391.6 383.5 374.9 364.7 357.6 352.1 348
366.2 363.3 361.6 360.9 361.2 359.2 359.7 358 356.7 353.8 351.6 349 348.6 348.4 348.4 348.4 348.4 348.4 348.4 348.4 348.4 348.4 348.4 348.4 348.4 348.4 348.4 350 352.9 355.1 356.5 358.5 361.5 364.2 366.3 368.5 370.5 372.7 375.8 379 381.6 384.3 388.6 392.3 397 397.6 400.6 410.9 417 420.9 426.2 432.9 442.7 455.5 467.6 486.6 497.9 495.5 477.8 459.9 455.3 464.5 469.3 460.2 454.6 448.6 436.9 435.2 427.1 414.9 402.3 392.5 385.6 378.6 370 360 352.6 347.4
363.2 361.4 359.9 361 361.2 359.6 358.8 357.2 355.6 353.7 351.2 349 348.6 348.4 348.4 348.4 348.4 348.4 348.4 348.4 348.4 348.4 348.4 348.4 348.4 349.5 352.9 354.8 357.1 358.3 359.6 361.1 363.6 366.5 368.5 370.8 373.2 376 379.2 382.8 385.7 389 394.3 400.3 404 406.6 411.1 419 425.7 430.3 435.9 444.5 454.7 468.1 480.3 495.8 504.3 485.7 467.5 457.7 459.6 471.1 470.4 469 468.3 463.7 449.4 440.6 430 417.5 407.6 401.1 394 385.8 379.4 368 363.1 353.8
362 361.2 359.1 361 361.2 359.1 358 356.4 355 353.4 351.9 349.6 348.7 348.5 348.4 348.4 348.4 348.4 348.4 348.4 348.4 348.4 348.4 349.3 351.5 354.6 358.2 359.4 360.7 361.8 363.2 364.7 365.8 368.7 371.5 373.7 376.2 379.1 382.9 386.5 389.9 394.1 399.6 405.1 408.3 414.2 420.5 428 435.3 440.9 446.4 454.3 465.9 478.6 487.2 499.2 492.4 472.4 454.2 454.9 463 471.1 471.1 469 470.9 468.6 461.2 446 432.4 424 418.1 410.9 400.3 391.5 385.4 377.9 370.2 364.6
362.3 359.5 359.7 360.3 359.6 358.4 357.2 355.9 354.4 353 352.4 350.9 348.7 348.4 348.4 348.4 348.4 348.4 348.4 348.4 348.4 348.4 348.7 351.2 354.8 358.3 361 362.3 364.3 366.9 368.8 368.3 370.4 371.5 375.1 377.6 379.4 381.3 386.7 390.4 394.1 398.7 404.9 410.2 414.7 420 426.6 433.9 441.9 448.1 454.8 462.5 474.1 483.4 489.8 491.3 476.3 454.7 445.4 453.2 465.4 472 477.2 470.7 469.8 467.3 460.6 446.9 438.9 437 424.9 415.9 404.7 399.8 390.5 382.1 374 370.6
360.9 359.4 359.1 358.7 358.2 357.1 356 355 353.6 352.3 351.5 350.1 348.8 348.6 348.4 348.4 348.4 348.4 348.4 348.4 348.4 348.4 348.5 352.2 356.9 360.3 363.2 366.4 368.5 370.7 372.5 372 374.4 377.1 379.4 381.4 382.2 382.8 390.3 394.8 398.6 405.5 412 416.8 421.8 426.8 433.6 440.9 448 454.5 459 469 481.5 488.4 489.3 479.5 452.5 439.5 441.2 455.5 463.2 471.8 479.4 471.3 468.3 463.6 455.1 448.8 443.6 438.8 429.9 426.2 423.6 415.3 400.6 391.9 381.7 375.4
359.2 358.3 357.4 357.1 356.8 355.8 354.8 353.9 352.8 352.1 349 348.9 348.4 348.4 348.4 348.4 348.4 348.4 348.4 348.4 348.4 348.4 348.7 352.7 357.8 361.4 364.7 368.3 371.2 373.6 375.5 375.9 378.6 380.4 382.9 385.2 387.3 387.8 395.2 402.6 405.9 411 415.3 419.7 425.1 431.1 439.7 447.6 454.1 461.4 466.6 469.3 480.7 484.3 476 454.4 438.7 438 438.7 453.1 459.7 469.7 470.9 469.6 462.6 458.3 453.5 452.3 450.1 440.2 435 438.4 435.9 426.2 409.7 393.3 388.8 380.7
358.5 357.2 356.1 355.3 355.3 354.9 353.9 353 351.7 350.2 349.2 348.4 348.4 348.4 348.4 348.4 348.4 348.4 348.4 348.4 348.4 348.4 349 353.2 357.8 361.7 365.9 369.6 372.5 375.1 377.9 380.2 381.3 383.4 386 389.2 392 392.6 398.3 408.8 412 414.3 418.5 422.7 427.5 434.6 442.3 450.2 457.3 469.2 477.9 475.1 480.2 479.5 459.1 440.2 433.9 436.1 437.9 448.2 460.5 466.1 469 468.9 464.6 458.9 458.2 456.4 449.6 444.3 440.9 441.5 441.1 428 415.3 398.6 390.2 386.5
357.3 356.1 354.8 354 354.2 354.1 353.2 352.7 351.7 349 348.5 348.4 348.4 348.4 348.4 348.4 348.4 348.4 348.4 348.4 348.4 348.4 350.4 354 358 362.2 366.5 370.7 373.7 376.4 379.1 382 383.9 386.6 389.2 392.3 395.5 398.7 403.2 407.9 412.6 417.2 422.3 426 430.6 437.3 444.7 454.1 462.4 477 482.1 478.8 474 461 441.3 433.9 433.2 434.3 438 446 461 464.7 468.4 469 470.5 465.3 459 458.8 453.4 448.3 445.8 444.8 439.8 425.6 416.6 402.2 393.4 390.9
354.5 354.4 353.4 353.1 353.1 353 352.4 352.6 351.1 349.2 349.4 350.4 348.4 348.4 348.4 348.4 348.4 348.4 348.4 348.5 349.3 351.3 353.1 356.4 359.5 363.3 367.6 371.8 374.9 377.7 380.3 383 385.7 388.8 391.7 394.6 397.6 402 407.1 411.2 415.5 421.1 426 430.2 435.3 440.9 448.2 458.3 469.5 480.5 481.6 469 460.9 447.5 435.7 433.2 432.5 434.3 437.8 447 460.6 464.7 468 472.1 476.7 473.4 465 459.8 456.4 450.1 449.3 448.1 442.7 428.4 417.8 406.3 401.2 401.3
351.9 352.3 352.1 352.1 352.1 352.1 351.9 352.3 351.5 349.5 350.9 348.8 348.4 348.4 350.5 348.6 348.4 348.4 348.6 349.7 351.6 353.1 355.6 358.2 361 365 369.1 373.1 375.9 378.7 381.4 383.5 386 389.1 392.4 395.9 399.8 405.7 411 414.5 419.1 424.9 430.1 435.2 440.3 447.6 452 460.4 472.3 481.7 475.3 461.5 451 438.8 433.4 431.8 431.4 434.1 438 446.3 457.2 462.3 468.6 471.6 479 477.3 467.8 460.5 461.2 461.7 458 455.4 448.4 434.5 422.2 412.6 406.5 403.8
352 351 349.5 348.8 349 349.3 351.5 351.9 351.8 352.3 350.8 348.6 348.4 348.8 351.6 349.1 348.8 348.8 348.8 350 352.2 353.8 356.5 359.1 362.2 366.5 370.5 374.1 376.9 379.6 382.4 384.2 386.4 389.9 393.9 398.1 403.6 409.8 415 418 420.7 427.4 432.9 437.4 442.2 446 450.6 461.5 472.3 477.8 460.7 452.6 440.5 433.3 430.5 430.2 431.1 433.8 438 448 454.2 459.2 467 469.7 471.9 471.5 469.3 469.1 469.2 467.3 463.6 456.3 448.6 439 429.2 417.9 411.5 405.8
352.7 349.8 349 348.8 348.8 348.9 349 350.6 351 351.3 351.5 350.4 348.4 351 352.3 351.9 350.3 350.6 351.3 352.2 353.1 354.6 357.1 359.6 362.7 367.7 371.5 374.7 377.9 380.6 383.4 384.8 387.1 390.5 395.5 401 408.6 414.9 417.4 421.1 425.8 432.4 437.4 439.1 441.3 444 448.5 459.8 466.3 462.9 445.5 440.3 430.1 428.2 429 429 430.7 434.6 438.1 444.6 451.9 458.7 467 471.1 470.8 471.4 472.8 477.8 476.1 472.8 470 460.4 452.1 445 434.5 419.6 413.8 408.6
352.5 349.4 349.1 348.8 349 349.2 349.2 349.1 349.1 349 350.8 350.9 349.2 353.4 352.6 352.6 352.1 352.2 352.3 352.9 354 355.5 357.7 360.1 363.2 368.7 371.9 375.3 378.9 381.6 384.1 385.7 388.6 392.2 397.5 406 413.1 419.4 421 422.7 427.9 436.9 440.9 439.7 440.5 440.8 444.7 453.3 456.8 439.9 434.4 428 424.2 427.3 428.2 428.9 432.9 437.8 440.6 445.5 449.5 456.4 464.2 468.8 471.2 474.4 478.9 479.6 481 480.7 475.5 464.6 456.1 446.3 435.2 423.9 415.4 411.2
351.9 349.3 348.8 348.8 349 349.3 349.4 349.3 349.2 349.1 349.5 350.4 349.1 350.3 351.8 352.6 352.5 352.9 353 353.3 354 355.5 357.6 359.7 363 367.9 372 376 379.7 382.6 385 387.7 391.2 395.8 401.1 410.5 416.4 420.8 421.1 421.7 428.9 439.9 441.4 438.1 435.1 434.3 439 444.2 435.8 427.4 424.1 420.5 420.2 429.3 428.9 433.4 438.1 440.5 442.1 444.7 449 457.6 463.5 468.5 473.8 478.6 480.7 481.1 481.4 481.1 475.7 466.5 459 446.2 432.4 425.2 420.3 421.7
349.6 348.8 348.8 348.8 348.8 348.9 349.8 349.5 349.3 349 349.4 349.2 349.3 349.3 349.5 352 352.8 353.3 353.7 354.1 354.4 355.4 357.4 359.5 362.8 367.4 371.4 375.5 379.8 383.1 386.3 389.3 395.1 399.7 406.3 411.2 414.8 417.9 418 421.2 428.6 433.1 432.2 427.8 427.5 429.5 432.6 431.7 422.4 418.1 417.2 418.9 422.5 429.7 429.9 433.1 437.1 439.4 441.3 444.2 448.8 461 465.4 469.6 477.5 479.9 481.6 482.2 481.5 480.8 476.7 470.3 463.9 446.5 435.2 428.5 427 431.4
348.6 348.8 348.8 348.8 348.8 348.9 349.3 348.8 348.4 347.8 347.5 348.3 349.8 349.2 348.5 350.4 352.2 352.9 353.6 354.2 354.6 355.1 357.1 359.5 362.4 366.9 370.7 374.9 380.2 383.4 386.6 389.8 397.7 400.5 404.7 410 411.9 414.8 417.4 419.3 426.7 429.3 427.8 422.9 420.8 421.1 424.4 419 414.3 412.8 413.9 418.8 422.4 427.2 429 430.7 434.5 438.6 439 443.5 450 458.7 468.5 476.2 481.4 481.5 482.5 482.5 482.5 481.8 480.5 478.2 468 447.7 440.2 435.2 441.3 438.1
348.3 348.6 348.8 348.8 348.8 349.4 348.6 348.1 347.1 346.5 345.8 346.3 347.3 346.8 346.6 348.3 349.7 351.4 352.8 353.5 354.1 355.5 357.9 360.3 363.5 366 369.3 373.3 379.4 383.1 386.4 389.9 395.7 399.5 401.6 406 410.3 414.2 418.1 421.6 430.3 429.9 423.6 418.4 416 416.1 413.9 410.3 411.2 410 412.1 417.2 420.1 424.5 428.4 431.5 435.5 436.5 439.6 445.4 453 461.5 471.6 482.4 485.3 482.9 481.8 482.7 484.4 486.8 485.9 482.8 477.3 457.2 446.9 444.3 449.9 442.9
348 348.3 348.6 348.8 349 348.9 347.9 346.6 345.4 344.7 344 343.7 344.1 343.7 343.5 345.2 346.7 349 351.9 353.8 355.8 357.8 360.4 361.7 363.9 366.2 369 372.9 378.6 382.5 386 389.8 394.2 398 401.1 405.7 410.3 414.3 418.3 425.4 432.7 431.2 422.3 416.8 412.7 410.1 407.3 407.3 409.2 409.8 411.9 416.6 419.9 423.6 428.3 435.1 439.6 439.9 441.9 446.6 454.9 463.9 478.2 487.3 489.9 486 482.5 486.4 489.4 499.9 496.3 490.4 483.5 462.5 455.3 455.3 449.8 443.8
347.9 348.3 348.7 348.9 349.5 348.3 347.3 345.8 343.6 342.8 342.8 341.7 340.8 340.3 340.5 341.9 344.1 346.9 349.8 352.6 354.6 357.4 360.4 362 364.3 366.6 369.6 374.4 379 382.3 385.5 389.2 394.1 398.9 400.8 405.4 410.2 411 416.3 425.1 430.6 423 416.4 412.5 408 405.1 403.5 404.3 407.9 410.2 412.7 415.3 418.2 423.2 430.4 440.1 442.2 443.8 444.5 448.9 458.9 468.8 483 490.4 489 488.4 489.6 501 509.7 507 507.2 501.4 487.5 467.5 465.7 462.1 455.1 448.3
348.6 348.8 348.8 349.2 349 347.7 346.5 345.2 342.9 341 340.7 338.9 339 338.9 338.8 339.2 342.1 344.8 347.8 350.8 353.4 357.1 360.5 362.5 364.7 366.9 370.2 375.7 380.5 382.8 385.6 388.5 392.5 397.8 399.4 403.2 406.6 408.8 412.1 417.1 417.9 412.7 409.6 406.8 403.5 401 400.3 401.9 406.5 409.7 411.4 414.2 419.4 425.4 432.9 441.9 446.1 448.2 448.4 453.8 463.6 473.1 483.3 488.3 490.6 496.9 506.7 513.3 516.7 518.9 521.1 511.4 491.2 476.9 475.3 466.9 461.8 453.2
349.5 348.8 349 349.1 348.5 347.1 345.7 344.3 342.6 340.7 341.1 338.9 339.5 338.9 338.8 338.7 341.3 344.1 347 349.8 352.1 356.1 359.3 361.6 364.8 367.2 370.4 375.6 380.3 383 385.7 388.6 391.1 395.1 397.9 400.6 404 406 408 410 407.3 404.6 402 401.2 399.3 398.8 398.8 400.6 404 407.3 409.4 415 420.7 427.3 434.2 442.5 449.5 450.6 453 457 465.1 478.1 485.7 491.4 499 515 520.5 522.3 525.3 523.1 521.5 512.3 492 489.4 487.1 476.1 469.1 456.8
350.5 348.6 349.5 349.1 347.7 346.3 344.7 343.4 342.3 341.2 339.6 340.2 342.8 341.8 340.9 341.1 342.4 344 346.7 349.2 350.6 355.4 359.9 362.4 366 367.7 370.4 374.6 379.1 382.1 385 387.9 390.1 393 395.6 398.1 400.8 403.1 405 404.5 401.3 398.2 396.6 397 398 398 398.5 400 402.6 405.9 409.9 415.8 421.7 429.2 436.2 443.1 449.6 450.6 454.9 460.2 472.6 485 492.9 507.8 515.1 522 526.7 529.1 529.9 524.2 519.9 502.9 492.1 490.4 490.9 483.7 474.7 458.3
349.9 349.3 349.5 348.7 346.9 345.4 343.9 342.4 340.1 339 340.6 341.8 342.5 342.6 342.5 342.9 343.8 344.9 346.9 348.7 349.8 355 359.9 363.4 367 369.4 370.8 374 377.7 381 383.8 386.3 388.4 390.8 393.4 396.3 397.5 399.6 401.4 401.1 398.7 396.6 393.8 394.5 395.4 396.9 398.2 399.3 401.8 405.2 410 416 422 429.1 438.2 443.5 448.5 449.4 457.3 467 475.9 484.6 494.3 510.1 519.2 527.3 532.6 530.1 526.8 518.2 511.3 499 498 496.5 494.8 487.4 476.4 463.9
350.7 348.4 347.5 345.8 344.8 343.4 341.8 339.3 339.1 342 343.6 344.5 344.1 343.9 343.7 344.6 345.7 347 348.6 350.3 352.7 355 359.2 363.3 367.8 371.2 372.4 375 377.5 379.7 382.4 384.6 386.9 389.6 392.1 394.6 395.6 396.5 398.1 399.2 396.7 395.1 392.6 393.9 394.9 396.8 398.4 399.3 401.6 404.9 409 414.7 420.8 427.8 438.2 442.9 446.2 450.4 462.7 471.3 475.8 483.3 491.8 501.3 513.4 522.9 529.5 524.8 517.4 511.5 510.5 509.2 507.3 502.8 501.4 500 488.5 475.4
350.5 348 345.3 342.8 341.9 341.3 339.4 340.1 344.7 349 347.1 347.1 346.1 345.7 345.9 346.5 347.7 349.1 350.6 352.4 355.8 358.1 359.9 363.6 368.4 371.3 373.5 375.6 377.3 378.9 381.1 383.6 385.9 388.8 391.3 392.6 393.7 394.6 395.2 394.5 394.7 394 392.8 393.7 395.1 397 399 400.7 402.9 405.4 409 414.1 420.9 429.1 436.7 442.3 446.2 453.9 463.7 471.1 476.1 482.4 486.5 495 504 511.9 517.2 513.5 510.7 509.9 508 518.5 518.2 510.2 506 502.5 500.9 490.7
346.9 343.5 341.8 340.6 340.1 339.2 339.8 339.7 346.8 350.5 348.8 348.4 349.3 347.7 348 348.2 349.8 351.1 352.9 356.1 359.9 360.5 362.2 364.8 369.7 371.9 373.5 375.2 376.8 378.1 379.6 382.3 384.9 387.2 389 390.7 391.6 392.2 392.7 390.4 392.8 393.3 392.5 393.3 394.3 396.6 398.9 401.6 404 405.2 408.8 413.5 419.6 426.9 432.6 439 443.2 451.8 461.5 467.9 474.9 480.8 479.8 490.7 495.7 502.5 506.8 505.8 504.1 501.9 510.5 519.2 520.3 517.9 509.3 501.2 498.2 493.7
344 340.3 340.1 338 335.9 338.8 339.3 340.8 347.2 350.7 349.2 348.8 350.7 348.5 348.7 349.2 350.5 352.8 355.5 359.1 361 360.9 364 367.3 371.1 371.5 373 374.7 376.2 377.5 378.9 381.8 384.4 386 387.2 388.2 390 389.9 391.4 389 391 390.8 391 392.4 393.1 395.7 398 400.4 402.8 405.1 408.5 412.2 416.5 421.5 427 432.8 439 446.7 454.7 461.8 467.2 472 473.6 480.2 486 492.4 501.4 501.2 499.1 498.6 512.9 520.9 520.8 521.2 506.5 499 498.5 498.2
340.9 338.7 334.6 332.2 330.6 338.1 339.9 343.3 348.8 350.9 349.6 349.9 350.9 348.9 348.9 349.1 351.4 354.2 357 359.4 361.2 362.2 365 366.3 368.6 371.5 372.8 374.2 375.7 377.2 379.1 381.8 383.2 384.3 385 385.2 386.9 388.7 389.7 389 390.3 390.3 389.2 390 392.6 394.5 396.5 398.8 401.2 403.4 406.3 410.5 415 419.5 424.6 429.8 435.8 442.5 450.5 455.2 459.1 462.8 467.5 472.5 479.7 485.2 492.2 495.8 496.2 497.6 511 521.8 524.8 511.7 501.8 498.2 498.1 504.9
339.1 332.9 329.7 328.9 330 340 343.3 345.4 348.5 350.1 349.5 349.9 350.9 350.9 348.8 349 351.7 353.9 356.5 359.2 361 362.7 364.1 365.5 367 370.7 372.4 373.8 375.4 376.8 378.1 380.1 381.4 382.5 382.7 382.9 384.2 386.5 387.6 388 389.3 388.7 389.1 388.8 391 392.2 394.6 397.8 399.5 401.6 405 409.4 413.6 418.2 422.8 428.4 433.2 438.7 445.6 449.8 453.8 458.6 468.3 473.5 478.5 482 487.6 489.4 492.8 499.2 510.6 516.1 513.8 509.1 502.3 498.4 508.8 514.4
330.9 328.9 330.7 331.3 335 341.2 346 349.2 348.7 348.8 348.8 350.6 350.9 350.9 348.8 348.9 350.3 353.1 355.4 357.9 360.8 362.1 363.5 364.9 366.5 369.3 371.6 373.4 374.8 376.2 377.2 378.5 379.8 380.3 381.1 381 382.4 384.4 386 386.6 387.3 387 387.7 388.8 388.9 391.4 394 397.3 399.9 401.2 404.9 409.6 413 416.9 420.9 425.6 431.1 436.4 441.8 447.2 452.6 459 468.5 474.2 479.2 482.9 486.7 488.8 492.3 497.8 505.8 511.2 511.2 511.2 499.7 506.7 511.4 511.8
