data/300000-830000.asc
ncols 200
nrows 200
xllcorner 300000
yllcorner 830000
cellsize 50
[rows 70 to 104 of 200, columns 0 to 77 of 200]
293.7 293 292.7 292.3 290.9 287.8 290.9 292.9 295.3 298.7 299.1 299.9 305.1 305 301.6 302.8 304.3 306.9 310.2 310.8 312.7 315 318.8 322.7 324.2 324.4 324.7 325.1 325.5 327.5 330 332.5 335.6 340.2 344.8 351 357.9 367.9 379.2 386.7 395.2 399.9 402.3 404.8 410.3 413.5 414 421.3 423 422.5 419.2 415.4 416 417.5 414.2 410.4 406.6 403.4 397.7 392.3 386.4 381.1 373.7 366.7 360.3 357.4 355 356.4 359.8 363.6 367.5 373.3 379.8 384.6 388 391.1 392.8 391.8
293.7 294.1 294.1 293.6 292 289.5 291.9 293.2 295.1 297.4 298.9 304.9 307.8 307.1 304.8 305.1 304.4 305.2 306.9 308 309.2 313.7 317.8 322 324.4 324.9 325.3 325.7 326.2 328.3 331.2 334 337.5 342.1 347 354.1 361 371.7 382.2 391.4 401.3 407 410 412.4 417.1 419.4 419.2 426.5 429.2 428.3 424.3 419.8 419.2 417.4 414.5 410.9 407.6 404.4 399.7 394.7 390.8 385 377 369.7 364.3 361.3 358.8 357.5 361 364.3 367.8 373.2 379.6 386 388.6 390.1 390.5 389.6
294 293.9 293.7 293.5 292.7 291.2 291.9 293.6 297 297.9 300.3 307.1 309.2 308.1 307 307.4 306.8 309.9 308.6 308.3 309.5 310.3 317.8 322 324.2 325.2 325.6 326 326.9 329.4 332.3 335.3 339.5 344.1 350 357.2 364.4 374.5 384.5 395.7 406.8 413.5 416.5 417.9 422.9 424.7 425.8 431.2 433.5 432.2 428.3 423.9 421.1 417.3 413.9 411.1 408.9 405.1 401.6 396.4 393.3 388 380.2 374.2 367.7 365.1 362.6 361.4 361.2 365.5 368.8 374.9 381.3 386.6 388.8 390.3 390.9 390.2
294.5 294.3 294.4 294.4 294.5 293.9 291.3 294.3 302.8 299 302.6 308.1 308.6 308.3 305.3 307.7 306.4 308.9 311.5 308.3 309.4 310.4 316.2 321.3 323.7 325.4 325.9 326.7 327.6 330.3 333.5 336.9 341.4 346.4 351.7 359.5 368.6 377.1 387.7 401.1 411.7 419.3 422.2 423.5 428.1 431.7 431.7 434.5 436.9 435.5 431.3 426.7 422.6 418.8 415.1 412.2 409.8 406.5 403.5 398.5 394.6 390.1 384.1 376.5 371.7 368.2 366 365.1 362.4 366.2 370 376.1 382.9 387.2 389.2 390.6 391.2 391.4
295.5 294.8 294.8 294.9 294.9 294.3 291.9 294.9 301 299.7 303 307.4 307.2 304.4 303.2 304.6 306.1 306.6 307.1 307.6 310.3 310.4 314.4 319.8 323.4 325 326.4 327.4 328.3 331 334.5 338.7 343.2 348.2 354.2 361.7 370.4 379.7 391 404.6 416.9 424.3 426.7 426.3 434.1 438.6 437 437.2 439.1 437.5 433.4 429 424.8 420.8 416.4 413.4 410.8 408.2 405.3 401.7 396.6 392 385.6 379.4 374.9 372 369.6 368.7 367.1 367.9 371.3 376.7 383.6 389.1 391.4 391.9 392.4 394.4
296.7 295.4 295.3 295.3 295.4 294.7 292.9 295.3 300.4 300.6 301 304.8 303.7 302.6 301.8 305.8 307.8 305.8 305.9 307.7 309.6 312.1 313.3 318.1 322.1 324.5 326.1 327 328.6 331 335.3 339.6 344.8 349.6 356.6 364 374 383.2 394.8 408.4 420.8 427.7 429.5 430.4 441 444 441.9 440.8 440.4 439.3 435.2 430.5 426.1 422.6 418.2 415.7 413 410.2 407.4 405.8 398.5 394.1 389 382.2 378 374.9 372.8 371.8 370.7 369 373.1 377.6 384.8 390.2 392.7 393 393.2 396.2
297.2 296.1 296 296 295.9 296 291.7 296 301 302.6 303.7 301.6 301.1 301 301.4 302 307.6 305 305.7 308.2 309.8 310.8 313.6 318.4 321.2 324.1 327.2 327.9 328.6 331.2 335.8 340.3 345.8 352.2 359.1 366.4 376.3 385.9 397.1 411.4 424.7 430.8 431.6 434.2 449.2 447.4 445.4 443.3 442.2 439.9 436.7 431.9 427.4 424.1 421 418 414.9 411.8 410.2 408 401.8 396.5 391.9 385.9 381.1 378.1 376.2 375 373.9 371.4 373.9 378.6 384.9 391 393.4 394.8 395.2 397.7
298.8 297.5 297.1 296.8 296.7 297.5 292.8 299.9 302.2 303.8 310.1 303.5 301.1 300.7 301.3 301.7 306.1 304.7 307.5 311.2 310.7 310.8 314.5 316.9 321.5 324.5 327.3 328 329 331.4 336 340.9 346.7 353.4 360.4 368.8 378.4 389.7 399.5 415 425.3 432.8 434.1 439.7 452.4 452.7 450.3 446.2 443.6 441 438 433.9 428.5 425 422.3 419.2 416.1 413.9 412 408.5 404.2 399.4 394.8 388.1 384.1 381.3 379.5 378.3 377 375.2 374 378.3 385 391.7 394.7 396.6 397.5 399
301 298.8 298.4 298.1 297.6 297 295.1 305 302.6 303.2 309.9 304 302.2 301.3 301.6 302.6 305.5 303.2 307.8 311.6 310.9 311.4 313.4 315.9 322.7 325.4 327.5 328.5 329.3 331.5 335.9 341.1 347.4 354.6 362 369.7 380.3 389.9 401.6 415.1 424.6 433.2 436.6 443.5 454.2 453.9 451.4 447.5 443.7 441.3 438.7 434.2 429.4 425.4 423.4 420.3 418.1 416.2 414.2 410.7 406.3 401.6 397 391.8 386.8 384.4 383.3 381.3 379.2 377.4 376.7 379.5 384.1 393.2 396 397.9 399.5 400.3
303 300.8 299.6 299.2 298.2 297.5 295.4 305 302.4 302.7 306.6 304.2 303 302.2 301.4 302 303 303.2 303.6 307.8 308.8 311.9 313.2 316.3 323.9 325.3 327.8 330.7 329.9 331.7 335.5 341.2 348.1 355.1 362.8 371.4 381 390.4 402.7 414.9 424.4 431.9 438.1 446.5 451.4 453.8 452 449.7 444.4 442.1 439.3 434.6 429.8 426.6 424.4 422.2 419.9 417.7 415.4 412.5 408.8 404.7 400.5 395.4 389.2 387.1 386.3 384.7 382.3 380.8 380 380 385.3 394.4 397.4 399.8 402.4 402.7
304.2 302.3 300.5 299.3 298.4 297.4 295 305.9 302.1 302.7 306.1 305.2 305.8 302.7 301.9 302.1 304.4 303.5 304.1 307.3 309 308.9 309.8 315.4 323.9 324.4 326.2 328.8 329.5 330.8 334.9 340.7 348.3 355.8 363.1 372.3 381.1 391.2 403.6 413.9 424.7 431.2 438.6 445.9 452.7 453.3 452.8 450.5 445.2 441.6 440 434 429.8 427.7 425.7 423.4 421.2 419 417.6 414.6 411.1 407.5 404.4 399.3 393 390.1 389.5 387.8 386.1 384.5 382.8 381.2 385.9 394 398 401 404.7 405
305.2 303.3 301.4 299.6 298 296.3 294.7 301.7 299.9 300.8 303.7 306 305.2 303.9 303 302.8 306 304.6 305.1 305.6 309.8 307.1 309.7 314.9 321.6 323.8 324.8 325.8 326.9 329.1 333.8 340 347.7 355.3 363.5 372.7 380.9 391.1 402.3 412.3 423.3 429.3 435.7 444.9 451.2 451.9 452.2 449 446 443.3 439.7 434.1 430.4 428.6 426.7 424.5 422.5 420.8 419.6 416.8 414 412 409.3 404.4 398.7 394.7 392.7 390.4 388.6 387.6 385.9 383.5 387 392 397.3 401.6 406.6 406.6
307.2 303.5 301.7 300 297.9 295.8 307.1 298 298.1 300.1 303.8 304.8 305.9 307.2 303.2 302.6 305.3 304.6 304.3 304.7 305.3 306.4 309.4 313.2 320.2 322.3 323.7 323.2 324.3 326.8 331.7 339.3 346.2 354.8 363.3 372 380.4 390.3 402 411.7 419 425.5 430.9 439.9 446.7 449 448.9 446.9 444.3 441 437.4 432.4 430.2 428.9 427.3 425.4 423.7 422.9 420.9 419.4 417.5 416.6 415.1 410.3 405.9 400.1 397.5 393 391.6 390.6 389.1 387.4 388.1 390.5 396.2 402 406.5 406.8
308.8 303.9 301.8 299.8 297.9 296.3 296.9 295.7 297.7 302.1 305.8 305.9 306 308.6 304.2 302.6 303.5 303.9 303.9 304.5 305.1 307.5 308.6 313.7 316.9 320.7 323 322 322.7 325.2 329.6 337.3 345 353.3 362 370.9 380.2 389 399.7 408.7 413.8 420.2 425.7 431.8 439.7 443.8 444.1 443.8 440.8 437.8 434.7 431.8 429.5 428.7 427 426.4 424.9 424.7 423.4 422.8 421.8 421.2 420.2 416.3 412.3 406.9 403.6 397.6 394.7 393.6 391.8 390 388.7 391.2 394 400 404.3 406.6
311.2 305.5 301.9 299.8 298.9 298.1 298.3 297.4 297 302.4 307.4 307 307.4 308.1 306 302.9 303.1 303.7 305.3 306.2 305.8 307.9 308.1 308.6 314.4 318.5 319.7 320.1 320.4 323.5 327.7 336 343.5 352.1 361.3 370.4 379 387.1 396.6 404.9 410.4 415.5 420.8 425.7 431.8 436.5 437.8 438.7 437 433.9 431.9 430.3 428.9 427.7 427.1 426.9 426 426.4 426.7 427.4 426.6 425.9 425.4 421.6 417.8 413.6 408.6 403 399 395.9 393.8 391.9 389.9 391.3 394.7 397.7 401.6 405.6
314.7 307.8 303.2 301 300.1 299.8 300 299.2 298 303.5 307.9 308.3 308 308.2 305 303.1 302.9 304 305.5 306.2 306.8 307.1 307.2 307.8 311.7 314.7 316.8 317.3 318.7 322.7 326.1 333.7 341.4 350 360 369.2 377.5 384.9 392.9 399.8 405.7 410.8 415 418.7 424.2 428.6 431.2 432.3 431.4 428.4 428.6 428.6 428.5 428.3 427.4 427.4 427.7 429 431.4 432.4 432.3 432.2 431.9 428.9 423.8 418.7 413.6 408.3 403.3 398.9 395.7 393.1 390.5 392.5 395.7 398.3 400.4 403.8
319.3 311.3 305.7 302.2 300.9 300.8 300.6 301.2 298.5 303.8 308.3 311.3 309.6 307.9 308.1 304.3 303 304 304.8 305.4 306 306.5 307.1 307.4 309.8 313.5 314.4 315.2 318.1 321.3 323.9 331.2 339.3 347.8 357.8 367.6 374.9 381.5 388.3 394.6 400.4 405.2 409 413.2 416.5 420.8 424.6 426.5 426.1 424.7 425.5 427.8 429.2 429.2 428.7 430.4 432 431.4 434.1 438.2 439 439.8 440.4 438.5 432.1 425.7 420.1 416.4 410.8 404.8 398.5 395.5 392.3 393.6 397.1 399.1 401 403
323.5 314.7 308.9 303.6 301.9 301.5 301.4 301.5 297.8 304.7 309.3 311.5 311.2 309.2 307.7 308.4 304.9 303.7 303.6 304.3 304.8 305.8 306.4 306.8 308.2 311.4 313.1 314.8 315.4 319 322.4 327.9 336.5 345.7 355.6 364.5 371 377.7 383.2 389.5 394.7 399.2 403.7 406.9 409.7 413.1 417.1 419.9 421.3 421.9 424.1 426.7 428.6 429.1 430.1 432.4 433.9 434.2 440.7 446 446.6 445 446.8 446.2 439.1 434.5 429 424.3 416.7 412.2 405.5 398.7 394.3 395.2 397.8 399.9 401.5 403
329.8 318.4 311.5 305.9 303.1 302.7 302.2 298 300 305.7 310.8 312.9 313.1 311.3 308.8 308.1 307.6 304.7 304.9 305.2 304.9 304.4 305.2 306.2 307.7 309.6 312.4 313.5 314.7 316.2 320.5 327 333.8 342.2 352.3 361 367.1 372.5 379.2 386.3 389.6 393.3 397.6 401.4 404.4 406.6 410.4 414 416.3 418.7 421.3 424.6 426.7 428.3 429.9 432.2 433.9 437.7 446.7 450.9 452.1 452 456.4 457.9 448.6 439.2 434.8 431 422.7 417.1 409.8 403.3 398 395.5 398.2 400.5 402 403.4
335.3 323.1 314.6 308.4 304.4 303.4 305 299 301.1 305.2 312.1 314.6 314.6 312 309.8 309.3 308.3 306 306.3 306.2 305.7 305.2 305.3 306.2 307.5 309.6 312.2 313 314.5 316 319.6 326.8 332.3 339.1 348.8 357.5 363.3 369.8 374.9 380.6 385.3 388.1 392 396.1 399.3 402.2 405.8 409.6 412.6 415.2 418.7 422.4 424.5 426.5 427.7 430.6 434.1 440 449 454 456.1 456 461.5 465.4 458.7 447.2 440.1 433.8 427.7 420.2 413.9 407.4 399 396.2 398.6 400.7 402.4 403.8
341.9 329.2 317.6 310.4 305.7 304.2 304.3 300.8 300.4 304.2 311.3 313.6 314.3 312.9 309.8 313.4 309.6 307 307.1 307.1 306.5 305.9 305.3 306.1 307.9 312.1 311.5 313 314.4 315.8 318.8 323 329.8 337.2 345.7 354 360.1 365.2 369.8 374.7 379.9 384.2 388.6 391.4 394.4 397.5 401 405.4 409.5 412.3 415.3 419.2 422.2 423.1 424.2 427.4 432.3 438.2 447.4 453.3 458.3 459 462.8 472.7 465.7 455.3 449.6 437.1 430.1 423.3 418.6 411.5 403.2 398.4 399.3 401 402.7 403.9
347 333 321.4 313.7 307.8 304.7 304.8 302.7 301.1 304.1 310.3 313 313.6 312.6 312.1 317.2 309.8 307.9 307.7 307.5 307.5 306.8 306.1 306.1 309.5 311.3 310.9 312.8 313.7 315.3 318.1 321.4 326.4 334.1 342.2 349.4 355.9 360.6 364.9 369.1 374.9 380.1 384.7 388.8 391 393.7 398.7 401.5 404.7 407.4 412.2 415.5 418.3 419.4 420.9 424.2 428.8 434.2 441.1 446.9 454 458.3 462 471.2 471 461.8 456 442.2 434.1 427.9 422.9 415.5 407.3 400 400.7 402.4 403.5 404.8
349.2 338.4 326 317.8 310.5 306.1 304.3 305.5 301.8 303.8 309.2 312.4 313.5 313.3 313.1 320.3 310.8 308.6 308 307.9 307.7 307.7 307.3 306.8 309.9 310.6 311.4 312.7 313.3 315.2 317.7 321.9 325.6 331.4 338.7 345.2 351.5 356 359.5 363.6 369 374.7 380.5 385.1 388 390.9 394.8 397.2 399.9 403.3 407.8 410.9 413.7 415.4 417.7 420.8 423.6 428.4 434.5 439.8 445.3 451.2 457 464.1 471.1 464.5 460.4 446.6 439.8 431.8 426.6 420.1 411.5 404.2 401.5 402.8 404.1 405.6
353.4 341.9 329.4 320.9 313.1 308.5 305 303.3 301.5 303.7 308 311 313.1 313 317.4 320.7 310.6 308.5 308.4 308.2 308.1 307.9 307.7 307.7 309 310.4 311.7 312.3 313.6 315.2 318.6 321.7 325 330.1 334.8 340.6 347.1 351.5 355 358.9 363.8 368.9 374.9 379.3 382.8 385.9 391.3 394.2 396.7 398.7 402.5 405.5 408.4 410.8 412.2 414.8 417.5 422.4 428.1 432.9 437 443.1 450.8 457.9 461.9 461.5 458.7 450.5 443.8 435.7 429.1 423.5 416.4 408.5 404.6 403.8 405.8 407.9
354.4 344.2 332.5 323.6 316 311 307 304.7 303 304.2 306.3 309 311.5 311.8 318.2 329.1 312.5 308.9 308.7 308.6 308.4 308.3 308.4 308.6 308.6 309.6 312.1 313.3 314.4 314.9 317.1 320.1 324.1 328.4 333.1 337.9 343.9 347.4 350.8 354.5 358.8 362.9 369.2 375.2 378.3 382.4 386.8 390.2 392.1 393.9 396.7 399.6 402.1 404.5 407.9 410.5 413.2 415.9 420.9 425 430.7 437.6 445.2 451.6 455.2 456 456.2 453.4 447.7 439.6 431.7 428 421.2 412.5 405.8 404.8 407 409.5
356.2 345.6 336 327 320.3 313.7 309.2 306.5 304.7 301.9 304.1 306.3 309 309.4 316.6 321.9 317.2 309 309.2 309 308.9 308.8 308.9 308.8 309 309.8 311.1 312.2 313.7 315.3 317 320.3 322.8 326.6 331.3 336.2 340.7 344.8 347.6 350.7 355.2 359.9 365.3 370.5 374.5 377.9 380.9 385.7 388.8 391.9 394.7 397.1 398.3 400.7 404 406.8 409 411.8 413.3 418.4 422.7 431.2 439.1 445.1 449 451.3 451.8 450.9 447.7 442.2 434.9 431.5 425.7 416.6 407.4 406.1 408.5 411
357.4 347.6 338.2 329.8 322.5 317 310.8 307.8 306.8 304.6 302.7 306 308.9 308.6 313.6 309.2 307.7 309 309.8 309.3 309.3 309.3 309.1 308.8 309.3 310.7 313.1 311.7 313.3 314.9 317.3 319.7 322.9 326.3 329.6 334 338.7 342.8 344.8 347.6 351.8 356.9 362.1 366.6 370.8 374.3 377.8 382.2 386.5 389.5 392.4 394.7 396.2 397.6 399.5 403.3 406 408.7 412.4 416.3 417.3 422.5 430.6 437.2 442.2 445.5 447.5 447.5 444.8 441.6 437.1 431.4 426.7 415.6 409.5 407.8 409.3 411.8
358.1 349.2 339.9 332.9 325.3 318.9 312.5 309.5 308.3 305.9 303.4 304.1 306.7 308 307.6 307.2 306.9 308.8 313.4 309.8 309.6 309.1 309.3 309.3 310.3 311.4 314.1 312.6 313.3 315.2 317.1 319.5 322.7 325.7 328.6 332.2 336.8 340.2 342.5 345 348.5 353.7 359.7 365.1 369.2 372.1 376.3 380.1 383.7 386.7 389.8 392.1 393.2 394.2 396.4 399.5 402.8 406.8 409.5 413.2 415.8 418.6 424.7 430.4 436.4 439.6 442.7 444 442.3 440.2 437.6 432 425.7 416.5 411.6 410 409 412
358.2 350.6 340.9 333.8 326.9 320.3 314.2 311.2 309.1 306.5 305.2 303.6 304.9 305.9 306.7 306.5 306.9 307.6 315.5 311.4 310 308.3 308.6 310.3 311.2 311.9 312.6 313.3 314.4 316.1 317.9 319.6 322.2 325.3 328 330.6 334.2 337.1 339.3 341.8 345.7 351.4 357.1 363.1 366.2 370.6 374.8 378.7 381.9 384.5 387.1 389.4 391.9 394 395.5 398.6 401.6 404.5 407.6 410.4 413.6 417 420.5 424.7 430.9 435.6 437.9 440.2 440 439.1 436.3 431.5 422.9 417.9 414.4 411.7 410.8 413.1
358.8 350.5 341.9 334.7 328.3 321.8 316.3 313.3 310 307.2 305.7 304.2 303.8 304.7 304.9 305.1 305.5 305.3 307.9 306 305.9 308.3 310 310.8 311.8 312.4 313.1 314.5 315.6 317.3 318.7 320.1 322.2 325.2 328.8 330.7 332.5 334.7 336.7 339.4 344.1 349.8 355.3 360.6 365 369.4 373.9 377.3 380.5 383.7 386 389.1 392 394 395.2 397.9 400 401.2 405.4 408.6 412.3 416.2 418.4 421.6 426.6 433 435.4 437.6 437.6 437.4 434.9 429.7 425.2 421.5 419.6 414.3 412.9 414.1
358.8 350.8 343.2 336.7 330.8 324.2 317.8 313.5 309.6 307.7 306.2 305 304.1 302.7 303.7 304 305.4 305.4 305.8 305.8 305.4 304.3 306.5 310.3 311.3 313.1 314.1 315.2 316.4 317.8 319.3 321.3 323.6 326.3 329.6 331.7 333.1 334.2 336.4 339 341.7 346.8 352.8 358.9 363.8 368.3 372.7 376.9 379.4 382.6 385.1 387.4 391.1 393 394.5 395.5 396.9 400.4 403.7 407 410.6 414.8 417.4 420.3 424.6 429.9 432.8 435.3 435.7 435.7 431.5 429.2 427.6 426.3 424.1 418.3 415.8 415.6
359.2 351.3 345 339.1 331.9 325.3 319.3 313.8 309.5 307.9 307 306.3 306.1 304.9 306.2 306.8 309.9 309.2 308.6 308.1 307.1 305.2 306.1 308.7 310.5 312.3 314.9 316.4 317 318.9 320.9 323 325.1 327.8 330.8 332.5 333.8 334.7 336.1 338.7 341.1 344.4 350.7 356.5 361.8 367.1 371.7 376.2 378.9 381.6 384 386.1 388.7 391.5 393.1 394.2 396.7 399.1 402 406.1 410 412.9 416.4 419.8 423.2 426.6 430.9 433.3 434 434.3 432.7 431.4 431.1 430.4 427.6 421.7 417.9 417.3
358.3 352.7 347.4 339.6 332.5 326.1 320.2 314.6 310.6 309.3 308.3 307.4 307 305.6 305.6 309.2 310.5 309 309 308.4 307.3 305.2 305.4 307.1 309.3 310.9 314.9 316.7 317.8 319.7 322.2 324.7 326.7 329.2 331.3 332.8 334 335.2 336.1 338.5 340.8 342.8 348.6 354.9 361 365.5 369.6 375.1 377.8 380.5 383.2 385.2 387.7 390.4 391.8 393.6 396.1 398.1 401.4 404.3 408.5 411.4 415.2 419.4 422.4 425.1 429.2 432.1 433.1 433.7 434.8 434.9 434.5 433.5 429 425.5 420.6 418.3
356.8 350.9 345.4 338.3 332.1 325.3 320.5 315.6 312.2 310.9 309.8 308.7 307.8 306.8 305.1 307.1 308.4 308.9 308.9 308.5 306.5 305 305.7 306.6 308.4 311.6 314.7 317.3 318.6 321.3 322.6 325 327.5 330.1 331.9 332.8 333.9 335.5 336.5 338.2 340.4 341.5 347.4 354 360 364.9 370.1 374.1 377.4 380 382.4 385 387.6 389.5 390.9 392.3 394.1 398 401.3 403.9 407.2 411.1 415.5 419.4 421.4 424.2 428.2 430.9 432.3 435 437.1 437.7 436.1 434.1 432.9 429.9 424.2 419.1
356.2 350.6 345.5 340.3 333.2 326 320.7 316.4 313.6 312.7 312 310.7 308.4 306.9 305.4 306.8 304.5 304.5 304.5 308.7 306.9 305.4 305.7 307.1 308 311.3 314.6 317.5 319.5 322.4 324.1 325.4 328.2 330.8 332 332.8 333.8 335.7 336.8 338 338.3 340.2 347.1 353.3 359.1 364 368.9 373.1 376.2 379.9 381.9 384.8 386.8 388.7 389.6 391.2 392.8 397.1 401.2 404.2 407.7 410.9 415.2 419 421.6 423.8 427.6 429.7 431.5 435.9 439.5 440.1 439.1 436.9 434.6 431.1 425.1 418.1
