data/300000-610000.asc
ncols 200
nrows 200
xllcorner 300000
yllcorner 610000
cellsize 50
[rows 105 to 139 of 200, columns 0 to 77 of 200]
314.9 317.2 320.9 326 332.2 339.1 347.2 354 359.2 361.3 360.3 355.3 347.2 337.7 328.8 320.1 324.9 335.9 341 344.2 345.9 346.3 347.5 347.9 347.3 348.8 349.3 344.5 338.7 343.1 345.8 350 352.7 354.6 355.8 357.4 359.6 362.3 365 369 371.9 372.4 376.4 382.8 388.8 394.9 401.3 405.5 408.7 407.9 401.5 408.2 419.1 433.6 443 451.1 455.6 456.3 455.4 454.5 452.7 451 448.9 444.9 439.9 433.8 430.2 427.2 425.5 424.3 424 424.8 427.1 429.5 431 431.6 431.8 430.4
313.1 315.8 319.9 324.5 329.7 336 342.2 348 352.5 353.9 352.5 347 339.4 329.4 318.1 326.4 336.7 343.9 349.4 353.3 356.1 356.3 356.5 357.7 357.5 357.4 356.1 355 352.9 353.4 355.8 357.6 358.9 360.2 360.1 361.7 363.9 366.7 370.4 374.7 378 379.9 382.3 386.7 392.8 398.9 406 412.3 416.2 416.8 413.5 411.2 422 435.6 446.6 453.9 459 459.5 456.5 453.8 450.8 447.3 444.7 441.6 434.3 432.2 429.4 426.8 425.9 425.4 424.8 424.8 427 429.5 431 431.1 430.4 429.1
312.5 313.6 318.1 322.4 326.7 331.5 337 341.8 345.9 345.7 344.1 338.5 331.7 321.6 318.8 331.6 342 350.2 357.6 362.2 367.2 369 369.2 368.1 367.5 365.3 363.4 361.1 359.8 361.3 364 365.7 366.9 367.6 367.2 367.4 370 372.1 377 381.3 385.1 387 389.1 392.3 397.3 404.7 411.7 418.3 424.2 425.5 424 421.6 427.7 437.8 448.9 456.1 460 459.9 456.5 451.6 446.2 442.2 438.7 433.7 432.1 431 428.7 426.9 426.4 425.9 425.5 426 427.8 430.3 430.5 430.9 430.9 429.5
310 312.5 316.7 320.6 324.2 326.7 332.5 336.7 338.9 339.1 336.3 330.4 324.6 316.5 323.4 335.5 346.6 358.6 369 374.3 378.7 381.1 380.2 378.3 375.3 373.2 370.7 368 366.6 368.3 370.4 372.5 373.7 375.3 375.5 376.2 377.8 380.1 384.9 388.6 391.8 394.2 396 398.1 403.5 410.9 418 425.1 431.8 434.7 434.1 431.8 432.9 440.6 450.9 457.6 460.3 458.8 454 447.5 440.8 435.1 429 428.6 428.9 428.6 428.1 426.7 426.1 426.3 426.4 427.7 429.2 430.5 430.5 430.5 430.8 429.9
310.5 311.6 315.1 319.7 323.3 325.2 327.9 331.8 333.2 332.2 329.6 325 320.4 313.7 327 339.6 354.8 367.9 377.8 382.6 386.5 388.5 387.8 385 382.2 379.5 375.6 372.8 370.8 371.1 374.1 376.7 378.9 381.5 384.4 386.3 388.9 390.8 393.5 397.1 399.3 402.2 403.3 404.9 410.3 417.4 424.3 432.4 438.2 442.1 443.8 443.6 442.1 446.2 453.3 458.6 459.2 454.2 449.4 441.6 434.1 425.2 423.6 424 424.6 424.4 424.8 425 425.3 425.7 427.4 429.3 430.7 430.8 430.8 430.8 430.8 429
306.2 310.8 314.8 318.8 322.3 324.8 326 326.7 328.1 326.7 323.8 319.1 314.7 311.3 330.7 343.8 359.1 372.5 381.3 387.6 392 393.6 391.5 389.7 386.1 381.7 377.1 373.1 370.9 371.9 375.6 380.2 384.4 387.1 390.2 393.5 396.3 399.5 402.9 406.1 408.7 410.7 411.9 413.3 416.2 422.9 430.5 437.1 443.6 448.4 450.4 453.9 454 453.6 453.9 456.3 455 449.7 442.9 434.1 424.6 418.8 417.8 419.5 419.2 418.9 419.9 421.9 423.2 425.3 428.8 430.5 431 431 431 431 430.9 428.7
305.8 311.5 311 318.1 321.1 323.2 324.6 324.6 324.2 322.5 319.7 314.4 307.3 311.4 329.5 344 357.7 372.7 382.2 390 395.5 395.1 390.7 388.7 384.3 380 375.2 371.2 369.5 371.2 376 380.6 386.5 389.9 394.1 399.8 403.6 407.5 411.1 413.8 416.2 418.1 419.3 421 424.4 428.5 433.8 440 446.7 453.5 457.5 460.4 461.4 459 453.9 451 447.9 441.8 434.6 425.6 415.7 410.9 414.3 414.8 414.5 414 416.7 419.3 423.3 427.3 429.9 431.4 431.2 431.2 431.2 430.9 430.1 427.3
299.4 309.1 311.3 311 318.8 320.9 322.7 322.7 321.6 319.9 316.8 310.4 302.6 314.4 328.1 342 354.4 366.9 378 385.2 390.4 390.3 386 382.1 378.3 373.9 370.6 368.1 365.8 370.4 376.1 380.6 385.3 390.4 397.4 404.4 408.8 413.2 417.5 420.6 422.4 424.6 426.4 428.5 431.7 434.7 437 442.2 448.2 454.9 460.7 464.4 463 457.9 450.3 443.4 438.5 430.5 423.5 416.2 409 406.4 407.5 408.6 411.4 412.8 414 417.9 426.7 430.7 431.7 431.5 431.1 429.4 428.3 428.1 427.1 425.4
305.6 297.9 310.8 311.3 310.6 317.6 320.8 320.9 319.4 317.8 314.9 310.7 303 313.1 326.6 337.5 348.1 358.1 366.2 374 381.1 382.1 378.7 374.9 371.4 367.5 364.2 361 362.9 369.3 374.3 378.3 381.6 391.5 399.1 406.4 411.5 415.5 419.2 423.1 425.5 428.3 431.3 433.9 436.7 439.4 440.8 443.2 447.8 452.9 457.9 461.5 459.5 452.9 443.1 435.6 426.1 416.7 409.7 405.5 402.2 397.3 401.9 405 408.6 410.3 414.7 424 430.5 435.3 436.2 431.7 429.6 427.1 425.1 423.6 422.6 421.5
305.8 306.7 297.4 311.4 311.1 310.2 317.7 318.8 317.3 316 313.5 310.6 306.2 308.3 323.5 333 341.7 350.2 356.3 363.9 368.4 369.9 368.9 366.6 363.6 360.5 354.7 348.7 356.9 364.5 370.7 374.9 383 391.4 399.3 406 411.1 414.8 417.3 420.4 424.4 427.6 431.4 435.3 438.4 441 442 444.4 446.5 449.4 452.4 455.6 452.5 444.3 435.3 426.2 415.3 402.7 397.9 396.7 394.4 391.9 399.3 402.1 405.4 411.1 418.2 425.1 430.8 436.7 437.1 432.9 427.9 424.7 421.1 418.3 417.4 416.3
303.1 305.1 306.4 298 310.7 310.8 309.4 316.8 316 314.4 312.4 310.4 304.5 304.2 318.2 328.7 336.5 343 346.7 351.4 355.4 355.5 356.1 356.6 354.7 351.1 343 342.4 353.5 361.7 367.2 373.4 381.7 389.3 397.2 403 407.9 411.6 413.9 416.3 420.4 424 429 433.1 437.1 440.1 440.7 441.3 441.4 442.1 444.1 445 441.9 434.3 425 415.4 404.2 393.4 391.2 389.3 387.2 390.1 397.3 400.6 403 412.4 418.1 422.5 427.1 433.8 435.8 432.3 426.7 421.4 417.6 413 410.3 409.9
303.2 303.2 304.9 305.5 304.7 308.4 310.9 308.5 312.5 313 311.6 309.5 301.3 301.7 313 321.4 329.8 335 338.2 342 344.6 345.8 346.9 347.4 346.4 343.6 336.5 340.1 348.4 350.8 363.9 371.9 377.8 385.9 392.3 396.5 401.6 405.8 407.7 410.2 413.2 417.4 423.1 427.3 431.2 433.5 434.6 435.2 434.5 433 431.9 430.4 428.5 422.4 414 405.3 392.6 386.8 385 383.6 382.8 388.9 394.6 397.5 404.6 412.1 415.8 418.8 423 429.2 430.6 429.4 424.8 417.9 413.6 408.8 404.1 402.3
300.5 303.9 302.8 304 306.4 306.9 295.7 312.1 308.3 306.5 309.6 308.1 301.5 294.2 307.5 315.7 322.6 326.6 329.3 333.6 335.5 337.1 338.9 340.1 340 338.5 335.7 335.8 343.2 349.7 357.8 367 371.9 377.9 383.6 388.7 394 397.7 400.3 404 406.1 411.1 416.5 419.7 422.7 424.1 426.1 426.1 423 418.9 416.2 417.4 414.4 410.8 405 395.4 385.5 380.7 379.4 378.4 376.5 384.9 389.7 389.4 398.1 407.1 410.7 413.4 417.6 421.6 424.4 423.4 420.8 414.1 409 404 399.7 397
300.3 303.4 301.8 302.1 303.7 304.2 301.8 299.1 303.7 310.1 305.8 304.1 304 294.3 301.7 308.8 314.2 320 322.2 325.2 328.2 329.7 331.7 333.2 332.7 332 332.4 331.9 336.4 341.6 347.2 358.5 364.8 370.7 375.5 380.1 384.3 388.2 392.7 396.4 399.9 405.2 408.8 410.7 411.5 413.4 414.8 413.9 410.5 406.4 402.1 401.1 400.7 399.5 394.8 387.5 379.3 374.5 373.3 372.2 373.4 379.3 382 382.4 390.9 397.8 402.7 407 410.8 413 417.2 417 415.4 410.3 404.7 399.4 395.9 392.9
305 304.2 301.2 297.6 301.4 301.2 303.2 306.9 306.1 293.5 301.6 305 302.8 300.9 299.7 299.5 304.2 308.9 313.3 317 320.4 322.9 325.2 325.8 325.7 325.9 327.3 329.5 330.4 333.7 338.8 347 355.9 362.9 367 372.5 375.6 380.4 384.2 387.6 393.3 398.6 399.9 400.7 401.9 402.7 400.7 398.7 397.2 395.4 393.2 391.5 389.1 388.7 386.8 380.7 375.2 369.7 366.7 365.4 370.4 374.3 375.7 378.5 382.5 387.7 394.3 398.1 401.8 404.8 408.1 410.8 409.7 404.2 400.2 395.2 391.8 390.3
306.1 304.6 301.8 299.9 298.8 297.5 300.4 299.1 299.1 302 302.6 296.4 291.4 293.7 295 297.2 296.5 295 293.9 300.1 311 316.8 317.9 319.1 319 318.8 321.4 324.1 325 328.1 330.6 337.9 345.3 352.4 357.9 363.2 367.8 372.7 376.6 380.3 384.5 388.5 389.6 391.5 391.7 390.3 389.8 389.5 387.6 386.4 385.6 382.7 380.9 380.4 375.7 374.3 369.9 365.2 361.7 358 366.2 368.6 368.8 371.9 375.8 380.1 384.9 389.2 392.7 395.6 398 401.1 400.4 397.1 392.9 389.2 388.1 387.1
305.6 302.3 301.2 300.7 298.2 299.2 299.3 295.3 295.7 296.4 297.1 295.9 294.9 294.3 289.5 286.9 288 292.9 292.5 290.4 289.5 291.6 305.7 309.5 309.6 310.3 313.7 317.7 320.9 325.3 327.5 328.7 337.7 343.6 348.2 353.8 359.7 364.1 369.5 373.9 377.6 380.4 382.3 383.9 383.7 382.4 381.7 379.8 379.9 379.7 378.4 377.1 375.8 374.1 372.9 370.9 367 362.1 357.5 353.3 359.6 361.3 361.3 364.5 370.9 375.5 378.3 381.1 384.2 386.7 389.5 390.8 390.6 388.7 385.3 382.1 381.5 381
303.6 303.2 305.5 304.1 302.4 301.9 300.4 299.3 296 295.8 292.7 296.3 298.3 297.7 295.6 294.9 293 286.5 288.6 283.4 278.5 286.4 285.4 289.9 299.9 302 305.5 309.3 311.4 319.6 326.5 325.8 329.5 336.1 341.2 346 351.9 356.5 361.6 366.7 370 373.2 375.1 375.6 375.5 375.3 375 373.5 373.4 373.2 373.6 373.7 372.3 371.5 370.5 367.5 364.3 360.6 354.6 349.1 351.9 354.1 356 361.3 367.4 371.7 373.7 375.7 377.3 379 380.3 381.4 381 379.1 377.5 374.7 374.5 375.1
309.2 309.2 308.3 307 305.5 304.2 301.5 299.9 297.6 300 301.3 302.6 303 303.3 302.3 301.7 302.1 297.4 296.1 285 287.6 282.6 275.5 282 281.5 291.4 295.6 298.4 306.8 313.7 319.9 323.3 325.8 330.6 335.3 339.9 345 350.1 355.2 359.3 363.1 366.3 367.9 367.8 368.5 369 369.3 369.1 368.6 369.4 370.4 371.1 370.7 369.7 368.1 364.6 361 359.1 353.1 349 345 348.5 353.2 360.2 366.2 370.1 370.9 371.9 374.2 375.5 375.4 375.3 374.8 374.1 371.5 368.8 368.5 369.4
313.5 311.8 310.2 308.6 307 305.4 302.3 299.4 298 302.3 304.7 306.4 307.8 308.6 309 309 308 305.3 302.1 297.7 294.3 286.8 280.3 270.4 278.7 279 283.6 291.4 300.8 307 312.7 317.6 322.8 327.1 331.3 335.6 340.1 344.4 349.4 353.7 356.6 358.8 360.9 362 362.9 363.6 364.6 365.2 366.9 368.5 369.1 370 370 369.1 368.2 365.6 361.4 358.8 353.5 349.6 342 342.1 351 358.3 363.8 367.5 368.4 369.6 372.2 374.4 373.8 373 372.2 371.1 369.1 365.9 365 366
315.1 313.4 311.7 310 308.6 306.5 304.2 300.2 300 305.1 307.7 309.9 311.3 312.2 313.3 313.3 312.8 310.5 307 303.2 298.6 294.9 282.6 278.3 269.7 273.7 276.2 283.2 291.6 298.7 305.1 311.7 319.5 324.2 327.6 331.9 335.5 339.3 344.4 349.1 352.4 353.7 355.3 356.5 357.9 359 360.8 362.9 365.2 367.3 368.2 369.3 370.6 369.8 369.7 369.7 367.6 361.8 356.1 349.6 344.5 335.3 344.9 354.7 361 364.9 366.9 368 370.6 373.3 373.2 372.1 371.2 370.7 369.4 360.5 361.6 363
316.7 315 313.3 311.5 309.6 306.9 303.8 303.5 306.2 309 311.4 313.3 314.7 315.6 317 317.5 316.9 315.5 312.6 309 305.5 301 294.6 283.6 276.7 269 271 273.6 282 288.6 295.9 306 313.6 320.5 324.5 328.1 331.7 335.5 340.2 343.3 347.2 348.5 350.4 351.5 353.2 356.1 359.6 361.7 363.8 366.1 368 369.3 370.5 372.7 373.6 372.2 369.8 364.8 358 351.3 345.4 337.8 336.4 350.1 358.3 362.7 365.9 366.8 368.5 370.6 372 371.3 370.4 369.7 367.7 360.4 355.2 359.7
318.8 316.6 314.6 312.5 310.6 308.2 305.1 302.2 308.8 312.4 315.2 316.7 318.2 319.7 320.8 322.2 321.4 320.4 317.4 313.9 310.8 306.8 302 294.9 284 277.3 268 270.7 270.9 281.2 289.3 297.6 306.7 314.7 319.1 322.8 327.1 331.4 333.8 337.3 341.2 342.6 344.8 347.7 352 356.7 360.2 362.5 364.6 366.7 369.1 371.2 374.6 377.2 377.1 374.7 371.3 366.3 359.5 351.6 346.5 341.2 329.3 345.7 355.1 361 363.8 364.4 365.6 367.3 368.8 369.6 368.9 366.4 362 355.9 349.6 354.1
320.7 317.7 315 312.9 310.8 309 304.8 309.5 312.7 316 318.8 320.4 322.4 324.4 326.2 327 326.5 324.9 322.8 319.8 316.7 312.2 307.3 301.2 295.4 283.1 276.8 265.5 269.1 271.7 280.7 288.7 297.8 306.5 310.8 314.8 320.3 324.7 328.1 328.6 334.9 338.6 340.9 346.5 352.3 357.9 361.6 364.3 366.4 368.7 371.6 375.2 378.9 380.3 379.5 376.4 372.3 367 358.9 348.9 343.1 340 325.6 343.6 352.4 358 361 362.1 363.1 364.1 365.5 366.1 365 361.8 354.2 339.4 348.8 345.3
322.4 319.4 316.4 313.3 310.7 308 307.5 312.1 316.1 320 322.2 324.3 327 330 333 333.9 333.2 331.4 329.5 325.7 322.5 317.5 312.7 306.2 298.8 292.2 280.5 271 264.2 268.1 273 279.6 286.1 292.5 295.7 305 319.3 324.9 330.7 334.8 339.7 343.8 347.3 349.5 351.1 357.7 363.1 366.5 369.7 372.7 376.7 380.1 381.3 382.8 381.2 377.2 370.5 363.9 355.2 344.7 338.6 332.6 329.9 343.4 350 354.8 358.5 359.1 360 361.1 362.3 362.3 360.5 356.4 348.1 323.2 348.6 358
324 321.4 318.7 314.8 311.4 307.4 310.3 314 318.5 322.8 325.5 328.5 331.6 335.7 339.2 340.7 340.2 338.8 336.9 333.1 328.2 322.9 318.2 311.1 303.9 296.1 286.9 277.7 271.1 266.4 268.4 269.2 275.1 291.3 302.6 312.7 321 328.3 334.8 339.5 343.7 348 352 355.6 358.6 362.2 367.1 371.3 374.2 377.5 382 385.6 386.2 385.9 383 377.3 368.3 358.3 348.7 340.3 333.8 324.9 331.5 341.8 348 352.5 355.8 356.7 357.3 359.2 360.8 360.7 358.3 352.1 341.5 320.7 344 356.6
327.9 323.8 320.6 316.3 311.5 312.8 315.1 315.8 321.3 326 329.8 333.2 336.3 340.4 343.7 346.7 347.6 347.7 345.3 340.5 335 329.9 323.6 316.7 309.8 301.7 293 279.9 276.2 269.9 268.3 264.8 276 290.7 303.3 315.3 323.5 330.4 337.3 343.4 348 352.8 357.6 361.5 365.3 368.7 374.4 377.3 380.6 387.7 389.4 391.6 391.3 389.2 384.8 376.4 365.6 352.7 342.1 334.8 328.6 322.7 328 339.5 345.5 350 353.1 354.6 355 357 358.8 359.8 357.7 352.2 340.7 317.8 336.7 353.4
330.2 326 321 317.3 312.6 316.4 320.1 317.8 324.4 329.8 333.1 337 341 344.5 347.8 351 353.8 354.3 351.6 347.8 343.1 336.9 330.6 324 316.4 309.8 299.7 289.8 274.9 273.3 266.6 270.4 276.6 292.9 307.1 318.9 326.7 333.8 340.8 347.4 352.5 358.5 364 368.7 372.8 378.1 383.3 389 392.2 395.6 397.6 397.5 396.4 393.4 386.1 375.2 363.8 349.1 335 326.5 321.5 318.9 325.7 334.4 341.5 346.7 350.5 352.4 352.5 354 358 359.4 357.2 351.1 339.9 319.5 330.3 346.1
331.8 326.1 320.6 315.8 315.6 320.2 322.8 323.1 327 331.8 336.2 340.1 343.9 348.7 352.9 356.1 358.5 359 357.3 353.9 349.7 343.8 337.5 331.2 323.6 316.5 307 292.3 282.1 274 261.1 271.6 279.1 295.5 309.9 321.1 329.9 337.3 344.3 351.4 358.9 365.5 371 376.5 382.1 388.6 394.6 400 403.3 404.2 403.3 401.1 399.6 396.5 386.3 374.6 362.5 348.3 336.2 325.5 317.5 309.4 321.5 329.2 337.4 343.9 348.2 350.7 350.6 351.3 357.4 359.2 356.1 349.4 338.5 318.5 324.7 339
331.9 325.8 319.9 315.8 319.3 323.7 327.1 328.9 327.7 331.6 336.2 341.5 347.2 351.6 356.4 360.2 362.7 362.9 362.4 360.6 356.9 350.7 344.3 337.5 329.8 321.9 312.3 297.6 284.9 268.5 273.6 272 274.7 292.6 308 321.2 332.4 340.2 347.7 358.1 366.2 373 379.8 385.6 392.7 399.5 406.2 409.4 410 409.3 407.1 402 397.5 391.9 384.3 373.4 361.2 346.2 333.9 324.2 317 305.9 317.8 327.2 336.8 342.6 346.2 349 349.4 349.1 354.5 356 351.8 345.9 336.5 316.9 316.5 331.1
329.5 323.9 318.7 318.6 322.3 326.5 330.4 332.3 331.2 332.4 337.8 342.8 347.7 353.5 358.5 362.6 366.1 366.8 367 365.6 363.5 358.2 350 343.2 336 326.4 316.5 303.2 285.6 273.2 263.4 269 274.6 286.1 305 320.5 333.6 342.2 351.6 362.6 371.1 378.3 386.7 394 402.3 408.9 412.9 413.8 412.7 410.9 407 400.8 396.5 390.1 379.9 369.9 356.9 345 333.6 323.8 316.3 304.9 315.7 324.8 334.7 341.7 344.8 345.7 346.9 347 349.2 351.4 346.5 340.5 332.3 314.4 308.9 322.8
326.7 321.4 320.9 323 325.7 329.4 332.7 335.5 335.9 337.1 336.6 342.4 348.1 353.8 358.9 363.5 367.7 370.8 371.4 370.6 368.7 364.8 357 348 341.5 332.9 320.1 308.2 290.5 274 259.9 267.4 274.1 275.4 301 317 331.8 343.2 353.8 363.3 372 381.1 391.4 399.7 407.8 414.2 415.9 413.9 412.2 410.3 405.4 397.9 392.4 387.4 376.8 364.8 353.2 340.3 331.8 323.4 316.6 301.8 310.5 319.6 329.6 338.5 343.7 342.3 342.9 343.6 344.1 344.4 340.3 333.3 324.9 308.1 306.1 308
324.7 324.1 324.9 326.7 328.7 332.3 335.6 338.6 340.7 342.4 341.8 342.9 348.3 354 359.5 364.2 368.3 372.2 374.5 374.5 373.2 370.2 363 353 345.5 336.1 323.6 312.7 297.6 279.5 255.7 260.5 271.1 277.5 284.5 310.5 326.7 341 351.9 363 370.6 381.3 393 402.5 410 414.2 413.3 410.9 408.9 404.7 401.6 392.6 385.6 380.3 368.9 352.9 345.8 335.4 327.2 318.1 307.5 297.2 304.9 312.8 323.7 330.6 336.9 338.7 337.6 338.7 339.8 336.8 332.9 323 316.4 301.1 314.7 326.9
329 329 329.3 329.6 331.6 335.4 339 341.5 344.1 346 345.5 345.9 348.6 354.2 359.8 364.7 368.7 372.6 376.3 378.2 376.9 374 367 358 349.3 341.1 329.9 316.1 302 280.7 262.9 258.2 262.2 270.6 278.9 289.3 311.2 327 340.7 349.4 364.2 378.5 391.5 401 407.2 408 406.6 403.4 400.5 393.7 388.8 384.6 377.1 365.6 352.6 341 337.3 328.6 319.7 307.8 297.1 291 297.8 305 317 323.1 327.9 331.2 331.3 330.2 332.1 328.3 325.4 314.8 299 307.1 329.3 339.3
332.7 332.8 333.2 333.6 335.1 337.9 341.5 344.5 347.1 349.5 350 350.7 349.9 354.3 359.8 363.9 367.6 370.8 376.4 380.1 379.1 373.7 366.2 358.7 351.3 342.6 333.3 323.4 310.1 291.2 272.1 255.5 259 263.3 271.1 279.9 289.4 305.9 321.4 334.6 350.3 369.9 381.9 389.4 395.4 395.4 393.6 391.9 387.6 382.1 377.8 373 362.5 349.7 338.9 332.5 325 318.5 312.6 304.6 282 283.6 289.7 297.6 309.2 318.3 322.1 322.9 324.1 320.6 320.5 318.4 317.8 303.7 305.6 325.3 339.5 348.8
