data/300000-610000.asc
ncols 200
nrows 200
xllcorner 300000
yllcorner 610000
cellsize 50
[rows 35 to 69 of 200, columns 78 to 155 of 200]
364 361.3 357.8 353.2 348 342.3 342.5 351.2 361 370.6 378.1 385.2 388.3 391.2 392.9 394.4 395.4 392 386.8 380.8 374.3 367.4 361.1 354.8 346.6 337.9 332 328 319.6 318.7 318.1 316.7 317.5 324.2 326.2 333.6 348.3 366.1 382 393.9 404.4 414.1 427.2 440.3 454 463.7 470.9 478.5 480.8 483.2 480 470 458.3 445.9 433.1 422.6 421.2 414.9 407.7 400.2 407.9 415.3 419.5 421.5 425.5 428.8 430.7 432.8 434.1 438.4 444 450.1 455.5 459.4 460.5 458.9 454.3 449.7
360.2 357.7 354.2 350.1 346.6 345.4 349.1 359.4 369.6 377.6 384.2 389.9 393 395 396.5 397.5 397.2 394.8 390.5 384.8 378.9 370.7 364 356.2 348.6 340.1 334.3 328 322.3 318.4 318.7 319.3 321.2 325.2 326.3 332.5 346.4 362.1 376.7 386.9 401.6 411.5 425.4 436.5 446.5 454.8 460.5 465.5 466.9 470.1 470.6 464.4 454.9 444.4 431.5 433 430.8 423.5 417.3 407.2 414.4 425.4 432.5 435.5 439 442.5 444.7 447.7 449.7 450.8 453.4 457.7 463.3 467.1 470.3 471.1 469 464.3
357.4 354.2 350.6 347.6 347.6 350.8 357.2 367.4 376.2 383.5 389.8 394.2 397.3 399.1 399.7 399.7 398.3 396.5 394.2 389.2 383.4 374.8 365.5 358 350.4 342.4 334 328.6 323.7 318.9 319.7 321 325.2 327.5 329 333.6 344.4 358.8 371.5 383.1 396.1 406.8 418.9 427.8 435.9 442.1 446.2 449.6 451.8 454.2 454.9 454.1 450.9 442.8 442.3 443.8 440.6 433 426.9 416.4 422.3 435.6 442.2 446.7 451.3 456.5 460.4 464.6 466.8 467.7 471 474.9 476.8 479.3 482.9 482.9 480.9 476.1
355.4 352 349 347.7 350.5 356.8 364.1 372.4 381.3 388.6 393.3 397.2 400.8 401.8 401.7 401.7 400.3 398.6 397 393.2 388.1 379 369.7 362.7 356.2 347.7 336.9 328.6 319.6 319.8 320.5 322.1 326.2 329.1 331.7 335.6 342.6 354.8 366.4 377.3 388.9 400.8 409 416.2 422.1 426.9 430.6 434.3 437.2 442.3 446.1 448.1 447.6 448.9 452.3 454.2 450.3 444.8 437.2 426.2 425.7 441.7 449.9 456.1 463.4 470.8 476.6 481.2 484.7 487.3 488 489.2 490.8 491.6 494.3 494 491.5 484.9
354.9 351.3 349.8 350.5 356.2 362.2 369.3 377.4 385 390.5 395.2 400 403.4 405.1 404.7 404.3 403.4 401.4 399.7 396 391.9 385 376 368.7 362.3 353.4 340.5 325.7 320.5 320.7 322.1 323.5 324.1 330.3 332.7 336 341.2 349.1 358.5 366.4 378.3 388.4 397.7 403.7 408 411.3 415.3 421.5 426.8 440.3 447.7 451.9 455.5 459 462.8 465 463.3 459.2 449.5 437.1 432.4 447.2 455.6 462.9 471.6 480.3 486.7 492.9 499.9 502.7 503.1 503.7 503.7 505 505.5 504 499.8 492.7
354.5 352.6 351.7 353.5 358.9 364.6 373 381.1 387.5 392 396.8 402.5 406.5 408 408 407.5 407.1 405.8 404.2 400.8 396.5 391.4 383.2 374.1 368.1 359.7 342.7 323.1 320.9 321.9 323.5 324.5 324.9 329.6 333.4 336.7 340.3 344.6 351.4 354.7 358 374.7 379.8 384 390.6 404.6 418.4 429.4 444.6 454.4 459.3 462.3 465.8 469.7 474.3 475.3 473.8 469 461.5 449.8 438.6 452.7 461.1 468.7 478.4 487.9 494.9 502 510.8 513.9 516.6 518.4 519 518.5 516.4 513.1 507.8 499.2
354.7 354.3 353.4 355.4 360.1 366.5 374.7 382.7 388.8 393.3 398.6 404.2 408 409 409.6 411.4 411.7 411.1 409.5 405.7 400.8 397.6 390.3 379 373.2 364.6 346.3 331.3 321.2 322.3 324.6 325.9 326.2 328.2 332.8 336.4 338.8 342.3 349.8 358.5 368.6 379 388.7 397.3 409 423.3 435.7 445.8 455.9 464.8 470.1 473.9 477.3 479.8 482.5 483.1 481.1 476.9 471.2 463.3 453.9 457.3 466.1 474.2 483.9 494.7 503.1 511.6 519.2 524.1 528.6 530.2 530.1 529 524.9 520.5 512.7 501.4
355 354.6 354.1 356.7 360.7 366.4 374.1 381.8 387.3 392 397.3 403.3 407.8 409.6 412.4 415.1 415.9 416 414.3 409.7 404.8 401.4 395.3 384.5 375.9 364.8 345.4 331.8 322.2 322.5 326.2 327.4 327.6 328.8 331.9 335.7 339.8 346.6 353.7 362.8 375.7 388.7 398 407.8 420.1 431.2 443.1 452.9 462.1 470.8 476.6 481.4 485.1 486.6 487.7 488.9 487.6 483.8 479.4 473.6 465.2 462.1 469.7 477.9 489.2 499.4 509.6 519.3 527 532.3 537.3 539.1 538.7 536.5 531.4 525 516.1 503.7
355.5 354.9 355.8 358.4 361.8 365.5 371.7 379 384.2 390.7 395.9 402 406.9 410.1 413.3 416.6 417.7 417.8 416 411.2 406.6 403.8 397.2 387.4 375.7 360.9 342.7 331.7 322.9 322.7 327.4 329.6 328.5 329.4 331.4 335.7 340.2 347.4 354.8 368 377.7 391.3 400.8 413.2 426.5 437.6 448.7 457.5 465.5 473.1 479.4 485.3 488 488.1 490.5 493 493.1 490.4 486.8 481.7 474.9 470 475.4 482.7 493.4 502.7 513.9 525.3 533.6 539.8 545.3 546.8 546.1 542.5 536.4 528.6 518.5 504.5
355.3 356.3 359.5 362.3 366 367.9 371.8 376.8 381.5 388.8 394.8 399.8 404.8 409 413 416.3 417.5 417 414.4 410.9 406.4 402.8 396.3 386.2 372.5 356.1 340.4 329 322.9 321.5 328.1 331.1 332.2 328.6 330.2 334.2 340.3 347.3 356.6 369.5 378.6 392.8 403.2 416.2 430.1 442.4 452.8 460.3 467.1 474.3 479.7 486.1 486.7 487.2 489.6 493.6 495.3 494.8 492.4 488.2 482.4 478 482.5 488 497.3 507.1 518 530 537.9 543.5 550 552 550.9 546.4 538.8 530.1 519.1 506
356.9 360.1 363.1 366.7 370 371 374 378.2 382 387.8 392.7 397.7 402.6 406.9 410.3 413.6 415 414.9 412.5 409.6 404.8 398.2 390.8 379.8 365.3 350.3 337.5 331 323.7 322.3 325.1 330.4 333.1 334.1 330.7 332.8 339.4 345.7 357.3 369.3 379.3 392.8 405.4 417.5 430.9 444.3 454.6 461.9 467.6 472.8 477 479.8 481.8 482.9 486.7 491.3 495.7 496.6 495.9 493.7 488.7 484.4 489 494 501.1 512.8 524 533.3 541 545.4 548.5 549.1 548.1 542.6 537.4 530.1 520.3 509.2
361 365.9 369.6 373.1 375.4 375.7 377 380.8 385.4 389.3 392.8 397.3 400.4 403.7 407.1 408.8 410.6 411.1 407.6 404.1 398.2 391.3 381.6 371.6 359.4 346.7 337.1 330.7 325.4 324.3 326 326 333.7 335.7 331 332.7 335.2 343.2 352.8 366.7 378.4 388.7 401.1 414.6 428.4 441.1 451.1 456.4 461.2 464.8 468.4 470.3 472 475.2 481.3 488.3 494.6 497.1 499.1 497.1 492 489.5 492.9 498.8 507.9 516.9 526.3 534.5 539.8 541.6 541.9 541.6 540.4 535.8 531 525.7 518.3 508.5
366.2 370.9 376 380.1 380.6 380.7 381.7 385.1 389 392.4 395.5 396.9 397.9 400.5 402.6 403.9 405.4 404.5 401.3 397.6 391.1 383.2 374.5 364.7 354.3 343.9 334.5 327.4 326.5 326.3 326 326.7 335.5 338.8 338.2 333.9 334.5 337.4 342 359.5 370.5 379.8 387.2 398.2 411.9 423 429.4 434.3 440.7 446.6 451.2 454.6 457.6 461.4 470.7 481.3 490.7 498 502.2 497.9 492.3 490 494 499.7 508.6 517.3 527.4 535.1 536.7 534.1 532.9 531.4 528.5 525.2 523.9 521.8 514.7 506
371.8 376.8 382.8 387.8 389.4 388.4 388.4 391.1 393 396.4 399 399 399.7 400.1 400.7 401.8 400.6 398.8 395.5 391.3 384.1 375.9 366.3 355.9 349.1 340.9 331.1 328.6 330.8 327.9 327.1 327.2 337.1 340.8 342.4 341.6 339.8 336.2 337.4 345.4 353.1 361 369.8 376.3 385.8 394 399.8 406.9 416.2 423.5 429.3 434.6 439 444.2 457.9 471.3 484.2 495 500.2 492.8 488.6 487.9 490.8 496.3 503.3 511.2 524.3 529.2 529.1 525.9 522.6 520.5 517.2 515.5 516.6 514.4 510.5 504.3
378 385.1 392.1 396.8 397.8 396.6 396 397.8 399 400.2 402.2 400.1 400.4 399.3 399.3 398.4 397.1 395.3 389.9 382.2 373.6 365.2 355.3 347.1 341.3 332.5 328.7 334.1 333.8 330.9 328.4 325.6 333.5 341.8 346.4 346.4 348.5 347.2 342.2 340.5 340.6 341.9 345.5 355.4 364.2 370.7 377 383.9 393.3 400.6 406.5 411.6 415.6 428.3 444.5 458.7 471.6 481.8 484.9 481.4 478.9 480 482.4 487 492.7 499.6 506.9 512.5 513 510.6 509 507.6 506.3 506.6 506.5 507.1 506.3 503.4
386.6 394 401.1 404 406.1 407.1 406.5 405.8 406.3 406.3 405.3 402.9 399.5 397.9 395.6 393.6 392.2 388.6 379.4 369.2 360.3 352.6 345.6 337.6 332.1 330.2 336.8 336.4 337.3 334.4 330.4 328.3 328.7 342.4 348.5 353.9 356.9 359 357.1 352.4 348.7 346 347.4 345.5 346.5 351 358.5 364 371.4 376.4 381.3 386.5 395.5 413.3 432.2 446 458.5 467.4 470.5 470 467.9 468.8 471.8 477.2 482.8 487.1 491.1 495.1 495.1 493.3 494.3 495 496.4 498 499.6 502.4 504.2 502.5
395.2 402.6 409.2 412.7 414.7 416 415.3 414.1 412.5 411.7 409.5 407.1 401.4 396.9 392.2 385.9 385.3 376.4 368.3 358.4 352 345.8 338 332.3 341 344.1 343 343.3 342.1 338.4 331.2 329 327.5 340.3 351.1 359 365.4 369.8 370.1 366.9 361.2 357.8 357.8 357.7 354.9 348.2 350 350.7 353.7 354.4 354.6 369 378.8 395.6 417.8 433.4 447.4 455.4 460.4 459.4 456.5 456.1 460.8 466 471.8 474.8 476.6 477.1 477.2 478 480.5 482.3 485.5 488.9 494.3 500.3 503.3 502.3
402.1 410.2 414.8 418.7 422.1 423 422.2 420.8 418.5 416.1 413.4 410.3 402.8 395.9 389.3 382.1 373.7 366.6 358.3 350.8 345.3 338.5 334 342.8 348 351.6 352 350.3 347.2 342.5 334.7 329.3 328.8 339.5 352.8 363.1 372.1 378 382.2 380.4 375.7 373.4 373.3 374.8 373 370.1 367.4 365.1 364.1 361.8 358.7 360.1 367.4 381.4 402.3 420.5 435.2 445 449.4 447.6 445.2 444.1 448.5 452.9 457.8 462.3 463.1 463.2 463.8 465.4 467.5 471.7 477.6 483.2 490.6 497.7 501.8 502
409 414.5 419.5 424 427.4 428.4 428.4 426 421.6 417.6 414.6 410.4 401.7 393.4 384.9 375.3 366.6 358.2 347.2 346.3 336.7 334.8 344.4 350.6 355.9 359.8 360.2 357.8 352.5 345.2 338 329.7 328.7 336.6 353 367.3 378.8 388.3 391.9 392.9 390.6 393.5 396.3 394.1 391.4 388.5 386.8 385.2 382.8 378 372.6 359.5 360.4 370.7 385.2 404.7 418.8 429.6 437.3 435 432 433 438 441.8 445.1 449.3 451.8 452.5 453.9 454 455.4 465.2 472.9 480.3 489 496.1 499.5 501.2
413.5 418.6 423.6 428.6 431.5 431.2 430.6 428.4 422.1 417.6 414 408.2 397.7 389.6 379.5 369.8 360 352.6 347.1 342.8 337.5 346.6 351.6 357.2 364.1 367 367.7 366.5 359.4 348.7 338.6 330.5 329.7 336.3 351.8 368.4 383.4 393.9 400.2 407.1 410.1 412.8 415.5 413.6 412.6 409.6 408.3 406.8 403.6 398.7 390.8 375.5 362.2 360.2 372.5 387.8 401.2 412.1 417.5 419.6 413.8 421.4 427.1 431.2 434.7 437.2 440.3 443.5 445.1 444.3 451.6 461 469.3 478.3 486.8 494 497.5 498.4
415.3 421.3 427.3 432 435 434.6 430.7 427.4 422.7 416.9 411.1 404.5 393.1 382.8 373.4 363.6 354 347 341.8 343.1 344.6 352.7 357.5 362.9 367.7 371.9 373.4 372 365.1 354.6 341.3 332.7 329.3 333.9 350.7 367 382.9 397.8 406.4 418 425.3 431.5 434.6 434.7 433.9 434.8 433 430.5 425.2 420 407.9 391 378 361.4 365.4 372.9 383.1 396.2 401.8 402.7 397 412.4 417.1 420.9 424.7 428.3 431.3 433.3 435.7 440.2 448.7 457.5 466.8 475.5 482.6 489.5 492.8 494
416.6 423.1 428.5 432.7 436.5 434.4 430.5 427.9 423.4 419 412 400.5 387.5 376.2 367.8 360.6 352 345.7 340.4 344.3 349.8 357.3 361.8 368.3 373.1 376.1 376.8 375.3 370.2 361.8 348.6 336.8 331.4 330.9 348.3 364.6 382.1 398.6 410.9 423.3 434.6 442.1 448.6 453.8 456.5 455.7 453.6 452.1 445.5 435.9 421.7 402.2 390.2 377.7 366 367.4 374.1 384.8 388.3 387.2 393.1 404.2 409.5 413.7 417.7 421.8 424.9 426.3 432 437.8 445.4 453.6 463.2 470.5 476.3 482.7 486.8 490.1
416.6 422.5 427.3 430.9 433.1 431.8 430.9 428 423.7 418.4 409.1 395.2 383.4 373.7 365.4 358.3 351 343 342.4 346.3 353.9 360.9 367.6 373.5 378.1 380.7 381.4 380.6 375.5 367 354.6 342.7 334.7 330.4 336.7 359.7 380 398.7 414.9 427.8 440 448.8 456.5 462.7 466.8 467.8 467.3 462.7 455 446.1 433.3 416 401.1 390.2 381.1 369.2 371.4 367.4 370.2 375.3 382.1 389.5 401.5 407.3 411.4 416.3 418.8 421.2 428.3 434.7 441.8 449.7 458.4 465.5 471.8 477.2 482.1 486.4
416.3 421.3 425.1 428.2 430.2 430.1 429.4 426.8 421.2 413.6 403.1 391.7 381 371.8 363.6 355.8 349.3 343.3 344 349.1 358.6 364 371.8 378.1 382.8 385.1 385.9 384.7 379.3 371.2 361.4 348.9 337.9 332.2 333.4 352.4 374.1 395.8 414.2 426.8 439.4 448.7 459 466.2 470.9 473.7 472.6 467.1 460.7 453 442.6 428.1 413.3 402 393.9 389.4 389.7 384 377.3 372.9 379.3 384.9 393.5 399.8 405.6 409 410.3 420.3 425.9 432.1 439.7 447.4 454.2 461.4 468.3 474 479.3 483.3
417 420.5 422.4 424.8 426.9 428.4 427.1 422.8 416.2 407.3 396.6 387.1 377.9 369 360.9 352.5 347.2 343.4 345 352.5 361.8 367.8 375.2 380.7 386 388.6 389.8 388.4 383 376.2 368.5 356.8 344.2 335.1 332.7 345.1 366.3 389.5 409 423.1 435.9 446.6 457.2 465.5 469.6 472.9 472.9 469.1 464.3 457.4 447.8 436.8 424.4 417.2 409.8 407.6 407.9 403.9 397 382.6 373.9 384 387.3 393.6 394.2 406.3 412.5 418.3 423.8 430 438.7 445.1 451.9 459.8 467.4 473.1 477 480.1
416.8 419.1 420.1 421.4 423.1 424.3 422 417.2 410.8 401.2 391.3 381.8 372.4 363.5 356.8 350.2 346.6 343.7 346.7 355.2 364 371.7 379.7 384.5 389 391.4 393 392.1 388.1 381.7 374.5 364.8 353.5 341 332.7 336 358.1 381.4 401.9 418.2 431.8 443.4 453.4 460.4 465.5 469.2 470.6 469.1 464.9 459.3 451.3 441.3 433 428.9 425.5 424.5 424.6 420 412.3 400.8 378.1 381.5 385.6 387.6 394.7 402.7 409.6 416.3 421.9 428.1 435.5 443.4 450.8 459 466.9 472 475 477.9
415.6 417.6 418.2 418.1 418.7 418.6 415.9 410.3 403.3 394.8 384.9 376.5 367.2 359.3 354.4 348.1 344.8 345.6 349.2 357.1 367 374.7 381.7 387.5 391.5 394.8 396 395.2 392.4 387.8 381.1 372 361.1 348.8 339.6 334.1 352.6 373.5 395.1 412.5 425.9 437.2 446.7 454.2 459.2 464 466.4 466.6 464.1 459.3 452.1 444 437.7 436.3 434.5 434.2 434.2 431.7 425.1 415.2 395.7 378.6 378.8 389.8 393.6 400.4 407.7 414 420.4 426.7 433.8 441.6 449.8 457.8 465.2 469.9 472.6 475.4
416.1 414.8 412.5 411.9 411.3 409.9 407.3 402.9 395.9 386.6 377 369 360 357.1 351.1 345 348.1 349.8 351 357.8 369.8 377.6 383.3 388.7 393.4 397 398.7 397.5 396 392.6 386.9 378.7 367.2 355.4 343.9 334.2 347 366.5 387.7 406.4 419.8 430.5 440.3 446.9 453.7 458.3 461.1 462 460.7 457.9 452.2 445.8 442 440.9 441 440.8 440.9 439.8 434.7 424.6 409.6 394.5 387 382 393 398.2 405.3 412.8 419.3 425.3 432.2 440.5 449.5 456.9 463 468.1 470.6 472.8
422.7 418 411.6 405.3 404.3 401.9 398.3 393.3 386.9 379 370.6 362.3 358.7 354.9 350.3 348.4 350.9 352.1 353.2 359 371.2 378.1 383.9 389 393.9 398.1 400.4 400.5 398.7 396.5 392.1 383.5 373.3 360.3 346.9 334.2 341.9 360 380 398.7 413.4 423.3 432.5 439.4 446.3 453.4 456.8 457.9 457 453.9 450 444.8 442.9 445.3 446.2 446.8 446.9 445.8 440.9 431.9 420.8 409.9 400.9 390.1 388.9 396 403 410.1 418 423.9 430.5 439.6 447.9 454.8 460.1 464.3 468.1 470.8
434.3 427.7 412.9 407.3 398.7 396.2 391 384.8 379.9 372.8 366.8 361.7 358.1 354.3 350.4 348.5 351.4 353.4 357.2 362.4 371 378.1 384.4 389.4 394.2 398.5 401.3 402.6 402.5 400.5 397.1 389.6 379.4 364.9 349.4 337.8 338.3 354.4 372.4 388.8 403.9 414.6 423.5 431.2 439.9 448.2 451.5 453 453.1 449.6 445.7 441.8 441.7 446.2 449.6 451.2 451.4 449.7 446 438.9 429.4 421.7 411.2 400.2 389.4 394.5 401.5 408.5 415.2 421.9 428.8 437.1 445.4 451.6 457 460.6 464.6 467
446 435.2 422.7 410.4 398.5 394.5 388.4 379.9 372.8 368 364.3 361.3 357.9 354.4 350.7 350.1 351.9 354.3 358.6 365.5 372.4 379.4 384.9 390.2 395.4 400 403.5 405.4 406 404.3 400.7 393.3 382.8 369.5 351.1 340.9 337.4 346.8 361.2 377 391 404.5 413.2 421.4 428.6 435.5 441.2 444.8 444.9 441.1 438.3 437.7 440.9 446.4 450.9 453.3 455.4 454.2 450.7 445.5 437.5 429.4 420.6 408 396.7 392.1 399.9 405.8 413.2 420 427.1 434.9 442.9 448.4 453.1 456.7 460.7 461.6
454.1 442 428.5 415.1 401.3 389.5 383.2 375.7 369.3 365 362.4 360 357.3 353.7 350.1 350.1 352.2 355.9 359.8 367.8 373.6 380.2 385.6 391 396.4 401.3 405.5 408 409.1 406.7 401.1 393.1 382.1 368.5 352.7 342.4 337.4 337.5 349.1 361.3 373.8 387.4 398.3 407.9 415.6 422.7 428.2 432.1 432.5 431.4 430.9 433.7 439.1 445.8 450.6 454.5 457.4 458.3 455.1 450.2 443.7 435.8 427 415.7 402.5 390 398 404.2 411.5 418.1 425.5 433.2 439.4 444.6 449.2 452.7 455.8 455.9
457.6 443.6 431.3 417.2 402.4 392.8 382.8 375.3 368.7 364.8 361.3 358.9 355.5 352 353.4 352.2 352.3 356.2 360.9 368 375.2 381.3 386.7 392.2 397.6 402.1 406.6 409.2 410.8 406.8 400.2 391.1 380.4 366.8 352.8 342.1 339 337.5 340.1 347.7 357.8 369.8 381.7 392.5 401 408.3 414.5 419.4 421.4 421.9 424.9 429.7 436.6 443.7 449 453.7 458.1 460.1 458.4 453.9 448.3 441.7 432.8 421.6 410.1 399 392.5 402.1 409.9 417 424.6 429.9 436 441.3 445.9 449.3 451.4 451.4
457.5 443.2 428.7 414.5 398.8 390.7 383.1 375.9 369.1 364.4 360.6 356 354.4 358.3 358.3 356.5 352.8 357 361.2 368 375.5 381.9 387.5 393.2 398.5 402.9 406.7 408.7 409.8 404.8 396.3 386.8 376 362.5 347.6 341.6 344.2 341.3 339.9 340.2 343.5 353.8 365.9 375.7 385.3 393.2 401.1 407.5 410.6 413.3 419 425.4 433.1 440.2 446.6 451.7 456.6 459.3 459.4 455.6 451.2 445.7 437.6 427.9 417.3 406.9 399.7 397.6 408.3 416 422.2 427.4 432.7 438.1 442.9 445.6 447.2 447.9
454.1 440.7 425.8 408.2 395 386.6 380.1 373.8 368 363.8 358.9 353.9 359.5 360.6 359.5 357 353.2 358.4 363.6 369.8 376.8 383.1 388.7 393.9 398.9 402.5 405.6 406.5 405.7 399.8 390.5 378.8 367.7 353.1 343.8 347.5 350.6 349.4 344.8 341.1 340.7 342.2 350.4 361.4 370.3 378.5 386.6 394 399.9 405 412.2 421.5 429.2 436.6 443.2 449.5 453.9 457.3 458.9 456.3 451.8 447 440.8 431.9 422.3 413.1 406.3 397.8 403.3 412.4 419.4 424.8 430.4 436.6 441.1 443.1 445.1 445.6
