data/300000-790000.asc
ncols 200
nrows 200
xllcorner 300000
yllcorner 790000
cellsize 50
[rows 70 to 104 of 200, columns 0 to 77 of 200]
702.1 716.2 731.6 744.7 757.1 766.8 775.9 784 789.1 787.1 779.8 766.7 750.3 735 720 703.8 686.4 670.5 656.7 644.9 637.5 637.7 638.9 645.1 657.7 672.8 689.3 709.4 729.4 754.1 781.9 809.7 838.5 863 887.4 907.9 927.7 930.3 927.2 918.8 901 892 889.4 889.1 888.8 892 894.7 892.1 886.8 886.8 876.1 855.4 831 799.5 773 746.5 740.7 722.4 698.7 672.6 647.1 619.1 592 565.5 544 525 508.5 500.4 499.2 499 499.8 500.9 501.8 501.7 504.2 516.1 534.7 553.2
679.3 691.6 704.4 716.8 726.4 735.1 743.9 750.6 756.1 758.4 759.8 756.6 745.6 733.6 719.5 706.1 690.4 672 657.2 645 637.4 629.8 630.9 639.7 652.3 667.3 684.3 705.6 728.5 753.7 781.9 810.7 839.1 865.2 888.2 905.3 919.3 922.8 919.7 910.5 896.9 886.9 884.2 883.7 883.3 886.2 889.6 891.7 891.8 891.8 879.4 860.5 837.5 811.5 783.1 754.5 746.2 729.5 702.3 675.3 647.8 618.9 592.1 566.6 544.5 524.2 507.3 500.4 500.3 499.8 498.8 499.6 500.6 500.9 502.3 511.8 531.2 549.8
658.9 668 678.8 690.1 697.7 707.6 715.4 718.1 721.4 728.1 732.9 737.6 736 728.5 716.3 705.2 691.9 674.3 660.7 647.8 637.8 629.2 625 633.2 645.5 661.8 679.4 699.6 720.9 749.2 777.8 806.1 835.5 862.6 885.1 903.1 915.5 916.6 912.6 905 891.7 883.1 879.1 877.4 877.3 879.5 883.8 887.7 891.7 895.1 884.1 864.9 843.3 822.6 798.7 765.5 750.7 736.5 710.3 681.2 649.3 620.8 592.8 567.4 543.5 522.6 505.1 500.5 500.6 499 498.4 499 499.3 500.4 501.5 509.4 525.8 545.8
643.5 648.7 657.1 666.6 675.2 683.2 689.2 693.9 697.3 701.4 706.4 712.9 717 717.1 712.1 701.7 689.5 676.5 663 650.2 637 629.3 620.1 625.6 638.9 654.8 672.1 690.9 714.1 739.7 767.9 797.1 826.3 855.2 879.1 895 906.6 906.8 904.7 899.2 886.9 877.9 872.9 872.3 872.5 873.3 876.8 882.3 889.8 892.9 884.7 867.7 851 831.8 808.3 783.5 764.2 751.4 721.9 684.6 651.5 620.9 593.9 567.6 541.2 520.7 502.9 500.3 499.5 498.1 498.1 498.5 499.5 499.8 500.8 506.4 522.8 542.1
632.2 635.6 641.2 647.9 653.4 660.4 666.7 672.2 675.8 677.8 681 686.9 693.8 697.9 697.5 694.7 685.7 675.2 663 651.8 638.5 626.7 620.4 616.6 632.8 648.6 665.6 683.8 704.4 728 755.7 785.3 815.5 844.3 869.2 884.9 896.6 899 897.3 891.5 882.2 870.8 865.2 865.8 865.9 867.8 870.7 876.5 885 890.2 884 873.4 859.6 840.5 822.1 801.4 781.2 758 725.2 686.3 653.2 621.2 593.2 567.2 541.1 517.6 502 499.8 498.9 498.2 498 499 499.7 499.7 500.3 503.8 518.7 536.5
626.1 627.7 631.6 634.4 635.7 639.8 647.1 651.8 654.4 655.4 658.7 664.2 669.9 673.8 678.2 680.2 678.4 669.8 659 649.5 636.9 625.1 618 612.1 626.8 642.9 660.7 677.8 698.2 719.2 746 774.4 803.3 831 857.6 873.8 887.9 893.8 892.4 885.7 873.3 862.2 857.2 855.3 857.2 861.6 866 871.2 879.6 887.1 886.7 880.3 869.6 856.4 841.5 814.7 785.8 755.9 722.4 686.3 655.3 622.5 592.1 564.8 538.8 515.7 501.2 499.2 498.2 497.7 497.6 499 499.5 499.2 500.1 502.3 515.5 531.1
625.5 621.5 623.4 625.9 625.1 626.2 630.5 633.5 635.9 636.7 639 642.6 647.8 653 658.3 662.8 665 661.8 655 644.9 632.5 623.6 615.9 607.7 622.9 639.3 655.6 673.6 692.9 713.3 736.3 762.9 790.5 818.1 844.2 862.9 879.8 887.2 882.6 876.8 864.4 852.7 847.9 847.6 850.1 855.3 860 866.6 874.6 883 888 886.9 882.8 875.7 852.4 813.5 784.3 755 720.8 687.9 656.8 624.6 594 562.9 538 515.2 501.2 498.7 497.6 496.8 497.5 497.6 498.9 499.1 499.8 502.2 510.2 526.6
627.2 622.2 619.7 619.2 618.4 618.5 619.4 620.6 622.4 622.2 622 624 627.4 634.8 639.7 646.4 651.9 652.7 649.5 639.9 627.7 619.7 612.8 602.7 619.7 635.9 651.6 670.1 687.4 705.7 728.3 753.4 779.4 806.2 830.6 850.4 868.2 873.3 867.5 861.5 849.3 839.9 836 837.3 841.9 848.1 853.2 861.3 869.5 877.7 883.6 889.9 891.5 879.7 838.3 808.6 780.9 751.5 720.8 689.2 658.4 626.8 596.2 564.7 538.5 515.6 500.4 497.9 496.7 496.7 496.9 498.7 498.7 498.7 499.8 501.1 504.9 520.7
631.1 626 618.8 613.2 612.2 612.9 613.2 611.9 613.2 610.3 609.8 609 612.3 617.4 622 628.7 636.7 641.1 641.3 632.6 622.4 614.1 608.4 597.5 615.7 630.1 646.7 664.9 682.7 701.7 722.7 746.5 771.3 795.8 819.7 840.6 858.4 862.5 850.8 844.7 833.6 825.3 824.4 828.2 834.5 840.4 846.2 854.1 862.1 870.6 879 886.6 883 859.2 827.6 799.9 774 745.7 715.7 687.1 658.7 629.2 599.6 568.7 540.1 515.7 498.8 497 496.3 496.9 498.7 499.6 498.5 499.2 499.8 500 501.1 514.9
639.3 634 627.8 621.2 616 608.2 606.7 602.5 604.4 602.2 599.8 597.6 599.9 602 606.2 613.7 620.1 625 628.7 624 614.8 607.8 601.3 593.6 610.8 626.6 641.8 661.1 679.7 699 719.8 743.1 764.3 787.2 811.5 833.4 850.2 845 837.8 829.9 822.8 816.5 815.2 821 827.2 833.5 839.8 847.7 855.7 864.2 871.8 877.1 860 838 813.4 790.2 763.5 736.9 709.9 683.9 658.3 630.4 602.5 573.4 543 517.8 501 496 497.4 498.8 499.2 499.3 498.9 499.4 499.7 499.8 500.2 508.4
650.1 644.8 636.1 626.4 619 620.6 618.1 614.1 609.2 606 596.2 592.9 590.8 591.8 593.4 598.4 605.6 610.3 615.2 613.9 606.1 598.9 594.1 588.9 607.3 621.7 637 655.5 675.3 696.6 718.7 740.4 761.8 782.2 805.5 826.8 839.7 835.5 827 818 811 807 807.9 813.6 821.4 827.1 832.7 841.5 850.2 858.7 865.9 866.1 842 819.3 798.2 776 750.7 726.2 702.7 679.8 656 630.9 604.1 577.2 547.7 523.1 504.6 497.3 498.4 499 499.3 499.4 499.2 499 499.4 499.6 499.6 503.5
659.9 651.8 643.4 632.6 628.6 630 627.4 624.8 618.1 613.3 609.1 599.6 591.1 584.4 584.8 586.7 590.7 596.4 600.7 600.6 596.1 591.7 586.2 588.7 603 618.4 634.6 654.2 674.4 694.7 716.4 739.5 762.8 784.1 804 820.1 831.5 824.7 815 806.4 800.3 798.9 800.8 805.5 812.2 817.6 826.3 834.8 844.1 851.6 857.1 847.8 821.7 796.9 776.6 760.3 737.4 714.9 694.7 673.8 654.3 631.4 607.6 581.7 553.4 527.3 507.7 497.5 497.9 498 498.7 499.4 499.2 498.3 498.5 499.3 499.2 499.6
668.7 659.2 650.3 637.8 640.2 638.3 634.3 630.6 623.9 620.4 615 605.7 596.8 588.3 579.7 580 579.8 584.1 592.3 592.8 588.7 584.4 579.4 585.3 599.5 614.6 632.1 651.4 672 693.4 714.7 738.9 762.7 784.1 804.5 818.7 824.7 813.7 806.3 797.6 793.7 794 797.2 801.7 808.3 811.6 819.3 827.3 836 843.4 844.5 825.9 798 775.9 760.2 744 722.8 704.3 687 667.7 649.6 630.6 610.1 585.5 558.9 531.3 511.1 499.2 496.9 496.1 499.4 498.7 498.2 497.6 497.7 497.4 496.2 497.1
679.1 668.1 657.5 651.6 652.9 649.3 644.5 640.2 634.7 628.8 620.2 609.9 600.3 591.3 583.6 577.3 575.6 575.4 581.1 582.7 579.5 575.8 574.2 580.5 592.9 609.5 627.8 648.8 670.7 692.7 715.2 739.3 761.4 782.3 801.7 812.8 814.5 806.7 799.1 791.8 791.3 794.4 795.8 800 808.1 816.2 820.7 821.2 830.4 836.8 831 804.4 772.7 756.8 742 727.7 710.9 694.2 678.5 661.1 643.2 627.1 610.1 589.9 564.8 537.2 516.1 506.2 498.9 495.3 497.2 495.8 495.9 496.2 496.5 496.1 495.7 496.3
688.9 678.3 666.8 666.2 666 662.3 657.1 651.4 645.7 638 629.1 618.1 607 596.3 586.9 580.2 574.6 571.1 571.1 571.2 571 570.8 570.9 575.7 588.3 603.7 621.7 644.1 666 689.3 713.9 739.5 761.4 780.5 796.8 804.2 802.2 798 791.7 787.5 790.2 794.3 796.5 801.8 808.5 815.9 821.3 827.3 832.2 838.1 827.3 799.1 762.9 742 726 714.5 700.3 685.9 669 653.3 638.5 622.8 607.5 590.9 570.1 545 521.2 508.2 499.1 496 495.4 495.2 495.2 495.6 495.3 495.1 495.3 495.3
702.4 689.2 679.6 680.9 678.2 674.1 668.1 662 656 647.5 638 626.7 615.3 603.8 592.5 583.6 577.1 571.4 568 566.4 568.6 568.3 568.7 574.6 584.6 599.1 615.8 638.3 660.8 685.5 712.6 738.4 761.7 779.7 791.7 794.5 792.5 789.2 785.3 785.6 789.8 793.8 797.7 802.8 808.5 814.7 822.8 830.6 839.1 845.4 839.9 805.6 761.7 733 718.4 706.7 694.3 679.3 662 646.1 634.3 620.5 605.8 591.1 573.5 548.8 527.4 509.8 505.3 500 497 496.1 495.4 495 495 494.8 494.8 496
717.9 702.5 699 696.9 693.2 688 682.4 675.7 668.2 659.7 648.7 637.3 625.1 612.3 599.5 587.4 578.6 571.5 567.5 565.2 563.2 564.2 566.5 570.9 580 592.6 610.3 631.6 655.9 683 710.7 739.3 760.9 775.1 783.4 786.1 785.7 783.4 780 784.6 789 793.5 799.1 804.1 810.1 817.9 826.2 834.9 846 852.5 854.2 812.7 767.4 730.3 715.4 702 692.3 678.9 661.3 646.2 631.4 617.7 601.2 587.7 569 551.3 530.2 515 506.6 500.9 497 496 495.3 494.6 494.5 494.8 494.6 496.5
733.8 720.1 719.7 716.2 710.3 704.5 698.4 691.4 683.4 672.4 660.7 649.1 634.7 620.7 605.2 591.8 580.5 572.6 567.1 563.7 561.4 564.9 565 567.5 574.3 586.6 603.1 625.9 651.2 679.2 705.2 734.2 757.1 769.5 774 777.1 778.3 777.1 779.6 783.5 787.9 792.9 799.8 806.6 814.4 822.1 833.1 846.2 856.2 862.3 863.3 831.1 780.3 740.8 719.4 703 691.3 677.4 663.3 647.7 633.5 618.6 601.5 591.4 577 557.9 540.5 519.2 506.2 501 497.3 495.8 494.9 494.3 494.1 494.1 493.9 496.5
746.1 745.8 742.6 738.4 731.8 723.7 714.7 706.8 698.2 687.1 675.3 661.1 645.6 629.4 613.1 598 584.8 574.3 567.1 563.1 559.8 565.1 563.4 565.9 571.3 580.8 597 618.8 644 671 696.3 723.6 747.1 757.4 765.4 769.6 769.1 768.2 776.3 782.3 786.9 793.5 802.3 809.9 819.2 832.8 848.7 862 869.8 871.1 867.1 842.5 798.7 760.4 730.1 705.7 693.8 680.6 667.2 651.4 639 626.1 611.4 600 586.5 568.2 548.6 528.1 510.3 502.5 498.2 494.8 494.5 493.9 493.9 493.9 493.9 497.8
768.6 768.4 766.2 763.5 757 748.2 735.5 724 712.7 702.5 690.4 674.7 657.1 638 620.7 603.3 589 577.6 570.3 566 558.6 559.3 561.9 563.2 569.9 577.7 590.5 610.8 634.7 660.8 686.4 712.6 735.6 747.1 755.4 760.6 760.9 767.2 774.9 781.5 786.8 795.5 803.5 814.4 828.8 848.3 865.3 876.8 880.1 876.8 866.7 849.8 818.6 790.6 746.9 714.5 701.2 690.9 676.4 660.5 645.2 632.3 618.7 606.1 593.6 578.6 557.9 538.1 520 508.7 500.4 497 493.9 494.4 496.7 495.8 497.1 501.5
792.8 791.9 791.8 788.5 782.3 772.5 759.5 746 733.8 721.3 706.3 690.1 670 649.4 628.6 609.5 592.3 579.5 570.5 566 558 556.4 555.2 560.1 568.9 575.4 585.3 602.5 625.6 649 673.4 699.6 721.3 735.6 745.1 752 756.4 765.5 773.4 780.3 787.4 796.3 807.7 823.5 841.3 859.5 874.1 886.2 888.1 882.3 870.4 855.8 838.2 806.1 770.5 740.9 716.6 705.7 691.6 673.1 655 637.8 625.8 614.4 601.2 586.9 566.7 547.4 529.5 516.1 507.1 501 498.8 497 499.2 500.7 502.5 505.4
818.3 817.2 817.6 812.8 807.2 797.5 783.9 769.6 755.2 740.5 723.1 706.5 683 661.5 638.5 616.4 598 582.5 571.8 566.3 563.4 560.7 555.5 558.3 567.9 572.4 581 595.6 616 638.9 659.3 682.6 705.9 720.9 733.4 740.6 751.6 762 771.7 779.1 788.2 800.5 814.7 833.1 852.7 867.4 882.1 889.4 884.8 879.7 871.8 859.6 843.4 820.6 790.1 767.1 742.3 724.5 707.6 689 669.1 649.4 636.8 624 609.2 595.4 577.6 559.7 541.5 526.3 515.6 506.6 503.1 500.8 501.7 503.9 508.2 507.3
844.8 844.8 844.7 840 832.7 822.1 806.3 792.2 779.4 762.8 743.4 723.4 697.6 672.2 648.5 625 603.5 587.2 575.6 569.1 564.9 561.6 555.8 555.6 566.7 570.1 577.2 588.8 606.6 627.1 648 668.8 688.5 704.9 717.7 732.6 745.6 758.1 769 779.9 793.8 806.7 821.6 841.5 859.6 876.5 888.2 882.3 876 874.7 867.5 857.3 842.9 826.7 808.8 787.8 765.6 745.4 727.2 708.2 686.5 665.9 648.7 633 618.2 604.9 589.5 573.5 554.4 539.9 527.3 516.8 508.7 505.5 506.8 511.7 512 510.5
871 871.1 870.4 865.3 857.1 844.9 830 818.8 805.2 786.6 764.1 741 714 683.1 657.1 633.5 610.3 592.3 579.3 569.3 565.8 562.8 558.7 553.3 565.3 568 574.6 585.1 598.5 617.1 637.5 657.7 676.3 691.3 708.7 725.9 741.5 754.3 768.1 782.8 797.6 811.9 828 846.6 864.5 878.2 881.5 873.5 866.9 863.9 858.6 852.9 840.3 824.7 808.3 795.4 783.2 769.8 751.9 726.8 705.1 685.1 663 644.2 628.5 614.8 602.4 587.6 572.6 557.4 543.6 529.7 520.3 514.1 513 516.2 515.6 511.4
896 895.7 893.7 888.1 879.2 865.3 853 842 826.3 806.8 785.5 757.2 730.2 698.5 666.8 642 618.1 597.4 582.3 573.9 567.8 562.8 560.8 549.2 561.4 564.9 571.2 582 593 609.1 627.6 646.6 661.4 683.1 702.3 719.6 736.7 750.8 768.8 785.8 801.5 816.8 833.5 849.1 866 875 870.8 862.2 856.3 852.9 846.8 841.9 832.7 820.7 805.2 795.5 790.5 786.2 776.1 753.5 736 705.9 681 662.3 643.5 627.6 615 601.1 586.4 574.1 561.2 548.8 535.7 526.8 520.7 519.9 517.5 513.3
920.2 919.3 914.9 908.2 897.9 882.6 870.7 857.6 841.5 823.3 802.2 773.2 741.8 707.3 677 648.8 624.6 603.2 584.9 574.2 567.2 560.9 556.7 548.8 557.4 559.6 567.9 575.7 586.2 599.3 614.8 632.9 657.3 676 693.8 709.6 730.9 751.3 771.3 789.2 804.6 821 837.5 852.6 866.3 872.4 864.8 852 846.8 841.8 836.7 831.3 823.2 810.4 800.1 792 788.2 785.9 781.1 769.7 752.7 726.5 702 682.2 664.4 645.6 627.4 615.1 602.4 590.8 578.5 566.6 552.7 540.4 530.2 525.2 519.6 514
942.1 939.1 931.8 921.9 908.3 895.6 880.6 867.1 852 835 812.9 786.8 753.7 718.4 681 655.4 631.3 609.4 587.7 573.6 565.5 560.3 555.9 546.2 555.1 560.6 564.8 576.1 588.2 599.8 616.3 630.3 643.2 660.1 683.7 707.5 733.4 755.2 775.5 792.1 808.3 824.9 841.4 856.4 867 868.8 860.3 847.5 839 832.7 828.4 822.2 812.9 802.7 793.9 786.6 782.4 780.1 778 772.5 763.1 746.3 724.7 702.3 681.4 662.2 644.2 630.5 618.3 607 596.6 585.2 571.4 558 544 533.5 524.1 516.3
958.9 954.3 940.1 923.8 908.7 892.5 880 867.2 856.2 842.7 822.9 798.4 763.6 726.5 694.1 662.8 634.4 612.2 591.5 574.6 564.1 559.2 555.2 544.2 551.4 560.2 566.8 578.5 591.3 606.1 624.9 641.5 656.5 673.6 692.8 714.1 738.1 758.4 776.6 793.2 810.1 827.9 845 858.9 868.8 871.1 859 839.3 830.1 824.7 818.9 811.6 804.4 795.4 786 779.9 776 773.4 773.7 771 764.1 755 742.2 720.7 697.4 680.1 662.8 647.8 634.9 625.4 614.4 602.8 589.8 574.4 559 546.4 533 522.8
965.8 949.8 931.7 918.1 899.6 887.1 873.3 861.1 854.7 843.5 828.9 806.7 779.6 751.6 712.2 669.6 635.9 613.6 591.7 574.2 562.5 557 546.2 542.5 552.5 559.2 567.2 578 588.4 606.1 628.5 648.1 666.5 683.5 701.7 719.5 739.4 758.1 775.7 794.1 812.4 830.2 845 858.9 870.1 861.5 846.7 834.6 820.5 814.9 807.9 801.4 794 785.9 778.1 772.1 768.5 766.6 767.2 766.7 762.4 756.9 748.6 728.8 710.6 696.1 682.5 669.2 656.4 644.2 632.6 619.1 606.5 590.3 575.2 559.4 545.1 531.7
958.4 941.2 923.3 907.5 891.7 877.5 866.6 855.2 846.7 840 833.1 816.9 789.3 752.4 716.3 673.8 637.4 613.3 591.6 573.6 561.8 555.3 549 539.9 550 556.7 570.1 578.2 584 607 630.5 652.9 672.4 688.6 705.1 722.2 738.9 757.1 773.8 794.2 813.3 830.9 846.3 859.7 867.2 855.7 840.8 823.2 812.2 804.8 797.3 789.5 782.2 774.7 769.4 763.8 760.1 758.1 758.3 757.9 758.1 756.5 750.3 735.7 722 713.6 702.3 689.7 676.4 663.5 648.5 634.1 621.7 607.1 590.9 573 554.1 539.2
951.4 931.2 914.9 900.9 886 871.9 859.5 846 834.8 827.5 826.2 820.1 790.6 744.4 707.9 671.8 639.8 612.3 591.2 572.8 560.7 553.2 547 537 541.7 552.9 558.1 564.4 584.7 607.5 631 654.5 673.4 690.2 706.7 723.5 739.3 756 772.9 793.6 813.5 831.3 846.8 859.7 866.6 850.2 830.3 814.9 806 796.1 787.1 777.4 769 763.8 759 755.1 751.3 748.9 748.6 750.7 753.4 754.5 750.7 738.5 731.4 725.1 714.6 701.1 686.4 674.5 660.4 647.7 634.6 620.1 602.3 582.8 563.7 546.1
938.6 920.7 905.4 890.9 877.9 866.6 851.5 836.2 822.6 816.1 814.1 808.7 792.1 750.9 704.3 667.7 636.9 612.1 589.3 571.4 559.9 552.9 547 537.7 534.8 544.6 551.7 562.8 584.3 606.2 630.6 654.3 673.9 690.2 705.8 722.4 738.4 754.7 771.8 791.3 811.2 830.6 846.5 858.6 865.9 850 823.3 807.8 797.6 787.4 776.9 766.9 758.3 752.3 747 744.3 741.1 739.5 739.3 741.7 745.1 748.3 747.5 742.3 738.5 728 717.8 704.4 691.5 679.9 668.9 657.1 643.7 628.7 610.9 590.5 569.1 549.3
928.4 914.2 898 884.2 870.6 857.9 845 827.4 812.9 805.1 803.2 797.5 788 741.5 699 663.6 633.4 609.9 588.6 571 558.8 551.5 545.8 536.9 531.7 544 551.2 561.4 581.3 603.7 628.2 652 672.8 689 705 721 736.6 752.3 767.9 786.6 806.9 827.3 843.9 855.1 857.4 843.2 812.2 799.8 786.4 775.8 765.6 755.4 745.9 739.7 735.8 732.9 729.9 728.2 728.7 730.8 735.2 738.7 741 739.4 733.7 724.7 716.5 705.3 693.2 682.5 671.5 661.1 649.6 633.8 617 596.4 572.7 551.5
920.2 907.1 893 878.4 866.6 853.9 840.4 822.3 808.9 798.1 792.2 786.6 770.3 728.1 689.8 658.1 631.3 607.7 587.8 569.3 557 550 544.5 534.1 529.2 543 549.9 559.4 578.8 602.9 626.3 650.4 671.7 690.5 705.9 719.9 733.7 748.1 763.8 782.2 802.3 822.6 838.4 849.3 846.3 822.6 804.3 786.9 775.4 764.6 754.4 743 733.8 728 723.9 721 718.4 716.5 717.7 719.6 723 728.3 731.2 730.5 724.6 718.4 709.9 700.6 691.7 681.5 671.5 662 650.9 634.5 618.2 597.5 575.6 552.1
914.2 900 888.3 875.4 863 850.8 836.4 820.2 805.2 793.2 783.5 774.2 753 713.5 678.3 651.9 627.4 604.3 586.1 568.9 555.5 547.6 543.5 535.8 527.3 531.2 545.7 555.9 577.2 602.1 625.7 649.7 670.8 689.5 705.3 718.5 731 744.3 759.6 778.5 798.9 816.5 832.6 847.1 833.4 809.3 795.5 776.5 764.9 752.6 741.2 729.8 721.2 715.1 711.3 709.3 706 705.5 706.1 707.4 710.4 716.8 720.3 720.1 715.1 709.9 702.7 695.1 687 678.9 669.9 661.3 650.2 633.4 615.3 596.4 575.5 553.3
