data/300000-940000.asc
ncols 200
nrows 200
xllcorner 300000
yllcorner 940000
cellsize 50
[rows 105 to 139 of 200, columns 0 to 77 of 200]
157.9 158.2 158.5 158.9 159.7 157.9 160.8 161.9 163.1 164.3 165.5 165.9 165.8 165.9 166.3 166.6 166.4 166.9 166 164.7 165.3 165.5 166.5 167.1 167.2 166.3 165.3 163.5 161.2 158.9 156.6 155.1 154.1 153 152.4 151.8 151.2 150.5 149.8 149.2 148.6 148 147.4 146.9 145.6 146.4 146.3 146.2 146.1 145.2 144.9 144.9 144.9 144.6 143.8 141.9 140.4 139.7 139 138.4 137.8 137 135.2 133.2 132.5 135.6 135.6 136 136.4 136.5 136.7 136.6 136.5 136.3 136.1 135.3 134.4 133.5
159.2 159.6 159.9 159.8 160.2 161.1 160.9 162.1 163.3 164.5 165.7 166.8 167.2 167.7 167.7 167.5 167.4 167.5 166.4 165.2 166.1 166.5 167.2 168.4 168.5 168.3 167.3 164.9 162.4 160 158 156.3 155.3 154.2 153.6 152.9 151.8 151.6 151.1 150.6 149.8 149 148.1 145.9 146.5 146.3 146.5 146.8 146.6 145.9 145.3 145.3 145.3 144.8 144 142.5 140.2 139.5 138.9 138.3 137.7 137.1 135.3 133.7 132.5 131.7 134.5 134.8 135.3 135.7 136 136 135.8 135.3 134.9 134.4 133.3 132.4
161 161.4 161.2 161 161.1 161.3 161.5 162.5 163.6 164.8 165.9 167 167.6 168.1 168.3 168.2 168.2 168.1 166.9 165.7 164.7 166.2 167.6 169.2 169.4 169.5 168.4 166.3 163.4 161.2 159.5 157.7 156.4 155.4 154.8 153.8 152.7 152.3 152 151.5 151 150.5 149.6 148 147.6 147.4 147.1 147.5 147.2 146.6 146 145.7 145.7 145 143.8 142.3 140.1 139 138.5 138.1 137.5 136.9 135.3 133.6 132.2 131.4 130.9 133.7 134.1 134.3 134.9 135 134.6 134.2 133.8 133.3 132.7 131.4
162.8 162.7 162.4 162.2 162.3 162.4 160.7 162.7 163.8 165 166.1 167.2 168 168.5 168.7 168.6 168.5 168.4 167.9 167 165.5 166.4 167.8 169.8 170 170.3 168.8 167 164.9 162.7 160.9 159.2 157.6 156.6 155.8 154.8 154.2 153.1 152.5 152.3 151.6 150.8 148.5 149 149.2 149.1 148.6 147.9 147.9 147.2 146.6 146 145.9 144.8 143.4 141.9 139.9 138.6 138.1 137.6 137.1 136.6 135.6 134.2 134.4 130.8 131.1 131.7 132.4 133.1 134 134.1 133.5 133 132.6 132.1 131.6 130.9
164.3 164 163.7 163.4 163.5 163.4 162.3 162.7 164.1 165.4 166.4 167.4 168.6 169.5 169.1 168.9 168.8 168.6 168.5 167.8 166.3 166.6 168 170.2 170.7 171 169.3 167.6 165.8 164.3 162.6 160.8 158.8 158.3 157.3 156.7 156 154.7 153.6 153.5 151.9 151.4 150.6 150 149.4 149.6 149.3 147.9 148.1 147.4 147.1 146.7 145.8 144.3 142.9 141.5 139.7 138.4 137.6 137.1 136.6 136.2 135.7 134.8 134.6 131.2 130.7 130.9 131.4 132.2 133 133.1 132.4 131.9 131.5 131 130.4 129.8
165.8 165.2 164.9 164.6 164.5 163.6 162 163 164.5 165.9 167.2 168.6 170.1 170.4 169.7 169.5 169.3 169.1 168.9 167.7 166.5 167.4 168.8 171 171.5 171.7 169.9 168.3 168 166.6 164.5 162.6 161.4 161.1 159.7 158.5 157.9 156.5 155.1 154.7 153.3 152.1 151.5 151 150.5 149.8 149.2 149.1 147.9 147.1 146.1 145.3 145.5 144 142.4 141 139.6 138.1 137.1 136.6 136.1 135.9 135.6 134.6 134.4 133.8 131.8 129.9 130.4 131.2 132 132 131.4 130.8 130.3 129.9 129.3 128.9
168.6 167.7 166.8 165.9 164.7 163.8 161.1 163.9 165.3 167.9 169.1 170.4 171.7 170.9 170.2 170 169.8 169.4 168.7 167.8 167.1 168.2 169.4 171.6 172.2 172.2 170.8 170.5 170.1 169.1 166.6 165.1 164.7 163.9 162.3 161.1 159.8 158.4 157 155.9 154.1 153.3 152.5 151.9 151.3 150.8 150.7 149.7 148.3 147.1 146.1 145.2 144.5 144.2 142.5 140.8 139.1 137.8 136.9 136.1 135.8 135.7 135.5 134.5 134.3 133.1 132.3 131 129.5 130.4 131.3 131 130.7 129.7 128.6 128.2 128.5 126.8
169.1 168.4 167.8 166.5 165.3 164.3 162.5 164.8 166.9 170 171.4 172.4 172.3 171.7 170.7 170.5 169.8 169.1 168.5 167.8 167.5 168.8 170.1 172.2 172.8 173.3 173 172.6 172.3 171.6 169.5 168.7 167.9 166.4 164.8 162.7 161.5 159.3 158.2 155.9 155.6 154.2 153.6 152.9 152.3 151.7 151.8 151 149.2 147.6 146.1 145.1 144.4 143.6 142.6 140.9 138.9 137.6 136.7 135.8 135.6 135.5 135.4 134.5 133.6 132.4 131.2 130.5 129.5 130.9 131.4 128.2 127.5 127.4 127.3 126.9 126.5 126.4
171.2 170.8 169.8 167.1 165.9 164.6 164.3 166.1 168.8 171.5 173.2 173.4 173.3 172.5 171 170.2 169.6 168.9 168.3 167.6 167.8 169 171.9 172.9 173.5 174.2 174.4 174.3 174.2 173.4 172.2 170.5 168.7 167.4 165.7 164.5 162.9 160.1 159.4 158.1 157.1 155.7 154.8 154.1 153.4 152.7 153 151.9 150 148.4 146.9 145.3 144.3 143.4 142.7 140.4 138.9 137.5 136.6 136.2 135.6 135.3 135.2 134.4 133 131.4 130.1 129.3 128.8 129 128.8 127.5 130.4 129.6 129.4 128.7 127.8 128.8
173.1 173.1 169.9 168 166.2 164.9 165 166.5 169.1 171.1 173.2 174.8 174.5 172.9 171.6 170.5 169.4 168.7 168.1 167.4 167.4 169.6 172.7 173.5 174.1 174.5 175.3 175.9 175.9 174 172.6 170.9 169.2 168 167.5 166.6 163.9 160.8 160.1 158.6 158.4 157.2 156.3 155.4 154.6 154 153.8 152.7 150.8 149.3 147.7 145.8 144.1 143.1 142.5 140.7 138.9 137.4 137.2 136.6 135.6 135.3 135.3 134.6 133.3 132.1 130.4 128.7 128.5 128.5 127.7 128.9 129.9 130 130.4 130.6 130.5 130.7
175.8 172.5 170 168.1 166.3 164.9 163.8 166.5 168.5 170.4 172.5 173 173.7 172.7 172.3 171.4 170.3 169.2 167.9 167.4 167.4 168.8 172.2 173.3 173.7 174.8 176.3 176.1 175.2 173.8 172.5 171.2 169.8 168.7 167.9 166.2 164.4 161.3 160.4 160 159.4 158.8 157.9 157 156 155.9 154.8 153.1 151.7 149.8 148 146.4 144.5 143.8 142.3 140.9 139.6 138.3 138.6 137 135.6 135.9 135.5 134.8 133.6 132.5 131.5 129.3 128.4 128 131.7 130.9 130.9 131.3 131.7 131.8 131.8 131.9
175.9 172.4 170.1 168.1 166.4 164.8 163.8 165.9 167.5 170 172.1 173.2 173.3 172.8 172.3 171.8 171.3 170.2 167.4 167.4 167.4 167.4 170.1 172.3 173.6 175.5 176.1 175.1 174.4 173.1 171.7 170.2 169.3 168.3 166.8 165.1 163.6 162.5 161.4 160.1 159.7 159.9 159.7 158.7 157.7 158 156.6 155 153.4 151.8 150.3 148.7 146.6 145.8 143.8 141.7 140.4 139.1 139.4 138.4 137.9 135.9 135.7 134.9 133.8 132.8 131.4 129.2 130.4 131.7 132.5 131.7 132 132.6 133 133 133.1 133.2
174.1 171.9 170 168 166 165 163.9 165.6 166.4 168.1 171.6 172.8 173.3 172.8 172.3 171.8 171.4 170.7 167.4 167.4 167.4 167.4 167.5 171.1 173.5 175.4 174.7 173.9 173.1 171.9 170.3 169.5 168.5 167.1 165.7 164.2 163.1 162.2 161.6 161.3 161.4 161.1 161.3 159.3 159.3 159.2 158.7 157.1 155.5 153.9 152.3 150.7 149.1 147.5 145.6 143.4 141.2 139.9 139.2 137.6 136.9 135.9 134.4 134.2 132.1 132.3 130.9 131.6 132.2 132 132.8 132.4 133.1 133.8 134.3 134.3 134.4 134.5
173.6 171.5 169.5 168 167.2 165.9 164.2 166.9 167.9 168.8 171.3 172.6 173.2 172.8 172.5 172.1 171.5 169.9 168.2 167.4 167.4 167.4 167.4 167.4 172.2 173.4 173 172.5 171.5 169.8 169.1 168.8 167.6 166.5 165.3 163.8 162.7 161.4 162.4 162.4 162.5 162.5 162.1 161.2 160.6 160.3 159.9 159.1 157.6 156 154.3 152.7 151.1 149.3 147.4 145.2 143 140.7 139.2 137.5 136.8 136.7 135.1 133.9 133 132.3 133.4 133 132.9 133 133.3 133.4 134.1 134.8 135.5 135.6 135.7 135.7
173.7 171.9 170.3 169.5 168.7 167.8 166.3 168 169.5 170.9 172.2 172.8 173.2 173.1 172.9 172.3 170.9 170.2 169.5 167.4 167.4 167.4 167.4 167.4 170.8 171.9 171.4 170.5 169.4 168.5 168.7 168.9 167.8 166.6 165.2 163.6 162.2 161.4 162.8 163.4 163.7 163.4 163.7 162.8 162.1 162.2 161.9 161.1 159.6 158 156.4 154.4 152.5 150.7 149 146.9 144.2 142.2 140 138.7 138.1 137.8 136.9 134.9 135.1 134.3 133 133.3 133.7 134.4 134.4 134.4 135.4 136 136 136.6 136.7 136.7
174.5 173.1 172.3 171.5 170.6 169.7 168.4 169.6 171.1 172.7 173.6 173.9 173.8 173.6 173.4 173 172.4 171.7 171 169.1 167.4 167.4 167.4 167.4 168.1 170.4 169.9 170 170.2 170.3 169.9 168.8 167.9 166.8 164.9 163.4 162.2 161.6 163.3 164.8 164.5 164.2 165 164.7 164.4 164.4 162.9 162.7 161.6 160 157.7 155.8 153.9 152.1 150.4 148.3 146 143.7 142.5 140.6 140.4 138.9 137.3 136.2 136.2 135.2 134.7 134.5 134.6 134.9 135.3 135.8 136.6 136.5 136.5 136.9 137.7 137.7
176.1 174.8 174.3 173.5 172.8 171.7 171.3 171.9 173 174.2 174.6 174.5 174.3 174.2 174.1 173.9 173.3 172.6 171.8 170.7 168.2 167.4 167.4 167.4 167.4 170.8 171.9 171.3 171.4 171 169.8 168.5 167.3 166.1 164.7 163.6 162.4 161.8 163.5 165.3 164.6 165 166.1 166.5 167.1 167.3 165.1 164.4 163.2 161 159.1 157.1 155.4 153.6 151.2 149.2 147.8 145.7 143.7 140.9 139.6 138.3 137.1 137.7 136.4 136.4 136.1 136.1 136.1 136.2 137.1 137.3 137.1 137 137 137.2 138 138.7
177.5 176.8 176.3 175.5 174.8 173.9 172.9 173.4 174.2 175.1 175.2 175.1 175 174.9 174.8 174.7 174.2 173.5 172.4 171.4 169.9 168.2 167.4 167.4 168.3 171 174.1 173.6 172 171 169.8 168.6 167.3 166.1 164.8 163.8 162.7 161.9 163.2 164.2 165 166.1 167.2 167.7 168.6 168.9 166.8 165.2 165.4 162.6 160.4 158.6 156.8 155.3 151.7 149.9 148.1 146.5 145.2 142.5 141.1 139.6 139.7 139.6 139.1 138.1 138.2 138.3 138.4 138.5 138.8 138.3 138.1 137.9 137.7 137.5 138.3 139.1
179.5 178.8 178.3 177.4 176.1 175 175.3 175.3 175.8 176.1 176.6 176.2 175.9 175.6 175.4 175.3 175 174.1 173.1 172.1 170.7 169.2 169.3 168.8 169.7 171.3 172.5 174 172.4 171.1 169.8 168.6 167.4 166.1 164.9 163.7 162.8 162.1 163.1 164.4 166 167.2 168.3 168.9 170 169.6 168.4 167.4 166.8 164.9 161.9 160 158.3 156.5 153.3 151.4 149.5 147.7 145.9 144.7 144.1 142 141.9 141.8 141.3 141 140.9 140.8 140.6 140.5 140.4 140.1 139 138.8 138.5 138.3 138.8 139.6
182.2 181.4 180.1 179.1 178.1 177.2 176 176.9 177.6 178.4 178.2 177.8 177.4 177.1 176.8 176.5 175.6 174.8 173.8 173.1 171.6 171 171.2 171.5 171.7 171.6 172.3 173 172.5 171.1 169.9 168.6 167.4 166.2 165 163.8 162.8 162.4 163.4 165.1 166.7 168.1 169.4 170.3 171 170.5 169.9 169.2 167.3 165.9 163.4 161.3 159.6 157.9 155.8 153.8 151.9 150 148.8 147.1 145.9 146.1 144.3 144.1 143.4 142.9 142.6 142.4 142.3 142.1 142 141.4 140.4 139.5 139.2 139.1 139.3 140.2
184.2 183.1 181.8 180.7 179.5 178.4 177 177.8 178.3 178.8 179.4 179.5 179 178.6 178.3 176.8 175.6 175.4 174.6 174 172.8 173 172.7 172 171.5 171.5 172.4 173 172.5 171.1 169.9 168.7 167.5 166.2 165 163.9 162.6 162.9 164 165.7 167.3 168.9 170 171 171.7 171.1 170.3 169.2 167.8 166.6 164.4 162.8 161.3 159.8 158.2 156.1 154.3 152.6 151.6 149.5 148.2 147.8 147 146.2 145.4 144.7 144.5 144.3 144.1 143.8 143.3 142.9 142.1 141.3 140.4 140 140 141.8
185.6 184.5 183.3 181.2 180.1 179.2 178.2 178.1 178.8 179.3 179.9 180.5 180.8 179.5 177.8 176.8 175.9 175.6 175.3 174.9 174.5 173.8 173.1 172.4 171.8 171.4 172.6 173.5 172.3 171.3 170.1 168.9 167.7 166.4 165.3 163.8 162.5 162.9 164.7 166.5 168.1 169.3 170.2 171.1 171.9 171.3 170.7 169.5 168.4 167.6 165.5 164.8 163.4 162 160.6 158.6 156.6 155.3 153.5 151.4 150.9 150.2 149.4 148.6 147.9 147.1 146.5 146.2 146 145.8 145.5 145.1 144.4 143.5 142.6 141.8 143.8 143.3
187 185.8 184.1 182.3 180.2 179.1 178.6 178.3 179.3 179.8 180.3 180.2 180.1 179.2 178.1 177.1 176.2 175.8 175.5 175.2 174.3 173.6 172.9 172.2 171.5 171.2 173 173.3 172.4 171.5 170.4 169.2 168.3 167.4 165.8 164.4 163.1 163.3 164.8 166.7 168.7 169.7 170.5 171.5 172.3 172 171.4 169.9 168.9 168.2 167.9 166.7 165.5 164.1 162.8 161 159 157.2 155.5 154.4 153.9 152.7 151.8 151.2 150.5 149.6 148.6 148.3 148 147.7 147.4 147.2 147 146.8 145.9 146.7 147.7 146.9
187 185.9 184.6 183.2 181.2 179.2 178.4 178.3 179.6 179.9 180.1 180.2 180.4 179.5 178.5 177.4 176.5 176.1 176 175 173.7 172.9 172.2 171.5 170.8 170.9 172.7 172.7 171.9 171.2 170.7 169.8 168.9 167.9 166.2 164.8 163.2 162.3 164.6 167.1 169.2 170.1 171.1 172.1 172.6 172.8 172.2 170.4 169.5 169.1 169.5 168.3 167.5 166.5 164.9 163.3 161.6 159.9 158.1 157.1 156.6 155.6 154.6 153.8 153.1 152.1 150.9 150.4 150 149.7 149.4 149.4 149.3 149.2 149 150.2 150.6 149.9
186.4 185.4 184.5 183.1 182.1 180.2 178.6 178.5 180.2 180.2 180.3 180.5 180.5 179.7 178.8 177.7 176.8 176.4 176 174.8 173.5 172.3 171.5 170.8 170.2 170.6 171.3 171.9 171.6 171.2 170.6 169.9 169 168.1 166.6 165.2 163.9 162.6 164.8 167.4 169.7 170.7 171.7 172.7 172.9 173.7 172.3 170.8 170.2 170.1 170.8 170.1 169.3 168.5 167.7 165.3 163.8 162.4 160.7 159.5 159 158.4 157.5 156.4 155.3 154.6 153.5 152.5 152.1 151.9 151.7 151.6 151.6 151.5 152.3 153.7 153.1 152.5
185.8 184.8 184.1 183.2 182.3 180 179 178.8 180.8 180.7 180.7 180.7 180.7 179.8 179 178.1 177 176.7 175.8 174.6 173.3 172.1 170.8 170.2 169.7 169.9 170.9 171.4 171.6 171.2 170.5 169.8 169.1 168.2 166.9 165.6 164.5 163.8 165.2 168.1 169.9 171.1 172.2 173.1 173.7 174.5 172.9 171.4 171.3 170.8 171.5 171.8 170.9 170.4 169.4 166.8 165.3 163.9 162.4 161.5 161.1 160.1 159.1 158 156.9 156.6 155.6 154.6 154.5 154.3 154.1 154 153.9 153.6 155.5 155.1 154.6 153.7
185.4 184.4 183.8 183.2 182.4 180.8 179.2 180.2 181.3 181.3 181.2 181.2 180.9 180 179.2 178.4 177.4 176.8 175.6 174.4 173.1 171.7 170.2 169.9 169.9 169.9 170.4 170.9 171.3 171.1 170.4 169.7 169 168.2 167.3 166.4 165.6 165.2 166.2 168 169.5 171 172.4 173.5 173.9 174.1 172.9 171 171 170.6 171 172.5 172.3 171.2 170.6 168.4 166.8 165.3 163.6 162.9 162.8 161.7 160.7 159.6 158.4 158.6 157.6 156.8 156.3 156.6 156.5 156.3 156.3 156.7 157.3 156.6 155.3 154.1
185.5 184.5 183.6 182.9 182.3 181.4 181.5 181.2 182.1 181.9 181.8 181.7 181.2 180.3 179.4 178.6 177.7 176.6 175.4 174.2 172.5 170.8 169.9 169.7 169.2 169 170.1 171.7 171.9 171.2 170.4 169.7 169 168.3 167.8 167.1 166.4 166.3 166.7 167.9 169.3 170.8 172.2 173.7 174 173.8 173 171.6 170.5 170.5 170.7 172 172.2 172 171.5 170 168.2 166.8 165.3 165.8 164.4 163.7 162.9 161.6 160.7 160.6 159.6 158.9 158.4 157.9 158.2 158.3 157.9 158.5 158.9 157.9 156.7 155.4
185.5 184.6 183.7 182.7 182.6 182.9 183 182.6 182.9 182.8 182.6 181.8 181.3 180.7 179.8 179 178 176.7 174.8 173.9 172.3 170.6 169 168.5 168.1 168.2 168.6 170.6 172 171.3 170.6 169.8 169.2 168.8 168.2 167.6 166.9 167.3 167.3 167.9 169.4 170.8 172.3 173.2 173.9 173.9 172.8 171.2 170.5 170.5 170.8 173.8 173.8 172.1 172 171.1 170.4 168.7 167.2 167.2 167.1 166.6 165.8 164.4 163.6 162.8 161.6 161.1 160.6 160.1 159.7 159.2 159.9 160.2 159.8 159.3 158.2 156.9
185.7 184.6 183.5 182.5 184.4 184.3 184.1 183.9 183.8 183.1 182.3 181.5 181 180.5 180 179.4 178.1 176.2 174.4 174.1 173 170.3 168.4 167.4 167 167.3 167.6 170.4 171.7 171.4 170.7 170.1 169.9 169.2 168.6 168 167.8 168 168 168 169.5 170.9 171.7 172.5 173.3 173.5 171.7 170.5 170.5 170.5 170.5 174.7 175.3 173.4 173.5 172.4 171.4 171.2 169.9 169.7 169.5 169.4 168.8 167.6 165.7 164.3 163.6 163.1 162.5 162.2 161.9 160.6 161.3 160.9 160.6 160.2 159.5 157.8
186.6 185.2 185 185 185.9 185.8 185.5 185.1 184.7 183.8 182.6 181.5 181.2 180.2 179.6 179.1 177.2 175.3 174.7 174.9 172.5 169.3 167.2 166.4 166.2 166.6 167.6 170.6 171.2 171.4 171 170.9 170.3 169.6 169 168.4 168.3 168.4 168.5 168.6 169.4 170.3 171.2 172.1 173 172.2 170.6 170.5 170.5 170.5 170.5 174.7 176.2 175.6 174.7 173.6 172.6 172.2 171.6 170.9 171 171 170.7 169 167.1 166.3 165.7 165.5 164.8 163.6 163.1 162.8 162.3 161.9 161.6 161.1 160.3 159.6
188.3 187.2 187.1 187.4 187.2 186.8 186.4 186 185.6 184.4 183.2 182.2 181.2 179.9 179.2 178.5 176.2 174.4 174.3 173.7 171.8 168.4 166.7 165.7 165.4 165.8 166.4 168.8 171.7 172.2 171.8 171.3 170.6 169.9 169.2 168.5 168.4 168.5 168.6 168.7 168.9 169.9 171 172.1 173.1 172.8 170.8 170.5 170.5 170.5 170.5 172.7 176.3 175.5 175.6 174.6 173.9 173.4 173.2 172.7 172 172 171.4 170.7 169.9 168.7 167.7 167.5 167.3 166.5 165.3 164.3 163.4 163.1 162.5 161.7 160.9 160.2
190.1 189.2 189.4 188.7 188.2 187.8 187.4 187 186.1 185 183.8 182.6 181.3 179.9 178.7 177.7 175.2 174.8 173.5 172.3 170.5 167.3 166.2 165.1 164.2 164.5 165.5 169 171.5 171.9 171.1 170.5 170.3 170 169.3 168.8 168.6 168.5 168.6 168.7 168.8 169.2 170.3 171.5 172.8 173.5 170.7 170.5 170.5 170.5 170.5 170.5 175.1 175.9 176.7 176 175.3 174.7 174.7 174.5 173.8 173.1 172.7 172.4 171.8 170.7 169.9 169.7 169.4 168.6 167.5 166.1 164.8 163.9 163.1 162.3 161.6 160.8
191.9 191.1 190.4 189.6 189.2 188.8 188.2 187.3 186.5 185.7 184.5 183.2 181.6 180 178.5 177.2 176 174.5 172 170.4 168.9 165.5 164.7 163.4 162.1 162.3 163.8 166.7 170.2 170.6 169.6 169.5 169.2 168.9 168.7 168.7 168.4 168.3 168.4 168.5 168.7 168.6 169.7 171 172.5 173.4 171 170.5 170.5 170.5 170.5 170.5 175.6 176.6 177.6 177 176.4 176.1 176.3 176.3 175.5 174.6 174.1 173.6 173.1 172.6 172.1 171.4 170.9 170.1 168.8 167 165.9 164.5 163.7 162.9 162.2 161.4
193.7 192.5 191.3 190.6 190.2 189.3 188.5 187.6 186.8 186 185.2 184 182.4 180.7 178.9 177.3 175.6 174.3 172.6 170 167.5 166.1 165.1 164 162.3 160.8 162.6 162.7 165.6 168 167.9 168.3 168.3 168 167.9 168.3 168.2 168.2 168.3 168.3 168.1 167.9 168.7 170.7 172.2 173.2 170.6 170.5 170.5 170.5 170.5 171.1 175.8 177.1 178.2 177.6 177.1 177.7 178.3 177.8 177 176.2 175.6 175.1 174.8 174.5 174.1 173.2 172.4 171 169.4 168.2 166.7 165.1 164.3 163.5 162.7 161.6
