data/300000-840000.asc
ncols 200
nrows 200
xllcorner 300000
yllcorner 840000
cellsize 50
[rows 0 to 34 of 200, columns 0 to 77 of 200]
95.8 86.1 75.5 69.8 81 87.3 100.4 100.9 99.9 99.6 99.8 100.2 102.1 105.8 113.6 129.6 149.7 156.5 157.3 157.2 157.6 158.5 157.1 155 153.6 153.1 152.8 152.9 153.1 153.2 153.4 154 154 154 154.3 154.4 155.2 156.5 162 165 170.2 176.5 183.9 188.9 191.6 194.3 197.4 199.2 200 199.6 196.8 195.4 194.5 194 193.6 193 192.3 191.7 191.3 191.7 194.2 194.6 196.2 199.3 202.2 202.8 203.4 204.5 205.6 206.9 208.3 209.6 210.7 209.9 209.3 208.2 207.2 205.2
91.8 72.6 69.2 82.1 86.6 92.3 101 100.6 100.2 100.2 100.5 101.4 104.2 110.2 123.5 139.8 154.3 159.7 166.9 172.6 172.3 163 158.5 156.5 155.1 154.3 154.1 154 154.1 154.5 154.7 154.9 155.1 155.1 155 155.4 156.2 156.7 159.5 166.9 172.1 175.1 182.2 187.8 191.1 194 195.7 197.5 198 197.4 195.7 194.9 194.4 194.1 193.7 193.3 192.6 192 191.9 191.8 192.8 194.5 198.6 202.8 203.6 204.2 204.9 205.7 206.9 208.1 209.2 209.9 210.6 210.7 210.3 209 207.8 205.8
86.3 69.6 82.3 89.2 86.7 87 89 98.3 100.6 101 101.8 103 107.3 119.2 135.9 151.4 160.3 168.4 173.3 176.2 173.4 170.4 159.9 157.3 156 155.7 155.6 155 155.4 155.8 156.1 156.5 156.7 156.8 157.6 157.1 156.2 156.7 158 164.5 165.2 177.1 182.6 187 190.2 193.6 194.6 195.8 195.6 195.3 195.2 194.5 194.1 194.2 193.8 193.4 192.9 192.7 193.9 192.8 193.9 199.6 202.5 203.4 204.2 204.8 205.5 206.5 207.7 208.9 210 210.5 211.2 211.5 211 210 208.2 206
79.3 77.4 80 83.8 85.8 87.2 87.9 90.2 98.2 102.5 103.8 106.5 116 130.8 147.4 161.3 169.6 174.6 176.6 179.2 176.1 170.7 162.4 158.6 157.4 157.4 157.5 157.3 157.5 157.9 158.1 158.5 158.9 159.6 161.2 160.9 158.4 157.8 157.9 162.9 171.7 176.6 181.5 184.6 188 190.9 192.3 193.6 194.1 194 194.2 194.1 193.7 193.9 194 193.6 194.4 195.4 196.4 196.8 198.5 201.6 203.1 203.9 204.8 205.4 206.2 207.3 208.5 209.7 210.8 211.2 211.8 212.1 211.8 210.2 208.3 205.6
70.1 86.7 77.8 73.8 75 74.8 75.1 75.6 81.9 100.1 122.8 127.2 126.9 137.2 158.6 167.8 175.7 178.5 176.3 180.4 179.5 172.1 162.7 159.9 159.7 159.8 160.2 159.8 160.2 160.6 160.6 160.9 161.3 162.2 164.4 164.9 162.6 159.1 158.7 160.8 168.5 172.8 179.5 183.4 185.7 188.1 189.6 190.9 192.2 192.7 192.9 193.1 193.3 193.5 193.7 193.9 196.8 198.8 199.6 200.1 200.6 201.4 203.1 204.5 205.4 206 207.1 208.1 209.3 210.5 211.6 212 212.4 212.4 212.4 210.6 208.4 203.7
82.3 93.9 94.3 89 84.8 87.1 86.8 90 83.4 77.4 108.7 127.8 131.6 143.9 163.4 170.3 175.8 182.9 174.6 178.9 179.6 172.8 165.1 166.2 168.3 165 163.8 162.9 163 163.2 163.2 163.3 163.9 165.4 168.1 171.6 167.7 161.7 159.6 159.7 164.8 167.4 176.7 181.2 184 186.5 187.9 189.3 190.8 191.5 191.9 192.7 193.2 193.3 195 197.6 199.9 200.5 201 201.4 202 202.8 203.7 204.6 206 206.8 207.9 208.9 210.1 211.5 212 212.4 212.7 212.4 212 209.4 205.8 195.2
90 99.2 100.7 94.2 88.3 87.3 92.9 92.7 95.3 78.1 101.2 125.6 136.9 150.5 162.5 169.2 175.1 178.2 174.9 175.7 178.2 172.2 168.6 171 175.7 174 170.1 167.1 165.7 165.7 165.7 165.7 166.7 167.6 169.2 172.9 171.3 165.8 162.4 161 160.9 166.2 172.7 179 182.7 185.1 186.7 188.2 189.7 190.9 191.7 192.5 193.1 195.4 199 200.4 201.1 201.8 202.4 202.8 203.3 204.2 205.1 205.9 206.6 207.6 208.6 209.5 211 211.9 212.1 212.4 212.6 212.4 211.1 208.7 199.4 195.5
91.1 98.7 102.9 103.6 103.8 94 94.2 101.5 103.3 78.7 100.5 124 140.9 154 162.2 173.7 176.5 173.6 173.3 174 175.2 171.8 170.3 173.5 179.2 176.9 173 169 167.7 169 168.8 168.7 169.6 170 173.6 176.7 174.5 177.6 175.5 167.7 169.6 167.6 169 177.6 181.7 183.9 185.8 187.5 188.8 190.1 191.1 192.4 195.5 198.7 200.1 201.3 202.4 203 203.7 204.3 204.8 205.5 206.1 206.7 207.3 208.3 209 209.6 210.8 211.8 211.8 211.6 211.7 212.1 211.1 205.5 195.8 199.5
91.9 95.2 102.2 107.4 108.1 108 108.3 125.7 118.7 81.7 98.9 122.6 140.8 153.4 163 172.7 176.9 174.5 173.8 174.3 174.6 174.5 173.3 177.5 180 177.6 174.9 171.8 173.2 180 176 174 175.5 175.6 177.7 179.3 178.1 176.9 173.5 170.1 179.6 169.4 167.1 175.6 181.7 184 185.7 186.8 188.1 189.9 191.8 195 197.6 199.2 200.7 201.9 202.9 203.8 204.4 205 205.6 206.3 206.8 207.3 208 208.7 209.3 209.8 210.5 211.1 210 208.6 210 207.7 204.1 197.2 199.3 201.8
81.2 95.4 102.9 108.8 111.6 102.7 101.1 116.2 123.6 88.8 95.1 122.6 141.1 155.5 162.4 172.4 176.5 176.3 175.3 175.7 176.9 179.5 177.8 179.2 180.8 178.7 177.2 177.5 182.5 183.9 180 177.7 177.5 177.9 178.5 178.7 176.9 175.2 176.6 180.6 180.8 172.7 171.1 179 181.2 184.1 185.3 186.7 188.8 191.7 194.1 196 198.5 199.9 201 201.8 202.9 203.9 204.7 205.3 206.2 207.1 207.9 208.2 208.3 208.7 209.2 209.6 209.5 208.9 207 204.6 202.9 201.3 200.8 200.4 201.5 203.1
91 99.3 108.8 116.7 120.4 99.3 97.8 93.5 112.5 88.6 97.2 123.9 150.6 157.8 162.4 171.6 176.6 178.8 180.8 182.3 183 182.6 181.1 179.8 182.3 178.7 181.2 184.1 184.6 184.5 183.1 178.2 177.6 177.5 178 178.6 182 181.3 177.4 181.8 179.3 172.1 172.7 178.9 181.6 183.8 186.1 188.2 190.8 193.3 195.2 197.2 199.1 200.1 200.9 201.6 202.6 203.7 204.4 205 205.8 206.9 207.9 208.7 208.5 208.6 208.8 209 208.3 207.2 205.4 203.2 202.8 203.2 205.3 204 203.8 204.5
97 104.7 118.3 131.2 126.3 99 86.9 87.2 82.6 81.4 102.1 131.8 155.6 158.1 161.7 177.5 183.2 181.5 181.9 182.4 184 184.4 183.4 183.4 181.9 181.2 182.5 184.4 184.8 184.3 183.2 179.5 178.2 178.2 178 177.8 178.3 177.4 175.3 175.6 173.3 173.8 176.8 178.6 182.1 184.3 186.5 189.5 192.1 194.9 196.7 199 200.6 200.9 201.1 201.6 202.4 203.3 204 204.6 205.5 206.5 207.6 208.7 208.8 208.8 208.9 208.6 207.8 206.5 204.6 203.9 209.1 209.5 209.6 206.5 205.3 205.4
106.1 117.7 131.8 131 127.4 95.7 86.1 100.1 104.5 102.9 119 136.7 153.6 157.5 164.2 177.1 185.2 181.9 181.1 180.6 182.2 181.9 180.9 180.3 179.4 179.5 181 184.5 184.7 184.6 184.2 182.1 180.1 178.9 178.3 177.7 176.5 174.5 175.2 175 176.3 179 179.9 181 183 184.8 187 189.9 193.3 196.4 198.2 200 201.1 201.5 201.7 202 202.2 202.9 203.6 204.3 205.1 206.4 208 208.9 209 208.9 208.6 208.3 208 206.7 205.4 209.1 209.5 209.4 209.4 207.9 207.3 208.1
123.4 132.3 131.6 130.7 118.4 96.2 86.4 109.2 122.8 132.7 138.8 144.6 153.9 157.3 165.8 181.9 182.4 180.4 180.4 180.2 179.7 179.2 179.5 179.8 179.8 179.3 179.3 182 183.1 183.4 184.7 180 178.5 178.1 178.3 177.5 176.1 175.1 175.6 174 179.5 181.6 181.4 182.7 184.8 185.5 187.5 190 193.4 196.4 198.3 199.5 200.1 200.6 201 200.8 201.5 202.3 203.5 204 205.1 206.9 208.3 209 209.3 209.5 209.3 208.8 208.5 207.8 207.3 208 208.9 209.5 209 209.5 210.5 211.4
132.2 131.6 131.6 134.1 121.6 100.6 88.2 108.4 122.6 131.9 142.1 148.6 155.2 158.3 170.8 182.6 179.6 179.8 180.5 180.6 179.8 180.2 180.8 181.2 181.2 180.7 180.2 179.1 179 179.3 179.6 179.7 178.8 178.3 178.1 177.6 177 175.8 177 177.6 180.9 183.5 184.4 185.5 186.1 186.3 187 188.2 191.3 194.8 196.8 197.7 197.7 197.2 197.6 199.2 201.5 202 203.4 205.3 206.7 207.8 209 209.7 210.1 210.5 210.7 210.7 210.5 209.9 209 210.6 211.8 211.8 211.1 212 212.6 213
132.9 132.9 136.3 140.6 127 103.3 88.8 99 115 127 142 148.3 155.6 160.1 172.2 179.1 180.8 181.9 182.6 182 181.5 181.8 182.2 182.6 182.6 182 181.4 180.6 180 179.9 179.4 179.6 178.9 178.2 177.7 177.3 176.9 176.3 177.7 180.6 183.4 184.5 185.4 186.2 186.5 186.9 187.1 187.7 188.7 190.8 192.4 193 194.7 196.4 198 200.5 203.5 204.4 205.8 207.3 208.6 209.7 210.2 210.8 211.2 211.6 211.9 212.1 212.3 212.1 211.7 212.8 214.7 214.7 214.2 214.3 214.7 215.1
138.4 142 148 147.4 129.8 102 101 114.2 121.9 133.4 142.4 149.8 156.4 166.1 174 179.2 181.3 183.5 184.4 183.5 183.1 183.5 183.9 184.5 184.3 183.8 183.5 183.4 183 181.8 180.2 179.4 178.7 177.9 177.4 177.1 176.8 178.1 181.3 184.1 184.9 185.6 186.5 186.6 187.6 187.4 188.8 189.1 189.8 190.9 192.1 195.1 200.2 201.9 203.2 205 207.2 208.4 209.8 210.7 210.6 211.6 212 212.3 212.8 213.2 213.3 213.5 213.7 213.9 213.9 214.6 216.1 216.3 215.9 215.9 216.2 216.7
150.7 154.1 153.4 147 126.2 99.8 106.7 122 128.2 133.7 141 149.1 156.4 171.4 180.2 180.6 182 184.3 185.5 184.7 184.7 185.4 185.9 186.4 186.1 185.9 185.7 185.6 185.5 184.5 182.8 180.8 178.7 178 177.3 176.7 178.3 180.8 183.6 185.4 185.5 185.9 187.5 187.1 190 194.1 195.3 195.3 194.6 196.6 200.2 203.6 206.3 207.3 207.8 209.8 211.5 212.5 213.1 213.9 213.8 213.5 213.7 214 214.4 214.8 214.9 214.9 215.1 215.3 215.7 216.3 217.2 217.8 217.6 217.6 217.7 218.3
157.1 157.5 154.4 145.8 120.9 99.1 110.5 123.7 130.5 136.3 144.9 154.4 159.2 168.5 179.2 181.1 182.5 184.6 185.5 185.9 186.3 187.4 187.9 188.4 188.3 188.1 187.9 187.8 187.5 186.7 184.9 182.5 180.7 178.1 177.3 177.9 180.7 183.6 185.3 185.4 185.7 186.1 187 191.1 194.3 196.4 198.5 200.9 200.6 203.4 205.8 207.8 209.8 211.3 212.6 213.9 214.9 215.5 216 216.2 216.1 215.8 215.4 215.7 216.1 216.4 216.5 216.5 216.6 217 217.6 218.2 218.8 219.3 219.3 219.3 219.4 220.4
159.9 158.5 155.8 146.7 120.8 98.3 112.6 125.6 131.8 138.6 146.6 155.5 165.6 165.5 172.5 180.6 182.8 184.9 185.9 187.2 188 189.2 189.9 190 190.2 190.2 190 190 189.5 188.2 186.1 183.8 181 178.6 178.4 179.5 183.3 185.5 185.1 185 186 186.2 191 194.9 196.4 199.8 202.1 204.2 206.2 207.8 209.4 211 212.7 214.2 215.4 216.6 217.3 217.6 217.9 218.1 217.9 217.5 217.1 217.3 217.7 218 218.1 218.1 218.3 218.5 218.9 219.6 220.2 220.6 220.7 220.7 221.3 222.3
161.2 159.9 158.4 151.4 123.9 104.1 112.4 127.8 134.7 139.7 147 152.9 157.3 163.7 170 178.9 182.9 185.4 186.7 188 189.3 190.6 191.5 191.5 191.7 191.8 192 192 190.8 189.2 187.2 184.9 181.4 178.8 178.3 178.6 179.7 181.3 183.5 184 185.9 190.6 194.4 197.7 199 202.1 204.8 206.8 208.5 210 211.7 213.4 215.1 216.7 217.6 218.6 218.9 219.3 219.6 219.7 219.5 219.1 218.6 218.8 219.2 219.6 219.7 219.8 220 220.3 220.5 220.8 221.5 221.7 221.9 222.4 223.1 224.6
162.3 160.1 159.1 153.7 131.3 106.5 114.2 130.6 135.4 138.7 145.1 152.2 156.8 162.5 171.1 178.5 183.4 186.3 187.6 188.9 190.2 191.5 192.4 192.9 193.2 193.5 193.7 193.4 191.7 189.9 187.8 185 181.5 179.5 178.6 179.1 180.3 181.5 183.6 185.8 188.2 192.7 196.6 199.4 201.3 203.9 206.6 208.7 210.5 212.1 213.5 215.3 217.1 218.8 219.7 220.2 220.6 220.9 221 220.7 220.5 220.7 220.2 220.3 220.7 221.2 221.4 221.6 221.8 222 222.2 222.4 222.7 223.2 223.8 224.5 225.4 227.6
163.9 160.6 157.4 147.5 132.3 112 103.3 130.4 139.2 145.5 146.2 153.1 158.4 162.3 170.4 177 182.3 187.2 188.7 190 191.2 192.4 193.2 193.8 194.4 195.1 195 194.2 192.4 190.5 187.9 184.7 181.6 180.2 179.7 180.7 182.2 183.5 187.9 191.2 193.2 195.6 199.1 201.4 203.8 206 208.5 210.7 212.5 214.1 215.6 217.1 218.9 220 221.2 221.6 221.7 222 222 221.7 221.3 221.9 221.8 221.8 222.2 222.8 223.1 223.3 223.7 224.1 224.5 224.7 225 225.9 226.9 227.9 228.5 231.2
165.7 162.1 159.5 155.5 140.1 116.1 107.7 129.8 143.9 149.4 149 154.6 159.9 164.2 170.5 175.8 181.3 187.1 189.5 191.2 192.4 193.3 194.1 195 195.2 195.6 195.7 195 193.1 190.7 187.6 184.4 181.7 181 181.2 182.3 184.2 186.4 190.9 194.2 196.7 199 201.3 203.6 205.9 208.2 210.3 212.5 214.5 216.1 217.6 219.1 220.3 221.5 222.7 223.1 223.2 223.2 223.1 222.7 222.3 222.6 223.2 223.3 223.8 224.5 224.8 225.3 225.8 226.2 226.5 226.8 227.2 228.1 229 229.8 231 234.1
165.8 165.7 165 155.5 141.2 115.5 110.9 132 141.8 147.7 150.4 155.4 159.8 166.1 172.1 176 181.5 187.1 190.2 192.7 194.1 194.9 196 196.4 195.8 196 195.8 194.9 193.3 190.5 187.2 183.4 182.7 182.9 184.9 187.1 188.6 190.2 192.6 196.7 199.4 201.6 203.9 206.1 208.4 210.4 212.3 214.4 216.5 218.1 219.9 221.5 222.3 223 224.2 224.6 224.7 224.5 224.2 223.7 223.3 223.3 223.9 224.7 225.4 225.7 226.9 227.4 227.9 228.3 228.6 228.8 228.8 229.7 230.6 231.5 233.3 236.3
166 161.6 155.7 152.1 133.3 117.8 104.2 117.3 131.7 146.3 151.8 156.8 158.6 165.5 173.1 177 182 186.9 190.9 193.5 195.7 196.9 197.9 197.8 197.3 196 195.3 194 192.5 189.8 186.3 183.4 183.8 185.2 186.1 190.4 193.2 195.4 197.1 199.7 202.1 204.3 206.6 208.7 210.5 212.5 214.5 216.5 218.5 220.4 222.3 223.6 224.5 224.9 225.8 226.1 225.9 225.6 225.3 224.6 223.9 223.8 224 226.5 227.6 228.4 228.8 229 229.9 230.4 230.5 230.2 230.5 231.3 232.2 233 234.7 238.7
176.6 167.1 158.8 151 130.9 117.1 105 131.2 129.2 145.9 153.4 159.6 160.7 164.6 171.2 176.8 181.9 186.7 190.8 193.9 196.6 199.2 199.3 199.3 197.9 196.5 195.1 193.5 191.7 188.9 185.7 183.6 185.3 187.1 189.2 192.7 196.1 198.6 200.8 202.5 204.8 207.1 208.9 210.7 212.5 214.5 216.5 218.5 220.4 222.3 224.1 225.5 226.6 227.2 227.5 227.3 227 226.7 226.4 225.5 224.6 225 227.5 229.7 230.9 231.4 231.5 231.8 232.1 232.3 232.3 232.3 232.3 233 233.8 235 237.2 240.9
182 168.9 164.8 146.9 125.5 110.2 116.9 134 139.9 146.8 154.5 159.8 163.9 165.7 170.4 176.2 181.5 186.4 189.8 192.8 195.8 198.8 199.5 199.3 198.3 196.9 195.5 193.6 191 187.8 185.3 184.5 186.1 188.3 190.9 195.2 199.4 202.2 203.9 205.3 207.5 209.2 210.9 212.6 214.4 216.5 218.4 220 221.7 223.6 225 226.4 227.7 228.7 229 228.7 228.2 227.8 227.3 226.4 226.2 227.2 230 233 234.7 234.6 234.8 235.1 235.2 234.5 234.1 234.1 234.5 235.8 237.2 240.2 242.2 245.4
173.2 165.4 157.2 144.8 127.1 107.3 121.2 137.3 143.7 147.7 154 160.6 164.2 166.7 171.2 176.5 181.6 185.6 188.8 192 195 197.4 199.3 199.6 198.7 197.3 195.9 194.1 191 187.3 185.5 185.7 187.5 190 192.6 195.8 200.7 203.8 206.4 207.8 209.5 211.2 212.9 214.6 216.4 218.3 219.9 221.4 223 224.7 226 227.3 228.7 230.1 230.2 229.8 229.3 228.8 228.6 227.8 227.2 229.8 233.3 236.5 238 237.9 238.1 238.1 237.4 236.7 236.1 235.8 236.6 237.9 239.7 243 246.4 249.5
179 176.3 167.1 145.8 130.3 116.3 118.9 135.9 144.5 149 155.1 160.2 164.4 168.2 172.7 177.8 182 185.3 188.6 191.6 194 196.2 198 198.7 198.9 197.8 196.4 194.6 191.4 188.2 186.3 187.1 189 191.7 194.3 197 201.1 204.7 207.9 209.9 211.6 213.2 214.9 216.6 218.2 219.8 221.4 222.9 224.4 225.7 227 228.3 229.6 230.5 230.7 230.3 229.9 229.5 229.3 229.3 230.2 232.3 236.1 239.1 240.8 240.9 241.1 240.5 239.7 239 238.4 237.8 238.7 240 242 245.2 249.3 254
187.1 185.9 177.5 150.8 131.6 115.7 117.9 135.3 144.7 149.7 154.1 159.3 164.7 169.3 173.7 177.9 181.5 185 188.2 190.8 193 195.1 196.5 197.5 197.8 197.7 196.9 194.8 192.1 188.9 187.3 188.5 190.5 193.2 195.9 198.2 201.3 204.6 208.7 210.8 212.8 214.8 216.8 218.5 219.4 220.9 222.5 223.9 225.2 226.4 227.7 229.1 230.5 230.6 230.6 230.6 230.5 230.1 229.9 230.3 231.8 234.6 239 241.5 243.2 243.3 243.4 243 242.4 241.6 240.7 240 240.5 241.7 243.3 247.9 253.2 258.5
182.2 180.2 170.1 145.2 128.9 118.4 110.3 137.4 144.7 149.1 153.6 160 165 169.6 173.2 176.7 180.3 184 187.5 189.8 191.8 193.7 194.8 195.9 196.8 196.8 196.3 194.3 192.2 189.4 186.6 189.3 191.7 194.4 197.5 200.4 203.3 206.5 209.6 211.9 214 216.1 218.2 219.6 220.8 221.9 223.5 224.7 225.9 227 228.4 229.7 230.2 230.5 230.5 230.5 230.4 230.4 230.8 231.3 232.7 238 242.2 244.9 246.4 246.3 246.2 245.8 245.4 244.4 243.5 242.6 243.1 244.2 246.9 252.7 259.6 264.3
168 166.6 154.4 136.5 123.5 111.2 124 136.6 144.7 149.3 152.9 158 162.9 165.6 169.7 174.3 178.8 183.1 186.7 188.9 190.7 192.1 193.5 194.9 196 196.3 195.7 193.7 191.5 189.5 186.8 189.9 192.2 195.4 198.9 202.4 205.4 208.3 211.2 213.4 215.5 217.6 219.3 220.5 221.8 223 224.3 225.4 226.6 227.7 228.8 229.3 229.9 230.4 230.4 230.4 230.4 230.7 231.4 232 235.9 240.9 244.7 247.5 249.6 249.7 249.4 248.9 248.2 247.2 246.1 245.2 247 248 251.3 257.2 264.3 269
166.6 164.2 155.1 135.5 122.4 114.5 123.4 135.3 143.3 149.3 153.2 156.7 159.8 163.2 166.8 170.8 175.5 180.8 184.6 187.8 190 191.3 192.5 193.9 195.2 195.7 195.2 193.2 190.9 189.4 188.8 190.2 193.3 196.8 200.3 203.8 207.1 210 212.8 214.9 217 219 220.2 221.4 222.6 223.9 225.1 226.2 227.1 227.8 228.3 228.8 229.3 229.7 230.1 230.3 230.5 231.2 232 233.2 238.9 244 247.7 250.7 252.9 253 253.1 252.5 250.7 249.7 248.6 248.8 250.8 252 255.2 260.6 267.6 271.4
166.7 164.2 161 143.4 126.1 117.6 116.3 129.8 138.3 144.8 150.7 154.8 157.9 161.7 164.7 167.1 172.4 178.1 182.6 185.9 188.8 190.4 191.7 193 194.2 194.8 194.7 193.1 191.2 189.5 190.2 191.6 194.7 198.2 201.7 205.2 208.5 211.7 214.3 216.4 218.4 219.9 221.1 222.3 223.5 224.7 225.5 226.1 226.8 227.3 227.7 228.3 228.7 229.1 229.6 230.1 230.9 231.6 233 235.9 242.8 246.7 250.7 253.7 255.7 256.2 256.7 256.2 255.1 252.2 251.3 252 254.2 255.5 258.8 263.8 270.3 275.4
