data/300000-80000.asc
ncols 200
nrows 200
xllcorner 300000
yllcorner 80000
cellsize 50
[rows 148 to 184 of 200, columns 0 to 83 of 200]
24.5 19 17 19.3 27 30.9 31.4 31 32 33.2 33.6 33.9 34.4 35.2 35.6 36 35.1 33.3 27.2 26.4 38.1 46.3 49.9 52.5 54.8 57.2 58.4 59.4 57.9 54.9 50.8 44.1 47.2 50.4 51.5 48.8 47.6 52.9 53.7 52.8 51.6 52.3 53.3 52.8 50.7 47.8 47.5 45.9 46.4 45.2 41.8 43 43.7 43.9 45.7 47.4 49.4 51.2 53.4 55.5 57.7 59.7 61.3 61.2 57.3 62.5 65 65 63.2 62.9 61.7 65.1 68.4 73.1 78.2 84 87.9 90.7 92.6 93.1 92.2 91.8 91.7 92
17.4 15 16.7 22.7 28.7 29.5 30 29.2 30.4 31.7 31.8 32 32.5 32.7 33.8 33.7 32.3 29.8 25.2 30.7 39.4 45.1 48.6 50.5 52.5 54.7 55.9 56.3 53.6 50.4 48 43.1 47 48.5 48.6 46.8 47.6 50.5 51.1 50.3 48.8 48.1 48.1 48.6 47.4 46.4 44.4 43.5 44.3 43.1 40.5 40 41 40.7 42.4 43.3 46.1 48.1 49.8 51.8 54.6 56.1 57.2 57.5 56 57.9 59.7 60.6 59.6 60.3 65 66 69.4 74.3 79.6 83.9 85.6 88.2 89.5 91 91 90.7 90.5 89.8
12.8 13.5 19.4 24.9 27.9 28.1 27.5 27.6 28.9 29.9 30.1 30.2 30.4 31 31.9 31.4 29.6 27.4 22.5 32.1 39.1 43.1 44.6 47.2 52.2 53.4 51.7 50.3 48.5 45 43.3 41.3 44.4 45.5 45.7 43.9 47.4 47.9 48.6 48.3 45.7 46 45.2 45.2 43.9 43.9 41.8 39.6 41.4 40.9 38.2 36.5 37.4 41.1 41.9 44.7 44.9 43.7 45.3 47.1 48.8 50.4 51.5 52.5 53.2 56 55.3 56.9 59.3 64.1 67.1 69.4 70.1 75.2 80.3 83.2 83.9 85 86.7 88.3 89.9 89.7 89.5 87.9
10.6 15.3 21.5 24.4 26.5 26.6 25.8 25.6 27.4 28.2 28.4 28.6 28.8 29.3 29.7 27.7 27 25.3 22.9 30.6 37.2 39.1 40 44.4 51.1 50.8 46.6 40.9 39.8 40.4 39.5 38.5 41.4 42.8 41.1 42.5 44.6 44 45.1 44.5 42.3 40.5 41.1 40.1 39.6 40.8 38.8 36.8 37.7 36.3 36.2 37.3 47 49.5 50.8 50.5 49.7 47.9 47 49.3 53.4 54 55.1 57.6 61.1 63.6 61.4 59.8 61.1 63.5 66.3 69 71 74.9 80 82.5 82.7 83.2 84.5 85.7 87.6 88.6 88.1 86.6
10.4 17.2 22 24 24.7 25.2 23.6 24.7 26.6 27 27.2 27.4 27.7 26.9 26.7 24.8 23.2 21.6 21.8 29.1 34.9 35.5 34.9 39.1 43.1 45.4 39.9 36 34.5 35.6 35.7 36.1 38.4 38.9 37.6 39.2 42.2 41.9 41.2 40.3 38 36.3 36.4 36.5 36.6 36.1 36.2 33.3 33.1 33 38.5 43.2 48.3 52.2 54 53.6 53.6 53.3 53.4 54.9 57.7 59.4 61.5 65.9 70.8 68.3 64.5 63 61.6 64.1 66.1 68.8 73.1 76.9 80.1 81.3 81.1 81.6 82.6 83.6 86.1 87.4 86.9 85.9
12.4 17.4 20.6 23.1 23.3 23.2 22.9 24.1 25.1 25.9 26.1 25.9 24.3 24.9 23.5 22.4 21.9 20.2 22 26.8 30.6 32.2 30.5 29.2 33.7 35.7 33.2 31.9 30.2 30.8 31.4 34.2 35 34.8 32.3 34.2 38.2 38.5 37.6 35.5 33.4 32.8 32.8 33.1 32 29.1 38 38.1 38.3 44 45.7 47.6 51 55.6 57.7 57.7 57.7 58.5 59.3 59.5 62.3 64.1 68.7 72.9 75 71.6 66.8 64.7 63.2 65.7 68.7 71.5 76 80.3 81.8 79.2 79.3 80 80.9 82.2 83.1 84.6 85.1 84.8
11.9 16.3 19.4 21.5 21.6 21.4 21.7 22.9 23.2 24 24.3 23.7 21.6 23.1 21.2 20 19.3 19.9 23 26 28 27 26 27.5 25.5 27.9 28.1 27.1 27.1 27.4 28.8 31.1 31.3 31.1 33.4 33.1 33.2 35 33.9 31.4 29.7 29.3 28.4 27.8 31.6 34.5 41.2 42.2 45.8 48.1 50.1 52.6 56.9 62 67.7 66 65.2 67.1 73.2 66.2 68.7 72.7 76.2 77.8 74.2 69.9 66.8 64.6 65.1 68.1 71.1 76.2 79.4 79.9 79.7 78.9 77.8 78.2 79.3 81 82.3 83.5 83.3 81.8
11.1 15.9 17.1 19.2 20.8 19.8 21.4 22.8 23.1 21.9 21.8 21.9 20 19.5 18.7 18.5 18 20.2 22.7 24.5 21.5 24 23.3 24 23.4 22.5 23.6 24.3 25 25.5 26.3 27.2 27.5 28.6 27.7 32.2 32 31.5 28.7 25.8 27.5 34.2 34.7 37.8 40.6 43.9 45.9 46.6 48.6 51.6 55.6 59.4 69.3 72.3 76.1 77.8 78.3 77.9 77.2 74.6 75.9 78.3 78.1 76.3 73.1 68.3 65.3 63.7 65.7 69.3 74.1 77.7 78.9 78 77.4 76.8 76.4 76.6 77.8 80.3 81.1 81 79.6 80.2
11.1 14 16.1 15.5 17.1 18.9 20.4 22 22.5 20.8 19.3 19.7 17.6 16.7 16.1 16.5 17.6 20.1 21.7 22 21 20.4 18.1 22.4 21.1 19.9 20 21 22.7 22.7 22.5 25 24.9 25.8 26.3 26.7 27.4 24.9 24.1 32.2 36.7 37.9 38.1 40.2 42.2 44.8 48.3 50 52.9 55.9 59.5 70.6 72 73.5 77 79.2 79.3 78.3 76.3 76 76.1 77.3 76.6 73.8 70.4 66.1 63.4 63.1 66.8 71.6 75.9 77.1 77.4 76.2 75.9 75.6 74.9 74.6 76.3 78.4 78.2 77.2 77.2 77.1
9.5 11.5 8.6 7.7 7.6 18.6 21 21.6 21 19.9 18.7 17.2 15.3 14.8 14 14.2 16.3 18.5 19.7 19.1 16.2 14.9 14.4 15.1 14.6 17.3 19.4 18.3 20.7 19.7 21.9 22.3 22.5 22.8 23.3 22.5 22.6 24.1 34.6 36.2 39.7 42 43.3 44 47.6 52.2 54.1 56.8 59.6 59.9 62.7 71.1 74.3 75.1 78.1 78.9 79.3 77.7 75 73.6 75 75.4 74.4 71.7 68.4 64.9 63.5 65.3 69.2 73.7 75.5 76.1 75.4 74.6 74.1 73.4 72.2 72.7 74.4 75.6 74.6 74.8 76.7 78.6
7.4 8 7.8 6.9 7.1 19.1 20 20.1 19.2 18.4 16.8 15.3 13.9 13.6 13.2 12.8 14.7 16 16.6 16.8 14.2 13 13.4 13.4 14.3 15.1 16.1 17.4 17.9 17.7 18.1 17.3 21.8 21.6 20.1 25 28.8 35.3 38.5 40.8 42.7 45.2 49.7 51.6 55.5 59.5 61.7 63.7 67 69.6 71.6 73.3 75.4 75.4 78.5 79.3 78.2 75.1 71.4 71.4 72.5 73.1 71.6 69.5 66.6 63.9 62.8 67.5 70.9 73.5 74.6 73.6 72.8 72 71.3 70.4 69.9 70.7 72.1 72.4 71.7 75.8 77.4 79.2
4.9 5.3 6.4 6.9 7 18.5 18.6 18.4 17.1 16.1 15.2 14.1 13 12.3 11.6 11.9 13.2 13.5 13 12.9 14.3 14.7 14.1 13.1 13.1 14.5 16.1 13.5 13.5 19 20.1 23.1 25.1 26.2 27.2 29.5 32 34.6 39.9 45 47.8 50.3 54.8 58.9 62.4 66.4 68 70.3 66.9 72.6 73.8 74 75.4 75.8 77.4 77 75.6 73.2 69.6 68.7 70 70.5 67.7 65.7 64.1 61.7 63.9 67.7 70.6 72.4 72 71.1 70.1 69.1 69 68.3 68 69.1 69.7 72.9 73.7 76.4 77.8 80.4
4.8 5.3 6 6.4 11.1 16.2 17 16.6 14.5 14.1 14.1 13 11.8 10.8 10.5 11.6 12 12.5 12.2 11.3 11.3 11 10.1 11.8 16.3 19.8 21.6 23.6 26.5 26.5 23.3 26.1 28.9 28.2 28.5 31.9 37.9 38.5 42.9 48.4 51.9 54.9 58.7 64.4 67.3 68.6 69.6 69.7 69.1 72.7 73.5 72.4 72 73.9 77.8 74.5 72.7 70.9 66.7 66.4 67 66.9 64.4 61.8 60.2 59.7 64 66.6 69 70.2 69.2 68.3 67.3 67.2 66.6 65.4 65.8 66.7 69.1 71.7 74 76.8 78.9 81.9
2.9 5.5 7.7 11.4 13.4 13.7 13.8 13.2 11 11.5 12.2 11.8 10.6 9.8 9.3 11 11.2 11.8 10.3 10 11.1 11.7 13.6 18.1 20.2 23.6 24.4 26.8 29 28.1 25.6 33.6 34.5 30 30.1 34.4 40.4 44 47 52.4 58.9 61.7 63.5 66.4 67.6 68.1 68.6 69.7 69.3 69.7 69.7 69.2 68.5 70.3 73.4 71.3 69.8 67.4 63.5 62.1 64.5 63.8 62.4 59.5 56.6 59.1 63.5 65.7 67 67.3 66.4 65.8 65.6 65.1 64.6 63.7 69.4 65.9 69.1 72.7 75.1 77.6 80.5 83.6
0.6 1.8 9.1 12.2 12.3 12.7 12.1 9.8 8.3 8.5 9.8 9.7 9.5 9.3 8.8 9.8 10.8 9.7 8.7 8.2 12.1 15.7 18.4 21.7 25.6 27 26.8 29 30.3 29.6 27.3 32.6 38.1 34.5 35.3 39.5 45.3 49 52.5 55.8 61.4 64 63.8 65.3 66.1 65.4 65.4 66 66.3 66 65.1 65.4 66.4 67.6 68.1 64.8 60.5 60.2 59.5 58.5 62.3 61.8 59.9 56.9 55.3 58.7 61.8 63.5 64.4 63.6 63.6 64 63.7 63 66.9 63.1 65.4 69.3 71.5 74 76.9 79.8 82.2 85.4
1.5 0.8 1.8 7.2 9.4 9.4 8.2 6.7 7.1 6.7 6.7 7.2 8.1 7.6 7.8 8.7 8.3 7.6 6.5 10.5 13.8 15.5 18 21.2 23.5 26.2 28 30.6 32 33.1 30.9 31.3 35.4 37.5 42.5 50.2 55 57.1 59.5 61.7 62.9 61.3 60.6 62.8 62.4 61.3 62.4 62.6 62.3 62.3 61.3 62.2 64 65.1 63.5 58.6 53.4 53.6 54.4 55.7 59.5 59 57.4 55 55.4 58.9 59.9 61.7 62.3 62.2 62.9 63.3 60 59 59 62.8 67 70.8 73.8 76 78.6 82 84.4 87.1
1.8 0.6 1.6 2.6 0.6 5.6 5.6 5.1 5.4 5.3 5.6 6.3 6.6 6.1 5.6 6.6 6.5 5.7 9.7 13.8 15.6 18.2 18.7 19.2 21.7 25.2 29.1 32.6 35.3 36.6 36.2 32.6 31.4 38.5 47.3 56.6 58.6 60 60.6 61 61.4 61.2 60.2 60.3 58.9 58.3 57.8 58.4 58.2 58.1 57.2 59.7 61.7 62.3 60.9 52.8 50.2 49.4 50.8 52.3 56.1 56.6 54.9 52.7 54.2 56.6 57.7 58.4 58.8 59 58.4 57.5 56.6 58.5 61.7 65.8 67.3 70.1 74.3 77.5 80 83 85.8 88.4
1.4 1.5 1 2.2 2.2 3.9 4.3 3.9 4.3 5.1 5.2 4.9 5.3 4.3 3.3 6.5 9.2 11.2 12.8 15.3 16.6 19.5 19.5 20.2 22.7 25.6 28.7 32.2 38.8 41 40.7 37.8 33.7 40 52 56.3 58.5 58.6 58.5 59 59.8 60 59.5 57.1 56 54.1 53.2 54.3 54.7 52.7 54.2 56.6 59 59.7 58.8 53.6 48 46.8 48.2 52.6 52.3 53 52.2 49.8 52.7 54.2 55.2 55.7 55.7 55.5 55 54.5 56.3 59.3 62.8 65.9 69 71.3 75.3 79 81.3 84.1 86.6 89.1
1.8 2 2.9 3.2 2.8 1.8 2.7 1.7 3.7 4.2 4 4 3.7 5.8 8.6 9.6 9.8 10.7 14.2 16.5 18 20.3 21.4 22.2 24.1 27.9 29.1 31.7 38.2 42 43.3 40.6 36.6 38.4 52.4 56.5 56.9 57 56.9 56.8 57.3 56.8 55.7 54.4 50.9 49.5 48.6 49.8 50.5 50.1 52.6 55.2 56.9 57.8 56.6 53.4 48.7 49.6 45.9 47.6 49.2 49 48.7 48.6 50 52.3 52.2 52.1 52.5 52.3 52.9 55.6 58.4 61.5 64.9 65.3 69.3 71.8 76.4 80.5 82.8 85.3 87.8 90.1
0.8 2.9 0.4 1 1.1 1.2 2 2.5 2.6 3.1 1.9 3.9 5.8 7.4 10.5 12.7 13.4 14.5 15.7 17.8 19.5 21.2 23.5 24.9 27.5 31.6 31.6 32.7 36.8 40.2 44.8 43.2 37.7 43.7 51.5 54.8 55.4 55.4 55.5 55.3 55.2 54.4 53.3 50.3 47 45 44.1 46.4 48 48.8 51.1 53.2 55.2 55.3 52.6 50.9 46.4 43.8 44.2 44.9 45.7 45.4 45.5 46.1 47.4 48.5 48.4 51 53.1 54.3 57.1 59.8 61.7 64.8 67.6 70.6 72.5 73 77.9 82.6 85.3 87.4 89.4 91.7
2.9 0.2 0.2 0.8 0.8 1.1 1.8 2 3 3.8 4.1 5.1 7.6 8.2 10.5 14 15 17.3 20 22.5 20.8 22.8 25 28.6 32.7 32.5 33.1 36.1 39.3 38.8 37.6 45.3 41.3 43.8 51.7 53.3 54 54 54 53.8 53.2 51.9 48.8 46.7 46.4 43.1 41.2 43.9 44.8 47.1 49.3 50.1 53 53.9 52.5 49.9 45.3 42.7 42.3 42 42.6 43.2 43.2 44.3 45.1 48.1 51.5 54.5 56.6 58.8 61.4 63.5 65 68 71.3 73.9 75.7 77.4 77 81.2 85.5 88.2 90.1 92.6
2.3 0.4 0.3 0.4 0.7 1.1 1.5 2.9 4.4 4.7 7.8 7.5 9.7 11.2 10.2 12.8 15.5 19.2 23.5 25.1 23.8 24.1 27.8 31.5 32.2 40.9 41.7 43.6 49.5 50.9 50.8 48.6 42 44.8 50.9 52.9 52.8 52.1 51.9 51.7 51.2 50.3 45.6 43.9 44.5 43.1 40.5 40.6 43.3 45.8 48.1 50 50.9 51.9 52.1 48.5 45.3 42.7 41 40.4 40.1 42 44 46.6 48.4 50.2 52.4 55.3 58.4 60.8 63 66.6 69.1 71.3 74.4 76.9 79.6 80.7 81.2 80.6 84.7 86.8 89.5 92.5
0.1 0.5 0.7 0.8 0.9 1 2.9 4.3 5.9 8.8 9.7 10.3 12.8 13.9 13.2 12.8 15.9 20.1 24.2 26 27.4 28.1 28.3 32.6 37.3 42.3 47.5 53.2 58.9 58.6 54.6 48.4 46.1 50.1 50.1 52 51.9 50.5 49.2 49.7 49.9 49.8 47.6 44.2 40.5 39.6 38.8 38.9 39.8 42 46 48.4 49.5 50.6 50.4 49.6 46.5 43.4 40.5 39.4 39.5 42.6 44.8 47.2 49.4 51 52.7 55.5 58.5 61.6 64 68.1 71.2 74 76.6 78.9 81.5 83.6 84.4 84 83.5 85.4 88.9 92.6
0.7 1 1.1 1.1 1.2 1.1 4.9 7 8.4 9.7 12.3 14.7 16.4 17.7 16.6 15.4 17.6 21.7 26.9 28.1 30 27.9 33.9 33.8 38.3 42.7 52.6 57.8 59.5 58.9 56.5 52.1 50.3 51.7 53.2 51.6 51.5 48.9 46.8 46.3 48 48.8 48.6 45.7 42.3 38.3 36.9 37.1 37.9 39.5 44 46.4 48.3 49.1 49.2 48.5 46.8 43.4 40 38.8 39.5 42.4 44.3 46.6 48.4 50.6 52.5 53.9 57.5 59.9 63.7 68.2 72.2 75.3 78.2 80.7 83.4 86 87.4 87.3 85.5 85.4 89.1 92.6
1.1 1.3 1.4 1.5 1.4 1.3 5.7 7.6 9.5 10.4 11.6 12.8 13.6 15.7 21.6 20.8 20.7 23.8 26 28.7 35.9 37.2 37.7 39.8 44.3 53.8 56.5 57.5 58.5 58.9 57.6 55.3 55 54.4 52.4 52.3 51.3 48.4 45.7 45.5 45.6 45.7 45.4 45.1 42.4 39.9 36.6 35.6 36.2 37.2 41.6 44.5 46.9 46.9 46.5 47.9 46.4 43.8 40.5 37.3 37.5 40.2 42.9 44.1 45.5 47.7 49.9 51.8 55.9 58.3 62.6 67.2 72.1 76 79.4 81.6 84.4 87.2 88.6 89.5 87.2 86 89.1 92.6
1.4 1.6 1.8 1.7 1.6 1.5 5.9 9.3 11 11.3 11.9 13.3 13.9 20.4 24.3 23.6 23.8 29.3 35.1 39.4 42 42.9 43.6 52.4 57 55.8 56.5 56.3 56.1 56.9 57.6 57 55.9 53.8 53.6 51.7 50.3 47.9 46.3 43.3 42.9 45.7 47 47.5 46 41.1 36.7 33.7 35.7 39.9 43.5 45.3 46.2 46 44.7 43 44.8 42.1 39.7 36.7 36.8 40.2 43 44 45.8 47.1 49.1 50.9 53.4 56 59.1 63.1 68.8 74.9 79 82.1 84.7 86.1 87.7 89 88.6 87.9 89 92.5
1.7 1.2 1.8 1.1 1.1 1.9 6.1 9.9 11.3 12.9 13.2 16.2 19.4 23.8 27.5 30.4 32.8 37.5 43.5 46.6 50.4 52.3 54.2 55.8 56.6 56.1 55.9 55.6 55 56 57.1 56.3 55.4 54.6 52.4 50.1 48 47.2 45.2 41.9 42.3 44.8 47.1 49.8 49.8 41.9 35.7 33.6 34.4 38.7 44.7 47.7 48.5 47.2 44.1 41.1 40.6 39.4 38 34.4 38.6 41.4 43.3 44.1 45.1 46.6 48.3 47.9 49 51.6 54.1 59.2 65.6 71.4 75.3 79.1 81.9 83 84.6 86.4 88.5 90.2 91.1 93.9
2 0.8 1.3 0.8 1.1 1.5 6.6 7.9 10.7 11.3 14.6 18.6 22.9 27.5 32.1 34.8 39.4 44.9 48.2 50.4 52.4 53.8 54.8 55.8 55.5 55.6 55 53.9 53.9 53.3 54.1 55.4 55.9 54.1 51.5 49.4 45.6 43.9 43.7 40.3 40.6 43.4 44.3 51.3 56.6 49.7 41 32.8 35.3 44 47 48.9 49.2 47 43.4 40.5 37.7 35.2 33.4 35.3 38.7 40.2 40.9 41.8 42.8 44.7 47.2 47.7 50.8 51.5 52.2 56.2 60.6 66.3 69.3 73.8 78.1 79.8 80.4 83.1 86.5 89.7 92.6 95.1
2.3 1.3 1.5 2 2.4 2.4 3.9 6.9 8.3 11 15.2 20.4 26 30.9 36.7 39.5 44.9 46.4 48.2 49.9 51.2 52.6 53.6 53.9 53.4 53.9 53.5 52.2 51.4 50.9 52.7 54.2 54.4 54.6 52.4 48.3 44.7 41.8 40 37.8 39.6 40.8 41.9 47.2 50.4 47.7 41.3 33.4 35 45.5 46.8 48.4 47.8 44 39.7 37.2 34.5 33.1 33.7 35.2 37.3 39.8 42.4 45.2 46.8 45.7 47.8 48.8 51.5 53.1 53.8 55 58.3 61.8 65.8 70.8 74.4 76.4 76.3 81.1 81.2 85.2 89 91
2.4 1.1 0.7 0.8 1.5 2.2 5.5 8.4 9.7 12.6 17.1 21.5 27.2 33.6 41 43.5 45.4 47.1 47.2 48.6 50 50.8 51.1 51.2 50.9 51.5 50.5 49.9 50.1 50.7 51.5 53.2 54.4 55.1 53 49.3 46.2 40.7 37.1 34.6 36.4 36.9 40 43.1 44 42.3 38.3 31.7 32.6 43.9 43.7 41.2 40.7 37.1 33.6 32.2 32.1 32.1 33.7 35.6 38.8 40.8 44.3 46.7 48.8 50.6 51.3 50.5 53.8 51.6 53.8 56.1 60 63.6 67.6 71.2 72.3 72 71.2 74.3 74.6 78.8 83.7 85.4
2.7 1.6 1.8 1.6 1.4 3.2 5.9 9.5 11.5 14.6 18.4 23 31.1 38.3 42.7 43.3 44.5 45.6 45.4 46.8 48.1 48.3 48.4 48.5 48.2 48 48 48.6 49.3 49.9 50.5 51.3 53.1 54 52.9 52.8 50.6 47.7 38.3 33.8 31.7 34.8 38.9 40.9 40.3 38.9 35.4 30.6 30.8 38.6 37.6 34.7 32.5 30.1 30.2 29.6 31.8 35.3 36.7 36.7 37.6 41.2 43.5 45.6 47.7 49.4 52.3 53.9 56 54.8 55.2 56.5 58.1 62.9 65.6 66.7 66.5 65.6 66.8 69.1 72 75.5 78.7 83.7
2.6 2.2 1.9 1.8 2 4 6 8.6 11.5 14.5 17.4 22.1 30.7 35 40.6 41.9 42.3 43.3 43.6 45 45.7 46.1 45.9 46 46.4 46.5 46.2 46.9 47.6 48.3 49.3 50.4 50.8 52 52.4 53 52.7 51.6 43.1 33.9 29.4 32 36.1 37.8 36.6 35.2 33.1 28.9 29 31.4 30.7 29 27.5 27.9 29.6 31.3 35.2 38.5 40.3 40.4 40.4 41.9 43.2 46 48.3 49.1 51.2 53.3 55.8 58.3 60.5 60.4 59.9 59.3 60.6 61.8 64.4 65.4 66.1 67.8 71 74 74.7 80.4
2.7 2.3 2.1 2.1 3.1 3.8 5.4 8.7 11.1 13.2 16.3 20.9 29 36.5 38.8 39.6 40.2 41.2 42.2 42.9 43.4 43.9 44.3 44.6 45.1 45 44.6 45.6 46.6 47.8 48.7 49.7 49.9 50.6 50.9 51.4 50.3 48.2 41.3 35.5 29 28.7 33.9 34.4 32.9 31.5 29.9 28.3 26.2 27.1 25.8 25.5 26.5 27.7 30.1 34.7 39.2 42.5 43.7 44 43.6 44.9 45.7 48.5 51.5 52 53.6 55.3 58.9 61.6 63.9 64.8 65.4 65.2 64.5 66.9 68.6 70.1 71 70.6 71.3 72.9 74.7 75.5
2.8 2.5 2.3 3 3.3 3.6 5.4 8.2 10.1 14.6 18.7 24.4 31.2 35.8 36.3 38.6 38.4 39.6 40.7 41.4 41.2 41.9 43.4 43.2 43.8 42.8 43.4 44.9 46.3 47.2 47.9 49 49.3 49.5 49.9 49.9 47.4 43.8 41 36.9 29.8 26 29.1 30.1 29.4 27.6 26.3 25.2 24.5 25 24.8 25.5 26.5 28.1 31.5 36.5 42.3 45.5 46.5 46.7 47 48.4 48.7 51.1 53.1 53.7 55.3 56.6 60.8 63.7 66 67.6 68.7 69.9 70.1 72.4 75.3 76.5 76.8 75.2 72.8 70.9 70.8 71.1
3 3.1 3.7 3.2 3.3 5.6 6.8 8.9 12.5 16.4 20.4 25 33.7 36.3 37.2 37.2 36.4 37.6 38.5 38.2 39.3 39.8 40.8 40.6 39.9 40.3 42.6 44.6 45.6 46.3 47 48.3 48.7 48.5 48.8 48.5 45.3 42.5 39.4 35.2 28.9 23.8 24.6 26.3 25.6 23.9 22.7 22.5 23.4 24 24.3 26.2 26.9 29.8 33.6 36.6 41 45.1 49.2 50.2 51.4 51.9 53.8 54.4 56.5 57.3 56.5 58.5 61 64.1 66.9 69 71.1 72.5 73.8 75.4 76.8 79.1 80.5 79.1 70.7 67.8 66.8 66.5
4.4 6.4 5.7 4.2 4.3 5.4 7.5 10.6 13.6 17.9 24.3 29.8 34.2 35.9 36.4 35.6 34.4 35.4 35.7 35.8 37.3 37.8 37.8 37.6 39 40.1 41.7 44.2 44.5 45.3 46.9 47.7 47.8 47.7 47.3 45.1 41.7 37.9 32.7 27.5 22.8 21.2 21.7 22.4 21.3 20.8 21.1 21.9 22.9 23.2 23.7 26.2 28.9 31.4 34.5 38.3 39.5 43.2 48.5 52.8 56.3 58.6 58.9 58.8 60.3 60.2 60.1 60.4 62.2 63.5 66.6 69.3 71.9 73.9 75.7 78.1 79.8 81.6 82.5 80.6 70.8 65.7 63 64.3
4.9 8.2 9 7.8 7.2 7.4 7 10.4 13.6 17.5 22.5 27.3 30.9 34.8 35.4 34.4 31.5 32.9 33.6 34 34.6 35.6 35.4 34.9 37.5 39.5 42.4 43.5 43.2 43.7 44.4 45.3 45.4 44 42.4 40.7 36.6 31.8 25.7 20.7 18.7 18.7 19.2 19.4 19 19.2 20.3 21.5 22.4 23.9 25.2 28.6 31.7 33.8 36.2 40.2 41.9 44.5 48.5 56 62.3 63.8 63.2 64.6 64.7 63.5 62.8 61.9 63.6 64.1 66.9 68.5 71.8 74 77 78.9 81.7 83.5 84.8 83.4 72.3 65.6 61.2 63.6
