data/300000-260000.asc
ncols 200
nrows 200
xllcorner 300000
yllcorner 260000
cellsize 50
[rows 105 to 139 of 200, columns 78 to 155 of 200]
276 269.9 265 258.8 254.4 249.1 245.3 243.1 241.1 240.9 240.8 241.2 241.7 243.4 243.3 240.1 238.1 236.5 235 233.5 232.2 230.9 230.9 229.5 227 224.4 220.8 216.9 213.3 210.2 208.4 207.9 206.3 207.9 209.9 208 204.3 198.9 192.4 190.4 189 188.2 188.9 193.9 195.1 193.6 191.5 190.8 190.7 191.8 192.9 194 194.9 197.4 198.8 198.1 195.7 193.5 190.9 188.5 187.4 186.8 185.9 184.5 183.7 184.4 185.1 185.8 186.4 186 185 183.8 182.5 181.2 179.2 180.2 181.1 180.2
274.7 268.9 263 256.8 252.1 248.3 244.6 242.6 241.4 241.5 240.8 240.7 241.5 242.8 243.3 240.3 238.6 236.9 235.4 233.8 232.5 231 231 230.3 227.8 223.8 219.8 215.8 211.8 208.2 207.3 209 209.6 211.7 211.6 210.2 207.4 204 199.6 194.1 192.3 189.7 186.4 187.6 190.5 190.4 189.7 189.4 189.4 190.5 192.2 194.1 194.5 196 197 197.6 195.6 192.8 190.6 188.6 187.6 187.1 186.5 183.5 182.6 183.3 184.1 184.9 185.7 185.8 184.7 183.5 182.2 180.8 179 180.6 181.4 181.2
270.8 265.6 259.1 253 248.1 245.5 243.1 242.4 241.9 241.7 241.1 240.2 241.1 241.2 241.8 240.8 239 237.4 235.7 234.1 232.7 231.1 231.1 228.5 225.8 222.2 218.5 214.9 210.9 209.4 209.3 211.8 213.5 213.3 213.1 212.5 208.9 205 202 198.7 195.2 192.3 187.5 185.3 186.6 187.8 188.2 188 188.3 190.2 192 193.9 194.5 194.5 195.3 196.4 196.1 192.2 190.7 188.6 187.8 187.3 187.1 184.7 182.9 182.2 183 183.9 185.2 185.2 184 183.2 181.9 180.2 179.7 180.9 181.8 182.3
266.5 261.3 255.4 249.6 245.7 242.7 240.5 240.6 241.2 241.5 241.5 240.7 240 240.2 239.9 238.8 238.3 237.8 236.1 234.4 232.8 231.2 229.3 226.7 223.7 220.4 217.5 215.8 215.1 213.7 214 215.5 216.7 216.1 216.1 213 208.3 204.7 201.8 199.7 198 194.9 189.6 186.1 185.8 186.7 187 188.5 189.9 190.7 191.7 193.5 195.3 195.1 196 196.7 194.6 191.4 190.8 188.7 188.1 187.8 187.8 185.8 183 181.2 182 183 184.6 184.2 183.3 182.5 181.6 180.1 180.9 181.8 182.5 182.4
260.8 256.2 251 247.2 242.4 239.7 239.2 239.2 239.9 240.4 240.6 240.9 240.7 240.4 239.7 239.2 237.5 236.9 234.8 233.3 231.8 230.3 227.6 225.7 222.9 220.8 219 217.8 217.7 217.5 217.3 218.4 219.5 220.2 217.7 213.1 208 205 203 201 199.4 193.3 190.6 187.1 185.4 184.9 185.4 188.5 191.6 192.9 194.1 195 195.6 196.3 196.6 195.1 193.1 190.9 190.1 188.8 188.5 188.5 188.5 185.4 182.4 181 181 182.6 184.3 183.5 182.7 181.9 181.1 181 181.4 181.9 182.3 182.4
257.1 253.6 249.1 245.4 241.2 238.7 238.4 238 238.9 239.5 239.8 240.1 240.4 240.7 240.2 239.7 237.1 236.3 234 231.7 230.8 229 227.2 225.2 223.5 222.6 220.9 219.9 219.7 219.7 220.3 221.2 221.2 220.7 218.1 214.5 211.2 208.5 205.8 203 198.8 193.1 190.7 188.6 187.2 187 187.7 189.6 192.7 195.3 196.6 197 195.7 196.5 195.7 193.5 191.6 189.8 189.1 189.2 189.6 190 188.5 185 181.6 180.7 180.5 181.4 183.1 182.7 182.2 181.4 180.7 180.8 181.1 181.6 182.1 182.4
252.4 249.3 246.2 242.5 240.7 238.2 238 238.1 239 239.4 239.7 240 240.4 240.6 240.8 240.3 237.6 235.6 233.1 230.6 230.3 228.6 226.8 224.8 224.1 224.3 222.8 222 222 222.6 221.4 219.5 218.8 218.6 218.2 216 213.5 212.5 209.5 206.5 202.9 196.7 194.8 191.3 188.4 187.8 187.6 189.7 193.7 197.3 199 199 197.6 195.3 193.8 192.5 191.3 190.6 191.4 190.8 190 190.4 190.6 184.9 179.9 179.4 180 180.6 181.6 181.5 181.2 180.9 180.8 180.9 181 181.3 181.7 182.1
247.1 244.8 242.7 239.5 238.2 238 238 238.3 239 239.4 239.7 240 240.3 240.5 240.7 240.8 238.1 235.6 232.1 230.2 230.5 228.4 226.4 224.6 224.7 224.7 224.5 223.8 222.6 221.3 219.4 217 216.1 214.7 213 211.9 211.5 211.7 211.8 209.9 206.7 201.1 198.1 193.4 189.6 188.5 188.1 190.7 194.7 198.7 201.5 200.4 196.7 194.6 193.8 192.9 191.9 192 192.2 191.5 190.8 190.7 189.8 179.9 179 179 179 180 179.4 180.7 180.9 180.7 180.7 180.8 180.9 181 181.5 181.7
243.4 240.5 240.6 238.6 238.2 238 238 238.4 239 239.4 239.7 240 239.3 239.6 240 240 240.4 237.1 232.5 230.5 229.8 227.9 226 225.1 224.9 224.9 225.6 223.3 221.2 219.6 217.5 215.5 213.7 212 210.5 209.9 209.5 209.9 209.7 210.3 207.3 201.8 196.9 192.8 189.9 188.8 189 192.6 196.2 199.8 203 199.8 196.1 195 194.1 193 192.4 192.9 192.9 192.2 190.2 189.2 181.1 179 179 179 179 179.3 179.5 180.1 180.6 180.6 180.7 180.8 180.9 181 181.3 190.4
243.1 239.3 239.4 239.1 238.7 238.5 238.1 238.5 239 238.9 238 237.1 236.3 235.6 235.9 237.6 238.1 234.6 231.7 229.9 229.1 228 226.9 225.7 226 226.8 226 223.6 220.8 218.1 216.2 214.2 212.4 209.4 208.8 208.2 207.6 207.8 209 208.2 206.1 201.2 196.2 191.3 189.1 188.9 191.8 195.3 198.8 200 200.8 199.2 196.8 194.9 193.1 191.9 192.7 193.6 193.7 191 187.6 183.4 179 179 179 179 179 179.1 179.7 180.4 180.8 180.9 180.7 180.7 180.8 181 189.3 190.4
244.3 241.7 240.4 240.9 238.9 238.5 238.3 238.9 239.2 238.7 236.7 234.7 233.3 232.6 232 231.7 232.2 231.5 230.7 229.1 229 227.8 227 227.3 227.8 228.6 225.9 223 220.1 217.3 214.7 212.8 209 208 207.5 207 205.7 204.8 205.8 205.2 204.1 200.5 196.6 193.6 190.3 189.2 191.8 194.4 194.7 196.3 197.4 198.5 196.5 194.5 192.4 191.6 192.5 193.3 191.4 188 184.1 180.9 179 179 179 179 179 179.3 180 180.7 181 181.1 181.1 180.8 181.2 182.5 188.7 190.8
246.9 244.5 242.4 241.8 240.4 238.7 238.7 239.4 239.2 239.2 238.3 237.4 236.6 235.7 233.9 230.5 229.2 228.9 228.3 228.8 228.8 228.6 228.8 229.1 229.7 228.1 225.1 222.2 219.3 216.6 213.8 211.2 209.2 207.1 206.4 205.4 204.2 203 202.4 202.1 201.1 201.5 198.7 195.8 192.9 190.7 189.6 187.4 189.8 192.2 193 195.1 195.8 193.7 191.5 191.2 191.4 189.8 187.2 185 183.6 181.3 179.1 179 179 179 179.5 183.7 186.7 184.3 185.7 182.2 189.8 190.7 189.7 188.5 189.8 191.8
250 247.6 245.7 243.5 240.3 239.2 239.4 240.7 241.1 241 240.4 240.1 239.7 237.9 235 232.1 228.8 225.5 224.9 226.3 228 229.6 230.2 230.8 229.8 227.3 224.4 221.4 218.7 216 213.4 210.6 208.5 206.8 205.1 204 202.9 201.7 200.4 200.7 201.4 201.9 200.1 197.3 194.6 190.9 187 182.8 180.9 183.1 188.1 191.2 194 192.8 190.6 190.8 189.4 184.9 181.8 182.4 183.2 181.6 179.3 179.1 179 180.5 189.2 190.1 190.4 190.9 192 192.1 192 191.4 191.4 190.9 192.1 191.9
253 250.8 248.9 246.7 243.2 242 241.6 241.9 243.1 242.8 242.1 241.7 240.1 238 234.9 231.7 227.5 222.1 221.8 222.6 226.7 228.7 230.7 230.3 228.8 226.6 223.5 220.2 216.9 214.2 212.3 210 207.5 205.8 203.8 202.6 201.6 200.4 200 200.8 201.3 201.9 201.6 198.8 195.3 191.6 187 183.5 181.5 179.7 181.1 185.4 188.8 189.3 190.4 189.3 182.9 179.1 179.1 179.9 180.7 181.5 179.6 179.1 181.9 190.5 190.5 191.1 191.5 191.8 192.5 192.3 192.2 192.2 192 192.2 192.4 194
256 254.1 252.1 249.8 247.8 245.4 245 244.9 244.9 244 242.2 240 238 235.9 233.5 230.4 225.7 221 220 220.7 226 228 228.7 228.3 227 225.4 222.2 218.9 215.7 212.4 209.9 208.4 206.7 204.6 202.6 201 200.1 199.1 199.8 200.4 200.9 201.4 201.9 199.7 195.7 191.6 188.5 185.7 182.8 181 179.3 181.5 183.5 185.3 186.2 180.6 178.9 179 178.9 179 179.1 179.2 179.7 182.6 190.6 190.7 190.9 191.2 191.9 192.6 192.7 192.5 192.3 192.3 191.5 192.9 195 196.4
259.4 257.4 255.3 252.1 250.6 249.3 248.4 246.7 244.5 242.4 240.4 238.1 235.8 233.7 231.3 228.5 223.9 221 218.9 222 225.1 225.8 225.9 226 224.9 222.6 220.2 217.5 214 210.4 208 206.5 205.5 203.1 201.1 199.6 198.9 198.6 199.4 199.9 200.5 200.9 200.2 198.9 194.9 191.1 190.9 188.2 185.2 182.2 178.3 177.7 179 179.9 180.6 178.4 178.5 178.9 178.9 178.9 179 179.1 181.7 191.2 191.8 191.2 191.3 191.5 192 192.7 193.1 192.7 192.4 192.1 193.5 195.2 197.4 199.1
262.8 260.7 257.6 254.4 252.8 251 247.9 245.3 242.9 240.7 238.6 236.3 233.9 231.6 228.4 225.3 221.8 219.8 217.8 216.2 219.3 221.4 222.2 222.9 222.5 220.2 217.8 215.7 212.4 208.6 207 206.1 205.2 203.3 200.9 199.2 198.5 198.1 198.4 199.5 199.4 198.7 197.2 195.8 194.2 191.9 190.8 188.2 185.4 182.5 180 177.9 178.2 178 177.9 177.9 178.2 178.5 178.8 178.9 178.9 179.1 188.9 194 193.8 191.8 191.7 191.9 192.1 192.8 192.9 193.1 192.6 194.1 195.6 197.4 199.7 201.8
265.1 261.5 258.2 255.4 253.4 250.5 247.4 244.8 242.2 239.6 236.6 234.2 231.8 228.8 226.5 225.1 222 220.3 218.2 216 213.6 216.5 217.2 219.1 220.9 217.8 215.4 213.5 211.2 207.8 206.6 206 204.9 202.8 200.8 199.2 198.1 197.7 197.1 197.6 197.3 195.7 194.2 192.8 192 190 188.9 187.5 185.3 182.4 179.6 177.6 178 178 178 178 178.4 178.6 178.7 179.2 179.6 186.8 195.8 196.8 195.8 193.8 192 192.2 192.5 192.9 192.7 193.4 194.8 196.3 198.5 200.5 202.4 204.3
264.7 261.2 258.5 256.2 253.9 250.2 246.9 244.3 241.5 238.8 235.9 232.5 229.6 229.1 228.7 226.4 223.1 220.4 218.2 215.7 213.3 211.5 214 216.7 219.3 216 213.3 211.4 209.5 207.4 206.1 205.6 203.7 201.8 200.4 199 197.7 196.9 195.8 195.5 195 193.4 191.7 189.8 190.3 188.7 186.3 183.9 182.7 180.6 178.2 177.5 177.6 177.9 178.1 178.1 178.3 178.8 179.4 183.7 191.2 194 196.4 198.8 197.8 195.8 193.8 192.5 192.8 193.5 193.4 194.5 196.9 200.1 202.1 204 204.7 205.1
263.6 260.7 258.5 256.1 253.6 250.5 246.2 243.5 240.7 237.9 235.2 231.9 231.3 230.9 231.8 228.7 224.9 221.1 218.9 216.7 214.5 211.8 209.7 211.1 211.8 213.8 214.7 213.3 211.3 209.8 207.8 205.8 204.2 202.7 201.2 198.9 196.6 195.4 194.2 194.8 194.1 193 191.2 189.7 189.1 187.8 185.6 183.8 182.3 176.7 176.9 177.7 177.8 177.9 177.9 178.2 178.2 178.7 181 188.5 192 192.3 194.7 196.1 196.1 195.2 194 192.8 193.3 193.3 193.7 196.3 200.2 203.5 204.3 205.8 207.1 207.5
262.8 260 258.3 255.9 252.8 249.7 245.4 242.6 239.9 237.1 234.3 233.3 232.8 232.2 231.7 228.1 224.6 222.5 219.2 217.4 215.6 213.6 211.1 209.8 210.5 214.6 215.4 215.6 213.7 211.9 209.9 207.9 205.3 202.6 200 197.5 195.3 193.9 193.2 193.6 194 193.7 192.1 190.6 189.1 187.8 185.6 183.7 182 176.7 176.2 177 177.8 177.9 178 178.2 178.3 178.7 183.6 189.2 191.1 192.1 192.8 193.4 193.6 193.3 192.7 193 193.6 194.4 196.1 198 200.9 205 205.8 207.6 209.7 209.7
261.7 259.2 257.7 255.4 252 248.5 245.1 241.8 239.5 237.1 234.5 233.1 232.3 232.3 231.5 227.1 223.6 221.5 219.4 217.1 214.7 212.6 210.7 208.2 210.3 213.7 215.5 215.6 216.1 213.3 210.5 207.5 204.5 202.5 198.6 196 193.9 192.9 193.1 193.7 193.4 193.3 192.6 191.1 188.8 187.5 187.3 185.1 182.1 176.7 175.4 176.2 177 177.9 178 178.1 178.3 179.9 184.6 187.5 189 189.1 190.1 191.3 191.6 193 193.6 193.8 194.4 195.5 197 198.8 201.7 205 207.4 209.6 210.8 209.6
260.7 258.3 256.4 254.1 250.3 246.9 243.6 241.7 239.9 237.3 234.5 232.9 232.5 231.4 229 225.5 222.4 220.3 218.1 215.8 213.5 211.4 209.3 207.5 208.4 212.1 215.2 216.3 215.7 213 210.1 207.2 204.3 200.7 197.3 194.7 193.4 193.1 193.2 192.8 192.5 192.3 192.1 190.5 188.5 187.5 186.9 186.8 183.3 176.5 175 175.4 176.2 177 177.9 178.1 178.2 180.7 183.3 184.7 185.4 188.8 191.1 192.6 193.9 194.4 193.9 193.7 194.1 196.2 197.8 200 201.6 205.2 208.6 211.6 211.6 209.7
258.4 256.9 254.7 252.3 248.9 245.5 242.9 240.9 238.8 236.7 234.5 232.7 231.8 229.2 226.8 224.3 221.2 219 216.8 214.5 212.4 210.3 208.2 205.7 207.4 210.3 213.5 216.4 214.4 212.5 210.3 207.4 203.7 200 196.5 194.4 193.2 191.7 191.8 191.8 191.5 191.3 190.8 189.9 188.4 187.4 186.5 186.4 184.5 176.9 175 174.8 175.4 176.2 177.1 178 178.2 179.7 181.9 183.6 186.2 190.7 192.7 194.4 195.5 195 194.5 194.1 193.8 196.2 199.5 202.3 204 206.4 210 213.7 216.9 214.5
255.9 255.4 253.2 250.6 247.9 245 242.1 239.4 237.4 235.4 233.5 231.1 228.9 226.4 224.5 222.4 220.1 217.3 215.5 213.3 211.2 208.6 205.9 203.3 206.2 209.3 212.4 213.5 212.1 210.2 208.4 206.5 203 199.2 195.6 192.6 190.6 189.5 189.1 189.9 190.4 189.9 189.4 188.8 188.2 187.4 186.4 186 185.4 177.8 178.1 177.1 176 176.9 177.8 180.5 180.1 181.5 182.3 186.4 190.3 189.6 194.8 196 196 195.6 195.2 195.4 196.8 199.5 205.7 209 209.9 211 212.1 218.1 220.8 217.6
253.7 253.2 252.1 250 247.3 244.9 242.2 238.4 235.9 234.2 232.4 230.2 227.4 224.5 222.2 220 217.9 215.8 214.1 212.2 210.1 207.8 205.5 203.3 204.6 207.9 210 210.3 209.6 207.8 205.9 203.3 201.8 198.6 194.5 190.5 188.2 187.7 187.3 188 189.2 188.4 187.8 187.3 186.6 185.9 185.5 185.6 185 179.8 177.9 177.4 176.1 177.3 178.3 181.8 183.4 185.7 188.8 192.5 193.2 195 196.6 195.8 195.5 195.7 196.1 198.4 200.6 203.9 210 215.4 216.1 217 217.9 218.8 220.7 219.4
252.3 251.1 250.9 249.3 246.3 243.4 241 238.4 234.5 232.3 230.9 230.1 226.6 222.8 219.8 218 216.5 214.9 213.4 211.3 209.1 207 204.9 203.4 202.1 205.7 206.5 207.1 207.2 205.9 203.2 200.5 199 196.7 192.6 188.9 187.5 187 187 187.5 188.2 187.3 186.4 185.7 185.1 184.9 184.8 184.8 185 176.5 177 176.6 176 177.5 178.3 186 186.7 189.2 191.9 194.4 197.2 197.3 198.9 197.1 196.7 196.3 196.9 198.3 202.6 206.9 210.8 216.1 221.8 223 222.7 222.2 222.2 222.8
253 249.2 248.6 248.5 244.9 241.5 239.7 237.8 232.4 231.1 231.7 229.7 226.9 223 219.8 217.8 215.9 214.3 212.4 210.6 209.1 207.6 206.1 203.7 200.2 200.1 201.1 202.3 204.1 203.1 200.4 197.7 195.6 193.4 190.7 187.4 186.6 185.1 185.3 187.1 187 186.1 185.1 184.2 184.2 184.1 184 183.9 183.4 175.8 175.3 175.4 176.6 177.9 180 187.5 189.5 191.4 194 197.7 199.7 200.3 201.1 198.6 198 197 198.5 201.7 206.6 210.9 213.5 219.1 224.7 227.3 226.9 226.4 226.2 226.6
253.3 249.5 246.1 245.9 245.6 241.9 237.1 233.7 232.8 231.8 232.1 230.2 227.1 223.7 220.5 218.2 216.3 213.8 213.3 211.8 210.3 208.8 207.2 203.7 201.2 198.3 196 197.6 201.2 200.1 197.7 195.7 193.3 190.1 187.7 185.9 184.4 182.9 183.2 184.5 184.1 183 182.7 182.2 181.9 183.6 183.5 183.2 176.2 175.2 174.6 175.4 176.8 181.9 184.9 187.9 190.9 193.1 196.4 199 201.6 203.5 203 200.6 198.2 199 202.4 206.8 211.7 216.5 221.6 226.8 230.2 230.7 230.7 230.5 230.1 230.1
252.4 248.6 245.2 243.5 243.3 242.5 237.8 233.3 232.7 232.1 230.8 229.2 227.6 224.5 221.3 218.6 216.2 213.4 213 213 211.5 209.9 207.1 204.9 202 198.9 195.8 193.6 198.5 197 195.9 194.7 192.1 188.6 185.3 183.9 182.4 180.9 181.3 182.2 181.3 181 180.7 180.5 179.7 180.7 182.4 176.6 175.6 174.9 174.7 174.7 178.4 185 186.9 189.6 192.2 195.4 198.5 200.8 203.2 204.3 201.9 200.7 199 202.7 207.5 211.9 216.7 222.9 228.1 233.3 242 239 237.2 235.5 234.2 232.7
250.4 246.5 243.3 241.3 240.1 238.3 234.7 231 230.2 229.5 228.2 228 226.8 224.1 221.4 218.6 215 212.9 211.1 213.2 212.7 210.5 208.3 205.7 202.6 199.2 195.8 193.3 191.5 191.3 190.4 189.5 188.9 186.9 184.1 182 180.5 180.1 179.6 179.7 179.6 179.6 179.5 178.8 178.1 177.8 174.4 174.8 175 174.6 174.6 174.5 183.1 186.5 189 191.3 194.2 197.6 199.9 202.3 204.7 204.8 203.2 199.9 201.2 206.2 212 216.5 220.7 226.3 235.2 243 246.5 244.2 241.3 238.4 235.5 233.1
248.5 244.7 242.1 239.6 237.7 235.3 232.7 229 227.4 226 226.9 227.5 226.2 223.7 221.2 217.7 214 212 210.6 212.3 212.9 211.7 209.4 206.1 202.7 199.2 196.2 194 191.9 190.2 189.2 187.1 185 184.3 182.9 180.6 179.1 179.6 178.8 178.2 178.2 178.2 178.1 177.6 174.8 174.8 175.4 175.1 174.7 174.6 174.6 176.9 185 187.5 189.9 192.3 196.5 199.5 201.6 203.7 206.1 205.2 203.6 201.8 205.7 209.5 220.1 221.1 225.3 235.8 246.5 251.7 249.3 246.5 243.5 240.6 237.9 235.3
248.3 243.8 241.3 238.9 236.4 234 233.1 230.9 225.2 223.7 224.6 225.3 225.1 223.7 220.4 216.9 214.5 212.4 210.9 210.6 211.5 210.2 208 205.2 202 198.7 196.3 194.6 192.3 190.6 190.7 188.6 187.8 186.6 183.7 180.9 180.7 179.6 177.9 176.7 176.5 176.6 176.6 174.3 175.3 176.1 176.3 175.8 181.7 182.8 178.7 183.6 185.7 188.2 190.8 194.3 198.9 201.4 203.8 205.5 207.2 205.5 203.6 203.7 206.9 210.4 217.9 223.7 229.7 244.1 255.2 253.2 250.8 248.4 245.7 242.8 240.4 238.1
246.2 242.5 240 237.5 237.2 234.6 232.8 230.3 228.6 223.6 222.8 222.9 222.7 222.6 220.3 216.6 214.5 212.3 211.2 209.7 209.8 208.5 205.3 203.3 200.1 196.9 194.6 193.5 192.5 192.3 192.3 191.8 191.4 190 189 185.2 179.9 179 177.3 176 175.4 176.1 176.8 175.3 176.8 177.7 182.3 184.5 184.2 184.9 184.4 184.7 186.7 188.7 191.5 196.4 200.1 203 205.8 208.6 207.8 206 204.3 205.7 208.7 211.8 219.4 229.8 240 252.8 261.6 258.2 252.3 250 247.5 245 242.2 239.7
244.5 241.6 238.7 236.4 235.2 233.9 232 229.9 227.8 225 222.5 221.7 220.9 220.6 220.1 215.9 213.6 211.2 210.3 209.4 208.1 206.1 202.7 200.5 198.3 195.2 192.9 191.9 191.4 192.5 194.4 195.5 194.8 194.9 192.4 187 179.2 177.7 176.7 174.5 176 174.4 179.5 181.6 183.7 186.4 187.5 186.8 186.1 185.5 184.8 185.2 187.5 189.8 193.4 197.9 201.5 204.3 207 209.2 208.8 207 205.2 208 211.3 216.6 222 233.6 245.9 260 261.7 258.2 255.5 251.5 249.1 250.5 247.9 244.7
