data/300000-510000.asc
ncols 200
nrows 200
xllcorner 300000
yllcorner 510000
cellsize 50
[rows 72 to 107 of 200, columns 81 to 161 of 200]
129.3 130.5 132.3 134.2 135.6 135.8 135.9 135.5 133.9 131.6 129.1 127.2 122.9 116.8 110.5 107.2 100.9 101.8 104 107.8 114.1 118.9 123.3 129.6 130.2 140.2 144.9 137.2 128.8 121.9 131.1 139.4 138.6 131.2 125.8 133.4 133.7 133.1 132.4 133.4 135.2 137.2 137.6 131.8 126.5 123.5 119.8 118.9 121.8 123.2 125 122.3 117.9 113.6 114 114.8 115.7 118.1 120 120.3 120.4 120 119.5 117.8 117.8 119.7 120.2 119.9 119.1 118.2 116.1 114.1 113.6 113.8 118.3 122.5 124.1 125 126 127.1 128.7
126.1 126.9 128.8 130.6 131.5 132.1 132.7 131.4 129.3 127.2 124.4 120.9 121.5 119.9 110.9 106.1 101.3 101.4 102.3 106.4 110.5 116.8 125.2 127.9 132.1 138.6 144.6 134.1 124.7 119.3 126.7 135.5 139.6 130.1 119.2 128.4 130.3 129.9 129 130.1 131.5 135.8 133.3 128.2 124.7 120.2 109.7 117.4 118.7 119.8 121.2 121.5 116.1 113.1 112.6 113.4 114.3 116.1 118.8 119.5 119.4 118.7 117.7 115.1 113.9 117.1 118.8 118.9 118.5 115.1 112.7 112.2 113 117.4 121.4 123 124.5 125.9 126.9 127.7 129.2
122.6 123.3 125.2 126.7 127.3 127.9 128.9 126.6 124.5 122.6 119.2 117.6 119.1 119.4 115.7 108.4 105.4 99.5 98.8 102.1 107.8 114.7 122.9 126.6 129.4 130.7 133.1 129.9 122 116 119.9 124.9 131.6 126.1 114.4 116.5 117.2 122.6 126.1 128 129.9 132.6 129.7 125.8 121.5 118 110.5 115.7 115.3 117 116.8 116.7 113.9 112.7 111.6 111.9 113.7 115.7 117.3 118.8 117.7 116.3 116.7 114.9 111.1 113.2 115.7 115.6 116.5 110.8 112 113 114.1 119.3 121.3 122.8 124.4 125.9 127 128.4 130.1
119.1 119.8 121.6 122.4 123.2 124.3 124.1 121.7 119.6 118.1 115.6 114.2 113.5 112.2 111.9 110.8 110 106 96.6 98.3 104 113.5 120.7 123.2 125.5 127.4 128.1 127.4 122.6 109.9 108.4 111.8 117.1 109.8 106.9 109.2 110.2 116.7 122.7 125.2 126.4 128.4 129.2 126 119.9 114.8 111.1 111.8 111.8 112.5 111.7 111.5 111.3 111.1 110.7 111 113.2 115.4 117.1 115.9 114 113.9 114.7 113.1 110.6 110.4 112.8 111.4 110.7 110.3 111.5 115.8 119.2 120.7 121.2 122.7 124.2 125.7 127.1 129.3 131
115.6 116.3 117.6 118.5 119.6 120.6 119.3 117 114.7 113.5 111.7 113.4 110.1 108.9 108 106 105.1 101.8 95.9 97.1 102.5 112.8 119.7 120.7 123.3 124.5 127.1 126.8 121.4 112.9 98.5 96.9 101.6 100.4 99.1 103.1 103.4 111.3 116.6 120.6 121.9 125.4 126 122 115.6 110.7 107.7 102.8 107.3 108.3 107.6 107.8 109 109.4 109.4 110 111.8 113.5 114.1 112.8 110.1 109.8 110.6 110.9 108 110.3 109.8 108.3 108.9 110.1 113.4 117.6 118.7 119.6 121.3 122.9 124.3 125.9 127.5 129.9 131.5
112.1 112.8 113.8 114.9 115.9 117 114.6 112.3 111 109.8 112.1 106.9 104.9 102.7 100.4 99.2 97.6 95.2 95.3 97 105 115.7 117.8 118.1 120.1 120.3 122 115.3 105.5 95.2 95.3 91.7 93.4 90.6 91.1 94.6 94.9 101.5 109.7 115.4 117.3 122.6 120.4 114.2 111.5 106.6 101.4 100 102.9 104.6 105.4 105.5 108.5 110.5 108.4 107.9 109.8 110.8 110.9 110.2 107 106.6 106.5 108.7 105.9 107 108.4 109 112.9 114 115 117.3 118.6 119.3 121.2 123 124.8 126.4 128 130.2 131.8
109.6 109.9 110.6 111.3 112.3 112.2 110 108.2 108.6 106.6 105 102.7 100 96.9 93.8 93.9 94.5 94.7 95.2 103 113.9 116.2 116.2 114.4 112.4 109.8 113.5 89.9 89 89.5 89.4 90 89.2 90.5 91.2 92.1 92 94.8 100.5 106.3 108.8 118.8 99.3 96.9 97.6 97.3 96.6 97.9 98.6 100.6 101.5 104.6 107 108.6 105.5 108.2 108.2 107.7 107.1 106.8 106 104.8 104.5 105 106.3 107.4 110 110.7 112.8 114.1 115.7 117.4 118.7 119.1 121.1 123.1 124.9 126.8 128.5 130.5 132.1
110.1 109.5 109.1 109.5 109.9 108.4 106.7 108.3 104.5 102.6 101 99.5 97.2 94.9 92.5 93.4 94.2 98 102.9 110 113.3 113.6 106.2 106.3 102.3 97.7 90.9 89.7 90 89.5 89.4 89.4 90.1 91.9 94 93.6 93.3 92.5 94.4 97.2 99.1 96.3 95.6 95.6 96.8 97.1 96.8 97.7 98.4 98.6 98.6 97.1 98.6 98.7 100.7 104.2 104.8 104.5 103 103.1 103.5 104.4 105.1 106.5 110.1 112.9 115.2 115.5 117.2 115.3 116.9 118.5 119 119.8 121.6 123.5 125.5 127.4 129.1 130.8 132.4
110.7 109.9 109.1 108.9 107.9 108.5 105.4 104.1 102.7 99.5 97.1 95.6 94.1 92.1 92.5 95.9 99.7 103.4 106.8 110 102.1 97.8 96.7 92.5 88.8 88.8 88.5 90 90.3 90.9 91.4 92.1 92.6 95.2 98.4 95.7 94.8 94.5 93.6 95.7 96.4 95 95.2 95.8 98.1 96.8 97 98.1 98.2 98 98 98.5 99.6 99.4 99.9 100.5 101.9 102.3 102.7 103.1 104.3 109.2 111.3 113.2 114.4 114.8 116.4 117.1 116.2 116.6 118.3 119.8 120.8 120.9 122.5 124.3 126 127 128.5 130.8 132
110.7 110.5 109.6 108.8 108.6 106 104.5 102.6 100.5 96.9 93.8 91.7 90.9 93.2 94.5 96.2 98.9 102.7 104.3 96.7 89.8 87.7 87.1 87.4 87.1 87.5 89.4 90.1 91.2 93.9 95.7 96.6 97.8 99.7 104.5 105.6 104.7 98.4 93 94.6 96.1 96.9 94.8 97.3 100.6 103.1 99.4 98.9 98.7 98.6 98.7 99.4 100.8 101.5 100.4 98.9 100 100.8 102.3 106.4 109.7 112.5 112 114.4 114 115.1 116.1 117.5 117.6 119 120 121.7 122.6 124 124.3 124.1 125.3 126.5 127.5 129.2 130.6
108.3 107.7 111.1 110.8 110 108.5 105.6 101.9 97.9 94.1 90 89.5 91.8 94.2 95.9 97.8 100 98.3 91.1 85.4 86.8 89.4 87 87.7 89.9 89.9 90.1 91.2 92.9 97.3 100.5 101.6 103.2 108.3 112.2 113 112 108.6 93.5 94.1 95.5 95.9 94.6 97 104.1 106.3 106.8 101.1 98.9 98.8 99.2 101.7 103.1 103.3 101.8 100.5 99.2 99.7 101.3 104.1 107.1 109.9 111.3 114.2 114.9 115.8 116.8 117.7 118.3 119.7 120 121 121.6 122.6 123.1 123.2 124.1 125.3 126.9 128.1 128.9
106.7 110.2 111.6 111 110.6 109.6 106.6 103.4 97.3 90.4 87.5 90.6 93 95.1 97.3 97.6 90 87.3 85.9 86.8 89.2 90.3 91.1 92.3 93.1 95.7 94.4 97.7 100.9 106.6 108.2 109.7 110.7 112.6 116.3 116.4 115.4 112.7 99.5 93.4 94.6 94.2 94.4 98.3 108.4 111 112.3 112.7 106.5 103.1 105.7 107.5 107.2 105.2 103.3 101.9 100 98.5 100.7 103.7 104.8 106.9 110.2 113.1 115.2 116.3 117.3 117.7 118.2 118.7 119.2 119 119.9 120.9 121.7 122.4 123.1 124.2 125.5 126.3 126.9
109 108.9 110.4 111.3 110.8 108.7 105.9 102.6 97.1 88.9 87.9 93.2 97.2 98.2 93.3 85.3 85.5 85.9 85.7 87.6 88.9 94.6 96.6 97.7 100.8 105.6 108.5 109.3 110.3 111.2 111.7 112.2 113.9 114 117.4 117.7 116.6 114.6 112.9 107 101.7 98.1 102.9 111.9 116 117.7 117.5 117.5 117.2 112.6 113 111.3 109.9 107.5 105 105.4 104 100.8 99.7 102.5 102.2 103.2 106.5 111.7 114.8 115.7 117.3 117.3 117.3 117.8 117.9 118.4 118.9 119.4 120.7 121.5 122.2 122.7 123.4 124 124.4
112.3 112 111.7 111.2 108.7 106.4 102.6 98.1 90.3 88.2 85.9 92 90.5 85 84.9 84.7 85.3 86.3 86.6 88.3 94.1 99.4 101.3 104.2 106.4 109.1 110.2 110.6 111.2 111.3 112.5 113.3 114.7 115.3 116.8 117.4 117.1 116.7 115.9 115.6 116.4 114.7 120.5 121.6 120.8 121.3 121.1 121.1 120.1 118.7 116.4 114.8 113.7 113 104.2 106.2 110.5 108.2 103.7 100.4 100.5 100.5 101.3 100.7 114.1 115.6 117.3 117.3 117.2 117.1 117.6 118.2 118.7 118.7 119.6 120.2 120.6 120.8 121.1 121.6 122.3
114.8 114.5 111.3 108.5 104.6 101.6 98.2 91.1 87.5 86.4 85.9 84.1 84.2 84.3 84.6 85.1 86.5 88.5 89.3 89.1 93.4 98.6 99.2 102.7 104.7 101.8 104.2 104.6 106.2 107.1 109.5 111.5 111.7 114.1 116.2 113.8 115.8 116.8 117.6 118.2 118.7 119.8 120.4 122.8 122.9 123.9 123.4 122.9 121.7 119.4 118.1 117.1 116.1 116.2 109.6 108.9 111.9 113.3 110.8 102.2 100 100.5 103.8 101.3 109.4 114.8 117.2 117.5 117.2 117.1 117.6 118.1 118.4 118.2 118.1 118.6 118.8 119 118.7 119.5 120.5
105.6 114 109.5 105.6 102 97.6 91.3 86.3 85 83.5 83.9 84.2 84.3 84.5 84.8 85.6 87.3 89.5 91.6 93.1 91.3 92.4 94.7 96.5 97.2 99 100.6 106.4 110.5 109.7 108.7 109 110.3 112.9 114.2 112.9 113.9 117.3 118.5 118.9 119.4 119.4 120.2 121.1 122.8 124.6 125.2 124.7 123.7 122 120.5 118.8 117.7 115.7 109.3 114.2 115.4 115.9 115.8 110.3 103.4 101.7 102.2 103.4 107.9 111.1 112.8 114.8 116.4 116.7 116.9 117.1 117.2 117.2 117.2 117.1 116.9 116.6 116.1 116.9 117.9
108.3 106.1 105.9 102.1 98.4 91.2 86 84.8 83.4 83 84.1 84.1 84.1 84.6 85 87.7 90.4 91 92.9 97.3 102 99.1 100.4 104.8 106 106.2 107 107 108 110 111.5 113.5 114.5 115.2 113.6 113.9 114.2 114.9 116.7 118.4 118 117.9 119.4 120.6 122 123.7 125.3 125.7 125.1 123.6 121.3 119 118.5 115.1 109 116.1 116.9 118 117.8 116.6 112.4 107 102.7 103.9 104 103.9 107.1 111.7 116.4 116.2 115.9 116.1 116 116.2 116.1 115.7 115.5 114.8 113.6 114.9 116.5
109.7 108.4 101 96.5 90.1 85.5 84.6 83.5 82.5 82.4 83.3 84 83.9 85.1 91.7 93.1 93.1 93 95.4 103.3 105.6 104.5 107.1 108.1 109.8 110.5 110.2 108.6 110.2 110.6 111.4 113.5 114.7 115.2 114.9 114.9 115.1 115.7 116.4 118.2 117.8 118.1 119.6 121.1 122.6 123.7 125.4 126.7 126.3 124.4 122.4 120.4 119 114.9 113.5 117 118.1 118.7 119.1 118.7 117.9 115.3 108.4 103 103.9 104.2 104.2 106.8 110.8 113.9 115 114.8 114.8 115.2 115.2 114.1 114.5 114 111.8 114.7 116.3
105.1 103.3 95.6 89.4 84.3 83.9 83 82.2 82.2 82.2 83.1 84 86.2 91.9 98.1 98.2 99.9 101.3 103.1 104.7 107.8 109.2 110.3 111.8 112.8 113.2 111.9 111.4 112.1 113.1 113.3 115.4 116.7 117.3 117 117 117.2 117.2 117.7 118 117.9 118.9 120.4 122.4 123.8 125.3 126.9 128.5 128 125.8 123.7 121.6 119.2 111.9 118 119.4 119.5 119.5 119.4 119 118.8 118.1 115 111.8 108.5 105.8 104.9 104.9 107.2 111.3 112.5 112.6 113 113.7 113.1 112.1 110.7 109.8 110.7 112.4 115.3
101.5 98.7 89.6 83.4 83 82.4 82.6 82.9 83 82.8 83.9 86 94.5 100.1 101.5 103.1 105.1 104.6 103.5 103.1 107.6 111 113.8 115.3 116.2 116.2 116.1 116 116.4 117.2 117.8 118.6 119.5 120.1 119.8 119.4 119.6 119.5 119.6 119.9 119.9 120.3 122.9 126.3 128.1 128.4 128.5 130 129.1 127.4 125.6 123.6 120.4 114.6 118.6 120.8 120.4 120.3 119.4 118.8 118.2 116 115.9 115.5 112.3 108.1 106.8 104.4 105.5 108.8 109.7 110.4 111 110.5 110.8 109.9 107.3 106.4 106.5 107.1 112.1
97.8 90.9 82.9 82.3 81.8 83.3 83.7 84.2 85.4 85.3 86.9 90.7 97.8 104.5 104.1 104.9 106.8 107.4 106 107.8 111.5 113.8 116.4 118.4 120 120.3 120.4 120.8 121.5 122.8 122.7 122.9 122.8 123.8 123.8 122.8 122.9 122.5 122.1 122.7 125 125.9 125.5 129.3 130.7 130.9 130 129.6 129.9 128.7 127.7 125 122.2 117.1 119.8 121.9 121.2 120.6 119.4 119.3 119.1 118.1 118.4 117.3 113.8 109.4 107.6 104.9 105.8 106.7 107.6 106.8 106.4 107.7 108 107.8 107.6 107.7 108.4 108.6 109
94.4 82.7 81.9 81.1 82.4 87 92.8 96.3 99.9 99.7 101.3 102.6 98.4 105.7 105.8 106.7 108.5 110.3 110.9 112.5 114.5 116.8 119.1 121.4 123.8 123.9 125.1 127.1 128 129.5 128.9 127.6 127.6 128.2 128 126.9 127.2 126.8 126.5 128.7 129.3 130.2 131.2 132.3 132.5 132.3 131.4 130.6 130.2 129.1 128 125.6 123.1 118 122.2 122.5 122.4 121.5 120.5 120.6 120.4 119.7 117.6 116.5 113.6 111.3 112.4 105.9 106.7 106.3 105.8 106.3 106.6 107.2 106.6 106.3 108 108.7 109.7 109.6 106.8
82.3 81.5 81.6 82 86.7 91.7 94.1 96.2 98.5 102 103.7 104.9 105.1 105 106.8 109.9 111.5 113.2 115.2 116.2 117.7 120.2 123.5 125 127.1 128.2 131.4 135.2 136.5 136.3 135.4 133.2 133.1 133.3 132.8 132.3 131.6 130.2 130 132.4 132.7 133.2 134.1 134.8 134.9 134 132.8 131.9 131.1 129 127.2 125 121.9 120.7 123.4 123.9 123.6 122.6 121.8 121.7 121.3 120.7 119.1 116.5 114.6 113 111.4 110 110.7 111.7 109.2 108.8 109.8 109.8 108 108.1 108.6 109.9 110.6 111 107.2
81.4 81.3 81.5 84.7 87.3 94.4 98.6 100.5 102 103.7 105.7 106.3 107.6 108.8 110.8 112.8 114.4 116.1 119.8 123.8 128.1 127 131.9 133.9 135.8 139 140.7 141.3 143.7 145.3 145.6 144 141.7 139.9 140.2 138.1 136.3 135.6 135.1 136.5 136.2 136 136.7 137.2 137.4 136 134.2 133.2 132.2 129.7 126 125.5 124.1 122.2 123.5 125.2 124.8 123.7 123 122.6 122.2 121.8 120.6 117.8 117.5 115.8 113.8 111.7 113.6 113.2 113.8 112.7 111.8 112.4 112.2 112.1 112.1 113.4 113 114.1 112.6
79.7 81.7 83.4 85.9 87.9 94.9 103.2 105.1 105.9 106.9 108.1 109.3 110.5 111.7 113.3 115.4 117.3 120 125.5 130.9 138.5 143.4 147.1 146.6 152.2 155.9 158.7 162.3 161.7 161.1 160.5 157.1 152.5 150.6 149.8 147.8 144.4 142 138.9 140 140.8 139.2 139.2 139.6 139.5 138 136.3 134.5 132.9 130.4 129.1 127.8 126.4 124.9 124.9 126.3 126 125.2 124.2 123.7 123.3 122.7 120.2 119.6 119.6 117 116.4 114.4 114.1 115.2 116.8 115.7 114.4 114.9 115.2 115.1 115.4 115.8 115.5 116.6 116.3
81.7 82.8 85 86.6 93.1 99.8 103.6 108.6 109.4 110 111.4 113.3 114.5 115.7 117.6 119.2 122 128.6 134.5 140.2 145.7 150.5 154.2 158.9 165.3 170.7 176 179.6 178.6 176.4 172.3 167.7 162.1 159.4 160.1 157.7 153.7 147.9 146.4 147 147.5 146.2 146 144.7 144.1 141.3 138.7 137.8 133.7 132.4 133.1 131.3 130.2 129.1 126.7 128.6 128.3 128.5 127.5 125.3 124.2 122.9 122.2 121.2 119.9 120.5 119.2 118.6 118.8 118 119.5 119.1 118.5 118 117.8 117.5 117.2 117.6 117.8 117.7 116.8
82.9 83.5 91.1 96.9 102.8 105.5 104.9 110.2 112.4 113 114.3 116.9 118.5 119.7 122 126.9 134.9 142.1 150.3 154.1 158.8 165.2 169.3 170.6 174.2 179.1 184.3 188.3 186.4 181.2 177.3 173.5 168.7 166.8 165.7 162.3 157.4 152.1 151.9 152.9 153.9 153.3 152.5 151.5 148.9 146.8 144.1 141.5 135.3 137.8 137.7 135.9 134.2 133 130.1 131.8 132.1 131.4 129.7 128.2 126.6 126 125.9 125 123.8 124.1 123.1 122.5 121.4 121.2 122.5 124.3 123.3 123.1 121 118 118.9 119.2 119.4 120.2 121.4
85.1 89.7 94.9 101.6 106.5 110.9 111.6 110.2 114.3 116 117.1 119.7 122.3 123.8 127.1 138.6 148.6 154.3 160.2 165 168.3 172.8 176.9 180.4 183.6 187.9 190.3 188.3 184 179.7 175.9 172.3 172.8 171.2 170.3 166.5 162 158.3 158 160.8 160.3 159.7 158.9 157.3 155.3 154.4 151.1 144 138.3 143.5 142.4 140.6 138.8 135.8 133.3 135.5 135.4 134.2 132.6 130.9 130.9 130.6 130.4 129.4 130 129.4 128.7 130.3 129.3 125.7 127.4 131.9 131.8 131.5 125.3 121.5 122.4 125.2 129.2 131.7 127.5
94.4 100.8 99.9 104.3 108.8 113 114.7 114.9 115.4 117.6 119.9 122.8 125.7 128.6 136 147.4 157.3 161.9 164.2 167.5 171.4 175.5 180.5 186.6 189.4 189 187.2 184.7 179.9 173.6 175.8 179.6 179.6 177.1 174.9 171.2 166.8 165.2 165.1 165.7 166.1 165.8 164.8 163.3 160.8 159.9 150.8 142.4 144.6 146.7 147.1 145.6 143.7 140.2 137 140.4 139.4 139.3 136.6 138.2 139.6 139.1 139.6 141.8 145 155.8 159.8 154.6 153 150.6 149.1 146.8 151.7 147.1 145.1 147.6 155.4 154.8 159.9 150.1 151.1
96.5 101 102.6 106.6 111 115.1 116.7 118 118.4 120.2 123.4 127.2 129.9 136.9 144.6 154.7 158.7 162.4 165.8 169 172.5 177.1 181.7 186.5 186.6 185.8 178.8 174 173.3 184.3 185.1 184.7 183.9 182.4 180.5 176.7 172.8 170.6 170.3 170.5 170.2 170.4 168.7 167.1 165.3 161.2 148.8 152.6 151 153.2 154.1 153.4 151.8 150.4 142.8 146.9 145.4 147.5 147.7 151.1 153 155.6 157.4 168.8 181.7 187.7 192.5 193.6 191.9 188.7 183 177.2 164 174.3 177.7 193.7 208.1 197.8 191.6 189.3 184.5
99.8 102.2 105.5 109.2 113.3 117.1 118.8 120.4 121.5 125.4 132.6 137.6 143.9 151.6 156.6 159.2 162.2 164.6 167.9 170.9 173.2 177.6 181.7 185.8 184.6 181.8 174.4 183.2 185.2 186.1 186.9 184.8 183.4 183.5 183.7 181.6 180.5 178 177.4 176.3 175.6 175.7 173.3 171.6 168.7 158.7 159.8 162.1 156.6 160.9 164.2 164.7 165.9 164 148 154.4 156.3 158.6 159.2 165.6 167.5 171.7 181.7 191.2 203.2 210.1 221.1 233 232.4 238.1 224.2 217.7 191.6 211.4 223.5 240.7 256.6 266.3 237.4 230.9 220.2
104.6 109.3 109 112.1 115.7 119.2 120.8 123.9 129.7 137.6 147.6 151.6 155.1 159.6 161.3 163.4 166.8 169.2 171.4 173.6 175.1 178.8 180.9 180.7 176.5 173.5 177.8 179.8 182.8 183.7 182.9 182.9 183.8 185.4 185.3 184.7 184.2 184 184.4 184.2 184.2 182.7 180.1 176.5 171.5 156 170.3 167.6 168.9 172.9 175.3 175.8 175.5 173.5 153.2 163.8 166.4 170.2 172.4 179 183 190.1 202.8 213.7 223.6 235.5 256.2 257.2 259 263 258.3 251.3 227.3 226.4 260.6 283.4 309.3 289.4 280.2 280.6 264.7
112.1 116.6 116.3 117.9 118.9 123.5 127.2 132 141.3 151 155.1 158.3 161.8 164.9 166.4 167.5 170.1 172.6 175.6 177.3 177.7 176.8 178.4 175.6 173.5 181 182.8 182.7 182.6 182.3 182.9 187.1 187.8 187.7 188.3 188.8 191.6 192.9 191.9 191.7 192.1 191 187.5 182.8 179.8 161.3 173.1 173.6 179.4 182 185.4 186.3 186.2 184.8 163.5 175.9 175.6 177.5 185.3 191.6 198.3 207.6 219.8 229.7 245.6 265.6 276.9 276.1 276.3 283.2 278.5 276.7 269.6 242.9 284.1 319 330.6 334 324.4 316.3 308.4
128.1 134.6 138.6 137.8 137.8 140.5 139.9 143.7 151.5 155.7 159 161.3 164.1 167.6 168.2 170.2 172.7 177.2 179 179.1 178.9 174.7 173.7 173.3 175.1 179.6 180.8 181.8 181.6 181.4 183.6 187.8 191.1 193.5 192.7 197.5 202.9 204.8 204.5 199.9 200.6 199.1 194.5 189.2 183.3 164.6 178.9 183.9 187.4 190.9 195.6 196.5 197.2 193.8 175.3 181.7 186.1 190 196.9 205.3 212.3 221.3 234.7 249.9 268.5 283.2 289.7 290.8 293.4 295.3 294.2 295.1 295.9 285.9 287 332.1 342.7 351.7 356 350.7 345.6
148 155.2 152.7 151.2 152.7 154.7 156 154.7 156.2 160.1 162.7 165.1 167.1 169.6 169.8 170.8 173.8 176.3 177 177.7 175.1 172.9 172.9 173.9 174.9 177.5 178.7 179.7 180.3 182.2 184.7 190.1 197.6 199 200.5 204.8 208.1 215.5 215.4 212 209.8 205.2 199.1 194.2 184.7 170.5 177.3 191.5 196.2 201.3 205.3 207 206.6 200.8 184.5 192.6 197.2 201.3 209.6 216.2 225.2 235.6 250.5 268.4 282.3 292.3 297.3 302.5 307.1 308.2 312.6 309.1 308.2 303.8 305.9 335.5 345.9 352.7 361.5 368.6 371.9
163.2 169.5 168.3 164.1 162.4 160.5 158.8 158.7 159.3 162.1 166.3 168.8 170.8 170.1 170.2 170.9 172.2 173.8 173.2 172.9 172.9 172.9 174.4 175 174.7 175.8 176.7 178.7 180.7 183 186.4 195.9 199.5 200.9 203.5 206.5 210.3 215.8 220.5 221.1 217.8 211 206.2 197.4 183.7 183.2 190.2 201.3 206.7 210.9 214 213.9 212.5 204.1 198.6 200.9 207.4 213.3 219.4 226.6 235.7 248 262.9 277.4 290.4 299.7 304.2 309.8 315 322.3 324.5 323.8 321.2 316.1 321.2 335.7 346.4 358.1 371.2 381.3 384.2
