data/300000-790000.asc
ncols 200
nrows 200
xllcorner 300000
yllcorner 790000
cellsize 50
[rows 70 to 104 of 200, columns 78 to 155 of 200]
568.6 584.2 592.2 599.7 607.4 613 616 619 621 618.5 615.1 614.4 611.5 615.7 621.3 625.6 630.6 637.8 645.8 655.3 666.5 678.6 689.2 702.6 715.6 729.4 743.2 755.1 763.9 772.1 778.5 781.6 785.3 793.8 802.4 810.2 816.2 822.7 828.5 833.9 832.8 814.9 789.7 769.9 754.2 742.7 732.4 725.7 726.5 718.9 707.6 686.1 662.4 639.6 618.9 599.5 582.2 566.5 553.3 542.9 530.2 519.2 530 540.8 560.1 586.2 613.9 641.2 672.6 703.7 726.4 739.2 749.6 752.9 752.1 745.4 730.6 710.8
565.5 577.7 587.5 595.6 605.3 612.6 615.9 618.6 619.4 616.2 612.2 609.2 606.8 611.9 615.9 620 623.9 629.7 636.9 648 658.5 668.9 679.8 689.5 699.2 711.6 722.9 734.1 744.7 752.9 760.3 766.9 772.6 781.4 790.5 800.2 807 816.4 824 830.3 821.7 797.3 773.3 755.7 739 726 714.2 699.8 694.9 690.4 681 663.4 643.8 623.5 604.8 586.4 571.8 558.3 546.7 538 526 518.1 528.2 541.7 562.9 589.1 617.4 646 677.7 707.1 723.4 732.3 743.1 748.4 751.7 750.3 741.9 725.8
560.2 572.1 582.1 591.8 601.6 608.3 612 614.1 615 613.5 609.6 605.9 598.7 606.7 610.5 614 617.3 622.4 629.9 639.2 648.2 657.8 668.4 678.3 688.2 697.3 707.1 717.7 727.1 736.2 743.5 749.6 759.1 769.7 779.4 790.3 800.1 809.8 817.6 822.1 805.4 783 762.2 742.7 722.4 704.9 692 681.8 665.7 660.5 654.8 642.5 630.6 615.6 593.5 575.3 560.2 548 538.3 530.3 515.4 519.2 527.4 542.5 564.4 590.8 620 651.5 682.3 706 715.8 723.3 732.7 742.6 750.2 750.6 748.4 738
557 567 577.2 586.8 596.9 603.3 607 609.2 610.5 609.3 606.8 602.7 594.7 601.2 604.2 607.1 610.9 615.3 622.3 630.1 638.5 649 657.8 667.7 676.4 686 694.4 703.8 713.2 720.4 728.9 735.4 746.5 759.9 771.3 782.4 791.7 802.1 811.4 811.6 794.9 770.6 750 730.5 705.9 688.6 675.8 665 655.6 645.1 640.2 623.5 613.4 602.4 583.3 565.9 551.7 539 530.9 525.3 513.3 518.1 527.7 541.5 564.8 593.7 626.1 658.2 681.2 694.2 703.6 712.3 718.6 733.1 742.1 746 748 745.4
551.4 562.5 573.1 583.1 592.1 599 601.8 604.2 605.5 605.1 602.4 599.1 593.8 596.2 599.5 601.7 604.5 608.3 614.2 621.4 630.4 640.5 649.3 658.1 665.5 675.5 685.1 693.5 701.2 708.3 715.7 727 739.1 752.3 764.4 774.2 782 792.6 802.6 802.5 784.6 761.2 740.1 715.7 693.1 674.7 662.9 650.6 641.7 628.6 614.9 605.5 599.7 592.4 578.8 556.1 542.8 531.9 526.8 519.9 511.3 515.8 525.8 541.2 566.2 595.5 629.2 658.4 667.8 679.8 689.8 698.3 707.6 720.4 732.6 739.9 743.7 744.3
546.3 558.3 569.2 579 587 593.1 596 598.9 600.2 600.1 598 595.2 591 589.3 595.1 596.7 598.3 603 607.8 614.1 622.8 631.8 641.2 650.1 658.1 666.6 676.9 685.9 692 697.6 706 720.4 732.9 744.5 755.2 764.1 772.9 782.5 791.9 791.1 774.6 751.9 728.3 702.9 684.2 664.8 649.4 639.6 626 613.7 599.2 592.8 587.7 582.4 570.1 549.8 534.9 525.8 520.6 510.7 509.3 513.8 524.5 541.5 565 589 614.3 635.7 651.7 664.9 673.5 684.5 694.8 704.6 717 729.3 730.6 733
541.3 553.8 564.2 573.9 580.7 586.9 590.3 593.4 595.2 595 593.2 590.5 587.5 580.4 590.3 591.9 593.7 597.5 602.3 607.2 615.9 625.1 633.7 642.4 651.5 660.7 670.1 674.9 675 690.4 696.2 707.3 719.7 732.2 743.7 752.8 760.7 770.3 779.5 778.4 764.1 745.1 718.4 693.7 674.7 657.9 642.5 628.6 612.9 597.1 587.2 577.4 575.2 571.4 554.7 541.1 524.9 517.5 514.3 509 506.8 511.7 523.7 539.4 560 581.1 600.9 617.2 633.7 646.8 658.9 670.1 679.4 690.2 700 708 712.9 716.3
534.8 548.7 559.8 568.1 574.4 580.9 584.8 587.7 589.8 589.2 588.1 585.7 582.4 574.6 584.8 588.1 590.2 592.2 597 602.4 609.4 618.3 626.8 635.9 646 654.8 659.8 665 678.1 690.3 703.5 704.8 701.3 713.9 732.8 742.6 747.8 754.3 760.5 760.4 750 733.5 710.5 688.4 668.1 653 640 621.7 606.6 590.7 576.7 565.6 559.9 559.6 542 533.7 517.5 510.9 508.9 505.3 505.4 508.5 520.2 534.1 552.5 568.8 585.5 600.4 615 628.8 641.3 653.3 663.6 674 683.4 690.6 694.7 697.4
529.8 542.8 553.5 561.8 569.4 574.4 578.2 581.3 584 583.8 582.2 580.9 578.5 573 576.4 583.6 585.5 587.2 592.4 598 603.5 611 618.9 627.7 638.2 645 653.5 664.5 675.3 686 699.2 701.9 696.8 708.5 722.1 731.6 737.9 740.5 741.4 741 733 718.6 702.1 680.1 662.1 649.2 634.9 622.2 602.9 581.6 574.4 559.2 550.7 546.3 536.9 523.1 516.6 508.9 506.9 505.1 503.8 506.6 516.9 528.8 541.6 554.6 569.3 581.3 596.4 609.6 621.4 633.6 646.3 659.4 670.8 677.7 680.1 677.1
523.6 536.6 546.4 554.9 563.1 567.5 571.7 575.2 577.8 578.3 577.7 576.1 574.3 568.2 572.9 577.1 579.3 582.6 586.7 592.7 597.7 606 612.8 621.7 629.7 642.1 652.1 661.2 669.7 680 692.5 702.7 693.5 711.9 716.4 717.4 722.6 724 719.4 716.5 711.4 702.9 688.3 669.1 654.2 640.4 626.5 616.2 599.4 583.3 572.2 558.5 547 537.5 531.1 520.1 511.2 507.4 505.2 503 501.1 502.7 513.1 520.7 530.6 541.2 552.8 566.5 577.8 590.4 602.3 613.7 626.6 640.8 652.3 657.8 657.7 655
516.1 529.4 539.1 547.8 554.4 561.3 565.7 569.5 571.3 572.1 572.6 571.6 570.2 564 567.6 570 573.3 577.7 584 591.8 600.3 608.1 616.2 625.5 636 644.2 651.3 658.3 666.5 674.8 683.2 691.7 694 702.9 706.6 706.2 708.2 703.9 703.7 699.9 694 686.8 673 660.7 647.2 630.6 619.3 608.4 593.6 581.1 566.1 552.4 543 532.7 526.8 519.1 511.9 507.2 504.7 503.6 498.5 499.2 506.3 511.7 519.6 528.9 540.4 551 563.6 574.2 584.7 594.6 608.1 619.9 628.5 634.1 636.7 633.7
506.2 518.2 529.5 541.4 549.3 555.3 559.4 562.4 564.2 565.8 566.4 567.9 566.5 560.8 560.5 566.8 572.6 578.4 586 594.2 604 612.3 620.3 629.8 639.1 645.8 650.8 660.4 669.2 674.6 678 679 685.9 691.1 694.4 695 696.2 692.6 689.1 684.3 677.8 673.1 662.8 650.9 637.6 626.9 615.8 601.1 588.6 573.5 560.9 548.3 535.9 527.7 521 515.8 511 507.9 506.4 505.5 498 497.1 500.2 502.2 510.1 518.5 528.3 537.5 548.5 558.9 569.2 580.2 590.3 599.6 606.5 612.1 615.3 615.9
500.9 509.1 521.2 533.4 542.9 548.2 552.8 556.2 559.2 560.3 561 563 562 553.3 562 568.5 573 578.5 585.9 595.3 607.3 616.4 624.5 633.2 640.7 647.3 654.4 663.7 673 680.1 682.1 685.2 672.7 677.9 680.5 682.4 683.1 679 675.6 674 664.9 659.1 649.7 638.8 627.8 617.2 606.4 595.5 583.4 568.7 557.3 547.1 534.4 523.2 516.8 513.5 509.8 507.4 506 505 502.3 494 494.8 497.1 502.9 510.2 519.8 527.2 534.3 544.8 554 563.2 571.8 580.9 588.3 592.6 596.5 596.5
497.4 503.3 516 528.3 535.3 540.3 545.7 549.7 553.5 555.8 557 557.4 556.2 548.9 561.5 567.1 571.7 578.5 586.8 596.1 608.9 617.9 626.5 635.7 641 649.6 659.2 667.6 676 685 690.2 687.8 683.3 675.9 666.1 670.6 671.2 667.2 660 656.1 649.4 644.1 635.7 627.2 616.6 608 601.6 585.7 572.3 559.1 552.6 542.5 531 520.2 513.8 511.1 508.2 505.5 503.3 502.3 494.5 493.1 492.3 493.7 497.7 504.7 512.3 519.3 525.2 532.8 541.7 547.2 554.9 562.2 569.5 574.8 577.5 578.9
495.5 496.7 510.8 521.3 527.8 534 538.1 542.3 547.2 550.1 549.9 549.8 545.7 550 558.7 565.5 571.5 578.4 587.3 597.3 607.7 617.8 626.1 635.3 642.7 650.9 660.6 669.3 677.9 686.4 690.3 687.9 684.5 681.3 675.9 667.5 655.9 655.2 647.3 643.4 637.8 632.1 624.9 615.8 607 603.1 592.5 576.3 564.5 552.9 546.1 536.4 527.1 518.7 513.7 510.1 506.2 503.6 500.5 498 492.3 492.1 490.9 489.6 490.9 498 504.5 511.8 517.8 522.2 530.4 534.5 541.2 545.2 553.1 557.6 561.5 563.9
498.9 499.1 497.1 509.4 518.8 527.6 531 534.9 540.4 542.9 543.4 543.4 538.2 547.9 556.5 563.5 571.1 578.8 588.4 597.9 607.5 617.5 625.9 636 644.7 652.3 660.4 670 678.6 685.3 688 687 684.8 682.6 678.9 672.8 663.1 649.1 628.6 617.7 621.3 620.2 613.5 605.2 605.4 603.9 588.1 572.7 562.6 555.3 544.8 535.1 527 518.6 513.3 508.7 504.5 501.4 497.8 494.7 490.9 490.6 490.1 487.5 488.3 493.2 498.5 505.9 510.1 514.1 519.2 524.8 529.9 533.3 536.8 542.1 547.5 548.5
501.8 504.4 496.4 499.1 508.6 516.7 524.4 529 532.8 535.5 536.7 532.1 537.8 546.4 553.6 561.2 568.6 577.8 587.5 597.2 606.9 617.6 627.5 636.3 646.1 654.1 661.8 669.8 678.5 684.8 687.2 687.8 687 685 679 674.3 664 653.1 644.2 633.7 622.8 610.7 599.8 599.8 599.8 599.8 597 573.9 559.7 549.7 540.6 532.7 523.7 519.4 513.1 508.7 502.6 498.5 495.8 492.4 489.1 488.2 487.9 487.1 485.2 489.2 496.2 499.1 503 503.4 508.5 512.7 517.1 521 525 529.2 534.3 536.1
502.8 505.9 501.7 492.3 497.2 504.9 513.4 519.7 523.6 524 523 526.6 536.2 543.2 550.9 558.3 565.7 574.8 585.6 595.3 606.1 616.8 625.9 635.6 645.8 655.1 663.1 671 678.8 684.5 688.1 689.5 689.8 689.2 679.4 671.3 664.7 661.8 653.5 643.9 635.4 626.3 619.9 609.2 604.2 602.9 592.7 569.3 554.3 547.4 540.9 537.6 532.8 526.6 519.2 512.9 507 500.5 493 489.7 487.5 485.9 485 485.4 482.7 487.5 495.5 499 496.8 495 498.4 503.5 507 509.4 513.3 517.1 520.4 523.1
503.7 507.4 507.2 503 489.7 494.5 502.5 508.4 515.6 516.8 512.6 528.5 531.7 538.6 546.8 554.6 562.3 571.5 583.6 594 604.3 613.8 624 633.9 645.4 654.8 663.9 672.2 679.1 685.2 689.2 691.2 691.9 689 681.1 679 677.5 670.7 662.8 653.5 644.1 638.5 631.1 619.9 609.8 604.8 589 575.2 566.2 560.3 551.7 546.2 539.6 533 524.4 517.7 510 502.2 495.5 491.3 487.2 484.9 484 483.3 481.3 485.7 494 499.1 496.6 489.5 490.3 493.9 497.2 499 502.9 507.5 511 512.5
507.7 506.5 504.8 502.9 502.5 488.3 491 497.9 504.9 504.3 519.7 523.3 527.4 534.4 542.7 550.9 559.8 569 580.7 591.8 602 611 622.1 634.1 644.8 654.5 663.7 672 679.2 685.8 690.2 692.2 693.4 691.5 690 687.6 684.1 677.3 671.8 663 658.1 650.7 641.8 628.9 618.1 608.2 599.9 590 579.4 569.1 561.2 554.9 546.8 539.2 530.5 521.8 513.2 505.8 498.3 493.4 488.9 484.6 482.1 481.3 480.9 479.8 494.6 497.9 497.3 489.3 483.2 484.7 487.7 491.5 495.3 498.4 501.9 502.4
506.8 505.3 504.2 501.1 501.1 500.6 488.3 484.8 493.2 500.8 509.9 514.7 524.6 531.3 539.9 548.8 557.9 566.9 578.6 589.2 599.8 609.8 621.6 633.1 644.4 654.6 662.7 670.7 678.3 685.7 690.5 693.3 694.9 695 694.7 693.2 690.3 685.1 678.2 671.4 666.8 660 653.4 642 631.1 621 611.4 601 591.4 583.4 573.1 564.2 556.1 546.4 537.3 528.5 518.7 508.9 502.6 497.2 491.6 486.9 482 480.1 480.3 478.1 484.4 492.9 493 486.8 481.7 481.8 483.1 487 491 492.6 495 493.4
505 504.1 502.1 498.1 498.4 497.9 498.2 484.2 485.3 494.5 498.6 509.8 521.3 529.4 537.8 546.6 556 565.1 577.4 587.8 597.9 608.6 620.1 631.5 642.8 652.8 661 668.9 676.8 684.2 689.1 693.2 695.3 695.8 696.9 697.3 695.6 694.4 690.6 683.1 676.1 670.5 660.3 652.5 645.8 638 624.2 612.2 604.8 596.6 586.1 575.9 566.6 555.8 546.2 536.6 526.8 516.8 510.5 503.1 495.3 490.6 486.1 481.5 477.4 476.8 477.5 485.7 487.9 484 479 477.2 477.9 481.9 486.8 489 489.7 489.6
504.5 502.1 499.7 495.3 493.8 495 494.8 480.9 479.8 483.7 492.8 505.6 517.3 526.8 535.9 544.8 553.5 562.8 575.7 586.4 596.6 607.3 618.1 630 641.3 650.8 658.6 665.5 673.7 681.7 687.5 691.8 694.6 696.5 698 699.6 700.1 702.1 702.2 697.8 687.3 682.6 674.9 667 658.6 650 638.8 627.4 619.2 611.5 600.9 589.7 579.7 568.5 557.4 546.3 535.4 526.2 519.1 510.2 501.2 495.5 491.1 486.9 480 476.4 476.4 474.1 479.9 477.1 474.5 472 473.5 475.1 478.8 483.1 485.1 485.8
505.3 501.2 497.3 492.9 490.8 491.2 492 487.9 476.9 474.3 487.2 498.8 512 522.8 532.3 541.3 550.1 560.8 573.3 584.3 595.3 605 616.1 628.1 640 648.8 655.5 662.4 669.8 677.7 685.2 689.8 693.4 696.2 698.3 700.8 703.2 706.2 709.7 708.6 702.3 695.2 686.9 677.9 669.4 660.9 650.5 642.4 633.7 626.3 615.7 604 592.6 580.9 569.7 558.3 546.3 535.7 527.3 518.2 509.1 503.1 498.2 493.1 486.1 477.4 474.6 473.2 471.9 471.8 470.7 469.7 469.1 471 472.4 473.6 475.6 479.6
507.6 499.5 494.2 490 487 486.2 487 489.2 487.9 480.7 480.8 492.5 504.8 517.6 529.8 538.8 546.9 558.3 571.3 582.9 593.2 602.4 613.8 626.1 638.4 646.1 652.9 660.6 668.7 676.9 684 688.4 692.4 695.2 698.8 701.4 704.6 709 713.7 715.4 713.1 708 700 692.9 685.2 674.2 666.5 656.7 649.9 642.1 631.4 619.8 608.1 595.4 582.7 570 558.8 547.3 536.7 526.6 517.1 512.2 507.5 500.1 493.4 488.3 477.8 473.2 471.8 470.2 469.4 469.1 469.2 469.7 470.2 470.4 472.9 477.8
506.4 498.5 491.9 485.6 479.6 478.6 483.1 485.7 486.7 483.7 474.6 486.4 500 513.9 527.1 537.4 545.7 556.8 569 581.4 591.1 600.4 612.1 624.3 635.2 644.1 653 661.3 668.8 676.2 682.8 687 691.1 694.7 698.5 702 705.3 710.1 717 721 721.5 721.5 715 706.5 701.6 691.6 681.6 673.9 668.2 660.5 650.1 636.7 623.8 609.8 595.9 582.3 570.4 558.7 547.3 535.8 526.4 521.7 517.9 511.3 501.5 491.6 483.6 477 472.7 469.8 468.1 467.9 468 468.9 469.9 470.3 470.8 472.1
505.7 499.4 492.6 482.2 472.8 469.9 474.8 478.9 482.3 471.5 476.3 487.1 498.8 512.2 524.2 534.9 544.3 555.6 567.2 579.6 589.5 599.5 610.2 623.3 634 643.8 653.7 660.9 667.8 675.4 681.5 685.6 689.9 694.4 698.1 701.9 706.5 711.9 717.6 723.6 728.3 730.5 727.4 720.1 715.8 708.4 699.2 693 685.8 679.8 669.2 655 640.4 624.6 610 596.9 583.7 571.3 559.6 547 537.6 530.7 524.1 516.5 507 497.4 489.9 482.9 476.3 470.6 467.2 466.6 467.2 467.7 468.1 467.9 468.4 469
511 500.3 491.7 481 470.7 466.2 466.5 467.1 468.1 464.1 478.8 488.7 498.7 510.2 521.2 531.5 541.3 553.7 565.6 576.9 587.5 597.3 608.9 622.5 633.1 642.7 652.3 659.6 666.9 674 679.8 684.3 689.2 694 697.8 701.6 706.8 712.2 718.1 725.9 732.6 735.8 735.1 732.4 729.3 723 716.2 709.8 704 698.1 688.1 673.2 657.6 640.2 624.6 610.1 597 584.5 571.8 559 550.5 542.5 534.8 524.9 515 505.4 497.4 490.3 483.3 475.1 468.5 464.8 463.4 463.8 463.9 462.5 463.1 465.3
517.4 505 490.3 478.3 468.6 464 462.9 462.9 462 465.5 479.2 491.3 500.1 509.6 520.8 530.6 539.6 552.1 563.4 574.9 585.8 595.6 606.9 621.6 632.2 641.7 650.9 657.9 665.1 672.5 678.2 683.1 688.5 693.5 697.5 701.9 706.8 712.5 719.9 727.3 733.5 740.9 743 743.2 743.5 740.5 735.2 730.2 723.6 717.4 707.2 691.7 672.1 656 639.5 624.9 611 597.8 583.8 571.9 563.3 555.1 544 533.6 523.7 514.7 506.8 500 491.5 483.1 476.9 472.1 467.5 463.5 460.2 460 460.1 461.9
524.7 508.4 489.5 476.1 467.3 463.1 460.2 459.4 459.5 462.3 480.8 490 497.7 507.1 518.2 529.2 538.6 548.7 559.9 572.8 583.9 594.4 606.8 620 630.3 639.5 648.4 656.1 663.4 670.7 677.5 682.7 687.8 692.9 697.2 701.9 707.2 713.4 720.8 728.5 737.1 744.7 748.7 754.3 755.6 753.4 748.8 745.8 742.2 735.4 725.5 708.9 688 668.9 653.5 638.1 624.4 611.2 596.1 582.5 575 565.7 553.4 543 532.6 523.1 518.1 509.9 501.2 492.8 485.4 479.2 474 469 464.6 459.4 457.8 459
529.7 511.4 490.9 476.7 467.7 462.1 456.6 460 459.2 457.6 474.9 485.8 493.6 504 514 525.4 538 548.6 560.4 573 584.5 596 607.2 619.5 629.1 637.6 646.6 655.1 662.2 669.3 676.6 681.7 687.1 692.4 697.2 702.7 708.4 714.9 723 731.9 740.7 747.9 758 764 764.3 763.2 761.5 758.5 754.2 746.9 737.8 723.1 702.7 680.5 665.5 650.9 636.9 622.4 607.1 594 585.3 575.5 563.1 552.4 541.7 531.7 526.4 520.4 513.1 502.4 493.2 484.7 477.1 472 467.9 464.3 458.7 456.5
532.8 514.5 495.7 479.9 467.8 461.3 455.5 457.2 457.1 455.3 469.5 483 493 506.8 518.3 528 538.5 549.7 561 573.5 585.5 598.3 609.2 619.6 627.7 636.6 646.2 654.1 661.6 669.3 676.1 681.9 686.8 691.6 697.3 703.4 710.1 717.3 724.8 735 743.9 752.6 765.6 772.3 770.6 770.3 769.6 767.4 762.9 755.3 746 734.7 717 694.1 674.3 660.7 646.6 632.5 617.2 604.6 592.8 581.4 571.3 561 549.9 538.9 533.3 528.1 521.8 512.3 500.1 489.4 481.8 475.3 470.5 466.4 462.4 455.8
532.5 515.4 497.3 482.5 468.1 461.6 456.6 454.3 451.9 461 472.7 480.2 492.4 507.7 517.6 526.4 535.9 546.1 559.6 572.1 585.1 597.2 607.6 617.4 626.9 636.8 646.6 654.6 661.7 669.1 675.6 682.1 687 691.7 697.8 704.8 711.5 719.3 726.8 736.3 746.9 757.4 769.5 775.9 775.8 776 776.6 774.5 770.1 761.9 752.8 741.4 727.2 704.4 685.1 668.8 654.4 640.2 626.4 614.2 601.5 588.3 578.2 568.6 557.9 546.1 537.2 532 527.2 518.7 506.6 496.1 489 482.1 474.7 469.3 465.5 461
533.1 516.4 498.7 482.9 468.2 460.7 456.5 452.8 450.4 454.3 468.5 478 486.5 498.4 511.7 522.7 536.3 546.9 558.9 571.9 585 595.4 605.7 617 627.6 637.2 646.5 655.1 661.9 668.6 675.1 681.5 687.2 692.4 698.6 705.3 713.4 720 726.8 736.1 747.3 759.2 770 775.6 776.8 778.9 778.9 776.4 774.1 768.5 761.3 749.5 735.8 714.9 695.2 677.3 662.1 648.2 634.5 622.1 608.8 596.4 585.2 574.9 565 553.6 543.7 536.1 531.7 523.2 510.7 503.8 496.9 489.8 482.4 474.7 469.9 464.4
531.9 514 497.5 481.6 467 460.4 455.4 451.5 448.7 456.7 471.9 479.9 488.4 501.4 512.4 524 536.2 549.2 561.8 574.9 586.8 596.9 608.5 619.9 629.6 638.7 647.7 656.1 662.9 669.4 675.8 682.3 687.5 693.5 699.7 705.8 711.6 718.2 724.6 733.6 745.5 756.6 765.7 773.2 775.5 777.6 777.4 776 774.8 769.7 763.1 753.9 740.9 723.6 705.6 687.1 670.7 655.9 642.7 629.5 616.2 603.8 592.4 581.5 571.3 561.2 551.1 540.9 534.4 523.9 517.6 512.1 504.7 497 489.3 481.6 473.9 468.5
