data/300000-780000.asc
ncols 200
nrows 200
xllcorner 300000
yllcorner 780000
cellsize 50
[rows 105 to 139 of 200, columns 0 to 77 of 200]
486.8 479 470.1 464.2 460.9 460.8 458.8 460.6 461.8 464.6 473.2 485.8 498.8 511.8 527 546.8 568.5 591.8 620.4 642.7 658.9 671.4 692.4 703.9 699.4 679 654.4 632.9 612.4 595.1 582.5 572.6 565 558.2 549.2 542.3 539.8 536.8 535.3 539.6 542.5 543.9 548.5 553.5 559.3 564.2 570.4 576 579.5 585.9 593.1 601 607.5 603.8 610.5 624.2 637.1 649.7 665.2 679.6 694.2 709.2 724.9 739.5 752.6 762.9 774.3 784.7 791.9 797.4 800 796.9 790 781.9 772.1 763.6 754.4 745.8
480.6 474.7 468.1 463.6 461.3 460 458.7 462.6 461.7 464.9 474.1 488.7 502.7 516.6 532.3 551.2 572.9 597.9 623.3 645.6 660.8 678 697.3 709.4 708.4 687.9 663.6 643.5 624 606.2 591.7 581 574.6 568.7 556.9 554.9 547.9 545 538.1 544.2 547.2 550.3 555.7 562.2 569.8 576.3 582.9 589.3 592.8 598.1 605.9 613.6 619.2 618.4 613.6 624.7 639.7 654.9 670.4 684.2 699.2 714 726.3 740.2 753.7 764.3 774.3 783.4 791.1 796.2 796.1 794 788.6 781 771.5 762.3 753.2 744
478.3 471.7 467.3 463.4 461.5 459.4 458.7 460.9 461.7 467.2 478.3 493.9 508.7 521.9 537.6 556 580.6 604 625.5 645.5 662.9 681.3 697.6 709.3 708.2 693 673 654.3 634.5 616.7 602.6 591.4 583 576.2 567.7 566.1 562 554.6 545.5 546.7 551 555.5 564.7 572.1 581.2 589.6 596.6 603.1 606.2 610.5 618.9 625 630.2 631 624.2 627.7 639.9 654.7 670.1 685.6 698.9 713.3 726.7 739.6 752.4 764.3 772.8 781.2 789.5 794.6 793.5 790.7 785.2 777.3 768.8 760 750.2 740.1
476.4 471.1 466.9 463.3 461.8 461.1 459 460.2 462.9 471.5 483.8 499.5 513.8 526.4 540.2 562.2 588.8 609.1 627.2 646.2 663.7 680.7 692.4 704.5 705.8 694 679.6 661 644.7 627.4 614.2 603.3 593.1 581.8 580.6 577 572.5 566.3 552.4 548 554.5 561.7 573.1 583.8 592.9 601.4 608.4 614 618.7 621.8 629.4 637.1 641.9 644.2 641.1 637.3 638.9 652.1 665.8 680.9 697.3 711 724.2 737.3 749.9 760.3 770.3 778.2 786.1 790.3 789.6 786.2 780.4 771.6 764.2 754.2 744.7 734.6
475.1 471.9 467.5 463.9 463.9 461.8 460.1 460.2 463.3 474.5 487.8 504.2 517.5 529.6 543.4 563.8 585.9 608.6 627.2 645.4 660.2 674.4 685.5 697.6 702.5 696.6 684 668.2 654.5 639.2 624.1 613.5 601.8 593.1 590.2 586.5 581.6 574.2 560.8 547 559.1 569.5 582.5 593.8 602.8 611.2 618.4 623.4 627.5 632.1 640.4 647.6 652.7 655.8 654.7 655.8 652.8 652.8 657.6 670.4 688.2 705.5 720.7 733.6 746.2 757.2 767.7 775.7 781.9 785 784.5 780.8 774.6 766.6 758 749 739.6 728.3
475.5 471 466.9 464.7 463.3 462.9 461 460.3 463.8 476.4 493.6 507.9 519.5 533.4 548.1 563.3 581.4 602.2 622.8 643.5 655.8 667.7 677.4 689.6 697.8 696.2 686.5 671.7 662.3 648.9 634.3 624 613.9 607.4 602.2 597.5 589.6 582.5 569 555.8 559.2 574.9 590.2 601.2 611.8 620.2 626.3 633.7 638.4 645 652.3 658.5 664.8 669 672.1 674.8 674.9 675.3 677.7 683.5 685.9 699.9 716.4 731.9 744.1 755.1 765.4 773 778.5 780.7 779.5 776.4 769.5 762.4 754.1 744.9 733.6 721.6
475 470.5 466.4 466.3 466.2 465.5 462.8 461 466.1 480.3 498.3 510.9 523.7 537.9 551.1 565.1 581.6 599.6 617.6 639.3 653.1 662.3 670.7 678.9 687.1 689.6 685.3 675.6 666.3 657.5 645.6 636 627.9 622.8 617.4 611.1 600.7 592.7 578.5 563 559.4 575 592.2 606.1 618.3 627.5 636.1 645.2 651.3 655.6 661.2 668.8 675.9 682.5 687.6 691.3 695.2 696.2 697.7 702.3 707.3 713.5 719.2 731.7 744.6 755.5 764.7 772.1 777.3 778.4 776.3 772.2 764.7 757.7 750.2 740.3 727.6 715.8
476.2 470.7 467.1 469.5 469.8 467.7 464.1 462.8 471.5 485.1 500.4 514.6 527.3 539.7 552.5 568.4 583.2 600 615.7 633.5 648.6 658.4 664.7 672.9 677.5 680.3 679.8 673.9 667.7 661.5 655.2 648.2 641.4 636.6 631.9 624.4 614.8 603.1 588.6 570.6 559.7 573.8 591.1 607.8 621.9 632.7 641.9 651.8 658.8 664.7 670.6 677.4 685.1 691.8 699.2 705.4 711.8 714.9 716 720 725.2 729.8 734.1 740.2 752.3 762.6 770.5 776 779.4 778.1 772.8 768.9 760.6 753.2 746.2 734.2 721.9 710.6
477.3 470.2 469.9 472.5 471 468.2 462.7 463.7 476 489.2 503.9 517.2 529.9 541 553.2 567.4 581.9 598.4 614.3 628.8 641.2 652 658.7 665.9 668.2 672.1 671.2 669.2 666 662.1 658.9 657.6 655.2 651.7 645 636.5 627.2 613.9 597.9 577.8 563.5 573.7 589.2 607 622.7 635.8 644.4 654.6 662.3 671.5 679.3 685.3 692.5 699.8 707.6 717.1 727.3 733.3 737.5 740.8 743.5 743.4 747.1 752.3 761.2 769 775.3 779 781 778.5 773.4 766.7 757.9 750.8 742 729 717.6 706.4
475.2 470.9 473.3 473.5 469.6 465.1 462.3 466.8 475.5 488.8 505.1 518.1 529.9 541.8 553.2 566.5 581.9 597.4 610.7 624 637.5 645.3 654.1 659.4 661.6 662.7 663.9 664.4 663.9 661.6 659.1 660.2 660.5 659.5 654.3 647.2 637.8 625.5 607.7 587.1 572.9 572.8 587.7 606 621.6 637.8 647.6 657.3 666.1 674.4 682.4 688.9 697.9 706.6 716.8 727.3 738.8 747.5 752.2 756.9 759.3 763.1 765.5 768.2 771.4 775.3 779.3 782.1 782.6 779.5 774.1 766.4 756.4 748.8 737.9 724.7 715.8 704.4
474.8 472.1 472.7 474.9 468.7 463.1 463.3 469.4 478.1 491.8 506.2 519.4 530.1 539.9 552.1 567.2 582.7 595 606.9 620.4 633.9 642.9 648.3 652.9 654.4 654.6 657.6 660.5 660.4 658.9 655.1 657.2 659.1 660.8 658.4 653.8 644.4 633.3 618.1 598.4 580.1 573.8 587.6 604.5 620.3 636.6 648.7 659.2 668.7 676.9 684.8 693.1 702.9 712.8 722.5 733.4 745.3 755.2 762.3 769.5 773.2 775.7 775.7 777.1 779.3 782.2 785.5 786 785.4 782.2 774.9 766.4 755.6 745.5 733.7 723.9 715 703.3
471.9 471 473.7 472.5 467.6 464.2 467.3 475.6 483 492.7 503.1 515.2 526.6 538.2 552.6 568.6 582.3 595.6 605.8 618.7 631.2 638.8 641.8 644.6 646.2 645.3 647.6 650.5 653.8 655.1 651.1 653.6 657.9 662.7 663.1 658.9 651.4 641.3 626.9 607.8 588.3 573.6 587.4 602.9 622.3 637 650.1 660.6 671.1 679.3 687.2 696.2 705.6 716.6 725.7 737.5 749.2 761.3 769.7 776.1 781.5 784.8 785.5 786.2 787.8 789.1 790.7 790.7 788.9 784.6 776.9 763.7 753.4 743.1 732.9 723.9 713.6 703.5
469 470.7 469.4 468.6 465.4 465.6 469.2 477.4 485.8 491.8 501.8 513.3 523.8 535.2 549.5 566.5 580 593.4 604 615.3 625 631.7 634.8 636.2 637.7 637.9 636.7 638.8 643.8 648.6 647.7 652.6 659.5 666.7 669.4 664.7 659.4 651.5 636.7 618 596.8 579.6 587.4 602.4 619.3 633.9 647.6 660.1 671 680.4 689.3 698.2 706.8 717.5 727.7 738.9 752 762.8 772.8 780.9 787.8 791.9 794 795 795.7 796.3 796 795.1 792.8 786.5 776.2 763 751.5 741.1 732.1 723.1 711.8 703.6
471.2 468.8 466.4 465.8 465.2 466.7 471.5 479.7 486.1 492.2 502.2 514.1 522.9 533.6 546.9 561.7 575.3 588.7 600.4 609.9 617.6 621.5 627 628 629 631 631.8 633.4 635.7 637.1 644.1 651.5 660.4 667 670.3 668.2 664.1 657.7 645.4 628.1 606.6 588 590.5 603.5 620 633.9 646.5 659.7 670.9 681.9 691.1 699.1 708.2 718.2 728.2 739.9 753 764.2 775.3 785.4 793.8 798 800.4 802.5 803.1 803.6 803.5 802.1 796.1 788.1 772.8 761.5 751.2 740 730.3 719.9 710.8 708.4
471.2 467.7 465.7 466.8 467.5 470.5 473.5 481.4 487.4 493.7 503.1 513.6 521.5 528.6 538.5 554 568.2 579.2 589.7 599.1 604.2 608 617.6 620.9 622.6 625.1 626.1 626.6 629.8 630.9 643 652.8 659.8 665.5 669.5 671.5 669.6 663.8 653.5 635.6 615.3 595.8 592.9 604.5 617.4 632 645.9 660.2 672 683.8 692.9 698.3 707.5 718.2 728.5 738.8 751.1 764.2 778.1 788.9 797.2 803.3 806.3 808 809.3 809.7 809.5 807.1 797.3 786.7 770.8 759 749.8 739.2 726.4 717.7 708.3 717.1
471.8 468.2 467.6 468.6 470.2 472.4 474.2 479.2 485.4 492.6 505 508.9 512 515.7 523 532.9 549 560.9 572.3 579.1 584.2 592.6 599.2 608.8 611.7 614.7 617.3 621.6 620.8 632.7 644.6 652.4 659.3 664.9 669.8 673.8 674.5 670.2 661 643.5 625.1 605.4 593.1 605.4 621 635.1 647.8 661.5 673.1 684.3 692.5 697.6 706.1 718.4 730.5 741.4 752.4 762.4 777.4 791.3 799.2 804.9 809.2 812 814.7 814.7 814.5 809.8 799.6 783.5 769.9 757.6 745.6 734.9 723.5 715.3 715.8 722.1
470.8 468.2 467.3 470.2 472.3 473.5 475.7 479.8 487 497.2 503.9 505.4 518 527.9 534 540.9 546.9 542.3 548.8 553.9 560.9 567.5 584.9 596.1 602.5 602.7 610.4 612.2 625 634.2 643.4 651.9 660.6 667.3 672.3 676.9 678 674.5 666.9 651 633.3 614.6 598.6 605.9 621 638.8 652.3 665.1 677 685.4 693.3 701 708.7 719.4 731.8 742 752.9 764.5 780.7 793.6 800.6 805.9 811.6 816.6 819.8 819.9 817.9 811.6 799.3 781.9 769 754.2 740 729.5 722.1 715.6 719.7 724.2
469.8 468.6 467.1 470.5 471.3 474.5 477.6 481.5 491.5 498.3 501.3 515.2 525.8 533.3 542.3 554.4 564.8 570.8 575 580.2 577.3 592.6 586.5 584.6 589.9 599.6 609.8 620.2 628.4 635.6 644.3 653.8 662.2 668.3 673.8 678.8 679.3 677.7 673.4 660.6 642.8 624.7 609.7 606.8 616.8 634 650.8 663.9 673.7 682.7 690.3 699.9 708.5 718.9 731.7 740.1 750.2 762.4 779.9 792.1 800.4 808.1 814.6 820.5 823.9 825.5 821.9 813.8 800.6 783 767.2 751.2 736.6 726.9 721.2 720.8 724.5 727.8
470.3 469.3 467.7 469.8 471.6 474.9 479.2 481.9 485.2 494.7 507.3 517.5 528.5 536.5 549.5 566.1 581.5 591.4 596.7 601.3 603.1 605 602 604.5 605.8 612.3 613.9 616.6 629 636.8 645.5 653.3 661.5 667.9 673.2 676.9 680.9 681.3 679.1 670.9 653.9 636.4 621.6 611.9 614.6 625.3 639.5 652.5 659.2 667.9 678.3 689.5 703 714.9 726.2 735.7 746.1 759.7 777.4 789.7 801.4 810.2 818.5 825.1 828.2 828.4 824 814.4 800.9 782.6 764.7 749.1 734.5 727.1 723.5 723.1 727.7 730.8
470.7 469.7 467.2 469.8 472 475 479 485.2 490.4 497.2 508.4 517.4 528.9 540.1 555.3 574.5 591.2 605 616.6 621.2 622.1 619.1 616.6 615.5 614.2 618.9 623.9 627.2 630.4 634.8 644.8 652.6 659.7 667.2 673.9 679 683.9 685.9 684.3 679.6 665.3 648.7 633 624.1 619.5 618.6 623 629.6 638.7 650.2 662.8 678.2 697.7 707.3 721.8 734.5 746.2 758.3 773.4 788.4 802.2 813.3 823.1 830.7 832.8 831.1 824.3 813.9 797.5 778.2 762.4 746.6 735.7 732.4 729.9 729.4 729.9 734.3
470.6 468.4 467.2 469.1 471.6 475.1 479.6 484.9 491.2 501.2 513.4 525.3 535.8 546.1 559.7 581.9 598.8 614.4 629.8 637.5 636.8 634 629.7 625.9 624 625.6 630.2 634.2 638.1 641.7 647.4 654.3 662.4 670.1 675.9 681.2 686.9 690.1 689.3 685.2 676.5 661 650.7 640.4 635.9 634 637.1 640.9 646.3 650.2 657.2 669.2 681.2 703.3 721 736.2 747.4 759.3 776.5 793.2 807.1 819.2 828.5 834.1 835.4 832 823.5 809.3 791.3 774 758.5 744.5 741.1 738.7 736.5 736.2 736.4 739.2
469.4 468.6 468.4 469.8 472.7 477.5 482.3 487.7 496 506.2 517.9 530.2 540.5 554.8 565.3 584.1 604.1 623.3 640.8 648 646.1 644.6 640.8 635.7 633.9 634.1 637.2 640.9 644.7 649.3 653.6 659.1 667.4 673.7 679.6 685.4 690.6 693.2 693.9 691.1 685 675.1 668.4 660 653.6 652 655 653.5 658.8 667.2 676.4 686.4 700.4 714.2 729 741 752.4 763.2 783.3 800.1 812.9 825.9 832.6 837.1 836.5 830.4 820.6 802.5 785.9 769.9 758.4 754.1 751 746.4 744.3 743.9 744.9 750
469.5 467.8 469.1 470.6 473.9 477 482.9 489.2 497.4 508.4 519.3 531.7 544.3 559 571.7 588.8 609.7 632.1 648.1 657.6 655.9 652.8 649.8 646.9 645.6 644.7 647.4 651 655.4 659 662.7 665.9 673.6 678.5 683.9 690.3 695.1 697.3 698.2 697.1 694.2 689.7 684.5 681.2 672.2 674 676.6 673.4 677.6 684.9 693.9 702.6 711.5 724.2 735.3 745.9 757 769.9 788 803.4 818.9 831.1 836.5 839.3 836.9 830.1 817.4 800.3 785.3 775 770.3 766.7 762.8 759.6 756.4 754.4 758 765.5
470.2 468.6 472.5 472.3 473.5 476.4 483.5 490.5 499 509.4 521.2 534 548 563.8 578.2 592.5 615.4 638.7 656.2 662.2 660.7 659.9 658.9 657 656 656.1 658.9 661.6 665 669 670.8 673.6 678.6 683.6 689.7 695.1 699.6 702.3 703.2 703.6 702.3 700.1 697.1 695.7 690.5 695.3 695 693 693.2 694.3 707.4 715.9 724.1 733.4 742.2 751.4 763.9 778.2 795.8 812.9 827.1 837.7 842.7 844.7 840.8 833.3 819.4 801.4 791.2 787 782.1 780.3 778.9 777.2 772.4 768.9 769.4 777.2
469.5 468.9 470.8 472.3 474.3 480.3 485.7 493.1 502.9 514.1 527.2 539.9 553.3 570.3 584.8 601.2 625.8 650.1 660.3 663 664.5 663.7 663.6 664.3 664.2 665.1 668.5 671 673.3 676.5 678.2 681.9 685 690.3 694.8 698.5 702.5 706.1 706.9 707.8 707.4 708 705.7 705.9 705.9 708.5 709.5 709.2 710.8 714.3 718.1 725.9 733.3 740.6 748.9 758.6 772.9 788.3 807.1 822.8 836.9 846.3 851 852.1 846.7 836.1 821.9 806.7 804 800.5 800.3 796.2 798.1 797.6 791.5 786.9 788.2 790
469.9 469.2 471.2 474.1 479.2 484 489.4 498.3 506.9 520.1 533.2 545.3 558.5 574.4 591.4 610.4 636.2 657.5 666 669.6 668.8 668.1 667.4 668.7 669.9 671.4 674.6 677.8 680.5 683 685.1 687.4 690.3 694.5 696.5 699.3 704.3 705.4 707.4 709.6 709.6 711.1 712 713.3 714.9 716.7 719.6 721.1 722.3 725.9 728.1 733.3 739.7 746.5 754.8 766.2 779.9 797.3 815.9 833.2 847.2 855.2 859.4 858.6 851.5 839.3 827.1 822.9 821.4 820.2 818.4 814.9 813.6 813.6 812.3 808.7 806.3 806.5
470.5 471.1 471.7 472.1 481.2 487.6 493.1 501 511 523.3 534.9 548.8 564.4 586 602.8 619.3 644.2 663.2 670.6 673.1 672.4 671.2 671 672.1 672.4 675.7 680.2 683.6 685.4 687.3 689 691.4 693.1 694.4 695.8 697.6 700.9 703.2 708.8 709.4 711.4 713.6 717 719.7 721.5 723.5 727.1 728.9 730.1 732 734.7 738.8 743.6 750 758.9 773.4 788 804.1 822.4 840.6 854.6 861.8 865.5 865.1 858.5 846.9 839.4 838 837.4 834.8 831.9 828.1 826.1 826.2 825.2 822.2 818.5 814.8
472 472.4 473.5 475.7 485.8 492.1 496.6 506.8 516.4 526.1 537.5 553.9 569.9 591.2 609 629 649.7 667.3 674.4 676.2 674 671 671 670.9 672.8 676.9 683.7 687.2 688.4 688.1 688.8 689.8 690.6 691.4 693.4 695.7 697.2 701.5 705.6 707.2 710.8 716.4 719.7 724.2 726.1 728 730.8 733 734.4 736.9 739.2 741.4 745 753.2 764.5 779.7 794.1 810.6 827.3 845.4 857.7 866.2 870.4 870 864 856.7 853.4 851.4 847.8 843.9 841 839.7 837.4 836.2 834.1 828.6 821.9 824.2
473.1 475 476.9 477.9 489.4 498 502.7 512.2 521 529.8 541.5 556.2 573.4 593.9 614.8 636.6 652.4 666.9 676.6 675 673.3 668.9 668 668.3 671.2 674.3 678.8 680.4 681.1 681.6 683.3 684.5 685.9 687.7 689.9 692 693.3 698.2 702 704.4 710.8 716.5 719.9 724.6 726.8 728.6 731.4 733.2 734.7 737.2 739.3 740 743.8 755.3 768.9 786 799.8 813 828.1 842.6 855.4 865.8 871 874.5 874.6 868 863.3 858.5 855.8 855.2 849 845 842.3 839.9 836.1 829.4 829.4 831.3
473.8 476 477.8 478.8 489.7 495 503.3 511.8 518.6 530.4 542.9 557.3 575 594.2 617.7 637.2 648.8 663.2 672.8 672.3 666.7 664.5 664.5 667.3 669.7 671 672.9 673.3 673.9 674.4 676.1 678.5 681.1 683.8 684.6 686.3 687.9 692.2 695.8 700.6 707.1 713.5 718.3 723 726 728.7 730.1 731.2 734.8 735.5 735.5 733 739.7 754.8 768.6 783.5 797.5 808.5 819.9 831.8 843.8 856.2 866.4 869.1 864.9 858.9 853.8 852.3 850.7 849.3 846.5 842.7 839.7 835.9 831.3 830.6 833 838.4
474.5 476.5 479 481.2 484.7 496.2 502.4 501.1 506.5 526.9 544.3 560.2 576.5 594.7 614.8 630 640 655 664.5 665.4 659.6 657.4 662.5 666.3 667.7 669.1 670.4 669.6 669.7 670.8 672.3 674.4 677 679.8 681.2 682 683.8 687 691.4 696.1 702.5 709 714 718.5 721.6 724.9 726.5 728.9 730.7 730.2 726.1 720.8 727.3 744.8 760 770.4 780.7 793.8 805.7 812.8 823.2 837.8 847.9 850.4 849.8 848.6 846.6 844.5 841 836.9 835.3 832.8 830.8 826.3 823.8 830.7 837.4 844.3
475.3 476.3 478.2 482.1 496.1 510.2 518.2 519.9 518.3 518.6 543.2 557.3 572.2 590.7 606.5 618.5 628.8 639.7 646.5 652.5 650.6 651.3 661.5 664.3 665.6 667 667.2 666.3 666.2 667.6 669.9 670.7 673 675.8 677.9 679 680.8 684.2 688.4 693.2 698.7 704.3 709.3 712.8 715.4 717.2 718 720.8 722.8 720.1 709.7 708.1 716.9 726.9 737.5 747.9 760.4 774.1 782.6 791.7 800.9 815.8 825.9 829.9 830 832 834.3 829.2 824.9 821 817 814.2 812.8 812.7 820.3 832.4 839.6 846.9
474.5 475.7 477.4 484.9 501.5 512.8 521.3 525.5 528.3 519.8 533.4 551.7 564.7 580.3 592.1 601.9 611.2 622.8 631.8 636.9 636.8 641.1 650.4 656.9 662.8 664.6 663.9 662.7 662.2 664.3 666.8 667 670.2 673.6 676.7 677.2 679.4 682 685.4 690.4 695.3 699.4 703 705.6 708 708.7 702.6 705.3 708.6 703.9 701.3 699.2 699.2 708 720 729.8 740.2 752.4 761.9 765.9 777.8 794.2 803 810.2 816.5 819.6 818.4 812.3 805.8 799.7 796.1 795.4 795.3 805.2 819 830.3 838.3 847.3
475.9 475.8 477.5 491.2 506 510.8 522.7 532.5 538.1 536 524.5 533.2 547.4 561.9 572.8 582.2 592.4 602.7 613.3 619.8 620.3 628.8 637.9 646.3 650.9 657.5 659.8 658.7 657.5 658.9 661.1 662.9 668.3 670.8 673.5 676.4 678.1 680.8 682.9 686.7 689.8 693.5 696.2 697.8 698 695.5 687 687.7 692.3 695.9 696.5 693 689.6 700.3 710.3 715.2 721.2 732.4 737.4 744.8 756.1 776.2 787.2 791.9 793.7 796.9 795.8 791.2 784.6 778.5 775.7 776.6 783 799.3 814.9 826.7 836.2 849.9
476.3 476.7 478.9 495.9 505.6 520.1 537.3 549.1 552.5 550.6 547.2 547 538.6 539.3 550.2 558.7 569.6 580 593.2 600.1 603.7 614.5 624.4 631.8 636.8 644.2 650.7 652.1 651.5 649.8 655.6 664.1 668.8 671.7 675.4 675.5 677 678.6 680.5 682.2 684.5 686.6 688.8 688.5 686.7 683.7 675.9 677.3 685.5 693.6 691.6 687.6 685.5 696.9 705.5 705.6 705.1 714.6 716.9 729.7 742.8 763.8 777.8 785.9 782.3 777.4 777 772 765.2 760 759.7 762 779.1 796.7 812.2 824 836.1 852.5
