data/300000-80000.asc
ncols 200
nrows 200
xllcorner 300000
yllcorner 80000
cellsize 50
[rows 37 to 73 of 200, columns 0 to 83 of 200]
46.9 47.4 48 48.6 49.4 51.6 54.5 57.6 61.4 64 66.1 67 67.4 68.7 70.8 74.2 78.3 79.7 82.6 85.5 88.6 91.4 92.3 91.9 87.5 82.3 76.8 73.7 73.3 74.7 75.8 78 79.8 82.4 85.2 86.9 89.1 91.3 93.2 95.5 98 101.4 105.2 109.1 112.3 114.2 116.5 117.1 117.1 116.5 116.6 117.2 117.5 116.3 118.4 124 126.2 128.1 130.6 133.3 136 139.9 145.1 147.9 151.2 152.2 152.9 153.6 155 156.4 160.1 158.8 158.9 159.5 161.4 162.9 165.6 171.5 173.7 173.8 172.1 170.7 167.7 165.6
48.1 48.3 48.7 49.5 50.7 52.6 55.3 57.9 61 64.3 67.6 68.1 67.7 69.9 72.1 74.7 78.4 80.6 83.2 86.9 89.8 92.7 91.9 91 85.1 81.2 77.4 75.4 75.4 76.6 78.2 81.1 82.2 84.1 86.3 89.6 92 93.7 95.4 97.8 100.3 104.5 109.1 113.8 117.5 118.7 120.1 120.9 119.5 119.1 119.2 119.6 120.3 119.7 119.4 125.7 127.3 128.8 132.1 135.3 137 139.7 145.6 149.9 152 153.3 154.6 156 157.1 158.2 159 159.3 159.4 158.8 162.5 164.7 169.8 175.6 174.7 173 170.8 168.9 167.3 164.6
49.6 49.5 50.5 51.4 52.4 53.3 55.8 58.3 60.4 63.2 66.2 67.4 69.3 71 72.9 76 78 80.7 83.4 88.9 92.3 92.8 90.5 87 82.8 79.4 78.9 79.1 78 79.5 81.9 83.7 84.7 85.9 87.8 91 93.5 95.9 98 100.3 103.5 108.1 113 116.7 120 121.4 123.2 124.3 123 121.6 121.7 122.5 122.9 122.6 120.2 123.8 129 130.5 132.4 134.9 138.1 141.2 145.2 149.9 153 155 156.5 157.6 158.8 160.6 161 161.5 161.6 164.5 167.8 173.5 174.6 173.8 172.3 170.3 168.6 167.2 164.9 162.7
51.2 52.1 52.9 53.8 54.8 55.9 56 58.4 60.5 62.3 65.7 68.1 69.5 71.2 73.4 75.5 77.6 80.9 82.5 89.3 92.1 91.6 87.6 82 77.5 76.3 75.9 77.3 80.1 80.8 82.8 84.3 85.8 87.7 89.3 91.6 93.8 97.2 100.1 102.6 105.8 110.7 114.9 117.7 120.8 123.2 125.7 126.2 125.9 123.5 123.3 124.4 125.2 125 125.2 125.7 129.7 132.2 133.9 136 139.1 143.2 147.5 152.4 156.5 157.8 158.6 159.9 161.8 164.1 168.3 168.4 167 171 172.4 172.6 172.3 171 169.4 167.3 164.9 163.3 161.8 160.7
54.3 55.5 55.9 56.4 57.6 58.3 58 59.9 61 62.7 66.2 68.4 70.2 71.5 72.4 75.2 77.3 81.6 83.6 86.8 89.5 88 83.5 78.3 74 72.6 73.4 75.5 78.5 80.6 82.2 83.8 85.9 88 89.8 92 94.2 97 101.4 104.9 108.5 112.2 114.7 117.7 120.6 123.4 125.5 127.7 128.2 125.5 125 126.2 127.1 127.2 131.3 132.8 128.5 134.2 136.4 138.7 141.6 144 149.6 156.1 162.4 164 164.3 165.6 169.1 170.4 170.2 170 170.1 170.4 170.3 170.2 169.8 168.6 166.7 164.7 161.8 158.4 158.3 157.7
56.2 58.1 59 59.2 59.9 60.5 60.4 60.8 61.9 64.1 67.1 68.9 70.7 71.6 72.2 73.6 75.9 78.2 81.4 85.6 89.3 86.6 80.6 75.9 72.6 71 71 72.1 75.9 79.1 80.9 82.7 85 87.3 89.6 92 94.1 97.3 102.2 105.8 109.3 111.5 114.2 116.7 119.6 122.3 125.2 127.4 128.7 127.7 126.7 127.9 128.8 129.9 132.1 135.5 137.7 138.1 138.2 142.2 144.8 149.5 152.8 159.7 171.7 175 172.5 170.7 168.6 167.5 166.7 166.5 165.8 166.7 166.5 166.5 167.5 166.9 165 161.9 156.3 152.6 153.6 152.9
56.3 59.2 60.6 61.3 61.7 62.7 62.7 62.8 64 66.2 68.5 70.7 71.7 71.7 71 70.9 69 70.9 77.3 83.1 84.8 82.8 78.3 74.9 72.2 70.1 69.3 71.1 75.6 78.1 79.5 81.8 84.4 87 89.3 91.7 94.1 98.4 102.8 106.3 108.2 110.7 113.5 116 118.6 121.2 124.1 126.9 128.9 130.1 129.4 129.2 130.1 132.4 134.1 136.1 138.4 140 142.2 145.6 146 150.1 154.1 160.3 169.3 174.7 171.9 167.9 165.7 164 161.9 160.5 160 160 160.1 163.4 165 164.8 162.8 160.1 155.6 150 147.9 147.4
50.1 56.1 59.8 61.7 62.7 63.7 64.8 65.5 67.8 69 70.9 72.5 73.2 74 72.1 68.3 65.9 70.3 77.2 78.9 78.4 76.8 74.4 72.8 71.4 69 66.9 71 74.1 76.3 78.7 81.2 83.8 86.4 88.9 91.6 94.7 99.5 103.4 105.7 108 110.4 112.9 115.5 118.1 120.9 123.3 125.8 127.9 128.5 126.6 126.4 127.1 130.8 136 136.2 138.3 139.9 142.1 146.5 149.6 153.5 156.1 161.6 174.1 174.9 171.2 165.2 161.3 159.8 158.3 156.1 154.7 153.6 152.9 157.9 160.1 160.6 160.1 157.4 155 151.1 145.2 142.9
45.5 50.5 55.9 59.2 60 61.9 63.7 66.4 71.5 72.9 73.5 75.5 77.8 80.1 74.4 68.4 64.3 67.7 72 74.1 72.8 68.2 68.3 68.5 67.8 66.1 64.6 68.7 71.5 74.5 77.5 80.5 83.2 85.6 88.2 91.4 95.4 99.7 102.9 105.4 107.8 110.2 112.5 115.2 117.6 120.6 122.5 125.5 126.3 123.3 120.8 121 121.4 124.7 128.5 131.8 138.6 141.5 142.8 147.3 150.8 155 157.8 163 175.8 174.7 170.9 164 158.8 155.9 154 152.5 151.3 149.8 148.5 148.2 154.4 155.6 155.6 154.6 152.7 149.1 143.5 141.9
43 46 49.8 53 55.4 57.1 60.2 66 72.2 74.9 76.1 77.9 79.3 81 75.3 67.7 62.8 62.9 65.4 68.3 68.5 67 63.8 62.6 62.1 63.3 64.7 67.6 70.2 72.8 75.4 78.8 81.3 83.7 86.5 89.8 93.5 98.4 101.6 104.2 106.3 108.4 112.7 115.6 118.3 121 123.9 125.4 123.1 118.4 117.1 116.7 117.2 119 121.5 125.5 132.4 139.3 139.5 146.4 150.5 155.1 159 164.4 177.1 175 171.6 165.5 158.4 154.8 151.6 149.5 147.8 146.3 144.7 143.8 144.2 148.2 150.3 150.3 149.1 146 138.1 139.2
40.5 42.5 46.7 48.2 50.2 55.1 59.8 66.3 72.9 76.2 76 78.3 79.7 81.1 78.7 68.7 62.6 58.9 59.6 63.2 64.9 64.8 62.6 59.6 60.1 60.7 63.7 66.4 69 71.5 74 77.5 80.2 82.7 85.2 88.5 91.5 96.2 99.9 102.1 104.2 108 112.6 115.7 118.7 121.6 123.8 124.4 119.8 114.7 114.7 114.3 114.8 116.5 119.9 124.1 128.5 132.8 135.5 142 149.3 154.6 159 167.6 178.9 175.3 170.7 164.9 158 154.4 151.1 147.7 145.6 143.9 141.8 140.2 140.1 140 144.8 146 144.6 141 133.3 138.7
40 44.9 52.1 53.7 53.3 57.4 60.7 63 68.6 72.1 75.2 75.8 76.3 77.4 77.3 71.3 64.1 59.8 57.4 58.8 61.7 62.4 60.8 59.1 58.4 60.9 63.3 65.9 69.2 72.3 76.4 78.4 79.4 82 85.7 87.3 93.1 96.7 99.2 102.4 105.4 108.5 111.9 114.9 118 120.6 121.8 122.2 117.5 112.2 111.7 111.7 112.8 116.1 119 122.2 123.4 129.6 138.5 143.7 147.2 154.7 159.7 166.4 178.6 176.1 171.3 165.5 158.3 154.7 151.7 149 147 144.6 142 139.4 136.7 135.9 137.9 140.9 137.5 133 130.2 130.1
41.1 45.9 51.9 55.6 57 59.6 62.6 61.4 62.3 64.7 68.8 71.9 72.7 72.2 73.3 73.7 69.6 64.3 58.7 56.9 57.7 58.9 59 56.1 57 60.2 63.2 65.8 69.2 72.6 76.1 78 78.8 82.1 85.7 89.3 93 96.3 99.9 103 105.8 108.1 110.7 113.7 116.6 118.9 119.2 119.3 115.9 109.4 108.9 110.1 111.7 114.3 117.1 121.2 125.8 129.2 133.5 140.7 148.5 155.2 160 166.1 179 176.4 172.2 166.3 158.9 155.4 152.6 150.5 148.2 146.3 144.1 141.6 139.3 133 132.3 133.1 130.7 127.8 126 124.9
41.8 44.9 49.9 54.8 59 61.2 61 59.6 57.6 58.9 64.1 68.5 69.7 69.3 68.5 68.3 67.5 64.3 59 55.1 54.7 55.2 56.1 55.5 56.7 59.6 63.1 66.3 69.7 72.3 75 77.2 78.6 82.5 86.1 89.5 92.7 95.9 99.3 102.4 105.1 107.2 109.6 112.7 115.7 116.8 115.9 114.4 110.9 105.2 100.5 107.6 108.7 112.2 116.7 121.8 125.5 129.2 133.2 140.8 149.7 155.3 160.1 169.8 178.3 178.1 173.4 168.4 159.5 155.9 153.2 150.6 148 146 143.9 141.3 139.1 134.8 129.3 128.1 126 123.8 121.9 121
41.1 43.9 47.2 52.8 58 60.2 59.4 56.7 54.2 55.6 61.9 66.6 66.9 67.3 65.5 63.8 63.3 62.1 58.7 55.6 53 53.3 52.2 52.6 56.5 59.2 63 66.5 69.3 71.4 73.8 76.5 78.6 82.2 85.7 89 92.3 95.5 98.7 102 104.4 106.5 108.6 111.3 114.4 114.4 113.7 111.7 106.7 98 96.9 98.9 107.7 114.2 117.2 122.2 125.7 129.2 133.5 141.6 150.3 155.9 159.4 169.8 178 178.1 174.1 169.4 164.1 156.3 153.5 150.7 148 145.3 142.3 139.4 137 134.4 129.5 124.9 122.6 120.4 118 117.4
40.1 42.8 45.3 50.2 54.9 57.2 55.3 51.6 51.7 53.9 58.8 63.9 64.5 65.2 64 61.6 60.3 59.2 57.8 56.2 53.1 50.5 50.8 53 56.2 58.9 62.7 66.1 68.9 70.8 72.8 75 78.2 81.3 84.7 88 91.5 95 98.5 101.6 103.7 105.8 107.9 110 111.5 112 111.4 107.4 97.4 96.1 105.6 107.4 111.1 116.5 119.9 123.1 127.5 131.6 135.5 144.9 150.7 156 159.8 165.3 176.3 176.5 173.7 169.4 164.8 159.6 154.1 150.8 147.6 144.4 141.2 138 135.3 132.6 129.1 126.1 123.2 119.5 117 114.4
38.7 40 42.5 47.5 50.2 51.2 48.4 51.5 55.1 56.9 60.5 61.4 62.2 61.8 61.4 59.5 56.7 55 55 53.6 52.6 49.6 51 52.6 55.5 58.9 60.5 65.1 67.2 69.2 71.9 75.1 77.7 81.7 85.5 88.6 91.5 95 98.2 101.2 103.5 105.6 107.6 109.1 109.6 110.1 108.1 97 94.1 102 109.6 110.5 116.1 118 120.7 125.3 129.3 134.6 138.8 146.3 151.1 156 160.1 165.9 174.6 174.2 171.8 167.6 163.4 160.2 155.6 150.9 148.2 145.3 142.2 139.5 136.3 133.8 131.2 128.1 125 122.1 119.4 115.9
36.8 38.3 40.6 44.3 45.3 45.1 48.4 53.6 55.6 56.8 56.9 61.3 60.1 59 58.9 57.4 55.2 53.5 50.9 52.4 47.5 48.6 50 52.8 55.9 58.7 61.8 64.7 65.8 67.8 69.9 73.4 76.7 80.5 85 88.6 91.6 94.4 97.6 100.5 103.5 105.3 106.6 107.5 107.7 106.9 98 93.7 102 108.7 113.6 120.1 123.8 126.9 129.3 130.4 134.6 137.4 141.2 147.5 156.2 162.5 165.4 169.4 172.4 170.9 169.4 165.3 162 160.4 158.2 155.5 151.1 147.4 145.6 142.7 137.6 135.2 131.3 129.1 126 123 120.1 116.7
35.8 37.1 38.7 41 42.6 46 50.8 53.5 55.3 56.8 58.7 60 56.4 54.8 54.9 53.9 52 51.3 50.1 47.4 47.4 48.2 49.7 52.5 55.2 58.5 61.5 63.9 65 66.5 68.8 71.9 74.9 78.4 82.8 87.2 89.9 93.3 96.6 99.6 101.7 103.5 104.5 105 104.6 100.7 89.8 99.5 106.6 114 119 122.2 124.8 128.5 132.5 136 138.6 140.8 143.3 151.8 167.1 168.9 169.4 170.4 169.9 168.7 165 162.6 161.2 160 157.8 156.3 154.6 151.9 148 145.1 138.7 134.7 130.7 128 125.5 123.1 120.4 117.4
34.7 36.3 38.2 40.6 42.4 47 50.8 52.1 53.7 55.2 57.2 57.1 52.6 48.8 49.4 50.2 48.4 48.2 47.8 44.2 46.4 47.9 49.4 51.6 54.6 57.9 60.5 61.9 62.5 63.8 66.8 70.4 73.9 77.1 81.7 85.9 89.3 92.5 95.5 98.2 100 101 101.6 101.2 100 91.9 93.7 103.3 110 115.8 119.6 122.6 125.9 129.9 133.9 137.1 138.9 141.4 144.1 151.1 166.3 169.2 169.8 168.3 167.3 164.6 162.4 160.6 159.8 158.5 157.3 156.7 154.1 151.6 149.1 145.4 138.6 134.4 130.7 127.8 125.5 123.2 120.6 118
33.8 36 38.5 41.2 43.3 46.3 49.1 50.9 52.1 53.7 55.7 53.2 48.2 45.1 45.2 46.5 45.3 44.2 43.5 44.6 46 47.9 50.4 53.1 55.4 57.5 59.1 59.9 60.1 63.4 66.8 70 73.5 77.4 82.4 86.1 89.2 92.4 95.4 96.9 98.1 99.1 99.3 97.8 94.6 88.6 97.2 104.9 109.9 114.8 118.9 122 125.6 129.8 133.5 136.1 138.2 140.5 143.1 148.5 161.8 168 166.8 165.9 164.2 162.3 160.3 158.2 156.7 156.2 155.6 154.6 151.9 148.6 145.8 140.6 137.3 133.2 129.8 127.2 125.4 123.1 120.9 118.3
32.8 35.3 37.5 40.2 43.5 45 48.5 50.1 51.1 52 53.4 51.1 45.6 42.8 42.5 41.7 42 42.5 42 44.1 46.6 49.4 51.1 53.1 54.9 56.2 56.7 59 61.2 64.1 67.6 71.1 74.8 78.3 83 86 89.1 92.3 94.9 95.6 96.5 97.4 96.7 95 88.5 90.5 100.4 105.6 110 114 117.6 121.4 125.1 129 132 134.6 136.4 138.5 141.1 145.2 159.2 165.9 164.7 163.1 161.6 159.1 157.1 155.1 153.2 151.8 151.1 150.7 150.3 146 141.2 137.5 134.2 131 128.2 126 124.1 122 120.3 118.7
32.2 34.2 36.5 39 43.7 47.3 48.8 49.2 48.9 46.3 46.2 44.1 41.6 40.3 39.5 40.3 41.1 40.9 42 45.4 47.5 49.1 50.6 51.8 53.3 54 56.9 59.6 62.3 64.8 68.2 71.8 75.7 79.6 82.9 85.9 89 92.1 94.3 94.6 95.4 95.4 94.3 89.9 83.3 91.4 99.3 103.5 108.2 112.2 115.1 119.7 123.6 126.9 129.4 131.9 134.1 136.5 139.1 142.5 154.6 162.6 161.8 160.8 159.1 156.4 153.7 151.7 150 148.6 147.6 147.2 147.5 146.2 143.1 139.2 134.5 132.5 128 125.4 123.6 121 118.4 116.7
31.9 33.7 35.8 38.5 44 47.5 48.4 48.5 47.6 43.5 40 38.1 37.8 37.7 38.5 39 39.1 41 42.2 44.4 46.3 48 49.4 50.8 52.8 55.1 58 59.7 62.4 65.5 68.2 72.4 76.4 80.1 83 85.9 88.8 91.8 93.7 93.9 93.3 92.5 91 85.6 83.7 91.6 97.6 101.1 106.3 109.8 112.6 117.6 122 124.7 127.5 130.3 132.7 134.8 137.2 140.4 150.4 158.9 159.1 158.6 156.5 153.8 151.1 148.6 147 143.9 141.3 139.8 139.4 137.4 137.7 136.8 134.8 132.8 130.2 128.7 124.5 121.7 118.6 115.9
31.2 33.3 35.6 38.1 42.5 46.9 46.1 45.5 46.5 43.3 37.5 35.6 34.4 37.3 37.9 38.3 40.5 41.9 41.8 43.5 45.5 48 49.7 51.5 53.7 56.7 58.3 59.8 62.4 65.2 69 73.2 77.3 80.1 82.9 85.6 88.4 91 92.5 92.3 90.8 89.2 86.3 78.7 84.1 91.4 97.4 100 104.3 107.5 110.8 115.8 119.3 123 126.4 129.2 131.5 133.5 135.4 138.4 147.1 156 156.9 156.7 155 152.7 150 147.3 145.4 141.9 141.4 140.1 136 132.9 131.7 128.8 127.1 124.1 124.1 124.2 123.4 121.5 118.9 116.4
30.9 33.1 35.4 37.9 40.7 45 43.6 40.5 43.3 37.6 35.3 35.3 35.8 36.1 37.2 38.7 37.9 39.9 42.3 43.5 45.5 48.2 51 52.4 54.6 56.8 58.5 60 62.4 65.8 70.7 74.5 76.9 79.9 82.6 84.7 87.2 89.5 90.7 89.3 87.3 85.4 79.9 79.9 86.5 93.1 97.1 99.1 102.2 105.4 110.1 113.5 116.7 120.2 124 127.7 130.2 132 133.9 136.5 142.3 152.6 155.8 155.4 153.7 151.2 148.7 146.7 144.7 144.1 143.8 142.8 140.7 138.3 137.2 134.4 129.2 125.9 121.7 119.1 116.4 115.5 116.5 116.3
30.2 32.3 34.3 35.7 37.1 39.2 35.9 37.1 34.9 33.1 34.7 35.5 36.4 37.9 39.6 40.5 41.2 41.8 40.6 42.3 45.7 48.1 49.5 51.6 54.3 56.6 58.2 59.9 62.5 67 71.8 74 76.6 78.9 80.8 83.1 85.6 87.4 87.3 85.8 83.8 80.4 75.2 81.8 88.8 93.2 95.8 98.3 101.2 106.1 109.6 112.4 115.4 119 122.8 126 128.3 130.1 132 135 138 149.6 154.9 154.2 152 149.8 148 146 144 142.7 141.7 141 139.9 138.7 137.1 135.2 131.7 126.9 124.3 121.9 116.4 113.7 109.8 108.5
29.9 29 31.5 33.1 34.4 32.7 32.4 32.2 32.2 33.7 34.6 35.5 37.2 38.2 40.4 41 41.9 43 42.6 42.9 41.9 45 47.9 52 54.4 56.4 58 60.1 62.2 65.6 69.1 73.1 75.5 77.4 79.1 81 82.9 83.9 83.6 82.2 78.7 74.6 76.1 84.7 89.1 91.9 94.8 97.8 101.9 105.6 108.6 111.4 114.3 117.9 121.2 123.7 125.9 128.2 130.1 134.4 136.8 149.3 152.7 152.6 150.8 149.1 147.2 145.3 143.3 141.5 140.2 139 137.6 136.4 135.6 133.6 131.4 127.6 125 123.4 121.3 117.9 112.4 110.1
28.3 28.9 29.3 30.5 31 30.4 30.8 31.7 32.4 33.5 35 36.3 36.4 38.9 40.7 43 43.7 44.7 45.1 45.8 44.9 43.5 46.8 50.7 53.9 56.2 57.6 59.9 61.6 64.5 67.1 69.8 72.6 74.5 76.1 77.7 79.3 80.3 80.3 78.8 72.1 73 81 86 89.8 91.3 94.1 97.4 100.6 104.1 106.9 110 113 115.9 118.7 120.4 122.4 125.9 128.6 133.3 138 147.6 150.5 150.8 149.7 148.2 146.5 144.4 142.8 140.7 139.7 137.7 136.2 134.5 133.4 132 129.7 126.3 124.5 122.9 120.4 117.9 112 117.4
26.5 27.6 28 28.7 29.2 29.9 30.9 31.7 32.5 33.5 34.9 35.6 37.2 40 43 45.8 47.2 48.3 49.4 50.2 49.1 46.6 44.3 49.9 53.5 56.2 58.5 60.2 61.3 63.3 65.2 67.2 70 71.1 72.6 74.2 75.7 76.6 76.6 73.7 67.8 77.3 81.9 85.2 88.6 90.6 93.1 96.2 99.3 102.9 105 108 110.7 113.4 116.1 117.8 119.2 122.8 126.5 136.4 142.6 145.5 147.6 147.4 146.9 146.2 144.9 143.7 142.1 140.5 138.8 136.5 134.9 133.4 131.5 130.2 127.9 125.7 123.4 121.2 118.9 116.6 114.7 117.6
25.9 27.1 27.5 28.1 29.1 30 31.1 31.8 32.6 33.3 35.3 37.3 39.2 41.6 45.7 48.6 50.3 51.4 53 54.4 54.1 51.6 44.8 49.4 52.6 55.9 57.7 59.1 60.4 62.5 65.2 66.2 67.6 68.7 69.6 70.6 71.6 72.5 72.3 67 71.9 78.1 81.1 84.6 87.1 89.4 92.5 96 99.2 102.2 104.2 106 108.3 111.1 113.5 115 116.8 120.5 126.2 137 140.6 141.6 142.3 143.2 143.2 142.2 141 140.8 139.7 138.6 137.6 135.4 133.7 131.6 128.8 127.5 125.9 123.9 121.2 119.2 117.7 116.3 115.5 116.3
26 26.8 27.6 28.5 29.6 30.7 31.2 32.4 33.2 34.2 36.8 39.6 41.3 44.1 50.1 51.6 52.9 54.4 55.9 57.6 58 55.3 49.5 48.1 53.3 55.2 57 58.4 59 59.9 62.1 63.3 65.5 66.3 66.4 65.7 68.7 66.7 63.4 66.6 71.8 75.5 78.9 81.9 84.4 87.8 91.8 95.3 98.4 100.8 102.7 104.2 106.6 109.1 111.6 113.2 115.6 119.1 122.4 132 137.6 139.1 139.2 138.5 137.8 136.6 134.3 134 134.2 134.4 134.6 134.2 132 129.6 127.3 125.5 123.9 122.4 120.4 118.1 117.2 116.2 115.3 114.2
26.6 27.7 28.6 30.1 30.7 31.8 32.7 34 35.1 35.6 39.5 42.7 44.4 50.5 54.6 55.1 55.3 56.5 57.6 59 59.4 53.5 50.7 47.4 49.9 52.6 53.4 54.9 55.5 56.2 56.9 59.8 60 58.6 58.7 60.5 60.2 62.6 68.3 68.6 67.5 69.3 71.5 75.9 81.8 85.8 90.1 93.3 96.4 97.4 97.4 100.6 103.6 107.8 109.9 111.3 114.1 117 120.9 126.1 133.5 136.4 136.4 135.3 133.8 131.7 129.6 128.5 128 126.7 128.3 130.4 129.7 127.6 125.9 124.3 123 121.6 119.8 116.8 115.2 114.4 113.8 112.5
27.3 28.4 29.9 31.5 32.9 34.6 34.8 35.6 37.2 39.5 44.6 46 48.5 55.4 57.7 58.1 57.9 58.4 59.2 60.1 58.6 53.9 51.3 49.7 49.4 50.8 51.9 52.8 54.6 55.9 56.8 58.4 60 62.6 64.6 65.5 67.8 71.5 73.6 75.6 75.7 76.5 77.8 74.5 76.6 79.7 86.9 91 93.6 92.6 93.7 95 99.5 105.3 107.8 109.4 111.9 114.7 118 123 130.1 134.2 133.4 132.2 131.1 129.6 127.1 125.1 123.9 123.1 122.4 123.4 124.9 125.2 124.1 123.2 121.1 119.2 118.6 115.9 113.8 112.9 112.2 110.9
27.5 28.6 31.9 34.4 34.9 34.9 37.9 38.9 44.1 48.7 48.9 49.4 51.4 56.2 59.2 60.3 60 59.3 60.8 61.3 59.9 55.4 52.9 53.3 53 53 54 55.8 57.3 60 61 59.1 63.5 66.2 68.9 70.3 71.4 73.1 74.9 77.4 78.9 80.3 82.1 82.5 77.8 80.8 79.9 81.4 87.2 89.3 89.3 90.1 96.2 102.7 106 108.1 110.7 113.3 117.1 120.5 125 128 131.1 130.4 130 128.6 126 123.5 121.2 119.9 119.6 119.7 120.2 120.7 120.6 120.1 119.9 116.3 115.8 114.6 110.3 111.5 110.3 108.5
28 29.3 34.7 37.1 35.2 39.8 40.8 42.4 48.2 51.4 51.7 52 55 58.4 61 62.5 62.3 62 63 62.9 62.6 58.6 55.6 54.9 55.6 55.4 55.2 56.6 59.6 61.9 63 61.1 63.6 67.2 69.6 71.5 73.1 74.7 76.4 78.8 81.4 83.4 85.7 85 81.3 86.5 87.2 88 90.9 93.1 95.5 97.4 95.5 96.5 103.8 106.8 109.6 112.7 116.2 119.2 121.9 125.3 127.5 129.5 129.4 128.1 125.6 122.6 119.9 117.6 115.7 116 116.7 117.2 117.4 117.7 116.7 115.4 112.5 108.9 106.4 107.2 107.4 106
29.2 29.6 34.8 39.3 41.5 42.4 43.9 46.4 49.1 51.8 53 54.4 57.2 59.9 62.9 64.4 64.4 64.7 65.2 65.9 65.3 63.4 60.4 58.2 57.8 57.8 58 57.7 60.1 63.3 64.6 65.4 62.3 67.1 70.1 72.1 73.9 75.8 77.6 80.5 83.4 86 88.1 88.4 87.3 90 91 92.1 94.9 96.4 99.5 100.8 101.8 101.4 102.9 105.2 108.7 112 115.2 118.3 120.5 123.3 125.5 128.8 129.3 128 125.2 122.4 120 117.8 115.6 114.5 115.6 113.1 114.3 115.3 115.1 114 111.5 109.1 105.6 101.8 98.6 99.7
