data/300000-490000.asc
ncols 200
nrows 200
xllcorner 300000
yllcorner 490000
cellsize 50
[rows 38 to 75 of 200, columns 87 to 173 of 200]
-1.7 -1.2 -0.8 -0.4 0.1 0.5 0.9 1.4 1.9 2.4 3 3.6 5 7.5 16.6 23.1 23 21.7 24 24.6 28.2 25.6 22 18.1 17.9 17 16.3 15.5 14.4 9.3 9.3 8.6 8.2 7.9 7.2 6.6 5.9 5 4.2 -2.6 -2.6 3.6 4.1 4.3 4.4 4.7 4.7 4.7 4.5 4.6 4.8 5 5.1 5.2 5.2 7.1 10.3 11.1 9.5 7.8 6.7 6.1 6 5.9 6.3 7.7 8.6 7.8 7.5 9.4 11.9 14.4 16.7 20.2 19.1 18.2 17.3 17 16 15 14.7 14.3 14.1 14.7 15.3 15 15.1
-2 -1.6 -1.1 -0.7 -0.3 0.1 0.5 1.1 1.6 2.1 2.7 3.2 4.1 10.1 13.1 17.4 21 27.2 26.3 23.3 25.1 24.6 20.6 18.1 17.6 16.9 16.2 15.3 14.3 10.6 8.9 8.7 8.3 7.8 7 6.3 5.7 5.1 4.4 -2.6 -2.6 3.5 3.8 3.8 4.3 4.7 5.3 5.4 6.3 5.2 5 5 5.2 5.7 5.9 5.8 7.6 7.7 8.6 5.9 6.4 6 5.3 5.2 5.9 7.8 8.3 7.8 7.2 9.1 10.2 13.1 16.8 20.6 19.5 18.5 17.3 16.3 15.8 15.6 15.3 15 14.3 13.5 14.5 14.1 13.9
-2.3 -1.9 -1.5 -1.1 -0.7 -0.3 0.2 0.7 1.3 1.8 2.4 2.9 3.6 5.1 12 14.1 17 18.6 20.3 27.5 21 24.6 20.5 19.6 17.8 17.3 15.2 14.5 13.9 12.6 9.2 8.9 8.5 7.9 7.3 6.5 5.8 5.3 4.6 -2.6 -2.6 3.1 3.3 3.6 4 4.4 5 5.7 6.1 5.2 4.9 5.2 5.9 6.5 6.5 5.7 4.9 4.8 5.5 10.4 6.4 5.9 5.1 5.3 6.5 7.6 7.6 7.7 7.7 8.5 10.1 14.2 18.1 19 19.2 18.3 16.8 16.7 16.6 16.4 16.1 16 15.7 14.9 14 13 12.8
-2.6 -2.6 -1.9 -1.5 -1.1 -0.6 -0.1 0.4 1 1.5 2 2.6 3.1 4.1 8.4 11.6 22.9 22.1 20.4 23.1 20.9 22.5 22.7 20.9 18 17.7 15.7 13.9 12.8 12 10 9 8.7 8 7.2 6.9 6.4 5.8 5 4.2 -2.6 -2.6 3.2 3.4 3.7 4 4.5 4.8 5.1 4.5 4.6 5.1 6.1 7.2 6.7 5.8 5.3 4.6 4.9 5.2 9 4.7 4.8 5.8 6.6 7.1 7.2 7.9 8.6 8.9 10 12.7 15.1 16.5 16.7 16.5 16.6 18 17.7 17.5 17.1 16.9 16.8 16.5 15.6 14.9 14.7
-2.6 -2.6 -2.6 -2 -1.5 -1 -0.4 0.2 0.7 1.2 1.8 2.3 2.9 3.6 5.1 13.1 13 16.6 24.9 25.2 18.7 20.2 21 23.2 19 16.5 15.7 15 13.6 10.8 9.9 9.1 8.8 8 7.3 6.9 6.5 6 5.3 4.5 -2.6 -2.6 2.2 3.3 3.4 3.8 4.2 4.1 4.2 4.2 4.4 5 6 6.7 6.4 5.8 5.2 5.2 4.7 4.1 4.9 6.1 5.8 6.3 7.5 7.8 7.3 7.8 8.5 9.1 9 10.5 11.3 14.1 14.7 14.8 17.2 19.5 19.4 19.1 18.4 18.1 17.7 17 16.8 16.2 16
-2.6 -2.6 -2.6 -2.6 -1.8 -1.2 -0.7 -0.1 0.4 1 1.5 2.1 2.6 3.1 4.2 11.5 10.8 13.7 16.7 17.4 17.9 18.8 24.3 20.6 17.7 16.9 16.1 15.3 14.8 12.6 9.7 8.9 8.5 8 7.5 7 6.5 6 5.5 4.9 -2.6 -2.6 0.4 3.2 3.3 3.9 3.9 3.8 3.9 4 4.1 4.7 5.4 5.8 5.9 5.8 5.6 5.5 5.3 4.7 5 5.5 6 6.9 8.1 8.7 7.5 7.7 8.1 8.2 7.7 8.5 9.7 11.4 11.7 13 17.4 20.6 20.6 20.8 20 19.5 18.9 18.3 17.1 17.4 17.4
-2.6 -2.6 -2.6 -2.6 -2 -1.5 -0.9 -0.4 0.2 0.8 1.3 1.8 2.3 2.8 3.4 4.8 13.2 14.5 16.9 15.9 17 21 25.6 19.1 17.4 17 16.5 15.9 16.2 14 11 9 8.8 8.5 7.8 7.3 6.8 6.3 5.6 5 4.7 -2.6 -0.4 2.2 3.3 3.5 3.6 3.6 3.6 3.7 3.9 4.2 4.6 5.1 5.5 6 6.1 6.1 5.9 5.3 5.6 6.2 7 7.5 8.6 9.6 7.8 6.9 7.5 7.4 6.7 6.8 8 9 9.5 11 14.6 16.8 18.1 20.9 21.5 19.7 19.6 19.8 18.2 18.3 18.4
-2.6 -2.6 -2.6 -2.6 -2.6 -1.7 -1.1 -0.5 0 0.6 1.1 1.6 2 2.5 3 4.1 12.8 14 21.1 22 22 18.6 22.3 20.2 17.8 17.1 17.2 17.4 17 15.3 12.4 9.4 9.1 8.8 8.1 7.6 7.1 6.4 5.6 5.1 4.8 -2.6 -2.6 0.8 3.2 3.3 3.3 3.3 3.3 3.5 3.8 4 4.3 4.8 5.2 5.6 6.1 6.3 6 5.6 6.8 8 9.1 10 10.5 9.1 7.7 6.9 7.4 7.4 6.5 6.3 7.2 8.1 8.3 7.7 8.8 12.3 15.3 20.7 23.2 22.8 22.6 21.9 19.8 19.2 18.6
-2.6 -2.6 -2.6 -2.6 -2.6 -1.8 -1.3 -0.7 -0.2 0.3 0.8 1.3 1.8 2.2 2.7 3.3 4.8 14.6 12.5 15.3 17.4 23.8 18.3 19.6 19.4 20.9 19.9 24.6 18.2 16.1 12.7 10.1 9.8 9 8.4 7.9 7.2 6.5 5.6 5.2 4.9 4.4 -2.6 -2.6 1.3 3.2 3.1 3.2 3.2 3.4 3.7 4 4.2 4.6 5 5.3 5.8 6.7 6.2 6.4 8.2 9.2 10.4 10.6 9.3 8.8 7.6 7.5 8 8 8.4 6.4 7 7.7 7.1 6.5 8.2 10.7 14.2 18.5 21.8 23.2 24.5 23.7 20.8 19.8 18.7
-2.6 -2.6 -2.6 -2.6 -2.6 -2 -1.4 -0.9 -0.4 0.1 0.6 1.1 1.5 1.9 2.4 2.9 4.3 10.3 12.6 17.4 20.2 20.2 17.1 16.7 17.4 17.1 16.7 21.9 18.4 15.8 13.1 11 10.2 9.5 8.8 8 7.3 6.5 5.7 5.3 4.8 4.2 -2.6 -2.6 -2.6 0.8 2.2 3.1 3.2 3.4 3.6 3.9 4.2 4.4 4.6 4.9 5.3 6.7 6.8 8 9.8 10.4 10.8 10.5 9.8 7.7 7 7 7.8 9.2 8.9 6.5 7.1 6.7 6 5.7 7.3 8.9 11.7 14.5 20 24.3 25.4 24.8 21.5 19.5 18.8
-2.6 -2.6 -2.6 -2.6 -2.6 -2.1 -1.6 -1.1 -0.6 -0.2 0.3 0.7 1.1 1.6 2.2 2.7 3.4 4.5 10.8 13.3 18.1 23.3 18.8 19.8 18.8 19.4 17.4 16.3 17.5 16.7 12.7 11.1 10.3 9.4 8.5 7.9 7.3 6.6 5.8 5.3 4.6 4.2 4.2 -2.6 -2.6 -2.6 0.5 2.3 3.1 3.3 3.7 4 4.4 4.7 4.9 5.3 5.7 6.6 7.2 8.7 9.5 10.3 10.4 10.1 9.7 9.2 7.6 6.5 7.9 8.9 8.2 6.4 7.2 6.3 5.1 5.5 5.7 7.6 10.2 12.1 17.3 22.1 24.2 22.9 21.3 19.5 18.1
-2.6 -2.6 -2.6 -2.6 -2.6 -2.3 -1.8 -1.4 -0.9 -0.5 -0.1 0.4 0.9 1.4 1.9 2.5 3 3.8 4.9 11.1 15.6 16.4 15.3 17.3 17.5 20.6 16.2 15.6 15 14.8 11.5 10.8 10 9.1 8.3 7.6 7.1 6.6 5.8 5.3 4.8 4.3 4 -2.6 -2.6 -2.6 -0.3 1.6 3.2 3.4 3.8 4.1 4.7 5 5.4 5.7 6 6.2 6.9 7.8 8.8 9.3 9.6 9.6 9.4 9.3 9 7.9 7.8 7.7 7.6 6.4 6.9 7.2 5.2 5.4 5.9 6.7 8.3 9.7 10.5 14.2 19.8 21.9 20.6 17.7 14.7
-2.6 -2.6 -2.6 -2.6 -2.6 -2.6 -2.1 -1.7 -1.3 -0.8 -0.4 0.1 0.6 1.2 1.7 2.2 2.6 3.1 4.1 8.1 11.6 12.9 13.5 19.8 21.1 20.3 15.3 15.4 15 13.2 11.2 10.4 9.9 9.1 8.3 7.7 7.1 6.5 6 5.4 5 4.5 4.2 3.4 -2.6 -2.6 -0.9 1 2.8 3.3 3.6 4.1 5.1 5.4 5.5 5.6 5.6 5.9 6.3 7.1 7.7 8.3 8.8 8.7 8.2 7.9 7.7 7.6 6.8 6.5 6.5 6.2 6.3 5.9 5.3 5.8 5.7 4.4 5.5 6.1 6.8 10.8 17.5 19.8 21.3 19.5 13.6
-2.6 -2.6 -2.6 -2.6 -2.6 -2.6 -2.5 -2 -1.6 -1.2 -0.7 -0.2 0.4 0.9 1.4 1.8 2.3 2.8 3.1 4.6 13 12.2 18.3 16.4 14.4 13.3 13.2 12.9 14.2 13.4 11 10.4 9.8 9.1 8.5 7.8 7.2 6.6 5.9 5.4 5.1 4.7 3.4 3.2 3.2 -2.6 -2.6 -0.5 2 3.2 3.5 4.9 5.5 5.5 5.4 5.3 5.4 5.8 6.4 6.4 6.8 7.2 7.7 7.8 7.1 6.7 6.5 6.4 8.4 5.8 5.9 6.3 7 4.8 5.1 5.2 4.8 4.1 4.9 5.2 5.1 6.7 12.1 16.3 20 14.6 6.9
-2.6 -2.6 -2.6 -2.6 -2.6 -2.6 -2.6 -2.4 -2 -1.5 -1 -0.4 0.1 0.6 1.1 1.5 2 2.5 3 3.7 5 8.9 13.1 17.7 13.9 15.4 17.1 14.7 13.8 15 12.4 10.4 9.8 10.3 9.6 8.9 8 7.1 6.2 5.3 4.9 3.2 2.2 1.6 1.7 0.2 -2.6 -2.6 1.7 3.2 4.9 5.9 5.6 5.5 5.5 5.4 5.8 6.2 6.3 6.2 6.4 6.8 7.4 7 6 5.5 5.7 6.3 6.8 8.6 6.3 7.1 8 7.6 5.8 3.5 3.2 3.1 4.9 3.5 4.9 6.6 6.5 12 14.4 8 4.7
-2.6 -2.6 -2.6 -2.6 -2.6 -2.6 -2.6 -2.6 -2.3 -1.7 -1.2 -0.7 -0.2 0.3 0.8 1.3 1.8 2.3 2.7 3.1 3.9 7.9 10.2 16 15.3 19.2 14.6 15.8 11.7 12.3 14.8 12.2 12.2 10.7 9.8 8.9 8 7.1 6.2 5.4 4.5 2.9 1.4 0.3 0 -1.2 -2.6 -2.6 3 4.5 5.5 5.9 5.9 5.6 5.6 5.8 6 6.1 6.2 6.2 6.4 7 7.6 6.9 5.7 5.2 5.2 5.6 6.1 6.3 7.1 8 9.8 10.3 8.6 6.1 3.2 3.1 3.2 3.4 3.9 4.6 3.6 6.4 9.5 6 6.2
-2.6 -2.6 -2.6 -2.6 -2.6 -2.6 -2.6 -2.6 -2.6 -2 -1.5 -0.9 -0.4 0.2 0.7 1.1 1.6 2 2.4 2.8 3.2 4.2 10.9 11 11.4 12.4 12.2 11.3 11.9 11.2 13.1 14.1 13.2 9.7 9.8 8.9 8 7.1 6.3 5.6 4.3 2.4 1.1 -0.4 -1.6 -2.6 -2.6 -2.6 4.9 5.5 5.5 5.4 5.6 5.8 5.8 5.9 5.9 6 6.1 6.1 6.1 7 7.8 7.1 6.7 6.2 5.8 5.2 5.5 5.8 6.3 9.1 10.5 10.5 7.8 6.7 3.3 3.2 3.2 3.1 3.2 3.2 3.1 3.2 2.8 3.3 3.9
-2.6 -2.6 -2.6 -2.6 -2.6 -2.6 -2.6 -2.6 -2.6 -2.1 -1.6 -1 -0.5 0 0.4 0.9 1.3 1.7 2.1 2.5 2.9 3.5 4.4 11.6 10.6 11.7 11.9 11.1 11.3 16.2 14 10.2 11.6 10.3 9.7 8.9 8.1 8 7.9 6.5 3.9 1.7 0.1 -1.4 -2.6 -2.6 -2.6 3.7 4.9 6.1 5.7 5.4 5.4 5.2 5.2 5.4 5.7 5.9 5.9 6 6.3 6.5 7.3 8 7.7 7.3 7 6.4 5.6 6 7.2 9.3 10 10.2 7.1 4.8 4.5 4 3.2 3.2 3.2 -2.6 -2.6 -2.6 -0.3 1 2
-2.6 -2.6 -2.6 -2.6 -2.6 -2.6 -2.6 -2.6 -2.6 -2.2 -1.7 -1.2 -0.7 -0.3 0.1 0.5 1 1.4 1.8 2.1 2.5 2.9 3.7 4.7 10.1 19.2 14.3 14.2 14 10.8 10.4 10.1 12 11.6 14.5 12.2 10.3 10.2 8.6 6.3 3.2 1.5 -0.6 -2.6 -2.6 -2.6 -2.6 4.3 6.4 6.8 6.3 5.8 5.2 5.7 4.5 4.5 4.7 5.2 5.6 6 6.6 6.7 6.6 6.8 7.6 8.3 8.1 7.4 6.5 6.4 7.1 8.3 9.4 9.3 7.7 5.6 5.3 3.9 3.1 3.1 3.2 -2.6 -2.6 -2.6 -2.6 -0.8 -0.2
-2.6 -2.6 -2.6 -2.6 -2.6 -2.6 -2.6 -2.6 -2.6 -2.6 -1.9 -1.4 -1 -0.6 -0.2 0.3 0.6 1 1.4 1.8 2.2 2.6 3.1 3.9 5.5 11.7 10.2 10.4 13.3 11.1 16.6 11.3 13.4 12.8 9.8 10.3 14.2 9.3 8.4 5.9 4.3 2.6 -2.6 -2.6 -2.6 -2.6 3.5 4.3 7.5 7.3 6.8 5.7 5.1 5.7 4.2 4.3 4.6 5.1 5.4 5.6 6.1 5.8 6.1 6.2 6.4 7.5 8 8.1 7.4 7.1 6.7 7.3 8.2 9.1 8.4 7.3 5.9 4.4 3.9 3.1 2.2 -2.6 -2.6 -2.6 -2.6 -2.6 -2.3
-2.6 -2.6 -2.6 -2.6 -2.6 -2.6 -2.6 -2.6 -2.6 -2.6 -2.2 -1.7 -1.3 -0.9 -0.5 -0.1 0.2 0.6 1 1.4 1.8 2.3 2.8 3.1 4.1 9.5 13.5 11.3 12 10 11.9 14.6 9.6 9.3 8.8 8.6 7.8 12.7 8.7 6.8 6.3 4.9 -2.6 -2.6 -2.6 -2.6 3.4 4 7.2 7.5 7.4 6.6 5.6 5.8 5.4 5.1 5.1 4.9 4.7 4.8 5.4 5.4 5.6 6 6.9 7.3 7.9 8.3 8 7.6 7 6.1 7 8.6 9.2 8 6.7 5 3.4 1.8 0.1 -1.6 -2.6 -2.6 -2.6 -2.6 -2.6
-2.6 -2.6 -2.6 -2.6 -2.6 -2.6 -2.6 -2.6 -2.6 -2.6 -2.6 -2 -1.6 -1.2 -0.9 -0.5 -0.2 0.2 0.6 1.1 1.5 2 2.5 3 3.6 4.3 11.5 10.6 14.4 13.3 9.7 10.4 9.3 10 8.2 7.9 12.1 7.5 11 10.1 10.1 6.3 -2.6 -2.6 -2.6 -2.6 3.1 3.6 6.2 6.8 7.4 8.1 6.9 6.3 6.9 6.5 5.5 4.5 4.2 4.5 5 5.1 5.1 5.6 5.5 6.4 7.7 7.8 7 6.9 6.8 6.1 6.6 8.2 9 9.3 9.3 6.2 3.2 1 -0.4 -2.6 -2.6 -0.7 0.1 0.9 2.7
-2.6 -2.6 -2.6 -2.6 -2.6 -2.6 -2.6 -2.6 -2.6 -2.6 -2.6 -2.6 -2 -1.6 -1.3 -0.9 -0.6 -0.2 0.3 0.8 1.2 1.7 2.2 2.7 3.1 3.7 4.4 10.3 12.9 11 17.3 11.3 9.2 9.7 9.8 13.2 9.4 11.8 9.8 8.9 14.8 5.6 2 -2.6 -2.6 -2.6 3.1 3.2 3.9 6.7 7.6 8.2 7.8 7 6.3 4.1 4.4 4.6 4.2 4.4 4.6 4.7 4.6 5 4.7 4.4 4.5 5.4 5.8 6.2 6.8 6.6 7.1 9.3 10.4 9.9 10.2 5.6 0.7 -2.6 -2.6 -2.6 -0.8 1.2 3.1 4.6 8.7
-2.6 -2.6 -2.6 -2.6 -2.6 -2.6 -2.6 -2.6 -2.6 -2.6 -2.6 -2.6 -2.6 -2 -1.7 -1.3 -0.9 -0.5 0 0.5 0.9 1.4 1.8 2.3 2.7 3.1 3.9 5.5 12.7 10.6 9.5 11.4 9.5 12.1 12.8 12.4 11.7 13.6 9.5 15.7 8.2 4.8 3.2 -2.6 -2.6 1.7 3.1 3.1 3.2 5.1 6.8 8.2 8.3 7.7 4.7 4.3 4.2 4.1 4.1 4.3 4.5 4.3 3.7 3.2 3.1 3 2.9 2.9 3.1 4.3 6.1 6.4 7.6 10.4 12.5 10.2 9.6 5 -2.6 -2.6 -2.6 -0.6 0.7 2.5 8.3 15.2 15.8
-2.6 -2.6 -2.6 -2.6 -2.6 -2.6 -2.6 -2.6 -2.6 -2.6 -2.6 -2.6 -2.6 -2.6 -2.1 -1.7 -1.3 -0.8 -0.4 0.1 0.5 1 1.4 1.9 2.3 2.8 3.3 4.1 11 8.6 9 8.3 11.7 11.4 13 15.8 13.8 8 7.8 7.6 8 7.2 3.7 -2.6 -2.6 0.5 3 3.2 3.1 3.3 6.3 8 7.8 7.4 4.9 4.7 4.5 4.4 4.2 4.5 4 3.1 3 2.5 2.4 2.3 2.2 2.1 2.4 2.7 3.1 5.2 5.6 8.8 11.1 9.5 7.7 7.9 -2.6 -2.6 -1.9 0.4 2.5 4.6 11.4 15.4 18.5
-2.6 -2.6 -2.6 -2.6 -2.6 -2.6 -2.6 -2.6 -2.6 -2.6 -2.6 -2.6 -2.6 -2.6 -2.6 -2.1 -1.6 -1.2 -0.7 -0.3 0.2 0.6 1 1.5 2 2.5 2.9 3.6 4.4 11.8 7.5 7.8 8.2 9.8 12.1 7.6 7.8 7.7 7.6 7.6 17.9 5.6 4.6 -2.6 -2.6 -2.6 0.7 1.9 3.2 3.2 6 7.3 7.1 7 5.1 4.9 4.8 4.7 4.6 3.9 3.1 3 2.5 2 1.7 1.6 1.4 1.4 1.6 1.9 2.4 2.9 3.6 4.5 6.3 8.1 6.1 5.8 9.7 -2.6 -2.6 -0.3 3.3 8.4 13.2 17.5 20.3
-2.6 -2.6 -2.6 -2.6 -2.6 -2.6 -2.6 -2.6 -2.6 -2.6 -2.6 -2.6 -2.6 -2.6 -2.6 -2.6 -2 -1.6 -1.1 -0.6 -0.2 0.2 0.7 1.2 1.7 2.1 2.6 3.1 3.8 5.5 9.9 7.6 7.6 9.2 13.2 10.5 8.4 7.4 7.1 9 7.3 5 4.5 3.4 -2.6 -2.6 -2.6 -0.9 0.6 1.8 3.2 6.4 6.7 6.2 5.1 4.8 4.5 4.7 4.9 4.4 3 2.5 2 1.5 1 0.9 0.7 0.7 0.9 1.2 1.5 2 2.8 3.5 4.6 4.9 5.4 5.3 3.5 8.7 -2.6 -2.6 3.5 10.4 14.3 18 19.3
-2.6 -2.6 -2.6 -2.6 -2.6 -2.6 -2.6 -2.6 -2.6 -2.6 -2.6 -2.6 -2.6 -2.6 -2.6 -2.6 -2.6 -1.9 -1.5 -1 -0.6 -0.1 0.4 0.8 1.3 1.8 2.3 2.7 3.2 4.1 10.9 8.2 9.1 7.8 8.3 7.9 7.6 9.3 9.9 9.8 8.6 4.9 4.5 4 3.1 -2.6 -2.6 -2.6 -2.6 -2.6 1 4.6 6.2 5.3 4.9 4.9 4.6 4.7 4.9 3.2 2.5 2 1.5 1.1 0.6 0.2 0 0 0.2 0.4 0.7 1.1 2 3.1 3.7 3.9 4.2 3.4 1.6 -2.6 -2.6 2.1 3.5 10.6 13.7 16.8 19.1
-2.6 -2.6 -2.6 -2.6 -2.6 -2.6 -2.6 -2.6 -2.6 -2.6 -2.6 -2.6 -2.6 -2.6 -2.6 -2.6 -2.6 -2.6 -1.8 -1.4 -0.9 -0.4 0 0.5 1 1.4 1.9 2.3 2.8 3.5 4.4 11.2 9.4 9 7.4 10.8 10.8 8 7.4 8.5 10.1 4.7 4.7 4.3 3.7 3.3 2 0.8 -2.6 -2.6 -2.6 1.5 4 3.2 4.4 4.7 5 5.1 5.5 2.9 2.3 1.7 1.1 0.6 0.1 -0.4 -0.7 -0.8 -0.6 -0.4 -0.3 0.1 1.2 2.5 3.3 3.4 3.3 -2.6 -2.6 -2.6 2 3.1 5.5 10.1 13.8 16.1 17.5
-2.6 -2.6 -2.6 -2.6 -2.6 -2.6 -2.6 -2.6 -2.6 -2.6 -2.6 -2.6 -2.6 -2.6 -2.6 -2.6 -2.6 -2.6 -2.6 -1.7 -1.3 -0.8 -0.3 0.1 0.6 1 1.5 2 2.5 3 3.7 5.5 12.3 10.9 8.4 11.3 11.2 8.8 7.5 8.7 9.8 7.4 5.5 4.6 4.2 3.8 3.5 3.3 1.9 -2.6 -2.6 -2.6 2 3.2 3.3 4.1 5 5.4 3.9 2.4 1.9 1.4 0.8 0.2 -0.4 -0.9 -1.3 -1.5 -1.4 -1.4 -1.3 -0.7 0.1 1.3 2.3 1.4 -2.6 -2.6 -2 -0.4 1.6 6 5.9 10.2 12.3 14.8 15.7
-2.6 -2.6 -2.6 -2.6 -2.6 -2.6 -2.6 -2.6 -2.6 -2.6 -2.6 -2.6 -2.6 -2.6 -2.6 -2.6 -2.6 -2.6 -2.6 -2.1 -1.6 -1.2 -0.7 -0.3 0.2 0.7 1.2 1.6 2.1 2.6 3.1 4 9.5 7.8 6.7 7.2 11.7 10.1 7.4 11.3 7.8 7.8 7.4 6.3 5.2 5.7 3.9 3.6 3.4 2 -2.6 -2.6 -2.6 2 3.1 3.4 5.7 5.6 3.4 2.1 1.2 0.7 0.3 -0.2 -0.7 -1.3 -1.9 -2.6 -2.6 -2.6 -2.6 -2.6 -1.4 -0.2 0.3 -1.2 -2.6 -2.6 -1.3 0.4 2.1 4.6 10.1 9.5 6.9 11.8 15.1
-2.6 -2.6 -2.6 -2.6 -2.6 -2.6 -2.6 -2.6 -2.6 -2.6 -2.6 -2.6 -2.6 -2.6 -2.6 -2.6 -2.6 -2.6 -2.6 -2.6 -2 -1.6 -1.1 -0.6 -0.2 0.3 0.8 1.3 1.8 2.3 2.8 3.4 4.3 11.8 8.1 7.1 6.8 12.4 8.1 7.3 7.1 7.1 7.2 7.2 7.8 10.4 4.3 4 3.7 3.5 -2.6 -2.6 -2.6 -2.6 -0.1 1.9 3.2 3.1 2.1 1.8 0.6 0 -0.4 -0.9 -1.3 -1.8 -2.3 -2.6 -2.6 -2.6 -2.6 -2.6 -2.6 -2.6 -2.3 -2.6 -2.6 -2.6 -1 0.8 2.5 5.5 7 9.9 10.4 11 10.6
-2.6 -2.6 -2.6 -2.6 -2.6 -2.6 -2.6 -2.6 -2.6 -2.6 -2.6 -2.6 -2.6 -2.6 -2.6 -2.6 -2.6 -2.6 -2.6 -2.6 -2.6 -1.9 -1.5 -1 -0.5 0 0.4 0.9 1.4 1.9 2.4 2.9 3.7 5 10.1 7.6 6.8 7.3 10.9 8.3 8.7 6.6 6.6 6.6 7.2 7.4 5.5 4.4 4.1 3.8 3.5 -2.6 -2.6 -2.6 -2.6 -2.6 -2.6 -0.1 0.2 0.6 0.3 -0.7 -1.1 -1.6 -2 -2.5 -2.6 -2.6 -2.6 -2.6 -2.6 -2.6 -2.6 -2.6 -2.6 -2.6 -2.6 -2.6 -2.6 0.8 3.1 5.8 8.6 11 10.4 12.8 11.9
-2.6 -2.6 -2.6 -2.6 -2.6 -2.6 -2.6 -2.6 -2.6 -2.6 -2.6 -2.6 -2.6 -2.6 -2.6 -2.6 -2.6 -2.6 -2.6 -2.6 -2.6 -2.6 -1.8 -1.4 -0.9 -0.4 0.1 0.6 1.1 1.6 2.1 2.6 3.1 3.9 7.9 8.6 6.9 7.7 7.4 13 11.6 9.8 7.5 6 6.3 6.6 5.8 5.4 5.8 4.9 4.1 3.7 3.2 -2.6 -2.6 -2.6 -2.6 -2.6 -2.6 -1.1 -0.8 -1.2 -1.8 -2.3 -2.6 -2.6 -2.6 -2.6 -2.6 -2.6 -2.6 -2.6 -2.6 -2.6 -2.6 -2.6 -2.6 -2.6 -2.6 0.5 3.3 6.1 8 10.5 10.3 14.3 13.2
-2.6 -2.6 -2.6 -2.6 -2.6 -2.6 -2.6 -2.6 -2.6 -2.6 -2.6 -2.6 -2.6 -2.6 -2.6 -2.6 -2.6 -2.6 -2.6 -2.6 -2.6 -2.6 -2.2 -1.7 -1.3 -0.8 -0.3 0.2 0.7 1.2 1.7 2.2 2.7 3.3 4.2 12.5 8.3 8.4 9.9 9.6 7.3 7.8 8.8 5.4 5.1 5.5 5.1 6 8.8 6.4 9.5 4.4 3.7 3.3 2.5 1.3 0.2 -2.6 -2.6 -2.6 -2.4 -2.2 -2.5 -2.6 -2.6 -2.6 -2.6 -2.6 -0.4 -0.3 -0.8 -2.6 -2.6 -2.6 -2.6 -2.6 -2.6 -2.6 -2.6 1 3.4 6.6 8.3 10.6 11.7 14.6 13.9
-2.6 -2.6 -2.6 -2.6 -2.6 -2.6 -2.6 -2.6 -2.6 -2.6 -2.6 -2.6 -2.6 -2.6 -2.6 -2.6 -2.6 -2.6 -2.6 -2.6 -2.6 -2.6 -2.6 -2.1 -1.6 -1.1 -0.7 -0.1 0.4 0.9 1.4 1.9 2.4 2.9 3.5 4.7 10.4 7.8 8.4 6.8 6.2 6.5 11.3 6.8 6 5.3 4.7 5.4 9.2 8.3 6.5 6.1 4.4 3.8 3.7 3.4 3.1 1.6 -0.2 -2.6 -2.6 -2.6 -2.6 -2.6 -2.6 -2.6 -2.6 1.2 1.9 1.6 1 0.3 -2.6 -2.6 -2.6 -2.6 -2.6 -2.6 -2.6 1.8 3.8 6.5 9.7 12 13.7 10.5 14.7
-2.6 -2.6 -2.6 -2.6 -2.6 -2.6 -2.6 -2.6 -2.6 -2.6 -2.6 -2.6 -2.6 -2.6 -2.6 -2.6 -2.6 -2.6 -2.6 -2.6 -2.6 -2.6 -2.6 -2.6 -2 -1.5 -1 -0.5 0 0.5 1 1.5 2 2.5 3 3.8 6.1 8.5 7 6.2 10.1 11 7.6 6.3 5.7 5.2 5.1 6.4 10.8 6.6 5.8 8 5.5 5.3 4.3 4.1 4 3.8 3.3 2 -2.6 -2.6 -2.6 -2.6 -2.6 3.9 3.5 3.3 3.2 3.1 2.8 2.4 1.1 -2.6 -2.6 -2.6 -2.6 -2.6 -0.6 2.1 3.8 6.5 11.1 12.7 13.6 14.9 14.7
-2.6 -2.6 -2.6 -2.6 -2.6 -2.6 -2.6 -2.6 -2.6 -2.6 -2.6 -2.6 -2.6 -2.6 -2.6 -2.6 -2.6 -2.6 -2.6 -2.6 -2.6 -2.6 -2.6 -2.6 -2.6 -1.8 -1.3 -0.8 -0.3 0.2 0.7 1.2 1.7 2.1 2.6 3.1 4.1 13.2 7.7 6.3 7.5 14.6 10.3 7.7 6 5.4 5.3 10.5 7.8 6.5 6.8 6 6.5 7.8 14.4 10.6 11 10.7 8.2 4.5 3.7 3.4 3.3 4 3.5 6.7 4.1 3.7 3.3 3.1 3.2 3.2 2.7 0.3 -2.6 -2.6 -2.6 -2.6 0.4 2.4 3.7 7.6 11.8 13.3 12.6 12.6 12.2
