data/300000-950000.asc
ncols 200
nrows 200
xllcorner 300000
yllcorner 950000
cellsize 50
[rows 72 to 107 of 200, columns 0 to 79 of 200]
189.8 186.1 183.1 179.3 175.4 171.5 169.8 168.7 168.1 166.9 164.8 162.5 165.7 165.7 166.1 166.3 167.4 170.9 172.4 173.5 175.1 176.2 176 173.7 171.4 169.9 169.4 167.9 165.9 160.2 156.5 155.3 154 153.2 151.3 151.1 152.7 152.5 152.2 151.7 151.3 151.4 151.9 152.5 152.9 153.4 148.4 139.4 135.2 131.2 126.3 124.9 123.9 123.6 125 126.1 129.4 134 138 140.4 141.1 141.3 140.9 140.6 140.3 140 139.6 138.6 136.6 134.1 131.5 129.8 128.6 127.4 127.1 126.1 123.7 119.6 115.4 110.7
188.9 185.1 181.1 177.3 173.7 170.6 169.9 169.7 168.8 167.1 164 167.1 167.2 167.2 167.2 167.7 168.6 172.8 174.2 175.7 177.5 178.7 177.9 175.7 172.3 170.8 169.6 168.7 167.8 162.2 156.8 155.5 154.5 153 150.4 153.1 153.7 153.3 152.7 152.2 151.9 151.7 151.9 152.4 152.6 154.9 153.9 145.6 141 135 128.4 126.7 125.2 124.4 125.6 126.8 128.8 134.1 138.5 140.5 141.2 141.3 141 140.6 140.3 139.9 139.3 138.5 135.9 133.3 131.9 130.6 129.1 127.7 127.5 127 123.4 119.7 115.9 111.9
187.5 183.5 179.1 175.5 172.8 171.8 171.1 170.8 169 166.8 167.2 168.2 168.2 168.4 168.7 168.7 169.9 173.3 176.1 177.9 179.8 181 179.9 176.7 172.7 171 169.7 168.8 167.2 160.9 157.4 155.1 153 151.8 152.2 154.1 154.4 153.9 153.2 152.7 152.5 152.3 152.1 152.2 152.4 153.9 155.7 150.2 144.8 138.2 131.8 128.3 127.6 127.1 125.1 126.6 128.3 133.6 138.8 140.5 141.3 141.3 141 140.6 140.1 139.5 139 138.4 135.9 133.3 130.7 128.4 127.4 126.9 126.9 125.8 122.2 119.4 115.6 111.9
186.9 182.2 180 176.6 173.4 172.5 172.3 170.7 169.2 165.7 168.5 169.2 169.3 169.3 169.5 170 171.1 175.1 178.1 180 182.2 183.3 182.1 179 174 171.1 169.8 167.6 165.6 161.5 158.1 155.6 153.5 151.3 153.6 154.8 155 154.9 154 153.1 152.8 152.5 152.3 152.3 152.5 152.6 153.5 150.7 145.8 141.4 135.1 131.1 130.1 128.7 126.4 126.8 128.9 132.6 139.6 141 141.3 141.4 140.8 140.3 139.8 139.2 138.7 138.2 135.9 133.4 131 128 126.2 125 125.2 122.7 120.6 118.2 115 111.8
187 183.6 180.1 176.4 173.7 172.5 171.3 170.3 169.2 165.7 169.4 169.9 170 170.2 170.6 171.8 173 176.8 180.5 182.9 185.1 186.1 184.5 181.3 176.5 171.8 169.1 167 165 162.3 159 156.2 154 152 154.6 156.1 156.3 156.1 155.4 154.1 153.3 152.6 152.4 152.5 152.2 152 150.2 148.5 146.3 145.5 136.1 132.4 131.1 129.6 127.4 127.3 129.1 131.6 140.3 141.7 141.8 141.3 140.8 140.2 139.6 139.1 138.5 137.9 135.8 133.5 131.2 128.4 125.9 124.2 123 122.1 120.3 117.8 114.9 111.7
187.4 183.8 179.9 176.3 174.1 172.8 171.4 169.8 168.4 167 170.3 171 171.6 172 172.4 173.2 174.4 178.5 182.9 185.9 188.1 190 187.7 184.2 179.2 174.1 169.7 166.4 164.4 161.9 159.1 156.6 154.3 152.4 155 157.2 157.6 157.3 156.8 155.2 154.3 153.4 152.5 151.8 151.4 151.2 149.4 147.7 147 146.3 138 133.8 133.8 130.5 127.9 129.2 130.2 131.5 141 142.1 142 141.5 141 140.4 139.9 139.3 138.5 137.7 135.7 133.4 131.1 128.1 125.5 123.9 122.9 121.9 120.1 117.3 114.5 111.6
189.1 184.7 179.8 176.2 174.4 172.5 170.4 168.6 166.5 170.5 171 171.6 172.3 173 173.7 174.4 175.8 179.6 184.3 187.1 189.2 190.9 189.5 186.2 181.3 176.1 170.2 165.8 163.8 161.5 158.8 156.4 154.6 153.8 156.9 158.2 158.5 158.3 158 156.7 154.8 153.7 153 152.3 151.2 150.6 148.9 145.7 143.3 140.7 137 135.8 133.8 130.7 129.1 129.4 131 132 139.4 142.7 142.2 141.7 141.2 140.7 139.9 139.1 138.3 137.5 135.6 133.3 130.7 128.7 125.7 123.7 122.6 121 119.4 116.6 113.7 110.9
190.8 186 180.2 176.2 173.4 171.2 169.1 169.3 170.9 171.1 171.6 172.3 172.9 173.6 174.4 175.3 176.7 179.9 184.3 187.2 189.4 191.1 189.8 186.9 183.5 178.6 171.9 166 163.3 161.4 158.7 156.2 154.6 154.6 157.2 159 159.3 159.1 159.1 158.9 156.4 154.1 153.5 153 151.3 149.5 146.6 142.8 139.4 137.4 134.7 132.9 131.5 131.1 129.3 130.4 132 132.9 137.5 143.6 143.7 142.6 141.3 140.5 139.7 138.9 138.1 137.3 135.4 133.2 130.6 128.7 126.6 123 121.4 119.8 118.3 115.8 112.9 109.7
192.7 187 181.2 176.8 173.6 170.7 170.1 171.6 171.6 171.6 172.3 172.9 173.6 174.4 175.3 176.2 177.1 180.1 184 187.2 189.4 190.8 189.5 187 185.1 180.9 173.9 166.6 163.4 161.7 159.3 156.1 154.6 154.7 157.4 159.5 160.2 160.2 160.9 162.4 158.9 155.4 154.8 153.7 151.6 148.6 145 141.1 138.7 137 136 135.2 134.3 133.4 132.6 131.8 133 133.8 135.3 143.6 145.8 143.8 141.3 140.4 139.6 138.7 137.9 137.1 135.3 133.7 131.5 128.5 124.9 122 120.1 118.8 117.1 114.7 112.1 109.1
195.1 187.3 182.2 177.8 173.9 171.2 169.2 172.4 172.3 172 172.9 173.5 174.4 175.3 176.2 176.9 177.6 180.2 183.7 187.1 189.2 190.4 189.6 187.6 185.6 182.6 175.3 168.4 164.2 161.9 159.9 156.5 154.7 155.1 157.4 159.3 160.2 161.2 163.3 164.7 161.7 158.3 156.5 153.8 152.6 149.5 144.5 141 138.5 137.3 136.2 135.6 134.9 134.3 133.7 133 133.4 134 134.6 142.1 147.6 145.4 142.5 140.2 139.4 138.6 137.8 137 135.4 133.5 131.8 129.1 125 120.9 119.1 117.8 116.1 114 111.3 108.3
197.7 188.8 183.5 178.6 173.8 167 167 172.3 172.4 171.6 172.9 173.2 173.8 174.4 175.1 176.5 177.4 179.9 183.5 186.8 188.8 189.8 189.5 187.9 185.5 182.3 176.2 169.8 165.2 162.5 160.3 157 154.6 155.4 157.1 159.3 160.3 161.4 165.6 166.8 165 161.7 158.1 154.2 152.9 150.6 146.5 141.5 139.8 137.6 136.4 135.7 135 134.4 133.6 132.9 133.3 133.9 134.5 139.4 148.5 147 144.7 140 139.1 138.3 137.5 136.4 134.2 132.6 131.1 129.2 123.5 120 118.3 117.2 115.4 113.3 110.5 107.5
199.8 191.7 185.1 179.2 172.6 167 167 170.6 172.8 171.1 171.9 172.4 172.7 174 175.3 176.2 177.1 179.6 183.2 186.3 188.4 189.7 189.3 188.1 185.7 182.1 177.5 170 166.6 164.2 161.2 156.8 155.4 156.1 157.1 159.4 160.6 164.4 168.5 170 169.4 164.4 160 155.7 152.8 150.9 147.1 144.6 141.9 139.2 136.4 135.7 135 134.2 133.5 132.8 133.3 133.8 134.3 136.2 146.8 148.2 145.7 141.6 138.7 137.9 136.8 135.7 133.3 131.6 130.2 128.6 124.9 120.6 118.1 116.9 115.4 112.7 109.8 106.3
203 194.4 187 180.4 174.4 167 167 167 170.4 170.3 167 167 173 174.1 175 175.9 176.8 179 182.5 185.7 187.7 189.2 189.3 188.3 186.1 183.1 179.2 172.1 166.4 165.3 162.4 157.3 156.5 156.8 157.7 159.8 161.9 166.4 171.7 174.2 173 167.7 162.1 157.5 153.8 150.7 147.3 145.3 142.5 139.6 136.4 135.6 134.8 134.1 133.4 132.8 133.3 133.8 134.3 134.9 142.5 147.7 145.5 141.6 138.5 137.5 136 135.3 133.5 131.2 129.4 128 125.7 121 118 116.8 114.3 110.3 108.3 105.8
207.1 197.2 187.4 180.8 174.9 167 167 167 167 168.1 167 167 171.4 173.6 174.6 175.5 176.7 179 180.8 183.9 186 187.7 189.1 188.3 186.9 185 180.7 174 166.9 164.2 160.9 158.4 157.6 157.5 158.3 160.8 164.5 170.6 174.8 177.3 175.9 171.5 165.7 159.7 155.4 151.1 147.8 146 143 140 137.6 135.5 134.7 133.9 133.3 132.7 133.2 133.7 133.9 134.2 137.9 144.5 144.2 140.6 137.9 136 135.3 134.8 133.3 131.7 129.4 127.7 125.3 121.8 118.1 116.5 113.3 110.1 108.5 106.3
209.4 200.2 190.5 183.3 174.8 167 167 167 167 167 167 167 169.2 171.7 173.4 175.1 176.4 177.4 179.2 182 184.1 185.6 187 188.1 187.3 186.2 181.8 176.2 168.8 164.3 161.2 158.8 158.3 158.2 159.1 162.8 168.1 174.3 178.2 179.9 178.8 175.6 169.5 162.5 158 155.3 151 146.5 143.5 140.7 138.1 135.8 134.5 133.9 133.2 132.6 133.2 133.3 133 133.4 135.6 139.9 141.8 139.5 136.7 135.4 134.6 133.9 132.8 131.9 129.9 127.6 124.9 121.9 118.3 116.6 114.4 110.8 107.8 106.1
212.8 201.9 192.2 182.9 175.4 167 167 167 167 167 167 167 167 167 169.6 174.6 175.2 175.9 177.6 180.2 181.9 183.4 184.8 186.7 187.1 186.4 183.7 177.1 170.6 165.6 162.4 159.8 159 159.1 159.9 165.2 172.6 179 182.5 183 181.6 179.2 174.6 166.2 160.6 158 153.1 148.2 144 141.6 139 135.7 134.4 133.8 133.2 132.6 132.1 132.4 132.8 133.1 133.5 137 139.4 138.4 135.8 134.9 134.2 133.4 132.6 131.6 130.4 127.6 124.5 121.5 118.5 116.1 114.1 111.3 107 104.8
216.7 205.8 194.7 185.5 175.7 168.1 167 167 167 167 167 167 167 167 167 173.7 174.4 174.2 176.3 179.1 180.1 181.5 183.1 184.9 186.8 186 185.1 179.4 173 168.3 165.2 162.3 160.5 160.2 161 168.1 177.4 184.4 187.9 186.9 184.6 181.9 176.4 169.4 164.1 159.8 155 150.6 146.4 142.7 139.7 135.9 134.2 133.4 132.5 131.6 131.7 132.1 132.2 132.5 133.1 134.5 137 136.4 135.9 135.2 134.6 133.9 132.6 131 129.3 127.1 123.7 120.8 118.5 115.9 113.9 110.7 107.3 106.1
223.5 210.1 197.4 188.5 177 169.9 167 167 167 167 167 167 167 167 167 172.3 170.2 172.6 175.2 178.2 178.4 179.8 181.4 183.2 185.6 186.4 185 181.2 175.4 171.4 168.9 165.6 162.6 161.6 162.8 170.8 181.6 188.6 192.2 191.1 187.7 184 178.7 171.3 167.7 163.6 158.5 153.6 149.2 144.9 140.8 136.7 135.1 133.6 132.7 131.9 130.8 130.9 131.9 132.5 132.7 132.8 135.1 134.5 135.2 135.2 133.9 132.9 131.6 129.9 128.7 126.4 124 120.5 118.4 116.2 113.4 110.2 108.3 105.5
230.7 216.1 202.8 191.9 179.8 167 167 167 167 167 167 167 167 167 167 168.8 167 167.2 174.7 177.4 177.5 178 179.5 181.7 185.1 187.1 186.3 183.4 178.8 174.8 171.9 168.7 165.4 163.9 165.2 173.3 183.7 191 194.3 194.3 190.3 185.2 180.3 175 171.2 167.5 162.2 156.5 152 146.9 141.7 138.4 136 134.5 133 131.9 130.9 131.3 131.9 132 132.2 132.4 133.2 133.5 134.2 134.4 133.7 132.7 130.6 128.9 128 126.2 123.7 119.9 117.3 115.8 113.5 110.3 108.3 106.5
236.6 223 206.3 193.3 181.5 172.5 167 167 167 167 167 167 167 167 167 167 167 167 174.4 175.4 177.2 175.9 176.1 179.4 184.5 187.7 187.7 185.3 180.3 176.1 174.6 171.8 169.3 166.8 167.9 174.7 183.7 190 194.3 196 192.4 186.7 182.5 178.8 174.8 170.3 163.5 158.7 153.5 148.3 143.3 139.4 136.9 135.1 132.4 131.4 130.5 129.9 130.4 130.6 130.9 131.5 132 132.7 133.4 133.7 133.1 132.1 129.9 128.1 126.9 125.4 122.4 119 116.5 114.4 113 110.3 108.2 105.2
245.2 230.5 212.3 197.4 181.5 174.1 167 167 167 167 167 167 167 167 167 167 167 167 172.8 174.5 175.9 175.9 175.9 175.9 182 187.3 190.1 188.1 186.7 178.3 176.5 174.7 173 170.5 172.4 176.9 182.6 187.6 193.2 195.4 194.4 188.4 184.8 181.3 177.2 171.8 165.3 160.1 155 149.8 144.6 140.5 138 134.8 131.9 131 129.9 128.8 129.1 129.9 130.5 130.8 131.5 132.3 132.9 133.3 132.9 131.3 129.3 127.5 125.5 124.6 121.6 119.2 116.5 112.6 111.2 110.4 109.2 105.5
251.3 236.5 220 204.3 183.9 174.1 170.2 167 167 167 167 167 167 167 167 167 167 167 173.9 175.4 176.3 175.9 175.9 175.9 180.2 186.1 190.4 190.3 190 186.3 178.8 176.9 174.9 174.7 176 178.3 180.7 184.2 190.4 193.2 191.4 190.1 186.7 184 181.8 176.5 169.4 162.9 156.1 150.1 145.1 141 137.9 134.3 131.7 130.6 129.5 128.3 129.2 129.5 129.8 130.1 130.9 131.8 132.4 132.7 132.9 131.3 129.1 125.9 124.4 123.5 121.7 119.8 116.4 113.7 111.6 110.6 109.5 105.8
259.5 243.9 223.6 206.4 186.9 177.9 172.8 167.2 167 167 167 167 167 167 167 167 167 167 173.5 176.4 178 177.5 175.9 177.1 179.8 184.2 188.9 190.2 190.5 189.3 183.2 178.9 176.8 177.3 178.5 179.7 181.4 182.2 187.4 190.3 188.4 187.6 187.5 186.9 185.2 182.7 175 167 159.1 151.4 145.7 141.7 137.7 134.3 131.7 130.6 129.6 128.4 128.4 128.7 129 129.6 130.4 131.3 132.2 133.1 132.5 130.9 128.1 124.4 123 122 120.6 119.3 115.6 113 111.1 111.7 110.4 108.4
268.3 251.4 227 207.4 191.5 181.3 175.7 173 167 167 167 167 167 167 167 167 167 167 174.2 175.9 178.3 179 177.7 179.2 180.2 182.4 186.8 189.2 190.6 189.6 184.9 180.8 178.8 178.9 179.6 180.1 181.1 181.4 183.8 185.9 185.2 185.6 186.8 187.9 188.4 185.8 178 169.4 161.6 154 148 143.9 138.3 134.3 131.6 130.6 128.7 127 126.4 127.9 128.2 129.1 130.1 131 132 132.2 131.7 130.5 127.8 123.9 121.5 120.3 119.2 118.2 114.6 112.2 111.5 111.1 110.6 108
275.6 254 230.8 208.8 196.1 185.7 177.8 175.6 171.6 167 167 167 167 167 167 167 167 167 173.9 176.4 178.8 181.3 181.1 180.9 180.7 182.2 183.8 187.4 190.4 189.6 185.3 181.8 180.6 180.2 180.5 180.8 180.6 180.1 180.8 182 183.4 184.5 185.7 186.8 188.4 187.6 179.7 171.1 163.9 156.7 151.1 145.8 139.4 134.7 131.6 130 128.5 127 125.1 126 127.7 128.7 129.7 130.7 131.5 131 130.6 129.4 127.4 123.6 121 118.8 117.6 116.4 114 112.1 111.9 111.3 110.4 108.9
281.3 260.6 234.4 212.7 200.2 188.4 181 178 172.8 167 167 167 167 167 167 167 167 167 175.1 178.5 180.6 182.8 182.7 182.4 182.1 182 183 185.5 189.2 188.4 184.7 182.1 181 180.3 180.6 180.8 180.4 179.6 180 180.9 182.1 183.2 184.4 185.5 186.6 186.6 179.8 172.7 165.8 159 153 147.3 141.1 135.7 131.6 130.1 128.6 127 124.6 124.9 127.2 128 129 129.9 130.4 130.3 128.9 128 126.1 123.5 120.7 118.6 116.6 116.6 113.8 112.1 111.9 111.8 111.2 110
279.9 263.8 237.5 217.2 201.3 190.4 183.6 178.7 175.7 172.4 167 167 167 167 167 167 167 170.2 175.9 180.2 184 186.6 185.1 183.7 183.1 182.9 183.5 183.9 187.4 187 184.2 182.4 181.1 179.8 180.1 180.7 180 179.2 179.3 179.7 180.8 181.8 182.8 183.7 183.4 183.3 180 174.4 167.8 161.5 155.3 149.4 143.6 138.3 133 129.7 128.6 126.7 124.6 125.7 126.9 127.3 128.2 128.7 129.3 128.2 127.1 126.5 124.6 122.8 120.4 118.3 116.6 115.3 112.9 112.3 111.9 111.1 110.7 110.6
280.6 264.6 237.6 221.9 205.7 193.1 185.4 180.9 178.3 175.3 171.3 171.3 169.2 168 167 167 168.9 174.2 177 182.8 187 191 190.5 186.5 183.8 183.8 183.9 184.1 184.4 184.6 183.2 182.2 180.7 179.2 178.6 178.2 178.4 178 178.4 178.6 178.8 179.6 180.6 181.6 181.5 180.9 179.9 175.5 169.7 163.8 157.7 152.2 147.2 140.4 135.3 130.7 128.7 127.1 125.1 125 126.1 126.7 127.6 128.2 128.5 127.9 126.5 125.3 123.8 122.2 120.3 118.1 116.6 115.8 113.3 111.9 111.7 111.2 111.3 110.3
282.5 264.5 239.3 223.9 209.8 197.7 188 185 181.6 177.1 175.7 175.3 173.1 173 170.4 172.1 174.1 175.7 179 185.7 190.7 196.5 195.4 191 186.2 184.1 184.3 184.4 184.3 184 182.8 181.8 179.6 178.2 177.4 176.8 176.5 176.2 175.6 176.1 176.8 177.5 178.4 179.4 178.7 177.4 176.5 174.8 170.3 164.3 158.1 154.1 149.9 143.1 136.4 131.5 129.2 127.4 125.4 124.6 125.8 127 127.3 127.5 127.6 126.9 125.8 125 123.9 121.9 120.1 117.7 116.4 115.6 113.5 112 111.3 111.6 111.5 110
282.5 265.4 244.4 226.5 212.7 202.3 192.5 190.5 186.8 182.1 180 179.1 176.9 174.7 173.9 174.6 176.2 179.2 183.1 190.3 195.3 201.8 201.8 196.6 191.2 185.7 184.6 184.6 184.6 184.6 183 181.4 179.4 178.1 176.9 175.7 175.1 174.6 173.8 173.1 174.1 175 175.9 176.7 175.7 174.2 172.4 169.2 167 163.9 157.7 152.2 147.7 142.6 136.9 132.4 129.7 127.2 124.5 124.1 124.7 126.2 126.4 126.5 126.6 126.2 125.6 124.3 122.9 121.1 119.2 117.1 116.1 115 113.3 111.7 110.9 110 110 109.1
279.4 269 249.5 232.1 217.9 207 198.1 195 192.3 186.9 185.4 183.8 181.9 178.1 175.5 176.1 180.7 183.7 187.9 195.6 201.3 208.8 208.9 202.7 197.7 190.7 185.4 184.9 184.9 184.9 183.9 183 180.5 178.2 177 175.7 174.3 172.8 171.9 171.5 171.7 172.6 173.5 174 172.9 171.4 169.4 164.8 161.7 159.3 155 149.4 144.8 139.8 135.7 133.1 130.6 126.7 125 123.7 123.5 124.6 125.2 125.4 125.6 124.7 123.3 122.2 120.9 119.4 118.2 116.5 115.7 114.7 112.7 111.5 110.3 109.4 108.5 108.2
277.3 269.4 254.6 238.3 224.3 211 201.4 199.5 196.5 189.8 188.4 187.8 184.4 179.6 176.7 179.3 184.2 188.1 194.8 203.5 208.4 216.2 215.5 210.6 206.5 199.6 188.8 185.3 185.4 185.9 185.1 184 181.8 178.5 177.3 175.2 173.1 171.5 170.1 169.8 170.1 170.3 171.1 171.5 170.1 168.6 166.4 162.1 158.4 154.3 149.8 145.4 142 139 135.5 133.1 130.9 126.8 126 125.1 124.3 123.3 123.6 124.1 123.5 123 121.9 120.6 119.6 118.6 117.3 116.2 115.4 114.4 112.4 110.8 109.8 109.2 108 106.9
272.2 268.1 258.3 242.5 226.2 213.1 202.8 199.9 195.3 189.9 189.3 188.5 184.2 179.8 177.6 181 185.4 191.7 203.3 211.7 218.7 225.4 223.6 218.3 214.1 205.3 194.1 186.9 187.2 187.7 187.2 184.9 183 179 176.5 174.5 172.5 170.4 168.8 168.4 168.6 168.8 169.1 169 167.5 165.9 163.6 160 156.2 151.8 147.7 144.3 141.9 139.2 136.1 132.9 129.7 128.6 127.6 126.1 123.8 123 122.5 120.5 121.2 121.9 120.8 119.8 119.2 118.3 116.9 116 115.1 114.1 112.3 110.1 110 109.3 108.4 106.9
263.1 260.8 255.3 242.9 230.3 216 202.8 195.8 190.1 186.4 184.8 183.9 180.9 177.7 177.9 181 187 193.3 208.9 220 231.6 239.9 238 233.2 227.2 215.9 200 191.1 189.3 189.4 189.3 186.6 184.3 180.7 177.2 174 172.1 170 167.6 166.9 167.3 167.5 168.1 168.2 166.4 164.8 162.9 159.6 155.5 151 146.8 143.6 141.5 139.4 136.6 133.4 128.5 126.8 126 125.5 124.3 123 123.5 121.1 119.3 119.2 119.7 118.8 118.6 118.9 116.5 115.4 114.7 113.8 111.6 109.7 110.2 109.3 108.5 107.2
250.3 248.3 246.3 241.2 230.2 216.1 200.2 191.3 184 179 178.3 177.4 175.4 174.2 175.3 180.4 186.6 194.2 209.1 223.2 236.9 251.9 248.3 249.2 243.9 229.3 208.2 196.5 191.7 191.7 191.5 189.2 186.3 182.5 178.4 174.7 171.8 169.6 167.4 166 166 166.7 167.3 167.5 166 164.4 162.5 159.1 155.5 150.9 146.4 143 141 139 136.9 133.2 128.1 126.5 125 124.4 125 124.6 124.8 121.6 120.5 119.5 118.7 118.7 118.4 118.3 116.6 114.6 114 113.6 110.8 109.7 110.3 109 107.7 106.4
239.8 235.6 233.4 231.9 225.8 212 195.8 186.3 179 173.2 169.6 168.3 168.6 170.1 172.9 179.2 185.7 193.2 207.1 218.1 230.1 246.2 250.6 252.8 243.2 229.4 215.1 203 194.1 192.4 192.8 191.1 188.4 184.5 179.9 175.7 171.5 169.2 167 165.6 165.9 166.8 167.6 167.3 165.7 164.1 162 158.7 155.4 150.1 146.1 142.8 140.7 138.6 136.6 132.6 128.9 126.6 125.1 124.8 125.2 126 124.9 122.3 122.1 121 121.7 119.1 117.4 118.7 115.9 113.4 112.8 111.4 110.3 108.8 109.4 108.2 107.1 106.1
