data/300000-950000.asc
ncols 200
nrows 200
xllcorner 300000
yllcorner 950000
cellsize 50
[rows 144 to 179 of 200, columns 0 to 79 of 200]
175.9 174.5 172.4 169.6 167.4 164.9 162.4 160.4 158.6 157.5 156.5 155.8 155 154.2 153.7 153.6 152.4 151.3 150.3 149.6 148.8 148.1 147.4 146.3 145.1 144 142.8 141.7 140.7 140.7 140.7 139.8 136.8 137.2 140.9 144.2 147.8 151.7 153 152.3 151.3 150.6 149.8 148.9 147.5 146 144.5 143.1 141.9 140.9 140.2 141.3 142.3 143.3 145.1 146.2 147.2 147.4 147.1 146.3 145.7 144.2 143.4 142.7 142 141 140 139.2 138.3 137.4 136.1 136.3 136.1 135.3 133.6 131 128.4 127 124.7 122
176.2 174.5 172.6 169.7 167 164.4 162.1 159.8 158.1 156.9 155.7 155.3 154.7 153.9 153.7 153 152.4 151.3 150.3 149.6 148.9 147.8 146.6 145.9 144.7 143.5 142.4 141.3 141.1 140.8 140.8 140 139 135.5 138.6 141.2 145.5 149.3 150.6 151.1 150.7 150.2 149.5 148.6 147.1 145.6 144.1 142.8 141.8 140.8 140.5 140.2 141.2 142.3 143.8 144.5 145.5 146.2 146 145.3 144.7 143.7 142.6 141.7 140.2 139.3 138.6 137.8 137 136.2 135.1 134.3 134.1 133.4 132.7 130.5 128.7 127.1 124.9 122.7
176.5 174.7 172.7 170 167.3 164.6 161.7 159.2 157.6 156.2 154.9 154.5 154.1 153.7 153.2 152.5 151.6 151.3 150.4 149.4 148.1 146.8 145.9 144.5 144.3 143.1 142 141.4 141 140.8 140.2 139.3 138.4 137 134.8 139 142.9 146.6 148.9 149.7 149.7 149.7 149.1 148.2 146.7 145.1 143.5 142.4 141.6 141.3 141 138.7 139.9 141 142.1 143.2 144.2 145.2 144.9 144.3 143.6 142.7 141.4 139.6 138.9 138.2 137.5 136.8 136 134.9 133.8 132.7 131.9 131.3 130.8 129.9 128.1 126.5 125.1 123.4
176.8 174.9 172.8 170.4 167.6 164.5 160.9 158.4 157.3 155.6 154.2 153.6 153.4 153.1 152.8 151.9 150.9 150.5 149.3 148.3 146.9 146.4 145.2 142.8 142.7 142.6 141.8 141.3 140.9 140.3 139.4 138.5 137.7 136.3 134.8 138.3 141.5 144.7 147.2 147.9 147.9 148 148.6 147.6 146.1 144.5 143 142.5 142.2 141.9 141.6 140.8 138.2 138.8 139.7 141.2 142.7 143.9 144.1 143 142.4 141.3 139.7 138.3 137.8 137.1 136.5 135.7 134.7 133.6 132.5 131.5 130.8 130.1 129.6 128.9 127.4 126 124.5 123.2
177 175 173.1 170.9 167.9 164.2 160 158.1 157 155.5 153.6 152.8 152.4 151.6 151.6 151 150.1 148.7 147.3 146.5 146.1 146.1 144.4 141.2 141.1 140.7 140.8 140.2 140.3 139.7 138.6 137.8 137.4 136.6 135.1 138.2 139.3 142.6 144.6 145.5 145.6 145.7 147 147 145.3 143.8 142.5 142.7 142.4 142.1 141.8 141.5 140.8 138.4 137.5 138.9 140.4 142.4 142.9 141 140.2 140.2 138.7 137.2 136.3 135.9 135.4 134.6 133.4 132.3 131.2 130.5 130.1 128.8 128.2 127.3 126.2 125.1 124 122.4
176.8 175.1 173.3 171.3 168.2 163.7 159.4 158 156.8 155.7 153.4 151 149.4 149.7 149.9 149.7 148.8 148.3 149.1 147.8 146.3 144.3 143.4 140.8 140.1 140.4 137.5 138.7 139.2 138.9 137.9 137.4 136.8 136.6 132.9 136.6 138.4 140 141.9 142.7 143.4 144 145.3 146.4 144.6 142.1 141.8 142.1 142.3 142.3 142 141.7 141.6 140.1 140.1 137.4 138.6 140.7 139.9 138.8 138.3 138.4 137.6 136.2 134.8 134.4 133.9 133.2 131.9 131.1 130 129.5 129.1 128.5 126.8 125.8 124.9 123.9 122.9 121.4
176.6 175.1 173.4 171.6 168.6 163.4 160.1 158 156.9 155.6 153.6 152.2 149.8 148.6 148.2 148.1 148.3 149.1 148 145.2 145.5 144.2 145.4 144.2 143.6 142.7 140.6 137.5 136.8 136.2 136.1 135.9 136.1 136.5 133.1 136.9 138.9 139.7 139.5 140 140.7 141.9 143.2 144.7 143.2 140.9 141 141.2 141.7 141.8 141.9 141.9 141.8 141.6 140.6 139.5 136.9 137.8 136.7 136 136 136.6 136.5 135.2 133.8 132.9 132.4 131 130.3 129.9 129.1 128.7 128.3 127.7 126 125 124 123 122 121
176.3 175.1 173.4 171.7 167.9 163.1 160.6 158.5 156.8 155.6 153.9 151.6 150 148.1 147.6 148.5 147.8 146.5 147.5 147.2 146.9 146.7 146 144.9 144.3 143.6 142.2 140.8 137 135.2 136.5 134.8 133.6 135.9 134.2 138 138.5 138.5 138.1 136.8 137.6 138.6 139.7 141.9 140.2 140.2 140.3 140.5 141 141.3 141.4 141.5 141.5 141 140.7 139.9 137.6 134.8 134.1 133.7 133.6 133.6 134.5 133.5 131.9 130.9 130.2 128.6 128.7 129 128.7 128.3 127.5 126.6 125.1 124.1 123.1 122.1 121.1 120
175.9 174.7 173.1 171.3 167.5 163 161.1 159 157 155.6 153.9 150.9 149.3 148.3 148.3 148.7 148.1 150 149.9 149.4 148.7 147.9 146.6 145.6 144.9 144.2 143.3 141.8 141.3 139.2 139.4 137.9 136.8 132.9 136.1 137.1 138.5 136.4 133.8 132.6 133.1 134.6 136.3 138.5 138.1 137.8 139.6 139.8 140.1 140.7 140.9 141.1 141.6 141.1 140.5 139.9 138.8 136.3 133.8 132.6 129.9 130.8 132 131 129.4 128.5 127.7 126.7 126.5 126.7 127.5 126.3 125.7 125.2 124.2 123.2 122.2 121.1 120.1 119.1
175.5 174.1 172.7 170.3 166.1 163 160.3 158.1 156.8 154.3 152.4 151.2 149.9 151.1 150 148.6 150.3 150.4 150.4 150.1 149.5 148.4 147.2 146.3 145.6 144.8 144.1 142.8 142.3 141.2 139.6 138 137.2 135.5 133.5 132.9 132.9 132.5 132.5 132.5 132.5 132.5 134.6 137.4 136.1 136 136.2 138.1 139.2 139.8 140.4 140.9 141.3 141.1 140.6 139.9 139 138.1 135.8 134 132.2 128.6 129 128.4 127.4 126.8 126.5 124.9 124.8 124.5 125.5 125.8 124.8 124.1 123.5 123 122 121 120 118.8
174.2 172.8 170.5 168.7 165 162.6 160 157.6 155.5 155.7 154.8 153.5 152.2 151.7 149.2 150 151 150.9 150.8 150.8 150 148.9 147.7 146.9 146.2 145.5 144.7 143.9 142.9 141.4 139.1 138.1 138.5 137.6 134.4 132.5 132.5 132.5 132.5 132.5 132.5 132.5 133.4 134.2 133.3 134.1 133.7 134.7 136.8 139.2 140.3 141.1 141 141.2 140.6 139.8 138.9 138 137.1 135.6 132.9 130.4 128.4 127.1 126.6 126.3 126.6 127.8 127.5 126.8 123.6 124 124.2 122.6 122.8 123.1 122.5 121.6 120.2 117.4
171.7 170.1 168.6 167.1 164.1 161.8 159.7 157.9 158.6 157 155.9 155.3 154.6 153.2 151.2 151.5 152 151.9 151.8 151.5 150.5 149.4 148.5 147.8 146.8 146.1 145.4 144.3 142.7 140.4 140.8 140.8 139.7 137.8 132.5 132.5 132.5 132.5 132.5 132.5 132.5 132.5 132.5 132.5 132.5 132.5 132.5 132.5 134.1 138.2 139.7 141.1 141.7 141.7 140.9 139.8 138.9 138 137.1 136 133.1 131.2 129.9 128.1 128.5 129 129.1 128.9 128.6 128.4 127.1 124 122.7 121.4 122.1 122.7 122.1 121.6 120.8 118.6
170.1 168.6 167.4 165.4 163.7 161.3 161.6 160.7 159.7 157.9 156.5 156 155.4 154.8 154.1 151.2 152.9 153 152.8 151.9 150.9 149.9 149.3 148.8 147.7 146.5 144.9 144.5 143.5 143.3 143 142.4 140.8 136.6 132.5 132.5 132.5 132.5 132.5 132.5 132.5 132.5 132.5 132.5 132.5 132.5 132.5 132.5 132.5 135.5 138.9 141.2 142.1 142 141.4 140.2 139 138.1 137.2 136.1 133.5 131.5 130.3 129 129.2 129.5 129.3 129.2 129.1 129.1 127.6 126.2 124.6 121.4 121.9 121.6 120.5 118.2 121 119.5
170.1 168.7 166.2 165.1 164.4 162 162.1 161.2 160.1 158.7 157.1 156.8 156.2 155.5 154.3 153.5 153.5 153.8 153.4 152.4 151.4 150.6 150 149.5 148.6 147 145.2 144.9 145.1 144.1 142.5 141 139.4 135.8 132.5 132.5 132.5 132.5 132.5 132.5 132.5 132.5 132.5 132.5 132.6 132.5 132.5 132.5 132.5 132.9 139.1 141.7 142.5 142.6 142.5 141.5 139.8 138.4 137.3 136.2 134 132 130.6 129.7 129.7 129.5 129.3 129.2 129.1 129 127.4 126.3 125.1 122.7 119.9 120.6 118 117.1 117.4 119.5
170.3 169 167.8 166.8 165.2 162.1 161.6 160.4 158.7 159 157.7 157.4 156.9 155.6 153.9 153.3 152 154.5 153.6 152.8 152 151.2 150.3 149.5 148.6 147.4 146.3 146.6 145.8 144.9 143.3 141.7 140.1 137.2 133.8 132.7 132.6 132.5 132.5 132.5 132.5 132.5 132.5 132.5 132.7 132.5 132.5 132.5 132.5 132.6 138.9 142 143.1 143.3 143.3 142.7 141.5 139.9 138.3 136.4 134.5 132.5 130.9 130.1 129.8 129.6 129.4 129.2 129.1 128.3 127.2 126.2 125.1 123.2 121 117.8 118.4 118 116.7 117.5
170.9 169.5 168.5 167.4 166.3 164.9 163.3 161.2 157.8 157.3 158 156.9 156.1 155.4 153.2 151.5 155.1 154.3 153.5 152.8 152 151.5 150.6 149.6 148.6 147.7 147.8 147.4 146.4 145.5 144 142.4 140.8 138.2 134.7 132.6 132.5 132.5 132.5 132.5 132.5 132.5 132.5 132.5 132.5 132.5 132.5 132.5 132.5 132.5 137.7 141.9 143.5 143.9 144 143.5 142.9 141.6 140.1 137.4 134.3 132.8 131.4 130.6 129.8 129.6 129.4 129.3 129.1 128.2 127.1 126.1 125 123.8 119.5 120.1 120 118.5 117.1 115.2
171.4 170.3 169.1 167.9 166.7 165.1 163.8 162.7 161.6 159.5 155.8 157.9 156.3 155.6 155.3 155.9 155.4 154.6 153.6 152.7 152.5 151.8 151.1 150.2 149.2 149 149.3 148.4 147.3 146.2 144.5 142.7 140.9 139 134.7 132.5 132.5 132.5 132.5 132.5 132.5 132.5 132.5 132.5 132.5 132.5 132.5 132.5 132.5 132.5 136.3 140.7 143.8 144.3 144.7 144.4 143.7 143.1 142.1 138.6 135.1 133.5 132 131 129.8 129.6 129.5 129.3 128.9 127.9 126.7 125.6 124.5 122.5 119.3 122.3 120.6 119.3 118.1 116
171.5 170.7 169.6 168.4 167 165.2 163.9 163 161.9 159.9 159.8 159.3 158.7 157.5 156.8 156.4 155.8 155.2 154.2 153.3 152.4 152.1 151.4 150.7 149.7 150.6 150.3 149.5 148.5 147.3 144.9 143 141.1 139.2 136.4 132.5 132.5 132.5 132.5 132.5 132.5 132.5 132.5 132.5 132.5 132.5 132.5 132.5 132.5 132.5 136.1 140.6 143.7 144.3 145 145.1 144.7 144.1 143 140.5 137 134.5 132.6 131.5 130.2 129.7 129.5 129.1 128.4 127.5 126.4 125.4 124 120.6 122.4 122.7 121.6 120.3 118.6 117.4
171.5 170.8 170 168.8 167.2 165.5 164.2 163.2 162.1 161.3 160.7 160.1 159.4 157.9 157.1 156.7 156.1 155.3 154.4 153.1 152.2 151.4 151 150.7 150.9 151.8 151.3 150.5 149.8 148 145.6 143.3 141.4 139.7 138.3 133.9 132.5 132.5 132.5 132.5 132.5 132.5 132.5 132.5 132.5 132.5 132.5 132.5 132.5 132.5 134.8 140 143.8 144.7 145.4 145.4 145.2 145.1 143.5 142 139.1 136.6 133.6 132.1 130.7 129.7 129.3 128.4 126.6 125.4 127.2 124.8 123 121.9 122.5 122.8 122.3 121.2 120 118.8
171.6 170.8 170.1 169.2 167.7 166.3 164.6 163.7 162.1 161.5 161 160.3 158.9 157.7 157.4 157.1 156.2 155.4 154.5 153.2 152 151.2 151.1 150.9 150.8 151.6 151.9 151.1 150.3 148.6 146.4 144 141.8 139.7 138.3 132.7 132.5 132.5 132.5 132.5 132.5 132.5 132.5 132.5 132.5 132.5 132.5 132.5 132.5 132.5 133.1 140.5 143.6 145.3 145.6 145.7 145.5 145 144 142.5 140.7 137.2 135 133.3 131.6 129.6 128.3 127.2 124.4 124.7 123.4 123.4 122 121.3 121.2 121.7 122.2 121.8 121 120
171.6 170.8 169.8 169 168.4 167.1 165.4 163.5 162.3 161.8 161.2 160 158.7 158 157.7 157.4 156.2 155.4 154.6 153.5 152 151.5 151.4 151.2 151.1 151.4 152.1 151.4 150.2 148.6 146.6 144.6 142.1 139.1 136.3 132.9 132.5 132.5 132.5 132.5 132.5 132.5 132.5 132.5 132.5 132.5 132.5 132.5 132.5 132.5 133.5 140 143.5 144.7 145 145.3 145.2 144.8 144.4 142.9 141.4 138.4 135.6 134 132.3 130 128.2 123.7 125.5 125.8 125.4 123.4 122.5 122.4 122.1 122.6 122.5 121.9 121.3 120.4
171.1 170.3 169.4 168.7 168.2 167.1 165.4 163.3 162 161.3 160.7 159.8 158.5 158.2 157.9 157.6 156.2 155.4 154.6 153.8 152.8 152.2 152 151.7 151.4 151.2 152.2 151.3 150 148.5 146.2 144 141.9 138.8 135.8 133.8 132.5 132.5 132.5 132.5 132.5 132.5 132.5 132.5 132.5 132.5 132.5 132.5 132.5 132.5 134.4 139.8 143.2 144.1 144.4 144.7 144.6 144.5 144.3 143.1 141.4 138.6 136.3 134.7 132.8 130.4 127.3 124.9 126.3 126.3 126.1 125.5 124.1 123.4 122.9 123.1 122.5 121.9 121.3 120.7
170.3 169.8 169.1 168.6 167.9 167.1 165.3 163.2 161.4 160.8 160.2 159.5 158.7 158.5 158.2 157.8 156.3 155.4 154.7 154.1 153.5 153 152.6 152.1 151.6 152 152 151 149.7 148.1 146 143.8 141.7 139.2 135.8 132.5 132.5 132.5 132.5 132.5 132.5 132.5 132.5 132.5 132.5 132.5 132.5 132.5 132.5 132.5 135.7 140.5 142.5 143.6 143.9 144.1 144 143.7 143.8 142.8 141.2 139.3 137.3 135.3 133.3 130.6 124.4 124.3 126.8 126.7 126.5 126.3 125.4 124.1 123.7 123.1 122.5 121.9 121.3 120.7
169.3 169.4 168.9 168.4 167.7 167 165.2 163.1 161 160.2 159.6 159 158.7 158.4 158.1 158 156.5 155.4 154.7 154 153.3 151.9 151.8 151.8 151.6 150.9 151.5 150.7 149.2 147.7 145.7 143.5 141.5 139.5 136.2 132.5 132.5 132.5 132.5 132.5 132.5 132.5 132.5 132.5 132.5 132.5 132.5 132.5 132.5 132.5 136.5 139.7 141.7 142.8 143.3 143.4 143.1 142.3 142.4 142.4 140.8 139.1 137.1 134.4 132 123.7 124.9 129.2 128.1 127.1 126.9 126.7 125.7 124.6 123.8 123.2 122.6 122 121.4 120.8
167.8 168 168.3 168.2 167.5 166.7 165.1 163 160.9 159.6 159 158.6 158.3 158 157.8 157.8 156.5 154.9 154.2 153.6 152.9 151.2 149.8 149.8 149.5 149.3 150.7 150.3 148.8 147.2 145.5 143.3 141.3 139.3 136.9 132.5 132.5 132.5 132.5 132.5 132.5 132.5 132.5 132.5 132.5 132.5 132.5 132.5 132.5 132.5 136.4 139.2 141.1 142 142.8 142.5 141.7 140.9 141.1 140.8 140.2 138.7 136.6 132.4 125.7 124.3 129.3 131.2 130.2 129.2 128.1 127.1 126 124.8 123.8 123.2 122.7 122.2 121.7 121.2
165.7 166.8 167.4 167.3 166.6 164.9 163.3 161.9 160.7 159 158.6 158.3 157.9 157.7 157.6 157.6 156.3 154.3 153.7 153 152.4 150.9 148.4 148.4 148.4 148.4 149.4 149.9 148.4 146.8 145.2 143.1 141.2 139.3 137.4 132.5 132.5 132.5 132.5 132.5 132.5 132.5 132.5 132.5 132.5 132.5 132.5 132.5 132.5 132.5 134.4 138.8 140.8 141.6 142.2 141.7 140.9 139.7 131.2 127.8 128.5 126.4 125.8 124.9 124.3 126 132.6 132.7 131.7 130.7 129.5 128 126.7 125.4 124 123.5 123 122.5 122 121.6
163.8 164.9 166 165.7 164.2 162.7 162.2 160.8 159.4 158.3 158.1 157.9 157.6 157.4 157.4 157.7 156.2 153.8 153.2 152.7 152.2 151.5 148.4 148.4 148.4 148.4 148.4 149.4 148.1 146.5 145.2 143.6 141.9 139.9 137.5 132.5 132.5 132.5 132.5 132.5 132.5 132.5 132.5 132.5 132.5 132.5 132.5 132.5 132.5 132.5 132.8 138.3 140.5 141.1 141.6 141.4 140.5 136.9 124.9 126.6 128 128.1 132.5 134.4 133 133.4 134 134.3 133.2 131.7 130.2 128.9 127.6 126.1 124.5 123.7 123.3 122.8 122.3 121.8
162.1 162.8 163 162.6 161.6 160.5 160.4 159.7 158.2 157.5 157.4 157.2 157.1 157.4 157.7 157.5 155.3 153.3 153.3 152.8 152.2 151.5 149.3 148.4 148.4 148.4 148.7 148.9 147.9 146.6 145.4 143.9 142.3 140.7 137.4 132.5 132.5 132.5 132.5 132.5 132.5 132.5 132.5 132.5 132.5 132.5 132.5 132.5 132.5 132.5 132.6 137.5 139.7 140.5 141 140.5 139.5 128.2 127.2 138.7 140.6 141 139.1 137.2 135.5 135.4 135.3 135.1 134 132.5 131 129.7 128.2 126.6 124.9 124.5 123.5 123 122.6 122
159.6 159.8 160.1 159.7 158.7 158.7 158.6 158 157 156.7 156.6 156.6 156.5 156.5 156.9 155.9 153.9 152.9 152.8 152.8 152.3 151.6 151.1 148 148.4 149.5 149.7 149.1 147.8 146.8 145.6 144.1 142.5 140.6 138.3 132.5 132.5 132.5 132.5 132.5 132.5 132.5 132.5 132.5 132.5 132.5 132.5 132.5 132.5 132.7 133.7 136.8 139 139.9 140.3 140 138.9 128.5 129.8 140.4 142.5 142.3 140.4 138.3 136.6 135.9 136.1 135.3 134.4 133.3 131.8 130.4 128.8 127 125.4 125 123.8 123.3 122.8 122
158.3 158.1 157.9 157.8 157.8 157.8 157.5 156.7 156.1 156.1 156 155.9 155.9 155.8 156.1 154.4 153.1 152.3 152.2 152.3 152.3 152 151.6 151.3 150 150.6 150.2 148.6 147.4 146.3 145.3 144.3 142.7 140.5 138.8 136.7 133.5 132.5 132.5 132.5 132.5 132.5 132.5 132.5 132.5 132.5 132.5 132.5 132.5 132.8 134.8 137.3 138.3 139.2 139.6 139.4 138.5 131 129.8 140.8 142.2 141.4 140.3 139.3 137.6 136.4 136.3 135.5 134.6 133.7 132.5 130.9 129.3 127.4 125.8 125.1 124.6 123.6 122.9 122
157.1 157.1 157 156.9 156.5 156.1 155.8 155.2 155.1 155.3 155.3 155.2 155.2 155.2 154.8 153.7 152.5 151.7 151.5 151.7 152 151.8 151.4 151.3 151.4 151.2 149.9 148.9 148 146.8 145.6 144.4 143 141.2 139.3 138 137.8 136.8 137 137.6 137.9 136.9 136.3 135.6 134.1 132.5 132.5 132.5 132.8 134 133.1 134.7 137.2 138.4 138.9 138.6 137.8 131.5 125.8 140.3 141.5 140.8 140.1 139.4 138.2 137 136.4 135.8 134.9 133.5 132.3 131.4 129.8 127.8 126.3 125.6 125.4 123.3 122 120.9
155.9 156 155.7 155.3 154.9 154.5 154.1 153.8 154.1 154.5 154.5 154.5 154.4 154.3 153.4 152.4 151.5 151.3 151.1 151.3 151.7 151.6 151.2 151.4 151.7 151.4 150.3 149.3 148.4 147.4 146.2 145 143.7 141.9 140 138.9 137.6 137.2 138 138 138 138 136.8 137.3 137.5 136.6 135.7 136.3 137.2 136.1 133 132.8 135.5 136.5 137.4 137.7 136.1 130.1 126.4 139.2 141.5 140.8 140.4 139.5 138.3 137.5 136.8 136 134.5 133 131.8 131.2 129.9 127.9 126.1 124.4 123.9 122.8 120 119.3
154.6 155 154.7 154.3 153.9 153.6 153.3 153 153.4 153.7 153.6 153.5 153.4 152.8 151.8 151.1 150.8 150.9 150.7 151 151.3 151.4 151.2 151.5 151.6 151.6 150.6 149.7 148.8 147.9 146.7 145.5 144.2 142.6 140.7 139.8 138.9 137 136.6 137.5 138 138 138 137.8 137.7 137.4 137.4 137.3 134.4 132.8 133.9 136.1 133 132.5 129.9 133.2 130.2 126.8 127.6 138.8 140.7 140.9 140.7 139.6 138.9 138.1 137.4 136.3 135.1 134 132.1 131 129.3 127.7 125.9 123.8 122.8 121.8 120.2 120.4
153.3 154 153.7 153.5 153.2 152.9 152.6 152.4 152.8 151.8 152.4 152.4 152.3 151.2 150.8 150.5 150.2 150.4 150.3 150.6 151 151.2 151.3 151.3 151.4 151.4 151 150.1 149.3 148.4 147.3 146 144.7 143.2 141.6 140.7 139.8 139.1 138.3 137.3 137.4 137.8 138.1 138.1 138 137.8 137.7 135.9 133.7 133.6 134.8 137.2 137.9 136.7 136.8 133.6 135 133.6 136.4 139.9 140.4 140.9 140.9 140.2 139.5 138.8 137.7 136.6 135.4 134.3 133.1 131 129.2 127.6 125.8 123.6 121.7 120.5 118.6 121
151.3 152.7 152.5 152.4 152.3 152.1 151.8 151.7 150.4 149.9 150.7 151.1 150.7 150 150.1 149.8 149.6 149.8 149.9 150.3 150.6 151.2 151.5 151.7 151.9 152.1 151.4 150.6 149.7 148.8 147.9 146.5 145.2 143.9 142.5 141.6 141.1 140.5 139.9 139.2 138.5 137.8 138.1 138.2 138 138 136.4 135.9 135.8 132.8 134 138.1 139.2 139.2 139.2 139.3 139 139.3 139.5 140.7 141.1 141.5 141.1 140.4 139.5 139.5 138.2 137 135.8 134.7 133.5 131.7 129.4 127.2 124.7 122.2 120.1 118.6 118.6 119.6
148.2 150.9 150.9 150.8 150.8 150.9 151 149.1 148 144.7 143.7 144.6 147.8 148.6 149.1 149.2 148.9 149.2 149.5 149.9 150.4 151.4 152.1 152.4 152.6 152.7 151.9 151 150.3 149.6 148.8 147.8 146.2 144.6 143.5 142.4 141.6 140.9 140.3 139.7 139.1 138.5 138.2 138.2 138.2 137.8 137.3 136.9 136.9 133.1 133.1 137.5 138.7 139.3 139.9 140.4 140.7 140.7 140.5 141.4 141.8 141.6 141.1 140.7 139.8 139.5 138.6 137.5 136.2 135.1 133.8 132.2 130.4 127.3 124.2 121.8 118.6 118.6 118.6 118.6
