data/300000-770000.asc
ncols 200
nrows 200
xllcorner 300000
yllcorner 770000
cellsize 50
[rows 140 to 174 of 200, columns 78 to 155 of 200]
725.2 714.5 697 679.4 665.5 653.1 642.5 632.8 619.1 606.2 598.4 590 584.2 578.8 576.2 577.2 577.3 576.5 575.3 574.1 572.3 572.1 571.1 570.9 569.7 570.4 571.4 570.6 567.9 568.7 572.5 574.8 579.6 587.5 592.2 596.2 602.7 606.6 609 607.8 603.2 596.9 591.5 580.4 561.6 568.2 574.7 573 560.6 581.3 608.2 626.9 646.9 668.6 687.6 706.3 720.9 733.5 741.4 745 742 733.9 722.3 710.7 694.4 684.6 675.3 662.6 650 641.6 635.8 629.3 635 636.1 639.9 647 655.1 663.9
723.6 715.4 701.5 688.6 671.7 656.7 647.1 638.8 626.3 622.7 613.1 605.6 599.1 590.4 585.3 577.5 572.9 571.4 571.3 570.6 568.2 566.6 563.4 561.8 560 558.5 558.7 556.7 554.7 556.3 559.5 560.2 560.4 569 575 580.4 587.5 594.5 598.7 599.5 596.9 590.8 586.5 579.9 568.6 552.9 561.7 563.4 554.7 573.7 596.6 619.3 636.3 658.5 679.5 696.7 713.1 725.7 733.6 739 731.7 726.5 717.2 698.1 687.8 680.5 669.7 656.8 645.9 636.9 629 628 630.5 631.9 636.3 642.6 652 658.2
722.4 714.2 699.9 690.3 678.7 664.9 655.9 648.4 639.9 637.5 632.5 625 617.3 608.4 603 596 591.1 581.9 577.2 571.4 569.7 571 570.7 569.4 569.2 567.6 564.8 562.2 558.3 554 551.3 553.3 548.5 550 555.8 562.9 569.1 577.4 583.7 589.6 589.6 586.1 581.6 575.6 566.7 555.6 546.4 551.7 545.6 568.3 585.5 604.1 624.9 647.8 667.8 685.6 701.7 716.1 725.4 726.4 720.8 716.2 705.6 693.9 681.9 674.2 663.9 651.5 640.2 630.8 624.9 622.9 625.8 627.8 632.1 637.3 645 657.4
723.7 715.6 704.2 695.8 687.5 674.7 666.5 659.3 657.5 652 648.6 641.6 633.5 625.4 621.2 613.6 606.6 599.1 594.3 590.9 588.1 589.7 590.2 588.4 586.6 583.8 582.6 581.4 578 574.6 570.8 565.9 559 553.1 545.5 547.1 555.6 562.6 567.6 572.7 574.5 578.6 573.1 570.3 562.8 557 539.6 537 542.4 556.2 572.3 587.9 605.9 631.8 653.2 669.1 682.7 698.2 707 707.3 714.1 707.4 699.9 687.9 678.3 666.3 656.1 643.4 633.4 623.4 619 611.3 619.1 623.4 627.7 633.7 641.3 653.5
727.6 721.6 712.7 705.2 697 690.5 681.4 675.5 672.4 670 664.1 656.8 648.4 640 634.7 626.4 619.4 611.5 610.4 606.2 608.2 608.6 605.5 603.9 602.1 597.7 596.2 597.1 595 592.1 588 580.9 574.5 565.8 557.4 550 539.9 547 552.2 556.9 563.9 565.2 565.9 559.9 560.1 551.1 545.6 521.3 526.9 543.8 557.6 571.4 589.6 606.9 631.7 649.3 660.6 674.6 685.7 694 701.5 699.7 694.9 685 675.5 659.5 646.2 635.1 626.7 619.3 611.8 603.6 612.7 617 622.6 630.1 637.8 649
728.4 727.1 722 717.6 710.7 704.2 699.6 694.2 690.5 687.6 681.4 671.2 660.9 654.6 646.7 637.3 630 627.1 626.4 624.1 624.5 625.8 623.4 621.5 619.6 608.4 612.2 612.1 611.2 609.1 602.1 595.1 588.4 577 568.6 560.2 550.4 535.2 540.2 546 547.1 551.4 549.8 549.3 550.6 545.3 539.8 526.4 514.5 528.3 540.6 555.3 567 585.5 610.1 634.1 651.2 661.3 671.6 679.7 688.1 688.6 686.1 677 665.8 650.4 637 627.8 620.7 613.8 607.4 600.6 607.6 611.5 618.2 628.4 636 648.4
730.7 732.6 730.1 726.5 723.3 718.7 715.6 714 711.6 706.7 700.1 687.1 676.3 667.4 655.5 645.9 644.9 643 642.3 641.9 642.5 644.4 644.6 644.2 637.3 628.4 633.2 634.6 633.2 629.2 622.6 612 603.8 591.6 579.5 571.9 559.3 548.3 535.3 529.6 535.7 540.6 538.5 539.2 534.2 534 525.4 518.5 504 515.6 525.3 539.5 550.7 567.2 585.9 612 632 642.8 652.8 663.1 672.5 674.5 675.3 667.6 656.6 645.1 628.4 622 613.6 606.9 600.9 587.1 602.4 610.5 616 626 636 648.7
732.2 738 737.7 737 733.6 730.6 726.9 725.2 726 722.9 712.9 700.6 686.3 677 663.8 659.6 659.6 658.9 660.4 662 664.9 667.6 667.8 664 656 647.6 652.8 652.6 652.4 648.8 642.6 634.3 618.7 604.2 591.1 578.2 567.7 554.2 544.4 538.5 531.3 526 515.9 511 511 503.6 509 506.6 498 498.7 509.6 524.5 535.4 547.9 567.7 586.7 606.6 624.3 636.1 645.5 652.9 656.6 659.3 652.8 643.7 636.8 620.4 613.6 605.6 599.5 593 582.4 596.7 605.6 614.8 623.1 635 646.7
726.2 738.4 743.5 742.3 739.4 736.4 732.7 728.8 728.3 724.1 715.9 707.4 694.5 682 673.1 673.5 674.1 677.2 682.1 686.4 688.9 690 688.8 683.4 672.3 666.2 671.3 675.4 676.7 668.3 660.1 649.3 633.5 617.3 600.8 583.3 568 557 556.3 553.1 545.5 532.7 534.2 530.3 528 517.3 507.9 489.9 493.6 491.3 492.8 506.8 520.5 531.9 547.8 565.5 580.1 597.8 611.6 624.5 634.2 641.6 646.4 641 637.6 629.9 617.5 599.5 593.1 584 578.3 570.2 588.5 597.9 609.2 620.1 632.5 645.3
717.6 731.8 744.1 747.3 745.3 737.3 729.1 725 724.8 721.2 715.7 709.6 701.5 689.5 684.5 688.5 692.4 696.3 701 706.1 710.3 711.2 708.2 699 688.3 681 689.8 697.8 695 691.5 678.7 664.6 647.5 632 608.6 589.1 574 579.3 580.9 576.8 571.4 565.4 557.8 549.6 543.2 534.4 525.7 511.4 500.7 490.6 480.2 486.5 501.4 512.8 528.8 543.8 557.2 571.2 587.3 600.7 611.3 621.7 625.6 629.6 622.2 615.4 605 592.1 582.6 570.6 563.8 565.4 578.9 590.2 601.1 614.1 625.9 640.3
712.8 729.7 743.7 749.7 753.5 748.7 733.9 724 722.2 720 715.9 709.3 701.8 698.1 699.5 705.3 710.7 713.7 717.7 723.3 728.7 728.5 727.5 715.1 703.7 694.5 708.2 715.5 714.1 706.7 693.7 677 658.7 638.9 616.6 596.5 583.2 596.4 595.8 595.4 591.6 589.3 581.7 572.8 561.3 553.8 542.9 528.6 515.9 504.3 490.7 479.6 482.9 493.8 509.7 523.7 538.6 551.5 565.1 577.9 586.5 601.1 608.5 613.9 607.5 605.1 597.2 579.6 568.6 560.8 557.2 552.7 568.2 578.1 588.6 602 615.5 630.5
709.3 728.2 738.6 746 747.6 747.8 744.1 738.2 729.2 723.3 717.2 712 704.5 707 709.9 715.7 719.9 723.7 731.5 740.7 743.2 742.5 739.3 729.3 717.1 712.7 718.5 723.4 724.5 719.7 707.6 685.9 668.9 648.9 626.4 607.2 592.9 604.6 610 610.7 609.4 609.8 604.1 593.3 584 574.6 562.9 548.2 530.8 515.7 500.5 486 475.5 477.3 490.2 503.5 518.7 531.8 541.8 550.3 560.5 573 582.1 587.5 591.8 593.1 585.1 566.9 557.9 552 548.5 543.8 555.1 563.9 573.3 584.1 600.6 616.5
707.3 724.2 733.4 738.3 739.3 739.6 741.2 745.6 742.7 734.2 726.6 719.1 716.6 717.8 722 728 731.5 739.3 748.1 755.5 755.9 755.4 751.8 742.5 730.9 729.3 731.5 734.3 734.5 726.1 712.6 694.4 674.5 659 637.3 619.4 610.3 610.3 620 624.5 628.4 634.3 631.5 619.9 609.5 595.2 579.5 564.7 549 535.3 518.1 498.2 485.9 476.1 471.9 480.9 496.3 510.8 520.8 525.6 536.5 549 554.5 560.7 568.1 571.7 566.9 554.1 546.6 540.7 534.7 531.6 537.9 547.5 558.7 564.4 580 594.3
706.5 717.2 722.5 726.8 731 734.2 738.9 750.7 756.3 746.5 736.4 726.9 724.6 730.7 737.2 746.3 750 752.9 756.9 759.9 762.2 761.2 757.8 752.4 746.5 744.2 743.8 743.7 738.9 731 717.7 700.8 683.7 669.1 647.7 630.3 622.7 620.8 628.7 639.4 649.6 657.6 656.5 644.9 631.7 618.8 599.4 579 566.5 553.6 537.6 517.5 498.6 485.9 473.7 469 474.5 487.6 498.3 506.6 512.3 524.5 531.5 535.2 544 551 555.5 548.1 537.1 530.3 527 521.1 525.5 533.1 540.9 545.3 555.2 568.2
705.8 710.1 712.3 715.8 723.4 730.9 737.6 751.4 763.7 763.7 750.2 737.8 736.3 738.8 744.8 752.1 756.1 758.1 759.6 761.2 762.5 763.2 760.7 758.6 755.3 753.4 751.3 748.2 742.3 734.5 720.2 703.1 690.4 676.9 662.1 645.3 633.6 630.7 639.7 651.1 664.2 676.2 682 671.5 657.4 640 621.4 602.4 584.3 570.9 553 534.1 516.5 503.8 487.9 473.6 465.8 466 476.1 485.3 492.6 500 506.4 514.3 517.9 522.5 530.1 530.3 521.3 520.2 522.9 512.9 511.8 516.1 520.6 527.8 534.8 544.1
701.2 700.7 701.1 706.3 717.5 728.9 736.3 751.4 765.9 768.8 761.5 749 742.4 740.7 743.7 746.7 751 750.2 748.6 750.4 758.2 762.7 763.5 763.1 761.7 760.1 756.1 752.2 746.4 736.8 722.5 708.7 693.7 683.4 673.7 662 647.4 640.9 650.2 659.8 673.1 688.8 698.7 693.5 682 661.7 642.4 627.2 606.4 587 567.7 549.2 532.3 518.9 505.4 489.2 474.6 463.2 461 461.4 469 481.4 486.9 493.7 498.1 500.3 507.8 506.3 507.4 505.7 507.1 499.8 496.5 498.1 499.4 505.5 512.9 520.9
688 689 689.9 696 710.1 724.6 734 754.3 768.4 773.3 770 760 751.3 743.7 737.9 738.1 739.8 740.1 738.1 749.8 757.5 764.3 767.6 769.2 769 767.6 764.4 759.3 753.7 743.8 731 714.5 700 685.8 675.9 665.2 654.3 653.6 662.7 669.4 681.5 696.7 710.7 711.6 700.5 679.8 664.9 645.3 627.3 609.6 588.1 568.1 551.5 535.3 521.3 510 493.9 480.2 468.8 458.2 453.5 456.1 465 472.4 476.1 477.4 482.8 484.4 488.2 485.5 485.4 481.2 478.7 482.5 483.2 486.2 491.6 500.1
674.4 677.9 678.6 687.2 700.7 716.6 733.4 755.3 769.8 776 775.6 768 760.3 751.7 742.6 737.6 735.5 736.5 742.5 752.6 763.4 771.6 777 780.1 779 777 774.4 770.1 762.2 751.7 740.7 727.1 711.6 694.3 683.6 670.4 663.3 663.1 671.8 682.7 696.2 706.2 716.9 721.7 715.2 698.4 682.3 666.2 646.5 627.5 610.3 590.9 573.7 556.4 539.9 526.2 512.9 502.4 488.7 472.8 462.4 454.2 448.4 447.7 450.5 459.8 463.4 466.6 465.8 467 468.6 467.9 465.8 467.4 468.4 468.5 473.9 482.1
656.1 658.7 666.6 678.9 694.8 715.6 735.6 757.7 770.6 778.1 778.4 773 764.9 756.5 749.1 743.1 735.1 734.1 739.7 749.5 761.5 774.9 784.3 789.6 794.3 793.2 789.6 784.5 776 764.2 753.1 739.2 722.9 709 696.3 688.3 683.1 676 683.3 696.6 706.8 715 721.1 725.6 721.7 713.6 700.4 689.1 665.7 648.6 630 613 598.7 576.9 557.4 547.2 533.4 522.4 509.9 494.8 478.9 465.6 454.5 447 442.6 441.4 444.3 446 445.7 450.2 455.7 456.3 451.4 449.6 451.1 452.2 458.8 463.1
635 643.1 662.9 678.8 697.9 718.5 740.1 762.2 775.4 780.4 780 776.3 769.2 760.1 749.7 741.2 731.8 729.9 734.6 747.9 760 776.4 785.5 793.8 802.3 806.5 806.8 802.7 794.8 781 768.8 753.8 738.9 725.9 718.8 710.8 704.9 691.5 696 709.3 713.7 719.4 723 723 722.5 716.6 708.1 702.8 686.4 672.1 650.1 630.9 612.6 595.6 577.9 562.5 553.5 542.7 532.5 517.5 502.5 488.3 471.2 456.6 450.4 442.7 440 439.2 437.3 435 433.9 438.5 439.2 438.4 441.3 441.4 440.4 448.2
632 649 669.3 682.4 700.4 723.4 747.4 769.5 780.8 784.3 782.3 778.1 771.9 761.6 747.4 735.9 727.4 725.8 733.6 746.7 756.5 772.1 785.4 796.5 805.4 811.5 813.1 810.3 800.7 790.1 780.8 769.6 757.3 744.9 736.8 725.8 719.1 707 707 716.7 717.9 720.9 720.5 718.3 717.4 711.7 705.9 702.3 693.1 680.9 670.8 649 634.1 612.4 596 581.3 569.2 554.4 546.3 537.9 524.5 510.1 495.2 473.7 463 452.3 444.3 438.7 434.8 431.8 429.2 428.1 425 427.7 433.8 430.9 427.4 431.1
633.6 652.7 673 684.7 701.7 727.8 755.4 773 780.8 784.5 782.9 779.1 772.4 761.3 746.3 732.5 724.8 724.7 732 743.5 752.3 766.2 782.4 794.6 803.2 809.5 813.2 807.7 795.8 786.4 779.4 771.8 759.7 748.1 740.3 730.1 721 713.8 712.1 721.4 723.7 717 713.8 709.8 705.7 702.1 697.4 691.9 681.7 671.6 663.3 656.7 643.1 620.8 599.1 591.1 578.2 564.5 555.1 544.6 536.3 520.5 504.9 501.2 491 482.7 472.3 459.7 453.1 447.8 442 434.4 429.1 425.1 421.6 419.8 420.2 420.5
634 654.3 670.8 685.2 701.6 725.7 752.1 769.1 778 782.8 781.4 778.5 770.9 760.4 744.2 732.1 724.5 723.6 731 740.2 751.5 763.5 776.3 789.4 796.7 800.3 800.8 791.5 780.5 770.1 761.6 756 747.2 742.6 734 729.7 726.5 722.9 728 734 728.2 719.8 717.9 711.7 702.4 693.8 686.3 682.1 670.4 659.3 651.8 644.4 630.3 619.9 608.7 599.9 586 572.4 559.9 550.5 535.8 532.9 529.6 525.4 520.3 511.7 501.9 491.1 485.3 477.4 469.6 461.8 451.8 436.3 422.7 419.9 417.2 414.6
632.2 654.9 670.1 684.3 700.6 720.7 745.4 762.3 772.5 778 778.7 775.6 768.4 757.4 744.6 732.3 724.4 722.5 730.8 739.3 751.6 763 772.7 782.1 787.8 787 779.5 770.7 759.9 752.7 744.3 740.6 738.9 736.2 734 731.7 734.9 741.4 744 743 738.2 729.9 721.2 715.7 708.8 699.2 691 678.5 664.2 648.8 640.7 631.9 624 617.6 611.8 603.7 592 579.9 568.7 553.1 553.2 554 555.5 555.1 552.1 538.4 525.6 519 512.3 503.1 496.1 487 476 463.1 443.7 429.3 421.7 420.6
629.4 653 667.6 681.9 696.9 716.4 734.8 755.4 765.8 772.8 774 770.9 766.2 757 745.7 732.9 721.8 718.5 728.4 739.1 750.2 760.4 769 777.5 780.1 775.8 768.5 756 744.2 735 731.4 731.5 732.8 734.3 736.5 746.9 751.9 754.8 752.6 747.1 745.1 739.9 728.3 722.8 715.6 706.2 693.1 676.7 661.1 646.9 633.9 622.6 617.2 612.1 607.3 600.6 592.5 582 571.2 566.4 569.9 573 576.3 577.5 575 569 559.9 547.3 537.2 529.1 519.4 508.4 496.4 483.6 467.5 454.8 442.5 433.3
621 647.5 663.6 675.6 689.7 708.5 725.2 745.9 758.2 765 767.8 767.9 763.7 755.9 745.4 734 719.2 715 725.7 735.9 746.1 754.1 762.8 767.4 769.2 760.2 748.7 738.5 728.2 720.7 717.8 721.1 729.3 738.4 748.3 759.2 760.9 762.2 763.4 756.8 757 751.9 740 727.9 722.6 710.6 696.4 681.1 668.4 655.3 642.3 630.3 620.4 611.2 602.4 594.6 585.6 576.6 575.7 581.8 588.3 592.8 594.7 593.4 592.7 587.5 579.7 570.1 562.7 552.7 543.1 532.1 515.5 502.7 488.6 473 460.3 447.3
610.2 636.1 656.7 666.3 681.4 698.6 714.8 734.3 749.8 757.5 761.4 763.6 761.5 754.4 744.6 732.2 717.9 708.5 720.1 730.6 737.7 745 752.1 753.7 747.9 738.1 728 719.8 712.8 706.4 703.7 710.7 727.5 737.3 751.5 761.5 768.8 772 776.9 770.8 765.9 760.8 751.8 740.3 728.1 720.5 708.7 695 680.4 664.8 651.9 640.1 628.9 618.6 606.3 594.5 585.1 586.6 590 597.5 606.4 611.3 612.8 611 607.7 603.5 596.4 586.7 577.9 569.7 561.8 554.5 540.7 524 508.6 491.8 477 463.1
601.8 620.3 645.6 654.8 670 685.3 703 722.5 738.7 751.8 756.5 758.8 758.1 752.7 741.6 728.5 712.5 697 712.4 721.2 723.1 732.3 737.5 732.1 723.3 715.7 704.6 699.9 696.5 691 693.1 710.4 723.3 732 749.1 761.6 771.6 780 791.3 787.4 775.4 767 760.5 749.2 736.5 728 718.8 710.7 701.1 684.6 666.3 650.9 638.9 624.8 610.8 599 597.3 599.1 606.6 615.6 623.7 629.6 630.9 628.7 624.2 617.2 610.6 600.6 591.8 586.8 579.8 570.3 554.8 539.5 526.9 510.3 490.3 476.7
596.4 607.2 629.7 642.8 657.9 672.2 691.1 711.9 729.5 744.3 751.4 755.2 754.5 748.3 735.9 722.5 704.5 685.8 700 705.1 706.3 711.8 712.2 707 698.3 690.9 683.6 678.9 676.4 674.9 687.6 705.6 717.2 727.4 742.6 760.9 776.3 791.1 804.5 801.7 789.4 777.1 767.7 758.7 748.5 736.9 727.4 720.1 712.1 701.5 688.1 668.4 650.2 633.5 617.2 608.2 612.7 618.2 626.9 635.4 643.1 648.2 649.5 645.2 639.3 631.1 621.1 610.7 604.5 601.2 598.7 583.9 566.6 549 533.4 521.3 505.9 489
590.3 598.2 617.6 631.4 646.2 660.1 679.5 700.6 720.3 735.1 745.7 750.9 748.9 740.5 728.1 712.7 694.9 671.4 682.5 688.8 689.7 690.5 686.3 680.2 674.3 668 664.2 659.6 657.8 665.2 681.2 698.1 711.2 719.3 740.2 762.9 781.5 802 815.6 816.7 803.6 790.3 779.1 768.8 758.9 749.8 737.6 725.6 717.7 707.7 697.3 680.8 656.4 643.2 632.6 624.1 629 638.1 645.9 657.1 662.6 666.7 665.5 661.6 655.1 645.9 634.5 625.1 619 617.4 611.7 596.2 574.6 558.4 543.3 529.2 514.2 500.8
583.7 595.7 608.9 620.5 633.9 649.1 668.2 689.2 712.9 728.3 740.2 745.7 740.6 730.9 716 700.7 687.6 667.6 661.6 670.1 673.9 673.6 662.6 656.9 656 652.2 648.4 646.8 650.5 662.7 678.4 694.9 710 723.2 743 768.6 787.6 804.7 823.4 829.1 818.4 805.8 793.7 781.7 771 760.3 746.1 735.5 722.9 711.2 700.3 683.3 672 661.6 644 640.7 646.3 657.7 667.3 675.8 683 685.4 682.6 677.2 669.8 660.4 649.2 640.6 633.5 632.6 629.6 607.7 581.8 565.8 552.1 537.9 523.9 511.1
578.3 590.9 601.5 613.5 625.3 640.8 658.1 681.8 703.9 720.2 730.5 735 728.1 717.3 702.3 688.1 677.4 661.2 639.9 651.6 655.7 653.1 645.3 643.3 641 638.3 637.4 638.6 651.1 665.9 680.2 699 716.2 731.3 751.7 775.9 794.7 807.7 822.8 835.8 831.5 820.7 809.3 797 783.7 771.3 758.7 745.9 732.8 717.2 704.8 699.5 691.5 676.8 659.9 657.1 664.8 678.6 689.1 697.8 700.9 703.1 698.3 692.4 682.8 671.7 661.7 654.2 647.5 642.1 633.6 613.1 587.3 572.7 558.5 545 532.2 519.2
572.6 583.6 593.8 606.1 619.3 633.8 651.4 679.6 701.9 714.5 718.6 717.4 709.8 696.7 682.7 671.9 662.9 648.7 632 633.7 637.2 634.4 631.1 631.1 629.6 627.7 626.6 639.7 654.6 670 690.4 712 730.4 747.3 762.8 784 799.5 810.8 823.3 838.8 839.5 831.7 820.7 807.6 797.1 785.2 771.9 758.4 742.3 723.6 714.7 711.3 707.2 694.4 676.1 676.4 687.9 701.2 713.4 722.6 724.9 723.7 717.9 709.5 697.8 687.7 677.6 667.3 655.7 642.8 624.9 607.3 592 574.3 562.1 549.8 537.8 528.3
566.8 575.8 586.7 599.2 613.2 628.2 650.1 683.3 706.8 712.3 710.2 703.9 693.9 677.3 662.9 653.6 646.3 635.9 622.4 617.3 620.7 621.2 620.2 618.8 617 616.5 628.1 643.2 663.7 688.1 710.5 730.2 749.9 766 778.9 795.8 803.2 812.8 825.9 840.8 842.6 835.9 829.2 821 810.8 799.9 786.6 770.2 752.5 734.5 726.7 720.9 715.3 704 690.1 694.2 705.8 721.4 736.7 748.1 751.7 750.2 744 731.5 716.4 702.3 687.6 670.8 651.1 632.7 617.5 601.8 588.5 574.1 563.7 553.4 544.7 539.6
562.9 570.2 581.9 594.3 607.3 623.1 648.1 681.3 708.4 711.2 706.6 696 678.9 663.5 650.7 639.5 631.1 622 614.1 605.5 607.5 608.4 608.3 608.2 604.8 616.1 633.4 650.4 676.4 701.1 722.2 742.1 761.4 777.9 791.1 803.5 808.8 814.6 823.6 836.6 839.4 837.7 835.6 830.8 823.3 813.9 801.5 785.8 766.2 749.1 740.8 734 724.9 713.3 707.1 713.2 723 736.9 752.9 766.7 773.9 774.3 769.4 757 739.8 722.3 703.2 679.7 652.1 631.1 616.2 603.4 590.8 577.7 569.5 561.5 555.6 552.3
