data/300000-760000.asc
ncols 200
nrows 200
xllcorner 300000
yllcorner 760000
cellsize 50
[rows 35 to 69 of 200, columns 78 to 155 of 200]
351.3 348.6 348.3 347.6 343.8 345.3 344.6 349.5 369.5 379.5 389 393.8 395.5 403 408.5 415.9 422.8 431.8 441 451.6 467.5 482.7 513.4 517.6 509.1 499.3 498.6 501 490.6 482.7 479 480.3 480.4 481.7 489.3 503.1 510 488.7 478.7 471.1 466.2 460.4 459 467.4 476 480 485.5 493.5 498.8 499 503.4 508.9 513.9 518.9 524.4 530 540 548.1 556.5 562.9 570.4 577.2 582.6 587.2 595.5 606.3 616.7 626.7 632.2 637.8 643.5 652.2 662.3 672.2 682.1 683.6 677.9 662.6
353.2 350.5 350.3 344.8 339.5 341.5 341.7 346.1 355.1 365.1 374.2 382.3 387.2 394.7 407.4 415.5 422 434 443 451 461.9 468.7 483.2 493 498.8 499.6 490.2 492.9 487.4 479.4 474 469.8 471.4 471.5 477.5 490.1 493.8 479.7 467.5 463.5 461.6 455.7 457.1 464.9 471.9 480.7 488.2 491.9 495.1 498.8 503.2 509.3 514.8 519.2 523.6 528.3 535.6 542.6 549.3 555.7 562.6 570.6 575 581.2 589.3 603.1 613.4 617.5 621.9 630.2 638.1 647.2 657.7 669.9 681.1 683.8 678.5 662.7
355.8 352.5 351.3 347 341.1 339.5 340 342.9 346.4 353.6 365.3 374.6 380.7 395.4 410.3 413.5 418.7 428.8 442.2 447.1 450 453.4 457.4 471.4 486.5 493.3 487.2 481.2 477 472 468.2 464 467.5 464.2 464.7 470.5 475.3 472.8 463.9 457.8 454.2 450.5 454.7 467.8 471.4 481.7 490.9 492 494.7 498.9 504 509.7 517.2 520.2 524.6 528.4 532.3 538.9 544.2 550.3 556.2 563.3 569 576.5 584.5 596.1 606.6 610.3 617.9 626.3 635.5 647.3 657.3 669.7 681.9 689.3 683.9 671.6
357.3 354 350.6 349 343.2 340.2 339.2 340.2 342.6 346.2 358.7 370 377.3 392.9 411.4 410.9 414.5 425.4 438.6 443.1 443.8 445.1 451.7 463.1 476.9 489.2 480.7 475.1 467.7 464.6 461.7 457.1 456.7 455 454.4 460.4 463.2 464.2 459.8 454.8 450.5 448.6 452.1 464.2 469.7 479.7 486.4 489.9 492.6 498.9 505.4 511.3 518.3 521.7 524.8 528.6 532.5 536.2 541 547.4 553.2 558.5 564.5 571.3 580.2 590.2 598.4 606 615.1 624.8 633.8 645.5 657.5 669.6 682.8 691.7 689.2 680.8
359.6 354.7 351.7 350.7 345.6 341.4 340.1 338.8 342.3 348.5 349.5 359.3 370.8 375.3 384.2 400.4 408.6 416.1 428.5 437.5 441.4 443 446.3 458 469.6 481.4 471.2 468.7 464.4 460.5 455.6 449.9 448.4 448.9 446.2 451.5 451.2 452.9 453.5 453.1 450.6 448.8 449.4 461.6 468.8 477.7 482.8 487 490.9 499.2 506.6 511.3 520.2 522.7 526.6 528.8 532.5 535.6 539.9 545.1 550.5 555.5 560.9 568.1 577.3 588.4 597 604.5 612 621.4 631 641 654.2 664.5 677.9 690.8 696.3 688.7
361.2 356.2 352.8 349.3 347 343.1 340.2 339.9 344.4 349.9 348.1 351 360.3 368.6 377 387.7 400.2 407.9 418.7 431.1 434.6 437.7 438.2 445.3 457.1 457.9 460.3 462.5 459.4 455.3 453 449 443.4 439.4 439.9 442.7 441.7 442.5 448.5 451 449.2 446 446.3 461 466.7 473.4 480.5 484.1 488.9 499.7 505 509.6 518.1 523.8 528.6 529.5 532.5 534.9 538.4 543.5 549.4 552.6 559.8 568 577.9 588.1 595.8 601.4 604.5 614.2 623.5 633.3 646.6 657.2 670 683.9 691.2 690.5
363.9 359.7 354.7 350.3 348.9 344.5 340.3 339.3 345.7 351.4 348.7 348.6 350.7 360.4 373.8 386.9 397.9 406.6 414.9 421.9 427.2 430.6 431.8 434.2 437.6 439.9 447.3 451.5 452.4 449.3 449.6 445.2 439.4 440.1 434.1 436 434.2 438 444.4 449.8 446.7 441.1 440.8 453.9 461 466.5 479.4 481.2 487.4 496 501.1 507.8 517.9 523.8 527.7 528.3 530.6 534.2 539 540.7 545 551.3 559.4 569 578.1 584.1 593.3 596.9 596.3 606.7 618.6 625.7 636.5 648.3 661.9 672.7 681 681.8
365.8 360 354.7 350.6 348.8 348.5 346.6 341.6 338.8 340.6 344.1 344.2 352.6 365.7 375.6 385.8 397.4 408.4 416 422.1 426.2 428.9 432.4 436.3 437.6 435.2 437.8 440 441.5 441.3 439.5 437.6 433.7 431.6 429.6 427.4 429.9 436.3 441.2 443.8 441.6 440.1 439.1 448.3 460.9 465.6 471.6 478.2 486.1 493 499.7 500.5 509.7 519.9 520.5 522.3 529.2 534.6 539 539.3 541.9 547.7 554 558.3 568.5 579.1 587.1 590.3 590.6 601.2 610.9 616 624.1 636.4 651.4 659.9 666.6 670.6
364.3 361.4 357.7 351.3 349 349 351.3 347.3 339.6 338.8 339.8 344.8 358.7 372.5 378.2 386 397.3 409.9 419 425.1 429.1 431.1 435.3 439.7 438.8 437 433.7 433.1 433.2 432.7 430.5 429.2 424.7 421.1 422.4 422.2 427.1 431.9 436.7 440.3 434.8 429.7 442.7 452.3 463.5 466.8 471.2 477.6 482.3 488.7 492.7 495.8 501.8 509.5 513.7 519.4 529.3 532.2 535.3 537.6 538.9 539.8 547 551.9 561.6 571.6 576 582.2 583.7 590.8 600.5 603.9 608.6 622.8 638.9 647.8 654.8 657
369.5 364.6 359 352.9 350.8 349.4 349.1 344.7 341.5 338.8 338.5 343.2 356.4 370.6 378.9 387.7 397.1 407.4 416.4 427.5 430.9 435.1 438 440.9 441 439.3 435 430.4 428.9 426.4 423.4 420.5 418 417.5 418.3 419.1 424.4 430.5 431.5 429.3 429 436.7 447.7 453.7 460.5 466.2 470.8 472.8 477.1 482.7 488.8 492.9 496.6 502 507.7 514.6 525.1 530.1 532.6 532.7 533.9 535.2 538.3 543.4 552.6 558.7 563.9 572.4 574.1 577.7 586.3 588.8 595.4 608.2 625 635.7 642.2 640.2
374 367.8 359.6 354.1 351.6 349 346.5 341.4 341.2 338.8 337.7 339.7 354 368.9 382 390.2 397.1 405.5 414.6 424 431.4 435.3 437.4 441.5 441.7 440.1 437.9 430.5 428.6 424.4 420.6 418.2 417.6 417.6 418.1 420.1 423.9 423.1 428.4 428.9 432.1 440.3 451.1 456.4 460.1 465.4 469.8 468.9 473.5 481.1 484.6 488.5 493.1 498.4 504.6 511.5 522.7 530.5 539.7 531.7 530.2 530.6 531 533.2 536.6 543.4 551.1 555.4 560.8 565.5 571.9 575.8 583.5 596.6 613.1 623.6 628 623.3
377 370.5 361.2 355.5 352.6 349.6 343.3 338.8 339.4 338.3 337.8 339.4 359.9 372.7 380.9 390 396.6 404.4 412.3 420.7 428 431.8 435.2 437.9 438.6 439.3 437.4 432.8 429.7 423.7 419.3 417.5 416.2 416.3 417.5 418.9 419.1 421.6 430.7 432.7 437.9 446.6 451.7 457.5 460.4 463.8 465.6 467.3 476.3 481.4 480.6 480.2 491.1 497.7 503.1 511.9 522.3 528.6 536.3 530.7 525.7 523.7 523 523.3 525.5 533.3 539.5 550 550.7 554.2 559.6 565.6 575 586.6 602 612.8 620.2 610.4
378.6 371.8 363.7 358 355.7 348.7 342 338.6 337.7 338.3 337.8 341.8 361 372.9 379.8 388.6 394.8 403.2 410.1 416.8 422.6 429 432.8 435.4 435.5 435.7 434.3 431.3 431.3 423.6 418.1 415.6 414.5 414 414.7 416.3 421 427.3 431.1 434.7 440.2 447.9 453.6 460.3 460.5 460.7 462.1 465.5 474.2 480.4 479.5 479.1 488 490.3 497 507.7 514 520.5 530.3 529.9 519.4 518.7 518.3 518.5 519.6 524.1 530.8 536.4 540 545.1 550.2 557.6 567.1 578.2 590.2 600 600.9 593.5
379.6 373.2 365.5 359.5 358.2 347.2 340 338.5 335.5 336.1 337.8 344.4 355.5 367.5 375.5 383.6 395.6 402.8 407.3 412.1 418 424.2 430.8 432.3 431.9 431.2 430.3 430.8 430.4 423.4 417.8 413.6 413.2 413.2 413.2 414.2 420.6 425.3 428.9 434.2 440.4 445.9 452.8 457.4 459.7 459.6 463 468 470.8 474.9 475.5 479.2 483.7 486.8 489.2 494.6 502 509.4 519 523.8 513.9 514.7 514.6 514.2 514.2 517.9 523 527 532.2 538.3 544.1 552.3 559.1 568.4 576.3 580.9 578.3 572.2
381.7 374.3 366.5 359.5 351.9 343.7 337.2 335.8 335.5 334.8 335 340.8 349.1 362.4 372.2 385.1 396.2 402 404.2 408.9 414.4 418.8 424.8 428.5 428.6 429 427.9 427.4 427.3 421.2 418.8 413.2 413.2 413.2 413.2 413.2 416.9 421.7 427.4 434.9 441.3 446.8 449.9 453.5 457 459.3 466.7 470.7 471 469.5 472.5 478.3 480.8 483.1 484.7 487.3 491.8 501 509.4 513.2 506.6 509.3 509.1 508 509.8 512.6 516.8 520.9 526.1 532.1 538.7 545.7 551.4 558 567.5 567.6 565.5 556.1
384.1 375.3 369.5 363.1 354.7 342.6 335.6 334.2 334.7 333.2 332.4 337.3 344.7 356.1 370.3 383.8 393.3 399.3 402.5 407.6 412.4 416.2 419.4 422 423.8 424.4 424.6 424.3 424.4 420.5 415.8 413.2 413.2 413.2 413.2 413.2 415.2 418.6 424.4 433.8 445 450.5 453.1 457.3 457.8 459.6 466.9 471 468.6 468.8 472.9 478.9 480.1 481.5 481.1 480.4 486.2 496.3 501.5 500.7 499.5 498.4 499 498.6 501 506.9 512.8 516.8 522.4 528.1 535 539.7 545.1 551 558.7 559.8 556.1 550.1
389.9 380.2 370.8 363.7 352 342.2 336.7 334.2 334.2 333.5 329.1 334.1 346.2 354.9 370.1 382.3 389.6 398.8 402.3 406 410.4 413.7 415.7 418 420.2 420.3 422 422.8 421.5 419 417.2 413.2 413.2 413.2 413.2 413.2 414.1 418 422.7 434.8 445 451.5 457.3 460.7 459 460.2 465.7 468.8 468.7 474.8 481.4 480.1 479.1 479.5 480.1 479.6 481.2 482.5 490.3 490 490.7 490.4 487.8 491.4 494.3 498.5 506.5 512.6 519.9 526.2 531.9 535.6 539.6 543.1 550.1 552.9 544.3 541.6
388.2 380.4 371.3 364.3 353.9 343.5 339.8 337.4 336.2 334.8 329.7 334.5 343.6 351.1 365.2 379.5 388.2 398.5 401.2 401.6 404.6 409.6 411.9 413.2 415 417 418.7 420.9 421.3 420.6 419.2 413.2 413.2 413.2 413.2 413.2 414.5 418.6 422.5 434.3 443.9 450.5 455.7 460.1 461.1 462.1 466.6 470.2 471.7 479.5 481.3 481.6 481.1 480.8 481.4 478.9 474.3 473.1 478 480.3 483.5 485.5 480.4 482.2 487.2 491.1 498.1 507 516.4 524.1 529.8 534.8 537 538 537.7 537.3 532.6 520.4
388.4 381.6 370.9 364.3 355.9 349.5 342.8 339.7 338.7 333.7 330 331 341 348.9 363.5 376.6 387 392.9 396.6 396.8 398.3 402.3 405.7 407.2 409.8 413.4 415.7 418.7 421.9 422.3 419.2 417 413.9 413.1 413.2 413.2 416.5 420.6 423 432.2 442.8 449 453.7 457.3 460.1 463.7 468.8 473.5 479.3 479.1 482.3 485.5 485.2 483 480.1 478.9 470.5 468.9 471 473.6 475.5 480 478.2 474.5 478.4 484.1 490.7 502.6 513.5 521.6 529.1 533.9 536.2 534.9 531.3 527.9 519.7 510.3
382 373.9 369.6 364 360 349.6 347.9 342.1 338.7 334.3 330.3 328.7 332.8 340 362.7 378 382 385.2 389.2 392 394 396.2 398.4 399.5 404.4 409.6 411.9 413.5 417.2 418.3 417.9 415.1 413.6 409.1 411 415.9 418 420.8 425 430.8 439.1 445.7 449.7 453.1 457.2 462 467.7 474.3 480.7 480.9 485.9 489.6 490.1 489.1 487.3 482.5 474.1 469.1 469.4 470.2 468.8 469.4 469.8 470.5 469.6 478 488.1 497.3 510.8 520.1 527.9 532.9 536.5 535.8 531.8 525.5 516.1 504
372.7 370.5 371.3 371.1 362.1 353.7 351.4 342.6 338.7 336.1 331.5 328.6 330.3 338.4 360.8 373.7 375.5 381.2 381.9 385.7 390.8 391.2 393.1 395.7 398 403.3 405.5 407.2 410 413.1 414.6 412.4 411.5 401.1 411.2 416 417.3 418.8 424.3 430.7 439.2 442.7 448.3 450.4 457.1 463 469.5 476.8 482.1 486.1 489.7 492.9 494 494.4 492.8 487.9 480.7 472.4 470.5 465.7 462.3 463.1 464.5 463 464.4 473.7 481.7 492.5 507.5 519.2 527.8 535.1 539.1 539 535.4 528 518 506.4
378.4 368.9 369.6 371.1 366 359 349.3 342.8 338.2 336.3 332.1 328.4 327.5 339.4 355.7 364.2 365.5 370.3 374.2 378.4 386.1 388.8 389.9 390.6 392.5 397.2 399 400.7 403.9 407.9 409.6 409.1 407.5 401.9 402.4 412.7 414.9 416.3 422.1 431.9 440.1 444.2 449.5 452.6 459.3 465.4 471.3 477 482.8 488.3 492.8 496.6 498.1 499.6 495.7 489.5 481.3 475.5 470 463.3 459 460 461.1 460 460.3 469.2 476.3 488.3 502 516.6 528.3 536.3 542.7 544.7 542 531.8 522.7 512.7
384.6 372.9 364.2 360.3 364.3 361 355.3 345 338 336.3 331.7 328.6 328.9 334 344.5 348.3 352.3 359.7 366.6 371.9 380.4 380.8 384.2 384.6 386.5 390.6 393.3 395.4 397.5 400.7 404 405 402.7 394.2 399.5 408.2 409.1 414.6 422.2 430.2 437.3 444.4 449.9 454.9 460.8 467.1 472.8 479 485.8 492 497 499.9 501.1 501.2 499.3 493.6 485.4 479.8 474.1 469.1 460.5 459.4 459 457.8 458.4 466.8 473.7 484.9 494.8 510.8 526 537 545.9 551 551.3 548.6 531.7 519
385.5 380.9 370 362 358.4 359 360.5 348.3 342 338.4 330.5 329.5 328.1 329.1 335.2 337 343.2 349.7 356.8 364.9 370.5 374.5 377.4 378.1 379 383.5 386.8 389.6 391.2 394.2 398 400.9 395.9 389.8 400.6 404.9 408.6 414.5 421.9 429 436.7 443.5 447.3 454.1 461.8 468.2 476 482.3 488.6 492.8 500.2 501.8 502.2 502.4 501.4 497.6 487.3 481 475.6 470.2 464 459.2 457.8 457.9 458.5 462.5 471.1 481.8 491.2 503.4 522.1 536.4 548.9 556.5 558.5 554.7 546.5 534
388.2 383 381.5 373.7 362.1 358.4 351.4 349.9 350.8 343.1 336.3 328.9 328.3 328.8 328.5 327.6 334.2 340.1 349 353.6 361.9 368.7 369.5 372.5 374.5 377.7 381.1 383.9 386.3 387.7 390.4 393.8 390.5 389.8 400.6 403.8 408.9 413.6 419.5 427.9 435.8 442 446.4 454.2 463 470 477.8 485.5 492.3 497.1 502 504.5 504.3 504.4 501.6 493.6 485.1 478.3 474.6 471 468.8 461.5 458 457.8 458.4 461.6 467.9 478.7 488.7 500.6 517.8 533.9 553.1 563.5 566.1 561.3 550.9 537.4
393.5 390.5 390.7 384 374.1 366.9 354.4 349.4 348 343.5 338.6 330.4 329.2 329.8 325.5 319.6 325.2 333.4 343.1 346.5 356.1 363.9 364 367.9 368.5 371 375.7 379.4 381.6 383 385 384.9 381 387.7 396.1 401.8 408.2 414.6 420.2 427.2 433.6 438.9 445.8 453.9 463.6 472.3 479.7 487.5 495.7 501.8 506.3 508.3 507 503.9 499.4 489.4 480.5 474.7 470.7 471.1 469.4 462.7 456.9 453.4 454.5 461 465.1 474.1 486.3 498 513.5 529.7 551.4 568.5 575.8 568.5 559.3 542.3
400.3 397.1 391.6 390.8 383.2 376.5 366.4 359.6 350.6 339.9 337.8 331.6 331.9 332.2 330.1 321 319 326.1 335 340.8 354.5 360.7 361.2 359 363.7 368 371.6 374.9 377 378.5 380.8 379.5 378.4 379.6 389 398.9 407.1 414.2 420.8 426 431.4 437.7 446 454.8 464.6 475 482.9 490.7 499.4 506.5 511.1 511.1 508.1 502.3 492.9 483.7 474.5 469.6 467.6 467.3 464.8 461.3 455.9 450.3 450.2 460.3 462.9 469.9 481.5 495 510.4 523.9 544.3 567.3 581.4 579.7 562.3 544.7
408.5 402.1 398.8 394.7 388.9 383.3 375.7 369.6 358.9 346.3 339.9 336.7 339.9 338.5 328.1 321.8 319.4 319.6 328.9 335.4 347.7 355.1 358.6 358.7 361.7 365.3 369.7 371.7 372.9 374.4 375.2 373 374 378.3 385.2 398.9 407.5 414.2 419.5 425.1 430.7 436.7 443.9 454.5 465.6 476.6 486.2 494.8 501.1 508.6 512.5 511.4 508.6 501.7 491.4 478.1 469.5 465.6 463.8 463 460.7 459.3 454.9 450.1 449.8 451.7 459.4 467.4 477.1 491.4 507.9 521.8 535 555.1 574.4 587.5 566.6 544.8
413 409 406.3 401.2 397.3 391.5 386.5 379.4 368.6 354 350.7 346.9 342.1 337.5 329.2 322.4 319.8 319.1 321.4 331 339.4 351.3 351.8 359.6 360.7 361.9 366.8 370.2 368.2 370.5 371.1 370.7 374.1 379.4 386.2 395.8 407.6 411.9 417.2 423.7 430 435.5 441.8 453.6 465.7 478.7 490 500.1 507.1 509.2 513.7 512.4 507.3 499.1 490 479.5 467.3 463.6 462.1 459.8 456.2 454.4 453.9 450.5 450.9 449.4 456.9 465.6 474.8 487.4 502.5 517.2 530 539.4 552.2 571.2 560.4 540.8
415.8 413.5 410.7 407.6 403.8 399.7 392.9 388.6 379.5 359.5 356.2 357.6 350.4 335.1 328.5 322.8 320.4 319.7 318.8 325.2 336.4 348.3 350.2 358.3 359.4 359.3 360.5 363.2 359.7 358.7 368.2 374.3 381.5 386.8 390.6 395.2 403.1 408.6 414.1 420.5 426.3 432.3 440.3 451.4 463.3 479.6 493.8 504.6 511.3 511.6 509.7 511.1 508.8 502 486.4 473.2 465.9 462.6 460.8 460 452 450.8 450.8 449.5 450.9 448.4 454.3 465 474.9 487.8 497.6 512 525.9 534.5 535.1 538.1 539.2 525.8
417.5 415.8 414.4 411.5 407.6 402.6 399.6 394.3 382 364.8 359 358.5 349.8 334.6 329.3 324.1 320.7 320.2 319 321 332.3 340.7 350.8 355.6 357.1 357.4 358.1 361 358.6 359 371.6 381.4 389 392.5 394.7 397.6 402.3 407.2 412.6 417.9 423.6 430.1 437.2 447.8 458.8 478 496.6 507 511.6 511.5 509.1 509 508.6 498.6 484.2 468.6 462.8 460.3 459.5 454 447.6 447.1 449 449.1 443.4 440 452.3 463.3 473.8 484.2 494.3 504.6 517.7 528.6 532.7 528.1 524.5 513.2
419.9 418.7 416 412.8 409.8 406.4 403.5 400.7 384 367.2 361.9 358 344.3 334.5 330.4 325.9 321 320.4 319 321.2 330.8 339.3 349.7 352.9 353.8 354 357.7 361 358.1 362.8 375.8 388.3 394.2 396.4 399.5 402.3 404.5 408.2 412.7 417.9 422.7 427.9 434 443.8 454.1 469.9 487.1 500.6 510.1 510.5 511.3 504.6 498.7 495 481.1 467 461.2 461 453.8 448 442.9 441.1 446 446.9 440.3 439.6 450.3 462.8 472.9 481.9 492 497.4 507 519.1 523.5 521.7 514 495.5
420.7 420.8 417.6 414.7 412 408.9 405.7 398.9 386.7 370.2 364.2 358.2 338.7 333.1 330.6 326.2 321.1 320.6 319 320.9 328.3 340.6 345.8 351.1 350.1 352.2 352.6 354.7 356.4 364.9 381.6 390.5 394.2 398.5 402.5 406 407.9 410.5 413.4 418 421.5 424.7 430 437.9 447.6 462.3 476.4 489.3 499.4 502.5 501.1 501.1 493.5 483.5 475.3 463.5 459 458.4 452 444.9 440.2 438.8 444.6 442.7 440.9 439.1 448.4 461.1 471.8 479.3 488.9 493.3 498 504 508.9 508.7 498.7 485.7
421.2 419.5 420.3 416.8 413.8 410.9 409.8 402.4 384.5 376.2 367.1 357.8 338.5 331.7 329.3 328.9 323 319 318.7 320.6 326.2 335.5 343 347.2 349.1 351.1 350.8 349.8 357.5 368.6 380.5 389.5 398.6 406.6 410.5 410.8 412.1 414.6 416.7 418.8 420.9 423.2 427.6 433.3 440.7 452.6 463.2 476.4 485.9 489.3 491.5 490.8 491.2 482.6 470.5 460.8 455.2 451.5 447.2 441.5 438.4 439 438 439.3 440.5 437 449.8 459.1 468.8 478.1 485.8 491 494.1 496.1 496.1 496.6 490.2 480.3
421.9 419.7 420.7 416.9 413.6 411.7 410.8 401.5 386.9 377.5 374.1 359.5 336.4 333.9 329.5 328.6 329.4 319.6 318 319.2 327.7 333 338.3 341.9 348.6 345.9 348.1 357.7 363.8 376.9 388.4 396.6 405.5 413.6 415.4 416.3 416.7 418.6 420.5 420.6 421.2 422.7 425.6 428.9 434.1 440.3 450.6 460.2 469.4 476.4 480.4 481.8 478.7 475.8 470.3 459.3 451.6 450.5 449 441.2 438.8 434.4 431 432.1 430.2 437.2 447.6 457.6 466.3 476.6 484.5 489.3 492.9 492.8 491.8 489.4 483.6 474
