data/300000-840000.asc
ncols 200
nrows 200
xllcorner 300000
yllcorner 840000
cellsize 50
[rows 140 to 174 of 200, columns 78 to 155 of 200]
258.6 258 257.4 256.8 255.3 254 253 251.4 246.4 252.3 244.6 245 240.4 244.2 244.4 258.5 259.3 261.9 265.3 268.5 271.8 273.8 275.2 276.3 277.3 278.3 279.8 281.9 284.3 286.8 288.7 293.3 297.4 301.1 305.6 310.1 313.6 315.8 317.8 322.3 328.1 332.5 337.3 341.9 343.9 345.1 347.1 349 350.5 352 353.5 354.5 355.5 357.1 357.4 355.8 352.1 355 358.2 359 359 359.1 360.5 362 363.4 365.7 368 371.6 369.5 367.3 363 369.1 372.3 378.1 382.9 387.4 390.6 392.9
259.7 259.1 258.5 257.7 256.1 254.6 253.3 252.1 248.2 253.4 254.3 245.8 245.6 245 242.6 246.4 258.8 260.7 264.6 268.4 271.2 273.2 274.6 275.8 276.7 278.7 280.6 282.7 285 287.1 289.3 293.9 297.1 301.7 306.4 311.6 315.8 318.3 321.1 324 329.7 334 338 342.5 344.5 347.3 348.4 349.7 351.8 353.2 354.8 355.5 356.2 357.1 356.1 354 356.3 360.9 361.9 362.2 361.9 362.2 363.6 364.1 365.3 366.9 370.7 371.5 371.1 370.6 364.8 367.7 371.5 373.9 377.4 383.1 384.3 386.7
260.9 260.3 259.4 258.5 257 255.4 253.8 253 249.4 253.1 251.8 250.1 249.4 245.5 245.7 245.5 258.3 259.3 264.1 267.3 270.3 272.5 274.4 275.7 276.7 279 280.7 282.3 284.7 286.9 289.6 293.6 297 300.6 304.6 309.9 314.6 318.3 321.6 326.4 332.1 335.7 338.7 341.8 345.1 348.7 349 350.1 353.4 354.8 355.9 356.5 357.1 356 355.7 357.1 362.5 363.9 364.7 365.1 364.8 365.4 366.7 366.6 367.5 368.6 371.9 372.8 372.4 372.1 370.7 366.6 370.5 373 376.1 378.4 381.4 384.5
262 261.2 260.4 259.5 257.8 256.2 254.6 253 251.1 252.6 253.2 253 251.8 250 248.8 246.7 258.4 260.5 263.3 266.8 270.4 272.4 274.1 275.8 277.2 278.6 280.2 281.8 283.9 286.5 289.4 293.3 297.2 300.6 303.5 308.2 312.5 316.1 321.2 326.6 331.7 336.8 339.4 342.8 347.3 348.3 350.6 352.4 354.3 355.8 356.8 357.4 357.7 357.7 356.9 363.3 365.5 366.3 366.2 367.9 367.6 368.5 369.5 369.6 370.1 371.6 372.9 374 374.2 373.9 372.5 370 369.7 371.8 374.2 377.5 379.6 383.4
263.6 262.7 261.8 260.5 259.2 257.5 255.9 253.9 251.8 252.9 253.8 254.2 253.7 252.7 247.6 248.3 258.6 261.1 264.7 267.9 270.4 272.6 274.3 276 277.1 278.8 280 281.8 283.7 285.8 289.3 294.2 298.1 300.5 302.7 306.7 310.4 314.6 320.3 326.3 331.4 336.7 339.7 344.1 348.6 350.6 351.1 353.4 355.7 356.2 357.7 357.9 357.9 357.9 360.3 365.7 367.8 368.9 369.6 370 370.4 370.7 371.2 371.4 372.5 374 375.1 376.5 376.6 376.1 375.1 373.4 373.9 374.7 376.8 378.3 380.2 383.2
265 264 263 261.6 260.2 258.9 257.3 254.8 252.3 253.5 254.9 255 254.3 254.1 248.7 250.3 259 261.6 265.2 268 270.2 272.5 274.5 276.1 276.9 278.2 280 281.9 283.7 285.6 289.6 295.1 299.3 301.4 303.5 305.9 309.5 314.5 320.9 326.9 332.2 336.7 340 344 349.6 351.1 350.8 354.3 357.1 357.2 358.1 358 357.9 358.4 364.7 367.9 369.7 369.6 369.8 370.9 372.2 372.6 372.9 373.2 374.8 376.4 377.6 379.1 379.9 378.1 377 376.7 375.7 374.8 378.2 379.8 382.3 385.4
266.1 265.2 264 262.5 261 259.8 258.7 256.7 253.5 255.1 255.9 255.9 255.4 254.6 249.7 249 258.5 262 264.6 267.9 270.1 272.3 274.6 276.1 277.3 278.8 280.5 282 283.7 286.9 289.8 294.6 298.9 302 305.1 307.8 310.9 315.7 322 328.1 333.3 337.3 340.3 343.1 349.5 351.4 351.6 354.8 357.9 358.2 358.3 358 358.9 363.3 367.1 369.1 371.1 371.5 370 371.5 373.4 374.2 374.7 375.4 377 378.7 380.2 381.7 382.6 381.2 379.2 378.9 378.5 378.2 379 382.1 384.4 388.1
266.9 266 264.8 263.3 261.9 260.6 259.5 257.7 254.7 256.4 256.9 256.6 256.1 256.2 250.4 249.8 257.3 260.7 264.3 267.8 269.9 272.8 275 277 278.2 279.4 280.5 281.8 283.1 285.6 289.1 294.2 298.5 303.6 308.1 310.4 313.3 317 322 327.9 334 338 340.8 344 350 352.8 354.3 356.4 357.1 358.3 358.5 359.7 362.3 366.3 368.8 370.8 372.4 372.6 371 372 374.9 376.2 377.3 378.1 379.8 381.8 383.2 384.7 385.1 384 382 381.3 380.8 380.6 381 384.2 386.3 390.8
267.4 266.6 265.5 264.2 262.7 261.4 259.8 255.8 255.6 257 257.6 257.4 257.7 258.1 252.2 250.2 257.4 261.8 265.4 268.2 271.5 273.4 275.4 277.5 278.2 279.1 280.1 281.2 282.4 285.1 288.9 294.5 300.2 305.1 308.9 311.9 314.7 318.3 323.2 328.5 334.1 338.8 341.4 345.2 350.5 353.2 354.7 356.7 358.6 358.4 360.2 363.1 365.4 368.2 370.4 372.1 373.7 373.9 373.2 374.8 376.8 378.2 379.3 380.5 383.4 385.3 386.3 387.5 387.6 386.2 384.9 384.3 383.6 383.5 384.4 384.7 388.1 392.3
268 267.3 266.2 264.9 263.5 262.1 260.2 257 257.3 258.1 258.6 259.2 259.7 258.7 252.6 251.3 259 261.9 264.5 266.9 270 271.9 274.6 276.5 277.1 278.7 279.8 281 282.6 284.7 288 294.1 300.2 304.3 308 311.6 314.7 318.7 323.7 328.9 334.1 338.6 341.6 346.8 351.6 354.2 356.4 357.6 359.4 361.8 363.4 364.5 367.1 369.2 371.8 373.3 374.9 375 375 377 378.8 380 381.1 383.5 386.8 389.1 390 390.3 390.1 389.3 388.6 388 387.3 387.8 388.5 388.3 391 394.6
268.7 267.9 266.9 265.6 264.1 262.6 261.1 257.4 259 259.7 260.8 260.9 259.8 257.7 254.2 251.3 258.9 261.3 263.7 265.7 268.2 270.7 273.4 274.6 276.4 277.5 279.7 281.2 282.7 284.8 287.6 293.8 299.3 304.5 307 310.3 314 318.2 323.8 329.3 334.5 339.2 342.7 348.8 353.1 354.9 356.6 358.6 361.2 363.8 366.2 367.5 369.4 371.3 373.3 374.7 376 376.4 376.7 378.6 379.5 380.4 383.5 386.9 390.2 391.5 392.7 393.6 393.7 393 392.3 392.4 391.3 391.2 391.9 393.4 395.1 397.4
269.3 268.5 267.5 265.9 264.3 262.9 261.4 258 260.6 262 262.4 261.8 259.5 258.6 253 253.8 258.5 261.1 264.1 266.2 268.2 270.6 272.3 274.1 275.9 277.7 279.3 280.9 283 285.3 287.7 292.9 298.7 303.8 307.5 310 312.8 317.8 323.5 329.1 334.5 339.6 343.8 350.3 353.4 355.1 356.8 359.5 362.1 364.9 367.6 369.3 371.1 372.8 375.1 376.2 377.1 377.6 378 379.8 381.2 383.7 387.2 390.6 393.6 394.6 395.2 396.3 397.2 396.7 396.3 396 395.5 395.2 395.9 396.9 398.7 400.7
269.9 269 268.1 266 264.7 263.2 262.2 258.5 260.7 262.8 262.5 262.3 260.8 259.6 253.2 255 257.1 260.7 263.2 266 268.3 270.3 271.8 273.4 275.2 276.9 278.5 281.1 282.9 285.3 287.9 293.6 298 303.2 307.9 310.3 313.2 317.8 323.4 328.8 334.1 339.4 344.3 350.5 353.2 355.3 357.7 360.4 363.1 365.9 368.8 370.8 372.6 374.4 376.2 378.4 377.8 378.4 379.4 381.2 384.2 388.1 391.3 394.5 397.8 398.5 399.5 400.6 400.5 400.4 399.8 399.1 399.3 399.8 399.8 400.5 402.3 404.8
270.3 269.4 268.6 266.2 264.5 262.8 260.8 259 261.2 261.6 262.2 262.6 261.5 260.8 254.2 253.6 255.4 260.2 261.9 265.1 267.9 269.7 271.2 272.7 274.5 276.1 278.8 281.4 282.9 285.1 288.3 292.9 298.4 304.1 308.4 312.3 314.8 317.9 322.9 328.3 333.7 339.3 344.3 349.4 352.4 355.4 358.6 361.1 364.4 367.3 370.1 372.3 374.6 376.4 378 379.6 379.6 381.4 382.3 384.5 387.7 391.2 394.8 398 399.9 402 403.8 404.8 405.8 405.5 404.2 403.8 404 404.2 404.2 404.8 406.2 408.4
269.9 269.5 267.9 266.3 264.1 262.3 260.1 259.8 261.5 262.4 263 262.7 262.4 262 259.9 255.3 254.7 255.4 261.6 264.6 266.5 269.2 270.8 272.3 275 277.8 280.4 282.1 283 285.2 288.8 292.7 300.1 305.2 309.3 312.7 315.6 318.8 322.3 327.8 333.3 338.2 343.8 348 351.8 355.3 358.6 361.7 364.7 368.2 371.8 374.2 376.6 378.6 379.8 380.8 382.1 384.5 386.1 387.8 390.7 393.6 397.6 401.1 403.6 406 408.3 409.4 409.1 408.9 409 410.2 409 408.7 409.4 410.5 411.1 412.7
269.9 268.8 267.5 266.2 264.4 262.3 259.7 260.8 261.8 263.2 263.2 263.3 263.5 263.3 261.3 257.9 256.4 255.8 258.9 262.4 265.3 268.4 270.7 272.9 275.8 278.8 281.5 283 284 284.9 288.9 295.2 300.1 305.7 309.5 312.6 315.7 319 322.4 326.7 332.1 336.7 343 347.9 351.7 355.4 358.5 360.5 364.5 368.8 373.3 376.1 378.5 380.4 381.9 383.5 384.6 386.9 389.7 392.1 393.8 396.7 400.1 404.2 407.2 409.5 411.7 412.5 412.6 414.1 415.1 415.7 415.4 415.5 416.4 417.5 417.6 419.4
269.9 268.8 267.5 266 264 261.7 260.8 262.2 263.2 264.1 264.5 264.8 264.7 264.6 263.2 260.5 256.9 256.6 258.2 261 264 267.3 271.1 274.1 276.3 279.2 281.7 282.7 283.9 285.1 289 294.6 299.6 304.6 308.8 312.5 316.4 319.6 322.8 327.4 332 336.7 341.7 347.1 351.3 355.2 358.7 361.6 366.9 371.1 374.5 377.8 380.1 382.9 384.9 386.3 388.4 390.9 393.4 396.2 398.5 401 404.3 408.2 410.8 412.3 414.2 417.2 418.6 420.7 422 421.8 422.6 423.7 424.4 424.3 423.9 425.5
269.9 268.8 267.5 265.9 263.7 260 262.2 263.7 264.6 265.2 265.7 266.2 265.9 264.5 264.2 261.5 260.2 258 258.4 261.3 263.5 267.4 271 274.3 276.7 279.3 281 282.4 283.5 284.6 288.3 293 298 303.1 308.4 313 316.9 320.7 323.9 328.3 332.5 337.9 342.4 346.6 351.5 356 359.2 362.9 368.5 372.7 376.9 380 382.3 385.6 388.5 390.4 392.6 395.2 397.5 401.2 403.6 406 409.3 413.1 415.7 418.5 421.3 423.6 426.2 427.8 428.6 429.4 430.6 432.6 432 431.9 431.7 431.8
269.8 268.8 267.6 265.8 263.9 260.3 263.3 264.6 265.2 265.8 266.4 266.8 266.1 265.6 264.9 263.2 263.1 259.8 257.8 260.6 264.8 268.1 271.3 274.2 276.7 278.9 280.4 282 282.8 284.2 286.4 290.6 296.1 302.5 307.7 312.8 317 320.4 323.7 327.7 332.3 337.3 342.4 346.7 351.3 356.7 360.2 364.8 370.2 375.6 380.2 382.3 385.1 389.4 392.6 394.7 397.2 401.2 403 406.1 408.5 411.4 415 418.5 421 423.9 427.3 430.3 433.2 434.4 435.6 437.7 439.3 441 441.3 439.6 440 439.2
269.8 268.7 267.5 265.7 263.5 261.4 264.4 265.1 265.8 266.4 266.7 267.1 267.2 266.8 266.5 265 264.8 263.3 260.2 258.7 265 267.3 270.1 273.7 276.4 278.6 280.1 281.5 282.1 283.9 285.6 289.2 295.2 301.5 306.8 311.5 316.3 319.6 323 327.8 332.7 337.5 342.1 346.9 351.9 357.3 362.3 367.2 372.7 378.2 383.3 385.7 388.7 392.9 395.8 398.5 402.7 405.9 408.4 411 414.1 417.1 420.7 423.2 426.5 431 435 437.6 438.9 440.4 443.3 445.6 447.7 449.5 450.4 449.8 448.1 447.7
269.9 268.9 267.7 266 263.5 262.3 264.9 265.8 266.5 266.8 267.1 267.4 267.7 267.6 267.1 266.4 265.7 264.1 261.5 260.3 262.7 266 269.3 273 276.1 278.3 279.9 280.9 281.4 283.1 285.2 288.5 294 299.6 304.7 309.7 314.6 318.6 322.4 327.4 332.6 337.6 341.9 347.3 352.5 358.1 364.1 369.8 375.3 380.5 386.1 389.7 392.2 396 399.7 402.7 407.2 410.8 413.7 416.9 420.7 423.1 426.8 428.3 432.8 436.9 440.7 444.1 444.8 447.3 449.9 452.9 455.2 457.8 459 459.1 457.8 456.7
270 269 267.8 266.3 264.4 261.3 265 266.5 267.2 267.5 267.8 268.1 268.3 268.2 267.7 267.2 266.1 265.2 264 263.1 261.4 263.9 268.9 272.8 275.9 278.3 279.9 280.9 282 283.1 284.3 287.5 292 297.8 302.9 308 312.9 317.6 322 327 332.2 337.4 342.9 347.9 353.8 359.8 365.8 371.6 377.2 382.5 389.5 393.3 395.9 399.7 403.4 407.3 411.8 415.4 419.6 423.5 427.4 430.6 433 433.8 438.3 441.6 445 448.7 450 452.1 455 458.4 461.9 465 466.6 467.2 466.5 465.8
270.2 269.1 267.6 266.2 264 262.8 265.7 266.7 268 268.4 268.7 268.9 269.2 269.2 268.9 268.3 267.6 265.8 264.1 263.9 261.7 262.3 268.5 272.7 275.7 278.1 280.1 281.1 282.2 283.3 284.4 285.9 290.4 295.5 300.6 306.1 311.5 316.1 321.7 326.6 331.5 336.6 342.3 348.5 355 361.1 367.1 372.8 379 386.5 392.7 396.1 399.8 403.7 407.5 411.1 415.2 419.7 424.6 428.1 433.3 436.8 437.2 438.3 442.1 444.6 448.1 451.1 453 455.5 458.5 462.4 466.4 469.7 472.6 473.1 472.7 472.9
270.3 268.9 266.4 264.7 263.3 264.3 266.1 267.3 268.6 269.2 269.5 269.8 270.1 270.1 270 269.4 268.8 267 265 263.8 261.1 262.3 268.4 272 276.2 278.4 279.9 280.8 281.9 283 284 285.6 288.8 294.1 298.8 304.2 309.7 314.7 320.4 326.3 330.5 336 341.7 349 355.5 361.5 366.5 374.5 382.1 388.4 394.3 397.7 401.2 405.5 409.5 414.2 418.7 423.7 428.6 431.9 436.2 440.1 441.9 442.1 444 446.3 448.5 451.5 454.1 456.3 459.6 464.4 468.2 472.7 476 476.6 477.7 477.7
269.5 267.4 264.7 263.6 263.1 265.5 267.1 267.9 269.1 270.1 270.3 270.6 271 271.5 271.3 270.6 269.6 267.8 266 262.2 262.1 264.2 269.1 272.4 275.5 278.1 279.7 280.6 281.5 282.7 283.8 285.4 287 291.4 296.7 302.5 308 314 320.1 326 330.7 335.5 341.6 348.4 354.9 360.9 366.6 375.6 383.5 389.9 394.9 398.6 402.8 407.3 411.2 416.5 421.9 426.7 431.4 434.7 437.1 441 443.1 443.3 444.3 445.9 447.6 450.1 452.8 456 459.6 463.9 468 472.8 476.4 477.7 478.7 479.3
267.5 265.9 266.7 268.2 264.8 265.6 268.4 268.9 269.6 270.9 271.3 271.7 272 272.7 272.5 271.2 269.7 268.2 266.6 264.5 262.7 266.2 268.8 271.9 274.9 277.5 279.3 280.8 281.9 282.8 283.9 285.5 287.1 289.1 294.9 300.7 306.4 312.7 319.5 325.5 330.9 335.8 340.9 347.6 354.3 360.3 367.4 375.8 383.5 389.6 394.1 399.1 403.9 408.3 412.4 418.1 423 427.6 432 435.9 437.3 439.8 441.6 442.1 442.2 442.3 443.1 446 448.1 451.1 456.2 460.5 464.9 469.3 472.2 474.3 475.8 477.4
268.9 270.1 269.9 269.7 268 265.9 269.3 270.3 271.1 271.8 272.2 272.7 273.1 273.2 272.8 271.8 269.7 268.1 267 265.1 263.7 266.8 269.1 272.6 275.6 278.1 280.1 281.3 282.3 283 284 285.3 286.6 288.2 293.2 299 305.2 312.2 318.8 323.7 329.4 335.2 340.1 346.9 353.7 360.2 367.8 375.1 381.5 387 392.7 398.4 403.7 408.2 411.9 417.3 422.3 427 431.2 435.1 436.6 437.3 438.5 438 437.2 437.4 438.8 440.1 442.4 445.2 450.2 454.7 458.5 462.3 466.1 468.7 470.9 472.5
271.2 271.2 271.1 270.7 269.4 266.8 269.9 271 272 272.7 273.1 273.6 273.8 273.6 273.2 272.1 270.4 268.4 266.5 263.3 265.1 266.9 268.6 272.4 275.7 278.7 280.6 281.7 282.4 283.2 284.2 285.4 286.7 288.1 291.7 297.3 304.3 310.6 316.9 323 328.7 333.8 339.3 346.5 352.5 358.4 365.9 373.6 379 384.3 389.1 396.6 401.5 406.5 410.3 415.2 419.5 423.3 427.6 431.7 432.4 433 432.9 432.6 432.1 431.5 431.3 432.1 434 437.2 442.2 447.1 451.3 455.2 458.5 461.5 463.9 465.9
272.4 272.3 272 270.9 270.1 268.4 270.7 272.1 272.8 273.5 273.8 273.9 274 274 273.7 272.4 270.7 269.2 268.1 264.3 265.8 267.2 268.8 271.6 274.7 277.9 280.3 281.4 281.9 283.2 284.3 285.5 286.5 288.2 289.7 295.3 302.9 309.5 316.3 322.3 327.3 332.3 338.3 344.5 349.9 355.5 362.2 370.4 377.6 382.9 388.1 393.7 399.2 404.3 408.3 412.4 417 420.3 423.5 426 426.7 426.8 426.6 425.9 425.1 424.3 423.3 424.4 425.7 428.7 433.1 437.6 441.8 445.8 449.3 451.6 454.5 456.6
273.6 273.3 273 272.5 272.1 271.2 271.8 272.9 273.6 274.1 274.4 274.5 274.6 274.6 274.3 273.8 272.7 271.2 269.5 264.6 266.4 267.5 268.5 271 273.9 277.2 279.2 280.4 281.5 282.8 283.5 284.2 284.9 287.5 289.7 293.4 301.1 308.3 314.9 320.9 326 330.8 336.4 342.1 347.3 352.8 359.3 367 374.2 380.2 385.5 391.1 396.7 401.8 405.4 408.9 412.9 416 418.5 420.4 420.7 420.2 419.2 418.3 417.4 416.5 416.6 417.4 418.8 420.4 423.5 427.5 431.1 435.1 438.4 441.7 444.4 445.4
274.3 274.1 273.8 273.4 273.1 273.3 273.4 273.7 274.3 274.7 275 275.3 275.4 275.3 275.1 274.9 273.8 272.2 268.9 265.7 267 267.7 268.5 270.5 273.3 276.4 278.2 279.4 281 282.3 282.7 283.6 284.6 286.6 291.2 292.3 297.9 305.2 312.1 318.6 324.7 329.9 334.5 339.8 346.3 351.7 357.9 364.7 370.5 377.2 382.6 387.3 393.2 397.1 400.7 403.9 408.2 411.3 413.1 414.7 414.1 413.6 411.6 409.6 409.2 408.9 409.2 409.8 410.4 411.9 413.9 417.4 421.3 424 427.5 430.8 432.9 434.1
274.9 274.7 274.5 274.3 274.2 274.2 274.2 274.6 274.9 275.2 275.5 275.8 276.1 276 275.9 275.7 275 273.8 268.1 266 264.7 266.5 267 270.3 272.8 275.4 277.1 278.8 280.4 281.4 282.3 283.3 284.4 285.6 289.5 294.6 296.6 301.7 309.2 315.6 322.6 328.2 333.3 339 345.2 350.4 356 361.7 367.8 374.2 379.4 383.8 388.6 392.5 395.8 398.2 402 404.9 406.6 407.5 407.1 406.1 403.9 402 400.9 400.3 400.7 401.4 403.3 404.4 407.1 409.6 412.6 416.2 418.5 421.3 423.2 424.9
275.5 275.3 275.1 275 274.9 274.9 275.1 275.4 275.6 275.9 276.2 276.5 276.8 277 276.9 276.5 275.7 274.8 271.4 266.2 268.2 267.9 267.7 269.6 271.9 274.4 276.2 278.1 279.6 280.8 281 282.3 283.5 284.9 287.8 291 294.9 299.1 305.9 314.1 320.6 325.8 331.1 337.9 343.8 349.4 354.6 359.7 365.1 370.7 375 378.6 382.3 385.4 389.2 392.2 395.4 397.9 399.1 400.1 399.4 398.4 397.4 395.8 394 392.3 392.3 393.4 395.1 396.7 399.4 402.5 404.9 406.6 409.5 412 414.4 415.7
276.1 276 275.9 275.8 275.7 275.6 275.9 276.1 276.4 276.7 277 277.2 277.5 277.8 277.8 276.8 276.1 275.3 268 267.7 269.3 269.8 268.9 270.3 270.7 271.5 273 273.9 277.9 280.1 280.7 281 282.3 284.1 286.9 290.5 294.3 298 304.9 312.3 318.4 324.3 330 336.6 342.6 348.3 352.9 357.9 363 368.3 371.5 375.3 377.3 380.1 381.8 384.1 387.3 390.5 391.8 392.7 391.6 390.6 390.3 389.1 386.4 382.1 384 384.4 386 390.2 393.2 395 396.8 399.2 400.8 403.5 404.1 405.1
276.8 276.7 276.6 276.5 276.4 276.5 276.7 276.8 277.1 277.4 277.7 278 278 277.8 277.5 276.9 276.1 275.5 266.9 267.8 270.9 273.9 274.4 270.8 271.7 271.9 273.2 274 275.5 276.9 278.8 279.9 281.7 283.6 286.7 290.7 294.5 299 303.3 310.4 316.4 322.1 328.3 334.4 340.9 346.8 351.3 356 361 365.4 368 370.6 372.6 373.7 374.7 376.2 379 382.5 383.4 383.8 384.7 384.1 382.9 380.4 375.7 374.9 373.7 374.1 376.4 379.3 384 386.7 388.4 391 392.2 393.9 394.7 394.4
