data/300000-590000.asc
ncols 200
nrows 200
xllcorner 300000
yllcorner 590000
cellsize 50
[rows 0 to 34 of 200, columns 78 to 155 of 200]
248.3 244 241 239.3 238.1 235.8 233.3 234 233 233.1 232.9 230.3 227.4 221.1 217.5 216 211.8 208.4 209.2 206.7 204.8 202 202.8 202 202.1 202.5 205.1 204.5 205 203.9 200.5 204.8 202.8 204.5 200.2 197.3 192.9 190.4 187.4 184.6 183.4 181.7 179.3 178.3 177.8 177.4 179.3 182.2 186.6 189.7 189.8 188 187.2 185.4 183.2 180.8 180.9 181.2 183.2 186.4 190.4 191.4 191.9 194.9 209.3 212.8 212.6 216.9 218.3 219.8 218.5 210.8 206.9 204.5 199.2 196.3 193.2 188.9
248.3 244.5 240.5 239.2 238.9 236.8 234.2 236.7 235.3 237.1 238.8 233.6 228.3 223.5 218.8 211.7 213.1 216.3 215 213.3 213.9 203.8 204.1 204.6 203.1 204.6 208.2 209.4 209.3 207.9 203.4 206.8 206.9 206.4 203.5 201.8 199.1 192.2 187.4 185.5 185.1 184 180.9 183.4 178.1 177 178.1 179.9 183 184.8 187.2 187.6 186.5 183.8 182.5 180 179 178.8 180.6 183.5 186.8 188.1 189.3 192.5 206 210.1 211 215 214.8 217.7 216.5 209.1 206.1 204 198.5 196.2 192.6 188.8
248.7 244.6 240.1 238.1 236.7 236 238.1 238.7 239.5 243.8 242.6 236.6 231.7 229.4 225.7 220.3 222 218.1 216.2 218.9 218.3 208.8 205.5 207.6 204 206.6 211.7 211.3 211.6 210.6 210.3 211.3 208.9 208.5 206.2 203.4 199.9 192 189.8 190 190 187.3 184 181.8 178.8 176.2 174.8 177.8 179.9 181.9 184.2 185.3 185 182.8 181.7 179.5 176.9 177.5 178.2 180.7 183.7 185.4 186 190.2 201.7 206.7 208.5 214.9 213.2 215.3 214.3 208.8 204.7 203 197.6 195.6 191.9 188.7
247.9 243 238.8 237.4 236.2 238.8 239.1 242.6 247 247.7 244.1 238.8 234.8 232.4 233.8 226.2 224.6 222.8 215.5 221.7 220.8 214.1 208.4 209 205.8 212 214.5 214.1 216.6 216.9 217.5 217.3 213.3 210.8 207.5 203.6 200.2 195 196.7 196.3 194.4 192.2 187.5 185.2 182.6 180.3 176.2 176.1 176.3 179.7 181.9 183.1 182.3 181.5 179.7 177.9 176.2 175.8 176.5 177.9 180.9 182.6 187.4 187.9 197.6 203.7 206.8 212.3 210.5 213.3 212.1 207.7 202.8 201.7 197.3 193.8 191.4 187.3
245.8 241.6 239.1 238.8 238.9 240.3 241.8 244.5 248.9 250.6 245.1 240.8 238.7 239.4 237.2 231.6 228.8 224.4 215.2 221.8 222.6 218 209.8 210.4 208 213.2 216.4 217.1 219.4 221.8 222.6 220.8 219 215 210.2 203.1 202 201.2 201.6 199.8 197.4 196.6 195.1 189.9 189.4 185.4 179.9 174.9 175.1 175 179.4 181.3 180.7 179.3 178.3 176.4 175 173.7 173.6 174.3 177.8 180.5 184.2 185.1 194 200.7 203.6 209.3 207.9 210.1 210.5 205.2 200.8 199.6 195.2 192.5 190.3 185.6
244.1 240.4 239.3 239.5 240.4 241.1 242.8 246.3 249 250.6 247 245 245.9 241.7 238 233 229.4 226.3 224 222.4 225 220 213.8 211.9 211 215 218.7 219.1 224.2 226.4 225.5 223.3 221.2 217.7 213.5 209.2 207.9 206 204.5 201.9 201.4 201 199.8 196.9 192.2 190.3 186.2 179.6 174.7 174 174.2 180.2 179.7 177.5 176.8 175.2 173.3 171.9 172.1 172 176.4 177.8 182.5 183.3 191.1 196.9 201 206.5 204.8 207 204.9 201.6 199 197.5 194 190.7 187.9 185.1
243 241 240 240.7 242.5 244.5 246 247.4 248.7 250.2 250.8 250.2 246.4 243.2 239.2 233.9 232.9 229.6 227.1 220.5 225.3 220.8 215.7 213.2 212.3 215.2 219.6 221.8 226.5 230 228.6 226.4 223.5 220.5 217.1 212.8 211.2 210.9 208.1 205.1 205.5 206.1 204.2 200.3 197.4 196.8 194.6 188.2 176.8 174.9 172.8 174.3 177.3 175.5 175.4 173.6 171.9 170.8 171.1 171.5 174.2 176 180.5 181.2 187.6 193.8 197.9 202.8 202.3 205.4 208.9 203.1 196.9 195.5 192.6 189.1 186.7 182.7
243.9 243.1 242 242.5 245.1 248.3 250.1 255.9 251.1 250.6 250.8 250.7 247.3 244.6 240.1 236.4 232 230.7 227.2 221.1 222.6 220 215.7 214.4 214 217.6 220.1 223.3 229 234.5 237.2 232.8 227.1 223.5 218.7 215.5 214.3 212.4 209.4 209.1 210.9 211.7 209.9 206.6 208.5 206.7 202.3 194.5 181.9 174.7 173.7 172.5 174.9 174.6 173.8 172.2 171.5 170.2 169.6 170.1 172.5 174.6 177.8 179.3 183.8 190.1 195 200.7 201.1 206.4 209.5 204.9 201.3 194.3 192.1 188.1 185.1 181
244.1 243.9 245 245 246.7 250.3 255.3 253 251.8 251.4 251.1 250.8 247.7 245.7 242.2 237.7 232.4 230.5 228.6 222.6 223.7 222 217.9 215.2 216.1 219.9 222.2 225.6 234.2 240.2 243.4 242.4 231.9 225.8 221.6 220.6 218.2 214.7 212 213 216.9 216.6 217.3 216.7 221.3 217.9 213.5 202.2 189.7 177.8 173.1 172.7 172.1 173.8 172.6 171.8 171 170.1 169.4 168.9 168.5 172.9 174.3 177.4 181.2 188.1 192.4 198.2 201.1 207 210.1 206.6 202.1 194.1 192.3 189.8 184 180.6
244 243.7 246.5 247.8 248.5 253.8 251.9 253.2 253.9 253.8 252.3 250.9 248.4 245.5 243.4 238.4 232.9 230.3 228.1 224.3 227.9 223.9 218.6 216.2 219.3 223.9 225.7 234.1 241.2 246.8 248.8 248 237.2 227.8 226.5 225.2 223 219.4 216 219.3 223.2 226.2 227.2 224.6 232.5 227.8 219.8 208.8 199.4 184.9 173.5 172.4 172.2 171 171.7 171.2 170.7 170.1 169.4 169.1 168.6 170 172.2 175.5 179.9 185.1 189.5 195.9 201.3 205.9 210.2 208.3 203.3 194.9 189.5 189.3 184 179.1
244.2 243.7 245.7 248 248.5 253.9 253.2 255.3 256.3 255.9 254.3 250.9 247.9 245.1 242.9 238.8 232.8 230 228.1 225.4 227.8 224.5 220.9 218.3 222.2 226.5 231.3 240.4 247.3 252.4 251.1 250 239.3 231.1 232.3 231.3 228.9 222 219.6 222.5 230.4 237.1 236.7 233.7 236.8 231.5 222.3 211.9 203 190.8 176.2 172.3 172.4 170.9 171.4 170.9 170.5 170.4 169.2 169.1 168.5 168.1 170.1 173.5 177.2 182.7 187.3 193.7 200 205 211 210.2 206 200.6 188.5 186.3 183.2 178
244 243.4 245.4 247.4 249.1 251.5 253.5 256.9 257.5 256.8 255.7 251.9 247.7 244.8 241.9 238.1 231.7 228.7 227.4 226 227.5 225.3 224.2 224.7 223.3 230.8 236.5 242.9 249.4 252.6 252.7 250.6 242.8 234.3 238.8 237.8 235.2 227.5 223.3 227.9 234.7 242.1 243.6 241.6 235.1 232.7 223.3 214.4 205.2 193.2 181.1 174.5 172.5 171.1 171.5 170.9 170.6 170.8 169.8 168.9 167.9 167.8 167.6 171.7 174 181.2 186.2 192.3 198.5 204.8 213.4 210.5 208.6 203.6 189 185 182.7 177.4
244.1 244.2 245.5 247.6 253.4 251.9 254.8 258.1 258.8 257.8 255.3 250.6 246.8 243.8 240.8 236.9 230.6 226.8 225.9 225.7 228.1 227.3 226.5 227.1 224.5 232.9 239.3 244.9 250.8 254.7 253.1 250.5 245 239.9 244.1 242.7 240.8 232.7 228.1 231.7 239.9 244.8 245.5 241.7 235.2 232 221.8 214.9 206.8 195.5 185.6 177.8 172.9 172.8 171.2 171.6 172.5 170.9 169.5 168.8 168.8 166.2 167.2 170.1 172.7 179.2 184.8 191 196.5 204.3 212.3 211.2 207.6 203.1 190.8 185.6 182.1 176.2
244.4 245.3 247 251.1 252.6 253.9 256.8 258.9 259.5 258.2 254.8 250.5 246.3 242.4 239.4 236 231.7 227.9 226.4 225.9 226.9 228.5 229.1 229.7 226.2 233.2 239 245.2 251.4 254.6 253.1 250.5 246.6 242.4 246.2 246 244.5 239.2 235.8 241.7 246.5 247.4 245.8 242.9 235.6 232.1 222.1 214.8 207.6 198.6 188.7 180.2 174.8 172.4 172.3 172.9 172.2 170.4 169 168.4 167.9 167.5 167.2 166.6 171.3 177.4 182.4 188.2 194.8 202 209.8 210.1 207 203.2 191.1 184.8 181.7 176
246.3 247.2 249.7 252.3 253.6 253.7 257.3 259.1 260.2 258.6 254.7 251 247.1 243.3 240.7 238.2 235 232.8 227.6 227.1 229.6 231.6 233.2 232.3 232.2 233.1 238.7 244.7 251.3 254.5 253.4 250.3 246.9 245.5 247.2 248.2 247.9 245.8 243.9 249.1 252.7 251.4 245.8 242.4 235.4 233.2 224.6 215.3 207.7 198.7 191.2 184.1 176.7 173.6 172.4 172.2 171.3 170.1 168.3 167.8 167.5 167.2 166.9 166.5 172.5 176.5 181.3 191.5 193.6 199.2 207.2 208.6 206.6 201.6 192.4 183.7 179.5 174.7
249.5 249.8 250.9 253 254.1 255.8 257.3 259.1 260.1 258 253.7 250.8 247.8 244.6 242.8 241.2 237.4 234.4 233.4 236.3 236 237.2 238.2 237 238.5 235.6 238.4 244.3 250.4 254.3 253.4 250.3 246.9 245.6 247.8 251.5 252.9 253.1 253.6 256.5 257.2 254 245.6 240.8 234.6 231.9 225.6 213.9 208.7 196.1 191.6 186.4 178.9 173.5 173.1 173.2 176.9 172.5 168.4 167.4 167.2 166.9 166.6 166.4 167.8 176.7 182.7 189.2 192 198.9 206.2 206.8 205.2 202.6 193.1 183.3 179.2 174.5
250.1 251.3 252.5 253.6 254.2 255.7 257.2 258.6 259.7 257.7 253.5 250.7 248.3 246.6 245.8 243.7 238.8 237.9 238.4 242.1 241.3 242.6 243.7 242.5 244.6 240.9 239 242.8 248.9 253.5 253.4 250.1 246.9 246 248.5 252.4 257.1 260.1 259.8 259.8 258.5 255.2 246.2 240.8 235.1 230.8 225.1 215.3 206.7 197.3 193.8 186.1 179.1 176.3 175 175.8 180.1 174.8 168.6 167.1 166.8 166.5 166.2 165.8 165.6 176.6 181.4 187.9 190 198.4 203.6 206.2 203.6 201.4 191.5 183.3 178.5 173.8
249.9 251.9 253.7 254.3 255 256.1 257.4 258.8 259.3 257.5 254.7 251.7 249.9 248.6 249.2 248.4 242.6 242.4 242 246.4 247.2 250.9 251.2 250.4 251 247.7 243.1 244.1 247.3 252.6 253.1 249.9 247.3 246.7 248 254.2 259.9 262.9 262.3 261.4 259 255.3 246.3 240.9 236.1 231 223.9 215.9 208.5 198.8 192.7 187 179.1 179.1 178.8 179.4 183.2 177.2 168.8 166.7 166.4 166.1 165.7 165.4 165 173.9 180.2 186.2 187.7 196.8 202.4 204.5 201.8 198 189.9 182.6 177.4 172.5
250.2 252.2 254.5 255.1 255.5 257 258.1 259.3 259.5 257.8 256.4 254.6 252.4 251.1 252.4 252 247.7 248.2 251.4 251.3 253.8 260.3 263.6 259.9 256.3 251.4 249.9 247.5 247.6 251.3 252.9 250.4 247.8 247 247.9 254.3 259.7 262.9 262.9 261.8 258.9 255.1 247 240.2 234.7 230.9 225.5 217 209.1 199.7 193 187.5 181.7 183.2 183 183 185 180.8 170 166.3 166 165.7 165.5 165.2 164.8 171.7 178.4 183.7 184.7 195.4 199.5 201.7 200.4 198.1 189.6 181 177.2 173.9
250.2 251.7 253.5 255 256.2 257.9 259 259.9 259.6 259.3 259 258.3 256.9 254.3 254.5 254.1 252.4 255.7 257.7 262 265.1 272.9 275.3 268.8 262.1 258 257.3 254 249.5 251.6 252.3 249.6 247.8 247.1 247.4 252.3 258.4 261.5 262.5 261.7 258.2 254.9 247.7 239.7 235.3 231.1 226.5 217.4 208.4 200.1 192.9 186.6 184.3 187.4 185.7 185.1 186.1 181.4 170.8 166.2 165.7 165.5 165.4 165.4 164.1 168.6 176.3 181.4 182.9 191.7 195.6 199.2 199.2 196.7 188.4 180.7 176.4 173
251.1 251.3 252.5 254.8 256.3 258 259.9 260.3 260.1 259.2 259.4 260.1 259.9 258.7 256.4 258.3 255.9 264.8 270.7 274.5 277.5 284.7 286.9 280.3 268.3 263.2 264.7 260.4 254.6 254.7 252.5 249.9 248.7 247.4 249.2 252 256.5 260.6 261.9 259.2 256.6 253.7 247.4 239.9 235.3 230.8 226.3 219.8 208.8 201.7 192.2 188.3 190.8 191.2 189 185 186.3 183.3 173.5 166.6 165.4 165.2 165 164.8 163.3 166.7 174 178.9 180.7 188 195 197.4 197.3 196.7 189 180.1 176.4 172.2
253.1 253.3 253.7 256 258.1 259.4 260.6 260.7 260.5 259.3 259.6 260.9 262.8 261 262.7 263.8 263.8 272.5 276.7 283.2 288.5 295.4 292.6 286.5 274.5 270 269.7 266.1 261.1 256.1 253.1 253.6 255.4 247.6 249.4 252.1 254.8 259.2 260.2 258.8 254.9 251.6 246.8 242.4 235.7 230.4 227 221.8 213.1 203.3 194.3 190.2 195.8 193.1 189.7 185.4 186 184.4 175.6 167.4 164.9 164.5 164.3 164 164.5 166.7 171.6 176 179.2 186.6 193.2 195.7 195.7 193.9 188.5 180.3 177.2 173.1
255 255.5 255.6 257.7 260 260.1 260.9 260.9 260.7 260.6 262.6 266.5 265.5 263.6 268.7 273.7 275.5 276 281.2 289.9 295.4 298.7 295.6 290 280.9 274.3 273.8 271.4 267.2 258.6 255.7 256.9 258.7 250.1 252.5 255.1 254.3 256.7 258 257.3 253.9 251.2 248.1 243.7 236.4 231.4 227.6 222 215.1 205 199.7 193 196.5 193.3 190.9 188.1 186.4 184.4 176.8 168.9 165.2 164 163 163.7 164.6 164.3 169.3 173.5 177.2 183.3 189.3 194.1 194.4 192.4 187.5 180.8 178.7 174.2
256.9 257.7 257.7 259.6 262.4 262.3 262.7 261.1 260.8 261.2 265.5 268 267.5 267.2 276.4 280.1 280.5 279.2 283.4 290.5 297.3 300.2 297.7 292.5 284.6 279.4 278.4 276.3 273 262.8 257.8 258.2 259.9 255.3 253.9 257 254.8 255.8 256 255.7 253.4 250.9 247.5 245 237.3 232.3 228.4 224.4 216 208 201.3 194.5 198.5 196.7 191.3 189.2 186 185.1 178.8 171 166.2 165.2 163.1 163.1 164 163.9 167.1 170.9 176.2 181.9 187.5 192.3 191.9 191 185.6 181.4 179.4 175.4
258.6 260.1 260.5 262.1 264.8 265.4 266.1 265.3 262 260.1 264.1 267.3 268.4 270.4 278.4 280.8 281.7 284.2 290 297.1 298.3 300.8 298.6 293.9 286.6 283.1 282.5 281.2 276.1 266.8 260.3 259.1 259.7 259.3 257.3 256.9 255.1 254.2 254.6 254.2 252.9 250.2 247 245.1 238.4 232.2 227.7 223.6 215.5 206.7 201.8 197 199.6 197.2 193.6 189.1 186.5 184.5 181 173.9 167.8 164.7 162.8 162.6 163.4 162.3 165.4 169.3 173.7 179.1 185.6 189.7 190.4 190.3 185.2 180.8 179.1 174.6
260.8 262.5 263.5 265.5 267.8 269 269.7 269.1 266.4 261 262.6 266.2 268.1 269.3 276.5 279.6 280.9 288.6 297.1 302.8 305.2 302.9 299.7 295.5 288.5 285.5 285.2 283 279.6 272 262.4 260.5 259.9 258.8 258.1 256.6 254.5 253.2 253.6 253.1 250.9 249 246.5 244.3 237.7 230.6 226.9 222.6 215.8 208.1 203.2 199.9 200.5 199.8 197 190.3 187.6 184.4 182.7 175.9 168.1 164.6 162.4 162.4 163.2 163 162.6 167.8 172.1 176.7 182.3 187.3 189.5 188.9 184.1 180.7 179.3 175.3
262.3 265.9 266.9 268.7 270.3 272.4 273 271.9 270.5 265.6 260.8 265.2 266.5 268.5 273.6 276.6 279 291.5 300.4 306.6 307.7 304.3 300.4 296.3 289.1 287.7 287.5 284.5 282.7 275.1 264.2 261.3 259.1 258.3 257.4 255.1 253.2 252 252.3 251.3 250.1 247.7 245.1 242.8 236.5 229.5 225.9 222.2 216.8 209.2 205.1 203 200.7 199.9 197.3 191.6 188 184.8 181.4 176.1 169.3 165.2 162.6 162.3 161.3 162.3 162.1 166.3 170 174.4 179.7 184.8 187.7 187.5 184.3 180 178.7 176.1
263.6 268.5 269.7 271 273.4 276.3 276.4 275.1 272.5 269.2 262.1 262.7 264.8 267.2 270.8 273.2 278.5 290.8 300 305.9 305.7 302.4 299.7 295.3 290.3 290.1 292.3 289.8 283.7 276.3 268.4 261.6 258.6 257.7 256.4 254 252.8 251.3 251.1 250.3 248.6 245.8 243.2 241.5 236.5 229.5 225.5 222.5 216.7 209 205.5 204.5 202.3 199.8 197.2 191.2 185.8 185.2 181.6 176 170.3 165.5 163 162.2 162.4 162.5 162 164.5 168.6 172.5 177.3 181.9 183.6 184.1 182.8 179.2 178 175.4
264.7 268.9 272.6 274.3 276.9 279.2 279.8 277.1 273.7 270 263.3 261.5 263.5 266 267.8 270 277 284 294.5 300.2 302 299.1 298.1 293.7 289.6 290.7 297.9 294.5 285.7 280.7 273.2 262.5 257.9 256.6 255.4 253.1 251.9 250.8 250.2 249.6 248 245.2 243.6 241.9 236 229.1 225 222 216.2 209.1 204.8 203.8 202.6 200.1 197.3 193.2 187.7 185.8 182 175.2 170.9 165.4 162.7 162 160.4 162.5 161.9 163.1 167.4 170.9 177.7 181.5 181.8 181.5 180.7 178.4 177.2 174.4
266 269.9 274.6 277.6 279.2 280.4 280.6 278.2 274.2 269.7 264.2 261.9 262.1 264.2 266.8 269 272.3 277.8 286.9 293.2 295.9 294.6 294.7 290 287.6 289.8 299.5 296.9 286 280.8 272.7 263.5 258.6 255.5 254.2 252.5 251.3 250.6 250.1 249.6 248.1 245.9 243.3 241.2 235.8 229.2 224.3 221.1 215.2 209.1 204.4 202.8 202.8 200.6 197.4 192.8 188 185.4 180.9 176 170.9 166.3 162.7 161.2 160.8 161.8 161 162.8 166.2 169.6 175 180.6 181.1 181.2 179.7 177.2 177.1 174.2
267.5 271 276.8 279.2 280.6 280.6 280.5 278.6 273.6 269.2 265.1 263 263 264.2 266.2 269.1 271.3 274.6 282.2 286.5 289.4 288.3 289 287.4 284.3 288.6 299.3 295.4 285.5 278 270.7 263 259.1 254.9 252.7 252 250.9 250.5 250 249.6 248.2 246.6 243.9 240.5 235.7 229.4 223.9 219.6 215.9 209.1 204.1 204.3 203.5 201.2 197.3 190.5 188.3 186.9 184.3 178.2 173.3 167.8 162.3 161.3 161.1 160.2 160.7 161.7 165.6 169 173.3 180 180.7 180.8 179.7 177 177.1 174.3
268.3 272 278.7 280.1 280.5 280.4 280.3 277.2 272.7 269.4 265.7 263.9 264.1 268.5 267.9 269.7 271.5 274 277.3 282 283.7 283.3 283.6 283.3 280.5 285.7 296.3 292.8 282.1 275.4 269.7 261.6 256.6 253.8 252.5 251.4 250.6 250 249.8 249.3 248.1 246.4 244.3 240.1 234.6 228.9 223.8 219.6 215.5 209.1 204.5 205.8 207.2 205.4 200.5 193.8 188.4 186.6 184.9 179 172.6 168.3 163.2 160.4 159.9 160.1 160.4 160.8 165.1 168.3 171.7 177.7 179.8 180.9 179.7 177.5 177.2 174.6
268.7 273.5 279.1 280.4 280.6 280.5 280.1 275.7 271.1 269 266.4 264.2 266 270.6 272.1 275.9 276.9 277.6 274.3 277 279.7 278.6 278.8 278.7 277.7 282.7 292 290.3 281 273.9 266.2 258.3 256.1 253.6 252.4 251.2 249.7 249.4 249.6 248.9 248 246.6 243.7 239.3 234.1 228.6 223.9 220 215 209.1 205.4 209.3 210 208.5 205.3 199.6 191.6 186.4 184.3 178.1 173.2 168.7 166.4 162.4 159.7 159.1 158.4 159.7 163.7 166.8 171.3 174.6 177.9 180.4 179.9 177.9 177.2 174.6
269.5 273.2 278.8 280.7 280.7 280.5 279.4 273.6 269.9 268.3 266.2 263.9 265.9 270.6 276.2 275.8 278.9 280.1 272.1 272.3 275.2 274.1 273.8 273.4 273.1 277.9 288 287.9 278.9 272.6 264.3 258.2 256.9 253.8 251.9 250.5 249 248.9 249.3 248.5 247.1 244.3 242.6 239 233.1 227.8 223.5 219.3 213.2 210.9 205.3 215.4 213.6 213.3 213.1 207.9 196.6 186.9 184.6 181.7 178.7 171.2 167.1 163.3 162.5 158.9 158.8 157.7 162.7 166.9 169.7 172.6 176.8 179.8 180.1 178.5 176.7 174.1
269.2 272.8 278.6 279.8 280.4 280.6 280.1 273.1 268.8 266.8 265.1 263.6 265.5 269 274.6 275.6 278.6 280.2 271.6 269.6 270.5 270.1 269.8 269.4 269.7 275.2 282.3 283.7 277.9 269.7 262.3 257.2 255.9 253.1 251.3 249.9 249.1 249.5 250.2 247.1 244.4 242.1 239.6 236.3 231.3 226 222.2 220.5 217.9 209.2 206 218.3 219 219.7 217.5 212.6 201.6 188.9 184.3 181.2 179.3 172 169.4 166.1 163.8 158.6 158.6 158.8 162.3 165.5 168.4 172 176.2 179.4 179.2 178.1 176.9 174.1
