data/300000-830000.asc
ncols 200
nrows 200
xllcorner 300000
yllcorner 830000
cellsize 50
[rows 70 to 104 of 200, columns 78 to 155 of 200]
389.2 386.3 384.4 382.6 380.9 380.1 379.5 379.3 380 380.7 381.1 380.5 380.1 379.8 379.8 380 380.1 380.5 380.7 381.5 381.6 384.7 390.3 398.4 403.8 408 411.4 416.8 422.1 427 433.2 439.7 439.7 439 440.1 442.1 443.9 449.3 456 461.4 468.2 472 476.6 479.8 482.2 484.5 487.8 490.1 492.5 494 495.9 496.8 496.5 496.6 497.3 497.6 498.3 497.9 497.6 498.3 500.1 499.5 497.8 495.3 489.7 484.3 478.7 470.2 458 446.9 438.9 427.6 406.9 399.5 402.1 399.9 392.4 402
388.7 387.3 385.5 383.4 381.8 381.5 381.3 381 381.3 382.6 382 381.7 381.3 381.1 381 380.9 380.7 381.1 381.3 381.3 381.8 384.5 390.3 399.4 406 410.5 413.6 415.3 419.5 423.7 428.2 431.2 433.7 435.2 437.3 439.9 442.2 447.9 454.5 459.8 464.1 467.9 471.8 475 477.8 479.5 482.1 485.1 487 490.1 493.2 495.4 496.4 496.9 497.9 500.4 501.8 501.6 501.7 502.7 505.5 506.6 504.8 502.2 497.3 492.1 485.1 475.1 463.5 450.6 439.9 432.6 423.1 413 402 389.9 386.2 382.4
389.3 388.1 386.8 384.5 382.9 382.6 382.3 382 382.1 383.6 382.8 382.2 381.9 381.9 381.8 381.7 381.5 381.7 382.1 382 382.5 385.1 391.1 400.6 408.3 412.7 415.3 417.1 417.9 420.4 424.1 427.1 429.2 431.4 433.6 436.1 439.8 445.7 451.7 457.3 460.8 465.6 469.2 471.3 473.7 476.2 478.8 481.4 484.1 485.9 489 492.6 495 496.7 499.2 502.3 504.6 505.9 506.1 507.3 512.9 513.5 511.9 509.6 504.3 498.3 490.3 479.4 465.3 455.3 443.3 436.3 429.1 419.4 411.4 400.4 390.9 383.8
390.4 389.5 387.9 385.4 383.7 383.4 383.1 382.9 383.1 383.2 382.7 382.5 382.4 382.3 382.3 382.2 382.1 382.1 382.3 383 383.6 386.1 392.5 400.8 412.7 416.7 417.5 418.6 418.4 418.3 420 422.7 424.3 426.8 429.5 433.7 437.9 443.1 448.7 454.5 459.3 463 466.5 469.4 472 474.1 476.2 478.4 480.5 483.1 485.9 487.4 491.9 495.8 499.1 504.3 507.9 511.4 513.3 517.2 521.9 522.8 520.5 517.2 512.6 505.3 495.4 483.3 469.6 460 449.9 442 435.1 424.6 416.8 409 401.1 394.8
393.6 391.1 389.3 386.7 384.6 384.1 383.8 383.9 383.8 383.1 382.5 382.2 382.3 382.2 382.1 381.9 384.3 383.6 381.3 382.3 383.7 386.8 392 401.2 415 420.3 421.5 421.4 418.2 417.3 416.6 417.9 420.2 423.1 426.3 430.2 434.6 440.1 444.7 450.8 456.7 460.2 463.5 466.4 468.9 470.2 471.3 473.2 475.8 479.1 482.7 484.4 487.6 493.3 498.7 504.9 509.6 515 519.7 526.2 530.7 531.7 529.4 525.6 520.2 511.5 501 488.9 478.2 467.7 456.9 449 441.4 432.3 425.3 418.8 411.2 402.5
395.3 392.5 390.8 388.4 385.7 385 385.3 385.7 384.2 383 382.2 381.8 381.9 382.3 381.7 382.4 386.1 384.2 380.8 381.8 381.8 385.8 391.1 400.5 412.3 420.4 423.7 421.9 416.8 415.5 414.5 414.8 417.7 420.8 423.6 427.5 432.2 437.8 442.6 447 452.3 456.5 460.4 463.4 463.9 465.7 467.2 468.9 471.9 475.9 478.8 481.5 484.8 489.8 497.5 504.4 511.1 517.2 523.5 531.7 537.2 538 536.3 533 527.2 518.7 507.3 497.2 488.4 478.7 467.6 459.6 452.2 444.1 435.6 428.4 424.9 421.1
397.6 393.8 392 389.6 387.4 386.2 387.8 386.1 385.2 383 382.1 381.4 380.4 380.2 380.1 383.8 387.6 384.5 378.7 380.5 380 383.7 389.6 399 410.9 421 426.1 422.3 415.1 413.1 412.5 412.7 415.8 419.5 422.4 425.2 431.3 436.5 442.2 445.7 449 452.4 456.1 456.7 457.8 460.1 462.4 465 468.5 472.2 475.6 478.3 481.9 486.6 494.3 502 509.7 518 526.1 534.9 541.7 543.3 541.4 537.6 531.8 525.4 516 506.9 498.1 488 479 470.2 460.8 453.1 445.9 442.4 438.1 434.4
398.9 396.4 393.9 391.7 390.2 387.2 387.4 385.9 385.3 382.5 381.1 380 378.4 375.6 376 382.5 386.6 384.1 375 376.9 377.3 379.3 386.7 395.7 412.8 421.2 425.2 420.6 411.6 409.7 408 407.9 410.3 414.7 419.2 423.3 428.9 436.5 441.4 443.1 445.9 448.2 450.1 450.6 452.3 454.2 456.6 460.1 464 468.1 471.1 474.7 479.4 484 490.3 497.9 506.9 516.9 526.7 536 543.1 547 545.1 541.1 536.9 531 523.2 515.3 505.9 496.3 488.4 478.8 470.6 462.9 456 451.2 446.8 442.9
400.3 398.6 397.3 394.3 393.1 388.7 386.5 385.3 383.9 381 379.3 377.4 376 374.1 373.1 378.6 382.2 379.1 372.6 375.6 374.4 375.4 382.6 394.2 405.7 414.6 418 414.8 407.6 404.1 403 403.3 404.8 409.1 413.2 419.3 425.3 433.7 437.2 439.7 442.1 444.7 446.1 446.7 448 449.1 451.3 454.4 458.5 462.5 466.3 470.5 475.4 481.2 487.6 493.2 502.5 514.1 524 533.7 541.1 546.7 546.9 543.8 540.4 534.8 527.4 520.1 510.3 503.1 494.7 485.3 478.1 470.2 464 459 454.5 449.5
402.4 401 399.6 398.2 396.6 392.5 386 384.1 382.2 379.9 375.5 373.1 372.1 369.5 369.8 367.2 372 371.9 369 371.3 370.1 372.2 378.4 389.1 399.4 407.2 411.2 407.6 400.2 397.7 396.1 396.7 398.4 401.8 406.1 413.3 419.9 426.7 431.8 435.5 438 442.3 443.3 444 444.4 444.6 446.8 449.4 452.8 456.9 461.6 467 472.1 478.2 484.9 491.2 498.5 509.7 520.6 529.7 537.3 542.5 543.8 543.6 541 535.9 529.7 523 515.6 506.9 498.5 490.4 483 476.3 469.3 462.8 459.6 454.9
405.6 404 402.3 400 399.6 396.8 388 383.5 381.2 376.1 370.8 369.6 368.6 366.4 366.7 364.2 357.2 363.6 365.9 363 364.2 366.4 372.3 380.8 389.8 397.7 400.5 398.5 392.2 388 385.1 386.5 389.1 394.7 401.6 408.9 417.1 422.4 427.5 432.5 435 435.4 435.5 437 439.3 441.1 443.4 445.9 448.1 452 457.8 463.5 468.8 474 481.6 487.7 495.2 504.4 514.3 525.7 531.8 536.4 539 540.1 538.1 534.7 529.6 524.2 517.3 509.2 501 493.1 485.8 480.1 473.3 466.2 461.4 456.4
408.2 408 405.7 403.7 402.3 399.2 389.6 383.7 380.1 373.2 369.1 367.9 370.5 365 363.6 356.7 354 356.6 355.3 353.4 353 356.1 361.9 369.6 379.4 386.5 389.6 384.4 376.8 373.6 372.5 376.7 379.6 384.7 394.4 403.2 411.5 417.2 423.8 431.1 432.6 432.1 433 434.3 435.2 435.6 439.7 442.6 444.2 448.2 452.7 458.5 465.1 471 477.3 483.5 491.7 500.7 508.1 518.1 524.9 529.6 532.8 533.9 533.4 530.9 528 522.8 516.7 508.9 501.1 493.7 487.1 480.7 473.1 467.9 461.9 454.5
409.6 410.6 408.8 408.2 403.5 398.6 390.7 384.5 376.8 372.6 367.4 365.6 365.2 360.8 357.2 353.2 347 341.1 343.4 342.5 341.3 342.4 349.3 355 364 370.2 372.1 367.4 363.3 360.5 358.2 362.7 367.6 374 381.4 391.2 401.5 411 419.2 427.6 427.8 427.8 429.4 432.3 433.7 434.2 436.6 438.8 440.6 444.4 448 452.4 460.7 466.8 472 478.4 487.8 495.5 503.1 510.8 518.1 522 525.7 526.7 526.8 526.5 524.4 520.5 514.9 508.4 501.3 494.4 486.9 477.6 472.3 465.8 456.8 448.7
411.5 413.1 411.1 409.2 405.2 400.4 393.7 385.3 378.5 368.6 366.9 363.8 361 362.7 357.3 344.4 338.2 332.3 333.1 333.1 332.7 330.8 335.8 340.7 347.4 352 354 352 347.8 345.3 343.5 346.4 353.1 362.9 372 381 391 402.9 413 419.3 422.6 424.2 430.1 432.5 433.3 433.9 435.2 436.8 437.9 439.5 443 446.8 456 462.2 467.1 473.4 482.6 490.1 497.4 503.8 510.6 514.6 518.1 519.9 520.4 521.1 520.8 518.1 513.5 507.7 501 492.8 482.2 475.9 469.6 461.5 452.7 447.9
411.5 413.4 410.2 410 407.2 404.1 397.8 387.6 377.7 367.8 366.1 361.1 355.2 357 347.3 340 334.5 329.5 325.7 323.9 324.2 323.8 325.8 328.9 334.5 338.2 339.7 339.7 340.1 338.4 337.5 339.5 343.2 354.9 364.4 374.7 382.2 394 404.3 410.2 416.2 425.3 429.8 431.5 432.2 432.7 433.5 434.9 436.6 437.6 439.6 443.4 451.1 457.2 462.4 468.8 477.8 485 491.1 497.4 503 507.4 510.9 512.7 512.8 513.6 513.6 512.3 508.5 504.4 496.8 489.8 482.2 474.4 467 456.5 452.3 446.2
407.9 409.5 409.3 408.7 408.7 410.2 404 391 377.6 369.4 364.8 357.4 346.1 346.4 341.3 336 332.7 325.8 321 319.6 319.3 318.5 320.8 322.2 326.3 327.7 328.2 330.1 330.9 331.8 332.2 334.8 338 346.1 355 364.9 374.7 383.7 390.3 397.5 408.9 417.4 421.7 425.1 426.8 428.3 433.6 437.1 438.3 438.9 439 440.9 445.8 451.9 457.7 464.5 472.9 479.1 484.7 490.6 495 500.1 503.3 505.1 506.3 507.7 508.3 506.8 505.6 499.6 494.6 487.2 480.1 472.2 464 455.9 449.8 444.1
406.2 407.9 408.6 408.4 409 414.7 406.7 397.9 376.9 370.5 361.1 352.8 344.2 334.8 335.5 328.7 324.9 322.1 319.6 317.5 317.5 317.3 316 316.2 319 318.9 318.5 322.1 324.9 326.1 327.9 329.4 331.7 336 342.5 351.5 363 371.9 381.6 393.5 403.1 407 410.4 414.5 417.1 423.4 432.4 440.9 440 438.2 436.7 437.5 440.9 447.6 452.4 459.8 467.1 472.5 477.6 481.7 486.5 491.8 494.7 497.2 500.3 502.1 503.4 503 500.9 497 491.7 484.8 477.2 470.8 462.7 453.2 446.9 439.8
405.9 406.9 408.3 408.7 409.1 411.3 405.9 398.9 379.7 367.1 359.8 350.6 339.7 337.2 335.3 328.5 322.3 321 320.6 317.2 316.1 314.9 310.7 310.2 311.9 316.1 317.2 319.3 321.1 323.3 325.2 326.4 328 330 334.4 341.4 349.6 368 381 389 397.2 400.7 404.1 407 413.5 419.3 426.9 435.6 437.3 437.3 436.9 434.3 437 441.3 446.3 453.6 460.4 464.3 468.6 473.4 478.4 482.8 485.7 488.1 493.4 496.2 498.1 497.7 495.4 492.3 486.5 481.3 475.4 469.2 460.2 451.2 444.5 437.8
405.1 406.8 408.2 408.8 408.5 408.2 403.6 397.2 383.8 368.7 360.8 356 351.4 339.1 334.5 328.3 322.9 320.6 321.2 320.5 314.3 311.7 309.4 306.6 307.4 314.3 316.7 317.6 319 321.2 323.3 324.6 326 328.4 332.3 338 346.9 360.4 374.4 382.1 389.1 393.6 396.7 405.5 411.7 417.6 423 427 432.3 435.7 436.1 433.3 434.1 437 442.2 448.1 453.8 457.5 461.5 465.5 470.3 475.1 478.3 480.6 486.9 490.8 492.9 492.5 491.9 488.3 484.2 478.7 473.9 467.7 459.6 450.8 443.9 437.5
404.8 406.5 408.2 409.2 407.5 405.1 399.8 397 383.6 372 367.5 364.2 359.2 339.8 331 335 320.5 319.4 318.7 318.9 313.4 309.8 307.6 303.2 303.1 308.7 309.8 311.4 313.9 319 323.2 322.8 324.6 326.5 329 336.9 344.5 350.6 361.9 370.1 379.6 378.6 391.9 399.7 406.9 415 420.7 425.7 429.1 432.5 432.7 430.8 431.4 433.4 437.8 443.8 446.8 451.7 456 459.7 464.4 467.6 469.7 474.1 480.5 484.7 487.5 487.9 488 486 482.3 477.9 473.7 464.4 458.5 453 446.2 442.6
404.9 406.5 408.5 409.5 409.5 407.8 398.4 396.8 399.9 388.4 371.5 365.4 358.7 342.5 329.1 330.4 321.5 319.2 317.6 314.6 312.7 311.4 308.4 304.5 299.8 298.5 298.5 299.7 305.7 315.8 317.8 320 322.5 323.7 325.1 330.6 338.2 342.2 349.3 359.5 366.3 376.1 386.5 394.2 401.3 410 421.1 426.2 426.1 426.7 427.7 428.1 430 430.9 433.3 437.6 440.5 445.3 450.1 453.7 457.4 460.8 464.1 467.4 473.5 478.1 481.6 483.1 484.5 484.5 481.9 479 475 463.2 458.8 453.5 448.7 440.4
405.9 407.5 409.3 409.1 407.7 403.1 395.4 392.3 392.7 382.6 368.3 359.4 347.9 331.6 328.1 329.1 320.9 319.5 316.7 313 312 314.9 313.8 311.2 303.7 293.7 294 294 296.6 303 309.6 317.4 320.7 320.7 321.6 327.6 333.4 337.1 341.6 348.6 360 369.8 380.1 388 397.9 407.1 415.7 419.4 421.4 423.2 424.6 427 428.8 430.1 431.3 433.4 435.6 439.6 444.2 447.3 450.8 454.3 457.5 461.2 466.7 471.4 475.8 477.8 478.6 479.6 478.2 475.5 467.5 462 458.2 456.8 455.8 450.5
407.5 408.9 410.6 409.4 408.5 399.8 394.6 387.2 384.2 375.9 365.5 358.5 348 336.7 329.4 327 320.6 320.6 314.8 310.5 309.5 308.8 307.4 305.4 297.1 292.5 290 289.9 291.1 294.9 304.7 312.7 314.9 316.9 317.8 321.4 329.2 332.8 339.2 343.6 353.7 363.9 371.8 382 392.4 399.5 406 411.9 416.8 422.2 425.5 427.3 428 429.3 430.2 430.3 432.4 435.3 437.9 441 444.4 447.7 451 454.9 460.8 465.9 469.5 472.4 474.7 475 469.3 465.4 464.8 468.7 468.7 467.8 465.3 461.3
409.5 410.8 411.3 410.6 408.4 400.7 392 383.5 376.1 368.4 366.6 357.5 351.2 344.7 334.9 328.3 326.1 318.1 313.4 309.7 307 305.9 301.9 298.4 292.6 289.1 286.1 285.7 287.2 290.2 297.4 303.9 309 313.9 317.1 316.5 323.7 331.2 337.3 342.3 348.5 358.3 365.1 374.8 382.7 390.8 399.6 408.4 415.4 421.1 423.6 425.5 426.9 427.8 427.8 427.8 428.4 430.6 431.9 435 437.7 441.3 444.5 448.9 453 459 461.8 467 469.7 469.6 469.8 473.5 476.7 480.1 480.4 478.5 475.5 472.7
411.1 412.5 413.3 411.5 409.4 401.6 393.3 382.4 373.7 367.8 364 358.6 355 345.3 337.6 331 325.2 322.6 313.8 310 304.9 301.3 296.5 292.6 290 286.8 283.8 283.8 284.3 286.6 290.8 299.9 309.1 311.5 308.9 317 322.1 330.5 339.1 341 345.1 351.5 359.5 367.8 375.8 381.3 394.3 403.2 407.6 412.4 416.9 420.7 424.2 425.3 427.3 426 423.9 426.1 426.6 428.2 430.2 434.7 437.8 440.9 445.3 450 454.5 459.6 462.2 466.3 469.7 474.5 479.3 482.7 484.2 484 483.5 479.9
412.8 414.3 415.6 414.4 413 407.4 399.6 390.3 378.6 371.9 367.4 363.3 358.9 348.9 341.6 331.9 325.4 326 314.6 312.4 307.9 302.3 297.6 291.7 289.6 286.4 283.1 282.5 282.7 284.3 285.3 296.1 305.7 306.7 305.4 311.2 318.5 328.8 337.4 338.9 341.3 347.7 355.8 363.4 371.2 379.7 387.5 396.3 401.4 406.4 410.4 414.8 421 423.3 426.2 426.6 422.7 422.2 422.4 421.1 422.9 427.4 430 433.8 436.5 442.1 447.1 452 457.4 460.8 465.9 471.9 476.4 482 484.7 488.4 487.7 485.8
414.4 417 419.7 418.4 418.1 420.9 413.5 398.1 387.1 377.9 370 363.3 359.7 354.4 345.7 337.6 326.2 323.3 315 311 307.9 303.2 298.1 293.2 290.5 286.9 283.8 281.2 281.2 281.8 282.1 289.2 297 299.3 301.8 308.5 316 325.1 330.5 333.8 337.4 342.5 353.3 360.1 366.1 372.4 380.6 391.5 399.6 404.8 407.4 410.6 417.4 422 424.3 426.7 423.3 420.6 418.9 417.4 417.6 418.7 422.7 426.4 430.4 433.5 437.4 446.4 451.5 456.7 461.8 467.8 473.1 480.6 485.7 489.6 491.5 491.3
416.7 419.1 422 423 420.6 425.1 417.9 401.8 392.8 382.6 372.8 363.9 359.5 355.3 350.2 338.9 330.5 322.4 317.1 310.1 307.2 302.8 300.3 295.2 291.8 287.5 284.3 281.4 279.3 280.5 281.4 284 290.5 292.5 297.3 303.9 309.7 319.2 323.7 328.9 333 340.1 344.5 351 359.6 367.3 375.6 385.4 393.9 399.5 403.9 409.3 414.4 419.7 421.5 426 422.8 419.3 417.5 414.2 415.1 414 414.2 416.3 422.6 428.3 431.2 439.5 446.1 451.8 457.3 464.2 470.1 477.9 484.1 490.1 494.2 496.2
417 420.2 424.7 423.8 421.3 425.3 417 402.7 393 384.3 374.6 366.3 359.9 355.7 349.1 339.8 332.4 322 320.5 310.4 308 304.2 299.9 297.1 291 287.1 283.9 281 279.7 279.6 281 283.8 287.1 289.7 295.5 300.9 306.9 314.3 319.5 325.2 328.9 334.3 339.5 345.2 353.9 362.5 371.3 378.5 385.1 391.9 397 403.4 409.8 413.9 418.7 422 420.4 417.8 416.7 413.9 413 411.4 411 410.2 413.3 420.5 425.7 433 440.7 446.5 452 458.9 467.2 474.2 482.7 489.9 495.3 499.3
417 419.5 423.1 422.9 422 424.4 415.3 401.3 393.6 385.6 374.9 365.6 360.8 355.6 348.7 340.5 330.5 322.5 316.6 312 309.1 309.2 302.3 296.4 291.2 286 283.4 281.4 279.3 277.6 280 282.8 285.1 288.7 296.1 302.9 309.1 313.3 316.3 320.3 325.6 329.9 334.6 340.8 348.1 356 364.3 370.6 376.8 384.9 391.5 397.7 403.1 408.1 415.4 418.4 417.4 416.5 417 415 412.4 409.3 408.5 407.4 406.9 412.1 420.9 428.3 434.6 440 447.1 452.6 462 471.1 481.1 488 493.7 499
417.5 419.3 418.9 419.6 420.9 422.2 410.2 400.3 391.9 384 372.6 364.2 358.9 354.1 345.7 338.4 329.1 323 316.2 311.6 309.9 307.7 303.5 297 292.8 286.6 283.1 281.5 279.3 278.4 278.8 280.8 282.6 290.6 300.9 305.3 309.4 311.7 315.4 318.4 324 329 334.2 340.2 343.7 348.1 354.8 362.5 369.9 380.5 389.3 395.4 402.4 406.3 412.1 414.1 415.7 416.7 417.1 416.7 414.6 410.2 406.2 404.5 403.1 405.1 412.8 420.8 426.7 432.9 441 448.9 457.2 468.7 479 485.3 491.9 497.5
417.5 416.5 415.7 415.2 415.7 415.6 406.2 396.4 388.1 379.5 370.2 362 356.4 350.5 341.6 335.5 327.9 321.4 315.3 312.1 309.1 306.5 303.9 298.9 291.6 286.5 283.5 279.6 279.1 275.9 278.1 279.5 282.7 291.4 300.7 303.8 305.5 308.3 313 315.5 323.5 330.1 334.5 338.1 341.7 345 349.6 356.1 364.4 377.5 386.1 394.6 399.8 406.2 411.5 412 415.3 418.1 418.8 419.1 417.5 412.8 406.7 400.2 399 400.7 402.5 411.8 420.1 424.9 436 444.2 452 465.1 474.4 481.8 488.5 493
415.5 413.2 410.5 409.3 411 407.7 402.3 393.3 385.1 376 365.7 360.9 354.5 344.5 339.4 333.6 324.8 318.7 314.6 311.4 308.8 306.8 305.3 300.3 292.4 287.9 283.7 279.5 276.4 277.4 277 279 281.1 289.6 296.6 299.2 300.8 305.5 312.2 313.2 319.3 327.7 332.2 335.4 338.9 343.1 347.6 352.8 359.4 371.7 379.9 388.9 395.3 401.5 406.8 412.6 417.7 421.1 420.4 420.5 419.6 415.5 409.9 399.4 393.5 396.5 396.6 402.9 412.1 419.8 428.3 436.9 447.9 460.1 468.9 476 482.2 487.8
413.4 409.3 404.8 400.5 402.3 399.3 396.3 390.7 381.3 371.7 362.6 357.8 350.7 340.6 336.4 329.6 322.7 317.5 314.4 311.5 308.7 306.3 303.8 299.7 295.7 291.2 284.2 280.4 275 273.8 275 278.4 277.5 286.2 289.4 295 298.6 303.7 310.2 310.7 312.7 321.6 325 329.1 335.1 339.6 344.1 350.1 357.5 366.8 376.6 384 393.2 401.2 408.2 415.4 420.3 424.3 424.2 421.2 420.5 417.4 411.9 401.5 389.5 388.8 391.3 394.7 405.7 413.2 419.8 430.3 440.8 454.2 462.9 469.7 475.5 479.6
412 406.9 399.9 393.4 392 391.9 388.6 383.9 376.9 369.9 360.4 351.5 345.8 337.7 332.6 327.1 321.7 317.4 315.3 311.4 309.3 307.6 304.5 300.5 296.7 293.1 287.3 280.2 275.7 269.7 272 273.9 276 281.6 287.1 290.4 296.2 302.2 310.8 309.2 308.7 313 316.4 322.5 329.4 336.1 342.7 348.8 355.8 365.8 375.6 384 392.8 400.2 408.7 417.4 423.7 428.6 430.3 427.2 415.6 416.2 413.2 406.5 396.4 390.1 385.7 389.7 394.6 405.4 412.6 423.5 436.1 448.1 456.9 463.4 468.7 471.7
