data/300000-940000.asc
ncols 200
nrows 200
xllcorner 300000
yllcorner 940000
cellsize 50
[rows 70 to 104 of 200, columns 0 to 77 of 200]
169.7 166.1 162.8 160.4 158.1 156.5 154.8 153.8 151.3 151.1 152.6 154.3 155.6 156.5 158.3 160 161.6 163 163.7 163.9 164.1 164.3 164.5 165.7 166.1 166.4 165.4 164.4 163.1 161.1 159.5 161.8 165.2 167 167.2 166 166.5 165.9 166.2 166.4 165.8 165.1 164.8 164.6 162.7 160.7 158.9 156.6 153 153 153 153 153 155.5 155.8 155.5 155.6 155.7 155.9 156.1 156.3 155.9 156.1 156.3 156.3 156 155 153.8 152.7 151.3 150.4 149.9 147.4 147.4 147.4 150.8 152.1 152
169.3 165.8 162.6 160.2 157.9 156.4 155 152.7 151.2 150.2 151.6 153.3 154.3 155.1 155.9 157.8 159.4 161 161.2 161.5 161.7 162.2 162.5 163.5 164.1 163.8 163.3 161.9 161 159.9 158.7 162.6 163.2 164.1 165.2 165.9 165.9 165.5 165.7 166.1 165.6 164.8 164.2 163.9 162 160.1 158.1 157.1 153.1 153 153 153 153.9 154.5 154.3 154.2 154.4 154.5 154.6 154.7 155 155.4 155.9 155.3 156 155.9 155.3 154.4 153.2 151.9 151.2 150.7 149.1 147.6 148.5 148.5 149.9 149.4
168.9 165.4 162.6 160.3 158.1 156.3 154.7 153.1 151.6 150 150.7 151.9 152.9 153.8 154.6 155.5 156.8 158.2 159 159.4 159.9 160.1 160.7 161.7 161.9 161.2 160.7 159.9 159.4 158.3 157.7 159.2 161 162.9 163.9 164.7 165.2 165.1 165.4 165.8 165.4 164.6 163.8 163.3 161.3 160.2 159.4 158.5 157.5 156.3 156.8 155.9 154.5 152.8 153.2 152.1 152.1 152.6 153.2 153.3 153.6 154.1 154.7 155.4 155.2 155.7 155.2 154.9 153.7 152.7 152.3 151.7 150.1 148.1 147.3 146.7 146.4 147.6
168.4 165.9 163.7 161.5 159.3 157 154.9 153.4 152.3 150.2 149.9 150.6 151.6 152.5 153.3 154.6 156 157.1 157.3 157.6 157.8 157.9 159 160.1 159.1 158.6 158.3 158.1 157.8 156.5 156.4 158.7 160.4 161.9 162.7 163.4 164.1 164.7 165.1 165.5 165.2 164.4 163.7 162.9 162 161.2 160.3 159.5 158.8 158.4 157.7 155.9 154.5 151.7 150.8 149.6 149.8 150.3 150.9 151.4 152.4 153.1 153.6 154.3 153.9 154.6 154.4 155.4 154.9 154.3 153.5 152.4 150.1 149.2 148.5 146.4 145.2 145.6
169.2 166.9 164.7 162.5 160.4 157.6 155.2 154.2 152.9 151.1 149.7 149.2 150.2 151.2 152.4 153.9 155.3 155.5 155.7 155.9 155.8 155.9 156.7 156.8 156.5 156.8 156.9 156.7 156.4 156 156.3 157.6 159.1 160.5 161.5 162.4 163.3 165.2 165.7 165.8 165.4 164.8 164.2 163.1 161.9 161.1 160.6 160.1 159.8 159.7 158.4 155.6 153.7 151.6 150.2 147.2 147.5 148.2 148.7 149.3 150 151.4 152.6 152.9 153.7 154.4 155.2 155.5 156.7 155.9 154 153.4 152 149.2 148 146.2 144.6 143.6
170.4 168.1 165.8 163.5 160.8 157.6 155.8 154.4 153.1 151.4 150.8 150.2 149.2 150.3 151.6 153.1 153.7 153.9 154 154.3 154.7 154.9 155.2 155.3 155.4 155.4 155.6 155.7 155.5 155.1 155.3 156.5 157.6 159.1 160.2 161.1 163.2 164.9 166.2 166.7 166.3 165.5 164.8 163.3 161.9 161.2 160.6 160 159.9 159.7 157.9 155.4 152.9 151.1 149 146.9 145.4 146.1 146.9 147.5 146.8 148.3 150.8 151.8 152.9 154 154.8 155.4 156 155.7 154.3 153.1 151.6 149 147.5 145.9 144.3 142.5
171.4 168.4 165.4 162.9 160.5 158.3 156.5 154.8 153.3 152.5 151.3 150.2 149 149.7 151 152.1 152.2 152.3 152.4 152.9 153.5 153.7 154.1 154.1 154.4 154.6 154.4 154.4 154.5 154.2 154.1 155.4 156.5 157.6 158.9 160.9 163.1 165 166.5 167.6 167.1 166.3 165 163.3 161.7 161.1 160.5 159.9 159.4 158.6 156.7 154.3 152 150.2 148.3 146.5 144.7 144.8 145.3 144.8 144.5 147.1 149.1 150.5 151.6 152.7 153.8 154.9 155.3 155.2 154.1 152.4 150.8 148.8 147.1 145.5 143.9 142.3
172.3 169.2 166.1 162.9 160.7 158.9 157.2 155.4 153.9 152.9 151.9 150.8 149.7 148.8 149.9 150.5 151.1 152.1 152.2 152.2 152.1 152.3 152.9 153.1 153.4 153.7 153.6 153.5 153.4 153.3 153.7 154.7 155.8 156.8 158.3 160.5 162.8 165.2 166.9 168.2 168 166.7 165 163.2 161.7 160.9 160.3 159.7 158.3 157.4 155.6 153.5 151.9 149.9 148 146.1 144.2 143.3 143.4 143.6 143.9 146 147.4 149.3 150.4 151.5 152.6 154.3 154.3 154.1 153.6 151.9 150.1 148.4 146.8 145.2 143.6 142.1
172.4 169.7 166.5 163.7 161.3 159.5 157.7 156 154.5 153.5 152.4 151.3 150.3 149.3 148.6 148.8 150.4 150 150 150.9 151 150.9 151.8 152.1 152.4 152.7 152.8 152.7 152.6 152 153 154.1 155 155.7 157.7 160.4 162.9 165 166.9 168.4 168 166.5 164.8 163.1 161.9 160.7 160.1 159.5 158 156.4 155 153.7 151.7 149.6 147.7 145.8 144.1 141.7 142.4 143.3 143.6 145 146.3 148.1 149.1 150.4 152.1 153.4 153.4 153.2 153 151.5 149.7 148 146.4 144.8 143.2 142.5
171.5 169.4 167 164.6 162.1 160 158.3 156.7 155.2 153.9 153.1 152 151.1 150.3 149.3 148.5 147.9 147.6 148.5 148.9 149.7 149.9 150.6 151.1 151.4 151.7 152 151.9 151.5 150.3 152.5 153.1 153.8 154.5 156.6 159.2 162.1 165.1 167 168.3 167.9 166.4 164.6 163.3 162.1 160.9 159.8 159.2 157.8 156.3 155.1 153.7 151.6 149.5 147.5 145.7 143.9 142.7 142.6 143.3 143.8 144.1 145.4 146.6 148.2 149.9 151.7 152.5 152.6 152.2 151.5 150.9 149.2 147.6 146 144.4 143.6 142.9
171.9 170.3 167.9 165.4 163 160.6 158.9 157.3 155.9 154.4 153.5 152.7 152.2 152.2 149.9 147.6 146.6 147 148.2 148.6 149 149 149.2 149.7 150.2 150.7 151.1 151 150.5 150.9 151.4 151.9 152.4 153.1 155.1 157.8 160.6 163.7 166.1 167.5 167.6 166.2 164.6 163.4 162.3 161.1 160 158.9 157.7 156.3 154.8 153.3 151.9 149.8 147.4 145.6 144 142.2 142.6 143.4 143.3 143.6 144.7 145.7 147.1 148.8 150.3 151.2 151.5 150.7 150 149.4 148.7 147.1 145.6 144.7 143.9 143.1
172.3 170.4 168.3 166.2 163.9 161.4 159.5 158 156.6 155.1 154 153.1 153 151.3 149.4 147.7 147.1 145.5 147.4 148.5 148.7 148.3 147.9 148.3 148.8 149.3 149.7 149.8 149.3 149.8 150.3 150.8 151.2 151.7 153.2 155.8 158.5 161.6 164.3 165.9 166.2 166 164.8 163.6 162.5 161.3 160.2 159 157.4 156 154.5 153 151.6 150.2 148.6 146.6 144.8 142.8 142.3 142.9 142.8 143.3 144 144.4 145.8 147.4 148.6 149.6 150.7 150.6 149.8 149 148.2 147.1 145.7 144.9 144.1 143.3
171.7 169.9 168 166 164 162.1 160.1 158.7 157.2 155.8 154.3 153.6 152.5 150.9 149 147.4 145.4 146.2 145.6 147 147.5 147.3 147.1 146.9 147.3 147.7 148.2 148.4 147.5 148.7 149.1 149.6 150.1 150.5 151.3 153.8 156.3 159.2 161.7 163.8 164.1 164.3 164.7 163.9 162.9 161.7 160.6 159.2 157.2 155.5 154.1 152.7 151.3 150 148.7 147.4 146 144.8 143.6 142.6 141.6 142.4 142.8 143.1 144.5 145.8 146.9 148.3 149.7 149.7 149.6 148.9 148.3 147.1 146 145.2 144.4 143.6
170.8 168.9 167.1 165.2 163.2 161.3 160.1 158.7 156.7 155.4 154.3 153.1 152 150.4 148.5 146.6 145.6 145.4 144.6 145.7 146.1 145.9 145.9 146 146.1 146.2 146.6 146.8 147 147.5 148 148.4 148.8 149.3 149.8 151.8 154 156.4 158.8 161.2 162.1 162.7 163.2 163.3 162.6 161.8 161 159.3 157.2 155.2 153.5 152.3 150.9 149.5 148.6 147.7 146.8 145.7 144.3 143.5 142.7 142 142.1 141.9 142.9 144.2 145.5 146.9 148.4 148.7 148.7 148.8 148.3 147.3 146.4 145.6 144.8 143.9
170.2 168.2 166.2 164.3 162.5 160.5 159.7 158.9 157.4 154.7 153.8 152.6 151.1 149.4 147.7 145.9 144.8 144 144.4 145 144.9 145 145 145.1 145.2 145.3 145.5 145.4 145.1 146.4 146.8 147.1 147.5 148 148.8 149.7 151.5 153.4 156 158.9 160 160.6 161.2 161.9 162.1 161.3 160.4 159 157.1 155.1 153.2 151.8 150.9 150 149.1 148.2 147.3 146.4 145.6 144.8 143.9 142.9 142.3 141.6 141.4 142.6 144.1 145.6 147.1 148.2 148.4 148.7 148.2 147.6 146.8 145.9 145.1 144.3
168.8 166.9 165.1 163.2 161.3 160.1 159.3 156 157.3 154.4 152.7 151 149.3 147.9 146.3 145.1 143.1 143.7 145.1 144.9 144.5 144.1 144.2 144.3 144.4 144.5 145.2 144.2 144.7 144.9 145.3 145.6 146.5 147.4 147.9 148.1 149.4 151.2 154.7 156.7 157.3 158 159 160 160.5 160.8 159.8 158.3 156.8 154.8 152.8 151.9 151 150.1 149.2 148.3 147.4 146.7 145.8 145 144.1 143.2 142.7 142.1 141.3 141.4 142.9 144.4 146 147.5 147.9 148.3 148.1 147.5 147 146.3 145.5 144.6
167 165.5 163.4 161.5 159.9 159.2 155.5 157.1 155.1 153.5 150.9 148.6 146.9 146.3 145.2 144.9 143.3 141.7 143.9 144.1 143.5 143.9 143.5 143.5 143.6 144.1 145.1 143.2 143.1 143.4 143.7 145 146 146.5 147.1 147.3 147.4 149 151.6 154.1 154.8 155.9 157 158.1 158.7 159.8 159 157.1 156.4 154.5 152.7 152 151.2 150.3 149.4 148.5 147.7 146.9 146 145.2 144.3 143.4 142.9 142.4 141.8 140.6 141.8 143.3 144.8 146.4 147.3 147.9 148 147.4 146.9 146.4 145.7 145
165.2 163.9 162.2 159.3 154.1 154.7 156.3 155.1 153.3 152 149.8 146.2 144.8 144.8 144.6 144 142.5 143 141.6 144 142.8 142.4 142.7 143 143.1 143.3 144.1 142.5 142.6 142.9 143.3 144.6 145.3 146.1 146.6 146.8 146.8 146.9 148.3 150.6 152.4 153.6 154.9 156.2 157.4 158.4 157.5 155.7 155.7 154.1 152.7 152 151.3 150.4 149.5 148.6 147.9 147.1 146.3 145.4 144.5 143.5 143 142.5 142 141.1 141.4 142.4 144.1 145.8 146.7 147.4 147.9 147.3 146.8 146.3 145.7 145.1
163.4 162.5 153.5 152.4 152.9 155.5 154.6 152.7 150.9 149.4 146.8 144.2 143.9 143.9 142.8 141.8 144 144.2 144.2 145.5 144.9 141.7 141.3 142.2 142.7 142.9 143 142.8 141.8 140.5 141.7 144.9 145.4 145.9 146.4 146.4 146.5 146.5 146.5 147.8 149.8 151.1 152.3 154.6 156.6 156.5 155.9 154.6 155.1 153.7 152.8 152.1 151.4 150.5 149.6 148.9 148.2 147.3 146.4 145.5 144.6 143.7 143.1 142.7 142.2 141.2 139.7 141.9 143.8 144.9 145.8 146.8 147.6 147.2 146.7 146.2 145.6 145.1
162.7 160.3 155.4 152 154 149.2 150.4 149 147.8 146.6 143.8 143.8 142.9 142.2 143.7 144.2 144.7 144.9 145.4 145.2 144.4 144 142.9 141.3 141.4 141.5 140.8 141.3 140.9 142 140.6 144.2 145.1 145.8 146.1 146.1 145.9 145.7 146.2 146.5 147.3 149 150.8 152.7 154.2 154.5 154.3 153.9 154.4 153.5 152.8 152.1 151.4 150.6 149.9 149.1 148.4 147.5 146.6 145.7 144.7 143.8 143.2 142.8 142.3 141.1 140.2 141 143.1 144.3 145.2 146.2 147.1 147.7 147.1 146.5 146 145.4
160.8 157.5 157.4 152.7 151.2 146.6 145.5 146.2 145.6 145.1 143.3 142.3 141.9 144.3 144.6 145.1 145.3 145.7 145.6 145.1 144.7 144.3 143.9 141.7 142.9 142 141.6 141.4 142.6 144.2 141.3 143.3 143.8 143.9 145.3 145.1 144.9 145.4 146 146 146.2 146.8 148.3 149.5 151.1 152.6 152.3 152.9 153.7 153.6 152.8 152 151.2 150.6 150 149.4 148.6 147.7 146.7 145.8 144.9 144 143.3 142.8 142.2 141.2 140.2 140.4 142.2 143.7 144.8 145.8 146.4 147.2 148 147.5 146.6 145.7
156.7 153.9 151.9 150 148 145 144.6 144.4 142.9 142.8 142.1 144.2 145.1 145.4 145.5 145.8 146.2 146.5 146 145.5 145 144.5 143.8 142.3 143.4 143.5 143 142.6 143.2 143.2 140.4 140.6 142 143 144.2 144 144.5 145.2 145.7 145.6 145.7 146.2 146.7 147.2 147.4 149.2 150.1 151 152.2 153 152.2 151.5 150.8 150.2 149.4 148.7 148.3 147.7 146.9 146 145.1 144.2 143.4 142.7 142.1 141.1 139.9 139.9 141.4 142.9 144.4 145.1 145.9 146.6 147.1 146.8 146.1 144.1
152.8 151.2 148.5 146.1 145 143.3 143.1 143.1 143.4 143.4 144.9 145.6 146.7 147 147 147 147.1 147.2 146.7 146.1 145.6 145 143.5 143.2 144.3 144.5 144.2 144 144.2 144 143.8 143.4 142.4 141 143.2 143.7 144.4 145.1 145.2 145.2 145 145.5 146 146.6 146.4 146.3 148.1 149.3 150.5 151.3 150.9 150 149.8 149.1 148.4 147.9 147.6 147.1 146.4 145.8 145 144.1 143.2 142.3 141.4 140.5 139.4 139.4 141.1 142.7 144.3 144.8 145.1 145.6 146.2 146.2 144.4 143.1
150.8 148.7 145.8 145.2 143.9 143.6 144.3 144.9 145.5 146 146.6 147.5 148.6 149.2 149.1 149.1 148.8 148.2 147.5 147 146.5 145.8 144.9 144.8 145.2 145.6 145.4 145.3 145.3 144.8 144.2 143.6 143.1 142.7 142.9 143.3 144.2 144.9 144.6 144.6 144.4 144.7 145.2 145.9 146.4 146.4 146.4 147 148.2 148.5 148.7 148.6 148.7 148.1 147.5 147.1 146.8 146.4 145.8 144.9 143.8 143.1 142.3 141.4 140.5 139.8 138.8 139.4 141 142.6 144.2 144.7 145 145.3 145.6 143.4 143.1 143.1
147.1 146.8 144.6 143.6 144.4 145.9 146.4 147.1 148 148.8 149.6 150.4 151.2 151.5 151.1 150.7 150.3 149.7 148.9 148.1 147.4 146.7 146.8 146.5 146.9 147.2 146.5 146.3 146.2 145.5 144.8 144.2 143.6 143.2 141.1 142.5 143.2 143.7 143.8 143.8 143.7 143.9 144.5 144.8 145.5 145.9 146 146 146.1 146.7 147.3 147.4 147.3 147.1 146.7 146.3 146 145.6 145.2 143.7 142.6 141.9 141.2 140.5 139.6 138.9 136.9 139 140.8 142.5 144.1 144.6 144.9 145.2 143.6 143.1 143.1 143.1
146.9 143.7 144.9 146.5 147.3 147.8 148.9 150.1 151 151.8 152.7 153.4 153.7 153.5 153 152.5 151.9 151.3 150.6 149.9 149.2 149.7 149 148.8 148.8 149.1 149.3 148.1 147.2 146.8 146 145.3 144.6 143.7 140.1 140.1 139.4 139.8 140 142.3 140.5 141.2 143.4 143.8 144.5 145 145.5 145.4 145.3 145.8 146.3 146.4 146.3 146.2 145.7 145.3 144.9 144.5 143.8 142.5 141.4 140.7 140 139.4 138.7 138.3 136.9 139.1 140.9 142.6 144 144.5 144.8 144.7 143.1 143.1 143.1 143.1
144.6 146 146.8 147.5 148.9 149.6 150.9 152.4 153.9 154.9 155.4 155.7 155.8 155.6 155.1 154.5 153.7 153 152.3 151.8 151.1 150.7 151.2 151.1 150.8 151 151.1 150.1 148.3 148 147.3 146.5 145.8 144.9 143.6 143.1 140.4 141.4 139.9 139.7 139.5 139.7 142.1 142.9 143.5 144 144.5 144.7 144.8 144.8 145.4 145.3 145.2 145.2 144.9 144.3 143.8 143.5 142.3 141 140.2 139.5 139 138.6 138.1 137.8 136.7 138.9 140.7 142.1 143.6 144 144.5 144.6 143.1 143.1 143.1 143.1
145.4 146.9 147.6 149.4 150.4 151.5 153 154.6 156.1 157.4 158 158 158 157.8 157 156.2 155.5 154.7 154 153.3 152.6 153 153 152.9 152.9 152.9 152.5 151.8 150.3 149.1 148.5 147.8 146.9 145.6 144.3 143.1 142.5 143 143 142.7 142.9 139.2 139.6 141.9 142.3 142.7 143 143.1 143.3 144.1 144.3 144.2 144.2 144.2 144.1 143.5 143 142.4 140.5 139.4 139.5 139.3 138.8 138.3 138.1 137.7 136.7 137.5 138.6 140.4 142.2 143.1 143.6 144.2 143.1 143.1 143.1 143.1
147.5 146.6 148.8 151.2 152.3 153.7 155.2 156.7 158.1 159.5 160.3 160.3 160.2 159.6 158.8 158 157.3 156.5 155.8 155.1 153.9 155.3 155.3 155.3 155.2 154.6 153.9 153.5 152.1 150.5 149.8 149 147.7 146.3 144.9 143.6 142.4 142.9 143.2 143.5 143.4 142.9 142.5 142.8 139.5 141.4 141.6 141.6 141.7 141.9 143.4 143.2 143.2 143.1 142.9 142.8 142 140.6 139.1 138.7 138.7 138.5 138.6 138.2 137.8 137.5 137.3 136.9 138.5 140.2 141.8 142.8 143.3 144 143.1 143.1 143.1 143.1
149.6 147.6 149.9 152.3 154.1 155.9 157.4 158.8 160.2 161.7 162.7 162.3 161.8 161.5 161.1 160.2 159.2 158.2 157.3 157.3 157.5 157.3 157.5 157.6 157.1 156.3 155.6 154.9 153.8 152.3 151 149.8 148.3 147 145.6 144.2 143 143.3 143.8 144.1 143.7 143.3 143 142.8 142.6 142.1 139.1 141.7 141.3 141.3 142.1 142.6 142.3 141.4 140.2 139.5 138.1 136.6 136.6 135.3 135.2 134.5 137.9 137.4 137.8 137.4 136.5 136.9 138.2 140 141.3 142.4 143 143.3 143.5 143.1 143.2 143.3
151 151 150.7 153 155.7 157.8 159.2 160.5 161.8 163 163.9 163.4 163 162.8 162.5 162.1 161.5 160.4 158.9 158.1 158.8 159.1 159.3 159.4 158.9 158.1 157.4 156.7 155.2 153.5 151.9 150.4 149.2 148 146.8 145.6 145 145 145 144.8 144.4 144.1 143.8 143.6 143.4 142.6 142 139.6 139.5 139.4 138 138.1 137.5 138.4 137.8 136.5 137.9 139.9 138.4 137.9 136.2 134.7 137.2 136.5 136.3 137.6 137.1 137.2 138.3 138.9 140.3 141.5 142.2 142.8 143.5 142.6 143.1 143.2
152.6 152.6 150.6 154.2 156.6 160.2 161.3 161.7 162.9 163.9 164.7 164.5 164.2 163.9 163.6 163.3 162.8 162 160.6 159.8 159.1 160.9 160.8 160.8 160.7 160.1 159.4 158 156.1 154.4 152.8 151.3 150.1 148.9 147.7 146.7 146.5 146.5 146.2 145.8 145.3 145 144.7 144.4 144.2 143.7 141.3 142.6 140 141 142.1 141.3 140.8 138.2 136.9 141.3 140.9 139.8 138.7 138.3 137.9 134.4 135.9 136.1 136.5 135.6 137 137.5 137.9 138.4 139.4 140.4 141 141.5 142 141.8 141.3 141.4
154.3 154.2 154.5 155 157.9 161.7 163 162.7 162.9 163.6 164.3 164.6 164.3 164 163.7 164 163.7 163.2 162.4 161.2 160.1 162.3 162.2 162.1 162.1 162.1 160.8 159 157.1 155.3 153.7 152.2 151.1 149.9 148.7 148.2 147.9 148 147.3 146.8 146.4 145.9 145.5 145.2 145.1 144.8 143.5 144.2 144 143.3 143.2 143.5 143.6 143.3 142.8 141.7 140.7 139.6 138.9 138.3 138 133.9 134.7 135 135.4 136.1 136.8 137.2 137.6 138.1 138.5 139.1 139.5 140 140.5 140.2 139.4 139.6
156 155.9 155.7 155.9 157.9 159.8 160.9 161.6 162.6 163.2 163.9 164.6 164.4 164.1 164.3 164.7 164.6 164.3 163.9 162.5 163.5 163.6 164 163.9 163.8 163.6 162.1 160 158.1 156.2 154.5 153.2 152 150.8 150 149.6 149.4 148.7 148.3 147.8 147.4 146.9 146.5 146.1 145.9 144.4 145.9 145.5 144.7 143.9 143.9 144.2 144.1 143.8 142.9 141.7 140.5 139.7 139.1 138.5 137.9 137.2 133.4 133.8 133.7 136.3 136.8 137.3 137.6 137.8 137.9 137.8 138.1 138.5 139 138.6 138 137.4
157.7 157.5 157.2 157.5 157.1 159.4 160.7 161.7 162.8 164 164.1 164.2 164.5 164.6 165 165.3 165.5 166.1 165.4 164 164.4 164.6 165.4 165.7 165.6 164.9 163.9 161.7 159.4 157.3 155.4 154.1 152.9 151.8 151.2 151 150.3 149.7 149.3 148.9 148.3 147.7 147.1 146.5 145.8 146.2 146.1 146 145.4 144.6 144.5 144.5 144.5 144.4 143.3 141.8 140.6 139.9 139.3 138.7 138 136.8 134.8 133 134.6 136.4 136.7 136.8 137 137.1 137.3 137.2 137.1 137 137.5 137.1 136.1 135
