data/300000-590000.asc
ncols 200
nrows 200
xllcorner 300000
yllcorner 590000
cellsize 50
[rows 140 to 174 of 200, columns 0 to 77 of 200]
323.5 322 323.7 325.4 328.3 330.8 331.1 330.1 327.6 324.8 322.6 321.2 318.2 315.6 315.7 318 322.5 325.2 324.2 323 320.6 314.7 307.4 302.9 298.2 290.8 269.2 252.7 252.6 276.4 285.2 292.5 299.2 301.2 304.9 308.4 312.8 318.2 326.6 335.2 342.1 348.6 353.4 353.5 355.6 340.5 343.2 340.9 337 327.7 321.6 311.2 307.7 307.4 304.2 296.3 285.9 265.8 269.6 276.1 279 281.1 283.2 284.7 282.1 279.3 284.9 286.4 288.3 293.4 293.9 290.7 287.9 284.3 283 283.8 280.6 274.5
322.5 319.7 319.8 321.3 324.5 327.4 329.2 329.5 327.9 324.7 321.7 318.3 311.7 311.1 310.8 312.7 315.9 318.4 318.2 316.5 313 307.8 302.1 298 293.3 282.5 258.3 251.6 261.9 279.3 286.8 293.3 293.7 302.6 306.4 309.4 314.1 320.1 328.3 336.4 343.6 350.3 356.2 360.5 357.5 350.5 351 341.8 337.7 337.5 331.8 320.3 306.8 300.6 296.4 292 282.3 267 259.9 269.3 273.1 275.3 275 277.5 277.2 267.7 279.1 281.8 283.5 286.4 290.1 289.4 285 279.6 279.9 278.4 275.8 270.1
322.3 319.5 315.2 316.8 320.1 323.5 326.3 327.9 327.6 325.5 322.4 317.9 312.4 300.7 303.2 307.8 311.2 313.6 312.4 310.2 307 302.4 297.8 292.9 290.2 275.8 249.7 250.8 263.1 277.4 276.5 284 298 304.8 308.6 312.7 317.5 324.7 333.8 339.4 344.8 350.6 356.5 360.1 358 352 346 342.6 343 341.2 335 326.7 319.8 308.3 302.1 298.7 290.4 282.6 271.9 257.7 265.5 267.4 268.8 269.2 269.2 261.6 272 276 278.2 280.3 283.2 284.9 282.9 277.9 274.7 273.4 270.6 264.1
323.1 319.6 313.3 311.4 313.1 319.8 323.3 326.7 326.9 326.1 324.5 321.4 316 309.5 296.8 294.4 304.7 307.8 306.6 304.8 302.3 297.2 292.1 288.1 286.2 270.8 248.9 247.3 266.7 277.8 286.7 295.7 303.2 307.9 311.1 317.1 324.3 332.7 339.6 343.9 347.1 351 356.3 359 358.4 350.8 346.1 348.1 345.7 341.1 336.1 329.9 325.1 316.6 307.7 304.1 300.3 291.6 282.3 275.1 263.3 250.7 260.3 261.6 260.8 248.6 266.8 270 273 276 279.3 281.1 280.3 274.8 271.4 272.4 266.4 260.2
323.5 318.9 313.5 309.8 307.2 315.5 319.9 323.6 325.7 326.3 326.6 324.6 318.8 311.2 300.6 288.5 292.2 300.2 300.2 298.4 295.8 291.3 285.7 282.8 279.9 260 246.2 254.5 271.2 282.4 291.3 302.6 309.7 311.5 314.7 322.2 331.4 339.3 344.7 348.4 350.6 353.3 355.2 356.7 355.4 352.2 350.1 350.2 348.3 343.8 339.4 332.7 326.5 320.5 310.3 306.4 302.8 296.2 289.1 282.3 274.5 265.3 251.9 247.4 252.1 254.4 261.6 266 269 272.2 275.4 277.8 277.1 272.8 268.5 272.3 262.8 259.5
321.7 317.6 312.7 308.3 302.1 309.4 315.4 320.3 323.5 326.2 326.8 326.3 321.9 313.6 304.4 297.6 281.1 287.7 293.6 291.7 289 284.9 279.6 274.3 268.1 244.3 246 260.9 278.2 288.4 296.4 307.4 317 317.1 320 329.4 339.5 345.1 348.7 352.7 356.6 358.7 359 358 356 352.8 350.8 350.5 349.1 344.2 338.9 332.9 326.6 321.1 312.6 306.4 302.7 298.1 292.9 286.5 280.4 273.7 267.1 258.1 242.6 242 255 260.5 264.6 267.5 270.4 272.9 274.3 269.6 267.1 266.2 259.2 259.3
321.2 316.5 311.7 306.9 302.1 302.6 308.3 314.8 319.4 322.8 326.1 325.9 323.8 316.5 308.5 298.8 282.6 276.9 287.1 285.2 282.4 277.5 271.6 266.4 245.2 242.7 252.7 271.2 285.2 292.9 301.9 312.2 321.7 322.4 326.7 337.5 345.3 349.2 354.4 358.6 362.8 364.6 362.7 359.1 356.6 353.2 351.1 350.4 347.7 342.6 337.6 332.6 326.6 321.4 313.3 307.1 302.8 298.3 293.1 288.2 283.3 278.1 272.9 266.5 260.2 239 244.6 254.1 259.2 262.2 265.2 267.8 269.8 262.7 263.3 259 255.5 260.2
320.9 316.5 311.7 306.9 302.2 298.4 301.4 308.5 314.8 319 323.8 325.5 324.8 319.6 310.3 300.3 289.4 270.6 274.5 279.6 275.2 270 263.8 243.1 240.9 246.1 265.1 280 296.9 301.6 308.9 317.4 327.2 326.8 334.8 345 350.9 354.3 359.5 366.1 370.2 370.4 366.7 359.5 356.5 352.8 349.1 347.9 345 340.4 335.6 330.8 326.3 321.5 314.1 307.3 302.6 297.8 292.7 287.9 283.1 278.6 274.1 269.2 262.8 244 235.9 248.6 253.8 257.3 259.9 262.1 263.8 260.7 257.3 252.3 255.9 261.8
322.2 317.2 312 306.9 302.1 297.7 291 302.5 308.9 313.6 318.8 324.2 324.9 321.3 313.6 303.3 292.4 282.4 261.5 268.8 267.7 264.5 246.2 240.6 242.7 257.2 273.3 291.8 306.4 313.9 320.3 326.6 331.2 335.7 341.6 349.9 355 358.8 366.4 372.7 375.7 374.6 369.7 360.5 356 352.2 348.6 345.6 342.2 337.6 333.4 329.2 325.6 321.3 314.4 307.2 302.2 297.3 292.4 287.7 283 278.6 274 268.6 260.7 244.4 229.3 244.3 248.4 252.2 254.2 256.3 258.4 260.5 252.3 246.4 256.2 260.8
323.3 318.1 312.8 307.4 301.6 295.7 293 292.4 301.5 307.8 314.4 321 323.8 321.8 315.8 305.5 293.8 279.9 264.5 250.8 261.4 260.6 240.1 238.8 252.8 266.2 283.3 299.6 313.7 324.7 335.3 341.4 340.2 342.4 348.5 354.6 359 366.4 374.2 379.6 380.8 377.3 371 362.3 356.4 351 347.4 344 341.1 336.4 332.1 327.7 323.7 319.5 313.8 307.3 301.8 297 292.3 287.6 283 278.5 273.6 268.5 260.7 249.5 227 234.7 242 245.5 249.6 251.8 254.2 256.1 250.3 246.4 253.8 258.2
323.8 318.3 312.9 307.5 302 294.6 290 286 296 302 307.7 315.8 320.9 320.6 315.8 306.6 294.1 283.1 271.8 249.4 253.2 240.6 237.6 246.3 258.4 272.9 295 308.1 320.9 333.1 344.4 351.8 351.1 353.1 361.5 364.8 368.4 374.7 381.3 384.1 382.7 378.4 371.6 362.8 356.9 351.4 346.2 342.7 339 334.8 329.6 325.7 321.7 317.5 312 307 301.4 296.8 292.2 287.5 283 278.1 272.8 268.9 261.8 252.6 235.8 224.4 225.7 238.4 243.2 247.3 249.7 251.4 250.6 239.7 251.1 256
324 318.7 313.3 307.8 302.3 294.9 287.5 284 291.4 296 301.6 310.4 316.7 317.8 313 304.6 293.5 279.2 264.8 255.9 242.4 235.7 239.1 251.6 266 283.5 301.7 316.6 329 342 350.9 358 359 363.9 372.1 374.4 377.4 382.1 386.7 387.2 383.6 378.2 370.4 362.4 356.9 351.9 345.6 339.9 336.4 332.1 327 323.4 320.3 315.9 311.5 306.4 300.5 295.7 291.8 287.4 282.4 276.7 271.9 268.3 262.4 253.8 232.6 240.9 223.2 223.9 227.4 241 244.8 249.3 247.4 235.3 248.9 253.5
324.1 319.1 313.7 308.1 302.4 295.7 286 278.1 284.6 289.5 295.3 304.3 311.9 313.7 310.4 303.2 291.7 273.8 259.5 250.5 239.5 234 244.3 258.2 277.1 292.8 308.1 323.3 335.3 346.4 355.2 364.4 363.2 369.6 377.6 380.4 383.3 387.1 390 389.1 384 378.4 371.4 364.4 357.6 351.2 344.8 338.6 335.1 330.3 321.9 320.6 319.3 309.8 303.9 305.9 299.7 294.1 291.3 286.7 281.9 274 265.9 259.1 256 243.5 248.5 241.8 233.9 220.4 216.6 235.3 239.2 243.1 244.9 237.7 245.8 250.4
323.6 318.9 314.4 308.6 302.8 296.5 287.5 276.4 276 282.1 287.6 297.6 306.3 310.4 308.1 300.6 287.4 268.7 255.2 244.4 234.5 234 249.7 266.9 286.3 297.4 312.8 327.5 338.7 351.1 354.5 361.1 363.6 370.5 377.7 381.9 385.8 389.3 391.7 389.7 385 379.1 373.4 366.6 358.9 351.8 345.1 339.1 334.2 330.1 325.6 322.6 318.1 313.4 307.1 300.5 292.2 292.8 287.2 280.4 275.4 272.4 270.6 261 259.3 254 248.7 242.5 233.5 219.2 214.4 229.9 233.6 236.1 240.4 235.9 242.2 247.5
323.5 319.5 315.4 310.1 304.1 296.6 288.4 277.7 267 275.2 281 291.2 301.3 305.9 302.2 295.2 281.3 263.4 250.3 241.6 231.3 236.3 253.8 273.9 290.5 299.4 315 328.7 337.3 346.9 351.3 357 361.3 367.5 374.9 380.4 385 388.5 390.1 389.7 385.4 379.9 374.7 368.7 360.7 352.9 346.4 340 335.5 331.2 327.1 323.1 319 312 306 303.2 298.3 293.1 288.2 283.9 279.2 274.6 270 265.5 260.7 254.9 249 242.5 233.1 215.7 204.2 212.3 228.3 235.2 232.9 222.7 240.5 244.8
324.3 320.3 315.8 310.6 304.8 297.7 289.1 277.3 266 270.1 276.7 285.3 295.6 302.4 299.3 289 276.4 258.5 243.6 235.1 230.3 237.3 254.4 277.1 292.6 303.3 316.3 325.9 334.9 342.7 348.3 352.7 357.3 363.1 369.4 376.4 381.4 385.4 387.7 387.7 385 381.3 376.7 370.9 363.9 356.1 348.8 342.9 339.2 335.2 328.2 324.1 319.2 314 309.2 303.2 298.4 293.5 288.8 284.5 280 275.1 270.2 265.7 261.3 255.6 249.4 244.2 234 220.1 204.3 205.4 226.2 230.5 214.5 231.7 238.1 243
324.7 321.2 315.9 310.7 305.6 298.3 289.3 279.3 269.7 266.7 273.2 279.9 290.1 297.1 295.3 286.1 271.6 254.6 244.1 230.8 228.8 236.9 252.1 276.6 293 303.5 315.1 322.9 332.1 339.3 344 348.7 353.2 357.8 364.2 370.5 376.7 381.4 384.5 384.4 382.8 381 377.4 372.3 367.1 362.2 356 347.9 343.5 339 330.7 324.5 319.7 314.6 309.1 304 298.6 293.5 288.4 284.3 280.3 275.3 270.3 266 261.6 256 249.9 244.5 237 223.9 201.9 205.8 221.1 225 211.5 229.1 236.6 241.3
324.4 320.9 315.9 310.7 305.1 298.5 289.2 279.7 269.5 260.2 268.7 274.3 280.5 290.2 289.4 282.8 267.9 253.2 246.3 228 227.5 237.5 252.9 275.9 292.4 302.4 313.1 319.9 328.6 334.4 338.9 343.1 347.6 353.3 359.5 364.8 372 377 380.6 380.8 380.9 379.8 376.5 372.5 368.3 364.9 361.3 354.8 348.4 343.7 334.7 326.2 320.1 314.1 308.8 303.7 298.2 293 287.8 283.9 280.3 274.5 269.4 265.5 261.7 257.4 250.6 244.5 238 230.2 214.6 197.6 204.5 207.9 217.8 227.5 234 232.6
324.4 320.5 315.7 309.9 303.9 297.6 289.4 279.9 268.9 255.3 261.7 268.5 274.1 280 280.1 276 264.8 252.9 244.6 236.3 227.6 233.2 250.2 275.4 289.9 299.4 310 315.7 323.1 328.7 333 337.5 342.7 348.8 354.7 360.6 367 372.3 376.5 377.6 378.6 377.8 374.6 371.9 368.9 365.9 362.8 358.5 353.3 348.6 339.5 327.5 320.3 313.9 308 302.4 297.1 292.2 287.2 283.8 280.4 274.9 270 266.1 262.4 257.7 251.6 245.6 239.7 233.6 219.9 197.4 200.8 199.5 219.2 226.3 230.4 221.2
324 320.3 315.7 308.4 302.4 296 289.5 280.1 268.1 255.4 256.6 263.2 269 273.9 275.2 271.3 262.4 251.4 242.7 233.5 222.3 232.9 253.3 272.4 284.9 297.3 304.9 311.4 318.4 323.2 327.7 332.4 336.5 342.6 349.8 356.1 362 367.6 371.4 373.7 375.4 375.7 373.2 370.7 368.1 365.6 362.7 358.6 355.6 351.8 343.2 330.6 322.4 313.3 306.8 301.4 296.2 291.2 286.8 283.9 280.2 275.3 270.4 266.6 262.8 257 250.6 245.1 239.6 232.9 221 200.7 190.9 203.1 217.1 223.6 220.8 229.1
323.3 320.4 315.7 307.7 300.9 295.7 288.9 279.4 266.7 255.6 249.4 257.5 263.4 268.8 270.3 267.2 259.7 249.8 242.5 220.8 222.2 235 252.6 269.7 282.6 293.4 301.6 308.3 314.8 319.7 324.2 327.8 331.8 337.4 343.9 350.5 357.2 362.6 367.2 370.5 372.6 373 371.9 369.4 366.8 364.8 362.1 359.1 356.1 352 344.9 332.8 321.2 312.2 305.7 301.3 296 291.2 286.8 283.5 279.8 274.4 269.7 266.6 262.9 257.2 250 245 238.5 231.5 220.2 204.1 190.6 197.8 217.2 219.6 214.8 232.4
322.7 320.4 315.7 307.1 297 292.3 286.4 278.1 264.7 252.2 248.7 251.7 257.5 262.3 265.3 262.3 255.2 247.1 237.7 218.8 220.5 233.4 249.4 266.6 281.3 290.9 299.5 306.5 311.9 316.8 321 324.8 328.9 334.4 340.6 347.1 353.5 360.6 365.6 369.5 372.2 372.6 370.5 367.9 365.5 362.9 360.1 357.2 354.2 349.7 344.8 333 320.8 310.5 304.8 300.2 294.9 291.1 286.9 283.1 279.3 273.5 269 265.9 262.9 258 251.6 244.9 236.2 228.8 223.5 211.8 189.6 188.2 212.9 203.5 224.4 230.1
321.5 318.3 313.5 304.1 289.6 274.4 282.1 274.4 262.1 252.6 245.3 244.3 249.7 254.8 258.8 257 250.6 244.8 237 216.9 218 231.6 248.1 265.3 279.7 290.7 298.1 303.1 310.4 314.6 319.1 323 328 334.1 339.8 348.5 356 362.5 367.3 371.2 372.6 371.9 369.4 366.6 363.7 360.8 357.8 354.9 351.7 347.4 342.7 331.7 318.7 308 303 297.6 292.7 288.3 285.4 282.6 278.8 272.9 268.4 265.6 262.9 257.9 251.5 246.1 237.5 228.9 216.4 201.9 188.9 184.8 195.4 215.9 225.2 227
322.3 320.6 314.5 307 298.2 280.8 279.6 271.8 263.4 254.4 247.6 242.5 242.4 247.8 251.9 250.4 247.2 242.8 236 223.7 214.6 232.9 251.5 268.1 282.1 293.6 302.1 309.2 314.3 318.9 321.9 327.8 333.3 339 345.7 353.1 359.6 365.5 369.7 372.9 372.6 371 368.9 366.2 362.3 358.5 355.6 352.4 348.8 344.8 340 328.8 315.5 305.7 301 295 289.7 284.6 282.7 281 277.1 271.9 268.1 265.4 263 259.3 254.2 249.2 240.8 231.5 221.8 207.5 191.1 182.6 198.2 222.4 219.4 223.2
328 325.6 322.2 312.9 302.8 285.7 266.4 263.7 258.7 250.9 246.5 243.1 234.1 240.2 243.3 244.2 242.1 239.6 234.9 230.2 218.8 233.7 255.1 272.9 286.7 297.1 306.7 315 320.2 324.5 329.6 336.1 341.3 347.7 353.2 357.8 362.9 367.1 371.2 374.4 374.7 371.1 368.3 365.2 361.2 356.8 353.1 349.2 345.6 341.9 336.8 326.7 312.7 302.8 297.8 293.4 287.6 281.4 279.8 279 275.8 271.1 267.6 264.7 263.1 260.8 256.5 250.9 243.4 233.5 225.6 219.5 198.9 180.8 187.5 201.3 218.5 218.6
333.4 329.8 324.1 317.6 305.9 292.7 279.1 268.6 258.9 248.9 243.1 240.9 219.9 231.9 233.4 235.7 236.8 235.9 232.8 227.1 213.9 235 259.9 276.8 290.4 302.3 313.3 320.9 324.8 327.6 333.5 341.2 347.6 352.5 357.1 361.2 364.8 368.1 371.1 372.4 372.9 371 368.1 364.3 360.2 355.6 351 347 343.4 338.6 333.4 324.2 310.3 300.1 294.6 291.4 285.4 279 277.8 276.9 274.2 269.8 266.8 264.1 262.8 261 257.2 252.7 247.3 237.7 226.3 219.6 210.6 185.6 178.7 194.3 219.4 215.7
338.4 333.9 328.3 321.3 309.4 296.6 284 271.7 260.8 251.7 245.3 240.8 235 210.4 211.4 228.4 232.1 231.9 228.5 217.2 221.4 244.2 264.7 281.3 293.7 306.6 316.2 322.6 326 328.9 335.4 341.9 349.4 353.7 357.5 361.2 364.7 367.8 370.3 371 370.2 369 366.3 363 359.2 354.1 348.7 344.8 340.9 335.5 329.9 322 307.2 294.2 290.5 287.6 282.7 277.3 275.2 274.3 272.5 268.6 264.6 262.8 261.7 260 254.1 252.5 247.9 241.4 230.1 219.1 216.1 201.2 183.3 176.6 197 213
341.7 338.5 332.8 325 312.5 299.6 283.6 270 259.2 251.1 244.5 240 233.6 228.1 206.9 210.5 228.4 227.5 223.1 206.5 228.3 247.2 267.5 282.6 296 308.5 316.5 320.9 323.9 328.5 334.7 340 346.6 351.5 355.6 359.2 362.9 366.2 368.2 368.2 367.5 366.5 363.8 361 357.1 351.9 346.5 341.7 337.2 331.6 325.7 318.9 303.4 289.4 286.1 283.5 279.7 275.2 272.7 271.7 270 266.5 262.3 260.8 260.1 256.3 250.3 251.6 247.6 241.7 232.4 220.6 214.8 215.6 197.6 173.9 177.4 201.3
345.4 341.5 335.8 327.4 314.7 301.8 283.7 268.7 258.1 249.7 242.7 237.3 231.8 226.6 222.1 201.6 222.7 223.6 216.6 211.7 230.5 246.2 265.8 279.9 295.2 305.7 312.5 317.6 320.1 325.8 331.2 336.8 343 348.1 352.2 356.1 359.6 363.1 365 364.5 363.9 362.7 360.2 357.6 353.2 348.1 342.8 337.9 333.4 327.7 321.7 316 298.9 285.7 281.9 279.8 276 272.2 270.1 268.6 266.9 263.1 259.2 257.6 256 251.3 247.3 250 246.3 241.4 233.4 222.6 215.9 217 207.2 188.7 172.3 204.8
346.7 343.2 336.8 327.9 315.4 300.3 284.2 268.1 256.4 249.1 241.9 236.3 231.6 223.5 209.2 199.6 209 202.4 198.9 215.4 230.1 243.4 263.5 277.8 291.9 301.1 307.5 312.9 316.1 322.1 327.8 333 338.9 343.8 348 352.1 356.2 359.9 361.2 360.7 359.7 358.2 355.7 352.4 348.3 343.9 339 334.2 329.5 324.1 318.2 312.5 295.9 281.2 277.4 276.4 273.8 270.4 267.8 266.1 263.5 259.8 255.4 254.1 252.4 246.2 243.3 248.1 245 239.8 232 222.2 215.4 215.6 210.5 195.6 176.1 209.8
346.3 342.2 335.7 326.8 314.3 299.5 284.1 267.7 255.3 248.2 241 235.1 230.6 226.9 220.3 201 195.5 193.4 204 218.1 229 242.8 262 275.6 287.3 296.7 303.9 309.3 313.6 317.9 323 328 333 338.2 342.8 347.3 352 356.3 357.9 357.4 355.8 354.5 351.2 347.1 343.1 338.7 333.9 329.8 325.6 320.4 315.4 308.3 292.7 278 273.4 272.4 270.1 267.2 264.4 263.1 260.2 256.3 251.8 250.3 249.4 245.4 242.4 244.6 243.1 238.1 229.9 220.7 214.1 211.7 205.9 201.1 165.2 195.8
343.6 339.7 333 324.1 311.4 297.7 282 265.9 253.2 245.8 239.1 231.9 226.6 223.1 217.1 206.4 195 191.2 204.8 218.7 229.6 242.1 260.1 272.5 281.8 290.7 299.4 305.5 310 314.3 318.5 323.2 327.9 332.7 337.8 343.3 349 353.4 355.1 355 352.2 350.7 347.1 342.5 337.8 333.3 328.8 324.7 320.8 316.4 310.4 302.6 287.5 276.3 270.5 268.7 266.3 263.3 260.3 259.4 257.3 252.8 248.6 247.5 246.4 243.1 240.5 239 238.8 234.7 226.7 219 212.9 208.2 203.4 202.1 164.9 189
340.4 334.6 327.7 318 306.5 293.7 277.9 262.6 250.7 243.6 236.6 229.6 224.7 220.2 214.3 206 195.2 189.9 209.3 221.4 231.1 244 258.5 270.8 277.5 285.7 294.5 301.6 306.1 309.7 314 318.5 323.3 328.5 333.6 339.9 346.3 350.8 353.3 352.8 350.1 347.5 343.2 338.7 332.8 328.8 324.6 320.4 316.3 312.2 306 296.8 283.9 273.3 266.6 265 262.4 259.4 256.8 255.7 254 249.9 244.3 243 241.5 239.2 236.6 234.4 233.9 231.9 224.9 217.3 210.9 206.5 201.7 200 169.6 172.6
337.1 328.9 321.2 311.8 301 288.4 271.6 259.2 249.3 242.9 236 228.5 223.4 218.4 214 206.8 195.4 189 210 223 234.4 248 260.6 269.2 274.4 280.5 289.4 296.9 302.2 305.5 309.8 314.4 319.4 325 331.6 338.7 345 349.5 351.6 350.7 349.1 345.2 340.2 334.7 328.4 324.5 320.4 316.2 312 307.8 301.6 292 277.8 268.3 261.5 261.6 259 256.3 252.5 251.7 250.6 246.7 242.2 239.1 236.6 234.5 231.5 230.2 230.7 229.6 222.7 215.5 209.2 205 199.6 198.9 173.9 159.6
333.3 324 314.6 305.7 294.8 281.2 266.8 256.5 248.8 242.4 235.3 227.7 221.1 216.9 212.9 202.5 191.3 193.8 213 225.5 238.4 251.5 260.7 267.4 271 276 284.1 292 297.8 301.4 305.7 310.6 317.3 323.5 330.7 337.8 344.4 348.3 350.8 349.7 347.2 343 337.8 331.7 325.1 320.2 316.3 312 307.7 303.4 297 286.8 275.7 262.8 259.2 258.9 256.5 253.6 250.5 249 244.8 242.4 238.7 237.3 229.7 229.2 226.9 225.4 228.9 227.1 219.9 213.9 208 202.4 198.4 190.9 162.5 159
