data/300000-760000.asc
ncols 200
nrows 200
xllcorner 300000
yllcorner 760000
cellsize 50
[rows 105 to 139 of 200, columns 0 to 77 of 200]
483 463.2 444.5 433.5 429 425.2 427.3 429.7 433.1 438.5 444.1 448.6 456.1 465.2 472 478.3 478.2 475.8 471.3 468.1 458.6 453.5 445.1 441.8 454.4 454.4 437.5 424.5 418.1 407.9 400.1 392.5 384.5 381.3 379.2 382.6 387.4 381.9 388 397.6 400.2 401 402.7 405.4 410.9 415.9 419.9 428.9 439.9 447.4 454.4 459.9 468.6 475.9 480.1 490.9 506.3 512.8 522 529 533.8 534.9 510.6 483 455.4 436.8 427.9 417.2 410.5 414 414.2 408.4 413.1 414.1 411.8 406 406.6 407.1
481.9 459.3 439.3 429.5 423.4 418.9 418.2 423.3 423.6 427 430.7 434.6 441 443.9 453 458.2 455.8 450.3 448.4 445.6 439.3 436 431.6 427.1 431.2 434.2 427.5 414.5 409.4 398.9 393.4 389.1 383.1 377.2 369.8 377.3 379.7 380.3 381.6 392.3 397.8 399.5 400.6 400.8 408.7 411.2 419 419.9 429.6 440.5 447 454.9 462.2 469.2 477.8 487.8 500 508.8 517.1 523.4 530.9 528.1 496.6 463.8 441 430.9 413.9 402.3 401.2 403.5 400.6 397.4 397.7 397.7 399.4 394.2 399.4 404.7
476.7 455 440.2 428.5 422.2 416.3 409.4 410.2 414.6 417.6 419.1 423 427.6 429 429 432.9 433.2 431.7 428.6 425.5 422 419.6 415.7 414.2 413.8 411.6 410.6 402.9 398.8 388.5 386.7 383.7 379.6 374.2 370 367.7 375.3 379.6 375.7 388.7 389.9 393.6 399.5 399.3 403.9 408.1 407.1 419.7 429.5 439 444 449.8 454.9 462.2 471 480.4 493.9 502.6 510.7 517.4 528 513.6 479.7 449.6 429.4 416.3 401.5 393.6 390.2 389.4 386.1 383.1 383.7 382.3 386.8 383.5 388.1 397.7
470.3 451.9 436.5 426.6 417.8 412.5 407 403.3 406.6 408.8 409.8 413.1 417.5 416.5 413.7 414 413.2 414.5 412 408.8 406.2 403 400.5 403.2 402.6 397.5 394.1 389.3 384.6 381.8 382.6 380.6 375.9 371.1 364.7 360.6 367.9 365.1 372.1 383.7 387.3 389.5 394.9 397.2 399.3 400.8 401.5 412.5 421.3 428.8 434.8 441.5 444.9 452.4 464.3 470.9 485.1 487.9 503.4 513.3 518.7 507.3 463.6 435.5 415.8 402.7 389.9 381.6 381.3 376.8 373.9 367.2 368.4 368.1 368.4 372.6 374.4 382.1
464.5 449.2 436.3 423.8 414.9 407.5 402.9 399.9 400.8 400.8 398.3 401.8 404.1 404.9 400.7 398.5 397.4 396.8 395 393 392.5 390.2 390.5 393.4 391.4 386.6 382.7 380.2 377.3 379.9 377.8 375 370.5 367.3 362.5 353.2 359.6 354.5 371.3 376.8 379.7 384.7 390.9 390.5 390.2 389.6 401.4 404.3 412.3 418.8 423 429.9 434.6 444.3 454.4 462.3 472.5 480.9 493.7 506.8 511.2 490.8 453.1 421.2 404.6 392.5 378.7 369.5 368.5 362.5 359.7 355.6 351.8 357.5 358.6 361.1 360.2 364.4
464.6 449.6 434.3 422.3 411.8 403.8 399 393.5 392.8 393.8 391.9 392 392.1 390.6 386.7 386 384.9 382.3 382.1 381.4 378.9 380.3 379.5 383.3 380.2 376.1 374 372 368.3 371.4 370.9 367.7 362.7 359.9 356 340.6 345 353.9 361 368.6 376.1 380.5 386.8 387.7 387.5 382.2 389.4 400.1 403.1 410 414.8 421.5 425.5 437.4 449.8 453 456.8 472.5 482.1 501.3 509.9 472.7 439.5 404.3 391.5 381.1 364.5 361.7 360.2 352.9 349.9 345.1 339.6 339.3 345.3 344.4 347 344.6
472.7 449.8 431.2 419.9 407.6 398.9 397.3 395.3 387.3 386.3 385 379.4 377.6 375.9 377.7 376.2 374.1 374.2 373.4 371.7 372 371.4 370.2 369.3 366.8 366 364.7 361.3 357.5 360.6 360.8 362.8 361.2 359.1 351.8 337.3 338.1 349.7 355.3 359.3 364.7 372.4 379.5 380.4 382.6 379.7 385.2 390.7 397.1 399.6 406.1 410.3 419.2 427.5 436.2 439.3 446.3 457.4 472.1 495.2 501.8 448.1 409.6 393.5 380.9 366.3 352.1 349.2 342.7 340.5 341.6 341 330.9 323.7 324.7 325.6 326 326.3
472.8 452 434.7 420.8 408.4 399.4 398.8 392.8 385 375.6 369.4 369.2 367.6 370.8 373.4 370 367 366.9 366.7 365.2 362.8 361.3 360.8 357.2 355.1 354.6 354.2 351.5 349.2 348.7 346.8 350 353.4 352.1 350.8 342.6 328.7 339.3 348.5 353.6 355.7 360.8 366.2 372.2 377.3 372.7 376 381.7 386.8 390.3 392.8 400.8 409 413.2 421.9 425.6 434.3 446.2 462.2 488.8 474.7 425.5 396.3 383.6 374.6 357 343.1 337.1 329.7 328.8 324.9 322.2 321.7 316 311.4 308.1 308.1 308.7
472.4 453.2 431.4 418.1 407.4 400.7 400.9 397.4 389 380.9 359.1 357.6 358.8 361.5 366.2 364.3 363.6 362.7 361.7 359.7 355.5 352.1 352.4 349.5 345.8 343.9 341.5 342.5 339.8 339.2 339.9 340.7 341.6 342.7 343.2 335.4 324 329.9 337.9 345.5 348.2 352.7 354.3 359.1 366.3 361.4 368.1 373.8 378.9 381.2 386.2 393.7 400.6 401.4 402.2 411.8 422.8 432.4 447.6 470.2 472 410.4 388.7 375.4 362.9 346.2 335.5 326.4 318.1 316.1 314.1 309.5 307.9 305.3 303.3 300.3 296.3 295.3
478 452.1 427.8 414.2 407.5 407.1 405.1 399.3 388.2 376.9 365.6 350.5 349 350.5 354.5 356.4 357.5 356.4 354.7 350.1 348.8 344 343.8 341.8 336.1 333.2 329.8 327.6 327.3 328.8 328.3 328.8 329.4 332.2 331.6 328.1 319.7 323.1 325.3 330.4 335.4 340.1 344 349.9 350.7 358.5 361.4 366.6 370.7 374.8 377.4 381.2 386.3 388.9 391.5 400.9 408.4 419 430.7 447.6 457.9 412.7 375.6 362.7 349.2 330.4 320.5 311.4 302.1 304.2 301.4 299.1 292.9 292.6 291.8 288.6 287.6 286.4
479 453.2 423.4 412 409.5 410.1 404.1 395.6 382.7 374.4 368 359.4 350.2 340.7 339.2 347.2 348 347.6 346.8 344.7 340.7 333.4 330.9 330.6 327.3 323.9 323.1 321.3 318.9 318.3 318 319.5 321.3 324.1 324.1 322.4 318.3 318 317.5 320.7 322.5 326 332.1 333.7 339.2 346.1 353.3 357.8 361.3 366 369.6 373.1 374.1 376.2 379.4 385.4 393.4 401.7 411 427 446 432.2 384.6 356.4 344 326.5 317.2 308.1 297.2 293.7 290.9 288.4 283.4 284.1 284.1 282.8 281 280.3
475.3 450.3 426.9 414.5 410.5 408.4 398.5 389.6 381.3 375.5 370.4 362.1 355.4 348.8 339.4 333.1 334.8 338 338.2 337.1 329.2 326.8 324.3 321.6 320.8 317.4 318.3 316.6 313.7 311.6 310 309.5 312.1 314.7 312.1 316.1 307.8 312.1 310.4 311.3 311.9 316.8 322.8 324.5 329.4 335 339.1 342.4 348.9 355.7 362.1 364.5 364.2 366.6 369 371.4 380.5 389.4 399.3 409.5 431.3 437.6 404.3 358.6 340.5 332.2 321.3 307.8 296.2 289.9 288.2 287.7 280.6 282.5 281.8 276.4 273.7 273.7
477.3 454.7 428 414.4 409.9 402.7 393.2 386.9 380.9 371.9 366.7 361.6 356.5 351.4 346.1 332 327.7 329.3 329 324.1 322.7 320.9 320.8 316.9 311.4 310.7 308.4 305.6 307.9 305.3 304.2 304.4 302.6 302.9 304.3 304.1 300.1 308.3 306.3 303.5 305.3 307.5 309.4 313.3 318.2 322.4 326.3 327.8 335.6 345.3 353 352.3 351.6 353.6 356.9 359.8 369.1 374.8 373.2 384.6 401.7 396.3 384.1 366.8 337.6 331.3 317 303.9 295.6 291.7 289.1 287.8 282.8 282.9 280.7 271.1 268.6 267.5
479.1 458.3 430.3 412 404.5 396.9 388.5 379.9 372.3 367.3 362.6 358.6 354.7 349 339.9 328.4 320.6 321.3 321 317.3 314.2 310.6 310.2 309.3 306.1 303.8 302 299.5 300.3 299.6 300.4 300.4 300.9 299.7 299.4 293.3 294.9 301.6 299.8 300.1 301.7 302.4 301.8 303.8 306.6 310.9 313.3 315.5 326.3 334.1 334.9 330.1 333.9 342.4 345.8 346.3 356.2 354.5 351.9 355.5 353.4 364.6 361.7 350.6 340.6 332 316.4 299.9 299.7 298.4 295.1 290.6 285.2 281.7 278.1 270.1 266.9 264.8
481 461.5 434.3 411 400.7 390.3 383 376.3 370.9 366 358.1 354.3 350.2 342.8 335.7 327.1 317.5 311.4 316.9 312.5 309.8 310.7 307.7 301 301.1 298.4 296.3 293.5 292.5 292.7 292.4 289.7 288.1 289 291.5 289.8 289 294.3 294.1 294.2 298.2 297 295.9 297.9 298.9 300.8 302.2 303 309.2 314.6 314.1 313.9 320.4 330.1 331.5 330.6 335.7 338.8 336.4 342.3 338.7 348.5 347 346.8 339.3 321.7 307.1 300.4 307.1 312.1 306.1 299.2 290.1 282.5 276.7 269 265 264.6
484.2 460.2 433 410.3 399.6 384.8 376 369.8 365.5 359.3 352.2 346.8 340 337.4 331.9 328.7 321.6 308.1 307 304.2 302.8 304.2 301.5 297.4 294 291 288.5 287.4 288.2 286.5 285.8 284.3 282.3 283.4 282.8 283.2 285.5 288.9 289.4 289 289.6 291.3 289.7 291.1 290 291.7 294.7 294.8 295.7 299 301.4 304.8 307.4 309.5 308.7 313.4 315.1 315 314.7 325.3 325.8 332 337.7 339.3 335.9 316.3 300.3 308.4 321.5 328.2 318.9 310.1 298.9 287 278.9 268.7 264.6 264.6
473.3 454.1 424.4 404.8 391.1 379.6 368.8 363 357.2 350.6 343.6 337.4 339.2 339.5 332.3 330.8 321.8 313.2 305.5 300.1 299 298.2 296.3 295.8 291.1 287.1 284.5 283.1 282.4 281.5 280.7 280.6 279.5 278.9 278.8 280.6 280.5 282.1 282.6 284 285.4 288.4 285.9 285.3 284.5 285.2 287.7 288.4 289.9 292.2 294.1 297.2 299.5 300.2 297.4 302.5 309.6 302.5 303.8 315.3 317.4 324 327.3 331.1 331 319 298.9 311 325.5 329.7 323.4 316.6 306.1 294.8 284.6 274.9 266.6 264.6
463.1 441.3 418.4 395.4 381 375 364.7 356.3 348.3 340.3 335.3 330.8 338.3 339.7 327.6 318.8 315.3 314.4 310.8 305.6 299.9 292.2 289.3 289 287.5 284.3 281.3 280.1 280.3 278.7 276.7 275.2 275.3 275.3 275.3 276.8 277.2 278.8 278.9 279.2 280.2 281.1 279.2 278.8 279.8 280.5 279.9 281.5 283.8 283.7 287.1 291 292.9 291.5 291.8 290.2 290.8 297.3 297.7 304 310.3 314.8 316.6 321.7 321.4 306.4 294.3 306.4 315.7 317.9 319.2 317.8 310.5 299.8 290 280.3 271.3 266
452.4 427.7 411 391.9 374.4 365.7 356.6 346.1 337 330.6 328.1 328.5 335.7 323.2 315.1 309.2 310.6 311.4 309.4 304.5 294.6 290.8 286.8 284.9 283.4 280.9 279.8 279.2 278.9 278 275.2 275 275.1 275.2 275.8 277 277.1 277.8 278 278.2 279.1 278.6 277 275.8 276.4 276.8 277.2 277.5 277.4 277.6 279 282.6 287.7 284.7 283.9 283.3 288.3 293.5 294.6 301.7 308.9 306.3 307.1 307.9 303.2 289.6 290 305.5 310.8 309 312.7 315.1 309.2 299.7 291.4 283.7 275.2 268.9
432.6 417.7 403.3 384.7 372.3 359.8 349.1 340.5 330 325.8 322.2 322.1 320.2 313.5 306.7 301.4 298.4 295.7 293.7 289.8 289 287 283.8 282 280.6 280 279.8 278.8 277.9 277.3 275.3 275.1 275 276.1 276.7 276.9 277.1 278 278 278 276.5 276.5 275.9 274.6 273.9 274 274.6 274.9 274 273.7 275.7 277.9 279.5 277.7 277.3 277.6 279.8 287.8 288.5 302.1 306.3 297.4 296.2 288.9 285 288.3 296.9 307 309.5 309.1 309.9 310.2 304.7 298.5 292.2 284.3 275.6 270.6
410.1 402.1 391 378 366.3 355.7 344.8 336.1 327.3 322.2 320.1 316.5 312.6 306.5 299.2 295.9 291.8 290 286.2 285.6 287.7 284.7 281.4 280.1 279.8 279.3 278.8 278.5 278.5 278.1 276.6 275.1 276.6 276.7 276.8 277 277.4 277.7 278 278 274.4 274.4 274.4 273.6 272.3 272.7 273.1 272.4 271.8 271.5 274.3 275.7 275.3 272.5 269.9 269.8 276.1 282.7 282.8 286.2 290 287.8 286.5 280.5 280.6 289.5 296.9 303.4 306.2 307.7 307.3 300.3 292.8 284.6 279.5 276 269.9 269.6
385.8 384 377.3 367.6 358.2 349.9 340.3 331.6 324 317.6 312.4 307.6 300.1 297.2 292.6 290 289.4 287.6 285.5 285.3 286.5 286.3 282.5 280.7 280 279.9 279.9 281.1 280.5 280 280 277.4 276.8 276.9 277.1 277.2 277.8 278 278 272.8 273 273.5 273.3 272.9 271.9 272.7 272.8 272.5 270.7 270 271.7 270.3 270.8 271.2 270 269 268.2 280.2 283.3 282 279.6 275.6 278.5 280.1 279.5 286.9 295.3 300.6 299.5 299.4 294.5 287.1 279.5 269.1 269.1 268.9 267.8 268.1
371.7 370.6 364.9 358 349.2 339.4 329.2 322.3 316.9 311.7 305.3 299.6 294 288.9 288 288.2 288.2 286.8 285.4 285.3 285.2 287.4 286.3 285.5 286.9 288 287.6 288.5 289.2 286.7 284.3 279.8 277.3 277.2 277.4 277.1 277.5 277.9 274.1 273 273.5 273.3 272.9 269.6 269.3 272.8 273.4 272.6 270.1 270 269.2 270 268.7 268.8 268.2 268.1 268 268.7 268.7 268.1 267.9 268.5 271.2 273.2 274.7 281.4 287.3 293.9 296.8 283 276 273.2 269.9 268.3 267.8 267.8 267.8 267.7
355.5 357.2 351.7 349.6 345.5 331.5 321.8 316.6 310.4 305.4 299.8 293.3 288.6 287.9 287.7 287.7 287.7 287.4 285.3 285.4 286.6 288.8 290.3 291.3 293.9 295 296.2 300.8 297.7 294 293 287.4 282.5 279.9 277.5 277.5 277.6 277.3 274.3 275.4 274.9 273.6 270.2 270 269 271.5 273.2 272.3 271.6 270.4 269.6 268.3 267.7 267.8 267.8 267.8 267.8 267.8 267.7 267.7 267.7 268.1 267.7 267.9 266.1 267.4 276.9 280.9 280.8 269 266.3 266.8 268.4 268.4 268 267.9 269.6 271.8
344.2 341.9 336.9 331.9 331.7 323.3 311.7 303 301.3 297.4 292.4 289.6 288.2 288.5 288.8 288.5 288.5 288.4 288.1 288.3 290.2 295 297.8 299.8 300.5 300.3 302.9 305.5 302.3 300.6 300.1 295.2 294.4 292.5 287.6 283.7 283.2 279.8 278.6 279.1 277.9 274.4 269.7 268.9 268.7 271.9 272.7 269.8 270.4 269.2 269.2 268.3 267.7 267.7 267.7 267.7 267.7 267.7 267.7 267.7 267.7 267.7 267.7 267.7 265.2 265.2 265.3 268.4 268.7 267.3 266.2 266.7 269 270.9 271.4 273.7 279.1 281.6
331.9 326.3 320.9 316.4 317 312 300.2 297 295.3 295.8 289.8 289 289.5 290.8 291.8 290.4 290.4 292.2 293.7 298 297.9 300.5 303.7 305.6 306.2 306.9 309.5 310.1 307.1 306.2 305.9 305.8 304.1 303 298.5 296.8 294.7 290.5 288 285.5 281.1 278.9 274.1 268.7 269 269.3 269 269.8 268.8 268.5 267.8 267.7 267.7 267.7 267.7 267.7 267.7 267.7 267.7 267.7 267.7 267.7 267.7 267.7 265.2 265.2 265.2 266.5 267.7 267.7 267.5 269.1 271.9 275.8 280.9 285.5 291.9 294.2
319.9 313.4 305.4 303.5 301.4 299.4 295.7 295.5 290.8 290.4 289.4 289.3 296.5 297.9 298.7 300.4 300.4 301.4 305.4 306.9 305 306.9 309.4 311.2 311.8 313.8 316.7 314.8 312.9 313.2 318 318.9 315.8 312.9 309.7 307.7 305.2 303.7 299.5 295.3 288.6 283.5 279.9 274.2 270.4 268.6 268.2 268 268.6 267.8 267.8 267.7 267.7 267.7 267.7 267.7 267.7 267.7 267.7 267.7 267.7 267.7 267.7 267.7 265.2 265.2 265.2 265.2 267.7 267.8 270.3 273.2 276.3 282.3 291 296.7 301.6 301.2
301.6 300.3 298.5 294.9 294.9 295.1 292.7 289.5 289 288.3 289.7 299.1 303.4 306.3 306.2 308.2 310 311.3 313.8 313.4 314.5 315.7 315.8 318.2 320.6 321.5 323.1 321.5 321.1 321.3 324.3 325.5 323.5 323.4 320.4 318.9 316 311 306.9 304.1 298.1 292.4 284.2 280.8 280.1 269.4 267.8 268 268.4 267.8 267.8 267.7 267.7 267.7 267.7 267.7 267.7 267.7 267.7 267.7 267.7 267.7 267.7 267.7 265.2 265.2 265.2 265.2 267.7 270.6 274.5 280.3 282.5 294 302.9 309 309.9 310.4
297.7 298.1 298.1 294.1 294.1 294.1 293.8 291.9 289.1 289.1 297.2 306.3 309 310.7 313.9 316.2 316.8 318.1 320 320.2 321 322 323.8 326.9 328.4 330.2 329.7 328.1 327.1 328.3 329.4 330.3 329.4 329.7 327.1 327.6 326.3 322.8 316.2 308.2 305.1 301 290.1 284.5 281.5 279.5 270.7 267.9 268.3 267.9 267.7 267.7 267.7 267.7 267.7 267.7 267.7 267.7 267.7 267.7 267.7 267.7 267.7 267.7 266 265.2 265.2 265.3 271.4 288.1 289 289.9 296.9 305.1 312.8 315.8 315.9 313.9
297.7 297.8 297.9 296.1 294.1 294.1 294.1 293.8 289.7 294.6 301.1 307.8 311.4 315.8 319.6 322.3 322.2 323.3 324.4 323.5 325.9 328.9 331.8 334.2 335.2 336.3 337.7 338.2 334.4 335.6 336.9 339.5 339.5 339.7 335 335.4 333.7 329.1 323.8 319.5 315.4 308.1 302.9 292.2 289.1 289.2 278.2 275.7 273.7 269.2 268 267.8 267.7 267.7 267.9 267.9 267.9 267.7 267.9 267.8 267.8 267.7 267.7 267.2 265.2 265.5 266 272.8 284 299.1 297.9 298.1 304.4 309.4 317.9 321.4 321.1 318.9
297.9 297.9 298 298 294.1 294.1 294.1 294.2 293.7 300.1 307.7 310.9 316.1 320.1 322.1 325.9 327.8 327.3 327.7 328.4 332 334.8 337.5 339.6 341.2 342.2 345.6 348.4 342.6 342.7 343.7 349 349.1 346.4 343.7 341.9 340.4 333.6 328.3 325.8 322.5 316.1 310.4 300.9 297.1 295.8 287.4 287.8 284 277.9 271.3 268.6 267.8 267.7 268 268.8 271.7 272.2 273.2 274.7 271 269.3 268.7 269.8 274 276.2 277.9 288.1 298.2 300.3 300.4 303.9 309.2 318.9 324.3 326.3 327.1 325.5
297.6 297.9 298 298 294.1 294.1 294.5 295.9 301.2 307.6 311.3 316 320.6 323 325.4 329.3 331.8 333.4 334.1 335.8 338.7 340.2 342.7 344.7 345.8 348.7 350.9 351 348.2 349.5 350.1 353.1 354.6 352.4 350.5 346.9 342.5 337.7 332.3 329 325.2 320.8 314.9 309.3 306.5 300.9 296.5 294.5 291.2 286.8 280.8 279.1 274.2 271.6 273 279.9 280.8 280.8 281.6 282 280.6 280.6 281.1 280.5 285.2 290.3 295.4 308.6 311.8 306 307.8 314 319.4 325.6 328.4 331 333.3 332.1
297.8 297.8 298 298 294.1 294.4 295.6 298.2 304.5 311.9 318.6 321.2 324.3 326.7 329.3 333.9 338.1 340.6 340.7 341.4 343.8 345.4 347.7 349.5 352.5 353.4 354.3 355.3 353.8 354.2 354.9 357.6 359.2 356.9 353.5 348.5 343.1 338.8 334.3 330.5 328.4 324.5 320.3 314.5 310.4 302.1 301.9 300.1 297.4 293.6 291.6 287.9 282.3 277.6 279.9 284.7 285.9 287.1 287.6 287.5 288.2 287.6 287.7 289 290.2 300.2 313.2 321.9 318.2 313.3 317.7 324.3 330 333.1 333.9 336.3 339.3 339.9
298.4 298.2 298 298 297 297.3 299.8 303.8 310.3 317.7 322.3 325 329.4 332.1 336.5 341 343.6 345.1 346.1 346.9 348.3 350.2 351.6 355.2 360.4 356.5 357.8 359.2 358.6 359.7 359.4 360 361.3 360.1 355.4 349.5 343.6 339.8 335.4 331.4 329.5 325.4 320.6 316 311.4 308.9 306.3 304.3 302.9 300.5 299.7 295 289.7 280 281.2 289.7 291.3 292.1 293 293.1 293.2 292.4 294 296.3 301.9 309.7 318.3 320.7 321 322.6 330.1 335 336.4 340.3 340.5 341.7 346.8 346.4
298.8 299.4 300.3 300.8 303.5 306.8 310.3 315.3 320.7 323 325.6 328.6 336.4 340.4 341.5 346.3 348.6 350 351.2 352.5 354.4 354.1 355.3 358.2 361.3 362.7 361.7 364.4 363.9 365 363.5 363.1 362.5 360.4 355.8 349.9 344.7 339.8 337.6 332.9 329.3 325.7 322.4 321.3 319.5 315.8 310.8 308.6 306.7 304 300.4 295.6 289.3 289.9 290 290.7 294.9 296.1 297.8 298.1 298.8 300 303.1 310.4 320.2 321 319.5 325.5 330.5 331.7 340.5 340.3 341.3 345.8 347.4 349.8 349.1 351.4
