data/310000-670000.asc
ncols 200
nrows 200
xllcorner 310000
yllcorner 670000
cellsize 50
[rows 76 to 113 of 200, columns 86 to 171 of 200]
61.2 59.8 59.3 59.7 60.2 60.8 61.3 54.3 62 62.8 63.3 63.7 64.3 64.9 65.7 66.5 67.3 67.5 66.3 64.2 60.5 66.2 79.9 78.7 79.4 92.9 77.3 74.6 73.3 71.7 68.7 66.4 62.6 59.2 57.9 54.1 52.7 51.2 50.4 50.2 49.9 49.5 48.9 48.7 48.6 48.5 48.8 49.4 50.6 51.3 52.3 53.1 53.7 54.8 55.1 56 56.8 50.5 56.4 54.4 54.5 54.9 56.9 60.8 64 62.8 57.8 51.7 44.1 37.7 35.5 36.9 41.5 43.8 40.6 34.3 30.3 19.9 7.8 28.3 30.9 32.1 32.5 33.5 35 36.2
64.4 64.9 62.6 62 61.3 61.8 62.3 60.7 59.6 62.4 62.9 63.3 64 64.5 65.3 66.1 66.5 65.3 64.4 61.8 58.3 68.4 81.2 78.4 79.2 86.5 75.7 72.9 72.5 70.4 67.9 64.7 61.4 58 56.1 53.4 52.1 50.6 50.2 49.8 49.6 48.4 47.7 48.7 48.8 48.7 49 50 51.1 51.4 52.4 53.6 53.9 54.3 54.9 55.8 55.7 55.8 50.8 53.4 53.8 54.7 58.7 63.5 65.8 59 54 49 38.5 35.9 36.1 38.9 40.6 40.3 37.5 32.3 22.4 7.9 8.2 23.9 32.4 33.7 34.8 36.1 37.1 37.8
62.6 63.1 63.8 63.9 62.5 62.6 62.5 62.1 52.8 61.9 62.4 62.9 63.4 63.9 64.5 64.8 65.2 63.9 62.1 58.5 58.6 72.9 75.4 78.5 78.7 76.6 72 70.8 70.2 68.3 65.5 62.8 59.4 56.4 54.4 52.2 50.8 50.1 49.7 49.3 48.8 46.8 47.3 48.7 48.9 48.9 49.9 50.6 50.6 50.8 51.6 52 52.3 52.3 53 54.4 54.7 54.3 53.4 51.3 52.7 55.8 59.4 61.9 62 53.3 48.5 44 35.8 35.5 38.7 43.2 41.9 37.4 32.9 29.6 12.5 8.9 14.3 26.7 31.3 33.9 36.2 37.5 37.8 38.2
61.8 61.7 61.1 61.8 61.8 62.1 62.1 61.7 61.2 49.9 61.2 62.1 62.5 62.4 62.9 63.5 63.8 62.6 60.7 56.7 58.9 76.4 67.7 77.9 83.4 76.6 67.6 67.2 66.3 64.5 62.1 59.6 57.4 54.9 53.3 52.2 51.3 51 50.7 50.2 49.6 47.7 46 48 48.7 49.6 50 49.3 48.3 48.6 49 49.3 49.2 49.2 49.5 50.1 51.3 51.1 49.8 49 51.2 54.1 59.4 60.8 56.6 48.3 44.2 40.6 36.1 38.5 43.5 41.9 38.2 34.9 30.1 16.4 8.9 14.6 18.1 26.3 30.3 32.5 35.8 37.1 38.1 38.8
63.5 62.4 61.5 60.4 60.1 60.2 60.6 60.9 60.7 60.3 53.5 60.3 60.2 60.7 61.1 61.7 62.4 61.6 59.5 57.1 58.7 77.3 75.6 80.8 71.8 66.3 63.7 63 61.8 61.1 59.1 58 56.2 55.2 53.8 52.5 52.4 52 51.2 49.9 48.3 45.7 42.5 43.8 45.3 45.3 44.8 44.3 44.6 45.4 45.4 45.8 46 45.9 46.5 47.1 47.6 48.2 48 48 51.7 50.4 58 59.8 52.7 44.9 42.5 39.3 37.3 40.7 42.1 36.3 32.9 30.4 21.5 8.9 15.6 17.6 24.9 27.8 31.5 34.1 36.9 38.1 39.2 39.6
63.8 62.9 61 59.7 59.7 59 58.7 59.4 59.8 59 56.5 57.7 58.5 58.9 59.4 60.4 61.5 60.7 58.2 54.7 60.3 76.9 87.3 85.8 67.4 61.6 60 59.6 59.2 58.8 57.3 56.8 56.4 55.1 53.6 52 50.7 48.7 47 46 44.8 42.1 39.2 39.3 39.9 40.1 40 40.1 40.3 40.6 41.3 42 42.5 42.9 43.5 44.1 44.6 45.1 46.3 48.6 52.1 54.1 49.3 56.5 48.9 42.9 41.1 40.9 38.8 40.6 37.8 33.4 30.4 28.3 8.9 14.4 24.4 25.3 27.6 30.3 34.4 36.8 39.4 39.4 40.2 40.2
62.8 60.7 59.1 57.8 57.8 56.9 56 56.9 57.6 57 58.6 48.9 57.4 58.2 59.6 60.9 60.7 59.1 56.1 51.9 63.2 80.2 90.9 79.6 64.7 61.2 58.7 57.3 56.7 56.2 55.9 54.7 53 51.2 50.1 48.1 47.2 44.9 41.7 40.8 39.1 37.4 34.9 36.3 35.7 35.7 35.7 36.4 36.6 37.3 39 39.7 40 41 41.3 41.5 42.2 44.8 46.7 49.1 51.6 53.8 55.5 47.3 46.6 41.7 41.4 42.6 41.3 38.7 35 32 29.6 19.9 8.9 19.6 25.8 27.2 28.9 32.3 35.5 37.9 39.8 41 40.9 40.9
59.8 58.2 56.5 55 55.7 55.4 54.6 53.7 54.2 54.6 56.7 57.3 47 58.6 60.3 60.5 58.9 56.7 53.1 51 68.2 84.8 90.4 69.8 60.3 58.4 56.7 54.4 54.4 54.1 53.4 51.3 50.1 47.5 45.8 44.1 41.6 39 36.9 35.6 34.3 33.4 32.9 33.6 32.6 31.5 31.6 32.7 33.4 34.4 36.3 37.3 37.7 38.7 40.2 40.2 42 44.6 46.8 48.9 51.1 52.9 55.2 53.8 45 43.6 41.2 42.6 40.8 36.5 33.8 30.7 27.7 10.4 13.6 25.6 28 29.3 31.3 34.3 37.9 39.5 40.6 42 41.9 42.6
55 53.8 52.7 52.3 52.6 53.1 53 51.9 51.8 52.5 51.7 53 52.9 52 55.7 55.5 54.5 52.6 48.1 53.1 71.1 85.3 84.8 62.5 55.9 52.7 51.7 52 50.2 49.9 49.3 47.1 45 42.3 40.4 37.8 35.6 33.8 32 31 31.6 31.5 31.4 31 30.3 29.7 29.7 31.5 31.8 32.7 34.2 35.1 37.4 38.8 40.6 41.5 43.1 44.3 45.9 48.6 50.3 51.8 53.1 48 40.7 42.6 40.9 41.1 37.9 34.3 31.9 29.3 18.1 10.4 24.7 28.2 30.2 31.9 34.4 37.7 40.6 42.5 43.2 44 44.6 44.9
49.2 48.8 48.2 48.3 48.9 49.2 49.2 47.8 49.7 49.1 49 49.3 47.5 48.7 50.5 49 48.5 47.6 44.6 51.6 69.8 82.7 67.3 52.5 50 47.8 47.4 46.2 44.3 44 43.2 41.2 38.3 36.2 33.7 31.2 29.7 28.9 27.6 28 29.9 30.2 30.3 30.1 29.1 29.1 30.7 32.3 33.5 35 35.8 36.1 37.6 40.1 40.9 41.9 42.8 43.9 44.7 46.5 49 50.6 48.6 42.4 39.1 37.9 39.5 37.7 35.4 32 29.7 24.7 10.4 14.7 29.1 31 32.3 34.9 37.4 39.5 40.8 41.5 42.1 41.6 41.7 43
45.9 45.4 45.3 45.1 45.5 45.3 45.3 44.8 44.4 44.2 44.8 44.5 43.1 42.7 44.3 43.3 42.5 42 43.9 48.8 49.3 53.3 51 48.5 44.6 44.4 43.4 42.3 40.4 39 37.5 35.5 33.1 31.1 29.6 28.3 27.8 26.1 26.4 26.7 28.2 28.9 29.7 30 28.7 29.6 31 32.5 34.1 35.6 36.1 36.8 37.7 38.6 39.5 40.5 41.1 41.1 41.1 42.5 45.3 44.7 42.8 36.5 36.9 40.7 38.3 36.8 32.6 30.4 28.6 16.3 12 24.5 29.9 32 33.7 35.2 36.8 38.2 38.2 38.6 39.7 38.9 38.4 37.5
44.7 44.9 44.7 43.7 44.8 44.2 44 44 42.3 41.8 40.4 39.8 39.7 39.1 38.6 43.3 39 38.7 40.2 54.3 65.2 55.1 43.9 40.2 39.5 40.2 39.3 38.3 37 35.8 34.5 31.4 29.7 27.8 26.8 26.5 26.9 26.7 26.7 26.7 27.2 27.9 29 29.8 29.8 30.7 31.6 32.5 33.8 34.9 35.8 36.4 37 37.8 38.8 39.6 39.4 38.8 40.6 43.6 46.9 48.5 44.3 36.4 38.9 42 37.7 34.3 34 29.8 29.3 17 13.6 28.8 31.1 31.8 32.3 33.5 35.1 35.8 36.4 36.7 36.1 36.1 34.8 34.3
42.4 43.2 42.4 41.4 43.6 44.1 44 43.1 42.1 40.4 38.7 37.4 36.3 36.3 36.1 35.5 36.6 34.4 38.7 54.7 63.5 45.6 40.2 36.4 34 34 33.2 31.9 31.1 30.4 29.2 27.7 26.7 26.6 26.5 26.9 26.3 23.4 25.4 26.9 26.9 27.5 28.8 29.3 30.2 31.2 32.1 33 33.9 35.2 35.5 35.8 36.5 37.2 38 38.6 38.5 38.9 40.9 45.3 48.1 48 44 37.5 35.9 36.6 34.8 33.2 31.5 31.4 30.4 22.7 14.4 23.4 29.8 29.5 29.8 30.3 31.4 32 32.9 34.6 32.9 32.7 32 31.6
39.2 40.1 40 40.1 41.1 40.5 40.1 40.3 39.5 38.4 37.6 35.9 35.4 33.5 32 31.4 37.9 31.6 35.3 38.8 35.7 35.1 35 32.7 30 29.4 29 27.9 27.1 26.7 27 26.7 27.1 26.5 23.4 24.7 27.1 26.8 29.3 25.9 28.1 28.4 28.5 28.9 29.9 31.3 32.4 33.2 34.2 34.9 35.1 35.4 35.9 36.7 37.4 38.1 38.7 39.1 40.8 44.3 46.6 45.1 40.3 36.4 36.9 34.2 32.6 31.2 29.5 29.3 28.5 23.4 14.6 14.1 16.1 16.7 18.9 25.3 24.2 21.3 22.9 29.4 29.7 32.1 32.7 32.9
37.2 37 37.2 37.4 38 37.1 36.4 36.2 35.8 34.9 34.1 31.6 31.1 28.8 28.8 29 29.2 41 29.5 29.7 29.1 28.8 29.3 28.7 28.8 28.1 27.2 26.8 26.8 26.8 26.7 26.6 23.4 27.6 26.4 26.8 26.5 26.5 27.6 24.3 27.3 28 27.8 28.7 29.5 31.1 32.5 33.5 34.3 34.6 34.8 35.1 35.3 35.7 36.1 36.8 37.2 37.7 41.1 43.7 45.3 42.1 37.2 34.7 34.5 31.5 30.6 29.2 27.5 26.4 27.2 22.4 14.4 15.1 16.8 17 16.7 19.4 29.5 30.3 24.6 31.4 31.4 33.2 34.7 34.6
35.8 35.8 35.2 35.2 35 34.1 33.5 33.6 32.7 31.3 28.9 28.2 28.6 27.9 28 28 28.1 33.8 40.2 27.6 28.5 27.6 27.3 27.5 28.1 27.4 26.9 26.9 27 27 26.7 23.6 27.2 26.1 26.7 27.1 26.8 26.7 26.8 23.4 28.2 25.7 26.3 26.9 29.3 32.2 32.9 33.9 34.3 34.5 34.4 33.9 33.9 33.9 34.4 35.2 35.7 37.2 40 43.3 43.7 39.6 34.9 33.1 31.4 29.5 27.2 25.4 23.3 22.5 22.5 25.8 14.6 13.6 16.1 16.5 18.6 31.1 31.7 33.1 32.5 34.8 35.4 36.3 37.1 37.8
33.1 32.9 33.1 32.6 32.2 31.1 30.7 30.2 29.4 28.2 27.9 27.8 28.6 28 27.6 27.7 27.8 27.4 34.8 35.7 27.6 27.3 27.4 27.4 27.4 27.8 27.2 27.2 27.2 27.4 27.7 26.3 26.4 26.7 27 27.2 27 26.8 26.6 26.2 23.7 23.4 24.8 23.4 26.6 32.1 33.3 33.9 33.7 33.2 32.7 32.1 32.4 32.4 32.8 33.6 34.7 36.7 40.2 42.3 40 36.4 31.1 28.2 26 24.4 21.8 20.9 20.2 19.8 17.7 19.5 14.1 13.6 23.9 29.7 31.5 32.7 34.2 35.6 36.2 35.4 38.1 39.6 40.3 41
31.4 30.9 30.7 29.9 29.4 28.5 28.9 28 27.8 27.7 27.7 27.7 27.9 28.2 27.9 27.4 27.3 27 27 39.3 29.9 27.4 27.5 27.5 27.5 27.5 27.5 27.6 27.6 27.8 27.1 26.8 26.6 25 26.7 26.8 27.1 26.9 26.6 27.2 27.8 28.6 29.5 28.4 23.4 28.5 32.9 33.8 31.9 31.2 30.6 29.6 29.5 30.7 31.2 32.6 34 36.1 40.8 40 36 32 26.8 25.2 24.4 22.3 20.4 19.7 19 18.6 17.5 15.1 13.6 21.9 28.3 30.9 32.5 34.1 35.5 37.5 38.6 37.3 40.9 41.6 41.1 41
31.8 30.3 29.6 28.8 28.5 28.1 28 27.8 27.8 27.7 27.6 27.6 27.9 28.3 27.9 27.6 27.4 27.4 27.4 27.2 38.5 27.6 27.6 27.6 27.6 27.7 27 27.4 27.9 26.1 27.2 27 26.7 26.6 24.6 27.1 27.1 26.9 26.9 27.8 30.3 31.1 30.9 30.6 27.7 24 30.6 32.1 29.7 28.4 27.6 27.5 25.9 26.3 29.7 32.1 33.3 35.4 36.6 33.4 28 24.3 22.7 22.1 22.3 20.6 20 19 17.8 17.5 16.8 13.6 25.5 27.3 29.7 32.4 33.6 35.2 36.9 38.6 39.4 37.4 40.5 41 40.4 40.2
31.8 29.7 28.9 28.7 28.5 28.2 28 27.9 27.7 27.6 27.5 27.6 27.8 28.1 28 27.8 27.7 27.6 27.7 27.2 28 35.3 27.7 27.7 27.8 27.7 27.1 25.5 27.4 27.5 27.4 27.1 26.9 26.7 26.5 27 26.9 27.4 28.7 30.7 32 31.7 31.4 31 30.5 23.4 27.3 27.2 27.1 27.4 27 22.8 26.2 22.8 22.8 19.5 22.5 22.2 22.3 19.3 18.6 17.1 16.6 18.8 18.7 15.7 14.8 14.8 14.8 14.9 15.4 28.7 30.1 29.2 30 32.4 34.2 36.3 37.9 39.2 39.7 39.4 40.5 40.7 40.2 39.7
29.6 28.8 28.8 28.6 28.4 28.2 28.1 28.1 28 27.8 27.7 27.7 28 28.2 28.2 28.1 28 27.9 27.6 26.9 27.1 30.4 28.7 27.8 27.8 27.8 24.6 27.7 25.5 25.5 26.3 27.1 27.2 27 26.7 26.1 28.3 30.4 31.6 32.6 32.4 32.2 32.7 32.9 32.5 31.9 23.4 26.6 27.1 27 23.4 30.2 31.9 33 32.6 34.8 35 27.9 18.3 16.3 15.7 14.8 20.8 24.3 25.3 25.5 24.7 26 21.3 28.7 29.8 29.7 30.1 30.3 31 32.5 35.1 37.9 40.5 41.5 42 42.1 41.7 41.5 41 40.4
28.6 28.6 28.6 28.5 28.5 28.4 28.4 28.3 28.2 28.1 28 27.9 28.1 28.1 28.1 28 28 28.1 28.2 27.9 27.7 27.8 36 27.2 27 27.7 23.4 26.9 26.5 25.9 24.9 27.1 27 27.1 26.7 27.5 29.5 31.2 32.1 32.7 33.3 33.8 34.4 34.8 33.8 32.7 32.2 31.3 29.9 28.4 29.7 33.6 35.8 36.6 36.3 39.8 41 40.5 37.6 34.1 30.5 33.4 32.2 31.1 30.4 29.1 29.5 29.1 22.9 30.7 30.9 30.3 29.8 30.5 31.3 33.6 35.5 37.9 41.9 42.5 42.4 42 41.6 41.4 41.4 41.6
28.8 28.7 28.7 28.6 28.6 28.5 28.5 28.4 28.3 28.2 28.2 28.1 28.1 28.1 28 28.1 28.2 28.3 28.4 28.4 28.2 28 27.9 35.9 26.8 26.8 23.4 27.6 27.8 27.4 26.7 25.9 27.3 27.2 26 27 27.8 29.9 31.6 32.2 33.1 34.1 35 35.3 34.3 33.6 32.9 32.6 31.8 32.5 34.7 36.4 39.1 40.2 40.9 44.7 45.5 45.1 40.5 37.4 35.5 38.3 38.1 35.1 33.6 31.6 31.2 30.2 26 29.8 31.1 31 30.7 31 32.1 34.5 36.5 37.9 40.2 39.5 39.8 40.1 40.6 40.8 41.2 42.2
28.9 28.9 28.8 28.8 28.7 28.7 28.5 28.2 28.1 28.2 28.1 28.1 28.2 28.2 28.2 28.1 28 28.1 28.2 28.3 28.1 27.9 27.8 27.6 30.9 27.6 27.6 27.7 27.8 27.3 26.6 26.2 27.2 26.3 25.7 26.9 27.1 28.7 31 31.8 32.7 33.8 34.9 35.9 35.1 34.4 33.8 32.8 32.7 34.8 36.4 38 41.7 44.7 46 48.3 50.9 49.6 43 38.7 39.2 42.3 41.6 38.5 35.4 32.7 31.9 31 25.3 31.2 31.6 31.6 31.3 31.6 33 35.1 37.1 37.9 38.3 38.4 39.2 39.6 40.8 40.8 41.7 42.8
28.9 28.9 28.9 28.9 28.7 28.4 28.1 28 28.1 28.1 28.1 28 28.1 28.2 28.3 28.2 28.1 28 28 28.1 28 27.8 27.6 27.4 30 25.9 29.1 27.7 27.8 27.2 26.3 26.9 26.6 26.4 25.5 25.9 27.2 29.1 31.1 31.8 32.8 34.5 36 36.4 36.4 36 36 36.6 34.9 36.1 37.8 40.7 45.6 48.7 51.4 53.7 55.2 53.9 47.2 39.4 43.3 46.7 44.3 39.4 36.3 33.8 32.8 31.6 28.7 31.4 32 31.6 31 31.6 32.2 34.1 36.2 37.1 37.7 37.6 38.5 39.6 40.7 41.6 42.5 42.6
28.9 28.9 28.9 28.9 28.5 27.9 27.8 27.9 28 28.1 28 28 28 28.2 28.3 28.4 28.2 28 27.3 27 27.8 27.8 27.8 27.8 27.6 26 28 28 27.7 27.4 27.1 26.2 27 26.6 25.3 27.1 28.4 30.6 32.5 32.9 33.4 35 36.3 36.9 37.1 37.3 37.3 37 36.1 38.5 40.5 46 50.2 53.4 56.1 58.2 59.2 57.5 51.1 43.2 47.2 49.2 44.6 40 37.4 34.9 33.7 32 29.6 29.8 31.3 31.5 30.5 30.9 31.4 32.5 33.3 34.4 35.6 36.2 37.7 39.1 40.3 41.7 42.5 42.9
29 28.9 28.9 28.8 28.2 27.8 27.8 27.9 28 28 28 28 28 28.1 28.2 28.2 28 27.8 28.2 28.3 27.3 27.4 28 28.3 27.3 28.1 34.3 27.8 27.6 27.4 27.1 26.8 26.2 26.3 26.3 29.4 31.2 32.5 33.6 33.6 34.3 35.6 36.3 37.1 37.6 38 38 37.7 38.1 39.6 43.8 49.9 53.4 56.5 59.4 61.2 61.6 60.3 53.3 45.2 48.8 49.9 45.1 40.7 38.3 35.9 33.4 32.2 30.6 29.3 30.4 32.2 32.2 31.9 31.7 32.1 34.4 35.6 36 36.6 37.9 39.1 40.4 41.3 42.2 42.4
29 28.9 28.9 28.5 28.2 28 27.9 27.8 27.9 28 28 27.9 27.9 28.1 28 27.9 27.8 27.7 28 28.5 28.5 27.7 28 28.3 24.6 28.7 28.1 29.2 27.6 27.3 27 26.8 26.7 25.9 28.1 30.9 33.7 34.8 34.6 34.7 35.5 35.7 36.2 36.9 37.1 37.6 38 38.3 39.5 42.2 47 51.7 55.8 58.4 61.4 63.5 63.2 60 52.6 45.9 49.1 50.8 45.4 41.5 38.9 36.1 33.8 32.3 31.1 30.9 32.4 33.4 34 35.1 35.7 36.4 37.2 37.8 37.5 37.6 37.9 38 39.2 40.7 42.1 41.5
29.1 29 28.8 28.5 28.2 28.1 28 28 27.9 27.9 27.9 27.9 27.9 27.9 27.8 27.7 27 27 26 27 27.9 27.9 24.2 25.3 28.6 27.4 27.6 29.8 27.5 27.3 27 26.9 26.9 27.9 30.3 32.9 35.6 35.9 35.5 36.7 37.2 37.1 36.6 36.5 37.1 37.2 37.6 38.4 40.9 44.8 48.9 52.9 56.3 59.6 62.9 65.5 65.7 64.3 54.7 45.6 47.7 51.1 46.4 42.9 39.8 36.5 34.4 33.7 31.3 31.3 33.9 35.5 35.8 36.1 37.2 36.5 35.7 35.3 35.7 35.4 36.3 36.2 37.1 38.4 40.6 40.4
29.2 29 28.8 28.5 28.3 28.2 28.1 28.1 28 27.9 27.9 27.9 27.9 27.7 27.5 27.5 26.9 27 27.8 27.5 24.8 26 26.4 27.8 27.1 28.3 27.7 27.4 34.2 27.2 27 26.8 27.7 29 30.4 33 34.5 35.5 36.4 36.7 36.9 37 36.7 37.5 38.1 40 39.4 39.7 42.4 45.6 49.8 52.9 56 59.8 64.2 67.8 67.6 65.2 57.5 46 46.4 49.3 46.4 43.1 39.7 37 34.4 32.5 30.5 30.5 31 32.5 32.6 33.2 34.4 33.9 33.3 33.4 33.4 33.5 35.4 37.9 39.5 41 41.7 42.2
29.2 28.9 28.7 28.4 28.3 28.3 28.2 28.1 28.1 27.9 27.8 27.8 27.6 27.4 27.4 27.6 26.7 28.4 24.9 27.4 28.3 27.1 27.8 28.1 28.2 28.2 27.8 27.5 27.3 33.7 26.8 26.9 28.5 30.3 31.1 31.8 32.9 34.4 35.7 36 36.5 37 37.9 38.7 40.6 42.1 41 40.2 42.9 46.8 50.3 53.8 56.9 60.5 65.2 67.1 65.4 62.9 56.1 46.6 45.3 46.3 46.2 42.9 39.4 36.3 33.6 30.4 29.8 30 30.2 30.6 31.4 31.7 31.7 32.4 32.3 33.4 34.2 35.4 37.4 39.5 40.5 41.9 43.1 44.3
29.3 28.9 28.6 28.3 28.3 28.3 28.2 28.2 28.1 27.9 27.8 27.6 27.4 27.3 27.5 27.7 26.6 27.3 28.4 28.3 27.8 28.1 27.3 27.6 27.8 28.1 27.9 27.9 27.6 27.2 27.4 27.8 29 29.6 30.1 30.6 31.6 33.2 34.7 36.1 37.9 38.5 39.4 40.5 42.2 43.3 41.7 40.9 44.9 49.3 53.1 55.7 58.4 61.2 62.4 63.5 62.8 61.4 53.9 46.2 44.3 44.1 45 42.4 39 35.7 32.5 30.6 30.1 30.2 30.3 30.6 31.4 32.5 32.6 33.7 34.2 35.3 36.6 38 39.3 41.1 40.9 42 43.7 44.8
29.3 28.9 28.6 28.4 28.3 28.3 28.2 28.2 28.1 27.9 27.8 28.1 28.4 26 28.8 24.9 29 28.9 28.5 28.3 28.5 28.8 28 27.9 28.3 28.6 28.4 28.1 27.7 27.2 30.2 27.5 28.3 28.8 29.2 30.2 31.3 32.9 34.4 36.1 38.6 38.4 39.1 40.7 42.5 44.2 42.7 44 47.8 52.4 55.4 58 59.6 61.7 63.5 63.9 63.8 61.3 53.5 45.3 45.6 48.1 47.1 42 38.9 36 33 31.5 30.3 30.2 30.5 30.7 31.8 33.9 34.2 34.9 36.3 36.4 36.6 37.7 38.7 39.7 41 43.1 44.4 45.4
29.2 28.8 28.4 28.3 28.3 28.2 28.2 28.1 28 27.9 27.9 28 29 25.6 24.9 29.4 29.1 28.8 28.7 28.9 29.1 28.9 28.6 28.9 29.2 28.8 28.3 27.9 27.4 27.2 27.3 33.8 28.8 29.6 30.1 31 32.6 34.3 35.8 38 39.2 39.9 41.7 44 46.1 47.3 44.8 47.3 51.3 54.9 56.9 58.4 60.6 63.4 65.2 66.9 67.3 62.5 52.2 47.5 49 51.4 50.3 42.7 39.6 36.5 33.3 31.5 30.7 30.3 30.5 30.7 31.6 32.8 34.9 36.3 36.5 36.4 36.3 37.3 38.4 39.6 44.4 44.9 45.2 45.9
29 28.6 28.3 28.2 28.2 28.2 28.2 28.1 28 27.9 28.6 24.9 29.2 28.6 29.2 29.4 29.3 29.2 29.2 29.4 29.5 29.6 29.6 29.9 29.1 28.3 27.7 27.5 27.3 27.4 27.5 28.3 32.8 31 31.2 32.4 34.1 35.8 37.5 38.9 40.3 42.1 43.7 45.8 46.9 46 44.7 50.6 54.9 56.5 57.2 58.6 61.7 65 66.8 69.2 69.5 63.4 51.6 48.8 50.2 51.9 51.3 45 40.5 36.1 32.9 31.1 30.7 30.5 30.6 30.9 31.5 31.8 33.5 35.5 36.4 35.6 36 36.9 38.4 40.1 44.2 44.4 46.2 47.3
28.7 28.3 28.3 28.3 28.2 28.1 28.7 28.5 28.6 30.2 25.9 28.8 29.9 30 29.8 29.9 29.9 29.8 29.7 29.8 29.9 29.9 29.9 29.2 28.5 27.8 27.6 27.7 27.7 28 29 30.1 31 32.3 33.6 35 36.6 38.3 38.8 40 41.7 42.5 43.9 44.6 45 43.6 45.1 50.2 53.1 54.4 55.6 59.5 63.7 66.9 68.9 71.2 70.9 64 52.3 48.7 49.6 50.6 50.1 46.2 42 37.8 33.8 31.6 30.8 30.7 30.7 30.9 31.3 31.7 32.1 34.1 34.5 34.6 35.2 36.1 37.6 43.7 43.1 44.4 46.4 47.3
28.4 28.2 28.1 28.3 28.3 28.1 29.2 30.2 25 30.2 29.9 30.1 30.6 30.1 29.8 29.9 30 30 30 30.2 30.1 29.9 29.2 28.3 28.4 28.3 28.6 31.7 33.5 30 30.9 32.4 34 35.4 36.7 38.2 39.3 41 41.7 42.1 43 43.3 43.6 43.1 42.2 42.5 45.9 49.2 51.2 53.1 56.6 60.9 65.8 69.3 72 73.8 73 63.8 50.6 48.7 49.6 50.2 49.8 47.3 43.6 40.2 36.7 33.3 31 30.7 31.1 31.2 31.4 32.6 33 33.3 34.5 35.1 35.3 36.2 36.8 44.8 42.6 45 46.6 47.9
28.3 28.2 28.1 28.1 28.3 28.2 29.7 24.9 30.8 30.4 30.2 30.3 30.2 29.9 29.7 29.8 29.9 30 30.1 30.1 29.6 29.1 28.4 28.6 28.9 29.3 33.1 33.8 33.1 31.6 32.8 35.4 37.7 38.9 34.6 41.6 42.6 43.2 43.2 41.5 41.3 41.4 41.8 41.5 41.7 44 46.9 49.8 51.5 54.4 58.2 63.2 68.6 73.4 77.6 76.4 74.1 66.8 53.1 48.6 49.5 49.9 50 47.1 44.4 42.3 42.8 33.9 31.2 31 31.6 31.5 32.2 33.7 34.4 35.1 35.8 36.4 37.2 37.9 41.4 42.7 43.6 45.5 46.9 49.1
