data/310000-830000.asc
ncols 200
nrows 200
xllcorner 310000
yllcorner 830000
cellsize 50
[rows 140 to 174 of 200, columns 0 to 77 of 200]
261.2 255.4 248.1 241.4 236.5 230.2 225.6 223.2 222.4 223.2 230 239.8 247.8 254.9 257.1 258.8 261.9 262.5 258.8 252.8 245 237 230.2 224.2 217.1 208.7 198.3 182.5 172.2 170.9 169.5 165.8 162.2 161.3 158.6 158.6 161.7 161.3 161 160.8 160.3 160.1 163.8 184.4 199.2 212 221.5 230.3 237 243.7 250.6 258.2 267.2 276.4 286.1 297.7 308.6 320.2 332.7 345.8 359.7 371.8 377.8 372.3 364.8 353.9 342 329.5 316.7 305.5 294 282.6 271.5 263.8 257.8 242.3 244 244.3
254.8 250.4 244.5 238.9 233.5 228.8 224.5 222.5 220.9 221.1 227.2 235.5 243.1 250.9 253.7 255.3 258.1 258.8 254.7 248.4 241.9 235.1 228.3 221.8 215.8 207.7 197.2 182 172.6 171.5 170.1 168.9 162.5 161.4 158.9 158.6 161.9 161.6 161.4 161.3 160.9 160.4 160.7 179.7 197.9 210.9 219.6 228.4 236.1 243.1 249.9 257.8 267.8 277.1 287.4 298.3 310.5 323.4 336.7 350.2 363.8 375.2 378.1 371.1 361.9 350.7 339.2 326.8 314.7 303.5 292.5 281.9 271.9 265.1 260.6 248 244.6 254.4
250.9 247 243.7 238.1 233.2 229.1 224.4 220.8 218.9 218.7 223.7 230.4 238.8 244.8 248.9 251.3 253.6 253.7 249.9 244.6 237.9 232.9 226.7 219.5 213.7 206.6 196.1 180.4 172.7 172.6 171.4 169.7 163.9 159.9 160.9 158.9 162.1 161.9 161.8 161.7 161.9 160.7 160.5 169.8 193.8 208.4 217.8 226.5 234.9 241.8 249.1 257.4 267.7 278 288.2 299 311.4 324.1 337.8 352.1 366.1 373.7 373.6 366.8 357.9 347.6 336.6 324.4 313.1 302.2 290.8 279.8 272 266 261.5 257.4 247.1 255.6
249 246.5 243 237.2 232.6 227.6 222.7 219.4 216.7 216.2 219.8 223.9 231.5 237.7 242 245.3 247.8 248.3 244.4 239.5 235.2 229.9 223 216.2 209.6 203 194.8 174.9 173.5 173.8 172.1 170.2 164.8 159.9 160.7 158.8 162.1 162 161.9 161.9 162.2 161.8 160.6 160.6 186.2 203.9 215.2 224.7 233.2 240.7 248 256.7 266.6 276.6 287.5 298.8 311.6 325 338.1 351.8 366.4 370.6 367.4 361.8 353.7 344.1 333.4 322.6 311.4 300.6 290.3 280.2 272.1 267.2 263 259.8 249.1 254.7
248.9 245.5 241.9 235.6 231.1 225.2 221 217.9 215.1 213.6 215.1 219 223.3 229.3 234.2 238.1 240.5 240.7 238 235.7 231.5 225.8 218.4 211.1 206.1 200 191.4 173.3 172.9 173.6 172.9 170.9 166.4 160.5 160.8 158.7 162.2 161.6 161.7 162.4 162.4 162.3 161.6 161 178.8 199.8 212.8 221.8 230.6 238 245.6 254.7 264.3 274.4 285.4 297.2 310.1 323.7 336.9 349.2 361.2 365.3 362.5 357 350.6 341.4 331.2 320.7 310 299.4 290.2 281.3 273.5 269.1 264 260.5 251.3 256.3
247.9 242.5 236.8 232.9 228.3 224.4 221.8 219.7 215.6 212.3 211.4 213.9 217.8 222.4 226.2 229.9 232.4 233.2 232.4 230.8 226.5 220.7 213 206.3 201.8 196.6 188.3 172.9 172.8 173.3 172.9 171.3 167.6 160.4 160.8 158.7 162.2 161.3 162 162.9 162.9 162.8 162.2 160.9 168.9 193.3 207.1 216.2 225.7 235.2 243.3 252.3 261.7 271.9 283 295.2 307.9 320.5 334.1 346.6 355.3 358 356.8 351.5 345.9 339 329.4 318.9 308.5 299.1 289.9 282.6 275.9 270.3 266.6 261 254.2 257.8
243.6 238.1 233.1 229 227.2 225 223.9 222.4 217.1 212.1 209.6 210.3 212.7 215.9 219.1 222.6 225.4 226.3 225.5 224 219.9 214.4 207.8 202.6 198 193 185.4 173.4 173 173.6 173.4 171.5 167.2 160.7 160.9 158.7 162.1 161.6 162.5 163.3 163.2 163.2 162.1 161.1 161.6 189.2 202 212.2 221.4 230.7 240.3 249.1 257.9 269 279.6 291.8 304.3 316.4 328.1 339.5 347.7 351.1 349 345.7 340.8 335.2 326.8 317.8 308.5 298.7 290.9 284.2 275.7 272.2 268.1 263.9 256.8 259.2
236.7 232.8 228.9 227 226.7 225.7 224.5 222.8 217.9 212.6 209.1 206.9 208.6 209.9 212.2 214.7 217.6 219 217.9 216.5 213.3 208.7 203 197.6 192.5 186.6 179.6 174 172.6 173.2 174.1 170.4 163.4 160.6 160.9 158.7 162.2 162.6 162.9 162.9 163.1 162.9 162.1 161.4 161.9 184.8 198.1 207.4 217 226.5 237 246.2 255.8 265.7 276.6 288.7 299.1 311.8 321.2 329.6 337.7 343.6 343.1 340.6 336.6 331.9 324.3 316.2 307.3 298.2 290.6 283.8 276.8 273.3 269.2 266.4 259.6 258.7
230.1 227.6 226.6 226.1 226 225.3 224.9 222.9 218.1 212.7 207.6 204.3 201.1 203.2 204.2 206.5 208 209.4 207.9 206.5 204.8 202.1 198.1 193 186.6 181 176.1 174.5 173 169.2 164.4 162.2 161.5 161.3 161.1 158.8 162.2 162.8 163 163 162.9 162.7 162.1 161.7 161.9 181.6 194 203.2 212.7 223 233.2 243.6 253.4 264 273.9 283.7 293.7 305.5 314.3 319.9 327.6 334 337.5 336.1 332.8 328.3 321.9 314 306 297.6 290.6 282.9 277.4 273.8 271.7 269.1 263.4 262.8
228.2 225.6 226.1 225 224.9 224.1 223.8 223.3 217.5 208.1 203.8 201 196.5 195 197.4 198.2 198.8 199.7 199.3 198.7 197.6 195.6 192.6 187.4 180.7 176.6 176.2 174.8 169 164.2 163 162 161.9 162.1 161.9 158.7 162.4 163 163 163 163 162.9 162.6 162.7 171.3 181.7 191.7 201.9 211.7 221.2 230.6 241.3 251.3 261.5 269.2 279.5 287.9 299.2 307.6 313.8 319.4 325.4 329.5 331.1 329.1 324.5 318.3 311.2 303.8 295.6 288.5 283.1 278 275.3 273.6 270.3 266.3 267
223.2 214.4 212.8 222.6 224.1 223.5 223.2 222.3 210.1 200.2 197.4 195.6 187.8 191.3 193.4 193.9 193.3 192.2 191.9 191.3 190.5 188.4 185.3 178.8 177.2 176.8 170.6 166 164.5 163.5 162.9 161.8 161.5 161.7 158.5 162.3 163.1 163.2 163.1 163.1 163.1 163.1 164.3 165.4 175.2 181.7 191.5 201.5 210.9 219.6 229.4 239 247.9 257 265.3 272.2 280.6 288.3 297.9 305.5 311.8 318 323.3 325.8 325.2 321.2 314.7 307.9 300.9 293.1 286.5 282.7 279.5 276.8 274.4 267.4 264.9 271.8
199.7 193.6 192.8 200 203.6 203.6 198.5 196.9 193.4 189.3 189.6 186.1 182.8 182.6 182 182.3 181.1 180 179.6 179.9 179.2 177.9 177.6 177.8 175.4 169.1 164.6 164 163.5 163.2 162.7 161.7 161.5 160.7 158.6 163.2 163.9 163.7 163.4 163.2 163.3 164.1 166.4 170.9 176.7 184.1 193.9 202.6 210.3 218.4 227.1 236.9 245.2 253.5 260.5 267.6 275.5 282.6 289.3 296.7 304 311.4 316.7 319.1 319.5 317.2 312.1 305.5 298.9 293.9 288.6 283.6 280.9 278.9 275.4 271.6 272.9 277.2
173.7 171.1 173 173.2 173.6 174.1 174.1 175.3 174.7 173.7 173.7 171.2 172 171.5 172.7 173.7 174.1 174.8 176.7 177.9 174.8 171.4 168.8 166.8 164.1 163.8 164 163.3 162.6 162.6 162.4 161.8 158.9 158.8 163.5 163.7 164 164.1 163.9 163.9 163.7 164.2 168.5 173.3 179.1 187.3 196.1 204.2 211.8 218.7 226.6 233.8 242.3 250.2 257.4 264.2 271.4 277.7 283.9 290.9 298.9 305.7 311.6 314.2 315.4 313.5 310.7 307.2 303.7 298.9 292.8 287 282.8 280.9 274.1 274.8 277 283.7
166.3 163.6 162.9 162.8 162.5 162.4 162.4 162.3 162.4 162.5 163.2 166.2 167 166.7 165.6 165.5 164.9 164.4 164.3 164.2 163.9 163.9 163.7 163.7 163.5 163.2 163.5 162.9 162.3 162.2 161.8 158.6 158.9 163.5 163.7 164.5 164.7 164.9 164.7 164.7 164.5 165.2 170.6 176.7 180.7 187.4 197.9 205 211.8 218.9 226.7 234.1 241.5 248.4 255.8 262.2 267.6 273.5 279.5 285.9 294 301.3 307 310.8 312 312.6 312.9 311.8 307.6 302 295.3 289.5 285.2 281.8 277.3 277.9 283.2 293.4
162.9 162.8 166.3 166.8 166.3 166 165.8 165.2 164.6 162.7 162.5 162.4 162.2 163 164.6 164.8 164.3 164 164.1 164.3 164 164.1 163.4 163.7 163 163 163 162.7 159.3 158.8 159 164.1 164.5 164.5 165.1 165.9 166.1 166.3 166.3 165.5 165.8 167.9 173.6 182.4 189.5 194.9 200.1 204.2 208.6 219.2 227.3 233.9 239.3 246.9 254.5 261 266.5 272 277 283.2 291.5 298.3 303.8 307.8 311.8 314.7 315.6 314.4 310.9 303.7 297.6 291.8 287.6 283.9 280.3 282.8 291.6 300
166.1 167.8 168.4 168.6 168.3 167.8 167 166.8 166.3 165.7 164.8 165 162.9 161.7 161.3 161.1 160.8 160.9 160.9 162 161.9 161.7 160.1 159.8 159.8 159.8 159.8 159.3 161.2 164.3 164.5 164.9 165.2 165.5 166.4 167.3 167.5 167.6 167.7 167.4 168.3 172.2 177.6 186 194.2 199.8 205.3 211 216.6 216.4 220.3 231.8 239.5 247.2 255.2 261.7 266.8 271.7 276.5 283.5 290.5 297.3 302.5 308.4 313.1 317.4 318.5 316.6 311.8 305 299.3 294.7 289.3 286.5 283.7 288 297 304.4
169.4 170.3 171.9 172.8 173.6 174.3 174.4 173.7 173.4 173.1 173 172.4 171.6 170.6 168.6 166.1 163.8 163.8 162.4 165 165.3 164.9 164.6 164.2 164.5 164.6 164.5 164.9 166 165.2 164.9 165.4 165.8 166.7 167.7 168.5 168.9 169 169.4 169.4 172.6 176.8 182.5 188.1 196.9 202.3 207.3 214.8 220.3 224.2 228.4 234.5 240.9 249.3 257.3 262 267.1 272.7 277 283.8 290.4 296.5 303 309 314.1 319.2 320.5 318.8 313.8 308.2 301.7 296.9 292.3 288.8 285.5 293.4 302.6 308.1
171.3 173.5 177.5 178.6 177.4 177.7 176.9 175.7 173.9 172.9 173 173.3 172.7 171.7 170.8 169.8 169 168.6 164.3 166.8 167.1 166.7 166.2 167 167.5 167.4 167.1 166.7 166.7 166 165.5 165.8 166.3 167.2 168.4 169.7 170.5 171.1 171.2 171 176.4 180.8 185.3 191.5 198.2 203.6 209.3 216.2 221.5 226.2 231.1 237.8 245.8 253.7 258.1 263.7 268.6 274 279.9 285.9 292.3 297.2 303.2 309.4 316.1 320.7 322.5 322.4 319.1 311.1 304.9 299.4 295.5 291.3 288.1 299.5 307.1 312.4
179.4 182.4 182 181.5 181.5 181.1 180.3 181.1 179.8 178.2 175.4 171.8 172.5 172.3 171.5 170.7 170.2 169.9 165.5 167.4 168 167.9 167.8 168.1 168.2 168 167.7 167.5 166.9 166.7 166.3 166.2 166.8 167.7 169.1 171 172.3 173.4 174 173.1 178.7 183.5 188.1 194.7 200.6 205.8 213.3 218.7 223.9 228.8 234.1 241.4 249 256.6 260.8 266.7 271.5 278.6 284.6 289.2 294.2 299.1 305 312.1 318.7 323.9 327.1 327.6 323.5 315 307.1 302.3 298.7 294.6 291.3 304.1 311.9 317.9
183.6 183.7 184.5 185.9 186.4 186.1 185.9 187.8 190.5 190.6 188.8 182.7 176.9 171.8 171.7 171.2 170.7 170.5 169.6 168.9 169.1 169 169 168.8 168.8 168.6 168.3 168 167.2 166.9 166.7 166.6 167.2 168.4 170.6 172.5 174.3 175.7 176.4 179.2 181.8 186.4 193.2 200.1 205.2 211.5 215.7 221.5 226.5 232.3 237.9 245.1 252.5 259.4 266.3 271.7 277.3 283.3 288.1 292.1 297.8 302.6 307.6 315.4 322.8 328.5 333.3 332.2 328.4 320 310.9 306.1 302.6 296.8 296.8 309.7 316.4 325.2
187 187.1 188.2 189.8 191.2 191.5 191.6 193.2 193.8 193.9 194 193.6 191.7 174.6 171.2 171.1 171.3 171 170.2 169.8 169.9 169.8 169.6 169.5 169.3 169.2 169 168.2 167.5 167.2 166.8 166.7 167.3 167.8 170.6 173.5 178.2 182.6 178.1 183.5 184.7 189.4 195.1 202.5 207.6 214.8 220.6 225.1 230.4 235.8 242 250.3 258.9 265.5 270.8 277.2 282.5 287.9 293.4 297.2 301.4 306.1 312.9 320.9 329 335.9 338.8 336.7 332.2 324.4 316.7 310.5 305.7 294 302.9 315.2 324 333.6
191.3 192.2 192.1 193.6 194.1 193.9 194.5 194.9 195 195.1 195 195.2 194.7 180.9 171.7 172 172.1 171.5 170.9 170.8 171 170.7 170.3 170.1 170 169.8 169.3 168.5 167.7 167.4 166.9 166.8 167.3 167.7 169.8 177.8 184.9 185.6 182.3 186.5 188 193.1 198.6 205.6 211.7 217.1 221.8 227.4 234.2 239.9 247.3 256.7 264.1 270.6 276.8 282.9 289.8 293.4 300 303.8 307.2 311.1 318.8 327.4 336 342.2 343 340 335.5 327.8 320 315.9 307.5 297.8 309.7 318.7 329.4 342.4
196.5 197.3 197.1 196.6 196 195.9 195.8 195.9 195.8 196 196 196.1 195.4 191.8 172 172.6 172.7 172.2 171.8 172.1 172.5 172.2 171.7 171.3 170.9 170.3 169.5 168.8 168 167.5 167 167 167.6 168.2 177.6 190.4 192.3 190.8 186.1 190.6 192.8 196.3 202.9 209.1 215.2 220.7 225.5 230.7 237.6 244.1 252.9 261.5 267.9 274.5 282.6 291.2 298.2 303.1 309.2 311.3 315.6 319.7 327.6 335.6 343.4 347.8 347.3 343.9 337.1 328.7 323.9 316.7 305 303.9 312.8 322.3 336.9 351.3
203.8 203.9 203.5 201.8 200 198.4 198.7 196.9 196.6 196.9 196.5 197 195.6 192 182.3 173.8 173.8 173.4 173.2 173.6 174 173.5 173.1 172.5 171.7 170.7 169.8 169.1 168.3 167.5 168 167.9 173.3 182.9 193.5 198 196.5 193.2 189.7 193.6 195.9 200.3 206.4 212.4 218.5 223.5 229.5 235.5 242.2 250.5 257.8 265 273.9 281.2 290.6 298.7 304.9 312.5 318.6 321.1 323.9 328.6 335.6 344 350.1 352.4 349.1 343.1 335.2 330.2 324.4 314.6 303.7 309.8 316.3 330.3 345 359.9
208.1 210.9 211.3 210.9 209.5 209.9 208 207 208.4 209.7 209.3 209.3 205.2 198.5 190.8 180.2 175.7 175.1 174.8 175.5 175.5 175 173.9 173.1 172.3 171.3 170.2 169.4 169.3 173.1 179.2 186.1 192.9 198 202.3 201.5 199 195.7 190.7 196.6 199.1 205.1 210.7 216.3 221.8 227.7 234 240.3 247.5 255.9 263.4 270.5 280.1 288.9 299.1 307.5 314.6 323.3 329 332.3 335.6 340.7 347 352.3 354.8 354.1 350.1 341.2 336.3 331.2 323.3 313.1 308.5 315.1 324.5 339.8 353.9 367.7
223.1 224.6 225.4 225.6 224.5 223.4 221.2 221 221.1 220.9 219.2 215.3 210.5 208.2 200.9 192.8 179.5 176.7 177 177.3 177.1 178.1 180.3 182.7 183.6 183.4 183.8 185.8 191.4 193.9 198.6 203.3 206 208 207.3 204.6 201.9 198.8 196.2 198 203 209.2 215.4 221.3 226.5 231.8 238.1 244.3 251.6 259.6 268.6 277.6 287.9 297.2 307.7 316.9 326.5 334.5 339.4 341.5 347 351.8 356.1 358.7 357.6 356.1 351.3 346.3 339.1 331.4 323.5 313.6 314.8 321.8 334.7 348.5 362.9 376.3
238.3 241.5 242.7 241.3 239.9 237.9 234.4 231.2 231.7 228.7 224.4 219.1 209.6 211 208.8 201.1 178.6 178.1 178 182.6 193.5 194.5 194.8 196.3 198.3 199.2 201.1 202.4 205.2 208.3 210.7 212.2 213.2 212.5 210.1 207.3 204.4 201.5 197.1 201.5 205.6 211.7 218.6 224.2 229.4 235.9 241.5 247.7 256.1 264.3 274 284.2 294.9 306.4 315.3 326.6 336.2 343.4 346.5 352 355.8 359.7 362.5 363.9 362.6 359.1 355.2 349.6 342 332.4 322.7 316.1 320.2 329.8 343.2 357.7 372.6 385.1
253.9 255.7 255.3 253.5 250.9 247.1 243.8 241.5 238.3 233 226 219.4 211 210.6 207.7 190.4 180.8 179.7 182.4 194.8 198.1 199.8 200.2 202.3 204.6 207.2 210.2 212.1 214.5 217.2 219.2 219.1 217.7 216.8 212.8 209.8 206.8 203.9 204.8 206.8 210 214.7 221.7 227.3 233.3 239.1 245 252.2 259.1 268.4 279.7 290.4 301.3 312.3 323.1 334.4 345.2 351.1 355.4 360.1 363.5 366.5 369 368.9 367.1 362.2 355.7 349.5 341.4 330.5 322.1 317.9 327.3 338.8 352.2 367 382 393.5
266.2 265.5 264.8 262.5 258.5 254.6 251.3 248.2 243.7 236 226.3 218.7 208.2 203.4 200.2 198.4 182.1 181.6 193.5 200.9 203.6 206.9 206.4 208 210.7 214 217.1 220.2 223.3 224.9 225.7 224.3 222.7 220.9 216.6 212.3 209.8 202.8 207.7 209.5 214.4 219.8 225.9 231.4 236.7 242.2 249.4 256.1 263.7 271.7 282.6 294.1 306 317.8 330.4 340.8 351.1 355.8 360.8 366.1 370.6 372.9 375.3 374 372.4 367.2 357.8 349.7 339.6 331.2 325 323.5 333 346.1 361.5 376.2 389.8 402.5
273.7 273.6 271.9 269.5 266 260.7 256.2 251 243.5 234.3 224.2 215.3 205.9 202.7 201.6 187.7 183 187.6 202.2 206.7 208.4 211 214.3 215.3 217.4 220.6 222.8 225.1 228.2 230 229.6 227.7 226 223.9 219.6 215.6 212.6 210.6 212 215.6 220 224.9 230.4 234.8 239.2 245.3 253 259.4 266.5 274.5 284.7 297.6 310.1 321.9 334.8 345.6 354.8 360.8 366.7 373.3 378.2 381 382.8 381.2 376.3 368.3 358.5 351.2 340.9 332.2 326.2 328.1 339 353.2 366.9 381.4 395.7 409.9
283.2 281 277.5 274.8 270.1 265.5 259.7 251.9 243.3 233.5 223.3 212.3 204.3 202.9 202.8 185.8 183.8 197 206.4 211.5 214.2 217.3 220.6 222.6 224.7 226.4 227.5 228.8 230.5 231.5 232.1 231.1 229.2 226.4 222.5 219 215.6 214.1 215.1 220.3 225.3 230.1 234.8 238 243.6 251.1 257.8 263.2 269.8 277.9 289.2 299.1 311.9 326 337.2 347.5 356 366 376.9 381.5 385.2 388.6 390.2 386.7 378.3 368.9 359.9 352.2 343.5 335.1 328.3 332.5 343.9 356.4 370.1 384.3 400.3 414.4
292.2 288 283.4 278.8 273.6 268.1 260.6 252.7 242.3 232.3 222.8 210.7 204.1 203.2 198.5 186.3 193 203.6 211.2 215.7 220.2 224.3 227.7 229.8 231.3 232.3 233.3 233.9 234.5 234.9 235.7 234.6 232.7 230 225.5 221.5 218.3 218 219.4 224.7 229.6 234.1 237.7 241.6 248.9 256.1 262.4 267.5 274.9 285.9 295.5 303.3 314 326.3 336.5 348.7 359.7 373.9 384 387.7 391.5 394.7 395.9 389.7 380.8 370.9 362.1 354.9 346.8 339.5 331 337 344.9 358.3 372.4 386.1 401.2 414.8
299.3 293.4 288.1 282.7 276.9 269.9 261.2 251.4 241.2 230.7 221.1 211 204.7 203.7 190.7 187.2 200.4 209.1 215.3 219.5 224.7 229.2 234.1 235.6 236.8 238.2 239.2 240.4 241.9 241.5 240.1 238.2 235.8 233.1 229.6 226.5 222.1 223 224.4 229.4 233 237.5 242.2 247.6 254 261.9 266.8 273.2 280.7 290.5 300 307.7 317.1 327.2 338.5 351.8 367.1 382.4 388.8 392.1 396.9 403.3 399.9 392.8 383.3 373.4 363.5 356.5 350.7 343.4 334 339.3 345.4 357.1 372.3 384 398.9 412
303.9 297.4 291.7 286 278.2 270.5 261.1 250.8 240.1 230.2 220.3 209.7 204.4 201.5 195.7 188 204 212.2 218.2 223.2 228.3 233.6 238 240.2 242 243.9 244.6 246.6 249.9 248.1 244.9 241.5 238.9 236.3 233.8 231.6 229.3 224.5 230.3 233.6 237.1 241.1 246.4 253 259.8 266 272 277.4 283.8 293.2 302.3 310.6 319.7 329.4 342.2 357.7 374.7 385.7 391.7 396.2 403.9 408 404.3 396.2 387.3 377.2 366.4 360 354.2 345.4 341.2 343.6 349.3 350.8 364.1 378.2 393.2 405.5
307.8 301 294.5 287.5 280 270.1 259.5 249.3 239.5 229.7 219.8 208.6 205.9 205.4 201.7 189.9 206.3 213.9 220.9 226.1 231.5 236.7 241.4 244.9 247.8 248.3 248.5 250.7 252.6 251.3 247.2 244 241.7 239.4 236.9 235.5 234.1 228.5 232.8 238.3 242.8 247.1 252.2 258.9 265.5 269.9 275.4 280.6 287.1 297.1 305.6 314 322.9 333.8 348.4 364.2 377.2 386.3 393.7 404.5 412.9 414 410.6 402.9 392.1 381.6 372.2 364 356.4 344.1 346.9 348.1 356.3 362.2 362.3 368.9 384.2 398.7
