data/310000-790000.asc
ncols 200
nrows 200
xllcorner 310000
yllcorner 790000
cellsize 50
[rows 35 to 69 of 200, columns 0 to 77 of 200]
904.1 884.1 862.6 845 829.9 819.6 810.6 801.1 787.7 775.8 770.2 766.1 762.5 758.5 750.9 741.4 725.2 721.3 713.2 705.6 701 693.1 682.9 672.8 665.3 660.5 655.9 647.6 641.3 648.6 659.5 673.5 695.2 717.6 730.4 731.7 727.8 724.3 727.2 732.9 738.5 742.5 746.9 754.2 761.1 764.3 774.3 780.8 787.7 796.9 813.5 827.7 841.8 855.8 868.6 881.9 896.1 911.8 926.9 940.3 951.3 960.4 967.7 972.6 970.8 964.9 956.3 948.2 939.6 932 924.4 917.3 910.1 901.4 890.7 877.8 864 850.6
900.2 878.2 858.4 839.1 821.5 808.1 800 790.4 777.2 763.3 754.5 756.1 754.7 752.2 747.3 739.8 725.3 709.5 703 699.9 694.7 686.4 677 668.8 661.9 659.2 654.6 649.6 641.7 640.4 646.5 658.3 673.6 696.2 710.9 713.2 711.5 709.3 713.8 721.8 725.6 727.2 727.5 735.5 741.3 753.2 761.1 775.3 791.2 804.5 819.1 833.2 847 861.6 874.9 888.1 901.1 916 929.5 943.1 952.5 960 965.5 966.2 961.1 955 947 936.7 925 916.1 909 902.1 894.8 886.5 875.9 862.5 850.6 835.5
898 873.7 851.6 834.1 817.1 800.8 789 779.3 767.1 754.2 746.2 746 746.2 746.3 742.6 735.4 721.9 707.1 698.4 694.4 689.1 679.4 670.7 663.8 659.3 656.4 654.4 649.8 642 636.7 638.3 644.7 657.7 678.5 692.5 697.7 698.4 697.3 703.5 706.4 705.3 706.1 716.2 732.7 745.5 759 770.7 786 799.4 811.6 825.5 839.7 853.8 867.6 880.6 892.1 904.8 917.4 928.7 940.9 947.7 952.8 956.7 955.1 950.2 943.1 931.1 920.3 908.7 897.5 888.5 882.1 875.6 867.6 858.7 846.5 833 815.7
895.1 868.2 848.1 828.3 812 796.2 781.7 764.7 756.6 747.8 739.7 738.2 738.9 739.3 736 728.5 716.7 703.7 696 688.6 682.2 673.1 665.2 659.6 656.9 654.9 654.2 649 639.9 636.7 635.1 636.7 646.7 662 676.8 686.5 689 684.9 684 686.1 700.3 717.4 733.7 746.7 758.9 769.3 780.6 792 804.1 816.8 830.8 844.8 858.7 872.8 884.1 894.4 905.6 916.3 924.4 931.1 938.3 942.8 946.5 944.3 938.6 931 918.9 906.3 891.4 879.1 870.4 863.3 857.8 851 841.8 831 817.2 796.7
891.8 863 841.3 824.3 808.1 792.3 778.5 762.3 747 740.3 734 730.8 730.6 730.4 726.4 721.2 712.1 699.6 690.9 681.2 672.8 666.3 660 655.2 653.9 652.9 651.6 647.8 640.3 635.2 631.8 633.2 638.8 648.7 662.4 672.7 677.2 666.6 677.1 693.9 711.4 727.7 741.2 754.8 766.6 777.2 788.6 801.2 812.2 822.4 835 849.8 863.9 874.9 884.8 892.7 901.7 910.2 916.5 922.4 927.1 931.3 933.7 930.1 925.9 917.8 905.7 891.9 874.9 861.7 852.9 845.5 839.5 833.4 827.1 816.8 801.1 777.7
893.3 861.3 839.5 822 805.5 788.7 772.4 757 742.6 733.7 728.4 724.5 720.9 720.6 716.7 711.8 703.2 692.5 685.1 674.7 664.5 658.8 654.1 651.4 652.7 651.4 650.2 648 642.5 638 632.4 629.8 631.6 640.3 650.4 659.1 662.8 669.1 684.1 699.6 717.5 733.4 748 763.1 773.9 785.9 798.5 810.4 819.6 830.1 842.5 854.8 863.2 873.7 881.5 887.8 894.5 899.3 905.9 910.3 914.9 918.8 920 917.7 912.1 901.9 887.2 872 856.9 844.4 836.2 827.6 821 813.9 806.4 795.8 774.6 749.8
897.7 859.3 838 819.7 802.6 784.3 767.9 752 737.7 729.7 722.1 717.3 711.6 708.7 704.9 700.5 692.6 685.4 678.6 668.6 659.5 654.1 651.2 648.7 648.4 647.8 647.5 647.1 643.3 636.1 630.9 627.9 628.8 636.3 642.1 646.7 655.9 671.4 686.4 703.7 722.1 739.6 756.7 771.8 785.4 797.2 809.8 820.3 829.3 838.7 847.9 855.1 861.5 868.4 874.6 878.4 882.1 887.4 892.1 895.4 899.3 903.4 906.7 903.7 896.6 884.2 869.1 852.9 837.4 824.1 815.5 808.3 800.6 792.2 784.3 765.8 745.1 718.6
887 859.8 839.3 820.5 802.3 784.2 765.4 747.6 733.8 724.6 716.5 710.6 704.3 698.3 695 690.9 684.9 678.5 670.9 663 655.8 650.6 648 646.1 645.4 645.7 645.5 645.5 642.9 636.5 629.6 626.8 625.7 631.3 638.5 647.2 657.9 671.7 688.6 708.1 729.3 748.4 765.7 780.7 794.2 807.4 819.6 831.1 838.1 844.2 849 852.5 855.9 859.3 862.6 865.6 869.2 874.3 877.5 880.9 885.5 888.1 889.8 887.5 876.5 864.4 851.2 836.2 819.3 804.8 793.5 786 778.1 769.6 754.6 734.3 711.4 686
900.7 868.5 844.6 823.6 804.7 786.2 765.5 744.1 730.5 720.2 710.6 704.3 694.7 689.5 685.8 682.3 678.2 671.7 664.8 658.8 652.5 647.4 645.5 643.5 643.1 643.8 643.8 644.4 641.8 636.9 629.2 623.6 625.5 631 635.8 645.1 657.2 671.5 690.7 711.8 733.6 753.6 772.1 786.8 801.2 814 826.1 838 842.4 844.8 846.5 847.1 846.5 848.2 850.7 853.2 855.1 857.3 859.9 863.1 866.1 869.2 870.3 865.6 855.9 845.8 834.1 819.3 802.5 787.7 774.7 762.7 755.1 744.5 728.5 706 682.2 657.2
925.8 883.8 853.7 828.6 806.5 786.8 765.6 742.1 726.2 713.6 704.6 696.3 686.4 679.3 677 675.7 672.2 666.7 660.5 655.1 650.1 645.2 642.5 641.1 640.8 641.6 642.1 643.4 640.2 635.5 629.8 624.5 623.3 629.5 633.9 644.3 658.2 674.5 693.4 714.4 734.9 755.3 773.5 789.1 805.1 817.4 828 836.5 840.5 840.9 840.5 838.1 835.1 834.7 837.3 840 840.5 841.6 841.5 841.2 844.8 847.9 847.8 842.9 834.6 826 815.2 802.2 786 769.9 753.6 740.8 732.7 719.6 701.8 679.7 656.9 633.5
937.7 904 864.4 833.6 809 784.2 762.1 738.3 720.2 708.4 698.4 692.4 684.6 672.1 663.4 663.1 665.4 661.9 657.3 652.7 647.7 642.8 640.2 638.7 638.5 639.5 641.2 642.1 639.2 634.8 627.6 624.6 621 626.4 632.3 644.2 659.4 674.2 693.1 714.3 734.7 754.8 773.8 788.5 804.7 817.2 825.4 829.7 832.8 833.6 830.5 826.4 821.9 820.7 821.6 821.9 823.2 822.4 821.7 822.4 824 824.5 823.7 819.6 813.4 805 795.2 781.9 766.7 750.9 732.9 718.8 708.5 695.4 679.1 657.9 636.1 614.2
939.8 905.3 868.4 835.9 807.6 780.5 758.4 732.7 714.8 701.9 693.9 686.7 680.9 672.4 666.8 663.2 655.6 655.3 654.2 650.3 645.4 640.5 637.7 636.1 635.8 637.8 639.9 640.2 637.7 634.1 625.5 621.8 618.9 623.1 629.9 641.8 656.8 673.8 690 711.1 732.1 752 771.6 785.7 800.2 813 820.2 822.5 821.4 820.7 816.9 811.7 805.8 801.6 798.8 802.4 803.5 802.7 801.2 800.8 800.4 799.4 796 793.2 789.5 783.1 772 759 745 728.3 711.6 698.4 684.9 674.1 658.1 637.4 617.1 596.2
929.3 903.3 866.2 832.6 801.6 774.9 752.1 725.9 707.8 697.7 689.9 682.3 672.5 669 665.7 662.5 656.9 647.3 648.5 648.5 643.7 637.7 634.6 633.2 632.3 635.4 637.7 637.3 634.9 630.1 623.9 619.9 617 620.9 628.7 640.6 653.5 667.2 685.2 706.8 729.8 748.1 767 781.7 793.5 803.8 810.1 810.3 806.5 804.7 801.2 795.5 790 783.7 777.8 780.7 781.8 781.3 777.6 776.6 775.9 772.1 770.2 768.3 766.7 759.7 748 735.2 721.2 707.7 694.8 680.4 664.3 652.3 637.3 618.4 596.5 577.9
918.4 897.3 862.2 829.3 795.9 766.8 745.7 723.4 704.9 693.9 685.6 677.6 672.1 666.2 664.6 661.5 655.6 647.1 641 643.2 641.8 634.5 632.3 630.3 629.1 632.2 634.2 633.7 631.2 626.8 620.9 616.8 615.3 620.2 627.4 640 654.2 667.9 680.3 705.4 726.4 744.9 762.2 776.3 786.3 793 795.2 794.1 791.2 787.8 784.6 779.5 774 767.1 762.4 761.1 758.8 758.2 756 751.9 749.6 747.1 744.7 743.6 743.5 737 726.7 715.1 701.9 687.8 672.7 657.3 642.6 628.6 615 599.1 582.3 579
906.3 889.1 857.7 824.5 793.7 765 742.8 722.8 704.3 692.4 683.2 677.7 673.4 669.6 664.7 660.6 655.1 646.8 636.7 637.2 637.3 632.8 629.1 626.1 625.7 627.7 629.7 628.5 627.3 622.9 616.8 614.2 614.1 619.7 628 642.5 660.1 674.4 689.7 708.6 729.2 747.7 762 769 777.3 783 784.9 784.1 780.5 776 772.3 768.2 762.1 755.3 750 746.7 742.9 738.4 733.2 730.2 727.1 725.3 723.5 722.4 721.8 715 705.7 694.1 678.8 664.6 649.8 635.5 622.3 611.2 597.8 589 576.2 581.9
889.1 880.9 853.5 820.3 789.5 763.8 742.5 722.4 704.9 694.1 685.2 680.4 675.4 670.1 665.7 660.7 654 645.2 637.3 630.5 631.6 628.6 625.5 622.2 621.6 622.9 625 622.8 623 618.1 614.4 611.9 613.9 619.1 629.7 645.1 665.5 681.6 698.9 717.2 735.4 751.3 764.6 772.4 776.7 778.5 777.7 776.3 773.2 771.5 764.5 760.7 754.2 747 739.8 735.5 733.1 726.9 718.2 713.2 710 707.7 704.7 702.9 698.7 693.2 682.8 671.3 661.3 646.9 631.8 617.8 603 596.6 594.8 586.5 578.7 580.5
871.7 867.4 847.3 818.9 790 764 742.7 725.6 708.4 697.9 687.6 682.1 677.1 670.8 663.4 657.3 650.4 644.9 637.2 629.6 625.7 625.4 622.1 618.5 617.2 618.9 618.6 615.6 615.3 612.9 610.5 610.4 613.2 620 631.5 648.5 668 687.3 705.1 722.8 740.8 755.3 767.7 774.9 778.3 779.8 776.5 765.7 764.2 764.6 760.6 753.5 747.8 739.9 731.6 724.7 716.4 704.3 697.5 686.6 686 686.5 685.1 682 677.3 672.4 663.4 654.7 643.6 629.7 617.6 604.2 597.6 593.2 592.8 585.6 581.2 581.2
855.7 856.1 841.9 819.6 791.8 768.2 747.2 730.2 713.7 702.8 693.2 685.3 678.3 669.8 662 654.1 648.1 642.7 637.5 630.4 622.1 622 619.5 615.2 612.2 612.7 612.8 609.6 609.4 609.9 608.3 609.5 612.4 621.3 634.5 651.5 671.7 691.6 710.9 729 746 760.4 772.5 778.3 782.8 783 780.1 772.8 766.7 755.2 751.9 749.9 744.5 734.5 723.8 719.6 714.1 702.1 691.4 679 669.5 665.9 664.2 661.9 657.9 652 644.4 636.1 627.3 616.9 607.5 598.1 592.5 593 588.2 578.9 582.3 583.1
833.5 842.2 838.5 816.2 793.3 771.2 752.1 734.8 719.6 707.5 698.7 689.6 679.4 670.3 661 652.3 648.5 645.8 641.5 634.9 627.4 617.2 616.6 613.3 611.3 608.5 607.7 607.8 608.1 607.7 607 609.8 613.3 623.3 637.5 654.5 674.5 694.6 715.7 734.2 751.1 765.1 775.4 780.9 783.3 782.7 780.4 773.7 766.2 755.3 743.7 739.1 738.5 730.3 722.5 719.9 713.1 701.3 687.3 673.5 660.5 649.6 643 640.9 638.9 632.5 626.7 620.9 616.9 610.3 601 591.6 588.9 584.9 581.5 584.8 584.3 584.8
806.9 820.1 827.3 810.9 791.6 773.3 756.5 739.2 726.5 713.2 703.5 694.9 681.7 672.3 663.2 654.3 649.4 647 644.6 639.2 631.5 622.6 614.8 612.2 609.9 607.3 605.1 605.6 605.5 604.5 606.3 610.1 614.1 624.9 639.1 655 675.4 697.6 718.8 737.3 754.1 768.2 777.4 780.8 781.6 781.3 778.4 772.6 764.6 755.1 737.7 725.5 725.7 724.8 717.3 715.1 709 698.3 684.2 667.5 651.9 643.7 638 631.4 627.9 623.2 618.1 614.3 609.2 604.1 595.2 592.4 590.4 583.9 582.5 587.6 586.3 586.2
787.3 805.7 818.7 806.3 791.1 776 759.8 742.8 730.4 719.8 710.2 701.5 687.6 675 665.9 656.8 649.1 646.2 643.5 639.7 632.8 624.8 615.3 610.6 608 605.6 605 604.4 602.8 604.7 606.1 609.6 614.2 625.7 639.5 654.8 676.1 698.9 721.9 738.7 756.3 768.6 775.1 778.1 778.6 778.4 775 769.5 759.7 752.2 738.5 723.2 711.4 714.5 709.5 702.7 698.6 690.7 681.2 667.5 652.8 645 638.4 628.6 619.3 615.2 615.4 610.6 604.6 596.7 591.8 590.3 588.9 584.7 583.5 587.4 587.7 587.8
772 800.6 806.4 799.1 788.1 775.4 761.9 747.8 741 730.2 717.2 703.9 692.2 681 668.3 658.2 650 644.5 640.6 636.2 630.6 624.5 615.9 610.3 606.5 606.6 602.6 599.6 601.3 604.7 606.6 610.5 616.1 626.5 640.4 656.5 676.4 700 723.9 740.3 754.8 765.1 770.2 773.4 774.7 772 766.6 760 748.4 738.1 727.7 718.1 705 701.8 695.2 690.6 690.6 685.6 676.6 665.2 653.2 643.7 638 627 617.1 618.5 615.1 604.2 597.3 596.4 592 589.5 588.3 589 585.5 589 589 589.1
759.1 776.8 786.4 787.7 784.6 775.5 769.1 761 752.3 742.5 725.8 706.8 693.3 681.2 668.6 658 649.1 641.9 637.2 632.5 627.3 620.8 614.4 610 605.3 602.2 598.5 599.4 601.8 604.3 607.2 610.7 617.1 626.9 641.3 658.4 677.6 700.6 723.4 738.9 749.9 759.2 761.5 762.8 764.2 759.5 753.9 747.5 739.7 733.6 724.3 711.7 696.6 681.9 681.2 675.8 677.3 671.1 668.5 656.5 646.1 632.2 625.9 626.2 619 614.6 611.9 604.5 597.7 593.7 593 590.1 587.4 588.1 590.8 592.2 592.2 592
743.3 754.6 763.6 774 780.4 783.1 781.1 775.4 766.9 750.8 732.2 711.2 694.2 679.9 668.9 657.5 646.9 639.4 634.8 629.6 624.5 617.2 610.7 607.6 603.1 598.7 597.5 599.8 608.2 607.8 607.6 612.1 619.6 628.1 640.8 657.5 675.3 698 721.4 735.7 745.1 752.4 754.7 756.1 755.6 752.3 745.7 739.3 730.8 721.9 710 696.1 688.9 684.8 676.9 673.5 668.9 668.2 657.4 653.4 645.8 634.8 631.9 626.7 619.5 610.1 606.7 599.6 595.1 593.5 593.6 591.4 592.2 594.4 595.3 593.6 593.4 594.2
729.2 735.3 741.9 752.9 771 786 792.3 789.6 777.1 756.8 733.7 713.7 695 680.2 668.5 655.4 644.9 637 631.9 626.7 621.4 614.7 607.8 605 597.4 596.5 595.2 604.9 610.4 608.7 609.5 612.7 620.7 628.6 639 654.3 671.3 694.9 715.6 728.6 736.3 742.9 745.1 746.1 746.6 741.2 735.5 730.6 720.6 712.2 700.3 692.5 684.7 679 675.5 675.3 672.7 668.7 661.8 652 645.8 640.4 635.3 624.8 617.2 605.5 599.8 598.9 598.4 596.9 594.8 595.8 596.6 598 598.1 595.5 593.8 591.6
727.2 718.1 724.5 736.9 757.5 778.9 797.1 799 781.3 758 733.5 712.1 694.4 680.3 667.8 653.3 642 634 628.3 623.1 619.6 613.2 605.3 600.8 595.8 593.8 593.7 609.7 609.5 607.3 608.8 614.2 620.3 627.8 637 651 667.4 689 707.1 717.7 725.9 730.9 735.7 732.6 733.1 726.4 720.7 715.1 709.9 698.1 689.6 684.4 679.2 675.6 671.8 671 669 665.1 652.9 647.1 642.6 631 624.6 615.5 608.5 602.5 601.8 600.4 599.5 599.2 599.1 602.8 602.1 601.6 600.7 599.5 598.4 596.4
723.7 705.6 707.4 721.6 742.4 767.2 789.9 798.3 778.6 754.2 729.1 708.3 690.5 675.7 663.9 650.1 638.5 630.7 625.2 621.5 617.7 612.3 603.3 595.5 592.5 591.7 604.1 604.6 604.9 604.3 605.4 610.1 619 627.5 636.6 644.4 660.8 682.5 697.7 707.4 710.7 713.7 722.8 724.3 717.6 710 701.8 695.5 691.4 684.1 680.3 676.5 672.2 668 664.8 662.6 658.4 655.3 646.1 641 634.6 630.7 609.6 609.2 604.9 605.1 603.9 606.5 606.5 606.3 608.9 609.9 609.7 608.2 605.5 603.6 602.5 599.9
713 700.7 688.7 707.1 729.5 756.1 779.6 787.6 770.9 746.8 723.5 703.7 685.7 670.8 659.9 646.4 635.4 627.5 622.6 618.9 614.8 610.7 604.4 594.7 590.1 599.3 602.1 602.1 600.7 601.7 603.5 606.1 614 623.9 633.8 641.5 655 671.3 687.2 691 699.9 699.7 704.5 703 698.5 688.3 685.1 680.1 673.7 675.2 668.8 667 662.1 657.9 655.3 653.8 653 653.7 652.6 648.7 647.7 641.5 633.9 625.8 619 614 612.8 612.7 611.1 615.9 619.2 618 617.1 613.9 611.1 607.2 606 602
699.7 691.7 679.1 694.2 718.6 747 772.3 779.6 761.2 737.7 713.7 694.8 678 664.3 652.3 640.4 631.3 624.4 620 615.9 611.7 607.7 603.5 598.8 589.5 590.5 598.7 598 598 599.6 601.3 605.5 610.1 619.8 628.1 634.1 649 663.1 674.5 675 678.9 677.5 685 683.4 682.9 675.6 673.7 669.8 666.9 665.1 661.5 659.3 656.3 658.7 661.6 666 670.2 670.1 666.9 666.2 662.1 655.7 649.7 642.6 634.2 626.5 622.2 618.2 624.8 628.1 627.4 625.1 623 619.5 616 611.6 609 605.5
685.6 680.1 671.1 684.4 711 740.4 768.1 770.6 750 728.1 705 685.4 669.8 656.3 642.8 634.7 626.2 619.8 615.9 612.4 608.7 605.2 602.3 598.9 588.5 588.4 592.9 595.8 596 597.5 601.4 605.3 610.3 616.1 623.5 630.3 642.4 656.3 664.6 666.2 667 670.3 669.6 668.9 669 672.7 664.7 663.1 661.6 659.8 660.7 663 667.6 671.5 677.8 682 685.2 685.9 685.8 684.4 679.3 671.2 665.4 659 648.7 639.9 634.6 638.1 639.3 638.4 635.8 633.6 628.7 625.2 620.2 613.6 611.6 606.8
670.5 666.9 655.6 676.8 705.6 735.7 759.7 755.9 737 715.1 693.8 674.7 659.7 644.9 634.7 627.3 621.9 616.6 612.5 608.6 605.2 603.1 602 599.7 593.1 587.2 585.6 590.9 593.3 595.2 599.9 604.2 609.3 616.2 623.9 629.9 635.3 646.9 660.4 661.7 662.8 662.4 663.6 664.7 663.5 663.4 663 660 661.3 663.2 668.3 673.1 679.7 684.9 689.7 694.1 697.4 697.8 697.6 696.7 694.3 686.7 678.3 671.4 664 657.2 653.8 652.7 650.3 647.5 644.3 640.7 634.7 630.4 623.9 616.6 614 609.5
655.7 652.3 651.9 673.1 702.2 731.5 747.6 739.6 720.8 703.4 682.7 664.7 647.9 635.7 628.9 623.4 618.2 614 609.8 606.3 603.5 602.4 601.3 599.7 594.1 589.2 584.3 585.4 589.2 592.5 597.3 601.6 605.4 613.5 622.7 630.9 636.4 641.8 650.3 654.5 658.6 657.2 653.8 653.8 656.4 659.7 662.1 664.9 667.8 671.7 678.3 683.8 689.7 694.2 699.2 703.2 705.5 707.8 707.4 705.6 702.2 697.1 691.2 684.4 678.4 672.7 667.9 664 659.9 656.4 653.2 649 643.6 638.2 631.4 623.2 617.5 611.8
646.4 642.7 647.9 670.9 699.1 725.7 736.2 723.4 706.1 688.1 670.7 653.6 638.4 628.7 623.6 618.6 614.9 611.2 607.3 604.4 602.9 601.7 600.6 599.2 595.6 589.2 583 583.3 588.2 590.6 594.3 596.5 601.7 610.9 620.8 629.7 637.8 645 646.9 648 648.4 649.9 649.7 653 656.1 661.3 667.1 671.1 674.8 681 685.7 691.8 696.8 700.9 705.9 710.6 715.4 717.8 718.4 716.1 713 710 708.6 700.7 691.4 684.8 680.1 675.8 673.3 669.5 661.8 656.6 651.4 645.9 638.4 630.2 623.1 613.6
640 634.1 646.1 668.5 694.7 715.4 717.2 704.9 686.7 674.3 658.2 644 630.3 622.1 615.1 613.8 611.6 608.4 605.5 604.1 602.7 601.4 600.1 598.9 595.9 591 583.6 581.2 585.8 587.3 591.4 595.8 601.3 610 618.8 627.7 635.7 643.5 646 647.8 649.3 652.1 655.7 660.4 663.9 667.8 672.5 676.9 681.5 686.1 691.6 698.1 701.5 705.3 709.9 714.6 719.4 723.6 724 723.7 722.2 718.8 716.8 708.8 700.3 695.3 689.5 686.4 682.9 680.3 674 663.8 657.4 651.8 645.3 636 627.2 617.2
636.8 628.2 641.9 664.9 686.9 696.4 688.2 681.1 671 657.1 644.9 635.6 624.9 617.2 610.5 609.3 607.9 606 604.4 603.2 601.6 600.3 599.4 598.5 597.2 593.2 584.8 580.3 582.3 584.1 589.6 594.5 600.2 609.3 617.6 625 632.3 639.3 643.2 647.2 651.9 656.9 660.9 665.4 668.6 672.4 676.2 679.8 684.8 689.9 695.7 700.3 703.3 706.2 710 715.2 719.6 723.1 723.6 724.2 723.3 721.9 718.9 713.1 707.7 702.8 698.3 695.1 692.1 689.6 684.8 675.2 664.7 655.7 650 638.8 628.7 619.5
