data/310000-780000.asc
ncols 200
nrows 200
xllcorner 310000
yllcorner 780000
cellsize 50
[rows 70 to 104 of 200, columns 0 to 77 of 200]
615.3 615.4 616.4 619.1 622.8 626.5 631.4 636.5 639.8 643.5 648.6 652.8 657 659.9 661.1 661.6 663.2 656.9 652.1 651 652.7 655.1 655.5 656.5 658.9 662.3 665.1 668.4 673.1 676.8 680.9 680.1 677.4 674.3 669.3 665.8 665.6 664.2 663.6 667.5 671.1 676.1 683.1 690.7 697.3 703.7 708.9 713.1 716.1 720.3 724.6 727.9 732.4 738.6 745.3 755.2 765.5 776 787.3 796.1 801.9 803.7 799.9 790.9 780.2 769.5 758.4 745.9 731.6 714.3 704.5 700.4 696.2 696.6 697 697 694.3 688.7
606.8 605 605.6 611.4 615 618.3 621.6 626.5 631.1 635.5 639.7 644.1 649.2 654.1 657.1 659.2 658.4 655.9 655 653.4 655 657.1 660.1 662.4 666.4 671.6 678 684.1 689 695.5 697.8 696.5 693.5 689.3 684.1 677.9 675.3 673.1 674 676.5 679.7 685.5 693.9 702.2 710.3 715.9 720.3 724.5 728.6 733.5 738 741.6 745.8 750.3 756 763.2 776.1 786.7 794.7 800.4 804.6 804.3 798 787.1 776.7 765.9 753.3 739.8 723.7 707.6 696.9 689.3 684.7 682.8 682.5 681.3 679.1 675
596.9 593.7 592.1 600.7 605.9 608.7 611.6 616.3 621.6 626.4 632.5 637.5 642.9 647.7 650.3 652 651.6 653.7 655 656.2 657.9 660.2 664.3 669.9 676.7 682.9 691.5 700.8 706 708.3 707.4 705.3 702.4 698.2 693.1 688.4 685.2 683.9 684 686.6 691.1 698.9 705.6 714 721.3 728.2 734.9 740.8 746.3 751.2 753.9 756.8 760.1 764.9 769.5 778.4 789 794.5 800.9 803.5 805.1 801.9 793.9 782.8 771.4 760 747.4 733.6 718.4 703.2 690 675.4 669.5 667.9 666.8 665.8 663.7 660.9
585.7 581.2 581.4 588.5 594.2 599 601.5 606.2 611.6 618.4 626.7 632.3 636.8 639.5 642.2 645.7 649.1 655.5 659.2 657.7 660.8 664.5 672.5 682.9 689.7 697.8 708.3 715.4 718 718.7 716.6 714.3 710.8 706.8 702.8 699.1 697.7 697.2 698.8 702.5 706.8 712.1 718.2 725.1 732.9 742.4 751.5 758.9 764.8 769.7 773.1 776.2 779.1 781.1 784.2 790.5 797.2 801.7 806.1 807.3 803.9 797.1 787.5 776.1 764.6 753.9 740.8 727.5 713.1 699.1 684.8 670 656.6 650.7 650.9 650.4 649.2 646.2
576.1 571.5 567 575.3 582.1 588.3 591.4 596.9 603.3 610.9 621.3 625.9 627.9 630.8 639.6 647.7 654.1 661.5 663.8 661.4 666.9 674.4 687.4 700.3 708.6 716.5 724.9 730.8 731.3 730.2 728.1 725.7 721.4 718 715.2 713.3 714.7 717.1 719.1 721 722.4 726.6 729.3 737.4 749.1 758.5 766.3 773.9 782.8 790 794.5 797.9 797.4 795.8 798 801.3 804.4 808 810.3 808.6 801.7 792.6 782.3 772.1 760.8 748.4 735.6 722.1 708 694 680.2 666.5 650.8 631.6 636.2 635.9 635.2 632
564.6 559.6 554.7 560.5 569.1 574 579.9 587.1 596 609.7 618 621.6 625.8 634.7 644.7 653.8 659.4 663.8 665 669.7 677.7 691.7 702.9 713.6 723.5 731.7 737.8 741.1 742.6 741.8 739.5 735.4 732.5 730.4 728.7 729 733.9 735.9 737.3 739.3 740 741.5 746.1 753.8 763 772.9 780.8 788.3 797 807.1 811.1 810.3 808.4 805.7 806.8 809.3 810.3 812.9 811.9 806.1 798 788.1 777.9 767.7 755.8 743.3 730.4 717.5 704.1 690.4 676.9 663.3 647.2 629.6 613.2 615.1 617 615.4
549.8 549.3 541.1 546.8 550.7 567.8 576.7 584.9 598.2 607.2 615 622 630.1 637 646.6 655.1 660.3 663.6 668.6 678.2 694.4 706.2 715.5 726.3 734.1 741 746.8 750.6 751.8 751.7 747.2 744.4 742.1 742.2 742.7 746.2 748.1 748.8 749.3 748.3 750.6 754.7 758.8 765.6 773.6 783 791.5 801 810.3 817.7 819.6 819 817 815.8 815.4 815.1 813.9 812.7 807.4 799.4 790.4 780.4 770.5 759.8 749.1 737.3 726.7 714.9 701.3 687.1 673.7 656.7 639.4 626.3 613.2 592.7 597.8 598.7
537.1 537.1 531.4 544.6 561.3 570.5 577.9 587.3 602 609.1 614.9 622.9 631.5 638.1 645.7 652.4 659.8 665.9 675.2 690.3 704.7 714.8 724.4 732.3 739.4 745.4 749.9 753.7 755.5 756.7 753.7 752.3 751.2 750.2 752.3 754 755.5 756.9 755.1 755.4 756.9 761.3 765 772 780.3 789.6 799 809.9 820.5 825.8 826.3 825 823.3 821.8 819.9 817.2 812.5 805.9 798.5 791.2 782.6 772.8 762.1 751.7 740.3 730.2 720.7 708.3 694.6 680.7 665.4 649.5 635 623.3 607.9 591.9 573.6 582.1
525.1 525.7 529.5 551.9 563.7 570.5 579.2 591.4 601.8 608.4 614.8 624.1 630.1 636.3 642.6 650.7 659.8 670 683.3 698.4 709.9 719 727.7 735.8 743 747.8 751.6 755.9 758.9 757.6 757.1 755.7 752.9 752.1 751.3 752.6 753.3 753.4 752.5 753.5 755.5 761.6 766.7 773.7 781.8 791.6 801.7 812.3 821.7 827.6 827.5 825.3 824.7 823.9 823.2 818.9 810.2 802.1 794.1 785.3 776.3 768 757.3 744.8 732.4 722.5 708.5 695.9 683.7 670.5 655.7 643.5 629.5 614.7 598.8 584 569.9 564.3
515.9 515.1 536.3 554.9 563.6 571.8 581.1 592.4 598.2 604.1 611.5 618.7 625.6 632.2 639 648.3 658.9 671.7 686.4 698.6 710.2 720.2 728.7 735.4 741.7 745.1 748 751.4 753.5 754.3 753.6 751.6 749.5 748.2 746.4 745.5 745 744.7 745.3 747.5 749.7 755.8 762.3 769.8 779.8 789.7 799.7 808.9 815.1 820.2 822.4 822 823.7 824.6 823.2 817.2 807.7 799 790.2 780.6 768.8 758.7 747.6 736.6 724.4 711.4 695.6 682.4 671 659 645.3 631.7 619.4 604 592.4 579.6 566.7 547.9
500.6 519.6 537.9 553.2 559.5 567.7 582.8 590.5 593.5 597.4 604 611.1 618.9 628 636.4 646.1 659.8 672.4 685.4 698 709.4 719.2 726 731.5 736.1 739.4 742.9 745.2 746 746.7 745.8 744.1 742.6 740.5 738.7 736 735.4 734.9 736.4 737.6 741.3 747.2 754.5 762.4 771.5 781.9 792.6 801.5 808 811.7 814.4 817 818.4 818 816.2 811.4 802.9 793.8 785 776.6 764.5 752.4 740.7 728 713 698.1 682.6 670.8 660.2 647.8 637.2 625.5 614.6 600.3 587.1 575 561.6 548.9
502.2 516.1 534.5 546 554 565.1 578.9 582.9 586.7 589.8 595 602.4 612.5 622.3 633.3 645.7 659 674.8 685.4 697.4 708.4 715.7 721.1 725.4 729.7 732 734.9 737.4 738.4 738.5 737.1 734.2 732 729.4 726.9 724.6 723 722.3 723.5 726.5 731.3 737.9 745.9 753.8 762.3 771.4 780.9 788.9 796.7 802.1 806.1 809.3 810.9 810.2 807.3 803.1 796 788 780.2 771 759.7 747.2 731 716 699.7 685.1 673 662.5 651.6 642 632.2 619.7 606.4 593.5 580.4 569.3 555.6 543.2
494.2 509.2 526 536.2 546.6 559.5 569.1 574.6 577.2 580.4 583.2 595.1 606.5 618.1 631.9 646.2 660.9 677.5 685.3 695.7 706.5 711.8 714.2 718.3 721 722.8 725.1 727.8 729.7 729.5 728 725 721.4 717.6 714.8 712.9 711.2 710.1 711 715.3 720.1 727 735.1 743.7 751.9 760.8 769.5 777.3 784.8 791.4 795.3 798.4 800.6 800.9 799.3 794.8 788.4 781.4 773.7 764.9 755 741 726.9 713.4 698.1 681.4 666.9 656.2 645.6 633.3 621.3 609.5 597 585.4 574 561.6 548.9 537.1
487.4 497.8 511.5 523.9 536.5 546.6 554.9 562 566.5 569.2 579.2 591.8 604.5 616.6 633.4 649.6 665.3 678.6 685.9 693.9 701.8 704.3 705.6 708.3 710.9 712.1 713.2 716.3 719.6 720.4 718.3 715.2 711.2 707.7 705.3 703.5 701.9 702.7 704 705.8 710.1 716.4 725.1 733.8 742 750 757.8 765.6 773 779.5 783.7 787 790.2 791.2 789.8 786.5 781.3 774.9 767.5 759.8 749.3 735.2 724 709.7 695.3 678.2 662 651.3 640.5 627.6 614.4 599.9 589.1 578.1 566.3 554.5 541.7 528.3
481.7 489.2 499.3 508.5 521.7 531.8 540.7 549.6 555.2 562.7 577.1 590.2 603.9 619.4 637.5 654 668.6 677.7 684.8 692.4 697.8 697.1 697.1 698.8 699.8 701.1 701.4 703.4 707.2 709 705.2 701.1 699.8 697.8 696.8 696.3 695.7 697 697.5 698.5 701.5 707.3 714.2 722.4 729.7 737.5 745.5 754 761.7 767.2 772.1 776.1 779.7 780.9 779.9 777.2 773.2 768.7 761 752.4 741.8 730.4 719.1 704.3 689.3 674.1 658.6 647.4 637.1 624.6 611.7 598.5 583.3 570.9 556.4 540.7 528.3 512.6
476.4 483.7 491.2 498.9 509.4 518.6 528.2 539.4 542.8 559.6 574.9 588.8 605.8 623.4 640.1 655.7 670.4 677.2 684 689.7 690.8 689.5 687.1 688.1 687.1 689.3 689.9 689.2 691.4 691.5 690 688.4 689.4 689.4 688.8 688 688.7 689.2 690 691.7 694 698.7 704.8 710.3 717.5 724.8 733.6 742 750.3 756.6 762.2 766.2 769.7 771.5 770 767.3 763.9 759.5 752.3 743.4 734 723.8 712.1 698.4 683.2 669.5 656.9 645.2 634.9 622.7 610.1 599.2 585.2 572.7 557.4 540.8 522.5 504.2
472 478.5 485.6 492.7 500.5 508.9 517.3 526.3 540.8 557.5 573.1 591.4 608.6 626.2 642.7 656.8 671.8 677.4 679 681.7 681.3 678.3 676.7 675.6 673.8 674.7 677.4 678.4 676.5 677.7 678.6 678.1 678.1 678.9 679.3 680.2 680.9 681.5 683.2 685.1 687.2 690.7 695.5 700.6 706.3 714 721.5 729.6 739.2 747.2 752.8 757 760.5 761.7 759.7 757.1 754.2 749.6 742.2 734.1 724.3 714.1 704 692.6 679.7 667.7 655.5 645.3 633.5 620.9 609.4 598.3 587.5 573.7 560.7 544.4 524.1 502
469 474.5 480.9 486.8 494.5 501.3 510.1 524.6 539.8 555.3 571.1 591.1 609.3 627 644.3 657.2 669.2 673.5 672.7 671.2 671 670.2 665.9 662.4 660.4 660.9 663.1 666 664.1 665.2 666.8 666.8 667.4 668.4 671.2 672.3 673.2 675.1 677.1 679.1 681.2 684.2 688.5 693.2 698.2 704.4 711.6 718.6 728.2 736.9 744.5 748.8 752.4 754.1 753.1 750.7 747.7 739.8 731.9 723.4 714.1 703.8 696.7 687.1 674.7 664.7 654.1 644.3 632.4 620.5 608.5 596.5 587.7 575.3 560.8 542 521 499.2
467.5 471.9 477.3 483.2 488.4 496.2 506.7 520.3 535.3 551 568.7 589.4 608.3 625.1 642.8 653.6 663.5 670.5 668.4 664.1 660.9 656.1 653.3 649.2 648.6 646.8 648.1 650.4 650.8 652.5 654.9 656.3 657.1 658.5 661.1 665.1 665.9 668.6 671.2 673.2 675.4 678.2 682.4 686.6 692.9 698.4 704.2 711 718.1 727.6 735.9 741.6 745.1 746.7 747.4 745.4 740.8 732.1 721.9 710.9 699.5 692.4 684.2 674.8 665.1 655.7 647.6 639.9 630.5 618.9 608.4 595.3 588.1 575.7 559.1 540.6 518.7 494.6
466.4 469.6 474.4 479.1 484.5 490.1 499.5 512.1 527.2 544.6 565.3 585.2 603.3 621.5 636.6 647.9 656.3 662.5 661.9 655.2 646.9 642.2 638.3 633.9 631.9 632 632.9 634.5 635.8 637.8 641.7 644.7 646.8 647.9 652.1 656.2 659 662.2 665.3 667.4 669.5 672.7 676.9 681.3 687.5 693.4 699.7 706.1 711.6 719.8 729 735.7 738.6 739.8 740.8 739.4 734 724 711.1 697.7 685 675.8 667.4 659.7 651.7 643.9 637.9 631.3 623.7 614.9 604.3 593.8 584 570.9 556.8 537.6 509.5 487.8
460.5 466.4 471.9 477.5 482.4 488.2 497 506.7 521.1 537.5 559.2 579.4 596.2 613.6 630.3 640.4 645.8 653.1 646.7 639.8 630.5 624.1 619.2 615.7 614.5 612.5 613.5 615.5 620 624.2 629 633 636.7 638.4 642.5 647.9 653.1 655.9 659.5 661.5 663.5 667.4 671.7 677 683.4 689.1 695.2 701.5 708.2 715.1 723.4 730.7 734.7 736.3 735.7 731.9 724.6 712.3 696.8 680.8 666.8 654.6 647.8 640.7 633.8 628.7 623.9 618 612.9 606 598.5 589.8 574.7 562.3 547.8 525.2 497.8 478
456.9 464.6 471.2 476.8 481.8 486.6 494.3 503.8 515.5 531.9 552.5 572.7 588.7 604.8 618.9 628.4 633.2 634.3 625.5 621.9 613 605 598.6 596.1 593.9 592.2 593.7 596.7 601.8 608.4 615.4 619.5 623.4 627.4 629.8 635.5 643.9 648.7 652.5 656.8 659.9 663.4 668.1 673.6 680.5 686.6 691.6 698.2 705 712.5 720 727.1 731.1 732 729.2 722.7 710.6 694.7 679.8 659.7 645.5 636.9 631.1 623.4 617.2 611.3 605.5 603.1 597.6 593.2 587.8 577.1 563.9 549.7 531.3 508.4 489.2 470
455.6 459.4 467.8 475.5 479.9 485.6 492 500 513 526.7 543.1 561.7 578.8 594.1 606.6 613.3 614.3 613 608.3 602.3 594.1 584.8 578.8 575.6 573.1 570.4 577 582.5 587.8 593.3 598.3 604.4 607.2 616.6 621 622.2 631.2 638.9 646.4 655.3 659.5 661.1 665.1 671.4 678.1 684.5 689.6 695.9 703.4 711.7 718.9 725.1 726.8 725.1 719.3 708.5 694.2 677.3 660.4 640.5 628.4 620.9 613.3 605.2 599.1 594 588.7 583.9 578.5 575.4 568.3 558.6 547.6 534.2 515.1 494.6 476.3 461.2
455 458.8 463.7 471.5 476.8 483.7 489.6 498.3 508.7 521.1 534.9 550.2 567.9 580.9 589 594.8 595.5 593.4 591.7 585.8 575.9 567.5 562.9 562.5 571 583.1 589.9 589.1 591.4 594.6 597.1 605.2 611.9 620.2 623.9 628.8 631.7 635.6 645.3 652.9 656.9 659.3 662.3 669.2 677.4 683.4 688.8 694.5 702.3 711.2 717.6 721.1 720.1 714.8 705.5 690.9 675.2 660.8 645.4 624.5 615 608.5 597.3 589.3 583.5 575.5 567.8 561.6 556.9 552.3 545.7 537.9 529.4 515.2 498.2 481.3 465.7 450.9
455.4 457.5 460.7 467.7 474.5 481.7 487.5 495.1 503.9 515.5 527.6 542.5 560.3 567.7 575.3 580 576.3 575.4 574 566.3 559.1 552.6 556.2 568.6 582.3 592.6 597.7 598.4 600.4 602.5 602.5 605.7 610.2 617.4 624.6 634.4 641.1 641.2 648.6 656.6 661 662.6 664.3 667.7 676.4 683.5 689.2 694.7 701.9 709.6 713.1 713.5 708 699.1 686.9 671.8 655.8 641 625.7 611.5 603.3 594.4 582.6 572.8 565.9 557.8 550 541.2 534.7 530 525.3 518.1 510.2 499.7 484.3 468.5 456.6 455.5
458 457.9 460.9 465.6 468.7 476.8 481.6 490.3 498.6 507.7 521.2 533.8 542.7 552.7 559.5 559.3 555.6 556.7 552.9 547.3 545.6 549.5 562.4 578.1 592.9 601.3 607.6 610.8 612.8 612.5 610.4 608.4 612.1 617.8 627.7 641.2 648.3 649 655.7 662.4 665.2 665.7 669.3 671.7 674.7 683.7 690.1 697.3 703.8 707.8 706 700.3 693.1 682.6 667.9 653 638 623.9 611.1 599.9 589.4 578.9 569.3 559.8 552.7 544.8 536.6 527.5 520.1 515.8 510.5 504.6 496.3 484.3 470.6 468 470.6 476.4
459.5 460 461.4 464.8 472.1 479 478.1 483 488.7 497.1 509.2 516.9 523.6 529.6 534.3 537.2 535.6 534.8 534.4 535.8 546.1 560.4 573.5 586.9 601.1 610 617.3 622.5 623.1 621.6 618.2 612.9 617.4 624.9 634.2 645 651.9 653.9 660.1 667.2 669.4 669.3 674 678.4 677.6 685 692.9 701.1 703.7 702.3 696 687.3 676.2 663.3 648.6 634 618.6 604.3 591.9 581.5 570.4 559.9 553.3 547.7 542 536 528.9 527.3 522.5 514.3 509.7 502.3 492.8 486.3 484.8 487 490.2 494.8
458.7 460.6 461.3 463 471.6 477.6 484.7 490.7 494.8 496.2 499.9 503.9 505.2 512.4 513.5 517.7 522.1 524.9 534.6 545.3 560.1 576.3 586.1 598.5 610 620.3 629.4 633.5 633.6 630.9 624.9 619.3 627.6 639.9 646.2 652 658 662.8 666.2 673.1 676.9 674.2 679.4 684.2 685 689.9 700.6 704.9 706.5 701.1 684.1 665.5 648 641 625.9 614.6 599.2 584.1 572.7 562.5 553.8 547.6 544.4 540.5 541 541.6 541.7 537.9 530.6 524.6 519.7 513.1 508.2 504.6 504.2 505.2 506.9 510.5
459.3 460.8 462.4 463.1 467.7 476.5 485 491.7 498.7 505 510.7 515.6 523 527.7 530.1 530.8 535.9 540.6 548.8 559.3 576.1 588.5 600 611.6 623.2 633.3 641.2 643.6 641.5 637.7 627.8 627.7 641.9 652.6 657.3 661.2 669.1 674.3 677.4 680.9 684.8 683.9 690.3 693.9 697.7 703.4 708 709.8 711 706.5 694.4 675.1 651.9 631.9 614.7 594.6 579.7 570.3 564.5 558.5 557 554.4 554.9 556 557 557.8 555.3 549.6 546 543.4 538.8 533 528.3 525.3 524.5 526 526.7 528.8
460.1 461.6 463.7 463.5 465.1 475.9 486.6 494 501.1 509.5 517.5 522.4 532.9 540.2 543.2 545.4 543.9 553.5 562.5 576.5 589.6 602.3 616.5 627.4 637.9 646.7 650.8 650.9 646.9 641.1 630.8 644.1 655.3 663.1 668.4 675 680.7 685.3 690 695 697.3 699.8 704.6 705 707.8 713.2 713.6 713.2 709.6 703.8 693.2 681 667.4 649.1 628.7 612 596.1 583.1 576.1 573.4 571.8 570.6 571.1 571.8 572.5 572.2 569.4 567.5 564.9 561.7 557.5 553.4 549.4 545.9 543.9 543.9 545.3 538.8
460.3 464.5 463.2 464.1 465.9 478.3 487.6 496.1 503.5 511.9 521.6 531.2 539.9 547.5 552 553.7 558.2 568.1 576.6 590.8 604.3 617.8 630.7 640.9 650.1 655.2 658.4 657.5 649.6 636.4 645.9 657 665.6 674.7 683 687.6 692 696.7 702.9 710 714.1 717 718.3 717.8 717.7 719.3 719.9 719.1 716.8 711.6 702.4 687.8 673.4 655.9 640.1 626.9 611 603.4 596.6 591.1 587.5 585.5 584.7 585.4 586.8 587.2 586.6 583.3 582.6 578.3 573.4 569.3 566.8 564.3 562.1 558.8 556.9 541.1
463.2 464.9 466.1 466.5 466.9 478.6 488.4 497.2 506 514.8 525.4 534.3 544.3 553.2 558.8 562.6 570.4 579.4 593.1 607.5 623.1 636.8 648.5 658.2 663.7 664.2 664.2 660.7 644.5 650 660.9 671.5 679.3 687 692.3 697.3 702.7 709.7 716.4 722.8 726.4 730.3 729.9 727.6 726.3 728.2 728 725.1 721.1 714.1 705.5 693 677.3 662.7 647.7 632.5 625.7 619.6 612 607.7 604.9 603.1 602.9 603.5 603.9 605.4 603.4 600.9 597.5 594 591 586.8 582.7 579.6 577 572.6 569.9 546.2
464.9 465.7 469.1 467.1 467 478.3 489.5 501.4 510.1 518.4 529.2 539.4 548.4 559.2 565.6 572.4 580.7 593.2 610.1 626.8 642.7 657.9 669.4 674.1 676.2 672.3 666.6 657.3 651.6 662.3 675.9 685.1 692.7 698.3 702.9 708.1 714.9 721.8 726.5 732.9 736.7 739.9 739.6 738.7 739.1 739.1 737.3 733 727.2 720.4 709.4 697.2 685 668.7 653.8 646.3 640.6 634.6 629.8 625.7 621.3 619.6 620.5 620.9 621.3 621.3 619.8 616.8 613.5 609.9 607.5 602.7 597.2 594.3 588.2 584.5 581.8 558.3
465 467.1 469.1 468.7 468.7 478.7 490.1 500.7 512.2 522.1 534 546.6 556.1 565.9 574.8 583 593.1 608.9 625.8 645.6 664.4 677.3 683.8 685.5 683.1 676.7 668.1 656.2 661.5 675.6 688.4 698.4 706.2 711.9 714.8 720.4 727 733.8 738.6 743.3 747 749.8 749.9 753.4 753.4 751.5 746.9 742 736.4 726.8 716 705.4 690.8 675.4 665.7 659 652.6 646.8 642.5 639.1 635.7 633.7 637.4 639.1 639 638.5 635.1 632.5 629.7 626.1 619.8 615.1 609.9 606 605.4 600.2 592.8 558.4
463.6 469.1 470 470.2 470.6 479.4 491.6 502.5 514.4 526.8 539.5 553.5 564.1 573.8 582.7 592.9 605.1 621.9 641.4 663 682.2 693.4 695.6 696.7 692 680.4 669.5 656.5 667.4 685 699.7 710.3 718.8 723.9 729.3 734.8 741.1 745.2 748.3 753 757.3 760.4 765.7 768.1 768.9 765.7 761.1 756.7 750.4 742.2 730.9 713.6 698 686.1 677.2 670.5 664 657.9 654 651.1 650 651.5 655.1 656.6 657.1 655.1 650.6 646.2 642.4 636.9 629.6 626.1 622.4 621.8 623.5 615.9 591 550.3
