data/310000-250000.asc
ncols 200
nrows 200
xllcorner 310000
yllcorner 250000
cellsize 50
[rows 105 to 139 of 200, columns 0 to 77 of 200]
253.2 245.9 240.1 238.8 239.3 236.2 240.6 244.2 247.1 249.2 250.3 250.6 253.4 253.5 249.5 243.3 235.9 230.3 228 226.4 226.8 228 224.8 220.9 216.9 212.6 208.1 205.1 200.8 200.6 202.8 204.4 206.8 207.8 210.4 214.4 215.2 219.8 224.5 229.1 236.3 243.6 249.5 248.4 250.6 264.5 281 288.5 292.8 298.7 302.4 307.9 313.2 319.5 325.5 329.9 334.9 341.8 350.7 361.2 371 375.9 379.6 383.6 387.5 389.4 392.5 399 403.6 408.9 413.7 417.9 421.2 427.5 434.1 442.4 452.3 456.7
252.2 250 241.2 237.9 235.9 231.8 233.3 233.6 237.9 241.2 241.5 243.8 244 242.3 240 235 229.9 226.1 225.1 225.7 228.4 227.1 223.7 220.5 216.7 212.7 208.7 204.9 201.3 201.3 203.2 202.7 204.8 207.7 210.6 215.6 219 218.1 221.9 226.4 232.3 239.2 244.4 245.7 254.9 267.5 285.5 294.2 302.7 308.9 311.1 312.4 317.6 323.6 330 335.6 341 348.8 357.7 366.6 376.1 381 384.7 388.1 390.4 393.2 399.3 404.2 408.6 413.8 418.9 421.7 424.6 429.1 436.9 446.5 453.2 457.1
249.4 248.1 243.8 240.7 237 234.7 233.6 229.6 229.5 233.2 234.9 236.7 235.8 233.3 230.2 227 224.4 223.5 222.7 223.3 225.6 224.9 222.2 219.4 214.7 210.4 208.7 203.4 200 201.1 202 202.3 204.5 206.5 210 214.5 215.8 218.5 222.2 225 232.1 236.4 242.7 246.7 256.4 267.3 283.7 294 307.1 314.3 313 316.3 322.2 327.5 332.1 337 342.6 352 361.5 370.9 380.6 386 389.6 392.6 395.2 399.2 403.8 408 411.1 416.5 420.1 421.1 423.6 429.5 438.1 446.7 451.8 454.1
248.7 248.6 248 244.9 241.4 238.3 233.9 227.7 221.8 226.2 229.7 229.3 227.8 226 222.4 223.3 220.9 221 220 220.4 222.4 222.6 220.3 216.8 212 208.5 207.3 203.8 200.5 200.4 200.8 202.1 203.8 205.4 209.5 213.4 214.8 217 219.8 224.1 231 232.3 240 247.7 253.5 263.8 278.4 292.5 306.1 312.7 315 318.2 322.5 327.5 331.4 335.7 344.1 354 363.7 373 382.8 389.9 390.8 394.3 397.3 400.4 402.9 407.6 411.1 414.1 414.9 414.5 418.6 427.2 435.3 441.1 444.8 445.7
250.5 251.7 251.7 248.8 245.9 240.5 237 231 226.9 220 222.2 222.7 221.8 219.4 216.1 217.7 218.3 215.6 215.6 217.2 218.8 219.6 216.9 212.9 208.9 206.8 205.3 203 199.4 199 200.3 201.1 202.7 204.8 209 211.9 216.5 219.4 220.5 221.9 225.6 229.5 237.4 245.4 251.9 258.4 273.3 286.9 302.4 310.4 312.9 313.3 316.9 320.8 326.9 333 343.6 352.9 363.5 374.3 382.9 388.3 390.5 392.3 393.2 394.7 398.7 400.7 399.9 400.5 401 405.5 409.7 420.1 428.2 433.8 436.2 438.6
249.6 253.7 254.1 252.9 249.9 244.8 239.9 233.7 227.3 218.1 215.4 215.6 215.8 213.4 211.1 210.3 211.3 210.1 211.2 212.5 213.6 214.4 212.8 209 208.6 207.4 206.1 203.9 199.9 199.8 199.9 200.5 201.6 204.3 207.6 210.5 215.5 217.1 219.5 220.9 223.7 227.5 233.4 241.5 248.7 255.1 269.9 281 297.2 305.2 308.5 309.1 311.8 314.3 320.4 328.9 339.8 350.3 361 370.5 377 380.3 383.8 387.5 387.9 384.7 385 385.5 383.4 385.9 389.9 395.4 401.7 411 419.3 424.8 429.3 432.5
247.3 250.7 254.7 255.3 250.6 245.8 239.9 233.2 225.3 221.5 217.8 211.3 210.8 209.1 209 208.9 208.4 208.1 207.3 208.1 208.8 209.4 209 209.6 208.9 208 206.8 205.4 199.6 199.5 199.8 200 200.7 203.2 206.1 209.1 210.4 211.6 215.3 217.8 222.4 226.2 230.1 237.6 242.7 246.1 256.2 270.8 285.6 295.5 300 302.9 306.6 308.7 314.3 323.4 332.5 341.9 351.7 361 367.4 371.2 374.2 376.8 377.3 374.4 373.7 374.2 372.6 375.4 381.8 387.7 395 402.5 409.8 414.8 422.4 428.8
245.1 248.5 251 253.4 248.6 243.3 237.5 231.2 223.4 220.9 217.7 211.6 209 208.8 208.7 208.3 205.2 205.2 204.7 204.1 204.4 203.8 203.2 205.1 205.4 204.7 203.6 202.9 198.7 199 199.3 199.7 200.1 201.8 204.7 206.1 206.8 208.9 211.1 216.8 222.5 227.1 230.1 233.1 235.2 238.2 245.1 258.2 273 283.2 289 292.9 296.8 302.5 310.5 316 324.5 333.1 341.9 350.9 355.9 359.9 361.1 362.6 364.8 363.3 360.6 359.5 362.1 365.9 372.7 380.6 388.2 393.6 395.3 409.7 421.9 430.6
242.7 246.7 250.5 248.6 244.2 238 231.9 226.2 221.6 220.5 215.3 210.1 208.8 208.4 208.3 206.5 203.1 202.1 202.4 203 202.8 201.2 200.3 200.8 202.2 201.5 200.9 200.9 198.8 198.7 199 199.4 199.7 200.4 202.1 202.4 204.4 206.6 209.6 214.3 222.7 228.3 230.4 226.6 225.2 229.1 236.6 248.8 260.6 271.7 277.9 283.8 289.2 298.8 303.7 308.7 318.2 327 335.1 342.4 347 349.8 351.3 352 351.8 350.1 350.7 350.2 350.3 353.5 363.4 369.8 374.2 387.2 401.8 412.1 422.5 431.9
239.1 242.7 247.6 243.4 237.8 231.9 225.8 220.4 215.7 214.1 209.6 208.4 208.8 208.3 208 205.9 205 205.4 201.4 202.4 202.1 201.1 200.4 199.3 200.5 200.4 199.7 199.1 198.9 198.9 198.9 199.1 199.7 199.7 199.7 200 202.1 204.3 207.7 211.4 219 225.6 225.4 221.9 218 224.6 232.8 244.1 253.7 264.3 270.4 275.3 282 292.2 296.7 302.3 311.6 321.7 329.8 335.6 338.5 339.6 341.3 340.8 337.4 337.3 339.1 336.2 338.5 348.4 362.7 373.8 387 399.4 407.4 417.1 426.1 434.4
234.4 238.2 241.2 237.2 232.2 226 220.4 215.5 211.2 208.9 207.2 206.1 209.3 209.3 209.6 209.4 209 207.3 203.2 201.2 202.3 201.5 200.8 201.1 200.2 199.3 199.5 199.3 198.9 198.9 198.9 198.7 198.6 198.6 198.6 199 200.1 202 204.4 208.5 214.2 217.7 218.6 216.9 215.3 218.9 230.8 238.8 246.6 256.7 264.3 270.5 276.5 284.5 287.1 291.9 305.8 318.1 325.6 329.9 331.8 332.4 330.8 327.5 326.2 322.1 320.7 333.7 342 356 369 384.4 396.7 406 413.6 423 432.2 439
229 232.5 234.5 231.2 226.2 220.8 215.8 210.8 208.6 206.3 204.6 205.1 209.4 213.1 214.7 215.5 214.9 211.9 208.5 205 203.1 201.9 201.1 201.1 200.1 200.5 201.8 199.5 198.9 198.9 198.9 198.3 198 198 198 198.8 200 199.3 201.3 205.3 207.6 210 211.7 209.2 210.1 216.3 226.5 233.3 238.8 253.2 259.1 265.2 269.5 275.8 278.5 288.6 304.1 314.6 322.6 324.8 325.3 326 322.6 318.3 310.7 318.8 330.4 338.8 352.7 364 374.7 390.9 402.1 410 419.8 429.6 437.9 444.7
224.7 225.8 227.3 223.3 219.6 215.9 211.8 209.2 206.6 204.6 210.9 216.7 219 220.3 221.6 222.1 222 219.7 213.5 208.6 206.7 204.4 205.6 205.4 203.9 203.6 202.8 200.4 198.9 198.9 198.6 198 197.5 197.5 197.6 198.7 198.4 198.6 198.7 201.8 203.5 205.3 206.4 207.3 208.2 214.9 222.6 230 239.8 249.5 255.5 259.7 265.6 268.3 273.2 287.1 302 311.5 319.1 318.6 319.5 319.8 317.1 308 301 321.2 332.7 345.3 356.4 367.1 380.1 396.4 407.1 416.2 425 434.9 443.6 450.7
218.6 219.5 220 216.9 213.5 211 209.8 207.4 207.1 208.3 214.7 221.3 225.1 228.3 228.6 229.2 228.5 224.5 219.7 214.1 209 205.9 209.8 209.7 209.9 209.3 207.5 205.3 200.9 199.6 198.2 197.6 197 196.9 197.4 197.5 197.7 197.9 198 198.1 200.1 202.1 202.9 204.9 207.6 213.8 219.6 227.7 235.6 243.7 252.2 259 263 265.3 272.9 286.7 300.9 308.7 312.9 312.3 313.9 313.4 308.9 300.2 308.7 323.9 334.2 344.7 357.7 370.2 386.4 402.4 412.9 422.7 431.6 440.6 448.2 455.6
212.5 211.7 212.4 211.6 209.2 208.9 207.1 207 208.1 210.9 217.5 224 228.3 233 235.5 239.4 234.1 228.9 223.6 218.3 213.2 207.9 211.8 211 209.6 210.2 210.8 209.5 204.5 200.6 198.7 197.7 196.7 196.3 196.6 196.8 197 197.2 197.3 197.4 197.4 199.3 199.3 201.7 205.4 211.3 217.1 225.8 233.9 241.6 249.2 256 261.1 259.3 267.8 280 294.9 304.1 308 306 308 307.8 302 290 304.3 320.6 332.3 345.4 359.8 374.3 391 405.6 417.4 428.5 439.6 446 452.4 459.1
210.6 209.5 209.1 209.3 208.7 208.5 208.5 208.7 210.3 215.1 220.2 226.7 232.6 235.2 238.7 239.5 233.7 228 222.6 219.1 214.5 209.3 210.2 211.2 210.5 211.8 211.9 211.1 207.3 203 199.9 198.9 197.6 196 196 196.1 196.3 196.4 196.5 196.6 196.7 196.6 196.7 199.4 202.9 208.7 214.5 223.7 232.2 240.2 246.2 252.2 256 253.3 263.2 277.5 289.3 300.7 302.3 300.4 301.3 299.5 295.1 282.4 300.3 316.4 331.6 344.2 362.2 378.6 395.4 409.3 421.5 433.3 442.3 449.1 455.8 462.6
212.1 210.2 209.1 209.8 211.8 210.6 208.7 209 214.7 219.4 223.6 229.4 236.9 237.3 236.2 234.2 228.6 222.4 219.8 216.1 212.4 209.4 209.9 211.2 211.8 213.4 213.9 213.9 211.2 208.2 205.1 202.2 199.4 197.8 196 196 196 197.3 196.7 196.1 195.5 195.1 195 197 200.1 206.1 212.2 220.7 231.2 236.3 242.3 249.3 250.9 249.2 261.5 274.4 286.3 295.8 299.6 295.1 292.2 290.4 287.8 280.5 297.1 315.9 327.8 343.9 363.5 381.1 398.3 412.7 424.9 435.9 445 452 457.9 464.4
219.1 217 213.6 213.3 216.3 212.6 209.9 211.2 218.2 222.7 227.1 232.4 239.5 237.3 234.6 229.5 223.2 218 215.5 212.1 212.2 212 212.6 213.5 214.8 217.7 219.7 219.7 217.7 213.8 210.8 208 203.5 199.3 196.4 196.1 195.9 195.7 195.5 195.4 195.3 195.2 195 195.1 198.5 204.4 210.9 219.2 228 234.8 239.3 244.2 244.2 242.6 259.3 271 283 290.3 293.8 288.7 284.7 282.8 280.6 278.7 294.6 313.5 324.7 344.8 364.6 382.6 400.3 415.3 428 438.1 446.2 449.9 455.6 463.8
224.2 222.3 221.5 220.8 219.6 219.2 218.1 220.1 220.7 225 229.9 232.4 235.3 234.1 232.6 228.3 222.2 217.3 216.1 217.9 218.9 216.7 216.2 216.6 218 222.1 225.1 225.5 223.9 220 216.4 214 209.7 205 200.3 197.1 195.9 195.4 195.3 195.1 195 195 194.7 195.2 197 202.9 209.5 220.8 231 235.9 235.6 234.8 232.1 240.5 255.4 269.5 280.1 286.8 290.3 284 277.9 277 276.5 279.4 292.9 310.9 323.7 344.8 364.7 383 402.1 416.5 428.6 437.3 442.3 446.3 453 461.6
230.1 229.6 228.5 227.3 224.7 225 226 225.5 225.3 226.9 228.9 229.2 229.7 230.1 229.8 225 219.4 219.5 222.4 224.2 225.2 222.2 219.8 220 220.9 226.5 230.3 231.3 229.6 226.6 222.7 220.6 217.1 211.7 206.4 198.2 195.6 195.1 195 195 194.9 194.6 194.5 195.2 195.7 200.9 207.3 216.1 227.7 234.8 233.2 228.8 228.6 241.5 256.2 268.3 279.7 284.3 287.9 280.9 273 272.9 269.2 278.1 291.1 305.1 320.4 343.2 363.9 381.8 399.4 413.9 425.1 433.7 438.2 443 453.4 462.6
235.9 235.4 234.9 233.2 232.3 231.2 231.2 228.1 228.5 228.3 227.2 226.3 226.3 225.1 223.5 220.3 220 223.2 228.1 230.6 230.7 229 227.1 226.3 228.9 232.7 236.6 238.1 235.3 232.4 230.5 227.6 225.8 221.5 216.8 205.7 196.9 195 195 194.7 194.4 194.2 194.6 194.5 194.4 199 204.5 213 222.6 229.7 226.2 221.3 226.2 243.1 258.1 268.7 278.9 285 286.7 278.9 272.7 267.6 266.6 277.1 287.7 300 315.8 340.5 361.4 379.5 395.9 410.5 423.3 430 433.4 442.3 452.8 462.1
241.1 240.6 239.9 238.9 234.8 230.8 230 228.9 228.6 228.4 227.6 224.9 225.7 226.3 225.9 225.5 225.1 229.4 232.6 234.9 235.2 233.7 232.1 232.5 236.4 241.1 245.7 245.8 243.5 240.6 246.5 242.6 235.9 231.5 227.1 212.6 198.6 194.9 194.6 194.3 194 193.9 194.1 193.9 193.8 197.4 202 210.2 217 222.3 221 219 223.4 243.7 257.2 269.8 278.2 283.6 282.4 278.5 272.5 264.4 267.2 275.3 283.4 294 310.6 335.5 356.3 375.6 391.1 405.5 417.3 422.9 429.3 439 450.3 460.1
243.3 246.8 244.4 240.4 235 230.5 229.7 229.1 228.8 228.6 228.7 230.2 231.7 233.2 233.3 231.8 231.1 234.3 237.8 239.9 237.9 240.5 239.5 240.9 248.1 251 256.4 257.6 256.8 261.3 265 255.8 244.1 244.4 231.2 210.3 199.4 195.1 194.3 193.9 193.6 193.7 193.5 193.5 193.3 196.3 200.1 206.6 211.3 215.7 217.3 218.3 227.8 245.2 257.1 267.6 277 281.3 279.6 278 272.9 263.3 260.1 272 277.3 286.4 303.4 328.2 351.7 368.9 384.3 397.4 407.8 415.9 426 436.2 447.7 457.3
240 243.5 242.7 239.9 235 231.3 229.1 229.1 229.1 228.8 231.5 233.2 237.5 240.5 241.1 237.9 238.2 241.2 244 245.1 247.9 255.3 259.1 258.5 267.2 273.3 276.1 277.7 279 279.1 273.1 260.1 253.3 248.2 229.4 214 203.9 196.9 194.8 193.9 193.2 193.3 193.3 193.2 193.2 196 197.9 203.7 208 211.8 212.6 217.8 232.1 246.5 257.4 268 275.1 279.1 278.4 277 271.4 263.3 250.8 265.7 269.3 279.1 294.9 320.4 343 360.6 375.9 387.6 399.7 409.2 420.9 433.1 444.7 454.6
236.5 238.1 239.5 238.9 234.3 230.8 229.2 229.2 229.2 230 234.5 239 243.3 247.5 246.8 244.1 243.9 247.4 250.9 258.1 267.9 277.3 288.1 288.3 281 297.1 296.7 300 294.2 286.6 277.9 268.4 267.7 249.7 236.1 223.7 208.7 201 196.9 196.5 195 193.2 193.2 193.2 193.1 193.1 195.7 202.8 205.8 208.6 213.1 222 233.9 245.8 256.7 265.4 270.7 274.7 276 273.1 267.4 260.1 248.8 258.8 262.9 272.8 287.8 312.3 333.3 351.2 366 379.2 393.3 405.3 417.4 429.7 441.4 452.5
235.7 234.2 235.1 235.7 232.1 230.4 230.4 230.4 231.5 236.1 239.1 243.3 246.5 251.2 251.2 248 250.9 261.6 269.1 282.7 294.5 305 310.3 305.2 294.5 303.3 308.2 306.1 297.9 290.4 281.7 281.6 270.9 249.7 234.2 223.4 212.3 204.4 201.9 199.4 197.4 195.5 192.8 192.6 193.3 193.5 195.6 202.9 205.4 208.1 212.8 222.5 233.2 244.7 255.6 262.9 268 271.3 272.5 272.8 271.6 259.6 249.6 251.1 257.8 266.6 281.9 304.8 322.3 336.8 357.5 374.9 388 401.3 413.8 426.1 437.2 448.3
234.5 234 233.6 233.6 231.5 231 231.5 232.7 238.2 242.3 245.3 250.5 251.1 253.8 255.3 258.3 268.1 278.6 296.6 311.1 323.3 318.9 314.8 310 302 307 309.2 304.6 299.6 293.1 287.9 280 267.4 250 235.4 224.8 215.5 209.1 206.4 203.6 200.9 197.7 194.1 192.6 192.3 192.5 192.7 201.9 204.5 206.5 212.6 222.3 232.6 244 253.8 260.9 265.2 267.6 269.3 270.2 271.1 263 250.1 242 253.4 263.9 276.5 297.2 311.8 331.3 348.3 365.9 381.2 394.1 407.7 420.4 431.9 444.3
235.6 235.5 234.1 233.4 232.4 231.6 233.5 238.4 244.9 248.4 252.7 258.4 256.6 258.4 263.7 273.9 287.1 304.7 323.2 332 328.4 322.3 318.3 310.6 309.7 312.2 308.6 301.7 296.9 291.7 288 277.7 263.5 247.6 234.4 226.6 220.2 217.3 212 207.9 205.5 201 195.9 193.8 192.1 192.4 192.2 195.3 199.3 205.4 212.5 222.6 233.2 244.2 252.1 258.4 261.2 263.5 266.1 268.6 267.5 259.2 249.9 239.2 249.5 259.8 272.2 289.5 306.5 323.2 339.5 355.8 372.7 386.5 398.7 415.2 428.4 441.4
237.5 237 235.8 234.8 233.8 233.4 238.6 242.6 250.1 258.4 261.3 264.3 263 270.2 282 297.1 314.4 332.5 339.7 338.3 333.5 325.9 319.9 313.9 310.5 311.1 307.6 299.6 292.8 287.4 282.6 277.7 259.4 248.5 237.5 233 229.5 225.4 219.8 212.9 211.1 207.8 202.3 194.6 193.1 191.9 191.9 191.7 196 204.2 212.6 223.5 233.6 242.1 249.9 254.8 257.1 259.1 261.7 264.2 262.4 254.6 247.7 239.3 245.4 257.1 267.2 280.7 299.2 311.1 325.1 339.3 354.1 370.4 394.9 410.2 424.7 438.9
239.8 238.5 237.5 236.5 237 237.6 241.7 247.3 255.6 265.7 270.1 270.5 278.2 288.2 303.7 324.4 342.2 347 346.6 342.2 334.4 329 325.5 318.9 312.6 307.3 303.4 296.6 288.8 283.6 277.6 271.4 259.7 253.1 247.9 242.1 235.5 230 224.9 218.2 216.7 214.4 208.5 201.9 197.7 192.3 191.6 191.6 194 201.4 212.6 223.5 231.8 238.5 245.9 250.1 252.8 255 257.8 260.7 257.9 249.7 240.2 237.8 243.6 254.6 263.5 274.7 288 298.5 305.4 326.3 349.8 373.1 390.6 405.5 419.9 435.6
240.7 240.9 240.2 239.8 240.6 243.2 247 253.4 263.9 273.6 280.9 284.6 301 317.1 334.5 344.1 350.1 351.2 348.6 341 338.9 339.6 336.9 329.3 313.3 305.5 299.6 292.6 284.9 279.7 273.8 268.7 263.3 258 254.5 248.5 241.3 235.2 230.7 225.6 221.4 215.9 209.8 204.3 200.9 198.4 194.4 192 191.5 196 208.9 222.3 228.6 235.2 237.9 241.7 244.8 250.7 255.6 258.2 254.1 244.3 233.7 232.6 243.8 252.8 261.4 268.6 278.8 293.3 309.5 326 343.1 364.7 384.1 400.2 415.2 432.1
243.3 244 245.6 244.3 244.4 248 255.4 272 284.1 290.5 301.8 315.8 330.2 345.4 352.7 354.3 352.3 350.8 349 346.6 349.6 350.2 345.2 335 319 309.3 300.4 290.8 283.9 276.8 270.2 266.8 263.7 261.1 257.8 252.6 245.9 237.7 232.8 228.8 222.7 216.5 210 203.9 202.7 201.6 196.1 191.9 191.4 193.2 208.6 216.3 221.2 226.3 228.9 232.6 237.6 245.6 251.6 253.6 249.3 235.1 229.5 235.4 244.4 252 257.9 264.6 275.1 288.7 305.7 320.2 339 355.9 376.4 392.6 408.7 424.6
245.8 247.2 249.9 250 250.9 254.4 271.6 288.1 303.6 319.6 333.5 345.4 356 361.2 360.8 357.6 356.3 353 356.2 360.4 361.5 357 349.3 340 328.9 313.2 299.7 289 280.7 273.6 266.6 260.2 258.9 257.3 254.5 250.7 244.4 236.1 230.5 221.6 215.6 212.2 207.2 204.1 204.6 202.5 196.6 192.8 191.7 191.4 201.2 207.2 211.4 216.8 222.6 227.5 232.1 238.6 250.8 251.3 243.4 230.2 229.6 237.6 244.2 249.5 254.4 261 269.9 284.2 301.4 318.4 334.9 350.4 369.1 384.8 400.6 416.3
250 250 256.3 259.5 258.8 266.2 285.7 305.6 328.5 348.3 357.6 360.5 365.2 366.4 364.2 361 358.8 362.8 368.5 369.7 367.2 361.6 355.6 348.1 336.6 320.5 303.5 286.5 276.8 269.7 262.6 255.6 250.5 246.9 245.1 241.2 238.2 228.2 222.1 216.3 215.6 213.3 208.5 205.2 201.5 197.6 196.3 194.3 192.5 190.3 195.8 204.2 207.6 211.7 217.2 222.2 227.6 235.7 243.8 246.8 239.6 228.4 231.2 238.4 241.9 245.1 250.2 255.9 266.4 280.1 295.2 314.5 331 347.1 360.2 375.9 392.1 406.8
256.9 253.6 262.8 270.2 271.9 285.8 305.9 329.1 350.8 362.6 368 370.8 369.9 370.3 367.7 366.4 371.1 376.8 377.4 374.9 370.8 365.7 360 352.8 343.1 327.2 306.7 284.9 272.9 266.6 259 252.1 246.2 239.8 238.7 232.6 232.9 234.5 231.7 226.4 223.3 220.5 211.8 207.2 203.6 201.1 201.7 201.9 194.9 189.7 190.9 198.1 204.4 209.5 214.7 219.9 224.9 231.9 238.6 238.5 233.5 225.5 227.2 234.2 238.3 240.3 246.5 254.7 264.9 278.7 290.2 303.7 318.5 333.7 348.3 364.2 381.5 397.6
