data/310000-850000.asc
ncols 200
nrows 200
xllcorner 310000
yllcorner 850000
cellsize 50
[rows 140 to 174 of 200, columns 0 to 78 of 200]
228.8 228.5 227.9 226.8 225.1 224 218.6 217.1 217.4 217.3 216.3 215.4 214.3 211.2 206.4 200.3 194.2 189.3 182.5 175.2 168.6 158.3 154.7 154.5 153 150.8 149.8 150.5 150.8 150.6 150.5 150.4 150.3 150.1 149.8 149.4 149.3 148.8 150.4 150.8 149.2 149 148.2 148.4 149.5 148.9 149.1 149.6 150.1 150.4 150.1 148.5 149.8 149.9 149.7 149.2 150.5 150.3 150.5 150.7 150.4 149.7 149.6 150.2 149.2 147 149 148.6 148.9 148.8 149.3 149.1 148 147.6 147.5 147.5 146.3 147.5 147
232.3 230.9 229.4 227.9 226.2 224 218.7 217.3 215.6 213.9 211.9 210 208.6 204.6 198.1 191.9 186.1 180.5 176.4 170 161.8 154.8 154.3 153.9 151.1 149.8 150.3 150.9 151.4 151.2 151.1 151 150.8 150.6 150.2 150.1 150 149.4 149.4 148.1 146.9 147.9 148.8 148.8 148.8 148.8 149.6 149.7 150 150.1 150 149.6 149.4 150.1 149.6 150.5 150.6 150.1 150.1 150 149.4 149.5 148.8 148.9 149.3 148.7 148.7 148.5 148.4 148.5 148.3 147.8 147.7 147.4 147.4 147.6 146.3 147 147.2
233.5 232.5 231 229.1 227 223.3 218.2 216.3 213.7 210.4 207.4 204 201.9 196.7 190.2 183.7 177.5 171.8 168.5 163.2 156.5 154.4 153.9 152.5 150.4 150.3 150.8 151.4 152 151.7 151.6 151.5 151.4 151 150.9 150.8 150.6 150.4 149.1 149.2 148.7 149 149.3 149.2 149.6 149.8 150.2 150.6 150.4 149.9 149.9 149.9 150.2 150.1 149.9 151.1 150.5 150 149.8 149.6 149.2 148.7 148.7 148.6 148.7 148.8 148.7 148.7 148.6 148.3 148.1 147.8 147.8 147.3 147.5 147.8 147.7 147.4 147.3
234.9 233.7 232.4 229.9 226.2 221.7 217.4 214.6 211.3 207.3 202.6 198.4 194.2 188.5 181.8 174.9 165.8 161.5 159.1 156.1 155 154.3 152.1 150.5 150.8 151.1 151.2 151.8 152.5 152.5 152.1 152 151.8 151.6 151.5 151.3 151 150.8 150.3 149.6 148.9 149.3 149.7 150 150.5 150.8 151 150.8 150.7 150.2 150.1 150.2 150.4 150.6 150.3 150.9 150.6 150 149.6 149.3 148.9 148.9 148.9 148.9 148.8 148.9 149 149 149 148.7 148.3 148.6 148.9 148.2 147.8 148.2 148.1 147.2 146.7
236.2 234.2 231.9 229 225.7 221.2 216.2 212.3 208.3 204.2 198.7 192.2 187 180.3 172.9 165.5 158 156.8 156 154.8 154.2 153.2 151.4 151 151.3 151.5 151.8 152.3 152.9 153.2 152.8 152.6 152.4 152.1 151.9 151.7 151.3 150.9 150.6 149.9 149.1 149.6 150.1 150.8 151.4 151.4 151.3 151.1 151 150.9 150.7 150.7 150.8 151.4 151.6 152.5 150.5 150 149.6 149.3 149.3 149.2 149.2 149.2 149.2 149.3 149.4 149.3 149.5 148.9 148.4 148.4 148.5 148.4 148.2 148.4 152.8 152.2 152.3
234.9 232.5 230.3 228.1 224.3 219.7 214.6 209.2 203.3 198.2 193.5 186.5 180.3 172.9 165.7 158.3 157.1 156.4 155.7 154.4 153.1 151.7 151.1 151.3 151.5 151.7 151.9 152.4 153 153.1 153 152.8 152.4 152.1 151.7 151.4 151 150.6 150.3 149.8 149.1 149.5 149.9 150.8 151.8 151.8 151.7 151.5 151.4 151.3 151.2 151.2 151.3 151.5 150.6 151.4 150.6 150.1 149.9 150 150.4 150.2 150.1 149.8 149.9 150.1 150.2 149.7 149.1 148.8 148.7 148.8 148.9 149 148.6 149 158.1 158.9 158.3
233.3 230.6 227.6 224.2 220.6 216.3 211.9 204.9 198.9 193.3 188.5 181.3 173 164.8 159.4 156.5 156.6 156 155.2 153.4 151.4 150.8 150.9 151.5 151.6 151.9 152.1 152.5 153 152.9 153 152.6 152.2 151.8 151.4 151.1 150.7 150.3 150 149.6 149 149.4 149.9 151 152 152.1 152.1 152 151.8 151.7 151.6 151.6 151.8 152.4 152 151.6 150.9 150.6 150.6 151.2 152 151.6 151 150.5 150.8 150.9 150.9 150.4 149 148.9 149.1 149.2 149.3 149.6 149.7 158.1 158.5 158.9 158.3
230.1 226.8 224.1 220.5 216.8 212.9 207.3 201.4 195.5 189.7 184.6 178.3 170.4 160 156.8 156.9 156.4 155.8 154.6 152.9 151.2 150.6 150.7 151 151.7 152 152.2 152.6 152.8 153 153.3 152.4 152 151.6 151.1 150.8 150.4 150 149.7 149.2 148.9 149.5 150.5 151.3 152.2 152.2 152.3 152.4 152.2 152.1 152 152 152.2 151.2 152.2 151.8 151.1 150.8 151.5 159.3 153.4 155.8 155.1 151.6 151.6 151.7 151.7 151 150.1 149.6 149.5 149.6 149.9 151 156.7 157.2 158.5 158.7 158.5
226.2 222.9 220.5 217.1 213.4 208.5 203.4 197.9 192.2 186.3 180.7 175.3 167.4 159.6 156.2 156.9 156.2 154.9 153.4 152.1 150.9 150.4 150.5 150.6 151.2 151.8 152.4 152.7 152.9 153.2 152.6 152.2 151.8 151.4 150.9 150.5 150.1 149.8 149.4 148.9 148.9 150.3 151.4 152.1 152.5 152.6 152.6 152.7 152.6 152.4 152.4 152.5 152.3 152.3 152.3 152.2 151.1 155 156.4 157.4 157.7 157.8 160.7 159.8 153.4 152.5 152.4 152.4 153.3 154.3 158.3 157.7 156.6 156.5 156.8 157 160.1 159.4 159.4
221.4 219.2 216.7 213.7 209.2 203.8 198.3 193.1 187.9 182.7 176.6 168.7 162.5 156.2 156.3 155.3 153.8 152.6 152.2 151.3 151.1 150.2 150.3 150.3 150.7 151.3 152 152.8 153.1 153.4 152.4 152 151.6 151.1 150.7 150.3 149.9 149.5 149.1 148.9 149.4 150.3 152.4 152.7 152.9 153.2 153.2 153.1 152.9 152.8 152.9 153.1 153.2 152.6 152.7 152.1 156.5 158 158 159.3 162 162.8 162.8 162.4 161.1 159.9 160.3 159.8 159.7 160.4 160.7 161.6 162.5 164.2 164.6 165.3 166.2 165.4 164.5
215.3 213.5 211.1 208.6 204.4 199.2 193.7 188.8 183.6 178 170 163.7 158 156.1 155.1 152.7 151.9 152.4 151.9 151 150.5 150.5 150.1 150.1 150.2 150.7 151.1 152 153.3 153.6 152.2 151.8 151.4 150.9 150.5 150.1 149.8 149.5 149.2 149 149.5 150.8 152.9 152.9 153.1 153.5 153.6 153.4 153.3 153.3 153.3 153.3 153.4 153 154.2 154.4 158.4 159.1 160.2 163.1 163.8 164 164.2 164.5 164.7 165.5 165.1 167.5 170 171.2 172.3 173.4 174.3 174.6 175.1 174.4 172.3 171 170
207.8 206.1 204.2 201.6 198.4 193.9 189.2 184.7 178.5 172.2 167 160.4 156.4 156.2 152.3 151.8 152 151.7 151.4 150.9 150.7 150.6 150.5 150.4 150.3 149.9 150 151.3 152.5 152.6 152 151.6 151.3 151 150.7 150.5 150.2 149.9 149.7 149.5 149.3 150.8 152.6 153.1 153.2 153.5 153.8 153.7 153.6 153.5 153.6 153.7 153.2 152.8 157.1 155.7 159.3 161.7 161 162.7 166.9 168.3 168.9 169.5 171 172.6 175.6 179.4 183.2 185 185.2 184.5 184.7 184.6 182.2 180.2 178.5 177.2 175.9
200.6 199 197.2 194.9 192.8 189.2 184.8 179.4 173.4 168.2 163 157.5 156.1 154.5 152.1 152.1 151.9 151.6 151.3 151.1 151 150.9 150.7 150.6 150.4 150.1 149.3 150.6 150.9 152.6 152.4 152 151.7 151.4 151.1 150.9 150.6 150.3 150.1 149.9 149.7 149.8 151.6 153 153.1 153.3 153.8 153.9 153.8 153.7 153.6 153.5 153.1 153 158.4 156.7 160.1 165.8 165.7 165 166.9 170.8 175.4 178.4 176.2 179.4 183.4 186.4 189.4 191.3 192.6 192.8 192.9 192.8 190.5 186.2 184.8 183 180.9
193.6 192 190.4 189.7 187.4 183.5 178.2 173.3 167.7 162.3 159.5 156.6 153.7 152.7 152.3 152.2 152.1 151.8 151.6 151.4 151.3 151.2 151 150.9 150.8 150 149.4 149.9 151.4 153 152.8 152.7 152.2 151.8 151.6 151.3 151 150.8 150.6 150.4 150.2 150.2 150.4 152.4 152.9 153.5 154.2 154.2 154.3 153.9 153.6 153.6 153.6 157.1 159.1 159.5 159.2 171.4 171.4 167.2 169.1 169.9 179.4 188.4 185.8 185.4 188.6 192.5 195.3 197.3 199.2 199 198.8 198.1 194.4 190.9 188.8 186.8 184.9
185.2 185.1 184.4 184.2 182.2 176.5 172.5 169.1 162.7 160.2 156.6 153.4 152.7 152.6 152.5 152.3 152.3 152.1 151.9 151.8 151.6 151.5 151.5 151.4 151.3 151 150.5 151.4 152.1 152.9 152.6 152.4 152.2 152.1 152 151.7 151.5 151.3 151.1 150.9 150.7 150.8 151.1 152.4 154.2 154 154.8 154.6 154.9 154.7 154.3 153.9 153.4 159.3 161 162.7 164.4 164.3 167.4 168.8 171.2 172.2 174.9 178.7 184.1 189.1 193.1 196.3 199.7 201.7 203.8 203.8 203 201.4 198.3 195.3 192.7 190.3 188.4
176.5 177.3 177 175.8 173.5 169 165.3 163.8 160.2 158.6 154.1 153.1 153.1 153 153.3 153.1 152.7 152.3 152.2 152.2 152.1 152.1 152 151.9 151.8 151.9 152 152.6 153 153.3 152.8 152 151.9 151.8 152 152.3 152 151.7 151.5 151.3 151.2 151.4 151.8 153.3 155.9 156 157.3 155 155 155.5 155.1 154.4 158.7 161.4 163.7 165.7 167.6 171.8 171.1 172.5 173.4 175.3 179.4 183.2 187.9 192.5 196.3 199.6 202.4 204.3 206.1 205.4 204.8 204 202.2 199.3 196.8 194.1 191.8
167.7 168.2 169.3 168.4 165.8 163.7 160.4 157.6 156 153.7 153.3 154 154.2 154.5 154.7 154.3 153.9 153.7 153.1 152.7 152.7 152.6 152.5 152.5 152.3 152.8 153.1 153.6 153.9 153.6 152.7 151.9 152.1 152.4 152.7 153 152.7 152.6 152 151.8 151.7 152.6 153.7 155.1 156.1 157.1 156.2 155.5 155.3 155.5 153.2 161.6 161.8 163.8 165.6 168.3 172.2 171.5 177.6 184.3 176.6 179.2 182.6 188.2 191.9 195.4 199.2 202.8 205 206.9 207.4 206.7 206 205.1 204.2 203.2 201 198 195.5
159.4 159.5 159.2 159.1 157.4 155.8 155.5 155.6 155.2 154.9 154.8 154.9 155.7 156 155.8 155.6 155.4 155.2 154.3 153.9 153.4 153.1 153.1 153 153 153.6 153.8 154 154.2 153.7 153.1 152.7 152.8 153.1 153.4 153.7 153.5 152.9 153.1 153.7 154.5 157 156.9 159.5 157.3 157.4 155.5 157 155.2 155.6 162.7 165.2 165 166.1 168 170.8 180.3 171.1 182 192.3 190.2 183.4 185.1 190.5 194.2 197.8 201.4 204.3 206.3 208 208.6 207.9 207.1 206.2 204.9 204.2 203.5 200.6 199.1
157.5 157.4 157 156.7 156.9 156.5 156.7 156.7 156.4 156.8 156.6 156.5 157 157.4 157.2 157.1 156.9 156.6 155.8 155.1 154.7 154.2 153.8 153.6 153.7 154 154.2 154.3 154.4 154.3 153.8 153.4 153.4 153.9 154.2 154.4 154.2 153.9 153.7 156.2 158 160.4 160.4 160.3 158.8 158 156.8 155 155.2 164.9 167.6 166.3 169.8 169.8 173.3 182.6 185.8 177.3 178.5 191.8 192.6 185.9 188.5 192 196.3 199.3 202.3 204.9 207.4 208.7 209.7 209.1 208 206.7 205.9 205.1 204.4 202 201.7
159 158.8 158.3 157.8 158.1 158 158.2 157.8 157.8 158.8 158.5 158.3 158.3 158.7 158.8 158.6 158.4 158.1 157.3 156.4 155.9 155.5 155 154.6 154.4 154.3 154.5 154.6 154.4 154.4 154.6 154.2 154 154.5 154.9 155.1 155 154.6 156.1 158.5 159 161.2 161.8 160.6 158.8 158 157 155.2 163.5 164.7 168.7 168.5 170.6 173.9 181.1 186.2 180 181.9 181.3 185.5 188.5 189.2 191.3 193.9 197.2 200.2 202.9 205.5 207.9 209 210 209.8 208.5 207.4 206.8 206 205.2 204.8 205
160.5 160.2 159.5 158.9 159.1 159.5 159.6 159.2 159.4 160.8 160.5 160.2 160 159.8 159.7 159.9 159.9 159.5 158.8 157.8 157.2 156.7 156.3 156.1 156 155.8 155.8 155.4 154.8 154.4 155.3 155.1 154.7 155.4 156 156.5 156 157.1 159.1 159.6 159.5 161 162.2 160.5 158.4 157 156.9 164.7 167.5 167.4 168.1 170.2 174.3 180.1 184.2 185.4 185.9 186.7 186 187.5 188.9 191.3 193.5 196.3 198.7 201.1 203.7 205.6 207.1 208.4 209.2 209.9 209.1 208.5 207.7 207.1 206.6 208.4 208.4
162 161.5 160.8 160.1 160.2 160.8 161.1 160.7 161.6 162.8 162.5 162.2 161.9 161.7 161.9 162.2 161.5 161 160.2 159.4 158.7 158.1 157.7 157.6 157.5 157.4 157.4 156.7 155.9 155.8 156.2 155.2 156.5 157.1 157.5 157.7 159.3 160.4 161.1 160.8 161.2 162 162.3 160 157 156.4 165.5 167.3 168.4 168.4 172.6 174.7 181.4 185.5 186.1 181.9 188.8 189.3 189.5 190.9 192.2 194.2 196.4 198.8 201.2 203.5 204.8 205.4 206.7 208.3 209.2 209.8 209.9 209.6 209 208.4 208.5 210.2 211.5
163.3 162.2 161.8 161.5 164.5 165.3 166 164.8 164.6 164.4 164.5 164.2 163.9 163.6 164 164.1 163 162.4 161.8 161.1 160.8 160.6 160.3 160 159.8 159.8 160.6 162.9 163.3 162.8 161.3 162.9 162.2 161.1 161 161.8 162.9 163.2 162.9 162.9 162.7 162.3 161.4 158.6 157.4 155.6 168.8 170.1 171.6 171.6 176.8 182.6 188.9 189.5 186.1 187.6 190.6 191.3 192.5 193.8 195.1 197.2 199.6 201.9 203.8 205.1 206.4 207.6 208.4 209.6 209.9 210.4 210.5 210.2 210.4 209.7 211.7 214.3 216.4
164.9 164.9 166.2 166.9 166.6 166 166.1 166.2 166.2 165.9 165.8 166.2 167 166.1 165.5 165 164.5 164 163.5 163.2 163.3 163.2 163.6 163.8 163.8 164.7 166.2 167.6 168.4 166.7 167.3 167 166.6 164.8 165.3 166.3 166.2 165.3 164.4 164.4 163.5 161.7 159.7 158.3 157.5 155 167.3 174.3 174.3 176.5 184.6 188.4 190.9 191.3 188 191.1 193.1 194.1 195.5 196.8 198.1 200.3 202.7 204.2 205.4 206.7 208 209.2 210.3 211.4 210.9 211.2 212.1 211.4 210.5 212.7 215.3 217.9 220.3
166.3 167.2 167.7 168.4 168 166.6 166.5 165.8 168.1 169.6 168.7 170.1 170.8 169.5 168.7 168.2 168.1 167.5 167.1 167.2 167.4 167.3 167.5 167.9 168.3 169.2 171.7 171.5 170.9 172.1 173 172.7 171.7 167.9 173.7 172.5 170.6 169.4 167.5 165.6 163.2 158.9 156.7 158.1 157.1 163.7 176.1 177.4 176 184.1 189.9 190.4 191.4 191.2 190.5 193.3 195.8 197.1 198.4 199.7 201.1 203.3 204.5 205.8 207 208.3 209.6 210.8 212.1 212.9 212.4 213.4 213.5 212.6 214.1 216.6 219.2 221.6 223.2
168.7 171.2 171.7 171.8 172 172.1 173.2 173.2 172.8 171.6 172.5 173.9 173.6 172.9 171.9 171.8 171.6 171.1 171.1 171.3 171.5 171.3 171.4 171.8 172.2 172.7 174.7 175.3 174.6 174.6 176.3 176.4 175.8 173.8 181.3 177.7 174.6 172.2 170 168 159.5 158.7 158.4 157.7 166.7 170.2 176.8 180.9 184.6 188.7 191 190.9 190.7 191.2 194.1 196.5 198.7 200.1 201.4 202.8 204.4 205.8 207.2 208.5 209.9 211.3 212.7 214.1 215.5 215.5 215.3 215.9 216.6 217.1 218.6 220.6 222.6 224.1 225.7
176.1 176 175.3 174.9 175 175.2 175.9 176.1 176.4 176.4 175.9 175.8 175 175.1 175.1 175.3 175.1 175 175.3 175.5 175.6 175.4 175.3 175.7 176.1 176.7 177.7 178.8 177.6 178.7 179.1 177 178.6 182.2 185 180.9 178.3 175.9 173.7 170.8 160 159.3 159 159.2 167.6 170.5 174.3 177 184.6 190.7 191.5 191.3 192.5 195 197.8 200 202.3 203.6 205.3 206.9 208.6 209.9 211.4 212.8 214.2 215.6 217 218.3 219 218.6 218.3 218.7 218.6 219.8 221.6 223.6 225.3 226.7 228.3
179.6 179.1 178.5 178.1 178.1 178.2 178.6 178.8 179.7 180.6 180.7 180.1 178.8 178.3 178.3 178.5 178.9 179.2 179.4 179.7 179.7 179.5 179.3 179.6 180.1 180.6 181.1 180.9 180.4 182.3 182.3 185.2 185.2 188.8 185.9 184.5 182 179.7 176.7 173.7 172.4 160 159.6 160 164.1 170.4 172.3 175.2 189.7 186.8 190.9 192.8 195.1 197.8 200.7 203.6 205.9 207.8 209.5 211 212.8 214.1 215.6 217 218.4 219.8 221.2 222.2 222.1 221.6 220.9 220.1 221 222.8 224.5 225.9 227.7 229.3 231.1
182.8 182.2 181.7 181.4 181.1 181.3 181.5 182 183 183.9 184.9 184 182.5 182 181.6 182 182.7 183.3 183.6 183.8 183.7 183.6 183.4 183.5 184 184.5 184.8 185 185.1 187.4 188.6 188.5 188.8 189.3 188.3 187.2 186 183.3 179.3 177 173.4 160.1 159.8 159.9 160.1 165.4 169.9 172.7 189.2 189.8 190.9 195.2 197.8 200.6 203.5 206.2 209.1 212 213.6 215.1 217 218.3 219.6 221.2 222.7 224.1 225.4 225.6 225.2 224.7 223.1 221.6 221.9 223.1 224.8 226.8 228.6 230.2 232.5
186.1 185.7 184.6 184.9 184.8 184.7 184.8 185.2 186 186.9 187.5 187.3 186.3 186.4 185.2 185.8 186.5 187.2 187.7 188 187.8 187.7 187.5 187.5 188 188.2 188.5 188.7 189 189.9 190.5 191.1 191.3 191.5 190.5 189.5 188.3 185.2 182.8 180.9 175.3 161.3 160.2 159.5 159.8 160.1 164 171.1 190.4 190.2 191.1 196.4 200.3 203 205.7 208.4 211.6 214.9 217.6 219.2 221.3 222.5 223.7 225.2 226.8 228.3 228.5 228.3 227.9 226.8 224.9 222.9 221.9 223.7 225.7 227.6 229.5 231.1 233
189.2 189.1 188 188.2 188.1 188.1 188 188.6 188.9 189.5 190 190.2 189.8 190.9 189.4 189.7 190.3 191 191.8 192.1 191.9 191.7 191.6 191.4 191.7 191.9 192 192.1 192.2 192.3 192.8 193.4 193.8 193.6 192.7 191.7 190.6 189.2 187.8 186.3 177.4 160.5 160.2 163.4 161.8 160.4 159.7 169.3 189.8 191.2 193.1 198.4 202.3 205.1 207.8 210.9 214.1 217.5 220.8 222.7 225 226.8 228 229.2 230.6 230.6 231 230.6 230.3 228.4 226.1 223.8 222 224.3 226.5 228.5 230.3 231.9 233.6
191.2 190.9 190.7 191 190.8 190.5 190.9 190.8 190.7 191.4 192.5 193.7 194.6 193.8 194.5 194.4 194.8 195.2 195.6 195.8 195.3 195 194.7 194.7 194.9 195 195.1 195.2 195.4 195.5 195.7 195.8 196.2 195.8 194.6 193.2 192.1 191.3 190.4 189.5 176.1 161.4 160.6 164.5 163.6 160.8 161 164.5 185.7 190.3 195.1 200 203.9 207.3 210.2 213.4 216.6 220 223.3 225.5 227.9 230.7 231.6 231.8 232.1 232.4 231.7 231 229.9 228.8 226.6 224.8 223.1 224.7 227.1 229.3 231.2 232.8 234.3
193.1 193.6 194 194.4 194.2 194.4 195.3 195.7 194.6 195.4 196.4 198.1 197.6 198.3 199.3 199.8 198.8 198.8 198.6 198.6 197.7 197.5 197.6 197.7 197.9 198.2 198.3 198.4 198.6 198.7 198.8 198.8 198.7 197.4 196 194.6 193.3 192.6 191.9 190 175.9 161.2 160.8 164.4 163.3 160.9 160.9 169 184.1 189.6 195.4 200.6 205.2 209.3 212.6 215.8 219 222.6 225.9 228.3 230.5 232 233.1 233.1 232.5 232 231.3 230.3 229.3 228.3 228.2 226.2 224.3 224.5 227.2 229.8 232.1 233.6 235.2
196.7 197.2 197.6 197.8 197.5 198.2 198.6 198.5 198.1 199.9 201.5 201.8 203.1 203.1 204.1 203.9 202.5 199.8 197.9 200.5 201.3 201.7 201 200.7 200.8 201.2 201.5 201.4 201.4 201.3 201.2 201.1 200.2 199.1 197.6 196.1 194.7 193.8 191.1 188.4 171.2 161.5 160.7 163.7 163.5 161.1 161.3 169.5 186.2 191.1 196.3 201.2 206.4 211 214 216.8 219.8 224 226.3 228.1 230 231.5 232.3 232 231.6 231.2 230.7 229.7 228.8 228.3 228.6 228.4 226.9 225 227.9 230.5 232.4 234 236.3
200.4 200.7 200.9 201.1 201.4 201.7 202.4 201.4 201.5 202.7 203.6 204.7 205 203.5 201.7 202.4 202.9 204.4 205.3 205.7 206 206 205.3 204.5 203.8 203.6 202.8 203.2 203.7 203.6 203.6 202.9 201.7 200.6 199.5 197.9 196.2 193.2 191.4 188.3 169.2 161.3 161.1 163.4 163.7 161.1 161.2 170.3 184.2 190 196.8 202.2 207.5 211.2 214.5 217.5 220.4 223 225.2 226.9 228.6 229.9 230.6 231 230.5 230.1 229.5 228.9 228.8 228.4 228.8 229.2 228.6 227.6 228.7 230.6 232.7 235.4 236.9
