data/310000-840000.asc
ncols 200
nrows 200
xllcorner 310000
yllcorner 840000
cellsize 50
[rows 70 to 104 of 200, columns 78 to 155 of 200]
274.5 272.3 270.9 266.3 263.3 263.2 265.5 269.1 273.4 277.8 280.1 283 283.8 284.6 285.1 285.7 286.4 287.3 288.3 289.3 290.3 292.2 295.1 299.4 305 310 314.1 319.1 322.7 325.3 326.7 327.3 329.4 329.4 326.9 324.6 322.7 322 319 316 313.3 312.5 311.8 311 309.6 308 305.6 304.1 298 291.1 284.8 280.8 276.4 270.4 264.5 258.9 261.1 261.3 264.2 270.5 276.7 282 285.6 290.1 295.8 295.4 302.6 305.6 310.1 314 318.3 321.8 325.2 329.6 334.2 338.5 341.3 345.3
276.3 274.4 271.1 265.5 262.7 263.7 267 269.8 275.4 279.2 281.5 283.5 284.6 285.5 286.1 286.8 287.5 288.5 289.6 290.7 292 293.5 296.7 299.7 305 310.2 313.7 319 324.3 326.7 328.2 330 331.4 332.6 329.9 326.7 323.7 323.9 322.7 319.3 315 314.4 314.8 314.6 313.1 310.5 307.5 304.7 301.2 297.3 290.3 283.5 278.3 272.9 267.3 262 254.2 252.9 258.2 263.8 270.6 275.4 279.8 284.2 286.8 291.1 296.8 299.4 305.4 308.7 312.8 316.1 320.4 324 327.4 331.7 336.4 341.2
277.5 275.5 271 264.6 261.9 264.7 270 271.9 276.7 281.9 284.7 285.4 285.6 286.4 287 287.7 288.8 289.9 291 292.3 293.6 295.4 298 300.8 305.3 310 313.9 319 323.4 326.3 329.1 332.5 333.9 333.7 332.6 329.3 326.2 323.8 323.6 321.3 317.8 314.9 314.2 317.3 315.2 312.1 308.3 305.1 302.4 299.3 294.7 288.4 281.5 275.1 268.6 263.3 259.7 252.7 252.6 259.2 264.2 270.9 274.6 277.2 280.3 288.8 292.3 294.9 299.3 303.7 306.7 310.1 314 318.2 321.9 327.2 331.3 335.2
279.5 276.9 272 264.5 260.2 266.8 271.6 273.5 278 284.1 286.3 287.8 287.4 287.5 288.1 288.9 290.1 291.4 292.6 293.8 295.5 296.7 298.7 301.8 305.2 309.7 313.8 317.8 322.9 326 329.1 332.3 334.2 334.7 333.8 331.2 328 325.5 322.8 321.7 318 314.5 312.7 314.8 315.3 311.1 307.6 304.6 302.4 299.6 294.8 288.9 282.9 276.4 270.3 264.3 259.7 254.6 247.7 253.9 259.1 263.9 266.8 272.8 279.1 285.5 287.9 290.7 294.5 298 300.7 304.5 308.5 312.2 315.2 321.3 325.1 328.7
281.2 278.7 273 263.1 259.4 268.1 273.3 274.7 278.3 285 286.9 288.5 289 289.5 290.6 290.9 291.9 293.5 294.2 295.4 296.4 297.5 298.9 301.5 304.6 308.8 312.9 316.2 320.1 324.5 327.9 330.7 333.6 334.8 334.1 332.2 329.5 325.8 322.4 319.4 315.4 311.8 310.9 312.2 312.4 310 306.7 303.7 301.6 297.9 293.3 287.9 282.7 276.7 270.5 265 260.1 255.8 244.9 249.8 254.5 257.7 266.5 272.1 275.6 279.2 282.6 286.8 291 293.9 296 298.1 302.1 306.2 310.2 314.7 318.4 321.8
282.1 279.8 274.2 262.7 258.8 266.6 274.4 275.9 280.4 284.6 287.3 289.8 290.9 291.9 293.2 293.7 293.6 294.5 295.1 296.1 296.9 297.9 299.5 301.7 304.1 307.7 311 314 317.8 321.5 325.3 329 331.6 333.6 333.3 331.8 329.4 323.5 319.4 316.2 312.7 308 307.7 308.7 309.6 308.5 304.8 301.1 298.5 295.2 291.1 286 281.9 275.7 270.4 265.3 259.7 254.7 248.5 245.6 250 258 263.9 267.3 271.3 274.8 278 282 286.9 289.3 291.4 293.5 295.6 299.5 303.9 308.2 311.1 315
283.5 280.5 276.1 265.6 258.3 261.5 270.3 276.1 281.6 286 288.8 291.3 293.7 294.9 296 296.8 296.6 296.4 296.3 296.8 297.8 299 300.8 302.4 304.4 306.4 309.2 311.8 314.5 318 321.8 325.6 329.3 331.3 331.6 328.8 324.5 319.3 315.1 311.5 307.7 302.8 302.2 303.6 304.8 303.9 300.7 297.2 294.1 291.5 287.2 283.2 279.2 274 268.6 263.2 258.2 253.4 248.7 238.5 248.8 253.1 257.4 262.7 266.9 270.7 274.7 278.7 282 284.7 286.9 289.1 291.4 293.4 296.7 299.7 305.1 307.5
283.6 280.9 277.7 271.8 259.2 257.9 266.2 276.7 283.5 287.6 290.5 293 296.2 297.8 298.7 299.3 299.5 299 298.3 298.1 299.3 300.8 302.4 303.7 305.3 306.3 307.3 309.4 312 314.9 318.6 322.1 325.7 327.7 327.4 324.2 319.4 314.5 308.5 304.8 300.9 297.7 296.1 297 297.7 297.6 295.5 293.2 290.5 288.1 283.6 279 275 270.7 265.8 260.9 256 251.1 247.3 237.6 245.4 248.3 252.3 257.7 262.9 267.2 271.1 274.7 277.4 280 282.2 284.2 286.1 286.9 289.5 293.2 297.1 300.3
283.8 281.7 279.4 275.4 267.7 258.1 263.3 279.7 285.3 289.3 292.2 294.8 298.3 300.2 300.4 300.8 301.1 300.6 300.2 300 301.2 302.8 303.5 304.6 305.2 305.6 306.6 307.4 309.3 312 314.3 317.7 320.2 321.7 320.7 317.9 312.6 307.9 301.2 295.8 293.3 291 290.1 290.6 292.2 292.1 290.7 288.9 287.3 284 280.3 275.4 271.3 266.7 261.9 257.3 253 248.8 244.5 239 241.7 244.1 248.6 254.3 257.6 262.2 267.2 270.4 272.6 275.5 277.2 279 281.1 283.4 284.9 286.4 290.1 292.8
282.9 280.3 277.1 275.8 268.2 258.6 265.1 281.2 287.2 291.1 294 296.5 299.5 301.3 301.5 301.6 301.5 301.3 301.7 302.6 303.7 304.4 304.6 305.4 305.5 305.6 305.7 306.1 307.1 307.9 309.8 311.6 313.4 314.4 312.8 309.7 304.7 300.3 295.3 290.8 287.7 285.6 284 284.3 285.7 286.7 285.4 284.4 283.3 278.9 275.3 271.8 267.3 262.7 258.4 254.3 250.2 246 242.8 236.1 235.4 240.1 245 250 254.1 258.6 262.5 265.4 267.4 269.8 272 273.6 274.9 277.1 279.7 281.5 284 286.1
282.2 279.2 275.7 272.3 266.8 254.9 270.4 281.2 287.3 292.3 296.1 299 300.9 302.1 302.1 301.1 300.7 300.6 300.6 302.2 304.3 305.5 305.5 305.1 304.7 304.5 304.2 304 302.9 303.5 305.2 306.6 305.8 305.3 304.9 301.4 298.6 293.2 289.4 285.1 282.4 280 278.1 275.9 277.6 280.2 279.5 278.5 277.7 274.6 270.5 266.7 263 258.5 255.3 251.5 247.4 243.6 239.9 234.9 233.4 236 240.1 245.8 250.9 254.7 257.4 260 262.9 264.8 267.3 268.4 269.8 271.3 274.1 275.8 277.6 279.8
281.6 279 276.2 271.1 263.4 254 272.7 280.9 287.2 293.2 297.6 302.4 304.8 304.8 302.6 301.2 300.3 300.3 298.8 299.3 301.7 302.2 302.8 302.4 301.9 301.8 301.1 300.5 299.6 299.2 300.6 300.1 298.5 295.8 295.4 294.7 290.7 286.9 281.7 279.2 276.8 274.8 273.1 272.6 272 273.3 274.4 273.7 272.9 269.7 265.8 262 258.2 254.2 251.2 248.1 244.1 240.3 236.5 233.2 226.9 233.3 236.7 240.9 246.1 250.1 253.1 255.4 258.6 261.1 262.8 263.5 265.1 266.4 267.5 269.6 271.7 273.9
281.6 281.1 277.8 269.7 260.1 253.5 272 280.5 287 293.6 299 304.7 307.9 308.4 304.8 301.9 300.1 298.7 297.2 296.1 296.8 297.6 298.4 298.6 297.8 297.6 297.3 296.9 296.3 295.7 294 292.4 291.7 290.8 289.3 288.1 284.6 279.6 276.9 273.7 271 269.5 268.2 266.8 266.6 267.3 266.8 267.3 267.6 264.6 260.9 257.7 253.8 249.4 246 242.4 238.7 236.8 234.3 231.5 228.6 228.1 234.7 237.1 241.4 245.5 248.8 251.2 253.1 256 257.9 258.8 260.5 261.4 262.5 264 266 268
284.5 283.7 279.9 273 257.5 253.2 269.3 278.5 286.7 293 300.2 305.5 310 311.8 309.5 304.2 300.1 297.6 295.8 294 293.2 293.7 293.8 293.9 293.2 291.2 292.6 292.6 291.8 289.6 287.4 285.6 284.7 284 283.3 281.7 278.5 274.7 271.1 269 265.5 264 263.4 260.8 260.3 260.5 260.5 260.8 261.5 259.6 255 252.1 248.3 244.1 239.8 236.7 235.5 233.9 232.2 230.6 227.5 227.6 231.2 233.6 237.1 241.3 245.3 247.2 249.3 251.4 253.1 254.1 255.6 256.9 257.8 259.2 261.2 263.2
289.6 285.2 279.4 272.1 257.2 254 261.1 276.9 285.3 293.9 299.9 305.6 310.5 313.7 312.9 308.7 301.9 297.8 294.5 292.1 291 290.5 290 289.6 288 285 286 287.1 285.8 284.2 280.6 279 278 277.2 275.6 273.5 271.5 269.1 266.3 263.9 260.7 260 258.8 255.7 254.8 254.3 253.9 255.4 255.6 254.1 250.1 246.1 242.4 238.1 234.8 232.5 230.8 229.3 228.9 229.4 222.6 223.2 227.3 230.5 234.1 237.5 241.6 244.6 246.4 247.6 248.3 249.6 250.6 252.4 253.4 254.5 256.6 258.8
290 285.7 280.7 273 266.5 257.8 256.4 277.5 286.9 294.8 299.9 305.7 310 315.4 314.9 312.6 305.6 298.1 294.2 291 288.2 287.9 286.6 285.4 282.2 279.9 280.3 281 279.3 277.2 274.3 272.8 271.8 270.8 269 267.7 266.5 264.4 262.2 259.7 257.3 255.5 253.8 251 248.6 247.8 247.3 247 247.8 246.1 243.8 239.3 235.9 232.5 230.3 228.2 226.3 225.1 225.5 227.6 224 219.1 224.3 227.7 231.5 234.8 238 240.7 241.8 243.6 244.8 245.7 246.6 248.2 249.1 250.3 252.2 254.3
289.9 286.1 281.1 274.7 267.1 260.2 253.1 277 287.6 294.1 299.7 305.1 309.5 313.7 315.7 314.6 309.7 300.4 294.6 290.6 286.9 283.2 282.5 281.1 277.5 274.7 273.4 273.3 273.7 272.2 269.6 267.8 266.6 265.5 264.2 263.2 262.1 260.7 258.5 255.9 254 252 250 247.4 245.2 243.3 242.5 240.6 239.6 237.8 235.7 234 231.2 228.8 227 225 223.2 222.7 223.5 225.6 226.2 215.7 219.2 225.3 228.8 232.1 234.4 235.2 236.3 237.5 239.1 240.9 242.2 243.9 244.9 246.1 248 250
290 287.6 283.3 274.1 260.7 255.6 255 280.7 290.7 296 299.5 304.1 307.8 310.9 315.1 315.8 312.1 303.7 295.8 290.4 286 279.8 276.6 276.1 273.8 269.7 267.7 265.7 266.2 265.7 265.4 264.4 262.8 261 259.7 259 258.2 257 254.7 252.8 251.4 250.1 247.7 245.1 243.1 241.1 238.3 236.6 233.6 232.1 230.1 229 227.4 225.3 223.7 222.1 220.9 220.8 221.4 225.3 225.7 225.2 214.8 223.9 226.1 227.7 229 229.8 232.2 233.4 235 236 237.8 239.7 240.7 241.9 244.2 246.2
289.7 286.9 283.2 272.9 258.9 253.7 263.9 284.4 292.3 296.1 299.3 302.6 306 308.9 313.4 316.3 313.7 305.1 298.1 292.2 284.9 279.2 273.3 271.5 268.3 266 263.3 261.5 260.5 260.2 260 259.5 256.9 251.6 248 248.1 251 251.8 250.3 249.9 249.6 248 245.6 243.1 241.1 238.8 236 233.1 230.5 228.7 226.9 225.7 224.4 223.1 221.8 220.1 219 218.5 219.6 223 223.9 223.6 212.6 221.3 221.9 222.7 223.2 225.3 228 229.9 231.5 232.8 234.1 235.7 236.8 238.6 240.2 242.6
287.4 284.7 278.9 268.8 256.6 251.9 274.7 288.9 293.9 296.8 299.1 301.8 303.7 306.4 310.7 315 314 307.5 300.5 293.6 285.8 279.2 272.7 267.6 265.4 263.4 261.2 258.6 256.5 255.7 254.1 253.7 249.1 241.6 236.6 235.3 239.4 243.9 243.5 243.8 244 246.1 244.5 241.6 238.9 236.5 233.8 231.1 228.9 227.1 225.8 224.5 223.2 222.2 220.7 219.1 217.7 216.3 216.3 220.9 221.2 221.2 217.3 212.9 217.7 218.6 219.5 222.6 224.5 226.3 228 229.5 230.9 232.3 232.9 235.2 237.8 236.1
287.1 286.7 281.1 268.1 253.7 253.7 279.5 286.4 293.8 297.4 298.8 300.3 301.9 304.2 308.2 312.3 312.3 309 302.6 295.1 287.5 279.8 272.5 268.4 265 262.8 260.6 257.4 254.9 252.4 249.4 247.6 243.7 236.9 233.1 230.1 227.5 230.7 232.5 234.6 237.7 239.5 240.6 242.7 240.1 235.4 231.8 229.2 227.3 226 225.1 224.1 223.1 222 220.8 218.8 217.2 215.2 212.8 215.8 215.8 217.2 216.4 208.2 212.9 215 216.5 219 220.7 222.5 224.2 226 227.6 229.1 230.1 231.7 231.3 228.1
289.8 288.2 284.2 266.8 251.9 258.1 279.8 283.9 289.5 294.5 296.6 298.4 300.2 303.1 306.2 309 310.1 308.6 302.8 295.3 287.8 279.9 273.1 268.1 263.7 261.7 259.3 257 254.3 251.8 248.3 244.4 237.7 232.4 229.9 228.1 227 224.7 221.5 223.3 226.4 231 231 234.1 236.1 233.6 230 228.1 226 225.2 224.6 223.9 223 221.8 220.7 219 217.4 215.1 212.2 209.7 209.4 214.3 217.4 207.5 206.3 209.7 213.1 215.4 216.9 218.7 221.1 223.5 225.4 226.4 226.7 227.1 221.6 230.4
290.2 285.8 282.5 268 252.3 256.6 277.3 284.8 290.7 294.5 295.8 297.4 298.4 300.3 303.2 306.2 307.7 306.9 302.6 295.6 288.2 280.3 273.3 267.4 262.3 260.1 261 259.8 256.8 251.8 251.5 247.8 238.1 232.7 229.7 225.3 221.8 221.9 220.5 218.5 215.1 218.2 220.2 224.4 231.1 231.4 229.9 227.9 226.1 224.9 224.2 223.4 223 221.8 220.6 219.9 219.5 217.6 217.5 216.7 210.8 206.3 209.6 209.8 206.3 205.5 208.5 211 212.7 215.9 219 220.9 222.8 224.6 221.4 220.8 230.6 233.8
292.4 292.6 285.8 272.2 256.9 251.3 275.3 283.8 289.7 291.9 294 295.8 296.2 297.7 300.5 303.3 304.9 303.9 300.7 296.9 289.7 281.5 273.8 267.4 261.5 257.3 263.2 261.9 257.1 248.9 248.1 242.5 234.8 232.5 231.4 226.6 217.8 205.5 202.3 203 202.5 203 215.4 217.1 223.2 228.7 228.1 226.7 225.6 224.5 223.2 222.3 222.6 222 221.4 221.3 221.1 220.6 220.4 219.3 214.7 211.1 206.1 205 205.1 204.2 203.6 203.7 206.9 209.1 214.5 217.2 218.5 216.3 215.6 226.4 228.4 231.4
295.9 297 287.3 271.4 258.2 247.6 270.8 281.1 286.6 289.2 291 294.1 293.9 295.2 297.9 300.3 301.7 301 298.4 295.8 289.3 281.7 273.2 266.8 260.3 253.6 251.1 246.6 242.5 236.2 237.7 234.9 231.6 230.7 225.2 210.1 204.8 203.4 205.9 203.2 203.1 201.4 205.9 217.7 216.8 222.4 224.1 224.7 224 223 221.8 221.8 222.1 222.2 222 221.6 221 220.2 220.3 218.7 213.9 210.7 207.5 203.2 203.5 202.6 201.5 201.8 203 203.6 210.6 211.5 208.5 216.8 223.6 225 226.1 228.7
296.9 293.2 289 270.8 252.5 250.6 267.9 278.5 285.2 289.7 290.2 290.1 290.8 292.8 295.6 297.6 298.7 298.1 296.9 293.1 287.1 280.9 272.1 265 256.5 248.5 237.4 229.7 222.5 215.9 222.5 218 222.4 215.3 205.9 206.3 221.8 222.8 221.4 219.8 213.2 204.1 201 212.3 213.1 214.8 218.4 219.6 221.1 219.1 219.2 218.4 218.4 219.9 218.8 217.1 220.5 219.3 219 216.9 214.9 208.7 203.4 202.2 202.2 201.7 199.4 199.6 199.8 200 202.7 205.4 217.8 220.8 221.8 222.4 224.8 227.6
298.1 292.1 283.1 276.4 258.6 248.1 261.7 274.9 290 287.4 287 287.6 288.5 290.1 292.6 294 295 294.7 293.5 290.7 284.8 278.4 269.9 261.2 249.6 233.3 215.9 211.3 211.6 209.3 209 208.5 208 207.7 212.3 221.6 228.2 228.5 227.9 228.3 222.9 209.5 200.7 205.7 209.8 212.9 214.7 215.4 215.4 215.2 215.1 215.3 214 212 210.9 210.3 210.1 209.8 210.6 209.6 205.9 203.2 201.9 200.8 200.1 199.6 198 197.8 198.6 200 201.9 203.9 211.7 217.4 218.2 222.1 224.8 227.8
295.1 292.8 292.3 285.6 268.8 245 249.8 266.2 273.5 278.7 279.9 283 284.7 286.6 287.5 288.3 289.4 289.5 289.1 284.9 280.9 274 265.1 253.7 235.6 215.9 211.3 223.6 225.2 216.1 210 221.8 214.4 211.3 218.8 226.3 231 232.5 231.2 230.2 227.2 218.8 205.8 200.2 201.7 211.1 213.7 214.5 214.2 214.1 214 214.4 213.4 211.5 208.4 207.1 206.7 206.9 207.1 205.7 203.6 201.7 200.6 198.1 196.2 196.4 197 196.9 197.9 199.4 200.8 201.5 205.6 213.2 216.8 222.3 225.1 227
299 298.3 292.5 290.4 281.2 263.3 243.7 252.1 263.9 271.8 275.6 278.5 280.7 282.3 283.1 282.9 283.7 283.7 282.7 279.2 274.7 267.8 256.7 238.6 220 213.3 231.4 245.1 249.2 230.4 228.4 233.9 230.4 227.1 230.4 232.8 234.4 234.4 233 231.3 229 222.4 213.3 202.3 198.8 202.6 209.5 212.7 212.5 212.5 212.6 213.1 212.8 211.6 210.4 206 204.9 204 203 201.5 200.5 198.2 196.2 195.6 195.1 195.1 195.6 194.2 196.6 197.8 198.5 199.1 205.4 212.5 216.5 219.4 222.4 223.8
306.9 305.3 299.5 296.7 291.9 275.3 253.2 241.3 253.2 266.3 269.3 272.7 275.8 277.7 278.5 278.6 277.9 276.9 275.8 270.9 264.7 257.3 239.4 223.9 215.2 226.4 246.5 259.7 258.2 252.8 244.3 244.6 242 238.4 236.8 237.6 237.1 236.5 234.1 231.2 229 227.8 223.5 213.3 203.1 198.3 198.2 198.6 201.5 208.6 209.8 211.1 210.9 210.5 209.3 206.8 204 201.2 198.5 196.6 196.1 194.9 194.1 193.9 193.7 194 194.5 194.7 194.5 195.8 196.5 197.2 202 212.6 213.1 214.7 215.9 216.2
308.3 305.3 300.4 295.7 291.3 283.2 265.7 247.5 238.1 251.1 259.7 264.4 268.8 272 273.3 273.2 272.3 270.4 267.4 259.4 244.7 232.6 218.7 217.6 232 246.8 254.4 261.7 263.4 264.1 264.2 264.2 262 251.7 244.1 240.7 238.4 237.1 234.3 232.6 232 231.3 233.3 230.6 220.1 213 209.9 208.9 201.1 196.3 200.2 203 201.4 204.3 205.2 201.2 194.9 194.4 194.1 194.2 194 193.4 192.7 193.2 193.1 193.4 193.8 193.7 193.3 194.4 194.9 195.4 196 208.5 209.4 210.2 207.4 213.6
308.6 306.3 301.3 297.6 293.1 284.8 270.1 249.6 233.7 239.9 249.7 257.2 260.9 263.7 267.1 265.9 259.9 255.8 251.2 234.7 220.2 219 222.6 241.5 251.6 256.8 261.6 258.2 256.6 259.5 260.7 263.5 263.5 256.8 245.1 240.1 238.3 235.7 235.4 234.6 234.2 234.1 233 234.6 237.4 233.2 230.4 227.5 219.8 207.4 195.8 196.8 196.5 196.7 195.9 202.7 205.3 199.4 194 193.7 193.4 193.2 192.9 192.6 192.6 192.8 193 193 192.9 192.9 193.2 193.5 193.8 201.9 204.6 205.1 205.2 211.5
309.1 305.9 302.8 297.3 290.8 284.4 269.3 250.7 232.3 234.9 240.6 248.9 251.9 255.6 260 259.9 255.3 249.4 230.1 221.1 233.2 240.1 244.6 253.5 253 256.8 258.1 251.6 249.3 248.9 249.3 251 260.2 252.5 243.5 240.1 238.3 237.5 237 236.6 236.2 235.1 234.7 234.6 235.3 237.7 234.7 232.6 227 223.8 221.7 219.3 217.6 214.7 215.2 214.1 214 211.7 208.3 200.8 194 193.5 193.4 192.6 192.4 192.5 192.5 192.2 191.7 191.7 191.7 192 191.9 195 200.7 198.8 203.9 207.3
311.5 307.4 303.1 298 292.4 284.5 268.4 248 231.7 234 233.7 242.4 245.9 247.3 249.4 253.4 253.5 245.3 240.7 223.6 223.3 238.5 249 252.9 250.3 249.2 248.9 247.1 246.6 246.5 246.2 245.3 244.3 243.1 241.8 240.4 239.4 238.9 238.4 237.9 237.4 235.7 235.1 234.2 233.5 232.9 232 230.4 227.8 225.6 223.8 221.9 220.6 219.2 217.6 216.4 215 213.1 210.7 208.3 206.7 198.8 194.7 193.3 192.2 191.7 191.4 191.3 191.3 190.9 190.4 190.3 190.3 191.1 195.2 196.5 200.4 203.7
315.8 310.7 306.7 301.9 295 284.1 271 250.1 231.5 230 231.6 237.9 242 242 241.1 243.5 242.4 241 238.1 224 223.7 228.5 241.3 245.3 246.7 247.6 248.2 248.1 247.5 247.9 246.9 245.6 244.6 243.3 242.5 242 240.6 239.7 239.3 238.9 238.2 236.5 234.9 234.1 233 231.6 230 228.5 227.2 225.8 224 222.3 221.1 219.9 218.5 217.5 216 212.8 210.5 208.2 206 205.1 206.2 206.3 206.5 203.5 203.6 205.2 204.4 197.1 200.1 190.9 189.9 189.7 191.6 197.3 199.7 201.6
