data/310000-620000.asc
ncols 200
nrows 200
xllcorner 310000
yllcorner 620000
cellsize 50
[rows 70 to 104 of 200, columns 0 to 77 of 200]
463.5 452.1 436.9 424.3 412.1 398.5 385.8 375.8 362.6 353.8 346.8 337.3 328.6 321.6 315.5 303.1 282.8 264.7 247.3 244.2 227.5 227.1 226.8 226.8 226.8 226.6 224.2 226 236.9 249.4 265 286.8 317.2 353.2 387.7 416.1 435.2 447.5 453.2 455.2 453.8 450.8 445.8 441.8 437.3 440 445 456.4 469.4 478.3 475.5 464.4 453.4 442.8 433.4 424.4 416.6 408.9 401.7 393.9 384.6 374.7 367 362.7 361.6 361 359.6 354.4 354 353.6 356.3 358.9 362.5 364.8 368.6 371.9 375.7 379.7
463.7 450.1 434.8 420.8 408.4 396.4 385.8 379 372.4 365 357 349.6 342.8 334.3 324.2 306.8 283.8 263.1 247.4 234.2 228.2 227.9 227.7 227.4 227.1 226.8 223 228.2 240.3 251.9 266 287.4 319.3 355.4 386.5 412.7 433.6 444.6 449.9 450.2 446.6 441.6 435.7 431.1 430.8 436.9 440.8 450.9 466.4 480.4 489.7 481.6 472.6 465.1 455.3 447.3 439.4 433.7 429.1 422.5 412.8 402.3 395.4 392.1 392.3 391 393.2 387.3 384.1 379.7 375.5 372.9 373.4 372.5 372.4 374.6 374.3 375.6
466.3 451.1 435.5 422.3 410.2 398.8 391.9 384.6 376.9 371.1 364.7 359.4 351.9 341.6 328.6 304.9 278.4 257.9 243.6 229.4 228.3 228.3 227.8 227.5 227.2 226.9 225.5 236 243.7 254.9 266.7 291.1 321.2 355.8 384.3 407.7 426.4 439 442.3 440.4 435.5 428.4 422.1 418.6 419.9 425.5 431 439.2 455 471 484 491.3 487.2 482.5 476.2 470 463.5 457.6 453.7 447.8 440.1 429.4 422.8 420.4 420.2 421.2 421.6 419.5 415.4 409.9 404.4 400.5 395.9 390.7 389.6 391.2 390.8 386.3
470.2 453.5 437.5 424.7 412.7 403.4 397.5 390.5 381.6 376.7 371.2 366.4 358.8 345.4 326.3 297.5 270.3 252.1 231.5 228.1 228.5 228.6 228.2 227.8 227.3 226.9 228.3 237.8 246 256.3 269.8 292.7 321.2 353.7 381.8 400.8 418 427.5 430.8 425.6 419.5 411.5 406.8 403.5 405.4 410.3 417.4 425.7 439.3 457.4 472.5 484.3 492.1 496.1 493.3 487.9 484.1 479.9 476.4 471.6 465.3 454.5 446.6 444.7 443.6 441.6 445.9 445.8 442.4 437.4 433.4 430.3 423.7 418.7 416.2 413.4 408.2 401.4
473.1 457 441.4 428.5 416.1 409.3 403 396.2 387.7 381.8 376.1 370.8 360.7 343 318.6 288.7 262.7 247.1 231.3 228.7 228.7 228.8 228.7 228.2 227.7 223 235.7 240.5 249 259.5 271.5 293.3 323.9 352.6 375.2 393.8 406.1 411.5 409.5 405.4 400.5 393.7 387.3 382.6 384.5 393.6 402.9 411.6 423.1 440 455.9 469.2 478.3 482.9 486.2 490.7 493.7 490.7 495.7 493.2 488.6 477.8 471.1 466.9 466.9 467.3 471.7 470.1 465.5 463.3 458.1 453.6 449.2 444.1 442.2 439.2 429.6 421.4
474.9 459.6 444.5 430.3 420.6 414.6 407.7 401 392.9 385.6 380 372 358.9 338.1 309.5 279.1 256.8 241.9 228.3 229 229 229 229 229 228.2 223 237.9 243.3 251.5 261.8 274.3 291.2 319.2 346.1 368.5 380.5 384.3 384.2 381.5 377.2 372.6 368 363.2 360 361.9 370.6 382.1 393.5 405.5 420.9 435.9 447.6 454.3 456.9 461.8 468.4 475.6 485.3 493.4 502 502.1 498.5 493.9 489.4 489.9 493.9 496.5 497 492.4 488.3 484.2 476 470.3 461.8 459.9 456.3 450.3 447.1
472.8 459.3 445.2 430.6 423.6 419.3 412 405.7 396.9 387.3 380.7 371.2 353.3 329.7 298.4 269.2 252.2 234.9 229.3 229.4 229.3 226.3 226.3 227.3 227.7 239.1 240 245.5 253.4 263.7 275.8 288.4 313.3 338.1 348.8 349.9 350.4 350.4 347.9 345.4 342.6 340.3 334.9 332.8 335.5 342.3 354.1 369.5 382.7 397.2 411.2 420.7 424.2 426.8 430.7 438.4 447.5 459.6 473 484.3 495.8 503.7 508.1 509.4 512.6 521.2 523.4 522.7 517.3 512.7 507.7 499.8 490.9 483.1 478.5 475.8 472.3 468
467.9 453.2 435.1 426.3 423.2 418.2 413.2 407.8 397.8 386.1 377.2 364.1 343.7 317.3 286 263.3 248 233.7 229.7 229.5 227.7 228.6 229.3 234.6 239.4 240.4 242.5 247.9 255.5 264.9 277.5 290.1 306.1 315.4 319 318.4 317.5 315.9 313 308.8 300.2 300.7 302.5 301.6 306.1 313.2 325.8 340.5 355.7 370.4 384 389.7 391.1 393.4 397.7 405.2 417.7 431.5 447.3 463.3 479.3 493.9 506.5 518.2 529.5 542 547.1 544.2 539.2 534 528.4 520 511.5 505.3 498.1 493.6 491.1 488.8
457.4 440.4 423.2 413.6 414.3 412.1 409.1 406.1 392.8 381.3 371.3 356.8 334.6 305.7 276.1 257.2 245.1 229.7 229.7 227.6 228.9 229.2 230.3 236.8 240.5 241.6 243.9 247.8 255.8 265.6 278.2 287.4 292.2 290.9 291 289.4 283.9 281.1 278 277.5 273.6 272.5 276.1 278.2 282 288.2 296.9 312.4 327.9 342.1 352.4 356.7 357.1 358.8 362.8 373.4 388.3 402.5 421.4 440.5 460.2 478.6 497.6 514 529 542.2 549.7 549.1 548.1 545.1 543.7 540 533.6 525.5 519.2 513.2 510.5 510.1
445.5 426.4 411.3 397.2 396.9 398.9 398.8 397.1 385.5 375.8 365 347.5 323.1 295.6 268.4 252.4 242.3 229.3 229.8 229.9 230 230 229.5 235.4 238.3 241.4 244.3 248.2 255.1 265 274.2 276.1 274.7 268.6 264 264.3 265.6 266.1 268 270.1 272.8 277.4 274.2 275.9 279.4 280.2 283.5 293.3 304.3 314.1 322.1 324.6 324.7 325.4 330.8 339.7 355.4 375.1 396.8 418.2 441.2 462.7 483.2 502.8 518.8 531.5 541.1 547 549.8 551.9 554.9 555.4 553.4 547.1 538.9 533.8 532.7 531.3
434.7 415.8 401.6 386.8 378.3 380.9 384.7 384.1 377.7 368.1 354.2 336.5 311.8 286.8 261.7 248.6 239.6 230.1 227.9 229.9 230.3 230.7 231.1 233.5 236.6 239 243.2 248 254.3 261.5 265.6 262.5 259.7 260.9 262.3 263.4 274.4 278 280.2 281.8 284.3 288.4 289.7 289 286 279.3 282.7 285.9 291.6 297.6 298.9 304.8 313.9 321.5 331.4 340.4 341.2 348.4 374.2 397.7 424 447.3 468.2 488.2 505.1 518.3 529.4 539.6 548.2 555.4 562.1 566.5 567.1 566.9 561.2 555.2 554.6 554.5
427.7 410 395.3 379.9 366.4 360.1 364.9 366 363.6 356.1 340.7 321.9 300.8 276.6 254.4 243.9 231.1 230.1 229.4 230.2 231 231.4 232.2 236.9 243.3 246.2 247.2 242.8 246.9 259.7 257.5 261.4 267.8 274.9 278.6 281.5 286.6 288.6 290.4 292.6 296 298.8 300.5 301.3 298.9 292.8 282.4 285.1 288.4 298.4 314.8 330 341 351.1 361.3 368.9 369.4 354.7 355.4 378.7 404.9 432.1 453.2 473.2 490.2 504.6 518 532 544.9 556.5 565.8 573.8 579.5 581.4 581.3 578.4 577.4 578.4
424.1 408.3 393.3 376.5 360.3 349.3 342.9 345.2 342.9 338.6 326.1 307.1 287.1 261.1 248.4 241.4 231.3 228.8 230.6 231.3 231.8 231.8 231.5 240.8 250.2 254.6 259 263.5 264.5 268.9 275.8 278.2 280.9 285.5 290.9 296 300.4 302.6 304.6 307.8 310 312.5 315.2 315.6 312.8 304.3 290 284.8 285.4 299.5 318.5 340.6 358.6 372.6 383.9 392.6 392.7 380.5 362.3 362.7 389.1 416.8 440.3 459.4 475.9 492.6 505.6 522.1 539.8 554.3 567.7 579.7 587.6 591.7 596 599.8 601.5 602.8
419.8 408 392.8 377.2 357.2 341.5 333.5 325.8 319.9 317 309.3 290.9 270.7 251.4 243.9 241.3 233.6 230 231.9 232.4 232.5 232.4 232.2 242.8 253.1 260.4 266 270.9 272.8 279.1 288.3 293.3 295.7 299.8 309.8 314.2 318.8 320.7 324.1 328 330.2 332.6 335.1 335.1 328.7 316.8 303.2 285.9 286.2 297.9 317.9 342.5 364.3 381.4 395.8 407.5 411.6 402.6 385.6 367 375.9 404.5 429.1 449.4 466 482 496 513 532.8 550.2 566.5 581.9 592.3 601.6 609.8 617.2 623.8 625
414.6 404.6 392.1 380.3 364.1 344.9 330.4 316.2 300.8 295 287.2 274 255.5 244.4 242.1 237.5 229 232.1 232.7 232.6 232.7 232.8 232.9 246.4 257.6 266.9 275.1 283 285 287.8 294.9 304.9 315.3 322.5 331.4 335.8 339.6 342.8 347 352.4 355.2 357.6 359 356.5 348 331.8 313.2 298.3 287.4 294.4 314.4 338.4 365.2 384.3 400.6 413 420.4 418.9 404.8 386.2 367.9 395 423.2 443.4 460.3 475.7 489.6 505.9 525.2 544.8 563.5 581.2 595.4 609.7 623.7 634.6 642.4 645.7
407.6 399 389.4 379.5 367.2 352.6 335.6 320.8 302.2 283.3 270.3 258.4 247.5 244 240.4 234.1 231.3 228.9 232.1 232.9 233 233.4 234.2 248.3 262.3 275 285.2 296 302.9 306.8 314.1 324.2 334.8 343.6 352.6 358.7 365 369.8 374.3 378.1 381 381.3 379.9 376.2 365.8 347.3 326.1 306.7 293.3 289.5 308.7 333.7 362.7 386 403.8 417.8 424.8 427.4 422.1 405 379.7 391 417.8 438.8 455.8 471.3 485 501.3 517.7 538.4 559 578.7 597.8 618.2 635.9 649.7 659.1 663.6
399.9 392.8 386.6 379.1 369 355.9 340.6 325.1 303.4 280.6 261.4 252.5 247.8 243.3 238.6 231.3 231.6 231.8 229.3 233.8 235.8 237.8 238.9 252.2 266.1 282 297.1 312.1 320.8 324.7 332.6 342.2 350.8 362.4 374.2 385.5 393.3 396.6 402.4 405.9 404 400.6 397.1 391.8 380.2 361.1 338.8 317.5 301.1 291.7 308 329.3 360.1 385.6 404 418.1 427.2 432.1 432.7 420.5 400.5 384.8 411.2 435.5 452.6 467.6 482.5 498 512 530.4 554.3 576.8 597.9 620.5 641.6 659 671.9 679.4
391.9 384.8 378.8 374.2 365.6 356.6 339 319.9 296.2 270.7 257 249.7 244.7 241.5 235.5 231.6 231.7 231.9 231.6 234.5 241.1 244.4 244.9 254.9 269.2 288.4 310 328.2 335.8 345.2 354.7 364.4 376.4 387.8 398 407.7 415 415.5 419 423.4 420.5 414 408.7 405 394.4 373.9 349.8 326.8 306.8 293.7 302 327.1 355.5 381.7 400.4 416 426.1 432.7 435.8 430 417.4 404.7 405.9 431.9 449.9 464.4 478.9 493.9 509.1 524.6 550.4 574 594.9 618 640 660 676.3 687
381.6 375.5 372.2 368 360.5 347.8 331.1 307.7 281.6 262 252.8 245.4 241.3 235.6 234.9 233.3 232.5 232.2 231.4 238.2 251.3 253.1 250.7 251.2 270.9 291.8 314.2 335.6 351.4 364.5 375.5 388.2 398.9 410.5 421.7 429.2 431.2 430.4 432.5 433.6 431.7 426.4 420.5 415.7 408.6 386.5 358.7 334.9 312.8 294.7 300.3 324.3 350.6 375.9 396.5 412.9 424.6 432.5 438.3 439 433.6 425.3 411.5 425.3 444.6 459.7 474.9 490.7 505.7 522.9 545.2 568.8 589.5 613.2 634.3 653.3 669.9 682.9
370.1 368.2 367 362.2 353.4 338 318.7 293.6 270.4 253.8 247.4 244.1 238.9 235.2 235.1 234.5 233.4 233 234.3 252.5 262.3 264.7 262.8 262.4 268.7 292.7 315.7 336.8 355.8 372 387 400.1 413.8 426.9 438.7 443.4 442.7 441.2 441.9 442.4 441.1 437.2 432.2 425.7 418.1 396.6 366.6 340.4 315 299.8 300.1 321.8 345.3 371.8 392.8 408.7 422.3 432.9 440.1 444.5 446.1 445 437.1 423.9 434.3 451.7 468.7 486 504.5 521.1 542.8 563.1 585.5 605.9 625.4 643.6 659.7 672.3
358.9 358.6 358 352.8 341.9 325.4 304.8 280.3 259.1 249.1 244.5 243.1 235.4 235.1 234.6 234.7 231.5 232.8 248 263.2 271.1 276.9 274.7 271 267.7 283.9 304 327 349.5 370.4 388.6 404.4 420.7 434.9 444.6 448.8 449.2 448 449 450 449 446.5 442.1 433.2 421.9 400.9 373.3 344.5 320.8 302.8 298.7 318.9 342.8 369 390.1 405.5 419.3 432 441.9 448.9 452.8 456 455.9 449.4 437.2 440.3 458.9 478.4 496.8 517.6 537.9 558.2 578 597.3 616.3 634.2 651.1 664.9
344.5 344.8 345.2 343.9 335.2 314.5 287.4 267 254.6 245 243.3 238.3 235.7 235.3 234.7 231.5 233.4 239.6 257.7 271.4 282.2 292.6 287.5 277.9 272.7 278 292.9 315.2 337.8 359.9 383.6 400.2 417.1 432.5 440.7 447.2 451.4 452.2 454.9 456.2 455.8 455.3 449.8 440 423.4 402.9 376.4 348.1 324.4 306.1 301.2 317.3 341.2 365.9 387.8 403 417.3 431.5 443.2 452.6 458.7 463.2 466.5 464.5 456.3 448.1 447.8 467.7 488.3 508.6 529.6 549.5 569 588.3 607.2 625.8 643.5 658.1
329.2 329.6 331 330.1 322.2 301.6 263.1 254.3 246.7 243.8 237.6 236.4 236.2 235.4 234.2 234.2 233.7 247.1 262.2 282.5 296.5 305.3 300.5 291.9 282.7 279.9 286.4 302.4 322.5 343.8 369.4 390.8 408 423.2 434.1 444.1 451.4 456.9 460 461.5 463.1 463.6 457.9 444.9 427.3 405.6 377.9 350.5 327.6 308.6 305.3 325.3 343.3 364 385.3 401.5 416.3 430.4 443.8 455.1 463.7 470.2 474 476.1 471 465.2 453.9 458.1 478.4 499.1 520.5 540.5 559.7 577.2 596.3 616.5 635.4 652.2
320.9 319.5 313.5 311.5 299.3 286 260.2 252.4 245.3 244.1 236.9 236.8 236.4 235.6 231.5 234.6 239.5 250.9 265.4 287.2 309.1 321.5 319.9 308.1 297 290.4 288 297.8 313.2 331.7 353.1 380.6 400.2 416.4 429.1 441.2 451.4 460.2 464.2 467.3 469.8 469 461.8 446.1 427.7 405 379.8 353 329.5 308.9 310.2 327.1 341.8 363.3 384 400.5 415 430.4 443.9 457 467.8 475.7 481.1 484.2 484.5 478.6 470.5 460.9 469.5 492 512.5 531.6 551.6 571 591.1 610.7 630.4 647.7
310.8 301.3 296 294.9 286.9 270.1 254.9 247 244.7 244.2 238.1 237.4 236.3 235.1 233.9 237.9 244 255.6 269.5 294 320.7 338.7 337.7 325.3 312 300.7 296.5 295.4 308.3 325.8 344.2 368.3 390 411 428 443.2 456 464 469.7 472.8 473.9 471.4 460.7 443.3 425 403.8 380 353.5 329.2 308 312.3 327.2 341.4 362.3 382.3 400.1 414 430 445 457.3 469.2 479.7 486.7 491.9 493.6 492.4 486 475.9 468.4 485.5 506.5 525.7 546.3 566.5 586.9 606.7 627.1 644.9
300.2 290.5 283 281.6 274.8 260.9 252.3 246.1 245.6 242 239.5 237.4 235.8 233.9 239.8 242.8 248.5 260.3 278.2 304.5 332.8 353.1 353.6 342.1 327.5 314.2 304.1 300.1 305.1 321.3 339.4 360.4 385.2 407.9 430.8 448 460.1 469.4 475 476.7 475 468.5 456 438.9 422.8 403.4 378.6 351 326.6 310.3 315.5 329.9 342.1 361.2 380.9 398.4 414.1 429.5 445.2 459.1 471 484 491.9 498.5 503.2 503.4 500.2 491.2 479.1 481.1 502.9 523.1 543.1 562.8 582.2 605.6 624.8 642
292.5 284.9 280.8 277 265.6 254.4 246.7 246.5 246.1 240.9 238.7 237 235.3 238.7 242.9 246.8 252.4 265.9 287.8 314.7 343.9 366.5 367.3 356.3 342.9 329.2 316.9 307.9 307 319.6 338.3 356.8 380.8 406.1 429 448.9 464.3 474.8 480.3 479.2 473.5 464.2 451.2 434.3 419.2 400.5 375.2 347.5 326.3 312.1 318.1 331.7 343.1 359.5 380.4 395.9 413.3 429.5 445.4 461.1 473.9 487.1 497.4 506.8 510.5 512.2 511 505.2 494.7 488.3 501.4 522.9 541.7 563 583.3 604.4 623.2 640.3
293.4 280 270.8 264.4 258.9 250.2 246.9 246.4 243.8 242 238.2 236.6 232.2 242.1 245.2 248.9 256.2 273.1 292.4 320.8 353.3 375.2 379.4 371.8 359.3 346.4 332.3 318.9 314 319.5 336.9 355.2 378.4 401.1 423.3 446.2 465.8 478.6 484.2 481.2 472 459.5 444.8 427.8 413.7 396.9 371.1 343.3 323.3 314.6 323 333.5 344.3 358.9 379.2 396.1 413.5 430.1 446 461.9 477.3 490.9 502.5 511.4 516.9 520.1 521.4 517.9 508.5 494.8 499.8 523.3 542.8 563 582.4 602.6 622.7 638.6
283.4 272.5 263.7 256.3 249.3 247.9 247 241.8 240 234.8 236.9 235.8 233.6 244.6 247.7 251.4 259.4 279.4 297.5 324.1 358.4 379.9 390.2 385.7 374.7 362.5 347.8 332.5 322.3 320.3 336 354.8 377.6 401.6 422.1 442 462 478.7 485.3 481.7 470.2 454.1 438.3 421 407.5 388.6 363.8 338.2 320.4 315.9 329 338.3 347.6 361.4 377.8 395.7 412.9 430.4 446.9 463.2 480.1 493.1 504.3 515.5 522.7 527.8 529.5 529.2 521.7 510.3 505.5 523.6 542.6 562 581.1 600.3 621.2 637.6
276.1 264.2 255.7 250 248.6 247.5 246.4 241.2 235.2 236.4 235.7 236.7 239.7 244.5 248.6 253.3 261 277.6 296.6 321.6 356.7 375.8 392.1 394.5 388.4 378.3 363 346.5 332 327 331.7 352.3 375.9 398.9 422.1 441.6 457.2 473.9 481.4 478 466.6 449.7 434.7 416 399.4 379.1 356.3 334.8 319.4 323.8 336.1 344.6 352.5 361.8 376.6 393.9 411.1 428.3 447 464.1 481.1 495.4 509.5 520.3 530.2 536.6 540.5 540.5 536.2 526 511.6 523.4 543.2 560.4 579 597.9 618.2 636.7
266.6 256.2 250.1 249.2 248 247.3 242.1 237.1 236.6 236.4 238.9 238.2 240.9 240.4 247.5 253.8 260.5 272.4 289.4 312.6 342.6 366.2 384.3 396.8 398 390.5 379 361.3 344 333.6 331.1 346.9 371.1 396.5 419.1 435.1 451.7 466.1 474.7 472.4 461.6 445.8 434.1 414.6 393.1 372.1 351.2 329.3 321 332.1 340.8 349.1 357.2 365.8 377.6 392.9 411.1 428.9 447.6 465.1 480.5 498 514.2 526.2 537 545.3 550.9 552.5 549.9 541.8 531.6 526.9 543.1 560.7 578.3 597.3 617.1 636.3
259.9 250.6 249.3 247.5 243.7 242.7 237.6 236.9 237.5 237 238.2 240.5 246.3 248 247.4 252.3 260.1 268.8 280.6 299.9 326.8 351.2 372.1 391.3 401.5 400.9 392.1 376.3 358 340.9 335.9 344.6 364.6 387.4 406.3 421 439.7 456.2 467.1 467 457.7 444.1 433.7 414.9 389.3 367.3 346.9 327.3 325 333 342.8 352.5 360 367.8 380.7 395.4 411.4 429.1 445.7 463 479.3 495.6 512.7 526.2 538 548.5 556.4 561.1 560.3 556.5 549.1 539.8 540.8 559.1 578.7 597 615.4 632.2
251.4 250.2 244.9 244.1 243.6 242.9 238 237.3 237.4 239.3 243.3 251.5 255.4 255.1 256.1 251.8 257.5 265.9 275 287.9 311.6 336.6 361.6 382.1 397.4 403.8 402 389.2 370.5 352.5 343.2 343 357.4 375.2 389.5 404.4 424.4 442.5 457.4 465.4 458 445.8 433.4 413.7 387.2 363.2 345.1 329.3 324.9 338.1 350.1 359.9 362.9 371.4 385.5 400.4 414.2 428.7 443.4 459.7 475 490.4 505.2 520.5 533.4 546.1 556.9 565.3 568.6 565.9 563.5 557.4 550.9 555.1 576.1 595.8 611 626.8
251.8 246 244.2 243.3 243.2 241.8 238.3 235.6 240.8 249.6 258.7 264.3 267.3 263.7 266.4 266.1 261.8 258.2 268 279.5 296.7 322.5 349.8 369.1 385.5 397.8 404.7 400.7 382.7 365.6 352.9 349.3 352.4 362.2 375.2 390.9 412.8 431.7 448.9 460.9 458.3 447 433.6 411.4 385.3 361.6 344.2 329.1 328.7 341.7 355 366.2 374.9 373.5 389.5 404.3 417.1 430.3 442.1 456.8 469.9 483.8 498.6 513.6 526.7 540.4 553.2 565.2 573.7 574.7 573.6 571.9 568.8 562.6 570.4 591.3 607.9 623.9
248.1 246.4 240.8 241.7 241.8 240.3 237.9 241.1 249.4 263 272.3 280.5 282.4 276.7 278.8 278.8 275.9 268.9 261.7 268.7 284.3 305 328.8 346.7 363.2 381 395.4 402.1 393.2 378.3 367.8 360 360.6 364.7 372.2 386.5 405.1 425.2 443.1 454.4 455.1 447.5 433 410.2 386 360.9 344.3 330 330.8 341.5 357.4 369.8 379.7 388.7 387.9 407.7 418.5 430.6 442.4 453.9 466.9 478.6 492.4 507.9 520.3 533 548.2 562.3 573.1 577.4 579.1 579.5 580.7 580.3 575.9 584.2 604.8 621.2
