data/310000-650000.asc
ncols 200
nrows 200
xllcorner 310000
yllcorner 650000
cellsize 50
[rows 0 to 34 of 200, columns 0 to 77 of 200]
338.6 337 334.4 331.2 327.2 321.6 318.6 316.9 319 323 328.1 332.4 335.1 336.7 336.1 334.9 333.3 331.6 331.8 332.4 331.8 330.9 329.1 326.8 324.2 330.2 333.5 337.3 342.2 350.1 353.8 355.9 357.8 359.7 363.9 368.5 371.7 373.9 375.8 377.8 379.7 382.1 385.6 387.8 389.8 393.3 397.1 402.8 407.5 406.5 407.1 407.4 408.1 417.6 426.4 433.4 440.4 445.3 444.6 450.8 453.5 454.6 456.6 458.6 461.2 460.2 455.6 448 438.2 426.3 412.9 400.3 389.1 377.7 367.8 367.8 367 369.8
339.1 336.8 334.1 330.6 325.9 322 323.6 325.6 328.5 332.7 336.7 340.2 342 342.1 340.6 338.3 336.2 336.3 337 336.3 335.2 333 329.6 324.7 329 332.7 335.6 339.1 346 351.6 355.7 358 360.2 362.3 368.2 372.6 376 378.7 382.1 385.1 390.3 397 404.3 410.4 415.4 419.1 420.8 425.4 428.3 429.5 430.6 431.7 428.4 439.6 450.9 457.9 461.7 461.6 459.9 462.5 461.9 463.8 466.4 468.1 469.1 468.6 461.7 453.9 443.9 431.2 419.1 406.7 394.7 385.2 375.7 373.6 371.1 373.4
339.7 337.4 335.7 332.7 327.6 330 332.2 335.6 338.3 341.6 344.9 345.7 346.3 345.9 344 341.9 340.2 340.4 340.9 339.8 336.9 333.2 329.1 327.1 329.6 336 338.2 342.8 346.2 352.4 356.8 359.5 361.6 366.5 373.5 376.4 380.1 385.7 393.7 404 411.4 418.1 426.7 432.8 435.2 438.3 442.4 446.5 450.3 453.9 455.3 453.9 455.4 465.8 476.3 479.9 478.9 476 471.1 471.5 472.2 473.9 474.7 476 475.7 473.8 469 458.4 448.8 436.7 422.8 409.6 398.9 390 381.9 381 377.5 380.5
341.3 339.8 338.1 337.2 335.3 338.2 341.6 342.6 344.5 346.1 348.1 348.8 349.1 348.4 346.7 345 343.4 342.8 340.8 338.5 335.6 330.4 330.1 329.4 329.3 337.7 340 342.9 347.4 352.1 357.2 359.8 363.6 369.5 375.3 379.4 386.1 396.8 408.8 423.3 435.1 443.4 449.6 456.2 461.2 466.2 469.3 473.3 475.6 479.4 481.8 481.5 484 491 495.1 495.1 491.3 487.1 482.8 483.6 484.3 484.2 484.1 483.3 481.8 479.5 472.7 463.6 452.9 439.9 425.4 412.5 401.4 392.5 392.8 390.7 388.7 390.5
344.3 343.7 343.1 343.1 342.7 343.8 344.5 345.4 347 348.6 350.8 351.3 351.8 350.7 348.5 346.3 343.5 340.6 338.8 336.3 335.5 335.4 334.5 333.4 332.1 335.4 340.1 343.1 347.1 350.9 357.3 361.2 365.8 371.6 376.9 385.3 394.5 407.5 428.7 448.3 463 472.2 478.6 485.2 490.3 496.2 498.9 502.9 505.1 508 508.7 508 506.1 506.4 506.2 503.8 500.1 496 494 495.7 495.3 495.6 494.4 492.7 490.4 484.9 477.3 467.7 454.9 443 428.9 413.9 404.1 404.1 403.8 402.6 401.2 402.4
349.1 348.5 347.5 346.2 346.3 344.2 345.7 347.1 349 350.2 351.8 353.2 353.2 351.4 348.7 345.4 341.9 339.8 338.1 338.5 338.6 339.5 338.6 338.7 338.1 332.9 340.6 344.3 348.4 354.1 359.2 362.9 367 373.5 379.4 394.1 411.8 430.7 450.6 470.9 485.4 499.1 508.3 515.4 518.7 523.5 524.4 527 527.6 526 524.3 520.6 517.4 516 515.1 512 508.3 503 502.6 505.3 507.4 506.2 504.2 500.9 496.3 489.1 479.6 468.2 454.6 446.1 428.5 421.7 416.8 415 413.3 413.3 412.6 412.6
353.5 352.2 350.9 348.8 345.9 347.2 348.7 350.2 350.9 351.2 352.4 352.7 351.7 350.7 348 344.5 341.8 340.3 339.5 342.4 342.8 343.1 343 342.3 340.8 335.3 340.7 344.9 349.3 356.1 361.4 365.4 370.2 377 393.4 409.9 428.7 450.8 470.9 489.4 506.1 522.7 533.2 541.8 544.2 547.2 547.1 541.9 537.7 535.4 532.6 528.8 526 524.3 523.1 519.5 514.8 510.1 511.4 514.4 517.9 515.5 511.3 506.4 500.2 492.9 483.1 471.1 459.3 449.1 431.5 433.8 429.4 427.8 426.4 425 422.9 424.2
356.4 354.5 351.3 348.3 346.9 349.1 351.6 352.2 352.8 351.6 351.9 350.8 349.6 348.2 346.2 344.5 342.2 340.7 342 343.7 345.6 346.3 346.1 345.1 342.5 337 341.3 345 350.5 357.8 363.5 368.1 374.7 388.6 404.8 423.8 445.8 465.5 488 506 523.2 540 550.2 554.4 555 553.1 550.7 546.9 543.5 541.7 539.3 536.2 534.1 532.3 531.3 528.2 521.4 518.7 521.7 524 525.6 521.8 516.6 510.5 502.3 494.2 484.1 473 461.9 450.8 446.3 445 441.7 439 437.2 436.7 437.3 436.5
357.7 354.5 350.4 348.2 349.2 351.6 352.9 353.7 353.7 352.1 351.4 350.8 350 348.3 346.3 345.3 343.8 341.9 342.7 345.3 347.2 348.8 349.1 347.3 344.5 340.6 342.6 346.2 351.7 359.6 365.2 369.9 381.5 395.6 416.4 440.6 459.8 480.1 499.4 519.3 538.9 551.6 557.4 558.8 557.5 554.9 551.8 548.9 547 545.3 544.3 542.7 540.8 540.6 539.3 536.4 533 532.5 531.6 532 530.9 526.9 520.9 513.9 505.3 494.6 483.2 472.8 462.2 457.6 456.1 454.4 453.2 451.4 449.7 448.7 448.2 447.4
356.5 352.2 349.6 349.6 351.1 352.9 353.7 354 354.5 353.1 351.8 350.9 349.5 347.7 346.2 345.2 344.3 343.5 343.9 345.6 348.4 351.4 351.6 349.9 347.7 344.3 344.8 348.1 352.9 360.2 365.4 371.4 384.4 401 424.5 446.9 466.5 488.5 509.9 530.1 548.7 554.3 556.4 557.4 556.7 552.1 548.6 547.1 546.9 545.6 547.2 548 547.1 546.7 545.7 542.2 540.3 539.6 538.1 536.8 533.8 529.3 523.3 516.1 507.8 496.2 484.5 474.9 469.3 466.1 465 463.2 461.2 461.2 461.5 461 457.7 455.5
354.5 350.2 350.3 351.3 353.2 353.9 354.4 354.4 354.6 353 352 350.6 349.5 348.1 347.7 346.1 344.9 344.7 345.3 346.6 349.5 352.6 352.8 351.3 348.8 347.1 346.4 348.8 352.8 360.3 367.1 372.4 385.8 403.5 426.1 446.2 464.7 488.4 510.8 528.8 544.4 550.7 551.7 552.3 550.2 547.4 542.8 542.2 544.6 545.3 547 549.5 550.2 550.2 549.1 547.6 547.7 548.4 547.2 544.8 539.8 533.9 526.2 517.4 509.5 499.1 487.7 477.8 475.5 473.6 473.3 472.2 471.7 471.6 470.4 467.3 463.6 457.1
352.9 351.7 352 353.4 354.3 354.5 355 355.7 356.8 356 355 352.6 350.5 349.2 347.7 347.1 346.5 346.1 347.1 349.1 351.5 353.6 354.3 352.8 352.1 350.9 348.3 351.3 354.1 358.9 366 372.7 385.8 401.7 422.7 443.4 461.2 482.8 501.4 521.8 530.4 537.3 541.7 541.5 537.4 535.2 533.6 534.7 537.3 542.2 545.4 548.1 550.2 553 552.6 554 555.8 555.1 554 551.3 546.4 539.8 532.4 522.4 512.4 499.5 489.3 481.9 479.6 478.1 478.5 479 476.7 474.9 475.5 468 461.6 454.6
353.8 353.9 354.2 355.6 354.9 356 357.4 358.8 360.4 360.8 359.5 356 355.2 353.2 352.6 351.3 350.9 349.8 350.5 351.4 353.7 355.1 356.4 356.3 356 355 354.5 352.6 356.6 360 366.1 374.9 385.4 398.4 416.7 436.9 456.1 473.2 486.3 504.5 514.5 519.5 521.8 523.9 523.7 524.5 525.7 527.8 531 536.7 543.3 546.8 551.7 555.8 557.6 561.7 562 560.2 559.3 556.6 551.4 544.6 537.3 528.3 514.5 498.3 488.5 481.6 477.7 475.2 475.4 474.9 468.7 465.3 461.8 458.6 451.8 446.6
355.7 355.3 355.9 357.3 358.5 359.7 362 362.5 362.5 362.4 361.6 359.4 358.7 357.6 357.9 356.9 356.1 354.6 354.7 355.4 355.9 357.8 359.2 361.3 361.1 360.4 360.1 353.4 359.2 363.4 367.1 373.8 384.2 395.8 407.8 423.6 443.6 460.4 473.9 486 494.8 501.6 504.3 507 510.9 514.1 517.5 521.4 525.4 532.2 540.9 545.8 552.5 557.5 561 564.8 564.9 563 561.6 558.8 554.5 547.7 540.9 531.9 515.7 499.6 487.2 477.8 473 468.1 465.2 461.5 456.8 451.5 447 445.4 441.1 434.8
356.7 356.3 357.6 359.1 357.7 361.2 364.7 364.4 364.5 364 362.7 362.7 361.7 362.7 363.3 362.4 361.5 360.4 359.3 360.5 360.8 360.6 362.3 365.3 365.5 364.6 362.7 355.4 361.8 365.9 369.4 373.6 381.6 390.7 402.4 412.9 430.2 447.2 461 472.3 481.2 485.8 489.5 493.1 497.7 501.9 507.6 514.1 520 527.2 535.9 544.1 550.6 557.2 560.5 561.5 561.2 562.3 561.2 559 555.3 548.9 542.7 530.3 514.4 499.4 485.2 474.6 467 460.6 456.5 451.5 446.7 443.4 439 434.7 431 427.5
358.2 357.9 358.7 359.2 362.4 363.9 365.5 365.9 365.9 367.1 366.7 366 365.1 366.6 367.1 367 366.4 365.7 365.3 366.4 365.9 364.3 366.1 368.7 368.5 367.6 365 360.3 363.6 367.7 371.3 375.6 381.5 390.4 401.9 411.4 422.4 434.3 445 455.7 463.4 469.5 474.9 480.9 484.7 490.7 498.9 508 516.2 524.7 533.1 541.7 548 553.4 558.4 559.2 559 558.6 557.7 556.7 555.4 551.7 543 528.6 513.3 498.9 485.8 472.4 461.5 454.3 449.8 445.7 441.3 436.3 432.2 428.8 425.9 423.1
359.6 358.5 359 361.7 363.9 365.2 366.7 367 368.2 369 368.4 368.6 368 368.6 369.8 371.1 371.3 371.1 371.3 371.9 369.9 368.4 369.3 371.8 371 369.4 366.5 361.7 366.1 371.3 376 380.2 384.7 391.5 403 411.2 420.3 429 437.9 444.8 450.7 455.5 460.7 466.7 471.6 483 491.8 503.1 513.5 524.2 530.4 537.8 545.8 550.3 556.6 557.1 557.2 556.5 555.8 554.5 553 549.2 539.7 527 513.9 500.8 482.5 468.5 457.7 450.2 443.1 439.2 434.6 429.9 426.9 424 421.3 418.6
360.5 361.8 362.1 363.2 364.5 366.2 368.1 369.3 370.3 370.4 370.6 371.1 370.6 371.4 373.3 375 376.3 377 377.4 376.2 373.3 371.4 371.2 372.7 373 370.7 366.6 365.6 370.3 375.5 382.1 386.1 390.6 398 405.7 413.3 421 428.1 435 440.1 443.6 445.7 450 452.4 463.2 476.7 486.5 495.9 506.8 516.5 524 529.1 538.9 547.3 550.5 551.8 553.5 553 552.1 548.9 545.3 540.4 534 523.9 512.4 498.2 480.9 466.2 455.9 448.5 441.6 435 429.5 426.4 422.8 419.6 416.7 414.1
361.1 362.7 363.8 364.6 365.8 367.4 370.3 371.6 372.3 373.9 373.8 373.7 373.4 374.5 377.1 380.3 381.5 383 382.6 381.7 377.3 374.5 374.2 374.2 374.2 370.4 365.9 369.7 373.5 379.5 386.9 395 400.3 405.8 413.3 419.5 424.9 429.2 433.6 436.6 438.3 439.7 440.9 446.8 458.3 466.6 476.9 487.6 493.2 500.4 509 518.3 526.3 530.6 534.6 537.7 538.4 541.8 543.5 542.4 541.2 537.7 532 521.9 506.6 493.6 477.7 465.2 455 449.4 444.3 438.7 432.2 426.4 419.1 415.2 412 408.9
362.6 362.6 364.3 366.1 367.5 368.8 370.5 372 375.6 377.2 377.4 379.3 379.3 381.3 382.8 385.8 387.2 389.5 389.6 387.3 384 379.6 377 376.3 375.3 372.1 368.3 372.2 376.7 382.3 393.3 403.1 410.9 414.6 419.8 423.6 427.5 430.5 432.6 433.8 434.4 435.1 435.9 440.4 449 458.1 464.9 472.4 479.5 486.5 495.3 501.4 510 515.8 520.7 525.1 525.9 530.2 536.1 538.7 541.2 538.2 533.7 522.5 507.4 493.9 477.4 466.6 458 451.5 443.8 435.7 431.2 427.8 423.5 421.5 417 411.5
362.5 363.4 365.1 366.4 368.3 370 372.1 374.9 376.9 379.6 381.2 385.1 388 391.7 394 394.9 396.3 399.4 399.7 400.4 396.5 388.6 380.3 377.4 375.9 372.5 371.6 375.7 381.2 387.2 400 412.4 420.6 423.9 423.4 426.1 429.6 429.8 429.7 430.5 431.2 430.4 431.4 434 438.5 446.8 453 458.9 464.7 469.7 480.1 487 491.7 498.4 507.6 514.7 519.4 525.4 533.8 539.4 542.8 542.6 537.1 527.7 515.2 497.8 482.2 471.3 461.7 452.7 444.7 438.6 432.4 428.6 424.3 421.3 418.6 413.9
362.1 363.5 364.8 366.1 368.2 370.6 373.7 376.5 379.9 383.7 386.8 391.5 396.2 399.3 403.2 404.3 409.6 414.7 423.1 417.8 408.8 397.3 385.4 379.9 376.7 374.5 375.2 378.3 387.7 396.7 409 421.4 430 432 431.3 430.4 429.4 428.4 427.2 427.3 427 426.4 427.9 429.7 431.2 435.9 441.3 447.4 452.7 458.2 464.2 474.4 481.1 488.2 494.6 503.6 513.5 523 532.2 543.2 549.7 548.5 543.1 536.7 518 501.7 489.7 476.3 465.7 456.1 448.4 440.9 433.6 428.3 423.5 418.8 415.2 409.8
361.4 362.9 364.4 365.8 368.1 371.8 375.2 378.9 382.9 388 391.4 396.7 402 407.2 411.4 417.3 426.1 439.1 439.9 428.2 411.8 399.3 387.7 381.3 379.1 378.2 378.5 383.7 393.9 404.8 416 426.9 435.5 438.4 438.1 433.4 429.6 427.4 426 424.5 423.2 423.3 423.9 425.3 426.8 428.1 433.4 438.7 444.4 449.4 452.8 462.2 472.1 480.4 489.2 499 508.4 523.1 534.7 547.5 556.6 557 546.1 529.7 516.9 506.4 492.1 480.7 472.8 460.2 449.9 440.9 433.9 431 427.6 419.8 411.6 407.8
362.9 364.5 364.4 366.6 369.4 373.5 377.8 381.9 385.9 390.4 395.2 402 413.6 421.6 431 444.2 454.3 461.3 453.4 434.4 415.8 399.8 391 384.7 383.2 381.2 383 388.5 399.5 411.1 422.2 430.9 438 441.3 441.5 437.6 431.6 427.1 424.2 422.6 420 419.8 420.2 420.9 423.2 424.3 427.1 431.3 436.5 440.8 444.9 452.4 464.3 472.6 485.4 494.6 503.4 516.9 531.7 547.8 555.3 549.2 539.2 527.5 517.7 504.2 492.4 483.8 474.8 462.2 453.3 444.6 440.7 438.7 432.3 418.1 410.1 408.8
365.5 368.4 365.6 368 370.2 375.1 379.4 383.5 387.5 392.5 401.8 414.8 425.9 439.8 459.1 470.9 481.3 480.4 463.1 442.3 422.7 405.8 396.6 390.6 387.8 385.7 386.7 394.9 405.8 417.3 425.9 432.4 436.6 439.2 439.4 437.3 431.6 424.8 422.6 420.1 417.4 416.3 417.1 417.7 418.9 420.7 422.9 425 427 432 439.1 446.6 458.6 469 480.9 489.8 498.9 512.2 526.2 538.1 542.7 541.3 532.9 522.7 509.4 499 491.9 484 474.5 462.6 455.5 451 447.5 441.6 431.7 417.3 412 411.8
369.6 372.7 368 370.2 373.2 377.7 381.2 385.2 389.5 397.1 413.6 431 447 463.5 478.6 493.1 505.7 496.4 476.5 451.5 431.2 416.5 405.5 398.8 394.2 391.3 391.8 399.2 410.7 420.7 427.4 432.6 435.5 436.4 435.2 433.7 429.5 422.9 418.6 416.7 414.6 412.5 414.2 414.6 415.2 417 418.2 420.6 423.6 429.7 436.1 441.3 450.6 462.4 475.2 485.5 494.6 506.5 514.5 522.7 528.4 527.5 521.5 511.2 502 496.1 490.1 481.5 470.7 462.7 458.3 454.7 448 440.1 426.3 416 417.2 418.9
372.5 371.5 369.2 371 374.2 378.6 382.8 386.8 393.1 405.5 425.5 443.9 459.9 477.8 495.9 510.8 521.2 506 486.5 461.5 442.4 428.4 417.1 409.2 403.3 399.7 399.9 401 413.4 422.9 429.2 432.7 434.6 433.8 431.8 428.9 425.6 419.9 415.3 413.5 411.7 408 410.7 411.3 410.4 412.8 414 415.7 418.8 425.3 433.6 438.2 447.4 458 469 479.7 489.4 500.1 506.8 511.3 512.9 511.1 507.6 501.2 496.3 491.8 484.5 475.9 468 463.6 459.7 453.4 444.7 433.8 421.6 423.5 430 432.9
374.2 372.9 371.7 371.7 374.4 378.6 383.1 387.6 395.4 414.4 436.5 453.7 471.6 491.7 511.4 523.9 528.6 512 493.2 471.7 456 441.9 432.9 424.8 419.5 414.1 411.7 408.8 417.4 425.7 430.6 433.2 433.6 432.7 430.2 426.5 421.6 416.3 413.2 410.1 408.7 403.9 406.3 407.8 409.4 410.3 410.5 413 416.2 423.7 431.3 436.4 443 454.2 463.5 471.2 480.7 488.9 493.9 496.5 498.4 496.1 494.8 493.9 489.3 481.3 475.5 468.3 460.7 455 450.4 444.1 437 428.5 432 439.5 446.3 447.1
377 376.4 375 374.3 376.5 380.4 385.1 392.2 405 423.3 443.8 460.8 485.3 506.7 523.8 534.6 533.4 517.2 498.3 483.1 470.5 462 451.2 442.5 433.6 428.5 424.8 421.8 422.8 429.6 432.6 433.9 431.7 429.5 427.4 423.4 418 413.8 410.2 407.6 404.3 401.8 399.8 404.1 406.2 407.3 408.6 410.7 413.4 421.3 428.9 435.1 442.9 452.1 459.3 464.6 471 476.2 479.8 483.8 486.2 487 485.1 481.6 477.7 471.2 465.3 458.7 451.6 446.8 443.4 437.7 435.8 444.3 454.6 458 465 462.7
378.9 378.2 377.1 378.6 384.1 385.2 389.9 399.2 413 432.9 449 472.6 498 518.4 535.7 544.5 535.2 521 505.1 493.4 483.2 473.3 465.4 458.3 449 443 436.6 430.8 431.2 435.2 437.1 434.7 429.5 423.6 421.9 419.6 414.9 409.7 406.4 404.6 402.3 399.1 394.4 398.9 400.6 404.9 407 409.3 412.9 420.8 427.5 433.9 441.2 448.2 453.9 459 464.1 468.5 471.1 472.9 475.5 475.1 473 470.3 466.8 463.6 458.4 451.6 447.9 445.7 443.9 447.7 457.4 469.6 478.4 477.7 481.1 479.9
380.9 379.9 380.6 383.3 387.2 391.6 396.3 403.5 422.1 439.3 456.8 483.2 508.5 532.3 546.8 549.7 536.2 523.5 510.7 501.2 492.3 482.6 474.7 467.7 460.5 453.6 446.5 440.4 437.6 440.3 440.6 437.7 434.2 431 423.5 414.4 408.1 403.8 401.3 399.9 399.4 395.4 394.7 394.6 399.5 402 404.7 407.8 412.6 419.1 425.5 432 438.2 443.7 449.3 454.5 458.3 460 461.8 461.7 462.4 463.7 463.4 461.1 460.6 457 452.9 448.5 446.5 446.5 455.3 468.3 480.3 489.5 492.3 492.9 493.6 493.5
384.2 385.6 387.5 389.7 393.2 399 403.4 411.7 429.8 443.6 464.9 493.6 520.1 545.5 559.7 555.2 540.2 527.3 517.1 508.7 498.4 489.6 482 475.1 468 459.4 454.7 448.6 444.2 443.7 443.8 440.7 437.7 433.2 427.6 419.4 411.8 406.2 402.5 398.3 394.8 391.7 389.8 391.5 397.8 400.7 403 406.9 411.6 417.4 422.7 428.5 434.1 439.2 444.3 448.7 451.8 453.8 456 456.5 457.5 458.5 456.8 455.5 453.3 452 449.2 447.6 447.3 455.7 472.1 483.3 493.6 499.3 502.1 502.9 502.9 500.2
390.3 394.2 393.6 397.8 400.9 405.3 410.8 419.5 436 451.8 474.4 499.7 527.2 550.7 559.6 554.9 542.9 533 521.3 512.4 503.1 494.5 487.5 480.5 472.5 468.2 463.1 457.2 452.2 449.4 446.2 443.2 440 435.4 429.1 419 414.7 409.4 407.7 399.2 395.7 394.2 386.7 389.2 395 398 400.5 405.4 409.1 413.8 418.7 424.5 430.6 435.7 439.9 444.5 447.4 449.6 452 453.8 455.1 454.2 452 450.2 446 445.2 445.7 447.4 455.8 469.2 482 492.9 501.6 507.1 510.3 511.3 509.8 507.4
400.3 403.9 407.6 407.1 412.2 418.1 427.2 433.8 439.4 465.9 489.3 511.8 532.2 550.8 556.4 550.5 541.6 534.6 524.7 516.2 507.7 500.2 492.3 485.4 479.6 474.1 469 464.5 460.9 455.3 451 445.3 442.1 437.5 430.2 421.4 415.4 410.1 407 400.4 397.4 393.6 385.8 385.1 392 395.5 398.5 402.5 406.3 410.2 414.5 420.6 426.8 432.5 437.8 441.3 444.6 447.3 450.3 452.8 453.2 451.9 451 448.3 445.3 439.6 440.8 450.5 464.1 475.7 486 497 504.5 511.3 516.1 516 514 511.8
410.8 414.7 419.8 424 430.9 436.8 443 453.6 462.7 473.6 496 518.4 538.5 551.6 554.2 548.7 541.2 534.5 525.9 518.3 510 503.6 496.7 489.9 483.7 478.5 474.1 469.9 466 462.1 457.3 452.1 445.9 439.5 432.9 424.4 416.3 411.1 406.5 402.5 396.1 393.1 388.7 382.3 388.3 392.7 397 401.6 405.6 409.6 414.1 421.4 428.1 433.8 438 441.6 443.7 445.9 449.1 451.6 452 450.5 449 444.5 441.3 436.4 437.9 451.4 461.9 474.2 484.8 493.6 502.6 510.8 515.9 515.1 513.6 512.3
