data/310000-510000.asc
ncols 200
nrows 200
xllcorner 310000
yllcorner 510000
cellsize 50
[rows 140 to 174 of 200, columns 0 to 77 of 200]
502.7 500.7 498.1 494.8 491.1 487.3 484.4 485.6 488.9 493.1 497.3 502.3 508 513.6 519 525.4 532.5 539 544.5 548.2 551.5 552.9 553.3 550.7 547.9 543.7 539.7 533.4 525.8 515.7 504.5 496.9 486.6 474.9 468.2 462.6 456.4 448.4 443.6 442.1 436 431.9 432.5 433.1 435.3 436 434.1 436.2 447.1 441.3 428.7 418 401.8 385.1 363.7 336.8 307.6 281.5 255.3 237 216.7 227.8 249.4 257.7 252.6 235.4 218.7 203.3 230.1 252.9 275 300.5 323.9 342.6 360.8 377.4 388.6 398
506.9 503.2 499 493.9 488.1 482.1 478.2 481.2 485.8 490 494.4 499.1 504.8 510.3 515.7 524 532.1 538.6 544.2 548.1 551.3 555 555.5 555.4 552.8 549.2 545.9 542.2 536.2 529.1 518.9 512 504.4 493.2 483.4 476.8 469.4 462.3 455.3 451 446.7 445.5 447.3 450.2 454.1 449.5 446.1 445.5 449.9 446.8 436.3 424.8 409.1 393.4 369.7 343.8 316.5 290.5 266.3 245.5 221.3 228.2 250.3 267.5 269.7 256.9 237.6 214 218.5 241.5 266.3 290.3 314.1 332.3 349.4 366.5 380.3 389.8
509.1 504.6 497.6 490 482.7 475.5 470.1 474.7 481.2 486.6 491.5 496 501.4 506.5 512.3 521.6 530.9 538.5 544.8 548.1 551.3 555 557.9 558.9 557.5 554.3 551 547.1 542.8 538.4 529.7 524.3 517.8 510.7 502 495.7 487 477.5 470.6 463.7 460.9 460.4 462.2 466.7 469.1 467.2 460.5 455.5 452 448.3 441.1 426.5 412.7 397.8 377.1 352.9 325 297.4 273 251.1 228.1 230.6 251.2 271.1 282.6 277.4 260.6 241.1 228.9 231.2 255.4 279.2 301.1 319.9 336.8 351 368.6 384
509 502.1 492.3 483.8 476.7 468 461.6 468.2 475 479.6 485.2 491.1 496.9 502.4 509.5 518.4 527.3 535.5 542.9 547.1 551.1 554.7 558.9 562 561.4 558.3 555.1 552.8 550.4 547 540.8 535.1 530.4 525.9 520.1 514.3 508.5 498.4 488.1 480.2 478.7 476.4 478.9 482.8 484.7 485.1 480.3 469.1 460.3 453 446.7 431.3 415.4 402.1 383.3 362.2 333.7 306.8 281.6 259.5 239 231.2 253.3 274.3 290.3 292.1 282.9 267.6 254.9 248.3 244.7 266.7 287 306.1 321.5 337.4 356.9 377.4
504.1 496.3 486 477.5 470 461 455.2 460 464.9 473.1 479.4 485.4 491.4 497.5 504 510.3 519.5 528.5 535.7 542 547.9 553.7 557.2 560.1 561.5 559.9 559 557.3 556.1 554.5 551.3 546.3 543 540.4 536.2 534.3 531.8 526.5 517.9 508.7 501.5 498 497.6 500.1 501.1 499.7 495.5 484.9 473.3 460.1 447 435.1 420.1 405.2 388.4 367.9 344.4 318.5 293.7 270.8 250.2 235 256.9 278.5 296.2 302 297.7 286.8 274 264.3 253.1 252.2 272.5 292.7 308.9 326.8 346.4 366.7
496.2 489.6 479.2 471.2 461.7 452 447 450.8 456.3 465.1 472 478.7 484.2 490.1 496.6 502.8 510 518.8 526.1 532.1 540.8 548.7 551.7 554.1 557.7 558.7 559.5 560.5 561.8 561.6 560.3 559.1 556.2 553.9 552.6 552.4 554.7 555.1 553.6 547.4 537.7 533.7 528.9 526.1 521.4 515.2 508.1 499 485.8 469.6 451.9 434.7 418.4 408.3 393.3 373.7 352.7 330.5 306.5 283 263.9 245.3 259.1 282.7 300.8 311.1 310 301.7 291.3 281.5 269.9 255.4 259.9 280.4 298.6 316.3 334.8 354.2
489.1 481.8 472.7 464.2 454.7 444.5 435.9 439.7 448.6 455.3 461.5 469.3 477 482.7 489 495 501 507.7 514.7 521.7 529.3 537.5 544.3 546.6 550.4 552.9 558.6 563 564.5 567.4 567.3 567.8 567.6 567.4 567.3 568 571 573.7 576 579.5 578.3 575.6 573.2 566.9 556.1 540 525.8 514.6 499.3 481.9 460.7 442.2 425.5 409.6 396.4 381.1 362.7 340.8 319.3 296.7 275.9 251.8 264.5 285 305.3 322 322.9 313.3 304.7 296.9 286.4 273.2 260.5 267.9 288.7 306.4 323.6 341.5
478.6 473.4 466.2 457.4 447.6 437.7 427.1 433.6 441.3 445.3 452.3 459.8 467.3 474.7 480.9 486.8 492.7 498.6 505.4 512.2 519.7 527.1 533.7 539.5 543.6 546.7 557.2 563.6 568.5 572.2 574.9 576.2 578 579.7 580.7 581.7 585.1 588.5 591.7 594.9 597 596.9 596.5 594.5 586.5 574.2 555.9 535.5 512.5 492.7 473.7 453.7 435.5 418.8 402 389 370.5 348.8 327.7 306.6 286.6 263.3 269 287.4 309.5 331.2 336.2 327.6 316.1 308.3 300.1 287.7 273.5 265 280.6 298.7 314.5 330.6
470.4 465.6 459.6 451.2 441.4 431.1 418.3 426.7 432.3 436.3 443 450.5 458.1 465.4 471.7 478 484.3 490.3 496.1 502.8 509.9 517.2 524.4 529.5 534.9 545.3 555.4 563.5 570.6 574.6 580.3 583.7 586.3 588.4 590.4 592.9 595.2 597.4 601.5 604.8 607.9 608.5 606.9 605.7 600.8 592.3 579.8 560.5 531.8 505 483.5 463.2 444 426.9 410.9 394.7 375.7 355.2 335.5 315.6 300.7 275.9 278.9 294.1 311.9 333.7 345.1 342.7 331.3 320.2 311.2 299.9 286.2 271.1 275.4 290.2 305.4 324.8
463 458.1 452.6 444.8 435.4 424.7 412.3 417.1 422.8 427.7 434.2 441.2 448.9 456.1 462.4 468.6 474.8 480.8 486.5 493.5 500.2 507.7 515.7 523.4 532.3 543.3 553.9 562.9 570.3 576.9 582.8 588.5 591.9 594.3 596.7 599.5 602.9 606.2 610.6 614.7 617.4 617.6 615.4 612.3 607.4 600.1 590.5 577.6 552.5 521.5 494 472.3 453.1 435.8 420 401.8 381.5 360.4 340.5 321.5 305.4 285 289.5 293 312.7 335.3 354.9 357.4 347.7 334 323.8 312.6 299.5 286.5 274.1 283.8 304.9 324.8
453.9 449.8 445.1 437.5 429.1 417.9 403.4 409.4 414 421.1 426.9 432.7 439.7 446.7 452.9 459.1 465.3 471.3 477.1 484.2 489.2 498.1 507.5 519.6 530.7 541.5 552 562.2 569.7 577.4 584.1 589.6 594.8 598.1 600.9 603.9 607.6 611.5 615.9 620 622.1 623.8 621.6 619.4 615.2 605.8 597 585.9 567.7 538.5 505.4 481.2 462.8 445.6 425.5 408.4 388.2 367 345.3 326.5 309 291 293.5 298.7 314.5 338.5 363.6 371 364.2 351.4 337.8 326.9 314.8 302 287.3 278.2 299.4 321.9
444.1 440 436.7 430.1 421.7 411.5 395.3 403 409 414.6 420.1 426.6 432.4 437.4 443.4 449.6 455.8 461.7 467.6 471.8 477 491 504.9 516.5 528 539.4 549.6 560.2 569.1 576.4 582.2 588 593.7 598.9 602.9 606.8 610.9 614.8 620.3 624.5 626.8 628.4 626.9 624.9 622.2 613 603 592.3 577.8 556.8 519.4 493 470.5 455 437.2 418.1 397.9 373.5 352.2 330.2 311.4 295.4 295.1 303.5 317.9 340.5 365.9 382.2 380.3 371.4 357 343.6 330.8 316.8 301 285.9 295.7 318.3
434.2 431.6 427.9 422 414.2 404.4 387.2 397.5 403.2 407.7 413.7 419.1 423.7 428.6 434.2 440.1 446.3 451.9 455.5 462.1 476.1 488.4 500.4 511.7 523.2 536.6 547.3 558 567.1 574 580.2 585.7 591.1 596 601.5 606.4 611.1 616.5 622 626 629.9 631.6 631.3 629.2 624.4 617.3 608.6 597.9 584.3 565.8 531.8 500.9 478.7 463.5 448 429.2 408.2 383 358.9 336.4 314.3 300.3 295.3 308.2 321.8 342.8 367.5 389.2 395.6 393.7 378.8 361.6 347.6 333.4 317.8 301.9 292.1 313.4
425.4 422.7 419 413.3 406.4 396.5 381.6 387.9 396.6 400.5 405.7 410.5 414.9 419.5 425.5 431 436.2 440.3 450.2 460.8 472 484.3 496 507.2 518 530.2 543 553.4 561.3 567.9 574.4 580.9 586.3 592 598.3 603.4 608.8 614.5 621 626 629.9 632.9 632.6 631.8 626.8 619.1 611 602.9 590.6 572.9 536.8 505.6 485.6 471.5 456.4 439.6 418 390.9 365.2 341.5 318.6 304.4 297.3 310.4 323.7 346.1 370 394.4 408.8 411.4 400 384.4 369.5 353.3 334.6 317.7 297.7 307
417.1 414.2 410.7 404.7 397.9 389.3 373.6 383.6 389.5 393.4 397.4 401.8 406.2 410.6 415.7 419.1 424.1 436.7 446.1 457.1 468.2 480.1 491.5 501.9 512 523.3 537 547.2 555.1 561.4 568.1 574.7 581.1 586.9 592.4 598.8 604.8 611 617.5 623.9 629.8 632.5 633.9 633.1 628.8 621.3 613.6 606.3 596.6 582.9 548.8 508.7 487.9 476 462.4 446.4 425.7 396.5 371.1 346.3 325.3 310.4 300.1 315.2 328.5 349.3 373 399.2 420.4 424.8 419.4 408.3 392.9 373.7 353.2 334.4 317.2 306
408.6 406 402.6 396.4 390.3 382.1 370.7 374.8 381.5 384.8 388.6 392.3 396.7 399.9 404.5 409.2 421.4 431.8 443.4 453.8 464.5 475.8 486 496.2 506.3 516.4 530.3 539.8 547.8 554.8 561.7 568.5 574 579.7 585.3 591.1 597.8 605.6 612.5 618.9 626.1 632 633.8 634.2 630.6 624.7 617.3 610.2 601.1 590.7 563.4 525.2 495 478.4 463.6 451.5 430.9 403.2 376.1 351.9 332.4 319.2 306.7 322.2 334.8 354.1 377.8 404.7 431.1 436.9 436.1 428.7 414.5 394.2 372.6 352.9 334.9 312.2
399.7 397.5 394.4 388.8 383.2 375.2 361.7 367.3 372.4 376.5 380.5 382.9 386.9 387.1 399.8 409 418.4 428.5 439.4 449.8 460.1 470.6 480.4 490.5 500.5 510.5 520.2 531.1 539.2 547 553.7 560.4 566.6 572.3 578 583.7 590.5 598.3 606.4 613.9 621.4 627.9 631.8 634.2 632.5 628.3 622.1 615.2 607.3 597 576.5 539.1 507.1 482.8 468.2 454.6 435.7 409.4 381.8 357.9 338.4 324.9 316.5 328.1 339.7 359 382.8 412 439.4 447.3 449.4 444.7 434.7 414 391.4 370.7 351.7 332.7
388.1 387.1 385.4 380.8 375.6 367.7 350.8 361.3 365.1 368.9 372.3 375.4 381.1 390.4 398.2 407 415.9 425.1 435.7 446 455.9 465.3 475 484 494.5 504.6 514.5 523.5 530.6 537.8 544.7 551.4 558.3 564.1 570.1 576.1 583.2 591 599.1 608 617 624.6 630.4 633.6 634.2 631.5 626.7 620.7 614.2 605.4 592.3 558.1 521.6 495.4 474.5 458.4 441.9 416 387.5 364.6 341 326.1 323.1 332.2 345.8 364.1 390.9 422.2 451.5 458.8 457.8 454 446.2 432.7 410.1 385.3 365 349.3
376.4 376.7 375.1 371.6 366.2 358.7 343 354.3 358.7 361 366.2 374.2 381.2 388.3 395.7 403.9 412.5 421.8 432.1 441.8 450.6 459.2 468.2 477.2 486.3 495.8 506.1 514.2 521.3 528.5 535.5 542.2 548.8 556.2 562.5 568.7 576 583.9 593 602.4 612.5 621.7 628 633.5 635.8 635.3 631.5 625.5 619.5 612.2 601.5 578.1 535.4 507.4 483.2 466 449.7 422.3 392.6 368.5 344.2 329.6 326.6 338.4 352.2 370.7 398.4 429.9 461.1 471 469.5 463.6 454.9 443.6 426.1 402 381.6 364.2
357 361.6 364.5 362.3 356.9 347.2 330.5 346.1 344.3 349 364.4 372.4 379.5 385.8 393.3 400.9 409.4 417.6 429.7 437.6 444.9 452.6 461.5 470 477.6 485.7 495.4 504.8 512.2 519.5 526.2 532.4 539.2 546.9 554.2 561.7 569.3 579 589.2 600.4 611 619.1 626.6 633 636.9 637.6 635.5 630.3 624.2 616.6 606.6 589.8 550.4 518.3 492.9 474 456.1 429.2 397.2 372 349.5 333.5 334.3 345.1 358.8 378 404.9 436.7 471 483 479.9 473.7 464.1 453.5 438.9 417.9 397.6 379.3
363.9 356 351.4 353.1 347.7 337.4 322.5 329.1 349.1 358.9 365.3 371.5 377.4 383.1 390.6 397.5 404.7 412.6 424.6 431.7 438.6 445.6 453.3 461.6 469.6 477.2 486.9 494.7 502.4 510.2 517 522.6 529.7 537.2 545.5 555 564.5 575.8 588.1 599.2 609.1 617.1 625.1 631.4 636.5 639.8 638.2 633.8 627 618.7 609 595.8 562.3 527.8 502 479.8 460.8 436 402.5 378.2 355.8 336.8 339.9 351.3 365.4 384.3 411.9 442.7 477.8 495 492.2 483.9 474.3 464.1 451.7 433.1 412.7 394.9
362 351.3 335.9 342.6 339.9 324.3 314.7 338.7 350.7 358.8 364.2 370.1 375.2 380.8 387.2 393 400.1 406.7 416.7 424.3 431.5 438.5 445.8 453.2 461.3 469 477.4 485.7 493.2 500.7 507 512.8 519.9 530.3 542.1 553 564.1 575.1 586.7 597.9 607 615.1 622.7 629 634 637.9 639.5 635.7 628.2 620.3 609.6 598.5 568.9 535 507.9 485.8 465.5 439.3 409.1 385.4 363 344.8 349.9 359.5 372 392.2 418.4 449.6 482.2 500.4 501.9 494.1 483.9 476.6 462.9 449.3 424.8 411.4
361 349.5 339.9 321.1 315.9 308.8 324.2 341.2 350.9 356.9 362.9 367.8 373 376.9 381.4 387.1 393.5 400.5 408.6 415.8 423.3 430.6 438 445.5 452.9 461.5 470.3 478.8 486.4 491.6 497.1 507.3 517.4 527.6 539 551.7 562.3 573.1 584 595.1 605.2 612.8 619.9 626.3 631.6 636 637.3 634.6 628.6 620.3 611.5 599.7 574.7 542.3 515.7 493.1 469.6 443.7 414.7 390.7 369.4 348.9 355.8 369 382 400.6 425.1 455.7 485.1 505.1 509.7 504.7 493.2 485.8 475.8 462.8 446.5 428.2
359 346.8 335.4 328.4 307.9 311.7 329.5 342.1 348.8 353.6 358.7 363.6 367.1 371.2 375.4 380.3 385.7 393 399.8 406 413.8 420.2 427 435.2 445 452.9 462 470.9 478 486.5 494.9 504.2 513.8 524.3 534.7 547.1 558.7 569.7 580.7 591.7 602.7 610.1 617.1 623.1 628.3 632.3 634.3 632.3 627.6 620.4 611.6 599.3 578.3 548.4 521.8 500.4 476.6 449.8 420.6 394.8 374.2 363.2 369.5 379.8 393.4 412.2 437.7 461.2 490.9 510.2 517.4 511.3 503.6 496.8 486 477.1 462.8 443.8
356.7 344.7 330.7 313.2 293.4 314.4 331.7 340.2 345 348.1 353.1 357.7 361 364.7 368.3 372.6 378.2 383.8 390 396.3 402.1 412.5 424 434.2 442.8 453.4 463.8 472.3 479.9 486.6 492.3 501 510.3 520.5 530.6 542.2 552.5 563 573.9 584.9 597.6 606.9 613.3 620 624.7 628.6 630.6 629.5 626.3 620.5 612.1 599.9 581.3 557.8 533.3 510.6 486.3 457.7 427 401.5 379.3 377.2 385 391.9 407 426.9 452.7 470.9 497.6 517.4 523.3 519.2 514.3 507 496.5 490.2 478.6 465.1
352.5 339.3 325.8 305.9 294.2 316.4 330.2 336.4 339.7 342.8 346.2 350.5 353.6 356 360.5 364.1 366.3 369.3 374.3 393.8 404.8 415.9 425.4 433.6 441.5 453.8 466.1 472.8 478.5 484.5 490.7 497.9 505.6 516.3 526.7 536.1 546 554.3 564.9 576.9 590.6 601.5 609.2 615.9 621.8 625.4 627.4 627.8 625.1 620.4 613.4 602.6 584.6 564.5 540.9 518.5 497 467.9 434.9 407.9 384.8 394.9 400.3 408.7 422.1 443.5 464 481.9 500.5 523.3 529.4 527.8 523.3 516.8 510.9 500.7 489.5 477.5
345.8 332.8 317 296.1 296.6 317.6 326.5 331.3 333 335.2 339.3 342.3 345.5 348.1 346.5 351.6 365.2 375 385.5 395.9 406.3 415.6 424.3 431.4 438.7 449.3 462.7 470.6 475.8 480.3 485.6 492.3 500.4 509.5 519.8 529.7 537.6 545.4 554.3 565.2 579.8 591 600.7 610.7 617.1 622 624.1 624.9 624.1 620.7 614.6 605.6 587.9 568.6 543.3 523.8 502.9 476.2 443.6 414.5 397.8 410.8 419 427.6 438 462.3 472.1 493.4 507 527.3 537.7 536.1 531.3 524.2 516.4 511.1 502.9 493
337.5 324.6 307.7 280.7 298.7 316.4 321.6 324.9 325.8 327.2 331.3 333.2 335.3 339.2 350.4 357.6 366.4 375.5 384.9 394.8 405.1 413.7 421.9 429 436.6 445.8 454.7 466 471 474.5 479.4 486 494.1 502.7 512 521.8 529.5 537.5 546.2 555.6 568.1 580.2 589.8 599.6 609.8 617 620.2 622.2 622.9 620.7 616 608 591.3 570.4 548.7 530.2 512.3 486.5 451.8 423.5 413.2 427.1 436.4 447.1 460.2 478 489.9 503.3 517.7 537.7 551.5 547.7 541.3 533.6 525.3 519.4 513.7 508.3
328 315.4 296.1 278 301.7 310.9 315.1 317.7 318.7 319.6 322.7 323.1 329.9 341.6 350.8 357.8 365.8 375.1 384.4 393.7 403.7 412.1 420.3 428.3 435.7 441 449.5 457.9 463.8 468.5 473.2 479 486.1 494.3 503.4 512.2 521 529 537.4 546.6 557.7 568.6 579 588.8 599 609.7 614.4 618.8 621.2 620 615.9 608.1 593.4 577.6 554.8 536.7 519.1 492.6 459.6 433.4 436.4 447.2 458.8 469.3 483.5 491.4 499.7 511.1 529.8 551 563.9 559.1 550.6 545.9 536.3 529.7 523.7 518.9
315.1 305.1 285.6 276.3 296.9 304.2 307.9 309.6 311.3 307.7 316.1 326.3 336.5 344.2 350.5 357.6 365.4 374.3 383.7 393.1 401.9 409.5 418.2 426 432.3 437.2 442.1 448.8 454.3 457.2 464 470.5 477.2 485.3 494 502.8 511.7 519.7 528.3 537 547.5 557.9 567.8 576.4 585.9 597.2 609.4 614.9 617.5 618.1 615.5 607.8 595.8 580.6 558.8 541.5 523.5 497.3 468 444.4 459.5 474.3 488.9 500.7 503.7 506.4 511.7 515.5 539.2 562.7 573.6 569.6 564.1 555.8 546.1 539.5 534.9 528.3
306.8 284.2 274.4 277.2 292.4 297 298.9 301.3 300.3 307.5 322.6 330.8 340.8 347.5 352.5 358.6 366.1 373.6 382.7 391.7 399.9 406.9 412.1 418.9 424.5 428.8 432.5 434.5 440.1 446.9 453.2 460.2 467 474.4 484.1 493.7 502.4 510.5 519.2 527.9 536.3 546.4 556.6 566.1 575.7 586.3 599.3 608.8 611.7 613.2 613.5 607.7 598.3 584.3 561.8 542.8 523.5 501.2 475.4 465.9 483.1 499.1 509.8 519.7 518.3 518.3 523.9 528.6 547.7 576.3 582 576.1 572 563.3 556.9 549.5 544.9 541
308.5 287.3 266 277.8 286.6 288.4 290.7 290.5 296.6 315.5 323.3 331 343.7 351.2 355.8 360.6 364.7 371.6 378.2 383.1 387.6 392.2 396.4 400.9 405.1 411.2 413.8 418.2 425.6 433.5 440.8 448.4 455.4 462.4 471.6 482.2 492.5 501.3 509 516.1 524.1 533.7 544.3 554.8 565.4 574.4 585.4 597 602.3 606.1 607.3 604.6 597.3 583.5 564.2 543.8 524.9 503.4 480.7 486.9 505.8 519.9 526.3 531 532 532.7 536.7 544.3 552.7 584.2 596.1 589.3 582.6 573.8 567.8 561.7 558.8 552.4
303 281.8 262.1 274.1 277.7 279.6 278.6 289.4 307.8 317.8 323.6 329.6 337.8 346.9 350.9 350.1 353.3 353.1 356.5 361.7 364.6 369.2 373.8 380.2 383.7 390.1 391.2 399.8 406.9 416.6 423.9 432.8 440.3 448.6 458.7 469.3 479.8 488.8 497.1 504.3 511.4 520.2 530.3 541.6 551.8 561.5 571.9 582.6 589.9 596.8 600.2 598.2 591.5 580.7 563.1 546.6 528.8 509.2 495.5 505.9 524.1 534.2 538.4 541.1 545.4 549.7 555.7 559.2 567.4 596.1 610.4 604 595.4 587.3 582.9 576.4 569.7 562.8
295.5 274.4 260.1 267.8 267.9 273.3 284 300.4 312.5 320.3 321.3 320.8 325 328.6 334.6 346.7 355.1 363.6 377.2 384.8 390.7 394.2 398.7 398.9 403.9 401.9 405.9 404.5 402.8 408.4 414.4 415 426.4 436.5 444 450.3 464.2 471.7 478.2 485.7 493 503.6 512.8 524.6 536.5 547.8 558.2 568.3 577.7 586 593.9 592.5 587.8 580.9 567 553.3 535.8 515.2 512.4 524.3 533 542.4 548.3 551.1 557.1 569.8 580.3 577.7 586 618.3 623.2 625.2 609.9 600.4 598.3 592.9 585.4 576.9
286.3 268 256.1 256.8 261.7 273.1 280.1 288.2 301.4 307.4 313.5 314 331.4 337.6 350.2 359.3 366.4 374.5 383.5 393.3 403.9 412.7 418.2 422 425 423.6 422.7 418.8 417.9 421.8 427.3 428.2 428.6 436.8 438.9 443.1 451 462.4 465.9 475.6 485.9 494.3 503.1 512.8 521.6 532.9 544.1 554.4 562.1 573.4 582.8 586.5 588.6 581.2 570.9 560.1 546.8 532.8 531.6 537.3 546 554.4 567.8 575.1 585.1 595.9 605.8 599.2 603 629.8 639.3 639 629 618.8 615.2 609.5 600.3 594.4
