data/310000-100000.asc
ncols 200
nrows 200
xllcorner 310000
yllcorner 100000
cellsize 50
[rows 0 to 34 of 200, columns 0 to 77 of 200]
168.8 167.5 169.8 166.1 162 163.6 165.8 166.3 164.7 159.6 153.8 150.1 146.9 144.4 142.7 145.6 148.5 149.4 149.9 152.5 154.6 156 157.1 158.2 160 161.9 162.8 162.2 160.5 161.6 164.7 164.8 165.3 165.6 164.9 164.4 163.2 161.4 161.7 162.6 163.3 161.2 158.8 156.5 154.2 152 150 149.3 152.6 158.9 161.7 163.3 167.1 171.8 178.3 183.6 189 194.7 200.2 211.5 225.2 231.6 234 235.5 237.1 237 235.5 233 229.6 224.6 212.4 200.3 190.6 183 182.4 189 195.3 203.4
175.1 175.9 173.2 171.6 166.7 168.8 169.9 167.2 162.5 158.5 154.6 152.1 150.4 147.2 144.1 146.6 149.6 151.4 153.1 155 157.6 159.1 160.5 161.6 163.6 165.4 166 166.6 165.4 165.2 168.8 169.8 169.2 170.1 170.2 169.8 168.2 166.5 167.1 168.5 168.5 166.1 163.7 160.9 158.7 156.5 154.8 149.9 151.1 153.7 158.4 163.3 168.3 173.9 179 183.5 188.6 193.9 199.7 209.4 222.5 229.2 232.8 234.5 235.9 236.2 234.9 232.3 229.5 224 216.6 201.3 192.5 184.1 183 190.9 198.8 207.2
180.5 181 179 176.8 175.5 173.4 171.4 166.4 161.6 160.5 156.5 155.2 152.8 148.9 145.2 146.7 151.5 151.9 154.7 157.2 160.5 161.9 163.3 164.8 166.6 169.1 169.9 170.7 170.8 171.2 172.2 173.2 172.9 174.7 175.2 175.7 174 173.2 173.9 174.3 173.6 171.1 168.7 165.7 163.1 161.4 159 151.2 150 155.5 160.6 164.9 169.1 174.4 179.5 183.2 188.2 193.6 199 209.3 220.8 227 231.1 233.7 234.8 235.4 234.4 232.4 229.4 225.4 219.4 204 194.9 186.9 185.5 192.9 201.2 213.8
185.5 184.7 182.9 181.5 179 176.3 173.4 169.1 165.5 161.3 157.4 157.4 155 151.3 148.3 147.3 151.3 153.8 156.9 160.6 164 165.7 166.9 168.3 168.9 171.8 175 176.1 175.6 176 176.5 177.5 179 179.2 179.5 179.9 179.7 178.9 179.4 179.4 178.5 176.4 173.6 170.6 167.7 164.1 161.7 154.8 151.3 155.6 161.6 166.3 170.7 175 180 183.8 188 193.1 199.3 207.2 218.8 226 230.6 232.8 234.4 234.7 233.8 232 228.9 225.4 215.1 206.7 198.1 188.8 190.4 195.3 203.2 216.5
192.9 191 188.2 186.4 183.1 179.5 176.5 172.6 167.8 161.3 160.7 160 157.9 153 149 148.1 151.1 155.7 159.8 164 167.3 169.8 170.9 171.9 172.2 174.3 177.6 180.4 180.2 180.8 181.3 181.9 182.9 183.2 183.7 184.1 184.6 184.6 185.1 184.6 183.6 181.9 179.4 176 172.8 168.2 163.9 155.5 151.4 157.1 162.4 167 171.6 176.2 180.5 184.2 188.4 193 199.8 205.3 217.8 225.7 230 231.9 233.8 234.3 233.4 231.7 228.5 225.2 220.9 207.1 202.5 190.4 189.9 193.3 201.4 212.9
199.6 197.2 194.1 193.2 189.4 185.4 181 176.8 170.4 166.4 165 163.8 161 155.1 154.6 149.7 151.5 156.4 162.3 166.6 169.7 171.7 174.7 176.1 177.2 178.5 180.3 183.2 183.7 184.4 186.3 186.8 186.7 188.7 189.4 190 190.7 190.6 188.5 190.1 191.5 192.7 189.4 184.7 178.7 172 164.9 157.1 153.1 156.9 162.5 167.2 172.1 176.6 180.3 183.6 188.5 193.4 199.1 205.3 217.4 225.6 229.7 231.5 233.4 233.8 232.9 231 228.3 224.7 220.5 209.9 202.8 195 191.7 189.9 196.5 204
207.6 206.7 200.9 202.2 196.9 191.6 185.9 180.7 173.7 172.9 170.2 167.3 162.6 161.6 158.7 152.5 152.3 157.9 162.9 167.2 170.1 172.6 175.7 179.1 181.4 182.6 184.5 186.3 187.7 188.1 189.9 191.8 193.1 195.1 196 197.2 197.4 197.5 197.1 200 208.7 213.1 201.3 190.8 183.1 173.5 166.1 158.5 153.8 157.3 162.8 167.2 170.8 174.8 179.3 181.9 187.5 193 199.7 207.4 218.3 225.4 229.6 231.4 232.9 232.9 232.3 230.5 228 224.3 220.4 216.1 202.9 198.2 199.9 195.1 196.4 201
214.3 215.1 214 208.5 206.4 200.3 191 183.6 181 178.1 174.3 171.2 168.1 165.6 161 154.3 154.3 159.6 163.3 167.5 171.1 174.2 177.3 180.8 183.8 186.2 188.7 190.7 192.5 194.2 195.3 197.3 199.3 200.3 203.5 203.9 204.6 207 207.8 216.2 222.8 223.3 219 196.6 188.6 177.6 169.1 162 154.7 157.3 162.5 166.5 168.2 170.9 176.8 180.9 186.7 194 199.7 207.2 220.8 226.3 228.9 231.3 232.9 233.1 231.6 229.9 226.8 223.6 220.1 214.8 206.2 208.3 208.5 202.4 201.7 201
221.2 221.1 219 214.6 210.4 207.3 201.3 193.8 187.3 182.5 177.3 178.4 176.2 170.2 163.3 158.4 155.2 160.4 164.5 168 171.9 176.3 180.3 183.3 185.4 188.9 191.9 194.4 196.8 198.6 200.5 203 205.9 213.2 221.8 227.4 225.1 224.8 226.3 234.2 229.9 226.8 222.1 200.7 191.3 179.8 171.3 164.5 155.9 157.2 160.4 163.8 168.3 172 175.9 180.9 187 194.9 201.5 210 221.4 225.5 228.5 231.3 233.2 232.7 231.4 229.1 225.5 222.3 218.4 213.8 211.8 215.2 216.1 209.7 201.5 200.2
228.4 229.3 227.5 222.8 216.6 211.1 205.7 198.9 193.2 186.7 184.7 182.3 178.4 172.5 167.1 160.2 156 161.6 166.1 170.8 174.7 178.7 182.6 186.3 189.1 192.2 194.8 197.4 200.5 202.9 205.9 210.4 221.8 232.5 239.7 241.9 242.9 242.5 240.9 237.7 234.1 231 223.3 205.9 190.1 178.9 171.7 164.6 158.3 158.8 162.7 165.7 170.1 173.4 177.6 182 189.1 196.3 202.9 210.1 222.3 226.4 229.2 231.9 233.6 233 231.1 228.3 224.7 221 216.9 214.1 216.1 218.8 219.9 215.3 202.7 198.5
248.8 249.2 244.5 231 221.1 213.9 208.4 203.9 196.9 192.5 188.2 184.3 179.9 176.8 169.5 161.8 159.7 163.2 168.7 173 177.6 181.9 185.4 189.4 191.7 195 197.9 200.7 203.5 206.3 214.1 227.2 239.2 246.4 247.4 247.3 247.1 245.7 242.8 239.2 236 233.5 222.9 201.8 191.6 178.5 171.1 165 158 159.4 162.9 166.2 171.3 175.6 180 184.7 190.5 196.4 203.5 211.9 221.5 227.8 230.7 232.5 233.9 233 230.2 227.4 224 220.2 218 219.1 220.7 222.3 223.6 220.1 208.8 200.9
267.8 268 258.7 239.3 225 216 210.4 204.8 198.4 193.6 188.5 183.6 175.7 172.2 166.5 161.8 162.2 165 169.4 175.2 180.5 184.7 188.1 191.8 193.7 198.8 202 204.7 208.1 218.2 232 245.1 249.3 249.4 249.1 248.6 248 245.9 243.3 239.6 237 233.3 219 202 193.6 178.2 171 164.5 156.5 162.3 166 167.4 171.6 176.4 180.4 185.4 190.9 198.1 204.7 210.4 217.9 229 232.3 234.2 234.6 233.1 230.2 227.2 224 222.5 222.1 223.7 224.9 226 226.7 225.1 214.7 203.2
268.6 268.3 265.2 246.8 229.6 218.7 211.8 206.2 200.2 194.2 188.9 183.8 176.1 171.9 166.8 162 167.2 170.6 172.6 175.2 181.2 185.7 191.5 194.5 198.6 201.7 205.1 212.7 222 232.1 247.6 250.1 250.5 250.6 250 249.5 248 245.9 243.6 240.5 236.9 232.3 220.5 205 195.1 179.9 170.8 161.2 160.7 164.2 170.1 173.3 175.7 178.7 181.2 186.3 192.6 198.3 206.2 212 218.1 229.7 233.5 235.3 235.3 233.5 230.7 227.8 225.7 225.5 226 227 227.8 228.8 229.6 228 219.7 207.3
269.2 268.2 264.5 249.1 232.8 219.5 212.6 206.4 200.6 194.9 189 181.6 179.2 175 169.6 165.5 172.1 174.6 175.8 178.4 182.4 186.9 191.7 196.2 200.3 204.4 208.8 219.9 236 246.6 249.7 251.1 251.5 251.7 251.2 249.9 248.1 246 243.4 239.4 236.3 231.8 220.1 203.1 194.4 177.8 169.5 160.3 161.5 167.7 171.9 175.4 178.6 181 182.9 187 192.4 200.9 207.8 215.2 223 229.9 234.1 235.7 235.7 234.1 231.2 230.4 228.5 228.7 229.7 230.7 231.5 232.2 231.9 230.1 224.7 208.3
269 268.5 264.1 249.9 232.2 220.5 214.2 207.7 200.8 195.9 190.3 187.3 182.8 176.9 170.8 169.6 175.5 177.6 179.4 181.2 183.4 188.9 192.7 197.9 202 207.3 216.1 228.9 244.3 249 250.9 252.2 252.5 252.9 252 250.2 248.4 246.5 243.7 239.9 236 231.4 218.2 202.2 193 178.2 168.3 161.6 163.3 169.4 172.8 176.4 179.7 182 184.7 188.2 193.5 202.4 210.7 218.2 225.8 230.9 234.7 236.1 235.9 234.8 233.2 232.5 231.6 232.5 233.3 234.3 234.7 234.8 234.2 231.3 222.2 208.8
269.6 268.6 265 254 232.4 221.4 215 209.1 203.3 197.9 194.9 190.1 185.4 179 171.8 171.1 177.6 181.3 183.4 185.2 188 191.2 194.8 201.1 205.9 213.3 223.8 235.7 246.1 250.6 252 252.6 253.4 253.2 252.3 250.5 248.7 247 243.3 239.7 236 231.4 214.4 199.7 189.3 176.8 168.7 161.9 164.6 169.6 172.7 176.1 179.4 181.9 185.5 189.6 196 205.9 212.7 220.9 227.5 232.2 235.7 236 235.8 235.6 234.7 234.3 234.7 235.9 236.9 238.3 238.1 237.6 236 232.8 221.1 213.2
269.1 268.3 264.7 252.8 233.7 221.5 214.7 208.6 203.3 198.7 194.9 190.2 185.4 180.1 172.7 172.5 177.7 183.2 186.6 187.4 191.2 194.4 198 204.1 213.1 222 231.4 242.2 247.3 251.8 253 253.5 253.1 252.8 252.5 250.8 249 247.1 242.9 239.2 236 230.1 216 199.6 189.7 177.1 170.2 162.9 164.4 169.4 172.4 175.6 179 182.1 186.3 190.5 197.3 206.7 213.2 222.9 229.1 233.2 236.4 237.2 237.1 236.8 236.6 237.3 237.7 238.6 239.4 240.5 240 239.2 238.2 234 219.7 215.4
269.9 267.9 263.5 251.2 231.3 220.4 213.6 208.5 203.5 198.7 194.9 190 185.5 180.1 173.9 175.7 179.9 184.2 188 191.2 194.3 197.8 202.1 208.7 219 229.3 239.1 245.8 250.3 252.7 253.7 253.4 253 252.7 252.3 250.9 248.5 246.2 242.6 238.3 235.4 230.2 221.9 200.1 188.5 177.1 169.3 163 164.8 168.7 171.8 174.8 178.2 182.5 186.4 190.5 197 204.6 212.7 223.6 230.8 234.3 237.2 237.9 238.3 238.6 238.8 239.4 240.3 240.9 241.6 242.1 241.1 240.1 238.7 232.7 220.2 218.3
269.5 266.9 261.6 246.3 230.6 220.2 214.3 209.5 204.3 199.5 193.2 185.1 181.7 178.8 174.4 178.9 182.3 186.9 190.3 194 197.7 201 207.7 219.3 228.8 238 244.5 248.4 251.9 253.2 254 253.6 253.3 252.9 252.4 250.6 247.6 245.9 242.4 238.5 234.4 229 208.8 199.4 188.3 177.1 170 164.3 165.8 169.1 172.7 176.1 179.1 182.8 186.8 190.8 200.6 207.8 218.3 226.9 232.4 235.9 237.9 238.7 239.5 240.2 241 241.6 242.2 242.8 243.3 243.3 242 240.8 239.3 235.2 222.6 218.9
268.8 265.6 258.6 246.1 230.8 219.7 214.8 210.4 204.8 191.9 194.5 193.2 183.6 178 181.4 182.7 185.6 188.9 193.3 197.2 201 208.3 219.1 230.4 241.6 245.3 248.4 251 252.7 254 254.7 254.3 253.9 252.8 251 249.3 247.8 244.8 241.7 237.5 232.7 224 206.4 194.5 184.1 177.1 170.4 165 167.5 170.9 174.3 176.5 177.6 182 186.8 192.1 201.6 213.6 222.4 229.1 234.2 237.2 238.9 239.8 240.7 241.6 242.5 243.3 244 244.4 244.4 244.4 243.1 241.6 240.1 236.5 226.1 220.9
268.8 264.2 256.8 243.7 230.7 219.9 215.1 210.8 203.2 201.9 199.8 194.9 181.6 183.1 185.4 185.7 188.9 192.1 195.8 201.2 211.1 222.3 232.9 244.3 248 249.5 251 252.6 253.7 254.8 255.3 254.9 253.2 251.6 250.3 248.9 247.4 244.1 240.8 236.2 228.9 215.1 200.6 188.3 181.6 175.6 169.7 165.7 167.7 169.8 172.2 176 179.2 183 186.3 192.1 203.2 213.6 224.1 230.7 235.7 238.3 239.9 240.9 241.9 242.9 244 245 245.1 245.2 245.2 244.6 243.2 241.8 240.3 237.9 230.2 222.6
268.1 264.5 254.7 242.9 229 220.5 216.1 205.2 206 202.3 198 191.4 184.6 188.1 188.9 190 192.6 197.8 204.7 211.7 223.8 234.9 247.1 250 251.7 251.8 252 253.7 254.7 255.7 255.4 254.1 252.7 251.4 250.1 248.7 247 243.7 240.4 234.9 224.3 208.8 200.5 193.4 184.8 177.5 171.5 167.6 168.4 171.8 175.3 179 182.5 185.7 188.9 194.2 203.3 213.3 224.7 233 236.7 239.4 241 242 243.1 244.2 245.5 245.8 245.9 246 246 244.7 243.3 241.9 240.4 238.2 231.5 224.8
267.3 263.4 254.7 240.9 228.6 221.2 215.3 209.7 206 201.8 197.3 189 194 192.7 193.6 193.1 200.7 209.3 216.8 223.7 232.7 246 250.8 252.9 253.6 253.8 254 254.5 255.8 256.5 255.8 254.1 252.6 251.2 249.9 248.6 246.5 243.3 239.8 234 225 217.5 211.2 199.1 191.1 179.7 174 167.4 168.7 173.1 176.8 180.5 183.7 187.7 192.1 196.2 205.3 215.2 229.3 233.9 237.7 240.3 242 243.1 244.3 245.6 246.2 246.5 246.6 246.6 246.3 245.3 243.8 242.2 240.7 237.9 230.8 229.3
267.4 263.5 253.4 241.2 228.9 219.7 215.9 210.1 204.4 199.3 194 195.1 196.5 196.7 198.6 201.6 210.1 219.9 228.4 235.7 242.6 250.7 253.1 254.8 255.4 255.7 255.9 256.1 256.9 256.4 255.7 254.7 253.1 251.4 249.7 248.4 246 243.3 240.9 237.4 233.5 230.1 221 202.9 196.1 183.2 175.8 170.2 169.2 172.8 176.1 180.9 185.5 189.2 195.4 203.3 213.2 220.5 228.7 234.9 238.6 241.2 242.4 243.8 245.1 246.4 247 247.2 247.1 246.9 246.7 245.9 244.3 242.8 240.8 237.1 229.4 234.1
267.6 263.3 253.1 241.9 229.7 220.5 214.9 209.3 204.4 198.4 197.5 199.9 201.3 202.6 208.5 215 221.6 229.6 238.7 247.5 250.8 253.8 255.3 255.8 256.3 256.8 257.1 257.3 257.2 256.4 255.7 255 253.7 252.1 250.4 248.7 246.7 244.4 242.1 239.5 236.9 232.3 226.5 206.4 198.5 184.5 176.9 172 169.3 172 176.8 181.6 186 190.4 199.1 206.9 215.4 228 232.2 236.2 239.8 241.8 243.4 244.8 246.2 247.4 248 248 247.7 247.3 247 246.6 244.8 242.9 240.1 235.8 232.4 236.3
268 262.7 253.1 242 231.7 222.5 214.6 209.7 205.4 201.9 203.2 204.5 205.9 212.5 220 227.8 233.6 241.6 248.5 252.3 254.6 255.6 256.5 256.8 257.3 257.6 257.5 257.4 257.1 256.5 255.7 255 254.3 252.7 251 249.5 247.2 245 242.7 240.6 237.7 233.7 225.4 212.9 197.7 191 182.6 174.3 170.1 173 178 182.5 187 190.9 199.5 207.2 216.5 230.8 234.8 237.6 241.2 242.7 244.3 245.9 247.3 248.3 248.5 248.3 247.9 247.6 247.3 246.8 244.5 242.3 238.9 233.2 236.5 239.3
267.4 261.9 252.2 242.5 232.8 221.4 215.4 211.9 206.6 208.7 211.8 214.7 217.9 224.1 231.4 238.8 246.6 250.8 253.3 254.9 256.1 256.8 257.3 257.6 258.1 257.8 257.5 257.4 257 256.7 255.9 255.1 254.3 253.3 251.9 250.1 247.9 245.6 243.3 240.8 238 234.7 228.2 213 201.7 194.2 183.8 174.7 170.8 175 179.2 183.9 187.9 192.8 204 212.3 219.2 233.3 236.8 239.7 242 243.6 245.2 246.8 247.7 248.6 248.6 248.5 247.8 247.5 247.2 245.9 243.9 241.7 237.5 236 238.5 241.2
267.2 263.7 253.7 243.6 234.9 225 219 213.6 215.9 218.7 221.8 224.8 229.7 236.5 242.8 250 252.8 254.3 255.6 256.4 256.8 257.5 257.8 258 258.4 258.1 257.5 257.3 257 256.6 256 255.2 254.3 253.4 252.3 251.7 248.5 246.7 244.2 241.6 238.7 235.3 230.3 219.4 204.8 195.6 185.8 174.4 172.2 176.6 181.9 185.2 189.1 197.4 207.1 214.2 221.2 235.9 238.8 241.5 243.1 244.5 246.1 247.4 248.2 248.9 248.8 248.8 248 247.4 246.8 245 243.1 240.7 237.6 238.4 240.1 242.8
267.5 264.1 256 247.8 238.9 228.8 222.5 223 225.9 228.7 231.8 235 241.5 248.3 253.3 254.7 255.2 256.5 256.7 257 257.4 257.9 258.2 258.5 258.6 258.6 257.9 257.3 256.9 256.6 256 254.9 253.8 253.3 252.1 251.9 250.2 246.8 245.2 242 239.7 236.3 232 220 206.6 198.6 186.1 176 172.9 178.5 183.1 186.8 190.3 198.8 210.6 217.2 230 237 240.7 243 244.5 245.7 247 248 248.8 249.1 249 248.7 248 247.4 246 244.1 242.3 240.2 239.4 240.7 242.3 244.3
268 265.4 257.6 250.2 243 237.1 231.9 233.6 235.8 238.9 242.7 246.9 253.5 255.8 256.4 257 257.5 257.5 257.2 257.6 258.1 258.4 258.6 258.7 258.8 258.8 258.2 257.5 256.5 255.8 254.5 253.5 253.3 252.5 251.7 250.4 249.3 247.2 245 243.1 240.2 236.2 232.1 220.6 205.6 198.3 188.5 177.7 173.8 179.2 183.7 187.8 190.4 201.6 212 218.3 233.8 238.6 242 244.4 246 247 247.7 248.5 249.3 249.2 248.9 248.4 247.6 246.8 245.2 243.3 241.4 240.5 241.6 242.7 244.2 245.1
268.8 267.1 262 254.7 248.2 244.2 242.6 245.9 247.2 250.6 254.2 255.1 256.6 257.2 257.6 258 258.5 257.9 257.7 258.2 258.5 258.6 258.7 258.9 259 258.6 258 257 256 255.2 254.3 253 252.1 251.3 250.6 249.7 248.9 247.3 245.7 243.3 240.7 236.7 232 220.5 205.6 198.7 190.1 178.6 174.7 179.9 183.7 189.4 193.1 204.6 214.6 220.7 235.5 240.4 243.1 245.7 246.9 247.8 248.1 248.9 250.3 249.2 248.5 248.2 247 244.1 243.7 242.3 241.6 242.4 243.6 244.6 245.1 245.8
269.7 268.2 265.9 259.3 255.2 252.7 253.3 255.1 257.5 257.8 257.5 257.7 258.4 258.8 258.9 258.9 258.4 258.5 258.1 258.3 258.4 258.6 258.7 258.9 259 258.3 257.4 256.4 255.5 254.5 253.4 252.1 250.8 250 249.5 249 248.2 246.3 245 242.6 240.3 237.5 232.5 227.2 206.3 198.6 188.9 177.5 177.1 181.5 186.1 190.7 196.8 208 216.6 225.7 237.4 241.9 244.6 246.1 247.3 248.1 248.1 249.1 250.6 248.8 248.1 247.6 246.2 244.3 242.9 243 243.1 244.1 244.6 245.2 245.7 246.3
270.3 268.9 266.9 264.6 262.3 261.8 261.4 261.1 261 260.8 260.4 259.7 259.2 259.1 259.1 259 258.1 257.6 257.9 257.6 257.7 258.3 258.5 258.7 258.3 258 257.3 256.2 255.1 253.8 252.5 251.2 249.9 248.8 248.3 247.8 247.1 245.6 244.3 242.2 240.2 237.1 233.2 225.4 206.7 197.5 186.8 177.5 179.4 182.3 186.5 191.8 199.4 209.5 218.9 228.3 238.7 242.2 245.6 247.1 248.1 248.1 248.1 248.8 250.4 248.7 247.7 246.7 245.1 243.7 243.2 245.1 244.2 244.7 245.2 245.8 246.3 246.9
270.8 269.5 268.5 266.9 265.6 264.8 264 263.5 262.9 262.3 261.5 260.6 259.7 259.3 259.2 258.7 257.8 256.9 256.9 256.2 256.9 257.5 258.1 258.4 258.1 257.9 257.1 256.4 255.2 253.8 251.8 250.3 249 246.7 245.8 245.1 244.9 243.8 242.8 241.3 239.7 235.9 232 219.4 206.2 195.6 183.7 177.9 181.3 186.1 190.9 195.1 202.1 212.2 222.5 233.2 240.3 243.7 247 248.2 248.2 248.2 248.2 248.7 249.1 248.5 247.4 245.9 244.2 243.6 243.9 245 245.6 245.8 245.8 246.3 246.9 247.4
271.8 270.5 269.9 268.7 267.9 267 266 264.9 263.9 263.4 262.4 261.6 260.7 259.8 259.3 258.5 257.7 257.1 255.7 254.9 255.4 256.4 257.6 258.1 257.8 257.8 257.2 256.5 255.2 253.9 252 250 248.1 245.3 239.3 237.7 238.9 240.1 240 238.9 237.5 235.6 231.9 214.3 203.1 194.7 182 179.3 183.3 190 196.4 200.7 206.3 216.7 226.3 235.4 241.9 245.5 247.6 248.6 248.6 248.6 248.6 248.7 248.4 248.1 246.8 245.5 244.7 244.1 245 245.9 246.7 246.9 247.1 247.3 247.5 248
