data/310000-500000.asc
ncols 200
nrows 200
xllcorner 310000
yllcorner 500000
cellsize 50
[rows 144 to 179 of 200, columns 82 to 163 of 200]
350.8 358.3 366.4 373.4 377.5 378.5 376.1 356.5 365.3 389.6 397 403 411.3 417.5 426.2 433.1 430.5 429.2 424.3 413.7 402.8 389.1 375.5 364.1 351.6 343.4 331.2 318.1 307.9 296.7 284.1 270.9 255.9 243.9 233.7 221.3 208.9 196.1 184.7 167.2 198 207.6 211.3 210.9 209.3 200.7 190.7 179.3 166.7 157.2 158.6 167.5 180.8 197.5 216.4 237.4 250.4 262.2 270.6 276.4 280.8 284.8 288 287.5 286.3 285.3 283.6 281 276.7 272.2 266.3 259.5 254.5 250.1 248.3 243.8 235.7 228.6 223 220.8 221.1 220.4
356.6 364.1 372.9 380.2 384.4 385.4 383.4 376.3 383.7 389.6 394.8 400.4 407 411.6 414.7 416.8 415.9 416.1 409.9 400.4 386.2 368.5 355.9 342.9 337.1 323.6 312.4 300.6 289 277.5 266.2 249.7 238.2 228.4 217.4 204.3 193.2 185.8 170.6 176.6 196 198.9 198.9 196 188.3 179.1 169.3 160.3 153.2 158.2 168 182.3 200.2 216.9 234.4 249.9 258.3 266.9 272.7 275.7 280.1 283.2 283.6 283.4 283.6 280.2 277.7 274.5 270.9 266.9 261.4 257.9 252.4 247.5 246.5 241.7 233.7 226.2 221.1 217.6 217.1 215.7
360.9 368.9 378.3 385.1 389.5 390.7 389 386.5 386.4 388.9 392.8 395.6 399.3 401.9 400.1 398.1 398.7 397.2 390.1 377.1 362.3 348.7 335.6 328.5 317.7 305.1 292.2 279.5 269.9 258.9 244.5 232.3 223.4 214.3 202.9 191.4 184 175.3 154 182.5 190.5 187.5 182 176.9 168.7 159.6 152.5 151.4 159.3 169.3 181.9 199.8 217.1 232.6 248 257.2 261.7 267.2 273.2 275.7 277.2 279 278.9 278.3 277.2 274.2 271.4 268.8 265.6 262.8 261.2 259.5 253.6 248.1 245 239.2 231.9 224.8 221.5 215.6 210.4 211.2
364.2 374.4 382.6 387.8 391.8 394.3 392.9 389.7 386.7 385.7 386.4 386.3 387.6 388.1 384.6 381.5 377.7 375.6 367.6 353.2 341.4 328.2 317.4 311.4 297.9 285.9 273.5 260.1 248.8 237 224.9 217 208.9 199.7 188 179.7 177 160.7 163.1 178.3 175.8 169.2 164.2 158.1 152.1 145.8 149.9 159.8 170.9 186 200.6 216.6 231.1 242.5 251.5 259 262 264.1 269.1 271.5 270.9 269.9 270.4 271.6 271.5 269.2 266.4 264.8 263.8 261.6 258.3 257.7 256.1 251.9 246.2 237.2 229 223.3 218.7 214.4 207.7 206.9
367.2 376.1 383 387.1 393 393.9 392.3 388.4 383.1 378.5 376.4 373.7 372.4 371.1 369 365.6 360.6 352.7 343.3 331.8 319.9 309.2 302.5 291.2 279.2 266.2 252.3 240.8 228.3 218.5 211.1 203.2 194.5 185.5 175.5 174.3 163.4 148.2 162.3 161.9 156.1 151.5 148.8 144.2 142.3 149.7 163.1 173.9 183.7 197.6 216.2 228.1 237.3 244.4 251.3 256.9 259.2 261 263.2 264.5 263.9 262.4 262.5 265.1 265.8 264.6 262.9 261.9 262.2 259.7 257 254.4 253.8 250.7 245.5 236 228.7 222.5 218 212.3 206.3 201.9
364.5 374.3 378 382.6 386.4 382.7 381.5 379.7 369.8 364.2 361.2 359.4 357.3 356.8 357.7 352.1 343.8 334.5 323.9 312.2 303.9 294.9 282.7 270.9 259.8 247.8 233.7 221.1 211.4 204.3 197.7 191.5 182.2 174.8 167.2 164.7 147.9 149.9 150.3 145.8 142.2 141.5 138.8 140.4 148.2 162.5 179.4 189 200 210.3 222.5 229.5 237.3 242.9 250.4 253.8 256.7 258.3 258.9 259.1 258.1 258.5 259.5 260.5 261.5 262.5 260.9 260.1 260.5 259.1 257.8 254 251.8 248.8 242.7 234.6 226.9 222.5 217.3 210.8 204.9 198.3
363.5 371.3 373 374.2 373.2 369.5 367.2 360.1 353.2 349.7 347.8 346.3 344 342 341.2 340.2 332.1 318.8 307.5 299.3 291.3 277.6 265.1 254.5 241.5 228.7 215.4 207.5 199.5 193.5 186 178.4 170.6 163.5 159.2 151.2 132.7 140.4 139.2 134.8 134.1 133.2 139.6 145.2 162.1 176.9 191.2 200.5 209.7 221.4 228.4 234.7 239.4 243.2 249.7 252.7 254 255 254.9 254.1 253.7 256.9 257.9 259.9 261.6 262.4 260.1 258 257.3 258.7 258.1 254.2 249 246 241.3 232.9 227.1 222.3 216.9 209.9 202.8 194.4
363.5 366.2 366 365.6 361.1 356 352.5 345.4 340.7 339.9 338.5 335.4 333 327.5 324.1 321.3 316.9 306.6 294.7 289.4 275.3 261.9 250.2 238.1 223.6 212.3 204.2 198.1 190.3 181.1 172.4 165.4 158.8 155.9 150 140.7 129.5 133.1 130.6 130.6 131.1 135.8 144.8 157.2 168.2 185.7 197 207.6 216.1 225 231.9 237.1 241.1 244.6 248.1 250.3 251 250.2 249.6 250.5 252.2 257.1 260 261.9 262.9 262.6 260.4 257.8 256.2 258.3 258.6 254.3 249.1 243.1 236.1 230.1 225.4 219.9 216.2 208.6 199.2 191.7
358.4 358 358.5 353.3 348.9 343.8 341.9 335 331.3 329.3 329.2 326.9 322.6 315.9 309.6 307.2 302.2 296.3 286.5 276.1 261.7 248.6 238.6 223.5 209.4 200.2 194.2 188.1 178.7 167.3 159.7 154.2 148.7 143.7 138.1 130.2 126.4 126.4 126.3 126.3 134.8 145.1 156.3 167.4 179.4 189.8 192.8 204.4 216.4 228.1 234.6 237.9 241 244.1 245.8 247.3 247.6 247.4 246.8 248.1 252 254.9 259.4 259.8 260.7 261.7 261.5 258.1 256.2 257.1 258.5 253.6 247.2 239.7 232.5 225 218.5 214.4 209.6 203 194.8 187.4
351.5 349.9 347 342.5 339.9 338.1 331.1 326.3 325.4 325.4 324 321.9 315.1 307.9 301.1 296 290.6 285.7 278.3 265.4 249.4 237.3 226.2 211 197.2 188.9 183.7 176.2 165.7 156.4 149.3 144.5 135.6 131.6 127.2 123.4 121.5 123.6 127.3 135.2 147.4 159.2 169.6 181.3 190.1 199.7 209.7 211.2 216.2 227.8 233.1 236.6 239.8 242.6 244 245 244.6 245.7 247.1 248 250.4 252.1 253.9 257.6 261.6 262.2 260.9 258.1 256.1 254.9 254.2 250.8 243 236.2 228.5 220 214.3 209.9 203.9 196.9 189.6 181.8
342.2 338.6 335.8 331.8 330.7 328.4 321.4 321.5 321.8 320 318.5 316.5 311.6 303.8 296.8 288.4 280.7 275.2 267.4 256.9 241.6 227.3 214.9 199.8 187.7 179.2 172 163.6 153.9 145.5 141 136.9 127.6 121.8 119.8 119.2 120.6 127.4 134.4 147.7 161.6 174.2 185 194.7 201.6 208.3 215 222.1 226.1 229.4 231.4 233.5 237.5 239.8 241.4 243 244.2 245.9 247.4 248.3 249.3 250.7 255.1 258.4 263 261.2 258 256.8 255.6 251.8 249.4 245.4 237 230.2 222.7 216.5 210.3 204.1 198.9 190.9 183.4 175.4
332.1 330.3 327.1 323.2 321.2 316.1 314.9 318.5 318.9 316.2 314.3 311.5 306.6 298.6 290.8 280.9 273.5 265 257.3 246.3 233.8 218.6 203.3 191 180.5 169.9 159.5 151.3 141.9 137 133.7 130.5 120.3 117.1 116.3 113.6 123.2 132.4 145.9 161.3 173.2 181.2 192.9 202.1 209.1 214.9 220.1 225.5 228.9 232.9 236.5 239.2 241 240.5 241.8 244 244.8 246 247.6 248.5 249.5 254.2 256.6 261.3 263.4 259.9 256.2 253.1 253.6 248.2 244.3 238.1 231.5 223.9 218.2 212.3 205.7 198.9 192.6 183.8 176.1 168.4
323.4 320.8 319.7 313.3 309.4 308.3 312.9 317.7 316.4 312.9 310.4 307.3 301.1 292.9 283.7 275.3 266.8 258.5 248.2 237.8 224.8 210.1 194.3 180.5 169 157.6 146.9 140.1 134.4 130.6 127.2 122.3 114.5 114.2 111.8 124.1 131.2 140.9 155 168.9 181.6 190.4 197.4 205.2 213.7 218.9 223.7 228.9 235.1 238.4 241.2 242.4 242.7 242.3 244.2 244.9 245.7 246.7 247.9 248.7 249.7 253.1 258.1 263.5 263.4 261.1 254.9 248.7 245.9 244.4 239.2 233 226.8 219.7 213.3 205.5 200.7 196.4 188 173.4 164 157.4
305.2 304.9 302.7 298.7 299.8 302.9 314.4 317.6 315.6 311.4 306.5 302.1 293.7 283.8 274 265.7 257.9 248 237.6 226.5 214.3 198.3 182.4 168 154.6 144.2 135.6 131.5 127.4 124.5 120.1 115 111.9 109.8 121.3 129.9 140.2 151.8 164.1 174.9 186.8 194.7 202.5 210.5 217.9 222.1 226.5 234.5 240.8 242.1 243.9 244.4 244.6 244.7 245.9 247.1 247.6 247.5 249.5 249.8 250.2 253.6 259.6 264.1 264.5 259.3 252.9 246 242.4 238.6 233.4 227.5 221.5 212.8 204.7 198.1 193.7 186.8 175.5 162.2 152.2 148.5
288.1 288.1 286.1 284.8 290.6 305.6 316 319.6 314.5 309.7 302.6 293.7 285 274.8 264.4 255 247.4 236.4 224 211.6 198.9 186.7 170.6 154.3 144.3 133.9 128.6 128.2 123.4 117.4 113.5 107.7 109.8 118.7 131.5 139.5 147.2 158.7 172.5 182.7 190.4 199.1 206.5 215.5 221.9 226.7 232.5 238.9 243.8 245 246.3 246.6 246.9 247.3 247.6 248.7 250.7 248.8 251 251.9 252.6 256.7 261.6 266.1 264 258.5 246.7 241.2 237.4 233.3 226.8 221.1 214.3 204 195.2 187.2 180.1 171.6 164.2 152.6 144.1 153.6
272.6 271.7 269.1 275.6 291 311 321.4 316.5 307.8 303.7 294.1 280.5 273.3 266.5 255.3 243.7 234.2 222.5 208.8 196 183.2 171.2 157.9 144.7 131.7 124.9 123.6 122.9 116.8 111.2 106.3 107.8 115.6 127.1 135.5 141.3 153.4 166.6 178.2 186.4 195.4 202.8 210.9 219.4 228.1 235.5 240.1 244.2 247.7 248.8 247.4 248.1 250.5 251.3 252.8 253.8 256.9 253.3 252.7 254.3 255.7 261.2 265.8 269.2 261.6 250.7 241.1 236.7 230.4 225.2 219.9 212.4 204.4 195.3 186.8 180.5 170.8 162.4 159 145.5 145.1 153.5
259.6 252.5 259 276.1 297.6 313 321.6 314 302.7 296.2 285 267.9 260.7 251.4 239.3 227.7 217.6 204.5 192.9 181.6 168.8 156.2 146.5 134.2 124.2 115 113.8 112.8 109.1 106.7 103.3 111.3 117.4 126.6 134.8 146.3 159.8 171.6 180 190.2 198.1 207.7 217.4 229 235.8 240.8 244 247.4 251.1 249.6 248.7 249.3 250.8 254 259.2 260.4 260.2 257.4 254.9 256.7 261.3 265.6 269.7 266 254 243.8 238.4 231 224.8 221 213.3 205.4 196 187.3 180.6 173.7 164.4 158.5 151.2 140 147.7 153.8
238.9 234.1 250 276.1 311.5 327.5 321.3 310.2 295.6 286.8 270.8 255.7 248.3 237 222.1 210.5 198.7 187.2 176.5 165.6 154.6 143.5 133.6 123.3 115 109.6 108.5 105.9 103.3 101.2 106.4 111.8 120 125.8 136.6 149.6 162.5 173.1 181.3 192.3 202.7 214.2 226.7 234.3 241.4 244.7 248.4 253.1 254 251.1 250 250.3 254.1 260.9 271.5 267.8 266.3 262.9 257 259.6 263.2 267 264.9 262.1 247.6 238.5 233.6 226.8 221.8 216.8 210 199 188.8 181.4 174.8 167 159.1 151.9 144.1 135 148.7 154.2
216.5 218.8 237.5 277.5 301.1 307.9 309.8 297.1 282.4 279.9 264.3 243.9 234.1 221.8 206.5 192.3 181.2 171.3 161 151.5 142.7 130.8 122 113.9 108.8 103 103 100.6 99 102 105.7 115.1 120.6 127.8 139 149.8 161.9 172.7 183.2 195 209.5 223.5 233.6 241.5 246.9 249.6 252.7 255.4 256.9 254 252.9 258.6 259.7 263.3 271.9 274.1 269.1 265.5 261.3 257.8 259.3 260.8 261.2 250.3 241.3 233.1 229.2 225.1 222.3 215.2 206.6 195 184.7 176.7 169.2 161.3 151.4 146.6 135.6 135.8 149.2 154.6
196.8 204.2 218.9 240.7 271.4 284.9 284.5 260.3 263 270.3 255.3 231.1 212 200.7 188.8 176.9 166.2 154.5 145.2 136.4 129.1 119.1 111.2 106 102.3 98.6 97.5 96.9 97.8 105.1 111 117.3 124 130.6 140.5 150.5 162.1 175.1 188.7 202.9 220.7 232.9 237.9 244.7 248.6 257.1 257.8 259.8 260.1 256.7 256.3 259.7 263.8 266.2 267.8 273.8 274.2 270.8 264.3 261.1 258.4 257.5 251.9 240.9 234.3 230.9 228.7 224.7 219 214.5 203 188.3 179.5 172.2 163.1 153.5 144.9 139.5 128 142.8 149.1 155.5
186.2 190.6 197.2 207.2 241.9 258.6 241.3 233.9 241.8 240.8 228.2 211.7 195.2 184.6 172.5 162.6 150.8 138.2 130.6 122 113.7 105.1 101.2 98.4 95.9 94.4 95 95.4 101.7 108.3 113.3 120.7 125.8 132.1 141.7 151.5 163.9 180.8 194.4 213 232.5 237.4 239.5 244.2 252.6 257.4 260.7 262.4 262 259.8 259.4 264.8 267.3 266.9 266.9 272.8 275.5 271.1 266.5 265.4 262.5 257.4 246.1 238.4 230.8 228.2 227 222.7 217.3 210.5 198.9 184 172.3 166 154.6 143.3 135.6 128.7 134.3 141.5 148.8 158.5
179 179.2 181.1 188.9 204.9 217.3 208.1 215.7 219.8 216.6 203.4 192.1 177.2 164.4 155.1 142.1 131 123.7 118.1 109.4 100.4 93.8 93.1 92.8 93 93.1 93.3 95.6 102.1 107.2 114.7 123.3 130.7 137 147.2 156.7 169 186.2 206.9 226.8 235.3 238.8 242.3 247.4 256.6 261.9 264.4 265.3 265.8 263 262.3 266.1 268.5 271.3 272 272.5 269.9 267.1 266.3 266.6 265.6 253.7 244.1 235.2 229.1 227.2 226.6 219.7 213.8 206.2 195.9 178.9 166.8 156.6 145.9 131.2 121.8 129.7 136.4 143.1 151.3 160.5
173.3 170 170.6 174.5 181.9 185.2 182.3 184.4 190.4 195.4 178.1 167.4 155.1 144 132.9 124 116.7 110.6 106.9 97.9 90 88.6 89.2 90.6 91.5 92.1 90.9 97.9 105.3 112.2 120 126 133.4 142.8 154.3 162.8 173.8 192.4 218.9 233.8 238.5 243.4 246.9 252 261 263.7 266.8 267.6 269.1 266.8 264.6 265.3 270.1 272.1 272.6 272 270.4 268 266.8 265.9 264.5 254.6 241.7 232.8 232.9 229.8 226.4 219.6 211 204.1 193.7 172.2 158.7 148 132.2 113.9 127.7 133.5 137.5 142.9 150.9 160
167.6 163.5 161.6 162.9 163.8 161.9 161.8 162.5 160 157 150.7 143.4 134.3 126.7 121.1 113.9 106.8 101.8 97.9 90.8 86.7 86.9 87.7 88.8 89.8 89.7 94.8 101.3 108.8 118.1 127.7 135.2 141.4 148.8 158.8 167.9 182.9 200.8 220.3 235.6 239.9 244 247.5 251.8 257 263 270.7 271.5 271.7 269.6 269.1 273.1 275.7 275.4 273.1 270.4 272.2 274.9 269.9 263.5 260.8 253.3 238.1 231.4 237.1 233.2 224.5 219 208.5 197.4 185.3 164.4 149.5 136.4 121.6 118 128 132.3 137.8 143.9 151.8 164.4
160.8 157 155.5 155.1 151.6 147.6 145.7 143.6 140.8 136.5 132.4 127.5 122 117 112.4 107.3 102.3 97.3 91 86.6 85 85.8 86.5 87.3 88.1 90.6 98.1 107 114.9 125.4 136.5 144.5 149.2 153.3 163.9 175.6 192.1 210.3 220.5 227.9 237.1 246.4 249.3 252.4 255.2 265.2 274.3 278.5 273.4 271.1 272.7 282.2 280.6 278.2 272 269.7 270.7 273.5 269.9 265.6 257.2 249.3 234 229.9 230.9 233.1 224.5 215.1 204.3 188.8 169.4 153.2 140.6 127.3 110.6 117.4 125.9 132.8 138.8 148 160.2 172.9
155.8 151.5 149.4 147.8 144.2 140.2 137.3 134.2 129.9 126.6 122.4 117.9 112.4 108.2 104.7 101.3 94.9 88.3 84.9 83.1 84 84.9 85.7 86.8 88.5 93 101.3 111.4 122.1 134.7 146.2 151.9 156.8 160.7 170.5 184.2 195.9 211.6 220.8 227.5 240.3 245.6 249 255.5 257.8 264.1 274.4 280.4 272.3 271.6 274.9 282.3 283.7 275.8 273.7 268.1 268.8 270.2 273.6 267.2 257.1 251.7 234.8 223.6 225.1 224.5 222.3 211.2 192.3 169.2 155.5 143.4 131.5 120.9 108.6 115.9 122.1 131.1 139.5 153.3 169.1 174.5
151.5 146.8 143.8 141 137.3 133.5 130.5 126.5 122.3 117.4 113.2 108.5 103.1 100.5 98.1 91.9 87.3 81.9 81.4 82.1 83.2 84.1 84.6 90.3 96.6 99.6 105.8 114.9 128.9 141.5 151.9 161.1 171.5 176.7 187.2 194.9 204.2 214.3 222.6 230.5 241.4 247.4 251.2 257.2 260.3 260.2 263.7 267.9 268.4 273.3 274.4 278.8 282.2 277.5 273 269.2 267.5 268.2 270.1 265.5 262.7 256 239.9 219.6 219.8 215.4 209.5 196.3 171.9 152.2 145.2 132.8 123 112.7 107.4 115.5 125.7 129.8 141.2 155.5 164.9 165
147.2 142 138.2 134.6 130.7 126.3 123.3 119.6 114.3 108.6 104.3 99.1 96.3 91.9 88.7 84.7 79.6 79.5 80.3 81.1 81.9 83.9 88.1 95 100.2 104.9 112.5 122.5 135.5 149 163.2 180 187.2 190.7 199 208.5 212.6 218.9 224.4 235.4 241.2 247.1 258.7 262.8 263 258 256.9 257.9 263.5 265 270 278.9 277.7 273.4 278.3 276.2 272.6 267.3 262.4 263.1 268.4 260.4 238.9 221.2 209.2 201.7 185.6 170.9 146.8 145.6 136 121.4 114.1 92.7 105.8 114.9 122.6 125.5 135.1 147.6 147.5 141.8
141.7 135.8 131.2 126.8 122.4 118.1 114.3 112.3 107.5 103.1 98.1 91 84.9 81 78.8 77.9 75.3 77.9 77.4 82.3 85.6 88.3 92.4 98 105.4 113 124 135.6 147.6 160.9 175.7 188.8 194.7 198.7 208.7 217.3 222.2 222.8 225.5 236.4 244.8 252.9 254.7 258.5 256.4 251.5 253 252.5 257.3 255.5 261.1 270.4 272 274.7 284.9 285.5 274.2 265.9 262.4 270.3 266.6 245.6 225.7 213.6 190.1 177.3 162.2 147.8 135.5 130.1 124 111.8 103.1 91.1 99.2 107.8 113.3 116.8 123.5 127.9 125.1 126.9
133.7 127.7 123.2 118.7 114.3 110.9 108.1 105.5 100 94.8 89 80.7 76.8 74.8 75.2 75.5 77.4 79.6 81.4 85.2 89 92.4 96.8 104.8 115.4 126.2 136.2 146.5 159.7 174.8 186.8 194.6 196.8 201 209.6 221.2 224.1 222.5 224.8 235.3 244.3 247.2 249 246.1 249.2 250.2 252.5 248.5 241.3 240.9 251.2 262.9 263.2 273.8 279.8 279.3 275.2 265.8 266.5 266.6 254.2 230.9 212.4 195.7 176.2 152.8 136.5 121.7 115.6 112.2 108 97.3 89.6 88 92.9 98.7 104 105.8 111.6 114.6 109.2 116
127.3 121.5 116 111.7 107.3 105.1 102.9 97.4 91.9 85.9 79.6 75.2 74.2 73.9 73.9 76.2 80.1 83.8 87 93 98.6 103.1 107.5 115.9 126.7 137.5 146.1 158.9 174.6 185.2 195.4 200 200 203.7 207.3 215.9 217 218.8 220.8 222.9 226.7 230.9 235.1 237.2 241.8 246.4 247.3 243.3 234.7 228.7 232.5 245.1 246.2 270.7 278.7 277 271.4 270.3 261.5 255.3 234.2 208.6 191.2 171.4 148 130.5 116.3 102.1 98.2 96.2 90.2 86.1 73.8 83 88.1 95 98.3 100.3 104.2 101 95.2 97.1
121.4 114.7 108.6 104.6 102.5 100.9 98.4 91.8 85.3 79.2 73.6 71.8 71.2 72.1 76.4 82.5 87.3 91.6 97.6 105.2 109.7 114.6 118 124.9 135.7 148.8 160.9 173 186.9 194.1 201.2 204.5 204.7 207.6 207.9 211.3 215.5 222.7 223 221.6 222.3 222.8 227.2 228.4 233.9 238.1 237.5 233.5 229.9 224.7 224.4 227 249.3 276.1 276.5 271.7 273.7 271.4 264 239.4 211.1 183.4 162.8 147.7 128.4 114 102 87.1 82.2 78 76.5 75.3 72.5 80.1 84.7 90.5 91.8 96.1 99.7 89.3 85.4 88.1
114.4 108.2 104.9 101.2 98.5 96.5 92.8 85 79.6 73.5 67.9 70.9 73.1 80 85.8 92.8 98.3 105.9 113.6 118.7 122.1 126.7 131 137 148.3 160.9 173.7 186.6 196.2 202.1 207.6 213.5 216.2 210.1 209.6 212.8 214.8 219.4 221.4 221.5 221.7 221.9 221.9 222.1 226.7 230.6 229.7 228.4 227.7 221.5 217.2 227.8 256.1 270 258 267.1 267.1 260 248.8 222.9 188.6 160.6 140.7 121.9 108 99.2 91.4 76.4 69.8 66.6 65.8 64.5 67.7 70.6 75 80.2 78.6 81.7 81.6 75.7 72.1 72.8
106 100.8 98.8 93.8 90 89.8 83.8 75.5 68.7 67.1 69.4 74.9 83.6 96.8 103.5 111.2 115.9 123.5 129.5 133.7 136.6 141.4 145.3 150.7 158.3 168 181.8 195.5 203.8 208.5 213.6 213.8 214.5 210.5 212.3 215.8 212.8 217.7 223.4 226 222.4 221.9 221.9 223.3 226.5 230.2 230.9 226.5 224.9 213.9 213.9 220.8 236.2 246.3 256.2 258.7 257.1 241.7 223.7 194.7 164.5 140.1 121 103.9 88.5 80.9 76.1 65.9 60.6 54.2 57.1 59.7 60 60.8 62 64 65.4 67.7 66.1 61.1 60 60.8
98.3 91.8 87.8 84 80.6 78.7 73.8 65.5 67.8 70.8 78 86.7 96.9 111.3 117.3 122.3 128.2 137.3 143.3 146.6 150.5 155.8 159.6 164.5 170.6 177.9 186.3 197.5 205.7 210.2 212 210.5 209.7 209.8 212.2 209.6 211.7 222.2 224.9 226.8 224.2 221.9 222.8 231.2 236.1 230.6 226.4 220.8 213.9 213.9 213.9 213.9 227.2 231 240.5 239.3 233.8 222.6 199.4 165.5 141.2 121 104.4 86.9 75.3 66 61.1 57.3 53.9 56.7 58.2 58.2 57.5 57.2 57 58.4 59 59.1 58.5 57 58 58.2
90.5 84.4 78.8 73.6 70.8 70.1 66.5 68 74 80.2 89.1 96.8 110.9 121.4 127.8 134.6 138.4 145.6 152.3 158 163.7 169.7 173.2 177.3 180.6 186.4 193.4 204.4 209.5 216.5 218.9 211.2 210.3 210.2 205.6 207 212.5 222.7 225.5 224.2 225.1 224.1 223.5 224.6 227.7 230.1 225.2 218.3 213.9 213.9 213.9 218.6 230.6 236.2 230.1 226.3 212.9 190.6 157.7 139.2 119.3 100.5 83.5 74.2 63.9 56.7 54.8 51.3 54.9 55.9 56.8 56.1 55.5 55.2 55.5 56.3 55 55.7 58.1 58.3 59.5 60.8
