data/310000-510000.asc
ncols 200
nrows 200
xllcorner 310000
yllcorner 510000
cellsize 50
[rows 35 to 69 of 200, columns 0 to 77 of 200]
345.5 350.5 349.6 345.3 334.3 326 332.9 339.1 347.5 351.5 351.8 349.1 348.9 346.4 343.5 334.3 319.3 315 314.1 308 327.4 350 360.1 370.2 381.3 393.7 407.4 418.9 429.7 438.2 445.3 458.9 475.8 491.7 504.5 511.1 511.3 508.1 502.2 488.6 472.5 455.1 435.9 418 402.2 385.8 371.6 359.9 349.2 338.4 328.8 336.2 337.5 339.5 344.1 349.7 358.6 370.1 382.5 397.7 416.3 438.8 466.6 479.6 481.3 472.5 447.5 416.7 386.6 358.9 328 303 277.7 255.1 238.6 219.9 213.3 219.9
328.8 331.1 330.4 327.2 321.2 311.8 322.5 329.4 334.4 341.3 340.8 337.3 341.7 340.4 339.1 335.1 321.1 302.7 289.7 310.3 334.6 346.9 357.6 367.3 376.6 384.8 395.2 405.1 414.8 422.1 436.7 452.3 468.1 481.9 494.1 503.6 506 503.9 501.9 492.1 479.8 463.4 443.1 423.6 406.9 389.3 373.3 360.7 349.7 340.5 330.9 339.4 340.8 341.8 344.2 350 359.5 371 384.7 400 420.2 443.8 473.2 490.5 489.7 484.7 464.3 430.4 400 368.8 337 310.3 284.3 258.7 237.4 221.6 216.2 220.7
311.4 311.1 310.7 309.9 304.5 299.8 307.8 313.8 321.1 322.8 325.9 330.3 328.1 324.9 323.6 318.4 309 290.7 300.8 323.4 335.6 345.5 354 363 370.9 379.3 385.7 393.5 401.1 410 425.4 439.4 455.2 468.6 479.6 491.6 496.1 495.7 493.8 485.4 476 462.7 447 429.2 410.8 392.5 375.5 362.9 351.8 346.1 339.2 338.2 343.6 344.7 346.4 350.4 360.2 370.3 383.3 400.7 422.3 448.1 477.7 496.6 505 495.3 473.9 448.1 414.9 381.5 350.8 322.1 294.9 271.9 240.7 223.7 217.1 218.8
294.1 292.6 290.9 288.4 284.2 286 290.5 293.1 298.9 304.3 307.5 308.5 304.9 298.1 294.8 291.3 284.5 279.9 303.6 322.6 333.8 342.7 349.7 356.2 363 370 376.2 383.3 392 403.2 413.9 431.6 446.3 458.4 468.9 475.3 478.6 480.1 478.3 472.5 464.7 458.3 449.1 431.4 411.5 393.2 377.6 363.6 352.4 347 341.8 345.1 346.2 347.7 350 353 360.2 370.8 383.9 403.9 427.2 450.6 478.3 496.4 500 491.9 477.9 455.2 423.9 393.4 368.5 343.4 303.8 280.2 248.8 229.4 219.8 217.6
270.7 268.1 265.7 263.8 261 266.2 271.1 273.7 275.8 278.1 281.1 282.3 276.9 270.2 269.4 269.5 270.8 292.1 305.5 319.5 328.5 335.2 341.7 347.7 352.2 357.8 367.5 376.6 390 399.2 416.5 430.2 440.8 449.1 457 461.8 465.5 466.3 461.5 458 453.7 448.4 441.1 427.8 410 393 377.7 362.6 353 347.7 340.8 348.9 350 350.8 352.8 355.7 360.6 372.6 387.6 409.4 433.1 453.2 470.6 480.6 485.6 480.3 468.3 452.1 425.6 398.1 372.2 347.1 305.4 277.9 251.4 234.6 224.4 222.8
243.5 236.8 238.8 239.7 240.2 246.9 248.7 248.4 252 256.1 257.9 254.4 256.3 266.1 277.3 284.2 290.4 284.7 296.8 310.6 316.7 325.1 333.6 338.7 343.6 350 359.4 371.4 383.1 394.4 405.6 419.8 431.1 440.1 447.6 453.2 456 453.8 450 446 441.3 435.8 427.9 413.6 400.2 387.3 373.5 360.8 353.1 350 348 351.2 353 354.2 355 358.1 362.2 374.5 390.4 411.7 435.2 452.9 462 468.4 470.7 469.9 461.6 445.2 421 394.4 369.5 347.3 323.1 299.9 261.9 242.1 228.4 225.4
222.3 238.2 241.1 244 245.5 246.5 251.6 250 250.7 254.1 257.1 269.4 274.5 281.6 288.6 291.7 292.2 299.7 301.1 301.1 305.5 308.7 318.3 328.8 336 347.3 355.3 365.1 374.2 387.5 399.4 412.5 422.1 430.5 438.3 443.2 445.7 445.1 441.5 436.4 430.5 424.6 415.4 403.8 392.1 380.9 370.5 360.4 355.4 353 347.9 353.3 354.3 355.6 356.7 359.4 363.8 376 393.4 411.7 433.4 452.1 460.7 460.8 462.4 457.8 444.5 430.5 411.5 386.8 363.4 342.6 320.4 289.5 264.5 248.7 234.5 224.5
246.9 252.2 256.4 261.2 265 268.1 269.3 270.3 267.3 273.2 275.3 284.1 289.9 295.7 300.1 302.5 303.5 306.1 312.7 316.7 322.7 329.1 330.8 331.2 327.5 342.5 352.3 358.8 367.1 379.4 393.4 406.2 415.7 423.3 430 434.8 436.1 436.2 432.4 427.5 423.6 417.3 410.3 398.2 388.5 379 369 362.6 359.1 355.4 350.7 354.2 355.7 356.7 358.2 360.9 364.5 376.9 394.4 414 434.2 450.8 455.6 453.2 456.1 447.9 433.2 416.4 387.6 371.8 352.2 329 307.3 282.2 261.3 245.8 229 226.6
260.1 268.7 275.8 280.6 285.9 288.9 288.8 287.7 283.7 281.8 284.3 292.9 303.9 310.6 316.4 319.1 320 315.8 326.9 332 337.7 341 343 344.3 344.9 346.4 348.9 357.8 358.7 371.2 383 398.7 408.8 416.7 424.1 426.9 427.5 426 422.8 420.3 416.7 410.5 404 395.6 388 380.2 371.7 365.6 361.3 357.1 352.7 355.3 356.8 357.5 359.6 361.7 364.8 375.5 391.6 412.2 433.4 445.9 447.3 442.1 438.4 430.6 415.7 405.8 386.6 359.5 337.1 315 295 275.7 256.5 239.5 227.1 228.9
272.8 281.8 291 301.8 309.5 313.2 311.8 310.2 305.6 304.2 305.7 313.7 323.4 332 338.7 339.8 335.5 330.5 336.1 343.5 349.5 352.3 354.5 356.1 356.9 357.9 361.9 368.2 375.8 369.5 377.6 388.6 398.5 407 413.2 414.8 417.8 418.4 418.6 414.8 413.3 407.2 401 394.7 388.1 380.5 373.3 367.9 363 359.3 358 358.9 358.2 358.4 360.3 362.5 364.7 373.2 387.3 406.5 426.6 439.3 433.7 428.9 423.6 412.5 399.2 388.8 375.2 351.9 326.2 298.8 282.6 269.8 253 237.7 227.8 230.7
281.6 292.7 305.2 319.3 329.6 333.7 333.2 331.6 327.4 320.4 329.4 337.9 348.4 358.8 365.1 362.3 351.4 343.5 342.9 351.7 358.8 362.9 364.9 367.8 369.9 374.2 379.3 384.5 389.3 393 394.4 401.8 409 411.6 416.5 417.5 417.4 417.2 415.9 413.9 411.5 407 400.9 394.5 388.2 380.8 374.6 368.6 364.5 362.9 361.2 361 361.1 360.3 362.2 364.1 366 372.5 383.4 398.3 416.4 427.2 421.6 414.3 406.6 395.3 385.1 371.4 358.1 340.4 319.9 297.4 275.1 258.4 246.6 234.9 227.1 231.8
284.2 299 314.1 328.6 337.8 344.6 349 346.4 343.8 341.9 349.7 360.9 370.3 375.2 378.4 376.5 366 356.9 350.8 356.8 363.8 369.4 373.2 376.6 379.7 385 391.4 396.8 401.5 406.3 411.6 415.7 419.6 423 425.2 425.1 423.5 424.2 421.9 419 413.8 407.6 400.6 394 388.1 381.6 375.2 371.1 369.2 366.9 364.7 363.7 362.6 361.5 363.2 365 366.6 370.2 377.7 390.4 401.6 408.7 403.2 395.3 388.8 379.1 369.7 357.5 345 326.2 307.3 287.9 268.3 252.1 240.7 232.1 227.5 232.5
279.3 298.5 315.1 327.2 337 347 353.6 359.4 359.8 358.5 363.8 372.5 378.1 381.1 384.8 386.2 381.7 371.5 364.7 362.8 370 376.1 380.4 384.2 388.5 393.5 399.3 404.1 410 416.7 422.9 426.2 428.6 431 432.7 433.3 430.5 427.9 425.2 420.3 413.8 406.9 400.1 393.5 385.6 383.8 379.7 376.4 373.6 370.9 368.4 366.9 365.9 364.8 364.9 365.7 366.9 368.9 374.5 380.7 386 383.5 380 375.4 369.7 362.5 353 340.9 327 311.4 293.4 274.4 258.2 245.6 236.5 229.7 231 232.7
271.9 288.7 307 318.4 333.7 348.9 359.9 368.4 368.9 366.3 369.4 373.5 378.6 382.2 388.1 393 392.5 386.6 378.5 374.2 378.3 383.9 389.2 393.7 397.2 402.3 406.5 410.9 417.3 424.9 432.7 435.7 436.8 437.7 440.1 439 435.5 431.2 425.9 420.1 413.8 406.6 401.3 396.3 392.7 389.3 385.2 381.9 379 377.3 372.4 370.6 369.5 368.9 368.4 367 366.2 367.7 369.5 370.8 369.4 362.3 357 354 349.9 344 334.2 322.4 309.6 295.7 279.3 261.8 247.9 239 234.7 230.5 230.2 232.2
260.3 273.9 289.7 307.1 325 342.9 360.4 371.5 369.9 369.2 371.7 374.5 379.5 384.6 390.9 400.7 401.9 395.7 389.1 385.4 389.8 396.1 403.3 408.4 411.1 411.9 414.3 417.7 423.6 431 437.6 441 442.7 443.6 444.5 442.6 439.1 434.1 427.3 420.4 414.9 410.2 405.2 402 399.9 398.3 394.6 391.3 390.1 386.2 381.4 379.4 377.9 375.5 373.2 369.1 366 361.9 360.1 354.6 348.1 341.4 335.8 332 328.4 323.5 315.5 302.9 290 277.1 261.8 248.5 239.1 236.5 234.1 232 230.6 232.9
247 260.8 275 291.5 309.6 328.1 348.3 362.5 369 369.3 370.6 373.9 379.2 386.7 393.6 404.1 408.1 405.9 396.6 395.4 399.9 406.5 415.5 422.8 422.6 423.3 423 425.1 430.2 437.3 443.2 447.4 448.5 449.3 446.4 444.3 440.4 434.8 427.5 420.8 416.5 413.4 413.1 410.3 409.1 409.5 409 405.6 400.1 395.6 389.4 388.2 385.9 381.7 378.3 372.7 361.7 348.2 344.5 338.6 331.6 325 318 312.5 308.4 302.5 293.9 281.8 269.1 259.3 247.4 239.9 237.1 236.2 234.2 232.2 231.6 233.2
233.6 246.8 259.6 275.3 292.5 310.1 327.5 344.4 359 363.2 366 371.4 377 383.8 391.4 400.4 407.4 408.1 400.1 400 403.9 413 422.1 427.8 430.3 430.6 429.9 430.3 434.2 442.3 450 453.4 453.3 450.6 446.4 442 439 434.8 426.8 423.1 419.5 418.1 418.3 420 424.7 431.2 425.9 415.7 407.8 401.5 396.9 395.1 392.1 385.6 377.3 364.2 347.9 334.8 330.1 323.2 315.6 309.3 303.2 298.3 294.5 287.3 277 262.3 253.5 249.1 245.3 240.8 238 236.4 234.8 233.2 232.7 232.3
220 231 242.9 258.1 274.8 291.9 309.6 327.3 341 348.7 359.8 367.9 373.8 379.6 386.4 395 402 401.9 400 401.2 407.4 417.4 426.9 431.9 434.3 435.7 435.1 434.9 436 440.7 447 450.4 451 447.4 442.8 438.1 435.5 431.5 427.6 424.1 421.9 423.1 424.1 434.7 448.3 441.9 428.5 419 411.2 405.4 401.4 399.9 394.5 384.3 369.6 352.4 335.5 326 315.2 309.8 304.3 299.5 293.7 289.3 282.7 275.6 266.1 262.2 255.6 247.9 244.2 242 239.9 238.2 235.7 234.3 234 234.1
213 221.1 229 242.1 257.9 274.1 292.7 309.3 325.1 340.8 352.2 361.5 367.3 373.3 378.9 384.5 389.9 392.3 395 399.7 408.2 417.4 426.4 432.4 435.3 435.9 434.7 434.5 434.7 435 437.8 439.7 438.7 437.3 435.3 430.9 429.7 427.5 423.9 423.7 422 423 423.4 427.2 431.5 428.6 421 414.1 409.8 406.5 404.2 401 394.8 381.4 362.7 343.1 329.1 319.7 310.4 306.9 301.4 294.4 291 284.8 280.1 274.9 266.9 259.2 252.5 253.1 245.3 242.9 240.4 239.1 239.1 234.9 235.5 234.8
206.4 214.2 222 229.3 243.9 259.9 274.3 289.9 309.4 328.4 345.5 353.5 360 367.3 371.7 376.4 380.6 384 388.2 393.1 402.1 409.5 416.3 423.4 427.3 427.7 427.8 426.2 425.9 426.2 428.1 428.5 428.1 426.9 425.8 421.7 420 419.4 417.9 417.4 417.3 416.7 416 416.2 414.7 412.7 410.7 407.4 404 403.3 401.6 396.1 389.2 377.3 359 341.8 327.7 316.5 306.7 301.8 295.8 289.9 284.2 278 270.2 262.9 257.7 252.9 249.5 246.7 244.7 242.7 240.5 239.8 237.9 236.9 235.7 235.2
201.2 207.9 215.8 220.4 228.8 242.1 256.3 273.1 290.1 309.9 328.9 341.3 348.1 356.2 362.9 368.2 372.4 375.3 378.1 382 388.3 395.7 401.6 406.9 410.9 413 414.4 414.7 415.6 416.5 417.6 417.8 416.8 414.8 412.7 411 410.6 410.5 410.5 410.2 410.6 411.4 411.4 410.6 408.3 405.2 401.3 397.8 395.3 393.6 392.8 385.9 377.1 364.4 347.2 336 327.9 316.5 305.5 297.8 289.2 282.2 276.8 274.5 270 262.2 255.1 252.2 249.5 247.1 244.9 243.2 240.6 239.8 238.2 237 237.6 238
197.8 202.6 207.4 211.9 218.1 228.1 242.2 255.2 273.7 290.6 307.1 321.2 333.4 344.5 351.2 357.4 361.7 363.3 365.4 368.4 373.1 378.8 384.5 389.9 393.9 397.2 400.1 404.1 406.4 406.8 407.1 405.9 404.3 403 402 401.2 401.4 402.6 404.3 406.7 408.8 410 409.4 405.1 399.4 392.8 390.4 391.5 388.7 387.7 387.4 384.3 374.2 365.9 364.8 355.8 342 320.5 304.6 296.3 285.2 276.6 274.4 266.4 270.7 266.2 257.7 251.9 248.7 248.7 248.9 244.3 241.6 240.9 242.7 241.7 242.1 244.9
194.6 199.6 203.5 207.3 211 219.2 230 243.7 258.8 275.6 289.9 302 314.8 327.1 335.8 342.9 348.1 349.4 351 354.8 359 363.8 369.4 374.6 379.3 383.4 387.9 391.1 392.2 393.5 394.9 395.6 395.1 394.1 393.6 395.8 396.9 399.6 403.2 406.8 410.1 411.7 412.1 407.6 399.2 389.6 384.3 383.7 385 384.7 385.2 387.5 388.6 386.2 377.9 364.1 343.7 321.1 307.2 299.6 294.2 286.3 286.7 285.4 282.5 278.2 273.2 264.8 258.7 254 252.3 244.1 244.4 248.7 248.1 249.8 254.2 260.7
191.7 196.6 200.5 203.3 208.8 215.3 223.3 235 247.3 262.5 275.3 287.4 298.9 310.1 319.4 326.7 331.7 334.6 335.9 339.8 344.5 347.7 353 357.8 362.4 367 370.5 372.5 373.9 375.7 380 385 386.3 385.7 386.5 389.3 393.9 398.2 403 410 417.6 421.8 423.6 418.2 405.7 389.9 377.7 377.7 376.7 375.9 378.4 379.1 384 381.6 376.9 363.5 342.4 329.8 318 312 302.7 306.3 306.6 304.2 299.5 292.5 286.8 277.3 269.6 261.5 253.3 246.9 249.7 258.8 259.2 265 274.1 281.1
189.1 193.3 197 202.2 207.4 212.2 219.2 227.9 237.9 250.8 263.9 275.6 285.3 297.5 304.6 312.6 319.2 321.3 322.1 325.1 328.5 330.3 334.9 340.2 344.1 347.9 351.9 354.2 359.3 362.2 367.5 373 377 379.9 382.2 387.3 393 397.2 409.3 424.4 438.5 445.7 443.3 430 414.6 397.6 380.1 378.1 377.7 377.7 377.7 377.7 376 367.5 358.4 351.7 342.5 340.3 333.9 325.3 324.4 330 331.8 329 323.8 312.2 299.4 286.1 275.1 267 259.4 254.8 258.4 267.6 272.5 279.4 293.2 304.2
187.5 190.9 195.7 200.8 205.8 210.2 217.3 224.1 232.1 242.8 255.6 268.4 278.3 288.4 297.2 304.4 309.8 311.9 311.7 314.2 316 321.1 326.9 330.7 331.3 335.6 339.7 344.4 350.8 354.8 358.3 363.8 370.3 377.3 381.6 388.1 395.5 404.3 418.4 440.7 459.9 467.6 463.7 443.9 426.8 409.5 395.1 389.7 383.3 381 378.3 381.2 382.7 380.1 378.3 370.3 355.5 355 351.6 341.5 352.8 360.4 362.8 358.3 347.9 338.2 329.2 309 288.1 279.5 274.3 268.9 274.8 282.8 293.1 295.8 311.4 329.4
186.2 190 194.7 199.5 204.4 209.6 216.2 222.7 228.1 238.4 250.6 262.9 273.1 282.2 291.7 297.8 302.1 300.7 301.5 306.2 310.7 315.2 316.5 322.1 329.3 336.1 341.5 347.3 352.8 359.2 363.7 370.5 376.6 380.8 386.7 392.9 404.4 418.2 433.8 456.2 482.7 494.7 485.6 463 441.5 421.7 406.7 398.2 390 384.3 382.4 384 385.7 387.2 388.7 387.3 374.4 360.5 371.9 369.6 386.1 397.3 400 395.6 378.9 377.8 354.2 330.2 306.8 297 291.9 291.9 294.5 300.2 308.5 318.5 339.9 360.9
184.5 188.6 192.7 198.1 202.9 208.3 214.6 221.2 228.2 237.7 245.2 256.3 265.5 273.6 280.9 283.9 282.1 284.1 285.6 293.8 307.2 317.6 323.7 331.2 339.2 346.6 353 359.8 366.6 372.1 378.7 386.2 394.6 402 408.6 417 427.5 441.2 457.3 482.2 506.4 520.1 516.9 500.3 479.1 453.8 424.5 409.2 398.3 393.1 389.5 392.6 396.1 399.2 405.3 403.9 393 380.9 387.5 393 411.1 421 430.3 428.8 412.2 393.6 373.4 349.6 329.5 321.8 320.4 312.8 314.3 322.6 331.8 336.6 367.8 391.8
182 186 190.2 194.5 199.4 204.7 213.5 221.9 228.5 232.2 238.9 247.8 256.2 263.7 266 259.6 273.9 284.4 297.1 306.1 316.1 323.4 334.2 343.6 353.5 362.8 370.4 377.2 384.5 391.3 398.9 409.5 422.8 430.4 437.5 445.8 458.2 467.9 483 505.3 528.9 543 542.8 536.7 534.1 514.9 464.1 438.8 418.9 409.2 404.3 407.4 415.5 422 427.3 423.7 411.2 399.2 384.4 408.5 425 436.7 446.5 449.6 436.1 412.2 391 367.3 353.5 351.9 351.4 342.7 340.4 343 362.6 372.2 389 416.8
180.8 183.3 187 191.2 195.2 200.3 207.8 215.5 221.8 225.9 230.5 237.6 244.6 250.8 245.8 260.1 272.1 283.7 294.8 305.8 316.2 330.1 342.8 354.8 366.8 379.1 390.9 399.1 406.1 415.4 426.2 440.7 455.9 465.6 478.4 488.7 501.1 510.4 529.4 525.5 552 556.3 555.7 562.9 565.5 536.1 496.8 461.7 444.7 441 430.3 432.6 436.7 440.4 443.7 441.2 431.1 419.3 404.9 405.4 434 446.7 456.3 463.9 457.4 429.1 404 385.5 375.4 379.4 383.4 373.3 369.5 367.8 380.6 398.6 394.6 429.2
179.2 181.6 184.1 186.9 190.3 195.6 203 211.1 214.4 214.6 219.2 226 233.3 237.2 230.3 254.6 266.5 278.6 290.4 302.5 317.5 338.1 356.4 372.8 389.7 400.7 412.9 423.4 433 443.3 455.4 474.3 490.4 507.2 520.1 531.2 541.5 550.2 553.2 553.4 557.9 559.6 564.7 570 567.1 556.6 523.2 491.3 484.1 483.4 465.2 459.4 461.7 463.5 464 458.9 451 436.8 429.1 419.3 443.4 455.7 465.7 473.8 471.9 448.7 421.1 404.2 396.7 400.2 411.4 404.7 400.7 400.1 412.3 427.8 425.3 441.5
174.9 177 178.9 181.9 185.8 191.1 198.3 202.2 200.2 207.2 214.8 219.5 223.4 212.6 229.6 245.2 258.5 270 282.7 299.4 319.2 343 367.4 390.6 413.4 425.8 439.5 450.7 463.2 473.9 485.1 501.7 518.1 533.9 542.8 548.5 551.5 554.9 558.9 560.6 565.1 564.1 564.2 567.2 567 568.7 555.9 534.9 523.9 519.2 498.7 495.8 499.5 500.6 490.4 480.8 470.1 455.9 448.5 441.7 451 464.6 471.8 479.5 482.1 470.6 435.4 420.4 415.6 419.4 430.6 436.4 436.8 437.2 446 450.1 450.9 453.8
169.1 170.7 173.6 176.3 180 183 189.5 187.3 194.7 203.7 205.2 208.3 211.3 200.4 220.1 234.5 248.2 261.7 274.7 291.6 311.2 335.6 359.6 388.2 418 446.1 465.6 477.5 492.6 504.7 514.7 526 537.8 547.6 551.4 552.3 553.4 557.3 561.6 562.8 564.1 565.6 565.7 566.9 568.3 578 583.8 573.8 574.8 563 543 537.4 534.4 524.2 510.7 497.4 486 474.9 469.9 462.7 465.4 471.2 477.2 483.3 489.6 489.7 463.1 444 438.5 444 458.8 468.7 466.4 462.3 462.9 463.7 464.8 464.8
162.7 164.1 168.2 171.3 173.9 176.7 176.4 179.4 195.1 191.2 192.6 195.1 193.1 195.9 211.3 223.8 236.5 248.8 264.5 281 299.3 321.8 345.6 376.3 410.8 450.9 478.8 499.4 517.5 528.9 536.9 541.8 547.7 552.6 553.3 552.6 555.2 558.9 561.9 561.5 562.2 565.1 568.5 570.7 571.8 578.5 593.7 601.7 602.2 592.2 575 561.7 550.4 537.8 526.7 513.3 500 488.5 480.5 474 474.1 480 483.4 487.9 494.2 499 497.2 481.9 476.3 480.3 486.2 483.4 478.7 475.4 474.7 475.5 476.4 475.7
157.1 159.2 163.9 169.4 171.3 170.8 167.1 173.8 177 177.9 181.5 184.4 179.5 186.9 202.5 213.2 223.7 236.7 251.3 267.1 284.1 305.9 333.5 365.4 402.4 439.7 466 490.7 509.8 531 541.4 545.9 553 555 555.6 556.3 557.5 559.1 560.1 559 559.4 562.9 566.7 571.2 583.9 589.6 601.6 607.7 609.6 605.1 586.2 569.2 557.4 546 535.7 525 514.3 503.9 492.9 486.5 484.5 486.5 489.6 492.6 498.7 503.5 507.6 508.4 507.4 502.9 497.7 491.5 488 485 485.4 485.1 484.3 483.2
