data/310000-260000.asc
ncols 200
nrows 200
xllcorner 310000
yllcorner 260000
cellsize 50
[rows 0 to 34 of 200, columns 78 to 155 of 200]
304.7 304.2 302.4 299.1 297.3 284.2 293.7 295.6 299.5 303.3 305.8 308.2 310.5 310.7 310.6 308.4 305.7 300.3 292.8 287.4 283.1 281.1 279.3 281 285.7 281.4 264.9 262.5 286.7 304.1 307.6 309.4 309.9 309.3 309.8 298.2 285.8 270.8 259 254.3 250.5 249.6 249.8 249.8 250.6 251.6 254.8 255.8 258.8 258.2 259 267.9 272.9 280.9 291.9 297.9 312.9 319.3 333.2 340.4 346.3 349.4 348.8 345.1 340 334.2 326.7 319.7 313.2 311.9 317.5 320.6 319 313.2 307.6 302.9 298.8 296.8
294 295.4 293.2 291.8 291.4 278.6 288.7 289.4 294.8 298.7 299.4 303.2 304.9 304.9 304.1 300.5 297.4 293.7 286 283.6 282.9 279.1 274.9 264.9 270.9 259.9 266 278.8 291.3 303 304.4 306.3 308.4 303.7 298.3 286.4 274.5 258.6 252.6 250 249.3 249.7 250.5 251 254 258.3 263.4 265.4 267.4 265.2 273.3 281.5 282.1 286.6 295.9 307.6 317.6 330 340.8 342.7 343.9 343.7 339.7 335.8 331.9 324.5 318.5 312.7 310.3 310.4 318.6 320.3 317.2 311.5 306.5 301.2 299.2 296.6
286.4 287.4 286.8 286.2 285.3 274.9 279.5 282.1 288.6 291.7 292.7 297.4 299 299.1 298.1 295.5 292.5 288 280.4 281.1 281.1 274.4 262.8 256.4 254.1 265.8 280.9 286.4 296.4 299.5 301.3 301.4 300.7 294.1 281.1 270.9 256.4 250.2 248.8 248.4 248.7 250.8 252.6 254.5 258 265.9 273.6 280.2 279.8 273.3 280.4 288.4 290.3 295.4 303.9 313.7 325.6 336.6 340.8 340.1 338.5 336.2 332.2 326.9 321.4 315.1 309.1 309.3 309.1 309.6 313.1 314.5 312.6 310.7 307.8 303.1 300.4 294.9
280.2 279.8 280.2 280.8 281.1 273.1 279 280.4 281.8 283.8 287.7 291.6 294 294.3 292.7 290.4 286.7 282.1 279.2 279 281.1 273.8 258.5 253.8 263.6 281.3 288.2 290.8 293.3 300.5 298.6 294.3 289.9 283.4 271.5 258.9 252.3 248.7 248.3 248.8 249.5 252.8 255 257.8 263.1 271.3 281 286.6 284.6 283 286.3 292.5 297 301.4 312.5 323.2 334 334.9 335.9 334.7 330.1 327.7 323.7 317.4 310.2 300.8 305.7 311 309.5 309.7 310 311 311.8 310.8 308 302.4 298 292.7
276 274.8 274.3 275.4 275.1 269.7 272.3 271.5 277 279.3 281.8 285.8 288.9 289.2 287.5 285.2 281.6 277.4 272.2 274 276.4 272.1 261 252.8 261.2 280.5 286.4 286.8 291 296.6 291.7 285.4 280.4 274.9 264.4 254.9 250.6 248 248.5 249 252.3 258.4 258.7 264.8 272.3 277 282.5 285.6 286.4 288.3 290.3 295.2 301.9 309.3 320.2 331 330 327.3 328.5 325.6 321.4 319.1 314.9 304.6 299.4 308.4 311.5 313.5 310.5 309.3 309.4 313 313.8 312.1 309 302 296.4 291
270.7 271.2 270.5 269.4 269.7 267.1 267.9 268.5 272.7 275.6 278.8 282.2 285.1 283.9 282 279.5 277.3 274 269.3 269 269.6 264.2 256.9 252.5 255.2 266.2 272.5 280.9 290.8 290.3 286.4 279.9 273.5 266.9 259.1 252.8 248.3 248 248.4 251.8 258 258.4 263.5 271.3 276.5 279.6 282.1 285.3 288.2 290.3 292.2 297.2 304.4 315.4 325.5 326.1 321.7 321.2 321 317.9 315.8 311.1 305.3 292.1 304.9 310 311 312 311 309.6 312.4 314.6 314.7 312.4 307.9 300 294 288
270.1 269.2 269.4 269.8 271.1 271.1 266.7 264.2 269.3 271.7 277.4 282.3 282.4 279.5 280.5 277.6 273.8 270.7 267.4 264.2 260.2 260 256.9 253.7 252.2 260.5 265.5 272.4 280 281.1 281.8 278.7 270.3 260.2 254.9 250.5 247.5 247.7 250 257.8 261.3 263.2 269.2 275.3 280.8 283 284.7 286.3 289.2 291.2 293.2 298.7 310.7 317.5 319.8 317.6 314.9 314.8 314.4 312.3 308.3 298.4 291.5 302.1 304.9 306.6 308.5 310.4 311 312.7 315.3 315.8 312.7 308.4 302.6 294.9 288.9 283.6
274.4 271.8 270.3 271.1 271.1 271.1 270.2 266.2 263.5 270.8 275.7 278.7 277.6 276.1 276.1 271.5 270 268 265 264.2 270 266.1 261 255.8 251.9 253.6 258.1 264 269.2 275.6 280.8 277.7 269.6 255.8 251.1 247.5 247.6 248 252.8 262.1 266.9 266.2 270.7 277.5 281.1 283.4 284.9 286.8 289.2 291.7 295.1 300.1 306.6 308.9 311 310.7 307.7 307.7 307.3 304.2 297.9 281.8 298.7 300 300.3 302 304.8 309 311.7 315 317.3 313.7 308.4 302.1 297.2 290.7 284.9 283.2
279 276.1 272.5 270.1 270.6 271.1 269.5 265.2 261.1 267.3 271.7 275.1 276.3 276.5 275.7 272.4 269.6 266.5 267.2 273.5 274.4 270.3 261 256.2 250.8 251.6 254.1 257.7 264.1 269.5 276 272.5 258.8 252.4 248.1 247.4 247.6 250 261.3 263.9 266.9 269.6 270.7 278 280.4 282.1 284 284.9 286.9 289.5 291.8 295.9 299.5 302.3 306.3 304.6 299.3 298.9 299.4 296.7 290.9 285.1 292.1 291.3 298.4 303 307.1 312.2 315.9 316.4 313.5 309.1 304.6 298.2 294.6 289.2 280.7 280.3
281.1 278.3 275.1 271 270.2 267.2 265.2 263.5 259.7 263.6 270.5 274.6 279.2 281.1 279.6 276.6 272.3 274.5 280.4 276.8 272.6 269.7 260.8 259.2 255.9 252.6 249.8 250.4 257.8 263.3 264.2 257.9 252.5 249.1 247.6 247.5 246.8 253.1 259.8 264.2 270.1 270 270 274.1 280.1 280.8 281.8 282.3 283.6 284.3 286.4 289 290.1 298.9 304.1 303.1 297.6 289.3 293 291.7 271.4 278.3 286.8 297.2 302.6 306.6 311.8 316.7 319.4 315.5 311.5 307.3 302.6 296.6 291.4 283.7 280.3 280.3
280.6 277.7 273.8 270.3 271.1 269.3 265.4 261.5 259.6 263.5 270 274.9 279.8 281.2 282.2 280.4 282.6 290 285.7 280 275 268.3 266.6 267.6 260.8 255.8 250.2 249.3 250.8 252.6 252.2 249.1 249.1 248.1 247.7 247.8 247.8 255.8 260.9 261.3 268.2 270 268.1 269.5 278.1 277.2 276 272.4 276 277.5 277.6 282.1 287.6 297.8 301.7 300.9 294.9 285.5 282.3 282.7 273.5 284.7 289.4 296.3 303.8 312.6 320.3 322.3 321.3 314.8 308.3 302.7 298.1 291.5 282.1 279.1 279.2 280.8
277.4 275 271.8 271.1 271.1 269.2 264.3 261 259.6 265.7 270.4 274.5 280.6 283.4 285.2 288.9 292.6 294.4 290.1 284.7 283.2 277.5 274.9 272.2 262.8 255.9 249.9 248.8 248.4 248.4 248.5 247.7 247.5 247.3 247.2 247.3 249.2 253.7 257.7 262.6 267.1 263.1 266.7 271.6 273.6 270 269.3 267.2 269.6 270 269.6 273.5 286.2 293 296.9 291.4 287.6 280.1 274.6 270.9 276.6 284.3 291 299.9 309.4 322.4 327.7 325.5 317.7 300.3 297.9 294.9 291.7 283.9 278.5 277.8 279 281.1
271.5 271 270.5 271.1 270.7 266.2 261.8 259.2 259.2 263.2 268.6 274.5 280.4 281.8 288.4 294.7 299.3 299.9 295.1 292.7 289 283.3 278.6 270 260.3 255.2 251.8 248.9 248.4 248.4 248.2 247.9 247.4 247.2 247.2 247.3 247.6 248.2 253.6 262.1 263.5 258.6 264 265.4 264.2 263.5 261 261 264.2 267.2 268.3 275.5 279.3 281.2 282.7 278.9 276.4 275.6 272.8 265.7 277.6 285.6 293.9 306.3 318.7 322.3 315 307.4 300.1 294.8 289.2 286.8 280.5 277.8 276.7 277.7 278.9 286.1
269.6 267.3 266.8 267.9 266.8 261.6 262.7 261 259.2 262.1 267.5 271.3 276.7 284.8 293.6 300.6 302 301.3 299.6 294.5 291.9 283.3 273.4 263.7 260 259.7 256 250.6 248.4 248.6 248.7 248 248.1 248.6 248.6 247.8 247.1 246.7 250.1 256.2 259.7 251.7 253.1 257.1 257 258.3 258.6 257.2 257.6 260.1 267.3 270.3 270.9 270.2 267.8 268.7 267.4 264.3 263.7 268.3 276 287 297.3 305.9 308.7 307 305.3 299.5 293.6 288 284.5 279.2 277.5 275.8 276.9 277.9 283.2 300
271.5 269.2 267.1 265.6 267.6 268.5 265.7 264.4 258.7 259.9 264 270 279.2 291.9 303.3 305.3 302.5 301 296.2 289.8 289.1 278 270.1 272.1 270.4 265.8 258.2 253.4 249.9 248.9 249.8 249 248.3 248.5 248.6 248.4 246.6 246.2 246.5 249.7 249.3 249.2 249.3 250.3 253.9 254.2 254 253.4 255.3 260.6 266.9 267.4 261.7 260.2 258.3 258.5 260.5 261 261.5 268.7 276.3 285.7 295.2 300.1 302.8 300.4 298.8 295.1 291.1 287.4 283.6 279.6 275.8 276.5 278.1 281.8 297.8 324.7
274.8 271.7 269.8 269.7 269.3 265.8 265.2 263.8 257.8 259.8 267.1 275.6 290.2 303.1 308.9 308.9 304.7 300.8 299.2 291.4 285.9 284.2 279.5 282.6 278.8 270.1 259.2 253.7 256.2 256.9 252.1 250.7 250.7 254.3 250.1 246 246 245.9 245.5 245.8 248.7 248.8 249.2 250 251.8 250.7 251 252.4 255.9 259.7 263.2 259.1 257.3 257 257.2 257.3 258 266.4 261.8 266.2 273.4 284.7 292 295.2 294.2 292.7 288.6 288.3 286 284.6 279 275.1 275.7 278.2 281.2 296.5 317.3 337.8
278.3 274.3 271.3 269.8 264 261.2 258 254.9 260.7 270.3 277.1 291.3 302.9 308.2 311.6 310.6 308.1 304.9 301.6 297.1 294.5 291 290.9 289.8 281.2 271.5 262.5 262.2 264.1 258 251 248.8 248.9 247.3 246.9 244.9 244.6 243.7 244.4 245.2 250.4 250.3 250.1 254.4 250.4 251.9 253.7 255.7 259.9 260.4 260.4 258.6 254.8 254.1 255 255.9 257 259.2 259.4 261.6 267.6 276.4 284.5 283.8 281.5 280.2 278.3 278.3 274.6 273.7 272.7 278 280.8 283.8 293.3 312.3 335.5 350
280.3 274 270.4 262.3 255.5 255.2 264.7 274.2 280.9 286.8 294 305.7 311.7 311.8 312.7 311.5 310.3 308.3 303.8 300.3 296.9 295.2 293.8 291.3 283 273.1 267 265.7 258.6 250.8 247.5 245.1 245.3 245.2 245.1 246.4 243.5 242.9 243.5 245.6 250.5 250 252.5 256.7 256.5 254 255.7 259.4 259.3 259.9 257.7 254.7 252.7 253.8 254.7 256.6 264.1 263.1 258.5 259.4 261.7 267.6 271.5 270.7 268.9 269 270.3 269.6 270.3 274.7 278.4 286.1 289.6 296.6 310.8 330.1 343.4 355.7
275.8 269.3 261.8 254.4 256.2 268.8 275.7 286.6 294.9 302.3 306.6 311 312.9 313.1 313.7 312.1 310.8 310.9 306.7 301.4 298.7 297.6 296 289.9 281.2 269.6 261.8 259.1 249.7 246.6 244 244 244 243.6 243.9 246.6 244.5 243.6 243.1 244.7 246.6 247.2 249.9 251.4 251.4 250.3 255.3 257.4 258.8 256.1 251.8 252.8 254.3 256.4 258.5 259.7 265 274.3 271.1 261.7 259.7 261.4 263.3 264 265.3 266.7 267.6 268.6 274.6 286.3 279.6 288 298.8 312.5 323.2 334.9 346.8 364.9
268.5 260.6 255.4 251.2 262 280.8 290.3 291.4 298.1 302.8 306.9 310 310.1 312 313.1 311.4 311.2 311 307.4 302.1 298.4 296.2 292.2 284.4 270.8 258.3 252.5 249.8 245.1 243.4 243 243.6 243.7 243.7 244.5 245.2 244.5 243.7 243.9 245.1 246.8 249.8 249.4 249.2 251 252.2 252.9 251.9 250.9 250.9 252 254 257.1 261.5 263.9 264.3 267.2 274.8 281.1 269.6 265.7 264.2 264.5 264.4 265.3 267.4 268.6 272.7 280.4 289.1 287.9 291.2 302 315.6 326.4 336.4 350 368.7
270 267.8 259.2 250.9 266.3 283.4 291.1 293.6 297.5 301 302.4 306.5 308.6 310.2 310.4 308.3 310.3 307.2 303.3 299.3 296.1 291.2 282.9 269.6 257.4 251.7 246.7 243.8 243.1 242.9 243.2 243.8 244 244.1 245 244.6 244.7 244.2 244.6 245.6 247.7 252.3 252.4 252.3 254.1 257 257.2 258.9 257.6 256.1 257 258.1 264.9 266.6 269.3 271.2 273 275.6 281.2 282.6 275 270.9 269 271.2 270.1 271.2 273.1 275.6 281 290.1 295.4 294.7 299.8 311.9 318 330.1 341.9 359.4
276.4 272.4 263.2 251.7 267.5 280.6 291 291.3 294.6 299.9 301.2 303.3 306.6 307.7 306.8 304 302.5 300.6 297.2 293.3 289 282.7 270.3 256.7 249.9 246.6 242.3 242.7 243 243.2 243.5 243.8 243.8 244.1 245.9 243.4 244 244.8 245.2 246.4 247.4 249.4 250.7 253.2 256.4 260.3 263.4 265.8 265.8 263.7 266.1 267.8 273.2 277 279.6 281.2 286 290.2 293.4 293.4 291.1 284.3 279 277.8 278.5 280.8 282.4 283.9 287 293.6 300.4 308.2 314.1 314 314.3 313.9 327 337.9
278 271.9 262.7 254.3 279.2 280.9 288.5 290.8 296.2 301.1 302.2 302.5 303.2 301.8 299.1 296.9 294.7 292.3 289 285 278.7 268 254.6 248.7 244.4 241.8 242.2 242.6 243 243.2 243.5 243.5 243.5 243.7 243.3 242.9 243.6 244.7 248.8 249.7 249 250 252.4 255 258.9 265.7 270.5 272.4 270.5 273.8 278.3 282.4 287.5 293.8 297.8 302.2 307.6 311.6 314.6 313.5 306.9 299.7 293.6 288.7 286.8 290.4 292.6 294.7 295.3 302.6 309.1 317.8 325.5 332.2 332.7 329 320.9 332.4
271.1 269 268.3 252.9 271.2 280.9 284 288.7 292.3 297.1 300.2 300.2 298.8 295.2 291.6 288.8 287.5 285.4 280.6 273.1 262.1 251 248.4 244 241.3 241.7 242.1 242.5 242.9 243.2 243.3 243.2 243 244.4 243.1 242.9 243.8 245.7 249 254.6 251.8 252.6 255 258.1 260 268.6 272.5 274.3 276 281.9 289.4 298.3 308.3 316.4 322.8 330.5 333.5 336 338.5 334.8 325.7 317.3 305 299.7 299.4 302.1 306.5 310.8 316 322.8 328 332.2 338.5 341.9 346.9 342.8 324.8 340.8
265.9 261.2 256.5 247.8 268.6 272.9 277.3 283.3 285.7 289.2 291.5 291.6 290.6 287.8 284.4 283.2 281.6 276.5 268.2 258.3 251.8 246.8 243.3 241.7 241.4 241.6 242.1 242.5 242.9 243.7 243.5 243.3 244.4 243.2 243.5 243 244.7 246.6 248.5 251.6 253.9 255.3 257.9 261.8 263.5 269.2 274 277.6 283.3 293.9 307.6 320.6 331.1 340.3 347.9 350.8 354.1 354.1 350.8 348.7 336.1 323.2 314.8 317.9 318.3 322 323.4 331.1 337.3 348.9 353.1 353.8 353.2 351.8 346.8 334.6 341.9 340
267.9 260.9 250.1 249.8 262.9 266.1 268.2 272.6 276.8 280.6 282.5 282.6 282.7 281.8 279 278.9 276.2 267.5 259.1 254.1 249 243 241 241.1 241.2 241.7 242.1 242.5 242.9 244.4 244.9 244.1 243 242.9 244.1 245.5 246.5 248 250.4 252.9 254.9 258 260.6 267 267.1 271 275.3 281.9 290.4 308.8 323.3 334.9 351.3 359.4 364.2 368.5 368.1 362.8 354.1 342.2 334.2 328.7 328.5 333.4 339.8 345.6 352.3 356 362.8 365.8 361.3 357.8 351.6 346.8 343.8 343.8 349.6 351.2
268.5 261.7 253.9 245.5 260.6 261.7 261.4 264.4 267 271 273.8 273.8 275 275.5 275.5 274.1 272.8 260 253.6 250.4 246.4 240.8 240.9 240.9 241.2 241.6 242 242.5 244.7 247 246.3 243.7 243.1 243.7 244.8 247.2 250 251.7 254.8 257.6 258.9 261.2 265.1 270.9 272.6 274.9 279 288.3 304.9 322.3 333.2 347.1 361.6 371.6 376.1 370.7 365.7 357.3 351.9 348.4 343 344.1 347.7 353.3 359.9 367.1 371.4 372.9 372.4 368.7 358.2 351.4 350.2 351.5 353.4 353.8 358.7 358.5
263 260.9 257 244.8 261.1 261.1 261.1 257 259.4 260.6 262.9 263.7 268.5 271.3 271.9 271.7 265.9 254.2 247.6 245.4 241.3 240.6 240.4 240.6 240.8 241.2 241.5 242.1 245.7 247 248.7 243.8 243.3 245.4 248.2 249.7 254.8 257.3 260.2 263.7 267.6 271.3 269.8 270.2 278 279.8 286.3 301 315.8 330.7 343.2 352.1 359 363.8 366.9 364.9 363.1 361.8 359.7 358.4 361.3 363.8 368.4 372.6 377.9 381.7 381.7 380.3 368.1 358 354.6 356 358.6 360.3 358.9 361.1 364.8 364.9
260.3 256.1 253.2 244.2 255.6 261.1 260 254.4 251.7 254.9 256.8 262.7 266.4 268.3 269 267.1 260.3 250.9 244.7 241.3 241.1 240.8 240.3 240.6 240.5 240.7 241.1 241.9 243.3 243.1 242.8 243.1 244.4 246.1 249.8 254.2 259.2 264 268.6 269.9 278.3 277.3 274 277.9 279.5 288.3 290.8 308.2 319.9 331.5 342 350.9 357.5 362.2 365.9 369.1 373.2 372.6 374 378.9 381.8 385.4 389.5 391.3 392.4 391 383.8 367.3 357.3 355.3 357.7 361.7 365.3 360.7 360.4 363.9 368.6 372.7
257.5 249.7 247 243.9 250.8 252.4 250.9 250 249.9 249.9 258.6 261.1 263 264.8 263.7 259.7 253.1 246.1 240.1 239.5 240.5 240.4 240.8 241 241 240.5 240.6 241.7 242.6 242.6 242.8 243.9 246.5 250.8 254.5 257.3 261.7 268.9 274.8 280 281.4 280.9 280 282.3 284.1 295.4 304.1 310.3 316.9 324.4 334.9 349.9 361.7 368.4 376.3 379.5 382.8 389.8 395.2 399.4 403.7 406.5 405.2 398.9 395.5 383 364.7 355.3 351.1 353.5 357.2 362.2 363 359.6 360 368.4 377.5 385.6
256 250.3 247.8 244.4 243.3 242.7 241.6 242.4 242.1 247.6 254.8 258.6 256.5 257.1 252.4 251.5 247.2 241.2 238.6 238.8 239.5 240.2 240.6 241.1 241.7 241.4 241.1 241.1 242.3 243 243.3 245 248.7 252.7 257.9 263.3 268.1 273.3 280.3 289.5 285.4 285.8 283.7 286.5 292.9 295.1 308.3 311.9 318.2 325.9 340.2 358.8 371.1 380.4 386.7 391.3 399.7 409.9 412.3 417.5 418.6 413 405.2 395.3 381 360.3 352.6 348.3 346 349.1 352.7 356.8 358.2 357.2 363.8 379.2 389.9 380.4
260.9 258.1 253.4 249.2 243.2 240.9 240.6 240.5 239.3 240.2 249.2 251.1 253.2 251.5 247.7 245.7 241.1 238.4 238.5 238.7 239.1 240.6 241 241.4 241.7 241.7 240.8 241.3 241.8 242.7 244.1 246.6 249.6 253.1 260.3 266.1 272.5 276.7 283.2 290.8 289.2 291 294.5 297.3 304.7 308.6 313 319 325 333.1 346 358.4 372.5 385.2 393.9 404 413.5 418.6 423.9 422.6 417.1 405.3 386.2 369.9 356.3 344 339.8 339.3 340 343.6 347.4 350 351.4 352.9 364.4 379.1 386.4 385.2
265.5 261.6 256.6 253.1 248.7 243.3 243.3 245.8 244.1 239.5 240.6 245.4 247.5 242.4 238.6 239 238.2 238.4 238.6 238.7 239.2 240.9 241.2 241.2 241.1 241.5 241.6 241.9 242.3 243.9 245.6 249.3 251.4 256.2 259.2 268.6 273.8 280.7 285.2 290.4 295.5 302.8 308.9 311 313.3 316.8 322.5 328.1 332.3 336.8 346.3 359.9 378.8 391.2 401.5 411.3 419.3 422.6 422.1 412.5 395.3 377.5 358.1 345 336.3 332.5 329.8 330.3 333.9 337.1 340.6 341.8 344.5 351.3 366.1 381.2 385.7 388.9
269.6 264.7 260.2 256.9 249.7 248.2 251.1 249.8 250.7 241.3 239 238.3 238.1 237.9 237.7 237.7 237.7 238.8 238.8 238.8 239.3 240.7 240.9 240.6 240.6 241.9 242.3 242.7 243 243.5 245.8 248.4 251.7 256.3 263.8 270.5 274.1 281.2 287.2 294.8 305.8 312.4 314.9 314.5 316.7 321.4 327.2 332.9 335.5 340.2 352.9 367.2 387.2 400.1 410.2 412.8 414.5 411.4 400.6 384.9 366.8 350.7 335.5 327.2 322.9 322.2 320.7 324.2 328.5 331 334 337.9 341.9 352.5 369.9 378 379.6 373
270.6 267.7 261.4 256.8 253.8 261.7 259.2 252.8 248.9 242 238.4 237.9 237.8 237.7 238 238.4 238.7 238.9 238.9 238.9 241.1 240.9 240.7 240.4 241.4 242.2 242.7 243 243.1 243.2 245 247.2 249.3 256.6 263.9 271.9 279.3 285.5 291.7 300 312.3 316.2 318.1 318.6 320 323.5 327.8 332.8 337.4 348.6 361.3 377.3 393.6 404.8 405.9 404.7 394.6 383.2 370.3 356.2 340.2 328.3 318.1 314.5 313.9 313.9 315.3 319.6 320.8 322.8 330.9 333.8 348.2 360.1 364.9 354.7 349.3 344.5
