data/310000-520000.asc
ncols 200
nrows 200
xllcorner 310000
yllcorner 520000
cellsize 50
[rows 0 to 34 of 200, columns 0 to 78 of 200]
99.7 101.3 101.2 101.9 103.7 105.6 108.2 107.9 107.2 108.4 109.3 109 108 107.9 107.2 104.7 103.4 100.4 96.7 92.7 86.3 80.1 72.3 67.2 66.7 67.4 69.3 71.9 74.6 76.3 78.1 78.8 78.3 76 73.7 75.2 75 70.3 65.7 55 47.6 51.2 53.7 61.6 67.8 72.3 75.8 78.9 81.8 84.8 84.5 81.6 79 77.5 76 72.2 71.2 71.4 72.9 72.3 73 72.3 73.8 73.4 73.7 75.3 75.7 75.2 73.1 72.3 75.8 75.9 74.9 74 76.3 75.2 76.6 77.5 81.4
101.1 102.2 102.5 103.6 105.2 107.4 110.2 110.6 110.6 111.3 112.2 112.9 112.4 112.9 112.4 111 109 106.1 102.5 98.1 92.9 86.7 79.7 72.6 67.6 68.8 71.1 73.9 75.2 76.2 76 75.9 73.9 52.3 52.1 55.5 65.5 63 55 48.1 52.6 53.3 56.2 65 71.2 75.4 77.9 80.9 83.8 86.5 85.5 83.2 80.6 78.9 76.4 75.5 76.3 76.1 75.8 76 75.7 76.5 77.6 78.8 79.6 79.5 79.6 78.6 76.7 74.8 79.2 78 76.9 76.8 75.9 76.2 77.8 78.2 80.9
99.4 100.3 102.6 104.4 106.7 108.4 110.1 110.8 112.1 113.2 114.1 115 115.5 116.5 116 114.6 112.7 110.3 107.3 102.9 98.1 93.6 88.8 80.5 73.5 72.3 73.5 74.7 76.1 75.9 75.5 74.4 70.6 52.1 51.7 50.9 50.6 52.4 48.2 55.6 59.4 62.2 65.6 70.6 75.3 79 82 83.6 85.9 86.8 86.1 84 81.9 79.4 77.1 76.3 77.1 77.7 77.8 78.4 78.8 80.8 83.3 83.9 83.9 83.2 81.7 80.9 80.2 79.4 79.4 79.3 78.5 78.7 77.7 78.7 79.2 78.7 80.6
99.1 101.4 103.7 104.5 105.9 108 110 111.7 113.4 114.9 115.7 116.5 116.9 117.2 117.5 117.4 116.2 114.1 111.4 106.4 101 98.7 95.8 91.2 76.2 77.5 76.4 77.5 78.7 78.4 75.7 73.2 69.5 52.7 52.6 51.7 51.4 49.2 55.9 63.5 64.6 68.9 72 75.5 78.4 81.5 84.6 86.6 87.7 87.6 88 86.3 85.4 82.8 80.8 79.6 78.3 78.3 79.8 80.6 85.1 86 89.6 89.2 88.7 86.4 84.8 83.5 81.9 78.6 79 79.6 79.8 79.6 79.7 80.3 80.4 81.5 80.6
99.8 102.7 104.5 106 107.4 108.8 110.4 112 113.5 115 115.9 116.1 116.2 116.4 115.6 115.1 114.2 111.8 108.8 104.2 101.7 100.6 98.4 92.9 85.7 73.9 80.5 79.4 79.9 78.1 74.3 70.9 68.9 52.7 53.4 53.6 53.7 57.6 67.9 69.1 68.3 70.6 74 77 80 82.7 85.3 87.8 90.2 91.4 92.1 91.9 91.4 87.6 84.6 83.9 82.7 79.3 80 86.3 86.5 89.5 90.4 91 91.5 86.6 83.3 81.8 80 78.7 79.1 79.9 81.1 80.9 80.4 80.5 81.2 82.2 83.3
100.5 103.5 105.2 106.3 106.3 107.4 109 110.5 112.4 114 113.8 113.5 113.3 112.7 111.4 110 109.2 107.4 105.2 102.5 101.2 99 95.5 92 89 83.2 75.2 77.9 78.8 76.9 73.5 70.2 67.8 53.1 53.9 55.2 60.3 65.5 67.9 70.7 72.5 73.3 76.3 77.9 80.5 83.1 86 89.7 93.2 95.7 96.3 96.1 94.8 92.2 88.4 86.6 85.2 83 80.5 85.8 89.8 90 91 92 92.6 86.7 83.9 81.4 79.8 79.4 79.5 80.3 81.6 82.2 81.5 82.9 81.7 83.1 84.8
99.9 103 103.5 103.9 104.3 105.8 107.2 108.6 110.2 111.7 111.1 109.6 109.3 108.4 107 105.7 104.4 102.7 101.3 99.8 98.3 95.5 91.8 90.3 86.2 83.8 80.4 74.1 78.2 76.2 73 70.2 66.9 52.8 53.6 59.8 63.8 65.4 67.6 69.4 72.1 74.8 78 79.6 81.8 84.5 88 91.7 95.5 98.4 99 98.5 97.8 95.8 93.4 91.2 88.7 87.3 85.2 84.6 86.9 89.7 91.4 92.2 90.6 89.5 87.7 84.8 82.2 80.7 80.3 81 82.7 84.2 85.9 86.5 86.8 86.3 86.6
98.7 100.4 100.8 101.3 102.4 103.6 104.9 106.4 108 108.5 107.2 106.2 105.3 104 102.7 101.6 100.6 99.4 98.4 97.1 95.3 93.6 89.6 86 82.7 77.7 77.7 78 73.6 74.2 72.3 69.8 66.9 57.9 53.7 55 65.1 66.1 66.9 67.8 69.9 74.4 79.2 81.3 83.5 86 88.3 91.7 95.8 99.6 101.6 101.5 100.5 99.1 96.7 94.4 91.9 90.2 89 86.4 85 87.2 91.2 92.5 92.2 91.5 89.8 89.2 86.3 84.3 82 81.9 84.3 87.1 88.9 89.5 90.2 90.5 90.6
95.4 96.3 98.2 98.8 100.2 101.6 102.7 104.5 105.9 105.1 104.2 103.1 101.3 99.8 98.9 98.5 97.7 96.5 95.1 92.8 92.7 91.1 87.9 84.8 78.9 77.8 77.4 77.2 75.1 71.6 70.9 67.9 64.9 58.6 54.6 54.6 53 60.5 64.1 65.7 69.1 74.6 78.3 81.1 82.9 85.4 87.8 91.2 94.8 97.6 100 103.9 103 102 99.8 96.7 94.5 92.8 91 89 85.6 86.3 90.7 92.5 93.8 92.9 91.8 89.3 86.3 83.9 81.7 84.7 87.3 89.6 91.8 92.4 93 93.2 93.3
92.8 93.8 95.2 96.8 98.3 99.4 100.4 102.6 103.9 102.4 101.4 99.8 98.3 97.2 95.9 95.7 95.4 94.1 91 89.3 89.1 88.8 86.5 83.4 78 77.1 76.7 76.6 75.3 76.3 69.2 68.9 64.1 59.5 58.1 60.4 58.3 55.2 54.7 59.3 67.3 71.9 76.7 80.1 82.1 84.6 87.1 90 93.1 95.1 97.4 100.5 102.9 103.9 100.9 98.2 96.1 94.1 92 89.4 86.6 86.2 88.4 91.1 91.8 90.9 89.4 86.7 84.9 83.5 84.5 88.3 91 93.3 95 95.6 96.1 96.2 96.2
90.3 91.4 93.1 94.8 96.3 97.3 98.5 100.5 101.7 100.2 99 97.9 95.6 94.2 92.6 91.8 90.3 87.5 87 86.7 86.7 86.8 85.8 82.2 77.6 77.3 76 75.8 75.3 70.3 69.3 68.5 66.9 63.5 63.1 63.6 62.9 60 54.9 56.3 69.1 73.6 75.5 79 80.6 82.6 86.5 89.1 91.6 93.7 95.9 98.8 100.5 100.5 100.5 98.9 96.6 94.7 92.4 89.3 86.6 85.5 85.4 87.5 88.6 88 86.4 85.2 84.6 84.4 87.8 91.2 93.7 96.7 98.4 99.3 99.8 100.3 100.4
87.7 89.2 90.9 92.7 94.3 95.3 96.9 98.7 98.8 98.1 97 95.1 93 90.5 88.6 87.6 85.1 82.9 82.6 83.8 84.4 84.4 84.5 82.1 77.9 77.6 79 78.2 76.4 76.4 74.8 71.8 68.6 67.7 65.9 62.8 62.5 61.6 57.5 55.2 60.8 67.5 74.4 77.8 79.5 81.7 85.5 87.7 89.6 92.6 95.4 97.7 98.7 98.1 97.9 97.5 96.5 94.9 92.6 89.4 83.6 83.9 86 87.3 86.5 86.4 85.8 85.7 87.7 88.5 90.5 93.1 95.5 97.7 100.3 101.8 102.6 96.9 104.9
85.6 87.1 88.8 90.6 92.2 93.4 95.2 95.7 95.9 95.5 94.3 91.9 89.5 86.9 84.9 83.8 82.5 81.8 80.6 80.8 81.2 82.6 83.4 83.8 83.6 83.1 83.6 82.8 81.2 79.3 74.4 74.7 71.9 73.1 70.8 68.4 66.4 62.8 63.1 53.3 58.6 68.7 72.9 76.5 78.7 80.7 84.1 85.7 87.3 90.3 92.9 94.4 95.4 96.4 96.2 96.1 96 94.4 92.8 88 84.9 88.6 88.6 88.5 88.6 87.5 85.5 86.4 89.3 92.2 93 94.3 97.1 98.1 102.3 97.6 101.9 106.1 107.7
84.4 85 86.3 88.4 90.2 91.7 92.1 92.4 92.5 92.3 91.2 88.7 87.4 85.1 82.4 81.2 82.6 83.2 82.2 81.1 79.4 81.1 83.9 86.9 87.7 87 87.4 86.3 84 80.6 73.5 72.1 76.5 76.1 73.3 71 68.2 64.4 60 53.3 61.3 65.4 67.1 72.9 77 79.9 82.5 83.9 85.7 89 90.4 91.5 92.5 93.4 94.4 95 95.3 94.9 91.9 90.3 90.3 89 88.9 88.6 88.7 86.7 86.4 86.3 89.5 92.4 94.4 95.8 98.8 97.3 98.6 104.5 105.8 106.6 107.9
83.3 83.9 84.5 85.3 86.9 87.7 88.4 89.1 89.3 89.8 89.7 86.7 85 82.9 81.1 80.1 81.5 83.3 82.8 80.3 78.8 81.9 84.5 86.3 87.5 86.2 87.3 85.4 82.5 79 77.6 73.5 73.1 74.8 75 71.8 67.9 64.2 59.4 54.5 61.4 66.9 71.3 74.8 76.1 75.1 72.8 75.9 81.8 87.6 87.8 88.6 89.5 90.5 91.2 92.9 95 95.5 94.9 94 92.6 91 88.8 87.7 87.8 86.7 87.9 88.5 90.6 93.2 96.5 97.8 96.6 101.9 102.6 103.9 104.6 106.2 107.8
83.9 84.2 83.8 84.3 84.7 85.2 85.4 86.1 88.3 89.6 90.9 88.3 86.1 83.5 80.9 78 78.8 79.9 79.4 79.3 78.5 81.2 82.4 82.5 82.9 83 83.2 80.7 77.5 76.4 75 73.8 72.8 68 67.8 67.2 63.4 58 55.6 55.3 58 65.8 69.3 72.6 75.4 75.8 78 80.8 83.4 85.5 82.3 81.5 84.2 86.2 88.7 90.8 94.1 96.1 96.5 95.6 93.3 92.6 90 87.7 86.6 87.5 91.6 97.2 98.9 93.3 94 97.2 100.9 101.9 102.6 103.3 103.6 104.6 105.6
84.5 83.5 83.3 83.7 84.3 84.9 85.6 86.9 88 90.6 91.2 89.6 86.9 83.4 79.3 78.3 77.6 78.1 78.2 78 79.7 80.1 79.4 78.6 79.3 78.3 75.6 77.3 78 78.5 77.6 76.6 75.7 74.9 71.8 70.9 68.5 63.7 59.2 55.6 58.2 66.1 68.9 71.6 73.5 74.7 76.7 78.8 81.2 84.7 84.1 83.8 84.4 84.9 86.3 88.9 90 90.6 90.2 90.8 92.3 93.2 94 94.5 92.8 91.5 88.7 90.2 91.9 90.9 94.2 97.5 100.5 101.9 102.3 102.8 103.2 103.2 104.4
84.1 83 82.8 83.3 83.9 84.5 85.3 86.8 89.7 91.8 91.5 90.1 87.3 85.8 83.5 81.7 79.7 79 77.8 77.4 75.6 76.2 76.2 76.4 76.8 78.1 79.7 80.7 80.9 80.9 80.4 79.6 79 77.8 75.9 72.9 70.4 67.7 63.5 54.6 58.4 66 68.4 71 72.4 73.7 75.4 77.3 79.8 84 82.7 82.3 83.3 83.7 84.8 86.2 88.7 91.5 93.3 94 93.2 91.5 90.2 88.7 88.3 88.7 91.4 93.9 93.5 93.5 95.4 97.4 100.5 101.5 101.7 101.7 101.8 102.4 103.7
84.8 83 82.8 83.3 83.7 84.2 85.2 88.2 90.7 91.4 91.3 90.6 90.4 90.4 88 85.8 83.4 80 78.2 77.8 77.3 76.9 76.8 77 78.1 80.4 83.1 84.1 84.9 84.9 83.7 83.1 82.2 80.8 79.3 75.9 72 68.7 64.3 54.7 57.2 65.7 68.1 70 71.3 72.6 73.8 75.6 78.1 82.5 84.9 85.9 85.4 85.4 84.7 84.8 87.6 90.3 91.3 92.1 91.6 90.3 89.8 89.5 89.7 90.3 93.3 95.2 95.5 95.9 95.6 97.7 98.8 100 99.1 99 99.3 100 101.9
84 83.3 82.7 83.1 83.6 84 84.7 86.6 88.5 90 91.2 92.6 93.9 94.3 91.5 88.3 85.2 80.6 79 78.2 78.2 78.8 80.1 80.7 81.9 84.9 86.6 88.2 88.8 88.9 88.1 86.5 85.2 83.8 82.4 80.3 77.3 72.7 66.4 58.3 56.1 65 67.1 69.1 70.4 71.2 72.2 74.4 77.3 79.9 83.3 86.5 88.6 88.5 88.2 88.2 86.3 86.8 89.2 90.5 90.2 90.4 90.5 91.6 92.5 92.2 95.3 96.7 97.3 96.1 95.5 96.5 98.1 97.1 96.6 96.5 96.8 96.5 99.4
83.8 83.3 82.5 82.9 83.4 84 84.2 84.3 85.8 87.4 90.3 92.4 92.4 92.4 90.7 87.8 84.2 80.2 80.6 79.8 80.6 82 84.2 85.7 87.3 89.8 91.1 92.2 93.3 93.9 94.6 94.1 90.9 87.1 85.1 84.3 82.6 79.8 73.6 68.2 54.9 58.2 66.1 68.2 69.1 70 71.9 73.1 75.7 77.6 80.3 83.8 86.7 90.1 90.9 90.6 89.2 86.2 87.2 88.8 90.2 91.1 92.4 94.2 94.4 95.1 97.3 98.3 97.8 95.4 95.5 95.9 97.4 98.2 97.8 95.9 94.5 94.7 96.3
83.8 83.3 82.6 82.9 83.2 83.2 83.4 83.6 83.5 85.7 87.6 88.4 89.1 89 88.1 85.7 83 79.9 82.5 81.8 82.2 83.2 86.4 88.8 91.3 94.5 96.8 98.3 98.8 100.3 100.4 98.6 95.3 91.3 88.9 87.6 86 82.3 77.8 73.5 55.3 57.6 61.8 65.7 67.7 69.1 71.4 71.7 72.3 75.4 77.6 81.1 83.4 86.6 89.1 89.6 90.1 88.1 86.3 88.2 90.3 92 93 94.1 94 94.7 96.6 97.4 96.3 95.6 97 98.3 99.3 100 99 95.7 94.2 94.2 95.6
83.6 83.2 82.7 83.1 83.2 82.7 82.8 83.2 83.9 84 85.3 85.7 86.4 86.2 85 82.7 82.3 83.5 84 83.6 83.6 84.4 86.8 90.2 91.5 96.5 100.4 101.8 101.6 102.6 103.9 102.8 99.7 96.2 92.5 90.7 88.2 83.3 79.8 75.9 57.6 56.8 58.4 62.6 64.5 67.3 69.1 70.5 71.2 72.5 74.5 77.8 80.4 83.9 86.5 86.3 87.8 87.8 86.2 87.2 90 92.1 94 94 93.8 93.5 94.7 95.8 95.1 96.2 97.7 99.4 100 98.9 97.2 95 93.9 93.4 94.8
83.7 83.4 83.1 83.3 83.2 82.9 83.1 83.5 84.1 84 84.1 84.2 83.6 84.6 85.1 88.7 92.2 92.2 93.1 94 92.4 92.4 92.1 89.6 92.7 96.8 99.1 100.9 102 102.9 105.1 104.5 100.2 96.8 94.6 92.3 89.2 84.8 81.2 77.9 58.8 56.6 57.8 59.6 58.6 62.2 66.1 68.9 70.2 71.9 73.7 75.5 78.3 82 83.8 83.1 84.2 85 83.7 85 88.3 91.3 92.9 93 92.2 91.5 92.1 92.9 93.8 95.4 97.4 98.1 97.8 96.1 95.7 94.3 93.6 93.1 93.2
84.5 84.1 83.7 84.6 84.8 84.7 84.3 84.4 84.5 84 84.1 85.2 86.7 88.4 89.7 91.7 95.9 96.3 96.1 95.5 97 97.5 96.6 92.7 92.2 95.3 97.2 98.9 100.6 102 102.6 102.2 99.9 97.6 95.2 93.2 88.6 85.9 83.2 80.4 77.2 60.7 55.5 55.7 55.7 56.9 59.2 64.8 68.2 70.3 72.3 73.8 74.8 78.3 80.6 80.1 80.9 81.4 81.8 82.6 85.2 88.3 90.4 90.6 89.6 88.5 90.3 92.2 92.9 93.8 94.6 95.3 95 94.2 95 94.5 93 93.2 93.9
85.9 85.8 86.1 86.9 87.1 87.3 87.2 88.1 87.5 85.6 88 92.6 92.8 92.9 94.3 96.1 98.9 99.4 98.1 98.6 100.1 101 97.9 92.4 91.7 93.9 95.5 96.8 98.6 99.8 100.2 99.9 98.2 96.8 94.9 93.5 88.8 86.9 84.3 81.8 79.5 75.9 69.1 63.3 61.8 61.6 57.1 56 62.1 66.9 70.4 71.5 72.6 74.6 77.3 77.3 77.4 78.9 79.7 80.3 82.6 85.7 87.4 87.1 86.5 88.6 90.3 90.6 89.9 90.9 91.2 94 95.3 95.5 95.2 95.9 93.6 93.8 93.9
88.2 89.7 89 89.2 90.3 90.7 91.7 92.6 94.1 97.3 99.5 99.4 99.1 98.1 98 99.5 100.4 99.8 99.3 101.2 101.7 101.4 98.9 93.5 90.9 92.6 94.2 95.7 96.4 97.6 97.8 97.5 96.5 95.1 93.8 92.4 89.9 88.1 85.9 83.7 81.5 78.9 76.5 71 68 68.4 67.2 65.7 58 56.6 62.7 69.5 70.7 73.3 74.6 74.9 75 76.3 77.2 77.9 80 83.3 84.7 85.5 86.2 87.4 89.1 88.9 87.4 86.7 90.7 93.3 95.2 94.9 95.6 96.9 96.9 94.3 93.6
91.3 91.7 91.3 92.8 94.3 94.3 96.3 97.6 98.8 100.6 103.4 103 102.8 103.1 103.7 103.6 103.1 102.7 102.5 101.5 101.5 100.9 98.6 93.9 91.9 94 95.4 94.9 94.7 95.8 95.7 95.4 94.5 93.1 91.8 90.6 89.6 88.1 86.2 84 82.4 81.1 79.4 77.2 76.1 75.1 73 71.7 66.7 61.8 56.6 61 66.8 69.9 71.5 72.3 73 73.8 74.6 75.4 78.5 81.1 82.7 83.1 83.5 84.3 86.9 87.2 86.4 85.8 88.3 90.3 92.3 92.7 93.7 95.4 98.1 95.4 93.2
97.5 99.7 97 96.6 99 101.4 103.3 102.4 102.8 105.3 107.2 107.3 107 108.4 108.2 107.4 106.1 105.5 104.6 102.8 100.7 99.3 97.4 92.2 93 93.6 94 93.7 93.2 93.8 93.5 93.4 92.5 91.1 89.6 88.1 86.9 86.3 86.1 85.4 83.9 82.9 81.8 79.8 78.6 77 76.3 74.7 72.9 71.2 64.4 57 60 64.6 68.2 69.2 70.2 71 70.5 73.8 77.1 78.3 78.6 78.8 79.7 80.8 83 84.1 83.7 84 85.4 87.6 89.5 90.8 92.1 94.3 97.2 98.2 95.3
102.1 103.3 103.9 103.6 105.6 106.8 107.4 107.7 108.1 109.5 111.5 112.1 112 112 112 111 109.5 108.4 106.5 104.5 101.6 99.3 96.7 91.9 91.3 90.9 91.9 91.8 91.9 92.4 93 93.8 92.9 91.8 90.1 86.7 84.3 83.9 84.1 84.4 84.8 84.5 83.8 82.3 80.8 79 78.2 77.3 75.7 73.9 71.8 65.1 57 59.8 62.6 65.9 67.2 67.4 69.4 71.3 72.4 74.2 75.2 76.6 77.5 78.3 80.4 81.8 81.1 80.8 83 85.4 87.2 89.4 92.1 94.8 97.4 100.7 98.9
106.1 106.6 107.4 108.7 110.1 110.8 110.9 111.3 112.5 113 114.2 115.2 115.7 115.6 114.8 113.4 112.7 110.6 108 105.8 102.7 99.6 96.2 90.6 88.8 88.3 89 90.1 91 93.1 94.5 94.7 93 91.6 87.6 84.3 82.9 82.5 82.2 82.3 82.9 83.3 83.3 83.2 82.7 81 80 78.9 77.3 75.4 73.5 71.7 67.3 57 58.3 58.2 57.5 57.5 62 64.6 66.6 70.8 72.9 74.4 75.2 76 77.5 78.4 78 77.2 80.3 82.2 85 88.1 92.4 94.9 97.4 100.8 100.8
108.5 109.6 110.4 112.1 113.7 113.9 113.7 114.4 116.2 116.7 118.4 118.6 119 117.9 117.6 116.8 114.3 112.8 110 106.1 102 98.6 94 88.6 87.3 87 87.3 88.8 91 93.4 93.1 89.8 87 87.1 87.2 87.9 87.5 85.2 83.9 82.4 81.6 81.4 82.2 82.2 82.2 81.4 81.1 80.2 79.3 77.5 75.8 73.7 72.2 70.4 65.2 61.4 60.5 60 58.8 57.5 60.3 65.1 70.2 72 72.9 73.7 73.2 72.9 73.6 75.8 80.4 82.2 84.4 88.6 91.7 94.4 97.7 100.7 100.7
111.1 112.6 114.1 115.5 117.1 115.6 115.4 116.9 118.8 119 119.8 120.8 121.5 121.3 119 117.8 115.1 113.3 109.7 105.5 102.5 98.3 93.3 89.2 87.2 87.1 86.8 87.1 89.2 90.3 87 89.8 91.3 92.2 92.8 92.8 91.1 88.7 86.1 84.1 82.5 80.5 79.5 77.9 77.6 78.6 80.3 80.7 80.1 79.5 77.9 76 74.4 72.4 69.9 66.2 62.2 61.6 61.2 60.6 60 57.6 60.7 68.5 68.9 68.2 69.4 72.3 77.2 80.6 82.8 84 85.5 88 90 93.8 97.8 100.9 100.1
113.9 115.8 117.7 118.6 117.9 117.3 116.9 117.1 117.3 117.1 117.9 118.5 119.3 118.1 116.2 114.6 112.6 110.8 109.4 105.2 102.4 96 91.7 88.2 87.5 87.3 87 86.7 86.6 87.7 91.5 94.2 95.2 96.6 96.4 96.2 94.3 91.9 89.2 86.1 82.8 81.2 80.8 80.6 79.7 78.4 74.7 74.2 74.8 74.5 75.9 77 76.1 73.5 70.4 67.1 63.6 62.9 62.3 61.8 60.8 58.5 60.1 62.8 64 66.9 72.4 75.8 78.6 81.3 82.7 84.9 86.6 88.7 90.7 93.2 96.8 99.2 99
116.4 118.2 119.8 117.6 116.2 115.7 115.2 115.2 115.3 115.2 115.6 116 116.4 116.2 114.6 112.9 110.7 108.7 106.9 104.2 99.1 95.5 89.7 88.3 87 87.5 87.6 87.2 88.6 90.9 94.3 96.6 98 99.3 100.1 99.3 96.4 94.5 91.9 88.7 85 82.4 84 84.6 84.3 82.8 80.8 79.7 75.7 74.8 71.4 70.9 73.3 71.5 68.5 65.9 64.5 63.3 62.2 61.3 61.1 60.5 60.3 61.3 64.5 68.1 73.3 76.2 78.4 80.2 82.5 85 87.5 89.4 91.7 94.1 95.8 97.3 97
