data/310000-800000.asc
ncols 200
nrows 200
xllcorner 310000
yllcorner 800000
cellsize 50
[rows 70 to 104 of 200, columns 78 to 155 of 200]
477.8 477 476.1 475.1 471.9 466.2 462.6 461.1 459.5 456.3 464.1 475.1 490.5 496.5 490 487.7 487.1 483.9 481.9 480 475.7 474.6 464.3 478.6 491.3 496.3 504.9 516.4 529.1 532.2 536.1 536.9 535.7 532.2 532 530 527.7 525.9 523.1 519.1 516.2 515.3 516.6 521 525.8 527.2 534.3 540.5 538.2 540.9 544.8 548.4 551.9 557.1 562.5 569.2 575.2 584.5 601.4 613.7 628.4 642.8 651.2 646.7 633 613.5 597.8 585.5 577.1 572.2 562.7 547 537.7 528.5 520.9 506.1 487.8 471
473.7 471.6 470.8 467.4 463.7 462.7 461.8 459.2 458.2 471.8 477.7 495 511.1 511.5 507.2 502.3 498.5 495.7 496.3 493.4 493.6 491.6 468.6 480.6 498.5 505.8 513.5 524.9 536 547.2 552.7 555.2 556.4 554.4 554.9 554.6 552.4 548.4 543.7 539 533.9 529.6 532.4 534 536.8 539.7 544.9 550 551.9 554.5 556.9 558.8 561.6 566.7 574.7 581.8 589.3 598 608.1 621.5 635.7 648.5 654.3 651.1 639 622.2 603.9 589.2 581.5 575.4 564.2 552.7 543 536 529.5 512.3 494 476.7
468.4 465.9 462.6 461.4 460.4 460.4 460.8 462.1 476.8 486.6 495.1 507 526.9 532.1 532.3 525.5 520.2 520.4 519.5 518.3 517.1 501.5 474.1 486.6 506.9 517.6 522.9 534.4 546.1 557.3 566.1 573.2 577.8 578.5 579.2 578.4 575.7 570.2 564.4 558.9 553 546.6 550.4 551.9 551.7 554.3 558.2 562.1 562.7 566 569.1 572.4 575.3 580.5 587.1 595.2 602 608.4 617.1 628.1 641.8 653.3 660.6 657.5 646.9 630.9 612.3 595.6 587.7 579.7 570.3 560.1 551.3 543.4 532.9 519.2 499.5 480.1
462.8 462.5 463.3 463.1 462.4 461.2 465.7 480.2 492.5 503.9 514.3 525.2 536.2 546.2 550 549 545.1 544 542.8 543.3 536.9 512.2 487.7 489.9 509.9 528.1 532.6 541.7 557.5 569.3 576.5 584.5 591.3 594.2 595.5 595.3 590.5 584 581.7 577 570.6 566.9 570 571.5 573.3 575.3 577 579.1 581.9 585.1 588.2 590.6 592 593.6 599.4 606 612.9 617.9 627.8 639.1 650.9 660.5 667.8 665.1 655.3 639.9 618.7 606.2 594.8 586.8 578.2 570.3 562 551.2 540.3 526.8 505.6 487.3
463.9 463.9 463.8 465.4 470.6 477.7 484.2 493 506.9 519.5 531 542.2 553.1 560.8 566 566.5 565.9 565.3 563.7 558.5 543.8 518.4 492.3 492.8 502.9 521.9 536.7 547.3 560.3 573.7 577.1 584.2 593.1 598.3 602.1 603.2 600.3 597.1 595.7 591.9 585.9 586.1 588.4 590.7 592.2 593.9 595.8 598.5 600.7 604.2 607.2 608 608.8 610.1 614.3 618.8 623.3 627.6 637.2 649.7 662.3 670.3 674.6 673.2 663.5 648.4 629.5 616.9 605.1 594.8 587 580 573.2 561.4 547.8 532.4 512.4 492.5
465.8 465.4 476.1 475.4 479 487.2 494.7 506.9 521.5 534.2 546.2 558.1 568.7 574.4 579.8 580.6 580.5 579.2 576.4 569 550.6 524.3 496.7 490.1 502.6 510.7 528 545.7 558.9 569 579.4 583.1 589.8 595.7 601 605.4 605.6 606.4 607.1 604 598.9 602.3 603.8 605.9 608.5 611.2 615.1 617.6 619.5 622.7 624.1 624.4 624.6 626.5 629.2 632.1 635.4 641.5 648.4 660.1 673.6 682.4 683.7 680.4 671.8 657.1 639.4 626.4 614.4 603.6 598.1 590.4 584.4 570.5 554.6 538.7 518.7 499.5
473.2 477 482 483.5 486.4 495.3 504.8 518.7 534.4 548.3 561.7 574.1 582.1 586.8 590.8 591.7 590.9 590 585.3 575.5 551.8 527.1 505 487.2 502.4 510.2 520.5 541.8 561.2 570.1 581.4 583.1 586 591.1 594.9 599.6 604.1 608.1 611.6 611.1 609.5 613.2 616.7 621.3 623.7 628.5 632.9 634.4 635.7 637.9 639.6 639.9 639.8 640.5 642.8 645.3 649.8 656.7 667.2 674 686.7 693.8 693.6 688.4 679.5 664.7 645.6 633.6 623 613.3 608.6 601.3 594.5 580 563.5 544.6 521.8 501.1
484.8 487.7 489.8 493 495.1 504 515.2 528.3 544.3 560.7 576 586.2 593.8 598.1 601.1 600.8 600.1 598.6 591.6 577.5 552.5 530.2 509.6 498 496.6 509.8 518.5 536.1 556.3 571.4 581.7 582.6 580.1 583.2 585.8 591.4 598.9 604.9 609.2 614.7 613.2 619.3 625.4 631.1 636.2 642 646.3 648.9 650.4 652.2 654.1 654.7 653.6 652.8 655.1 657.9 663.6 672.3 682.9 694.9 701.5 705.5 703.9 695.7 684.9 669.2 652.4 640.3 630.9 626 620 612.2 604 589.6 570.4 548.7 526.5 507.5
496 499.3 502.3 506.5 508.9 516.6 526.2 539.6 556.6 573.8 588.5 598.2 604.5 607.7 609.9 609.7 608.4 604.8 596.1 575.7 552.5 530.2 514 505.6 496.9 509.5 519.3 531.6 549.6 564.9 573.7 567.2 566.2 570.8 577.9 583 585 598 603.8 608 611.5 616.7 623.2 632.5 639.9 646.5 653.6 657.9 659.6 661.5 663.9 665 665.9 665.9 666.7 670.7 677.3 688 701.4 712.1 715.7 714.1 709 699.7 687.4 671.6 656.9 644.8 639.8 635.2 632.6 623.7 611.7 599 576.9 553.3 531.6 511.3
512 515 519.9 525.4 527.8 532.5 542.5 554.1 570.9 586.3 599.7 608.8 614.6 617.4 618.5 617.8 615.9 610.1 598.2 574.8 552.1 532.1 518.9 510.3 503.9 507 519.1 532.2 551.6 556.6 558.6 562.7 569 577.7 586.7 590.3 593 590.3 595.6 598.7 601.1 605.5 614.7 626 631.7 636.8 651.9 656.8 663.5 669.4 673.1 675 676.1 679.1 684.3 688.8 695.2 706.9 720.3 728 727.4 721.8 712.8 701.4 688.5 673.1 658.8 649.7 644.1 641 640.1 632.8 617.9 601.5 579.7 555.3 533.4 512.5
533.2 536 540.7 544.2 546 547.5 558.7 568.9 583.4 598.8 610.3 618.8 624.2 627 627 625.5 621.8 613.7 599 575.9 553.9 535.1 523 514.9 510.2 504.4 517.2 524.6 534.4 540.8 558.4 563.1 569.3 577.8 586.3 589.4 596.3 599.1 601.9 605.9 609.9 620.1 629.8 636 638.1 644.3 651.5 655 656.9 671.2 678.9 682.3 685 691.1 699.3 708.9 717.8 727.5 737.2 741.7 738 729.6 718.7 707.5 694.1 678.4 663 653.1 645.1 640 635.2 627.2 611.7 597.2 580.9 558.9 535.5 513.4
552.4 555.5 560.1 563.7 564.9 565 575.2 585.5 597.9 611.6 621.5 628.7 633.9 635.6 635.3 632.7 627.6 616.8 598.1 576.6 555.8 538.2 527.2 520.2 514.9 510 519.7 537.5 551.3 555.7 561 564.5 569.8 574.6 586.7 592.6 596.9 602.5 607.2 613.2 620.9 626.9 634.3 640.4 645.7 652.8 658.2 662.2 665.5 667.7 682.1 689.9 697.1 707.3 720.2 732.6 742.4 747.9 750.5 752.7 746.4 738.3 729.1 715.5 700 683.6 667.5 654.4 644.4 634.5 625.3 615.7 603.1 589 574.6 556 532.3 511.5
572.1 575.2 580.1 583.4 584.6 581.2 592.5 602.8 613.2 624.1 632 638.9 643.8 644.3 642.6 639.6 632.1 618.1 597.6 576.3 559.5 542.5 531.2 524.6 518.1 513.8 520.5 528.7 546.6 557.6 562.1 565 565.2 567.9 579.7 590.5 596.1 600.1 607.4 615.5 622.9 630.6 637.9 646.2 653 660 665.8 669.7 674.5 673.3 687.3 700.1 711.8 723.2 739.4 754 762.5 765.7 765.3 762.1 755.1 748.1 737.8 722.1 705.8 688.3 670.8 655.6 642.1 629.9 617.5 605.1 593.3 580.3 566.5 551.3 532.8 508.2
592.8 596.4 600.6 603.4 602.9 598.3 607.6 619.6 629.1 637.8 643 649.3 652.5 652.8 650 645.3 634.3 617.6 596.9 578.5 562.5 546.4 534.7 527.4 517.6 519.8 522.2 526.5 534.4 551.1 555.7 556.5 564.2 569.8 575.7 580.9 588.4 598.1 607.5 617.2 625.2 635 644.7 653.3 659.8 667.2 674.7 681 686.8 685 701.9 714.8 726.8 742.1 759.5 774 781 781.2 778 772.9 764.6 757 746.1 728.9 710.8 691.4 673 655.9 641 625.6 611.1 596.9 583.3 570.1 556.7 543.5 526.8 504.4
613.7 617.2 620.4 622.2 620.3 616.3 621.5 633.8 643.2 651.1 656.4 659.8 661.2 660.6 656.6 649.3 634.1 615.2 595.9 579.8 564.1 549.9 538.4 531 523.4 522.9 525.9 529.8 534.3 539.4 548.4 557.5 566.2 573 579.9 586.1 589.4 597.4 607.9 618.9 631 640.8 650.4 660.3 670 679.4 688 698.2 708.8 713.3 716.2 728 741.1 756.7 775.3 790.1 795.8 794.3 790.5 786.9 778.1 769.3 752.9 734.8 714.1 693.8 674.7 656.2 640.2 623.2 604.8 590.8 577.3 560.9 546.9 534.1 516.5 499.4
634.7 638.4 640.1 640 635.2 635 639.8 647.9 656.9 662.4 665.2 668.1 669.1 667.1 662.1 649.4 632.3 614.5 595.7 579.7 564.7 553 542.5 534.7 528.2 526.5 529.6 532.9 538.7 542.8 549.7 558.7 568.1 575.7 584.8 592.3 596.9 600.3 612.3 624.7 634.5 645.4 656.9 668.9 681.9 695.8 709.1 721.9 730.4 732.2 731 738.8 753 767.7 784.9 800.7 808.2 806.1 802.7 799.9 793.2 779.9 762.6 739.9 718.2 697.5 676.3 657.1 639.4 621.7 603.5 588.2 573.9 558.2 543.1 528.6 514.4 494.5
652.2 656.3 657.3 656.5 652.4 653.5 657 663.3 669.2 672.5 674 677.6 676.9 673.5 663.7 645.6 627.8 610.4 593.1 578.1 564.4 554.7 545.2 536.2 528.4 530 532.2 538 544.7 548.4 550.6 559.6 569.6 579.7 590.6 600.2 605.6 610.4 617.6 631.2 645.6 660.4 674.1 686.8 702.1 717.5 731.6 742.9 748.8 749.4 747.7 750 763.9 778.4 794.9 811.2 819.6 818.6 815.6 813.2 807.5 791.5 770.8 747.9 724.7 700.6 679 658.6 640.9 621.6 603.4 587.6 573.5 557 543.5 529.2 515.4 492.6
668 672.2 673.4 672.6 669.9 670.4 675.2 680.2 684.5 686.3 688.2 689 685.4 677.8 659.6 639.2 620.2 604 590 576.4 564.6 555.7 546.8 537.8 531.5 533.3 535 542.8 550.9 554.4 556.8 562.3 572.8 583.9 596 608.6 616.2 622.4 629 643.5 659.8 676.9 693.7 708.7 724 739.4 753 761.3 764.1 763.9 761 761.1 777.8 792.9 808.6 822.9 831.4 830.9 829.7 828 820.4 802.3 779.4 754.5 727.6 702.9 681.3 660.9 642.7 623 605 590.9 573 559.4 544.5 533.2 520.6 497.2
682.3 686.9 687.9 686.8 686.2 687 690.9 695.1 698.5 700 700.2 699.6 690.7 673.5 653.5 632.8 614.3 599.5 586.1 573.1 562.3 554.4 547.1 535.4 535.9 537.2 541.4 548.7 555.9 561.9 564.6 569.1 581.3 591.2 603.9 617.7 628.2 639 648.1 658.9 679.8 699.2 716.5 731.1 747.2 762.5 774.5 780 778.1 776.2 774 775.3 791.9 807.6 822.4 833.4 841.1 843.6 842.6 839.9 830.1 810.5 784.2 757.5 730.2 705.2 683.6 663.2 644.2 626.2 609 592.3 579.2 563.8 550.8 538.5 520.7 508.2
694.5 700.1 701.8 701.4 701.2 702.7 705.5 709.5 712 712.5 709.2 702.6 682.5 663.8 644.9 626.2 609.8 595.5 582.1 569.4 560.9 553.1 544.8 537.2 539.8 542.9 549.6 557.5 564.9 571.3 575.7 578.4 590.5 603.3 614 631.9 647.1 660.3 672.5 683.5 699.5 720.2 737.5 754.4 770.9 786.8 796.4 796.8 791.4 787.8 784.1 790.7 806.1 820.9 834.7 845.7 852.4 855.6 854 850.6 838.9 815.1 787.6 760 733.2 707.7 685.9 665.7 647.9 631.7 615.5 595.9 585.1 570 557.2 539 516.5 499.2
705.2 711.6 714.2 715.8 716.4 717.1 719.7 723.9 724.5 721.4 713 695.2 672.1 652.8 634.2 619.2 603.9 590.6 577.3 566.7 558.2 550.8 544.2 543.8 546.5 553 562.6 571.2 578.8 587.8 593 592 606.2 620.5 633.4 647.4 666.4 681.7 696 708.8 718.5 736.2 755.6 774.7 794.2 812.3 820.6 813.3 805.9 802.2 798.2 802.1 816.5 830.2 844.7 856.5 863.1 866.5 865.7 859.3 842.8 816.2 788.6 760.9 736.2 711.1 688.5 668.4 652.5 637.2 621.8 604.8 589.3 574.9 557.8 534.3 521.5 503.4
714.9 721.9 726.8 728.8 729.4 730.6 733.4 735.1 734.6 726.5 711.7 686.1 662.4 641.2 625.4 611.7 597.9 584.4 573.3 564.2 553.6 550 547.3 550.4 556 562.9 575.6 586.8 597.3 606.4 613.2 614.3 625.7 639.9 653.6 667.9 684.4 701.8 718.6 730.5 739.8 748.4 767.8 787.6 811.7 835.6 840.5 828.3 821.7 817.9 811.8 816.8 824.3 839 853.1 865.3 872.8 875.1 875 865.2 845.4 816.1 787.8 763.1 738.4 714.1 692.2 671.8 656.3 640.7 623.2 607.2 593.2 578.2 559.7 537.3 520.7 493.1
723.5 731.6 738.3 741.8 743.1 744.5 746.8 747.1 742.4 729.1 706.3 680.7 656.9 635.7 618.2 604.6 591.5 578.9 568.7 558.7 556.5 552.7 552.9 559.3 566.1 575.4 587.5 601.2 615.2 627.5 636.1 638.9 643.5 658.5 673.5 688 702.5 718.6 733.8 747.9 756 762.5 772.7 793.9 818 842.4 851.9 840 836 832.1 827.6 830 836.7 848.2 862.4 874.3 881.9 885.4 881.2 867.3 844.4 815.4 788.4 765.5 741.3 716.9 695.3 674.7 656.8 640.6 623.3 610.5 598.2 584.5 567.5 542.5 524.3 493.8
729.3 740.1 747.9 753.9 756 757.8 759.1 756.8 746.9 727.2 701.3 676.1 653.3 631.5 614 599.8 586.1 573.5 563.9 563.2 559.6 555.9 559.6 567.1 575.2 585.8 598.7 614.2 630 645.4 656.2 659.3 662.8 674.7 689.5 704.6 718.1 733.6 748.8 764.3 773.8 779.4 783.2 802.2 822.7 843.4 852.2 850.9 849.3 845.1 838.3 840.2 849.2 859.4 873 883.7 890.7 893.4 884.8 866.8 842.2 814 788.1 764.5 741.4 720 698.8 676.7 657.8 639.1 622.6 610.6 602.7 590.2 572.4 552.3 525.4 499.6
734.3 746.8 756.8 762.5 765.2 766.5 767.9 762.5 748.2 723.3 696.7 671.9 648.5 627.5 610.6 595.9 581.6 569 568.9 566.6 565.2 559.9 567.5 574.6 582.9 595.1 608.7 625.4 643.3 662 674 678.1 680.4 689.9 704.6 718.3 732.9 749.4 765 780.4 792.8 798.4 799.5 813.9 829.5 846.1 859.3 860.9 860.7 856.9 843.6 847 858.3 870.4 883.5 893.1 898.7 898.4 886.9 866.1 839.6 812.4 787.7 763.5 741.4 720.9 700.6 677.9 657.9 638 624.1 614.5 605.8 593 573.8 558.3 524.2 513.6
741.3 754.2 764.3 770.4 773.2 774.6 775.3 765.9 745.3 717.8 690.8 665.8 643.1 622.8 608 593.3 576 575.4 572.4 569.3 577.8 565 574.1 581.5 590.4 603.8 618.9 636.1 654 672.9 688.5 695.1 697.2 702.1 716 731.2 746.9 764.9 782.2 798.8 812.6 816.6 817 824.2 837.5 850.1 860.6 866 866.4 860.1 845.6 852.2 865.6 879.1 890.1 899.3 905.1 901.1 887.1 864.7 835.9 807.6 783.3 761.3 740.4 721.2 700.7 678.4 658.4 640.1 626.8 615.6 607.5 593.2 574.7 552.6 521.7 529.4
748.4 761.7 772 777.9 780.8 782 780 765.4 737.1 709.9 684.4 659.8 637.7 618.5 604.2 591.1 580.5 579 575.9 580.3 585.8 570.2 572.7 586.9 597.5 614 631 648.8 665.8 683.5 699.9 706.9 711.7 715.9 727.5 743.9 760.7 779.7 800.2 820 831.4 834.6 833.3 834.2 843.5 852.7 859.9 863.5 863.6 855.3 845.2 854.8 868 882.2 894.6 904.9 910.2 903.4 885.5 861.8 833.2 804 778.4 756.9 737.4 719.1 696.7 676.4 656.9 641.1 626.3 613.9 603.9 589 569.6 545.4 518.5 546.6
756.2 769.3 780.4 786 788.5 785.7 778.6 754 727.8 701.4 677.8 654.6 633.2 615.7 602.3 591.2 584.2 582.4 579 582.2 589 574.8 576.7 591.2 602.9 620.9 643 660.9 675.1 693.4 712.3 719.4 724.9 728.9 738.8 754.9 774.1 796.2 817.8 840.1 850.3 854 849.3 845.7 849.9 853 856.2 858 856.6 848.3 841 848.9 862.8 878.9 894.2 906.8 910.4 903.6 884.6 860.7 833.4 806.8 780.8 758.4 737.4 717.9 694.3 674.3 655.6 639.6 624.9 613.1 603.9 585 563.3 538.8 532.6 563.9
764 776.8 788.6 794.5 795.3 789.6 774.7 746.7 719.8 694.3 670.6 648.7 629.5 613.8 601.8 592 589.1 586.1 583.3 588.7 597.2 585.7 577.9 595.2 607.5 625.9 646.6 662.8 681.8 701.7 724.7 734.4 737.6 740.6 748 764.5 785.4 808.5 831.7 853.6 867.6 872.6 867.1 856.7 852.6 850.9 850.7 850.2 847.5 840.3 832.3 837.9 853.6 871.3 886.5 898.9 902.7 897.7 880.3 856.9 831.8 805.6 779.9 756.6 736.3 715.7 691.7 671.2 654.5 638.9 623.8 611.4 600.8 580 557.6 532.4 549.8 577.7
770.7 783.7 796.3 802.3 800 791.9 770.1 742.3 715.7 688.8 665.4 644.4 627.4 613.1 601.4 592.6 594.8 595.5 594.9 594.4 600.7 597.1 586.6 588.7 608.4 625.1 644.5 662.8 681.6 701.4 726.2 744.2 746.1 751.7 757.3 771.9 791.8 814.3 837.8 860.7 877.8 886.1 880.9 869.1 859.3 851.4 846.2 842.7 837.6 829.5 818.9 823.1 840.7 860.3 876.8 889 892.4 889 872.8 851.9 828 802 777.1 755.2 735.3 715.1 691.4 670 654.7 638.7 621.9 609.1 597.1 575.4 551.4 531.7 556.8 586.7
777.6 789.8 799.4 805.4 801.2 790 766.8 739.3 712.5 686.7 663.4 642.9 626.4 613.2 601.1 596.7 601.8 605 607.8 610.8 611.2 608.8 600 589.9 598.4 617 639.5 659.8 679.3 700.4 721.9 741.6 752.3 760.1 767.8 779.2 796.9 819.9 842.4 865 887.3 893.5 891.3 880.2 868.5 856 844.6 836 826.7 814.9 806.5 810.7 827.4 847.7 865.9 877.1 882.1 879.2 867.2 847.3 823.6 798.8 774.3 753.7 733 714.4 694.5 671.9 656.1 638.8 622.1 607.8 592.5 570 547.5 534.7 563.6 592.7
782.1 792.7 801.6 804.5 799.1 786.1 764.2 737.1 710.6 684.7 662.3 642 625.4 612.5 602 601.2 608.3 615.3 619.6 623 623.7 622 614.2 609.2 598.4 605.6 634.7 652.4 674.3 696.9 719.5 737.4 754.5 766.5 776.1 788.4 803.8 823.2 844.9 867.9 888.2 899 900 889.2 877.5 861.6 846.6 833 820.7 804.4 798.5 801 813.4 833.4 852 863.6 868.9 867.7 859.6 843.2 819.7 794.8 773 752.4 731.9 713.3 696.4 675.4 656.9 639.5 623.1 607.7 588.4 565.9 542.5 539.4 567.1 597.3
785.2 793.6 801.8 801.3 795.9 784.3 760.4 733.8 706.7 681.6 659.4 640.1 623.9 612.5 603.4 605.6 615.2 629.3 631.9 634.3 635.9 635.6 629.6 622.2 614.3 609 615.5 641.8 664.3 688.7 711 731.5 749.5 767.4 781.2 796.1 811 829 849.3 871.4 890.6 901.7 904.2 896.4 882.7 865.7 847.8 831.5 813.8 796.9 791.9 791.8 801.3 818.9 835.9 847.1 855.5 856.6 849.8 838.7 816.7 791.8 770.9 750.4 730.4 713.5 697.2 680 658 637.9 623.3 608.1 589.1 565.3 538.8 544.2 569.8 599
787.7 796 801.5 799.7 795 780.6 753.9 726.9 700.9 677.5 656 638 622.6 610.7 606.9 610.2 623.5 641.1 643.7 644.3 648 648.6 643.6 634.4 628.5 623.8 614.5 631.7 656.9 681.4 702.9 724.5 742.7 762.4 781.7 801 817.6 834.1 853.2 874.7 892.1 903.4 905.1 898.1 885.4 867.8 848.7 826.6 807.9 790.9 785 785.4 793.1 807.1 821.2 836 847.5 848.4 841.5 831.1 811.3 785.9 766.3 746.8 730.5 712.8 696.5 680.5 660.3 640.2 623.2 608.4 589 562.8 539.9 544 569.3 593.7
791 798.9 803.1 802.2 795.4 774.3 747.6 721.6 695.9 671.8 651.5 634.8 620.9 609.9 611.4 618.5 633.4 647.1 653.1 654.7 659.8 663.3 658.2 649.1 642.6 636.1 627.8 625.1 650.5 673.4 692 712.7 733.4 754 776 797.9 817.5 835.7 854.3 874.6 893 900.3 903 892.2 879.6 864.8 844.8 822 803.2 786.4 777.8 779.2 786.6 795.6 808.7 827.2 839.8 841.3 832.5 818.5 801.4 779.4 759.7 741.9 726.1 710.4 696.1 679.9 661.5 641.5 623 606.1 588.4 562.4 547.5 539.8 564.9 589.4
