data/310000-620000.asc
ncols 200
nrows 200
xllcorner 310000
yllcorner 620000
cellsize 50
[rows 35 to 69 of 200, columns 0 to 77 of 200]
320 307 290.7 270 257.7 251.4 242.4 241.6 232.4 227.5 231.6 231.2 229.6 229.3 228.8 228.7 227.8 226.6 218 216.7 214.7 224.2 232.3 239.7 247.9 265.4 287.5 311.6 333.9 353.8 365.4 372.1 378.2 385.1 392 399.7 403.7 403.8 404.6 406.7 416.3 430.2 444.7 456.1 464.2 472.8 481.7 489.2 491.4 491.9 492.3 490.1 485.1 476.8 464.6 449.4 430.1 410.9 390.4 367.7 342.3 322.2 337.6 352.7 368.1 385.8 392 391.5 390.3 381.8 368.4 355.6 341 324.8 309.6 293.9 277.4 278.4
323.7 309.2 290.7 270.2 255.7 249.6 242.3 233.5 228 233.2 234.5 232.8 231.4 230 229.2 228.9 228.3 225.7 219.6 217 215.9 222.1 230.8 238.4 246.2 261.7 285 312 336 353.4 365.1 374.1 381.3 390.1 397.5 404 409.6 413.1 415.9 418.7 421.9 424.7 436.9 452.6 461.2 469.6 480.9 489.3 494.2 497.1 498.4 495.2 488.7 478.8 466.4 449.9 429.4 410.5 391 368.8 346.2 333 347.1 364.1 380.4 398.2 404.2 407.2 407.9 401.6 391.2 377.6 363.1 347.4 332.5 317 301.5 287.1
317 299.1 279.8 261 251.1 245.2 237.4 230.3 232.9 234.7 235.3 233.8 231.6 229.9 229 228.3 227.2 225.6 220.1 217.5 216.8 216.5 228.9 236.8 244.6 255.4 277.1 307.9 333.2 349.6 362.4 374.3 384.9 395 404.8 410.1 414.9 419.1 423.5 427.6 431.3 434.5 438.2 450.8 460.7 470 480.8 490.1 496.2 500.2 500.8 497.3 490.6 480.5 467.5 450.3 429.2 409.1 390.1 370.1 346 338 357.4 375.1 391.1 410 421.4 424.7 425.2 420.8 411 398.6 384.2 370.6 356 340.8 324.1 308.4
300.3 283.1 264.9 250.7 243.8 234.8 230.6 234 233.8 239.6 239 234.5 235 233.2 229.8 228.7 227.3 226.7 225.1 218.3 217.8 215.2 225.8 234.2 241.2 249.5 267.2 292.1 316.9 341.1 358.8 374.7 387.4 399 410.3 416.2 421.5 426.1 431 434.9 439.1 443.2 446.8 453.3 462.8 471.4 481 489.7 496.9 501.1 500.3 498.3 492.2 482.4 468.8 451.6 430.6 409.2 386.9 374 363.5 347.9 365.5 383.5 401.1 420.7 432.9 439.3 441.3 439 431.8 421.2 407.2 393.3 380.1 364.6 346.7 327.4
281.3 265.6 251.4 242.3 233.8 232.9 231.3 235.2 241.6 246 243.4 241 238 239 234.8 229.6 228.5 227.7 222.4 218.2 218.1 215.2 220.9 231.9 238.1 244.5 255.4 276.8 302.8 332.9 356.2 374.6 388.7 400.6 412.8 421.2 427.2 433.9 439.6 443.8 446.2 449.7 453 457.3 464.9 473.3 481.2 489.2 495.7 501 501.4 499.3 493.6 484.5 471.6 454.2 431.5 415 400.7 387.8 377.2 364.7 373.1 392 408.8 428.3 443.3 451.9 454.5 454.7 451.5 442 427.8 415 402.5 385.8 366.5 346.4
265 252.2 238.4 236 234 237.9 245.1 245.2 251.7 252.2 251.6 249.6 247.2 239.1 239.5 235.9 231.6 229.1 225.6 218.3 218.6 217.8 217.7 229 236.1 241.9 249.3 265.1 293.4 325.5 352.3 374.6 389.8 401.9 414 424.8 433.9 441.7 447.9 451.8 452.8 455.7 458.7 461.5 467 475 483 489.9 496.2 501.3 502.7 500.2 494.3 486.4 476 460.7 443.4 428.4 412.7 400 390 380.5 379.6 399.9 416.9 435.2 452.7 462.8 467.4 470.6 468.4 459.7 447.3 432 418 402.4 384.5 366
252 238.8 236.9 235.9 241.6 243 249.6 252 256.5 258.1 258.6 260 260.5 250.6 242.9 241.8 237.7 228.7 226.7 224.8 218.6 218.2 218.1 223.9 233.8 239.3 246.3 256.9 282 314.1 343.2 369.4 387.7 401.2 413.6 424.9 435.5 444.9 451.9 456.1 459 461.3 463.5 466.4 470.1 476.7 483.6 490.4 496.4 502 503.6 501.5 496.9 489.9 481.2 469.3 454.3 439.7 425 413 404.1 393.8 387.6 406.3 422.8 441.2 459.6 472.8 480.8 485.2 484.1 476.5 466 450.4 433.9 418.5 404.1 393.5
239.2 237.9 244.7 252.2 246.8 251 255.3 259.2 263.7 264.1 269 274.4 273.8 266 257.5 251.3 243.1 236.2 228.6 224.2 218 218.3 218.5 217.9 227.6 237.1 244.1 253.1 272.3 301.4 330.3 358.3 378.2 393.9 407.5 420.6 432.4 442.6 451.1 457.6 462.2 465.9 468.6 471.6 473.9 478.3 484.5 490.5 496.5 502.5 505.1 504.4 500.9 495.5 487.5 476.8 464.2 450.9 437.6 427.5 418.2 404.6 402.1 407.9 427.5 446.5 465 480.8 491.7 497.5 496.6 490.7 481.3 467.1 452.1 437.2 425.2 415.1
239.1 246.3 253.7 255.4 255.7 259.3 263.5 268.1 273.1 276.7 279.8 285.4 284.5 275.8 258.7 256.7 249.7 249 234.2 225 218.8 218.8 218.7 218.3 223.7 233.1 242.2 251.2 262.5 289.2 315.2 342.6 364.3 381.7 396.8 411.6 424.5 437.4 446.8 455.2 462.9 468.6 472.3 474.3 476 478.3 482 489.2 495.2 501.5 505.3 507.6 506.6 502 494.5 485 473.6 460.7 449.2 440.8 431.6 421 417.5 417.5 429 449.2 468.9 486.7 500.1 506.5 506.4 501.5 493.7 482.6 467.9 453.6 443.1 431.9
249 260.2 262.2 266.1 268.3 270.5 275.1 281 288.2 292.3 295.1 300.7 301.4 287.8 270.9 261.5 258.1 253.1 236.9 225.7 219.5 217.6 219.8 219.5 220 230.6 239.9 249.3 259.5 278.4 302.2 327.5 349.2 366.7 384 399.4 414.2 427.2 439.9 451.2 460.5 469 473.5 475.8 475.8 476.4 479.7 484.8 492.5 499.5 504.7 508.1 509.8 507.5 501.3 493 483.5 472.3 460.2 451.7 444.2 438.7 434.8 434.4 433.1 450.5 471.2 491.5 505.6 512.1 513.7 511 504.7 495.8 482.8 470.7 457.4 445.3
264.7 270.7 273.6 276.3 279.5 284.6 289.8 297.6 305.1 308.1 310 316.2 319.1 301.8 282.6 265.9 263.3 252.8 237.8 227.3 222.7 219.7 220 220.3 220.5 229.1 238 247.5 257.5 269.1 292.8 314.2 333.9 352.5 370.3 387.2 404.3 418.6 433 445.8 456.7 464.8 469.8 471.6 471.4 471.8 474.6 479.3 486.8 494.9 502.4 506.1 508.6 508.8 505.7 499.2 491.8 482.3 471.4 463.7 457.2 454.1 452.3 449.7 448 449.8 472.7 495.4 509.2 517.3 519.7 519 514.6 506.8 497 484.3 469.1 454.8
276.3 282.4 286.8 290.1 293.8 300 306.1 313.9 318.7 320.9 323.1 327.5 328.8 316.3 295.1 276.7 269.9 258.3 244.3 232.1 223.6 219.1 218.2 220.3 220.7 228.6 237.7 247.1 256.4 266.6 285.3 304.9 321.8 339.9 358.4 377.4 394.8 411.2 425.9 439.6 451 459.8 464.9 466.2 465.3 464.4 466.5 471.9 477.9 486.7 494.9 501.6 506.8 509.3 508.9 504.9 499.2 491.3 482.1 474.6 469.1 467.7 466.4 466.2 467.6 468.7 473 498.9 512.8 521.6 526 526.2 522.8 516.2 507.5 495 478.4 462.4
287.4 294.4 299.7 304.1 310.8 317.3 324.5 328.8 331.3 331.1 329.5 331.9 329.1 322.1 307.3 283.7 277.6 268.5 253.3 236.6 224.6 219.6 216.9 221 221.4 228.7 238.1 247 255.9 267.2 281 297.2 317.4 337 358 374.1 388.4 404.8 420.8 434.3 444.8 453.4 458 458.7 456.3 453.3 454.5 460.3 467.1 476 485.5 494.4 502.5 508.6 510 508.8 504.1 497.2 489.5 484 479.5 479.3 479.7 480.2 483.6 488.1 497.8 507.6 519.8 528.3 532.3 533.3 530.5 524.4 514.8 501.9 484.9 467.5
305 310.7 315.4 319.7 328.3 335.2 339.3 338.6 338.5 336.6 332 329.3 321.7 316.2 308.7 295.3 286.6 276.6 258.7 238.8 226 219.7 217.8 220.6 221.6 228.4 237.9 246.8 256.3 267.1 281.2 296.3 318.3 341 359.7 376.9 391 403.9 418.4 429.6 439.4 446.3 449.5 449.6 444.3 439.5 439.7 443.9 451.3 462.6 475 486.5 497.3 505.3 510 511.2 507.6 500.8 496.2 491.2 489.8 489.3 490.3 492.7 496.7 502.6 510.9 520 528.6 535.8 540 540.4 537.8 531.7 521 507.8 489.9 470.8
322.1 329.4 332.8 336.5 343.2 348.1 349.3 346.4 343.6 337.6 330.7 321.1 310.9 306.7 305.4 303 294.1 279.3 260.8 238.9 224.5 219.8 219 221.1 222.4 228.5 236.3 245.4 254.9 267.4 282.2 300.3 321.5 345 364.6 380.1 393.3 404.7 417.5 427.1 433.5 436.8 437.1 434 428 421.9 421.6 427 434.4 447.8 460.8 475.1 487.6 498.9 506.7 511.4 509.9 505.9 502.3 499.3 497.6 497.7 499.7 503.4 509.3 516 523.2 530.7 538 544.9 548 548 544.7 537.9 525.9 511.7 493.7 475.2
340.4 346.6 350.3 353.9 359.5 361.1 359 354.5 348.2 337.3 327.1 314.3 301.9 297.4 297.4 297.8 287.9 272.4 256.1 236 222.1 220.3 221 220.8 223.1 228.5 236.1 244 252.8 265.6 282.5 303.7 325.9 348.8 369.4 384.4 394.7 405.1 414.9 421.8 423.7 424 421.9 416.4 410 403.7 400.9 404.6 417.4 431.6 447.5 462.7 475.8 488.7 499.6 507.3 508.8 507.5 505.8 506.1 505.1 505.8 508.2 512.8 519.7 527 534 540.4 547.2 553.4 556 555.3 551.8 544.1 532.1 517.3 498.4 481.9
358.6 364.6 369.1 373.1 375.1 375 369.7 362.5 351.8 339.6 325.2 311.3 296.9 291.1 288.6 284.7 275.9 264.3 251.8 233.1 225.3 220.9 221.2 220.7 223.8 228 235.8 243.2 250.9 263.1 283.5 307.5 331.5 355.1 373.1 386.4 395.3 403 408.5 411 409 406.3 402.1 397.2 391.6 385.6 378.6 384 399.4 416.9 434.2 450.4 464.2 477.9 490.7 498.3 504.8 506.6 506.7 507.6 509.3 513.3 516.9 521 528.4 535.5 542.1 548.5 555 560.5 563.3 563.2 559.4 551.3 539.3 522.9 503.7 489.5
375.3 381.1 385.7 389.7 389.6 387.6 378.9 371.4 358.6 343.6 325.1 309.3 294.7 288.2 283.7 276.8 269.6 258.8 247.1 231 227.6 221.5 221.8 218.3 223.6 225.9 235.5 241.1 248.9 261.5 282.8 311.6 337.7 360.3 376.9 385.3 390.8 392.6 392.8 392.5 388.8 385.1 380.2 375.6 371.8 366.3 355.6 365.4 383.8 403 422 438.8 454.4 469.3 482.2 491.6 499.1 502.4 505.2 507.2 510.1 515.8 520.9 526.9 533.5 541.9 549.3 555.8 562.9 568.6 571.5 571.5 567.5 558.6 546.9 530.3 511.6 497.5
388.9 395.8 399.8 401.5 400.8 395.6 386.8 376.3 363.9 346.7 325.2 308.1 296.7 289.5 282.4 274.1 261.1 251.6 242.4 232.8 229.7 224.4 222.3 218.3 223.8 224.5 234.5 241 248.3 259 280.5 307.4 330.9 350.3 364.7 372.2 373.3 371.4 369.2 367.5 363.3 360.2 355.3 351.5 349.3 345.6 336.9 347.9 369.5 392 412.3 429.2 445.4 460.6 474 483.6 490.3 494.9 500.3 504.5 508.7 515.3 521.7 528.7 536.6 546.2 555.9 563.8 571 576.1 578.8 577.5 573 565.3 554 539.1 522.6 505.7
398.3 406.4 411.9 412.9 410.4 404.2 392.9 380.8 367.6 348.9 325.3 310.3 301.6 294.1 284.9 275.9 265.9 254.4 244.4 234.6 230.3 227.4 222.4 221.7 222.3 224.3 231.1 238.7 247.2 256.5 274.8 294.8 315.7 330.1 340.4 345.6 346.5 344.5 341.5 338.1 334.6 332.1 329.5 327 326.7 324.5 324.2 339.4 360.8 382.9 402.7 421.1 435.8 449.6 461.6 470.6 477.1 483.6 491.4 499 506.3 513.7 521.2 529.6 539 550.3 560.5 570 577.4 581.9 582.6 581.7 578.7 572.4 562.7 546.6 531.9 519.8
400 409.4 416.1 420.8 418.5 412.5 399.3 385.6 369.7 347.8 327.7 315 308 301.3 291.1 279.6 267.4 254.8 244.2 235.8 230.9 225.3 222.9 222.3 222.5 224.4 227.8 235.2 243.8 252.3 263.7 277.3 291.8 304.1 311.7 315.7 317 315 312.2 309.4 304 300.6 299.9 299.9 302.7 302.5 315.2 331 352.8 374.1 392.3 409.9 424 435.6 444.5 452.1 459.3 467 476.6 487.3 499.2 508.8 518.6 529.4 541.1 552.9 564.6 574.6 581.7 584.9 587.3 588.1 586.6 581.7 572.4 558 542.8 530.8
396.9 408.4 417.7 423.9 425.4 422 406.8 391.1 371.5 350.3 333.5 323.5 315.9 309.2 297.2 283.1 270.7 255 242.3 234.7 236.7 229.9 223.2 222.3 218.3 224.2 226.2 231.4 240.6 246.5 253.4 262.8 270.8 277.9 282 283.4 287.1 284 282.8 279.7 277.6 277 279.2 283.6 289.5 295.4 303.9 321.3 339.6 359.5 378.8 393.1 406.1 416 424.7 431.7 437.9 445.3 456.4 470.4 487.1 503 516.4 529.1 542.5 556.5 567.2 576.1 581.5 586.5 590 593 592.8 589.3 581.7 569.1 553.1 540.5
393.5 406.1 417.4 424.9 429.7 428 413.8 397.5 375.7 356.1 342.6 333.3 325.6 317.1 305.3 290.5 273.7 257.7 247.5 241.5 240.9 240.1 226.6 223.7 222 224 227.3 231 233.4 236.9 243 246.1 250.7 254.2 256.4 257.4 256.6 257.2 264.9 266.9 269.8 272.7 276.1 279.8 284.5 287.4 292.6 306.2 323 341.3 357.7 372.9 386.1 393.8 401.2 406.7 414.5 422.9 433.5 450.5 475.3 496.9 514.3 528.8 544.2 555.9 566.2 573.6 578.8 584.1 590.3 594.4 594.3 590.7 585.4 575.3 561.8 550.9
390.5 403.8 416.1 424.6 430.6 430.5 419.9 403.8 382.4 364.4 354 346 337.6 326.4 315.1 298.4 279.9 265.6 258.4 248.8 243.4 242.8 234.4 225.1 223.3 223.3 226.8 228.5 229.2 233.2 237.5 244.1 250.2 257.5 263 266.6 270.2 272.8 272.5 263.4 267.8 271.6 273 275.7 279.7 283.6 287.5 292.4 304.5 320.1 335.9 350.4 361.4 370.1 376.8 383.2 390.7 401.4 419.6 444.5 469 490.9 510.8 529 542.1 552.9 561.6 568.8 574.6 580.2 585.9 589.9 589.8 586.5 580.9 572.1 563.5 555.1
396.9 403.2 414.7 424.4 430.9 432.7 425 412.5 390.9 374.6 365.5 357 349.9 337.9 324.6 302.7 286.7 279.2 273.4 258.1 248.1 245.4 238.9 231.8 224.4 220.3 225.5 227.4 228.4 238.3 244.7 251.5 258.5 263.5 268.1 273.5 277.2 281.3 282.8 282.6 280.9 278.1 273 277.8 278.9 281.9 284.9 288.6 293.5 303.3 317.2 329.3 338.2 345.7 352.9 360.3 377.2 398.4 420.4 442.1 464.3 486.1 506.5 523.6 536.9 547.3 554.8 561.8 566.8 571.6 576.4 578.4 578.1 575.1 569.6 563.9 559.7 552.4
408 411.9 420.2 427.6 432.5 433 428.7 418.3 400 384.9 374.8 366.9 358.7 353.2 339.6 319.8 301 291 283.9 268.1 261.2 253.8 243.6 233.4 223.6 221.6 224.9 227.1 232.6 242.2 249.4 256.7 264.5 270.9 278 284.8 290.5 295.3 297.9 298.4 295.8 294 291.2 289.7 287.4 280.3 283.1 287.5 291.3 296.1 303.6 313.2 321.8 327.3 343.8 359.6 378.8 399 420.4 439.3 459.5 480.1 498.6 513.6 527.1 538.5 546 552.3 557.4 561 564.9 566 563.8 559.4 556 552.4 550.9 546.6
419.5 422.8 429.8 433.9 436.8 435 430.5 421.1 407.8 394.3 382.2 373.1 366 362.9 355.9 336 312.4 299.8 292.8 278.7 274.1 266.4 250.8 235.9 223.8 220.8 223.6 225.5 233 243.1 252.5 260.5 272.2 285.3 296.3 303.6 310.6 316.8 319.1 320.7 317.3 312.6 309.5 307.7 303.5 297.3 291.8 286.8 289.4 294.3 299.8 305.4 314.2 327 341.1 357.2 377.1 396 412.9 429.5 449 468.4 483.5 497.2 510.9 524.1 533.7 540.6 546.2 550.3 552.4 551.6 548.9 543.7 543.2 541.9 540.9 538.2
432.2 433.6 438.6 440.6 441.1 436.9 430.4 420.5 409.8 399.4 388.6 378.8 372.2 371.6 365.9 349.8 322.3 308.4 301.8 292.3 283 274 257.1 237.5 226.2 221.3 223.7 224.3 229.6 242.3 253.2 265.8 281.2 300.5 314.5 324.5 332.1 340.7 344.4 346.2 341.7 337.3 334.2 329.6 323 315.4 307.7 302.4 293.2 292.3 294.1 298.6 306.4 318.3 330.7 346.6 365.2 382.4 398 415.7 434.5 451.1 465.1 477.8 491.2 504.7 516.9 527.1 534.4 538.8 539.2 537.6 533.6 531 531.1 530.6 530.3 529.8
443.7 444.9 447 447.4 444.7 438.8 430.2 418.1 406.5 398 388.9 381.8 378.5 377.5 373 358.3 332.2 314.7 307 300.3 289.5 268.8 251 233.7 226.5 224.4 224.3 224.2 225.7 242.9 255.9 269.7 289.8 315.2 335.3 346.7 354.3 360.7 365.4 365.9 363.9 361 357.9 353.4 344.5 333.6 329 323.3 318 312.3 305.6 298.1 301.9 307.9 318.7 331.5 348.3 364.2 379.6 397.3 413.7 429 442.6 455.7 469.9 482.8 495.4 507.9 518.8 524.7 524 519.5 514.5 512 513.4 515.4 517.6 520.4
455 455.7 454.3 451.7 447.2 438.6 429.3 415.9 403.7 392.4 383.1 379.6 375.8 376.8 374.2 360.5 340.7 322.9 309.3 302.6 285.2 261 242.8 235.6 225.1 223.9 224.8 224.4 224.5 242.1 257.8 275.8 297.1 326 352.9 369.5 376.3 384.2 386.3 386.4 384.5 382.8 379.1 372.8 362.8 350.7 353.3 350.4 344.9 336.5 327.8 317.2 303.1 304.1 308.1 316.6 329.7 345 360.9 375.9 390.8 405.1 419.1 433.5 446.4 457.5 470.3 484.4 497.4 504.7 504.6 495.9 490.3 487.7 488.8 492.9 498.3 506
463.7 463.9 459.4 455 445.9 435.1 425 413.7 399.7 387 378.2 374 367.5 364.9 366.2 359.5 345 326.4 307.9 296.4 273.4 253.7 236.9 231.7 224.2 224.5 222 224.8 224.6 242.1 257.2 277.7 304 336.3 366.6 387 396 403.5 404.6 405 403.7 402.1 399.3 393 382 373.7 377.7 377.2 370.8 363.1 353.9 344.1 329.9 316.7 307.5 310.2 315.6 326.2 339.9 352.2 367.6 382.5 395.6 410 421.3 430.6 443.7 459.1 471.3 479.5 476.2 463.8 456.7 455.3 458.4 464.2 471.1 481.8
469.5 468.1 461.3 452.8 443.1 431.4 420.7 409.1 396.7 384 375.1 368 361.3 353.8 352.1 350.9 342.8 327.5 303 283 260.8 246.4 228.9 225.5 225.1 225.3 222 224.6 225.1 242.6 258.6 282.2 311 347.6 382.1 400.4 409.4 416.3 419.8 421 421.4 420.3 417.1 410.7 399.2 391.7 399.6 400.9 398.2 390.1 380.3 369.5 356.3 341.6 329.6 321.8 315.8 316.6 324.1 335.1 345.8 359.4 370.8 383 391.4 400.6 414.2 430.5 439 446.3 445 428.3 421.1 419.9 424.4 431 439.9 451.5
473.9 467 455.7 446.4 437 426.7 415.6 404.1 391.5 379.8 371.2 362.5 354.1 347.6 339.5 335.2 326.9 316.5 292.4 269.8 250.3 231 230.2 225.4 225.8 226 223.5 224.8 225.5 243.7 262.4 287.9 316.1 351.7 390.5 413 424.9 430.5 433.4 435.7 436.2 435.7 431.5 424.9 412.5 406.3 417.4 421.9 424.3 418.3 407.8 395.5 382 367.6 355.7 346.2 336.7 320.9 317.9 325.8 331.4 338.2 344.1 353.5 361.4 371.9 385.3 396.7 402.9 407.6 403.7 394.9 389.7 392.4 395.5 399.9 407.5 419.8
471.5 463 449.5 436.9 428 418.6 407.6 395.9 384.8 374.7 365.7 355.7 347 337.9 327.2 318.6 308.8 296.2 276.8 258.9 241.8 226.1 226.2 226.7 226.7 226.2 224.4 225.5 225.8 245.9 265.4 289.3 316.8 351.3 387.1 419.3 435.4 442.5 445.6 448.9 448.1 446.6 442.3 437.5 427.3 420.5 430.6 439.8 444.9 442.4 432.6 419.7 407.1 394.5 384.2 374.1 362.5 352.1 343.5 334.6 329.5 331 333.7 338.7 343.2 351.2 360 365.4 370 372.5 375.4 373 375.3 379.5 382.9 386.6 390.2 395.5
465.6 456.7 443 430.9 419.9 407.1 397.5 387.5 376.3 366.5 357.2 346.8 336.7 325.8 312.5 299.5 289.3 275.8 263 251.1 231.5 228.4 226.8 226.8 226.8 226.3 224.7 226.2 227.1 247.4 265.6 287.9 316 351.3 387.3 418 438.3 447.7 452.8 455.1 454.1 452 448.2 443.5 434.9 434.8 439.8 451.3 460.4 462 455.7 443.5 431.4 419.8 410 400.6 390.5 381.2 372.1 364.9 356.7 347.6 331.6 335.4 338.4 342.1 344.2 351.6 354.4 358.6 361.4 363.4 367.2 369.9 373 376.3 380.8 385.7
