data/310000-260000.asc
ncols 200
nrows 200
xllcorner 310000
yllcorner 260000
cellsize 50
[rows 140 to 174 of 200, columns 0 to 77 of 200]
233.6 232.6 231.6 234 235.8 237.8 238.5 235.8 237.6 242.8 244.8 240.9 238.3 232.5 228.1 226 230.5 234.8 236.1 232.3 227.9 222.7 211.7 211.6 213.3 214.2 214.4 213.6 213.4 214.3 213.2 214.2 217.7 217.9 217.7 216.9 217.6 218.5 218.5 218.6 218.7 218.8 219.1 218.9 218.9 218.9 218.8 221.4 224.2 219.6 218.9 223.1 222 221.5 223.5 225 226.2 227.8 229.8 232.1 235.1 241.1 245.9 247.9 247.7 242.3 239.9 239 239.9 239.7 237.9 238.7 239.1 239.6 239.6 239.6 241.8 243.6
233.2 232 231.1 235.4 238.8 239.3 238.1 233.9 235.6 238.5 240.6 240.2 237.7 232 228.3 224.5 226.7 229.5 229.7 226.7 221.8 216.2 213.1 212.7 212.9 212.1 212 213.3 216.9 218 220.3 220.9 216.9 215.5 215.8 216.1 216.6 217.5 218 218.1 218.3 218.7 218.9 218.9 218.9 218.9 222.7 231.4 232 230.5 228.6 227.6 225.2 226.4 227.1 226.9 227.1 229.3 231.3 233.9 239.7 246.4 252 253.6 251 244.3 239.1 242.2 244.2 242.8 239.7 239.8 239.4 239 239.4 240 241.8 245.1
232.5 231.7 231.6 233.9 235.9 236.6 235.2 231.3 231.3 233.1 235.1 234.9 233.1 230.4 227.9 224.1 223.1 225.1 223.9 220.9 216.5 214.6 211.8 212.4 212.9 213.6 217.9 226.7 230 232.6 231.6 230 226.3 221 215.8 215 215.8 216.6 217 217.3 217.6 218.5 219.6 220.5 218.9 220.1 224 232.3 235.2 234.9 234.2 233.1 231.4 230.1 227.4 226.9 231.8 230 234.3 239 244.7 251.4 256.9 257.8 254.2 249.6 246.3 248.1 248.8 250.1 248.2 245.3 241 238.8 239 240.3 242.2 245.1
231.7 231.5 232.2 232.6 233.2 233.9 232.1 229.7 227.9 228.2 229 229.8 229.4 227.9 226.2 224.2 221.7 221.9 220.5 216.4 214.5 214.5 212.1 212.6 212.6 213 223.8 228.6 232.8 235 234.3 232.4 227.5 221 217.3 215.7 216.4 218.2 218.9 218.5 218.4 220.6 221 221 222 221.8 224.2 228.8 232.9 235.3 235.2 234.5 232.4 231 228.5 227.5 230.2 230.2 235.2 239 244.7 251.8 256.5 257.5 255.1 250.6 250.2 251.4 253 254 252.1 249.4 244.4 239.7 239 239.8 240.8 240.6
231.7 232.2 234.8 237.1 239.5 239 235.7 230 227.7 226.4 225.3 223.7 222.1 224.1 224.4 222.7 220 220.4 221.1 218.5 214 214.2 214.4 211.5 212.1 215.7 225.7 228.8 230.7 233.6 233.3 230.4 225.7 221.1 218.3 217.3 217.4 218.6 218.9 218.9 218.9 219.9 222.2 222.7 222.8 223.3 222.1 225 227.8 232 233.8 234.1 233.7 231 230.3 229.3 230.2 231 234.9 238.7 243.2 250.3 254.4 255.9 257 257.1 254.7 255.6 256.8 258 256.1 251.7 245.2 241.6 239.5 241.2 240.1 240.4
232 235.9 240.2 241.1 244.2 243 237.3 232.1 231.1 231.4 230.4 228.4 224.8 220 219 219.4 218.7 218.6 220.5 218.6 213.4 214.3 214.4 214.2 211.3 221 224.6 226.7 229.8 230.8 230.3 227.1 223.1 220.8 218.1 217.4 218.2 218.9 218.9 218.9 222.7 224.8 226.4 226.1 224.3 223.5 222.6 223.4 225 228.5 231.5 234.1 235.6 233.5 232.3 231.5 232.3 234.3 236.8 239.6 244.8 251.5 256.9 259.5 261.7 262.2 258.8 260.4 261.5 261.7 257.8 251.1 250.5 249.1 243.3 243 241.5 240.9
234.2 239.2 241.1 242.7 245.5 244 238.3 234.7 235.7 235.6 233.9 231.6 226.1 221.2 218.9 218.1 217.3 216.6 217.4 215.6 213.5 214.1 214.3 214.1 214.3 219.2 221.2 222.4 226 229.4 228.5 224.1 222 219.5 217.5 217.6 218.3 219.8 223.7 225.2 228.4 231.1 230.8 228.8 225.9 223.6 222.9 223.2 224 226.5 229 230.5 237.7 237 235.7 234.5 234.7 237.6 243.7 250.1 252.7 249.6 256.2 264.7 267.6 266.4 266.1 266.1 266.3 265.3 261.6 257.1 259.1 259.7 249.6 246.3 244 241.7
235.1 238.8 239.3 242.3 245 242.6 237.8 232.1 232.1 232.2 230.6 228.2 222.8 221 217.8 217.1 216.3 215.3 215.2 213.2 213.3 213.7 214 212.2 213.9 215.4 216.9 218.9 221.7 225.9 227 222.4 221.2 219 218.1 218.5 218.8 221.3 228.3 231.1 233.9 233.2 231.7 229 225.9 223.7 223 223.1 223.7 224.9 227.5 231 236.4 238.7 239.1 238.3 238.2 241.5 249 257.9 262.6 262.7 263.8 268.3 270.7 271.8 276.6 276 276.2 274.5 277.3 272 271.6 266.2 253.8 248.3 245.8 243
236.1 238.6 239 243.2 246.1 243.8 239 232.5 228.3 227.3 224.1 220.8 218.9 217.2 216.4 215.7 215.3 214.7 215.3 212.9 213.1 213.2 213.5 213.5 213.8 214.9 216.1 218.5 223.8 227.7 226.9 224.1 221.2 219.8 218.9 218.9 218.9 224.7 231.8 234.5 235.1 234.2 231.1 228.1 225.5 223.8 222.9 223.2 223.7 224.9 226.6 228.9 235.5 241.3 244.7 244.8 245 246.4 249.7 260.8 269.1 271.5 274 277.4 276.8 279.6 283.5 289.1 287.3 288.2 287.7 284.5 280.3 272 253.6 249.3 246.5 244.3
236.8 238.6 239.2 243.7 248.4 246.1 241.4 236.4 231.3 227.9 222.5 219.4 217.1 216.3 215.9 215.5 214.8 215.3 212.7 212.6 212.8 213 211.8 213.4 213.8 214.6 215.6 218.3 225.5 229.4 229.5 226.4 221.7 219.3 218.7 218.8 218.9 227.1 234.7 235.6 235.2 233.1 229.7 226.8 224.8 224.6 224.2 224.5 224.6 226 228 230.4 238.7 245.1 250.7 253.4 255.7 254.6 256.1 261.3 268.8 276.4 282.8 287.9 287.3 287.8 292.2 295.9 295.9 293.9 290.4 288.5 289.9 275.3 258.2 252 248 247.5
237.8 239.1 239.9 241.9 246.4 245.2 241.3 239.5 234.6 230.2 225.4 220.5 215.7 215 214.7 215.3 216.9 217.9 219.1 216.4 212.3 212.6 212.5 213 213.6 214 215.3 218 223.1 230 231 227.3 222.5 219.9 218.5 218.6 218.9 226.7 233.5 234.4 234.7 232 229.2 226.3 225.4 225.3 225.9 226.9 227.5 229.3 228.3 230.9 240.6 247.4 254.8 259.9 263.5 262.1 259.6 268.3 278.5 287.2 298.4 302.1 295.5 301.6 301.1 303.1 305 301.8 296.3 295.2 289.8 276.7 260.1 254.5 250.9 248.7
238.8 239.3 239.7 239.8 241.3 241.5 241.1 237.3 233.7 231.4 227.5 220.7 215.1 214 212.9 213.8 216.2 217.7 218.8 220.9 214 210.9 212.6 212.9 213.4 213.9 215.1 217.4 220.9 226.6 228.8 226.2 222.9 220.4 218.8 218.7 218.8 225.3 229.4 229.7 230.3 230.9 228.5 226.6 226.7 227.9 229.1 230.3 231 230.1 229.7 229 239.5 248.1 256.7 264 270 267.4 264.8 270 300.1 305.8 315.2 314.2 307.9 313.5 313.1 313.2 314.9 307.8 302.6 300.3 291.6 277.7 266.2 257.7 253.8 249.7
239 239 239.3 239.4 238.4 236.5 234.9 232.4 231.9 231 226.4 220.5 215.2 212.9 212.7 212.9 213.2 213.2 213.1 213.9 214 212.8 212.5 212.7 213.2 213.7 215 217.4 219.8 222.8 225.2 223.1 221.1 220.1 219.2 219.4 219.9 222.9 226.1 228.1 230.3 230.8 229.4 226.9 227.6 231.1 235 237.7 238 238.8 237.3 234.3 237.9 246.6 255.6 263.4 270.7 271.7 277.5 297 313.6 319.6 328.3 327.6 321 323.4 325.6 327.5 324 308.1 310.5 300.6 293.1 278 270.9 264.1 258.4 252.7
240.6 239.1 239.2 238.2 234.5 231.7 229.2 227.1 227.3 226.4 222 218.4 213.6 212.3 212.5 212.7 212.8 212.9 213 212.5 212.4 212.3 212.1 212.5 212.9 213.4 214.9 217.7 219.4 220.6 222.3 222.5 221.7 221 220.1 219.4 220.9 221.4 225.8 229.8 231.8 232.7 232.3 232.7 230.9 233.4 238 241.1 241 241.1 241.1 241 239.7 247.1 256.2 262.4 268 275.7 295.1 312.7 328.8 332.1 340 339.8 332.1 330.1 331.4 331.4 326.6 320.6 315 302.4 291.7 281.8 279.5 269.8 261.3 254.4
240.6 240.5 239.1 235.1 230.6 227.5 223.9 221.3 221.7 220.1 218.5 216.2 212.1 212.3 212.5 212.6 212.9 212.9 213 210.9 212.2 212.3 212.5 212.7 212.8 213.3 214.3 217.8 218.4 219.2 220.8 221.8 221.1 220.7 222.3 222 221 224.2 228.1 231.2 233.7 236.8 238.3 237.9 235.3 232.6 236.6 241.1 240 240.6 240.9 240.3 243.1 247.7 258.3 263.3 268.8 285.7 307 327.9 341.7 350.9 350.7 347.3 339.7 338.2 337.9 335.3 330.1 321.9 314.3 301.8 293.3 291.2 287 276.1 260.6 255.7
235.7 234.2 231.8 230.5 227.2 222.5 218.3 217.6 218.3 216.3 212.6 212.2 212.2 212.2 212.4 212.5 212.9 212.8 212.7 212.1 212 212.7 212.9 213.2 213.3 213.3 214.4 216.3 217.7 218.5 220.4 220.9 221.4 222.8 222.8 223 222.9 225.4 229.6 231.6 236.1 239.4 241.2 241.9 239.7 236.3 234.6 237.7 238.4 239.1 241.3 243.8 246.6 250.1 257.1 268.3 278.2 302.1 323 344.9 354.9 362.8 364.3 356.8 351.4 347.9 341.9 337.2 332.6 323.3 312.9 306.7 301.8 300.3 296.2 288.3 270.5 258.2
229.8 228.6 226.4 224.4 220.8 214.5 212.5 212.1 211.3 211.4 211.5 210.2 212.2 212.1 212.3 212.6 212.3 212.1 212 211.9 212.2 212.9 213.3 216.3 216.5 216.5 214.7 215.3 217.3 218.8 218.9 219.4 221.9 224.6 224 222.9 223.6 226 229.5 232.1 236.6 240.5 244.4 245.7 244.9 241.2 238.2 237.2 238.6 240.5 244.1 247.5 251.8 253.5 260 275.2 295.3 319.2 339.2 356.8 364.2 370.8 371 362 363.2 357.3 348.4 344.3 338.4 326.2 320.5 313.9 315.8 320.3 308.3 289.1 274.5 262.3
224.5 222.8 221.5 217.3 210.2 211.3 210.4 211.4 209.7 212.2 212.8 212.6 210.6 211.1 210.3 210.7 212.1 211.7 211.1 211.5 215.7 221.7 224.3 224.5 224 222.7 220.4 217.7 214.7 217.1 218.9 220.1 224.1 226.1 225 226.2 226.1 226.5 228.9 231.6 237.1 240.6 244 248 245.2 240.9 239.1 239.9 244.6 246 247.8 252.8 257.5 261.7 276.9 293.3 314.2 333.3 353.6 364.6 368.4 374.1 374.9 378.6 380.2 371 358.8 352.4 342.2 329.7 329.9 327.9 333.9 337.1 319.4 294.4 279.5 269.8
219.5 216.6 213.4 210.9 209.4 211.7 212.1 211.8 215 219.9 220.9 221.4 220.8 219.2 220.3 217.5 214.1 212.6 214.7 219.1 222.3 224.9 226.5 228.4 230.2 228.2 223.3 220 217.1 217.2 219.7 219.9 222.7 225.4 226.2 227.7 228.7 228.5 228.6 231.3 237.2 240.7 244.4 248.4 245.8 240 240.2 245.3 249.7 252 249.8 257.5 260.9 268.3 292 307.5 325.9 344.1 358.1 365.9 371.7 375.8 381.2 390.1 394.6 389.4 368.9 356.7 345.9 337.1 337.6 345.1 348.8 346.5 319.7 297.8 283.3 274.4
210.8 209.8 211.2 211.3 209.9 211.8 212.4 212.8 216.6 220.9 221.4 225.1 224.4 222.2 221.5 221.5 221 221.1 218.1 220.7 223.3 227 228.8 230.4 231 230.2 226.4 222 220.3 219.8 218.9 218.9 220.5 223.5 227.2 229.5 230.7 230.2 230.2 230.7 236.6 240.7 244.7 248.4 248 242.1 245.4 249.9 254.3 256.5 257.4 260.7 260.9 271.2 290.3 307 324.9 340.7 354.4 363.3 367.3 377.8 392.2 402.4 405.6 396.9 382 366.3 355.5 348.2 349.4 359.7 360.3 347.5 320.2 298.1 286.7 276.4
210.7 211.9 214.5 211.3 210.5 212.2 212.7 215.8 216.8 217 220.7 222.3 223.9 221.7 221.6 221.3 220.7 221 220.3 222.3 225.4 228.8 230 232.1 230.8 229.4 226.8 223 221.3 219.9 218.9 218.9 219.8 223.2 227 230.1 233.5 235.1 234.4 232.2 236.1 240 243.7 247.5 247.1 245.1 248.4 251.8 257.1 260.4 262.9 262 263.2 274.3 295.4 307.3 319.4 331.3 344.9 356 365.9 390.6 400 412.6 414.1 405.1 402 380.2 373.5 364.2 370 370.8 367.9 340.3 320.6 301.3 289.3 279.9
221.4 221.7 221 221.1 222.4 221.5 221.9 223.2 223.3 221.9 219.4 220.4 220.9 219.7 220.5 221.1 221.2 221.7 222.7 224.7 227.6 230.1 232.2 233.6 230.8 227.5 225.6 222.4 220.1 218.9 218.9 218.9 220.7 222.8 225.1 228.1 231.1 234.5 237.4 235.1 233.9 238.4 242.1 245.1 245.1 246.1 250.6 253.3 257 261.9 264.8 264.9 268.7 278.7 299.5 321.5 332.5 342.1 349.4 361 377.9 392.6 405 418.7 419.3 418.5 420.1 396.6 383.5 380.3 386.7 378.9 353.2 337 319.1 302.2 291.1 283.4
223.2 227.5 229.1 228.5 229 228.5 228.8 227.2 225.7 223.7 221.9 220.9 220.8 221 221.2 223.1 224 224.4 225.7 227.3 229.1 230.1 231 229.7 227.1 226.2 224.3 221.3 220.7 221.1 220.5 220.1 221.7 223.6 224.9 226.6 229.6 234.1 236.8 238.5 235.9 235.6 238.7 240.4 242.6 244.5 249.9 251.6 254.7 259.1 261.2 264.5 270.3 286.7 300.5 315.2 335.2 345.2 354 366.5 390.8 403.2 418.7 425.6 427.3 430.2 421.4 395 391 395.1 393.9 373.7 348.7 330.9 316.6 302.6 292.5 286.4
225.6 230.6 231.1 232.6 232.8 231 230.1 228.1 225.4 223 221.5 220.7 220.5 220.3 221.2 223.1 225.8 226.6 227.3 228.1 228.1 227.5 227 225.5 224.1 223.7 222.4 221.3 220.9 221.2 222.1 221.7 222.1 223.6 225 226.6 229.1 233.1 239 240.7 240 238.7 238.3 239 239.3 241.8 246.9 249.9 252.5 256.9 259.7 265 280.7 309 325.8 332.9 333.7 342.9 359.5 377.4 395.5 415 429.5 429.6 428.1 428.9 408.5 392.7 389 399.7 384.2 360.4 344.6 329.4 315.8 302.8 294.8 289.5
227.3 229.9 233.3 235.7 233.5 232 228.8 226.2 223.9 222 221.4 221.1 220.4 220.5 220.6 223.3 226.7 226.7 226.7 226.6 224.9 223.3 222.7 221.8 221.5 221.4 221.5 221.4 221.3 222 223.6 226.2 226.9 225.8 226.9 226.9 228.9 234.6 239.8 241.1 240.7 241 243.2 242.8 240.2 241.2 244.9 248.9 252.3 257.8 261 267.8 287.3 311.1 330.9 343.2 351 352.6 368.3 386.3 403.4 420.3 431.1 429.2 432 412.7 395.7 387.2 378.7 380.2 366.8 355.3 341.2 327.4 314.5 304.7 298.1 293
227.4 230.2 233.4 235.2 233.1 230.9 228.3 226.3 223.4 221.7 221.7 221 220.4 220.7 221 222 224.2 226 225.7 224.7 222.7 221.8 221.6 221.4 222.4 221.8 221.8 222.2 223 224.3 224.4 230.5 231.7 232.2 231.8 229.3 230.4 237 241 243.5 246.4 247.2 249 247.6 245 244.7 246.6 249.6 256 260.9 263.6 269.1 283.7 305.5 323.2 337.4 345.7 353.2 371.3 390.5 407.4 421 422.4 429.3 421.2 399.9 390.3 379.6 370 360.5 355.5 347 337.1 325.8 316.5 307.8 301.2 295.8
226.4 229.5 232.3 234.5 233.2 230 227.9 225.8 223.1 221.6 221 220.3 220.6 221.1 221.9 222.9 225.7 227 226.9 225.4 223.1 222.1 221.7 222.6 224 224.8 225.1 226.7 227.7 229 227.5 228.5 234 236.1 236 231.2 230.2 236.9 241.4 244.7 248.2 250.8 250.8 250.6 250.3 249.3 250.2 253.1 257 262.9 268 274.2 279 293.6 314.7 329.8 333.8 352.5 368.3 394.9 411.1 418.9 421.8 422.7 401.7 390.2 381.7 372.9 362.1 353.6 346.3 338.9 330.7 324.3 317 309.2 303 298.7
225.5 228.6 229.2 232.4 232.5 230.1 227.3 225 222.4 221.4 220.7 220.6 220.9 221.6 222.5 224.5 227.5 229.1 229.1 227.2 224.8 225.1 225.5 226.8 228.5 229.4 230.9 232.7 234 233.7 231.3 227.5 233.8 235.8 236.3 234 233.9 236.4 240.9 243.5 246.9 250.8 250.5 250.7 252.4 252.4 255.1 257.2 262.5 265.8 271 284.1 295.8 292.5 303.8 315.9 327.5 351.7 373.6 389.6 404.5 414.6 417.6 402.8 392.2 382.7 374.4 366.6 359.4 349.6 342.8 335.6 329.4 323.3 316.1 309.1 305.3 301.2
222.6 225.6 228.4 229.5 230.2 229.2 226.5 224.4 222.4 221.7 221.2 220.6 221.6 222.2 222.9 224.2 226.7 228.2 228.4 227.6 227.2 228.3 229.2 229 230.2 231.2 233.7 236.1 235.6 233.6 232.1 230 229.1 232.6 234.3 234.8 234.9 238.2 240.1 242.5 247 250.8 250.7 252 253.1 255.7 259.5 265.4 272.6 274.3 277.7 304.1 316.9 310.8 308.6 316.2 326.9 351.1 377.1 390.6 401.5 410.9 404.6 392.5 384.9 377.1 369.1 361.5 355.9 350 341.6 336 330.3 324.1 317.4 312 307.2 303.3
219.1 221.6 224.6 226.5 226.5 225.8 225.1 223.8 223.7 223.8 223.9 225 225 224.2 224.4 223.7 225.3 226.5 227.1 227.5 228.7 230.4 232 233 233.6 235.4 236.5 236.1 233.9 233.5 234.1 232.7 230.3 231.2 233.3 234.6 235.5 238.4 239.1 241 246 249.9 251.6 253.3 255 257.6 263.1 269.7 278.4 282.1 290.8 317.2 329.9 329.1 322.1 328.9 340.2 353.6 366.3 379.9 395.6 401.4 394.7 386 378.1 371.3 365.5 359.4 355.1 350.5 345.5 341 335.6 327.1 319.4 313.2 307.9 305.3
221 221.6 223.3 224.7 224.8 225.3 225.9 226.3 226.3 226.5 227.3 229.1 230.1 228.5 227.2 225.7 225.9 226.8 227.9 229 230.7 232.9 236.1 238.2 239.1 239.7 239.7 237 236.3 239 240.6 240.1 236.1 233.7 233.2 234.6 237.2 239.4 241.3 244.5 248 249.2 251.7 255.6 259.3 264.8 270.6 275.5 280.8 287.6 304.1 328.2 343.7 345.2 335.3 346.2 359 366.2 378.2 384.9 400.4 396.7 387.9 380 371.3 365.7 362.4 358.4 354 349.7 346.3 342 336.7 331.8 324.6 315.9 310.7 308.4
222.9 222.8 222.6 223.5 225.2 226.5 227.5 228.8 229.1 228.7 228.9 230.8 231 228.8 228.7 226.5 227.2 227.9 228.8 230.6 233.1 236.2 239.7 240.9 241.1 241.2 240.5 238.8 239.3 241.7 243.1 243.4 241.7 237.6 234.1 237.4 240.1 243.2 246.7 249.3 250.8 251.5 253.8 259.4 264.6 270.1 273.6 281 286.8 294.9 315.5 339.9 353.9 356.5 348.2 359.2 375.3 390.7 392.4 393.4 398.9 392.5 380.8 371.4 365.9 363.4 359.4 356.2 352.8 350.9 346.1 341.6 337.5 334.3 329.1 320.6 315.2 311.6
224.8 223.7 224.4 226 227.8 229 230.8 231.9 232.2 231.6 232.2 231.7 230.6 229.6 228.8 227.7 227.7 228.4 229.2 231.6 235.2 238.3 240.9 242.3 243.9 244.1 243 240.9 241.8 245.1 246.5 246.4 243.2 239.4 235 240 244.2 248.1 251.2 252.9 255.3 257.8 256.8 261.3 268.4 275.3 278.2 283.2 290.9 302.6 324.9 348.1 357.7 362.4 358.7 367.6 387 404.3 403.6 406.5 408.9 388.2 376.1 366.6 362.9 360.1 356 352.4 350.8 348.7 344.6 341.7 338.6 334.4 329.8 325.3 319.5 316.1
225.6 224.5 225.8 228.2 229.7 231.7 233.8 235.2 235.6 235.7 236.2 234.3 232.6 231.3 230.2 229.1 228.2 228.8 230 232.9 236.7 239.6 244.7 245.4 246.6 247.2 246.2 243.9 244.1 247.2 248.9 247.2 242.9 239.7 236.4 239.6 245.7 250.5 253 256.7 260.6 264.6 265.1 263 270.9 280.2 283.4 287.1 293.4 306.4 330.8 354.3 358.8 361.8 364.9 377.3 393.5 407.9 402.4 408.2 397.7 384.1 373.5 363.7 358.9 355.6 352.1 348.2 346.3 344 342 339.9 338.4 334.6 329.6 326.6 323.6 320.8
226.3 225.5 225.7 229.3 231.1 234.3 237.3 238.6 239.9 239.3 239.3 237.7 236 233.1 231.6 230.5 229.4 229.5 230.7 233.7 237.5 242.4 246.6 248.9 250 250.8 249.9 249 247.3 248.1 247 244.9 242.3 239.9 237.4 239.8 246.5 251.4 254.4 258.8 262.8 269.7 269.3 268 270.3 282.9 287.2 290 297.1 314.8 334.6 352.9 359.5 360 366.4 383.8 394.4 393.2 392.8 391.7 385.3 376.7 369.1 359.6 354 350.4 347.1 344 342.2 340.4 338.6 338 336.9 334.8 330.8 329.2 327.6 325.9
