data/310000-810000.asc
ncols 200
nrows 200
xllcorner 310000
yllcorner 810000
cellsize 50
[rows 35 to 69 of 200, columns 0 to 77 of 200]
423.2 431.8 439.2 453.7 469.7 481 491.2 500.9 509.9 516.1 517.9 515.8 511.6 506 499.5 494.9 490.1 487.3 485.3 484.1 483.3 484 484.8 483.5 481.6 478.5 474.8 469.3 461.7 453.5 448.9 442.8 439 439.7 440.3 438.6 435.9 431.7 425.9 418.3 407.7 396.1 380.8 367.5 358.9 352 348.4 353.5 359 363.4 366 375.8 388.3 398.7 408.6 420 431.5 441.7 450.4 457.1 461.5 465.5 468.2 469.2 468.4 467.5 466.3 465.7 465.3 464.9 464.8 465.6 466.2 467.1 466.8 468.2 469.4 469.7
423.6 431.8 442.8 458.9 472.1 482.9 492.4 501.8 510.3 515.9 517.2 514.5 509.6 503.9 496.3 490.9 485.9 482.5 479.9 479.1 478.3 477.4 478.2 477 475.1 472.1 468.4 461.7 455 448.1 443.1 438.2 434.7 433 430.7 431.1 427.3 422.5 417.1 408.3 397.6 385.4 370.8 360.7 351.2 349.7 353.1 360 366.4 371.1 372.2 374.2 391.5 401.6 411.7 423.1 434.6 443.9 453.9 461.3 467.8 473.5 477.2 477.9 480.4 479.4 478.1 477.1 476.9 477.2 478 479.3 478.6 478.2 477.5 477.5 478.8 479.1
417.2 427.2 444.4 461.6 473.5 483.6 493.1 502 509.8 514.5 515.1 513.1 507.8 502.2 494.6 487.4 482.2 478 474.3 473.5 472.4 470.8 470.7 470.7 468.6 465.3 460.7 453.8 447.9 442.5 437.4 432.9 430.4 429.5 428.2 419.3 417.2 412.4 405.1 395.5 385.9 376.1 363.7 352.1 350.9 353.6 360.8 367.9 376.6 378.6 379.1 372.9 388.9 403 413.3 424.8 435.3 443.9 452.5 461.5 469.4 476.9 482.4 485.3 489.2 489 489.5 490.4 490.6 490.5 489.7 489.7 489.2 488.3 488.2 487.6 488.3 488.3
407.3 423.7 443.8 464 474.1 483.6 492.3 501.2 507.5 511.1 512.8 511 505.7 500 493.6 486.4 479.9 473.3 468.9 467.9 465.6 464.2 464 463.9 462.1 458.4 454.1 448.7 441.7 435.9 431.1 427.7 425 422.9 422.4 417.1 404.6 401.9 394.1 385.2 376 370.4 355.2 352.7 353.4 362.5 369.4 375.3 380 382 382.5 380.4 387.8 401.9 413.9 425.7 434 441.1 449.3 458.1 467.2 476 482.3 488 492.1 494.6 497.3 500.9 501.1 500.4 499.5 498.5 495.7 495.3 495.8 496.8 497.3 497.1
413.4 428.5 453.3 466.3 475 483.6 491.6 498.4 504.6 507.6 508.9 507.7 503.2 497.1 491 484.2 476.8 469.8 464.3 461.3 458.8 457.6 457.4 457.1 454.4 451.3 446.7 441.4 436 429.7 422.2 422.1 419.8 417.2 411.8 408.1 401.4 389.7 385.7 377.9 367.5 355.6 354.7 354.6 362.9 371.1 377 381.4 383.9 385.7 387.3 386.7 384.9 396.2 411 424.7 431.3 437.9 445.9 454.4 463.5 472.8 479.5 484 487.4 491.7 496.3 499.5 503 504.4 504.4 504.4 502.6 502.9 504.6 505.7 506.1 505.9
420.9 439.7 456.8 466.3 474.1 481.9 489.3 495.7 500.4 503.9 504.9 504 499.4 493.3 487.6 481.3 473.9 466.5 460.6 455.7 451.9 451 450.5 448.6 445.9 442.9 438.8 432.3 426.5 420.7 413 410.7 411.5 407.5 404.2 400.1 392.8 385.9 377.7 374.6 357.5 356.7 355.9 362.9 373.2 378.9 383.3 386.4 389 390.4 391.7 390.3 385.4 387.5 402.2 416.1 424.3 433.4 441.8 450.4 458.5 465.9 472 476.8 481.6 486.2 491.3 496 500.5 504.5 506 507.4 508.2 511.1 512.6 514.6 514.9 514.7
431.1 446.4 457 464.8 472.7 479.7 485.6 491.1 495.9 499.3 499.7 499.6 495.7 489.8 484.4 478.5 470.7 463.5 456.9 451.8 447 444.1 442.4 440 436.8 433.7 430.5 424.1 416.8 411.1 406 404.1 405.4 400.6 397.2 393 386.4 380.9 376.5 359.1 358.4 357.8 363.4 373.4 380.8 385.8 389.6 392.4 395 397.4 399 398.9 392.1 400.6 401 407.9 418.5 428.5 437.6 445.7 453.2 459.1 465.3 470.9 475.8 480.8 486.4 491.4 496.5 501.6 506.5 509 512.6 516.2 519.8 522.3 523.7 524.2
435.5 447.8 455.7 463.4 470.1 476.9 482 486.4 491.1 494.3 494.2 494.1 491.1 486.6 481.1 474.6 467.2 460.5 453.8 447.9 442.8 437.3 434.4 432.4 429.6 426.2 422.6 417.2 410.2 404.3 401.4 400.8 400.2 397.5 391 384.4 380.9 377.4 360.4 359.9 360.8 366.3 374 381.7 387.5 392.3 395.7 398.5 401.1 404 407 409.8 402.2 414.7 413.2 413.6 415.4 422.6 433.8 442.4 450.3 456.4 462.4 468.6 474 479.6 485.4 490.6 495.4 500.1 505 509.8 514.1 518.8 523.5 528.3 530.6 531.3
438.4 447.1 454.9 460.6 467.3 473.9 478.3 482.7 487 489.7 490.9 490.2 486.8 482.8 477 470.4 464 457.3 450.6 444.9 439.4 433.3 428.6 425.2 422.4 418.9 415.3 410.6 406.3 400.1 399.2 397.8 395.4 396.3 392.4 385.7 372.6 362.1 361.3 362.9 368.9 375.4 381.9 388.8 393.8 398 401.8 404.7 407.2 410.1 412.5 415.6 413.7 418 417.6 417.7 423.9 429.8 436 439.4 448.5 454.7 460.4 467.4 473.1 478.6 484.5 490 494.7 500.4 506.3 511.2 515.5 520.4 526.7 531.8 536.5 538.2
439.9 446.3 453.3 458.6 464.4 470.2 474.6 479 483 485.7 487 486.1 482.7 478.9 473.6 467 460.8 454.1 447.4 441.9 435.1 428.3 423.4 419.9 416.4 411.8 407.9 403.9 400.3 397.3 395.4 393.1 388.9 387.8 386 379 363.5 362.7 366.2 373.1 377.7 384.6 389.2 393.9 399 403.2 406.7 409.4 411.8 414.5 417.3 418.9 418.6 415.5 420.3 422.2 428 433.8 440 446.6 451.8 456.2 461.3 467.3 472.1 477.6 483.8 489.9 495.8 501.7 507.5 512.6 517.6 523.9 530 535 540 545
442.9 448.7 453 457.2 461.5 466.6 470.9 475.3 479.1 481.6 482.2 481.4 478.7 474.9 470.1 463.5 457.5 451.3 444.2 437.8 430.7 423.3 419.4 414.9 410.9 406.1 401.9 397.6 393.8 392.3 390.2 384.3 375.8 369.9 369.3 365.5 364.7 365 373.9 381.3 386.3 392.9 399.1 401.4 404.3 407.5 410.8 413.8 416.7 418.4 420.7 422.5 421.3 417.2 424 427.8 432.4 437.8 444.1 449.8 455 460.3 464.1 469 474.2 479.6 486.2 491.8 497.4 502.9 508.8 514 520.2 527.3 533.4 539.5 545 550.6
449.6 452.1 455.8 457.5 460.9 462.9 467.3 471.6 474.8 477.3 477.5 476.4 474 470.7 466 460.3 454.3 448.3 440.6 432.6 425.4 420.5 416.6 412.5 408.5 404 396.7 391.7 387.8 383 378.5 374.6 374.4 379.6 368 365.5 365 371.9 383.5 392.3 399.5 405.3 407 408.6 409.9 412.2 415.3 418.3 421.3 422.8 424.4 425.4 425.3 425 429.3 432.3 436.9 441.7 447.9 452.9 457.3 462.4 467.2 471.4 476.4 482.1 488.4 493.8 499.3 504.9 510.4 516.5 523.6 530.8 537.2 543.9 549.8 555.6
457 459.7 461.2 461.3 461.7 461.4 463.7 467.2 470.4 473 472.8 472.4 470 466.1 461.5 457.1 451.1 445 437.2 428.6 423 418.5 416.4 412.6 410.2 406.6 401.4 400 392.3 381.3 375.5 385.5 385.4 385.5 383.6 366.5 367.1 379.4 394.2 403.1 411.6 414.6 414.7 416.4 417.6 418.6 420.2 423 426 426.9 427.6 428.4 428.9 430.3 433.3 436.3 440.4 445.3 451 456 460.1 464.1 468.9 473.6 478.5 485.3 491.3 496.6 503.8 509.8 516.1 522 527.9 534.3 541.4 548.4 554.6 560.7
464.1 466.8 467.1 466.2 463.5 461.2 460.9 462.3 465.7 468.3 468.5 468 466.1 461.6 457.1 453 448 441.3 433.9 427.3 421.3 417.3 415.5 413.8 412.1 406.1 403 393.7 382.3 379.2 390.3 396.3 389.8 392.5 377 368.9 371.8 388.5 404.1 413.9 422.5 424.2 423.6 424.1 425.2 426.3 427.4 428.9 430.7 431.6 432.5 432.2 432.4 434.9 437.9 439.9 444.3 449 454.2 459.1 463 467 471.5 476.5 481.7 489.1 496 503.1 510.3 516.1 521.8 527.8 534.2 540.4 547.1 554.4 560.2 566
470.3 472.4 471.6 469.3 466.2 462.9 459.7 458.8 460 463.5 464.2 463.3 460.3 456.3 452.2 448 441.7 435.2 429.2 425 418.8 417.1 416.3 415.8 410.7 395.2 387.3 385.7 389.1 398.5 401.7 400.5 398.2 393.1 370.7 370.3 378.2 395.5 411.1 421.4 431.1 432.7 432.4 432 432.8 433.9 434.9 436 435.9 436.9 437.2 436.9 437.5 439.2 440.9 444.1 448.5 452.9 457.6 462.2 466.5 470.8 474.9 479.5 485.2 493.2 502.3 509.8 517 522.6 528.9 535.3 541.5 547.6 553.6 560.5 566.2 572
475.2 476.2 474.6 472 467.8 463.7 460.1 457 455.1 456.9 456.2 453.1 449.3 444.8 441.6 437.3 432.5 426.7 421.5 415.5 411.2 409 405.9 414.4 400.1 389.3 390.1 397 407.8 414.4 410.1 406.2 401.6 390.5 372 371.2 387.7 403.7 417.7 427.5 436.8 439.7 440.2 439.7 440.6 441.5 442.4 443.4 442.8 442.2 441.9 442 443.2 444.1 444.7 448.5 453 457.6 462.5 466.4 470.2 474.5 478.7 482.8 489.1 498.6 508.1 516.2 523.6 529.6 536.2 542.1 547.9 554 560 565.8 571.9 577.4
479.3 479.5 476.6 473.5 469.4 464.5 459.8 455.8 453.4 449.8 444.9 441.9 436.3 432.5 430.1 425.5 419.4 414.7 410.6 406.8 402.2 401.6 400.1 396.8 394 398.9 397.6 415.8 421.7 417.6 413.4 409.1 400.4 387 373.3 374.7 393.8 410.4 424.2 433.9 441.6 444.3 446 447.5 448.6 449.5 450.4 451.6 451.7 450.5 449.2 447.4 448.4 449.4 450.6 454.4 457.7 462.6 466.9 470.7 474.5 478.2 482.4 485.7 494.4 503.9 513.5 521.8 529.5 536 542.1 547.5 552.4 558.5 564 569.7 576.5 581.8
481.5 482.1 478.4 475.1 470.6 464.8 458 453.9 451.5 447.6 442.6 438.5 433.1 428.7 421 416.5 414.8 416.7 419.8 416.6 412.4 417.7 417 416.2 416.9 405.7 410.5 427 424.5 421.7 417.6 412.9 404 397.1 374 377.6 397.1 415.1 433.1 441.3 446 448.5 450.4 453.6 456.1 457.7 459 461.1 460.7 460.8 458.9 457 454.7 454.8 456.6 459.7 462.7 467.4 471.1 474.9 478.5 481.9 484.7 490.5 499.4 509 518.1 525.9 533.6 541.9 547.8 552.9 557 562.3 567.1 573.5 577.7 582.1
483.3 484.3 479.5 475.3 470.1 463.3 456.6 451.6 449.6 446.1 442.4 439.2 436.2 431.3 430 429.6 427.4 429.2 431.9 414.8 431.1 435.3 435.3 435.2 429.5 411.1 434.9 432.3 428.8 425.7 426.3 421.5 405.7 393.6 375.5 374.8 390.9 410.2 427.1 438.7 447.9 453.6 456.4 459.6 462.2 465.4 468.3 470.8 471.6 471.1 470.3 467.8 464.2 463.1 462.3 465 467.8 471.4 474.9 478.4 481.8 485.3 490 496.6 504.3 513.5 522.1 530 537.7 546.1 552 555.8 559.8 564.1 567.5 572.1 576.6 580.1
485.1 483.1 475.5 469.8 462.2 455.6 454.4 453.5 449.8 446.7 443.3 442.9 442.1 439.8 437.1 435.5 433.8 428.9 426.2 424.9 437.4 438.9 438.4 437.3 417.9 427.9 438.4 437.4 433.9 432.1 427.6 418.2 405.3 400.3 383.3 377.6 377.1 391.4 408.9 422.4 435.5 450.5 459.9 465.7 467 471.9 477.9 479.7 480.9 479.9 478.5 476.4 473.9 471.8 470.7 471.4 473.7 476.5 480.1 483.7 487.3 490.8 495.9 502.1 508.9 517.8 525.6 533.9 541.9 549.6 555.7 557.5 559.3 561 565 567.8 570.8 574.6
483.1 474.2 470.7 469.5 466.7 462.9 459.7 456.1 453.5 451.7 448.8 445.9 443.3 441.4 440.1 441.1 438.3 425.9 432.3 439.1 444.5 444.3 442.9 441.2 420.8 441.3 444.3 443.6 438.2 436.2 426.4 418.8 409 399.8 388 381.1 379.1 379 383.8 404.9 417.6 431.1 444.8 457.6 466.7 470.9 479 482.6 484 485.8 485.7 483.6 482.3 480.9 479 479.2 479.5 481.6 485.2 488.8 492.5 496.7 501.7 507.8 513.7 520.9 528.8 536.1 544 549.2 551.9 554.6 555.5 555.9 558 560.9 564.2 568.1
478.2 474.4 474.4 473 469.6 465.7 460.8 460.3 458.4 456.5 454.1 447.4 442 439.4 444.8 436.6 431.8 439.1 447.2 449.7 451.4 451.9 448.2 430.7 436.3 446.4 445.8 443.7 440 435.6 430.6 426.7 419.3 404.7 392.6 385.8 382.5 380.5 381.5 383.4 400.5 412.9 427.1 440.5 455.1 466.9 478.6 483.8 487.4 492 492.8 491.3 490.3 488.9 486.9 486.5 486.4 486.8 490.6 494.8 498.9 503 507.2 512 517.1 524.2 531.5 538.1 544.5 547.7 549 549 549.6 549.7 551.3 553.9 557.8 561.9
479.4 480.1 478.9 475.9 472.3 467.4 467.2 465.2 463.1 460.7 456.1 450.1 451.3 440.6 439.7 441.2 447.9 453.4 455.8 456.2 456.4 456 442.4 429.9 450.7 453.1 450.6 447.7 443.5 439.4 435.3 429.1 421.1 412.1 400.2 393 388.1 387.9 385.4 384.2 385 395.5 409.3 423.9 438.8 454.2 470.2 480.3 488.8 496.6 499.3 499.9 498.7 496.3 493.9 493 492.9 493.3 496.8 500.4 504 507.6 512.1 516.2 520.4 526.6 533.6 538.9 542.9 544.5 543.1 543.2 543.1 543.2 544.6 547.4 551.6 555.7
483.1 484 482 478.8 475.5 473.7 471.3 469.3 466.4 461.7 456.3 446.5 442.5 442.3 448.5 458.1 460.1 459.9 453.3 450.2 452.7 448.9 433.2 445.1 458.7 458 455.2 452.4 446.8 442.4 437.9 431.5 426.3 420 408.9 403.2 399.7 398.7 395.2 390.8 386.6 386.8 392.2 407 421.7 437.1 453.7 470.4 481 495 503.5 506.5 505.7 503.3 501 500.1 499.2 500.7 502.4 504.9 508.4 511.9 515.4 518.2 521.8 527.5 532.3 537.5 539.4 539.5 537.5 536.4 535.3 535.7 537.6 540.9 545.2 549.4
485.4 486.5 485.6 482.7 479.9 477.4 474.7 473.5 470.4 467.4 452.1 447.2 462.5 460.5 463.4 465.3 466.1 463.8 446.6 454.8 448.6 440.5 443.4 460 465.1 462.4 459.7 456.8 452.6 445.9 440.5 435.9 431 424.8 420.2 414.7 410 408.2 405.1 401.1 395.2 387.8 389.2 390.7 402.6 420.2 436.8 453.6 470.4 486.8 499.3 507.5 509.7 510.2 508.1 507.2 506.7 507.3 508.9 510.2 511.3 513.9 516.1 518.4 521.5 525.9 530.6 532.8 535 534.3 530.8 528.8 527.9 528.4 530.6 534.2 538.5 542.7
485.8 488 487.3 486.4 484.6 481 477.5 475.4 474.6 470.6 449.5 462 470.1 468.6 467.4 467.2 468.6 459 458.4 471.6 471.3 464.3 459.1 470.6 469.7 467.2 464 462 458.4 452.2 445.6 441.2 437.3 433.3 429.4 424.7 419.8 417.7 414.5 410.8 405.7 400.5 392.8 390.9 392.7 400.6 419.1 435.7 453.2 471.7 490 502.4 508.9 511.8 513.9 514.6 514.1 513.3 512.9 512 512.6 513 515.1 517.3 520 523.4 525.9 527.8 526.9 524.9 522.6 520.3 519.7 520.8 522.6 526.6 530.9 538.5
485.6 489.3 490 489.5 488.1 484.7 469.3 468.5 465.7 457.3 457.4 477.3 476.5 473.9 471.6 468.1 460 454.3 463.1 470.9 476.1 477 473.2 476.3 475.2 473.8 471.6 468.4 464.3 458.4 452.3 446.4 443.3 440 436.9 433.8 429.9 426.7 423.2 419.8 416.4 410.1 403.3 397 393.3 394.6 397.8 414.2 435.2 454.9 476.7 494.5 503.8 508.8 512.5 514.3 514.6 515 514 512.4 511 508.5 509.6 511.1 514.4 517.7 519.8 519.5 518 515.7 513.6 511.5 511.8 513.1 515.1 519 526.3 534.3
487.5 491.3 493.1 493.3 493 483.7 469.8 484.2 477 470.4 475.6 483.8 481.5 475 476.4 459.9 468.4 473.1 474 478.3 481.2 482.3 481.9 482.6 482.5 481.6 479.7 476 472.4 466.4 459.1 454.1 449.6 446.4 443.1 439.7 436.4 434.3 430.8 427.3 424 419.3 410.8 405 402.8 398.3 397.6 398.8 416.8 440.4 462.9 482.5 494.7 501.9 505.7 509.9 513 512.1 510.8 508.8 506.4 497.5 491.1 494.9 499 509.2 511.1 511.2 508.6 506.3 504.2 502.4 501.6 503.1 506.2 513.5 522.1 530.1
487.8 491.7 495.9 496.9 494.5 476.8 486 493 493.2 492.2 491.6 479.8 477.5 467.3 466.1 473.5 484.4 482.4 482.7 486.2 487.6 488.8 488.4 488.6 489.5 488.6 487.6 484.1 480.3 475.8 465.9 457.4 454.3 451.6 448.3 444.9 441.7 439.8 438 434.6 431.6 428.6 419.8 411.8 408.1 404.5 401 399.9 405.1 426.8 449.2 470 483.8 493 497.1 501.4 504.5 505.2 504.7 502.6 498.7 483.1 466.8 476.3 479.7 490.6 497.8 500.6 499.1 497 495.2 493.4 491.6 492.7 498.9 507.1 516.4 525.6
484.9 489.7 496.6 498.7 486.2 493.2 499.3 499.3 500.1 498.1 489.1 472.8 470.6 471.8 476 489.2 491.2 491 490.8 492.5 494.6 496 495 494.8 496.5 496.5 495.4 492.8 488.5 484.2 477.1 464.1 460.3 457.4 453.5 449.9 447 445.1 443.8 441.4 438.4 434.9 426.7 418.3 412.5 409.8 403.6 401.7 400.8 416.5 437 456.8 470 479.2 488.3 492.1 494.5 494.1 487 481.8 476.9 465.2 450.5 452.6 455.8 462.9 473.5 485.4 487.9 486.8 484.8 482.5 479.5 478.6 493.4 501.9 511.2 520.4
484.7 488.7 495.4 488.7 491.8 504.5 507 505.9 505 489 480.9 480.2 491.6 488 490.3 497.6 498.5 500.4 502.1 504.3 505.6 505.8 504.2 502.8 504.8 506.3 506.3 504 499.1 492.8 486.2 477.6 467.6 464.5 461 456.9 454.1 451.6 452.1 447.6 444.3 440.3 433.6 424.7 416.2 413.1 405.3 405.1 402.1 406.8 423.5 438.8 451.6 462.9 473.1 478 480.4 475.8 465.1 457.7 451.8 441.6 435.8 435.4 435.7 441.2 449.7 466.2 474.1 475 472.9 470.1 465 480.7 489 499.3 508.5 517.8
486.4 489.7 497.8 486.7 505 512.3 513.1 513.2 493.3 495.9 504.1 504 504.9 503.4 501.7 507.6 510.3 512.4 512.7 514.1 515.9 515.9 517.7 518.1 516.1 519 518.9 517.8 512.6 504.3 497.4 491.7 485.3 480.4 473.9 470.5 466.7 462.3 459 455.2 449.5 445.5 439.1 430 420.6 409.9 409.1 409.6 405.6 402.9 407 420 431.6 442.2 452.6 460.7 461.4 453.5 444.6 434.6 429.9 422 423.2 424.4 424.3 428.6 434.5 446.1 458.2 462.9 462.3 457.1 467.2 476.1 486.5 496.6 505.9 515.2
485.6 488.5 490.1 490.6 514.1 517.4 517.9 513.7 495.9 510.7 520.2 515.8 512.9 513.1 515.2 519.4 520.1 520.8 521.3 523 526.9 531.6 533.5 534.9 534.6 533.2 532.3 528.2 523.2 516.2 507.4 501.4 498.8 494.9 490.6 483.4 479.4 475 468.7 462.5 455.4 449.7 443.3 435.3 424.2 411.4 414.1 415 410.6 406.6 405.1 407 413.8 422.5 432.4 441.5 440.7 436.2 428.9 420.6 419.2 421.1 426.1 427.9 427.1 426.5 428.7 434.6 444.7 450.8 451.1 452.7 463.2 473.5 484.9 494.2 503.4 512.9
484.4 490.6 489.6 496.2 516.8 520.8 520.5 513 517.9 528.8 528.3 525.5 522.5 524.9 527 528 528.3 528.9 531 536 542.4 544.8 545.9 546.9 546.4 544.4 541.5 537.6 532.8 526.1 517.1 510.6 506 502.5 498.1 491.8 487.3 481.5 475.6 469.7 461.8 454 447.6 439.9 427.7 414.3 420.9 422.7 420.5 415.8 410.6 406.8 408 410.3 413.8 421.9 422 422.8 417.2 420.8 424.1 428.2 431 431.2 430 428.8 428 431.7 435.7 439.7 443.2 451.7 462.9 474.4 485.8 494.1 502.3 513.3
482.6 491.2 491.5 495.3 512.6 519 517 525.3 532.8 535.2 534.6 534.4 534.5 534.9 535.3 536.1 536.7 539 546.8 552.6 554.8 556.5 557.6 558.3 557.5 554.7 551 546.9 542 535.6 526.9 520.4 515.4 510.6 505.6 499.7 493.8 488 481.9 474.4 466.3 459 452.8 443.9 430.7 417.6 428.8 431.2 430.6 428.1 422.2 416.3 411.1 410.9 412.8 412.2 413.2 416.1 421.5 429.8 430.9 431.2 434.1 432.6 432.6 433 428.5 430.4 433.4 439 447.1 459 468.9 477.8 486.8 494.8 503.8 515.3
