data/310000-520000.asc
ncols 200
nrows 200
xllcorner 310000
yllcorner 520000
cellsize 50
[rows 105 to 139 of 200, columns 0 to 78 of 200]
123.2 123.3 124.8 125.6 126.2 126.4 126.2 125.3 124.9 125 125.7 127.5 128.1 130 132.3 133.8 136.5 135.8 148.4 154.3 159.8 165.3 170.4 175.8 178.5 181.2 182.9 182.9 181.2 182.4 183.5 184.9 185.4 180.2 173.2 175.7 189.7 192 195.3 201.7 205.5 210.1 213.7 217.2 222.8 231 236.8 241.4 244.4 245.5 241.7 238.4 236.6 236 238.6 246 258.5 267.3 276.9 284.8 291.6 302.8 320.4 337.2 355.1 369.7 379.6 382.2 380.7 371.4 361.7 349.6 337.9 328 313.4 301.5 285.3 267 259.1
123.4 125 125.3 125.5 126.5 127.3 127.6 127.7 126.2 126.9 128.4 129.6 130.3 132.9 136.9 138.8 142.8 145.3 149.8 161.1 165.9 169.4 175.3 182.1 182.9 188.1 187.9 190 189.7 189.7 190.2 191.8 191.6 188.5 182.5 168.4 184.7 191.3 196.2 202.8 208 212.5 216.9 220.6 226.6 235.3 242.2 245.2 251.1 252.6 254.5 255 252.7 248.8 248.5 256 265.2 274.9 282.7 296.6 307 315.7 326 335.7 347.8 361.3 370.7 377.3 381.6 376.5 365.1 354.9 341.9 329.5 319.6 304.9 291.7 286.2 274.7
126.2 127.6 125.9 125.8 128.3 128.5 130.7 130.4 130 129.2 130.7 133.4 133.4 136.7 142.4 149.7 156.5 158.9 163.1 168.6 170.6 173 177.1 180.3 182.6 186.4 189.2 191.5 193.1 195.5 196.3 196.9 196.2 194.9 192.9 188.5 176.7 191.7 197.6 203.4 208.7 213.2 217.8 223.5 230 238.3 248.4 254.4 258.5 261.3 264 267.9 268.6 266.3 262.1 270.9 278.2 285.8 296.8 311.8 323.9 334.9 343.7 353.8 353.8 356.2 358.8 363.7 370.1 368.5 361.7 352.2 342.4 332.2 318.6 308.8 305 299.9 290.3
124.3 125.3 125.7 129.4 131.5 132.4 131.8 131.5 132.1 132.6 134.4 141.9 146.3 149.8 155.8 158.5 160.9 166.5 169.9 172.9 174.2 176.2 176.5 179.9 184.7 187.1 190.4 193 195.5 198.8 200.7 201.7 202.7 200.8 197.4 195.9 187.2 187.1 196.4 202.1 208.8 214.2 219.1 225.3 233.5 241.4 249.9 257.8 263 267.7 272.3 276.7 280.6 281.1 280.3 285.2 290.4 296.8 312 326.7 340.2 349.9 358.5 367.1 373.1 371.5 365.4 363.4 365.7 366.2 362.1 352.5 345 336.4 321.6 315.7 311.2 308.9 299.4
126.1 126.7 127.3 130.3 133.4 135.9 138.2 139 140.7 144.5 150 154.1 157.9 160.9 168.8 170.9 172.8 173.9 174.7 176 178.2 179.5 179.8 182.7 186.2 188.9 192.1 193.9 196.7 199.7 202.2 203.6 205.1 204.6 201.5 200.2 198.3 194.1 187.3 202.5 209.9 216.1 221.6 228.2 235.1 241.2 250.4 262.2 268.5 275.5 280.8 288.4 295.2 296.6 296.1 297 304.7 306.6 326 339.5 351.1 359.1 368.1 376.1 380.9 382 375.8 365.8 362.5 362.4 359.9 353.5 346.4 339.6 328.5 324.3 320.2 310.6 304.9
127.5 128.8 128.9 130.2 136.2 140.7 143.9 146.5 148.6 151.9 157.9 164 168.9 170.6 175 177.5 180.1 181.1 181 180.6 181.6 183.1 184.9 187.5 188.7 191.6 193.9 197 199.1 201.3 203.4 205 207 207.3 206.7 205 203.5 200.7 198.3 197 209.4 216.1 223.8 231.8 239.8 244.6 253 264.6 274.1 281.6 290.1 298.9 306.8 312.5 315 317.3 324.6 329.3 333.8 350.6 362.9 369.4 377.6 383 388.1 386.1 380.3 371.1 363.5 356.7 352.5 346.4 340 335.4 333.7 331.2 328.1 318 308.3
127.6 130.7 132.7 134.2 143.1 148.1 150.2 152.3 154.4 159.4 164.7 172.6 177.8 179.8 178.6 183.7 187.2 187.8 187.2 186.6 186.4 187.8 190.5 193.2 193.6 195.5 198.2 200 202.7 204.5 206 207.8 209.8 210.7 210.7 209.2 207.8 206.3 205 201.6 208.7 217 224.7 232.2 240.7 249 257.2 266.6 279.4 288.3 297 306.3 315.1 322.5 331.1 337.8 344.8 348.9 353.7 359.9 373.3 381.5 386.7 390.6 395 389.9 383.7 375 364.1 353.5 344.4 339.1 334 331 328.3 329.4 327.6 316.9 304.1
128.7 133.5 138.6 143 148 152 155.1 157.6 159.6 164.6 170.4 177.3 185.2 186.9 188.1 187.1 189.8 191.7 190.1 190.6 191.5 194.4 197.4 197.8 198.7 200 203.1 205.5 207 208.5 210 211.6 212.9 213.7 213.5 213.5 214 215.9 215.5 211.4 201.3 212.3 221.3 229.8 238.7 248.3 258.8 267.1 283.8 295.7 306.3 317.3 325.1 330.3 341.7 350.2 356.8 363.1 366.5 371.4 379.8 389.3 395.2 400.2 400.7 394.2 387.8 377.6 363.6 349.6 337.7 326.9 324.6 324.7 321.1 320.9 315.3 307.9 297.1
130 135.1 140.7 146.6 151.4 155.8 158.8 161 163.5 167.6 174.9 181.9 191 193 192.9 191.9 192 193.7 194.2 194.3 195.4 198.2 199.9 201.3 203.5 203.5 206.3 208.6 210.7 212.2 213.2 213.5 214.1 214.8 216.3 217.9 220.8 224.4 222.5 217.1 214.4 208 219.7 227.5 236.3 247.1 257.5 263.9 281.7 296.4 311 324.9 336.1 341.7 348.1 357.4 365.1 369.7 374.9 381.4 386.3 392.9 401.8 407.1 406.9 400.7 392.8 379.4 363.3 349.9 335.3 319.4 308.7 308 310.5 310.1 301.5 294.3 286.7
131.4 137.5 145.3 151.2 154.5 156.3 160.1 162.6 165.2 167.7 173.1 181.9 194.2 198.8 198.8 196.5 194.7 195.9 196.7 197.2 198.2 199.6 201.6 203.6 206.5 207.8 207.8 209.1 210.6 212.2 213.8 214.9 215.7 218.1 220.6 222.7 224.5 225.6 226 221.8 220.9 209.6 220.8 228 235.4 244.8 254.2 261.3 278.7 295.2 311.4 328.9 346.4 356.2 359.4 365.1 371.3 375.3 379.1 382.9 390.3 396.3 405.4 411.8 412.5 408.5 399.2 386.7 370.2 353.9 337.8 321.9 304.7 290.1 290.9 291.7 290.7 284.9 279.7
131.8 138.6 147.2 153.9 158.5 158.5 160.6 163.6 166.2 168.8 172.1 176.3 189.8 202.6 204.2 201 196.9 197.7 198.5 199.2 200 201.7 203.4 206.6 208.4 210.2 211.8 212.9 213.3 212.7 214.3 216.3 218.9 221.3 223.7 226.1 228.5 228.7 230.1 228.4 223.8 217.6 224.3 229.6 235.8 244.4 254.5 259.5 276.6 293.4 309.3 327.7 347.4 364.5 371.4 371.4 373.3 377.5 381.9 390.4 396.1 399.1 404.3 413 415.2 412.9 405.2 392.1 375.4 357.6 338.4 322.6 307.6 291.5 274.6 272.6 276.6 276 266.9
133.5 138.8 146.7 152.4 157.8 158.8 160.4 163.1 165.5 168 171.4 174.4 178.9 196.9 202 200.6 198.9 199.4 200.2 200.8 202 203.5 205.7 208.5 210.5 212.3 214.5 215.5 216.5 215.8 216.2 218.5 221.4 224 226.4 228.9 231.5 233.8 235.2 235.4 228.5 222.3 223.7 230.5 235.5 245.3 253.7 257.5 273.4 293.3 309.3 324.6 343.4 360.8 371.6 378.4 378.6 379.4 384.9 394.6 400.4 403.6 404.5 409.6 414.3 413.2 405.9 393.8 376.8 358.7 338.8 319.9 305.5 293.1 280.1 264 258.2 256 249.7
142.8 138.2 146.5 151.1 155.1 157.4 159 161.2 164.4 167.3 170.1 172.1 174.7 185.4 198.9 199.7 200.9 201.5 201.9 202.8 203.7 205.3 208 210.4 212.4 214.6 216.7 217.6 219.5 219.6 221.5 222.7 224.5 226.7 229.4 232.3 234.9 236.9 237.6 237.9 233.6 225.2 225.6 232.8 237.9 245.3 250.6 255.9 273.1 292.4 309.3 324.9 339.5 354.1 365.6 374.2 377.6 380.2 383.3 391.9 398.9 403.7 405 403.2 408.1 406.2 400.4 389.2 373.3 355.1 334.5 316.4 303.2 291.6 279.8 267.6 258.5 250.1 241.7
151.2 143.9 144.5 149.3 153.5 155.1 156.9 159.4 162.5 166 168 170.2 172.6 177.6 192.6 199.2 200.7 201.8 204.3 205.1 206.3 207.8 211.1 213.3 215.7 218.5 218.9 219.8 222.5 225.7 227.6 229.1 230.2 232.8 234.7 236.8 239.3 241.7 243.2 242.4 237.7 234.9 223.7 234.4 239.5 244 249.2 254.7 272.5 292.6 308 322.4 337 349.5 359.7 368.2 373.2 378 382.6 389.6 396 399.7 401.3 395.9 395 395.6 390.3 379.2 364.5 348.1 328.1 312.3 299.6 288.2 277.3 268.7 260.5 252.1 243.9
159.9 153.2 147.4 147 149.9 153.9 156.4 159.2 162.1 164.2 166.5 168.7 171 175.4 187.5 195.2 198.8 202.9 206.4 207.6 209.6 211.9 215.3 217.6 218.7 220.9 222.1 223 225.9 228.7 232.1 235.3 237 239 240.9 244.3 247.3 247.5 248 249 245.4 240.2 230.3 235.8 240 244.1 248 254.1 269.5 292 307.8 321.3 334.1 345.9 355.7 363.8 368.8 373.9 377.4 384.2 389.9 391.4 391.8 387.6 381.7 381.2 374.8 367.4 352.8 336.4 317.9 305.2 297 284.8 274.6 267.2 258.9 247.5 242.7
169.3 162.8 157.8 151.7 149.3 153.4 156.6 159.6 160.6 162.6 164.5 166.8 170.7 174.7 181.7 190.3 197.9 204.2 208.3 211.2 213.5 215.8 218.9 222.2 222.9 224.1 225.9 227.5 229.9 232.4 235.5 239.1 242.1 244.2 247.5 251.9 254.6 257.3 260.3 260.4 253.2 245.3 237.2 236.2 241.1 244.6 248 252.8 264.8 287.2 304.7 317.7 329.8 341.4 351.9 357 358.8 363.6 369.1 375 378.5 379.7 378.3 373.3 370 369.5 365.1 358.4 344.6 326.8 312.5 302.4 295.7 285.4 277 268.2 258.4 258.5 255.6
177.2 173.1 166.5 155.9 150.2 153.2 156.8 158.7 159.8 161 162.6 166.2 170.4 174.5 180.7 190.7 201 209.5 213.2 216.3 218.6 221.1 224 225.2 227.9 231.6 232.2 232.7 233.9 236.1 239 242.3 245.3 249.5 253.8 258.1 259.7 258.5 259.1 256.9 251.7 245.4 239.7 235.3 240.7 244.4 247.7 252.4 259.8 278.4 295.2 308.4 319.9 332 341.1 343.6 345.3 351.6 355.6 362.3 367.9 367 364.4 359.8 361.4 364.7 365.8 360.6 345 329.6 317 304.9 299.5 289.8 279.2 274.3 274 271.7 267
182 178.8 170 160.2 152.1 152.3 154.6 156 157.4 158.3 160 165.3 170.7 178.3 184.5 193.3 204.3 213.9 219.8 223.9 225.2 227.5 231.4 235.9 238 239.5 239.5 237.7 236.6 236.8 238 241.1 245.9 250.8 255.2 258.4 259.7 259 257.4 253.7 249.9 246.6 244 239 235.8 244.2 248.2 252.7 258.2 268.8 282.4 295.6 307 316.4 324 327.9 326.5 330.6 336.5 343.4 351 351.8 347.7 352 358.8 366 369.2 365.4 352.4 339.4 328 314.8 301.5 288.7 288.6 295.6 294.9 291.2 284.4
187.4 185 174.6 163.5 155.6 152.8 153.5 153.3 154.2 155.1 157.5 165.1 170.2 183.7 190.5 192.7 197 212.2 230.4 236.7 235.8 233.6 236.5 237 238.1 237.9 238 236.2 234.5 233.5 234.5 238.6 245 251.1 255.3 259 260.8 260.6 258.1 254.2 251.4 249 246.7 244.1 239.8 242.4 246.2 248.8 252.7 259 269.1 281.4 292.5 301.9 306.7 307.7 307.2 310.9 317.6 322.4 323.5 333.8 346.7 356.5 362.9 368 372.7 369.4 360.5 348.2 335 321.2 305.5 298.6 300 307.6 311.9 312.3 304.7
190.8 186.6 174.3 163.8 158.2 156.4 154.9 153.5 153.8 154.1 153.8 157.5 159.3 164.1 171.6 176.6 181.1 190.8 202.3 210.8 212.9 213.5 214.9 216.5 218.8 220.2 222.5 223.4 225.4 226.1 229.3 232.2 236.4 244.8 250.9 254.9 259.3 260.8 258.5 254.9 251.9 249.6 247.5 244.9 243.2 241.2 242.4 246.1 248 251 257.6 267 278.1 283.2 288.2 292.4 296.1 300.4 305 316.6 329.4 343 354.5 365.1 374 381.3 383.7 379.2 367.6 357.4 341.4 327.4 309.6 306.6 312.2 323.5 330.9 332.8 325.7
181 177.5 170.9 165.4 164.4 161 158.1 156.2 155.7 157.7 158.6 157.3 156.2 154.5 157.2 162.9 166.7 170.3 173.7 178.7 182.5 184.6 187 189.4 193.6 197.2 201.2 207 210.3 213.8 216.5 222.4 226.2 232.2 238 244.5 248.9 250.3 250.9 251.9 251.9 250.3 248.3 245.6 244.1 243.4 244.1 245.5 248.6 251.5 254.6 261.5 270.1 276.7 280 284 287.7 298 310.4 321.9 332.8 346.6 359.6 370.7 379.9 387.6 390.3 383.9 370 358.1 346.9 332.1 314.4 312.6 324.3 339.2 348.5 350.6 343.2
176 174.2 171.7 170.3 168.7 164.9 160.6 158.8 160.5 164 164.8 163.3 160.3 157.3 153.8 153.5 156 155.6 155.8 157.9 160.6 163.2 164.6 167.8 173.1 178.1 184.8 190.6 194.2 199.2 203.5 207.9 213.1 218.8 224.1 230.4 235.8 239.1 242.6 245.5 247.7 249.4 249.2 246.7 245.4 246.3 246.3 247.9 250 252.8 255 260.9 265 269.3 275.4 280.2 286.8 297.9 310 324.1 335.8 345.5 358.9 369.8 379.3 387.3 390.3 383.5 371.2 361.5 351.6 336.9 321.5 319.9 334.9 352 362.9 363 351.9
180 179.7 176.1 173.7 171.1 167.9 164.8 162.6 163.6 165.6 166.7 163.7 160.4 156 150.4 146.8 146.1 146.8 147.8 148.8 151 152.9 154.2 156.3 160.4 165.2 170.5 177.3 183.9 188.3 192.6 195.5 201.1 205.4 210.5 221.8 227.7 232.4 236.8 240.6 244 245.9 247.1 247.4 248.1 250 249.3 250.1 252.3 254 259 261.9 264.8 270.7 275 279.7 284.8 292.8 302.3 317.4 332 344.3 353.6 363.1 371.7 378.8 379.7 377.4 373.1 365.8 356.8 344 333.4 333.6 346.1 359.8 373.6 372.4 350.8
185.3 186.1 180.8 177.9 174.6 174.4 173.2 168.3 166.1 165.1 162.8 160 157 151.1 145.6 141.9 141.7 143.4 142.6 143.6 145.3 146.5 147.9 150.4 153.9 158.3 163.6 170.1 175.7 180 184.1 187.7 190.8 195.3 200.7 208.2 219.5 226.3 231.1 236.4 240.4 241 243.3 246.7 249.3 252.3 252.5 253.8 255.8 256.5 259.1 263.5 267.1 270.5 275.5 280.6 285.2 290.6 297 305.6 321.7 335.4 347.1 355.8 361.3 365.9 370.4 373.8 372.8 368.2 363.4 354.5 348 348.7 361 373 378.9 373.3 347.7
186.5 187.9 185.1 181.5 179.6 179.8 178.5 174.4 169.7 165.2 160.7 157 153.7 148 142.7 140.5 140.6 140.8 140 139.7 141 142.3 144 146.8 150.9 154.9 160.9 165.9 170.7 174 177.6 181.4 185.9 190.4 194.7 201.6 208.6 217 223.3 229.4 232.8 236.3 241.1 246.4 250.1 253.3 255.7 257.9 259.5 261.3 262.2 264 268.1 271.8 275.7 280.8 285.7 292.4 298.8 306.4 319.1 332.9 345 353.4 360.1 365.4 366.9 369.5 369.6 370.7 370.6 368.6 368.7 364.7 370.8 378.5 386.4 380.9 348.8
189.3 190.6 189.8 186.8 184.6 186.1 186.2 184.3 182.6 174.6 168 162 156.7 150.8 143.2 140.4 140.7 139.8 138.5 137.6 137.9 139.7 141.5 145.3 149.1 153.2 158.2 162.4 166.7 170.6 174.7 178.6 182.7 187.1 192 198.4 204.4 210.2 217.4 223.6 229.3 232.9 239.1 246 249.7 253.2 257.2 260.6 263.7 266.2 269 270.7 271.7 275.2 278 281.9 286.2 291.6 299 307.3 322.5 335 348.4 355.9 365.2 372.4 374.1 373 373 375.6 378.2 373.9 374.7 375.1 383 388.9 390.6 383.5 350
194.7 194 194.9 193.4 190.8 191.9 193.9 195.5 197.1 191.6 176.4 166.6 159.4 152.9 146.4 141.6 139.8 137.9 137.6 137.2 137.7 138.4 139.8 143.8 147.8 151.6 155.5 159.5 163.6 167.3 171.5 175.5 179.7 184.2 188.4 194.8 201 208.7 215.9 221.3 225.7 230.7 236.6 243.6 247.5 250.6 257.4 262.1 265.9 269.9 272.6 274.1 276 278.9 281.9 285.1 289.2 292.4 296.8 305.8 321.7 334.7 346.6 357.7 367.2 375.9 385.9 389.3 390.5 389.9 390.3 387.9 383.2 384.1 389.8 397.5 400.4 391.7 353
199.1 196.7 199.4 198.8 197.7 195 195.1 194.3 196.4 195.6 184.1 171.7 161.8 154.6 148.4 142.1 138.9 138.5 137.9 137.5 137.1 137.5 138.4 141.7 146 149.4 153.2 157.1 161 163.2 167.8 172.4 177.6 180.9 185.6 192 201 208.6 214.7 216.9 219.4 227.5 232.8 238.7 246.3 252.9 257.3 260.7 266.3 269.9 274.5 277 279.5 283.2 287.5 291.4 292.7 295.5 299.1 305 322.2 335.2 347.1 357.4 368.2 381.8 396.1 403.6 407.3 408.8 407.9 402.9 394.9 387.3 392.6 397 403.3 392.1 357.3
203.6 203.5 203 202.1 200.5 197 195.7 194.7 192.9 191.7 184 174.4 164.7 159.6 155 146.3 140.4 140 138.9 138.3 137.5 136.9 137.3 140 143.9 147.2 150 154.4 156.8 160 165.5 170.4 175 178.5 182.3 189.1 197.1 203.8 208.8 211 219.9 224.5 232.6 240.6 247.8 254.6 259.6 264.4 269 269 275.4 280.1 284.6 289.1 298.8 307 307.6 307.5 305.1 310 323.2 336.6 347 356.3 370.3 381.5 392.3 402.6 407.4 408.5 407.5 408.7 405.7 397.4 392.6 397.3 404.7 394.8 359.8
204.6 202.5 204 203.7 203.1 200.5 198.2 197 194.2 192.6 186.7 176.4 168.2 163.6 159.8 153.4 144.8 141.4 140.2 139 138.2 136.2 136.5 138.3 141.9 144 146.8 151.1 153.1 156.7 162.4 168.3 170.1 173.7 179.8 184.2 187.9 197.4 207.1 212.6 216.4 222.5 231.6 241 248 255.8 260.9 266.6 272.1 274.8 277.5 282.9 288.2 293.7 305.6 315.9 324 325.8 324.7 321.6 326.2 336.3 345.3 354.6 368.7 379 386.7 393.1 395.3 399.8 401.2 403.7 405.4 403.9 399.4 397.1 399.9 394.5 372.6
205.3 203.6 203.7 207.1 207.9 205.9 202.9 200.6 199 197.2 195 185.2 174.2 166 163.1 158.4 150.9 143.5 141.5 139.8 138.4 136.4 136.2 137.6 139 140 144.1 147.7 149.9 154.1 160.6 163.6 165.7 169.6 175.4 182.4 188.6 196 202.5 209.1 214.2 220.2 227.7 235.4 246.2 254.2 259.3 265.3 273.6 279.3 283.3 287 294 296.2 307.4 318.5 327.2 333.2 336.2 338 337.1 338.2 343.1 350.4 360.8 369.1 374.9 380.3 381.8 383.4 386.3 390.2 395.2 400 401.9 396.8 395.8 394.4 370
209.4 206.8 207.9 211.5 212.2 211.4 206.8 204.3 202.7 200.7 198.9 191.5 180.7 170 165.7 159.9 153.4 146.4 145.9 143.6 139.6 137.2 136.3 135.9 136.1 138.1 142.7 144.1 145.6 148.7 153.8 156 160.2 167 173.5 181.6 187.8 193.5 199 206.6 213.5 219.3 226.2 233.1 242.5 250.6 258.3 265.7 275.7 283.9 290.1 293.6 298.6 306 308.6 317.3 327.4 334.1 339 343.2 345.3 345.4 344.8 348.5 353.9 357.6 360.8 364.9 367.3 369.3 371.1 375.3 382.5 390.2 397.2 393.3 386.2 379.2 358.3
212.6 213.1 212.8 214.7 216.2 217.4 215.1 211.2 206.6 203.9 201.3 196.1 185.9 174.8 167.9 163.5 155.1 149.4 149.7 146.3 141.5 138.4 138.1 138.5 136.3 135.5 138.8 140.8 142.3 144.6 147.1 154.2 158.7 164.2 170.6 179.3 186.1 191.9 198.2 203.8 210.7 218.9 225.9 232.6 239.1 249.2 257.2 265 277.5 291.3 296.5 299.8 304.4 308.7 316.2 319.6 324.9 336.1 342.4 347.5 351.4 350.7 348.6 348.9 351.2 352.3 352.1 352.5 352.3 354.9 359.2 364.3 371 380.2 389.4 386.6 376.6 367.3 340.2
218.8 218.4 218.4 219 219.5 220 219.5 214.1 210.7 207.9 201.4 195.6 187.9 179.8 170.5 165.1 158.3 154.7 152.2 148.3 144.1 142.3 145.9 149.6 144.4 135.9 135.2 138.7 140.3 142.2 146.5 151.8 156.1 161.9 167.5 174.8 181.5 187 193.9 202.4 210.6 217 225.1 231.6 239.7 248.5 256.9 265.6 276.3 287.5 296.6 305.1 309.5 313.7 318.3 326.2 330.7 330.7 340.9 346.6 350 350.3 350.2 349.6 348.5 345.7 343.8 341.7 343.4 346.6 352.7 360.6 364.2 370.7 377.6 377 377.8 372.1 341.4
222.7 221.6 222.3 221.8 220.6 220 217.5 214.9 211.9 208.1 200.2 193.6 187.8 182.3 174.1 166.7 162.8 157.4 153.6 149.8 146.9 146.3 149.6 148.4 144.5 138.2 133.9 135.9 138.5 139.7 143.8 148 153.1 158.9 163.9 171.2 176.8 183.5 191 199.1 206.5 214 223.1 232.2 241.9 251.5 260.3 269.5 277.1 286.8 297 307.5 315.2 320.9 321.1 325.4 332.5 338.1 336.8 338.8 341.4 343 345 345.8 344.4 340.4 336.2 336.3 338.8 341.7 347.1 358.8 366.1 368.6 373.2 379.5 387.2 369.9 334.9
