data/310000-780000.asc
ncols 200
nrows 200
xllcorner 310000
yllcorner 780000
cellsize 50
[rows 140 to 174 of 200, columns 0 to 77 of 200]
844.1 836.3 817 788.5 755.5 722.7 690.2 663.2 640.8 624.4 611.4 605.5 612.8 624.3 642.1 654.1 663.8 676.2 687.1 691.7 712.8 736.2 757 775 791 806.8 822.4 835.6 846 850.7 849.7 844.2 834.6 822.5 805.3 778.6 754.1 736.3 719.5 703.3 686.7 670.7 655 638.6 622.5 608.1 593.9 579.5 563.6 545.7 534.3 524.3 517.5 512.6 506.6 503.8 497.6 480.8 465.5 453 446.9 439.6 431.3 425.1 422 426.2 427.4 437.8 449.6 457.4 461.5 445.5 430.1 424.3 419.7 418.7 421.1 418.6
841.9 835.1 816.3 786.9 753.1 720.1 688.5 665 645.4 630 615.6 611.9 618.6 624 630.1 635.6 643.5 654.4 661.1 682.8 710.6 733.1 753.2 770.6 787.1 803.5 819.5 833.9 844.1 848.4 847.4 842.9 833.4 819.3 792.5 765 742 724.4 709.1 692.5 675.2 659.3 643.4 625.5 608.3 593.6 581.5 576.7 571.8 565.3 554.7 544 532.8 519.2 503.3 486.1 469.7 460.2 451.7 446.1 439.7 433.1 426.1 423.4 427.2 428.1 436.1 452.9 469.6 468.5 463.6 446.6 433.6 425.4 418.1 420.1 421.9 420.8
838.7 831.5 805.3 773.5 744.4 717.2 694 672.7 652.8 635.2 620.4 618.7 626.9 635.9 647.2 653.6 656.4 656.8 667.6 686.7 709.1 730.4 749.3 765.4 782.5 800.1 816.7 831.6 840.7 845.9 846.6 842.3 833.4 812.6 780.5 754.9 735.2 718.2 701.6 686 667.9 649.1 632 620.2 612.8 607.6 600.9 594.7 589.8 581 570.8 561.6 550.5 539.7 518.9 493.6 472.4 452.7 446.3 439.8 434 426.8 423.5 428.1 429.5 433.3 448.7 472.7 484.9 475.5 465.2 445.9 434.3 426.9 420 421.7 422.9 423
834.1 829.6 809.8 782.1 757.9 730.5 704.7 681.6 660.2 641.7 626.5 626.1 636.8 651.5 663.1 673 676.4 676.7 670 689.2 708.1 727.6 743.8 759.7 778 795.7 812.8 828.1 838.6 844.6 847.5 845.4 835.1 804.9 777 754.2 733.7 717 701.3 688 673.7 659.7 646.5 637.1 631 625.3 618.5 611.7 603.3 594 585.2 574.4 562.8 537.7 509 482.9 464.5 449.3 441.2 437.3 428.6 426.5 425 430 431.4 441.6 459.2 490.7 494.5 484.1 465.6 447.1 436.3 427.8 422 422.6 425.4 425.2
832.7 832.2 821.1 797 769.7 741.9 715.2 689.8 667.5 648.2 632.1 633.1 648.9 664.9 678.4 691.3 696.1 698.3 694.2 690 702.2 718.6 735.8 753.1 772.8 792.1 810.4 826.5 838.2 847.3 852.7 851.7 840.7 807.9 781.8 761.4 740 720 704.3 691.6 679.9 668.7 659.6 654.8 648.2 640.8 633.5 625.8 616.9 606.9 597.9 584.8 558 524.4 499 478.1 458.8 443.8 436.8 434.3 426.8 427 434.4 432.4 434 449.8 468.7 492.5 496.7 484.4 466.1 449.6 437.7 431 424.1 423.6 427.9 427.3
832 835.1 825.9 806.1 779 748.4 720.1 695.3 673.8 654.8 638.2 642.2 660.9 677 693.6 708.4 716.4 719.3 717.6 714.3 716.5 728 740.7 755.9 772.7 791.8 812.7 828.3 841.7 851.3 858.3 858.9 851.2 823.2 796.1 773.3 750.6 725.9 708.9 698.9 688.5 682.2 676.1 670.3 663.2 656.5 649.9 642.9 636.7 623.8 610.6 583.2 546.5 518.6 496.6 474.6 456 441.3 433.3 429.4 428.2 427.9 438.6 436.2 437.9 457.6 474.9 492.5 497.5 483.7 466.9 448.5 437.3 432.1 427.2 423.9 429.8 431.4
832.5 836.4 828.3 807.8 781.9 750.1 723.9 700.5 680.5 661 640 652.4 671.1 690.2 708.1 723 734.1 739 739.7 735.9 735 740.7 756 773.2 789.3 805.9 820.4 836.8 850.3 859.9 867.1 866.9 860.9 836.1 804.9 781.3 756.3 732 718.2 707.2 700.9 699.9 694.4 688.5 683.7 677.8 673.2 667.3 659.4 641.2 615.6 574.8 544.1 520 497.6 475.3 455.7 441.5 431.6 427.8 428.3 432.7 437.4 437.8 444.1 463 479.1 493.6 495.5 480.9 461.9 444.9 436.1 432.1 426 423.4 429.1 430.8
832.8 836.8 827.9 809.5 783.9 755.3 729.2 706 686.9 666.2 647.1 660.9 680.6 701.2 721.4 735.5 744.2 749.3 752.8 754.6 757.1 761.4 776.1 792.4 807 823.1 837.2 847.5 860 870.7 875.8 876 870 851.3 819 793.2 771.2 748.8 732.7 723.4 719.9 718.5 717.1 715.1 711.3 707.4 702.6 691.9 675.4 656.5 618.7 579.2 548.1 523.7 499.1 476.8 456.7 442.6 432.1 428.6 432.8 437.9 439.9 439.3 451.5 467.9 483.4 495.7 495 476.2 455.3 441.5 434.2 430.5 426.2 424.9 429.1 427.9
833.3 836 826.3 810.6 786 757.9 732.9 711.1 690.8 670 656.9 669.9 690.1 711.2 732.2 743.7 752.4 758.8 765.7 773.7 779.5 785.4 797.7 812.6 828.2 841.9 852.1 861.9 871.5 878.6 883.1 883.4 878.6 863.9 839.5 812.6 786 767 752.2 744.3 744.3 744.1 745 744.6 740 737.2 733.2 710.5 689.1 671.9 629.6 590.5 558.3 526.9 500.8 476.7 458 444.4 432.2 430.6 434.1 436.8 438.9 445.7 457.5 473.4 487 498 494.1 480.1 462.6 445.9 435.2 430.8 427.6 426.5 427.2 430.2
832.5 834.1 824.7 810.6 785.6 759.8 736.9 714.7 693.2 673.8 664.3 679.2 698.8 720.4 739.6 750.8 759.5 769.5 781.5 792.4 801 807.4 817 831.3 841.7 851.7 861.3 869.8 876.6 882.7 886.3 886.5 883.1 873.7 858.2 832.5 810.7 791 777.7 773 774.2 773.4 772.5 771.4 767.1 762.5 753.5 729 705.8 690.5 648.3 612.8 576.4 535 502.4 483.3 464.4 446.3 430.5 432.3 434.3 437.5 444.1 446.7 464.5 473.1 487.9 496.7 494.9 484 466.8 453.9 440.8 431.4 428.9 427.2 428.6 431.8
830.6 831.5 823.7 808.9 786.3 763.7 740.3 719.4 698.2 680.7 673.2 687.1 706.7 727.2 744.9 757.4 768.1 780.5 793.5 802.6 810.9 818.1 827.1 839.4 848.3 856.5 864.3 870.4 876.8 882.2 883.7 883.2 881.2 876.8 869.9 854.8 834.9 817.5 807.2 802.5 802.6 801.3 797.9 792.8 782.8 773.9 761.2 743.7 723.9 700.6 669.2 635.9 587.2 542.1 513.7 489.4 465.3 447.3 430.8 433.3 435.3 437 447.5 458 471.5 482.6 493.9 499.4 496.3 487.4 470.8 459.3 447.9 432.5 430.3 428.2 432.5 434
826.5 828.7 823.3 808.8 790.8 766.8 744.4 722.5 701.4 686.7 684 694.3 714.3 734.4 751.4 764.1 776.3 788.7 800.7 809.7 816.3 824.5 834.1 845.2 851.9 859.6 864.5 867.1 870.7 873.7 875.8 876.3 877.4 875.9 872.4 865 853.9 841.6 831.4 825 819.1 811 801.8 791.4 779.6 770.6 755.8 738.3 722.3 702.2 666.1 620.5 583.6 545.5 516.5 490.3 465.1 444.2 432.1 434.6 436.4 439.2 450.1 462.5 476.5 487.2 498.8 501.9 500.1 491.6 475.7 463 451.4 440.3 431 429.8 435.5 435.8
825 827.2 821.4 810 794.2 770.7 744.8 722.7 708.1 699.1 696.9 701.3 720.7 740.8 757.3 769.1 781.4 793 803.3 812.6 819.4 827.9 837.4 847.9 853.5 857.6 857.2 857.6 859.6 863.1 868 870.8 871.1 869.6 867.4 861.4 853.6 843.1 834.5 825.7 815.1 802.1 791.9 783.6 771.8 757.9 743.3 727.3 711 691.6 662.4 623.4 587.4 546.1 515.3 487.3 463.9 443.5 432.4 435.6 438.1 441 451.9 467.8 480.8 491.6 502.4 507.2 512.1 495.7 483.1 467.7 454.1 443.9 434.4 432.3 431.3 438.7
823.6 825.2 820.4 811 792.9 770 745.7 732.2 719.7 713 714.1 714.6 726.6 746.5 760.4 770.2 780.2 792.1 802.7 811.6 820.1 828.4 836.5 846.3 849.3 847.7 846.4 845.8 848.5 853.6 857.5 859.7 862.2 861.6 860 854.7 847.2 837.6 827.9 815 803.5 791.8 782.6 773.3 757.7 741.5 728.1 716 698.8 679.1 655.9 622.8 583.8 548.3 510.3 484.9 462.2 441.9 433 438.9 439 443.2 457.6 471.5 483.4 494.9 506.4 512.3 513 505.8 492.7 473.3 458.9 447.5 440 435.7 433.9 434.4
822.3 823.1 818.9 809.3 791.4 776.4 762.1 743 736.2 730.9 731.4 732.8 733.5 751.5 761.2 769 778.8 788.4 798.2 808.1 817.5 825.1 833.4 840.7 839.8 836.9 835.9 836.7 838.5 843.1 847.8 850.6 852.6 853.4 852 847.2 840 829.6 818.8 802.1 791.1 780 770.1 756.3 739.2 725.6 714.6 700.4 681.6 664.1 643.9 607.8 571.6 540.7 504 481.6 459.8 442.7 434.3 436.2 439 445.4 461.2 474.5 486.3 499.8 512.3 518.7 521.4 515 497.2 477.5 461.6 449.4 444.6 439.4 435.4 434.4
823.1 824.2 821.5 809.8 803.2 790.8 774.8 763 756.1 754.9 752.5 752.8 751.9 754 761 767.3 774.4 782 790.4 800.6 810 818.3 826.1 831.8 831 829.5 827.7 827 827.7 832.1 837.8 842.2 844.4 844.8 842.4 836.5 826.8 815.1 803.9 789.9 777.1 766 751.4 739.9 723.4 708.4 696.7 680.3 663.5 647.3 624.6 591.7 560.5 529.3 500.5 477.9 456.2 442.1 438 435.8 435.6 446.3 463.8 478.4 494.3 508.8 517.6 528 528.8 521.1 501.2 481.8 465.7 454.3 446.6 441.9 436.6 435.4
827.1 825.8 821 818.6 814.2 804.3 792.9 787.1 780.6 772 766.6 763.3 760.5 759.4 760.3 763.6 769 775.8 782.4 791.1 799.5 807.2 815 821.6 823 819.8 815.2 812.3 813.5 821.5 828.6 833.4 834.6 833.9 830 820.7 807.7 794.3 785 775.6 759.1 744.9 734.6 722.6 706 690.3 677.5 665.7 655.3 639.5 608.7 578.1 550.5 521.4 496.2 472.1 451.9 443.4 439 437.7 434.6 447.6 465.1 482.2 498.9 513.5 528.5 536.8 536.2 526 507.4 490 474.2 461.7 452.6 446.1 440.1 437.5
829.3 827.8 827.9 826.4 824.2 819.8 812.4 804.9 793.9 783.1 775.6 770.9 765.4 761.9 758.7 757 762.1 767.7 771.6 779.6 786.3 793.8 803 810.7 811.8 806.7 802.1 797.2 800.6 809.4 819.1 822.5 821.3 818.5 812.1 799 783.8 773 766.8 755.4 741.2 728.4 717.7 701.3 683.9 674.3 666 656.9 645.6 629.3 597.6 565.7 540.5 514 489.4 468.1 450.6 441.1 438.4 437 436.2 449.5 467.7 487.1 504 520.1 535.3 543.1 539.6 527.6 514.1 498 483 469.4 459.1 452.1 445.3 439.4
831.8 832.9 833.1 833.1 832.4 831.2 824.8 816.2 803.9 792.3 783.2 774.9 768.6 763.7 759.4 752.8 753.3 757 760.5 765.8 772.4 780.4 790.1 799.2 800.5 795.4 789.6 781.7 787.7 796.9 804.4 807 803.2 797.9 790 777.5 762.8 754.3 746.5 737.9 725.7 709.9 699.9 681.3 674.2 666.1 657.9 646.1 632.9 615.5 586.8 554.3 529 505.3 481.9 459 446.5 441.2 439 437 437.8 452 472.4 492.1 509 525.3 542.9 550.6 545.6 535.7 521.3 506 492.1 476.9 465.2 458.1 451.8 448.9
834.7 836.2 838 838.9 839.7 839 833.6 823 810.6 799.3 789.2 780.1 772.9 765.4 759.1 752.4 743.9 745.2 748.8 752.3 758.6 766 777.4 786.7 788.4 785.4 778.6 767.4 770.9 781.7 787.5 788.3 783.8 775.9 765.8 753.1 743.8 733.4 726.4 720.4 705.9 694.9 683.6 671 665.6 658 649.8 634 616.4 596.9 569.2 541.3 516.4 492.4 470.4 453.1 442.2 440.7 438.2 436.7 440.8 458.8 478.6 497.6 513.1 533.7 551.6 557.4 555.1 545.6 529.4 513.7 499.2 485.3 473.8 464.7 458.8 453.2
837.2 839.6 842.3 845 846.3 845 838.4 827.6 815.8 804.6 794.5 786.7 778.8 770.5 760.8 752.3 741.8 732 733.7 736.9 744.6 752.4 762.6 772 775.9 774.1 766.7 756.7 752.7 763.4 767.8 766.9 767.3 755.1 743.7 730.2 723.2 711.9 702.6 697.1 685.3 681.3 670.8 662.1 658 650.8 639.8 620.4 598.8 573.9 550 527.3 503.7 483.6 461 447.8 440.2 439.4 437.2 436.4 446.7 468.5 486.3 502.5 520.7 541.7 557.7 566.4 567 558.1 540.6 524 509.8 495.7 483.9 473.2 464.5 457.9
838.1 841.9 846.6 849.3 851 848 839.9 829.6 818.4 807.4 798.7 790.9 783.2 775.4 764.9 753.1 740.9 728.1 719.5 724.7 729.4 735 745.3 755.7 760 761 755.3 746.4 732.6 741.2 746.5 746.8 743.5 736.6 723.4 711 703.6 693.5 681.4 671.8 667.7 664.6 657.7 652.4 650 642.7 626.2 602.3 579.1 553.8 535.3 515 495.8 474.6 455 444.9 440.4 438.3 437 438.7 451.1 473.1 492.1 508 527.4 549.3 565.7 576.2 576.5 570.9 550.4 533.7 520.8 508.4 496.5 484.2 472.9 463
838.2 843 848.2 853.1 854.1 848.4 840.3 831.1 820.4 810.8 802.2 793.7 786.9 779.3 769.5 757.7 743.6 730.7 717.7 711.1 713.1 716.8 725.1 732.4 738.7 742.5 741.7 735 720.1 716.5 720.3 724.5 721 713.1 700.3 689.6 681.7 671.6 660 652.7 647.8 645.2 642.2 641.3 639.3 629.8 609.8 583.8 561.3 541.6 523 505.3 483.6 463.9 450.5 443.6 440.7 437.3 438 442.9 457.9 479.6 497.4 513.6 533.8 556.8 573.9 585 586.6 583.5 565.3 545.8 531.5 521.5 509 496.2 483.9 473.4
837.2 844.1 850.3 854.9 854.4 847.2 839 828.9 818.1 809.7 802.6 795.8 788.7 780.4 772.3 763 750 736.7 722.8 705.9 699 699.1 701.3 708 715.2 720.9 722.5 717.4 706.6 688.3 693.5 698.6 695.8 686.6 672.6 668.3 658.6 647.1 638.6 637 633.1 631 630 630.1 626.1 616.1 590.8 568.4 547.1 529.1 510.6 490.3 473.6 456 446.8 443 437.6 438.2 438.8 448.7 469 485.5 502 518.8 541.9 565.1 581.5 592.8 597.5 594.6 578.2 559.8 547 536.8 524.3 510.8 496 483.2
836 844.2 851.1 855.4 852.6 844.5 835.2 824.2 814.5 807.4 800.6 794.3 787.6 780.6 773.8 767.5 759.6 747.7 732.7 718.3 702.9 686.9 681.5 683.9 691.3 697.5 698.9 694.8 686.2 674.6 666.1 673 670.7 657.9 650.6 646.8 640.2 630 626.9 623.2 620.9 619.8 618.2 615.6 610 599.3 577.9 555.5 536.4 516.8 496.8 479.3 460.7 446.8 440.3 438.9 438 438.9 444 456.8 477.4 491.8 507.5 525.3 548.5 570 587.2 600.9 608 606.3 593.4 576.6 566.4 553.5 540.4 524.9 509 494.2
834.9 844.4 851.4 853.5 848.5 838.7 828.4 817.4 809.5 802.9 797.3 791.4 784.5 777.9 772.9 767.4 761.9 755.1 745.1 731.6 717.7 703.4 688 669.9 665 673.1 676.5 672.3 663.4 655.1 642.3 649.9 645.6 636.1 634.5 630.1 624.9 616 614.1 612.2 608.9 606.1 604.6 602.4 597.5 588.4 563.2 544.5 524.5 504.1 485.9 466.4 448.4 440.7 438.7 438.7 439 442.4 452.2 469.3 484.3 498.3 513.7 533.9 555.2 575.3 592 606 616.1 618.4 609.8 600.7 586.8 572.6 557.6 537.2 520.1 506.8
837.4 846 850.9 849.4 843.1 832.2 821.1 810.1 802.9 795.8 789.8 783.2 777 772.1 767.9 761.9 756.8 752.4 747.4 739.7 729.3 714.1 696.2 678 656.8 648.1 650.4 646.8 640.8 635.1 628.2 628.1 622.6 621.2 617.3 613.3 607 605.8 603.1 601 598.9 595.3 593.5 592 587.4 575 555 534.4 509.8 492.3 472 454.8 441.3 440 438.9 439.7 440.2 444.7 460.5 477.1 491.8 504.8 520.4 540.6 559.9 578.1 594.1 610.1 623 629.5 628.8 621 606.1 593.6 575.5 556.7 538.8 525.7
840 845.8 846.8 842.6 834.5 822.8 813.1 802.3 792 783.7 777.2 771.5 765.1 760.1 756.6 750.4 743.9 739.6 735.7 733.2 725.3 713.4 697.2 676.5 657.5 641 626 623.5 621.6 620 614.6 610.4 608.8 605.2 602.6 599.1 598.3 595.4 594.6 592.5 590.1 586.3 584.5 582.7 578.1 566.3 547.1 523.8 500.5 479.1 458.2 443.5 441.5 440.4 440.5 440.8 445 449.6 467 485.4 498.5 510.8 528.1 545.2 563.5 581 597.2 614.5 629.3 640.2 644.4 639.8 629.5 613.2 599.3 581.2 560.5 539.7
840.5 843.5 840 834.1 825.5 813.4 802 790.5 779.2 771.4 762.1 756.6 749.9 743.9 740 733.3 726 721.5 718.4 715.9 710.7 701.3 682.3 664 649.6 637.3 626.9 615.2 606.3 605.4 601.6 595.7 595.7 592.5 588.8 589.6 588 586.8 585.7 584 582.1 579.2 576.9 574.5 570.3 561.3 541.2 516.7 490.3 468.2 449.1 442.2 441.2 441.6 441.7 445.4 451.4 461.1 476.5 490.1 504.3 517.8 533.5 550 567 584.2 602 619.7 635.6 650.1 659.2 657.8 647.2 631 615.4 599.1 575.2 549.9
840.8 839.4 834.1 824.6 812.8 799.4 788.4 777.1 767 757.3 748.6 740.8 733.5 727.1 719.6 713.7 707.1 700.9 697.9 695.6 687.8 676.4 660.5 649.7 640.5 630.6 621 610.2 599.6 590.7 590 584.5 584.1 581.2 579.9 579.7 577.9 578 576.7 575.7 574.8 574.2 572 568.8 560.5 548.2 528.9 501.3 477.2 457.7 442.8 443.1 442.7 442.2 444.1 449.2 458.3 472 483.4 496.6 510.3 525.4 539.9 554.6 570.5 588.5 606.8 626.3 644.3 662.5 672.1 669.6 656.3 640.6 624.6 605.2 580.1 554.4
837.6 835 828.1 815.7 800.3 786.6 773.9 764.7 754.5 744 734.8 725.1 717 710.3 702.8 694.5 688.9 685.6 679.1 672.2 665.6 656.7 648.1 639.5 630.1 621.1 611.3 601.6 593.4 586.4 577.4 575 573.1 571.6 570.9 568.8 569.3 568 566.8 567.2 569.7 570.6 569.6 564.1 551.9 536.7 514.2 490.6 472.6 453.8 443.4 443.9 443.3 443.2 447.2 453.9 467.7 480.1 490.3 504.9 517.8 532.5 546.1 559.6 577.2 594.4 614.2 636.2 656.4 672.6 679.4 671.3 654.7 637 619 596.8 576.1 553.1
833.1 828.1 818.4 804 787.3 773.6 761.9 752.5 742.1 731.5 721.2 710.7 703.8 697.1 688.8 683 678.3 670.1 660.8 654.1 646.3 640.1 633.4 624.3 615.8 604.9 597.7 590.5 583.7 578.2 572.4 565.4 565.1 566.3 564.3 562.6 562.5 559.8 556.9 557.7 560.6 564.2 562.7 554.3 541 522.7 501.3 483.6 467.1 449.5 444.1 445.2 444.6 444 451.4 462.8 475.5 487 499.1 512.8 524.5 538.2 551.8 567.6 584.2 603.3 626.3 648.5 668.6 679.4 683.2 672.5 653.8 634.9 613.6 592.1 571 551
826.7 819.4 808.3 789.9 775.7 763.1 752.5 740.8 729.8 720.7 711.9 702 694 686.2 677.8 671.8 665.3 654.3 644.7 638 630.8 624 614.4 606.5 601.4 593.9 587.3 579.9 575.1 570.6 565.2 560.3 558.5 556.6 556.3 554.7 553.3 551.4 548.8 549.1 550.4 551.4 549.2 540.9 525.3 509.8 489.8 477.1 456.9 445.6 445.7 445.8 445.8 450.5 457.9 470.3 482.4 494.8 507.7 519.9 531.5 543.9 557.6 573.9 596.1 619 640.7 660.9 678.2 690 689.9 676.5 656.7 635.5 614.6 594.9 571.4 552.6
821.8 811.1 796.3 780 766.9 753.9 741 729.4 720.5 711.1 703.9 694.6 686.3 676.9 670.2 663.9 653.1 646.7 643.7 637.5 629.7 621.9 614.5 607.9 599 594.3 587 579.5 572.5 564.5 562.4 557.9 552.7 543.4 541.1 538.7 540.6 539.9 538.9 538.1 538.3 537.7 535.2 526.2 513.6 494.8 478.7 463.6 447.9 447.1 446.6 446.9 449.6 458.2 467 480.8 490.2 503.5 515.7 526.6 538.3 551.3 565.8 586.1 611 634.9 655.7 674.7 693.4 704.2 702.1 684.9 661.6 640.3 618.6 598.7 573.9 555
817.3 801.8 785.9 773.4 760.1 747.1 735 725.4 716.3 714.1 707.9 700.4 693 686.1 680.8 674.4 668.7 661.6 653.9 644.2 635.7 626.6 618.1 612.2 605.5 597.7 589.1 580.8 576.9 576.4 571.7 566.5 557.6 550.8 544.2 537.6 529 525 519.7 521.1 523.4 524.2 521 512.3 499.5 481.8 464.3 448.4 449.4 448.7 448.9 451.8 457.7 466.8 479.1 489.3 499.2 511.5 523.3 534.2 546.1 560.2 577.1 600.3 626.1 650.6 674.3 695.9 714.5 722.6 719.1 697.9 671.3 647.6 624.7 600.7 573.4 550.7
