data/310000-630000.asc
ncols 200
nrows 200
xllcorner 310000
yllcorner 630000
cellsize 50
[rows 105 to 139 of 200, columns 0 to 77 of 200]
332.6 345.5 355.5 361.4 362.2 359.1 354 346.9 341.4 337.7 334.1 331.8 329.7 326.2 318.8 308.8 301.3 296.5 293.2 281.1 262.6 247.7 231.7 223.1 216.6 211.7 208.3 205.7 203.1 201 199.3 196.3 196.3 196.6 196.5 195.8 195.1 194.6 194.1 193.7 193.3 192.8 192.4 192.1 192 191.6 191 193 193.8 193.6 192.5 190.7 190.1 190.2 191 193.1 193.5 190.4 189.1 188.4 188.1 188.6 188.6 188.9 189.1 189.6 189.4 189.1 188.8 188.5 188.2 187.9 187.8 187.6 187.5 187.3 187.1 186.9
332.5 345.4 354.7 360.1 361.4 359.4 354.7 349.4 343 339.3 335.2 331.6 328.7 324 315.9 305.9 294.8 287 281.8 269.3 253.6 238.2 226 219.2 213.3 209.1 206.2 204.2 201.7 199.4 198.4 196.8 197.5 198 197.8 196.4 195.2 195.4 194.5 194.1 193.7 194 194.1 193.4 191.8 192.7 190.3 194.3 194.6 194.9 193.4 191.1 190 189.9 191 193.5 189.1 189.7 190 189.5 188.7 188.8 189 189.3 189.5 188.1 189.5 189.2 189 188.7 188.4 188.1 188.2 188 187.9 187.6 187.3 187.1
332.3 344.8 354.6 360.8 362.3 359 353.7 347.9 341.1 334.5 329.4 325.4 321.8 318.9 311.4 301.1 286.6 274.5 266.8 254.3 240.8 229.3 221.7 216.2 211.9 207.7 204.3 202.2 199.8 198.4 198 198.4 198.3 198.8 198.8 197.2 197.1 197.5 196.4 195.4 195.3 196 196 195.1 189.6 189.6 193.5 195.8 196.4 196.2 195.4 195.6 190 189.7 189.7 188.9 189.1 189.8 190.5 190.8 190 189.5 189.4 189.5 189.8 188.4 189.7 189.4 189.1 189.1 188.9 188.9 189.1 189.2 189.1 188.8 188.2 188.8
333.6 345.5 354.4 359.3 359.8 355.7 350.3 343 334.5 325.7 318.4 314.7 311.7 308.2 304.6 293 276.7 264.5 251.4 239.9 230.7 223.5 217.7 213.8 210.4 206.1 203.2 200.8 198.7 199 199.3 199.9 199.5 198.8 199.4 198.1 198.4 198.4 197.4 196.7 196.5 197.2 197.6 196 193.6 189.6 189.6 196.5 197.9 197.2 196.5 197 190 189 188.8 188.8 189.1 189.6 190.1 190.8 191.1 191.3 191.1 190.7 190.4 189.1 189.8 189.5 189.7 190.1 190.3 190.2 190.1 190.2 190.3 190 190.9 193.9
334.6 343.9 351.7 356.1 355.6 351.6 346.1 338.8 329.4 319.2 306.2 300.7 300.5 296.3 292.4 281.5 268.5 255.7 240.9 232.6 225.8 219.1 213.4 210.8 207.5 204.3 202.1 200 199.7 199.5 200.2 200.7 200.6 200.1 199.9 198.9 199.9 200.6 200.3 198 197.8 198 197.4 196.5 195.4 194.4 194.5 196.9 197.5 197 196.2 197 194.5 189.5 189 188.8 189.3 189.5 189.6 190.6 191.6 194.4 195.5 192.5 190.8 189.4 189.5 190.1 190.8 191.2 191.4 191.9 191.7 191.6 191.6 193 197.2 199.9
334.5 342.1 347.4 350.3 351 348.5 343.8 336.4 327.2 315.3 302.5 291.6 285.4 282.8 277.1 269.3 257.9 244.4 234.5 226.8 221.9 215.8 210.8 207.5 205.1 203.5 201.4 200.5 200.2 200 200.8 200.9 200.4 200.5 200.1 204.6 206.5 207.7 208.7 206.6 203.5 201.4 199.8 197.7 197.2 196.7 196.9 197.5 197.1 196.6 195.8 195.9 191.7 190.1 190 189.8 190.5 190.3 189.9 190.6 192.9 196.9 199.2 195.4 190.3 189.8 189.3 190.5 191.7 192.1 192.5 193.2 193.6 193.8 193.6 197.4 201.6 205.2
330.1 337.1 342.2 343.4 344.2 342.2 339.2 333.1 324 313.1 302.2 290.6 278.6 271.4 264.8 257.3 247.8 238 230.4 224.7 218.7 213.5 208.6 205.4 203.8 202.5 201.2 201 201.1 200.9 201.4 201.1 200.4 199.7 204.2 209.4 212 213.5 213.9 214.2 213 211.8 208.9 204.3 199.1 198.6 198.1 197.6 194.6 193.6 192 190.1 188.9 189.1 189.8 190.5 190.2 190.4 190.6 190.8 191.6 195.8 196.1 191.8 189.7 189.6 190.1 190.8 192 193 193.8 194.4 195 195.4 197 201.2 205.5 207.9
324.3 329.3 332.9 334.3 334.9 335.3 334.3 328.7 321.3 311.6 300.8 289 277.3 265.2 256.3 247.2 240.2 233.3 227.7 222.2 216.1 211.9 207.6 204 202.3 201.8 201.4 201.4 202.6 202.3 201.8 201.9 202.3 204.3 208.5 214.3 219 220.9 221.2 222.2 222.2 219 214.7 210.7 203.4 200.1 199.4 198.9 196.8 195.4 194.5 192.8 192.2 189 188.8 189.3 189.7 190 190.4 190.3 189.9 191.1 191.3 189.8 189.9 189.8 190 193.9 200.2 201.7 195.2 196.5 196.7 197.6 200.7 203.9 208.3 211.5
317 319.8 321 322.3 324 326.6 328.8 326.3 318.7 309.1 297.2 284.6 272 261.6 252.4 242.8 235.4 230.1 224.6 219.5 215.4 211.4 207 202.7 202.2 202 202.3 203.4 204.5 203.7 203.8 204.1 205.6 209 215.2 221.8 228.7 229.6 230.2 230.5 231.8 228.3 223 217.2 208.3 203.3 201.4 200.5 200 198.9 197.8 196.5 196.8 193.3 188.4 188.9 189.8 189.7 189.9 189.8 190.2 190.8 190.2 189.9 190.3 189.9 189.8 198 201.7 203.1 196.9 198 198.3 199.2 203.7 207.3 211.9 219
306.1 307.4 308.6 308.9 310.2 312.6 315.7 319.1 315.1 305 292.4 280.7 269.7 259.3 249 239.3 233.9 228.5 222.8 219.1 215.2 211.3 206.4 203.1 202.3 201.6 204.8 205 205.3 205.4 205.8 206.2 210.1 215.5 223.2 230.7 237.6 241.3 241.9 240.2 241.3 240.4 233.7 227.1 217.8 209.9 205.3 204.6 204.5 203.2 201.2 200.2 199.7 196.6 188.4 189.1 190.3 190.3 190 190.2 190.5 190.7 190.5 190.4 190.1 189.9 198.1 200.8 202 204.1 202.6 198.8 199.6 201.2 205.6 210.2 219.3 231
297.9 296.2 294.5 294.5 295.7 297.9 302.4 307.1 307 300.1 288.8 276.8 267.3 258 247.4 237.8 232.1 226.6 221.9 218.5 215.5 211.7 204.3 203.6 202.6 205.7 206.1 206.1 206.3 206.7 207.2 209.8 218 224.6 232.1 241.9 248.3 252.2 253 252.6 253.7 254 248.6 236.9 228 218.5 212.3 210.5 208.6 207.5 206 204.2 201.4 198.9 192.7 188.7 189.9 190.5 190.4 190.3 190.4 190.4 190.4 189.1 190 195.4 202.5 203.4 204.2 205 205.1 203.1 201.4 204.3 207.8 214.9 228.6 245
296.4 292.3 289 285.8 283.1 283.9 288 292.8 295.3 290.5 282.3 272.5 263.6 253.2 244.1 234.9 228.7 224.9 221.4 217.9 215.1 212.5 204.7 203.9 203.8 208.7 206.8 207 207.1 207.6 208.2 214 223.1 234 242.8 253.6 260.5 263.3 264.9 266.6 269.2 270.9 265.2 248.3 237 228.4 219.9 215.8 213.5 211.7 209.9 207.3 205.1 202.8 199 192.4 188.9 190 190.3 190.4 190.5 190.4 190.3 190.5 189.9 202.2 203.6 204.4 206 207 206.6 203.7 204 208.2 211 219.8 239.3 259.2
301.8 296.7 292 286.8 281.1 275.2 273.1 277.7 279.5 280.2 274.8 266.2 257.5 248.9 239.9 231.5 226.3 221.3 218.8 215.9 215.2 207.3 205 203.6 210.5 210.9 207.1 207.6 208 208.5 209 216.5 227.8 240.6 253.2 263.7 272.1 276.1 277.6 280.7 282.9 287.3 279.2 259.8 244.2 236.2 227.4 222.3 219.7 216 213.7 211 208.2 204.9 201.9 197.1 191.9 189.5 190.6 190.8 191 190.7 189.1 190.1 195.8 202.2 204 206.2 208.9 209 208.5 206.1 205.6 210.1 212.9 226.9 251 272.7
313.9 310 301.9 293.9 284.6 275.4 266.9 261.8 264.2 267.6 262.6 257.4 250.8 244.3 234.6 228 222.7 219.9 216.6 215.4 215.7 206.5 205.6 215 214.3 211.9 207.9 207.6 208.2 209.4 210 218.5 233.5 247.4 261.1 271.8 279.9 286 291.3 295.3 299.8 301.2 292.5 274.6 255.5 244.2 236.6 231.7 229.6 225.4 220.9 217.1 212.9 208.6 204.1 199.3 195.5 189.9 190.6 191.6 191.7 191.3 190.6 189.8 202.3 204.3 205.7 207.2 210.5 210.6 211 210.2 206.1 211.7 216.3 233.4 260.3 282.1
323.5 319.1 311.7 302.9 291.9 280.3 268.8 258.1 252 252 250.6 247.4 242.8 236.2 229.1 222 218.8 216.7 216.2 213.7 206.9 207.3 217.9 217.6 216 212.5 208.2 207.7 208.8 210 211.3 220.1 235.9 252.3 267 279.2 287.8 295.6 302.2 305.5 310.2 310.9 305.9 292.2 274.3 259.6 251.6 247.8 244.3 238.6 232.7 227.7 219.5 214.2 206.6 200.6 197.2 192.5 191.2 191.5 190.8 189.1 190.8 195.4 202 204.8 206.5 208.2 210.8 213.5 215.6 215.1 207.6 212.8 218.8 241.5 268.5 287.6
329 325.4 319.2 310.2 299.4 286.9 272.6 260.6 249.6 242.4 238.4 235.7 232.3 228.7 222.9 217.6 215.4 213.1 210.8 208 207.8 217.1 219.3 218 214.7 210.8 208.2 208.3 209.3 210.5 211.6 219 234.9 248.6 262.7 277.1 286.7 294.2 299.9 306.2 312.4 314.5 312.4 307.8 293.7 281.1 270.9 267.8 261.6 253.9 245.2 236.9 226.2 219 209.8 202.1 197.8 192.1 191 191.2 190.5 190.8 193.3 198.3 201.5 205.6 208 210.1 214.1 219.1 223.6 220.8 210.2 210.9 219.5 244.3 269.6 289.4
332.3 327.6 320.2 310.3 299 286.9 274.3 261.9 251 242.9 235 229.6 224.6 221.4 217.8 214.9 212.6 210.8 208.6 207.9 215.1 219.7 219 217.3 213.4 210.1 208.5 208.8 209.8 210.9 212.1 215.8 228.8 241.7 253.5 266.5 275.5 283.1 289.9 295.7 301.3 306.6 310.6 314 306.9 295.9 284.4 276 270.8 265 253.6 240.1 228.4 218.2 207.8 200.7 195 190.7 190.9 190.9 192.7 196.9 198 200.9 204.4 207 210 214.1 221.3 227.1 230.7 225 212.5 210.4 220.3 239.9 264.4 287.4
331.2 324.9 317.1 307.8 296.4 284.1 271.8 261.1 251.4 243.6 236.1 230.1 222.7 218.1 214.9 212.6 210.4 208.8 208.3 207.9 219 218.9 217.7 216.2 213.8 210.3 209.7 210.6 211 211.9 213.1 214.9 222.8 234.4 245.8 255 264.8 271.5 277.8 283.6 289.7 295 299.9 304.3 301.4 292.3 283 275.5 269.2 261.2 250.1 235.8 224.7 214.7 203.7 195.3 190.7 190.9 191.2 190.2 197.1 196.8 202.7 205.9 209.2 211.4 214.1 220.2 229.2 234.9 236.2 226.6 213.4 212.2 220.3 237.2 261.5 282.2
329.3 320.5 312.4 303 292.4 280.7 269.6 259.6 250.6 243.7 236.5 228.9 220.7 216 212.8 210.6 209.1 208.1 211.4 219.5 218.8 217.7 216.9 215.9 214.1 211.7 211.8 212.4 212.2 212.7 214.1 215.9 220.6 230.2 240.7 249.2 256.5 262.1 267.5 274.6 281.2 286.2 290.1 292.4 289.5 282.7 276.2 268.5 260 248.6 237.6 225.9 217.9 206.7 196.6 191.2 191.3 191.5 190.4 192.6 198.1 202.8 207.8 211.1 212.1 215.2 219.2 224.9 233.6 238 236.3 225.9 215.4 214 218.4 235.5 259.7 279
324.1 314.9 305.6 298.3 288.5 278.6 268.3 258 249.9 242.1 233.8 225.5 217.3 213.3 211.1 210.1 209.1 210.8 218.9 219.1 218.6 216.6 215.7 215.5 214.8 213.8 214.3 214.1 213.9 213.7 214.9 216.4 220.3 229.1 236.9 243.9 250.4 256.2 260.6 265.8 272.1 277.5 280.9 282.7 281.4 275.7 268.1 257.4 245.2 234.1 223.7 214.3 204.1 195.5 191.2 191.4 190.3 192.4 194.4 198.2 204 207.6 210.5 213.6 215.6 220.1 224.2 229.1 235.1 236 231.6 224.9 219.1 216.7 216.4 227.8 248.6 270.3
315.6 308.2 299.4 293.9 285.9 277.3 266.4 255.4 246.8 238.7 230.6 221.7 213.9 211.7 211 210.2 209.7 213 218.8 218.8 218.2 215.7 216.8 217.5 217.7 216.6 216.1 213.8 213.4 213.4 215 216.5 220.7 227.9 233.3 239.2 244.7 249.6 253.7 257.2 261.1 266.4 271.9 274.4 272.9 266.7 258.1 247 234.2 221.5 212.8 202.3 193.5 191.8 191.6 190.3 193.4 196 199.3 204.7 210 211.7 213.7 216.5 221.5 226.5 229.6 234.6 235.9 233 229.8 225.2 222.1 220.8 219.4 220.1 235.9 257
305.1 300.6 294.3 288.4 281.8 273.6 261.4 251.4 242.3 234.9 227.5 217.2 212.2 211.6 211.4 210.8 210 219.4 218.4 218.1 217.3 215.6 218.6 221.4 221 219.7 217 214.3 213.7 214.4 215.4 216.3 220.3 225.7 230.6 234.9 239.8 243 246.5 250 253.6 257.2 262.2 264.4 261 255.5 246.4 235.2 223.3 209.4 198.8 192 191.8 191.2 196 197.9 198.4 199.9 202.9 209.1 213.6 215.5 217.4 221.5 227.9 233.4 235.3 237.5 237 232.4 228.9 226.7 224.5 224.9 225.5 223 222.2 243.4
293.9 290.6 286.7 281.5 274.6 265.8 254.6 245.6 238 230.9 222.4 213.8 212.2 211.6 211.2 211.1 210.6 218.8 217.1 216.4 218.3 219.3 221.8 224.7 224.4 222.4 218.5 215.8 215.1 215.5 216.9 217.4 219.7 223.6 228.2 231.8 235 238.3 241.2 243.9 247.1 250.6 252.4 252 248 241.1 231.3 219.7 200.8 192 191.8 191.8 192.7 193.4 196.3 198.6 200.6 203.2 206.9 214.3 218.5 221.1 225.5 230.3 235.1 239.6 240.4 241.5 240.6 235.7 232.8 228.9 228.2 229.6 230.6 228.9 226.4 228.7
282.5 281.4 278.2 273.3 266.3 257.4 248.4 240.2 232.5 225.1 217.4 213.4 212.1 211.5 211.2 212.5 214 216.6 215 215.4 218.9 223.4 227.4 230.5 230.2 225.7 220.3 217.7 216.5 216.3 217.2 218.6 218.6 220 225.2 228.3 231.7 234.5 236.3 238.7 241.9 242.9 242.5 240.1 233.2 223.2 207.5 192.4 191.9 192.3 196.9 196.6 194.2 194.8 195.4 197.4 201.4 206.8 213 218.3 223.6 229.3 235.4 242.2 245.1 245.7 245.4 246.4 245.2 240.1 237.5 233.5 232.8 234.4 236.6 235.3 233.8 232.7
274.2 273.4 269.5 265 256.9 250.3 241.6 233.8 226.4 218.9 214.7 213.1 212.3 211.6 211.5 212.5 214.3 215.2 216.7 220.7 224.6 228.7 233 237 237.8 232.1 223.8 220 218.5 217.9 219 220.5 220.2 220.3 221 223 228.5 230.6 231.9 233.6 235.7 235.3 232.5 227.8 217 205 191.7 191.8 196.9 194.2 194.5 196 194.7 196.5 197.5 200.9 206.4 213.4 217.7 222.2 231.2 239.4 248.5 256.1 257.2 256.5 255.4 255.1 252.2 247.5 244.3 240.5 236.5 240.1 242.1 242.3 241 242.1
269.1 267.7 263.4 256.8 250.1 242.1 234.6 225.7 219 216.3 214.1 213.2 212.6 212.2 213.6 214 215.8 218.1 221.3 226.2 231.4 236.5 239.7 243.5 243.9 237.6 229 223 221.3 219.4 220.6 222 222.3 222.7 223.2 222.3 225.1 227.6 228.3 228.5 226.6 224.6 219.4 212.1 206.2 200.4 191.7 191.8 196.8 192.5 192.9 193.7 196.6 198 202.1 206 212.4 217.8 222 227.8 241.3 250.4 260.2 268.5 272 273.1 270.2 264.5 260.6 257.7 251.6 247.6 240.5 242.9 247.9 251.9 254.5 254.8
263.9 261.8 255.9 249.6 241.9 234.9 228.8 220.5 215.8 214.9 213.6 213.2 213.2 213.9 215.1 216.2 217.7 220.6 225.9 232.2 238.9 244.9 248.8 250.5 251.1 244 234.8 226.3 224.1 221.6 221.1 222.3 223.5 224.3 225.4 225.3 222.6 225.1 226.9 225.4 219.6 214.1 211.1 207.9 203.7 199.2 192.2 191.8 192.8 192.6 193.2 195.3 198.1 199.5 204.9 214.2 216 221.7 227.5 237.3 252 261.6 270 278.9 282.4 284.3 282.1 278.1 276.1 270 258.5 252.8 244.4 250.1 257.8 264.3 267 266.7
256.8 253.6 249.1 243.9 237.2 230.1 222.4 217.2 215.6 214.1 213.2 213.3 215 215.7 217.4 218.6 219.9 223.8 231.2 238.2 246.5 252.6 259 259.5 256.6 248.4 238.9 230.6 226.6 224.4 222.1 222.7 223.9 225.5 226.2 224.7 225.4 222.4 222.7 220.8 214.3 209.3 209.3 206.7 202.8 193.6 191.8 193.1 194.2 194.5 195.5 198.6 200.4 202.9 212.6 218.2 223 227.6 235.9 249.7 262.6 271 280.3 286 291.2 293.5 293.3 289.8 287.2 277.3 264.6 256.5 251.4 256.6 264.1 271.9 276.8 280
250.2 248.2 243.5 238.4 232.9 225.7 219.2 216.5 215.8 214.5 214.2 215.6 217.7 219.3 220 221 223.6 228.9 235.6 244 255.1 261.3 266.3 270.2 264.5 254.1 244.1 237.2 230.7 227.1 223.5 223.2 224.3 224.9 225.3 224.3 224.1 223.6 220.3 217.1 212.5 208.5 206.7 204.4 194.5 194.2 192.9 197.1 197.2 198.3 199.7 202.5 207.7 212.5 216.3 222.3 233.4 241 245.4 261.9 276.7 284.6 290.1 296.7 301.8 302.9 305 301.3 293 280.2 268.4 258.6 261.6 264.7 272.8 280.7 285.8 291.5
245.4 242.9 238.1 233.1 228.3 222.9 217.6 216.3 216 215.5 216 218.7 221.7 222.9 224.5 224.5 227.9 232.7 242 251.8 262.6 271.7 277.6 280 271 261.4 251 243.8 237.2 230.2 226 223.9 223.9 223.5 223.8 224.1 223.8 223.7 221.4 217.6 212.8 208.8 205.4 203.4 194.6 192.9 199.2 199.5 201.7 202.4 204.6 209.9 218.2 219.5 221.5 231.7 243.8 254.5 258.3 271.7 287.3 295.9 301.9 309.1 313.6 313.9 315.4 311.1 301.7 286.5 275.2 264.1 267.8 272.3 281.7 291 297 301.3
241.5 234.3 233.1 228.8 225.1 220.7 217.1 216.7 216.4 216.8 217.8 221.5 225.6 228.2 230.4 227.3 232.2 236.5 246.2 259.5 270 279.3 287.1 287.1 278.2 268.1 259 252.5 245 236.3 231.9 228 225 224.1 224.2 225.1 224.7 223.7 222.1 217.7 213.6 210.2 206.5 202.8 194.5 194.1 201 202 204.4 205.9 210.8 219 225.5 227.5 230.7 245.3 254.6 266.4 276.1 277.8 295 306.6 314.1 321.1 325.1 329.1 326.7 321.6 307.8 290.3 281.4 267.6 274.1 281.7 292.9 304.7 311.3 315.1
239.7 233.5 227.7 224.5 222 219.1 216.9 217.1 217.4 218.7 222.9 227.3 232 234.9 236.2 237.6 236.9 241.2 250 262.6 273.6 283.1 292 291.6 285.4 276.3 268.4 262.2 253.8 244.3 239.5 234.2 229 227.8 227.5 227.4 225.9 224.3 222.4 218.2 214.3 210.4 206.6 202.8 193.3 201.6 203.6 204.1 206.6 209.5 216.8 224.8 233.3 239.9 244.8 256.6 265.5 274.8 284.3 296.7 306.2 321.1 327.6 334.5 338 338.5 335.8 329.1 315.4 298.9 279.2 273.3 283.7 294.5 301.9 320.2 325.9 326.7
237.1 231.1 225.7 222.4 220.5 219.1 217.7 218 220 223.8 228.5 233.8 238.9 242.4 243.5 243.7 241 245.9 253.5 265.1 276.3 286.1 294.1 296.8 292.6 285.9 279.7 272.9 265.1 256.6 248.6 241.7 235.2 233.1 232.1 231.4 228.7 225.3 222.5 218.5 213.5 208.9 205.7 199.2 194 202.2 204.5 206 208.7 214.9 222.9 233.3 245.3 253.4 261.4 266.1 275.1 282.7 294.3 309.8 315.6 330.5 339.1 346.3 348.6 348.5 344.8 334.1 321 301.2 279.6 284.8 294.6 307.6 318.5 327.4 336 332.9
231.7 227.4 224.2 221.2 219.9 218.5 219.3 220.1 223.4 229.7 235.2 241.6 246.4 250.3 251.6 250.1 247 249.7 257.1 267.5 278.5 287.8 295.6 302.2 300 296.9 293.1 287.8 278.4 269.2 260.1 250.7 244.1 239.7 237 235.2 232.3 227.4 221.8 217.3 211.6 207.1 203.3 193.1 193.7 202.7 204.8 205.8 209.9 219.4 230.7 243.3 255.8 263.6 268.4 273.6 283.1 292.7 304.9 318.6 326 340.8 348.4 356.2 360.1 360.6 355.8 346.4 329.8 304.7 285.9 296.4 308.8 324 334.3 343.2 344.6 340.8
228.4 224.2 222.1 220.5 219.3 218.6 221.1 222.9 228.9 235.6 241.8 249.5 254.7 259.3 259.2 257 253.6 254.5 260.9 270.2 280.3 289.9 300.8 308.3 309.2 307.5 305.8 302.3 292.9 282.6 271.8 259.8 252.8 248.2 245.3 239.9 236 229.7 221.6 215.8 209 204.2 198.1 193.1 193.3 202.6 204.4 205.5 212.4 224.4 239.3 255.6 265 269.6 274.7 282.1 290.1 302 317.5 329.1 331.2 353.8 361.1 368 372 369.6 368.7 355.1 328.2 300.9 293.3 313.2 327.1 339.8 347.9 352.3 353.5 350.6
