data/310000-790000.asc
ncols 200
nrows 200
xllcorner 310000
yllcorner 790000
cellsize 50
[rows 140 to 174 of 200, columns 78 to 155 of 200]
584.1 587.3 592.3 596.5 592.1 583.8 573.3 561.6 541 520.3 504 490.3 476.8 468.6 461.5 454.8 448 440.8 432.8 426.5 419.4 407.8 397.3 385.9 376.4 368.6 362.6 360 359 356.2 354.4 353.1 352.5 349.9 350.6 348.7 344.3 342.1 340.3 340.1 332.8 332 339.1 335.6 338.7 340.4 340.5 340.1 339.6 339 338 336.4 336.1 336.3 348.2 348.4 348.4 349.2 349.8 353.5 356.3 359.1 360.2 360.9 359.8 358.3 363.3 370.4 373.3 374.5 376.1 379.5 385 389.5 394 396.4 397.1 402.9
576.4 578.7 584.2 589.5 590.2 581.8 566.8 552.4 534.6 514.1 492.2 477.5 462.6 453.1 445.5 437.8 430.9 424.1 417.3 409.5 401.5 391.1 379.5 368.2 360.4 354.6 353.8 352.4 350 347.3 347.2 345.1 340.9 341.9 343.4 342.2 341.6 339.9 337.8 336 329.4 330.7 337.6 326.4 333.5 338.3 339.9 339.8 338.6 337.1 335.5 335.1 334.7 334.4 334.6 337.8 342.8 348 347.9 347.5 349.7 353.2 355.4 358.7 355.1 357.9 365.2 369.5 371 372.1 374 376.1 382.4 387.7 393.2 394 396.5 401
569.6 572.3 578.2 586 586 572.8 557.4 543.2 522.3 501.6 480.8 465.2 449.8 436.8 427.6 419.7 414.7 407.6 400.6 392.2 383.6 374.9 364.6 354.6 351.2 349 346.2 342.9 340.6 337.3 336.4 335.4 333 336 337.7 335.6 336.8 338.8 332.4 335.3 327.8 329.1 331.9 329.8 325.6 323.9 328.7 332.6 334.5 334.4 335 333.9 333.5 333.4 333.2 332.7 333.5 342.4 344.8 345.9 346.5 347.4 350.2 351.2 351.1 358.7 362.4 365.4 368.3 369.6 370.9 374.8 380.7 387 389.7 390.1 394 400.1
562.7 567 576.4 581.5 579 561.5 547 535 513.8 484.4 462.8 443.6 426.1 415.7 406.6 401.3 396.4 390 383.7 373.8 363.7 358.4 350.4 346.6 343 340.5 336.8 334.9 330.8 331 328.7 327.9 325.9 325.4 329.2 326.9 323.6 332.6 326.1 326 326.6 327.9 327 325.4 324.3 322.6 322.1 322 322.4 328 330.7 333.6 334.7 335.1 334.3 332.8 331.9 333 339.5 343 345.1 344.6 346.4 345.2 351.9 359.5 360 362.2 364.5 366 369.7 374.8 380.8 385.7 387.4 389.1 392.4 400.1
556.7 565.3 572 575.5 563.9 544 531 511.9 490.8 464.6 440.9 421.6 404.8 395.2 387.5 382.1 378.2 372.4 366.6 356.2 351.2 347.5 345.1 339.5 337.7 333.8 330.7 331.1 326.3 324.2 322 321 321 321 321.1 321.4 321.6 324.1 324.7 325.2 326 326.6 325.6 324.6 323.5 322 321 320.6 320.6 320.4 330.5 336.7 336.5 335.9 335.4 333.9 332.3 331.7 333.3 338.5 339.7 342 340.1 345.3 346.4 352.3 355.1 357 360 362.2 366.7 372.8 380.2 383.6 386 388.5 392.9 399
552.2 560.4 565.8 560.8 549.8 527.9 512.1 488.7 466.1 442.2 418.1 402.2 391.7 378.2 369.2 363.1 359.8 355.4 350.3 348.1 342.8 340.2 336.3 333.8 332.5 327.7 324.9 321 321 322.2 321.6 322.3 321.2 321 321.9 320.6 321.5 322.3 323.1 323.8 324.6 325.3 324.8 323.9 322.8 321.4 320.6 319.7 319.7 320.4 326.1 332.5 336.2 335 335.4 334.9 333.4 331.8 332.2 333.6 337.6 336.7 341.1 343.3 343.1 343.1 342.9 346.3 351.6 357.9 362.5 368.9 375.8 380.3 384.2 388.5 391.5 398.7
545.1 552.2 554.6 544.9 530.3 509.6 488.4 463.3 441.4 419.2 403.8 387.9 379.1 367.9 360.1 352.3 346.3 342.1 340.7 338.3 337 333.9 330.7 328.9 325.3 322.2 321.1 321.8 322.1 321.6 321.5 321.5 321 321.7 321.6 321.6 320.9 322.3 322 322.4 323.1 323.9 323.7 323.1 322 321 320.2 319.7 319.5 319.7 320.7 330.5 329.4 332.7 335.4 334.6 334 332.7 331.5 332 333.1 333.8 338.6 341.8 342 341.6 341.4 342.2 345.3 351.7 359.2 365.1 371.4 376.6 382.3 387.6 391.3 400.3
536.3 541.1 540.3 526.3 509.1 491.9 463.6 441.8 422 408.1 392 377 366.8 356.7 350.3 343.2 338.1 336.5 335.8 333.3 333.1 330.3 326.1 322.6 322.5 322.2 322 321.7 322.6 322.3 321.8 321 321.7 321.6 321.5 321.3 320.3 321.8 321.6 321.7 321.8 322.5 322.5 322 321.4 320.8 320.2 319.9 319.7 319.5 320.5 325.3 326.5 330.7 333 333.1 332.9 332.6 332.4 331.6 331.2 331.7 331.9 332.9 340.6 341.7 341.5 341 340.9 346.7 353.2 360.4 365.7 372.4 379.2 385.8 393.8 409.2
524.6 525.4 517.6 501.8 485.7 470.6 448 427 410.2 396.2 383.6 371 359.7 350.2 344.1 338.4 334.7 333.3 332.8 332 331.1 327.2 322.6 322.7 322.6 321.4 321.4 321.1 321.1 322.1 321.8 321.7 321.6 321.6 321.5 321.4 320.3 320.4 321.1 321.3 321.4 321.6 321.6 321.5 321.4 320.8 320.2 320 319.8 319.6 320.1 320.1 319.2 325.4 328.9 329.4 330.6 329.3 330.2 331.5 330.5 331.4 331.3 330.6 330.6 338.9 341.1 339.7 338.1 340.1 347.8 355.8 361.9 370.1 378.2 385.7 398.7 417
514.6 514.2 504.9 487.7 472 455.3 434.4 417 401.5 389 377.4 367 354.2 345.7 340.4 335.7 331.9 329.9 328.5 325.9 323.7 323 321.5 321.4 321.4 322.1 322.1 322.4 322.6 322.2 321.9 321.8 321.6 321.6 321.5 321.6 321.5 320.3 320.9 321.1 321.2 321.5 321.4 321.4 321.2 321.1 320.2 320 319.8 320 320.5 320.3 319.9 319.2 321.7 326 329.8 329 330.4 330.7 327.4 331.2 331.3 331.2 330.6 328.8 334.2 334.6 337.4 338.4 343.1 350.6 359 367.1 375.7 381.2 390.9 406.1
506.2 507.9 497.1 480.4 464.6 448.1 429.5 410.9 398.9 385 372 362 349.9 343.3 337.6 332.1 328.8 325.2 323.1 321.6 322.4 321.6 322.1 322.5 322.5 322.5 322.5 322.4 322.5 322.3 322.1 321.9 321.7 321.6 321.8 322.1 321.6 321.6 319.9 320.5 321.4 321 321.2 321.2 320.8 320.7 320.2 320.1 319.9 320.3 320.8 320.6 320.3 319.7 319 320.6 326 325.2 325.4 325.7 326 331.2 331.1 330.8 330 329 328.3 332.5 338.4 337.9 339.4 342.8 351.5 359.6 368.1 373.2 381 390.6
498.7 500.5 490.4 480.5 464.3 443.4 436.8 417.3 398.8 381.2 366.1 356.2 346.9 338.8 333.1 328.4 325.7 323.2 321.7 321.6 323.1 322.8 322.5 322.5 322.5 322.5 322.5 322.6 322.7 322.4 322.2 322 321.8 321.3 323 321.8 322.6 321.2 321.3 321.3 319.6 320.5 320.3 320.5 320.1 320.2 318.4 318.4 318.4 318.9 320.4 320.6 320.3 319.6 319.3 319.3 329.2 323.6 323.7 324 327.5 329.9 329 328.8 330.1 329.5 328.8 329.1 333.6 337.9 337.6 337.7 339.2 349.2 358.8 364.2 371.4 376.8
488.1 492.9 486 467.9 465.7 462.6 440.5 413.1 390.8 373.1 359.1 350.4 341.2 333.1 327.5 325 323.6 322.6 321.8 323.1 322.8 323.1 322.6 322.4 322.4 322.5 322.7 322.9 323 322.7 322.4 322.2 322.3 322.4 327.6 324.7 322.9 321.3 321.2 320.9 321 321.2 318.4 318.4 318.4 320.2 322.1 321.1 320.9 320 318.4 320.5 320.2 320.2 319.6 318.9 321.6 322.1 322.3 323.7 323.2 328.4 322.8 324.3 329.1 330.3 329.8 329 328.2 333.1 337.4 337 336.6 339.5 348.9 356.4 362.7 367.2
476.8 476.6 472.4 478.5 469.1 457.1 437.7 405.9 380 361.3 353.1 346 337.6 329 324.7 323.7 322 322 323.1 323.3 322.9 321.7 321.7 322.5 322.7 322.9 323.1 323.3 323.4 323.1 322.7 322.5 323 323.1 323.7 324.6 323.8 322.3 325.2 323.9 320.3 321.8 325.4 334.2 338.9 347.7 351.3 347.8 336.6 326.4 322.1 318.4 318.4 320.4 319.6 319.5 320.5 321.1 321.2 325.4 322 321.4 320.7 324.3 322.7 330.7 330.2 329.6 328.4 327.5 333.2 336.6 336.3 335.8 338.2 345.3 350.8 354.9
461.9 467.9 471.8 467.8 458.9 447.5 427.3 396.9 372.3 356.4 348.5 342.4 334.1 327.2 323.5 322 322 323.4 323.9 323.8 323.2 322.8 322.6 322.8 323.2 323.2 323.4 323.7 323.7 323.4 323.1 322.7 323.1 323.7 324.3 324.7 325.8 326.4 327.4 332.7 338.2 343.9 349.7 368 383.5 393.6 402.2 393.5 369.2 340.9 326.5 321.7 319.5 318.4 318.4 318.4 319.6 319.8 320.3 321.6 320.4 319.7 319.6 321.5 325.6 328.9 329.3 330.2 329.2 327.7 327.8 334 336 335.3 334.9 334.7 339.7 345.2
447 454.6 454.3 447.1 433.9 422.1 406.5 381.4 365.2 354.3 343.1 338.1 330.4 324.2 322 322 323.3 324 324.4 323.8 323.2 321.7 322.9 323.1 323.3 323.8 324.3 324.2 324.1 323.7 323.4 323.1 323.4 325.1 325.5 326.6 333.9 345.5 355.5 370.9 386.2 386.7 391.9 409.2 422.1 431.8 435.9 428.1 396 364.5 337.7 327.3 324.7 324.1 323.8 322.8 321.1 318.4 318.4 319.5 320.3 320.3 320.6 320.2 321.7 325.6 327.2 329.7 329.8 328.5 327.4 327.7 333.7 335.5 332.6 331.4 331.4 335.4
430.3 437.7 432.3 420.9 405.4 393.3 380.8 368.9 361 357.8 339.2 328.2 323.4 322 322 323.3 323.7 324.3 324.1 323.2 322.6 322.9 323.1 323.3 323.6 323.9 324.4 324.6 324.4 323.8 323.8 323.6 324.2 326.8 333.6 343.1 357.3 375.8 391.8 411.5 429.9 432.6 431 443 459.2 460.1 463.1 444 413.7 388.5 359.5 342 335.6 333.6 333.6 329.8 326 321.8 320.2 318.4 319.3 320.1 320.6 320.4 320.5 321 325.2 329.1 329.6 329.2 328 327.6 328.6 333.3 330.1 328.9 328.9 331.7
414 412.5 404.3 400.9 384.6 366 361.7 359.5 353.9 349.6 332 323.5 322 322 322.6 323.3 323.9 323.5 324.1 322.7 323.2 323.3 323.5 323.7 324 324.2 324.1 324.2 324.1 324.1 324.1 324.5 325.7 335.3 348 357.4 377.9 398.8 414.3 441.3 456.4 462.4 471.4 469 470.7 469.3 473 462.4 442.3 421.5 383.9 365.2 352 344.6 344.8 341.4 336.7 329.6 324.6 320.1 318.4 319.4 320.3 320.4 320.6 320.5 325.4 328.4 329.1 329.3 327.1 327.7 327.4 328.4 330.9 328.9 328.9 330.6
388.4 383.5 380.4 380.1 364.8 349.5 345.4 342.2 331.7 327.3 322.7 322.9 322 322.6 323.1 323.6 324.1 323.5 322.9 323.9 323.7 323.7 323.9 324.1 324.6 324.5 324.5 324.4 324.3 324.2 324.2 325.4 334.9 347.9 360.6 374.7 394.9 409.2 430.2 454 474.8 485.4 488 484.3 491.1 492.9 488.2 476.3 455.8 429.3 403.2 378.4 366.3 360.3 354.2 348.1 341.9 335.4 328.4 324.3 320.1 318.4 318.7 319.2 318.8 319.8 324.8 326.8 327.1 328.8 327.5 326.4 326.2 326.7 327 328.8 328.3 327.6
365.3 363.2 361.3 357.7 346.5 337.9 329.1 323 322.5 323.2 323.3 322.1 323.1 323.3 323.8 324.2 324.7 323.5 323.4 324.1 324.4 324.3 324.3 324.8 325 324.9 324.8 324.7 324.6 324.5 325.8 331.8 343 357.2 370.5 384.1 404 418.6 442.3 461.8 480.6 494.4 509.2 519.3 519.6 509.9 502.1 494.9 470.9 426.9 406.5 390.7 377.4 369.8 361.4 352.2 336.7 331.5 331.1 328.3 323.9 319.1 318.6 317.9 317.7 318.9 322.7 321.6 322.9 326.5 325.7 324.3 323.4 324.6 325.1 325.8 326.3 325.7
351.1 347.6 343.9 339.1 331.2 324.8 322.4 322.5 322.8 323.4 322.1 322 323 323.5 323.9 324.3 324.7 323.1 322.7 323.2 323.3 323.4 324.9 325.4 325.3 325.2 325.1 324.9 324.8 325.2 331.9 339.4 353.1 363.4 376 387.5 405.7 426.4 444.3 464.7 488.4 504.5 518.4 524.3 521.5 516.1 503.5 494.5 470.9 431.8 411.3 398.2 385.5 375.9 367.1 358 331.8 331.9 331.5 329.4 327.6 320.7 318.8 319.7 318.5 317.7 320 319.6 319.3 319.7 322.8 323.8 322.1 322.3 322.8 320.9 321.6 324
333.6 329 327.2 326.4 323.1 322.8 323.3 323.1 323.2 322.1 322 324 323.3 323.7 324 324.4 324.7 324.5 323.9 324.3 324.8 324.9 325.1 324.3 325.4 325.5 325.3 325.2 325 328.7 336.8 349.4 358.6 366.3 374.5 386.6 406.8 429.6 448.7 475.4 500.2 518.5 528.2 529.8 520.4 517.3 507.6 497.3 463.7 438.2 419.4 406.6 394.7 381.8 367.7 354.3 345.7 342.2 335.6 331.2 330.5 325.7 320.4 317.9 319 317.7 317.7 318.2 319 319.7 319.5 319.5 320.7 320.6 320.2 319.5 316.1 318.1
323.6 324.5 323.2 322.5 323.3 323.2 323.1 323.9 323.4 322.1 323.4 323 323.3 323.6 324 324.3 324.7 324.8 324.1 324.5 325 325.2 325.5 325.8 324.9 325.6 325.6 325.7 326.2 332.2 342.6 354.3 360.8 367.6 376.3 384.4 405.9 429.6 454.5 481 505.9 522.9 534 535.4 523.4 520.2 510.4 495.2 478.2 453.8 428.9 414.2 398.7 381.9 369.3 359.1 354.7 347.9 338.7 332.3 330.7 330.4 323.1 319.9 318.5 317.7 319 317.7 317.2 318.8 319.2 319.1 319.4 319.7 319.8 316.1 317.5 316.7
322.8 323.5 323.8 323.8 323.8 323.4 323.2 323 322.8 322.1 323.3 323.1 323.2 323.6 323.9 324.3 324.5 324.7 324.3 324.7 325.1 325.5 325.9 326.3 326.8 324.6 326.4 327 330.5 336.4 345.5 356.6 362.3 367.8 375.1 383.4 401.8 424.2 452.3 480.4 505.3 522.8 534.1 528.3 518.6 513.8 503.3 486.2 468.3 449.7 437.5 420 400.3 381.8 379.4 374.1 369.3 356.9 345.4 336.5 330.4 330.4 328.3 322.3 320.3 319.8 320 320.6 319.6 317.2 320.2 321.1 319.2 319.4 318.4 316.4 319.5 319.4
323 323.3 323.7 323.7 323.7 323.8 323.4 323 323.1 322.1 323.8 323.2 323.4 323.5 323.9 324.2 324.4 324.5 324.4 324.9 326.1 327.7 327.5 328.1 327.6 327.6 326.7 329.4 333.5 338.2 348.1 358.6 362.2 367.5 374.5 382.7 397 419.8 448 473.6 495.6 519.2 528.5 517.4 507 498.2 485.8 471.5 455.6 438.4 428.8 412.4 388.5 394.2 389.3 388.6 385.6 370.1 352.7 341.2 333.6 331.2 329.9 327.3 325.4 323.5 321.8 320.8 320 319.5 317.2 319 319.7 319.1 317.7 316.5 319.7 318.8
323.3 323.3 323.7 323.7 323.7 323.7 323.7 323.4 323.1 322.1 322.7 322.9 323.3 323.6 323.9 324.1 324.3 324.4 325.3 327.7 329 329.6 329.7 328.3 328.2 328.1 328.5 330.8 335.6 342.3 350.4 359 361.9 365.3 373.4 380.5 393.3 415.1 437 462.6 484.9 503 503 502.7 498.9 482.8 469.3 456.4 440.5 425 414.8 398.8 416.2 414.9 415.2 417.9 407.2 387.6 366.6 352.1 343.5 336.8 332.3 329.4 328 326.1 324.8 322.7 320.7 320.6 319.8 317.2 318.5 319.2 319.1 318.3 316.6 319
323.5 323.5 323.6 323.6 323.6 323.6 323.6 323.6 323.9 322.1 322.9 323.3 323.5 323.6 323.8 324.1 324.4 326.9 331.1 333.3 331.9 331.8 331.2 329.3 328.6 324.7 330.2 330.4 335.7 340.8 351 358.6 361.1 364.4 371.5 378.3 388.1 405.5 427.7 452.3 474.7 486.6 486.1 487.3 483.9 468.7 452.2 437.9 422.6 414.3 408.4 413.9 425.3 435.4 445.2 454.7 436.5 407 388.8 370.3 354.3 347.2 339.8 333.3 327.8 328.2 326.8 325.1 324.2 323.6 321.8 320 317.2 317.2 317.6 317.2 316.5 319.1
323.7 323.6 323.5 323.4 323.4 323.4 323.5 323.4 323.1 322.1 322.8 323.5 323.7 323.9 324.1 324.6 328.6 331.5 335.3 336.2 334.7 333.4 332.4 330.6 329 329 333.2 335.1 337.2 340.7 348.9 357.2 359.5 363.6 369.6 376.3 385.1 400.7 420.9 444.1 460.1 466.7 471.6 474.1 465.2 449.9 439 423.4 413.8 410.7 412.4 426.2 438.7 459.8 478.1 470.4 449.8 433.2 417.5 393.4 368.1 356.7 351.1 345.4 337.7 337.8 339.3 338.8 336.2 334.9 332.5 329.8 326.8 321.8 320.1 318.4 318.9 319.1
323.7 323.5 323.4 323.4 323.3 323.3 323.3 323.2 323.1 322.1 323.2 323.6 323.9 324.2 324.3 328 332 333.8 335.8 336.5 335.3 334.2 332.6 331 327.3 331.7 337.1 339.3 341 340.7 346 354 358.1 363.2 369.6 375.4 383.4 396.8 417.8 430 440.6 448.2 454.9 455 441.1 430.2 419.7 409.7 408.9 411.4 414.8 431.1 448.5 471.7 473.9 472.4 463 453.8 443 434.4 389.5 367.4 363.5 361.2 359.6 356.8 354.1 355.7 355.1 352.6 353.5 353.5 352.6 347.1 341.5 337.5 326.8 319.6
323.7 323.7 323.4 323.5 323.7 323.5 324.4 323.8 322.5 322.4 324.4 324.1 324.1 327.4 330.4 332.6 333.8 335.7 336.1 335.9 335.8 335.4 333.7 331.5 329.4 333.5 338.1 339.2 340 341.4 343 352.2 358.1 363.4 369.8 375.1 382.2 394.8 408.7 418.9 426.5 435 434 417.9 411.6 408.3 400.1 397.9 404 410.6 416 439.1 460.9 469.8 468.5 463.9 463 453.5 445.7 432 400.6 388 381.4 376.4 372 372.9 371.9 374.4 374.3 375.8 379.2 381.4 382.7 380.8 372.3 368.2 358.1 331.5
323.4 322.5 323.3 323.6 322.4 323.7 323.6 323.5 322.4 322.4 324.9 324.8 330.5 335.6 337.4 338.4 337 337.7 336.5 336.6 339.2 338.5 336.2 334.2 328.2 334.7 339.8 341.5 342 341.4 342.6 348.8 357.2 363 369.2 375.3 381.1 391.9 401.8 409.1 416.6 419.1 406.9 395.7 391.1 390 387.6 391.3 399.1 408.4 416.1 444.2 460.1 461.8 465.9 459.9 460.4 453.4 434.6 416.4 404.1 397.1 389.8 386.1 386 388.2 390.8 391.9 394.9 399.7 407.6 415.6 416.7 420.9 418.3 404.7 389.1 351.3
322.4 323.3 324.5 324.5 323.8 323.8 322.4 322.4 322.4 327.1 329.8 335.1 340.3 343.7 345.1 345.3 341.4 339.1 338.7 340.5 343 341.2 339.2 336.9 333.5 336.3 341.5 343.2 342.8 342.1 343.8 347.3 355.4 361.7 368.3 374.7 380.4 387.4 397.9 404.4 401.5 394.2 385.4 379.3 376.9 376.2 377.6 385.3 394.9 407.2 426.4 447.9 457.3 463 463.5 460.6 457.2 453.6 441.3 421.6 417.9 407.6 402.3 404.5 404.6 405.7 409.2 412.4 414.9 426.5 435.4 446.2 455.9 464.4 471.3 457.2 418.4 416.7
324.5 323.9 324.6 324.8 324.3 324.3 324.1 328.6 336.2 340.2 342.8 347.4 349.3 348.8 348.2 344.9 340.6 339.2 338.5 341.9 344.5 343.6 340.6 339.3 338.3 338.9 341.6 343.9 344.3 344.9 346.5 347.3 353.4 360.1 366.4 372.7 378.9 383.7 393.9 394 383 378.1 372.2 369.1 367.7 366.9 369.9 380.1 392.4 410.6 431.1 444 443.9 458.3 462.6 467.2 466.3 459.5 445.2 433.8 426.9 416.5 417.3 421.3 424.2 424.6 425.7 428.9 438 451.2 465.5 474 485 493.7 498.8 479.3 483.6 460.4
324.4 324.3 326.4 326.3 326.6 329.1 340.1 343.1 346.8 349.5 352.2 354.1 354.5 351.4 346.3 342.4 340.2 340.2 339.6 341.5 342.9 343 342.3 340.4 338 339.9 342.3 343.5 343.8 344.4 345.8 347.3 351.1 356.8 362.3 367.8 372.3 377.1 384.2 377.5 370.6 367.1 366.2 366.8 366.8 366.9 367.3 378.4 398.6 414.1 432.6 443.6 444.2 460.9 472.5 479.7 478.2 469.4 455.2 446 435.8 433.3 431.9 439.8 443.9 443.3 442.4 449.9 463.5 479.6 492.1 501.9 509.3 515.6 518.8 512.5 510.4 481
326.2 337.3 338 337.2 339.9 345.2 351.8 357.5 358.3 359.6 359.9 359 355.4 353.3 343.4 341.8 340.4 342.2 342.1 341.3 341.3 341.5 340.9 336.7 339.1 340.4 342.4 342.7 342.8 344.4 346.2 348.9 351.3 354.2 357.3 362.1 364 368.2 370.3 369.5 364.3 363.8 365.2 366.2 366.9 369.1 370.8 382.5 403.1 418.7 430.5 439.3 456.5 472.1 485.1 489.8 487.8 476.6 467.7 459.2 453.4 452 447.4 458.7 461.4 463.2 464.2 473.4 489.2 503.2 516.2 525.9 533.4 537.4 535.9 537.3 534.8 509.3
