data/310000-100000.asc
ncols 200
nrows 200
xllcorner 310000
yllcorner 100000
cellsize 50
[rows 0 to 34 of 200, columns 78 to 155 of 200]
216.7 226.2 225.1 222.9 214.1 202.5 189.3 182.8 175.4 167.2 163.5 160.1 156.8 156.5 159.2 166.4 172 177.1 182.4 186.4 193.6 201.5 210 214.5 219.7 223.7 226.3 228.4 230.4 231.4 231.7 230.5 228.1 222.1 209.9 212.6 224.3 226.2 227.6 229 230.3 231.6 232.1 232.7 233.8 234.9 236 237.1 238.2 239.3 240.4 241.4 242.4 242.9 243.4 243.9 244.3 244.7 244.7 244.5 244.3 244.2 243.9 243.4 243.2 243.1 242.9 242.7 242.5 242.3 242.5 242.9 243.3 243.8 245.3 246.9 248.5 250.1
223 227.4 226.2 224.3 221 208.6 195.2 188.5 180.8 171.6 167.4 165.2 161.5 158 157 163.5 169 174.4 179.6 184.3 191.3 198.9 206.5 212.3 217.1 220.6 224.3 226.5 228.7 230.3 230.7 229.3 227.4 219.8 207.4 208.8 218.4 224.2 225.9 226.5 228.3 230.2 231.3 232.1 233.3 234.3 235.4 236.8 237.9 238.9 240.3 241.6 243 243.3 243.7 244.3 244.8 245.1 244.9 244.6 244.4 244.1 243.7 243.2 243.1 243.6 243.5 243.3 243.1 242.9 243.7 244.2 244.4 244.6 245.8 247.4 249 250.4
225.4 228.3 227.6 226 222.5 216.3 204.3 194.1 186.8 181.2 172.1 169.8 166 162.1 158.7 158.6 166.5 171.3 176.5 181.1 186.5 195.2 203.6 209.3 214.6 218.8 222.3 225.1 227.3 229.2 229.6 228.5 226.8 219 206.2 202.5 208.7 213 213.3 215.6 221.2 226.3 230.2 231.6 232.7 233.7 235 236.5 237.8 239.3 240.9 242.3 243.7 243.9 244.1 244.6 245.1 245.1 244.9 244.6 244.4 244 243.5 242.9 243 243.5 244 243.9 243.7 243.5 244.6 245 245.2 245.5 246.2 247.8 249.4 250.7
225.8 229.1 229.4 227.3 224.9 220.6 212.6 199.4 190.3 185.1 178.9 172.5 168.1 164.7 160.7 158.4 163.5 168.9 174.1 179.3 185.1 190.7 200.2 206.8 210.9 215.8 220.2 223.4 226 228.1 228.4 227.8 226 218.6 203.9 198.4 201.2 204.5 207 217 225.4 228.6 230.6 233.2 233.3 234.2 235.7 237 238.4 240 241.6 242.9 244.1 244.3 244.5 244.9 245.4 245.2 244.9 244.6 244.3 243.8 243.2 242.7 242.8 243.4 243.9 244.4 244.3 244.6 245.1 245.7 246 246.3 247 248.2 249.8 251.1
225.5 230.1 230.3 228.6 226.4 223 217.6 209.7 199.1 190.4 185.8 177.8 170.7 166.9 162.8 158.6 161.4 167.4 171.3 177.8 184.5 190.8 196.7 204.1 208.9 215 217.8 221.4 224.5 226.7 227.5 226.6 224.4 213.7 203.3 197.1 197.1 199.2 204.2 213.8 223.9 229 232.4 232.7 233.9 235.1 236.4 237.7 239.2 240.7 242.3 243.5 244.6 244.6 244.9 245.3 245.6 245.3 244.9 244.6 244.1 243.5 243 242.4 242.7 243.3 243.8 244.3 244.9 245.1 245.1 246 246.5 247.2 247.9 248.7 250.3 251.4
217 227.8 230.6 229.8 228.3 225.2 220.4 214.7 205.2 195.2 189.3 184.4 173 167.4 164 160.5 159.5 164.4 170.1 176.2 183 187.9 194.5 200.1 205.7 211.4 215.4 219.3 223 225.2 226.5 225 218.5 210.8 201.5 194.6 194.4 202.2 212.7 221.2 226.4 229.8 232.6 233.4 234.5 235.9 237.2 238.5 240 241.5 242.9 243.7 244.4 245.2 245.5 245.7 245.6 245.1 244.6 244.1 243.3 243 242.7 242.2 242.6 243.2 243.5 243.7 244 244.5 245 245.9 246.8 247.8 248.8 249.5 250.7 251.7
211.3 221.8 230.7 230.5 229.6 227 223.6 218.3 210.8 200.6 192.4 186.7 177 170.7 165.6 161.6 160.2 161.2 166.2 171.2 180.2 183.8 191.8 196.7 203.1 208.4 212.9 216.9 221.1 223.5 224.4 219.9 212 206.6 200.9 191.3 194.2 202.7 211.9 222.2 227.5 230.6 232.7 234.1 235.4 236.7 238 239.3 240.8 242.3 243.2 243.9 244.4 245.1 245.6 245.7 245.2 244.7 244.2 243.5 242.5 242.1 241.9 241.6 241.7 242 242.2 242.5 242.7 243.2 244 245 245.8 247.2 248.4 249.6 250.4 251.5
207.4 217.9 230.8 231.7 230.7 228.6 225.9 221.7 216.5 204.8 195.5 189.8 183.4 177.5 170.1 164.9 162.5 161.3 161.6 165.2 173.3 179.4 185.8 192.3 197.4 203.3 208.9 213.5 219.1 222 218.4 212.9 207.5 202.8 197 188.1 196.3 206.9 219.3 224.8 227.8 230.2 232.6 234.9 236.2 237.5 238.8 240.1 241.6 242.7 243.6 244.5 245 245.2 245.3 245.3 244.9 244.2 243.5 242.8 241.8 241.2 241 240.7 240.6 240.7 241 241.2 241.5 242 242.8 243.9 244.8 246 247.3 249.2 250.3 251.2
205.2 214.2 229.1 232.2 232 230.5 227.7 224.9 220.2 211.9 202.3 194.7 188.9 183.5 176.1 170.4 166.9 165.1 163 162.5 167.8 176.1 182.2 188.4 193.3 196.8 201.4 202.4 209.4 211.5 208.9 206.9 202.4 198.3 191.5 187.2 198.7 211.5 221.3 225.1 227.7 230.1 232.5 235.2 236.8 238.2 239.5 240.9 242.1 243 243.9 244.8 245.6 245.2 245 244.8 244.3 243.7 243 242.1 241.2 240.3 240.1 239.9 239.7 239.6 239.7 240 240.2 240.7 241.6 242.6 244 245.5 247 248.6 250 250.8
205.7 215.7 228.4 232.3 233 232 229.5 226.8 223.7 217.4 208.4 198.9 191.6 188 182.4 175.7 174.1 172.5 167.5 162.4 164.7 170.8 177.6 183.4 188.8 192.2 193.9 193.8 195.5 195.7 195.6 200.4 197.5 193.8 187 186.5 197 208.7 219.8 223.8 227.6 230 232.6 235.5 237.1 238.6 240.2 241.5 242.4 243.3 244.3 245.1 245.7 245.3 245 244.5 243.7 243.2 242.6 241.4 240.5 239.6 239.2 239 238.8 238.7 238.6 238.7 239 239.3 240.5 241.7 243.5 245.1 246.6 248.2 249.7 250.6
208.4 217.9 229.2 233.1 234 232.9 230.4 227.9 225.7 221.5 212.1 203.7 197 192.6 189.6 181.1 180.2 177.9 167.3 163.8 163.3 165.6 171.1 178.3 182.9 186.2 188.6 189.5 190 190.6 191.3 191.4 192 184.8 181 186.8 195.4 203.4 215.5 221.9 226.1 229.9 232.9 235.8 237.4 238.9 240.6 241.9 242.8 243.7 244.6 245.3 245.5 245.4 244.9 244.4 243.9 243.3 242.4 241.4 240.4 239.4 238.6 238.2 238 237.8 237.7 237.6 237.7 238.1 239.9 241.6 243.1 244.6 246.2 247.7 249.2 250.5
211.4 219.7 229.5 233.9 234.7 233.8 231.3 229.3 227.5 223.4 217.7 208.8 200.3 197.2 194.4 186.6 184 179.3 169.5 166.7 164.5 164 165.1 170.6 175.6 179.7 182.6 181.5 181 181.7 183 183.9 183.2 179.5 179.6 184.5 189.7 196.9 206 216.3 225.8 230.3 233.2 236.1 237.7 239.3 241 242.3 243.2 244.1 244.9 245.4 245.6 245.5 245 244.5 244 243.2 242.3 241.3 240.3 239.3 238.6 237.6 237 236.3 236.9 236.3 236.4 237.7 239.2 240.9 242.9 244.4 245.9 247.4 248.9 250.4
211.6 221.3 229.1 234.6 235.4 234.7 232.7 230.8 229 225 220.5 211.7 203.1 201 199.9 194.5 187.7 186.6 179.5 173.3 167.6 166 164.7 165.3 168.1 169.9 171 171.3 170.3 172.2 172.2 173.7 175.3 178.9 184.8 188.6 189.2 189.1 199.2 209.1 220.8 230.7 233.6 236.4 238.1 239.8 241.4 242.8 243.7 244.4 245.1 245.6 245.8 245.6 245.2 244.7 244.1 243.1 242.1 241.2 240.2 239.4 238.7 237.7 236.6 235.7 234.7 235 235.3 236.8 238.3 240.3 242.3 244.2 245.6 247.1 248.6 250.1
213.4 220.3 230.8 235.4 236.3 236.1 234.8 233.3 230.4 227.2 222.7 215.1 205.2 204.4 199.8 198.8 194.8 191.6 185 177.6 174.3 171 167.7 166.8 165.1 166.4 167.3 170.5 173.4 176.4 177.5 178.9 182.5 187.4 194.1 196.1 197.7 197.3 197.2 201.1 211.3 223.9 233.4 236 238.1 239.9 241.8 243.1 243.9 244.6 245.3 245.7 245.8 245.7 245.4 244.8 244 243 242 241.1 240.1 239.8 238.8 237.8 236.6 235.5 234.5 233.4 234.1 235.6 237.6 239.7 241.7 243.7 245.5 246.9 248.4 249.9
216.5 221.4 233.4 236.1 237.2 237.1 235.8 234.4 231.6 228.4 224.9 219.6 207.8 204.8 202.8 200.6 199.2 194 185.5 183 182 177.9 173.5 172.4 171.4 168.3 166.2 175.1 177.6 180.3 183 186.2 190.5 195.9 202.7 206.6 207.1 206.7 203.9 202.1 207.3 213.8 225.9 235 237.8 239.6 241.4 242.8 243.9 244.8 245.4 245.8 245.9 245.7 245.5 244.9 243.9 242.9 242 241 240 238.8 237.7 237.2 236.5 235.4 234 232.5 232.3 234.1 236.7 238.9 241.1 243.1 245.2 246.7 248.2 249.2
219 227.4 235.1 237.2 238.2 238.1 236.9 235.3 232.8 230.1 226.6 222.5 217.2 208.2 204.2 202.5 200.8 194.3 187.5 187.2 186.9 182.7 180.7 180 172.7 170.9 167.2 171.3 179.7 182.9 185.9 190.6 197 204.1 211.1 216.3 218.5 216.4 211.2 208.3 205.4 207.6 216.7 230 237.1 239.2 240.9 242.4 243.4 244.4 245.3 245.8 245.9 245.8 245.6 244.8 243.9 242.9 242 241 239.8 238.6 237.3 236.3 235.7 234.6 232.9 231.3 230.4 233.1 235.7 237.9 240.1 242.3 244.5 246.6 247.8 248.4
225.9 234.5 236.9 238.6 239.4 239.2 238 236.5 234.2 231.7 228.7 224.7 220.7 217.6 210.3 205.4 202.8 200.7 194.7 191.7 189.7 186 185.5 185.2 180.8 172.2 167.2 170.2 182.2 186.9 190.2 195.2 201.7 207.6 215.4 218.8 220.6 222 218.6 215 213 209.1 211.8 222.1 234.7 238.6 240.3 241.9 242.9 244.1 245.1 245.7 246.1 245.9 245.6 245 244 243 242 241 239.8 238.5 237.3 236 235 233.7 232.3 230.2 227.9 231.6 234.5 237 239.1 241.3 243.5 245.7 247.2 248.1
229.5 236.6 238.7 240.5 240.9 240.5 239.3 238.1 235.6 233.1 230.7 227.2 223.4 220.2 217.1 210 205.3 202.6 198.9 198.5 195.6 193.5 192 187.1 181.6 171.7 168.7 173.1 185.1 191.4 194.8 199.4 207.1 214.2 218.2 220.6 222.8 225 226.1 223.7 222.2 218.3 213.5 215.7 227.9 237 239.6 241.5 242.6 243.7 244.9 245.6 246.2 246 245.4 244.9 244.3 243.3 242.3 241.2 239.9 238.6 237.3 236 234.7 233.1 231.2 229.1 224.8 229.6 233 235.6 238.2 240.4 242.6 244.3 245.8 247.2
230 237.9 240.3 241.9 242.3 242 240.8 239.7 237.9 235.4 232.9 229.7 226.1 222.7 219.6 216.6 212.6 208.8 208 205.4 201.9 197.3 193.4 187.8 182.2 172.5 169.4 176.1 184.9 191.7 198 203.7 210.3 216.4 219.8 222.3 224.5 226.8 229.4 230.8 232 229.3 226.2 220.5 222.7 235.2 239.1 241.4 242.5 243.6 244.6 245.3 246.1 245.9 245.3 244.8 244.2 243.7 242.6 241.5 240.2 238.9 237.6 236.2 234.8 233.5 231.5 229.4 222.5 226.2 230.7 234.5 237.2 239.4 241.5 242.9 244.3 245.7
232.1 238.4 241.1 242.8 243.3 243.3 242.2 241.1 240.2 237.6 235.1 232.2 229 225.9 222.9 219.7 216.8 213.6 211.1 208.4 204.9 199.9 195.3 189.2 180.4 172.9 170.5 177.5 186.3 193.7 200 206.2 213.3 217.4 220.5 223.3 225.5 228.6 231.3 232.8 234.3 235 235.3 230.6 223.8 234.7 238.8 241.3 242.4 243.4 244.2 245.1 246.2 246 245.4 244.8 244.2 243.5 243 241.7 240.3 239 237.6 236.2 234.9 233.5 232.6 230.4 227.7 219.6 228.4 232.4 236.1 238.5 240 241.5 242.9 244.8
233 238.5 241.6 243.2 243.9 244.2 243.1 242.2 241.3 239.9 237.5 234.9 232.4 229.4 226.3 223.1 219.9 216.9 214.4 210.7 205.9 201.5 195.8 188.8 181.3 172.9 172.3 178.9 187.8 195.4 201.9 208.5 214.3 218.2 221.3 224.3 227.3 230.4 232.7 234.6 236.1 237.3 236.7 236.2 229.9 232.7 238.7 241.1 242.2 243.1 244.1 245.2 246.3 246.2 245.5 244.9 244.3 243.7 242.8 241.3 240 238.8 237.7 236.3 234.9 233.6 232.5 231.2 229 220.7 219.7 230.1 234.1 237.5 239.4 241.3 243.1 245
233.9 239.1 241.6 243.7 244.3 244.6 244.1 243.1 241.9 240.5 239 236.5 234 231.5 229 226.4 223.3 220.3 217.1 213 207.4 202.5 198.4 191.8 181.4 173.3 173.7 180.9 189.7 197.2 203.3 209.8 215.2 219.2 222.6 225.7 228.8 232.2 234.1 236.3 237.7 238.8 238.4 237.7 235.3 234.5 238.3 241 242.1 243.1 244.2 245.3 246.3 246.3 245.8 245.1 244.5 243.7 242.5 241 239.4 238 236.8 235.6 234.5 233.3 231.7 230.7 229.2 222.4 214.1 228.1 232.7 237.2 239.6 241.4 243.3 245.2
236.1 239.6 242 244.3 244.7 245 244.8 243.7 242.3 241 239.4 237.7 235.6 233.3 230.9 228.4 225.7 222.6 219.7 216 209 202.5 199.9 192 184.6 172.4 174.3 181.9 191.7 197.9 204.5 212 215.8 219.6 223.7 227.9 230.9 234 236.1 237.9 239.1 240.3 239.9 239.2 237.2 235.4 238.9 241.1 242.2 243.2 244.3 245.3 246.4 246.4 246 245.2 244.6 243.4 242.2 240.7 239.1 237.6 236 234.8 233.6 232.5 230.7 229.3 227.9 217 211.9 226.7 231.5 236 239.7 241.6 243.5 245
236.8 239.2 242.1 244.7 245 245.4 245.4 244.1 242.8 241.3 239.7 238.1 236.2 234 231.8 229.7 227.1 223.7 220.2 217 207.5 204.6 199.7 194.9 183.8 173.4 175 183.6 191.8 198 206.9 212.6 216.6 221.2 225.9 230.1 233.4 235.8 237.8 239.2 240.3 241.4 241.1 240.3 238.6 238.5 239.7 241.2 242.6 243.4 244.3 245.4 246.5 246.4 246.1 245.6 244.3 243.1 241.9 240.4 238.8 237.3 235.7 234.1 232.8 231.3 229.1 227.6 226 212.4 214.1 225.5 230.3 234.9 238.9 241.8 243.4 245.1
238.5 240.8 243.1 245 245.6 245.8 245.5 244.5 243.2 241.7 240 238.1 236.3 234.3 232 229.6 227.7 225.3 221.3 211.5 209.7 205 199.4 194.9 184.8 174.7 174.6 184.2 193.6 198.8 205.8 213.9 218.8 223.5 228.1 232.3 235.3 237.5 239.2 240.4 241.4 242.5 241.8 240.9 240.2 240.4 241.2 242.1 243 243.9 244.7 245.5 246.6 246.5 246.5 245.6 244.2 242.8 241.6 240.1 238.5 236.9 235.4 233.8 232.3 230.2 227.8 224.4 218.7 206.6 211.3 224.5 229.3 233.8 237.8 241.8 244 245.8
240 242.5 244.7 245.6 246 245.9 245.5 244.6 243.6 241.9 240 238.2 236.3 234.4 232.3 230 227.8 225.7 218.4 212.6 208.9 204.7 198.4 188.4 182 174.6 174.8 182.2 192.7 201 206 214.5 219.8 224.8 229.9 234.2 237.2 238.8 240.5 241.6 242.6 243.4 242.6 241.8 241.3 241.9 242.7 243.2 243.7 244.5 245.3 246.1 246.8 246.8 246.4 245.5 244.1 242.7 241.3 239.8 238.2 236.6 235.1 233.5 231.9 230.1 227.4 220.2 206.4 201.6 206.6 220.9 227.4 232.1 236.6 240.5 243 245.3
242.7 244.2 245.3 246 246.3 246.1 245.6 244.7 243.6 242 240.2 238.3 236.4 234.5 232.5 230.5 228.1 224.4 217.8 210 207 203.1 197.7 187.8 179 175.2 175.2 182.9 192.6 203.1 208.5 214.6 219.6 226.7 232.2 235.6 238.3 240.3 241.8 242.8 243.4 244 243.4 242.7 242.5 243.1 243.6 244.1 244.6 245.1 245.9 246.7 246.9 247.1 246.5 244.9 243.5 242.2 240.8 239.5 238.2 236.8 235.4 234 232.2 230.3 228.2 225.6 214.6 198.5 199.5 208.8 224.5 230.2 235.5 239.3 241.7 244.1
244.3 245.1 245.7 246.4 246.6 246.3 245.6 244.7 243.6 242.2 240.3 238.4 236.5 234.4 231.9 229.8 227.4 222.2 216.8 212.1 206.7 202.2 197.9 187.7 182.4 176.3 175.3 183 193.8 203.5 209.8 215.2 220.7 228.4 233.8 236.9 239 241.1 242.8 243.4 244 244.6 244 243.4 243.5 244 244.5 245 245.4 245.9 246.6 246.8 247 246.9 246 244.5 242.8 241.5 240 238.7 237.4 236.2 234.9 233.9 232.5 230.6 228.4 226.4 222 208 195.9 200.1 212.3 226.8 234 237.7 240.5 242.9
245.1 245.7 246.2 246.8 246.9 246.2 245.3 244.4 243.5 242.3 240.4 238.3 236.2 234.1 231.5 228.9 225.5 220.1 215.1 210.7 206.1 201.8 192.1 185.5 179.3 176.3 175.9 181.1 190.7 201.5 209.4 216.3 222.3 230.2 235.1 237.7 239.8 241.8 243.3 244 244.6 245.3 244.7 244.2 244.4 244.9 245.4 245.8 246.3 246.8 246.9 247 247.1 246.9 245.6 243.9 242.3 240.8 239.3 237.8 236.6 235.3 234.4 233.4 232.6 230.9 228.9 226.9 224.1 214.5 199.3 194.4 204.7 222.6 230.4 235.1 238.9 240.6
245.6 246.1 246.7 247.2 246.7 245.9 245.1 244.2 243.2 242 240 237.9 235.8 233.7 230.9 227.9 223.3 218.4 213.4 208.7 203.8 199 190.7 181.1 178.4 177 177.4 181.2 189.2 195.7 205.2 213.1 219.7 230.7 235.7 238.7 240.6 242.3 243.8 244.5 245.2 245.8 245.5 245 245.4 245.8 246.2 246.7 247.2 247.4 247.3 247.3 247.3 246.5 245.6 243.9 242.1 240.3 238.5 237 235.9 234.8 233.7 233.1 232.2 230.6 228.7 226.7 224 214.5 200.7 192.1 200.8 216.2 221.3 222.2 223 233.5
246.4 246.4 247 247.2 246.6 245.7 244.8 243.9 243 241.3 239.4 237.4 235.4 232 228.6 224.3 220.6 215.5 211 204.7 200.1 190.5 185.1 180.6 182.2 181.2 178.3 179.4 183.9 189.2 196.9 207.2 217.6 229.7 235.8 239.3 241.1 242.8 244.4 245.1 245.9 246.3 246.2 245.9 246.3 246.7 247.1 247.6 248 247.8 248.1 248.6 247.5 246.7 245.5 243.7 241.8 240 238.5 236.7 235.1 233.9 232.7 231.8 231 230.1 228.1 225.9 223.4 211.3 200.5 189.5 199.2 213.7 208.5 208.7 218.9 233.5
247 247.6 247.5 247.9 246.3 245.5 244.6 243.7 242.6 240.7 238.8 236.6 234 230.2 225.4 221.9 217.9 213 205.4 200.4 195.8 187.1 183.8 184.2 184.8 190.2 179.4 179.5 182.6 188.6 198.3 208.7 221.1 230.3 235.9 239.2 241.1 242.6 244.2 245.9 246.6 246.8 246.8 246.8 247.2 247.6 248 248.5 248.6 248.8 249.1 248.9 246.9 245.6 245.1 243 241.4 239.7 238 236.8 234.7 233.1 231.2 229.9 229.7 228.6 227.4 225.1 222.5 211.6 197.4 186.1 198.1 205.7 200.9 204.2 216.7 226
247.6 247.7 250.3 247.2 246.1 245.2 244.3 243.1 241.7 239.8 238 235.9 230.5 229.4 223.5 219.5 214.6 209.5 202.1 195.8 185.4 185 189.3 191.8 191.7 189.4 179.9 180.6 184 193.3 202.3 210.2 219.8 228.8 234.8 238.6 240.7 242.3 244 245.6 247.3 247.6 247.6 247.8 248.2 248.6 248.9 249.1 249.3 249.5 249.6 247.9 245.6 245.6 244.6 242.6 240.7 239 237.4 236 233.8 232.1 230.1 226.5 224.9 227 225.3 224.1 222.2 209.1 195.4 186 190.7 192.2 196.5 203.6 218.8 226.7
248.1 247.7 247.5 246.9 245.8 244.9 243.5 242 240.6 238.8 236.9 234.7 229.7 225.3 220.8 216.2 211.2 206.4 199.1 191.4 184.6 191.1 196.3 196.1 195.8 188.2 182.3 181.7 186.1 194.9 204.7 211.3 218.5 225.9 232.3 237.7 240.6 242.5 244.2 245.9 247.6 248.5 248.3 248.7 249.1 249.3 249.5 249.6 249.8 250.2 249.2 247 245.9 245.7 244.3 242.2 240.1 238.3 235.9 234.2 232.5 230.8 228.1 219.3 212.7 213.4 214.1 214.3 213.2 201.5 193 185.6 185 188.3 195.4 204.2 209.5 213.3
248.3 247.7 246.7 246.2 245 243.8 242.4 240.9 239.4 237.9 235.7 233 229.4 223.5 218.9 213.4 207 200.7 195.5 188.2 187.4 197.7 197.1 197.7 197.4 191.5 183.5 181.6 185.5 196.7 204.4 207.5 213.2 219.1 228.8 236.4 241.1 242.9 244.6 246.4 248.1 249.2 249.2 249.6 249.7 249.9 250 250.2 250.3 250.1 248.8 246.9 246.2 245.5 244.2 242.2 240.2 238.2 235.2 233 230.6 228.9 221.9 211.2 204.1 201 202.4 201.6 198.8 196 188.8 184.3 181.8 186.3 191 195.5 199.8 205
