data/310000-90000.asc
ncols 200
nrows 200
xllcorner 310000
yllcorner 90000
cellsize 50
[rows 105 to 139 of 200, columns 0 to 79 of 200]
60.4 63.5 65.8 68 68.9 69.3 70.4 73 75.6 74.2 71.2 69.3 71.4 73.4 76.2 80 83.6 87.5 94.1 99.2 102.9 105.8 108.5 111.2 113.8 117.5 120.8 124 127.5 131.1 134.5 137.4 136.8 139.1 140.9 144.2 147.1 148.8 151.9 154.7 160.4 164.9 173.1 181.5 189.3 201.9 219.4 237 241.3 242.6 244 245.2 244.3 243.5 242.4 241 239.1 236.6 234.5 232.3 229 221 206.1 195.3 211.6 213.6 201.2 189.1 177.6 169.6 160.8 153.4 144.5 141.8 147.3 147.3 143.9 137.5 132.7 127
60.3 62.7 66.7 69.1 69.6 69.5 68.5 70.6 73 71.8 68.6 67.5 69.2 71.3 74.1 77.8 82.2 86.6 93.9 100.1 104.5 108.1 110.8 113.4 116.1 118.7 121.6 124.8 128.1 131.7 135.2 138.6 139.7 141.2 141.7 142.9 145.3 146.3 150.5 155.5 160.6 166.6 173.9 182.5 190.6 205 222.7 240.2 242.1 243.3 244.7 245.1 244.3 243.3 242.2 241.1 239.5 237.3 235.2 233 230.2 225.6 211.3 194.2 181.8 186.3 176.6 172.4 168 160.3 153.1 151.3 151.6 154.2 160 165.5 161.5 148.7 142.5 134.3
60.3 62.7 66.1 68.3 68.7 68.1 66.3 67.2 68.7 67.6 66.3 65.9 67.4 69.8 72.8 76.5 81.1 86.5 92.8 98.8 105.5 110.1 112.7 115.4 118.1 120.6 123.1 125.8 128.8 132 135.1 137.4 137.5 137.5 137.7 138.2 140.2 141.6 148.6 156.1 161.8 168.3 174.7 183.5 193.4 208.3 225.9 241.8 243 244.1 245.3 244.9 243.8 242.5 241.4 240.3 238.4 237 235.6 233.5 231.1 226.9 221 206.7 191.9 182.4 176.4 172.4 172.2 170.9 169.2 172.1 173.7 179.7 189.2 197.6 197.1 177.5 153.4 141.1
60.2 61.6 63.2 65.1 66.7 66.2 64.3 63.7 62.5 63 63 65.6 67.7 69.9 73.2 77.1 81.3 86.1 92.9 100.1 107.5 112 114.7 117.4 120.1 122.6 124.8 126.9 128.1 130.9 133.8 135 133.5 130 130.5 135.6 138.1 143.8 149.6 157.1 164.5 172.3 178.9 186.5 199.3 212.4 229.2 242.7 243.8 244.7 245.1 244 242.9 241.7 240.6 239.1 236.7 235.4 234 232.6 231.2 228.9 225 218.7 206.7 197.9 192.7 194.2 197.3 200.4 198 201.1 198.3 203.9 201.3 201.1 198.9 180.1 155.2 143.7
58.8 59.2 59.8 61 62 60.2 58.5 58.9 61.9 64.6 66.1 66.2 68.4 70.9 73.9 78 82.2 86.5 91.9 99.2 107.2 113.9 116.9 119.7 122.3 123.7 124.3 125.4 126.4 129.1 129.6 131.1 128 123.5 129.6 136.3 140 146.7 151.9 158.5 165.1 172.9 180.7 190.5 206 219.6 234.2 243 243.6 244.3 244.2 243.2 242.1 241 239.8 237.3 235 233.8 232.4 231 229.8 229.2 227.1 224.5 220.1 213.3 213.7 216.9 219.1 218.5 218.1 216.7 211.6 208.1 204.2 202.6 193.4 171.8 149.3 143.5
57.2 57.1 56.6 56.5 57 55.7 57.5 61.2 65.2 67.2 69.2 68.7 70.6 73.3 76.2 80.4 84.6 88.9 95.6 105.1 111.2 116 118.9 121.8 123.4 123.9 123 123.2 124.1 122.5 121.6 122 119.1 124.2 131.9 138.4 144.2 148.7 153.5 158.5 165.6 173.4 181.4 193.6 209.1 224.6 240 243.6 243.5 243.9 243.1 242.4 241.3 240.2 239 235.6 233.4 232.2 230.9 229.5 228.4 227.6 226.1 225 222.2 219.9 220.1 219.5 219 218.5 218.3 217.7 215.8 210 204.9 201 179.6 157.8 148.2 144.9
54.9 54.2 54 53.4 53.7 55.8 60.5 65.1 67.1 67.3 70.5 70.6 73.6 76.7 79.5 83.7 88.7 94.9 100 109.2 114.9 118.1 120.9 123 123.5 120.2 118.1 118.2 117 114.6 111.8 115.4 121.4 127.5 133.3 139.1 144.9 149.6 154.5 159 166.2 174.3 182.5 193.6 208 222.5 237 243.4 243.1 243.5 242.9 241.5 240.5 239.4 237.2 233.8 231.7 230.5 229.3 227.9 226.9 226.1 225.2 224 223.5 221.8 220.7 219.4 218.9 218.6 218.4 217.7 216.3 211.7 204.3 194.7 168.3 151.5 146.9 143.4
51.9 51.3 50.9 52.7 55 58.1 63.2 66.4 66.1 66.5 68.3 73.1 75.7 79.7 84.2 88.6 94.4 102.7 105.9 112 116.4 117.9 119.8 120.6 115.2 110.7 110.1 109.7 110.2 107.4 113 119 125.5 130.3 135.8 141 146.2 152 157.7 160.9 169.7 177.4 184.9 195.9 207.4 219.2 232.4 243.6 243.2 243 242.9 240.8 239.7 238.6 235.5 232 230.1 228.9 227.7 226.3 225.5 224.6 223.7 223 221.9 220.9 219.4 219.5 219 218.8 218.5 217.7 216.5 215.2 208.1 188.1 160.7 147.7 145.5 140.4
47.2 48.1 51.4 53.8 56.2 58.7 62.1 63.8 64.4 66.4 68 71.7 77.5 81 86.6 90.1 93.9 100.3 105 106.6 109.5 109.6 108.5 103.6 102.8 101.2 101.1 100.6 105.6 111.4 116.2 122.4 127.9 132.6 137.9 143.1 148.6 154.4 160 164.5 172.8 180.7 187.8 199.1 210.6 222 233.6 244 243.8 243.4 242.8 240.9 238.8 237.2 233.7 230.2 228.4 227.2 226 224.9 220.5 219.3 217.1 215.7 215.2 215.2 216.6 217.2 218.2 218.8 218.3 217.8 216.6 215.4 214 185.5 155.3 146.3 142.3 135.5
51.8 49.9 50.5 52.9 54.4 56.2 59.3 60.9 62.7 67 70.3 75 78.1 81.5 84.9 87.5 88.7 91.1 95 95.6 97.1 97.2 94.2 92.7 94.4 98.2 102.1 106.4 112.2 116.7 118.3 124.4 128.4 134.3 140 145.9 151.2 156.8 162.1 168 174.5 181.5 191.9 204.3 216.6 227.7 238.8 242.7 243.3 243.1 241.9 240.1 238.3 235.3 231.9 228.5 226.7 223 216 210.2 206.4 202.5 199.8 199 198.3 198.5 201.6 204.7 204 211.9 217.2 217.3 216.3 215.4 212.5 178.4 150.9 145.9 142.7 129.6
57.2 55.6 53.5 54 54.3 55.1 57.2 60 64.3 69.1 73.8 76.3 76.5 78.3 79 79.5 81.8 82.2 82.4 82.8 86 86.8 91.3 94.5 97.9 102.5 106.7 111.6 117 121.9 125.1 128.2 131.8 136.9 144.4 150.2 155 159.4 165.3 170.8 176.9 184.5 197.6 210.3 222.8 234.1 243 242.4 242.6 242.6 240.9 239.1 237.2 233.2 230.4 227.5 215.2 209.9 204.6 194.7 188.6 186 182 177.2 178.5 180.8 183.7 187.2 188.1 200.3 212.6 216.2 215.6 213.8 211 179.3 149.6 148.7 141.5 132.2
67 63.3 60.4 60.6 60.8 59.3 56 59 64.1 71.2 70 69.9 70.3 71 72.4 73.7 77.7 78.6 81.1 86.2 87.6 91.1 94.8 97.8 101.3 106.2 110.4 115 120.2 125 129.3 132.6 135.3 139.5 144.9 150.7 155.7 160.6 167.3 173.9 180.3 188.9 203.4 216.7 229.3 241.5 242.4 242.1 241.6 241.7 240.5 238.7 236.4 233.3 230 227.2 223.1 218.8 213.4 204.3 194.3 188 184.5 177.4 159.1 165.3 168.1 168.6 173.5 184.2 193.8 200.1 212.9 211.9 206.9 176.3 148.4 148.9 140.3 132.3
75.2 72.9 70.9 69.3 67 64.3 64.7 61.5 60.4 65.2 62.9 70.3 71.8 70.2 72.9 77.3 81.9 84.3 86.7 90.8 92.6 92.7 96.6 100.7 105.7 109.8 113.7 118.2 123.4 126.4 131.6 136.5 139.9 144 147.9 153.2 158.5 163.9 169.5 176 183.2 194.5 208.7 223.5 236.7 243 242.6 242.2 241.4 240.9 240 238.5 236 233.6 231.9 230.1 227.4 225.1 222.2 213.9 204.1 198 194.5 176.7 166.3 159 153.8 153.9 157.7 163.7 173.2 181.4 195 206.3 203.9 166.9 153.1 155.9 141.9 133
73 73.8 75.6 76.1 70.5 67.2 65.6 64.4 66.2 65.5 70 76.3 74.9 74.4 76.8 81.2 86.1 87.5 90.3 93.3 95.4 97.5 99 103.5 106.9 111 115.7 121.1 124.5 128.8 133.9 139.1 143.7 147.5 150.9 155.6 161 166.4 171.6 176.7 186.4 200.2 214.7 228.8 243.7 243.2 242.7 242.2 241.6 240.8 239.6 238.2 235.8 233.5 232.5 231.1 229.7 227.8 225.8 222.8 214 208 197.4 186.9 176.9 166.8 159.9 150 146.9 148.3 154.4 164.2 176.2 188.3 191.5 172.5 146.8 157.4 139.4 131.7
68.1 67.5 68 68.1 66.1 64.6 65.4 65.7 67 68.6 70.8 72.5 72.2 75.5 81.4 85.3 89.9 92.7 94.4 97 100.2 102.7 102.7 105.1 108.2 111.7 116.6 122.4 124.4 128.2 133.6 139.2 144.3 148.7 152.9 157.8 163.3 168.8 174 180.8 192.1 205.2 218.3 232.5 242.9 243.2 242.8 242.3 241.3 240.1 239 237.8 235.7 233.9 232.9 231.6 230.1 228.6 226.6 224.7 222.5 218.1 207.3 197.7 187.6 177 167.7 157.2 150 141.9 138 145.5 157.8 169.4 175 174.7 149 140.4 136.2 130.6
62 60.7 60.9 61.8 60.1 61.4 62.6 63.6 65 66.8 68.3 69.6 71.6 77.8 83 87.7 93 96.8 101.9 105.6 107.3 107.3 106.2 106.5 109.7 112.6 118 122.6 125.9 129.2 134.2 139.1 143.6 148.7 153.5 158.2 163.8 169.6 176.1 185.1 197.1 209.7 222.6 236 243.4 243.2 242.9 241.8 240.6 239.5 238.3 236.9 235.1 234 233.4 232.1 230.6 229.2 227.6 225.7 223.7 221.5 218.1 208.6 198.3 188 174.3 161.9 152.7 146 139.1 131.8 135.4 145.7 155.2 161.4 152.4 141.5 134.4 127.1
56.6 55.7 55.3 56.3 58.3 59.7 61 62.9 63.2 65 67.3 70 73.6 80.3 85.5 92.3 98.8 102.7 107 111.6 112.6 109.2 105.9 105.9 108.4 111.1 114.4 120.7 126.1 130.1 134.3 139.2 144.6 149.3 153.9 158.9 164.3 169.5 177 188.3 201.9 214.9 227.2 240 243.4 243.3 242.5 241.2 240 238.8 237.5 236 234.4 231.5 231.9 231.5 230.2 228.6 227.8 226.3 224.5 221.9 219.2 216.7 210.4 198.2 179.9 165.6 154.4 147.6 142.4 135.4 126.8 129.3 138.1 145 146.8 138.3 130.5 123.1
52.5 55.1 55.3 57.6 60.1 63 65.4 64.8 68.6 70.8 72.3 72.7 77 82.5 88.4 97 100 104.3 109.2 113.5 115 105.7 100 101 104 108 113.1 120.1 125 130 134.7 139.1 145.6 150.5 154 159.5 164.8 171.1 179.2 191.6 205.2 218.8 232 240.8 243.4 242.1 241.2 240.4 238.9 237.5 236.1 234.7 232.3 231.7 231.4 229.8 228.6 227.5 226.9 225.4 224 221.8 219.2 217 213 204.4 185.7 169.6 157.6 149.3 142.5 136.2 128.9 120.3 122.8 132.2 140.6 135.2 124.1 118.1
54.1 57.5 58.3 64.4 69.8 72.7 76.1 75 77.2 79.5 79 77.4 80.7 84.5 88.8 94.1 97.2 100.9 109.7 110.7 104.4 95.8 100.4 105.4 107.4 110.7 116.5 121.9 126.6 131.4 136.4 141.2 146.7 151.1 154.9 158.5 163.8 172.7 181.5 195.3 209 222.7 236.4 241.1 242.1 240.4 239.6 238.9 237.7 236.2 234.8 232.6 229.6 228.5 227.7 228.5 227.3 226.7 226 224.6 223.2 221.8 219.5 217.3 213.8 206.7 191.3 176.7 163.7 153.4 146 138.9 131 122.6 116.2 116.1 127.6 122.4 117.7 113.3
55.8 59.1 61 69.5 73.2 75.9 78.3 80.3 83 86.2 84.5 81.1 84.1 88 91.2 94.6 94.5 94.3 99.2 98.6 91 95.8 102.2 107 110.5 114 118.6 123.3 127.9 132.9 137.9 142.9 147.9 151.9 156.1 162.1 169 174.6 186.2 200.2 214.1 227.7 238.9 240.9 240.4 239.3 238.3 237.4 236.7 235 232.9 229.7 226.8 221.7 222.1 222.8 224.9 225.7 224.6 222.9 221.6 220.4 218.5 216.4 214.6 209.7 202.1 187.6 173.3 161.1 149 141.2 132.8 124.8 116.3 107.4 112.1 113.7 111.7 108.8
52.5 54.2 59.6 63.8 67.2 70.8 73.9 76.8 80 82.3 83.3 83.8 86.8 90.6 99.4 99.6 94.2 89 85.8 84.4 92.9 98.7 103.2 108.2 112.8 116.3 120 124.7 129.5 134.4 139.4 144.5 149.6 154.5 160 165.6 172.8 179.7 191.8 205.4 219.2 233 238.9 239.8 239.2 238.2 237.3 236.3 235.3 233.7 231.4 226.9 223 203.2 209.8 214.4 215.5 218.8 221.9 220.4 219.7 218.7 217 215 213 210.5 206.4 198.2 186.1 170.5 155.5 143.3 135.4 127.4 119.1 110.7 101.6 104.1 101.9 99.3
52.7 52.6 53.6 57.3 60.9 64.2 67.4 70.7 74.1 77.5 81.2 84.2 87.6 92 105.7 101.3 89 82 86.9 91.5 93.1 99.8 104.7 109.4 113.8 118.2 121.8 126.4 131.2 136.1 141 146 151.4 156.8 163 169.2 175.6 184.3 197.7 211.1 224.6 238.1 238.6 238.6 237.8 236.7 236 235.1 234.1 232.3 230.2 226.6 223.1 206.7 189.5 203.3 205.6 206.9 208.8 209.4 210.5 214.1 212.7 211.4 208 205.3 203.2 199.7 193.5 179.7 163.1 148.1 140.7 133.2 125.6 116.7 110.5 103.9 99.9 95.4
53.9 54.3 56.1 55.5 56.9 58.9 61.2 64.1 68.1 71.8 76.1 81.8 86.6 89.4 92.5 91.4 80.6 83.1 89 94.7 98 102.2 106.4 111 115.4 119.9 123.7 127.7 132.6 137.8 143 147.7 153 158.6 164.2 170.5 177.3 188.7 202.9 216.8 230.3 237.6 237.2 237.2 236.3 235.1 234.3 233.6 232.7 230.9 228.8 225.6 221.5 210.6 194.3 181.4 191.1 193.1 193.8 194.1 197.1 201.4 204.6 201 195.8 191.1 188.3 187.7 186.6 181.6 170.1 156.7 150.1 145.5 137.1 129.5 122.7 116.3 107.8 102.9
60.6 62.3 60.8 59.1 58.5 58.4 60 61.2 62.7 66.6 71.9 78 83.6 85.5 86.3 82.7 77.1 86.1 91.7 97.5 100.8 104 108.1 112.7 117.4 122.3 126.7 129.7 133.5 140.2 144.4 148.8 154.8 160.6 166.3 172 178.8 193 207.1 221.3 235.5 236.8 236.1 235.3 234.1 233.4 232.5 231 229.6 228.7 227.3 225.1 221.4 216.7 203.7 190.3 173.9 176.4 178.5 180.1 181.5 184.4 186.2 182.7 179.1 174.3 171.5 170.4 168.9 166 159.8 157.3 162.4 160.3 153.4 145.4 137.1 130.2 118.1 108.2
62.4 64.1 62.7 63.9 64 65.1 66.7 68.1 65.3 62.8 65.4 70.3 75.5 77.4 79 75.2 79.6 87.5 93.6 98.9 102.7 106.4 110.7 114.7 119.8 124.6 129.2 133.7 138.3 142.9 147.2 150.8 157 162.9 168.6 174.9 181.7 196.5 213.4 228.8 237.2 236.5 235.4 232.1 230.6 228.8 227.6 227.4 226 225.2 224.4 223.2 221.6 217.6 212.7 201.1 187.5 170.6 159 161.2 163.4 167.4 170.3 168 165 162.5 156 153 150.2 147.4 146.3 150.9 161.2 170.9 168.5 161.4 153 138.1 121.6 107.2
63.1 65.5 66.4 68.5 68.9 68.8 73 76.2 76.8 73.5 67.7 66.4 68.4 69.5 71.6 72.3 79.6 86.8 94 100.2 104.7 109.3 113.5 117.1 121.5 126.7 131 135.7 140.4 145.4 150 154.6 159.3 165.1 171.6 177.9 185.5 203.1 220.9 237.4 236.8 236.1 234.1 230 224.3 221 219.4 218.9 216.5 215.8 217 217.6 217.7 216.1 214.1 208.5 199 185.2 169.2 156.8 145.5 153.4 157 157.6 156.6 153.8 147.7 144.6 141.1 138.3 137.5 138.9 147.1 157.2 163.5 168.5 161.3 141 120.1 106.6
66.2 69.7 71.8 73.3 74.1 73.2 77.3 80.2 81.9 80.5 74.9 70.6 72.1 73.6 69.5 72 80.5 87.2 94.2 100.2 105.6 110.8 115.5 120.3 123.6 128.1 132.6 137.2 141.8 146.5 152 157.4 162.4 167.4 174 181.7 192.7 209.3 226.8 237 236.4 235.7 233.1 227.9 219.1 213.4 206.2 202.5 199.5 201.2 203.6 203.7 204.9 208.7 210.9 207.8 200.5 181.3 164.4 154.2 145.9 140 148.3 149.9 149.2 146.7 141.3 137 133.4 130.3 128.3 129.6 134.3 141.1 147.8 156.7 155.4 136.6 117.7 104.6
67.9 71.5 76.8 79.6 80.2 79.3 80.7 83.2 84.8 83.2 79.8 76.3 75.6 78.6 81.8 79.5 78.5 85.7 94 99.5 104.9 111.8 115.7 120.6 124.1 128.5 133.2 137.9 142.5 147 151.9 160 165.4 170.6 176.8 186.4 200.6 214.7 230.7 236.6 236 235.4 233.2 228.5 220.2 208.9 198.8 188.8 184.4 188.3 188.9 188.7 191.8 197.3 199.2 199.2 185.6 168.5 157.1 146.7 136.2 138.2 140.8 142.7 141.9 140.2 135.1 130.4 126.7 123.6 120.8 120.3 124 126.8 131.9 139.4 140.1 131.9 115.1 101.5
70.9 73.3 75.8 80.1 82.3 82.9 83.9 85.6 87.1 84.9 82.5 79.3 78.7 82.6 86.3 87.4 83.4 83.4 90.9 97.8 104.1 110.7 116.5 120.9 124.9 129.1 133.7 138.4 144.2 150.1 154.6 162.1 167.1 171.9 180.8 192 206.6 221 235.1 236.4 235.8 235.2 233.7 230.5 224.8 215.3 202.7 192.4 183.8 175.3 173.6 174.8 179 182.9 184.9 183.4 169.5 159.1 150.9 141.7 132.1 134.2 135.3 134.3 134.4 132.7 128.7 126.6 125.5 123.4 119.7 115.1 114 115.5 118 124.5 132.5 122.9 110.6 99.5
73.6 76.2 75.3 77.3 80.6 82.6 85.7 88.4 89.2 86.9 84.5 82.4 83 85.7 89.5 94.5 91.3 83.8 92.4 99.4 105.4 111.5 117.8 123.2 126.3 131.2 135.6 139.6 145.5 153 157.6 163.1 168.9 173.3 182.9 196.2 210.3 224.4 236.9 236.6 235.8 235 233.7 231.5 228.1 222.1 211.7 200.8 192.1 183.3 170.9 164.7 164.6 168.1 169.7 168.5 161 153.5 145.9 137.8 130.9 125.3 129.6 134.9 133 131 131.1 131.8 129.1 124.7 120.6 115.9 111.2 107.5 107.7 113.4 118.2 115.2 105.9 94.6
76.2 79.6 79.7 79.4 81 84 87 88.6 89.7 89 87.7 87.4 88.1 90.1 94.9 103.9 102.3 86.5 93.4 100.5 105.6 111.4 117.4 122.1 127.9 133.2 139 143.8 149.1 152.6 158.3 164.2 170.3 176.9 188.3 200.6 213.7 227.8 236.9 236.7 236 235.2 233.9 231.8 229.5 226 220.5 212.4 201.3 191.7 179.9 168 162.3 156.2 155.2 156.5 156.4 148.4 141.9 134.2 127.2 121 121.1 128.2 130.6 131.4 134.2 132.5 129.4 124.1 120.8 117.1 112.1 107.9 102.7 105.1 111 106.4 101.7 92.9
77.9 81.8 83.6 81.8 83 85.8 86.5 87.3 88.4 89.9 91.3 93.1 93.4 96.3 106.3 116.3 109.4 95.6 90.9 99.2 106.7 112.4 116.5 120.8 126.3 132.7 138.4 144.7 149.4 154.1 158.6 164.5 172 180.2 192.5 205.4 218.2 231.1 236.8 236.7 236.2 234.7 234 232.1 229.8 226.8 224.8 221.2 213.4 202.9 190.4 177.7 165.4 158.3 150.9 145.1 147.7 144.1 136.7 131.3 125.1 118.8 115.6 120.3 122.7 124.6 131.7 134.6 131.5 127.9 125.4 120.7 114 107.8 100.4 98.4 101.2 99.4 95.5 89.9
78.4 79.6 81.2 80.2 81.4 83.4 83.4 84.7 86.7 90.6 95.8 97.8 99.3 104.7 112.7 119.7 121 105.1 93.8 96.9 105.5 112 118 121.9 125.5 133.3 138.8 144.8 149.5 155.2 160.9 167.2 174.3 183.1 196 209 221.9 234.9 236.9 236.7 235.6 234.6 234.2 232.5 230.2 227.9 225.7 223.4 220.8 213.9 201.5 189.1 176.4 162.4 155.5 146.9 139.3 134.2 130.6 128.1 123.5 118.7 113.9 113.8 116 121.7 130.9 139.7 137.7 134.8 131.1 125.2 118 109.6 101.4 93.4 91.1 91.5 89.4 86.5
78.1 78.5 78.4 76.7 75.4 76.2 78.4 83.4 87.7 93.7 99.2 102.6 107.8 112.4 117.5 122.4 125.3 114.8 103.2 97.8 101.8 108.5 113.8 117.8 123.3 130.9 137.3 144.6 150 154.7 161.1 168.7 176.7 186.6 199.6 212.5 225.5 235.5 236.8 236.1 234.1 234.6 233.5 232.5 230.9 228.6 226.3 224.1 221.8 219.8 212.3 200.7 187.7 173.7 159.1 150 141 133.5 128.7 126.8 116.7 112 108.6 108.6 112.8 120.6 133.7 144.4 143.6 141.5 137.4 130.6 122.9 113.6 105 96 85.8 84.8 83 81.1
76.8 76.5 75.8 73.3 70.6 74 80.6 85.2 90.8 96.1 99.6 104.1 108.8 113.2 117.1 121.3 124.5 119.9 108.7 103.6 103 104.5 108.8 115 123.6 131.9 137.6 144.7 150.5 156.7 162.9 170.9 179.2 190.4 203.5 216.7 229.8 234.4 235.2 234 234.1 233.7 232.6 231.6 230.5 229.3 227 224.8 222.5 221.3 217.8 211.8 199.3 184.5 169.6 154.7 146.1 139.3 130.9 126.3 123.4 118.1 112 106.5 116.4 123.6 134 145.4 149.6 152.9 149.9 140.1 128.2 120 110.7 101.3 93.3 85.1 79.2 74.7
