data/310000-800000.asc
ncols 200
nrows 200
xllcorner 310000
yllcorner 800000
cellsize 50
[rows 105 to 139 of 200, columns 78 to 155 of 200]
796.1 802 806.6 803.4 794.4 769.1 743 717 692.7 671.1 651.8 634.2 620.2 613.2 618.4 626.1 641.3 654.2 661 667 674.9 679.7 673.4 664.4 657 649.1 640.4 630.9 634.3 657.3 677.4 696.7 718.8 740.5 760.7 780.3 801.1 828 850 871.8 890.1 896.3 893.3 882.6 868.2 853.9 835.9 816.5 799.1 783.3 772.5 771.9 779.5 788.6 806.5 820.2 829 826.7 819.3 808 793 773.6 754.7 737.1 721.2 706.7 692.4 676.7 659.2 640.9 624.2 609.6 589.2 567.4 557.9 541.3 560.5 583.2
803.6 809.5 808.6 804.3 789.1 762.7 736.7 711.2 689.5 668.7 650.5 634.4 620.8 616.7 623.4 631.7 648.5 662.3 673.3 680.8 690.6 695.1 687.2 678.7 671 662.3 652.4 643.6 638.2 639.4 656.7 677.6 698.9 721.3 740.1 761.9 794.6 818.3 844.3 868.8 884.9 892.3 887.2 875.7 860 846.2 832.8 815.4 797.4 780.5 768.2 765.1 772.4 785.3 799.5 809.9 808.9 803.6 798.3 790.7 782.1 768 749.2 732.2 717.3 703.7 689.7 674.3 658.2 641.7 626.6 610.5 589.2 574.8 561.3 543.1 555.9 576
810.9 812.7 807.6 801.7 784.1 758.4 731.8 707 685.4 667.7 650.8 635 621.6 620.1 626.4 636.2 653.8 671 684.6 696 706.5 708.6 701 692.8 684.7 673.4 662.9 654.6 649.6 643.9 656.5 674 689.2 716.9 740.6 769.7 789.1 815 843 870.6 885.6 889.4 883.3 874.8 858.9 845.7 832.2 814.9 797.6 780.3 762.1 756.3 766.1 778.7 788.5 793.8 791.3 784.2 779.1 774.7 768.2 756.2 742.6 726.9 715.3 702.2 688.4 673.5 659.2 644.3 629.9 612.9 591.4 577.7 561.8 545.7 556.6 572.6
813.7 813.2 807.3 799 780.6 755.7 729.2 705.3 685.5 669.6 654.1 637 622.4 624.4 633.1 644.6 660.5 678.9 696.3 711.3 723.4 727.7 717.2 707.2 697.9 686.4 675.2 667.3 659.8 654 660.3 679.6 700.5 723.5 747.7 772.2 794.7 818.7 845.6 871.3 890.2 892 880.2 872.5 859.1 847.5 833.5 817 800.2 783.1 762.8 746.5 758.6 765.7 772.5 775 772.5 765 759 755.8 752.1 743 731.4 721.9 710.5 699 686.7 672.8 660.9 648.5 635.9 615.2 593.5 580 563.8 546.7 555.6 574.7
812.6 813.1 806.5 797.1 779.3 757.3 730.9 710.2 691.7 675.6 656.8 637.1 625.7 629.7 639.7 652 668.6 687 705.4 724.3 741.3 745.4 733.7 723.2 712.7 699.5 689.9 679.7 670.1 662.3 664.4 675.7 697.1 721.2 745.6 767.8 791.7 814.3 838.5 865.3 886.4 886.9 876.7 867.8 857.1 845.2 833.2 817.9 801.2 784.7 764.1 743.2 742.8 749 754.3 756.2 753.2 746.7 740.6 737.6 733.2 725.7 714.9 709.6 703 694.7 684.1 671.8 661.3 649.8 636.3 612.4 594.8 581.9 565.7 551.7 553.2 571.3
812.9 812.6 807.5 795.3 777.3 760.6 736.9 715.7 696.1 676.8 656.8 637.2 629.9 637.5 651.2 659.2 674.7 692.7 712.2 732.9 754.8 768.5 753.5 738.7 726.4 714.6 704.3 693.8 682.4 672.5 673.2 673.1 691.3 710.9 734 755.3 777.8 804.1 831 859.2 886.4 888 876.6 865.7 854.1 842.1 830.1 817.6 801.8 784.9 764.9 746.4 737.1 727.4 731.5 735.5 734.8 728.5 723.2 718.6 714 708.5 699.9 697 693.5 687.9 679.4 669.8 659.2 648.4 631.7 611.6 597.4 583.7 567.6 563.9 553 566.8
813.4 813 806.4 792.9 777.6 762.2 740.2 718.7 696.6 676 656.4 638.6 636 642.2 659.6 664.9 679.5 698.4 717.4 739 761.9 782.4 773.1 752.7 744.4 731.8 718.6 706.7 694.1 688.4 683.5 680.7 685.3 702.8 727.2 751 775.8 802.3 830.9 863.1 905.3 901.7 885.3 868.7 853.6 840.7 828.8 817.8 802.4 785.9 765 754 746.4 736.9 724.7 714 714.7 711.7 706.5 701.9 696.1 689.6 683.4 679.9 679 677.1 671.8 664.5 654.5 644 626.9 611.7 598.5 585.3 568.3 568 562.5 564.9
814.5 814.2 804.5 792.6 778.3 761.7 739.6 716.9 694.9 675.2 657.9 641.2 641.5 647.4 658.9 666.9 681.5 699.9 718.8 741.7 767.1 796.9 784.1 768.7 763.4 746.8 732.5 717.1 705.2 704.1 699.5 693.2 690.5 706.3 730.9 755.2 781.2 808.8 838.2 874.2 923.2 911.6 894.1 876.4 858.9 843.8 829.9 819.4 805 788.4 783 771.4 760.8 750.6 740 725.3 710.4 699 690.3 683 677.5 671.9 666.5 664.9 663.4 663 660.9 656.3 649.4 638.8 621.8 608.7 596.6 583.1 567.6 571 568 561.9
814.9 816 808.1 794.9 781 762 737.3 714.1 692.5 675.8 660 643.9 646 653 662.5 671.6 681.6 699 716.9 741.3 769.3 794.7 792.5 792.2 776.3 760.4 743.4 727.6 716.1 716.2 715 708.1 701.7 709.6 730.1 756.6 784.5 814 845.8 881.7 926.3 918.1 901.9 884 866.4 849.9 835.5 821.8 811.8 802.2 802.2 790.1 777.3 765.5 753.9 737 722.9 708.5 697.1 686.4 676.1 667.3 660 652.9 644.5 645.6 647.5 645.8 642.1 631.1 615.5 604.2 589.6 582.3 570.6 572.5 563.9 568.3
814.6 818.1 809 798.5 786.9 769.2 743.5 720.7 699.2 680.1 662.5 649.4 650.9 662.4 667.5 677.6 683.6 699.8 718.3 743.6 775.2 798.1 806.9 801.7 789.9 774.5 756.1 739.6 730.8 730.8 728.4 721 713.9 714.3 729.8 758.1 785.9 817.8 850.5 886.1 931.6 920.5 906.1 890.4 873.9 857.2 843.1 833 824.8 820 825.4 814.9 795.5 781.6 766.8 748.9 732.8 718.8 706.3 693.7 679.5 665.5 657.9 650.7 643.4 635.2 632.7 634.7 632 623.2 609 597.9 587.8 577 577.5 570.5 571.5 571.3
815 819.2 815.4 808.6 796.3 776 749.9 725.8 705.1 686.1 666.1 656.3 664.5 673.5 678 684.1 690 702.3 720.8 747.3 783.8 811.9 817.5 812 803.9 786.6 768.1 750.1 748.9 743.8 743.4 735.6 732.7 727 737.5 761.6 786.1 819.2 851.9 888.4 928.7 921.9 906.9 891.8 877.4 864.2 854.7 845.9 838.9 838.9 846.9 839.3 818.5 797.5 777.5 758.3 742.9 728.2 713.1 697.3 682.7 665.1 656.4 648.2 640.2 632.2 623.2 622.8 620.4 614.8 602.9 596.4 587.8 582.6 578.9 572.3 576.6 572.8
824.2 829.6 828.2 820.5 808 780.9 756 731.6 711.4 690.5 670 668.6 678.5 684.6 688.9 690.5 697.3 708.7 727 748 776.6 806.9 830 825.2 818 800.3 781.8 765.9 766.8 760 759.1 750.1 748.4 745.7 745 767.5 790 819 851.6 899 928.9 922.6 906.8 892.2 881.9 872.6 866.8 859.1 852.3 852.9 857.3 853.1 838.2 816 792.3 771.2 753.8 737.3 721.6 703.3 684 668.1 656.9 646.1 636.1 628.3 619.9 613.3 610 605.8 599.6 594.2 585.2 582.2 575.3 577.8 576.6 574.2
839 846.4 844.7 831.3 812.3 786.3 761.7 738.3 717.8 696.4 676.6 683.3 690.7 695.7 699.7 701.4 706 710 733.7 750.9 776.1 807.5 836 837.6 831.1 814.8 798.4 788.3 788.6 780.6 775.8 768.6 766.5 768.9 752.3 772.8 795 823.4 856.1 897.3 921.3 916.3 904.9 894.8 888.3 883.8 879 871.7 864.2 864.5 866.5 863.8 853.5 831.9 806.9 786.9 767.9 748.1 729.6 710.9 691 673.3 656.9 644.6 633.4 624.6 616.2 609.2 605.7 600.3 595.1 589 584.9 582.2 582.3 578 575.7 573
855.1 862.9 861.3 839.4 816 791.9 768 744.4 723.9 703.4 689.2 696.9 703.5 707.5 711.8 712.1 720.4 717.3 738.7 754 778.7 806.7 837 846.9 842.3 830 817.1 811.1 811.2 800.6 794 789.9 787.2 786.3 773.8 768.8 797.1 828 862.9 900.9 914.4 914.6 908.9 902.8 897 893 887.4 879.7 874.4 873.5 874.2 871.5 864.3 852.6 829.6 806.5 786.6 764.1 743.5 723.7 702.1 680.6 660 644.4 631.2 621.3 612 606.1 602.1 597.4 593.8 590.8 587.2 584 580.6 578.5 575.8 571.4
869.2 876.9 877.7 847.6 821 796.8 772.7 749.3 731.4 713 709 712.6 716.8 719.6 724.4 725.8 733 727.2 739.6 759 781.7 810.5 842.5 858 855.8 848.8 837 832.1 830.6 822.5 814.9 812.8 811.9 810.3 799.6 790 792.1 824.3 876 898.4 905.2 914.3 915 910.6 906 900.4 892 883.9 880.5 880.8 880.9 876.9 871.7 862.7 852.8 834.5 812 786.9 761.8 737.6 712.4 688 664.9 646.8 631.2 617.3 609.5 603.1 598.5 594.7 592.6 590.5 588.1 583.7 578.7 576.6 574.1 570
886.4 893.4 873.5 847.7 823.1 802 781.2 757.4 737.7 720.3 727.2 728.9 730.8 736.2 739.1 738.3 744.8 738.2 752.4 770.1 787.9 814 842.4 865.2 878.7 870.1 860 854.9 852.8 846.1 838.9 836.3 839.1 841.8 829.9 814.4 801.1 818.7 853.2 874.5 898.4 916 918.9 918.9 916.2 907.6 896.1 887.5 886.7 887.6 886.5 881.4 875.6 867.8 859.8 844.5 823.5 797.8 771.2 744.5 718.6 692.8 668.6 648.1 630.4 616.5 607.5 601 595.9 593.7 591.5 588.8 586.1 582.6 580.2 577.1 573.7 568.7
904.1 912.6 890.2 856.7 832.9 811.8 789.8 764.5 742.6 731.2 741.3 743.5 747.8 750.5 754.3 752.2 759.7 749 761.4 778.1 794.8 818.7 845.6 872.5 896 894.7 889.6 877.7 873.6 870.3 865.5 866.1 869.2 875.5 865.2 840.1 824.5 811.8 833.2 865.1 886.8 908.7 921.8 925.2 922.6 912.6 900.1 891.3 892.1 893.3 891.8 885.9 879.2 870.6 862.1 848.3 825.4 798.2 771 744.2 717.9 691.8 668.3 647.9 630.8 616.1 606 599.3 594.2 591.3 588.4 585.7 583.3 581 578.5 575.6 571.4 565.8
919.2 921.2 894 866.3 842.2 819.9 797.8 770.4 748.3 746.4 756.5 763.6 764.8 765.1 768.4 766.8 771.5 760.5 769.2 786.1 798.5 821.4 850.2 880.9 908.8 922.3 916 899 895.2 895.7 894.2 897.2 900.9 904.9 902.4 874.9 861.9 842.1 831 848.2 879.8 907.6 924.1 929.7 924.9 914 902 897.4 898.6 899.5 895.6 890.3 882.7 872.6 861.5 844.4 820.8 793 766.1 739.8 714.2 687.6 665.2 646.1 629.8 616 605.1 598 593.4 588.8 585.7 583.1 580.9 578.7 575.7 571.4 566.8 559.6
930.3 926.6 899.6 874.5 851.2 827.2 801.7 775.7 756 762.7 774.7 780 780.3 780.7 780.8 778.5 781 771.8 770.5 788.2 798.8 820.2 857.1 894.8 921.6 945.1 943.5 925.6 921.2 924.7 923.4 930.3 927.2 923.5 921.5 910.1 898.4 882.4 860.9 861.7 888.5 911.8 929.9 930.1 921.8 911 901.5 902.3 905.8 905.2 899.9 892.3 883.6 871.4 856.2 838.3 813.6 784.9 757.4 732.2 707.5 682.6 662 643.6 627.7 613.7 604.5 597 592 587.8 583.5 581.5 578.6 575.2 571.7 568.3 561.8 554
941.3 928.7 904 880.1 855.2 833.2 812.2 788.6 777.5 783.1 790.8 795.3 795.7 797.1 791.1 788.5 787.1 774.8 765 783.7 798.2 819.4 865.3 903.4 930.6 958.7 970.8 962.1 954.6 955.7 956.8 960.1 948.7 939.3 937.4 927.2 912.8 899.4 887.4 875.8 898.8 917.2 930.9 928.8 918.9 909.2 906.9 910.6 912.2 909.2 902.9 894.7 882.1 868.5 850.3 829.5 803.9 776.4 749 724.6 700.1 677.6 658.1 640 624.9 613.3 604.6 596.8 590.5 585.9 582.2 579.3 575.2 571.1 567.4 564 555.3 555
949 932.7 913.3 892.1 870.6 850 825.3 800.3 801.8 805.4 811 813.8 814.4 812.4 799.7 789.7 780.5 765.5 765.2 765.2 785.8 815.5 863.6 902.4 938.3 967.9 986.1 993.7 992.1 991.7 991.8 980.4 962.9 951.6 947.1 937.4 925.4 911.9 899.9 891.9 903.1 917.9 928.1 926.9 917.7 910 912.8 915.9 915.4 911.6 904.6 895.2 881.4 865.5 844.1 819.7 792.4 764.4 739 716.5 694.2 674.4 655.8 637.4 623.3 611.7 602.9 595.9 589.1 584.9 581 577.2 573.2 569.1 564.9 560.8 555.6 566.4
957.8 941.5 924.7 907.3 886.4 862.8 837.3 821.2 825.1 828.4 831.9 833.7 831.8 826.4 809.1 788.2 765.2 765.2 765.2 765.2 785.8 822.3 877.3 912.7 947.9 975.4 994.5 1008.9 1016.1 1016.9 1009.2 992.3 972.5 960 955.3 946.4 933.7 921.8 911.2 902.7 901.9 914.3 921 921 916.5 915.3 918 919.7 918.3 913 905.7 894.7 879.1 861.1 835.9 809.2 781.1 753.8 730.2 710.2 688 670.5 652.2 635.3 621 609.5 600.6 593.7 587.4 584.8 580.7 576 571.1 566.9 562.8 558.4 563.1 572.7
969.4 953.2 936.7 919.5 897.5 876.5 858.9 847.4 850.5 852.4 853.9 851.9 849.1 839.2 813.9 788.7 765.2 765.2 765.2 765.2 799.3 834.5 882.6 920.1 954.1 980.2 999.5 1014 1019.7 1020.9 1015.1 997.6 978.5 966.6 961.6 953.8 939.8 928.3 918.3 911.5 910.1 914 915.6 916.1 916.1 917.7 920.9 922 919.6 913.9 905.4 892.4 876.1 854 827.4 798.1 771.5 746.8 723.9 702.4 683.7 666.2 648.6 633.6 619.7 608.3 600.5 593.2 588 584.3 579.8 575.1 570.1 565.2 561.1 559.4 570.8 578.7
982.3 965 946.9 930.3 911.6 897.6 885.5 872.8 876.3 875.3 874.4 871.5 865.5 845.4 813.7 790.3 765.2 765.2 765.2 787.2 810.3 846.9 903.8 935.2 962.2 984 1001.2 1015.2 1018.7 1020.1 1016.5 1001 982.4 970.9 964.5 954.9 942.7 931.8 923.1 916.2 917.4 917.2 915.4 916.8 918.7 922.1 924.4 924.2 920.9 914.4 904 888.6 869.9 845.1 816.8 787.9 764.4 740.3 717.6 695.8 679.3 662.6 645.9 631.9 618.5 607.3 599.3 592.5 587.7 583.9 580.2 575.3 568.9 564.2 561.2 569 575.5 583
995.7 976.2 958.4 942.8 928.7 917.1 904.6 893.7 896.4 895.7 894.2 890.1 880.2 852.1 822.4 799 787.4 783.1 789.9 809.8 825.9 856.7 914.8 946.5 968.6 986 1001.9 1012.7 1015.6 1015.4 1012.4 1000.9 985.2 972.7 963.9 955.2 943.1 934.6 926.8 919.4 920.6 919.5 917.9 919.2 923.2 926.5 928.3 925.7 921 912.6 900.4 883.2 861.3 833.6 803.8 778.2 754.1 731.9 710.8 690.1 673.6 657.4 642.8 628.7 616 605.4 597.2 592.5 586.2 582.8 579.4 572.7 568.1 562.8 570.4 578.1 584.4 587.3
1005.5 984.3 967.2 955.8 944.8 933.1 920 917.9 914.4 915.4 912.4 907.8 896.7 866 843.8 823.8 812.9 814.2 817.3 837.3 850.3 874.1 926.7 955.2 974.3 989.7 1001.6 1009.5 1010.8 1009.4 1006.4 996.8 983.2 973 963.3 954.4 944.6 937.2 929.9 925.9 924.6 922 920.4 921.6 926 928.4 927.9 925.1 919.2 911.1 896 875.9 849.2 821.1 794.1 768.8 743.9 722.1 702.1 684.1 668.2 652.9 638.4 624.7 613.6 602.1 596 589.2 584.8 581.4 575.4 569.9 565.2 572.8 578.5 584.7 589.5 592.8
1011.5 990.2 977.2 969.3 959 947.7 936.2 935.3 931.9 932.6 929.7 925.6 915.7 888.4 866.1 851.7 853.8 876.6 880.3 880.8 886.4 902.9 940.1 964.5 980.4 994 1002.9 1006.7 1006.6 1003 999 992.3 979.1 969.3 960.9 953.7 945.1 938.4 931.5 930.3 928.9 927 925 923.3 927.5 928.4 926.1 922.2 917 905.8 891.6 869.7 840.1 812.6 786.3 759.9 735 713.7 695.2 677.7 662.6 648.1 633.7 622.2 608.8 600.7 595.2 587.8 583.3 578.2 572.8 568.4 571.4 580.8 585.4 589.9 593.7 596.6
1014.2 996.4 987.3 982.3 971.6 960.6 952.1 951.5 948.6 948.7 946.3 941.3 940.7 915.6 897.5 898.8 902.4 910.5 913.5 914.9 921.2 935.7 955.5 971 985.7 996.4 1003.4 1007.1 1003.8 998.8 992.2 985 972.8 963.2 955.2 948.5 942.6 938.1 932.2 934.4 934.7 932.3 928.8 925.6 928.2 927.4 923.5 918.7 911 901.1 886.7 863.7 836.3 808.7 781.6 754.1 728.2 707.3 688.7 671.3 656.1 641.5 629.7 617.8 607.2 600.8 593.2 585.6 579.5 574.6 570.9 570.5 581.4 587.7 591.2 594.8 597.3 600.3
1019.7 1006.1 1000 991.6 981.2 971.7 967.8 966.5 964.9 964.7 962.8 955.6 956.7 949.8 951.3 945.2 943.1 944.7 952.4 955.4 950.7 953.1 962.2 975.8 988.7 998.2 1004.3 1007.8 1002.2 992.2 984.1 976.9 965.9 956.2 948.3 943.1 938.3 934.3 934.1 937.4 938.6 934.6 929.7 926 927.3 926 921.3 913.6 905.6 895.6 879.7 858.2 832.6 807.1 780.4 752.7 725.9 704.1 685.5 665.4 648.6 635.3 625.7 615.4 606.2 598.1 586.7 583 579 574.2 571.2 580.7 588.4 594.4 597.9 601.8 603.9 605.1
1029 1017.7 1009.5 999.5 989.6 983.9 980.6 980.2 979.6 981 978.9 972.6 974.4 974.6 978.6 983.1 985 984.8 981.5 971.2 962.8 961.5 966.9 977.7 989.1 998.6 1004.2 1006.7 998.4 988 978.6 970.1 959.8 949.2 941 936.8 933.9 931.3 933.2 938.1 938.1 933.8 931.8 925.9 926 923.3 916.4 908.3 899.5 886.6 872.5 852.4 829.7 807.8 780 751 724 701 680.1 659.7 642.5 631.2 622 613.8 604.3 594.2 587.9 578.5 576 573.8 581.6 589.6 595.5 601.1 604.9 608.8 611.2 615.8
1044.9 1030.4 1017.4 1006.7 999.8 994.7 991.1 990.9 992.5 994.9 992.4 988 989.9 991.3 995.9 1001.6 1003.5 1003.4 997.4 984.2 971.7 968.5 971.8 979.8 987.1 995.5 1001.1 1002.8 992.9 982.7 972.5 962.1 951.9 941.2 934.8 930.9 929.1 928.9 931.5 938.7 938.6 934.3 929.9 926.3 923.9 918.9 910.9 902.3 890.4 879 862.6 845 825.3 803.4 775.9 746.5 720 696.6 674.2 653.9 636.8 627 618.6 610.2 599.6 592.8 582 579.6 580.4 583.4 589 595.1 602.4 608 612.1 615.7 619.8 625.7
1049.7 1037.2 1025.2 1015.6 1009.5 1004.5 1001.1 1002.6 1005.2 1006.4 1002.7 1000.7 1002.1 1005.2 1012.5 1019.1 1021 1019.4 1010.9 994.3 979.8 975.7 976.7 980.4 986.1 990.2 993.6 995.5 986.2 975.8 965.7 955 944.4 934.9 929.2 925.6 925.9 927.1 928.5 932.1 936.1 934.2 929.8 924.9 919.8 913.7 904.8 893.8 881.2 869 853.7 835 815.8 793.7 767.8 738.9 713.1 689.9 668.2 648.7 633.1 622.5 614.7 607.3 597.1 587.7 581.1 583.3 585.3 590 595.9 600.4 607.9 615.3 619.7 623.7 629.3 635.5
1050.2 1043.3 1036 1025.9 1018.4 1013.6 1011.9 1013.1 1016.6 1016.6 1012.4 1012.5 1014.2 1019.6 1028.6 1035.3 1036.8 1033.2 1020.8 1002.9 986.3 980.2 980.7 982.3 984.3 986.8 988.3 987 978.3 968.9 959.6 949.3 938.5 930 923.4 920.5 922.9 924.9 925.6 926.4 930.8 930.1 926.6 921.2 915.7 908.4 898.6 885.7 870.9 855.8 839.5 821.4 804.2 781 754.9 730.2 704.4 681.9 660.9 642.8 629.6 619.2 611 600.6 596.6 584.9 583.6 586.5 590.1 595.4 601.7 605.9 612.7 619.8 626.4 633.2 638.7 646.9
1055.7 1049.5 1044 1036.5 1028.2 1023.5 1022.4 1024.2 1027.4 1026.2 1022.9 1023.6 1028.4 1034.9 1043.7 1050 1050.2 1042.4 1027.2 1009.4 992.3 984.5 983 982.6 982.6 981.9 981.7 980 973.6 963.5 954.6 943.3 932.2 923.4 918 915.4 917 921.2 922.8 923.1 925.1 925.3 922.1 916.7 910.4 902.4 890.1 875.1 856.8 838.1 816.1 798.7 785.6 766.7 742.3 717.6 695.8 673.9 653.7 638.5 627.9 616.8 606.3 597.7 587.8 586.5 588.6 590.3 595.6 600.9 605.9 612 619.7 627.2 634.9 641.8 651 661.4
1063.7 1058.7 1054.4 1045.6 1038.3 1033.5 1033.1 1034.7 1036.7 1035.2 1032.1 1032.4 1041.1 1049.6 1058.6 1062.5 1059.9 1048.7 1033.1 1015.9 998.5 987.5 983.8 981.7 979.8 979.1 977.8 974 967.4 965.3 958.4 947.6 937.5 928.1 920.7 914.8 910.1 915 918.8 918.9 919.7 919 916.8 911 904 893.7 879.8 860.8 837 814.1 792.7 775.4 762.3 749.2 729.5 707.7 686.5 665.6 647.7 635.9 625.4 614.8 603 593.9 589 590.1 592.4 594.8 600.2 606.2 613.1 620.2 627.6 635.3 644.1 653.5 664 675.9
