data/310000-770000.asc
ncols 200
nrows 200
xllcorner 310000
yllcorner 770000
cellsize 50
[rows 35 to 69 of 200, columns 78 to 155 of 200]
642.5 646.7 654.4 661.6 672 681.3 693.5 701.4 708.8 726.8 739.4 740.9 741.7 740.7 736.3 729.3 723.2 713.8 707.7 701.4 706.9 715.1 732.2 756.5 773.8 782.1 785.6 789 793 793.5 790.3 787.6 788.2 789.9 789.6 787.1 776.2 760.2 742.7 727.6 715.7 706.1 700.6 708.2 722.8 737.7 754 770.2 783.5 795.5 814.8 826.2 837.3 847 859.4 872.3 888.6 900.1 906.9 908.4 887.5 856.2 833.3 818.4 808.8 802.1 798.6 794.7 796.2 803.3 814 828.4 845 865.8 895.1 927.5 952 958.4
644.7 645.2 651.3 663.3 671.4 680.9 692.1 702.2 715.7 724.6 737 744.8 749.2 747.3 741.5 734 727 719 710.3 701.6 710.6 720.3 736.1 759.7 780.9 787.2 791.2 797 800.2 802 799.3 797.5 798.8 800.5 800.3 797.9 788.2 771 753.4 736.8 723.7 712.1 709.2 704.9 715.6 728.4 743.6 760.8 773.5 787.4 802 812.3 821.8 831.7 845 860.8 879.9 896.3 905.9 910.8 901.6 871.2 846.8 831.3 821.7 816.6 809.4 805.8 807.5 813.3 820.7 832.3 848.2 867.7 894.9 923.8 943.4 955.4
646.4 645.4 646.9 654.8 668.9 679.8 688.8 701.5 719.2 728 739.1 749.6 752.5 753.4 746.7 738.7 729.2 721.1 710 704.8 713 725.9 737.3 762.6 786.5 789.7 794.7 801.4 806.6 810.2 809.1 808.8 809 809.7 809.5 807.2 798.4 780 764 746.2 732.2 721.2 715.3 710.4 712.1 722.4 734.4 748 761.6 773.4 784.9 794.6 802.9 817.7 832.9 854.4 872.1 890.9 904 914.6 918.2 888.2 861.8 848.5 838.4 828.6 822.8 817.5 817.8 820.3 828.1 839.2 854 873.1 898.3 924.3 945.1 955.2
648.7 649.8 648.5 655.8 668.1 681 693.1 705.8 716.9 733.7 744.7 753 757.9 757.4 753.3 743 733.5 719 714.3 710.6 716.5 723.5 735.1 754.5 782.6 782.6 798.7 808.8 815 820.5 818.3 819.7 821.3 819.9 816.5 813.1 807 791.2 775 758.4 742.7 729.5 721.4 717.3 717.5 724 730.1 741.9 752.7 765.3 777 787.5 797 808.8 828.4 847.9 866.9 886.8 904.5 919.3 924.1 905.3 874.4 858.9 847.2 840.5 836.2 830.3 828.4 832.6 837.6 847.5 863 880 904.5 928.4 945.8 955
649.9 650.3 650.5 654.1 665.7 679.3 692.5 704.3 723.3 737.9 749.8 756.8 758.8 757.5 755.7 747.4 735.1 725 718.5 713.4 713.9 720.7 731 745.8 762.9 780.4 800.8 811.3 818.6 827.7 830.2 831.3 831.4 829 825.7 821.6 815.4 803.5 786.1 766.6 752.2 737.6 726.1 726.5 729.1 731.1 736.2 747.3 759.5 771.1 783 796.8 808.5 821.1 831.2 845.5 864.5 883.9 902.7 917.1 925.3 919.8 892.1 873.3 865.4 859.7 852.5 847.8 849.2 847.7 853.8 865.2 879.4 895.1 917 933.6 946.8 955.7
652.2 650.8 652.3 657.1 662.5 679.3 692.6 709.1 728.9 742 752.3 756.9 758.8 758 759.9 750.5 739.2 727.3 722.7 714.7 712.2 716.6 726.8 741.3 761.3 779 793.4 803.4 821.5 836 839.1 840.7 840.9 837.8 834 829.3 822.2 811 794.9 775.6 759.7 743.9 732.9 737 739.3 736.8 745.1 753.7 768.3 781.8 792.3 807.8 823.2 836.6 849 851.8 866.8 885 904.4 920.6 929.6 933.7 916.7 894.1 883.4 881.1 878.9 874 871.6 871.6 877.3 887.1 899.7 914.7 926.9 939.2 950.3 956.3
662 651.3 652.8 660.3 669.1 681.4 692.7 711.9 730.5 745.3 755.1 761.8 761.3 761.7 758.5 751.3 742.5 730.5 720.9 715.9 716.6 719.1 731.2 743 760.7 780 790.9 808.6 830.9 844.2 850.5 849.8 847.6 845.3 841.7 836.9 828.7 817.6 801.9 782.4 764.6 750.4 737.2 746.5 748.7 748.3 754.2 762.7 775.3 788.8 800.7 815.3 832.3 849.1 868.3 873.5 880 887.1 910.7 924.3 934.1 942.1 941.6 922.8 909.8 904.8 903.4 902 901 900.6 904.4 916.2 923.9 928.1 934.9 944.2 952 954
671.9 656 652.5 658.9 666.5 679.3 693.2 715 731.2 747.7 757.2 763.8 763.5 761.8 759.1 754.3 746.7 736.8 726.5 722.2 719.6 722.3 733.7 742.7 753.8 775.9 792.6 816.4 829.8 844 854.6 856 853.9 851.3 848.8 842.9 832.6 822.8 807.2 789.4 770.3 757.1 745.3 755.7 758.8 758.9 761.2 771.9 785.5 796.5 809.6 823.3 841.6 859.6 878.5 894.3 899.2 907 915.7 931.5 940.9 949.4 950.6 946.1 941.7 936.9 937 934.2 934 932.8 933 934.8 939.4 939.3 944.7 946.2 947.6 949.9
680.5 666.3 653.4 656.2 664 677.1 695.2 718.9 734.4 749.6 755.9 763 764.1 765.3 763.2 758.9 752.5 741.8 734.5 724.7 727.6 727 734.9 743.3 760.8 774.4 789.1 810.5 830 850 858.2 861 860.8 857.5 854.7 846.6 838.3 828.6 813.2 795.8 775.9 764.1 749.7 763.5 768 771 767 783 794.6 808.6 820.1 834 850.7 867.8 892.5 910.4 918.4 928.3 931.5 935.4 946.5 950 949.6 950.1 949.8 948.9 945.7 945.8 944.2 944.9 942.4 942.8 945.7 947.3 947.4 943.4 942.3 943.9
692.7 676 656.2 656.8 663 674.8 696.9 717.6 733 743.5 752.2 760.6 763.9 766.4 766.8 760.9 756.1 742.6 735.1 731.2 733.6 735.4 740.3 749.9 763.9 778.2 794 820 837.5 857.7 864.1 867.3 866.7 863.8 859.7 852.8 844.8 834.1 818.8 800.5 783 770.2 758.6 770.9 776.7 780.8 783.2 791.9 803 816.1 830.3 846.6 865.1 881.4 906.1 925.6 933.1 937.7 943 944.4 947.5 949.2 948.7 950.6 951.3 950.1 950 947.7 948.9 946.7 946.5 944.7 947.8 953 951.6 947.1 941.4 939.1
704 687.3 669.1 660.7 663.7 670.9 698.9 721.2 725.1 735.4 748.9 754.6 760.7 763.2 769.9 765.9 756.9 743.6 741.1 741.3 739.2 738.3 747.1 758.4 770.5 786.1 808 828.8 845.4 861 871.7 871.4 871.5 869.6 864.3 858.2 850.7 838 822.9 806.3 789 778 765.3 779.2 786.1 793 798.6 798.9 811 825.2 841.5 856.9 873.8 892.2 919.5 938.8 943.5 947.5 950.4 951 948.8 949.8 950.9 950.8 948.8 948.6 947.4 943.3 943.3 945.2 946 945.6 947.9 948.3 948.8 948.5 943.3 941
714.6 696.5 683.1 666.4 663.1 671.8 697.4 713.6 717.1 730.9 744.1 747.4 753.9 757.5 761.9 766.9 757 745.8 744.1 744.9 743.2 743.7 753.3 764.8 778 797.5 810.6 834.4 854.5 869.8 877.8 878.5 876.5 875.1 870.9 865.3 856 842.6 826.8 812.3 796.6 785.2 776.8 787.7 795.8 802.7 811.3 811.7 820.5 835.4 850.7 864.2 878.7 904.2 935.2 951 953.7 955.8 955.7 955.6 952.2 950.4 949.7 948.9 946.6 944.2 941.2 935.9 937.2 936.5 938.7 939.4 940.5 939.1 940.5 942.2 941.3 944.9
724.3 709.1 691.5 673.5 664.3 666.9 691.3 704.6 713.3 722.2 735.3 738.8 741.3 742.5 748.8 754.8 758.9 748.2 744.8 751.9 750.1 748.5 760.1 777.8 791.6 806.5 812.5 835.6 857.3 875.8 881.6 884.5 884 882 877.5 872.7 864.3 849.5 833.8 819 804.5 794.2 782.5 794.8 804.6 815.4 821.6 823.9 828.9 843.5 858.3 869.4 886 914.4 948.8 961.8 963.4 963.6 961.8 958.6 954.3 951.1 947.9 948.1 943.4 938.8 935.8 930.6 927.1 924.5 922.8 919.5 924.4 929 931.6 934.6 942.1 941.1
733.8 717.9 702.2 685.6 665.7 669 686.8 697.8 706.8 714.2 720.5 724 727.1 727.8 733.7 742 751.8 755.1 750.2 756.5 753.3 758 773.1 789.3 804 807.8 815.8 828.5 849.5 872.6 887.9 893.9 894.6 892 888.2 882.7 873.8 857.4 841.5 826.1 812.4 802 799.3 801.6 813.1 824.8 833 838.4 835.7 850.6 863.9 874.4 894.1 924.4 958.9 971.4 974.1 975 968.4 962.1 957.5 954.6 950 944.5 942.4 936.9 928.2 927.1 920.8 913.4 907.9 904.2 906.7 912.1 917.5 926.7 931.7 936.8
740.7 727.1 710.8 691.2 666.5 671.6 684 692.2 697.9 704.3 708.2 707.6 713.8 715.7 718.4 727.7 741.7 753.7 759.7 760.3 755 758.6 775.1 789 803.8 810.2 818.7 831 852.1 873.4 891.8 894.6 901.4 903 900 892.9 883.1 867.7 849.5 834.9 821.4 810.6 807.6 810.2 822.6 833.2 840.7 851.5 852.6 853.8 869.1 879.7 900.7 934.5 966.7 976.7 979.3 978.6 973.4 966.2 961.4 958.5 951.7 945.8 940.3 933.9 923.7 918.9 910.3 900.9 898 894.7 890.8 893.2 898.4 906.3 918.4 925.3
748.2 736.5 716.7 696.1 670.9 667.5 677.6 686.1 688.2 692.9 693.4 695.8 700.5 701.7 706.9 716.2 732.6 749.9 762.2 758 756.1 764.2 777 786.4 799.4 812.6 820 835.6 853.8 868.5 883.7 898.1 905.6 908.4 906.6 901.6 894.9 878.7 860.6 846.1 834.2 822.8 816.7 818.9 828.9 839.7 850.5 863.5 871.2 866.9 870.2 887.5 907.8 943.9 971.1 979.9 981.7 981.2 976.6 969.8 964.4 961.7 953.8 947.8 944.7 934.8 924.8 914.5 904.2 895.5 890.4 885.8 875.2 877.7 876.2 876 889 903.5
752.2 741.2 723.1 702.3 680.7 667.9 669.2 679.9 680.9 681.1 680 684.8 688 689 695.2 705.1 718.4 738.4 752.8 750.2 763.3 772.2 784.5 792.6 810.4 820.7 829.8 841.9 853.8 868.7 883.3 902.3 911.2 910.8 912.1 906.9 898.7 893 873.4 859.1 847.3 835.5 827 827 836.4 848 861.4 876.5 886.2 886.9 884.7 890 909 944.6 972.1 979.8 983.5 983.2 980.3 975.6 970.9 969.6 961.6 952.1 946.3 937.4 931.9 918.8 904.9 892.1 877.9 874.3 867.8 858.1 853 853.7 862.6 874.9
757.1 740 727.8 710.7 685.3 668.2 662.7 669.7 671.1 669.1 666.4 674 675.7 676.7 682.7 692 703.2 715.9 736.1 747.7 765.1 777.6 790.2 808.1 819.8 824.5 831.1 841.6 858.8 878.7 889 903.8 915.3 918.9 918.9 911 903.9 893.2 886.8 875.1 858.3 848 837.6 835 845.9 856.6 870.3 888.6 902.2 905.7 905.7 902.8 910.7 942.6 970.3 979.7 984.5 985.6 985.3 982.6 981.2 978.1 969.2 953.8 949 943.4 936.7 926 910 890.2 876.7 863.4 860.2 848.2 854 841.6 840.6 850.5
761.1 741.2 726.5 711.1 688.4 666.7 656.5 658.3 656.4 658.3 658.1 663 664.2 666.9 669.9 678.3 690.7 706.6 725.3 747.5 768.4 779.8 799.3 814.3 815.7 821.4 832.5 845.2 860.7 870.9 878.1 892 905.6 917.1 916.2 914.2 908.3 905.4 898.5 891.6 872.7 858.4 849.4 850.4 856.1 866.9 881.1 897.9 910.1 923.1 923.7 922.2 919.5 944.2 972 981.5 986.4 989 989.8 988.2 986.5 982.3 973.6 961.7 953.6 948.9 942.3 931.5 909.8 894.6 875.1 848.8 846.3 842 842.2 837.3 836 837.3
761.2 739.3 722.4 711.8 690.3 667.5 649.2 645.5 644 644 646.8 650 655 656.8 654.1 666.8 681.2 700.6 722.5 743.9 768 791.1 802.3 813.9 815.4 818.4 827.4 838.8 851.2 856.8 861.3 867.3 881.6 890.6 909 909.8 906 906.8 908.5 903.6 888 869.3 862.8 862.2 866.3 877.4 891.6 906.6 919.5 939.5 948 942.8 938.7 955.4 977.1 985.7 990.2 992.9 994.2 992.9 990.4 985.5 978.5 963.4 955.5 953.5 942.5 931.2 915 894 870.5 855.5 840.8 838.1 837.6 829.5 813.5 807.2
754.1 735.7 719.6 705.1 687.8 665.6 644.3 625.7 632.4 631.2 633.4 639.6 645.4 646.7 646.4 659.8 673.4 694.7 716 743 770 795.9 802.6 808 807.8 811.4 815.7 825.6 831.8 835.3 840.5 848.6 856.3 873 895.8 901.7 899.2 909.6 906.7 906.1 900.8 883 872.5 876.1 878.2 888.6 902.6 914.7 931.1 955.9 966.1 966.1 965.9 972 984.8 992.4 995.1 997.8 998.2 996.9 993.3 987 982.5 963.8 955.1 949.7 935.6 927.9 915 890.2 873.8 849.2 826.5 830.8 822.6 808.6 787.8 772.2
746.8 730.4 712.7 698.7 682.5 662.7 642.6 624.1 615.9 617 621.8 629.6 633.9 634.4 640.8 654.6 669.3 690.7 711.3 740.9 767 792.5 802.7 797.9 800.3 798.7 797.8 804.4 809.8 812.6 822 830 839 854.9 875.5 892 892.9 906.4 908.3 908.8 910 898.6 888 887.3 891 898.6 912.3 925.3 940.6 967.7 983 988.2 992.3 994.9 997.9 1000.6 1001.6 1001.9 1000.5 998.7 994.4 990 982.6 962.7 953.7 943.9 932.5 923.4 909.1 883.5 868.9 846.3 819.8 805 798.3 781 760.2 745.5
739.6 722.5 705.7 691 679.1 659.7 640.7 624.8 614.7 606 611.7 619.4 621.7 622.7 634.1 650.2 665.7 685.6 710.6 735.9 766.8 786.5 792.8 793 791 785.3 784.5 789.9 787.8 793.2 805.8 809.6 821.7 833.9 857.1 875.1 885.6 901.7 910.1 913.3 912.9 913.5 906.9 901.5 903.6 909.3 918.8 932.6 953.5 983.6 996.9 1002.9 1006.8 1007.1 1006.8 1006.9 1007.1 1006.2 1004 1000.4 995.3 989.8 983.1 964.8 949.3 939.8 932.3 921 902.8 875.2 853.3 830.5 807.6 774.1 772.7 755.3 739.5 723.9
729.9 715.3 698.5 687.2 677.4 655.3 637.1 622 614.3 601.6 603.7 609.4 613.7 613.1 630.3 648.5 663.1 684 707.1 736.2 764.9 780.3 782.6 784.2 779.7 776.3 771.7 770.1 771.8 772.9 784 792.7 807 820 836.5 855.3 879.2 898.1 910 914.4 917.8 924.7 930.3 923.4 921.8 925.1 934 945.8 968.3 999 1015.7 1019.9 1020.4 1019.3 1015.6 1014.7 1013 1010.5 1008 1003.3 997.5 987.2 975.2 964 956.3 944.4 939 925.3 896.2 860.4 839.8 815 796.4 772 746.9 732.8 715.1 700.4
719.4 706.4 689.9 680.3 665.8 650.2 633.7 616.4 613.1 601.2 590.2 602 606.4 607.4 625.8 641.8 663.7 684.1 706.5 737 765.2 776.4 772.6 776.1 771.6 767.9 763 760.6 759.6 763.8 770.3 781 797 811.7 827.3 847.4 875.9 895.5 911.1 915.1 922.4 935.6 949.7 955.8 947.7 949.4 954.7 967.9 989.5 1017.2 1030.4 1031.6 1032.3 1030.9 1027.6 1022.9 1019.1 1015.3 1011.5 1006.8 1001.3 993.1 983.1 972.6 961.3 949.2 944.8 935.3 894.4 853.5 823.1 799 780.5 754.7 725.6 704.9 692.5 677.4
707.9 696.5 681.3 672.5 662.7 644.3 628.8 610.1 599.7 592.9 589.4 593.3 599 605.1 616.4 637.9 660.8 678.8 707.9 735.7 763.8 771.7 772.5 766.5 759.1 757.2 753.6 755 757.4 763.1 771 779.2 793.7 804.9 818.3 841.4 867.1 892 909.2 913.9 923 939.6 962.7 984.4 980.5 978 980 993.8 1016.7 1036.7 1042.3 1043.1 1041.5 1038.7 1035.3 1030.9 1026.4 1021.2 1015.7 1010.6 1005.7 1003.5 999.3 985.1 964.8 950.2 945.5 936.1 908.9 853.5 809.9 783.3 762.2 737.8 714.4 697.1 679.5 667
697.3 685.6 673.3 667 650 638.3 624 601.1 591.6 586.1 581 584.9 588.2 601.5 615.5 637.6 659.7 682.5 709.4 735.8 762.5 766.7 767.4 759.1 745.7 746 744.9 749.4 752.5 762.4 768.9 778.2 789 799.9 812.9 833.6 860.3 889 906.4 913.6 917.3 942 969 1000.2 1012.9 1014.7 1013.3 1027.3 1042.5 1047.6 1050.8 1052.1 1050.4 1047.4 1042.2 1037.1 1032.9 1027.3 1019.9 1015.1 1011.6 1008.4 1004.6 993.7 963.4 947.5 936.4 936.4 908.9 852.9 804.7 771.3 748.4 730.6 707.2 688.6 673.8 665.3
688.8 676.4 665.9 656.7 644.6 633.4 618.5 595.5 591.4 582.8 575.4 576 585.5 598.9 615.3 639.4 655.2 682.5 710.3 738.1 759.9 762.1 753.5 756.2 746.9 735.9 741.3 746.5 750.4 758.6 766 774.3 784.7 796.2 807.4 827.6 851.4 882.2 903.3 913.3 923.4 944.9 974.4 1008.1 1024.5 1033.7 1042.2 1048.2 1052 1054.7 1056.7 1057.4 1055.4 1052.8 1048.5 1043.5 1038.7 1034 1024.3 1019.3 1015.8 1012.5 1007.9 993.6 961.8 943 929.2 926.7 886.2 842 802.6 767.2 741.3 721.8 702.6 687.3 674 663.5
680.7 667 660.8 650.3 640.4 629.5 613.3 596.6 583.5 575.8 571 573.8 584 597.2 618.6 633.9 655.5 682.2 711.6 738.9 756.6 754.6 748.8 750.1 745.2 732.8 738.2 745.7 748.6 755.7 761.4 770.2 781.9 791 802 821.1 846.1 876.5 897 915.9 928 950.8 980.2 1014.1 1030.9 1039.8 1047.8 1052.6 1055.7 1057.9 1060.5 1060.7 1059.4 1057.3 1054.1 1051.2 1046.5 1041.2 1036.1 1029 1022.7 1015.3 1010.1 992.7 960.3 938.1 921.6 912.4 901.3 843.4 795.9 764.8 739.6 719.6 704.4 689.7 678.8 668.1
671.3 663.3 655.5 646.6 636.4 626.6 611 596.5 581.8 572.6 570.1 570.2 583.6 599.9 616.8 639.5 663.8 689.1 718.9 745.1 753.1 749.5 741.7 743.8 745.9 730.4 735.4 742.3 746.7 753 758.6 768.1 777.8 786.6 798.6 817.2 842.7 871.6 893.4 917.7 935.4 959.4 990.2 1017.5 1032.4 1041.5 1047.8 1053.4 1056.9 1059.4 1061.8 1062.4 1061.7 1060.9 1059 1057.4 1054.3 1048.8 1042.2 1034.1 1029 1020.6 1012 993.5 961.1 943.6 922 907.8 894 839.2 802.6 768.3 744.6 724.2 708.8 690.8 679.1 667.5
666.9 660.4 652 643 633.2 621.9 606.8 590.8 577.7 569.2 567.7 572.1 586.4 601.2 621.7 645.7 669.2 695.4 723.1 745.1 746.9 742.6 734.8 737.5 740.2 727.9 728.6 736.4 741.4 747.4 755.4 762.9 773.6 783.7 797.3 816 841.3 866.9 889.6 915.1 942.2 968.9 997.3 1017.1 1031 1039.9 1045.9 1051.3 1055.3 1057.9 1060.5 1062 1062.8 1063 1063.1 1062.5 1060.7 1054.9 1046.8 1039.8 1032.6 1025.7 1015.9 993.8 966.8 946.8 927.7 916.5 884.7 846.5 805.7 771.5 747.2 732.5 721 704.4 692 676
664.2 654.7 646 636.9 626.1 615.1 599.5 585.6 570.6 567.1 561.5 573.1 586.9 601.9 622.1 649.3 675.4 699 725.3 741.7 742.1 738.6 731.6 729.3 729.9 724.6 723.1 729.5 734.2 740.5 748.6 759.6 770 782.2 796.6 815.5 839.7 864.9 888.7 912.2 945.3 976.4 998.4 1015.4 1027.9 1036.1 1042.2 1047.6 1051.4 1054.5 1057.4 1059.8 1062.1 1063.3 1065 1065.5 1064.9 1059.5 1049.5 1043.2 1035.9 1028 1018 1006.2 982.2 953.4 932.9 928.1 903.8 842.5 801.9 768.1 747.5 742.1 734.7 724.1 711.5 695.6
656.4 647.7 642.5 633.8 621.7 609.7 594.8 581.4 571.7 562.9 562.6 572.2 587.8 606.6 628.8 650 677.1 702.9 730 740.3 738.5 733.4 727.3 721.1 720.2 715.5 720.2 724.6 725.7 731.2 742.1 754.6 766.8 781.7 797.9 818.6 843.6 868.6 892.1 917.6 950.8 977.8 997.2 1012.9 1023.9 1031.6 1037.4 1042.2 1046 1049.4 1052.7 1057.2 1060.3 1063.2 1065.8 1067.2 1066.4 1060.5 1052.4 1045.3 1038.5 1029.7 1019.4 1011.3 996.4 962.5 936.1 923.7 909.7 861.6 786.6 759 747.3 744.5 738.4 731.8 724.2 712.8
649.7 643.7 636.5 629 617.4 603.6 587.5 575.3 566.3 556.7 565.3 576.7 593.4 613.7 634.3 654.2 680.4 707.7 734.1 738 734.1 730.2 723.4 717.3 711.3 701.8 712.7 714.1 715.8 722.9 734.2 748.4 762.6 781.2 800.7 823.6 850.8 874.5 900 927.5 961.3 979.8 995.6 1009.3 1019.7 1026.7 1032.2 1036.3 1039.6 1043.3 1046 1051.3 1055.4 1060.2 1065.2 1067.1 1067.1 1062.6 1055.2 1047.1 1039.6 1029.2 1020.6 1013.3 1003.5 971.9 940.7 924.2 911.8 834.7 785.7 757.9 747.5 744.6 738.7 733.5 728.5 719.7
647.6 641.8 634.3 623.9 612.9 598.4 579.9 568.7 560.9 548.6 567.3 587.8 599.9 619.8 640.5 660.1 683.6 713.1 736.1 735.2 731.5 727 720.3 712.7 706.4 697.5 705.8 705.4 710.8 719.9 731.7 746 761.7 782.6 804.8 834.2 863.2 888.9 914.6 942.2 965.8 979.8 992 1005.3 1014.2 1022 1026.5 1030.4 1033.6 1035.7 1038.4 1042.6 1048.6 1055.4 1061.6 1065.2 1066.3 1062 1054.3 1046.4 1038.9 1030.8 1021.4 1013.5 1004.2 984.1 952.5 935.1 916.4 844.3 781.6 756.4 748.1 742.6 737.9 734.6 729.8 720.3
