data/310000-820000.asc
ncols 200
nrows 200
xllcorner 310000
yllcorner 820000
cellsize 50
[rows 0 to 34 of 200, columns 78 to 155 of 200]
696.2 703.7 701.6 698 694.8 692.1 691.9 692 691.1 683.6 674.6 666.8 649.7 634.2 622.1 608.8 600.6 591.8 584.1 573.8 559.9 540.6 536.4 535.1 529.3 522.2 518.6 511.9 506.9 504.5 502.5 500.4 496.8 494 492.7 492.2 489.1 482 468.8 454.2 444.3 433.8 422.2 413.8 404.9 395.9 389.6 381.8 370.8 365.5 359.6 353.6 349.9 345.7 343.3 339.8 336.3 334 333 329.8 325.2 317.1 307.9 301.2 296.7 293.1 289.3 276.9 275.9 269.1 261.3 255.7 249.1 247.8 243.5 247.1 238 228.9
703.3 707.4 704.8 701.2 698.3 695.8 695.5 697.3 696.1 687.4 677.4 668 651.7 636.2 616.9 607.6 599 590.3 580.8 570.1 557.6 542.9 521.9 513.6 512.5 507.8 504.4 500.7 497.8 494.9 492.3 489.7 487.8 484.7 484.3 483.9 482.5 475 460.9 445.9 436.5 424.6 416.2 406.8 397.5 391.3 383.2 374.8 366.6 360.6 355.1 350.7 347 342.8 338.3 334.5 330 327.2 323.6 320.7 316 309.6 303.7 296.4 290.5 287.3 281.6 271.3 268.8 264 258.4 253.7 250.7 248.3 247 246.7 239.3 232
707 710.2 707.6 703 700.1 699 698.9 701.6 699.3 690.7 678.5 666.4 651.4 630.3 616.9 605.1 596.8 588 577.7 566.7 555.2 542.1 526.9 510.7 491.7 486.6 487.5 486.5 484.5 483.2 480 478.1 476.3 475 475.7 476.3 475.4 467.9 452.7 437.9 427.3 417.5 409.6 399.3 391.9 385.7 376.4 369.9 362.5 356.2 351.5 347.7 344 340.1 334.6 327.9 324 320.4 316.7 313.2 309 302.6 298.1 291.3 285.6 284.1 280.2 271.4 264.7 260.7 257.6 254.3 251.4 248.8 249 248.6 239.7 230.5
708.9 710.1 707 703.3 701.4 700.7 700.3 704 700.5 692.1 677.8 663.2 648 627.6 612.4 601.4 593.4 583.8 574.3 563.4 552 540 526.7 514.4 501.2 485.8 467.2 465.7 465.3 465.9 464.6 465.2 464.6 465.2 466.7 467.7 467.2 458.1 440.9 427.9 418.1 410 399.6 392.4 385.9 377.5 369.3 364.7 358.2 351.9 348.9 345.9 341.4 337.3 332.6 328.5 321.2 314.2 309.7 306.6 302.8 299.5 298.6 288.1 285.7 283 274 274.1 269.7 265.5 262.2 255.1 254.4 249.1 250.5 251.9 239.3 226.7
708.4 708.4 705.1 701.3 699.1 699.1 700.3 703.6 699.8 692.5 675.5 660.5 642.4 624.8 610.3 598.4 588.8 579.6 569.6 558.6 547.1 536.7 525.9 513.9 502.2 488.6 474.2 465.3 445 441.3 442.3 446.7 450.9 453.5 456.9 458.5 458.5 445 429.7 416.2 408.3 400.2 391.6 384.6 377.9 369.9 362.6 357.8 353.4 348.7 346.4 343.9 339.2 335 331.9 327.2 318.5 313.4 309 305.7 301.6 299.7 294.1 287 283.7 284.6 284.9 283.1 282.1 278.6 268.4 256.4 255.8 249.9 251.8 250 238.6 224.6
706 704.9 702.8 699.5 697.3 697 698.9 700.1 696.3 688.9 670.6 656.4 637.5 620.5 608.1 593.8 583.6 574.6 565 555 544.2 533.5 523 512.3 500.5 489 476.4 465.5 456.3 447.4 430.1 421.7 427.3 435.1 440.7 445.2 439.3 427.2 416.9 406.7 399.1 391.1 383.9 376.5 369.6 362.1 356 351.1 347.5 345.4 343.1 340.7 336.5 333.1 330 325.2 317.1 311 307.6 304.4 299.4 298.8 293.8 287.7 285 289.3 289.9 288.3 284.3 279.6 269.7 260.1 253.7 252.3 252.6 248.6 236.7 222
702.9 701.1 698.4 695.5 693.3 692.9 694 694.3 689.2 678.1 664.7 649.1 634.1 614.6 601.2 586.6 577.4 568.8 560.9 551.2 540.6 529.9 519.5 509.2 498.6 487.5 476.3 464.9 456.2 448 436.2 425.5 408.4 410.2 418.6 420.5 416.6 411.3 403.7 397.5 390.5 382.7 375.4 368.5 361.4 355.5 350 346.1 342.5 340.9 339.4 337.3 334.4 331.2 327.7 323.8 317.2 311.4 307.2 301 298.4 296.2 293.6 290.2 285.9 288.1 290.2 288.6 284.8 276.4 267.5 263.2 256.1 253.3 250.6 246.4 233 221.4
698.4 696.9 693.9 690.8 688.4 688.5 688.4 687 680 669.2 657.1 642.2 625.9 606.5 594.4 581.4 571.9 564 556.1 546.5 535.8 525.1 514.9 504.9 495 484.9 474.5 465.9 457.1 448.1 437.6 427.4 417 401.7 390.9 398.7 398.6 395.4 391.4 386.6 381.8 374.4 366.9 360.2 354.8 349.2 344.2 341 337.6 336.4 335.4 333.6 332 329.1 326.2 322.1 317.7 309.5 304.1 302.1 299.3 295.1 293.7 291.9 285.1 285.1 283.5 281.8 278.4 272.4 269.1 264.1 259 254.7 250.1 244.1 230.2 218.1
695.2 692.4 688.9 685.8 683.3 682.5 681.7 679 671.2 660.3 647.7 634.4 615.8 600.4 587.9 572.4 565.2 557.3 549.5 540.6 530.9 520.5 510.8 500.8 490.9 480.9 472.2 464.1 455.2 446.6 437.2 427.1 417 406.6 395.2 378.7 382.3 382 378.2 374.6 370.2 365.9 358.6 352.4 347.4 342.4 338.9 335.8 332.9 331.9 331 330 328.4 328.1 325.9 321.2 317.6 310.8 304.3 301.6 300.3 295.4 291.2 291 280.7 272.8 273.3 272.7 274.4 272.4 265.3 259.6 258.1 255.6 250.3 242.7 226.4 216.9
691 687.9 683 679.8 676.3 674.8 674.2 672.4 665.7 652.2 639.6 621.6 602.9 590.2 578.5 565.3 558.2 550.6 542.8 533.8 524.6 516.1 506.3 496.7 486.8 477.6 469.5 461.5 453.3 444.5 435.6 426.1 416.4 406 395.5 384.6 373.3 362.9 366.1 363.1 359 354.3 349.9 344.1 339.3 335 332.5 329.5 328.4 327.6 326.9 326.1 326.2 326.4 324.7 321.9 315.1 308.5 302.8 301 300.2 298.1 287.8 282.1 269.4 263.6 263.5 264.2 267.6 263.7 257.1 256.7 257 253.5 248.6 240.7 222.3 214.3
688.3 682.9 678.1 673.8 669.9 667.2 665.1 663.2 657 645.9 626.8 607.8 590.5 578.2 565.2 557.1 550.2 542.9 535.2 525.8 517.9 510.5 501.7 492.1 482.7 474.8 466.8 458.5 450.1 441.6 433 424.3 414.1 403.8 393.4 383.6 374.9 365.3 353.7 350.4 348.3 343.7 339.8 335.5 331 328.1 326 324.8 323.8 323.2 322.8 322.9 322.2 320.9 318.7 316.3 310 303.7 300.5 298.8 296.1 291.7 283.8 266.3 262.4 257.9 261.2 261.2 262.6 260.7 257.2 256.4 256.3 253.2 246.6 234.9 220.8 208.6
687 681.1 675.1 669.3 662 655.3 652.5 648.1 641 628.7 610.6 592.8 578 564.2 554.9 546.2 539.6 533.9 526.7 517.8 511.1 504.2 496.3 487.9 479.1 471 463.4 455.3 446.9 438.6 430 420.9 411.3 401.3 391.7 382.4 372.9 363 355.4 347.9 334.4 336.1 332 327.7 323.8 320.6 320.3 320 319 317.8 316.8 317.7 317.7 314.7 312.5 309.2 303.2 298.1 294.2 292.1 287.2 281.2 275.3 256.1 257.6 256.3 258.3 260.5 262.3 259.2 258.5 259.3 257.6 252.4 244.7 229.8 215.5 207.8
686.4 680.8 675.2 669.3 661.7 653.1 627.4 625.3 617.5 604.4 591.3 576.1 561.7 550.3 541 533.5 527.4 523 516.6 511.1 504.7 498.5 490.2 482.7 474.2 466.8 459.4 451.4 443.4 435.3 426.7 417.3 407.8 398.2 388.9 379.8 369.9 361.1 353.2 345.6 337.4 324.7 321 318.8 318 315.9 314.1 312.7 312.3 311.7 311.1 312.2 312.5 308.9 305.1 302.5 297.6 292.1 288.9 285.1 278.3 272.9 262.1 254.4 255.6 256.5 261.9 260.7 263.7 264.1 262.2 261.8 257.5 254.8 245.2 231 209.7 206
687.5 682 676.4 670.4 663 655.7 634.4 603 587.7 579.1 569.7 556.6 546.1 536 526.3 520.3 515.1 511.5 508.3 503.5 497.5 491.6 484.8 476.9 470 462.6 455.2 447.4 439.4 431.4 422.3 412.8 403.6 394.4 385.4 376.2 367 358.7 351 343.1 337.6 331.3 324.4 317.1 303.8 307.4 306.3 305 305 303.9 302.3 304 305.3 302.9 298.9 294.4 292.5 287.4 281.1 274.8 270.6 266.8 254.2 254.3 255.4 256.5 258.9 254.7 249.3 249.5 253 256.2 258.7 257.3 245.9 226.5 204.6 202.6
687.8 682.8 677.5 672.5 666.4 657.9 639.8 615.3 586.6 562.2 543.4 534.3 524.2 515.5 507.2 503.8 502.2 501 499 494.9 489.5 483.8 477.3 471.6 464.7 457.9 451 443.3 435.4 426.6 417.6 408.1 398.7 389.7 381.4 372.6 363.5 356 348.8 342.5 336.2 329.9 323.2 317 310.4 298.5 290.5 294.4 295.5 294.6 293.1 294.4 295.6 294.7 288.1 282.4 282 277 270.1 265.7 259.4 256.2 248.5 241.6 241.1 241.4 238.2 229.7 224.8 225.5 233.9 242.8 245 243.3 230.7 213.5 201.1 200.6
687.7 682.9 678.2 676 667.8 658.1 644.8 624.1 597.9 575 556.1 538.8 526.2 514.6 497.6 485.2 480.5 483.6 486.9 485.5 481.1 475.8 470.8 465.4 459.1 452.5 446.1 438.8 430.9 420.4 411.5 402.7 393.4 384.3 376 367.6 360.3 352.4 346.3 338.4 332.4 326.3 321.8 316.8 311 306 297.9 284.5 280.2 283 284 284.4 285.9 282.4 277.5 274.6 272.6 265 258.4 256.5 249 243.4 235.6 229.8 226.6 221.4 216.8 212.9 209.9 210.9 212.9 215.5 216.9 215.1 208.4 200.8 200.8 200.5
686.8 682.5 678.3 674.4 667.6 658.2 644.1 626.3 601 574.8 556.9 540.9 527 514.8 501.9 490.1 476.7 459.8 466.9 471.9 471.2 467.2 463 458.9 452.9 447.3 441.7 433.7 424.9 415.3 406.4 397 387.5 379.2 370.5 364.1 357.5 349.2 342.8 333.8 328 323.8 319.3 315 309.5 303.6 298.4 292.1 279.2 271 273.5 273.8 275.7 273.7 269.4 267.2 262.7 253.7 248.9 246.4 239.6 232.9 227 221.5 218.1 213.4 202.4 198.6 196.8 196.6 197.9 199.4 200.2 199.8 198.7 197.1 196.1 194.7
685.2 680.9 674.9 671.6 664.7 653.8 642.1 624.7 600.1 574.3 555.8 540.6 526.2 512.9 501.3 488.3 475.7 469.6 449.4 452.5 456.6 457.1 455.7 452.1 446.8 441.8 435.8 427.7 420 410.7 401 390.6 381 373.2 366.6 360.8 353.5 345.9 336.9 328 325.5 321.5 316.4 310.4 305.1 298.3 291.7 286.9 280.5 274.4 265.4 261.2 261.6 257.1 256.4 257.3 251.5 245.8 241.1 236.5 230.9 224.1 219.3 216.6 213.4 199.5 197.8 201.6 200.7 199.8 198.9 196.6 196 197.4 197.1 196.5 196.3 195.8
684.1 679.3 672 669 661.7 651.3 640 622 597.3 573.5 552.7 537.6 523.1 509.8 497.6 484.7 472.1 465.9 456.3 439 442.8 447.2 446.5 445 441.3 438.2 431.1 423.5 415.5 405.8 396.5 386.2 375 367.4 361.8 355.9 347.8 340.1 330.8 325.7 323.1 318.5 311.4 304.3 297.3 290.5 288.4 284.6 279.5 274.2 266.7 261.1 250.7 248.1 249.9 249.8 245.2 240.1 233.9 226.3 222 217.3 214.7 208.7 197.9 202.5 199.6 201.3 200.3 199.6 198.9 198.9 198 194.7 194.6 194.6 196 193
684.8 679.8 673.5 667.8 659 647.3 633.3 616 591.8 568.8 549 532.7 516.7 503.1 494.9 481.8 470.7 462.2 450.6 443.3 423.1 432 435.8 436.5 435.6 432.7 427.1 420.4 411.9 401.9 391.8 381.1 369.1 361.9 356.2 350.2 344 335 326.5 323.2 320 312 304.4 297.4 293.2 289.1 287.2 283.8 278.7 272.5 266.6 262 258.9 250.5 238.8 237.5 237.8 232.5 225.7 220.1 217.7 207.9 203.7 198.6 203.1 204.5 203.5 204.2 203.9 203.2 202.7 209.5 208.1 207.3 205.6 205 202.1 204.4
687.8 679.6 673.1 667.1 658 645.5 629.9 611.5 583.7 558.1 540.2 525.6 511 498.7 487.5 477.4 468.5 456.6 447 438 429.1 411.5 420.2 426.7 427.2 426 421.7 415.8 408.3 398.5 387.8 375.4 365 356.6 350.9 345.2 339.3 330.5 324.8 321.2 314.8 304.9 299.1 296 294.2 289.1 285.3 282.1 276.8 268.6 262.5 258.9 255.9 255.1 250.7 237.5 229.7 222.8 221.4 219.7 213.9 205.6 200.6 201.7 206.8 206.9 206 203.9 202.5 216 218.9 222.2 223.6 223.4 220.9 215.2 211.7 214.2
690.4 679.2 672.6 665.1 653.8 641.8 625.9 606.1 584.6 560.4 542 525.6 509.8 495.4 481.7 472.7 461.3 451.9 443.2 435.2 427.6 416.4 399.7 414.7 417.3 417.3 414.4 410 402.2 393.9 382.3 369.9 359.4 351.8 346.1 340.3 333.3 327.8 323 317.3 309.6 300.1 298 297.2 292 285.2 280.8 278.7 274.5 266 258.4 253.7 251.1 250.5 244.8 232.4 226.5 223.8 219 213.1 208.1 204.7 201.5 207.1 208.1 208.4 208.2 212 220.2 224.9 229.4 227.2 226.2 226.2 225.2 224.3 221.4 222.4
690.9 678.6 671.7 661.8 651.1 638.9 625.6 609.2 589.2 568.3 543.8 524.7 506.4 493.6 481.6 471.2 460 450.2 440.6 431.3 421.7 412 402.7 397.7 406.4 406.7 405.3 401.4 395 387.5 376.4 364.7 353.8 346.8 340.8 334.6 328.9 324 319.3 312.7 303.3 297.2 296.3 292.1 285.3 281.2 280.3 275.1 271 263.9 257.1 249.7 248.2 241.6 233 222.3 222.1 221.5 218.7 208.7 206.9 205 202 210.8 214 216.9 220 223.2 233.8 238 244.9 245.2 240.5 232.7 230.6 235.6 234.3 234
687.7 676.1 667.2 657.8 647.8 635.8 623.7 608.4 592 572.8 547.7 522.5 505.4 488.1 477.7 469.1 458.6 448.1 438.5 430.3 420.6 412.4 402.6 388.6 390.6 396.1 395.5 392 386.8 379.8 369.6 358.5 347.7 341.7 336 330.3 325.2 320.2 314.6 305.9 296.2 295.1 290 282.8 277.5 277.2 273.1 267.5 264.2 262.2 257.2 244.1 237.7 229.3 222 219.7 219.9 219.4 218.6 207.1 206.2 204.6 202.6 213.8 217 221.3 223.5 234.2 249.9 252.8 258.4 256.5 254.6 251 249.2 249.6 249.1 246.3
681.8 670.8 661.8 653.4 642.5 632.7 620 605.6 590.5 574.8 549 523.3 504.2 486.2 474.3 465.7 455.9 445.1 435 427 418.9 409.6 400.1 390.6 374.4 380.9 384.1 381.8 377.6 372.4 362.1 353.2 342.6 337 331.7 326.8 321.7 316.2 308.2 299.1 294 292.4 287 278.4 273.8 270.9 262.5 258.3 257.2 257.4 248.4 233.5 224.9 223.3 221.6 219.4 218.4 218.3 212.4 205.5 204.7 204.1 202.8 219.9 223.9 223.5 231.1 251 263.9 268.2 276.5 273.3 266.9 264.3 259.7 259 258.6 258
674.4 665.1 656.6 646 637.7 628.5 615.4 601.6 586.9 572.6 548.5 524.5 503.5 484.6 471.3 462 452.1 442.3 432 424 415.5 406.5 397.1 387.7 380.2 364.8 370.5 371.8 368.7 364.2 356.4 347.9 338.3 332.7 327.8 323 317.8 312.3 304.1 296.8 291.1 290.5 283.3 275.5 269.5 264.2 255.1 253.3 250.4 242.7 231.8 223.3 222.7 221.9 221.9 219.6 218.6 218.1 206.9 205.1 204 203.5 224.8 224.6 223.7 230.2 247.5 263.7 273.6 283.9 291.3 292.6 280 275.4 271.3 268 266.5 266.2
667.9 659.5 651.3 640.6 631.6 623.3 609.1 596.1 581.3 567.3 548.5 524.1 501 483.2 470.1 458.4 448.1 439.2 430 421 412.2 403.1 394 385.4 378.3 369.8 353.6 357.5 358.6 354.3 347.3 342.1 333.9 328.9 323.9 318.2 312.8 307.9 300.9 293.7 288 286.9 280.4 272.7 265.1 257.5 251.6 246.9 239.3 230.4 224.9 223.3 222.2 221.5 221 214 204.6 204.8 204.6 204.6 210.6 226.1 226.5 226.7 230.5 243.3 261.2 272.2 282.9 293 298.7 301.2 290.6 283 278.7 274.7 273.4 273.2
661.2 652.6 643.2 634.4 625.7 615.2 602.9 590.1 575.4 561.9 545.3 522.5 497.7 482.2 469.1 455.1 443.4 435.8 428.3 417.4 408.5 399.8 391 383.7 375.5 367 359.2 347.7 346.9 343.3 338.4 333.8 329.9 325.4 320.6 314.8 309.1 303.5 296.7 288.6 284.2 283.3 275.8 268 258.3 249.3 245.2 237.5 230.9 226.4 223.8 223.4 222.3 221.1 221 204.7 207.4 206.6 205.7 212.7 228 228 229.5 232.5 240.3 255.1 265.6 275.9 286.3 295.2 300.3 303.2 297.4 290.2 285.4 280.9 279.5 279.5
654.2 646.5 635.7 627.6 619 607.7 596.4 583 570.9 558 542.5 519.3 494.8 478.8 463.7 451.3 441.7 432.7 425.7 413.7 403.1 396.1 389 381.3 371.9 364.4 357.2 348.1 339.3 333.1 329.5 327.7 325.4 321.6 317.3 312 306.4 300.4 292.4 285.1 281.2 272.8 267.1 257.5 250.9 244.5 237 231.5 229.4 224.2 223.6 223.2 217.7 209.6 205.2 208 207.5 210.8 227 228.2 226.2 230.2 233.7 239.3 247.6 258.7 269.6 279.2 287.8 295.8 299.5 302.2 299 295.5 290.5 287.2 286 285.7
647.3 636.2 626.9 620.1 610.7 599.9 588.9 577.5 566.6 555.3 539.1 513.7 491 474 457.8 446.8 437.9 430.3 422.9 410.5 399.9 392.9 385.9 377.2 369.4 361.9 354.4 346.6 339.2 332.3 324 320.2 318.3 315.8 311.4 308 303.5 296.1 285.3 281 277.1 273.2 267.5 257.7 245.2 238.6 232.8 230.1 227 225.8 223.8 223.1 222.3 217.7 206.1 208.6 220.3 227.5 231.6 233.7 232.2 227 238.7 245.5 255.7 267.5 278 287.2 294.9 298.4 300 301.7 300.1 297.3 296.1 294.1 293.5 294.6
637.1 625.9 620.3 612.8 601.6 591.7 582.1 572.2 562.1 550.6 532.1 507.2 484.3 468.6 450.9 441.5 433.1 426.5 417.5 406.4 397.4 390.1 382.8 375 367.2 359.7 352.1 344.9 338.2 331.4 326.4 321.3 306.3 304.4 303.7 299.8 296.8 288.3 277.2 276.2 271.2 267.6 259.6 249.6 240 235.1 232.6 230.1 226.9 224.9 223.7 222.4 221.8 205.5 209.9 219.4 230.4 239.1 242.3 241.2 239.4 236.3 238.4 249.9 259.7 271.7 283.5 293.6 300.2 302.8 304 305.4 304 302.7 303.1 300.3 300.7 304.2
628.2 620.4 612.3 603.5 591.4 583.9 574.1 564.7 554.4 541.3 524.4 498.5 476.6 460.5 444.4 434.3 426.1 420.4 412.1 402.5 393.4 385.9 379.3 372.6 365.1 357.4 349.7 342.1 335.5 330.3 324.8 320.8 315.7 309.3 300.1 291.2 281.9 279.4 274 271.4 264.6 260.7 254.1 243.4 237.2 235.3 233 232.5 227.3 224.7 223.4 222.1 219 205.2 216.1 234 249.8 261.4 257.5 250.9 247.8 247.5 239.6 251.8 262.5 274.5 286.7 297.2 304.5 306.3 307.3 308.7 311.3 310.9 312.4 312 311.6 314.9
619.5 611.2 601.2 590.6 582.8 576.3 565.1 557.1 546.4 532.7 515.6 489.2 466.9 451 435.7 425.3 418.6 413.5 405 395.8 387.8 381.1 374.2 367.9 361.7 355.1 347.4 339.3 332.9 328.2 323.2 318.2 312.9 307.5 302.4 292.7 281.9 275.7 268.6 260.4 257.6 253 246.6 242 238 235.7 232.9 230.6 225.8 224.5 223.4 220 209 213.4 225.9 253.5 275.6 275.7 269 262.6 256.1 253.8 251.3 250.4 265.3 277.5 289.5 299.5 306.4 309.4 311 312.9 316.3 319 320.2 322 325.4 328.6
611 600.8 591.1 582 573.7 565.9 556.4 547.2 536.9 523.8 504.2 477 457.3 440.6 428.9 418.2 411 403.7 395.7 388.4 381 375.5 369.4 363.2 357 350.5 344 336.2 330.7 325.9 320.1 314.9 309.5 303.9 298.3 288.2 281.7 278.9 273.8 266.6 259.4 252.3 245.7 236.8 230.8 233.4 230.5 227 225.8 223.3 219.1 213.7 206.4 218.9 240.1 267.7 279.1 276.3 271.8 267.1 263.6 259.5 255.7 251.9 268.2 279.7 290.2 300.1 307.5 311.2 315 317.8 321.6 325.9 328 332.9 338.3 342.8
602 591.8 583.2 573.5 564.3 554.4 545.5 536.4 526.1 511.6 489.7 465.7 447.4 431.8 420.5 410.5 402.1 393.7 385.7 379 373 367.4 362.9 357.6 352 345.5 338.7 331.4 326.4 321.9 317.1 311.7 306.2 300.4 293.1 286.4 280.9 279.7 276 267.3 260.3 254 247.8 240.7 235.6 222.1 226.7 225.6 224.4 216.7 214.6 207.6 207.5 225.3 251.9 277.3 281.1 279.1 275.2 271.1 267.2 264.1 259.7 253.8 269.1 280.1 290.7 299.8 306 312.8 317.4 321.3 326.8 331.7 337.7 344.2 350.4 356.8
