data/310000-90000.asc
ncols 200
nrows 200
xllcorner 310000
yllcorner 90000
cellsize 50
[rows 105 to 139 of 200, columns 80 to 159 of 200]
120.9 112.9 110.1 117.7 125.5 129.6 130.5 131.6 136.3 142.2 148.3 155.1 162.7 171.8 186.9 204.9 221.4 231.5 235 233.8 232.4 231 229.8 226.7 221.6 210.6 198.1 186 176.2 168.8 163.5 156.4 149.4 138.4 132.3 134.9 141.5 146.7 152.6 161.3 168.5 179.4 195 212.8 224.7 230.4 231.8 231.9 231.2 230.2 230.1 229.6 228.9 228.1 225.2 221.5 217.2 209.9 197.4 187.7 180.8 183.8 189.5 196.5 203.6 208.8 209.6 213.1 215.2 216.5 216.4 218.3 217.3 208.8 193.2 178.3 166.2 152.7 138.3 132.2
126.5 116.4 108 115.2 121.2 122.7 124.6 128.2 132.3 139.8 147.9 154.9 161.3 170.8 186.8 203.3 217.8 231 234.9 233.8 232.6 231.1 229.6 227.8 224.7 219.6 211.5 198.7 188.3 181.1 174 165.7 154 143.6 133.3 131.1 136.7 141.1 147.3 154.1 162.8 173.1 186.9 202.6 216.2 222.2 226.9 227.8 227.9 226.9 226 225.9 226.3 226.3 227 224.7 221.1 217.6 211.7 204.7 199.5 199.3 203.8 209.9 216.7 221.3 223.7 226.1 227.7 226.7 226.1 224.5 219.2 209.5 192.3 176.4 162.3 148.9 141.5 137.8
130 120.1 112.7 112.1 115.9 116.8 120 127.5 132.8 139.4 146.6 154.2 162.7 171.7 183.9 200 218.7 230 234.5 233.6 232.5 231.4 229.8 228.2 226.2 223.6 219.8 213 204.3 196.4 185.4 175.6 159.4 147.1 135.8 126.5 131.5 136.4 142.7 148.9 156.5 165.6 178.8 189.8 199.5 209.1 217.8 219.3 220.8 220.8 220.4 220.8 222.2 224 224.3 225.2 224.5 222.1 219.6 217.4 214.8 215.4 218.1 223.8 226.5 228.9 229.6 229.9 229.7 228.7 228.1 224.6 217.8 204.9 187.4 171.6 162 152.6 148.4 144.7
132.6 124.7 117 109.2 111.1 114.2 119.6 126.4 133.7 139.2 146.1 153.5 161.4 169.8 183 199.8 217.8 230.1 234.1 233.3 232.2 231.1 229.7 228.4 226.9 224.8 222.3 219.6 215.3 210.9 200.3 181.4 162.9 150.2 138.1 126.7 125.2 132.4 138.6 146.7 151.3 161.3 172 180.3 186.4 194.3 200 202.8 206.6 208.7 210.4 212.4 214.2 217.7 220.7 222.7 225 224.9 224.4 223.8 223.7 223.6 224.8 227.2 230.2 231.5 231.2 231 230.8 230.5 228.7 224.9 213.1 198.1 183 175 165.4 159.4 155.3 151.6
136 128.6 120.5 111.9 108.9 114.5 120.5 126.6 133.8 139.5 146.5 153.5 160.2 166.7 181.7 199.9 216 229.6 233.5 233 231.9 230.8 229.5 228.1 226.7 224.7 222.1 219.2 215.2 211.6 205 185.8 166 150.6 133.8 125.6 120.5 128.1 137.1 145.9 152.4 157.8 164.5 169.2 174.8 180.1 183.1 186.5 190.1 192.6 194.5 198 202.2 207.7 212.5 217.4 223.2 225.2 227 227.8 228 227.3 228.3 230.5 232.2 232.8 232.3 232.1 231.8 231.2 229.4 225.9 219.4 202 184.7 175.2 170.7 166.1 162.2 158.5
140.7 130.2 123.7 114.5 108.6 115.7 120.5 125.6 133.4 140.3 147.2 154 157.9 168.8 182.2 199.5 219.4 229.7 233 232.6 231.6 230.5 229.2 227.9 225.7 223.4 221.7 215.7 209.7 200.3 193 181.9 167.3 152.4 139.1 130.1 121.4 124.6 133.7 140.8 146.8 150.4 155.2 160.3 164.3 167.5 170.4 172.7 177.3 178.2 179.5 182 187.6 193.8 196.7 207.7 218.6 225 227.3 229.2 230.9 231.2 231.6 231.5 232.5 232.9 233.4 233.1 232.3 231.3 229.3 226.5 222.9 211.4 201.4 189.5 178.1 172.9 169.2 165.1
137.6 130.1 124.4 113.9 113 115.7 118.9 124.4 132 136.7 144.8 151.1 159 169.6 183.1 200.3 221.3 230.1 232.6 232.2 231.2 230.2 229 226.8 225 223.1 214.3 193.5 191.8 186.4 178.8 169.4 158.4 148.3 139.3 128.9 120.8 120.3 129.1 135.2 140.2 142.2 145.9 149.4 153.8 153.3 158.9 161 165 166.5 167.7 170 173.2 179.5 186.9 197.3 209.7 221 225.2 227.8 231 232 232.2 231.9 231.6 232 232.8 233.4 232.5 231.4 229.2 226.5 224.3 219.9 213.8 203.7 192.8 181.3 175.7 172.5
135.1 128.3 121 112.8 111.3 112.4 117.5 124.1 130.9 137.1 145 153.2 161.3 170.5 183.9 201.7 221.9 230.2 232.3 231.8 230.6 229.3 228.2 226.8 225.4 222.8 219.4 211.7 195.2 178 163.4 158.1 151 143.4 136.3 128.2 121.9 117.1 123.9 129 133.6 135 136.1 142 144.2 147.5 150.5 151.9 153.4 155.3 157.8 161.9 165 170 178.6 188.7 200.5 215.5 220.7 228.4 231.5 232.6 233.1 232.8 232.4 232.3 232.4 233 232.5 231.5 229.2 227.4 225.3 222.6 219.9 214.8 207.3 195.8 187.5 183.8
130.9 123.3 116.2 112 106.3 114 120.6 125.5 130.9 137.7 144.1 152.3 160.2 170.5 183.8 200.9 222.1 230.1 231.4 230.4 229.3 228 226.9 225.9 224.6 223 219.9 214.9 202 185.9 172.7 160 150 140.5 134 128.1 122 116.6 119.1 122.9 125.6 129.2 133.8 135 135.7 140.3 142.9 144.1 146.1 152.6 158.4 166 172.2 176.3 182.5 187.7 191.1 198 215.7 229 230.7 232.2 233 233.6 233.2 233.1 233.2 232.3 231.8 231.2 230.1 228.4 226.7 224.5 222.4 220.3 216.8 210.2 203.2 200.1
126.3 119.9 113.6 108.3 108.8 113.2 119 123.2 128.2 133.1 139.6 149.6 159 166.8 179.6 199.5 221.2 226.7 230.1 229.1 227.9 226.7 224.8 222.7 222.4 221.4 220.4 216.8 207.1 190.2 173.7 160.6 148.4 137.4 131.5 126.1 120.7 115.1 116.4 118.4 120.4 122.5 125 125.6 130.5 137.6 141.3 145.6 151 157.7 164.2 173.7 183.3 188.5 196.6 201.7 207.1 210.1 218.1 228.4 231.1 233 233.4 233.7 234 233.9 232.9 231.9 230.6 229.9 228.4 226.5 226.2 225.9 223.9 222.2 220.4 218.7 216.9 214.9
125.9 119.1 112.7 106.1 110 114.4 119.6 123.4 127.3 133.8 140.2 148.1 157 165.9 178.9 198.3 218.4 229.3 229.3 227.3 226 223.6 219.3 216.1 216.6 217.5 217.3 214.8 208.2 192.9 175.3 159.6 145.2 134.3 127.4 122.1 118.3 114.2 115.1 120.4 125.9 129.6 131.6 135.5 137.8 141.8 146.6 151.6 157.1 163.1 171.7 181.3 191.4 202.3 210.9 217.5 221.1 224.6 227.8 231.2 232.9 233.6 233.8 234 234.2 233.4 232.4 231.4 229.7 228.2 225.8 223.4 222.2 221 220.6 220.9 221.4 220.1 219.3 217.7
125.4 118.7 112.6 104.5 110.5 116.3 121.6 124 127.4 133.9 140.7 148.5 157 166.1 179.8 199.2 218 229 229 226.5 223.4 217.8 209 203.3 203.2 205.2 206.9 202.8 196.3 183.3 168.8 155 142.3 134.6 124.5 117.1 112.1 110.6 121.7 127 133.1 139.3 144.9 145.6 144.7 148.5 153.2 158.8 164.2 172.8 181 190.3 204.9 216.2 222.2 223.9 226.1 228.5 230.6 232.2 233.3 233.7 233.8 234 234.2 233.2 232 230.9 228.9 226.4 224 221.5 218.4 216.1 215.5 216.1 217 218.5 218.4 219.1
123.2 118.9 110.8 102.7 109.7 115.2 118.3 121.8 127.3 133.5 141.5 149.1 155 164.2 180.8 201.3 220.5 228.5 228.6 225.4 220 209.5 195.4 187.4 187.9 186.9 189.9 185.6 179.8 169.8 159.9 146.8 135.5 129.3 121.5 113.6 109.4 116.5 125.9 132.7 138.3 144.2 150.8 154.5 153.9 158.7 162.4 167.8 176 185 195 205.4 216.3 222.6 225.6 227.3 228.9 230.1 231.2 232.6 233.5 233.8 234.2 234.1 234 232.9 231.7 230.4 228.3 225.9 223.4 220.8 216.8 209.3 208.5 209.7 212.3 214 215.5 216.4
123.8 117.9 109.3 99.2 108 112.1 115.5 120.8 127.1 135.3 143.4 150.7 156.7 165.7 182.4 202.1 221.3 227.6 227.4 224.5 219 204.6 187.4 177.4 174.2 172.6 173.6 168.4 165.2 157 150.5 140.4 128.1 120 114.3 108.9 112.8 123.3 129.9 136.7 143.6 149.6 155.8 160.9 164.4 169.9 174.5 181.2 189.1 198.8 210 219.1 221.9 225.9 227.9 229.4 230.4 231.2 232 233.2 234 234.2 234.4 234.3 233.7 232.6 231.5 229.8 227.9 225.4 223 220.4 215.8 210.1 202.1 197.1 198.3 202.3 206.3 208.3
123.2 114.9 104.4 98.6 105.7 111.3 116 121 126.1 136.3 144.8 150.7 157 166.4 184.2 202.4 220.9 226.5 226.2 223.7 218.6 205 187.3 173.3 163.7 159.7 157.2 152 151.7 147.2 141.8 135.6 128.5 114 108.1 106.6 119.8 129.8 136.8 142.6 148.4 156.2 163.8 170.8 176.5 182.1 187.1 195 204 213.8 219.6 223.9 226.4 227.8 228.9 230.1 231 231.9 232.7 233.4 234.3 234.4 234.4 233.9 233.3 232.3 231 229.2 227.4 225 222.5 219.9 216 212.3 205.4 193.7 183.8 188.4 191.2 193.5
120.7 112.6 102.5 98.7 106.2 111.1 115.9 121.5 127.9 135.4 143.9 150.1 156.9 169.3 186.4 203.5 221.2 225.7 225.1 222.8 219.2 207.2 190.5 174 162.3 152.7 147.7 140 140.2 136.5 134.1 128.3 121.4 111.7 106 111.8 123.1 133.6 142.8 149.8 156.5 164.9 173.2 180.3 187.5 195.8 205.3 212.9 216.8 220.9 224.5 226 227.4 228.9 229.8 230.8 231.6 232.2 232.9 233.5 234.3 234.2 234.2 233.6 232.9 232.1 230.3 228.6 226.8 224.5 222 219.4 216.2 212.5 207.9 197.6 184.6 178.4 178 179.3
118.7 108.2 100.1 96 105.1 110.6 116 121.4 128 135.2 143.4 149.1 156.9 171.2 188 204.4 219.4 225 224.3 223.5 220.2 211.1 193.5 179.5 165.9 155.9 147.3 138.3 129.6 128.7 126.2 120.7 114.4 107.7 104.2 116.2 124.3 134.2 145.2 155.9 166.1 174.2 183 192.5 201.7 211.7 216.2 219.9 222.1 224 225.4 226.9 228.1 229.1 230.1 230.9 231.6 232.2 232.9 233.5 234.2 234.2 233.9 233.1 232.4 231.5 229.6 227.9 226.1 223.8 221.5 219 216 213 208.9 202 191.6 181.7 172.4 169.1
111.6 102.3 93.1 95.8 103.7 108.8 114.6 120.1 126.7 134.1 142.2 150.4 157.4 170.2 187.4 205.2 219 224.2 223.7 222.3 220.8 215 202.9 185.2 168.2 156 147.2 138.1 128 122.5 119.4 116.2 110.9 104.4 104.1 116.3 124.6 135.4 148.1 161.2 172.6 185.1 196.9 206.4 213.5 217.7 220.2 222 223.4 225 226.1 227.1 228.1 229.1 230 230.7 231.4 232.1 232.8 233.4 234.1 234.2 233.5 232.4 231.7 230.8 228.9 227.1 225.3 222.6 220.2 218 215.6 212.9 210.1 206.3 199.7 190.2 181.2 171.9
104.7 97.1 89.3 96.2 101.8 107.2 113.1 119 125.8 133.1 141 149.8 156.9 170.4 189.2 207.8 220.9 223.3 223.1 221.8 219.7 216.3 205.9 188.1 170.5 157.5 147.5 138.6 129.4 122.1 115 110.5 106.1 102.9 105.8 119.2 129.2 139.7 152.3 165.4 178.5 194.5 206.8 212.9 216.2 218.6 220.3 221.5 223.2 224.8 226.1 227.1 228.1 229.1 229.9 230.6 231.2 231.9 232.6 233.3 233.9 234.1 233 232 231 230.1 228.2 226.3 224.5 221.7 218.9 216.7 213.8 211.5 209.7 207.8 204.4 199 190 179.2
98.9 91.8 90.5 95.7 101.2 107 113.2 119.3 125.2 132.1 139.5 148.4 157 170.1 188.2 206.5 220.9 222.6 222 220.3 218.1 210.1 191.8 175.2 165.8 156.6 144.5 138.7 131.2 123.2 116.5 109.1 104.4 100.9 106.8 121 131.7 142.6 156.8 169.7 183.6 201.3 209.7 214.2 216 217.8 219.7 221.3 223 224.6 226.1 227.1 228.1 229 229.7 230.4 231.1 231.8 232.4 233.1 233.8 233.9 232.6 231.5 230.5 229.4 227.5 225.6 223.5 220.7 217.9 215.3 212 208.1 206.6 205.8 205.1 202.8 197.6 186.4
91.3 87.1 87.4 95 100.6 106.3 113.1 119.7 125.3 133.4 141.2 149.1 160.1 174.7 189.7 206.6 220.3 222 220.3 218.7 211.9 192.7 176.4 167.8 160.7 154.2 142.8 132.9 128.2 121.9 115.7 108.8 99.2 104.6 114.4 123.5 133.7 143.5 157.1 172 189.3 203.4 210.7 213.2 215.3 217.4 219.2 221.2 222.8 224.4 226 227.1 228.1 228.8 229.5 230.2 230.9 231.6 232.3 232.9 233.1 232.8 231.8 230.8 229.8 228.7 226.8 224.8 222.4 219.5 216.7 213.7 208.8 201.1 194.7 197.4 201 201.8 200.4 191
89.3 87.1 85.3 90.3 98.6 105.4 112.5 119.6 126.6 133.8 141.3 148.1 157.5 175.3 193.1 209.4 220.4 220.4 218 215.6 199.2 179.7 168.8 167.1 157.3 149.5 141.1 131.5 124.6 117.5 111.3 105.1 97.9 107.4 116.8 126.8 136.2 146.6 160.7 176.5 193 205.4 209.7 212.3 214.4 216.5 218.9 220.9 222.6 224.2 225.8 227.1 227.9 228.6 229.3 230 230.7 231.4 232.1 232.8 232.1 231.3 230.3 229.4 228.7 227.8 225.8 223.8 221.5 218.3 215.2 212.2 207 198 182.8 186.1 189.9 191.2 197.1 192.1
97 89 83.4 88.3 98 105.2 111.2 119.2 126.8 133.9 140.8 147.1 155.2 172.8 190.9 209 218.9 218.4 215.4 200.8 187.2 172.5 170.1 159.4 153.4 144.8 136.7 130.7 120.7 111 106 99.5 96.3 108.3 119.8 130 139.4 149.4 164.1 181 195.8 206.1 208.3 211.1 213.5 215.6 218 220.3 222.3 223.9 225.6 227 227.7 228.4 229.1 229.8 230.5 231.2 231.9 232.1 231.1 229.9 229.2 228.5 227.7 226.8 224.8 222.7 220.5 217.7 214.2 210.1 204.6 193 177.6 175.4 178.2 176.9 179.5 177.9
101.6 90.5 82 86.9 97.2 103.6 110.7 118.6 126.2 133.9 139.6 147.3 152.6 169.2 187.3 205.4 215.7 215.2 205.8 187 175.1 175.9 161.2 155.4 149 143.9 134 125.9 117.1 109.8 100.7 96.2 96 113.5 124.4 133.3 143.2 155.3 169.5 187.6 201.3 204.8 206.5 209.7 212.3 214.6 217 219.2 221.4 223.5 225.3 226.5 227.5 228.2 228.9 229.6 230.3 231 231.7 231.1 229.8 228.5 227.9 227.5 226.8 225.9 223.8 221.6 219.4 216.7 213.3 208.5 196.9 183.2 175.9 169.6 168.6 171 165.9 163.3
100.2 90.5 81.2 87.3 95.4 102.5 110.5 117.9 125.6 133.7 139.9 145.6 151.9 168.7 186.6 204.5 212.2 211.4 194.6 177.2 173.1 164.3 154.8 149.7 144.8 139.4 129.1 121.8 114.8 107.7 97.1 94 104.2 115.7 127 137.4 149.2 163 176.1 193.8 203.6 203.7 204.9 208.2 211 213.1 215.5 217.9 220.1 222.3 224.6 226 227.1 227.9 228.6 229.3 230 230.5 230.9 230.7 229.3 227.8 227 226.4 225.8 224.8 222.6 220.4 218.2 215.5 211.9 206.9 195.7 190.9 179.7 172.2 166.4 167 155.7 153.9
97.7 88.9 80.2 88.4 96.4 102.7 110.5 116.6 123.6 132.1 139.1 145.7 151.4 168.9 187.4 205.9 210.7 205.5 187.2 169 166.5 159 151.3 143.5 138.9 131.6 123.5 117.7 112.1 104 94.7 98.6 109.2 120.5 130.9 142 154.4 167.4 182.5 198.4 204.3 203.9 202.9 206.7 208.9 211.6 213.9 216.7 218.9 221.3 223.6 225.3 226.5 227.7 228.4 229.1 229.4 229.7 230 230 228.6 227.2 226.3 225.7 225 223.3 221.1 219 216.6 213.9 211.4 208.3 203.8 198.6 189.4 177.9 167.1 158.8 148.6 145
95 85.9 80.3 90.2 96.2 102.4 109.6 116.1 123.5 131.4 138 145.1 150.9 168.9 188.2 207.6 207.6 197.5 177.9 164 162.1 157.7 149.3 137.8 132 126.8 119.9 113.1 107.4 99.9 94.1 103.9 114 125.3 134.9 147 159.4 171.8 188.3 201.8 204.8 201.9 199.5 203.4 206.1 208.8 212 214.8 217.9 220.3 222.7 224.5 225.7 227 227.9 228.1 228.3 228.5 228.7 228.7 227.5 226.3 225.5 224.9 223.9 221.8 219.7 217.5 214.7 212.1 210.5 208.7 206.1 203.9 198.3 189 177.9 167.9 158.2 150.1
91 81.9 79.6 90.8 98 101.3 108.5 115.4 122.5 130.4 137.1 145.2 152.8 171.2 190.2 205.8 202.3 186.1 168.8 160.5 161.2 153.3 143.9 136.8 129.9 121.4 114.3 108.2 102.5 94.7 100.4 109.8 118.8 128.9 139.6 152 164.6 177.4 192.7 203.6 205.4 201.5 192.7 200 202.6 205.5 209.5 212.9 216.2 219 221.7 223.7 224.9 226.5 227.2 227.3 227.5 227.6 227.7 227.6 226.7 225.7 224.8 224.1 222.4 220.3 218.2 215.6 212.9 209.9 208.1 206.8 205.5 203.8 202 198.1 189.4 176.6 167.2 161.5
88.6 78 79.9 90.2 97.3 101 107.3 113.9 121.5 127.9 133.5 144 155.7 174.2 192.9 204.1 190.5 171.6 159.3 158.7 154.4 146.8 141.2 133.7 125.2 116.6 108.6 103.5 97.4 94.2 104.4 113.2 123.5 132.5 144.7 157.5 170.2 183.6 198.8 204.4 205.5 202.4 194.8 189.3 197.4 202 206.5 210.7 214.6 217.6 220.4 222.9 224.4 225.8 226.3 226.4 226.4 226.5 226.6 226.3 225.5 224.7 224 223 220.9 218.6 216.5 213.1 209.9 202.9 199.2 199.6 198.2 196.5 198.9 198.6 195.9 188.2 179.5 168.9
82.2 75.5 79.2 89 96.4 100.5 106.2 112.8 120.7 127.1 132.9 141.2 160.5 178.6 197.5 200.6 182.3 166.9 151.7 150.8 145.6 140.5 134.3 126.4 118.6 113 105.2 97.7 91.4 100.8 111.5 121 128.5 137.9 149.2 163 175.8 189.7 201.9 205 205.5 202.1 197.5 184.7 188.2 199.6 204.1 208.6 212.7 216.3 219.6 221.8 223.2 224.6 225 225.3 225.4 225.5 225.5 225.1 224.3 223.7 223.1 221.7 219.9 217.2 214.6 211.1 193.2 187.5 183.4 182.9 184.7 184 186 188.1 190.1 191.8 187.3 179
78.9 74.8 81.2 88.9 94 99.3 105.5 113.1 120.4 126.9 134.2 140.2 163.6 187.2 202.3 193.1 176.8 160.5 148.4 144.5 138.6 134.1 127.5 119.8 113.2 107.5 99.9 92.4 96.3 106.6 115.8 124.9 134 143.8 153.5 165.2 179.1 196.1 201.4 204.4 205 201.3 197.5 184 180.6 197.2 201.7 206.5 210.9 214.4 217.9 220.6 222.1 223.3 223.8 224 224.3 224.4 224.5 223.9 223.3 222.7 221.9 220.3 218.6 216.3 213.5 209.2 195.1 181.5 173.9 167.7 166.9 168 170.8 172.8 176 180.7 179.7 172
77 73.7 85.7 89.4 93.8 98.1 104.8 111.4 119.2 127 134.1 142 163 195.7 202.2 185.8 168.7 152.4 145.3 139.6 132.8 127.6 121.4 114.6 107.8 102.1 94.4 89.6 101.9 110.8 119.7 129.7 138.4 148 158.6 170.9 186.1 200.5 202.3 204.1 204.1 200.7 196.7 184 176 193.9 199.4 203.9 208.8 212.6 216.1 218.8 220.9 222 222.5 222.7 223 223.2 223.4 222.8 222 221.2 220.3 218.7 217.1 215.2 211.9 207.9 197 184.1 177.3 172.3 167.8 161 155.4 158.6 162.4 166 165.1 161.9
73.6 72.7 85.1 89 94.3 98.5 104.2 110.6 118.2 125.5 133.3 142.2 170.3 201.5 196.9 178.6 160.6 145.8 141.2 134.6 128 121.1 115 108.7 102.1 96.2 88.6 97.2 106.9 114.7 123.5 133.5 142.7 152.9 165.1 179.1 194.3 201.8 203.5 204.3 202.8 199.9 197 184.1 169.2 188.8 197.2 202 207.5 211 214.3 216.9 219.4 220.7 221.2 221.5 221.7 222 222.2 221.4 220.5 219.7 218.7 217.1 215.9 214.7 211.7 207 200.1 196.7 192.2 184.1 179.3 171.8 161.6 151.4 148 151.9 152 150.1
74.3 72 85.9 90 93.9 97.6 101.8 109.8 115.8 125 132.9 149.5 174.6 191.9 187.8 170.2 152.7 142 136.3 129.6 123 115.9 109.4 102.8 96.3 90.3 89.6 103.1 111.1 119.2 128.4 138.7 148.8 158.9 171.5 188.1 200.7 203 204.7 206.1 203.5 200.4 197.2 183.1 169.1 181.5 195.3 200.6 206.3 209.5 212.8 216 218.3 219.3 220 220.2 220.3 220.5 220.6 220.1 219.2 218.4 217.4 216.3 215.1 213.9 211.4 206.9 203 200.4 197.5 194.5 190 182.5 171.9 160.9 150 141.3 138.9 138.1
70.8 72.1 84.9 89.4 94.2 98.6 102.9 109.5 115.4 123 132 145.5 164.1 178.7 173.8 152.7 147 139.6 132.2 126.8 120.4 111.7 103.6 97 90.5 83.7 96.9 107 116.4 126.3 136.2 146.3 157.6 167.5 181.5 196.3 201.5 203 204.7 204.8 202.6 199.7 196.7 185 167.9 176 190.7 198.8 204.8 208.1 211.1 214.1 216.8 217.6 218.1 218.7 218.6 218.5 218.5 218.2 217.9 217.2 216.3 215.3 214.2 213 211.2 206.9 204.8 202.6 199.7 196.7 194.6 192.6 182.5 172.1 161.1 149.7 140.2 138
