data/310000-490000.asc
ncols 200
nrows 200
xllcorner 310000
yllcorner 490000
cellsize 50
[rows 35 to 69 of 200, columns 0 to 79 of 200]
10.8 10.6 9.8 8.8 12.6 14.9 22.2 29 35.4 56.2 87 115.1 135.4 136.8 145.4 153.9 157.8 160.2 161.1 159.9 167 177 192.6 206.6 209.3 199.5 186.6 180.8 184.2 191.1 186.6 180.8 179 167.3 160 150.1 137.3 126 113.4 105.3 91.8 68.2 55.1 47.4 41.9 38.5 28.1 16.6 11.8 10.3 9.1 8 7.4 7.1 7.2 8.1 7.7 7.6 7.7 7.9 7.8 7.9 8 7.7 7.4 7.7 7.7 8.3 9 9.7 10.2 9.2 9.1 9.2 9.4 10.8 10.2 11.7 11.9 14.9
9 8.5 8 11.8 16.8 23.6 31.5 38.5 48.5 74.9 105.9 136.3 146.9 144.5 151.3 162.1 166.4 167.1 168 164.8 169.3 177.3 191.1 205.4 201.3 193.7 184 178.9 176.2 183.6 180.6 175 165.3 161.2 150.4 139.4 126.5 110.7 96.8 85.7 74.6 54.8 42.1 33.2 26.6 22 13.4 9.9 8.1 7.8 7.4 7.1 6.9 6.6 6.9 7.5 7.4 7.3 7.2 7.3 7.6 7.8 7.5 7.2 7.5 8 7.6 8.2 8.8 9.4 10 9.2 8.4 8.5 8.9 9.3 10.3 13.4 16.4 22.5
7.7 9.7 13.3 18.6 24.3 36.8 49 57.6 66.1 91.1 121.3 141.2 148.1 158.8 164.5 167.9 168.5 170.3 169.2 168.9 175.3 183.2 193.5 194.2 191 187.1 181.5 172.9 168 169.6 169 158.5 149.7 147.4 138.4 120.8 104.1 86.9 72.6 61.1 52 40.8 28.9 19.8 12.9 10.5 7.5 7.2 6.9 6.7 6.3 6.3 6.5 6.2 6.7 7.1 7.5 7 6.8 6.7 6.9 7.1 6.9 7.4 7.8 8 7.5 8.1 8.6 9.2 9.9 9.6 9.4 9.3 9.7 10 14.2 18.5 25.3 30.7
14.6 17.4 21.3 27.6 35.8 61 68.8 88.2 101.5 115.6 129.5 146.5 151.5 164.9 171.3 171.5 169.4 169.9 168.2 171.6 180.4 183.8 182.7 184 184 182 177.7 165 157.5 150.7 148.1 139.7 135.3 124.2 116.5 104.1 86.6 67.2 60.7 51.3 39.5 27.7 16.4 9.4 8.9 7.3 6.8 6.4 6 5.5 5.3 5.6 5.8 5.8 6.3 6.7 7.1 7.3 6.9 6.4 6.3 6.5 7.1 7.6 8 8.1 7.4 7.9 8.5 9.1 9.6 10.5 10.7 10.1 9.8 11.5 15.8 21.5 28.6 35.6
18.6 26.4 35.7 47 57.1 80.2 90.5 118 132.8 138.6 145.6 150.3 153.7 163.9 170.2 169.7 167.6 168.6 168.2 173 182.9 182.9 181.8 178.2 180.6 180.1 167.2 159.1 154.9 146.2 133.9 133.5 122.2 104.4 101.6 95.5 68.9 55.8 48 38.7 30.8 18.5 9 7.6 7.2 6.7 6.2 5.9 5.5 4.9 5 5.4 5.7 5.6 5.9 6.3 6.7 7.2 7.2 6.7 6.3 6.5 7.1 7.7 8.3 8.1 7.4 7.8 8.4 8.9 9.6 10.7 10.3 9.4 9.5 12.2 16.6 23.1 31.3 39.1
29.1 43 57.5 63.1 75.8 91.5 107.7 135 152.5 151.3 153.1 149.3 154.8 162 164.8 164.6 164.2 169.4 169.6 174.5 178.9 180 177.4 174.1 171.7 165.2 156.7 151.3 149.5 140.9 121.3 113.6 99.5 85.9 72.2 57.7 44.8 35.9 25.6 22.1 14.4 10 7.7 7.1 6.7 6.2 5.9 5.7 5.6 5.1 5.5 5.8 5.8 5.8 6 6.2 6.5 6.8 7.2 7 6.8 6.8 7.1 7.6 8.4 8.3 7.6 7.8 8.2 8.6 9.3 10.1 9.6 8.8 13.9 17.9 21.9 26 30.7 34.5
40.8 57.2 71.3 84 92.1 103.9 125.1 146.8 158.3 160.5 160.9 153.8 155.9 159.9 159.4 161.8 167.8 174.5 168.2 167.4 170 169.1 170 164.8 159.6 155.9 148.3 140.3 141.8 134.7 115.7 90 80 67.2 54.3 38.5 25.4 15.1 13.4 7.5 6.3 6.4 6.7 6.5 6.3 6 5.7 5.5 5.6 5.5 5.9 6.2 5.9 5.9 6 6.3 6.5 6.8 7 7.3 7.3 7.3 7.3 7.9 8.6 9 8.8 8.8 9.2 9.1 9.2 9.6 9.7 15.6 20.5 26.9 30.5 37.4 38.2 38.9
59.1 69.6 83.7 95.5 102.4 113.4 137.7 157.3 163.6 165.2 161.2 155 155 158.1 162.3 167.8 172.9 174.8 167.3 163.6 159.9 159 160.4 159 150.6 150.6 136.8 130.3 136.3 126.2 106.5 83.2 61.2 50.1 36.9 22.9 12.2 9.5 8.4 6.2 6.2 6.3 6.3 6.2 6.1 5.8 5.3 5.3 5.4 5.9 6.3 6.3 6.1 6.1 6 6.5 6.9 7.3 7.7 7.5 7.6 7.6 7.6 8 8.8 9.1 9.4 9.6 9.7 9.6 9.6 9.8 11.8 15.8 19.5 24.1 28.2 33.5 40.5 45.5
72.8 81 93.8 97.3 107.4 125.3 146 162.2 165.8 165.2 161 155 155 158.6 166.2 172.6 177.3 172.9 162.2 157.5 154.4 153 155.6 153.1 140.1 133.2 119 123 119.9 105.3 86.8 66.9 49.5 35.3 22.4 14 10.4 7.4 6.5 6 6 6 5.9 5.8 5.8 5.8 5.1 5.1 5.3 5.8 6.4 6.3 6.2 6.1 6 5.8 6.5 7.2 8 7.6 7.3 7.9 7.9 8 9 9.3 8.9 9.3 10.2 10.3 10.3 11.9 13.8 18.6 23.5 25.8 31.7 39.1 49.5 53.5
90.1 93.5 98.1 105.2 115 130.5 147.7 160 165.7 162 158.1 155 155 162.3 170.5 174.5 171.7 163.2 153.3 148.3 144.6 139.5 141.4 136.5 131.1 113.8 104.8 101.4 94 81.1 61.9 47.4 32.7 19.8 16.4 11.3 9.1 6.7 6.2 5.9 6 6 6 5.9 5.9 6.1 5.3 4.8 5.1 5.7 6.2 6.1 6.1 6 6 5.3 6 7.3 7.9 7.8 7.5 7.5 8.3 7.4 7.1 7.4 7.8 8.7 9.9 10.8 11.4 13.2 15.4 19.1 23.9 29.1 38.2 47.7 56.8 63.5
98.3 108.2 113.1 115.3 122.7 135.5 147.6 156.9 163.9 161.5 156.5 155 155 163.8 169.7 165.8 159.7 146.8 138.6 140.1 140.5 135.8 132.6 123.7 115.9 100.8 93.1 91.1 81 60.5 46 32.4 19.8 14.1 12.3 9.1 7 6.6 6.2 5.9 6.2 6.2 6.1 5.9 5.6 5.8 5.6 5.3 5 5.5 6 6.1 6 6 6 15.5 16.8 8.3 7.7 7.9 7.6 7.4 7.9 8.4 7.4 9.4 8.9 10 10.3 11 12.5 14.1 17.1 23 29.3 40.3 51.4 59.3 66.8 71.6
108.7 120.6 118.5 120.7 125.2 135.3 148.9 157.6 165.1 162.4 160.1 155 155 160.2 165.9 160 148.7 137.5 136.8 140.1 134.1 129.8 126.7 117.2 99 88.6 78.3 71.2 58 43.7 30.2 18 13.5 10.7 10.3 8 7 6.5 6 6 6.3 6.3 5.9 5.1 5.2 5.5 5.5 5.2 5 5.5 6.1 6.1 5.7 5.6 6.1 22.8 10.5 8.9 7.4 7.7 7.6 7.4 7.4 7.6 7.8 10 10 10 10.3 11.1 13.3 19.9 26.9 34.5 38.7 51.1 60.9 72.5 85.5 92.8
117.6 130.4 124.4 123.6 125.7 137.6 151.1 158.9 164.8 164.7 164.9 155 153.7 155 161 149 137.7 132.6 129 125.5 120.2 111.8 105 96.9 85.5 71.9 63.8 52.7 41.3 28.5 16.7 12.7 8.3 7 7.3 8.4 7 6.6 6.2 6.2 6.5 5.8 5 4.2 4.9 5.2 5.3 5.4 5.7 6.1 6.1 6.4 6.2 6.1 6.3 6.4 7 7.5 7.4 7.6 8.3 8.4 8.6 8.3 8.2 8.6 10 11.2 13 14.1 22.4 30.9 38.9 46.2 52.6 57.6 67.6 84 98.1 104.7
126.3 135.8 125.3 124.4 126.8 141.6 154.1 163.9 166.7 166.8 166.2 156.4 151.5 147.8 151.4 140.6 135.2 128.6 118.5 111.3 105.1 97 88 78.5 71 61.7 46.7 36.4 25.6 15 12.2 9.6 7.1 5.6 5.9 6.4 7.3 6.6 6.5 6.2 5.5 4.7 4.1 3.8 4.5 5 5.1 5.1 5.4 6.2 7.5 7.7 7.7 7.6 7.6 7.6 7.7 8.3 8.1 8.5 9.4 9.5 9.8 9.3 8.7 8.9 9.3 13.9 19.5 31.3 40 49.3 51.6 58.8 64.2 71 82.4 99.6 107 118.3
127.9 131.4 122.8 128 130 146.7 161.9 167 165.9 164.8 165.4 156.9 138.8 131.8 137.8 134.9 129.5 116.3 107.1 98.5 94.9 94.8 80.8 66.7 62 45.9 30.5 20.5 14.4 10.4 8.5 7.4 6.3 5.9 6.2 6.5 6.6 6.4 6.1 5.6 4.9 3.9 -2.6 3.4 4.2 4.7 4.9 5 6.6 8.7 18.5 13.5 9.5 9 8.9 8.8 8.7 9 10.4 11.6 11.4 10.8 11.1 10 9.7 11.6 13.3 22.7 33.6 46.1 54.9 58.1 63.6 71.2 81.5 90.8 99.9 115.9 127.3 131.8
126.9 123.3 124.5 127.3 133.4 150.7 155.9 159.3 161 161 160 151.7 142.3 129.7 128.6 128.3 115.3 107 100.1 93.7 90.7 91.4 70.5 51.1 39 27 15 11.7 8.4 8.7 8.2 7.1 5.9 6.2 6.5 6.3 6.2 5.9 5.7 5 4.3 -2.6 -2.6 4 3.9 4.4 4.7 4.9 8.6 12.8 21.8 17.5 11.3 10.4 11.4 11.4 11.4 11 11.7 14.1 15.2 14.5 14 12.7 12.5 15.2 22.2 31.4 39.7 54.5 72 72.6 75.2 86.9 100.9 107.6 114.8 132.8 145.3 153.3
123.2 122 123.3 128.8 134.6 143.6 149.1 152.2 155.3 156.6 154.7 150.3 136.3 124.2 124.1 119.4 108.1 100.9 93.9 87.9 82.6 71.2 54.7 38.2 21.5 12.6 9.8 7.4 7.5 7.3 7.5 6.6 6.2 6.2 6.1 5.9 5.7 5.5 5.2 4.4 3.8 3.8 -2.6 4.1 3.7 4 4.4 6.3 10.8 12 11.9 11.3 12 12.2 14.6 15.4 15.9 15.8 16.4 17.2 18.9 18.8 18.1 17 18.7 23.8 30.9 40.8 45.9 64.1 87.4 95.6 97.5 104.9 110.6 118.7 135.7 151.1 160.1 162.2
116.9 121.2 124.4 128.6 132.7 139 143.7 146.5 150.2 150.6 148.6 141.9 127.1 118.7 115.3 109.8 100.4 95.5 88.4 81.2 69.7 58.4 42.1 25.3 12.5 8.8 7.3 6.8 6.4 6 6.1 6.1 5.9 5.8 5.6 5.4 5.2 5.1 4.8 4.8 4.8 -2.6 -2.6 4.1 4.5 4.5 4.9 8.4 9.4 9.7 10.1 11.9 13.5 15.4 16.8 17.1 19.6 21.7 22.7 23.2 23.8 23.4 23.1 25.7 27.9 33.3 42.3 48 52.9 71 96.8 110 113.4 115.1 120.5 133.9 140.5 152.5 158.2 168.7
111.9 115.9 123.4 126.4 130 134.8 139.6 142.3 145 143 137.3 129.2 116.6 113.8 104.8 99.2 92.2 87.6 79.9 71.6 59.7 50.6 31.1 13.1 7.5 7.4 6.8 6.3 5.8 5.5 5.6 5.9 5.9 5.8 5.6 5.4 5.2 4.8 3.9 4.4 4.9 -2.6 4.1 8 9.1 7.1 5.6 8 9.9 9.7 10.4 12.1 14.6 19.8 22.7 23.7 24.6 26.6 28.4 29.5 29.3 29.9 30.2 32.8 35.2 41.8 51.7 60.5 67.2 75.6 103.2 119.7 114 121.7 129.5 141.7 148.1 152.9 166.3 176.4
109.5 111.2 117.1 122.9 127.2 132.6 136.7 137.9 139.2 135.3 125.8 115.7 109.9 103.6 95.3 85.2 80.4 77 68.5 62.4 51.1 34.2 16.1 8.3 8 6.9 6.3 6.2 5.3 5.3 5.5 5.6 5.8 5.7 5.6 5.5 5.3 4.6 -2.6 3.2 -2.6 -2.6 -2.6 8.5 9.3 8.4 7.3 9.1 11.7 12.4 16.3 20.4 24.9 28.2 29.4 30 30.4 32.7 33.9 35.2 34.2 33.1 36.3 38.9 41.4 51.8 63.3 75.1 81.7 88.5 97.8 109 119.2 129.3 140.9 144.6 153 163.3 170 177.7
107.2 108.7 111.6 120.6 126.7 132.5 128.6 131.1 129.6 121.5 117.3 110.8 105 95.2 85.2 74.5 68.9 66.1 61.2 52.5 37.9 20 10.8 9.9 8.8 7.9 7.3 6.2 5 5.2 5.3 5.5 5.6 5.6 5.5 5.5 5.3 5.6 -2.6 -2.6 -2.6 -2.6 -2.6 8.6 9.2 8.9 10.4 13.1 17.8 22.6 28.2 30.3 29.8 32.3 34.1 35 36.1 38.3 39.4 40.7 39.8 39.6 41.7 44.1 54.4 64.9 78.1 92.3 100.7 111.9 118.8 122.7 131.3 140.5 146.9 151.9 158.1 165.8 172.2 178.7
106 107.1 110.3 119.1 127.4 127 126.1 122.3 118.1 114.3 110.5 109.8 99.5 87.9 76.2 65.6 62.7 59.6 51.2 38.1 23.6 13.6 11 9.9 8.8 9.3 7.9 6.2 5.8 6 6.2 6.3 6.3 5.4 5.6 5.2 5 5 5.7 -2.6 -2.6 4 5.7 8.3 9 12 21.4 25 21.8 26.5 30.6 33.9 35.4 35.7 38.2 39.6 41.2 43.5 45.1 46.2 45.2 46.1 48.1 55.2 67.1 81.3 98.9 117.8 126.3 134.6 133.5 138.7 144.3 149.6 156.7 159.7 165.2 169.6 175.4 180.1
104.9 106.9 110.7 120.1 122.3 120.1 122.4 119.4 115.9 108 103.9 97.8 89.3 79.7 69.3 58.5 53.2 48.3 34.7 24.9 17.4 14.6 14.2 13.2 11.4 10.2 7.8 6.7 6.2 6.9 7.1 7.2 5.8 4.9 5.5 5 4.8 4.6 4.9 5 -2.6 4.2 5.5 8.9 11.3 18.8 28.9 28 28 29.4 32.7 36 38.7 40 43.3 44.9 46.5 48.2 50.6 51.3 52.3 52.7 56.8 68.2 86.3 107.5 120.9 134.7 145 145.9 147 150.2 154.3 160.5 162.7 164.8 165.9 173.4 179.7 185.6
102.7 107 109.7 113.6 114.9 115.8 117.9 115.8 113.4 104 96.7 91.1 85 76.6 63.8 51.5 40.8 35.6 29.4 19.6 16.2 13.3 14.2 13.4 12.7 10 8.2 7.2 6.9 7.6 8 7.1 4.9 4.7 5.3 5.1 5 4.6 3.9 -2.6 -2.6 7.4 7.7 9.5 13 21.3 26 29.6 30.1 31.8 35.2 38.3 41.8 45.3 48.5 50.3 52.8 55.6 57 58.4 60.4 64.6 71.2 84.3 111.5 140.3 151.2 157 158.7 159.4 156.6 158.1 161.9 163.1 164.2 166.7 170.1 176.2 183.3 187.1
99.9 105.5 107.2 107.3 108.6 110.1 110.8 109.1 104.8 97.1 90.4 84.9 75 64.9 57.5 46.5 36 29.2 21 15.4 13.2 11.1 11.5 12.2 11.4 9.5 8.3 7 7 8.3 8.5 6.2 3.9 4.6 5.3 5.3 5.1 4.8 -2.6 -2.6 8.4 6.4 8.5 10.8 13.6 19.6 25.6 31.6 34.1 35.5 37.7 43.9 47.9 51.1 54.7 58.1 61.7 64.9 67 67.1 70.7 75.5 83.2 96.3 131.9 163 177.8 171.4 168.6 163.2 160.8 161 162.8 164 165.8 169.3 173 176.8 184.8 189
98 104.6 104.7 103.7 103.4 104.1 103.2 100.9 96.5 91.1 80.1 69.1 62.7 53.2 46.1 36.3 28.6 23 18.3 14.8 11.5 9.6 9.6 8.5 7 8 7.2 6.3 7.3 7.8 7.5 5.6 3.1 4 4.8 5.2 5 -2.6 -2.6 7.3 9.5 9.1 9.5 13.8 17.2 21.7 29.1 34.4 36.7 38.5 45.5 51.4 54.1 56.5 60.1 69.9 71.4 72.5 73.1 75.3 79.3 84.7 90.4 104.1 133.8 169.8 182.8 177.3 170.9 162.7 161.9 162.3 164 167.4 170.1 172.1 177.8 182.5 187.8 192.5
94.3 100.8 101.4 100.5 98.3 96.4 95.4 94 90.9 85.5 75.1 62.1 51.2 44.7 36.8 31.3 25.2 20.7 18.4 14.7 10.5 8.8 7.5 6.6 6.2 6.3 5.7 5.6 6.2 6.5 6.3 5.2 3.1 3.2 4 -2.6 -2.6 -2.6 8.2 10.2 9.8 10.2 13.2 18.7 23.7 28.9 35.3 38.4 40.7 45.3 53.4 58.8 62.3 64.4 67.4 76 76.6 77.5 78.1 84.5 91.2 93.7 99 109.8 135.3 165.7 194.5 181 169 162.6 163.2 163.6 167.8 172.1 175.8 179.1 183.3 188.6 191.8 195.7
87.5 93.8 96.5 96.9 94.7 92.8 89.3 88.5 87.8 82.7 69.2 57.4 50 41.7 33.4 27.5 22 18.7 17.1 14 9.7 7.7 6.8 7.3 6.8 6.1 5.3 5 5.1 5.1 4.9 4.4 -2.6 -2.6 -2.6 -2.6 -2.6 6.5 11.9 12.3 11.3 14.4 19 25.1 30.4 36.4 42 46.2 51.4 57 63 68.5 70.9 72.5 73.8 80.9 82.4 83.3 87.1 95.4 99.7 99.7 103.9 110.7 127.5 169 186.1 178.4 165.7 164.6 162.8 164.9 171.8 177.1 181.5 185.9 189.8 193 193.9 197.1
82.9 89.1 91.7 93.4 91.3 89.8 85 84.1 82.8 75.7 62.4 57.6 52.1 41.2 30.2 24.7 20.1 16.9 15.7 13 9.3 8.1 6.1 6.1 5.8 5.2 4.6 4.5 4 3.8 3.5 -2.6 -2.6 5.3 4.7 4.1 6.6 10.5 12.6 13.8 16.4 20.3 28.6 39.3 43.3 45 48.1 54.1 62.5 71 73.7 77.9 80 80.8 81.2 85.8 87.4 89.9 96.2 102.3 103.2 104.6 108 114.6 127.6 139.7 161.8 173.3 160.9 160.7 162.5 167.3 175.7 182.3 186.8 189.6 192.2 194.1 194.8 196.1
78.7 86.3 88.7 88.2 87.1 85.4 80.9 79.7 75.1 67.3 60 56.2 51.7 38.7 27.5 22.1 17 15 12.5 9.6 7.5 7.4 6.3 5.3 4.4 4.6 4.7 4.7 4.2 5.3 -2.6 -2.6 -2.6 -2.6 5.2 10.3 12.1 13.2 14.7 15.3 18.9 27.7 38.2 48.3 53.1 55.1 59.3 64 71.7 78.7 82.9 86.3 87.1 88.4 88.9 89.2 90.9 98.6 106.5 112.9 110.4 109.3 113.5 115.9 123.2 134.5 144.2 158.8 151.5 156.6 165 174 182.3 187.4 191.7 194.2 194.7 195.2 195.7 196.9
69.5 70.8 80.5 80.3 77.5 77.6 75 73 67.3 63.7 60.1 55.7 49.6 36.8 25.4 19.2 15.5 11.9 8.3 6 5.4 6.2 6.4 6.4 5.5 4.8 4.8 4.7 4.9 5.2 3.4 -2.6 -2.6 -2.6 7.7 10.2 12.9 16.4 20.4 21.1 27.4 36.4 46.6 55.2 61.5 68.8 72.1 77.5 83.3 88 92.2 94.6 96 96.9 97.7 95 99.4 111.6 129.7 128.7 117 114.3 116.6 117.8 122.6 128.3 131.2 140.7 146.3 159.6 171.2 180.5 187.4 192.2 195.2 195.6 195.4 196.2 197.4 199
68.6 65.3 66.7 69.7 69.8 69.1 68.5 66.3 63.4 60.9 57 51.5 43.3 32.8 23.9 18.1 14.4 9.3 4.5 5.1 5.3 5.5 5.8 5.3 4.5 4.8 4.8 4.8 4.9 4.9 4.2 4 -2.6 -2.6 7.5 11.3 17.7 26.1 30.5 28.7 36.9 44.9 57.8 71.6 77 84.3 87.9 90.9 95.8 101.3 103.2 103.1 102.2 103 100.3 100.1 106.7 130.9 146.7 136.9 121.3 117.9 115.7 117.4 118.8 120.2 122.2 134.5 148.9 166.2 177 185.5 189.6 191.9 194.7 196.8 195.9 197 198 203.4
77.6 82.6 73.7 58.7 58 60.7 63.3 63.8 62.4 59.5 53.8 40.5 34.7 25.7 19 14.1 10 5.1 4.6 5.2 5.4 5.5 5.4 5.4 -2.6 -2.6 -2.6 -2.6 -2.6 -2.6 -2.6 -2.6 -2.6 6.6 7.4 13.8 20.8 24.8 28.3 36.1 45 49.5 72.4 92.2 97.3 98.4 100.6 104.2 106.9 110.2 110.9 110.3 107.4 103.3 101.5 106.3 116.7 142.6 162.1 145 126.4 120.1 117.1 118.8 120.2 122.6 128 138.9 155.6 172.5 181.1 187.1 189.3 191.4 193.4 196.3 195.4 196.5 201.3 206.5
81 82.9 71.6 59.3 55.6 57.4 59.6 61.6 59.7 57.6 46.4 32.7 25.7 20.3 14.9 10.8 6.2 4.7 4.9 5.4 5.4 5.5 5.5 -2.6 -2.6 5.2 4.5 4.6 5.6 5.8 6.5 6.6 7.9 8.7 11.9 14.9 22.3 26.5 35.4 46.4 47.3 61.8 84 100 107.8 108.4 108.3 110.5 113.4 116.9 115.6 111.6 108.5 105.5 105.6 110.7 121.7 145.5 165.5 146.9 130.2 122.4 119.8 120.8 122.2 125.6 135.4 145.9 163 179.6 185.1 185.9 188.2 189.9 191.6 195.1 197 200 204.5 209
78.9 76.7 61.5 56.5 53.7 55.4 59.3 58.9 57.1 52.2 36.8 26.4 20.4 15.6 12 9.7 3 5.2 5.3 5.4 5.4 5.4 5.5 -2.6 -2.6 5.3 4.9 5.2 5.4 7 8 7.9 9.7 12.3 17.6 21.5 27.8 35.5 43.1 43.2 54.2 70.1 86.8 109 113.5 111.5 114.6 117.9 118.2 120.2 118.2 112.7 108.9 106.4 107.3 112.7 124.5 142.5 151.3 142.9 132.4 125.2 122 123.2 125.5 134.2 144.2 159.3 174.6 181.1 179.6 183.9 188.1 190.4 192.3 197.7 202.5 206.8 209.2 206.3
