data/310000-80000.asc
ncols 200
nrows 200
xllcorner 310000
yllcorner 80000
cellsize 50
[rows 0 to 37 of 200, columns 0 to 83 of 200]
113.6 98 72.2 85.5 90.4 88.2 85.5 84.7 90.4 95.9 97.4 90.5 95.2 97.2 97.6 97.5 97.6 96.8 95.8 93 88.3 83.2 80.7 83.3 84.2 84.7 83.1 81.9 79.2 78.2 75.8 78.9 84.2 88.3 92.5 95.3 97.7 100.8 103.2 104.9 107.3 109.4 113 114.6 115.6 115.8 115.6 113.3 111.5 107.1 102 97.7 94.9 93.1 87.7 84.8 80.6 73.8 70.3 67.6 62.3 59.2 56.7 54.5 51.1 46.1 42.1 40.2 39.2 38.3 37.6 36.1 34.6 34.3 33.5 33.4 36.4 37.7 39 40.3 41.6 43.6 45.5 47.4
116.6 99.6 78.1 89.9 96.1 97.6 96 94.2 94.6 97.5 99.3 94.6 98.6 99.3 99 102.4 102.7 102.8 103.4 102.1 99.5 96.4 89.2 81 75.1 78.3 77.9 76.8 75.2 73.6 72.4 77.6 82.1 86.1 90 91.9 93.8 96.6 98.6 100.8 104 106.4 107 107.8 109.9 110.5 110.1 108.8 106.1 102 96.8 92.8 89.6 87.5 83.3 80.8 76.9 72.3 66.4 63.2 59.5 56.4 54.4 52.1 47.3 42.7 39.9 38.7 37.8 36.9 36.1 34.6 33.6 33.9 32.4 33.5 37 38.1 39.6 41.5 44.1 47.5 49.3 51.6
119 102.9 81 90 100.1 104 105.1 98.4 101.4 102.2 102.8 102.3 102.7 106.3 106.1 106.6 107.5 107.9 110.4 109.6 105.2 97.2 91.2 85 79 73.6 73.2 72.8 71.8 69.2 70.8 75.7 79.2 83 85.7 87.9 91.1 93.2 95.3 97.6 100.4 101 101.3 102.4 104.5 105.4 104.9 103.3 99.4 96.9 91.3 87.5 85.8 82.6 80.5 75.6 71.5 66.8 63.1 60.3 56.3 53.2 51.2 49.2 43.7 40 36.5 35.9 36.1 35.4 34.6 33.7 33.4 33.7 32.2 33.6 36.3 38 40.6 44.1 46.6 50.7 53.8 55.9
120.4 111 97.4 94.4 103.9 107.3 108.4 105.3 106.3 106.2 109.1 109.7 109 111.5 111.6 112.1 113.1 113.7 115 114.4 107.8 99.6 92.9 87.2 81.7 75.7 70.5 67.8 67.9 65.2 69.2 72.4 75.7 78.9 81.4 84.7 88.1 90.2 91.8 93.1 95.5 94.7 95.9 97.3 98.6 99.6 99.5 97.8 94.5 91.4 86.3 81.3 80.6 79.6 76.5 73 68.1 63.1 59.4 55.4 52.9 49.1 47.7 43.7 41.9 36.9 33.7 33.5 33.1 32.8 32.9 33 32.9 32.5 32.1 32.4 37.1 39.1 41.7 45 49.7 53 56.3 59.9
112.9 113.8 107.1 105.6 107.6 110.8 112.1 113.2 116 115.4 115.9 116 113.2 117 121.9 122.1 121.2 119.8 117.6 115.2 109 101.4 94.5 88.1 83.8 77.9 72 67.9 64.7 63.3 65 68.3 71 74.4 77.3 82 84.6 85.9 86.6 88.6 89.4 90 91.7 92.6 93.8 94.9 94.8 92.2 89.2 84.7 81.7 76.6 74.7 75.2 72.9 68.5 63.6 59.7 55.4 52 49.4 45.3 42.5 41.4 37.7 34.9 32.4 31.8 31.7 31.9 32.1 32.2 32.4 32.3 31.2 34.7 37.5 40.2 43.8 47.7 50.9 54.4 59.4 63.9
108.9 115.1 110.7 108 109.8 112.8 118.7 120.3 122.4 122.9 122.7 122.3 119.5 128.2 131.3 130.9 127.2 124.5 121.4 114.9 109.2 102.7 96.4 91.5 86.1 79.6 75.2 71.1 66.3 60 61.9 63.1 66.4 69.2 72.5 78.2 80 81.2 82.2 83.9 85.4 83.3 86.2 86.4 87.9 89.2 89.9 86.9 81.7 79.4 75.7 73.1 69 69.5 67.7 64.1 60.5 56.4 53 49.9 46.8 42.5 40.4 38.4 35.9 33.4 31.7 30.9 30.8 31 31.3 31.4 31.6 31.9 31.4 34.5 38 41.4 45.3 50.5 54.1 58.2 61.6 65.7
108 115.1 114.6 109.6 112.8 117.1 122.9 126.2 129.7 133.5 132.5 131.8 133.6 141.5 140.3 137.1 131.7 128.1 123.9 118 112.3 106.7 101 94 88 82.1 77 71.6 66.8 61.7 59.2 60.5 64 66.6 69.9 72.3 75.1 76.4 78.8 80.4 81.5 81.4 80.9 80.8 81.1 84.9 84.8 81.6 75.2 73.4 69.7 68.6 65.7 62.9 62.3 59.6 55.6 51.6 49.2 46.1 41.9 39.7 37.4 35.4 33.1 31.6 30.8 30.7 30.2 30.1 30.3 30.6 30.8 31.6 31.7 35.4 39.2 43.5 47.7 52.5 58 62.7 64.8 68.3
110.1 116.1 114.9 113.8 116.1 121.5 127.1 131.3 136 140.2 142.5 145.4 150.8 149.5 147.7 141.9 136.1 133.4 127.5 121.7 116 109.7 103.2 95.7 88.5 82.9 76.8 71.6 66.7 62.4 58.2 58.3 59.1 62.8 65.2 68 70 72.5 75.6 77 77.7 77.4 78.6 76.3 80.4 77.8 79.6 77.4 73.2 67.6 64.3 65.2 60.4 60.4 57.5 55.8 51.9 47.8 46.4 42.3 40.4 38.2 35.5 32 30.7 30.3 29.9 30.1 29.9 29.5 29.5 29.8 30.2 30.2 30.4 35.9 39.6 45.1 49.3 55.4 61.6 66.5 70.3 71.7
108.4 110.9 116.8 121 123.3 126.6 131.7 136.1 141.2 146.6 150.5 156.2 158.1 159.2 156 149.8 142.9 137.6 131.8 125.2 119.4 111.9 105.8 97.7 90.5 83.4 77.4 71.6 66.6 62.5 59.6 56.5 56.5 58.2 60.8 64 66.2 67.6 71.3 73 74.1 73.1 72.7 72.5 72.6 74.5 74 71.9 69.3 64.4 59 62.4 58.6 56.3 54.3 50.5 47.9 43.9 40.8 40.1 38.4 36.4 32.8 30.2 29.8 29.4 29.2 29.4 29.3 29.1 28.9 28.8 27.6 29.6 31.7 37.5 42.1 47.1 51.7 58.1 64.2 69.8 73.1 76.1
104.3 110.7 117.5 123.1 128 130.9 135.5 139.3 145.8 152.3 158.6 164.6 169.4 172.8 164.9 156.5 148 141.1 135.3 128.4 120.7 112.6 106.4 98.9 91.9 85.7 80.3 72.5 66.6 63.1 61.2 60.2 53.8 52.9 55.8 59 62.4 63.9 66.8 69.3 70 66.7 69.2 67.5 67.8 70.7 69.4 67 65.1 62.3 57.2 56.6 54.7 51.6 50.3 48.4 45.4 41.6 39.5 38.5 36.5 34.2 31 29.2 28.8 28.5 28.4 28.8 28.6 28.4 28.3 28.5 29.3 29.3 34.8 38.4 45.3 51.3 54.3 60.5 67.1 74.7 77.2 81.2
104.5 109.9 116.1 122.3 128.5 133.2 137.9 143.4 149.5 156.1 164.4 173 187.6 196.3 182.7 163.2 153.6 145.8 138.5 130.4 120.1 112.9 106.4 101.1 93.3 87.6 81 73.9 68.4 64.6 63.7 63.1 58.9 52.5 51.9 54.5 57.7 59 62.1 63.5 63.7 63.3 65.3 62.4 63.7 62.8 61.9 60.5 58.7 57.4 53.9 51 49.2 47.6 46.9 45.5 42.2 38.8 37.3 37 34.6 31.6 30.1 28.3 27.6 27.7 27.8 28.4 28.1 27.8 27.5 28.1 28.7 31.6 35.4 40.9 47.6 52.5 57.9 64.6 71.1 77.9 79.1 85.5
102.9 109 114.6 121.9 128 134.6 141.3 147.3 153.4 160.8 168.1 187.1 208.2 207.7 193.6 175.4 161.1 150.9 141.9 132.8 125 117.6 109.1 102.9 95.2 88.9 82.7 76.5 70.9 67 61.8 59.2 56.2 52.1 50 50.5 52.1 54 55.4 57.9 58 59.4 59.7 59 58.4 58 55.7 53.9 52.6 52.5 50.6 47.3 45 44.1 43.2 42.9 41.4 37 34.8 36.1 33.9 30.1 28.6 27.5 27.7 27.8 27.7 28.1 27.8 27.5 26.6 27.6 28.6 32 36.3 43.5 48.8 54.1 60.6 67.1 74.2 81.8 84.5 90.7
98.2 105.1 113.4 120.3 126.1 133.1 139.6 148 156.1 163.7 177.5 199 210.4 208.5 202.6 187.4 169.3 156.6 145.6 138.2 130.2 121.9 113.1 104.7 97 90.5 83.9 78.4 73.2 68.9 62.1 57.9 57 54.2 51.5 48.9 47.8 48.8 49.4 51.5 51.9 54 56 55.1 53.5 53.6 50.6 48.5 48.1 47.2 45.7 43.9 41.4 40.2 39.1 40 41 36.9 33.5 33.6 30.7 28.9 28 27.1 27.3 27.5 27.7 27.8 27.5 27.1 27.6 27.7 29 33 39.4 44.9 50.3 56.3 62.4 69.9 78.3 84.6 91.5 96.6
94.4 102.2 110.7 118.9 124.1 130.6 139.1 148.3 156 165 179 201 210.7 210.4 205.4 194.7 176.8 162.6 151.7 142.1 133.6 124.4 115.7 107.3 99.2 92.3 86.5 82.1 76 69.2 63.1 61 60.5 57.9 53.8 49.7 47.4 45.8 44.7 46.4 46.6 50.4 51.3 50.5 48.9 49.3 46.5 43 43 43.3 40.9 40.7 39 37.2 37 38.7 40.7 38.1 33.4 31.6 30.3 28.6 27.3 26.7 26.9 27.1 27.2 27.2 26.7 24.7 27.4 28.4 31.1 34.1 39.9 46 51.8 58 65.6 74.1 81.8 88.3 96.5 103.4
92.9 101.2 107.6 113.6 120.7 130.3 139 146.1 155.1 164.3 178.5 200.4 210.4 210.7 208 199.9 186 170.6 157.6 145.2 136.7 127.5 119 111.5 102.9 96.2 91.2 85.8 78.7 72.6 69.2 65.4 62.9 60.9 56.2 51.7 49 46.7 44.4 42.6 43.3 45.1 46.1 45.1 43.9 44.1 42 39.8 38.7 37.9 37.4 38 36.9 35.5 35.3 37.8 38.1 37.3 32.8 29.8 28.9 27.9 26.6 26.1 26 26 25.9 25.9 25.3 26.4 26.5 29.3 31.8 35.5 40.7 46.7 53.9 61 68.7 77.8 84.9 91.8 101 108.6
92.4 98.9 101.4 107 119 129.5 138 145.8 154.5 163.2 177.5 199.3 209.1 209.7 207.8 202.1 192.8 176.4 159.2 146.2 138.2 130.3 122.1 114.4 106.8 100.4 94.6 88.5 82.9 78.1 74.1 70.1 65.2 62.6 57.3 53.4 51.4 49.9 47.5 43.3 43.9 41.2 41.3 41.6 41 40.5 38.6 37.1 36.4 35.5 34.3 34.1 34.6 33.3 33.6 35.5 34.8 34.7 31.1 29.5 28.2 26.6 26.1 25.7 25.6 25.6 25.4 25.2 25.6 23.9 24.7 30.9 34.2 37.5 42.7 48.6 55.6 64.2 72.6 80.7 87.8 96 105.4 114.6
84.4 92.1 101.6 111.4 119.9 127.6 137.2 145.3 153.2 161.2 178.5 199.1 208.3 208.3 207.3 204.5 194.9 177.9 159.7 148.7 140.7 132.9 124.6 117.9 111.3 104.8 97.9 92.1 86 81.4 76.6 72.2 67.1 63.1 57.5 55.3 56 54.7 50.5 48.6 48.7 43.4 39.4 38.7 38.5 38 36.8 35.7 34.8 33.7 32.5 31.7 32 31.7 31.8 32.9 32.3 31.9 30 28.2 26.6 26.2 25.8 25.5 25.2 25.3 25.5 25.6 25.2 25.5 23.7 33.1 36.5 41.5 46.7 52 59 66.2 76.9 83.9 92.3 100.6 108.8 120.4
86.9 96 102.9 110.8 118.6 126.6 135.3 143.1 151.1 160.1 178 199.7 207.2 207.8 207.4 204.2 199 184.5 166.9 152.2 144.1 135.7 128 121 114.8 108.3 101.8 95.6 89.5 83.7 78.8 73.6 69.1 65.2 62.2 61.3 59.6 54.7 49.8 52.8 54.5 51.6 46.2 41.6 39.7 36.9 36 33.8 33.8 32.6 31.3 30.8 30.7 30.8 30.4 30.9 30.4 30.1 28.8 26.9 25.5 25 24.7 24.4 24.7 24.6 25.1 24.7 24 24.7 27.2 35.1 39 44.3 49.3 56.9 63.8 72.8 80.3 88.5 97.2 105.6 113.4 126.5
83.4 90.1 98.3 108.4 116.8 125.1 134.2 140.9 150.1 158.9 176.3 198 205.9 206.7 205 202.2 200.1 191.2 176.6 158.7 147.8 139.4 131.6 124.5 117.6 111.3 104.8 98.2 92 86.6 82.2 76.2 71.4 69.8 67 64.9 58.3 56.4 57.6 55 58.8 55.9 46.5 48.8 44.7 41.4 37.9 34.8 33.8 30.9 31.8 30.5 29.7 29.7 29.3 29.4 29 28.4 27.4 25.5 24.4 24 23.4 24.8 24.6 24.5 24.5 22.8 23.8 27.7 32.7 36.5 41.6 47.1 53.8 59 66.7 74.9 82.9 91.9 101.1 110.3 118.8 131.8
90.2 96.4 101.3 104.6 112.8 124.5 133.6 141.8 150.3 159.4 180.4 198.4 200.5 200.5 201.9 202.4 201.2 194.2 185.5 165.3 151.2 143.5 136.7 129.7 120.9 114.3 107.7 100.4 94.3 89.9 83 77.4 73.3 70.6 68.7 63.1 58.2 63.7 60.9 61.3 60.5 55.7 50.8 52.1 49.4 44.3 40.8 37.3 34.6 33.3 31.7 30.9 29.4 28.8 28 28.1 27.6 27.2 25.5 24.4 23.7 23.4 22.8 24.1 24.6 24.7 20.9 23.2 26 32.2 35.7 40.7 44.7 52.3 59.6 65.1 71.5 81.7 87.6 97 103.5 113.4 126.9 141
96.7 102.1 106.4 113.7 122.6 127.8 135 143.9 152.9 162.8 181.9 193.8 195.4 197.1 199.8 201.5 201.7 196.2 189 175.6 158.9 147.6 139.6 132.2 125.1 118 110.6 102.7 95.5 88.7 81.6 77.5 74 70.8 69 62.7 63.7 68.5 62.2 62.1 56.7 53 58 59.3 55.9 50.5 45.7 41.1 36.7 34.2 31.7 30.5 28.3 27.7 26.7 26.7 26.7 26.1 24.2 22.8 22.9 22.1 22.5 23.3 22.2 21.3 20.8 25.8 30.9 34.7 39.6 44.4 50.2 55.9 64.5 72.9 76.5 86.7 92.5 99.3 107.8 120 135.2 149.3
102.4 107.9 113.3 120.4 127.5 133.6 139.4 147.1 156.1 170.6 187.7 188.5 189.9 194.5 197.5 198.7 198.6 195.9 193.2 185.6 172.2 156.8 143.9 135.2 126.8 120.2 112.5 104.8 97.9 88.4 80.7 78.1 76.7 71.8 65.9 62.2 64.4 63.7 61.9 59.1 53.9 56.4 68.5 64.6 60.5 53.6 47.6 43.2 40 35.4 31.8 29.3 27.3 25.9 25.6 25.8 25.6 24.7 23.4 22.3 22.3 22.7 22.6 22.4 21.9 21.2 20.5 28.8 34.4 38.5 42.9 48.5 55.3 62.5 71.1 79.2 85.2 89.9 97.2 103.5 112 127.8 143.7 159.2
106 111.2 116.3 123.4 130.1 137.4 144.8 154.6 167.1 183.2 191 181.8 184 190 195.3 195.9 196.4 195 192.4 190.4 182.3 166.6 151.4 137.5 128.5 121.6 114.1 105.9 97.6 88.7 88.6 84.9 78.5 69.2 66.2 66.4 64.6 62.1 60.1 58.2 55.4 59.3 69.8 69.4 61.8 56.3 51.1 46.9 41.3 35.9 33.5 30.5 28.4 26.4 25.3 25 24.2 23.4 22.3 22 22.2 22.3 22.2 22 21.6 20 22.5 33.9 37.7 42.6 46.8 51.6 59.2 67.3 76.5 82.9 88.9 95.9 103 109.9 119.7 138 155.3 164.7
106.1 111.5 117.5 123.9 132.1 140.1 147.6 157.9 174.4 192.9 189.4 177.3 178.4 183.7 191 194.6 194.7 193 191 188.9 187.2 176.5 158.1 140.9 130.9 123.2 114.9 107.2 97.7 93.9 96.1 91.1 84.1 77.3 78.3 72.8 69.3 64.6 61.5 58.3 58.6 58.6 66.2 69 62 57.2 55.6 46.9 40.4 40.6 38.4 33.6 29.9 26.8 25.4 24.6 23.8 22.8 21.5 21.6 21.6 21.6 21.6 21.6 21.5 18.5 27.1 36.7 41.6 46.8 51.7 57.3 63.6 71.9 81.6 87.1 94.5 101.8 107.7 117.9 131.1 151.7 162.8 169.1
107.3 112.7 119.9 127.2 134.8 142.6 151.6 160.2 185.3 195.4 189 174.4 168.5 172.5 177.2 187.5 192.4 190.7 188.6 187.1 185 178.2 159.1 142.7 131.7 125 117.8 110.6 103.6 101.4 101.1 96.1 90.4 84.4 83.4 80.2 75.5 70 64.8 62.3 60.9 58.2 58.6 54.2 58.9 58.7 52.6 45.8 50.8 46.8 43.8 39.7 33.1 28.4 25.1 24.2 23.5 22.6 20.5 21.1 20.8 20.7 20.7 20.7 16.3 26.2 33.7 39.2 45.3 51.3 57.6 63.9 68.7 76.6 86.8 93.8 99.9 109.7 121.5 132.6 146.7 160.3 167.3 170.7
109.8 116.7 123.4 129.5 138.7 147.6 156.9 170.9 193.1 196.1 186.5 172.4 160.8 161.5 168.7 176.8 185.3 186.1 184.8 182 176.4 170.4 154.1 137.7 129.3 123.8 120.1 114.6 108.8 104.9 101.4 98.3 94.7 92.2 90.2 85.4 78.9 75.4 70 67.2 64.2 57.1 56.3 53.3 52.8 53.9 49.2 51.8 51.2 47.2 44.6 40.7 36.1 30.6 25.1 23.8 23.3 22.4 19.4 20.3 19.9 19.9 20 20.1 24.6 31.3 37.1 42.7 49.3 55.5 61.5 67.4 73.8 81.2 90 98.6 107.6 120.1 133.5 147.4 159.2 166.9 169.9 171.1
110.1 116.3 120.2 133.2 142.5 151.4 160.8 183 197.6 193.8 185.3 171.7 158.1 150.5 158.5 168.7 175.8 176.3 175.4 170.4 161.9 152.7 144.1 131.3 126.1 123.1 118.2 113.1 107.7 102.4 98.6 100 98.5 100.3 96.6 90.1 84.9 79.9 73.8 70.5 67 60.2 56.5 53.8 52.1 49.4 48.4 47.7 45.4 44.4 41.2 38.3 31.2 30.2 28.3 23.4 22.8 21.5 18.5 16.8 17.7 16.3 13.6 19.8 29.5 34.4 40.3 46.9 54 59.8 65.6 72 78.3 84.5 91.9 99.7 113.7 129.5 142.6 159.7 166 169.1 171.3 172.1
111.3 117.6 126.2 135.4 144.2 153.6 167.4 190.9 198.4 193.9 183.2 170.2 153.9 145.5 149.7 154.7 159.9 164.7 162.7 153.7 143.8 137.3 130.8 125 120.9 117.1 114 108.2 102.4 98 94.7 96.3 101.9 104.1 101.7 96.7 90 83.5 79 73.8 67.2 60 56.6 53.8 50.1 49.1 51.6 47 42.8 38.9 39.1 35.3 31 28.3 27 23.1 22.1 20.6 18.8 13.3 12.5 18 18.2 26 32.4 37.7 43 49.4 55.5 62.4 69.8 76.3 82 88.1 95.6 103.1 119.8 135.3 150.2 164.4 167.3 169.5 171.5 172.8
112 117.8 127.4 135.3 144.6 154.8 174.4 196.3 198 192.8 180.2 165.9 154.8 142.1 140.8 141.9 147.2 145.4 144.3 137.8 131.7 127.4 123.3 118.6 115.1 111.1 107.4 101.8 96.1 91.6 89.9 93.6 99.4 104.9 105.4 103.1 97.2 90.5 83.9 74.3 62.9 57 56.8 55.1 57.2 64.4 64.3 59 53.4 46.2 38.7 33.5 29.7 27.3 24.9 21.5 20.3 19.2 18.7 12.2 17.4 18.7 22.5 27.2 33.7 39.7 46.3 51.7 57.9 64.9 72.4 79.3 85.4 91.6 98.9 111.2 126.3 142.5 157.2 166.6 168.4 170.1 171.6 172.8
111.9 118.1 128 136.8 145.9 157 179.3 197.1 195.9 190.6 177.1 160.8 151.1 140.1 134.4 135.8 136.6 137.1 132.7 129.4 123.9 119 114.2 111.4 108.7 103.9 101.6 96.4 90.8 87.2 86.2 91.3 97.8 104.5 108.1 107.2 102.5 95.5 84.3 74.2 64.9 59.8 56.5 58.9 64.7 65.6 66.1 61.2 54.7 46.1 38.9 33.5 29 25.5 24.2 21.2 20 18.8 18 10.5 17.2 20.1 24.5 29.4 35.7 42.2 47.9 53.1 60.8 67.8 74.6 81.2 87.8 95.1 102.3 115.7 132.6 149.5 163.8 167 169 170.6 171.3 172.6
112.2 119.4 127.3 137.7 147.1 161.8 184.3 198.1 196.7 190.8 178.4 161.6 146.2 137.7 129.6 130.5 129.3 128 126 121.8 117.6 111.7 108 102.6 98.8 96.3 95.3 90.7 85.6 81.7 82.1 88.4 95.7 103.4 106.1 105.4 102.4 95.2 82.6 74.1 68.3 62.3 56.7 58.7 62.8 66.1 63.6 58.6 52.8 45.5 38.6 33.4 29.4 24.8 23.2 20 18.5 17.2 14.1 14.7 18.6 21 24.8 30.9 35.9 42.8 48 54.7 61.2 69.4 76.4 83.2 89.8 98.2 105.3 119.7 136.8 153.7 165.1 167.7 169.5 170.8 171.1 172.3
115.3 122.7 129.5 138.9 149.3 162.7 186.9 197.7 196.9 192.2 178.3 164.7 152.6 138.6 131.2 123.7 119.8 119.1 117.8 113.8 109.7 105.1 100.5 95.6 91.5 89.9 88.6 85.8 81.7 77.8 78 85.5 92.8 99.4 101 100.8 99 91.4 78.2 69.6 64.8 59.1 54.7 53.7 56.8 58.4 58.8 57.1 54 47.2 39 34 26.3 24.4 21 19.2 16.8 15.6 10.5 16.5 18.5 20.4 25.5 31.9 39 43.6 49.1 55.8 61.6 69 76.9 85 92.2 100.6 111.4 127.2 143.2 160.2 166.5 168.9 170.1 171 171.4 171.7
118.5 125.7 133.7 142.8 152.3 165.2 189.7 197.4 196.3 193.1 185.9 174.5 163.2 141.6 133.7 126.4 117.9 112.9 109.5 107 101.8 96.5 93.3 89.2 85.2 83.6 83.1 80.4 75.1 72.4 75.9 81.4 89.6 95.2 94.2 93 92 87.7 76 66.6 61 56.1 53.7 50.3 50.4 51.1 59 57.4 53.8 49 40.9 33.9 23.8 22.6 19.5 18.5 15.6 12.4 12.6 17.2 18.8 20.8 26.1 31.6 37.7 46.4 52.5 58.8 63.4 68.6 77.5 85.7 93.9 102.3 112.8 131.9 150.1 163.4 168 169.5 170.6 171.9 171.2 170.2
121.8 128.5 136.1 145.3 155.3 170.4 192.1 196.9 195.2 191.4 186.4 182.2 173.4 154.9 138.9 129.8 121.2 112.2 104.7 100.2 96.2 90.9 86.7 82.7 79.5 76.6 76.9 72.6 69.8 69.4 73.7 79.3 85.2 88.4 88.7 85.4 83.3 82 73.2 63.3 57 53.3 50.8 48.6 48.4 49.8 61.6 57.6 52.2 47.1 40.5 33.4 27.3 21.8 18.4 16.1 11.6 10.1 15.5 17.4 17.7 19.9 26.3 33.9 39.5 45.7 52.3 58.7 65.1 70.9 79.7 87 95.6 105.3 115.9 134.9 153.8 165.7 168.3 169.9 170.9 171.1 170.4 169.3
126.5 131.8 140.7 149.9 164 179.6 194.4 195.7 194 189.8 185.8 183.2 179.4 166.7 150.4 132.1 125.7 116.9 105.8 98.6 93 89.4 84.8 82.7 78.4 72.4 69.4 66.7 65.6 66.4 71.7 77 80.9 82.1 81.9 79 75 74.9 69 59.5 53.9 49.8 48.6 48.5 47.3 46.7 56.6 52.5 46.8 41.8 36.7 31.1 26 18.5 17.1 14.8 9.2 13.2 14.3 17.4 17.6 19.2 25.8 31.9 39.3 44.6 51.7 58 65 72.1 80.2 87.1 96.6 105.8 117.6 138.4 158.8 166.8 168.6 170.2 170.2 169.7 169.6 168.3
128.6 136.8 144.5 155.3 170.8 185.1 194.8 194.1 192.7 190.2 187.6 185.1 181.4 174.1 161.7 145.1 128.8 121 111.8 104.9 99.5 96 95.2 92.4 82.3 74.7 68.2 64.3 62.9 63.8 69.3 74.3 76.3 76 75.1 73.9 68.9 65.6 62.8 53.9 50 47.6 45.6 47.7 48.3 44.6 42 39.4 39.7 37.5 31.6 26.8 21.7 16.8 16.1 14.7 10.1 12.8 15 16.9 17.8 21 26.2 33.9 40.3 45.7 52.3 57.5 65.6 70.6 79.1 87.6 96.4 104.6 119.3 139.2 155 166.7 168.9 169.6 170 169.5 169.4 167.4
131 138.6 146.2 159.2 173.7 186.9 194.3 193.4 192.1 190.9 189.2 186.9 183.7 179.5 170.5 156.2 138.6 125.6 118.8 111.3 107.2 103.3 100.6 94.6 85.2 78.5 72.9 66.9 61.4 59.6 64.7 68.9 71.9 71 68.8 68.3 64.9 60 56.1 53.3 47.8 45.3 43.1 45.8 51 54.3 49.9 45.4 38.7 31.4 27.5 24.9 20.3 16.7 14.8 12.8 8.5 12.1 14.7 16.5 19.7 22.6 27.3 32.3 38.6 44.4 52 56.6 65.1 71.1 79.1 86.7 95.2 104.7 119.5 135 150.6 166.2 168.5 169.4 169.9 169.8 169.5 167.7
134.2 142.1 148.3 161.8 175.9 188.6 193.9 192.8 191.5 190.4 189.2 187.7 185.1 182.4 178.8 168.9 153.7 134.1 125.2 118.8 115.8 110.2 103.5 96.6 89 83.6 78.1 70.8 62.2 56.9 59.3 63.7 67.5 68 64.2 62.6 60 56.5 53.3 50.1 45.9 43.6 40.6 45.5 57.5 59.2 53.5 44.4 37 32.6 26.3 21.5 17.8 15.5 13.4 9.7 10.3 12.4 14.6 17.1 19.6 22.5 26.8 32.1 38.1 43.6 51.1 57.2 63.3 70.4 78.5 87.3 94.8 104.4 117.7 134.3 151 166 166.2 167 169 169 169.2 168.3
