data/310000-660000.asc
ncols 200
nrows 200
xllcorner 310000
yllcorner 660000
cellsize 50
[rows 105 to 139 of 200, columns 78 to 155 of 200]
203.6 210.9 209.2 208.4 209.1 208.5 207.4 207.5 207.2 205 201.1 202.8 205.2 205.8 206.6 208.2 208.8 209 208.9 212.9 212.9 212.8 213.6 214.7 215.7 217.3 219.5 221.2 222.8 224.3 225.3 227.1 229.3 230.6 231.9 233.1 233.4 233.6 233.8 234 234.1 234.5 235.4 235.9 236.5 236.8 237.1 237.4 236.8 236.5 236.3 236.2 237.2 238.6 240.3 241.3 241.7 241.8 241.9 242.1 243.1 244 245.5 247.2 249.6 251.7 252.8 253.8 254.8 255.6 255.9 256.1 255.8 254.8 254.2 253.9 253.4 252.7
206.7 208.7 207.9 208.5 209.8 209.2 208.9 208.3 207.1 203.4 202.2 204.2 207.3 208.3 209.1 209.8 210.4 208.8 210.3 215.1 215.4 215.4 216 217.4 217.1 219 221.3 223.3 225 226.6 228 229.1 230.6 232 233.3 233.7 234 234.5 234.7 234.9 235.1 236.4 237.5 238.2 238.7 239.2 239.4 239.3 239.1 238.9 239.1 239.2 239.9 241 242.4 243 243.4 244.2 244.5 245.5 246.3 247.5 249.9 252.3 254.4 255.3 256.3 257.2 257.2 257.5 257.5 257.1 256.1 255.1 254.1 253.8 253 252.2
211.2 210.1 208.9 208.9 210 210.6 208.7 206 204.2 203.5 204.4 206.5 207.6 209.5 210.5 211.2 211.4 209.9 210.3 216.2 217.6 218 218.4 219.7 219.9 220.7 223.1 225.5 227.1 228.9 230.2 231.5 232.3 233 233.9 234.3 234.7 235.1 235.7 235.6 236.7 237.9 238.9 239.4 239.9 240.4 240.9 240.9 240.3 240.4 240.5 240.7 241.2 242.5 244.1 245.1 246.1 246.9 247.8 249.5 251.2 252.5 254.9 257 258.2 258.9 259.4 259.7 259.3 258.9 258.3 257.6 256.6 255.6 254.6 252.9 251.8 250.7
212.2 211.2 210 210 210.1 209.6 207.4 206.2 204.8 206.5 207.6 208.8 209.2 210.3 212 210.5 210.5 214 213.5 217.4 219.7 219.9 220.4 220.8 221.9 222.8 225.2 227.5 229.4 231.1 232.4 232.9 233.4 234.1 234.7 235.1 235.4 235.7 236.1 237.2 238.3 239.4 240.1 240.7 241.2 241.7 242.2 242.1 241.5 241.6 241.9 242.1 242.7 243.9 245.9 246.9 248 249.8 252.1 254.2 256.4 257.8 259.1 260.3 261.2 261.4 261.3 261 260.7 259.7 259.1 258 256.9 255.9 254.3 252.8 250.8 249
213 212 210.7 211.5 209.6 208.6 206.8 208.5 210 210.2 210 211.1 211.6 212.3 213.9 215.1 215.9 216.6 216.1 218.1 220.9 221.2 223.1 222.6 223 227 228 228.5 230.3 232.2 233.2 234 234.5 235.2 235.5 236 236.3 236.6 237.7 238.5 239.6 240.7 241.4 241.9 242.5 243 243.5 243.3 242.6 243.1 243.5 245.6 248 246.7 247.9 249.9 251.7 253.6 256 257.8 259.4 260.8 261.8 262.3 262.9 263.1 262.8 262.6 261.8 260.7 259.9 258.5 257.2 255.6 254 252.3 249.8 249.2
212.6 211.4 211.1 211.6 212.5 210 209.2 211.6 214.1 213.5 211.8 213.2 214.1 215 215.3 218.3 218.6 219.2 216.3 219 221.8 223.6 225.5 227.3 228.6 229.8 231 231.6 232 233.2 233.9 234.6 235.6 236.1 236.3 236.8 237.3 237.8 239.2 240.1 240.9 241.7 242.4 243.1 243.8 244.3 244.5 244.5 244 245.2 245.3 246.5 247.4 248.1 250.4 253.3 255.4 257.5 259.4 260.7 261.8 262.8 263.7 264.2 264.7 264.5 264.3 264.1 262.9 261.7 260.5 258.2 255.9 254.5 252.8 250.9 249.2 249.1
212.2 211.9 213.1 212.2 214.8 210.8 211.6 215.3 216.9 216.1 215.7 217 217.1 217.8 216.4 219.6 219.3 216.8 218.2 221.6 224.1 226 227.8 229.6 230.9 232.1 233 233.5 234 234.7 235.4 236.1 236.8 237.2 237.6 238.2 238.7 239.6 240.7 241.8 242.1 242.7 243.5 244.5 244.8 244.8 245 245.5 247.4 247.6 247.8 248.4 249.1 253.1 254.3 256.9 258.5 260.5 261.5 262.4 263.5 264.5 265.7 265.9 266.2 266.2 265.9 264.9 263.4 261.7 259 257.3 255.5 252.9 251.5 249.2 249.2 250.7
213.7 213.5 212.8 214.5 216.1 212.4 215.4 218.6 219.6 220.1 218.7 220.1 220.3 220.1 218.8 219 218.8 219.7 221.9 223.8 226.2 228.4 230.3 232 233.4 234.2 234.7 235.2 235.7 236.1 236.8 237.5 238 238.8 239.1 239.7 240.3 241.6 243 243.1 243.2 244.2 245.1 245.9 245.9 246 246 249.6 249.1 248.6 249.6 251.9 254.9 256.5 258 259.6 260.8 262.2 263 263.9 265.1 266.5 267.8 267.9 268 267.6 266.6 264.8 262.9 260.3 257.5 256.1 255.5 255.5 256.8 252.5 251.2 251.6
215.8 215.4 213.5 218.1 214 216.7 219.3 221.2 221.2 221.8 221.5 221.6 221.8 221.8 221.6 222.5 222.9 224 225.7 225.7 228.2 230.8 232.7 234.4 235.3 235.9 236.4 236.9 237.4 237.8 238.3 238.8 239.4 240.7 241.6 241.7 242.1 243.6 244.8 245.1 245.2 245.8 246.8 247 247.1 247.1 247.4 251.4 250.5 251.6 253 255.7 257.8 258.8 259.4 260.4 261.6 263.1 264.6 265.8 267.2 268.6 269.8 269.9 269.6 268 266.2 264.3 261.6 259 256.6 255.5 255.5 255.5 255.5 255.5 255.5 256.2
217.9 216.1 217.1 220 214.4 221.7 222.3 223.2 222.8 222 223.3 223.9 224.1 223.7 224.4 225.7 226.8 227.6 228.8 228.5 229.7 232.7 237.5 238.2 237.5 237.9 238.4 238.9 239.3 239.7 239.9 240.3 241.7 243 244.1 243.5 244.6 245.6 246.4 246.8 247.2 247.4 248.1 248.2 248.5 249 249.3 250.7 252.1 254.5 256.7 258.5 259.9 260.1 260.7 261.5 262.4 263.9 265.7 267.2 269.3 270.8 271 270.4 268.6 267.6 265.6 263 260.4 257.9 255.2 255.5 255.5 255.5 255.5 255.5 255.5 255.5
218 216.8 221.2 220.4 220.3 224.8 224.1 225.2 225 224.9 226.5 226.1 226.8 226 227.7 228.9 230.2 231 231.8 233 233.3 234.8 237.6 238.8 240 240.5 241 241.5 241.8 242 242.7 243.5 244.4 245.9 245.5 245.8 247.3 247.8 248.1 248.5 248.8 249.2 249.6 250.1 250.5 250.9 251.3 253.4 255.8 257.8 259.3 260.4 260.8 261 261.2 262.2 263.3 264.8 266.8 268.6 270.8 271.6 271.4 269.1 267.2 266.5 264.2 261.6 259.1 256.4 255.5 255.5 255.5 255.5 255.5 255.5 255.5 255.5
218 221.7 225 219.6 225.4 226.4 225.8 226.5 228.8 226.5 228.1 230 230 230 231.5 232.4 233 233.6 234.9 237.1 237.3 238.6 239.7 241.6 242.8 243.2 243.7 244 244.3 245.7 246.6 247.2 247.7 247.6 248 249.4 249.6 249.8 250.1 250.5 250.8 251.2 251.6 252.1 252.5 253.1 254.5 257.4 259.1 259.6 259.8 260.7 261.1 261.3 261.4 262 263.4 265.3 267.6 269.5 271.1 271.5 271.3 269.9 267.9 265 262.8 260.3 257.7 255.5 255.5 255.5 255.5 255.5 255.5 255.5 255.5 255.5
222 226.6 223.5 222.6 226.8 228.7 228 229 233.7 229.7 233.6 232.8 232.6 233.4 234.4 235 235.6 236.6 238.6 240.8 241.3 243.4 242.7 243.8 245.5 246 246.4 246.8 248.2 249.6 250.4 250.5 250.6 251.1 251.6 251.4 251.6 251.7 252.1 252.5 252.8 253.2 253.7 254.6 255.7 256.6 258.5 259.9 260.9 261.1 260.6 261 261.4 261.6 261.7 261.9 263.8 265.9 267.7 269.7 271.4 271.3 270.5 269.2 266.5 263.2 260.4 257.9 255.7 255.5 255.5 255.5 255.5 255.5 255.5 255.5 255.5 255.5
227.8 228.1 221.5 226.8 231 231.1 231 232.2 235.9 237.5 234.5 234.7 236.2 236.6 237.1 238 239.3 241.1 243 244.6 244.1 246.1 246 243.4 248.2 249.2 250 251.3 252.5 253.1 253.3 253 253.6 254.1 253.7 253.6 253.6 253.7 254 254.4 254.9 256.2 257.3 258.4 259.4 260.5 261 261 261 261 261.2 261.5 261.7 262.1 262.5 262.5 264.4 266.6 268.3 269.9 271.2 270.7 269.7 267.5 265.3 262.3 259 256.6 255.5 255.5 255.5 255.5 255.5 255.5 255.5 255.5 255.5 255.5
230 225.4 222.3 229.6 232.8 233.8 234.2 236.1 236.5 237.8 237.3 238.3 239.9 240.3 241.4 242.7 244.5 245.3 246.8 248.3 248.1 246.3 246.2 245.9 251 253.7 255.2 256.1 256.2 256.2 256 255.7 255.8 256.1 256 256.2 256 257 257.4 259.2 260.9 261 261.2 262.3 262.6 262.1 261.7 261.5 261 261.2 261.8 262.3 262.7 263.1 263 263 265.1 267.3 269 270.6 270.9 270.2 268.1 266.1 263.5 260.7 257.7 255.5 255.5 255.5 255.5 255.5 255.5 255.5 255.5 255.5 255.5 255.5
229.3 224.4 224.4 232.1 235.1 235.4 236.3 237.6 239 240.4 240 242 243.5 244.6 245.8 247.3 248.6 249.9 251.1 252.4 253 251.6 247.9 253.3 256.7 258.2 258.8 258.7 258.5 258.8 259.2 258.4 258.3 258.3 258.8 259.7 261.4 263.1 263.9 265.1 265.5 265 264.5 263.6 263.1 262.4 261.3 261 260.8 261.3 262.3 262.3 262.4 262.1 261.6 263 266 267.9 269.5 270.7 270.4 268.8 266.8 264.8 261.6 258.8 256 255.5 255.5 255.5 255.5 255.5 255.5 255.5 255.5 255.5 255.5 255.5
225.7 229.1 227.5 235.4 236.6 237.9 238.8 239.8 240.7 242.3 244.6 245.6 247.1 248 249 250.5 252.2 253.9 255.3 256.6 258.4 260.1 261.2 261.3 262 262.1 261.8 261.2 261.4 261.4 261.4 261.1 261.4 262.2 264.2 266.1 267.9 268.8 268.8 268.1 266.8 266.1 264.5 263.8 262.7 261.6 260.5 260.4 260.8 261.2 261.6 261.5 261.7 261.3 261.3 263.4 266.5 268.4 270.2 270.2 269 267.5 265.7 263.2 259.8 256.6 255.5 255.5 255.5 255.5 255.5 255.5 255.5 255.5 255.5 255.5 255.5 255.5
232 234.3 227.8 236.6 238.4 239.8 240.6 241.6 242.7 244.4 247.1 248.4 249.5 250.7 251.8 253.2 255.5 257.6 260.5 262.3 264.8 265.6 266.2 266.4 266.2 265.4 264.8 264.6 264.9 265.2 264.9 265.5 266 267.2 268.7 270.9 271.9 272 271 269.1 267.8 265.5 263.9 262.2 261.5 260.4 260 260.8 261.2 261.7 261.4 260.7 260.6 260.5 261.9 263.9 266 267.8 268.6 268.4 267.6 265.8 263.4 261 258.4 255.5 255.5 255.5 255.5 255.5 255.5 255.5 255.5 255.5 255.5 255.5 255.5 255.5
237.4 233.5 235.9 238.1 239.6 241.2 242.8 243.9 245.1 247.4 248.9 250.4 252 253.6 254.7 256.5 259.4 263.6 266.2 268.8 270.5 270.1 270.3 269.4 268.4 267.8 267.9 268 268.4 268.8 268.9 269.3 270.7 271.8 272.9 273.3 273.2 272.2 270.4 268.3 266.2 263.9 262.2 260.6 259.1 259.1 260.1 260.9 261.2 260.9 260 260.1 260.2 260.5 262 263.5 265 266 266.6 266.4 265 263.3 261.1 258.4 255.5 255.5 255.5 255.5 255.5 255.5 255.5 255.5 255.5 255.5 255.5 255.5 255.5 256
240.5 232.3 238 240.3 241.7 243.5 245.4 246.5 247.9 249.6 249 251.9 254.5 256.3 258.9 262.3 265.1 269.4 272 273 273.4 273.4 272.6 271.7 270.8 270.8 270.9 271.8 272.1 272.2 272.5 273 272.9 272.9 273.2 272.6 272 270.3 268.3 266.1 263.8 261.6 259.8 258.4 257.7 257.6 258.9 258.9 258.7 259 259.3 259.8 259.9 260.5 262 263.2 263.7 264.3 264.2 263.5 262 260.2 258.2 256 255.5 255.5 255.5 255.5 255.5 255.5 255.5 255.5 255.5 255.5 255.5 255.5 257.2 258.2
240.4 238.6 241.3 242.5 243.9 245.8 247.7 249.2 250.8 250.9 248.9 250.6 256.5 258.9 262 266 270 272.6 274.2 275.1 275.2 275.2 274.8 273.9 273.9 273.9 274.2 274.6 274.7 274.6 274.5 273.8 272.7 272.4 271.8 270.7 269.3 267.4 265.5 263.5 261.4 259.2 257.6 256.9 256.6 256.9 257.3 257.3 257.3 257.4 258.5 259.3 259.6 260.6 262.1 262.7 263.1 263.1 262.4 260.3 258.6 256.4 255.6 255.5 255.5 255.5 255.5 255.5 255.5 255.5 255.5 255.5 255.5 255.5 257.5 263.5 261.8 263.2
234.6 241.1 242.9 244.4 246.2 248.1 250 251.2 251.8 251.5 250.8 253.8 258.2 261.1 263.8 268 271.8 274.1 275.6 276.6 276.9 276.9 276.9 276.9 276.8 276.7 276.6 276.6 275.7 275.2 273.6 272.4 271.3 270 268.8 267.5 266.1 264.6 262.7 260.7 258.7 257.1 256.1 255.7 255.8 256.2 256.6 256.5 256.4 256.7 257.6 258.7 259.3 260.7 261.7 262.1 262.4 262.3 260.9 257.1 255.4 255.5 255.5 255.5 255.5 255.5 255.5 255.5 255.5 255.5 255.5 255.7 256.4 258.2 262.3 264.5 266.9 267.3
236.8 242.7 245.6 247.2 248.4 250.3 251.4 251.9 253.1 254.2 256 257.8 260.4 263.1 265.6 269 272.3 274.8 276.5 277.6 278.2 278.7 278.5 278.3 278 277.4 276.7 275.9 274.6 272.4 271 270.1 269 267.4 265.7 264.4 263.1 261.6 260.2 258.3 256.9 256 255.4 255.1 255.1 255.9 256 255.8 255.6 255.9 256.7 258 259.3 260.7 261.1 261.3 261.4 261.5 259.7 256.9 255.4 255.5 255.5 255.5 255.5 255.5 255.5 255.5 255.5 255.9 257.7 259.6 262.2 260.8 266.5 268.4 270.4 272.3
243.8 245.3 247.8 249.7 251 251.6 251.9 253.4 253.7 255.8 257.7 259.6 261.9 264.5 267.1 270.4 272.4 274.6 276.5 277.9 278.9 279.1 277.9 277.7 277.2 276.5 275.3 273.6 271.7 269.9 268.9 267.6 266.1 264.7 263.3 261.9 260.4 259.3 257.8 256.6 255.6 255.5 255.5 255.5 255.5 255.6 255.6 255.3 255.5 255.7 256 257 258.9 260.3 260.5 260.6 260.4 258.6 256.9 255.4 255.4 255.5 255.5 255.5 255.5 255.5 256.2 257.1 257.6 258.2 262.4 264.7 266.3 267.6 269.2 272.6 274.9 278.1
245.4 247.9 249.1 250.6 252.3 252.9 253.1 254 254.9 257.6 259.5 261.5 263.4 266 268.5 271.2 273 274.6 276 277.5 279 278.9 277.9 276.9 275.9 274.5 273.2 271.5 269.6 268.2 266.9 265.3 263.8 262.4 260.9 259.6 258.5 257.4 256.2 255.4 255.5 255.5 255.5 255.5 255.5 255.5 255.5 255.5 255.5 255.5 256.2 257.1 258.9 260 260.5 260 257.3 255.4 255.4 255.4 255.4 255.4 255.7 256.1 256.3 257.4 260.5 261.7 262.8 263.3 267.6 269.1 271.5 272.9 271.9 275.9 278.9 282.3
247.7 250 250.8 251.3 253 254 254.2 254.5 256.8 259.2 261.2 263.3 265.3 267.5 270 271.6 272.9 274.2 275.6 277.1 277.9 277.5 276.4 275.3 273.8 272.4 271.1 269.5 267.9 266.2 264.7 263 261.4 260 258.8 257.7 256.7 255.9 255.9 255.3 255.5 255.5 255.5 255.5 255.5 255.5 255.5 255.5 255.5 255.5 255.6 256.7 258.6 258.5 258.2 256.5 255.4 255.4 255.4 255.4 257.7 259.1 259.8 260.3 261 263.3 265.7 267.8 268.8 269.6 270.1 273.4 275.1 275.7 273.2 279.2 282.4 284.7
249.2 251.6 252.2 252.7 253.9 255.2 255.3 255.2 258.3 260.3 262.3 264.4 266.4 268.2 269.9 271.2 272.6 273.9 275.2 276.5 276.4 275.9 274.9 273.6 272 270.5 269 267.5 265.9 264.5 262.7 260.9 259.4 258.2 257.2 256.2 255.5 255.7 255.8 255.4 255.5 255.5 255.5 255.5 255.5 255.5 255.5 255.5 255.5 255.5 255.4 255.4 255.4 255.5 255.4 255.4 255.4 255.5 255.4 255.9 260.4 264.7 265.2 266.1 266.4 268.7 270.9 271.7 272.8 273.5 272.5 276.7 278.1 279.6 281.1 281.5 284.1 286.8
248.7 252.8 253.3 253.8 255 255.5 255.5 256.7 259.2 261.3 263.1 265.2 267 268.6 269.7 270.7 272 273.4 274.7 275.1 274.9 274.3 273.3 271.9 270.3 268.8 267.2 265.8 264.3 262.9 261.2 259.3 258 256.8 255.7 255.2 255.2 255.6 255.6 255.5 255.5 255.5 255.5 255.5 255.5 255.5 255.5 255.5 255.7 255.3 255.4 255.4 255.4 255.4 255.4 257.4 258.6 258.1 259.4 258 261.4 268.7 270.1 271.5 272 273.5 274.6 274.9 275.9 277.2 275.2 278.6 281.9 285 284.4 283.4 286.6 289.3
247.9 253.4 254.3 254.8 255.6 255.8 256.5 258.5 260.6 262.4 264.1 265.9 267.2 268.3 269.4 270.3 271.5 272.9 273.9 273.8 273.7 272.9 271.9 270.3 268.6 267 265.5 264.2 262.8 261.4 259.7 258.1 256.8 255.5 255 254.8 255.2 255.5 255.5 255.5 255.5 255.5 255.5 255.5 255.5 255.5 255.5 256 256.8 256.9 257.9 257.3 256.5 256.3 258.4 261.7 262.8 262.6 264.6 264.2 264.6 270.9 274.2 275.8 276.5 277.3 277.8 278.1 279.2 281 280 280.3 286.5 289.7 286.3 286 288.6 291.2
248.1 253.3 254.8 255.5 255.9 256.1 257.5 259.5 261 262.4 263.8 265.5 266.7 267.9 268.8 269.9 271 272.3 272.8 272.9 272.9 271.8 270.4 268.8 267.1 265.4 263.8 262.6 261.3 259.9 258.3 256.9 255.7 255.3 255.2 255 255.4 255.5 255.5 255.5 255.5 255.5 255.5 255.5 255.5 255.5 256 256.7 258 259.2 260.2 261.3 260.9 259.9 262.7 265.4 266.6 266.7 269.9 271.6 271.6 273.9 277.3 279.2 279.8 280.3 280.7 281.1 282.9 285.1 281.8 283.4 289.4 293.5 291.4 288.7 292.3 295.7
250.3 254.3 254.9 255.5 256.2 256.2 258.3 259.7 261 262.3 263.4 264.7 266.2 267.3 268.2 269.3 270.5 271.5 272 272.5 271.9 270.7 269.3 267.4 265.7 264.1 262.5 261.1 259.8 258.4 257.3 256 255.6 255.5 255.3 255.2 255.2 255.4 255.4 255.5 255.5 255.4 256 256 256.3 256.7 258.7 260.9 262.1 262.9 263.8 265 267.4 269 269.3 270.1 271.4 273.5 271 276.9 277.7 277.4 281.7 283.4 283.3 283.2 283.5 284.7 288.4 290.6 286.4 289 293.1 295.7 291.8 293.4 296.9 300.2
250.9 255.2 254.9 255.5 256.2 256.5 257.9 259.5 261 262.2 263.2 264.3 265.6 266.7 267.7 268.8 270 271.3 271.9 271.7 270.8 269.6 268.3 266.5 264.7 263 261.2 259.6 258.3 256.9 256.4 255.8 255.7 255.6 255.4 255.3 255.1 255.1 255.2 255.4 255.3 255.2 256.6 257 257.7 260 262.9 265.9 266.7 267.7 268.5 269.8 273.2 274.2 276.1 276 277.2 279 279.3 282.6 282.8 283.4 285.1 287 286.7 286.5 286.8 288 294.3 297 288.6 294.7 297.8 296.9 295.6 297.9 301.4 304.7
254.5 252.2 254.2 255.2 256.1 256.7 257.6 258.5 260.6 262 263 264.1 265.2 266.3 267.5 268.6 269.8 271.1 271.2 270.2 269.6 268.5 267.3 265.6 263.8 262 260.3 258.5 256.9 256.1 256 255.9 255.8 255.7 255.5 255.4 255.2 255 255.1 255.4 255.8 256.8 257.4 258.6 261.3 264.2 268.7 271.2 272.6 274.1 274.9 276.6 278.3 279.6 282.1 283.9 285.2 287 286.6 287.8 288.1 288.9 289.2 291 289 290.3 290.8 292.5 298.5 300.4 291.6 297.5 300 298.2 300.2 302.4 305.1 308.4
256.2 255.9 254.6 253.5 254.8 256.1 257.4 258.7 259.7 261.6 262.9 264.1 265.4 266.5 267.6 268.7 269.8 270.5 270.3 269.3 268.3 267.5 266.2 264.6 262.9 261.2 259.5 257.8 256.3 256 255.9 255.9 255.9 255.8 255.6 255.5 255.4 255.3 255.3 255.5 256.7 258.2 259.6 261.1 265.5 270 274.5 276.9 278.7 280.1 281.3 282.8 284.4 286.8 289.2 290.3 292.3 291.9 289.6 292.8 292.6 293.5 294.3 293.7 293.4 294.9 297.4 298 300.6 300.6 292.7 296.6 300.5 302.1 303.9 305.6 308.9 314.2
256.5 256.3 255.6 253.6 254.8 256.1 257 258 259.6 261.8 263 264.3 265.6 266.7 267.8 268.8 269.5 269.9 269.5 268.6 267.5 266.5 264.8 262.9 261.5 260 258.4 256.9 256.2 255.9 255.9 255.8 255.8 255.9 255.8 255.6 255.6 255.6 255.7 256.2 258.4 259.6 263.4 264.5 271.4 276.9 280 282.5 284.8 286.1 287.7 289.6 291.9 293.8 294.9 295.8 297 296.7 294.5 297.9 297.3 297.9 298.4 296.2 298.5 300.2 305.1 303.9 302.1 302.4 294.8 300.4 303.2 305.2 307 308.8 312.7 317.9
