data/310000-840000.asc
ncols 200
nrows 200
xllcorner 310000
yllcorner 840000
cellsize 50
[rows 35 to 69 of 200, columns 78 to 155 of 200]
245.6 247.2 249.7 252.4 251.3 249.7 248.5 248.9 244.9 241.3 233.9 247.3 248.9 250.3 250.9 250 249.1 249.1 249.3 249.9 250.5 250.4 249.9 248.7 246.7 245.1 247.6 249 250.3 253.9 258.8 263.4 267.2 270.5 273.3 276.1 278.4 281.3 284.5 287.5 290.4 293.2 295 296.4 298.2 300 301.4 303 302.7 300.5 301.6 304.9 307.6 313 317.6 321.7 325.6 329 331.8 334.2 337.1 339.5 341.6 344.1 347.4 350.6 353.3 355.5 356.4 356.7 356.4 355.6 354.4 352.1 348.3 344 338.8 336
250 251.1 253.1 255.7 254.5 253.9 251.1 245.8 237.3 241.2 247.9 250.8 252.1 253 253.4 252.1 251.7 251 251.7 252.3 252.2 252.1 251.8 250.3 249.1 247.7 247.6 249 250.9 254.4 259.5 264.3 268 271.6 274.8 277.4 279.6 282.9 286.7 289.8 293 295.6 298 300.4 302.1 303 303.7 304.4 304 302.5 302 304.5 306.8 310.7 315.4 320.1 323.5 326.9 331 334.5 337.4 339.7 341.9 344.5 347.8 351.3 354.1 356.2 357.7 357.6 357.4 356.9 355.9 353.8 350.2 344.2 340.3 338.8
252.2 253 252.6 255.6 253.9 249.8 246.8 241.4 240.5 247.2 250.9 253.4 254.4 255 255.4 255.1 254.4 253.5 253.6 253.9 253.8 253.8 253.8 253.2 251.5 249.9 248.5 249.7 252.4 255.9 260.2 265 268.7 272.4 276.1 278.7 281.5 284.9 288.9 292.6 296.2 298.7 300.7 302.7 305.4 306.2 306.6 306.9 306.2 305.4 304.8 306.4 306.9 309.1 312.9 317.7 321.1 324.6 328.3 332.6 336.2 339 341.5 343.9 347.6 351.8 354.3 356.1 357.7 358.1 358 357.9 356.4 354.6 351.3 345.2 342.3 342.6
252.2 251.9 251.5 251.2 250.1 249.8 247.9 240.1 246 251.2 253.5 255.4 256.3 257 257.6 257.5 256.9 256 255.4 255.5 255.5 255.8 256 255.2 253.1 251.7 250.4 250.8 253 257.1 261.5 265.8 269.5 273.4 277 280.2 283.3 287 291.8 295.6 298.8 301 303 305 307.7 309.4 309.7 309.4 308.7 307.9 307.7 307.9 308.1 309.2 310.9 315.1 319.2 322.1 325.5 329.7 334.3 337.9 340.3 342.6 345.9 350 353.3 355.5 357.2 358.4 358.4 357.6 356.7 354.7 351.6 346.2 344.6 347.1
251.9 251.1 250.7 250.1 249.5 250.1 249.2 242.1 252.1 254.4 255.5 257.1 258 258.7 259.2 259.3 258.8 258.2 257.5 257.6 257.8 258 258.2 257.1 254.9 253.2 251.9 251.4 253.3 257.3 262.5 265.9 270.7 274.5 277.9 281.8 286.1 289.2 293.5 297.9 300.7 303.2 305.3 307.3 310 312 312.6 312.2 311.4 310.5 309.7 309.8 309.9 310 310.4 312.8 317.2 320.7 323.3 327.2 331.9 336.6 339 341.3 343.8 347.5 351 353.9 355.7 357.2 357.6 357.3 356.1 354.4 351.4 347.9 348.3 351.2
251.9 250.7 249.9 249.3 249.3 250.1 248.8 242.4 253.6 256.7 258.1 258.8 259.5 260.2 260.9 261.1 260.7 260.2 260 260.2 260.3 260.4 260.5 259.3 257.1 254.8 253.6 252.8 256.2 259.7 263.2 267.5 271.8 275.7 279.7 283.8 287.9 291 294.9 299.4 302.8 305.3 307.8 310.2 312.4 314 315.1 315.1 314.5 313.9 312.5 311.9 312.2 312.7 313.4 313.2 315.9 318.4 321.5 325.1 329.8 334.5 337.7 339.7 342 345.1 348 351.1 353.8 355.3 354.6 355.3 355.2 353.2 350.7 349.8 351.6 354.8
251.9 250.8 249.9 249.2 248.8 247.8 246.2 247.5 253 258 260.1 260.2 260.4 261.2 262.3 262.5 262.7 262.4 262.6 262.7 262.7 262.8 263.2 263.7 260.6 257.3 255.4 253.8 257.3 260.1 264.3 269.7 273.8 277.2 281 284.8 288.8 292.9 296.6 301.2 305.1 308 310.5 312.7 314.4 316.1 317.8 318.1 318 317.4 316 315.3 315.2 315.5 316.1 316.7 317.6 317.6 318.4 321.8 328.3 333.1 336.5 338.1 340.1 342.3 344.9 347.9 350.4 352.1 350.4 351.9 352.5 352.7 352.4 350.8 354.3 357.9
251.7 251.2 250.8 250 248.4 246.4 247.9 251.7 252.8 257.3 260.4 260.8 261.4 263.1 264.3 264.5 264.7 265 264.9 265 265.1 265.2 265.5 265.4 263.8 260.5 258.5 255.6 257.6 261.4 266.2 271.8 275.4 278.8 282.4 286.3 290.1 294 298.4 303.3 307.2 310.2 312.8 314.9 316.5 318.1 319.8 320.8 320.8 320.7 319.8 318.7 318.6 318.6 319.2 320.1 321.5 322.3 323.4 325.3 324.8 331.5 335.4 336.9 338.6 340.7 342.7 345 346.9 348.8 348.7 349.8 351.2 353.5 354.8 355.7 356.5 359.9
252.5 252.1 251.8 251.4 249.1 248.1 250.7 252.3 253.3 257.3 260.8 261.3 263.1 264.9 266.6 267 267.4 267.7 267.3 267.1 267.3 267.6 267.6 266.6 265.3 262.4 260.7 256.2 258.9 262.9 268.7 273.6 277 280.4 283.9 287.7 291.5 295.2 299.2 303.9 308.2 311.7 314.4 316.5 318.4 320.2 321.8 322.9 323.8 323.6 323.2 322 321.9 321.8 322.5 324 325.6 326.3 327.1 328.1 328.7 327.9 333.4 336 337.7 339.7 341.6 343.3 344.5 346.9 347.8 350.9 354 357.3 359.2 358.5 357.8 362
253.5 253.1 252.6 252.2 250.2 248.4 249 251.3 254.7 258.5 261.2 262.9 264.7 266.4 267.5 268.4 269.1 269.5 269.7 269.6 269.3 269.5 268.6 267.3 265.9 263.1 260.3 258.6 261.4 264.9 269.9 274.5 278.5 282 285.3 289.1 292.9 296.7 299.5 304.4 308.5 311.9 315.3 317.3 319.2 321.2 323.3 324.5 325.5 325.8 326.2 325.4 325 325.1 326.2 327.7 329.3 330.9 331.7 332.8 333.4 330.8 330.2 333.7 334.9 337.9 340 341.8 343.2 344.9 349.7 353.5 356.8 359.2 361.1 359.8 360.8 363.2
254.6 254.1 253.6 253.1 251.7 250.2 248.3 251.8 255.2 258.3 260.7 262.5 264.4 266.4 268.1 269.6 270.8 270.9 271.2 271.3 271.2 270.6 269.7 268.2 266.1 263.6 260.5 260.4 263.3 266.8 270.5 275.4 279.6 283.4 286.7 290.3 294.1 297.9 301.8 305.4 309.8 313.3 316.5 318.4 320.4 322.4 324.6 326.2 327.2 327.9 328.3 327.9 327.7 328.6 329.8 331.5 333.2 335.1 336.6 337.9 338.7 338.5 336 335 336.4 338.8 340.6 342.7 344.6 348.3 351.3 354 359 361.6 363.7 364.1 364.1 364.9
255.6 255.2 254.7 254.2 253.9 251.3 249.5 251.3 255.9 258.8 259.8 261.9 264 266.1 268.2 270.8 272.4 272.4 272.6 272.7 272.4 271.3 269.6 267.7 265.4 263.4 261.2 262.2 264.6 268 271 275.6 280.1 284.5 287.8 291.3 294.9 298.8 302.8 306.8 311 315 317.8 319.7 321.6 323.9 326.3 327.8 328.5 329.2 329.9 329.9 330.5 332 333.8 335.8 337.9 340.3 342.1 343.2 344.2 344.2 343.1 342.4 342.3 344.4 346.1 347.4 347.5 350 352.8 355 359.1 363.7 365.9 367.4 367.4 366.7
256.6 256.3 255.8 255.3 255.2 253.5 252.1 249.7 252.1 257.2 256.7 259.3 262.1 264.9 267.8 270.6 272.6 272.3 272 272 271.6 270.8 269.2 267 265.6 264 263.2 264.5 266 269.1 271.7 276 280.3 283.9 287.6 291 294.6 298.6 302.6 307.4 311.9 315.9 318.7 320.5 322.3 324 327.2 329.1 329.8 330.5 331.2 332.7 334.2 335.7 338.1 340.2 342.6 345 347.5 348.3 348.9 349.1 349.1 348.7 348.1 349 349.9 351 347.7 350.9 353.9 356.2 361.3 365.2 367.6 369.7 370.9 371.1
257.6 257.3 256.8 256.4 256.2 255.8 256.3 255.8 254.7 253.1 256.4 259 261.7 264.5 266.9 268.7 270.5 271.1 271 270.7 270.3 269.9 269 267.6 266.1 264.5 263.9 265.6 267.5 269.8 272 276 279.6 283.3 286.9 290.6 294.2 298 302.1 307.4 312.5 316.3 319.2 321 322.7 324.4 327.7 330 331 331.7 332.6 334.7 336.6 339.9 342.2 344.8 347.2 349.6 351.5 352.7 353.3 353.9 354.2 354 353 353.2 353.5 354.2 353.4 352.8 355.2 357.6 363 366.6 369 371.1 372.7 373.5
258.6 258.3 257.9 257.4 257.3 257.3 258.5 259.2 257.4 252.4 255.8 258.8 261.7 265.2 265.9 267 269.2 269.6 270 269.9 270 270.1 269.2 268.2 266.9 265.1 263.7 265.6 267.7 269.9 272.2 275.2 278.9 282.5 286.2 289.8 293.3 296.8 301.7 306.6 311.4 315.1 318 320.8 322.8 325 327.5 330.2 331 332 334.3 337.2 339.6 343.1 346.2 348.7 350.9 352.9 354.5 356.1 357.1 358 357.5 357.1 356.8 356.6 356.8 356.5 355.9 351.3 357 360.3 364 367.7 370.2 372.1 374.1 374.6
259.2 259.1 258.9 258.5 258.3 259 260.3 260.2 258 254.3 255.4 259.5 262.8 264.4 264.9 265.9 268.1 268.7 269.1 269.9 269.8 270 269.4 268.5 267.9 266.4 265 265.8 267.8 270.1 272.1 274.6 278.1 281.7 285.4 289 292.5 295.7 300.3 305.1 309.4 313.1 316.1 318.9 321.2 323.3 327.2 329.4 330.7 332.6 335.7 338.5 341.8 345.1 348.2 350.8 352.5 354.7 356.8 358.7 359.8 360.2 359.9 359.5 359.2 359.3 359.2 358.5 358.1 357.8 358.4 360.8 364 367.6 370.9 372.8 374.8 376.1
259.8 259.7 259.6 259.5 259.8 260.6 259.8 258.8 257.9 255 255.7 259.9 262.1 263.3 263.8 265 266.9 268 268.7 269.8 270.2 270 269.7 269.1 268.5 267.8 266.4 265.9 268 270.1 272.1 274.6 277.3 281 284.6 288.2 291.7 294.8 298.5 303.5 307.7 310.8 313.3 315.8 318.6 321.4 324.6 327.5 329.2 332.4 336.6 339.8 343.1 346.5 349.8 353 354.4 356 358.1 359.4 360.8 361.5 361.5 361.5 361.7 361.7 361.3 361.4 360.3 360.5 360.3 361.7 364.4 366.8 371.4 373.5 375.1 376.6
260 259.9 259.8 259.8 260.3 260.3 259.3 258.2 257.3 255.5 258.5 260.6 262.9 264.3 265.2 265.6 266.5 267.5 268.5 269.5 270.5 270.4 270.3 269.7 269.3 268.9 267.7 266.7 268 270 272.2 274.6 277.1 280.2 283.8 287.4 290.9 293.9 297 301.8 305.8 308.5 310.4 312.8 315.5 318.2 321.7 325.5 327.7 332.6 337.2 341.1 344 347 349.9 353.4 354.9 355.5 357.2 359.4 361.3 362.2 362.7 363.4 363.9 364.8 364.5 364.1 362.6 362.7 362.9 363.3 364.6 366.6 370.9 373.2 375.1 377
260.7 260.2 260.2 260.2 260.5 259.6 259.2 258.3 257.1 256 259.2 261.1 263.4 264.7 265.7 266.8 267.5 268.4 269.2 270 270.8 271 271.3 270.8 270.4 270 268.8 268.3 268.5 270.3 272 274.3 276.8 279.7 283.2 286.8 290.4 293.1 295.8 300.1 304 306.4 308.4 310.4 312.4 315.1 318.6 324.5 329.8 333.8 337.8 341.4 344 346.9 349.5 352.4 354.1 353.6 356.3 358.9 360.2 362.3 363.9 365.8 366.9 368.7 369.7 367.2 365.2 364.5 364.2 364.9 365.6 366.8 370 373.3 375.2 377.4
262.1 261.5 261.2 260.8 260.2 259.8 259.3 258.2 257.3 256.7 258.7 260.2 262.4 264.1 265.2 266.3 268.1 269.2 270 270.8 271.5 271.7 272.2 272.2 271.6 271.1 270.1 268.8 269 270.9 272.6 274.3 276.3 279.6 283.1 286.9 290.6 293.9 296.9 299.7 302.7 304.5 306.5 308.1 309.5 312.3 316.5 323.5 330.9 335.2 338.4 341.4 344.1 346.1 347.4 350.2 351.1 351.4 354.5 357 359.6 361.9 365.3 368.1 369.8 371.3 372.4 370.8 368.2 366.4 365.7 366.1 366.7 367.3 368.9 372.2 375.7 378.5
263.6 262.9 262.5 261.3 260.5 259.9 259.5 257.8 257.2 258.5 259.7 260.7 262.2 263.5 264.8 266.7 268.5 269.6 270.8 271.6 272.1 272.5 272.9 273.5 273 272.2 271.4 271 270.7 271.8 273.3 275.3 277.4 280.2 284.4 288.1 291.6 295.1 298 300.5 302.8 304.8 305.9 306.6 307.2 309.3 315.3 322.3 328.7 333.7 337.1 340.1 342.7 344.3 345 346.1 348.6 348.3 351.9 355.4 358 361.5 366 369.4 371.4 372.8 373.8 373 370.7 368.6 366.9 366.7 367.1 368 369.3 371.4 375.4 378.8
264.9 264.2 263.3 262.1 261 260.4 259.4 257.6 258.9 260.1 261.3 262.5 263.9 265 266 267.7 269.3 270.4 271.6 272.7 272.9 273.3 273.7 274.3 274 273.2 272.4 271.1 271.5 272.6 274.3 276.3 278.8 281.3 285.6 289.2 292.7 296.2 299.1 302.6 305.6 306.8 307.5 307.1 306.7 306.4 311.6 318.8 325.2 330.1 334.3 338.1 340.5 341.5 342 342.4 343.9 345.1 349 353.6 356 359.8 365.7 369.8 372.1 373.7 373.3 373.3 372 370 368.1 367.8 367.7 368.4 369.7 372 375.4 379.1
265.8 265.1 264.6 263.7 261.9 261.1 259.5 258.9 260.3 261.8 263 264.4 265.8 267.2 268.5 269.8 271 272.1 273.2 274 274.2 274.3 274.6 275.5 275.4 273.7 272.8 272.7 273 274.6 275.9 277.4 279.8 282.2 285.7 290.3 293.9 297.5 301.4 305.4 308.6 310 310.4 309 306.5 305.8 305.4 313.3 319.9 325.3 329.7 333.9 336.6 337.2 337.5 337.8 339.4 341.4 345.7 349.4 353 357.6 363.3 367.6 370.7 372.4 372.2 371.8 371.5 371 369.2 368.5 368.1 368.9 370 373.7 377.2 380.5
266.7 266 265.5 264.3 262.7 261 259.5 260.2 261.8 263.5 265.9 267.4 268.6 270.1 271.4 272.8 273.7 274.7 275.7 275.8 275.9 275.8 276.1 276.9 276.3 274.9 274.4 274.6 276.3 277.7 277.8 279 281.1 283.5 286.1 291.1 294.6 298.3 303.8 308 311.7 315.1 314.8 312.4 308.5 305 304.1 306.2 313.6 319.6 323.5 328.1 329.7 330 330.8 331.6 333.3 336.5 340.8 345.3 351.5 355.5 360.4 365.1 367.7 369.8 369.5 369.5 369.5 369.6 369.6 367.7 368.1 369.1 371.4 375.3 378.8 382
267.6 267 266.2 264.8 263.1 261.4 260.1 261.8 264.3 266.9 269.4 270.5 271.6 272.9 274.4 275.7 276.5 277.4 277.6 277.6 277.4 277.3 277.6 278.1 277.6 276.3 276.4 277.5 278.8 279.7 280.6 281.3 283 284.8 287.8 291 295.4 299.3 305 310.4 315.2 319 320.3 317.4 313 306.6 303.4 302.3 306 312.1 316.4 319.9 322 321.9 323.1 324.8 326 329.9 336.9 342 346.3 351.2 355.7 359.8 363.7 365.9 366.3 367.2 367.7 367.5 367.4 366.9 367.8 369.1 373 376.9 380.3 383.3
268.5 267.8 266.7 265.3 263.5 261.9 260.9 263.5 267.2 270.7 272.7 274.1 275.3 276.4 277.4 278.1 279.2 279.5 279.4 279.3 278.9 278.9 279 279.3 279 279.1 279.1 280 280.9 281.8 282.7 283.6 284.9 286.2 288.8 292.3 296 300.4 305.9 312.7 316.1 320 322.7 321.5 317.1 310.6 302.8 298.1 301.4 305.3 308.1 310.7 312.7 314.5 316.2 316.9 321.9 324.1 330.5 336.8 341.9 346.3 350.7 354 356.7 360.8 363.1 364.3 365.1 365.3 364.4 363.3 366.5 370.6 374.6 377.5 381.3 384.8
269 268.4 267.2 265.6 264.3 262.5 261.8 264.3 268.5 272.5 275.3 277 277.6 278.3 278.8 279.4 280.4 281 281.6 281.7 281.4 281.6 281.5 281.6 281.6 281.5 281.6 282.5 283.2 283.8 284.7 285.7 286.8 287.8 290.4 294 297.4 301.6 306.8 311.9 316.6 319.4 321.6 323 320 313.5 306.1 298.4 297.2 302.5 302.8 305.2 305.6 307.1 311.1 311.6 316.5 318.7 324 329.8 336.3 340.9 344.1 346.7 350.1 353.4 357.8 359.7 361.7 362.4 360.9 362.7 366.9 371 375.1 377.4 380.5 383.3
269.4 268.9 267.6 265.5 264.9 264 263 264.6 268.2 273.4 276.7 278.2 279 279.5 280 280.6 281.6 282.5 283.1 283.8 284.4 284.8 284.7 284.6 284.6 284.6 284.9 286.1 287.2 288.4 288.5 288.9 290 290.7 292.8 294.9 298 300.5 304.8 309.7 313.9 316.9 318.9 320 319.4 314.9 308.6 302.4 296.1 296.7 298.3 298.4 299.4 301 302.6 305.3 310.7 310.8 315.8 324.1 329.6 334 338.2 340.8 343.4 347.3 352.8 355.8 358 357.5 354.9 361.1 366.3 371.4 373.9 375.9 377.8 379.4
269.8 269.4 267.5 265.6 265.8 265.4 264.3 264.7 267.5 272.9 276.9 279.2 280.2 280.7 281.3 281.9 282.8 284 284.7 285.6 286.7 287.8 287.9 288 288.3 288.4 288.9 290.8 292.3 292.9 294 294.7 294.4 294.8 296 296.7 298.4 300 303.2 306.7 310.6 314.2 315.3 315.8 315.3 312.9 307.8 301.5 295.9 289.7 290 292.5 294.3 296.9 293.8 299.9 302.1 304.6 308.5 316.9 323 327.2 331 334.9 338.9 342.1 347.2 350.7 352.8 351.4 354.6 359.4 363.7 367.6 371.5 373.4 374.8 376
270.1 268.7 266.5 265.7 265.6 265.6 265.3 265.6 268.1 273 277.3 279.4 280.8 281.9 282.5 283.1 284.2 285.1 286.5 287.4 288.5 289.6 290.8 291.4 291.9 292.9 294 295.7 297.4 298.8 299.9 300.7 299.7 298.6 298.8 299.6 300.2 301.9 303 304.4 307.2 310.5 311.7 312.1 311.6 309 303.3 299.6 295.6 290 284.7 285.3 289.1 290.1 286.4 291.9 293.2 297.3 303.7 309.1 316 320.1 323 327.1 332.1 336.5 341.7 345.2 347.1 345.5 352.3 355.9 359.7 364 367.6 369.9 372.1 373.1
270 267.8 266.4 265.5 265.5 265.8 266.1 266.4 268.4 272.6 276.5 277.8 280 282.1 283.6 284.7 285.5 285.8 287.5 289.2 290.4 291.6 292.8 294.4 295.7 297.5 299.1 300.9 302.7 304.7 305.8 306.7 306 303.8 301.7 301.6 301.9 303.2 304.3 304.3 305.5 307.3 308.4 307.8 307.2 305.3 303.1 299.5 295.3 288.3 284.7 279.6 281.2 281.2 279.2 284.8 286.5 292.6 296.3 301.4 308 313.5 316.9 320.6 325.7 331 335.9 339.9 341.9 342.7 347.8 351.9 355 359.1 363.1 365.5 367.8 368.6
270.2 268.1 266.7 265.5 265.5 266.2 266.8 267.1 267.9 271.8 274.6 277.1 279.5 282.3 284.9 285.9 286.2 286.6 288.2 290 291.3 292.6 294.2 296.6 299.2 301.2 304.3 306.2 307.9 310.1 312.2 313.3 312.7 309.9 306.8 305.4 305.2 304.9 304.7 304.8 305.4 307.4 307 306.4 305.6 304.2 302.4 300.1 296.9 289.6 283.1 278.4 274 274.4 277.8 278.9 282.3 284 288.9 294.7 301.5 307 311.5 316.1 320.2 324.6 328.8 332.7 333.4 335.3 341.3 346.8 350 353.2 357.2 360.5 362.6 363.2
270.8 268.5 267.4 266 264.8 265.7 266.6 267.5 268.9 273 275.4 277.3 279.3 282.1 284.8 285.7 286.1 286.8 287.8 289.6 290.8 292.1 294.3 297.7 301.7 303.9 308.1 310.8 313.4 315.7 317.9 319 318.3 315.8 312.2 310.7 309.9 307.1 305.2 305.2 305.7 306.2 305.7 305.7 304.7 303.4 301.7 298.7 295.4 289.2 283.6 277.5 275.4 268.8 274.5 273.1 276.8 278.5 283.2 288.2 294.7 300 304.6 309.1 313.7 318 322.2 323.6 327.1 331.2 334.3 339.8 343.8 348.1 351.6 355.2 358.3 358.7
271.6 269.3 268.5 266.3 264.9 264.5 265.3 268.2 271.1 274.2 277.2 280 281.2 282 283.9 284.9 285.8 286.7 287.6 288.5 289.8 291.9 294.7 298.8 302.9 306.8 311.2 314.6 317.5 319.7 321 323 323.5 321.2 318.2 315.4 314.6 312.8 310.1 306.2 306.7 306.5 306.5 305.7 304.7 303.8 303 299 293.9 288 281.6 276.6 272.2 269.3 266.5 273 271.8 272.7 276.4 281.4 287.1 292.5 297.7 302.3 307.2 312.4 314.1 313.3 322 325.4 329 333.6 338 341.8 346.7 350 353 354.4
272.7 270.2 269.6 266.6 265.3 263.9 265.5 268.4 272.1 276.2 279.4 282.2 282.5 283.1 283.5 284.8 285.9 286.8 287.6 288.4 289.4 291.3 294.7 299.8 303.9 309.3 313.7 317 320.5 322.9 324 325.5 327.4 325.7 323.7 320.6 318.5 317.6 315.1 312.2 309.4 308.9 307.9 306.9 305.8 304.8 303.7 301.7 294.9 289.4 283 277 273 267.9 261.9 266.4 267.7 267.9 270.1 276.5 282.1 287.2 291.3 295.8 301.2 306 304.6 312.7 315.7 320 322.6 326.8 332.2 336 341 344.7 347.4 350.3
