data/310000-660000.asc
ncols 200
nrows 200
xllcorner 310000
yllcorner 660000
cellsize 50
[rows 105 to 139 of 200, columns 0 to 77 of 200]
218.3 221 223.8 226.1 227.6 228.4 229.6 230.3 232.4 233.8 234.9 236.1 236.1 235.1 234.3 233.2 231.6 230.3 229.6 229 228.8 229.3 229.6 229.7 229.6 229.4 229.7 229.5 230 229.6 228 225.8 222.8 220.8 218.9 217.2 215.6 214.9 213.1 212.2 211.9 211.1 209.6 208.4 207.3 205.8 198.2 197.8 196.9 196.8 197.2 196.4 196.4 194.7 194.8 195.6 191.6 191.4 196.1 198 197.7 197.7 198 197.9 197.9 197.8 198.2 199.1 199.7 200 200.4 200.8 201.7 202.7 204.2 205.4 205.7 205
223.4 226.3 229.3 232.1 233.2 233.7 234.2 234.6 235.2 236.4 236.7 237.6 236.9 236.3 235.1 234 233.1 232.1 230.8 230.7 231 231.2 231.5 231.7 231.7 230.8 230.7 230.4 229.2 227.4 225.3 223.5 222 220.5 219.1 217.6 216.4 214.9 213.1 211.7 210.6 209.5 208.1 206.7 205.5 198.5 197.5 197.4 197.7 197.7 198.2 197.6 198.4 199.9 198.2 200.1 198.6 198.9 200 199.6 199.7 200 200.1 200.1 200.3 200.7 201.1 201.8 202.4 202.7 203.1 204 205.6 206.1 206.5 208.2 208.6 205.2
228.7 231.2 234.2 235.9 236.8 236.6 236.3 236.4 237.1 238.1 238.6 238.5 237.8 237.1 236 235.3 234.2 233.7 233.5 234.1 234.4 234.7 233.6 233 232.5 231.9 231.1 229.5 228.2 226.3 224.6 223.1 221.5 220.2 218.9 217.3 216.1 214.8 213.4 212.2 211.4 210.7 209.2 208 201.4 198 198.2 198 197.8 198.8 201.2 200.7 201 202.2 201.5 201.1 200.8 200.4 201.3 201.1 201.7 202.3 202.6 203 203.3 203.6 204 204.8 205.6 205.9 206.8 209 210.2 210.7 210.3 210.8 210.7 207
234 236.3 238.6 239.3 239.4 239.2 238.8 238.6 239 239.7 241 240.9 240.4 240.2 239.8 239.1 237.7 237.3 236.4 236.3 236.6 236.4 235.5 234.3 232.9 231.7 230.8 229 227.2 225.7 224.2 222.6 221.2 220.1 218.4 216.8 215.2 214.2 212.9 212.3 211.2 209.7 205.6 201.7 199.1 198.6 199.3 199.2 198.8 202.2 202.8 202.9 203.6 204.2 203.5 202.9 202.5 202.5 203.3 203.2 204.2 205 205.2 205.5 205.9 206.8 207.3 208 208.7 209.4 210.6 213.3 212.6 212.1 212.1 212.4 211.5 207.3
238.9 240.8 241.7 242.2 242 241.8 241.5 241.2 241.5 242.1 243.6 243.5 243.3 242.5 242 241.9 241 240.2 239.4 238.3 237.4 236.7 235.4 233.8 232.3 231 229.3 228 226.5 225.1 223.6 222.1 220.8 219.7 217.8 216.4 215 214.3 208.4 209 211.3 203 202 200.1 198.6 199.9 199.2 200.6 204.5 204.5 204.3 204.8 205.5 205.8 205.6 205 204.5 205.2 206.3 206.5 207 207.6 207.8 208.7 209.7 210.2 210.7 211.6 212.1 212.3 213.1 214.6 213.8 213.9 214.1 213.4 211.2 211.1
242.2 244 244.8 244.9 244.7 244.4 244.2 243.9 244.6 245.7 246.7 246 245.1 244.7 244.1 243.3 241.9 240.5 239.5 238.4 236.9 236.2 234.5 233 231.2 229.3 228 226.7 225.4 223.7 222.1 220.8 219.5 218.4 217.8 216.7 215 202.8 203.2 201.8 202.7 201.8 200.6 200 201 204.3 206.9 206.4 206.2 206.5 206 206.6 207.3 207.3 207.2 207 207.3 208.3 209.2 209.7 210 210.7 211.7 212.6 213.1 213.7 214.2 215 215.7 215.8 217.6 216 216 216.1 215.9 213.3 209.3 212.2
244.9 246.5 247.6 247.7 247.5 247.6 248 248.4 248.9 249.1 248.4 249.4 247 246.2 246.3 244 241.7 240.7 239.6 238.4 236.5 235.3 233.4 231.3 229 227.1 226.6 225.3 223.9 222.2 220.6 219.7 218.2 217.6 217 216.2 204.7 203.5 203.6 202.6 203 203.4 202 204.1 203.6 206.1 208.6 208.7 208.6 208.5 208.8 209.3 209.7 210.2 210 210.3 210.9 211.9 212.5 213 213.5 214.4 215.5 216.3 216.6 217.1 217.6 218.4 219.2 218.9 218.2 217.3 217 216.1 213.6 212.3 213.8 213.2
249.8 249.3 250.5 250.6 251.1 251.4 251.7 252.1 251.7 251 250.5 250 249.4 246.8 246.3 245.1 242.3 241.6 239.8 238.1 236.4 234.6 232.1 230.5 229.2 227.7 225.9 224.1 222.6 221.4 220.5 219.7 217.4 216.7 216.3 207.4 204.6 204.7 203.9 203.2 205.5 206.8 207.9 206.5 206.6 208.3 210.7 210.6 210.5 210.4 211.3 211.9 212.2 213.5 213.8 214.1 214.7 215.6 216.3 216.7 217.3 218.1 220.3 220.7 220.5 220.7 221.1 221.5 220.8 220.3 219.5 216.5 215.3 214.1 217 216.7 215 214.5
250.4 252.1 253.5 254.1 254.6 255 255.3 255.3 254.4 253.3 252.1 250.8 249.2 245.2 246.1 245.9 242.6 241.6 239.8 237.8 236 234.3 232.9 231 229.4 228.1 226.6 225.1 223.2 222.1 220.6 219.9 217.6 209.4 206.9 206.4 204.7 204.8 204.5 208.2 207.8 208.8 210.5 210 211.4 211.7 213.1 213 214.2 214.4 214.7 214.8 215.2 216 217.9 218.1 218.5 219.2 220 220.8 221.7 223.5 224.2 223.5 223.9 224.1 223.7 223.5 222.4 221.6 220.6 217.6 215.6 218.7 218.9 218 216.2 215.8
251.1 253.8 256.1 257 257.7 257.9 258.2 257.7 256.7 255.4 253.3 251.3 250.1 244.9 245.1 246 243 241.5 240.2 238 235.8 233.9 232.3 230.7 229.2 227.7 226.1 224.8 223.8 222.7 221.8 220.1 219.7 208 207.7 206.6 207.4 210.4 211.1 211.9 212.3 211.8 213.8 214.6 215 215.3 215.6 215.8 217.4 218.4 218.9 219.8 220.1 220.6 222 222.6 223 223.6 224.1 224.7 225.1 225.6 225.5 224.5 225.6 225.3 224.8 224 223.2 222.3 221.6 218.9 216.1 220.2 219.9 218.5 216.6 217.6
256.4 257.8 258.6 259.7 260.6 260.9 261.1 260 258 256 254 252 250.2 248 246.5 245.1 243.8 242.4 240.7 238.3 235.9 234.2 232.6 231.1 229.6 228.2 226.8 225.8 224.7 223.7 222.7 221.6 214.6 208.2 207.4 207.1 218.6 211.9 216.4 216.4 216.3 216.2 216.1 216.6 217.5 218.6 219.5 220.5 221 222.1 223.2 224.4 224.8 225.5 226.5 227.3 227.3 227.5 227.7 227.5 227.3 226.8 226.7 225.6 226 226 225.4 224.7 223.9 223 222 219.5 218.5 221.1 220.9 219.4 218.3 219.9
259.2 260.5 261.5 262.6 263.5 263.9 263.9 262.4 260.2 258 256 253.7 251.5 249.3 247.7 246.4 245.1 243.3 241.2 239 236.6 234.7 233.1 231.7 230.3 228.7 227.2 226 224.9 223.3 220.1 215.7 210.3 208.4 207.5 220.2 219.8 218.1 218.3 218.3 218 218.5 218.8 220.3 221.7 223 224.2 225.2 225.9 226.8 227.7 228.6 229.5 230.3 230.8 230.9 230.6 230.3 230 229.7 228.9 228 227.7 226.5 225.4 225.8 224.6 224.3 223.9 223.3 221.1 219.7 222.7 223.5 223.1 220.8 218.5 220.3
261.3 262.7 264 264.8 266.4 266.7 266.5 264.8 262.6 260.4 258.3 255.8 253.5 251.9 250.2 248.1 246.5 244.5 242.1 239.7 237.6 235.4 233.7 232.3 231 229.6 228.1 226.8 224.5 223.3 222.7 216.7 209.7 208 212.6 221.4 220.8 220.2 219.8 219.8 219.9 221 222.1 224.4 225.5 227.2 228.4 229.4 230.4 231.5 232.4 233.3 233.7 233.7 233.9 233.2 233 232.5 232 230.9 228.9 226.9 225.5 224.9 224 223.4 222.9 222.6 221.6 220.5 220.8 223.4 224.7 226.7 226.5 226.6 220.3 219.2
262.6 263.6 265 267.4 268.8 269.9 269.2 267.1 265 262.8 260.6 257.7 256 254.4 252.3 250.2 247.9 244.8 242.4 240.2 238.1 235.9 234.2 232.8 231.5 230.4 229.2 228 227.2 225.6 216.2 211 207.4 211.3 222.8 222.7 222.2 221.7 221.4 221.4 222.3 223.6 226.5 228.3 229.6 230.9 232.4 233.6 235 235.8 236.7 237 237 236.8 236.3 235.8 235.2 234.5 233.4 230.7 227.5 227.1 229.4 228.1 225.5 225 224.7 224.7 224.3 224.4 225.3 227.1 228.8 230 230.3 230.7 228.5 225.6
265.2 265.5 269.1 272.3 274.1 274.4 272.3 269.8 267.6 265 262.1 259.8 257.6 255.8 253.3 250.8 248 245.3 242.8 240.7 238.6 236.4 234.8 233.2 232 230.9 229.9 227.2 228.5 216.2 211.8 210.3 209.9 217.3 223.6 223.8 223.5 223.1 222.9 223.4 225.5 227.7 230.2 232.6 234.1 235.5 236.9 237.8 238.5 239.1 239.5 239.1 238.9 238.3 237.4 236.2 235.1 234.1 231.8 227 228.4 230.3 229.6 228.3 227.3 226.9 227.4 227.3 228.1 227.8 229 230.8 232.5 233.2 233.1 232.6 231.8 230.8
267.9 268.6 274.1 278 277.7 276.2 273.7 271.5 268.9 266.4 263.3 261 258.6 256.2 254.1 251.5 248.9 246.4 243.9 241.7 239.6 237.6 236 234.4 233 230.2 228.7 216.1 212.3 210.6 211.4 210.2 215 224.5 224.6 224.9 224.6 224.4 225 226.3 228.4 230.7 233.6 235.9 238.2 240 241.2 241.4 241.7 241.3 240.7 240.1 239.1 238.1 236.8 235.6 234.4 233.1 230.4 227.4 231.2 231.7 230.5 229.6 229.1 229.5 229.7 230.4 231.2 231.4 232.8 233.2 234.4 234.3 233.3 232.5 231.7 231
272.7 276.7 281.8 281.1 279.9 276.9 274.5 272.1 269.6 267 263.6 261.2 259.3 256.4 255 252.7 250.2 247.8 245.3 243 240.8 239.1 237.5 236 234.5 233.5 223.6 214.4 212.6 213 212.6 212.7 221 226.3 226.2 226 226 226.6 227.1 228.5 230.7 233 236.1 239.3 241.7 243.1 244.1 243.5 242.7 241.2 240.2 239.5 238.4 237.3 236.4 235 233.1 230.5 228.9 235.1 234.8 233.6 232.2 231.6 233.4 233.6 233.6 233.6 234.3 234.9 235 235.2 235.5 235 234.2 233.1 232.2 229.8
280.3 283.2 284.4 284.7 282 279.5 277 274.2 271.2 268.4 266.6 265.1 262.3 258.4 256.7 254.1 251.4 248.9 246.3 244 241.8 240.3 238.7 237.1 235.3 227 219.1 215.3 213.7 214.9 214.6 220.7 227 227.6 227.6 227.4 227.9 228.4 229.8 231.3 233.4 235.4 238 240.9 243.6 244.9 244.8 244 242.8 241.3 239.8 238.9 237.8 236.2 236.1 235 231 233.6 230.6 235.3 235.5 234.6 233.8 235 235 236 236.8 236 236.4 236.9 237 236.4 236.2 235.8 235 234.1 232.4 228.8
286.3 289.4 290.3 288.4 285.5 283 280.4 277.9 274.7 272.5 269.7 265.8 262.1 260.4 257.3 254.8 252.2 249.2 247.3 245.1 242.9 241.5 239.8 238.1 236.4 225.7 217.9 215.6 215.2 218.8 219.5 225.9 229.1 229.1 228.9 229.2 229.7 230.9 232.4 233.5 235.5 237.5 239.4 241.7 243.5 244.3 244.7 244 242.8 241.3 239.8 238.5 237.5 236.9 235.7 231.4 235.7 238.8 232.7 236.4 237.3 236.6 235.3 236.2 235.9 236.9 237.2 236.6 235.2 232.5 235.1 236.3 236.5 236.2 235.4 232.3 228.8 232.6
295.2 296.2 290.9 291.2 288.1 284.7 281.9 278.9 275.8 272.4 268.5 264.8 261 257.9 255.5 253.1 250.6 248.6 246.5 245.3 243.9 241.8 240.4 238.6 236.4 226.9 218.5 216.5 215.7 222.6 224.2 231.2 231.3 231 230.8 231.2 231.8 233.5 234.7 235.6 236.7 237.9 239.7 241.5 243 243.2 243.4 242.7 242 240.9 239.4 238.1 237.3 235.8 234.1 237.6 239.1 239.1 233.6 236.9 238.3 238.1 237.2 236.8 236.8 237 237.1 235.1 234.4 234.4 231.8 232.1 233.6 233.4 231 230.4 233.4 238.8
303.4 299.3 296.2 292.8 289.3 285.5 282.3 278.1 274 270.4 266.5 262.2 258 255.2 252.5 249.9 248.1 246.9 245.4 244 242.3 240.9 239.1 237.7 233.5 223.1 216.4 217.3 227.2 232 234.3 235.7 233.6 233.2 233.2 233.4 234.3 235.8 236.8 237.7 238.7 240.6 240.8 240.5 241.6 241.7 241 240.5 240.1 237.9 236.4 234.8 235 235.3 238.6 239.3 239.9 238.5 234.3 238.6 239.5 239.5 239.2 238.7 238.2 238.3 236.6 237.6 235.9 236.6 237.6 232.7 230.8 230.9 232.8 237.9 237.7 240.2
306.1 301.8 298.2 294.2 290.1 286 281.2 276.8 272.2 267.7 263.6 259.3 255.4 252.5 249.9 247.4 245.8 244.7 243.4 241.7 239.9 238.1 235 230.7 228.3 224.7 218.6 217.9 220 230.1 238 238.6 237.2 235.5 235.6 236.2 237.1 237.9 238.8 239.7 241.1 242.2 242.8 243.2 242.8 241 240.4 240 239.2 239.1 240.2 239.3 239.2 240.1 239.7 240.6 240.1 237.5 237.8 240.3 240.4 240.4 240.2 240 239.8 239.7 240 238.2 238.8 240.2 240.7 240.4 240.1 239.4 239.3 240.7 240.5 240.6
309.7 305.3 300.9 295.9 290.3 285.9 280.5 274.6 269.6 265.3 261 257.5 254.3 251.2 248.3 245.6 243.7 242.4 241 238.6 240.6 240 239.3 237.7 236.2 230.8 223.7 219 218.8 217.5 223 237.1 238.8 237.4 237.9 238.3 238.9 239.5 240.8 241.7 243 243.4 243.6 243.6 243.6 243.8 244.1 244 243.5 243.2 242.8 242.4 242.2 242.2 241.7 240.6 240.4 236.1 239.4 241.3 241 241.3 241.1 240.5 240.3 240.1 240.5 240.5 241.1 242.2 242 242.5 243 240 240.6 241.8 241.9 240.8
312.4 307.6 301.9 295.8 290.3 284.1 278.3 272.4 267.1 262.8 259.2 256.1 253.5 250.9 247.7 246 245.7 244.3 242.6 242.3 242.8 241.6 240.8 239.6 238.9 235 224.6 228.9 221.5 223.5 221.8 224.5 238.1 239 239.3 239.8 241 240.8 242.7 243.8 244.1 244.4 244.1 244.1 244.4 244.4 244.2 243.6 244.1 243.7 243.3 242.9 242.5 242.3 241.9 241.1 237.4 237.9 240 240.3 241.7 242 242.1 241.8 241.3 241.2 241.8 241.9 242.8 243.3 243.2 242.1 241.9 241.6 242 242 240.9 237.6
313.7 307.2 300.7 294.5 288.9 281.9 275.5 269.8 264.9 261 257.8 255.1 253.5 252.2 250.6 248.8 247.9 247 245.7 246.1 245.5 244.1 242.8 241.5 240.5 238.8 234.5 236.1 230.2 223.4 220.6 223.1 231.3 240.5 240.9 241.5 243.3 243 243.6 244.7 245 244.9 244.6 244.4 243.5 242.6 242.2 241.8 241.4 242.5 243.4 243.1 242.8 242.4 241.1 237.8 241.4 240.3 241.5 241.7 241.6 242.3 243.1 242.8 242.4 241.6 241.9 242.4 242.4 242.1 241.9 242.3 243.8 244.2 244.6 244.4 244.2 239.5
314.6 307.4 300.1 293.2 286.6 279.9 272.9 267.6 263.4 260.4 257.9 255.4 254.3 253.7 252.5 250.9 249.6 248.8 248.1 247.9 247.9 246.9 245.6 244.1 242.2 233 240.4 240.8 238.8 237.5 223.7 221.2 226.8 238.2 243.4 244.1 243.8 244.6 244.7 243.8 245.4 244.3 243.8 243.8 243.7 244.3 244.7 244.3 243.2 241 240.9 241.8 241.4 240.1 239.2 242.4 243.4 242.2 242.9 242.8 242.9 242.9 242.9 242.8 242.2 242.4 242.9 243.4 243.7 243.4 243.7 244.2 245.6 247 247 247 246.9 243.5
312.7 305.8 298.3 290.4 283.2 277.6 272.1 266.1 262.7 260.2 257.9 257.2 256.4 255.3 254.2 252.8 251.3 250.5 249.3 248 247.7 246.4 245.5 244.8 240.6 241.9 242.6 242.3 242.7 241.5 231.5 224.2 223.4 226.8 244.5 245.1 245.8 246.4 246.5 245.7 245 244.3 244.9 245.4 246.7 246.7 245.8 245.5 245.2 243.9 242.4 240.7 240.5 242.1 244.2 243.7 243.5 243.8 243.7 243.7 244 244.3 243.8 243.4 243.5 244.1 244.2 244.6 244.8 244.8 245.2 246 248.1 250 249.8 249.7 249.8 247.2
309.7 303 294.9 287.3 280.5 275.3 270 266.3 262.8 259.9 260.1 258.2 256.7 255.7 254.6 253.5 252.6 251.1 249.9 248.8 247.6 246.1 244.4 241.7 242.7 244.3 244.3 243.6 244.8 244.1 244.3 232.2 225.3 226.1 244.8 246.8 247.7 248.2 248.4 246.7 247.2 246.5 246.4 246.5 247.2 247.1 246.7 247 246.9 245.7 245.3 244.5 245.2 246 246.1 245.9 244.3 244.7 244.8 245.2 245.5 245.6 245.2 244.7 245.3 246.3 247.4 247.6 247.4 247.2 247.1 248.3 251.1 252.7 252.9 252.6 252 251.1
306.2 299 291.4 284.1 277.9 272.5 268.8 266 263.3 262.8 262.3 260.8 259 257.6 256.2 254.4 253.7 252 250.3 248.6 247.4 246.6 245.7 244.7 244.2 244.8 245.2 245.1 245.7 245.7 240.2 226.6 224 230.2 247.4 247.8 248.5 249.2 249.1 247.8 247.7 247.4 247.6 247.6 247.7 247.9 248.2 248.6 248.6 247.8 247.4 247.2 247.2 247.3 247.1 246.8 245.6 246.5 246.6 246.7 246.9 246.9 246.6 246.3 247 248 249.2 250.4 250.5 249.9 249.8 250.7 252.4 253.7 253.7 253.9 253.5 252
302.3 294.7 287.4 280.8 275.3 271.2 268.6 266.2 264.5 264.4 264.1 263 261.2 259.7 258.1 255.8 254.6 252.9 251.2 249.5 248.1 247.5 246.8 245.9 246 246.7 247.2 246 232.6 227.8 227.6 226 224.7 244.5 248.7 248.2 248.9 248.4 248.3 248.2 247.7 247.6 248.1 248.8 249.2 249.4 249.9 250.3 250.1 249.1 248.5 248.7 248.7 247.7 248 248.3 247.9 247.6 248.2 248.3 248.1 248.1 248.5 249 249.3 250.3 251.8 252.8 253.2 252.7 252.4 253.4 254.2 255.1 255 255 254 252.7
298.8 291.3 284.8 279 274.3 270.9 267.5 266.4 266.4 266.2 265.5 264.2 261.7 260.5 259.2 257.2 255.4 253.7 252 250.5 249.5 248.5 247.9 247.5 247.9 248.6 249.1 236.9 228.8 229.9 230.8 229.9 233.2 248.5 249.7 249.8 249.1 248.3 248.1 248.2 248.2 248.8 249.5 250.2 251.1 251.5 251.9 252.3 251.8 250.1 249.1 249.9 248.2 249.9 250.8 250.6 250.3 250 249.6 249.9 250.7 251 251.2 252.2 252.9 254 254.9 255.2 255.4 255.5 255.6 255.7 255.7 256.4 256.3 256 255.4 254.4
295.4 289.3 284 278.8 274.7 271.3 269.4 269.2 268.8 268.5 267.7 265.2 262.4 261 259.1 257.5 256.2 254.5 252.9 251.9 251 250 249.6 249.2 250.1 250.4 249.9 231.6 230.4 234.9 243.6 246.1 249.3 250.5 250.4 250.4 249.1 248.8 249.2 249.7 250.7 250.9 250.4 251.8 253.1 253.7 254 254.2 253.6 252.9 250.4 250.8 252.8 252.8 252.5 252.5 252.2 251.9 251.9 252.7 253.6 253.8 252.7 255 255.7 256.2 256.4 256.6 256.8 257 257 257.1 257.2 257.7 257.8 256.7 256.5 255.9
292.2 287.9 283.2 278.4 274.1 272.6 273.1 272.6 270.9 270.6 268.6 266.3 262.9 260.8 259 257.7 256.4 255.2 254.4 253.5 252.5 251.6 251.2 251.3 251.6 250.7 249.2 234.2 230 239.1 248.6 249.4 250.4 251 250.9 250.8 249.7 250.6 251.3 252.3 253.7 254 252.5 253.8 255.3 255.8 256.1 256 255.2 254.4 254.3 255.1 255.6 255.4 254.7 254.3 254.1 254.7 255.3 255.8 256.8 256.8 254.3 256.9 257.5 257.7 257.9 258.1 258.3 258.2 257.9 258.4 258.7 258.5 258.3 257.4 257.1 256.6
289.9 286 282.6 279.4 277.6 276.8 276.7 274.2 272.5 270.6 268.3 265.7 263.4 261.3 259.4 257.9 256.7 255.8 255 254.4 253.8 253.1 252.8 252.5 252.1 251 249.5 240.7 232.4 232.3 237.2 249 250.5 251.2 251.2 251.1 251 252.1 253.2 254.2 254.8 253.4 254.7 256.2 257.7 258.2 258.2 257.6 257.3 257.5 258 258.1 258.3 258 257.3 256.7 256.9 257.5 257.9 258.3 258.7 258.6 257.6 258.1 258.4 259.1 259.3 259.5 259.5 259.2 258.9 259.2 258.6 258.2 258.1 258 257.2 256.6
289.4 286.4 283.5 282.6 280.4 279.6 277.2 274.9 272.6 270.1 267.3 265.3 263.5 261.7 259.7 258.6 258.3 257.4 256.3 255.6 255 254.3 253.6 253.2 252.4 251.3 250.3 247.1 238.7 230.9 233.5 241.8 249.8 251.3 252 252.2 252.6 253.8 255.3 256.3 256.3 255.1 256.2 258 259.8 261.1 261.8 259.8 259.7 261.1 261.6 261.8 261.8 261.4 261.3 260.1 259.6 260 260.4 260.2 259.6 258.8 257.6 259 259.4 259.7 260.8 260.9 260.5 260.1 259.8 259.1 259.1 259.1 258.8 257.8 257 256.7
