data/310000-480000.asc
ncols 200
nrows 200
xllcorner 310000
yllcorner 480000
cellsize 50
[rows 152 to 189 of 200, columns 84 to 167 of 200]
29.6 24.9 22.4 18.4 16.2 14.7 14.9 15.1 15.8 18.7 23.3 29.9 35.6 60.9 106.7 108.8 109.4 120 123.4 128.8 134.5 136.9 137.8 141.6 146.5 138.2 133.5 129.9 130.5 130.2 126.1 123.7 123.8 129.7 141.4 144.3 138.9 134.1 136.9 138.6 139.2 140.1 133.5 123.1 116.9 110.5 103.3 97.7 92.6 90.3 88.4 86.4 80.9 67 53.1 35.4 26.7 18.8 14.7 9.4 7 6.7 6.6 14.3 25.8 29.1 26.5 22.1 17.5 12.9 6.5 6.7 6 5.6 5.4 5.3 5.1 5 4.8 4.6 4.5 4.3 4.3 4.1
29 27.1 19.9 15.5 14.6 14.5 14.4 16 17.3 19.6 26.3 35.9 48.1 76.6 113.6 117.3 115.9 122.4 126.1 133.9 143.2 147.9 150.8 158.5 159.1 150.9 133.6 131.4 130.5 130.1 123.9 123.1 124.8 133.1 142.9 145.8 133.1 128 133.5 133 134.3 132.1 122.8 115.1 110 104.2 100.1 96.3 92.5 91.4 90.7 87.2 77.8 62.2 47 31.7 22.8 17.1 12.2 8.2 6.5 6.4 7 13.7 21 23.2 21.8 18.6 13 6.3 6.3 6.4 6.3 5.7 5.5 5.2 5.2 5 4.8 4.6 4.5 4.3 4.2 5.7
25.4 20.8 15.1 14.6 14.7 14.7 14.4 16.4 19 23.3 39.5 50.3 62 90.3 115.5 123.3 135 134.2 132.4 134.1 150.4 162.6 165.2 171.7 167 145.1 136.1 132.2 130.8 130.6 122.6 122.1 126.3 132.8 142 143.8 136 124.6 126.6 126.3 125.6 121.9 113.4 107.3 103.6 100.6 97.6 93.7 89.9 90.3 90 85.3 73 56.8 41 29.3 21.6 15.7 10.5 7.9 6.6 5.5 6.3 11.5 16 16.3 16.4 12.6 5.8 6 6.1 6.2 6.4 5.8 5.5 5.3 5.1 4.9 4.9 4.6 4.5 4.3 4.3 5.3
18.5 14.9 13.5 13.7 12.8 14.5 16.2 19.8 26 44.7 53.8 61 77.1 96.2 117.2 137 147.3 141.9 141.1 149.3 164.2 173.8 179.8 177.4 165.7 145.5 140.8 138.3 134.9 133.1 124.2 122 125.4 132.5 140.8 142.1 133.5 121.8 120.5 118 115.8 110.7 104.3 99.3 96.8 95.6 92.2 89.9 87.5 86.5 84.6 78.5 68.8 53.4 40.1 30.5 22.5 16.5 11.5 7.8 6.6 5.6 6.6 9.4 11.2 12.6 9.3 5.7 5.5 5.7 6 6.1 6.1 6.1 5.6 5.4 5.1 4.9 4.7 4.7 4.5 4.3 5.5 4.8
14.1 13.2 13.6 13.8 13.9 15.5 19.4 27.9 39.7 54.5 64.1 72.5 85.9 103.9 123.2 148.1 154.1 145.9 152.2 163.9 168.6 175.7 186.2 173.7 162.1 150.7 149.4 144.9 137.8 131.2 122.4 121.8 123.4 130.3 137.6 132 125.3 114.6 113.4 109.6 102.7 97.4 93.8 93.5 96.9 89.9 88.9 86.7 84.9 83.2 78.6 72.4 63.9 48 40.2 31.9 24.6 18 11.8 7.3 6.6 6.2 6.1 7.5 7.9 7.2 5.8 5.4 5.4 5.5 5.7 6 6 6.1 5.7 5.4 5.2 5 4.7 4.5 4.4 4.4 5 4.3
12.4 13.1 13.6 13.6 15.1 20.4 29.6 43.3 52.4 58.4 70.7 81.5 93.3 109 131.7 156.1 151.6 147.3 159.6 163.5 169.3 179.5 181.4 168.4 168.1 161.9 152.6 143.3 136.5 131.1 120.4 121.1 124.5 135.6 136.8 126.4 116.9 109 106.2 101.8 94.8 92.9 94.7 91.6 90.2 89.2 88.7 87.2 85 80.9 74.2 68.1 57.1 44.5 36.5 31.7 26.6 19.7 12.1 7.3 6.4 6.2 6.2 6.2 6.4 6 5.7 5.3 5.4 5.4 5.5 5.8 5.9 5.9 5.9 5.5 5.3 5 4.8 4.6 4.3 5.3 4.7 4
12.5 13.3 13.6 13.6 19 29.4 40.5 51.4 62 69.5 75.5 86.8 99.3 115.7 140.4 158.6 149 149.7 163.9 167.1 172.3 185.6 179.4 174.5 170.7 161.1 154.1 144.9 136.2 124.7 120.3 119.9 127.6 134.8 130.5 117.6 108.8 104.2 100.6 98.4 95.5 99.9 99.6 94.3 92 91.2 90.2 88.5 84.7 79.2 72.6 63.2 49.6 40.3 35.7 31.8 27.8 22 12.1 7 6.3 6.2 6.1 6 5.8 5.6 5.4 5.3 5.3 5.3 5.4 5.5 5.8 5.8 5.8 5.5 5.3 5.1 4.9 4.6 4.2 4.8 4.5 3.9
12.6 13.5 13.2 16.2 27.3 37.4 47.4 56.7 66.1 73.9 81.5 93.8 104.8 119.6 145.4 150.5 147.8 154.4 164.3 171.8 179.4 186.1 180.8 175 168 161 153 144.4 137.4 124 118.6 120.6 129.2 128.6 123.2 109.1 104.6 100.7 96.8 95.3 95 96.8 96.6 95.6 93.8 92.8 91.4 92.1 87.6 79.4 68 55.3 43.2 38.7 33.8 31.9 27.7 17.9 8.1 6.8 6.3 6.1 6 5.9 5.8 5.7 5.6 5.4 5.3 5.3 5.3 5.4 5.7 5.7 5.7 5.7 5.4 5.1 4.9 4.7 5.3 4.5 4.2 3.5
11.6 13.4 17.4 25.4 37 48.9 59.6 68.5 75.9 83.9 90.3 102.2 113.1 123.7 141.3 148.7 150 162.7 174 178.9 185.6 184 183.8 179.8 171.2 166 154.1 147 137.7 124.7 117.5 121.1 124 122.7 114.9 103.8 99.6 95.8 93 97.8 99.5 96.7 96.2 95.4 94.9 92.8 91.1 91.4 86.6 77.6 64.5 49.8 41.2 35.2 32.5 30.9 22.4 13 7 6.4 6.3 6.2 6.1 6 5.9 5.8 5.7 5.5 5.4 5.3 5.3 5.3 5.3 5.7 5.6 5.6 5.4 4.7 4.8 5 4.6 4.4 4.1 6.3
13.8 18 22.9 35.7 49.4 71.9 76.7 83.6 88.1 98.7 108.9 111.9 122.5 128.9 139.4 147.2 155.3 164.7 179.8 186.2 183.7 184.1 188.2 184.7 178.6 164.5 152.6 143.6 135.2 122.9 117.2 120.6 122.5 115.7 105.1 98.3 94.5 89.7 91.1 95.6 97.9 98.6 95.4 94.8 93.5 91.7 89.8 87.5 82.9 72.5 56.4 44.3 38.1 33.7 30.4 25.2 17.1 7.9 6.7 6.3 6.3 6.3 6.1 6 5.9 5.9 5.8 5.6 5.5 5.4 5.3 5.3 5.3 5 5.6 5.7 6.2 4.5 4.4 5.4 4.4 4.1 3.8 4.5
17.9 23.9 32.9 46.5 60.1 75 80.7 86 101.9 117.7 123.5 132.9 135.4 137.8 139.8 146.2 156 173.5 178.6 181.8 181.3 186.6 187.8 182.2 172.5 160.8 150.7 139.4 128.8 119 113.7 116.4 115.2 106.5 97.3 93 88.7 86.7 88.6 92.5 99 93.2 91.3 90.7 88.3 86.4 84.5 80.6 73.1 62.2 49.1 41.1 36.3 32 28.5 20.9 10.2 7 6.5 6.3 6.3 6.3 6.2 6.1 6 6 5.9 5.7 5.6 5.5 5.3 5.3 5.3 5.9 6 5.4 6.3 4.5 4 4.3 4 3.7 3.5 4.3
27.3 35.3 44.5 54.5 65 77.4 85 97.7 116.4 128.3 133.5 143.5 143.7 144.5 141.3 146 155.7 168.5 173.8 174.9 177.4 180.3 179.9 170 166.6 156.4 147.9 133 124 114.8 112.7 111.8 107.2 100.1 91.9 88 85.9 85.5 86.5 93.8 91.6 87.8 86.8 86.1 85.3 78.1 75.5 70.3 62.9 50.9 45.1 42.4 35 29.7 23.8 14.4 8.1 6.2 6.7 6.4 6.4 6.4 6.3 6.2 6.1 6 6 5.8 5.7 5.6 5.4 5.7 5.9 5.9 5.6 5.2 4.8 4.7 5.5 4.2 3.7 3.7 3.5 4
49.1 50.7 52.1 60.5 70.5 85.1 99.9 112.8 127.3 135 142.6 149.2 150.3 148.5 144.1 146.7 156 161.2 164.4 167.6 166.3 163.7 158.9 154.3 151.7 145.5 139.1 129.6 118.9 111.4 108.5 107 102.5 94.1 89.9 87.2 84.9 86.7 88.3 88.3 84.2 82.5 81.9 79.3 74.6 72.5 68.7 62.6 55.7 46.3 41.7 42 33.1 25.2 17.9 8.6 6.3 6.6 6.9 6.6 6.4 6.4 6.3 6.2 6.2 6.1 6 5.9 5.8 5.7 5.8 5.8 5.9 6.2 5.8 5.4 4.9 4.7 4.7 4.3 3.9 3.6 6.1 3.9
58.7 52.8 54.7 63.8 80.8 99.4 114.2 121.1 131.1 138.2 149.1 151.4 152.6 149 146.2 147.9 151.9 157.2 160.5 163 159.1 154.7 152.2 147.8 143.7 138.6 135 128.6 118.1 109.5 105.7 101.6 97.1 91.8 88.6 84.5 84.9 85.7 85.2 82.7 78.7 77.8 75.1 72.2 70.3 69.1 66.1 54.2 50.9 44.2 39 34.2 27.2 19.4 12.5 7 6.8 6.8 6.8 6.8 6.5 6.5 6.4 6.3 6.2 6.2 6.1 6 5.9 5.9 6 6 6 6.1 6 5.7 4.9 5.4 4.5 4.3 4.1 3.8 4.2 3.9
48.5 49.4 58.3 70.1 96.9 113.4 121.3 127.5 134.4 144 151.1 155 152.7 152.6 151.3 148.9 148.8 152.9 155.8 158.3 154.4 150.5 148.4 144.2 139 135.6 131.9 122.6 111.6 106.5 103.3 97.4 92.2 88.4 84.8 83.1 82.8 84.3 81 78 75.3 72.8 70.4 69 68.8 69 64.3 55 49.4 44.8 38.6 33.3 24.5 15.2 9.5 6.7 6.8 6.7 6.7 7 6.7 6.5 6.4 6.4 6.3 6.3 6.2 6.1 6.1 6.1 6.1 6.1 6.2 6.2 6.2 5.8 5 4.5 4.3 4.2 4.1 3.9 3.9 4
44.6 52.1 65.6 85.5 106.9 118.6 126.9 133 139.1 147.2 152.5 155.3 154 156.3 156.6 149.4 148.2 149.6 151.6 153.9 151.7 147.8 144.9 141.2 133.9 129.8 123.1 116.4 109.7 105.2 100.5 95.2 90.2 87.4 84.7 82.5 81.2 79.1 76.3 75.8 73.2 69.4 67.6 68.2 69.1 69.2 65.1 58.5 49.8 43.2 36.4 30.1 20.3 12.6 8.8 6.7 6.6 6.6 6.6 6.9 6.9 6.6 6.5 6.5 6.4 6.3 6.3 6.3 6.2 6.3 6.3 6.3 6.3 6.3 6.4 5.8 5.5 4.3 4.2 4 3.9 3.8 4.2 4.1
44.3 55.4 75.1 95.7 109.8 121.9 132.5 137.9 143.9 150 156.1 159 155.9 156.5 157.3 150 148 148.6 151.1 149 147.1 144.8 141.4 136 128.6 124.3 119.7 111.7 107.7 104 98.6 94.8 89.3 86.9 84.2 81.2 78.9 75.9 75 74.8 71.4 67.9 66.6 69.2 69.8 67.8 65.6 58.7 50.5 42 35.2 27.8 17 9.7 7.3 7.2 6.4 6.4 6.6 6.8 7.1 6.9 6.5 6.5 6.4 6.4 6.5 6.5 6.8 6.6 6.4 6.4 6.4 6.4 6.5 5.7 4.3 4.2 4.1 3.9 3.8 4.5 4.2 4
46.6 62.7 80.6 97.7 111.1 124.1 134.6 142.3 147.5 156.6 159.9 161.6 162.8 161.3 156.1 152.2 149.3 154.4 155.9 152.5 145.2 142.3 138.2 130 124.9 118.9 114 110.1 106.5 102.9 99.5 94.3 90.2 87.1 85.4 82.7 77.7 72.8 70.4 71.2 68.6 66.1 67.1 69.9 70.8 69.6 65.5 58.9 49.1 41.5 34.5 26.2 16.2 8.9 6.9 6.3 6.4 6.2 7 6.8 8.3 6.9 6.6 6.5 6.6 6.7 6.7 6.8 7 7.2 7 6.8 6.6 6.5 6.2 5.1 4.6 4.3 4 3.9 3.7 5.2 4.1 4
50.3 65.9 83.6 99.5 113.4 126.3 133.5 139.5 145 151 155.9 158.3 159.5 158.4 151.5 151.5 156.4 163.2 163.2 157.8 149.6 144.2 138.2 129.3 120.6 114.3 110.4 107.7 104.1 100.7 97.6 91.4 89.4 86.2 84.7 81.8 77.3 72.3 65.6 64.3 66.3 64.7 66.7 69.2 69.6 67.9 65.5 57.1 49.4 42 34.2 26.2 17.3 10.3 6.8 6.4 6.2 6.8 7.3 6.6 9.8 8.1 6.8 6.8 6.8 6.9 7 7.1 7.3 7.6 7.6 7.4 7.2 6.9 6 5.7 4.6 4.4 4.2 3.9 3.7 4.3 3.9 3.7
49.1 67.2 82.9 98.9 110.8 119.2 123.8 128.7 131.6 138 146.3 152.9 154.6 153.2 145.5 147.3 154.7 161.3 159.1 154.2 154.5 150.5 142.5 131.6 119.3 110.7 107.8 105.3 102.1 98.7 93.2 89.2 88.5 85.5 83.3 80.8 77.1 71.4 70 59.5 58.9 59.8 65.6 67.6 66.9 65.2 61 55 48.8 41.8 34.3 26.8 16.8 8.8 6.5 6.2 6.2 8.8 11.3 10.8 9 8.4 7.6 7.7 7.7 7.4 7.3 7.4 7.5 7.8 8.2 8.1 8 6.5 5.6 4.8 4.6 4.4 4.2 4 3.7 3.8 3.7 -2.6
45.5 60.8 76.4 90.9 101.5 109.3 113.3 118.1 120.1 127.2 141.8 150.3 146.2 143 140.2 145 149.7 153.8 156.2 156.4 152.5 146.8 145.8 127.1 114.4 105.2 103.6 101.6 99.3 94.1 91.5 88.4 88.6 89.5 86.9 83.8 79.1 77.3 70.4 60.8 49.9 58.8 64 65.2 64.8 62.7 59.8 52.6 48.8 44.1 38.6 28.1 15.5 8.2 6.2 5.9 6 8.9 9.8 8.3 6.9 6.7 7.3 7.3 7.4 7.4 7.5 7.5 7.8 8.4 8.9 9.2 8.1 6.7 5.1 4.8 4.6 4.4 4.2 3.9 3.5 3.3 3.7 -2.6
42.7 56.5 70.1 81.8 91.5 96 99.4 104.1 110.3 116.5 126.1 132.1 135.2 133.9 139.7 142.2 143.1 146.9 153.3 153.2 150.1 141.8 135.5 118.3 108.8 100.1 98.9 95.6 90.7 90.2 93.3 90.4 89.5 89.7 91.1 84.3 83.6 78.8 64.3 54.1 46.4 56.9 60.8 61.7 61.1 59.4 55.1 52 49.7 47.6 41.2 28.3 13.5 6.9 6.1 5.9 5.7 9.6 9.6 8.6 6.3 6.1 6.7 7 7 7.3 7.6 7.9 8.5 8.9 9.5 8 7.2 6.2 5.8 4.6 4.5 4.3 4.1 3.9 5.9 3.3 3.6 -2.6
39.8 51.6 61.5 70.7 76.6 82.2 88.2 95.5 100 106.1 113 123.9 127.3 129.3 137.8 141.5 139.2 139.7 142.5 143.8 140.1 135 121.2 113.1 103.1 92.9 91.9 89.4 85.3 89.4 95.3 101.3 93.9 91.6 88.9 83.2 80.1 70.4 57.8 48.5 44 51.7 53.2 55.4 56.9 55.3 50.5 52.2 50.9 49.7 40.1 30 13.7 7.3 6.6 6 5.9 7.2 8 5.6 4.1 6.3 7 7.2 7.5 7.8 8.1 8.4 9.1 9.6 9.7 6.4 5.9 5.2 4.3 4.2 4.1 4.1 4 3.9 4.2 3.3 3.5 3.5
40 48.6 57.9 65.4 71.5 81.6 87.7 91.4 96.6 103.2 108.8 119.3 122.7 125 133.5 136.3 136.9 135.3 137.8 137.8 134.1 124.3 115.9 107.6 93.3 88 86.7 84.2 84 90.2 99.9 107.3 105.3 101 92.1 83.1 71.2 62.4 53.3 43.8 40.6 41.8 43.5 48.2 51.6 45.9 46.8 48.3 46.7 43.3 42.7 28.8 15.2 7.2 6.5 6.1 7.7 7.5 6.3 5.6 5.8 6.4 7 7.4 7.7 8.3 8.6 8.9 9.8 10.2 7.9 5.8 5.2 4.8 4 4 4 3.9 3.8 3.7 3.7 3.5 3.3 3.4
41.1 47.5 56 62.9 68.4 78 85.6 89.4 95.4 101.8 107.7 114.9 118.9 122.8 130 135.4 135.3 131.6 129.6 129.9 125.6 118.8 110.6 99.4 89.9 84.8 84.4 83.1 83.2 93 107.4 116.5 116.6 100.9 89.6 80.4 68.6 57.7 49.2 43.3 39.4 32.3 37.7 41.5 41.4 41.9 42.9 42 41.7 37.9 36 21.6 14.5 8.3 5.8 5.5 7 7.6 6.5 5.4 5.9 6.6 6.7 6.7 7.3 7.8 8.3 8.5 9.2 10 6.3 5.2 5.1 5.9 3.7 3.7 3.7 3.7 3.7 3.1 3.4 3.4 3.3 3.3
38.7 46.2 51.6 58.7 66.2 74 82.9 88.8 94.8 101.7 106.3 113.8 118.7 122.3 128.6 131.5 135.5 129.3 125.5 122 118.7 110.9 102.6 97.1 87.6 82.3 82.2 81.9 84.8 97.2 112.4 119.6 108.8 102.1 83.6 73.3 62.5 52.3 45.5 42.7 40.5 30.4 35.2 39.3 38.2 38.2 37.9 34.4 33.8 31.6 26.2 16.9 13.4 7.5 6 5.6 5.5 6.1 5.5 5.4 5.6 6 5.6 5.3 6.7 7.3 7.7 7.3 7.2 8.4 8.6 8.6 5.9 3.6 3.6 3.5 3.4 3.4 3.4 5.4 3.3 3.3 3.3 3.3
36 41.1 47.7 55 61.9 71.6 78.9 88.2 93.5 101.6 108.3 116.1 121.5 130.1 133.6 133.8 132.6 125 121.7 118.2 114.9 107.1 101.3 96.2 86 81.8 80.4 83.2 86.8 103.1 115.5 108.7 104.1 99.2 80.4 64.2 57 49.4 42.2 38.9 34.9 28.2 34.3 37.3 34.2 30.9 27.2 27.4 27.6 19.7 16.3 12.4 9.7 6.5 6 5.9 5.8 6.1 6.6 7.8 7.8 4.8 5 5.3 6.6 7 7.4 7 6.7 6.6 6.2 6.1 4.4 3.5 3.5 3.4 3.3 3.3 3.2 4.5 3.5 3.7 3.3 3.3
31.6 36.4 39.7 49.6 56.3 66.2 72.9 88.1 95.8 104.8 112.5 119.3 126 134.1 132.8 131.6 127.6 121.7 119 120.8 118.8 108.4 103.6 97.9 85 80.7 79.1 81.7 88 112.3 107.9 101.7 99 93.5 78.9 57.4 51.8 45.3 38.9 35.4 31.5 26.3 24.8 28.5 28 25.1 21.9 24.5 26 19.6 18.2 9.1 8.7 6.5 6 6 6.2 7.3 8.5 10.8 10.9 5.8 5.6 5.7 6.2 7 7.1 6.7 6.8 6.8 6.5 6.1 5.4 3.5 3.4 3.3 3.3 3.3 3.1 3.8 3.5 3.4 3.3 3.4
27.8 31.1 33.2 39.2 47 60.4 72.3 84.2 94.8 106.9 116.3 123.8 125.8 128.5 129.3 126 124 120.1 118.1 121.2 118.4 112 106.2 99.6 82.1 79 77.3 79 87.8 105 102.3 99.4 96.9 91.5 72.9 52.9 48 40.7 36 33.6 30.9 29.4 26 23.2 20.4 20.1 20.6 24 31.4 23.2 10.7 8 8.5 6.5 6.1 6.4 8.3 10.2 10.3 10.6 11.1 5.7 5.6 5.6 5.6 7.3 7.1 6.6 6.6 6.6 6.6 4.2 3.7 3.4 3.4 3.4 3.4 3.4 2.9 3.6 3.3 3.3 3.4 3.4
25.4 26.5 28.1 32.7 40.1 54.2 70.6 85.5 95.4 106.4 115.5 120.8 124.7 125.9 123.6 121.9 119.2 115.7 115.9 118.2 118.6 113.5 108 92.1 80.3 76.8 74.5 76.3 83 97.6 98.1 96.5 95.7 91.4 65.9 49.2 43.5 36.8 33.2 31.9 30.7 29.3 26.2 22.5 17.5 17.1 15.6 21 24.4 18 7.7 7.5 6.7 6.9 7.5 8.4 8.9 10.8 11.2 10.6 7.8 5.6 5.5 4.6 5.2 8 8.1 6.5 6.3 6.3 6.2 4 3.4 3.4 3.3 3.4 3.4 3.4 3.5 3.5 3.3 3.3 3.7 3.2
23.3 24.5 25.7 27.6 29.4 42.3 62.7 79.3 93.3 101.8 111 120.7 121.9 120.1 117.9 116.1 113 109.1 113.1 114.6 112 108.3 100.5 88 79.5 75 72 72.3 75.5 85.7 95 91.7 91.8 84.1 60.7 45.9 39.1 32.8 29.2 28.7 28.4 27.1 23.4 19.7 16.5 14.1 13.5 16 17.3 9.7 7.5 7.2 6.9 7.1 8.4 10.6 11.1 11.5 11.4 10 6.9 5.6 5.4 5.2 5.9 7.1 8.7 7 6.4 6.2 5.9 5.1 3.4 3.3 3.3 3.4 3.4 2.9 5.2 3.4 3.2 3.3 3.2 1.8
22.4 23.2 23.6 21.7 21 27 41.8 58.5 73.3 81.5 94.1 107.8 111.7 107.6 103.3 97.1 99.1 95.7 94.2 92.9 91.9 93.9 87.6 82.3 74.9 67.9 64.7 65.7 70.2 85.6 89.8 84.4 77.7 68.4 51.7 40.8 32.6 27.4 26.5 26.2 25.8 22.4 19.4 13.8 13.1 11.3 11.3 12.9 9 8.3 10 12.5 12.1 8.3 8.4 10 11.2 11.5 11.3 9.6 6.5 5.5 5.3 5.1 5.8 6.6 7.1 6.3 6.1 5.6 4.3 3.8 3.6 3.3 3.3 3.3 2.9 2.6 3.8 3.2 3.3 3.2 1.6 0.3
18.6 20.4 19.6 15 15.8 19.2 32.2 41.7 48.7 56 66.5 76.7 82.5 85.1 82.9 86.8 83.8 78.1 79.4 80.9 83.3 86.1 80.3 73.9 64.7 59 56.4 62 70.2 76.5 77 71.5 68.6 62.5 41.9 33.1 25.5 23.2 24.6 25.8 23.9 17.3 13.9 11.3 9.6 9.7 9.5 9 9.5 10.8 16.1 18.9 16.5 11.5 10 10.4 10.5 10.4 10.6 8.2 5.7 5.4 5.2 5.4 5.4 6.2 6.9 6.3 5.2 4.7 4.2 3.4 3.4 3.4 3.2 3.1 3 2.8 3.7 3.6 3.3 1.5 -0.5 -2.6
13.7 14.3 13.1 10.5 14 18.8 27.7 33.3 39.7 44.4 51.6 56.9 60.1 66.2 70.6 73.3 71.7 72.5 74.4 76.3 76.9 76.7 72.2 66.7 60.1 54.8 53.5 59.3 65.6 69.4 67.6 60.7 57.4 46.1 37.2 25.2 21.5 18.6 22.7 23.7 18 11.9 10 8.5 8.7 9.2 9.8 9.5 9.5 15.4 22.2 23.5 17.2 12.2 14.3 15.8 16.5 15.4 11.9 8.4 5.4 5.6 5.5 5.3 5.2 5.8 6.6 7.2 7.6 4.7 4.9 3.3 3.2 3.2 3.1 2.9 2.9 5.5 3.5 3.3 1 -0.5 -2.6 -2.6
8.3 9.7 7.7 8.3 11.5 17.2 23 29.4 35.9 42.9 48.1 52.6 57.4 62.6 65.6 66.1 66 67.5 69.8 69.8 69.1 67.9 63.2 59.1 53.1 48.9 50.1 55.1 59.3 64.6 61.2 52.5 47.2 42.2 28.2 21 16.8 15.7 16.2 14.5 10.7 8.7 8.5 8.1 8.7 9.4 10.2 10 11.7 19.9 27.6 25.3 16.7 16.6 18.6 20.9 21.1 18.6 14.1 9.6 6.3 6 5.7 5.1 4.8 5.2 5.7 6.4 7.1 7 4.7 3.5 3.3 3.1 2.9 2.5 5.2 3.8 3.4 -2.6 -2.6 -2.6 -2.6 9.3
6 6.6 9 7.5 11.9 14.8 20.1 23.5 29.7 37 43.3 51.5 55.4 57.6 57.7 59 60.4 60.5 64.2 64 63 59 56.5 52.9 48.7 45.7 47.1 51.3 55.4 53 47.8 44.5 41.3 34.1 25.6 20.6 15.3 12.9 12.8 10.6 9.2 8.1 7.5 7.8 8.3 9.1 10.5 12.7 15.4 25.7 31 23.9 17.8 19.4 21.2 22.7 22.3 20.1 15.3 10.5 7.6 6.5 6.2 5.6 4.9 4.6 4.9 5.5 6.4 5.6 3.9 3.6 3.4 2.1 4.8 3.5 3.3 3.4 -2.6 -2.6 3.7 5.4 10.9 9.9
5.6 5.3 5.9 9.8 10.6 14.5 16.3 19 23.7 30.8 34.6 40.6 42.9 46.2 49.6 51.2 53.4 55.6 58.9 57.3 56.8 53.7 50.9 47.2 44.1 41.1 38.5 44.7 47.6 43.4 41.4 39.2 36.6 31.8 24.8 20.2 14.6 12.1 10.9 9.9 9.3 8.5 7.5 7.3 7.6 7.8 9.6 13.3 17.5 25.6 30 24.2 22.3 23.3 24.1 22.9 22.3 19.5 15.4 11 8.4 7.3 6.6 5.8 5 4.8 4.6 4.8 5.2 5.1 3.9 3.8 -2.6 3.5 3.5 3.7 3.3 3.3 -2.6 3.7 5 10.1 9.9 9.2
5.4 5.8 5.6 6.3 8.3 12 14.4 17.4 20.2 24.7 28.7 32.4 34.5 37.7 40.7 41.5 45.4 49.6 52.5 51.4 50.6 48.5 45.3 40.5 38 30.7 31.7 35.6 38.3 38.1 36.3 34.3 31.9 27 21.8 18.5 12.8 11.5 10.3 9.9 10 9.5 9.9 8.1 8 8.2 9.4 12.4 17.8 25.2 27.2 27.2 26.3 26.5 25.6 24 22 19.5 13.7 10.5 9.1 8.5 8.3 8.4 7.4 5.8 3.6 6.1 4.9 4.7 -2.6 -2.6 -2.6 -2.6 -2.6 -2.6 -2.6 -2.6 -2.6 3.6 10.5 9.8 9.7 9.4
