data/310000-610000.asc
ncols 200
nrows 200
xllcorner 310000
yllcorner 610000
cellsize 50
[rows 0 to 34 of 200, columns 78 to 155 of 200]
429 430.5 431.7 431.2 429.5 425.3 421.2 416.2 411.5 412.7 420.4 413.9 416.6 417.6 419.7 422.5 424.4 427 429.9 436 446.6 449.5 452.3 454.6 453.4 454.4 456.4 457.3 453.2 457.7 468.6 479 496.7 515.6 529.9 541.5 545.9 552.9 552.1 549.7 552.1 555.2 550.9 541.8 540.7 541 539.8 536.9 531.6 528.6 520.8 527.2 527.7 532.8 537.1 539.4 538.1 538.7 540.9 545.2 551.1 558.5 567.2 577 585.4 591.7 592.6 592.6 590.1 585 580.6 573.3 563.2 551.7 534.5 513.1 490 472.6
454.3 450.7 451.4 450.7 446.5 442.2 436.3 427.7 420.5 417.4 420.5 422.5 419.5 420.8 423.6 424 424.3 425.6 428.2 435.8 448.9 450.6 454 456 456.4 457.4 458.9 458.9 458.1 459.8 464.3 475.1 489.3 508.2 526.7 542.6 549.7 557.6 558.9 560.7 568.4 570.5 566.8 563 560.3 560.2 555.5 550.7 546.5 539.7 536.1 539.1 541.8 546.2 550.8 552.6 551.8 551.6 554.7 559 566 573.3 580 588.6 595.3 597.8 595.2 591.4 585.5 579.9 572.6 562.8 553.9 541 522.8 501.5 484 466.7
483.7 476.2 473.1 469.9 467.7 462.3 453.8 444.1 432.6 425.4 426.3 427.6 428.1 428.7 429.2 430.3 430.5 431.3 431 432 442.9 449.7 454.5 455.7 456.9 458.3 459.4 459.5 461.4 460.7 462.8 465.7 483 499.9 521.2 538.2 552.2 558.3 563 569.7 577.3 578.3 577.1 577.7 575.9 575.7 572.1 564.6 560.2 552.3 550.5 555.1 559.8 562.6 566.5 568.6 568.3 566.9 570.9 575.4 581.3 587.1 593.2 597.7 601.3 600.4 595.4 588.7 581.9 572.4 562.7 552.6 542.4 527.9 510.3 491.9 476 461.7
510.8 505.2 499 495.3 493 485 474.3 463 452.2 442.6 438.3 436.4 436.9 437.7 438 439.8 439.5 440.2 440 436.8 435.1 449.5 454.2 449.4 451.2 456.4 458 458.7 461.9 463.8 464 464.9 474.2 494.6 514.9 534.7 549.4 559.1 565.1 573.5 581.1 585.7 589.4 591.1 591.7 590.7 586.7 579 573.8 567.1 565.9 571.7 576.9 579.8 584.7 585.9 586.4 587.7 590.2 592.7 596.8 600.6 601.5 603.8 602.7 598.7 591.9 583.3 573.7 562.5 548.9 538.7 527.6 513.6 498 483.2 467.6 461.7
538 530.9 525 519.9 513.5 506.3 499.1 486.3 475.1 465.4 456.1 451.7 449.4 450.3 451 453.5 452.8 450.8 448 446.2 441.3 438.3 444.4 448.2 451.2 448.2 450.8 454.3 459.9 461.9 463.2 465.1 467.2 485 507.1 529.5 544.1 557.8 564.3 574.4 584.2 592.3 597.1 600.8 603.7 604.5 601.6 594.3 587.8 584.2 581.5 589.4 594.5 597.7 602.3 605.9 608.5 609.1 610.7 612.2 613.8 613.6 611.6 605.9 600.5 592.7 584.3 574.2 561.8 547.6 534.3 524.1 512.9 500.1 486 472.8 464.6 471.2
567.5 561.9 555.1 552.5 541.5 538.7 525.8 513.5 498.9 486.5 477.4 472.9 468.1 467.8 469 468.4 466.5 463.9 459.6 453.9 448.4 450.5 450.5 451.3 454.2 456.1 456.8 458.7 461 464 464.4 463.2 467.4 480.6 499.4 520.2 541.4 554.8 562.6 572.3 584.2 594.9 603.6 608.4 612.8 617.8 618.4 613 604.7 600.4 600.2 606.2 610.7 617.2 622.9 626.8 627.8 629 629 628.1 626 621.9 615.8 605.8 593.8 581.4 569.4 558 546.7 532.7 519.6 510.5 499.6 486.7 472.4 471 472.6 477.4
593.7 590.6 586.1 585.3 573.6 560.9 548.9 534.7 524.3 512.1 502.9 496.4 491.6 489.3 488.5 486 481.4 476.6 471.2 465.7 457.1 454.7 453 454.7 456.9 461.7 462.1 465.7 468.3 471 474.5 467.8 465.3 479 492.3 511 533 551.5 560.1 568.5 583.3 595.9 606.6 614.2 621.5 628 632.8 630.9 626.4 620.2 619.6 625.7 630.8 638.6 643.4 646 645 643.4 641.3 639.8 633.8 625.7 615 599.7 583.4 567.4 556.6 544.9 532.9 519.5 507.5 496.7 486.4 477.7 481.3 479.5 479.3 483.8
610.2 609.2 606.6 603.7 594.2 580.8 570.4 554.1 542.8 533.4 524.8 511.7 513.7 509.7 508.5 504.5 500.8 493.9 486.2 477.8 469.3 461.9 456 460.6 464.6 469.2 473.8 474.5 476.9 477 479.9 476.8 469.3 471.1 486 504.1 524.6 547.5 558.4 568.5 582.4 600.2 612 621.4 630.3 638.1 644.1 644.5 643.2 640.1 638 643.8 652.3 659.8 662.4 662.2 659.5 653.4 649.3 644.6 636.3 624.7 609 588.2 569.5 556.5 545.2 533.4 521.1 507.9 497.4 487.3 484.9 488.8 487.3 484.7 485.1 489.1
624.6 622.9 619 615.8 607.2 596.2 587 571.6 557.1 546.5 539.2 534.3 531.9 527 523.7 520 516.8 511.4 502.9 492.7 484.1 475.1 464.1 465.1 472.3 478.2 483.6 485.1 487.6 489.9 488.5 485 476.3 471.2 477.7 494.5 516.7 539.8 556.3 568.2 584.5 603.7 619.8 632 641.7 652.8 658.4 658.4 659.8 659.1 658.5 662.8 672 676.2 676.5 674.5 667 660.2 653.2 644.9 633.1 618.3 597.5 576.5 560 545.9 534.8 522.5 508.3 497.7 489.2 490.4 494.1 494.5 492.1 489.6 490.8 495.6
633.6 632.6 628.3 624.8 616.1 607.4 597.3 584.3 569.5 558.2 550.9 548.9 547.2 543.3 539.1 535.4 531.8 527.4 518.9 507.5 499 488 475.8 469 479.8 485 491.3 497.3 498.9 498.1 500 494.2 484.8 476.2 475.1 486.3 510.2 531.7 550.6 568.2 589 611 625.7 641.8 652.5 663.9 671.3 672.8 677.6 679.4 680.1 681.2 689.3 691.7 688.4 682.9 673.6 663.1 651.9 640.2 626.1 608.4 585.6 565.4 548.7 536.5 525.3 512.6 500.5 493.1 498.4 500.4 500.9 499.8 498.4 496.6 499.5 502.9
639.8 639.7 637.4 632.4 624.2 617 607.5 596.1 581.3 570.1 565.4 562.9 560.7 558.1 555 551.7 547.5 543.6 536.5 525.4 514.8 504.2 490.3 475 487.7 491.8 501.6 506.3 508.4 509.2 510.7 504.9 496.3 484 476.8 484.9 501.1 523.7 543.6 565.8 592.5 616.6 635.2 652.1 664.5 676 682.3 686 694.3 697.4 699.6 701.8 703.6 702.9 696.6 687.9 676.7 663.6 647.1 632.6 616.8 595.5 573.5 553.8 538 527 518.2 505.5 501.4 505.2 508.2 510 511.6 510.5 508 507.7 510 510.3
645.7 647.3 646 640.4 633.6 625.5 616.8 606.1 593.4 581.3 577.7 576.1 574.7 574.1 573.2 570.3 563 558.5 550.6 541.9 530.2 518.4 503 484.6 491.3 501.8 511.3 516.1 521.4 522.2 522.4 516.4 506.9 493.6 481.4 484.4 496.3 516.2 537.6 563.1 594.3 623.3 644.8 662.6 676.5 688.2 695.2 700.9 707.9 713.4 716 715.5 716 711.6 703.2 688.7 675.8 660.2 641.7 625.8 607.3 584.6 560.5 539.9 528.9 521.5 512.1 504.4 511.6 515.4 518.5 521.7 525 525.5 523.3 521.9 520.1 523.1
650.2 653.1 653.2 649.1 641.7 633.7 626.4 614.8 602.2 591.5 588.1 590.2 590.6 590 590 586.5 579.6 573.6 565.4 557.4 541.9 529.3 514.5 493.9 496.6 508.4 519.1 525.8 530.6 532.9 532.3 527 515.9 501.8 488 481.7 495 513.4 534.6 560.9 592.5 627.2 655.1 674.1 687.1 699.9 707.4 713.5 721.8 727.1 729.8 727.5 724.7 718.9 707.4 690.3 673.9 657 635 612.8 593.9 579.1 567.8 552.9 537.3 521.8 510.2 515.7 522.4 526.6 530.4 536.8 541.8 542.7 540.6 537.1 532.6 535.9
649.6 654.9 657.9 655.4 647.6 640.5 633.6 622.9 611.5 602 601.3 603.1 603.5 603.4 604.6 604 598.4 590.4 579.6 566.9 551.3 536.2 521 500.7 504.1 513.9 527.1 534.8 539.1 542.2 541.1 537.3 526 511.4 496.9 485.3 495.1 509.9 534.6 559.2 588.5 625.6 660 682.1 697.7 710.9 719.7 724.9 732.3 738.8 741.8 739.4 733.1 725.1 711.2 694.5 677.6 659.4 640.9 623 606.9 594.4 579.1 562.2 541.9 523.7 517.5 528.1 536.6 542.3 547.2 553.5 557.5 557.5 554.6 551 548.5 548.9
651.7 659 660.7 661.8 654.2 648 642.2 632.7 621.2 612.3 612.5 613.7 613.3 616.6 619.1 618.9 611.6 605.1 591.3 577 559.7 544.2 525.5 501.9 513.6 519.4 532.3 543.5 548.5 551.2 550.5 546.6 535.5 519.6 506.3 487.4 493 507.2 532.2 556.2 584.8 621.4 653 682.1 703.1 719.9 729.4 736.4 743.3 749 751.4 748 742.2 731.7 715.1 700.7 685.9 666.9 650.1 633 616.7 601.5 583 562.8 541.2 523.4 532.1 545.5 553.8 560 565.6 569.4 572 569.8 566.5 562.9 560.7 560.9
662.3 667.3 670.9 670 667 661.3 653.3 646.7 636.2 626.5 624.4 624 624.7 628.1 632.3 631.1 625.1 618.4 602.4 585.7 566.2 549.4 530.3 508.9 522.4 527.9 540.4 552.2 558.2 561.3 560.1 554.4 544.2 529.8 514 492.3 497 506.8 527 549.4 576.4 609.4 639.9 670.3 699 725.1 735.7 743.1 750.8 755.8 756.5 752.7 748.6 737 722.6 707.3 690.4 675.3 657.3 639.7 622.8 606.2 584 563 542 535.9 551.9 565.7 572.6 578.1 582.6 584.4 585.5 580.6 578.7 576.7 573 573.8
673.9 678 681.4 682.2 681.3 676.7 669.1 662.1 654.7 647 639.2 639.2 638.4 641.8 644.8 644.7 639.2 628.3 613.6 594 574.6 555.4 535.3 522.4 529 538.7 549.7 561 569.8 571.8 569.5 563.4 552.6 537.9 523.1 504.7 493.5 504.6 524.4 543.1 567.2 596.1 625.5 655.1 684.7 716.4 740.8 749.1 754.2 758.7 759.9 756.9 751.5 741.6 727 714.2 696.3 679.7 661.2 641.5 624.3 606.2 584.5 563.7 543.9 558.7 570.4 582 589.5 595.7 600.4 600.8 597.5 593.3 592.5 591 587.3 585.9
687.5 690.6 694.4 695.7 694.9 689 682.8 675.5 667.4 663.1 658.5 655.4 655.8 658 659.6 657.3 650.4 636.8 619.9 599.9 579 558.5 537.2 533.9 540.3 548 561.3 572.4 580.8 582.5 579.2 571.1 561.4 547.6 531.4 518.4 499.3 505.1 521.8 535.7 555.2 581.8 609.4 639.6 672.5 707.2 737.9 751.2 756.1 759.7 760.1 757.8 752.4 743.9 731.3 717.5 701.1 683.8 663 640.5 623.2 603.6 583.5 564.7 558.5 578.6 591.2 600.5 608.7 613.1 614.7 613.7 611 607.9 607 604.8 601.9 599.3
701.5 703.5 707.8 710.6 706.8 702.1 698.9 690.8 680.4 675.4 672.1 672.4 671.7 672.1 670.2 667.3 659.4 644.8 625.2 605.2 584 562 540 544.2 551 558.3 573.1 585.5 592.4 594.2 590.8 579.9 567.5 554.5 538.4 523.6 505.5 503.4 514.2 527.4 546.8 570.2 596.5 625.9 657.3 688.6 721.9 749.3 754.8 757.4 758.3 757 753.2 746.5 734.8 720.2 703.8 685.9 662.7 639.3 622.2 603.1 584.9 569.6 577.3 595.7 607.6 617.6 624.2 626.3 626.1 625.7 627.1 623.2 617.7 615.8 612 606.2
711.2 716.7 721 722.2 719.2 715.2 712 704.4 694.5 690.2 686.2 686.1 685.4 683 681.9 676.2 666.7 651.9 630.3 608.5 589.2 566.4 545.6 550.1 560.3 574.2 583.6 597.6 605.3 609.2 603.3 589 574.1 560.5 543.5 527.4 512.3 504 515 521.2 537.7 558.9 583.2 611.4 643.8 676.7 707.6 737.1 749 752.9 754 754.1 751.7 747.8 737.2 722.2 705.8 688.4 664.8 642.2 623.2 607.3 594 579.3 596.8 611.5 623.2 631.7 636.7 638 639.1 641.7 641.2 635.6 628.7 623.9 618.7 612.7
713 721.2 726.3 727.2 726.7 725.8 721.1 718.8 711.4 703.5 701.7 698.9 694.4 692.7 691.8 684.6 673.7 658.7 634.2 612.2 593 572 548.6 560.8 572.8 584.5 596.8 611 621.3 624.5 614.4 598.3 578.7 565.1 548.8 532.8 521.5 507.6 511.1 525.4 532.5 551.1 570.5 597.7 629.5 660.3 691.4 720.1 739.7 744.7 748.8 750.5 749.9 746.4 739 724.9 709.4 691.2 670.3 647.3 628.3 614.3 605.2 598 611.5 625.1 635.5 643.3 648.5 653.3 656.3 658.7 655 647.4 637.9 630 623.2 616.4
711.7 721.5 727.3 729.2 729.7 731.5 731.1 729.6 724 718.2 715.5 711.7 704.9 704.7 700.7 693 681.9 662.3 639.6 616.5 598.5 576.7 559.6 571.8 584.1 594.9 608.3 624 635.4 639 624.9 605.6 584.4 568.9 552.4 537.3 523.4 511.7 515.3 522.9 532.3 544.1 561.9 584.5 612.9 644.6 677.8 706.8 728.4 736.8 742.4 745.7 746.5 743.9 739.1 727.9 713 696.3 678.5 655.8 637.7 626.2 610.6 615.9 626.6 637.7 648.1 655.8 662.3 669.6 674.6 672.4 667.8 652.6 642.3 633.7 624.8 614.7
694.1 710.5 720.5 725.1 730 733.1 734.4 732.1 729.5 728.8 728 721.3 714.5 713.3 708.1 698.5 686 666.9 643 621.7 604 581 569.6 583 593.7 606.9 619.1 635.3 646.8 646 634.2 611.7 589.7 572.6 555.5 540 525.3 516.6 512.6 519.4 528.1 540.4 556 575 600.3 631.6 664.7 691.3 715.1 725 734.5 740.4 742 740.2 736.5 730.6 718.5 705.9 686.2 659.3 648.6 633.4 626.5 630.9 640.2 652.3 661.5 669.4 676.2 683.5 685.6 681.4 667.2 652.9 642.6 633.5 622.2 611
661.9 681 702 713.2 722.4 728.8 732.7 732.8 733 733.5 731.7 728.5 723.4 719.8 713.3 705.8 690.6 668.6 649.7 628.6 606.6 585.3 577 592.2 600.5 615.6 630.3 646.7 657.1 656.5 642.5 616.6 594.4 575.4 558.1 542.1 527.1 519.3 515.7 521.4 528.8 535.5 548.3 566.5 588.6 616.9 647.5 677.6 702.6 715 725.1 732.7 737 737 735.8 731.6 725.2 713.1 695.8 675 658 643.6 642.8 646.9 655.3 666.7 676.9 683.6 687.2 689.1 689.1 678.1 663 652 642 629.5 616.7 605.5
630 655.4 681.2 695.6 706.1 716.4 725.1 729.6 731.7 732.2 731.4 730.2 728.2 724 717 708.4 692.8 670.9 654.3 636 611.4 593.8 583.1 596.5 609.5 624.2 641.4 656.5 667.1 665 647.1 622.2 599.8 578.9 560.1 541.7 532.9 523.6 518.8 522.8 528 533.8 544 560.3 580.7 605.6 634.8 665.7 692.9 708.3 716.9 724.9 729.9 735.4 735.9 731.6 726.2 719.4 710.7 692.6 670 660.3 659.9 665.4 673.5 683.5 691.2 694.8 695.2 690.5 686.2 671.2 658.2 648.6 635.4 622.5 609.6 595.1
606.1 631.3 659.4 676.6 687.9 701.6 713.6 724.1 727.2 729 730.9 731.5 730.1 726.7 720.7 710.7 693.4 673.6 658.6 641.8 618.8 599.4 590.3 603.5 616.9 633.6 647.6 664.2 672.3 669 652 627.2 603.4 581.7 562.7 544.9 533 525.9 523.7 524.4 529.9 536.1 544.6 557.4 573 595.8 625.8 657 681.8 698.4 708.5 715.9 724.8 730.3 732.4 732.6 731.2 726.5 720.5 706.2 690.3 683.9 683.1 686.6 693.6 698.8 702.3 703.7 699.8 691.3 679.9 666 653.6 640.9 627.2 613.8 602 589.9
579.9 606.4 630.1 653.8 670.6 684.8 699 712.5 721.4 725.1 727.5 728.9 728.6 726 720.3 709.4 691.8 673.4 658.7 644.1 622.5 602 602.2 609.6 623.7 640.9 655.1 670.9 677.4 675.8 656.4 629.4 606.2 584.2 565.7 549.5 536.7 530.1 526.6 526.1 531.7 537 544.5 555.2 566.5 587.1 614.2 642.7 663.9 681.8 693.7 704.3 716.1 726.3 732.9 734.4 734.9 733.5 729.6 724.6 717.5 713.4 710.1 711.1 711.7 709.9 709 707.3 702.9 689.9 675 663.5 646.4 633.7 620.1 607.3 595.3 581.4
553.9 577.7 603.3 629.4 651.1 668.8 685.3 701 711.8 718.7 723.4 724.2 724.9 723.8 716.1 703.9 687.2 671.5 659.5 641.8 624.4 615.6 613.4 615.7 631.9 648.3 662.2 677.5 684.8 684.7 665.3 635.4 610.5 586.9 568.5 553 540.6 532.6 530.8 525.1 532 535.3 542.8 553.6 573.7 592.8 611.4 630.9 651.3 667 682.3 697.9 711.1 724.9 733.6 738.7 739.7 740.3 740.4 739 737.5 735 731.3 728.8 725.4 722.7 715.8 707.8 700.9 687.9 674.2 657.7 641.3 626.6 614.1 600.9 586 568.3
526.5 551.3 578.2 605.8 632 654.7 675.2 690.8 703.5 712.6 718 720.1 721 718.7 711.4 700.2 683 671.5 659.1 643.2 631.1 629.4 627.1 630.3 638.8 657.8 670 682.4 692.7 697.4 677.9 643.6 618.5 594.2 574.2 559 545.7 537.8 533.4 527.5 532.8 534.5 538.8 553.4 572.1 595.9 617.9 644.6 671 690.4 703.1 714.8 725 731.9 736.7 741.5 745.8 748 750.3 753.5 753.5 749.1 745.5 739.4 732.3 726.3 719.4 708.5 698.8 686 672.7 655.4 635.8 622.5 606.8 591.6 571.8 553.3
501 526.6 554.7 583.6 611.1 638.8 663 680 695.9 706.1 714.5 716.7 716.7 713.3 706.6 695.4 683.4 671.7 657.9 649.8 646.8 647.1 642.7 646.6 653.3 667.1 678.7 693.9 704.6 709.6 693.2 656.7 629.7 609.1 585.9 569.2 554.1 545 537.6 530.6 533.3 535.5 542.2 552.9 573.4 595 623.8 653.6 682.1 700.9 713.7 724.1 732.3 737.7 742.8 748.1 752.7 756.9 760.9 764.5 766.6 762.7 754.5 744.6 738.3 727.1 717.5 708 697.2 683.3 669 651.5 630.3 616.2 600 579 557 535.6
479.7 504 532.5 561.8 589.6 617.9 646.8 672 686.7 697.6 710.4 713.6 713.1 710.3 704.5 696.1 686 674.1 666.6 662.8 661.2 663.3 661.5 663.4 668.9 680.7 690.9 706.7 715.6 720.6 717.8 675.7 645.6 619.9 597.5 582 566.5 554.2 542.3 534.4 534.4 537.7 546 557.9 575.9 599 630.4 662.8 691.9 707.3 719.3 730.6 738 745.4 750.1 754.3 759 763.7 768.2 772.4 773.7 769.5 760 750.1 739.2 727.2 715.8 705.6 691 679.9 663.1 644.1 626.1 609.8 590.8 566.4 544.6 526.6
463.9 485.1 511.4 539.6 569.8 601.8 634.9 662.2 678.3 692.3 705.4 711.5 712.6 710.6 705.4 699.8 693.9 687.5 678.8 676.6 677 679.6 678.9 680.5 683.5 696.5 707.9 719.1 726.9 732.4 737.2 700.7 665.7 640 619.9 601.1 580.7 569 551.6 536.7 535 539 551.2 566 583.1 605.4 636.8 672.3 698.4 713.2 725.8 736 743.4 751.1 755.6 760.5 765.4 769.3 773.7 776.2 776.4 772.2 762.8 749.8 735.9 724.2 712.4 697.8 686.5 673.3 654.5 638.2 620.2 601.3 576.6 554.3 533.3 515.2
454 471.7 494.3 523.9 555.1 588.8 622.1 648.6 666.4 685.1 703.9 711.8 712.5 712.2 709.6 704.7 701 698 695.5 693 692.6 695.7 696.2 696.8 700.8 711.3 723.1 730.3 737.3 741.7 747.5 733.4 701 666 653.3 635.9 613.8 586.6 565 545.8 537.8 540.6 553.7 569.9 589.1 613.7 644.1 677 703.6 718.9 731.3 740.7 748.6 755.6 761.3 766.7 770.7 773.7 775.4 776.3 775.7 770.7 759.8 744.1 729.2 718.3 705.5 690.9 677.6 664.7 646.5 629.6 612.2 589.1 563.6 540.5 522.9 503.4
444 460.9 482.6 511.4 540.4 574 605.8 629.5 650.5 680.1 701.9 711.4 715 715.3 713.1 710.6 709.2 708.9 708.4 710.2 711.5 714.8 715.3 716.6 721.2 727.4 734.7 741 746.8 750.9 756.5 755.2 730.8 705.6 686.4 669.1 643.9 605.7 578.5 556.5 540.1 542.8 553.6 574.3 594.5 620.1 650.4 682.2 708.7 724.3 735.4 744.6 753.7 760.7 766.6 771.2 774.6 775.2 775.8 774.5 773.1 765.4 751.8 734.9 722.5 708.8 695 680.5 667.2 654.4 634.7 616.6 598.6 575.9 552.9 530 509.1 491
438.3 453 474.9 495.2 525.3 558.7 591.6 616.8 640.4 672.8 699 710 716.8 717.3 716 716.8 718.2 719.6 722.8 725.8 726.4 730.9 733.7 736.3 738.5 742.6 747.1 751.9 755.8 758.1 761.2 757.6 750.9 740.4 720.1 694.5 657.9 619.5 587.2 563.2 543.5 545.4 559.2 579.9 600.8 628.5 657.2 688.8 711.9 726.7 737.7 747.5 757 764.8 771 776.2 777.3 776.4 774.2 771 766.9 754.8 741.2 728.7 712.9 695.7 682.3 669.2 656.8 639.9 620.4 602 583.9 563.9 541.6 519.1 495.3 480.9
