data/310000-820000.asc
ncols 200
nrows 200
xllcorner 310000
yllcorner 820000
cellsize 50
[rows 105 to 139 of 200, columns 78 to 155 of 200]
263.3 254.5 250.4 246.4 244.1 241.8 242.4 241.7 242.8 242.2 254 265 277.4 289.9 299.4 310.5 317.7 326.4 334.8 348.6 361.6 372.9 381.6 390.3 402.1 418.7 429.9 437.5 439.7 436.2 429.1 419.4 407 394.2 383.8 373 360.1 345.8 335.1 327.8 321.5 315.1 306.7 293.2 274.7 287.6 303 317.9 329.5 337.8 343 346.5 349.6 354.4 359.9 366.1 373.3 383.7 393.6 402.6 411 419.1 425.8 427.1 425.8 422.7 414.8 408.1 403.8 402.2 402.8 406.2 413.1 418.2 424.2 425.4 432.3 443.8
258.7 253.1 247.9 245.6 244.5 242.7 243.7 241.5 243.6 252.1 261.8 277.5 290.8 298.4 308.2 317.6 326.3 339.5 350.4 361.2 372.4 383 392.5 403.2 418.7 430.4 438.9 444.7 445.2 439.7 431.3 421.1 409.7 398.9 388.5 377.9 364.6 351.1 338.9 330 323 317.2 308.6 294.1 276.8 281.5 302.8 317.5 328.9 337.5 343.5 347.3 351.6 357.7 364.7 374.3 385.1 397.2 407.2 414.7 424.6 431.3 430.1 427.8 424.3 419 410.4 400.7 395.5 393.6 393.6 396.8 405.4 408.5 407 406.5 415.5 426.7
256.4 249.3 246.5 247.7 247.8 243.3 244.4 241.6 248.7 260.5 274.8 290.7 299.1 306.3 314.2 322.8 335.1 349.8 362.5 373.2 383.2 393.5 405.3 420 431 440 447.4 448.9 446.3 440.2 431.5 421.6 409.8 400.6 391.3 378.8 366.4 354.2 340.8 332.6 324.3 316.7 306.8 294 278 284 301.9 316.6 327.3 334.5 341 346.9 353.3 359.9 371.1 382.2 397.6 409.8 419.3 427.1 436.6 435.9 430.8 424.7 419.7 412 401.4 391.6 386.8 383.6 382.9 386.7 397 398.5 392.5 392.8 400.8 408.7
254.6 247.8 246.5 246.5 243.9 244.2 244.7 241.7 261.8 274.1 287.8 299.5 305.2 312.8 320.5 331.4 349 360.6 372.1 383.2 393.2 405.6 419.5 431.4 441.5 450.6 452.6 452.1 446.2 439.3 430 418.9 408.5 400 389.5 375.6 363 351.8 341.7 332.3 323 314.7 303.4 290.7 277.4 288.9 303.2 315.8 324.7 332.3 338.7 345.7 353.6 362.3 375.2 391 406.6 418 428.1 438.1 440.1 433.9 426.9 420 413.8 403.5 393.4 384.5 378.2 372.7 370.3 372.1 383.6 388.9 383.3 379.6 385.4 392.4
251.4 248.6 246.5 246.7 246.4 245.3 244.9 242 266.7 282.5 297.2 304 310.7 318.2 326.2 339.5 356.4 370.7 381.7 392 403.1 417.3 429.8 441.5 451.1 455 454.3 450.6 444.6 437 425.7 414.3 405.1 396 383.6 371.2 360.9 350.6 341.4 332.4 322.6 313 303 291.2 278.2 290 303.7 313.8 321.9 329.9 337.5 344.9 352.8 364 378.5 397.4 410.4 422.6 433.9 440.2 437.5 429.6 421 413.5 401.1 393.8 385.7 377 368.4 362.5 360.3 360 365.4 368.1 368.4 365.6 370.7 376.5
248.7 246.5 246.2 247 246.8 246.3 245 245.7 273.8 287.6 299.3 306.8 313.6 322.1 331.4 344.8 360.4 375.9 388.3 401.6 411.8 425.5 437.8 447.9 453.2 455.7 452.2 447.6 440.3 430.6 419.3 408.7 400.1 390.6 380.1 370 359.8 350.2 341.1 332.7 322.9 313.2 304.2 292.3 279.6 289.9 303.3 311 319.2 327.1 334.6 342 350.2 363 380.4 399.4 412.4 424.1 433.7 437.1 432.2 422.4 413.4 403.5 392.1 385.2 377.1 366.4 358.8 354 349.7 348.3 346.6 345 350.9 354.6 356.5 360.7
248.9 249 249.8 247 246.8 246.8 245.8 246.9 275.2 286.6 296.7 304.9 314.1 321.8 334.1 348.4 363.5 378.3 390.7 403.8 414.9 427.5 439.8 448.3 453.7 452.6 447.8 441.6 433.8 424.5 414.3 405.4 397.8 389.8 379.2 368.9 359.2 349.8 340.7 332.7 323.2 314.1 305.5 295.2 279.9 286.6 299.1 308 316.4 324.2 330.8 337.6 346.3 359.7 377.2 397.3 410.8 420.2 427.9 430.1 423.6 414.3 405 393.6 381.4 375.6 366.3 356.8 349.9 345 340.2 336.1 338.3 348.8 350.9 352 354.3 354.2
250.2 250.1 249.8 247 247.7 247 243.4 248.9 271.8 283.4 293.4 301.8 311 321.3 333.1 346.4 361.2 376.4 389.7 401.7 414 427.8 437.7 445.9 448.3 445.4 441.6 435.7 428.3 420.9 411.3 403 395.9 388.3 378.9 368.5 358.8 349.4 340.4 332.4 323.6 315.1 306.6 298 282.7 281.5 290.9 300.4 311.2 318.2 324.1 328.7 338.1 353 370.2 388.8 402.3 411 417.4 419.3 412.8 405 394.8 382.5 372.1 366.1 357.6 348.3 341.2 336.1 331.2 335.5 342.6 344.9 350.1 355.5 359.6 363.3
256.3 250.5 249 248.1 247.8 247.2 244.7 251.2 269.5 282.9 290.8 298.7 308.2 318.6 331.4 344.9 358.8 371.6 384.3 398.5 413.5 425.9 433.9 440.7 440.4 437.9 434.1 429.8 423 415.9 408.4 400.8 393.7 386 377.8 368.1 358.5 349 340.3 332.3 324.7 316.2 307.8 300.3 292.8 281.1 282.7 288 303.6 309.9 314.7 320.1 328.4 339.3 355.9 372.4 391.5 397.5 405 408.6 403.2 394.1 384.8 371.6 364.3 356.6 348 339.9 332.6 327.5 330 339.8 345.6 350.1 351.6 354.7 356.1 361.7
256.5 249.8 249.2 248.3 248 246.5 245.8 251.8 268.8 280.6 288.1 295.8 305.7 316.5 329.3 343.2 355.7 368.1 380.5 395.4 411.1 421 429.2 432.6 432.1 430.4 426.3 421.9 417.7 411.4 404.9 398.4 391.9 384.6 376.5 367.3 357.8 349.1 340.4 332.6 325.2 317.5 310.2 303.4 296.4 289.8 284 283.6 288.2 298.8 302.7 305.5 314.1 323.4 337.1 351.4 363.3 375.6 386.3 392.7 389.4 381.2 371.4 361.6 355.2 348.6 339.9 331.7 323.4 326.9 334.7 342.6 347.7 351.9 355.7 359.7 364.1 365.9
257 248.5 249.4 249.7 249.6 244.8 246.7 252.1 269.9 280.4 287.1 293.4 303.2 313.7 326.5 339.4 352.2 364.3 376.7 392.2 406.9 416 423.4 425.2 423.9 422.8 420.8 417.3 413.8 408.2 402.9 396.9 390.4 383.5 375.3 366.4 357.2 348.6 340.5 333.2 325.9 318.7 312.2 305.5 300.7 295 293.8 284.6 284.4 285.2 286.4 291 297.6 305.8 315.6 327.1 339.6 352.2 363.9 374.9 373.7 367.2 358.4 349.9 346.1 339.5 331 320.9 321.2 328.4 336.7 343.7 348.7 354.1 358.6 362.7 367.1 371.8
250.7 249.3 250.1 250 247.9 245.3 247.7 251.9 264.1 277.6 284.1 291 299.6 310.4 322.7 333.5 347.6 358.8 372.1 386.4 400 410.8 415.3 417.1 417.3 415.7 414.7 412.8 410.7 406.5 401 395.5 388.8 382.1 374.1 365.4 356.9 348.9 340.8 333.8 326.9 319.9 314.4 309.1 304.4 299.4 296.9 298.2 292.2 288.9 287.4 288 287.5 288.7 293.4 300.9 316.7 328.7 342.7 355.8 355.8 353.5 346.2 339.4 334.8 328.3 318.9 316.6 322.6 329.4 336.8 344 349.8 356 361.5 365.6 370.1 374.9
249.8 249.8 250.6 248.6 249.2 245.1 248.2 251 259.6 269.4 280.6 289.8 298.3 307 317.4 330.7 343.5 355.2 367.4 380.8 393.6 403.7 406.9 408.7 409.8 409.6 408.4 408.9 408 404.2 399.6 394.3 387.6 381.5 373.6 365.2 357 349.1 341.4 334.5 327.7 322.3 317 312.3 308.5 304.8 302.8 301.3 300 297.3 291 290.6 288.6 289.1 290.1 290.5 292.3 308.2 321.3 334.7 336.3 337.4 334.6 332 325.2 314.2 311.7 317.5 324.2 330.6 338.5 345.8 351.7 357.8 363.8 368.6 373 378.1
254.3 250.5 250.9 248.9 248.5 245.7 249.4 249.5 257.5 260.6 276.7 287.8 295.4 303.7 314.9 326.8 339.7 351.5 363.3 376.3 388.4 394.6 398.1 400.3 401.4 402.5 403.5 404.6 405.9 402.3 398.2 393.8 387.9 380.8 373 365 357.3 350 342.6 335.5 329.7 325.1 320.1 315.5 310.8 310.7 307.9 306.7 304.9 302.2 300.5 299.1 297.2 294.4 291.4 291.4 291.8 293 302.6 309.9 315.1 320.6 323.7 322.6 310.3 309.8 314 320.1 326.7 334 342.1 348.6 354 359.7 365.7 371.5 376.1 382.4
258.9 253.7 250.1 249.1 249 246.8 249.9 251 251.8 258 266.9 282.9 292.4 300.5 311.8 323.5 335.9 347.7 359 373 381.7 386.3 390.1 392.9 394.7 396.6 398.8 400.3 401.9 402.2 399 393.8 388.1 380.5 372.9 366.8 359.1 351.4 343.9 337 332.6 328 323.9 320.5 317.4 315.2 313.9 312 309.8 307.7 307 305.6 303.2 301.2 295 293.4 291.8 293 295.5 295.1 297.5 306.6 307.9 305.3 306.6 311.4 317.6 323.5 330.3 338.5 346.7 352.4 358 363.7 368.5 374.3 381.1 387.7
259.7 258.7 250.5 249.6 249.3 248.1 251 251.9 252.8 254.6 260.9 276.9 288.8 298.6 308.6 320.3 331.9 342.3 353.8 368.1 373.8 377.6 381.4 385.2 388.5 391.2 395 399.8 402.8 403.7 400.8 395.4 389 381 374.8 369.4 361.7 353.9 346.6 340.1 335.7 332.6 329.5 326.1 323.7 321.4 319.2 317.5 315.3 314.7 314.1 313.2 311.8 307.7 308.2 307.8 306.6 300.4 296.3 295.9 295.6 297.5 300 304.3 310.1 314.9 320.9 326.8 335.7 345 352.7 358 363.7 369.3 373.9 380.9 387.5 393.4
260.8 259.8 252.2 249.2 249.8 250 252.1 252.8 253.8 255.3 258.8 275.8 287.6 297 306.3 316.2 326.5 338 351.2 361 366.1 369.9 373.7 377.5 382.1 386.6 392.1 398.4 403 405.5 403 398.2 392.1 385.4 378.6 371.9 364.5 357.3 350.1 343.7 339 336.6 334.6 331.3 328.9 327.3 326.8 325.1 325.8 325.4 326.6 326.9 326.2 322 320.1 317.6 315.1 316.6 312.7 303.2 297.1 297.9 300.7 306.7 313.2 319.2 325.2 331.3 341.3 351.5 358.3 364.5 369.4 375 381.1 388 393.2 399.2
262 260.7 253.5 250.6 250 248.5 252 252.8 254.2 254.5 257.4 275.3 286.2 294.4 303.4 311.9 321.8 331.7 344.1 352.4 358.8 362.6 366.6 371.3 376.1 382.8 391.1 397.2 402.9 407.7 407.6 404.1 398.4 390.8 383.7 375.9 368 360.8 353.6 347.5 342.6 340.6 338.6 336.6 335.5 335.1 334.5 333.6 336.7 338.7 339.8 339.9 339.8 337.4 334.7 331.9 330.9 326.7 322.3 310.3 297.8 297.9 302.1 309.7 316.8 323.5 331.9 339.8 350.8 358.4 364.4 370.5 375.9 380.7 387.3 393.3 398.6 404.9
270.3 267.3 260.7 251.6 251.1 249.1 252.6 253 254.2 255 256.6 275.8 286.8 294.3 301.6 308.6 320.5 330.2 339.1 345.2 351.5 355.8 360.4 365.1 370.1 378.7 387.7 396.5 401.2 410.9 415.8 412.7 408.6 402.1 391 380.9 372.3 364.3 357.4 351.3 346.4 344.2 342.6 342.6 343.5 342.9 343.4 346.3 349 351.5 351.9 351.8 352 352.2 349.4 347.1 342.2 332 325 315.3 299.6 298.6 304.3 312.5 320.2 330.4 340.8 350.4 358.3 364.7 370.8 376.4 382 386.9 392.6 398.6 404.4 410.9
284.8 282.3 269.9 260.6 252.5 249.3 251.4 253.2 253.6 254.7 256.2 270.6 283.5 294.2 302.1 316 325 330 336.6 343.4 346.2 350.2 354.3 359 365.9 374.6 383.4 391.8 400.3 410.2 420.1 423.6 415.9 404.5 393.9 383.6 375.2 367.1 360.3 353.8 351 349 349.1 349.2 350.4 350.9 353.2 357.6 361 363.7 364.2 364.6 365.5 365.5 361.6 356.1 344.6 335 326.3 317.6 300.7 299.2 305.5 313.9 322.8 334.9 346.1 355.9 362.8 369.8 376.3 381.8 387.5 393 398 403.9 410.2 417
298.5 290.7 281.9 270.8 258.4 249.1 251.2 251.9 253.4 254.4 255.4 262.5 277.2 290.1 301.3 315.7 328.6 334.5 337.7 338.4 341.8 345.9 349.4 353.7 360.6 369.3 378.4 386.8 397 403.8 414.2 417.9 412.3 404.6 394.7 384.7 376.4 369 362.7 358.6 356.3 354.4 355 355.9 357 359.4 363.5 368.2 373.3 376.5 377.2 377.7 378.9 378.2 368.8 358.3 347.9 338.4 327 317.9 300.2 300.5 306.9 315.1 325 337.5 349.7 359.2 367 374.1 381.2 387.2 392.9 398.6 403.9 409.7 416 422.5
314.1 306.4 295.3 284.8 272.6 256.4 249 252.1 253 254.2 255.3 260 269.4 287.3 300 318 329.2 332.8 334.5 336.1 338.7 340.3 343.4 348.7 354.5 363.6 372.7 381.7 390.1 395.5 405.3 408.3 404.8 398.7 390.6 383 376.8 370.8 365.1 361.7 359.7 359.9 360.6 362 363.5 367 372 378.4 385.3 389.3 390.4 390.7 389.3 382.7 372.8 362.8 352 341 328.3 317.5 304.7 301.1 306.6 315.3 325.3 338.1 350 360.2 369.3 377.2 385 391 397.4 403.8 409.8 415.5 421.4 431.4
331.8 323.1 310.2 298.9 285.4 272.8 259.2 249.9 250.5 252 254.5 254.8 261.3 279.9 299.1 314.2 324.1 329.2 333 334.7 333.5 335 339.2 343.9 349.8 357.3 366.4 374.9 382.1 388.4 395.7 397.4 395.4 391.6 385.7 378.8 375.8 370.4 367.5 366.1 365.9 365.9 366.3 367.6 368.9 373.3 378.3 385.3 393 397.7 400.8 400.5 395.4 387.1 377.2 367.4 355.8 342.8 330.7 319.1 311.2 301.5 307.4 315.4 326 339.2 350.5 360.7 370.3 379.3 387.8 394.3 400.6 407.7 415.3 421.4 430.5 441.9
352 340.1 326.8 313.2 297.9 284.6 276.7 257.3 251.2 251.9 251 250.6 254.5 269.1 290.4 309.3 320.7 324.4 328.1 327.9 327.4 331.5 335.9 339.7 345.6 352.9 359.2 366.3 372.9 378.5 384.2 386.5 385.7 383.3 379.8 376.6 373.8 371.8 370.7 369.9 370.4 370.5 371.7 373 374.4 379.3 384.3 391.1 398.9 404.3 406.2 406.2 399.9 391.1 381 369 357.2 344.2 331.4 319.4 313.2 301.6 306.8 314.7 326.3 339.3 350.7 361.1 370.6 379.8 388.6 397.5 404.2 411.6 420.5 428.2 438.3 447.9
380.1 360.7 342.4 327.1 311.6 292.5 284.7 275.4 259.9 253 253.1 252.3 251.6 255.9 274.7 294.9 312.2 319.2 321.7 320.5 320.8 326.4 331.4 336.1 341.2 347 353.2 358.9 363.9 369.2 373.9 375.4 375 375 375 373.7 373.2 372.9 373.2 374.3 374.8 375.5 376.9 379.2 380.7 384.8 390.7 398.1 404.5 410.5 412 410.7 402.8 394.3 383.9 370.6 358.6 345.6 332.6 319.6 310.9 302.6 305.8 313.9 326 338.3 349.4 360.6 370.9 380.1 389.2 398.4 407.8 415.5 424.6 432.9 441.5 448.6
400.1 379.9 360.1 344.1 327.4 310.1 294.7 283.5 274.8 266.7 256.7 253.7 254.7 252.6 252.9 271.8 292.3 310.4 311.9 311.6 315.7 322 326.8 331.3 336.2 341.5 347.6 353 357 360.9 364.6 367.9 368.1 369.7 369.7 370.5 372.2 374 375.3 377.5 379.3 381.6 384.3 387.1 388.5 391.5 398.8 406.1 409.7 415.4 417.3 414.3 406 397.7 386.1 373.1 359.8 346.7 333.6 320.7 308 303.2 304.3 313 325.3 336.8 347.9 359 370.2 380.6 389.7 399 408.8 417 424.6 432.7 440.4 448.3
411.6 397.2 376.9 358 340.4 323.8 306.8 294.1 286.1 277.8 273.9 264.6 255.3 255 253.8 252.2 275.4 295.1 300.8 302.2 310.4 317.2 321.5 326 331.2 336.4 342.1 347 350.8 354.4 357.8 360.4 362.5 364.6 365.4 368.8 371.4 374.5 377.8 381.8 385.8 389.3 392 394.9 397.2 400.3 407 413.8 418.1 420.9 422 417.3 410 401.6 389.2 374.6 360.2 347.2 334.5 321.7 312.4 303.3 304 312.1 323.3 335.2 346.4 357.5 368.8 379 389.5 399.2 407.1 415.1 422.4 429.5 436 441.9
421.2 408.2 392.3 373.2 356 337.1 321.3 309.7 298.9 291.4 282.8 276.9 264.4 257 256.6 256.8 252.8 279.8 289.6 299.3 305.2 310.7 315.1 321 326.2 331.4 336.7 340.6 344.2 347.8 351.4 354.5 357.4 360 364.3 367.9 371 375.1 378.8 384.4 390.5 395.5 400.1 403.3 409.5 414 418.8 425.1 428.1 427.7 427 422.8 414.4 405.5 392.7 377.3 363 350.9 337.1 323.9 312.2 304.6 305.3 311.3 320.9 333.7 344.9 356.2 367.4 377.2 387 396.2 404.5 411.6 418.1 424.5 430.2 435
431.8 418.7 404.7 388.1 370.7 350.1 334.2 321.1 309.1 300 291.2 282 266.8 257.6 257.6 257.5 253.3 264.6 279.8 291.9 300.5 307.6 312 316.8 322.4 327.8 331.4 334.8 338.3 342 346.3 350 353.7 357.7 362.1 366.9 371.6 375.6 381.9 388.4 396.9 404.6 410.2 413 421.6 429.8 431.7 435.8 438.2 437.6 433.9 429.2 419 409.5 396.7 382.4 368.2 354.2 339.7 325.9 315.2 305.7 306.2 310.3 318.7 331.8 343.7 354.9 365.9 375.1 384.1 392.8 398.6 404.5 410.9 417.4 422.9 427.8
442.3 429.4 415.5 400.2 380.7 362.1 346.1 331.1 318.8 309.2 304.3 294.7 272.4 258.4 258.3 256.6 254.7 258.4 276 289.3 299.2 304.5 308 312.1 319.1 323.8 326.5 330 333.8 338.6 343.7 347.8 351.2 356.1 361.8 367.2 372.3 378.2 385.7 394.5 404.2 414.7 420.9 426.7 433.2 441.8 443.4 445.1 446.3 445.2 440.7 435.3 425.6 414.5 402 388 371.3 354.2 339.4 325.6 316.9 306.4 306.8 309.9 317.2 330 341.9 353 363.3 371.9 379.5 386.7 391.7 397.3 403.4 409.9 415.4 420.4
452.1 438.9 424.5 406.6 386.1 371.6 356.4 339.5 326.7 318.3 311.3 301.1 277.5 259.2 258.6 254.6 257.5 259.8 274.2 288.1 297.5 301 304.6 307.1 314.2 318.7 322 325.9 330.9 336 340.9 345 349.7 355.4 361.1 366.8 372.3 379.6 389.2 399.8 412.1 424.3 431.5 437.8 443.6 449.2 452.1 453.2 454.6 452.8 446.6 440.3 431.6 420.3 408.4 393.4 374.9 354.5 340.5 327.6 317 306.8 307.3 309.7 317 329 339.8 350.7 359.7 366.5 373.8 380.4 385.4 390.3 396 402.4 407.9 412.8
457.7 441.9 426.1 408.2 390.2 375.2 361.2 343.9 332.7 322.9 312.4 296.2 273 259 259.1 254.3 259 264.9 273.4 285.9 294.9 298.1 301.4 302.9 309.1 314.9 319.2 323.4 328.3 333.4 338.1 343.1 349 354.7 360.4 366.1 371.9 380.8 391.4 404.8 417.6 432.5 441.2 447.8 453.4 457.2 458.3 460.5 462.5 460.1 452.5 444.6 436.1 426.8 415.1 400.1 379.8 359.9 343.1 329.5 318.6 308.6 307.7 310 317.3 325.5 336.6 347 354.8 361.2 368.1 374.1 379 384 389 394.9 400.4 404.9
457.1 441.7 424 405.3 388.1 374.3 363.2 348.4 336.2 324.5 309.9 289.5 267.1 259.3 258.1 258.5 264.8 271.7 272 281.1 289.4 295.4 298.3 302.9 305.8 310.3 315.4 321.4 326.2 331 336.5 342.4 348.3 354 359.9 366 372.2 382.8 395.3 408.8 422.4 437.4 448.6 455.9 460.8 463.2 461.9 459.1 457.9 455 450.3 444.7 436.3 427.1 415.3 400.3 382.8 365.2 348 331.9 320.4 308.8 309.1 311.5 316.8 323.4 333.5 342.7 349.3 355.9 362.4 367.7 372.7 377.7 382.7 387.7 392.7 397
455.2 434.9 416.8 400.4 385.4 373.1 360.9 348.2 334.8 321.2 304.4 282.2 260.3 260.2 254.7 263.3 272 274.7 277.4 276.8 285.5 291.4 295.1 299.4 301.7 306.5 312.5 319.7 324.9 330.4 336 341.8 348.5 354.8 360.4 366.1 375 385.7 399.2 413.1 427.5 442.2 454 462.4 464 461 456.3 451.2 449.8 446.2 442.5 438.7 430.6 418.2 407.5 395.1 380.8 365.2 351.7 334.2 322.8 313.2 309.5 313.9 322.7 323.9 330.5 338.4 344.8 350.7 356.4 361.6 366.8 372.1 377.4 382.6 386.6 390.1
445.7 426.3 408.4 392.1 380.4 370 357.5 343.7 329.5 315.3 296.5 275.3 261.9 260.9 256 271.1 274.1 277.5 280 279.7 284.9 287.3 291.1 294.9 301.8 308.6 313.4 319.1 324.7 330.2 335.9 341.7 347.9 354.1 360.5 366.4 377.7 389.7 402.7 415.8 430.8 444.8 455.7 463.5 461.4 455.1 449.4 443.8 439.5 434.2 431.3 426.6 417.4 407.2 398.5 389.4 376.3 364.9 353.4 339.1 323.5 312.8 310.5 311 324.3 328.4 330.1 333.8 340.1 346 351.4 356.3 362 367.2 372.5 377.3 381 384.5
