data/310000-650000.asc
ncols 200
nrows 200
xllcorner 310000
yllcorner 650000
cellsize 50
[rows 70 to 104 of 200, columns 78 to 155 of 200]
459.5 468.9 478.7 485.1 486.1 482.7 472.8 458.1 441.4 430.2 424.5 424.5 428.4 432.3 432.2 429.7 420 413.8 408.9 403.8 398.8 398.4 394.5 388.8 383.5 377 369.7 365.6 362.7 356.2 348.6 343.9 334.5 326 312.6 296.9 316.4 339.3 358.5 369.5 372.7 369.3 360 350.6 343.7 340.9 339.8 331.3 322.1 315.9 291.1 273.7 272.4 274.4 275.4 274.4 268.7 264.8 265.2 274.9 284 283.6 282.1 280.4 279.5 277.2 275.8 275.2 253.9 250.3 242.5 240.6 240.3 242.6 250.3 255.9 257.8 261.9
459.5 468 476.1 481.5 482.1 482.1 472.3 449 437.7 444.4 439.5 438.5 440.8 445.5 447.5 443.8 433.2 425.6 417.4 411.6 414.6 412.7 406 400.4 392.8 387.2 381.8 379 375.2 369.9 362.2 352.6 341.4 333 322.5 306.1 293.8 324 341.9 350 361.8 360.4 350.9 341.7 339.1 336.6 327.6 317.5 312.7 297.5 276.2 281.8 298 295 290.1 288.8 283.6 274.1 268.2 262.9 281.2 281.3 280.7 280.1 274.8 268.4 265.1 257.8 246.1 251.5 256.7 258.9 261.7 268 268 267.3 269.6 265.7
460.3 467.5 473.2 478.6 481.1 485.6 486.9 467.2 459.3 459.4 454.4 451.6 453.4 455.2 459.6 457.5 457.3 451.6 439.7 433.1 437.5 433.6 427.1 418.2 409.2 403.5 399.6 396.7 389.6 379.6 368.6 355.9 342.9 332.9 325.4 313.9 295.5 303.6 319.8 332 344.9 346 336.2 334.6 333 324.7 314.5 307.9 301.9 287.2 273.8 297.1 296.2 289.9 289.2 289.5 287.3 284.1 281.5 268.8 260.7 273.1 275.9 271.5 269 252 251.6 253.6 262.5 269.7 270.3 270.1 270.2 269.2 269.1 264.7 256.1 250.3
459.8 465.3 470.4 475.9 479.8 485.3 490.8 487.9 481.9 477.4 471.5 468.3 467.3 467.4 469.9 472.5 471.8 467.4 461.8 458.3 457.4 453.3 444.9 437.1 428.7 417 410.2 404.1 396 384.2 370.2 356.8 344.9 334.8 327.7 317 305.1 290.9 300.2 308.4 324.6 325.6 323.4 322.9 318.5 311.6 304.8 298.5 288.6 275.2 282.9 292 289.6 288.7 288.7 286.6 285.5 281.4 281.2 279.6 265.2 260.2 266.7 261.4 257.7 263.9 269.1 270.9 271.1 270.5 270.3 268.6 267.4 263 250.8 245.1 253.2 249.6
454.9 459.5 465.2 470.3 476.6 484.4 493.3 499.6 498.7 497.1 490.9 487 481.9 480.9 482.3 482.1 480.1 475 472.4 470 469 464.6 454.9 448.7 441.1 430.1 417.2 405.1 395.9 384.5 370.6 358.6 347.2 336.7 330.1 322.5 315.8 301.1 298.4 289.1 304.8 307.9 308.9 307.2 305.6 301.2 297.2 285.1 274.7 273.6 286.9 289.3 288 287.7 287 285 285.2 284.8 284.4 281.3 268.3 263.4 260.8 264.5 270.2 273.4 272.8 272.3 271.7 269.9 270.4 269.6 255.6 250 259.2 265.5 263.7 248.8
448.1 452.1 458.4 463.2 470.3 481.3 493.9 502.6 505.9 502 497.7 493.9 489.9 488.1 483.7 479 474.8 470.9 468.4 468.3 469.1 465.7 458.4 453.2 444.1 432.4 418.1 401.8 391.9 380.7 368.2 357.3 346.1 336.9 331.2 325.6 315.3 317.3 311.3 303.8 289.7 289.5 291.1 289.3 297.2 295.7 284.6 276.6 274.9 277.4 290.3 291.1 291.5 289.9 286.1 286.4 287.1 285.7 283.1 280.1 276 274.9 275.2 275.5 273.9 274.7 273.2 272 270.5 270.1 269.6 264.1 258 267.3 268 269 267.2 247.2
438.7 441.6 448.9 455.1 464.3 476.7 493.2 500.7 502.4 498.8 494.1 488.9 485.7 481.3 473 464.4 456.1 452.9 451.4 454.4 461.5 461.8 457.6 452.7 443.6 432.6 416 398.2 383.6 371.8 363.9 354.4 344.7 336.6 331.3 325.9 324.4 320.9 316.9 311.9 304.3 299.3 294.3 290.9 284.8 278.8 277.8 276.5 284.8 290.5 291.2 291.7 290.6 288.1 287.3 288.2 287.1 285.3 283.5 282.5 280.9 280.2 278.4 276.1 274.2 274.2 273.6 272.5 269.6 267.9 258.3 262.3 271.6 270.8 269.8 270.5 266.7 248.2
428.6 431.2 437.7 447.5 458.8 473.4 491.1 497.8 499.5 495 488.2 480 475 468.7 459.4 449.5 443 440.1 438 436.5 442.1 453.9 451.8 446 437.8 426.6 411.1 395.7 381 369.8 360.8 353.6 343.2 337.9 332.6 329.5 326.1 322.1 317.7 313.3 310.7 307.7 303 297 284.5 283.5 279.1 286.6 290.9 291.4 290.9 290.5 290.4 288.6 287.5 287.5 286.1 283.5 283.4 281.9 280.1 278.1 276.1 274.8 274.7 273.4 271.7 269.1 265.6 257.5 263.2 271.9 271.8 270.5 270.1 269.5 260.5 246.3
421.6 425 432.6 442.6 453.5 470.4 489.3 496.8 498.5 492.5 484 473.5 463.1 455.9 447.5 438.7 431.9 427.9 425.5 423.6 426.7 436.2 441.5 436.2 429.6 419.4 407.2 392.5 380.6 372.7 362.8 353.5 345.8 339.2 333.9 329.2 325.1 322.2 318.9 314.8 312 309.2 297.9 284.2 285.2 290.2 292.5 293 294.4 293.2 291.6 290.5 290.1 288.9 287.3 284.8 282.8 281.1 280.3 276.6 276.5 275.7 275.3 272.7 268.1 262.4 261.3 259.1 257.9 255.9 266.7 271.7 271.2 270.3 269.8 262.4 253.4 242.7
416.8 421.8 428.9 437.5 449.5 466.8 488.8 499 498.3 491.6 483.6 474.9 460.7 446.2 434.1 425.3 418.1 414.1 413 410.5 412.7 420.8 428.4 424.4 418.8 411.2 400.8 388.5 381.9 371.9 361.3 352.1 344.5 338.5 332.8 327.9 323.7 320.9 318.2 315.2 311.6 307.7 292.2 283.7 293.3 296.3 298.4 299.2 297.4 295.8 293.3 290.9 288.9 287.2 283.7 280.8 279 278.5 277.1 274.4 272.8 270.6 267.2 263.5 265.9 267.9 265.9 268.2 272.9 265.1 269.9 269.2 266.2 256.7 252.6 245.4 245.7 242
413.2 418.2 424.5 433.2 444.8 463.2 491.7 502.6 501.1 493.7 485.7 477.7 467.4 451.9 437.6 426.4 416.7 406.6 399.1 399.7 397.4 405.3 413 411.1 407.5 402.7 393 386.2 379.7 369.5 359.7 350.1 341.8 336.8 331.1 326 322.3 319.4 316.5 312.7 309.8 305.7 299.7 283.6 284.6 299.5 300.1 299 295.1 293.5 291.3 288.3 284.7 283.1 280.3 274.8 271.3 270.2 268.5 266.6 266 266.2 268.6 272.5 273.1 272.1 272.1 273.7 274.1 274.4 270.4 270.3 262 269.5 262.4 269.7 261.6 242.2
413 419.6 428.4 436.8 447.1 464.4 494.6 505.5 503.5 495.2 488.7 481.3 472.1 459.8 448.5 437.4 426.9 415.4 403.3 393.9 388.4 388.8 396.2 396.6 396.5 391.9 384.9 381.5 373.5 364.6 353.4 345.2 338.4 333.7 327.8 322.9 320.4 317.2 313.4 310.9 307.8 304 299.7 287.5 282.3 296.4 296.2 294 290.6 288.1 285.3 282.4 279.6 278.8 275.7 270.7 274.5 276.7 275.8 276.1 276.1 273.9 275 273.8 272.8 271.9 275.1 276.2 276 276.5 272.8 255.5 271.9 272.1 271.9 271.5 270.8 242.2
420.7 424.8 433.4 439.8 451.7 470.9 499.7 508.3 506.2 499.4 491.5 485.1 478.6 471.8 462.4 454.5 442.5 426.1 408.6 395.6 387.5 378.2 380.4 381 383.3 380.5 378.1 374.3 366.3 356.8 345.2 338.9 334.5 329.1 324.3 321.7 318.9 315 311.8 309.3 307.1 303.1 300.2 293.6 281.8 288.4 294.1 286.5 281.4 279.2 276.6 277.1 274.6 273.3 272 276.3 281.8 278.8 276.9 278.1 275.9 275.6 275.2 275.3 278.2 278.7 279.1 278 275.5 273.3 259.9 272.2 272.7 272.6 272.6 272.9 271.2 251.1
427.3 431.1 436.4 447.2 460 479.4 503.2 513 511.6 503.7 495.8 490.6 484.2 476.4 468.7 460 448.9 434.5 418 400.2 386.8 378.4 369.2 368.5 369.1 368.9 368.8 365 356.6 345.9 340.1 335.5 329.9 326 323 319.9 317.1 314.3 311.2 308.1 305.6 303.1 300.7 295.4 281.1 280.7 280.4 276.5 277.6 275.9 275.3 274.6 273.7 276.5 281.4 284.1 280.6 278.1 278.2 278.2 275.9 275.1 274.7 275.9 282.1 280.4 278.8 275.7 273.5 261.4 273.5 273.6 273.8 273.7 273.9 274.1 273.8 267.6
433.3 439.1 443.1 453.6 473.8 493.1 509.5 517.2 515.2 509.4 502.6 494.9 486.7 478.6 469.9 459.6 448 434 420.8 403.6 386.7 375.1 368.9 360.3 358.7 359.4 358.1 352.8 344.2 339.4 336 330.5 324.5 318 317.1 317.8 315.3 312.2 308.7 304.5 299.3 297.8 292.1 285.8 279.8 278.8 278.3 286.7 290.1 279.2 283.3 282.3 281.5 283.7 284.1 281.9 279.7 277.2 277.1 276.6 276.5 275.6 274.7 273.7 277.2 280.1 277.6 273.1 270.7 262 272.5 273.3 274.6 274.6 274.5 273 263.5 258.2
443.7 447.1 451.7 466.6 485.8 503.2 516.8 520.7 516.7 510.6 503.9 495.3 486.9 478 467.9 455.2 443 430 415.6 398.4 381 372.5 365.5 359.6 351.8 350.7 346.9 341.1 337.8 334.6 329.8 322 323.5 322.1 319.3 315.8 300.2 306.7 296.1 288.6 285.1 283.4 283.2 280.4 279.5 278.5 282.5 285.6 281.1 282.2 283.3 284.3 285.7 282.7 282.3 279.7 278.5 277.4 276.2 275.9 275.7 275.3 274.1 272.8 274.1 276.5 274.1 270.4 267.2 269.5 271 273.2 275.2 274.8 274.2 267.9 247 244.3
456.2 457.7 465.6 479.8 496.8 514.4 523.8 521.8 516.4 510 503.3 494.5 483.2 473.8 460.1 447.9 435.7 421.6 405.4 388.3 377.1 371 362.2 357.1 350 344.4 341.8 339.9 337.1 333.2 331.1 328.1 324.3 321.9 317.9 312.4 301.5 289 286.6 284.7 287.2 281.2 281 281.3 279.6 282.9 290.6 284.6 286.2 286.5 286.1 286.2 283.2 282.8 282.3 279.1 277.4 276.9 278.4 278.4 275.3 274.7 274.3 272.7 272.5 270.5 269.6 269.4 270.3 270.9 272.7 274.3 275.8 275.7 276.1 268 246.6 243.7
468 471.8 482.3 495.9 513.9 524.9 526 521.2 514.4 507.7 500.8 491.2 479.7 465.9 450.7 439 425.8 409.2 394.1 382 375.6 367.5 359.4 356.5 352 350 346.6 343 339.4 335.9 332 327.7 323.7 319.3 313.5 300.6 288.9 287.6 285.5 283.6 282.4 288.7 293.8 282 283.5 292.6 290 286.1 287.8 288.4 284.5 285.3 283.8 282 281.7 279.3 277 276.1 278.2 278.4 275.3 274.3 274 275.9 273.9 273.3 272.9 272.4 272.9 272.8 274.3 275.6 275.5 275.5 275.7 267.8 246 244
485.1 489.8 501.7 517 529.7 530.9 525.8 518.7 510.4 503.4 494.2 484.2 472 457.7 443.3 428.2 412.5 398.1 388.8 380.4 371.7 369.7 365.3 360.9 355.9 352.7 348.4 344.9 341 335 330.6 325.8 320.6 310.2 300.7 290.3 287.2 288.6 284.6 294.7 293.5 300.1 284.9 284.4 294.2 291.6 287.1 287.1 289.3 287.4 286.1 283.9 282.9 282.9 281.6 278.3 277.3 275.9 276.6 276 274.7 274.9 277.2 278.1 275.1 274.7 275.4 275.5 275.5 275.3 275.3 275.4 274.9 276.5 274.9 267.8 249.3 244.6
489.3 494.7 507.1 526.2 534.8 531.6 524.7 515 505.7 496.7 487 474.4 461.6 446.5 432.2 418.4 405 395.6 387 382.3 377.6 372.8 368.1 363.7 359.5 355.1 350.5 345.3 339.6 333.6 327.7 320.4 298.1 290.1 288.7 288.4 303.1 285.4 297.3 299.1 300.6 297.6 284.9 291.4 293.3 290 290.1 289.5 289.5 287.4 284.7 282.5 281.2 282.2 280.1 277.6 277.8 275.7 275.3 275.2 275.6 276.6 280 280.9 278 276.4 277 277.7 277.1 276.5 277 277.4 278.3 277.7 276.6 272.6 257 246.7
477.1 486.1 501.8 522.2 533.1 532.1 523.8 512.5 501.2 490 478.9 465.8 450.3 437 424.1 411.6 401.8 396.8 391.4 386.6 379.9 375.4 370.6 365.7 360.5 355.7 349.1 343.8 337.2 329.5 319.1 303.2 290.6 288.9 291.1 301.1 287.4 291.5 305.6 301.7 295.1 287.6 286.5 295 293.5 291.7 290.8 290.5 288.2 285.6 283.7 281.8 279.5 279.1 279 278.5 276.6 275.9 276.1 275.7 279.3 280.6 281.9 282.7 282.3 279 279.1 278.6 278 278.1 278.3 278.5 279.1 278.7 277.9 275 274.2 261.5
457.7 474.8 496 517.7 531.7 531.9 523.9 511.5 498.3 486.6 473.8 458.2 443.4 431.9 423.2 414.3 408.2 401.5 395.3 388 380.5 374.7 369.2 365 359.3 353.2 347.6 340.4 329.6 319.6 311.6 291.1 288.9 295.1 303.9 289.2 287 304.4 297.3 290.1 287.9 291.5 294 292.8 292.2 291.6 291.6 289.2 286.7 285.5 281.9 280.3 280.7 280.2 277.8 277.6 276.9 276.9 277.1 277.1 281 283.6 284.6 285.3 283.9 281.1 280 279.4 278.9 279.5 280.3 280 279.6 279.1 278.5 278.3 278.4 280.8
449 469.7 492.3 515.2 530.5 531.4 523.2 511.4 497.6 483.4 469.5 453.9 441.9 432.8 424.6 417.8 411.4 403.1 394.7 384.4 377.7 372.7 365.8 360.2 354.6 348.8 340.5 330.5 320 313.8 305.9 288.5 292.8 292.3 288.7 286.4 304.8 294.1 290.6 289 292.9 292.7 293 291.7 289.3 287.9 287 287.7 285.4 284.8 281.1 282.1 284.8 283.3 277.3 277 278.2 278.8 278.3 278.4 283.7 285.1 285.2 285 284.5 282.8 281 280.2 279.7 280.8 280.7 280.5 279.9 279.3 278.8 278.7 278.7 278.7
446.7 468.2 489.7 513.3 527.6 529 520.8 508.6 495 481.5 465.4 452.2 440.8 430.9 423.9 417.5 409.5 400.7 387.5 376.8 372.3 365.2 359.9 355 349.4 338.9 329.2 320.7 315.5 311.1 301.6 289.6 290 293.3 287 300.5 293.6 293.8 297 298.6 290.6 292.1 289.3 287.8 286.2 285.1 284.8 285.1 284.7 283.9 281.8 280.6 281.4 278.3 278.2 278.3 279.5 282.4 281.8 281.1 284.2 286.2 286.4 285.3 283.5 282.1 281.1 280.3 281.2 280.9 280.9 280.3 280.1 279.6 279.1 279.1 278.3 276.4
451.2 471.4 491.9 514.2 523.3 523.1 516.4 503 487 474.9 459.4 446.7 436.1 427 420.1 411.6 403.3 391.1 376 369.7 364.3 358.3 353.2 348.4 339.1 329.6 321.7 316.6 312.8 307 294.6 289.4 287.1 286.6 289.4 291.7 300.8 304.7 301.6 295.3 292.1 293.1 292.7 290.6 289.4 286.5 286.6 285.7 283.3 282.3 282.3 280.7 279.1 278.7 278.9 280.4 281.5 284.6 284.5 284 284.8 286.7 286.2 284.1 282.2 281.6 281.2 281.6 281.3 281.1 280.5 279.7 279.7 279.5 279.2 278.4 277.7 275.6
452.6 473.4 496.2 512.6 519.8 516.5 510.2 493.1 478.9 466.6 452.3 439.9 427.5 419.4 412.9 402.2 390.1 375.6 367.8 363.4 354.4 349.9 344.8 338.6 330.1 323.6 318.1 313.9 302.6 290.3 287.5 287.5 295.1 299.7 306.7 305.8 301.3 295.3 292.7 295.4 294.4 293.8 291.4 289 288 287.2 286.5 285.3 283 282.6 282 281.1 279.8 279.6 281.2 281.4 283.7 286.6 287.1 286.2 285.4 286.1 284.5 283.1 282.6 282.4 282 281.8 281.4 280.9 280 279.2 279.2 279.1 278.4 276.2 275.8 273
459.2 476 498.2 511 512.7 509.6 498.8 485.8 467.7 457.4 442.5 429.1 420.2 410.7 399.9 389.1 376.7 368.4 362.4 354.9 349.6 344.8 339 331.1 324.8 318.8 315.4 307.4 290.8 288.9 291.4 305.2 307.9 310.5 307.5 301.4 295.7 300.7 298.6 296.4 292.9 292 289.8 288.7 287.5 286.9 285.9 284.7 283.6 281.8 281.1 280.5 280 281 282.4 281.7 284.8 286.7 287 286.8 285.8 284.1 282.5 283.3 282.7 282.5 282.3 281.6 281.2 280.6 279.6 278.7 278.7 278.7 277.7 274.3 267.9 260.6
461.9 476.9 497.2 506.3 505.8 500 488.9 474.8 459.6 445.9 434.4 423.4 412 402.5 390.5 380.2 371.3 363.9 358.4 351.7 346.7 340.5 332.9 326.9 320.8 317.2 315.4 298.6 288.4 296.4 311 314.3 308.3 312.8 304.5 297.3 302.9 301.7 297.4 294.4 294.4 292.2 290.4 289 287.5 286.3 285.4 284.4 283.4 282.2 281.7 280.6 281.4 282.1 283.5 282.7 285 286.2 287 286.6 285.4 282.8 282.2 282.9 282.8 282.6 282.3 281.3 280.9 280.4 279.5 278.3 277.8 275.4 272.7 263.3 252.5 250.6
460.1 475.2 492.7 498.2 495 490.4 477.8 464.5 451.6 441.8 426.1 416 403.1 394.6 383.9 374.4 367.8 362.3 355.1 350 342.8 335.9 328.8 321.4 318 313.5 301.2 289.4 295.1 307 311.5 309.5 317.2 312.2 299.9 304.1 301.9 298 298.4 297 294.1 290.5 289 288.1 287.6 286.2 285.3 284.3 283.3 282.9 282.4 281.5 282.4 283.5 284.3 284.4 284.8 285.9 286.7 286.2 284.8 283 282 282.4 282.8 282.2 282.2 280 279.8 278.6 278.1 275.7 273.7 266 255.6 250.3 251.7 258.4
455 469.9 485.1 490 485.9 479.7 467.2 456.9 448 436.8 420.4 407.1 396.9 387.7 377.6 371.4 365.5 358.4 351.3 345.6 337.6 330.3 321.6 315.2 308.6 298.8 291 289.9 304.8 308 319.5 321.4 316.6 304.9 304.4 304 301.7 300.7 298.4 295 291.2 289.3 288.4 287.5 287.1 286.2 285.2 284.2 283 283.6 283.2 282.5 283.1 284.5 284.6 285 285.5 286.1 286.4 285.9 284.8 283.3 282.2 281.2 280.9 282.1 281.1 280.6 279.2 276.6 274 271.4 259.7 252.1 257.4 264 266.5 268.2
448.2 461.6 476.6 480.5 475 469 459.8 450.1 440.9 423.1 411.4 399 390.5 381.6 374.8 367.4 361.4 355.7 349 340 330.6 319.4 316.9 302.4 294.3 291 290.8 301.6 314.6 321.1 324.6 319.8 311.7 302.7 307.4 304.8 302.3 299.1 295.5 292.6 290.8 289.3 288.1 287 286.6 286.1 285.2 284.2 283.4 284.1 283.7 282.9 283.2 284 284.8 285.6 286.1 286.7 286.1 285.2 284.3 283.4 282.8 281.3 280.5 280.4 280.5 278.9 277.5 275.3 271.1 257.4 252.3 260 268.4 269.9 271 271.1
440.5 453.4 468.4 471.3 465.5 460.1 454.3 441.1 428.3 413.5 401.5 391.7 385.6 379.3 372.2 366.8 361.2 351.5 341.5 326.6 309.1 302.3 297.5 293.6 292.3 300.6 305 311.7 324.3 326.7 322.9 315.8 307.3 309 307 304.8 301.6 297.6 294.2 292.6 291.1 289.4 287.6 286.6 285.9 285.4 284.9 284 284.2 284.7 284.1 283.6 283.4 283.7 284.5 285.3 286.1 286.3 285.4 284.4 283.8 283.1 282.9 281.9 280.2 279.4 277.8 276.1 273.6 268.7 256.9 253.9 268.1 271.1 271.6 271.2 271.2 270.8
435.2 450 461.5 463.3 455.4 452 444.3 430.5 415.6 403.3 392.6 383.8 377.4 372.1 370 362.5 352.4 346 332.9 308.6 299 300.7 304.3 298.3 296.1 314.4 321.1 327.3 327.6 325 318.6 307.9 308.1 308.7 306.8 303.7 300.1 296 293.7 292.2 291 288.9 287.3 286.3 285.4 284.9 284.6 284.7 285 284.8 285.2 284.2 283.6 283.8 284.4 285.6 285.6 285.6 284.3 283.4 283 282.9 282.7 282.2 280.8 279.2 277 273.7 269.4 255.1 262.8 271.2 271.8 270.8 271.4 270.7 270.1 269.3
430.7 446.6 453.1 452.7 444.5 442.3 435.3 419.9 404.6 392.6 382.5 377.5 372.7 364.7 360.2 351.7 342.5 331.4 309.9 301 314.1 309.1 302.4 299.2 310.2 328.1 324.1 330.1 326.2 318.6 310.8 309.1 310.1 308.6 305 301.5 297.9 295 294.1 292.5 291.1 288.3 287.1 286.1 285.1 284.6 284.9 284.7 284.9 285.1 285.6 285.5 284.3 284.3 284.9 284.8 285.1 284.7 283.3 282.4 282.3 282.6 282.7 282 280.5 278.5 276.4 271.5 256.6 266 274.5 273.7 273.1 271.5 270.9 270.7 270.7 271.8
427.6 439.4 442.4 439 432.5 429.5 420.7 408 396.3 384.8 376.5 371.7 363.5 356.6 350.5 344.1 336.6 312.3 301.3 314.6 307.7 302.5 300.5 311.8 330.2 334.5 333.3 329.5 320.8 315.4 314.1 311.7 309.6 307.2 303.8 300.4 297 297.2 295.2 292.8 291.3 287.9 286.9 285.9 284.8 284 284.2 284.6 284.7 284.7 285.6 285.6 283.8 283.7 284.1 283.6 283.6 282.7 281.6 280.9 281.2 281.7 281.9 280.3 278.2 275.8 271.3 259.3 259.1 273.5 274.8 274.9 273.8 272.2 270.5 271.6 272.7 274
