data/310000-670000.asc
ncols 200
nrows 200
xllcorner 310000
yllcorner 670000
cellsize 50
[rows 0 to 37 of 200, columns 86 to 171 of 200]
-2.1 -2.1 -2.1 -2.1 -2.1 -2.1 -2.1 -2.1 -2.1 -2.1 -2.1 -2.1 -2.1 -2.1 -2.1 -2.1 -2.1 -2.1 -2.1 -2.1 -2.1 -2.1 -2.1 -2.1 -2.1 -2.1 -2.1 -2.1 -2.1 -2.1 -2.1 -2.1 -2.1 -2.1 -2.1 -2.1 -2.1 -2.1 -2.1 -2.1 -2.1 -2.1 -2.1 -2.1 -2.1 -2.1 -2.1 -2.1 -2.1 -2.1 -2.1 -2.1 -2.1 -2.1 -2.1 -2.1 -2.1 -2.1 -2.1 -2.1 -2.1 -2.1 -2.1 -2.1 -2.1 -2.1 -2.1 -2.1 -2.1 -2.1 -2.1 -2.1 -2.1 -2.1 -2.1 -2.1 -2.1 -2.1 -2.1 -2.1 -2.1 -2.1 -2.1 -2.1 -2.1 -2.1
-2.1 -2.1 -2.1 -2.1 -2.1 -2.1 -2.1 -2.1 -2.1 -2.1 -2.1 -2.1 -2.1 -2.1 -2.1 -2.1 -2.1 -2.1 -2.1 -2.1 -2.1 -2.1 -2.1 -2.1 -2.1 -2.1 -2.1 -2.1 -2.1 -2.1 -2.1 -2.1 -2.1 -2.1 -2.1 -2.1 -2.1 -2.1 -2.1 -2.1 -2.1 -2.1 -2.1 -2.1 -2.1 -2.1 -2.1 -2.1 -2.1 -2.1 -2.1 -2.1 -2.1 -2.1 -2.1 -2.1 -2.1 -2.1 -2.1 -2.1 -2.1 -2.1 -2.1 -2.1 -2.1 -2.1 -2.1 -2.1 -2.1 -2.1 -2.1 -2.1 -2.1 -2.1 -2.1 -2.1 -2.1 -2.1 -2.1 -2.1 -2.1 -2.1 -2.1 -2.1 -2.1 -2.1
-2.1 -2.1 -2.1 -2.1 -2.1 -2.1 -2.1 -2.1 -2.1 -2.1 -2.1 -2.1 -2.1 -2.1 -2.1 -2.1 -2.1 -2.1 -2.1 -2.1 -2.1 -2.1 -2.1 -2.1 -2.1 -2.1 -2.1 -2.1 -2.1 -2.1 -2.1 -2.1 -2.1 -2.1 -2.1 -2.1 -2.1 -2.1 -2.1 -2.1 -2.1 -2.1 -2.1 -2.1 -2.1 -2.1 -2.1 -2.1 -2.1 -2.1 -2.1 -2.1 -2.1 -2.1 -2.1 -2.1 -2.1 -2.1 -2.1 -2.1 -2.1 -2.1 -2.1 -2.1 -2.1 -2.1 -2.1 -2.1 -2.1 -2.1 -2.1 -2.1 -2.1 -2.1 -2.1 -2.1 -2.1 -2.1 -2.1 -2.1 -2.1 -2.1 -2.1 -2.1 -2.1 -2.1
-2.1 -2.1 -2.1 -2.1 -2.1 -2.1 -2.1 -2.1 -2.1 -2.1 -2.1 -2.1 -2.1 -2.1 -2.1 -2.1 -2.1 -2.1 -2.1 -2.1 -2.1 -2.1 -2.1 -2.1 -2.1 -2.1 -2.1 -2.1 -2.1 -2.1 -2.1 -2.1 -2.1 -2.1 -2.1 -2.1 -2.1 -2.1 -2.1 -2.1 -2.1 -2.1 -2.1 -2.1 -2.1 -2.1 -2.1 -2.1 -2.1 -2.1 -2.1 -2.1 -2.1 -2.1 -2.1 -2.1 -2.1 -2.1 -2.1 -2.1 -2.1 -2.1 -2.1 -2.1 -2.1 -2.1 -2.1 -2.1 -2.1 -2.1 -2.1 -2.1 -2.1 -2.1 -2.1 -2.1 -2.1 -2.1 -2.1 -2.1 -2.1 -2.1 -2.1 -2.1 -2.1 -2.1
-2.1 -2.1 -2.1 -2.1 -2.1 -2.1 -2.1 -2.1 -2.1 -2.1 -2.1 -2.1 -2.1 -2.1 -2.1 -2.1 -2.1 -2.1 -2.1 -2.1 -2.1 -2.1 -2.1 -2.1 -2.1 -2.1 -2.1 -2.1 -2.1 -2.1 -2.1 -2.1 -2.1 -2.1 -2.1 -2.1 -2.1 -2.1 -2.1 -2.1 -2.1 -2.1 -2.1 -2.1 -2.1 -2.1 -2.1 -2.1 -2.1 -2.1 -2.1 -2.1 -2.1 -2.1 -2.1 -2.1 -2.1 -2.1 -2.1 -2.1 -2.1 -2.1 -2.1 -2.1 -2.1 -2.1 -2.1 -2.1 -2.1 -2.1 -2.1 -2.1 -2.1 -2.1 -2.1 -2.1 -2.1 -2.1 -2.1 -2.1 -2.1 -2.1 -2.1 -2.1 -2.1 -2.1
-2.1 -2.1 -2.1 -2.1 -2.1 -2.1 -2.1 -2.1 -2.1 -2.1 -2.1 -2.1 -2.1 -2.1 -2.1 -2.1 -2.1 -2.1 -2.1 -2.1 -2.1 -2.1 -2.1 -2.1 -2.1 -2.1 -2.1 -2.1 -2.1 -2.1 -1.2 -1.1 -1.2 -1 -1.1 -1.2 -1.3 -1.5 -1.6 -1.7 -1.8 -1.9 -2.1 -2.1 -2.1 -2.1 -2.1 -2.1 -2.1 -2.1 -2.1 -2.1 -2.1 -2.1 -2.1 -2.1 -2.1 -2.1 -2.1 -2.1 -2.1 -2.1 -2.1 -2.1 -2.1 -2.1 -2.1 -2.1 -2.1 -2.1 -2.1 -2.1 -2.1 -2.1 -2.1 -2.1 -2.1 -2.1 -2.1 -2.1 -2.1 -2.1 -2.1 -2.1 -2.1 -2.1
-2.1 -2.1 -2.1 -2.1 -2.1 -2.1 -2.1 -2.1 -2.1 -2.1 -2.1 -2.1 -2.1 -2.1 -2.1 -2.1 -2.1 -2.1 -2.1 -2.1 -2.1 -2.1 -2.1 -2.1 -2.1 -2.1 -2.1 -1.2 -0.6 -0.3 -0.1 -0.2 -0.3 -0.2 -0.5 -0.6 -0.8 -1 -1.1 -1.2 -1.4 -1.5 -1.7 -1.9 -2.1 -2.1 -2.1 -2.1 -2.1 -2.1 -2.1 -2.1 -2.1 -2.1 -2.1 -2.1 -2.1 -2.1 -2.1 -2.1 -2.1 -2.1 -2.1 -2.1 -2.1 -2.1 -2.1 -2.1 -2.1 -2.1 -2.1 -2.1 -2.1 -2.1 -2.1 -2.1 -2.1 -2.1 -2.1 -2.1 -2.1 -2.1 -2.1 -2.1 -2.1 -2.1
-2.1 -2.1 -2.1 -2.1 -2.1 -2.1 -2.1 -2.1 -2.1 -2.1 -2.1 -2.1 -2.1 -2.1 -2.1 -2.1 -2.1 -2.1 -2.1 -2.1 -2.1 -2.1 -2.1 -2.1 -2.1 -2.1 -1.1 -0.2 0.7 1 1 0.6 0.6 0.3 0.1 -0.1 -0.4 -0.5 -0.6 -0.9 -1 -1.1 -1.4 -1.6 -1.8 -2 -2.1 -2.1 -2.1 -2.1 -2.1 -2.1 -2.1 -2.1 -2.1 -2.1 -2.1 -2.1 -2.1 -2.1 -2.1 -2.1 -2.1 -2.1 -2.1 -2.1 -2.1 -2.1 -2.1 -2.1 -2.1 -2.1 -2.1 -2.1 -2.1 -2.1 -2.1 -2.1 -2.1 -2.1 -2.1 -2.1 -2.1 -2.1 -2.1 -2.1
-2.1 -2.1 -2.1 -2.1 -2.1 -2.1 -2.1 -2.1 -2.1 -2.1 -2.1 -2.1 -2.1 -2.1 -2.1 -2.1 -2.1 -2.1 -2.1 -2.1 -2.1 -2.1 -2.1 -2.1 -2.1 -0.7 0 0.7 1.8 2.3 2 1.4 1.2 0.9 0.6 0.3 0 0 -0.3 -0.5 -0.6 -0.8 -1 -1.3 -1.5 -1.7 -1.9 -2.1 -2.1 -2.1 -2.1 -2.1 -2.1 -2.1 -2.1 -2.1 -2.1 -2.1 -2.1 -2.1 -2.1 -2.1 -2.1 -2.1 -2.1 -2.1 -2.1 -2.1 -2.1 -2.1 -2.1 -2.1 -2.1 -2.1 -2.1 -2.1 -2.1 -2.1 -2.1 -2.1 -2.1 -2.1 -2.1 -2.1 -2.1 -2.1
-2.1 -2.1 -2.1 -2.1 -2.1 -2.1 -2.1 -2.1 -2.1 -2.1 -2.1 -2.1 -2.1 -2.1 -2.1 -2.1 -2.1 -2.1 -2.1 -2.1 -2.1 -2.1 -2.1 -1.2 -0.3 0.4 1.2 1.8 2.6 11.4 2.7 2.2 1.7 1.4 1.1 0.7 0.5 0.3 0 -0.1 -0.3 -0.5 -0.7 -1 -1.2 -1.4 -1.6 -1.8 -2.1 -2.1 -2.1 -2.1 -2.1 -2.1 -2.1 -2.1 -2.1 -2.1 -2.1 -2.1 -2.1 -2.1 -2.1 -2.1 -2.1 -2.1 -2.1 -2.1 -2.1 -2.1 -2.1 -2.1 -2.1 -2.1 -2.1 -2.1 -2.1 -2.1 -2.1 -2.1 -2.1 -2.1 -2.1 -2.1 -2.1 -2.1
-2.1 -2.1 -2.1 -2.1 -2.1 -2.1 -2.1 -2.1 -2.1 -2.1 -2.1 -2.1 -2.1 -2.1 -2.1 -2.1 -2.1 -2.1 -2.1 -2.1 -2.1 -2.1 -2.1 -0.3 0.6 1.4 2.2 1.1 4.8 8.6 13.3 2.7 2.2 1.8 1.4 1.1 1 0.6 0.4 0.2 0 -0.2 -0.4 -0.7 -0.9 -1.1 -1.3 -1.5 -1.6 -1.7 -1.9 -2.1 -2.1 -2.1 -2.1 -2.1 -2.1 -2.1 -2.1 -2.1 -2.1 -2.1 -2.1 -2.1 -2.1 -2.1 -2.1 -2.1 -2.1 -2.1 -2.1 -2.1 -2.1 -2.1 -2.1 -2.1 -2.1 -2.1 -2.1 -2.1 -2.1 -2.1 -2.1 -2.1 -2.1 -2.1
-2.1 -2.1 -2.1 -2.1 -2.1 -2.1 -2.1 -2.1 -2.1 -2.1 -2.1 -2.1 -2.1 -2.1 -2.1 -2.1 -2.1 -2.1 -2.1 -2.1 1.8 2.4 2.7 2.2 1.7 2.4 3.6 4.5 6.9 11.8 15.4 7.6 2.6 2.2 1.8 1.6 1.3 0.9 0.8 0.5 0.3 0.1 -0.1 -0.3 -0.6 -0.8 -1 -1.1 -1.3 -1.4 -1.6 -1.8 -2.1 -2.1 -2.1 -2.1 -2.1 -2.1 -2.1 -2.1 -2.1 -2.1 -2.1 -2.1 -2.1 -2.1 -2.1 -2.1 -2.1 -2.1 -2.1 -2.1 -2.1 -2.1 -2.1 -2.1 -2.1 -2.1 -2.1 -2.1 -2.1 -2.1 -2.1 -2.1 -2.1 -2.1
-2.1 -2.1 -2.1 -2.1 -2.1 -2.1 -2.1 -2.1 -2.1 -2.1 -2.1 -2.1 -2.1 -2.1 -2.1 -2.1 -2.1 0.8 2.1 3.4 6.8 7.4 6.7 5.3 4 5 5.9 7.3 9 13.9 18.1 12.5 5.3 2.6 2.2 1.9 1.6 1.3 1.1 0.8 0.6 0.4 0.2 0 -0.2 -0.5 -0.6 -0.8 -0.9 -1.1 -1.3 -1.5 -1.7 -2.1 -2.1 -2.1 -2.1 -2.1 -2.1 -2.1 -2.1 -2.1 -2.1 -2.1 -2.1 -2.1 -2.1 -2.1 -2.1 -2.1 -2.1 -2.1 -2.1 -2.1 -2.1 -2.1 -2.1 -2.1 -2.1 -2.1 -2.1 -2.1 -2.1 -2.1 -2.1 -2.1
-2.1 -2.1 -2.1 -2.1 -2.1 -2.1 -2.1 -2.1 -2.1 -2.1 -2.1 -2.1 -2.1 0.3 1.3 3.4 6.4 5.9 6.2 9.1 13.4 14.9 12.2 10.1 8.4 12.6 15 15.7 15.1 14.7 25.4 14.8 6 5.2 2.5 2.2 1.9 1.6 1.4 1.2 0.9 0.7 0.5 0.3 0.1 -0.2 -0.3 -0.5 -0.6 -0.8 -1 -1.3 -1.4 -1.6 -1.8 -2.1 -2.1 -2.1 -2.1 -2.1 -2.1 -2.1 -2.1 -2.1 -2.1 -2.1 -2.1 -2.1 -2.1 -2.1 -2.1 -2.1 -2.1 -2.1 -2.1 -2.1 -2.1 -2.1 -2.1 -2.1 -2.1 -2.1 -2.1 -2.1 -2.1 -2.1
-2.1 -2.1 -2.1 -2.1 -2.1 -2.1 -2.1 -2.1 -2.1 -2.1 -2.1 1 2.7 7.4 8.3 10.4 16.3 18.1 18.8 20.1 23 24.8 26.2 20.7 11.5 35.6 35.7 33.7 22.1 20.7 30.1 20.6 9.5 6 4.7 2.5 2.2 1.9 1.7 1.4 1.2 1 0.8 0.6 0.4 0.2 0 -0.2 -0.3 -0.5 -0.8 -1 -1.2 -1.3 -1.6 -1.8 -2.1 -2.1 -2.1 -2.1 -2.1 -2.1 -2.1 -2.1 -2.1 -2.1 -2.1 -2.1 -2.1 -2.1 -2.1 -2.1 -2.1 -2.1 -2.1 -2.1 -2.1 -2.1 -2.1 -2.1 -2.1 -2.1 -2.1 -2.1 -2.1 -2.1
-2.1 -2.1 -2.1 -2.1 -2.1 -2.1 -2.1 -2.1 -2.1 -2.1 0.4 2.5 6.7 10.5 13.1 15.7 19.3 23 24.5 25.9 25.4 25.3 26.9 18.6 18.9 35 36 35.6 25.5 33.5 36.1 34.3 18.7 10.7 5.7 2.9 2.4 2.2 2 1.8 1.6 1.3 1.1 0.9 0.7 0.5 0.3 0.1 -0.1 -0.3 -0.5 -0.7 -0.9 -1.1 -1.4 -1.6 -1.9 -2.1 -2.1 -2.1 -2.1 -2.1 -2.1 -2.1 -2.1 -2.1 -2.1 -2.1 -2.1 -2.1 -2.1 -2.1 -2.1 -2.1 -2.1 -2.1 -2.1 -2.1 -2.1 -2.1 -2.1 -2.1 -2.1 -2.1 -2.1 -2.1
-2.1 -2.1 -2.1 -2.1 -2.1 -2.1 -2.1 -2.1 -2.1 -2.1 1.4 5.3 8.9 12.2 15.5 18.6 21.2 23.9 24.8 24.6 25 25.4 26.3 23.3 26.3 32.9 35.8 35 30 33.9 36.6 36.2 33.3 17.6 8.5 5.4 2.7 2.5 2.3 2.1 1.9 1.7 1.5 1.2 1 0.8 0.6 0.4 0.2 0 -0.2 -0.4 -0.7 -0.9 -1.1 -1.4 -1.6 -1.9 -2.1 -2.1 -2.1 -2.1 -2.1 -2.1 -2.1 -2.1 -2.1 -2.1 -2.1 -2.1 -2.1 -2.1 -2.1 -2.1 -2.1 -2.1 -2.1 -2.1 -2.1 -2.1 -2.1 -2.1 -2.1 -2.1 -2.1 -2.1
-2.1 -2.1 -2.1 -2.1 -2.1 -2.1 -2.1 -2.1 -2.1 -2.1 1.7 7.3 11.4 14 17.9 21.4 23.9 23.7 24.5 26 27.8 30.1 30.7 31.3 32.8 34.2 35.4 34.7 32.2 34.3 35.2 35.8 27.7 22.9 14.5 8.2 4.9 2.7 2.6 2.4 2.2 2 1.8 1.5 1.3 1.1 0.9 0.7 0.4 0.2 0 -0.2 -0.4 -0.7 -0.9 -1.2 -1.4 -1.7 -1.9 -2.1 -2.1 -2.1 -2.1 -2.1 -2.1 -2.1 -2.1 -2.1 -2.1 -2.1 -2.1 -2.1 -2.1 -2.1 -2.1 -2.1 -2.1 -2.1 -2.1 -2.1 -2.1 -2.1 -2.1 -2.1 -2.1 -2.1
-2.1 -2.1 -2.1 -2.1 -2.1 -2.1 -2.1 -2.1 -2.1 -0.4 2.4 9.6 13.4 16.6 20.8 24.2 27.1 26.8 27.5 29.3 31.2 33.3 34.9 36 34.4 34.7 36.5 36.5 35.6 35.4 36.5 34.8 29.4 30.8 27.3 15.6 9.2 5.1 2.8 2.7 2.5 2.3 2 1.8 1.6 1.4 1.2 0.9 0.7 0.5 0.3 0 -0.2 -0.5 -0.7 -0.9 -1.2 -1.4 -1.7 -1.9 -2.1 -2.1 -2.1 -2.1 -2.1 -2.1 -2.1 -2.1 -2.1 -2.1 -2.1 -2.1 -2.1 -2.1 -2.1 -2.1 -2.1 -2.1 -2.1 -2.1 -2.1 -2.1 -2.1 -2.1 -2.1 -2.1
-2.1 -2.1 -2.1 -2.1 -2.1 -2.1 -2.1 -2.1 -2.1 1 6.9 13.3 17 21 24 27.3 29.2 29.9 31 32.6 34.5 36.4 38.1 41.7 42 37.7 38.9 39.3 39.9 40.5 39.3 39.1 36.1 36 34.8 25.7 18.9 11 6.6 5.8 6 2.6 2.3 2.1 1.9 1.6 1.4 1.2 0.9 0.7 0.5 0.3 0 -0.2 -0.5 -0.7 -1 -1.2 -1.5 -1.7 -2.1 -2.1 -2.1 -2.1 -2.1 -2.1 -2.1 -2.1 -2.1 -2.1 -2.1 -2.1 -2.1 -2.1 -2.1 -2.1 -2.1 -2.1 -2.1 -2.1 -2.1 -2.1 -2.1 -2.1 -2.1 -2.1
-2.1 -2.1 -2.1 -2.1 -2.1 -2.1 -2.1 -0.8 0.1 1.9 11.2 18.5 21.8 24.2 27 29.5 31.8 33.8 35.1 36.8 38.6 41.8 46.1 47.9 48.5 45.3 45.4 47.2 47.9 49.7 47.4 45.2 41.3 38.8 35.8 31.7 29.7 23.9 13.4 10.2 7.7 3.5 2.6 2.4 2.1 1.9 1.6 1.4 1.2 1 0.7 0.5 0.2 0 -0.3 -0.5 -0.7 -1 -1.3 -1.6 -2.1 -2.1 -2.1 -2.1 -2.1 -2.1 -2.1 -2.1 -2.1 -2.1 -2.1 -2.1 -2.1 -2.1 -2.1 -2.1 -2.1 -2.1 -2.1 -2.1 -2.1 -2.1 -2.1 -2.1 -2.1 -2.1
-2.1 -2.1 -2.1 -2 -1.3 -0.7 -0.1 0.5 1.6 4.6 14.8 23.3 25.8 28.4 30.5 32.6 35.1 38.5 41 43.1 45.4 49.1 52.6 54.6 55.2 51.6 51.1 51.7 54.2 55.2 50.3 48.6 43.8 41.3 38.2 36 35 34 22.3 15.7 18.7 13.1 5.3 2.6 2.4 2.1 1.9 1.7 1.4 1.2 0.9 0.7 0.5 0.2 0 -0.3 -0.6 -0.9 -1.2 -1.4 -1.8 -2.1 -2.1 -2.1 -2.1 -2.1 -2.1 -2.1 -2.1 -2.1 -2.1 -2.1 -2.1 -2.1 -2.1 -2.1 -2.1 -2.1 -2.1 -2.1 -2.1 -2.1 -2.1 -2.1 -2.1 -2.1
-2.1 -2.1 -2.1 -1 -0.3 0.4 1 1.6 2.7 10.1 19.7 27.5 30 32.7 34.8 37.4 40.6 43.6 47.2 50.8 53.2 57 60.1 61.5 62.9 63.2 60.2 60 59.1 57.1 53.9 52.8 48.2 44.6 41.1 37.1 35.7 34.2 31.6 26.1 28.5 11 10.7 5.4 2.6 2.4 2.1 1.9 1.7 1.4 1.2 0.9 0.7 0.4 0.1 -0.1 -0.5 -0.7 -0.9 -1.3 -1.6 -2.1 -2.1 -2.1 -2.1 -2.1 -2.1 -2.1 -2.1 -2.1 -2.1 -2.1 -2.1 -2.1 -2.1 -2.1 -2.1 -2.1 -2.1 -2.1 -2.1 -2.1 -2.1 -2.1 -2.1 -2.1
-2.1 -2.1 -2.1 1.1 0.8 1.5 2 2.9 9.1 17 25 31.6 34.5 35.8 37.8 40.6 44.5 48.7 54 57.4 59.2 62.3 64.9 68.9 72 72.2 63.7 63.6 63.9 63.2 60.4 57.9 54.2 49 43.8 39.3 36.3 34.9 32.3 31.9 31.4 25.4 13.9 7.4 5.2 2.6 2.4 2.1 1.9 1.6 1.4 1.1 0.9 0.6 0.3 0.1 -0.1 -0.3 -0.7 -1 -1.2 -1.5 -1.7 -1.9 -2 -2.1 -2.1 -2.1 -2.1 -2.1 -2.1 -2.1 -2.1 -2.1 -2.1 -2.1 -2.1 -2.1 -2.1 -2.1 -2.1 -2.1 -2.1 -2.1 -2.1 -2.1
-2.1 -2.1 2.6 2.8 2.7 2.5 5 10.5 17.9 24.6 32.2 36.4 38.3 39.1 40.9 44.3 48.6 53.6 59.6 63.4 66.4 69.2 71.7 74.9 78.5 74.6 69.1 68.1 69.1 70.1 67.4 63.5 59.1 48.5 44.8 44.3 39.4 37.9 37.7 33.7 32.3 29.1 23.2 10.5 5.8 4.3 2.6 2.3 2.1 1.8 1.6 1.3 1.1 0.8 0.6 0.4 0.2 -0.1 -0.4 -0.7 -1 -1.2 -1.5 -1.7 -1.9 -1.9 -2 -2.1 -2.1 -2.1 -2.1 -2.1 -2.1 -2.1 -2.1 -2.1 -2.1 -2.1 -2.1 -2.1 -2.1 -2.1 -2.1 -2.1 -2.1 -2.1
-2.1 -2.1 2.9 3.8 4.6 8.5 15.4 22.9 29 35.2 38.2 40.2 42 44.4 45.4 47.4 52.9 58 64.4 68.4 72.9 76.4 79 81 84.1 84.9 81.5 81.2 79.9 80.3 74 69.9 61.3 57.9 74.4 71.8 60 48.6 40.5 35.3 33 30.5 26.9 20.3 8 5.6 4.7 2.6 2.3 2.1 1.8 1.6 1.4 1.2 1 0.8 0.4 0.1 -0.2 -0.5 -0.7 -1 -1.3 -1.8 -1.8 -1.7 -1.8 -1.9 -2.1 -2.1 -2.1 -2.1 -2.1 -2.1 -2.1 -2.1 -2.1 -2.1 -2.1 -2.1 -2.1 -2.1 -2.1 -2.1 -2.1 -2.1
-2.1 0.6 3.2 6.2 12.3 21.9 28.5 33.6 36.3 39.8 41.9 43.9 47 48.9 49.2 52.9 58 63.6 68 73.9 79 82.8 86.3 89 92.6 90.7 86.9 87.3 85.6 80.1 77.4 72 67.6 61 68.2 70.6 45.5 39.1 38.6 36.1 31.8 31.1 29.3 24.7 10 6.8 5.5 3 2.6 2.3 2.1 1.9 1.7 1.5 1.3 1 0.7 0.3 0 -0.2 -0.6 -0.9 -1.1 -1.9 -1.8 -1.4 -1.5 -1.7 -1.8 -2 -2.1 -2.1 -2.1 -2.1 -2.1 -2.1 -2.1 -2.1 -2.1 -2.1 -2.1 -2.1 -2.1 -2.1 -2.1 -2.1
0.7 2.2 6.8 12.9 22.8 32.3 36.3 38.2 40.4 42.6 45.4 47.6 49.8 52.5 55.7 58.8 64.4 69.5 74.3 80.7 86.4 91.7 96.7 100.6 100.4 95.2 90.5 89.5 88.5 84.3 78.8 73.3 70 57.5 46 37.6 30.8 32.2 34.3 33.9 26.4 26.6 23.3 18.3 12.8 8.9 6.8 5.7 3.6 2.7 2.5 2.3 2.1 1.9 1.5 1.2 0.8 0.5 0.2 -0.1 -0.4 -0.7 -1 -2 -1.8 -1.4 -1.3 -1.4 -1.6 -1.7 -1.9 -2 -2.1 -2.1 -2.1 -2.1 -2.1 -2.1 -2.1 -2.1 -2.1 -2.1 -2.1 -2.1 -2.1 -2.1
2.3 6.3 15.1 22.7 32.2 37 38.9 40.6 42.1 44.3 47.2 50.5 52.7 56.4 60.7 64.2 69.2 76.5 82.8 87.9 93.4 98.7 104 106.9 105.2 99.1 92.6 89.5 88.5 83.7 78.5 72.6 74 62.6 51.6 36.4 29.1 30.3 28.4 24.3 23.4 22.6 19.4 14.7 11.6 12 10.4 8.1 6.4 5.9 2.7 2.6 2.4 2 1.6 1.3 1 0.7 0.3 0 -0.3 -0.5 -1.1 -2.1 -1.7 -1.4 -1 -1.2 -1.3 -1.5 -1.6 -1.8 -1.9 -2.1 -2.1 -2.1 -2.1 -2.1 -2.1 -2.1 -2.1 -2.1 -2.1 -2.1 -2.1 -2.1
7.6 16 25.4 35 36.9 38.7 40.6 42.3 44.1 46.7 49.8 52.6 56.2 60.5 64.8 69.2 75.2 81.9 89.3 94.2 99.8 105.2 110.5 110.4 105.7 99.6 94.9 94.9 90.4 84.7 79.1 73.2 77.7 64.2 53.2 33.9 27.6 27.2 27.6 40.6 35.5 34 32.8 27.4 18.9 19.2 17.6 12.8 8 6.8 5.4 4.9 2.5 2.1 1.8 1.5 1.1 0.8 0.5 0.2 -0.1 -0.3 -1.2 -2.1 -1.7 -1.3 -0.9 -0.9 -1.1 -1.2 -1.4 -1.5 -1.7 -1.8 -2 -2.1 -2.1 -2.1 -2.1 -2.1 -2.1 -2.1 -2.1 -2.1 -2.1 -2.1
17.1 27 36 37.8 39.5 40.9 42.7 44.7 47.1 50.4 53.6 56.7 61.2 65.8 69.8 73.8 80.2 88.8 95.6 100.8 105.9 112.6 112.9 110 104.4 99 94.8 94.4 88.8 83.5 78.1 75 69.3 57.3 45.7 30.3 26.9 25.3 38.8 59.4 52.5 45.8 42.2 39.3 33.4 28.5 28.2 26.3 17 9 7.3 5.1 2.6 2.2 1.9 1.5 1.2 0.9 0.6 0.3 0.1 -0.4 -1.3 -2 -1.7 -1.3 -0.9 -0.7 -0.8 -1 -1.1 -1.3 -1.4 -1.6 -1.7 -1.9 -2 -2.1 -2.1 -2.1 -2.1 -2.1 -2.1 -2.1 -2.1 -2.1
24.7 37.5 40 41.6 43 44.7 46.7 47.9 50 53.6 57 60.7 65.4 71.3 74.8 78.3 86 92.8 98.8 104.2 110.2 113.5 109.5 103.1 98.1 94.4 91.7 91.9 86.9 78.6 75 72.9 61.2 52.6 41.7 30.3 28.5 30.8 44.2 59.8 59.6 55.7 49 44.5 39.5 33.7 31.4 33.3 32.2 17.5 9.7 6.1 2.7 2.4 2 1.7 1.4 1.1 0.8 0.5 0.3 -0.5 -1.4 -2 -1.6 -1.3 -0.9 -0.5 -0.6 -0.7 -0.9 -1 -1.2 -1.3 -1.5 -1.6 -1.7 -1.9 -2 -2.1 -2.1 -2.1 -2.1 -2.1 -2.1 -2.1
34.2 40.7 41.6 42.5 44 44.6 47.1 48.9 51.4 55.1 58.1 62.1 67.8 73.5 77.9 83.3 89.9 95.5 102 108.4 113.5 110.1 102.4 96.1 91.6 89.7 86.7 83.5 77.5 71.9 67.2 58 52.8 48.8 42.4 33.2 31.6 35.4 46.6 59.9 59.9 60.8 51.5 44.6 40.5 36.8 34.4 34.1 29.4 24.1 11.4 6.7 3.9 2.4 2.1 1.8 1.5 1.2 1 0.7 0.4 -0.5 -1.5 -2 -1.6 -1.2 -0.8 -0.5 -0.3 -0.5 -0.6 -0.8 -0.9 -1.1 -1.2 -1.4 -1.5 -1.6 -1.8 -1.9 -2.1 -2.1 -2.1 -2.1 -2.1 -2.1
37.8 39.8 40.6 40.9 41.4 43.7 46.2 47.6 50 53 58.7 63.8 70.4 75.4 80.6 87.7 94.6 100.5 107.4 113.5 111.6 103.7 95.8 90.5 88.5 86.8 81.4 76.2 68.7 61.1 55.6 52 48.9 45.9 40.3 31.9 29.9 35.8 46.4 57.3 62.6 65.7 53 45.4 41.7 44.1 39.9 32.7 26.6 22.5 9.9 5.6 3.8 2.6 2.3 2 1.7 1.4 1.1 0.9 0.3 -0.6 -1.6 -1.9 -1.6 -1.2 -0.8 -0.4 -0.1 -0.2 -0.4 -0.5 -0.7 -0.8 -1 -1.1 -1.2 -1.4 -1.5 -1.7 -1.8 -2 -2.1 -2.1 -2.1 -2.1
40.2 40.7 41.9 43 43.5 45 47.7 50.5 52.5 54.8 59.3 65 73.4 81.2 86.2 91.7 99.2 105.4 112.1 111.8 104.8 97.7 90.1 86.5 84.1 77.4 73.3 64.8 57.7 55.3 52.9 49.5 45.9 43 37.2 30.6 29.9 36.1 43.8 55.1 64.1 62.9 52 44.3 42.2 43.3 39.8 33.4 28.1 22.3 8.5 4.4 3.6 2.7 2.4 2.1 1.8 1.6 1.3 1.1 0.2 -0.7 -1.6 -1.9 -1.5 -1.2 -0.8 -0.4 0 0 -0.1 -0.3 -0.4 -0.6 -0.7 -0.9 -1 -1.1 -1.3 -1.4 -1.6 -1.7 -1.9 -2 -2.1 -2.1
43.7 44.2 46.2 48 49.6 49.8 51.9 54.5 56 57.5 58.8 65.9 73.1 81.3 87.1 92.6 100.7 108.1 107.9 100.9 94.8 87.4 82.4 78.7 73.2 68.8 62.2 57.4 55.1 52.4 49 45.8 42.7 39.9 36.4 32.1 29.9 40.5 39.8 47.3 58.5 55.7 45.8 40.8 36.1 34.6 34.6 30.4 25.4 18.3 7.5 3.7 3.2 2.8 2.6 2.2 2 1.8 1.6 1.1 0.1 -0.8 -1.7 -1.9 -1.5 -1.1 -0.7 -0.4 0 0.3 0.1 0 -0.2 -0.3 -0.5 -0.6 -0.7 -0.9 -1 -1.2 -1.3 -1.5 -1.6 -1.8 -1.9 -2.1
45.9 46.3 46.9 47.5 48.7 48.3 49.8 52.3 53.6 55.8 57.9 63 70.4 77.4 84.5 92 100.7 99.9 94.2 89.2 83.2 75.1 72.7 69 67.2 60.1 56.1 54 50.9 47.6 44.3 42.3 40.9 40.3 38.8 34.9 33.2 37.2 37 42.3 49.5 47.1 39.2 34.7 30.8 29.1 30.9 29 24.1 16.9 6.6 4.2 3.7 3.2 2.7 2.4 2.2 2 1.8 1 0 -0.9 -1.8 -1.8 -1.5 -1.1 -0.7 -0.3 0 0.4 0.4 0.2 0.1 -0.1 -0.2 -0.3 -0.5 -0.6 -0.8 -0.9 -1.1 -1.2 -1.4 -1.5 -1.7 -1.8
45.4 45.4 45.4 46.4 47.6 48.5 49.5 51.7 54.1 56.1 57.6 61.6 68.7 77.1 84.9 87.2 87.1 83.8 81.1 77.4 73.3 69.6 67 67.3 63.4 57 56.1 50.8 47.8 45.6 43.6 43.3 44.3 44.7 43.6 40.9 37.8 34.1 37.6 45.1 50.9 46.1 38.7 33.4 28.7 27.3 29.9 28.5 24.2 17 8.4 4.1 3.9 3.7 3.2 2.6 2.4 2.2 1.8 0.9 0 -1 -1.9 -1.8 -1.4 -1.1 -0.7 -0.3 0.1 0.4 0.6 0.5 0.3 0.2 0 -0.1 -0.2 -0.4 -0.5 -0.7 -0.8 -1 -1.1 -1.3 -1.4 -1.6
