data/310000-470000.asc
ncols 200
nrows 200
xllcorner 310000
yllcorner 470000
cellsize 50
[rows 0 to 38 of 200, columns 86 to 171 of 200]
5 4.8 5.5 5.8 5.4 5.6 5.6 5.4 5.5 5.8 5.9 5.8 5.7 5.8 5.7 5.7 6.6 7.1 7.1 5.7 5.7 5.7 6 7.9 8.1 10.3 10.4 10 7.5 5.8 5.4 5.4 5.4 5.4 5.4 5.6 5.8 7.2 11 10.9 9.5 7.6 7.7 8.9 9.6 9.5 11.3 11 10.7 10.1 8.3 8.1 8.9 13.5 16.3 19.2 17.7 17 15.3 12.4 9 7 6.3 5.9 5.4 5.9 5.9 5.7 5.9 5.8 5.7 9.2 17.8 17.9 17.9 18.8 18.3 16.8 9.7 7.2 8.6 7.6 7.3 6.8 6.7 6.6
5.2 5 5.1 4.6 5.5 6 6 5.6 5.8 5.8 5.8 5.8 5.7 5.8 5.9 6.2 6.3 6.7 6.4 5.7 5.7 5.6 5.8 5.7 7.6 9.6 7.9 7.8 7.4 7.8 5.6 5.5 5.5 5.6 5.6 5.7 6.2 7.2 11.2 13.6 12.6 11.7 8.7 8.3 8.8 10 10.3 10.9 10.5 10.1 9.8 8.9 13.4 16 19.5 22.7 22.6 20.8 17.5 14.5 11.3 7.4 6.6 6.3 5.9 5.8 5.7 5.6 5.8 5.7 5.6 7.7 13.5 17.7 18.2 18.7 18.7 12.8 7.2 6.8 6.1 6.3 7.6 6.9 6.5 7.1
5.7 5.6 5.7 5.6 5.5 5.4 5.2 5.2 5.7 5.9 6 5.7 3.6 5.3 5.9 6 5.8 6.4 5.8 5.6 5.5 5.6 5.6 5.6 5.8 6.3 6.7 6.2 5.7 5.6 5.6 5.5 6 8.2 5.7 5.6 9 9.3 10.9 13.8 13.2 12.7 10.6 8.3 10.1 10.9 11.1 10.7 9.8 9.3 9.5 11 12.2 14.6 19.7 22.5 23.3 22.7 20.1 15.4 11.3 6.8 6.3 5.8 5.3 5.8 5.5 5.4 5.9 5.9 5.8 5.7 6.3 5.7 6.2 5.8 6.6 8.8 6.6 7.4 8 7.2 6.8 6.3 7 7.1
6.6 6.3 6.2 6 5.8 5.7 5.7 5.6 5.6 6 6 5.5 5.6 6.3 6.2 5.3 6 6.1 5.8 5.8 5.6 5.3 5.6 5.9 6.2 6.5 6.2 6.2 5.7 5.6 5.5 5.5 5.5 5.5 5.5 6.2 7.7 8.9 9.7 13.7 12.3 11 10.9 8.9 9.3 11.3 12.1 12.6 9.4 9 9.5 10.2 11.7 13.7 17.8 21.5 23.5 22.9 21.5 17.9 9.4 6.6 6.4 5.7 6 6 5.9 5.8 6 6 6 5.9 6.1 6 6 5.6 5.9 6 6.1 6.7 7.1 7.6 7.3 6.5 6.6 6.7
6.9 7.4 7.2 6.6 6.4 6.3 6.2 6.1 6 6 6.2 7.3 8.4 7.9 7.6 6.8 4.6 7 6.5 6.5 6.2 5.7 6 6.3 6.5 6.3 6 5.7 5.6 5.5 5.5 5.5 5.4 5.5 5.7 6.6 6.4 7.6 14.2 19 16.8 11.2 9.3 9.4 9.9 11.2 12.3 13.4 10.9 9.8 9.2 9.5 11.2 12.1 14.8 19.3 19.6 19.2 18.5 14.7 9.5 7.8 6.3 6.3 6.1 6 5.9 5.8 6.1 6.1 6.1 6.1 6.1 6 5.8 5.6 5.7 5.7 6.7 6.1 6 6 6.1 6.6 6.9 7
7.3 7.3 7.6 7.6 6.9 6.8 6.7 6.6 6.5 6.5 6.4 7.8 8.8 9.1 8.4 7.5 6.5 6.7 7.1 6.1 6.1 6.5 6.3 6.6 6.3 6.2 6.1 6.2 5.5 5.5 5.5 5.4 5.3 5.4 6.1 7 6.2 5.8 11.5 19.2 18.3 11.8 10.8 10.8 10.6 10.7 11.5 12.8 12.2 11.3 10.2 9.3 10.2 10.8 11.9 14.5 16.2 16.1 11.2 9.8 7.6 7.2 6.7 6.1 5.9 5.9 5.8 5.8 6 6 6.1 6.1 6.1 6 5.9 5.4 5.3 4.2 6.8 6.5 6.2 6.2 6.3 6.7 6.9 7.1
7.6 7.3 7.5 7.6 7.6 7.3 7.2 7.1 7.1 7 6.3 8 8.7 9.5 8.8 8 7.1 6.4 5.9 3.5 6.2 6.5 6.6 6.5 6.4 6.3 6.1 6.4 5.5 5.4 5.4 5.3 5.2 5.2 6.8 9.1 9.5 8.1 8 10.8 12.1 12.1 10.7 10.8 10.8 11.3 11.9 12 11.9 11.3 10.4 9.9 9.3 8.6 10.5 12.1 13.3 12.8 8.1 6.6 6.4 6.3 6.2 5.7 5.7 5.7 5.8 5.8 6 6 6.1 6.1 6 5.9 5.9 5.3 5.2 3.6 6.9 6.7 6.4 6.4 6.4 6.6 6.8 7
7.9 7.8 7.4 7.5 7.6 7.6 7.5 7.3 7.1 6.9 7.3 8.1 8.8 8.9 9.1 8.4 7.5 6.6 6.1 6 6 4.3 6.3 6.5 6.5 6.3 6 5.6 5.9 5.4 5.3 5.3 5.4 6.1 8.4 9.6 11 12.4 10 9.3 8.6 12.1 12 10.9 12.3 12.4 12.2 11.9 11.5 10.8 10.4 9.7 8.7 8.2 8.6 10.1 11.2 10.5 7.6 6.8 6.6 6.5 6.2 5.9 5.9 5.6 5.7 5.7 5.8 5.9 6 6.1 6 6 5.9 5.5 4.9 4.1 4.4 5.4 5.4 6.1 5.4 6.6 6.5 6.9
8.1 8.2 7.4 7.4 7.5 7.5 7.4 7.3 7.1 7 7.6 8 8.2 8.3 8.5 8.6 7.9 7 6.3 6.1 6.1 5.8 5.7 4.5 6.3 6.1 7.3 7.9 8.4 6.5 5.8 6 6 6.1 7.3 8.2 10.4 11.7 12.6 12.4 12.5 12.8 13.5 14.3 14.4 13.2 12.2 11.6 10.8 10 9.3 8.6 8 7.6 8.1 9.5 10.5 10.2 7.4 6.2 6.5 6.5 6.4 6.1 5.7 5.6 5.6 5.6 5.5 5.5 5.6 5.9 5.9 5.9 5.8 5.5 4.9 4.6 4.2 4 4.9 5.1 5.3 5.4 5.6 6.9
8.3 8.5 7.9 7.4 7.5 7.3 7.3 7.2 6.9 7 7.3 7.4 7.6 7.7 7.8 8 8.1 7.5 6.4 6.2 6.1 5.7 5.8 6.1 6.1 5 5.6 6.4 8 5.6 6.3 5.4 6.1 6.1 6.6 7.7 6.6 9 11.1 11.8 12.3 12.3 13.1 14 13.2 12.4 11.9 10.8 10 9.5 9.2 8.5 7.6 7.2 7.6 8.4 8.3 7.8 6.7 7.7 7.3 7.3 7.5 6 5.7 5.6 5.4 5.4 5.5 5.7 5.5 5.8 5.8 5.6 5.4 5.5 5.1 4.9 4.4 4.4 4.8 5.1 5.2 5.4 5.4 6.6
8.5 8.7 8.4 8 7.8 7.3 7.2 7.2 7.1 7.3 7.2 7.2 7.2 7.2 7.2 7.4 7.5 7.7 7 6.4 6.1 6.6 6.1 6 5.9 5.6 5.7 5.6 6.4 7 7.9 6.8 4.1 5.7 6.4 6.4 5.3 5.2 7.9 9.4 10.6 9.8 11.9 13.7 13.8 12.9 12.2 10.4 10 9.5 9.2 8.4 7.5 7.4 7.5 8 7.4 7 7.2 8.2 9.7 9.7 7.8 5.8 5.7 5.8 5.8 5.6 6.4 7.1 7.6 5.3 5.4 5.2 5.1 4.8 5.3 4.4 4.4 4.7 4.7 5 5.2 5.3 5.4 6.2
8.7 8.9 8.8 8.7 8.4 7.9 7.6 7.2 7.2 7.4 7.2 7.1 7.2 7.2 7.2 7.2 7.2 7.2 7.2 6.7 6.6 7.7 7 6.1 5.6 5.3 5.5 5.6 5.9 8 9.6 9.8 8.2 3.8 6.2 5.6 5.5 5.8 5.9 8.6 9.9 9.8 13.7 14.1 13.8 13.8 11.5 11.6 11.5 10.6 10 9.9 9.3 9.2 8.9 7.5 6.7 6.6 6.8 7.3 8.5 8 7.3 5.9 5.6 5.7 5.1 6.7 8.8 9.8 10 10.4 6.5 5.3 4.9 5.5 4.8 4.4 4.3 4.6 4.9 5 5 5.3 5.6 5.8
8.9 8.8 8.8 8.7 8.5 8.5 8.2 7.5 7.6 7.6 7.2 7.1 7.1 7.1 7.1 7.1 7.1 7.3 7.1 7.4 8 9 9.1 7.7 5.8 5.1 5.3 5.5 5.9 8.6 9.8 9.9 9.3 7.4 4.6 6 6 6.4 7.2 9.7 13.3 14.2 13 11.9 11.9 12.8 11.7 13.6 13 12.1 10.8 10.1 9.6 10.9 10.8 8.6 6.8 6.4 5.9 5.6 5.8 5.5 5.8 4.7 5.6 5.7 6 7.1 9.2 11.4 15.6 16 13.2 6.8 5.4 5 5 4.8 4.6 4.9 5.1 5.1 3.9 5.3 5.6 5.5
8.9 8.8 8.7 8.6 8.4 10.5 10.9 8.6 8.9 7.7 7.3 7 7 7.1 7.1 7.2 7.4 7.2 7 7.5 8.8 9 8.9 8.8 7.2 6.3 5.7 5.8 7 9.7 10.3 10.1 9.4 9 7.7 4.2 5.3 8.6 12 11.2 12.3 13.2 11.8 11.2 12.5 13.3 14.5 14.3 14.3 13.2 11.3 10.6 10.5 12.2 10.9 8.6 7.2 6.5 5.7 6 5.7 6.2 6 6.3 5.9 8.6 15.3 11.4 9.9 15.3 22 1.4 12.4 10.1 6.7 5.4 5.5 5.1 5 5 5.2 5.2 5.2 4.8 5.3 5.2
9.1 8.9 8.8 8.5 8.1 12.9 15.2 16.5 11.9 10.2 8.9 7 7 7.1 7.4 7.5 7.3 7.1 6.9 7.3 8.1 8.7 8.6 8.5 8.7 8.5 7.7 7.7 9.5 10.5 11.6 10.9 12.7 14.1 13 9.9 3.9 6.8 10.4 9.9 8.6 10.2 9.7 13 15 16 15.9 15.4 15.4 14.8 13.3 12.2 11.8 12.9 10.4 7.8 6.8 6.2 5.9 6 5.7 5.6 6.2 7 9.9 12.1 17.6 23.5 15 15.4 18.3 1.4 1.4 12.4 8.1 6.3 5.7 5.6 5.5 5.4 5.3 5.3 5.2 5.2 4.8 5
9.2 9.1 8.8 8.2 8.4 8.4 8.2 7.7 7.9 7.6 7.1 7.7 7.8 7.7 7.5 7.3 7.2 7 6.8 6.7 6.2 6.9 7 7.5 8.2 8.9 9.1 9.5 9.9 11.1 11.4 11.7 16 18.1 17.6 15.6 7.8 5.7 3.8 6.9 7.4 7.4 10 13.7 17 17.6 17.1 16.6 16.4 15.7 15.1 14 12.9 12.5 9.7 7.4 6.4 6.2 6.2 6.1 5.8 5.5 5.6 8.3 8.5 9.5 13.9 20.3 24.2 14.2 10.8 1.4 1.4 13 10.4 8 6.2 5.9 5.9 6.1 5.4 5.1 5.1 5 5 4.5
9.3 9.1 9 8.8 8.7 8.3 7.9 8 7.8 7.7 7.3 7.4 7.4 7.4 7.4 7.2 7.1 6.9 6.9 6.7 6.5 5.9 6.3 6.9 7.9 8.3 8.9 9.2 10.4 11.6 11.3 11.8 14.9 16.8 16.5 12.9 7.3 5.5 5.5 6.3 7 8.7 11.3 14.4 17.5 18.6 18.6 17.9 17.3 16.5 15.9 15 13.8 12.2 10.8 9.4 8.2 7.1 6.4 6.1 5.8 5.3 5.6 8.7 8.3 9.8 14.6 23.2 22.4 18 1.4 1.4 1.4 9.9 11.5 8.7 6.9 6.5 6.9 6.7 5.6 5.2 5.1 5.2 5.4 5.5
9.3 9.2 9.1 8.9 8.8 8.6 8.3 8 7.9 7.7 7.6 7.3 7.1 7 6.3 6.7 6.9 7 7 6.9 6.6 6.4 6.2 6.1 6.7 7.2 8.2 9.3 10.7 12.7 11.9 11.6 11.1 13.1 14.2 12.1 7.8 5.5 3.5 6.1 6 6.5 10.3 13.4 17.2 19.4 20 19.2 17.7 17.1 16.8 16 14.9 14.3 13.2 11.8 9.2 9.4 8.4 8.1 5 5 5.8 6.6 9.1 14.4 17.5 19 20 20.3 2 1.4 1.4 1.8 11.2 8.1 6.6 6.7 7.1 8.7 5.6 5.1 4.8 5.1 5.3 5.5
9.4 9.2 9.1 9 8.9 8.7 8.4 8 7.9 7.7 7.5 7.3 6.4 6.6 6.1 6.5 6.7 6.8 7 7.3 7.1 6.8 6.6 6.6 6.5 6.1 6.2 10.2 11.4 12.7 11.6 11.4 10.8 9.9 10 7.8 5.5 5.4 5.9 6 5.9 5.8 5.8 8.7 11.6 18.2 19.8 18.1 17.4 18 17.8 17 16.4 15.8 14.8 13.1 12.4 11.5 6.2 4.1 4.1 4.1 6.2 6.1 5.8 9.9 17 16.3 20.5 19.2 8.8 1.4 1.4 3.1 5.3 8 6.5 6.2 6.6 5.9 5.3 4.9 5.1 5.1 5.4 5.6
9.4 9.3 9.2 9.1 9 8.7 8.3 8 7.8 7.7 7.4 7.1 6.5 6.1 5.9 6.2 6.4 6.6 6.8 7 6.9 6.6 6.4 6.8 6.6 6.4 6.8 8 10.6 10.7 9.7 10 9.2 8.5 5.7 5.5 5.5 3.3 5.9 5.9 5.9 5.8 5.9 5.8 7.6 8.3 11.2 11.7 15.8 18 18.5 18.4 17.9 17.2 15.6 14.2 13.6 11.6 9.7 4.1 4.1 4.1 4.1 4.1 5.4 5.9 6.3 18.2 19 18.6 15.8 16.7 8.9 6.4 2.7 8 6.3 5.6 5.6 5.2 5 4.9 5.1 5.3 5.4 5.7
9.4 9.3 9.3 9.2 9.1 8.7 8.3 8 7.8 7.6 7.4 7 6.5 6.1 5.7 5.9 6.2 6.3 6.5 6.7 6.4 6.1 6.3 6.6 6.7 6.5 6.4 7.4 8.8 9.1 8.7 8.9 7.8 6.5 5.8 5.6 5.4 6.5 5.9 6.5 6.1 5.8 5.8 5.8 5.9 5.9 6 7.4 8.3 9.8 14.1 18 17 17.7 17.5 14.2 14 12.9 10.7 4.1 4.1 4.1 4.1 4.1 4.3 6.1 6.8 8.6 14.2 12.8 13.8 14.3 13.4 10.3 6.1 7.2 6.3 5.6 5.1 5.1 5.1 5 5 5.3 5.5 5.8
9.4 9.3 9.3 9.2 9.2 8.8 8.2 8 7.8 7.5 7.3 6.9 6.6 6.2 5.9 5.8 5.9 6.1 6.3 6.4 6.2 6.3 6.5 6.6 7.3 7.1 6.9 6.9 8.4 8.1 8.3 7.8 7.2 6.8 6.1 5.5 5.4 5.4 5.8 6.2 5.7 5.8 5.8 5.9 5.9 5.9 5.8 6.1 6.2 6.8 7.1 8.5 14.3 17.4 17.1 16.3 15.1 13.9 13.6 10.3 4.1 4.1 4.1 4.1 4.5 6 6.6 7.9 10.2 11.2 12.1 9.8 7.5 10.7 9.3 5.9 6.3 5.3 5.2 5.2 5.2 5.2 5.1 5.3 5.5 5.8
9.4 9.3 9.2 9 8.7 8.5 8.2 8 7.7 7.5 7.3 7 6.7 6.4 6.1 5.5 5.6 5.9 6.2 6.4 6.3 6.6 6.9 6.9 7.7 7.4 7.1 6.5 7.2 7.1 7.2 7.9 7.9 7.7 6.8 5.9 3.3 5.5 5.8 6.2 5.7 5.8 5.9 5.9 5.9 5.9 5.9 6.4 6.3 6.4 6.5 7.2 8.5 9.1 13.8 15.9 15.5 14.9 13.6 5.3 4.1 4.1 4.1 4.1 4.1 4.1 4.1 6.7 7.4 8.5 8.5 8 7.8 7.4 7.7 7.1 5.5 5.3 5.2 5.2 5.2 5.3 5.2 5.2 5.5 6.3
9.4 9.2 9 8.7 8.5 8.3 8.1 7.8 7.6 7.4 7.1 6.8 6.5 6.2 5.9 5.2 5.5 5.6 5.7 6.1 6.4 6.8 6.7 6.9 7.2 7.6 7.3 6.8 6.6 6.8 7 7.3 7.6 7.1 6.4 5.7 4.6 5.9 6 7 6 5.8 5.9 5.9 5.9 5.9 6 7.2 7.9 8 8.5 8 8.7 9.1 9.8 11 12 13.3 13.8 5.4 4.1 4.1 4.1 4.1 4.1 4.1 4.1 4.1 6.5 6.1 6 7 7.3 7.2 7.5 6.2 5.8 5.3 5.1 5.2 5.3 5.3 5.3 5.3 5.4 5.6
9.2 9 8.8 8.6 8.3 8.1 7.9 7.7 7.4 7.2 7 6.7 6.3 6 5.5 5.4 5.3 5.3 5.5 5.8 6.2 6.4 6.6 6.6 7.1 7.8 7.8 7.3 6.9 6.7 6.7 6.8 7 6.9 6 5.2 5.7 5.5 5.5 7.3 7.3 6.6 6 5.8 8.5 8.6 8.4 8.4 5.1 4.8 4.1 4.1 4.2 4.5 4.4 4.7 8.5 9.3 10.4 4.9 4.1 4.1 4.1 4.1 4.1 4.1 4.1 4.1 6.2 6.6 5.6 6.4 6.4 6.6 7.2 6.8 6.1 5.5 5.1 5.2 5.3 5.3 5.3 5.6 5.7 6
9.3 9 8.7 8.4 8.2 8 7.7 7.5 7.3 7.1 6.8 6.5 6.2 5.8 5.7 5.5 4.7 5.3 5.4 5.9 6.3 6.3 6.1 6.4 7 7.5 7.4 6.7 6.8 6.5 6.3 6.1 6.4 6.6 5.8 3.5 7.9 7.2 7.3 7.4 7.3 7.3 7.4 6.4 9 8.1 4.2 4.1 4.1 4.1 4.1 4.1 4.1 4.1 4.1 4.1 10.4 4.1 4.1 4.1 4.1 4.1 4.1 4.1 4.1 4.1 4.1 4.1 4.4 7.6 7.2 7.3 6.7 6.5 6.8 7.3 6.4 5.7 5.2 5.1 5.3 5.6 5.9 5.9 5.9 6.4
9.3 9.1 8.8 8.5 8.2 7.9 7.6 7.4 7.1 6.9 6.7 6.3 6.1 5.8 5.6 5.4 5.3 5.7 5.2 5.4 5.7 5.6 5.9 6.3 6.8 7.1 7.1 6.8 6.6 6.5 6.3 6.2 6.2 6.2 6.1 3.5 -2.6 6.8 7.5 7.7 7.5 5 3.5 3.6 3.9 4.1 4.1 4.1 4.1 4.1 4.1 4.1 4.1 4.1 4.1 4.1 4.1 10.2 4.1 4.1 4.1 4.1 4.1 4.1 4.1 4.1 4.1 4.1 4.1 7.7 7.4 7.1 7.1 7.3 6 7.7 6.8 6 5.5 5.8 6.2 6.2 6.2 6.2 6.2 6.6
9.4 9.1 8.8 8.5 8.3 8 7.7 7.4 7.1 6.8 6.5 6.4 6.2 6 5.6 5.5 5.1 5.2 5.2 4.8 5.2 5.4 5.8 6.1 6.6 7 6.7 6.7 6.6 6.4 6.3 6.4 6.4 5.9 6.1 5.9 -2.6 6.6 6.9 3.8 3.3 2.6 2.5 2.4 2.8 8.7 4.1 4.1 4.1 4.1 4.1 4.1 4.1 4.1 4.1 4.1 4.1 4.1 4.1 4.1 4.1 4.1 4.1 4.1 4.1 4.1 4.1 4.1 4.1 7.6 7.3 7 7.1 7.2 7 7.4 7.1 6.9 6.2 6.2 6.2 6.1 6.4 6.5 6.6 6.7
9.4 9.1 8.9 8.6 8.3 8 7.7 7.4 7.1 6.8 6.5 6.3 6.1 6 5.8 5.2 5.2 5.2 5.6 5.6 5.4 5.6 5.9 6 6.2 6.6 6.6 6.6 6.6 6.4 6.4 6.4 6.4 5.6 6.2 5.9 -2.6 -2.6 3.1 2.6 1.9 1.6 1.4 1.7 2.2 2.5 8.3 4.1 4.1 4.1 4.1 4.1 4.1 4.1 4.1 4.1 4.1 4.1 4.1 4.1 4.1 4.1 4.1 4.1 4.1 4.1 4.1 4.1 4.1 7.3 7.5 6.9 7.4 7.3 6.8 4.5 5.6 7.4 7.4 6.2 6.2 5.5 5.7 6 6.2 6.7
9.4 9.1 8.8 8.5 8.2 7.9 7.6 7.3 7 6.7 6.4 6.2 6 5.9 5.7 5.3 5.1 5.5 6.4 6.1 5.8 5.4 6 6 6.4 6.5 6.6 6.4 6.4 6.3 6.4 6.4 6.2 6.1 7.6 7.3 8.7 -2.6 2.4 1.2 0.6 0.4 0.6 1.1 1.5 2 7.5 4.3 4.1 4.1 4.1 4.1 4.1 4.1 4.1 4.1 4.1 4.1 4.1 4.1 4.1 4.1 4.1 4.1 4.1 4.1 4.1 4.1 4.1 4.2 6 4.2 5.8 6.9 4.5 4.5 4.5 4.5 4.5 7.6 6.1 5.4 5.3 5.5 6 7.1
9.4 9.1 8.7 8.4 8.1 7.8 7.5 7.2 6.9 6.7 6.4 6.1 5.9 5.8 5.6 5.3 5 5.1 6.4 6.5 5.3 6.3 5.6 7.2 5.9 6.4 6.4 6.6 6.6 6.5 6.3 6.3 5.9 6.8 6.9 4.5 3 -2.6 -2.6 -0.2 -0.6 -0.5 0 0.4 1.1 1.7 2.3 9.4 4.1 4.1 4.1 4.1 4.1 4.1 4.1 4.1 4.1 4.1 4.1 4.1 4.1 4.1 4.1 4.1 4.1 4.1 4.1 4.1 4.1 6.9 6.8 7 6.2 7.5 4.5 4.5 4.5 4.5 4.5 7.8 5.8 5.6 5.5 5.6 6.8 7.8
9.3 9 8.7 8.4 8 7.7 7.4 7.1 6.9 6.6 6.4 6.1 5.8 5.7 5.5 5.1 5 4.9 5.2 6.4 6.6 5.5 5.6 6.8 6.2 6.5 6.7 6.8 6.8 6.9 6.7 6.9 7.1 7.3 8.4 3.4 1.9 -0.7 -2.6 -1.7 -1.6 -1.1 -0.5 0.1 0.7 1.3 1.8 3.6 5 4.1 4.1 4.1 4.1 4.1 4.1 4.1 4.1 4.1 4.1 4.1 4.1 4.1 4.1 4.1 4.1 4.1 4.1 4.1 4.1 6.9 7.1 8.4 9 8.7 9 6.5 8.3 4.5 5 9 6.4 6 5.7 6.2 6 2.4
9.6 8.9 8.6 8.3 8 7.7 7.4 7.1 6.8 6.6 6.3 6 5.8 5.5 5.4 4.9 4.9 4.9 4.9 5.2 7.4 6.5 6.9 6.7 6.9 6.9 6.9 7 7.1 8.1 7.5 7.8 8.5 8.1 4 2.7 1.2 -0.5 -2.6 -2.6 -2 -1.5 -1 -0.5 0 0.5 1.1 1.9 9.4 4.1 4.1 4.1 4.1 4.1 4.1 4.1 4.1 4.1 4.1 4.1 4.1 4.1 4.1 4.1 4.1 4.1 4.1 4.1 6.8 8.6 8.6 9.9 10.3 9.6 9.5 9.7 10.1 9 9.5 10.3 7.4 5.9 6.4 6.9 2.4 1.7
9.8 9.3 8.5 8.2 7.9 7.6 7.3 7 6.8 6.5 6.3 6 5.7 5.5 5.2 4.7 4.9 4.9 4.9 4.9 6.2 7.3 7.6 7 7.2 7.3 7.8 7 8.8 8.7 8.1 11.5 8.2 4.4 3.6 2.5 1.5 -0.3 -2.6 -2.6 -2.6 -2.2 -1.7 -1.2 -0.7 -0.2 0.3 1 2.3 7.5 4.1 4.1 4.1 4.1 4.1 4.1 4.1 4.1 4.1 4.1 4.1 4.1 4.1 4.1 4.1 4.1 4.1 4.1 4.1 4.1 4.1 8.5 9.7 10.1 16.2 9.8 9.4 9.9 11.1 13.4 15.4 6.8 6.9 2.5 1.9 1.1
10 9.5 9.1 8.1 7.8 7.5 7.3 7 6.7 6.5 6.2 5.9 5.7 5.4 4.9 5.1 5 4.8 4.9 4.9 5.6 6 6.3 6.2 6.8 5.5 6.5 6.2 6.9 7.9 15.3 7.6 4.9 3.7 3.1 2.5 1.9 0.2 -1.6 -2.6 -2.7 -2.6 -2.4 -1.9 -1.4 -0.9 -0.5 0.2 1.1 8.5 4.5 4.1 4.1 4.1 4.1 4.1 4.1 4.1 4.1 4.1 4.1 4.1 4.1 4.1 4.1 4.1 4.1 4.1 4.1 4.1 4.1 4.1 4.1 5.3 5.9 9.4 9.4 11 14.5 19.3 15 7.8 2.9 1.9 1.3 0.6
10 9.7 9.2 8.8 7.7 7.5 7.2 6.9 6.6 6.3 6 5.8 5.6 5.5 5 5.1 5.1 4.9 5 5.1 5.1 5.7 6 5.8 6 6.9 7.4 8 9.5 12.4 5.4 3.8 3.6 3.1 2.5 2.5 1.9 0.3 -1.6 -2.6 -2.6 -2.6 -2.6 -2.6 -2.2 -1.7 -1.7 -1.3 -0.4 1.1 9.7 4.1 4.1 4.1 4.1 4.1 4.1 4.1 4.1 4.1 4.1 4.1 4.1 4.1 4.1 4.1 4.1 4.1 4.1 4.1 4.1 4.1 4.1 4.1 4.1 4.2 8.8 11.6 14.7 17.3 14.5 3.5 1.8 1.2 0.6 0.1
10 9.9 8.8 8.2 7.4 7.2 7 6.7 6.4 6.1 5.9 5.8 5.7 6.1 5.2 5.2 5.1 5.5 5.7 5.5 5.8 6.2 9.7 7.5 7.7 5.4 7.4 8.6 6.1 4.6 3.5 3.7 3.6 3.7 2.5 2.5 1.2 -0.4 -1.6 -2.6 -2.6 -2.6 -2.6 -2.6 -2.6 -2.6 -2.6 -2.6 -2.6 -2.6 1.3 9.6 4.1 4.1 4.1 4.1 4.1 4.1 4.1 4.1 4.8 4.1 4.1 4.1 4.1 4.1 4.1 4.1 4.1 4.1 4.1 4.1 4.1 4.1 4.1 5.7 9.3 9.1 12.9 14.5 5.7 2.2 0.9 0.3 -0.1 -0.7
9 7.7 8 7.5 7 6.9 6.7 6.5 6.2 6.1 6 5.9 6.2 6.3 5.3 5.5 6 6.8 6.8 5.8 8.7 6.4 7.2 9.5 10.1 8.9 8.1 6.6 4.2 3.7 3.7 3.6 3.5 3.4 2.5 2.3 1.1 -0.1 -1.3 -2.6 -2.6 -2.6 -2.6 -2.6 -2.6 -2.6 -2.6 -2.7 -2.7 -2.6 -2.6 -2.6 9.5 4.1 4.1 4.9 4.8 5.9 4.9 6.7 6.5 4.1 4.1 4.1 4.1 4.1 4.1 4.1 4.1 4.1 4.1 4.1 4.1 4.1 9.4 2.5 2.5 2.5 9.5 10.6 2.9 1.5 0.3 -0.7 -1 -1.5
6.3 6.5 6.7 6.9 6.8 6.7 6.5 6.4 6.3 6.3 6.2 6.1 7.6 6.4 6.9 8.5 8 6.6 9 6.8 8.7 8.8 10.3 10.5 9.9 6.7 4.7 4 3.7 3.5 3.3 3.2 3.1 2.9 2.4 1.7 1 -0.1 -1.3 -2.6 -2.6 -2.6 -2.6 -2.6 -2.6 -2.6 -2.6 -2.7 -2.6 -2.6 -2.6 -2.6 -2.6 8 5.2 5.6 6.5 7.3 5.5 9.1 9.9 4.2 4.1 4.1 4.1 4.1 4.1 4.1 4.1 4.1 4.1 4.1 4.1 8.9 2.2 1.6 1.6 1.7 2.4 11.4 1.5 0.2 -0.7 -1.5 -2 -2.6
