data/320000-260000.asc
ncols 200
nrows 200
xllcorner 320000
yllcorner 260000
cellsize 50
[rows 140 to 174 of 200, columns 78 to 155 of 200]
240.3 239.9 239.2 238.5 238.1 235 233.6 232.7 232.2 232.6 230.5 229.2 227.1 225 223.5 225.3 223.9 223 221.4 221.8 221.8 221.5 222.3 223.4 220 217.5 226 224.2 225.7 225.8 225.7 225.2 224.8 223.1 223.1 224.6 225.8 227 228.1 227.7 228.8 220.6 208.9 214.6 228.1 229.1 228.8 224.2 220.3 222.7 227.5 228 230.9 233.1 235.3 239.4 244.6 247.8 253.3 257.8 261.2 264.1 264 256.2 255.9 253.7 256.7 267.8 286.1 303.2 314.1 320.2 320.9 320.1 314.8 298.3 282.9 276.9
236.1 234.8 234.4 233.2 231.3 230.6 228.5 227.2 226.1 226.5 225.6 221.8 222.7 222.9 222.3 219.8 219 219.2 219 220.6 220.8 220 221.2 221.5 218.7 215.8 225.3 223.6 224.7 225.7 223.7 223.2 222.7 221.8 221.8 221.2 222.6 223.7 225.3 225 220.6 214.9 208.1 217.2 227 228.2 226 223.5 219.6 221.1 225 227 228.9 231 234.1 238.1 239.7 241.1 244.4 249 254.2 254.9 251.1 248 250.8 256.1 267.3 283.7 303.4 315.4 321.2 322.5 320.8 318.8 312.9 299.5 283.2 271.9
230 228.5 228.4 226.7 224.6 223.2 222.8 222.4 218.7 218.2 220.2 219.1 218.9 217 214.8 214.4 215.7 216.2 216.3 217.4 216.9 216.7 218.4 218.7 216.3 213.7 220.8 219.6 220.2 221.9 220.8 221 221.1 220.6 220.6 219.5 219.9 218.9 219.5 216.7 214.2 209.1 206 221.3 227.2 226.3 224.4 221.5 219.8 219.2 218.5 222.3 226.7 229 232.4 235.7 235.9 236.4 238.8 242.1 247.4 247.4 244 245.9 253.6 266.4 282.8 301.5 318.9 326.1 326.5 324 321.9 319.5 314.8 309.3 302.1 295.6
224.5 222.4 221.5 220.4 216.7 218.6 218.3 219.6 216.8 214.7 216.1 214.6 212.6 210.9 209.9 210.7 211.5 212.3 212.6 212.8 211.8 212.4 214 215.3 212.9 210.9 216 215.4 215.5 217.2 217.8 218.1 219.7 220 219.1 217.8 215.9 214.8 213.5 212.2 211.1 205.7 207.1 217.8 222.1 221.4 219.8 220.3 220.3 217.5 214 217 221.7 227.9 230.8 231.8 232.1 233.5 236 237.9 238.4 239.8 244.3 252.2 264.6 281 300.1 318.6 331.1 332.7 329 325.6 322.9 319.2 314.5 309.4 303.9 298.1
219.7 218.5 216.7 215.8 214.8 214.5 214.3 214.7 214.8 213.2 210.5 210.1 209.6 207.8 206.8 206.6 206.5 207.5 207.7 208.3 207.6 208.5 210.3 211.1 209.2 208.8 213.1 216 214.9 215.9 214.8 216.5 217.8 219 217.9 214.8 215.9 213.4 211.3 210.5 208.5 203.7 206.1 213.6 213.5 214.3 216.4 219.4 221.3 219.4 214.7 214 215.1 221.7 225.1 225.9 229.3 231.6 232.8 232.8 234.2 240.5 247.8 264.2 280.6 301.4 319.3 332.9 336.5 335.2 331.1 327 322.5 317.6 313.4 306.8 301.5 296.6
218.2 216.3 214.9 213.9 212.9 211.7 210.6 209.6 209.5 209.2 206.5 207 207.2 205.7 204.1 203.4 203 203 203.5 203.9 205 206.2 207.6 208.7 208.6 209.6 212.9 216 216.8 215.8 214.4 210.8 212 213.4 212.9 211 211 209.7 208.7 208.1 206.9 202.8 203.4 211 210.7 213 214.6 216.9 218 219.8 220.1 218.5 213.8 216.4 219 223.5 226.8 229.2 229.9 230.1 237.5 244.8 260.5 281.9 302.8 317.8 330.9 337.7 337.3 333.6 329.3 326 320.4 314.5 308.3 302.3 296.5 290.9
218.1 216.1 214.7 213 211.7 210.6 209.5 208.6 208.2 207.4 205 204.3 205 203.8 202.8 202.1 201.6 201.2 201.5 201.9 203.1 204.3 206.1 207.2 207.1 208.9 212 213.8 214.9 214.7 212.3 209.2 206.5 206.2 206.3 205.8 205 207.6 208 207 206.8 204 204 208.6 211.2 212.4 214.2 215.8 213.8 216.6 220.7 220.6 214 214.3 218 221.9 225.4 226 227.4 233.7 242.6 256.3 278.8 302 315.6 326.4 332.8 337.2 333.4 329.3 324.7 318.9 313.1 307.9 301.2 295.6 290.4 284.7
217.8 216.1 215.2 213.3 211.5 210.5 209.9 208.8 207.6 207.2 204.7 204.4 204 203 201.9 201.4 200.9 200 200.3 200.7 201.7 202.9 204.6 204.7 204.7 206.5 207.7 208.6 210.3 209.3 207.4 206.1 204.1 203.3 204.3 204.1 207.1 209.6 208.4 207.5 207.9 205.9 204 202.3 208.3 210.5 209.7 210.5 209.8 211 214.3 215.4 211.4 210.4 216.1 220.1 225.9 222 228.8 238.8 250.7 271.5 293.9 313.5 322.5 326.2 332.2 331.4 327.7 323.1 316.6 310.9 306 300.7 294.1 289.5 284.1 279
217.6 215.9 215.4 213.1 211.3 210.3 210.2 209.2 208.2 207.4 206 205 204 203.2 201.7 200.6 200.1 199.7 199.4 199.5 201.1 202.8 204.4 204 203 204 204.9 204.6 204.6 204.1 203.7 202.9 202.5 202.4 203.6 204.6 207.1 210 208.2 206.3 207.3 206.1 204 204 202.1 204.8 206.7 209.2 207.5 207.2 209.6 210.4 209.8 210.9 214.4 218.6 219.7 222 233.9 247.1 261.6 287.1 306.6 317.8 318.4 319.7 326.3 324.8 320 315.4 308.8 305.1 300.5 295.3 288.4 283.2 279.6 273.1
217.5 215.8 215.6 213 211.4 210.3 209.7 208.7 207.9 207.1 206.2 205 204.8 203.4 202.1 201.3 200.8 200.3 200.1 199.5 199.9 201.3 202.8 202.2 201.5 202 202.3 202.1 201.9 201.6 201.6 202.2 202.3 202 202 202.3 204 205.9 205.3 203.9 204 204.7 204.1 202.3 198.6 200.1 203.3 206.3 206.3 205.7 205.6 206.6 208.8 210.7 213.8 215.9 217.4 229.5 241.2 254.5 268.8 289.5 305.4 311.9 311.6 308.5 309.3 310.4 307.6 306.9 303.3 299.5 294.3 286.2 280.6 275.4 271.1 266
217.2 215.5 214.7 213.2 212.5 211.4 209.2 208.2 207.5 206.7 205.8 205 204.2 203.4 202.5 201.6 200.7 200.5 199.9 199.7 200.1 200.6 201.2 200.7 199.8 200.6 200.9 200.5 200.1 199.6 199.6 200 200.3 200.5 200.4 200.3 200.7 201.4 201.9 201.2 200.5 201 199.7 197.7 195.5 196.4 200.8 203.8 203.8 204.2 204.5 203.8 205.3 207.4 209.2 212.8 226.2 236.2 250.3 257.9 265.8 278.1 294.2 299.6 300 298.6 295.4 294.1 294.9 293.7 289.4 285.8 280.5 277.2 270.9 266.5 261.4 259.2
216.3 215.4 214.5 213.8 212.9 211.1 209.4 207.9 207 206.2 205.3 205.5 204.6 203.7 202.9 201.3 200.6 200.1 199.3 199.7 200.1 200.3 200.1 199.6 200.3 200.9 200 198.7 198.2 197.8 198.3 199 199.4 199.2 198.8 198.6 198.1 198.1 198.4 198.6 198.6 198.5 198.5 196.8 195.4 194.1 199.6 201.3 200.9 201.5 200.4 200.1 203 208.2 213.4 219.7 227.7 236.2 247.9 257.3 264 271.3 278.2 287 287.6 288.8 287.9 283.8 281.6 281.1 277.6 275.4 273.1 269.7 265.2 260.4 256.1 251.9
215.6 215.5 214.5 213.6 213 211.7 209.5 208.1 206.7 205.7 206.1 205.9 205 204.1 203.1 201.3 200.4 200.1 199.5 199.6 199.6 199.4 199 198.4 198.8 198.6 199 198.6 198.1 197.8 197.8 198 198.4 198 197.3 197 197 197.1 195.9 195.3 196.2 196.5 197.4 196.9 195.4 195.2 196.2 197.5 197.9 196.5 197.8 200.6 202.5 206.7 211.8 218.2 223.8 230.8 239.9 251.7 258.8 262.9 269.7 273.8 276.4 278.6 280.1 279.1 277.8 276.5 270.6 267.8 266.2 263.1 259.5 253.6 249 244.8
215.5 215.6 214.5 213.4 212.7 211.4 209.2 207.9 206.8 206.2 206.1 205.7 205.1 204.5 203.4 202.5 201.9 200.9 200.3 200 199.4 198.8 197.8 197.5 196.8 196.4 197.2 197 196.8 196.6 196.8 197.2 197.2 196.4 196 196 196.4 196.4 195.9 196.9 196.2 195.5 196.4 195.6 194.5 194.1 195.1 196.4 195.7 195.4 197.7 199 202.1 204.8 211.1 217.8 224.9 232.9 240.1 249.3 255.9 258.9 263.1 266.5 266.9 264.1 262.1 261 262 261.8 258.4 253.6 256.2 255.3 252 245.6 242.3 239.1
215.7 215.7 213.7 213.4 212.4 210.9 209.2 208.4 207.6 207 206.4 205.5 204.8 204.1 203.3 202.8 202.3 201.5 200.8 200.1 199.3 198.4 197.8 197.2 196.7 195.6 195.4 195.6 195.5 195.2 194.9 195.6 195.5 194.8 195.5 195.2 195.7 195.6 195.6 195.3 195.9 195.1 194.8 194.4 193.7 193 194.3 195.4 195.5 194 195.4 196.1 200.4 202.4 209.2 217.3 225.3 234.1 243.7 249.2 255.3 256.5 256.9 258.5 258 256.7 256.5 253 253.6 252.1 249.2 242.8 240.1 240.2 239 237.8 236 233.6
215.3 214.1 213.7 212.4 211.4 209.2 208.8 208.3 207.6 207.3 206.8 206.2 205.4 204.6 203.9 203.3 202.7 202 201.3 200.5 199.5 197.4 197 196.7 196.4 195.7 195.1 194.7 194.5 194.5 194.1 194 193.8 193.4 193.6 193.8 194.4 194.2 193.9 194.1 194.7 194.2 194.4 193.9 193 191.8 193.4 193.9 193.9 192.7 192.2 193.7 194.2 200.6 205.9 214.2 221 226.8 235.4 241.9 249.7 252.4 252.3 252.5 253.4 254.3 253.2 250.5 249.9 251.4 252.9 246.8 242.2 242.3 240.3 236.1 230.7 230.7
215.8 213.9 213.4 211.8 210.4 209.4 208.9 208.3 208 207.9 206.3 206.3 205.7 205.2 204.5 203.9 203.2 202.5 201.8 201 199.8 198.3 197.6 196.9 196.2 195.6 195.3 195.3 193.8 193.8 193.8 193.4 192.4 191.9 191.6 192.4 192.9 192.9 192.8 193.1 193.4 193.6 193.7 193.4 192.5 190.1 191.7 192.6 192.7 192.6 190.3 191.7 191.6 196.1 202.9 209.7 215 219.1 225.9 234.1 240.8 244.5 245.9 247.8 249.3 249.2 247.7 246 245.6 247.1 246.8 243.8 241.2 240.6 241.2 238.2 237.6 237.6
215.2 214.3 213.1 212.1 211 210.3 210 209.6 208.9 207.2 205.6 205.3 205.6 205.7 204.9 204.2 203.6 202.9 201.8 200.9 199.9 199.2 198.5 197.8 197.1 196.5 195.9 194.9 195.1 194.1 193.4 193 191.6 190.8 190.6 191.3 191.6 191.7 191.8 192.1 192.4 192.5 192.6 191.9 191.7 189.7 190.4 191.2 191.4 191.3 190.9 190.4 190.2 192.8 199.6 204.1 209.1 212.5 218.5 223.9 231.3 235.2 236.2 240.5 243 243.6 243.9 243.4 243.3 243.3 241.8 240.6 240.8 240.8 240.7 238.2 237.6 237.6
215.4 214.7 213.6 212.6 211.6 211.3 211 210.4 209.1 208.1 206.7 205.1 205 205.4 205.3 204.4 203.1 202.2 200.8 200.5 199.9 199.2 199.3 198.6 197.9 197.6 196.6 194.6 194.3 193.6 193.6 192.9 191.5 190.6 190.2 190.9 191.2 190.7 190.8 191.1 191.4 191.7 191.4 190.7 190.6 189.9 189.7 190.4 190.4 190.4 190.1 189.6 189.1 188.2 195.5 199.9 201.6 205.7 209.1 214.5 219.7 223.4 228.9 234.8 236 237.6 238.4 239.5 239.9 240.5 239.3 239.2 240.7 241.3 239.2 238.1 237.6 237.5
215.4 214.4 213.6 213 211.9 211.6 211.4 210.6 209.1 208.5 207.2 205.8 204.2 205.1 205.5 204.4 202.8 201.7 200.5 200.4 199.9 199.2 199.5 199.4 199 198.6 196.7 195.2 194.5 194.9 194.7 193.3 192 190.6 190.2 190.3 190.8 189.9 190.4 191 190.6 190.8 190.4 189.5 189.2 189.1 187.9 189.4 189.4 189.2 189.2 188.7 187.7 186.7 186.3 190.3 194.6 197.2 202.2 203.7 208.2 210.8 217.2 222.9 227.4 229.2 233.5 234.5 234.5 237.4 236.4 235.8 236 236.9 237 237.3 236.8 235.7
216.8 215.7 215.4 214.5 212.3 211.6 211.2 210.8 209.4 208.6 208.8 208.3 205.5 204.9 205.7 204.5 202.9 201.2 200.3 199.5 199.2 199.1 199 199.4 199.3 199.6 198.1 196.6 195.4 195.6 195.1 193.8 192.5 191.1 190 189.3 189.8 189.4 190.4 191 190.7 190.2 190.6 190.2 189.3 188.7 188.8 189 188.8 189 186.8 187.5 187 186.1 185.3 185.7 188.7 192.5 196.7 198.5 201.7 204.6 207.8 212.2 217.4 220.1 224.8 228.1 230.2 231.9 231.9 232 232.2 232.4 233.1 233.7 233.6 233.9
218.1 217 216.5 215.3 213.2 211 211.1 210.6 210 210.2 210.5 209.5 207.2 205.3 205.8 204.5 202.9 202.3 200.9 199.5 199.2 199.1 199 198.8 199.5 200.6 199.4 198 197.1 195.7 194.2 193.2 192.2 191.8 189.6 188.9 188.9 188.9 189.5 190.3 190.1 189.5 189.2 189.3 188.9 188.4 188.3 188.2 188 187.9 187.9 187.2 186.5 185.7 185 184.3 185.3 185.9 190.3 193.4 196.7 198.8 201.7 204.6 208.1 211.2 213.9 217.4 222.2 223.9 225.7 226.5 228 226.8 228.1 229.6 229.7 231.2
218.2 217.5 216.7 215.3 214.1 212.3 211.1 210.6 210.7 210.8 210.9 209.7 208.1 207.2 205.7 204.5 204.1 203.5 202.3 201 199.2 199.1 199 198.6 200 200.6 199.7 198.4 197.6 196.4 195 193.7 193.4 192 190.6 189.2 188.9 188.9 188.9 189.4 189.6 189.2 188.9 188.6 188.6 188 187.2 187.2 187.3 187.1 186.8 186.1 186 185.8 184.9 183.8 182.3 184 184.7 189.6 192.1 193.6 196.5 199.6 202.7 204.1 206.1 207.9 211.8 215.3 217 219.8 221.2 221.4 222.8 225.2 225.8 226.5
217.3 217.1 216.3 214.8 213.3 212 211.5 211 210.9 210.9 210.1 208.8 207.7 206.7 206.2 204.5 205.8 204.8 203.8 202.4 200.6 199.1 199 198.6 198.5 198.9 198.4 197.5 197 197 195.9 195.3 194.4 193.4 192 190.1 190.2 188.9 188.9 189.5 189.5 189.1 188.7 188.3 188 187 186.3 185.8 185.7 186.3 184.8 185.1 184.2 185.5 184.9 184.1 182.6 183.4 184 187.4 191 191.3 193.8 196.7 198.5 199.4 201 202.6 204.5 207.3 208.4 210.5 212.7 216.3 217.8 219.5 220.9 221.4
217.1 216.3 215.2 213.8 213.9 213.3 212.1 210.2 210.9 210.6 209.1 207.6 206.8 206.6 206.9 207.6 207.4 206.4 205.3 203.8 202 200.2 199.3 199.3 199 198 196.3 195.3 196.4 196.5 196.3 195.9 195.7 194.5 192.4 190.7 191.1 191.9 190.2 189.6 189.4 188.9 188.5 188.1 187.7 185.8 185.8 185.2 185.5 186 185.7 184.9 184.9 184.2 183.6 183.2 183.3 183.5 184.9 187 188.8 189.4 191.2 193 194.5 194.7 195.9 197.6 199.8 201.8 202.7 204 206.1 209 212.7 213.8 215.1 215.6
216.2 216.2 215.9 215.2 215.5 214.6 213.4 211.8 210.4 209.1 207.8 207.3 207 206.9 207.4 207.6 207.9 208 206.8 205.4 203.7 202.3 200.6 199.7 199 198.2 197.1 195.4 194 194.5 195 195.3 195.9 194.9 192.4 190 191.3 192.7 191.6 189.7 189.1 188.6 188 187.5 186.9 185.9 185.4 184.5 184.7 184.8 185.2 184.7 184.5 182.5 181.9 182.1 183 183.7 184.2 185.7 185.8 188.1 189.1 189.7 190.4 190.6 191 192.5 194.8 196.3 197.6 198.5 200.4 203 206.2 207.8 208.1 208.1
218.6 218.1 217.7 216.5 216.4 215.6 214.3 212.2 210.2 209 208.6 208.2 208.5 208.7 208.5 207.8 207.8 208.5 208 206.6 205.1 202.6 202.4 202.2 201.2 199.4 198.7 197.6 195.9 193.3 193.3 193.6 193.5 191.7 190.6 190.3 189.9 190.2 190.4 189.8 189 188.4 187.8 186.9 185.9 185.8 185.3 183.9 183.9 184.3 184.4 184.6 184.2 183.3 181.9 182.4 182.9 183.3 183.7 184 183.5 184.9 185.3 186.8 187.7 187.3 187.9 188.7 191.3 192.5 192.9 193.6 195.2 197.3 201 202.9 202.7 202.9
220.6 220.6 219.1 217.8 217.2 215.8 215.1 213.3 212.1 211.3 209.5 209.3 209.7 210.2 210.2 208.9 208 207.9 207.4 206.3 204.5 204 204.6 205.3 202.7 201.3 200.8 199.8 197.5 194.4 192.8 191.9 190.9 189.6 189.2 188.9 188.6 188.8 189 190.1 188.3 187.7 186.9 186.1 185.4 184.6 184 183.7 183.7 183.9 183.9 183.9 183 182 181.4 182.1 182.5 182.9 183.3 183.2 182.9 182.8 183.4 183.8 184.4 185.8 186.5 187 187.9 189.1 189.5 190.4 190.5 192.3 193.4 195.6 196.2 197.9
220.8 220.8 219.4 218.4 217 215.7 215.9 214.3 213.2 212.8 212.4 210.9 210.9 210.9 210.9 209.6 208.6 207.9 207.3 205.7 206.4 206.7 206.1 205.9 204 203.7 203.3 202.9 201.1 197 194.9 192.7 191.3 190.2 189 188.8 188.4 188.3 187.4 187.3 187.6 186.8 185.9 185.8 185.2 185 184.6 184 183.6 183.3 183.3 183 181.8 180.8 180.2 181.9 182.3 182.6 182.8 182.7 182.6 182.5 182.3 182.4 183.2 184.2 184.6 185.1 185.8 185 186 186.7 186.2 187.5 187.5 188.1 189.8 191.5
220 219.5 218.5 218.1 216.8 215.5 216.1 214.6 214 214.3 211.3 210.9 210.9 210.9 210.9 210.3 208.9 207.8 207.5 207.8 207.9 207.9 207.5 206.6 206.3 206.2 205.8 205.3 204 200.6 197.1 194.5 194.5 193.5 190.9 190.5 188.8 188.6 187.4 187.1 187.5 186.7 185.8 186 184.9 185.1 184.8 184.3 185.8 184.7 182.4 181.1 180.8 180.1 180 181.3 182 182.3 182.5 182.4 182.3 182.1 182 181.8 182 182.9 182.5 183.3 183.1 183.5 183.7 183.6 183.4 184.3 184.3 184.8 185.7 187
217.6 217.6 217.1 216.7 216.3 215.3 215.2 214.6 213.9 214.4 212 211.6 211.2 210.9 210.2 209.5 209 209 208.7 208.7 208.7 208 209.2 208.7 208.2 208.8 208 207.5 205.7 202.7 200.9 199.8 200.1 198.1 195.2 192.4 188.9 188.5 187.9 187.2 187.6 186.6 185.9 185.4 185.4 185.3 184.9 184.7 185.9 184.2 182.3 181.2 180.9 180.5 180.5 180.2 180.6 181.9 182.1 182 182 181.8 181.7 181.5 181.2 181.9 181.2 181 180.8 182 181.7 181.6 182.2 182.7 182.2 181.9 182.5 184.3
215.4 215.6 215.7 215.3 214.9 214.6 214.3 213.7 213.3 213.5 213 212.4 211.8 211.2 210.1 210.7 210.3 209.5 208.9 208 208.8 209.6 210 210 209.7 210.8 210 208.8 206.6 204.9 203.1 201.5 201 199.7 195.8 193.2 189.5 188.8 188.2 188.3 188.2 187.4 186 185.5 185.1 185.9 185.3 185.2 185.7 184.7 182.9 181.2 180.6 179.6 179.7 180.4 180.5 179.7 181.5 181.5 181.5 181.5 181.4 181.1 180.9 180.7 180.2 181.1 179.1 180.2 179.8 180.5 181.2 181 180 179.9 180.4 182.6
213.6 214.1 214.2 213.8 213.6 213.2 214.4 213.8 213.3 213.1 212.8 212.5 211.9 211.3 210.9 210.9 210.9 210.3 208.7 207.2 207.9 209.8 210.4 211.5 212.2 211.7 211 209.2 207 205.5 204.9 203 200.7 199.4 196.4 193.8 191 189.5 190.2 190.8 190.5 188.2 186.8 186.5 186.8 187.5 188.3 188 186.2 185.3 183.3 181.7 180.5 180.5 180.1 179.4 180.1 179.1 181.2 180.8 180.8 180.7 181.3 181.1 180.8 181.1 180.9 180.7 179.9 179 179.5 180.4 179.2 178.8 179.1 180.6 180.4 183.3
211.9 212.5 212.5 212 211.8 211.7 213.5 213.6 212.7 212.4 211.8 212 212.2 211.6 210.9 210.9 210.5 208.8 207.4 206.1 206.8 208.8 211.1 211.1 211 210.6 209.6 207.9 206.3 205.6 205.6 203.4 201.3 200.8 197.7 194.4 192.9 192.3 193.3 193.7 192 189.8 188.1 188.5 189.7 189.7 189.7 189.1 187.4 184.3 182.6 181.3 181.2 181.4 181.5 180.3 179.6 179.2 179.2 180.2 179.9 180.5 181.2 180.9 181.5 181.4 181.1 179.5 179.2 178.3 178.4 178.4 177.9 177.1 177.1 178.3 179.5 183.8
210.1 211.3 211.1 210.2 210.1 210.2 211.3 211.4 211.3 211.1 210.7 210.2 210.2 211.2 210.9 210 208.7 207.3 205.9 204.5 204.3 205.6 208 208.1 208.7 208.5 207.6 206.4 204.6 203.3 203.2 201.6 200.2 198.2 196.2 193.9 193.9 193.9 195.9 195.6 194.8 192 189.4 189.8 190 190 189.8 189.2 187.9 185.9 183 181.8 181.7 182.1 182.5 180.7 179.1 179.3 179.4 179.9 180.3 180.6 180.9 180.5 181.9 181.6 180.6 179.4 178.5 177.5 177.3 176.9 176.5 175.9 175.5 176.4 179.1 183.7
