data/320000-600000.asc
ncols 200
nrows 200
xllcorner 320000
yllcorner 600000
cellsize 50
[rows 140 to 174 of 200, columns 0 to 77 of 200]
321.6 324.3 327 332.2 337.6 345.9 352.5 357.3 366.7 373.1 373.1 366.8 354.4 328.8 309.6 298.3 286.8 280 281.7 282.3 298 313 334.1 351.8 366.7 365.1 359.4 352.3 347.3 344.3 341.4 336.1 330.3 324.5 318.4 314.7 309.9 305.6 301.2 297.3 294.7 291.9 291.1 290.6 289 284.7 282.8 282.7 282.4 282.7 279.7 274.9 269.5 264.7 262.4 258.4 253.9 250 245.5 245.4 238.8 233.9 232.4 243.5 244.2 246.4 250.1 252.5 256.9 257 254.3 249 241.5 231.2 223.5 213 208.2 207.6
318.8 321.5 323.7 327.7 334.6 344.3 352.7 357.6 366.3 374.6 378.5 374.7 361.7 332.7 314.6 301.5 290.5 279.3 280.9 280.7 296.1 310.2 328.8 345.3 361 362.4 355.8 349.6 345 341.8 340.1 335.5 329.4 322.5 317 311.9 307.5 303.5 299.4 297 294 292.2 292.1 293.3 293 288.3 286.5 286.2 284.1 282.9 282 278.3 272 266.3 263.1 257.6 252.1 248.4 243.8 241.2 237.5 233 231.9 241.6 243.7 246.8 249.7 251.8 254.3 254.7 251.8 246.3 238.3 229.7 222.7 212.7 207.6 207.1
315.6 318.5 320.7 323.5 330.5 340.5 349.8 355.8 364.7 373.4 380.5 378.5 365.5 339.4 319.1 304.2 292.1 279.9 278.4 279.2 292.8 305.6 321.5 338 354.1 355.1 350.1 346.2 343.4 339.7 337.7 333.8 327.8 323.1 321.3 317.1 312.3 305.6 300.3 298.4 295.8 295.1 296 295.6 295.5 292.9 290.9 289.9 288.4 284.5 283.4 281.1 275 268.4 262.8 259.7 254.8 250.3 245.5 238.2 233.9 230.4 230.8 241.4 243.4 246.5 249 250.7 251.9 251.9 248.9 244 236.9 228.8 225.7 211.9 207 206.7
310.2 315.1 317.9 320.4 324.2 333.5 343 351.5 359 369.7 376.8 379.5 370.9 351.7 328.4 307.8 294.2 283.4 277.9 278.3 288.7 300.9 311.8 325.3 344.9 347 344.9 344.3 340.6 337.3 334.7 332 329.3 327.9 327.4 325.1 319.2 311.5 305.8 302.6 301.6 301.2 299 297 296.9 295.4 294.5 294.7 293.4 290.3 286.6 283.4 277.8 273.6 268.4 261.9 256.6 251.1 246.5 240.5 235.2 228.7 236.3 239.6 242.3 245.1 247.5 248.9 249.7 248.7 246.4 242.5 234.7 225.4 222.8 210 207 206.4
302.5 305.3 314.2 317.1 320.3 325.3 335.4 344.1 352.6 363.2 373.3 381.1 375 361.9 334.8 314.1 297 286.4 277 277.2 287 295.5 302.6 313.8 330.3 337.1 337.1 338.8 336.1 335.8 335.1 335.7 336.3 334 332.5 328.9 322.4 316.2 312.3 308.9 307.8 305.5 302.6 299.4 298.1 297.8 298.8 299.8 298.8 294.8 289.6 286.1 282.7 278.8 273.5 264.5 258.5 252.3 246.9 241.3 238.4 227.6 232.5 236.5 239.5 242.5 244.7 246.6 247.6 245.9 243.7 238.4 233.1 226.4 220.3 210 207.1 206.3
303.2 300.4 300.1 309.8 314.8 318.6 326.6 337.3 346.8 358.9 370.3 376.1 377.5 365 343 322.5 301.1 288.9 277.4 276 282.4 290.4 297.9 305.8 316.5 325.5 331.1 332.9 333.9 335.6 338.5 343.9 343.6 342.4 340 331.8 326.9 322.7 321 316.4 312.6 309.1 304.2 302.5 301.4 303 303.7 304.6 303.2 298.3 293.1 289.8 285.3 282.8 278.2 268.9 262.1 254.8 246.8 241.1 236.9 230.2 228.4 231.7 235.3 238.3 241.2 243.8 245.1 243.2 239.3 235.3 230.4 227.7 225.1 210.1 206.3 206
312.6 306.1 299.3 299.1 300.7 312.1 318.1 328.9 341.5 354.4 366.7 372.6 374 365.4 352.9 330.6 305.4 290.8 278.3 274.4 277.2 287.8 293.1 299.8 308.6 316.6 323.6 328.5 332.1 338 343.9 348.1 349.2 346.4 342.7 338.3 334.1 330.3 327.8 324.1 320.1 314 307.8 306 306.6 308.3 308.9 309.7 307 302 298.1 294 290.2 287.8 285.1 271.9 265.1 255.5 247.4 242.7 236.2 231.7 225 225.1 228.2 231.6 236.9 239.7 241.6 240.3 236.5 232.3 227.9 228.6 227.3 214.9 206.1 205.9
323.1 315.3 305.9 295.7 295.9 297.7 311.4 321.8 334.9 347.7 360.3 367.4 370 364.8 356.2 335.1 309.9 291.1 277.4 272.9 275.5 285.2 289.8 293.8 300.6 308.2 314.8 324.2 332.4 342.6 348.6 352.6 354.2 351.1 345.1 342.9 339.9 340.5 337.2 334.2 330.6 324.8 316.9 312.4 313.3 314.6 314.9 315.1 312.2 308.2 303.7 299.5 295.6 292.8 289.9 275.8 267.5 258.5 250.5 244.1 238.8 233.4 228.5 225.9 223.4 223.5 229.5 234.6 237.4 237.4 233 228.9 227.5 227.1 222.6 215.2 206.4 205.7
329.3 319.7 311.9 303.2 296.7 293.5 304.1 315.4 327 338.2 349.7 358.7 361.5 358.7 349.8 332.2 311 291.7 279.1 272.2 273.8 279.6 287 289.7 294.2 301.3 310.4 321.4 333.4 345.7 352.6 356.4 356.4 353.4 349.3 345.3 345.4 345.6 343.6 341.4 339.8 337.6 329.1 324.7 322.4 320.8 320 319.6 317 312 307.8 305.1 299.8 295 291.3 279.2 269 260.9 253 246.4 239.2 235.9 231.8 228.9 226.7 223.1 219.7 228.2 232.8 233.9 230.2 226.3 226.1 227.2 224 218.3 206.6 205.5
330.6 321.8 314 305.9 297.6 291.7 298.2 310.8 320.2 329.3 337.2 344.7 347.1 344.4 335.9 322.2 304.9 291.9 281 273.3 272 275.1 283.9 286.4 290.1 296.4 304 318.6 333.3 347.3 354.7 358.6 358.1 356.1 351.1 347.2 347.8 348.2 347 346.1 344.6 342.4 336.8 337.4 333.8 326 322.6 319.9 316.6 313.4 310.9 310.8 304.5 296.1 290.8 281.7 269.9 263.3 256.4 249.3 242.1 238.1 235.5 230.6 228.1 224.6 220.8 222.8 228.3 230.2 227.6 224 225 226.8 223.4 216 207.8 205.3
330.8 320.7 314.2 305.2 297.3 291 294.2 306.1 314.4 320.8 324.9 328 328.1 325.5 318.9 310.6 298.8 289.1 283.4 275.4 270.9 271.2 272 279.1 285 290.7 298.9 315.3 331.8 348.1 356.3 359.3 358.2 354.8 350.6 348.5 350.6 347.8 350.4 348.9 345.6 342.1 342.5 342.4 337.4 326.9 323.3 320 314.7 311.2 310.8 313.7 302 290.4 286.5 281.7 272.1 263.5 257.5 250.7 245.5 240.3 236.5 233.6 230.6 226.6 222.4 215.3 222.2 226.1 224.7 223.1 224 224.6 222.4 217.2 207.2 205.5
327.8 320.4 312.7 310.6 309 299.8 291 300.2 309.6 314 314.3 312.2 310.2 308.7 305.5 302.8 293.4 284.9 280.8 275.7 271.8 270.6 270.2 270.7 279.3 286.5 292.5 311.6 329.5 347.4 359.6 360.1 356.3 353.1 351.1 347.5 345.5 344.5 347.5 347 344.7 340.6 344 342.8 334.3 325.4 322.8 319.8 315.1 308.1 307.7 307.8 298.3 289.1 282.9 280.1 272.2 264.6 258.9 252.5 247.9 245.2 241.1 238 234.2 229.2 225.9 219.8 215.2 220.5 221.5 220.3 222 221.8 220.2 215.2 207 205.7
325.1 321.5 318.2 315.6 313.7 310.5 298.1 288.1 297.6 304.2 307.4 303.8 301 299.1 299 299.2 293.1 283.8 278 272.9 273.3 269.4 269.1 268.9 270.8 282.7 289.3 308.7 326.4 345.7 360 359.6 355.6 353.6 351.5 343.1 340.3 338.9 340 342.7 340.3 337 338.8 336.9 329.7 324.6 321.1 317.2 311.6 304.8 303.4 302.9 294.2 285.6 279.9 277.4 272.2 265.1 259.9 254.8 250.9 248.4 246.2 243.5 239.1 232.7 228.5 224.3 216.8 209.8 215.2 216.3 218.6 218 216.5 213.4 208.1 207.1
331.4 327.2 322.4 319.8 317.4 314.6 309.5 297.3 286.2 292 296.9 295.6 295.3 293.8 290.1 285.3 280.6 278.2 277 278 277.6 277.2 271 267.2 265.5 271.1 282.7 301.7 323 342.4 355.9 356 353 351.5 348.8 338.4 333.8 330.9 332.5 333.3 331.3 331.2 331.2 329.2 325.1 320.5 317.4 312 306.7 300.7 298 296.7 288.7 282.4 277.6 276 272.6 268.1 263.4 258.9 254.2 251.9 249.6 246.8 241.7 234.5 232.1 227.5 220.5 215.3 210.8 210.5 211.2 211.3 209.4 211 208.1 206.6
335.5 331.4 327.7 324.5 322.3 319.7 315.6 310.1 297.4 289.4 284.9 282.9 285.3 282.3 282.2 283.5 283.2 285.2 288.8 283.2 278.7 276.4 272.5 268.9 266.8 264.3 275.3 294.1 317 342.3 356.1 357 353.2 348 340.3 332.8 326.8 324.5 325.9 327.7 329.5 326.5 324.6 322.7 318.7 315.5 310.9 306.1 301.9 298.2 293.8 291 284.3 279.9 277.7 276.5 275.1 272.1 267.3 261.7 257.5 255.3 251.4 247.9 243.4 240 235.6 231.2 223.7 220.5 215.3 212.4 210.3 210 209.7 209.2 207.8 206.5
342.9 338.7 335 331.7 328.6 325.4 321.7 315.7 309.1 295.8 291.6 292.2 290 294.4 296.3 297.4 299.1 298.2 294.7 288.2 282.6 278.3 273 270.2 267.2 264.6 268.8 289 313.1 340.2 357.4 360.8 355 345 336.2 326.4 319.8 319 321.4 326.5 328 324.8 319.2 315.5 311.4 307.1 303.4 299.8 296 295.7 291 288.4 281 278.2 278.1 277.4 276.2 274.1 269.4 263.8 260.9 259.1 255.3 252.5 248.3 244.6 240.1 234.1 227 223.4 222.2 219.7 214 210.2 209.8 208.8 207.9 207
356.7 350.8 345.9 342.5 339.7 336.5 330 322.7 314.2 308.7 302.7 302.8 304.4 307.6 309.7 311.5 312.7 309 302.9 293.3 286.3 282.9 277 270.5 266.8 264.8 264.6 279.6 304.3 332.9 353.2 363.5 359 344.2 332.7 322.5 316.2 315.2 318.5 325.4 326.6 323.7 315.7 308.9 303.8 300.5 298 294.5 290.8 288.5 286.4 283.6 278.9 277.3 276.9 276.5 276.2 274.4 270.4 265.7 264 261.8 259.3 257.7 253.6 249.3 245.2 239 234.1 230 228.8 226 217.8 211.3 209.4 208.5 207.6 206.7
375.5 368.6 361.7 357 355.5 353 344.8 335.1 326 320.2 313.8 310.3 318.1 322.3 327.1 328.8 329.7 324.8 313.9 300.1 290.2 284.8 280.6 272.3 266.8 265 263.8 274 296.8 321.1 343.5 360.6 358.3 341.4 332.3 321.5 312.5 312 315.2 323.6 325.3 321.8 312.3 303.5 297.2 293.3 291.5 289.1 285 284.1 282.2 279.9 277.6 276.1 276 275.8 275.7 274.6 271.2 267.9 269.2 266.9 264.6 263.8 258.3 254.3 248.5 243.7 239.5 235.7 233.2 229.3 224.2 216.8 209.8 208.2 207.1 206.3
394.7 389.5 380.6 375.4 375.3 369.5 361.4 348.4 340.1 331.5 328.2 327 333.2 338.4 343.5 345.6 345 338.4 323.8 305.9 293.2 287.2 282.5 276.5 268.5 265.3 264.9 264.3 290 307.1 332.1 354.6 352.1 337.2 328.4 315.9 307.7 308.2 313.3 323 323.3 320.2 309.8 300 294.7 289.2 285.8 282.8 279.9 279.3 277.8 278.6 278 275.2 274.6 274.3 275 276.3 273.5 270.6 274.2 273.3 270 268.8 262.8 259.6 256.4 255.4 246.8 241.5 236.9 234 230.4 221 210.8 207.6 206.6 205.9
410.2 404.9 398.4 393 391.7 386 376.1 365.7 353.2 346.3 343.5 343.6 347.4 352.7 358 360.1 357.2 347 328.7 309 296.3 289.8 284.5 279.2 270 265.5 264.9 262.9 280.1 299.4 318.6 340.5 345.7 333.8 321.6 309.3 301.2 307 311.2 317.9 321.5 315.5 308.2 298.4 293.1 287.3 284 280.3 276.7 274 272.7 275 277.8 274.5 273.1 273.7 275.2 277.4 275.3 274.8 278.1 277.9 274.4 272.4 266.6 264 263.1 262.5 254.7 247.9 242.2 236.9 231.4 223.1 212.5 208.2 206.2 205.5
424.7 420.7 412.4 406.3 402.8 393.9 388.4 381.4 362.9 358.1 356.4 355.1 361.1 366.3 369.2 370.9 364.4 347.7 328.5 310.6 299.1 292.3 287.5 281.8 270.7 265.6 264.4 263.4 271.8 291.3 306.5 330 340 330.7 314.4 305.7 298.9 303.2 308.3 313.9 316.2 310.1 305.3 299.7 294.6 287.5 282 277.4 274 271.4 269.9 272.1 274.2 273.1 272.8 276.2 278.1 278.6 277.4 280.9 283.4 282.7 279.4 275.5 271.5 266.9 270.4 268.6 260.9 252.2 244.8 240.5 234.1 226.5 216.2 210.4 207.1 205.4
431.2 428.3 416.4 411.7 409.8 405.5 401.1 391 376.4 372.2 366.8 367.6 373.7 376.7 378.5 378.3 368 347.5 327.3 310.8 300.1 294.6 288.5 278.8 276.4 266.5 263.9 262.5 263.9 284.6 295.2 317.4 333.7 324.8 311.2 301.1 293.3 297.6 302.9 309 309.8 308.3 305.7 301.9 295.3 287.6 281.7 276.3 271.8 269.3 267.7 269.4 270.8 271.7 274.6 277.5 279.5 279.4 280.9 286.7 285.8 286.8 283.1 280.1 276.8 272.1 276.3 274.4 263.3 258.1 247.7 241.4 237.4 226.9 219.7 213.4 209.2 205.6
432.7 427.5 421.5 421.2 418.4 413.9 406.2 397.4 387 383.4 377.5 379.9 383.3 387 386.4 383.3 372.3 350 326.6 311.8 300.8 294.1 288.8 285 281.6 274.3 263.1 262.2 259.2 277 286.3 302.2 318.6 318 305.6 296.5 290.3 293.8 297.6 305.2 307.8 305.9 306.2 304 298.3 293.2 283.3 276.2 271.3 266.6 265 265.7 267.4 270.1 274.7 277.2 278.4 278.8 284 286.8 287.5 288.3 286.7 283.3 279.8 275.8 278.3 278.6 267.9 262.7 251.3 242.1 237.8 228.6 221.4 215.3 210.8 205.9
430.3 427.4 425 425.8 422.8 417.4 409.8 400.5 393.1 390.2 390.4 393.5 397.2 399.3 393.9 385.9 375.5 353.8 327 310 299.5 294.4 289.9 285.2 279.1 271.7 265.2 261.5 260 264.4 280.7 293 300.9 309.5 300.8 292.9 287 291.1 294.3 300.2 304.7 305.5 309.2 307 302.9 295.5 286.4 278.2 269.6 264.8 261.6 263 265.8 268.4 274 274.9 276 279.6 284.4 288.3 290.1 288.9 290.1 287.1 283.1 280.4 280.9 280.9 271.5 266.8 255.9 244.6 236.2 229.4 223.1 216.3 211.5 206.3
425.8 425.6 423.7 425 423.7 418.9 413 403.6 394.6 396.9 400.2 403.9 407.2 407.7 400.8 388.4 376.4 355.1 327 312.2 302.1 297.3 291.6 286 280.4 278.9 275.5 261.4 259.6 260.1 271.8 284.5 292.6 298.2 294.7 289.1 282.7 288.3 290.7 296.4 301 305 309.6 309.6 303.8 295.9 285.8 275.5 268.2 263.5 261.3 261.9 264.4 266.8 271.4 271.9 274.1 280.5 284.5 289.2 291.1 289.5 289.9 290.5 288.8 285.6 282.2 278.9 274.2 267.7 259 250.4 238 230.8 224 217.4 212.4 206.3
423.1 424.2 423.4 421.5 421.5 418.3 413.6 407 399.9 402.6 408 410.6 412.4 412.9 407.8 393.6 380.7 357.7 330.8 319 306 298.9 294.8 290.1 285.4 282.3 271.7 265.8 259.9 258.2 260.4 277.9 284.7 288.4 287.3 284.2 280.8 286.4 287.2 291.4 297 303.2 309.2 307 300.7 293 283.8 276.6 267.6 263.2 260.1 261 262.4 264.8 268.2 270.2 275.1 279.5 283 287.4 290.5 290 290.2 294.6 291.2 287.7 282 283.3 275.6 269 261 254.5 243.2 233.1 228.6 217.5 209.8 206.3
420.5 421.3 421.8 418.5 417.4 415.3 411.6 406.5 400.2 404.1 410.9 414.7 416.7 417.9 414.8 398.3 383.6 359.2 337.6 324 312.5 302.9 297.9 293.2 288.5 284.5 280.3 276.4 259.8 257.8 258.5 262.6 278.3 282.6 281.3 279.5 276.9 281.7 283.6 286.3 292.7 298.7 304.6 302.8 298.2 290.4 282.7 273 265.6 262.3 258.9 259.7 260.5 262.8 265.7 269.3 277.3 278.7 280.9 286.1 290.3 289.9 291.5 292.7 287.8 287.8 287.8 290.8 278.8 269.9 261 254.6 246.9 238.4 231.7 221.3 214.7 208.8
418.3 418 416.9 413.6 411.9 410.7 407.8 403.5 398.7 403 410.2 416.4 418.3 418.8 418.2 403.2 387.6 362.9 345 331.8 321.5 311.6 304.3 297.6 291.5 288.2 283.9 278.6 274 259.6 256.4 256.7 265.5 276.9 276.8 275.3 276 277.9 279.7 281.7 288.1 295.7 299.7 297.6 293.6 289.6 283.9 270.5 264.9 260.8 258.9 259 259.2 261.5 263.2 268 273.7 276.2 278.9 284.2 289.1 287.4 292.3 292.7 289.8 290.3 295.8 297.7 282.3 269 260.1 255.3 248.8 241.8 232.6 223.6 216.8 212.8
415 414.9 411 406.2 404.6 403.8 401.2 397.8 395.1 400.9 409.3 416.2 417.4 418.8 417.7 408.2 392.4 372.7 354.2 342.1 331.3 322.8 314.5 305.3 298.1 292.3 287.3 283.3 277.1 271.5 263.2 257.3 255.4 261.4 273.2 266.7 272.9 274.2 275.9 278.6 284 289.5 294.3 293.7 290.4 286.4 279.6 271.5 263.8 259.4 256.8 256.6 257.7 259.1 260.6 265.7 270.8 275.4 279.9 283.1 285.6 284.7 290.4 291.7 289.2 291.9 298 298.1 282.3 267.6 260.6 255.8 250 243 235.5 227.4 219.7 216.7
410.7 410.2 405.4 398.7 394 393.5 391.1 387.7 390.2 396.6 408.1 413.1 417.7 419.4 417.4 412 399.6 384.5 370.1 356.4 346.2 340.9 329 317.6 307 299.7 292.5 286.6 280.2 275.8 272 263.3 256.6 255.2 257.9 258.3 269.6 270.8 272.9 276.3 280.7 285.6 289.8 290.9 290.8 287.4 280.4 273.4 263.2 258.5 255.5 254.7 256.7 257.5 259.4 263.5 269.2 274.1 280.6 281.6 281.7 282.3 287.7 288.5 288.1 294.8 299 299.8 279.7 268.3 263.7 258.1 250 244.4 238.5 232.5 226.7 220.6
405.8 404.1 398.8 392.1 386.3 383.4 378.2 380 385 393.9 401.7 409.9 418.7 420.6 421 416 406.9 394.7 382.4 372.1 363.5 355.4 346.6 328.3 319.6 308.4 298.7 291.9 284.9 279.2 275.7 270.6 261.9 255.6 253.4 255 258.3 265.4 270.8 273.3 277.6 282.9 286.2 288.2 291 284.7 278.3 269.8 262.1 257.7 254.1 253.8 255.7 256.3 256.8 261.5 267 272.4 275.4 276.6 276.1 279 283.8 285 289 293.9 298.2 296.8 280.7 272.4 266.9 261.3 253.5 246.9 240.7 236.6 233.2 225.7
401.5 396.3 390.7 383.9 378.7 375.2 373.5 372.2 381.2 388.2 395.6 407.2 417.1 420.8 422.8 419.3 412.1 403.3 393.7 385.5 378.7 370.3 361.2 349.7 334.1 317 305.2 297.5 290.8 283.5 280.4 276.7 273.4 257.4 254.1 252.8 253.4 256 261.1 270.5 273.8 279.3 282.4 286.3 289.6 285.8 276.5 269.8 262.8 257.3 253.5 253 254.4 254.3 255 258.2 264.2 269.5 271.2 269.8 269.9 273.1 276.9 280.1 286.1 291.6 292.6 288.8 282.6 276.5 271.3 265.1 258.2 251.7 246.2 240.2 239.1 231.9
397.7 391.2 383.6 376.1 370.8 367.9 366.8 368.9 377 385.9 394.3 405 415.2 421.4 425.6 421.7 414.5 411.4 406.4 402.1 392.8 386.6 372.2 364.9 344.7 327.2 310.7 302.7 297.6 291.2 285.4 279.7 277 265.4 254.4 253 251.9 250.8 253.1 259.6 271.4 274.1 279 283 285.9 282.5 276.9 268.6 261.4 255.3 250.8 251 253.1 252.2 253.7 256 259.3 265.5 267.5 266.3 267.2 269.9 271.9 274.2 281.3 286.2 286 281.6 280.7 280.4 275.9 269 265.4 261.1 255 250.3 242.5 237.8
393 387.3 379.1 369 363.8 362.8 361.9 369.8 378.3 388.9 397.9 405.5 415.5 422.8 426.1 423.7 419.3 418 417.4 410.3 401.7 391 384.3 369.6 349.8 332.1 316 309.5 305.6 300.6 292.8 284.3 278.5 273.8 260.3 253 251 250.5 251 251.5 253.9 269 273.8 278.9 280.2 277.1 273.6 265.2 258.5 254.7 251.6 248.7 250.9 250.2 251.1 253.7 256.9 260 262.1 262.5 263.5 266.9 268.8 270.3 273.4 277.9 279.1 276.5 280.6 286.2 279.2 277.8 275.1 268.1 261.4 257.1 248.3 240.5
387.8 380.6 372.6 363.8 358.8 356.9 362.6 372.3 382.4 392.2 401.3 409.6 415.6 418.9 419.3 422.4 422.2 423 421.5 415.4 406.2 398.3 390.2 374.8 356.6 339.8 327.6 319.3 316 311.5 305.6 297.1 284.6 275 271.2 266.7 253.9 250.2 250.7 250.8 250.5 263.5 272.7 274.6 273.6 272.1 267.7 262.5 257.6 254.6 251.5 247.9 242.9 247 249.7 252.6 255.8 257.3 259.4 259.6 259.6 261.3 263.1 265.8 269.2 271.4 272.6 275.1 286.1 287.6 282.6 288.6 281.2 275.9 270.4 262.3 254.7 242.5
