data/320000-490000.asc
ncols 200
nrows 200
xllcorner 320000
yllcorner 490000
cellsize 50
[rows 140 to 174 of 200, columns 0 to 78 of 200]
99.1 113.8 130.8 145 150.6 160.8 177.6 193.9 209.7 217.9 224.5 227.7 223.7 221.3 217.9 219.6 219.3 224.5 229.5 242.8 261.5 280.7 297 324.2 342.2 335.2 317.1 305.5 296.8 279.7 252.8 223 215.9 210.2 202.1 201 206.6 238.6 233.7 235.9 246.9 252.6 270.8 295.8 321.8 335 339.3 343.3 332.5 309.7 297.8 282.5 267.7 267.7 264.6 256.4 255.7 256.1 265.5 270.7 270.3 270.1 257.2 240 227.9 220.4 218.1 215.8 212.9 212.1 211.3 211.1 202.5 192.7 185 177.6 165.2 176.2 186.3
101.3 116.3 129.9 145.6 154.1 163.6 178.9 200.7 216.8 225 230.1 235.1 230.2 227.5 226.9 227.7 222.2 228.1 236.8 246 261.2 280.3 303 338.2 349.8 333.3 319.7 311.2 309.7 295 264.2 228.8 213.1 207.9 202.5 198.2 199.4 230.1 230.1 230.3 240.3 254.7 268.3 290.3 315.4 341.5 338.8 360 345 313.8 295 279.2 267.1 258 253.3 250.2 246.7 245.6 251.8 265.6 265.4 257.2 248.5 235.1 225.5 219.2 219.1 215.7 211.6 209.7 211.5 210 198.1 187.1 180.4 169.8 165.2 177.2 182.8
106.1 122.2 140 149.2 155.9 168.2 178.5 199.8 213.8 228.2 231.6 240.5 238.3 234.9 237.1 238 228.8 233.4 243.4 253.8 263.7 286.6 314 344 352.1 332.7 323.4 310.9 311.7 293 263.8 233.6 210.3 204.9 201.2 195.3 196.7 218.9 216.5 221.8 235.9 256.5 269.8 288.1 308.2 329 337.8 350.3 344.5 320.6 291.7 278.3 264.5 254.7 247.9 244.3 240.6 238.8 243.1 254.6 254.5 248 239.7 231.8 223.7 220.2 219.8 215.1 209.3 206.4 207.9 204.1 200.2 186.7 176.2 164.4 162 171.5 172.1
121 133.1 146.7 155.3 166.1 185.2 193.1 201.2 214.3 230.3 240.3 249.3 248.5 245.7 241.7 240.8 236.6 235.7 245.7 259.6 285.8 307 332.4 357.3 355.8 337.1 328.2 310.9 311.8 291.7 265.2 236.2 212.4 205.6 201.8 194.9 198.5 206.4 207.6 219.5 236.6 254.3 269.1 280.1 303.1 315 342 345 339 318.7 298.9 273.2 259.5 250.6 244.3 240.5 238.6 236.2 240 243 241.1 236.9 231.9 228.7 222.5 219.1 216.2 211.3 205.3 196.1 196.8 200.3 188.7 180.6 166.6 155.6 158.6 163.9 170.5
132.7 142.5 154 164.2 176.7 195.2 205.6 217.7 221.7 231.8 244.5 255 259.9 261.6 249.4 246.1 242.9 241.9 246 257.7 281.3 296.8 331.8 366.3 363.3 335.3 326.4 313.4 314.8 290.1 260.2 237.7 214.3 201.9 200.2 191.8 192.8 198.3 201 217.9 232.6 251.4 259.8 274.1 294.9 315.5 346.8 339.1 332.3 314.1 299.7 277 261 253.4 245.9 240.3 243.8 238.8 237.4 237.6 236.3 230.5 228.8 224.5 218.7 216.2 213.4 208.4 200.5 193 189.4 187.9 180.3 171 156.2 149.8 154.9 161.4 174.1
138.4 149.6 160.2 169 184.7 202.1 213.5 230.4 239.9 249.7 261.5 267.5 267.6 268.6 265.5 260.8 249.2 249.6 249.8 260.1 273.4 293.9 327.6 345.6 346.6 325.5 314.8 306.3 308.5 284.8 262 234.8 217.7 202.2 195.4 187.8 186.5 190.8 197.5 208.3 235.7 248.9 255.1 269.1 292.1 315.7 338.2 339 324 304.2 292.7 274.7 261.9 255.4 248.1 246.3 253.2 247.6 234.6 230.2 230.8 229.2 227.2 222.1 216.3 212.2 208.9 203.5 195.2 187.1 180.6 174.5 166.4 156.1 147.3 148.4 154.5 162.6 177.1
145.3 156.9 159.4 171.2 187.5 204.8 222.1 242.1 253.7 260.2 276.2 279.3 273.5 277.8 279 263.7 250.3 249 252.7 267.1 276.9 290.4 316.1 331.3 316.2 310.1 311.3 301.7 297.4 284.8 262.7 239.9 219.9 203.2 191.2 184.7 183.2 187 187.5 195.9 226.5 250.9 256.6 269.9 292.9 314.4 335.4 333.8 320.4 303.7 290.7 274.7 260.6 255.5 251.6 249.3 248.3 243.8 234.4 223.5 224.4 230.1 228.1 223.2 216.8 210.5 202.4 198.8 187.9 176.4 166.5 161.3 156.7 150.3 141.8 145.5 151.3 163.5 176.9
140.2 151.7 155.8 167.3 190.6 212.6 228.3 248.6 257.5 268.3 281.3 279.7 278.9 284.4 289.4 269.2 253 249 252.6 269.1 283 291.4 300.4 312.1 297.4 292.8 299.1 306.1 301.3 290.8 278.7 248.5 221.6 205.3 192 182.4 179.1 179.8 184.4 195 228.9 251 255.5 266.8 292.7 314.5 337.2 340.7 328.4 315.1 295 276.7 263.5 249.8 247.1 240.5 242.1 235.7 231.8 219.7 217.1 220.7 224.9 220.8 216.5 207.8 197.7 191 182.2 169.7 160.4 153.4 150.1 144.8 139.8 143.1 150.3 163.1 173.2
129.6 138.9 153.3 171.7 191.1 210.1 227 246.3 261.9 266.3 275.8 269.4 280 287.9 286.8 280.7 266.4 254.8 256.5 264.5 285.7 292.1 291.4 295.5 286.2 281 288.4 308 291.3 286.2 283.8 260 225.8 209.9 195.4 180.8 175.5 176.5 181.7 191.3 208.3 236.3 244.5 265.3 284.7 302.2 325.4 331.6 330.9 318.3 297.9 279.2 269.8 251.4 237.8 232.5 229.8 230.1 229.2 215.5 210 218.7 220.9 218.8 215.2 206.8 195.7 185.5 176.7 167.3 156.4 151.3 147.5 134.2 137.7 144.6 152.8 164.8 171.7
114.6 132.3 152.4 172.4 188.5 202.5 220.8 231.3 254.1 258.6 258.6 259.6 275.1 279.6 276.8 281.5 269.3 259.5 265.7 279.1 280.5 286.2 284.8 283.8 286.3 277.8 288.4 294.1 281.4 272 270.4 257.2 226.8 206.3 195 181.4 174.3 175.5 180.1 187 203.9 217.8 241.5 262.7 284.1 302.1 321.3 320 315.9 304.8 288.1 269.3 262.3 244.4 227.6 223.6 221.4 222.5 218.9 211.2 206.1 210 216.9 214.7 212.5 207.2 194.5 182.3 174.1 163.9 155.7 151.1 141 130.2 136.5 140.9 150.4 162.1 166.9
109.6 128.4 147.1 170.1 193.7 197.8 206.8 213.4 233.4 241.4 243.7 258.3 277.5 277.8 274.1 276.9 270.9 268.8 279.7 288 291.8 280.1 278.7 273 270.7 271.3 276.4 270.4 272.7 260.7 249.7 250 226.5 203.5 192.1 179.6 172.2 173.3 176.5 184.6 199.5 215.1 235.8 263.1 282.6 301 307.9 319.2 314.6 297.6 275.2 260.3 247 235.1 220.5 212.4 212 214.2 208.3 204.6 199.6 202.9 209.9 210.6 208.6 205.5 192.8 175.6 169.8 160.7 152.6 147.7 140.9 130.3 134.5 140.5 152.3 160.6 164.6
111.1 122.4 142.4 164.1 180.2 186.3 199.9 204.6 215.1 229 245.2 258.3 272.8 273.7 276 279.5 273.6 271.9 279.8 296.3 307.9 291.9 274 268.4 270.1 268.6 265.2 256.6 255 242.2 233.5 240.3 224 193.6 187.9 181.3 171.7 172.7 176.4 181.5 187.8 203.5 227.9 249.9 272.5 294.7 302.7 316.8 307.5 287 258.9 246.9 232.7 228.1 210.8 199.8 199 201.4 198.6 197.7 194.4 197.1 202.2 206.3 205.3 201.3 184.4 173.3 166.5 157.8 149.4 144.2 133.9 128.6 136.9 147.4 157.3 164.1 172
104.2 117.7 129 141.6 160.7 179.4 191.6 199.3 212.7 234.5 247.6 256.9 264 274.5 283 282.6 278.8 280.1 288 295.9 300 294.9 276.7 268.3 265.8 260.5 258.4 252.1 241.8 236.5 230.5 220.1 216.9 191.3 183.8 181.9 170.6 174.1 178 180.9 187.2 193.7 212.6 230.7 252.8 272 289.5 305.8 291 264.8 243.7 233.3 222.6 215.6 201.1 190.9 190 191.9 190.5 189.9 190.3 195.2 201 205.2 201.8 198.5 183.9 169.2 163.2 154.4 145 137.4 128.7 128.4 136.3 147 157.6 168.3 177.2
93.9 106.9 124.9 144.1 167.1 178.9 182.8 195.5 216.3 241.7 245.8 251.1 261.6 279.2 286.6 290.8 287 293.4 300.1 299 295 289.1 278.3 269.2 261.8 254.5 251.2 245.9 241.4 231.4 220.1 213.2 206.5 193.1 183.9 174 168 173.6 178.4 185.4 190.1 190.1 199.6 219.1 240.4 256.6 270.9 276.9 285.8 253.1 232.5 222.3 212.1 204.9 198.5 187.6 183.2 183.7 184.5 184.6 189.7 196.1 202.3 203.9 201 197 185.9 170.6 160.2 150.2 140.5 133.9 126.2 126.9 134.7 144 158.2 170.5 182.7
98.1 113.1 130.9 148.4 159.5 166 172.6 192.3 214.1 234.3 239.9 248.5 265.5 281.5 280.6 289.8 291.1 299.5 312 310.4 294.6 290.2 284.8 274.4 268.8 261 246.4 239.5 237.2 231 211.6 203.9 199.8 195.7 187.9 171.7 166.8 173.7 179.5 188.5 194.3 193.2 208.7 228.8 236 247.5 268.3 268.1 265.6 250.6 228.6 219.3 209.8 196.2 192.7 179.1 175.8 179.7 181.1 179.8 189.8 198.6 205.1 204.4 199.5 196.1 186.8 170.1 155.5 145.5 136.8 129.2 124.1 124.5 132.9 141.5 152.5 165.7 176.6
106.6 117.4 135.7 149.6 148.6 154.3 175.9 192.3 209.5 224.7 239.4 247.9 270.1 280.9 278.1 279.1 290.2 307.2 304.6 298.6 285.2 282.3 281.2 268.9 268 267.7 249.4 241.3 230.1 222.5 209.2 199.6 197.9 196.6 184 170.6 164.3 173 179.6 183.6 191.9 191.4 206.3 221.6 246.9 251.7 263.2 263.9 259.1 248.5 229.2 219.2 215.2 194.7 184.2 174.8 169.4 169.5 176.2 175.3 181.8 195.9 207.5 206 200.5 195.6 185.4 168.2 150.5 143.4 134.7 123.1 117.3 130.2 139.6 148.3 159.4 162.4 169.9
99.9 116.5 127.6 133.5 130.7 160.3 181.3 194.2 214.6 232 240.6 245.4 267.9 279.7 279 273.8 293.9 302 307.7 299.3 280.8 272.4 269.5 266.2 262.6 269.2 268.1 243.4 227 212.4 215 194.3 185.5 186.2 179.8 170.7 159.4 172.6 181.3 180.3 186.8 190.2 203.5 215.5 237.2 256.2 277.3 272.4 266.1 242.4 229 221.3 213 195 185.4 173.1 164.2 164.6 168.7 170.1 177.9 184.1 194.1 199.5 195.6 192.8 178.3 160 145 137.5 127.6 115.7 118.7 130.6 137.4 151.4 161.1 164.3 170.7
86.5 96.8 102.7 104.8 120.9 156 178.5 190.7 207.4 227.2 236.6 251.1 268.2 269.1 273.2 270.9 300.7 298.6 305.8 310 298.6 281.5 265.1 260.5 257.8 264.5 267.9 255.7 226.2 204.7 204.7 191.3 175 173.2 171.2 164.3 155.8 167 181.8 185.6 186.7 193.5 204 216.1 231.6 248.8 266.9 267.8 272.6 248.8 239 213.7 202.4 199.4 185.3 176.6 159.5 159.6 164.7 170.7 175.6 181.9 185.7 189.2 184.9 183.2 170.7 154.2 137.4 128.9 118.7 111.8 122 130.8 139.3 152.9 162.9 164.3 166.8
72.9 83.9 87.4 97.7 113.6 145.6 162.1 176.6 188.3 210.1 228.7 253.6 262.6 264.8 268.7 272.5 301.7 298.6 302.5 302.3 306.3 293.3 278.8 258.5 256.3 253.6 263.7 253.2 235.9 204.8 187.2 175.3 166.4 165.4 167.3 162.7 152 162.6 179.5 186 190 194.1 209.7 220 230.8 244.3 252.6 264.2 275.9 263.1 248.6 224.8 205 193.3 187.8 175 158.7 156 159.5 167.2 171.6 176.7 178.7 179.5 176.8 170.4 159.4 141.8 126.7 122 107.7 117.4 128.2 136.1 143.9 154.2 161 161.3 168.2
75.3 83.4 77.9 93.2 108.4 125.3 136.1 143.8 160.9 185.7 228.1 251.2 260.2 255.8 257.7 271.7 283.7 290.6 288.8 291.8 295 293.3 288.1 265.7 254.6 250.9 253.9 250.8 239.2 222.2 187.7 169.6 161.1 161 166.2 157.2 149.1 161.3 169.7 184.5 191 192.3 205.9 219.2 227.2 234.7 253.3 265.6 273.5 269.4 253.2 227.8 198.5 180.9 178.6 171.8 161.4 149.8 157 162 167.8 170.3 172 171.7 167.5 160 147.2 128.8 120.4 113.3 105.7 124 135 138.9 147.7 155.3 152.5 154.9 161.8
60.5 60.6 70.4 86.6 100.2 107.6 116.3 125.5 142.4 175.8 217.1 238.6 248.4 251.2 257 265.7 267.7 276 280.9 282.8 279.3 290 288.1 269.9 259.8 251.4 249.4 248.6 241.5 227.9 199.5 177.4 158.4 157.5 163.5 149.6 146 156.7 161.1 176.3 192.9 187.2 201.9 211.2 217.9 228.7 262.4 271.5 282.7 272.2 252.5 230.1 193.8 169.6 169.4 167.3 159.6 151 149.4 153.6 160.5 164.3 164.5 163.1 157.7 149 132.2 118.5 114.9 103.1 112.6 130 135.3 137.5 142.7 144 143.8 145.2 142.9
47.3 54.2 69.3 80.1 86.8 97.3 105.9 118.5 130.7 154.7 192.9 228.3 235.4 247.3 268.3 264.5 264.6 268.7 274.3 279.3 281.6 281.9 284.4 267.4 259.3 249.4 242.4 240.3 245.9 229.5 209.7 185.9 157.7 154.5 152.4 146.5 141.6 149 155.1 162.8 173.6 174.8 187.8 198.6 201.6 220.6 255.4 273.6 280.1 274.4 252.4 224.7 188.3 168.3 162 158.8 155.7 151.4 144.3 142.7 152.2 155.8 155.1 153.8 148.4 136 115.2 112.1 107.5 107.5 119.8 130.1 132.2 135 137.5 136.8 134.8 140.4 150.2
42.7 48.7 63.1 73.4 82.5 90.1 100.5 111.7 125.5 152.9 183.8 218.7 235 255.2 267.7 262.9 266.9 269.4 271 276.2 281.5 284 274.6 268 261.5 255.5 242.3 232.6 228.6 229.1 210.3 188 159.2 156.7 152.3 142.8 136.7 139 147.3 155.8 161.4 162 168.7 182.2 186.8 213.3 240 262.1 269.9 270.3 251.1 221.2 187 161.8 152.5 148.9 147 144.7 138.4 138.6 142.1 145.7 146.4 141.7 134.1 122.1 109.2 105.7 98 108.2 120.1 122.7 123.8 127.8 132.4 131.1 141.9 155.5 165.6
45.4 50.3 59.3 66.9 75.8 84.8 96.8 110.5 128.7 152.2 182.7 209.7 219.5 257.5 265.9 260.9 265.3 269.9 271.2 270.3 280.1 280.4 273.1 279.6 272.2 260.5 247.5 233.7 224.1 217.1 208.1 182.2 165 156 151.8 145.7 138.2 131.3 139.7 145.1 151.1 148.6 145.3 170.9 176.4 200 226.4 242.2 258.3 255 245.3 217.8 186.1 164.3 155.3 146.6 136.6 131.7 131.7 133 130.4 139.5 140.1 135.3 125.9 113.6 102.2 96.6 90.7 97.4 110.9 118 120.9 125.4 127.6 140.2 154.5 168.2 182.2
42.3 45.1 52.6 63.7 74.2 82.4 96 114.9 134.8 155.1 179.4 203.9 217.1 247.1 256.7 255.2 265.7 270.3 269.4 269.3 278 280.8 278.7 293.1 281.9 267.8 249 229.8 218.2 208 210.3 188.4 167 157.8 155.5 149.4 141.7 133.9 133.4 137.8 140.4 141.2 137.5 150.3 162.3 178.3 202.6 224 237 228 230.3 208.3 185.1 166.4 156.7 147.9 134.6 129 126.6 125.7 126.4 127.1 131.8 129.8 120.8 109.7 91.3 89.7 98.7 104.1 112 120.3 128.1 131.4 138.6 149.9 163.9 179 191.5
38.9 44.4 50.6 61.9 77.5 84.1 97.5 117.1 134.9 154.4 169.9 185.5 210 235.2 241.7 248.9 261.5 267.3 260.3 258.2 268.4 279.2 286 303 292.5 271.8 252.9 229.6 215.2 200.1 200.6 189.9 173.2 157.8 156.6 151.4 147.2 137.6 124.2 126.9 130.7 133.6 130.4 131.9 145.5 162.1 182.3 208 220.9 213.2 207.1 191.8 182.7 167.6 159.2 151.1 134.8 123.7 120.5 120.9 122.8 122.8 123.3 122.8 112.8 85.9 90.3 98.6 105 111.6 117.2 124 133.9 142.8 149.1 160.5 176.3 189 200.9
39.2 47.1 53.2 63.2 74.8 86 98.9 115.2 136.2 160.1 169.3 181.9 207.8 225.6 239.7 241.3 254.7 260.7 250.8 252.6 257.9 273.4 293.1 299.3 285.1 272.8 255.5 235 216.9 197.2 189.4 183.9 172.7 154.6 149.2 148.9 149.7 147.2 128.4 118.6 121 124 124.7 123.8 131.9 151 167.6 186.7 207.4 199.4 195.7 184.9 178 169.4 161.5 148.9 142.3 129.9 118.1 121 120.1 120.8 117.7 114.5 108.5 81.6 94.4 102 110.5 113.1 118 125.9 135.3 145.8 158.1 169.1 182.9 197.6 209.4
37.7 45 55.2 64.4 71.4 86.3 100.2 115.5 135.2 162.3 165.5 177.9 195.7 206.8 218.5 228.5 237.4 260.2 243.5 249.5 253.1 283.4 296 300.9 282.9 267 253.7 232.8 207.5 196.2 185.4 176.4 170.3 154.5 146.9 143.1 145.9 145.7 142 118.9 117.2 117.1 119.9 121.7 127.6 139.2 153.1 165.2 187 188 183.1 177.6 168.5 169.3 166.2 151.7 149.7 137 119.5 119.9 119.1 118.1 116.2 107.3 94.6 81.5 94.4 103.6 111.1 114.1 120.1 130.3 140.6 154.9 166.6 178.7 191.8 205 213.3
36.1 42.9 53.8 63.1 72.5 83.5 98.3 113.8 134.5 153.7 160.6 170.2 182.3 191.2 199.2 211.8 221.2 227.4 234.6 240.4 251.9 284 290.3 296.5 284.4 260.5 245.5 228.5 194.2 183.6 176.9 170.3 162.7 157.1 151.3 142.2 140.9 139.8 134.3 119 113.2 111.1 114.2 118.2 123.3 127.5 134.9 150 166.4 163.4 167.2 169.5 166.9 167.5 168.6 159.5 150.8 139.5 118.6 117.9 117.4 115.3 113 99.4 85.9 83.1 96.7 102.6 108.9 115.5 125.6 137.7 151.9 163.9 176.7 189.8 201.6 211.4 214.1
36.5 44 52.2 62.5 72.6 86 100.9 115.2 136 153.8 163 173.4 184.5 191.1 196.3 202.6 206.9 208.5 223.3 229.9 249.9 275.2 290.2 280.8 280.3 253.2 239.8 228.9 187.7 171.3 170.2 167.6 163.8 165.3 161.9 148.9 148.1 143.7 134 122.1 114.8 108.8 108.6 112.4 114.9 119.4 122.8 128.4 150.4 161.4 160.2 160.4 160.6 159.9 160.4 165.6 149.4 140 118.9 117.3 114.9 111.6 102.5 89.5 78.8 84.5 97.3 104.5 111.4 121.9 133.4 151 163.2 176.4 188.9 198.6 206.6 212.1 212.5
37.1 44.2 53.2 62.5 73.5 87.9 103.2 117.7 134.7 149.6 161.5 172 186 193.2 199.1 202.2 208.3 210.3 214.2 223.7 241.3 264.9 276.4 269.6 263.9 242.9 231.4 222.2 189.1 168.4 169.5 161.7 165.1 172.6 173.3 161.3 152 152.5 139.8 129.2 120.8 111.3 109.8 103.3 101.9 109 113.5 116.5 127.2 141.5 145.2 152.3 150.7 154 157.6 164.5 146.5 133.3 114.9 115.6 111 104.1 93.1 82.9 76.2 84 94.9 105.8 115 127.6 145.2 159.3 174.6 188.6 201.1 206.5 208.5 210.2 210
37.7 44.7 51.5 61 74.6 90.4 105.5 121.8 140.1 152.3 166.4 175.1 188.3 193.7 198.8 206.5 206.1 210.5 213.2 222.1 229.8 245.3 248.2 257.7 244.1 231.6 218.9 215.2 190.9 162.9 159.7 166.2 170.7 176.1 177.6 164.3 155.6 159 149 138.5 122.4 117.7 117 113.5 102.6 98 102.3 109.6 120.3 127.3 140 141.5 143.4 148.4 154.7 156.6 149.1 128.5 107.4 108.9 103.2 95.3 84.1 76.9 74.3 85.1 97.6 109.3 119.6 134.2 154.4 172.2 186 199.7 206 206 205.5 206.4 207.4
38 44.3 49 59.6 75.7 91.7 106.5 122.3 143.1 153 171.4 176.4 188.2 200 201.5 205.5 209 219.5 217.1 218 222.3 239.2 237.1 226.6 220.9 212.1 207.6 203.9 186.6 156.6 157.3 167.9 172.8 177.5 176.6 168 157.9 158.9 156.6 139.6 121.4 119.3 124.2 124.5 114.9 94.7 95.2 103.7 113.6 127.9 139.3 140.5 141.4 141.8 143.1 147 143.1 125.1 93.3 104.8 94.3 86.3 73.1 73.1 79.9 89.3 101.6 115.7 130.2 145.5 164.7 182.3 195.6 202.4 203.9 203.7 203.1 202.8 203
37.8 43.8 48.3 52.8 73.2 95.5 110.4 124.7 146.3 161.8 174.8 175.8 183.4 199.1 202.5 206.5 210.5 219.3 217.9 211.9 208.8 229.7 226.9 224.8 206.9 194.5 195.2 188.2 174 154.6 157.4 172.7 176.9 175.7 172.6 164.2 152.6 148.4 142.6 133.1 118.8 124.6 130.2 130.8 123.3 101.6 82.8 97.8 106.8 127.9 135.1 136.9 141 148.8 137.4 138 137.9 118.1 85.5 88 81.4 67.9 69.4 74.6 88.5 99.9 110 122.5 140.3 158.1 172.6 190 197.2 200.8 201.5 201 200.7 200.1 197.4
39.1 44.2 48.4 58.7 77.5 87.1 103.9 124.7 150.2 159.4 178.6 176.9 182.5 199.6 200.7 206.5 209 203.7 209.6 203.6 201.2 202.4 210.6 206.1 193 191 187.2 181.4 166.2 149.6 153.9 164.9 180.1 179.9 174.1 163.4 148 142.9 128.3 118.4 117.6 119.2 128.7 124.3 118.3 101.7 79.8 91.6 102.7 118.6 129.9 132.5 143.5 141.6 136.8 124.8 106.7 105.4 87.9 64.6 63.9 69.1 75.1 86.5 96.9 107.8 121.3 135.4 154 167.5 181.1 192.1 197.7 199.8 198.5 198 197.1 195.9 191.8
