data/320000-520000.asc
ncols 200
nrows 200
xllcorner 320000
yllcorner 520000
cellsize 50
[rows 108 to 143 of 200, columns 81 to 161 of 200]
72.5 72.4 72.3 72.2 72.1 71.6 71.7 71.7 71.9 72 72.2 72.4 72.3 72 71.8 72.1 72.5 72.7 72.4 72.3 72.3 72.2 72.4 73.2 73.8 74.3 74.6 73.8 74.7 76 76.5 75.5 75.4 76.5 78.1 78 77.3 77.4 78 78.6 79.3 80.8 80 80.6 80.7 80.8 82.7 87.3 84.9 84.9 86.5 88.4 90 91.1 93.2 99.9 104.9 111.1 120.1 128.5 134.3 142.3 152.2 168.3 192.9 218 241.8 261.2 282.1 297.3 314.4 333.4 338.6 344.5 341.5 335.2 325.3 312.6 299.4 284.9 283.8
72.5 72.4 72.3 72.2 72.1 72 71.7 71.8 71.9 72.1 72.2 72.4 72.3 72 71.8 72.1 72.5 72.1 72.4 72.3 72.2 72.2 72.2 73 74.1 74.6 74.2 74 74.8 75.7 76.5 76.1 76.3 77.4 77.6 78 78.3 78.2 78.8 79.5 80.2 80.5 80.5 80.1 80 80.6 82 82.6 84 83.2 84.2 87.6 90.2 91.5 92.3 97.1 103.1 110.5 119.6 127.5 132.8 140 151.8 168.7 188.9 213.1 234 247.6 262.7 277.8 293.7 310.5 323.5 328.9 321.5 310.9 299.6 288.4 279.2 269.8 270.6
72.6 72.4 72.3 72.2 72.2 72.1 70.9 71.9 72 72.1 72.3 72.5 72.4 72.2 72.2 72.3 70.7 71.8 72.6 72.4 72.3 72.2 72.1 73.3 73.6 73.5 73.5 74.1 75 75.8 76.8 77.5 77.7 76.9 76.4 79.2 80.5 79.9 79.1 79.2 80 79.8 81.2 82.5 82.4 81.5 85 84.9 83.2 83.3 84.4 86.9 90.5 91.8 92.1 96 102 109.6 114.9 122.7 127.9 135.8 151.2 168.8 189.6 210.4 219.6 229.9 240.8 254 270.6 290.6 308.6 305 297.1 287.9 280.1 271 261.3 252.9 257.3
72.6 72.5 72.5 72.4 72.4 72.3 72.2 72.1 72.2 72.2 72.7 73.7 75.1 73.5 72.9 72.7 72.7 72.4 72.8 72.5 72.4 72.3 72.9 73.6 74 74.5 75 75 76.7 74.9 75.1 79.4 79.5 76.6 76.2 77.6 84.2 87.9 86.5 80.1 79.4 80.1 82 82.5 89 85.5 87.8 86.5 87 88.8 89.4 86.1 89.1 91 92 96.4 101 105.6 110 115 119.5 129.8 145.5 164.9 185.2 194.2 199.4 206.4 216.8 230.8 249 271.7 285.5 277.3 272.5 269 262 252.9 243.8 235.1 243.7
72.8 72.7 72.7 72.6 72.6 72.4 72.3 72.1 72.1 72.4 73 75.2 79.9 81 78.2 73.3 72.7 72.7 73 72.7 72.8 72.9 73.1 74.4 75.3 75.9 76.4 74.2 74.3 74.7 74.5 76.5 77.7 76.8 76 76.1 81.2 87 90.1 86 82 82.3 84 86.1 90.3 88.7 87.4 90.6 94.9 91.6 88.6 89.3 90.6 91.1 91.7 94.4 97.8 103.4 107.3 110.9 113.4 119.1 130.9 151.9 170.1 176 178.2 182.6 191.5 205 225.2 244.8 248.9 247.2 247.6 245 241.1 233.2 224.5 219.9 228.2
73 72.9 72.9 72.8 72.7 72.5 72.4 72.2 72.1 72.6 73 74.3 78.7 85.2 93.1 78 72.8 73.1 73 72.7 72.5 73 73.3 74.7 76.1 76.4 74.6 73.8 73.8 73.7 74.2 75.2 76.3 76.4 76.4 76.4 78.9 85.1 88.4 89 87.7 85.5 88.4 91.8 95.1 92.9 88.5 92 98.7 99.5 96 94.4 92.4 93.1 94.4 96 100.3 102.5 104.5 106.6 108.1 111.5 119.1 139.3 156.9 163.1 157.7 161.7 167.9 179.8 197.4 212.8 218.8 220.3 222.9 221.4 217.8 211.4 206.9 206.1 211.1
73.2 73.1 73.1 72.9 72.8 72.7 72.5 72.3 72.2 72.2 72.4 73.2 76.7 84.8 85.7 78.1 71.5 73.1 73 72.7 72.6 72.4 73.6 76.2 75.4 75.3 74.5 73.7 73.7 73.9 74.1 74.5 75.5 77.2 77.5 75.7 77.1 81.3 84.9 87.7 90.3 89.5 92.3 96.2 100.4 98.4 90.9 87.9 91.9 98.5 97 94.1 92 92.3 93.7 95.9 99.1 99.6 101.4 104.1 105.9 104.6 110.5 125.9 138.7 142.9 143.8 148.2 153.8 160.4 170.3 181.7 187.6 193.7 199.5 199.9 196 190.9 189.7 191 191
73.4 73.3 73.2 73.1 72.9 72.8 72.6 72.5 72.3 72.1 72.2 72.7 77.6 82.4 83.5 80.3 74.5 73.1 73 72.8 72.6 72.5 77 76 73.9 73.7 73.7 73.7 73.9 74.1 74.3 74.4 74.8 76.3 75.2 75.9 76.3 78.1 83 85.8 88.1 89.7 92.5 96.2 99.4 99.7 93 84.9 86.9 89.4 94.2 93.6 92.9 91 91.5 92.8 100 106.2 105.5 99.2 104.8 107.5 108.5 113.3 120 123.7 129.9 138 140.5 143 148 154.3 159.3 164.8 169.9 173.9 173.6 171.6 174.1 174 174
73.6 73.5 73.3 73.2 73.1 72.9 72.8 72.6 72.4 72.2 72.5 72.6 75 79.4 83.2 83.3 79.9 75.6 71.2 73.1 72.7 76.2 74.3 74.4 74.4 73 73.7 73.9 74.1 74.3 74.4 74.6 74.7 74.9 75.4 76 76.5 77.1 78.4 81.4 83.8 86 88.3 90.7 93.6 93.9 92.3 82.3 83.8 85 87.2 88.1 88.5 88 88.9 92.1 98.6 104.5 105.6 103.2 101.5 99.8 104.1 106.8 112 114.5 116.2 121.6 124.4 126.6 128.2 134.6 140 143.2 148.2 150.4 152.4 154.3 157.2 159.2 157.2
73.9 73.8 73.7 73.5 73.3 73.1 72.9 72.7 72.5 72.5 72.6 72.7 72.7 77.4 81.2 83.6 83.8 80.8 75 73.5 71.2 74.8 74.9 74.6 74.2 73.9 73.9 74.2 74.3 74.5 74.6 74.8 75 75.2 75.6 76.1 76.8 76.9 77.2 77.6 79.1 82.3 82.6 85.3 86.2 86.2 85.4 80 81 80.5 81.7 82.4 83.7 86.3 89 90.9 95 99.8 99.6 99.1 100.8 98.1 99.4 103.9 108 111.9 113.5 114.6 115.8 117.2 121.5 125.3 127.1 127.7 129.2 133.8 135.3 137.3 140.6 143.3 133.8
74.3 74.2 74.1 74 73.8 73.9 72.9 72.8 72.6 72.7 72.7 72.7 72.5 74.3 78.9 82.7 85.1 83.7 78.4 76.7 75.6 73.8 75.6 75.7 75.4 75.1 75 74.7 74.5 74.7 75 75.2 75.5 75.8 75.9 76.4 76.8 76.8 77.2 77.1 78.9 80.5 80.4 79.8 80.4 80.1 79.8 79.2 81.8 80.4 80.1 80.5 83.1 87.4 93 94 95.3 95.6 96.9 98.3 98 99.4 98.7 101.7 103.9 108 109.4 109.9 109.3 107.7 110.4 116.4 121.1 123.8 126.7 129.2 131.1 127.1 127.4 126.8 114.4
74.6 74.5 74.4 74.4 76.4 77.4 73.5 72.8 72.7 72.7 72.8 73.2 73 71.6 76 78.3 80.7 83.2 78.4 74.9 74.1 73.7 76.4 76.9 76.5 76.3 76.1 75.4 75.1 75.4 75.5 75.6 75.2 75.4 75.9 76.3 76.8 76.9 76.6 76.8 78.1 78.8 79.3 78.5 78.4 78.2 78.3 79.8 79.2 79.5 79.7 82.3 84.4 87.2 93.2 96.3 96.8 96.2 97.8 101 102.6 103.1 102.4 102.4 106.1 106.1 106.8 106 105 105.2 107.2 112.6 115.7 116.1 118 121.7 119.8 117.2 116 108.8 92.7
75 74.8 74.6 74.5 79.8 84.8 77.2 73.2 73.1 73 73.7 73.9 73.5 73.1 74 75.5 76 77.6 77.6 76.2 75.2 73.9 76.4 75.6 75.9 76.3 76.3 75.9 75.6 75.5 74.8 74.5 75.2 75.5 75.8 76.2 76.6 76.9 76.7 76.6 77.2 77.7 78.1 77.8 77.9 76.2 77.4 76.3 79.3 79.5 79.7 82.7 86.2 87.9 92.4 97.7 99.5 99 97.8 100.7 103.5 105.2 107.4 107.2 107.8 108.7 107.5 104.7 102.4 101.8 103.6 103 100.8 92.5 95.9 107 106.1 104.2 99.2 94.1 97.1
75.2 75.1 75.7 76.4 81.5 86.2 78.8 77.7 76.1 75.2 75.3 75.6 73.6 73.2 73.5 74.3 75.4 76.2 77.1 75.7 74 71.5 73.3 73.7 74.2 75.1 75.8 75.4 75.4 74.7 74.6 74.9 75.3 75.5 75.8 76.2 76.5 76.9 76.8 76.8 76.8 77.1 77.1 75.7 77.3 78 78.7 79.4 76.3 79.5 79.5 79.9 84.6 88.7 90.1 96.4 100.6 98.7 98.7 99.1 101.5 102.6 104.2 103.9 106.1 107.1 104.8 102 94.6 87.6 85 85.8 88.9 91.8 92.9 88.3 94 93.3 93.8 98.8 104.5
75.7 75.2 75.2 76.5 84.9 82.5 82.1 82.5 79.9 78.9 78.5 76.6 73.6 73.2 73.7 73.7 75 75.4 76.3 76.5 75.2 73.5 72.1 73.9 74.1 74.2 74.7 74.8 74.6 74.1 74.9 75.2 75.3 75.6 75.9 76.2 76.5 76.9 76.9 76.8 76.7 77.5 77.2 76.5 78.8 78.6 79.7 81 81.5 76.3 79.4 79.9 80.5 86 87 91.3 94 97 94.8 95.3 96.1 97.1 98 97.5 99.5 100.4 100.2 91.1 84.1 87.9 90 90.3 92.6 93.6 95.1 95.9 96.7 97 101.7 113.6 118.7
77.3 76.3 75.3 78.7 85.1 83.1 85 85.9 83.5 82.9 81.2 76.9 73.8 73.5 74.2 74.4 74.6 74.5 77.5 80.4 81.6 80.8 77.9 73.3 74 74.3 74.3 74.8 74.6 73.1 74.1 75.2 75.3 75.6 75.9 76.2 76.5 76.8 76.8 76.7 76.6 77.3 78.1 76.2 77.8 78.9 80.4 82.9 83.6 81.1 78.6 79.9 80.4 80.8 82.3 83.4 87.1 90.7 90.8 90.7 91 91.3 92 91.3 91.9 92 91 84.1 89.6 90.4 91 92.4 93.2 93.9 95.9 100.5 102 112.1 111.5 115.3 121.1
77.5 76.7 75.8 77.4 77.9 80.3 84.3 87.4 87.7 88.1 84.4 77.6 74 73.7 74.9 74.9 75.6 75.6 83.6 87.8 89.2 86.4 82.6 78.4 73.2 72.6 72.2 75.6 74.7 74.8 74.3 75.2 75.3 75.6 75.9 76.1 76.4 76.7 76.9 76.7 76.7 77.2 77.6 77.7 77.6 78.3 80.2 82.6 87.1 87.7 87.4 78.6 80.4 80.8 80.7 81.2 81.7 85.2 90 91 91.2 89.5 88.2 87.9 87.8 87.8 84.1 89.4 90 90.9 91.7 92.2 93.4 94.4 96.2 101.3 105 110.3 113.4 117.5 122.7
77.4 76.8 76.2 76.1 76.4 78.8 83.4 89.3 95.6 94.4 87 79.3 74.8 72.3 75.2 76.4 78.8 78.9 85.8 92 93.3 90.5 86.4 81.4 76.3 76.1 78.1 80.5 79.7 75 75.1 73.1 75.3 75.6 75.9 76.1 76.4 76.6 76.5 76.3 76.5 76.7 77.1 77.5 76.8 78 79.1 81.1 83.3 89.7 90.9 83.9 79.6 80.3 80.8 81.3 81.9 83.7 87.4 90.9 91.9 87.4 86.6 86 85.8 83.5 87.8 89.2 89.5 90.4 91.8 94.8 95.2 96.6 100.5 105.2 110 112.4 115.3 119.8 125.1
78.3 76.8 76.3 76 75.7 77.6 87.9 93.5 93.9 92.8 84 77 75.1 73.6 76.1 80.7 84.7 86 85.7 91.2 97.5 92.9 89.1 83.8 79.4 80.4 82.7 88.5 85.9 80.7 75.4 73.2 75.5 75.8 76.1 76.3 76.4 76.9 76.9 76.6 76.1 75.3 77.1 76.6 77.3 78.4 79 80.5 82 85.7 88 87.6 80.7 80 80.9 81.8 82.6 83.4 83.6 89.5 91.6 86.6 85.2 82.4 85.3 88.4 88.9 89.7 90.2 90 93.1 98.9 100.8 103.3 107.5 109.9 112.6 115.9 119.1 123.5 128.2
77.9 76.8 76.6 76.3 75.8 75.6 79.3 88 83.4 79.7 77.7 75.9 74.3 73.3 76.7 80.9 86.1 88.2 88.1 88.3 94.6 90.6 87.7 85 80.6 81.2 84.6 89.8 90 83.8 78.6 73.2 75.7 75.9 76.1 76.2 76.4 77.1 74.1 77.3 77.2 77.1 77.3 76.9 77.5 77.7 78.5 79 79.6 81.3 84.1 86.6 82.7 81 80.2 80.9 82 82.7 81.7 83.9 85.5 83.4 81.6 86.7 87.9 88.8 89.2 90.1 91 91.8 95.6 100.3 102.8 105.3 107.4 110.1 113.1 117.7 121.9 127.6 132.3
77.6 77.2 76.8 76.5 76.1 75.7 76.2 76.5 75.8 75.9 76 75.2 73.8 73.3 76.5 80.2 85.5 88.4 90.3 88.9 87.8 84.3 85.4 83.2 80.4 80.4 83.1 86.7 88.1 85 79.7 75.8 75.3 75.8 76 76.2 77.2 77.4 77.3 77 76.8 76.7 77.1 77.3 77.6 77.8 78 78.5 78.7 79.5 80.1 81.4 81.7 82.9 81.7 79.3 81.4 81.9 82 82.4 81.1 85.4 85.9 87.6 87.9 89.1 89.5 90.4 91.3 92.8 95.9 99.1 101.3 105 108.8 110.8 115.5 119.7 123.3 129.6 135.6
78 77.6 77.1 76.8 76.5 76.2 76.5 76.3 76.1 75.7 75 74.2 73.5 72.9 75.6 79.6 84.1 88 92.2 91.8 88.5 84.9 81.9 80.9 79.3 78.7 81 84 85 83.4 79.3 75.1 75.7 73.2 74.7 75.9 74.1 76.9 76.5 76.4 76.4 76.4 76.6 77.1 78.9 78.2 77.7 78.6 78.8 79.5 80.4 81.9 81.8 82.3 84.5 86.5 82.9 82 83.5 83.4 83.9 85.5 86.6 88.2 89.4 89.2 89.8 91 92.6 94.2 95.9 98.6 102.8 109.4 114.6 118.5 122.3 126.1 126.9 132.7 139
76.6 77.4 77.3 77.1 77 76.6 76.6 76 75.7 74.5 73.9 73.2 73 73.4 74.1 78 82.9 87.2 92.8 95.4 93.3 88.7 82.6 80.4 78.7 77.8 78.5 80.2 81.6 80.9 77.4 73.2 75.5 75.3 75.5 75.6 76.1 75.8 76.2 76.7 76.7 76.7 76.7 77 79.9 82.3 82.7 81.8 80.7 80.6 81.5 82.8 83 85.4 87.6 87.7 86 85.4 84.4 84.5 85 85.6 87.1 88.8 90.7 90.3 90.7 92.3 93.3 95.1 96.9 100.3 105.8 114.1 119.2 124 129.8 133.2 134.6 137.6 143.8
77 77.6 77.3 77.2 77.1 76.8 76.7 76.1 75.3 74.6 72.9 73.1 73.3 73.7 74.1 76.1 80.7 85.9 90.4 94.4 98.9 94.4 86.3 81.1 79 77.2 77.1 78.5 78.5 77.5 76.1 74.5 75 75.2 75.1 75.1 75.9 76.7 77.1 77.1 77 77 77 77.5 80.9 85.7 87.1 86 83.3 80.7 81.2 83.2 85.4 87.6 89.1 87.8 87.1 86.4 85.5 85.6 86.1 86.6 87.2 90.3 93.5 92.6 92 93 93.7 95.8 97.7 103.4 109.6 119.2 124.1 130 136.1 139.6 142.6 146 148.8
77.5 77.5 77.4 77.3 77.1 76.9 76.7 76.3 75.5 74.7 73.4 73.6 73.7 73.8 74 74.4 77.9 82.8 89.3 92.4 98 100.7 92.6 83 78.2 76.7 76.3 76.4 75.7 75.3 74.6 75 74.6 74.7 74.5 74.6 75.3 76.9 77.2 77.2 77.2 77.2 77.3 78.2 81.2 86.6 89.9 88.4 84.5 80.6 80.5 82.5 85.2 88.3 89.2 88.6 88 87.2 86.2 86.5 87 87.2 87.4 92.3 96.5 96.6 93.1 93.3 94.1 95.7 100.4 106.3 115 121.7 127.4 133.7 139.2 145 149.7 152.2 154.3
77.8 77.6 77.4 77.3 77.2 77.1 76.8 76.4 75.6 74.2 74 74 74.1 74.3 74.4 74.5 75.9 79.8 86.4 90.9 94.3 100.5 99.7 89.6 78.1 76.3 76.1 76.1 75.3 75 75.5 75.1 74.5 74.3 74.3 74.3 75 76.5 77.6 77.4 77.4 77.5 77.5 77.6 78.8 83.8 88.9 89.1 87.2 81.6 80.5 81.5 85.4 88.4 89.7 89.3 88.9 88 86.9 87 87.1 87.3 87.8 93.9 99.1 100.1 95.2 94.3 95.9 99.7 103.8 112.2 119.6 125.7 130.9 136.8 142.3 148.8 154.6 159.2 157.8
77.7 77.6 77.5 77.4 77.3 77.1 76.9 76.6 75.8 74.8 74.6 74.5 74.6 74.7 74.8 74.5 75.3 76.4 82.7 88.6 92.2 95.5 97 91.1 81.1 76.9 76.1 76 75.2 73.6 76 75.6 75.1 75.3 74.3 74.3 74.3 74.5 76.9 77.2 77.3 77.4 77.3 77.3 77.5 79.5 83.3 84.4 85.7 81.6 80.2 80.8 84.8 90.1 92 91.4 89.8 88.6 87.7 87.7 87.7 88.4 91.1 96.9 102.4 104.8 100.5 98.5 98.4 104.2 107.9 115.6 122.8 128.8 134.5 140.7 146.9 153 160.4 166 167.7
77.8 77.7 77.6 77.5 77.4 77.2 77.1 76.7 75.6 75.4 75.2 75 75.1 75.2 74.5 74.6 75.4 75.6 77.4 83.2 88 89.7 90.5 87.2 80.2 75.6 74.3 75.5 76.1 74.3 75.1 75.4 74.7 74.3 74.3 74.3 74.3 75.3 76.5 76.6 76.8 76.9 76.9 77.3 77.1 77 77.8 78.9 80.3 79.6 78.9 80.8 84.3 90.9 93.6 92.4 90.5 89.1 88.5 88.6 88.7 89.2 95.4 101.9 107 108.8 105.5 103.1 101.8 105 111.6 118.4 126 132.2 138.7 145.6 152.9 159.6 167 173.5 176.6
77.9 77.8 77.7 77.6 77.5 77.3 77.1 76.9 76.3 76 75.8 75.6 75.4 74.8 74.4 74.7 75 75.2 75.5 79.8 84.1 84.7 85.5 83.9 79.2 75.5 75.6 74.3 74.3 74.3 74.3 74.3 74.3 74.3 74.3 74.3 74.3 74.3 75.9 77.3 77.6 77.8 77.6 79 80 77.5 76.4 76.9 77.4 77.9 79.9 83.1 84.3 91.1 95.1 94.7 92 89.6 89.4 89.6 90.1 92 99.5 107.1 110.9 112.4 110.6 107.8 107.5 106.9 115.4 121.3 128.8 135.1 140.6 146.8 153.4 161.2 169.4 177.7 182.3
78 77.9 77.8 77.7 77.6 77.4 77.2 77.1 76.8 76.5 76.2 76 74.8 74.3 75.1 75.1 74.7 74.6 74.6 77.4 78.9 80.2 81.3 80.1 77.3 75.4 74.6 74.3 74.3 74.3 74.3 74.3 74.3 74.3 74.3 74.3 74.3 73.6 75 75.5 77.6 78.3 78.1 82.1 86.8 86 80.9 77.6 76.9 78.3 82.6 85.5 86.6 88.8 93.8 94.4 92.8 90.4 90.5 90.7 91.3 93.8 100.8 108.3 114.2 119.6 118.1 116 115.1 113.9 115.4 123.9 130.8 135.4 140.5 147.4 155.2 162.5 171.3 178.6 184.7
78.1 78 77.9 77.8 77.6 77.5 77.4 78 77.4 76.9 76.5 76.4 74.8 74.8 75.3 75.3 74.9 74.6 74.8 77.6 78 76.9 77.6 78.5 76.6 77 75.1 74.3 74.3 74.3 74.3 74.3 74.3 74.3 74.3 74.3 74.3 74.3 74.3 74.6 76.1 77.9 77.7 81.2 86 89.9 86.2 81 78.6 78.7 84.8 88.8 89 89.2 90.3 93.2 92.5 91.5 91.5 91.9 92.8 94 100.5 108.7 116.2 120.9 123 123 121 119.8 116.5 124.9 132.6 137.6 141.9 148.5 156.1 163.8 173 179.4 184.6
78.3 78.1 78 77.9 77.8 77.9 77.6 82.5 91.1 85 79.1 80.3 81.1 77 75 74.9 75.8 76 76.6 77.7 78.7 77.4 75.8 78.4 78 77 74.3 74.3 74.3 74.3 74.3 74.3 74.3 74.3 74.3 74.3 74.3 74.3 74.3 75.9 77.3 77.4 78.1 79.4 83.7 87.8 88.5 84.7 78.3 78.8 85.2 88.4 91.9 92.9 93.4 95.3 94.4 93.5 92.7 93.7 93.4 94.2 99 105.8 110.7 117.7 122.1 124.4 123.6 121.1 117.9 124.3 131.2 138 144.4 149.4 156.7 165.4 173.8 178.7 181.2
78.4 78.3 78.1 78 78.1 78.6 84.4 102.8 129.4 110.8 100.5 100 94.1 83.1 75.8 75.6 76.5 77 76.5 76.6 78.4 77.5 77 79.4 79.4 77.2 74.3 74.3 74.3 74.3 74.3 74.3 74.3 74.3 74.3 74.3 74.3 74.7 77.3 79 81.2 78.4 78.3 77.5 81.4 84.7 87.2 85.6 80.5 78.7 80.8 85.6 89.5 94 99.8 99 98.8 98.7 94.3 95.9 95.2 95.4 96.9 101.9 106.8 114.1 119.7 122 121.2 118.4 118.5 123.8 131.8 138.1 145.8 149.7 158 167 174.6 178.1 182
78.7 78.5 78.4 78.4 78.6 84.4 99.3 117 130.7 133.3 127.6 121.2 108.2 97.1 84.8 76.5 75.6 76.6 76.6 77 78.4 78.6 77.1 78.2 80.9 78.6 74.3 74.3 74.3 74.3 74.3 74.3 74.3 74.3 74.3 74.3 74.5 76.8 77.4 80.3 81.5 78.4 77.3 77 77.8 80.8 83.6 85.1 81.8 79.5 78.8 81.4 86.8 92.6 98.3 103.2 106.3 107.5 103.1 102.5 102.9 97.6 97.1 99.2 102.6 110 116 118.9 118.5 118.8 119.4 123.9 132.8 137.9 144.4 150.9 159.2 168.3 176.9 181.9 185.2
79.2 78.9 79 81.6 82.4 92.6 111.2 135.5 155.1 153.9 148.6 134.7 116.3 104 90 78.8 77.3 76.7 76.5 76.4 76.6 78.7 78.5 78.4 79.5 79.4 77.5 74.3 74.3 74.3 74.3 74.3 74.3 74.3 74.3 74.3 75.7 78.4 78.6 78.4 79.7 78.7 77.1 77.4 76.3 76.3 79.9 82.5 82.5 80.6 79.2 79.2 83.8 91.7 96.7 102.4 108.5 113.9 114.6 112.7 112.2 107.1 97.9 99.3 100.8 104.9 110.6 114.9 117.7 120.2 121.9 123.5 134.1 139 145.5 153 161.4 169.3 176.7 182.3 188.2
80 80.9 82.7 87.9 97.6 110.3 128.7 160 186.7 168.4 156.5 137.1 123.5 117.7 101 86.3 78.3 77.7 77.4 77.3 76.5 76.7 79.3 82.4 91.5 96.5 97.7 78.6 74.3 74.3 74.3 74.3 74.3 74.3 74.3 74.3 75.1 78.3 78.9 76.6 77.9 78.7 75.9 74.5 74.3 74.3 74.4 79 83.2 84.3 80.5 79.2 84.4 89.6 94.1 102.1 108.7 114.7 120.8 121.6 120.5 113.5 98.8 100.4 102 103.8 107.2 112.8 117.6 123.1 125.3 124.3 134.2 141.5 149 157.2 165.3 173.7 180.3 184.2 189.6
