data/320000-510000.asc
ncols 200
nrows 200
xllcorner 320000
yllcorner 510000
cellsize 50
[rows 0 to 34 of 200, columns 79 to 157 of 200]
191.4 201.6 217.1 238.3 261 287.8 316.9 344.1 372.8 403.4 392.6 366.7 335.6 308 275.9 244.7 220.8 192.2 160.8 152 133.7 121.5 110.9 97.4 85.7 74.3 74.3 74.3 74.3 74.3 74.3 74.3 74.3 74.3 74.3 74.3 74.3 74.3 74.3 74.3 74.3 74.3 74.3 74.3 74.3 74.3 74.3 74.3 74.3 74.3 74.3 74.3 74.3 75 78.4 81.7 84.8 88.1 96.5 113 128.3 148.5 171.6 196.8 222.3 245.4 261.3 288.9 319 358.5 381.2 386.2 395 401 413.7 423.7 433.7 431.2 430
192.6 204.1 223 243 268 295.2 325.7 357.8 399 430.6 404.4 375.4 344.6 317.3 282.4 247.8 213.3 184.7 164.9 156.4 138.5 126.5 113.9 97.9 82.9 74.3 74.3 74.3 74.3 74.3 74.3 74.3 74.3 74.3 74.3 74.3 74.3 74.3 74.3 74.3 74.3 74.3 74.3 74.3 74.3 74.3 74.3 74.3 74.3 74.3 74.3 74.3 74.3 75.3 78.8 81 83.2 88.6 102.4 120.4 133.6 151.6 171.3 193.8 220 245.5 260.6 288.2 317.2 361.5 373.5 390.6 396.5 402.7 412.3 421.5 430.7 431.2 430.6
195.8 211.1 229.8 250.9 276.2 304.6 336.5 376.9 427.8 442.8 413.4 382.9 355.8 321.6 289 253.1 225.9 192.7 161.6 147.7 135.6 124.2 111.6 96.1 81.8 74.3 74.3 74.3 74.3 74.3 74.3 74.3 74.3 74.3 74.3 74.3 74.3 74.3 74.3 74.3 74.3 74.3 74.3 74.3 74.3 74.3 74.3 74.3 74.3 74.3 74.3 74.3 74.3 74.3 77.9 79.7 81 94.5 114.8 129.4 138.6 155 171.1 192.9 218.3 242.3 259.2 287.5 316.4 359.3 365.3 388.7 398.3 404.7 411.4 419 427.2 429.3 431.3
199.7 213.5 234 257.3 285 315.3 349 387.3 429.9 443.2 415.4 382.8 361.3 326.3 298.8 256.9 230 198.3 167.7 144.5 131.8 120.2 107.3 93.5 79.7 74.3 74.3 74.3 74.3 74.3 74.3 74.3 74.3 74.3 74.3 74.3 74.3 74.3 74.3 74.3 74.3 74.3 74.3 74.3 74.3 74.3 74.3 74.3 74.3 74.3 74.3 74.3 74.3 74.3 75.1 77.4 78.3 100.5 129 140.2 142.6 158.4 174.8 191.9 211.8 235 254.4 282.4 308.1 336.9 358.9 379.7 396.3 400 407.6 417.2 423.3 427 430.4
201.9 216.7 238.1 264.4 294.1 328 368.5 416.5 433.6 425.2 404.3 378 348.9 317.2 287.9 257.1 230.1 209 175.3 141.6 126.6 114.7 101.5 89.2 76.1 74.3 74.3 74.3 74.3 74.3 74.3 74.3 74.3 74.3 74.3 74.3 74.3 74.3 74.3 74.3 74.3 74.3 74.3 74.3 74.3 74.3 74.3 74.3 74.3 74.3 74.3 74.3 74.3 74.3 74.3 74.6 77.6 106.3 138.5 147.6 148.9 154.6 174.2 189.5 208.3 227.9 248.8 273 298.3 318.6 350.1 365.4 382.4 399.5 401 411.2 418.8 422.8 428.8
205.7 219.1 243.7 271.3 307.5 348.9 393.3 422.7 427.5 411.2 392.1 367.1 338.3 314.3 279.5 253 219.6 192.3 165.4 141.7 122.4 107.4 95.1 83.9 75.8 74.3 74.3 74.3 74.3 74.3 74.3 74.3 74.3 74.3 74.3 74.3 74.3 74.3 74.3 74.3 74.3 74.3 74.3 74.3 74.3 74.3 74.3 74.3 74.3 74.3 74.3 74.3 74.3 74.3 74.3 74.3 80.1 111.6 150 159.5 159 159.4 174.8 188.2 204.7 221.6 242.4 264 288.7 308.3 335.5 357.1 371.2 386.1 395.3 403.2 412.9 419.9 425.6
206.4 221.2 247.7 286.3 325.3 359.5 405.9 419.9 423.4 397.3 377.2 354.1 326.3 301.9 275.1 255.1 229 185.9 160.1 142.5 119 101.8 90.7 82.5 78.4 74.3 74.3 74.3 74.3 74.3 74.3 74.3 74.3 74.3 74.3 74.3 74.3 74.3 74.3 74.3 74.3 74.3 74.3 74.3 74.3 74.3 74.3 74.3 74.3 74.3 74.3 74.3 74.3 74.3 74.3 74.3 87 121.4 160.6 169.4 168 166.7 173.4 190.5 201.9 218.1 237.4 256.2 277 297.8 315 337.1 355.1 369 384.6 396.3 406.3 415.5 422
209.3 225.8 256.4 299.6 331.4 370.5 403 422.8 419 395.2 367.5 343.3 317.3 293.3 263.9 245.9 221.2 193.3 162.9 136.9 115.8 101.2 89.7 82.8 75.3 74.3 74.3 74.3 74.3 74.3 74.3 74.3 74.3 74.3 74.3 74.3 74.3 74.3 74.3 74.3 74.3 74.3 74.3 74.3 74.3 74.3 74.3 74.3 74.3 74.3 74.3 74.3 74.3 74.3 74.3 74.3 95 142.7 166.5 172 172.4 172.8 178.1 185.9 197.5 211.4 229.2 247.6 264.9 284.8 302.2 316.7 337.2 353.2 371.2 385.7 398.7 409.7 419.3
211.6 232.8 262.1 299.3 337.2 380.9 405.2 422.1 415.6 398.4 372.9 345.5 317.8 290.4 267.1 242.7 221 191.9 158.3 134.2 114.6 100.6 87 76.9 74.3 74.3 74.3 74.3 74.3 74.3 74.3 74.3 74.3 74.3 74.3 74.3 74.3 74.3 74.3 74.3 74.3 74.3 74.3 74.3 74.3 74.3 74.3 74.3 74.3 74.3 74.3 74.3 74.3 74.3 74.3 74.3 88.6 140 188.7 184.5 179.1 179 183.6 190.6 197.9 205.5 213 228.9 250.3 267.7 286.1 300.6 315.6 337.1 356.5 374.9 391.2 404.5 416.5
215.4 236.7 261.8 295.4 337.6 375.7 411.4 417.9 413.7 400.8 379.8 352 323.2 288.8 258.5 231.5 206.1 186 155 133.3 109.9 95 82 75.9 74.3 74.3 80.6 74.3 74.3 74.3 74.3 74.3 74.3 74.3 74.3 74.3 74.3 74.3 74.3 74.3 74.3 74.3 74.3 74.3 74.3 74.3 74.3 74.3 74.3 74.3 74.3 74.3 74.3 74.3 74.3 75.4 85.2 128.7 177.1 187.3 186.9 183.1 188.9 197.8 207.4 218.3 229.6 235.6 240.9 249.5 266.9 284.7 301.1 320.5 342.3 364.2 384.8 399.9 416.1
215.6 234.6 264.9 299.1 335.3 375.9 406 410.4 407.1 399.5 386.8 356.2 334.5 302.4 266.4 225.9 196.2 175.8 152.2 132.2 109.4 94.4 79.7 75.6 75.4 75.6 75.8 74.3 74.3 74.3 74.3 74.3 74.3 74.3 74.3 74.3 74.3 74.3 74.3 74.3 74.3 74.3 74.3 74.3 74.3 74.3 74.3 74.3 74.3 74.3 74.3 74.3 74.3 74.3 75.2 77.7 90.7 125.6 164.7 186 192.1 190.5 191.5 201.4 212 226 237.8 252.3 262.9 261.5 262.6 270.8 287.3 305.8 330.8 355.7 378.1 400.7 420.4
215.3 234.9 269.7 295.2 328.9 371.8 392.5 396.2 399 393.8 379.4 350.9 326.2 293.6 270.4 233.6 196.7 174.4 150.6 127.8 105.8 90.2 78.9 76.9 76.1 75.7 74.3 74.3 74.3 74.3 74.3 74.3 74.3 74.3 74.3 74.3 74.3 74.3 74.3 74.3 74.3 74.3 74.3 74.3 74.3 74.3 74.3 74.3 74.3 74.3 74.3 74.3 74.3 74.3 76.6 77.9 95.7 125.8 163.5 185.9 193.3 194.9 197.5 205.1 214.4 229 244 260 274.4 283.4 282.1 287.3 288.3 292.2 314.4 342.3 371.4 399.7 419.9
220.5 238.3 264.6 288.2 324.5 370.2 377.5 380.5 385.1 381.8 365.6 340 316.4 284.7 256.7 226.8 192.8 169.7 146.1 118 97.6 85 78.7 79.1 77.8 75.6 74.3 74.3 74.3 74.3 74.3 74.3 74.3 74.3 74.3 74.3 74.3 74.3 74.3 74.3 74.3 74.3 74.3 74.3 74.3 74.3 74.3 74.3 74.3 74.3 74.3 74.3 74.3 74.6 76 77.5 92.7 121.7 150.1 174.8 188.3 195.3 200.5 207.1 215 227.5 245.2 263.8 280.7 295.7 308.5 311.9 313.5 321 309.9 327.2 352.5 384.5 416.1
221.6 240 257.5 288.6 323.7 355.8 363.7 369.6 376.9 374.9 364.4 336.5 314.7 290.8 247.6 212.7 182 154.9 132.3 113.7 94.4 84.4 80.5 83.4 84 81.2 75.6 74.3 74.4 76 76.5 74.3 74.3 74.3 74.3 74.3 74.3 74.3 74.3 74.3 74.3 74.3 74.3 74.3 74.3 74.3 75.2 73.6 74.3 74.3 74.3 74.3 75 75.6 76.3 77.8 106.7 139.1 168.8 184.9 195.1 195 201.1 206.5 215.6 228.6 246.4 266.4 286.7 304.9 319.5 328.3 334 343.2 344.1 347.3 351.2 395.8 422.1
226.7 237.7 258.6 291.2 322.5 342.9 353.7 362 373.6 372.6 361.4 329.6 298.9 279.3 256.5 219.8 181.4 153.6 132.1 114.5 95.9 87.3 87.6 92.6 89.7 85.4 79.1 75.9 77.2 76.1 75.4 74.3 74.3 74.3 74.3 74.3 74.3 74.3 74.3 74.3 74.3 74.3 74.3 74.3 74 75.2 75.2 73.6 74.7 74.3 74.3 75.4 75.5 74.4 76.8 82.4 117.2 158.9 187.9 198.6 200.1 200.9 204.5 208 218.2 231.5 250.2 269.2 290.3 311.7 329 338.9 353.4 364.5 375.2 380.9 391.3 398.4 419.3
233.6 245.6 266.9 305.4 321.2 333.4 343 357.2 367.9 368.4 355.7 329.1 297.7 262.9 237.6 212.3 185 154.4 131.4 116.2 99.6 93.9 98 97.8 95.1 89.3 83 80 77.3 75 74.3 74.3 74.3 74.3 74.3 74.3 74.3 74.3 74.3 74.3 74.3 74.3 74.3 74.3 75.2 75.2 75.3 73.6 75.1 74.3 75.3 76 75.8 77.4 77.1 95.1 136.6 198.5 204.9 205.6 206.5 205.4 206.7 210.3 218.8 236 256.4 274.2 296.4 320.2 339.4 354.9 372.3 383.8 400 412.1 417.2 422.5 414.2
250.2 255 283.5 301.4 312.2 321.8 335.3 349.6 359 363.9 357.9 327.4 291.4 258.9 230.1 201.8 178.1 154.3 136 122.4 109.5 101.4 102.9 101.6 99.3 95 86.9 85.3 83.2 79.1 77.2 74.3 74.3 77.7 76.8 74.3 74.3 74.3 74.3 74.3 74.3 74.3 74.3 74.3 75.5 75.3 75.3 75.4 74.8 74.3 75.3 76.1 80.5 83.1 80.7 110.6 156.5 204.5 216.9 211.3 212.6 213.8 212.3 218.9 225.2 240.9 260.2 281.2 303.4 329.8 353.1 373.2 388.8 404.8 424.4 436.5 440.5 439.6 435.3
274 270.5 279.5 295.3 312.3 318.6 331.1 344.8 356.7 365.8 367.6 332.1 294.3 262.2 236.5 217.8 192.5 171.9 144.2 135.8 124.1 110.5 110.5 108.5 104.2 101.1 95.4 90 86.9 82.6 79.7 77.5 78.1 80.3 77.5 74.3 74.3 74.3 74.3 74.3 74.3 74.3 74.3 75.3 75.5 75.6 73.8 75 75.1 75.3 75.7 76.4 80.1 83.4 83.2 124.3 169.6 226 221.3 217.3 221.8 223.1 221.9 226.4 236.2 246.6 266.6 288.4 310.3 340.5 366 389.1 407.5 435.1 451 459.7 460 455.1 447.7
309.2 302.4 295.3 306.4 311 318.1 332.4 346.9 361.5 369.8 368.8 338.6 300.1 271.8 252.3 236.2 204.2 181.2 155.5 151.8 137.3 120.3 111.8 111.2 109.1 104.7 98.5 92.3 89.1 84.2 81.2 79.9 81 82.3 75.6 74.3 74.3 74.3 74.3 74.3 74.3 74.3 75.3 75.5 75.5 75.5 74.2 75.8 76.1 76.3 76.7 77 79.3 81.5 92.2 136.5 175.4 228.1 230.5 223.4 232.2 236.9 233.5 238 247.8 257 273.8 294.7 315.1 349.5 372.6 401 421.4 448.3 462.4 468.1 472.3 464.9 456.4
327 317.6 312.3 313.5 316.4 325 338.4 351.8 367.1 382 388 358 317.1 281.6 254.3 235.7 199.9 175 160.6 152.2 137.8 125.2 112.2 111.8 109.4 103.2 96.9 91.6 87 85.1 83.4 82.1 83.8 80.5 74.3 74.3 74.3 74.3 74.3 74.3 74.3 74.8 75.5 75.5 75.7 75.7 74.2 75.9 76.5 77 77.5 78.5 79.6 83.3 110.7 146.5 189.5 227.3 230.4 236.6 249.3 251.7 251.5 254.2 260.2 272.1 288.9 304.2 322.4 351.7 382.3 414 435.9 458.3 467.2 475.5 477.4 474.1 465.7
333.8 326.8 323.9 324.7 327.5 335.5 344.8 361.4 379.9 397.4 405.2 371.4 322.3 283.7 251.3 226.7 199.7 170.6 158.5 150.6 141 129.9 113.7 108.2 103.8 98.7 92.8 89.2 86.8 85.6 83.8 82.1 82.4 75.1 74.3 74.3 74.3 74.3 74.3 74.3 75.1 75.6 75.7 74.8 75.9 75.8 75.4 75.6 75.8 76.6 78.1 82.6 85.1 92.3 128.5 159.5 205.5 234.1 235.8 249.1 258.5 263.7 263.9 260.4 270.4 282.5 301.1 317.1 329.7 355.9 384.8 414.7 443 466.9 469.4 475.7 482.6 481.2 477.6
347.2 341.7 336.5 338.1 337.8 347.2 366.9 388.5 399.4 406.3 408 380.2 336.8 289.4 247.3 215.9 191.1 171.8 154.8 147.6 142 130.9 116 103.5 98.5 95.4 91.4 88.8 86.5 85.2 83.3 81.1 80.4 74.3 74.3 74.3 74.3 74.3 74.3 74.3 74.8 75.3 74.2 75.8 74.2 74.9 75.3 76.2 76.3 76.6 79.1 87.1 87.1 103.9 139.5 172.7 213.7 238.9 242.1 258.3 265.4 270.8 271.3 269.8 280.4 290.7 314.4 322 336.5 351.7 379.9 411.7 438.8 463.1 478.9 478.6 484.1 486.6 485.2
362.1 353.9 350.2 350.7 355.1 369.4 394 406.3 412.9 412.9 410 382.6 341.3 303.8 247.8 210.9 186.3 163.3 147.4 138.9 132.6 125.9 112.3 100.7 94.8 92.7 91.7 89.5 87.3 85 82.2 79.1 76.2 74.3 74.3 74.3 74.3 74.3 74.3 74.5 75 75.5 74.2 75.8 75.5 75.4 75.4 76.5 77.3 78.3 78.2 86.8 95.1 115.2 146.7 183.2 217.5 241.7 247.2 262.4 277.5 282.2 284.2 283.4 284.8 294.2 313.3 325.5 337.1 352.7 372.5 399.5 426.6 449.9 470.2 480.2 488.1 487.7 490.2
378.1 377.3 376.3 374.9 380.1 398.5 411.5 417.7 421.9 421.9 415.7 380.8 335.7 283.5 245.5 210.9 182.7 159.8 140 129.2 122.5 115.2 106.6 96.7 92.2 90.6 90.9 89.1 87.2 85.4 82.8 78.7 77.8 74.3 74.3 74.3 74.3 74.3 74.7 75.1 75.4 75.7 74.2 75.5 75.3 75.4 75.4 79.1 84.7 87.3 81.9 90.7 106 126.9 159.5 190.9 219.6 241.6 249.6 264.3 280.9 295.9 302.4 296.6 293.5 300.2 322.7 328.3 337.3 352.4 370.7 395.7 420.6 442 464.4 476.4 487.5 491.7 496.7
400.3 401.3 401.6 400.4 408.6 417.1 423.6 429.7 431.3 429.1 411.3 366.9 331.1 280.6 239.2 209.2 182.5 161.9 138.5 125.7 117.4 108.6 100.2 91.8 88.3 90.8 91.5 89.4 86.4 84.6 81.5 79.1 77.7 75.1 74.3 74.3 75.8 75.5 74.3 75.3 75.3 76.1 76 75.2 75.2 75.4 76.9 83.5 105.6 113.5 87.3 102.3 121.6 140 165.1 195.9 219.6 241.6 248.7 264.1 281.3 298.3 313.1 311.3 299.7 306.9 322.2 326.9 340.7 354.9 369.9 393.5 418.3 440.8 462 474.9 492.3 504.9 504.6
420.8 423.1 422.8 431.7 436.9 437.2 440.8 440.5 439.1 432.9 412.7 359.7 319.2 279.6 243.4 213.6 186.6 163.5 142.1 126.1 115.3 106.3 97.1 89 86.6 91.1 92.2 90.1 85.4 83.7 81.3 78.3 80.6 79.9 74.4 74.3 74.7 75.2 75.2 75.5 75.8 74.2 75.7 75.4 75.3 75.4 76.6 99.4 118.1 136 109.9 118.6 141.8 170 183.8 195 221 234.3 244.7 261.9 278.9 299.7 315.6 317.5 307.5 314.4 326.1 331.6 344.2 359.2 368.2 390.4 416.6 448 461.5 473.2 486.7 496.9 505
441.1 447.3 453.6 458.6 456.6 455.3 454.1 450.4 446.1 437.8 417.7 361.3 320.3 283.3 250.6 220.7 190.5 168 149 129.6 115.6 105.3 96.5 89.7 85.6 90 92.7 87.9 83.3 81.6 79.3 77.5 85.9 79.1 75.8 75.5 75 75 75.3 75.6 74.3 75.8 75.7 75.6 75.5 75.5 81.4 113.7 148.4 160.3 137.6 142.6 190.2 199.5 207.9 214.4 221.3 232.6 241.3 254.5 273.9 292.8 314.1 318.1 316.7 318.8 328.9 332.9 344 360.1 374.6 391.1 415.1 441 463.3 476.5 496.3 491.9 497
464.1 471.3 476.2 473.9 472.3 464 458.8 454 447.1 438.8 418.2 379 331.6 295.9 278.7 245.7 204.1 183.3 163 144.2 125.2 111.6 100.3 88.4 83 85.5 89.4 84.7 82.5 80 77.5 76.3 76 77.1 76 75.8 75.7 75.5 75.3 75.7 75.9 75.9 75.6 75.1 75.4 75.9 92.6 123 173.5 187.7 151.1 158.3 222 208.9 217.9 224.7 229.7 237.3 244.8 256.5 273.1 295.8 317.7 323.7 327.1 336.4 340.2 348.4 359.3 368.1 380.9 390.6 408.6 431.7 456.5 472.3 481.7 490.2 494.1
487.2 490.2 493.9 489.4 484.9 476.3 468.3 462.5 446.2 431 412.8 370.6 336.7 301.7 272.4 246.1 209.9 194.5 173.4 151.1 131.7 113.3 95.2 85 82.1 82.5 85.9 82.9 77.6 76.8 77 76.3 75.8 75.7 76 75.6 75.5 75.3 75 75.8 75.6 75.5 75.5 75.4 75.3 76.9 103.7 157.8 209.9 202.8 162.7 166.8 208.3 216.1 221.7 230.8 234.8 239 251.9 261 283.9 318.3 335.5 341.6 347.4 347.1 350.6 357.7 367.6 373 381.2 391.5 406.5 424.4 444.1 465.4 478.3 493.2 509.3
506.2 508.4 506.8 501.4 493.7 485.6 474.2 465.8 452.6 424.4 397.7 360.7 326.2 297.5 272.4 242.6 205.9 182.8 164.1 146.4 122.9 102.3 90.2 82.2 81.6 82.4 82.6 80 77.6 77.2 77 76.3 76.2 76 76 75.6 75.2 75 74.5 74.2 75.6 74.9 75.5 75.4 75.2 83 114.2 173.3 215.7 215.4 174.5 180.6 212.4 214.5 217 227.8 234.7 236 251.2 265.6 292.1 317 352.5 357.9 358.8 360.5 359 364.4 370.6 382.2 386.9 396.4 408.2 423.3 437.9 458.5 482.4 504.6 518.9
526.4 525.6 516.6 511.1 501.2 491.9 478.7 463.8 446.8 415.4 388.3 348.9 312.1 278 252.9 225.1 201.2 169.7 145.1 129.5 109.2 95 87.6 81.8 80.9 80.5 81.6 80.4 77.5 77.2 76.9 76.6 76.5 76.3 76.1 75.9 75.2 74.8 76.4 75.8 75.7 74.6 75.7 75.4 77.4 90.7 127.9 192.9 213.6 229.7 182.4 191.2 212.6 212.3 209.9 220.6 233.9 237.7 252.7 264.1 283.7 313.6 345.7 366.9 369.8 368.8 365.9 367.6 373.5 385.8 395 403 411.8 423.7 437.6 456.8 479.4 501.3 517.6
549.5 541.8 529.6 516.7 507.6 498.6 481.9 460.9 437.6 409 386.9 344.9 301.4 267.4 232.5 202 183.4 159.3 135.3 115.3 100.6 89.8 85.4 81.1 80.3 79.7 79.4 78.5 77.6 77.2 77 77 76.7 76.4 76.1 75.6 74.8 76.4 76 75.9 75.6 75.8 75.6 76.5 82.9 97.4 133.9 180.1 199.6 210.9 199.1 194.3 210.1 207.8 204 211.2 230 238.5 246 259.8 279.7 311 336.3 358.9 370.8 373.9 375.8 376.2 378 394.3 401.4 406.1 415.2 425.7 436.3 452.9 473.1 490.1 501.9
546 540.2 533 520.8 508.4 498.4 477.7 447.1 419.2 399 380.1 339.9 294.3 258.9 222.5 189.4 166.7 147.8 127.6 108.3 96.6 87.7 83 81 80.1 79.3 78.9 78.5 77.7 77.2 77.2 77.5 76.6 76.4 76.4 75.7 76.1 76.2 76 75.9 75.9 75.8 75.8 78.5 86.6 100.6 119.4 147.8 168.3 186.5 199 191 198 200.4 208.1 210.1 215.3 228.3 235.3 251.8 277 308.7 329.5 346.8 366.8 376.6 381.7 382.6 382.9 397 405.2 408.1 412.8 421.4 435 448.6 463.9 483.4 494.4
543.6 536.8 528.9 521 505.2 485.8 458.6 420.1 395.8 376.8 356 324.2 286.7 246.2 211.9 181.3 157.4 137.9 121.6 106.3 94.9 86.9 83.1 82.1 80.9 79.6 78.9 78.3 77.7 77.3 77.2 76.6 76.3 75.6 74.8 76.6 76.2 76.1 76.1 76.1 75.7 76 76.1 79.1 85.8 98.4 124.8 148.4 171.8 189.8 200.8 199.1 201.7 207 214.9 217.2 213 217.5 225.6 247.1 266.6 300 324 345.8 358.5 370.5 377.7 384.8 390.1 393.4 401.7 406.7 413.5 418.2 430.1 443.5 456.7 469.6 483.5
541.3 536 527.6 517.3 499.9 465.5 434.4 391.5 367.3 348.1 329.8 304.6 271.3 238.9 212.7 178.3 153.7 136.1 120.6 103.1 89.8 85.3 83.4 82.5 81 79.9 79.3 78.6 77.8 77.2 77 76.7 76.4 75.8 75.2 77.1 76.9 76.4 76.6 76.6 76.6 75.6 77.7 79.6 85.2 104.5 135.1 157.3 186.9 201.3 209.8 217.4 220.1 222.6 222.4 222.1 219.9 218.1 222.7 240.2 257.2 288.7 314.6 338.5 357.1 362.3 370.2 380.7 388.2 392.1 399.4 404.9 413.7 418.2 425.2 438.2 450.4 462.3 476
