data/320000-780000.asc
ncols 200
nrows 200
xllcorner 320000
yllcorner 780000
cellsize 50
[rows 34 to 67 of 200, columns 76 to 151 of 200]
729.3 727.4 726.8 730.3 736.6 745.5 756.4 767.5 780.9 798.9 814.9 834.1 845.8 842.3 828.9 814.1 798.1 788.6 778.2 767.6 755.5 742.4 727.9 713.4 695.8 675.3 657.6 642 624.1 612.8 607.9 603.7 598.8 594.3 589.3 584.7 580.9 578.5 575 572.4 570 567.8 564.2 561.6 559.1 557.6 557.7 554.8 551.7 547.6 542.6 536.5 533.4 531.2 535 533.2 530.4 526.6 527.7 524.5 526.2 528.6 531.6 533.8 536.1 538.4 542.2 548.8 558.3 567.9 578.1 588.6 595.1 599.9 604.9 608.4
737.5 734.2 735 737 740.1 749.2 760.6 771.9 786.3 804.7 824.4 844.2 854.6 851.7 840.2 826.3 811.9 800.8 791.3 781.4 771.1 757.7 743.6 727.5 709.1 689.3 667.9 646.5 627.8 616.4 610.2 606 602.4 598.4 593.3 588.8 585.4 582.3 580.2 578.3 576 573.9 570.7 567.6 564.8 561.8 561.2 558 554.1 547.6 542 538.5 534.6 536.7 537.9 539.5 533 530.3 530.6 529.2 527.9 530.5 533.3 534.7 537 539.2 542.6 547.4 559.3 567.9 578 588.9 596.5 604.9 610.3 616.7
749.1 742.1 744.9 745.7 746.5 753.6 764.8 776.6 791.4 809.4 829.7 847.4 859.5 858.4 849.8 838.9 826.5 813.3 802.1 793.7 783.9 772.3 758.1 740.6 720.7 699.7 676.8 653.2 632.6 620.4 612.8 608.4 605.3 602.5 598.4 593.7 589.2 588.6 587.5 585.2 582.8 579.8 576.7 573.3 570.6 568 566.2 561.8 555 547.4 542.5 540.2 540.7 540.3 541.3 542 530.7 532 532.4 533 530 532 535 536.7 537.9 539.9 542.9 548.6 559.2 568.2 579.9 590.4 601.1 610.3 617 624.8
766.8 759.9 759.8 756.3 754.5 759.2 768.8 781.6 797.5 815.5 834.4 850.9 860.3 859.4 853.6 844.9 834.8 822 809.5 801.1 791.4 781.5 767 748.8 728 707 684 658.8 636.5 624 615.9 611.1 607.9 604.7 601.8 597.7 596.6 595.7 594 590.7 587.5 584.4 580.2 577.6 575.1 572.9 570.5 565.4 557.4 548.9 545.1 541.1 546 544 545.9 541.7 532.5 533.8 537.1 535.6 533.7 534.2 537.4 539.4 539.5 541.5 544 549.8 560.4 569 580.4 591.2 602.6 611.8 619.5 628.8
782.8 781.6 773.8 768.1 763.9 766.5 773.1 786.1 802.7 819.3 837.1 851.7 859.1 858.4 852.9 845.4 835.4 824.3 814.8 805.3 795.2 785 771.2 752.9 732.1 711.6 688.8 661.6 640.6 627.8 619.1 613.8 610.1 607 604.4 603.4 603.8 602.3 599.6 595.5 592 588.9 584.6 580.7 577.1 573.7 569.3 563.9 557.4 550 546.4 543.1 548.4 548.6 546.4 540.8 535.3 537.3 539 538.4 536.6 535.7 539.6 541.5 541.9 543.2 546.1 553.7 563.3 571.2 581 592 603.2 611.7 620.5 633.2
796.7 796.5 791.3 783 775.8 777.5 779.2 789.5 804.6 821.7 838 850.8 855.7 853.8 848.5 842.2 831.8 823.4 815.4 804.6 795.3 784.4 771 752.8 733.6 713.6 690.7 665.5 645.1 630.7 620.8 615.8 612 609.2 609.1 609.5 608.6 607.9 604.6 600.8 596.9 593.4 589 584.2 579.2 573.1 566.4 560.2 554.4 550.5 547.1 548.1 552.7 553.3 550.6 539.9 537.3 542.6 544.3 541.5 542.1 540.8 540.7 543.6 543.5 545.5 551.4 558.6 565.6 573.4 583 593.4 603.4 614.9 624.5 638.7
807.9 808.6 805.8 801.1 791.4 787.4 787.2 793.6 806.8 821.7 836.1 846.1 849.9 847.5 842.9 835 826.1 818.5 809.9 800.4 789.6 779.3 765.7 748.1 730.6 711.3 689.3 666.5 648 633.9 622.4 616.3 614.8 614.6 615.4 614.2 613.3 611.8 608.7 604.9 601.2 597.8 593 588.1 580.9 573.9 566.2 560.6 555.4 551 548.1 548.9 547.5 545.6 542.8 540.2 542.4 546.9 547.1 544.8 545.6 546.1 543.4 544.8 546 549.4 556 561.5 567.8 575.6 584.7 596.4 605.4 616 629.5 643.6
817.2 819.4 819.1 814.9 807.4 801.1 798.5 800.7 808.6 820.8 833.1 841.6 844.3 842.2 836.7 828.2 820.6 812.6 803.8 793.4 781.3 771 756.8 742.3 726.7 708.8 688.9 667.3 646.1 635.2 628.9 622.9 620.4 619.2 619.4 618.3 616.9 615.2 612.4 608.7 605.3 602.2 597.5 592.6 584.6 576.4 568.6 562.4 557.9 553.4 550.9 549.3 549.1 547.4 545.5 548.8 546.2 547.5 549.8 548.3 548.7 549.7 547.3 549 550.7 554.3 560.4 565.4 571 579.8 588.6 597.6 607.9 620.4 634.7 648.4
826.2 830.2 831 828.8 824 816.2 811.2 811.4 813.6 824.1 831.4 837.4 839.4 837.9 832.4 825 815.7 806.7 796.5 785.4 773.8 762.9 750.3 736.5 722 704.5 681.7 667.6 654.4 643.4 637.1 631.3 625.2 623.9 623.2 621.6 620 618.4 616.1 612.8 609.8 606.7 602 598.6 590.2 581.7 574.6 568.9 564.5 558.9 554.9 552.1 552.2 550.4 548.7 552.4 550.7 547 553.5 552.7 553.4 554 551.3 553.4 555.9 559.5 564.9 569.5 576.1 582.9 590.6 599.3 609.5 624.1 638.8 653
837.4 841 841.8 841 838.8 834 827.4 824.9 825.8 830.7 835.3 837.5 838.2 836.7 831.3 821.7 813.5 800.2 790.2 779.7 767.8 756.6 746.9 735.5 724.6 709.8 695.2 679.1 663.6 650.5 641.8 635.6 629.6 627.6 626.9 626.3 624.4 622.4 620.4 617.2 614.3 611.1 608.6 604.6 598.1 590.9 584.8 578.6 572.4 565.6 559.9 556.3 556 553.7 552.5 558.3 560.4 548.6 558.4 558.3 558.3 558.4 556.8 558.1 561.6 565.3 568.8 573.3 579.7 585.3 592.6 602.1 613.7 631.2 643.2 655.9
842.4 849.5 852.5 853.1 852.8 851.8 846.3 842.3 840.4 839.3 840.3 840.5 840.4 838.7 835.1 829.7 821.3 809.1 797.1 786.5 775.4 766.1 757.5 747.4 735.6 723 707.2 688.3 672.1 658 647.6 638.8 634.1 631 630.4 630.5 629.4 627.8 625.9 621.8 618.7 616.5 613.3 609.6 604.2 599.1 593.9 588.2 580.1 573.5 567.1 561 558.7 555.8 555 561.9 556.5 555.1 565 564.5 564.2 563.8 560.5 563.3 567.6 571.6 574.7 578 582.8 588.5 596.9 607.7 620.8 635.8 647.6 661.7
847.8 856.3 859.3 862.1 865.8 869 867.4 862.9 858.6 854.5 850.9 848.7 846.2 844.7 842.4 836.7 828.7 819.9 810 798.7 789.5 780 769.6 759.9 748.3 734.3 716.8 699 681.6 665.7 654.4 643.2 637.7 636.2 635.5 636 636.4 634.6 634 629.7 625.8 622.3 619.3 616.4 611.3 606.7 601.5 595.9 590 582.9 575.5 569.6 563.7 561.5 560.7 559.8 559.8 560.8 566.5 570.5 570.2 570.5 564.8 567.9 573.5 576.8 580 583 587.9 595.7 604.8 613.7 627.1 638.7 651.3 665.5
852.1 860.3 865.5 870.7 878.2 887.1 889.4 884.8 876.8 871.2 865.7 859.6 855.6 851.6 848.6 844.9 837.7 828.3 818.9 810.2 800.9 791.9 781.3 770.8 760.1 747.1 730.3 712.1 691.8 674.5 661.6 651.1 642.1 643.2 643.4 642.9 643.6 644.3 642.6 639.5 635 630.6 628.2 624.2 619.5 615.2 609.1 603.5 598 592.6 585 578.8 573.8 570.2 569.2 566.9 565.6 566.6 571.7 574.6 577.9 577.6 567.7 573.2 576.5 579.7 583.6 587.3 592.9 602.1 608.9 620 631.6 641.7 655.2 668.3
853.4 860.4 868.5 877.3 890.4 904.4 911.1 904.3 895.5 887.6 880.7 874.1 866.5 860.2 854.4 851.1 845.2 837.3 828.4 820.5 811.3 800.8 791.5 783 772.7 760.5 742.5 724.7 703.3 685 670.8 661.7 652.5 653.2 652.2 651.8 652.5 654 652.6 648.3 644.1 640.4 637.7 635 631.4 624.6 619.4 612.6 607 601.5 596.2 587.3 581.8 579.8 577.8 575.3 571.7 573.1 577.1 581.9 585.1 581.5 571.5 576.9 579.9 583.6 587.6 592.2 599.2 606.1 615.4 625.9 634.7 644.4 657.1 672.2
855.8 862.4 873.7 885.5 902.9 919.6 929.6 924 914 903.1 895.2 888.2 879.6 867.6 861.2 855.8 850.2 843 835.2 826.9 818.7 810.5 802.7 794.2 785 773.6 755.2 737 717.5 697.8 681.9 670.8 664.6 663.8 660.8 661.6 663.3 663.4 661.3 657.8 652.4 649.7 647.3 645 641.4 635 627.5 620.4 615.9 610.2 602.7 594.3 588.4 585.9 584.3 581.6 575.8 580.3 584.7 589.3 589.9 579.1 575 581.9 585.9 588.3 591.1 597.7 603.9 611 620.8 629.9 638.2 648.4 660 674.2
855.2 864.9 876.9 893.7 909.7 929 940 937.1 927.3 916.7 905.9 898.7 889.2 876.4 865.8 858.7 851.6 844.2 836.2 829.6 820.9 816.8 811.5 804.7 794.6 784.2 769.9 749.7 729.2 711.4 694.8 681 677.4 675.4 673.5 671.5 670.6 669.9 667.3 663.6 660.1 658.2 656.9 653.3 647.3 640.6 633.3 626.9 621.8 616.6 608.3 600.1 593.5 590.5 588.9 587.4 583.2 585.6 590.7 591.7 586.9 582.6 578.7 585.8 590.4 593.6 596.4 602.1 608.2 615.7 624.2 632.2 640.5 652.4 662.8 675.9
852.7 863.7 878.8 896 911.6 930.3 945.3 947 939.8 929.8 918.4 905.5 895 882.4 868.6 859.8 850.4 843 835.7 827.5 822.3 819.4 815.3 811.3 802.9 793.4 780.7 761.8 739.8 719.8 705.8 692.8 687.1 684.4 682.2 682.6 679.8 676.7 674.7 670.2 668.1 666.7 664.2 659.8 652.1 645.4 639.8 632.6 626.5 620.2 612.2 604.9 599.7 595.6 593.2 591.8 587.6 590 592.5 591.4 588.8 586.9 581.1 589.1 595.6 597.8 601.6 606.8 613.8 621 627.9 635.8 645.3 655.6 666.1 676.6
849.2 861.5 876.9 891.3 907.3 927.2 948.7 956.4 953.1 941.1 926.9 913.1 898.5 885 869.8 859.7 848.1 838.8 830.4 822.6 819.2 816.2 814.9 813.9 806.4 797 783.7 766.1 746.2 724.6 711.8 700.6 694.4 691.6 690.9 691.1 689.6 686.8 684.9 683.2 679.2 675.6 670.8 665 656.9 653.6 649.3 641.4 632.9 625.5 618.2 611.5 606.3 602.8 597.7 595.2 591.8 594.3 594.4 593.8 593.2 591.1 586.1 590.9 598.6 602.1 605.9 610.9 619.1 627.1 633.7 641 649.9 658.7 668.1 678.3
846.1 858.3 874.5 890.2 904.6 922.4 943.8 956.9 959.6 950.8 934.7 917.7 902.1 887.6 871.6 857.7 845.3 832.8 823.5 814.8 810 807.5 804.8 801.4 797.5 790.5 777.9 761.6 742.7 725.5 715.1 706.2 700.9 697.3 700.1 699.8 699.7 697.9 694.7 690 686.9 683.1 679 671.4 665.2 661.7 657.8 652.1 642.3 633.4 625.8 618.4 612.8 608.4 601.1 597.1 597.1 598 597.9 598.1 597.8 596.8 593.9 592 599.2 606 610.6 615.9 624.5 632.7 639.6 647 654.8 661.3 670.7 679.9
842.7 855.7 872.4 888.9 903.7 921.5 938.7 951.1 964.3 960.5 942.3 924.5 906.6 887.9 871.8 854.1 840.8 826.6 814.4 805.4 799.8 795.8 791.4 787 783.7 777.5 767.7 753.1 736.8 726.1 718.4 713.1 708.5 710.8 711 710.3 708.5 706.1 702.9 697.9 693 689.6 686.5 683.1 677.2 671.6 666.4 660.9 653.1 643.7 633.6 623.4 615.3 610 604.8 601.1 601.8 602.2 602.2 602.9 603.8 602.5 599.8 595.8 600.4 607 614 621.6 629.6 637.1 646 654.2 662.4 668.5 675.2 683.8
838.5 852.8 869.4 885.9 902.6 919.5 934.4 947.7 961.2 963.8 946.9 929.5 908.8 889.6 870.9 853.5 836.5 821.5 809 799.9 792.8 786.7 782.1 776.2 770.1 763.5 755.3 744.6 734.7 727.3 722.1 720.1 720.4 722.2 720.9 718.9 716.3 712.2 707.9 704 699.3 696.6 696.6 695.1 691.7 685.2 677.2 669.3 661 650.4 637.4 626.1 616.1 610.6 606.8 604.2 605.7 606.6 607.3 608.4 608.1 607.6 606 602.3 602.6 611 617.4 625.1 633.5 644.5 656.2 667.8 673.9 678.7 683.8 689.2
833.5 848.2 865 880.8 897.8 912.6 927.8 944 958.1 962.4 946.9 930.2 909.6 889.2 868.9 850.6 833.9 818 803.8 796.2 788.8 782.5 775.6 769 762.7 754.5 747.7 741.4 736.2 731.2 729 728.3 729.8 730.7 730.1 726.5 722.2 716.9 712.2 708.5 706.1 703 703.5 703.8 700.7 694.7 687.6 677.9 668.1 656.8 644.3 633.9 621.6 613.5 609.3 607.9 609.8 611.5 612.5 613.1 612.8 612.1 610.4 607.3 605.7 615.1 621.3 629.2 640.3 655.4 667.8 678.7 686 691.8 695.1 697.7
827.8 843.7 860.4 874.6 891.1 907 922.9 940.8 958.7 963.1 943.9 928 908.1 888 865.8 846.7 830.2 814.8 802.3 794.2 786.6 779.2 772.5 764.6 756.8 749.8 744.5 740.8 737.5 735.1 735.4 736.5 738.7 739 736.2 731.9 725.7 721 715.2 711.6 709.6 708.8 709.9 712 710.7 703.7 695.7 686.9 675.2 663.8 650.8 640.1 630.1 619.9 614.4 611.4 612.4 615 617.3 617.5 617.6 616.5 614.9 611.6 609.4 618.7 626.7 634.3 645.1 661.6 678.8 690.3 697.6 702.1 703.8 704.9
824.8 840.4 855.6 869.7 884.3 901.6 919.5 938.1 956.7 958.3 941.5 926 906 885 863.3 842.9 826.2 812.1 802 793 784.7 776.8 768.9 761.2 754.2 748 743.5 741.3 739.1 739.9 742.2 745.4 746.2 745.2 741.4 733.4 727 721.4 716.4 714.4 712.3 713.5 717.8 721 720 710.6 701.2 691.1 680.9 670.8 657.8 644.7 634.9 625.5 619.9 616 616.9 619.8 622.2 621 621.3 621 619.1 615.8 612.9 620.7 629.2 638 648.7 667.7 687.1 701.3 708.5 711 710.8 710.9
825.3 839.1 853.3 867.1 880.2 897.8 915.5 934.2 951.4 948.9 936.2 921.6 902 878 858.9 840 821.9 811.3 802.2 793 784.5 776.2 768.1 760 752.8 746 744.2 742.2 743.4 748.1 752.4 753.9 753.2 749.8 742 731.4 725 720.4 717.5 715.6 715 720.5 726.4 725.9 725.2 711.1 702.8 693.1 683.3 673.1 662.6 650.9 639.4 630.1 625.7 621.3 621 624.7 626.5 624 623.5 625.3 623.3 618.5 617.7 623.5 630.9 639.5 650 669.7 691.1 706.6 715.1 716.6 717.9 718.3
832.2 843.4 855.1 867.1 877.6 893.4 910.7 926.7 937.8 936.3 930.4 916.3 895.2 871.6 852.4 834.8 821.3 811.9 803.4 794.2 785.2 776.7 768.6 760.9 753.9 747.8 746 747.5 752.3 757.3 761 760.9 758.1 752.4 740.8 728.5 723.3 722.4 720.2 718.3 719 729.9 727.4 731.3 731.1 723.3 710.7 697.1 682.3 673.1 664.2 656.4 646 637.5 630.9 626.4 624.9 628.6 628.1 628.4 630.7 630.8 626.6 618.5 623.1 629.6 634 641.3 651.3 667.8 687.7 704 713.5 717.5 720.7 722
847.2 854.9 862.2 869.6 879.3 891.3 905.2 916.6 922.4 925.1 921.9 908.9 887.8 864.6 845.7 832.4 820.8 811 803.7 795.2 786.6 778.8 770.9 764.2 757.7 753.5 752.3 755.5 760.5 766 767.7 766.3 761.8 752.7 737.9 726.2 723.8 724.4 723.1 721.4 728.8 730.3 735 739.8 736.7 726 713.5 697 681.4 671 664.4 658.2 651.2 644.8 637.9 631.5 630.5 633 636 638.6 639.9 636.3 630.1 619.3 629.6 633.3 637.7 643.1 652.5 665.4 680.9 696.6 708 716.4 722.7 729
863.3 868.6 873.4 878.4 884.2 894.1 901.4 907.4 911.1 914 910.2 896.9 879.3 858.6 841.9 829.4 819.5 810.5 803.4 795.9 789.5 782.3 776.1 769.7 764.1 760.3 760 762.5 767.2 771.2 772.4 769 763.3 752.2 737.4 726.2 724.9 725.1 724.8 725.2 727.7 735.8 743.4 746.8 745.4 732.9 714.9 701.6 683.3 671.1 663.5 657.8 654.2 649.6 645.8 640.3 635.9 636.4 638.8 641.6 644.6 641.8 631.8 622.8 634.1 637.7 640.4 644.9 651.2 661.9 676.2 691.3 703.6 714.7 725 733.9
878.4 881.6 884.6 888.5 893.8 900.6 902.7 903.2 902.4 900.8 894.9 883.8 866 851.6 835.5 823.4 814.6 806.9 802.1 795.8 791.7 786.6 780.6 774.9 770 766.9 766.4 769.1 771.8 775.4 776.1 772.2 765.5 753.5 738.9 727.6 725.2 725.7 727.3 733.2 735.4 743.7 751.6 756.1 751.4 735.6 720.7 704 687.6 674.9 665.4 658.3 655.8 654.5 652.9 648.6 643.3 639.9 641 644.5 648.9 644.8 633.3 631.4 638.5 641.6 643.5 646.7 651.2 660.3 673.8 686.7 699.4 711.5 725.4 736
891.9 894 897 899.5 904.8 907 906.7 903.8 898.8 893.5 883 869.8 853.2 838.1 824.6 814.8 808.5 802.8 798.8 797 793.4 790 786.1 780.5 775.8 773.5 773.9 775.6 777 781 780.2 777.2 769.1 754.3 738.4 729.5 726.6 726.6 731.6 738.1 743.2 752.9 760.4 761.6 754.1 740.6 724.9 704.3 691.4 678.6 669.5 664.1 660.3 658.1 657.3 655.8 652.6 647.1 645.3 647.7 649 644.9 634.7 638.9 644.3 647.3 647.8 648.8 651.9 658.9 671.5 683.6 697.1 709.2 722.8 735.4
902.7 905.3 907.4 912.7 916 915.3 911.6 907.4 902.9 893.9 878.6 862.6 843.7 827.5 815.5 808.6 803 799.6 798.8 797.6 796.8 794.8 792.4 787.2 785 784.8 782.9 783 784.1 785.9 785.9 781.7 768.3 752.9 741.6 734.2 729.2 729.6 737.7 745.8 752.7 764.3 769.9 768.5 756.9 742.3 727.7 709.1 691.5 681.2 673.1 668.6 664.7 662.1 660.8 660.5 660 655.8 653.2 651.6 648.9 643.8 639.3 644.6 650.3 650.8 650.4 650.2 652.3 658.7 669.9 682 695.4 706.9 720.1 734
915.6 920.1 923.2 927.4 928.4 927.2 921.6 915.6 907.7 892.2 875 856.4 839.6 820.8 809.9 802.8 799.7 799.3 798.9 799.3 801.5 802.9 803.3 801.4 799.7 797 795 795.1 792.7 793.4 790.6 778.7 765.9 753.5 745.8 739.8 734.6 734.7 745.1 754.4 762.2 773.7 778.4 776.3 763.3 746.9 730.3 710.5 693.3 681.2 675.2 671.6 668.6 666.3 664.6 663.5 663 661.2 657.6 653.9 650.3 647.4 644.8 648.1 653.2 655.1 655.1 652 652.3 657.8 669.2 680.8 692.6 705.1 717.9 732
928.3 935.7 941.1 945.9 947.3 944.7 936.1 925.9 911.7 890.7 875.7 860.1 840 816.5 802.1 800 799.4 800.1 805.7 809 813.3 815.7 818 819.6 817.6 814.2 812 808.9 804.7 801.7 794.2 776.6 765.1 756.8 750 745.6 742 742.7 753.9 762.7 772.9 783 785.2 780.7 768 750.5 732.7 713.5 696.1 683.4 677.3 675.1 673.1 671.2 667.7 665.5 664.3 662.6 659.3 655.3 652 649.7 646.9 649.2 653.7 655.9 658.1 657.6 652.9 658.1 669.8 681.6 691.8 704.4 718 729.9
942.4 956.4 966.1 970.3 971.8 966.9 952.3 939 911.7 897 883.5 868.4 843.3 815.9 802.7 801.1 799.7 810.3 818.5 823.1 826 828 833 837.1 838.4 833.1 829.3 823.9 814.8 804.7 792.5 779.9 769 761.8 758.2 753.3 749.1 751.4 762 773.9 783.1 790.1 790.7 784.4 771.8 753.7 735.4 715.3 699.8 688.8 681.7 678.5 677.4 674.7 671.8 668.9 668.3 665 660.3 656.1 653.4 650.6 647.8 649.5 653.2 656.8 659.3 661.5 662.4 663.7 671 680.9 691.6 704.2 718.3 730.1
