data/320000-620000.asc
ncols 200
nrows 200
xllcorner 320000
yllcorner 620000
cellsize 50
[rows 105 to 139 of 200, columns 0 to 77 of 200]
542.6 538.4 526.9 518.9 512.1 504.3 509.1 509.2 505.3 503.6 499.8 497.3 495.7 495.2 494.8 493.6 492.7 491.5 489.6 486.3 482 476.4 470.5 464.5 456.2 446.9 433.3 418.6 398.7 374.2 377.7 384.5 391.6 398.2 405.2 435.2 453.8 468.5 478.2 487 494 502.6 514.1 523.9 533 541 548.3 553.7 558.6 559.9 562.1 564 561.5 556.5 550.2 542.1 532.2 523.5 515.2 504.9 487.3 471.1 462.9 451.2 431.9 439.3 442.6 445.3 446.5 448.1 458.8 466.6 473.8 481.5 486.3 489.6 493.6 493.5
545.5 537.3 525.1 517.1 510.2 502.8 503.8 504.7 502.8 499.1 496.8 495.1 493.9 493.1 492.9 492.2 491.3 489.4 486.3 482.3 478.4 473 467.6 461.6 453.9 445.1 434.2 419.5 401.7 376.3 373.4 377.6 378.8 405.7 429.1 449.3 466.7 479.1 485 491.3 497.1 506.5 515.7 524 531.2 538 542.8 547.7 551.4 555.5 558 557.1 554.2 550.5 545.1 537.7 528.7 523.2 515.2 503.4 488.9 471.2 460.3 450.2 434.5 429.1 432.8 436.3 442.3 452.9 461.5 469.5 478.2 485.4 488.7 491.5 493.7 493.3
545.4 534.3 523.9 514.9 506.5 501.7 497.3 500 498.7 496.2 495.1 493.5 492.3 491.3 489.8 488.2 486.1 483 480 476.4 472.3 468.8 463.8 458.3 450.9 442.9 432.6 416.6 399.8 383.4 366.8 372.1 388.2 414.8 438.4 458.6 475.1 484 488.5 493.3 500.2 508.9 516.3 522.5 528.7 533.7 537.3 541.3 543.8 548 550.1 548.6 546.2 542.8 537.5 530.9 526.1 521.6 512.6 498.8 485.1 472.6 459.8 447.8 436.7 419.2 424.9 432.6 444.8 457.5 466.9 477.1 486.1 491.5 492.4 493.7 494.3 493.7
540.9 531.2 522.1 514.8 506.9 501.1 496.3 492.4 493.7 493.9 493.2 492 490.7 487.9 484.5 480 477.8 475 471.7 468.7 466.4 463.6 459.3 453.8 447.4 440.1 428.6 410.8 394.3 379.9 364 371.9 392.5 420.4 443.9 463 478.4 484.7 489 494 501.7 509 515.1 519.9 524.5 528.8 532.6 534.7 537.3 540.9 542 540.6 537.7 534.9 529.6 525.5 521.7 516.4 505.5 491.6 479.4 471.2 460.9 445.8 431.5 418.8 420.9 434.8 449.9 462.7 473.6 484.6 495.1 498.1 497.9 497.3 496.7 496
541.5 533.5 522.3 514.9 506.9 500.8 496.9 493.3 486.5 489 490.1 487.8 485.5 482.1 478.7 473.8 469.4 467 464.3 462 459.7 456.6 452.6 448.4 442.5 434.6 420.8 402.6 386.5 373.6 360.2 371.6 396.1 422 441.8 459.2 474 482.7 487.1 492.8 500.4 506.9 512 514.2 517.5 521.1 524.6 527.7 531.4 534 534.4 534 530.4 526.8 522.5 518.3 514.8 506.4 494.9 484.6 476 467.4 457.5 443.5 425.1 409.5 421.7 438.8 455 467.6 479 493.3 504.1 507.3 505.8 502.9 501.9 500.8
536.3 528.5 520.9 515.1 507.4 501.1 495.4 493.1 489.8 480.7 485.5 482.6 477.7 473.9 471.1 466.8 462.4 459.9 457.4 453.7 451.6 449.1 445.9 441.5 435.3 427.8 410.6 392.6 378.6 366.5 359.8 372.7 392.5 412.6 428.1 447.2 464.4 476 483.2 487.7 493.9 500.5 507.8 510.1 509.5 512.8 514.1 519.3 526 528.8 529.1 526.8 522.6 518.2 516.3 510 503.1 494.9 486.1 477.5 470.6 461.1 451 436.6 412.7 409.4 422.7 442.5 460.2 472.9 487.1 501.6 512.1 515.8 514.7 511.9 509.1 509.1
536.4 531.9 525.7 515.3 504.9 500.9 495.6 490.6 486 480.6 475.6 473.1 471.1 467.8 464.6 461 455.4 450.5 446.5 444.8 443.2 439.9 436.2 432.6 426.7 417.8 397.8 382 370.3 357.4 364.2 383.4 402.4 417.9 431.1 440.6 454.5 467.3 478.6 485.5 490.1 492.4 492.4 491.1 495.6 504.2 504.9 511.3 519.6 522.1 519.8 515.6 512.7 509.1 505.6 498.6 492.2 484.9 478.1 472.4 465.2 456.4 445.8 428.9 403.6 404.9 422.1 445.2 464.2 478.4 491.8 507.9 519 522.9 523.1 521 518.7 518.7
538.5 529.4 516.7 511.3 509.2 501.1 495 486.7 481.9 476.5 467.8 468.7 467.4 465.3 458.4 450.9 442.7 431.5 427 424.4 429 427.8 425.9 422.3 416 401.6 385.3 373.5 362.2 355.9 374.6 396.9 417.1 433.2 446 456.5 467.5 477.6 484.5 492.4 498.5 499.1 497.2 502.2 488.4 478.6 486.9 503.6 510.2 509.6 507.6 505 499.9 495.3 490.8 484.9 479.7 474.4 470.2 465.5 458.6 450.6 439 421.8 398.7 399.5 421.4 448 467.4 482.1 494.8 510.3 523 527.2 528.6 527.9 525.7 524.1
530.7 523.6 518.8 513.1 508.3 498.1 489.9 483.6 478.9 472.8 468.3 461 463.8 457.7 447.3 441.6 425.8 430.7 428.9 417.9 400.9 407.1 411.3 408.3 401.7 386.7 375.5 365.7 352.3 360.8 385.5 408.7 429.7 445.4 457.7 469.7 479.6 487.5 493.9 500.1 505 508.7 511.6 510.1 495.3 471.7 471.4 489.9 497.1 498.1 497.4 493.9 486.5 482.1 476.1 470.9 465.2 462.4 459.3 455.1 449.8 442.3 429.2 412.7 388.4 400.2 424 449 469.2 483.2 496.5 509.7 522.4 527.2 529.7 530.3 528.9 527
523.8 521.5 519.3 511.7 501.9 491.2 484 479 474 468 463.8 457.8 456.5 451.5 441.1 428.5 443 447.4 441.9 435.6 425.7 389.5 382.5 378.7 381.7 375.8 366.9 353.5 350.6 372.9 397.3 420.9 440.4 454.5 468.7 479 488.1 496.3 501.6 506.1 510.5 514 514.4 510.9 503 482.1 463.1 473.8 481.5 484.3 484.2 478.4 472.1 466.4 458.6 453 451.7 449.5 447.7 444 438.6 427.5 415 400.1 388.6 403.8 428.7 452.4 469.6 483.3 496.3 509.9 520.1 523.4 526.3 528 526.8 525.3
517.6 518.5 514.1 505.7 495.3 484.3 479.1 473.9 468.7 463.4 458.3 451.8 446 435.7 440.9 452.3 455.5 453.6 448.4 440.2 429.4 416.3 404.1 387.3 366.6 357.2 354.4 347.1 357.8 383.3 408.7 430.7 447.1 462.4 475.4 486.1 495.5 504.1 508.4 513 516.9 518.3 516.2 510.5 501.6 483.5 461.9 462.6 470.2 472.1 471.7 467.8 463.2 454.4 449.2 440.7 434.2 433.5 430.4 424.9 417.6 408.2 396.9 381 390.3 411.1 435.8 457.1 471.9 484.3 495 507.1 514.1 516.9 519.8 522 521.4 520.4
508.1 508.2 503.7 498 487.5 481.5 475.6 469.1 464.5 457.3 448 441.3 438.9 443.7 455.1 459.4 459.7 456.5 450 441.8 434.8 425.6 412.9 394.6 376.2 364 358.5 344.6 362.7 387.9 414 435.9 453.7 469.3 481.5 492 501.4 510 512.7 518.8 523.8 524.4 518.5 511.8 501.6 483.1 465 451.1 457.6 462.3 461.5 455.6 449.7 447.6 440 428.7 413.6 412.9 410.9 404.3 396.2 388.1 378.6 374.9 398.2 420.5 442 460.7 473.3 482 492.9 501.4 507.3 511 513.4 514 513.6 513
498.1 501.2 490.6 487.8 481.1 477 471 462.3 455.1 449.3 446.3 441.2 438 447.7 457.2 462.1 461.2 458.4 452.1 443.5 435.8 426.3 413.6 392.7 372.4 357.6 352.1 343.2 361.9 385.4 413.3 438.6 458.1 473.6 485.5 496.1 505.9 513.7 517.6 524.2 529.3 527.1 520.2 510.7 498.8 479.8 464.5 450.2 447 450.8 449.2 444.6 441.4 437.7 430 421.3 408.1 392.5 390.3 387.1 376.1 363 370.1 389.4 407.6 429.2 447.9 462.4 472.2 480.1 489.5 495.5 499.8 503.1 503.7 505.4 505.5 505.4
491.8 492.4 489.4 485.6 478 469.6 463.2 459.9 454.2 447.8 443.4 436.7 433 445.7 456.9 462.4 460.5 458 452.4 444.2 435.5 426.5 413.7 391.7 369.2 353.3 342.6 345 360.6 384.6 414.5 441 459.4 473.7 486.4 498.7 508.7 516.5 522.8 527.9 531 526.8 518.6 507.2 492.1 476.4 464.6 454.6 443 438 437.7 434.4 426 423.7 421 414.5 401.2 387 360.1 361.8 357.6 373.1 387.6 402.6 421.4 435.9 448.2 458.9 467.6 475.9 482.6 487.9 491.2 493.4 494.9 496.8 497 497
480.9 484 482.9 482.2 479.8 472.6 462.8 456.2 449.9 441.2 439.4 434.9 426.7 440.8 452.7 458.6 458.2 455.1 450.6 443.4 435.2 427.8 414.1 391.6 369 353.9 337.1 345.8 362.1 389.4 416.5 440.6 456.6 470 484.8 497.5 506.4 513.4 519.7 526.8 527.5 523.9 515.2 502.5 488.1 474.5 463.7 453.5 443.3 428 428.2 426 424.6 424.7 418.9 410.6 404.4 385.2 356.1 349.4 366.7 384.2 399.4 413.6 429.5 440.9 450.8 455.5 458.5 467.9 474.5 479 481.8 483.5 485.5 487.2 488 488.2
463.6 472.2 474.5 475.9 474.2 465.1 459.2 453.1 445.2 439.6 437.6 430.7 420 435.6 446.9 452.8 454.1 452.7 448.9 442.9 434.6 427.4 413.8 396.5 372.7 353 336.1 343.9 364.4 392 415.4 434.2 449.1 463.8 477.9 490.4 497.8 504.1 511.2 517.2 519.9 517.5 507.9 497.2 485 472.6 461.4 451 436.1 424.2 414.1 419 417.6 417.7 416.1 407.8 395 379.1 356.2 344.1 365.8 386.8 405.7 418.1 429 440.2 449.7 454.9 456.5 455.7 463.5 469.2 470.6 474 476 477 477.8 478.3
442.5 453.6 463.7 468.6 466.9 459.9 455.8 448.5 440.7 436.8 431 424.2 412.5 429.9 441.2 447.6 450.2 449.9 446.4 442.4 434.8 426.6 413.7 396.8 374.3 357 340.9 337.3 360.6 383.9 403.1 420.8 438.6 452.9 464.2 475.5 482.1 490.1 498.9 506.2 509.6 506.1 498.9 490 479.4 467.2 456.3 442.8 429.8 422.8 416.6 404.4 413.9 410.3 402.6 396.8 384.7 371.3 352.6 332.7 358.6 382.9 402.9 417.7 427.2 436 444.3 449.1 452.9 452.3 450.5 455.2 457.1 460.8 464.4 465.7 467.2 466.3
422.2 435.5 446.8 457.9 459.6 456.2 448.1 440.7 437.1 430.4 422.6 417.1 409 424.2 435.7 444 446.4 446 443.8 440 434 425.6 411.1 389.8 375.2 370.1 350.4 331.9 351.3 369.5 387.2 406.6 424.4 439 451.2 460.2 466.5 471.4 483.7 493.3 495.3 493.2 487.7 480.6 471.4 460.7 447 434.3 426.9 420.3 415.4 407.2 398.4 405.7 398.7 385.6 378.1 365.6 349.2 331.3 348.5 374.4 396.2 410.4 420.9 430.2 438 442.2 445.9 446.6 444.1 444.6 444.3 445.1 450 453.5 454.1 450
404.8 418.6 431.2 441.6 447.4 448.3 439.7 438.6 430.2 421.8 415.2 409.5 404.8 418.4 429.9 439.7 443.4 443.7 441.9 438.1 432 418.3 397.9 395.7 392.5 380.5 360.5 335.9 336.1 353.6 373 391.6 406.9 422.9 435.2 444.4 450.9 454.8 465.9 474.4 480.2 476.7 472.8 468.4 460.9 453.7 440 430.5 426.9 421 408.9 402.4 379.2 395.7 390.9 380.4 370.3 358.4 345.3 323.2 341.6 365.8 385.8 400.1 410.8 421.2 429.7 435 437.8 437.5 436.9 437.6 435.9 435.2 436.7 440.2 439.2 430.9
412.2 400.2 414.8 424.9 429.8 429.8 432.8 430.1 423.4 414.6 406.5 400.5 400.2 411.3 423.1 434.2 441 442.6 440.9 436.2 426.5 406.6 407.1 405.2 397.7 384.9 369.6 347.8 325.3 333.8 355.7 372.8 388.4 404.3 417.6 428 434.5 439.2 452.2 459.2 459.6 457.6 456.6 452.6 448 439.3 429 426.5 419.6 412.3 404 394.9 372.4 382.5 380 370.5 359.4 349 339.5 322.8 335.4 356.6 373.7 387.6 400.3 411.9 419.8 426.2 430.4 430.2 431.2 432.5 431.8 431.1 429.4 429.8 426.2 414.1
415.7 402.4 397.1 407 412.5 417.3 425.8 421.3 412.9 406.7 397.6 387.9 393.7 403.3 416 425.8 435.4 442 440.1 431.5 415.4 415 415.8 409.5 400.5 389.3 376 359.7 339.3 323.3 333.7 351.6 367.4 381.6 396.3 409.3 417.4 427.7 437.5 444.3 448.5 446.8 446.1 440.6 437.6 429.5 427.1 423.2 414.7 405.2 394.5 385.3 372.5 367.8 367.1 358.8 347 338.6 331.3 317.9 329.5 346 361.3 372 383.7 399.3 407.8 414.9 419.8 422.1 424.7 426.1 425 423.3 422.3 425.6 429.7 426.4
417.6 408.4 396.9 390.3 399.3 404 412.4 411.8 404.9 396.2 390.1 384.4 386.5 395.4 406.5 415.9 427.8 436.8 434.3 416.5 415.3 422.7 418.9 413.8 405 395.1 384.8 372.1 357.1 340.2 321.9 327.4 342.3 356.6 372 382.8 395 410.3 418.2 426.7 429.9 431.9 430.9 426 422.3 424.7 419 412.7 402.9 392.9 383.5 374.2 364.3 347.3 354.2 349.2 338.3 330 321.9 313.3 321.5 332.7 345 353.6 365.7 382.9 394.1 402.7 408.4 412.2 414.2 415.1 412.7 410.2 409.1 416.7 423.7 422.3
418.7 408.6 397.7 385.7 388.1 392.5 396.8 396.9 392.4 387.5 384.3 376.5 379.4 384.9 394.9 406.8 417.6 424.2 418.3 412 426.3 425.2 421.6 417.1 407.9 401.8 396.1 385 371.9 358.3 342.4 322.3 317.1 330.2 345.7 358.8 375.1 387.2 392.6 400.6 407.6 409 407.3 402.3 401.8 406.7 402.4 395.7 388.4 377.7 365.6 357.3 349.5 341.1 332.6 336.9 328.5 320.9 315 294 310 320.8 326.6 333.3 347.2 362.9 375.1 386.4 394.5 399.1 403.8 403.5 400 396.2 397.7 406.5 416.7 421.4
416.8 400.3 392.3 387.5 378.9 380.5 381 382.3 380.7 379.1 374.9 371.3 370 376.3 385.7 395.8 404.8 409.4 409.6 419.9 424.3 423.8 421.7 416.9 410.1 407.8 402.2 392.5 379.1 365.5 355.2 343.1 325.5 311.6 321.1 341.1 358.3 362 362.9 377.9 380.4 381.2 381.6 378.3 376.8 385.3 382.3 375.4 367.9 358.1 346.8 339.2 332.9 325.4 314.8 321.3 317.1 310.6 306 293.5 296.7 307.3 315.4 320.2 330.4 341.4 353.5 367.4 377.6 384 390.9 392.6 388.4 386.9 387.5 393.7 408.4 419
410.9 403.6 398.8 391.8 383.6 373.2 371.8 370.8 370 367 364.4 363.5 362.3 369.3 375.1 382.2 390.7 397 403 409.2 413.6 417.2 416.3 413.9 409.6 408.6 404 395.2 381.8 367.4 356.5 347.5 336.8 323.3 309.6 327.4 346.4 355.8 346.4 356.5 358 359.3 363.4 361.1 356.2 363.1 360.4 351.8 344.2 334.5 329 322.8 316 310.1 303.7 305.6 304.9 299.6 295.3 290.3 283.5 294.4 303.8 308.8 315.4 321.1 335 347.7 357.1 367.5 379.2 381.5 380.1 378.9 374.1 382.1 399.1 407.5
407.8 416.8 411.2 401.8 393.7 383.4 373.9 366.5 365.3 357.7 357.4 355.6 356 360.3 365.7 371.8 378.1 381.9 388.4 395 399.7 404.6 403.9 401.5 402.6 403.2 399.7 391.9 378.7 365.3 354.7 346 334.8 325.3 308.8 317.9 332.9 341.5 341.3 342.9 344.4 341.9 344.8 344.4 338.3 340 337.9 330.6 321.6 314.7 311.7 307 301.6 297.4 294 291.9 290.2 289.4 287.3 285.6 282.1 277.4 288.7 295.5 301 304 317.4 328.4 339.4 350.2 365.3 370.7 371.2 370.3 367.9 372.1 388.3 401.4
420.3 432.9 424.7 414.1 403.5 391.9 381.2 373.7 366.4 359.5 356.5 348.1 352.4 354.4 354.7 359.9 364.3 367.9 374.4 381.3 385.4 386.6 387.4 389.6 394 396.6 392.9 384.8 371.9 362.2 352.8 341.5 330.5 323.9 310.7 311.1 323.9 328.8 329.8 331.7 332.8 332.6 330.2 329.2 324.7 319.9 317.1 309.8 304.5 301 298.5 294.6 288.5 286.7 282.2 282.5 281 282 281.6 280.4 279.1 274.3 273.9 278.6 286.4 289.6 302 311.8 323.4 335.2 350.3 361 361.7 359.3 356 365.1 378.3 393.3
438.6 444.9 437.5 426.6 413.8 401.2 390.2 380.8 370.1 359 357.3 350.6 348 347.9 348.9 350.3 352.3 356.3 359 364 365.4 366.4 368.2 375.5 381.6 387.1 386.2 379.3 371.2 359.3 346.9 335.7 327.7 318.7 307.9 306 313.5 314.2 313.5 313.3 316.3 317.2 314.5 310.9 306.6 303.9 300.2 296.3 291.9 288.3 285.5 281.3 279.2 278.3 274.7 273.8 272.2 271.7 273.7 274.2 273.4 269.8 270.5 271.1 271.2 276.7 287.1 297 309.1 321.7 336.8 347.4 350.9 348.4 342.7 353.3 364.5 378.9
454.3 452.3 446.6 433.5 421.4 410.9 402 390 378 365.8 358.3 348.8 342.4 335.8 337.6 339.7 341.9 344 346.5 349 348.8 347 349.9 358.6 365.9 371.4 373.4 370 363.1 349.3 338.6 331.3 325 316.7 311.5 301.1 301 300.2 299.7 298.9 298 299.6 297.6 294.5 291.7 289.4 287.5 284 279.3 275.9 274.1 273.1 272.2 271 270.1 269.3 267.8 266.6 266.4 267.5 268.5 268.6 267.8 268.4 267.1 271 275.3 282.5 294.6 307 318.3 329 335.6 336.3 328.1 335.6 346.5 358.1
459.7 453.9 446.8 435.6 424.3 416 403.4 390.5 377.3 364.2 356.3 347 341.5 334.5 334 334 334 334 332.5 335.7 338.5 338.2 338.9 340.9 342.7 348.3 351.3 350.9 345.7 335.8 328.8 324.3 318.5 314.7 310.4 303.8 291.5 290.5 289.4 288 287.7 286.1 285.3 284.7 282.5 279.5 277.7 275.3 273.8 272.1 270.8 269.3 266.3 264 263.2 261.9 260.8 262.3 261.4 262.7 263.2 263.9 264.9 265.3 264.9 264.2 264.8 270.5 280.4 288.7 299 308.7 314.7 317.7 316.3 313.5 324 331.8
459.7 452.3 441.8 433.1 423.3 412.1 398.3 383.4 369.9 355.5 350.2 342 335.5 334 334 334 334 334 334 334 337.4 323.9 325.2 328.7 330.6 328.9 329.1 325 320.1 316.1 313.4 310.5 308.6 305 302.5 298.6 291.1 287.6 286.8 285.4 284.7 283 280.3 279.8 278 276.1 273.9 272.2 269.2 268.1 268.9 267.6 266.1 266.1 265.4 263.3 262.2 261.7 259 258.8 259.9 262 262.5 263 262.3 261.7 260.9 261 265.8 270.2 278.8 287.9 292 294.7 294 292.2 298.1 304.3
455.3 448.2 437.6 427.6 416.9 402.9 387.8 373 360.4 350.9 343.6 335.4 334 334 334 334 334 334 334 334 335.8 312.9 306.8 310.6 310.8 309.2 306.9 306.4 303.8 301.3 298.5 297.7 297.5 297.1 294 291.7 285.1 284.7 284.1 283 281.6 279.7 277.7 276.2 275.4 274.4 273.1 271 271.6 271.2 271.5 272.1 271 269.8 268.2 264.8 263.1 262.4 260.9 259.7 257.3 259.3 260.2 260.3 259.8 259.1 258.8 258.7 258.2 258.8 258.5 262.2 268 272.4 269.9 270.9 273.7 277.2
443.7 439.3 431.3 419 407.1 393 376.6 361.4 350.3 341.2 332 334 334 334 334 334 334 334 334 334 333.5 308.7 291 293.7 293.6 291.8 291.4 290.5 289.7 289 288.1 287.2 287 286.9 285.7 285.2 284.4 282.7 282.1 280.9 279.4 278.3 277 275.4 274.6 273.7 272.7 270.8 273.9 274.7 275.2 276.7 277.5 276.9 273.1 267.7 264.7 262.6 261.5 260.4 258.6 254.4 257.9 257.9 257.8 257.1 256.6 256.8 256.2 255.8 255.2 254.7 253.8 253.8 254.3 254.7 255.4 255.1
430.5 425.3 416.8 401 387 378 360.3 348.8 339.8 334 334 334 334 334 334 334 334 334 334 334 332 307.6 292.6 289.7 289 290.8 290.7 289.4 288.4 288.2 285.9 284.3 284.3 284.3 282.3 281.4 281 280.8 280.3 278.8 277.4 276.3 275.7 274.2 274 273.4 271.4 276.5 278.6 279.9 281.8 285.1 286 284.2 279.3 274.3 269.8 264.8 262 261 259.4 257.2 256.4 254.7 256.5 256.4 256.1 255.7 254.6 254 253.4 252.8 252.2 251.4 251.2 250.9 249.4 249
411 405.8 395.4 382.2 366.1 354.9 344.2 334.5 334 334 334 334 334 334 334 334 334 334 334 334 331.8 307.2 293 279.6 280.3 286 287.1 285.6 285.9 286 283.3 281.5 281.3 280.8 279.1 278.3 278.3 279 278.4 276.8 275.3 273.9 273.7 273 272.7 276.3 278.7 280.2 283.6 288.3 290.7 292.4 293.4 290.9 286.5 279.3 274.3 269.9 265.9 262.1 260.1 258 256.2 256.2 255.4 255.3 255.4 254.6 254 253.4 252.8 252.1 251.5 251.2 251.3 250.7 249.7 249.4
