data/320000-500000.asc
ncols 200
nrows 200
xllcorner 320000
yllcorner 500000
cellsize 50
[rows 0 to 34 of 200, columns 78 to 155 of 200]
511 543.8 577.5 601.7 612.6 616.9 642.5 670.5 695.4 714.8 720.9 725.4 728.8 729.3 727.9 728.4 725.5 723 713.9 701.8 691.3 672.7 642.4 616.4 590.3 564.9 541.5 520.7 503.4 491.1 478.5 460.6 461.9 450.2 441.8 432.8 418.4 405.4 382.2 361.7 342 321.7 300.6 278.1 266.2 249.5 237.6 227.1 218.6 212.7 213.5 222.3 231.2 239.6 252.1 262.5 281.9 300.6 321.9 344.3 365.4 389.8 414.4 437 458.5 476.3 495.9 510.1 522.7 535.5 547.9 559.5 568.9 577.2 585 595 605.6 619.8
518.2 554.5 587.6 612.5 635.4 651 660.4 665.2 682 699.5 708 710.7 711.2 713.3 712.4 710.2 704.7 697.9 691.2 680.4 665.7 647.8 620.2 589.6 560.7 538.3 515.6 495.8 476.7 465.1 456.6 437.6 438.9 429 416.9 411.6 400.3 384.7 366.3 349.2 329.9 312.7 295 279.7 267.2 251.6 242.6 233.1 220.7 216.5 216.6 222.9 238 243.7 252.9 261.1 279.6 302.2 323.3 345.5 366.7 390.8 414.9 439.2 461.9 481.5 499.3 515.9 529.5 542.6 555.2 565.7 575.9 583.7 592.8 603.3 614.8 626.3
527.2 559.7 587.7 617.2 642.9 662.1 680.9 683 681.6 681.6 686.3 692 697.7 699.5 699.7 690.7 667.7 661.8 658 659.3 645.9 625.9 595 565.1 534.3 508.9 489.7 470.4 458 444.9 433.9 426.2 411.9 412.1 398.6 391.6 380.8 366.6 351.3 335.1 319.2 303.5 289.5 275.2 263.9 253.6 244.3 231 220 217.7 218.1 222.1 233.5 242.2 253.5 261.1 285.1 304 325.6 346.3 367.3 391.7 415.7 441.6 465.8 486.8 505.3 522 536.1 549.2 561 572.3 582.8 590.3 600.5 612.4 625.4 637.9
527.2 561.9 592.4 625.6 656.7 672.2 688.7 702.8 697.2 685.7 685.3 685.1 687 687.3 682.3 670 636 624.5 624.3 627.3 626.2 598.5 568.2 542 510.4 483.9 462.2 449.2 437 424.6 413.7 403.8 393.5 391.6 376.7 373.4 362.3 351 340.6 325.9 312.3 298 283.8 270.7 260.4 252.2 241.1 231.5 221.3 218.4 219.8 229.3 232.9 242.3 253.7 266.6 286.1 308.7 330.2 352.5 373.9 397.4 422.2 448.3 472.1 491.7 509.8 525.2 540.6 553.2 564.4 574.4 586.5 596.8 608.7 622.4 635.3 647.7
531.3 567 603.3 631.4 657.5 675.3 702.1 711.5 707 699.2 689.4 684.5 679.3 680.9 669.8 643.8 615.2 594 585.4 585.6 572.6 565.1 537.5 517.4 486.8 460.2 438 423.1 413.4 402.8 394.3 385.1 373.1 366.6 359.2 351.2 349.6 338.7 329.2 313.1 297.3 286 272.7 265.5 258.7 250.7 239.9 228.5 220.7 220.7 225.9 236.6 241.8 245.2 255 268.7 288.7 312.1 331.7 350.5 376.1 400.1 427.3 454.6 478.1 498 513.6 527.4 540.6 554.7 566.9 576.9 588.8 602 616.1 630.5 642.9 654.6
539.9 575.3 615.4 644 664.4 681.8 716.9 719.2 711.2 707.7 695.1 686.8 678.9 675 668.8 647.4 615.3 583.3 551.6 540.1 529.3 520.6 504.4 486.6 457.4 433 413.9 399.3 390.5 381.3 371.5 365.1 357.9 350.4 342.2 335.1 334.9 320.8 312.6 297.9 285.8 273.9 267.8 261.5 254.9 249.6 240.4 229.1 225.3 225.3 231.8 244.1 249.9 251.6 258.4 273.7 293 314.5 334 355.7 379.3 405.5 431.1 456.8 478.6 498 514.2 528.7 541.3 553 565.7 579.4 591.8 604.4 620.2 635.4 649.4 662.6
553.3 586.8 627.5 655.5 671.3 688.7 708.1 710.4 708.9 703.3 694.1 684.9 677.8 673 662.9 646.3 611.1 577.2 543.9 513.9 495.1 478.6 464.7 455.6 428.9 405.9 389.7 375.3 367 359.6 350.6 346 340.4 332 327.1 321.8 312.7 307.1 300.9 290.1 280.8 268.7 260 252.4 248.7 244.5 239.6 229.8 231.3 232 242.9 254.6 259.4 260.2 267 281.8 305.5 322.3 341.5 363.7 387.6 413.8 436.8 463.1 486.2 501.5 516.2 529.3 541.4 553.1 565.9 579.9 591.4 606.7 622.3 638.6 653.3 669.7
567.2 605.4 638.1 659 672.9 691.1 702.3 703.7 700.9 697.6 690.4 681.2 673.8 674.4 661.8 640.2 602.7 567.3 543.7 516.6 485 459.6 432.9 419.8 403.3 381.9 368.4 358.3 344.9 340.9 331.2 330.3 320.5 316 313.8 307.2 298.6 291.5 286.8 277.9 267 261.3 254.5 249.7 244.7 242.1 238 230.5 243 240.1 252.9 262.6 273 276.2 277.7 291.4 313.9 333.2 350.3 367.3 390.9 421.3 446 469.1 487.9 501.7 514.8 526.2 540 553.7 568.9 581.6 593.5 608.4 625.1 641.5 658.3 675.3
575.3 608.9 635.4 656.1 671.7 681.2 691.1 699.9 697.4 691.4 687 677 669.6 666.1 658.4 647.4 602.2 562.4 535.4 509.2 476.3 453.9 428.7 402.5 382 366.7 352.1 341.4 330.9 322.8 314.2 310.1 306.3 301.2 295.4 290.8 284.7 278.7 274 267.7 263 258 250.3 248.1 244 240.1 237.9 247 255 258.6 262.8 273.2 286.4 289.7 288.6 303.5 326.7 346.1 366.3 388.2 402.5 423.7 448.8 470.3 491.8 508.5 519.7 524.8 536.7 551.6 567.6 583.4 598.1 614.1 628.7 644.5 660.7 678.6
576.9 615.6 640.2 657.4 677.3 681 684.4 689.5 692.7 688.6 681.2 672 664.5 658.6 652.1 635.5 591.1 555.8 528 498.5 463.4 441.5 418.6 398.5 372.2 354.8 337.8 327.4 316.7 303.8 297.6 294.6 290.7 290.5 282.9 277.6 272.6 269.7 265.3 262.3 259.2 253.9 248.4 247.4 243.1 245.5 249.3 256.3 259.9 275.7 276.7 289.6 296.9 301.6 308.7 319.3 338.7 361.8 382.6 399.9 422.4 441.9 459.7 479.3 500.8 506.1 519.7 525 536.4 550.6 568.4 584.4 598.7 613.5 628.3 643.1 660.9 676.7
607.8 624.5 640.8 657.6 676.7 679.7 681 687.2 695.9 689.5 682.3 670.7 659.9 656.7 647 629.8 600.1 557.5 525.8 481.4 452 428 400.2 377.1 356.8 337.2 324 314.1 305.4 294 287.5 280.5 277.2 275.9 271.8 266.5 264.8 262.2 259.3 256.3 252.4 248.9 247.8 245.4 246.8 251.5 259.6 273.1 277.5 290.4 292.6 304.3 311.4 320.4 330.9 337.5 352.4 379.2 394.8 411.7 430.5 451.8 477 491.8 505.4 516.1 523.9 532.8 538.8 550.1 565.7 581.4 595.5 610 623.6 639.5 657.4 677.4
626.9 645.4 659.8 662.5 675.2 676.2 675.8 680.4 689.6 683.1 675.1 660.5 654.8 648 637.5 622.4 584.4 543.9 509.2 466.3 437 411.4 384.6 362.7 344 328.2 314.6 305 296.7 290.7 280.8 274.5 270.4 269.1 266.9 262.8 259.1 257.2 254.6 251.6 250.1 248.9 247.3 248.7 253.7 260.4 270.8 288.1 294.5 302.2 308.5 318.6 328.4 339.7 351.3 352.5 359.3 389.9 406.2 419.4 437.9 458.1 484.6 504.8 512.1 519.1 529.8 539.6 542.9 552 566.4 581 594 607.4 620.3 637 654.2 673.3
643.4 656.7 665.3 662.2 663.6 665.8 665.9 670.5 672.6 667.5 659.8 649.5 642.6 634.8 621.3 587.2 550.9 520.2 487.9 454.1 422.6 396.8 371.2 351.8 335.6 321.8 308.9 301.8 291.3 282.6 274 268.9 264.9 263.1 261.9 260.3 258.5 254.1 252.3 250.5 249.4 248.2 247.9 255.2 261.9 274 288.5 302.3 308.6 318 326.4 336.7 348.7 362.4 374.1 376.8 373.3 399 418.3 435 456.6 469.3 494.9 506.2 516 525.9 536.5 545.8 554.5 560.6 560.6 574 587.2 604.4 618.4 633.8 649.8 667.1
647.5 658.3 667.1 664.3 661.6 659.4 653.2 654.8 647.6 641.6 636.8 632.2 626.5 621.8 596.7 555.3 523.6 492.9 465.1 437.7 409.3 385.6 363.5 346.7 332.7 318.1 304.4 292.1 286.8 276 268.6 264.7 260.1 260.5 260.5 258.8 257.8 252.8 252.5 251.1 249.6 251.3 256.5 266.4 274.8 289.7 297.8 313.3 324.7 336.8 347 358.8 374.1 386.9 395.6 400.6 383.7 409.2 425.9 447.2 466.5 483.7 500 511.2 522.3 535.8 542.7 551.8 560.8 564.7 567.7 577.5 586.5 601.1 615.5 629 646.3 663.1
654.2 665.9 672.2 669.7 663.7 645.6 635.1 630.7 623.1 618.4 616.3 612.3 609.3 602.1 572.5 534.6 499.1 467.6 442.8 416.9 393.8 373.8 357.4 341.2 329.1 312.6 299.6 288.4 280.2 270.5 267.8 265 261.9 260.2 259 258.3 258.3 257.3 255.9 255.3 257.9 261 269.4 277.9 289.5 302.1 313.6 327.1 343.2 357.5 368.6 384.5 396 409.4 419.5 421.7 404.8 417.6 435.9 454.6 464 489.1 501.4 510.8 520.1 533.9 545 556.4 565.9 574.7 580.3 579.5 596.6 610.7 621.5 633.8 647.8 662.3
663.3 672.1 678.7 665.4 651.9 633.8 615.8 607.3 599.8 597.4 592.7 590.7 583.8 568.4 534.8 506.9 478.8 448.1 420.3 396.9 377.2 360.6 346.5 329.5 316.7 305.6 286.5 275 268.8 268.5 269.3 270.3 269.1 269 263 264.5 267.6 267.4 267.5 267.4 271.7 275.3 286 295.3 305.7 318.8 332.9 346.6 363 378.1 391.8 403 415.1 431.1 444.9 442.8 433.2 432.8 444.3 459.5 472.5 484 499 511.1 524.1 541.3 549.1 560.9 572 581.8 591.8 597 599.7 613.4 627.2 638.4 649.9 662.1
666.7 669.3 666.7 656.5 638 615.7 598.7 584.1 577.1 575.9 572.8 566.8 553.8 534.3 508 479.6 452.4 426.7 402.5 380.6 361.4 346.3 334.1 317.2 305.6 292.4 279.7 273.2 278.3 281.3 280.8 280.4 281 278.3 275.6 276.4 281.1 283.1 281.6 282.5 289.7 295.6 306.1 316.2 325.1 339 351.2 368.7 388.6 402.9 416.5 433.1 447 459.7 465.2 456.6 444.6 438.2 444.6 456.5 471.2 479.9 494.7 509.6 524.1 540.4 551.1 564.5 577.8 589 601.1 608.4 609 616.5 624.5 639.2 649.9 660.9
671.5 667.7 661 647.4 628.6 605.9 583.5 570.6 560.9 554.7 552 541.9 518.5 501.5 477 452.2 430.2 405.5 382.2 362.9 347 331.4 313.9 301 289.3 280.3 279.9 287.8 297.2 299.2 294.6 291.9 291.9 293.1 294.3 296.7 297 304.1 308.2 309 311.2 318.3 329.2 344.3 350.1 364.6 376.7 393.4 414.9 433 445.5 458.2 471.3 478.3 468.6 458.4 449 440 450.8 461.5 468.8 480.2 492.4 508.6 523.9 538.9 551.4 564.8 580.6 593 606.1 616.2 621 622.5 627.8 638.7 648.4 659.2
680.9 674.6 665.4 650 628.2 603.7 580.4 564.5 552.7 541.4 533 515.3 486.2 467.2 448.3 425.8 406.3 386.7 363.6 345.5 330.7 317.1 301.9 291.9 279.2 286.9 297.6 307.5 317.7 323.8 318 313.5 314.1 316.4 315.7 316.7 324.1 325.8 331.5 337.3 338.3 345 353.6 371.5 381.5 397 406.5 421.7 445.8 462.8 467.3 477.7 481.1 477.4 460.1 456.7 449.2 443.1 450.4 459.1 465.5 477.1 488.7 503.7 517.7 535.4 548.8 564.1 579.7 595.9 611.4 622.2 627.2 631.3 635.9 639.5 646 657.1
684.6 680 670 652.1 628 603.6 580.4 561.1 543.3 529.2 509.6 482.8 459.5 438.6 423.1 401.6 382.2 365.1 346 328.2 314.1 302.9 289.5 289.5 294.7 301.9 313.9 326 333.9 340.3 339.2 335.7 340.1 345.5 348.6 351.2 351.9 354.6 358.5 364.7 371.8 374.3 385.2 398.5 414.4 428.9 440.9 451 466.5 480.9 484.4 483.6 481.7 474.4 459.7 453.1 449.1 446.4 451 459.1 464.8 476.9 489.3 506.4 525 540 550.5 566.6 581.6 599.3 610.4 622.3 628.9 632.5 639.7 642.7 649.3 657.9
689.2 684.3 674.6 654.1 628.9 605.4 579.9 557.6 532 513 487.4 453.1 432 412.8 396.6 378.9 364.9 348.9 331.4 315 300.8 290.1 294.4 301.4 311.3 321.7 329.4 339.5 350.2 355.7 359.4 360.9 369.1 373.1 377.4 385.1 388.5 388.9 393.2 395.1 403.7 409.4 415.7 428 442.9 456 466.9 476.7 483.3 484.8 484.8 483.9 481.1 466.1 456 448.4 448.7 450.3 451.3 456.9 462.6 475.5 491.3 509.9 526.5 545.7 564.8 573 586.9 600.1 610 619.1 626.4 633.8 640.3 648.2 654.9 660.8
695.8 689.9 680.3 658.4 634 606.7 572.1 542.4 516.9 492.3 465.9 430.8 410.4 388.8 379.1 363.5 350.3 332.4 319.4 307 299.2 300.1 307.9 314 328.9 342.6 350.4 357.2 363.5 375.8 383.9 393.4 400.1 409.1 422.3 418.8 422.9 425.3 430.4 435.4 437.3 444.1 447.8 462 475.8 480.4 481.5 484.6 484.9 484.9 484.9 482.9 479.1 462.1 453.5 450 450.3 450.1 450.1 455.1 462.9 476.4 493 511.4 530.5 552.6 569.5 583.6 596.6 606.5 615 622.9 628.7 636.8 643.4 650.9 658.6 666.9
703.3 697.4 686.2 664 635.7 608.8 559.7 527.9 502.4 473.9 437.8 408.8 394.3 379 361.6 350.9 340.4 325.5 313.7 299.7 303.9 310.7 319.5 328.6 339.8 351.1 361.3 374.1 387.7 400.3 408.9 426.5 435.9 454.9 485.4 485.9 475 472 478.5 477.9 478.5 481.1 480.7 484.8 484.9 482.7 481.4 482.7 484 484.4 482.4 481.4 478.8 461.6 455.9 453.9 453.8 454.1 454.7 456.6 463.9 476.7 492.9 511.3 531.1 554.7 572.2 591.5 604.8 613 620.3 627.6 633.5 638.5 644.9 651.7 659 667.8
718.8 709.9 699.8 667.8 633.4 595.7 555.9 522.6 489.3 457.9 425.6 399.8 381.5 368.3 353.6 338.9 327.4 311 307.9 308.6 317.1 327.5 330.8 344.2 354.1 367.3 381.9 393.3 410.5 425 440.8 458.8 473.9 487.2 506.6 510.7 510 508.6 507.3 511.3 510.9 504.7 496.4 491.4 482.5 479.8 478.4 478.2 480.8 481 479.7 479.9 477.2 463.3 458.7 458.9 460.4 459 458 457.9 464.6 475.8 490 509 531.7 558 580.7 598.2 610.4 618.3 626 632.4 638.3 643.8 650 656.5 660.5 669.1
724.7 719.4 696.8 660.1 625.6 594.3 563.5 518.5 481.8 444.1 411.8 391.1 374.6 361.5 342.6 329 312.7 315.4 318.3 322.5 331.3 348.2 350.1 361.2 372.5 384 399.1 417 434.2 453.5 467.7 483.4 497.7 505 512.2 518.4 521.8 522.5 523.6 522.1 518.3 507 495 484.4 478.5 470.8 466.4 468.2 475.9 479.4 481.3 478.9 479.1 468.7 461.5 462.9 460.5 460.2 458.7 459 468.9 481.9 495 511.3 535.2 560.5 588.2 605.7 616.2 624.7 631.2 637 643.2 649.1 655.2 659 662.7 671
730 722 688.3 650 619.6 591.7 559.5 508.4 466.3 435.4 405.3 385 367 358.6 339.1 324.7 319.4 330.2 330.4 341.5 350.1 361.3 373.7 387.6 398 407.6 421 439.3 460.4 477.5 489.6 502.1 511.1 516.3 522.7 529.4 533 533.4 532.6 525.1 518.6 505.5 484.5 474 466.3 456.8 460 461.3 468.3 475 480.2 481.3 480.8 476.1 470.4 470 466.8 461.5 459.7 458.9 473.9 486.4 498.1 509.1 532.6 564.8 592.6 610.1 622.4 629.6 635.6 641.5 647.9 653.9 660.3 664.2 668.9 672.9
733.6 720.2 680.9 646 614 582.1 543.5 497.3 454.6 426.1 396.6 377.7 365.4 352.5 335.6 338.5 333.6 338.6 347.2 361.3 371.7 383.4 397.7 410.3 421.9 430.1 449.3 465.2 480.5 494.7 506 514.7 521 526.7 532.3 537.6 541.8 540.3 537.4 527.7 513.4 496 477.4 461.4 446.7 441.5 442.7 452.6 461.6 468.6 471.1 479.3 481 479.4 478.5 478.5 473.8 467.3 461.9 466.7 479.1 485.3 495.2 510.5 531.9 561 592 611.2 623.2 632.9 639.4 645.6 652 657.7 664.1 670.5 674.6 677.6
733.8 714.6 683.2 647.8 615.2 574.6 516.2 472.8 446.7 418.5 392.8 375.4 361.4 350.1 347.3 346.4 343.7 351 364.8 375.6 389.3 402.9 418.2 431.3 440.6 455.3 468.5 484.2 497.2 506.7 516.6 523.2 529.9 535.9 541.1 546.2 548.9 546.7 542.3 527.7 507.7 482.7 461.8 452.2 437.7 433.5 433.9 441.5 460.5 460 461.8 478.4 482.3 484.3 485.6 485.9 481.4 477.4 471.5 474.5 479.8 485 496.4 511.6 532.8 557.5 586.1 608.6 622.9 633.1 641 648.9 655.5 661.5 668.1 675 678.6 681.1
731.4 710.6 685.5 650.6 606.1 563.7 505.9 471.4 442.3 414.7 391.4 377.2 363.5 358.9 358.9 359.1 360.4 367 378 391.6 406.3 420.7 429.1 443.4 459 472.5 483.1 494.7 507.6 517 526.3 532.2 538.2 544 549.5 554.4 555.5 551.5 544.8 526.9 499.8 472.1 452.1 441.4 434.5 432.6 432.8 436.7 452.2 458.7 461.1 477.2 485.6 492.8 495.9 495.9 493 488.1 481.4 479.1 480.5 486.8 495.8 512.4 530.3 553.1 581.5 605.7 621.8 632.7 640.6 651.7 659.5 665.8 672.1 677.7 681.3 683.9
725.5 702.4 677.8 648.8 607 553 503.6 470.1 440 413.3 390 378.3 368.1 365.5 369.7 368.7 372.6 385.2 389.7 405.1 420 434 448 457.9 470.8 484.8 495.7 504.3 516.4 524.9 531.9 538.4 544.5 550.6 555.9 561 560.3 555.8 545.5 522.4 486.9 456.5 442 436.4 433.2 430.9 432.8 437.1 445.1 456.1 462.3 475.2 488 499.6 504.1 504.2 503.5 498.5 491.5 486 486.3 493 499.8 514.2 528.8 555.4 579.3 600.4 618.8 631.8 642.5 654.3 663.4 669.1 674.7 680 683.4 686.3
710.2 689.4 668.6 637.5 604.6 548 506.4 469.5 438.4 412.2 397.1 383.5 378.7 376.3 379.9 380.3 385.6 400.3 406.5 417.9 431 444.9 459 471.6 480.4 493.2 505.9 514.3 522 530.1 536.4 542.5 549.8 556.2 561.7 566.9 566.1 561.3 540.8 512.1 478.5 453.3 433.7 431.7 431.2 430.5 433 438.2 446.1 456.9 465.3 479.7 490.3 503.8 510.5 512.4 513.1 508.2 505.6 498.8 497.2 500.6 502.8 514.1 530.6 550.9 577.1 596.6 615.3 631.2 645.5 657.9 664.9 672.1 677.2 681.7 685.6 689
691.8 675 657.4 621.2 584.7 541 497.9 464 435.8 416.3 406 400.7 396.2 393.4 391.2 389.5 397 406.5 418.6 426 442 456.8 472.1 484.6 488.3 500.6 512.1 521 529.1 535.2 540.5 546.6 553.7 561.5 567.3 569.8 571.7 568.7 531.9 502.2 475.5 451.5 430 428.9 429.5 431.5 434.2 438.6 446.4 457.4 472.5 485.6 496.1 508.1 517 519.9 522 520.3 520.7 508.4 499.9 504.9 509.6 518 531.5 550 571.6 591.1 611.3 628.4 643.1 657 666.2 673.6 680 684.1 688 691.3
676.9 656.1 630.2 596.5 562.4 526.2 488.6 456.6 438.9 431.2 430.7 424.3 418.1 413.7 407.2 403.6 401.9 412.3 428.9 441.6 451.9 465.8 482.2 491.7 498.5 507.1 517.3 526.9 534.7 540.7 545.9 550.9 557.7 565.5 571.3 572.7 572.2 550.1 514.9 489.5 470.1 442.8 427.8 431.3 434.5 434.5 434.8 441.7 454.3 468.5 483.1 497.8 508.6 516.6 523.6 528.1 530.8 532.9 532.1 521.5 513.5 513.4 516 523.3 538.2 554.2 571.4 589.3 608.9 626.7 644 657.5 667.7 674.9 679.9 684.4 689.5 692.5
657.4 632.1 605.7 575.7 542.2 503.2 477.5 466.3 465.1 461.8 456.6 450.8 444.3 432.8 425.7 419.9 418.3 420.4 439.3 450.5 461.6 476.2 487 496.8 504.4 513.1 523.1 531.4 538.7 545.1 549.7 554.3 559 566.5 571.3 572.6 565.5 538.4 506.2 480.5 459.2 436.3 428.3 433 437.3 435.3 438.7 446.9 459 472.9 490.8 509.3 519.4 524.4 529.8 535.4 538.8 541.2 538.7 533.7 523.3 520.9 523.3 530.7 544.3 558.8 572.3 586.8 606 625 641.3 657 667.1 676.6 683.1 687.4 691.7 695.5
635.9 614.7 587.4 542.2 520.5 511 503 497.1 496.9 492.7 486.3 478.7 468 453.1 442.9 435.1 433.4 438.2 451.6 459.4 472.8 487.6 499.9 504.6 511.9 520.5 527.5 535.7 541.5 547.2 551.1 555.8 560.6 567.8 571.7 573.1 561.8 527.9 494.6 475.4 458 435.3 427.1 432.7 436.8 438.6 444.9 455.3 466.8 481.5 498.6 514.9 524.1 530.8 535.1 539.4 541.4 544 543.6 539.3 534.7 531.7 537.1 538.5 551.2 564.3 574.2 589.1 607 624.9 641 656.2 667 677 684.3 689 693.4 699.5
