data/320000-800000.asc
ncols 200
nrows 200
xllcorner 320000
yllcorner 800000
cellsize 50
[rows 0 to 34 of 200, columns 0 to 77 of 200]
540.7 537.6 530.4 520.9 510.3 501.2 495.7 509.1 519.8 530.4 541.4 551.8 558.9 565.4 570.2 569 565.3 559.8 553.5 547.2 538.6 528.4 515.7 504.9 497.3 487.3 480.4 486.7 497.9 503.6 507.6 512.6 515.3 518.8 522.4 526.1 525.8 526.2 527.8 528.8 529.5 530.3 531.1 531.9 533.9 532.7 529 523.6 515.6 507.2 498.9 492.7 483.8 476.6 471.8 473.8 485.4 493.6 504.5 517.5 527.7 534.6 538.8 537.7 533.7 528.2 523.6 520.8 521.6 521.2 521 524.2 526.4 529.5 537.2 544.2 550.3 554.7
536.5 533.6 528.4 520.1 510.9 501.2 495.3 504.3 512.9 522.4 533.4 543.2 550.6 558.4 563.5 564.1 561.3 557.2 551 544.1 535.4 525.4 512.4 499.9 491.4 482.2 480.7 494.7 501.9 507.7 511.7 514.7 514.9 514.3 517.4 519.3 518.4 519.5 521.5 523.8 524.9 525.6 526.2 526.7 529 530.7 527.2 521 513.2 504.8 496.6 491.2 481.8 472.7 468.7 469.3 481 487.2 499.2 510.6 520.6 527.1 529.4 528.5 524.3 516.7 511.7 511 512.6 513.1 513.3 513.4 515 516.9 519.1 525.8 531.4 535.3
528.8 530.7 527.1 521.2 512.9 504.2 495 497.4 505.7 513.9 523.6 533.3 541.5 549.7 556.2 559.2 558.9 554.9 548.9 541.5 532.5 521.1 507.6 496.2 488 479.6 481.7 496.2 505.4 511.6 514.7 514.4 513.3 512.2 511.3 512.6 512.9 512.9 513.8 516 518.6 519.8 520 520.3 522.3 523.7 521.6 517.3 510.1 503.3 494.3 489.8 479.9 471.1 467.4 463.8 476.3 482.2 492.1 503.5 514.5 518 520 518.9 514.6 507.9 504.4 502.2 501.8 504.1 505.5 505.6 505.8 507.1 508.6 510.7 513.3 515.6
522 525.9 526 521.9 515 508 498.4 490.8 495.5 503.9 513.3 523 532.6 540.6 548.8 553.7 556.9 555.7 549 539.7 530.5 518.6 505.7 494.6 487.3 478.9 474.8 491.6 506.2 511.8 513.3 511.7 510.2 509.4 508.5 507.8 508.4 508.7 508.4 509.4 512.1 513.2 513 512.6 513.6 517.1 514.9 511 505.9 500 494.6 488 481.2 473.4 467.9 461.1 469.3 477.3 485.3 495.8 502.8 507.7 510.9 508.7 504.7 498.9 495.6 493.1 490.7 494.2 497.8 498.1 497 497.4 497.2 498.3 497.1 498.2
515.1 519.9 523.1 520.4 514.5 509.5 502.2 492.4 488 493.6 502.6 512.4 522.2 531.5 539.9 548.9 552.5 554.9 550.4 541.7 531 520.1 507.3 493.9 486.2 479.1 472.3 485.9 499.7 506.4 509.2 509 507.4 506 505 503.9 503.1 502.9 503 503.4 506.6 506.7 505.9 505.4 505.7 506.4 505.3 504.5 501.9 498.5 493 487 479.8 474.3 468.5 461.2 462 472 479.4 486.9 494.4 499.5 502.9 499.8 494.2 485.9 483.1 482.9 480.8 479.3 481.8 484.2 485.2 487.2 485.8 484.1 476.8 479.3
506.4 512.1 517.8 517.3 516.3 512.5 505.9 498.1 489.6 485.4 491.9 501.9 511.8 521.5 531.1 540.9 548.6 552.3 549.8 541.8 531.9 520.7 506.7 493.2 485 478.2 472.3 478.4 494.5 502.8 505.9 506.8 505.7 503.8 502.1 499.8 498 497.5 497.1 497.5 498.2 498.9 499.3 498.5 497.9 498.3 498.5 498.1 496.2 495.1 491.4 485.9 479.2 474.5 468.5 461.1 455.2 465.8 472.9 479.5 486.5 492.3 496 492.1 485.3 477.2 477.5 475.9 474.3 471.2 469.3 469.7 470.4 472 473.2 470.6 470.2 469.1
496.7 502.8 508.6 514 513.8 514.1 509.6 502.3 495.1 487.5 483 492 502 511.6 521.5 532.5 542.2 548.8 548 541 531.3 520 506.9 492.4 485 479.1 472.6 472.6 489.8 497.9 503.4 505.8 504.9 502.1 499.2 496.8 494.5 492.8 492 491.9 492.6 493.5 493.2 492.2 491.8 491.9 492.6 491.6 491.3 490.5 488.5 484 479 473.4 467.8 462.3 453.3 458 465.5 472.2 478.3 483.6 487.4 485.5 475.9 473.9 472.3 470.2 466.7 463.3 464.4 465.7 466.5 466.6 465.1 460.9 462.9 460.1
488.1 492.9 499.7 506 508.9 511.9 509.4 504.6 498.8 490 481.1 484.6 493.1 502.7 512.8 523.5 534.2 543.9 546.6 540.5 531.7 520.7 507.3 494 485.8 479.6 472.3 468.4 485.1 495.5 501.9 504.1 503.4 500.7 497.4 494.3 491.3 489 487.3 486.3 487.2 488.2 487.2 486.4 486.7 487 486.1 485.7 486.4 486.4 484.5 481.7 477.3 472.6 467 461.7 455.6 450.5 457.9 463.8 469.5 474.4 478.1 476.9 469.8 469 467.7 464 460.2 459.4 459.5 460.8 461.7 461.6 458.2 454.2 455.8 453.1
478.4 483.5 490 497.9 503.3 510 507.9 505.2 500.7 492.9 483.9 478.4 485.3 494.3 505 515.9 528 539.1 543.5 541.3 532.2 522 509.1 497.4 487.7 480.4 473.9 466.9 479.6 490.2 498.5 501.7 502.3 500.1 497 493.5 490.1 486.4 484.6 482.7 481.9 482.1 481.4 480.7 481.3 482.1 480.9 481.7 481.9 482.3 480.4 477.9 474.9 470.9 466.2 461.3 456.4 448.2 449.9 455.4 460.9 465.6 469.2 464.6 464.1 462.8 461.4 458.2 454.9 454.3 453.8 453.9 453.7 453.1 450.9 446.8 446.6 443.4
471.4 475.4 480.4 486.9 492.9 499.7 501.8 502.1 499 492.8 487.1 479.4 478.7 487.4 498.1 509.9 522.6 533.8 542 542.8 535.6 525.3 513.1 501.5 492 483.7 476 466.1 474 483.5 493.3 499.4 501.3 501.5 499 493.8 489.3 485.6 482.7 480.1 477.7 476.3 475.6 475 475.8 477.3 476.9 477.7 479 478.4 476.6 473.9 471.1 468.3 465 460.5 456.2 449.7 444.2 448.2 453.1 457.1 460.4 460.9 458 456.7 455.2 451.9 448.9 447.6 447.1 447.3 447.4 446.1 442.9 439.6 438.6 433.9
463.5 467.5 470.9 475.4 481.8 489.8 497.1 498.6 496.9 493.6 488 481.4 474.5 480.8 492.2 504.1 516.5 528.9 539.5 544.8 538.5 529.5 517.7 505.9 495.1 487.5 478.4 467.6 463.8 479.9 489.5 498.4 503 505 501.4 495.6 490.1 485.8 481.6 478.5 475.2 472.5 471 469.5 470.7 472.6 472.6 473.8 474.8 475.3 473.4 471.1 468.4 465.7 463 460.1 456.4 452 446.9 441 445.6 449.6 452 453.4 452.8 453.2 451.2 448.6 444.4 440.9 440.4 440.6 441.1 438.8 435.5 431.4 427.1 424.3
454.5 459.3 464.4 470.3 473.8 480.3 489 493 493.3 491.5 487.3 481.4 473.9 475.2 486.7 499.1 511.9 524.5 537 545 542.3 532.4 521.8 510.3 500.2 489.5 479.2 469.7 462.8 474.3 486.7 496 504.1 508.1 505.6 499.1 492.3 486.4 481.9 477.7 473.9 469.4 467.1 465.1 466 467.4 468.6 469.6 470.6 471.6 470.4 468.5 466.1 463.5 461 458.3 455.1 451.1 448 442 438.8 444 446.4 448.3 449.6 448.2 446.8 444.3 439.8 435.6 434.5 434 433.1 431.3 428.3 425.3 419.4 415.8
452.8 453.1 456.9 462.3 466 471.7 479.6 485.2 489 487.9 485.2 480.2 473.7 470.3 482.9 494.5 507.2 519.3 531.4 538.9 538.9 533.9 524 512.8 501.8 490.6 478.9 468.9 460.7 471 485.2 495.7 505.2 510.3 510.5 504.3 495.6 489 482.8 478.1 473.2 468.3 461.7 460.8 461.5 462.4 463.4 464.5 465.7 466.8 468.1 466.4 463.9 461.3 458.6 456.2 453.9 449.9 445.9 441.3 435.3 437.9 441.5 443.1 446.2 442.6 440.7 439.4 435.6 431.7 429.4 427.6 425.6 423.4 421.5 417.9 414.4 412.3
451.6 451.5 452.7 455.6 457 461.5 469.6 476.6 482.3 484.4 483 477.4 472.5 468.4 476.9 489 500.4 511.5 522.1 529.2 530.9 528.8 522.7 513 501.4 488.4 476.9 466.8 460.5 470.4 484.4 497.1 507.7 515.2 515.3 509.6 499.5 492.6 485.2 478.6 473.6 468.5 462.8 455.7 456.3 457.3 458.2 459.3 460.5 462.5 464.1 464.3 461.7 459 456.3 453.6 450.8 447.6 444.2 441 435.1 431.7 435.4 441.4 446.2 438.2 436.6 433.1 431.2 427.9 425.3 423.2 420 416.9 414.9 414 411.9 411.4
450.7 449.3 449.3 452.3 451.7 455 463.4 470 476.7 479.8 480.2 477.2 472.3 467.4 472.4 483.5 493.8 502 510.2 517 519.7 519.8 516.1 507.3 496.1 482.6 470.6 459.2 458.5 473.3 486.4 500.4 512.3 520.3 521 515.1 505.9 495.7 488.2 479.9 474.1 468.9 462.9 456.2 451.1 452.1 453.1 454.3 456.1 458 461.2 462 459.2 455.9 453.1 450.2 447.7 444 443.2 440.2 435.8 430.5 430.6 435.4 438.8 438 433 428.2 425.2 423 421.2 418.6 416.8 413.9 412 411.5 410.5 410.4
449.1 449.3 448.5 448.7 450.8 451.1 455.9 462.8 471.7 477.1 477.9 476.3 471.6 466.1 466.8 475.8 485 490.9 496.9 502.7 505.6 507.1 503 497.8 487.9 475 466.6 457.4 461.4 476.3 490.5 505 518.8 527 527.4 521.6 512.1 500.1 491 482.7 474.9 468.9 462.9 456.7 450.3 448.5 448.4 449.8 451.4 454.5 457.9 457.6 455.2 452.9 449.9 446.7 444.6 443.7 446.1 438.9 434.7 431.6 427.4 429.8 430.8 431.2 427.1 422.4 419.8 417.5 416.1 415.7 413.7 412.7 412.3 411.7 410.9 410.5
454.4 452 448.8 448.8 449.2 449.3 451.9 455.7 466.2 474.5 477.4 475.4 471.4 467.4 463.5 469.2 475.9 481.3 485.6 489.4 491.7 492.7 491.1 487 479 470.4 462.1 455.3 465.5 480.1 493.5 507.5 523 532.3 532.2 527.5 518.3 505.4 493.2 485.7 476.9 469.3 463.2 456.9 451.4 445.8 443.7 444.8 446.8 449 452.2 453 451.5 449.4 446.4 442.3 439.2 438.8 435.6 434.3 430.1 428 425.2 423.8 426.1 423.9 421.1 417.8 416.2 415.4 414.8 413.9 413.2 412.7 412.4 412 411.5 418.1
455.6 451.8 451.7 451 450.5 448.6 448.5 452.1 460.2 469.7 472.8 474.3 471 466.8 463.3 460.7 468.1 471.7 475.1 477 479 479.9 480.9 476.9 472.8 465.1 458.3 453.9 469 484.2 497.3 509.4 526.6 535.4 538 532.7 523.9 510.4 496.8 486.6 479.1 469.5 463.5 456.5 450.9 446.1 441.8 440.8 442.1 443.9 445.6 448.1 447.6 445.5 441.2 436.1 433.4 431.6 430.2 428.6 425.6 423.8 423 421.8 421.7 420.2 418 415.8 415.2 414.6 414 413.1 412.2 412.5 412.3 411.7 422 430
463.2 456.6 454.1 452.5 451.6 450.4 448.7 449.6 454.2 463.5 468.4 472.7 470.5 466.7 462.8 459.7 459.2 464.4 465.8 467.7 469.8 470.2 470.5 468.8 466.4 459.1 452.4 456.3 471.6 485.5 498.3 510.4 525.8 536.9 540.7 535.5 527 514.8 501.3 488.3 479.1 470.2 463.5 457.2 449.8 444.8 441.6 435.5 437.9 440.4 440.2 442.8 443 441.1 436.3 431.1 428.2 426.6 424.3 421.6 420.2 419.1 418.6 420 419.1 417.9 416.4 415.5 415 414.4 414.1 413.3 413.9 419.8 423.2 428 433.6 438.9
476.8 465.9 456.1 454.6 453 451.5 450.3 449.2 451.6 456.8 463.4 468.7 470.4 468.2 465 461.2 457.1 456.3 458.9 460.1 462.1 462.9 462.9 462.5 461 454.7 451.2 459.8 473.7 483.8 498.2 508.6 519.3 531 535.7 530.9 523.8 513.2 501.8 489.1 478.7 469.6 461 454.3 447 442.4 440.6 437 432 433.9 434.7 437.6 438.1 435.5 430.5 425.8 422.2 420.9 420.2 419.4 418.7 418.2 417.7 417.5 417.3 417 415.6 415.5 414.8 414.3 414.3 417.2 423.8 428.6 432.8 437.5 442.9 446.7
481.6 471 462.2 456.7 455.4 454.1 452.4 449.3 449.1 453.4 458.6 464.3 470.2 469.2 467 464 461 456.9 454.2 454.1 456 457.2 457.8 457.6 455.9 451.8 450.8 461.4 470.9 481.4 493.4 501.6 509 517.3 522.4 520.5 513.1 504.4 495.8 485.1 476 466.2 457.5 450.1 444.2 439.5 437.4 439.6 432.7 428.3 426.6 428 424.6 424.5 423.1 422.4 421.7 421.3 420.5 419.8 419 418.5 417.8 417.4 416.4 416.6 415.4 415 418.6 425.5 427 429.5 433.7 437.2 441 446.1 449.9 453.2
489.6 479.2 465.8 458.6 456.6 454.8 453.1 451.5 448.8 451.7 455.2 461.8 468.7 469.7 467.5 465 462.7 459.1 455.5 452.1 452.8 452.8 453.8 454.1 450.9 448.5 454.1 463.8 470.6 478.1 486.1 491.6 495.3 497.8 501 501.4 497.3 491 483.3 474.9 466.8 459.9 453.7 448.6 445.3 438.1 432.1 427.9 427.3 427.2 425.6 425.2 424.5 423.7 422.9 422.5 422.2 421.6 420.9 420.1 419.1 418.7 417.9 417.7 417.4 416.9 422.6 432.4 434.7 436.5 437.8 441.1 443.8 446.5 449 453.1 455.8 459.3
493.7 484 468.8 461.3 457 454 451.5 449.9 450.2 450 453 458.8 466.6 469.3 467.1 465.5 463.4 460.2 456.8 453.3 450.2 450.7 451 451.6 447.4 452.8 462.7 467.3 470.1 472.4 473.4 477.6 480 480.5 479.4 480.1 478.9 474.8 468.1 459.4 451.8 447.4 444.1 437.1 429 428.3 428.8 428 426.8 426.8 425.6 425.1 424.3 423.4 422.8 422.2 421.8 421.5 420.6 419.6 419.3 419 418.6 419.7 426.3 436.3 440.6 441.1 444.2 446.4 449.1 451.1 451.6 454.4 457.1 460.6 464.5 470
497.5 488.1 474.9 465.1 459.2 455.3 451.9 451.3 450.9 448.7 450.5 454.3 462.2 466.6 467 465.7 463.4 460.5 457.6 454.4 449.1 448.3 448.3 451.4 446.3 455.4 462.9 467.5 465.7 463.4 462.9 463.3 463.8 464.5 462 459.3 456.4 453.9 446.8 436.3 432.1 431.4 430.4 429.6 429.3 429.5 427.9 427.2 427.3 426.3 425.7 424.8 423.9 423.4 422.7 422.4 421.6 421 420.9 419.9 420.9 421.9 428.3 433.4 437.8 443.4 448.2 451.1 454.3 458 460.5 462.6 463.4 463 466.7 471.6 477.2 482
506.3 492.9 483.4 472.4 464.4 458.5 452.1 452.3 449.6 449.8 448.8 451.7 456.7 462.1 464.4 464.8 462.5 459.7 458.3 454 452.1 448.2 446.4 445.6 444.9 444.5 444.3 447.8 459.1 456.7 453 451.5 447.1 442.1 440.6 436.7 435.4 434.7 433.7 432.7 432.4 431.7 431.3 431.1 430.4 430.2 429.5 429.1 428.4 427.4 426.5 425.9 424.6 424.6 425 423.7 422.6 423.3 424.7 425.8 428.4 431.5 436.9 440.9 444.9 449.3 455.3 460.9 463.8 469.6 470.6 473.4 476.3 476.7 479.6 484.4 488.5 493.5
519.9 505.6 489.6 478.2 469.5 461.1 455.5 451.3 449.8 450.5 450.1 450.2 451.9 456 460.2 460.8 457.9 456.5 456 454.6 452 448.1 446.1 445 444.4 444.2 443.4 442.8 442.8 444.4 440 439.3 438.8 437.6 436.6 435.8 435.8 435.4 433.9 433.5 433.4 442.9 447.6 432.3 431.5 430.8 430 429.9 429.8 428.9 428 431.6 426.8 430.2 428.8 428.3 431.4 432.8 433.8 434.4 435.1 437.6 442.3 447 451.6 456.4 462.3 468.8 473.4 478.8 482 485.5 489.4 492.4 496 498.9 502.5 508.1
528.1 515.5 499.5 483.7 473.7 464.2 458.7 453.4 450.6 451.6 451.3 448.2 450 451.4 454.3 453 451.1 451.1 451.3 451.1 448.4 446.9 445.8 448.9 445.8 453.6 450.9 442 441.5 441.1 440.5 438.8 437.8 438.1 447.5 446.2 448.8 448 448.2 447.4 450.5 448.5 448.2 435.2 432.3 431.7 431.7 431.3 431.7 433.8 431.5 431 429 429 430.6 433.9 436.2 438.6 440.4 441.7 442 444.4 448.2 452.8 457.5 464 469.7 475.3 481.4 487.9 493.6 501.1 507.8 509.6 512.4 515.7 518.6 527.2
536.4 524.3 509.9 493.9 480.3 468.2 460.9 456.4 451.5 453.5 452.4 450.5 450.8 449.5 448.6 449.9 450.3 449.1 449.7 448.3 446.6 449.9 449.8 453.2 450 458.3 460.4 457.8 444.3 442.2 441.2 439.3 439.4 450.8 451.1 451.6 451.6 451.6 451.5 451.9 451.3 439 436 433.6 433.1 433 435.2 439.7 448.7 438.3 435.2 432.5 433.8 434.7 433 436.2 440.9 443.2 445.3 446.7 448.3 450 453.4 458.1 463.2 470.7 476 481.4 488.7 497 504.6 512.5 517.2 521.8 523.8 528 535.5 541.4
544.9 532.4 518.8 503.3 488 475 464.6 459.4 454.5 454.4 453.3 450.9 452.9 452.9 450.6 448.7 448.5 452.1 451 451.7 451.3 454 454.1 454.7 456.1 457.7 458.5 458.5 452.7 448.2 450.1 450.1 450.3 451.7 452.5 453 452.9 452.8 451.8 452.2 442.7 436.4 434.9 435.3 435.6 439.3 443.6 443.6 445.9 440.8 438.2 436.8 437.5 437.1 435.5 438.4 443.7 447.8 449.9 452.4 453.9 455.9 458.9 463.5 468.9 475.5 481.9 488.4 496.8 506.4 514.6 522.9 529.7 534.6 537 541.4 547.8 550.9
555 541.8 527.3 513.8 497.3 481.3 470.1 463 458 455.9 453.5 451.2 453.6 454.8 454 450.6 453.1 456 460.7 461.6 460.4 459.7 456.4 456.3 457.8 458.6 460.3 455.8 452.6 451.2 450.7 451 451.3 452.1 453.6 453.8 453.8 453.7 452.6 438.5 437.7 435.9 436.4 439.2 445.3 450.3 452 451.2 451.7 449.2 447.2 445.1 443.3 442 440.1 439.5 446.8 451.8 454.8 458 459.9 462.1 464.7 468.9 475.1 481.9 488.8 496.3 505.3 515.3 523.6 532.6 541.8 545.9 549.8 553.8 556.8 558.9
568.7 554.5 535.7 521.4 506.3 489 477.2 467.4 462.3 456.8 452.7 452 454.6 455.5 455 451.9 452.3 455.2 461.9 463.7 462.5 460.2 458.4 457.8 459.9 459.2 458.9 455.5 454.4 453.7 453.2 452.7 452.3 453.6 454.3 455 454.4 450.9 440.8 438.3 440.8 449.5 450.3 455.3 457.2 459.6 461.7 461.7 460.8 459 455.2 451.7 449.7 447 443.1 442.3 449.6 455.1 460 463.3 466.2 469.1 471.9 476.1 481.8 488.5 495.7 503.1 512.9 521.9 530.2 539.7 549.9 555.8 559.8 563 565.5 565.5
577.5 565.9 546.3 527.4 512.5 497.1 484.8 474.2 467.5 462.3 457.8 454.9 456.1 456.2 455.8 454.4 453.2 454.6 460.8 465.6 462.8 461.2 459.1 460 460 459.5 456.4 455.4 454.8 454.4 454.1 454 453.3 453.8 456.3 455.3 452 441.2 439.7 452.6 458.2 461.5 465.7 467.6 469 470.5 472.6 471.4 469 466.3 463.5 460.2 456 452.1 448.3 444.8 453.4 459.1 464.3 468 471.5 475.3 479.1 483.3 488.7 495.4 502.5 509.6 519.6 527.8 539.1 549.5 558.8 565.4 569.8 571.2 571.4 567.9
584.3 574.3 556.7 536 518.7 505 492.8 481.7 473.8 468.9 463.9 459.1 457.5 457.2 456.4 455 455 456.8 461.5 465.3 462.9 461.3 460.7 461.1 460 459.6 459 456.4 455.4 455.1 455.7 455 454.5 458 460.4 455.3 443.4 444 459.5 467 471.9 476.3 479.1 479.3 479.8 482.1 482.7 480.4 477.5 472.7 469.8 466.1 462 458 453.7 448.8 456.7 462.7 468.5 472.9 476.7 481 485.2 490.1 495.6 502.5 509.2 516.1 525 534.3 548.3 558.5 566.8 573.2 576.9 577.9 575.1 569.5
591.8 582.7 568.5 547.8 529.1 513.7 502.5 492.4 482.3 475.4 470 464.7 460.3 458.6 456.7 456 457.4 459.8 464.2 464.4 462.7 462.2 462.8 464.8 462.3 462.4 462.4 459 457.6 460.4 460.9 461.1 457.4 460.2 460.3 452.4 444.2 453.3 466.9 475.7 484.4 489.3 490.3 490.2 491.8 491.8 491.7 489.9 486.2 480.6 475.8 471.3 466.3 462 457.8 452.2 459.9 465.8 471.9 477.6 482.4 486.7 491.3 497.7 503.8 510 516.8 523.6 531.2 544.4 558.4 567.6 574 579.3 582.6 581.9 577.2 571.4
599.3 592.3 580.8 563.9 544.5 527.4 513.2 501.1 492 482.8 477.7 472.9 468 464.9 463.1 462.3 462.5 462.4 463.1 465.2 464.3 463.8 466.3 467.2 466.4 464.4 462.3 461.5 464.6 464.6 464 462.6 463.2 460.5 456.7 454.1 444.8 454.1 471.1 483.2 494.5 498.2 500.2 499.9 500.9 500.2 499.9 497.9 494.2 488.6 482.1 476.5 471.5 466.2 461.4 456 463.7 469.2 476.5 482.9 488.5 493.3 499 506 512.1 518.3 524.9 533.1 543.4 556.8 568.9 575.9 582.3 587.2 587.9 585.5 579.4 573.2
