data/320000-660000.asc
ncols 200
nrows 200
xllcorner 320000
yllcorner 660000
cellsize 50
[rows 140 to 174 of 200, columns 0 to 78 of 200]
311.9 305.3 292.9 277.5 268.3 259.6 251.3 246.9 246.3 241.1 246.6 254.5 268.2 281.2 294.3 308.2 321 333.1 350.5 365.8 382 392.5 407.8 422 433.8 440.5 450.3 459 453.8 442.5 424.3 402.5 383 368.4 357.3 347.9 338.5 327.2 316 303.6 291 286.2 279.9 271.6 265.7 257 245.8 235.5 231.1 223.3 222.8 217.4 208 200.8 198 194 198.6 202.2 198.9 196.6 194.9 196.7 197.9 198 197.2 196.3 193.9 190.8 187.3 191.8 194.6 197.2 200.4 200.7 198.5 195.9 192.6 189.6 187.9
303.5 292.5 281 268.9 258.8 251.5 246.3 241.8 243.8 254.1 257.8 257 269.2 281.6 297.5 314.6 329 340.1 359.3 376.6 393 407.5 423 438 449.8 453.7 458 459.7 450.2 439 420 398.9 383.4 371.5 350 334.3 320.5 309.5 298.5 289.1 283 278.9 272.2 264.4 255.8 246.3 238.7 232.9 227.9 218.9 211.7 207.1 208.7 208.4 208.1 210 209.3 208.8 205.6 204.9 206 203 200.9 199.5 198.5 197.3 193.7 194.2 193.7 197.4 200 201.4 201.8 200 197.3 194 192 189.8 187.3
294.8 282.8 267.8 256.3 249.3 247.5 240.9 246.8 256.5 266 269.5 272.2 272.9 283.8 294.5 313.7 328.8 345.3 364.1 381.5 401.9 420.1 435.8 451.2 467.5 471.5 471 457.9 444.8 431.9 414.7 400.5 388.8 365.7 348.5 336.6 323.8 308.5 293.2 284 278.6 272.4 265.1 257.7 247.4 240.3 235.6 230.5 219 216.1 218 218.5 219.1 219.8 219.4 220.5 216 211 207.4 204.4 204 202.3 200.5 199.1 195.8 196.8 196 195.9 198.7 202.3 202.2 202.5 201.1 198.7 196.3 194.1 193 189.4 186.7
279.3 266 254.8 247.2 242 250.6 254.7 262.3 271.3 278.1 283.9 284.2 284.2 294.1 300.2 307.8 325.6 347.9 367.5 382.5 404.8 428.4 445.4 457 471 482.3 476.1 460.4 441.4 421 410.1 400.5 385.5 364.9 348.9 334 320 305.4 290.7 281.9 275.1 266.5 257.9 249.4 241.6 235.8 228.4 226.4 226.9 226.8 230.3 228.3 230.5 229.5 225.8 220.4 213.5 208.9 204.3 204.4 202.5 200.3 198.4 199.1 200.2 201.5 201 201.3 203.3 203.4 203.3 202 199.6 197.7 196.4 195.5 191.9 188.6 185.9
259.6 258.2 245.1 248.3 257.9 262.4 268 280.1 286.1 290.7 296.3 293.6 287.4 306.3 312.8 317.1 321.5 341 361.6 382.1 404.5 429.5 448.5 471.8 488.5 488.7 480 463.7 441.9 417.8 396.2 380.5 365.3 353.5 342.5 326.8 313.5 300.1 288 279.5 269.9 265.2 255 248.2 247.3 243 234.7 235.2 235.5 236.2 238.3 238.3 237.2 233.3 227.3 217.5 211 207 204.6 203.4 202.3 201 201.4 202.5 203.3 205.2 204.9 207.2 205.2 205.1 202.9 201 198.5 196.9 196.1 194.6 190.1 187.7 186.2
254.6 254.2 257.5 263 271.6 279.3 283.6 295.4 301.8 307.5 310 304.2 298.3 312.5 321.5 325.5 334 343.5 359 380.5 405.5 432.3 453.7 475.8 491.5 494.8 480.9 462 443 417.3 388.1 368 349 335.2 323.5 312.8 302.9 292.7 282.8 276.3 273.8 270.5 260.7 260.5 254.6 246.5 245.9 246.1 246.5 248.1 247.4 243 239.2 232.8 224 216.5 211.7 209.5 207.3 205.8 204.9 205.5 204.8 205.9 206.7 207.9 210.2 214 213.3 206.3 203.7 201.4 200 196.6 195.5 192.8 189 188 187.2
252.9 263 271.6 275.6 280.3 291 301.3 307.7 317.5 326.8 325.5 315.9 309.9 314.8 328.2 335 346 357.5 368.5 385.5 408.5 432 455.3 476.6 493 503.5 482.5 461.8 439.8 414 387 365 346.5 332.5 318 307.5 299.6 292.8 286.9 282 277.2 273.6 270.6 266.6 262.2 251 254.2 255.3 255.8 254.1 250.6 246.3 239.6 230.6 221.5 218.8 215.5 212 209.7 208.4 207.9 207.5 208.7 209 209.9 210.9 215.6 218.3 210.6 214.9 205.8 202.8 201 199 194.3 191.6 188.8 188 188.6
271.5 272.5 285 288.4 291.3 303.8 316.5 324 332 339.4 336 330 319.3 319.1 331.5 343.7 355.6 369.9 385.5 405.3 419.4 433.7 459.8 479.1 491.8 497.3 476 458 442.5 412.3 386 364.6 344.8 330.5 324.5 314.8 306 298.1 290.9 285.6 280.1 275.4 271.9 269.7 266.6 259.1 260.8 259.6 261.3 258.7 254.8 248.9 239.4 232.3 224.9 220.5 218.1 214.5 213.8 211.7 211.5 210.3 211.3 211.6 211.7 216.1 218.1 210.4 210.6 209.7 201.4 201.9 202.5 196.5 193.7 191.8 189.1 189.9 191
288 287.5 296.5 303 306.3 311.3 326.4 338.8 344.4 351.5 345.2 336 325.6 328.9 337.3 348 363.7 382 404.5 424.9 437.5 455.3 467 481.5 487 478.4 456.4 444.1 430.4 403.5 388 368.3 352.2 338.3 330.3 320.5 309.1 298.2 291.4 284.3 281.1 274.7 268.6 269 267.7 269.5 266.6 266.1 266.4 263.5 258.4 249.4 240.5 236.1 231.5 225.1 222 219 217.7 215.5 216.4 215.7 215.4 215.7 217.9 216.8 218.5 210.5 210.9 206.8 202.2 202.3 201.5 194.3 193.4 191.6 190.8 190.8 191.4
301.8 306.2 306.5 316 318.5 327.5 337 347.5 354.6 359.1 351.7 342.1 332.2 339.9 350.7 365.3 375.4 397.3 421.2 439.9 453.5 469.2 480.6 486 478.5 461.1 442.9 427 414.3 403.5 393.8 378.5 360.2 343.8 331.8 322.1 310.2 300.7 294.8 290.1 284.4 280.4 277.4 275.5 274.1 273.2 273.3 271.7 271 266.6 257 248.5 242.8 238.5 233.6 231.2 228.3 223.5 221.9 219.9 221.6 220.6 220.5 221.2 218.7 216.3 213.4 211.1 208.4 202.9 202.6 202.1 195.4 194 194.3 192.5 192.4 192.6 192.8
317.3 319.8 315.2 330 332.8 341.8 354.1 362.8 367 368.3 358.2 347 341.5 346.4 366.5 383.5 398.8 409.5 432.2 452.3 463.7 478.8 488.5 479.5 460.4 443.5 425.4 410.2 407.3 401.5 390.7 375.4 359.3 347.7 333.3 322.4 311.2 305.5 301.4 298.9 292.7 288.8 285.9 283.2 282.2 281.4 279.3 276.1 270.5 266.2 257.8 250.6 245 240.5 237.8 235.9 233.3 228.1 226.5 224.6 224.3 224.2 224.8 221.9 221.1 219.5 214.5 210.3 203.4 202.8 203 198.4 196.1 196.2 196 193.7 194 194.5 194.3
333.5 333.7 331.1 339 351.1 358.5 372.6 378.4 381 378.9 371.1 362.9 356 355.7 378.3 401.2 419.5 427.8 443.8 459 469.5 479.2 474.3 459.3 442.8 429.9 412.3 398 401 393.3 379.6 368.3 356.8 345.3 334 322.5 318.9 315.1 308.5 306 301.2 298 296.1 293.8 291.4 289.8 288.1 279.8 270.6 265.5 258.7 252.5 248.1 245.3 241.9 240 237.1 232.1 228.7 227.4 226.8 225.5 225.1 222.4 219.6 217.8 214.5 211.5 209.9 202.9 202.3 199.5 200.3 198.5 197.4 196.1 196 195.2 195.5
350.8 348.5 346.2 344.6 363.2 373.6 385.6 397.4 405.5 395.3 386.4 379 368.7 368.5 389.5 414.8 428.8 437.2 447 457.3 462 458 450.9 440.8 428.4 417.8 397.2 388.3 394 384 374.3 366.5 355.4 344 335.5 332.5 326.6 321.5 318.5 314 309 306.9 307.5 301.9 296.9 293 287.4 278.3 271.7 266.2 260.7 257 254.5 250 245.1 242.6 240.1 235.4 232 231.2 229.4 227.3 224.5 221 219.2 215.4 213.1 210.1 207.3 207 201.8 201.3 201.9 200.2 198.8 198.5 197.7 198.3 198.4
360.4 363.4 363.3 360.5 370.3 387.7 397.4 413.3 419.3 411 404.8 395.6 379 386.8 402.5 420.3 432.5 436 442.6 450.5 447 440.9 431.4 418.9 408.8 396.3 384 378 379.7 374.8 370.4 363.8 354.4 349.1 344.5 340 332.4 326.9 321.7 319.6 315.8 312.3 310.5 306 298.1 291.3 285.5 278.8 273.4 269.4 265.8 261.8 258.1 252.2 248.1 245.2 241.5 238 236.7 232.6 230.8 227.4 226 222.9 219.9 216.8 213.2 209.7 208.3 206.3 204.4 203.6 203.8 202.6 201.2 201.8 202.1 202.4 202.1
375 379.1 381.5 377.8 383.7 387.3 409.1 423.2 432.5 432.2 424.5 409.5 387 404.4 421.8 431.5 420.3 415 419.5 426.2 424.8 415.3 405.8 395.7 386.1 379.5 371.4 367.5 369.9 369.1 369.2 364 358.8 360 353.5 345.8 339.2 333.1 326.5 320.8 319 315.5 313 308.7 300 292.5 288.4 284.3 280.8 275.6 268.5 263.4 258.5 254.1 251 246 243.2 241 236.9 233.3 230.5 230.1 227.3 224.3 221.9 218.5 214 211.6 209.5 209.2 207.9 206.5 205.3 205.4 205.1 205.6 204.8 204.5 205
394.9 398 400 394 402.3 402 419.5 442.2 452.4 451.7 431 413.5 410 424.8 440.2 437.3 420.3 409 398.5 393.5 388.5 383.5 380.4 374 367.5 362.9 357 354.5 359.4 364.5 367.9 365.4 366.9 366 355.5 346.1 338.3 331.4 326.7 319.4 319.2 318 314 309.6 302.8 299.5 297.3 293.3 287.1 279.3 271.8 264.7 259.5 253.9 250.2 247.3 244 240 237.5 235.3 234.7 233 229.5 226 222.9 218.2 214 212.5 210.6 210.9 208.7 206.8 206 206.7 206 205.6 205.8 205.2 203.3
409.4 419.3 420.8 415.5 424.5 430 432.5 453.7 473 467.5 437.8 426.8 427 446.1 453.1 450.7 445.9 437 421.4 408.5 386.6 368.9 359.5 357.4 353.9 352 348.8 347 349 354.5 361.8 365.9 374 363.6 351.5 340.7 334.7 329.2 323.7 314.5 321.2 319.7 316.3 314.3 311.2 309.6 307 303 294 284.1 276.3 266.9 260 254.6 250.8 246.7 243.6 240.6 240.1 238.5 236.1 234.3 230.3 226.4 223.9 219.3 215.5 214.7 215.3 212.3 209.3 209.9 207.9 208 209.1 207.5 204.6 203.9 201.9
413.5 431.5 441.2 440.9 448.1 454.1 458 469.5 490.5 478.8 453.5 453.3 448.3 459.3 466.1 470 463.5 445.7 425 406.7 385 370.4 358.5 349.8 345.2 343.7 340.8 338.6 341.2 345.6 352.8 361.4 366.8 357 341.6 333.8 328.9 322.9 314.3 319.4 319.9 319.7 320.3 321.3 323.5 321.8 317.5 311.5 299.6 284.5 274.7 270 259.9 254.5 249.7 246.3 244.4 241.8 239.8 240.6 237.3 232.4 230.4 225.9 223.5 222.4 218.9 218 217 215.8 214.5 212.6 212.5 210.1 210.4 209.2 205.2 202.9 200.3
415.3 442 459.2 464.3 472.2 478.5 484 493.5 505.5 496.3 480 476.5 472.5 469.8 479.4 472.8 451.2 431.5 411.7 392.8 379 365 355.4 345.5 341.8 338.2 336 334.2 333.5 337.4 343.8 353.2 356.5 348 336.7 328.5 322.5 317.3 309.2 313.2 321 326.1 330.4 334.1 334.4 331 325.3 314 297.4 282.1 273.1 265.5 256.9 251.4 249 248.2 245.5 243 240.4 240.3 236.8 231.6 229.1 226.1 224.8 223.1 222.1 220 218.7 218.3 217.6 216.3 216.3 213.6 210.6 208.4 205 201.7 199
430.6 450.8 470.5 485.5 498.1 508.7 517 521.8 524.1 520 508 502.8 492.8 489.8 480.8 460.5 440.2 421.2 399.5 381.5 370.5 354.5 348.2 343.9 338.9 334.3 331.6 330.3 328.7 328.4 333.3 345.2 346.8 340 332.8 325.8 319.1 312.6 304.5 318.5 331 336.8 339.8 340.2 341 334.4 323.5 305.9 289.8 278.1 270.6 261.7 255.2 250.4 248.9 248.8 246.7 244.3 240.6 238.9 236 232.5 230.4 228.3 226.4 225.1 224 220.5 219.5 218.5 217.8 217 215.8 210.8 208.7 205.8 202.8 199.4 197.6
450.6 464.2 489 510 526.3 538 545.2 552.4 552.6 543.2 528.8 520 512.5 496.1 472.8 452.3 431 413 391.8 376.4 364.5 358.6 352.7 345.3 337.5 332 328.7 327.1 325.1 323.9 326.6 332.9 337.6 336.3 330.4 322.6 315.3 303.2 316 327.1 338.8 345.5 345.4 342.5 338.9 329.7 313.2 297 280.4 273 267.5 259.5 254.2 251.3 250.1 249.5 248.2 244.9 241 239.9 237.3 234.2 232 230 228.6 226.8 225.1 222.9 218.9 218.5 217 216.2 214.1 210.5 207.7 203.8 200.3 198.9 197.4
476.3 492.5 507 525.8 543 556.1 569 572.5 565.5 552.6 540.8 530.3 512.3 488.6 465 446.4 425.5 408 390.5 377.8 369.7 361.4 351 341.5 336.1 332 328.4 325.6 323.8 323 322.9 328.3 337.1 333.9 328 319.9 307.3 309.6 320.2 332.5 342.2 344.9 343.1 338.2 334.3 320.9 301.5 285.3 274.4 269.9 266.6 257.6 254.2 254 252.5 251.6 249.6 246.2 242.3 241 238.8 235.3 233.4 231.4 230.3 227.7 226 224.5 221.3 218.9 218.5 215.2 212.5 210.5 206.3 202.2 199.7 197 195.9
492.5 503.5 517.2 532.1 547.7 561.3 568.3 563 554.5 543.8 533.7 513.8 496.6 479 457 439.2 423.2 406 392.4 377.8 368 359 348.5 339.6 339.4 334.5 328.7 325.1 323.2 322.5 320.5 325.5 332.5 329.5 325.3 313.2 300 313.9 325.7 335.8 338.9 338.7 335.3 329.1 319.4 305.5 289.8 276.9 269.7 267 265.4 256.1 255.9 255.2 253.5 251.3 250.5 247.5 244.1 241.6 239.3 236.7 232.9 230.4 229.9 227.6 225.9 224.7 222.2 221 217.1 214 211.5 208.4 203.8 200.4 197.5 194.2 193.7
498 499.7 514.5 527 538.1 542.8 550.9 549.5 538.1 525.9 511.6 494.5 479.2 463.7 443.8 432.1 417.2 402.1 386.4 371.8 360.8 354.3 348.7 345.9 342 336.8 331.7 326.4 322.5 320.5 319 321.1 324.9 326 320.5 306.8 304.1 318.1 325 330.5 333.8 330.7 324 312 302.3 290 279.8 273.1 267.8 267 259.8 257.4 256.7 254.3 252.4 250.5 249.8 247.9 245.6 242.9 239.9 238.1 234.3 230.9 228.3 226.5 224.9 222.2 220 218.2 214.1 211.3 208.8 204.5 200.2 197.8 194.6 194 194
482 477 496.3 507.7 513.8 522.3 529.6 529.6 516 498.8 491.5 475.2 459 441.3 428.2 418.7 410.3 397.1 381 366.5 359.7 356.1 356.5 353.8 349.2 343.1 336 327.1 323 320.6 319.4 320.4 321.7 323 316 297.7 306.2 313.9 321.7 327.5 322.3 318.5 308.3 300.4 292.3 282.1 275.7 272.5 268.9 265.5 261.9 257.8 256 254 251.4 250.6 249.3 247.8 245.4 243.4 241 238.5 235 231.6 228 226.6 223.5 219.5 217.4 213.9 210.9 208.1 204.9 200.3 198.2 196.2 194 194.3 194.4
457.3 454.8 478.7 490.5 505.8 514.3 520.3 517 497.5 477.5 468 455.2 440 422.5 409.8 402.5 403.9 393.5 378.3 370.1 365.1 363.1 365.3 361 356.1 349 338.5 331 326.7 322.8 319.3 316.4 319.5 320.5 308 293.4 302.7 311.3 306.6 316.5 308.4 302 296.4 292.7 284.1 277.4 273.9 271.1 267.8 266.9 264.2 260 258 255.3 251.8 250.8 249.7 247.2 245 242.7 239.6 237.8 234.6 231.5 228.1 225 222 219.1 214.4 211.4 208.5 204.3 200.6 197.3 195.5 194 194.3 194.3 194.8
436.9 440.5 457.8 476.2 491.2 505.7 514.3 504.5 484.3 463.4 447 434.5 421.5 402 391.6 387.2 395 386.7 381 373.5 371 373.3 372.5 369 362.6 351.6 342.2 336.2 330.3 324.4 319.5 316.2 314.7 312.5 304.8 290.4 296.2 301.5 303.3 303.1 297.6 293.2 292 284 277.8 274.1 271.5 268.4 267.6 267.2 264 260.6 258.6 255.6 252.4 250.8 249.7 246.3 244.5 241.8 239.4 236.7 233.8 230 226.3 222.5 219.1 215.7 212.1 208.9 206.4 205 200.4 196.1 194 194.4 194.8 195.4 194.5
410 427 448 463.7 481 506.4 512.3 496 475.9 455.6 435.3 412.5 398.4 383.3 373.4 374.2 378.2 375.1 369.8 371.3 377 378.3 381.5 375 365.6 355.4 346.5 338.5 331.2 323.7 318.3 311.9 307.7 307.6 302.6 291.7 287.7 292.1 294 292.5 288.8 285.7 283.5 278.8 275.1 272.5 269.1 266.3 266.6 265.2 261.8 259.1 257.1 254.9 252.1 250 249.4 245.6 243 240.4 237.4 235.1 231.4 227.4 222.8 219 216.1 212.7 209.8 206.8 205.4 205.4 201 198.4 195.2 194.9 196 195.3 193.5
397.2 416.5 436.5 457.9 481.5 502 506.5 488.4 467 444.5 420.3 399.8 379 369.5 360.5 358.7 362.3 358 355.7 371.3 376.2 380.2 383.3 378 369.9 361.5 350.4 339.7 330.5 324 317.5 309 305.1 302.1 298.8 292.8 286.8 285.3 287.1 286.7 285.1 283 279.3 276.1 273.4 271.8 269.2 266.1 263.4 261.2 258.8 257.4 255.6 253.3 251 249.9 246.9 244.5 240.9 238.4 235.5 231.8 227.5 224.2 219.8 215.6 212.8 210 207.6 205 200.9 199.8 201 199.4 197.8 196.2 195.9 194.7 191.2
384.1 407.9 427.8 450.8 473.5 489.4 490.6 476 455.8 428.2 410.2 394.7 379 363 352.2 346.3 347.5 341.3 347 361.4 370.3 375.5 378.5 376.6 371 361.5 350.8 338.7 329.2 321.5 312.5 305 303.4 296.2 292.7 290.6 287.2 283.7 284.4 284.2 282.6 280.9 278.2 273.3 272.8 270.1 267.6 265.1 261.9 259 257 255.6 254.4 251.9 250.9 248.1 245.5 243.1 239.4 235.9 232.3 228 223.8 220.2 216.7 213.6 211 208.4 206.7 203.3 200.1 199 199.1 199.4 197.9 196 194.8 191.3 188.1
378 401.5 419.1 440.9 457.1 473.5 471.3 462.5 441 412.2 400 388.3 371.3 357.3 349.6 339 336.3 333.4 336.5 346.5 356.1 365.6 366.7 365.8 360.2 353.5 345.6 337.5 325.9 315 306.8 300.8 296.7 292.8 287.7 286.8 284.5 282.3 282.7 282.1 279.9 281.5 277.6 272.2 270.9 268.6 265.9 263.3 260.9 257.3 256 254.6 253.1 250.7 248.7 244.8 242.4 241 237.2 233.3 229.9 224 220.9 216.9 213.8 211.7 209.8 207 205.8 203.3 200.5 199 199.6 198.8 197.3 194.6 192.4 188.5 186
369.2 389.2 409.5 420.5 443.4 450.3 450.1 442.6 425.1 403 387.5 374 362.5 353 344.5 338.5 331.1 329.5 330.8 334.8 343.5 352.6 355 350.9 346.2 342 333.5 329.4 319 309 303.1 292.5 289 290 287.4 282.9 281.6 281.5 282 278.7 275.9 275.7 274.2 272.7 270.6 266.8 263.9 260.6 259.7 257 254.9 252.8 251 249.3 245.8 241.3 239.7 238.2 233.2 229.5 223.3 220.7 217.4 213.5 211.7 210.1 208.5 206.5 204.3 202.7 200.9 200.4 197.3 196.2 195.8 192.2 188.9 186.8 183.4
356.2 371.3 386.8 404.4 420.6 426.5 426.5 420 406.7 391.7 374.4 365 355.9 351.3 343.1 334.5 329.3 323.7 324.8 326.4 331 336.6 338.5 335.1 329.4 324 321.8 318 310.6 304.8 299.7 291.3 288.2 284.3 280.2 280.4 280 279.2 276.9 274 269.5 271.4 271.4 270.4 268.3 265 261.9 258.9 257.1 255.5 253.5 251.3 249.8 247.1 245 240.8 237.3 233.3 226.5 223.1 219.9 217.5 214.6 212.3 210.7 209.3 207.1 205 203.4 202.2 201 200.6 199.4 194.7 191.9 188.7 185.1 183.4 179.3
344.5 355 366 377.6 388.8 396.3 402.5 399.8 387.1 375.4 364.1 355.9 349.7 348 337.2 330.9 325.3 321.4 319.9 320.8 324.3 325.6 325 321 315.3 314.3 311.9 309.5 305.6 300.7 296.3 290.9 284.8 280.1 279.1 278 276.5 274.8 271.7 269.9 266.7 263 265.4 267.8 265.8 263.7 261 258.3 256 252.8 250.9 249.6 247.4 244.9 241.5 238.3 233.3 228.2 222.9 219.8 217.3 214.1 213.3 211.7 209.5 208 205.9 203.4 202.2 200.8 201.1 200.2 196.9 193.4 189.6 185.4 179.9 178.8 177.2
331.5 338.5 345.5 353.1 359.3 369.3 376.9 375.3 369.1 360.9 352.8 346.5 338.1 334.9 330 326.6 324.5 321.1 313.5 312.2 314.1 314.8 313.5 308 306.9 311 307.7 304.1 298.7 293.3 289.5 287.6 285.3 281.6 279 276.4 272.7 271 269.6 267 272.1 270.5 266.3 256.8 260.9 262.4 259.4 256.6 254 250.4 248 246.5 244.9 241.4 237.9 235.5 229.8 223.3 219.9 217.3 214.6 212.6 211.3 210 209.3 206.8 204.7 203.7 203.7 198.6 189 194.7 194 190.7 186.1 180.8 177.3 175.6 163.5
