data/320000-810000.asc
ncols 200
nrows 200
xllcorner 320000
yllcorner 810000
cellsize 50
[rows 105 to 139 of 200, columns 78 to 155 of 200]
560.6 582.2 600.7 615.6 635.5 648.3 658 661 663.2 664.7 670.9 677.8 684.8 697.4 705.5 710.1 713 715.7 717.4 717.2 711 700.5 695.8 690.9 686.9 681.3 681.9 684.9 688.8 693.8 698.8 700.3 697.7 691.8 684.1 675 668.5 661.8 653.8 644.4 635 624.6 611.7 596.1 595.4 599 595.8 582.7 585.8 590.2 598.9 604 606.6 609.6 613.2 618 622.7 627.9 632.1 636.3 639.7 643.3 647.9 653.3 656.9 662.6 666.3 671.4 672.9 674.6 677.3 678.4 678.8 678.9 679.2 681.4 685.5 692.3
552.3 576.2 596.7 612.1 631.6 649.3 663.2 670.1 673.7 676.2 681.2 686.9 693.1 705 712.2 717.3 719.2 721.3 721.7 720.6 716.9 707.8 696.5 691.6 688.2 682.9 675.2 673.1 678.9 684.9 690.3 691.4 688.6 683.9 675.8 667 658.8 650.4 643.9 637.3 625.9 613.8 599.9 601.3 610.8 612.8 608.4 595.3 580.4 579.7 585 594.8 598.1 601.9 606.8 613.7 623.2 628.3 632.6 636.6 639.4 643.5 648.3 653.1 658.2 663 667.8 672.2 675.6 678.5 681.3 683.6 685.5 685.9 687.2 691.5 697.4 702.6
543.7 568 590.7 607.6 626.7 648.3 665.1 676 682.1 685.9 690.9 696.4 702.5 712.6 719.4 723.1 725.5 726.7 725.6 724.7 721.5 712.3 699.9 694.2 688.9 685.9 679.2 670.7 662.8 672.4 678.7 680.6 679.4 674.2 665.2 657.9 650.8 642.3 632.9 624.5 613.9 603.3 600.5 615 620.7 618.8 614.9 608.6 598.7 584.3 576.8 583.6 590.2 597 604.8 611.2 623.9 629 633.6 636.6 640.1 643 648 652.4 657.1 662.8 667.4 673.4 677.7 680.9 685.2 688.8 691.1 692.6 695.5 701.4 705.8 709.6
534 558.7 581.9 603.4 623.1 645.2 663.9 679.5 688.1 693.9 699.8 705.2 712.3 720 725.9 729.2 730.9 731 730.2 728.7 725.6 716.9 704.3 694.2 688.6 685.4 679.5 672.7 662.8 657.1 663.3 666.6 665.3 660.5 654 649.1 644.4 634.8 621.7 610.5 605.3 611.5 620.6 626.9 628.9 626.5 620.5 613.4 604.1 593.2 573.8 577.5 584.6 595.3 602.3 611.3 625 629.2 634.2 637.1 639.7 642.4 645.8 650.4 655.4 661.2 667.1 672.9 678.1 684.1 688.7 692.7 694.9 698.3 702.6 707.3 711.3 713.8
524.7 548.7 574.9 598.2 619.1 640.8 661.5 679.5 691.3 700.9 707.7 714.3 721.2 726.5 731.1 733.9 734.5 735.3 734.1 731.9 729.4 722.5 707.8 697.8 691.9 686.6 680.4 671.9 664.5 650.6 645.1 649.7 649.4 646.2 643.8 641.3 635.2 624.1 611 612.3 619.9 627.7 634.6 637.3 635.2 632 625.7 617.7 608 593.9 572.5 574.5 578.6 590 601.4 610 623.4 628.5 633.1 636.2 638.4 640.8 644.8 648.8 653.7 658.8 665 671.4 678.5 685.6 690.5 694.7 698.1 702.3 706.4 711 714.3 715.9
518 540.2 566.5 591.7 614.5 636.1 657.4 677.3 692.3 704.1 714.4 721.9 727.6 732.9 736 738.3 738.7 738.1 736.8 734.8 731.9 727.5 712.2 702.4 694.3 687.2 681.2 671.4 664.4 654 640.2 634.6 632 632.1 630.5 627.7 622.1 614.4 617.3 624 632.1 641.4 647.8 647.8 643 638 630.2 621.9 611.5 599.2 579 569.6 574.6 584.1 597.2 608.3 620.1 625.7 631 633.2 635 637.8 641.5 645 650.1 655.7 662.4 669.8 677.3 686.7 693 697.8 701.8 706.3 710.6 714.4 716 715
513.5 532.3 557.7 584.3 608.3 629.3 651.5 673.4 693.2 706 718.8 727.4 732.5 737.1 739.3 741.3 742 741.5 739.3 736.8 733.5 729.2 719.4 705.4 697.4 686.6 680.2 671.3 659.8 647 639.1 638 633.8 628.5 626.5 622.5 621.7 624.8 630.5 636.5 646.9 654.8 656.9 653.7 648.9 641.4 633.5 625.2 614.7 600.4 579.5 566.6 572.4 578 593.2 604.9 614.7 619.4 624.6 628.7 630.4 633.4 637.6 641.7 646.7 652.4 660.5 668.8 677.5 686.1 695 700.3 704.7 709 714 716.2 715.8 713.7
503.6 524.3 546.9 576.4 600.4 622.9 644.6 667.4 690.9 708 721.8 730.9 736.7 740.3 741.4 742.7 743.2 742.9 741.4 738.2 734.2 729.6 722.1 709 697.4 687.6 678.6 666.6 654.9 650.2 658.2 653.8 648.2 641.8 636.8 635.7 635.4 639.7 644.5 651.9 661.6 666.5 664.1 660.3 653.8 644.7 636.3 627.4 615.5 602.8 588.1 564.9 569.9 573.7 585 600 608.8 614.2 618.4 622.2 625.7 629.1 633.5 637.2 643.6 649.8 658.8 667.4 676.4 687 696.5 701.9 705.9 711 716.5 716.6 714.3 711.4
497.6 519.8 537.1 564.1 591.6 614.7 636.8 660.4 685 706.9 721.9 733.6 739 742.4 742.8 743.6 744.3 743.8 741.7 738.4 733.8 728.2 721 711.5 698 687.2 676.6 663.4 655.9 671.8 671.2 667.9 663.4 656 654.1 653.1 651.6 655.8 660.7 669.7 673.6 674.1 671.3 664.5 657.1 647.7 638.9 629.6 616.6 605.9 587.4 563.6 567.2 569 578.6 593 602 608.1 613.4 617.2 620.9 625.2 629.1 633.7 641.4 648.2 656.6 667 676 687.8 697.8 703.3 706.9 712.5 717.8 715.9 712.4 708.8
508.8 508.9 530.9 551.3 579.6 606.6 629.5 653 677.7 702.3 719.9 734.6 740.3 743.2 743.8 744.3 743.9 741.8 740.7 737.9 732.4 726.1 720 709 699 685.9 674.4 666.4 677.6 682.4 681.2 679.3 675 674 672 672.8 673.8 677.2 679.7 681.7 682.4 680.7 677 667.9 659.9 650.5 640.9 631.5 619.2 608.9 592.6 569.9 561 565 573.5 584.7 593.8 601.1 608.3 613.5 617.3 621.6 625.9 632.4 639.4 646.8 655.8 666.5 676.7 688.5 698.3 704.1 707.9 713.5 717.5 714.2 709.7 704.9
521.4 505.5 529.2 541.6 567.8 596.8 622.3 645.9 670.2 695.1 717.8 731.2 739.7 742.6 743.5 743.3 741.4 740.5 738.3 735.4 730.9 724.8 718.7 711.1 698 682.2 678.8 680.4 689.1 691.5 691.6 689.9 689.3 690.1 690.5 690.6 690.7 690.5 691.9 691.8 690.7 687.1 681.6 671.7 662.8 655.1 645.4 634.8 623.9 612.6 598.3 579.9 558.5 562 565.9 576.1 586.1 597.6 606 610.8 614.2 618.8 623.5 629.8 636.9 645 654.9 666.4 677.9 689.3 698.3 703.5 709.1 714.2 716.2 712 707.3 702
535.8 512.3 519.1 537.4 556.8 586.6 616.5 639.1 663 687.3 711 725.9 735.8 740.5 741.8 741.3 740.7 738.9 737.1 733.3 729.1 723.7 716.7 707.7 697.3 693.3 691.2 689.9 696.2 699.3 701.4 701.7 701.5 700.5 700.6 701.7 702.4 701.7 702.3 701.7 698.4 692.3 683.9 674.7 666.9 658.8 649.2 637.8 626.5 615.4 602 588.2 561.6 556.7 561.4 573.3 585.9 598.4 607 610.6 610.2 614.6 619.3 625.6 633.9 643 652.5 664.7 677 688.3 697 703.1 708.2 712.8 714 710.2 705.4 696.9
548.7 525.2 514.9 537.8 547.3 578.6 610.8 633.3 655.7 679.2 702.2 721.1 729.8 735.9 739.4 740.3 739.8 738.2 736.1 732.9 729.7 724.6 716.5 712.1 707.9 702.8 700.1 697.2 703 707.1 710 710.2 710.5 709 710.1 711.5 710.3 710.7 710.5 708.9 704.5 697 688.5 679.1 671.3 662.1 651.8 639.2 627.9 617.5 604.1 593.3 574.4 555.9 556.9 570 584 596.3 605.1 607.2 604 607.1 611 620.7 629.8 639 648 661.8 675 686.4 695.4 701 706.7 711.3 712.3 708.8 703.5 697.2
561.8 540.2 520.3 530.3 543.2 575.4 606.3 629.5 648.8 669.7 691.7 712.4 725.9 732.3 735.4 737.7 737 737 735.7 732.5 729.4 727.9 723.4 718.8 715.1 710.1 706.3 705.9 709.8 713.5 716.6 717.8 719.4 719.5 720 719.3 718.2 716.7 715.6 712.2 708.1 700.5 692.1 682.2 672.6 663.5 654.2 641.2 629.4 619.2 604.7 594.1 581.4 561.1 552.2 567.9 582.2 594 601 601.6 596.4 598.5 605.4 614.3 623.5 633.6 643.5 656.8 670.2 682.7 692.4 698.4 703.8 709.2 710.7 707.9 702.9 695.5
575.3 554.3 534.3 523.8 548.5 571.1 599.1 623.3 641.9 660.1 680.7 701.7 719.5 729.1 732.2 734.8 736.9 736.3 735.7 734.9 732.8 731.6 728.9 725.8 722.9 719.4 715 713.5 715.7 720.4 723.1 725.7 728.6 729 727.9 725.9 723.4 720.9 718 714.8 709.7 702.7 693.9 684.2 674.6 664.5 655.1 642.8 631.3 620.8 607.8 595.3 580.3 560.5 550.4 564.8 580.1 591.5 597.7 596.9 588.3 588 597.2 606.4 614.4 624.9 637.5 650.9 665.5 677.8 688.3 694.2 700.1 705.6 708.5 706.9 702.2 695.8
589 567.3 547.7 525.5 546.1 563.7 590.4 614.3 633.5 650.3 668.7 689.6 708.9 725 732.3 733.6 736.3 737.2 737.9 737.8 736.6 735.5 734.3 731.4 729 727.3 724.7 723.6 724.9 727.5 729.3 731.4 734.3 734.9 732.6 730.1 726.6 723.1 719 714.4 708.5 701.8 693.5 684.1 673.9 664.6 655.2 643.6 633.3 623.8 611.6 598 581.1 561.3 546.8 561.8 576.8 589.2 593.9 593.3 586.7 576.1 588.4 597 604.6 615.3 627.8 641.7 656 668.9 680.6 688.9 695.7 701.4 705.4 706 702.2 696.3
603.5 581.3 561.1 541.2 539.1 558.2 580.3 602.4 621.3 639.8 657.3 677.6 698.8 714.2 731.3 735.2 737.4 739.4 741.2 742.1 741.9 740.9 739.6 736.8 734.6 733.4 731.7 729.8 730.5 732.7 734.1 736 738.4 738.2 735.7 732.5 728.2 722.3 717.2 710.9 705.2 698.9 691.5 682.4 672 662.6 654.5 644.7 636.5 626.7 612.4 600.9 585.5 560.7 544.6 558 572.6 583.1 589.4 589.2 579.5 566.1 579.5 586.2 594.2 603 617.2 631.2 645.3 660.7 673.1 683.4 690.4 697.2 702.8 704.8 702.1 696.9
618 596 575.2 555.3 536.7 553.2 570.4 588.7 607.9 627.8 646.9 667 687.5 706.9 725.5 735.3 738.6 741.6 744.4 746.1 746.1 745.6 744.9 743.2 741.6 740.3 737.5 736.1 736.6 737.7 739.2 740.7 741.3 741 738.4 733.7 726 720.5 713.3 705.4 699.2 694.5 687.7 678.9 667.5 658.9 651.6 645.2 637.7 627.9 616.7 604 586.7 560 541.7 551.5 565.1 575 581.1 580.5 571.1 555.7 566.4 573.6 581.7 592.8 605.5 619.7 635.2 651.4 666.1 678.3 685.9 694.3 699.9 703.2 701.3 697
634.3 611.7 589.9 569.7 547.5 547.5 559.8 575.8 594.6 617.5 638.3 657.3 677.8 699.1 717 731.2 738.3 743.3 746.1 749.2 750.8 751.5 750.3 750.4 748.7 746.1 742.9 741.5 741.9 742.5 743.6 743.7 742.7 741.2 737.5 732.3 723.4 716 708.1 699.9 693.8 688 681.6 673.4 663.5 654.4 649.1 642.8 636 629.5 619 606.9 587.8 565.1 544.7 541.8 555.5 566.5 573.7 569.9 562.4 549.1 556.9 564 571.8 582.7 594.1 609.9 626.9 643.5 660.4 673 682 691.3 698.5 701.8 702.9 698
649.8 627.5 606.1 585.5 562.1 546.6 555.8 567 587.6 608.2 628.3 646.7 667.2 688.8 708 722.5 733.6 741.7 747.8 751.8 754.6 756 756.1 756.2 755.1 752.2 748.6 746.8 747.4 747.5 747 746.2 744.2 742.1 736.6 728.2 719.4 710.3 701.8 693.9 686.1 679.6 672.9 665.3 656.8 648.9 644.3 639.9 634.9 628.4 619.3 609.9 595.3 573.4 551.8 536.3 543.6 553.7 560.4 557.2 550 541.8 549.7 557.5 564.1 574.1 588.9 605.6 621.4 638.2 655.2 668.9 678.4 687.9 694.5 699.4 701.4 699
664.5 642.9 623 601.8 578.3 553.6 553.3 563.2 578.2 598.6 619.1 636.8 657.2 677.6 698.1 714.1 727.5 738.4 747.4 754.3 756.8 759.3 759.8 760.7 760 757.9 754.5 752.3 752.6 751.8 750.6 748.2 745.3 740.4 734.3 724.2 714.8 704.6 696.5 687.8 677.7 664.4 658 653 646.3 636.8 633.4 632.9 630 625.1 618.5 610.6 597.8 583.2 563.5 542.8 532.1 539.1 543.5 545.5 538.3 536 543.8 552 561 573.6 586.8 600.2 615.5 632.5 649.4 663.9 673.7 683.5 690.3 695.8 699.2 697.5
679.3 659.7 639.5 617.7 597.9 578.8 569.6 560.1 572 589 609.8 629.9 650 668.9 686.6 705.8 721.5 734.5 745.6 753.5 758.2 761 763 764.6 764.6 763.1 759 756.7 755.3 755.5 753.8 750.1 745.5 739.5 730.8 721.9 711.1 698.3 690 679.1 663.2 652.2 644.2 637.8 628.6 623 622.8 623.4 621.9 619 616.6 608 599.6 589.4 576.6 560.1 542.7 528.6 527.7 529.7 526.5 528.9 537 551.1 561 573.5 585.5 596.8 609.9 626.4 642.2 656.8 668.5 678.1 684.1 692.9 696.6 694.6
692.6 674.4 654.1 633.3 612.7 593 579.6 570.3 569.9 584.2 601.6 622.4 641.3 659 676.7 694.9 714.7 730.8 742.6 751.5 757.3 761.5 765.4 767.9 769 767.2 764 760.3 758.6 757.8 756.3 752.9 747.1 737.5 726.9 718.2 707.1 693.8 683.5 668.8 657 643.9 633.3 623 617 612.4 610.4 611.8 612.8 612.6 611 605.4 598.7 591.4 584.1 574 563.3 549.2 536.3 526.1 519.6 520.5 530.2 545.2 558.9 572.5 582.3 591.9 603.7 619.3 634.4 648 661.2 672.6 678.8 683.4 694.2 690.4
703.3 688.8 668.3 647.8 627 605.7 590 581.5 567.9 579.2 594.2 614.2 632 650.3 665.7 683.3 702.6 723 738.9 748.6 754.6 762.3 767.2 770.2 771.8 771.5 768.8 764.9 761.7 761.2 759.2 755.5 749.6 738.8 726.3 716.5 702.9 690.9 680.2 668.2 654.8 640.9 629.6 619.1 610.2 603.7 601.3 602.1 603.6 605.5 603.9 601.5 597.4 591.7 586.3 579.9 571.5 562.3 551 540.5 524.8 515.6 521.5 539.8 555.6 570.9 580.2 589.2 599.1 611.9 624.4 639 653.9 665.8 671.6 675.1 683.7 684.8
712.4 700.4 681.3 660.4 638.9 618 600.9 590.2 581 574.6 589.6 606.3 624.5 642.5 657.4 672.1 692 713.1 732.5 744.1 753.9 762.3 768.2 771.5 773.8 774.8 772.2 768.9 765.5 763.8 761.9 758.1 750.2 740.5 727.9 717.8 707.2 694.8 681.9 670.8 658.9 644.1 630.6 622.3 613.8 606.6 599.3 593.7 594.7 597.8 596.5 595.9 592.2 589.3 585.2 580.8 573.9 564.8 553.6 543.2 530.2 519.2 512.3 534.6 555.2 570.6 578.1 586.1 595.1 607.8 619.5 631.5 645.9 657.8 664.4 668.5 679.5 679
720 709 692.9 672.6 651.7 631.6 613.8 599.5 590.7 581.2 588.4 600.9 619 635.1 650.4 666.4 683.5 701 721.2 738.6 751.1 760.1 767.3 771.8 774.9 777 775.3 771.9 768.6 766.1 764 760.1 751.7 742.7 730.4 720.3 709.7 698.2 685.4 672.4 660.1 644.5 632.7 624.5 615.5 608.5 601.3 593.7 588.1 586.3 584.7 585.8 585 583.6 581.1 577.2 572.2 561.9 550.7 538.7 528.1 518.3 509.1 534.8 556.6 568.5 575.9 583.2 590.4 600.8 613.6 626 638.8 650.1 657 660.2 670 670.9
726.6 715.7 703.5 685.5 665.5 645.5 627.1 611.6 599.3 591.1 588.2 597.7 612.9 628.1 643.9 659.7 675.9 692.7 711.5 731.1 746.8 757.6 764.5 771.2 774.4 777 776.2 772.3 768.5 765.6 763.3 759.6 752.5 743 732.3 720.4 710.1 699.1 686.4 673.6 660.3 644.5 635.4 625.2 617 610.5 605.4 602 598.8 595.3 589.1 576.5 568.4 570.7 571.6 569.6 563.5 555.4 544 531 523.3 509.3 513.7 539.3 555.4 564.6 572 579.3 586.7 593.8 606.1 617.1 631.4 640.6 645.4 648.5 654.6 658.7
733 721.7 710.7 697.2 679.6 660.1 641.7 625.1 609 599.2 592.2 596.6 610 623.8 638.7 654 669.8 686.9 705.6 722.9 740.9 755.2 763.5 769.7 773.4 775.4 775 770.3 766.1 763.2 760.5 757 750.2 741.9 730.5 721 710.4 697.7 687.5 674.6 661.3 646.8 637.8 626.5 619.1 614.9 611.7 609.3 607.2 603.6 597.5 590.4 579 561.5 556.4 554.9 551.9 547.2 532.6 525.6 520.6 505.8 516.3 540.1 552.6 560.5 567.9 574.8 581.7 589.9 598.3 607.5 620.5 630.8 635.8 640.2 645.3 649.2
739.2 728 717.6 706.8 693.8 676.7 656.1 638 620.9 607.7 600.7 599.6 607 620.3 633.5 648 663.2 681.6 701.3 717.3 734.8 750 761.3 768.4 771 772.7 771.2 765.7 761.9 758.4 755.2 752.1 747.4 738.4 730 720.7 710.2 697.4 687.2 674.8 662.4 649.1 639.5 629.9 623.4 620.8 617.6 614.5 611.6 607.2 601.5 595.4 585.1 573.8 557.3 540 535.1 532.7 525.8 520.9 516.7 502.1 518.5 537.9 549 556.2 563.1 570.1 576.7 584.9 593 601 609.4 619.6 627.1 632 636.7 640.5
744.8 734.2 724.2 714.3 702.4 689.8 670.5 651.2 633.3 618.7 610.2 603.3 607 619 631.9 644.7 658.7 676.8 697.2 714.4 727.1 742.2 754.8 764.1 765.6 766 764 759.6 754.7 750.2 747 744.7 742 736 727.1 719.1 706.6 696.4 687 675.4 662.3 650.7 641.7 634.8 628.3 623.4 620.7 618.4 614.7 609.2 603.6 597.6 588.5 577.8 565 552.7 541.3 526.9 519.7 514.6 510.1 500.1 518.3 535.5 545.2 551 558.2 565.3 571.8 578.1 585.4 593.1 600 607.7 615.9 619.6 621.8 627.8
748.8 739.8 730.2 720.7 710.2 698.5 684.7 663.7 645 628.3 618.4 613 609.5 618.3 631.1 642.3 657.1 675.6 694.7 712.4 723.6 733.9 744.7 754.6 757.2 758.3 757.4 752.5 748 741.9 737.4 735 732.7 729.2 722.6 715.1 706.3 696.3 686 674.2 662.2 652.4 643.6 636.9 629.9 625.9 622.2 619.6 615.6 610.1 604.6 597.8 588.8 579.9 567 557 545.5 528.1 519.8 514.2 508.9 500.1 510.3 529.2 539.2 545.1 552.4 560.3 566.6 572.2 577.8 584.1 591.3 597.5 602.5 605.5 607.4 610.2
752.7 744 735.2 726.5 716.8 705.8 694.3 676.2 655.7 637.6 626.6 620.9 616.9 619.3 630.3 641 655.1 672.5 692.3 709 721.5 729.3 736.4 744 747.5 749.9 749.8 745.9 740.1 732.2 725.7 721 719.1 716.8 714.9 710.8 704.8 694.9 684.2 673.6 662.7 652.8 643.5 637.1 629.9 625.6 621.6 617.9 614.9 610.4 604.2 596.8 588 578.9 569.4 557.4 543.8 530.5 522.4 516.3 510.5 500.3 495.4 521.2 531.9 538.1 545.2 555 560.9 566.3 571.6 575.7 579.7 584.4 587.2 590.1 593.9 598.5
754.9 746.5 738.1 730.6 721.1 711.6 700.8 687.6 666.3 646.5 634.4 628.1 622.6 618.5 629.3 639.5 652.3 669.4 688.5 705.4 718.8 726.5 732.3 736.5 739.8 741.7 742.2 738.2 731.3 723.1 713.6 704.7 700.4 703.2 704.1 702.6 699.5 691.7 681.6 670.6 660.9 651.4 642.1 633.7 628.4 624 619.5 615.9 613.1 608.2 601.7 594.6 586.8 576.8 568.7 555 539.9 531 520 516.9 510.8 500 493.1 513.5 524.1 530.9 537.9 545.9 554.1 559.9 562.7 565.7 568.7 570.9 575.6 579.1 583.5 587.3
752.7 746.6 739.9 733.8 725.3 715.5 705.9 695.2 676.9 654.2 641 634 628.3 622.5 629.2 637.3 649.2 665.4 684.5 699.8 713.1 723.2 728.8 732 734.4 734.7 733.3 729.5 722.1 711.2 695.1 685.5 683.4 684.4 689.3 692.1 690.8 686.7 677.2 666 656.7 648.5 639.7 631 625.6 621.5 617.2 613.7 610.5 605.6 599.1 592.6 584.4 573.7 564.8 551.1 535.6 526.8 516.4 512.4 508.8 502 494 503.3 518.2 524.7 530.1 537.4 544.5 550.7 553.8 555.8 556.6 559 563.5 567 569.9 573.8
750.9 745.8 740.1 735.3 727.8 718.8 710.1 700.9 687.2 665.1 648.5 638.9 632.9 628.1 629.6 635.5 646.5 661.2 677.8 693.4 706.3 717.4 723.5 726.5 728.7 728.4 725.6 721.1 712.8 694.1 679.5 670.6 667.2 666.7 671.6 679.1 681.1 677.3 671.4 661 652 644.1 635.3 628.4 623.1 618.7 614.3 610.7 607.6 603 595.5 588.7 579.3 569.4 557.8 542 527.5 517.8 509.3 506.9 504.6 504.3 498.5 491.8 511.1 519.3 523.4 528.4 535 538 540.5 543.7 545.6 548.3 551.2 551.1 552.2 557.5
