data/320000-790000.asc
ncols 200
nrows 200
xllcorner 320000
yllcorner 790000
cellsize 50
[rows 105 to 139 of 200, columns 0 to 77 of 200]
469.5 459.1 447.6 438.5 429.4 421.8 415.5 405.8 401.3 396.6 391.7 387.1 381 377.2 372.6 366.7 358.4 347.9 343.7 341.8 342.4 341.9 341.7 342.3 341.1 339.4 345.6 351.4 359.3 365.8 370.4 371.5 373.6 376.5 375.6 379.9 386.2 392.3 405.2 418.7 428.8 437.3 441.7 436.3 430.1 427 420.9 412.9 410.2 408.1 404.8 401.5 396.9 394.8 400.2 406.7 414.5 420.9 426.7 433.9 445.9 449.1 455.2 461.6 461.5 450 435.6 429.6 416.6 409.4 402.1 388.3 369.8 354.9 344 331.9 319.8 310
473.6 463.6 451 440.4 427.6 418.8 412.6 404.3 398.2 395.3 392.4 389.8 385.2 380.7 375.6 370.4 364.5 358.9 354.2 342 340 340.2 339.5 338.2 337.1 335.5 335.4 334.7 343.6 352.8 360 363.6 364.8 367.5 372.2 370.4 375.5 372.8 387.8 403.4 416.4 427.2 435.2 433.6 432.3 430.5 421.1 412.5 408.9 407 402.5 397.7 394.1 389.3 391.3 395.2 401.3 406.8 412.2 419.9 430.5 435 441.2 447.7 447.8 445 446.6 440.8 430.6 432.9 430.4 421.1 400.8 367.5 353.3 342.7 328.5 315.7
473.3 464.9 453.4 441.7 428.3 417.5 409.2 401 395 391.7 390.8 389.6 385 380.2 376.3 373.1 368.7 362.9 358.8 354.2 349 348 348.8 345.4 341.3 337.6 334.4 332.8 332.5 335.2 344.9 356.1 357.6 357.1 363.1 366.8 367 369.3 372.3 388.1 401.6 412.8 424.7 434.8 437.2 430.2 418.5 410.1 407.7 401.1 396.6 392.4 389 386.6 385.2 386.5 390.8 395.7 402.5 408.5 415.4 422.4 431.8 438.6 443.5 452.6 455 454.5 455.7 458.2 457.9 448.8 432.5 388.9 360.1 352.4 336.7 322.1
474.8 464.8 452.9 441.4 429.2 415.6 406 397.3 391.8 388.8 388.1 386.6 383.6 379.4 375.8 373.3 370.1 366.4 362.4 357.9 354.7 354.2 353.8 351.6 348.5 346.1 341.5 338.6 332.9 330.9 330.6 339.6 350.3 353 354.2 359.4 361.6 365.8 366.2 368.4 384.6 397.1 411.5 423.8 430.1 424.2 416.4 411.2 403.5 396 391 388.7 385.9 384.6 382.4 381.9 385.1 389 393.3 398.9 404.9 412.4 423.5 432.7 443.9 454.9 460.4 465.6 472.1 474.9 474 468.9 453.5 414.9 372.1 350.9 342.3 328.7
475.5 462.1 450.6 438.6 425.8 412.3 403.4 393.7 390.4 388 387.9 386.9 383.4 379.7 376.5 373.9 371.2 368.1 365.3 361.2 359.3 356.4 354 354 350.7 347.8 338.9 339.6 337.8 331.2 329.5 328.4 337 348.8 350.6 352.4 353.9 358.4 363.8 357.3 369.4 384.1 396.5 408.1 416.1 416.1 411.6 407.7 399.2 391.9 388.4 387.2 385.2 381.7 379 378.3 378.2 380.9 385.1 390 395.9 404.7 416.1 428.7 439.7 449.8 459 466.1 474.8 478.8 478.2 477 468 422.7 396.4 369 347.7 335.8
473.9 459.5 446.9 435 423 409.3 401.8 394.3 390.6 388.3 387.9 387.4 383.2 379.2 375.2 372.3 369.9 367.2 365.3 363.8 361.9 358.4 354.2 352.5 350.7 348.7 345.7 338.8 334.5 335.4 331.3 328.7 327.6 331.4 344.2 346.9 346.9 351.7 356.1 352.9 359.9 372 382.6 391.6 403.6 410.3 410.6 406.4 396.5 388.5 386.1 385.6 383.5 376.7 375.2 374.5 372.8 373.9 377.1 383 389.8 398.7 409 419.7 430.2 441.5 452.3 462.1 472.5 482.1 485.2 478 455.7 435.1 416.3 390.5 358.7 342.1
474.2 457.7 443.7 431.5 421.7 410.2 402.8 396.3 392 391.1 390 388.1 384.8 381.3 376.9 373.3 371.2 367.9 366.2 364.7 363.6 361.8 355.3 352.2 350.7 349.8 348.9 347 346.9 342 335.9 331 327.2 324.6 327.2 333.5 337.7 344 348.2 348.6 350.6 359.6 367.8 377.5 389.4 402 409.9 407.7 392.2 384.8 382.2 379.6 375.7 370.6 368 367.5 364.1 368.7 372.3 377.4 384.2 392.9 401.8 410.4 420.3 430.3 441.3 454.5 467.6 479.1 480.1 469.5 457.8 448.8 434.7 405.1 378.6 349.6
478.1 463.8 451 440.6 430.6 420.7 412.1 405.1 398.5 396.8 396.3 393.8 390.4 386.3 382.1 378.6 374.3 371.1 370 369.4 369.4 367.2 363.4 360 355 353.7 354 351.9 350.1 346.3 339.1 333.6 328.4 326.2 323.8 324.5 328.5 335.4 343.1 345.1 346.6 350.8 357.9 365.5 374.4 385.4 392.3 392.4 382.4 376.1 372 368.9 365.9 365.5 362.5 363.9 361.4 362.9 369 372.7 378.5 386.6 394.1 401.9 410.2 418.2 429 440.5 449.9 458 462.3 459.4 455.9 452.2 441 416.9 396.5 368.6
492.1 478.2 466.2 456 446.5 439.6 427.3 415.9 411 406.3 407.3 405.7 401.9 396.7 392.2 385.2 380.1 378 376.8 377.4 376.9 375.4 373.8 371.9 369.2 365.5 360.3 355.5 354.8 346.5 338.5 334.7 330.5 325.7 324.2 322.2 322.1 325.6 333.8 341.1 343.7 344.8 349.3 355.1 359.9 366.6 372.7 374.2 368 365.8 363.7 361 360 359.3 358.7 358.6 356.9 359.9 365.3 367.8 371.1 378.9 386.6 394.4 400.1 406.2 415.4 425.1 433.8 441.3 443.9 444.5 442.5 436.5 433.2 429.6 413.1 389.2
511.5 492 480 473.7 467.6 460.5 445.9 433.8 422.8 416.2 417.1 416.1 413.1 407.5 402.1 392.3 384.5 385.4 386.2 390.9 393.2 390.4 381.5 380.8 377.6 372.6 366.6 359.8 355.4 351 338.4 333.9 332.2 325.2 322.3 321.5 321.3 321.4 325.9 335.1 338.9 341.1 341.2 345.6 350.7 355 358.9 358.7 357 356.5 355.7 354.6 355 353.2 352.4 351.8 353.6 359.1 362.6 364.4 366.3 372.3 379.1 385.4 390.4 394.4 401 409.6 417.9 421.8 420.8 417.7 417.3 411.6 409.9 405.8 397.9 391.1
528.7 509 495.4 491.5 491 477.3 456.7 438.4 428.8 424.1 423 423 418.9 413.8 408.4 399.8 394.1 397 398.9 401.6 402.7 395.4 390.1 384.4 378.5 373.7 367.6 362.1 356.7 348.1 338.9 331.4 327.7 324.1 321.8 320.9 320.6 320.1 319.6 326.8 332.4 335.1 336.2 339.2 345 347.6 348.9 347.8 349 348.4 349.1 349.3 348.4 347.5 347.4 348.6 351.5 356.9 359.7 361.6 363.3 368.3 374 378.5 381.1 384.3 389 394.3 398.6 398.9 395.7 389.3 386.2 382.9 384.1 383.9 375.3 363.9
537.8 533.3 513.5 494.9 494.9 483.5 459.1 438.9 429.5 425.9 424.4 422 418.2 415.5 410.4 405.3 403.5 405.7 403.9 408.2 406.1 401.8 397.4 386.7 376 369.1 363.1 356.4 354 342.1 335.7 329.9 323.7 322.4 321.8 321.1 319.9 319.4 318.7 318.6 320.7 326.1 330.1 334.9 339.7 339.7 336.6 341.9 342.9 343.7 344 342.8 341.7 343.8 345.7 347.4 349.5 353.2 355.9 357.1 360.5 365.4 369 372.9 374.2 373.5 377.1 381.4 381.3 379 375.2 366.3 361.2 359 357.7 354.1 345.3 336.4
533.4 534.6 522.4 494.6 488 478.5 457.7 435.7 426.8 420.5 419 416.4 412.4 412.5 410.5 409.4 409.4 407.9 406.2 408.1 406.3 406.2 402 384.9 372.7 363.2 357 352.7 346.9 336.5 330.2 326.2 322.2 322 321.4 319.4 318.8 319.1 318.4 317.5 318.2 319.1 323.6 329.4 332.3 333 333.5 339 339.3 340.3 340.4 339.3 339.2 340.3 342.4 343 344.9 347.1 349.8 353.5 357.3 361.6 365.1 367.6 367.7 367.2 365.7 365.5 363.2 358.4 351.3 343.8 341.2 338.4 330.7 325.1 315.9 308.4
518.8 514.6 500.2 485.6 477.5 465.9 445.2 427.5 417.6 410.9 407.9 406 405.3 404.5 404.9 405.8 406.9 405.7 408.4 410.2 403.9 400.3 385.1 375.2 364.2 356.3 349.7 346.3 339.3 330.2 325.4 322.9 321.7 322.3 321.2 319.2 317.8 318.6 319.6 316.7 316.1 316.7 317.9 320.4 321.2 329.6 330.3 333.3 334.6 336.5 336.7 337.4 337 336.9 338.3 338.3 340.2 343.3 347.8 351.4 353.9 357 360 360.1 358.9 359.3 357.2 350.7 346.2 340.5 330.5 324.8 322.6 321.2 314.4 305.9 295 288.7
503.9 492.9 481.1 470.8 462.4 449.9 433.1 419.2 406.3 400.1 397.5 397 395.4 392.4 394.1 398.5 401.1 399.7 399.3 395.1 389.8 382 373.1 362.4 356.1 350.4 344.5 340 333.7 327.8 324.4 322 321.2 321.4 320.8 319 317.2 317.3 318.2 316.6 314.9 314.5 315.6 317.1 318.7 321.1 320.8 324.8 328 329.8 331.3 332 333.1 333.9 332.9 335.7 338.1 340.6 345.3 347.9 346.3 348.8 350 350.9 348.2 346.3 343.2 337.5 330.8 324.2 315.6 314.2 311.8 304.8 296.5 291.1 285.8 282.6
499.1 485.5 469.3 459 448.9 440.5 428.7 414.5 402 393 390.7 387.4 383.9 381.6 385.2 389.7 392.3 389.6 387.2 381.1 375.7 369.8 363.4 354.8 349.2 344.1 339 333.7 328.4 324.3 321.8 320.4 319.5 319.1 319.6 318.2 317.5 316.4 315.7 314.8 314.2 313.5 312.9 316 315.5 318.5 316.8 319.4 322.4 323.5 325.3 327.2 327.2 327.1 328.8 331.5 333.4 336 337.4 338.9 336.8 337.4 337.3 336.7 334.8 331.6 328.4 324 318 310.6 302.8 301.6 297 292 286.8 282.6 282.6 286.7
498.1 485.5 470 453.4 441.7 433.9 423 411.2 399.6 388.8 383.3 378.3 376 376.5 378.1 380 380.2 376.3 373.1 367.7 363.3 359.6 354 348.1 342.5 337.9 332.9 328.4 324.3 321.8 318.9 317.6 317 316.9 317.7 316.1 316.6 314.8 314.3 313.9 313.5 312.4 311.9 312.3 313.1 317.1 314.2 315.9 318.4 319.8 321.3 322.7 322.9 323.8 325.1 325 324.6 325.3 329.6 328.4 325.9 325.9 325.1 324.1 321.8 318 313.5 311.5 308 302.9 298.5 293.2 288.3 282.7 282.6 287 286.7 287.3
501.2 490 472.8 451.4 436.1 427 418 407.2 394.8 386.5 379.8 374.5 371 372.1 373.3 372.5 370.2 366.2 361.8 358.8 356 351.7 345.2 340.2 335.4 331.6 327.9 324.9 323.2 318.9 317.2 316.3 315.6 315.2 314.8 314.1 313.6 313.5 313.2 312.6 312.6 311.8 310.6 310.8 311.1 313.4 313.2 314.9 316 316.9 318 317.7 319.7 320.9 320.4 321.5 323.5 322.8 322.3 319.7 316.5 314.2 313.5 312.4 309.7 306.6 304 303 298.7 295.3 288.8 286.7 282.9 286.6 287.5 288.2 288.2 289.5
496.5 483.4 462.7 444 430.9 422 412.8 402.7 393.2 384.8 377.6 372 368.1 367 367.5 365.9 362.5 359 355 351.7 348.5 343.8 337.5 332.4 329.1 326.4 323.8 321.3 319.7 318.5 317.6 316.5 316.3 316.4 316.8 316.4 316.3 315.8 314.8 313.8 311.6 310.9 309.2 309.6 309.7 310.5 311.6 312.7 313.8 316.3 315.4 313.1 315.1 316.8 317.3 316 315.3 313.5 314.2 315 311.9 307.1 304.4 301.8 300.9 299.5 297.8 296.7 293.4 287.7 285.5 283.3 286.8 287.6 288.4 289.2 289.7 289.5
487.2 479.6 455.1 437.7 424.7 415.2 406.5 397.9 388 382.2 375.4 369.9 364.5 361.4 361.9 358.9 354.8 350.7 347.7 344.1 339.7 335.1 330.7 327.3 324.8 323.4 322.2 322.3 322.5 321.3 319.6 320.2 321.7 323.1 326 324.8 322.9 321.8 320.4 319.2 317.1 312.6 311.4 308.5 307.9 308.6 309.4 309.2 309.8 313.1 313.9 311.1 310.7 311.1 309.9 308.7 305.6 303.5 302.2 301.2 301.4 299.9 298.4 297.1 295.8 293.6 293 289.6 288 285.5 284.7 288.7 288.3 288.8 290.1 290.4 290.3 290
479.3 473.6 446.8 427.9 417.7 408.1 401.2 390.9 383.1 378.1 371.5 365.8 360.9 356.2 354.9 351.1 346.4 342.4 339.1 335.6 331.5 327.7 325.5 324.2 323.8 324.1 324.9 324.1 323.4 324.1 324.2 328.3 332.8 337.2 339.1 340.8 342.1 334.6 331.2 327.5 323.7 317 315 309.3 307.1 307.1 306.8 306.2 305.7 306.8 306.8 305.5 304.2 303.6 301.6 296.9 296.3 295.8 294.8 293.6 293.7 293.3 294 293.3 291.3 291.1 289.2 287.6 284.8 284.2 290.1 288.5 289.2 290.3 290.4 290.6 290.8 290.3
467.7 463.3 432.8 415.5 409 400.7 392.1 383.5 376.7 371.2 365 359.7 355.1 350.8 347.8 342.7 337.6 333.7 330.4 327.6 325.4 325 324.8 324.2 324.5 325.8 327 326.7 328.2 329.6 332.7 337.8 343.4 348.6 353.3 363.2 368.5 366.4 348.2 336.3 327.8 319.6 316.2 309.8 306.6 305.4 305.5 304.1 303.1 301.8 300.7 299.9 299.6 298.9 297.6 296.7 296.2 295.9 295.1 293.6 293 292.2 292.1 292 291 291.5 288.6 287.5 284.7 290.4 289.3 289.2 290.3 290.7 290.6 290.9 290.9 290.8
452.8 432.1 409.6 404.7 396.1 389 382 374.2 367.9 363 358.2 352 348.9 345 341 336.5 331.8 328.6 326.4 325.2 324.9 324.7 324.5 324.9 325.9 327.6 329.1 331.6 333.7 336.2 340.3 345.1 352.1 360.5 375.3 392.5 395 388.7 376.9 350.1 333.7 325.3 318.6 311.6 307.9 305.4 305.1 304 304.1 302.1 300.9 299.9 299 298.2 297.3 296.3 295.8 295.9 295.3 294.5 293.9 293 292.7 292.2 292 289.6 285.3 285.3 290.3 290.1 289.4 290.2 291 291.4 291.3 291.4 291 290.5
423.9 402.4 392.7 392.4 382.3 375.1 368.1 361.3 356.2 351.3 348 344.4 341.5 338.7 334.7 330.7 327.7 325.6 325.1 324.5 324.3 324.7 325.2 326.4 328.7 330.8 333.2 336 338.7 341.9 346.8 353 363.5 377.4 394 412.4 419.9 406.5 392.9 361.2 345.7 336.6 326 315.1 309.7 306.2 305.1 303.6 302.5 302 300.3 299.5 298.6 297.9 297.1 296.2 296.2 295.2 294.1 295.7 294.8 294.6 293.6 292 290.2 285.8 285.8 290.6 291.1 290.2 290.6 291.2 291.6 291.6 291.5 292.1 294.3 293.5
392.3 379 377.9 374.1 368.1 362.7 358.2 351.8 346.1 341.3 339.1 336.8 335 332.3 329 326.8 325.6 324.8 324.4 325.6 326.5 326.4 327.5 330.8 333.1 335.9 339.8 342.5 344.6 348.9 354.5 364 375.7 391.1 411.1 430.9 444.1 420.5 393.1 378.3 360.8 347.1 332.8 322.1 313.1 307.9 306.5 305.3 303.8 301.9 299.7 299.4 298.4 297.7 296.9 296.1 295.9 295.3 294.4 294.4 294 294.4 293.1 291.4 286.3 287.7 290 290.8 290.8 290.8 290.9 291 291.4 291.5 291.2 290.8 294.8 303.6
371.4 365.4 366.2 358.4 353.1 350.2 347.4 342.1 338.6 336.8 333.2 330.5 329.3 327.3 326 325.4 324.9 324.5 325.6 327.2 329.1 330.7 334.5 337.5 340.6 343.6 348.1 351 352.4 354.4 363.5 376.1 387.8 403.1 421.1 440.7 459.9 447.8 413.5 394.5 377.2 356.3 338.3 324.4 315.5 308.2 308 306.6 305.1 301.9 299.8 300 298.5 297.5 296.7 296.1 295.9 295.9 295.4 294.9 292 292.5 291.5 286.6 287.9 289.9 290.8 291.1 291.1 291.3 292 291.6 291.3 291.4 291.4 296.3 303 306.1
357.3 353.9 351.5 348.8 343.8 341.8 340 335.7 332.9 330.6 327.5 326.6 326.2 325.7 325.1 324.7 324.5 326.1 328.6 332.4 335.5 338.6 341.9 345.4 348.8 351.2 356.2 359.7 359.8 364.6 373.6 386.2 397.6 413.5 431.3 449.6 465.1 446 431.9 416.8 389 363.2 346.6 330.3 318.2 308.5 307.4 306.9 304.2 302.2 299.9 300.6 299.5 299 296.6 296.1 295.8 295.5 294.7 293.5 292.8 290.7 289.8 287 289.4 290 291.1 291.3 291.4 291.9 292.7 292.7 292.4 292.7 297.6 305.8 306.4 308.4
348.1 345 342.7 340.2 338.1 336.5 333.2 331 329.7 328.2 326.4 325.8 325 324.8 324.4 325.2 327.4 332.6 336.6 340.4 343.6 346.7 349.9 353.7 357 360.2 364.1 365.9 369.4 375.7 384.1 396.4 408.4 423.3 438.2 455.2 460.6 463.2 439 409.2 378.1 362.2 347.7 333.9 320.9 310.5 307.5 305.4 303.2 302.9 299.5 300.1 297.6 296.3 295.9 295.8 293 294.6 293.1 292 291.2 291.9 287.6 289.7 290.2 290.6 291.2 291.7 291.8 292.5 293.3 293.9 296.6 305.1 309.8 310.5 310 310.7
342.4 338.6 335.4 334.5 333.1 330.1 327.7 327.4 326.9 326.3 325.3 324.9 325.3 325.6 326.4 329.9 335.2 340.6 344.8 348.2 351.5 354.9 358.1 361.6 365.3 368.2 371.1 374.2 379 386.2 395 406.7 417.5 430.7 442.7 457.8 467.2 458.5 429.7 395.9 375.5 360.5 346.1 332.7 320.2 310.7 307.4 305.9 304.4 304.5 301.1 300 297.1 296.2 295.9 295.7 295 294.1 292.3 292.3 292 290.1 287.9 290.2 290.8 291.5 291.9 292.2 293.2 293.9 294.9 301.8 310.2 314.7 315.2 314.4 314.1 316.3
335.1 331.7 329.6 330 328.4 327.4 326.5 326.3 326.5 326.2 326.3 326.2 326.7 328.4 331.6 336.8 342.4 347 350.1 354.6 359 362.4 366 369.3 372.3 375.2 378.5 382.4 388.7 396.7 405.4 415.2 425.6 435.7 447.3 464.6 464.9 442.4 418.8 392.6 374.1 359.7 344.4 331.1 319.2 310.1 307.5 306.5 305 303.6 301.6 298.4 298.5 297.2 295.7 294.6 293.9 293.8 292.9 293.1 290.2 288 291.1 290.9 291.4 292 293 294.9 296.2 299.2 305.5 313.1 325.8 329.3 324.5 320.2 322.1 326
329.3 328.4 327.6 326.6 326.6 326.8 326.9 327.4 327.9 327.9 328.5 329.4 331.6 336 340 344.8 349.7 353.2 355.9 359.6 364.1 368.4 371.6 374.6 377.7 382.4 386.6 390.6 398.6 406.3 414.5 422.7 432.5 442.7 456.9 464.8 449.9 432.9 424.7 401.1 377.5 360.8 344 329.5 318.5 311.2 308.2 306.6 304.1 302.3 300.2 299.1 298.6 296.4 295.7 294.6 294.4 293.9 293.4 288.1 288.1 290.3 291.2 291.9 292.6 294.6 298.3 300 302.7 306.7 315.1 323.8 333.1 335.3 335 330.4 333.4 335.7
329.2 327.9 326.9 327.7 327.9 327.9 328.4 328.8 329.5 330.4 331.8 334.7 338.6 343.1 346.7 351 355.8 358.4 361 364.3 369.6 373.2 375.9 380 383 389.2 393.6 399.7 408.1 415.2 422.6 430.2 440.6 450.4 454.9 449.6 432.8 432.4 426.2 412.9 388.3 361.2 334.8 322.8 315.6 311.1 307.8 306.3 306 297.4 298.2 297.3 296.4 295.1 295.4 295.2 295 293.9 288.3 288.9 291.2 292.2 293.5 295.5 297.6 305.5 307.6 309.2 312.1 316.4 322.3 329.6 336.1 341.6 345.2 344.4 344.3 345.1
329.2 327.9 327 330 329 328.6 330.1 331 331.9 332.9 336 340.1 344.3 348.1 352.3 356.4 360 363.2 366.3 370.4 374.3 378 380.6 384.4 389.2 395.7 402 409.3 417.3 423.8 431.3 441.9 445.7 439 436 432.2 428.4 426.7 420.7 411.5 390.9 360.5 332.2 319.6 311.9 307.4 303.6 302.7 299.9 295.5 296.7 295.1 295.3 295.3 296 295.5 293.9 288.9 290.2 291.6 292.8 294.8 298.6 302 303.1 310.3 316.5 318.3 320.4 325.7 330 336.7 343.5 349.9 353.7 354.1 354.3 354.8
328.9 328 327.3 329.4 330 330.7 332.5 333.5 335.1 337.5 341.7 344.9 347.7 351.6 355.8 359.3 362.7 365.8 369 373.2 377.7 381.9 384.9 390.6 396.2 402.8 409.8 416.3 423.8 432 440.3 446.8 434.5 426.7 422.4 421.9 422.6 419.9 414 397.6 366.3 342.2 325.9 314.7 306.8 303.6 300.4 297.2 297.2 295.2 295.1 295.8 296.3 296 295.9 289.7 289.2 291.2 292.5 293.9 295.8 299.6 304.4 308.2 309.5 317.1 322.5 326.3 328.2 332.1 338.1 345.6 353.3 359.1 361.8 364.5 363.8 363.3
327.8 327.7 329.2 330.3 330.8 332.7 334.9 336.4 339.4 342.5 345.9 348.8 351.4 353.9 357.5 361.2 364.7 367.8 371.7 376.2 380.6 385.4 388.9 394.2 402.2 408.7 415.5 421.4 429 438.1 441.5 431.1 420.5 412.3 410.8 411.3 410.4 404.1 390.1 369.4 350 332.1 320.2 309.1 303.8 299.2 296.6 296.1 296.1 296.1 296.3 296.3 295.8 294.7 290.2 291.5 293.2 294.4 296.4 298.6 300.7 305.7 310.9 313.6 317.6 322.2 327.7 332.6 336.4 341.8 347.6 356.6 365.5 374.6 379.7 383.2 382.9 383.8
