data/320000-770000.asc
ncols 200
nrows 200
xllcorner 320000
yllcorner 770000
cellsize 50
[rows 140 to 174 of 200, columns 0 to 77 of 200]
607.1 611.7 621.3 633.7 650.1 668.5 685.1 699.1 712.8 724.3 732.2 731.3 721.2 706 688.2 678.8 671.1 663.5 655.4 646.6 657.6 665.2 668.9 667.7 659.5 644 622.9 601.5 588.7 576.8 571.4 581.6 595.4 610.7 625.9 640.7 648.6 644.1 636.8 631.8 629.6 632.2 635.4 640.7 643.1 653.5 655.8 667.6 688.8 706.7 722.9 739.5 756.2 770.9 778.6 783.1 786 791.3 798.1 800.4 805.7 810.1 811.8 815.2 817.2 820.2 824.2 825.3 812.3 765.8 727.3 700.1 677.3 661.3 648.1 639.1 633.6 631.1
598.7 609.8 619.6 634.1 650.5 670.2 686.2 700.3 714.2 724.6 727.3 722.3 712.3 695.3 682.2 672.3 664.1 655.7 644.4 644.5 654.9 661.3 665.7 663.8 653.7 637.9 615.4 595.2 583.5 572.4 568.5 582.5 594.8 608.7 622.6 634 634.2 625.9 619 616.3 621.1 626.8 630.3 635.1 641.2 652 665.1 684.6 701.6 718.6 734 750.8 766.9 778.3 786.1 789.6 794.4 799.1 805.1 805.9 808.8 808.9 809.6 810.1 809.6 814.7 818.9 818.6 814.2 791.1 753.2 720.8 690.4 670.7 659.8 647.8 637.8 627.8
601.5 608.5 618.6 635.4 652.6 670.2 686.4 701.1 712.9 719.5 719.8 711.2 698.1 683.6 674.8 665.3 655.7 647.4 636.5 642 650.8 657.8 662.2 658.2 648.2 629 607.8 589.1 577.5 569.1 562.7 578.8 589.8 604.7 618.5 622.6 614.7 605.1 611.2 622.5 636 646.4 650.6 653.6 660.8 670.5 680.6 696.6 714.8 730.5 746.3 762 775.2 785.6 793 793.2 798.6 803.1 806.4 805.6 806.3 805 802.5 801.7 802.2 807 811.4 811.2 808.4 802.9 779.9 746 714.9 679.3 670.2 658.7 645.1 631.3
600 608 619.3 635.1 653 669.8 685.7 699.9 708.1 714.9 710.6 699.5 684.5 673 664.2 656 646.6 638.2 626.2 639.2 648.6 656.3 659.6 655.2 641.8 619.4 601.2 583.6 570.7 563.9 559.8 573.2 584 598.7 609.4 605.4 595.2 601.9 617.4 637.6 655.6 667.5 676 677.3 682.6 692.5 699.2 712.5 726.7 742.8 759 771.6 783 791.1 797.5 796.5 799.5 803 804.8 803.2 800.3 796.7 792.8 791 792.7 798.5 802.4 804.2 802.9 801.6 795.6 772.8 742.8 693.8 683.8 672.5 656.5 642.2
598.5 608 619.9 634.1 651.2 668.8 684.4 695.9 704.4 706 697.5 685 672.5 660.6 652.6 644.7 637.3 628.1 625.4 638.4 648.6 656.1 657.8 650.7 633.7 611.4 595.2 578.5 566.2 559.6 552.8 563.4 577.1 589.5 597.5 588.1 594.1 609.2 627.8 651.2 671.7 686.9 696.6 701.2 704.3 714 722.1 729.5 741.1 755 768.9 779.5 788.5 795.3 799.5 799.5 798.9 799.8 800.1 797.2 790.8 784.6 780 779.4 781.7 787.9 794 796.7 799.4 800.8 801.4 793.5 769 720.3 698.7 683 666.9 652.7
597.9 607 620.3 634.4 652 669 683.5 695.2 701.9 697.3 686.1 672.5 658.5 647 640.3 633.3 626.2 617.8 625.7 637.9 649 656.8 658.3 645.7 626.9 603.7 587 573.8 562.5 554.1 546.9 553.5 566.2 577.1 579.7 580.2 600 619.9 641.7 665 686.1 703.2 714.8 723.7 728.4 734.5 741.1 745.3 756.5 767.1 777 785.4 792 797 800.6 800.2 796.2 795.7 793 788.3 781.1 771.8 766.1 766.4 771 776.3 784.2 790.6 795.5 801.2 804.1 800.7 782 744.8 719.1 696.2 675.5 658.6
597.9 608.7 621.2 636.1 655.4 669.6 682.7 692.7 696.2 686.4 671.5 657.8 644.5 634.7 629.1 623.5 617.4 603 624.8 638.2 648.3 656.8 655.8 640.5 618.9 596.4 580.2 566.5 556.1 547.8 543 547.7 554.7 560.2 572.8 588.4 609.1 631.6 654.5 677.7 697.7 715.3 729.8 740.2 747.3 753.7 758.8 762.7 767.8 774.8 782.3 788.1 791.7 797.6 800.8 798.9 794.2 788.8 784.6 777 769.1 760.4 756 755.3 760 767.1 775.9 784.1 792.9 800.3 804.9 805.1 793.7 759.8 732.4 712.1 688 666.7
598.9 610 623.4 639.6 656.8 670.3 683 690.5 685.4 672 657.2 644.2 629.8 622.1 616.9 612.6 606.6 605.4 623.4 638.3 650.2 657.7 651.6 634.4 612.7 587.2 574 559.8 549 541.3 540.3 546.3 553.2 561.1 581.1 600 619.2 643.4 665.9 689.2 707.6 725.5 741.8 754.6 763.3 767.7 769.8 772.4 774.8 779.1 784.3 789.7 794.4 797.9 797.9 795.9 790.6 782.2 770.7 761.6 750.8 748.1 746.6 745.3 750 758.6 767.7 778.4 789 798 803.8 806.8 796.2 765.2 742.9 723.5 701.1 679.6
600.7 613.5 627 643 658.9 672.8 682.6 685 678.2 660.7 647 633 618.2 611.1 605.8 601 585 604.3 623 637.6 650.4 656.9 646.6 628.2 602.9 577.7 565.5 552.1 543.2 536.1 541.3 548.6 559.6 574.8 594.8 616.3 637.3 657.3 678.6 700 719.6 736.3 753.1 765.7 772.8 776 777 777.3 778 781 786.6 792.6 797.9 801 800.9 797.2 788.9 773.1 754 740.1 732.9 731.6 733.1 734.4 741.1 751.1 762 773.8 785.2 794.9 802.6 806.8 791.5 763.9 746.4 726.8 706.9 688.7
603.8 617.4 631.3 648.5 664.8 677.7 686.4 687.1 672.4 652.3 637.7 621.8 609.1 599.9 594.8 587.2 584.2 603.8 622.7 636.8 649.4 654.7 639.6 618.3 589.8 571.1 557 542 537 533.8 541.5 554.9 569.4 589.7 613.6 635.4 656.7 676.5 695.4 712.7 730.1 746.7 760.7 770.3 776.4 777.7 777.3 776.8 778.8 783.9 789.4 795.7 801.1 805.7 806 798.8 788.5 769 746 728.3 720.9 718.4 719.4 723 730.8 741.5 755 767.5 780.2 792.1 801.4 808.1 786.8 760.2 743 726.6 708.3 694.1
608.7 622.7 639 655.3 670.8 682.3 689.6 685 665.7 646.3 629.7 613.6 600.7 589.4 581.5 569.5 584.6 602.9 619.6 634.9 647.2 648.2 630.7 601.6 575.5 562 546.1 535.4 531.2 534.8 550 564.3 584.1 607.4 631.9 654 673.8 692.2 709.1 725.1 740.5 753.9 763.8 770.7 773.6 774.7 773.7 775.3 780.7 787 793.5 799.3 805.7 811.1 811.2 803.8 788.5 766.3 738.4 721 711.6 708.5 708.6 713.7 721.2 732.8 746.6 761.2 774.5 788.3 799.4 803.8 778 753.8 738.3 722.1 704.5 691.9
615.9 629.9 645.1 661.3 677.2 687 691.7 681.2 658.7 641.2 625 605.1 589.9 577.1 567.1 565.1 583.7 600.2 614.7 629.7 639.3 636 611.4 582.8 565 550.6 535.5 529.7 529.2 544.3 559.3 575.3 599.2 623.3 646.4 669.6 688.2 704.2 719.4 734.1 746.1 755.1 760.9 765.3 767.1 768.1 768.2 776.3 782.9 790.2 797.7 803.6 810.6 815.6 815.2 806.7 789.9 759.1 731.1 718.1 705.5 699.7 698.8 704.2 711.3 724.5 739.1 754 768.9 784.8 795.8 795.5 768.6 750.4 733.4 715.3 697.3 684.2
622.4 636.9 652.9 669.4 681.9 690 689.4 676.1 653.3 637 619.2 597.8 580.2 567.1 552.2 562.9 581 594.5 606.5 616.6 622.5 611.9 589.4 565.7 552.3 537.3 526.3 525.4 539 553 567.9 586.9 612 636.8 658.7 681.7 698.1 713 726.6 737.8 747 752.7 755.8 758.1 759.8 759 765.4 776.6 785.3 793.2 801.8 808.5 815.1 820.3 817.3 808.8 787.5 751.8 729.8 712.4 698.1 691.4 688.9 694.4 703.7 719.1 734.3 749.1 764 780.7 789.4 783.9 759.3 745.5 726.7 708.3 690.7 674
628.6 644.3 661.2 677 686 692.1 688.5 674.2 650.1 631.3 613.6 591.1 572 556.5 541.6 556.9 571 583.2 593.5 598.7 597.2 582.3 567.4 553.7 536.3 528.5 521.5 532.1 546 560.8 578 599.1 622.9 648.2 672.9 688.7 705.1 717.4 729.4 738.2 744.3 747.6 749.3 749.9 748.1 754.6 766.4 777.7 787.4 796.7 805.3 813 820 823.3 819.6 810.7 779.9 748.3 728.8 704.4 690.1 683.7 679.9 683.4 694.1 711.8 729.4 743.6 758.5 775.3 783 767.9 751.7 737.9 719.7 701.2 681.8 663.4
635.8 652.1 667.4 678.8 686.7 690.5 685.8 670.9 647.2 629.6 610 586.3 565 547.2 535.8 550.2 563.1 573.9 583.2 586 575.1 562.1 551.4 538 524.7 519.3 522.4 539 553.3 569 586.2 606.3 628.7 652.9 677.5 693 707.4 718.3 728.2 734.6 737.7 740.5 741.2 737.4 741.8 755.9 767.5 778.8 789.7 799.7 809.2 816.9 822.7 825.6 822.2 812.8 779.2 749.3 724.3 702.3 688 678.6 673.5 675.7 682.3 698.3 718.5 736.1 753.1 766.8 765.2 750.4 742.1 729.2 712.2 692.8 672.5 651.9
639.8 656.5 667 676.6 683.9 688 681.9 668.9 647 628.9 609.5 584.6 560.3 541 531.5 544.1 556.4 565.5 571.6 566.1 557.1 549.8 537.1 521.2 516.6 518.5 532.5 546.6 560.9 577 593.4 611.6 633.6 658.7 678.1 693.3 706.1 715.5 722.5 726.9 730 732.5 730.6 729.7 744.1 757.2 768.7 780.3 791.8 801.9 811.8 820.1 825.3 827.7 824.7 815.2 782.2 752.5 725.5 700 685.4 673.8 667.4 663.8 666.3 675.7 693.8 713.1 727.2 725 728 733.5 730.4 719.6 704.1 684.3 661.1 642.3
639.4 656.2 664.9 671.2 678.2 681.2 679.4 667 649.9 630.3 609.4 583.8 557.7 536.3 523.1 535.1 546.1 554.3 554 550.2 542.1 533.8 519.8 510.8 512.1 525.5 539.9 553.8 567.2 582.9 600 617.6 638.8 661.1 677.3 690.9 701.5 709.3 715.3 718.9 721.3 722 717.2 732.9 744.7 758 770.7 782.4 793.4 803.6 813.9 822.8 827.1 828 824.4 815.5 790.2 760.3 733.1 699 683.8 667 657.7 652.9 651.8 654 666.8 672.3 670.2 684.9 697.3 712.4 715.2 706.6 689.3 670.6 650.9 630.7
636.3 649.3 657.2 664.8 671.9 675.5 674.1 663.9 650.4 631.9 609.7 582.3 555.1 529.8 514.9 526.2 533.7 538.8 534.7 529.3 524.8 516.8 510.4 509.3 517.6 532.8 547.2 560 573.2 590.4 606.4 622.8 642 661.7 675.4 685.9 694.5 701 705.9 709.1 709.2 708 723.1 735.6 747.4 760.1 772.6 783.9 794.9 805.5 815.8 823.7 826.6 826.9 822.9 814.5 802.2 769.9 739.4 702 682.2 663.7 651.3 639.7 634.1 637.8 638 633.4 645.9 659.5 672.6 686.3 693.2 682.6 668.3 653.5 639.7 621.2
631.2 638.7 646.7 655.6 663.2 668.3 667.3 659.9 648.3 630.2 602.1 572.7 545.3 523 508.2 517.3 519 520.8 518.8 514.5 506.8 502.8 506.9 515.6 524.5 540.8 553.3 566.8 580.4 597.5 614.2 630.4 647.9 663.1 673.8 682.9 689.1 694 698.5 697.1 704.9 717 729.1 740.5 751.2 763.3 774.5 785.6 796.2 805.2 814.4 820.7 823.3 823 819.8 813.8 804.9 785.6 758.3 710.8 689 663.4 647.9 636.3 616.6 615.6 615.5 620.1 629.7 640.1 649.7 655.1 653.8 652.2 638.8 632.3 623.1 611.9
623.3 628 636.3 645.1 653.7 656.6 655.8 650.5 640.2 619 585.5 557.2 533.1 514.2 504.3 507.7 508.6 508.4 506.5 500.7 499.3 506.5 513.8 520.7 534.8 547.5 557.8 575.5 590.7 608.7 623.8 637.9 652.7 664 672.7 678.7 682.6 686.7 687.5 699.4 711.7 722.8 733.6 744.4 755 765.6 775.8 784.4 794.2 802.2 809.4 815.2 817.5 817.5 815.5 811.5 806.6 797.3 762.6 734.6 698.5 668.6 644.1 625.2 611.4 602.9 603.2 607.9 614.2 621.6 624.8 621.6 620 617.9 608.1 611.6 601.3 594.6
611.9 618.2 627.4 636.6 643.2 643.8 642.2 633 620.1 591.1 561.2 539 520.8 506.5 496.5 496.5 496.3 494.3 494.9 495.9 505 513.8 523.5 534.1 547.5 560.6 573.9 586.3 604.9 619.7 630.7 644.1 655.4 663.8 669.5 673.2 675.6 684.5 695.1 706.1 717.5 728.5 739.3 749.1 758 766.6 774.4 781.9 789.4 796.5 803 807.3 809.9 810.1 809.6 807.3 803.8 797.5 789.1 753.4 698 668.9 648.6 627.3 610.2 593 592.2 592.8 597.8 604.4 609.9 597.4 592.9 580.5 578.3 577.7 580.9 585.1
602.4 611.5 620.5 627.7 628.1 627.9 622.1 604.9 583.4 558 541.6 523.8 510.1 499 492.4 490.5 490 490.3 493.4 504.3 512 523.1 537.4 551.5 564.3 576.3 589 602.8 616.6 628.3 639.3 648.5 656.4 661.6 663 671.6 680.6 690.4 699.3 710.9 722.6 733.4 743.4 751.4 757.4 763.2 769.5 774.8 779.8 786.9 793.4 797.8 799.7 800 800.9 801 799.8 797.8 790.5 777.6 715.2 682.2 672 629.4 606.2 586.1 585.6 581.9 581 578.7 572.2 572.3 565.9 561.5 558.6 562.8 568.7 574.7
598 608.6 616 616.2 612.8 604.9 588.9 574.3 551.7 538.3 524.2 512.8 500.9 489.3 485.7 486 487.1 494.2 504.1 514.5 525.7 542.1 558.5 570.9 583.6 595.2 605.5 616.3 625.2 632.9 644.8 650.1 654.1 656.6 663.8 673 680.9 690.3 701.2 713.5 724.7 734.9 743.8 750.3 754.5 756.6 758.7 763.5 766.6 773.8 780.7 785.2 788.4 790.3 792.2 794.1 794.9 794.6 789.3 781.1 733.6 704 675.2 644.6 592.3 581.5 579.4 574.6 564.7 558.7 555.8 553.3 553.2 549.8 548.7 552.1 557.3 564.9
595.3 606.8 611.3 603.2 595.2 576.5 558 544 534 522.7 510.6 500.3 488.5 482.7 482.7 484.5 494.2 504.5 517.9 530.7 546.4 563.2 579 592 604.1 614.8 624 628.3 634.9 641 646.7 649 650.3 655.6 664 673.3 681 690.2 700.6 711.9 722.7 732.4 739.6 745 746.6 746.5 743.9 748.8 753.9 761.6 768.4 774 777.1 782.5 783.5 786.7 789.1 788.7 785.2 778.8 760.6 739.6 685.1 641.9 592.3 580.7 574.8 566.2 555.2 547.2 543.5 541.1 540.1 541.2 541.5 544.7 545.4 551.9
593 602.5 605 595.5 577.6 555.2 536.4 526.7 522.8 509 498.7 488.2 480.3 479.7 483.6 492.2 503 516.9 535.7 553.7 569.1 582.9 598.1 612.3 626.4 633.9 638.4 641.4 644.6 648.1 649.5 646.6 648.1 654.5 663.3 672.3 679.7 687.4 697.9 709 718.3 726 731.6 736 737.3 732.3 733.1 737.5 743.8 751.1 757.1 763.2 770.8 774 776.8 780.8 782.3 782.2 781.2 779.1 772.6 763.2 715.7 630.2 594.5 579.8 572.7 562.9 552.2 542.6 537 534.7 533.9 533.4 533.6 535 537.3 540.9
590.6 597.4 593.4 579 557.6 535.9 523.9 516 503.6 493.7 486.9 475.7 478 483.2 490.4 500.3 514.8 535.7 555.8 575.3 590.2 602.4 616.5 631.1 641.7 647.7 650.8 651.7 650.3 650.2 647.2 642.3 644.4 655.2 662.4 669.4 675.5 682.8 693 702 707.9 715.4 721.9 724.8 723.4 719.1 720.5 727.5 736.4 742.5 749 758.3 767 770.8 773.3 775.3 776.2 777 777.9 777.2 773.4 764.5 723.2 646.8 602.1 584.9 572.9 564.1 555.6 545.4 534.5 530.9 530.5 529.5 527.5 529.9 531 532.4
585.8 588.2 575.7 557.5 539.8 523.5 513.2 501.6 492.9 484.9 478 475.1 479 487.3 497 511.4 531.2 555.2 575.9 594.7 611.2 623.2 636.7 647.4 654.2 658.2 659.9 658 654.1 649.3 643.3 635.9 642.1 651.2 657.1 662.2 669.3 676.7 685 692.4 697.9 702.5 707.6 709.7 707.3 704.6 708.4 719.4 728.2 735.6 746 757.9 764.6 769.2 771.8 772.8 772.5 772.3 773.5 773.9 771.9 766.3 735.6 655.3 617 595.7 582.1 572.9 561.9 547.5 534.7 528.4 527.5 526.1 523.3 524.5 524.8 525.4
576.4 571.2 557.8 540.1 524.2 514.5 502.7 492.3 483.5 477.9 471.8 473.8 480.2 492.5 505.4 526.3 550.4 573.9 593.3 611.9 627 638.4 650.4 658.5 662.3 664.7 665.1 660.9 654.5 646.8 638.3 627.9 636.5 643.8 649.2 653.9 659.3 666.5 672.9 677.7 680.4 683.9 689.3 692.2 691.8 692.4 701.3 713.8 726.1 736.3 750.2 758.9 765.6 769.5 770.3 768.5 767 766.1 767.9 768.1 767.5 762.6 729.8 675.7 641.3 615.7 603.3 588 571.7 553.2 540.6 531.2 525.8 524.6 519.6 518.8 520 521.3
564.5 562 547.8 528.2 517.1 508 496.2 484.6 477 472.3 470.7 472.7 486.5 499.6 516.9 541.7 567.9 589.8 605.1 623.8 635.4 646.7 655.7 659.5 662.9 663 664.1 659.8 651.8 642 630.5 619.1 628.2 633.4 634 637.7 643.9 651.4 657.7 662.1 665.8 669.5 673.4 675.3 672.4 691.4 706.4 720.3 730.9 739.6 751.8 761.9 768.4 771.9 770.2 767.5 763.1 760.3 760.7 761 759.9 754.7 734.3 701.5 669 644.8 627.8 607.5 583.9 566.8 550.2 538.7 530.4 527.2 522.5 517.7 515.7 517.5
555.5 548 533.8 521.2 511.2 501.6 488.8 478.9 471.9 468.3 469.5 480.7 493.3 508.3 527.2 554.7 580.1 598.3 611.7 628.8 637.1 645.7 650.1 653 655 656.7 655.2 652 645.3 637 623.3 609.9 618.1 620.1 619.8 623.1 629.2 637.3 643.8 648.3 651.5 655.4 656.6 659.4 679.9 696.9 710.5 724.2 733.3 743.8 756.8 765.9 772.3 775.3 772.7 767.8 759.6 754.4 753.5 752.5 751 747.8 741.8 726.4 701.7 676.6 652.1 628.3 604.4 585.7 568.2 552.6 541.5 533.3 525 519.4 515.5 511.7
542 535 527.3 515.4 505.3 495.5 483 474.3 466 466.4 474.8 486.1 500.1 514.3 536.5 563.1 585.5 600.3 617 625.5 633.3 637.2 637.7 639.5 642.7 645 644.1 642.3 636.2 630.8 617.6 605.9 604.1 602.4 605.6 610 614.9 621.5 627.1 633.6 638.1 646 656.5 671.2 687.1 699.5 716.8 728.4 737.3 749.9 762 770.6 778.1 779.8 775.7 768.8 760 750.7 746 745.5 743.5 740.7 737.7 732.5 723 700.3 672.1 648.9 625.5 607.3 589 571.7 555.6 542.4 532.4 520.1 514.5 508.8
534 528.6 519.8 509.4 499.7 491.2 478 467.4 463.9 468.2 478.4 490.6 505.8 521.5 541.4 567 584 599 612.9 618.8 623.3 621.1 621.7 624.1 626.5 627.9 630.7 630.9 627.6 622.1 611.2 600.2 596.4 606.1 616.9 625.6 633.8 638.6 641.8 646.8 654.1 661.6 672.5 682.4 694.4 709.7 725.3 734.4 743.5 754.9 766.1 776.3 782.3 782.6 776.9 768.1 757.9 746 740.4 736.9 733.9 732.1 731.5 728.4 724 711.9 690.2 668.2 645.5 630 613.7 595 575.5 557.4 538.7 524 514.4 508.8
527.3 521.4 513.9 503.1 492.5 483.8 471.7 463.3 464.2 473.3 483.3 495.5 510.9 526.8 546.2 566.4 579.9 590.5 600.3 602.9 602.7 603.3 606.4 606.9 610.2 613.1 615.9 616.5 616.1 611.4 602.4 592.7 599.3 613.5 623.7 635.9 647.1 655.3 661.4 667.4 672.8 679.9 688.4 696.2 704.4 719.6 730.7 739.4 748.9 758 770.4 781.7 785.1 783 773.9 764.5 750.7 739.9 732.7 726 723.1 722 723.3 723.1 720.4 712.9 701.5 683.4 661.5 649.6 639.1 621.8 600.5 578 549.7 528.7 516.8 510.8
519.8 516.1 508.8 496.8 486.5 478.5 465.4 460.2 468.6 477.4 487.9 499.8 514 529.7 547.3 560.9 571.3 579 583.5 585.7 588 590.6 592.9 594.8 598.1 601.6 605.5 607.2 606.5 600.5 589.9 595.6 608.8 621.3 631.4 644.3 657.1 669.7 678.1 684.2 691.5 698.5 705.5 712.1 718.3 729.3 737.1 742.6 752.4 763.1 776.9 784.6 782.3 774.9 765.9 754.5 743.6 732.3 723.4 716.5 711.4 710.8 714.8 717.2 717.4 711.8 704.9 693.5 679.8 668.9 665.5 647.8 626.9 597.8 566.2 539 521.7 514.7
513.1 508.9 501 487.4 479.5 472.9 459.7 458.5 470 479 489.8 503 516 531.6 546.3 556.5 564.1 569.1 571.5 574.5 577.3 579.1 580.6 583.2 586.9 591.3 595.4 597.8 596.6 586.4 591.8 605.2 618.1 629.1 640.7 653.1 666.9 680.6 690.5 699.1 707.2 714.8 722 727.8 730.2 735.4 739.5 746.4 756.3 766.2 777.1 779.8 773.4 762.2 753 744.8 733.9 722.1 714.3 706.6 700.4 701 707.1 710.8 712.2 711.5 707.5 699.5 690.8 685.6 681.3 670.7 651.3 621 585.8 553 531.6 519.3
