data/320000-610000.asc
ncols 200
nrows 200
xllcorner 320000
yllcorner 610000
cellsize 50
[rows 35 to 69 of 200, columns 78 to 155 of 200]
361.5 359.2 340.1 362.4 381.5 398.1 408 415.5 418 420.5 423.6 430.4 439.6 446.9 446.7 435.5 424.7 415.1 403.8 390 373.9 367.1 358.2 344.1 355.8 366.6 381.2 398.4 420.1 439.8 458.1 473.4 485.2 498.7 512 524.5 534.2 541.7 549.7 552.8 545.1 538.8 535.4 528.6 522.1 512.2 499.5 474.7 459.6 460.6 468.3 486.5 510.4 528.5 543 544.9 543.7 535.5 528 519.8 509.2 496.5 489.3 484.8 481.8 478.5 474.6 471.1 466 462.9 459.4 453.4 444.5 435.6 427.3 418.6 413.1 409
372.9 368.3 345.8 364.3 379.4 392.8 405.6 413.6 418.4 422 430.1 439.9 448.9 456.6 449.7 437.1 427 415.4 403.1 387.1 377.2 368.8 361.6 345.9 353.8 366.2 378 400.3 420.7 440.7 459.1 474.7 487.7 503.3 515.6 526.1 534 538.6 544.2 545.5 539.8 534.9 530.6 524.3 518.7 512.5 502.6 481.3 464.6 467.8 475.3 499.2 520.6 539.2 546.7 545.5 540.5 535.5 528.3 518.7 505.3 492.5 483.6 471.3 467.6 466.3 466.5 463.8 462.4 463.3 458.8 453.1 443 437.8 430 420.4 412.2 408.5
380.8 376.2 353.7 367.3 385.1 399.2 409.7 416.4 420.1 427.6 437.7 449 456.7 457 449.9 439.9 430.9 414.1 397.9 383.6 375 368.8 361.6 351.9 368.3 380.9 390.1 401 419.6 439 456 471 487.1 502.7 517.1 526.6 531.1 532.8 535.6 534.2 532.5 530.8 525.5 519.3 512.7 506.6 498.4 485.2 472.4 476 481 505.7 527.4 540.7 548 546.3 541.6 533.3 525.9 514.6 504.2 494 481.2 468.7 454.7 452.4 454.1 455.9 456.9 457.5 454.1 447.5 442.2 440.2 431.1 420.9 413.7 408.8
387.1 380.4 364.1 368.8 389.6 405.9 411.6 419.3 424.4 435.5 446.8 457 460.6 456.4 452.2 443.2 426.5 407.9 392.1 380.7 373.2 367 357.7 360.8 378 393.2 406.8 408.3 411.4 429 447 463.2 481.3 498.8 514.2 522 526 527.6 529.2 526 525.4 524.1 518.1 512.1 505.1 497.7 491.8 482.1 480.6 483.1 488.9 508.2 525.4 538 545.1 543.5 538.2 530.6 523.2 515.8 504.9 491.8 476.2 461.7 450.7 441 441.6 446.2 447.3 446.8 446.2 444.1 438.3 435.4 429.8 422.4 417 412.8
391.9 383.2 367.1 372.1 391.6 407 414.1 419.6 429.9 441.9 454 461.8 461.7 458.1 453.4 439.1 419.9 402.1 388.2 377.7 371.2 364.3 354.4 368.4 387.2 404.6 418 432.1 438.6 439.5 439.2 452.6 473 492.6 506.8 515.1 518.3 520.6 519.7 519.7 518.5 517.1 512.1 501.1 497.7 494.5 490.5 486.4 485.8 487.5 491.5 504.8 517.2 529.6 537.3 538.6 533.8 529.8 522.2 513.4 503.2 491.6 477.9 462.4 447.7 438.3 432.9 432.8 435 436.7 438.2 436.1 432.5 432.5 430.8 432.2 426.7 421.6
395.2 386.2 372.8 368.5 390.2 403.4 409 419.8 432.8 446 458.4 463.9 461.3 459.5 450 435.6 415.4 396.5 384.5 375.2 369.2 359.8 360.3 376 395.7 413.8 429.6 446.5 458.4 462.8 463.8 462.3 466.1 486.3 500.2 507.9 509.9 512.7 515.1 516.2 514.6 512.2 506.5 498.5 498.4 500 502 501.9 499.7 500.6 495.8 498.4 506.6 516.1 524.5 529 529.3 527.1 521.5 515.8 507.7 496.6 483.6 468.1 450.4 439.1 429.1 423 422.3 423.6 425.7 427.2 426.2 429.4 434.1 434.8 429.1 430.4
400.1 391.5 385.6 370.8 379.8 393 403 419.1 433.6 448.7 460.4 462.2 462.1 457.4 447.8 429.7 408.1 391.2 379.5 373 366.1 357 371.6 385 403.6 421.9 441 456.3 469.1 479.6 482 482.3 478.5 485.8 496.1 501.8 503.4 509.8 513.5 514.8 515.3 513.9 511.1 508.7 509.7 516.5 518.9 520.5 519.8 509.9 496.5 494.3 497 501.1 508.4 514.8 519.9 522.4 521.1 518.6 511.5 501.8 490.1 476.2 458.2 443.5 429.1 418.4 412.4 412.3 413.5 415 416.7 423.1 430 433 433.4 436.9
405 395.9 390 380.8 376.3 392.2 406 421.9 437.4 453.1 460.4 462 460.8 453.2 442.5 419.1 400.3 384.4 376.4 370 361.2 364.5 378.1 392.9 410.3 427.9 446.9 464.7 477.7 486.5 493.4 500.3 502.5 497.1 495.7 500.6 502.5 507.7 511.2 514.5 517.9 518.4 519.9 524.1 524.6 530.1 535.2 540.8 535.3 515 497.2 490.6 488.1 488.7 491.9 498.3 503.7 511.2 515 516.3 512.9 505.3 495.8 482.6 466.6 450.6 432.2 418.8 410.3 402.4 402 403 406.3 411.9 420.5 425.5 431.6 431.8
410.5 400.5 392.6 380.5 382.2 398.7 415.4 430.4 445.1 456 460.3 460.5 457.5 451.1 434 411.2 393.9 380.1 373.5 366 359.6 372.8 385 403.3 419.5 436.7 453.3 470 483.1 492.3 501.9 510.6 516.4 514.2 511.4 505.3 503.3 505.5 508.5 515 521.1 524.3 530.4 535.1 537.7 543.7 551.7 551.8 544.9 521.9 500.6 489.3 481 477.4 477.4 480.8 486.7 494.6 504.3 511.8 513.7 510.1 501.5 488.2 471.2 454.9 437.2 423.7 410 401.7 391.6 396.5 397.5 400.7 408.5 415.2 424.1 422.5
413.1 403.4 393.2 377.3 390.9 408.1 427.8 440.6 451.4 457.3 461.3 458.5 456.5 446.5 424.9 402.4 387.5 376.5 370 360.9 367.7 380.9 393.7 413.2 429.9 446.7 463.2 475.3 488.1 500 509.8 517 520 520.5 516 509.1 505.2 506.6 510.1 518.1 525.4 532.2 539.6 545.2 548.4 555.5 560.5 558.3 549.9 529.3 508 490.2 479.5 471.3 466.8 466.8 470.7 478.2 489.8 500.9 509.6 508.7 502.2 491.3 476.2 461 444.5 427.3 410.8 400.6 395.1 382.2 390.9 392.8 396.9 405.2 412 413.6
414.5 403.8 394.7 380.3 399.7 417.2 439.1 451.2 455.5 462.9 461.8 457.1 451.2 436.4 413.9 394.6 382.6 374.3 367.8 362.6 375.3 388.2 405.6 423.7 443 459.1 472.8 482.6 493.9 506.3 515.6 520.2 522.1 521.6 516.8 510.4 507.8 510.9 515.4 524 531.9 540.5 548 555.6 564.1 567.5 567.2 561.2 553.5 541.3 521.5 499.7 483.1 469.4 462.3 456.7 455.6 461.2 473.1 488.2 501.1 508.1 503.3 493.3 479.6 465 447.3 428.4 412.2 400.2 393.9 388.9 378.4 386.4 389.4 394 400.6 405.4
415.3 404.1 394.9 390.9 409.3 432.1 450.8 455.7 458.1 466.2 461.4 455.8 446.6 429.9 406.9 388.8 380 371.4 365.5 370.5 380.8 397.9 416 435.7 454.9 471.2 483.5 492.2 503.5 510.8 518.5 521.5 522.7 522.4 517.2 513.9 514 517.1 523.1 531.1 540.8 548.9 558.1 567.6 571.7 573.1 569.9 563.8 555.7 544.5 528.7 505.4 488.7 469.5 460.9 454.6 451.8 450 454.4 473.6 487.7 497.5 498.8 491 479.7 466.6 451.1 432.5 417.9 403.3 394.4 388.8 384.5 372.5 381.7 384 391.3 397.7
415.1 404.5 392.9 401.9 424.4 446.1 459.3 461.1 462.5 466.8 461.4 453.4 438.2 419.4 397.6 384.8 375.4 368.3 368 375.6 390.1 408.9 427.7 446.4 464.2 481 492.3 502.4 508.8 515.1 522.8 526.2 524.6 523 519.6 518.8 519.4 525.9 533.6 543.1 550.5 559.8 568.5 573.3 576.1 575.7 572 564.7 556.2 543.1 525.7 504 485.8 470.4 458.7 453.5 446.2 445.3 444.8 457.4 473.1 487.8 494.7 490.5 480.9 469.1 455.6 439.4 423.1 411.9 398.8 389.3 384.2 379.9 368.1 376.8 379.1 385
414.1 403.7 389.2 411.3 437 460.4 467 469.1 466.9 462.4 459.8 448.3 432.1 413.7 393.3 381.8 373.9 368.6 373.8 383.4 398.3 419.8 437.4 455.7 473.3 489 501.4 511 513.7 518.9 525.3 528 528.3 526.7 527.2 526.2 529.4 534.8 543.6 552.4 560 566.9 571.7 575.1 577 575.9 570.7 564.4 555.5 542.9 524.2 501.1 487.3 473.6 460.5 453.7 443.8 438.8 439.6 442 457 475.4 489.7 487.8 479.3 471 459.8 445.2 431.9 419.8 406.9 396.5 386.6 380.5 374.8 362.7 369.4 373.4
413.9 402.9 400.2 424 449.1 468 473.7 474.4 467.8 459 452.5 441.8 425.2 405.7 387.5 378.2 371.8 371.8 378.8 388.8 407.4 427.5 446 462.7 482.9 495.4 509.5 515.8 521.4 526.5 529.7 530.6 530.2 533.2 535.3 536.9 539.9 546.1 552.3 559.7 564.7 569.1 571.9 573.1 573.8 572.4 568 561.8 554.2 543.6 529.5 510.6 494.6 484.4 465.9 454.9 445.4 429.7 434.9 429.9 441.7 460.6 478.1 484 480 474.3 465.6 453.5 438.7 425.2 414 402.9 392.2 382.5 375.2 370.7 356.9 363
414 401.9 412.5 436.9 461.3 474.8 479.7 476.4 468.4 459.6 447.2 434.8 415.7 396.7 383.7 375.7 371.6 374.4 387.7 400.9 413.9 433.4 451.2 469.1 486.4 498.7 510.5 521.3 527.9 533.1 534.7 532.8 536.4 539.5 542.4 546.2 551.9 556.7 560.4 562.6 564.4 566.9 567.5 568 568.6 566.9 563 558.5 552.9 546.1 538.1 527 514.4 499.9 474.9 459.2 446.6 433 427.2 422.6 430.9 445.3 462.2 474.7 477.9 472.8 464.9 456 444 430.9 420 409.5 397.8 386.8 378 369.7 363.1 350.5
411.4 400.3 422.9 447.6 467.8 479 483.2 477.4 468.6 456.8 443.2 428.3 405.8 390.8 381.9 374.2 373.8 381.8 397.6 411.4 422 431.1 449.3 469.7 485.9 499.4 511.7 522.3 530.3 530.7 531 537.2 541.9 545.5 549 554.8 563.5 563.7 564 562.5 561.8 561 560.9 561.4 560.8 560 558.6 556.3 552.5 547.2 541.7 532.1 522.6 509.1 485.5 463.7 448.8 434.7 422.5 419.7 413.5 427.7 447.3 463 470.2 465.6 459 450.6 441 430 421.5 410 397 389.1 380 369.5 362 355.9
411.9 412.1 437 458.9 475.1 484.1 483.7 478.3 468.1 454.1 439.7 419.6 398.5 386.8 380.3 374.4 377.2 391.4 408.2 422.6 433.5 439.1 447.2 462.2 478.7 491.7 506.7 518.4 525 522.7 531.6 540.5 547.5 551.3 556.3 563.7 567.9 565.9 561.4 558.2 556.7 555.2 553.6 553.5 553 552.3 552.9 552.2 550.5 547.6 540.3 533.4 525.4 514.7 496.3 462.4 447.9 435.8 426.3 406.7 405.5 411.2 429 442.8 453.7 453.7 447.8 442.5 434.2 426.5 418.4 407.2 395.1 387.9 378.8 367 356.3 350.5
409.3 426.6 448.7 466.6 481.7 487.3 484.9 477.3 465.5 450.1 432.8 410.9 392.7 384.3 378.4 375.5 384.8 401.9 419.2 433.5 447.7 455.8 457.5 462.8 469.2 483.8 496.9 508.8 510.3 524.6 539.2 548.2 554.4 559.3 565.1 567.8 567.9 562.7 557.6 554.1 550.5 548.6 546.3 544.6 543.9 543.6 546 545.8 544.2 541.1 537.3 531.7 523.3 512.7 497 469.3 449.9 433.7 423.9 413.7 408.7 396.6 410.4 423.7 435.5 437.5 434 429.8 421.9 414 406.4 397.8 391.7 383.1 372.2 356.7 351.2 344
411.3 437.9 458.1 475.6 486 490 486.3 476.2 460.6 443.8 423.5 403.6 389.7 381.9 375.8 379.9 393.8 411.8 430.3 443.9 458.5 468 474.2 478.9 478 479.8 488.5 498 510.2 530.3 543.3 553.9 560.1 565.2 567.7 566.7 565.2 560.3 553.4 547.7 544.1 541.9 538 536.6 534.9 534.1 536.7 535.8 533 532.6 531.2 526.3 518.8 509.1 497.3 477.5 454.9 441.2 427.9 413.8 398.1 390.7 394 405.2 414.3 412.7 408.5 404.2 396.8 394 388.8 383.6 376.9 367.1 360.1 351.1 341.6 337.6
425.1 447.2 465.8 481 489.9 491.5 488.7 474.5 456.9 436.6 414.8 400.3 389.5 381.2 377.7 384.2 402.2 422.3 439.4 455.4 469.1 478.4 488.3 496.4 493.8 488.6 489.2 498.4 516.5 531.8 544.8 555.5 563.4 569.3 569.8 566.6 563.1 554.7 547.1 540.5 537 534.1 530.1 527.5 524.9 524.5 523.4 523.5 524.2 523.1 522.7 518.5 512.3 502 491.2 483.8 467.1 447.5 431.8 418.1 405.3 382.5 383.2 387.9 394.1 393.7 388.3 382.7 381 378.7 372.6 368.6 360.7 352.8 345.1 338.4 334 330.3
436.2 455.4 473.3 487.1 495 495.4 489.2 472.1 452.4 430.4 412.5 398.3 388 381.8 381.1 390.3 411.2 430 448.1 464.6 479.9 489.6 499 506.3 503.9 498.2 494.3 503.2 518.2 532.9 544.8 555.6 564.1 568.7 568.4 564.5 556.9 549 541.6 533.3 528.8 524.3 520.2 517.3 515.6 513.1 511.4 513.8 514.2 514.4 512.9 508.2 499.8 490.5 483.7 479.6 468 451.3 438.5 418.6 404.4 392.6 378.5 370.3 371.8 368.6 367 365.4 361.5 356.5 353 349.2 343 338.5 333.6 330.9 326.9 323
445.6 464.7 481.4 492.9 499.7 497.3 487.7 468.8 447 425.4 409.7 396.8 388.1 383.4 383.7 399.6 419.6 437.7 456.3 473.6 487.5 497.7 502.6 507.4 507 505 507.7 513.3 521.6 535.7 546.4 556.1 564.2 566.9 565.1 557.5 550.5 544.6 535.1 525.3 519 514.5 509.5 505.8 506 503.4 501.8 504 504 504.8 501.2 496 489.5 481.1 472.2 468.8 460.5 446.5 430.8 412.4 398 386.9 377.8 361 359.7 353.9 350.7 350.3 345.1 341.6 339.7 335.6 332.8 329.8 326.5 324.1 319.5 316.7
458.2 475.2 490.2 499.7 504.3 498.1 485.7 464.2 442.9 421 407.8 396.1 387.7 383 392.1 408.8 427.2 445.6 462.9 478.4 491.5 502.3 507.1 510.6 512.1 518.2 525.8 529.1 533.4 542 549.8 558.3 563.4 563.8 557.4 551.5 544.5 535.5 526.6 519.3 511.6 507.9 502.9 496.8 496.7 494.9 491.8 492.8 492.6 492.6 488.8 484.3 478.1 469.1 459.8 454.1 445.4 433 419.2 402.5 389.8 380.4 372.2 365.4 348.2 349.9 345.9 343.8 338.3 333.2 330.8 330.3 328 324.7 320.8 317 314.2 308.6
473.3 486.9 499 506.1 507.1 497.4 480.6 459.4 436.8 416.5 406.1 396.8 387.9 388.7 396 413.1 431.7 451.1 466.5 480.6 493.6 503.7 506.2 511.7 522.6 532.7 538.1 540.8 544.6 551 554.7 559 560.7 556.8 553 546.8 538 528 521.7 516.3 509.7 504 498 493.3 487.7 483.6 483.3 484 483.5 481 475.7 470.8 463.4 455.7 448 440.8 428.2 420.2 405.6 392 381.9 374.5 368.6 361.3 350.1 339.8 338.3 336.6 332.1 327.6 325.7 325.5 317.7 311.7 308.5 305.8 305.7 301.3
486.9 499.3 509.6 514.2 508.6 493.9 473.9 454 431.2 412.2 402.8 396.2 386.6 392.1 402.8 412.1 433.5 451.8 468.9 479.7 489.6 494.4 501.7 516.4 531.3 540.6 546.8 551.4 554.4 557.3 557.7 558.2 558.2 553.2 548 540.6 532.9 524.3 519.9 515.3 510.6 504.6 500 496 490.4 481.8 473.1 472.6 471.1 466.5 460.9 455.6 448.4 441.2 431.9 419.3 412.6 402.2 391.2 382.3 375.5 368.8 360.9 351.4 342.8 335.8 332.3 329.9 326.9 322.2 320.1 318.5 316.4 314.8 314.6 310.5 304.3 302.2
502.7 512.8 518.4 518.5 507.2 488.8 467.9 444.8 424.8 407.2 399.8 392.9 390.8 399.9 413.3 425.3 431.7 445.7 460.8 470.6 480.2 490.7 505.5 522.9 536.8 547.1 554.1 559.2 560.3 559.3 559 558.5 555.1 550.4 546.1 538.1 529.3 522.9 519.2 514.9 510.3 505.9 502.3 498.8 493.4 483.7 475.3 466.3 452.4 450.5 447.5 443.2 436.7 427.3 417.3 410.2 400.2 390.8 383.4 376.4 370.1 363.7 353.7 342.2 341.8 341.2 339.2 335.5 330.2 327.8 330.5 332.8 329.9 327.9 323.8 318.9 312.7 309.1
518 524.4 525.2 518.1 504.3 483.3 459.5 435.8 416.4 404.9 396 393.2 398.5 410.4 424.4 436.1 446.4 451.7 462.4 473.5 481.5 497.4 515.4 530.6 542.5 551.6 558.2 563 561 560.1 558.3 557.2 552.5 547.9 543.6 538.3 530 523.1 519 515.9 511.7 508 504.8 500 492.1 483.2 471 464.6 456.8 448.3 436.1 431.4 424.5 416.6 408.6 394.5 384.7 378.4 372.5 366 360.4 358.6 356.1 353.6 352.5 351 349.8 348.5 345.8 343 341.3 338.1 336.4 333.7 328.9 324.6 321.5 318.6
529.8 533 526.7 513.6 499.3 476.6 449.9 425 411.1 401.7 394.8 402.3 413.5 424.5 437.1 449.4 458.7 463.7 470.3 478.8 491.3 510 525.5 538 547.3 555.2 561 561.7 558.8 557.6 554.7 553.4 549.7 546.9 543.1 538.1 531.3 523.8 520.8 517 513.5 509.5 506.6 496.5 487.4 475.3 467.8 463.6 452.8 443.2 434.3 424.5 412.8 405 403.6 394.4 390.2 387.1 385 383.2 380.4 378.4 374.8 370.9 369.2 366.2 363.3 360.3 355.9 352.7 348.3 345.6 341.6 339.4 336.4 334.4 332.2 329
539 537.5 525.9 508.5 491 468.3 440.8 418.8 407.1 397.4 404.1 415.1 427.2 439.6 451.2 462.8 472.5 475.4 479.4 487.6 505 521.8 534.8 544.1 552.9 557.8 558.1 557.2 555.6 552.9 550.3 549 546.7 543.9 541.5 536.5 531.7 526.5 521.7 517.1 514.1 509.6 500.3 493.3 480.7 473.1 465.1 457.8 449.3 439.1 423 421 420.4 417.9 413.7 408.8 405.5 401.7 399.3 399.7 398.2 395.6 392.1 387.6 383.5 380.3 376.7 371.7 365.5 361.3 356.8 352.5 347.9 345.6 345.1 343.7 340.8 337.5
542.9 536.9 521.7 503.5 481.8 458.2 431.6 414.8 404.8 404.2 417.5 430.3 443.3 454.4 465.3 479 484.4 484 487.3 499 516.1 529.1 539.1 548.1 552.7 554.6 553.2 551.9 551 549.5 546.1 544.3 542.3 539.8 536.6 532.5 527.1 523.3 519.1 514.5 510.8 503.4 495.9 488.2 480.2 471.7 461.4 454.7 452.3 445 439.5 434.9 430.6 429.8 427.9 421.3 420.5 419.2 417.7 421.2 419 418.1 411.2 408.2 402.5 395.9 387.3 383.1 379.4 373.1 367.6 360.4 356.5 355.5 353.3 351.7 347.3 343.8
542.1 531.6 516.7 497.9 473.2 447 423.2 410.7 402.4 414.4 430.8 445.4 459.1 471.6 484.5 491.3 492.9 492.9 499.7 512.7 523.5 532.9 542.3 549.8 551.7 551.6 549 547.8 547.9 544.7 540.1 538.8 536.7 534 529.5 527.5 522.5 517.4 512.8 509.4 504.3 498 490.3 483.2 476.7 466.1 465.1 463.6 459.8 456.8 452.3 446.1 441.7 441.5 438.5 439.3 441.8 438.3 439.7 441.8 443.4 440.3 433.7 430.3 423 414.5 405.9 399.9 392.9 384.6 380.4 372.4 367.8 364.3 361.4 359.4 355.2 350
535.8 523.9 506.5 489.1 462.3 436.7 417.7 407.3 413 428.8 445.5 461.2 475.6 487.9 498.5 501.8 501.7 505.2 516.1 522.2 527.9 534.4 543 549.3 551.6 549.9 545.1 544.3 543.2 539.6 534.9 532.9 530.9 527 523.1 519.2 515.5 511.1 509.6 502.7 497.7 492.9 486.1 478.5 470.2 472.1 475.4 474.3 471.8 469.2 464.9 461.8 462.8 459.5 457.3 461.2 460.2 457.6 458.6 465.3 466.5 465.1 457.8 450.9 438.8 432.2 422.6 414.1 407.1 397.8 388.9 384.6 379.6 371.2 368.4 365.6 361.8 356.8
528.6 514.7 497.5 479.1 450.2 426.8 413.8 412.9 425.7 443.3 460.8 477 489.4 500 508.4 508.8 510 515.7 523.9 527.8 530 534.5 542.3 545.8 546.9 545 540.9 540.9 537.5 533.8 532.1 530 526.7 522 518.5 514.5 508.8 505.2 502 497.7 492.2 485.5 480.2 479.1 481.3 483.9 484.7 485.1 485.8 486.2 480.4 479.7 481.2 478.4 481.3 482.3 478.6 481 484.7 486.3 486.1 483.6 476.7 467.5 456.2 447.3 437.1 426.3 418.2 408.7 398.2 391.5 384.3 378.3 373.5 369.2 364.9 360.4
518.4 504.7 490.1 467.1 442.1 422.4 413.1 420.8 437.6 458.1 475.8 489.4 499.8 506.9 511.6 514.2 518.2 523.8 526.5 527.6 528.2 530.9 538.5 541.2 540.9 538.8 536.7 535.9 533.6 529.9 528.3 526.1 523.5 518.9 512.1 507 503.7 501.7 497.2 495.1 491.9 489.7 489.2 490.5 492.3 493.4 494.3 496 498.5 499.1 500.8 498.8 498 499.7 501.6 503.5 504.7 506.8 504.8 505 504.1 499.4 493.5 483.3 470.3 457.9 445.4 433.2 427.2 417 405 395.8 388.2 380.3 376 371.3 366.6 362
