data/320000-630000.asc
ncols 200
nrows 200
xllcorner 320000
yllcorner 630000
cellsize 50
[rows 35 to 69 of 200, columns 0 to 77 of 200]
317.1 322.2 326.3 328.6 329.3 327.7 325.8 323.2 318.3 312.5 309.3 308.5 310.3 313 313.6 314.3 315.2 315.1 313.7 313.1 312 310.4 303.8 297.6 291.4 278.8 267.1 257 248.3 240.8 233.1 226.4 220 213.8 208.8 204.9 201.6 197.9 196.8 195.7 195.8 196.9 196.6 197.1 196.8 196 193.6 190.4 187.3 183.7 180 179.2 178.4 179.4 181.2 182.2 183.9 184.7 186.7 187.8 189.6 192.1 194.8 197.8 203.9 210.5 219.3 228.7 239.5 252.3 262 275.2 285.9 293.5 302 311.8 323.1 337.5
321.4 330.2 334.9 335.9 335.1 333.5 332 329 322.3 315.1 310.3 307.4 307.9 307.7 307.9 306.7 305.3 304.7 303.1 301.3 300.9 298 292.8 289.6 281.6 271.2 259 250.5 242.8 235.1 228.5 222.1 216.1 210.3 205.2 201.8 198.8 197.3 196 194.9 194.7 194.7 194.2 194 193.6 191.9 189.8 187 179.8 180.1 179.8 179.4 180.4 184.1 186.2 187.6 187.9 188.5 190.7 192.9 195.5 198.1 201.1 205.5 213 220.2 230.4 240.8 253.8 271.7 283.8 291.1 296.9 304.3 310.7 318.4 329.6 342.6
325.1 336.8 340.2 343.2 341.6 339.5 338.5 333.9 323.5 312.8 304.7 301.4 300.2 301 299.8 296.7 293.6 291.1 289 288 286.6 283.6 279.1 273.5 266.6 259.9 250.3 242.3 236.4 229.9 222.8 217.1 212 206.8 203.1 199.7 198.2 197.1 195.7 193.9 193.1 192.3 191.7 183.6 183.5 184.4 181.1 180.5 180.2 179.8 179.7 182.9 186.5 189.8 191.9 193.3 193.2 193.6 195.2 199.4 202.6 205.7 208.9 213.5 222.5 231.3 242.3 253 271.3 289 298.5 302.6 304.3 310.3 317.2 321.6 334.7 347.8
326.1 337.1 343.4 347.9 346.5 342.7 338.3 332.4 318.6 305.9 295.8 290.4 287.7 288.1 287.9 284.3 281.2 278.1 274.7 273.3 270.3 265.1 260.1 254.4 249.7 245.8 239.3 234.4 229.5 223.4 217.5 212.9 208.4 204.1 201.2 198.9 197.2 196.7 194.5 192.6 191.3 190.2 184.3 184 183.4 182.9 181.9 181.2 180.8 180.3 179.9 190.1 192.4 195 198.6 200.2 200.3 200.8 202.4 206.5 210.2 213.6 217.4 224 233.4 242.8 255.6 267.2 284.9 300.7 309.6 314 312.1 314.6 319.2 323.6 334.1 346.6
325.8 335 343.5 346.6 343.9 341.3 334.4 323.2 310.4 297.2 287.5 280.4 277 275.6 274.4 273 268.6 264.3 261 257 252.8 247.4 242.4 239.7 237.3 234.2 230.6 227.5 223.4 218.6 213.3 209.4 205.4 201.8 199.6 197.9 196.1 194.8 192.8 191.3 190 188.2 184.5 184.1 183.7 182.9 181.9 181.5 180.9 180.4 186.6 192.8 195.4 201.4 207.1 208.4 208.4 209.3 211.1 215.5 219.8 223.3 228.7 236.9 247.7 255.8 268.5 281.5 298 309.4 317.1 320.4 318.4 316.5 321.1 321 330 340.9
326.6 333.7 339.6 342.8 337.7 331.2 323.9 312.6 300.7 287.8 279.1 272.4 268.3 263.4 260.7 258.7 252.6 248.8 244.6 241.5 237.4 233.8 230.9 230.2 230.2 228 225 221.2 218 213.4 209.4 206.1 202.6 199.6 198 196.3 194.2 192.5 190.5 190.5 189.3 185 184.5 184.6 184.3 183.2 181.8 181.1 183.8 189.7 194.6 197.6 201.8 207.2 215.9 216.9 217.1 218.8 221.5 226.5 231 235.6 241.5 252.9 264.1 272.9 283.7 295.4 306.1 314.6 318.1 319.2 319.6 312.8 312.3 314.9 323.4 334.9
328.5 334.2 338.1 338.2 330.1 320.8 311.8 300.4 290.4 280.2 270.8 265.4 260.9 256.7 253.1 250.4 245.6 242 238.4 235.4 232.2 229.8 226.8 224.8 222.1 220.3 218.9 216.9 211.7 209.1 206 203.5 200 197.9 196.1 194.1 192.3 190.3 188 187.6 185.7 184.8 185.1 185.4 184.6 183.6 181.9 189.9 192.7 195.5 197.9 203.3 208.9 215.8 222.8 226.4 227.9 231.9 236.5 240.4 245.1 250.5 258.4 269.5 278.9 288.4 300.5 306.5 311.2 315.9 316.6 311.4 307.7 303.8 304.8 308.5 317.4 331.1
323.3 329.8 335 332.1 323.3 309.3 297.8 289.7 280.5 271.4 265.6 261.1 258 255.6 252 248.7 245.1 241 238.4 236.6 235.5 233 233.3 231 226.3 220.2 213.9 211.5 208.9 206.3 203.8 201.1 198.6 196.5 194.1 192.1 190.3 186.9 186.7 186.9 186.5 185.7 186 185.9 184.6 183.9 188.3 195.1 198.5 201.4 204.2 207.7 217.6 227.4 234.2 238.4 242.8 248.7 253.6 259.8 263.7 268 277 285.9 296.9 305.5 313.2 316.9 315.4 313.8 310.1 302 296 294.9 295.6 299.8 310.1 325.3
324.1 331.3 332.1 324.5 315 300.8 289.7 282.1 274.9 270.5 268 265.8 262.5 259.6 255.7 252 248.7 245.1 243.3 242.4 240.5 240.4 238.7 236.6 228.4 219.2 213.1 208.6 206.9 204.7 202.1 199.7 197.3 195.2 193 190.2 187.4 187.3 187.1 186.8 186.5 186.3 186 185.9 185.6 189.9 193.6 199.7 203.6 206.5 209.2 214.8 225.7 237.4 247.6 254 261.9 271.4 279.5 286.8 289.7 287.7 294.3 304.3 314.2 317.6 322.6 324.4 319.5 308.4 299.1 290.9 285.2 284.1 287.7 294.4 307.7 321
327.6 333.1 327.8 317.4 306.2 294.3 285 279.3 275.2 273.9 272 269.7 267.5 265 261 256.6 253.5 251.3 250.1 248.9 246.1 246.4 246.1 240.8 230.8 217.9 211.6 207.9 205.1 203 200.9 198.7 196.6 195 193.3 190.1 188 188 187.4 187.2 186.9 186.7 186.7 186.3 188 194 200 207 213.4 214.5 214.9 222.3 235.4 250.8 266.2 274 284.7 299.1 310.3 314.8 313.3 311.1 312.6 321.4 328.2 328.1 329.1 324.5 314.1 300.7 290.5 281.2 276.1 274.8 280.7 293 309.1 322.6
331.2 330 318.7 310.9 301.2 290.7 283.4 280.2 278.9 278 278 278.4 278 276 271.7 268.7 265.3 262.5 257 256.3 253.9 252.8 252.1 241.4 230 218.6 210.8 206.8 203.8 201.3 199.8 198.2 196.2 194.2 191.4 189.9 189 188.4 187.9 187.4 187.2 187.1 187.2 187.7 193.1 199.6 207.9 217.4 223.3 224.4 223.1 231.2 246.1 263.6 282.6 296.8 306.6 318.8 334.1 341.6 338.8 334.5 333.3 336 335.8 332.9 327.8 319.8 305.9 293.6 282.7 273.2 266.9 266.4 278.5 295.3 312 327.9
331.2 322.4 312.6 305.7 296.2 288.9 286.5 283.7 283.4 285.1 289 291.4 291.6 288.6 285.9 279.8 274.1 270.5 266.6 264.1 261.8 260.9 256.9 244.2 228 217.3 210.4 205.1 202.1 199.4 197.9 196.3 194.8 193.3 190.4 190.3 189.5 188.9 188.3 187.8 188.5 188.4 188.1 192.1 198.1 207 218.6 227.4 232.3 232.8 232.6 238.1 255.6 274.2 294.7 314.8 323.1 337.1 353 359.4 355.9 357 350.5 349.2 345.7 334.4 325.7 314.5 299.6 286 275.3 265.4 258.6 260.4 275.3 292.5 310.5 326.3
322.9 315.9 308.4 302 296.7 292.7 289.4 288.5 292.2 298.8 304.4 306.3 306.9 302.3 295.2 288 281.8 277.9 274.1 273.1 271.4 270.9 261 241.4 223.5 215.8 209.3 204.4 200.7 197.6 196 194.5 193.2 192.1 190.6 190.5 189.9 189.2 188.6 189.7 192.7 192.9 192.5 197.6 205.9 216.7 229.1 237.5 244.5 244.8 242.5 244.6 264.2 283.4 303.5 325.4 335.2 348.2 364.8 370.8 372.7 371.9 366.1 360.8 354.6 341.6 324.9 309.4 295.3 280.3 267.7 258.1 251.8 252.8 266.7 283.4 300.1 316.6
317.7 312.7 309.1 304.5 301.4 298.6 295.2 298.2 305.3 312.7 318 321.8 319.9 313.1 302.4 295.2 289.4 285.5 283.2 283 283.9 280 258 235.1 222 215.3 208.6 202.6 199.2 195.9 194.9 194.1 193.3 190.4 190.8 190.6 190.2 189.5 189.7 193.3 195.2 196.9 198.5 205.5 214.9 226.2 238.9 250.6 257.8 257.5 253.1 251.3 269.9 288.2 305.9 327.1 341.5 355.3 370.8 379.4 387.4 380.9 374.3 369.9 356.7 346.1 323.5 308 289.8 274.5 262.1 253.2 246.8 246 255.7 271 285.9 301.4
317 314.9 311.2 308.8 305.7 304 304.1 309.9 319.6 328.2 335 334.2 328.4 320.3 309.5 301.4 297.2 295 294.7 297.1 295.8 278.3 254.6 233.1 220.9 214 207.4 200.9 196.8 195.1 195.4 194.5 192.1 190.8 191.3 190.8 190.5 191 191.9 196.3 199.6 201.6 205.1 212.2 222.5 236.1 247.4 262.6 269.7 269.7 267.4 259.9 269.1 288.3 305.4 324.7 350.3 360.2 374.7 386.9 395.6 391.3 380 374.5 362.8 346.7 327.2 305.7 287.8 273.7 261.6 251.4 244.3 240.9 243.9 256.1 270.4 284.8
319.9 317.6 313.7 313 310.1 311.1 314.6 325.3 340.2 346.8 345.1 341.7 335.7 329 318.4 310.4 306.8 309.4 312.6 314.1 301.3 272.2 250.2 229.6 218.6 212.1 205.4 199.2 195.9 195.2 195.1 192.1 191.5 191.1 191 191.6 191.9 192.9 197.3 200.4 204.2 206.8 212.1 219.1 228.4 241.9 255.4 273.5 281.5 284.7 281.7 275.1 274.7 289.7 311.4 329 348.2 365.3 382.2 391.5 399.4 395.4 382.9 376.1 367.5 349.5 327.8 304.2 287.6 272 261.5 252.2 246.3 238.1 236.5 244.5 255.8 268.8
323.5 323.2 320.4 318.5 317.6 321.6 331.9 343.6 355.1 356.9 353.3 348.5 341.7 335.1 325.6 319.4 319.2 321.6 324 319.5 302.5 269.6 245.7 227 217.1 210.7 204.2 198.9 195.6 195.6 194 192.2 191.9 191.5 191.1 192.4 193.4 194.4 199.7 205.5 210.8 215.3 220.9 225.7 234.7 250.4 264 282 291.6 297 300 293.5 284.5 296.4 315.9 336.9 353.6 368.2 383 391.7 402.3 395.2 375.3 360.6 358.6 346.9 329.4 308.6 288.1 274.6 262.9 254.7 248 239.4 232.2 236.3 245.6 255.2
331.2 330.8 330.5 329.4 330.1 335.9 347.1 354.8 362.3 366.1 361.7 354.2 347.4 340 333.6 330.3 325.4 332.2 331.4 320.6 293 268.4 242 224.6 216.9 209.6 202.5 197.8 195.7 195 192.6 192.7 192.3 191.9 191.6 194 195.3 197.5 202.8 211.9 219.1 225.1 229 231 237.7 252.5 271.9 288.6 300.4 306.6 311 309.4 298.5 305 325.8 344.3 360.5 372.5 383.6 398.2 392 375.7 355.8 337.4 332.5 328.3 316.4 302.6 288.4 278.9 268 254.2 244.8 236 229.8 231.7 238.7 246.9
339.6 339.3 340.3 343.6 344.4 352.7 361.2 363.1 371.1 371.7 365.7 359 352.5 345.6 340.7 337.8 331.2 340.5 333.1 314.9 292.9 264.6 240.4 222.8 214.3 207.2 201.2 196.8 194.9 193.2 193.1 193.2 192.8 192.4 191.8 195.1 196.2 199.6 208.1 220 229 234 237.8 238.7 242.9 258.3 276.9 293.9 306.8 315.1 322.9 323.2 311.8 313.2 328.6 348 365.9 377.1 385.9 378.6 366 349.7 332.5 314.9 305.7 300.6 291.2 282.4 274.9 267.5 258.8 248.6 237.9 230.9 226.6 227.3 233.4 241
351.1 350.9 353.5 356.3 360.4 365.2 372.2 374.5 377.2 375.4 368.8 362.1 357.4 350 346 343.9 339.6 337.9 329.6 315.1 283.9 263.4 239.6 218.4 212.1 206.5 200.6 197.7 194.3 193.9 193.6 193.7 193.4 192.9 192.5 196.4 197.7 204.1 215.1 229 241.2 248.7 247.4 247.4 249.2 260.6 281.3 297.5 317.5 325.2 331.4 328.8 324.8 325.1 336.7 354 369 374.3 364.2 350.1 336.6 321.7 305.6 291.5 279.2 274.4 268.9 262.5 256.5 250.8 244.4 236.5 228.9 223 219.8 221.2 228.2 234.7
362.8 364.6 367.1 366.9 370.3 375.4 378.7 379.9 382.6 378.4 372.5 367.1 360.4 353.8 350.9 347.9 341.8 337.5 328 304.5 282.8 259.4 235.4 216 211.9 206.2 199.7 196.9 194.6 194.5 194.4 194.3 193.9 193.4 192.9 197.7 198.7 209.3 224.4 237.7 252.7 260.9 258.9 256 259.4 269.4 288.5 303.4 325.6 329.3 335 336.2 334.7 339.7 348.1 358.7 360.8 347.9 335.7 321 307 292.8 280.1 269 259.4 254.9 248.6 241.8 236.6 232.3 228.6 222.9 218.1 214.1 214.3 216.2 221.1 227.4
374.2 374 374.4 374.6 377.4 379.7 382.7 383.8 385.7 380.5 375.6 367.9 360.7 358.8 354.8 347.4 345 336.3 321.7 301.3 277.6 255.1 235.5 215.4 211.6 205.2 199.8 196.5 195.1 194.9 194.8 194.8 194.7 194.5 193.4 198.5 201.4 217.5 234.4 249.7 263.5 273.6 271.8 268.7 271.1 277.7 289.2 308.3 324.4 337.7 343.3 345.4 343.6 348.2 348.7 349.5 334.6 321.1 307.2 292.7 278.7 267.1 258.3 249.8 242.7 237 230.1 225.3 220.4 216.4 213.8 212.1 212.1 211.8 212.4 213.5 215.5 219.5
379.9 380.2 380.7 381.6 382.1 383.8 385.5 384.5 386.2 381.5 373.9 367.5 363.3 360.9 355.8 350.7 342.4 331.4 317.7 294.2 273 251.6 235.8 213.9 209.8 204.8 199.2 195.9 195.7 195.5 195.3 195.2 195.2 194.6 199 199.4 206.9 225 240.5 259.3 273.5 286.3 288.5 286.5 287.3 291.5 298.5 316.3 333.9 349.8 350.5 350.9 347.9 344.5 332 321.1 307 292.9 278.4 265.9 255.2 248.1 240.7 233.1 228.6 223.2 217.9 214.9 213.2 211.3 209.1 207.8 208.6 209.2 209.7 212.4 210.8 212.5
386.1 386 387.5 386.9 385.3 386 387.2 386.3 382.2 378.1 370.8 365.8 359.9 357.2 355.4 344.4 334.1 320.8 305.3 286.4 264.2 256.8 235.7 214.7 208.7 203.9 198.8 196.4 196.3 196.1 195.9 195.7 195.7 198.3 199.8 201.1 211.9 232 247.7 269 283.1 295.3 307.5 306.3 303.4 305.3 311.8 325.5 342.6 352.2 350 345.1 333.8 319.9 306.5 293 278.8 265.4 255.1 247.8 239.4 232.2 224.5 221.1 218.3 214.9 212.9 212.2 211.4 209.6 207.1 207.3 207.5 207.6 207.5 207.8 207.6 207.6
393.9 392.4 391.1 389.8 387.7 386.4 384.1 379.8 375 367.3 360 355 351.5 345.8 340.5 330.4 319.1 306.9 293.3 282.8 273.8 260.4 236.8 216.6 209.7 203.8 198.6 196.6 196.5 196.4 196.3 196.2 196 195.6 200.1 204.9 213.5 235.1 253.8 275.5 292 307.1 314.8 313.1 315.8 316.8 318.1 328.9 344.9 338.2 325.5 317.3 306.2 293.7 279.5 265.5 253.5 245 237.7 229.9 224.2 220.6 217.7 214.6 213.6 211.8 212.2 210.2 209.3 207.4 206.6 206 206.4 206.3 206.3 206.6 205.6 204.6
400.3 398.4 396.4 394.3 389.9 386.8 382.3 375.7 364.8 356.8 349.4 343.1 337.6 330.5 323 315 306 294.8 284.8 276.7 269.9 258.4 235.2 216.7 210.1 203.3 198.5 197 196.9 196.8 196.8 196.8 196.8 195.8 200.9 206.6 216.3 236.4 255.9 278.2 297.3 310.5 314.5 320.5 319.1 316.4 315.1 314.2 313.4 307 297.5 287.3 276.3 265.4 252.3 242.9 236.5 231.1 224.3 219.2 216.3 215 213.7 212.5 212.3 210.1 209.2 208 207.5 207 206.6 205.6 206 205.2 205.2 204.9 204.2 203.8
406.1 404.8 402 397.8 394.8 389.5 380.8 370.9 360.9 351.6 342.8 335 327.6 321.2 311 300.3 290.1 280.3 271.4 263.1 255.1 246.4 232.2 215.8 209.1 202.8 198.9 197.4 197.3 197.3 197.4 197.4 197.5 196.5 197.8 207.7 217.2 236 253.4 277.8 298.8 306.4 307.2 305.6 301.6 295 290.4 286.2 281.6 276.4 267.3 257.5 248.1 241.2 234.2 228.7 225.9 222.6 216.8 214.8 214.6 213.2 211.8 211.5 211.8 211.2 209.1 209.6 209.6 210.9 208.5 208 206.4 204.4 204.4 204.1 203.4 203
412.3 410.5 408 404.4 400.3 391.6 380.8 369.5 360.4 349.7 340.6 333.5 327.9 319.7 310.6 300.7 287.5 271 259.6 250.8 242 233 223.1 215 208.2 202.7 200 197.9 197.8 197.8 197.9 197.9 198 197.5 196.7 208.4 216.3 240 256.3 268.6 275.5 278.6 278 273.7 270 266 262.2 257.5 253 246.9 240.1 234.8 230.7 227.7 223.7 221.8 219.7 216.4 214.8 213 212.6 212.5 213.3 214.1 212.2 211.1 209.5 212.2 210.5 210.4 209.4 207.3 205.7 204.6 204.5 204.2 203.4 202.6
417.2 415.6 412.4 406.7 401 394.3 382.5 372.7 361.7 351.3 342.8 337.1 332 327.7 320.8 312.5 302 287.6 268.9 250 235.8 227.3 220.1 213.5 207.5 203.3 200.4 198.7 198.2 198.2 198.3 198.5 198.7 198.2 197.5 208.2 215 230.2 240.4 244.3 246.1 248.4 249.2 247 243.8 240.6 238.9 237.3 234.5 229 226.2 224.2 222.3 219.7 217.6 215.8 214.6 213.8 213.6 212.8 212.8 213.2 213.4 213 212.5 211.9 211.3 212.1 210.7 210.6 208.9 207.6 206.4 205.3 204.5 204.3 203.5 202.7
418.5 420.1 415.3 410.1 403.4 396.9 387.9 376.7 365.4 355.8 349.2 343 339.2 337.8 332.2 324.1 313.3 298.2 279.3 258.7 240.3 226.5 219.5 213.1 207.7 203.9 200.9 199.5 199 199.2 199.5 199.1 198.7 198.5 198.3 206.4 212.9 218.2 222.4 225 227.6 228.7 228.4 228.2 227.7 226.9 225.6 223.9 221.8 220.4 219.4 219.5 217.7 215.5 213.9 213.3 213.4 213.2 213.2 213.1 213.6 214.1 214.5 214 213.6 213.1 212.5 212.2 211.2 210.9 209.3 208.3 207.2 206 204.9 204.4 203.6 202.5
419.9 420.4 419.2 416.4 410.4 403.5 390.6 379.2 371.7 365 360.1 351.8 348.2 346.3 340.4 329.7 318.1 306.1 285.2 264.1 244.8 230.1 220.7 213.7 207.6 203.9 201.3 200.6 200.3 200.1 199.9 199.7 199.5 199.3 199.1 198.9 211.3 216 217.8 219.3 220.2 221.5 221.7 221.4 220.7 219.9 217.8 216.3 215 214.2 214.9 214.6 213.7 212.3 213.3 213.9 214.2 214.2 213.8 214 214.5 215 215.5 215.1 214.7 214.2 213.7 213.2 212.1 210.9 210 209 208 206.8 205.6 204.5 203.5 202.5
426.6 425.8 428.9 427.2 418 409.1 393.8 383.8 377.9 373 367.8 361.4 355 348.7 340.5 330.1 318.3 304.1 284.6 263.5 248.4 236.1 224.3 215.1 209.2 205.2 202.6 202 201.8 201.2 200.6 200.4 200.2 200 199.8 199.2 209.1 213.3 214.5 215.3 215.9 216.9 217 216.9 215.5 215 214 212.6 211 210 211.1 212.3 212.6 212.5 213.1 213.7 214.3 214.9 215 215.2 215.4 215.9 216.4 216.2 215.8 215.4 214.9 214.2 213.1 212 210.7 209.7 208.7 207.6 206.3 205.2 203.8 202.7
430.1 436.3 437.7 429.4 419.8 415.3 397.3 389.7 386.4 380.2 373.1 365.9 355.9 347 335.8 325.6 311.9 295.5 280.6 260.2 249.6 237.5 226.4 216.5 211.3 207.1 204 203.9 203.2 202.6 202 201.4 200.9 200.7 200.5 199.9 201.4 210.4 212 212.8 213.2 212.9 212.5 212.4 211.5 210.9 210.1 209.4 209.2 209.4 210.4 211.7 212.4 212.8 213.5 214.1 214.8 215.4 216.2 216.5 216.7 216.8 217.3 217.2 216.9 216.5 216 215.2 214.1 213 211.8 210.6 209.5 208.2 206.4 206 204.6 203.2
430 437.6 436.7 431 420.7 409.5 397.2 395.7 391.1 385.3 377.6 365.4 353.1 342.2 328 313.6 299.9 285.8 273 261.8 250.1 236.2 227.9 217.5 212.7 208.7 206.5 204.9 204.6 204 203.4 202.8 202.2 201.6 201.2 201.1 201.4 203.5 208.7 209.8 211 210.7 210.4 210.1 209.7 209.1 208.4 208.6 208.7 209.4 210.7 211.8 212.8 213.2 214.3 214.9 215.5 216.1 217.1 217.9 218 218.2 218.3 218.3 217.9 217.6 217.2 216.3 215.2 214.1 212.8 211.4 210.2 208.5 207.3 206.9 205.3 203.9
431.9 436.2 436.8 427.3 413.1 403.1 398.3 396.4 391.3 383.4 377.1 363 349.8 334 318.6 303.6 288.8 275.8 266.7 256.2 243.2 235.4 225.5 217.2 213.1 210.5 208.5 206.6 205.7 204.7 204.2 203.6 203 202.3 201.8 201.7 201.6 202.8 207.8 208.7 209.7 209.4 209 208.8 209.1 208.1 207.8 208.1 208.7 209.5 210.8 211.9 213 213.6 214.7 215.6 216.2 217 218 219.1 219.4 219.5 219.8 219.8 219.4 219 218.6 217.7 216.7 214.9 213.5 212.5 211 209.4 209.5 209.8 208.5 207.4
