data/320000-830000.asc
ncols 200
nrows 200
xllcorner 320000
yllcorner 830000
cellsize 50
[rows 70 to 104 of 200, columns 78 to 155 of 200]
678.9 684.6 690 694.3 694.8 697.9 698.6 699.8 701.1 700.4 696.8 692.2 687.6 681.8 678.6 685.3 693.2 700.3 678.6 646.9 623.5 600.5 577.8 556.6 546.5 552 555.9 561.4 560 550.6 539 526.4 514.6 504.4 492.6 480.9 467.8 458.5 444.5 430.5 417.6 405.5 396.8 388 386 385.7 380.8 378.6 376.8 373.8 371 367.6 364 361.7 357.9 354.6 352.4 350.2 346.6 343.5 340.5 337.6 335.7 334.7 332.8 331.6 331.1 331.3 332.7 334 333.4 332 330.1 326.1 322.9 320.8 320.1 322.2
682.9 687.5 692.4 696.4 702 703.9 709.8 710.3 710.6 707.9 705.6 702 697.5 693.1 691.2 697.9 706 709.9 685.6 656.2 632.4 610 588.8 573.9 569.8 573.5 579.9 582.8 576.1 564.6 553.5 541.2 529.2 516.7 506 492.6 481.6 470.6 456.6 442.7 431.7 418.6 409.2 398.8 398.7 397 393.8 389.7 385.8 381.4 376.5 372.9 368.9 365.2 361.3 357.8 355.9 354.2 351.5 348 344.5 341.6 339 336.5 334.7 333.7 333.4 333.5 335 336 336 335.2 333.5 331.1 328.2 325.1 324.5 325.4
684.9 689.7 695.1 700.6 707.6 714.2 718.9 720.3 718.6 718 714.7 711.2 706.2 702.1 701.6 708.6 714.1 714.5 694.7 669.2 645.2 621.8 597.1 596.5 593.2 596.9 603.7 602.3 593.5 581.6 569.4 556.6 544.6 532.2 519.2 508.8 496.4 483.5 467.9 457.6 447.2 434.7 418.6 416.8 414.4 410 405.3 398.3 394.1 388.8 383.5 378.8 374.2 369.5 365.9 362.2 359.2 357.6 355.7 352.3 348.8 345.7 342.6 340 337.8 336.1 335.7 335.9 337 337.9 339 337.7 336.5 335.1 333.4 331.7 331.5 331.4
687.7 692.2 698.1 704.8 711.9 719.7 724.5 727 726.2 725.3 722.5 718.5 714.2 710.3 709.9 716.7 720.6 718.6 700.9 683.2 662.9 637.9 628.5 620.8 614.3 622.1 624.5 619.9 611 600.8 588.8 574.5 561.7 548 535.3 524.3 510.3 494.7 483.9 473.6 460.9 447.6 437.6 433.3 430.8 425.7 418.3 411.7 403.6 398.4 392.5 386.7 382 375.7 371.3 368.1 363.9 360.9 359.4 356.4 352.6 349 346.5 344.2 342.1 339.6 338.3 338.3 339.2 340.7 342 340.9 339.6 338.7 338.6 339.6 339.1 339.1
690.1 694.6 700.7 708 715.6 722.7 728 731.9 732.4 731.5 728.5 724.7 719.6 716.3 717.9 721.9 725.5 721.6 710.3 695.8 679.8 655.6 657.2 649.8 645 646.4 644.8 640.1 632.8 621.3 609.1 594.6 578.7 565.1 553 538.6 523.7 512 500.2 486.8 473.4 458.1 455.3 450.6 446.9 440.7 432.3 422.9 414.6 408.2 402 396.1 391.2 385.9 381.5 373.9 370.2 366.1 363 360.4 357.2 354.3 352.8 350.7 347.3 344.9 343.2 342.6 343.1 344.5 345.8 345.8 344.5 344.2 346.5 347.1 347.7 348.8
692.5 697 702.7 710.1 718 725.6 731.1 734.5 735.8 735.4 733.1 729.1 724.6 721.2 722.7 725.4 727.2 724.8 717.1 705.9 693.2 683.7 681.4 676.5 672.3 670.9 667.4 663.1 655.2 642.1 628.5 612.7 597.1 583.7 570.3 554.8 542.1 529 514.9 501.1 484.5 475.9 472.2 468.9 463.2 455.8 446.7 436.2 427.5 418.7 411.5 406.3 401 395.8 390 382.2 376.9 372 368 364.7 362.4 360.5 359 356.8 354.5 352.2 351.1 351.1 350.8 350.4 351.5 352.1 351.3 352.9 355.1 356.3 356.8 358.6
693.4 699 703.9 711.5 718 725.7 731.3 735.1 736.6 736.4 734.4 731.8 727.8 726.7 727.1 728.4 730.1 729.6 723.4 713.7 704.2 700.4 698.3 695.1 693.5 691.6 690.9 686.7 677.1 663.1 647 631.7 615.9 602.8 587.3 573.3 560 544 528.6 513.6 502.3 496.5 491.2 487.3 479.8 471.7 461.5 452.1 442.5 430.7 424 418.5 411.9 405.7 399 391.7 384.9 378.7 374.1 370.7 369.3 368.2 366.6 364.9 362.8 361.2 361.3 362.7 362.5 361.4 360.2 361.2 359.5 361.6 364.9 368 369.7 369.7
692.5 698.4 703.3 708.9 716 723.2 728.7 733.2 735.6 736 734.9 732.5 730.8 731.7 732.8 732.2 734.2 733.7 728.7 720.1 715.4 715.5 714.9 712.2 711.6 712 711.3 707.9 697.7 684 666.6 652.1 636.5 621.1 606.6 591.1 575.8 559.2 542.7 529.6 520.7 516.3 509.9 504 497 485.9 477 467.6 456.4 444.3 437.3 431 424.1 416.2 408.7 401.3 392.8 385.1 381.1 377 376 376.5 377.8 375.9 373.9 372.2 376.2 376.3 375.4 373.9 369.5 369.7 369.9 373.2 378 382.2 383.5 383.5
689.5 695.2 699.7 704.8 711.4 717.5 723.9 728.8 731.4 733.8 734.4 733.8 734.5 737.3 738.4 737.5 738.7 737.4 732.9 727.6 728 728.8 729.8 728.4 727.7 730.1 732.8 728.2 717.2 703 686.9 671.8 655.4 638.9 624.5 607.9 590.7 574.6 559 546.1 539.8 536.4 530 522.7 513.3 502.8 492.4 482.1 470.3 460.3 451.9 444.1 436.6 428.1 421.2 413.1 405.2 396.7 391 387.5 386.7 388.7 390.4 391 388 388.7 393 390.6 389.2 383.6 380 378.8 379 385.5 391.5 396.9 397.5 398.5
682.4 688 692.8 697.4 703.1 708.9 716 722 725.4 729.1 732.5 734.8 737.6 741.8 744.1 743.8 743.6 742.2 739.6 737.7 740.7 741.9 743.2 740.9 742.1 747.3 749.6 745.8 733.5 720.6 705.2 690.7 674.4 659.2 641.1 622.4 607.4 592.4 578.6 568.1 563.7 557.8 550 541.3 530.8 519.7 508.1 496.2 485.8 476.5 467.2 456.9 448.8 439.9 432.1 424.5 416.2 407.9 400.8 396.9 397.9 399.8 400.8 401.5 401.4 403.3 409.6 408.8 407.2 397.4 391.8 391.6 391.6 396.4 403 410.3 411.6 410.3
673.2 678.9 684 688.6 694.2 699.4 705.6 711.1 717.6 723.7 728.9 734.1 740.6 745.7 748.6 748 747.7 747.2 746.1 747.7 751.4 753.5 753.5 752.7 756.8 761.2 763 757.7 747.2 734.3 720.2 706.1 692.1 677.5 657.2 637.3 623.1 610.7 600 591.9 586.1 577.8 569.5 559.9 548.3 536.7 524.4 512.5 502.7 493.3 482.1 471.2 460.7 451.4 442.6 433.6 424.6 417.2 411.3 408.3 409.6 410.8 413.3 413.2 416.3 419.5 425 427.8 424.8 417.3 406.8 400.9 402.3 410.3 416.9 421.8 422.3 419.7
662.8 671 675.7 679.7 685 689.6 695.6 701.1 710.6 717.7 726.3 734.9 742.4 748.5 752 752.2 751.7 752.3 752.6 756.1 760 761.3 761 763.1 768.6 773 772.9 768.1 758.1 746.3 732.7 721.7 709.8 694.1 674.3 654.3 638.1 628.5 621.7 616.1 609.5 599.2 588.7 577.5 565.8 553.5 541.3 530.3 520.9 510.7 497.3 483.4 472.1 461.3 451 441.2 433.2 426.5 420.6 419 420.1 420.4 423.4 425.9 430.2 435 440.4 443.1 440.9 438.5 429.6 419.6 420.3 422.8 427 432 430.7 424
651.7 660.6 667.7 672.5 677.1 681.2 687.2 694.4 702.8 714.6 725.1 735.9 743.8 751.3 755 756.3 756.3 756.7 759 763 765.7 767 767.3 772.6 778.2 782.1 781.1 776.5 767.6 757.4 745.4 735.1 724.2 711.4 694.5 675.5 659.7 649.2 644.3 638.4 630.3 619.9 608.7 596.1 582.6 569.9 559.6 549 539.9 526.4 511.9 497.1 482.9 471.1 460.6 449 440.2 433.5 428.4 428.2 429.6 431.5 433 436.7 444.1 451.9 459.4 460.1 458.3 456.3 450.1 442.6 437.9 439 439.2 440.7 437.2 428.6
641.6 649.8 658.2 665 670 674.6 679.9 688 699 711.4 724.5 737.1 745.7 753.3 757.7 759.4 759.9 761 763.7 766.7 768.3 768.9 771.2 778.3 784.8 788.5 787.5 783.3 775.4 766.1 756.5 747.1 737.8 727 714.8 698.4 684.9 675.5 669.1 661.5 650.8 639.5 628.4 615.3 601.4 590.3 579.3 569 556.9 542.4 527.1 509.3 494 480.8 468.4 456.7 447.9 441.1 437 435.8 437.2 441 445.5 450 458.8 467.7 475.3 478.3 477 472 468.1 461.7 455.3 452.8 451.7 447.2 440.9 430.9
632.7 643.7 651.8 658.9 663.5 668.5 675.5 685.2 697.7 711.4 725.1 737.2 747.9 755.8 759.6 761.2 762.3 763 765.5 767 768 768.6 773.6 780.6 789.5 793.3 793.3 789.8 784 775.9 766.9 759.6 753.3 743.7 733.3 720.1 708.9 699.7 693 685.7 675 661.4 647.8 634 619.9 607.5 596 585.9 573.5 557.7 540.6 522.4 505.8 489.8 476.7 465.3 457.6 450.6 446.2 445.1 447.8 450.6 457 464.1 472.8 482.4 490.4 494.4 494 488.7 483.2 476.7 470.1 464.3 458.1 450.9 441.6 430.3
635.4 642.6 648.9 654.9 660.8 667 673.7 684.7 697.3 711 725.5 737.4 749.2 758.3 761.1 761.7 761.1 762.2 763.4 763.9 764 765.7 772.3 781.3 790.9 796.4 797.8 795.6 791.2 784.5 778.2 773.9 769.2 762.8 753.1 741.5 732.4 724.7 717.3 708 696.3 681.1 667 651.4 636.9 626.3 614.3 600.4 586.8 571.7 550.4 533.9 517.8 500.7 486.3 475.2 466.8 461 456.3 455.7 457.1 460.3 468.6 476.2 487.6 496.6 504.1 507.3 506.3 501.9 495.2 487.3 478.7 472.2 462.5 451.8 439.5 426.7
640.2 645.2 649.8 654.8 659.9 666.8 674.8 685.5 696.9 708.6 722.1 735 748.1 760.2 761.4 760.6 759 757.6 757.8 757.6 757 759.6 768.6 779.4 790 797.5 801 801.3 798.2 793.9 790.7 788 785.4 779.7 771.4 762.7 752.8 745.8 739 728.6 715.1 698.9 685 671 654.3 643.5 633 615.9 598.9 583.7 564.9 546.2 529.9 514.2 498.8 487 477.9 471.2 467.1 464.6 465.7 471.7 480.9 490.9 502.1 511.1 516.3 518.7 516 509.9 502.2 492.5 480.8 473.9 462.2 448.7 433.5 421.8
642.1 646.5 650.4 654.6 659.8 666.2 674.5 685.5 694.7 705 716.5 728.2 747.5 758.5 757.1 755.6 752.7 751.2 749.5 747.3 746.3 750.6 760.2 774.1 786 796.7 803 806 805.3 803.5 802.9 801.7 799.3 794.3 785.7 778.8 770.9 764.4 755.9 744.6 730.5 714.9 701.2 687.6 675 662.2 649.1 632.9 612.9 595.3 580 561.8 545.2 529.9 515 501 489.6 483.2 477.7 474.8 477.5 484.9 494.2 504.6 515.7 523 526.7 527.3 522.1 513.5 503.3 491.5 478.6 469 457.2 441.8 427.4 414.4
642.9 647 649.8 653.6 658.6 664.9 673.5 683.5 690.4 697.7 706.8 717.5 735 743.3 745.8 745.7 742.7 738.4 736.2 733.2 733.6 739.8 750.3 766.8 780.2 793 803.2 809.4 811.5 813.1 814.4 814.5 812 807.2 800.1 791.2 783.6 777.6 770.8 758.4 743 729.1 714.9 702.9 690.6 677.8 662.4 645.8 626.4 608 591.4 574.9 557.6 543.7 528.8 516.5 502.4 495.7 490.1 489.8 494.2 500.3 509 518.2 525.2 530.9 533.1 531.1 523.6 513.8 500.6 487.8 473 460.5 449.6 435.4 422 406.8
644 645.7 647.3 650.9 655.4 661.7 670.5 678.2 684 689.1 695.6 705.4 717.8 725.9 728.5 730.1 726.1 722.7 717.5 715 716 726.4 740.4 756.8 771.7 786.3 800.4 810.1 816 820.3 824.2 825.1 822.9 818 809.4 800.6 792.4 786.6 778.7 765.5 749.7 734.3 723.2 711.1 700.1 687.3 671.5 652.3 635.2 617.7 600.5 584.3 568.6 555 541.6 528.8 518.5 507.7 504 505.6 510 514.1 520.3 527.5 532.2 535 534.3 529.9 521.1 509 495.9 481.6 464.6 452.1 440.2 426.7 413.7 400.1
642.4 642.6 643.6 646.8 651.1 657.6 664.4 670.7 675.6 679.9 683.8 692 702.4 707.9 711.3 710.7 707.1 699.8 699.4 698.9 702.6 713.5 728.3 744.5 760.9 778 794.5 807.1 816.2 823.9 830.6 832.7 830.3 824.2 813.3 800.8 791.5 781.7 771.4 760.4 747.2 735.3 722.7 710.7 699.9 685.9 670.1 653.4 636.9 621.3 605 589.3 574.9 562.8 551.5 538.6 529.5 521.9 517.7 518.9 520.1 523.4 527.2 531.3 533.5 534 530 524.6 514.4 501.4 486.9 472.3 455.8 441.7 429.2 416.6 404 390.9
638.4 637.9 638.5 640.5 644.4 649.6 655.7 662.1 666.4 669.8 673.5 678 685.9 690.5 693.1 693.1 689.1 685.1 684.6 684.6 687.9 701 716.9 732.4 748.8 767.4 784.4 797.9 811 823.1 829.7 833.5 824.7 815.7 802.4 788.4 776.4 767.3 756.9 745.5 734.9 724 712.8 701.1 688 674.7 660.9 647.6 633.7 619.4 604.8 591 578.1 567.5 557.3 547.2 538.7 531.3 527.3 527.3 527.6 527.3 528 529.2 529.4 527.9 523.2 516 503.7 490 477.3 461.9 445.6 430.5 417.7 405.7 393.1 380.5
632.1 631.4 631.3 632.7 637 641.6 647.2 652.3 656 659.3 660.6 663.4 668.4 674.3 675 675 672.6 671 669.6 670.1 673.8 688.2 704.4 719.3 736.4 754.4 769.6 785.4 797.8 807.2 812.8 809.3 804.4 795.4 781.6 768.6 755.8 746.8 736.9 726.1 716.4 707.1 691.6 681.7 670.4 658.6 646.6 634.8 622.4 610.2 599.3 588.3 577.2 567.6 558 549.8 544.2 537.7 532.7 529 527.1 525.6 524.5 523.6 520.6 517.3 512.2 502 491.6 479.8 466.2 449.6 432.3 419.4 406.6 393.7 380.2 368.8
624.9 623.4 622.2 623.4 627.2 630.8 635.2 640.7 644.4 646 646.9 648.4 651.5 654.4 656.4 656.9 656.1 655.2 653 653.8 661.7 675.3 691 705.1 723.6 741.9 756.3 768.6 780.5 788.3 789.5 784.6 779.6 771.7 760.4 747.1 738.2 726.5 716.1 705.6 694.4 683.8 671.2 661.5 650.1 640.7 628.3 618.1 606.9 598.1 590.1 581.1 571.3 563.6 556.1 549.2 543.6 538.3 532.6 526.9 524.3 519.3 517.5 514.9 510.9 505.8 498.1 488.9 479.2 467.8 451.9 436.1 419.4 407.3 394.3 381.6 368.6 357.2
616.5 614 613.5 612.2 613.1 618.3 623.2 627.1 631 632 632 632.6 633.2 635.3 638.4 639.1 638.1 637.5 636.4 637.2 646.1 661.6 677.4 693 711.3 726.3 739.6 749.9 760.5 765.9 765.5 760.2 756.9 748 738.6 727 718 708 697 685.9 675.7 662.6 652.4 639.3 630 620.2 608.6 598.9 589.8 583.2 576.1 568.4 561.4 554.7 549.1 543 537.5 532.6 526.7 520.5 515.8 510.3 506.6 502.5 496.6 491.1 483.5 474.4 463.4 451.7 437.5 422.8 407.8 395 382 368.4 356 346.5
609.5 605.8 603.3 601.4 601.1 604 608 612.1 614.5 613.9 615.5 615.1 614.9 617.5 620.2 621.3 620.1 619.9 617.4 616.9 630.3 646.2 663.1 679.7 696.7 714.2 725 732.9 737.8 739.5 740.9 734.3 731 724.3 715.8 706.8 697 687.4 676.6 665.3 652.6 642.1 631.4 618.2 609 598.6 588.2 579.5 572.3 565.9 559.7 552.2 546.8 541.2 537.1 531.4 526.3 520.9 514.6 507.7 500.9 495.6 490.7 484.3 480.1 475 468.3 457.6 446.3 434.5 420.7 407.4 394.9 382.5 368.3 355.5 343.9 337.1
603.4 599 592 586.4 586.8 589.9 593.6 596.8 600 601.3 601 600.8 601 602.8 603.8 603.5 602.4 602.3 599.4 601.2 616.6 633.3 651.9 670.1 684.9 700.5 709.5 715.8 718.5 718.1 713.5 712.3 706.5 703.1 694.8 688 678.5 668.5 657.6 647.7 633.6 621.1 610 598.5 590.2 579.3 567.9 559.5 552.1 546.7 540.2 533.9 528.8 524.7 519.8 514.8 508.5 502.5 497.2 490.7 485 480.5 475 469.2 463 456.8 449.5 439.7 428.6 416.9 407 394.6 382.1 368.9 354.6 343 335 330.3
596.1 591.2 583.5 570.9 572.1 578.7 583.2 585.6 588.2 588.9 589.8 590 589.1 587.5 587.3 586.6 586.8 584.9 579.3 587.6 604.7 625.8 644 661.7 677.7 689.1 696.1 699.9 697.6 695.7 691.8 689.3 686 679.6 673.7 667.7 660.5 650.7 640.3 628.6 614.7 601.8 589.4 580 570.5 558.1 547.7 540.2 533.1 527 520.7 515.1 510.8 507.4 503.2 497.3 491.2 485.3 479 472.7 466.3 461.3 454.6 450.1 443.6 437.6 431.3 422.4 412.5 402.5 392.2 379.4 368.5 357.4 342.5 333.4 329.5 325.2
588.8 582.8 574.8 561.7 556.7 565.7 572 575.5 576.8 577.7 578.9 579 577.3 573.8 571.3 570.2 568.8 565.3 555.7 578.6 599.5 619.9 636.4 654.5 667.9 676.8 682 682.3 680.2 676.8 673.4 669.6 666.6 660.2 656.5 651.1 643.5 633.5 623.4 610.5 597.7 583.5 572.2 560.8 547.3 536.1 527 519.7 513.8 509.5 502.7 496.4 492.3 489.2 484.4 479 472.1 465.6 459.6 450.6 445.6 440.8 436.1 429.3 424 419.6 413.9 406.6 397.7 387.3 376.9 364.1 357.1 347.6 335.7 329.4 324.5 320.8
583.3 575.3 567.1 552.4 541.9 550.7 558.5 562.5 564.8 567.1 568.6 568.5 564.6 561 556.8 553.4 549.7 542.7 551.3 573.7 594.8 613.5 630.9 646.7 657.1 664.2 667.3 666.4 664 660.3 655.5 651.7 645.4 642.6 637.9 632.7 626.2 616.9 606 592.7 580.2 567.6 554.5 541.6 528.2 519.6 509.7 502.7 497.2 493 484.9 477.5 473.5 469.3 465 458.5 451 445.5 438.8 430.4 424.5 422 416.9 409.9 403.9 402.4 397.3 391.2 384 375.1 365.7 357.5 349.6 340.4 331.9 325 320.3 316.2
576 569.3 558 543.9 530.8 537.1 546.4 551.3 554.1 556.8 558 557.9 553.5 548.2 543.2 536 527.7 526.3 550.2 570.9 589.3 607.9 625.3 639.1 645.6 650.4 651.2 648.8 644 641.2 637.9 633.4 629.1 626.3 622 615.8 608.9 599.4 591.4 578.7 566.1 552.4 539.1 524.7 515 507.9 499.5 492 485.1 477.3 469.9 459.7 455.5 448.5 445.3 437.9 429.1 423.9 417.1 409.5 407.4 406.4 402 395.1 389.5 387.1 383 378.3 372.3 367.5 360.1 352.2 343.7 333.8 327.9 321.2 316.1 311.7
568.3 560.5 548.9 533.9 523.8 525.2 534 542.1 544 545.9 547.2 546.5 541.5 534.5 529.4 520 507.3 528.2 545 567.4 583.1 600.3 617.2 629.8 635.5 637 632.2 630 625.6 622 618.9 615.3 612.8 611.3 607.5 602.6 595.9 587 577.7 565.6 554.3 540.8 527.4 512.3 504.5 498.1 490.8 483.1 473.4 463.3 455.8 448.1 439.6 430.7 425.2 417.3 410 403.6 397.5 393 391.8 390.7 386.9 380.9 377.2 374.1 370.2 366.5 362.8 361.3 354.5 346.5 336.3 329.6 323.5 316.9 311.7 307.7
560.9 548.9 536 524.9 518.5 514.7 523 531.4 535.5 537.3 537.1 534.5 529.2 522.2 516.8 506.9 504.8 522.9 540.5 561.4 577.1 589 607.8 618 621.9 621.7 617.3 613 608.1 604.5 603 600.2 598.7 596.6 593.9 589.1 582.9 575.3 566.6 556 545.7 534.2 520.2 503.3 495.7 489.4 481.6 473.1 461.5 450.5 442.2 435.1 426.2 417.1 411.2 403.9 398.1 393.3 386.7 383.2 380.2 377.3 374.1 371.6 367.9 364.3 361.6 357.5 354.1 354 348.6 338.8 330.4 324.8 318.5 312.3 307.7 303.7
551.7 539.3 525.3 518.2 510.6 506.9 514.9 522.6 528.7 528.9 527.9 524 518.2 511.7 505.2 493.1 498.8 517.6 536.9 554.3 570.1 579.8 593.5 604.3 607.1 604.1 600.9 598.1 594.5 591.5 588.3 586.4 585.1 583.1 580.2 575.2 569.4 563.6 558.2 549.3 539.7 528.6 514 499 489.5 481.9 473.2 462.8 450.4 441 431.9 422.5 414.4 407.7 402.4 396.6 390.3 384.2 380.4 377.2 373 368.7 366.4 363.2 358.3 355.1 353.5 350 346.2 343.6 338.5 330.9 324.2 318.9 313.7 308.4 304.3 300.5
541.5 527.9 518.5 511.3 503.9 499.2 508.3 515.4 520.4 521.2 519.4 513.6 507.3 500.3 492.7 481.6 495.4 513.6 530.6 547.4 561.3 571.8 580.1 589.9 593 591 588.4 581.8 577.6 575.1 573.4 571.9 570.5 568.9 565.2 561 556.6 553.8 549.9 543.1 535.3 524.2 511.2 497.4 486 476 466.3 456.4 443.7 431.2 424.2 413.4 406.5 401.3 394.7 388.8 382.4 376.5 372.7 368.7 364.9 360.4 358 354.8 349.7 347.2 344.8 341.1 338.2 334 329.6 323.8 318.6 313.9 309.7 304.4 300.6 297.2
