data/320000-340000.asc
ncols 200
nrows 200
xllcorner 320000
yllcorner 340000
cellsize 50
[rows 140 to 174 of 200, columns 78 to 155 of 200]
257.8 274.7 283.9 284.6 281.7 285.4 289.1 293.9 298 303.5 316.7 328.1 336.8 343.2 338.5 329.1 317.3 312.3 306.4 294.5 285.8 285.9 282.1 276.4 268.9 262.8 257.7 255.1 253.6 249.6 243.3 239.7 234.6 231.8 226.8 220.5 216 210.9 205.2 199.8 195.2 191.4 186.4 180.7 175.2 171.2 171.4 167.1 162.3 156.8 155.1 154.1 153.2 150.9 146 143.1 145.6 142.7 138.3 134.1 130.1 126.1 121.3 121.3 117.6 107.8 118.4 123.1 119.7 117 116.3 112 111.2 113.7 116.7 117.8 118 120.4
241.8 257.5 271.8 277.5 275.1 272.3 272.6 271.7 275.6 280.4 290 303.2 314.2 317.1 323.2 324.7 319.1 308.7 304.2 296.9 283.1 276.4 275 271.9 264.8 257.3 249.7 246.3 241 235.2 233.1 229.4 226.5 225.7 222.8 218.8 216.8 211.8 205.2 199.4 192.9 188.5 185.2 181.7 175.6 171 167.2 164.2 162.7 159.8 158.3 156.4 155.6 154.6 153.8 150.7 147.2 144.5 140 134.9 130.8 128.8 125.3 122.6 116.9 111.5 109.2 116 114 113.6 112.4 108.8 108.6 114.9 110.7 110.4 113.3 117.4
199.9 247.9 260.2 261.6 259.8 261.1 259.1 256.8 258.6 262 269.7 279.2 292.1 305.5 306.5 314.3 316.5 310.9 306.4 298.3 285.3 273.4 270.6 269.1 264.9 255.9 248 240.9 233 228.8 224.8 221.9 221.3 217.7 215.4 214.6 213.5 208.3 203.8 198.5 192.6 186.7 182.6 181.2 181.4 176 170 165.7 163.3 160.3 158.4 157.6 157.3 158.1 159.4 154.5 149.3 144.2 138.9 133.8 130.5 128.4 124.7 123.3 120.1 115.8 109.6 103.7 105.7 109 109.3 110.1 105.6 105.9 106.7 108.9 109.9 115.6
190.8 232.4 250 252.2 247.6 244.9 241.3 238.2 239.5 243.5 249.4 256.2 267.2 279.7 290.7 296.7 302.9 303.3 303.6 298.7 291 276.3 271.3 266.8 261.9 252.4 243.2 235.5 228.2 224.1 219.9 216.3 213.2 208 203.7 201.3 203.8 202.8 201 197.8 193.6 187.7 183.7 183.3 182.7 177.2 171.5 165.7 163 159.3 156.9 156.6 156.1 157.1 160.3 153.9 147.4 142.6 137.8 132.9 130.3 127.7 122.1 123.5 118.7 114.9 109.5 105 102.1 105.8 107.5 103.9 103.5 104.2 104.9 106.5 109 113.1
186.6 212.4 222.2 227.5 229 230 229.4 225.2 222.7 224 229.1 235.1 240.7 254.1 268 280.6 288.5 292.6 294.6 296.7 294.1 282.1 281 269.3 258.1 247 236.5 227.6 219.7 213.4 210.5 207.6 203.4 197.4 195.4 194.7 195.2 197.5 198.1 194 191.7 188.6 183.2 179.3 179.9 175.8 168.3 163.2 160 156.7 154.5 154.1 152.2 152 152.9 151 146.1 142 137.9 133.3 129.9 126.9 123 122.2 119.2 114.4 108.9 104.4 101.7 101.7 101.6 101.1 101.1 102.7 103.2 104.6 106.5 110.3
175.3 187.3 191.8 193.4 209.4 209.9 212.3 211.5 206 204.3 211.6 218 225.7 234.5 245.3 259.5 270.9 277.1 281.6 287.7 293.7 288.5 285.4 273.8 263.2 251.7 242.5 231.6 223.1 214.5 206.3 199.1 195.2 192.2 190.5 189.2 190.1 191.5 189.2 186.1 184.3 184.8 180.5 174.7 171.8 167.4 159.6 154.6 153.7 152.8 150.8 150.4 147.8 146 144 142.4 142.5 141.2 138 133 127.5 123.5 121.2 118.9 116.3 111.5 107.6 103.4 100.4 99.5 98.9 98.6 97.4 100.6 97.1 101 104.2 108.9
159.4 170.7 182.6 181.9 189.2 197.6 198.1 194.5 192 192 190.6 200.3 208.5 216.9 227.1 237.6 249.7 259.6 267.3 273.7 279.9 284.9 281.3 276.4 268.6 256.8 247.2 237.1 224.9 213.2 204.9 198.3 193.8 191.2 189 186.5 187 187.4 178.5 173.3 172 170.1 174.7 171.4 166.7 160.7 154.3 148.3 145.6 144 140.8 133.7 141.8 140.1 138 136.4 135.5 135.2 133.9 132.2 126.3 119.8 118.1 115.4 112.6 109.8 106.8 102.3 98.6 98.1 96.2 90.9 91 94 95.7 98.2 102.2 107.2
145.5 154.1 162.8 169.1 179.8 184.8 185.9 188.4 184.3 184 181.9 183.3 191.6 199.1 205.5 215.9 228 237.9 248.1 256.6 262.1 268 277.9 272.6 266.7 257.8 245.6 233.9 221.1 210.6 203.2 197.6 193.3 190.5 188.7 185.9 181.9 178.1 173.1 167.2 163.1 161 162.7 165.9 164.5 158.9 152.8 145.1 138.8 135.6 131.1 124 122.9 135.2 133.7 131.5 130.3 129.1 128.2 127.7 123.8 120 116.3 112.8 108 106.3 104.5 100.5 97.3 97.1 97.3 89.6 93.2 94.9 95.6 96.2 99.9 106.1
131.4 139.2 146 153.8 161.8 171.6 174.6 177.3 181.3 180 178.6 179.9 182.6 187.5 191 194.8 204.6 213.8 223 230.1 236.2 242.8 248 253.7 254.4 250.9 243 235.1 224.5 213.6 206.7 200.4 194.6 190.4 186.3 184.2 179.3 175.1 168.5 160.9 156.8 155.2 154.6 155.2 159.6 158.9 154.2 146.9 140.1 132.9 127.3 123.5 121.7 128.5 130.5 129.2 126.9 124.1 121.8 121.7 120.4 119.2 115.8 111.8 106.9 104.3 102.3 98.5 96.5 96.1 95.8 93.4 93.3 95.1 94.3 93.7 95 103.2
114.3 122.9 129.2 132.7 141.3 147.8 156.5 166 181.1 180 176.9 180.8 186.4 189.5 190.7 186.9 186.9 190 196.8 202.9 208.5 215.7 222.3 224.2 226.2 227.2 228 227.1 228.9 223.7 214.7 207.7 200.2 192.2 186.5 179 174.1 172.1 165.4 156.6 151.6 150.3 150.9 150 150.8 153.4 153.9 149.3 142.7 135.1 123.6 121.1 120.7 120.5 128.4 126.2 123.8 121.1 118.8 117.2 117 116.4 114.1 111.2 105.9 102.1 100 97.1 95.8 95.5 90.4 91.8 88.9 90.1 90.8 91.4 94.3 102.2
102.1 107.2 114.2 119.6 123.8 132 142.1 149.6 158.6 175.8 174.8 172.3 189 190.7 177.8 184.7 176.8 177.5 176.9 181.6 187.5 191.6 199.6 203.8 205.1 205 207.4 210.3 211.2 212.1 211.7 208.5 200.5 191.9 184.3 180.2 172.7 166 159.9 152 148.2 146.2 145.5 146.3 144.3 143.6 145.4 145.8 142.7 134.7 122.9 120.4 119.6 122.1 125.9 125.3 121.7 118.5 115.4 113.5 112.9 112.3 111.5 109.5 103.8 98.1 96.8 97.2 96.2 94.7 91 89.6 88 88.8 89 90 94.8 100.8
87.7 94.3 98.9 104.4 110.8 115.1 122.3 128.7 138 144.6 145.1 160.7 166.1 172.2 172.6 165.7 169.6 171.5 169.2 169.4 174.3 178.1 182.4 187.7 190.5 193.3 195.9 198.5 201 202.6 204.8 204.6 198.8 191.7 187 181.7 174.3 165 159.2 153.8 147.9 143.1 140.6 139.2 138.7 137.3 137.6 138 135.3 130.9 125.2 120.1 115.9 119.1 121.6 120.4 114.9 115.8 113.3 110.6 107.7 106.1 105.3 105.4 102.5 97.1 94.8 92.7 91.2 89.9 88.7 87.2 85.9 83.2 86.8 90.7 94.7 100.7
73 76.4 85 94.9 96.5 103 106.4 112 117.3 121.2 128.6 135 138.3 146.3 153.8 161.3 163.3 170.9 166.4 154.1 163.1 166.2 169.7 172.5 176.5 180.5 184.5 185.9 188.5 192 196 195.5 191.5 188.2 185.3 180.2 175.2 168.8 162.1 154.7 147.3 142 138.4 136.3 134.4 132.7 130.4 132 129 127 121.9 116.1 112.1 116.7 117.9 114.3 114.3 112.6 111.6 109.1 106.6 103.4 101.8 100.4 99.7 96.8 94.2 90.5 88.3 87.2 85.2 84.8 84 77.9 81 90.1 93.7 100.9
68.2 69.3 69.2 76.1 85.9 90.6 93.8 96.5 100.6 102.2 106.2 113.4 121 124.5 128 140.6 152.6 158.5 146.6 142 142.7 148.8 155.2 157.8 160.9 164.8 168.5 163.3 167 168.2 170.9 172.5 172.9 171.9 169.4 163.7 161.5 157.7 150.8 144.9 142.3 140.1 137.4 135.5 133.7 133.1 131.5 126 120.5 118.6 116.3 113.3 109.3 103.7 112.6 109.5 109.4 108.8 108.4 107.7 106 103.8 100.6 98.2 97 94.4 93 90.7 88.1 85.4 84.1 83.5 82 76.5 76.9 83.5 94 101.2
68.6 69.7 69.4 68.9 67.4 74.2 86.1 87.4 91.5 94.7 97.4 101.9 111.3 115.2 118 121.2 125.7 137.1 145.6 146.4 142.5 141.9 141.2 143.6 148 152.3 156.2 159.7 162.6 163.3 162.6 163 163 163.9 162.8 159.5 154.1 149.5 143.3 141.8 138.8 137.1 134.8 135.5 134.6 134.3 131.5 127.8 122.5 118.4 113.8 111.1 108 105.2 108.1 95.9 96 98.5 103.5 104.3 103.8 102.4 99.5 97 95.2 94.4 92.8 90.7 88.1 85.4 83.2 83 83.3 80.1 73.6 86 93.6 101.3
67.1 67.1 67.7 67.1 67.6 66.4 66.4 75.5 80.9 83.1 89.2 94.9 98.4 102.5 107.2 113.5 117 124 128.6 131.4 134.2 139.1 141.6 137.3 137.2 146.2 153.1 160 162.6 166 165 161.8 159.3 158.6 157.1 153.6 150 145.9 143 141.1 135.9 133.2 130.7 130.2 131.2 132.6 129.3 127.2 124.5 124.3 121.2 117.5 113.1 108.8 104.6 102.7 98.5 94 94.7 95.5 97.3 97.6 94.2 95.9 94.3 94.2 92 90 87.9 84 81.5 80.4 79.1 78.3 73 84.4 92.9 101.9
73.4 74.6 73.1 72.6 71.3 70.3 69.5 66.1 80.2 79.3 79 81.9 91 95.1 97.4 101.5 108.7 115.5 120.7 123.7 126.2 127.5 127.6 129.6 131.8 138.2 144.1 148.7 152.1 156.3 159.3 159.3 155.9 153.2 146.3 142.5 141.8 137.8 139.8 136.5 132.7 128 124.2 122.2 123.5 125.5 125 125.8 126 126 124.4 121.1 112.7 110.4 106 103.9 100.6 95 91.7 84.3 84 95.1 96.2 94.3 92 92.1 91.1 89.2 87.8 84.2 80.1 79 77.9 72.2 74.9 86 92.1 100.5
74.7 74.7 73.3 73.1 72.3 70.6 69.6 66.9 69.8 73.4 73.4 74.5 80.5 87.5 92.5 95.2 99 106.1 112 114.8 117.2 117.7 120.9 124.1 129.3 130.7 128.1 127.7 139.5 143.2 142.8 142.4 141.2 137.9 132.4 131.5 130.6 131.6 127.9 127.9 124.8 121.6 117.5 116.1 116.6 116.5 117.9 117.4 121.1 122.8 121.3 112.8 111.3 112.8 106.9 92.6 89.7 84.1 79.6 74.4 76.6 79.7 82.2 87.8 88.3 89.6 90.7 89.9 88 84.6 80.6 75.8 71.6 71.9 82 88.5 89 94.9
74.5 74.4 74 72.6 72.7 71.7 70.4 69.4 65.8 72.6 73.3 72.8 75.9 80.8 83.4 88.6 93.6 97.6 102.3 106.2 108.3 110.4 113.4 115.7 118.5 119.2 122.4 121.5 122.4 126.7 128.1 124.9 124.6 124 121.7 120.9 120 119.7 118.6 117.6 115.7 112.5 109.9 109.9 109.1 106.8 108.6 108.5 113.6 115.2 111.3 111.1 106.9 109.4 92.8 81.7 74.4 65.6 62.3 58.2 58.2 56.5 65.1 70.8 76.7 81.6 89.1 89.4 88.2 84.3 80.4 65.1 67.5 70.3 88.4 88 88.2 90.6
73.5 73.5 74.1 73.1 73 72.2 71 69.9 67.6 65.8 73.9 73.2 73.3 78.3 80 81.9 88.3 93.9 97 99.3 102.5 104.7 107.8 110.2 112.2 112.2 114.3 114.5 112.7 112.7 112.7 111.6 114.2 115.1 115.7 114.3 113.2 113.5 112.1 110.1 107.4 104.2 102.6 102.2 102.8 102.2 102.9 105.3 109 111 110.6 108.3 101.4 90.7 79.3 68.3 60.2 58.2 58.8 61.4 62.6 57.7 56.5 55.2 61.6 64.7 70.2 75.8 83.1 82.9 76.5 63.7 74.4 86.3 88.5 88.7 88.9 90.9
72.6 72.7 73.8 72.7 71.9 71.1 70.6 70.1 68.5 65.8 71.6 73 72.6 77.7 79.4 80.3 82.9 89.8 94 95.2 98.2 102.6 104.3 106.7 109.7 108.3 107.5 108.1 107.7 107.7 108 108 108.1 110.4 110.7 109.4 109.7 108.9 107.2 104.4 103.2 99.8 101.3 100.7 102.5 103.6 107.3 107 104.7 106.4 105.8 99.9 89.5 73.9 65.4 58.2 59.2 71.5 70.8 69.9 69.3 68.1 66.8 57 55 54.9 55 57.2 63.8 69 60.8 74.2 86 89.8 89.8 88.3 88 88.5
72.5 73 74.2 73.3 72.2 71.1 70.3 69.8 69.1 66 67.4 70.7 71.9 76.7 79.8 80 80.9 86.2 92.3 93.6 96.2 98.5 103.2 104 108.4 107 106.4 106.3 106.8 106.2 106.2 106.1 105.8 104.7 104.1 103.1 103.7 103.7 103.1 102.7 101.2 103.9 106.5 106.6 105.9 106.1 106.5 104.5 102.4 100.9 96.3 90.1 74.8 71.2 58.2 59.7 74.4 76.1 75.3 72.7 72.4 69.7 70.1 65.6 63.1 63.6 55.6 55 58.6 59.3 59.5 75.4 83.8 87.3 90.4 88.9 87.7 87.4
73.7 72.3 73.3 73.9 72.9 71.9 70.2 69.8 69.2 68 65.4 71.5 71.8 74 79.4 79.7 79.6 82.5 88.2 91.6 94.6 100.3 102 108.5 108.7 105.9 106.9 106.5 106.2 105.9 105.8 105.2 104.1 102.2 101.2 98.9 103.8 103.3 101.4 101.2 104.1 105.7 105.2 105.8 105.8 106.1 104.4 105.1 100.8 94.7 87 75.7 72.8 70.4 58.2 63.1 75.5 69.3 75.8 76.6 75.6 71.2 73.3 69.4 66.9 63.9 62.3 56.1 57.5 58.9 60.4 65.9 78.6 80.6 82.6 87 87.3 86.9
72.5 72.3 73.1 73.4 73.3 72.5 69.8 69.5 69.4 68.5 65.4 70.7 71.2 71.8 78 78.9 78.8 79.9 84.7 88.1 92.9 101.5 102.8 102.9 105.9 103.8 99.9 100.1 102.4 102.8 103.4 103.1 104.3 100.8 98.2 95.9 95.6 96.5 96.3 100.4 105.1 107 106.5 106.1 106.9 106 103.8 98.3 93.8 88.7 78.8 74.5 71.7 65.3 62.6 58.2 58.2 59.9 63.9 76.7 74.5 74.7 91.7 70 69.4 66.4 62.7 54.9 56.4 58.4 59.8 60.3 73.2 74.3 75.4 79.9 85.1 87.7
76.5 72.4 72.1 72.4 72.7 72.2 69.2 69.3 69.4 68.7 65.4 67.9 70.2 70.7 72.9 78.5 78.6 78.4 81.6 85.2 89.2 97.9 104.5 105.9 104.8 102.1 105 106.8 106 106.1 105.2 103.5 102.2 100.1 99.6 97.3 94.9 94 94.4 98.9 105.7 107.5 107.2 106.5 105.7 103.4 98.5 93 88.4 83.4 77.7 74.3 72.3 68.3 63.5 61.6 61.4 58.2 59.9 65.1 79 79.2 86.1 71.4 71.4 70.1 64.6 56.1 54.9 57.7 57.9 59.1 63.3 72.6 73.3 75.1 82.4 87.9
88.1 77.6 73.1 71.2 71.6 71.2 70.3 69.4 69.3 68.5 65.4 69.9 70.1 70.4 70.2 75.9 77.6 78.1 78.9 82.6 87.3 93.2 99.3 102.4 101.1 99.8 102.2 105.1 105.2 105 104.1 102.7 100.4 99.8 101.3 101.1 97.6 94.6 91.3 96.5 104.6 106.8 106.2 105.2 104.2 100.1 95.1 89.7 85.4 79.3 75.4 73 68.6 65.6 65.7 65.7 66.1 58.6 60.6 60.9 69.7 80.9 88.5 72.6 71.5 70.6 68.1 64 61.2 54 54 56.3 57.8 68.8 72.8 73.8 76.9 84.8
93.7 83.8 76.5 73.3 71.1 71 70.6 68.5 68.9 68.5 65.4 67.8 71.1 70.4 69.7 70.7 77.3 77.9 77.3 79.4 84 89 93.7 98.4 99.1 100 99.7 102.2 103 103.6 104.1 103.9 103 99.8 98.8 101.4 100.7 98.8 92.9 93.7 100.5 106 106.6 105.8 103.8 97.2 92.6 87.3 82.7 77.7 72.7 67.7 65.9 66.3 66.5 66.5 66.4 58.6 59.7 61 62.5 79.5 94.2 74 71.8 71.1 69.8 65.2 62.5 61.6 54 54 56.7 58.2 66.1 72.5 73.1 78.7
96.1 87.5 78.2 75.9 72.7 71.4 71 68.1 68.5 68.3 65.4 68.5 71 70.2 69.3 68.9 69.5 74 76.1 77.4 78.3 85.5 93.8 98.7 100.7 102.5 100.4 100.5 101.7 104.3 106.3 105.9 105.1 102.5 100.1 101.2 100.2 97.7 93.8 90.9 95.1 103.9 106.3 103.2 98.4 95.1 90.4 86.3 77.5 69.3 66.9 66.6 65.9 66.7 66.8 66.7 66.5 58.5 59.3 61.1 63.1 81.7 94 78.3 74.2 71.1 70.3 66.6 62.8 62 61.4 54 57.1 55.8 58.1 59 73.3 73.2
99.5 91.1 79.9 75.9 74.3 69.8 69.6 68.8 68.3 67.5 65.4 67 69.5 69.9 69.8 69.1 68.8 69 69.3 74.7 76.1 77.7 86.8 93.8 96 100.1 101.3 100.1 101.7 104.4 105.8 105.8 105.1 103.8 101.9 101.3 97.2 94.2 93.7 93.2 94.4 96.9 104.3 100.1 95 93 89.5 78.9 68.2 67.3 67.1 66.8 66.2 66.7 66.4 67.2 65 58.6 60.3 61 62.2 82.5 93.9 81.8 77.2 72.7 70.3 67.3 63.7 62 61.3 58.5 54 57 56.4 57.1 57.4 62.1
102.4 95.9 85.2 76.8 75.1 70.4 68.2 68.3 68.4 67.1 65.4 69.4 68.8 68.8 70.4 69.6 69.4 69.5 69.6 69.4 71 76.4 77.5 84.4 89.1 92.5 96.4 99 99.1 103.2 105.2 105 104.6 102.3 101.5 98.9 95.8 93.8 92.8 91.4 92.1 99.6 103.1 97.9 93.4 91.9 88.8 69 67.7 67.5 67.2 67.1 67 67 66.8 66.9 64.3 58.6 59.9 60.7 70.3 84.2 93.1 85.9 84.7 78 72.4 68.1 64.7 62.3 61.2 60.6 58 54 55 55.6 56.2 55.9
105.4 99.2 89.1 80.3 76.3 72.5 67.7 68.2 67.8 66.6 65.4 69.3 68.5 68.2 69.8 70.1 69.9 69.9 69.7 69.5 69.2 68.9 74.4 76.7 80.1 84.6 86.5 88.7 90.8 96.9 103.7 101.1 98 99.1 100.5 97.6 96.1 96.6 96.6 92.8 89.9 98.1 97.3 94.6 92 90.7 75.7 67.6 68 67.9 67.3 67.1 67.3 67.5 67.2 66.6 64.6 59.3 59.8 66.2 83.2 87 91 87.3 87.7 83.8 75.9 68.1 66.1 62.5 60.7 60.3 60.1 54 54.1 54.9 55.1 54.9
110.1 104.6 96.3 88.8 78.9 75.6 70.6 68.1 67.1 66.2 66.3 69.1 68.7 68.4 68 70 70.1 70 69.8 69.6 69.5 69.3 68.8 73.9 75.7 74.9 75.8 76.7 81.1 86.5 94.2 99.3 98.4 102.6 101.6 100.6 99.5 101.3 101.3 94.4 88.1 91.4 90 85.6 84.2 78.4 69.7 68.3 68 67.5 66.9 67.9 67.8 67.5 67.2 64.7 63.8 59.8 60.4 81.6 90.1 90.1 92.1 88.7 88.2 85.9 81.2 71.4 66.5 64.3 60.5 60.6 60.6 56.4 54 55.7 54.1 55
120.8 112.4 104.7 98.7 91.7 85.1 81.3 76.9 71.5 65.8 67.6 68.4 68.8 68.8 68.5 67.9 69.8 69.8 69.5 69.3 69.2 68.8 67.7 67.4 68.6 67.9 71 71.9 71.4 72.4 80.1 93 100.2 101.8 101.7 100.6 100.1 100.5 100.6 95.5 91.7 85.7 81.1 75.9 72.7 70.1 69 68.6 68.3 68 67.4 68 67.9 66.9 65.9 64.2 63.6 60.2 70.9 89.7 92.9 91.9 93.9 93.3 89.4 87.1 82.8 81.3 69.8 65.5 62.9 62.2 62.9 60.5 55.4 53.4 53.7 54.4
130.9 118.7 110.3 105.1 102.5 96.5 92.2 88.3 81.3 71.9 65.4 66 66 67.7 67.7 66.5 67.2 68.1 69.1 68.8 68.6 67.3 65.7 65.7 66.7 67.1 66.3 69.6 70.3 71.6 72.3 81.1 89.8 91.6 90.3 90 94.9 93.3 94 94.4 92.1 86.3 80.2 73 69.5 68.6 68.3 68.8 68.5 68.2 67.9 67.8 66.8 65.7 64.8 63.9 60.8 67 84.8 96.6 95.8 95.1 96.6 96 95.3 91.6 87.8 85.6 82.2 76.8 73.8 73.4 66.6 62.3 58.5 55.7 54.7 53.4
151.9 138 117.5 112.9 112.6 115.7 115.3 112.3 100.7 96 83.2 70 64.7 64.6 64.6 64.7 65.5 64.4 65.9 67.8 68 64.7 63.7 65.8 66.7 66.5 64.3 65.1 62.7 62.7 62.7 69.4 73.9 73.4 72.5 72.4 72.9 74.3 75.9 71.9 66.8 61.3 62 60.8 60.8 60.8 61.3 67.1 68.6 68.1 67.8 67 65.7 64.6 63.7 60.8 66.9 81.6 95.2 104.3 112.8 112.2 112.4 110.4 101.8 98.7 96.8 93.6 89.5 88.1 88.3 76.5 82.4 77.1 65.5 56.6 55.7 54.5
