data/320000-530000.asc
ncols 200
nrows 200
xllcorner 320000
yllcorner 530000
cellsize 50
[rows 105 to 139 of 200, columns 0 to 77 of 200]
162.6 161.4 156.4 152.8 153.1 152.9 152.6 151.8 151.1 152.3 154.8 156.1 157.4 156.2 156.6 159.7 162.8 165.4 166.3 165.5 167.5 170.9 174.4 176.4 176.8 178.7 179.5 181.2 183.2 185.4 187.5 191.3 197.3 205.6 212.7 219 224.1 228.4 232.8 232.8 230.1 228.4 229.2 228.2 229 232.3 236.5 238.9 241.6 241.5 241 242.8 244.2 246.3 249.3 249.7 249.2 248.8 248.5 248.2 247.9 246.8 246.1 245.2 244.3 242.5 240.4 238.3 236.5 234.8 234.2 235.3 235.5 234.8 233.9 230.7 227.7 225.1
166 164.5 161.3 156.4 155.7 155.7 155.5 154.6 153.8 154.8 156.3 158.4 159.9 159.6 159 161.5 163.3 165.1 166.7 167.8 168.9 171.4 174.8 177.8 180 181.9 181.4 181.4 181.6 183.1 185.1 186.8 190.3 197.2 205.8 214.7 220.7 224.7 228.2 227.9 224.6 222.2 221.8 221.7 222.6 224.1 225.7 228.1 230.7 231.7 231.2 233.2 236.2 239.8 242.4 242.7 242.3 242.4 242.9 242.8 242.4 242.1 241.7 240.9 240.2 239.5 237.6 235.6 233.7 232.1 232 233.5 232.8 232 230 227.3 224.8 221.3
168.7 167.5 162.3 161.6 159.5 158.5 158.2 156.9 157 158.3 158.4 159.9 161.3 161.1 161.3 162.9 164.4 166.2 167 169.4 171.2 173.4 176.3 179 180.1 182.7 184.1 184.4 184.1 185.2 186.8 188.4 189.9 192.8 196.6 204 214.5 220.6 223.3 223.3 220.3 218.6 215.8 215.6 216.5 217.5 218.9 220.7 221.9 222.8 224.2 227 230.1 233.4 235.2 235.4 236.2 236.4 236.8 237.2 237.2 236.9 236.8 237 236.1 235.3 234.7 232.7 231 229.5 228.4 230.3 229.7 228.7 226.7 223.1 219.4 217.3
170.9 168.7 165.8 166 165.2 161.8 160.7 160.4 161.2 160.8 161 162.4 162.1 161.8 162.2 163.9 165.7 167.4 166.6 171.6 173.7 175.8 177.8 179.3 180.1 183.1 185.4 188.1 189.1 188.9 188.9 190.5 192.3 194.8 197.6 200.6 207.1 216.1 220.1 221.2 217.6 213.7 210.9 207.6 209.8 211.6 213.3 214.3 216.5 218.2 220.8 222.1 224 226 227.8 228.8 229.9 230.5 230.9 231.7 233 233.6 234 234.1 232.8 231.9 231.2 230.6 228.7 227 226.1 225.2 224.8 225.2 222.9 219.9 217 213.4
170.8 170.9 171.6 170.4 169.4 167.2 164.6 164.6 163.9 163.3 163.5 163.5 162.4 162 163 164.2 166 167.8 169.4 171.7 174 175 177.7 178.7 180.2 183.6 187 189.2 191.3 192.9 193 193.6 194.4 196.6 198.8 201.3 204.5 208.2 214.4 215.9 213.3 208.5 205 202.1 202.7 204.7 206.5 209.3 211.4 212.9 215.5 216.7 217.9 219.4 220.9 222.1 223.7 225.7 226.9 228.5 229.6 230.2 230.9 231.2 229.5 229.2 229.3 229 227.1 226.1 224.4 222.1 221.3 220.9 221.4 220 217.3 213.4
170.4 172.2 173.3 173.8 171.9 169.3 167.3 167.5 167.7 166.8 165 163.9 162.7 162.7 163.8 164.6 166.4 168.1 169 170.2 171.7 172.9 175.6 176.5 175.6 178.5 181.9 186.1 189.2 193.5 197.4 198.9 198.7 199.7 201.3 200.5 202.6 204.4 204.5 206.4 204.9 201.1 197.1 195 195.9 197.5 199.1 201.9 204.6 207.3 208.4 210.1 212 213.6 215.5 217.5 220.7 222.3 223.9 225.5 226.2 227 227.7 228 226.9 227.3 227.3 227.4 225.8 224.8 223.8 222 219.1 218.6 218.1 216.6 215.3 211.1
169.3 170.5 172 173.1 171.7 169.3 168.2 169 169.6 168.7 166.6 165 163.4 163.5 164.6 165.5 166.7 166.8 167.2 165.8 169.5 169.7 171.1 171.9 171.7 173.4 176.9 180.1 183.2 186.2 193.3 198.7 201.3 201.6 200.9 199.3 198.5 202.4 201.4 197 193.3 190.1 189 189.4 191.6 192.9 194.4 196.6 198.6 200.8 202.7 205 207.7 209.4 211.2 214 217.5 219.8 221.6 222.6 223.2 223.8 224.1 224.4 224 224.6 225.2 225.4 224.4 223.5 222.8 221.1 218.3 217.1 215.8 214.5 213.2 211.3
166.9 166.8 168.4 170.3 171.4 168.9 167.3 168.3 169.1 168.8 168.1 166.3 164.3 163.6 164.8 165.2 164.7 164.7 165 163.1 167 166.8 166.3 167.3 168.8 169.9 171 173.9 175.4 177.5 182.2 188.3 193.9 197.4 199.1 193.8 193.1 194.3 197.2 193.6 186.7 183.4 184.4 186.1 187.9 189.3 190.9 193 194.9 196.9 199.3 202.8 205 205.9 207.2 210.7 213.9 215.8 218.9 219.6 219.7 220.3 220.6 220.8 221.2 222.2 223.3 224.4 224.1 223 221.6 219.3 217 215.3 214.2 213.1 212.1 212.9
164 162.4 162.9 164.7 165.5 166.5 165.9 166.2 167.2 166.9 166.7 166 164 162.5 162.9 162.8 162.6 162.5 162.8 163.1 164.1 163.6 163.3 163.2 163.9 165 165.6 166 167 168.9 170.5 174.5 180.7 184 187.4 185.2 180.7 182.1 187.4 188.2 172 175.6 181.6 183.4 185.4 186.2 187.8 189.8 191.8 194.5 196.1 199.2 197.9 200.8 204 206.8 209.6 211.3 213.7 214.9 215.7 215.7 216.3 218.9 221.6 222.7 223.8 224.1 223.4 221.1 218.4 216.6 214.7 215.2 214 212.7 211.5 213.8
161.1 158.4 157.4 158.7 158.8 159.8 160.3 161.8 163.4 164.8 164.5 164 162.3 160.6 160.5 160.4 160.2 160.2 160.5 160.7 160 161.1 160.6 160.5 160.5 160.5 160.2 159.2 159.8 160.5 162.7 165.2 167.8 171.6 175.1 173.3 168.6 168.1 170.4 166.6 176.3 176.4 178.6 181 183 184.7 184.8 186.7 189.7 192.2 192.2 193.3 196.9 200 201.5 203.6 206 208.1 209.5 211.3 210.8 209.9 215.5 218.4 221.1 222.4 222.7 222.8 222.4 220.7 217.1 214.7 213.9 214.4 214.3 213 211.7 213
156.4 154.5 152.7 152.4 152.5 153.1 154.8 156.4 158.1 160.2 161.2 160.6 159.2 158.2 158.1 158 157.9 158.3 158.7 159 158.7 158.4 158 157.7 157.7 157.2 155.1 153.3 153.2 153.8 156.7 158.3 161.6 163.2 163.5 162.5 162.2 161.1 162.8 167.1 169.1 172.8 177 179.9 181.4 183 182.8 183.7 186.6 189.9 188.6 193.7 195.8 197.5 198.9 200.4 203.1 204.8 205.3 205.2 208.6 211.6 213.9 216.4 217.6 219.5 220.7 221.3 221 220.6 217.7 215.3 213.5 213.5 213.3 212.2 211.9 212.5
148.2 145.8 146.4 144.8 144.4 146.9 149.4 151.5 153.9 155.4 156.6 156.1 155.4 154.7 155.5 155.7 155.6 156.1 157 157.1 157.8 155 155.3 154.9 154.4 152.4 150 149.7 149.6 149.4 150.1 151.4 154.1 156.8 156.8 155.2 155.5 158.4 160.3 164.2 167.1 170.9 174.3 177.6 180.5 182 176.4 177.2 180.9 182.1 183.8 189.4 192 191.5 194.3 198.2 199.9 200.6 202 204.9 207.8 209.5 211.2 213.6 214.7 216.3 218.5 219.6 219.5 219.2 218.1 215.7 213.9 212.5 212.6 212.2 211.8 212.2
139.6 137.4 138.8 138.4 139.8 142.3 144.3 147.6 148.9 150.8 151.4 152.3 152.1 151.4 151.9 152.7 153.2 154.2 155.8 157.5 156.8 154.1 153.1 152.2 150.6 149 146.7 146.5 146.5 146.6 146.3 146.4 148 149.3 150.3 151.6 160.8 160.4 162.4 165.7 167.4 169.4 171.6 174.5 177.2 180.3 176.6 182.8 185.2 186.7 187.5 189.2 191 194.3 195.8 198.5 199.6 200.9 202.1 203.3 204.8 207.3 209 210.6 212.9 213.9 216.6 217.7 217.1 216.7 214.8 215 213.6 213.7 212.7 212.4 211.8 212.3
131.3 131.7 133.6 133.6 135.7 137.7 139.4 142 144.8 146.6 147.9 148.6 148.7 149.3 150 150.6 151.2 152.1 153 154.5 154.3 151.9 149 149.8 148.5 146.4 143.7 143.8 143.9 143.9 143.8 144.1 145.5 147.7 152.1 156.1 159 160.8 162.1 164.1 166 167.6 168.8 171.6 173.2 175.7 175.7 181.9 184.1 186.1 186.5 188.2 190.4 192.6 194.7 196.6 198.1 199.6 201.8 199.2 198.9 202.4 205.1 208 210.5 211.8 214.2 215.1 213.7 213.5 213.7 214.1 215 215.6 213.7 212.6 212.9 213.3
125.4 126.7 127.6 128 130.5 132.8 134.6 137.5 140.9 143.2 144.4 144.8 145.6 147.2 148.1 148.7 149.4 150.3 151.2 152 152.1 150.5 148.8 147 145.9 142.8 140.9 141.1 140.7 140.1 141.5 142.6 143.8 146.8 150.2 153.5 156.6 158.5 160.4 162.7 164.5 165.8 166.6 168.3 169.5 169.7 175.3 177.5 179.8 182.1 182 183.7 185.9 188.3 190.9 194.4 195.5 196.2 197.5 194.7 201.7 203.5 204.7 206.8 209.2 211.4 214.8 214.7 213.9 215.2 217.1 218.7 219.4 218.4 216.5 214.6 213.9 214.1
119.7 120.9 122.6 124.2 127.4 129.4 132.1 135.2 138 139.6 140.8 141.9 143.4 144.9 146.1 146.9 147.6 148.6 149.7 150.7 150.3 148.7 147.1 145.6 143.3 141 138.9 137.9 136.7 137.7 139.7 140.5 142.5 144.6 147.3 150.7 153.4 157.1 159.1 161.9 164.2 162.3 162.4 164.3 163.6 164.8 167.9 169.3 171.1 173.6 177 179.4 181.9 184.3 186.7 189.6 190.5 187.4 194.2 196.7 200.1 203.2 206.2 209.3 213 215.8 218.4 218.6 218.7 219.4 220.5 222.4 222.1 221.3 219.5 217.6 215.8 214.9
114.4 116 118.7 121.8 124.5 127.1 129.9 132.8 135.2 136.7 138.3 139.5 141.1 142.6 144.1 144.8 146.2 147.3 148.3 149 148.5 146.9 145.3 144 141.8 139.9 136.4 134.6 134 136 138.2 140.3 140.8 142.6 144.6 147.9 150.5 153.7 157.4 160.2 157.5 150.7 161.9 163.3 165.9 168.8 171.2 172.1 169.9 168.9 172.6 175.6 177.3 179.9 182.1 184 183.9 188.9 192.6 195.6 198.5 201.7 204.7 207.8 211.3 216.2 218.6 219.8 221.2 222 223 224.4 224.2 224 223.9 222.2 219.7 216.9
109.4 111.8 115.9 119.4 121.5 123.7 125 128.7 132.5 134.6 136.2 136.6 138.6 140.4 142 142.9 145 145.9 146.9 147.2 146.7 145.1 143.7 142.3 140.8 139.3 134.4 131.8 134.5 136.9 139.1 139.5 139.3 141.1 142.8 145 147.6 150.3 153.1 147.1 146.6 156.8 161.9 164 165.8 168 170.7 173.6 174.7 175 174 175.1 175.3 175.2 176.8 181.8 185.3 188 190.5 193.9 197 200.3 203.8 206.6 210 214.3 217.4 219.7 221 223 224.5 225.9 226.9 227.1 227.1 226 223.5 221
106.3 109.2 112.2 115.3 118.1 119.6 122.2 125.1 129.8 132.4 134.2 134.5 135.4 140.9 144.5 145.4 145.1 144 145.2 145.5 144.8 143.4 141.7 140 137.8 135.9 135.9 130.8 134 135.7 136.8 137.8 137.9 139.5 141.2 142.5 143.2 145.8 139.4 144.3 152.4 156.7 159.2 160.8 162.1 164.5 166.9 170.6 175.6 177.4 177.7 178.7 179 182 183.2 184.9 187.7 189.5 191.3 193.2 197.1 200.3 203.3 205.9 208.4 213.3 217.1 219.9 220.7 222.9 225.1 226.9 228.3 229.2 230.2 229.1 227.4 225.1
105.5 106.7 109 112.5 114.2 118.1 120.7 124.3 126.6 128.2 129.2 133.5 139.3 143.1 147.2 148.1 148.2 147.5 146.8 146.1 145.1 143.5 142 140.6 136.8 133.8 131.8 132.3 132.4 133.8 134.9 135.5 135.9 137.6 139.1 139.9 140.6 137.1 135.8 140.4 144.8 149.4 153.8 155.8 159 162 164.7 168.1 171.6 173 175.5 180.3 182.1 183.4 184.5 186.6 188.8 190.9 192.6 194 197.2 200.8 204.1 207.6 209.5 211.8 217.7 219.1 220.9 223.2 225.6 228.8 230.6 231.8 232.6 231.8 230.3 228.4
101.8 102.5 104.9 108 110.9 113.9 118.2 121.7 121 128.5 132.1 135.9 139.9 144.3 149.5 150.6 150.7 150 149.3 149.3 149.2 148.4 146.8 144.3 139.7 134.5 131.7 128.7 130.7 131.9 132.6 133.3 134 135.5 136.3 137.1 136.8 131.8 137.1 140.6 143.1 145.3 148.8 152.6 155.8 159.4 164.3 167.6 169.7 171.1 173.6 176.6 180.9 184.8 186.1 187.8 189.8 191.2 193.3 195.2 198.4 201.6 204.8 208.1 211.9 214.4 216.8 220.4 222.7 225 228.4 231.8 233.7 235.3 236.3 235 233.6 230
98.5 101.8 103.1 104.5 107.1 110 113.2 113 122.3 127.3 131.4 135.3 140.1 145.6 151 153.1 153.4 153.2 153 153.1 153.3 152.7 151.8 149.8 145.4 136.7 131.8 129.1 126.9 129.2 130.2 131 131.8 132.6 133.2 135 129.7 135.3 137.2 139 141.2 143.4 146 148.5 152.3 156.5 162.4 166.5 168.5 170.5 172.6 175.7 178.9 182.3 185.9 187.8 189.6 191.8 194 196.3 199.6 202.2 204.6 207.5 211.6 215.8 218.5 222 224.5 228 231.4 235.2 239 240.4 240.8 238.7 237.3 231.3
98.4 100.5 101.4 102.3 103.6 106.4 106.7 114.7 118.7 123.2 129 134.4 139.5 145.5 150.8 154.7 157.2 156.9 156.8 157 156.8 157.7 156.7 154.2 153.4 141.4 130.9 127.7 127 127.4 127.8 128.1 129 129.2 128.4 127.1 133.7 135 135.8 137.3 139.1 141.6 144.3 146.7 148.8 151.9 157.6 161.9 165.2 169.8 171.6 174.7 177.9 181 184 187.7 190.6 192.5 194.7 197.4 199.6 202.2 204.4 206.9 210.9 215.2 220 223.5 227.6 231.7 235.5 239.3 242.8 244.5 245.5 243 239 233.5
96.8 99.1 100.2 100.5 101.5 105.9 110.8 113.3 115.2 116.8 121.9 130.6 137.2 143.1 149 154.5 158.5 160.6 160.2 160 160 161 162.1 156.9 154.6 142.3 129.9 126.4 125.7 125.7 126.8 126.9 127.1 126.6 125.9 130.4 132 133.1 129.6 130.8 135.8 139.6 142.4 144.2 146.6 148.7 152.1 156.6 159.6 162.9 167.5 170.5 175.1 178.5 183.7 188 191.2 193.2 194.7 196.8 199.1 202 204.3 206.6 210.2 214.6 219.5 224.7 229.9 235.4 239 242.9 247.1 248.9 249.2 246.2 242.8 236.2
92.4 94.8 96.7 98.8 102.1 106 110.6 111.8 112.2 113.7 115.4 122.5 132.7 139 144.7 151 158.3 160.9 162.5 162.9 163.4 164.3 164.5 161.5 154.1 139.7 128.4 124 122.4 122.7 124.1 124.3 124.7 124.8 125.3 128.5 129.5 129.1 131.1 134.4 136 135 137.1 140.5 143.7 146.2 147.7 151.2 155.5 157.8 163.2 167 171.9 175.4 180.2 185.1 187.9 189.8 191.4 194.1 199.5 202.1 204.5 207.5 211.2 215.6 220.9 226.6 232.7 238.6 243.1 247.6 252.2 253 252.6 249.9 244.2 238.8
96.2 97.8 99.8 101.8 104.6 107.2 107.5 109 109.5 110.2 111.9 114.3 122.6 131.7 138.2 147.3 154.7 161.1 162.3 165.8 166 166.2 166.4 163.5 153.8 139.6 126.4 121.6 120.1 120.2 121.5 121.8 122.3 121.3 122.4 125.9 124.7 125.5 130.7 134.4 136.9 138.7 138.2 137.8 138.7 139.7 144.1 148.2 151.2 153.6 158.6 163.4 168.1 172.2 176.4 181.9 184 189.1 192.5 195.8 198.8 202.4 205.8 211.3 214.7 219 223.3 230 237 243.6 248.2 251.1 255.7 256 256.9 252.9 246.5 240.7
97.3 99.1 101.4 103.6 105.4 105.7 106 106.3 106.9 107.5 108.5 110.5 115.7 123 129.4 137.2 143.9 152 156.2 162.7 166.4 168.1 168 164 152.5 140.1 125.5 120.3 117.8 118.1 119.2 119.8 120.3 118.1 120.6 122 122.1 127.1 130.1 134.1 137.5 140.1 141.9 142 142.1 143.4 143.1 144.4 147.8 152.4 156.5 160.9 165.5 167.1 174.4 179.5 183.7 188.1 193.1 198.1 202.5 206 210.1 215.1 219 223 227.4 234.1 241.1 248.5 253.7 255.9 256.4 256.3 255.5 251.2 245.8 240.1
97.7 99.8 101.8 102.9 103.4 103.6 103.9 103.9 104 104.5 105.3 106.6 110.1 114.1 119.8 126.2 133.5 139.3 143.4 149.1 154.2 156.8 157.4 156.2 147.9 136.6 124.6 118.2 115.9 115.9 117 117.6 118.3 118.2 117.4 122.1 124.6 127.6 130.9 134.3 137.7 140.4 143.1 144.9 146.6 147.4 148.8 149.2 150.6 150.7 152.7 157.3 160.6 167.2 172.7 178.9 184.4 189.7 197.6 203 209.5 213.6 217.6 220.7 223.9 227.3 231.8 238.3 246.6 254.2 258.9 259.2 258.8 254.4 250.1 244.2 241.1 238.6
97.6 98.6 99.7 100.8 101.1 101.2 101.3 101.3 101.3 101.4 102.1 102.5 105.9 108 110.7 114.6 119.2 124.4 130.3 133.1 136 139.2 139.1 137.6 135.5 131.8 123.2 116 112.1 111.4 114.3 115.5 116.5 117.6 116 122.3 124.3 126.9 130.7 134.6 137.9 140.7 143.5 146.6 149.7 151.4 152.3 152.6 153 155.3 157.9 160 162.8 166.2 171.5 179 185.6 193.6 201.4 208.8 215.8 220.9 225.6 228.2 230.2 233.6 237.9 242.4 249.8 256.8 262.2 259.8 257.3 253.3 249 244.9 241.3 238.9
95.4 96.5 97.6 98.6 98.6 98.6 98.6 98.6 98.7 98.8 99 99.3 99.2 100.1 102.5 105.6 108.2 111.5 115 118.5 120.7 123.2 122.9 119 122.3 123 115.6 108.8 106 107.2 109.9 112.5 113.5 112 115.3 121.4 123.7 126.6 130.8 134.7 138.2 141 143.8 148 152 154.4 155.8 156.2 155.7 157.2 159.2 161.6 163.9 167.3 171.9 180.2 188.7 197.2 205.8 215.6 222.8 228.8 232.8 235 237.6 240.5 243.9 247.6 254.4 259.4 262.3 259.8 255 251.8 248.6 245.1 241.2 237.8
93.4 94.3 95.2 96.1 96 96 96 96 96 96.1 96.2 94.7 93.2 93.2 94 96.6 99.3 102.5 105.3 107.5 109.2 110.9 111.1 110.3 109.5 106.1 100.8 100.5 101.8 103.2 105.2 107.7 108 113.7 118.2 120.1 122.8 126.8 130.9 134.8 139.1 142.8 145.7 149.7 153.8 156.7 159 160.1 160.9 160.8 161.9 163.6 166.1 170.1 175.7 183 191.9 201.5 211 222 229.5 236 239.3 241.3 244.4 247.3 248.7 252.1 257 256.5 254.2 254 254.5 253 249.1 244.3 237.3 232.9
90.7 91.2 92.2 93.1 93.4 93.4 93.3 93.3 93.4 93.4 93 90.8 90.1 91.8 93.3 94.1 94.4 94.7 95.5 97.4 99.1 100.7 101.4 99.6 98.3 95.4 100.2 98.8 98.7 100.6 102.5 104.1 108.7 113.9 117.6 119.5 122.7 126.4 130.5 135.4 139.9 143.7 147.3 151.5 155.2 158.4 161.4 164.1 166 166 165.5 166.8 170 174.3 180.2 187.3 195.9 205.4 215.1 224.8 234.3 240.7 245.5 246.8 249.2 252.4 253.4 250.9 248.5 248.7 247.2 250.9 253.9 254 249.5 242.7 230.8 221.9
88.4 88.7 89.2 89.8 90.5 90.7 90.7 90.3 90.6 90.5 89.4 87.8 90 91.2 92.7 93.1 92.7 92.6 92.5 93 93.5 94 93.7 93.9 94.9 96.4 102 104.5 101 101.3 102.5 104.8 109 111.6 116.7 119.7 122.7 126.4 130.1 135.3 140.8 144.5 148.4 151.6 155.3 159.5 162.7 166.5 170.1 171.4 172.3 172.6 174.1 178.5 184.6 191.5 199.9 209.3 218.9 228.1 237.4 243.1 246.2 247.8 249.8 247.9 246.7 241.7 239.7 241.4 240.7 242.2 245.4 250.5 241.3 229.2 216.8 204.9
86 86.2 86.6 86.9 87.5 87.5 86.6 85.6 87 85.1 85.3 85.6 88.9 91 91.8 92.2 93 93.4 92.8 92.7 92.1 91.6 92.9 95.4 97.9 100.2 103.1 106 107.4 106.9 107.6 108.3 110.6 111.3 115.3 119 122.8 126.4 130.5 135.5 140.7 144.8 148.8 152.1 155.9 159.6 163.4 167 171 175.7 177.1 177.7 177.8 182.5 188.6 195.5 203.9 212.5 221.8 230.3 237.1 239.6 239.1 241 241.4 236.2 232.7 229.9 226.4 227 227.6 226.7 225 220.4 215.8 205.8 194.5 187.2
83.7 83.7 83.9 83.8 83.6 83.4 81.7 80.2 81.2 82.3 82.8 83.7 86.4 89.2 90.2 91.2 92.1 92.5 91.6 90.8 90.2 90.6 92 96 97.8 99.9 102.8 105.4 107.1 107.9 109.9 111.8 113.3 114.5 115.6 117.4 120.7 126.8 130.4 135.3 140 144.9 149 153.6 157.5 160.5 163 166.1 171 175.1 181 182.2 182.4 185.8 190.5 197.4 206.5 214.1 221.2 226.9 230.5 230.7 228.7 229.5 228.1 225.2 223 220.1 216.3 213.3 210.5 205.2 198.6 190.8 184.2 177.4 170.4 167.6
