data/320000-500000.asc
ncols 200
nrows 200
xllcorner 320000
yllcorner 500000
cellsize 50
[rows 140 to 174 of 200, columns 0 to 77 of 200]
385.8 380.6 380.5 377.7 370.3 370.8 371.5 370 369.2 363.5 359.3 357 351.5 341.7 338.2 358.6 351.9 336 326.5 318.1 300.5 298.1 309.5 320.3 330.9 331.4 321.5 317.8 321.4 325.2 325.3 321.6 327.2 329.9 335.1 336.2 339.9 334.6 313.1 311.7 306.9 296 240.1 214.8 194.7 176 163.8 159.1 158.4 158.1 169.6 182.6 195.5 217.1 242.3 269.1 296 331.8 374.9 438 445.9 457.5 464 470.5 470.9 468.5 472.7 469.1 468.6 468.6 470.3 469.4 466.4 444.6 423.6 400.2 383.4 367
379.2 378.9 379.7 374.6 370.3 374.5 379 376.8 372.7 368.2 357.9 353.5 348.7 339.1 332.1 332.2 326.5 323.4 314.6 300.8 298.4 302 315.3 322.9 328.3 320.7 314 317.7 321 329.2 333.5 327.8 321.2 327.1 335.9 319.3 316.4 316.9 293.6 284.9 270.1 241.3 209.6 187.9 169.3 158.9 153.8 150.8 153.4 159.9 173.4 187.6 205.6 227.5 252.8 279.6 307.2 337.6 371.3 440.7 460.7 459.4 460.7 465 467.3 467.9 468.6 469.4 470.2 471.5 471.3 469.3 462.3 448 431.4 408.4 389.7 372.8
370.5 372.7 374.8 370.5 369.7 375.6 378.8 380.9 379.9 375.9 368.4 356.9 350.2 341 333.3 326.6 317.9 312.3 305.2 291.7 299.5 301.5 304 318.9 316 303.3 306.5 320.9 322.7 335.1 340 332.3 325.3 319.8 317.5 308.6 301.5 298 277.4 257 234.1 208.5 188.5 169.5 157 149.4 149.1 149 157.3 167.9 180.1 203.8 225.7 244.2 264.9 289.6 316.9 347.5 373.8 407.1 443.9 454.3 456.9 465 468 468.1 468.1 468.1 468.3 469.5 469.5 468.4 462.6 452.3 438 415 394 376.6
350.4 349.5 351.8 358.9 366.1 380.4 387.7 389 383.2 381.1 379.3 368.6 355.2 344.4 334.8 328.4 327.8 310 299.2 289.8 293.9 292.4 297.3 306.2 299 298.7 307.4 319.7 328.6 335.9 332.4 329.7 333.6 323.4 308.7 293.9 286 272.5 252.7 235.8 211.3 185.2 166.9 155.3 154.4 148.6 149.5 157.2 166.8 177.5 191.3 215.2 246.1 261.7 279.9 297.7 324.1 351.5 376.9 403.5 429.8 442.6 456.7 470 472.3 472.2 472.8 474.4 475.4 472.3 468.6 468.6 462.3 453.3 437.1 420.4 400.3 381.2
328.8 335.4 339.1 348.1 363.6 379.2 389.1 390.7 388.9 380.7 380 378 365 344.2 335.6 330.1 327.1 318.3 298.4 290.1 288.7 290.2 289.1 291.2 287.4 293.9 308.2 304.6 312.9 318 321.4 317.3 330.6 303.7 281.8 263 254.2 242.2 224.6 212.2 190.7 166.9 151.2 148 148.3 148.8 155.4 166.8 178.1 190.4 204.6 222.3 244 269.7 291.7 313.9 336.1 360.5 390.1 427 447.6 452.7 471.1 480.8 482.5 486.8 484.7 485.6 483.1 478.6 473.3 469.6 463.6 454.8 443.5 427.4 406.3 387.8
320 324.3 329.4 343.6 370.7 387.1 389.3 391.3 386.6 379.5 378.8 380.1 370.2 346.2 336 322 320.8 311 300.6 291.8 278.2 282.3 281.4 280.2 274.3 279.5 285.4 281.2 272.5 272.1 267.8 265.4 281.9 280 253.5 239.2 229.7 210.6 194.8 183.3 174.2 150.3 144.9 147.9 147.9 148.6 161.1 176.7 189 201.7 218.5 236.5 258.3 281.7 304.2 328.8 352.2 384.3 405.5 443.8 462.2 465.4 475.5 485.2 500.5 500.5 501.5 495.6 494.4 486.3 482.5 476.6 469.8 460.1 448.4 430.3 410.9 391.6
314.8 319 328.5 342.2 366.3 388.7 391 389.8 382 380.8 375.4 380.8 374.7 342.5 329.1 315.8 316.9 303.5 299.7 290.6 280.3 258.6 268.7 266.4 258.5 259.4 257.7 250.9 244 234.4 231.5 225.6 226.9 226 218 215.2 212.8 197.6 171 154.9 152 143 140.4 147.4 149.3 161.6 176.5 192.1 200.5 218.2 234.2 252 274.5 295.5 314.9 342.5 372.5 420.3 431.8 452.1 464.5 471.1 479.6 493.8 506.4 507.4 505 501.7 500.9 496.9 492.6 485.2 475.3 460.9 448.6 433 412.9 395.8
308.7 316.2 322 344.8 359 382.8 382.7 381.3 373.4 374.4 369.7 376.9 359.8 334.8 320.5 308.9 305.7 299.8 301.2 297.9 290.7 258.1 253.8 248.6 241.7 238 232.4 223.8 215.2 207.4 200.7 199.4 199.3 196.3 191.6 189 195.9 174.5 152 139.6 139.1 140.9 145.7 152 164.5 178 193.2 212.3 218.2 239.3 252.7 272.3 288.6 309.8 335.4 372.5 399 430.2 454.1 471.7 470.1 481.4 485.1 500.3 514.5 517.4 508.8 503.1 509.3 498.9 498.1 486.3 473.9 461.4 447.1 429.8 412.8 400.9
313.5 321.3 328.2 342.8 352.4 360.9 367.3 373.9 367.2 367.2 356.1 363.2 356 319.9 308.9 304.6 306.3 299.7 307.5 297.9 279.8 273.9 248.3 228.3 230 219.9 214.8 202.2 192.8 184.4 183 179.2 176.9 172.3 166.4 170.6 174 154.7 137.8 137.7 139 147.2 160.8 173.8 182.4 191 210.8 233.8 240 250.4 272.2 289.5 306.3 322.3 347.9 379.7 408.6 457.7 466 478.8 488.5 489 495.8 510.9 522 523.2 517.9 507.2 504.7 498.6 500.8 496.8 480.5 457.6 440.6 425.4 408.7 391.4
301.6 319.4 326.7 334.2 348.9 356.8 360.8 354 345.5 342.3 338.3 336 323.8 309.1 299.9 301.8 305.3 295.2 293.1 287.1 279 267 245.7 219.8 216.1 205.3 197.6 190.9 181.9 174.7 171 167 166.4 157.4 152.1 152.3 151.9 138 134.7 137.3 143.1 155 169.5 185.4 203.3 217.9 224.4 246.4 260 265.7 284.2 301.2 322 341.2 360.7 387.2 424.9 452 469.1 480.9 492.5 505.7 511.9 522.6 530.1 530.9 522 511.4 502.5 495.2 491.6 486.7 468.4 450.9 437.6 419.9 404.3 388.8
300.8 313.3 325.4 331.1 350.1 365.3 365.7 351.1 337.6 328.5 327.5 319.8 311.2 298.3 291.8 292 292.5 287.1 279 280.4 277.7 255.7 246.2 225.3 204 191.2 182.1 179.1 170.8 162.9 159 158.7 154.8 149 144.6 141.6 140.3 132.7 135.9 141.4 150.8 166.5 180.2 197 216.8 242.8 241.4 259.5 277.4 280.8 295 307.4 333.7 351.8 374.3 405.3 434.1 455.3 467.5 478.2 502.3 515.7 526.6 530.6 537.1 540.4 522.2 512.6 504.6 490.5 481.6 474 450.5 436.6 429.5 413.2 402.6 391.2
307 321.8 339 343.9 360.9 361 350.7 345 342.9 334.2 323.1 315 304.5 291.2 289.2 288.1 290.5 290.2 282 267.6 261.2 246.1 234 223.9 210.6 195.8 177.2 159.6 155.5 149.8 149.5 145.3 142.5 141.4 136.8 133.6 131 129.2 139.4 147.3 162.1 178.1 193.2 211.8 237.4 267.2 271.6 271.2 285.1 299.2 309 322.9 338.9 355.5 380 411.9 443.6 460.4 466.1 482.3 509.5 524.4 540.4 540.5 539.8 536.8 513.3 507.7 498.4 480.4 468.8 458.7 439.6 430.4 420.2 409.7 399.9 389.4
325.8 336.8 349.3 360.1 360.1 358 357.3 358.4 350.9 332.3 321.5 312 300.7 296.6 290.5 286.8 292.6 298.8 281.8 267 248 236.7 226.3 216.4 203.2 190 174.8 156.2 138.9 136.6 141 136.3 134.3 139.5 128.5 128.9 129.8 136.4 144 154.2 167.8 183.1 201.5 228 252.7 281.1 292 291.3 301 307.5 321.3 334.9 350.5 369.4 388.5 412.8 433 455.3 474.1 492.3 519 529.1 538.4 545.4 543.2 522.9 505.8 495.1 489.3 473.3 460 446.4 434.2 427.8 417.5 406.7 396.4 386.4
340.4 351.3 352.2 348.7 347.6 346.1 352 354.9 339 322.7 319.2 313.3 307.3 308.4 288.9 285.6 289.7 287.2 270 255.8 237.2 228.9 221.6 209.6 197.9 181.3 164.9 152.5 137.1 128.5 131.3 131.7 128.4 130 120.6 130.4 133.4 140.3 145.7 154.1 169.4 184.5 215.2 251.6 280.8 289.3 304 304.9 312.3 323.4 335.5 349.2 366 380.4 399.3 427 443.8 470.7 504.3 507.7 520.7 529.4 531.8 537.2 533 515.4 495.7 489.1 477.6 465.4 452.6 440 428.9 422.6 416.5 405.6 395.6 385.8
331.3 343.9 343.6 335.4 335.5 343.4 349.4 339.5 328.2 318.4 312.7 309 312.3 299.3 289 284.7 290.9 286.8 266 246.1 227.8 220.7 212.4 203.2 189.8 173.3 157.2 144.9 136.6 123.9 117.7 120.2 117.3 117.7 124.1 130.2 134.1 138.4 145.1 157.3 170.7 189.9 220.7 281.5 300.3 309.9 318.1 323.8 329.9 339.5 352.7 363.4 377.9 390 409.9 434.3 450.9 468.6 500.2 517.1 528.7 538.4 531.4 531.3 523.4 505.1 494.4 485.8 472.7 459.8 449.2 437.5 425.7 419.4 420.2 408.2 396.9 388.7
322.8 333.4 331.3 323.1 329.6 338.9 341.5 338.2 326.3 315.7 307.4 308.6 302.2 289 285.9 280.5 278.7 273.3 253.3 235.4 219.7 209.9 200.9 192.6 180 166.2 149.8 137.9 134.5 123.9 114.4 115.2 117.1 118.9 127.5 130.4 135.4 141.7 149.8 163.3 176 195.3 225.3 278.8 311.7 327.3 340.4 346.8 347.9 356.8 368.5 386.2 396.3 408.9 420.1 438.8 452.1 482.4 499.9 512.3 525.1 538.9 533.3 528.2 518.6 502.5 488.4 480.4 469 455.1 444.3 436.2 425.5 418.2 412.5 401.4 398.1 393.9
325.1 329 319.3 320.2 322.5 331 340 330.9 324.5 306.4 298.8 294.5 290.8 289.5 284.9 276.8 264.8 252.8 238.3 226.7 215 203.2 190.4 178.1 170.9 154.8 141.9 132.2 130 122.3 114.6 115.7 117.6 120.2 127.5 131.5 140.2 147.6 157.1 169.7 185.9 206 237.5 272.4 317.9 348.4 360.8 368.1 365.5 372.5 381.6 396.1 413.7 421.8 429.9 440.6 459.6 486.9 498.8 515.9 521.8 528.3 526.8 520.2 509.3 498.5 484.1 474.2 462.7 451.9 443.8 438.7 431.4 418.9 407.4 398.5 395.1 393.3
322.7 323.7 311.4 308.9 321.9 331.6 318.8 312.8 312.2 289.3 290.1 288.1 288.2 291.1 279 280.2 268.9 245.5 229.3 219.1 210.6 200.7 186.2 171.2 158.4 145.5 132.8 126.7 123.3 117.1 113.2 114.1 118 122.5 127.8 135.6 145.3 152.4 160.9 176.8 196.7 220.8 252.7 289.4 332 355.1 375.4 383.8 382.3 387.7 398.5 407.2 421.5 431.9 442.9 461.1 475.3 485.1 499.5 504.5 506.7 517 515.1 507.5 499.7 493.9 480.2 464.2 458.4 449.1 442.7 439.3 431.9 415.2 401.6 394.4 390.2 391.9
316.2 312.2 305.3 308.9 320.3 322.2 308.8 305.2 286.1 281.1 284 285.7 291.1 291.3 274 270 258.5 241 226.4 211.3 205.2 197.5 181.9 162.2 149.1 136.7 128.5 122.4 116.7 110.6 110.3 113.3 119.3 124.8 130.2 141.1 147.8 156.6 171.1 184.4 204.6 239 272 317.3 355.5 360.3 381.3 395.5 397.2 399 423.4 434.6 437.4 444.7 453.6 477.1 498.8 495.3 499.7 498.4 499 496.8 500.1 508.9 494.5 484.7 470.4 460 453.4 445.8 440.4 432 421.3 407.8 395.6 385.8 378.3 380.4
302.4 299.7 300.4 310.4 314.1 297.1 289.9 289.4 278.7 278 278.5 298 299.5 288.3 268.2 263.3 253.1 231.8 221 203.1 200.3 186.1 171.3 152.4 139.8 131.4 125.3 118.8 109.6 107 110.7 113.5 118.1 125.1 137.3 146.8 150.3 159.9 173.4 192.1 221 252.1 293.8 341.5 356.3 373.1 382 399.4 400.5 418.2 439.7 451.5 459.7 472.8 476.1 489.5 500.3 499 501.5 499.8 498.7 492.5 492.1 488.2 483 475.9 470.3 459.5 448.9 441.5 439.4 422.7 413.6 400.6 389.8 377.8 369 367.4
287.7 292 295.4 293.1 286.2 289 288.9 271.4 274.3 279.1 273.7 303.7 291.3 279.7 263.5 251.9 240.4 223.1 212.4 199.4 192.9 177 157.9 144.1 132.8 125 119 114.1 108.1 106.3 109.9 110.2 114.5 122.5 133.7 143.5 155.5 171 186.4 205 232.7 264.5 320.1 336.3 346.9 366.2 376.9 389.9 410.5 426.2 446 468 481.5 497.7 504.5 500.8 499.4 498.2 499.3 512.4 509.3 505.9 486.4 481 473 469.8 463.6 458.3 445.7 437.1 427.4 415 401.3 388.5 378 366 354.9 344.3
270.4 281.6 268.7 260.8 263.7 272.4 263.2 273.6 280.9 278.9 274.2 284.6 275.8 268.7 261.6 244.3 229.3 216.2 203.4 190.7 174.7 165.7 150.1 137 126.7 120 115.2 110.2 104.8 105.1 107.8 108.5 111.2 120 130.4 145.3 159.2 174.3 193.7 216.9 249.5 280.1 310.4 326.3 340.5 359 375.4 392 411.3 437.5 453 475.4 504.7 510.8 511.9 512.7 511.1 498.3 498.7 509.7 505.7 502.4 485 477.5 470.8 465.3 460.2 457.5 443.4 432.4 421.3 411.1 396.6 382.6 365.6 349.8 340.7 330.6
260.6 256.3 254.9 249.9 256.9 254.5 260.9 269.3 281.5 279 276.1 275 270.5 255.6 249.2 239.4 221.5 214 195 188.3 174.6 154.5 140.9 129.4 120.6 115.6 111.2 106.6 100.7 102 105 108.3 115.5 127.4 136.3 148.2 163.5 180.9 202.4 231.1 263.2 294.1 306.9 312.1 331 352.7 370.8 384.8 407.3 432.2 461.3 492.8 505.3 510.1 512 514.9 519.5 503.8 499.8 504.2 499.5 494 488.7 479.4 471.2 467.9 460.7 455 438.8 427.2 412.1 403.4 391.4 374.9 352.5 335.7 324.9 317.2
247.9 238.4 238.9 239.9 242.1 248.4 259.5 271.6 289.3 276.6 268.6 269.6 262 252.1 248.3 232.5 214 206.1 192.4 180.5 165.2 150.1 134.9 123.4 115.5 111.1 106.5 99.7 102.7 105.4 104 113.7 121.5 134 140.6 152.9 170.9 190.3 217.4 247.8 277 294.3 300.1 310.1 320.9 336 372.9 382.3 400.4 429.5 442.2 474 485.5 484 491.3 501.3 508.6 509.1 502.1 491.3 488.7 487.4 478.8 482.9 468.7 459.1 460.5 456 434.4 419 404.6 390.7 378.8 358.8 337.4 322.4 309.8 301.9
229.3 228.6 230.7 230.2 238 248.6 254.9 289.7 303.1 290.3 279.7 265.8 259.2 251.5 246.5 226.2 208.7 196.9 182.1 167.8 154 136.8 128.2 118.9 112.2 107 102.3 103.8 102.9 103.5 104 113.8 118.6 133.6 150 166.7 183 203.9 238.3 280.9 286.8 293.1 297.8 306.4 314.8 324.3 342.8 367.9 384.8 425.8 424.9 445.1 464.7 463.4 467.9 481.4 500.3 510.1 510.6 500.5 480.4 481.8 477.9 475.2 461.2 460.5 456.4 442.3 425 406.7 401.5 387.2 359.6 345.2 329.5 312.5 299 286.9
228.3 225.7 227.7 229 240.9 249.7 270.5 301.9 298 287.2 278.5 266.9 265.6 249.3 239.4 217.3 202.1 186.2 169.6 155.2 138.1 127.8 122.3 114.7 108.2 103.9 97.4 103.1 101.2 101 105.6 114.3 123.8 137.2 153.2 177.3 199.1 225 267 283.6 289.5 285.1 289.6 293.5 298.3 310.8 325.8 345.1 354 396.3 408.9 415.6 430.7 447 448.9 452 490.5 503.4 511 504.8 488.4 475.1 464.9 466.9 455.9 446.6 449.3 426.9 404.1 390.1 382.2 370.4 350.4 330.4 317.4 303.7 288.3 279.3
223.4 227.5 224.4 228.6 234.4 255.9 268.5 287.7 277.6 279.6 267.9 258.9 255.9 239.8 234.3 211.2 190 172.8 154.8 139.5 124.9 116.9 111.2 106.5 102.7 100.6 99.5 101.5 100.4 101.1 108.5 118 131.3 146.9 164.8 186.1 212.1 250.5 274.1 277.8 280.4 279 281.5 285 289.9 299.2 310.3 326.4 333.5 352.4 381.2 398.1 409.1 426.4 427.6 427.8 462 498.9 491.1 495.8 493.9 487.1 461 451 438.8 433.9 430.4 408.4 384.9 371.1 355.6 347 336.5 318.6 307.5 291.4 280.2 271
217.3 218.4 206.7 221.7 235.1 269 272.3 274.7 269.1 266.6 245.9 250.2 239.3 226.4 225.5 201.5 178.8 158.3 138.9 123 109.7 106.5 102.9 101 99.3 96.7 100.5 100.8 98.9 103 112.7 123.9 137 154.1 174.7 196 229.1 257.2 268.6 270.5 273 271.9 274.1 280.4 284.6 290.7 304.1 313.6 319.4 328.3 349.7 370.6 384.9 402.5 406.8 413.3 435.3 481.8 470.1 475 479.2 476.7 456.1 436.4 422.7 415.7 401.6 390.9 372.1 357.6 340.9 329.1 318.8 306.5 292.3 277.7 269.3 259.3
208.6 201.3 197.6 211.7 231.8 249.5 259.5 260.4 258.5 248.2 241 232.9 221 216.9 212.4 192.3 169 149.9 126.8 113 105.6 101.1 99.7 99.5 97.9 95.5 99.3 100.6 99.4 108.7 118.6 132.2 145.5 167.2 188.3 214.3 250.1 259.9 262.4 261.8 264.3 264.7 266 269.7 275.6 277.3 285.4 297.9 308.1 314.4 326.2 338.9 363.7 374.6 378.9 392.4 404.6 447.6 440.9 441.7 447.9 445.4 439.7 424.7 417.8 402 392.5 371.8 359.7 349 337.9 327.6 309.4 306.1 297.9 286.1 274.1 257.9
198.2 196.2 194.5 199.4 220.4 238.3 241.7 257.9 251.8 231.9 229.4 218.6 207.4 197.3 193.4 180.1 161.3 139.2 118.9 106.5 103.2 99.3 96.7 96.2 95.5 95.8 98 97.9 102.4 113.7 125.3 139.7 159 181.9 208.6 241.5 254.1 257.4 257.3 257.7 256.6 255.9 256.7 257.2 260.5 264.5 276.3 283.6 293 299.1 308.5 317.9 335.2 343.8 355.4 369.4 382 404.6 401 404.2 402.7 411.8 420 408 399 388.2 380.4 367.4 357.2 349.5 340.6 330.9 320.5 307.2 298.1 291.4 270.9 248.3
193.3 197.6 198.5 203.4 215.2 231 239.9 239.4 230.2 221.5 213.8 207 197.8 190.2 187.6 166.9 146.2 123.4 108.7 103.6 99.9 95.3 93.8 94.2 94.6 95.4 96.8 99.2 109.1 119.7 133.7 149.3 171.8 208.9 230.6 248.2 251.7 252.8 252.8 249.6 247.6 247.6 250 252.6 256.1 257.6 267.9 271.8 278.1 283.5 292 302.1 315.1 329 343.2 354.7 365.6 369.1 374.4 379.4 383.3 389.4 391.6 391.1 385.5 378.5 372 365 357.9 350.4 343.6 333.8 322.5 307.3 290.9 277.9 262.3 246.6
201.2 199.5 208.9 213.9 223.4 229.1 239 230.3 218 210.1 205.5 196.2 184.7 179.5 171.9 148.7 127.3 111.2 105 100 98.9 92.3 93.1 94.2 94.7 96.2 98 106 115 126.1 140 156.7 186.8 219.1 231.6 242.7 246.5 246.9 244.8 241 240.2 240.5 243.3 248 250 249.7 258.5 260.5 262.8 263 274.9 284.8 298.9 313.6 336.1 352.7 367.4 372.3 376.3 385.8 393.9 396.9 397.9 388.2 379.7 377.6 370.2 368.1 356.5 345.7 337.4 327.5 318.8 305.9 288.5 269.9 250.2 240.5
214.9 205.4 218.8 220 234.9 230.9 228.4 217.6 208.6 197.7 191.5 178.8 168.5 159 150.3 130.5 114.4 106 101.7 98.8 90.3 91.4 92.5 93.6 94.9 96.5 98.3 104.3 116.5 128.3 145.8 162.8 187.9 219 228.1 236.4 238.8 240.5 237.4 233.8 233.1 234.2 238.6 243 242 243.1 246.9 254.7 260.8 265.2 275.6 292.1 317.9 328.9 350 370.2 386.4 384.6 378.8 382.5 396.6 397.8 396.1 384.2 375.7 370.5 359.6 351.9 343.9 339 328.5 318.7 307.1 294.7 278.6 262.8 242.3 231.7
223.8 226.2 221.4 216.5 227.2 220.3 217.3 207.4 190.1 180 164.8 154.7 145.8 137.1 126.9 115.1 105 100.3 92.4 88.7 90 91.1 91.9 93.5 95.1 96.7 99.6 106 116.2 130.7 149.2 170.4 194.7 205.8 214.4 220.5 222.8 225.2 225.6 223.8 224.1 229.1 235 241.3 247.1 254.1 259.2 263.2 268.4 275.6 287.3 302.7 347.4 364.5 375.2 386 398.4 396.9 386.1 387.6 383.7 383.9 381.3 376.3 366.4 355.6 349.2 338.1 334.1 330.3 323.3 311.3 299.4 284.6 267.9 250.1 231.1 227.9
225.6 229.9 228.7 215.2 207.5 203.9 194.8 182.8 174.1 162.9 145.5 135.4 128.6 117.9 106.5 101.7 102.1 93.6 87.2 88.4 89.7 90.8 92.2 93.4 95.1 97.1 100.7 108.1 119.1 134.6 156.3 184.9 192 199.5 205.4 209 213.4 219.3 215.6 217.7 225.3 235.9 245.4 251.4 259.7 268.3 277.3 276.7 279.4 287.9 299.4 316.3 353.1 379.4 385.5 390.4 394.1 393.7 389 379.3 378.6 376.6 374 362.6 353.4 343.6 338.2 330.3 324.3 316.1 310.4 303.1 292.4 278.2 262.4 243.3 226.4 220.2
