data/320000-510000.asc
ncols 200
nrows 200
xllcorner 320000
yllcorner 510000
cellsize 50
[rows 70 to 104 of 200, columns 79 to 157 of 200]
534.1 503.8 482.5 471.4 451.2 451.4 463.9 466.9 460.3 449 396.1 332.6 273 217.8 188.5 175.8 161.1 129.3 116 111.6 101.9 93.4 97.1 99.3 97.4 89.6 78.6 96.5 108.4 125.4 154.2 190.1 245.8 278.4 301.7 329.7 345.3 344.7 334.1 321.5 329.9 335.1 340.6 353 335.1 340.6 346.6 357.1 364 378 388.2 391.4 394.5 390.1 388.5 384.4 380.5 371 358.1 347.2 337.1 328.9 322.3 312.2 301.8 287.9 275.6 261.7 256.7 251.6 243.5 250.8 260.3 273 294.8 317 315.8 335.5 365.4
526.5 505.4 492 478.1 464.6 454.9 472.5 469.6 467 458.5 422.6 389.2 337.4 260.6 210.4 194.3 182.4 144.3 118.9 105.1 98.8 102.3 114.1 116 99.9 94.1 81.5 85.1 104 115.9 139.2 167.2 211.7 249.7 285.9 310.3 326.4 332 318.3 318.9 324.1 326.9 334.2 340 336.2 344.5 353.6 357.5 361.3 371.6 379.8 386.7 392.3 390.9 389.4 383.2 378.7 368.3 356.9 343.6 334.2 325.4 317.4 312 304.4 294.5 286.2 270.4 261.4 262.8 254.3 255 262.3 272.5 287.8 289.9 320.5 337.1 354.8
534.6 512.6 493.6 486.6 479.6 462.6 480.2 483.3 482.8 473.7 447.3 401 357.7 305.4 255.1 218.5 175.4 154.1 126.5 107.3 100.8 122.7 120.4 102.6 89.7 80.9 80.9 78.6 102.5 109.2 126.8 154.1 186.1 220.6 263.8 286.1 309.9 317.7 310.2 309.3 317.3 329.1 331.1 335.6 346.1 352.4 355.6 369.9 381.4 386.3 385.8 389 395.1 392.7 387.3 384.9 377.4 364.8 354.2 339.7 333.7 325.6 318.9 315.8 315.4 308.3 305.3 280.1 279 272.4 267.9 259.2 260.7 268.7 273 291.2 314.5 332.9 355.1
538.8 518.4 501.8 488.8 482.1 477.3 492.5 485.3 476.7 465.9 428.7 373 326.8 289.3 249.2 211.7 178.2 151.7 129.5 109.1 109.3 125.4 115.9 98.4 87.8 87.3 81.3 80.3 85.6 104.5 119.2 137.9 167.6 217.2 250 269 287.4 298.8 301.2 297.5 310.4 321.2 323.2 334.2 350.8 353.8 359.4 374.7 394.8 398.8 400.5 391.3 393.5 387.2 387.1 388.9 376 362.4 348.2 336.7 333.5 329 326 326.8 322.7 320.9 313.5 292.7 290.7 272.8 272.4 259.4 260.6 262.2 267.1 282.6 304.6 322.7 348
540.5 521.8 506.2 493.1 485.8 481.3 480.3 478.4 473.3 460.2 434.2 399.6 345.7 290 256.3 206.6 174.9 148.7 128.4 115.4 126.9 121.9 112.2 100.1 96 91.7 84.9 82.7 81.4 84.4 103.1 129.3 167.6 201.6 234.5 251.3 265.9 279.5 287.3 285.9 300 317.7 333.2 336.4 345.5 356.5 364 384.6 398.5 406.4 410.6 391.6 387.3 382.4 381.2 377.8 367 357 343.8 337.4 335.5 335.8 335.8 332.9 329.4 331.5 322.5 298.1 284 270.7 259.8 259 260.5 263.4 267.9 277.5 292.2 313.6 339.4
545.8 532.8 525.4 514.1 502.8 492.7 478.8 476.8 469 455.1 430.5 392.8 337.7 283.4 247 208 174.5 147.5 128.7 135.3 134 127.4 121.5 111.7 103.2 94.6 95.3 91.8 80 82.7 97.6 144.9 176.4 182.4 203.5 229.8 244.5 260.4 271.7 275.3 297.2 310.9 320.5 329 339.9 361.9 373 388.7 402.1 409.8 404.2 389.7 384.4 378.3 371.9 364.8 355.8 349.4 341.7 337.6 336.3 336.9 340.2 332.4 334.3 333.6 321 299.8 282.6 265.9 259.1 259.1 259.5 261.5 265.4 273.8 288.2 310.6 337.7
553.6 545.1 534.5 528.9 520.3 506 509.9 489.3 459.4 415.6 400.6 364.3 326.2 288 235.4 205.6 176.3 148.9 136.2 149.1 145.9 138.9 130.8 119 108.1 105.9 101.8 92.6 81.1 82.8 130.5 150.8 156.1 161.3 181.8 196.9 221 245.7 260.4 269.5 300.9 299.6 309.7 325.9 351.2 369.8 376.1 389.8 396.9 401.5 398.4 388.4 379.9 374.5 363.7 352.5 345.3 342.8 339.7 337.2 335.9 341.2 344.7 334.3 337.3 330.9 320.2 299.4 278.8 262.1 259.1 259.1 259.1 260.1 262.9 271.3 286.8 308.1 336.3
553.8 547 539.9 529.8 521.8 514.3 498 486 469.9 421.7 376.3 332.6 308.5 264.3 226.9 196.1 175.8 144.9 154.6 173.6 172.2 161.4 145.8 131.9 117.2 111.4 113.1 100.7 84.2 83.7 109.1 121 128 146 160.2 175.9 221.7 243.4 252.3 271.3 289.8 293.3 314.9 343.5 360.3 372.8 382.1 389.2 396.8 392.6 389.1 382.7 373.8 368.2 358.5 345.6 342.7 339 336.8 335.3 333.9 337.3 338.7 335 332.6 327.1 315.5 295.3 271.9 259.1 259.1 259.1 259.1 259.7 264.3 270.7 282.1 300.6 331.1
558.2 551.1 537.8 524 510.5 494.8 478.7 460.2 444.6 420.1 361.2 328.7 296.3 249.1 217.4 189.2 163.2 144.6 177.5 195.3 190.7 178.1 156.3 136.1 113.3 105 106.4 106.7 92.1 82.2 93.1 106.4 116.8 128.6 143.6 169.9 211.8 229.1 242.7 264.1 277.4 300.6 325.3 344.2 356.4 380.2 382.1 378.5 388.8 384.9 380.5 371.8 365.4 355.2 346.5 345.4 341.8 336.7 334.8 333.4 331.9 332.3 334.7 332.5 328.1 320.3 305.2 289 265.6 259.7 259.1 259.1 259.1 260.2 264.3 267.1 278.3 295.3 322.5
559.9 540.5 524.2 511.1 499.4 488 473.7 456.3 421.2 398.6 349.7 314.8 281.2 236.9 205.8 181 159.1 155.4 202.3 215.5 202.3 181.6 159.4 129.3 109.5 101 95.6 94.6 96.1 80.7 87.5 96.8 117.1 119.4 141.8 164.5 198.3 211.6 233.4 252.7 268.6 296 317 332.5 353.7 377.3 379.1 371.4 370.6 368.4 362.1 356.4 348 342.3 341.4 343.6 340.4 335.7 333.4 330.9 329 326.9 327.8 325.1 319.2 305.2 289.3 284 265.7 259.6 258.2 259.1 259.1 259 263.1 265.9 277.9 298.4 323.4
548.1 530.9 518.9 516 503.3 492.3 476.4 461.2 414.9 374.6 351.5 317.5 268.6 235.5 202.6 178.7 164.7 166.7 220.3 258.4 227.6 191.2 169.8 147.3 126.3 109.9 92.6 89.6 84.5 82.6 83.2 99.9 114.1 108.9 136.3 155.3 179.9 196.3 220.2 236.7 257 279.9 305.8 333.1 349.5 361.2 366.4 358.4 351.5 349 345.5 338.8 335.8 335.5 339.2 341.2 337.4 333.6 331.5 326.6 321.5 317.7 313.9 310.9 307.9 304.5 293.9 286.7 266.4 259.5 258.5 258.6 259.1 259.5 260.6 263 275.9 295.9 318.5
546.6 529.9 518.7 509.3 498.1 486.2 474.3 457.7 418.8 374.6 335 312.5 265.5 232 207.5 190.7 174.1 175.9 220.8 283.2 283.7 223.7 190.2 167.4 147.8 125.5 100.6 86.9 82.7 82.8 80.7 94.4 100.3 101.2 119.2 138.2 164.7 189.8 208.5 227 250.8 272.2 293.8 315.8 331.6 334.9 344.6 341.3 334.5 327.5 326.1 330.3 326.2 334.8 336.6 337.9 327.8 325.5 323.4 322 317.8 321.1 314.2 315.6 312.5 303.5 293.7 283.8 268.3 261.3 259.5 259.3 258.9 259.7 260.6 262.6 273 291.3 314.1
541.2 527.8 516.2 499.2 486.2 479.7 471.6 460.6 419.6 372.4 328.7 295.9 270.4 240.6 216.6 197.4 175.2 178.2 217 268 267.7 247.4 221.7 194.7 172.1 138.9 115.1 93.1 84.3 82.7 80.7 82.3 81.9 90.6 104.7 129.3 166.4 184.1 197.1 217.5 241.6 261.3 280.1 296.1 302.6 309.8 315.9 314.2 313 309.4 313.1 315.5 324 330.2 330.3 323.9 319.6 322.6 324.3 321.1 320.8 324.1 316.9 317.7 315.3 308.6 293.8 282 270.2 262.4 260.2 258.9 260.2 260.6 261 264.6 269.8 283.6 307.4
531.3 519.7 504.8 490.1 480.9 466.7 458.3 448.6 425.3 369.3 329.1 296.3 266.5 242.7 223.7 193.7 174.8 187.3 214 240.5 243 225.5 207.6 196.7 176.4 151.5 125.6 103.7 85.3 82.8 83 82.5 82 85.7 101.8 133.2 156 169.2 184.3 202.9 218.4 232.7 251.7 269.6 277.6 290.2 296.6 300.1 302.5 300.6 297.5 306.5 319.8 319.7 318.8 314.7 322.5 336.6 328.3 323.6 320.5 317.8 316.6 314.4 308.7 303.8 291.9 281 269.3 266.7 260.4 260.2 261.4 262.2 262.3 264.2 272.7 284.5 305.2
520.8 507.1 496.7 487.3 472.9 457.1 438.3 429.1 419.6 370.6 332 293.9 264.7 240.5 216 195 183.8 198.3 219.9 227.5 221.7 200.7 183 171.6 159.6 147.7 125.6 100.4 83.5 83.1 83 82.2 82.9 84.2 101 123.7 139 153.1 168.9 186.1 197.2 209.8 230 249.5 268.3 283.6 292.4 291.3 288.2 284.4 286.2 293 298.5 306.8 309.6 307.8 332.8 341.6 332.6 323.3 318.8 318 316.4 313 308.3 298.2 289.8 280.4 272.2 272.7 260.9 260.4 261.8 261.6 263.6 263.7 271.8 285.3 303.1
514.1 502.1 491.7 482.3 470.2 449.9 427 397.4 379.7 373.6 336.7 299.1 262.8 242.9 212.7 193.1 209.8 223 216.8 220.1 208.4 187.4 168.7 155.2 142.3 132.4 117.8 96.1 84.5 81.1 82.5 82.7 82.8 82.9 89.5 104.3 123.9 138.6 155.1 171.7 186.6 203.5 225.8 249 265.8 275.4 283 274.7 269 270.7 266.9 277.5 285.2 295.3 298.6 320.7 342.1 342.4 331.8 321.8 318.8 316.9 314.6 309.2 303.2 297.4 287.4 278.8 273.1 274 264.2 260.4 261.9 266.1 266.1 265.3 267.4 286.2 297.7
510.3 496.2 481.1 465.4 445.7 427.7 410.2 393.4 372.8 333.9 319.6 291.2 267 245.5 218 208.1 237.9 220.6 216.2 221.5 198.7 176.1 155.4 137.7 124.3 118.6 108.6 89.2 83.4 83.6 82.8 82.6 82.7 82.7 84.1 90.1 108.4 126.5 146 163.3 182.7 200.5 224.9 241.4 252.7 257.5 255.7 250.8 255.7 261.9 263.7 272.2 276.8 287.6 296 328 338.4 335.3 330 324.8 319.3 317.4 314.5 310.9 305 300.1 288.7 281.3 275.7 276.8 270.5 262.2 262 267 275.1 266.6 268.1 279.6 293.6
486.2 477.5 459.8 444.6 428.1 408.3 391.2 373.7 347.6 325.9 287 266.4 245.9 228.6 215.1 216.1 241.9 216.4 226.1 209.8 186.7 164.1 138.8 123 110.8 102.4 94.2 87.6 81.9 83.8 83.4 82.9 82.6 82.7 82.7 85.3 97.4 115.9 133.4 153.4 174.2 187.8 205.3 218.8 227 233.4 233.3 234.2 245.4 249.7 260.8 267.8 283.4 291.8 307.3 330 334.8 335.7 334.6 325.6 320.8 317.3 318.4 315.7 305.9 297.9 287.3 281.3 276.7 276.5 275.7 266.4 265.2 270.1 281.6 273.2 268.9 273.5 285.4
467.1 448 431.4 419.5 403.7 387 368.6 351.5 332.1 305.2 283.1 251.4 233.9 222.1 213.4 222.5 224.4 216.3 215.5 193.6 169 146.2 124.8 110.1 95.8 87.7 85.2 81.9 84.3 83.9 83.6 83.2 82.8 82.8 82.8 83.5 87.7 105.9 123.6 143.3 161 175.6 190.1 201.5 207.8 213.6 216.6 219.8 227 237.4 245.8 268.1 287.4 309 325.7 341.3 337.9 340.5 342 329.6 323.8 321.3 322.5 317.6 309.7 296.4 287.6 286 277.4 276.2 277.2 270.1 270.5 275.8 281 278.9 276.2 275.4 282.6
434.2 420.1 403.7 387.4 374.7 366.4 348.5 330.6 311.5 284.8 258.9 235.8 218.4 211.7 206.5 218.1 211.4 212.8 197.8 177.5 151.2 130.1 112.8 96.4 84.7 83.4 84 84.3 83.9 83.6 83.4 83.4 83.2 83.1 82.9 82.9 85.6 93.9 114.3 136.1 155.2 176.1 186.1 188.4 189 195.7 203.8 209.4 214.7 230.4 250.1 283.7 307.1 322.7 330.9 338.2 337.4 346.2 345.7 333 330.4 322.7 323.2 319.7 310.2 298.7 296.6 287.3 278.6 276.8 275.5 274.2 278.2 281.4 282.2 280.1 282.4 282.9 281.1
395.5 381.6 368 350.8 343.9 337.6 327.8 315.5 304.4 274.9 246.7 231.8 215.4 201.4 202.7 208.4 201.7 196.9 180.6 161.7 142 119.5 104.7 95 84.5 83.6 84.3 84.2 83.9 83.9 83.9 83.8 83.6 83.5 83.3 83.4 83.8 84 103.4 128.1 148.4 163.9 174.1 171.2 173.4 181.1 190.4 202.6 216.9 240.1 266.5 296.8 317.2 330.8 334.3 337.3 335 342.9 342.4 336.8 330.4 325.1 323.8 318.7 316.6 309.4 301.6 292.2 282.2 278.3 276.8 279.3 285 288.3 288.2 288.8 285.7 291.7 290.7
354 340 328.2 319.7 313.2 308.4 301.7 292 280.3 263.4 242.6 221.4 210 195.7 197.8 190.2 185 178.9 165.8 150.4 130.7 111.5 98.3 89.2 86 84.4 84.8 84.7 84.5 84.5 84.4 84.2 84 83.9 83.7 83.8 84.2 84.9 88.5 112.5 129.7 139.4 141.3 151.3 159.7 168.9 186.2 203 227.5 258.1 282.8 305 321 332.2 332.6 331.3 334 339.4 339.3 335.9 333.2 325.1 325.3 324.8 320.2 312.9 307.1 299.4 290.2 281.6 279.9 286.1 292.7 296.4 297.4 295.2 289.7 294.7 300.9
318.6 309.1 298.9 292.2 286.6 280.6 275.4 266.3 257.3 243.9 222.4 207.6 196.7 191.5 181.6 172.8 167.6 170.4 159.2 144.1 128.8 111.7 95.7 85.2 84.9 85.1 83.6 83.4 85.2 85 84.7 84.6 84.4 84.3 84.1 84.3 84.5 85.7 89.5 97.9 111.1 121.2 126.3 147.8 160.8 173.4 190.3 210.4 235.5 264.6 291.1 306.8 318.8 331.3 328.2 330.7 333.4 337 338.1 335.9 332.5 328.9 327.7 326.7 323.1 321.4 314 305.5 294.8 287.7 285.6 290.9 298.8 307.9 305.5 297.9 294.1 298 311.3
307 291.6 281.1 271.4 266 258.6 251.6 246 237 223 206.3 194.7 183.8 178.3 158.1 156 154.3 157.6 150 136.1 120.3 104.7 91.9 84.8 85 83.7 85.1 85.1 85.3 84 85.2 85 84.8 84.7 84.5 84.7 84.9 86.2 87.1 88.9 96.3 103.3 120.4 137.9 155.4 171.8 191.9 216.3 239.4 268.5 294.5 309.3 322.7 325.8 325.2 333 334.5 335.6 336.7 335.5 334.5 331.1 329.7 330.6 331.4 335.3 324.7 315.4 307.4 301.8 297 297.7 305.2 312.1 314.5 310.4 303.6 307.3 317.7
330.4 313.5 302.3 288.2 275.4 265.4 249.5 236.4 216.9 204.8 193.6 184.6 175.6 163.3 151.7 145.3 140.7 139.5 132.5 120.3 108.3 99.3 88.2 85.1 85.5 85.3 85 84.8 84.8 85.1 85.5 85.2 85.2 85.3 85.1 85.3 85.4 85.8 86.7 88.5 90.7 103.4 118.3 133.8 150.3 166.9 192.7 234.6 250 268 288.6 311 321.2 317.5 321.5 331.5 334.3 337.4 337.6 337 336.4 333.1 333.2 333.4 336.7 342.5 338.5 327.2 320.4 315 310.7 304.4 312 321.3 335.8 329.4 315.8 313.3 322.7
346.2 329 312.5 299.5 287.2 274.4 263.3 250.5 231 210.4 195.5 184.8 172.1 155.4 149.8 138.9 127.7 119.4 111.5 107.4 103.3 93.3 87.6 85.8 85.5 85.1 85 84.8 84.7 84.9 85.6 84.6 85.9 85.8 86 86 86.1 86.4 87.3 88.2 90.2 102.6 117.7 132.3 147.5 164.4 190.4 231.9 253.3 274.1 285.8 308 317.2 314.9 324.5 336.2 339.9 340 339.4 339.2 338.4 335.2 335 336.5 344.5 353.9 351.4 340.3 331 327.9 324 323.7 322.6 331.8 338.7 338.9 331.6 325.2 331.3
360.9 338.1 317.3 302 288.3 274.4 262.4 249.8 233.4 212.8 200.2 191.9 178.1 163.5 150 144.6 135.1 122.7 110.9 103.4 100 91.7 88.9 87.1 85.6 85.3 85.1 84.9 85 85.2 85.3 86.2 86.4 86.7 86.8 86.8 86.8 87.1 88.1 88.4 90.5 98.7 110.7 126.8 144.5 161.2 184.4 221.8 257.6 275 283.7 301.9 313.7 317.8 332.1 340.1 343.5 341.7 341.3 342.5 340.9 336.9 338.8 342 353.9 367.8 370.5 355 348.9 344.1 341.2 340.8 336.2 341 349.6 354.4 352.5 341.3 341.1
380.5 356.9 333.9 313.2 294.6 275.5 257.5 242.2 229.8 216 207.5 193.6 178.8 162.9 159.2 151.7 141.2 121.9 108.5 96.4 94.1 90.1 88.4 86.7 86 85.3 85.1 85.2 85.3 85.5 85.6 85.8 87 87.4 87.6 87.5 87.5 87.9 88.5 89 90.6 98.8 109.5 127.1 144.9 173.4 184.5 207.6 246 267.5 283.8 298.8 310.6 318.8 335.6 341.5 343.2 344 343.4 345.9 347.1 341.1 343 350.4 369.7 380.9 378 370.2 365.6 360.4 357.3 353.1 351.5 349.6 355.1 364.4 364.4 358.7 353.2
388.9 360.4 340.7 319.3 295.3 279.1 261.1 239.4 225.8 221 207.8 193.7 175 169.4 163.7 151.9 139 121.2 106.3 96.7 91.3 89.1 87.5 86.4 86.4 86.2 85.6 85.9 86.2 86.5 86.2 86.3 87.7 87.4 87.5 87.6 88.2 87 89.1 90.1 92.3 99.5 109.3 127 145 167 184.3 206.3 234.4 255.9 281.1 299.3 305.4 314 329 339.2 343.2 352.1 350.1 352 347.8 344.9 347.7 357.8 376.6 388.9 384.8 385.4 380.1 375.4 371.7 368 365.5 364.3 364.3 375.1 373.3 371.6 366.1
388.4 362.4 341.2 320.5 300.9 280.3 264.8 245.5 229.7 213.3 198.8 184.8 181 172.8 165.2 152.5 138.6 118 104.8 96.6 90 87.8 87.4 87 86.5 84.9 86.8 87.1 87 86.6 86.2 86.9 87.2 87.6 87.4 87.3 87.5 87.8 89.1 90.5 94.3 99.1 109.5 125.8 142.6 157.8 181.1 205 233.5 255.8 273.8 289 304.4 319.8 332 346.4 350.6 353.4 354.1 352.2 357.9 354.7 351.9 363 388.6 400.1 395.5 398 395 390.4 390.5 384.2 395.7 385.3 381.4 380.8 385.1 389 383.9
390.1 365.9 343.3 320.2 298.4 277.7 256.8 243.3 226.6 212.7 200.1 187 178.1 172.8 159.7 148 134.1 118.1 106.2 95.5 89.5 88.3 87.3 86.6 86.2 86.8 87.9 87.5 87.1 86.7 86.3 87 86.6 87.5 86.8 87.1 87.6 88.3 88.7 91.1 92.5 96.5 106.3 126.7 142.6 155 176.8 203.4 230.2 249.4 266.6 291.6 302.9 318.9 333 349.7 353.2 351.8 355.9 369.1 380.5 370.6 360.9 365.4 389.2 410 410.3 410.2 414.7 415.5 409.7 398.5 413.1 404.6 397.4 395.9 395.5 398.8 396.1
396.3 368.5 343.4 321 299.7 274.2 256.5 237.1 224.9 215.5 199.2 186.2 174.7 167.4 159.1 144.6 112.5 117.3 109.1 98 91 88.8 87.6 86.5 86.1 86.6 87.6 87.6 87.1 86.5 86.5 87.4 87.5 87.2 86.9 87.5 88.1 88.7 88.7 89.6 92.5 94.7 103.1 122.3 138.4 161.1 187.2 206.9 220.5 249.3 269.2 286.5 305.6 315.9 335 352.3 354.8 356.4 364.9 385.6 408.1 394.8 381.9 381 384.2 403.7 420.9 429.2 435 429.9 428.6 422.5 430.6 419.2 417.2 411.4 404 404.1 403.7
408 382.5 354.2 318.7 294.7 278.4 261.7 245.8 227.4 212 198.3 184.2 174.9 167.8 154.6 138.7 116.7 108.3 102.6 94.4 92.9 89.7 88 86.5 86 86.2 87.1 87.3 87.3 87.6 87.7 88.1 88.9 87.9 87.3 87.9 88.5 89.3 88.3 89.4 94 95.6 102.1 114.7 134.4 159.4 191.3 211.7 222 242.7 272.5 288.1 301.2 313.4 333.1 352.9 363.5 361.3 381.2 410.2 420.1 418.1 402.3 406.9 398 406.9 418.1 436.7 442.4 436.4 443.6 445.4 443.1 442 433.3 421.9 411.2 406.7 404.3
433.7 400.3 369.9 344.5 319.2 294.3 267.9 244.8 225 210.2 194 182.3 173.5 160 143.3 142.7 133.4 120.8 108.3 100.5 96.9 88.7 87.5 86.9 86.1 86.3 86.5 87.9 87.6 88.7 89 89.4 89.8 90.4 87.7 88.2 90.2 89.7 89.9 89.9 95.2 97.6 99 114.3 135.5 163.7 195.6 213.3 225.2 247.1 264.7 287.3 298.8 312.9 329.2 353.5 363.6 371.3 395.2 424.5 438.3 429.3 419.8 413.5 408 411.9 420.3 424.4 441.7 439 443 446.6 451.1 453.3 442.5 431.3 419 409 406.2
441.6 410.6 383.7 353.6 321.4 295.2 272.8 246.3 229.4 212.9 198.6 186.8 178.7 164.5 160.5 160.4 145.6 133.2 120.7 111.8 103.3 88.3 87.9 87.2 86.3 86.3 86.5 86.9 89.9 89.3 89.1 89.2 90.5 91.3 90.8 92.6 103.9 95.3 90.3 90.1 94.8 98.5 101 113.2 128.1 155.3 178.2 197.2 223.5 255.9 288.1 289.6 302.3 313.2 330.8 350 359 369 397 424.9 444.3 436.3 423.9 415.2 413.8 412.8 420.1 423.3 425.8 436 444.8 450.3 458.5 455.2 450.9 445.9 435.9 419.5 408.3
