data/320000-820000.asc
ncols 200
nrows 200
xllcorner 320000
yllcorner 820000
cellsize 50
[rows 35 to 69 of 200, columns 78 to 155 of 200]
418 427.4 434.4 439.8 442 441.3 438.9 434.4 430.7 426.7 422.6 418.4 414.2 408.9 404.4 401.7 397.3 392 389.9 387.5 397.9 410.8 425 437.7 451.2 464.9 478.8 491.9 502.4 513.5 520.1 524.2 525.3 523.8 522.4 532 541.9 549.3 557.7 566 567.1 561.4 550.2 537.9 526.4 510 505.7 512.4 520.8 531.5 547.2 563.8 578.5 600.1 619.5 638.1 655.7 671.8 685.4 695.5 703.2 709.3 712.9 716.4 716.6 716.5 713.8 709.3 702.1 690.1 672.1 654 637.6 654.4 671.8 679.8 691.5 697.7
420.3 430.1 436.8 442.9 446 446.6 445.1 442.2 440.4 436.4 430.9 425.5 421.5 416.5 410.5 407 405.5 401.5 398.2 394.4 393.8 402.9 415.7 428.9 441.4 456 468.2 478.2 486.7 495.2 501.1 502 499.2 499.2 500.4 512.7 521.8 533.7 538.6 546.5 547.1 541.9 536.2 528.1 512.7 501.6 510.1 519.4 528.1 535.2 544.8 562.4 581.1 599.5 618.9 636.5 654 667.8 684.1 694.2 702.4 708 712.1 714.4 715.3 713.9 711.1 705.6 698.7 689.9 678.4 667.4 644.6 633.9 650.8 660.9 678.6 685.9
418.9 428.9 436.2 442.5 446.6 450.9 452.2 451.3 448.9 445.8 441.1 435.4 428.3 423.3 417.3 415.9 413.5 409.8 406.2 403 399.3 398.9 405.9 419.2 431.5 445.1 456.9 466.5 471.6 476.4 478.1 468.9 467.8 471.3 478.4 488.3 506.2 509 517.8 525.3 526 523.9 521.6 513.9 500.2 500.8 512.1 523.4 532.5 542.8 554.3 567.1 583.7 602.5 620.2 634.7 653.6 667.9 684.1 694.3 701.5 707.4 710.6 713.4 713.7 711.7 707.6 701.1 694.6 685.7 680.9 671.2 651.3 623.9 629.2 645.8 665.3 672.7
411.2 422.1 431.9 441 448.3 454 456.6 456.8 456.8 454.9 450.1 445 437.5 430.7 424.4 423.3 420.4 417.3 413.7 410.3 407.5 404.4 404.7 409.6 420.6 431.8 441.2 452 454.3 452.8 445.9 442.1 447.3 450.9 458.9 471 485 486.8 489.9 493.9 499.9 504.8 506.3 499.8 492.5 502.2 514.5 527.3 537.6 551.3 565.1 581 592 605.5 620.7 636 655.7 669.9 684.6 695 701.9 707.7 711.9 713.1 712.6 709.2 704.1 695.2 689.7 683.1 679 668.7 648.5 625.9 611.4 632 651.5 658
400 409.5 422 436.8 450.5 456.4 460.4 462.6 464.1 462.3 460 455 445.7 437.6 432.2 429.8 427.3 424.9 421.3 418.8 416.4 413.4 410.9 408.1 412.7 417.6 423.4 434.1 430.4 435.3 439.2 446 452.1 457.5 457.4 459.5 464.7 467 470.4 473.1 477.7 484.1 490.1 489.4 494.3 506.1 520.3 536.1 547.2 558.2 572.5 590.1 602.9 614.2 625.7 639.2 657.6 672.1 686.5 695.2 701.8 708.1 712.4 713.2 711.6 707.6 700.5 691.7 685.2 678.8 672.2 659.9 643.9 621.3 597.3 619 637 644.7
412 417.8 429.2 439.6 451.9 460.4 465.4 468.6 470.7 469.2 468.5 465.8 456.2 448.5 442.3 439.6 436.8 432.6 430.2 427.7 425.5 422.8 419.8 418.3 419.5 421.4 424.2 428.1 434.9 439.7 444.1 452.3 461.7 470.4 475.9 475.7 475.4 477.3 481.7 485 486.6 485.2 486.2 488.9 500.8 514.9 526.8 542.9 552.2 562.8 580.6 598 611.5 623.3 633.9 650.3 663.9 676 686.3 695.4 703.3 709.7 713.2 713.8 711.9 707.4 701.4 692.2 682.8 671.8 659.6 648.4 631.4 612.2 586.5 608.4 623.1 633.6
422.7 432 442.1 450.4 456.7 465 470.5 475.3 478 480.3 479.2 476.4 468.4 464.5 460.4 454.6 449 443.4 439.4 437.8 435.5 432.7 429.4 427.8 426.8 427.5 431.7 435.3 445.4 451 453.8 455.3 465.9 474 479.4 484 487.3 489.3 492.6 494.3 496.4 496 497.7 502.2 511.5 521.3 535.4 548.2 559 574.3 588.7 603.7 618.8 630.1 645.3 658.9 670.2 678.7 688 697.1 704.9 710.6 715.2 715.5 714.3 710.4 704 695.9 683.5 663.4 647.8 630.9 617.1 598.5 578.6 595.9 609.9 621.6
432.8 444.4 454 461.6 466.4 471.5 476.7 481.1 485.4 488.6 488.3 486.1 483.5 480.4 477.6 473.3 466.3 458 452.3 448.6 445.8 443.1 440.6 438.7 437.1 436.3 438.3 443.5 453.6 460.3 462.9 464.1 467.2 475.1 481.1 486.4 490.7 493.8 496.2 498.4 500.3 501.7 503.7 507.2 516 531.2 541.4 552.5 566.9 579.5 592.2 609.7 624.8 638.7 652.4 664.9 673.6 681.2 690.4 698.9 706.6 713 717 718.5 718 714.5 707.4 696.9 680.9 661.9 643.9 624.7 602.8 582.7 572.5 582.4 596.4 611.1
444.7 455.5 464.7 471.3 477.8 483.1 485.9 490.3 492.2 497.4 497.1 495.5 496.3 496.5 493.8 490.5 480.3 473.9 467.2 462.7 459.8 456.8 456 453.4 450.5 449 449.3 449.2 461.7 467.5 470.6 473.1 473 475.9 482.7 488.6 492.8 496.4 498.9 501.2 502.6 504.7 507.3 511.7 523.6 534.4 545.3 557.9 571.2 583.1 598.4 614.6 630.4 645.8 657.5 667 675.1 683.6 692.5 700.9 709.7 715.3 719.6 722.5 722.6 717.7 708.2 696.1 680 662.6 643.2 623.6 602.3 582.3 565 568.3 579.9 596.9
457.4 468.3 477.3 487.1 492.7 498.1 502.8 506.9 509.9 508.6 507.4 506.8 508.9 509.2 507.9 505.3 500.6 491.5 484.3 479.6 475.9 472.4 472.5 470.1 467.1 463.9 462.7 461.5 465.4 475 476.8 478.4 480.1 480.8 483.5 490.1 494.9 498.5 501.3 503.4 504.6 507.6 511.2 519.6 528.4 536.5 551.9 562.5 573.2 589.5 602.7 619.9 635.5 648.6 657.9 666.8 675.5 685.9 694.6 702.5 711.7 719.2 724.4 726.9 725 718.4 708.2 692 675.4 661.4 645.9 624.6 605.9 583.6 567 553.7 562.2 579.4
468.3 481.8 494.3 503.8 510.3 515.5 517.3 517.8 520.7 520.9 520 519.9 521 520 518.3 516.4 512.1 505.7 500.1 495.2 491.7 488.8 487.6 486.6 484 480.1 477 473.6 474.5 482.1 482.3 483.6 485.3 487.2 489 492.3 496.2 500.8 503.6 505.9 507.5 509.8 517.4 524.2 531.6 546 557 568.3 579.6 593.7 607.6 624.5 637 648.9 657.7 666.6 675.7 684.8 694.6 704.2 713.4 721.9 727.6 729.3 725.9 716.9 706.4 687.6 672.2 661.1 650.6 632.9 615 597.7 581.7 561.5 546.3 560.1
483.7 498.4 512.7 522.4 530.1 535.9 536.9 535.9 534.6 533.2 531.9 530.1 529 527.9 525.2 523.2 518.4 512.8 509 505.5 504.3 500.8 497.8 495 492.2 489 486.8 485.5 483.5 488 488.3 489.4 490.7 492.4 493.7 496.5 499 502.7 506.2 508.3 511.1 516.7 522.5 528 538.7 550.8 560.2 570.8 582.5 595.9 608.7 624.2 636.9 647.1 655.2 664.2 672.2 680.4 693.7 704.2 714.5 725 729.6 729.2 724.4 715.9 702.4 686.8 675.6 663.4 653.9 645.7 633.3 618.2 600.8 578.4 554.1 537.1
501.6 517.7 530.2 537.9 544.8 546.7 548.4 550.2 548.3 546.1 542.2 536.4 534.2 532.9 531.4 529 523.5 518.3 514.8 512 509 505.8 502.2 499.1 496.5 493.8 491.7 490 491.1 493.1 493.8 494.8 495.6 496.3 497.5 499.9 502.2 504.5 507.2 511.3 514.7 519.6 525.4 533.2 544.8 552.5 562.8 572.8 586.4 597 607.5 620.9 633.5 642.4 650.3 657.7 665.6 675 691.2 704.6 717.5 726.9 730 727.6 721.7 714.4 696.2 686 676.6 664.9 656.3 650.3 645.1 635.6 617.8 598 576.9 551.4
519.8 534.1 544.5 552.2 556.9 557.1 557 558.4 558.3 555.8 550.5 542.4 540.2 538.2 535.9 532 527.3 522.7 518.9 515.4 512.8 509.7 505.7 502.5 499.4 496.9 493.8 492.3 492.9 496.1 498.2 498.7 498.8 499.4 500.5 501.9 503.7 506.1 508.9 512.1 516.1 521.7 527.8 534.7 547 556.2 566.1 575.1 587.7 597.3 606.3 617.2 627.7 636 640.4 641.3 648.3 669.1 688.9 707.9 720.7 726.7 727.9 724.8 718 709.3 696.8 688 673.5 662.2 655.3 651.9 650.2 644.8 626.6 612.3 593 568.7
533.3 547.5 557.2 564.1 565.6 566.4 565.3 563.9 563.3 559.8 554.7 547 544.4 541.4 537.5 533.7 529.1 524.7 520.7 516.4 512.9 509.7 506.8 503.5 500.8 498.2 495.5 493.6 494.1 497.5 500.2 500.5 500.4 500.7 502.4 503.4 504.9 506.9 509.5 513.2 517.3 523.1 530.4 535.7 547.8 558.6 568.3 576.9 587.8 596.4 603.2 611.6 620.8 624.9 622.6 624.4 646.7 668.2 689 709 719.7 724.4 724.2 720.1 714.7 703 697 685.6 669.5 659.3 653 649.2 648.4 641.1 628 614.3 595.7 577.7
545.1 559.1 566.3 570.3 571.6 571 569.8 568.3 565.7 560.7 555.1 548.7 546.3 542.3 537.2 533.9 530 525.3 520.6 516 512.6 509 505.6 502.3 500.3 498.5 496.2 493.7 494.6 498.3 500.8 500.8 500.8 500.4 500.4 501.3 503.4 506.9 510.4 514.1 518.9 525.1 531.8 539.4 551.6 560.4 570 578.4 586.9 593.2 598.3 603.3 607.7 606.9 607.3 627.2 647 671.5 691.5 707.7 717.1 720.9 719.5 715.5 710.2 700.6 694.9 685.9 668.5 654.6 647.5 642.5 637.1 630.5 623.5 611.3 593.3 578.1
554.3 564.7 571.9 576.7 577 575.1 572.4 569.5 566.2 560.9 555 549.2 544.6 539.6 535.6 532.8 528.9 522.9 518.2 512 507.2 504.1 501 498.9 496.9 494.9 493.4 492.8 493.8 496.2 498.3 499.7 500 498.5 497.3 498.4 502 507 510.8 513.7 521.2 528.1 535.3 544.1 554.3 561.3 571.5 578.2 583.9 587.8 589.8 590.6 591.2 589.8 610.7 631.4 650.9 673.1 692.8 706.2 714.3 716.2 714.9 711.8 706.3 700.1 695.2 688.7 671.4 657.2 641.4 629.2 624.8 616.8 612.5 603.6 589.5 576.6
560.1 570 576.8 578.9 579.1 578.2 573.6 569.8 564.2 557.9 553.1 547.1 540.4 535.4 531.9 529 524.1 519.1 512.6 505.6 501.1 497.8 494.9 493.7 492.2 490.8 489.7 488.9 490.1 492.4 494.6 496.6 497.1 494.6 493.1 495.6 502.8 508.7 512.2 515.5 523 531.5 541.5 550.2 558.7 566.8 573.8 578.4 580 577.8 573.7 574.7 575.9 592.5 613.8 631.7 654.7 675 691.2 704.9 711.1 711.8 711.8 709.5 705.5 702 697.4 692.7 684.8 670.7 653.4 632 606.8 603.1 600.4 593.5 580.8 570.5
568 574.5 577.6 580 579.9 577.8 574.3 569.8 563.2 555.5 548.4 541.1 534.5 531.1 528 523 518.3 512.7 504.2 496.8 493.4 491.5 489.5 487.9 485.9 483.1 481 482.6 484.9 487.7 490.1 492.2 491.8 488.6 490.1 496.4 503.5 508.2 513.4 519.3 526.9 537.4 548.3 557.4 566 572.8 577.4 578 574.3 562.7 559.3 560 579.6 596.8 612.7 633.8 655.4 672.8 686.9 699.9 707.1 708.7 708.7 707.7 706.3 704.2 700.4 697.1 692 683.5 667.9 648.7 627.5 606.5 584.3 581.1 570.6 560.4
572.7 576.6 579.6 581.1 579.8 577 573.3 568.5 563.2 552 544 536.7 530.8 526.8 522.8 517.4 510.4 502.9 493.1 486.3 484.5 483 482 479.7 475.5 472.6 471.2 472.1 477.2 482.3 485.1 485.9 484.2 482.2 489.8 497.2 504.3 509.3 514.2 520.5 531.6 545.1 557.2 567.9 575.7 580.7 581.4 578.5 566.3 554.4 548.8 559 576 590.7 612 632 651.1 666.1 676.8 691.2 699.2 703.4 705.8 707.4 707.8 706.7 705.3 702.5 698 688.5 673.7 657.5 639 620.7 594.8 566.2 557.1 545.9
573.7 577.4 580.5 580.4 578.2 575.4 571 565.8 559.6 551.2 540.3 533 526.9 522.7 517.1 509.5 499.4 489.9 480.7 475.6 474.2 472 469.8 468 465.7 463.4 462.4 464.6 469.1 474.4 477.3 475.5 474.7 484.6 490.2 498.4 504.6 511.1 517 525.7 537.3 554.4 567.4 578 585.4 587.9 586.3 578.2 562 550.2 538 552.1 568.5 586.7 605.4 623.5 640.5 654.6 664 681.5 693.5 699.5 704.6 707.5 708.9 709.2 709.7 709.5 703.4 692.2 676.5 658.8 642.6 623.4 599.5 580.9 563 543.2
574.4 578.1 578.8 577.5 575.1 572.8 568.7 562.6 556.2 547.1 535.2 527.9 520.9 514.5 508.8 499.4 486.7 476.2 468.4 465.2 463.3 461.6 459.2 456.9 455.3 453.1 451.6 454.5 462.4 466 465.1 465.1 479 481.1 488 498.9 508 515.7 526.5 536.1 548.3 565.3 577.3 587.5 592.2 592.5 587.4 575 559.6 547.9 536.5 542 559.8 577.6 593 607.1 620 633.8 646.6 668.9 688 696.3 702.8 707.1 710.7 713.1 714.8 713.1 705.9 694.4 676.5 658.4 641.6 622.5 601 582.2 562.7 546.1
573.8 577.2 576.4 574.2 571.6 568.3 565.8 557.2 549.1 539.7 526.6 519 512.1 505.3 497.9 485.5 472.8 464.7 460.2 456.5 453.4 451.8 449.2 445.9 441.2 436.9 434.3 440.7 450.5 453.2 459 471.5 475.4 479.7 489.8 500.5 511.9 522.3 533.9 547.6 563.2 575.4 585.4 594.2 596.5 593.9 584.9 571.6 556.9 545.2 531.5 531 545.8 558.9 573.8 585.2 598 613.5 633.8 660.9 683.3 694.1 702.3 708.5 712.6 716.2 717.3 713.9 707.2 694.5 676.1 657.1 640.7 619.8 598.5 577 558.7 543
572.9 574.5 573.2 571.1 568.1 564.3 559.1 551.8 542.5 530.5 520 511.1 503.6 495 487 473.4 463.3 455.8 451.9 447.3 443.5 441.5 438.4 430.6 424.3 427.1 435.8 439.9 445.5 453.1 463.6 470.5 474.8 483.1 492.9 503.4 515.3 528.9 543 561.7 573.9 585 593.5 598.5 597.2 591.4 581.8 567.3 551.5 537.3 520.8 523 541.3 558.2 573.3 589.2 604.3 619.3 637.8 660.3 682.3 694 702.9 709.4 714.6 718.8 718.8 713.8 707.4 690.8 674.8 654.3 637.4 614.9 592.9 572.3 553.7 538.6
570.5 571.4 571.2 568 564 558.9 552.2 542.8 532.3 523.4 508.1 498.6 490.3 479.6 471.7 462.7 454.8 447.2 441.7 437.7 434.1 430.2 424.6 416.8 421.9 430.8 436.7 441.9 448.8 456.4 464.7 470.1 475.9 485.5 496.3 509.6 522.4 537.7 558.2 573.1 583.4 591.4 598.5 600.5 597.4 588.3 576.3 560.8 545.1 528.5 511.6 521.7 541.2 564.3 584.5 602 618.8 637.9 653.7 667.5 684.7 695.8 704.3 710.9 717.8 721.2 719.9 714 704.9 688.6 670.6 649.1 629.8 605.3 583.8 563.4 547.5 530.8
567 569.3 568.4 565.2 559.8 554.2 546.2 536.3 524.3 513.5 500.6 489.7 479.9 467.6 460.6 454 447.4 438.4 430.9 430.5 423 418.5 412.6 415.8 425.3 431 435.2 441 449.8 457 464.1 470.7 478.6 488.3 499.7 516.3 530.2 551.9 570.1 583.4 591.5 598.2 601 600.1 594 583 566.9 551.7 535.4 518.7 500.5 522.3 541.3 567.4 586 606.1 628.6 646.1 657.5 673.3 687.2 697.1 706.8 714.8 722.3 724.4 721.1 712.8 700.3 684.8 663.5 640.6 619.3 594.7 575.3 558.5 541.2 523.4
566 566.7 565.3 562 554.9 549.3 541.4 530.1 518.7 507.4 496.5 484.3 470.7 459.3 448.8 445.1 438.9 430.3 417.2 418.3 414.3 401 409.7 418.5 425.8 429.5 433.3 440.6 449.1 456.3 462.3 470.9 481 490.8 502.7 517.5 538.9 563.8 580.8 592.3 596.3 597.7 598.5 594.3 583.9 570.7 556 539.7 522.8 506.8 502.8 523.8 545.1 568.5 589 611.5 632.7 648.9 659.5 673.8 690 701.3 713.3 721.3 725.8 726.6 721.2 709.7 696.3 678.1 652.9 630.7 610.2 587 568.7 550.2 530.2 515.6
563.7 563.4 561.7 557.1 549.6 543.8 536.9 525.6 513.3 497.7 488.7 476.7 463.6 453.4 442.7 434.9 429.2 420.4 407.3 402.3 398 400.2 410 418.7 424.6 428.2 432.6 439.9 447.6 454.9 462.5 471.7 483.1 492.3 506.2 519.7 550.5 576.6 591.3 601.7 597.6 595.7 590.4 581.3 567.7 552.7 537.4 521.3 504.3 489.7 506.1 525.7 547.6 569.6 589.4 612.8 633.4 649.2 661 676.5 692.7 707.5 719 724.1 727 727.1 719.1 703.6 690.5 668.6 642.8 621.3 601.2 582 562.5 541.9 523.8 509.5
562 560.4 557.3 551.7 545.4 538.7 533 521.5 503.3 491.1 481 467.3 456.8 447.4 436.1 424.5 415.4 404.6 388.8 386.9 394 403.6 410.7 417.5 421.9 425.6 431.1 438.3 445.8 453.5 461.2 473.3 482 495.3 507.1 530.8 559.7 587.7 598.2 599.6 593.5 587.9 577.2 564.1 548.2 531.7 515.6 499.2 487.1 492 511.3 527.5 548.9 570.1 587.8 611 631.4 646.6 660.6 678 695.7 711.9 721.6 725.7 727.7 725.1 714.1 698.1 682.5 658.3 633.9 615.6 595 576.4 556 535.9 518.9 505.1
559.2 556.2 553.1 547.4 539.3 534.1 526.4 515.8 499.6 484.4 472.7 457.9 450 441.9 431.8 416.7 400.4 388.3 379.7 388.9 396.6 403 409.5 414.4 419.7 423.4 428.3 436.2 443.2 450.7 458.2 467.8 480 491.7 509.7 538 567.7 586.5 592.4 590.2 583.9 571.9 561.4 546.7 529.1 507.8 489.6 478.2 476.4 496.9 514.4 529.3 551.4 566.7 585.7 607.4 626.8 640.9 656.6 677.2 696.5 712.6 721.9 726.3 726.9 721.9 707.2 690.4 673.7 648.9 628.2 609.3 590.8 569.9 548.1 528.4 513 500.2
556 552.5 548.7 541.5 532.6 525.5 517.6 505.6 491.8 478.1 464.5 450.3 442.4 433.5 421.5 407.3 389.3 376.3 380 390.3 395.7 400.4 403.6 411.7 418.1 421.8 426.3 433 439 446.6 455.1 465.4 475.7 491 514 543.7 562.3 578 579.2 577.4 568 556.5 543.4 527.8 509.7 487 465.7 472.8 483.7 497.2 513.4 527.9 549.5 564.3 581.7 600.5 620.9 635.7 652 671.9 694.2 711.8 721.4 725.5 725.5 715.6 698.8 680.6 663.4 639.9 625.4 604.8 584.4 563.3 541.8 521.5 506.6 493.2
553.8 548.3 541.5 534.3 522.7 513.3 504.3 494.6 484.2 469 455.2 443.8 429.2 420.7 408.2 392.3 376.3 369.8 381.8 388.6 393.4 394.8 403.4 410 414.7 419.1 424.7 430.2 434.8 441.4 449.9 463.1 473.1 490.6 513.6 538 551.6 562.1 564.9 558.9 550.3 539.2 525.1 508.7 490.2 466.9 461.8 476.5 489.4 500.3 511.4 527.2 540.9 555.4 571.8 592.7 612.4 629.7 648.3 667.4 691 710.7 720.7 723.6 723.2 709.4 687.1 671 652.5 637 619.1 599.7 579.9 556.8 535.3 516.7 499.7 482.4
551.2 542.8 535.7 526.4 512.5 498.5 490.4 480 469.3 456.5 445.8 436.2 422.6 406.1 397.7 381.8 368.1 367.5 379 385.8 386.3 394.1 401.4 406.7 411.8 416.7 421.8 426.1 430.5 435.8 445.3 458 469.2 490.5 508.3 524 533.8 544.3 545.2 542 534.9 522.4 507.7 492 472.3 453.5 467.3 482.2 494.5 504.9 516.2 534.7 549.5 560.5 575.4 593.9 610.9 628.6 647.3 665.2 690.8 710.2 719.2 721.6 718 701.4 678.9 663.8 645.2 630.5 614.2 593.1 569.1 546.3 526.6 510.3 491.3 473.8
546.6 537.4 527.6 514.5 499 485.6 475.8 465.7 456.2 446.1 437.3 429.1 416.3 401.6 386.8 375 363.8 365.8 374.2 376.8 383.5 393 398.1 403.2 408.3 413.2 417.8 421.9 425.9 432.8 441.8 452.5 469.1 488.2 497.1 509.2 515.3 522.1 524.9 522.4 517.6 505.9 490.3 470.6 453.5 452.4 473 485.2 496.4 509.7 524.8 540 554.6 567.5 583.1 598.9 613.6 630.7 648.8 667.9 692.6 710.2 718 719.8 714.7 692.5 672.3 658.4 642.6 626.9 610.2 589 560.8 539.8 519.6 501.2 482 465
542.8 530.5 516.5 504.1 487.4 473.8 461.2 450.6 443.1 433.5 425.5 417.3 408.9 397 386.2 369.9 357.4 360.4 370.8 374.7 382.9 388.8 393.7 398.6 403.9 408.8 413.1 416.9 421.8 429.8 439.8 453.1 465.9 482.6 489.7 498.2 501.3 503.2 505.5 505.3 500.4 485.8 469.9 450.7 443 461.7 477.4 486.4 500.3 515.3 532 546.9 561.8 574.9 589.8 604.6 618.3 635 652.9 672.3 695 712.6 717.9 717.6 710.6 687.4 670.4 655.5 641.1 624.6 602.8 582 556.4 536.2 515.4 495.5 472.4 455.7
