data/320000-90000.asc
ncols 200
nrows 200
xllcorner 320000
yllcorner 90000
cellsize 50
[rows 76 to 113 of 200, columns 0 to 84 of 200]
106 114.3 121.6 128.7 133.4 137.2 139.8 142.1 132.8 123.1 114 103 95.7 84.2 77.2 74.7 71.5 67.9 66.6 65.2 64.5 62 60.5 57.1 54.8 53.7 54.8 59.9 66.5 73.6 81 89 100.5 110.6 124.3 133.2 147 170.6 170.3 156.2 145.4 137.8 131.4 132.1 141.7 154.2 168.5 173.8 176.2 173.9 169.8 163.8 154 146.3 133.6 126.9 122.2 117.8 113.3 109.2 104.4 99.7 95 86.7 83.6 83.8 75 71.2 67.9 64.7 61 58.3 55.1 52.4 51.1 49.8 48.6 47.1 46 44.8 43.1 40.8 37.4 33.9 30.9
103.1 110.8 118.5 124.7 128.8 132.1 134.7 137.3 138 133.2 124.9 110 100.9 90.6 89.9 91.9 82.5 77 74.1 72.6 64.1 61.1 60.2 57.6 54.9 52.9 53.5 58 64.7 71.4 78.4 86.6 96.4 107.6 120.2 129.7 137.9 155.5 160.4 150.4 141.1 132.3 129.1 129.3 137.7 148.5 164.8 172.3 174.7 172.6 169 163.2 154.4 144.7 133.1 126.5 119.9 114.8 108.6 103.8 98.9 94.6 86.7 85.5 82.7 77.8 72.9 69.1 66.8 63.3 59.6 56.5 54.3 51.9 50.5 49 47.2 45.6 44.6 43.4 41.7 39.9 37.3 34.3 32.7
97.8 105.9 113.6 119.5 123.3 126.5 129.5 131.8 134 135.1 131.3 120.8 107.9 99.3 104.3 104.6 99.1 90.6 86.4 82.6 77.1 69.6 63.7 58.9 54.1 51.6 52.4 56.5 63 69.4 75.2 82.6 92.4 102.6 112.2 121.1 126.8 131.2 146.6 146.1 134.8 127.5 123.8 125.3 134.2 145.7 161.4 171.2 173.7 171.5 168.1 162 154.6 144.5 133.2 125.6 118.4 110.8 103.8 96.6 92.8 88.1 84.8 82.6 81.9 73.5 70.3 66.9 64.7 61.1 60 57.6 54.7 52.9 51.4 48.9 46.2 44.2 43 41.5 40.2 38.4 36.4 33.7 32.6
90.8 99.2 107.6 113.9 117.8 121 123.7 126.1 128.4 130 131.9 125.7 115.9 109.4 114.9 116.2 112.6 103.2 96.1 87.7 80.4 72.1 66.3 60.6 55.5 50.8 50.7 54.8 60.5 65.5 70.7 77.6 85.5 92.3 102.8 113.3 120.2 126.7 135.9 139.6 129.3 123.3 119 121.4 132.3 143.9 159.6 169.8 172.6 171.4 167.3 161.5 153.6 145.4 133.7 123.8 113.1 103.4 98.7 94 87.1 83 80 78.7 73.8 71.9 69.7 67.6 65.1 64.2 63.2 59.9 57 54.6 51.6 48.8 46 43.4 41.8 40.2 38.6 37 35.1 33.4 32.4
85 93.3 102.7 108.4 112 115.5 117.8 120.2 122.4 124.9 128.2 127.2 120.9 119.2 124.1 130.3 126 111.2 100.2 91.5 83.4 75.2 68.5 61.8 56 51.1 50.6 52.9 58.6 62.8 67.9 73.9 79.7 84 89.1 100.4 112.4 119 127.3 131.9 125.9 118.8 113.4 120.1 129.9 142.3 156.8 168.3 171.2 170.2 166.3 161.6 153.7 144.9 136.4 125.6 111.9 104.8 98.8 95.8 91.2 87.2 87.5 85.7 83.6 81.8 77.7 74.2 71.3 68.8 65.6 61.2 58.4 55.6 51.7 48.6 45.8 43.2 41.5 39.8 38 36.4 34.9 33.4 32.2
83.7 91.6 97 102.5 107.5 110.6 112.9 115.2 117.5 119.3 122.2 124.2 124.5 124.5 132.7 136.4 130.5 116.6 102.8 94 85.2 78.2 70.5 63.2 57.3 50.6 49.8 51.8 56.5 61.5 65.4 70.1 73.1 76.8 82.5 88.9 97.8 111.3 118.2 126.3 123.4 115.7 107.6 115 128.7 139.2 154.1 166.9 169.7 169.5 166.7 162.2 155.2 147.2 139.1 132.3 124.2 117.4 109.2 104.5 100.7 97 94.4 91.5 88.8 85.8 82.5 78.4 75.3 70.8 66.5 62.1 59.6 56 52 48.7 46.1 43.9 42.2 40.5 38.8 37.1 35.4 33.8 32
81.5 87.1 91.3 97.9 103 105.7 108.1 110.4 112.6 114.7 117 118.2 119.7 122.6 127.6 131.2 128.6 118.9 105.9 94.3 84.3 77.7 70.3 62.6 56.5 51.6 49.1 49.5 53.3 58.4 61.9 65.3 67.9 72.3 78.7 84.2 90.6 101.8 113.2 120.9 119.5 111.2 102.3 114 126.7 136.6 152.4 165.2 169.3 169.9 167.4 164.1 158.7 150.7 144 138 132.5 127.3 122.1 115.6 107.8 103.2 98.3 95 92.1 88.7 85.3 81.9 78.8 73.6 67.1 62.4 59.9 56.2 52.6 49.2 46.5 44.4 42.7 41.1 39.4 37.6 35.3 33.2 31.7
77.1 82.4 88.7 94.8 97.6 100.8 103.3 105.5 107.7 108.9 110.5 112.1 112.6 113.2 120.1 122.9 122.7 117.1 105.4 92.5 82.2 76 68.6 61.4 55.6 51.2 48.5 48.4 50.4 54.5 58.1 61.7 65.5 70.9 76.1 82.3 87.4 95.4 108.2 115.4 115.2 106.7 100.2 112.6 124.4 134.8 149.9 163.9 168.2 169.5 168.1 165.5 161.8 156.4 151.6 145.6 140.1 134.7 129 121 111.2 105 100.1 96.2 93 90.3 87.7 84.9 81.8 76.7 69.2 64.1 61.6 57.3 53.2 49.7 47.1 44.9 43.2 41.5 39.6 37.4 34.5 32.5 31.5
74.1 79.5 85.8 90 91.9 95.3 98.4 100.5 102.9 104.2 105.4 105.9 106.4 106 108.8 110.9 111.8 106.8 99 88.4 80.9 74.2 66.7 59.8 55.1 51.2 48.4 47.7 49.2 53.1 56.6 59.9 63.9 69.5 73.8 75.1 82.3 93.3 105 113.7 110.4 101.2 97.9 110.3 120.8 132.5 145.4 161.3 166.4 168.9 168.3 166.9 163.9 160.4 155.8 150.1 145.1 140.4 134.5 125.8 113.9 106.2 101.7 97.2 93.9 91.2 88.6 86 83.8 79.5 71.2 68.6 64.3 59.2 55.2 50.8 47.9 45.6 43.6 41.6 39.4 37.1 34.8 32.8 31.3
70.4 76.3 81.2 84.5 86.2 90.3 93.2 95.5 98.7 100.1 100.3 101.2 100.9 100.8 101.8 101.6 101.5 96.7 89.9 83.3 77.4 70.7 64.9 58.7 54.3 52.4 48.7 46.9 48.1 51.5 54.7 58 62.1 65.6 68 71.9 79.3 94.6 105.4 111.1 106.6 96.7 96 106 117.7 128.5 140 154.7 164 167.1 168.4 167.1 164.4 161 155.8 150.8 146.9 142.2 137.2 129.2 117.4 107.3 102.8 97.5 94.1 92 89.7 87 84.6 79.7 73 70 65.9 61 57 52.2 49 46.6 44.5 42.8 40.7 37.9 35.8 33.9 31.4
66.2 70.9 75.5 78.2 81.8 85.4 88.1 90.6 94.6 95.1 95.2 96.4 95.6 96 97.3 95.4 91.5 89 85.8 80.2 75.8 71.4 66.8 60 57 54 49.3 46.1 46.4 49.6 52.8 56.2 59.5 61.6 64.2 69.9 78 92.6 106.5 105.2 101 93.2 91.9 102.5 112.6 120.7 131.9 143.8 158.5 164.4 166.9 167 164.1 160.7 155.2 150.8 147 143.2 138.2 130.8 118.2 108.7 102.6 97.3 93.5 91.5 89.3 87.1 84 79.7 74.4 70.4 65.2 61.9 58.6 54.1 50.4 48.2 46.1 44.4 42.3 39.9 37.4 34.5 31.5
63.8 65.8 69.2 72.7 76.8 80.2 82 84.1 87.7 90.2 90.7 90.4 90.3 90.8 92.8 90.2 87.4 84.6 81.1 76.3 72.2 70.3 66.4 62.1 58.3 54.5 50.4 46.1 45.5 46.8 50.4 54 56.1 58.9 62.5 68.9 76.8 91.6 100.6 100.4 95.9 88.2 88.6 97.5 106.8 115.7 123.2 133.2 148.4 161.7 165 165.5 163.8 159.9 155.3 151.2 147.2 143.4 139 132.6 120.9 110.7 103.1 96.9 93 90.8 88.7 85.6 82.4 78.6 73.6 69.5 64.5 61.9 58.8 55.6 52.1 50.2 48.1 46.4 44.5 41.7 38.5 34.7 30.8
64.3 61.9 63.6 68.1 71.2 73.8 75.1 78.2 82.8 85 85.3 83.6 84.1 87 87.6 87.1 84 80.2 74.8 69.9 66.8 65.6 63.3 60.1 56.2 54 50.1 46.6 44.1 45.7 48 53.3 55.8 58.2 61.2 66.9 77.4 88.1 95.6 96.4 92.9 83.4 84.8 92.9 101.2 110.2 117.3 125.9 139.3 158.2 162 163.8 162.7 159.2 155.2 151.1 146.8 142.9 139 132.1 121.9 111.8 103.3 96.4 91.8 88.9 86.9 83.9 80.7 76.7 71.6 66.7 63.4 61.2 59 56.3 54 52.1 50 47.8 45.7 42.5 38.6 34.8 31
67.2 63.7 60.3 61.9 66.9 68.2 70.4 74.3 78.5 79.5 79.5 77.8 77.8 80.9 82.6 82.5 80.8 78.1 74.3 67.2 58.6 58.7 57.1 55.5 53.1 52.2 49.6 46.3 42.9 43.9 47.2 54.2 56.1 57.2 59.9 67.9 78.2 88.3 93.5 95.3 90.7 82 79.3 86.7 95.9 106.1 113.3 121 133.9 150.5 158 160.9 160.8 158 154.3 150.7 146.2 143 138.9 132.7 121.8 112.4 103 95.8 91 86 84 82 78.5 74.7 70.2 65.7 62.3 60.3 58.4 56.9 55 53.3 51.1 48.8 45.8 42.7 38.5 34.3 30.1
70.3 66.1 62.2 59.9 62.2 64.8 69 72 74.3 75.2 74.7 72.4 72.8 75.3 76.8 75.5 74.1 72.4 70.2 66.5 59.8 55.4 53.8 52.2 50.2 48.9 49 46.4 43.5 42.9 45.7 52.6 54.3 55.2 59.1 67.6 77.4 85.2 89.6 91.9 88.3 81.2 75.5 81.3 92.8 102.3 109.9 117.1 128.6 146.2 154.8 157.9 157.4 156.3 153.2 149.4 145.5 142.2 138.4 132.4 121.3 112.1 102.7 94.8 88.6 84.5 81 79.1 76 72.1 67.7 64.5 61.3 59.6 58.2 56.9 55.9 54.1 52 48.8 44.4 41.1 36.7 32.7 29.6
72.3 68 63.9 60.2 58.6 58.6 62.7 66.6 69 71.3 70.6 68.7 68.7 70.2 70.1 69 66.2 64.3 62.3 59.9 56.8 52.6 51 49.9 50 47.2 45.6 45.2 43.9 43.2 44.4 49.6 52.6 55 58.3 62.8 70.8 78.9 85.3 86.9 85.4 82.6 75.4 75.7 87.7 97.9 106.5 114.4 124.2 143.9 151.9 154.5 154.8 153.3 151 147.2 144 141.3 137.5 132.1 119.7 110.6 101.7 93.4 87.8 83.6 79 75.4 73.2 69.3 66.1 63.1 60.6 59.2 58 56.6 55.3 54.3 52.1 48.3 43.9 39.2 35.5 32.2 29
72.8 69.1 65.2 61 58.5 57.2 58.5 60.9 63.6 66.3 66.6 63.9 62.9 63.2 62.8 61.9 59.9 56.5 54.8 52.9 50.6 49.9 48.4 47.2 47.2 47.5 46.4 43.7 43.4 42 42.6 48 52.6 54.8 57.6 61.2 66.4 71.3 77.6 81.5 84.4 83 75.5 71.2 80.4 93.5 101.6 109.6 120.1 140.1 148.5 150.9 150.6 149.3 146.8 144.7 141.9 139.6 136.1 130.1 120.6 109.1 100.2 92.1 87.1 82.8 77.6 72.2 70.3 67.5 64.7 61.7 60.2 58.8 57.2 55 55.1 54.1 52.6 49.3 44.4 38.4 33.9 32.1 28.7
70.6 67.3 64.1 61.1 58.4 56.5 55.4 56.7 59.8 61.7 62.6 59.7 58.2 57.2 55.5 54 52.6 50.7 48.4 46.4 45.4 46.2 45.4 44.4 44.4 44.6 44.4 42.8 41 41.4 42 46.1 50 53.7 56.5 59.1 62.3 67.8 72.7 80.1 84.7 81.9 75 69.2 74.9 88.2 97.3 104 114.9 133.4 144.3 147.2 146.4 144.9 141.6 139.2 137.5 135.9 133.2 128.5 119.3 108.5 97.5 91.5 87.4 82.5 77.7 71.3 67.4 66 63.3 61 59.7 58.4 56.8 56.2 55.3 54.3 52.9 49.8 44.4 38.8 34.4 31.9 28.7
66.9 64.7 62 60.1 58.5 56 53.9 54.4 56.3 57.1 57 55.2 54.2 53 51.3 49 48.1 46.9 45 43.2 41.4 41.6 42.9 43 42.4 42.2 41.8 41.5 40.6 40.9 41.4 42.6 47.7 51.5 54.7 57.2 61.5 68.3 73 79.6 84.7 82.7 76.2 67.2 68.7 83.7 94.5 100 109.6 125.1 140.2 142.9 141.1 138.1 135.5 132.7 131.6 131.1 129.8 126.4 118.4 106.9 97 91.4 87.8 83 78.2 73.7 69 64.6 61.9 60.6 59.1 57.6 56.5 55.7 54.8 53.9 52.9 50.1 45.1 40.4 36.8 32.4 28.3
62.7 61.8 59.8 58.3 57.4 55.7 53.2 52.9 53.4 54 53.3 52.1 51.1 49.5 47.6 46.6 45.9 45.1 43.3 43.1 43 42.4 40.7 41.6 41.6 41.1 41 40.2 40.3 40.6 40.8 42.5 45 47.4 52.3 54.7 62.8 70.5 74.5 76.5 80.7 80.2 75.4 65.1 64.6 79.3 89.4 96.5 103.1 119.9 134.5 136.5 133.4 128.8 124.4 119.1 122.7 125.6 125.1 122.4 116.7 106.3 98.6 92.9 88.2 83.7 79.2 74.6 69.1 64.8 60.9 59 57.4 56.2 55.6 54.8 53.9 53.1 52.2 50.1 46 41.3 37.1 32.9 27.8
59.5 58.7 57.5 56.4 55.5 54.7 53.1 51.5 51 50.5 50.3 49.8 49.1 46.9 44.5 44.1 44.4 43.5 44.5 45.5 45.5 44.7 42.5 40 39.7 40.4 40.5 39.5 39.6 39.9 40.1 41.7 43.9 47 50.6 52.4 61.5 67.4 70.2 73.4 76.2 75.9 71.8 62.1 59.4 71.3 84.9 91.8 97.8 109.9 117.3 119.9 116.7 112.8 108.7 105.8 107.7 115.4 122.2 120.6 114 106.8 100 94.1 89.2 84.2 79.5 74.7 69.1 64.2 60 57.4 55.7 55.5 54.8 53.9 53.1 52.2 51.4 49.6 46.1 41.5 36.9 32.4 27.6
56.8 56.4 56 54.6 53.7 53 52.2 51.5 50.3 49.7 49.5 48.1 48 46.5 46.1 47.8 49.7 49.4 48.1 50.2 50.2 47.9 46.3 44.1 42.5 41.5 40.3 39.2 37.9 38.3 38.9 40.1 42.5 46 50.3 54.1 56.6 61.3 64.6 68.6 71.5 72.2 67.6 58 58.5 65.6 75.8 86.2 91.8 96.6 98.2 100 100.7 99.3 99.3 96.7 100 103.1 110.2 116.5 111.6 105.3 100 94.4 89.3 84.2 78.9 73.2 68.5 63.7 58.7 55.6 53.9 54.3 54.2 53.2 52.2 51.4 50.5 48.3 45 39.9 35.7 31 27.7
54.6 54.2 53.9 53.6 52.7 51.7 50.8 50.1 49.5 49.7 47.9 46.5 46 46.7 52 55 57.9 55.3 52.2 54.5 56.2 53.6 50 47.1 45.1 43.3 42.1 40.6 39.5 37.3 37.5 38 38.4 42.5 45.1 48.2 52.3 56.2 61.1 64 66.2 65.4 58.3 54.8 54.8 62.1 67.2 79 86 90.5 94 94.3 95.8 97.2 94.8 90.8 94.3 98.2 99.9 99.1 100.2 100.2 96.4 92.5 88.1 83 76.6 71.9 67.7 62.4 57.2 54 52.5 53.1 53 52.9 52 50.9 49.7 45.3 39.5 37.1 34.3 30.8 28
53.8 53 52.4 52.4 52.4 51.6 50.8 50 49.9 49.6 49.1 49.3 51.1 54.7 58.4 59.2 60.5 59.3 58.3 59.6 61.5 58.1 54.6 51.4 47.5 45.1 43.8 42.1 40.4 39.3 38.3 38.1 36.5 38.8 40.7 43.5 48.5 54.9 60.4 59.2 58.5 57.8 53.9 52.3 52.8 58.2 65 73 80.3 85 87.9 88.9 88.5 87.9 86.6 85.1 87.3 90.8 91.3 91.5 90.1 87.7 86.3 81.9 79.1 76.9 74.9 70.8 66.3 61 55.4 52.2 51.1 51.7 51.7 51.7 51.7 50.9 49.2 46.8 43.3 40 36.9 33.3 28.9
53.9 52 52.3 51.7 51.6 51 50.6 50 49 51.9 52.3 53.2 55.4 59.8 63 64.9 66.3 67.5 66.2 68.1 67.3 62.8 58.4 54.4 50.1 47.1 46.4 45.4 42.4 39.6 38.7 38.5 37.2 37 37.7 40.2 44.9 51.1 57 56.5 51.3 49.3 48.8 49.1 51.3 55.1 61.5 66.1 68.7 73.3 77.6 82.4 83.3 82.3 80.4 78.6 78.8 83 84.2 84.6 83.5 81.2 78 75.6 73.2 72 70.8 68.2 64.6 59.7 54.2 49.4 47.6 51.2 51.1 51.1 51.1 50.5 49.9 48.3 45.9 42 40 34.9 30.3
56.7 53.9 53.3 53.1 53.6 53.4 53.8 54 53.6 54 55.1 56.2 59.1 63.7 68.3 68.8 72.3 71.7 72.2 74.2 71.3 65.6 59.6 56.2 52.4 49.9 49.1 47.4 44.3 41.2 39.2 38.5 37.5 35.9 35.9 36.7 39.9 44.1 47 48 46.1 45.1 45.7 47.2 49.6 52.9 58.9 61.6 63.7 64.3 66.5 71.8 77.2 76.7 75.3 73.2 71.6 74.2 77.6 77.3 75.7 72.4 66.6 63.8 62.4 61.1 65.4 63.7 61.1 58.2 53.3 48.3 45.4 49.6 50.9 51 50.3 49.7 49.3 48.6 47.4 44.7 40.5 35.4 30.9
56.8 54.9 54.8 55.8 56.7 56.6 56.7 56.4 56 55.8 56.7 58.7 62.8 67.6 71.3 77 79.1 74.8 78.2 76.3 73 68.9 62.8 59.5 55.4 52.5 50.8 48.5 45.8 42.8 40 37.5 36.8 36 35.4 35 35.9 37.3 41.6 42.2 41.3 42.3 44.2 45.7 49.2 52.8 54.5 55.3 54.8 54.8 56.7 60.6 66.1 69 69.6 66.9 63.7 68.5 68.7 66.3 61.9 58.3 53.2 49.1 49 50.2 57.7 58.4 57.3 55.7 52 47.1 41.3 48.4 50.2 50.1 49.5 48.8 48.2 47.8 47.5 45.2 40.6 36.4 31.9
57.5 57 57.6 58.8 59.8 59.8 59.3 58.1 57.8 58 58.8 62.4 67.9 73.2 77.5 82.7 85.2 77.8 83.2 82.8 79.3 73.4 68.6 64.1 58.6 56 52.5 50.9 47.7 44.5 41.7 38.6 36.9 37.3 35 35.5 33.8 34.7 36.1 37.8 38.6 41.9 43.7 44.3 45 47.6 48.7 47.8 46.4 44.6 47.6 50.5 54.5 61.2 63.2 60.5 58.6 61.3 59.8 56.5 53.4 51.5 45 42.6 42.7 45 51 52.1 53.2 53.4 50 44.7 39.4 45.6 49.1 49 47.6 46.9 45.8 47 46.9 44.4 42 37.7 33
58.6 59.2 60.1 61 62.2 62 60.9 61.3 61.6 60.4 61.6 66.1 71.9 78.6 84.6 88.6 89.8 86.4 93.6 98.2 92.7 80.9 74 64.4 60.2 57.7 55.7 53 48.7 44.5 42.3 39.3 37.3 35.9 37.1 36.9 35.6 34.4 33.6 34.8 36.2 37.8 38.1 38.3 39 40.5 41.5 40.7 39.1 39 39.4 42.1 44 47.7 52 52.8 53.1 53.8 52.9 49.6 45.7 43.2 40.8 38 40.4 42.2 43.8 45.2 46.2 48.2 47 41.5 36.6 40.2 47.4 47.7 47.1 45.4 43.7 45.5 45.9 44.8 42.4 39.3 34.5
61.3 62.1 63.5 62.7 63.7 64.2 63.8 66.1 68 64 64.5 71.2 76.9 83 92.3 95.5 95.7 96.1 106.1 111.9 101.6 85.6 71.6 64.3 59.5 57 53.2 48.8 45.3 42.4 39.4 38.4 37 38.1 38.3 37.3 36.2 34.9 34.4 33.3 31.8 33.3 33.8 34.6 34.5 33.8 33.8 33.6 33.2 33.3 33.2 33.4 34.1 37.3 40.7 43 45.5 46.4 45.6 42.1 38.2 36.7 35 32.4 34.4 35.2 36.5 36.9 38.8 42 42.8 38.8 34.5 36.8 45.3 46.4 46 43.3 41.8 43.9 44.7 43.8 42.9 40.3 36.3
63.9 65.3 66.3 65.3 64.8 66.5 67.7 70.8 71.3 65.5 67.7 75.2 82.2 90.5 97.4 100.2 101 104 112.6 108.5 94.2 80.4 68.3 61.2 56.5 51.8 48.2 43.8 41.5 39.2 39.6 39.7 40.1 41.8 42.7 41.9 40.6 37.7 35.2 33.8 32.9 31.8 32.5 33.3 32.8 32.4 32 31.8 31.6 30.9 30.7 30.3 29.9 30.7 33.8 36.2 37.1 37.1 35.9 34.2 32.4 30.5 29.7 29.6 28.8 27.9 28.2 29.6 30.6 33.9 36.9 34.3 32.6 35.4 43.3 44.9 44.5 42.5 37.6 41 43.4 43.3 42.6 41.5 37.9
66.8 68.1 68.4 66.7 67.3 69.8 74.4 75.9 70.5 66.6 72.7 80.4 88.5 98.2 102.4 103.6 104.8 104.6 106.4 98.1 87.4 78 67.1 58.8 51.6 46.7 44.4 42 41.5 41.8 42.8 44.5 46 47.5 48.7 47.9 46.6 42.8 39.6 35.9 33.4 32.2 31 33 32.7 32.4 31.9 31.6 31.4 31.1 30.3 29.6 29.2 29.3 28.9 28.7 29.1 28.7 28 28.7 27.7 27.1 26.7 26.5 26.3 25.7 25.5 25.6 25.9 27.6 29.8 31.2 29.5 33.9 40.1 41 42.4 41.9 36.8 37.1 41.8 41.7 41.1 41.2 39.7
69.8 70.9 71.3 69.3 72 78.4 80.5 77.6 70.1 69.6 77.7 86.3 97 104.5 107.2 106.4 103.3 97.4 95.4 89.3 82.9 73.1 63.5 56 48.2 44.4 42.5 42.7 43.7 46.7 49.2 51.8 53.1 54.5 55.7 54.5 53.3 50.5 46.3 43.1 39 37.4 30.9 31.4 29.9 31.2 31.2 31.2 31 30.7 30.2 29.7 29.2 28.9 28.1 27.2 28 27.5 27.1 27.1 26.6 26.1 25.9 25.6 25.3 24.8 24.5 24.5 24 24.4 26.3 27.2 26.8 28.6 30.8 33.6 35.9 36.4 31.7 31.3 38.5 36.1 36.2 36.2 34.4
73.8 75.3 75.8 73.6 75.4 80.5 81.6 75.9 69.6 74 84.8 95.3 105.1 108.8 110.9 110.7 100.4 88.6 87.4 84.6 75.8 67.5 57.1 49.3 44.5 43.3 48.4 50.1 51.5 53.5 56.2 58.8 61.1 62.1 64 64.1 62.3 60.4 57.2 52.3 47.6 43.7 40.4 36.3 35.2 32.8 31.5 30.6 30.1 29.5 28.1 28.1 27.8 27.4 26.4 25.9 27.5 27.1 26.5 24.7 26.3 25.7 25.4 25.1 24.6 24.3 24.2 24.2 23.9 23.7 23.6 24.2 24.8 25.3 25 26.4 27.5 27.4 26.9 26.9 28.3 27.4 27.2 26.5 25.7
78.3 79.4 80.3 79.8 81.9 83.4 81 74.6 72.2 74.9 86.8 100.3 108.4 110.5 112.7 112.2 99 84.2 81.2 81 70.4 58.4 47.7 46.6 48.9 52 55 56.1 57.8 60.5 63.3 66.7 69.6 72.5 75 75.3 77 78.5 76.4 69.9 58.3 51.7 46.1 41.3 38.5 36.7 35.2 33.9 32.9 30.9 30.2 28.7 29.5 28.1 28.3 27.2 26.2 26.1 26.2 25.8 24.7 25.7 25.2 24.5 24.4 24.2 23.9 23.9 23.7 22.9 22.8 22.8 22.5 22.2 21.9 22.7 22.7 23 22.7 23 22.4 22 22.1 20.2 19.3
80.2 82.5 84.3 86.3 87.5 85.7 79.6 74.9 72.4 73.8 82.3 93.7 99.4 101.8 104.9 105.6 97.1 83.6 74.7 71.1 62.5 48.6 48.6 55.7 61.6 64.1 63.3 63.4 65.1 68.7 73.9 76.9 80 84.3 87.7 89.3 89.2 92.6 89.1 78.2 69.5 58.8 52.6 46.4 42.6 40.8 39.2 37.1 35.6 33.2 31.8 30.7 30.2 28.6 27.9 27.3 27.3 27.3 26.9 26.5 25.8 25.5 23.8 23.8 24.3 24.1 23.8 23.6 23 21.9 22 22.2 22 21.7 21.4 21.3 20.9 20.8 18.5 17.9 18.8 18 18 17.7 17.6
84.1 86.8 89 92 91.3 86.1 79.3 76.9 75.3 75.4 79.2 87.1 93 95.4 95.6 96.3 92.4 86 73.8 63 53.2 47 56.5 64.5 71.5 74.5 74.5 71.6 72.7 77.3 83.8 86.4 91.9 95.1 97.1 95.4 97.5 97.8 95.4 86.6 78.3 68.4 59.3 52.3 46.4 43.3 40.7 39.3 35.8 32.9 32 31.2 30 30.4 29.1 28.9 28.8 28.8 28.5 27.8 26.8 26.5 26.5 27.6 24.3 23.1 23.2 22.4 21.8 22.1 21.2 21.7 21.4 21.1 20.6 20.5 20.2 19.8 18.1 18.6 18.5 17.6 17.1 17.5 17.4
90.5 93.1 96.2 95.8 93.4 84.4 80.2 78.5 77 75.8 78 83 88.4 88.1 87.5 87.5 84.1 80.1 71.1 59.1 48.9 53 63 70.5 78.4 82.2 83.7 79.7 79.7 85 90.6 97 102.6 105.6 106.5 107.1 104.1 101.9 99.5 93.5 85.4 77.2 66.7 57.3 47.8 42.4 39.2 36.7 34.5 32.9 31.8 30.7 30.2 30.8 30.4 30.3 31.2 31.1 31.3 31.1 32.1 33.2 32.1 31.8 30.2 29.2 27.4 25.4 23.7 22 21.8 21.2 20.8 20.4 19.7 19.7 19.4 18.9 19 19 18.2 17.6 16.9 16.7 16.8
