data/320000-470000.asc
ncols 200
nrows 200
xllcorner 320000
yllcorner 470000
cellsize 50
[rows 114 to 151 of 200, columns 86 to 171 of 200]
50 54.1 56 60.1 62 65.3 66.5 65.7 62.6 62.5 60 60.4 56.1 53 56.1 62.4 66.9 75.9 85.1 87.3 88.9 88.2 86.7 85.7 86.3 86.3 84.4 79.4 75 69.4 68.6 68.4 68.4 65.6 64.6 62.1 56.5 48.9 43.1 42 41.6 41.3 40.8 41.3 40.9 40.3 39.6 38.1 38 38.4 39 37.3 35.9 34.3 34.1 34.1 34.3 34.7 36.1 47.3 60.9 67.5 74.3 83.2 83.1 86.6 89.9 92.6 92.7 88.2 87.2 87.5 88.7 90 92.8 99.4 107.5 117.4 125.3 130.2 135.3 134.9 131.1 128.4 126.6 123
59.3 59.6 60.9 62.7 62.8 64.7 66 66 65 64.7 62.1 63 59.8 55 56.7 58.6 63.4 73.7 84.7 89 89.6 89.2 87.8 87.1 88.1 88.2 86.9 84.9 83.1 77.1 74.8 73 69 66 65.5 64.1 58.7 53.2 44.6 42.5 42.1 41.4 41 40.7 40.5 40.2 39.5 36.7 38.4 39.1 39.3 38.6 34.6 34.4 34.2 34.3 34.5 35.2 38.3 43.6 57.2 69.4 80 85.1 87 90.8 94.3 96.8 95.7 90.6 88.5 89 90.5 92 95.7 101.9 111.2 120.5 126.4 130.2 135.7 134.4 132.6 131.3 128.9 122.8
67.6 68.5 69.8 69.8 68.7 69.5 71.4 70.1 67.7 66.4 65.3 64.7 62.4 58.2 60.1 59.4 64.4 73.2 83.8 87.7 89.7 88.6 87.2 87.4 88.5 89.2 90 85.2 83.2 80.2 77.5 76.8 76.8 75.2 72 68.8 62 55.2 53.7 46.5 42.4 41.5 41 40.8 40.3 39.9 39.4 36.5 36.7 39.5 39.3 38.2 34.6 34.4 34.4 35.7 35.1 35.1 38.3 43.5 54.5 68.7 83.3 87.5 90.8 94.6 97.5 99.3 98 94 91.5 90.6 92 93.4 98.3 105.8 115.6 122.3 127.9 130.2 134.3 133.9 133 131.3 127.8 122.6
72.9 75.2 76.4 76.2 75.2 75 75.8 74.4 72.1 71.4 72.1 72.7 72.4 70 69.3 62.9 66 73.1 81.3 86.4 89.1 87.8 86.3 86.9 88.9 89.3 87.4 83.6 81.6 81.1 83.7 82.5 79.5 80.7 77.1 74.8 72.8 66.2 56.5 54.7 47.2 41.5 41.3 40.3 39.9 39.4 39 38.1 37.3 39.8 39.9 38.4 34.8 34.4 35.9 36.1 35.6 35.7 39.3 45.3 54 73.4 85.9 90.9 95 98.9 101.4 102.1 100.2 96.9 95.6 94.5 93 95.9 100.8 110.6 117.1 122.3 127.3 128.1 130.6 132.4 131.9 129.1 125.9 121.9
77.1 79.4 83.8 81.8 80.6 79.2 79.5 77.9 76.4 74 75.1 76 75.3 73.6 71.1 66.8 68.7 73.9 79.8 84.5 87.6 86.9 85.8 86 86.6 88.1 84 81.9 79.9 85.3 89 87.4 84.6 80.9 77.7 76.2 72.7 68.8 61.7 56.9 52.3 44.7 41.3 39.8 39.4 39 38.5 38.6 39.1 39.5 40.5 38.7 35 34.6 36.6 36.1 35.4 35.5 39.8 46.2 54.9 75.8 87.7 93.5 98 101.7 105.3 105.5 102.9 99.7 97.9 95.9 94.3 96.8 102.6 110.9 115.7 120.4 123.5 123.2 124.7 129.4 128.9 127.5 125 121.1
83.5 92.6 92.7 87.6 83.2 82.5 81.5 80.5 78.8 76.7 75.9 75.3 74.8 73.7 73.6 70.5 69.3 75.7 80.7 83.5 86.1 85.8 85 84.3 83.6 83.3 81.2 79.7 78.7 84.5 92.2 88.6 86.4 82.8 78.6 76.4 72.7 68.2 63.1 59.4 54.6 43.2 41.9 39.1 38.9 38.6 38.4 38.6 38.6 39 39.7 38.6 36.3 34.5 36.2 35.5 34.8 35.2 38.2 46.1 55.7 76.8 89.6 94.7 98 103.4 107.7 109 105.4 101.8 99 97 95.9 98.4 104.5 110.5 114 115.9 116 117.8 119.9 122.8 124.5 124.2 121.8 117.5
91.1 99.3 98.7 92.1 87.2 84.7 83.5 82.3 80.5 78.5 76.4 75.1 74.3 75.7 74.7 72.1 70.5 75.5 80.6 83.2 83.5 83.2 83.4 83.2 82.8 79.9 77.5 77.1 75.6 79.4 89.1 86.2 84.2 81.9 79 73.6 70.5 66.3 62.5 58.3 56.3 50.5 43.7 39.1 35.4 35.7 37.7 39 38.2 37.6 38 37 36 34.7 34.4 35.7 35 34.8 37.6 46.2 55.2 76.8 88.5 94.6 97.7 102.2 108.5 109.1 107.1 103.8 100.7 97.9 97.3 102.2 106.5 113.3 113.2 113.3 114.3 115.4 117.3 118.9 118 117.5 115.5 112.5
93.2 101.1 100.1 94.7 89.2 86.5 85.1 84 82.4 79.7 76.9 75.5 74.7 76.2 74.2 71.7 70.9 74.8 80.1 81.2 80.5 80.9 81.3 81.4 80.7 78.1 75.1 71.3 69.4 71.9 75.5 82.6 81.4 77.8 76.4 73.2 68.6 64.6 62 57.3 54.5 49.1 48.9 39.4 36 36.4 38.1 39 38.9 38 37.5 36.9 36.1 35.4 35.1 34.7 35.5 34.9 36.2 47.7 56.3 76 88.9 94.6 97.6 101.4 105.6 108.4 108.9 105.8 102.4 99.1 98.5 103.1 107.8 113.2 111.8 111.4 112.7 113.9 115.6 116.5 115.5 114.2 110.4 106.3
89.3 98.9 99.9 95.4 90.9 88.1 86.4 85.4 84 81.7 78.4 75.6 74 73.5 73.5 71.4 71.5 75.6 80.3 81.2 79.9 82.6 83.5 83 80 76.8 72.3 69.6 66.9 66.5 69.2 73.7 76.6 72.9 72.4 70.5 66.2 62.1 59.8 57.8 53.5 50.7 50.1 45.5 39.1 38.8 38.6 38.7 38.9 39 38.2 37.2 36.2 34.8 36.1 35.1 35.6 37.5 39.8 44.5 57.4 77.3 87 91.1 95.5 97.6 101.7 105 106.8 106.8 103.4 99.9 100.2 102 106.8 108 108.7 109.9 111.9 113.2 114.3 114.2 113.5 110.7 107 103.3
92.1 99.4 99.1 96.2 92.5 88.6 87.5 86.5 85.4 83.4 80.2 77.6 74.2 72.4 72.3 71.8 72.6 76.6 80.1 81.5 80.7 83.8 85.5 84.9 81.1 78.3 72.5 70.1 68 65.4 66.4 68.1 70 68.6 68.2 66.2 62.3 58 53 53.5 50.8 48.9 44.7 42.7 39 38.3 37.7 37.5 38.3 38.4 37.6 36.8 36 35.6 36.1 35.3 36.5 38.6 40.7 45 53.6 71.1 85.3 88.5 91.8 94.5 96.8 99.2 101.7 102.7 103.2 100.4 99.6 100.6 104 105.8 107 108.9 112.1 114.1 114.3 114 111.6 107.5 103.8 100.2
96.3 100.5 98.2 95.4 92.8 89 87.4 86.3 86.2 83.9 82.7 80.7 78.6 75.2 73.1 73.2 74.5 77.2 80 81.3 81.1 83.5 84.6 84.6 82.2 78.1 77.6 72.9 70.2 65.7 65 65.6 63.6 63.1 63.4 59.9 58.8 51.1 49.1 49.1 48.5 44.8 40.9 39.4 38.6 38.1 37.3 37.1 37.8 37.6 37 36.3 35.6 35.3 35.7 36.4 37.3 39.6 41.2 44 51.3 64.8 81.5 86.7 90.7 91.9 92.8 95.3 96.7 97.1 97.1 96.2 96 98.8 102.1 104.4 107.1 111.5 114.6 115.6 114.7 113.1 110.4 106.2 101.9 97.7
98.2 99.8 97.5 95.8 93.2 89.9 86.9 86.9 86.6 85.8 85 83.6 81.2 78.3 75.6 76.2 77 76.9 78.5 80.5 81.2 83.2 82.6 82.9 81.6 78.3 77.3 76.7 70.6 64.4 62.7 62 59.6 57.3 55.4 54.1 51.8 49.7 49.8 47.5 46.6 43.2 38.8 38.4 38.5 38 37.3 37.5 37.8 37.4 37 36.1 35.4 35.2 36.3 36.8 38.2 39.4 41.3 44 50.3 62.1 77.5 84.4 88.2 89 89.8 91.4 91.7 91.9 91.9 92.9 94 97.1 101.1 104.6 108.2 113.9 116.5 116.3 114.4 112.1 109.3 105.1 100.9 96.7
96.5 98.6 97 94.9 92.1 89 87.2 87.2 88.1 87.6 86.9 86.1 83.5 80.5 78.9 79 78.8 78.1 78.7 82.2 84 82.5 80.3 79.5 78 74.7 76.6 79.2 69.4 62.8 59.6 58.1 56 54.4 51.4 48.9 47.6 48.8 50.3 47.1 44.6 40.6 37.4 37.7 38.1 38 37.3 37.7 37.5 37.1 36.7 35.9 34.9 35.4 36.4 37.8 39.7 40.8 43.8 47.3 50.1 58 72.1 81.3 85.3 87 87.8 88.6 89 89 88.6 89.4 91.8 95.9 101 105.8 110.8 116.5 117.8 116 113.5 110.7 107.1 103 99.8 97.8
97.4 96.9 95.3 93 90.3 87.7 87.5 87.7 89.2 89 88.5 87.9 85.5 82.2 81 80.3 79.9 79.7 81.1 84.2 85.1 82.3 79.1 76.2 73.4 72.7 74.8 75.9 65.4 59.9 55.9 53.7 52.2 49.5 45.7 43.5 43.2 46.2 47.8 45 41 36.8 36.6 37.1 37.4 37.8 37.5 37.5 37.2 36.8 35.9 35.2 34.5 35 36.6 40.5 44.1 44.9 47.7 52.2 56.2 59.6 67.2 80.3 85 86.4 86.6 87.4 87.6 87.1 86.5 87 90.6 95.3 100.8 106.5 112.7 116.2 116.2 114 111.3 108.4 104.5 100.5 97.4 97.1
97.6 96.1 94.2 90.7 87.9 86.8 88.8 89.6 90.4 90.4 89.5 89.3 86.6 83.3 82.2 80.9 81.6 81.5 82.9 85.9 86.2 84.8 80.1 75.9 68.2 66.6 70.2 68.7 62 56.2 51.5 49.8 46.6 44.5 43.4 39.7 39.7 41.5 44.3 42.4 37.9 36.3 36.1 37.1 37.3 37.4 37.3 37.1 36.9 36 35 35 35.4 35.5 37.8 45.9 49.8 50.7 52.3 56.3 60.8 62.8 69.3 80.5 82.9 84.6 85.1 86.4 86.7 86.6 85.1 86.2 89.2 95 101.1 107.1 112.3 114.4 113.1 109.8 107.5 104.6 101.1 98.1 96.8 97.7
95.3 93.8 91.8 87.1 83.8 87.4 90.2 91.4 92 91 90.3 89.8 87.5 83.2 81.9 81 81.1 81.7 85.6 87.9 89.1 88.3 86 82.5 75.3 64 65.2 62.6 58.3 53.2 49.3 46.5 44.3 42 39.9 37 37.2 37.9 37.1 36.5 35.6 35.3 35.6 36.6 37.1 36.8 36.6 36.2 35.1 34.7 36.2 36.5 37.3 37.4 43.4 51.9 54.1 55.5 57.9 60.9 65.4 66.5 73.1 84.3 86.1 84.5 84.5 85.1 86 85.6 84 84.5 87.9 94.9 101 105.9 109.4 109.7 108 105.4 103.6 101.2 98.9 96.6 97.4 99.6
92.1 89.9 85.8 82.1 80.8 85.6 89.2 92.7 93.2 91.8 90.8 89.8 87.2 82.5 79.7 80.1 81 82.4 87.9 89.2 89.6 89 87.5 84.4 78.1 64.3 63.9 60.7 57.5 53.2 48.5 44.7 42.1 39.9 38 36 34.5 34.6 34.4 34.7 34.8 34.8 35.3 36.3 36.5 36.1 35.9 35.4 36.3 37.9 40.1 39.9 40.2 44.1 50.4 54.8 56.6 58.8 62.3 66.6 69.4 70.6 76.1 85.3 87.1 85.9 85.4 85.3 84.5 83.7 83.2 84.3 87.2 94.5 99.3 102.6 105 104.5 103.1 101.5 99.4 99.7 98.2 97.6 98.4 97.4
87.8 87.9 86.7 86.2 84.7 82.4 86.8 92 93.2 91.5 89.3 87.3 83.8 80.3 77.3 77.9 80.7 83.7 88.4 90 90.1 88.6 86.6 82.9 78 72.4 62.8 58.8 55.3 50.9 48 43.5 39.8 37.5 35.8 34.3 34.3 34 33.8 33.6 34.1 34.6 35 35.7 36 35.7 35.4 34.9 36 39.8 42.5 44.6 45.9 49 53.5 56.1 58.7 62.1 65.9 69.6 73 74.3 79.7 85.4 87.3 87.2 86.2 84.7 83.8 82.3 82.6 83 87.2 92.5 97 99.8 101.3 103.3 100.9 96.2 95.8 97.7 96.9 95.6 94.8 92
83.7 86.2 87.1 87.7 87 85.9 87.7 90.6 90.9 89.9 88.9 85.3 82.4 79.9 76.6 77.1 80.2 82.3 86.8 89.8 89.7 87.7 83.8 79.2 75.8 72.1 67.6 57.9 53.3 46.9 43.4 40.5 37.6 35.9 35.1 34.6 35.7 34.7 33.6 32.8 33.7 34.3 34.6 34.7 35.3 35.1 34.8 35 36.1 40.2 44.5 47.5 49 51.5 55.3 57.6 60.2 64.6 68.9 73.1 76.7 77.9 80 87.6 88.6 87.9 87 84.7 83.7 82.3 81.7 82.9 86.5 89.7 93.6 97.3 101.7 105.7 102.6 94.7 93.7 94.3 94.9 92.5 89.8 84.2
77.1 81.6 83.9 85.2 86.3 87.2 86.5 88.1 87.7 88.2 88.3 85.1 81.8 79.8 76.2 79.5 81.4 82 86.2 89.1 88.8 85.4 80.1 75.4 71.4 70 66.5 60.9 50.3 44 41.2 39.2 37.4 40.9 40.1 37.2 37.5 36.7 33.8 33 33.4 34 34.2 34.3 34.5 34.6 34.6 35.4 37.3 40.6 45 49.9 52.3 54.2 57.1 58.7 61.8 66.6 73.5 77.8 80.8 82.2 82.3 87.5 87.9 86.1 86.3 84.7 83.4 82.8 82.3 83.2 85.1 87.7 91.8 95.6 102.5 105.2 102.8 94.3 91.8 91.9 91.9 90.9 88.3 83.6
76.3 78.6 80 81.3 83.4 85.8 84.7 84.9 84.4 85.4 86.9 85.3 80.5 77.6 75.6 77.2 80.7 82.4 82.8 86.6 87 83.6 78.8 74.7 70.3 67.6 64.6 60.7 53.6 45.3 41.8 40.1 40.7 52.2 46 38.3 37.7 35.9 34.2 33.5 33 33.6 33.9 34 34 34.5 35.1 35.7 37.9 41 46.5 51.3 52.2 55.1 57.6 59.2 63 69.6 76.1 82.1 84.8 86.4 86 88.5 89.1 87.3 85.5 83.7 83.2 81.6 81.9 83.1 84.5 85.9 89.7 94.3 101.4 103 100.3 93.2 91.4 90.8 90.8 90.8 88.7 84.9
77.9 78.4 77.3 72.9 76.5 83 80.8 82.3 83.3 84.6 84.7 82.6 79.7 76.2 75.6 76.5 77.3 79.8 81.7 81.8 82.5 80.8 77.1 73.6 69.9 66.8 64.1 62 57.5 51.2 45.3 42.3 48.2 49.2 44.1 39.4 37 35.3 34.4 33.4 32.8 33.2 33.5 33.6 34.3 34.6 35.1 35.6 37.3 41.2 47 51.1 51 53.5 56.2 59 63.8 70.4 77.6 84.7 88.2 89.3 89.6 90.8 90.9 88.8 86 82.6 81.2 80.7 81.5 81.6 82.6 84.4 87.6 92.2 97.9 99.5 96 91.5 90.9 90.2 89.6 89 88.3 85.2
78.1 75.2 75.1 64.8 62 54.9 48.9 48.6 59.4 85.6 85 83.4 81.6 80.9 82.2 78.7 75.6 78.4 78.5 78.4 77.1 75.8 73.7 70 67.2 64.7 63.8 61.9 59.8 55.5 49.9 46.2 47.6 44.7 39.7 37.8 35.7 34.7 33.9 33.2 32.9 33 33.3 34.5 34.7 34.8 35 35.5 37.1 40.9 45.4 48.9 49.5 51.3 54.1 57.6 63.8 71.7 80.4 86.2 89.3 90.5 91.5 91.5 90.9 89.4 86.4 83.1 79.9 79.4 80.6 80.6 80.7 81 84.3 89.3 93.4 93.7 92.1 89.8 89.4 89.2 88.6 88.7 88 85.1
71.5 71.9 66 63.1 50 45.6 46.1 49.5 63.5 77.2 84.2 83.1 82.5 79.8 82.3 83.6 77.4 73.7 74.7 74.7 73.9 69.1 68.8 67 65.3 63.6 62.9 61.5 59.2 56.9 52.6 48.4 45.8 40 38.4 36.5 35.3 34.1 33.4 32.9 32.5 32.9 33.3 34.6 35.3 35.3 35.4 35.4 36.5 39.4 44.1 47.9 48.5 49.9 54.5 61.6 66.1 74 82 87.1 89.3 90.3 90.7 90.7 90.3 88.8 86.7 84.7 81.4 78.5 80 80.4 78.3 78 79.6 84.8 88.8 89.1 89.1 88.5 87.6 88.7 88.7 88.8 88.1 86.7
69.4 70.1 62.2 51.2 45.6 45.6 50.3 57.2 64.2 75.7 84.4 84.4 82.1 78.2 83.1 84.7 80.8 72.2 72.8 73.2 68.7 65.5 62.3 64.8 63.4 61.7 60 59.3 58 54.9 50.7 46.9 43.4 39.6 37.1 35.9 34.8 33.8 33 32.4 32.6 32.6 33.4 35 35.9 35.7 35.5 35.4 36.2 39.9 44.5 48 48.4 51.1 57.2 63.4 67.7 75.1 81.5 85.3 87.8 88.5 89 89.4 89.1 87.9 86 84.6 82.3 78.1 77.7 78.5 77.9 74.8 75.1 79.5 83.1 85.4 86 87.8 87 88.3 88.8 88.8 88.5 87.6
63.8 68.6 62.9 55 48.9 50.4 51.8 64.9 72.1 85.7 86.1 84.4 77.7 79.3 85.2 83.2 79.1 74.3 74.8 72.9 69.6 63.8 59.3 59.8 60.1 59 56.8 56.3 55.7 52.5 49.2 45.3 41.8 38.4 36.8 35.6 34.6 33.6 32.6 31.4 32.2 32.7 34 35.7 36.5 35.8 35.4 35.3 36.3 40.2 44.4 49.6 51.7 54.5 59.5 63.1 67.6 73.8 78.6 82.2 84.8 85.4 86.2 86.7 86.7 86.2 85.4 84.1 82.8 79.3 77.2 77.5 79.2 74.3 77.1 75.8 78.6 80.9 84.4 85.7 85.4 85.7 87.4 88.6 88.8 87.8
49.3 49.6 47.7 49.8 49.8 55.4 52.4 57.7 69.7 88.2 87.1 86.3 77 78 85 83.6 77.8 75.5 75.8 70.9 68.6 62.3 58.4 57.2 58.9 57.4 55.1 54.4 53.4 50.9 47.7 44.6 42 39.7 38.2 35.5 34.5 33.5 32.5 32 32.4 32.9 34.1 36.1 37.2 37.1 36.3 37.1 39.1 42.2 46.5 53.2 55.2 56.8 57.3 57.7 61.9 67.9 73.1 76.6 79.9 82.3 83.3 84 83.9 83.8 84.1 83.8 82 79.1 77.8 76.2 78.6 74.4 75.1 76.3 76.5 79.3 82.4 84.8 84.6 82.9 86.9 88.1 88.2 86.8
38.4 41.5 41.6 41.2 48.5 49.3 50.6 52.2 53 86.4 87 80.3 78.7 84.2 84.2 82.9 73.9 73.9 73.3 68.8 66 60.3 56.9 57 59.1 58 54.1 53.2 52.2 50.4 47 46.6 41 39.5 37.2 35 34 32.9 32 30.7 32.3 33 34.2 36.7 37.9 37.6 38.3 39.4 41.6 45.2 48.8 56.5 60.3 57.6 53.4 49.9 51.6 57.1 64.1 70.8 74.9 78.3 79.6 80.8 80.8 82.2 83.4 83.2 81.1 79 77.9 77 75.3 76 75.1 76.8 76.1 77.3 82.5 85.3 84.9 81.5 85.6 87.3 88.2 86.6
27.4 26.9 26.9 38.9 45.7 51.5 52.3 54.1 62.5 85.4 83 78 82.3 74.1 71.8 72.3 71.4 71 69.1 66.4 62.8 58.6 57.2 59.7 61.8 59 55.5 51.9 51.2 49.1 47 43.3 40 38 35.6 34.5 33.5 32.5 32 31.4 32.2 32.9 34.5 37.2 37.7 38.4 39.9 41.7 44.6 47.9 50.4 57.2 61.4 60.3 53.5 46 42.2 47.1 53.9 62.2 69.8 74 76.3 77.7 79.1 80.6 81.6 81.3 79.2 79 77.8 77 74.7 73.6 76.6 77.9 76.9 74.9 79.4 86.3 84.4 81 85.3 86.1 86.6 86.1
26.5 26.7 26.9 33.2 56.6 57 54.5 55.6 57.1 70.7 70.3 67.2 65.3 68.7 70.3 72.9 68.7 67.8 65.3 59.5 58.9 57.4 57.3 60.7 62.3 59.3 54.2 52.2 50 48.1 46.1 42.7 38.8 36.8 35.2 34.3 34 32.6 32 31.5 32 32.8 35.4 37.8 38.7 39.4 41.3 43.3 45.4 47.9 50.7 56.3 60.8 60.7 56.5 53.1 41.8 42.6 46.1 53.5 63.4 69.4 72.8 75 77.4 79.1 79.9 79.8 78.5 78.3 77.3 75.8 74.3 73.9 77.4 77.6 76.7 74.8 75.8 83.2 83.7 81.4 85 85.7 85.6 84.4
56.3 40.3 26.6 39.7 66.8 79 80 80.1 77.2 60.3 62 68.4 61.8 61.3 61.7 63.5 66.8 64.9 60.5 52.7 54.5 53.8 56.7 59.4 59.1 58.5 53.8 50.3 48.5 46.8 44.5 41 37.9 36.1 36.5 36.9 35.6 33.3 32.4 30 31.9 33.8 36.5 37.9 39.2 40.1 41.8 43 44.2 47.3 51.6 55.5 58.8 58.1 57.9 52.6 46 44.2 45.3 49.2 59.1 65.5 69 72.1 75.1 77 78.5 79.3 78.6 77.6 75.8 73.8 73.5 73.6 76.1 74.8 76.2 77.3 74.5 79 82.2 82.3 83.6 84.7 83.9 83.6
68.4 57.7 55.5 59.9 72.8 78.6 77.1 78.4 78.6 76.9 63.7 63.9 61.1 61.4 61.8 65.7 64.4 61.6 53.7 46.7 48.8 51.2 54.4 57.2 57.5 56.5 51.8 49 47.3 45.5 43.4 40.5 38.6 36.5 38 38.3 36.6 33.1 31.8 30.7 32 34.4 36.8 38.1 39.1 40.9 42.8 44 44.5 47.4 51.8 54.7 55.7 55.4 55.3 52.3 50.6 49.2 48.3 51.4 55.3 61.5 66.1 69.5 72.6 74.1 75.1 76.5 78.4 77.4 76 73 71.7 72.6 73.7 74.4 77 75.5 75 74.6 79 80.8 78.1 82.7 82.6 82.7
70.7 71 62.9 65.2 73.6 75.3 75.6 75.9 76.1 76 69.3 67.8 60.8 62.4 65 62.1 60.5 56.8 47.4 44.5 45.3 48.5 51.9 54.7 56.2 54 50.7 47.9 46.1 44.3 42.2 40.1 38.8 37 39.1 38.6 35.3 32.1 30.7 30.8 32.2 35.2 37 38 39.8 41.8 43.5 44.2 45.3 47.5 50 53 55.5 54.2 53.5 53.7 55.8 55.4 52.2 52.7 54.4 59.1 63.7 67.4 69.7 71 71.3 72.5 74.3 75.4 74 72.3 71.4 78.4 80.1 82.5 81.7 77.5 77.4 75.4 75.4 76 74.6 77.1 78.6 78.2
73.5 73 73.9 68.3 74.3 74 73.7 73.3 74 74.5 69.4 66.6 62.6 67.7 63.8 55.6 54 49.5 44.1 43.1 44.5 47 49.7 52.2 53.9 52.6 49.6 46.7 45.1 42.8 41.3 39.6 37.3 39.4 39.7 38.1 35.3 32.8 30.6 30.6 33 35.4 37 38.3 40.3 42.6 43.4 44.3 44.5 45.7 48 50.8 53.7 52.5 52.5 60.2 62.4 61.3 56.5 55.5 55.5 58.4 62.1 65 67.6 70.8 72.2 71.9 75.3 74.8 76.1 76 72.9 82.1 85 88 80.1 77 81 81 76.5 71.8 69.6 69.4 70.3 71.3
74 74.1 74.4 75.5 73 71.4 72.5 72.2 75.8 75.4 69.1 64.2 63.8 64.2 54.7 51.4 45.5 44.2 43 43.1 44.8 44.8 47.3 50.2 52.2 51.4 48.9 46.2 43.3 41.4 39.8 39.3 39.9 39.7 39.6 37.2 33.6 31.6 29.8 31 33.3 35.2 36.8 38.5 41 42.9 43.7 44 43.5 44.4 45.4 47.3 49.2 51.1 53.8 62.5 64.2 61.9 60 56.8 57.3 58.9 60.8 63.8 69.2 72.5 75.5 76.8 77.3 78.5 79.8 76.2 83.2 84.3 87.9 88.7 79.5 88.4 85.5 81.6 76.5 71.5 66.1 64.4 64.7 64.7
72.9 73.3 73.4 72.4 70.2 69.5 69.2 69.1 71.4 68.5 64.1 61.9 56.7 53.8 52.6 49.2 47 44.7 41.9 42.5 43.6 43.2 43.8 47.8 51.4 50.7 49 46.1 42.8 40.7 39.8 40.9 40.7 40.3 39.1 35.9 33.6 31.7 29.2 31.1 33.4 35.1 36.9 38.9 40.9 42.6 43.5 43.8 44.1 43.9 42.5 42.6 42.9 49.2 55.3 61.3 63.1 61.6 59.6 57.5 57.1 58.8 61 66.2 69.1 72.6 78 83 80.4 82.4 81.3 75.8 84.5 85.3 88.8 90.3 90.6 89 86.6 81.9 75.3 70.2 65.9 61.5 60.6 58.8
71.5 70.1 69.7 68.4 66.3 66.1 66.4 64.7 64.2 62.1 59.6 57.9 54 52.7 53 50.2 46.7 44.5 43.3 41.5 41.7 41.3 41.7 45.2 49.3 50.2 49 45.7 42.3 40.7 41.1 42.8 43 40.9 38.9 35.5 32.7 30.8 29.6 31.1 33.3 35 36.6 38.5 40.6 42 43.2 44.4 45.8 45.5 40.1 38.4 41.1 47.2 54.1 60.4 61.4 59.7 59.2 57.9 57.9 58.7 61.2 65.4 69.3 73.9 79.7 83.8 86.2 81.4 81.3 77.9 79.3 85.7 88.1 91.3 91.5 89.3 87.1 82.1 75.3 70 65.8 61.3 56.9 54.3
69.6 66.6 65.8 63.4 61.8 62 61.2 60.3 59.9 58.3 57.3 53.7 54.3 53.4 53.1 50.9 47.7 46.4 44.6 42.6 42.3 42.6 42.7 43.7 47.5 49.2 48.7 45.1 41.5 41.4 43.4 45.8 44.4 41.6 37.9 33.8 31.5 30.2 30.2 31.8 32.9 34.2 35.9 37.5 39 40.7 42.7 45.4 47.3 46.1 42.6 38.1 39.2 46.3 52.4 57.6 59.6 59.3 58.9 57.9 58.3 59.3 60.8 63.5 69.8 73.2 80.1 86.3 88.1 83.6 84 81.5 79.1 86.6 89 90.2 91.9 91.4 86.5 83.1 77.4 71.6 66.5 61.1 56.8 51.3
