data/320000-630000.asc
ncols 200
nrows 200
xllcorner 320000
yllcorner 630000
cellsize 50
[rows 140 to 174 of 200, columns 0 to 77 of 200]
266 265.1 264 262.3 262.1 261.3 260.5 261.6 269.8 286.2 287.5 264 252.9 248 244.2 245.8 266 283.1 287.6 275 262.5 253.7 250.9 253.2 257.7 261.7 277.7 296.6 317.9 340 362.2 385.1 403.9 419.1 432.1 436.8 430.6 417.3 398.4 380.2 360.8 356.7 376.5 401.9 428.1 453.9 479.7 504.7 526.9 542.9 544.3 536.5 521.2 508.3 507.5 525.3 551 574.6 593.2 605.2 613.7 619.3 620.7 617.5 606.3 591.8 577.4 564 555 565.4 581.4 598.7 618 637.3 655.4 670.8 683.2 693.5
266.4 264.9 264.1 263 262.6 261.8 260.9 260.9 266.4 277 272.1 256.7 249.7 246.6 245.4 255.9 278.2 293.7 300.3 285.6 271.1 259.6 252.7 253.8 255.6 259.2 264.6 280.5 300.9 322 344.9 366.1 384 401.4 412.9 416.6 414.3 398.3 378.6 355.3 335.9 349.5 372.4 395.7 421.4 447.6 474.1 498.3 517 528.7 523 512.9 497.1 478.1 481.5 505.1 531.5 556.8 575.6 588.9 600 606.4 606 597.5 584.5 568.9 551 534 525 543 563 581.6 602.9 624.9 644.3 664 681.3 694.3
267.3 265.7 264.2 263.2 262.4 261 260.5 260.9 265.5 269.3 262.4 253.2 249 247.2 248.5 263.5 284.1 303.6 311.2 298.2 282.2 267.2 257 254.4 255.5 257.9 261 270 280.3 301.8 322.4 342 361.2 377.1 391.4 398.3 396.3 380.7 360.3 336.1 328.4 343.5 364.9 387.3 413.5 440.5 465 485.1 501.9 507.1 502.1 489.6 471.1 453.2 461.7 486.5 513.4 539.3 558.3 574 586.2 593.5 591.7 575.5 561.8 546 526.3 505.5 500.5 523.1 545.1 564.3 585.3 606.8 628.3 648.3 666.7 682.8
267.7 266.2 264.7 263.8 262.8 259.7 258.9 260.7 263.6 261 255.8 251.8 247.1 247 256.4 272 294.5 315.4 325.8 312.7 295.8 279.1 267.8 257.7 255.8 257.4 258.8 263.7 271.5 280.4 297.1 316.6 335.1 352.2 366.8 377 373.2 360.8 343.1 320.3 318.6 330.1 353.9 378.6 402.9 427 446.2 462.6 476.7 481.3 477.7 465.6 444.8 427.7 443.6 468.4 494.3 525 543.6 559.1 572.3 580.6 575.9 557.1 539.2 522.4 502.8 480.1 479.3 503.9 525.5 544.7 564.9 586 606.6 626.8 645.5 664
268.4 266.8 265.2 264 261.9 258.4 256.9 258 259.3 255.2 254 250.8 246.3 250.7 264.4 282 305.8 329.4 339.8 324.4 309.7 294.9 280.1 271 262.9 257.8 259.1 260.9 265.7 272.6 279.2 291.1 309.3 326.3 341.3 348.3 345.4 336.8 322.7 308.4 306.6 314.7 337.1 360.3 383.4 402.7 418.5 434.9 447 450 449.2 438.7 419.3 410.3 430.8 460.6 489.6 513.2 530.7 544.8 556.9 563.1 557.5 539.8 518.6 498.9 478.5 456.3 460.1 484.3 504.8 523.4 542.5 561.9 582.9 603.2 622.9 642.4
269.4 266.8 265.1 263.4 263.4 258.6 256 254.9 254.8 253.6 248.7 247.6 247.1 257.2 272 291.6 316.8 339.4 350.1 342.5 326.4 313 296.9 284.2 275.4 267.5 260 260.9 262.3 266.5 273.4 278.5 285.2 299.6 310.5 316.2 314.8 307.3 299.6 299 297.8 300.5 315.6 334.9 354.1 371.2 386.4 401.6 412.5 418 419.1 408.1 394 398.4 426 454.3 480.5 498.6 515.8 531.7 540.5 543.2 536.2 521.3 502.4 479.8 456 434.5 441.4 464.3 482.8 500.6 518.2 537.5 557.9 578.5 597.7 618.5
272.3 266.9 263.1 262.1 260.9 259.6 257 255.2 253.5 251.8 247.1 246.4 249.2 264.6 279.5 301.9 327.8 349.9 363.3 358.2 342.7 328.8 313.8 300.9 289.7 282.2 273.9 261.8 262.4 264.2 265.3 274.6 279.6 284.2 288.9 293.6 292.5 292.7 291.3 293.1 294.3 295.8 299.9 308.4 323.6 339.2 353.4 366.5 377.4 386 388.4 377.2 375 396.3 422.4 446.9 466.2 484.5 502.3 517.2 521.7 519.9 512.4 499.5 483.8 464.2 441.4 419 426.5 442.4 458.4 474.3 492.5 512.3 531.9 551.9 572.6 594.1
273.8 267 263.2 260.6 259.7 258 256.7 254.9 253.2 248.5 245.4 247.4 256.4 271.1 291.8 315.9 341 361.6 375.6 372.6 359.7 344.3 330.7 319.1 308.3 296.3 287.9 278.6 270 263.6 265.6 266.8 276 279.7 277.4 280.8 283.1 285 286.3 290 292.7 294.9 296.9 299 302.4 308.9 320.2 331.3 342.3 352.4 356.6 351.7 374.9 402 421 431.5 448.7 467 486.5 499.7 499.2 494.3 485.9 475.4 462.3 444.9 423.5 403.5 410 420.2 433.9 449 467.2 486.7 506.3 526.3 548 570.3
274.4 267.4 262.2 259.4 258.6 257.1 255.8 254.4 252.6 249.5 245.3 251.5 264 282.6 305.2 329.6 354.4 372.5 384.2 386.2 373.9 360.4 349.1 339.7 328.1 314.6 303.5 294.1 283.3 275.3 270.4 268.2 267.9 270.9 272.9 275.7 277.9 281.5 282.6 285.7 289 291.7 292.6 293.1 293.1 297.8 300.8 304.2 311.8 318.7 327.1 341.3 367.7 384.1 395 405.3 428.5 450.8 469.8 476.7 473.5 467.2 457.8 448.5 436.8 422.1 402.4 392.5 402.7 422.7 445.3 467.1 486 497.9 509.1 521.8 537.5 553.1
275.2 268.1 261.1 258.2 257.3 256.1 254.9 253.6 252 249.7 247.3 256.4 271.9 295.2 323.3 349.1 371.5 383.9 395.2 400 389.2 376.2 369.3 358.8 346.5 334.5 322 309.4 299.5 288.9 282.8 276.5 271.7 270.9 272.2 273.8 275.5 277.1 278.5 281.4 283.9 285 286.3 287.9 291.2 292 294.3 296.7 299.7 305.1 310.1 319.1 337.7 349.7 361.9 380.8 407.2 430.2 448.9 452.2 446.9 439.3 428.9 419.5 410 397.4 380.6 384.9 407.6 431.5 452.9 478.9 503 522.4 536.6 549.2 561.3 575.6
278.3 270.6 264.4 257.1 256 254.7 253.3 252 250.8 250.4 250.1 256.3 278.6 308.3 344.3 371.3 390 397.2 404.5 410 402.7 390.6 384.7 377.6 368.2 356.8 341.7 329 319 308.5 300.1 290.8 282.1 278.3 277.2 278.3 275.7 275.9 276.9 278.4 279.8 280.3 281 283.1 285.1 287.1 288.9 290.8 293.6 298.3 300.5 303.2 309.3 318.4 333.5 355.5 380.1 402.7 421.3 423.6 418.7 411.1 400.1 390 381.2 372.9 372.1 389 413.4 438.7 462.7 489.4 515.4 539.8 557.5 572.3 586.9 600.5
283.9 274.7 267.8 258.2 254.8 253.5 252.3 251.4 250.7 250.3 251 259.5 287.3 320.7 358.3 387 399.3 407.1 413.2 415.4 412.1 404.3 400.3 391.5 387.3 377.8 364.2 350.9 339.8 329.1 318.5 308.5 297.9 292.6 288 285.8 283.6 285.1 286.8 287 285.7 284.3 281.5 283.4 284.9 286.5 288.2 290 292.4 294.4 295.8 298.5 302 306.9 310 329 351.7 373.2 390.8 393.7 390.7 383.3 372.1 361.8 357.9 363.3 378.2 396.6 421.5 445.9 471.1 498 524.3 549.5 572.4 591.1 608.6 623.9
291.5 279.9 272.6 261.8 254 253 252.2 251.5 250.9 251.1 251.5 262.1 293 329.7 368.1 396.2 408.2 412.7 413.7 414.8 415.5 414.1 409.7 401.8 399.2 393 385.7 376.2 362.9 351.7 340.3 329.2 320.2 310.5 301.2 294.9 296.6 302.2 309.2 310.7 306.6 297.1 291.6 284.1 285.6 286.8 288.9 290 291.4 293.5 295.4 297.5 300.9 303.7 306.9 311.7 324.2 343.2 358.6 363.3 360.5 355 345.6 351.3 359.5 370.3 384.4 404.1 428.3 450.6 477.3 503.1 527.2 552.4 577.3 599 618.6 637.2
297.1 284.8 274.2 264.8 253.6 253.3 252.9 252.3 251.8 252.1 252.3 264.6 295.5 334.7 373.1 394.6 402.5 404 406.1 409 412.9 415.2 413.4 411.5 410.7 408 401.9 396.4 387.8 380.5 367.4 354.4 343.7 332.7 318 300.7 312.5 326.5 340 341.4 337.7 327 313.2 294.8 286.8 287.4 289 290.1 291.5 292.3 294.8 297.1 299.7 304.9 306.7 310.3 314.8 320.1 328.4 333.2 334.8 339.1 342.3 359.7 375.6 384.9 386 406 428.7 450.8 474.8 498.8 522.7 545.9 572.2 596.5 619.6 641.2
303.2 290.6 276.4 265.5 252.2 252.1 252.1 252.2 252.8 252.7 252.9 262 294.6 330.7 365.9 375.1 382.5 387.3 391.8 397.9 405.6 413.7 418.8 419.8 419.3 417.9 416.1 412.3 408.3 401.3 393 379.9 365.6 353.5 334 312 325.9 345.3 361.6 372.6 368.9 357.3 339.9 321.2 304.2 293.7 289.4 290.9 292.4 292.5 294.6 296.4 298.1 305.2 308.3 311.7 315.7 318.9 322.8 327 332.5 346.8 362.6 378.3 395.2 406.6 409.4 404.3 423.4 442.1 464.8 487.5 512.2 538.7 565.6 592.3 616.3 641.4
307.3 292.1 277.7 265.4 252 252 252.5 252.9 253.6 253.9 253.7 259.8 286.7 317.2 339.2 350.1 359.3 365.3 374.2 383.2 392.8 402.7 413.6 419.3 423.8 425.7 427 426.5 424.6 418.7 410.7 400.8 390 371.3 347 325.7 333.1 355.2 373.9 394.5 397.5 386.2 368.4 350.7 332.3 314.8 303.3 291.7 293.8 294.1 295.6 296.1 297.3 300.4 304.5 309.3 316.4 322.3 325.9 332.5 345.6 361.9 382.2 400 419.2 432.6 435.9 436.5 439.4 444 449.5 476.2 502.4 529.3 556.9 584.9 613.1 639
311.8 296.6 280.5 264.9 253.8 252.7 253.1 253.8 254.5 255.2 256.4 259.3 274.8 297.8 314.2 326 336.7 345 355.3 366.9 380.7 392 405.3 415.4 424.3 430.6 436.9 441.5 440.4 437.1 430.2 420.2 407.4 387.9 361.6 339.6 341.6 363.7 384 405.3 417.3 413.6 396.9 377.5 359.7 339.8 325.2 311 303 295.8 297.4 298 298.5 299.2 304.8 312 323.4 331.5 331.6 334.7 353.3 375.7 398.2 418.5 438.4 453.9 458.4 460.9 469.1 473.2 477.7 482.2 490.1 518.4 549.7 581.7 610.6 635.7
319.5 302.2 284 262.2 253.8 253.6 253.9 254.5 255.1 255.8 259 262.5 269.2 284.1 298.4 310.4 322 329.2 339.7 352.9 366.7 383.2 397.5 411.9 425.3 435.6 445.9 453.3 457.2 455.6 450.5 438.4 424.9 404.5 376.7 352.7 351.9 372.7 393.2 414.2 430.1 432.3 423 402.7 386.6 367.7 352.3 336.7 320.7 304.5 299 299.7 300.2 300.4 309.2 329 336.2 349.2 348.3 335.5 357.5 381.1 405.5 428 449.4 466.2 474.7 485.4 495.3 500 505 510.2 517.9 523.9 547.4 581 610.7 636.4
328.8 306.8 284.8 267 254.2 254.3 254.4 254.6 255.1 256.1 257.7 263.7 270.9 279.1 288.7 293.9 312.5 324.3 332.3 340.2 358 375.7 391.7 408.3 425.6 442.3 454.1 465 470.4 472.6 467.2 455.8 441 418.2 393.7 368.1 358.3 383.1 404.7 423.3 438.8 442.6 439.6 427.6 412.3 396.7 378.9 361.6 342.3 318.1 300.8 302.1 302.9 302.1 312.1 330.8 354.2 368.1 367.2 347.1 356.1 380.6 403.4 425.4 447.8 468.6 483.3 501.3 517.7 526.5 531.6 538 545.2 553.3 557.3 579.9 613.4 640.7
329.5 310.3 287 270.3 254.8 255.2 255.3 255.2 255.1 255.3 257.5 261.8 268.2 284.1 300.6 312.3 319.4 312.1 328.7 338 351.5 368.7 387.7 406.7 425.7 444.4 458.8 470.7 478.8 485.1 480.8 470.8 455.2 433.7 410.3 383.5 364.1 391.9 414.3 431.7 445.6 456.4 456.9 450.9 437.9 426.8 410.2 390.8 366.6 337.9 311.5 304.4 304.9 305.3 312.2 331.9 360.7 385 386.3 364.3 349.8 371.4 395 417.5 440.1 461.5 480.9 503.2 524.9 539.6 552.3 566 573.2 581 589.6 595.8 620.2 648.5
334.2 313.1 292.9 277.5 255.1 255.9 255.5 255.4 255.8 256.5 257.3 258.4 266.8 286.7 307.5 322.7 334.2 332.8 331 335.4 350.3 365.8 385.2 404.9 424.2 443.9 460.2 474.7 485.6 493.5 492.7 483.7 468.6 448 424.5 399 374.2 398.4 420.9 438.1 454.4 466.2 469.7 465.3 456 444.4 432.3 406.9 380.1 350.2 321.5 305.5 307.5 307.8 311.5 330.9 362 396.3 402.5 383.6 362.4 362.2 381.9 405.5 428.5 451 473.3 497.9 523.3 543.6 565 580.8 596.2 607.9 618 627.7 639.4 657.8
346.8 321.4 306.2 279.4 261.5 256 255.9 256.4 257.1 257.4 257.4 257 269.6 290.2 311.2 331.3 343.6 347.1 348.3 346.3 349.1 364.9 384.2 402.7 421.4 440.3 460.4 475.3 487.1 496.4 499.4 493 479.4 459.7 437.6 413.7 392.3 404.5 425.6 444.9 462.5 475.2 480.6 476.2 467.9 454.7 439.9 414.8 384.4 354.9 327.8 314 309.6 310.3 315.2 326.6 360.9 397.2 420.1 404.9 384.1 359.2 367.9 391 416.5 440.4 465.8 490.3 517 541.3 562.1 583.2 601.6 617.1 629.3 641.7 653 663.1
359 331.8 309.6 284.9 266.3 259.2 256.9 257.3 257.3 257.3 257.4 256.8 275.9 295.5 316.8 338.6 351.2 358.6 363 363 359.2 364.1 380.2 399.1 417.5 437.2 455.4 472 485.6 495.4 499.9 497.5 485.8 468.7 452.3 430 409.5 411.6 434.6 453.5 469.5 483.4 489.6 485.5 477.4 463.9 445.7 420.6 390.4 359.5 331.9 317.1 311.6 314.3 318.6 328.6 357.1 395.3 432.2 425.6 406 383.8 364.2 379.6 405.9 430.9 455.6 482.2 509.8 535 557.2 579.1 598.7 614.9 631.2 647.7 657.7 663.9
370.3 345 314.2 286.7 268.4 259.6 257.5 257.9 257.5 257.3 257.3 261.6 281.2 302.1 323.9 343.3 358 366.8 374.4 376.7 377.4 367.7 376.3 393.8 412.2 431.4 448.6 467.4 480.9 491.2 498 498 488.8 475.5 463.9 445.6 428.2 419.1 441.9 459 477.6 488.7 494.2 491.6 483.1 470.2 448.5 421.4 392.8 365.1 338.1 320.8 314 315.1 321 332.8 357.6 394 433 443.6 423.7 401.7 378.3 375.9 397.6 423.1 449.5 476.7 503 528.6 551.8 573.1 592.4 611 628.9 643 653.7 655.5
376.2 347.2 315.9 284.6 268.1 258.8 258.3 258.2 258 259.6 259.4 265.3 284.6 306 330 349.4 364.6 377.1 386.5 389.1 391.7 387.7 374.7 388.9 404.8 423 440.7 458.9 474.3 485.6 494.3 497.2 493.2 483 473.7 463 447.5 431 445.8 465.8 482 492.5 497.7 495.4 485.3 473 450.2 420 391.2 365.9 342.3 323.6 320 319.9 325.1 337.4 362.1 396 435.3 452.1 439.2 416.1 391.7 374.6 393.7 419.4 445.2 470.2 496.7 521.7 545.8 566.5 585 604.5 619.6 632.2 640.6 642.7
368.6 340.6 310.4 281.2 264.1 258.7 258.8 259 258.8 258.7 258.5 269.9 289.7 311.9 334.9 358.7 372.7 383.8 393.4 401.5 406.9 400.8 394.4 392.5 394.9 409.3 429.8 450.2 467.4 480.9 492.4 499.2 499.3 493.7 487.4 477.9 463.2 448.3 451.4 471 485 494.7 499.3 498.3 488.7 475 449.8 417.1 388.1 362.8 343.8 328 320.2 322 326.7 339.4 363 398.7 436.9 458.6 450.5 428 404.1 380 390.5 415 439.4 463.5 489.3 513.8 539 561.4 580.6 596.2 609.5 619.7 626.8 628.6
358.8 328.8 299.5 275.8 260 259.7 259.6 259.5 259.3 259.3 259.1 275.6 296.6 319 341 362.1 377 389.1 401.4 414.9 421.5 417.2 413.2 406.2 407 405.9 418.1 439.3 460 478.2 493.2 500.1 502.7 500.7 496.4 489 477.3 467.7 459.9 477.6 488.7 496.4 501.2 500.2 490.2 475.8 446.2 413.5 383.1 361.3 345.2 333.4 326 325.5 329.4 340.5 366.4 401 436.8 458.4 459.6 439.2 415.3 389.8 388.5 411.7 436.6 460.4 483.8 506.6 530.3 552.1 571.2 585 596 604.3 611.3 613.5
345 317.4 291.5 272.5 260.3 260.3 260.2 260 259.9 259.9 264.1 283.1 304 327.5 347.5 366.6 383.7 396.6 411.2 425.7 433.3 433.5 429.6 422.2 420.2 417.8 417.9 432.6 457 476.8 491.4 499.9 505.5 506.8 506 501.6 495.2 489.3 478.9 485.1 495.3 500 503.1 500 490.4 473.7 440.1 409.8 383.6 364.1 346.6 339.7 332.2 329.2 332.1 343.2 369.5 402.9 437.5 458.8 464.6 448.3 424.5 400.6 391.9 407.1 429.9 453.2 475 498 519.6 539.3 556 569.8 579 585.8 592.7 595.5
330.8 303.3 282 267.1 260.5 260.4 260.3 260.2 260.2 260.2 272.1 292 317.1 337.9 355.6 373.9 391.8 405.6 418.8 433.2 445.6 447.4 445.9 441.2 438.3 435.3 433 436.5 454.2 475.1 491.5 502 509.3 514.5 515.1 512.8 508 504.1 498.4 497.9 502.1 505.2 505.3 501.2 493.5 474.2 439.8 408.9 386.5 364.9 352.5 344.7 335.7 331.9 336.6 353.4 377.7 410.4 444.3 465.6 471.2 457.1 432.9 409.2 398.5 402.5 420.7 443.8 465.5 487.9 507 524.8 540.7 551.7 558.7 565.8 572.7 577.1
316.1 291.8 276.9 262.8 261.4 261 260.8 260.7 260.6 262 280.2 302.2 326.8 346.8 363 380.2 397.9 413.3 427.1 443.4 456.6 459.1 461.5 457.8 454.6 451.8 448.1 440.9 463 482.4 497.9 507 515.5 520.3 522.6 520.5 518.3 516.5 513.9 510.4 509 509.3 509.2 505.3 497.2 468.5 437.6 412.5 390 370.9 360.1 347.6 339.4 334.7 344.5 363.7 389.9 418 451.5 472.7 478.7 465.4 441.5 415.8 408.1 413.6 413.5 438.2 458.6 477.6 491.3 506.5 519.3 530.7 540.1 548.2 555.3 560.7
301.5 282.4 270 262.2 262 261.8 261.7 261.3 261.1 267.8 290.1 312.2 334.9 353.9 369.9 389.5 404.5 420.5 436.3 452.6 464.9 470.8 477 473.3 472.4 467.6 462.1 462.5 469.4 488.5 503.7 516.7 524.7 529.7 532.6 530.7 528.7 527.4 523.6 520.5 516.4 514.6 513.4 508.9 497 465.8 437.1 413.6 393.5 375.3 365.1 355.9 345.9 340.5 355.7 377.2 403.7 432.4 461.8 478.8 485.1 472.8 448.7 422.1 417.6 431.5 431.5 430.6 446.9 461.5 473.6 485.9 498.5 511.6 522.7 533 539.9 545.9
290.5 276.5 264.4 262.2 262.1 261.8 261.3 261.3 263.1 277.3 300.4 323.6 344 361.1 377.2 396.5 411.7 429.4 444.7 460.7 473.7 483 488.1 493.2 489.3 485.8 482.7 480.3 477.7 496.4 511.5 525.2 534.4 538.8 541 541.9 541.9 538.7 533.7 530.6 526.6 522.1 518.8 513.3 495.7 465.3 437 415.6 396 376.6 374.2 368.4 355 345.2 365.5 389 417.2 444.9 468 484.3 491.2 479.4 455.2 425.6 427.5 443 456.7 460.8 461.1 465.5 470.9 478 481.2 493.3 504.4 516.1 523.3 528.6
282.2 272.8 263.4 262 262.1 262.2 262.3 261.2 270.3 289.6 310.8 333.1 352.1 369.2 387.3 402.4 419.9 435.3 451.6 468.2 482.8 492.4 504.2 510.9 509.7 506.3 503.3 500.4 501.1 504.2 520.9 532.9 542 546.7 549.5 550.6 550.8 547.9 542.9 540.1 535.7 530.9 525.8 517.2 494.9 463.7 437.9 418.1 402.9 395 390.2 378.5 362.5 346.3 369.6 397.2 426.4 450 472.6 487.4 494.1 486.1 461 432.9 434.9 453.9 469.3 480.9 490.2 492 496.2 502.6 509.2 516.9 525.6 529.7 535.2 542.5
276.3 268.7 263 263.3 263.2 263.4 263.3 264.6 281.3 301.5 323.5 344.3 363.4 379 394.3 408.9 424.9 440.5 456.9 474.3 491.5 506.6 520.8 526.5 528.3 527.3 524.3 522.9 520.2 515.8 528.2 540 548.7 553.7 556.7 558.3 558.1 556.4 551.5 548.6 545 539.5 532.3 520.8 495.4 465 442 429 421.1 413.8 405.4 392.8 374.1 349.1 373.3 400.6 430.3 452.4 474.9 489.7 497.5 492.8 468.7 445.1 437 458.9 475.1 493.6 507.4 516.1 522.4 530 536.2 542.6 551 555.8 561.2 568.8
272.1 266.7 263.8 264.2 264.4 264.6 265.1 271.7 290 312.9 334.7 354.6 371.9 387.2 402.1 416.1 431 448.8 465.9 484.2 506.4 523.7 536.7 543.3 543.3 544.5 544.7 543 538.8 537.9 540.5 548.4 554.1 559.1 562.2 564.4 564.5 563 559.8 556.4 552.2 546.2 538.5 527.1 501.4 474 458.7 450.9 441.8 431.7 420.9 408.6 386.3 358.9 373.1 401.3 429.6 454.3 475.6 492.3 501.3 497.5 482 459.4 439 461.8 481.9 499.3 518.2 532.9 543.4 555.3 563.6 568.6 573.6 582.3 587.3 595.5
