data/320000-780000.asc
ncols 200
nrows 200
xllcorner 320000
yllcorner 780000
cellsize 50
[rows 34 to 67 of 200, columns 0 to 75 of 200]
599.8 607 610.2 609.2 605 598.4 587.5 575 562.5 550.5 538.1 526.4 528.6 537.9 549 559.6 566.2 569.3 570.1 567.3 560.3 553.7 552.8 553.8 551.3 549.9 557.3 566.6 578.8 592.7 610.1 627.4 640.5 649.4 657.7 663.7 669.7 674.7 680.3 685.2 688.7 693.3 696.4 694.8 702.4 707.1 708.8 711.5 715.7 722.1 729.5 739.9 750.2 760.5 769.2 777.7 785.7 792.7 798.5 805.2 807.9 804.9 793.2 780 767 756.9 746.6 736.9 732.7 728.2 725.6 724.1 726.5 728.6 728.4 729.1
603.6 609.1 611.9 610.3 605.9 599.4 588 576.1 564.1 550.2 540 530 533.6 544.8 556.1 566.8 573.1 576.1 576.6 574 566.3 558.7 556.9 556.4 554.6 551.8 559.4 568.1 580.4 595.9 614 632.4 645.3 654 661.4 667.3 672.6 677.7 684.5 690 694.4 699.5 701.9 703.2 704.7 706.4 707.4 709.9 714.1 719 723.6 729.8 738.3 749.7 759.1 767.5 776.6 785.9 793.6 800.6 809.9 815.4 803.4 786.7 775.6 764.8 755.6 745.9 740.6 736.4 736 734 733.9 738.5 738.8 739.3
606 611.1 613.7 611.6 606.6 598.6 588.1 575.8 562.9 551.4 543 534.1 540.2 551.6 559.8 571.7 578 581.2 582.2 579.9 571.6 564.6 560.4 558.6 557.6 556.7 562.2 571.2 582 598.5 618.3 635.1 647.5 656.4 663.4 669.1 675 681.4 688.7 695.7 700.8 705.3 707.9 708.7 708.6 709.6 710.3 710.8 714.5 718.3 721.2 723.7 727.9 735 744.2 754.2 766.6 776.9 786.6 794.9 804.6 813.6 813.3 794.3 783.1 772.5 761.9 755.4 749.8 745.9 745.1 743.6 744.6 747.3 750.5 751.5
608.1 613.5 615.5 612.9 605.2 597.2 587 575.4 566.6 555.7 546.8 538.9 543.2 554.8 567.2 575.7 583.7 587 588.8 586 578.4 570.9 564.3 561.9 561.2 558.1 565.2 574.1 584.6 603.8 620.8 636.3 649.1 657.5 665.1 671.3 677.4 687.9 696.6 705 710.9 716.2 719.6 716.8 714 713.8 714 714.3 715 718.3 720.8 722.5 725.3 728.9 733.4 741.7 752.7 763.7 775.6 786.9 796.6 805.3 810.3 802 787.5 776.7 767.2 763.5 760.7 755.7 754.9 755.1 757.3 759.8 765.1 767.7
612.1 615.9 617 613.7 605.4 597 586.6 575 567.4 560.3 550 542.6 549.7 560.7 572.9 583.3 589.5 593.3 594.2 591.8 585.6 577.8 569.9 565.8 564.9 562.6 568.9 577.9 590.7 608 623.5 636.8 648.1 657.7 665.5 673.6 681.9 694.5 706.7 717.6 726.6 731.9 735 731.8 724.9 723.2 722.1 721.3 722.4 726.1 724.7 723.8 724.2 726.3 728.1 733.2 740.7 752 764.7 778.6 789.5 797.9 803.7 800.3 788.7 779.6 772.1 770.1 768.9 765.4 763.2 764.3 768.3 774.8 780.6 782.3
616.9 618.7 618.2 614.2 606.5 598.5 587.8 576.1 569.4 561.3 554 545.4 555.2 569.5 580.3 588.3 595.2 598.5 599 596.9 591.1 583 575.1 571.6 568.8 565.9 571.7 580 591.9 607.3 624.2 637.5 648.1 656.7 665.8 675.2 684.8 700.8 714.5 728.4 742.7 748.1 752.8 747.2 744.3 739.4 734.2 734.6 734.3 735 732.5 730.9 730.2 729.6 730.4 729.5 734.1 742.9 753.6 769.1 782.7 791.4 796.4 796.4 790.8 781.4 780.6 778.7 775.8 772.8 771.3 772.6 777.8 784.5 790 792.6
621 621.8 620.4 615.1 607.9 600 590.4 580.3 571.6 564.4 559.8 549.1 557.3 571.6 584.9 592.9 599.5 602.9 603.6 601.3 595.4 586.3 579.3 576 572.2 570.8 575.6 582 592.5 603.5 623.1 635.9 646.7 655.6 666.3 675.8 689.2 709.2 723 739.4 754.4 763.4 768.2 766.7 766.2 761.6 756.3 752.1 749.4 747 743.8 744.3 742.9 738.4 732.3 732.1 732.4 736.5 745.6 761.3 774.5 784.7 790.8 794 791.7 787.8 786.5 784.3 781.8 779.8 779.9 780.7 784 790.5 797 803.6
625.2 625.1 621.1 615.8 608.7 602.9 595 583.3 575.8 570.7 563.7 554 560.4 574.5 588.1 597.6 603.9 607.9 608.1 605.7 599.9 590.2 583.3 580.1 577.5 573.9 579.6 585.9 596.4 605.9 619.2 632.6 645.6 654.7 666.2 678.2 694.2 713.3 731.6 748.3 762.2 772.4 780.9 791.3 792.6 790.1 783.8 778.2 771.6 765.4 760.9 758.8 754.1 746.7 739.1 736.1 735.6 734.6 741.5 753.2 766.8 776.8 784 789.1 791.5 792.5 792.8 790.3 786.9 784.9 785.8 787 789.7 796.7 804.7 812
628.7 627.7 624.4 617.1 607.3 603.1 595.8 584.8 578.1 574.9 566.1 558.4 566.2 578.6 591.8 602.9 609.3 611.7 612.9 609.6 603.4 594.1 586.7 583.1 580.8 577.8 583 590.5 599.8 609.8 618.4 627.7 643.4 656.3 666.4 679.7 695.6 715.8 737.6 753 765.6 776.8 793.8 806.4 812.8 814.2 812.1 806.7 796.9 792.7 787.4 780.3 768.7 758.3 750.2 746 742.8 740.1 739.2 747.4 759.1 769.8 777.2 783.5 790.5 794 795.8 793.9 791.8 791.3 791.3 793 795.9 802.6 810.9 818.6
632.9 630.3 627.9 619.7 615.8 606.5 594.8 588.3 585.8 579 569.4 561.5 571.1 581.4 595.5 607.4 613.5 615.9 616.9 613 605.6 598 590 586.2 584 582.1 586 594.1 603.7 612.5 622.1 625.2 641.4 656.5 668.4 680.9 696.8 718.4 737.7 754.6 769.7 787.1 806.1 819.2 827.9 833.4 834.6 832.7 826.9 821.7 814.4 802.4 789.1 774.1 763.8 756.8 751.6 747.2 744.4 743.2 751.6 763.3 771.8 779 786.1 790.9 794 794.6 794.9 794.4 795.6 798.1 801.4 807 817.4 826.1
636.6 633.1 627.6 623 616.5 608.6 598.8 592.2 589 583.5 574.4 563.9 573.7 583.7 598.8 611.1 617.5 620 619.1 615.7 608.7 601.3 593.6 589 587.4 586.2 588.2 596.2 604.9 614.2 624.9 632.7 644.1 655 666.6 680.5 696.8 719.1 738.2 755.3 775.5 794.4 813.5 831.7 846.5 853 857.1 860 852.3 842.9 833.4 822.6 809 792.9 777 767.8 761.6 756.2 751.7 749.2 748.2 757 766.9 774.1 780.2 785 789.8 792.5 794 794.6 797.7 800.7 805.4 811 822 832.9
640 637.1 632.6 625.9 617.3 609.9 601.2 594.8 592.7 583.5 574.3 576.2 580.1 585.7 600.1 613.7 621.9 623.2 621 618.2 611.8 604.6 597.4 592 589.6 591.8 594.4 599.8 607 615.9 627.4 636.6 646.6 657.2 667.7 682.7 696.7 716.6 737.3 760.9 781.5 802.8 821.9 840.6 856.3 868.3 876.3 879.7 871.6 860 849 837.3 823.3 810.6 796.4 783.7 774.3 765.4 759.2 755 750.1 754.6 763.3 769.6 775.8 780.2 784.6 787.8 789.6 792.3 795.7 800.2 807.2 814.2 824.5 836
643.8 641.5 639.5 631.7 620.2 613.6 604 596.8 591.8 586.3 572.9 580 582.8 586.7 601.4 614.9 623.5 624.7 622.2 619.3 613.9 606.7 599.6 595.5 591.1 597.3 600.6 603.7 608.7 618 628.4 637.6 647.4 657.7 669.6 682.7 696.6 715.6 740.3 765.8 789.6 810.3 827.8 844.1 859 872.2 880.3 884.6 878.8 867.1 857.6 845.8 833.3 820.3 809 798 788.6 775.8 766.8 760.2 755.2 755.8 761.3 766.2 771.2 775.6 780 783 786 789.7 794.4 799.8 807.2 817 827.7 841.4
647 645 641.8 633.7 623.1 616.2 608.5 602.3 594.2 589 576 584.2 587.3 590 605.8 618.2 623.9 625.8 623.5 620.9 615.1 607.3 602.4 595.5 597.1 601.4 604.5 607.4 611.9 618.6 629.1 637.1 647.5 658 670.1 682.8 695.8 717.4 743.2 768.4 795.1 816.6 832.9 847.8 860.9 870.2 875.7 877.6 874.8 868.2 860.2 848.5 838.1 826.5 816.3 806.1 796.1 785.8 776.7 765.6 759.7 757.5 762.3 764.8 768 771.6 774.7 778.2 782.6 787.2 792.9 799.5 808.8 819.3 831.8 845.5
650 647.3 643.3 634.3 626.4 618.9 611.6 603.6 595.2 585.8 584.8 589 594.6 596.1 608.8 619.4 624.3 626.1 624.6 621.2 616.1 608.9 604.8 599.3 602.2 605.3 608.1 610.8 615.3 621.9 629.8 638.2 647.6 658.7 668.5 681.2 697.2 716.7 743.5 771.1 797.3 818.6 836.1 850 860.8 865.1 867.9 868.9 867.7 864 856.3 848.2 840.5 831.2 821.7 811.4 800.5 789.8 779.6 770.9 765.2 763.4 764.2 765.6 767.2 769.4 771.7 775 779.4 784.2 790.9 800.6 810.5 822.4 834.8 848.2
652.6 649.6 643.8 635.3 628.3 621.1 614.6 605.2 596.7 587.6 590.9 595.1 600.2 604 612.9 622 624.6 626 625.3 620.8 615.8 610.6 608 604.5 606.4 609.1 612.2 615.1 619.3 625 632.5 639.7 648.7 658.4 669.8 681.6 697 714.9 741.2 767.7 792.9 814.6 834.5 847.3 853.4 856.9 859.8 860.8 858.1 853.8 849.5 846.3 839.9 833.6 825.1 814.3 803.6 791.3 781.4 773.7 768.4 766 764.9 766.3 767.5 768.8 771.3 774.3 776.8 781.7 789.9 800.1 811.9 824.3 835 845.8
654 650 645.2 636.5 628.8 622.7 614.6 607.2 598.4 589.8 594.6 599.3 603.7 607.5 614.9 621.1 624.9 626.5 624.9 620.8 616.3 612.3 611 607.6 609.7 612.9 616.3 619.9 623.5 629 635.3 642.4 649.8 659.6 671.3 683.5 697 713.8 734.1 758.9 781.5 803.8 822.1 834 842.6 847.3 849 849 847.6 845.9 844.5 842 839.7 833.8 825.9 816.1 804.1 792.8 784 776.4 770.8 767.3 765.7 767 768 770.4 771.1 772.8 775.2 779.5 788.6 800.6 812.7 823.8 832.8 842.3
654.1 649.6 643.5 637 629.6 621.4 612.1 606.2 599.3 592 598.4 602.4 606.9 610.8 616.6 621.5 624.7 626.1 624.4 622.2 618.2 614.3 613.6 612.5 612.3 617 621.1 624.3 627.4 632.7 638.3 645.2 653 659.7 673.3 686.4 699.4 711.1 728.9 749.5 770.4 789.9 807.3 820.2 829.4 833.2 835.8 836.9 838.2 838.6 838.1 837.8 836.4 831.8 824.8 813.9 802.5 793.9 786.1 779.8 773.2 768.1 765.6 766.6 767.3 769.9 770.5 771.4 773.2 776.1 785.3 799.9 812.3 822.7 830.3 838.9
653.3 648.3 642.3 636.2 629.1 620.1 612.7 608.5 597.9 598.3 599.2 605.2 610.3 615 619.5 623 624.7 626.2 625.3 623.8 620.9 617.5 616.2 617.3 616.3 619.5 624.3 628 631.2 636.3 641.7 647.9 653.8 660.6 672 688.1 700.7 709.4 723.1 742.1 759.8 777.1 793.7 805.6 814.2 818.7 822.9 827.4 831.3 831.8 831.6 831.7 831.2 827.5 818.9 809 801 794.3 787.6 781.5 774.7 769.9 768.5 768.4 769.3 770.3 771.6 772.6 775.4 773.9 782.4 797 809.9 818.8 825.9 834.4
651.1 645.9 640.5 634.3 627 618.8 612 605.3 604.4 602.1 603.6 609 612.6 617.6 621.9 625.3 626.8 626.9 626.2 625.7 623.5 620.5 618.2 620 619.8 622 626.4 630.1 634 639.3 645.3 650 654.2 660.9 670.8 685.6 700.5 710.4 719.9 735.6 749.6 764.8 778.7 791.2 800.6 807.2 812.7 817.7 822.1 823.3 823.6 824.4 823.4 818.6 811.6 805.3 799.6 794.3 788.5 783.4 777.2 773 771.5 771.1 771.5 773.3 775.3 777.4 778.8 780.4 784.4 793.6 805.1 813.7 820.4 829.3
648.1 643.1 638.1 632.5 623.8 616.1 608.7 614.7 607.3 602.7 605.7 611.4 615.8 619.7 623.8 627.6 627.7 627.8 627.7 627.7 626 623.2 620.9 622.1 623.8 624.2 626.7 630.9 634.2 639.3 647.4 652.9 657.3 662.2 670.2 681.2 695.4 708.5 718.1 728.9 741.7 754.7 766 778.1 787.9 796.7 802.6 807.9 812.1 813.5 814.2 815.3 814 809.8 805.1 802.1 798.1 794.5 789.4 785.3 780.3 777.3 776.3 776.6 778.7 780.1 781.3 783.2 783.4 784.9 789.1 795.7 801 808.4 815 824.9
646.1 641.1 636.1 629.5 621.5 616 618.1 613.2 607.8 604.1 608.3 613.4 618 621.6 625 628.9 629 629.9 629.9 629.7 628.4 625.9 624.5 624.7 626.3 627.5 629.8 630.5 635.4 642.7 650.1 654.8 659.4 664.6 669.3 677.3 689.1 702.1 713.7 724.1 736 747.6 757.7 767.9 777.6 786.1 793.1 798.5 802.6 804.5 806.4 807 805.9 803 801.7 800.1 796.8 794 791.3 788 786.3 784.3 784.1 786.2 788.1 791.3 794.3 794.3 794.7 796 797.7 800.2 803.6 806.1 811.1 820.5
645.7 639.5 633.4 626.8 619.6 621.9 621.1 615 610.5 607.7 611.1 615.1 619.5 622.7 625.1 629.1 629.8 630.6 631.2 632 631.7 629.5 630.9 630 629.9 630 632.6 633.5 639.9 649 654 657.4 660.8 664.4 669.1 673.7 681.3 693.5 705.2 717.1 728.8 740.1 749.8 759.9 768.5 777.8 784.2 790.6 794.2 797.6 799.2 800.8 800.5 800 799 798.4 798 797.1 796.4 797.1 795.9 793.9 795.8 799.4 801.2 804.3 806.1 805.9 807.3 811.1 811.1 810.7 808.9 808.7 810.4 816.7
645.3 639.1 632 625.1 625.2 624.7 621.9 617.6 613.6 613.2 614.9 616.2 620.4 623.6 625.8 628.9 630.6 631.6 632.7 634.4 634.7 635.3 636.5 636.1 634.9 634.2 636.3 638.4 644.2 652.9 657.7 661 663.6 666 674.6 680.3 680.8 687.1 697.8 709.6 720.4 729 740.6 750.8 760.1 769 775.3 781.8 786 789.4 793 795.3 796.5 798.5 799.3 800.4 801.2 801.1 801.4 802.2 803.1 804 806.7 810.2 813.9 815.9 817.4 817.3 821.7 824.5 825.3 825.5 818.4 814.9 814.3 815.4
643.8 637.8 629 628.3 629.7 626 622.8 619.9 615.2 613.4 614.8 616.8 619.9 623.6 625.8 629.5 631.6 633.4 635.2 637.2 638.3 641.8 644.2 644.7 641.2 638.9 641 644.7 645.8 653.9 661 666.7 667.1 670 676.2 680.2 686.1 689.9 697.4 705.1 715.1 722.5 732.3 741.4 751.5 760.4 766.9 774.2 780.7 784.7 787.8 791.3 794.7 797.9 799.9 801.4 802 802.3 803.8 805.2 807.8 810.8 813.3 816.7 821.1 823.6 825.5 830 835.7 839 839.2 838.6 832.9 828.5 825 819.8
641.8 637.3 632.6 632.3 630.1 627.6 624.5 620.2 617.2 614.5 614 617.1 619.2 622.9 626.7 630.7 634.1 636.6 638.9 642 644.6 649.7 653.1 655 650.3 644.6 645.3 648.4 650.8 654 659.2 665.1 668.6 670.2 673.7 678.6 686.1 691.7 696.7 703.4 712.1 721.4 727 735.4 743.8 751.8 759.3 767.5 775.6 781.4 784.7 788.6 792.7 796.1 799.6 801.5 802.1 804.5 806.3 808.7 812.4 815.5 818.2 822.4 827.1 829.6 833.5 840.8 847.6 850.3 851.4 848.7 844.8 840.8 838.1 830.9
641 636.8 636.4 637.4 633.5 630.2 623.4 622.2 617.5 614.9 614.5 615.6 618.5 622 628.3 631.9 634.8 638.6 641.8 645.5 649.4 655.1 658.8 659.4 654.9 650.5 649.3 650.3 653.9 657.3 660.4 663.6 666.8 668.4 672.9 676.9 685 692.7 696.9 703.2 710.3 717.5 724.4 731.4 739.9 746.6 754.4 762.5 769.6 776.1 780.9 785.9 790.7 795 798 800.4 803 805.4 808.7 812.4 815.3 818.5 822 827.1 832.2 835.8 842.2 850.6 858 861.4 860 857.7 853.5 855 852.4 845.8
641 639 640.1 639 636.5 630.6 627 622.3 617.5 615.8 614.7 615.9 618 622.2 628.9 633.1 635.8 639.3 643.9 649.7 653.5 659.1 663.2 663 658.6 655.5 653.6 653.4 658.6 660.4 663.6 664.6 664.9 665.6 671 675.6 683.7 693.3 696.2 702.1 710.6 718.5 724.3 730.8 737.6 744.5 750.8 758.7 765.2 770.5 775.9 780.2 786.7 792.7 796.3 800.6 803.9 806.3 810.7 814.5 818.1 821.2 825.4 831 836.1 842.9 853.1 861.5 866.7 870.4 870.6 868.9 869 869.8 866.4 861.7
640.8 641 641.6 642.9 638.9 636.2 633.4 629.5 623.5 620.5 617.5 622.7 622.2 624.9 629.8 635.2 637.5 640.5 646.1 652 656.5 662.1 667.4 667.7 665.7 663.1 660.3 659.1 662.4 661.4 664.5 665.8 664.9 666.3 669.4 673.4 678.4 687.8 694.2 699.6 708.3 717.1 724.3 730.9 738.3 743.5 749.2 754.8 760.2 765.5 770.9 777.2 783.7 790.1 795.1 799.7 804.2 808 812.7 816.5 820 823.7 829 834.9 840.4 852.6 863.8 870.7 875.3 879 880.4 882.6 883 883 879.8 876.4
646.1 645.1 645.8 643 642.7 642.3 641.3 639.1 633.7 628.1 624.9 623.6 628.4 629.1 632.5 637.7 640.8 644.1 648.8 654.2 659.6 666.3 672.5 674.9 673.2 670.6 667.9 665.5 665.9 665.4 667 667.8 666.3 666.2 668 670.6 673.6 680.4 690.5 697.4 704.9 714.1 721.6 727.7 735.4 741.8 746.8 752.3 759.2 765.2 770 775.1 781.5 787.6 792.7 797.5 803 808.1 812.8 817.1 820.8 826.5 832.5 838.5 845.5 857 870.1 878.7 883.9 887.3 889.7 893.8 896 894.4 892.5 890.5
646.1 649.7 650.4 649.2 648.7 649.6 649.5 649.1 642.4 638.3 634.3 627.4 630.1 634 636.8 641.1 644.6 648 652 657.7 663.6 671.3 677.8 682 681.6 680 676.1 672.2 671.5 670.4 669.5 671.4 670.5 669.9 670 671.5 678.2 684.4 685.6 694.2 702.4 711.6 719.5 727.2 733 739.9 745.1 751.8 758.8 765.7 770.7 776 781.6 786.8 791.3 796.6 802 807.2 812.2 817.9 823.6 829.3 836.3 843.4 851.2 864.1 877.1 887.3 892.4 895.5 899.3 903.3 903.6 903.2 901.7 900.2
649.1 653.1 654.4 654.7 656.9 659.1 660.3 659 652.2 645.2 642 637.6 634.1 637.4 640.9 644.8 648.3 651.8 655.5 660.8 667 675.6 682.8 687.2 689.1 689.5 687.4 682.8 678.5 676.1 675.1 677 674.7 673.6 674 678.9 687.1 690.7 687.4 691 700.3 708.3 716.1 723.8 730.9 737.8 744 752.1 759.7 766.9 773.2 778.1 782.4 786.9 791.5 795.5 800.4 804.2 810.4 817.4 824.4 831 839.9 848.4 858.1 872.5 885 895.9 901.4 904.2 907 909.6 910.3 910.4 910.9 911.5
651.3 653.8 655.6 660.9 667.3 669.4 671 668.6 660.7 653.9 650.2 647.3 641.5 640.9 646.2 650.2 652.7 655.4 659.2 663.9 671.5 679.6 686.2 692.4 695.2 698 697.6 694.2 688.2 685.5 685.3 684.9 683.1 681.1 682.9 686.8 688 691.9 695.6 702.2 705.8 709.8 714.7 723.3 729.4 736 743.5 751 759.5 767.3 776 782.8 786.5 789.8 791.6 794.7 799.3 801.3 806.7 815.4 823.3 832.4 842.2 851.7 864 877.9 890.8 901.1 905.8 909.5 912.8 915.1 915.9 917.3 919.8 924
653.2 658.1 660.7 668.4 677.4 683 683 676.5 667.3 662.3 658.9 655.4 650.1 648.3 650.9 655.3 657.8 659.1 663 667.4 673.9 682 689.6 696.4 700.6 705 707.1 705.2 701 697 695.9 696.2 695.3 693 692.6 693.6 701.4 701.7 706.2 716.6 719.6 719.5 716.8 720.6 728.7 737.1 743.5 748.8 758.5 767.2 777.6 785.1 790.6 792.1 792.4 794 798.1 799.9 802.7 811.6 822.3 834.2 844.2 854.5 868.6 880.2 891.4 901.5 907.9 912.8 915.9 918.9 921.3 924.3 930.5 936.7
