data/320000-650000.asc
ncols 200
nrows 200
xllcorner 320000
yllcorner 650000
cellsize 50
[rows 35 to 69 of 200, columns 78 to 155 of 200]
231.1 233.1 232.9 232.3 231.5 231.7 234.2 237.7 238 239.9 245.6 247.9 252.4 254 255.9 254.7 253.2 245.2 244.6 244.6 247.7 244.1 247.7 248.6 249.6 251.3 251.8 251 258.8 258.1 260.9 264.9 264.9 263.4 260.4 258.5 260.9 261.6 263.6 270.4 268.6 267.1 267.1 264.2 260.8 258.9 258.1 257.8 264.6 272.2 271.2 269.9 277.9 280 279.3 279.1 278.9 278.7 277 275.6 273.2 271.5 269 267.3 268.2 267.8 266.6 266.1 266.4 266.4 267.6 268 268.1 267.3 266.3 264.7 262.5 259.3
231.6 233.4 232.6 234 234.5 237.3 238.4 238.8 238.7 239.9 242.1 246.2 247 249.9 250.8 247.3 244.8 242.3 242.2 242.1 244.2 248.3 246.5 247.6 249.8 252.6 256.6 252.7 252.9 254.9 258.2 263.4 263 260.5 257.2 255.7 258.5 257.9 262 270.7 271.5 269.7 269.7 265.8 262.2 257.6 255 255.8 263 270.2 268.4 268.9 276.2 279.7 279.1 278 278.2 276.7 276.6 277.1 277.3 274.6 273.3 273.2 266.8 266 265.3 265 264.6 265.9 266.7 268.1 268.2 267.6 266.4 263.6 259.6 257.7
233 233.8 235 234.6 242.4 243.3 238.8 237.9 237.9 239 241.9 243 241.4 241.6 242.9 241.2 241.4 242 242.3 243.1 243.8 244.3 247 251.4 250.2 250.2 250.9 252.5 252.2 251.2 252.9 254.4 252.6 253.1 253.6 257.8 260.1 260.5 261.1 264 264.1 263.5 261.8 258.6 255.7 255.8 255.9 256.6 257.8 263.5 265 266 273.3 279.2 277.8 276.3 277.7 278.2 277.3 277.3 274.6 271.8 269.9 268.2 267.7 265.9 266.3 265.4 264 266.7 262.7 264.9 264.9 267.1 265.2 263.4 259.5 257.6
236.5 237.5 239.4 241.3 239.2 236.5 236.5 236.9 238.2 238.9 240.4 240.3 239.7 236.9 238 239.8 240.3 241 243.6 245.3 247.8 247.4 247.3 249.5 249.1 248.9 248.8 254.2 252.5 251.4 251.6 252.4 254 254.2 255.3 256.9 258.8 259.7 259.4 261.8 259.1 259.3 259.5 258 256.4 255.6 255.7 255.8 256.8 260.2 262.5 265.6 268.8 274.6 275.4 275.2 274.7 275.2 274.2 271.9 269 266.6 265.8 266.3 266.9 267.1 267.7 268.6 268 264.8 263.1 260.1 262.4 260 262.5 261.1 258.2 255.9
237.5 238.4 238.5 235.8 235.6 236.2 236.9 237.6 237.9 238.4 238.8 236.2 232.9 234.5 236.6 238.3 238.8 242.8 243 246.9 249.1 250.6 252.2 251.5 252.2 250.4 248.6 248.7 256.3 253.8 255.8 253.3 253.5 258.9 261.3 262.3 263.9 266.2 266.6 264.4 263.4 261.7 264.4 261.6 258.4 256.3 256.4 255.5 255.6 257.7 259.3 262.1 262.2 263 264.8 266.7 268.2 270.3 269.5 266.4 265.5 265.2 266.3 266.7 266.6 266.5 266.7 267.2 268 267.3 263.7 262 261.6 256.2 257.8 256.4 255.1 255.3
226.7 231.8 234.5 235.5 235.6 236 237.5 238.1 238.6 234 231.6 236.2 234.9 233 235.4 236.9 238.5 242.1 243.5 246.4 246.7 250.4 253.4 255 254 249.5 248.7 248.6 249.5 251.9 256.6 260.1 264.1 267.6 270.9 267.4 268 271.5 271.5 269.1 265.3 265.5 266.9 264.4 261.1 256.8 258.5 255.7 255.3 256.4 256.1 256.2 256.5 257.6 257.9 261.7 262 265.7 265.9 265.9 264.6 265 265.7 265.2 265.1 265.2 265.5 268.3 267 265.8 264.5 262.6 261.2 259.6 258.5 255.6 252.9 253
229.2 224.6 232.7 235.7 236 237.2 237.8 238.3 232.3 235.5 238.3 239.3 238 235.1 235.6 236.7 238.1 241.1 242.5 245.2 246.1 247.7 250.3 255.5 254.9 249.7 248.6 248.5 256.9 265.6 268.5 271.7 275.9 275.5 275.9 272.5 275.9 276 272.9 271.1 267.9 268.9 269.6 266.3 262.8 259 262.3 260.7 256.4 255.9 255.7 256.4 257.7 257.4 258.5 256.4 258.6 263.8 269.6 268 265.2 265 263.8 263.4 263.6 262.6 261.8 266.1 266.3 268.6 264.1 261.7 260.6 261.5 260.1 258.5 256.1 252.7
233.8 228.1 225.8 228.1 230.2 230.2 230.1 231 239 239.4 239.5 237.3 233.5 236 236.2 236.5 237.6 238.9 240.9 243.8 246.7 249.4 248.2 252.6 249.6 249 250 256.3 267.8 271.9 275.6 280.1 277.9 277.4 275.2 276.2 277.1 278.2 275.4 272.6 270.4 269 270.8 268.4 265.2 261.5 263.4 264 260.6 259.8 259.8 260.2 262.9 265.5 261.5 258.8 255.9 258.2 259.9 266.4 264.3 262.4 261.4 262.6 261.8 261.4 261.6 264.2 267.6 269.2 263.4 260.3 259.9 259.2 258.2 256.7 255.5 254.9
235.9 235.1 232.2 230.6 234.1 236.8 237.2 239.4 239.6 239.5 238 235.7 235.7 236.8 238.5 239.6 241.5 241 242 246.9 250.4 252.7 252.3 249.4 250.2 250.1 254 264.5 272.6 276.5 279.5 281.1 278.7 278 277 276.8 277.8 278.4 277.4 275.1 273.9 272.1 271.4 270.9 268 264.8 263.6 264.9 264.8 264.9 264.6 264.5 264.2 264 262.6 261.7 258.2 255.5 254.6 254.4 257.4 259.9 260.8 261.8 261.3 260.8 260.7 261.9 268.6 268.6 265.7 262.5 263.9 264 263.1 259.1 256.4 256.6
239.1 238.4 237.1 237.2 237.5 237.7 238.6 240.1 239.6 238.7 235.7 235.8 239.9 243.4 246 246.8 249.6 248.8 247.8 252.1 256.2 255.9 252.4 250 250.6 254.5 260.9 270.8 277.3 280.3 282.1 282 279.6 279.9 279.1 278 277.4 277.1 277.1 277.8 276.2 273.9 273.5 272.5 270.3 269.2 266.5 266.2 267.3 266.7 266.6 266.4 265.4 263.1 262.8 261.6 260.4 258.6 256.4 254.8 253 254.7 258.7 261.8 261.4 260.6 260.6 261.7 267.8 268.3 265.5 265.3 269.8 271.2 271.8 264.3 261 262.1
241.9 243.3 239.7 238 237.9 238.6 239.7 239.7 239.2 236.1 237.6 239.8 244.4 248.2 250.7 252.2 254.1 255 254.2 253.8 255.2 253.2 251.2 252.6 254.1 260.3 267.8 274.9 280.7 282.6 282.2 282.4 280.8 281.4 281.4 280.6 280.4 278.9 279 280.4 278.9 277.2 276.4 273 272.1 271.8 269.5 265.6 267 267.5 268 268 269.7 268.9 265.7 262.9 261.7 260.1 258.4 256.2 253.9 252.2 254.7 258.7 261.6 260.7 260.2 261.1 264.5 269.2 267.5 265.7 269 272.8 274.2 269.5 264.7 263.1
241.6 241.8 241.9 238.6 238.6 239.1 240.5 239.6 237.5 237.4 239.5 243.3 247.6 251.1 254.5 256.5 256.8 257.1 257.6 255.1 253 251.5 252.6 254.4 261.3 267.1 273.1 278 281.7 283 282.8 282.4 282.3 282.9 283.5 283.4 283.3 283.2 281.4 282.3 279.9 278.3 275.4 273.5 273.3 274.1 272.9 270.7 268.1 270 271.1 272.5 272.3 271.5 268.6 267.1 263.8 261.3 258.7 256.1 254.2 251.4 252.1 258 261.1 260.6 259.9 260 260.6 265.9 266 266.9 269.9 275 273.6 265.8 261.3 257.3
241.5 241.8 240 240.4 239.8 240.3 239.3 238.3 239.1 241.7 245 247.6 250.1 252.6 256.6 258.3 259.2 259.6 259.4 256.1 253.3 252.9 255 260.1 264.5 270.2 275.5 279.2 282.4 284 284.6 284.1 285.1 285.7 286 286.3 286.1 285.6 284.5 283.6 281.2 277.7 275.6 275 274.5 274.9 275.7 274.2 271.9 273.2 274.3 274 272.7 273 271.9 271 268.6 265.5 260.5 255.2 251.9 253.3 255.2 260.4 261.7 261.5 260.8 259.5 258.5 259 264 271.6 272.4 267.3 260.1 254.1 249.3 246.3
241.5 241.7 242.2 242.8 244.7 243.5 240.1 239 241.9 245.6 248.2 250.5 252.9 256.9 258.4 259.4 260.4 261.4 261 257.8 253.8 255.9 260.5 262.4 266.5 272.3 274.9 278.1 282.5 284.9 285.3 286.2 286.7 287.4 287.9 288.4 288.1 288.1 287.7 285.9 281.1 277.1 277.1 276.7 277.2 276.4 277.4 277.7 274.9 272.6 272.8 272.7 273 273.2 273 270.7 270.3 267.2 263.4 255.7 250.5 258.2 261.1 260.6 260.6 259.5 258.5 258.7 257.5 256.4 258.2 260.5 259.6 253.3 247.2 242.6 241.1 240.2
240.9 242.2 244.2 246.3 249.7 245.2 240.2 240.2 245 247.9 250.8 253.7 255.6 258.2 260.5 261 262 262.2 260.9 255.6 254.7 257.9 262.7 265.5 268 271.4 275 277.7 282.3 283.6 286.2 286.4 287.3 288.1 288.5 289.1 288.9 290.9 289.1 285 279.9 277.6 278 278.2 278.7 278.8 278.6 278.6 278.3 274.9 273.1 270.8 270.6 272.1 272.5 270.8 268.3 266.4 265.1 259.7 250.2 254 258.3 260 259.9 259 258.4 258 256 254.3 253.2 250.3 247 244.3 241.6 240.5 240.4 239.8
241.2 241.8 243.6 246.8 247.4 242.6 240.3 244.1 247.4 250.3 253.2 256.1 257.9 258.1 260.4 262.6 263.2 261.4 259.1 255.8 256 257.6 261.9 267.8 271.4 274.3 277.5 279.8 281.2 285.2 288.6 288.3 288.1 289.2 289.7 289.1 288.8 288.7 287.5 283 279.6 278 278 278.3 278.4 278.2 278 277.6 276.8 275.1 275.3 274.1 271.4 269.1 269.1 269.9 267.6 265.7 265.3 263.2 256.4 251.4 250.8 258.1 259.2 258.5 257.8 257.2 255.3 252 248.4 245.7 242.9 242.1 240.8 240.5 240 239.8
241.9 242.7 242.8 242.9 242.8 239 242.9 246.2 248.5 251.2 253.9 256.6 258.9 260.5 262.5 263.7 263 261.2 257.5 256 259.2 259.5 260.2 268.1 273 276.8 279.2 281.2 284.4 285.9 289.9 289.8 290.9 293.5 294.6 292.6 291.1 288 285.2 282.1 279.4 278.4 278.3 279 278.2 278.9 277.1 276.8 276 274.8 273.4 272.6 271.7 269.3 267.6 264.9 265.8 265 263.8 263.1 263.2 260.1 251.7 249 252.6 257.3 256.8 255 252.3 248.2 244.9 244 242.7 242.9 245.6 244.3 242 240
242.1 243.8 243.9 243.6 241.6 239.2 242.7 246.7 250.2 251.4 254.1 256.9 259.1 261.7 264.7 264.8 262.7 259.2 256.3 259.4 263.3 263.6 264 271.6 276.3 279.5 280.2 281.4 283.8 287.7 291.7 291.4 293.5 294.9 294.6 292.5 290.8 288.1 283.5 280.4 279.3 278.8 279.6 281.2 279.3 277.8 277.4 276 276.5 277.2 276.3 274.9 270.8 269.6 267.8 266.9 266 265.1 264.5 263.5 263.2 264.6 259.8 250.7 248 247.5 247.3 247.7 245.4 244.5 243.4 243.5 243.4 249.3 254 250.4 242.9 240.7
243.5 244.9 245.2 245.2 242.7 240.5 241.4 247.7 250.7 251.8 254.1 257.2 260.4 263.7 265.1 264.5 261.6 257.3 258.8 262.7 266.1 268.7 266 273.5 279.8 280.7 280.6 283.4 286.8 289.9 290.6 290.6 291.3 291.3 290.9 291.3 289.4 285.5 281.4 280.5 279.2 279.4 280.1 282.6 280.8 278.5 277.8 276.2 276.2 276.8 277 275.5 272.7 270.4 270 268.4 267.1 265.8 265.2 264.3 263.4 263 260.8 253.5 251.4 248 248.7 249.8 250.7 251.6 250.1 247.1 249.7 258.9 259.3 253.9 248 241.5
245.2 245.5 245.9 244.3 241.6 241.3 241.4 246.7 249.6 254.1 258.1 261.8 264.7 266.5 265.1 263.3 259.1 258.4 262.6 265.4 269.9 272 270.8 271.2 277.2 278.4 282.1 284.5 286 287.7 288 289.2 289.1 289.8 290.2 289.4 286.8 283 281 281.1 279.8 280.1 280.9 280.7 279.7 278 275.8 275.4 275.7 276.2 275.8 275 272.9 271.3 270.2 268.9 267.3 266.1 265.1 264.8 264 263.6 261.5 260.8 259.8 257.4 257.7 260.5 260.6 261.5 261 260.1 260 261.2 259.6 257.4 251.6 247.3
245.7 245.3 243.9 242.9 242.6 240.9 241.4 245.3 249.7 254.8 258.4 261.2 263.8 262.2 261.9 260.3 258.7 260.7 263.7 266 277 276.7 273.7 272.2 273.9 274.9 279.1 280.6 281.5 282 282.7 286.9 290.5 290.7 289.2 286.3 283.1 281.1 280.8 280.2 281.2 280.6 279.8 279.3 278.4 277.6 277.3 276.2 274.8 274 273.6 273.8 273 270.5 268.9 268.6 267.1 265.3 266 265.5 266.3 266.1 264.1 262.2 261.2 260.9 260.9 261.2 263.2 263.7 262 260.5 259.6 259.3 253.8 252.7 251.1 250.1
246.2 245.4 246.1 245.8 244.8 242.2 241.4 244.7 250.6 256.2 259.4 259.9 259.2 259.5 260.3 259.2 260.6 262.7 263.4 265.3 269.7 271.8 271.6 274 275.3 276.2 277.1 281.3 281.3 281.3 282.1 281.5 284.4 284.5 284.9 283.1 281.4 279.9 280.1 280.8 281.6 281.8 283.6 282.9 280.6 277.2 276.6 276.3 275 274.6 274.4 272.9 272 269.8 269.2 268.5 267.1 265.8 267.3 268.5 267.3 265 264 263.9 261.7 260.9 260.5 260.2 259 257.7 259.5 257.6 255.8 254.2 255.9 259.3 255.3 251
247.3 247.2 246.6 246.2 248 242.5 243.7 246 248.1 255 255.6 256.6 256.6 257.2 259.3 260 263.2 266.7 268.7 272.1 273.7 273 274.6 275.5 278.8 279.1 278.8 282 282.1 282.2 286.4 284.8 281.6 282.2 282.2 280.5 279.8 279.1 279.4 280.6 281.4 281 282.8 283.8 279.3 276.9 276.3 275.9 276.7 276 273.7 272.4 271.2 269.4 268.3 267.4 266.9 267.1 269 268.9 267.7 264.1 263.3 263.9 264.3 262.5 261.8 260.7 261.8 261.2 259.7 259 259.3 260.6 260.3 261.3 259.5 253.5
248.4 247 244.9 246.3 246.3 242.5 244.4 247 247.4 251.7 252.7 254.4 258.1 263.4 262.1 264.6 268 273.5 274.7 273.9 274.2 275.5 277.8 280.3 281.1 281.7 281.9 283.5 284.7 284.5 284.8 286.5 284 285.3 284.8 279.8 279.3 278.8 280.1 281.2 282.8 282.6 281.2 278.6 276 276.5 277.5 276.6 276.4 273.4 272.7 271.9 270.5 268.9 267.8 267.4 267.1 269.3 269.6 269.4 266.9 263.8 263.9 265.7 266.1 264.2 263.1 261.1 261.7 260.8 259.5 259.6 260.1 260.5 262 260.2 259.4 258.9
249.7 244.4 243.5 243.7 243.6 243.1 244.2 246.4 248 252 256.1 262.8 263.8 265.1 266 268.6 274.4 275.5 277 276.7 276.3 278.6 282.8 284.5 285.9 287.8 291.8 291.3 286.6 291.8 291.6 288.6 285.3 283.3 281.6 279.2 278.7 278.2 279.5 281.2 283 280.9 279.8 277.9 277 275.8 275.2 275.3 274.7 275.3 271.7 270.4 271 268.9 267.9 267.7 267.6 272.1 270.7 269.5 267.7 264.7 265.1 265.1 265.1 264.4 262.7 260.9 260.2 258.9 258.7 259.7 259.9 258.8 259 258.6 259.5 259.8
249.4 243.8 242.9 242.7 242.6 243.9 247.4 249.3 255.5 261.5 264.7 266.7 266.6 267.5 269 271.2 272.2 273.7 274.7 276.5 277.8 281.6 285.8 287.4 290 292.7 293 293.9 292.8 289.3 287.8 285.5 283.9 281.7 278.9 278.9 278.3 277.7 278.2 280.3 279.3 278.5 277.7 277 276.1 273.2 273.3 273.2 272.4 271.3 270.4 269.6 268.3 268.9 270.2 267.8 268.6 269.8 269.6 268.9 267.8 268.7 267.4 265.6 264.4 263.2 261.4 260.9 259.2 257.6 259.8 260.7 259.8 258.1 257.7 258.1 259.6 260.1
249.8 246.4 242.9 242.9 242.7 246 254.3 261.5 266.9 268.4 268.4 267.9 268.9 270.4 272.3 274.2 274.1 277.3 276.4 278 281.3 285.2 287.6 290.9 294 293.4 295.6 296.1 296.1 292.3 288.4 286.5 283.3 282.4 280.3 277.4 277.1 277 277 278.7 277.5 277.2 277.6 276.4 274.7 274.2 272.5 272.4 272.1 271 270.4 269.7 267.1 266.7 266.4 266.8 267.2 267 266.7 267.4 268 265.4 266 264.6 263.3 262.1 261.9 261.5 260.7 257.6 256.9 257 257.2 257.3 257.7 258 259.7 259.8
251.4 249.7 243.2 243.3 244.2 254.5 262.5 267.3 269.3 270.1 269.6 270.6 272.1 274.4 275.5 275.3 275.7 278.7 279.6 281.3 285.3 289.7 292.1 293.7 296.2 295.4 296.9 297.5 296.5 294 290.7 287.1 283.2 282.1 279.9 277 276.6 276.5 276.5 276.6 276.5 276.2 277.6 277.7 274.5 272.7 272.6 272.4 271.9 271 269.7 267.4 267.1 267.6 267.5 266.6 266.2 266.4 265.9 265.7 265.4 265.3 265 263.8 262.6 261.4 261.9 257.4 257.1 260.9 258.5 257 257.5 256.9 258 259.4 259.9 260
250.7 247.4 243.4 243 249.2 260.3 265.2 267 270.6 271.7 270.8 275.8 278.1 280.2 280.8 280.5 278 279.8 281.9 284.6 289.4 291.4 294.2 297.1 298.4 298.3 297.3 297.6 296 294 290.3 286.3 283.2 279.5 277.7 276.1 276 275.9 275.9 275.9 275.9 275.4 274.9 275.9 274 272.7 273.4 272.4 270.9 269.9 268.4 269.3 270.8 271.2 271.4 271.1 269.2 267.7 267.1 266.9 265.8 265.7 264.5 263.2 262 259.7 258.5 257.7 257.7 258.1 259.4 260.4 260.1 258.7 260.6 261.6 261 260.3
251.7 245 242.4 246.6 255.6 262.1 264.5 267.2 273.5 272.5 276.2 280.4 283.3 284 282.5 282.2 280.2 281.8 283.6 288.4 291.6 293.8 298.7 300.9 301.4 300.2 298.6 297.1 294.7 292.2 289.3 285.5 281.3 277.2 275.4 275.2 275.2 275.2 275.2 275.2 275.2 274.9 274.5 274.5 272.9 272.3 271.7 271.5 269.9 268.4 269.5 272.9 273.7 274 272.1 270.2 269.4 268.1 266.8 266.3 265.8 265.2 264 262.7 259.8 257.7 258.4 257.3 258.2 258.8 258.4 258.5 255.8 258.2 266.4 263 262.6 261.7
250.3 243.5 247.9 252.8 258.1 262.3 264.5 268.9 272.2 275.8 281.1 284.8 287.1 286.4 284.6 283.4 283.5 284 288.6 292.4 294.3 296 302.4 304.3 303 301.2 299.2 296.8 293.6 290 286.8 283.6 278.3 276.4 275.7 274.9 274.6 274.6 274.6 274.5 274.5 274.3 274.1 273.5 272.2 272.1 271.6 270.8 270.3 269.9 271.3 272.7 274.3 272.6 270.2 268.8 267.9 266.4 264.4 263.7 264.3 265 263.7 261.4 257.9 258.8 259.6 258 257.1 259.2 258 256.1 255.8 259.3 268.6 262.2 264 262.9
246.1 249.4 250.3 256.4 261.4 265 268.6 269.8 274 281.8 285.8 288.8 289.4 288 286.7 284.3 285 288.1 293.6 297.8 299.5 301 304.2 304 302.3 299.4 297.7 295.2 291.8 288.1 284.9 280.9 276.7 274.4 274.1 274 274.1 274.3 274.1 274 273.9 273.8 273.2 272.6 271.9 271.8 271.6 271.7 273.5 273.4 271.9 270.8 271 270 269.4 268.3 267 268.2 268.2 265.3 264.2 263.6 262.3 258.7 259.1 259.3 260.3 257.5 256.8 257.8 257.1 256.7 256.8 264.5 260.7 261.8 262 263.5
245.3 251.2 254.9 259.6 263.5 266.7 269.9 275.3 279.6 286.4 289.5 291.6 291.5 289.9 286.5 285.2 287.5 293.3 299.7 301 304.2 307.8 305 304.3 299.9 297.1 295.1 291.9 289.9 286.3 283.3 279 275.1 273.1 273.9 273.8 273.9 274 274.6 274.6 274.4 273.8 272.7 271.6 271.6 271.7 273.1 275.4 274.3 274.1 275.1 274.2 271.8 269.4 268.3 268.7 270.5 269.2 267.7 266 263.9 262.8 262.9 261 261.6 262.2 259.7 258.3 256.9 255.6 255.2 255.5 257.1 263.5 254.1 252.9 251.9 255.9
250.6 252.6 256.5 261.7 265.1 268.7 274.8 279.9 287 290.8 292.7 292.4 292.2 289.6 286.5 287.5 292 298.9 302.4 306.1 309.9 309.1 306.8 302.3 298.9 295.6 292.6 290.5 286.9 284.4 281.2 277.1 272.9 272.7 273.6 273.6 273.6 273.7 274.2 274.8 274.8 273.5 271.7 271.6 271.9 272.4 274.6 274.9 274.8 274.6 276.9 276.8 275.1 273.3 271.6 271.3 270.8 269.6 268 266.2 263.8 263.1 262.9 262.2 261.5 261.6 261.6 256.6 256.7 255 254.8 255.5 252.6 251.9 252.7 251.5 252.8 251.8
251.9 254.1 258.9 263.4 266.8 272.2 279.1 284.5 290.7 294.4 293.9 293.5 291.4 288.6 288.3 293.2 298 302.2 305.9 311.8 310.7 309.2 306.7 300.5 296.5 293.1 290.2 289 284.9 281.5 278.5 275.3 272.3 272.2 273 273.1 272.9 272.9 274.7 273.9 273.9 272.1 271.3 271.7 270.9 271.6 272.1 273.6 275.5 277 278 276.5 274.5 273.3 273.3 272.1 271.2 270 268.3 266.5 264.5 263.1 262 262.2 261.4 260.7 257.9 255.5 256.2 254.8 253.7 252.7 254 256 259.8 252.5 263.1 257.3
