data/320000-90000.asc
ncols 200
nrows 200
xllcorner 320000
yllcorner 90000
cellsize 50
[rows 76 to 113 of 200, columns 85 to 169 of 200]
30.4 29.4 29.4 29.2 28.9 28.7 28.2 28.9 29.7 30.8 31.9 34.2 38.1 43.3 47.6 50.1 49.4 45.5 42 43.1 42.5 37.3 36.2 32.9 31.5 32.9 34 33.6 32.5 31.5 31.6 35.1 41 48.2 52.2 54.3 54.4 46.3 44.2 47.2 46 37.5 28.3 27.3 25.6 22.2 18.8 14.9 12.3 11.2 11.9 12.7 12.2 12.3 12.5 12.9 12.2 12.4 13.1 13.6 13.9 14.2 14.5 14.7 15.3 16.5 17.1 17.8 18.4 18.9 19.8 20.7 21.6 23.1 27.3 33.6 37.9 39.2 40.9 41.9 42.8 44 45.4 46.4 48.4
31.3 29.9 29 28.9 28.6 28.2 27.8 27.9 30 31.2 32.7 35.4 39.1 43.6 46.6 49.9 48.1 44.4 43.1 45.9 47.8 42.6 38.6 34.2 31.3 29.7 31.4 29 29.2 29.8 34.6 40.7 43.9 47 46.1 48.2 50.8 45.5 37.1 37.5 36.3 31.7 26.2 21.7 20.1 23.4 14.9 12.5 11.1 11.2 11.3 12.1 11.4 12.2 12.3 13.1 12.2 12.4 13.1 13.6 13.9 14.1 14.5 14.7 16.4 17.3 17.9 18.6 19.2 19.6 20.3 21.1 22 23.5 29.9 36.7 39.5 40.8 41.7 42.5 43.1 43 45.1 46.8 48.5
31.4 30.3 29.2 28.4 28.1 27.7 27.4 27.7 29.7 31.7 33.9 37.2 43.4 47.6 49.7 50 47.4 45.2 44.7 48.5 50.8 46.8 40.5 35.1 31.9 30 32.9 26.5 27.7 33.1 39 42.1 43.8 44.7 43.6 43.1 45.9 43.8 35.5 33 29.7 26.7 22.6 24.7 14.1 12.8 12.9 12 11 11.1 11.2 11.2 11.4 13.1 11.6 12 12.4 12.5 13.2 13.6 13.9 14.2 14.4 15.1 16.1 17.4 18.7 19.4 20 20.4 20.9 21.6 22.1 22.9 23.9 29.3 33.6 35.7 37.4 38.6 39.1 39.8 43.6 45.7 47.5
31.3 30.2 29 28.1 27.6 27.2 26.8 27.1 29.7 32.4 35.6 41.1 47.7 50.6 52.1 50.7 48.4 46.6 45.5 49.2 51 48.8 44.2 39 35.8 33.4 29 23 28.4 32.3 33.3 38.4 40.6 39.9 38.9 37.7 38.8 35.9 32.8 28.3 25.8 21.6 18.6 14.1 12.3 12 12 11.3 10.9 11.4 11.5 11.2 10.8 13 12.4 12.1 12.5 12.9 13.2 13.6 13.9 14.2 14.4 14.9 15.7 16.8 18.6 20.2 20.8 21.8 22.2 22.2 22.8 23.7 24.4 25.4 26 26.8 28.6 30.5 32.7 35.4 38.3 41.3 43.6
31.2 30 28.7 27.7 27.2 26.7 26.3 27.9 30.4 34.2 38.5 44.6 50.5 53.8 53.1 51 48.8 47.4 46.6 46.2 45.8 49.5 47.7 44.5 41.2 36.4 30.3 24.5 26.5 31.5 35.3 36.3 36.2 36.8 34.5 32.5 35.6 36.5 33.6 27.3 22.1 19 15.8 12.5 11.8 11.7 11.7 11.5 10.6 10.9 11.2 11 10.2 12.2 13.2 12.7 12.9 13 13.2 13.7 13.9 14.1 14.3 14.7 15.4 16.4 18 19.9 22 24.2 24.4 23.6 24.8 25.6 25 26.3 27.4 27.8 28.9 29.8 30.6 31.2 31.8 34.8 36.9
30.9 29.7 28.5 27.4 26.9 26.5 26.1 28.1 31.7 36 40.6 45.8 50.7 54.1 52.4 50.1 48.2 46.8 45.4 43.6 43.1 45 44.3 42.5 40.3 35.5 30.3 25.2 22.9 26.9 31.2 32.5 32 32.9 31.7 29.6 32.2 33 28.8 21.9 18.7 15.8 13.8 12.1 11.6 11.6 11.6 11.6 11.1 10.3 10.7 11.2 10.2 11.6 12.7 13.1 13.2 13.4 13.5 13.6 13.8 14 14.2 14.6 15.3 16 17.3 19.3 22.4 25.8 27 28.3 29.5 29.5 29.8 32.1 34.1 37 36.8 35.1 34.7 32.6 32.5 33.8 34.1
30.4 29.1 27.9 26.9 26.8 26.3 25.8 28.2 31.9 36.1 39.9 44.9 48.9 53.1 52.1 50 48 46.3 45.5 43.9 43.2 42.7 40.4 39 36.1 33.9 30.8 26.2 22.8 20.4 25.8 27.1 27.6 28.8 28.2 26.1 29.2 29.8 24.5 18.6 14.2 12.8 12.1 11.7 11.5 11.4 11.4 11 10.4 9.9 10.3 10.5 12.2 13 13.1 13.2 13.4 13.5 13.3 13.5 13.7 13.9 14.1 14.5 15.2 15.9 16.7 19.4 22.6 25.6 27.6 29.9 34 35 37.1 39.1 41.7 42 43 43.1 42.7 39.9 37.7 36.4 35.9
29.9 28.5 27.3 26.4 26.4 26.2 26 27.7 32.2 35.9 39.7 43.7 47.8 52.9 53 51.2 48.9 47.1 45.8 43.1 43.1 44.4 45.1 42 41.2 38.1 32.7 27.2 22.2 19.2 20.8 24 24.2 24.6 24.3 23.1 27 28.1 24.2 18.3 12.2 11.5 11.6 11.5 11.3 11.1 11.1 10.3 9.8 9.2 9.6 9.9 12.3 13.2 13.3 13.4 13.4 13.1 13.2 13.4 13.6 13.8 14 14.4 15.1 16 17.4 18.8 20.3 24.1 26.7 29.5 34.4 37.7 38.5 40.2 42.2 43.1 44 44.7 45.9 46.3 43.1 39.8 39.8
29.4 27.9 26.8 26 26 25.9 25.4 29.1 32.8 36.1 39.6 43.4 47.3 50.9 52.9 52.3 50.1 47.9 45.1 41.9 40.1 41.5 42.3 40.6 38.9 37 31.7 26.6 21.9 19.9 19.2 17.6 19.3 19.8 19.2 18.2 24.8 28.1 24.8 17.6 10.8 10.9 11.1 11.1 11 10.9 10.4 9.6 9.3 9.5 9.8 11.3 12.1 13 13.4 13.2 13 12.9 13.1 13.3 13.5 13.7 13.9 14.3 15.3 16.4 17.7 19 19.9 21.7 25.2 28.3 33.1 36.5 38.6 40.6 42.6 43.9 44.7 46.8 48.4 48.4 46.3 43.9 44.2
29 27.4 26.2 25.4 25.2 25.5 25.2 29.3 33.4 36.5 40 44.6 48.2 52 54.1 53.9 51.9 47.7 42.9 39.5 37.2 36.8 37.3 35.9 34.4 33.5 30.2 26.5 22.9 20.1 18.9 18.7 16.2 16.6 16.9 18.5 21.6 25.1 23.1 16.3 10.7 10.5 10.6 10.7 10.7 10.1 9.8 9.8 10.1 10.6 11 11.4 12.1 13 13.1 12.9 12.7 12.7 12.9 13.2 13.4 13.6 13.8 14.2 15.3 16.7 18.4 19.8 21.5 22.5 23.6 26.7 29.8 34.8 37.5 39.8 41.9 43.6 45.2 47.7 49.3 51 50.7 48.6 48.2
28.5 26.7 25.4 25 24.8 24.9 25.6 29.5 33.5 37.3 40.6 44.6 49.4 53.9 58.1 58.9 53.6 46.3 41 38.7 36.7 35.7 31.6 31.3 30 28.9 27.2 24.5 21.1 20.1 19.2 17.9 16.4 15.9 14.8 14.3 16.4 20.6 18.6 14.7 10.2 10.4 10.4 10.4 9.7 9.7 10 10.4 10.7 10.9 11.1 11.4 12.2 12.4 12.6 12.6 12.4 12.6 12.8 13 13.2 13.4 13.6 14.3 15.4 17.1 18.9 20.8 23.7 24.6 25.4 26.4 28.8 32 34.5 37.4 40.9 43.9 46 49.2 52.4 54.4 55.9 53.9 51.7
27.8 25.7 25.1 24.7 24.7 25.2 24.9 30.4 34.3 39.6 43.2 47.8 51.9 56.2 62 63.2 57.7 53.1 52.7 47.7 44.2 40 35.6 32.5 29.5 27.4 26 25 22.7 22.7 22.7 22 21.5 17.1 15.1 12.9 13.3 14.2 13.8 13.1 11.5 10.4 9.9 9.4 9.7 9.4 9.8 10.2 10.6 10.9 11.1 11.4 11.6 11.8 12 12.2 12.3 12.5 12.6 12.8 13 13.2 13.6 14.4 15.6 17.4 19.5 21.6 24.3 26.8 27.5 28.3 30.2 32.4 34 37 40.9 44.8 48.4 50.9 54.2 57.5 59.9 58.6 55.2
27.2 25.4 24.6 24.2 24.3 24.8 27.8 32.3 37.5 43 47.6 52.8 57.4 64.1 69.7 72.2 68.8 63.2 66.4 63.3 53.6 48.7 44.2 39.4 35.1 30.1 27.1 26.2 25.8 26.4 28.8 29.6 28.1 22 17.3 13.6 12.9 12 12.4 11.9 10.6 9.5 8.9 8.4 9.7 9.6 9.7 10.1 10.5 10.8 11 11.3 11.5 11.6 11.8 12 12.1 12.3 12.4 12.6 12.9 13.2 13.5 14.6 16 18.1 20.4 22.6 24.9 27.4 29.9 30.5 32.4 34.3 36.6 39.5 42.6 46.5 50.8 53.7 56.1 59.3 62.1 62.6 60.3
26.8 25.1 24 23.7 23.7 24.4 29.2 34 39.4 45 50.7 56.7 62.4 70.2 80.2 81 80 76.6 75.2 68.2 61.4 55.2 50.7 43.7 36.9 31.6 28.9 28 28.6 32.4 35 34.8 30.1 27.3 20.6 17.2 14.8 12.7 11.4 9.2 9 8.9 8.8 9 8.4 9.6 9.8 10 10.4 10.6 10.9 11.1 11.4 11.5 11.7 12.1 11.9 12 12.2 12.5 12.9 13.2 13.6 15 16.5 18.8 21.4 23.5 25.7 28.3 31.2 33.2 34.9 37.4 39.7 42.5 45.4 48.4 53.2 56.3 58.8 61.1 63.3 63.7 62.5
26.5 24.4 23.5 23.4 23.4 25.2 29.6 35.3 41 45.8 51 57.6 65.8 77.1 84.5 85 83.8 82.1 78.8 72 64.2 54.5 48.4 41.8 37.1 33.2 30.4 30.1 33.7 37.2 39.1 35.1 31.6 27.3 22.6 21.3 19.2 15 11.4 8.8 8.5 8.7 9.4 9.3 9.7 9.8 9.9 10 10.3 10.5 10.7 11 11.2 11.4 11.7 12.1 12 11.8 12.2 12.5 12.8 13.2 13.9 15.4 16.9 19.5 22.1 24.4 27.2 29.8 32.9 35.3 37.3 39.6 41.8 44.7 47.8 50.9 54.4 59.3 61.9 64.6 67.5 69.2 68.9
26.1 24 22.5 23.2 23 24.8 29.7 34.5 40.7 46.8 52.7 58.5 68 79.9 86.7 85.2 84.2 82.5 79.2 73.6 62.3 51.7 46.3 43.2 39.5 35.1 33.2 36.2 40.3 41.2 40 33.1 27.6 25.8 24.3 22.3 19 16.7 12.8 9.2 8.4 9 9.6 9.7 9.8 9.9 10 10 10.3 10.6 10.8 11 11.3 11.4 11.5 11.9 11.7 11.7 12.1 12.5 12.8 13.2 14 15.7 17.9 20.6 23 25.8 29.4 31.5 33.8 36.9 39.2 41.4 43.8 46.4 49.5 52.7 57 62 65.4 67.9 71.7 73.8 74.8
25.5 22 21.3 22.9 22 25.5 29.5 33.9 39.4 46.9 53.8 60.9 71.7 82.8 85.4 84.6 83.7 82.4 78.6 71.8 59.8 56.1 55.5 52.2 45.7 40.9 38.4 41 44.9 43 36.3 29.6 27.9 26.5 23.7 21.7 18.3 15.9 12.6 8.6 9.1 9.5 9.5 9.7 9.8 9.9 9.9 10 10.2 10.7 10.9 11.2 11.4 11.3 11.3 11.6 11.4 11.6 11.9 12.3 12.7 13.1 13.6 16.2 19.4 22.8 25.4 28.5 31.8 33.5 35.5 37.9 40.7 43.3 47.3 49.9 51.5 54.5 59.7 64.7 67.9 71.8 75.4 78.3 81.5
25.2 20.4 21.1 21.3 22.9 25.6 30 33.2 36.6 43.5 56.3 63.7 73.3 82.3 84 83.6 82.8 81.5 78.6 73.2 66.4 63 62.6 59.2 54.9 49.9 44.4 46.4 47.3 40.9 33.9 30.8 28.7 28.7 24.6 21.8 18.7 13.6 10 8.6 8.9 9.4 9.5 9.6 9.8 9.8 9.9 10 10.2 10.6 11 11.3 11.4 11.2 11 11.4 11.2 11.5 11.7 12.2 12.6 13 13.8 17.4 21.1 24.7 27.4 30.1 33.3 35.4 37.7 39.9 42.3 45.9 50.1 53.1 55.2 55.6 59.1 63.8 68.3 73 78 82.9 86.6
24.4 21 21.3 22 22.5 24.9 29.1 32.3 35.6 42 54.4 64.2 71.4 79.1 81.2 81.7 81.4 80.5 78.9 75.2 69.3 65.5 64.3 62.6 58.7 54.4 50.8 50.6 46.1 40.2 36.9 33.9 34.5 32.7 28.6 25.4 20.3 13.5 7.9 9.1 9.2 9.4 9.4 9.6 9.7 9.8 9.9 10 10.1 10.5 11 11.4 11.3 11.1 10.9 11 11.1 11.4 11.6 12 12.4 13.1 14.2 17.7 21.5 24.9 28.3 31.4 34.2 37.3 39 41.8 44.7 47.8 51.9 56.1 59.2 61.2 62.3 63.7 68.5 72.9 77.8 84.1 91
23.9 20.6 21.1 21.8 22 24.3 28.4 33.2 38 43.5 52.3 61.7 69.1 76 79.1 80.7 80.3 79 76.9 73 68.5 63.6 61.3 60 58 56 53.6 48.5 47.4 47.6 46 41.7 40.8 39.3 34.2 27.7 21.3 14.5 8.1 8.3 8.8 9.1 9.4 9.5 9.7 9.8 9.9 10 10.1 10.4 10.9 11 11.1 11 10.8 10.7 11 11.3 11.6 11.8 12.4 14 16 18 21.2 24.7 27.6 30.6 33.7 36.6 41 44.8 47.2 49.6 53.6 57.8 62.1 67.1 68.6 70.8 71.5 74.4 79.4 85 91.4
24.4 19.2 20.7 21.4 21.6 23.5 27.9 33.9 38.6 43.8 50.4 57.8 65.1 72.1 76.1 78.9 79.2 77.1 73.7 69.5 64.9 59.8 55.9 54.2 52.6 52.3 51.5 48.9 48.6 50.8 51.9 51.6 53.2 46.9 38.4 29.6 22.6 16.7 10.5 8.1 8.5 8.7 9.4 9.5 9.6 9.8 9.9 10 10.1 10.3 10.5 10.6 10.8 10.8 10.6 10.6 10.9 11.2 11.5 11.7 13.2 14.6 16.7 19.1 21.5 24.5 27.4 30.4 33.9 38.9 43.3 47.4 50.5 53 55.9 60.4 65.3 70.2 74.3 77.8 79.2 78.3 81.9 89.5 95
24.5 20.4 20.1 20.3 20.9 22.4 27 32.3 35.7 39.6 44.8 52.2 60.3 67.4 72.7 76.1 77.5 75.4 70.4 64.8 60.5 54.7 49.9 47.3 46 47.8 45.4 41.8 45.3 49.5 52.4 55 55.4 51 37.9 29.8 21.6 15.6 10.4 8.4 8.3 8.4 9.5 9.7 9.8 9.7 9.9 10 10.2 10.4 10.4 10.3 10.2 10 10 10.4 10.7 11.1 11.4 12.2 12.7 14.1 16.5 18.9 22 25.1 29 32 36.1 41.3 45.8 49.7 53 56.1 59.6 63.5 68.4 73.5 78.8 84 86.8 85.6 88.6 96.2 103.2
24.6 21.2 19 19.6 20.3 21.7 24.5 28.7 31.9 36.6 42.7 49.4 54.3 60.4 67.9 72.2 74.6 72.9 66.3 59.1 53.6 48.4 46 41.5 39.3 40.8 38.3 36.4 42.4 47.2 50.6 53.5 52.9 45.9 36.4 27.3 20.7 11.3 8.9 8 8.1 9 9.8 9.8 9.7 9.6 9.7 9.9 10.1 10.3 10.1 9.4 9.6 9.7 9.9 10.1 10.6 10.9 11.3 12.4 13 14.3 16.7 19.2 23.9 27.5 30.6 34 38.4 43.5 48 51.9 55.3 59.5 64.3 68.5 71.7 77.3 84.1 90.2 95 97 100.3 105.8 111.2
24.8 21.7 18.7 19.1 19.6 20.5 22.3 25.7 30.1 34.8 41 45.6 49.2 54.4 59.4 67.5 71.5 70.6 66.4 58.8 49.7 43.7 40.7 36.4 33.3 34.7 34.1 33.4 40.4 44 46.9 49.1 48.4 40.5 30.8 23.1 17.3 10 8.4 7.8 8.4 9.3 9.5 9.7 9.6 9.5 9.6 9.8 9.9 10.2 9.8 9.7 9.5 9.7 9.9 10.1 10.4 10.8 11.2 12.2 13.6 15.2 17.4 21.1 26.8 29.8 33.4 38 41.4 46.5 50.4 54.2 58.6 64.2 69.2 74 76.8 82.2 89.3 96.6 101.2 106.4 108.9 113.2 119.2
25.7 22.1 19.3 18.7 19.1 19.5 20.9 24 27.8 32.6 37.7 41.6 44.9 47.3 53.3 63.7 69 68.1 63.9 58 49 41.4 35.7 32.1 29.7 28.9 29 30 34.5 37.7 41 44.6 45.5 35.4 24.4 17.8 13.4 8.7 7 7.7 8.8 8.9 9.1 9.4 9.5 9.4 9.4 9.6 9.8 10 9.7 9.6 9.4 9.7 9.9 10.1 10.3 10.6 11.1 12.1 13.4 15.8 18.5 22.3 26.6 30.7 35.6 39.4 44 48.5 52.8 57 62.3 68 74.8 79.5 82.2 87.3 94.5 102 108 112.6 116.7 121 126.5
26.5 22.5 19.6 18.2 18.5 18.8 19.5 22.4 26.1 29.6 32.6 35.8 39.3 44.8 52.2 63.2 66 65.4 61 55.6 48.8 40.9 35.8 31.2 28.3 26 24.7 24.8 27 31.8 36 39.4 38.1 29.6 19.5 13 10.3 7.7 7.5 8 8.3 8.5 8.7 8.9 9.2 9.3 9.3 9.5 9.7 9.9 9.6 9.5 9.4 9.7 9.9 10.1 10.2 10.5 11 12 13.3 15.4 18.7 23.3 27.1 32 36.2 40.7 45.3 49.9 55.2 60.7 67.4 74.4 80.1 83.5 86.4 92.9 100.3 106.6 112.8 117.9 123 127.8 134.7
27.4 23 19.8 17.8 18.1 18.3 18.5 21.4 24.5 27 30.8 35.3 42.7 48.5 57 63.4 65 64 58.9 52.1 46.3 40.5 36.7 32.7 29.5 26.1 23.3 21.9 22.5 26.7 31.6 34.4 32.8 26.1 17.8 11.6 9 7.3 7.1 7.6 7.7 8 8.3 8.5 8.8 9.1 9.2 9.4 9.6 9.7 9.6 9.4 9.4 9.6 9.9 10.1 10.3 10.5 11.4 12.8 13.9 15.8 18.6 23.4 27.6 32 37.5 42 46.7 51.5 58.1 65 71.6 78.4 84.8 87 88.6 94.7 104.4 112.1 117.5 121.9 129.3 136.8 147.1
28.5 24.4 21.1 18.3 17.6 17.6 18.2 20 22.7 26.7 31 35.4 42.9 47 53.4 58.4 61.1 61.3 60.1 54.6 48.9 44.6 41.3 36.2 31.1 27.5 24.9 21.2 18.7 21.5 25.2 28 28.5 21.6 13.9 10 8 7.5 7.2 7.2 7.2 7.5 7.9 8.3 8.5 8.8 9 9.2 9.4 9.6 9.5 9.4 9.3 9.6 9.8 10 10.3 11.4 12.2 13.3 15.2 17 20.2 22.6 27.6 33.4 39.8 46.4 50.7 54.3 59.9 66.1 72.1 77.9 82.4 86.2 91.2 96.4 107.6 116.3 122.4 127.9 136.4 148.6 158.6
30.3 25.9 21.8 18.9 17 17.5 18.2 18.9 19.9 24.6 29.2 32.8 39.6 42.3 45.6 50.6 52.8 60.5 61.3 58.8 55 50.6 44.8 38.2 33.5 30.6 28.4 25.7 21 19.1 18.9 22.9 25.3 17.6 11 8.8 7.4 7.4 7.3 7 6.7 7.4 8 8.3 8.4 8.7 8.9 9.1 9.3 9.4 9.4 9.3 9.3 9.4 9.6 9.8 10.1 11.5 13 14.4 16.2 18.5 20.4 23.9 29.5 34 42.4 49.2 54.3 58.6 62.6 66.9 71.2 74.7 79.4 86.6 94.4 103 110.8 118.8 126.7 133.4 144.9 157.1 163.4
31.9 27.5 23.2 19.2 17.1 17.5 18 18 17.9 21.4 27.1 31.4 31.7 36.1 38.3 42.8 51 57.4 61.2 60.9 58.1 53.5 46.4 40 38.3 37 36.1 33.1 28.5 21.7 17.4 18.4 20 14.8 9.7 8.5 7.3 7.2 7.2 7.2 7 7.5 8 8.2 8.4 8.5 8.7 8.9 9.1 9.2 9.2 9.3 9.3 9.3 9.4 9.6 10.3 11.3 13.9 15.6 17.3 19.6 22 27.4 33.1 39.2 45.3 51.3 56.3 61.2 66.2 70.3 74.7 76.1 79.5 85.7 94.9 106 115.9 123.3 129.6 139.2 152.4 162.6 166.3
33.4 29.8 24.6 19.8 17.4 16.9 16.9 17 16.9 19.5 23.9 27.1 28 31.4 35.5 38.6 46 54 59.2 62.5 60.4 55.3 48 43.9 45.7 44.6 43.1 40.4 35.1 25.7 17.7 14.9 14.4 11.9 9.9 8.1 7.1 7.6 7 7 7.1 7.6 8 8.2 8.3 8.5 8.6 8.8 8.9 8.9 9 9.1 9.2 9.3 9.3 9.7 10.6 11.8 13.7 16.1 18.3 21.2 23.4 30.5 36.2 41.9 46.8 51.9 56.2 60.7 66.9 72.5 76.9 78.5 81.8 88.6 97.6 108.2 120 127.3 133.9 143.9 158.6 167.1 167.6
35 30.9 26.4 20.3 17.5 16.1 15.6 15.5 15.4 16.9 20.5 23.8 26.1 30 34.3 35.1 42.4 49.7 56.6 62.8 63.2 58.4 53.5 51.4 52.1 52.6 49.3 43.3 35.8 25.7 18.9 15.3 13.3 11.2 9.7 7.3 6.5 6.8 7 7.1 7.2 7.6 8.1 8.1 8.2 8.4 8.5 8.6 8.6 8.7 8.8 8.9 9 9 9.1 9.2 10.5 12.8 14.1 16.2 18.3 20.6 23.5 28.7 35.4 40.5 46.1 50.5 54.6 58.7 65.3 72.3 75.2 77.7 84.7 94.1 105.3 115.3 124.4 131.5 138.8 147.6 163.5 169.2 167.1
29.7 28.1 25.2 20.2 17 15.4 14.9 14.2 13.8 16 18.5 21.7 25.6 25.2 30.1 31.7 37.9 45 50.7 58.6 60.6 54.8 53.4 56.7 58.8 58.3 53.5 45.6 34.5 26.8 19.7 15.7 14.5 11.4 9.4 6.5 5.8 6.5 7 7.3 7.5 7.7 8.1 8.1 8.2 8.3 8.4 8.4 8.4 8.5 8.6 8.7 8.8 8.8 8.9 9 9.9 11.9 13.7 17.3 20.7 25.2 27.5 29 31.8 37.5 42.1 47.1 52 56.6 62.3 66.7 70.9 77.7 84.4 91.5 105.8 118.5 127 134 141.6 152.5 168.9 169.8 165.2
24.6 23.8 21.4 17.7 16.4 16.1 15.9 15.6 15.4 14.1 16.3 20.7 23.3 23.9 25.7 31.7 36.4 41.3 45.9 51.5 53.8 49.6 54.6 60.4 63.1 61.3 55.7 47.4 36 28.3 22.2 18.6 16 13.2 11.2 6.2 6.4 6.9 7.4 7.6 7.5 7.6 7.9 8 8.1 8.1 8.2 8.2 8.3 8.3 8.4 8.5 8.7 8.7 8.8 8.9 9.2 10.8 12.4 17.9 24.8 31.7 36.2 35.5 35.9 35.6 36.5 44 48.6 52.2 57.1 62.8 73.1 83.2 91.4 99.5 110.7 120 128.3 136.7 146.6 159.3 171 168.2 159.8
19 18.5 18.4 16.2 15.9 15.7 15.4 15.2 14.9 14.6 13.7 17.7 20.7 22.9 26.3 29.9 33.9 37.5 41.7 45.5 46 49.3 58 65.1 63.6 61.6 57 49.3 39.6 31 25.6 22.4 18.7 15.8 13 8.4 5.6 5.8 6.6 6.3 7.1 7.6 7.7 7.8 7.8 8 8.1 8.1 8.1 8.3 8.4 8.5 8.8 9 9.1 9 9.5 10 16 21.3 29.4 36.7 41.9 43.2 43.3 44.8 45.9 47.5 50 55.3 58.5 60.7 71.6 81.3 91.9 101.9 113.3 123.4 131.3 139.9 149.8 165.4 171.2 166.7 154.9
17.7 17.5 16.8 15.7 15.4 15.2 14.9 14.7 14.5 14.1 13.8 15.7 18.9 21.2 23.9 26.8 29.3 32.4 35.5 38.2 41.8 48.3 57.8 64.3 64.1 61.6 57.6 50.8 41.9 35.8 31.2 28.5 22.9 17.7 12.8 8.1 6.1 5.9 6.1 6.5 7.3 7.4 7.4 7.5 7.6 7.8 8 8 8 8.2 8.4 8.5 8.7 9 9.4 9.7 10 12.1 18.5 24.8 33.4 40.1 45.5 48.8 51.4 52.8 53.9 54.9 55.1 57.7 64.1 65.3 70.2 80.1 93.5 105.8 116.6 125.7 134 143.6 155.6 170.5 171.4 163 147.8
17.2 17 16.5 15.5 14.9 14.7 14.5 14.3 14.1 13.7 13.3 13.8 15.4 17.1 21.6 23.1 25.1 27.4 30.2 33.6 39.5 48.3 57.5 63.4 63.3 60.6 57.8 52.7 44.3 40.3 37.4 32.6 24.3 16.9 9.5 7.3 6.7 6.4 6 6.9 7 7.1 7.2 7.3 7.5 7.7 7.8 7.8 7.9 8.2 8.5 8.4 8.5 9.3 10 10.5 10.9 14.1 20.6 27.5 37.4 43.9 49.2 53.1 57.2 59.6 60.9 62.1 62.2 61.9 68 72.8 77 81.3 94.6 107.7 119.2 128.6 137.3 147.9 160.7 173.9 171.9 155.9 141
17.1 16.5 16.1 16.2 14.5 14.2 14.1 13.9 13.6 13.5 13 12.3 13.2 14.6 16 19.8 21.6 23.9 26.2 29.8 37 46 56.5 61.6 61.6 59.7 57.2 53.7 49.7 46.2 42 35 24.6 14.8 7.5 7 6.4 5.9 6 6.2 6.5 6.7 7 7 7.4 7.5 7.7 7.7 7.9 8.1 8.4 8.8 8.8 9.9 10.6 11.3 12 15.9 22.3 30.6 41 47.6 53.3 57.9 62.5 65.7 67.1 68.8 70.3 70.1 71.7 79.8 88.4 99.2 106.2 113.5 122.5 131.2 141.5 152.7 168.8 175.8 169.3 151.8 130.9
