data/320000-350000.asc
ncols 200
nrows 200
xllcorner 320000
yllcorner 350000
cellsize 50
[rows 105 to 139 of 200, columns 0 to 77 of 200]
300.7 305.6 313.3 310.6 313.9 322.4 324.4 331.6 326.9 324.1 325.8 321 320.1 319.8 322.5 326.2 327.1 327.2 328.9 339.1 336.8 341.1 354.6 351.6 351.4 349.1 352.6 362.6 370.3 368.6 369.1 372.5 369.9 369.9 369.9 369.9 369.9 369.9 378.8 384.8 379.3 371.9 368.9 370.1 373.5 373 369.6 360.7 352.3 350.3 347.8 345.1 343 340.6 338.3 335.9 334 330.5 330.2 331.8 332.4 328.5 323.6 317.1 309.3 303 300.5 300.7 300.4 300.6 299.7 300.1 308 314.3 318.7 320.9 321.8 322.6
303.3 305.5 309.9 313.2 314.6 323 327.9 333.4 326.2 327 324.8 322.5 321.5 322.8 323.9 325.8 326.6 326.6 328.8 336.3 336.1 339 348 347.7 346.8 345.9 347 358.7 370 370.3 372.8 372.5 369.9 369.9 369.9 369.9 369.9 371.3 383.6 383.8 376.7 367.1 365.1 367.9 371.1 369.4 364.9 356.5 351.6 347.9 345.6 344.6 343.8 343 340.8 337.8 335.4 333.8 334.1 333.8 330.2 325.3 317.7 309.6 305.9 308.1 309.5 307.8 305 304.8 303.3 301.2 307.2 313.4 318.2 321.7 323.4 324.1
304.9 312.6 310.9 312.8 314.9 323.4 330.2 329.4 329.8 328.7 324.8 323.5 322.7 325.9 326.4 326.8 326.6 327 332.3 335.8 336 337.6 348 344.8 341.1 341.4 343.5 354.5 369.4 370.9 373.2 372 369.9 369.9 369.9 369.9 369.9 378 383.7 379.5 370.7 364 362.6 363.3 366 365.5 358.9 352.4 347.6 346.1 346.1 346.4 348.5 346.6 344.7 342.5 338.9 336.5 334.2 331.1 326.2 318.3 313.9 312.9 310 317.1 315.7 311.3 308.2 306.7 306.2 302.8 305.6 312.7 318 321.9 324.4 326.2
313.1 313.6 315 314.1 316.7 324.4 332 332.4 332.6 327.4 324.2 323.9 328.6 330.1 327.7 327 326.7 327 335.9 336.5 335.8 337.5 344.1 341.7 339.7 340.5 341.6 352.2 367.2 373.9 374.1 371.5 369.9 369.9 369.9 369.9 369.9 379.2 377.7 374.8 369.6 364.9 361.5 360.8 363.8 358.9 352.2 346.9 345.8 346.4 347.1 351.6 350.5 349.4 347 341.9 338 334.7 331 325.6 321.2 321.7 323.7 313.4 323.1 321.7 318.6 313.9 311.4 309.9 307.9 304.9 305 310.3 317.8 322.3 325.4 326.7
314.3 319.7 316 318.8 330.9 333.8 334.8 333.2 328.4 325 324.8 329.8 332.5 330.7 330 328.2 326.9 328.5 337 337.4 336.7 338.9 345.5 339.4 339.3 340.4 342.1 352.1 370.7 376.8 377.3 376.1 374.2 374 371.4 370.5 374.8 378.8 374.4 370.1 368.2 364.1 359.3 355.1 353.5 350.6 346.9 345.3 345.4 349.3 354.1 351.7 347 343.7 340.7 338 335.9 331.8 326.7 327.7 328.6 328.5 328 327.4 326.7 324.6 321.5 317.1 314.6 312.1 309.2 305.5 305.6 310.4 316.8 322 325.6 327
318.1 319.7 319.5 333.1 333 337.4 334.3 332.8 326.4 326.5 331.6 332.3 332.9 333.7 334.1 330 328.9 339.1 339.5 337 337.9 341.8 341.9 338.2 339 340.8 344.9 355.5 374.6 380.6 381.8 382.6 382.3 378.6 374.2 374.6 379.2 376.4 369.6 366.7 367.6 361.3 356.5 352.4 350 347.2 346.7 346 351.4 354.1 348.9 343.5 339.2 337.1 336 334.4 332.1 329.4 331 332.3 332.6 332.5 333.6 332 330.9 327.7 322.8 319 317.1 314.2 310.7 307.9 305.6 310.1 316.3 321.6 325.7 327.9
319.7 323.4 331.5 332.5 338.2 335.2 331.8 333.4 329.4 331.5 337.4 336.6 338.1 342.1 335.1 331.1 344.1 344 337.6 336.7 336.6 342.4 340.5 338.2 338.9 342 351 368.2 377.6 384.3 386.9 387.8 387.6 378 369.4 374.8 374.3 368.7 363.9 364 364.1 358.8 354.8 351.4 349.7 347.4 347.1 351 347.7 342.5 339.2 338.5 337.6 336.5 334.8 333.5 333.1 333.8 337.3 337.9 337.4 337.4 335.7 334.1 332.5 329.7 326.9 323.5 319.7 316 312.1 309.3 306.9 309.4 316.4 322.4 328.5 330.1
326.3 331.6 332.3 335.9 335.9 328.9 331.6 331.7 330.5 337.1 347.9 342.9 339.1 338.1 334.4 347.7 352.4 341.7 337.4 335.8 335.4 342.8 340.9 336.7 339.8 350.6 360.9 374.5 379.8 386.4 391.4 389.1 387.2 377 369.2 370.7 365.8 362.9 362.8 362 360.5 357.5 354 351 349.4 348.9 347.9 341.5 339.5 339.5 338.9 338.7 339.1 336.7 335.7 336.5 337.5 338.7 340.6 341.1 339.2 338.2 337.2 335.7 334.8 334.7 332.2 328.1 321.8 317.6 313.6 310.9 310.2 308.8 316.2 324 330.6 333.2
333 334.4 335 334.5 332.3 325.8 324.9 328.1 334.3 347.7 347.5 344 338 336.7 346.1 357.4 347.8 340.4 337.4 333.9 334.7 337.4 336.7 336.7 344.9 357.5 372.8 374.4 377.7 388.3 392.9 385.5 385.8 374 367.1 365.8 365.6 364.7 359.6 358 356.7 355.7 353.5 350.2 347.4 345.3 340.6 339.8 339.7 339.6 339.4 339 340.1 339.6 341 340.3 340.4 341.4 341.6 341.5 340.3 338.5 338 339.1 339.9 338.5 335 329.6 322.6 318.5 315.1 314.1 313.6 310.3 313.8 320.4 327.8 332.7
333.5 334.4 332.4 335.5 328.5 323.4 325.4 336.9 339 341.6 344.7 343 342.7 346 346.9 348.9 345.5 338.2 334.2 331 332.7 333.9 332 338.2 347 361.8 372.1 372.2 375.1 384.3 386.4 381.3 378 369.2 367.1 366.1 367.2 362.9 353.4 353 351.7 350.5 349.5 346.5 344 340.4 340 339.9 339.9 339.8 339.5 341.2 346.7 345.8 343.8 343 343 342.3 341.9 341.8 340.9 341.2 341.5 342.3 342.4 340.7 334.8 330 324.3 321.1 318.8 317.7 315.3 312.1 311.7 315.8 321.9 326.6
332.1 330.1 331.5 332.3 322.9 323.6 334.5 340.9 338.9 340.1 344.7 351.9 349.5 349.5 342.8 340.6 341.6 336.7 330.9 327.6 328.1 328.2 331.9 340.6 350.3 363.4 369.9 371.4 374.4 378 378.9 384.2 381.9 375 369.6 367.3 366.6 359.1 348.5 346.4 345.8 345.5 342.8 340.5 340.9 343.5 344.4 340.3 340.1 340 341.9 350.5 352.1 349.3 346 344.8 345.4 345 344.8 344.1 344.1 343.5 343.5 343.6 343.3 341.8 337.6 333 328.5 325.3 323.2 319.8 315.4 312.2 310.3 314.5 318.4 319.6
328.2 327.7 331.8 325.3 321.9 327.3 342.3 338.7 338.3 340.2 349.2 350.4 345.3 343 339 338.4 337.5 332.2 327.3 325.2 326.3 329.4 334.3 347.8 357.9 363.6 369.1 372.2 379.8 377.5 372.7 374.8 377.8 370.1 366.5 364.4 361.2 350.8 344.3 341.6 342.3 340.3 337.6 338.3 346.7 353.2 352.2 348.8 346.3 345.9 348.6 351.5 353.1 352.2 350.8 350.1 348.8 348.1 347.7 347.5 346 344.8 344.5 344.4 344.7 343.7 339.6 335.9 331.3 329 324.7 319.4 314.3 312.2 312.1 314.3 315.6 317.2
326.1 328.5 329.3 321.7 322.5 332.6 340.3 336 335.1 339.2 349.9 345.6 340.8 338.2 339.1 340.6 336.8 331.1 327.2 325.1 327.8 336.8 341.5 351.8 360.6 365.4 369.6 373.2 376.9 371.6 364.5 363.4 362.7 361.1 358.4 356.3 352.1 343.7 338.9 339.5 339.7 336.8 337.4 343.2 353.7 358.4 358.3 357.9 358.6 354.3 350.3 350.4 352.7 355 356.1 355.7 354.7 353.1 351.2 348.7 346.6 345.8 345.1 345 345.5 343.3 338.8 335.5 331.5 330.7 322.3 316.6 313.9 314.4 314 314.8 315.7 316.8
327.3 331.9 325.5 321.7 322.4 333.7 336.2 332.7 331.2 335.6 346.3 342.5 337 335.4 345 347.1 337.4 331.3 326.7 324.6 330.4 340.1 347.1 359.5 361.5 363.8 366.4 367.6 368.9 364.3 357.8 356.6 354.7 352.6 350.9 348 343.5 336.6 333.9 337.5 335.6 336.4 341 351.9 356.3 360.3 364.3 366.9 366 358.2 351.5 351 355.2 359.4 361.1 361.8 360.5 357.5 352.8 350.1 347.8 346.5 345.8 345.6 343.4 340 334.4 329.4 325.2 322.1 317.9 316.5 315.8 316.1 315.6 316.1 317.4 318.3
332.1 333.5 325.3 321.1 321.7 333.1 332.5 328 325.8 330.9 342.2 338.3 332.5 334 348.3 348.2 341.6 329 325.7 326.9 333.4 344.3 358.2 359.5 358.3 359.9 360.3 360.8 361.1 357.4 353.1 351.7 348.9 345 341.4 340.5 335.3 330.1 330.7 333.7 335.8 339.4 351.4 354.2 356.6 360.7 365.4 369.3 367.2 361.6 354.2 353.9 358.5 362.8 366.1 365.7 363.7 359.4 355.2 352.6 350.6 348.8 347.3 344.7 341.2 335.6 331.3 325.8 323 320.5 318.4 318.1 317.9 318.5 319 319.1 320.4 321.1
340.3 334.1 323.7 321.3 321.3 326.7 323.9 320 318.8 326.6 337.2 332.9 327.9 329 344.4 340.5 333.7 321.8 319.9 325.3 333.9 347.6 359 353.8 353.1 356 357 355.7 355.1 350.8 348.6 345.1 340.3 336 332.2 328.6 327.6 325.9 329.9 334 337.1 343.2 350.7 350.2 355.1 359.8 364.3 367.8 366.8 362.3 359.2 360 365.4 370.6 367 365.7 363.9 360.5 358.3 356.9 354.8 352.3 348.3 343.2 338.3 333.6 328.9 324.9 322.5 321.7 321.6 320.4 322.1 323.5 322.7 322.1 323.1 323.6
338.2 337.4 328.5 322.3 319.6 320.4 316.6 314.4 314.9 319.8 330.8 326.4 321.3 322.3 335.1 333.3 325.7 318.2 317.5 322.1 329.2 336.8 345.7 344.7 352.8 356.6 353 351.9 350 348.7 342 335.7 331.6 327.7 322.4 321.6 323.1 326.2 330.8 331.6 336 339.6 344 347.5 352.1 355.6 360.1 365 366.3 364.6 365.8 369.1 369.6 368.5 366.8 365 365 364.1 365.8 368.4 362.7 353.9 349.5 344.2 339.3 332.3 328.9 325.8 323.6 324.7 325.6 324.2 327.2 327.2 325.8 324.9 324.5 323.6
337.2 335.6 331.2 334.1 324.9 312.3 312.9 313.2 313.6 316.6 322.9 320 316.5 315.3 318.8 325 321 315.6 313.9 318.5 321.6 327.7 335.3 340.2 354.2 352.4 348.1 348.1 346.4 339.5 332.8 329.7 324.8 319.4 316.7 315.7 322.2 326.4 327.6 328.5 330.6 334.3 338.9 344.2 349.7 353.8 361.5 363.3 365.1 367.7 371.8 370.5 368.1 367.4 367.7 369.3 371.5 374.3 374.8 365.4 358.8 355.2 353.4 350.9 344.2 338.5 332.7 327 325.9 326.8 328.8 333.3 333.1 330.3 327.7 325.5 324.3 323.3
332.5 330.5 332.4 325.3 315.3 304.7 309 312.7 312.3 314 315.2 312.6 312.4 310.7 311.2 321.8 319.3 314 308.8 312.4 315.9 321.1 325 335.2 347.6 344.8 339.8 341.2 337.7 333.3 328.7 324 318.2 313.1 310.4 315.8 321.6 323.1 322.5 324.7 328.7 334.5 339.7 343.6 348.6 359.7 366 365.4 369.4 373.2 373.7 372.3 370.8 373.3 377.6 380.5 379.6 374.1 366.7 361 360.3 359.2 356.4 353 348.4 342.4 337 333 331.5 331.4 332.9 332.3 331.9 329.6 327 325.1 323.9 323
327.5 325.7 327.9 318.8 308.4 303.2 307.4 311.3 310.9 309 308.9 306.6 306.8 305.6 306.3 316.8 317.5 309.2 305 308.5 310.9 312.7 316.5 324.5 336.4 333 330 331.2 331.7 328.7 321.7 314.3 310.2 305.7 311 316.8 319.2 318.4 319.7 322.5 328.5 335.8 340.1 343.8 353.7 369 369.7 368 369.6 371.9 372.8 374 377.2 381.4 384.2 378.7 371.6 367 366.4 366 366.7 361.6 357.8 354.6 349.1 345.7 343.1 339.8 336.4 336.3 336.2 332.8 330.2 327.7 325.8 324.6 323.5 322.7
321 320.9 321.8 316.2 305.7 299.2 302.9 309.9 309.4 304 302.5 301.4 301.1 301.4 304.2 312.6 311.1 308.7 304.7 305.3 306.9 308.2 310.4 314.4 324.1 321.8 323.5 326.4 326.5 320.5 311.9 307.6 302.3 308.6 313.3 315.7 315.6 317 318.4 321 330.1 337.1 339.9 343.8 353.9 370.2 371.9 371.1 370.8 372.8 375.3 381.5 382.5 379.9 376.4 371.6 368.1 367.2 368.9 369.2 366.6 363.1 356.5 352.5 350 347.9 345.2 340.6 337.3 337.5 334.9 331.2 328 325.6 324.6 323.9 323.2 322.4
312.3 316 317.1 312 301.9 292.3 296.8 303.5 307.5 303.1 298.6 297.4 299.1 300.2 303.9 306.9 307.7 306.8 304.3 302.3 304.3 304.9 307 309.9 314 317 319.5 322.3 316.9 311.2 305.7 301.7 299.4 304.5 309.2 314.3 315.7 317.2 318.8 320.9 332.1 337.5 339.6 343.4 350.7 361 370 372.3 372.9 376 379.7 377.9 376.2 374.7 370.9 367.3 367.8 368.6 371.7 368.4 361.6 355.9 354.5 352.6 350.4 347.7 344.1 340.9 338.8 337.2 332.4 328.5 325.4 324.4 323.8 323.2 322.6 321.9
306.8 311 313 304.4 297.3 288.2 289.9 294.3 301.2 298.3 296.4 294.8 298.7 300.1 302.7 304.4 303.7 303.8 301.3 297.6 301.4 301.7 304.9 310.5 315.6 313.5 314 312.4 308.5 304.6 300.5 293.4 305.8 309.6 312.1 314.6 315.8 316.4 318.9 328.1 335.4 337.5 339.1 341.3 345.6 353.2 364.7 371.2 374.4 377.2 375.9 373.6 372.3 370.4 367.4 366.7 365.5 368.1 370.4 364.9 358.5 353.5 351.7 350.7 349.6 347 343.6 340.9 338 332.8 329.7 326.2 324.7 323.8 323.2 322.5 322.1 321.3
300.6 302.5 307.9 299.3 291.9 283.9 283.5 287 291.1 293.5 294.4 293.8 296.6 299.8 301.8 299.9 299.4 298.2 296.1 293 296.4 298.4 303.2 307.2 309.4 309.7 304 302.3 299.4 297.5 293.4 299.5 304.9 311.3 313.7 311.4 312.6 316.6 321.8 332.2 335.7 337.9 339.2 341.3 347.6 357.8 367.8 373.2 374.7 375.8 374.8 373 372.5 369.9 364.1 363.7 363.9 364.6 366 361.8 355.1 352.4 351.5 350.8 348.9 346.5 342.8 336.2 331.2 327.8 326.5 325.1 324.6 323.5 322.5 321.9 321.5 320.8
292.4 295.1 299.3 294.6 287.9 281.9 279.5 281.8 283.3 289.2 291.3 290.6 293.5 295.4 296.7 295.1 293.7 293 291 288.1 291.9 292.9 294 296.3 296.8 296.5 296.1 294.3 293.4 291.4 290.1 297.3 306.4 309.9 311 311.8 314.4 320.2 329.9 335.2 337 339.5 341.1 342.5 356.4 365.6 371.9 372.3 373.3 373.9 372.4 370.7 367.4 364.3 362.8 363.6 363.8 363.6 362.5 358.2 354.9 353.1 352.5 351.4 351.3 347 337.9 328.8 327.6 326.7 325.9 325.4 325.1 324.4 322.7 321.9 321.3 320.3
284.7 285.9 287.2 285.4 282.4 280 276.1 277.6 278.1 283.9 287.7 287.1 288.1 288.6 288 289.1 288.1 288.6 285.9 283.1 286.6 287.1 286 285.1 285.6 288.5 290.3 288.6 287.4 287 287.4 293 299.4 302.1 300.5 305.4 311.7 324.8 337.1 338.7 340 340.7 343.7 354.7 364.9 371.3 372 373.9 374.5 371 366.6 363 361.1 361.4 362.5 365.4 366.5 364.5 361.4 359.1 356.9 354.8 354.9 356 352.5 343.5 332.9 328.2 327.4 326.9 326.2 325.8 325.5 325.2 324.9 324.6 324.8 324.6
277.6 276.9 273.8 274.6 275.7 274.3 273 274.4 275.4 278.7 283.3 282.3 281.3 281.7 282.1 282.7 284.3 282.4 281.6 279.1 279 281 283.6 282.4 281.5 282.2 285.2 285.2 284.3 284.7 285.2 287.4 287.1 289.9 293.5 300.1 312.4 330.6 338.7 342.3 342.2 345.4 355.1 363.2 369.4 372.6 378.2 373 366.9 361 358.9 358.9 361.1 366.4 371.2 369.4 368.3 365.5 363.8 361.7 360.1 360.3 360.2 358.4 348.5 339.7 333 328.7 328 327.3 326.6 326.3 326.3 326 326 326.3 327 325.5
268.8 269.1 266.5 267.3 269.8 269.9 270.7 272.2 273.4 274 276.9 277.1 275.7 275.1 275.5 276.5 280.2 278.3 279.6 277.3 276.4 278.9 285.1 282.5 280.7 280.8 280.7 282 282 282.4 283.3 283.8 284.5 286.3 289.7 298.9 315.5 330.7 337.3 343.6 349.3 356.5 364.9 368.4 371.6 378.1 371.2 362.3 358.2 358.6 358.7 361.5 368.9 371.5 369.6 367.9 367 364.9 364.9 364.1 363 362.3 361.3 357.5 346.8 340 334.1 329.8 327.1 327 327.1 327.3 327.4 326.7 326.4 327.1 327 326.3
261.7 261.8 260.3 259.9 261.9 264.2 266 267.7 270.1 269.9 269.2 271.3 271.2 271 270.8 271.2 274.3 274.4 274.9 275.3 274.4 275.9 281.4 281.6 280 279.7 279.4 279.4 280.4 281.3 282 282.8 284 286 290.1 298.9 313.5 323.6 330.1 342.6 353.7 364.8 367.6 369 374.4 373.4 362.7 358.7 358.1 357.9 360.6 363.4 363 367.9 365.8 363.3 362.7 365.3 365.5 364.9 363.8 363.5 360.1 353.4 347.6 341.1 333.7 327.9 327.6 327.9 328.2 328.5 328.1 327.4 326.8 327.2 327.2 326.7
255.7 256.5 255 254.2 254.6 257.6 259.5 261.3 265.1 266.9 267 267.9 268.9 269.1 268.5 269.8 273.9 273.2 272.4 273 272.7 273.2 274.9 276.5 281.7 281.4 279.7 279.1 279.5 280.4 281.1 282.6 284.4 286.8 290.8 297.2 306.5 315.1 323.5 340.2 351.4 362.6 367 368.7 369.7 364.9 357.6 357.3 359.1 358 357.4 357.6 357.8 358.1 359.1 360.1 363 366.2 365.9 365.2 363.8 360.7 357.3 353.6 348.3 338 329.6 328.5 328.3 328 328.4 328.7 328.6 328 327.2 327.2 327.3 327
252.2 251.3 249.1 248.7 249.6 250.9 253.2 257.3 262.1 263.7 266.5 268.7 269 268.2 268.1 274.5 272.9 272.7 271.3 271.8 274.1 273.8 274.4 276.4 281.7 281.4 278.4 278.9 279.3 279.9 281.6 283.1 285.9 288.2 292.4 297.1 304.2 311.9 323.6 338.5 350.8 361.3 364.9 365.8 364.3 360 356.8 356.8 356.6 356.7 357 357.2 357.5 358.2 358.4 362.1 364.8 365.8 364.8 364.1 361.3 358.7 354 349 340.4 331.1 328.7 328.7 328.6 328.6 328.6 328.9 329 328.3 327.6 327.3 327.6 327.3
248.8 247.1 246 246.4 247.4 249.5 253.3 257 261.2 265 267.9 268.2 267.6 267.1 271 274.1 272.4 273.7 271 273 274.7 274.7 274.2 276.3 281 279 278.1 278.7 279.4 281 282.7 285.4 289 290.5 292.9 298.1 307 317.3 328.6 339.1 352.1 360.5 365 365.3 359.5 356.2 356.3 356.4 355.6 355.3 356 357.2 358 358.4 360.3 362.5 364.8 364.5 362.7 360.3 355.6 348.7 344.7 339.9 333.1 329.8 328.9 328.9 328.9 329 328.8 329.1 329.3 329.6 330.6 328.6 327.5 327
246.1 244.9 244.4 245 246.4 248.8 254.3 262.1 264.2 266.1 265.8 266.2 266.9 269.2 276.2 273.6 272.2 271.7 269.8 273.6 276 275.7 275.1 275.3 277.1 276.9 278.2 280.5 283.3 286.9 290.9 294.9 296.5 300.7 302.5 300.9 304.1 317.6 331 341.2 353.4 362.9 366.3 357.8 356.5 356.2 356.2 355.7 355 353.2 354.4 355.7 358.5 359.1 360 361.4 362 361.1 356.9 352.4 345.4 339.6 335.8 333.3 330.6 329.4 329.3 329.4 329.4 329.2 329 329.4 329.8 332 332 329.6 327 326.8
244.3 244.8 244.4 245.1 247.4 249.8 254.1 256.8 258.2 260.6 262 265.5 267.9 273.5 274.8 271.9 269.7 268.5 271.1 274.6 278.4 277.7 277.8 277.7 278.1 280.5 282.6 288.9 297.1 301.3 302.7 310.1 317.7 319.5 320.8 313 304.5 314 330.7 341 350.9 358.5 361.2 357.8 357 356.7 355.9 356.4 355 352 353.9 355.9 355.8 355.9 356 355.2 355.1 354.4 350.7 345.5 339.1 333.9 331.7 330.5 330 329.6 329.7 329.8 329.7 329.4 329.2 329.6 330.4 331.6 331.1 328.4 325.6 326.5
242.7 243.9 245.2 246.6 248.3 250 253 254 255 256.7 260.1 264.8 270.5 279.6 272.2 270.3 268.6 268.4 272.6 275.5 279.3 280.6 280.4 281.3 282.2 285.8 291 298.2 308.7 315.7 319 325.7 331.6 335.3 333.8 323.2 309.5 313 324.1 335.3 346 356.8 359.8 358 359.6 358.4 357.2 356.8 354.9 351.7 349.8 350.3 351.1 351.3 350.9 350.3 349.8 348.3 343.4 338.2 333.5 331.6 329.2 329.1 329.9 329.8 330 330.3 330 329.6 329.4 329.4 330.2 330.6 328.4 325.7 323.7 323.1
