data/320000-100000.asc
ncols 200
nrows 200
xllcorner 320000
yllcorner 100000
cellsize 50
[rows 105 to 139 of 200, columns 0 to 78 of 200]
219.6 226 228 228.4 227.9 227.2 225.7 224.3 222.4 219.9 217.3 214.1 210.2 205.6 199.6 192.9 184.9 176.8 172.2 173 176.1 182.2 189.6 195.3 194.8 196.2 198.5 200.6 203.6 209.3 215.5 224.5 229.7 236.4 241.9 242.8 243 241.6 240.1 238.6 236.5 234.1 231.2 222.4 210.5 198.8 190.9 185.6 180.8 175.4 169.5 163.4 155.9 146.9 142.5 139.7 136.9 135.1 131.2 129.1 127.9 125.1 123.1 120.2 118.6 117.1 123.5 135.5 149.9 163 164 157.8 146.6 136.5 125.9 116 109.9 105.3 102.8
218.7 226.5 228.4 228.2 227.6 227.1 225.6 224 222.3 220.1 217.7 214.6 211.4 207.7 203.4 199.2 189.9 179.5 171.7 170.2 176.2 184.9 193.4 198.7 199.2 198 198.5 201.1 204 210.7 217.4 222.2 226.9 232.2 239.8 241.3 241.7 240.3 239.1 237.9 236.1 234 232 225.5 214.5 203.3 193.7 187.4 182.2 176.6 170.9 163.4 157.2 151.1 148.4 144.6 142.7 140.6 137.6 134.4 131.6 128 125.2 121.9 118.5 115.9 120 132.5 146.3 161.7 163.1 158 148.9 139.2 129.9 122.1 112.9 107.9 103.7
217.6 225 228.6 227.7 227.1 226.5 225.3 223.7 222 219.9 217.6 215.2 212.1 208.7 204.7 200.7 195.2 184.9 174.8 170.1 174.5 183 190.4 197.5 198.7 199.5 200.9 203.7 205.5 210.6 214.8 219.3 222.6 227.4 233.6 238.9 240.1 239.2 238.3 237.3 236.2 234.8 231.7 225.8 216.2 206.9 197.8 190.5 185.7 180.1 174.4 168.2 163.4 159.3 155.9 152.1 148.5 144.5 141.3 138.9 135.2 131.1 127.8 124.2 120.7 116.9 116 127.7 139 150.8 161.2 157.7 150.5 139.9 134.1 126.8 117.8 110.7 105.6
216.3 223.9 227.2 227.2 226.4 225.6 224.3 223.1 221.8 219.6 217.2 214.9 212.2 208.6 205.3 202 197.5 187.3 174.6 168.1 171.2 178.7 186.4 194 198.3 199.6 202.5 204.4 206 207.9 210.8 214.4 218.1 221.8 228.1 234.5 238.4 237.6 236.8 236 235.5 234.6 232.3 227.7 218.4 209.2 201.9 196.1 191.8 186 179.5 173.1 168.3 164.5 160.4 155.7 152.1 148.6 145.9 143.1 138.8 134.3 130.4 126.2 122.6 118.7 115 123.8 135 142.1 152.4 156.6 151 144.2 135.5 129 123.4 112.4 108
216.5 223.9 225.2 225.3 225.4 224.7 223.4 222 220.6 218.9 216.9 214.6 212 208.1 204.6 201.4 196.4 184.7 173.8 165.6 168.8 176.1 183.4 191.5 195.2 198.2 200.2 201.4 202.5 202.6 205.2 207.9 211.7 216.4 222.6 229.2 236.2 236.3 235.7 235.2 234.7 233.6 232.4 228.6 220.4 211.2 205.7 199.6 194.1 189 183.5 177.9 173.3 168.6 163.9 158.6 155.6 152.3 149.1 147.4 143.3 137.5 131.1 126 122.2 119.1 114.9 117.7 129.4 137.5 143.5 153.9 150.1 143.2 134.5 127.9 123.1 116 110.6
216.3 224 223.8 223.6 223.7 223.3 222.2 220.8 219.4 217.7 216 214.2 211.3 208 203.9 200.7 196.3 188.9 178.8 167.2 164.1 171.7 179.3 188.8 192 195.3 197.4 198.7 199.5 199.6 200.9 203.4 207.6 211.9 217.1 223.9 230.8 235.2 235 234.5 234 233.1 232.1 228.3 224 213.7 208 201.4 195.5 190.4 185.3 180.3 175.5 171.2 166.6 161.5 158.6 155.4 151.1 146.8 142 137.2 132.5 126.4 123.1 119.4 115.4 113.5 124.7 132.7 139.5 148.7 149.1 142.3 134 125.5 120 115.6 112.4
218.5 223.5 223 222.7 222.4 221.6 220.4 219.3 218.1 216.5 214.7 213 211 207.9 204.5 201.1 197 192.9 182.8 172.9 162.9 167.2 176.1 185.5 188.4 191.8 193.8 195.7 196.4 196.9 198.3 200 204.2 208.3 212.9 218.6 225.6 232.4 234.6 233.9 233.3 232.9 231.5 228.4 225.9 218.4 210.2 203.6 197.6 192.7 188 183.1 177.8 173.8 168.5 162.1 157.4 153.4 148.9 144.7 139.7 136.3 131.7 127.8 124.1 120 115.7 112.5 118 126.6 134.6 141.9 145.1 140.8 132.5 124.4 116.9 114 111.3
220.5 223.1 222.5 221.8 221.2 220.3 219 217.8 216.6 215.2 213.5 211.8 210.1 207.6 204.5 201.3 197.3 192.8 187.2 178.1 168.4 164 171.6 180.7 184.9 187.8 189.8 191.5 192.7 193.8 194.9 197 200.9 204.8 208.5 213.9 220.3 227.1 233.8 233.2 232.5 232.1 230.6 227.9 226.8 224.1 216.3 207 200.3 195.4 191 186.2 177.9 174.2 166.7 159.4 153 149.6 146.6 140.6 138.4 135.3 129.5 123.2 121.4 119.2 115.1 112 113.5 123.8 130.2 136.1 141.5 137.8 132.1 124.9 117.2 111.8 107.9
221.7 223.1 222 221.2 220.3 218.8 217.6 216.3 215 213.7 212 210.3 208.3 206.5 204.4 201.7 197.6 193.6 189.5 183.1 172.8 161.6 166.5 176.2 181.4 183.5 184.5 186.8 189.8 190.4 190.9 194.2 197.1 200.9 204.6 208 214.9 222.3 229.8 232.5 231.8 231 229.6 228.7 227.8 225.6 221.1 213.8 204.5 199.7 192.9 183.7 175.2 168.5 162.1 156.2 151.5 147.8 138.9 132.8 127.8 125.7 123 119.4 117.3 116.2 113.7 111.9 111 122.3 128.5 133.9 139.7 139.1 133 125.2 117.4 112.2 107.5
222.6 223 221.6 220 219.1 217.4 216.1 214.7 213.3 211.7 209.9 208.2 206.2 204.6 203.1 200.8 197 193.2 189.9 186.5 177.2 168.1 159 168 176.9 178.4 180.1 184.3 186.8 185.4 188.9 192 194.7 197.6 201.1 204.2 210.1 218.1 225.5 231.9 231.1 230.4 229.5 229.1 228.6 226.5 223.6 219.9 215.8 207.7 197.1 188.5 179.1 168.2 161.9 156.7 151.7 148.9 144.4 134.7 128.5 125.6 123.2 120.2 117 115.2 112.5 111.4 110.7 120.7 128 133.9 137.9 139 131.2 124.1 117 110.7 105.8
223.2 222.6 222 220.2 218.2 216.1 214.5 213.1 211.6 209.5 207.7 206.1 204.3 202.8 201.2 199.5 197.1 194 190.9 187.5 182.2 174.7 161.4 158.8 167.8 173.6 177.4 181.3 183.8 182.1 186.5 189.3 192.1 194.7 197.6 200.5 205.8 213.9 220.5 227.4 230.7 229.7 229.2 229 228.9 226.8 224.2 221.1 217.7 213.6 207.6 197.8 185.4 172.7 165.6 158.8 153.2 149.2 144.7 136.7 131.6 130.6 126.7 122.7 119.9 118.8 114.7 110.3 111.9 122.1 131 137.4 139.6 138.8 132.1 121.1 113.7 107.9 103.7
223.5 222.7 221.9 220.5 218.4 216.2 213.7 212.1 210 207.8 205.7 204.1 201.9 200.3 199 197.2 195.1 193.1 191 188.3 184.4 179.2 167.1 156.1 157.6 164.7 173.4 178.2 181.2 179.1 182.9 185.9 188.5 191.2 194.2 198.3 202 210.3 216.1 222.8 229.8 229 228.6 228.4 228.3 226.6 224.3 221.8 219.1 214.5 210.4 203.6 190.9 178.3 166.8 160.2 154.1 149.3 144.5 139.6 140.2 134.8 130.2 127.5 124.2 120.7 115.7 109.3 111.7 123.1 134.7 141.1 141 138 130.7 122.3 113.5 107.3 101.9
223.5 222.6 221.5 220.5 218.9 216.4 213.7 211 208.5 206.3 204.1 201.9 199.6 197.4 195.7 194.3 192.9 191.4 189.3 187.3 184.5 181.9 176.6 164.4 153.4 158.4 167.1 174.4 177.6 176.3 178.5 182.1 184.9 187.9 193.3 196.3 200.2 206.7 212.9 219.6 227.7 228.3 227.8 227.7 227.6 226.2 223.9 221.3 218.7 215.4 209.1 202.8 192.8 178 166.2 161.2 155.2 149.3 144.6 144.2 142.4 137.2 132.4 128.1 124.1 120.1 116.4 110.2 110 121.4 129.4 135.7 138.5 135.6 130.3 122.4 115.3 109.5 104
223.7 222.3 221.2 221 218.5 215.8 213.1 210.4 207.6 204.6 202.1 199.7 197.4 195.2 192.8 190.9 189.5 188.1 186.8 185.7 184 182.3 179.7 174.6 159.3 154.1 161 168.5 174 170.5 174.7 179.3 183.8 188.2 192.5 196.1 197.2 202.2 209.2 216.3 223.9 227.6 227.3 227.3 227.4 225.9 223.3 220.7 218.1 215.3 210 203.2 192.5 178 167.6 164.9 159.7 153.5 149.3 147.5 142.7 137.1 132.5 128 123.2 117.8 112.6 109.8 106.9 118.8 126.1 129.6 132 134.8 130.9 124.3 117.5 110.7 105.9
223.4 222.1 220.5 220.5 217.9 215.2 212.5 209.8 207 204.1 201.1 198.1 195.7 193.2 190.5 187.9 186.1 184.7 183.3 182.8 181.8 180.5 179.4 177.4 166.6 154 155.6 161.4 166.5 166.5 175.3 180.3 185.8 187.3 189.3 191.4 194.5 198.1 205.4 212.7 220.3 227 226.3 227.4 227 225.6 223 220.4 217.8 215.1 209.9 203.8 192.5 181.6 171.8 169 166.4 159.9 152.9 146.4 141.7 136.4 131.4 126 121.1 114.7 114.9 111.4 107.4 115.1 121.3 125.5 129.3 133.6 131.1 124.9 118.3 112.4 108.4
222.9 221.6 220.3 219.1 217 214.6 211.9 209.1 206.4 203.6 200.6 197.5 194.4 191.6 189 186.4 183.6 181.9 179.8 178.2 178.1 179.1 179.2 176.9 173 162.7 150.8 153.9 158.5 171.1 178 181.3 183.1 184.6 186.4 188.8 192.7 196.3 201.8 209.1 216.4 222.6 227 227.4 226.6 225.1 222.7 220.1 217.5 214.8 210.3 204.7 194.4 183.8 174.7 169.1 164.1 158.9 152.2 145.3 139.3 134.4 130.1 124.7 121.5 120.7 118.8 114.3 108 109.1 117.1 122.9 127.3 132.5 131 125.9 120 114.5 110.6
222.6 221.2 220 218 215.9 213.7 211.3 208.6 205.8 203 200.2 197.2 194.1 191.3 188.7 185.7 182.7 179.9 176.4 174.4 172.8 174.4 175.9 175.3 172.7 167.7 154 150.2 159.4 170 175.2 178.1 180.2 181.8 183.5 187.2 190.9 194.5 199.6 205.7 212 218.2 225 227 226.4 224.8 222.7 220.3 217.8 215.3 211.7 202.5 192.8 183.2 175.8 168 162.1 156.9 151.2 145.4 139.5 133.8 129.6 127 125.1 123.6 120.5 115.8 109.3 105.2 112.6 119.9 124.3 131.2 131.6 126.9 121.8 117 113.7
221.8 220.3 218.8 216.8 214.8 212.6 210.2 207.7 205.2 202.4 199.7 196.7 193.7 190.8 187.9 185 182.1 179.2 176.8 173.7 170.3 168.6 170.9 171.1 170 168.1 157.2 148.7 155.6 165.6 170.4 173.8 177.1 179.2 181.2 185.4 189 192.6 197.6 203.4 209.4 215.6 223.3 225.3 226.4 224.8 222.8 220.4 218.1 215.8 212.1 204.4 195.1 185.6 178.8 170.9 163.3 157 151.9 147.1 142 137.1 133.7 129.1 129.6 127.1 121.8 116.3 110.4 105.5 104 116.9 122.3 127.8 131.3 128.1 123.4 120.7 117.3
220.3 219.1 216.9 214.9 213.1 211.5 209 206.4 203.9 201.5 198.9 196.2 192.9 190.1 187.7 185.2 182.7 180 177.6 176.2 172.7 168.5 163.5 166.5 166.3 164.8 162 148.6 150 157.9 166 170.2 172 175.5 179.6 182.8 186.3 190 195 200.9 206.8 212.9 221.2 224.2 224.2 224.3 223 220.6 218.3 215.9 212.9 205.4 198 191.3 181.9 173.7 165.3 159.6 155.3 151.2 146 140.8 136.8 133 131.4 126.8 122 116.7 110.5 105.1 103 111.6 118.7 123.3 126.9 129.9 127.3 125.2 122.4
219.4 217.2 214.9 213.1 211.6 209.7 207.6 205.1 202.5 200.3 197.8 195 191.9 189.2 186.6 184.1 181.7 179.2 177.6 176.8 174.6 171.4 166.3 161.3 160.8 162.5 160.7 155.1 143.4 154.6 162.6 166.3 168.3 173.9 178.4 181.4 184.6 187.6 192.1 197.4 203.3 211.1 219.2 223.7 223.8 223.8 222.5 220.3 218.1 215.8 213.4 206.6 201.5 198.8 189.7 179.6 173.1 166.7 161.3 156.8 151.7 145.7 141.4 136 130.9 126.7 121.7 116.1 110.5 105.6 101.8 106.4 113.2 118 123.5 128.9 129.1 128.9 128.9
218.5 216 213.1 211.6 209.7 207.7 205.6 203.5 201.1 198.6 196.3 193.9 190.9 188.3 185.7 183.1 180.6 178.1 176.9 175.2 173.6 171.5 168.4 163.9 158.9 154.3 154.7 153.6 143.2 152.4 156.8 159.7 168.1 172.8 176.1 179.8 182.8 185.7 190 194.6 201 209.3 218.4 223.4 223.5 222.7 221.5 219.8 217.5 215.3 213.1 209.2 205.4 200.5 195.6 189.1 181.9 175.6 171.1 167.5 160.2 154.2 149.9 143.8 136 127.7 122.5 116.7 112.5 108.5 102.2 101.6 109.1 114.1 119.1 123.1 125.9 128 128.8
217.3 214.5 211.8 209.6 207.8 205.6 203.6 201.5 199 195.7 194 191.9 189.7 187.4 184.7 182.1 179.5 177.2 174.7 172.7 171.4 170.3 168.9 166.1 161.8 159.1 151.9 146.8 142.5 146.5 150.4 158.6 164.6 168.8 172.3 176.8 181 184.1 187.6 191.9 198.5 206.3 217.5 223 222.8 221.6 220.5 219.1 217 214.7 212 208.7 205.5 202.1 197.5 193.5 188.8 184.4 180.2 175.4 170.8 167 160.3 151.1 142.7 132.5 123.8 119.2 115.3 111.3 106 101.3 101.7 106.4 111.4 116 119.7 123.6 126.4
216.4 214.2 210.9 208.9 206.1 203.5 201.2 199.1 196.2 193.3 190.9 189.2 188 186.8 184.3 182.2 180.3 176.7 172.4 168.9 167.7 167 165.7 165.8 164 161.6 157.6 152.3 145 140.9 147.1 154.3 160.3 165.1 169.7 174.4 178.3 181.6 185 188.5 195.9 204.3 215.4 222.6 221.7 220.5 219.4 218.1 216.5 214.2 211.4 208.3 205.2 202.1 198.8 194.5 189.9 186.7 181.6 176.6 174.8 169.1 163.2 155.8 147.5 137.3 127.4 122.2 118.1 114.1 108.9 103.7 99.6 100.4 105.1 107.9 111.6 116.9 121.9
216.1 213.1 210.2 207.7 204.7 201.8 199.2 196.5 193.5 190.6 187.8 186.3 186.4 185.1 183.7 181.8 180 177 173.5 170 166.2 163.7 162.9 162.8 162.2 161 158.1 153.6 145.5 138.3 147.1 153.7 158.2 163.5 168 172.5 175.5 178 181.7 186 193.1 202.8 213.5 222.3 222.4 220.7 218.5 217.1 215.5 213.4 210.8 207.7 204.5 201.8 198.8 195.4 191.7 187.8 181 177.1 175.1 169.6 163.3 156.7 148.6 140.6 132.2 126.3 121.5 116.3 111 106.1 101.4 98.5 99.5 101.7 106.4 111.8 117
215.2 212.6 210.4 207 204 201 197.7 194.4 191.5 188.6 186.6 184.2 183.4 182.3 182 181 179.2 177.4 174.8 171.4 167.6 163.2 159.8 159.6 159.5 158.9 157.3 153 144.6 137.6 146.4 152.8 156.3 160.9 165.7 169.6 172 175.4 179.3 185 192.7 201.8 211.6 222.8 222.8 221.6 218 215.9 214.1 212.3 210 207 204.1 201 197.8 195 191.5 186.6 179.4 176 173.5 169.1 162.6 156.6 150.5 142.7 135.3 130.2 124 118.1 113 108 102.6 98.4 97.3 98.1 103.1 108.1 113.1
214 212.1 209.4 206.3 203.6 200.5 197.1 193.6 190 186.7 184.2 181.8 180.4 179.6 179.3 179 178 176.6 174.8 172.1 168.7 165 161.2 156.2 155.2 155.4 155 152.4 144.5 137.1 142.5 149.4 154 157.7 164.5 169 171.8 175.2 178.9 184.7 192.3 201 210.2 221.3 221.1 218.2 217 215.2 213.2 211.2 209.2 206.1 202.8 199.5 196.2 193.1 189.3 184.3 177 174 169.6 166.1 160.2 155.6 149.9 143.7 137.7 131.1 124.6 117.4 112.4 108.1 103.5 99.4 97 96.7 99.2 104.7 109.9
213.3 210.7 207.7 205.4 202.9 199.8 196.5 193 189.4 186.1 182.7 179.4 177.4 176.9 176.3 176.8 175.7 174.4 173.4 171.8 168.8 165.1 162.4 158.2 153.3 150.2 151.1 149.6 144.1 135.8 141.8 151.5 156.2 160.7 168.8 171.7 173.4 175.8 181.6 186.4 194.5 201.7 209.6 219.8 219 218.4 216.5 214.9 212.9 210.8 207.9 204.9 201.6 197.8 193.9 191 187 181.9 174.5 168.7 161.7 158.5 157.1 152.3 147.7 140.1 131 127.3 122.4 116.1 110 106.3 103.7 100.5 98.1 96.4 96 101.5 107.4
212.3 209.7 206.8 204.4 201.9 198.7 195.4 192.1 188.9 185.6 182.3 178.9 175.3 173.7 173.4 174.5 174 173.2 172.2 170.2 168.2 165.5 162.2 157.9 153.3 151.1 147 143.3 140.2 134.6 142.4 151.3 158.1 164.4 169.9 174.7 177.1 177.4 183 190 196.2 202.3 209.2 219.8 219.2 218.6 216.5 214.5 212.4 209.4 206.5 203.5 199.8 195.9 191.8 188.1 181.3 173.4 164.2 160.2 155.5 151.5 147.7 144.5 141.2 133 128.1 121.3 117.7 113.8 110 107.1 104.6 102.1 99.5 96.4 94.7 99 105
211.1 208.4 205.7 203 200.7 197.7 194.4 191.4 188.7 184.7 181.5 178.2 174.6 171.1 169.6 171.5 173 172.2 170.6 168.7 166.7 164.3 161.3 157.2 154.1 152 150 146.2 141 134.5 140.8 150.9 158.7 164.4 170 175 177.5 181.6 185.8 191.3 196.9 202.9 209.8 219.3 219 218.7 216.4 214 210.9 207.9 204.9 201.9 198.3 194.5 190.3 184.8 175.5 164.4 157.2 154.8 152.1 147.4 145.1 142.1 138.9 134.7 128.2 124.2 119 114.4 111.4 108.9 106.7 104.8 101.3 96.9 94.6 95.7 100.8
209.7 207.2 204.5 201.9 199.3 196.6 193.5 190.8 188.1 184.6 180.8 177.4 173.8 170 165.8 167.1 169.9 170.9 169 167.1 165.2 162.4 159.4 156.5 154.2 151.9 149.4 146.6 139.5 131.1 139.3 149.9 157.9 163.7 169.4 174.6 178.3 182.2 186.6 191.5 197 202.9 210.6 218.9 219 217.3 215.9 213.6 210.4 207.3 204.2 201.1 197.4 193.6 189.1 183.3 169.2 156.7 150.5 147.1 145.3 142.2 139.6 137.4 135.7 132.6 127.8 123.3 119.4 114.6 111.8 110.4 108.4 106.3 103.1 98.6 95 93.2 97.4
207.6 205 202.4 199.9 197.5 195.1 192.4 189.7 187 184.8 181 177.6 174.1 170.1 164.8 162.7 166.3 167.8 167.2 166 163 160.3 157.4 154.7 152.4 149.7 146.8 143.9 137.3 130.7 140 149.5 156.1 162.9 168.6 173.8 178.3 181.9 186.1 191 196.5 202.4 210.3 218.6 218.5 217.4 216.2 213.3 209.8 206.7 203.6 200.3 196.8 193.1 188 181.6 170.1 154 145.9 141.7 138.1 134.6 133.1 132.6 131.9 129 125.7 122.3 118.3 114.7 111.7 111.6 110 107.4 103.8 99.3 95.3 93.1 94
205.7 203.1 201.6 199.7 195.5 192.9 190.2 187.5 185.5 183.6 181.1 178 174.2 169.4 164.8 156.8 159.9 163.8 164.5 162.8 160.9 158.5 155.3 152.3 149.9 146.8 143.7 140.8 134.5 128.7 138.2 146.6 154.5 161.5 167.8 172.9 177.4 181.5 185.6 190.5 196.1 202.5 211.4 218.5 218.8 217.7 216.5 213 209.4 206.2 203.1 199.6 196.1 192.5 187.9 181.5 171 154.9 149.6 141.4 134.7 130.5 128.2 127.6 127.4 125.7 122.7 120.3 116.8 113.2 110.7 110.5 109.2 106.1 103 98.9 95.8 93.1 92
203.9 201.2 200.6 196.7 192.8 189.9 187.6 186.2 184.2 182.3 179.9 177.2 174 170 165.8 155.9 153.6 159.1 161.1 159.7 157.9 154.7 151.1 148.5 146.1 143.6 139.8 135.9 130.8 127.9 139.3 147.6 156.1 161 166.9 172.5 176.8 181.1 185.3 190.2 196.1 203.3 212.5 218.6 218.8 218 216.3 212.7 209 205.6 202.5 198.9 195.4 191.8 187.9 182 172.1 156.3 148.5 143.8 137.4 129.4 126.8 124.1 122.3 121.3 120.6 119.2 115.4 112 109.1 106.9 105.4 101.9 99.3 96.5 95.7 93.6 91
202.1 199.2 196.6 193.8 190.2 186.6 184.9 183.7 182.3 180.6 178.7 176 173.1 169.3 165.1 155.7 149.6 149.7 156.4 155.3 152.2 149.3 146.5 144.5 142.4 139.3 134.6 129.2 126.9 136 143.5 151 158.6 163.6 167.6 172.5 177.2 181.8 186.3 191.1 196.6 203.5 213.3 218.7 218.8 218.3 216 212.4 208.7 205.1 201.8 198.2 194.8 191.4 187.5 182.8 174.7 161.8 150 143.7 138.3 132 127.1 123.8 120.8 118.7 117.6 116.2 112.1 108.3 105.3 102.8 100.6 99 98.4 97.8 98 97 92.2
200.3 197.3 194.3 191.3 188.5 184.6 182.4 180.9 179.7 178.6 176.8 174.7 171.9 168.5 161.8 154.7 148.4 142.7 146.5 148.7 145.7 142.5 140.3 138.3 136.1 133.8 128.8 125 137.2 142.6 147.9 155.1 159.1 163.1 167.9 173.3 178 182.6 187.2 192 197 203.8 213.6 218.6 218.7 218.4 215.7 212 208.4 204.8 201.3 197.9 194.5 190.9 186.9 182.4 175.6 166.8 157.6 147.6 141 135.3 129.5 125.2 121.7 117.5 114.3 112.2 108.5 106.6 104.7 103.6 102.5 101.8 101.3 101.5 102.1 100.2 95.3
