data/320000-540000.asc
ncols 200
nrows 200
xllcorner 320000
yllcorner 540000
cellsize 50
[rows 0 to 36 of 200, columns 0 to 82 of 200]
12.8 12.9 13.4 13.8 13.4 13.8 14 14.2 14.5 14.9 15.2 15.4 15.6 15.8 16 16 15.5 14.9 15.6 15.8 15.6 15.4 15.2 14.7 14 15.2 16 15.7 15.7 16.5 17.3 16.6 16.2 13.8 14 12.9 12 14 15.4 16.1 16.6 17.6 18.4 19.1 20.4 21 22.3 23.1 23.5 23.3 23.7 23.4 22 19.7 16.8 14.4 13.6 14.4 14.8 15 15.9 16.6 16.6 16.9 17.2 16.9 16.9 16.1 15.4 14.3 13.2 13 13 13.3 13 13.1 13.5 13.6 14 14.3 14.9 15.4 16
13.3 13.7 13.8 13.9 13.3 14.1 14 14.3 14.6 15.1 15.6 16 16.2 16.4 16.4 16.4 15.8 15.4 15.8 16.5 16.3 16.1 15.8 15.5 14.8 14.9 16 16.3 16.2 16.6 17.4 17.1 15.9 13.7 14.1 13 12.9 16.5 17.9 19.2 20.3 21.1 21.6 22.1 23.7 24.7 25.1 25.5 25.8 26 25.8 25.1 23.4 20.8 18.3 15.8 14.9 14.3 14.1 14.4 14.7 15.9 15.9 15.9 15.5 15 14.7 15.1 14.4 13.6 13.4 12.8 12.8 12.9 13.8 14.3 14.2 14.4 14.2 14.1 14.6 15 15.7
13.3 14.3 14.6 14.7 14.3 14.7 14.5 14.4 15.2 15.7 16.1 16.5 16.8 16.8 16.9 16.6 16.3 16 16.3 16.8 17 16.7 16.5 16.3 15.5 15.5 16.6 16.6 17 17.3 17.5 17.5 16.4 14.2 14.2 12.4 12.9 16.9 19.7 21 22.6 23.7 24.5 25.2 25.5 25.6 26.1 26.6 26.4 26.2 26.2 25.5 24.4 22.5 20.8 17.9 17.3 16.7 16.9 16.4 15.9 16.4 15.6 15.5 16.4 15.9 15.7 15.4 14.9 13.9 14.5 14.4 14 15.2 16.3 16.2 16.2 16.2 16.1 15.8 15.3 14.9 16.3
12.2 12.9 14.2 14.4 15 15.2 15 15.4 15.9 16.5 16.9 17.3 17.1 17 17.1 17.1 16.8 16.5 16.8 17.2 17.6 17.4 17.2 17 16.6 16.2 16.9 16.6 16.9 17.3 17.5 17.9 18.1 16.2 14.6 14.1 15 13.9 17.6 21.6 23.2 23.8 24.6 25.6 25.8 26 26.1 26.5 26.4 26.3 26.4 26 26.3 25.5 25.3 24.4 24.2 23.7 23.3 22.9 22.4 21.4 21.5 21.4 21.4 20.8 20.5 17.2 15.5 14.8 16.2 16.4 16 15.6 16 16.2 16.2 16.3 16.1 16.1 16.2 15.7 16
10.6 11.7 12.6 13.2 14.2 15.7 16.3 16.8 16.6 17.2 17.7 17.7 17.3 17.2 17.2 17.2 17.2 17 17.4 17.7 18.1 18.1 17.9 17.7 17.9 17.5 17 16.7 16.8 16.8 16.9 17.6 18 17.3 15.7 15.1 12.8 14 12.6 17.9 21.1 22.9 23.8 24.6 24.8 25.2 25.8 25.6 26.1 27.2 28.2 28.8 29.9 30 30.3 30.4 30.9 30.8 30.8 30 29.3 28.2 27.7 26.8 25 25 21.7 16.3 16.1 17.7 19.1 19.5 19.6 18.9 17.5 17.2 16.3 16.4 16.1 16.4 16.8 16.6 17.2
11.9 12.5 13.7 14.7 15.7 17.1 17.7 18.2 17.8 18.1 18.1 18 17.6 17.4 17.4 17.4 18 18.7 18.6 19.1 19.7 21.1 21.4 21.7 22 21.8 20.7 18.8 17.4 17.1 16.9 16.4 16.9 17.4 17.5 15.5 13.3 13.1 13.1 13.1 16.6 19.9 22.3 22.9 24.6 25.4 26.2 26.8 29 30.4 31.3 31.7 32.8 33.8 33.9 34.1 33.8 33.3 32.8 32.3 31.1 28.5 25.3 23.8 21.7 19.4 16.7 18 19.6 22.3 23.9 24.8 24.9 24.4 22.8 21.8 20.4 19.1 18.8 19.3 19.1 19.2 19.3
14.4 15.3 16.3 17.4 18.8 19.7 20.6 20.7 20.5 19 18.6 18 17.8 17.6 18.3 18.9 20 20.8 22.1 23.5 25.4 26.2 26.8 27.1 26.8 26 24.6 22.3 20.7 18.5 17.8 17 15.9 14.9 14.8 15 13.9 14.1 14.7 15.3 12.9 17.1 19.9 21.7 23.9 26.5 28.1 29 31 32.1 32.6 31.8 32.6 33.1 33.3 32.6 31.8 31.1 30.8 29.9 27.6 23.1 20.8 19 18.2 17.9 20.7 23.5 26.8 29 29.9 30.1 29.9 29.3 28.9 28.2 27.4 27 26.5 26.2 25.8 24.8 24
18 18.7 19.5 21 22.2 23 23.7 23.8 23.4 22.1 20.4 18.7 19.3 20.6 22 23.2 24.7 26.1 27.4 28.2 28.9 29.6 29.7 29.2 28.9 28.9 27.7 26.1 24.8 22.7 22.4 21.1 18.8 15.7 14.9 14.6 14.5 14.8 15.1 16 15.6 13.1 17.2 21.1 23.9 26.3 27.3 28.6 29.4 29.8 29.8 29.2 29.5 29.6 30 29.7 28.9 27.6 26.7 26.2 22.7 19.2 18.5 19.8 22.6 25 28 30 31.5 32.3 32.2 32.9 33.2 33 32.6 32.3 31.7 30.9 30.4 29.7 28.6 28.4 27
21.4 22.3 23.1 24.4 25.5 25.8 25.7 25.4 24.6 23.5 19.8 20.9 23 24.3 25.5 26.7 27.4 28.3 29.2 30 30.6 31.3 31.4 31 31.3 31.2 31.1 29.8 26.5 27 25.5 24 21.6 19.2 18.1 14.8 14.7 15 15.8 16.6 15.7 14.1 15.2 20.5 23.6 24.5 25.1 25.5 26.3 26.2 26 25.8 26 26.1 26.6 26.7 25.7 25 24.2 23.4 18.1 16.8 20.3 24.6 26.4 29.5 32.4 32.7 33.1 33.3 32.9 32.8 32.8 32.6 31.9 31.3 31.4 30.8 30.2 29.7 29.3 29.3 28.3
24.3 25.8 26.9 27.3 28.1 27.3 26.5 25.4 24.5 22 19.2 22.8 23.9 25.1 26 26.9 28 29.1 30.1 31.4 32.1 32.8 33 33.4 33.6 33.4 32.7 31.9 27.2 28.7 26.6 25 23.4 21.3 19.3 15.6 15 15.3 17 16.8 15.8 15.9 13.9 18.7 22.1 23.2 23.2 23.6 23.7 23 22.7 22.4 22.6 23 23.4 23.8 23.9 23.6 22.3 20.1 17.1 18.5 23.4 27.4 28.3 29.8 30.4 30.8 31.2 31.7 31.6 31.3 32 32.4 31.9 31.4 31.1 31 30.9 30.8 30.5 30.3 29.9
27.4 28.6 29.1 29.4 28.4 27.1 25.7 24 22.1 20.4 19.5 22.2 23.7 25 26.4 27.6 28.8 29.9 31.4 32.8 33.3 33.8 34.1 34.3 34.4 34.2 33.4 32.6 30.3 28.7 26.9 25 23 20.9 19.1 16.6 15.4 16.1 17.8 17.9 15.4 14 13.2 17.5 20.4 21.7 22.4 22.4 22.3 21.3 20.3 20.2 20.6 21 21.8 22.3 22.4 21.7 19.9 17.8 17.7 20.3 24.1 26.6 27.9 28.5 29.4 30 30.9 31.4 31.7 32.3 33.2 32.8 32.2 32.5 32.5 32 31.8 31.7 31.3 30.9 30.9
29.3 29.9 29.7 29.4 28.2 26.4 24 21.9 19.9 19 19.3 21.1 23 24.5 26.8 28.5 29.5 30.7 32.2 32.6 33 33.5 33.5 33.6 33.7 33.6 33 32 31.2 29.5 27.3 25.1 23.6 21.4 19.7 18.1 17.7 19.4 20.4 20.9 15.7 14.6 13.8 15.6 18.4 20 20.7 20.4 19.9 19.5 18.6 18.1 18.4 19 20.2 20.4 20.5 19.6 17.5 18.1 19.3 22.1 25.1 27.5 28.7 29.6 29.8 29.5 31.7 32.4 32.6 32.3 33.2 32.4 32.1 31.6 31.5 30.9 30.5 30.5 30.6 30 30
29.9 30.3 29.9 28.7 26.9 24.6 22.2 20.1 19.1 19 19.1 20.4 22.5 24.9 27.2 28.6 30.2 30.9 31.6 32.1 32.6 32.7 32.8 32.9 33.1 33.1 32.8 32.5 31.9 31.1 29.9 28.9 27.4 26.1 25.1 23.4 22.8 23 23.1 21.9 16.3 16.1 15.2 13.9 16.2 18.2 18.6 19.1 19.6 19.6 17.6 17.1 17.8 18.2 19.2 19.8 19.7 18 17.2 18.3 20.2 22.8 25.2 26.9 27.8 28.3 27.8 28.5 28.1 29.7 30.2 30.1 30.1 30.1 29.9 29.2 28.9 29.2 29.5 29.7 30 30.7 31.2
30.2 29.4 27.7 26.7 24.8 22.8 20.4 19.5 19.1 18.8 19.7 21.4 23.5 25.5 27 28.3 29.1 29.5 30.3 30.8 31.7 32.1 32.1 32.5 32.5 33.6 33.7 34.3 34.3 34.2 34.1 33.7 32.4 31.4 30.7 28.8 27 25.7 24.7 22.4 16.9 15.8 14.5 15.3 14.3 17.1 18.7 19.2 19.4 19.5 18.6 17.4 18.2 19.2 19.4 18.5 17.8 16.9 17.3 17.8 18.7 19.9 20.8 21.5 22.6 21.7 21.6 22.4 22.1 23 23.9 25.2 26.4 26.4 27.4 28.7 29 29.8 30.5 31.5 32.5 33.5 34.2
29.1 27.5 25.8 24.1 22.6 20.9 19.8 19.3 19.2 19.8 21 22.4 24.4 25.3 26.2 26.7 27.1 28 28.8 29.7 30.7 31.6 32.4 33.3 34 35.4 36 36.7 37.5 37.4 37.4 37.2 37.1 36.4 35.2 33.3 31.7 30 28 25 20.4 15.6 15.8 16 15.7 15.8 18.5 17.2 18.8 19.3 18.8 17.4 17.4 16.9 17.1 16.5 16.6 16.6 16.9 17.8 18.1 18.5 19 20.7 23.8 24.4 26.2 27.4 26.9 25.8 21.9 22.8 22.3 25.9 26.7 28.1 28.9 29.3 29.6 30.7 31.8 32.8 33.9
27.6 25.3 23 20.8 20 19.7 19.5 19.5 20.1 21.1 22 22.9 23.6 24.3 24.9 25.5 26.3 27.4 28.9 30.4 31.1 32.4 33.6 34.8 36 37.5 39 40.1 40.5 40.5 40.4 40.4 39.9 39.5 38.4 36.7 35 33.3 31.5 29.3 25.3 18.2 15.9 16.2 13.6 16.3 17.7 17.4 16.9 17.4 16.8 16.2 15.8 16.3 16.5 16.4 17.5 20.2 21.7 24.3 26 27.2 28.4 29.3 29.6 30.3 30 28.8 27.1 24.6 23.7 23.2 21.9 23.5 26.3 27.4 27.7 28.3 28.6 29.9 31 33 34.6
25 22.9 20.3 19.4 19.6 20 20 19.9 20.1 20.9 21.7 22.2 23 23.6 24.5 25.6 26.8 28.1 29.8 31.8 33.2 34.3 35.5 36.8 38 39.5 41 41.5 42.4 42.4 42.4 41.9 41.3 40.7 39.5 38.1 36.7 35.1 34.2 32 29 24.1 17.2 15.6 14 16 15.6 15.8 15.9 15.6 15.4 15.6 16 17.3 19.6 21.5 24.1 25.9 27.3 28.1 28.8 29.2 29.7 29.4 28.7 28.1 26.8 25 24 24.6 25 25.9 22.7 22.2 25.2 26.2 26.5 27.1 27.7 29 29.8 31.1 32.5
23.2 22.2 21.6 21.8 22.6 22.1 21.1 20.4 20.6 21.1 21.7 22.4 23.8 25 26 27.1 28.4 29.8 31.1 33.4 34.4 36.1 37.3 38.5 39.7 40.6 41.2 41.8 42.3 42.8 42.8 42.5 42 41.3 40.2 38.8 37.5 36.1 34.6 33.3 30.1 24.8 19.7 16.8 16 14 14.9 15.8 16.4 16 16.3 17.8 19.8 22 23.9 25.1 26.2 27.2 27.7 28.1 28.4 27.8 27.7 27.8 26.7 25.8 25.3 25.9 26 27.1 27.2 26.8 23.5 22 24.1 26.1 26.2 28.2 28.7 29.8 30.9 31.6 32.6
25.1 24.8 24.7 24.6 24.2 22.9 21.5 21.4 21.2 21.5 22.8 23.8 25.1 26.2 27.4 28.7 30 31.4 32.6 33.7 34.8 35.6 36.7 37.9 39.1 40.3 40.9 41.7 42.2 43 43.2 42.8 42.3 41.5 40 38.5 37.1 35.4 34.2 32 28.5 24 18.9 13.7 17.1 13.7 17.7 17.4 18.2 19.5 19.9 20.8 22.3 23.6 24.9 26 26.9 27.3 27.7 28.1 27.5 27 26.7 27.2 26.5 26.6 26.1 26 25.8 26 26.1 25.6 23.3 22.8 26.2 27.8 28.9 29.4 29.9 30.2 30.4 30.8 31.2
25.1 25.2 24.5 23.9 23.4 22.4 22.2 22.4 22.4 23.6 24.5 25.5 26.4 27.1 27.8 29.1 30.1 31.1 32 33.2 34.3 35.3 36.2 37.4 38.5 39.5 40.7 41.4 42.1 42.6 42.8 42.5 41.8 40.6 39.4 38.1 36.5 34.5 32.6 30 25.6 21.1 14.4 15.7 14.8 16.5 17.3 18.1 20 21.4 22 23 23.6 24.5 25.8 26.9 26.9 27.6 27.8 27.7 27.4 26.4 25.8 25.3 25 24.9 25 24.9 25.1 25.2 25.1 22.8 21.9 23.3 24.9 26.3 26.7 27.4 27.9 28.4 29.1 29.6 30.1
25 24.2 23.6 23.4 23.4 23.3 23.2 23.4 23.6 24.3 25 25.8 26.4 26.9 27.6 28.5 29.3 30 31.1 32.5 33.6 34.7 35.8 36.8 37.9 38.9 39.8 40.8 41.3 41.4 41.7 41.7 41 39.7 38.4 37.1 35 33 30.9 27.5 23 18.4 16 16.8 16.3 16.9 18.6 20.2 21.1 23 24 25.1 25.4 26 26.6 25.8 25.8 25.3 25 24.6 23.8 23.8 24.2 23.7 24 24.6 23.9 23.9 24.1 23.8 23 22.2 22.9 23.3 24.3 24.4 24.9 25.7 26.7 27.5 28.3 29.2 30.2
25 24.8 24.7 24.6 24.5 24.5 24.8 24.6 24 24.1 24.9 25.4 25.9 26.4 26.9 27.7 28.4 29.2 30 31.1 32.5 33.8 34.9 35.9 36.4 37.8 39 40.1 40.3 40.5 40.6 40.6 39.9 38.7 37.4 35.6 33.4 30.5 27.6 24.5 19.1 14.9 15.3 16 16.4 18.5 19.9 21.7 21.9 22.5 23.2 23.4 23.2 23.1 22.9 22.8 22 22.1 22.3 22.6 23.4 23.9 24.1 25.2 25.7 25.3 25.4 25.3 24.8 24.4 22.1 21.5 24.2 25 24.9 24.5 25.2 26.4 27.3 27.9 28.7 29.7 30.9
25.8 25.9 25.9 25.8 25.7 24.9 25.2 25.1 24.8 24.6 24.5 25 25.5 25.9 26.4 27 27.8 28.6 29.4 30.2 31 32.3 33.6 34.5 35.6 36.8 38.2 39.5 39.7 40 40.2 40 38.8 37.5 35.7 33.4 30.8 27.3 23.8 19.7 15.2 15.9 16.5 16.7 16.6 18.2 18.9 18.9 19.1 19.5 20.3 20.2 20.5 20.5 21.4 22.3 23 23.7 24.7 25.4 26.4 26.9 27.1 28 28 28.5 28.1 27.1 26.6 25.3 23 22.1 24.4 25.6 25.6 25.5 26.1 26.8 27.4 28.3 29.2 30.2 30.8
26.2 26.4 26.3 26.2 26.2 25.3 24.9 24.9 24.7 24.6 24.4 24.6 25 25.4 25.9 26.4 27.1 27.9 28.8 29.4 30.7 32.2 33.5 34.6 35.9 37 38.2 39.3 39.7 40 39.6 38.6 36.6 34.8 33.1 30 26.6 22.9 19.3 16 16.3 16.9 17.1 17 16.8 16.7 17 17.3 18 19.1 19.7 20.7 21.7 22.4 23.2 24 25.2 26.4 27.3 28.1 28.3 28.6 28.5 28.3 27.6 26.4 25.6 25.7 23.5 23.2 22.3 21.6 24.4 25.8 25.9 25.9 25.8 26.5 26.8 27.9 28.5 29.1 29.8
26.7 26.8 26.7 26.6 26.2 25.6 25.3 24.8 25.1 25.2 24.6 24.7 24.9 25.2 25.7 26.2 27.4 28.4 29.3 30.4 31.9 33.3 34.7 35.5 36.5 37.3 38.3 38.8 38.7 38.2 37 35.6 33.4 30.7 28.7 26 22.6 18.6 16.4 17.4 17.3 17.3 17.1 16.9 16.7 16.6 17.1 17.6 18.6 19.5 20.5 21.5 22.6 23.5 24.5 25.3 25.6 26.3 25.6 26.3 26.7 26 25.5 24.9 23.6 23 22.9 23.6 23.4 23.4 23.2 21.6 22.6 25.4 25.7 26 25.7 26.1 26.4 26.6 26.9 27.8 30.2
27.3 27.5 27.6 28.3 27.4 26.4 26.4 26.1 26.1 25.4 24.7 24.8 24.8 25.2 26.3 27.4 28.8 29.8 30.8 31.3 32.7 34.2 35.1 36 36.8 37.3 37 36.9 36.4 35.1 33.9 32.4 30.2 27.5 24.5 19.6 18.3 15.9 18 17.7 17.5 17.4 17.2 17 16.8 16.6 17.1 17.8 18.5 19.5 20.1 21 22 22.4 22.6 22.9 23.1 23.2 23.3 23.8 24.6 24.8 24.8 24.8 25.5 25.1 25 25.1 25.4 25 24.6 23 21.6 23.9 25.6 26.2 25.9 26.7 27.6 27.6 28.2 28.8 30
29 29.6 30.3 30.5 30.5 30.2 29.5 28.4 26.3 25.3 25 25.6 26.2 26.9 27.9 29 30.2 31.2 32.2 32.8 33.6 34.5 35.2 35.4 35.5 35.1 34.8 33.9 33.2 31.8 30 28.2 26.1 23.6 20.7 16.1 17.5 18.2 18 17.8 17.5 17.4 17.2 17.1 16.9 16.8 16.9 17.3 17.9 18.4 19.2 19.8 20.6 21.5 22.1 22.8 23.8 24.8 25.5 26.1 27.2 27.7 27.7 27.7 27.9 27.6 27.7 27.6 27.2 26.9 26 24.8 23.1 22 23.9 25.4 26.6 27.2 28.1 28.6 28.8 29.2 29.3
32.6 33.4 33.3 33.3 32.8 32.2 31.1 28.9 26.6 26.2 26.8 27.5 28 28.8 29.3 30.4 31.3 32.2 32.8 32.9 33.2 33.3 33.3 33.5 33.1 32.5 31.6 30.3 29.5 28 26 24 22.7 20.5 17.2 18.7 18.1 17.8 18 17.8 17.6 17.4 17.3 17.1 16.9 17 17.4 18.4 18.8 19.2 20.4 21.6 22.8 23.9 24.6 25.2 26.6 27.4 27.9 28.5 28.5 28.5 27.5 28.2 28 27.6 27.2 26.8 26.5 26.7 26.3 25.2 24.5 22.7 22.2 23.1 24.7 25.5 26.4 26.8 27.3 27.4 27.6
35.6 35.1 34.7 34.1 33.2 32.1 30.5 28.9 28 28.5 28.9 29.4 29.9 30.5 30.8 31.3 31.6 31.4 31.7 31.8 31.6 31.6 31.5 31.3 30.5 29.5 28.7 27.4 25.9 24.4 22.9 21 20 18.3 17.3 17 18 18.2 18 17.8 17.7 17.6 17.4 17.2 17.2 17.6 17.9 18.9 20 21.1 22.4 23.4 24.7 25.8 26.1 27.3 27.8 27.8 27.7 27.7 27.6 27.5 27.2 27.2 26.9 26.6 26.3 25.9 26 26.2 26.4 25.6 25.2 24.3 23.2 22.9 22.5 22.7 23 23.6 23.9 23.8 23.7
36.1 35.6 34.8 33.9 32.7 31.4 30.4 29.8 29.7 30.5 30.5 30.5 30.5 30.9 31.1 30.8 30.6 30.3 30.1 29.9 29.5 29.1 29.1 28.4 27.4 26.6 25.7 24.8 23.8 22.4 20.8 19.5 18.4 17.9 16.6 17.2 18.3 18.1 18.1 18 17.9 17.8 17.7 17.5 18.1 18.7 18.8 19.1 19.8 21.2 22.6 23.9 24.8 25.7 26.1 26.4 26.7 26.8 26.8 27.4 27.4 27.4 27.9 28.3 28.2 28.3 27.9 27.3 27.7 26.9 26.2 26.3 26.3 26.2 26.6 26.2 26.6 27.5 27.8 28.3 28.6 28.6 28.3
35.8 35.4 34.7 33.5 32.4 31.9 31.4 31.1 30.6 30.9 30.7 30.5 30.5 29.8 29.2 29 28.7 28.4 28.1 27.8 27.3 27.1 27.2 27.1 26.7 26.1 24.8 23.5 22.2 21 20.1 19.1 18.6 17.5 19 18.5 18.2 18.2 18.2 18.2 18.1 18 17.9 17.9 18.8 19.7 20.1 20.4 20.6 21.4 21.9 22.9 24 25.1 26.1 26.7 27.4 28 27.8 28.1 28.2 28.6 29.1 30.1 28.7 29.2 29.8 30.3 30.5 30.4 31.1 31.5 31.7 32.2 31.9 32 31.9 32.8 33.1 33.2 33.5 32.6 32.5
35.2 35 34.9 34 32.8 32.2 32.1 31.8 31.3 30.6 30.1 29.6 28.7 28 27.5 27.1 26.7 26.8 26.9 26.9 27.2 27.3 27.4 27 26.6 26.1 25.1 24.3 23.5 22.3 20.9 19 18.8 19.4 18.8 18.6 18.3 18.3 18.3 18.3 18.2 18.1 18.1 18.5 19.3 20.7 20.7 21.5 21.6 22 22.6 24.1 25.9 26.2 26.8 27.6 28.4 29.1 29.4 29.5 30.4 31.1 31.9 32.1 32.6 33.2 33.3 33.1 33.2 33 32.8 33.4 33.9 33.5 33.6 33.9 34.1 34.1 34.5 34.9 34.6 34.2 34.1
35.6 35.3 34.9 34.2 33.3 32.2 31.9 30.9 29.9 29.1 28.5 28 27.4 26.8 26.8 26.9 27.3 27.2 27.2 27.3 27.6 27.7 27.8 27.7 27.5 27.1 26.5 25.8 24.8 23.1 21.7 19.3 20.2 19.7 19.1 18.8 18.5 18.4 18.4 18.4 18.4 18.3 18.5 19 20.4 22.1 23.1 24.4 24.7 26.1 25.7 25.7 27 27.1 27.9 29 29.5 30.5 31.9 32.7 33.3 34 34.1 33.7 33.9 33.9 33.8 33.7 33.7 33 32.9 33.4 33.9 34.2 34.4 34.8 35.2 35.1 35.2 34.8 35 35 34.8
35 34.9 34.3 33.1 32.3 30.9 29.7 28.9 28 27.3 27.1 27 27.1 27.3 27.5 27.6 28 27.9 28 28.4 28.6 28.6 28.6 28.6 28.1 27.4 26 24.1 22.8 20.8 18.3 18.9 20 20.1 19.5 19.1 18.7 18.5 18.5 18.5 18.9 20.1 21.5 22.9 24.5 25.2 26.4 27.3 27.3 27 26.7 25.5 26.9 26.8 28.9 29.3 30.4 30.8 31.4 31.8 32 32.5 32.2 31.9 32.5 32.8 32.7 32.9 33.3 33.2 33.1 33.4 33.8 33.8 33.9 34.1 34.2 34.3 33.6 32.9 32.7 32.6 32.8
34.4 34.2 33.4 30.8 28.7 28.5 28 27.8 27.7 27.5 27.7 27.9 28 28.2 28.4 28.5 28.7 28.7 28.9 29.3 29.7 29.5 28.4 27.3 25.9 23.8 21.7 20.3 19.4 19.6 17.7 18.8 19.7 20.3 19.9 19.5 19.1 18.7 19.5 20.4 21.2 22.2 23.4 23.5 24.4 25.2 26.7 25.7 26.4 27.1 27.5 27.4 26.3 26.4 27.1 27.9 27.5 28.1 28.6 28.8 29.2 29.9 30.1 30.4 30.9 31.4 31.4 31.5 31.6 31.7 31.9 31.6 31.4 31.3 31 30.7 30.8 31.5 31.5 30.8 30.4 30.3 30.4
34 32.1 31.4 29 28 28.4 28.8 28.7 28.5 28.4 28.4 28.6 28.9 29.1 29.2 29.1 28.9 29.2 29.6 28.7 27.8 26.2 24.6 22 20.4 19.3 18.9 18.7 18 18.2 19.8 20 20 20.3 20.2 19.8 19.4 19.7 20.2 21.7 21.6 21.8 22.5 22.8 24.3 25.3 27.8 29.1 29.7 30.3 30.5 30.4 29.6 29.3 28.8 28.8 28.6 28.5 28.8 28.2 27.9 28.3 28.8 28.4 29.1 29.2 29.2 29.4 29.4 29.6 29.3 29.2 29.2 29.3 29.5 29.4 29.8 29.8 29.7 30 30.2 30.2 31
31.5 29.2 28.8 28.2 28.7 29.1 29.5 29.5 29.4 29.3 29.3 29.2 29.4 29.6 29.4 29 27.9 26.3 25.8 24.7 23.8 21.9 21.4 20.5 20.1 19.5 18.4 17.6 17.6 19.4 19.7 19.9 20.3 20.2 20.2 19.9 19.6 19.6 20.8 22.1 22.9 23.7 25.2 26.5 28.4 29.6 30.2 32.2 32.7 33.3 33.9 34.1 35.1 35.5 35.2 36.5 36.7 36.7 36.8 36 35.3 34.4 32.1 30.2 29.2 28.2 28.3 28.5 28.6 28.5 29.3 29.5 29.9 30.1 30.1 30 30.2 30.2 30.5 30.7 30.8 30.8 31
