data/320000-600000.asc
ncols 200
nrows 200
xllcorner 320000
yllcorner 600000
cellsize 50
[rows 70 to 104 of 200, columns 0 to 77 of 200]
451.9 452.2 451.7 445.7 456.9 464.1 481.6 496.5 507.2 513.7 516.1 514 506.2 494.3 476.7 457.1 439.9 427.2 414.8 406.6 392.7 406.4 419.1 429.5 438.4 445.6 450.7 455.2 456.5 451.8 441.2 425.9 414.7 406.1 398 392.2 387.5 382.2 378 372.7 370.6 364.2 361.6 355.5 343.8 335 327.1 317.3 311.9 305.2 296.1 283.8 273.2 275.2 282.2 288.2 296.2 302.3 307.1 312.9 320.2 324.7 331.1 337.3 348.7 357.8 360.3 361.5 361.3 355.3 350.2 347.4 350.8 354 359.8 361.9 357.1 344.2
442.9 443.9 444.6 444.2 452.7 460.1 477.4 493.7 503.4 509.9 512.1 510.9 505.2 495.6 478.3 458 439.9 427.2 414.7 405.9 391.7 400.1 413.2 425.4 434.8 443.1 450 454.4 458.9 456.4 447.6 433.8 421.4 411.4 403.6 396.5 391.1 384.4 379 374.9 371.4 367.3 361.8 356.5 349.7 341.6 332.7 322.4 312.5 304.5 296.2 282 274 271.3 273.4 282.1 286.8 289.3 292.5 303.5 310.6 315.8 323.2 331.6 337.3 348.9 352.8 352.1 351 346 344.4 341.9 346.1 348.9 352.4 355 346.5 331.7
433.1 434.4 426.9 442.5 447.2 456.6 474.6 489.8 499.5 505 507.1 506.6 500.8 492.8 474.9 458.1 440.8 426.6 413.9 404.5 391.1 395.3 408.6 420.9 430.3 439.4 447.9 453.8 459.1 459.2 452.8 440.4 427.9 418.1 408.1 400.7 394 387.7 382 377.4 372.8 368.3 363.2 358.6 352.4 345.6 337 328 318.2 307.6 298.7 288 278.9 271.9 268.4 272.8 276.9 277.4 287.8 293.4 300 304.8 312 321.9 327.8 334.3 341 342 341.8 340.7 339 337.4 341.1 343.9 346.7 346 336.2 324.1
420.5 419.1 431.9 438.5 443.5 454.2 470.7 484.8 493.2 499 500.7 498.9 492.6 483.2 469.7 454.7 436.8 425.3 412.9 403 388.3 391.5 403.5 416.2 427.2 436.1 444.9 452.3 457 460.9 455.3 446.4 434.9 426.1 412.4 402.8 396.2 390.7 384.6 379.3 374.9 369.5 364.7 360 355.1 348.7 341.5 333 323.2 313.5 304.3 293.9 286.4 278.6 271.2 267.5 267.8 272.6 279.2 282.9 287.9 294.1 302.1 311.2 317.8 324.9 328.7 333 333.8 335 333.4 332.3 335.5 337.6 338.8 338.3 330.5 315.1
409.7 418 427 434.3 440.1 451.8 465.9 479.9 487 489.4 490.6 489.4 480.5 473.3 462.1 446.3 433 423.7 411.4 400.9 388.4 387.5 399.8 411.6 422.7 432.5 442 449.7 453.8 458.6 455.8 448.8 438.7 427.6 414.8 405.2 398.7 393.1 388 382.2 378.6 372.6 366.8 362.4 357.4 352.8 346.6 338.8 330.5 319.9 310.7 304.2 295.2 287.2 277.8 269.9 263 267.7 272.6 277.4 280 284.2 289.4 297.7 305.7 314.1 319.9 323.3 325.4 328.6 328 327.7 331.9 334.3 334 330.7 321.1 308.4
404.4 414.5 422.6 430.3 437.6 449.6 462.1 472.9 478.2 479.8 481.4 479.8 471.4 462.3 450.9 438.5 428 419.9 409.6 398 386.7 381.4 395.5 407.3 418.4 428.1 437.8 446 450.9 457.1 454.1 450 440 430 417.2 406.8 400.6 395.9 391.3 385 380.2 376.1 370.1 364.1 360.4 356.4 352.7 344.9 336.1 326.7 320.4 312.2 304.1 295 286.9 278.9 272.6 260.7 262.5 268.4 273.8 278.4 282.2 288.6 294.5 303.2 310.1 315.6 318.5 321.8 321.4 324.3 327.9 329.2 328.7 324.5 316.3 305.1
402.8 410.4 418.9 426.4 434.5 446.5 457.2 465.6 470.6 471.6 471.6 467.2 461 450.6 439.2 429.9 421.8 414.3 405.2 395.2 385.4 375.9 388.8 401.9 413.7 423.9 433.6 441.3 447.7 453.3 452.4 448.5 441.5 431 417.4 408.3 402.1 398.1 394.9 389.1 384 379.5 373.8 367.1 364.2 361.3 357.1 349.5 343.6 335.3 330 320.2 311 302.5 295.1 287.3 278.4 272.6 263 255.4 262.5 270.6 275.3 281 285.9 291.2 299.2 304.8 309.7 314.2 315.9 319.4 323.6 324.9 323.9 319 311.7 300.6
397.3 405 413.6 422.7 431 442.8 452.1 459.6 464.1 465.7 465.1 461.5 454 441.5 431.6 422.5 415.3 409 400.5 392.1 384.2 371.3 383.3 397.1 408.7 419.1 429.2 437.1 443.1 448.4 450.1 447.8 439.3 428.1 419.7 411.2 403.9 398.8 395.4 389.6 385.2 381.6 377 371.8 369.1 367.3 361.5 355.7 350.5 342.7 337.1 329.9 322.8 312 305 298.1 288.2 280.1 271.9 263.6 257.6 256.6 268 273.1 277.8 280 287 293 299.4 305.2 310.6 315.5 318.8 320 318.8 315.2 307.6 294.9
392 400.2 408.8 418.4 425.3 437.2 446 452.7 458.5 461 460 456.8 449.2 435.4 425.1 416.2 410.1 403.2 396.8 389.6 382.7 371.5 377.8 392 403.1 414.7 425.3 435.5 441.7 445.1 445.2 443.6 435.1 425.5 419.3 412.1 405.5 400.1 397.3 393.1 387.7 382.3 378.8 375.1 371.3 367.6 364.4 360.1 356.8 351.1 343.7 338 330.2 319.4 313.6 307.1 297.8 288.7 279.6 271.5 264.6 254.6 255.2 265 269.1 271.9 275.6 281.2 288.7 295.9 304.9 311 316.3 315.7 313.4 309.4 302.3 295
386.9 395.2 404.6 414.2 422.8 429.7 440.3 448.8 454 458 457.2 453.5 445 430.9 420.1 410.6 403.4 396.2 390.7 386.1 380.1 369.4 373.5 387.8 399.8 410.6 424.3 435.1 442.3 445.4 445.9 440 433.6 423.2 417.3 410.9 404.9 399.9 397.5 396 390.5 384.2 379.6 375.8 372 369.1 366.7 364.7 362.6 357.5 352.1 346.1 336.7 327.6 321.6 317.1 308.1 295.7 287 277.2 269.3 261.2 250.7 253.1 263.8 266.2 267.9 271 277 289.6 298.1 304.7 310 313.1 310.7 304.6 298.6 291.6
382.8 390.9 400.4 409.1 417.6 426.5 433.5 444.7 449.5 453.2 455.1 449.2 435.7 425.1 416.4 407.5 398.3 390.6 385.6 382.1 377.5 370.2 368.4 383.9 397.2 409.1 422.9 433.9 440.9 442.6 443.7 437.4 429.3 420.8 415 410.4 404.3 399.9 398.7 395.7 390.5 385.3 380.5 378 374.7 369.5 368.6 367.3 366.2 362.9 357.9 352 341.8 337 329.7 325.1 317.9 305.6 292 281.6 273.6 265.6 254.6 250.1 249.8 260.7 263.2 264.8 271.6 282 291.6 299.4 306.9 309.6 306.1 301.3 294.8 287.3
378.4 386.1 394.9 403.6 412.2 422.3 430.9 435.2 444.2 447.9 448.8 439.9 430.4 422.3 414.4 404.8 391.9 385.8 381.3 377.4 373.6 367.2 362.8 380.1 392.9 405.8 419.1 430.5 438.1 442.6 440 434.6 428.8 421.5 414.5 409.4 403.7 400.3 397.1 393.7 389.1 382.8 378.4 374.7 374.6 370.6 369.1 368.4 367.8 365.5 360.1 354 347.2 343.2 338.9 330.9 325.3 313.8 302.3 287.9 279.2 268.3 259.7 250.7 249.3 248.5 255.1 260.5 265.9 273.8 284.2 294.6 302.1 302.5 301 296.1 290.7 282.6
374.4 381.5 390 398 406.5 416.8 424.1 431.7 439.5 443.4 443.5 433.1 423.8 417.9 410.8 400.7 388.5 380.3 376.6 373.4 369.9 365.1 355.6 374.1 389.9 401.9 414.4 426.8 434.7 439.9 439.5 433.4 429 423 415.8 409.3 404 399.8 394.5 387.1 382.8 377.8 373.1 370.6 370.7 369 367.3 367.5 366.9 365.3 361.5 355.2 350.6 347 346 336.2 328.9 317.3 301.6 292.3 281 271 263.1 253.2 248.6 247.1 247.6 255.6 261 266.3 277 288.4 295.6 297.2 295.9 292.1 285.9 280.3
370 376.8 384.5 392.7 400.8 410.2 417.3 424.3 433.5 438.6 437.4 427.7 419.5 414.7 406.8 397 386.7 376.6 372.3 370.2 366.8 363.1 357.2 369.2 387.6 399 411.7 422.1 431.5 436.6 437.9 434.8 430.3 425.4 418.4 413.1 405.6 400 393.7 386.7 379.5 374.8 371.1 367.9 366 364.4 363.3 363.9 363.7 363.3 361.4 356.9 351.8 347.4 343.1 334.7 330.7 315.9 305 295.4 284.5 273.4 265.7 259.1 246.9 247.4 245.8 251 257.3 261.8 269.4 283.4 289.9 292 289.9 286.5 282.3 277.4
365.9 372.8 379.8 387.6 394.7 402.3 410.5 418.8 429.2 434 433.5 423.3 416.1 410.6 402.8 393 383 373.1 367.5 364.6 362.9 359.1 354.4 365.6 384.3 396.3 408.4 418.6 427.7 432.6 434.7 434.3 430.6 426.9 421.8 416.1 407 399.3 393.9 388.2 382.2 374.4 370.4 367 363.9 360.5 359.1 359.9 359.8 359.7 358.9 355.9 351 346.6 341.4 337.8 328.8 318.7 307.2 295.5 285.5 276.3 270.3 260.3 250.8 246.7 244 245 254.2 258.9 264.2 276.8 285.4 286.3 284.6 281.3 278 271.2
362.6 369 375.6 383.6 390 395.8 404 415.5 425.2 429.5 428 419.5 413 407.5 399.4 390.3 379.8 371.5 361.6 356.5 356.8 351.1 351.6 363.9 380.7 393.7 404.8 414.9 423.4 429.1 431.7 433.2 428.7 428.9 423.8 416.4 406.7 399 394.6 389.9 383.9 376.1 370.1 366.9 363.2 357.4 355.3 355 355.8 355.6 355 352.3 347.9 343.1 340.6 340.8 333.1 320 310 300.1 289.5 279.6 271.5 263.2 253.6 247.1 243.5 243.3 250.9 256.7 260.8 268.5 278.7 280.5 279.6 276.7 273.2 261.5
361.7 366.4 371.6 378.3 384.9 390.9 399.1 409.9 418.7 423.1 421.7 414.8 409.9 404.7 397.6 388.1 377.1 368.1 360.6 355 351.4 346.9 354.1 359.2 368 391.4 403 412.6 420.4 425.3 432.1 433.6 429.1 427.3 423.8 416.4 406.2 398.7 396 389.9 383.7 377.7 371.8 367 362.4 356.2 351.1 349.8 350.4 350.5 350.5 347.9 343.9 340.2 340.5 345.8 336.7 323.8 312 302.6 292.3 283.4 273 265.1 255.5 247.9 243.4 242 244.7 254.1 259.4 265.8 272.5 274.9 274.1 272.1 263.4 254.2
358.3 363.7 368.9 374 379.9 386.4 393.5 405 414.6 415.7 414.6 411.9 408.9 404.3 396.2 386.4 374.8 366.8 360.6 354.5 349.1 345.6 351 355.7 368.2 385.3 400.9 410.2 418.4 422.9 429.4 432.3 429.9 426.6 423 416 406.8 397.7 394.6 389.8 384.7 378.6 372.3 367.2 362.1 355.5 350.9 346.1 344.3 344.3 344.7 343.1 337.7 337.4 340.6 347.8 339.6 325.2 315.9 305.8 296.1 284.5 276 267.9 258.2 249.4 242.5 240.5 241.6 245.4 255.7 263.3 267.8 269.4 268.7 265 260.1 257.5
354.7 359 363.8 369 375.7 381.9 388.6 399.2 407.1 409.4 409.8 410.6 408.2 403.7 394.6 385.4 374.9 367.2 361 353.8 345.8 344.3 346.6 351.9 364.1 382 396.7 407.1 414.4 418.5 424.3 429.1 429.5 425.8 421.9 417 409.2 400.8 397.1 391.5 386.2 379.4 372.6 367.3 361.6 356.1 352.1 345.3 339.3 338.4 338.1 335.9 333.3 335.7 341 347 343.7 331.2 319 307.4 295.6 286.7 277.7 268.6 260.9 252.3 242.6 238.7 240.3 240.9 246.9 257.9 262.4 264.3 263.4 261.5 258.7 255.1
351.3 354.9 359.5 364.7 371.6 378.4 385.4 396.4 403.9 407.2 407.3 408.5 407.4 401.6 394.4 386.2 375.9 368.2 361.2 353.9 345 339.9 342.6 349.1 360.9 382.2 394.4 403.8 412.5 416.1 420.9 425.9 428.8 426 421.5 417.4 412.1 405.9 401.1 395 388.6 382.1 374.8 367.6 362.3 356.3 350.1 344.1 338.8 332.9 332.4 331.9 332.4 334.5 337.5 340.4 340.4 329.7 318.7 307.1 296 287.3 277.7 269.5 262.1 254.1 246 237.6 239.8 239.7 243.5 251.5 256.3 258.6 259.3 258.4 254.4 250
347.7 351.6 355.6 360.3 367.9 375.1 381.8 392.7 400.6 404.1 406.7 406.9 406.7 401.5 395 386.8 377.2 368 361.3 354.3 345.6 341.5 338.9 345.9 356.9 377.8 391 400.4 408.2 412.3 419 424.2 427.4 427.4 423.5 419.6 416.6 412.9 408.9 401.1 393.2 384.9 377.8 369.1 361.7 354.7 349.4 343.6 338.6 333.6 328.8 329.1 328 330.6 332.1 334 335.4 326.3 316.7 304.9 299.9 289 279.7 268.6 261.2 254.1 247.1 238.7 238.4 239.1 241.2 246.8 250.7 253.8 256.2 255.2 250 242.9
344.1 348 351.9 356.8 364 371.6 378.8 389.4 397.6 400.5 404.5 407.1 405.9 401.5 395.4 388.2 379.8 370.2 361.9 352.8 344.5 340.4 336.9 343.8 353.6 373.2 388.5 398.7 405.3 410.8 417.4 422.8 426.1 426.5 426 423.2 420.3 417.6 413.1 405.7 397 387.7 379.4 371 362 355.5 349.8 343.9 339.1 332.6 329.5 326 325.1 326.8 329.2 333.2 332.9 324.2 314 305.2 298.8 290.3 280.3 268.3 263.8 256.7 248.2 239.9 237.6 238.2 238.5 242 245.4 249.1 251.6 251.7 243.7 239.7
337.6 342.1 347.9 352.9 360.4 367.9 375.8 387.1 397.3 400.6 402.7 406.6 404.9 400.7 395.6 388.8 381.3 372.9 361.9 350.7 342.5 338.1 335.3 341.2 349.4 366.2 385.7 396.9 403.8 412.4 418.4 423.5 427.3 426.3 426.3 427.1 425.3 422.4 416.2 405.9 397.6 387.9 379.5 369.8 361.5 356.1 350.1 344.1 337 332.3 328.8 325.1 322.9 324.8 327.4 332.1 331.1 323.3 314.9 304.3 297.5 288.9 279.8 269.4 261.5 256.2 249.7 240.4 236.9 237.1 236.8 237.7 239.1 242 245.8 245.9 242 240.8
338 337.2 342.6 347.9 356.2 364.4 373.2 384 396 401.1 403.2 405.9 405.3 400.8 396.1 389.6 382.4 374.1 363.5 351.4 342.3 336.5 332.9 335.6 345.9 361.3 381 394 402.9 412.5 421.1 425 425.6 425.1 425.8 428.3 428.4 425.3 416.4 404.7 396.2 386.2 377.1 366.1 360.7 354.9 349.8 343.2 336.2 330.6 327 323.6 320.3 321.9 324.8 327.5 326.9 320.8 312.5 303.8 296.4 289.2 279.6 267.3 259.5 254.7 249.6 241.5 234.3 235.2 235.2 235.8 235.8 237.2 238.7 238.3 238.5 239.3
337 334.4 339.3 345 351.2 359.8 369.4 382.3 396 402.2 404 405.3 405.7 401.4 396 389.9 384.2 376.2 365.2 353.3 342.9 335.9 332 331.8 340.1 355.8 375.7 390.4 400.3 409.7 417.8 421.8 421.9 421.4 422 425 425.6 422.4 413.7 401.6 391.3 381.9 373.7 365.4 359.1 354.2 348.6 342.6 335.6 330.1 326.3 322.4 318.9 318.9 319.6 323.1 324.5 317.5 312.5 304.2 295.6 288 278.6 267.3 260.5 255.4 250.1 244.1 236.6 232.9 233.7 234.6 234.8 235.6 236.4 236.8 237.1 244.5
338.2 332.6 334.6 341.6 346.9 354.7 364.7 379.1 395.6 402.7 404.8 406.1 406.1 402.2 396.2 390.4 385 378.2 367.8 356.2 344.8 336.5 332.2 329.6 336.3 350.8 367.6 381.7 393.6 404.6 413.7 417.8 418.7 417.4 416.2 418.8 421.6 418.1 409 399.6 387.1 379.1 371.4 365.1 358.7 352.1 346.7 341.7 336.2 330 325.1 321.2 316.9 314.8 315.7 318.2 322.5 318.5 313.4 308.3 296.2 287.7 277.5 267.2 262 257 249.5 244.3 235.5 233.3 232.2 232.1 233.1 234.4 234.9 235.5 237 246.8
339.2 332.8 333.2 336.8 342.7 350.1 359.3 374.3 394.1 402.6 406.4 406.9 407.1 404 398.2 391.9 385.6 378.2 369.6 358.7 347.6 337.9 332.3 327.5 333.9 346.9 361.9 376.3 389.5 400.1 408.3 410.5 410.4 408.4 409.2 411.9 414.7 412.8 405.9 395.2 384.2 376.7 370.4 363.9 357.1 350.9 345 340.1 335.2 330.7 325.6 320.2 315.9 312.6 314 316.2 318.6 317 311.9 305.5 295.3 287.4 277.6 267.2 261.9 255.2 247.9 242.7 240.5 233.1 232.2 231.7 231.5 232.6 233.4 233.7 236.7 246.1
344.6 334.2 330.8 331.5 338.5 345.5 354.1 366.5 384.4 400 406 407.8 408.7 405.9 399.9 394 388.3 380.3 370.7 362 351.6 341.3 333.4 327.6 330.7 341.2 355.1 369.1 383.5 392.7 399.2 400.9 400.6 399.5 400.9 404.8 407.6 408.3 400.9 391.7 381.5 373.9 368.4 363 357.4 350.5 344.4 340.2 335.3 330.7 325.3 320 315.2 310 312.4 314.4 316.3 313.6 308.9 303 293.9 285.4 275.1 266 260.2 252.8 245.9 243.5 242.1 235.4 231.8 231.2 229.5 230.1 232.5 234.5 238.9 246.6
349.1 338.8 331 328.2 332.5 341.6 348.7 358.2 376 396.8 403.3 406.9 410 407.3 402.4 396.9 391.1 383.9 373.8 362.8 353.8 342.2 331.5 326.2 325.7 334.7 347.9 361.2 375.6 386.9 392 389.2 388.2 388.3 391.8 396.3 400.3 403.3 399.6 389.9 379.5 372.2 368.2 362.6 357.6 350.3 344 340.5 335.7 330.6 325.5 319.9 315 309.2 308.5 311.8 312.6 310.6 307.3 301.1 294.6 283.2 273.6 264.7 260.7 253.6 248.7 245.2 242.2 236.6 230.7 229.8 229.4 231.1 231.9 233.2 240.4 246.8
353.5 344 335.9 327.6 327.4 337 342.6 352.2 365.6 381.6 400.3 406.5 411.2 408.1 403.1 398.2 393.3 387.9 378 366.4 355.2 343.5 332.1 326.5 324.8 327.5 338.1 351.1 365.3 376.5 383.8 380.9 378.1 377 380.7 384.9 392.6 396.4 394.5 389.9 380.3 372.3 367.1 362.4 358.1 351.4 344.8 340.2 335.4 331.5 326.7 320.6 314.9 309.4 305.2 308.5 308.8 306.8 304.5 298.7 291.3 279.7 272.1 264.7 260.1 254.6 250.2 244.4 240.3 236.3 230.1 228.6 229.2 230.9 231.6 235.1 240.2 247.4
357.5 346.3 338.8 327.8 325.8 332.9 338.6 346.9 355.9 366.9 380.2 397.5 407 410 404.1 399.6 396.7 392.5 382.9 372 359.4 348.7 338.1 328.2 324.4 321.3 332.5 341.2 353.2 362.4 370.7 370.1 367.5 362.9 369.5 373.9 381.1 386.6 387.7 386.6 379.7 373.7 368 363.9 358.8 352.9 346.2 341.7 336.3 332.4 328.1 321.3 315.1 310.1 299.8 305.1 303.4 302.1 299.5 293.9 287.3 277.1 270.1 263.6 258.9 255.4 248.7 243.2 238.9 234.8 229.2 228.7 228.6 230.1 231.2 234.5 240.2 247.6
361.1 352.3 340.6 332.7 327.1 324.6 334.6 340.2 349.1 357.1 368.2 383.5 396.9 406 406.5 402.3 399.9 396.7 388.1 377.4 364.1 352.2 342.7 332.9 324.5 320.8 326.7 334.9 342.7 352 357.9 359.5 357.8 354.9 360.6 365.8 372.5 377.4 379.6 379.6 375.4 371.3 369.2 364.6 359.5 354.6 349.7 343.5 337.4 333.4 328.1 321.1 316.2 309.2 297.5 301.9 300.5 298.6 294.2 288.7 283 274.9 267.1 260.8 258.2 253.1 246.8 241.7 236.8 232.1 228.5 227.6 227.4 229.4 230.9 235.6 241.6 248.1
366.5 358 348.3 333.5 327.2 323.6 323.6 334.4 341.5 349.5 359.8 372.6 389 397.3 404.6 406.3 403.7 400.4 394 383.2 370 356.6 346.5 337.5 328.5 321.6 321.2 328.2 334.4 340.8 348.5 350.6 349 346.8 352 357 363.3 367.4 371.6 373.1 371.3 369.3 368.9 365.1 360.6 355.9 350.8 343.7 338.3 334.8 328.6 323 317.5 310.7 299.6 300.2 298.6 296.3 292.7 286.3 280.8 274.2 267.5 262.2 257 250.8 244.3 238.3 232.7 227.8 228 227.7 226.5 229 229.5 236.5 242.2 248.7
371.1 364.1 352.5 338.6 328 324 322.6 328.2 335.2 342.8 352.1 364.6 379.8 388.7 399.3 407 408 404.3 399.5 388.6 375.3 361.5 350.2 341.4 332.8 324.6 317.4 323.3 328.6 332.9 338 341.3 340.5 339.5 343.6 348.8 355.5 360.5 365.6 369.6 368.2 367.5 369.4 363.9 359.2 355.4 351.4 344.2 340.1 336.8 330.1 323.7 317.7 310.6 302.8 294.5 296.5 293.1 291 285.2 279.5 273.8 269.2 262.9 255.9 249.5 241.5 235.6 232.3 227.1 227.3 227.1 226 228 229 236.3 243.4 249
379.5 374.7 361.3 346.4 334.3 324.9 321.6 323.3 329.2 336.3 344.4 356.2 371.8 383.4 388.7 404 410.5 408.4 404 394.3 382.4 368.1 356.7 345.3 337.5 328.7 319.4 319.3 323.8 327.2 330.7 332.6 333.5 333.5 336.2 341.5 348.5 354.9 360.4 363.5 363.4 366.6 370.8 364.5 359.7 354.7 350.7 346.2 341.9 336.9 330.3 323.9 316.9 312.6 302.9 289.2 293.5 291 285.7 283.8 278.6 273.9 268 262.3 254.6 248.3 239.4 233 227.7 226.4 226.6 224.7 226.6 227.5 230.3 235.8 242.4 248.7
