data/320000-340000.asc
ncols 200
nrows 200
xllcorner 320000
yllcorner 340000
cellsize 50
[rows 70 to 104 of 200, columns 0 to 77 of 200]
172.9 177.2 187.1 200.8 219.8 240.6 264.6 291.5 309.7 325.5 334.4 338 342.9 349.1 353.5 356.9 360 362.4 361.9 354.8 341.8 325.2 305.4 283 265.1 250.4 236.7 227.9 247.7 265.6 277.6 259.2 234.8 212.9 190.8 193.1 202.2 220.2 231.8 242 256.4 276.8 305.2 334 368.6 404.9 447 459.1 464.8 471.4 472.2 472.7 473.8 475.3 478.2 482.3 489.9 493.2 495 497.9 500.7 503 504.6 506.3 506 502.2 498.2 493.6 488.7 484.1 481.1 476.4 470 463.1 454.9 451.5 449.7 448
184.3 170.5 176.3 191.2 207.9 224.6 248.3 276.7 295.9 314.2 322.8 319.7 320.9 324.4 329.5 335.1 340 340.8 339.1 334.9 327.8 318.8 307.8 283.7 267.6 253.4 239.4 220.8 229.7 246.2 255 247 223.8 200.3 188.5 194.1 203.5 227.7 244.6 252.4 263.9 290.6 313.2 347.1 378.8 417.9 455 462.7 471.5 474 473.3 473.1 473.5 474.6 478.1 483 490.8 492.1 494.6 497.7 501.5 505.4 509 509.9 507.1 502.3 497.1 491.9 487.5 484.2 480.3 473.2 466.6 459.6 451.7 448.7 447.1 445.7
190.3 179.5 167.7 181.9 193.5 211.8 230.6 254.9 278.1 300.3 309.4 304.5 297.1 299.8 303.7 307.6 310.3 311.9 311 308.1 305.5 300.7 297.6 287.1 266.5 253.7 241.4 225.9 212.8 225.1 231.7 229.8 210.2 190.8 189.4 197 207.3 227.6 243.9 254.7 271.9 294.5 321.1 361 395.9 428.7 457.8 464.3 473.1 474.3 472.5 471.5 471.5 473.2 476.2 482.2 488.7 490.7 492.9 497 501.3 505.3 510.9 510.1 505.6 500.3 495.2 489.8 487 481.5 474.9 469.9 463.1 455.9 448.6 446.1 443.7 443.9
196.6 183.4 169.4 171 184 195.9 215.8 240.5 262.4 281.2 296.8 287.6 275.2 275.7 278.2 279.3 281.7 283.7 284.1 281.8 279.7 279.6 283 283.7 267.9 252 242.1 227.9 216.5 204.3 206.9 209 198.9 187.4 191.6 199.7 212.9 233.3 242.6 252.3 269.6 293.6 324.3 365.4 422.1 449.3 454.6 459.9 469 471.9 470.3 468.5 468.4 470.8 473.7 480.8 486.2 488.3 490.9 495.2 499.8 503.9 511.2 509.7 503.6 497.7 492.9 487.7 484.3 480.3 471.5 465.6 459.6 452.7 447 444.2 441.7 441.3
201.9 188.8 177.1 165.6 175 187.5 204.4 221 245.9 266.4 280.1 278.9 265.2 257.8 252.4 251.3 252.5 256.5 258.5 255.9 253.2 257.1 262.7 268.7 267.4 252.8 242.7 232.3 218.5 208.8 198.2 194.3 186.2 186.8 194.4 202.8 216.9 228.5 236.2 245.6 263.5 288.3 316.5 351.1 390.6 422 441.4 448.2 456.5 464 466.3 464.5 464.5 467.4 470.6 478.2 482.9 485 488.5 493.1 497.4 501.6 510 507.9 501.9 496 490.3 485.2 481.5 477.6 471.2 464.5 457.6 451.2 447.3 444.8 442.7 443.6
210.5 194.2 179.8 166.6 163.9 175.8 190 208.4 229.4 249.4 262.2 261.6 255.6 249 243.1 233.6 232.2 234.7 237.1 236.5 236.9 240.3 242.2 249.5 256.3 259.7 244.6 235.7 222.9 209.3 197.4 188.8 184 189.9 195.1 204.5 213.2 220.6 227.7 239.2 258.1 279.4 301.6 333.3 363.1 392.9 414.5 433.3 441.4 450.7 459.5 458.5 460.3 462.8 466.9 472.9 478.7 482.3 485.9 490.1 494.2 497.8 506.5 504.8 500 493.9 488.9 483.9 479.1 474.7 469.1 461.6 456.1 451.5 449.2 448.9 447.3 446
224.4 204.6 184.9 173.3 160.2 162.5 178.9 195.5 219.3 236.9 245.2 246.9 244.3 236.7 226.6 220.1 216.1 215.7 217.4 218.2 221 224.8 222.4 230.5 239.4 249.8 252.4 237.6 226.8 213.1 195.5 180.2 184.3 190.7 196.4 203.3 209.6 216.2 225.1 233.7 243.5 268.1 285.5 312.9 339.3 362.4 385.7 408.7 424.1 434.7 441.2 444.7 453.5 456.5 461.1 466.5 475.5 480.5 484.1 487.5 491.1 494.5 501.8 503 497.6 492.7 487.5 483.1 479.5 474.4 468 461.9 456.4 455.2 456.5 459.1 455.8 451.3
230.1 210.5 191.5 177.5 166.2 157 167.9 188.6 207.1 219.3 225.5 227.7 223.9 218 213.2 206.6 203.3 200.5 199.3 198.2 195.3 198 198.2 202.1 213 226.7 231 236.8 236.8 223.5 197.6 180.8 184.8 192.2 198.6 206.4 212.7 219.3 227.5 234.1 245.6 263.5 275 292.9 314.7 335.1 353.4 378.6 400.7 411.9 418.9 426.3 437.2 452.1 459.1 465.7 473.8 478.9 482.3 485.7 489.1 492.6 498.6 499.4 497 492.5 489.2 485.7 481.6 475.4 470.5 466.3 464.9 466.2 465.8 461.9 459.1 455.2
231.2 213.1 198.3 184.7 173 158.8 156.6 179.3 194 198.9 201.9 203.4 202.5 199.1 195.3 192.2 188.1 184.8 176.8 172.4 171.6 175.4 174.1 176.1 177.6 184.6 197.4 211.1 221.1 220.1 192.6 179.4 187.9 194.7 202.8 210.7 217.4 224.3 232.4 239.9 259.3 272.2 283.8 300.1 319.5 340 369.7 386.5 400.9 414 430.2 444.5 455.8 458.4 463.6 469.9 475.6 477.6 481.1 484.6 488.2 491.7 497.5 501.7 498.2 495 492.2 487.6 485.1 481.9 480.4 478.1 476 472.1 468.2 465.8 462.8 458.9
245.8 227 205.4 191 180.5 166.8 152.7 169.1 182.6 187 189.2 190.4 188.5 185.1 180.9 176.3 171.1 155.8 156.4 157.7 159.5 161.3 162.5 166.8 173.6 166.3 169.9 176.6 188.3 185 176.1 177.8 189.5 197.2 204.5 213.2 222.3 232.3 241.1 254.4 274.1 289.3 304.9 326.8 347.5 374.7 399.8 416 426.6 438.8 449.2 457.5 458.7 460.8 465.2 472.7 475.1 477.5 479.3 483 487.2 490.9 500.2 504.7 500.7 497.1 494.6 492.7 492.2 493.3 489.2 486.7 482.4 477.5 472.8 470.7 467.7 464
254.1 234.1 210 195.3 182.3 169.3 155.2 154.9 168 177 182.7 180.9 173 166.9 162.5 161.4 156.2 154.7 161.5 164.5 166.7 170 172.9 176 180.6 182.4 176.6 175.4 172.2 177.9 183 182.6 187.4 197.8 207.6 218 228.2 238 251.5 271.7 292.2 312.9 333.9 353.9 386 415.8 429.8 440.3 448.3 452.1 455.4 457.1 458.5 461.1 464.8 472.5 472.9 474.3 477 480.6 485.1 489.7 499.1 503.2 500.7 501 497.5 497.9 501.3 500.5 496 491.3 486.2 483 478 475.1 471.8 468.1
261.2 240.6 222.7 202.7 188 176.6 164.2 149.2 156.2 168 172.1 166.2 162.4 152.6 152.9 153.1 154.1 162.5 166.6 170.9 175.8 180.2 184.2 186.1 188.4 190.4 192 192.5 189.1 189.6 190.8 188.5 188 200.3 213.4 223.6 233 244.7 263.7 289 313.3 342.4 365.6 396.9 419.8 434.6 440.7 449.7 455.3 457.5 456.3 456.9 458.4 460.2 463.7 470.2 470.2 471 474.3 478.2 483 487.7 497.5 500.8 500.4 501.6 499.9 503.9 504.3 502.4 499 493.5 489.2 488 484.7 479.6 476.4 472.7
265.7 249.9 233.9 215.9 201 190.4 172.5 155.3 146.5 156.7 157.8 154.2 151.6 149.2 149.1 156.6 165 170.7 176.7 182.4 188.9 195.5 195.8 193.9 194.9 196.7 197.7 198.9 200.5 200.5 199.6 190.4 200.2 209.6 217.9 226.1 236.7 252.8 277.2 303.7 335.1 364.3 404.3 427.8 433.6 438.1 445.7 455.3 459.4 457.9 455.9 456.4 457 459.2 462.3 467.1 466.6 468 470.9 474.8 479.1 484.4 493.4 496.5 496.7 498.9 496.7 502.8 504 502.8 499.1 496.4 494.3 492.7 489.6 485.3 480.9 475.7
270.4 256.3 238.3 223.1 206.8 192 176.8 159.2 147.6 147 145.1 144.9 150.4 158.3 162.4 167.6 172 181.7 191 196.8 205.1 210.9 209.4 207.1 204.1 202.4 202.7 203.6 204.2 204.1 203.2 193.3 202.4 209.9 215.8 225.3 240.7 264.7 287.2 314.4 352.2 393.5 418.5 432.9 435.1 438.9 449.2 457.5 458.6 456.8 454.3 454.6 455.6 458.1 460.7 464.3 463.2 464.9 467.7 471.6 475.5 480.1 489.6 492.7 493.3 494.9 494.3 500.9 503.7 503 499.8 499.5 497.3 496.9 494 488.6 483 476.8
263.3 249.9 230.6 214.8 195.7 182.4 171.7 158.7 147.2 143 144.6 156.2 161.5 166.3 170.1 178.3 188.6 200.5 211.3 222.3 227.1 232.6 228.6 222.6 216.4 212.6 211.6 211 209.5 208.1 206.3 198.4 199 207 214.1 224.3 241.1 269.6 292.3 325.1 362.9 412.3 431.5 433.1 435.9 440.5 452.9 458 457.9 454.8 451.8 451.4 453.3 456.1 458.9 461.1 459.9 461.3 464.5 468.4 472.4 476.1 485.3 489.2 489.9 490.9 492 498.3 503.2 502.9 501.8 501.1 501.6 500.3 496.3 490 483.3 476.8
250.1 231.3 212.8 199.4 186.9 174.4 165 154.8 141.3 147.4 158.2 163.7 169 175.1 185 199.6 212 223.5 235.9 246.3 252.7 254.2 248.2 239.8 231.8 225 220.8 218 214.3 210.8 206.7 195.5 201.8 206.8 214.3 223.8 244.7 268 292.9 329.6 379 416.1 430.6 433.7 436.7 444.9 454.7 456.8 455.8 451.9 448.7 448.1 450.9 453.7 457.1 457.7 455.8 457.7 461.2 464.9 468.5 472.3 480.5 484.5 486 487.5 487.9 493.1 497.5 501.4 500.9 501.1 502.3 500.7 497.1 490.3 483.5 477
230.2 211.3 197.7 186.8 175.3 165.9 158.5 138.9 140.4 157.1 164.7 171.7 178.2 185 200.5 216.9 232.7 247.1 262 273.9 277.1 273.5 263.1 253.6 243.7 234.6 227.4 221.7 216.9 212.1 207.8 201.5 198.4 206.5 212.5 221.6 243.2 265.9 291 330.5 375.9 422.3 429.5 433.5 437.9 448.1 453.6 452.6 452.2 448.6 445.4 444.9 447.6 451 454.3 454.9 452.3 454.6 458.1 461.7 465.1 468.3 475.1 480.5 482.1 483.4 484.7 488.3 495.3 498.6 498 498.7 500.7 499.5 496.3 490.4 483.9 477.2
211.1 198.3 186 175.3 166 157.6 146 137.7 148.3 161.7 170.1 178.6 186.3 199.3 218 235.1 252.3 270.6 285.8 294 292.6 286.9 276.5 263.3 251.9 241.4 232.4 225.2 218.9 213.5 208.4 203.3 200.4 205.8 210.8 219.5 237.2 262.7 286.6 323.6 362.3 409.1 425.6 432.4 437.5 446.5 450.1 450.1 447.9 444.8 441.7 441 444.1 446.9 451.1 451.5 449.2 451.6 454.8 458.1 461.4 464.3 470.2 476.8 477.9 478.1 479.7 483.7 492.9 495.4 494.2 495.4 497.6 497.9 494.4 489.3 483.1 476.9
198.7 188.1 176.4 165.2 156.6 148.3 136.5 137.6 159 168.7 178.9 189.4 201 218.1 237 258.5 276.7 294 305.9 305.8 298.6 291.3 278.7 265.1 254.4 241.6 232.6 225.7 219.1 213.5 209.1 205.1 203.7 207.2 212.2 218.9 234.7 257.7 276.3 309.4 344.8 384.3 400 428.2 433.7 441.2 445.3 446.2 443.2 440 437.2 437.1 440.5 443.8 447.6 447.9 447.4 448.9 451.6 454.5 457.7 461.1 466.3 473.2 474.7 473.3 475 481.2 491.1 491.1 490.6 491.3 494.1 494.4 491.4 486.4 480.6 475.4
190.1 181.1 171.3 160.4 149.7 137.6 134.7 152.3 164.8 175.4 188.2 202.9 219.4 236.7 257.4 279.2 298.4 313.7 319.2 311.9 301.6 292.7 281.1 265.3 252.2 238.8 231.9 225.7 220.2 214.2 209.5 207.2 206.4 210 214.2 219.9 230.2 251.2 269.5 294.2 322.7 348.7 383.9 419 427.7 432.2 436 439.8 439 434.7 432.5 432.8 436.6 438.6 443.1 444.7 443.3 445.8 449.4 452.5 455.3 458.2 463.4 469 470.8 470 471.6 477.4 487.4 488.6 486.9 487.3 489.2 489.5 487 483.3 478.6 473.5
183 176.2 167.6 157.9 142.6 132.9 143.2 158.3 170.8 186.6 202.6 222.4 239.3 257 276.5 295.9 313.1 324.8 320.1 311.7 299.3 286.5 275.2 261.2 249.7 239.6 232.6 226.6 221.6 216 211.7 208.4 208.6 212.9 217.2 221.5 228.2 245.8 261.1 279.1 303.7 327.3 368 406.8 418.6 419.1 422.3 427 434.7 429.1 426.7 429.2 432 435.1 438.5 440.6 440.4 443.4 447.2 450.6 453.2 455.1 459.4 465.5 466.7 465.3 469.1 473.5 483.3 485.8 483 482.7 483.5 483.8 482.4 479.7 475.1 470.7
176.6 170.9 164.8 154.8 133.3 134.6 149.7 164.9 180.7 198.7 217.3 236.2 256.8 275.5 296.1 310.3 323.9 325.8 319.1 308.7 297.7 286 276 264.2 252 240.1 233.3 228.1 223.1 218.1 215.5 210.3 209.9 214.6 219.3 223.6 229.4 240.1 252.7 268.1 284.3 307.5 335.8 381.2 401.1 407.2 406.8 411.1 416.8 423.3 412.3 424.6 426.7 429 431.7 431.9 438.7 441.3 445 448.4 450.3 452.2 455.4 460.2 462.2 460.7 465 470.5 479.2 481.8 479.2 477.8 477.7 478.4 477.3 475.4 472.1 468.3
167.5 163.8 159.8 150.3 132.3 141 159.1 174.5 189.8 211.8 231.5 251.9 272.9 292.8 312 325.8 332.2 329.9 321.5 311.2 300.9 291.9 281 268.6 254.8 241.8 235.5 230.5 225.9 221.2 218.1 212.7 211.1 215.7 220.2 224.9 232.6 240.5 247.8 259.4 270.9 290.2 318.3 365.9 378.4 383.5 387.5 390.6 397.5 402 405.8 417.9 419.6 422.7 423.2 429.2 436.4 439.4 442.8 445.6 446.4 448.3 451.1 454.4 457.5 456.4 460.4 464.2 474.8 477.2 474.5 473.8 472.8 473.6 473.2 471.4 468.6 465.4
159 149.1 155.4 144.1 128.8 142.9 165.3 184.7 204.9 221.4 242.5 265.2 285.1 306.6 325.3 335.6 339.3 334.3 326.1 316.4 304.5 294.6 283.1 270.5 256.6 244.2 238.4 234.1 230.1 224.5 220.1 215.3 211.3 215 219.6 228.3 238.2 252.1 261.7 272.3 281.4 283.6 303.9 338.8 349.3 360.1 382.1 391.9 397.6 400.4 399.5 402.7 411.2 416 419.9 431.5 434.8 437.6 441.1 442.5 443.1 444.2 447.6 450.3 452.3 450.9 454.1 457.9 465.3 471.1 470.1 468.9 467.9 469.3 469 467.8 465.4 462.1
158 149.5 139.5 135 127.6 134.4 167.1 193 215.5 237.2 256.9 274.9 293.2 313.5 330.5 341.3 341.8 337.4 329.2 317.1 305.6 294.6 282.5 271.1 258.7 249.5 242.6 238.7 234.1 228 222.3 217.9 214.6 216.2 221.3 239.4 255 271.1 286.1 302.2 317.1 319.3 318.1 332.7 355.3 386.5 401.6 412.7 419.9 419.2 415.1 410.9 409.2 413.7 420.5 432.1 434 436.1 438.7 439.5 440.2 440.3 443.6 446.6 447.6 446.7 448.1 451.8 456.6 462.2 464.7 463.7 463.1 465 464.8 464.8 462.7 459.5
155.3 151.4 148.2 143.9 126.9 130.5 163.7 192.5 218.8 244.5 266.4 286.7 306.6 324.5 337.7 344 345 343.7 333.3 318.1 304.8 292.2 281.7 271.4 261.8 253.5 246.3 242.4 237.3 232.6 227.4 222.3 217.5 219.9 239.4 255.1 275.8 297.8 317 334.8 354.1 366.9 361 368.1 384.6 405.1 419.3 429.6 428 424.2 419.9 418.8 416.7 418.4 425 431.7 432.6 434.6 436.2 436.9 437.4 438.3 439.8 442.2 443.3 441.6 442 446.1 446.8 453.3 459 457.7 458.1 460 462.9 462.1 460.1 456
154 149.5 146.5 142.5 126.4 132.9 162.8 191 219.9 246.1 271.5 291.8 313.2 329.2 344 350.9 351.4 351.5 341.4 324.3 308 294.1 283.8 273.9 263.7 254 249.7 246 240.1 234.8 228.1 223.6 220.4 229.8 247.1 270.9 298.7 327.7 353 382 384.4 396.6 398.3 404.9 412.8 424.3 435 433 429.2 425.3 423.3 422.5 421.8 422.5 426.7 430.3 431.3 432.8 434.2 433.5 433.5 434.3 436.5 438.8 439.4 437.1 436.1 439.6 439.5 443.5 446.9 451.9 452.8 455.2 459.5 459.4 457.5 452.4
151 145.7 143.3 140.8 124.4 137.4 163.6 189.3 220 248.3 275.1 296.4 315.3 334.6 348.5 359.9 364.1 358.8 350.6 333.2 313.4 297.6 285.6 275.7 265.2 255.9 254.1 249.3 243.7 239 232.7 228.2 225.3 243.5 260.9 286 319.9 352.2 394.3 399.2 410.2 415.4 419.5 425.1 433.2 438.2 436.6 433.7 429.9 427.3 426.8 425.5 425.6 430.3 430.4 428.9 430.1 430.4 430.8 430.2 430.2 430.8 433.1 434.8 435.1 432.6 431.5 435 435.7 436.2 439.3 444.7 448.5 450.8 455.4 456.7 454.6 449
146.1 141.8 140 136.7 124.3 136.2 158.7 183.9 211.2 238.9 265.7 290.4 312.3 336 354.1 368 377.1 364.1 353.5 340.3 320 304.4 288.4 277.9 268.7 261.1 259.7 253.3 250.8 246.2 239.9 234.1 232.2 249.6 270.7 300.1 335.6 381.3 396.8 407.9 411 414.3 423 434.7 441 439.7 436.9 434 431.7 431 428.3 428.7 433.6 434.3 431.7 430.6 430.1 427.3 427.4 426.9 427 427.4 429.6 430.5 430.2 427 426.2 428.8 430.2 431 433.8 439 443.7 446.8 451.5 453.1 451 446.2
140.7 139 139.2 137.2 122.7 121.5 139.9 169.2 192 222.3 249.9 275.6 299.2 326.1 351.6 366 371.8 366.3 356.6 347 336.7 315.3 296.8 284.7 273.7 272.4 268.2 263.4 258.8 254.9 248.1 240.1 237.5 257 279.2 312.2 348.3 392.3 395.8 407.7 410.6 414.1 424.9 439.3 444.2 440.2 436.9 433.9 433.4 431.5 431.2 434.7 437.8 435.3 432.7 431.7 430.1 427.4 424.1 423.5 423.6 423.9 425.9 426.1 425 422.7 419.6 422.6 425.9 424.3 427.1 433.5 439.8 442.4 446.5 449.4 448.4 444.6
134.9 137.1 137.4 137.4 121.6 120.8 121.9 147.4 172.1 198 225.3 250.2 276.7 305.7 342.4 356.9 363.1 360.1 355.1 349.3 340.5 324.9 304.5 293.1 286.3 284 280.3 274.9 268.1 260.3 251.4 243.1 240.9 260.5 285.8 320.4 354 392.1 393.5 403.6 408.8 413.1 424.2 439.1 444.5 440.7 437.2 434.3 434.1 431.8 432.4 441.8 438.9 434.7 433.8 432.9 431.2 428.5 424.5 420.3 419.4 420.6 421.9 422 419.6 418.1 414.5 416.6 419 418.7 419.7 426.6 434.1 437.2 441.4 445.5 445.7 442.8
132.6 135.9 136.5 136.8 136 122.7 119 125.3 153.4 176 201.4 227.5 258.4 289.2 321.8 349.3 354.2 353.6 351.7 346.4 339.8 329.2 311.4 301.5 296.8 296 290.8 283.4 273.4 263.2 253 244.3 247.5 263.9 290.4 324 356.3 389.2 391.7 399.6 406.4 411.3 421.2 434.8 443.1 439.3 435.4 432.5 432.4 431.3 434.1 441.2 437.8 434 433.7 434 432.3 428.2 423.1 419.7 416 416.4 417.2 417.2 414.2 413.1 410.4 408.6 411.9 411 413.3 421.5 429.4 433.3 437 440.6 442 438.6
131.5 134.6 135.5 135.5 135.6 134.9 117.5 118.7 134.7 162.3 184.7 208.5 237.9 267.6 301.7 335.5 349.4 350.6 348.4 344.4 339.7 331.5 323.3 315.4 309.3 306.4 299.8 288.4 276.6 263.7 255.1 249.2 253.2 268.2 292.3 324.3 353.5 382.8 389.5 394.7 404.8 408.9 417.5 431.1 441.5 438 434.1 430.4 430 430.2 433.6 440.3 437.1 433.3 434.4 433.3 430.9 426.2 420.8 418.7 415.6 411.6 412 410.7 408.7 406.3 404.6 403.6 406.2 403.7 403.9 415.2 423.8 427.9 433.2 436.1 437.4 434.6
132 133.7 134.4 134.3 133.9 133.7 126.4 116.1 125.9 146.1 169.4 193 223.6 249.2 283.2 318.2 342.5 350.2 348.5 344.1 340.3 336.9 330.7 324.3 319.5 315.7 306.4 291.2 277.2 264 257.5 252.9 254.4 273.4 297 329.5 352 379 387.6 392 400.1 405.1 413.3 427.6 439.6 437 432.4 428.4 428.5 429 433.4 438.7 435.8 433 433.2 430.6 427.3 423.1 418.1 415.3 412.6 409.5 406.7 405.2 403.2 400.9 398.9 398.4 401 401.7 395.9 408.4 417.8 421.5 428.7 431 432.7 432
132 132.9 133.2 133.5 133.3 132.9 128.4 115.1 116.7 136.8 153.8 177 203.9 232.6 266.3 300.2 330.2 344.9 346.8 345.1 342.8 341.6 338 331.5 325 321.3 315 304.4 285.6 267.5 259.4 254.6 255.5 273.6 300.1 334.6 362.9 377.4 385.9 387.4 397.8 401.7 409.2 421.2 431.6 433.2 430 427 427 428.8 432.3 436.1 434.3 432.4 432.3 429.1 424.3 419.6 415.1 412.5 410.2 407.5 402.2 400.5 398.5 396.4 395.3 394.9 396.3 397.5 391.6 399.5 411.4 415.9 422.6 425.6 427.4 427.4
