data/320000-660000.asc
ncols 200
nrows 200
xllcorner 320000
yllcorner 660000
cellsize 50
[rows 0 to 34 of 200, columns 0 to 78 of 200]
83.2 83.1 83.8 81.7 83.6 83.9 84.6 85 85.5 85.4 85 84.5 81.8 80.9 77.7 77.3 74.7 74.2 77.5 84.5 80.3 88.4 88.6 89.5 90.5 90 90.6 90.3 90.5 91.9 94.3 91.6 81.1 71.6 71.7 80.5 96.8 99 98.7 100.6 99.5 95.9 97 99.5 102.7 105.4 107.9 109.9 111 113.2 117.4 124.1 127.4 132.9 139.3 140.1 137.7 134.7 131.3 128.2 125.3 122.2 119.7 118.5 117.9 117.4 117.1 116.6 116.1 115.6 115 114.3 113.4 112.8 113.1 113.4 114.3 114.3 116.4
84.8 85.5 85.6 86 85.9 86.2 86.6 85.6 84.8 84.6 84 83.7 78.7 76.4 75.7 75.5 80.7 85.3 86.8 88.7 83.1 88.6 91.6 93 94 93.5 93.3 92.8 92.3 96.2 97.6 80.3 73.3 68.2 77.6 93.5 99.1 99.1 99.7 99.8 97.8 96.1 97.8 99.9 102.2 103.9 107.2 109.9 111.3 114.3 118.3 121.4 135 143.8 146.5 143.1 139.5 136.9 133.7 129.4 126 122.3 119.9 118.8 118.7 118.7 118.4 118.2 118.2 117.4 116.7 115.7 115.5 114.5 115.6 114.7 114.9 116.7 118.1
87.6 87.9 88.5 85.9 81.8 84.8 80.1 80.3 79.5 78.2 77.6 77.7 79.1 79.8 81.6 83.9 88.4 90.4 90.1 91.1 84.4 90.4 93.7 95.9 96.9 96.1 96 96.8 99.8 101.2 98.8 78.5 73.7 69.9 90.2 99.7 99.1 97.9 99.3 97.8 96.3 97.4 99 101.8 103 104.4 107.6 110.1 112.7 115.3 118.9 122.8 133.1 140.8 141.9 139.9 137.5 135 131.9 128.6 125.3 121.7 119.4 118.4 117.9 117.7 117.4 117.2 116.9 116.6 116.3 115.6 116.2 115.3 114.5 114.5 115.2 116.8 118.7
87.1 87.3 85.8 83.6 83.9 85.7 82.3 81.9 80.6 80.4 80.3 79.8 83.7 87.8 87.1 89.9 92.3 94 94.1 90.7 88.2 94.6 97 97.8 99.1 98.1 97.8 95.5 87.6 89.4 79 74.6 70.7 79.1 98.7 100 99.8 98.8 98.7 97.3 97.8 98.9 101.7 103.1 104.6 106.6 108.9 111.3 113.1 115.7 119.8 122.5 127.2 128 130.2 131.7 132.5 132 129.4 124.3 123.7 121 118.7 117.7 116.8 116.5 116.3 116 115.8 115.6 115.3 115 115.3 114.4 113.7 114.4 115 115.8 117.1
84.4 86.8 85.7 84.8 85.4 86.8 88.7 84.3 83.1 84.2 84.5 87.3 91.3 92.2 93.7 93 95.1 98.1 96.5 91.7 92.8 98.5 100.3 101.1 100.8 97.6 92.1 83.7 71.8 71.7 72 72.5 81 95.3 99 100.3 100.2 99.5 97.8 97.8 99.4 103.1 105.2 105.6 107.9 109.2 111 113.9 116.3 118.1 120.9 122.4 124.5 125.6 126.5 126.7 126.9 126.8 126.4 123.9 121.8 120.2 118.2 116.7 115.8 115.7 115.6 115.2 115 114.7 114.5 114.7 114.1 113.7 114 114.8 114.6 115.9 116.6
85.5 86.2 85 88.5 88.1 88.6 91.7 89.2 88.7 91.2 94.6 97.4 97.8 97.9 98.2 97.3 96.2 99.1 97.4 91.8 97.8 101.1 101.3 101.6 101.3 94.8 88 72.9 74.7 76.4 74.5 85.5 96.5 98.4 98.4 100.5 99.9 99 100.7 99.6 100.7 104.7 107.8 108.3 109.6 111.6 113.6 116.2 118.5 120.2 121.6 122.8 124.9 124.3 124.9 123.3 122.4 121.5 121.2 120.8 119.5 118.6 118 116.4 115.7 115.7 115.8 115.5 114.1 114.7 115.1 114.5 113.8 114 115.1 115.8 116.2 116.7 117.3
85.2 88.2 87.9 88 88.8 89.7 93.3 97 96.8 98.1 99.3 99.5 100.4 101.8 101.4 100.8 98.3 96.6 94.3 93.1 100.7 100.3 101 101.1 98.7 90.4 83.1 72.2 77 91.1 97.6 102 101 100 101.5 102.5 101.3 100.7 104.9 103.9 105.5 108.4 109.9 109.7 110.2 111.6 115.1 117.6 119.8 120.8 121.1 121.8 123.2 124.4 124.8 122.4 121.4 121.4 120.8 120.1 118.3 117.4 117.1 116.8 116.1 115.9 116.1 116.3 116.7 116.4 116.3 116.4 116.5 116.7 116.6 117.2 117.7 117.9 118.4
95.5 95.5 94.1 95 92.1 92.6 96.7 99.5 99.2 100.9 102.8 100.6 101.8 100.3 102.6 101.3 99.2 93.6 91.7 93.2 97.7 99.2 100.5 100.4 95.8 89.5 81.1 77 86.7 103.9 103.8 103.5 104.1 105.8 108.3 110 106.7 106.1 106.5 106.6 109.3 113.5 111.5 111.1 112.3 113.7 116.1 117.7 118.4 118.5 120.8 121.2 122.2 121.8 122.2 121.9 121 121 120.5 119.3 117.8 117.1 116.9 116.3 116 116.1 116.5 116.8 118.5 118.7 118.8 118.9 119 117.1 118.3 118.8 118.7 118.9 119.2
97.5 97.6 98.6 99.6 101.9 99.9 103.7 100.4 99.8 103.9 103.3 103.4 101.7 100.3 99.7 96.9 93.5 92.3 92.9 95.5 97.3 98.3 100.7 100.2 97.4 88.8 82.5 76.1 89.5 104.9 105 105.2 109.2 111.9 111.5 111.7 110.4 109.8 109.7 109.8 112.3 113.7 113.1 113.5 113.9 114.9 116.4 117.1 117.9 118.4 118.5 118.2 118.4 119.6 119.5 120.1 120 119.4 120.3 119.1 118.3 117 116.5 115.8 115.5 115.5 115.8 116.5 117.4 116.8 115.7 115 115.7 117 119 118.5 118.7 118.9 117.9
99.4 99.4 100.2 101.1 102.2 100.8 103 102.6 101.9 102 101.9 101.8 101.9 101.3 98.7 96 94.8 95.4 97.4 99.1 100.6 101.2 101.5 103.2 101 90.6 82.4 72.5 91.4 107.5 110.5 113.6 116 114.1 114.5 115.3 115.1 113.8 112.5 112.8 113.9 113.8 115 115.5 115.9 115.6 115.9 116.7 117.7 117.8 118.1 118.3 118.4 118.5 118.3 117.9 117.9 117.4 117.2 117.5 117.1 116.5 115.9 115.3 114 114.2 113.9 113.7 114.1 113.3 111.7 111.5 111.7 113.2 116.5 116.8 116.4 116.2 115
101.2 101.8 101.9 103 103.3 103.4 103.8 103.7 103.5 103.5 101.8 103.1 103.5 102.7 102.6 103 101.9 102.4 102.3 103.2 102.5 103.1 102.8 103.5 103.9 102.7 87 72.5 86.3 105.8 114.1 116.6 116.5 116.4 116.8 116.9 116.3 114.5 114.7 115.2 114.8 115.2 115.7 117 116.1 115.6 115.6 116.1 116.7 117.2 117.3 117.6 118.2 118.4 116.4 117 116.7 116.3 115.7 115.4 115.4 115.6 114.9 114.3 113.6 112.8 112.3 111.7 111.3 110.8 111.8 112.3 110.7 111.1 112.9 112.4 111.8 110.1 109.8
102.8 100.7 101.7 104.6 104.7 104.7 104.7 104.6 103.8 103.5 104.6 105.6 105.9 104.9 105 105.6 106 106.3 106.9 105.8 105.6 108 108.8 108.5 108.8 108.2 100.4 73.8 81.7 101.1 112.9 116.1 116.9 118.5 117.9 117.5 116.5 115.2 116.2 116.3 116 116.4 117.2 116.7 116.2 115.4 115.3 115.5 116.3 116.3 116.6 117.5 116.9 114.6 114.3 115.2 115.2 114.4 114.7 114.1 113.9 114.5 113.6 113.8 113.4 112.9 112 111.5 110.2 110.4 112.4 111.5 110.9 109.3 110 109.7 108.5 108.8 109.1
105.4 104.2 105.4 106 105.5 106.2 106.1 106.2 106.3 107.2 106.5 107.1 108.4 107.8 108.8 109.1 110.2 110.6 111.1 112.3 113 114.1 114.2 114.3 115.3 112.9 107.7 85 78.4 92.9 109.3 117.3 117.4 119.4 118.6 117.3 116.6 115.9 116.4 116.8 116.4 116.6 116.3 116.2 115.7 115.2 115 115 115.4 115.8 116.4 116.1 114.8 114.3 114.8 114.9 114.8 114.3 114.2 114.6 114.5 113.5 113.4 113.8 114 113.6 112.5 111.7 111.1 111.2 112.7 112.8 111.9 113.4 113.8 115.1 114.5 111.7 112.5
110.8 109.4 105.8 106.5 107.7 107.8 108.7 107.9 108.2 108.2 109 110 110.4 113.7 114.2 114.2 114.8 117.7 118.2 118.7 119.1 119.6 119.9 119.9 120.3 118.4 115.1 94.6 79.1 84.5 100.5 115.8 118.2 119.2 117.7 117 116.8 116.7 116.6 116.7 116.6 116.1 115.8 115.9 115.4 114.8 114.6 114.6 114.4 116 116.5 116.4 114.8 114.8 115.5 115 114 114 114.6 115.1 114.6 113.9 114 114 114.3 114.2 113.1 112.8 112.5 112.5 112.9 113.7 115.1 116.2 116.8 116.5 113.7 113.1 115.2
108.4 115.3 108 108.8 110.1 110.9 113.4 115.4 116.5 114.6 113.1 115.8 118.7 116.2 118.6 118.7 120.9 120.1 122 122 122.1 122.4 122.7 123.2 122.7 121.5 119.7 120.1 92.3 80.3 89.7 96.1 106 117.6 117 117.1 117 116.7 116.5 116.5 116.3 115.8 115.6 115.8 115 114.1 114 114.1 114 114 115.2 116 115.5 115 115.5 116 115.6 115.6 115.7 115.9 115 114.1 114.2 114.3 114.3 114.1 113.7 113.7 113.9 113.9 113.5 114.4 117 118.2 118.7 116 114 115.3 117.7
109.1 113 118.1 113.4 114.4 114.8 115.3 114.7 118.2 121.5 120.3 119.5 120 122.2 122.1 121.9 123.6 123.8 123.7 123.5 123.3 123 122.9 122.6 122.4 121.7 121.2 120.4 114.7 92.9 79.9 80.3 83.8 104.5 117.3 117.2 117.1 116.6 116.4 116.2 115.9 115.8 115.5 114.4 115 114.3 113.8 113.8 114 114.2 114.9 115.6 115.2 115.1 115.4 115.6 115.7 116.6 116.4 115.9 114.4 114.8 114.5 114.1 114.9 114 114.6 114.4 114.4 114.3 113.9 114.3 117.5 118.8 118.6 115.2 117.5 121.2 122.3
114 113.7 116.8 117.7 117.7 117.3 117.8 120.5 121.8 123.5 125.2 124.8 125.7 125.1 125.5 125.1 125.6 125.9 125.3 124.8 124 123.3 122.5 122.1 121.4 120.7 120.2 119 114.2 104 97.1 88.5 86.6 96.1 116.2 116.9 116.2 116.4 116.4 116 115.8 115.7 115.3 115.1 115 114.5 114.3 113.3 113.7 114.7 115.1 114.7 114.9 114.3 116 115.8 116.4 117.2 116.5 115.8 115.3 115.4 115.3 115 115.2 115.7 115.8 114.7 114.9 114.4 114 114.9 117.5 118.2 117.4 117.4 123.1 129.7 127.5
116.4 117.4 117.4 120.4 124.7 124.2 125 125.7 126.9 127.7 127.9 127.6 127.1 126.9 126.2 125.5 126.1 125.3 124.1 123.5 122.9 122.5 121.9 121.4 121.1 119.6 117.3 113.1 111.5 105.9 97.9 92.7 87.1 96.7 115.1 116.7 116.3 116.3 116.4 116.3 115.7 115.6 115.3 114.8 114.6 114.8 114.6 114 114.3 114.8 113.8 114.5 114.3 114.5 116.2 116.6 117.6 117.1 116.6 116.1 115.8 115.5 115.3 115.7 115.4 115.2 115.1 115.5 114.2 115.5 115.3 116.2 117 117.2 117.4 121 126.2 130.8 131.5
120 123 126 126.6 122.2 128.6 128.1 129.3 129.6 129.3 128.7 127.6 127.2 126.7 125.3 124.4 123.7 123.1 122.2 121.7 121.2 121.3 121.2 120.2 118.4 112.6 106.1 102 88.7 88.1 85.4 88.2 82.3 113.3 114.9 114.9 116.3 116.5 116.4 116.9 115.6 115.4 115.7 115.3 114.9 114.8 114.7 114.7 114.8 114.6 114.3 114.2 114.5 115.8 116.5 117.2 117.7 117.2 117.2 116.7 116.4 116.2 116.1 115.9 115.9 115.9 115.9 116.5 116.4 116.9 117.4 117.3 118.3 119.1 121 123.8 127.5 131.2 136
126.8 128.3 130.3 129.9 123.8 131.7 131.3 131 130.1 128.6 128 127.2 126.1 125.5 124.4 123.3 122.4 122.2 122 121.3 121.2 120.9 120.3 119.2 114.4 102.7 91 87.6 97.1 93.8 91.2 92.9 111.7 113.8 113.9 116.1 117 117 116.7 116.9 117.2 116.8 116.5 116.2 115.7 115.3 115.3 115.1 114.7 114.3 114 115.2 116.4 117.3 117 117.7 118.1 118.2 117.9 117.6 117.4 117.1 117.6 116.9 116.5 117.7 118.5 119.7 119.3 120.1 119.7 119.9 119.9 121.7 124.2 128.4 130.2 133.8 136.7
131.1 130.6 130.1 130.8 130.9 123.9 131.1 129.9 129 128.2 127.2 126.2 124.9 124.1 123.4 122.7 122.2 121.4 120.6 120.5 120.6 120.4 119.8 115.6 104.5 93.5 88.2 102 100.7 100.6 102.6 109.7 114.4 114.4 115.4 116.8 117.4 117.4 117.1 116.7 117.1 117.4 117.4 117 116.2 116 116 116.8 116.4 116.9 117.6 118.1 119.2 119.6 119.3 119.3 119.4 118.5 119.9 118.8 118.7 118.3 118 117.6 118.3 122.4 121.3 121.6 121.3 121.1 121.2 122.5 124.6 125.5 126.9 131.4 135.7 137.7 138.8
131.5 130.8 130.1 130.7 131.8 125.7 129.1 122.1 125.5 127 126.1 124.2 123 122.7 122.6 122.7 115.6 107.4 109.4 113.6 115.4 120.3 116.4 109.4 101.2 91.9 87.7 109.4 112.8 110.9 114.4 115.1 117.7 116.6 117.4 117.9 118.1 118.4 118.2 117.8 117.8 117.8 118 117.5 116.7 117.3 118.7 119.7 120.8 121.6 121.7 122 123.5 123.9 121.7 121.5 120.9 120.5 120.7 120.2 120.1 119 118.9 120 121.1 122.3 122.2 122 123.1 125.1 126.1 126.2 130 129.1 129.8 131.4 134 133.5 136.9
131.3 130.8 130.2 130.4 131 124.1 124.1 108.1 103.3 102.6 109 110.2 111.5 113 109.8 102.8 100.5 103.2 100 96.7 96 104.1 108.8 102.2 97.5 93.7 89.4 113.7 118.8 118.1 117.7 117.8 118.6 117.8 117.8 118.5 119 119.9 120 120.4 119.6 119.1 118.9 118.5 119.9 121.8 122.9 123.6 124.8 126.1 125 126.1 126.3 126 124.7 123.2 120.7 120.2 120.9 121.1 121.5 122.2 122.9 122.5 122.3 122.8 126.2 127 127.5 130 130 130.1 131.3 132.2 132.4 132.7 133.8 134.6 135.4
131.1 130.2 129.7 129.7 123.1 117 114.4 107.8 115.8 114.3 110.6 105.8 106 105.1 101.5 104.1 107.3 108.7 107.3 104.8 102.2 100.4 97.7 97.6 96 95.3 95.5 118.9 120.7 121.1 120.8 120.4 119.7 119 118.3 119.8 121.1 121.9 122.3 123.2 122.9 121.8 121.1 122.2 123.8 124.3 125.7 126.1 126.6 126 125.8 127.8 126.8 125.2 123.8 122.7 122.5 125.7 126.5 124.9 124.2 123.8 123.6 124.3 125.6 129.8 130.8 131.2 132 133.2 134.5 134 134.6 135.2 135.4 135.4 135.9 136.9 138.1
130.5 129.1 127.8 124.1 115.7 111.8 108.8 115.6 121.9 120.8 118.7 115.3 111.7 114.3 117.4 118.5 117.8 116.1 109.8 106.6 104.6 102.6 99.4 94.3 95.1 94.7 117.8 122.5 122.4 121.7 121.5 121.4 119.9 120.5 121.7 123.9 123.7 124.3 125 125.6 125.1 124.7 123.6 122.6 124.2 126.7 127.2 126.8 126.3 126.5 126.5 124.1 124.2 124.2 127.9 126.6 128.2 128.2 128.7 127.1 127.4 128.1 131.1 131.6 132.9 134.2 135.5 135.3 135.5 136.4 136.9 137.1 137.7 138.1 138.2 138.7 139.3 140.1 141.7
127.1 126.9 123.7 117.6 112.3 111.3 107.8 124.7 123.9 123 123 123 123 122.6 122.1 121.4 120.9 120 118.2 109.4 106.5 104.9 101.9 100.8 110 123.7 124.2 122.3 121.4 120.8 121.1 121.6 121.9 122.6 123.6 125.1 126.3 127 127.7 128.2 128 127.6 126.8 125.7 124.3 124 124.7 125.9 128.7 127.6 129.2 128.7 134.9 134.3 134.3 134.1 132.8 132.7 131.6 134.1 135.1 136.1 136.1 136.8 137.5 138.8 139.7 139.7 139.9 140.4 141.6 141.6 141.9 141.6 141.9 142.1 142.8 143.6 144.8
126.4 117.9 116.6 112.5 111.7 107.8 116.3 125.1 125.7 123.6 123.6 123.5 123.6 123.1 122.9 123 122.9 122.3 122.9 122.4 120.4 115.2 105.1 120.5 121.8 122.7 124.2 123.1 123.3 123.3 124.1 124.2 125 125.8 126.4 127 129 129.5 130.2 130.6 130.5 130.8 131.6 132.5 132 131.4 131.7 133.6 133.6 134.8 131.9 127.6 134.7 136.6 137.3 137.9 138.6 138.6 138.7 138.8 140.6 142 142.8 139.6 143.4 144 143.7 143.6 145.6 144.8 146.3 146.3 146.2 145.9 145.9 145.8 146.4 146.7 147.7
109.5 110.5 113.8 108.9 115.1 116.1 119.8 125.5 126.6 125.8 124.1 124.4 125.2 125.1 125.1 124.8 125 125.3 126.7 125.7 125.4 124.9 122.5 120.2 122.2 124.8 125.9 126.3 126.7 127 127 126.3 127.3 128.9 129.9 129.5 130.9 132 132.9 133 133.7 133.9 134.9 136.1 137.3 138.3 138.7 139 139 138.6 128.2 130.9 137.6 140.4 140.8 140.8 141.5 141.5 141.3 141.6 143.7 145.9 144.3 144.7 146 147.4 148 148.7 148.6 148.4 148.4 148.8 149.2 148.2 149 149.7 149.6 149.7 150.7
114.1 116.4 114.3 116.8 125.8 125.6 126 126.5 127.1 128.5 128 128.7 128.1 128 127 127.1 126.7 127.4 127.9 127 127 127.3 127.3 127.4 128.8 128.7 129 129.5 128.6 129 129.5 128.6 130.7 132.3 133 133.9 134.5 134 136.4 137.2 137.6 138.2 139.8 140.4 140.9 141.3 142 141.9 140.9 133.2 129.6 132.9 143.3 142.8 143.9 144.9 144.8 143.5 144.2 145.6 145.5 148.7 149.7 150.7 151.3 152 152.8 153.3 153.8 154.3 154.4 153.6 153.1 152.1 152.1 152.4 152.7 153 154.4
120.9 124 124.9 127.5 127.9 127.7 128.1 128.7 126.3 126.6 126.3 130.1 130 130.1 130.2 129.5 128.9 129.8 130.2 130.6 130.5 130.1 130.8 130.5 131.6 131.8 131.6 131.3 131.8 131.9 132.4 133.7 134.6 135.2 138.6 139 139.3 139.7 140.8 141.4 142.5 142.7 142.6 142.8 142.6 142.1 141.5 138.5 134 131.5 137.6 140.7 142.7 144.2 144.4 144.8 145.2 146.5 147.7 148.9 147.7 151.6 152.9 153.7 154.5 155.1 155.7 156.3 156.9 157.5 158 157.3 156.7 155.2 155.1 155.4 155.3 156.2 157.9
128.8 130.6 129.4 130.5 130.6 129 129.6 131.3 130.3 131.5 132.1 131.4 131.9 132.5 132.9 132.8 132.8 133.4 133.8 134.4 133.8 133.1 133.7 134.1 134.5 134.4 134.6 135.7 137 138 140 141.2 142.3 143.2 143.5 144.3 144.7 145.1 142.9 143.6 143.8 143.8 141.9 141.3 140.1 136.4 133.3 131.4 135 143.5 142 143.7 144.3 143.6 145.1 145.5 146.2 147.1 148.1 151.6 155.5 156.6 159 159.6 160 160.3 160.7 161 160.2 159.7 160 159.6 159.2 158.5 158.1 157.8 158.4 159.2 161.6
133.8 133.1 131.1 131.3 131.7 129.5 132.7 135 135.8 135.8 136.9 134.3 135.1 135.9 137.4 138.5 139.3 138 138.6 138.7 138.2 137 138 138.4 138.6 138.8 139.5 141.5 142.9 143.3 144.5 144.6 144.7 144.6 144.2 143.7 143.4 143.4 140 139.1 139.5 136.1 133.9 133.9 133.9 133.4 132.5 139.5 143.1 143.9 144.4 144.9 145.2 145.9 147.3 148.3 148.7 153.4 154.8 157.2 159.2 151.9 163.7 163.4 162.8 162.6 162.7 164.2 162.4 161.7 161.2 160.5 160.6 161.3 160.1 159.6 160.5 161.7 163.6
133.1 133.9 132.8 136.6 135.1 138.6 140.7 140.8 141.2 140.3 140.4 137.4 140.8 141.7 142.9 143.8 144.3 142.9 144.5 142.8 142.8 141.9 141.7 141.8 142.1 142.5 142.7 143 143.8 143.9 144.6 144.5 144.4 144 144.2 143.1 142.7 141.3 138.2 141.1 141.5 146 146.2 143.7 141.5 137.1 142.2 143.8 145.3 145.8 145.5 147.8 148.4 150 151.7 153.8 155.1 156.4 158.2 164.6 168.6 166.5 162.3 167.8 166.9 165.8 164.7 164.5 164.6 164.1 163.2 162.3 163.3 163.1 162.7 161.3 162 163.7 165.4
132.7 133.8 137.3 140.9 143.8 146.3 146 145.9 145.6 147.2 148.6 149.2 140.1 147.8 149 148 148.6 147.3 146.9 146 145.5 144.5 144.3 144.3 144.1 143.9 143.8 144 144.2 144.3 144.1 143.8 143.5 143.5 143.3 142.5 142.1 140.2 139.3 141.5 143.8 146 146 145.7 144.3 143.6 144.9 146.2 147.7 149.7 150.4 152.1 152.3 153.2 155.7 158.2 160.9 162.4 164 165.9 167.4 169.9 158.2 171.2 170.8 170.1 169.2 168.5 167 166.6 165.8 164.7 163.7 162.9 162.7 163.2 164.5 165.3 166.7
146 147.9 148.4 152.1 152.4 151.9 151.7 151.8 153.7 154.6 155.1 154.9 154.6 143 151.8 152.9 151.8 151.1 149.9 148.4 147.5 146.8 146.3 145.6 145.9 145.6 145.2 144.4 144.4 144.2 143.9 143.7 143.5 143.1 143.3 142.4 142.6 141.9 144.5 145.4 145.9 145.3 144.8 144.7 145.7 147.7 148.2 149.5 151.9 153.5 154.9 156.2 157.9 160.3 161.4 161.4 165.5 166.9 168.7 170.2 170.6 171.2 159.3 171.7 171.6 171 170.8 170.4 170.7 167.2 166 165.1 164.6 163.7 163.6 164.8 166.1 166.8 168.5
