data/320000-520000.asc
ncols 200
nrows 200
xllcorner 320000
yllcorner 520000
cellsize 50
[rows 144 to 179 of 200, columns 81 to 161 of 200]
91.8 93.4 95.7 102 113 126.5 151 187.8 203.3 174.5 151 140.5 133 128.5 114.1 98.3 86.1 79.4 79 80.2 82.5 81.1 81.9 89.9 101.7 111.8 102.2 83.7 75.7 74.3 74.3 74.3 74.3 74.3 74.3 74.3 74.3 75.7 76.4 75.2 75.7 76.5 74.3 74.3 74.3 74.3 74.3 77 87.7 94.7 85.7 79.6 81.1 86.3 90.8 97.7 106.5 115.9 128.2 135 129.2 114 99 100.5 102.9 105.3 107 110.4 117.2 125.1 130.6 131.6 142.1 151.2 157.7 161.7 169.7 176.4 183.3 189.2 193.4
99.6 102 112.6 119.8 127.4 143.7 168.4 197.9 200.1 174.6 152 146.2 140.4 129.6 119.6 107.7 102.4 85.3 83.6 88.2 89.8 91.1 92.6 98.7 114.2 111.9 97.6 81.8 74.3 74.3 74.3 74.3 74.3 74.3 74.3 74.3 74.3 74.3 74.3 74.1 75.6 76 74.3 74.3 74.3 74.3 74.3 79 87.7 96.9 89.5 80 79.5 83.7 88.6 93.7 108.4 127.1 140.7 141.9 131.6 110.7 100 101.7 104.2 106.6 108.4 110.5 115.8 123 129.6 135.9 145.5 155.4 162 165.6 173.1 180.1 187 193 198
99.8 116 135.4 146.7 143.3 165.3 189.2 196.7 191.3 169.3 153.1 147.5 139.8 127.6 117.6 109.7 106.3 92.4 85.8 95.9 98.3 101.4 102.6 106.6 109.5 103.5 87.9 76.1 74.3 74.3 74.3 74.3 74.3 74.3 74.3 74.3 74.3 74.3 74.3 74.3 74.3 74.3 74.3 74.3 74.3 74.3 74.3 80.5 83.1 89.2 86.4 81.6 80.1 80.9 83.4 88.8 101.2 128.8 159.7 139.8 124.8 107 101.3 102.3 104.7 106.6 109.3 111.9 114.9 119.3 126.3 134.8 146.3 155.7 162 167.5 177.6 185.5 192.4 197.3 201.7
116.2 138 153.4 168.8 172.1 188.9 204.1 198 186.1 167.3 146 141.9 132.2 124.3 118.8 114.8 109.5 99.2 91.8 101.4 108.1 112.5 110.7 107 100 92.6 80.4 73.7 74.3 74.3 74.3 74.3 74.3 74.3 74.3 74.3 74.3 74.3 74.3 74.3 74.3 74.3 74.3 74.3 74.3 74.3 74.3 81.6 83.9 84.1 82.6 82.4 81 81.3 84 85.4 88.9 119.6 136.7 126.2 110.8 106.4 101.4 103.3 105.1 106.3 112.2 115 115.6 118.7 120.1 129 141.2 151.9 158.3 165.6 178.6 188.2 193.9 199.4 204
128.3 151.4 169.4 183.1 193.6 204.6 214.2 204.2 183.4 163.8 147.6 133.2 124.8 124.8 120.9 120.9 111.7 103.6 98.2 105 113.1 121.5 115 102.6 92.5 86.4 78.2 73.6 74.3 74.3 74.3 74.3 74.3 74.3 74.3 74.3 74.3 74.3 74.3 74.3 74.3 74.3 74.3 74.3 74.3 74.3 74.3 83 86.6 82.3 79.7 79.9 80.1 81.9 86.5 88.3 86.1 94.8 115.7 109.4 105.3 103.8 101.5 102.1 104 108.2 113.5 116.8 118.4 123.2 126.9 129 132.6 145.2 153.7 164 176.2 183 189.8 194.9 200.4
132.9 157.5 174.6 189.6 212.2 224.5 221.2 209.9 191.9 172.9 152.8 136.1 121.1 122.2 125.2 119.9 114 104.2 97.6 106 116.1 117.8 109.4 97.9 89.1 85.9 79.6 78.8 74.3 74.3 74.3 74.3 74.3 74.3 74.3 74.3 74.3 74.3 74.3 74.3 74.3 74.3 74.3 74.3 74.3 74.3 74.8 83.4 88.4 83.8 78.9 79.2 79.7 81.5 85.9 91.1 87.6 83.7 89.1 95.1 99.8 100.3 100 98.6 104.8 107 112.8 117.3 121.8 124.7 129.9 133.1 135.4 143.1 148.3 159.7 171.1 176 183.7 191.6 197.6
128.1 153.7 173.6 198.6 221.2 238.1 232.9 217.8 204.8 183.7 161.7 145.5 130.4 117.4 117.2 115.9 110.3 100 96.7 106 111.1 106.9 102 93.2 88.3 84.1 82.1 77.9 74.3 74.3 74.3 74.3 74.3 74.3 74.3 74.3 74.3 74.3 74.3 74.3 76.2 78 74.3 74.3 74.3 74.3 74.9 84.1 89.8 86.2 79.4 79.1 79.5 80.7 84.6 88.8 88.7 82.4 84.6 87.7 94.1 96.2 96.3 99.4 105.4 112 114.7 118 122.5 127.4 131.7 135.5 140.1 146.7 155.1 163.5 172.3 178 184.4 191.3 199.2
119.6 145 170.1 197 220.7 238.6 236.1 219.2 203 186.9 165.7 150.6 135.3 121.2 109.1 106.7 100.4 98 96.4 103 102.2 96.7 93.2 88 85.7 83.8 81.6 76.5 74.3 74.3 74.3 74.3 74.3 74.3 74.3 74.3 74.3 74.3 74.3 74.3 77.9 82.5 78.7 74.3 74.3 74.3 75.3 85.1 90.1 87.5 80 78.6 78 78.7 82.7 85.2 84.6 81.7 84.1 86.3 89.5 90.4 96.4 98.3 102.7 109.2 114 118.1 122.9 128.1 133.6 138.4 143.9 150.4 159.1 168.3 175.6 181.4 187.2 191.2 198.6
115.6 136.5 157.5 185.4 212.3 222.2 221.5 206.8 194 180.2 162 145 133.8 124.4 115.4 101.7 96 94 95 100.3 95.2 89.6 87.1 83 82.5 82.8 83.9 81.5 74.6 74.3 74.3 74.3 74.3 74.3 74.3 74.3 74.3 74.3 74.3 74.3 76.7 82.7 77.7 74.3 74.3 74.3 77.8 84.8 87.8 86.6 80.5 79 78.4 78.1 80.6 84.3 84.2 81.3 83.3 85.3 87.1 90.9 94.9 96.7 98.4 105.7 111.7 117.4 121.9 126.6 132.4 139.2 145.5 151.6 159.5 169.1 179 186.2 192.4 195.9 198.8
107.7 126.4 145.4 168.7 193.1 202.8 200.7 189.7 177.2 166.7 153.2 140 132.2 122.7 111.4 104.5 97.7 90.8 91.4 89.6 86.3 83.7 83.4 84.5 83.8 84.8 86.9 86.8 80.1 74.3 74.3 74.3 74.3 74.3 74.3 74.3 74.3 74.3 74.3 74.3 74.3 81.3 77.6 74.3 74.3 74.3 77 80.7 84.4 84.1 81.6 78 78.3 77.8 78.6 82.6 82.7 80.4 82.2 84.1 85.7 87.3 91.9 96.3 97.1 102.5 108.9 115 121.8 126.9 131.8 137.2 143.2 149 158.6 167.5 177.1 184.9 191.4 197.5 201.3
96.2 115.1 133.7 153.2 173.4 185 181.1 176.5 163.9 154 144.2 138.9 131.4 116.3 111.8 105.7 101.6 90.9 88.1 86.6 85.1 83.8 84.4 86.9 86.8 87.5 90.4 90.5 86.3 74.3 74.3 74.3 74.3 74.3 74.3 74.3 74.3 74.3 74.3 74.3 74.3 77 74.3 74.3 74.3 74.3 74.7 74.3 77.8 82.6 81.6 77.8 78.3 77.5 78.4 78.8 79.4 79.4 80.5 81.3 83.1 86.4 89.9 94.5 98.6 101.7 106.4 113.2 119.1 124.9 131 135.7 141 146.4 155.5 163.9 173.8 183.8 192.1 199 204.9
89.9 106.3 123.5 142 164.3 176.6 174.1 166.2 154.5 143.7 136.8 135.4 125.8 116.1 111.8 107.6 102.4 95.7 91 88.2 86.5 86 87.2 89.9 91.4 91.2 93 91.7 86.8 76.1 74.3 74.3 74.3 74.3 74.3 74.3 74.3 74.3 74.3 74.3 74.3 74.3 74.3 74.3 74.3 74.3 74.3 74.3 74.9 79.7 79.3 76.8 77.5 77.7 78.6 78.9 78.3 79.6 81.4 82 85.3 88 89.7 94.1 99.5 103.1 106.5 112.5 118.4 123.6 129.3 134.4 139.7 144.9 152.4 159.7 167.1 177 191.5 201.5 208.4
89.6 99.7 114.3 132.2 158.6 175.4 170.5 161.5 149.5 138.2 133.8 132.2 122.4 118.7 114.3 109.7 102.8 96.8 93.1 90.6 89 88.3 89.3 91.3 92.5 92.4 92.9 90.9 86.3 75.2 74.3 74.3 74.3 74.3 74.3 74.3 74.3 74.3 74.3 74.3 74.3 74.3 74.3 74.3 74.3 74.3 74.3 74.3 74.3 76.7 76 75 78.6 80.7 78.2 77.8 77.7 78.3 79.3 80.7 86.4 88 90.7 95.3 99.6 103.7 106.4 110.7 116.6 121.9 127 132.8 138.1 143.4 150.5 157.5 164.1 172.3 187.2 195.4 205
90.5 96.4 107 124.3 157 177.1 168.1 154.9 142.4 135.5 128.6 122.3 121.2 120.5 116.9 112.7 105.4 98.3 95.7 92.9 90.6 89.3 89.8 90.5 91 91.3 90.6 88.4 82.8 74.3 74.3 74.3 74.3 74.3 74.3 74.3 74.3 74.3 74.3 74.3 74.3 74.3 74.3 74.3 74.3 74.3 74.3 74.3 74.3 74.3 73.6 73.6 80.2 81.8 80 78.2 77.9 77.2 77.9 79.1 86.4 87.6 91.9 96 101 103.1 105.2 109.4 114.9 120.3 125.5 131 136.3 141.4 147.8 154.1 161.5 170.5 180 189.7 201.4
90 95.8 103.1 118.6 151.5 185.5 169.6 154.6 140 130.8 123.7 118.6 119.5 121.3 121.2 113.7 105.6 99.8 97.4 94.7 92.5 90.3 89.3 88.6 88.9 89.5 88.1 86 80.7 74.3 74.3 74.3 74.3 74.3 74.3 74.3 74.3 74.3 74.3 74.3 74.3 74.3 74.3 74.3 74.3 74.3 74.3 74.3 74.3 74.3 74.3 74 79 81.4 79.7 79.2 77.4 76.7 77.6 78.6 83.4 87.3 90.8 95.2 99.9 102.3 105 109.1 114.6 120.2 125.2 129.6 134.2 139.5 147.5 152.7 160.3 170.5 182.2 196.6 211
89.7 95.6 100.6 111.4 138.5 181.2 165.9 148.4 135.4 126 118 116.4 117.8 121.5 119.4 112.8 105.9 101.2 99.2 94.7 92.2 90.2 89 88.3 87.5 87.2 87 83.1 77.8 74.3 74.3 74.3 74.3 74.3 74.3 74.3 74.3 74.3 74.3 74.3 74.3 74.3 74.3 74.3 74.3 74.3 74.3 74.3 74.3 74.3 74.3 74.3 76.3 78.4 80.1 79.4 78.7 77.5 78.3 78.7 81.5 85.3 90.5 94 99.8 104.3 106 109.5 114.6 120.1 124.6 129.2 134 140 147.1 154.4 164.5 175.9 187.6 203.4 218.5
88.8 94 98.7 106.5 125.7 152.6 155 140.1 130.3 121.2 114.1 113.3 117.1 121.8 120.2 112.2 103.9 102.5 98.6 93.9 91.8 92.2 89.4 85.7 85 86.3 85.4 80.4 75.3 74.3 74.3 74.3 74.3 74.3 74.3 74.3 74.3 74.3 74.3 74.3 74.3 74.3 74.3 74.3 74.3 74.3 74.3 74.3 74.3 76.4 77.3 74.3 74.3 76.3 78.5 80.3 82.1 80.7 80.5 78.8 80.7 86 92.2 95.5 99.8 105.6 109.2 108.4 114.6 119.7 124.4 129.1 134 140.6 147.9 160.2 172 183.1 197.1 213.3 227.3
86.7 91.7 97.9 105.2 118.8 135.5 138.7 127.4 121.2 116.1 112.8 112.3 115.1 117.3 115.2 106.8 102.2 98.9 94 90.7 92.7 90.9 89.6 88.1 82.8 82 81.5 77.9 74.3 74.3 74.3 74.3 74.3 74.3 74.3 74.3 74.3 74.3 74.3 74.3 74.3 74.3 74.3 74.3 74.3 74.3 74.3 74.3 75.6 81.8 80.9 74.3 74.3 74.3 76.8 81.2 86.1 85.1 81.8 79.9 83.2 85.6 92.7 97.2 101.1 105.9 111.4 109.4 113.4 119.4 124.4 129.1 134 141.7 156.5 169.6 182.3 194.9 210.5 225.6 239.3
86.2 91.5 95.6 103.1 116.1 131.4 126.1 117.3 112.3 108.1 112.6 110.3 110.5 110.4 106.2 101.7 100.9 91.4 90.6 90.9 92.1 93.4 91.2 89.3 83.5 80.6 78.5 76.3 74.3 74.3 74.3 74.3 74.3 74.3 74.3 74.3 74.3 74.3 74.3 74.3 74.3 74.3 74.3 74.3 74.3 74.3 74.3 74.3 74.9 82.4 79.8 74.3 74.3 77.8 79.2 82.1 88.7 87.8 83.9 80.6 84.2 84.1 91.2 95.1 98.8 104 110.1 110.1 112.5 117.6 123.2 128.5 137.2 153.4 167.9 184.5 195.8 214.1 228.6 242.5 255.7
86.2 88 91.7 100.9 111.8 126.2 116.8 109.4 104.3 103.6 105.9 105.1 105.1 104.1 99.5 97.5 92.5 87.8 86.9 87.6 89.4 92.7 93.9 88.5 82.6 79.1 76.5 74.3 74.3 74.3 74.3 74.3 74.3 74.3 74.3 74.3 74.3 74.3 74.3 74.3 74.3 74.3 74.3 74.3 74.3 74.3 74.3 74.3 74.3 78.8 75.7 74.3 74.3 80.8 80.2 80.1 87.4 87 82 82.5 82.5 83.2 88.4 91.7 95.8 103 107.4 109.6 111.4 116.7 122 129.5 147.7 166.8 186.8 205.6 221.2 234.4 247.7 261.4 274.5
86.8 89 94.6 103.5 111.8 119 110.9 102.4 99.3 100.8 100.1 100.5 98.4 97.6 94.6 93.2 85.3 86.8 83.4 84.2 86.4 88.7 90.2 88.2 84.1 80.1 76.1 74.3 74.3 74.3 74.3 74.3 74.3 74.3 74.3 74.3 74.3 74.3 74.3 74.3 74.3 74.3 74.3 74.3 74.3 74.3 74.3 74.3 74.3 74.3 74.3 74.3 74.3 81.5 81.6 78 81.8 81.5 79.2 81.7 81.5 83.2 85.6 89.6 93.6 99.6 105.7 108.8 111.4 117.1 125.5 138.2 159.4 182.3 207.8 228.8 249 258.1 273.1 285 296.5
87.6 92.4 98.8 106.3 110 110.9 103.7 98.7 98.9 97.5 97 96.5 94.5 92.6 91.2 87.4 83.1 83.5 80.9 81.1 84 86.9 87.9 87.7 87 79.9 74.3 74.3 74.3 74.3 74.3 74.3 74.3 74.3 74.3 74.3 74.3 74.3 74.3 74.3 74.3 74.3 74.3 74.3 74.3 74.3 74.3 74.3 74.3 74.3 74.3 74.3 74.3 82.1 81.1 77.9 79.1 80.9 78.8 79.3 79.9 81.1 85 87.6 91.8 97 103.4 107 110.5 117.6 129.1 151.8 172.8 196.9 232.9 257.5 277.7 287.1 298.2 308 317.6
88.5 94.3 99 101.8 104.5 104.2 100.6 97 96.2 97.8 95.4 93.7 91.6 90.6 90.4 87.3 83.4 81.5 80.6 80.2 83.1 86.4 88.7 82.2 85.1 81.4 74.3 74.3 74.3 74.3 74.3 74.3 74.3 74.3 74.3 74.3 74.3 74.3 74.3 74.3 74.3 74.3 74.3 74.3 74.3 74.3 74.3 74.3 74.3 74.3 74.3 74.3 74.3 79.9 78.8 77.9 81.1 82.6 80 78.7 78.8 81.8 84.3 87.1 90.4 95 101 104.9 110.3 120.1 142.4 165.1 184.6 219 255 287.8 311 315.2 318.4 325.8 329.2
89.1 97.5 99.1 99 99.6 99.5 96 96.4 96.3 97.6 94 95.8 90.7 89.5 89.4 88 82.8 80.5 80.3 79.5 79.8 83.3 88.1 81.5 83.2 88.8 74.3 74.3 74.3 74.3 74.3 74.3 74.3 74.3 74.3 74.3 74.3 74.3 74.3 74.3 74.3 74.3 74.3 74.3 74.3 74.3 74.3 74.3 74.3 74.3 74.3 74.3 74.3 77.8 77 77.7 81.2 82.1 79.4 78.5 79.3 80.7 83.7 87.6 90.9 95 100.9 106.8 114.4 131.4 155.8 176 201.7 243.2 281.2 315 331.6 332.4 330.3 330.3 330.6
91.4 97.3 98.7 98.5 96.1 95 93.3 94.1 96.4 98.1 93.6 91.8 89.9 88.4 87.8 87.9 86.3 80.5 79.2 78.8 79 79.2 86.8 79.1 83.6 88 74.3 74.3 74.3 74.3 74.3 74.3 74.3 74.3 74.3 74.3 74.3 74.3 74.3 74.3 74.3 74.3 74.3 74.3 74.3 74.3 74.3 74.3 74.3 74.3 74.3 74.3 74.5 80.1 77.3 77 79.1 80.9 80.7 79.8 79.2 80.3 82.4 88 92.2 98 104.1 111.4 121.8 144.6 164.9 189.5 226.6 268.3 312.6 340.3 345.5 342.9 337.9 336.7 334.6
92.1 97.8 98.5 95.6 93.5 95.6 95.6 96 95 95 92.2 92.8 90.8 89.3 90.5 90.5 90.2 82.2 78.7 78 76.2 75.5 75.7 75.4 80 78.5 74.3 74.3 74.3 74.3 74.3 74.3 74.3 74.3 74.3 74.3 74.3 74.3 74.3 74.3 74.3 74.3 74.3 74.3 74.3 74.3 74.3 74.3 74.3 74.3 74.3 74.3 74.3 77.9 75.3 74.6 76.9 78.5 77.5 78.4 79 79.6 81.5 87.6 94.8 102.2 110 119.3 136.2 157.8 179.5 210.1 248.9 295.7 346.2 359 353.1 347.6 340.9 339.9 337.2
92.2 96.3 97 93.4 96 103.5 104.3 105.2 99.1 94.8 92.9 92.6 93.6 96.9 96.5 93.5 89.7 83.1 79 77.1 75.4 74.3 74.3 74.3 74.8 75 74.3 74.3 74.3 74.3 74.3 74.3 74.3 74.3 74.3 74.3 74.3 74.3 74.3 74.3 74.3 74.3 74.3 74.3 74.3 74.3 74.3 74.3 74.3 74.3 74.3 74.3 74.3 74.3 74.3 74.3 74.3 74.3 74.3 76.5 78.3 79.8 82.4 87.6 99.5 107.6 118.5 133.2 151.6 172.2 197.2 230.4 274.5 308.6 358 362.7 355.9 349.9 345.2 342.9 340.2
92.2 93.1 93.5 93 94.7 97.5 103.7 104.9 99.2 94.6 93.9 94.2 97.3 104.1 101.9 96.3 88.6 83.3 78.9 77.2 75.8 75.1 74.3 74.3 74.3 74.3 74.3 74.3 74.3 74.3 74.3 74.3 74.3 74.3 74.3 74.3 74.3 74.3 74.3 74.3 74.3 74.3 74.3 74.3 74.3 74.3 74.3 74.3 74.3 74.3 74.3 74.3 74.3 74.3 74.3 74.3 74.3 74.3 74.3 76.5 79.1 81.1 83.5 93.1 105.1 116.6 130.5 146.6 163.8 184.3 223.3 256.5 317 349.5 361.5 362.8 357.7 352.2 347.5 344.5 341.5
95.4 94.2 93.6 93.7 94 94.3 95.9 94.8 95.1 94.6 95 96.1 100.3 105.3 104.1 98.1 89.5 84.3 79.8 77.4 75.9 75.8 74.3 74.3 74.3 74.3 74.3 74.3 74.3 74.3 74.3 74.3 74.3 74.3 74.3 74.3 74.3 74.3 75.4 74.3 74.3 74.3 74.3 74.3 74.3 74.3 74.4 74.3 74.3 74.3 74.3 74.3 74.3 74.3 74.3 74.3 74.3 74.3 74.3 76.8 80.7 86.1 89.2 101.1 113.1 125.5 141.4 159.8 178.9 210.8 252 309.5 360.6 358.3 359.8 360.9 358.2 353.9 349 346.2 342.9
98.7 98.4 96.7 97.6 99.1 98.7 99.7 99 97.8 96.4 97.1 99.8 103 105.3 104.7 99.8 91.7 85.5 81.2 77.9 73.6 74.3 74.3 74.3 74.3 74.3 74.3 74.3 74.3 74.3 74.3 74.3 74.3 74.3 74.3 74.3 74.3 74.3 75.9 74.3 74.3 74.3 74.3 74.3 74.3 74.3 74.3 74.3 74.3 74.3 74.3 74.3 74.3 74.3 74.3 74.3 74.3 74.3 74.3 78.1 83.9 90.6 96.3 107.5 119.5 132.2 151.7 175.3 199.1 233.7 291 354.2 366.5 365.6 362.1 359.7 356 352 348.9 345.7 342.5
101.4 101.9 101.5 102.9 103.2 104 105.1 104.4 103.7 100.1 100.9 104.2 107.5 109.7 112.3 106.3 97.9 91.5 82.9 80.9 79.1 74.3 74.3 74.3 74.3 74.3 74.3 74.3 74.3 74.3 74.3 74.3 74.3 74.3 74.3 74.3 74.5 78.1 74.4 74.3 74.3 74.3 74.3 74.3 74.3 74.3 74.3 74.3 74.3 74.3 74.3 74.3 74.3 74.3 74.3 74.3 74.3 74.3 74.3 81.1 88.5 96.2 101.7 113.3 127.4 143.7 166.1 188.7 216.7 249.2 311.2 361.2 374.4 371.6 369.3 363 356.8 353.4 349.1 346.3 343.1
104.9 104.8 105.8 108.1 108.8 109.8 110.3 110.5 109.9 106.1 107.4 112.7 114.7 117.4 121.2 120.2 109.5 99.6 85.3 83 81.4 76.6 74.3 74.3 74.3 74.3 74.3 74.3 74.3 74.3 74.3 74.3 74.3 74.3 74.3 74.3 78 78.1 74.3 74.3 74.3 74.3 74.3 74.3 74.3 74.3 74.3 74.3 74.3 74.3 74.3 74.3 74.3 74.3 74.3 74.3 74.3 74.3 76.3 84.5 91.1 99.5 109.2 122.7 136.9 156.6 177 204.9 236 292.8 316.2 354.7 367.2 367.9 366.9 364.1 358.6 356.1 351.3 348.2 342.3
109.7 110.1 111 113.2 114.3 114.9 115.5 116.1 116.1 114.2 120.1 125.7 128.6 129.6 136.5 132.3 118.9 104.4 89.5 83.1 81.3 79.3 74.3 74.3 74.3 74.3 74.3 74.3 74.3 74.3 74.3 74.3 74.3 74.3 74.3 74.3 75.5 74.3 74.3 74.3 74.3 74.3 74.3 74.3 74.3 74.3 74.3 74.3 74.3 74.3 74.3 74.3 74.3 74.3 74.3 74.3 74.3 75.4 79.8 87 95.2 105.4 118.3 131.4 148.2 170.9 200.3 237.7 295.9 332.3 333.1 357.5 362.1 362.4 362.2 359.5 356.6 353.7 350.1 347.5 342.4
114.8 115.6 116.2 118.4 119.9 121.1 121.6 122.1 123.5 126.8 132.8 139.2 144.6 151.4 164.8 151.4 128.9 108.8 92.2 81.1 78.9 76.9 74.3 74.3 74.3 74.3 74.3 74.3 74.3 74.3 74.3 74.3 74.3 74.3 74.3 74.3 74.3 74.3 74.3 74.3 74.3 74.3 74.3 74.3 74.3 74.3 74.3 74.3 74.3 74.3 74.3 74.3 74.3 74.3 74.3 74.3 74.3 77.6 80.9 89.2 101.4 114.4 127.1 141.7 160.7 188.7 236.3 306.2 334.6 344.8 350 354 357.1 356.7 356.4 355.1 353.5 352.4 350.6 347.7 347.5
119.1 120.1 121.3 123.4 127 128.3 129.3 129.8 133.2 144.1 155.5 164.6 169.4 177.6 186.1 166.7 140.1 114.3 98.3 83.6 77.8 75 74.3 74.3 74.3 74.3 74.3 74.3 74.3 74.3 74.3 74.3 74.3 74.3 74.3 74.3 74.3 74.3 74.3 74.3 74.3 74.3 74.3 74.3 74.3 74.3 74.3 74.3 74.3 74.3 74.3 74.3 74.3 74.3 74.3 74.3 74.3 77.8 81.2 91.7 106.1 120.7 135.2 152.2 173.2 210.3 281.7 323.6 337.5 341.7 346.8 348.8 351.6 351.9 352.6 352.8 352.5 352.2 351.1 348.1 349.6
123.4 124.4 125.6 129 132.5 136.6 139.1 142.8 151 167 179.4 190.5 196.6 206.5 195.5 173.1 145.8 121.6 101.8 86.2 76.9 74.3 74.3 74.3 74.3 74.3 74.3 74.3 74.3 74.3 74.3 74.3 74.3 74.3 74.3 74.3 74.3 74.3 74.3 74.3 74.3 74.3 74.3 74.3 74.3 74.3 74.3 74.3 74.3 74.3 74.3 74.3 74.3 74.3 74.3 74.3 75.1 78.4 81.7 94.5 109.4 126.9 142 162.1 185.4 227.4 280.5 318 326 335.1 342.8 343.6 345.4 347.9 351.3 353 351.9 351.6 350 349.5 350
