data/320000-260000.asc
ncols 200
nrows 200
xllcorner 320000
yllcorner 260000
cellsize 50
[rows 35 to 69 of 200, columns 0 to 77 of 200]
334.4 330.3 324 316.9 312.1 308.4 295.1 283.6 272.6 263.9 258.5 253.1 249.3 246.3 244.3 242 239.9 232.2 232.8 237.9 239.3 240 242 245.8 244.5 248.8 255.2 266.5 279.6 289.8 298.8 305.4 310.7 313 312.2 314.5 310.5 305 312.5 309 306.5 304.4 301.1 301.1 298.9 294.4 291 291.4 289.9 290.8 290.9 289.6 293 294.2 296.2 295.4 293.9 290.5 283.2 279.3 271.9 263.3 250.9 240.2 233.2 228.9 225.7 221.8 221.2 220.4 219.3 214.8 204.8 194.3 195.2 194.9 194.4 193.9
320.6 316.4 310.6 303.3 299.2 294.7 289.5 280.8 270.3 260.7 253.8 249.4 246.5 243.8 241.8 240.3 239.2 235.4 230 231.1 234.2 235.4 236 236.7 236.8 238.4 240.5 245.8 252.9 262.1 270.9 280 285.5 290.7 291.9 293.8 291.6 283.9 289.1 289 284.6 281.5 279.1 276.6 273.2 271.2 269.1 267.9 264.9 264.6 263.7 263.2 266.1 268.2 271.8 273.4 273.6 270.3 260.4 263.3 257.4 250.4 239 230 223.3 219.3 215.2 212.2 209.1 209.9 210.5 211 201.8 195.7 195 194.3 194.1 193.8
305.9 301.9 296.9 291 285.8 281.8 276.7 267.9 262.6 254.5 249 245.8 243.9 241.3 238.6 236.7 236 233.8 231.6 229.3 229.9 230 229.8 229.6 229.4 230.5 233.2 234 238.1 242.1 245.8 251.5 259 263.2 266.3 267.2 268.2 265.4 267.8 267.2 264.6 261.7 260.2 256.4 254.5 249.9 251.4 249 249 246.5 245.8 246.3 245.9 245.1 245.2 245.2 245.6 244.8 244 240.7 237.9 232.7 226.2 221 215.5 209.9 207 205.6 204.6 203.8 204 207 197.9 194.9 194.1 194.1 193.8 193.4
290.8 288 286 281.3 278 274.1 267.5 258 250.8 246.7 244.3 243.5 241.6 239.3 237.1 235 234 233 232.1 229.9 228.5 227.5 227.8 226.6 226 225.5 225.5 226.4 227.2 229.1 233 238 242.5 243.8 247.4 249 250.2 249.1 250.2 250.3 249.3 247.1 245.6 242.8 237.8 237.8 237.6 235.4 234.5 232.8 231.8 231 230.5 230.7 230.7 229.9 228.4 227.9 227.3 226.1 224.6 222.5 218.4 214.4 210.2 205.8 199.6 198.6 203.4 206.9 204.4 199.1 196.9 195.1 194 193.6 193.2 193.1
276.6 271 272.3 271.3 268.6 263.4 258 253.3 249.2 246 244 242.8 240.7 239.5 237.3 235.5 233.7 232.3 230.7 229.2 228.6 227.8 227 225.8 225 224.1 223.4 223.9 223.7 223.2 224.2 227.9 231.2 233.1 234.9 235.5 237.6 238.5 239 238.3 237.1 236 235.7 234.3 229.9 228.5 224.3 221.8 219.9 220.9 219.2 215.5 215.3 217.4 218.6 216.5 214.5 214.5 215.8 215.7 214.6 214 213.2 210.9 209.3 201.1 198.2 197.8 199.1 206.5 205.5 197.9 195.3 194.4 193.6 193.1 192.9 193.9
298.9 287.9 277.7 267.3 259.8 256.6 254.2 252.3 250.5 248.1 245.6 243.4 241.6 238.8 239.4 236 233.4 232.5 230.3 229 227.6 226.8 227 226.2 225.4 224.3 223.1 222.4 221.9 221.5 220.9 221.2 221.4 223.6 224.7 226.2 229.1 231.8 231.8 231.6 231.3 229.6 229.2 225.9 219 216.5 211.7 210 210.6 210.3 209 207.1 205.1 206.3 207.1 206.6 206.3 206.3 206.6 206.3 204.4 202.5 202 203.3 199.4 198.4 197.9 197.9 197.5 195.7 196 195.3 194.1 193.6 198.4 196.8 193.7 193.1
302.3 296.1 285.5 274 265.8 259.5 257.2 254.6 252.2 249.9 248.3 246.6 244.4 242.5 236.6 235.2 233.8 232.7 231.5 230.2 229.2 227.7 226.5 226.1 225.5 224.6 223.5 222.4 221.9 221.4 220.9 218.6 218.1 219.3 219.8 221.7 223.4 226.1 226.7 227.3 227.5 226.3 224.1 217.4 210 208.6 207.9 208.4 208.5 208.4 207.5 206.1 205.6 205 204.6 204 203.7 202.8 201.4 201.6 201.9 201.5 199.5 198 197.9 198 197.9 197.9 196.7 195.1 195 194.3 197.3 204.3 207.4 202.6 200.4 198.4
305.6 293.3 283.8 273.4 267.9 261.4 258.7 256 253.2 251 249.1 246.4 245.3 238.4 237.1 241.8 239.2 237.5 237 235.3 233.4 231.7 229.2 226.6 225 223.9 223.5 222.7 221.6 221.3 220.8 218.8 218.4 217.6 217.2 217.4 219.3 220.6 225.2 226 226 226 223.1 213.1 208.7 207.7 207.7 207.9 207.8 208.1 207.2 206.4 205.7 205.2 204.9 204.3 203.9 203.1 202 201.3 200.6 200.9 199.3 198.4 198.3 198 197.9 197.9 197.6 200.3 204.5 209.2 210.9 213.6 213.4 210.9 208.1 204.1
317.8 305.8 294.1 285.1 275.2 267.9 261.1 258.2 255.2 252.5 250.6 240.8 239.6 242.6 243.5 244.3 243.4 241.1 240.5 238.7 237.2 235.7 234 228.7 224.7 222.8 221.2 222.3 221.5 220.7 218.9 218.2 217.4 217 217 216.9 216.3 218.1 221.8 226 225.7 222.3 214.8 210.7 209.8 209 208.5 208.4 208.1 207.7 207.1 206.3 205.8 205.4 205.2 204.5 204.1 203.5 202.3 201.5 201.8 201.3 200.8 199.9 199.5 199.2 199.4 203.7 207.6 211.8 213.6 216.7 220 221.6 223.4 224 219.2 213
335.6 324 313.5 298.5 289 276.6 267.4 261 258 254.5 242.7 245.2 252.5 248.2 248.8 249.2 249.6 249.4 246.1 243.8 242.3 239.8 237 232.6 228.9 225.4 221.5 221.6 221.3 219.3 218.2 217.3 217 217 217 216.9 216.3 215.6 215 225.6 223.9 216 211.5 210.9 210.7 210.7 208.9 208.5 208 207.8 207.1 206.4 206 205.6 205.3 204.8 204.3 203.8 202.8 202.8 204 204.8 204.2 204.1 206.5 208 211.5 211.5 214.8 217.8 221 225.4 229.9 233.2 235.9 238.1 234.8 226.1
342 332 322.1 311.9 297.7 284.8 270.8 263.8 258.4 247.7 242.8 258 263.8 262.8 261 259.2 259 257 253.2 251.1 248.3 245.4 242.8 238.8 234.1 227.4 222.3 220.8 220.8 219.1 217.7 217 217 217 217 216.9 216.3 215.4 214.9 214.8 214.6 212.2 211.3 210 210 210.4 208.9 208.3 207.9 207.8 207.3 207.2 206.3 205.8 205.5 205.1 204.6 204.1 205.6 209.7 208 206.6 210 211.1 211.4 212.7 216.9 218.2 220.8 225.2 230 235.3 243.1 247 250.5 253.2 247.3 238.2
349.9 338.9 327.5 315.6 302.1 287.4 272.4 262.6 254.1 245.1 265 274 274.5 276.9 277.7 276.8 273.9 270 265.4 261.8 258.9 254.4 249.3 245.3 240.3 232.1 226.1 222.5 220.2 220.8 219.1 217.2 217 217.1 217.1 216.9 216.2 215.3 214.9 214.5 213.5 212.6 211.9 211.1 210.8 210.6 211.1 209.1 211.2 210.4 209.6 210 207.1 206.2 205.7 207.7 208.2 212.7 216.1 216.1 216.6 216.4 216.5 217.8 217.2 219.6 223.1 224.9 228.5 233.9 241.7 250.1 256.3 259.1 261.1 264.9 263.2 253.4
355.1 345 332.1 317.8 302.9 286.5 271.3 259.4 246.8 256.1 275.5 286.5 290 294.5 296 293.6 291.3 287 280.9 276.2 269.4 264.8 258 253.2 247.2 240.6 234.7 229.5 222.2 220.2 221.4 218.8 217.2 217.1 217.1 216.9 216.1 215.2 214.8 215.2 220.3 220.2 217.2 215.1 214.1 213.9 214.5 216.2 220.9 220.4 220.2 218 212 216.2 219.2 217 216.8 219.6 222.5 223.4 222.4 224 225.3 226 225.2 227 230.1 233.1 236.5 243.9 253.8 263 267.4 272.2 274.4 277.9 279.4 270.4
360.8 350 336 318.1 301.4 284.5 268.3 248.4 250.4 269.8 290.3 297.4 301.2 304 306.2 305.8 304.3 300.7 297.3 292.7 285.8 283.5 276.7 270.9 263.8 253 247.3 245.6 239 233.7 229.8 226.8 223.6 222.4 223.9 221.4 219.5 223.7 219.8 226 225.4 224.6 224.7 220.2 217.1 218.3 221.5 220.3 221.4 222.8 222 219.1 220.8 222.3 224.2 224.8 225.8 226.7 229.1 229.2 229 232.1 233.4 233.3 232.3 234.4 239 243.9 247.9 250.9 264.4 273.6 280.1 283.2 286.3 291.2 292.4 288.5
364.9 353.3 336.7 318.5 300.9 281.9 262.3 251.2 263.2 280.4 301.1 308.4 312.9 315.6 318.9 317.7 316.8 314.1 312.3 307.6 303.1 300.5 295.4 290.3 281.7 276.4 269.8 265.8 259.5 250.2 244.7 240.8 236.2 233.4 230.8 227.5 227.1 227.9 226.7 227.8 228 228.1 226 221.1 219.7 223.8 227.3 226.5 226 225.9 225.1 226.4 227.5 228.5 231.6 231.6 232.2 233.8 235.8 236.7 238 240.7 242.4 243.4 242.7 246.8 248.3 254.2 258 263.2 273.5 283.7 290.1 293.5 297.3 305.2 306.1 301.9
364.8 352.3 335.4 316.4 298.7 280.3 258.9 256.5 272.8 289.6 309.7 319.5 324 326.9 329.7 330.9 328.8 323 323.2 320.4 316.2 313.9 311 306.7 301.6 295 290.9 288 280.1 272.3 261.8 259 251.5 245.9 241.2 236.1 234.8 232.2 231.9 232.7 233.1 232.2 227.1 224.7 228.5 228.9 228.8 229.3 230.5 230.7 231.8 234.2 236 235.9 237.9 239.3 240.3 241.9 243.8 244.3 247.6 250.5 253.2 255.7 256.4 258.5 262.6 265.7 270 275.3 284.4 292 297.3 304 308.4 314.7 315.5 310.9
359.5 346.8 331.8 315.1 297.3 279.6 255.8 265.7 282.9 297.9 317.7 327.6 331.2 334 337.4 338.9 337 334.6 333.2 330.6 328 325.9 324.6 321.3 315 310.5 306.6 304.3 299.3 295.6 284.1 281 275 265.9 258 251.7 247.9 246.3 241 234.6 234.5 234 229.6 232.5 233.9 235.4 236.3 236.8 238.7 238.6 240.5 242.5 244.6 245.2 244.4 248.3 250.8 252.4 255.8 259.3 262.5 264.6 267.7 272 272.9 272.1 274.3 277.2 280.4 286.3 293.8 298.9 305.9 313.3 318.7 321.7 323.3 320.1
351.3 341 329.4 315.6 297.9 266.9 259.1 272.2 293.8 309 325.2 334.1 339.2 341.5 344.5 345.7 344.6 343.7 341.2 338.1 336.5 335.6 333.8 330.9 326.9 323.3 320 317.5 313.7 307.7 303.9 296 288.4 282.8 276.2 268.1 263.3 260.5 256.2 250.9 246 238.6 233.4 240.3 243.8 244.8 245.9 246.1 251.1 250 252 254.9 255.7 256.8 257.7 263.8 266.5 268.5 272.3 278.1 280.8 279.4 285 289.1 289.7 287.4 285.5 289.4 291.9 295.8 302.2 307.9 313.3 319.8 328.9 332.4 332.6 329.2
342.4 334.8 325.3 312.8 280.5 261.9 275.4 288.5 304 319.6 333.8 340.9 344.6 347.9 349.9 350.9 350.4 349.4 347.2 345.3 343.7 342.5 339.9 337.1 334.8 332 331 327.7 322.9 317.4 313 307.7 301 294.2 288.8 282.1 276.8 272.6 265.7 260.7 253.7 240.8 248.2 256.3 258.4 259.9 261.9 260 263.2 263.2 267 268.6 271.6 274.5 277.3 280.6 287.4 292.3 295.4 299.9 299.1 299.6 300.6 301.5 300.7 299.6 297.7 299.7 302.7 306.6 312.3 317.1 321.9 328.5 338.7 342.4 342.1 339.3
334.4 327.8 317.6 296.6 263.4 280.9 292 302 315.7 329.5 340 346.4 349.7 352.6 354.6 355.5 355.5 355.3 354.3 352 350.3 348.4 345.3 342.6 340.4 338.2 336.4 333.1 328.3 324.7 320 314.7 308.6 303.4 296.8 290.7 285.8 279.7 270.1 256.4 241.2 250.2 264.9 271.2 272.3 274.8 273.5 275.6 278.1 281.8 284.7 289.5 292 294.9 300.7 304.8 307.8 307.4 310.1 312.5 312.4 311.5 311.8 312.6 310.4 308.5 309.2 308.5 310.3 315.6 321.1 325.3 329.9 335.8 344.5 349.7 350.2 348.2
326.9 317.6 306.3 271.3 271.1 294.5 308.4 319.1 328 336.9 346.5 352.7 354.7 356.5 357.9 359.1 359.3 358.9 358.2 355.8 354 353 350.9 347.8 346 343.7 340.8 336.9 332.8 328.9 323.4 318.5 313.5 308.1 303.2 296.6 289.1 280.2 261 247.9 259.8 266.3 277.9 277.5 281 283.9 286.4 291.6 293.6 297.4 302.5 306.2 310 313.8 317.1 319.9 320.6 321 322.7 323.6 321.8 320.3 320.1 320.9 320.2 319.7 318.9 318.7 318.1 322.6 326.7 331.1 335.4 341.5 350.6 354.7 355.9 353.4
310.4 305.2 297.1 272.3 294.2 307.2 322.4 333 336.6 342.5 351.4 355.8 357.4 358.9 360.2 361 361.1 360.9 360.1 358.4 356.6 355.5 354.1 352.7 350.6 347.7 344.6 340.8 337.2 332.5 326.9 321.1 315.6 309.5 304.1 297 286.4 271.6 252.5 266.7 277.5 276.7 288 291.6 295.1 298.2 302.3 307.4 307.4 312.3 316 320.7 324.8 328.6 330.1 330.8 332 332 333.4 334.1 332.9 329.4 328.7 327.5 327.9 326.6 326.6 326.9 326.4 328.6 332.2 337 342.3 348.6 356.8 358.6 358.7 355.1
294.7 286.7 277.9 269.5 298.6 317.8 329.5 336.1 341.3 347.7 355.7 356.5 358.5 360.2 360.8 361 362.1 362.8 361.7 360.6 359.1 357.7 356.3 354.6 352.9 351.2 347.6 343.9 339 334 327.7 319.8 312.4 303.7 295.3 289.8 278.8 262.2 267.7 282.4 291.2 295.4 303.7 307.8 310.6 313.5 318 320.2 323.2 326.5 329 334.4 338.1 341.3 341.9 345.9 347.3 345.3 345.3 343.2 339.5 337.3 336.6 335.2 334 333.1 333.5 331.9 332.2 334.7 337.5 342.8 348.3 354.1 359.4 360.8 358.3 349.2
277.1 282.2 280.8 282.4 298.4 311.2 322.9 332.1 340.9 347.3 355.2 355.1 357.8 360.8 360.7 361.1 363.1 363.7 362.5 361.2 360.5 359.2 357.9 356.1 354.3 352.6 348.8 344.2 336.5 330.8 321.3 310.1 300.9 291.2 283.1 275.8 266.7 270.8 288.1 302.9 311.8 310.4 319 320.9 324.9 327.9 330.4 332.9 333.5 336.9 338.1 343.1 347.6 350.5 353.1 357.2 356.5 353.8 351.5 348.4 345.6 345.6 345 342.9 341.4 340.6 339.8 338.3 338.1 339.2 340.9 345.5 349.1 354.1 357.6 356.1 348.7 340.7
276.1 289.6 293.9 278.9 280.6 297.3 314.4 325.2 334.9 343.7 351.4 353.6 355.7 358.2 358.9 360.9 362.2 362.3 361 360.9 360.7 360.3 359.3 357.5 355.7 352.9 348.9 343.4 333.6 322 308.7 295.3 283.9 274.8 274.7 277.5 282 292.3 309.8 323.3 327.2 325.9 330.9 333.4 337 340.5 342.8 345.1 344.1 347.7 349.7 352.4 355.1 358.1 361.7 361.8 359.4 355.9 353 351.7 350 349.5 348.2 348.1 347 343.6 340.6 340.2 340.8 339.8 342.4 346.1 351 350.7 347.6 342.1 338.1 329.4
285.3 286.1 294.2 296.9 283.2 282.1 298.3 312.8 327.8 337.9 344.2 346.4 350.5 353.3 355.9 360.4 360.3 358.7 358.7 360.2 360.7 360.4 360.2 358 354.4 350.7 345.8 336.1 323.5 310.5 295.3 284 290.4 293.2 296.3 296.6 306.5 317.4 330 340.2 343.2 338.9 344 348.4 350.7 351.7 353 355.5 355.1 355.2 355.8 359.4 362.6 365.2 365.4 363.7 362.5 360.4 358.2 355.8 354.3 351.8 350.1 346.5 344.3 342.1 338.4 334.4 336.9 337.1 337.7 341.2 344 341.7 337.8 331.1 322.2 311.6
296.8 297.3 296.1 296.4 298.5 292.9 286.2 300.9 316.8 328.4 336.4 338.9 343.3 347.1 349.4 351.6 353 354.2 356.1 357.3 358.1 360.4 359.5 356.3 352.6 347.3 338.1 325.6 309.8 295.4 293.2 301.1 306.2 312 316.4 320.3 328.7 339.1 346.3 355.4 352.8 353.3 355.5 357.9 360.2 361.2 363 364.4 363.3 363.6 364.9 367 369.8 371 370.7 369.9 368.1 366 363.6 360.7 358.4 353.1 349.6 343.7 340.4 337.1 333.4 330.1 328.2 328.1 327.5 328.2 330.8 330.8 327.2 320.3 312.6 300.3
314.1 309.3 304.7 300.2 302.1 302.6 302.9 293.2 299.6 313.9 330.3 333.7 338.3 342.2 344 345.1 346.8 350 352.8 354.6 355.5 356.4 354.4 351.8 347 340.4 327.8 311.5 295.6 303 308.8 314.5 318.5 325.1 330.7 339.6 351.2 356.3 357.9 359.3 358.4 361.2 364.2 366.8 368.9 370.4 371.1 370.7 370.2 370.6 372.7 375.2 376 376.4 376.2 375.3 372.9 369.5 367.1 365 360.8 355.5 351.2 345.1 337 329.1 324.2 323.2 318.3 315.5 312.6 312.6 315.9 317.1 315.3 311.3 304.8 293
333.7 326.3 320.4 314.3 313 312.2 316.1 312.4 308.1 299.5 315 330 337.6 344.5 343.6 341.7 343.5 346 348.5 351.2 351.4 352.5 349.9 344.5 337.2 326.8 310.8 305.6 312.9 319.1 322.5 327.2 333.6 342.2 350.6 359.3 363.5 364.9 365.1 365.8 365.3 368.2 371.6 374.5 376.2 376.8 376.1 376.3 376 376.4 377.6 379 380.2 381.4 380.4 379.3 375.7 372.9 371.4 368.1 363.3 357.1 351.8 345.4 336.4 327 317.7 308.9 305.6 303.4 300.6 298.3 300.6 301.2 300.3 298.8 293.8 284.8
346.2 345.3 338.9 335.1 332.6 332.1 326.3 322.4 323.3 320.3 306 320.6 337.3 341.5 341.1 340.3 341.2 342.5 345.1 345.9 345.6 345.6 339.1 330.5 322.6 319.9 317 322.6 328.8 332.7 338.1 346.7 354.7 361.8 370.3 373.8 373.5 372.5 372.6 371.5 373.6 375.3 378.1 381.3 382.5 381.9 381.7 382.4 381.7 382 383.7 385.9 386.2 384.9 381.9 379.9 378.7 376.8 375.3 371.2 365.4 358.4 350 342.6 332.3 319.9 309.1 298.7 289 282.1 279.8 279.9 279.3 281.4 280.3 280 277.2 274.3
360.1 358.1 355.1 349.7 346.6 343.8 336.4 331.7 333 333.4 324.1 312.7 321.3 332.3 337.6 338.7 339.2 340.6 343.7 345.6 344.6 342.8 343.7 343.3 340.3 335.1 336.5 340 345.2 349.4 358.1 366.2 372.5 377 380.1 381.7 381.8 381 380 378.5 380.3 382.4 383.8 385.5 386.9 387.1 387.7 388.1 388 389.3 389.2 389.5 388.2 386.5 384.7 384.1 382.9 382.3 380.3 373.2 367 359.6 350 338 319.7 309.3 299.6 291.4 281.8 275.5 269.1 262.9 262 264.1 265 264.7 261.6 260.8
372.1 370.5 367.3 361.3 358.6 355.6 347.2 340.3 340.1 336 317.4 330.3 330.5 332.5 334.3 338.8 340.6 342.5 345.4 348.3 350.9 353.4 355.9 355.5 353.6 353.9 355.8 358.9 363.3 367.8 374.2 379.7 383.2 386.1 387.4 388.3 388.6 387.7 386 385.7 386.3 386.9 387.2 388.4 391 392.2 392.6 392.8 392.2 392.1 391.5 391.5 391.8 390.4 390.8 389.5 387.6 383.7 380.3 377.6 370.3 364.8 352.6 337.8 332.2 320.8 309.1 297.7 291.1 288 281.5 273.3 264.6 255.6 254.4 253.5 251.4 249
386.5 381.9 378.8 373.3 371.1 365.7 353.8 347.5 345 339.7 332 339.6 339 340.4 341.3 343.7 345.5 347.5 349.6 351.7 355.1 360.1 361.8 361.9 363.1 366.3 368.5 371.8 376.6 379.9 383.1 388 391 393.6 394.7 395 394.5 393.2 391.5 390.9 390.2 390.6 391 392.6 395.1 395.9 395 394.9 395 395.3 395.3 395.5 397 397.3 395.1 391 388.5 386.9 384.2 382.6 377.4 371.8 365.8 358.7 348 335.3 324.4 312.1 302.1 295.7 288.7 278.8 270.1 262 253.2 249.1 245.6 243.9
396 391.4 386.6 382.5 376.7 368.5 361.6 355.1 350.4 333.3 344.9 346.1 344 346.5 347.6 349.8 351.8 353.5 354.2 358.2 363.5 368.5 371.1 373.2 374.1 377.5 379.5 382.9 387.6 390.3 392.9 395.5 397.4 400.4 402 401.2 399.7 397.4 396.1 395.2 395 395.5 396.5 397.9 398.8 398.9 397.6 396.8 397.4 397.7 398.2 398.1 397.6 396.5 394.9 392.8 391.1 389.7 388 386.1 383.6 380.2 377.2 372.3 363.3 351 339.4 327 312.3 301.1 292.5 283.7 274.6 266.4 256 249.8 244.4 242.7
405.5 400.6 395 388.4 379 369.5 361.8 355.9 346.3 343.9 349.5 351.5 350.5 352.3 353.8 356.1 358.9 361.4 364.6 367.7 373.9 379.1 385.1 386.9 387.6 389.3 391.1 393.4 395.8 398.9 399.9 403.9 406.2 407.9 409.7 409 405.9 402.5 401 399.4 398.9 399.8 401.3 401.7 401.8 401.9 401 399.6 400.1 400.9 401.6 399.9 398.5 397.8 396.5 394.8 393.8 393.6 393 391.4 389.6 389.3 385.4 381.5 372.5 363.3 351.7 338.8 326 312.2 300.5 288.6 276.9 268 259.4 252 245.3 240.6
