data/320000-100000.asc
ncols 200
nrows 200
xllcorner 320000
yllcorner 100000
cellsize 50
[rows 70 to 104 of 200, columns 79 to 157 of 200]
125.2 120.7 117.4 116.8 114.4 112.6 115.5 117.1 112.3 108.1 104.2 101.7 98.4 96.5 95 93.5 92.3 90.9 89.5 88.9 87.4 85.8 84.6 83 82 81.7 82.3 83.6 85.9 82.8 79.7 78.8 78.2 78.9 83.2 87.9 93.3 99.3 106.1 112.8 119.2 125.5 131.7 138 145 152.8 159.8 169.7 178.7 187 192.7 197.1 199.6 201.6 203.2 205.2 206.2 206.6 207.1 207.1 205.4 202.9 200.2 193 193.4 199.2 203 207.4 211.8 214.6 217.7 220.8 224.4 227.5 230.9 233.9 236.9 239.9 241.5
118.9 119.6 117.9 115 113.8 112.5 109.3 111.4 108.3 107.1 104.1 101.5 98.3 96.5 95 93.5 92 90.7 89.6 88.4 87 85.4 83.8 82.4 81.6 81.1 81.2 81.9 82.5 82.1 78.9 78.4 77.8 77.4 83.1 88.7 94.3 100.1 106.7 113.3 120 126.6 132.7 139.2 145.9 154.7 162.3 172.1 179.8 186.5 192.1 195.1 197.7 199.4 201.4 203.1 204.4 205.3 205.7 205.8 203.8 201.1 198.2 192.8 187.5 197.6 202.2 206.8 211.2 213.3 216.7 220.1 224 226.9 229.7 232.7 235.7 238.7 241.9
122.7 122 119.5 120.3 121.2 119.3 113.8 109.5 106.9 104.4 101.8 100 99.2 96.8 95.2 93.7 92.1 90.8 89.2 87.9 86.6 85.1 83.5 81.8 81 80.2 80.4 81.4 81 79.1 78.5 78.3 77.9 77.7 82.8 88.4 93.9 100.4 107.5 114.9 121.9 127.8 135 140.9 147.2 154.4 161.8 170.2 179.5 186 190.4 193 195.7 197.6 199.1 200.6 202.2 203.7 204.1 203.1 201.3 199.1 195.4 184.5 184.8 195.5 201.5 206 209.5 212.5 215.4 218.5 221.9 225.3 228.2 231.2 234.1 236.9 240.6
125.4 124.2 123.5 125 126.8 126 122.3 116.4 111 107.5 105.7 105.5 102.6 101 99.2 97.2 94.4 91.5 89.4 87.9 86.5 85 83.6 81.8 80.5 79.5 78.9 79.4 79.1 78.2 77.6 77.2 78 77.5 78 88.3 93.9 100.1 107.4 115 122.4 130 136.9 142.6 148.4 154.5 161.9 170.4 179.3 185 188.8 191.4 193.7 196 198.4 200.6 202.1 203.3 202.3 200.5 198.7 195.4 186.2 177.9 182 193.8 201.2 205 208.3 211.5 214.4 217.1 220.3 223.6 226.7 229.5 232.3 235.3 239
127.9 127.5 128.9 131.5 134 134.1 131.7 125.6 120 114.5 113.6 110.5 105.9 103.7 100.7 98 95.2 92.6 89.8 87.7 86.6 85.3 83.7 82.1 80.5 80 79.4 78.9 78.3 77.2 76.8 76.6 76.6 79 83.3 88.1 93.9 99.8 107.2 113.9 122.2 130.5 137.5 143.2 149.2 155.3 161.8 170.7 178.8 184.2 187.9 190.3 192.5 195.7 197.9 200 202.1 202.3 201.3 199.1 196.2 189 176.3 172.9 181.9 194.9 200.5 204 207.6 210.3 212.9 215.7 218.6 221.8 224.6 227.5 230.5 233.7 237.1
132.3 134.3 136.7 141.5 144.9 143.5 137.2 132.9 127.1 122.6 118.9 115 110.3 106 102 99.1 95.1 92.1 89.1 86.3 85.3 84.5 83.2 81.5 80 79.3 78.7 78.4 77.8 76.6 76.5 76.7 76.9 79.6 83.1 88.1 93.8 99.5 105.5 111.9 119.6 130.2 137.6 143.8 149.3 155.6 162 170.4 178.1 182.5 185.5 187.2 191.8 195.5 198.3 200.1 201.3 201.5 201.1 199 193.9 179.5 171.1 171.6 182.2 194.3 199.8 203.2 206.5 209.1 211.5 214.3 216.9 219.6 222.4 225.1 227.6 231.3 234.8
136.8 139.9 143.1 148.5 149.6 145.7 140.3 134.7 131.3 126.2 121.4 117.1 112.7 108.2 103.4 98.9 94.4 90.6 86.9 84.3 84.2 82.7 81.6 80.8 79.3 78.5 78.1 77.8 77.1 76 75.8 75.8 76.1 81.2 83.5 88.6 93.4 98.4 102.9 109.9 118.9 128.3 138.1 144.6 150.1 155.1 162.4 169.5 176.6 180.1 182.8 187.2 191.1 195 198.5 200.4 201.3 201.4 201 198.7 189 174.1 167.6 171.3 181.3 192.9 199 202 205.3 207.9 210.2 212.1 214.6 217.2 220.1 222.5 224.7 228.2 232.2
144.2 149 151.5 154 152.1 147.4 141.9 136.5 132.7 128.5 123.1 118.3 113.6 109.4 105 99.7 94.8 90.2 86.4 84.1 83.1 81.7 80.4 79.5 78.6 77.9 77.5 77.2 76.5 75.5 75.1 75.1 75.2 81.4 84.1 88.7 92.3 96.4 101.3 107.7 116.1 125.7 136.4 145.8 150.5 156.6 162.8 168.2 175.1 179.2 183 187.8 191.2 195 198 200 201.2 201.6 200.6 198.2 183.4 169.1 164.4 171.4 180.6 191.9 198.5 201.4 204.1 205.9 208 210.1 212.3 214.6 216.8 219.2 221.4 223.8 227.3
153.5 159.2 160 157.8 153.7 148.2 142.8 138.2 134 129.8 124.5 119.7 115.6 111.4 106.9 101.5 95.3 91.3 88 85.1 82.3 80.9 79.7 78.7 77.8 77.3 77 76.7 75.9 74.5 74.8 75.2 75.5 81.7 85 88.7 92.5 97.9 102.2 107.3 114.5 121.7 131.6 143.1 148.3 155.9 162.9 167.8 173.2 178 183.9 187.8 191.2 194.5 197 199.1 200 199.9 198.2 189.2 175 163.9 162.2 171.5 177.8 191.4 197.8 199.9 201.6 203.4 205.3 206.2 208.5 210.9 213.5 215.4 217.4 219.8 223.6
165.4 167.6 164.4 160.5 154.8 149.3 144.4 139.9 135.2 130.5 125.3 120.7 116.8 113 108.4 102.8 97.3 93.1 89.4 86.3 83 80.4 79.1 78.4 77.7 77.1 76.7 76.3 75 74.1 74.5 74.8 76 81 85.2 89.1 94.3 99.9 104.3 111.3 117.8 123.9 130.4 136.9 146.4 155.1 162 167.8 173.2 179.1 183.6 187.4 191 193.5 196 197.8 198 198.2 194.7 180.2 167.4 156.9 160.7 169 177.4 190.3 197 198.1 199.1 200.7 201.6 202.6 204.7 207 209 211.2 213.3 215.7 218.9
175.8 171.7 167.4 162.2 156.4 150.7 145.3 140.4 135.7 130.7 126.1 121.7 118.1 113.7 106.4 101.9 97.1 92.9 89.3 86.1 83.3 82 80.3 79.7 78.5 77.8 77.1 75.5 74.7 73.7 74.2 74.5 77.8 81.3 85.5 89.8 96.2 104 112.2 118.5 124.9 132.3 140 143.2 148.9 156.6 162.7 168.2 173.8 178.9 183.1 186.8 189.8 192.9 195.3 196.2 196.3 196.4 187.3 172.6 160 154.3 159.5 167.7 175.9 189.2 195.3 196.3 197.1 197.5 198 198.9 200.7 202.7 204.7 206.7 208.8 211.6 214.1
178.4 173.1 168.7 163.9 158.1 152.4 146.5 141.2 136.3 131.9 127.4 122.8 119.3 113.2 106.3 100.4 97.1 93.9 90.5 88 85.2 84.1 85 88.3 84.4 81.5 78.6 75.9 74 73.3 73.9 75 76.9 81 87.2 92.9 99.7 108.4 115.9 122.7 128.5 134.7 141 145.8 151.8 157.6 163.1 168.4 173.4 177.9 182.1 185.6 188.6 191.7 194.8 195.2 195.5 195.3 182.6 168.2 156.2 149.6 159.3 167.5 175 189.1 193.4 194.3 194.5 194.1 194.5 196.7 195.7 197.4 199.4 201.6 203.6 206.1 209.5
178.9 174.6 170 165.2 159.5 153.4 147.8 142.2 137.1 133.2 128.8 124.1 120 114.9 109.9 104.2 101.4 98.5 95.6 93.1 90.6 88 91.4 90.2 85.6 83.3 79.3 76.2 73.7 73.1 73.6 73.9 75.7 81.6 87.8 93.8 101.8 108.3 115.8 122.6 128.7 134.3 140 145.5 151.3 156.3 161.9 167.3 172.1 176.2 180.5 184.7 188 191.3 193.5 194.3 194.6 190.5 176.2 162.5 152.9 149.2 157.6 166.3 174.9 188.6 190.8 191 190.6 189.4 189.1 189.8 191.6 192.1 194.2 196.5 198.1 200.8 204.8
176.4 173.6 168.3 166 160.4 154.6 149.1 143.5 138 134.4 130.7 125.8 121.2 117.3 112.8 108.4 105.6 102.8 100.6 98.4 95.9 93.8 92.7 90 87.5 83 79.6 76.5 73.8 73 73.2 73.5 74.7 80.1 86.1 90.6 98.6 103.3 110 117.8 127.3 133.2 139.4 144.7 149.8 154.8 160.3 165.8 170.1 174.7 179.8 184.7 188 191.1 192.5 193.4 192.4 190.3 173.6 157.6 150.1 147.9 154.5 164 174.8 186.8 189.1 187.8 186.1 184.8 184.6 185.1 185.9 187.2 188.8 191.6 194.9 197.2 200.1
168.9 166.9 164.7 163.9 161.5 156.1 150.6 145.2 139.2 135.8 132.7 127.5 122.6 119.4 115.3 112.4 110 107.4 105.6 103.5 101.1 98.8 96.4 94 90.5 85.6 80.7 77.1 74 72.9 72.9 73 74 79.3 84.5 88.1 91.8 96.7 102.3 110.9 120.1 129.1 135.3 139.6 147.7 153.3 158.6 163.7 169.4 174.7 179.9 184.6 188.1 191 192.3 192.6 190 183.8 166.9 154.2 147.4 145.3 149.9 158.9 170.5 184.6 186.1 184.5 181.9 180.6 180.2 180.4 181.2 182 183.2 186.8 190.5 193.9 196.3
160.7 158.7 159.3 160.6 161 158.3 152.4 146.3 140.7 136.4 134 129.1 123.6 120.3 117.2 113.7 113.8 112 110.6 107.7 106.1 103.7 101.9 98.7 94.9 89.4 83.7 78.9 74.7 72.9 72.8 72.6 73.6 78.7 83.8 84.8 87.1 92.2 98.1 103.9 112.9 119.9 126 130.6 139 147.8 156.6 164.8 171.3 176.7 181.6 186 189.6 191.7 192.5 191.8 188.4 179.4 164.3 153.6 146.2 142.9 146.7 152.8 162.7 176.5 183 181.5 179.2 176.5 176.1 175.7 175.8 176.5 177.9 181.3 185.2 189 193
152.6 148.9 149.3 150.3 158.6 158.9 153.4 147.4 142.3 137.7 134.2 130.9 124.1 120.5 117.4 114.4 112.7 111.3 110.7 109.6 108.1 105.4 103.6 100.8 97.9 92.9 87.2 81.7 76.4 72.9 72.8 72.6 74.2 77.9 82.8 84.1 87.1 90.4 96 102.4 106.9 114 120.2 129.2 139.4 150.6 159.6 166.6 173.6 179.4 184.6 188.6 191.8 192.8 193.1 191.7 187 177.3 166.7 156.5 148.8 142.5 140.9 147.2 155.5 166.6 178.7 178.3 175.9 172.6 171.1 170.9 170.6 171.4 172.7 176.6 180.8 185.9 190
146.9 143.1 138.8 145.1 154.1 158.9 154.4 148.9 144 138.7 135 132 125 120.5 117.3 113.6 108.3 106 107 105.8 103.9 103.1 101.8 99.7 96.7 94 88.4 82.9 76.5 72.3 71.9 71.5 73 77.8 82 86.3 89.9 93.9 98.4 102 107.5 114.3 122.8 131.3 142 152.7 162.3 168.9 176.3 182.9 188.2 192.3 194.6 195.3 195.6 194.3 189.9 185.7 172.4 159.1 151.7 144.4 139.2 141.1 149.3 160.1 170.3 174.9 172.9 167.4 165.3 164.6 164.8 165.2 167.7 172.1 176.9 182.1 187
143.6 139.6 132.6 139.7 149.4 156.4 155.7 151.1 145.2 139.7 135.7 132.9 125.8 119.5 114.9 111.1 105.4 100.8 98.8 98.4 98 98.9 97.7 96.6 95.2 92.5 88.9 82.9 76.2 72.1 71.8 71.5 72 77.4 82.8 89.4 94.4 99.3 103.7 105.5 110.5 117.2 124 133 141.2 153 163.7 174.3 181.4 186.6 191.8 195.5 197 197.9 197.8 196.9 193.2 190 183.6 168.8 155.3 147.2 140.5 134.7 142.7 151.2 160.9 170.4 167.9 158.7 160.9 163.1 160 159.6 163 166.8 175.3 179.7 186.3
137.3 134.2 126.8 135.7 148.9 155.9 158 153.5 147.1 141.3 137.1 132.9 126.6 120 114.8 109.7 104.5 99.9 95.7 93.8 92.3 92.8 92.1 91.1 90.2 87.4 83.9 80.3 75 71.8 71.9 71.4 70.9 75.8 82.1 91.3 97.8 102.7 106.3 109.4 113.5 119.5 125.7 132.3 140.1 150.1 162.1 175.7 185.9 190.6 194.9 197.8 199.2 200.4 199.8 199.4 197.1 194.3 190.6 175.9 160.6 150.3 144.6 137.9 133.1 141.4 150.2 158.1 155.7 148.5 152.1 153.9 153.6 155.7 160.7 167.3 174.8 182.1 186.4
124 122.9 124.6 139.1 149.1 154.8 157.3 155.2 150.2 144.4 139.1 132.8 126.6 120.9 116.1 111.2 106.8 102.2 97.3 92.8 87.9 86.7 86.5 85.9 84.7 82 79.8 76.2 72.8 71.5 71.6 71 70.8 74.4 82.1 90.9 98.8 103.7 107.6 113.2 116.5 120.5 126.3 132.6 140 147.9 157.8 169.6 185.8 193.5 196.6 199.5 201.2 202.1 202 201 199 196.5 192.2 176.8 162.4 153.5 146.9 140.8 130.8 132.6 137.8 142 141.8 141.5 145.8 151.1 154.4 157.2 161 167.7 175.4 181.1 185.9
123.5 127.3 134.7 142.8 148 152 153.4 156.2 151.1 145.7 139.7 133.8 128.2 122.6 117.9 113.5 109.3 105.6 99.3 95.8 90 84.8 82.4 81.2 79.4 77.7 76.6 74.3 71.6 70.6 70.6 69.8 69.9 74.9 81.8 89.7 96.9 102.5 108.3 113.4 117 121.1 126.2 133.4 140.3 147.9 156.9 167.8 183.7 194.5 197.9 201.2 202.9 203.5 203.4 202.6 200.6 197.6 191.9 175.4 164.3 156.9 149.8 143.7 133.5 130.1 132.7 136.7 140.2 149.6 161.5 164 162.7 162.9 164.7 168.7 177.5 182.1 186.6
129.8 137.3 139 141.2 143.8 148.1 149.6 152.2 150.7 146.8 141.7 136.1 130.4 124.8 120.2 115.9 111.7 108.1 102.3 96.7 90.4 85.3 82.2 80.8 78.7 77.8 75.9 73.2 71.4 69.8 69.4 69.5 69.8 75.1 81.9 89 95.5 101.7 108 112.7 116.7 121.4 122.1 132.4 140.3 148.3 157.2 165.4 179.9 193.9 197.1 200.3 202.5 202.8 203 202.5 200.5 198.3 189.5 173.6 163.6 156 149.3 141.9 132.4 128.3 132 138.3 146.2 161.9 167.9 168.7 168.9 168.6 170.5 173.2 179.7 183.5 187.7
130.5 134.8 136.1 137.5 139 142.2 145.2 145.6 148.5 148.5 143.9 138.5 132.9 127.4 122.5 118.6 114.8 108.7 102.6 96.4 90.7 86.3 85.1 85.9 82.7 79.3 76 73.7 71.7 69.9 69.1 69.5 69.9 74.6 81.3 88.2 94.5 100.3 106.5 111 114.8 118.8 124 131.4 139.7 148.3 156.7 164.6 176.7 191.6 196.4 199.6 201.5 201.9 202.1 201.9 199.9 196.5 183.8 169.7 162.1 155 146.4 136.6 128.8 128.3 133.6 140.8 155.5 168.6 170.4 172.3 173.3 174.4 176 177.5 181.2 185 188.7
127.3 129.8 130.5 132 133.9 136.5 138.6 138.1 145.1 148 146.1 141.2 136.1 130.6 125.2 121.2 116.8 110.1 102.9 97.3 92.3 90.1 96.6 96 88.7 81.3 77.4 75 71.6 69.7 68.9 69.4 70.6 75.1 81.6 87.8 93.1 98.8 104.2 109 112.9 115.1 120.2 131.3 139.2 147.4 155.3 163.7 174 190 194.8 198.3 200.6 201 200.7 199.8 198.4 195.2 179.7 167.2 159.1 152.3 144.7 135.6 125 127.7 134 143.6 161.1 168.9 171.5 173.9 175.5 176.4 178 179.7 182.6 185.9 189.7
120.6 122.4 123.4 125.2 126.9 126.9 126.9 129.7 137.8 144 145.4 142.5 138.5 134 128.5 123.9 118.7 112.8 107.3 103.5 101.3 102.7 102.5 98.2 90.8 83.4 80.4 75.4 70.5 69.5 68.7 69.4 71.1 74.7 80.3 85.5 91.6 96.3 100.8 105.4 107 112.1 120 130.2 138.3 147.1 154.4 162.4 172.5 187.7 193.3 196.9 199.1 200.6 199.3 197.8 196.4 192.2 176.3 164.2 155.5 148.8 142 134.3 124.1 127.5 134.1 143.6 160.9 167.5 169.8 173.6 175.6 177.5 180 182 184.6 187.3 190.1
113 113.8 116.8 118.2 119.9 117.7 117.1 121.1 128.5 136.8 141.7 142.5 140.4 135.9 131.6 126.3 118.7 115.8 115.2 113.3 111.9 109.4 104.8 99.3 93.3 87.5 82.2 76.5 70.7 68.8 68.6 69.7 71.7 75.4 79.3 83.5 87.8 92.6 97.1 100.8 105.1 111.2 119.4 128.9 138.8 146.9 153.6 161.5 170.4 186.1 192.1 196.4 197.9 198.2 197.7 196.1 193 187.7 173.5 161 152 145.3 138.6 131.6 123.8 125.7 131.9 142.3 159.4 165.5 166.5 170.1 173.8 176.7 179.8 182.3 185.1 187.9 190.8
107.8 107.3 109.1 112.2 114.5 113.2 112.5 114.6 120.9 130.3 137.6 141.2 140.6 137.6 131.2 125 119.3 118.9 119.9 120 116 111.1 106.3 101.6 96.2 89.6 83.2 77 70.7 68.4 68.6 69.8 71.9 74.9 79.9 84.6 89.3 94.3 100.3 106.1 111 114.9 119 129.5 139.3 146.1 152.7 161.6 169.4 183.8 191.4 195 196.1 195.2 194.5 192 188.9 181.4 169.4 157 149.4 142.1 134.1 126.5 121.2 122.8 128.7 142 156.2 160.9 163.3 166 170.7 174.7 177.9 181.4 184.7 187.6 190.2
105.9 105 107.1 110.9 112.3 108 106.8 110.9 115.3 121.5 129.1 131.9 133 131.3 126.5 122 119 120.9 122.9 121.8 116.8 111.8 107 102.1 97.1 90 82.9 76.1 69.9 68.2 68.4 68.4 71 73.7 78.3 85 90.3 96 101.5 106.8 112.4 118.5 124.5 130.5 139.6 145.7 152.2 160.5 168.7 182.4 191 194.3 194.5 193 191.3 187.9 178.2 169.9 162.8 154.6 148 141.7 135.3 128.9 122.3 119.6 126.6 136.1 152.3 159 162.9 164.2 166.4 170.8 175.6 178.8 182.4 185.9 189.8
105.2 104.5 106.7 110.8 107.6 99.7 102.4 112.2 113.8 114.7 117 120.7 121.8 121.2 117.9 116.3 117.1 123.2 125.2 122.6 117.6 112.2 107.4 102.5 97.7 91.2 83.6 76 68.8 67.4 66.6 67.5 70.4 73.2 76.9 83.7 89.2 94.6 100.6 106.2 112 119.3 125.8 132.4 140.5 146.4 153 159.9 167.1 178.9 190.7 195.2 192.2 190 186.9 179.3 167.2 161.1 158.4 152.1 147.2 141.8 134.8 128.8 121.7 117.9 123.1 130.4 145.3 157.8 159.9 161.4 161.6 168.2 172.5 176.2 179.8 185 188.8
104 103.6 104.2 105.6 102.3 98.9 104.1 108.9 110.6 110.4 110.1 110.8 111.4 111.8 110.2 111.4 118.1 124.8 125.6 122.7 117.9 112.8 108 103 98.1 92.1 84.3 75.7 69.3 66.1 66.1 66.9 68.4 71.2 74.9 80.9 87.2 93.5 99.6 105.3 111.4 117.7 124.7 131.3 139.1 146.4 152.2 157.8 162.8 172 181.6 191.1 188.3 184.7 179.5 168.5 160.5 157.9 155.4 150.4 145.6 139.6 134.3 129.3 125.1 120.6 116.5 123.4 134.5 151 156.6 156.4 157.8 164 168.7 174.1 180 184 187.8
102.5 102.1 102.3 101.8 98.9 97.4 100.6 104.2 105.5 106.9 106.9 108.3 106.4 105.1 105.5 109.6 119.2 127.5 126.4 122.2 117.4 111.9 106.6 102.2 97.6 91.5 83.3 76.4 69.2 66.5 66.3 66.6 67.8 69.7 73.4 78.8 85.3 92.4 98.6 104.5 109.7 115.3 121.4 128 134.4 141.9 149.1 152.3 156.8 161.5 169.1 178.9 180.7 177.6 172.9 160.9 158.2 155.8 153.4 149.2 144 140.8 138.4 135.5 129.3 124.9 116.8 115.1 123.5 133.4 146.6 153.2 156.9 162.2 169.7 173.5 179.1 183.4 186.9
101.6 100.8 100.2 99.2 96.3 95.3 96.8 98.7 101 103.3 104.5 103.8 102.3 101 102.3 109.9 120.6 127.6 126.1 120.8 115.4 110.2 103.6 99.1 94.2 87.2 81.1 74.2 68.4 66.4 65.9 66.3 67.5 68.8 71.5 77 83.5 91.3 96.8 101.2 105.7 111.4 117.6 123.5 127.3 134.7 142.1 146.6 151.5 156.5 162.1 167.7 173.4 170 164.5 160.2 157.2 154.7 152.5 149.7 146.6 144.5 141.9 138.6 135.2 130.8 125.7 113.1 116.4 125.2 142.2 154.4 158.3 163 169.9 174.1 178.5 182.6 185.5
100.3 98.8 98.2 96.6 95.4 95.3 94.5 93.8 95.9 99.8 102 100.1 98.6 98 99.5 106.4 115.4 121.4 120.9 117.5 111.7 106.8 99.2 93.8 88.4 83 78.2 72.4 69.3 67 65.6 65.9 67.2 68.5 70.5 76.3 83.3 89.4 94.2 98.2 100.9 105.9 112.6 118.7 124.1 129.8 135.8 141.3 146.9 151.8 158.4 166.3 169.9 167.1 163.2 159.4 156.5 153.9 152.2 149.7 147.1 145.6 142.9 139.9 136.3 132.9 128.1 115.9 114.6 128.8 147.8 156.8 160.8 164.2 169.9 174.8 178.5 181.4 184
100.8 98.6 97.2 95.6 94.9 94.3 92.9 91.7 94.1 96.5 97.7 97.2 96.3 95.4 96.6 100.5 107.9 114.5 115.3 113 108.5 103 97.5 90.9 84.8 78.8 73.6 69.7 67.7 66.6 65.6 65.6 66.9 68.2 70.2 75.7 81.3 87 90.3 92.6 94.6 101.7 107.8 114.1 120.4 125.2 131.1 136.4 141.3 146.9 154 162.6 166 163.5 160.3 157.2 155.1 153.6 151.9 149.5 147.4 145.1 142.3 139.5 136.6 133.4 126.9 114.1 114.5 133.1 153.7 157.8 162.5 166.6 170.1 174.9 177.2 179.8 182.4
