data/320000-800000.asc
ncols 200
nrows 200
xllcorner 320000
yllcorner 800000
cellsize 50
[rows 140 to 174 of 200, columns 0 to 77 of 200]
606.3 616.6 624.2 623.2 614.9 596.4 574.7 557.6 546.2 537.5 535.3 538.4 543.2 549.6 558.3 567.9 577.9 590.3 603 615.2 627.1 636.9 645.4 651.2 654.4 654.2 645.3 628.5 612.9 600.5 593.1 586.3 580.8 574.6 567 588.1 610.5 627 638.1 643.2 642.3 639.5 634 627.5 620.2 611.6 598.3 585 572.6 565.4 559.7 555 550.3 547.4 545.8 543.8 541.5 539.7 536.5 533.2 531.5 530.5 531.6 532.7 534.8 538.8 542.3 546.9 551.2 553.5 553.6 552.3 549.6 547.3 543.4 541.3 539 536.8
604.7 613.4 621.1 621.9 616.5 601.1 580.9 560.7 546.6 536.8 530.3 534.7 537.7 543.3 551.6 560.5 569.8 581.1 593.2 605.5 616.5 624.6 632.6 638.5 642.4 640.2 627.7 612.7 599.4 590.7 583.1 576.5 571.4 565.9 563.2 585.4 605 617.2 626.8 629.9 629.1 625.3 619.3 614.5 606.2 597.5 585.7 571.5 563.8 557.6 551.3 546.5 542 538.2 536 534.2 532.2 530.2 527.8 526.8 525.7 525.5 525.6 524 530.6 534.5 538.3 543.2 547.7 549.2 548.5 547.1 543.9 540.4 539.3 537.3 534.7 532.5
600.2 610.1 616.8 619.3 615.5 606.7 588.3 566.3 551.7 538.3 525.1 528.1 532.8 538 543.9 552.2 560.5 571.2 582 595.1 605.6 613.8 621.4 626.6 629.2 625.2 611.9 597.1 586.9 579.5 572.9 567.5 562.2 556.7 559.6 579.7 593 602.8 610.6 613.6 613.1 609.2 605 600.6 593.8 584 572.1 562.4 556.1 549.7 542.7 538.3 534.2 530.6 528.2 525.8 524.3 522.3 521.7 521.6 520.3 518.4 519.3 521.2 526.3 530.2 534.4 538 542.3 544.5 543.5 541.6 539.1 536.2 534.6 532.8 530.4 528.2
592.9 602.9 610.2 612.4 610.9 607.4 595.5 573.1 557.7 543.2 528.6 524.3 529.2 532 537.5 543.3 551.1 561.5 572.9 584.3 595.2 603.5 610.4 615.1 615.9 611.4 599.2 584.6 575 568.7 562.3 557.3 553 547.2 556.4 570.9 580.3 588.1 593.9 596.8 596.2 596 593.2 588.7 582.6 571.7 560.8 554 548 541.1 534.4 530 526.3 523.9 521.8 520.7 517.8 517.7 516.5 515.5 513.7 513.7 515 519.8 523.2 527 531.2 535.2 538.1 540.1 537.8 535.8 533.6 532.4 530.1 528 524.8 524.2
585.2 592.7 598.2 602.5 604.6 604.2 599.2 580.7 563.9 548.7 533.1 519.9 522.4 526.2 530.1 535.3 542.3 553.3 564.6 575.5 585 592.7 599.6 604.2 605.3 600 587.9 574.7 565.2 559 555 549.6 545.3 539.3 550.7 559.2 567 573.2 579.1 582.7 584.1 585 582.2 579.2 572.2 562.6 554.5 547.3 539.9 533.3 525.6 520.9 518.7 518.1 515.6 514.5 513.5 512.3 510.6 508.7 508.8 508.1 513.9 518 521.9 524.3 528.8 532.2 535 535.4 533.4 531.1 529.4 528.4 526.1 525.1 521.9 521.6
573.2 581.7 588.9 594.7 599.4 602.8 603.3 590.7 572.7 554.4 538.8 526 515.8 521.6 523.2 528.4 536.7 547.2 556.4 567.1 575.7 583.7 590.2 595 594.7 589.4 579.3 567 558.9 551.7 548.7 543.2 538.8 532.2 544.7 551.1 556.8 562.6 568.2 571.1 573.7 574.9 573.2 571.2 564.1 556 547.1 541 532.8 525.9 519.5 514.8 511.8 511.1 509.9 509.1 507.9 505.8 504.1 503.3 502.3 506.7 511.9 516 520 523.2 526.4 529.2 530.7 531.3 529.2 527.9 528.1 527.2 526.4 525.5 524 521.3
560.6 570.6 580.7 588.6 593.9 598.7 603.1 598.9 584.2 562.1 544 531.5 514.7 512.7 516.9 522.4 530.2 538.9 548 558.6 567.4 575 581.7 585.8 586.4 582.4 572.7 560.8 552.3 546.7 541.8 537.2 532.9 527.4 538.6 544.4 549.3 553.4 558.6 562.2 565.3 566 565.4 563.5 558.3 550.1 542.4 534.5 526.3 519.1 513.6 509 506.7 505.7 503.8 502.2 501.6 498.9 496.2 497.1 498.4 503.8 510 513.6 516.8 520.7 522.8 525.6 526.5 526.7 525.7 526.4 527.1 527.4 526.7 526.5 526.3 524.6
551 563.3 573.1 580.7 586 591.3 597.5 600 590.8 573.5 552.7 537.9 526.4 508.3 508.1 515 522.2 530.7 539.1 549.1 559.4 566.6 573.8 578 579.6 575.4 567.5 556.3 546.5 540.3 535.8 531.6 527.1 518.6 530.3 536.2 540.9 545.2 549.5 554 557.3 559.1 560 558.3 553.8 545.9 537.9 529 521.8 515 509.4 503.1 500.2 499.3 498 496.1 495.4 492.6 492.2 488.8 496.1 500.6 506.9 511 514.7 516.7 519.3 522.1 523 523.5 523.7 524.9 525.6 526.2 526.9 527.2 527.3 526.5
538.7 552.7 564.5 571.3 577.8 585.1 592.2 596 592.3 580.6 561.7 543.8 529.5 517.2 504.2 507.9 515.3 520.8 528 539.1 550.5 559.3 566.6 571.6 573.5 569.9 561.4 551.8 541.8 535.6 531.2 526.7 522.3 510.1 522.5 528.7 534 538.1 542.9 548.4 552.4 555.4 556.6 554.5 550.3 542.4 534.6 525.9 518.1 509.4 503.3 500.1 497.3 494.5 492.9 491 489.2 488.1 487.1 488 493 499.2 505.6 508.2 511.4 514.5 517.9 519 520.1 520.6 522.2 523.5 524.2 525.4 527.1 528 527.9 527.5
527.3 538.9 550.4 561.8 570.3 578.3 586.5 590.2 587.5 582.1 568.4 551.2 530.2 517.7 507.1 499.1 506.7 514.7 521.7 531 543.5 552.6 560.6 565.5 567.7 564.5 557.3 547.5 538.4 532 527.4 523.1 518.7 504.2 512.2 521.1 529.4 533.2 537.5 543.5 548.6 552.2 552.5 549.8 545 538.3 530.8 522.4 514.5 506.4 499.4 496.9 493.8 489.5 488.4 485.6 483.8 483.6 479.5 485.5 491.8 498.4 504.6 509.8 512.4 512.8 514.2 516.1 517.2 518.7 520.1 521.9 523.2 524 526 526.3 527.6 527.4
518.3 526 534.2 548.9 561.3 571.1 578.7 583.9 584.6 580.7 571.5 556.6 536 517.2 507.9 499.6 499.6 508.6 515.8 525.2 535.9 544.7 553.2 559.4 561.9 559.9 554 544.4 535.3 529.6 525.3 520.3 514.9 504.2 502.4 514 524.2 529.9 534.3 539 543.2 545.4 545.2 543.2 538.5 532.5 525.3 518.1 509.9 502 497.2 493.9 490 485.5 482.7 480.9 479 476 478.2 484.7 491 497.3 501.8 506.2 509.1 511.9 514.6 512.9 514.3 516.7 518.5 519.1 519.3 520.8 522.8 524.2 525.3 526.4
508.5 518 527.2 538.5 551.6 562.4 571.1 576.7 579.8 577.8 569.7 558.8 539.9 518.5 506 503 490 497.7 507.8 518.2 528.2 536.6 544.6 551.8 555.4 554.7 550 541.5 532.5 527.2 521.9 516.6 511.1 504.1 488.3 506.9 518.8 525.5 529.6 534.1 536.3 537.3 538.2 535 530.5 523.6 515.8 510.2 503.9 497.1 492.8 489.1 485.3 481.1 478.4 476.3 474.8 470.1 479 483.6 488.6 493.5 498 501.3 504 505.3 506.4 507.8 510.4 513.4 515.5 516.2 516.5 518.7 520.9 520.9 521.7 523.1
498.8 508.5 519.7 530.5 543.4 555.6 565.2 570.8 575.6 573.9 568.8 557.4 540.4 522.1 506.1 500.9 495.4 491.9 502.8 512.8 520.7 528.6 536.7 544 547.9 547.8 543.7 537.9 529.4 523.4 517.8 512.3 504.7 498.2 485.7 499.8 513.2 520.7 524.5 528.6 530.4 531.3 530.1 526.4 520.9 512.6 505.6 501.7 497.8 493.1 486.8 483.1 479 475.5 473.1 470.6 467.2 471.5 476.7 481.6 485 489.4 494 497.1 499.4 501.2 501.4 504.1 507.2 509.9 509.8 511.9 514.8 515.4 516.4 515.4 516 517.5
492.6 499.8 511.3 517.9 534.9 547.2 558.1 565.3 570.3 569.7 565.9 553.3 540.8 525.6 507.3 499.6 494.8 483.2 495.8 505 514 521.8 529.1 536 539.6 540 537.4 531.5 523.8 516.8 512.3 506.3 497.6 492.4 478.3 495 507.5 516.4 520.7 524.1 524.2 524.3 522.1 518.2 510.8 502.8 498.1 495.5 492.2 485.6 480.6 477 472.9 470.1 469.3 465.7 458.9 469.3 474.3 477.9 481 485.4 489.9 493.3 495.3 497.3 498.6 500 502.7 504.3 505.3 506.8 508.5 510.3 510.6 510.6 508.4 508.1
490.9 495.7 498.9 506.8 522.9 541.4 554.3 561.1 564.5 563.2 559 548.2 536.8 523.6 508 499.7 496 479.2 487.9 498.2 508.5 515.1 519.9 526 530.4 529.8 526.8 519.4 512.7 509 503.9 497.1 491.6 486.4 467.6 489.9 503.1 510.8 516.4 518.1 518 516.7 514 508.8 501.1 498 492.8 488.4 485.6 478.9 474.8 471 467.4 464.5 463.4 462.3 447.7 465.7 469.9 473.2 477 480.6 485.9 489.3 491.9 494 495.5 496.4 497.9 498.7 499.9 501.5 503.6 506.7 508.4 503.5 505.5 507.5
471.2 481.4 494.2 503.2 520.6 536.5 550.2 558.1 558.2 554.9 551.1 541.9 532.2 520.4 507.2 498.6 494.5 486.5 475.9 493.1 503 509.2 511.9 514.5 517.9 516.1 510.7 505.9 501 498.3 493.3 489 485 473.9 462.7 486 497.5 504.2 508.2 509.2 508.6 505.8 502.2 499.2 494.7 490.3 486 482 477.9 473.2 469.3 465.3 461.6 456.4 457.8 443.3 449.2 460.4 463.5 466.6 469.6 476.2 481.7 484.9 487.1 489.4 490.5 491.2 493 493.3 494 496.2 498.5 500.3 505.7 499.8 508 510.7
459.1 469.1 484.3 499.4 515.2 530.4 544.6 550.4 552 549.2 544 535.4 527.2 514 501.6 495.2 492.3 488.7 470.4 485.3 497.8 503.4 505.5 508.2 507.4 502.3 496.4 494.6 490.5 487.5 484.8 480.8 472.8 461.2 462.9 481.3 488.8 494.8 497.8 498.4 496.9 493.2 491.3 490.1 485.9 482.8 479.8 475.7 471.3 467.5 463.4 459.6 455.3 445.7 450.9 434.7 438.4 444.5 447.7 452.7 462.1 470.9 476.6 479.5 482.2 484.5 485.5 486.5 487.4 489.9 491.8 493.7 495 495.1 497.5 497.2 505.9 510.2
456.8 461 471.6 489.7 508.1 523.7 534.8 541.6 546.4 545 538.4 530.6 522.1 507.7 496 491.8 489.9 486.8 464 474.6 489.4 497.5 500.2 498 492.6 487.8 484.5 480.7 477.7 470.8 465.3 459.5 455.2 451.7 453.1 468.7 478.3 483.4 485 485.2 482.7 482 482.4 480.5 479.5 476.7 473.3 469 464.6 461.1 456.2 449.4 440.4 430.2 431 428.8 428 426.9 432.9 436.9 446 456.7 468.3 471.3 475.5 479.4 480.6 480.7 481 482.4 483.2 486.1 492.4 492.2 493.1 496.9 503 506.9
456.6 458.1 460.5 476.9 499.3 516.1 527.5 533.1 538.2 539.9 533.6 527.6 517 502.4 492.7 487.1 482.7 472.6 460.4 463.3 478.2 488 491.9 488.2 483.4 477.3 468.7 460.6 456.2 451.3 447.7 444.9 443.9 444.5 443.6 444.4 457.8 465.9 467 469.3 470.9 471.4 471.5 470 469.4 468.6 464.7 460.2 457.9 452.7 444.5 433.3 427.2 425.8 425 425.5 424.6 422.3 421.7 423.2 425 436.5 448.8 459.7 464.9 469.3 472.4 473.7 472.8 473.8 474.9 477.7 481.1 484.8 490.5 494.3 498.9 503.3
455.8 456.9 458.7 464.3 487.4 507.8 517.5 524.2 527.9 530.9 526.8 520.7 509.1 496.5 489.8 480.8 468.8 465.2 459.8 454.3 465 473.4 474.3 471.6 464.5 459.4 452.7 445.4 441.6 439.6 438.6 439.4 440.2 440.1 439.8 438.5 437.8 441.8 446.6 449.7 449.2 453.6 456.7 458 456.8 454.3 453.5 448.7 443.5 437.8 428.8 427 425.1 424.1 423.2 422 420.9 420 419.8 419.5 419.1 419.4 429.7 442 452.3 457.3 458.6 463.1 463.7 466.8 468.5 471.4 474.9 480.2 487.2 491.3 495.3 500.3
473.3 455.3 455.4 457.6 474.5 493.4 509.5 517.1 519.4 522.5 520 511.9 500 492.6 486 470.7 467.3 464.7 457.9 451.1 449.5 447.6 450.5 450 442.9 440.1 440 439.8 438.7 438.1 437.5 437.5 436.6 436.5 436 436.2 435.3 434.3 435.3 437.4 435.5 437.3 440.1 442.8 440.7 441.8 436.3 433.2 431 427.6 427.2 426 424.8 423.2 421.6 425.8 433.8 435.1 426.2 421.7 418.9 418.7 417.7 424.5 435.5 443.1 448.3 453.4 455.7 459.7 462.1 465.2 469.4 475.3 481.2 487.3 491.6 497.5
477.7 470.7 453.9 455.1 463.5 487.2 500.3 507.9 511.9 514.1 510.2 502.2 493.4 486.5 479.2 468.6 464.4 455.6 448.5 447.5 446.1 444.2 443.6 441.7 443 443.8 442.6 441 440.6 440.4 442.1 441.4 442.5 443.1 441 436.6 434.1 433.4 432.7 433.9 433.9 433.5 433.2 432.1 433.2 431.5 429.7 430.2 429.9 427.5 426.2 424.4 422.8 423.5 434.1 445.2 455.2 458.2 448.6 438.3 428.6 421.4 418 416.9 418.5 426.1 437.3 445.4 449.7 453 456.3 459.4 464.9 470.8 476.9 483.6 488.3 494.4
478.7 477.5 465 453.6 457 478.2 492.1 499.6 503 503.7 500.1 494 486.9 478.5 472.4 463.8 452.7 445.5 444.7 444.2 443.1 443.2 442.1 443.4 445.6 447.4 446 452 453.7 454.9 458.3 461.2 465.9 465.6 461.3 455.2 445.9 434.4 432.6 432.2 431.8 431.3 432.2 431.6 431.5 429.9 429.2 428.8 428.4 427.1 425.7 423.6 429.4 441.2 454.2 466.9 474.5 471.9 465.7 454 445.2 432.1 424.5 416.7 415.8 416.9 422.1 434.6 445.1 447.4 449.9 455.4 460.4 466.5 472.6 479.9 486.4 492.2
480.8 478.5 471.4 453.9 453.3 466.9 479.8 486.5 489.4 489.9 488 483.4 478.6 471 459.3 448.4 444.9 444.5 443.7 444.9 443.9 444.7 450.4 459.1 453.6 454.2 467.4 475.7 478.4 479.7 481.6 479.6 479.5 474.9 471.4 467.9 464.7 454.5 445 436.3 431.3 432.5 430.4 429.9 429.5 429.3 428.5 427.4 426 424.8 424.4 437.5 449.4 462.9 474.5 486.8 486.5 483 474.9 467 461 452.3 439.3 424.7 416.4 414.8 414.8 418.5 431.1 441.6 445.9 451.5 456.9 462.9 470.2 476.7 483.6 490.4
485.1 480.9 472.8 454.5 453.8 455.1 469 474 474.3 474.2 473.1 471.8 465 452.8 447.7 445.7 445.4 445.3 446.3 447.1 455.6 463.9 472.1 479.9 458.1 466.7 482 488.6 491 492.1 490.3 486.7 484.6 480.2 476.3 473.3 469.2 468.5 459 450.7 451.1 441.3 434.6 428.8 429.7 429 430.4 429.8 432 438.5 444.6 453.8 469.4 484.4 488.8 493.8 491.9 484.2 478.7 472.4 466.3 460.7 453.1 441.3 426.5 417.7 415.9 414.2 415.7 422.5 438.6 448.1 454.2 461.4 469 475 482.3 489.4
491.2 487.6 477.3 457.7 452.7 453.4 453.9 458.6 463.2 463.7 460.5 454.9 449 447.9 446.6 446.3 446 447.3 452.5 465.4 477.4 486.5 490.8 486.3 460.2 477.2 489.8 495.2 497.7 496.9 496 492.7 489.9 486.4 482.2 478.8 476.7 474.6 472.1 468.6 464.2 459.5 455.9 453.3 450.3 453.1 451.7 447.3 450.4 453.8 460.6 469.6 484.9 493.5 496.5 498.1 493.5 485.3 480.1 474.1 468.6 463.1 457.3 451.8 438.9 419.7 417.7 415.7 413.8 414.9 426 443.2 453.3 461 468.9 474.5 482.2 490.4
495.6 492.1 480.8 464.9 451.9 452.5 452.7 451.8 451 450.7 449.8 449.1 449.3 448 447.5 446.8 448.2 459 471.5 484 492.4 497.5 497.9 483.5 464.6 486.2 497.4 501 501.9 500.7 499.8 498 495.9 492.5 488.4 484.5 482.8 480.7 478.2 476.6 471.6 466.9 464.8 464.5 464.2 463.8 457.5 463.8 466 467.7 471.9 482 496.3 501.3 504.7 502 495.4 486.9 480.8 475.4 470 464.6 459.7 455 450 437.1 418.5 416.3 415.6 412.7 416.5 436.8 452.3 460.7 468.2 474.4 481 492.5
500.3 496.7 490.2 476.7 459 452.1 451.7 451.5 450.6 450.6 450.2 450.5 452.1 450.6 449.7 453.7 465.7 477.4 487.5 495.9 501.7 504.5 502.6 489.3 469.7 493.5 501.8 506.7 507.3 504.8 503.9 502.7 500.4 498.1 493.8 490.1 489.6 487.8 484.8 484.2 479.2 473.5 470.8 470.1 469.5 470.1 468.8 470.9 472.7 473.8 477.2 489.2 500.4 505.8 508 504.9 497.4 490.1 483.2 476.8 471.4 466 462.3 457.9 453.2 448.2 434.6 424.6 415 414.5 411.1 427.5 448.7 459.3 467.2 474 482.4 492.6
506.4 503.5 500.2 490.3 477.5 465.5 459.3 451.6 450.6 451.1 451.4 455.7 462.3 465.2 469.5 477.9 487.7 494 499.1 504.7 509 510.3 506.8 495.4 475.6 495.2 504.6 512.6 514.2 512.3 509 507.4 504.5 501.2 498.4 495.5 494.1 493 490.5 490.1 488.4 482.1 479.2 475.9 474.2 474.5 474 475.7 476.9 478.5 482.5 495.7 502.7 504.1 504.8 502.4 497.5 491.3 484.6 478.2 472.8 467.4 463.5 460.3 455.9 451.7 444.8 432.8 422.5 414.4 412 419.5 442.9 455.7 465 472.5 483.5 491.2
513.2 510.1 506.9 503 498.1 490.5 485.6 475.9 473.7 474.8 476.5 461.6 475.2 481 485.1 492.1 496.9 500.6 506.9 511.5 515.7 518.3 510.9 501.4 481.3 493.2 506.3 516.3 520.6 519.4 515.3 511.4 508.3 504.6 501.6 498.9 498.2 497 495.3 493.4 492.9 493.1 489.7 484.5 480.7 479.8 479.2 480.1 481.2 482.4 488.4 499.5 504.1 510.2 513 506.3 499.6 492.2 486 480.4 474.9 469.5 465 461.8 458.9 454.7 450.9 443.9 432 416.1 412.7 413.2 436.1 450.1 461.5 470.2 477.9 485.4
519 515.8 513 510.2 507.1 502.8 496.4 491 489.8 489 486.9 468.6 483.3 489.5 494.4 498.9 503.4 509 514.2 518.2 522 522.4 513.9 507.8 498.6 487.8 505.9 517.6 526.8 528.6 524.5 519.8 514.4 509.2 505.3 503.1 501.5 500.2 498.7 496.5 495.5 495.5 494.3 493 487.4 484.2 483.6 484.6 485.4 487.7 494.8 502.3 508.2 515.4 516.1 510.3 504 496.7 489.4 483.6 477.8 471.9 466.8 463.6 460.9 457.9 454.2 449.5 443.4 424.8 413.9 410 428.4 444.2 455.4 463.5 469.7 474.6
523.9 520.5 517.7 515.5 512.7 507.6 500.7 497.1 495.7 494.5 492.3 470.8 489.4 495.9 501.3 506.7 508.9 515.2 520.5 525.6 528.4 527 521.4 512.8 504.2 490.6 508.2 518.3 529.1 536.2 533.2 528.6 522.2 515.3 508.5 506.7 504.8 503.3 501.4 499.5 498.3 497.8 496.4 495 493.4 489.9 487.9 489.1 492.2 496.4 500.3 505.6 509.7 513.5 515.2 511.7 507.7 499.2 492.3 487.4 481.3 474.6 468.8 465.5 462.7 459.8 456.5 453 447.5 433.1 415 409.2 420.5 435.7 447.4 454.8 460.5 465.1
529.2 525.2 521.1 518.6 515.8 509.8 504.1 500.5 498.5 497.1 486.9 480.8 494.4 501.3 506.7 511.3 515.6 521.4 526.8 531.7 534.9 532.6 525.3 518.3 508.3 497.3 508.8 520.6 530 539.6 539.3 536.3 530.3 520.8 511.5 510 508.2 506.3 504.5 502.6 500.8 499.9 498.5 497.1 496.1 494.4 492.7 494 497.4 504 506.4 508.9 512.8 514 515.1 514.2 508.4 501.4 494.5 489.9 483.6 477.2 471 467.3 463.6 460.6 457.5 454.4 449.8 435.1 417 409.3 410.4 424.9 438.6 446.8 451.5 455.5
534.1 529.4 525.2 521.3 517.3 512.4 506.6 502.5 498.7 487.7 490.4 496.7 502.1 507.2 511.9 516.3 522.1 527.7 533.3 538.4 540.5 539.2 532.4 523.6 512.9 502.1 507.9 521.5 532 543.9 547.5 545.5 539.4 531.1 522 515.8 512.7 509.9 508 506.2 504.3 502.1 500.7 499.8 499.2 498.5 497.5 498.3 502.9 507.8 509.7 510.8 513.9 516 516.6 515.6 510.6 505.7 498.4 491.1 485.3 479.6 473.6 469.1 464.9 461.5 457.6 453.8 449.3 438.4 419.9 410 408.7 410.2 427 437 443.5 448.1
537.3 531.9 527.4 522.5 517.3 512.5 507.1 501.5 490.6 499.7 502.4 504.9 509 512.9 517.4 521.1 527.6 534.1 540.4 544.2 545.6 543.5 538 528.9 516.3 501.8 509.1 523.6 534.7 547.3 554.5 554.3 549.3 541.2 531.8 524.6 520.8 515.9 513.3 510.8 508.5 505.6 503.9 503.1 502.5 502.3 501.9 503 506.8 510.1 511.7 512.9 515.4 516.5 517.2 518 514.3 508.7 501.2 493.9 486.5 482 475.9 471.2 466.1 460.8 456.8 453.2 448.6 441.8 423.5 412.8 408.4 408.2 410.7 424.6 436.1 441.6
