data/320000-250000.asc
ncols 200
nrows 200
xllcorner 320000
yllcorner 250000
cellsize 50
[rows 70 to 104 of 200, columns 0 to 77 of 200]
451.4 440.6 425.4 397.8 364.5 334.3 315.3 303.8 300.2 297.1 293.5 291.2 288.2 286.8 282.9 279.3 278.8 275.2 276.2 276 276.2 274.9 272.4 271.2 270.5 269.6 268.9 266.2 263.6 260.6 260.3 253.9 250.4 251.7 254.4 261.3 258.1 251.9 251.9 255.7 260.7 245.4 260 261.7 260.7 259.3 256.9 244.5 255.6 257.4 260.3 264.6 267.4 270.1 272.8 274.7 278.6 281 283.7 285.9 285.9 284.1 286 286.3 296.4 305.6 311.8 317.5 323 323.1 318.2 314.8 318.7 324.6 322 326.8 340.8 341.2
458.7 446.8 428.3 409.4 383.4 354 333.2 317.8 311.9 303.7 298.1 296 295.1 293.6 292.1 289.1 284.7 284.4 283.2 281.5 279.8 277.1 274.8 274 273.5 271.9 270.8 268.8 265.9 263 263.3 265.8 264.8 264.1 265 266.5 266.6 265.3 264.6 263.8 263.4 248 263.5 263.8 263.7 263 261.8 250.7 261.8 263.1 264.1 267.2 270.1 272.5 276.1 279 282.5 285.9 288 289.4 291.3 291 293.2 297.2 304.2 310.8 314.4 318.5 319.6 313.7 307 303.7 305.4 310.6 316.2 320.3 334.8 335.7
469.6 454.7 436.5 419.7 406.6 381.2 357.2 337.4 329.6 325 315.2 306.6 304 306.3 304.2 302.4 299.5 296 292.4 286.6 284 279.7 277.4 276.1 275.1 273.9 272.7 270.7 268.7 267.9 268.7 269.6 269 268.3 268.7 268.9 267.6 266.6 265.4 263.3 260.2 247.5 264.6 266.2 266.4 265.5 264.2 260.5 262.6 266 267.7 269.1 271.6 274.2 278 281.3 284.9 287.6 290.3 295.3 300.4 303.1 307.8 308.3 307.9 311.8 314.9 312.7 309.8 303.9 296.7 295.5 297.4 303.7 309.4 314.6 324.2 326.9
485.9 472.5 455.5 435.9 424.2 412.7 388.2 363.5 357.4 346.5 335.6 324.7 315.5 316.6 318.2 315.5 313.3 310.2 301.2 295.4 287.8 281.4 279.3 278.8 277.8 276.8 275.5 273.9 272.8 272.8 272.5 272.3 272.3 272.4 271 269.4 267.9 266 261.7 261.2 260.2 253.1 261.9 267.5 268.2 267 266.2 265.2 264.2 267.2 269.7 271.1 273.2 275.6 278.3 283.1 286.6 290.7 296.8 304 311.2 311.2 315.5 314.5 313.4 314.4 314.1 309.3 300.5 294.6 290.8 290.4 292.7 297.7 302.9 307.7 312.1 315
495.8 490.7 480.9 464.9 450.7 441.3 429.5 402.6 393.6 378 364.1 345.6 332.5 330 327.2 321.5 318.9 315.2 304.7 293.6 289.1 285.7 283 282.1 280.6 279.6 280.5 279.9 279.7 278 275.4 274.3 273.6 272.5 271.1 269.1 267 265.1 263.6 263.4 265.1 264.4 261.2 268.8 268.9 268.2 268.3 268.1 265.7 267.2 270 272.2 273.9 275.5 278.3 283.1 288.8 293.9 303 309.8 314.5 315.4 314.7 315 316.1 316.1 315.5 308 298.8 289.8 286.4 286 289.1 292.9 296.3 299.7 301.5 298.5
500.3 494.2 486.3 477.2 469.2 463.7 451.2 446.1 429.4 406.2 388.6 371.8 355.1 341.6 333.1 324.8 317.5 311.1 313.7 308.7 301.8 294.2 292.2 289 285.2 283.9 284.9 286.1 284.8 282.6 279.4 276.8 274.3 272.7 270.8 268.4 267.5 266.3 267.2 268.4 267.8 266.8 260.6 268.8 269.5 270.5 270.5 270 267.6 268.3 271.1 272.5 273.8 276.4 279.4 282.7 287.5 296 303.6 309.4 313.9 316.2 315.4 316.4 318.3 318.4 314.9 305.4 295.1 286.6 284.1 283.2 285.9 288.8 290.9 292.3 293.3 291.1
504.8 497.6 490.8 482.2 474.8 468.2 463.8 459.6 451.6 441.1 413.7 397.1 379.7 361.2 350.5 332.5 321.3 317.7 318.1 318.2 314.2 309.7 303.7 297.2 292.3 290.3 287.7 287.3 286.3 282.1 279.3 276.4 273.7 271.2 269.7 270.7 268.6 269.1 270 271 270.8 268.1 264.1 268.8 270.2 272.1 271.8 271.1 269.8 268.7 270.9 272.9 274.5 276.9 279.9 282.9 287.1 294.4 301 307.1 312.1 314.7 317.9 321.4 320.6 320.6 313.6 302.9 293.5 287.4 283.1 280.8 282.5 284.4 286.5 287.2 287.8 287.9
508.7 502.3 495.9 487.2 479.3 472.4 470.1 464.3 458.5 447.2 436.5 419 400.8 384.2 367.4 353.3 338.9 329.2 323.8 323.2 321.1 316.3 310.5 303.2 298.8 295.4 292.8 290.6 289.7 285 280 274.5 273.4 272.8 272.1 271.9 271.7 272.2 273.2 272.7 271.5 268.8 264.9 265.5 271.3 272.3 272.7 272.5 271.5 271 271.3 273.7 275.4 277.4 280.4 282.6 286.6 291.8 298.1 304.6 309.8 313 317.5 319.1 317.6 316.6 311.8 302 293.7 289.7 286.1 282.9 280.4 281.7 282.6 283.5 285.1 285.4
510.5 506.9 500.9 491.6 479.9 473.3 469.2 468.5 459.9 447.7 436.3 424.5 412.1 396.7 384.5 368.9 355.7 345.2 336.4 330.5 327.2 321.7 314.7 307.8 304.3 301.2 298.3 296.7 293.6 288.9 283.7 278.2 276.2 276 275.3 274.3 274 275.5 274.9 273 270 267.7 264.8 266.3 271.3 272.6 273.3 273.4 273.6 274.3 275.2 274.9 276.9 278.3 279.5 281.6 285.4 290.9 297.6 303.3 306.8 307.2 308.8 311 312.1 306 298.1 294.5 293.1 289.8 287.1 284.3 281.6 279.1 277 276.8 283.1 283.4
507.7 504.9 502.5 495 482.4 473.5 467.4 464.8 460.6 448.1 434.4 420.5 408.4 394 384.8 372.1 365.4 357.7 348.4 340.4 334.8 329 323.1 317.6 312.4 309 306.1 302.7 297.7 292.5 287.1 282.7 279.8 279 278.4 277.4 277.2 278.3 276.1 272.7 269.9 266.6 266.4 267.6 271.1 273.1 274.8 275.1 276.4 277.3 278.5 278.8 279.1 279.3 279 279.8 285.6 291.9 297.7 300.9 302.5 298.3 296.5 296.8 297.8 292.3 289.9 288.2 289.4 288 286.1 284.2 283.1 281.7 277.4 274.4 281 282.3
503.2 499.9 497.2 491.6 478.5 466.3 456.3 451.9 446.8 436.4 418.9 408 395.4 381.3 369.5 363.1 358.5 351.2 348.2 343.3 339.3 333.5 329.6 324.7 319.3 315.7 312 307.8 302.8 296.5 290.3 286.3 283.4 281.3 281 279.9 279.4 278.6 276.5 273.6 270.2 266.1 268.1 269.7 271.7 274.4 276.7 277.3 278.6 279.9 281.5 282.7 281 279 275.9 280.1 286.7 294.3 296.8 294.8 290.4 284.1 284.9 280.8 283.2 283.2 281.8 281.8 282.5 283.1 281.4 282.6 285.5 284.4 279.9 274.4 277.5 280.7
498.7 495.4 491.8 481.7 470.8 458.2 447.7 436.2 428.5 414.5 400.2 388.4 377.8 367.9 359.1 351.5 347 344 341.1 337.8 335.5 332.1 330.8 325.2 320.4 317 313.9 310.1 305 298.6 293 290.1 287.7 283.1 280.8 279.7 278.4 276.9 275.7 273.1 270.4 267.2 268.6 270 272.4 275.6 278.5 279.5 281.4 283.5 285 285.2 281.7 277.1 272.9 274.6 284.3 290.1 288.5 284.5 276.7 272.9 272.9 274.6 275.5 274.7 274.2 275.2 275.4 274.7 274.8 277.9 283 284.4 280.9 276.2 273.1 278.4
493.9 488.2 481 471.9 462.2 450.2 437.9 426.3 410 394.6 381.4 370.4 361.7 354.3 347.4 339.9 336.3 330.9 329.1 326.4 324.3 323.4 324.8 322.4 318.8 315 311.8 309.5 306.7 301.1 296.2 292.5 289.2 285.5 282.2 280.1 277.7 274.7 273.2 271.2 269.6 267.9 267.7 269.6 272.3 275.5 280.2 283.1 285.2 287.4 288.7 286.4 282.2 276.1 270.4 271.3 276 280.6 278.4 273.3 267.3 265.8 266.1 268.6 269.8 269.2 268.9 269.1 268.8 268.2 270.3 274.4 278 279.5 279.2 276.2 271.4 276.4
487.7 480.4 470.2 460.9 452.4 442.2 430.8 418.9 402.7 386.2 376.3 361 353.7 355.6 353.7 350.5 346.1 343.9 336.5 330.6 322.7 315.3 313.6 314.3 313.2 310.5 309.3 305.8 302.8 299.1 295.1 292.3 290.8 287.2 282.7 280 277.5 274.7 273.4 270.3 269.4 268.3 267.9 269.8 273.3 277.3 281.9 286.8 289.4 291.7 292.3 289.7 283.7 275.5 270.3 265.5 267.7 268.1 267.5 263.4 260.8 261.7 262.8 263.8 265.1 264.8 264.7 264.8 263.8 262.5 265 268.5 272.6 274.4 275.7 273.8 265.1 273.6
482.9 474.6 456.8 443.7 435 425.5 412.5 399.9 389.7 383.4 377.9 378.4 372.7 366.8 360.5 356.1 353.9 350.3 344.3 338.2 329.7 320.9 314.8 309.1 308 302.1 301.7 301.8 298.9 291 289.2 285 284 282.8 280.9 278.8 276.9 274.4 272.8 271.1 270 269.3 269.5 271.9 276.4 281.2 285.8 289.3 294.7 295.8 296.9 293 285.7 277 268.8 265.2 263.1 261 260 258.7 257.6 258 258.5 259.6 260.6 260.9 260.9 260.7 260.1 258.8 259.3 262.5 266.5 268.7 270.4 267.3 267.6 272.5
481.9 480.9 468.7 457.2 446 432 420.4 412 404.8 390.8 398.8 392 384.8 378.2 368.2 364.7 361.3 357.6 351.4 344.3 335.5 325.7 317.4 310.4 311.1 304.1 298.5 295.9 292.8 294.5 297.2 296.8 292.6 287.8 282.7 278.4 275.9 272.9 271.9 270.9 269.9 269.2 272 275.5 281.1 288.3 297.1 304.7 305.2 301 301.2 294.2 284.4 277.2 271.5 267.1 263.9 258.2 254.7 255.1 255.3 255.5 255.8 255.3 256.8 257.6 257.3 257 256.5 254.5 255 257.3 260.7 259.6 260.3 264 269.4 271.8
485.8 484.4 482.1 473.9 464.3 451.4 441 431.7 424.9 412.7 415.4 410.9 405.6 397.5 386.7 375.4 370.2 363.2 355.7 347.2 338.2 328.3 319.5 320.1 314.9 308.4 303.5 302 302.4 302.8 306.3 302.5 300.1 294.6 288.4 283.2 277.4 273 270.4 269.9 269.5 273.5 276 280.7 291.5 307.8 316.2 314.9 302.3 296.4 292.9 286.7 279.9 275.8 272.3 268.8 263.4 259.8 256.8 254.2 252.5 251.8 252.5 251.6 252.1 253.2 253.3 252.9 252.4 250.9 251.9 252.8 254.3 254.2 256.1 263.6 268.3 271.5
489.9 486.7 482.4 479.8 477.1 471.1 461.5 451.1 445.7 436.8 435.4 428.7 418.9 407.5 395.5 384.1 374 364.9 354.1 344.8 338.1 331 328.6 324.5 317.9 313.5 309.9 309.6 309.9 310.6 311 306.6 304.2 301.1 295.2 286.9 280.2 274.6 270.2 268.2 268.5 275.2 282.6 295 313.5 319.9 304.6 302 296.6 290.9 283 278.7 277.4 273.9 270.6 267.1 262.7 257.9 254.6 252.5 250.1 248.6 249 249.3 248.2 248.2 248.6 248.9 248.8 247.8 248.5 250.1 250.9 257.3 260.2 265 272 276.5
491.9 486.8 481.7 479.5 477.9 475.9 472.9 463.5 453.7 452.6 444.2 436.4 423.2 409.8 394.2 382.1 374.2 360.6 357.1 350.4 345.7 341 334.8 329.6 323.9 320.7 318.5 317.6 318.3 316.7 314.9 312.7 311.4 309.5 303.4 294.8 285.4 276.7 270.2 267.6 268 275.9 296.4 310.9 317.7 308.7 301.3 300.6 295.9 289.3 283.7 279.3 277 273.9 268.8 265.1 261.6 259.6 258.4 256.5 253.3 249 245.2 245.2 244.8 244.4 244 244.6 244.8 246.3 248.7 252.1 254.9 260.5 265.6 270.2 275.4 280.3
493.6 488.8 484.2 480.3 476.7 473.2 469.7 460.9 465.7 457.9 449.5 437.9 417.5 399.6 386.2 378.3 369.5 370.1 366 361.1 355.7 349.4 343 337.1 332.6 331.5 329.9 328 328.8 326 325.8 323.6 321.9 319.7 313.7 305.3 295.8 283 271.5 266 264.1 273.9 293.4 299.5 301.5 295 292.4 297.9 295.8 289.8 284.3 280.1 277.9 274.5 269.9 267.4 265.3 263.7 261.6 258.6 254.7 250 246.3 242.8 241.7 241.5 241.5 241.7 244.6 246.7 249.9 253.3 260.2 264.8 271.9 277 283.1 292.6
496.3 491.7 487.1 483.2 480 477.2 473.4 472.7 469.5 463.3 454.3 433.2 409.7 397.9 388.9 383.8 382.6 379.6 376.2 369.7 362.9 357.8 351.6 346 342.6 342.3 341 339.4 339.8 338 337.7 336.1 336 333.1 326.6 315.8 305.9 289.8 272.8 267.3 263.9 264 273.8 279.1 281.4 278.4 279.1 288.8 294 289.9 282.6 278.8 277.5 274.3 271.3 268.5 266.1 263.5 261.6 259 255.8 251.8 247.9 244.2 240.3 239 239.3 242.5 246.2 250.2 254.6 259.4 267.3 274.3 280.3 286.9 294.3 306.9
496.1 493.2 489.9 486.5 483.9 481.2 477.4 477 473.3 467.6 458.1 439.1 410.4 418.5 412.4 409.6 404.4 398.9 390.6 385.5 379.3 373.1 366.3 362.6 358.2 356 356.1 354.5 354.9 355.6 354.4 353 349.6 344.8 337 325.8 313 296.4 280 269.9 264 262 261.6 263.9 267.5 268.3 273.7 278.4 286.3 285.5 279.9 276.6 275.5 274.2 271.7 269.3 265.9 262.9 258.7 256.2 255.1 251.4 247.6 244 240.2 237.7 239.5 244 248.2 254.2 261.7 269.2 277 284.7 291.7 299.7 309.8 319.5
495.2 493.4 492.8 490.4 487.9 485.2 482.4 480.2 476.6 471.4 463.2 448.3 443.8 441.2 438.8 432.8 424.5 419.5 410.4 404.7 399.2 394.9 387.7 383.7 380.7 376.4 373.4 370.9 370.6 369.5 367.7 364.2 359.9 353.2 344.8 330.8 316.8 300.1 283.2 271.2 265.2 261.7 259.4 258.9 260 263.7 268.5 272 276 279.3 276.6 273.5 273.5 273.5 271.4 267.5 263.4 258.9 255.3 251.6 251.4 250.9 247.2 242.2 238.2 235.3 240.7 245.1 251.4 261.8 271.3 279.4 287.2 295.4 304.5 314.3 323.6 331.8
495.2 497.1 497.2 494.5 491.8 489.2 487 483.4 479.7 474.7 465.8 464.4 462.4 463.2 457.6 449.6 439.7 431.6 424.9 419 412.7 409 405.8 400.4 395.2 391 386.6 383.6 380.2 377.9 375.3 371.5 367.3 360.5 350.1 333.2 315.6 297.4 283.1 274.5 267.5 264.2 259.6 256.6 256.9 257.7 262 265.3 269.3 272.5 270.2 269.7 268.5 269.3 265.6 261.2 257.7 253.8 251.1 246.5 245.6 246.1 246 242.9 237.8 234.3 240.8 250.4 263 272.8 280.8 288.8 298.3 307.5 317 327.7 338.8 346.9
496 499.5 501.2 498.5 495.8 493.2 490.2 486.6 483.2 482 476.8 476.7 477 477 470.8 460.6 450.5 441.5 435.8 431 424.5 420.2 415.4 410 403.8 398.3 394.1 390.5 387.8 384.6 379.8 375.9 370.5 363 350.6 335.7 315.8 301.8 286.4 277.7 270.1 263.9 260 256.5 254.4 254.1 255.1 259.5 264.5 266.3 265.9 265.1 264 262.1 258.7 255.3 252.2 249.5 246.1 242.6 241.6 240.7 240.4 238.6 235.8 235.1 241.2 255.2 275.8 283.1 288.5 298.9 309.5 320.8 332.7 344.2 347.2 348.6
497 502.4 502.2 500.5 498.2 495.5 493.4 490.2 489.2 488.6 488.6 488.5 486.2 485.9 480.3 468.4 457.4 452.3 446.7 440.9 434.7 427.9 422.1 415.7 409.2 403.4 398.8 395.1 392.4 388.4 383.3 376.8 368.7 360.9 348.4 334.6 317.7 303.3 289.3 279.7 272.7 266.8 262.5 258 255 252.1 252.4 254.9 258.3 261.2 261.3 261.6 259.5 254.7 253.8 250.1 247.9 245.1 243 240.5 239.1 238 235.5 234.8 233.5 233.1 238.6 248.4 264.1 289.3 301.2 310.9 321.5 340.1 346.8 345.1 341.2 334.5
489.6 493 494.8 494.3 495.9 495.1 495 494.2 494.3 494.6 497 498.2 495.6 492.2 485.9 474.2 464.8 458.9 451.9 444.6 437.2 430.8 424.2 417.5 410.9 405 400.5 396.4 392 387.1 381.2 373 362.7 352.9 339.5 328.7 315.4 300.5 290.2 281.2 274.9 269.4 265.2 260.7 256.3 255.4 252.2 249.8 250.7 254.5 257.5 258.1 256.8 256.2 252.3 246.8 244.8 243.1 241.5 241.2 239.2 237.2 235.4 233.7 231.2 231.1 233.6 242.7 256 280.9 311.1 320.9 322.9 328.5 328 323.9 322.1 312.9
474.1 478 479.5 486.9 490.9 493.7 496.7 497.5 498.5 501.8 504.8 503.2 500.7 496.7 489.9 479.4 469.5 461.8 454 446.5 439.3 432.5 425.9 418.4 411.7 405.9 400.7 392.8 386.5 378.5 372.2 363.9 352.8 342.5 332.4 321.3 310.7 300.9 291.1 283.1 275.4 271.2 266.7 262.8 260.6 258.3 255.2 251.3 248.9 249 250.4 251.5 252.8 252.4 250.7 247.4 246.4 243.5 242.1 241.2 240.2 239.4 235 232.8 230.4 229.1 229.1 237.9 248.7 275.3 297.3 290.5 293.1 299.5 298.5 296.4 295.7 291.8
473.8 462 463 474.6 487.3 492.5 497 498.7 501.7 505.3 507.7 506.8 503.1 497.9 490.6 480.8 470.3 461.9 454.2 446.7 439.3 432.4 425.4 417.5 410.5 402.9 396.8 389 380.1 371.2 360.7 351.5 343.5 334.4 325.2 315.4 306.8 299 291.8 283.7 276 272.8 265.7 264.6 264.1 261.1 256.5 252.2 250.1 248.9 246.8 243.8 245.4 243 242.2 241 241.8 240.8 239.8 237.3 236.8 236.9 232.6 231.1 229.9 228.9 228.4 227.9 238 252.2 266.2 266.1 269.8 274.5 274.6 277 275.2 273.9
488.5 466 449.5 462.7 479.1 491.7 497.2 500.9 503.6 506.7 508.6 504.3 499.7 495.9 488 477.3 467.6 459.1 451.6 444 436.7 428.7 421.2 413.2 405 397.8 390.1 381.2 371.2 361.8 351.5 342.2 334.3 326.2 319.3 310.1 302.7 295.9 290.6 284.9 280 273.9 271.1 269 266.2 263.2 258 253.5 252.4 250.1 248.5 246.5 243.5 240.9 239 238.7 239.3 236.7 234.6 234.1 234.6 233.3 232.1 232.2 230.8 230.3 229.1 227.2 227 234.3 241 247.7 251.9 253.7 256.7 259.7 258.1 256.3
482.6 459.5 440.8 455.6 475.7 487.9 495.8 500.9 504.5 506.3 503.2 499.6 494.6 489.9 482.4 473.5 464.3 455.5 447.1 439.6 432.4 423.7 415 406 397.5 390.3 380.9 371.2 362 352.9 343.8 337.7 329.5 320.8 313 306.9 298 291.4 286.4 282.2 278.6 277.1 274.4 272.1 269.1 264 259.5 257.7 254.2 251 249 246.9 243.8 240.7 241 241.5 242.1 240.6 240.4 238.2 238.1 237 235.9 236.3 235.9 234 231.4 229.7 226.2 226.1 226.4 231.7 235.4 239 241.4 241.8 242.4 245.3
471.3 446.9 433.3 448.8 468.9 488.2 495.7 500.2 503.9 500.9 496.9 493.9 490.8 485.6 476.6 467.7 460 451.4 442.4 435.4 426.3 416.8 407.1 398.8 389.9 380.4 372.6 363 355 347.4 340.1 333.6 325.4 320.6 314.7 308.9 301.9 296.1 290.6 287 282.2 280 275.4 273.1 269.3 266.3 262.6 258.5 254.6 251.6 247.1 243.8 243.9 248.5 248.4 246.6 247.1 246.3 246.1 245.1 244.2 241.3 239.3 238.6 236.9 235.7 233.8 232.4 230.7 226.8 224.9 223.9 224 229.6 232.6 234.1 234.3 236.1
460 436.7 427.7 439.8 461.5 483.8 495.5 499.5 500.4 496.4 492.4 488.3 484.2 479.6 470.9 461.8 453.9 446.4 438.2 429.1 419.6 407.9 395.5 385.3 378.1 370.8 364 359.1 352.3 346.1 341 337 331.5 324.7 318.2 311.5 305.6 298.4 292.9 288.2 284 279.6 276.6 273.7 269.5 265.2 261.7 258.3 254.7 249.4 244.8 248.3 253.7 257.7 257 253.6 253.9 254.1 252.6 254.9 252.1 245 242.2 239.8 237.1 235.9 234.6 233.3 231.7 230.3 226.2 224.7 223.4 222.5 224.3 226.3 225.8 230.5
450.5 427.6 421.1 431.7 451.8 472.3 489.7 493 492.2 489 485 481 477 470.2 464 456.5 448.7 441.1 432.1 423.1 412.1 396.8 382.1 371.2 366 362.9 359.8 355.3 351.9 346.9 342.8 339.5 334.8 326.1 319.7 313.4 306.6 301.2 295.3 290.4 285.7 280.4 276.2 271.7 267.6 263.2 259.5 256.9 252.6 247.5 249.9 260.9 269.9 276 280.2 281.6 281.7 281.2 278 266.6 256.6 248.6 242.8 239.6 237.4 235.5 234 231.7 230.1 229.5 227.9 226.6 223.9 222.9 222 220.6 219.9 222.4
445.8 425.1 409.6 424.8 439.7 459.5 477.9 485.8 483.9 480.8 477.6 473.6 468.5 464.7 459.7 452.1 444.2 436.3 426.7 417 403.1 390.1 371.2 361.5 359.9 356.5 354.5 350.5 347 343.6 338.7 335.3 330.4 325.6 319.3 315.4 308.3 302.1 297.4 292 286.5 280.9 276 271.2 267 262.2 256.7 254 248.2 257.4 270.3 282.8 292.2 300.7 306.2 307.9 305.7 299.1 286.8 271.8 256.8 249.4 242.6 239 237.5 236 234.6 233.5 231.8 230.8 229.4 228.2 225.2 223.9 222.9 220.1 220.9 220.3
