data/320000-250000.asc
ncols 200
nrows 200
xllcorner 320000
yllcorner 250000
cellsize 50
[rows 35 to 69 of 200, columns 78 to 155 of 200]
202.6 201 201 202.3 200.6 199.9 201.6 205.3 210.2 218.2 229 213.4 219.6 217.3 202.2 195.1 191 189.1 188.8 190.2 188.6 188.6 188.6 188.8 189.2 188.8 188 187.3 186.8 186.4 185.9 185.4 184.8 184.2 183.7 183.6 183.4 183.2 183 182.7 182.3 182 181.7 181.3 181.1 181 180.6 180 179.4 178.8 178.5 178.1 177.6 177 176.6 176.4 176.2 175.8 174.9 175.1 175.4 176.2 178.3 181.4 184.1 185.4 187.1 187.7 192 200.1 210.5 216 221.4 233.5 256.1 286.9 310.3 332.6
209.5 209.9 214 201.1 208 206.6 202.4 199.4 198.4 198.1 205.4 213.6 216.9 197.8 192.5 191.1 190.3 190 190.7 191.3 189.7 189.8 189.7 189.5 189.3 189 188.2 187.8 187.3 186.7 186.1 185.6 185 184.2 183.7 183.5 183.3 183.2 183 182.7 182.3 182 181.6 181.3 181.1 181.2 180.4 179.9 179.6 179 178.6 178.1 177.7 177.2 176.8 176.4 176 175.6 174.8 174.2 174.7 176.8 178.6 180.9 182.3 183.6 184.9 185.9 190.1 198.2 208.9 218.5 234.2 251.5 273.3 300 321.6 346.2
223.1 221.7 215.2 206.2 211.8 224.9 223.3 210 202.9 200.1 197.2 195 193.7 193.7 192.8 192.4 192.1 192.6 191.8 191.6 191.2 191.1 191 190.1 189.5 189.2 188.7 188.1 187.6 186.9 186.3 185.7 185 184.4 183.9 183.7 183.4 183.1 183 182.7 182.4 182.2 181.9 181.6 181.3 180.8 180.4 179.8 179.3 179 178.7 178.3 177.9 177.2 176.8 176.4 176 175.7 174.7 174.2 175.1 176.1 178.1 180 181.2 182.2 183.3 184.1 189.2 197.9 210.1 229.9 251 267.5 284 302.1 323.2 339.7
221.5 220.3 225.2 215.6 212.5 227 227.1 220.6 214.1 205.7 198.9 196.9 195.1 194.6 194.2 194.2 193.7 193.3 192.8 192.7 192.5 192.3 191.1 190.3 190.2 189.9 189 188.4 187.7 187.1 186.4 185.8 185.1 184.4 184.2 183.9 183.7 183 183.7 184.1 184.5 186.1 186.5 186.9 189.3 186.6 181 180.2 179.7 179.2 178.9 178.4 177.9 177.3 176.7 176.4 176 175.7 174.8 174.5 175.3 176.1 177.2 179.3 180.3 181.3 181.8 183.4 191.7 207.8 218.7 239.8 257.1 271.9 286.3 300.2 318.6 333.6
219.6 224.1 225.9 225.6 235.4 230 217 210.7 220.4 216.9 200.7 196 195 195.3 195.7 195.2 194.6 194.2 194.2 194 192.9 191.7 190.6 190.9 190.8 189.7 188.9 188.5 187.8 187.1 186.5 185.9 185.2 184.7 184.2 184 183.8 191.2 197.8 206.7 213.1 218.3 221.3 215.4 209.3 197.3 186.3 180.4 179.6 179.1 178.8 178.3 177.8 177.4 177.2 177 176.1 175.8 175.2 174.7 175.4 175.9 175.8 177.6 179.4 179.6 179.6 185.8 198.6 210.4 227.2 239.5 255.4 270.4 284.5 297.2 309.1 322
219.4 223.9 219.1 221.7 221.7 210.4 197.6 197.9 197.8 199.7 195.8 196.5 196.2 196.5 196.2 195.6 195.2 195 195.2 194.5 192.3 191.6 191.4 191.2 190.5 189.4 189 188.5 187.9 187.4 186.8 186.2 185.7 185.4 185.4 189.7 200 212.5 226.6 243.3 247.9 251.9 249.7 237.6 217.9 202 184.7 180 179.5 179.1 178.7 178.2 177.7 177.3 176.9 176.6 176.2 175.7 175.6 175.5 174.5 174.6 174 175.9 177.7 178 177.5 183.8 195 207.2 219.2 236.5 252 266.8 279.4 291.4 302.1 311.2
224.5 221.8 219 219.2 212.2 197.7 198 198 210.9 205.7 200.4 197.3 197.2 197.1 196.5 196 195.6 195.4 195.3 194.3 192.7 192.3 191.9 191.2 190.3 189 189 188.8 188 187.6 187.2 186.7 186.6 186.9 193.3 208.3 216.8 227.2 245.4 263 275.5 277.9 263.8 245.5 219.7 199.8 181.9 179.6 179.3 178.9 178.6 178.1 177.6 177.2 176.8 176.6 176.4 176.1 175.3 174.6 174.1 174.5 174.1 174.4 175.3 175.7 176.4 180.5 187.7 196.9 209.5 225.3 246.1 261.9 273.2 283.8 293.3 302.6
223.8 219.9 219.7 213.8 207.2 198.3 199.7 207.5 217.4 212.3 198 198.4 198.2 197.3 196.7 196 195.5 195.3 194.8 193.9 193.3 192.8 192.3 191.6 190.7 189.5 189.4 189.5 188 187.8 187.3 187.6 189.6 199.9 208.3 219.6 225.8 246.7 267.7 287.3 292.7 283 264.4 243.4 217.2 196.3 182.1 179.3 178.8 178.8 178.6 178 177.5 177.1 176.9 176.7 176.4 175.9 175.4 174.8 174.4 174 174 173.6 173.4 174.3 175 177.2 181.8 190.5 200.3 212.2 236.9 252.9 265.4 277.3 286.9 295.4
223 208.2 211.2 207.4 206.6 204.2 207.6 207.8 216.8 207.5 200.1 200.5 198.8 197.5 196.8 196 195.5 195.5 195.2 194.7 193.8 193.3 192.8 192 191.1 190.3 189.8 189.7 189.2 188 187.9 192.9 208 224.1 235.7 243.5 256 273.2 290.1 298.1 290.7 277.8 256.4 234.9 211.7 193 182.3 178.6 178.7 179.2 178.9 178.1 177.7 177.3 176.9 176.6 176.4 175.7 175.5 175 174.5 174.2 174 173.9 173.8 173.4 173.8 174.8 178.5 183.2 190.8 201.3 215.7 239.9 256.7 267.9 277.7 286.8
218.1 208.2 208 207.7 207.7 207.6 207.8 222.8 206 200 201.4 200.5 199.2 197.6 196.9 196.1 195.9 195.8 195.7 195.4 194.5 193.8 193.3 192.5 191.4 190.7 190.1 190.1 191.5 190.2 199.5 215.7 232 247.3 260.8 268.3 281.4 293.8 301 294.9 279.4 261.4 245 224.5 206.3 193.9 182.9 178.7 181.4 181.1 179.3 178.7 178.2 177.7 177.3 176.8 176.3 176 175.5 175 174.6 174.4 174.1 173.7 173.4 173.4 173.7 174.1 174.8 179 184.6 193.8 203.4 221 244 260.1 268.3 276.8
218.6 207.9 208.1 207.9 207.8 208.1 222.4 210.2 198.8 201.8 201.1 200.1 199 197.9 197.5 197.4 196.6 196.5 196.5 196.1 195 194.4 193.7 192.8 191.8 191.2 190.5 191.2 194.6 194.2 208 225.3 238.9 254.1 271.7 281.8 290.1 291.2 286.6 276.5 264.8 250.1 231.1 213.5 201.9 192 185.9 183.9 184.8 182.2 180.6 180 179.5 179.1 177.8 176.8 175.9 176 175.6 175.1 174.8 174.6 174.1 173.6 173.5 173.3 173.4 173.6 173.6 175.2 179.4 186.9 195 206.3 224.3 246.2 260.3 266.8
228 207.9 207.9 207.7 215 222 211.7 200.6 200.8 201.5 201.3 200.2 199 198.8 198.8 198.7 197.7 197.3 197 196.4 195.8 194.9 194 193.2 193.9 195.5 196.3 202.8 206.2 206.7 205.6 224.2 240.4 251.6 267.5 275.9 282.1 279.6 269 255.1 248.1 235.5 218 205.4 196.9 191.8 189.1 188.2 185.9 182.5 181.4 182 181.5 180.9 179.5 178.4 177.6 176.2 175.4 175.2 175 174.7 174.5 174.1 173.9 173.8 173.5 173.3 173.1 172.9 176 182.7 188.8 194.3 204.8 227.3 245.7 256.7
228.4 227 226.1 219.8 212.1 205 201.5 200 200.6 201.8 201.5 200.7 199.8 200 200.1 200.1 199 197.9 197.5 197.1 196.4 195.4 197.8 201.1 206.7 212.2 221.6 228 223.2 215.6 209.3 222 230.2 241.9 253.7 260.9 266.5 259.7 247.7 239.8 229.6 217.6 207.5 199.2 192.6 191.1 189.9 187.9 185.5 184.1 183.8 185.7 185.3 184.4 183 183.7 184.1 184.2 181.6 179 175.9 174.8 174.5 174.3 174.4 174 173.8 173.5 173.2 172.9 173.1 176.5 182.5 187.5 195.7 207.5 225.4 242.9
216.7 213.6 208.7 206.4 205 203.5 200.8 202.2 203.1 203 203.4 202.2 201.2 201.2 200.8 200.4 200.5 200.4 198.6 198 198 199.9 207.4 214.1 225.7 238.4 246.1 249.2 235.8 222.6 217.1 217.2 223 230.6 238.5 243.6 244.8 239.5 232.6 224.7 215.3 208.4 200.3 194.5 191.2 190.7 189.2 187.5 187.9 188 189 190.4 190.8 192.6 192.3 192.9 194.1 193.3 192.8 188.5 184.2 180.6 176.9 176 174.9 174.2 173.9 173.5 173.2 172.8 172.5 172.6 175.7 180.5 188.1 196.2 208.1 220.7
209.6 208.3 206.3 204.9 203.6 202.8 203.3 204.1 207.8 210 206.8 204.8 203.7 202.5 201.8 201.7 202.1 200.9 200.8 201 204.3 209.5 221.3 236.5 254.5 264.6 272.7 264.5 244.7 230.1 223.2 219 219.2 222.3 224.5 227 227.5 223.1 217.1 212.6 207.8 203 195.7 193.2 192.6 191.3 190 189.1 191.5 192.3 194.3 196.7 199.1 201.2 204.6 206.2 208 209.7 210.7 207 197.8 191.2 184.6 182.9 174.4 174.2 173.8 173.4 173 172.6 172.3 172.2 172.2 175 181 187.7 193 202.6
208 204.9 203.8 203.7 203 204.4 208.5 218 219.2 214.7 210.2 207.9 206.2 204.7 203.5 204.6 205.7 205.5 205.5 206.6 212.3 218 239.7 260.9 276.8 288.5 294 282.7 257.4 238.8 230.4 226.2 224.6 222.8 221.3 219.3 216.8 213.9 211.4 206.7 201.7 198.1 196.9 195.5 194.4 193.7 195.1 197 199.1 201.3 205.5 208.4 210.1 212.9 215.4 216.8 221.5 223.2 230.1 229.5 221.8 208.9 196.5 187.7 181 174.3 174 173.3 172.9 172.3 172.1 172.2 172.2 172.2 173.6 179.9 185.6 192
205.6 205.3 205.8 205.8 207.6 213.5 220.4 226.6 229 223.2 215.1 211.9 207.3 204.1 205.7 209 210.7 213.8 213.2 214.5 217.7 232.9 257.9 281.5 297.6 309.2 314.4 298.1 272.6 257.8 244.5 238.2 233 229 227.7 225.6 222.7 216.9 214.1 209.5 202.1 200.8 200 198.7 197.8 199.9 202.5 206.3 210.7 214.9 218.3 219.8 218.9 221.9 225.8 236.5 241.4 244.9 247.6 246.6 239.4 231.1 212.1 196.6 186.6 180 175.1 173.9 172.9 172.3 172.2 172.1 172.1 172 171.9 172.2 178.3 183.3
204.5 207.3 210.6 213.4 223.6 223.5 229.5 236.1 234.7 226.5 216.8 211.7 206.4 206.6 211.2 215.6 218.4 221.3 226.2 220.5 230.8 249.5 272.5 296.5 317.4 331.5 331.8 317.3 295.5 276.2 267.5 261.7 256.6 251.5 244.4 238.6 233.2 227.5 221 212.9 205.1 204 203.5 202.4 205 208.2 213.4 218.1 222.3 226.5 232.2 238.6 240.5 244.2 248.9 258.4 268.4 272.2 270.7 262.6 254.8 246.5 228.6 212.1 197 186 180.4 175.2 173.3 172.4 172.3 172 171.9 172.1 171.8 171.3 172.1 176.9
210.7 217 220.5 226.7 232.7 235.3 239.6 239 232.7 224.7 216.4 211.9 208.1 207.4 216 220.7 226.3 231.4 229.4 228.2 239.6 257.3 281.1 307 331 347 353.4 334.6 312.9 297.9 291.6 287.8 277.6 271.3 264.3 256 247.6 233.6 223.6 214.6 209.2 209.4 208.7 211.7 214.8 219.2 224.9 233.8 242.6 249.6 255.4 258.4 256.8 261.4 273 285.1 292 289.2 282.1 274.4 265.9 254.4 245.7 230.5 213 196.9 185.6 179.8 174.5 172.9 172 171.6 171.9 171.9 171.4 170.9 170.8 172
223.6 229.5 231.8 235.8 241.6 245.4 246.2 243.1 234.6 224.3 216.8 213.6 210 209.2 217.7 221.6 228.8 229.9 233.4 242.3 243.8 271.2 294.6 314.5 336.6 353.7 366.6 353.2 331.6 322.1 317 311.7 306.4 298.2 284.3 268.9 253.4 238.9 226.1 217.4 215.1 215.5 216.4 221.5 231.3 241 250.1 257.9 266.1 272.2 278.3 283.5 278.9 282.7 295.2 303.7 304.2 300.8 293.3 287.3 280.6 271.9 262.9 252.3 233.7 214.1 200.3 186.3 181.1 176.5 172.9 172 171.7 171.3 171.1 170.9 170.4 170.2
230.4 239.4 240.7 243.2 250.8 253.5 252.6 249.1 242.3 229.8 219.9 214.6 210.7 209.1 212.8 217.2 222.5 230.9 242.4 252.4 251.2 272.4 298.5 320.5 343.8 360.7 373.2 368.7 354 344.8 341.5 333.6 319.9 307.9 289.3 272.7 256.8 242.5 232.9 222.8 223.9 227.7 235.7 247.3 256.7 265.2 273.7 282 291.3 299.3 305.9 307.8 303.3 307.5 315.5 316.8 313.7 309.4 302.8 296.5 290.3 284.1 278.6 269.4 257.1 240.9 220.1 203.9 189.4 184.7 179.3 174.4 172.2 171.3 170.8 170.6 170.6 170.3
242.5 244.1 249.8 250.2 255.8 261.3 262.5 264 259.6 236.5 223.6 215.1 210.8 209.8 216.4 219.5 224.5 236.7 250.2 263 264.5 288.1 311.5 338.7 362 383.2 395.2 394.6 384.5 371.8 359.5 340 321.1 304.7 288.3 269.9 256 244.7 234.3 230.9 235 244.2 257.1 271.2 281.6 290 300.1 309.1 317.8 325.2 328.4 329.6 330 330.9 331.6 330 325.4 320.1 315.9 310.7 305.7 299.6 291.4 285.5 274.8 262.4 247.6 230.1 213.5 197.1 189.4 182.8 176.3 171.6 171.3 170.9 170.7 170.6
248.7 250.7 255 259.4 262.8 268.3 273.3 275.7 261.6 238.4 222.8 216.8 213.8 212.7 217.5 223.3 235.2 246.3 257.7 272.7 291.2 310.9 336.2 357.1 382.4 401 410.6 411.1 397 377.2 356 333.4 316.3 300.3 281.9 268.1 255.2 246 240.3 243.1 258.3 272.3 283.1 294.7 305.3 314.6 325.7 335.8 340.9 344.4 347.9 348.1 347.5 345.7 344 342.2 339.6 333.5 326 320.8 316.6 312.8 308 300.8 293.3 280.7 269.3 252.4 236.6 224.2 207.5 198.7 188.4 181.8 177.5 171.4 171.2 170.7
255.5 258.3 262.6 265.2 269.4 274.7 282.4 282.6 262.1 237.6 224.3 218 214.7 217.6 223.8 232.1 245.3 256.8 276.5 296.7 314.2 332.2 350.3 373.2 394.9 410.5 411.4 403.3 385.8 366.4 345 330.4 311.2 292.8 280.8 266.7 255.5 249.5 253.3 269.9 283.1 293.7 305.2 318.3 329.4 337.9 346 353.3 359.5 364.4 364.8 363.7 362.4 359.2 356.3 351.5 347.1 342.5 338.6 333.3 327.5 322.5 318.5 314.6 306.8 295.7 287 274 259.8 246.8 237.3 223.4 210.2 199.7 192.8 186.1 181 176.7
261.9 264.6 267.7 269.9 275.7 282.5 292.4 288.6 260.9 237.3 225.5 218.9 214.6 223.2 231.9 239.9 253.5 267.1 279.8 305.7 324 345.9 363.9 384.6 402.4 408.6 404 389.9 377.6 358.3 343.5 329.3 313.4 298.5 278.5 265.6 261.1 266.1 279 295.7 309.4 320 332.1 342.6 350.8 362 368.6 374.3 379 379 378.3 376.1 373.9 371.9 367.4 361.8 357.2 352.9 348.9 344.2 339.7 334.3 329.5 325 319.7 313.2 302.4 292.3 282.6 275.6 267.2 253.2 243.5 228.5 212.7 205.8 196.8 192.1
270.4 271.2 273.8 279.9 283 297.2 305.7 285.8 256.6 235.4 227.1 219.2 217.3 229.4 237.6 245.4 257.4 272.2 290.2 312.2 334.7 352.3 369.6 390.7 401 396.3 387.2 378 367.4 355.7 344.5 332.3 316.7 301.2 292.1 291.2 283.2 287.8 306 320.3 334.2 346.9 355.8 365.9 374 382.3 386.4 388.3 389.1 389.2 388.7 387.4 384.4 381.5 378.3 373.3 367.8 363.3 359.2 354.4 348.9 344.6 339.8 335 329.7 323.7 316.4 306.1 299.6 295.4 288.9 278.8 268.8 258.3 248.2 236.6 228.8 220.9
279.2 281.9 287.5 293.7 298.8 309.4 297.7 275.4 251 235.7 227.9 219.7 223.3 234.2 240.4 248.8 260.9 281 298.5 319.4 339.9 355.9 371.7 382.8 384.2 382.2 376.5 368.2 361.6 353 344.7 336 323 320.8 321 321.9 311.3 307.4 328.6 345.5 357.9 369.9 380.8 388 393.1 395.6 396.9 397.1 396.6 395.9 395.4 392.7 390.6 387.2 383.6 380.1 374.9 370.9 366.1 361.4 356 352.6 347.1 342.2 338.3 333.3 326.7 321 316.2 310.1 304.7 300.9 292.4 285.2 276.3 267.2 259.3 252.5
288.2 294.7 299.9 305.5 309.8 308.5 286.6 265.9 247.4 237.9 230.1 220.9 226.8 236.3 243 251.9 266.5 287.8 308.2 320.9 335.7 349 358.1 363.1 366.1 364.5 363.3 360.3 356.2 350.5 343.9 337.2 339 340.8 344.3 346.7 342.5 340.1 349.6 367.6 380.4 389.1 396.8 399.2 402.6 403.2 403.4 403.4 401.6 399.2 397.9 395.9 393.3 390.7 387.4 384 379.9 376.6 372.1 366.9 361.5 357.1 352.4 347.7 344.5 340.1 333.5 329.8 326.4 321.6 316.5 312 307.6 301 295 291.1 283.2 278.3
302.4 305.8 307.7 309.8 300.8 288.9 272.3 257.6 246.5 239.7 229.9 223.5 228.4 237.4 245.5 253.6 264.2 281 295.7 308 322.3 332.1 338.1 342.8 344.4 348.3 349.5 347.8 347.3 345.3 346 349.2 353.7 358.7 364 368.9 370.4 371.4 378.7 389.3 396.8 404.5 407 409.7 410 409.1 407.6 406.6 404.8 402.5 400.3 398.1 395.3 392.4 389.9 386.6 382.9 378.8 374.7 371.1 365.9 361 356.9 352.4 347.5 343.5 340.2 336.2 332.6 328.4 324.3 319.1 314.6 310.8 306.9 303.8 299.9 296.8
317.6 316 309.5 298.5 285.3 273.3 260.4 252.8 247 239.9 229.3 225.5 227.7 237.1 245.9 255.1 262 272.6 283.8 292.8 304.7 311.2 319.5 324.1 328.8 331.8 332.1 334.2 337.4 344.8 353.8 361.5 367.7 374.8 381.6 387.5 391.4 394.1 398 402.7 408.2 412.6 415.8 415.4 413.4 410.7 409.3 408.1 406.2 403.9 401.6 399 395.8 393.3 390.5 387 383.3 379.7 376.2 372.4 368.5 363.6 358.6 354.2 349.8 345.8 341.5 337.6 334 330.5 326.9 321.4 317.8 313.6 310.3 308.5 306 303.8
325.3 317.6 307.3 292.4 276.2 265.5 257.9 252.2 247.8 240.8 231 227.7 227.7 228.8 238.8 249.1 259.2 265.8 274.2 282.2 290.4 298.2 305.4 310.3 314 316.2 320.6 327 338.7 357.6 369.2 378.7 386.5 392.2 397.9 401.6 405.1 406.9 409.4 411.2 413.5 416.2 416.5 414.7 412.9 410.8 409.2 407.4 405.4 403.8 401.7 398.6 395.5 392.7 390.3 386.7 383.1 379.9 376.2 372.2 368.1 364.4 359.6 355 351.7 346.2 341.7 337.7 334.4 330.7 326.3 321.7 317.7 314.5 312.3 308.9 305.7 304.4
326.8 320.4 307.5 288.5 275.3 266.3 259 251.4 245.1 240.6 233.1 228.5 230.7 238.8 236.5 239.1 244 256 264.5 271.4 276.2 288.2 296 299.4 303.3 308 320.5 335.2 357.3 374.6 385.5 392.1 398.5 403.5 408.1 411.7 412.2 413.6 413.4 413.6 414 414.7 414.7 412.8 410.5 409 407.3 405.5 404.3 403.4 400 397.5 394.2 390.7 388.8 385.6 381.5 377.5 374.5 371 366.9 362.9 358.9 356 352.1 346.7 341.2 336.8 333 329.8 326.1 321.1 315.7 312.6 308.4 305.1 300.6 298.5
329.9 319.9 302.3 290.5 278.3 267.8 258.7 254.9 249.6 243.2 237.3 229.7 237 246.8 244.2 245.4 246.7 246.1 254.3 260.5 278.1 281 287.5 291.9 305.7 324.3 338.6 358.3 377.9 390.7 398 403.5 407.1 413 416.4 416.2 415.5 415 413.5 412.5 411.1 411 411 409.5 407.3 405.6 404.8 403.6 402.4 399.6 397.7 394.9 392.4 389.3 386.7 383.3 379.2 375.2 371.8 367.9 363.8 359.8 356.3 353 348.7 344 339.4 335.3 330.7 329 323 319.2 314.7 309.7 305.5 301.8 294.1 291.4
336.4 327.8 315 300.7 286 273.7 264 257.4 251 247.9 240.5 235 247.2 248 244.4 247.5 251.9 254.8 254.1 263.7 267.3 280 293 307.2 325.2 342.5 360 380 390.9 400.7 405.7 410.5 415.1 418 417 416 415.1 412.4 410.7 408 406.1 404.6 404 403.1 402.6 401.6 400.1 398.7 397.5 394.7 392.1 389.7 387.7 384.7 381.7 378.3 375.3 372.3 368.7 364.7 360.7 356.7 352.8 349 345.2 341.9 337.9 333.6 328.9 325.7 318.3 312.2 310.6 305.2 300.7 295.2 289.5 280.7
339.2 326.9 315.9 301.3 287.5 275.3 265.2 258.4 252.8 247.6 240.3 248.1 250.9 249 247.7 248.5 253.6 262.2 264 267.5 274.6 288.5 307.7 325.7 347.8 366.9 385.4 398.5 403.3 407.1 411.7 416.3 418.2 417.7 417.5 415.5 412.5 407.1 403.6 399.2 398.8 396 397.8 397.7 397.1 396 394.8 394.3 392.6 389.6 386.5 384.1 381.9 379.8 376.6 373.5 370.7 367.9 364.3 360.8 356.4 352.4 349.1 345.3 341.5 337.8 334.6 331.6 327.4 322.1 313.4 307.5 301.3 296 291.6 286.3 282.3 278.6
