data/320000-680000.asc
ncols 200
nrows 200
xllcorner 320000
yllcorner 680000
cellsize 50
[rows 0 to 37 of 200, columns 0 to 83 of 200]
144.5 145.9 146.8 145.5 143.9 146.3 146 143.2 143.9 144.8 144.9 142.4 138 131.6 121.5 112 107 113.5 118.3 118.5 111.9 105.9 103.3 96 90.6 84.4 83.4 80 76.3 77.8 79.4 78.3 74.9 74.5 84.6 91.9 88.7 92.4 91.5 88.2 84.5 82.7 80.5 80.6 87.9 94.4 106 104.7 101.2 97.2 94.7 91.3 87.3 83.5 81 77.9 76.6 79 79.4 80.1 79.9 79.8 78.2 76.2 73.2 71.1 69.6 68.3 67.9 68.3 67.5 66.9 65.8 64.9 64.5 64.5 64.3 63.7 62.8 63.9 62.1 60.1 59.5 59.5
140.8 144.6 148.2 150.2 149.1 147.9 147.2 145.4 145 145.3 143.5 138 133.7 123 111.5 107.7 106.4 114.2 114.4 109.4 109.8 101 95 88.8 83.4 83.4 83.9 90 91.6 88.9 88.3 85.4 80.4 82.1 88.9 87.7 88.7 90.2 92.2 90 88.3 86.8 85.3 86.7 90.6 94.4 103.5 104 100.7 96.7 94.2 91 86.1 83.6 81.3 78.7 77.6 78.3 79.2 79.8 79.7 78.9 77 78.2 76 74.6 72.5 70.5 71 71.5 71 70.6 70.2 70.6 70.9 70.1 70.6 69.7 68.9 70 69.4 68.5 66.3 64.5
141.7 148.8 152.2 150.3 151.3 149.7 148.1 147.2 146.4 144.5 139 131.2 123.1 111.9 107.2 104.6 104.4 104.4 103.5 105 101.3 89.5 86 84.1 87 95 100.4 98.2 98.4 96.4 92.3 89.4 87.4 86.6 87.4 88.2 91.2 94.7 94.7 92.5 90.4 88.2 88.5 88.5 93.2 97 98.6 97.8 96.2 93.5 91.9 89.9 85.9 84.4 82.6 80.3 78.5 79.2 78.6 77.6 77.2 77.4 80.9 81.9 79.7 77.5 75.5 74.1 73.8 73.6 73.6 74.8 75.9 77.5 78.7 77.9 76.7 76.7 76.4 77.8 78.3 77.5 75.1 72.1
144.7 149.2 151 152 151 146.2 143.5 140.8 135.4 130.4 126.5 120.1 112.7 106 105.6 106.5 109 112.5 108.8 101.6 97.3 97.6 95.8 94.4 104.9 104.5 104.1 101.9 100.8 97.2 93 91.1 89 89.5 89 90.7 93.2 95 93.6 91.3 90.9 92.3 92.2 93.7 96.6 96.5 96.5 96.6 94 91.6 89.2 88.3 85.3 83.6 83.2 81.3 80.7 80.2 78.9 79.2 79.4 77.2 79.4 83.7 82.3 79.6 79.8 79.4 78.1 77.4 78.3 79.9 80.1 80.9 81.4 80.7 80.5 80.5 80.4 82.4 83.3 82.9 82 80.3
145.5 151.2 144 138.9 138.2 137.8 136 133.2 130.1 127.5 122.8 113.9 107.2 107.4 108.8 111 115.8 118.3 113.4 110 108.1 106.9 106.2 103.9 108.7 108.3 106.7 104.3 101.7 98.5 94.1 91.3 91.5 91.7 92 92.7 92.2 92.7 93.7 94.8 95.3 94.5 93.6 94.2 95 94.8 93.7 93.2 92.4 90 88 86.5 85 83.5 82.8 81.7 80 79.3 78.1 81.1 81.2 78.4 84.3 86.7 84.7 83 83.1 83.2 82 81.3 83.1 82.8 81.4 82 82.2 83.7 83.9 85.3 86.1 87.2 88 86.8 85.1 84.1
118 119 122.9 124.6 127.4 128.4 126.1 123.5 121.9 119.3 114.4 107.8 105.7 108 108.7 110.9 115.7 116 118.1 119.9 118.3 114.6 113.7 109.1 110.3 109.8 107.1 103 100.3 100 98.7 95.6 94.7 93.9 93.9 92.9 92.5 94.4 93.8 94.7 94.7 94.1 93.1 90.7 89.7 89.5 89 89.8 90.1 87.6 86.2 84.5 82.5 81.2 79 77.9 78.1 77.7 77.5 81.2 80.7 79.8 78.4 85.6 87 85.9 85.9 86.4 85 82.6 81 80.7 82.7 85.1 86.9 88.2 89.1 90.5 90.8 91.2 91 88.7 86.2 86
111.9 110.5 109.9 108.9 110.5 113.1 116 116.3 113.1 110.4 106.8 107.2 106.9 109.3 112.5 115.2 119.8 120.1 128.8 128.9 121.7 117.7 115.5 109.7 111.1 110.1 107.1 105.3 104.1 101 96.7 93.6 93.2 92.1 91.3 90.7 90.5 91.3 91.8 91.3 90.9 88.6 86.4 86 84.4 84.5 84.1 85.6 83.3 81.4 80.9 79.4 79 78.6 78 77.8 77.6 77.5 77.8 78.3 79.8 80.1 79.4 77.6 77.9 80.8 81.4 78.7 79.2 81.1 83.2 85 87.7 89.8 91.8 93.2 93.1 93.6 94 93.1 92.3 89.9 87.1 85.8
114.9 110.2 111.8 111 108.7 107.7 107.3 106.8 106.7 107.2 109.5 114.8 116.9 118.2 118.8 119.5 122.6 124.4 128.4 129 121.5 118.3 113.4 113.2 114.4 113.5 109.8 105.8 102.1 97.9 94.1 91.2 89.7 90 90 89.9 89 88.6 88.1 86.9 86.2 86.6 86.6 86.5 85.6 84.4 83.8 82.3 81.6 80.8 79.9 79.2 79.3 78.2 78.5 78.4 78.3 78.7 78.6 79.8 79.2 80 80.1 79.4 78.7 79 80.9 81.9 82.9 84.7 86 88.8 91.4 93.7 95 95.1 95 94.4 94.2 91.6 89.8 89.2 87.3 85.6
111.3 117.3 118 114.8 113.1 113.4 113 115.6 118.9 120.3 121 123.8 125.5 124.7 122.1 121.4 124.9 127.8 132.5 128.2 122.3 119.1 117.5 120.7 118.5 114.6 109.8 106.1 99.3 95.2 92 89.7 90 90.9 91.6 90.5 89.8 89.8 89.5 88.2 88.5 88.3 87.8 88 87 85.9 85.6 84.4 84 83.1 82.1 80.8 80.3 79 79.2 79.6 80.4 81.6 81.7 82.7 83.7 84.4 84 82.9 82.2 83.6 85.1 86.1 86.9 88.3 89.5 91.2 92.1 92.7 94.6 94.1 93.8 92.9 91.5 89.3 89.7 90.5 89.4 89.2
117.3 119.1 117.8 118.8 120 121.1 121.3 123.5 126.6 125.5 126.6 128.2 128.7 128.7 125.7 123.4 124.5 133.4 136 130.8 127.4 124.5 124.1 123.1 118.2 113.2 107.1 101.8 95.3 92 90.6 90.4 91.5 92.3 92.9 91.2 90.9 90.7 90.9 90.6 90.4 90.6 90 89.3 87.9 86.7 86.7 85.9 85 84.5 83.4 83 83 81.4 83.8 84.5 85.9 85.8 85.2 86.5 87.5 88.1 87.9 86.9 85.7 88 89.4 90.5 91.2 91.6 91.1 91.9 92.8 92.4 94.1 94.2 95.3 94.5 93.3 91.2 90.3 91 90.1 86.1
119.2 121.3 122.3 123.6 125.4 125.7 125.9 127.4 129.1 131 129.9 130.8 130.5 130.3 130.3 128.6 126.4 140.4 139.9 137.3 131.9 129.5 125.3 121.3 114 107.2 100 94.3 91.8 92 90.9 91.1 92.3 93.1 92.9 93.2 93.2 93.5 93.7 92.5 92.1 91.8 90.9 89.6 88.4 87.6 87 86.4 86.3 86.2 85.6 85.8 85.3 82.9 85.4 86.4 87.1 87.7 88.9 90.2 91.2 90.7 91.8 91 89.5 90.5 90.4 90.5 90.7 91.9 91.7 92.1 93.8 94.7 96.1 96.9 98.3 97.2 92.2 89.4 91.6 99.3 97.3 95.8
122.7 124.4 126.5 127.6 129.3 130.5 130.3 131.9 135 133.8 133.8 133.4 132.9 133.2 132 129.6 127.8 140.5 144.4 132.8 129.4 126.1 120.3 112.1 105.1 100.1 94.9 92.4 91.6 91.8 91.1 91.6 94.6 95.2 96 96.5 96.8 96.5 95.5 93.9 92.7 91.6 91.5 90.9 90.5 89.8 90 89.4 88.8 88.8 87.8 86 83.9 85.3 88.5 90 90.1 91.2 92 92.9 92.4 92.3 93.2 91.7 91 92.2 92.2 92.7 93.4 93.6 93.7 94.3 95.8 96.6 97.7 98.4 97.7 91.9 91.9 96.9 106.4 104.1 101.5 99.4
125.8 127.5 129.7 131 131.6 133.2 134.3 134.9 136.3 137.4 138.1 137.8 135.8 134.2 134.1 130.5 127.4 140.1 133.3 131.1 128 115.3 108.8 103.7 98.6 95.7 94 92.5 91.9 91.8 92.2 93.1 95.9 97.8 97.8 97.4 97.4 94.9 94.9 93.9 93.3 93.1 93.7 93.4 92.5 91.4 90.4 90.3 88 87.4 86.5 85.9 88.7 88.6 89.7 91 91.7 91.2 92.8 92.6 94.3 94.4 94.9 95.2 96.1 95.8 95.4 95.2 95.2 94.3 93.6 92.7 94.7 96.6 96.3 92.9 91.7 91 91.7 94.9 98.4 96.1 96.3 97.6
128.2 130.2 132.7 134.2 135.7 137.4 137.4 138.2 140.3 139.4 138.3 137.7 136.4 136.2 136.7 136.2 128.6 133.7 137.3 122.1 116.7 112.2 106.1 102.2 99.3 98.3 96.5 93.6 93.9 94 93.7 95.3 97.3 97.7 97.3 97 97.5 96.2 96.8 96.1 95.7 95.9 94.3 93.4 91.3 91.2 89.7 88.4 86.8 86.3 90 92.1 93 93.8 95.7 98.4 98.4 99.3 99.9 100.1 100.9 99.2 95.7 96 95.4 94 93.2 92.4 92 91.3 92.1 91.3 91.8 91.6 91.9 93.6 94.2 93.5 92.8 93 94.6 95.9 97 96.8
130 132.2 136.9 138.5 139.8 140.2 140.2 140.9 140.3 138.5 139.1 139.6 139.4 139.2 138.8 137.4 131.5 126.3 126.7 122.7 120 114.9 110.3 106.6 103.8 101.5 99.6 98.6 97.4 96 95.2 95.8 97.2 97.1 98.3 99.2 99.7 99.2 97.6 96.6 95.8 94.4 92.1 90.1 88.2 87.2 86.6 89.2 87.9 91.1 95.6 96.5 101 105 105.9 105.8 103.6 103.7 101.4 98.7 96.2 94.3 93 91.9 92.3 91.5 91.4 91.5 91.2 90.7 91.5 91.5 91.3 91.9 93.3 96.9 98.7 97.3 97.7 99.2 101.3 104.2 104.5 103
132.1 139.5 141.9 143.4 142 140.9 141.5 140.7 140.6 142.7 145.7 143.1 141.7 137.9 133.4 128.9 131.5 134.5 129.7 127.4 124.5 119.1 114.6 110.9 108.5 106.1 103.3 100.1 97.5 95.9 95.5 96.2 98.2 99.9 101.1 100.5 99.6 97.9 94.9 93.1 91.3 90.3 87.6 87.7 87.7 89.6 92.4 92.5 94.5 96.7 97.5 97.4 101.1 101.4 101.6 98.9 97.1 94.1 92.9 92.7 92 92.2 92.3 92.6 93 92.7 91.7 91.4 91.4 90.9 91.5 91.9 92.2 93.4 96.7 100.5 101.7 99 99 97.5 107.7 112.3 111.3 110.4
138.1 142.7 144.5 144.3 143.3 142.2 141.7 142.3 143.3 145.9 146.2 144.1 138.4 133.1 136.4 139 140.6 140.3 136.4 132.2 129.5 123.5 118.5 114.4 111.6 106 102.5 100.2 97.7 95.8 95.4 98 99.4 99.3 98 96.4 95.3 93.2 91 90.9 90.9 91.2 93 93.6 95.8 96.8 96.7 96.8 96.4 98.3 97.9 97.5 96.5 95.8 95 94.3 94.2 94.5 94.1 93.7 94.2 97.5 99.4 100.5 100.1 93.3 92.4 91.7 91.2 91 91.5 93 95.4 98.2 103.1 103.7 104.4 102.6 100.8 99.6 108.5 115.5 115.8 115
143.6 146.8 145.4 145.2 146.6 145.6 145.7 146.9 148.2 149.1 146 141 136.6 149.9 153.6 152.3 150.6 146.8 141.6 137 133.5 126.1 120 114.1 110.3 106.4 102.1 97.7 95.7 94.5 94.4 96.2 95.7 94.3 93.2 93.1 92.9 93.1 95 97.2 98.9 99.7 98.6 99 98.2 97.7 98 96.7 97.2 98.1 98.1 96.8 95.6 95.6 94.8 95 94.1 93.2 100.9 104.3 104.7 106.3 104.4 104.8 99.6 93.8 93.5 93.9 94.3 95.6 97.8 101 108.2 113.6 117.8 120.7 113.9 110.5 106.2 103 112.8 123.1 123.3 121.6
146.8 147.4 148.4 148.8 149.6 151.5 149.9 151.2 150.2 147.6 143.7 140 150.3 155.6 155.6 154 152.1 148.1 144.1 139.8 132.3 124.4 118 112.3 108.6 106 99.9 95.9 93.7 93.7 92.4 92.6 93 94.7 96.9 99.2 102.6 104.7 106.7 107.1 104.6 102.2 100.7 100 98.9 98.3 98.2 97.7 97.4 96.5 96.9 96.3 95.5 93.8 93.3 93 92.4 92.9 104.6 108.6 110.2 110.9 110.1 111.6 109.9 99.7 103.8 105.5 107.9 111.4 114.1 114 119.2 123 125.3 127.3 122.5 121.4 113.7 120.5 137.3 149.2 147.8 145.9
154.1 154.8 156 156.1 155.9 154.3 151.3 150.9 149.9 145 141.8 152.4 154.8 155.9 156.3 154 152.4 146.9 140.6 134 128.3 123.6 116.7 111.1 105.7 101 95.9 93.4 93.4 93.9 95.5 99.9 105 111 113.4 114.4 112.1 109.6 109.1 108.2 105.7 104.7 104 101.6 100.7 97.1 97.9 96.1 95.7 94.6 94.6 93.8 93.3 93.6 93.6 94.6 95.8 98.1 102.9 114.8 116.2 117 116.9 117.8 118.3 105.9 114.6 118.1 119.3 120.7 122 122.2 126.4 131.7 131.5 138.7 142.5 135.3 142.5 145.4 153.7 154.6 162.6 155
162.9 161.4 158.9 156.6 154.5 153.1 151.8 151.8 145.8 142.2 150 153.8 155.4 156.5 151.9 149.4 147.8 141.8 136.3 130.2 126.1 120.8 115.3 109.5 103 99 94.7 94 98.5 105.6 111.7 116.1 118.6 118.2 115.3 115.6 114.2 113.5 112.6 109.6 107.1 104.2 100.4 97.6 97.6 97 97.6 96.5 94.8 94.4 94.3 95.5 99.7 101.7 101.6 103.3 106.2 107.6 108.7 120.9 122 123.2 123.8 124.1 123.1 113.1 124.4 126.6 128.4 129.4 129.7 130 132.1 139.5 138.1 159.1 159.5 148 144 143.9 159.5 163.7 164.9 157.2
161.8 160.8 159.4 157 153.9 151.4 150.6 146.6 144 146.1 148.7 150.7 151.6 149.6 147.6 144.5 141.1 136.3 130.7 127.3 124.7 120.1 113.5 104.9 99 95 94.6 106.1 108.8 111.9 113.3 109.3 110.9 114 118.8 112.1 107.9 109 107.2 101.7 98.7 98.2 100.6 101.1 98.8 96.4 103.7 103.9 99.1 102.3 104.5 111.7 113 114.6 115.1 114.9 115.8 117.6 118.6 124.7 125.6 126.2 128.9 129 127.4 118.8 132.5 135 136.1 137.6 137 136.2 134.1 135.1 139.1 147.6 159.2 162.3 150.2 145.2 153.7 161.6 152.2 152.4
164 159.7 154.7 152 150.9 150.9 149.6 146.5 146.4 148.5 149.1 149.1 148 145.6 143.5 141.3 136 131.9 126.4 125.3 125.3 118 109.2 99.6 95.6 94.6 95 98.1 101.6 105.2 105.2 105 107 103.9 103.2 105.7 103.5 101.4 99.8 101 98.2 98.4 99.4 102.8 105.7 110.1 115.8 118.7 119.9 121 123.4 125.5 124.6 126 126.2 127.3 127.7 129.5 131.1 132.1 133.7 135.8 136.3 136.4 135.3 134.1 126.7 139.3 141.2 145.1 144.9 141 135.5 143 154.4 165.4 173.4 179.2 172.8 165.4 159.5 155.1 152.5 152.8
152.9 151.6 151.1 152.4 151 149.9 149.3 145 148.4 149.6 147.4 145.7 143.5 141.7 140 135.7 131.3 128.3 123.7 124.2 124.9 111.3 101.6 96.8 95.3 95.3 99.9 103.4 103.4 104.8 105.3 105.7 108.9 107.3 103.2 99.9 99.2 98.4 98.4 102 104.4 110.9 115.7 124 132.8 133.9 138.3 139.2 139.6 140.2 141.5 142.6 137 140.1 139.1 142.9 142.5 141.7 141.8 141.4 141.6 141.9 142.2 141.5 140.3 140.2 139.8 137.6 140.5 138.7 140 139.7 144.5 152.7 168.1 180.1 180.7 189.8 192 190.1 181 175.7 163.5 159.4
145.5 148.1 148.8 148.7 147.8 148.6 143.3 143.2 145 145.1 139.7 140.6 139.1 136.4 134.6 132.5 130.6 128.7 123.7 120.8 111.8 101.3 98.7 96.7 101.3 106 105.2 107.3 110.2 116.3 117.8 109.9 101.7 100.9 100.8 99.4 99.8 108.8 121.9 134.3 140.7 141.1 145.4 150.3 150.3 158.5 161.2 156.4 155.2 156.2 156.1 155 152.4 155.1 152.4 151.2 150.3 148.2 147 145.8 145.5 146.2 146.8 146.9 146.4 147 147.9 147.9 147.4 145.8 141.2 140.4 150.4 154.7 162.1 177.5 181.3 183.2 181.1 175.4 168.8 169.4 164.7 161.2
149.1 152.6 150.2 145.8 142.6 142.7 146.7 140.4 139.3 138.8 138.4 138.7 138.6 138 136.4 132.9 124 114.5 110.1 106.6 104.8 101.6 99.2 97.1 110.9 112.6 113.5 113.6 108.7 103.1 101.8 100.9 100.9 100.8 100.9 109.2 113.8 130.5 127.2 130 132.9 129.6 138.5 149.2 158.5 157.7 158.6 160 165.3 165.4 165 164.5 162.9 161.1 160.4 159.2 158.9 157.4 155.5 152.4 151.3 151.4 152 151.4 150.1 149.4 149.5 152.4 153.3 150.9 147.3 142.1 156.9 160.3 157.4 160.3 166.2 166 164.1 163.1 162.1 157.9 155.6 153.4
153.2 145.7 141.9 140.1 141.4 141.5 141.2 140.4 140.5 141.5 142.8 143.3 142.3 136.8 128.7 120.3 120.6 125.7 122.3 117.7 111.1 106.7 102.5 107.1 109.7 105.4 107.1 103.6 101.2 101 101.4 102.2 101.8 104.8 105 112.6 110.9 110.1 105.2 105 115 106.2 116.6 148.1 156.7 166 167.8 168.7 173.7 177.4 170.2 168 167.6 166.5 168.6 168.7 167.8 165.6 160.8 156.8 154 153.2 151.5 149.3 147.8 147 146.9 147.8 148.2 150.6 148.5 146.7 146 155.1 164.9 158.1 168.1 174.1 174.6 173.3 167 163.6 156.7 153.5
142.8 137.8 135.9 136.6 140.4 140.2 141.1 142.3 143.3 145.2 145.1 142.4 137.9 130.1 122.9 126.3 133.8 129.7 125 121.1 115.3 109.2 106.3 100.9 100.4 100.3 100.7 101.1 101.6 111.5 103.7 104.3 104.9 105.6 112.3 108.2 106.9 105.7 105.4 105.6 106.1 104.9 117 136 152.8 173.7 177.5 177 176.9 179.9 177.8 179 179.4 177.3 176 173.8 169.7 164.1 159.2 156.4 154.1 153 150.4 149.1 148.1 147.3 147.4 158.4 163.1 160.6 158 154 149.8 147.4 148.3 150.7 160.1 163.6 166.4 167.7 165.7 163.2 162 162.7
133.9 132.1 130.1 140.1 141 140.8 140.6 144 145.1 143.1 141 138.1 133.5 127 130.7 136.5 136.9 132.4 128.5 124 119.3 115.1 113.6 109 106.3 103.7 103.1 105 106.6 107.4 108.9 108.2 106.7 110.3 126.2 121.2 114.4 108.3 107.3 107.3 105.3 105.3 106 129 153.9 179.6 184 185.7 186.8 190.7 190.2 185.8 180.8 176.7 173.3 169.6 165 160.6 158.1 156.2 155.4 154.6 153.5 152.4 150.3 148.2 147.4 151.8 155.4 159.4 163.9 161.1 156.5 154.7 153.2 155.4 160.7 166.1 170 171.4 172 171.4 171.3 171.5
127.7 127 131.1 138.6 138.1 140.1 143.6 144.3 142.3 140 138 134.8 130.9 126.8 122.7 124.4 131.4 131.3 133.6 129.1 125.9 124.1 122.3 117.6 114.3 113.3 112.8 110.7 110.6 111.8 114.4 115.9 115 112 120.1 142.7 134.2 137.9 120.1 122.4 118.2 105.1 127.8 151.1 184.9 188.2 191.9 199.9 195.7 194.3 187.5 179.6 175.7 175.3 172.5 168.8 166.2 162 160.7 159.8 158.6 157.2 155.9 154.8 153.4 152.1 150 150.9 154.8 163.5 169.5 169.2 166 163.9 162.8 162.1 164.1 170 174.5 176.8 177.8 174.5 172.5 168.5
124.5 125.9 132.7 135.6 136.9 142.3 142.1 139.6 139.1 137.8 136.4 135.1 133.1 130.7 128.1 124.7 120 117.4 116.2 115.2 122.1 126.4 125.2 126.3 120.4 113.4 113.3 114.8 115.7 117.3 119.8 121.9 120.5 121 122.7 126.1 152.9 161.3 144.2 171.5 154.6 148.9 160.6 184.6 187.6 193 198.5 202.2 185.6 174.9 162.9 159.9 163.1 168.7 172.4 172.8 169.2 163.1 161.1 159.2 157.6 156.8 157 158.5 160.2 160.8 158.5 157.5 161.9 164 164.9 169.2 172.7 172.6 169.2 166 165 166.4 169 173 173.5 169.3 166.8 168.2
130.5 132.4 134.6 136.5 138.4 139.6 139.3 139 137.6 136.5 135.3 133.1 131.5 130 127.8 127.3 126.3 125.1 122.5 120.1 116.7 114.4 113.6 115.2 116.1 118.1 120.2 122.1 123.6 125.2 126.4 128.6 128.7 125.6 132.3 129.7 131.8 150.9 165.5 168.2 178.4 182.2 186.3 191.1 191.2 189.4 181.1 171 160.3 155.7 155.2 157 162.5 168.3 170.2 168.6 163.4 157 155.4 156.5 158.3 160 161.5 161.8 163.1 163.9 162.9 160.3 166.6 167.7 169.3 167.5 167.4 165 165.4 164.5 164 162.7 162.8 165.9 165.2 165.5 164.4 165
136.3 138 139 139.4 138.1 137.4 136.5 134.5 133.1 132.5 130.7 129.9 130.1 129.5 129.5 128.6 127.4 125.1 124.7 124.6 120.9 118.9 116.8 118.4 120.8 123.8 127.1 131.6 135.4 137.2 139 137.5 134 134.9 137.8 140.8 139.6 136.6 136.3 140.8 146.2 155.7 165.6 170.9 167.4 163.3 158.2 157.2 156.2 154.4 153.8 155.9 165.1 166.9 166.2 164 155.6 153.3 159.1 167.4 175.2 176.8 175.3 176.7 172.1 170.2 167.9 162.8 165.3 169.3 172.3 170.7 168.3 165.9 164.5 164 163.8 163 162.1 162.3 162.2 162.1 162.8 163
136.3 136.5 135 134 133.5 133.3 133 131 130.8 129.5 128.9 129.4 132.7 128.9 126.9 126.4 126.5 126.6 126.9 126.4 126.1 121.4 120.7 124.9 131 136.5 142.5 146.3 145.4 144.1 143.3 140.8 135.8 132.8 135.4 142.5 148.1 146.3 141.3 140.5 141.2 144.1 147.7 153.6 157.9 160.1 162 159.3 154.5 151.4 152.3 167.3 168.9 167.3 159.9 153.7 155.6 169.8 186 186 185.2 183.1 181 179.4 177.5 177.5 177.9 175.2 170.4 171.3 169.1 171.1 174.8 172.6 171.3 170.9 170.9 169.2 166.9 165.8 166.6 165.4 165.6 164.4
131.6 131.9 131.8 129.5 128.9 129 129.3 130.5 131 131.2 132.2 130.9 129.1 128.3 127.6 126.9 126.4 126.7 128.2 127.1 123.8 122.3 132.6 154.9 148 145.7 145 147.6 145.9 145.9 143.9 143.4 140.6 137.4 136 134.7 138.7 149.5 149.6 147.3 146 147.9 152.2 158 159.1 156.6 153.2 150.7 149.4 149.2 150.5 152.7 152.2 152 153.9 156.6 168.3 186.4 189.1 187.5 187.5 192.7 191.3 189 186.3 184.2 182.6 181.6 179.1 174.7 173.9 171.4 169.1 168.1 167.4 166.7 165.9 164.8 164.8 165.7 167.2 167.2 166.7 165.3
128.1 129.5 129.5 124 127.3 130.8 132.8 133.7 133.8 129.4 127.8 127.4 126.9 126.6 126.3 126.5 126.9 127.6 126.3 125.6 131.1 135.8 139.4 140.9 139.6 136.3 134.2 138 143.3 146.9 148.7 146.2 143.9 140.3 138.9 137.4 137.1 140.1 147.6 150.2 151.2 152.6 155.5 154 151.8 149.7 148.7 148.9 149.1 149.1 150.6 152.2 153.1 156.2 158.1 162.3 179.8 189.7 190.3 196.5 192.7 190.1 190.6 188.4 185.7 183.8 180.8 179.1 176.8 174.2 169.8 167.9 167.7 165.9 165.2 165.1 164.9 165.5 167.1 166.8 167.8 167.2 166.4 164.7
124.9 122.5 120.5 128.4 132.1 132.7 132 131.3 129.4 129 128.6 128.5 127.9 128.3 128.1 127.4 126 123.3 121.9 122.5 126.9 128 126.5 128.9 125.4 125.2 129.9 143.9 150.1 147.4 146.7 144.9 145 142.8 141 139.2 138.5 139.4 142 150.8 153.3 152 151.9 150.4 150.2 149.4 148.8 148.9 149 149.8 151.8 155.9 157.7 158.6 160.2 170.5 187.7 191.7 196.7 195.7 193.4 187.6 189.2 183.6 181.9 178 175.7 174.2 172.2 169.4 167.3 168.6 166 165.4 166.9 167 167.4 167.9 167.9 167.2 166.4 165.6 164.1 162.7
118.9 122.7 132.4 133 131.6 130.2 128.5 127.4 126.1 125.7 124.9 124.5 123.6 122.5 121 119.7 118.3 117.5 117.4 117 117.2 117.2 117.4 118.1 120 123.1 126.7 130.2 133.4 135.9 148.1 147.2 144.5 142.7 142.3 142.1 142.4 141.9 144.6 152.1 152.8 152.9 153.1 151.7 150.7 149.9 149.4 149.5 151.4 153.4 155.8 156.1 156.4 157.9 160.4 172 180.5 182.5 184.1 185.9 186.4 183 176.4 176.8 177.5 172.7 169.9 167.6 166.8 165.1 163.5 168.6 171.5 171.1 169.8 167.1 166.5 165.3 164.5 163.6 163.5 162.1 161 161
