data/320000-480000.asc
ncols 200
nrows 200
xllcorner 320000
yllcorner 480000
cellsize 50
[rows 76 to 113 of 200, columns 84 to 167 of 200]
88.2 89.1 81.2 77.2 70.4 65.4 65.2 67.3 71.7 74.7 77.7 83.8 84.7 86.4 92.9 98 104.2 107.1 109.6 118.7 127.3 137 143.6 147.6 145.2 145.8 146 147.6 147.6 155.1 163 177.1 190.6 218.8 231.6 238.9 242 245.4 244.5 241.6 244 239.5 231.7 227.6 218.5 212.4 198.1 185.8 174.4 171.6 170.5 169.9 165.1 160.5 161.1 161.4 164.7 168.1 172.7 174.5 173.6 169.8 165 157.9 150.2 142 131.8 123 116 105.7 97.7 92 83.7 81 77.4 77.2 75.6 73.1 72.5 70.6 70.9 69.2 67.6 64.8
81.3 84 78.2 73.4 64.9 64.2 69.3 78.2 87.9 95.6 92.9 90.6 92 95.6 98.5 102.5 107 110.1 116.2 124.6 131.7 136.3 141.2 144.1 146.3 149.2 151.4 155.6 152.2 160.9 176.4 193.1 210.6 231.6 242 246 250.5 259.2 254.4 254.6 250.7 243.1 238.1 231.9 221.6 207.1 193.1 183.9 177.1 176.2 175.4 173.5 169.1 167.6 170.3 173.5 177.2 180.2 183 184.7 182.1 177.1 171.4 162.2 151.3 142.7 133.5 123.3 116.1 102.6 94.8 85.9 81.2 79.6 78.2 79.4 77.9 74 74.5 72.5 69.7 68.5 67.6 66.4
76.8 82 71.6 63.3 63.4 72.3 81.6 90.8 99.6 100.7 96.9 94.3 98.4 103.5 102.7 105.5 108.4 114.7 123 131.7 142.5 146.9 144.7 146.5 151.9 151.6 156.2 152.7 154.8 167.4 189.2 210.7 231.5 250.7 254.3 258.2 263.2 263.5 265.6 262.1 254.1 248.4 244.8 234.2 218.2 198.8 190.5 184.1 181.1 180.2 178.5 176.6 177.1 178.8 188.2 193 192.5 193.8 193.5 189.6 184.4 178.4 174.6 162.5 152 143.3 134.2 124.7 113 100.3 90.9 82.8 81.3 81.2 79.2 83.4 79.5 71.7 71 70.2 69.7 69.1 69.4 68
70.4 68.3 63.1 64.9 71.3 83.4 92.7 99.7 103.3 103.6 100.3 99.5 101.4 104.4 105.7 106.3 110 117.8 127.7 138.9 147.3 150.2 147.8 153.2 155.2 150.9 151.5 155.5 159.2 170.3 197.2 217.9 241.3 257.8 265.4 272.5 275.9 271.4 272.6 269 263.8 256.1 244.6 229.5 214.4 200.5 191.2 187.1 185.6 184.4 183.4 185.6 189 195 202.9 205.9 204.3 200.7 196.2 191.7 186.4 183.6 173.3 164.9 155.1 145.5 136.8 125.2 113.5 99.2 88.2 81.5 82.7 83.2 77.5 80 75.9 70.8 72.7 72.1 70.8 68.4 67.9 65.8
62.1 60.6 67.8 74.4 82 93.1 100.8 106.5 107.5 105.4 100.1 101.2 103.1 104.5 106.8 109.6 118.9 131.4 139.9 150.1 154.6 154.4 150.9 149.5 149.5 149.5 149.4 150.9 156 168 186.3 220.1 248 260 273.3 282.8 279.8 283 280.9 277.6 271.5 257.1 242.8 229.6 214.6 202.4 194.9 193.6 192 191.9 193.1 197.5 202.9 208.7 212.3 210.7 207.3 202.4 195.7 190.5 188.3 179.5 170.9 163 153.7 147.4 132 122.6 110.7 97 87.4 83.5 85 80.1 75.8 73 71.3 72.2 70.9 69.8 68.5 67.7 66.6 65.5
63.1 71.7 78.4 85.4 93.8 100 104.7 107.3 107.8 104.5 101.4 102.7 104.6 107.6 109.1 116.5 129 142 152.3 158.7 150 149.2 149.3 149.4 149.3 149.3 149.2 149.2 157.5 164.7 187.1 222.8 244.8 262.4 276.1 282.3 287.3 290.9 289.8 280.1 265.1 253.6 239.6 225.5 211.7 203.1 201.3 200.3 199.5 200.5 208.9 215.9 215.9 215.9 214.6 211.5 207 199.5 192 189.2 185.7 178.1 170.4 163.2 152 143.6 129.7 119.6 107.1 96.6 90.1 85.5 81.8 79.2 75.4 72.5 70.6 69.4 69 68.2 67.5 66.8 66.1 64.7
71.6 78.7 86.8 94.8 102.1 105.7 107.3 105.7 105.7 103 103.2 105 107 107.9 112.2 121.2 136.7 149.3 151.5 150.2 150.7 151.2 150.6 149.7 149.6 149.9 150.6 150.6 157.9 171.4 188.3 216.3 228.7 240.3 263.9 284.8 294.1 297.4 285 272.8 261.2 249 234.3 221.7 212 208.1 207.7 207.3 210.4 222.4 227.9 229.3 230.3 225.5 216.5 205.6 202.3 195.1 192.2 188.7 183.7 176.5 167.9 158.1 149.3 138.8 129.4 118.3 107.3 99.2 92.9 84.3 80.6 77.8 74.4 72.3 70.6 69.7 68.6 68 67.6 66.6 65.6 62
80.8 88 95.3 103.8 105.7 109.4 107.5 105.5 103.1 103.4 105.7 109.7 106.6 108.1 116.5 129.5 144.1 149.8 150.7 150.8 150.4 150.4 155 152.6 153.6 154.7 152.4 154.1 162.1 170.3 187.3 198.8 208.9 223.1 242.9 267.3 284 290.6 286.1 268.9 257.6 243.2 229.1 218.2 214.8 214.2 214.6 215.7 227.9 237.3 241.6 240 235.8 222.1 214.2 208.1 198.6 194.5 191.4 187.5 181.9 174.6 165.8 157.5 148.9 139.5 130.1 120 111.2 102.7 90.4 84.4 80.4 76.7 73.7 72.1 70.5 69.5 68.3 67.9 67.8 66.8 66.6 63.2
90.8 99.3 106.9 110.1 109.2 109.9 105.3 102.6 103.5 108.1 110.9 112.4 109.2 111.6 122 134.2 141.1 144.8 148.2 151.6 152.6 153.3 150.6 151.4 151.1 151.9 150.2 149.1 152.2 157.1 170.8 181.6 196.2 213.3 232.4 261 279.9 282 276.9 265.4 252.5 237.6 225.1 221.2 218 220.6 223.5 231.5 241.2 252.2 250.1 243.9 234.8 226.3 219 208.1 201.7 196.8 193.2 186.3 178.6 173.3 166 159.1 150.1 141.3 133.3 124.9 114.5 99.3 92.2 85.6 80.7 76.3 73.6 71.8 70.1 68.8 68.4 68.2 67.7 67.3 63.6 64
102.3 110.9 115.9 114.5 112.2 108.5 102.5 101 103.8 108.9 111.6 111.8 110.5 113.9 119.9 128.3 129.3 142.9 153 156.2 159.6 159.8 160.1 159 153.2 145.7 142 140.7 144.8 152 159.4 175.4 189.2 208.6 232.3 261.5 277.1 277.4 275.2 261.4 245.4 229.1 221.7 221.9 222.1 225.2 238.6 249.9 258.5 257.5 251 247 238.2 231.9 223.9 213.9 207.4 200.6 198.1 190.8 181.8 174 165.2 160.5 151.4 144 136.5 125.2 110.6 100.6 94.4 86.9 81 75.5 73.3 71.6 70.1 69 69.1 69.2 68.4 67.6 68.1 67.1
113.4 121 118.8 117.9 116.4 108.4 99.5 96.4 97.3 107 108.6 106.7 104.2 110.3 116.6 123.6 135.3 147.2 153.7 154.4 155 152.4 154.5 150 147.2 142.8 141.2 140.4 143.2 151.2 159.8 170.4 183.3 201.6 233.8 264.4 274.1 278.5 264.4 248.1 230.3 221.1 219.1 223.4 222.7 235.2 251.6 258.2 257.3 253.9 248.5 248.6 243.4 235.8 225.9 218.6 209.2 205.8 198.6 191.9 183.8 175.5 166.7 160.5 153.2 145.4 135.3 121.5 112.6 102.9 94.9 87.7 81 75.8 73.6 72.9 71.4 70.2 70.5 69.8 68.5 67.8 70.8 67.9
127.9 123.5 122.8 123.3 119.4 108.7 94.4 86.8 88.5 89.8 94.4 97.6 107.5 114.8 120.7 127.1 139.7 149.5 151.3 153.7 152.9 153.8 146.4 144.1 143.4 141.5 140.7 141.1 145.7 153.7 164.2 174.4 186.9 201 221.5 257.9 275.9 265.9 248.7 238.7 226.8 216.3 215.5 219.4 223.3 242.4 250.4 248.3 240.8 238.9 248 248.3 245.6 237.8 229.1 217.2 214.5 208 197.1 191.8 185.9 178 170 162 154.5 145.7 134.7 122.5 112.5 103.8 96.9 88.5 81.6 75.9 75.4 75.2 74.4 73.9 72.5 69 68.2 66.3 66 65.4
127 125.7 125.7 125.3 116.9 101.7 89.6 82 79.8 84.2 85.1 89.4 104.3 113.2 121.9 127.2 136.3 141.7 146.3 153.7 151.9 145.3 141.8 140.9 139.8 139.4 141.4 146.3 152.1 159.3 172.3 185.6 195.4 208 224.7 253.8 268.7 252.6 243.9 231.7 216.8 211.8 209.8 214.1 219.9 224.6 235.3 233.3 227.4 231.5 241.3 247.4 244.6 236.4 230.5 224.6 218.6 209.4 197.8 193.9 188.2 180.3 172.8 164.7 154.7 142.5 132 120.1 111.9 105.2 98.8 89.4 80.4 77.1 76.1 76 75.8 78.2 73.2 68 66.4 66.1 65.8 65.9
122.8 127.9 127.9 122.3 111.3 100.1 88.1 83.3 76.1 77.6 79.5 91.8 100.1 106.6 114.8 116.4 123.6 134.8 138.8 143.5 139.1 138.9 137.6 137.7 139.5 141.8 147.6 153.2 159.6 167.2 176 191.5 206.4 220 239.4 254.5 251.2 240.5 228.9 220.2 211.1 206.9 204.7 211.8 213.8 214.8 217.3 220 217.8 222.1 232.7 242.5 240.2 238.5 231.3 227.3 219.5 210.3 200.9 194.4 188.1 180.6 173.2 165.4 153.8 141.2 132.3 118.1 113.4 108.8 99.6 90.5 81.8 79.7 77.3 77.5 78.6 75.5 70.4 68.1 66.7 66.2 65.9 66.8
113.7 130.6 127.6 122 112.3 98.8 83.8 80.8 72.6 75.6 77 84 92.3 98.6 103.8 105 111 118.8 122.9 126.7 126.6 128.7 131.8 136.7 141.8 146.7 151.1 159.2 165.7 173.3 182.3 199.2 212.3 233.7 249.3 247.9 241.1 229.8 220.5 213.1 208 200.7 202 206.8 205.8 209.3 211.1 210.9 211.2 219.8 226.6 234.9 237.9 231.4 228.9 226.5 222.6 214 203.7 194.1 186.6 179.1 172.6 163.1 153 141.2 131.9 120.8 116.4 111.7 98.5 91.3 86.4 83.8 83.1 82 77.6 73 70.8 68.6 67.4 68.8 69.8 70
110.9 118.7 120.3 116.3 108.3 92 77.3 73.1 64.8 71.7 73.4 80.2 85.1 90.2 95.5 96.9 102 105.3 109.9 112.7 115.4 121.2 126.2 132.9 140.9 149 152.6 161.2 170.7 177.6 184.7 195.9 218.6 239.7 241 238.7 229.1 219.8 211.9 212 207.1 198.5 197.9 200.9 200.2 202.4 203.5 202.9 206.3 218.4 226.7 235.5 231.6 224.5 224.2 226.1 223.3 215.5 205.3 192.7 185.1 181.3 170.6 162.7 151.8 142.6 133.2 124.9 120 112.1 99.7 95.3 91.4 90 90.2 82.1 79.3 75.6 73.4 70.9 73.1 74.3 75 75.6
90.6 97.6 96.9 102.2 95.2 84.5 76.3 67.4 62.3 67.8 72.4 78.9 82.5 84.2 87.4 92 97 101.1 103.9 107.5 111.2 116.8 125.4 134.1 142.8 147.9 154.6 163.2 173.2 180.7 186.7 192.2 208.4 222 225.7 222 213.3 207.5 208.4 212.6 203 193.1 190.6 192.5 193.3 194.7 196.4 198.7 202.8 215.6 227.1 227.9 220.6 216.5 218.5 219 216.3 211.5 203.5 193.7 184 180.4 172.4 162.1 152 142.8 135.4 129 122.4 111.2 100.8 97.7 95.4 93.7 84.9 80.8 79.4 79.1 76.8 76 77.4 80.2 81.3 83.5
73.4 75.5 78.1 91.1 85.2 75.1 64 62.1 62.2 68.8 73.3 76.7 77.4 79.6 85.8 93.1 100.2 102.1 104.4 107.6 113.6 119.5 127.1 135.9 145.7 147.3 155.9 169.3 178.3 181.2 182.1 183 191 198.4 204.4 204.2 201.7 207.1 205.3 201.8 194.7 189 188.2 187.6 187.4 188.4 190.8 192.4 197.6 212.2 211.7 208.9 207.6 207.8 208.4 209.5 209.3 207 202.6 196.7 189.1 178.3 170.2 162.8 153.2 144 135.3 129.1 122.5 112.7 102.5 99.4 96.1 88.9 83.8 82.8 81.9 83.7 83 82.5 82.9 85.4 92 92.5
59.4 64.7 65.8 73.6 72.8 66.5 57.5 56.3 63 68.1 71.3 73.1 75.1 83 91.8 98.6 105.6 109.9 110.2 108.9 115.2 121.8 127.5 133.3 139 147.5 162.6 170.1 173.8 176 176.8 176.6 180.4 183.3 192.3 193.2 197.9 202.6 200.7 195.4 187.7 187.2 186.5 185.5 184.9 185.1 185.4 188.4 191.5 197.2 195.3 196.4 196.2 198 199.6 201.1 201.9 203.5 203.5 198.2 186.8 180 170.9 163.2 154.6 145.2 135 129.1 122.8 113.4 105.3 100.5 96 87.9 85.1 85 86 85.8 86.1 87.3 90.1 92.8 93.8 93
47.4 47.6 52.4 57.8 60.9 57.5 54.6 56.8 61.7 65.3 68.3 73.8 80.8 86.3 94.8 101.2 106.3 111.3 114.7 116.2 113.8 122.1 123.8 127 136.5 147.6 154.8 162.2 166.8 170.4 172.7 173.3 175.3 178.2 182.5 187.6 191.5 189.9 190.4 186.5 186 185.3 184.7 184.2 184.5 184.1 184.3 184.7 186.5 187.2 189.1 192 192 193 192.7 194.9 197.8 197.2 196.6 190.2 184.8 178.5 170 160.5 152.4 145.4 137.8 130.9 123.6 114.2 106.8 100.6 93.2 88.8 86.8 87.1 87.3 87 89.3 93.8 96.7 94.7 94.4 93.3
37.5 40.4 45.9 49.5 50.2 49.9 54.6 59.7 62.9 67.5 73.5 80.5 86.7 92.3 98.8 103.4 108.4 112.3 116.2 120.3 123.6 126 131.4 140.4 149.3 156.5 161.3 166 165.9 168.6 170.4 171.2 172.6 174.2 176.7 177.4 177.2 178.8 182.4 184.2 184.5 184.2 183.3 183.8 184.1 184.7 184.6 184.8 185.7 185.6 189.9 187.5 189.1 190 189.4 189 190 190.6 189.2 185.7 183.2 158.5 161.3 158.1 150.9 144.4 138.3 132 123.8 114.9 108 99.5 93.7 90.1 86.8 86.3 87.6 89.3 93.3 96.3 97 96.1 95.9 94.7
40.6 41.4 43.5 47.6 48.5 53.2 58.9 65 70.4 74.6 82.1 88.9 94.2 99.2 103.4 107.6 111.6 116.1 120.6 125.3 128.7 133.5 138.8 148.8 158.5 164 167.4 169.8 169.6 168.3 168.7 169.8 171.1 172.7 174.4 175.8 177.1 178.7 179.8 182 182.9 184 183.6 183.9 184 185.2 185.1 185.9 185.9 184.7 184.7 185 185.9 184.9 183.8 183 182.6 186.1 186 183.2 172.2 162.5 163.9 155.8 149.8 144.7 137.7 130.6 122 114 106.3 100 91.8 88.4 87.6 87.8 88.7 91 93.7 95.9 96.5 96.3 94.4 95.8
50.3 52.9 53.3 53.6 55.9 61.2 66.5 72 77.7 83.8 90.8 95 98.9 104.4 107.6 111.8 116.7 122.6 127.5 130.7 133.9 138.8 147 159 165.8 169.3 172 172 172.1 172.8 172 171.6 174.2 176.3 177.1 178.9 180.9 181.5 180.9 182.5 184.7 184.7 184.7 185 188.2 186.2 185.7 185.4 185.1 184.6 184.3 182.5 181.4 180.7 179.7 178.6 180.5 183.7 183.3 180.3 176.7 168 161 153.4 146.8 142.3 136.9 130 121.4 111.6 103.4 96.1 91.2 88.9 88.8 90.4 93.9 95.1 96.3 93.7 94.1 95.1 97.2 101.6
57.4 59.6 60.2 58.2 62.7 67.4 72.2 78.5 84 90.5 95.9 100.9 105.1 108.8 113 115.7 122 128.4 133.4 135.9 139.9 145.6 155.8 164.1 170.2 173.5 175.7 175.5 175.7 176.9 177.6 177.9 180.5 182.9 184.7 186.4 188.6 187.8 186.6 186.1 186.3 186.5 186.4 188.2 188.4 187.5 186.8 185.9 186.8 188.3 184.1 182.8 181.3 179.8 178.3 177.1 179.5 180.5 179.8 175.2 170.3 165.4 157.9 148.3 144.3 139.7 134.6 128 118.8 107.6 100.1 93.3 90.6 89.8 90.1 92.2 95.6 98.7 97.3 94.4 94.7 96.4 101.1 103.5
61.1 64.2 65.5 65.5 69.1 71.8 77.2 83.5 89.8 95.2 100.6 106.7 113.3 109.1 112.9 115.8 125.1 131.2 135.5 140.5 146 155.2 162.9 169.4 174.5 177.4 179.4 180.4 181 182.1 183.7 184.3 188.6 190.3 192.7 195.9 196.4 196.3 194.1 193.6 190.1 189.4 188.9 188.2 190.6 189.5 188.8 188.6 188.4 186.3 184.2 183.5 182.3 180.9 179.1 176.5 176.2 176.4 175 171 166.4 159.6 152.7 145.7 140.8 137.7 132.9 124.4 113.3 104 96 92.4 91.8 91.3 91.5 93.8 96.3 98.5 95.2 94.7 95.5 102.4 101.6 103.1
68.7 69.9 71.1 72.9 76.2 79.7 83.1 89.7 96.8 100.5 105.3 107.8 109.9 109.6 113 118.5 127.1 134 139.6 145.4 153.8 161.2 168.1 174 178.8 180.9 182.4 183.4 184.3 185.4 191.5 198 200.8 202.7 206.2 205 204.9 203.7 199.8 195.9 194.6 195 190 191.3 193.2 192.5 191.6 190.9 188.6 186.3 185.9 184.8 183 181.6 178.9 175.6 173.6 172.1 170.2 166.7 159 154.1 148.5 143.5 139.7 136 129.2 119.3 109.2 101.4 98.1 94.2 93.6 93.1 93.1 95.1 98.8 97.6 95.5 100 106.1 107 107.2 108.9
76.2 76.8 73.7 75.5 80.3 84 88.6 93.2 98 101.7 103.2 104.8 107.4 111.7 117.4 122.8 131.8 138.8 144.6 153.5 160 167.8 175.3 181.9 184.9 185.2 185.2 185.2 188.1 192.6 204.8 211.1 219.1 221.5 220.9 218 215.7 208.6 201.1 197 202.3 198.4 196.3 197.3 197.7 194.8 193.6 192.3 191.1 194.1 195.1 190.4 184.7 182.3 179.1 175 170.8 166.6 164.8 162.7 157.8 150.2 145.8 140.1 136.3 132.2 125.4 114.3 106.2 101.5 99 96 95.4 95.6 94.6 95.7 98.7 97.6 101.8 107.3 108.1 106.7 109.1 109.1
76.4 76.7 79.5 83.2 88.9 89.9 91.1 95.1 98.9 100.8 102.1 106.3 111.9 116.7 121.2 128.3 137.9 144.6 153.6 161.8 169.1 178.2 185.4 190.1 190.4 190.2 188.7 189 194.9 206.5 216.6 222.8 228.6 231.3 229.1 226.1 219.4 211.7 204.8 201.2 202.6 202 201.6 200.8 199 195.9 194.3 193.1 191.9 191.3 196.8 191.5 189.7 185.8 179.6 173.1 168.3 166.7 164.4 160.7 156 147.4 140.2 136.1 132.3 128.3 120.8 112.2 106.3 101.8 99.1 97.3 96.9 96.6 94.5 95.6 99.2 102.6 108.8 109.9 106.9 111.9 111.1 112.5
77.8 78.1 84.5 94.1 96.8 95.9 95.6 99.2 102.1 105.5 107.6 110.2 115.2 121.8 127.8 134.2 146.9 153.4 163 170.3 179.8 185.4 192.6 195.5 196.8 196.5 197.5 201.3 210.8 221.2 227.4 235 239.5 237.5 234.5 228.8 221.2 212.3 205.2 204.5 202.9 205.3 204.9 203.6 200.3 197 196.1 194.5 194 195.7 197.4 195.6 192.2 187.3 180.5 173.3 169.8 168.4 165.1 162.5 158.2 149.2 140.9 135.6 126.7 124.3 117.1 111 106 101.2 99.3 99 98.1 97.2 98.1 100.8 103 109.2 110.3 109.5 113.6 112.3 114.9 122.3
78.6 85.5 93.3 101.7 102.7 100.1 100.5 104.2 107.3 110.6 114.2 118.5 118.3 126.2 133.8 142.8 153.5 160.5 170.4 179.3 188.8 197.6 202.8 203.6 206 206.9 211 217.9 227.2 233.6 239.4 244.3 243.8 244.1 235.8 229.8 219.4 210.7 208.8 208.3 208.7 210 208.8 205.3 201.6 199.4 197.5 197.6 200.3 202.9 209.4 208.3 200.9 189.3 183.9 176.6 172.7 169.6 166.9 165.4 161.2 152.4 142.3 135.6 131 122.5 114.1 110.9 105.4 102.2 100.9 100.2 100.5 98.8 103.2 104.8 106.5 112.4 113 109.3 111 115.9 125 127.8
83.6 93.1 100.5 103.3 101.5 100.4 104.9 108.4 112 116.8 121.2 127.5 129.8 130.2 141 148.5 157.1 168 178.8 186.9 203.1 210.8 221 221.9 221.4 224.6 228.8 232.1 237.5 245.7 251.1 252.8 248.3 241.6 234.6 225.1 220.4 221.6 218 216.4 215.5 214.4 211.5 209.2 207.6 204.7 203.2 206.4 218.1 216.1 216.1 209.1 201.7 199.6 191.9 182.7 176.7 173.7 171 168.2 161.7 151.9 142.4 134.4 127.6 118.8 112 107.9 105.6 103.3 101.5 99.6 100.4 103.5 106.3 108.9 111.1 113.7 109.8 110.5 114.5 123.3 126.5 131.1
87.6 94.7 101.6 99.4 96.7 102.7 108.8 114.3 121 127.5 134.2 137.3 138.5 137.9 145.4 151.1 160.4 169.9 181.3 204.6 209.3 222.9 232.5 236 238.1 244.7 247.2 247.3 249.8 253.6 256.9 258.2 251.7 241.8 232.9 230 233.1 231 229.4 227.3 225.2 222.2 218.6 216.6 215.5 213.7 213.5 221.1 221.2 220.4 217.2 217.4 219.6 211.1 198.7 188.5 187 185.2 177.8 168.4 160.9 153.8 142.3 133.6 124.5 118.7 112.3 108.9 104.6 102.9 101.6 101.5 103.8 106.6 109.2 112.7 115.3 110.7 112.9 117.4 119.1 125.6 129.8 136.1
88.5 92.4 90.1 90.1 95.6 106.4 113.3 121.4 132.6 138.2 140.9 144.9 145.6 142.4 147.2 154.9 163.8 173.6 203.2 210.5 219.1 232.9 243.4 247.9 252.1 256.9 256.8 258.3 258.3 264.7 266.9 260.8 252.2 244.6 236.5 239.5 241 242.2 241.8 240 237.6 231.7 227.8 229.1 227.4 221.4 223.8 227.3 226.2 220.2 211.9 208.5 209.2 213.6 209.1 205.2 200.2 190 178.9 169.2 159.1 149.7 139.7 132.1 125.7 119.3 111.9 109.2 105 102.3 102.3 104.8 107 109.7 113.7 116.7 111.8 114.9 119.3 116.8 119.8 124.3 129.6 138.8
80.3 81.3 79.1 87.1 98.9 107.5 118.8 130.4 141.3 145.9 150.1 148.2 144.3 144.1 149.9 157.8 175.7 201.8 212.2 234.5 240.1 242.2 248.5 257 261.7 264.6 265.6 267.4 270.2 276.1 270.9 261.6 259.3 253.6 243.3 250.4 250.5 255.9 257.1 257.2 254.2 249.5 243 238.5 235.7 232.4 232.3 236.7 218.1 226.5 238.1 234.3 229.5 225.4 222.5 216.3 202.6 190 179.5 166.2 156.1 148.3 140.1 131.8 123 117 112.2 106.2 104.1 102.5 104.4 107.2 109 112.5 115.6 114.5 114.9 118.3 116.9 118.3 120.6 125.2 130.6 139.2
74.7 72.5 79.2 90.7 102.6 113.5 125.4 137.2 148 155.9 153.4 147.2 145.9 154.1 156.8 181 204 208.7 226.9 241 245.8 247.7 256.9 265.4 276.5 277.2 279 279.5 276.2 279.4 273.4 266.5 261.4 257.2 254.4 259.6 268.2 273.2 272.4 274.1 270.7 264.9 253.1 244.9 241.2 240.7 241.4 243.7 244.1 245.4 246.9 244.4 242.9 239.1 230.3 216.2 203.2 188.3 175.2 164.1 156.6 147.9 139.2 128.4 119.6 114.9 111.1 106.8 104.5 102.8 105.5 108.5 112 116.8 118 117 117 118.6 118.1 118.9 124 126.8 131.9 140.5
67.8 70.3 82.5 94.5 109.2 119.8 132.3 146.8 155.4 152 150.8 150.9 180.4 189.2 191.7 196.8 207.9 209.3 229.6 240.4 251.4 257.3 267.4 271.1 273.9 274.8 280.3 282.2 275.4 281.7 274.8 269.2 267.1 265.4 265.3 271.1 279.7 286.1 291 287.8 280.2 267.4 255.7 248.5 246.2 247 249.5 250.3 253.9 254.4 257.4 256.1 252.1 243.3 230.1 218.1 205.2 187.7 173.2 163.3 155.7 146.7 136.2 125.4 118.4 112.8 108.3 104.8 103.4 103.1 106.3 111.7 115.8 119.9 121.7 121.1 123.1 122.2 120.7 123.7 124.3 129.3 132.3 140.8
66.7 73.9 87.8 101.7 116.7 128.9 145.5 151 153.8 151.8 149.2 170.9 195 199.5 200.8 207.5 209.3 221.8 239.8 248.5 253.4 262.3 269.9 272.2 270 269.9 271.2 271.1 273.7 274.3 272 276.5 275.3 271.3 273.4 284.5 297.2 303.4 304.5 298.9 292.9 279.3 266.8 256.2 255.2 258.3 259.2 262 266.8 271.9 265.9 260.1 251.6 241.2 232.2 219.8 202.3 184.2 172 162.5 155 145.6 133 123.4 115.9 109.3 106.3 103.8 103.5 105.1 108.8 114.7 119.6 122.7 124 126.4 126.2 125.2 125.6 126 125.4 130 134.7 141.4
68.9 79 93.5 107.2 122.6 138.8 144.9 152 150 162.4 176 194.6 197.7 194.4 193.1 208.1 213.8 224.6 228.1 233.2 235.3 246.4 264 270.9 260.3 268 271.9 265 265.8 266.2 274.6 282.9 277.4 274 283.7 296.6 309.7 316.2 312.1 303.5 290.2 279.6 274.1 263.8 262.4 264.6 268.3 270.2 274.6 275 269.1 260.9 253.7 239.6 232.1 215.7 201.1 184.1 172.8 162.9 153.2 143.7 132.7 122.2 114.5 107.6 104.6 103.8 104.7 108.2 112.2 118.6 122.6 124.7 129.5 129.8 128.9 130.8 129.2 128.2 129.3 131.5 135.1 138.4
