data/320000-810000.asc
ncols 200
nrows 200
xllcorner 320000
yllcorner 810000
cellsize 50
[rows 70 to 104 of 200, columns 0 to 77 of 200]
383.6 389.9 397 402.5 408.9 415.6 421 425.7 427.9 427.3 426.2 427.6 428.2 426.1 418.1 411.6 406.6 392.4 401.2 408.1 413.4 420.6 423.5 427.7 428.4 428 427.3 427.6 429.7 433.1 435.3 437.8 440.1 439.4 440.7 442.6 446 449 452.4 456.7 461.4 467.6 473.9 479.5 485.9 491.5 497.9 505 513.3 521.8 529 535 542 550.7 559.3 569 579.7 591 607 621.9 635.2 646.5 654.8 659.7 661.7 660.4 656.8 652.6 647.1 638.1 625.2 611.8 601.7 592.4 582.4 569.1 554.7 543.3
371.3 371.2 378.9 387.3 395.5 401.5 409.1 414.4 415.7 414.7 415.5 417.7 419.1 413 404.6 396.6 394.6 404.9 417.7 423.6 428 431.6 433.5 435.2 435.5 434.2 432.8 434.8 436.5 438.6 440.9 443.2 445.5 446.6 447.8 449 449.8 451.8 454.6 457.2 460.1 465.9 472.9 479.2 484.7 491.1 497.5 504.7 512.4 521.1 528.7 535.3 543.1 551.8 560.7 571.2 581.9 595.2 611.1 625.8 637.5 648.6 656.9 661 662.5 660.6 656.2 651.7 645.1 635.4 622.6 609.3 599 589.3 578.3 563.8 549.5 536.3
371 369.9 370.5 371.1 372.2 383.7 393 400.4 402.9 402.2 402.1 402.7 401.3 395.2 386.8 398.4 406.3 416 424.8 431.4 436.1 438.9 440.9 441.7 441.7 441.1 439.7 439.7 440.9 443.3 445.4 447.2 449.5 451.7 453.5 454.8 456.9 459.4 462.2 464.1 465.4 467.3 472.1 478.3 483.8 490.7 497.6 504.8 513 520.5 528 535.8 544.3 553 561.8 572.1 584.4 600.2 615.8 628.4 639.9 650.6 658.3 662 662.7 659.7 655.5 649.4 641.4 631.7 619.6 606.8 595.9 585.5 572.5 557.8 543.3 529.1
376.6 373.6 371.7 372.1 372.8 373.3 377.9 383.5 389.5 388 383.6 383.3 386 397.5 402.8 408.6 415.4 425.6 432.7 438.8 443.6 447.3 448.9 449.7 449.1 447.6 447 446.1 445.8 447.9 449.8 451.7 453.6 455.7 457.8 460 462.6 465 467.4 470 471.1 473.5 475.3 480 485.5 491.6 498.5 505.6 513 520.8 528.7 537.2 545.9 554.4 562.9 574.5 588.5 604.1 618.7 631 642.3 651.7 659.6 662.9 663 658.5 652.7 645.1 636.8 626.4 614.6 603.1 591.9 579.9 565.5 551 536.5 522
383.6 382.5 379.9 375.7 373.6 374 374.4 375.6 377.2 378.7 386.2 393.8 402.1 407.2 411.9 419.3 427.2 434.9 442 447.2 452.3 455.8 457.5 457.9 456.6 455.2 453.3 451.9 451.4 452.6 454.6 456.3 458 459.7 461.9 464.3 466.8 469.4 472.3 475.2 476.3 478.4 480.6 483 488 493.9 500.4 506.7 514.2 521.7 529.8 538.5 547.4 556 565.7 579.1 592.7 608.1 621.1 633.5 644.6 653.9 659.9 662.9 661.4 656.7 648.5 639.6 631.4 620.5 608.7 596.8 585.4 571.4 556.9 543.2 529.7 514.8
387.5 387.5 386.3 383.2 379.8 377.6 374.7 375.5 376.1 384.9 391.5 403.3 409.7 414.5 421.8 428.9 436.2 442.6 449.1 455.5 460.6 464.6 465.8 466.1 464.5 462.4 460.2 458 456 457.3 459.1 460.8 462.5 464.2 467 469.5 472.3 475.4 478.3 480.3 481.9 483.9 486.2 488.4 492.3 496.8 502.9 509.5 516.9 524.2 531.4 540.1 549 558.9 569.5 581.4 596.3 610.5 623.2 636 646.8 654.9 659.4 662 658.6 653.3 645 635.5 625.3 613 600.8 589.2 576.5 561 547.4 534.1 521 505.8
391.5 390.6 389.7 388.1 386.2 386.1 381.7 375.9 376.5 382.3 392.8 403.9 412.4 419.7 427 436.1 443 449.1 455.9 462.5 468.4 472.3 474 474.3 472.7 470.5 466.3 463.8 460.8 461.5 463.4 465.2 466.9 468.9 471.9 474.9 477.9 481 483.8 485.7 486.8 487.5 489.6 492.5 495.7 500.2 506.2 512.8 519.7 527 534.8 543 551.6 561.7 572.6 583.8 598.3 612.2 625.8 638.1 649 655.1 659.1 660 656.1 649.3 641.4 631.7 620.4 606.3 593.1 581.5 566.6 550.4 536.9 522.9 509.9 497.6
394 393.2 393.2 393.2 391 391 389.7 384.9 377.7 378.3 390.2 402 413.6 421.6 430.8 440.1 447.6 454.2 460.8 468.3 475.5 479.9 481.3 481.9 479.9 476.6 472.9 469.1 465.3 466.7 468.2 469.8 471.6 473.8 476.6 480.1 483.4 486.5 489.3 490.8 491.3 491.5 493.2 495.8 500.2 505.5 511.7 518.7 524.3 531.5 539.5 547.8 557 566.9 576.8 589.9 602.4 615.8 629.9 641.8 651 655.9 656.9 656.4 650.9 643.9 635.2 625.3 613.6 600.5 586.7 574.6 558.7 540.9 523.8 510.7 499.6 488.2
396.7 396.3 396.3 396.4 396.2 395.6 394.2 390.1 379.8 378.4 385.4 400.5 413.7 423.3 432.3 442.4 450.3 457 463.7 470.2 478 484.2 487.4 488.5 485.1 481.5 477.6 473.6 471.2 472.3 473.7 475.3 476.8 479.2 481.9 485.3 488.6 491.9 494.6 495.8 496.8 497.2 498.8 502.8 507.9 512.9 518.6 524.6 531.1 539.1 546.6 554.8 563.9 574.7 584.4 597.5 609.8 621.7 635.4 646.5 653.8 656.9 655.7 651.4 645.6 637.3 626.4 616.2 606.3 593.6 579.5 568.9 553.1 534.3 515.3 496.9 486.5 479
401.3 399.5 399.6 399.5 398.8 398 396.7 394.6 387.3 379.1 380.6 396.5 410.9 421.5 430.2 441.6 450.1 456.7 463.8 470.1 478.1 486.1 491 491.6 489.6 486 482.4 478.8 476.5 477.6 478.9 479.9 481.6 484.5 488 490.9 494.2 497.3 500.3 501.7 502.3 505.2 508.8 512 516.3 521 525.7 531.5 538.1 545.7 553.4 562.6 572.2 581.9 590.4 605.1 617.1 628.7 641.3 651.7 656.4 657.2 654.4 647 638.9 629 617.1 608.3 598.8 587.5 573.5 562 545.2 526.3 506.2 484.7 481.4 487.7
405.4 404.6 403.7 402.4 401.3 399.8 398.3 396.3 393.3 381.7 380.2 388.7 405.2 416.7 427 438.1 446.8 453.6 460.9 467.9 475.6 482.5 486.4 489 490.3 489.7 486 481.9 481.4 482.9 482.5 484.2 485.4 488.4 492.5 496 499.5 502.6 505.4 508.2 510 514.8 518.9 521.8 524.6 527.1 531.3 537.4 544.2 552.3 560.3 569.3 579.4 589.4 599.9 613.2 624 635.8 647.8 655.2 657.8 656.6 651.1 642.3 631.6 619.5 608 600.3 591.5 580 566.2 552.3 535.6 517.1 495.3 474.5 494.7 499.8
409.6 409.3 408 406.5 404.2 402.3 399.2 397.5 394.4 386.8 382 381.1 393.2 408.8 420 432.1 441.1 448.2 455.4 463.9 470.7 475.9 480.6 484.2 486.5 487.8 486 484.3 484.7 485 485.7 487.3 489.1 492.2 496.9 500.9 504.7 507.8 510.6 513.6 518.4 523.3 526.8 529.1 531.3 533.1 536.6 541.5 548.1 556.7 566 575.5 585.8 596.6 608 619 630.3 641.2 651.4 655.8 656.9 653.7 646.7 635.1 623.7 609.8 600.5 593.8 584.8 572.4 557.5 541.8 525.9 507.8 485.2 476.8 494.9 500.3
412.9 412.8 411.7 410.5 408.1 405.3 401.5 399.6 397.3 392.6 389.8 391.5 382.2 395.1 412 423.5 432.7 439.8 449.2 457.1 463.7 469.2 474.2 479.1 482.5 484.8 484.7 483.5 486 486.8 488.4 489.1 491.3 495.2 500.6 505.5 509.6 513.1 516.2 520.4 525.1 530.7 533.7 535.9 536.6 536.7 538.7 543 550.2 559.6 569.4 578.8 589.1 600.9 612.9 624 634.5 643.9 651.5 655 654.3 649.4 640.9 629.2 613.7 600.3 593.5 586.9 578.3 565.1 549.3 532.7 516 498.2 474 480.6 489.3 500.2
416.6 416.2 415 414 412.2 409.9 406.5 402.6 399.8 394.8 396.2 398.9 392.3 383.1 397.3 414.3 422.9 431.5 441 448.5 456.3 462.9 468.3 474.1 478 480.1 481 482.4 484.6 487 487.4 490.5 492.9 496.5 502.8 509.4 514.2 518 521.5 526.9 531.7 535.2 539.3 539.9 538.9 538.3 540 544.5 551.1 559.7 570 579.6 589.8 602.3 615 624.9 634.3 642.7 648.2 650.9 649.2 643.8 634.1 620.7 603.2 593.7 586.4 579.3 569.7 556.8 540.8 523.5 507.5 488 469 479.7 486.8 499.2
422.6 419.5 418.3 417.5 416 414 410.9 407.5 403.7 399.5 399.4 403.2 401.6 393.8 385.2 402.3 412.3 421.9 431.6 440.2 448.4 456 461.4 465.5 470.4 475.8 477.7 479.6 482.2 483.6 484.8 488.1 492.6 496.6 502.7 510 517.2 522.6 526 530.2 534.1 538.7 540.9 539.9 538.2 537 538.6 543.4 549.5 557.9 568 578.5 589.5 601.3 612.2 622.5 630.5 637.6 641.9 644.4 642.9 636.9 626.5 611.9 595.1 587.4 579.7 570.6 560.6 547 532 516 499.2 474.1 468.6 472.8 482.7 496.3
427.5 424.2 422.8 421.6 419.9 417.6 414.6 411.5 408 404.6 402.5 404 407 405.7 392.5 386.3 396.9 411.2 421.2 429.6 438 446.6 452.8 457.1 462.6 469.3 472.6 475.2 477.6 478.5 480 483.5 487.2 492.6 499.4 506.8 513.5 519.1 524.2 528.4 532.4 535.4 536.7 535.4 534 533.5 535.8 540 546.5 554.8 563.1 574.8 586.9 597.2 607.1 615.9 623.9 629.9 633.8 636 634 627.9 617.1 604.1 592.1 582.9 572.8 563.7 552.3 538.7 523.3 506.9 487.6 467.4 471.1 474.1 478 489.3
431.5 429.5 427.6 425.8 423.6 421.1 418.2 415.1 411.5 407.9 407.1 407.3 407.4 408 401.5 391.2 388.2 392.6 410.6 419.2 427.3 436.7 442.7 447.5 453.4 460.7 467.1 469.7 471.4 471.9 473.8 477.4 481.9 487.6 494.7 501.7 507.5 513.1 518 522.5 527.3 529.4 528.8 527 526.3 526.7 528.1 533.6 541 549.1 557.9 569.7 582.4 592.1 599.4 607.3 614.1 619.8 623.4 625.1 623.5 616.8 607.3 597.2 588.1 579.2 568.5 557.6 544.8 529.9 512.8 497.2 473.2 465.7 472.9 477.3 481.4 484.8
436.2 434.3 432.5 429.8 427.2 424.7 421.7 418.6 415.1 413.2 411.9 412 411.2 409.8 406.9 400.2 395.2 391.2 389.9 402 415.6 425 430.6 435.7 443.6 452.8 458.4 462.7 463.6 463.4 464.9 468.5 474.3 480.9 487.6 494.8 500.7 506.1 510.3 514.5 519.7 520.8 519.5 516.9 516.5 517.7 520.3 527 534.3 542.3 551.4 564.3 575.4 584.6 590.9 595.9 601.9 607.5 610.7 612.6 611.6 604.8 596.4 589.8 582.6 573.6 561.7 552.5 540.2 524.1 505.5 482.9 463.9 471 476.6 480.5 484.4 487.7
440.5 438.2 436 433.3 430.7 428.1 425.2 422.3 417.9 417.6 415.4 415.5 414 412.6 410.3 406.2 402.8 401.3 398.6 391.1 397.8 413.2 418.6 423.4 432.5 441.3 448.8 453 453.6 453.8 453.7 459.1 465.5 472.9 479.9 486.4 492.3 496.8 500.5 505.5 508.5 509.5 504.7 503.7 503.3 506.6 511.1 518.7 526.8 535.1 544.7 557.9 567.6 575.2 580.2 584.3 589 594.3 597.7 599.7 597.4 590.6 584.8 580.2 575.2 565.4 554.2 544.9 534.1 518.9 497.1 472.9 460.9 474.1 480.6 484.5 490.5 496.5
445.2 441.9 439.4 436.7 434.1 431.4 428.6 425.8 424.1 422 419.6 419 417.2 415.2 412.9 410.4 408.7 407.5 406 401.6 393.1 393.7 401.8 410.1 419.8 428.8 437.9 440.2 442.5 441.8 443.2 449.2 455.8 464.6 471.5 477.9 484.5 488.6 490.7 493.2 494.4 493.3 488.1 487.5 490.9 495 501.8 511.1 519.8 527.8 540.6 552.5 560.8 565 568.7 572.1 576.7 580.8 583.8 586.6 581.8 576.6 572.2 569.6 564.9 555.7 545.6 536.7 526 506.7 483.7 462.4 460 476.9 483.4 491.5 498.2 502.2
450.2 446.6 443.1 440.3 437.7 435.1 432.7 430.2 428.6 426.6 424 422.4 420.5 418.6 416.3 414.2 412.6 411.8 410.7 408.1 403.8 398.1 393.6 396.4 404.4 415.4 421.6 425.9 428.9 430.8 431.7 438.3 446 455.1 462.1 467.2 472.3 476.6 476.7 475.3 475.3 474 470.6 474.8 479 483.8 490.4 501 512.1 521.7 533 546.1 551.6 554.4 557.3 558.9 563.2 567.5 570.2 571.6 566.7 561.6 558.1 556.3 551.4 544.8 536.1 526.6 513.9 493 471.5 457.8 469.7 478.8 487 498.5 506.6 510
455.7 451.5 448.1 444.8 441.8 438.9 436.3 434.2 432.7 430.9 429 425.8 423.5 422.5 419.7 418.4 417.3 415.7 414.4 411.3 407.2 402 397.2 402.5 396.8 397.2 401 406.2 412.1 415.3 418.5 425.3 433.1 439.6 445.8 453.5 456.8 457.9 453.3 454.2 455.8 454.6 455.9 460.6 465.1 470 479.3 491.4 503.5 514.3 528.2 537.8 543.6 544.1 543.4 544.7 548.9 552.9 555.8 556.8 553.1 547.2 544.2 543.1 539.6 533.2 526.2 519.1 501.9 480.1 460.6 457.5 472.5 480.5 490 503.5 515.2 520.7
460.1 456.3 452.6 449.3 446.2 443 440.1 439 438 435.9 433.2 429.4 426.9 425.5 423.3 422.1 421.1 419.6 417.4 413.7 408.4 406.6 397.7 404 408.9 408.3 406.5 402.6 403.4 402.9 403.9 410 415.2 420.3 425.9 433 435.6 431.3 426.2 427.1 431.7 433.1 438 445.3 450.9 456.5 466.7 479.9 493.8 506.8 519.6 527.4 531.1 530.5 529.3 530.3 533.2 538.3 541.7 542.3 538.1 530.8 528.4 528.2 524.9 521 514.8 506.7 489 467.3 454 460.7 473.9 481.3 493.6 508.5 522.8 530.6
464.5 460.7 457.3 454.4 451.5 448.2 444.7 444.1 443 440.3 436.8 433.7 430.8 428.6 427 425.7 424.5 422.1 419.1 414 410.5 410 403.5 400.6 412.2 416.1 416.3 414.3 411.5 407.5 407.5 404.6 405.7 407.1 408.7 409.5 410.7 412 413.2 414.3 414.6 416.7 418.6 426.6 434 440.5 451.4 466.1 480.7 494.9 506 512.9 516.6 515.9 515.3 515.8 517.6 522.5 526.7 527 521.2 513.6 509.2 511 509.2 503.4 494.5 488.4 473.6 453.7 453.3 461.3 474 483.4 497.1 514.8 529.2 538.5
469.3 465.2 463 460.5 457.3 454.3 451.9 449.8 448.1 445.1 441.8 438.6 435.4 432.5 430.9 429.2 427.1 423.9 420.6 415.8 412.4 410.6 403.1 399.9 408.7 417.4 421.2 422.7 421.6 417.4 415.6 415.9 414.9 414.4 415.9 417.8 418.6 420.1 421 418.9 419.5 419.4 418 419.2 421.2 423.9 434 449.1 467.9 479.7 490.3 495.3 500.1 499.1 498 498.8 501.9 506.3 509.4 508.9 503.4 493.9 485.1 486.2 485.5 481 471.5 467.9 453.3 451.4 453.8 460.9 473.6 485.3 501.5 519.5 534.6 545.6
474.8 471.7 468.5 465.8 463.9 461.8 459.7 457.3 454.4 450.7 446.7 443.6 440.2 436.8 435.1 432.7 428.8 425.5 422 417.1 412.2 405.8 411.5 405.7 403.8 415.2 423.1 426.8 428 427.7 427.2 427.3 427 427.5 427.2 427.9 429.6 431.8 432.7 434.5 436.7 435.5 433.6 429.4 424.3 422.8 424 430.8 448.3 456.4 469.2 472.3 480.8 480 478.9 477.6 481.7 487.6 490.1 490.4 483.8 474.2 466.3 463.3 462 457.5 462.3 452.2 451.3 460.4 457.9 456.9 471.5 487.8 505.1 523.2 539.2 550.9
481 477.1 473.2 470.8 468.9 467.1 465.6 463.1 460 456.2 452 448.3 444.7 441.2 438.3 435.5 431.4 426.6 422.6 417 412.5 415.2 415.1 412.4 403.7 408.8 421.8 429 432.2 433.8 434.8 436.1 437.2 438.4 439 440 441.5 443.9 447.8 450.7 451.2 450.6 449.4 447.4 441 431.9 423.7 424.5 428.2 434.3 449.2 453.4 455 456.9 459.3 458.7 462.9 468.5 469.4 466.9 461.9 456.6 451.6 448.9 448.5 448.2 448.7 454.7 462.5 467.6 463.3 458.9 468.4 488.7 506.7 525.4 542 554.7
485.7 481.8 478 475.9 474.1 472.3 470.6 468.1 465.3 461.3 457.3 452.7 449.1 445.5 442 439.1 434.3 428.5 423.1 416.8 412.8 419.1 419.3 417.7 410.4 406.2 419.7 429.1 435.1 437.7 439.8 442.6 445 446.5 448.9 451.1 454.3 457.3 459.2 459.7 459.3 457.9 456.5 454.7 452.1 446.3 435 426.8 427.6 427.4 429.1 431.9 436.9 435.5 438.7 439.5 444.5 449.4 448.1 446.3 442.7 442.2 444.6 448.8 453.8 459.9 467.8 476.1 482.3 484.4 476.2 461.1 462.4 486 507.1 526.8 544.2 559
491.1 486.6 483.7 481.9 479.9 477.9 475.5 472.8 470.2 466.8 462.8 458.1 453.4 449.7 445.7 441.9 437.2 428.8 422.4 416.4 419.3 423.2 423.6 422 418.2 405.9 414.4 427.2 435.3 440 444.2 447.7 451.2 454 455.7 459.5 462.3 465.2 466.2 466.3 465.1 463.5 461.7 460.1 457.2 453.3 446.8 429.9 434.8 435.8 433.5 431.9 431.7 432.8 434.1 434.9 436 437.4 438 439.5 444.6 451.1 460.5 470 477.7 484.8 492.8 499.2 498.8 493.9 485.7 464.6 462.6 482.6 506.4 526.5 545.9 561.4
497.6 493.1 489.8 488 486.1 483.9 480.8 477.7 474.9 471.8 468 463.2 458.4 453 448.6 443.6 437.1 428.7 423.1 419.2 425.2 428.6 429.4 427.4 424.2 415.2 408.6 421.6 433.1 441 445.8 451.4 456.1 459.3 462.2 466.1 469.9 471.8 472.8 472.4 471 469.4 467.2 465.2 461.9 457.2 450.3 432.7 443.3 450.9 449 448.6 446.9 446.2 444.7 443.6 444 447 450.5 454.6 462.6 472 480.5 490.9 500.7 509.9 518.2 518 512.4 503.9 493.6 474.8 464.4 479.8 502.7 524.3 545.3 563.9
503.3 499.6 496.4 494.2 492.2 489.2 486.2 483 479.8 476.7 472.5 466.7 460.6 455.8 450.6 442.7 436 429.9 424.4 422.2 430.5 433.6 435 433.2 429.6 422.7 409.6 415 428.9 439.2 447 454.4 459.8 464.2 468.1 472.5 476.3 478.5 479.5 478.4 477 475.3 473.1 469.7 464.9 460.5 452.2 434.5 445.2 461.6 464 464.3 464.7 465.1 465.2 466.2 467.3 470.4 474.2 478.3 485.4 494 504.2 515.3 527 535.4 535.5 530.1 521.9 513.7 500.6 483.4 468.1 475.2 496.9 520.9 543.1 564.5
508.7 505.4 502.8 500.4 497.5 494.5 491.5 488.3 485.1 481.3 476.3 470.1 463.4 456.9 450 442.4 433.5 430 426.9 427.7 434.7 438.8 440.2 438.6 434.6 429.9 420.7 411.7 423.8 436.5 445.8 453.8 461 465.7 471.1 475.9 480.7 484.3 485 483.5 482.5 481 478.9 474.7 469.2 463.3 453.3 437.6 447.5 464.2 470.5 475.5 479.2 481.3 484.6 486.6 488.3 492 496.2 501.7 507.2 514.8 526.1 537.8 549.6 548.3 546.9 542 533.6 523.5 511.7 494.2 478 469.7 492.4 516.1 539.1 561.7
513.9 511.1 508.5 505.9 502.9 499.8 496.8 493.4 489.4 484.8 479.7 472.8 465.5 458 450.6 441.5 436.4 435.4 431 431.2 439.3 443.5 445.6 444.1 440.5 436.8 429.8 413.6 418.8 431.4 441.7 451.3 459.4 466.2 472.3 478.5 483.9 487.5 488.4 488.1 487.6 486.8 484.8 481.1 475 466.6 457.8 442 447.1 463.5 472.1 479.4 486.8 495 500.3 506.1 507.8 511.8 516.9 523.2 529.3 537.2 547.1 559.1 560.2 558.8 558.1 554.5 545 534.6 523.6 507.9 488.2 471.4 487.1 511.6 534.8 557.3
519 516.8 514.1 511.5 507.9 504.7 501.5 497.5 492.8 488.1 482.4 475.5 467.7 459.9 451.3 443.5 443 440 435 434.5 443 448.9 450.5 449.3 446.4 441.8 435.8 421.2 415.9 425.8 437 447.1 456.8 464.4 471.4 478.2 484.4 487.9 490.2 492 492.2 492.2 490.8 487.4 481.7 474.1 464.5 450.7 443.9 459.5 470.1 481.2 489.1 499.1 507 514.5 520.6 527.3 534.4 542.3 551 558.8 566.3 568.7 568.9 567.9 567.9 565.3 557.5 547.7 535.3 519.4 500.7 479.9 480.9 506.8 529.3 551.6
524.2 522.5 519.7 516.5 512.3 509 505.1 500.8 496.3 490.8 484.2 476.8 469.2 460.2 448.7 451.3 448.3 443.3 438.7 436.3 445.8 453.5 454.9 453.1 451.3 446 439.7 432 419.1 419.6 431.7 442.5 452.1 461.5 469 476.4 482.2 486.8 490.5 493.8 496.7 497.6 496.5 494.4 489.8 483.4 474 459.2 444.3 453.2 467.1 478.8 489 498.9 508.3 517.3 525.4 534.5 543.7 553.1 562.5 570.4 575.8 577.3 575.4 574.7 573.2 572.3 570.1 562.1 544.6 529 510.6 490.3 475 499.5 522.1 544.1
