data/320000-350000.asc
ncols 200
nrows 200
xllcorner 320000
yllcorner 350000
cellsize 50
[rows 70 to 104 of 200, columns 78 to 155 of 200]
280.5 280.1 281.5 282.7 284 282.5 279.6 278.2 277.1 276.1 274.8 273.5 272.7 271.8 270.9 269.2 265.5 262.3 259 256 252.4 248.9 244.3 240.1 237.2 231 228.6 234.6 234.7 234.6 235 235.8 236.4 237.9 239.3 240.4 241.9 243.6 244.6 245.4 245.6 245.3 243.8 241.4 237.3 232 224.5 219.3 216.4 214.9 217.7 219.2 219.7 220 220.1 220.1 219 217.8 216.4 213.3 210.7 205.9 196.6 187.3 182.1 179.3 176.9 174.2 171.5 168 161.8 158.6 151.2 139.3 134.6 133.7 132.3 131.7
282 282.5 283 283.6 285.2 283 280.5 279.1 278.4 277.5 276.4 275.9 275.4 274.3 273 270.5 266.4 262.6 259.8 256.6 253.1 248.6 244.3 240.7 237.4 232 237.2 238.7 238.4 238 239.3 239.9 242 244.3 245.6 247.8 248.5 249.9 250.7 251.7 252.1 251.4 249.7 246.4 242.4 236.1 226.4 221.5 218.7 217.7 218.9 220.1 221.6 222.6 223.1 223.1 222.7 222.3 221.1 218.8 215 209.8 203.6 195 185.4 180.3 178.1 175.6 172.9 169.7 165.4 161.4 158.3 146.9 136.7 134.2 132.2 130.7
285.3 285.7 286.2 286.1 285.6 283 282.1 281.1 280.5 279.7 279.2 279.4 278.7 276.3 275.1 271.7 267.5 263.7 260.6 257.3 253.1 248.5 244.3 240.7 233.9 239.5 240.9 242.6 242.4 242 245 245.4 247.8 250.3 252.3 254.4 254.7 256.4 257.5 258.5 258.8 257.8 255 251.8 247.2 239.4 229.1 223.6 220.8 219.1 218.8 220.1 221.2 222.2 223 223.8 223.5 222.9 223.5 222 217.5 211.7 205.6 197.8 189.3 180.8 178.1 175.7 173.3 170.3 168 164.7 160.1 146.6 139.3 136.2 132.8 130.5
288.5 288.4 287.7 287.4 286.2 284.1 284 283 282.1 282.5 282.2 282.3 281.3 279.3 276.8 272.7 268.3 265.1 260.7 256.1 252.7 248.3 244.3 240 238.8 243.4 245.3 246.9 246.9 246.9 249.6 250.6 253.4 256 258 259.1 260.8 263 264.4 265.2 265.6 263.3 258.9 254.9 250.1 243.7 234 226.6 223.1 221.1 220.7 220 220.6 221.5 222.1 222.8 223.6 223.7 223.7 222.9 219.9 214.2 207.3 199.5 190.9 182 176.8 173.3 171.2 169 166.4 164.5 159.7 143.5 147.9 148.1 142.6 134.4
290.6 289.2 289 288.9 287.5 286 286.1 284.6 283.7 285.3 284.9 283.9 282.8 281.1 277.6 273.7 270.1 266.3 259.9 255.8 252.7 248.8 244.4 237 244.2 247.2 250 250.5 250.2 251.4 253.7 255.4 258.3 261.7 263.1 264.9 267.4 269.7 271.2 271.9 272.1 268.9 265.1 260.5 254.5 247.7 240.1 232.6 227 224.9 223.7 222.4 221.4 221.2 222.6 222.9 223.5 223.7 223.2 222.9 221 215.5 208.2 201.2 193.1 184.4 177.5 173.3 167.9 162.2 156.8 148.2 148.2 153 157.2 158.8 158.6 151.4
291.3 290.6 289.7 290 289.2 287.7 286.9 286.2 285.5 286.3 286.6 285.5 284.4 281.7 278.2 274.5 270 265.5 259.5 256.8 254.9 249.4 240.7 239.8 247.9 251.2 253.2 253.8 254.6 255.9 257.8 259.7 262.7 266.6 268.3 271.1 273.8 277.9 279.9 279.7 278.4 275.7 271.8 267.4 261.7 254.2 247.5 239.6 232.3 229.7 228.7 227.2 225.3 223.5 223.2 223.4 223.9 224.1 223.6 223.3 221.3 216.2 209.9 202.5 195.7 188.9 179.9 173.3 169.3 165.8 157.4 158.5 160.4 162.9 164.5 168.4 167.1 165.2
293.3 292.1 291.3 290.7 289.9 289.1 288.3 289.8 289.3 289.5 288.4 287.2 285.1 281.8 278.6 274.4 269.3 264.7 262.7 259.8 256 249.3 241.7 243.2 251.6 254.9 256.7 256.6 258.3 260.2 262 264.7 267.9 271.8 274.5 277.3 281.7 285.9 287.3 286.3 285 282.6 278.5 274 268.1 260.7 253.2 245 238.3 235.4 233.9 232 229.4 226.6 225 224 224.9 225.8 225.1 224.6 223.3 218.2 211.3 204.4 197.6 191.3 183.1 177.5 175.6 168.1 168.4 167.4 168.6 169.3 171.6 175.4 175.6 174.5
295.6 294.1 292.9 292.2 291.2 290.5 290.4 290.9 290.9 291 289.5 287.6 284.9 281.5 278 274.2 270.5 267 264 260.2 255.6 251.1 245 249.6 254.5 258 260.1 259.5 261.3 262.9 266.5 270.2 272.3 276.4 279.8 283.7 289.1 292.9 293.5 292.4 291.3 288.7 285.1 281 275.3 266.7 259.4 249.9 243.3 240.1 238.4 236.2 234.3 231.6 228.6 226.6 227.8 228.6 227 225.2 223.5 220.3 212.2 205 198.7 193.3 186.4 183.9 186.7 174 178.7 180.7 180.9 179 180.2 181.7 183.4 182.8
299 296.4 294.9 293.4 293.2 292.3 292.6 291.6 290.9 291.3 290.4 286.9 284 280.6 277.2 273.6 270.3 266.7 263.1 260.2 256.7 251.2 251.4 253.2 256.8 260.3 262.1 261.9 263.5 265.9 270.3 274.2 277 280.7 284.3 288.1 293 299.6 299.6 298.4 297.2 295.1 291.6 287.3 280.1 274.4 266.7 256.4 249.2 244.7 242.4 240.4 238.3 236.4 233.1 229.7 228.8 228.7 226 223.1 221.2 219.3 214.4 205.4 200 192.4 191.3 190.5 188.3 181.8 185.5 184.9 186.3 188.6 189.1 189.4 189.5 188.5
303.4 300.1 297.7 297.6 297 295.8 296.4 295 293.8 292 289.6 286.4 283.2 279.8 276.4 273 269.6 266.2 263.5 261.1 256.9 251.1 254.8 256.5 257.4 261.3 262.8 264 267.3 270.7 274.3 278.4 282.6 286 290.3 294.3 298.5 304.5 304.8 304.4 303.2 301.4 298.5 293.9 287.8 279.2 270.3 260.4 252.8 247.4 244.8 243.8 241.9 240.1 237.8 233.7 229.4 226 220 220.5 218.1 213.4 208.6 202 194 197.4 199.2 194.9 186.1 190.8 191 189.2 190.6 193.1 194.9 194.9 194.8 193.6
306.3 304.2 303.3 302.1 301 299.1 298.9 297.2 294.9 291.6 288.8 285.6 282.4 279.1 275.8 272.4 269.2 266.1 263.4 261.4 258 253.7 256.6 258.2 254.7 262.3 264.8 268.2 271.5 274.9 279.3 283.9 288 291 295.8 301.2 305.2 308.7 309.2 308.6 307.4 305.1 302.8 298 289.7 280.2 271.3 261.3 254.2 248.4 246.2 244.9 242.8 240.8 238.8 235.5 231.7 227.3 223 215 209.3 203.7 201.8 203.5 201.8 201.5 198.5 195 195.4 197.6 195.3 193.9 195.6 196.8 199 200.3 199.9 199.5
309.3 309 306.7 305.6 305 302.1 299.3 298.3 295.1 291.4 287.6 284.4 281.3 278 275.1 271.6 269.6 266.4 265.7 262.7 260.6 256.7 258.4 261.8 255.3 264 266.4 270.1 273.4 278 283.4 288.5 293.3 296.5 301.9 304.7 305.5 307 308 308 307.6 308.2 306.3 301.8 292.8 283 273.9 263.3 254.7 249.9 246.7 244.8 243.1 241.1 239 238.2 237.4 230.4 223.9 218.9 215.4 213.4 213.5 212.3 207 203.9 202.7 204.5 204.4 203.6 203.8 203.5 203.7 204.4 204.8 205.2 205.8 204.9
315.2 311.5 309.4 307.2 303.6 301.5 300 297.9 295.1 290.3 286.5 283.4 280.2 278.3 274.5 270.8 270.1 269.8 268.4 264.7 260.1 258 259 263.4 259.2 265.2 268.7 271.6 276.9 282.1 288.1 295.8 298.7 302.7 305 304.7 305.1 305.8 306.2 307.3 309.6 310.8 309.6 304.6 296.2 287 278.9 270.2 258.1 251.9 248.6 246.2 244.2 243.1 242.1 240.8 238.8 235.4 230.9 225.2 221.8 220.7 218.7 216.4 211 211.1 207.4 211 209.9 208.5 210.4 211.3 212.1 212.4 212.8 212.9 212.2 210.1
315.8 313.2 310.1 306.5 302.9 300.8 299 296.2 293.2 287.7 284.9 283 281 277.3 273.6 271.9 271.2 270.7 267.6 267.7 264.3 263 259.7 265.1 264.7 264.4 270.5 273.9 278.6 283.8 290.2 296.2 300.2 303.2 304.4 304.6 305 305.5 306.3 308.6 311.8 313.8 313.4 308.8 300.1 293.2 286.3 277.7 266 257.8 252.2 249.1 248.1 247.1 245.9 243.3 240.9 238.6 235.3 232.5 230.1 227.5 224.4 221.5 215.5 215.8 213.6 216.6 214.3 213.5 216 217.2 218.5 219.6 219.3 218.5 216.5 214.3
315.6 312 309.2 306.8 302.8 301.9 300 296.4 289.9 286.1 285.4 283.2 279.6 276.6 274.9 274.4 272.4 272.5 270.5 268.3 268.5 267.8 262.3 266.5 267.7 265 271.7 275.2 279.4 283.7 289.1 293.3 297.1 300.5 301.7 303.8 304.5 305.4 307.4 310 313.6 317.9 318.7 315.4 304.6 298.6 291.1 281.6 272.9 265.8 260.5 253.7 253.1 251.5 250 247.5 244.8 241.8 238.9 236.8 234.8 232.3 229.1 225 220.7 218 216.8 219.2 217.5 218.1 220.7 222.7 224.1 224.8 224 222.5 220 217.2
316.1 312.2 308.8 306 305 303.4 300.7 294.8 291.3 287.6 286.2 283.4 279.8 278.1 278.4 275.7 275.2 273.1 270.1 270.3 272.8 272 263.8 268.2 269.7 269.6 270.2 275.8 279.9 283.3 286.1 290.1 293.1 296.3 299.3 302.2 303 305.4 308.4 311.7 317.4 322.4 322.1 319.4 309.9 300.4 292.3 284.8 278.6 271.7 260.2 260.1 260.1 258.9 258.9 255 250.6 246.7 243.3 240.3 238.2 235.6 232.1 226.9 225.7 222.1 225.2 223.2 221.8 221.8 226.3 228.6 229.7 230.2 228.4 225.9 222.9 220.5
317.8 314 310.4 309 307.6 305.5 302.3 297.4 293.2 290 285.9 283.1 281.7 281.7 279.3 276.4 275.4 272.4 273 272.7 275.3 273.3 266.5 271.3 271.5 271 273.9 275.6 279.4 282.3 284.9 287 289.8 293.5 297.6 300.6 303 305.4 308.1 310.6 314.8 319.5 321.4 317.3 309.3 300.9 292.4 285.1 279.1 272.1 263.9 268.2 269 269.1 267.8 264.7 260.2 253.1 247.7 243.3 239.5 237.7 234.6 232 228.2 231.3 230.7 229.4 229.6 229.9 232.4 235.5 236.9 236.9 232.5 228.8 225.3 222.9
318.9 315.1 311.6 310.3 308.6 305.3 299.5 297 294.4 289.6 287.2 285.2 284.6 282.8 280.4 278.4 277.3 275.9 276.8 276.4 277.6 270.9 273.3 274.2 273.3 272.8 275.6 276.3 279.2 281.7 284.5 285.4 288.5 292.3 295.8 299.2 302.1 305 307.9 311.4 313.4 317 317.5 312.9 306.7 302.3 294.7 287.7 281.1 276 271.1 273.9 275 275.1 275.1 273.4 269.9 262.5 255.9 249 241.4 238.3 236.6 234.6 231.7 233.7 235.8 236.5 239.6 239.6 240.2 241.9 243.6 242.2 236.7 230.7 226.5 224.5
318.7 313.6 310.6 309.6 306.7 301.1 298.1 296.2 293.6 293.4 292.7 289.6 287 284 281 281.3 280.2 279.1 279.2 281.1 279 272.9 277.4 275.9 274.3 274 275.9 277.4 279.4 281.6 283.9 284.9 286.8 290.3 293.9 297.4 301.9 306.1 310.6 311.6 314.2 316.6 316.7 313.6 309.9 304.9 299.4 293.4 285.4 283.5 280 278.8 279.9 280.4 280.6 278.6 273.6 266.4 260.1 255 248.2 240.4 238.1 234.8 235.7 235.8 237.2 241 246.7 249.2 248.5 248.3 248.2 245.9 238.9 232.1 225.8 223.7
318.2 312.7 309.2 307.8 303.2 299 297 296.1 296.6 297.2 293.6 290.6 287.7 284.5 282.8 281.9 280.2 280.8 283.6 285.2 279.6 274 277.5 276.4 275.8 276.1 278 279.8 279.8 282 283.4 285.2 287.2 289.1 291.4 295.2 299.2 303.3 305.4 309.4 313.2 315.2 316 314.5 312.3 308.6 303.3 297.4 291.3 287 286.6 285.3 286.7 287.2 286.3 282.6 277 269.9 264 259.3 254.7 246 239.7 237.9 237.3 236.3 237.6 242.4 249 252.1 251.4 250.8 250.6 247.8 239.9 231.4 225.1 223.5
317 312.1 308.4 305.2 302.2 299.2 298.1 297.7 298.4 297.6 294.3 290.4 287.7 287.5 285.8 284.6 284.4 285.9 287.5 284.6 278.8 276.2 275.5 278.6 278.9 278.9 280.4 281.3 281.1 282 283.1 285.7 287.7 289.6 291.1 293.7 295.2 296.5 299.4 303.7 308 311.9 311.7 311.4 310.6 307.7 304.3 299.7 295.4 293.8 292.4 293.4 295.4 295.3 293.6 288.9 281.3 274.7 269.3 263.4 258.5 253.7 251.3 239.3 240.1 237.7 237.1 241.3 247.5 254 253.8 253.1 251.4 247.2 239.1 230.1 223.8 220.6
314.3 311.7 307.2 304.2 301.7 301.2 300.4 299.4 298.9 297.5 293.5 291.7 290.8 289.8 290.8 291.1 289.8 291.5 291.5 284.8 278.3 277.1 276.7 280 281.8 281.8 283.3 283.9 283.3 282.4 283.5 286.2 288.2 289.2 290 292.5 295.5 298 301.2 303.7 306.1 307.6 307.8 308.2 307 305.4 304.1 300.6 300.3 300.1 301.5 304.9 306.4 305.3 302.2 297 287.4 280.5 274.7 270.4 263.4 262.8 259.8 255 245.7 242.2 240.6 241.3 245.8 253.1 254.5 253.5 250.5 245.4 236.9 228 222.2 217.7
312.1 309.1 305.9 303.6 303.6 303.5 302.2 300.3 298.8 294.8 292.7 293.2 295.1 294.7 295.5 296.3 296.1 296 290.3 281.7 281.6 280.2 278.4 280.5 283.6 284.9 285.7 285.7 285.2 285.2 285.5 286.1 287 288.9 290.9 292.4 294.8 297.1 300.1 302.6 304.8 306.3 306.7 306.9 306.4 304.8 304 304.5 306.1 310.3 312.8 314.8 314.8 312 305.9 299.8 293 286.8 281.5 277.2 267.7 273.3 277.6 272.4 262.8 252.1 247.2 246.7 249.5 252.3 251.6 251.2 248.7 241.5 232.9 223.9 216.6 213.1
310.2 308.3 306.2 305.7 305.6 304.2 302.1 300.9 299.6 297 294.8 294.9 297.6 298.8 299.1 299 298.8 296.8 286.7 288.6 288.5 286.9 284.2 282.2 284.9 286.6 287.5 287.3 286.6 286.3 286.8 287.3 288 289.7 291.6 292.9 294.6 296.8 298.7 301 303.2 305.2 305.7 305.6 305.5 305.8 307.1 310.7 316.4 318.9 318.6 318.4 315.4 310.8 304.7 299.7 294.7 290.2 281.9 279 277.1 284.9 286.5 284.2 278.3 270.7 266.6 265 260.9 254.1 248.8 244.5 241.1 235.1 225.1 217.6 210 207
307.2 307.1 306.4 305.3 305.1 303.3 302.8 302.3 301.3 298.7 297.6 298.9 301.3 301.4 301.5 300.7 300.4 292.9 294.6 293.5 291.1 289.7 286.3 286.2 287.7 288.2 289.3 288.6 287.8 287.8 288.2 288.7 288.6 289 292.4 294.2 295.9 297.2 298.7 300.5 301.9 303.7 304.3 305.6 307 308.6 310.9 316 321.5 322.3 321.7 319.6 316.1 310.5 304.1 298.9 293.3 289.3 287.2 287.5 287.1 292.1 294.7 294.7 286.9 281.3 278 278.2 272 262.2 250.9 242.3 231.9 225.8 218 209.3 203.3 198.9
305.7 305.9 306.2 305.1 304.6 304.7 304.2 303.9 303.4 301.8 300.5 301.9 303.8 303.3 302.8 302.5 302.1 291.9 295.9 294.7 293.4 292.2 290.8 290.9 291.2 291.8 290.9 289.7 288.9 289.3 289.7 290 290.3 290.5 293.2 294.8 296.3 297.7 299.1 300.3 301.7 303.1 305.8 307.7 309 311.1 314.2 319.6 322.6 322.7 322.4 319 316.1 312.3 304.3 299.2 296.6 293.6 292.8 293.7 295.2 298 300.7 300.4 295.9 291.1 287.9 288.7 279.2 267 252.5 244.5 237.8 216.7 207 200.6 193.7 185.9
305.7 305.3 305.7 305.9 305.5 306.1 306.5 307.1 307.5 305.8 304.6 304.7 306.4 305.8 304.8 303.6 303.3 299.2 299.6 298.2 296.1 295 294.7 294 294.6 293.9 292.7 291.4 290.4 290.9 291.3 291.6 291.9 293 293.8 295.1 296.3 297.4 298.5 299.8 301.2 303.1 305.7 308.7 311.7 313.8 317 322.5 323.9 323.8 321.9 318.5 316.3 314.1 307.9 305.3 303.3 302 302.5 303 302.4 303.8 306.2 306.7 301.3 298.3 297.2 295.7 284.3 271.9 253.7 244.7 235.6 213.3 197.7 188.2 180.1 172
305.9 305.5 305.1 306.1 308.4 309.7 310.7 311.7 311.4 309 306.5 308 308 306.6 305.5 304.2 302.4 304.1 302.1 300.1 299 298 297.5 297.3 297.1 295.4 293.9 292.6 291.9 292.3 292.8 293.2 293.7 294.1 294.3 294.6 295.7 296.8 298 299.7 301.6 303.2 306 310.4 313.8 318.8 322.8 324.5 324.6 324 321.7 321.2 320.3 317.7 315.3 313.5 313.9 316.6 318.5 317.6 312.9 310.7 312.2 310.2 305.1 302 301.4 296.1 284.2 271.3 255.7 241.6 225.7 201.8 182.7 182.1 175.3 162.9
306 305.7 305.8 308.7 311.3 314 315.2 315.7 313.3 310.5 309.8 310.5 309.8 307.1 307.3 307.4 306.1 305 304.1 303 302 300.9 300.2 300.2 299.4 297.1 295 294 293.3 293.8 294.2 294.7 294.7 294.5 294.5 294.6 295.5 296.4 298 300.3 302.5 304.3 308.2 313.6 317.5 322.2 325.8 327.1 326.2 326.7 328 327.9 326.3 324.7 322.8 323 325.6 329 327.9 324.5 317.8 318 315.5 310.1 306.5 303.5 301 291.3 281.2 270 257.4 244.6 225.1 196 177.1 175 167.2 157.6
306.1 306.5 308 312.4 315.7 317.8 318.4 316.4 313.8 312.1 311.8 311 311 309.6 308.5 306.8 306.4 306.5 306.1 305.8 304.9 303.9 302.9 302.5 300.8 298.4 296.4 295.4 294.8 295.3 295.5 295.6 295.4 295.1 294.9 294.6 294.7 295.1 297.4 300.2 302.8 306.5 312.2 317.2 320.2 323.5 327.7 331.8 332.8 334 335 335.5 335.1 332.7 331.8 334.8 336.6 333.2 328.4 324.9 321.8 318.2 313.9 308.9 304.7 301.2 293.6 284.5 275.7 267.3 257.9 242.8 220.6 191.3 173.6 171.4 164.1 157
306.9 308.2 311.5 316.1 319.6 319 318.3 316 314.9 314.5 314 313.4 311.8 310.4 311.2 308.5 307.5 308.2 307.8 307.4 306.9 306.9 305.4 303.1 301.4 299.5 297.9 296.8 296.5 296.2 296.4 296.4 296.1 295.8 295.4 294.8 293.4 294.4 296.7 299.6 303.7 309.7 316.6 320.6 323.6 327.9 333.4 337.3 338.8 340.1 341 341.2 340.6 340.4 343 344.8 340.4 333.2 328.9 326.9 324 316.5 310.9 305.8 300.1 295.4 287 277 269.2 260.4 250.3 233 213.1 180.9 165.1 159.3 154.2 145
309.1 311.9 316.5 320.9 321 319.8 318.6 317.7 317.8 317.3 317.2 317 315.1 314.9 313 311.1 311 310.2 309.5 309.1 308.6 307.7 306.6 304.2 302.3 300.9 299.8 298.9 299.9 299.8 299.2 297.5 296.5 296.2 295.8 294.2 293.2 292.5 295.6 299.7 306.1 312.5 319.9 326.1 329.6 334.3 338.4 342.5 344.5 345.4 346.7 346 345.9 348.3 348.6 345.2 340.6 335.4 331.5 327 322.7 314.7 306.9 298.1 289.7 283.2 275 269.8 264.3 244.9 228 210.8 196.2 176.3 160.9 152.4 149.5 154.7
312.8 317.2 321.7 323 322.5 321.4 320.4 321.5 321.7 320.1 320.8 322.9 321.2 316.8 314.6 314.6 313.6 312.9 312 311.1 309.8 308.6 307.6 305.5 304.7 303.7 302.6 301 302.9 303.4 301.3 299.6 297.8 296.4 295.6 293.7 291.8 291 294.1 297.9 307.1 314.1 321.4 328.6 333.9 338.9 344.1 350 351.9 352.3 353.1 353.2 355.7 356.8 350.4 345.4 342.8 342.3 338.1 330.3 320 307.5 294.8 283 273.5 265.6 256 246 231.2 214.3 190.3 187.4 181.8 167.7 154.9 153.7 161.3 167.1
317.9 322.6 325.1 325.6 325.2 325.2 325.4 325.4 325.4 324.1 327 327.9 323.7 319.8 318.6 318.3 317 315.8 314.5 313.4 312.1 310.4 308.6 308.2 307.8 306.7 305.1 302.9 304.2 304.3 303.1 301 299 296.9 295 293.1 291.2 289.7 291.1 294.5 303.5 314.5 320.2 328.3 334.2 341.2 347.6 353.8 356.9 358.3 359.8 360.8 366.7 360.7 352.4 348.3 352.2 347.9 343.3 331 312.2 294.1 276.7 264 252.3 241.6 230.8 219.9 207.5 191.7 179 174.1 166.5 155.9 159.9 167.3 172.1 176.3
321 326.2 328.2 328.7 328.7 327.7 326.9 328.6 330 327 329.7 331.7 329.4 325.3 323.3 321.4 319.9 318.4 317.1 315.8 314.5 313.1 312.4 311.7 311.2 309.4 307.2 305.1 305.1 304.2 303.2 301.7 299.4 297.2 295 292.8 290.5 288.7 289.7 292.3 299.3 308.8 315.7 325.8 333.2 340.4 349.4 356.1 360.7 362.9 364.7 371.2 370.7 362.5 356.8 360.5 354.9 350.1 340.1 320 300.3 279.1 262.1 249.6 234.9 222 211.4 200.1 188.3 177.3 166.9 161.3 159 164.5 171.2 177.2 181 184.1
