data/320000-610000.asc
ncols 200
nrows 200
xllcorner 320000
yllcorner 610000
cellsize 50
[rows 140 to 174 of 200, columns 0 to 77 of 200]
491.4 489.7 483.8 475.8 463.5 463.8 482.8 501.4 517.4 531.9 542.2 545.8 543 534.8 522.5 511.5 507.4 497.9 487.6 476.1 462.2 448.2 429 406 383 368.2 355.7 346.2 335.9 325.3 314.3 311 316.9 322.9 332.5 340.4 346.7 353.3 362.5 379.2 385.9 387.1 393.2 394.6 391.8 392 385.6 381 376.7 361.7 348.9 340.5 331.7 322.5 312 303.9 296.3 291.1 285.4 276.8 270.1 268 265.8 265.8 266.6 267.1 267.6 269.5 272.3 278.3 288.7 299.2 308.1 306.3 323.3 340.9 357.5 370.1
471.5 471.7 468.8 461.8 447.2 457.3 475 492.6 507.7 522.1 532.1 535.7 530.8 522.7 512.5 510.5 505.1 495.5 486.2 474.3 462.9 449.2 433.7 406.9 385.1 369.6 356.6 346.4 335.7 326.9 318.2 306.8 304.8 308.9 316 320.9 329.3 337.8 349.1 358.4 360.3 362.1 366.2 365.5 366.7 368.2 365.5 364 357.3 347.8 341.2 333.8 323.8 315.1 305.8 298.1 291.2 287 281.2 274.3 269.2 264.7 269.2 265.7 269.4 270.3 271.7 274.5 280.2 289.1 299.8 311.3 319.8 325.7 319.6 328.4 349.6 361.1
450.6 452.5 451.3 449.9 439.8 444.5 460.8 478 493.7 509.5 518.9 521.9 517.2 507.9 507.5 507.1 500.3 491.3 482.6 471.9 461.8 448.5 435.6 412.7 394.8 376.4 358.5 348 337.6 328.6 319.5 311.7 300.3 300.3 303.6 307.4 314.2 323 331.1 337.3 336.3 338.5 340 340.2 343.7 345 347.5 345.2 339.7 332.2 326 317.5 311.9 304.2 295.4 289 284.2 281.6 274.2 269.4 269 272.8 272.1 270.6 271.8 274.4 276.4 280.7 288.9 299.8 310.4 321.2 331.3 340.6 345.4 347 352 365.2
431 434.4 437.5 437 432.1 421.1 439.7 456.4 471.1 484.8 496.8 500.9 492.2 497 503.4 501.1 494.7 486.8 477.3 468.8 458.8 447.4 434.5 416.4 399.7 383.6 361.3 347.4 337.1 329.3 319.9 312.8 306.1 295.2 297 299.1 303.7 309.3 314.2 318.4 315 315.3 315.9 317.7 320 322 322.1 321.5 318.5 315.1 307.5 302.8 298.6 289.8 284.6 279.7 276.1 271.5 268.7 269.8 272.3 274.8 273.7 273.2 273.7 276.4 280.9 285.9 295.9 307.4 319.4 331.5 344.1 354 361.2 368 376.3 385.1
411.9 417.9 418.4 418.8 418.6 409.9 416.4 433.5 446 456.2 467.6 472.2 471.2 481.4 495 493.2 488 480.4 471.8 464 454.2 443.6 432 413 399.8 380.7 363.5 351 340.2 330.8 321.2 313 306.9 299.7 292.2 293.7 294.2 297.1 297.7 297.3 296.7 296.6 295.2 295.7 298 299.6 299.1 298 295 291.1 287.5 286.3 281 274.6 273.5 271.9 270.6 269.6 271.4 273 274 275.3 275.3 275.5 274.5 279.1 283.8 290.1 303 314.7 327.3 341.3 354 364.5 374.1 381.3 392 404
396.1 399.5 400.8 400.8 400.5 398.7 392.7 407.9 419.5 432.8 441.3 446.6 439 468.8 483.8 484.8 480.9 473.2 465.2 458.4 447.1 436.6 424.4 406.1 393 377.5 362.6 350.3 340.1 332.3 323 313.8 307.5 301.3 290.6 290.1 290.4 288.9 288.6 287.2 284.8 279.4 278.4 277.9 276.3 276.2 278.6 279.2 277.8 276.9 275.2 273.9 268.4 269.9 270.6 270.8 270.2 272 273.6 274.8 275.8 276.8 277.4 278.6 278.8 281.8 286.8 294.6 309.4 321.5 333.8 349.6 363.3 376.3 387 396.4 406.3 417
385.8 379.8 382.4 385.1 386.2 386.5 379.9 380.9 392.9 405.3 413.6 417.1 430.1 454 471 476 473.8 468.1 460.2 452.7 441.5 428.6 412.3 400.4 384.5 372.6 359.7 348 338.8 330 320.5 312.6 305.9 298.6 291 287.3 287.3 285.9 283.7 280.9 279.8 279.2 278.1 274.9 277.2 276.7 276.1 273.2 275.4 275 271.9 271.5 275.5 274.4 273.6 273.8 274.4 274.8 275.7 277 279.2 280.3 280.8 281.1 281.1 282.8 288.8 300.1 315.1 327.3 340 356.4 374.4 387.9 400.3 408.4 417.3 428.8
406.4 396.1 384.3 372.2 368.1 369.7 370.2 365.6 374.3 382.1 385.7 391.6 413.8 435.2 453.6 467.4 466.6 462.5 456.3 445.6 433.3 417.9 407.6 391.7 377.5 365 354.7 345.8 336.9 326 317.1 310.6 302.4 294.3 290.1 287.6 285.1 283.4 282.1 281 280 279.1 276.6 277.3 279.9 283.1 280.8 278.1 279.8 277.2 280.5 278.7 276.4 274.3 276.4 277 277.8 277.7 278.5 280.3 282.5 284.8 286.4 287.1 287.2 285 293.1 302.8 319.6 331.2 347 362.9 379.3 392.8 404.8 414.8 425.3 436.8
425.5 416.2 406.8 396.1 384.3 373.4 364.8 358.3 359 361.5 365.4 373.9 390.7 410 428.1 443.9 455.2 455.6 449.7 439.2 423 410.8 401.5 382.4 370.5 361.1 352.2 344.3 333.3 322.9 314.6 307.9 302.3 294.2 289.1 286.5 284.2 282.7 281.8 280.7 279.7 278.6 279.5 284 285.5 286.5 286.2 284.6 284.4 283.9 281.8 279.9 278.2 277.9 280.1 283 284.1 284.1 284.1 285.4 287.7 290.5 293.2 293.4 292.4 286.4 294.3 309 323.6 333.3 347.5 365 378.7 391.6 402 412.3 424.8 436.5
447.6 437.9 428.6 416.5 402.2 385.9 377.4 366.6 355.7 350.7 352.4 357.3 366.6 381.4 399.2 411.9 427.9 441 441.7 428.2 413.9 405.2 387.4 372.8 364.6 357.5 350.2 340.8 329.7 321.3 314.4 307.4 301.3 294.8 288.9 283.6 282.4 282.2 281.3 280.4 279.4 279.2 286.3 286.5 287.8 289.3 290.7 291.2 292 291.2 288 287 287.4 287.7 289.5 290.3 292.9 293.6 293.6 295 297.8 300.1 301.5 298.4 296.5 286 298 312.9 327.1 342 355.8 367.5 380.5 391.4 400.7 410.1 421.2 435.6
468.5 458.6 444.8 428.6 413.7 404.2 394.3 384.1 371 358.2 351.9 342.4 343.3 353.9 366 381.6 398.5 409.6 417.3 408.3 403.1 393.8 374.7 364.5 359 352.9 347.2 337 327.1 320.2 312.8 305.9 297.9 292.3 286.6 283.1 282.7 282.1 281.4 280.7 279 287 289.8 291.8 295.2 299.2 303.5 305.5 306.6 308 306.3 302.2 303.8 303.6 303.4 303.3 303 304.8 305.9 306.7 308.5 309.7 309 305.1 297.3 290.5 303.5 317.9 330.6 349.3 363.1 375.8 389.3 399.5 407.9 416.3 424.5 433.2
482.1 468.5 444.7 443.6 440.2 428.2 415.4 402.4 389.4 374.7 364.4 356.4 346.8 332.8 338.1 352.4 366.6 380.5 389.4 388.2 383.3 374.6 364.9 357 352.9 348.6 344.1 332.7 324.9 319 308.8 301 293.9 287.8 285.7 283.3 282.9 282.2 281.7 281.4 288 292 297.1 302.6 310.2 317.8 322.5 323.2 327.2 327.3 326.6 324.2 322.9 323 321.8 320 319.3 320.9 321.2 321.2 318.7 317.4 314.9 310.8 299.6 293.2 305.8 320.8 333 352 367.3 380.7 393.9 404.9 415.5 422.7 430.2 440.1
488.6 466.5 469.4 468 466.2 450.4 434 417.1 402.3 390.7 376.7 367.6 356 340.2 325.5 329.6 339.2 351.3 359.8 364.4 364.3 360.3 353.8 348.4 345.8 343.3 336.5 326.7 322 313.7 302.8 296 291.2 287.1 285.6 283.6 282.7 282.4 282.5 288.9 292.8 299.6 308.7 318.5 326.7 336.5 343.3 345.2 347.9 349 347.9 346.1 343.6 342.4 341.1 338.6 338.6 338 337.4 332.7 329 324.6 320.1 314.9 302.7 294.3 299.4 318.9 334.6 351.1 367 382.6 394.6 407.9 419.6 426.9 434.8 441.9
488.6 489.5 491.6 492.8 491.2 476.4 449.3 426.8 412.9 400.8 390.6 377.3 360.7 345.2 333.2 321.3 324 328.1 333.1 341 343.6 346.1 342.2 338.7 337.4 334.8 327.6 320.2 314.9 306.6 297.7 291.9 289.5 287.9 286.7 283.3 282.1 282.2 285.4 292.9 297.8 309.5 324.2 339.2 347 356.9 362.9 366.6 370.5 372.5 370.6 369.4 367.6 364.7 359.9 358.2 353.3 350.3 345.7 339.6 336.7 330.3 323.5 318.8 297.7 306.3 303.7 308.4 330.1 347.5 361.4 377.7 391.4 403.7 415.2 426.8 434.5 441.5
495.4 507.6 512.6 514.1 509.7 493 459.6 437.9 423.5 415 401.3 384.8 366.8 352.1 340.9 328.4 316.3 315.7 319.2 321.3 322.7 326.7 328.4 328.8 326.4 324.5 320.9 315.6 307.6 299.7 294.6 289.4 290.5 289.1 284.1 281.2 281.9 283.4 287.3 296.9 305.8 320.1 339.3 358.9 370.9 379.3 387.6 394.7 400.5 400.1 398.7 394.2 393.3 389.6 382.1 378.2 368 360.6 354.2 347.9 342 333.3 326.1 307.2 312.6 320.8 321.2 309.6 322.4 342.4 356.9 373.9 385.8 396.9 407.9 419.5 428.7 435.5
514.2 525.2 528.6 529.7 523 503.1 471.4 451.5 437.1 426.4 411.4 395.1 377.2 361.9 349.1 336.9 322.7 316.9 313.3 311.2 311.8 314.9 317.2 316.6 315.2 316 312.5 306.8 302.1 296.3 292.9 289.4 290.2 289.1 284.8 283.6 284.3 286.9 293.4 303 320.5 333.7 346.3 374.4 390.1 401.2 411.5 421.5 427.7 427.8 424.9 415.2 417.8 414.4 406.6 394.9 382.4 371.9 362.4 354.2 344.9 334.1 318.4 313.3 327.4 334 335.8 327.1 318.1 332.1 348.9 364.7 377.5 388 397.9 408.5 414.8 425.6
539.5 542.4 543.2 541.7 531.8 511.1 484.8 464.7 456.1 444.2 426.9 407.6 388.9 372.8 359.4 347.5 334.9 322.7 316.5 311.6 308 307.5 309.9 310.2 310.5 306.3 306.6 302 298.9 296.2 292.9 290.9 290.5 289.8 284.3 285 287.3 292 300.8 311.9 333.5 343.1 356.5 387.9 408.3 420.6 430.9 440.1 445.1 445 441 439.2 435.4 430.1 418.6 405.5 392.4 379.8 368.6 355.5 343.4 327.8 314.1 330.2 343.3 348.7 351 347.8 337.4 328.8 335.1 350.4 363.2 372 381.2 391 399.9 410.5
559.1 557.1 554.3 549.2 538.3 517.2 495.2 484.7 478.9 464.2 445.9 422.9 402.2 386.3 372 357.4 344.5 330.8 324.6 318.7 312.4 307.2 302.6 304.9 304.5 302.8 301.6 299.6 297.8 295.8 292.9 291.3 290.8 289.1 280.9 286.8 290.5 299.1 311.6 326.6 346.9 352.8 376.6 401.1 424.2 435.9 445.4 452.8 457.2 453.9 452.5 449.9 443.9 435.7 423.9 413.9 401 386.1 371.8 356.5 341.3 321.5 327.4 344.7 358.4 364.5 366.9 365.1 361.7 356.5 345.8 339.6 344.3 354.8 365.9 375.3 385 396.5
569 566.5 562.4 554.3 543.5 523.5 500.5 506.9 500.7 482.4 460.8 436.8 417.3 400.3 385.2 369.9 351.7 342.7 335.8 331.2 326 320.2 311.6 299.8 299.9 299.9 300 298.3 296.6 294.8 292.7 291.3 286.8 285.8 284.4 288.8 296.9 308.6 322.1 337.8 357.4 360.3 388.9 415.5 436.6 448.1 456.3 462.1 465.2 460.7 459.2 455.4 450.1 440.6 429.9 417.9 404.2 388.4 373.4 358.7 339.4 317.8 338 357.8 373.3 382 384.9 384.4 383.1 377.9 370.2 364.5 362.9 359.3 356.3 361.5 371.9 384.6
574.3 570.9 565 555 543.3 535.4 526.4 524.6 516.9 500.7 477.2 453.4 432.8 414.2 397.5 378.7 364.9 354.2 348.4 344.4 338.4 329.6 319.6 309.3 301.4 297.5 298.2 297 295.5 293.8 290.1 289.5 286.9 286.3 287.9 296.4 305.4 317.6 331.5 348.3 360.1 367 392 425.1 443.7 455.8 463.6 469.5 470.6 468.6 464.5 458.7 452.4 443.9 432.6 420.5 405.9 390.9 377.6 362 341.1 320.1 348.2 368.8 386.2 396.8 400 402.5 403 397.9 389.6 384.9 383 378.5 371.9 368.4 365.8 377.2
573.3 569.4 561.3 555.1 555.5 549.7 544.1 537.7 527.7 515.5 499.5 472.9 448.2 426.6 406.8 394.8 381.8 370.8 365.1 360 350.1 339.8 327.9 317.2 307.6 298.3 296.2 295.5 294.4 292.3 289.9 288.8 286.4 283.6 291.6 303.7 313.4 325.9 340.2 355.4 364.1 380.9 407.2 434 451.4 461.5 469.4 474 475.4 473.5 468.9 462.3 455.3 446.7 434.9 422.8 410 395.9 381 364.7 343.2 326.9 355.5 376.8 394.9 405.7 410 419 420.3 412.8 406.9 405 403.1 395.5 388.2 383.3 380.8 379.8
564.8 561 554.3 553.3 558.3 554.7 551.2 544.6 535.4 524.6 511.6 489 459.8 437.7 423.5 416.8 405.4 392.7 384 373 360.3 348.3 336.9 323.5 312.2 302.6 294.5 292.5 291.8 290 289 287.1 286.4 288.8 299.4 310.8 321.2 333.1 347.6 362.3 377.8 397.7 420.7 440.3 455 466.3 474.8 479.1 479.3 477.6 473.4 465.5 457.4 447.5 436.4 424.1 411.1 398.4 382.2 366.6 347.6 332.3 357.8 383.5 399.9 411.2 421.1 430.4 433.8 428.7 425.4 426 418.9 410.3 402.3 396.2 393.1 392.2
550.5 546.8 542.6 548.2 554.3 553.3 551.5 545.2 536.7 526.6 511.6 490.9 466.2 448.9 446.9 437.7 428.5 415.4 401.9 384.6 369.3 356 340.8 328.3 317.3 307 297.5 291.4 290.1 288.8 287.8 286.7 286 294.8 306.8 317.7 328.3 339.3 355.3 370.7 385.3 403.6 424.5 443.6 459 472 479.6 483.5 482.4 480.1 475.9 468.2 457.6 447 436.9 423.3 410.9 398.5 384.2 371.4 353 332.6 357.8 382.3 401.6 413.9 425.4 436.5 440.7 441.2 439.3 437.7 432 426.4 416.8 410 405.9 404.7
529 527.6 527 538.9 546.4 546.3 545.3 540.5 533.3 523 507.4 490.9 472.4 465.4 463.4 454.3 445.2 431.8 414 392.9 376.7 360.3 344.7 332 320.9 309.4 299 292.5 289.5 285.9 285.5 286.8 292.4 303.2 313.2 324 334.7 346.4 362.9 379.3 393.4 412.5 431.9 449.1 464.8 476.6 484.4 487.5 485.9 483.5 478 468.5 456.5 445.8 434.8 421.6 410.7 399.5 385.2 368.4 360.5 345.1 354.3 375.4 395.5 412.5 426.2 436.2 440.9 444.5 445.9 444.9 446 441.4 431.8 423.2 417.7 414.7
506.3 506.8 515.1 529.1 538.7 539.9 538.1 534.8 528 515.6 501.4 489.1 481.1 480.3 473.4 462.8 450.5 439.4 420.3 398.8 381.2 362.6 346.4 332.8 321.4 309.5 299 291.5 289.3 287.7 287.5 291.3 299.7 309.6 320 330.5 340.9 351.7 368.3 386.6 402.5 425.5 444 458.9 471.5 482.6 489.5 490.5 489.1 485.4 478 465.6 453.8 443.2 432.6 421.4 410.7 400.3 390.2 379.1 376.6 367.5 348.9 367.5 383.8 402.6 416.9 428.8 436.7 442.6 447.1 450.1 454.8 449 442.3 435.6 429.9 426.6
484.3 491.9 509.6 522.4 531.8 532.7 529.8 525.7 517.9 506.1 492.9 487.3 484.7 481.8 472.7 462.9 452.6 439.5 420 401.6 381.5 365.4 348.8 332.5 319.3 307.4 297.6 291.3 289.1 289 290.4 296 304.7 315 326.2 337.6 348.3 357.6 375 397.2 417 437.4 455.6 469.4 480.9 490.5 495.3 495.9 492.7 487.9 476.8 463.3 452 441.2 430.5 419.8 411.5 401 393.4 393.4 391.8 388 372.2 356.7 375.4 393.3 407.4 418.7 426.5 434.7 442.8 449.9 453.7 451.8 451 444.7 442.7 437.2
471.3 487.8 503.8 516.4 523.9 524.1 521.2 515.4 505.7 494.4 486.8 485.2 481.4 475 467.9 459.7 447.9 433.3 419.3 400 383.9 363.5 345.8 329.9 317.9 306.2 294.9 291 289.6 289.3 291 301.7 309.9 320.5 333 345.1 355.4 365.7 382.7 408.7 431.6 449.6 465.2 479.9 489.2 497.7 502.3 501.6 498.1 489.5 473.9 461.3 450.9 440.4 429.4 420.5 412.7 409 405.5 408.6 409 403.3 391.4 373.6 371.1 385.7 398.3 408.5 415.9 424.1 434.8 445.6 451.6 455.1 457.8 452.3 449.7 446.2
464.4 479.8 494.3 506.4 514.2 514.2 510.4 504.7 494.6 487.2 481.3 477.5 470.5 464.6 459.3 451.6 438.1 426.7 413.4 397 378.2 360.5 345.2 330 315.7 304.8 294.8 291.2 289.8 290.9 296.7 306.2 315.4 326.8 339.7 351.4 366.5 377.3 392.2 419.8 443.9 461 476.3 489.1 499 506.2 508.2 507.3 499.4 487.7 472.8 460.1 450.1 439.9 431.4 421.6 419.8 416.1 416.3 420.8 419 413.5 401.7 386.7 380.5 380.1 390.7 400.2 408.5 416.2 426.4 440.3 449.9 459.6 463.7 457.9 454.5 453.5
451.1 466.3 480.7 493 500.4 501.3 498.5 495.3 489.9 484.2 478.1 469.5 461.3 454.9 448.8 440.1 430.5 419.4 404.1 391.5 372.7 356.6 342 326.5 312.7 302.3 293.1 291.5 290 291.6 303.3 309.8 320.1 332.4 345.9 360.8 378.7 388.9 407.4 432 452.9 469.6 484.2 496.4 505.9 512.6 514.2 508.7 500.3 487.5 472.3 459.7 450.5 440.9 432.9 430.5 427.5 426.9 427.3 429.8 425.5 417 407 401.8 396.9 397.4 397.4 396.2 401.5 410.3 421.1 435.5 449.9 463.3 465.7 462.5 460.3 459.4
430.4 446.5 461.7 474.1 482.3 487.9 489.3 491.1 488.6 486.8 481.1 472.4 461.6 448 435.7 430.7 420.3 409.3 395.8 380 365 349.9 335 321 309.8 300 293.2 291.7 291.7 293.9 305.9 312.1 322.9 336.8 351.6 371 392.6 402.8 422.9 439.5 459.4 474.9 487.5 500.2 508.7 515.8 516.6 509.7 499.8 487.8 473.3 462.1 452.1 443.7 439.7 437 436.9 437.3 437.2 434.1 428.1 428.5 425.2 418.9 415 415.6 414.1 412.5 406.5 408.4 419.6 434.2 451.9 462.7 466.4 465.2 466.7 465.4
408.3 424.1 442.2 453.4 460.5 467.7 481 486.7 493.5 493.7 488.5 480.7 470.1 457.7 446.6 434.8 422.6 407.9 389.3 369.5 350.3 340.9 329.5 316.5 306 297.3 292.8 289.5 292.6 294.7 305.1 313.2 324 339.1 357.8 375.4 399.1 416.2 432.3 441.1 458.9 472.2 483.9 496.7 506.7 514.8 513.3 507.8 498.2 487.3 474.7 465.7 456.8 450.7 447.6 445.2 444.6 446.3 443.9 438.2 437.1 439.2 437.1 434.5 430.7 432.4 429.4 425.2 420.1 412 420.5 437.1 455.6 465.4 467.9 470 474.5 471.9
410.4 402.6 420.1 432.4 440.9 457.6 473.5 490.2 500.7 500.9 498.1 491.3 479.3 470.8 460.1 446.4 428.3 406.6 384.8 366.4 348.7 332 318.1 310.6 303.7 295.6 289.3 294.8 296.2 295.4 303.8 314.3 324.3 340.5 358.1 376.1 396.6 413.9 425.4 435.2 448.6 462.3 474.1 489.3 500.4 508.9 509 505.9 497.6 486 477.8 470.9 464.8 459.4 456.1 453.5 452 452.5 448.6 443.2 446.3 447.3 446.2 446.2 448.1 447.4 440.8 435.4 429.4 424.8 424.5 441.7 459 468.7 472.8 477.6 480.4 480.5
415.4 400.4 397.2 415 433.1 454.7 474.4 488.2 499.3 502.7 503.4 499.7 491.8 481.5 468.5 451.6 429.4 400.7 378.8 361.4 345.3 328.2 316.1 308.6 299.5 289.9 295.6 297.9 301.9 300.8 300.4 313.6 323.4 337.2 356.4 371.1 387.4 405.1 414.5 425.2 434.7 450.1 462.3 478.2 488.3 497.1 501.8 502.2 499.3 489.1 483.6 478.2 474.7 470.8 466.4 461.2 459.3 457.1 452.9 450.3 452.5 455.2 458 462.3 462.9 459.6 451.8 444.3 438.2 433.3 428.6 444.7 461 471.5 479.4 483.3 484.7 485.3
414.7 396.1 391.7 410.8 430 450.8 469.9 480.2 492.4 499.6 504.3 503.4 494.9 485.6 468.5 445.3 423.1 395.3 376.4 355.9 338.8 321.4 311.2 304.1 292.2 295.6 296.9 300 302.9 306 306.6 309.8 323.1 335.4 350 362.3 376.9 390.5 401.1 411.9 421.4 435.4 448.8 461.1 473.1 483.7 490.8 497 495.1 493.1 489.6 487.7 486.1 482.4 477.9 473.4 467.2 462.2 456.7 454.9 458.7 466 475.2 476 475.5 472.2 466 454.7 446 441.3 437 446.9 463 473.8 483.5 489.9 490.9 489.3
404.2 388.3 386.6 406.1 423.2 440.2 457.5 469.2 479.7 489.1 497 495.2 489.4 477.8 456.4 431.4 407.5 385.8 365.3 348.9 329.4 315.7 306.3 300.5 296 297 297.8 301.5 304.2 308.1 310.5 311.5 315.7 331.1 342 354 367.7 379.5 390.6 400.3 409 421.5 432.5 444.9 457.2 470.3 482 489.9 493.5 496.4 497.5 498.3 497.4 493.6 489.9 485.4 476.9 469.2 460.1 462.9 471.1 479.5 484 484.3 486.4 481 474.3 465 454.8 449.8 445.1 451.7 465.6 477 486.6 494.7 497.5 492.8
