data/330000-790000.asc
ncols 200
nrows 200
xllcorner 330000
yllcorner 790000
cellsize 50
[rows 105 to 139 of 200, columns 0 to 77 of 200]
488.5 465.6 447.8 432.9 422.7 400.6 381.9 364.3 349.3 334.4 316.7 301.7 290.2 286.6 280.1 276.7 275.5 275 275 272.8 272.2 270.7 268 265.3 264.4 263.8 261.9 261.5 257.9 259.3 260.9 261.6 262.7 265 268.3 267.8 268.4 269 268.9 267.6 265.1 263 261.9 265.4 274.2 283.8 294.3 307.1 321.9 340 366.6 391.6 411.5 423.5 436 439.9 435.9 426.4 411 399.2 388.4 379.3 371.8 362 349.7 345.6 332.4 322.8 315.2 308.6 301.1 292.3 286.7 279.7 275.4 271.6 267.9 264
488.1 466.7 448.6 441.3 432 406.4 388.8 370.6 354.9 339.9 323.1 307.4 297.9 289.8 282.6 279.1 278.1 275.7 273.3 271.9 270.8 269.2 268.2 265 263.9 263.3 261.8 261 264.1 263.2 262.9 262.9 266.6 268.9 271.1 274.7 275.9 276.8 276.3 271.5 266.1 262.6 262.4 267.1 274.3 284.2 295.9 310.3 325.5 342.8 368.3 391.9 410.2 422.9 431.8 434.2 431.2 413.5 403.9 394.3 385.8 377.9 369.9 353.7 349.9 344.1 331.9 325.9 317.3 307.3 299.5 291.8 286.8 282.7 279.5 275.9 273.2 270.5
473.1 459.8 447.9 445.9 435.4 411.5 397.3 377 359.8 343.9 327.6 314.1 304.1 296.4 290.9 287.4 281.3 274.5 272.4 271.3 269.9 268.8 266.1 264.8 264.8 265.3 265.1 264.4 264.5 265.2 265.6 269.2 273.7 276.2 279.7 281.8 283.3 284 281.3 275.1 268.5 262.5 264.2 266.4 275.7 287.6 301.1 315 330.4 347.4 369.7 393.8 409.6 422.6 428.7 431.1 420.5 404.1 397.4 390.7 383.2 373.4 362.1 351.9 349.4 341.4 331.5 323.9 316.8 308.1 300.7 295.1 290.6 286.7 284.2 281.4 279.6 277.9
460.5 447.8 441.7 436.5 429 410 394.5 376.3 359.6 345.1 329.3 318.5 310.3 301.5 294.2 288.3 282.5 275.5 272.4 271.9 270.5 268.9 267.5 266.8 268.7 268 267.4 268.6 268.2 270.5 272.9 277.3 281.2 284.7 288.4 289.5 289.6 288.9 283.8 276.7 269.3 264.3 265.6 268.8 280.5 293.4 307.1 321 336.1 352.2 372.2 394.4 409.9 420.4 426.5 422.6 408.7 399.4 393 386.3 376.9 366.9 359.1 352.2 348.4 339.1 331.9 323.5 317.7 310.8 304.7 301.8 297.8 293.9 291.5 288.8 286.9 285.7
450.2 439.8 432.3 427.2 418.7 405.4 390.9 375.7 359.2 344.6 329.2 316.7 309 301.5 296.1 289.4 282.7 278.5 274 272.2 270.9 270.4 270.3 270.6 272 271.8 270.9 272.5 274.8 277.3 281.1 285.7 289.4 293.7 295.6 296.8 296.1 290.2 283.1 274.6 268.3 265.5 266.5 270.9 284.8 298.9 312.8 328.3 344.6 360.9 378.2 395.5 409.9 419.8 420.7 412.2 403.4 394.3 388.7 381.9 370.3 364.2 356.7 351.2 344.5 338.1 333 328 319.8 313.7 311.7 309.5 305.8 303 300.1 297.1 294.4 296.1
447.6 437.5 428.5 422.8 413.6 402.5 387 371.9 356.6 347.9 333.5 324.3 315.9 307.7 301.1 293.8 285.4 281.8 277.6 275.1 274.3 274 274.2 274.8 275.3 275.5 275.2 277.4 281.3 284.6 289.7 295.3 299.5 303.5 306.5 306.9 300.3 291.9 282.3 273.4 269.3 267.9 266.8 273.6 289.7 304.7 320.2 337.8 355.7 370.9 386.6 398.5 408.7 417.6 411.6 404.5 397.4 389.1 381.8 375.4 367.6 358.1 354 345.4 344.2 342.3 339.7 335.4 327.7 324.5 324.1 320.8 317.7 315.7 313.4 309.8 308.6 309.6
447.9 438.9 430 422.8 414.3 399.9 390.5 377.4 363.4 353.2 339.6 327.8 322.2 309.9 303 298.8 291.4 284.7 281.3 279.3 278.2 277.7 278.1 278.5 278 279.6 281 284.2 288.5 294.2 300.8 309.2 317.5 321.5 319.1 313.7 301.1 290 280.8 275.6 271.3 269.3 267.9 277.1 296.4 313.2 329.4 350.6 369.5 381.9 396.3 403.8 407.6 408.6 403.6 397.6 391.1 382.6 377.3 370.7 362.6 358 351 351.1 350.3 349.2 346.4 343.3 337.9 334.9 334.2 335.1 331.3 330.6 329.4 325.3 324.3 322.4
449 441 434 428.1 419.6 409.2 397.3 385.6 371.7 359.5 346.7 333.7 325.4 315.8 307.4 301.6 293.5 288.8 286.3 285.1 283.2 282.7 282.7 282.8 282.5 285.2 289.3 293.2 299.2 306.7 316.3 325.3 331.1 329 322 311.1 300.4 290.3 282.1 277.7 273.7 270.5 268.1 281.6 302.4 321 340.6 364 379.7 391.4 404.1 407.8 407.9 404.1 399.2 395.2 389 382.8 374.9 370.2 361.3 358 359 358.3 357.4 356.5 353.5 353.4 350.9 350.2 348.6 349.8 348.1 347.2 344.2 340.7 339.4 335.3
455.7 450.1 443.4 439.2 429.8 418.8 408.2 396.2 382.6 370.2 355.8 343.4 332.7 321.9 314.3 306.4 300.2 296.7 294.2 291.8 290 288.7 288.9 289.2 289.9 294.9 300.8 306.2 313.3 323 332.9 335.8 334.8 329.7 321.7 309.8 299.8 289.8 283.1 279.2 275.5 274.9 270.7 286.7 308.5 326.9 349.9 373.8 390.3 404.9 415.4 418.7 411.6 405 400.1 394.4 385.1 379.7 374.8 366.8 362.9 366.4 367.2 366 365 364 365 365.5 365.4 365.4 365.6 366.3 365.9 362.8 359.3 356.1 353.2 348.2
464.4 463.2 459.7 451.6 444.6 429.7 418.9 407.9 393.7 381.5 367.8 353.3 341.4 332.2 322.9 316.1 310.3 304.1 301.9 298.5 298 298.9 299.8 300.4 303.7 309.5 315.1 322.3 330.1 339.1 342.3 342.2 338.7 331.9 322.6 310.8 300.7 292.6 285.4 280.6 277.3 277.1 273.3 293.4 312.9 334.2 359 381 394.9 406.2 418.8 420.9 409.6 404 398.2 388.9 382.8 381.7 373 367.8 371.2 375.2 377.7 378 378.5 378.3 378.2 378.3 378.3 380 382.6 383.1 378.9 376.8 374.7 371.4 365.7 358.7
474.8 477.8 484.3 464.7 454.3 441.3 428.7 417.7 403.6 390.2 378 365.2 352 344.3 331.8 325.3 320.8 313.4 310.9 308.1 307.7 309.6 311.6 314.7 319.4 324 330.6 338.9 344.1 347.1 348 347.2 341.9 334.2 324.9 314.3 302.9 294 288 282.2 279.3 275.6 276.6 298.8 319.1 340.3 363.9 381.1 392.2 402.2 409.7 407.3 402.5 397.1 392.1 390.3 385.6 380 375 374.2 380 385.1 388 393.3 394.7 395.2 393.4 393.5 394.7 398.2 394.8 396.1 392 389.4 386.4 380.8 372.5 363.6
490.1 494 490.4 480.1 461 447.2 436.9 425.9 411.1 397.1 385.5 374.9 365.2 355.6 342.2 333.6 329.8 322.4 319.7 318.7 318.1 319.8 323.7 327.1 331.2 335.2 342.6 348 351.5 353.7 353.5 350.9 344.7 336.1 326.5 316.1 305.5 295.6 289.1 283.5 282.8 275.8 277 299.9 321.5 344.1 361.6 376.2 385.8 394.9 397.8 395.4 394.8 389.1 391.1 390.9 385.1 379.8 378 382.9 388.2 395 401.9 406.4 409.1 408.7 407.4 407 408.5 410.5 408.6 409.5 402.5 396 391 383.4 373.9 364.1
497.6 500.5 494.3 485 467.5 455 444.8 432.9 417.7 403.4 391.6 383.4 373.6 362.7 350.4 341.4 336.1 333.1 329.1 328.7 328.5 329.9 332.6 336.8 341.3 346.1 350.6 355.2 358.7 359 357.2 353.6 346.9 337.7 328 318 308.1 298 290 285.6 282.3 273.5 280 300.1 322.4 340.2 353.4 366.3 375.9 381.5 386.2 386 390.4 386.4 390.7 389 384 382.3 385.5 390.9 397.3 404.7 412.3 419.7 423.1 422.4 421.1 421.2 422.2 421.3 420.3 416.3 408.6 397.2 388.1 380.1 371.9 361.9
496.2 502.3 503.4 490.7 475.2 460.1 450.3 438.2 423.7 409.7 399.7 390 382.4 371.9 361 352.2 342.7 341.4 338.2 337.7 337.8 339.6 343.9 347 351.1 354.8 357.6 361.8 363.3 362.8 361.1 356.5 348.3 339.3 329.6 319 309 300.3 293.2 288.9 284.5 275.8 280 297.4 317.2 331.3 341 354.1 364.2 369.6 372.3 376.2 378.3 380.4 385.4 384.7 385.5 388.9 389.1 391.7 402.4 412.5 422.4 433.6 439.5 437.9 434.5 432.8 430.9 426.9 423.2 415.6 405.7 393.7 384.6 376.3 368.1 359.7
502.8 511.1 511.9 494.7 476.6 458.5 448.4 439.5 426.7 414.5 404.4 395.2 385.1 373.5 367.7 360 351.4 348.1 346.5 346 348 350.7 353.3 356.1 359.3 362.3 365.2 367.2 368.8 367.7 365 358.4 349.3 339.5 328.9 319.2 309.4 302.3 295.9 291.2 286.6 278 277.2 291.9 308 322.1 333.1 342.4 350.9 358.1 363.3 366.7 369.4 373.9 380.8 384.3 391.4 392.5 397.6 400 409.4 420.4 433.9 445.9 449.2 447.2 442.6 437.5 433.7 428.5 419.9 410.5 400.9 390.4 380.8 371.5 360.7 351.1
506.4 514.7 517 505.9 478.7 457.3 445 437.3 427.3 416.5 406.5 398.2 388 375.2 370.2 361.4 358.7 356.7 354.6 355.8 357.9 360.1 361.7 364.2 366.8 369.6 371.8 373.7 374.2 372.8 368.4 360.3 349.4 337.8 328 320.7 312 305.8 299.2 292.6 288.1 282.4 279.1 287.8 301.6 314.8 325.9 334.2 341.6 349.9 356.8 358.9 361.6 366.4 377 384.8 392.8 398 405 409.2 417.6 429.7 442.8 451 452.7 449.6 444.4 437.9 432.7 424 415.4 405.1 395.3 385.3 371.4 360.8 350.1 341.4
511.9 518.6 521.5 510.9 480.8 461.9 443.3 434.8 426.7 415.4 405.2 397 388.1 382.3 376.3 369.1 366.1 364.4 363.8 365.2 367.8 368.6 370 372.1 374.6 376.8 379.1 381.8 381.9 378.8 371.9 361.1 349.6 340.8 330.8 322.5 314.5 306.7 299.3 293.5 288.7 284.5 280.5 288.3 298.5 307.7 317.9 327.8 336.5 344.1 349.7 352 355.9 362.7 374.4 386.4 399.4 405.9 411.5 418.8 426.4 438.2 449.9 454.6 451.8 448.2 441.4 435.4 428.4 419.3 410.4 399.2 387.6 373.7 360.4 349.8 340.2 331.3
514.5 517.4 521 513.2 480.5 461.7 445 434.8 425.8 415.2 404.2 396.5 389.9 387.9 381.6 378.5 374.2 373.1 373.6 374.4 375.6 376.5 377.4 379.4 382.4 384.9 389.5 391.7 390.4 383 371.9 361.6 351.4 342.6 333.7 325.4 316.1 306.7 299.4 294.3 289.5 284.5 282.1 291.2 296.8 303.8 312.7 323.3 331.2 336.9 342.6 346.5 353.8 364.7 373.4 389.3 402.9 413.8 418.3 426.4 434.1 442.9 447.5 451.1 448 445.1 439.6 430.5 422.4 415.2 404.6 391.1 377.3 362.9 349.6 339.1 329.7 323
517.2 514.3 513.6 511.2 480.9 461 447.2 437 425.5 415 404.8 398.2 392.7 389.5 387.5 384.9 382.4 382.6 382.7 382.1 382.6 382.9 384.5 387.2 390.2 395 402.2 403.9 399.5 388.9 377.4 366.3 356.9 347 337.5 328.6 318.8 309 300.8 295.1 289.6 283.3 287.1 292.3 297.6 303.5 310.4 319 324.2 329.8 335.9 341 350.5 362.9 375 390.6 405.3 416.4 425.5 435.2 441.8 441.2 440.7 443 443.8 439.8 433.7 424.2 416.5 408.3 393.4 379.8 365.1 351.6 340.9 330.9 324.7 322.6
519.9 515 510.7 505.1 484 459.2 446.2 436.5 425.2 416.5 407.5 402.4 398.5 395.1 393.2 391.3 390.3 390.1 389.3 389.4 390 390.6 392.1 395 398.9 407.1 414.8 415.6 407.6 396.4 382.7 371.5 361.9 353 343.9 334 324.4 313.8 304 296.2 289.6 281 286.2 291.8 297.2 302.8 308.8 315.6 320.2 325.1 330.8 337.4 347.8 360.5 373.4 388 403.2 417.2 433.6 444.5 445.2 440.2 436.6 438.8 437.3 432.8 426.7 418.7 411 398 383 368.5 353.7 339.4 332.8 328.3 322.8 319
526.3 514.1 505.3 496.7 478.9 459.2 446.9 436.7 426 417.5 411 406 403 402.1 401.5 401.5 398.8 397.1 396 396 396.5 397 399.1 402.3 409.7 418.8 424.8 424 413.5 400.5 388.3 380.1 371.2 361.4 350.5 339.6 328.4 318.2 308.2 298.4 290.8 285.6 287.1 291.5 296.2 301.7 307.6 313.1 317.3 323.3 329.9 337.2 346.5 359.5 372.3 386.8 403.4 420.5 438.8 445.3 442 438.4 435.9 434.3 429.2 423 418.4 406.7 395.5 383 372.2 359.2 343.7 333 331.4 324.1 318.7 315.8
528.8 520.7 506.2 493.6 478.7 462.4 449.4 438.1 431.2 423.5 417.2 414.5 414.3 414.7 414.2 412.9 409.7 406.3 403.7 404.4 404.7 403.6 409.3 416.7 422.8 429.3 429.6 423.5 414.5 405.6 397.4 389.2 379.1 366.1 352.1 339.3 328.7 319.8 311 302.2 293.8 286.8 285 289.7 294.8 300.5 306.5 311.7 316.5 322.8 329.5 337.5 346.2 358.1 371.5 385.5 402.6 421.3 439 445.2 443.8 441.3 438.2 430.8 423.9 416.4 410.4 399.3 382 369.7 360.7 344.5 331.8 328.3 324.3 320.4 316.5 314
524.5 528.7 514.7 498.9 485.5 471.7 457.1 447.4 439.8 433.9 429.2 427 426.3 425.3 425.3 425.1 422 419.6 417.2 417.3 418.1 420 423.8 430.7 434.9 435.2 431 423.5 417.4 412.2 404.7 386.9 373.1 359.3 347 335.5 325.1 317.7 309.5 301.1 294.5 289.6 286.6 288.5 293.7 299.4 305.6 312.3 317.3 323.6 330 337.7 346.7 357.6 370.9 384.3 399.8 419.6 436.2 445.8 447.2 442.9 436.5 428.9 419.2 410.1 400.1 389 372.5 360.8 348.1 333.2 326.5 323.2 319.5 317.2 314.8 312.1
510.7 521.4 521.4 513.5 502 489.8 467.9 460.2 452.4 445.7 442.4 438.1 433.2 432.1 432.6 435.5 435.3 435.4 436.3 438 438.3 437.6 439.2 439.2 440.5 436.5 429.2 422 415.7 405.7 390.3 375.4 361.4 350.6 339.9 331.5 322.5 315.3 308.9 301.3 294.8 291.3 285.1 289.7 293 299 306.1 313.5 319.4 325.1 331.5 339.6 349.2 359.2 370.2 383.6 397.6 415.8 432.7 445.6 447 442.8 437.7 428.4 416.9 403.5 390.4 377.6 362 346.6 335.2 329.4 323.4 322 318.3 316.6 314.1 311.4
498.1 513.4 524.2 527.9 520.2 514.5 483 472.1 464.9 456.4 454.1 449.9 447.1 447.4 449.7 451.7 454.7 455.9 456.5 455.8 456.3 453.4 448.7 442.8 439.3 430.5 421.6 412.9 403.1 391.9 376.3 364.1 353.9 344.6 336.1 328.7 321.1 314.7 308.2 301.4 294.8 288.3 290.7 291.3 298 299.1 306.7 313.9 321.3 327.1 333.3 341.8 350.2 358.9 371 383.4 396.4 412.9 430.1 442.2 448.2 446.4 441.4 430.7 416.7 400.6 385.8 372.5 357.2 342.2 333.7 330.1 326.3 320.2 317.8 316.2 313.5 310.6
492.7 506.3 519.4 528.1 529.3 527.8 505.9 491.9 482.9 477.5 477.6 470.9 463.8 462.8 465.2 465.6 466.9 468.2 469.6 470 466.4 461.2 453.4 444.2 435.8 427.4 414.3 402.3 389.8 379 367.7 356.5 349 342.4 336.4 330.2 322.7 315.7 308.3 300.8 293.7 290 295.1 292.9 300.6 307.9 307 314.3 321.7 329 335.5 343 351.3 359.8 371.9 384.3 396.9 412.3 430.4 441.5 449.1 449.1 443.6 431.5 416.5 399 382 367.7 351.2 342.4 335.1 328.3 322.5 319.7 317 315.3 312.6 309.8
489.9 504.3 518.1 526.3 532.8 532.2 527.5 511.9 499.7 488.5 485.2 480.3 476.7 473.6 473.9 471.7 472.1 472.2 473.9 473.3 469.3 463.6 455.9 443.9 433.9 422.5 408.3 395 383 372 361.6 352.8 346.3 341 335.8 328.2 320 313.1 305.5 298.7 292.1 294.7 298.6 294.3 304.9 311 313 314.9 324.3 332.4 339.3 346.4 353.4 361.4 373.4 385.7 399 416.2 433.1 443.2 451.7 450.6 443.9 430.5 412.1 390.7 372.1 357.4 347.9 338.5 331.8 326.8 321.9 319 316.5 314.2 311.8 309.3
486.6 500.9 514.2 524.1 532.8 534.3 532.4 531.4 519.3 495.8 486.4 480.8 476.2 471.1 470.1 468.7 468.4 470.3 471.3 470.2 465.9 461.3 451.7 443.5 431.9 416.5 403.2 391.2 379.9 367.9 357.7 350.1 343.9 338.5 329.6 321.8 313.7 306.8 300.1 293.5 292.7 298.8 301.6 298 310.9 311.6 312.9 320.8 329.6 335.8 341.9 349.4 356.9 364.7 377.1 389.8 405.6 421.3 436 447.3 454.3 453 443 423.7 402.9 382.2 364.9 354.1 344.7 336.5 330.1 325.9 321.4 318.3 315.4 313.4 311.3 308.9
481.1 496.1 509.8 523.4 536.2 539.3 533.8 524.9 509.8 489.5 477.8 472 467.5 464.7 462.6 459.9 459.1 460.4 460.3 459.7 458.8 455.8 449.8 439.7 427.8 410.2 398.2 386.9 375.2 364.1 355.1 347.5 340.4 331.5 322.5 313.9 305.5 299.6 295.4 292.4 296.9 302.3 300.2 304 313.8 315.4 320.3 328.1 335.2 339.8 345.9 353.5 360.9 369.5 382.4 395 413 427.3 438.9 448.1 451.5 448.7 428.1 408.3 389.4 378.3 365.3 353 342.8 333.6 328.3 323.4 319.9 317.1 314.6 312.9 310.5 308.4
477.9 493.3 508.8 522.2 534.7 538.1 529.7 510.9 495.4 480.7 469.7 462.1 457.5 454.3 451.1 447.9 445.7 446.9 448.9 452.6 455.1 450 442.5 435.5 419.5 403.7 392 380.7 369.6 359.8 350 341.3 332.5 322.8 313.7 305.3 299.3 294 293.4 295.6 301.1 305.2 301.5 311.1 317.3 320.9 327.7 335.3 340.4 344.8 350.7 357.2 364.4 375.5 388.7 402.4 421 433.6 442 443.8 439.9 423.8 410.2 401 390.6 378.5 367.5 356.1 341.9 332.2 324.6 320.6 317.1 314.5 313.4 313.1 310.7 308.3
475.7 491.5 506.2 518.5 526.8 529 522.3 505.3 487.6 473.3 461.1 451.8 445.5 442.2 439.5 436.8 435.2 435.5 436.6 439.8 442.9 440.9 435.7 426.2 409.9 396.7 385.3 372.1 361.7 351.4 341.3 332.3 323.7 314.5 306 299.8 294.7 294.2 296.1 298.6 302 303.6 306.6 317 322.1 328.2 335.1 341.7 345.4 349.8 355.9 361.4 370.8 382.9 394.4 411.5 431 442.9 445.3 435.8 430.7 417 404.5 397.1 389.5 380.6 371 358.8 343.7 331 322.6 316.7 314.4 313.9 313.8 313.3 310.8 307.2
473.7 489.9 502 514.9 522.1 524.6 520.2 509.2 489.7 467 451.6 443.1 436.8 431.9 428.8 426.2 424.7 424.2 425.2 427.2 430.5 430.8 425.5 414.1 399.6 386.3 373.2 361.9 352.8 343.8 334.5 325.3 316.5 308.6 301.4 296.1 294.1 295.4 297.1 301.8 306.7 311.4 314.1 322.9 330.6 336.5 342.8 347.4 351.3 355.3 360.7 367 376.8 387.9 400.8 419.2 436.6 448.4 448.9 440.2 428 416.4 405.8 397.8 390.5 383 370.6 356.1 342.2 332.7 324.6 321.3 319.2 318.3 317.3 313.9 310.8 306.5
471.8 487.6 498.7 510.9 518.3 521.5 517.8 506.8 486.6 464.6 446.5 436.7 429.4 424.3 420.2 416.6 415.4 414.1 413.8 416.1 418.3 416.4 410.7 399.7 386.5 373 360.8 353.6 345.2 337.3 328.1 318.9 311 304.2 298.8 294.1 295.6 297.7 302.8 306.8 315.2 319.2 321.1 330 338.4 344.2 349.9 354.3 357.9 361.7 366.8 373.1 381.7 392.2 407.9 425.4 442.3 455 460.1 452.7 434.2 418.4 408.5 400.6 393.3 381.8 367.2 354.4 344.4 337.4 329.5 325.3 324 321.5 318.9 316.2 313.5 311
469.6 482.7 494.7 505.8 513.8 515.7 512.2 505.9 486.4 463.1 445.5 431.5 422.1 416.3 412.2 409 406.2 404.9 403.5 403.7 405.7 402.6 395.5 387.4 374.6 363.3 352.3 345.7 339.3 331.5 322.1 313.5 306 301.3 296.6 295.5 298.8 302.3 305.5 306.3 312.8 321.4 328.2 337.3 345.5 352 358.4 363.6 367.2 369.2 373.8 380.6 389.4 400.8 415.4 431.3 447.1 462.1 466.1 460 438.3 419.6 409.9 404.2 391.6 378 365.2 354.9 346.6 338.9 332.4 326.9 324.9 322.8 320.2 317.5 316.5 316.6
468.1 480.2 491.4 501.6 510 512.7 507.9 496.6 481.7 463.1 441.9 427 417.1 408.6 402.9 399.3 396.3 394.9 394.6 394.4 393.3 388.5 383.2 378 366.8 356.3 346.4 338.9 333.3 326.8 316.9 309.8 303.5 298.9 296 299.5 304 307.4 309.7 309.4 314.4 326.1 336.2 345.7 355.4 364.8 370.5 374.2 378.7 382 386.2 392.8 400.6 409.9 422.6 435.7 450 464.3 469.5 458.9 438.1 421.8 415.8 403.9 387.8 373.8 362.4 353.3 346.1 340.7 334.7 329.2 325.8 323.8 321.5 320.9 320.8 321
