data/330000-820000.asc
ncols 200
nrows 200
xllcorner 330000
yllcorner 820000
cellsize 50
[rows 70 to 104 of 200, columns 0 to 77 of 200]
557 553.2 551.4 554.1 556.1 559.7 562.9 566 568.6 570.6 571.2 571.7 571.5 569.9 570.7 573.5 575.8 579.1 579.3 578.4 577.1 574.1 569.3 561.8 554.4 547.2 539.1 531.8 526.1 520.5 514.8 508.1 501.1 495.8 490.3 484.5 478.1 470.6 463.4 457.4 451.7 446.4 442.5 438.8 434.9 431.8 429.4 426.7 423.6 423.8 424.4 423.4 422 420.7 418.6 416.8 415 413 410.8 405 402.6 411.1 416.1 421 426.8 432.2 438.3 446.1 454.2 462.4 468 472.1 475.1 478.5 483.4 489.3 498 504.1
551.5 549.4 548.5 550.1 551.9 554.8 558.1 560.6 562.7 564.8 564.9 564.7 563.9 562.4 563.2 566.1 570.5 573.5 574.8 575 574.2 570.4 565.2 559.1 552.3 544.6 536.3 530.8 525.8 519.8 513.3 506.6 500.8 494.9 489 482.3 474.7 467.1 460.4 454.3 449.1 445 441.3 437.9 434 430.8 428.4 427.2 426 425.7 425.1 423.7 422.3 420.8 419 417.2 415.4 413.2 411.1 404.8 404.1 411.2 417.3 423 430.2 436.5 443.6 451.5 459.5 468.1 473.8 478 482.6 487.4 491.4 496.6 501.8 506.5
548.1 545.9 544.8 545.5 547.4 550.2 552.2 554 555.9 558 559.2 557.4 555.7 554.2 556.2 560.7 566.2 570.2 571.8 571 570.6 567.1 561.8 556.8 550 540.9 534.8 529.7 523.7 518 511.1 504.3 499.1 493.5 486.4 478.9 471.2 463.8 457.5 451.8 447.7 444.2 440.2 437.3 431 429.2 428.3 427.9 427.2 426.5 425.4 424.1 422.8 421.3 419.5 417.6 415.8 413.1 408.4 403.7 404.1 410.8 417.3 424.3 431.4 438.6 446 454.7 463.8 472 478.6 484.3 489.3 494.1 498.5 502.7 506.8 511
550.3 546.6 542.2 542.2 541 544 544.8 547.5 549.4 550.3 549.3 548.6 545.8 547 551 556.2 562.2 567.6 569.8 569.6 569 564.6 559.8 553.6 546.3 539.9 534 529.5 523.4 515.7 509 502.3 496.3 489.3 481.8 474.5 467.3 460.7 454 449.3 445.7 442.8 439.7 435.4 429.7 429.2 428.8 428.4 427.7 426.7 425.6 424.4 423.1 421.9 420.1 418.2 415.8 412.7 407.2 404 405.3 410.3 416.4 424.2 431.3 438.5 446.4 456 465.2 473.5 482.4 489.2 494.7 499.6 504.1 508 511.5 514.8
554.4 551.6 548.5 544.5 541.3 531 535 538.8 541.3 541.3 541.3 536.7 536.8 541 546.4 552.2 558.4 565.4 569 569 566.5 562.5 557.6 551.3 545 539.4 534.5 528.3 521.1 512.9 505.8 499.3 492 484.9 476.2 469.2 461.9 455.3 450.8 447.4 444.7 441.4 437.5 433.9 430 429.6 429.1 428.6 428 426.9 425.8 424.6 423.5 422.2 420.6 418 415.4 410.5 406.9 405 409.1 409 412.8 421.8 429.8 437.8 446.1 455.4 466.1 475.2 485.4 492.8 499.4 504.6 509 512.7 515.7 518.6
558.1 555.2 552 549.3 546.5 541.9 532.4 523.4 524.9 528.2 528.4 525.3 529.9 536.8 543.1 550 556.3 563.8 568.1 568.5 565.4 561.1 556 548.9 542.9 538 532.8 525.6 517.4 509.5 502 495.2 488 479.2 469.3 461.7 455.4 452.2 448.4 444.8 443.6 440.7 437.4 433.7 429.9 429.3 428.7 428.1 427.5 426.5 425.5 424.5 423.6 422.4 420.2 417.4 414.9 408.2 406.5 405.9 406 413.6 412.9 415 424.9 434.6 444.2 453.9 464.7 475.6 486 494.4 501.7 507.6 512.2 515.7 518.2 521.1
562 559.6 556.4 553.5 550.3 546.5 542.1 535.4 527.8 515 515.8 514.5 522.2 531.7 539.6 547.5 555.4 562.5 567.2 567.1 564 559.8 555.1 549.2 543.9 538.4 532.3 524.1 516.6 508.9 501.2 494.1 485.1 477.8 472 465.8 460.8 456.1 452.2 448.3 444.1 440.7 437 433.6 430.3 428.6 428.1 427.4 426.8 426.1 425.2 424.3 423.1 421.5 419.3 416.9 410.7 407.3 407.3 407.8 414.3 418.8 420.7 420 420.3 426.8 440.4 451.8 463.2 474.4 484.2 493.6 501.7 507.9 512.8 516.1 519.1 522.2
566.3 563.3 560.4 557.6 554.2 549.8 545.6 540.8 534.4 525.2 515 510.1 514.3 528.6 537.1 544.3 552.7 561.7 565.7 565.5 563.2 560.1 555 550.9 545.9 538.7 531.1 523.1 517 510 503.2 496.4 489.4 482 475.4 468.9 463.6 458.3 453.7 449.6 445.2 440.8 435.5 433 429.4 427.7 426.1 426.4 426 425.8 425.1 424 422.9 420.7 418.3 415.7 410.2 408.5 409.2 414.9 419.7 423.6 426.8 429.4 428.2 424.8 432.3 448.2 460 471.2 481.2 490.4 498.8 505.9 510.5 514.7 518.3 521.6
569.4 566.2 562.9 560.2 556.7 551.8 547.3 542.6 537 529.7 521.1 513.6 506.2 525.5 534.7 541.4 550.3 559.8 563.9 564.2 563 560.8 558.1 552.4 546.8 537.7 530.3 523.6 517.5 510.9 504.6 498.1 491.4 484 477.2 470.8 465.5 460.8 455.3 450.1 445.2 440.2 434.2 431.7 429.4 428 425.8 424.9 425 425.1 424.7 423.9 422.2 419.9 416.4 410.3 408.9 409.3 413 419.7 426.3 431.3 435.5 439.5 441.6 433.5 430.1 442.7 456.3 466.9 476.9 486 494.1 501 507.2 511.5 516.2 521.1
572.5 569 565.5 562.4 557.4 552.7 548 543.4 537.2 529.4 521.8 513.1 503.4 521.9 532.4 539 550.4 557.6 561.3 563.5 564 562.6 560.7 555.1 548.3 538.8 531.2 524.3 517.9 511.7 505.9 499.5 492.9 485.7 478.4 472.3 467.4 462.5 456.6 451.1 445.5 439.6 433.4 430.7 429.1 428 426.9 425 424.7 425.3 424.1 422.9 421 418.3 411 409.9 409.5 414 418.8 426.6 433.3 438.5 443.6 447.9 450.3 445.3 437 436.2 451.7 462.5 472 480.8 489.3 496.1 502.8 508.2 514.3 520.9
576.1 571.5 568.1 563.6 557.4 552.1 547 542.7 535.9 527.7 521.4 511.3 499.6 518.8 530 538.4 548.5 555.3 559.1 563.2 564.9 564 562.6 557.4 547.9 538.4 531.5 525.4 518.7 512.6 507 500.6 493.6 486.1 479.5 472.9 468 462.6 457 451.2 445.2 438.9 431.6 430.2 428.7 427.5 426.3 425.2 422.8 425 423.7 421.5 416.1 410.7 410.5 410.1 411.8 418.1 427.3 434.9 440.9 446.1 451.5 455.7 458 456.5 450.2 441.2 443.1 457.9 467.5 476.2 484.7 492.2 498.8 505.1 511.5 520
577.4 572.5 568.3 563.4 555.9 550.2 545.7 540.5 533.1 526.2 519.7 511.8 496.1 516.1 528.1 539.2 548.1 552.8 558.6 562.8 565.1 565.2 563.6 555.9 546.4 537.6 531.7 524.9 518.4 513 507.1 500.5 493.8 486.2 480.3 473.6 468.3 462.7 457 450.9 444.7 438.7 431.9 429.7 428.2 426.9 425.6 425.5 420.2 417.3 418.8 415.7 411.8 412.1 411.1 412.5 417.4 425.7 434.5 440.6 447.4 454.2 459 462.6 464.7 464.8 462.1 451.1 443.6 451 463.5 472.7 481 488.5 495.6 502.8 510.9 520.2
577.5 572.3 567.6 562.2 555.1 547.6 542.6 536.9 530.2 524.2 518.1 509.6 493.9 511.9 526.4 539.5 546.9 552.1 557.5 562.3 564 564.2 561.9 553.9 544.3 535.7 530.3 524 518 512.6 506.2 499.6 493 485.9 479 473.6 468.6 461.8 455.9 449.7 443.7 437.6 432.9 430.3 427.9 426.4 420.1 419.1 417.3 415.6 414.5 413.6 412.2 412.4 414.8 418.1 424.6 434.8 441.2 447.5 455 460.3 465.2 469.1 471.2 471.3 469.8 464.4 453.5 451.1 460.5 470.4 478.1 485.9 493.7 501.8 510.6 520.3
576.2 570.9 565.9 559.9 552.1 544.2 539 533.4 527.3 522.2 514.2 508.7 493 507.1 524 538.4 544.9 550.4 556.8 560.5 561 561.1 557.9 549.6 541.2 532.8 527.7 521.8 516.7 510.5 504.1 497.4 491.1 485 479 473.4 467.7 461.2 454.5 447.9 441.7 436.1 432.6 429.5 425.9 423.3 419.3 419.1 422.4 419.1 417.7 414.2 414.1 415.8 419 426.1 433.8 440 446.1 453.6 460.7 466.2 470.8 475.3 477.3 476.9 474.8 471.7 466.1 456.8 457.3 469.6 477.5 485.1 493 501.4 510.2 519.9
573.4 567.2 562.4 555.6 548.2 541 535.1 529.2 524.4 519 511.6 506.6 495.2 502.9 523.4 536.4 542.9 548.9 554.9 557.2 557.6 556.4 551.5 544.2 536.1 529 523.3 518.9 514.1 507.9 501.9 494.6 488.1 482.5 475.6 470.7 465 459 452.4 445.9 438.6 433.9 431.4 423.5 423.1 421.2 421 423.3 422.8 421.2 418.5 414.8 415 417.3 426.5 432.8 438.4 444.4 451.6 459.2 465.8 472.4 478.4 482.1 483.1 482 479.9 476.2 472.4 464.8 459 468.5 477.4 485.2 493.4 501.4 509.9 519.5
569.4 562.9 557.8 549.1 542.6 536.8 530 524.3 520.4 515.5 509.8 504.4 491.6 501.5 522.1 533.5 539.8 546 551.6 552.2 551.8 549.4 545 538.2 530 523 519.1 514.7 510.1 504.3 498.6 491.6 484.6 479.1 471.7 466.2 460.9 454.3 447.4 435.4 433.4 431.6 426 423.8 424.3 421.2 425.2 424.5 422.7 420.8 417.7 416.4 420.6 426.3 432.1 438.1 442.5 447.9 455.2 463.5 470.4 478.9 485.4 488.5 488.8 487.3 484.1 480.5 477 472.7 467.4 469.4 477.3 485.9 493.9 501.6 511 521
564.5 558.9 552.8 545 537.9 532.6 525.5 520.3 516.9 512.8 507.8 502.6 487 499.3 518.1 528.2 534.7 540.8 545.4 545.3 544.7 541.5 537.1 530.5 523 517.8 514.2 509.7 504.9 499.9 494.1 486.3 480.3 475.2 467.4 461.6 453 439.2 437.2 443.4 435.2 426.9 426.5 425.5 426.5 429.5 427.8 424.6 423.2 422 418.4 416.5 427.1 431.9 436.9 441.7 446.7 452.8 460.3 467.3 476.2 485.3 491.3 493.6 494.3 492.9 489.1 485.2 481.1 477.1 472.4 471.6 479.8 488 495.3 503.2 511.9 522
561.2 555.1 548.4 540.2 533.7 525.1 519.1 515.4 513.3 510 505.4 500.8 483.6 492.1 510.2 521 527.6 533.6 536.7 536.5 536.1 533 528.9 521.9 514.4 510 507 502.7 498.5 493.9 487.5 480.6 473.1 467.9 460.7 456.5 450.1 446.5 444.3 440.3 428.5 428.3 430.2 429.8 431 431 429.5 424.7 423.9 422.4 420.7 421.5 431.3 435.9 440.8 445.3 451 457.2 464.2 472 481.9 490.4 496.2 498.6 499.4 498.1 494.7 490.4 485.2 481.5 474.2 477.7 481.6 490.4 497.9 505.8 515.3 524.4
556.7 550.2 541.3 533.3 527.4 519.9 514.7 511.1 509.7 506.7 502.8 498.5 487.3 479.8 498.9 510.1 517.9 524.2 527.1 527.3 526.3 523.5 518.8 512.1 505.3 500.4 497.3 494 490.6 485.7 479 471.3 464.5 460.1 456.7 454.3 442.8 444.4 438.8 429.4 429.3 429.9 432.6 433.2 433 431.4 429.6 425.3 424.5 422.7 418.9 429.9 434.8 439 444.2 448.8 453.3 459.6 468.2 477.6 486.9 494.8 500.7 504.3 505.3 504 500.9 495.7 491.3 485.4 481.3 486 488.9 495.4 503 510.8 521.4 529.2
551 541.9 532.4 524.9 516.3 514.2 510.4 507.5 505.5 502.7 499.7 495.8 490.3 476.8 487.2 498.8 506.8 513 515.8 516.4 515.5 513 508.3 502.4 495.7 491.1 487.5 484.5 480.6 475.8 470.4 464 459.7 455.6 451.9 445.7 437.4 431.1 432 431.4 432.4 433.3 434.5 436 434.7 432 430.7 426.5 426.1 421 419.6 431.9 437.1 441.1 447.8 452.5 457.2 464.1 472.4 482.3 491.7 499.3 505.4 509.4 511.3 509.8 506.2 501.6 496.3 489.1 492 494.9 499 503.6 510 519.3 527.2 533.2
542 531.8 523.1 515.3 512.3 509.3 504.9 503.1 500.7 498.2 495.6 492.8 487.8 479 475 488.1 496.1 502.1 504.9 505.8 505.6 503.1 497.7 492.8 487.9 482.4 477.2 472.9 467 462.9 461.5 456.3 448.5 439.8 435.3 433.9 432.4 432.7 434.2 434.9 436.2 435.8 438.7 438.1 435.1 432.7 431.8 427.9 426.6 423.6 420.7 433.1 438.2 443.2 451 456.2 460.7 468.9 477.3 486.6 496.1 504.6 511 515.5 516.6 515.7 512.4 507.2 502.1 497 498.8 502.1 506.1 511.4 518.3 525.5 531.4 535.7
529.1 524.9 516.8 513.5 509.2 505.5 501.2 494.6 492.1 489.7 488.6 487.6 483.3 478.7 471 479 486 492.2 495.4 496.7 496.5 494 489.3 484.8 480.2 474.7 468.5 463.6 460 456.5 447.9 440.6 438 436.1 435.2 434.1 435.7 436.8 435.7 438.2 442.6 442.5 441.1 439.9 436.7 433.3 431.6 429 426.3 423.2 421.8 434.3 440.5 448.3 453.6 459 465.2 473.6 481.9 490.5 500 510.1 517.7 521.5 522.8 521.2 517.8 513.1 508.1 503.7 505.8 510.6 514.6 520.7 524.6 529.9 534.7 538.3
527.6 517.3 518.4 514.8 510.8 508.5 504.6 501.4 497.1 492.6 484 479.8 477 474.4 470.4 468.5 477.9 484.5 488 489.4 488.5 486.5 483.2 479.8 475.6 469.6 464.6 461.3 455.9 448 441.9 437.9 436.8 436.9 445 441.8 444 444 444.6 444.2 445.5 446.1 443.5 441.8 439.1 434.9 432.3 429.4 428.1 425.2 422.1 434.2 443.6 449.8 455.4 461.7 468.2 475.9 484.1 494.2 505.1 516.4 523.8 527.9 528.9 526.8 522.9 517.9 514.6 514.3 515.9 520.2 524.3 526.8 530.6 533.5 537.2 540.6
529.1 524.5 522 518.3 515.2 510.9 508 504.2 500.1 496.4 492.8 484.9 477.5 471.4 468.6 465.3 472.6 477.6 480.9 482.5 482.2 480.5 477.2 475.3 466.7 463.4 460.7 456.4 452.7 441.3 440 438.4 446.8 450.5 450.3 448.2 450.3 449.9 449.5 448.6 448.3 448.3 445.9 445.7 443.6 439.9 434.6 429.7 429.5 426.8 422.2 435.1 444.6 451.2 457.5 464.2 470.7 478.4 487.5 497.4 510.6 522.2 530.4 535 535.7 533.6 528.3 525.4 524.2 525.7 527.3 529.6 531.8 533.2 535.4 537.3 539.1 540.9
531.5 528.7 525.2 521.5 517.2 512 508.9 505.2 501.2 497.9 494.2 486.3 479 472.8 468.6 465.1 463.1 469.2 474.5 476.7 476.7 474.7 469.5 466.9 466.1 466.2 457 447.3 442.5 442.6 446.7 449.7 451.9 453.5 453.4 454.1 454.4 454.9 453.8 452.8 451.8 449.7 447.7 446.7 444.9 440.1 431.4 430.8 429.6 425.8 422.8 436.5 444.6 451.4 458.1 465.1 472 480.3 490 500.9 514.9 527.4 536.3 542 543.4 541.8 539.3 535.5 533.7 534.3 535.4 536.5 537.4 537.9 538 540.2 541.1 542.7
532.8 530.5 527.3 522.8 516.7 511.4 508 503.5 499.4 495.4 492.8 484.2 478 473.7 469.1 465.6 462.4 460.8 467 471 473.3 471.2 469.9 467.8 461.1 455.1 445.1 443.8 446.1 450.3 452.9 455.5 454.8 456.1 458 459.3 459.6 459.6 458.3 456.7 455 453 450.4 447.6 445.4 440.5 432.8 432.1 427.4 425 424.9 437.9 445.1 452.3 459.3 466.2 473.8 483 492.6 505.9 519.7 532.4 542.6 548.9 551.7 550.5 547.9 545.1 542.8 542.9 543.4 544.5 544.4 543.4 542.5 543 543.8 544.2
534.6 531.5 528.1 522.2 513.8 508.6 503.5 498.1 493.4 490.5 488.6 479.9 474.6 471.9 469 466.3 462 459 459.7 463.1 469.8 468.2 465 458.9 452 446.9 446.2 448 452 454.4 456.6 457.6 455.7 459.1 462.4 464.6 464 463.7 461.6 459.8 458.1 455.7 452.9 450 446.6 441.3 433.7 428 425.7 425.1 427.5 438.8 446.6 453.6 460.7 467.4 476.4 485.6 496.7 511.7 525.2 538.6 550 556.8 560.2 559.8 556.5 554.3 552.4 552 551.6 551.4 551.8 550.3 548 546 545.6 545.5
534.9 531.5 527.2 519.3 510.3 502.9 492.4 481.7 474.7 474.1 472.3 471.7 470.1 468.1 465.6 466 463.8 458.6 456.8 454.8 455.6 462.7 456.4 449.1 448.7 448.4 451 454 456.5 458.9 460.6 460.7 459.1 464 467.6 470.4 470 469 466.1 464 462.2 459.4 456.4 453.4 449.4 443.1 433.9 429.1 426.8 427 432.3 439.8 446.9 454 461.8 469.7 479.4 491.1 503.6 517.8 530.3 544.5 556.3 564.1 569 568.6 565.4 562.6 560.6 560.2 559.1 558.1 557.5 555.2 552.4 548.6 546.3 545.5
535.8 531.4 524.5 514.4 502 488.5 477.7 473.3 476.8 476.9 472.9 468.1 469 468.4 463.1 462.2 460.2 459.4 459.1 456.1 453.6 452.7 451.7 450.2 454.9 456.3 457.3 459.5 461.4 464.8 465.5 465.4 464.2 469.7 473.6 476 476 474.3 471.2 468.2 466 463.1 459.7 457.1 452.7 445.3 433 426.2 427.5 430.9 434.8 441 448.4 454.7 462.3 470.8 482.8 495.5 508.2 522.3 535.2 549.2 560.8 569.3 576.8 576.6 574 570.7 568.4 566.9 565.5 564.1 562.4 559.5 555.8 551.6 547.6 546.1
535.7 530.7 518.5 503.7 487.1 477.7 475.9 480.1 479.5 481.7 477.8 475.1 474.1 474.5 471.6 467.4 464.7 465.6 468.5 468.9 467.2 462.2 460.8 461.3 462.6 462.9 463.8 466.6 468.9 470.5 470.6 470.2 469.3 474.1 479.3 481.4 481.2 479.4 476.1 472.5 469.3 465.7 462.4 460 455.8 448 432.2 427.7 430.1 431.6 437.4 443.5 450.5 456.7 464.8 474.3 485.5 499.2 513.1 526.6 539.7 552.7 564.6 574.3 582.2 583.2 580.4 577.9 574.7 572.8 570 569.4 566.2 562.9 558.5 553.7 548.6 546.2
534.2 527.3 507.5 489 477.5 479 486.2 484.5 479 485.3 483.1 481.6 479.9 477.3 473.3 470 469.1 470.6 471.1 471.5 471.4 470.4 471.1 471.7 472.3 473 474.2 475.5 475.8 476.1 475.4 474.6 473.7 478.7 483.6 486.6 486.1 483.8 480.8 476.4 472.4 468.7 464.2 460.8 456.7 450 435.5 430.4 430.1 434.5 440.9 446.3 455.7 461.9 468.7 477.8 488.1 502 516.8 529.5 543.3 555.9 568.5 578.2 586.3 588.1 586.3 582.8 579.7 577.8 574.1 572.7 569.7 565.3 560.2 554.4 549.4 545.2
531 521.4 495.3 479.4 482.6 486.5 499.3 496.5 493.4 491.9 489.8 488.3 485 482.3 478.3 474.2 473.4 474.3 477.5 480.8 482 481.9 482.1 482.5 482.5 482.6 483.9 484.6 483.4 481.9 480.2 479 478.7 482 488 490.7 490.2 487.7 484.4 479.4 475.1 470.2 465.4 460.6 456.3 450.4 436.9 431.3 432.3 443.3 451.5 458.4 465.4 470.6 475.3 481.4 492.2 505.8 520.6 533 544.7 560.1 571.9 581.9 589.3 591.9 590.8 587.6 584.3 581.3 577.4 574.3 571.4 566.4 560.2 554.4 548.7 543.5
524.6 508.9 483.6 481.6 488.9 498.8 509.6 507.2 503.3 500.9 498.3 495.3 491.9 488.3 484.3 480.9 479.8 483.6 487.5 490.6 491.1 491.7 493.5 493.6 496.2 496.8 495.2 493.5 490.8 487.2 484.9 483.9 483.2 486.5 491.8 493.9 492.9 490.2 487.5 482.8 476.4 471.6 466.6 460.4 455.1 447.3 434 431.6 438.4 450.2 458.7 465.4 471.8 478 483.7 491 497.8 510.2 524 535.8 548 565 575.2 583.8 591.7 595.3 594.7 591.5 587.3 584 580.5 576.4 572.2 566.7 559.8 553.4 545.9 540.6
511 492.9 481.9 486.5 491.1 512.2 515.7 513.5 510.3 508.4 506.2 503.9 500.6 496.6 492.3 490 487.4 491.9 499.4 501.9 503.7 504.4 506.3 508.6 509.7 508.2 505.8 501.5 497.6 492 489.5 488.2 487.4 489.9 494.1 496.1 495.4 492.8 490.1 485.7 479.2 473.6 467.6 461.1 453.5 435.5 434 432.9 442.5 453.8 462.6 470.8 477.3 484.6 490.9 500.1 509.6 518.5 529.8 542.3 558.1 570.5 579.6 589.6 595.2 598.1 597.7 593.9 590.2 585.8 581.2 577 571.8 566.1 559.1 550.7 542.3 536.8
501.7 485.3 486.5 497.9 509.5 521.7 523.6 518.5 517.6 516.8 514.7 512.1 509 505.5 503 500.2 494.3 503.8 510.2 512.2 515.5 517 520.2 521.7 521.3 518 513.7 508.6 502.8 496.7 493.8 493.1 492.5 493.1 496.3 498.3 497.4 494.8 492 487.1 480.8 474 467.4 460.9 445.5 435.9 433.4 432.9 444.7 456.6 466.1 475.4 482.5 491.3 503.6 513.6 521.9 534.5 544.4 554.8 566.6 576.8 585.5 594.1 599.1 600.3 600 596.6 591.7 587.1 581.8 576.9 571.4 564.8 556.9 546.9 538.3 532
