data/330000-540000.asc
ncols 200
nrows 200
xllcorner 330000
yllcorner 540000
cellsize 50
[rows 70 to 104 of 200, columns 0 to 79 of 200]
86.3 88.1 89.9 90.2 89.6 89.3 89.7 90.1 91.3 92.7 93.3 92.4 89.6 95.6 100.4 102.9 104.4 106.3 107.4 108.6 109.4 110 110.8 111.6 111.7 111.8 113.3 114.4 115.3 115.4 115.7 115.8 115.8 115.3 114 113 110.8 104.5 106.9 108.3 110.7 112.1 113 112.9 113.1 113.5 113.7 113.5 113.4 113.2 113.3 113.5 113 114 115.4 116.6 117.9 119.5 120.1 120.7 120.8 119.9 118.6 117.4 115.3 117 119.5 121.3 123.1 124.8 126.6 128.4 129.4 130.2 128.8 126.4 123.7 121.3 118.5 112.8
90.9 92.5 94 94.9 95.6 94.5 93.7 93.4 94.6 95.3 96.7 96.1 98 99.1 104.8 106.6 108.4 109.4 110.2 111.1 111.7 112.3 113 113.9 114.9 115.7 115.7 115 115.1 116.5 117.8 118.1 118.7 118.2 117.4 116.6 114.4 106 107.2 109.9 111.7 113.3 114.3 115.2 116 116.2 116.7 116.7 116.7 116.5 115.9 115.7 114.8 114.6 114.8 116 117.3 119 120.6 121.9 123 123.1 122.1 121.5 119.9 117.4 119.4 121.1 122.9 125.1 126.6 128 129.2 130.1 129.3 127.3 125.1 122.6 119.1 114.8
93 94.9 96.6 97.4 97.7 98.6 99.1 99.1 99.1 100 100.5 101.4 102.9 102.9 105.1 108.3 110 111.2 112.3 113.2 114.3 114.9 115.8 116.8 117.8 118.6 119.2 119.5 119.2 119.8 118.5 117.7 119.1 119.6 119.1 117.9 113.9 106.6 110.1 111.5 111.8 112.4 114.6 115.3 116.2 116.9 118 119 119.9 119.9 119.3 118 116.8 116.2 115.8 116.6 117.3 118.6 120.1 121.3 122.9 123.9 124.4 124.5 124 122.1 120.9 121.5 123.9 125.2 126.2 127.4 128.5 129.7 129.1 127.5 125.5 123 118 113.2
94.9 96.4 98.5 99.7 100.6 101.5 102.5 102.8 102.9 103.7 104.4 105.1 106.1 107 107.6 109.5 111.4 112.6 113.9 115.2 116.3 117.5 118.5 119.6 120.7 121.5 122.1 122.7 122.9 122.7 122.5 121.1 120.8 119.5 117.8 116 111.2 112.2 113.6 114 114.4 114.4 113.6 114.8 115.8 116.8 117.9 118.7 120.1 121 121.9 121.8 120.2 118.7 116.8 117.5 118.6 119.4 118.7 120.2 121.7 122.8 123.8 124.8 125 124.4 123.6 124.3 125.7 125 125.6 126.7 127.9 129.2 128.5 126.4 125.1 123.3 120.4 115.3
96.7 98 99.3 100.9 102.3 103.3 104.9 105.7 105.8 106.7 107.5 108 109.1 109.4 110 111 112.5 114 115.3 116.7 118.1 118.8 120.1 121.5 122.9 124 124.8 125.5 125.4 125.5 125.2 124.6 123.8 122.8 121.4 119.6 110 116.7 116.4 116.2 116.5 116.7 116.6 116.7 116.5 116.3 116.7 117.6 118.5 119.5 120.3 120.7 121.4 121.4 119.5 118.8 120 120.4 121 121.6 122.3 122.7 123.3 124.7 126 126.7 126.8 127.3 127.4 127.5 127.7 127.8 128.5 126.8 126.2 124.7 124 122.2 120.1 114.8
97.9 99.6 101.2 102.7 104.2 106 107.2 108.2 108.7 109.6 110.5 111 112.1 112 112.9 113.6 114.1 115.5 116.8 118.1 119.1 119.8 121.3 122.8 124.3 125.7 127.1 127.9 127.8 127.8 127.9 127.4 126.4 125.3 123.1 116.1 116.5 119.8 120.3 119.4 119.3 118.9 119.1 119.2 119.3 119 118.7 117.6 117 117.8 118.3 118.7 119.1 119.3 119.3 120.5 121.6 122.3 122.9 123.6 124.2 124.6 125.4 126.6 127.8 128.8 129.2 129.4 129.5 129.5 129.7 129.3 128.5 125.6 122.2 119.4 122 121 119.2 115.5
100.3 103.1 104 105.4 106.8 108.6 109.5 110.5 111.6 112.4 113.1 114.3 115.1 115.5 116.6 116.3 116.8 117.8 119 120.5 121.5 122 122.7 124.2 125.7 127.2 128.3 129.1 129.8 130 129.9 129.4 128.7 127.4 124.8 120.3 117.7 117.4 120.9 121.2 121.3 122.8 121.5 122.1 122.1 121.7 121.1 119.9 118.8 118.4 118.3 118.5 119.5 120.2 120.9 122 122.8 123.6 124.2 124.9 125.5 126.8 128 128.8 129.8 130.7 131 131.2 131.4 131.6 131.5 130.2 128.9 126.6 124.6 122.4 121 120.8 117.4 114.3
99.8 102.6 105.3 107.4 109.6 110.8 112.5 113.1 114.2 114.9 115.7 116.7 117.6 118.9 120 120.3 120.3 120.8 121.7 122.6 123.8 124.9 125.8 126.1 127.1 128.6 129.4 130.2 131.1 132.1 131.8 131.3 130.7 130.3 129.1 126.8 123.5 121.5 119.7 119 120.7 122.7 124.4 125.1 124.4 123.7 122.9 122.2 121.1 120 119.5 119.5 120.9 121.8 122.3 123 124 124.9 125.5 126.2 127.2 128.5 129.7 130.5 131.3 132.1 132.8 133 133.2 133.3 132.2 130.7 129 126.8 124 121 117 115.7 111.8 106
99.4 100.7 103.2 106.5 108.6 110.7 112.7 114.3 115.3 117.3 118.2 119 119.3 121.2 122.4 123.5 123.1 122.2 122.7 123.7 125.1 125.9 127.7 128.1 129.9 130.4 131.6 132.7 133.7 134.5 134 133.4 133.6 132.9 132.2 130.8 128.3 125.5 123.2 123.4 120.8 121.7 123.8 125 124 123.4 123.9 124 123 122 121.2 120.3 122 122.6 123.2 123.8 124.9 126 126.8 127.6 128.9 130.2 131.1 131.9 132.7 133.5 134.2 134.8 135 134.2 132.8 131.1 128.8 125.9 124.9 120.6 115.8 111.3 105.1 100.7
102.6 104 106 106.5 107.9 108.6 111.4 113.6 114.5 116.1 117.7 119 119.9 121.1 122.4 123.4 123.3 123.5 123.6 124.2 125 126.2 127.9 129.9 131.2 132.4 133.7 134.9 136.2 136.7 136.2 135.8 136.3 135.5 134.6 133.6 131.6 128.4 125.9 125.3 124.4 122.5 122.4 123.7 124.1 124.6 125.2 125.3 124.9 124.4 123.9 122.5 123.6 123.6 124 124.7 125.7 126.8 127.9 129.2 130.5 131.6 132.4 133.3 134.1 134.8 135.6 136.3 136.1 134.4 132.8 131.1 128.4 125.4 123.6 118.6 114.2 108.5 103.8 99.9
102.3 104.2 106.7 108.6 110.3 111.8 112.8 113.4 113.9 114.4 114.8 115.6 115.5 115.7 116.8 117.5 119.6 121.3 123 123.9 124.6 126.2 127.7 129.2 130.8 132.1 133.4 134.6 135.8 136.8 137.6 137.7 137.2 135.9 134.8 133.3 131.5 129.3 127 125.5 124.7 123.9 123.4 122.6 123 123.3 123.6 124.1 124.2 124.2 124.1 124.1 124.5 124.5 124.9 125.6 126.4 127.6 128.7 130 131.4 132.5 133.1 134 134.9 135 135.1 135.2 134.9 134 132.6 130.9 129 126.2 121.4 116.4 111.1 104.9 100.5 93.8
102 104.3 106.5 108.7 110.7 112.4 113.5 114.3 115.3 116 116.8 115.9 115.5 116.7 118.1 118.9 119.6 119.6 120.2 121.9 123.4 124.9 126.9 128.5 130.1 131.6 133 134.3 135.4 136.1 136.6 137 136.7 134.9 134.3 134.5 131.5 129.6 128.3 126.9 125.3 124.8 124.3 123.3 123.4 123.4 123.4 123.2 123.2 123.3 123.6 125 125.1 125.3 125.7 126.4 127.1 128.1 129.2 129.8 130.7 131.2 131.6 132.1 133 133.4 133.6 133.2 132.9 132.2 130.9 128.9 126.8 123.8 119.5 112.6 106 101.8 97.2 91.7
101 103.3 105.6 107.8 109.7 111.6 113.4 114.5 115.8 116.7 117.2 117.1 116.9 117.7 119.3 120.9 121.5 121.9 122.7 123.5 123.6 124.3 125.7 127.7 129.2 130.5 132.1 133.3 133.9 134.3 134.7 135.1 135 134.1 132.2 132.3 131.9 130.3 129.8 129.2 127.5 126.8 125.8 124.9 124.8 124.8 124.6 124.2 124.1 124.1 124.6 125.6 125.8 126.1 126.5 127.1 127.6 128.5 129.4 129.8 129.4 129.9 130.1 130.2 131 131.5 131.7 131.5 131.1 130.2 128.4 125.3 121.1 118.8 114.3 108.1 102.2 94.7 93.2 93.8
98.5 101.1 104.1 106.1 108 110 111.6 113.7 115.4 116.8 116.6 116.9 118.3 119 120.1 121.9 122.5 123.5 124.4 125.6 126 126.4 127.2 128 128.8 129.2 130.7 131.2 132.1 132.4 132.7 133.1 132.6 132.3 130.9 130.5 130.9 130.2 130.3 130.2 129.5 128.5 128 127.2 126.5 126 125.6 125.2 125.2 125.7 126.1 126.4 126.7 127 127.3 127.7 128.2 128.8 129.4 129.2 128.7 128.6 128.5 128.3 129 129.6 129.7 129.6 128.6 125.4 125.1 121.3 114.3 109.6 104.4 98.8 95.1 94.1 97.5 96.3
100.9 101.8 103.7 104.8 106.3 107.3 108.8 110.7 112.4 113.6 114.2 115.4 116.8 116.9 117 120.6 121.9 122.9 123.6 124.6 125.9 126.7 127.2 127.9 128.3 128.9 129.1 129.2 130 131.8 130.9 130.8 129.2 129.6 130.4 130.2 130.1 130 130.1 130.5 130 129.4 129 128.3 127.9 127.5 127 126.6 126.3 126.6 127.1 127.3 127.6 127.9 128.3 128.8 129.1 129.3 128.9 128.7 128.1 127.6 127 126.4 126.8 127.2 127.1 125.8 124.9 119.3 117.7 113.2 108.5 99.4 95.2 93.9 94 98.3 98.6 98.1
103.2 104.4 105.4 105.8 106.8 107.3 107.4 107.6 107.8 109.5 110.5 111.4 113.3 114.2 114.3 117.4 119.3 120.8 122 123 123.7 123.9 124.5 125.1 124.7 125.3 126.3 127.2 128 129.7 130.9 130.4 129.6 127.6 128.5 128.3 129 129.5 129.6 129.5 129.3 129 129.3 128.9 128.7 128.7 128.3 128 127.7 127.6 128 128.2 128.5 128.9 129.4 129.8 129.9 129.4 128.6 128.1 127.6 125.8 124.6 122.7 122.6 122.1 120.2 119.5 114.1 109.2 103.1 99.2 95.7 95.6 94.3 103.3 103.5 102 100.2 99.7
106.6 107.2 107.4 106.4 106.8 107.2 107.7 107.6 107.4 107.5 108.4 107.4 108.8 109.8 110.8 111.9 113.8 116 116.9 119.3 120.6 120.1 120.7 121.4 121.7 121.9 122.9 123.9 125.5 126.8 128.2 129.5 130.5 128.5 126.9 125.8 126.1 128.3 128.3 128.6 128.9 129.2 129.5 129.3 128.5 128.6 128.8 128.2 128.4 128.7 128.9 129.1 129.4 129.9 130.4 130.7 130.2 129.7 128.8 127.4 125.4 123.4 120.6 118.7 115.9 114 112.8 109.5 102.4 96.4 97.4 96.7 103.3 106.2 107.4 108.1 108.2 107.3 104.3 101.3
112.8 112.5 112.3 110.5 109.9 109.4 107.7 107.5 107.3 107.7 107.8 106.7 106.2 106.6 107.8 108.5 108.8 108.4 109.5 109.8 110.9 114 116.3 117.3 118.2 119.1 119.9 121.3 123 124.5 126.2 127.5 128.7 128.7 127.2 125.8 125.9 126.9 127.5 128.1 128.7 129.5 129.9 129.9 128.9 129.1 129.3 128.2 128.2 128.1 128.4 128.7 128.9 130.1 131.2 130.9 130.8 130.1 128.6 127.3 124 121 118.1 115.5 113.2 111.6 108.8 103.7 97.7 98.5 105.4 107.8 109 110.5 111.5 111.3 111.3 111.1 109.6 105.5
116.9 116.8 116.2 115.6 114.2 112.4 110.5 108.8 107.8 107.9 107.6 106.9 106.4 106.1 106.2 106.3 106.6 106.9 107.1 107.8 108.7 110.7 113.6 115.1 116.5 117.4 118.4 119.4 120.3 120.9 122.2 123.5 125 124.4 123.9 123.3 124.7 125.5 126.3 127.2 128.1 128.8 129.5 130.1 130 130.1 129.8 129.1 128.1 128 126.2 126.3 126.3 127.6 128.8 129.4 130.5 130.8 130.2 127.5 123.7 119.6 117 114.2 112 110.6 109 104.9 100.6 107.5 108.5 110 111.5 113.2 114.8 114.7 114.1 114 112.8 109.8
120.6 120.5 120.2 119.7 118.4 116.7 115.7 112.9 110 109.1 108 107.6 107.2 106.7 106.2 106.3 106.1 106.4 106.6 107.1 107.7 109.6 111.7 113.5 114.8 115.7 116.9 117.8 118.8 119 119.7 120.9 122.2 121.6 121.9 123.3 124.3 125.6 126.2 126.6 127.4 128.1 128.8 129.4 129.5 129.6 129.8 129.8 129 127.7 125.5 124.1 123.9 124.4 125.5 126.2 126.9 128.3 129.8 129.2 126.6 121.7 118 114.6 112.4 109.4 106.5 101 100.2 108.3 109.2 110.3 112.2 114.4 116.7 117.7 116.8 116.7 116 113.8
123.3 123.9 124.1 123.7 122.2 120.9 119.5 117.9 115.1 111.4 110.4 109.2 108.4 107.8 107.1 106.4 106 105.6 106.2 106.6 107 108.1 110 111.7 113 114 115.3 116.3 117.3 117.6 117.9 118.9 119.7 120.1 121.6 123.4 124.8 125.7 126.5 127.2 127.3 127.5 128.2 128.6 128.7 128.8 128.9 129.2 129.1 128.3 126.8 125 123.1 122.1 122.7 123.1 123.8 123.4 124.2 124.5 124.8 123 120.1 115.8 111.8 108.2 106.3 100.8 103.1 103.9 105.6 107.2 109.5 112.4 115.5 118.2 119.5 119.3 118.4 116.4
123.4 124.4 124.9 124.5 123.5 122.6 121.7 120.4 118.8 115.9 112.9 111.4 110.4 109.4 108.7 107.9 107.4 106.4 103.1 106 106.1 106.5 107.2 108.7 110.4 112.2 113 114.8 115.6 116.1 116.2 116.8 116.9 118.8 120.2 122.1 123.8 124.4 125 126.9 127.4 128 128.1 127.9 127.9 128 128.1 128.2 127.9 127.3 126.6 124.9 121.6 119.2 120.6 120.8 121.2 120.1 118.9 118.4 118.9 118.9 118.6 117.4 111 102.9 98.7 100.5 104.1 104.2 104.3 104.7 106.8 109.5 112.6 115.8 118.8 120.6 120.4 119.3
121.4 122 122.6 123.2 122.3 122 121.3 120.8 119.7 117.7 116.3 114.5 112.8 111.4 110.4 109.7 109 106.3 102.4 102 101.3 102 102.3 106.2 108.7 109.3 110.1 111.3 112.4 112.8 114 112.2 114.6 117.6 118.9 120.4 121.3 121.5 122.9 125.1 126.2 127 127.5 127.5 127.3 127.2 127 126.8 126.1 125.4 124.8 122.6 119.7 115.2 117.1 118.2 118.7 118.4 115.9 114.5 112.5 109.9 111.1 111.3 102.3 100.9 106 107.1 106.4 106.9 106.8 105.8 105.5 107.2 109.9 112.9 116.1 118.2 120.6 120.6
119.9 120.2 120.5 120.3 120.1 121.3 121.1 121 121 120.6 119.6 118.7 117.1 115 113.8 112.4 110 100.7 99.8 99.8 100.1 100.3 100.7 103.4 106.8 107.9 109.9 110.5 111.5 111.4 109.3 111.3 111.8 113.6 116 117.6 117.2 116.9 120 122.8 123.8 125.4 126 126.3 126.2 126 125.6 125.3 124.3 123.3 122.2 119 117 114.6 112.3 114 116.1 114.2 110.3 110.7 104.4 104.5 103.4 103 101.6 103.1 108 107.4 108.2 109 108.7 108 106.7 106.7 107.6 109.9 112.3 114.4 116.5 117.5
121 120.2 119 118 118.6 118.9 119.7 120.6 122 122.1 119.9 120.7 121.3 120.3 118.7 115.8 110.8 102.3 99.3 99.8 100 100.2 100.6 100.9 101.4 102.9 105.7 105.7 106.6 105.5 105.3 106.8 104.7 104.9 108.9 113.5 111.2 112.7 115.1 120.1 120.9 123.7 124.2 125 125 124.9 124.2 123.8 122.6 121.4 119.7 117.6 116 115.3 114.6 109.1 110.8 104.9 105 107.3 112.4 111.8 108.3 105.9 107.1 108.2 109.2 109.3 109.5 109.3 109.3 108.8 107.5 107.1 107.5 107.8 108.7 110.7 111.4 112.9
120.4 116.7 114.8 113.2 112.4 115.4 117.5 119 120.6 121.6 120.3 121 121.7 123.1 122.2 116.2 111 103.8 99.4 101.1 104.6 106.6 106.3 106.7 102.8 102.1 102.9 102.7 102.7 103.2 102.9 103.3 103.6 104 104.7 104.7 105 106.4 107.2 113.2 116.1 120.7 122.2 122.7 123.8 123.5 122.8 122.1 121.4 120.8 119.8 117.9 116.4 114.9 112 106.1 105.7 105.5 108.8 112.1 112.1 110.4 107 109.5 112.8 113.6 113.3 112.9 112.1 110.6 109.9 109.2 108.7 108.1 107.8 107.8 108.2 107.6 107.4 108.5
113.3 109.1 108.1 107.2 107.3 110 113.5 119.1 120.1 120.8 120.6 121.3 122.3 123.4 122.3 116.2 112.6 104.3 100.2 105.6 108.9 115.9 114.8 114.9 112.8 109.4 105.4 104.2 103.1 103.4 104.6 108.5 111.2 112.1 111.9 107 105.2 105.4 105.9 106.1 107.1 111.5 116.2 120.2 122 122.1 121.7 121.8 121 120.4 119.7 118.2 115.8 113.3 109.4 106.1 105.3 106.5 108.9 108.8 108.9 108.3 109.2 112.2 115.9 116.1 115.5 115.2 114.6 113.6 112.8 111.4 109.6 109.1 108.8 108.4 108.1 109.3 108.6 106.7
107.9 104.8 103 101.9 103.4 106.1 109.9 115.6 120.2 121.1 121.2 121.4 121.8 122.1 121.8 116.5 112.7 106.2 101.7 107.1 110.9 117.8 120.8 119.5 117.5 116.3 115.7 107 108.9 113.2 107.9 115.4 116.2 116.3 115.5 116.1 115.5 116 108.5 106.3 106.2 106.8 107.3 107.9 113.1 117.8 120.2 119.7 119 119.4 117.7 115.6 112.5 110.4 109 106.3 106.8 108 108.6 109.2 109.5 111.2 114.3 116.2 117.1 117 116.7 116.6 116.3 115.7 114.9 113.1 111.1 110.1 109.7 109.3 108.7 110.8 112.1 112.4
103.9 101.1 97.8 97.1 99.6 102.4 106.2 110.7 114.4 119 118.8 120.8 119.8 119.3 120.1 115.5 111.3 104.3 102.4 108.6 113.4 119.4 124.8 125.3 122.3 120.3 118.9 114.2 113.7 115 113.5 115.9 118.9 119.4 119.1 115 119.9 120 120.2 119.1 115.5 109.6 109.7 107.8 108 109.1 111.6 113.1 111.9 111.6 112 109.7 108.6 107.6 109.2 108.2 109.2 110.5 111.9 113.2 113.4 115.9 118.3 119.2 119.2 118.6 118 117.8 117.5 116.9 116.6 114.5 112.6 111.8 111.2 110.9 110.4 109.8 113.9 114.4
98.3 95.5 93.4 94.1 95.8 98.8 101.7 105.3 108.8 111.1 112.9 115.1 113.7 114.2 113.4 111.5 108.2 99.5 103.6 111.4 117.1 122 125.7 126.5 128.4 128.2 125.4 121.1 115.2 114.3 118.3 117 118.4 121.4 122 117.5 122.1 122.7 122.9 123.1 122.1 121 121.3 116.2 108.7 109.2 109.3 109.8 111.8 111.7 111.1 111.5 109.6 111.5 114 114.1 113.8 114.5 115.7 117.5 118.4 120 121.5 121.8 121.6 121.1 120.5 119.8 118.1 117.6 116.6 115.3 113.9 114.3 113.8 113.1 112 110.1 113 115.5
93.6 93.9 97.3 94.9 94.2 95.2 97.3 100.6 103.3 105.2 106.3 108 107.2 109.1 109.8 107.5 101.2 99.2 109.3 115.8 121.2 127 129.5 130.4 130.7 129.8 127.8 125 121.9 119.3 117.6 119.9 121.7 122 123.5 122.4 124.3 125.2 125.5 125.6 125 124.6 124.7 123.6 121.2 111.1 110.2 111.3 112.1 112.2 112.7 117.2 110.8 112.7 115.4 116.5 116.7 117.8 119.1 119.5 120.5 121.6 122.7 123.4 123.4 123.6 123.1 122.7 122.4 120.2 117.7 116.3 115.7 115.6 115.5 115.4 113.7 111.4 113.9 114.8
97.5 104.6 107.8 104.4 95.8 94.6 95.4 95.6 96.6 97.7 98.3 98.6 100.3 101.2 102 99.9 98.2 101.2 112.2 119.3 125.8 131.7 134.7 135 135.2 135 133.1 128.9 126.1 124.4 119.4 121.5 123.5 123.9 124.9 125 123.3 127.2 128.1 128.1 127.8 127.7 127.6 126.5 125.4 122.6 121.4 120.2 118.2 115 116.9 119.3 114.3 110.8 111 114 118 120.2 120.9 121 122 123.1 124.1 125.1 125.4 125.6 125.8 125.7 125.3 124.1 122.3 120.3 117.9 116.9 116.6 117.2 116 113.4 112.5 116.5
104.8 109.5 110.7 110 107.8 101.5 97.9 97.2 97.1 96.3 96.4 96.7 97.2 97.5 97.7 98.5 100.2 106.4 112.8 120.8 128 132.4 134.2 136.1 137.4 138.5 138.6 136.9 133.4 129.5 126.2 122.8 125.2 126 126.4 127.2 126.4 127.7 129.3 129.9 130.1 130.2 130.3 128.5 127.2 126 124.7 123.8 122.6 116.8 119 120.1 119.7 118 112.2 112.1 114.9 117.4 123.3 122.6 123.3 124.2 125.2 126.1 126.4 126.6 126.6 126.9 127.5 127.1 125.8 124.8 123.1 120.8 118.8 118.7 117.9 115.4 112 113.9
112.4 115.8 116.8 116.8 115.6 114.2 110.9 109.1 107.7 108.5 108.6 110.2 108.8 109.6 109.2 108 113 121.9 125.9 129.6 133.4 136.1 137.3 138.1 139.5 139.9 139.7 138.6 136.9 135.5 135.2 129.2 125.1 126.8 127.1 128.5 128.6 127.8 130 131.2 131.5 131.3 131.2 131.4 131 130.5 128.3 126.6 122.8 119 122.4 121.8 121.4 120.9 119.5 116.5 111.3 114.6 116.6 122.3 124.5 125.5 126.4 126.9 127.3 127.4 127.4 127.6 128 128.3 128.4 128.1 127.2 125.6 122.9 120.5 120.3 118.1 117 112.6
119.1 122.2 124.4 124.4 123.4 121 119.8 118.5 120.3 121.5 119.6 120.3 117 119.5 117.6 118.8 122.5 129.5 132.2 135.3 137.3 138.4 139.1 140.3 140.9 140.9 140.3 140.3 139.2 138 136.8 134.6 131.9 127.3 128.8 129.3 130.1 130.2 130.1 131.9 133 133 133.2 133.5 133.5 133.2 131.5 128.9 120.9 124.2 125.6 124.5 123.4 122.5 121.8 121.1 119.7 115.7 114.2 115.6 121.4 124.5 125.9 127.1 127.9 127.9 127.9 128.7 129 129.1 129.3 129.1 129.5 128.9 127.5 125.1 124.1 122 120.4 116.7
