data/330000-810000.asc
ncols 200
nrows 200
xllcorner 330000
yllcorner 810000
cellsize 50
[rows 105 to 139 of 200, columns 0 to 77 of 200]
536.4 531 521.2 501.1 476.2 448.8 430.5 436.5 438.2 441.4 440.2 438.9 442.4 445.3 447.3 447.1 445.6 443 439.2 442 445.3 447.6 450.3 449 449.1 453.3 459.4 467.2 482.4 494.3 499.6 502.1 502.7 501.3 499.8 499.5 499.9 502 505 506.3 504.6 503.2 504 507.8 512.4 515.4 516.9 517.7 519.1 516.6 509.8 502 490.5 483.5 472.7 459.2 442.3 431.9 421.4 414.9 413.2 406.8 400 390.1 377.4 364.6 354 347.2 343.9 341.4 337.8 333.9 330.7 329.6 329.2 330.2 327.2 324.8
526.2 519.4 503.8 478.4 453.7 434.6 453.6 461.4 462.7 461.5 458.6 458.1 460.5 461.3 459.4 456.8 454.4 452 450.3 451.1 454.5 455.9 459.9 458.4 457.4 462.8 468.8 479.2 493.1 505.3 512.6 515.5 517 517.6 517.8 517.8 518.4 520.9 523.2 524.2 523.3 522 523.1 524.5 527 524.2 523.3 522.5 520.6 516.9 510.7 504 498.6 488.1 477.5 466.7 458.5 448.3 437.4 428.6 421.8 414.8 408.5 398.2 385.3 372.8 360.5 352.4 347.6 344.7 339.8 335.9 332.8 332 330.6 328.1 323.3 320.3
512.3 499.9 480 455.8 442.2 465.8 473.8 476.5 480.7 482.5 480.8 479 475.2 471.8 469.3 466 463.3 461 459.5 459.2 462 464.1 468.8 467.6 466.8 472.2 481.3 493.6 506.7 516.8 523.5 526.8 529.1 532 533.2 534.6 536.3 539.3 540 538.8 536.2 535.9 537.3 537.2 532.5 529.5 526.9 522.5 517.9 514.5 511.4 511.8 504.1 493 483.5 475 466.2 456.7 447.3 439.4 428.9 420.4 412.5 402.7 390.2 377.7 364.8 357 351.4 346.7 341.9 337.7 335.2 333 330.4 326.4 325.5 324.7
498.7 478.4 452.5 439 458.6 481.4 486.1 492.7 498.5 497.4 494.2 490.7 487.2 483.5 480.9 477.7 473.1 470.6 468 466.4 472.5 473.8 477.6 477.3 478.6 485 492.5 500.3 513 523.8 530.5 537.1 540 543.5 547.1 550.1 552 553.2 552.9 550.4 548.4 545.7 543.1 539 535.7 531 526.1 520.6 516.7 513.9 516.2 515 508.8 499.1 490.2 481.8 471.1 462.3 455.1 446.3 434.4 422.1 412.8 402.9 391.9 381 368.6 360.8 355 349.8 344.5 339.6 337.6 333.9 329.7 326.2 330.9 328.9
473.7 455.9 441.7 460.1 474.5 491.6 502.6 509 509.6 507.7 504.6 501.1 498.7 496.3 495.2 491.3 484.5 481.7 478.5 478.8 482.5 483.2 488.9 487.8 488.9 488.5 499.5 506.4 515.5 524.8 533 541.5 545.6 549 555.3 560.9 564.2 564 562.2 558.9 553.8 547.1 541.6 537.2 532.4 527.8 523 517.9 516.2 513.7 519.2 520.6 517.6 506.9 497.4 487.6 476 467.1 459.7 450.8 438.4 425.7 413.5 402.1 391.5 379.6 371.3 363 357 351.6 345.6 341.1 338.2 335 331.4 327.4 331.4 333.8
454.8 443.6 460.2 477.2 492.1 505.4 517.5 520.3 518.2 515.1 513.1 513.2 511.6 509.3 505.5 500.7 495.6 493.8 492 492.3 492.8 492 496.9 497.1 497.1 497.2 503 509.1 516.5 523.2 530.7 537.3 544.8 550.4 557.5 564.5 567.7 567.6 565 559.2 552.1 545.9 540 534.1 528.4 522.7 518.2 514 510.8 510.7 516.4 521.6 520.2 512.5 504.4 492.2 479.5 468.8 461.3 452.6 442.3 428.3 415.8 401.6 388.7 377.9 369.5 362.9 357.7 351.9 346.9 342.5 338.7 335 331.6 328.5 332.7 338.7
446.1 454.7 474.3 492 505.5 517 524.1 524.7 523.9 522.1 521.6 524.1 523.6 519.1 513.8 507.3 507 506.3 504.6 503.6 501.3 499.6 502.9 502.2 502.1 501.1 504.9 509.3 514.3 519.3 525.2 530.9 537.6 544.5 552.3 558.6 561.9 563.2 558.7 553.7 548.2 542.4 536.8 530.2 523 516.6 511 507 505.2 506.5 512.5 517.9 520.5 517.2 508 494.7 481.9 471.7 461.5 452 440.8 430.3 420.8 404.1 393.7 385.1 376.6 367.2 360.7 354.4 347.9 343.7 340 336.3 332.7 330.9 336.1 341
447.1 466.3 487.1 503.7 512.9 522.4 526.4 528 527.7 526.7 527.7 528.3 529.4 527.6 522 518.9 519.5 517.2 515 511.1 507.4 505.5 507.2 506.1 506 504.9 504.3 507.8 510.8 514.1 518.3 523.2 529.5 536.6 543.5 549.8 553.5 553.7 551.1 546.5 541.6 535.4 530 523.6 516.7 509.9 504 500.7 498.7 502 507.9 513.5 518.1 516.5 510.2 496.3 483.9 471.1 462.1 452 435.2 428 425.2 414.7 404.7 394.1 384.6 374.9 365.4 358.2 351.3 345.5 342 338.5 335.3 333.8 341.6 343
456 477.8 496.3 507.8 516.5 522.9 526.6 528.8 529.7 529.8 532.3 536.5 540.1 535.5 529.5 530.3 532.5 527.7 523.7 516.9 511.4 508.5 508.5 509.3 507.6 505.7 503.6 506 506.7 509.1 511.9 515.9 521.5 527 533.4 538.8 543.2 543.1 540.4 536.9 531.7 527.6 522.6 516.9 509.3 503.5 497.8 494.4 492.8 496.4 502.4 508.7 512.4 513 507.5 499.8 486.8 473.6 462.5 452.3 439 439.3 432.7 426 415.4 403.5 391.2 380.4 371.2 363.8 356.1 348.7 344.2 341.1 338.1 338.1 348.4 344.6
467.5 487.5 500.2 510.7 516.9 523.3 525.4 528.3 529 532.1 535.4 538.1 538.2 538.4 537.6 541 542.3 533.5 529.9 522.2 513.3 510.2 510 508.5 506.4 503.8 502.2 501.6 502.3 504.2 506.9 510.9 516.3 522.3 528.3 531.8 534.4 533.9 531.2 528.2 524.9 520.1 515.2 510.7 504.7 498.4 492.9 489.9 488.7 491.9 496.1 501.8 505.6 508.3 506.6 503.6 484.4 472.5 462.2 452.6 444.1 445.9 442.7 434.5 421.9 408.2 396.5 384.7 375.7 367.8 360.2 352.8 347.9 344.5 342.3 343 350.1 344.1
480.6 492.3 503.1 509.4 515.2 520.1 522.2 521.7 521.2 525.7 532.8 537 538.1 541.6 540.5 538.6 536.2 532.6 527.3 518.8 511.8 508.7 506.7 505.3 503.6 501.1 498.7 497.6 498.3 500.6 503.7 508 513.1 519.4 525.1 528.8 530.7 528.8 527.2 522.9 517.9 513.7 509.3 504.8 500 494.6 490.1 486.4 485.1 487.2 490.8 496.4 500.4 503.3 504.6 501.6 488.4 473.1 457.8 453.9 458.2 454.6 449 438 425.2 412.6 400.9 389 379.4 371.4 364 357.9 352.7 349.4 348.4 351.5 351.3 347.8
482.5 492.2 501 507.8 512.8 515.3 515.3 514.3 514.1 521.1 528.4 533.2 538.2 545.9 543.8 539.6 531.7 526.4 521.4 513.1 508.8 505.6 503.6 501.6 500 498.1 495.9 494.8 495.9 497.8 501.3 505.4 510.9 517 522.5 526.3 528.5 525.6 522.9 516.8 511.4 506.6 502.9 498.9 495.2 493.7 488.7 483.8 481.9 483.5 486.1 491.2 495.2 498.6 499.3 495.4 481.8 470.4 474.7 471.5 471.5 467.7 455.5 441.4 428.1 415.3 403.8 391.1 381 375 369.1 363.4 361.2 361.3 360 359.6 358.7 352.9
482.9 490.7 499 504.7 508.9 510.2 509.7 507.8 507.4 516.1 524.2 529.7 534.2 539.7 538 534.6 526.2 520.2 516.1 511.5 507.9 505.2 502.5 499.9 496.9 495.1 493.7 492.8 494.2 495.7 499.2 503.2 508.2 514.3 520.4 524.3 525.7 523.4 517.8 511.2 505.2 499.8 495.3 492.2 492.9 495.1 486.6 480.8 478.9 479.8 482.1 486.6 490.1 493.4 494.8 486.1 484.7 490.5 488.3 482.9 478.5 473.4 462.8 448.5 434.9 421.4 408.6 393.3 384.6 379.7 374 370.6 373.8 374.7 372.8 368.1 366.7 362.5
482 489.3 495.2 500.4 503.1 504.8 504 502.3 502.6 510.6 519.2 525.8 527 528.8 527.9 525.5 519.1 514.2 511.1 509.7 507.5 504.9 501.5 497.6 494.9 493.1 491.8 490.8 492.4 493.9 497.2 501.1 505.4 511.5 517.7 522.5 524.6 520.7 513.1 506.1 499.5 493.8 488.7 485.6 486.4 487.5 481 477.4 476.1 476 479 482.4 485.6 487 488.8 491.1 496.6 500.3 499 494.6 489.3 482.2 472.2 457.9 442.8 428.1 412.7 398 390.4 384.4 380.3 381.5 385.4 386.3 384.1 378.8 375 367.8
479.7 487.2 491.8 495.4 497 497.4 497.3 496.4 499.2 505.7 514.5 519.3 520 518.6 515.9 513.5 509.9 508.4 507.2 505.9 506 503 499.1 495.8 493.1 491.2 489.9 488.9 490.1 491.4 494.6 498.2 502.6 508.3 514.9 519.9 522.5 517.9 509.1 500.6 494.3 488.5 483.7 479.9 478.9 477.9 475.2 474.3 473.3 473.5 476 479.7 484.2 489 494.3 497.9 502.1 506.5 509.7 506.3 500.5 492.5 482.2 467.5 449.8 432.1 415.8 405.2 397.2 393.3 393.5 394.2 397 397.5 394.6 388.4 381.8 374.4
476.7 484.9 488.2 489.8 490.1 489.7 489.5 487.4 494 501.2 507.8 513.8 514.4 512.2 508.1 505.3 503.9 502.6 501.6 500.8 502.6 499.3 496.3 493.9 491.2 489.2 487.7 486.5 487.4 488.9 492.4 495.9 499.3 504.2 509.8 515.5 516.1 511.1 504.1 496.9 490.3 484.9 480.2 476.4 473.5 471.8 470.8 470.7 469.6 471 473.8 478.8 484.8 492.7 498.5 502.6 506.7 511.6 516.4 515.4 509.9 501.9 490.7 475.5 457.3 436.5 423.3 413.2 411.5 411 410 408.8 408.2 408.3 405.6 397.2 388 380.2
468.2 477.4 481.8 482.7 482.5 482 481.3 481.1 487.5 494.1 502 510.3 512.9 509.4 504.6 500.6 498.7 497.3 496.3 495.6 496.3 493.6 492.8 490.9 489.3 487 485.2 484.2 484.9 486.6 489.8 493 496.5 501.6 507.5 510.3 509.6 506.4 500.7 494.3 488.1 482.5 477.6 473.6 471 469.2 468.3 467.3 466.1 468.6 472 478 486.6 495 502.6 507 512.1 518.2 524.7 523.8 518.5 510.6 498.2 484 467.2 445.8 435.5 428 425.7 424 421 419.1 418 417.6 414.7 405.1 394.5 384.2
456.9 469.3 474.4 475.4 475.3 475.4 469.1 482.5 490.3 497.8 506.3 510.3 509.4 507.8 502.6 498.2 495.6 493.6 492.4 491.6 490.8 490.4 489.9 489.4 486.9 484.2 482 481.2 482.1 484 486.9 490 494.1 500.4 504.6 506.3 504.9 502.3 497.9 492.1 485.9 480.2 475.3 471.4 468.6 466.7 465.6 464.2 463.1 466.4 471.4 479.1 489.4 498.8 506.4 512 520.3 528.7 533.7 531.9 526.8 518.4 507.3 493.2 478 462 452.8 444.2 437.5 431.1 427.5 425.3 422.8 423.3 418.3 409.3 399.1 388.4
453.3 451.3 462.3 467 467.8 463.8 475.3 488.6 499 505.6 509.6 507.3 504.5 502.3 498.8 495.4 492.8 490.6 489.1 488 487.9 488.6 487.1 484.2 481.6 479.9 477.9 478.1 478.7 481.5 484.1 487.3 491.7 497.1 501.8 503.1 499.3 497 494.1 488.7 482.9 477.6 473.5 469.7 466.9 464.6 462.4 460.9 459.8 464.7 471.1 480 491 501.4 509.6 519.2 528.6 536.9 540.8 538.7 534.5 527.4 517.2 503.2 488.9 476.7 464.8 455.1 446.5 439.1 431.6 426.6 423 421.3 419.5 411.9 402 391.4
458.3 454.2 449.1 455.7 456.5 465.1 478.7 490.9 504.1 510.7 509.8 508.3 504.5 500.7 497 493.8 491 488.6 486.6 484.9 483.8 483.6 480.8 478.6 477.2 475.5 474.5 474.5 475.3 477.9 480.8 485.1 489.5 498.3 504.3 503 497.2 493.4 490.8 486.2 481.2 476.7 472.4 468.5 465.4 462.8 460.2 458 457.1 463 470.3 480.3 492.1 503.2 514.1 523.7 535.1 542.9 546.8 543.6 540.4 536.4 528.2 515.2 500.1 487.6 475.4 460.6 450.4 441.5 434 425.5 420 417 413.4 408.8 402 394
462.3 459 454.9 447.1 449.8 463.7 478.8 491.9 506.9 514.9 513.9 509.1 504.7 500.7 496.5 492.8 490.3 487.5 485.1 482.4 480.8 479.1 476.6 474.4 472.6 471.5 470.8 469.7 471.7 474.6 478.5 483.2 490.4 501.6 506.5 506.2 499.9 493.5 489.3 484.9 480.8 476 471.6 467.4 464.3 461.1 458.4 455.3 453.9 460.5 469.2 480.1 492.2 504.4 516.3 526.6 537.2 546.4 551.9 548.8 545.2 542.5 538.5 525.5 510.9 497 481.4 466.1 453 443.5 433.9 424 416.4 411.7 408.2 404.4 399.7 393.8
466.2 463.3 458.9 450.6 445.5 457 473.6 487.6 502.7 516 514.6 507.8 503.4 498.3 494.1 491.8 489.8 486.7 483.3 480.6 478 475.8 473.4 471.5 469.7 467.5 466.3 464.8 467.9 472.1 475.7 482.8 491.2 499.7 507.7 507 501.4 496 490.7 485.8 481.3 476.5 470.8 466.5 463.3 459.8 457.4 453.4 449.5 457.6 466.7 478.3 490.9 503.4 516 526.2 537.5 547.2 552 552.6 550.1 549.6 545.8 535 519.8 504 487.9 471 455.3 443.7 431.6 422.1 412.3 405.4 401.2 399 395.4 391.4
469.9 467.1 462.9 454.2 444.1 449.7 467 482.3 497.7 510.5 508.7 502.6 498.9 494.2 491.1 489.5 487.4 484.3 481.9 478.8 476 472.9 470.8 469 466.5 463.4 462 459.3 463.9 468.2 473.8 481.5 490.6 500.4 509.4 509 504.1 498.6 494.6 488.8 484.2 479.1 472.2 466.9 463.2 460.4 457.6 453.6 447.4 452.3 462.6 473.6 486.4 499 512 522.4 533.9 543.1 549.6 552.5 553.1 553.8 552.4 541.9 526.8 510 492.7 476.1 457.1 442.7 430.6 419.9 409.5 399.9 395.8 392.2 389.7 388.4
475.3 471.7 466.1 457.5 444.9 441.6 462.2 478.4 493.2 502.2 501.5 496.3 491.6 489 487 484.2 483.8 481.1 478.7 476.2 473.1 470.4 468.3 466.4 462.3 459.3 457.6 453.2 459.2 463.7 470.6 479.3 490.5 500.5 507.1 505.8 504.3 501.2 498 492.5 487.1 482 475.6 469 465.2 461.9 458.7 454.8 448.5 441.2 455.8 466.2 478.9 492.4 505.5 517 527 535.6 543.5 549.5 552.8 554.6 555.2 546.2 530.6 513.6 495.9 477.9 458.1 440.7 428.1 416.6 406 396.5 390.2 386.6 384 384.2
480.1 474.9 468.9 457.8 445.5 441.7 459.9 474.8 487.1 492.7 491.7 489.3 485.9 483.7 482.7 480.9 479.4 477.4 475.2 472.9 470.4 468.6 466.7 462.2 458.1 455.2 452.8 447.8 453.7 458.8 465.6 476 488.7 498 501.5 499.9 500.9 500.5 500 495.8 490.8 486.1 479.8 473.3 467.8 463.5 459.8 456 450.6 437.5 447.6 458.3 469.3 483.4 496.5 508.2 518 526.7 537.6 545.1 550.7 553.3 552 544.1 529.4 511.2 493.7 475.6 456.2 437 422 410.3 399.4 390.8 384.6 381.1 378.9 376.6
482.1 475.5 469.5 458.4 442.7 441.7 457.6 470.2 478.4 482.1 482.3 481.7 479.6 477.8 477.7 476.4 474.7 472.6 472.1 470.4 468.8 467 465.3 460.2 455.3 448.8 447.1 444.7 446.2 451.6 459.2 469 480.6 489.3 492.9 493.9 496 497.4 497.5 499.4 496.8 491.9 485.8 477.8 472.1 467 461.5 457.4 451.8 438 436.1 449.2 459.9 472.8 484.7 496.1 507.6 517.8 530 541 549.9 552.2 546.5 538.2 523.2 505 487.1 469.8 449.6 428.3 413.6 401.9 392.3 385.5 379.6 375.6 371.8 369
482 475.5 467.7 454 434.7 442.2 456.2 470.1 472.7 474.8 475.5 475 474.8 473.5 472.5 471.6 470.3 469.8 469.3 468.3 466.6 465.3 463.5 458.1 451.3 444.3 440.5 434.7 438.9 444.1 451.5 460.4 470.4 479.1 483.9 488 491.7 495.9 498.5 501.4 501.9 498.4 493.6 486.9 478.8 472.7 466.9 460.2 452.5 442.4 427.3 439.2 450.8 462 473.2 484.9 497.6 510.4 523.1 536.2 546.7 547.8 541.1 530.3 514 494.2 473.7 455.2 439.4 421.3 407.8 397.3 389.2 382.5 376.1 371 366.4 362
482.2 473.6 462.4 439.9 435 440.1 459.8 469 472.3 473.2 472 470.9 469.1 468.5 467.7 467.2 467.4 467.1 466.5 466.2 464.5 462.8 457.5 451.1 444.7 439.2 434.5 428.6 429.4 436.7 443.8 452.7 461.1 469.6 476.3 483.5 490 494.2 498.6 503.1 505.5 502.8 501 497.2 489.7 479.7 472.1 464.1 455.3 446.9 432.7 428.5 442.5 451.9 462.7 476.9 491.1 503.8 516.8 530.2 539.8 540.9 534.1 522.2 505.8 483.5 462.7 445.6 431.9 418.7 407.4 398.8 389.5 381.9 375.4 369.1 363.8 357.6
478.4 470.2 454.9 430.5 433 446.4 461.8 470.7 473.6 474.1 470.7 467.7 465.1 464.1 463.7 463.4 464 464.5 463.9 463.6 461.9 456.2 449.7 443.3 438.1 433.7 428.2 424.7 417.4 425.1 435.7 445 453.3 463.6 472.9 480.9 487 493.1 498.1 503.3 507.4 510.2 510.3 507.5 500.4 488.6 476.8 468.1 458.7 449.3 438.8 420.2 431.9 443 457.3 471.2 484.9 497.6 510.5 522.7 532.3 534 528.1 516.7 501.6 481.4 459.5 445.2 431.7 420.3 411.9 401.4 392.9 384.8 377.4 369.9 363.6 357.5
472.9 464.2 448.3 428.2 435.4 448.7 463.2 471.3 475.4 475.7 469.8 465.2 461.8 460.1 458.7 458.8 460.4 461.3 461.1 461.3 455.7 449.6 442.4 436.7 432.2 429.2 426.2 423.7 414.1 418.4 426.9 438 450.1 461 470.5 478.8 486.4 492.5 498.1 503.7 509.1 513.7 518.2 517.7 510.3 497.7 483.8 473.1 462.9 453.1 444.4 427.6 420.6 436.1 450.6 464.8 478.5 491.6 504.5 516.4 524.3 528.3 524.7 512.8 498.6 480.7 462.4 448.2 435.1 425.6 418.1 407.8 398.3 389.4 380.2 372.7 365 358
466.5 458.7 442.1 424.8 436.3 447.9 463.1 473.2 477.9 477.3 469.4 462.8 459.1 455.6 453.9 453.9 456.2 458.1 457.9 456.1 450.2 443.7 435.5 430.9 428.2 425.7 423.8 421.9 414.9 405.7 420.9 436.9 450.2 459.7 470.6 479.6 487 493.2 498.8 504.5 510.2 517.8 523.3 523.5 516.4 504 490.8 478.9 466.9 456.6 443.8 429.4 413.3 429.2 443.6 457.9 471 484.2 497.9 510.7 519.4 523.5 521.2 510 496.3 480.4 464.5 450.5 439 429.7 422.2 414.3 405.2 397.9 390.8 376.7 368.6 361
460.6 454.6 439.6 421.7 434.3 450.4 465.5 478.1 482.1 479 468 460.2 455.6 450.1 447.8 447.8 450 453.8 456.8 453.4 446.9 439.3 432.3 428.5 425.1 422.5 420.8 418.3 409.3 402.9 424.3 441 452.9 463.2 473.5 481.5 488.9 494.8 500.2 505.7 512 522.6 528.1 526.7 520.2 509.1 497 484.3 471.1 458.6 445.2 429.5 412.7 421.4 437.2 450.6 462.9 475.6 489.3 502.3 513.1 519.1 517.6 507.1 494.6 480.2 465.2 452.5 442.6 433.2 425 418.2 411.4 403.9 398.1 382.7 372.2 365.3
454.1 448.5 428 422.3 437.9 453 467.9 481.5 486.5 480.9 466.9 457.4 449.2 444.2 440.8 440.4 443.4 448.1 452.2 450.6 443.4 435.7 428.4 425.5 422.5 419.6 417.8 410.2 398 407 430.6 445.7 458.6 468.7 478.1 484.9 490.8 496.4 501.8 507.4 514.8 526.5 530.4 528.8 524.3 513.9 501 487.3 473.4 459.4 446.3 428.4 408.8 414 431.5 443.3 454.9 467.3 480.8 493.9 507 514.8 516.6 505.6 492.8 478.9 465.5 453.8 443.8 434.8 427 421.7 414.8 406.5 399.2 395.9 379.5 368.3
445.3 439.2 425.6 420.7 439.1 455.4 468.8 480.5 484.2 478.8 464.9 450.5 439.9 434.9 433.3 433.5 437 441.7 444.9 445.2 437.8 430.9 424.4 420 417.3 415 412.4 402.3 391.6 415.1 434.2 451.8 466.8 477.8 483.9 488.3 492.8 498.7 504.4 510.2 519.7 529.3 532.7 533 527.1 514.6 502.8 490.5 474.9 459.7 446.3 427.1 404.4 410.8 424.4 435.4 446.6 459.3 471.9 485.4 499.3 509.6 513.4 505.2 491.9 477.9 464.7 453.4 442.7 434.2 426.7 420.7 414.6 407.7 401.3 392.5 383.2 372.2
435.8 431.1 419.3 421.2 441.2 457.2 467.4 475.1 472 465.3 452.8 441 430.2 426.9 425.1 425 429.1 433.6 436.7 438.5 432.8 426.4 420 414.7 412.2 410 407 393.4 393.8 417.3 437.4 456.8 470.5 482.8 488 492.8 497.1 501.8 507.7 514.9 523.9 531.3 536.5 534.2 527.1 518 507.8 492.9 476.8 460.1 444.9 427.5 404.7 402.8 414.5 426 437.6 450.1 463.1 477.1 490.9 501.5 507.4 502.3 490.5 476.9 463.8 451.9 441.4 433.3 425.9 418.1 411.4 405 399.8 391.2 380.7 371.9
