data/330000-840000.asc
ncols 200
nrows 200
xllcorner 330000
yllcorner 840000
cellsize 50
[rows 105 to 139 of 200, columns 0 to 77 of 200]
125.6 130.1 146.4 148.1 149 151.4 159 161 157.9 155.2 150.5 145.7 142.3 140.9 142.2 146.7 147.9 145 121.9 101.4 102.3 103.2 104 104.4 104.1 104.2 104.4 104.7 112.4 121 126.5 133.1 139.6 150.2 159.8 168.7 173.8 179.7 186.2 184.2 180.9 171.6 173.1 178.4 191.2 196.4 204.2 209.4 215.5 222 227.7 235.3 241 250.5 259.7 265.2 269.6 276.5 282.2 286.7 290.1 293.5 297.3 301.1 306 310.5 314.7 317.3 319.4 320.6 323.3 324.2 325.2 324.9 325.8 326.5 326.9 329.2
129.1 134 141.2 147.8 149.5 153.4 157.3 158.8 158.2 154.4 147 143.4 141.6 138.5 138.8 142 144.1 141.5 111 97.5 107.4 108 102.8 103.8 104.3 104.6 104.6 104.5 107.1 114 124.4 128.7 133.7 140.8 154.3 159.7 164 168.3 169.7 167.8 161.8 169.2 184.1 190.1 194.7 200.5 206.5 211.7 218.9 226.1 233 239.8 246.8 253.9 260 265.4 269.7 275.4 281.7 286.5 289.1 292.2 295.3 299.1 302.4 305.7 308.3 311.4 313.6 315.4 318.2 320.4 319.8 319.7 320.5 320.7 323.7 326.7
131.5 139.1 143.2 149.3 154.2 156.5 158.6 159.7 160.2 154.6 147.6 143.2 140.7 139.3 129.2 137.9 136.4 131.7 107.2 105.5 130.1 135.1 119.6 107.6 102.6 105.3 105 105.2 107.2 109.9 117.4 126.2 127 134.5 143.8 151.3 155.2 154.1 151.4 150.7 168.2 177.8 185.9 192.5 197.7 202.7 208.5 214.1 222 229.5 237.1 243.4 250 256 261.8 265.9 270.1 274.8 280.7 286.2 288.9 290.6 293.1 296.2 298.8 300.6 302.2 305.4 303.6 306.5 309.6 313.6 315.1 314.9 313.6 315.7 320.6 325.2
134.8 144.6 148.5 151.9 156.2 159.3 159.8 161.7 163 158 152 146.6 137.9 135.7 125.8 127.2 121.6 106.7 102.4 104.5 135.6 146 137.7 121.4 110.2 105.8 105.4 105.4 105.5 109.7 112.3 117.7 117.9 124.3 132.6 142.7 145.6 141.9 146 158.2 167.5 176.7 185.6 193.3 197.8 204.6 209.8 214.4 221.9 229.3 237.7 245.5 252.5 258.1 262.5 266.6 269.9 274.4 280.7 284.9 287.8 289.4 290.6 291.5 294.1 294.4 294.7 294.3 292.5 296.7 298.8 301.8 303.8 306.2 306.4 312.2 317.2 321.9
138.8 144 148.4 151.6 153.1 155.9 159 162.7 165.2 163.1 155.3 145.7 114.5 110.9 108.3 102.2 100.6 104.7 99.8 109.7 142.9 151.8 149.2 137.4 111.9 105.3 106 106 106 109.3 111.6 113.4 113.8 128.6 135.9 136.5 135.7 142.9 150.9 160.4 171.2 179.9 187.4 193.9 195.6 200.7 209.5 215.4 222.7 228.1 237.5 246.2 254.1 259.3 262.7 265.9 269.2 273.5 278.2 281.6 284.9 286.7 287 287 287.4 287 284.6 281.9 281.2 289.9 291.8 292.4 294.7 297.5 302.8 308.2 313.5 318.4
137.6 142.1 147.1 149.4 148.2 151.1 155.4 160.5 164.2 161.5 152.8 144.1 112 98.2 97.3 97.9 101.1 103.3 104.4 137.4 157.4 161.3 157.5 151.9 131.5 105.6 104.1 106.7 106.5 109.4 110.6 111.9 112.1 118.1 134.2 137.5 139.3 142.1 150 161.5 171.3 178.9 186 192.6 197.6 203 210.3 217.7 226.5 233.7 241.2 249.9 255.6 260.8 263.5 265.9 268.6 272.3 275.4 278.8 281.4 282.9 283.6 282.9 280.2 276.9 273.6 272.3 277.6 283.7 283.9 283.8 286.9 295.3 301.8 307 312.3 316.6
135 141.4 144.1 145.5 143.1 145.1 149.6 153 158.1 152 147.1 140.6 108.9 98.4 103.8 116.1 125.2 132.3 144.5 160.8 172.3 174.5 164.6 158 150.7 119.7 109.4 104.9 108.1 109.7 110.5 111.1 111.3 115.4 121.3 133.3 135.3 139.9 147.8 159.1 169.1 177.2 183.7 190.1 196 202.2 208.9 218.7 229.1 234.7 244 251.7 256.8 260.3 264 266.2 268.3 271.4 273.7 275.4 277.2 278.6 279.3 276.8 270.1 266.5 263.9 262.3 273.6 275.8 275.2 277.9 286.9 294.2 300.5 305.9 311.2 315.1
125.8 139.7 140.5 140.6 139.8 139.5 139.8 142.3 144.2 140.4 134.2 123.9 101.4 102.1 120.5 130.6 138.2 151.8 164.1 175.6 181.8 181.8 172.9 164.5 156 145.1 115.4 107.1 107.4 109.8 110.4 111.2 111.6 112.6 116.2 124.5 130.9 137.6 144 154.5 164.8 174 181.3 187.6 193.3 199.1 207.6 218.5 230 235.2 242.6 250.7 256.3 259.8 263.3 265.3 268.2 271.9 273.1 272.6 271.6 272.8 272.8 264 259.6 256.3 254.3 263.1 266.2 264.2 270.8 278.2 286.3 292.7 299.1 304.5 309.7 313.4
114.2 123.8 129.1 132 130.7 127.1 130 129.5 123.6 118.3 113.6 109.5 99.1 108.9 128.8 139.7 153.2 164.3 176.6 187.6 191.2 187.2 177.8 168.8 160.9 154.5 134.1 113.9 106.9 107.8 109.5 110.8 110.8 112.1 113 116.6 126.7 133.8 139.5 149.8 159.8 169.9 178.3 185 190.7 196.2 206.9 218.2 229 234.3 238.9 248.4 254.5 258.6 262.1 264.5 267.7 271.3 270.6 269.3 267.9 265.9 260.3 252.6 249 247.6 245 251.2 260.5 265.7 271.6 278.9 286 291.9 297.8 302.9 307.6 310.8
94.9 100.7 110.5 115.8 113.9 116.1 118.8 116.4 103.5 101.6 100.3 98.7 105.6 121.1 137.6 153.4 164.7 175.6 188.9 197.2 197.6 192 182.1 172.6 163.9 156.2 148.9 123.9 107.5 108.2 108.3 108.4 109.1 109.1 113.7 114.3 119 130.7 136.5 147 156.9 166.2 175 181.9 188.1 195 205.4 216.2 226.7 231.3 236.7 246.4 252.8 257.5 261.2 263.9 266.7 269.8 267.5 265.4 261.7 252.3 247.9 240.9 235.7 243 251.1 256.7 261.4 267 273 280.5 286.3 291.1 295.7 300.2 303.8 306.5
92.4 88.3 88 86.3 101.3 104.8 105.1 93.3 95.9 101.5 105.1 111.3 126 138.4 152.1 164 176.1 189.2 198.2 204.9 204.6 197.3 187.5 176.5 167.4 161 153.4 127.3 108.3 108 108.3 108.5 108.9 109.2 113.4 114.7 116.5 125.3 135.2 144.5 153.2 162.5 170.8 177.1 183.8 190.9 200.3 208.9 216 222.8 237.6 249.5 252.7 256.6 260.7 262.5 264 265.1 264.2 259.8 250.3 242.4 237.2 230.2 234.9 244.7 251.9 257.9 263 269.1 273.6 278.8 283.9 288.3 293 296.5 299.9 302.2
125.6 110.7 98.2 90.3 89.2 96.7 98.8 92.6 103.3 113.5 119.6 130.5 140.5 153.2 161.1 177.3 187.2 198.2 204.6 208.8 209 202.5 193.8 181.3 170.3 162.8 155 137.4 115.2 107.8 108.2 108.4 108.7 109.1 110 114.8 115.3 118.9 130.5 141.6 150.4 158.9 165.8 170.8 182 190.2 199.2 206.6 215.2 230.1 240.4 250.7 254.2 257.1 261 260.9 258.8 259.8 260 252.4 240.2 233.9 227.3 220.1 232 246.2 252.8 258.4 264 268.1 272 276.3 281.3 285.3 290.2 293.2 295.9 297.9
139.3 134.9 124 97.9 98.9 91.9 90.2 90.8 113.3 123.5 134.7 147.6 156.7 168.5 179.8 189.2 197.6 206.8 211.4 213.5 210.6 205.1 197.6 186.1 174.8 165.6 157.5 145.3 125.6 107.9 109.3 109.2 109.2 109.5 110 114 115.8 119.4 125.9 138 145.5 153 158.3 172.7 182.2 189.7 199 209.4 218.8 232 242.2 248.4 252.9 256.8 260.1 258.6 254.4 253.2 249.5 240.5 230.9 226.7 222.1 222.8 235.4 247.8 253.7 259 264.4 267.6 270.7 274.4 277.7 281.5 284.9 288.6 291.4 293.5
133.1 130.2 123.1 108.5 114.5 125.9 125.3 128.7 135.2 139.6 147.7 159.6 168.8 181 190.8 200.8 208.8 214.3 216.9 217.3 215.1 208 199.2 189 179.5 170.1 162.2 154.7 139.4 117.8 108.6 109.7 109.7 110 110.4 111.1 115.9 121.3 122.6 132.8 140.6 152.7 163.1 173.8 181.2 189.3 197.9 207.6 218.2 230.1 239.1 245.2 249.6 252.8 254.4 253.6 249.9 243.5 238.4 229.5 223.8 220.6 214.1 226.2 239.7 247.9 254.2 259.2 264.4 267.3 268.8 271.1 273.8 276.8 280.1 283.2 286.3 289.4
129.1 122.9 123.5 124.1 113.6 124.2 136.1 140.7 146.3 150.9 158.6 166.6 177.8 190.2 200.2 210.7 216 219.9 220.7 219.8 215.6 210.2 200.1 192.9 183.7 174.2 168.6 160.8 150.3 130.3 110.2 110.1 110.1 110.3 110.5 110.8 113.3 120.7 124.1 129.4 143.3 152.7 161.7 171.2 180.1 188.5 196.8 206.2 214.6 225 235.1 240.9 246 246 245.7 244.3 239.1 231.4 226.8 221.7 218 214.1 214.8 227 241.3 248.5 254.4 259.6 264 265.7 266 267.1 268.8 272 275.5 278.2 281.2 285.2
130.5 131.9 131.2 127.7 120.5 120.3 131.5 138.7 146.9 153.4 162.6 170.4 182.1 195.9 206.7 214.6 220.5 222.9 221.5 218.4 214.3 209.3 201.1 194 184.8 175.9 172.4 165.6 154.9 139.7 116.7 110.7 110.6 110.5 110.6 110.4 110.5 117.2 121.3 126.4 138.5 148.5 158.4 167 178.9 187.4 195.9 203.6 211.1 220.4 230.7 235.6 240.5 241.5 237.6 233.4 227.7 221.9 218.7 215.3 212.1 206.5 216 231.1 241.8 249.1 254.7 259.8 262 262.5 261.8 261.3 262.8 266.7 270.6 272.8 279.3 282.6
136.6 138.1 137.6 132.6 127.4 122.3 126.5 136 145.7 153.5 162.5 172.1 184.8 198.3 209.4 215.9 221.4 222.2 219.2 215.2 211.2 206.8 199.6 192.3 185 176.5 172.2 166 158.2 149.3 125.3 108.9 111.3 110.9 110.8 110.7 111.3 115.6 117.3 120.5 133.9 144.6 155.1 163 174.8 185.6 195 199.8 204 214.5 224.8 229.4 233.5 235.8 231.6 225.5 218.9 214.1 211.2 207.7 206.6 204.3 218.3 234.2 242.9 248.8 252.9 256.4 257.8 257.3 256.5 255.5 256.7 260.2 265.3 272.6 277 280
142.1 143 143.3 139 132 129.1 125.3 132.2 143.6 152.8 161 171.7 184.4 198.6 207.9 213 217.4 217.4 215 211.2 207.7 202.6 196.9 189.1 184.1 177.3 171.8 166.6 160.9 152 129.6 109.1 110.7 111.3 111.2 111.1 112 115 115.6 117.7 129.6 141.2 151.1 157.1 166.1 181.8 189.8 194.6 197.7 207.3 216.8 224 227.9 228.8 225.8 220.2 214.2 207.4 205 203.2 201.3 204.9 223.8 235.4 242.3 248.3 250.5 253 253.4 252.5 250.8 248.4 249.5 260.7 266.8 271.7 275.7 277.5
144 145.5 146.4 144.5 137.9 132.5 130.7 129.9 140.4 149.9 158.5 168.1 181.6 192.5 202.2 205.8 209.8 209.6 208.5 207.6 204.1 198.5 193.1 188 182.8 178.2 173.8 169.3 162.4 153.1 143.8 119.7 109.9 111.9 111.6 111.4 111.7 115.2 116.2 116.5 119.8 137.9 145.4 151 158.5 170 181.6 185.2 190.7 200.3 208.8 217.7 222.3 223.1 220.6 215.9 209.4 203.8 199.9 198.7 196.8 212.4 229.1 236.4 242.4 247.3 248.3 249.3 248.5 247.1 240.9 245.2 254.8 260.6 265.5 269 272 273.5
145.7 146.2 147.6 147.5 143 139.5 135.1 131.5 136.5 146.5 155.3 165.2 176.1 187.3 192.4 196.8 200.2 199.3 199.9 199.9 198.1 194.5 189.2 185.1 181.5 176.9 173.2 172.3 168.5 159.8 151.5 131.7 115.9 108.8 112.1 111.6 111.7 114.8 116.7 116.6 117.5 129 145.7 146.7 151.2 157.9 169.6 179.7 187.9 198.4 207.5 215.1 218.9 218.7 215.6 211.1 205.7 198.5 196 195 202.2 216.2 230.2 236.9 242.7 245.7 245.6 244.1 241.3 234 237 245.3 253.4 257.7 261.4 264.9 267.2 269.1
152.3 152.7 151.8 150.4 148.8 146.8 142.6 139.6 135.1 142.5 151.2 160.7 171.4 178.2 181 183.7 186 186.4 187.4 189.4 190 189.9 186.3 183.4 179.9 176.3 175.6 174.7 170.9 164.4 157.1 144.4 125.1 111.2 112.5 112.2 112.3 115 117 116.8 117.4 120.9 138.8 144.5 151.5 159.4 169.1 178.7 188.2 197.5 206.7 212.6 216.3 214.2 210.7 206.4 200.2 194.6 193 191.9 204.5 218.1 229.3 236.9 242.5 243 241 237.7 228.5 226.8 237.3 243.1 248.7 254.2 257.6 260.1 262.5 265.1
158.4 156.8 156.9 155.3 154.6 152.9 149.3 146.3 143.7 143.3 147.7 155.3 162 165.7 166.8 170 173.3 175.6 177.5 179.5 181.6 182.6 181.8 179.4 176.9 177.3 178 176.9 174.2 168.1 161.6 151.4 140.3 120.9 109.4 112.5 113.1 115.7 117.3 116.9 117.6 119.8 134.7 144.3 153.2 161.5 169.9 178.8 188.8 197.2 205.9 211 212.8 211 208.5 202.9 195.1 191.5 189.9 193.3 204.9 217.3 228.1 237.3 239.1 237.5 233.3 231.1 215.1 225.1 234.5 240.2 245.7 248.9 250.6 253 255.4 261.7
164.9 163 161.8 160.5 159.9 158.4 155.1 151.9 149.6 148.3 147.9 151.7 156 159.3 161.9 164.8 166.8 170.3 172.5 174 174.4 175.5 176.7 176.3 176.8 178.7 179.8 179.7 177 172 163.1 154.4 146.2 130.9 113.3 112.9 113.4 113.6 114.1 114.6 115.6 118.2 132.1 142.7 152.5 161.2 170.5 179 186.9 194.3 202 206 208.8 208.1 205.4 200.9 194.3 188 185.2 189.2 204.9 216.7 226.5 233.1 232.9 231 225.6 222.4 205.9 218.6 228.4 234 238.1 240.4 242.3 243.8 250.7 256.5
170.7 169.8 168.4 165.6 164.2 163.3 160.1 156.8 155.5 154.7 155.4 155.3 156.3 157.7 160 163.8 165.8 167.1 169.2 170.7 171 171.6 172.8 174.1 177.4 180.2 182.2 182.8 180 175.9 166.7 156.8 147.9 139.2 120.2 112.2 113.7 113.9 114.6 114.9 114.9 117.7 126.1 141 151.7 160 168.4 178.5 185.1 191.2 197.7 201.6 203.9 202.5 199 194.2 189.5 182.2 180.3 186.2 202.8 212.1 221.7 224.6 222.5 219.7 216.4 209.1 208.2 212.4 219.8 226.1 228.6 230.1 232.2 235.7 242 247
173.5 171.7 169.9 167.8 166.6 165.2 162.6 161.3 162.5 157.3 158.1 160.4 161.9 164.5 166.4 165.6 166.3 166.6 166.9 168 168.9 170.3 172.4 175.4 178 181.6 184.5 186 183.1 177.2 170.1 160.8 152.2 144.5 129.9 112.3 113.7 114.4 114.8 115.3 115.4 116.6 121.2 139.4 149.8 157.9 167 177.9 185 191 196 199.2 199.6 197.3 192.4 186.2 181 174.4 169.3 183.3 196.3 206.2 214.2 211.5 209.9 206.3 200.3 191.4 201.5 206 209.7 215 218.9 220.7 220.5 224.9 228.6 230.8
180.9 176.5 173.7 171.6 168.8 167.6 165.1 163.8 163.9 159 162.7 164.8 167.1 168.8 170.9 171.5 172.6 174 173.2 173.5 174.1 173.5 174.5 177.7 180 183.6 187.2 187.5 185.8 180.7 174 166.2 158.3 150.7 139.4 120.3 112.7 113.3 113.4 113.8 115.5 116.3 118.6 134.4 147.4 157.4 166.8 177.4 185 190.8 195.7 197.4 196.1 190.9 182 173.4 167.5 164.5 166 176.5 182.5 192.5 193.8 193.5 191.3 188.6 193.6 198.5 201 202.2 200.2 209.1 208 214.2 218.2 221.4 223.4 227.2
191.1 187.1 181.8 178.2 174.9 171.9 168.7 167.2 165.6 164.1 166.6 168.7 171.7 173.8 175.3 175.6 177.1 178.4 179.2 180.4 180.7 181.9 183.4 182.3 181.9 185.1 187.9 188.1 186.5 184.7 177.4 171 163.5 157 149.2 130.1 117.9 114.8 114.5 114.3 115.6 116.7 119 132.6 149.1 158.4 167.7 177.4 185.2 191.4 196.3 196.3 191.4 176.8 170.6 154.7 157 170 176.8 171.8 171.3 173.1 179.5 186.7 193.8 192.9 197.8 201.8 204.1 206.8 209.3 211.8 213.3 217.2 222.1 226.6 230.3 234
202.8 197.4 191.1 186 179.9 175.9 172.6 171.3 169.9 170 171.1 172.3 175.2 177.6 178.8 180 181.1 182.7 184.5 187.3 188.2 188.3 187.2 185.5 183.2 183.3 185.3 187.2 186 186.2 181.1 174.1 167.4 161.5 156.7 146.2 124.4 116.5 115.6 114.3 115.6 117 118.8 132 150.3 159.5 168.8 177.3 185.4 191.4 194.8 193.4 187.1 175.1 158.2 150.9 176.4 177.3 179.9 181.2 183.4 185.5 188.4 191.7 195.9 197.9 199.4 205.3 209.6 212.3 212.8 214.8 217.3 221.1 225.8 230.6 235.8 240.5
213.3 207.6 201.3 193.4 187.1 181.4 176.5 175.3 174.1 173.3 174.8 176.4 178.8 180.8 182 184.1 185.9 188.4 191.4 194.9 195.3 194.3 192.6 188.5 183.7 182.8 182.7 185.3 188 187.8 184.7 176.8 169.1 165.1 161.1 153.5 133.6 122.5 116.4 114.8 116 116.8 117.8 129.9 150.8 160 169.1 177.2 185.4 191.1 192.7 190.2 179.9 166.3 151.2 163.5 173 177.3 181.9 185.4 188.1 189.9 192.1 194.3 197.3 200 203.7 206.4 211.4 213.7 215.2 217.8 220.2 224.4 228.4 235.2 242.5 244.2
222.7 215.7 210.3 201.9 194.4 188.6 183.3 178.8 176.7 176.3 179 180.5 182.6 185.4 187.7 190.2 191.8 193.4 194.5 195 195.4 197.2 195.4 190.1 185.1 183 182.3 185.4 189 188.3 185.4 180.3 172.3 167.3 163.2 157.7 147.6 134.1 115.9 115.1 116.3 116.6 117.6 125.8 150.4 160.7 169.3 177.3 185.4 189.7 189.3 185 173 154.1 151.1 165.1 170.2 176.2 184.9 189.5 192.4 194.3 196.3 198.8 201.6 204.8 207.3 209 212.3 215.1 217.5 220.5 223.6 228.5 232.9 238.8 244.1 247.1
231.9 224 215.8 209.1 201.6 196.8 191.6 185.6 181.8 181 182.5 184.5 187 190.9 194.1 197.5 200.2 199.7 198.2 196.1 194.3 196.1 195.9 192.5 187.9 183.3 182.4 182.6 184.6 186.2 185.2 180.8 175.1 169.2 164 159.8 152.3 141.2 122.9 115.5 116.7 116.8 117.7 120.6 148.2 159.5 168.8 176.1 182.7 186.5 183.4 175.5 167.1 144.6 159.2 164.5 169.2 179.1 189 194 196.4 198.3 200.8 203.6 206.4 209.2 211.6 212.9 214.7 217 219.9 222.8 226.6 231.3 236.5 241.6 247.4 251.6
242.5 230.1 219.1 213.9 207.9 203 198.7 194.3 186.2 185.7 187.2 190 192.4 198.3 204.5 210 211.4 208.8 202.5 198.3 195.2 192.2 195.3 192 186.3 183.2 182.2 182.3 182.7 183.5 183.7 182 176.2 172.1 166.4 152.8 137.7 133 123.9 117.2 117.2 117.2 117.8 119.5 142.8 157.2 167.2 174.7 179.9 183 176.8 168 162 146.2 159.5 163.8 169.4 178.6 189 195.9 200.6 202.7 205.4 207.8 210.3 212.7 215.1 216.7 218.1 220 222.3 225 229.5 234.2 241.2 245.6 251.2 255.4
257 240.6 224 217.6 212.7 208.9 205.1 200.9 193.6 191.1 193.7 197.1 201.5 209.3 213.6 215.5 214.9 209.2 205.6 200.8 196.4 192.1 188.9 186.3 183.4 182.6 181.7 181.3 181.4 181.5 181.6 180.4 175.8 172.7 163.1 160.9 157.5 138 123.7 117.5 117.5 117.8 118.1 119.1 136.2 151.8 162.9 170.6 173.9 174.8 168.3 158.4 148.7 146 158.4 163.7 171 179.4 189.1 196.8 202.8 205.7 208.5 211.1 213.5 216 218.4 220.2 222.3 224.4 226.6 229.6 233.2 238.7 246.4 250.1 255.4 259.1
264.7 249.4 236.1 223.8 217.7 213.7 209.6 206.1 200.5 197.5 199.6 204.2 210.1 215.8 219.5 220.8 217.1 214.1 208.8 203.4 198.8 194.1 189.5 186.2 183.7 182.9 181.5 181 180.4 179.8 179.1 178.6 173.2 170.6 164.5 157.3 156.3 146.2 128 118.1 118.2 118.4 118.5 118.3 130.4 146.1 157.6 165.8 166.9 162.4 157 147.3 137.6 151.9 157.6 163.9 171.2 180.1 191.4 201 205.4 207.8 210.6 213.4 216.2 219.3 222.4 224.8 226.7 228.8 230.9 233.9 240.5 246.5 251.2 254.7 259.2 263.2
269.4 255.4 245 234.2 225.5 219.3 214.3 210.9 206.1 203.9 205.5 209.9 215.6 221.9 227.7 225.7 223.1 218.5 212.3 206.3 201.9 196.9 191.8 188.3 185.3 182.5 181.7 181.2 181.2 180.8 179.6 178.4 176.9 173.1 171.6 169.2 165.3 146.4 124.5 117.5 118.3 118.5 118.8 119.3 120.6 137.5 150 156.3 156.6 153.1 145.8 140.4 147.9 153.5 158.5 164.4 171.6 183 194.9 203.8 207.2 210.1 212.7 215.5 218.2 222.9 226.3 229.5 231.3 233.1 236.8 241.4 247 251.2 255.6 259.2 263.3 267.7
