data/330000-770000.asc
ncols 200
nrows 200
xllcorner 330000
yllcorner 770000
cellsize 50
[rows 105 to 139 of 200, columns 0 to 77 of 200]
233.2 233.5 233.9 237.4 248 255.5 255 263.6 277.1 287.9 302.1 309.3 323.1 334.6 342.4 352.3 359.8 374 386.1 392.1 418.5 430.7 445.5 456.9 463.5 477.8 492.3 504.4 521.2 539.7 556.1 572.9 588.7 602 612.8 624 644.6 650.4 663.4 688.4 712.9 722.6 723 713.8 687.1 679.8 668.9 650 633.7 612.2 581.9 561.1 549.3 540.6 530.8 525.7 527 528.2 529.6 534.1 542.1 549 558.1 566.6 573.3 578.2 580.3 584.4 588.5 588.7 584.5 590 595.3 598.3 596.8 601.3 606.4 604.6
233 233.2 233.2 233.2 240.3 243.1 244.9 254.3 262.9 274.7 285.6 294.4 303.8 315.7 326.9 335 342.6 357.5 357.5 378.5 394.7 409.3 423.5 434.8 446.7 457.2 476 490.4 501.5 519.8 537.3 546.8 561.8 577.3 580.7 589 602.8 611.5 627.3 649.1 669.3 680.4 681.1 673.9 656.5 639.4 629.2 615.9 608.3 587.7 568.2 554.9 546.4 539 531.4 526.3 524.9 527 529.1 535.1 541.6 548.1 557.1 566.3 570.7 572.5 573.7 576 578.5 580.8 581.6 582.7 588.2 592.4 587.3 588 595 604.9
232.7 232.8 232.8 232.9 232.8 232.9 235.5 244.7 253.8 267.2 271.3 278.4 285.6 296 306.9 314.8 328.5 324.7 346.9 361 374.7 387 402.5 413.7 426 433.5 456 472.9 486.5 500.3 513.7 522.2 531.5 548.9 557.1 562.2 572.1 581.1 594.2 613.2 627.7 640.6 640.5 632.7 612.6 601.6 599.7 583.8 571.4 560.9 548.3 542.3 541.6 535.9 529.1 528.1 524.1 531.2 530.6 536.4 542.6 548.9 557.4 563 565.6 566.7 568 569.6 572.6 575.2 576.4 573.3 582.1 586.5 579 586.8 597 602.4
232.4 232.4 232.6 232.8 233 233 232.6 233.2 241.5 256.2 259.5 260.3 269.3 279.1 290.3 300.9 310.2 310.5 331.9 345 358 371.3 382.7 395.2 405.3 413.4 436.4 453.6 467.5 477.9 491.8 503.6 512.3 520.9 527.7 533.9 548.3 559.9 570.7 580.7 593.2 598.6 593 586.9 578.6 569 568.7 559.6 546.8 534.2 528.7 530.1 531.4 529.6 526.1 526.2 524 525.4 530.7 535.4 540.5 548.4 556.2 559.8 561.1 562.2 562.4 562.6 564.1 567.1 571.8 572.5 578.7 583.3 574 584.6 591.9 597
233.2 233.2 232.9 232.9 232.9 232.6 232.4 232.4 232.5 242.7 247 249.3 257.4 267.1 275.3 287.9 287.2 299.4 315.8 330.6 340.9 354.6 366.3 379.7 389.7 396.5 414.1 438 448.9 462.4 471 483.6 493.2 500.9 508.9 520.9 530.1 541.4 549.5 559.4 566.2 568.8 568.9 561.6 558.7 541.1 535 529.4 515.4 512.1 512.9 514.5 516.7 517.6 520.4 522.4 523.2 522.9 528.1 533.3 539.4 546.3 553.1 556.1 557.9 558.5 558.7 558.1 557.8 557.9 564 558.4 578.4 580.5 570.2 579.6 585 589.8
233.4 233.2 233 232.9 232.4 232.2 232.2 232.2 232.1 233.3 236.2 239.8 247.5 254.7 269.3 272 272 283.2 297.6 310.9 325.7 338.2 348.7 361 372.2 382 389.7 414.5 427.2 438.8 450.6 462.2 471.5 484.2 492.2 500.8 509.8 515.8 524 530 546.5 547.2 547.2 536.8 534 511.7 505.9 496.9 491.8 492.9 495.2 498.4 501.8 505.2 510.4 515.9 519.6 520.6 524.6 530.9 536.6 541.1 548.6 551.3 553.4 554.3 554 553.4 551.4 549.9 553.8 553 571.1 575.8 568.5 570.8 579.9 586.5
233.4 233.2 233.1 232.7 232.1 232 232 231.9 232.1 232 232 233.8 238.9 248.1 258.7 259.7 261 270 283.2 295.6 309.9 322.7 333.4 344 355.9 363.8 371.6 390.3 406.8 416.4 427.3 440.5 454.6 464.9 473.6 481.5 489.9 495.9 503 511.9 522.4 533.9 526.3 510 501.9 490.6 486.2 480.5 481.4 482.4 483.1 485 490.3 493.8 498.7 502.9 509.9 515.3 518.3 526.2 532.2 537.3 540.9 544.7 547.8 549.4 549.2 547.9 545.5 543.7 543.6 544.6 560.6 559.6 558.7 569.9 578.8 583.2
233.4 233.2 233.2 233 232.6 232.1 231.9 232.3 231.7 231.6 232.1 232.5 233 240.9 246.8 249.1 253.9 262.9 272 284.2 296.5 309 317.4 326.9 340.2 349.1 358.3 364.4 381.9 395.8 405.8 421.2 433.5 447.1 454.6 462.4 471.9 476.6 485.6 497.4 498.1 511.3 503.8 495.6 489.2 481.6 474.9 472 470.8 471.5 471 470.8 476.2 483.4 488 490.8 498.8 507.8 509.8 517.8 525.2 531.3 532.9 538.8 541.6 544.1 544.4 543 540.6 537.3 535.9 540.7 548.7 546.1 562.4 566.8 570 577.6
233.2 233.3 233.2 232.9 232.3 231.9 231.7 231.7 230.8 230.9 230.7 231.1 231.9 234.4 238.9 242.6 250.1 255.6 261.4 270.7 284.3 294 301.9 313.4 323.5 334.4 345 355.4 366.7 376.1 390.2 401.5 414.5 426.6 437.8 443.9 450.6 460.5 470.2 478.6 483.3 483.5 485.1 481.8 478.5 472.8 467 462.4 459.7 459.4 459.6 460 464.4 471.9 475.2 477.4 492.3 497.4 504.5 512.4 517.9 526.2 528.2 534.1 535.8 538.2 539.8 538.6 536.5 534.5 533.5 535.8 538.7 541.5 553.7 558.8 564.3 571.3
232.6 233 233 232.7 232.3 231.6 231.4 231.1 231.3 231.9 231.8 230.8 231.7 234.1 236.1 239.7 245.1 244 252 261.7 272.5 281.7 289 298.7 309.1 319.3 329.1 340.3 351.2 355.2 367.5 382.9 392.8 403 410.3 421.6 434.9 447.7 456.4 462.5 466.2 471 472.1 471.7 468.8 464.2 459.3 453.9 450 449.8 449.4 450.6 453.9 458.5 458.6 474 482.4 489.9 497.8 503.6 512 521.8 523.1 530.1 531 532.4 534.5 532.1 528.4 526.9 531.8 529.7 528.2 539.9 548.1 552.6 557.6 564.4
233.9 232.5 232.4 232.3 232.2 232.3 231.5 231.4 231.7 231.3 231.6 231.7 230.6 232 233.2 236.2 238.2 237.9 244 250 258.5 270.7 277 285.4 294.9 303.2 314.1 325.8 336 345.9 354 361.6 373.3 383.5 388.8 400 416.6 430.1 439.4 449.7 457.6 462.4 461.4 461.8 460 456.9 452.7 448.8 443.8 441.1 439.8 440.9 444 445.5 450.9 460.2 473.8 482.7 489.5 495.9 504.2 509.1 516.9 522.7 525.7 527.9 528.4 525.3 525.8 524.7 524.8 524 526.1 537.4 541.7 546.1 551.9 558.5
239 234.2 233.2 233 232.9 232.3 232.3 231 231.4 231.8 232.1 231.7 230.8 231.2 231.9 231.4 232 233.3 233.3 237.5 248 260.1 268.3 271.9 282.5 289.4 300 311.1 322.6 332.9 341.4 350.8 357.5 367.2 376.5 384.3 397 410.9 425.5 434.7 441 445.4 451.2 452.2 451.6 450.2 447.2 443.7 436.4 433.4 431.1 430.8 435.9 432 441.4 447.7 454.9 462.3 476.7 488.4 496.3 502.6 505.9 514.3 516.9 519.4 522.1 515 519.6 518.4 517.8 517.9 516.5 528.1 535.7 540.9 548.5 554.4
243.5 235.2 234.1 233.7 233.5 232.5 232.1 231.1 231.4 231.8 232.1 231.9 231.6 230.7 230.9 231.3 231.3 231.4 231.4 231.9 235.2 247.9 253.6 260.7 271.4 278.3 288.7 297.2 307.1 318.4 328.5 339 346.9 353.5 364.3 371.4 382.3 393.9 409.5 416.6 428.9 437.1 442.2 443 445.9 445.2 441.8 436.9 430.6 427 424.4 422.6 424.2 418.3 430 439.4 446.3 452.5 457.3 478.1 488.2 493.4 498.1 505.5 508.9 511.5 512.1 507.4 510.6 510.3 511.2 509.5 510.6 524 531.6 537.7 544 550.8
256.5 249.4 240.1 234.2 232.7 232.3 231.9 231.2 231.5 231.9 231.8 231.7 231.6 231.7 230.6 231.1 231.1 231.1 231.1 231 230.9 235 238.6 250.3 259 270.5 279.9 285 293.7 304.9 315.7 325.9 334.3 341.3 350.5 358.4 367.2 376.8 389.5 399.6 412.4 424.7 430.4 436.2 440.2 441 437.8 432.7 427.9 421.7 417.5 415.6 415.1 414.8 423.4 433.9 440.2 444.1 448.2 454.1 463.2 476.1 488.5 496.2 499.6 503.6 503.6 501.9 504.8 503.9 504 503.3 509.6 522.1 530.8 537.5 543 547.8
277 264 253 239.1 234.2 233.1 232 231.3 231.6 231.7 231.6 231.5 231.4 231.1 231.1 231 230.8 230.8 230.7 230.8 230.9 231 231.2 232.9 245 259.3 272.6 275.3 280.3 290.8 299.7 309.6 322.4 328.9 336.2 345.3 354.9 363.1 373.8 385.1 396.4 408.2 422 429.9 432.7 432.9 430.3 425.9 420.8 413.8 409 407.8 406.2 406.6 413.6 423.4 430.2 436.1 440.6 443.9 453.6 461.7 471.5 484.7 488.7 491.8 492.4 491.5 496.8 496.8 496.7 494.6 508.4 519.6 528.6 537 542.9 547.5
298 283.6 269.1 256.1 248 239.2 234.1 232.1 231.3 231.1 231.2 231.3 230.8 230.5 231 231.6 230.6 230.7 230.9 231 230.8 230.6 230.7 230.6 232.8 246.2 264 270.1 270.2 278.8 287.7 298.5 308.5 317.7 325 335.7 344 353.9 360.2 374.1 388 397.6 407.7 420.7 429.2 424 420.8 416 412.7 406.7 399.6 398.5 394.9 394.6 402.9 415.6 418 424.7 431.3 436.7 443.5 452.3 462 472.6 478.9 481.5 481.4 482.6 487.1 487.8 488.9 492.8 508.3 518.1 527.1 535.2 541.3 547.1
315.9 301.7 290.5 279.3 264.6 258.7 253.3 246.7 238.5 234.3 233.7 233.7 232.3 231.1 230.9 231.1 230.6 230.9 231 230.9 230.8 230.5 230.3 230.2 230.2 231.3 245.5 259.8 263.8 269.7 278.1 285.9 294.9 304.5 315.1 324.5 332.1 341.9 348.9 356.6 369.7 383.5 393.3 399.9 408.5 409.8 407.6 407.1 404.7 399.1 391.4 386.3 384.2 387.4 392.6 399 405.8 412.9 421.8 427.5 430.5 435 447.1 458 466.4 471 474.4 471.9 477.4 479.5 480.9 487.4 502.9 514.8 523.5 531.9 538.2 544.1
340.9 330.5 317.7 303.2 288.3 280.8 273 262.6 257.6 249.2 240.6 238 236.5 233.2 230 230.5 230.4 231.1 231 230.9 230.7 230 230.5 230.3 229.8 230.4 230.9 242.6 256.2 260.9 266.6 275.6 282.7 291.7 302.6 312.6 323 331 336.9 342.7 349.8 363.2 376.6 383.3 390.3 391.1 395.4 398.5 397.1 391.8 386.9 380.4 373 378.5 383.8 389.5 395.2 402.4 406.7 415.2 419.1 422.6 431.7 440.5 449.4 456.5 457.9 462.8 469 469.7 471.9 483 497.3 509.3 518 527.5 534.6 540.9
367.9 359.3 343.5 325.8 301.2 298.2 291.3 285 275.5 263.3 250.7 247.8 243 236.8 233.2 230.5 229.9 230.8 231 230.8 230.4 230 230.6 230 229.4 229.8 230.1 232.9 241.2 247 254.4 264.6 273.7 280.6 288.7 302 309.1 317.9 325.8 331.5 335.4 343.6 356.5 364.4 369.8 378.6 385.5 394.4 391.3 381.3 376.5 371.1 363.3 364.2 372.1 376.9 380.5 385.8 391.3 396.5 401.9 408 418.1 426.5 433.5 440.3 437.4 448.3 456.1 461 466.8 478 490.2 500.8 508.1 522.2 530 537.6
393.8 378.6 363.9 335.5 318.8 313.8 305.7 296.1 285.7 275.6 265.2 259.6 253.1 242.6 238.1 232.2 230.5 229.9 230.8 230.3 229.6 230 229.6 229.6 229.8 229.6 230.3 230.2 232.1 238.3 246.8 254.5 261.9 274.2 278.4 288.3 298 305.8 312.6 319.5 323.1 327.4 338.5 347.6 356.6 365.5 372.5 379.2 370.9 370.1 367.7 363.9 356.2 355.5 355.2 361.6 369 373 376.7 384.4 388.3 395.8 402.8 412.4 420.1 424.9 429.1 436.9 442.3 446.5 458.3 468.2 480.2 490.5 498.5 512.7 524.7 532.8
417.2 401.4 377.9 351.7 335.6 327.1 318.3 308.7 298.8 290.2 278 271.7 262.4 256 253.1 247.1 235.5 230.3 230.3 229.9 229.9 230.2 230.4 230 230.4 229.1 228.8 229.4 230.9 232.6 237.5 246.6 255.2 263.1 266.7 273.5 285 294.2 302.1 309.2 312.9 317 324.9 333.6 341.2 351.8 361.4 351.6 352.4 355.4 356.5 356 353.8 345.9 346.8 349 354.4 360 366 369.9 377.4 383.7 390.2 399 405.6 406.8 418.8 425.8 428.9 439.4 448.2 458.8 470.7 480.9 493 500.9 516.9 526.2
440.7 419.8 395.1 370.7 357.2 348.3 335.9 325.9 314.6 302.7 293.1 283.2 274.6 268.2 265.1 256.8 242.1 236.5 234.6 230.9 230.5 230.3 230.3 230.4 230.5 230 229.4 228.8 230.6 230.5 231.1 234.7 240.4 248.5 257.9 261.9 273.3 281.8 287.9 295.7 303.7 308.2 311.7 316.6 325.9 338.5 337.5 335.3 337.5 340.4 342 344.6 347.1 339 339.7 342.2 341.2 348.7 355.7 358.4 366.1 371.2 378.5 385.7 388.7 397.3 407.5 413.7 419.3 428.4 437.2 447.2 460.4 470.7 482.6 494.1 506.7 520.7
467.1 448.5 417.8 395.6 383.3 370 357 344.9 331.4 315.6 306.8 297.8 288.6 280.8 275 264.9 256.9 247.4 233.4 232.7 232.6 230.8 230.6 230.7 230.7 230.2 229.7 229.9 229.7 230.2 230.3 230.4 230.6 234.3 240.5 253 260.9 272.4 279.9 283.8 293.8 299.3 304.2 307.4 308.7 316 328 322.1 322.4 326.3 329.9 333.4 339.3 339.3 330.5 329.7 328.2 332.7 340.8 345.4 353.5 360 366.4 370.6 377.3 387.7 394 401.3 407.9 415.2 421.1 433.3 446.9 460.2 471.6 481.5 497 510.5
489.1 470.5 449 422.8 408.2 392.6 378.3 364.5 348.1 334.7 324.6 315 306.2 295.8 283.2 272.1 261.9 249.6 243 237 233.6 232.9 231.7 230.9 230.6 230.5 230.2 230.1 229.1 230 230.3 230.3 230.4 230.4 232.2 242.1 253.8 262.5 270.7 273.9 281.7 290.1 297 299.8 299.2 296.8 303 308.9 311.6 316.4 321.7 323.9 327.2 329.5 325.8 318.1 317.1 318.9 328.8 334.5 340.7 348.7 353.2 355.8 367.8 375.1 379.8 388.3 398.5 406.9 412.9 418 434.4 448.3 459.6 470.1 483.9 495.6
514.8 493.1 472.7 447.6 432.4 416.5 403.7 383.8 368.6 354.8 342.5 332.4 326 309.4 296.2 284.2 271.1 260.9 255 247.1 241.8 237.5 236.1 232.3 232.1 231.1 230.9 230.2 230.3 229.2 230.3 230.1 230 230 230.5 231.3 246.2 252.5 260.1 264.1 270.1 279.5 287.8 289.8 291.5 288.2 288.9 295.1 301.2 307.2 314.8 314.8 314.9 317.1 314.7 309.6 309 309.8 313.2 322.3 328.3 336 339.1 345.6 354.3 363.1 367.5 376.1 385.7 394.4 401.3 407.2 418.4 434.3 447 457.4 468.3 478.7
543.7 521.3 500.2 478.6 457.7 439 419.2 400.5 393.4 376.9 363.4 353.3 347.4 325.1 311.9 300 290 279.2 263.6 254.9 253.6 251.3 246.4 240.7 235.2 232.1 231.2 230.4 229.9 228.9 230.3 230.1 230 230 229.9 229.9 231.4 239.6 247.4 254.1 261.7 269.5 272.7 274 272.1 276.6 282.3 283.1 285 298.7 304.9 304.5 305.4 304.1 303.9 298.9 301.2 301.9 301.6 306.5 312.1 320.2 322.2 333.7 340.4 346.9 355.6 363.4 373.1 379 387.7 395.8 403.4 418.8 431 441.6 451.2 461.8
579.1 551.1 527.2 510.9 483.1 457.1 431.9 428.4 415.7 399.9 385.5 379.6 358.8 338.2 323.8 315.8 309.4 296.3 278.7 269.8 265 260.2 253.5 243.8 235.7 235 233 231.7 229.9 229.4 229.9 229.9 229.9 229.9 229.8 229.8 229.8 230.4 234.7 244.3 255.9 259.7 266.2 263.9 262.2 268.9 272.5 276.3 275.8 279.5 289.8 298.4 294.1 293.3 293.7 291.1 288.4 293.1 294.3 294.9 294.5 301.6 310.6 320.8 329.2 335 342.1 349.1 357.1 366.1 375.2 384.1 393.3 404.3 414.8 428.3 436.4 445
604.2 577.6 559.5 537.5 505.2 479.2 450.5 454.1 439.7 430.4 416.4 403.8 380.8 363.9 348.4 336.9 331.2 315.8 298.2 288.3 278.4 269 259.1 250.1 244.9 240.8 238.2 234.7 231.5 229 229.1 229.4 229.5 229.5 229.4 229.6 229.8 229.9 230.5 233.9 245.9 252.1 255.1 255.3 254.2 258.9 260.9 265.8 267.8 267.4 275.3 277.7 281.4 280.3 283.2 281.2 282.9 285.1 285 285.8 288 290.5 297.5 307.1 315.3 323.6 329.6 338 346.1 354.2 362 370.4 379.5 389.8 400.1 413.3 421.1 429.1
608.3 587.3 571.9 546.4 519.7 490.4 481.9 479.6 479.5 463.4 443.8 425.9 407.2 387.8 381.7 355.9 352.3 335.3 314.5 304 292.2 280.8 272.1 264.1 262.1 250.6 244.5 238.3 234.5 231 228.6 228.8 229 229.1 229.1 230 229.8 229.7 229.8 229.7 231.8 237.8 241.5 244.8 250.7 247.7 252.2 256.3 257.6 259 263.1 263.2 266.8 270.5 273.3 268.8 272.9 277.4 277.6 278 279.7 281.6 286 291.1 298.7 310.1 315.8 326.2 335.2 343.9 350.3 357.8 365.6 375.4 382.9 393.1 404 412.2
595.5 586 571.9 548.9 528.3 504.8 510.2 510.4 506.7 489.4 470.2 464.8 443.7 423.2 410.3 373.7 367.7 344 327.1 314.4 303 296 289.1 279.6 271.9 260.6 249.8 241.8 239.7 233.2 230.7 229.1 228.6 228.7 229.7 230 229.8 229.8 229.7 229.6 229.7 230.7 233.3 237.2 239.5 243.9 244.4 249.6 251.7 252.1 253.7 255.5 258.6 261.2 262.8 259.7 265.1 269.5 270.6 271.2 273 273.9 275.8 281.3 283.7 293.5 299.8 312.7 322.8 333.6 338.7 345.1 351.9 359 365.5 378.6 384.4 394.5
589.4 583.4 564.5 544.5 532.9 528.8 538.9 533.7 525.7 514 502.6 497.8 474.8 452.7 437.4 398.2 383.6 357.1 340.1 324.1 316.4 309.2 301.3 293.1 283 273.7 261.7 251.8 243.9 241.4 233.8 230.8 230.2 229 229.3 230 229.7 229.5 229.4 229.3 229.5 229.7 230.9 234.6 236.3 236.3 237.8 246.5 250.4 246.1 245.5 248.3 250.3 252.7 255.1 252.4 257.9 261.5 263.7 264.6 266.2 267.9 272 273.6 275.1 279.7 286.3 301.2 311.2 319.8 325.8 332.1 340.1 346.1 353.1 360.5 367.9 373.5
587.5 574.9 561.2 549.3 552.2 557.9 563.8 561.1 552.6 545.4 539.1 536.7 501.3 482.6 447.2 423.5 397.9 376 359.6 345.2 333.4 325.6 315.4 306.8 298.3 285.9 276.4 266.8 256 244.7 241.3 235.4 232.3 229.9 228.8 229.7 229.2 229.8 229 228.9 229.5 229.7 230 231.5 233.3 232.5 233.5 238.6 242.7 237 238.4 242.6 243.3 244.8 248.4 247.7 250.8 253.2 254.7 256.3 259.2 262.8 264.4 266.2 270.8 273.4 278.3 287.2 299.4 307 313 320.2 327.2 333.2 337.2 344.9 354.3 361
583.9 576.5 567.4 567.7 571.9 579.6 583.9 584.6 581.2 584.4 577.5 563.1 533.2 514.8 479.7 444.8 416.6 398.1 381.2 367.6 355.1 345.2 335.8 323.8 311.7 299.9 291.4 285.2 275 261.1 249.7 243.6 241.9 232.5 230.7 228.8 228.7 229.6 228.9 229.3 229.5 229.5 229.5 229.5 230.6 230.8 231.8 234.9 232.3 232.9 236.5 239 240.1 240.5 242 243.2 242.4 244.4 247.8 251.8 256.6 257.7 257.2 267.4 269.6 268.8 269.8 274.1 281.5 286.3 294.7 304.9 312.8 317 324.6 332.1 341.2 349.3
601.7 594.1 592.9 595.5 599.7 602.5 607.6 606.4 607 608.1 602.6 596.9 565.5 537.5 496.6 477.8 448.1 420.3 404.1 387.9 375.5 364 355 344.3 333.1 315.3 308.8 304.8 304.7 279.5 261.8 255.7 249.3 244.3 234.9 232.1 229.8 229.8 229.4 229 229.4 228.9 228.9 229 230.1 229.1 229.3 229.7 229.4 229.6 233.2 236.7 238.4 237.5 238.9 239.9 239.6 242.2 244.4 247.1 246.1 251.2 251.1 257.7 262.8 267.6 261.6 268.3 271.7 275.4 283.1 291.7 300.5 307.2 315.3 322.2 331.5 337
645.3 628.3 623.8 623.2 626.5 628.7 630.7 627.6 629.2 630 628 628.1 599.6 551.9 524.8 497.2 474.5 443 424.8 411.1 391.2 380.3 367.8 369.8 366.7 344.3 328.8 324.4 318.1 298.9 276.6 274.8 264 258.9 246.6 242 230.3 230.1 229.8 229.9 228.5 228.5 228.7 228.8 229.4 228.7 229.3 228.9 229.4 229.5 229.9 232.8 235.2 235.8 237.1 237.1 236.8 238.4 242 243.8 245.2 245.2 245.3 252 255.7 260.9 259.2 257.5 266 269 273.5 283 291.3 296.1 302.5 311.4 319 324.7
