data/330000-530000.asc
ncols 200
nrows 200
xllcorner 330000
yllcorner 530000
cellsize 50
[rows 140 to 174 of 200, columns 0 to 77 of 200]
659.9 656.4 654.6 653 651.5 650.2 648.6 646.9 645.2 641.9 638.4 634.9 631.5 628.4 623.9 619.6 610.1 591.6 593.1 596.2 596.1 593.5 587.4 576.4 549.6 526.2 504.9 484.7 469.1 459.8 456.9 454.3 450.6 445.2 440.4 437.2 432.1 423.2 410.8 395.7 378 364.5 355.2 352.4 351.6 349.8 346.5 347.2 350.6 362.6 371.5 379.2 383 384.1 374.9 379.8 384.8 404.3 417.7 427 434.9 440.2 442.5 444 443.8 444.9 447 450.5 452.6 456.1 453.7 457 463.9 468.5 472.8 479.1 488.2 498.6
663.2 659.7 658.3 656.4 655.8 654.7 652.9 651.1 648.4 644.9 641.3 637.7 634 630.8 627.3 621.9 614.1 600.3 601.4 603.5 603.4 602.1 597.5 590.4 564.6 539 518.9 503.8 492.1 485.3 481.5 477.9 472.2 465.4 460 458.9 454.1 445.9 433.2 418.6 402.8 387.5 373.1 360.8 348.7 337.6 338.6 332.9 332.1 335.5 343.3 350.7 354.3 357.3 362.7 359.8 370.6 384.8 399.3 407.3 417.5 421.6 422.4 423.6 424.2 426.3 425.8 428.1 430.2 434.1 434.6 438.1 449.2 454.3 460.8 464 464.2 474.5
664.5 661.1 660.5 660 659.6 658.9 656.6 653.5 650.3 646.2 642 637.9 634.3 631.7 629 624.7 617.3 609.5 608.7 610.2 610.2 609.7 607.5 602.8 581.5 556.2 538 523.3 515.5 513 507.8 502.7 494.1 484.3 482.7 483.4 479.7 473.2 459.8 445 430.7 416.2 402 387.7 374.3 359.9 348.7 336.9 328 320.1 323.5 328.4 329.5 330.4 341.9 342.5 349.8 361.9 374.8 383.6 390.4 391.7 391.1 390.7 391.1 392.2 394.4 398.9 403.1 404 401.5 415.1 424.4 435.9 446.5 450.3 449.8 453.3
663.3 660.6 660.1 660.7 660.3 659.7 657.1 653.8 650.4 645.9 641.8 637.9 634.6 632.1 629.4 625.3 620.2 615.6 615.3 616.1 616.5 616.8 615.5 611.8 600.8 585.3 562.9 547.5 542.9 546.9 541.1 531.3 518.5 502.7 506.5 508.4 505.6 501.8 490.8 475.8 462.1 447.2 429 413 397 383 368.3 355.4 341.5 327.4 314.6 315.4 317.1 317.4 324.3 328.2 329.5 338.6 348.4 356.2 361.4 360.9 358.7 358.1 356.3 358.5 359.7 362.7 366.4 367.1 366.8 380.9 390.4 407.4 417.7 423 428.9 431.2
659.7 658.9 659.3 660.5 660.6 659.3 657.2 653.4 649.9 645.7 641.3 637.3 633.8 630.7 627.9 624.5 621.3 621 620.9 621.7 621.5 623.5 622.2 619.5 612.5 603.5 590.9 577.5 573.5 571 563.9 553.2 541.3 521.2 519.2 515.8 513.3 511.4 505.7 495.5 487.5 478.4 463.8 441.2 421.4 405.2 390 376.3 362.1 344.1 323.8 306.7 307.8 309.6 314.7 316.7 315.9 322.7 328.4 333.3 333.4 331.4 328.4 325.5 325.9 325.5 328.2 329.2 330.5 330.4 337.6 346.6 357.6 372.4 380 389.5 397.5 404.7
653.5 655.3 657.2 658.1 658.6 657.6 655.8 652.7 649.4 644.9 639.9 635.2 631.4 628.5 626.1 623.8 624.6 625.7 626.3 625.6 625.8 627.4 624 619.9 612 604.4 596.1 585.7 577.4 572.1 565.2 555.4 544.1 528.9 518.3 514.4 510.5 505.2 501.1 493.8 488.1 482.4 474.3 461.3 447.7 433 417.2 399.9 375.9 353.2 330.5 315.1 302.4 300.4 305 305.3 302.5 310.9 314.6 313.2 309.5 304.6 300.8 299.1 297.3 296.2 298.5 299.4 297.1 302.5 306.3 313.7 324.8 334.1 343.5 353.1 362.3 371.6
646.2 650 652.7 654 655.1 654.1 652.7 650.5 647.6 641.7 636.5 631.2 628.1 626.5 624.8 623.2 624.5 626.8 627.5 625.6 625.4 624.8 620.2 615 606.9 598.9 591.5 583.1 574.6 567.3 560.4 551.4 539.3 524.9 513.7 506.8 502 497.9 492.9 486.4 479.5 474.4 466.4 455.3 444.2 429 404.3 383.5 362.2 346 327.6 313.3 303.2 295 294.1 293.5 289.2 294.2 293.8 290.8 284.7 279 276.1 274.9 274.3 272.6 274.2 276.4 274 281.6 283.1 287.1 291.5 299.7 309.8 320.9 329.6 339
637 641.5 646.8 648.8 649.7 650.1 648.6 645.8 641.6 636.4 632.4 626.8 623.8 622.4 620.8 619.4 622 624.5 625.2 623.2 621.5 618.8 612 605.7 597.6 590.5 582.8 575.7 568.3 560.7 553.2 544 530.8 514.5 503.7 498.3 491.8 486.5 479.4 474.7 468.9 461.5 452.1 441.9 430 408.5 381.5 362.1 342.2 330.4 316.1 304.2 297.3 294 285.1 279.8 276.4 277.4 274.4 273.3 271.7 269.9 267.7 265.3 262.4 263.2 261 260.5 260.9 264.1 268.3 271.8 272.9 273.4 278.7 288.1 299.5 307.5
626.9 632.4 639.9 644.1 645.4 645.7 644.4 641 636.2 631.4 627.5 621.6 617 615.3 614.5 607.7 617.1 619.8 621.1 617.9 613.2 609.8 602.5 595 587.5 580 573.3 566.4 559.6 551.8 543.3 533.4 520.7 504.6 492 486.5 480.3 472.4 467 462 454.3 445.3 435.3 424.7 409.4 384.2 359 339.4 325 314.6 303.3 295.5 289.6 284.5 285.8 287.3 288.3 284.3 281.7 278.6 275.8 273.9 271.6 268 266.2 264 262 260.3 256.1 258.1 258.4 257.9 261.2 260.9 263.5 267.7 274.1 280.5
618.5 624.5 632.2 637.8 640.5 641.8 639.4 635.2 630.8 626.7 621.7 615.1 610 605.3 602.3 598.2 608.8 612.4 612.7 609.4 603.3 596.8 589.1 581.2 574.1 567 560.2 555 549.2 541.4 532.5 521.8 507 493.3 482 473.1 465.4 457.8 450.9 443.2 437.1 428 415.9 399.8 381 359.1 335.4 324.8 313 301.5 293.2 288 290.1 293.7 293 295 294.6 290 289.5 290.1 290.9 289.7 284.4 279.1 272.5 265.9 263.1 262 259.2 256.3 255.7 254.9 254.8 254.3 254.5 256.8 261.9 264.9
607.9 616.5 624.4 631.4 635.5 635.9 634.4 629.9 625.4 620.4 614.4 607.6 602 579.9 581.6 584.9 598.4 604 603.8 599.5 592.4 581.3 574.1 566 557.6 551.2 545.4 540.8 536 529.3 520.7 510.2 495.7 483.5 472.2 461 451 443.6 435.1 428 419.4 409.4 393.9 375.6 357 337.7 323.6 314.1 301.9 293.4 287.3 294.9 302.3 303.7 303.3 305.3 304.5 304.3 304.7 309.6 310.3 308.8 304.4 297.6 288.6 282.1 274.7 261.5 257 255.9 254.6 253.6 253.3 252.5 251.9 251.7 252.2 253.1
599 608.5 617.7 624.4 628.7 629.4 628.3 624.2 619 613.4 603.8 597 591.8 580.5 556 571 587.8 594.2 594.3 589.2 581.6 568.9 558.1 551 542.5 534.9 529 524.7 521.1 515.4 507.5 498.7 487.1 475.1 463.2 450.5 438.3 429.6 420.6 411.6 399.9 385.8 368.4 351 335.1 324.3 313.2 303 294.5 292.6 301.9 309.6 315.8 314.8 320.2 320.5 323.4 326.4 326 329.4 331.3 331.5 327.8 321.1 313.2 304.1 287.3 268.3 257.8 256.6 255.8 253.7 251.2 250.3 250.5 249.3 246.4 246.3
590.9 600.4 610 617.2 621.8 622.5 621.7 619.1 613.2 604.9 593 573.2 576.9 565.9 544.3 560.1 578 584.6 584.3 578.8 570.7 559.2 544.1 536.4 527.3 519 511.7 508.9 506 501.4 495.2 486.6 477.1 466.2 454.1 440.4 427.7 414.6 404.8 391.9 377.2 361.5 346.7 329 318.3 307.4 298 293.7 296.3 306.2 318 325.2 332.5 339.6 343.6 343.6 348 351.7 351.1 352.1 358.4 359.1 357.1 348 334.4 317.4 299.3 282.4 268.8 263.1 260.6 257 251.8 250.6 249.3 248.6 246.6 245.2
582.7 592.6 602 610 614 616.1 615.3 614 608.1 591.9 572.5 554.5 554.7 547.5 530 554 569.7 574.7 574.4 570.3 562.9 552.1 536.7 524.3 510.8 499.1 491.3 490.6 488.7 485.5 479.3 473.6 465.4 456 443.4 431.3 416.8 401.6 385.5 370.4 356.1 341.6 327.8 315.9 304 295.7 294.6 298.4 309.3 320.8 332 346.3 356 364.3 370.2 372.6 374 375.1 380.2 381.3 391.6 392.2 386.7 369.6 343.1 323.7 308.6 293.2 279.4 271.3 264.9 262.3 256.4 252.9 250.3 248.4 244.5 243.7
574.7 584.9 594.1 601.6 607 609.8 610.2 609.5 604.4 590.5 566 543.1 526.7 528.1 529.8 549 561.9 566.6 566.1 561.9 555 545.2 531.5 519.3 505.1 480.2 467.9 470.6 470.7 467.9 463.7 459.1 452.6 444 432.8 420.7 407.2 386.5 366.4 350.4 336.8 327.5 316.5 303.2 295.2 296.1 295.6 312.6 324.7 339.5 352 365.6 376.5 384.8 390.7 390.9 391.4 395.3 403.3 407.9 415.1 418.5 409.7 390.4 355.4 335 320.6 305.1 290.6 283 276.5 275.8 267 260.2 255 249.2 247.8 248.1
566.6 576.6 586.1 593.2 600 603.2 604.5 603.4 598.7 589.5 565.1 542.8 516.9 508.3 524.5 541.3 553.5 558.7 557.6 554.1 548.1 539.1 526.5 514 501.3 480.8 458.1 445.4 450.9 451.5 448 444.2 438.9 430.6 419.9 408.9 394.4 372.8 349.7 335.6 325.4 315.2 299.8 298.5 298.5 302.4 313.4 327.4 342.5 357 367.9 382.3 393.4 399 401.4 401.9 403.9 408.9 415.6 422.6 430.4 437.3 437 407.7 369.7 346.8 331.7 316.1 309.7 300.6 292.4 290 281.4 274 267.4 260.2 256.3 252.3
557.5 566.6 577 585 592.1 597 598.9 597.8 593.4 584.5 562 539.9 516.6 502.9 514.7 530.7 544.7 550.7 550.4 547.6 542.1 533.6 521.4 509.8 498.8 483.5 461.3 443.1 424.4 431.4 430.8 428.8 424.5 417.3 406.4 394.7 379.9 359.3 335.6 322.7 310.8 301.2 300.4 302.2 304.8 315.8 329.3 342.2 356.9 369.2 381.3 393.5 403.4 408.9 411.3 412.4 413.7 418.6 426.5 432.7 441 448.3 449.6 418.7 384 360 342.9 332.4 329.3 324.2 314.7 307 298.2 289.9 281.4 273.5 267.3 259.2
547.9 557.7 567.7 577.6 585.8 591.7 595.3 595.2 590.2 579.4 553.2 532.3 514.3 493.5 504.5 519 535 542.5 543.4 541.6 536.6 528.1 516.8 504.6 493.6 482 464.4 445.5 429.4 409.7 411.1 411.4 409.5 403.8 394 380.2 364.2 344.8 327.7 308.5 302.9 299.6 301.8 308.2 318.1 331.3 341.6 355.2 367.2 380.5 393.5 405 411.7 416.3 419.4 421.4 423.4 428.2 435.1 441.8 448.9 454.7 453.3 423.7 392.1 371.9 360.4 354.2 351.3 350.7 337.5 329.8 319.7 313.4 303.2 292.6 282.2 271.9
537.4 547.7 558 570.4 580.8 587.8 593 594.7 589.9 580.9 556.9 536.5 515 495.1 495.6 507.3 525.4 534.5 536 534.8 530.4 521.9 511.2 499.3 488.3 477.3 463.8 448.9 434.8 421.8 406.9 395.2 390.3 383.4 372.9 359.9 345.8 331.5 318.1 305.3 301.2 306.1 311 318.1 332.4 343.9 354.9 365.1 377 391.2 402.8 412.3 418.2 422.2 426.4 428.3 432.1 436.6 442.8 449.8 456.6 461 461.9 437.2 405 392.5 384.6 381 380.4 376.3 362.9 354.6 344.3 333.5 322.7 312.3 301.8 289.9
525.5 536.2 552.6 566.4 578.1 586.3 593 595.3 592 584.6 569.3 547.8 523.5 499 487.2 499.7 515.6 525.7 527 526.7 522.3 514.6 504.3 494.1 483.1 472.1 460.5 449.7 439 429.1 418.8 408.6 394.2 379.3 357.2 335.8 331.1 321.7 311.5 302.6 310.3 314.8 320 323.3 342.4 354.6 365 374.1 387.6 401.7 411.7 417.3 422 427.7 431 434.6 438 442.4 448.6 455.4 462 467.4 468.8 463.1 436.2 425.4 417 415.8 416.3 405.6 385.2 370.9 358.1 346.1 334.1 326 314.7 293.8
524.1 537.5 551.1 564.4 575.4 585.3 594 597.4 595 587.4 577 558.5 530.9 502.8 476.6 492.3 504.2 513.3 514.1 515.1 512.1 505.3 496.2 487.1 475.8 464.1 454.8 446.2 438.1 430.7 422.6 413.3 400.5 382.8 363 344 325.6 314.9 305.5 311.1 321.6 328.9 333.1 322.2 348.9 361.9 371.3 381.1 395.8 407.5 416 421.5 427.3 432.6 436.7 439.6 443.1 448.2 454.4 461.3 467.1 472 474.2 473.7 467.1 462.6 456.1 453.6 443.3 419.6 397.5 381.2 368.5 355.1 344.8 334.2 317.7 313.6
521.9 534.3 548 560.7 572.4 583.4 590.7 595.4 593 586.6 576.8 564.8 540.4 510.5 483.1 479.4 492.5 499 501.1 501.8 499.6 495 487.1 477.6 466.1 456 447.4 439.5 433.4 427.1 419.4 409.1 395.5 377.3 358.3 339 320.9 308 311 324 334.6 339.5 339.6 333.8 349 366.8 377 387.6 401.1 411.9 418.6 424.4 430.8 436.7 441.7 445 449 454.2 460.6 467.3 472.5 476.5 480.2 480.6 478.1 474.6 470.1 463.4 444.4 421.1 403.2 388.2 374.2 364 353 340.4 329.3 330.2
518.1 529.2 543.3 556.3 568.4 579.6 586.8 591.2 589.7 583.1 573.3 563.8 548.3 517.3 487.2 462.4 481 483.2 486.7 488.7 486.4 481.2 474.7 465.7 454.8 446.4 438.6 431.9 426 420.6 412.2 402.3 387.4 370.2 350.8 330.4 315 310.9 322.3 335.4 346.6 352 351.5 346.3 350.8 369.6 380 391.4 403.2 413.2 420.7 426.8 433.7 440.7 445.9 450.8 454.9 460.4 467.7 474.6 480.3 485 487.7 488.6 487.2 484 478.5 465.1 439.7 422.2 408.1 394 381.7 371.4 360.1 344.7 345.7 344.1
513.4 524.4 538.7 551.9 564.8 575.1 583.2 585 584.3 577.9 569.4 561.4 550 525.1 494.5 466 463.6 467 470.3 472.5 471.6 467.1 460.6 452 443.7 436.6 430.6 424.3 418.7 412.2 403.8 394.8 381.5 361.8 339.3 321.5 310.1 319 334.3 348.8 356.1 360.7 363 359.4 344.3 367 382.2 392.5 404.9 414.5 421.8 429.8 437.2 444.5 450 455.4 460.7 466.8 474.5 482.3 489.1 494.6 497.8 498.8 497.1 494.3 489.2 462 438.3 425.2 413.7 402.3 392.2 379.9 363 361.2 358.3 357
510.2 521.6 533.4 547.7 561.3 569.6 577.2 580.1 578.9 573.9 566.8 557.1 546.3 529.7 500.4 472 444.1 451 454.3 455.4 454.7 451.5 446.5 440.1 433.8 427.2 422 415.8 410.6 404.5 397.1 389.4 375.7 353.7 333.4 317.6 313.2 324.9 343.7 355.6 364.1 370.1 374.8 375.2 359.2 357.7 376.1 388.5 404.1 413.4 422.6 431.6 440.1 448 454.3 459.8 466.6 472.5 481 489.9 497.4 504.9 509.3 510.6 511.7 508.9 501.4 463.9 443.5 430.7 420.6 411.6 403.4 384 379 376.5 372.7 369.1
508.4 519.4 530.5 542.9 556.6 567.6 574.8 575.6 574.3 569.1 561.7 551.7 540.9 530 514.3 487.4 458.1 431.2 435.9 439.6 438 436 432.3 427.4 423.1 417.6 412.4 407.2 401.2 396.4 390.9 383.6 369 347.6 326.7 314.2 317.4 333.4 349.8 361.4 372.1 380.3 385.4 385.1 374.5 364.9 376.5 377.9 399 412.5 422.9 432.7 441.7 451.2 458.6 465.1 471.8 479.1 487.7 497 505.7 513.4 519.3 523.4 526.1 524.3 502.3 470.7 448.3 435.6 425.9 417.9 407.4 395.9 393.8 391.7 390.5 385.7
506.4 518.1 529.3 539.9 551.7 563.7 570.4 571.5 569.2 563.7 555.5 545.2 533.7 524.7 514.2 500.7 479.5 451 426.3 414.9 417.3 419.2 418.4 414.5 410.5 406.3 402.4 397.4 392.5 388.5 384.4 375.5 359.6 341.5 322.2 312.8 326.2 342.7 357 369.4 382.1 390.1 394.4 394.5 382.5 370.8 387.8 395.7 389.4 404.1 421.1 432.6 443.7 453.8 462.5 471 478.5 485.3 493.7 504.5 514.7 523.4 532 536.6 541.3 541.6 517.8 484.9 457.2 442.4 433 428.3 414.1 415.4 413.3 410.3 406.1 402.1
502.8 515.6 526.4 536.5 546.4 556.6 563.6 566.1 564.1 558.4 547.8 537.2 525.8 515.9 506 495.3 481.4 464.1 449.2 432.9 412.9 393 396.3 392.7 391.9 394.9 392.1 387.9 383.8 378.5 372.8 360.5 343.7 327.1 316.6 321.3 334.8 349.5 364.4 377.1 391.1 399.8 402.7 401.9 395.1 377.6 391.9 402.6 409.9 412.9 408.8 427.1 442.6 453.2 463.3 473.5 482.1 489.5 497.4 509.8 521.6 532.5 541.8 549.6 556.6 559 536.3 499.7 468.2 452 443.4 437.1 432.9 434.2 430.7 424.9 420.2 415.2
498.2 510.6 521.5 531.7 541.6 550.4 558.1 560.6 558.6 551.3 540.5 528.4 516.3 506 496.1 486 474.1 458.5 444.9 433.9 423.7 413 403.5 391.8 370 375.4 379 376 371.3 366.1 357.2 343.1 326.2 318.9 325.2 330.8 344.4 356.9 370.8 382 396.1 405 407.9 408.7 406.5 397.5 388.7 405.8 416.1 422.9 429 430.6 430 451.1 463.3 474.1 484.1 492.3 501 513.2 525.2 536.7 548.5 558.3 567.3 573.4 558.1 519.2 485.7 466.4 459.3 455.5 451.6 451.7 448.3 440.8 435.4 430.7
490.8 504.9 515.4 526 535.9 544 552.9 556 552.8 544.1 531.7 518.7 506.9 496.5 485.6 474.6 463 449.2 437.5 427.2 418.3 408.5 399.3 389.1 378.9 354.6 366.8 363.6 358.9 350.9 339 325.3 317.4 328.7 335.7 343.6 353.5 364.5 375.4 386.7 398.2 407.4 412.3 414.5 414.5 410.3 395.8 409.2 422.9 429.5 436.3 443.1 446.7 441.7 461.9 474.9 485.9 494.9 504.8 515.5 527.8 539.3 550.8 562.1 572.1 581.8 581.8 543.4 505.6 482.4 472.7 463.6 473.8 472.8 469.1 462.4 454.4 445.6
482.9 497.9 509 520 528.6 539.1 547.2 551.5 547.7 537.4 524.6 509.9 497.5 485.7 473.9 462 450.7 439.8 429.6 419.1 409.6 399.9 390.1 381.7 372.8 363 341.3 349.6 343.5 334.6 325.2 318.7 330.5 339 345 352.6 361.4 370.3 380.8 391.1 403.1 411.5 417.5 420.3 420.7 420.7 408.8 409.6 429.3 436.9 443.8 450.5 457.2 462.7 456.5 472.7 488.2 497.9 507.4 517.8 529.2 540.4 551.9 563.3 573.8 582.6 586.3 557 522 495.5 481.1 472 481.1 490.3 491.2 485.1 471.2 461.1
472.9 489.2 501.8 512.7 522.9 532.8 540.9 545.7 541.1 528.6 515.6 502.4 487.4 474.2 462.9 450.5 439.7 429.9 418 408.4 398.3 387.1 377.7 369.6 359.8 349 339.8 334.9 329.9 324.9 320.7 332.7 342.8 347.8 353.6 360.3 367.7 376.7 386.2 396 407.3 415.5 422 425.7 427.9 428.6 420.8 430.8 431.8 444.5 451.4 458.2 464.9 471.9 478.2 477.6 486.4 500.3 510.5 520.9 530.4 540.2 550.9 562.7 573.6 583.2 589.6 570.9 536.9 507.3 483.9 472.6 472.6 477 485.9 490.8 487.3 480.7
462.1 478.8 491.7 502.5 513.8 525.3 533.7 537.9 533.6 520.1 506.9 494 478.4 465.1 450.9 439.4 428.7 417.1 404.8 395 383.5 372.4 361 348.7 339.1 334.8 329.1 324.8 324.2 324.6 332.9 341.7 347.2 352.9 359.9 367.7 374.8 382.9 391.7 401.3 412.1 419.5 426 430.9 433.8 436.2 437.5 441.1 445.7 451.8 458.8 465.8 473 480.4 487.7 493.9 498 492.7 510.7 523 531.9 541.6 551.5 563.6 574.2 584.5 593.8 596.1 563 518.1 489 473.2 472.6 472.6 473.7 476.5 484.5 494.3
450.6 468.9 481.7 492.3 504.7 515.5 524.7 530 525.4 513 500.3 485.7 470.8 455.3 439.6 426.7 414.5 404 392.1 382.5 371.8 359.2 345.1 335 331.7 328.4 327.8 327.4 328.3 331.4 339.3 345.6 351.2 358.8 366.5 375.3 382.3 390.1 398.2 406.7 416.6 424.7 431.6 437 439.9 443.6 446.3 449.4 453.6 459 465.7 472.9 481.2 489 496.2 502.8 507.8 511.2 511 523 533.7 542.9 553.9 564.9 575.1 585.7 595.8 603.7 579.3 531 494.1 472.6 472.6 472.6 472.6 473.5 488.8 504.8
438.1 457.9 471.3 483.3 496 505.9 515.9 522.5 519.3 507.4 492.1 476.4 462.4 445.6 429.4 414.5 403.1 393.3 382.3 369.8 358.7 344.9 335.7 332.3 330.1 327.9 329.3 331.3 333.9 337.8 343.1 350.6 359.5 367.9 375.6 382.9 390.5 397.5 405.9 414.4 423.1 431 438.2 443.1 447.2 451.4 454.7 457.3 461.6 466.5 472.8 480.1 487.8 495.5 503.6 509.5 515.3 519.4 522.7 521.5 533 545.1 556.1 566.7 577 587.9 597.4 605.9 588.2 540.7 508.1 483 472.6 472.6 472.6 478.4 498.4 519.6
