data/330000-790000.asc
ncols 200
nrows 200
xllcorner 330000
yllcorner 790000
cellsize 50
[rows 0 to 34 of 200, columns 78 to 155 of 200]
338.7 346.6 354.1 360.7 369.6 381.1 397.4 415.6 434.2 452 469 486.9 505.9 521.8 522.8 510.7 496 487.2 476.6 465.6 456 447.3 440.1 432.5 428.1 428.6 431 432.9 433.9 434.7 432.3 430.1 427.3 425.8 426.1 426.7 427.6 429.3 430.8 434.2 439.1 444.3 451.3 459.5 468.4 474.5 473.3 469.8 465.8 459.5 452.1 448.8 445.9 442.2 437.5 432.7 427.6 421.8 419.7 415.7 416.5 426 432.4 436.4 440.6 444.3 444.6 439.1 428.8 414.3 401.1 387.7 378.4 373 365.4 353.4 335.6 347.9
330.2 336.6 340.8 346 352.9 362.6 381.5 402.7 424.5 445.4 462.3 480.3 498.8 513.8 516.4 507.9 492.6 481.1 470.5 460.6 451.7 443.1 435 427 420.6 418.6 420.7 425.4 427.4 427.9 427.1 425 422.6 421.5 422.2 422.8 423.8 425.4 428.6 433.5 438.2 444.7 452.4 461.1 469.6 476.8 476.7 472.8 469.2 464.3 456.5 452.8 450.4 446.1 442.4 440.2 438 434.2 429.3 423.2 414.9 409.4 406.8 416 425.6 430.3 432.2 428.6 418.9 405.7 389.4 369.6 360.6 354.4 343.7 338.2 334.6 336.7
323.6 327.5 330.6 336.4 343.3 350.4 367.2 391.9 415.1 438.2 455.8 473.5 491.3 506.5 510.2 504.9 491 476.1 464.1 454.1 446.2 438.1 430.4 422.2 415.6 411 409.8 416.3 421.3 422.1 421.6 419.9 418.2 417.3 418.2 419.1 420.9 424.6 428.8 433.6 439.5 446.1 454 462.9 470.7 478.5 480.9 477.8 473.7 466.9 460.4 457 454.2 449.2 445.5 442.7 440.9 439.5 436.9 434 429.9 424.8 419 404.8 400 411.1 416.2 415.4 407.9 394.6 375.4 356 357.6 350 345 341.2 329.8 325.5
312.4 318.4 321.6 326.7 333.6 342.5 358.5 382.1 405.5 429.1 449.1 466.7 483.3 497.9 505.5 499.8 484 469.9 457.3 447.6 439.6 431.3 423.8 417.6 411.2 405.2 403.3 408.3 412.7 415.5 416.7 415.3 413.7 413.1 414.1 416.4 420.1 424.3 429.2 435.4 442.1 448.4 456.2 464.4 473.2 480.5 483.4 482.2 478.2 471.7 464.5 459.1 456.3 452 447.6 444 442.7 441.5 440.1 438 434.7 431.2 428.9 423.5 412.7 400.8 396.3 396.8 395 377.3 373.4 379.8 377.7 374.3 369.6 360.4 346.4 325.7
301.8 308 313.4 318.8 325.5 335.4 349.3 372.4 396 419.7 442.4 460 475.7 488.8 498.9 492.7 476.2 462.6 450.8 441.1 432.5 423.8 416.2 411.5 405.5 399.4 397.4 401.8 405.9 410.2 411.2 410 408.7 409.4 412.1 416 420 425.2 431.5 438.4 445.3 451.7 459.2 467.6 475.3 481.5 486.5 486.8 484.9 477.5 470.4 462.9 459.7 455.9 449.6 446.3 445.3 444.6 443.5 441.8 438.7 435.5 432.9 430.9 426.3 420.7 412.7 402.2 397.7 397.8 396.8 392.5 388.4 384.2 380.8 371.2 356.6 333.7
292 297.8 304.2 310 316.5 326.2 341.3 362.1 385.5 409.2 433.9 452.6 466 477.4 487.6 481.7 468.3 455.7 443.1 433.6 425 416.2 408.4 402 396.4 392.5 393 395.8 400 404.3 405 403.3 403.1 407.5 411.9 416.4 421.4 427.9 434.3 441.1 448.4 455.1 462.2 470.8 477.4 483.4 487.4 490 488.5 483.2 476.6 469.8 464.2 458.8 453 449.5 448.8 448.1 446.8 445.5 442.5 439.5 437 435 431.9 429.9 427.7 423.6 419.3 415.7 408.8 402.2 396.7 391.6 386.9 379.6 364.8 342
282.6 286.3 291.6 298.6 304.5 315.4 332.1 352.1 374.5 398.5 423.4 444.6 455.6 461.2 471.9 466.1 457.9 445.5 433.9 425.5 415.6 405.5 398 391.2 386.9 387.4 387.5 390.2 393.9 397.7 399 397.2 402.8 407.9 413.1 418.3 425.2 432 438.3 446.1 452.2 458.6 465.8 473.1 480.1 485.9 489.7 492 490.8 488.8 484.5 477.5 470.8 464.5 458.4 454.3 453.1 451.7 450.3 449 446.9 444.4 441.4 439.6 438.5 436.7 434.5 431.2 427.3 422.6 416.2 408.9 402.1 396.8 390.8 385.1 371.7 350.7
270.8 271.1 274.4 281.4 289.8 301.6 320 339.8 361.8 386.8 411.4 433.6 441.4 444 448.7 451.5 444.6 435.3 425.6 414.8 403.8 395.2 387.4 380.6 381.3 381.4 382 384.7 388.1 389.9 390.7 399.6 404.4 409.6 415.6 422.7 430 437.7 444.5 451.5 457.3 463 469 476.3 482.8 489.4 494.1 495.3 494.8 493.1 488.5 483.1 476.8 471.2 465.2 461 458.6 457 455.6 454 451.6 449.4 446.9 445 444 442.6 441.2 439.6 435.3 429.9 423 414.1 405.9 398.7 392.8 387.3 376.4 355.3
268.4 267.3 266.8 267.9 273.4 284 305.2 326.8 349.2 373.8 397.9 420.9 427.1 427.1 426.4 426.7 426.2 418.7 408 398.3 388.5 381.1 374.2 372.7 372.7 374.9 376.5 376.3 385 391.3 397.3 401.8 407.5 413.9 420.9 429.8 438.3 445.6 452.3 458.4 464 469.6 475.9 482.5 487.4 492.6 497.8 498.9 498.8 496.9 493.7 488.7 483.5 477.9 474.6 470.6 467.6 464.7 462.7 460.9 458.6 455.8 455 453.7 450.6 449.2 450.3 450.2 444.2 437 428.5 418.3 408.2 399.2 393.2 388 379.1 362
266.9 265.9 265 265.3 265 269.8 287.5 312.1 336.7 361.2 384.6 406.3 413.6 409.6 407.3 401.5 403 399.3 389.5 381 374 366.9 365.3 365.2 364.5 365.9 376.2 382.3 388.4 395 401.1 407.2 413.2 420.3 429.5 439 446.6 453.4 459.9 465.6 471.2 476.9 484.2 489.1 492.5 496.9 502.8 505.1 505.8 504.1 500.4 495.6 491.6 488 485.9 482.7 479.3 476.4 474.2 472 468.4 464.3 462.8 462.3 461 460.1 458.9 455.7 449.2 441.1 431.2 419.9 409.9 399.4 391.7 386.3 379.9 365.3
265.8 264.7 263.9 263.9 263.7 263.5 272.1 299.5 324.5 349.3 372.1 391.3 397.8 394 388.3 383.7 379.9 376.4 370.1 365.6 359.2 356.4 355.2 356.7 366.5 375 382.7 389.5 396 402.1 408.4 414 419.7 427.9 438 447.1 455.3 462.3 468.3 473.5 478.5 485.8 491.6 495.7 498.7 502.8 507.9 512.7 513.7 511.4 507.6 503.5 501.1 499.3 498 495.6 493.2 489.1 486.9 485.4 480.7 475.1 472.3 472.5 473.5 473.7 467 460.5 452.9 443.4 432.6 420.7 409.4 399.1 390.9 384.5 377.9 364.4
264.1 263.6 264.3 263.9 263.6 263.2 262.8 284.5 313.2 337.1 360.2 376.2 381 378.2 372.1 366.5 362.9 357.7 352.9 349.4 346.5 346.5 356.7 364.2 373.9 382.9 391.2 397.7 403.9 410.6 415.3 420.4 426.4 435.8 446.4 455 463.1 470 474.9 480 486.8 494.5 499.6 502.9 506.3 510.2 514.3 520.1 524.3 521.2 516.8 512.6 509.8 510 510 507.4 503.3 501 501.2 497.2 492.2 486.6 483.2 483 483.8 480.8 475.2 465.8 456.3 444.8 433.1 421.5 410.3 399 390.9 383.8 376.7 367.6
285.8 277.8 267.8 261.6 261.3 262 262.1 270.4 303.2 325.4 348.1 361.6 362.8 359.7 355.8 350.9 346.7 345 336 338.7 347.1 356.4 365.7 375.6 385.7 394.8 402.7 408.3 414.6 418.4 422.4 427.5 435.5 444.9 454.5 462.6 470.4 476.8 481.9 488 496.6 503.1 507.7 511.1 514.2 517.7 521.6 527.3 530.8 528 525 522.7 520.9 520.7 519.3 515.3 510.6 510.3 510.8 508.7 504.2 496.2 492.7 489.1 488.5 486.6 480.1 470.9 459.6 446.9 434.6 421.5 410.1 399.6 392.4 385.5 377.6 366.6
300.8 292.8 283.3 276.7 268.4 262.9 262.5 261.6 294 316.2 336.1 346.7 347.4 343.1 339.2 336.1 332.9 327 335.4 347.3 358.7 368.9 378.1 390.2 398.8 406.5 414.4 420.1 423.1 426.2 430 437.1 445.1 453.8 462.7 470.2 477.5 483.8 489.9 498.5 505.5 510.8 515.4 519.4 522.5 526.9 530.7 534.3 534.4 533.5 529.7 528 527.8 527.1 524 520.2 517.6 519.6 519.9 518.3 512.7 504.6 501 496.8 493.6 491.9 486.4 478 464.8 450.4 436.4 421.8 412.3 402.4 393.8 386.5 378.1 367.3
312.2 304.2 294.5 284.5 276.5 264.2 261.3 259 286.7 308 327.3 336.8 334.6 328.8 320.3 315.8 324.7 336.5 345.5 359.1 372.2 381.8 391.5 402.9 414.2 422.5 429.5 429.9 431.3 434.6 440 447 454.5 462.3 470.9 479.8 485.8 492.3 500.6 507.5 513.6 518.1 522.5 528.1 531.3 536 540.7 540.7 536.6 532.5 530.8 530.3 530.2 529.3 525.7 522.1 522.6 521.2 524.3 522.8 519.6 513.5 510.8 506.1 501.2 498.2 495.1 487.1 471.5 454.9 439.2 426.3 416.4 405.4 395.1 386.8 378.3 367.4
324.9 313.2 302.2 292.5 282.8 273.1 260.9 259.4 280.3 299.3 313.4 322.3 318.6 303.6 314.3 326.9 336.4 347 358.7 372.7 387.2 397.8 407.1 417.9 428 438.6 440.6 440.1 442 445.6 449.9 456.6 463.2 471.3 480.1 487.2 494.1 502.1 510 516 519.8 523.9 530.6 536.8 540.2 545 545.4 541.8 535.6 530.3 528.1 527.6 526.2 524.8 522.8 519.7 520.7 520.8 523.9 523.8 523 520 518.7 515.2 509.2 505.9 502.3 493.4 477 461.4 445.1 433 422.7 411.6 399.4 389.4 377.8 368.9
336.5 321.3 309.5 299.8 289.5 281.2 259.8 259.2 274.6 292.9 303.1 304.3 297.2 310.1 324.6 337.4 346.8 359.6 374.8 392.3 405.6 413.9 423.2 432.2 441.4 449.2 450.4 452.8 454.5 457 460.6 465.4 471.3 478.3 485.7 494.3 503.5 511.7 519 524.4 526.1 529.8 537.3 540.5 542.8 544.6 543 537.8 532.5 528 523 521.5 517.5 515.7 513.9 511.2 513.4 517.4 520.7 525.4 526 525 525.1 522.4 519.3 515 510.2 499 485.4 472.4 454.8 441.5 428.9 417.6 406.5 394.3 382.4 371.4
341.1 327.2 314 301.7 289.6 276 259.5 258.6 271.9 287.8 289 292.8 304.6 320.8 335.7 347.6 359.1 375.8 392.3 409.7 420.7 429.1 440.3 450.1 456.5 462.2 465.6 468.9 469.7 470.4 471.1 473.9 478.5 485.3 492.6 502.4 512.2 520.1 528.3 532.9 534.2 535.3 538.8 538.1 537.8 538.3 536.8 531.6 527.1 522.7 516.3 512.6 508.7 507 504.4 505.3 507.3 510.8 516 522.3 527 528.9 528 527.4 525.2 521.5 515.2 504.4 492.1 482.9 466.6 450.1 437.1 423.1 413.2 400.7 387.9 375.5
341.6 327 312.8 299.1 282.8 268.5 258.6 258.5 268.5 275.4 288.6 305 315.5 330.4 346.4 360.7 372.3 388 405.3 421.9 433.8 444.6 455.3 465.6 472.3 477.9 481.7 484.3 485.2 483.8 482 483.3 487.6 493.6 500.6 508.2 516.9 525 533.5 537 537.3 536.3 534.9 532.6 534.4 532.7 528.5 523.8 520.5 515.3 509.2 504.1 501.8 498.3 495.6 497.6 501.8 505.4 510.7 517.6 524.2 526.8 529.7 530.9 529.5 524.5 517.4 507.1 499.7 489.5 474.6 458.1 443.2 429 419.2 406.9 392.7 379.6
341.6 325 309.5 294.3 278.9 259 257.4 258.1 264.3 273.9 290.7 307.4 321.2 337.8 354 367.1 380.4 397.3 413.6 427.6 441.2 453.3 465.5 478.9 488.4 494.1 497.8 499.5 499.7 496.2 493.9 495.1 496.9 502.4 507.1 513 521.9 529.5 535.6 539.6 538.9 531.4 526.7 528.8 531.1 527.6 522.5 517.5 513.5 507.4 501.2 496.5 491.1 484.7 485.7 489.7 494.3 497.7 504.8 511.5 519.8 527 530.4 530.9 528.7 523.9 517 509.6 503.3 493.8 478.9 463 449 435.2 422.6 408.4 394.6 382.1
341.2 324.8 308.1 292.3 269.7 258.1 256.4 257.4 264 277.1 292.2 309.5 323.9 344.7 360.9 373.6 386.4 400.7 416.5 431.1 444.9 458.3 473.6 490.7 505.4 511.7 515.2 516.8 513.7 507.8 504.2 502.5 503.6 507.4 510.8 515.5 524.4 530.5 536.2 534.5 529.3 524.7 522.1 522.4 523.1 520.5 515.3 510.4 505.1 499.1 492.6 486.4 479.2 476 477.1 480.4 483.4 490.7 499.6 508 515.8 522.1 525 524.9 524.9 521.6 515.9 511.9 505.1 494.3 479.4 466.5 456.1 441.6 426.2 409.4 395.2 384.6
345.2 325.3 308.1 289.1 265.1 257.2 254.2 256.4 262.2 275.3 291.8 310.7 327.6 348.1 362.9 374.4 387 402.1 417.9 433.1 447.1 463.1 480.6 500.6 518 526.7 527.4 524.4 521.4 518.1 513.8 509.6 509.6 511.9 514.8 515.7 520 524.8 528.1 524 520.7 517.9 515.4 512.9 509.1 506.5 501.9 499.1 495.1 489.1 481.9 474.8 469 467.6 469 470.6 475.9 484 493.6 503.1 510.7 517.3 520.9 521.3 520.8 516.5 516.5 514.4 505.7 492.5 481.9 471.2 456.1 440.1 423 406.2 396.5 388.7
348.1 328.8 306.1 286.1 262.5 256.4 254.9 255.4 258.5 274.2 290.1 309.2 327.3 348.5 362.4 373.3 386.8 401.9 418.6 434.4 451.8 470.5 489.6 506.4 521.8 528.5 528.9 528.2 525.6 521.6 516.3 513.3 511.8 513.2 512.6 513.1 512.6 516 517.8 517.1 516.1 512.4 507.8 501 497 493.1 489.5 485.7 481.5 475.4 468.5 464 460.9 460 461.4 464.5 469.4 476.7 486.4 496.7 505.6 512.6 517.8 519.2 515.5 516.8 516.5 513 504.1 492.3 483 468.8 454 436.6 418.6 407.2 400.4 395.9
349.9 329.9 307.3 287 262.4 255.5 254.3 255.1 256.5 272.5 288.4 304.6 323.8 345.5 359.5 371.4 386.4 399 417.6 436.4 455.6 477.6 494.3 509.4 521.8 527 527.7 528.7 525.5 520.6 516 511.6 510.9 510 508.7 507.1 505.1 507.7 510.2 510.4 509.1 503.5 497.1 490.2 484.7 480.2 475.3 471.5 467.4 461.4 456.5 454.1 453.4 453.1 455.6 457.9 463.1 470.1 479 490 499.1 507.8 513.9 515.6 515.5 517.6 517.9 513.6 505.1 494.6 483.3 467.5 453.6 436.2 421.2 410.1 404.8 401.5
348.9 329 309.3 288.5 264 255 252.7 253.8 255.4 269.4 284.2 300.6 321.1 340.7 352.1 364.6 376.6 390.2 412.2 436 459.5 478.7 496.2 512.7 520.6 523.7 523.6 523.1 521.3 521.3 514 506.6 504 501.4 499.9 498.8 498.5 499.9 502.4 502.9 497.5 492.9 486.1 477.7 471.1 465.9 460.8 456 451.8 447.8 445.5 444.3 443.8 445.3 448 450.6 456.2 463.9 473 483.7 493 501.3 507.5 511.9 512.9 514.8 518 514 505.8 495.5 483.9 469.8 454.9 442.4 430.2 416.5 409.4 408.4
347.3 327.8 309.2 290 269.4 254.2 253.9 252.6 254.5 264.8 279.9 296 314.2 333.6 343 354.5 366.9 382.1 405.3 431.2 457.4 476.2 494 508.8 514.9 518.1 517.5 516.4 515.7 514.2 508.1 499.1 494.5 492.5 490.4 488.5 490.1 491.6 493.9 493 489.3 483.8 477.2 468.6 460.7 454.2 449.1 444.9 440.9 437.3 434.8 434.1 436.1 437.2 439.5 442.9 449.7 458.4 468.8 480.6 489.5 496.2 501.5 506.3 507.2 512.4 515.5 512.3 505.7 497.6 487 475 464.4 452.8 440.1 425.6 416.6 417.1
345.7 327 306.5 291.3 273.5 253.7 253.5 253 254.2 260.3 274 288.7 305.7 324.5 332.4 344.4 355.6 374.3 399.1 425.7 453.9 471.2 489 502.9 508.7 512 510.9 509.2 508.5 506.6 498.3 488.9 483.3 480.3 477.7 479.6 482.3 481.6 484.2 486.7 484.4 477.9 468.5 459.5 451.2 443.6 437.8 433.3 430 426.4 424.8 425.4 427.6 429.8 431.9 436 444.1 454.4 466.1 477.8 484.7 491.3 497 500.2 503.1 507.1 510 509.3 507.4 499.9 490.1 479.3 467.9 456.1 443.7 432 429.6 434.1
343 324.9 308.3 292.9 274.7 254.5 252.8 252.2 250.3 255.8 267.7 281.2 295.7 309.1 323.2 334.2 346.4 365.2 391.4 421.6 445.4 464.1 480.2 496.3 501.3 502.5 503.2 501.4 496.1 493.2 484.2 479.3 473.7 468.1 468.9 470.5 473.1 471.9 474 474.8 470.7 463.9 455.7 448.8 441.9 434.7 429.7 424.2 420.5 418.1 417.3 417.8 418.6 422 426.7 430.9 439.2 451.1 463.9 473.6 480.5 486.8 490.8 494.3 497 500.6 502.7 504.7 503.3 496.4 489 478.8 464.8 452.6 444.9 441.6 442.9 451.6
336.2 321.4 305.3 292.6 274.6 255.8 252.9 251.6 250.8 250.4 261.8 275.1 288.6 301.3 313.9 324.2 336.7 353.9 382.7 411.1 432.7 453.7 472.9 488.2 492.7 493.5 494.2 492.3 486.5 479.6 474.3 469.7 464.1 459.9 459.1 460.1 461.7 460.8 461.6 460 456 450 443.4 436.9 430.6 426 420.4 416.5 413.7 412.1 410.7 410.1 410.8 414.4 419.1 426.3 436.6 449.2 460.7 469.2 475.3 479.7 482.5 485.5 488.6 491.9 493.8 497 495.6 489.9 484 472.5 459.4 453.7 450.1 447.1 457.7 461.1
320.3 312.6 302 293.4 275.5 259.3 255.8 251.8 250.5 250.1 250.4 263.8 280.3 291.3 304.1 315.5 327.7 345 371.5 398.5 419.2 440.4 460.3 477.5 482.8 483.1 483.7 482.1 476.5 470.4 465.4 458.4 452.3 447.6 448.4 449.4 451 450.3 450.8 447.8 445.2 439.8 433.3 426.5 420.7 416.8 412.8 409.6 407.8 405.8 403 402 403.5 407.7 413.2 423.3 435 446.5 456.8 464.2 467.5 469.3 470.8 474.2 479.4 482 486.1 489 486.5 481.3 475.1 465.7 459.4 456.1 452.5 451.5 461.8 465.3
328.7 315.5 299.3 283.9 272.2 261.1 255.7 252.3 250.5 249.5 249.7 249.7 274.5 283.6 295.1 306.7 319.2 337.3 359.7 385.3 405.4 427.1 447.3 465 476.2 478.7 474.2 471.8 466.1 459.6 451.7 443.7 437.9 435.9 438.5 440.6 442.1 443.1 443.1 439.2 434.9 427.9 422 416.5 412.2 407.9 405 403 400.2 398.4 395.7 394.4 396.6 401.1 409.3 420.2 433 442.8 451.3 458.2 460.6 462.4 463 466.2 471.6 476.1 478.1 479.4 477 469.9 465.2 461.4 458.2 456.8 456 458.6 465.5 469.2
337.2 327.6 311.1 291.8 271.4 259.2 255.4 252.3 250.3 247.5 248.7 248.6 264.7 276 286.2 298.2 310.6 324.9 346.8 371.9 391.8 413.8 433.9 451.3 465.9 476.7 468.5 461.2 453.8 446.2 437 429.1 423.9 424.1 428.3 430.7 435.9 436.9 433.9 427.3 422.5 416.7 411.8 407.6 403.6 400.4 398.5 395.5 392 389.9 387.8 388 389.7 396.7 405.4 417.8 429.5 438.1 445.4 452.1 454.4 454.8 455 455.2 461.3 463.1 465.8 466.6 464.2 460.4 457.6 456.8 459 456.6 458.4 464.4 469.6 471
342.4 332.3 317.4 298.8 276.1 261.2 252.9 251.5 249.5 248.6 247.3 245.8 251.4 268.3 279 290.7 301.9 316.2 335.4 360.2 380 399.1 418 435 451.9 466.3 457.7 445.2 438.2 428.9 422.1 416.5 413.1 413.4 417.1 423.4 428.3 431.3 429.2 421.8 412.7 406.8 403.1 398.7 394.3 390.7 387.7 385.1 382.4 380.5 380.4 380.6 384.4 391.7 402 413.6 423.7 432.3 440.7 446.7 454.3 452.9 451.8 449.5 453.1 452.6 451.8 451.1 452 453.7 455.4 454.1 454.6 458.1 462.1 469.9 470.4 467.3
349.4 337.4 325.3 304.2 281.4 266 254.4 250.4 249.9 249.7 247.6 246.3 245.5 259 270.6 281.8 293.8 306.5 324.3 346.3 366.4 384 402.1 418.6 435.3 449.1 446.1 430.2 421.2 416 410.5 405.1 407.2 409.1 411.4 420.2 423.2 424.1 424.1 415 405.6 398.6 394.9 390.3 385 380.3 377.3 374.6 372.5 372.2 373.1 373.1 380.2 388.8 398.8 409 418.5 427.9 437.8 445.7 449.6 446.1 446.5 447.3 445.7 445.7 445.3 446.5 448.2 449.9 450.9 452.9 457.6 461.6 465.1 469.6 465.1 459.5
357.5 345.8 333.7 315.9 290.9 271.9 257.6 250.2 249.2 248.2 246.8 245.6 244.9 244.5 263.4 270.6 285.9 294.5 311.2 330.7 349.9 369.6 388 404.2 423.3 430.2 427.5 417.2 408.9 403.7 398.6 396.8 400.3 405 409 416.1 419.1 418.4 417 408.1 400.1 391.9 386.8 382.4 377.4 372.5 367.5 364.3 362.8 365.2 363 370.3 376.8 385.7 394.3 402.8 413.8 426.2 438.9 442 442.1 438.4 436.9 438.5 437.3 440.2 445.7 446.9 446.8 445.5 447.2 451.1 458.1 462.6 464.2 464.8 461.2 456.4
