data/330000-480000.asc
ncols 200
nrows 200
xllcorner 330000
yllcorner 480000
cellsize 50
[rows 111 to 147 of 200, columns 0 to 83 of 200]
91 83.1 83.5 72.9 63 56 51.7 45.6 33.3 25.5 21.7 23.8 27.8 14.1 10.4 9.8 9.2 9.6 14.8 23.6 33.3 37.7 41.4 46.4 50.6 55.3 57 60.5 59.4 57.3 60.9 57.8 58.1 63.7 61.9 52.2 41.5 35.3 26.9 17.8 13.5 9.5 7.2 6.7 6.2 5.5 6.1 6.5 8.4 9.8 16.2 20.4 31.5 36.5 32.1 22.6 9 4.7 5 -2.7 5.6 5.7 5.9 6.2 6.2 7.4 6.7 6.4 6.2 5.9 5.9 5.4 5.4 5.6 7.9 12.4 13.4 8.4 6.7 7 19 24 30.3 43
95.7 84.3 79.4 76.5 64.2 57.5 50.4 43.4 33.8 25.8 20.9 20.5 22.7 13.4 10.9 10.3 9.4 8.4 13.7 21 32.4 37 41.4 44.2 49.6 52.2 55.1 57.9 57 60.3 58.1 55.3 59.5 65 61.8 54.4 43.3 34.4 27.3 17.3 13.7 7.8 7.4 6.9 6.1 5.7 5.3 5.9 5.4 6.8 7.7 13.5 25.1 29.3 28.7 15.7 4.4 4.3 4.7 -2.7 5.4 5.3 5.5 6.1 5.9 5.9 6 5.9 5.7 6.1 6.7 5.4 5.7 6.2 10.8 13.8 11.2 8.1 7.7 8.7 17.5 21 25.3 29.4
106.6 89.5 77.1 76.4 64.6 56.8 51.2 41.6 33.1 27.1 19.3 21.3 17.5 13 11.6 10.2 9 8.7 13 17.2 26.2 37.2 41.6 46.2 49.3 50.7 53.5 55.3 60.6 59.2 58 54.6 58.7 62.7 58.9 49.3 41.6 35.2 28.3 20.8 17.1 11.9 10.7 5.7 5.5 5.2 6 6.3 6.8 5.8 5.9 6.5 10.6 21 20.5 11.6 4.9 4.6 5.1 -2.7 5.3 5.4 5.2 5.8 5.8 5.5 5.7 5.6 6 6.4 7.3 5.6 5.6 6.2 10.4 11.2 10.2 9.1 11.4 11.1 17.2 20.7 24.3 22.9
110.6 89 72.2 73.9 66.2 67.2 62.2 49.1 34.9 26.6 19 20 15.2 13.5 12.9 11.4 8.8 8.4 8.6 15 23.9 35.3 43.2 49.4 51.6 53.4 53 58.5 60.3 58.3 57 55 56 58.6 54.9 45.8 38 33.6 28.8 23.1 18 13 9.1 5.4 5.1 4.9 5.3 5.6 5.9 5.8 5.7 5.7 7.7 15.9 15.3 8.4 6 7.2 7 -2.7 5.9 5.4 5.2 5.3 5.3 5.5 6.2 6.1 7 8.1 8.9 9.5 9.5 9.7 10.8 10.4 11.9 13.2 15.7 11.8 15.9 17.3 15.6 13.2
107 91.4 76.2 71.6 73.8 79 64.4 48.6 36.9 27.8 21.8 15.4 13.7 12.9 12.1 10.6 8 7.7 8.3 18.5 27.5 39.3 47 52 53.1 57.9 57.8 59.8 60.4 59.5 59.2 54.5 50.2 53.4 49.1 40.3 38.7 34.5 31.6 29.1 19.8 12.6 7.9 6.1 5.6 4.5 5.4 5.5 5.6 5.5 5.8 6.8 7.8 10.1 7.4 6.6 6.1 5.4 5.8 -2.7 -2.7 5.6 5.2 5.4 5.6 7 8.1 9.4 7.1 9.2 7.4 7.1 7.1 7.5 9.4 10.9 11.6 12.5 14.9 18.9 15.1 14.9 15.8 10
104.7 92.6 78.8 72.8 75.9 80.8 69.2 49.6 37.8 27.7 22.7 17.1 12.9 12.4 11.7 9.3 7.7 6.9 15.7 26.1 32.1 39.6 49.7 55 59.4 61.6 61.6 61 61.3 61.8 58.5 53.9 48.1 47.8 43.3 39.8 32.4 32.1 34.3 31.1 25.3 15.4 9.8 5.7 5.5 5.3 5.4 5.4 5.5 5.2 6.2 7.5 6.2 7.3 6.7 7.1 8.5 6.2 5.9 -2.7 -2.7 -2.7 5.2 5.5 5.5 8.9 9.7 8.8 6.8 8.2 8.4 8 9.2 9.1 8.3 10.4 11.3 15.9 21 26.6 19.2 14.7 10.6 8.7
104.7 90.3 80 75.3 75.1 78.9 68.1 51.7 38.8 30.1 23.8 18.7 12.9 11.5 10.9 7.5 7.3 6.6 20.3 31.9 38.6 46.1 54 57.5 59.6 62.7 62.5 63.1 60.9 61.5 56.9 50.9 47.1 44.1 40.8 37.2 33.9 32.3 33.1 33.9 29 16.5 7.7 5.3 5.6 5.2 5.3 5.5 7 5.6 5.8 6.6 7.3 7.3 7.3 7.4 7.5 7.1 6.7 6.2 -2.7 -2.7 5.3 5.4 6.7 6.4 6.4 7.3 7.2 9.2 8.4 11.4 11.5 8.8 8.7 8.6 11.7 17.6 26.9 31.7 29 19 10.7 8.3
103.3 96.5 85.9 75.7 76.5 77.2 64.8 53.2 35.8 30.9 23.6 19.6 14.4 11.3 8.3 7.1 6.4 12.1 28 39 48.5 54 59.9 63.5 64.1 65.6 65.1 66.3 65.4 61.3 58.8 55.8 50.6 47.9 45.4 44 36.4 32.2 24.7 32.3 28.3 14 6.3 6 6.1 6.7 5.6 5.6 5 5.4 5.7 6.9 7 7.3 7.4 7 6.2 6.4 6.3 6.1 6.2 -2.7 5.8 7.3 7.1 7.3 7.7 7.9 8.1 10 10.3 11.9 10.3 9 10.4 8.2 11.6 18.8 34.2 38.8 32.3 26 15 8.2
107.7 101 87.5 75.5 74.4 75.1 66.6 54.5 35.5 28.2 24.8 20.2 14.8 11 7.2 6.5 6.1 15.1 30.4 43.4 56.2 60.9 66.2 71.9 75.5 76.3 74.5 72.8 70.7 66.2 64.7 61.2 57.2 54.8 52.8 46.7 40.9 35.4 22.4 28 20.1 7.5 6.4 3.6 5.6 5.2 5.3 5.7 5.6 5.9 6.5 6.5 6.5 6.7 7.3 6.5 5.8 5.8 5.7 5.6 5.6 -2.7 -2.7 7.1 7.3 7.6 7.6 8.6 14.2 17.1 10.1 10.4 11 12.5 14 12.1 17.6 33 44.4 42.6 38.7 30.3 13.5 6.6
109.3 99 84.8 76.2 75.3 73.4 68.2 50.5 34.6 30.7 24.8 18.1 14.5 11.1 6 5.4 7.7 16.9 32.6 48.8 66.1 70.6 75.9 80.7 82 78.9 80.6 79.5 74.8 70.9 72.7 63.3 61.6 60.9 57.5 45 39.8 33.7 22.9 13.3 9.3 5 5.3 5.3 5.6 5.2 5.6 6 6.3 6.2 6.3 6.5 6.7 7 7.3 6 6 6 5.9 5.9 5.9 -2.7 -2.7 6.4 6.8 7.2 8.4 13.6 16.9 19.9 13.6 12.6 15.8 16.6 14.5 17.2 26 37.6 45.8 42.3 36.4 27.5 11.4 7.6
104.8 96.3 82.8 73.2 71.9 71.9 61.6 45.8 39.8 29.3 22.6 18.8 14.1 9.9 5.2 6.2 9.1 13.5 32.3 53.5 69.6 75.6 80.5 84.5 86.4 85.9 86.5 85.5 82 76.9 70.6 66.5 63.3 62.3 56.8 41.2 34.3 27.4 15.4 7.3 5.5 4.9 5.4 4.9 5.4 5.2 5.5 5.9 5.9 5.7 5.7 6 6.2 7.5 6.4 6.1 6.2 6.2 6.1 6 6.6 -2.7 -2.7 6 6.4 6.7 13.4 18.4 20.5 18.3 11.4 17 15.7 19.1 19 23.1 30.1 39.1 42.9 37.8 30.4 21.3 8.9 6.9
106.7 94.6 79.7 72.8 70.3 66.3 59.9 48.7 40.8 29.4 21 19.7 13.4 9.3 6.1 5.4 9.2 16 27.7 50.4 75 84.9 86.5 89.7 89.8 93.4 94.4 89.8 82.3 76.9 78.8 69.3 63 60.7 54.4 41 32.1 20.2 6.8 5.2 5.3 5.3 5.4 5.4 5.7 5.5 5.4 5.7 5.5 5.2 5.2 5.2 5.4 5.6 6.1 6.1 5.9 -2.7 -2.6 -2.7 -2.7 -2.7 5.8 5.4 6.3 6.6 14.5 19.2 18.7 11.2 8.9 13.5 17.5 17.5 26.5 30.5 31.5 32.9 36.3 30.2 26.9 20.6 11.9 6.5
101.3 90.9 80.6 74.5 67.6 69.4 61.1 51.2 44.3 34.5 22.8 14.8 11.6 8.4 6.4 5.7 8.5 12.8 21.8 47.1 76.9 90.8 95.6 96.4 95.8 95.2 95.6 91.7 83 83.9 79.1 70 61.1 59.4 56.1 38.5 22.6 9.8 5.7 5.3 5.2 5.4 5.2 5.5 5.7 5.6 5.5 5.5 5.2 4.9 4.7 4.8 5 5.2 5.4 5.6 5.3 -2.7 4.4 4.5 -2.7 -2.7 5.1 5.2 7.2 7.5 13.8 14.2 13.3 8.6 8.5 10.9 12.9 25.8 25.5 32.9 26.8 34.5 28 23.2 18.3 16.9 18.6 6.5
96.4 89.9 81.7 75.4 70.5 65.2 63.4 54.8 46 35.8 26.6 18.5 13.7 8.9 5.7 5.4 6.5 8.3 16.1 38.9 75.1 98.1 102.7 102.5 98.1 95 94 88.2 85.1 80.2 70.4 66 57.9 58.3 47 28.7 12 9.1 6.2 5.7 4.9 5.5 5.2 5.4 5.7 5.3 5.1 5 4.8 4.7 4.2 4.4 4.6 4.9 5.1 5.3 4.8 -2.7 -2.7 5.6 5.4 5 5 5.1 5.7 6.3 10.5 7.8 8.1 8 8.2 9.7 18.4 26.4 34 30 25.1 19.8 15.9 15.8 20.1 15.2 13.2 7.2
105.8 90.2 80.9 75.1 72.2 76.8 68.2 59.5 46 36.2 30.5 22.9 13.6 8.6 6.1 5.1 5.5 7.1 12.7 27.9 63.5 94.2 103.3 102.2 98.7 90.7 90.6 88.8 78.4 69 66.8 58.6 54 44.3 39.3 28.4 8.4 6.2 5 5.1 3.7 4.7 5 5.3 5.5 5.3 4.9 4.5 4.4 4.3 4.9 4.7 4.8 -2.7 -2.7 -2.7 -2.7 -2.7 -2.7 5.4 5.4 5 4.6 5 5.3 5.4 6.3 7 10.1 7.6 7.8 8.6 21.3 28.1 30.7 25.6 12 12.5 17.4 18.4 14.7 8.3 6.4 6.8
104 87 81.4 74 76.2 81.7 70.9 61.7 47.4 38.8 33 24.6 15.1 9.9 6.4 6.1 4.8 5.1 8.8 29 58.3 81.9 96.9 101.8 97 91.9 92.4 84.3 75.8 68.1 59.2 52.4 42.2 40.5 37.6 20.6 3.9 5.7 6 6.1 4.9 4.4 4.7 5.1 5.3 5.3 5 4.8 4.6 5.6 5.4 -2.7 -2.7 -2.7 -2.7 -2.7 -2.7 -2.7 -2.7 -2.7 5.1 5.2 5.2 4.9 5.1 5.2 5.3 7.3 7.6 7.2 7.4 8 17.7 28.5 28.2 19.1 11.6 18.1 19.7 16.5 8.7 5.9 9.7 6.4
99.8 87.3 79.4 76.5 80.1 86.3 74.1 63.9 52.7 42.4 33.7 24.8 15.9 10 6.1 6.2 5.8 4.8 7.5 31.8 53.5 77.8 96.1 99 97.5 93.9 89.2 79.6 74.4 63.1 53.4 43 39.5 36.9 34.3 13.8 5.5 5 5.3 4.9 4.1 4.3 4.4 5 5.4 5.6 5.3 5.3 5.3 5.2 5.2 -2.7 -2.7 -2.7 -2.7 -2.7 -2.7 -2.7 -2.7 -2.7 5.6 6.1 5.5 5.1 4.8 5.1 5.7 6.8 7.3 6.9 7.1 7.4 19.2 27 18.6 8.5 13 15 17 6.9 6.4 7.1 6.4 6.5
100 85.9 82.6 79.9 83 89 77.7 67.1 54 46.4 37.6 27.1 17.3 9.6 6.6 6.4 5.8 3.7 5.8 28.5 49.8 73.5 98.1 100.2 100.9 98.4 89.8 77.9 66.2 54.7 48.2 44.7 39.9 36.7 27.7 13 5.7 4.5 4.3 4 4.2 4.4 4.6 5.6 6.9 5.5 5.4 5.4 5.3 5.3 5.6 -2.7 -2.7 -0.1 2.8 5.1 4.3 -2.7 -2.7 -2.7 -2.7 5.3 5.3 5.4 6.5 6.8 9.8 16.8 7.3 6.3 6.6 8.7 22.1 27 17.5 7 6.8 11.9 8.4 7.1 5.7 5.6 6 6.1
99 86.5 85.3 85.3 84.3 85.6 80.3 70.3 55.4 48.5 40.1 33.8 24.7 15.9 9 6.3 6 5.6 5.1 15.9 40.9 63.1 79.8 98.1 100.8 98.8 84.4 72 62.3 55.6 52.9 51 44.4 41.6 31.7 8.7 5.6 5.2 4.7 4.3 4.5 4.9 5.4 5.4 6.1 5.5 5.5 5.4 5.4 5.4 5.5 -2.7 -2.7 0.2 3.1 6 6.6 5 -2.7 -2.7 -2.7 -2.7 5.4 5.2 5.3 5.6 11.4 17.6 7.6 5.7 6.3 9.7 20.6 27 14.2 6.6 8.1 10 7.5 -2.7 -2.7 3.2 4.7 3
95.5 92.3 92.8 89.8 87.3 83.7 78.3 71.3 63.8 58.9 50.3 41.8 28.4 18.6 11.7 8.2 6 5.6 5.4 13.1 31 49.4 60 75.5 86.3 89.6 79.1 67.2 62.9 57.7 52.3 55.2 54.8 52.6 36.4 -2.7 5.3 5.2 4.8 4.6 4.6 5.1 5.3 5.5 6.2 5.7 5.5 5.5 5.5 5.5 5.8 -2.7 -2.7 0.2 2.7 5.6 5.9 6 6 3.3 -2.7 -2.7 -2.7 5.2 5.2 10.1 14.3 16.8 9 5.5 6.1 9.5 19.5 22.3 8.6 5.7 7.1 10.7 6.1 -2.7 -2.7 5.9 6.1 5.9
98.7 100.8 99.3 95.4 90.4 84.9 77.9 73.2 70.4 64.4 51.2 44.7 38.2 23.6 17.7 11.1 5.4 5.4 3.2 9.1 22.9 32.9 46.2 56.3 71 72.1 69.2 58.2 52.4 51.9 51.5 55 59.9 53.3 40.1 -2.7 -2.7 5.5 6.3 5.6 5.8 5.9 6 6.2 5.9 5.6 5.7 5.6 5.6 5.9 6.6 -2.7 -2.7 -0.2 2.3 5.3 5.5 5.6 5.7 6.1 2.1 -2.7 -2.7 5.3 5.4 7.6 9.9 10.9 5.2 5 4.9 8.9 16.2 11.5 5.9 5.2 6.4 6.5 6.5 -2.7 -2.7 6.1 5.9 7
105.3 107.3 105.6 101.4 96.4 87.7 83.4 81 77.3 69.8 59.8 47.1 38.4 32.6 24.3 18.6 10.2 5.7 3.2 7.3 13.6 21.9 27.7 40.5 49.6 51 49.8 46 50.2 47.3 49.8 56.9 59.6 56.2 43.3 16 -2.7 4.5 5.2 5.3 6.2 4.9 4.7 4.7 4.7 5.4 5.6 5.6 5.6 5.8 5.2 -2.7 -2.7 -0.9 1.8 5.1 5.3 5.6 5.9 6.3 4.1 -2.7 -2.7 5.3 5.2 5.2 7.6 5.2 4.9 4.8 4.3 5.6 7.3 6.8 5.4 5.2 6 6 5.8 -2.7 -2.7 5.9 6 5.8
111.5 112 112.1 111.1 104.9 93.1 89.2 87.4 84.6 75.1 65.8 55.2 47.6 42.2 35.4 23.7 19.9 15.7 3.7 4.6 6.5 10.3 17 23.9 29.5 32.6 36.1 39.8 39.1 42.8 48.3 56.8 55.8 58 41.6 14.3 -2.7 -2.7 6.5 6.5 5.9 4.9 4.9 4.9 5.1 5.6 5.7 6.4 5.7 5.8 5 -2.7 -2.7 -2.7 1.3 5 5.3 5.7 6 6.3 4.4 -2.7 -2.7 6.3 5.3 5.3 5.6 6.3 6.5 6 5.7 5.6 7.3 6 5.2 5.5 6.2 6.2 6 -2.7 -2.7 6.4 6.3 7.1
118 115.5 118.5 117.3 112.9 101.3 96 94.9 92.4 85.1 75.4 67 60.3 53.2 44.7 37.7 26.6 19.4 14.8 7.5 2.8 6.3 10.4 8.9 12.8 19.3 22 22.6 27.6 36.9 42.4 49.4 51.7 49.6 33.3 8.6 5.8 -2.7 -2.7 -2.7 3.4 4.4 5.1 5.2 5.3 5.6 5.4 5.5 5.3 6.9 4.6 -2.7 -2.7 -2.7 -2.7 5 5.2 5.4 5.6 -2.7 -2.7 -2.7 -2.7 5.3 6.4 5.7 6 5.7 6 6 5.9 5.6 5.7 6.1 -2.7 -2.7 -2.7 -2.7 5.8 -2.7 -2.7 6 6.3 6.1
120 118.5 121.2 119.7 116.3 112.2 105.5 102.4 100 93.3 82.6 77.3 68.9 59.6 50.3 42.4 35.6 23.7 16.6 8.8 4.7 4.9 5.8 5.6 5.6 6.5 12 11 13.3 23.3 32.2 39 36.1 30.4 24 9.7 -2.7 -2.7 -2.7 -2.7 -2.7 -2.7 -2.7 -2.7 -1.6 2.9 3.5 3.3 4.3 5.3 3.6 -2.7 -2.7 -2.7 -2.7 5.3 5.4 5.6 -2.7 -2.7 -2.7 6.2 5.8 5.5 -2.7 -2.7 -2.7 5.8 6 6 5.9 5.7 5.8 -2.7 -2.7 6.2 5.5 -2.7 -2.7 -2.7 -2.7 5.7 5.9 6
122.6 121.5 124.8 124 120.8 117.4 113.3 108.7 105.9 98.4 91.9 86.9 75.2 66.9 55.3 47.8 41.1 31.9 19.8 14.7 6.2 4.1 4.9 5.6 5.7 5.7 5.7 5.5 6.4 14.6 24.8 33.7 30.6 23.4 26.5 7.8 -2.7 -2.7 -2.7 -2.7 -2.7 -2.7 -2.7 -2.7 -2.7 -2.7 -2.7 -2.7 -2.3 1.7 -0.1 -2.7 -2.7 -2.7 -2.7 5.4 5.8 -2.7 -2.7 -2.7 6.2 5.4 5.5 -2.7 -2.7 -2.7 -2.7 -2.7 5.9 6.1 6 -2.7 -2.7 -2.7 -2.7 5.4 5.2 -2.7 -2.7 -2.7 -2.7 5.6 5.1 5.3
123.7 125 129.4 128.7 124.4 123.7 112.7 109.7 108.1 102.3 99.1 91.1 80 72.4 61.5 55.9 45.2 37.5 28.1 17.4 12.3 6.3 3.6 5.5 5.7 5.8 5.8 5.7 5.7 8.6 24.1 26.9 26.8 22.9 15.4 8 -2.7 -2.7 -2.7 -2.7 -2.7 -2.7 -2.7 -2.7 -2.7 -2.7 -2.7 -2.7 -2.7 -2.7 -2.7 -2.7 -2.7 5.3 5.2 5.4 -2.7 -2.7 6.1 6.8 5.5 5.7 5.8 -2.7 -2.7 4.9 -2.7 -2.7 5 4.6 -2.7 5.3 6.5 5.7 5.6 5.6 5.5 5.3 5.2 5.5 5.5 5.4 5.2 5.3
125.1 127.8 131.6 132.1 125.8 117.8 118.2 117.4 114.7 109 104.2 96 84.7 77.1 69.4 62.5 52 40.6 31.9 21.4 14.9 10.2 5.7 4.9 5.8 6 5.9 5.9 6.2 7.2 15.5 22.7 27.5 22.6 8.7 -2.7 -2.7 -2.7 -2.7 -2.7 -2.7 -2.7 -2.7 -2.7 -2.7 -2.7 -2.7 -2.7 -2.7 -2.7 -2.7 8.7 11.3 6 5.9 5.3 -2.7 -2.7 6.2 5.8 5.7 6 -2.7 -2.7 4.9 5.7 5.5 -2.7 -2.7 -2.7 -2.7 5.5 5.7 5.8 5.9 5.9 5.8 5.6 5.3 5.5 5.7 5.6 5.4 5.4
125.2 126.4 132.8 125.8 123.5 124 127.5 124.3 119.3 114.1 108 100.7 92 81.4 71 62.8 54.6 44.2 36.5 26.7 18.8 12.7 8 5.3 5.3 5.7 6.2 6 6.3 7.4 11.1 27.1 31.2 18 9.7 8.2 -2.7 -2.7 -2.7 -2.7 -2.7 -2.7 -2.7 -2.7 -2.7 -2.7 -2.7 -2.7 -2.7 -2.7 3.9 9.5 11.8 10.8 5.4 5.4 -2.7 -2.7 6.2 6 5.8 -2.7 -2.7 -2.7 5.7 5.7 5.5 5.5 6.1 5.7 5.4 5.4 5.6 5.9 6 6.1 6.1 5.8 5.7 5.7 5.5 5.8 6.2 5.9
129.8 127.9 127.5 128.3 130.9 133.7 135.4 132.7 124.7 117.3 111.2 103.5 96.5 85.6 77.6 68.2 57.8 48.9 39.7 30.4 23 15.9 10.7 6 5.4 5.6 5.6 5.4 6.1 6 6.4 33.8 30.5 19.9 10.7 -2.7 -2.7 -2.7 -2.7 -1.7 -0.9 -2.7 -2.7 -2.7 -2.7 -2.7 -2.7 -2.7 -2.7 -2.7 5.9 8 9.4 7.2 5.5 5 5.7 -2.7 -2.7 6.3 6 -2.7 -2.7 5.8 5.8 5.7 5.7 6.2 6.8 6.4 6 6.3 6.7 7.2 7.4 7.2 6.6 6.3 6.7 6.5 6.2 5.9 6.3 6.5
132.8 134 131.9 132.7 138.1 141.6 142.3 138.5 127.9 119.9 113.6 106.3 100 90.9 82 71.3 62.3 52.5 41.4 33.6 25.3 18.6 16.3 7.8 7 5.9 5.2 4.1 5.6 5.5 11.3 35 33.5 19.2 8.4 -2.7 -2.7 -2.7 -1.2 -0.1 0.9 1.8 1.9 -2.7 -2.7 -2.7 -2.7 -2.7 1.5 5.6 4.9 4.9 5.9 4.8 4.8 4.8 5.4 -2.7 -2.7 -2.7 -2.7 -2.7 4.4 5.7 5.7 5.9 6.3 8 7.5 7.6 7.9 8.6 8.2 8.3 8.3 8.4 8 8.2 7.6 7.2 6.9 6.7 6.2 6.7
132.5 132.8 135.3 138.4 144.3 147.6 143.2 139.8 130.2 122 116.6 110.3 100.2 91.2 82.8 70.9 63.3 55.1 44.1 35.1 29.1 24.2 21.2 12.5 8.9 7.2 6.1 5.9 5.8 5.7 9.5 34.4 35.4 27.7 8.6 -2.7 -2.7 -2.7 -0.3 1.1 2.4 4 7 6.5 6.3 5.5 6.4 5.3 4.4 5.6 4.7 4.6 4.8 4.9 5 4.8 7.9 5.8 -2.7 -2.7 -2.7 -2.7 5 5.7 5.8 6.2 8 9.1 9.2 9.1 9.2 9.3 8.8 8.8 8.8 8.8 8.8 9.2 8.9 8 8 8.1 7.9 6.5
134.3 133.1 138.3 145.5 146.2 148.4 140.3 135 129.3 122.9 116.4 105.9 98.7 89.9 83.3 73.1 63.4 56 45.4 36.5 31.2 30.1 24.8 16 16.7 10.5 6.3 6.6 5.8 5.7 6.2 26.5 34 24.4 8.5 -2.7 -2.7 -2.7 0.2 2 3.4 6.8 6.5 6.7 6.3 6 5.9 4.8 4.5 4.7 4.6 4.2 5 5.3 5.7 7.8 7 6.9 -2.7 6.1 -2.7 6.8 6.5 5.7 5.9 6.3 8.2 8.9 9.1 9.3 9.2 9.3 9.4 9.4 9.4 9.4 9.4 9.2 9.1 8.8 8.5 8.6 8.5 7.9
134.1 131.2 138.5 143.9 142.2 141.8 135.3 131.2 130.6 123.2 113.8 108.2 99.1 87.9 81.4 73.7 64.7 58 48 41.2 38.4 36.7 28.7 20.1 22.8 13.5 6.5 6.8 5.3 5.7 5.8 22.1 30.5 6.4 -2.7 -2.7 -2.7 -2.7 1.1 3 5.5 6.2 6.8 6.7 6.5 6.2 5 4.5 4.3 4.4 4.3 4.2 4.8 5.9 7.2 11 10 7.7 4.8 6.3 6.1 6.1 5.9 5.9 6 6.1 8 8.8 9 9 8.9 9 9.2 9.3 9.3 9.3 9.3 9.2 9.1 9 8.9 9 8.8 8.3
134 131.4 133.2 137.7 134.8 133.2 129.1 126.1 124.7 120.7 115.5 108.7 96.1 86.7 80 74.4 66.7 58.5 50.1 42.4 39.7 37.2 31.8 24.1 25.5 20.2 6.4 6.1 5.5 5.3 -2.7 8.2 17.6 8.1 -2.7 -2.7 -2.7 0.5 3.5 4.7 7 5.6 5.9 6 6.1 6.2 5 4.3 3.9 4.2 4.1 4.1 5.5 5.6 5.9 9.4 8.6 7.3 7.7 6.2 5.7 5.6 6 6.1 6.2 6.1 7.3 8.4 8.8 8.6 8.6 8.7 9.1 9.2 9.2 9.2 9.1 9 8.9 8.8 8.8 8.9 8.9 8.8
136.3 130.3 125.2 129.6 128.7 127.6 123.6 122.2 121.9 117.9 114.3 105.9 90.9 84.5 79.7 74.5 63.9 56.9 50.2 47.1 44.1 39.1 36.6 30.4 30.1 24.8 9.9 6.5 6.4 6.2 -2.7 4.2 7.8 9.9 -2.7 -2.7 -2.7 7.4 5.2 5.2 5.2 5.6 5.9 6 6.1 6.1 4.9 4.3 4.9 4.9 5.2 4.8 6.9 7.7 7.8 9.4 9.6 9.4 10.1 6.9 5.8 5.8 7.2 6.3 6.4 6.3 6.4 8.1 8.4 8.3 8.3 8.6 9 9.1 9.1 9.1 9 8.9 8.8 8.6 8.7 8.7 8.8 8.9
135.1 122.9 117.9 120.8 123 121.7 116.7 118.6 117.2 114.8 110.2 99.7 89.7 83.6 78.7 72.1 62.7 57.1 54.4 53.2 50.8 46.4 37.9 34.2 35.7 28.5 12 6.2 6.5 6.4 -2.7 -2.7 9.8 -2.7 -2.7 -2.7 -2.7 5.2 5.2 5.2 6.4 5.6 5.9 6 6.1 6.1 5 4.4 4.8 5.3 5.7 6.1 11.8 13.1 9.7 8.1 7.9 8.6 9.9 7.1 4.5 7.6 9.6 6.3 6.3 6.1 6.1 7.6 8 8 8 8.5 8.9 9 8.8 8.9 8.8 8.7 8.6 8.5 8.5 8.6 8.6 8.7
