data/330000-800000.asc
ncols 200
nrows 200
xllcorner 330000
yllcorner 800000
cellsize 50
[rows 140 to 174 of 200, columns 0 to 77 of 200]
599.5 599.8 597.5 591 581.8 570.1 560.7 549.2 540.9 530.5 520.5 502.6 489.6 480.6 471.6 462.6 453.3 443.2 434.1 425.4 417.8 414.3 412.6 414.5 415 415.6 418.7 421.9 428.2 431 432.6 432.7 430.1 427 422.8 418 414.2 416.6 415.5 412 405.7 398.9 407.2 422.1 435.3 446.8 461.5 475.7 489.7 503.2 516.6 526.5 537.6 546.8 554 557.8 559 556.6 549.1 536.7 524.4 509.4 494.4 479.4 465.9 454.6 444.6 437.3 430.8 425.8 422 420.1 418.5 417.2 417 417.8 416.7 416.6
585.3 586.7 585 581.9 575.4 569.4 563.6 555.9 547.2 537.3 527.8 512.4 493.4 484.8 475.2 466.1 454.9 444.6 434.8 423.6 417.3 413.4 410.9 412.4 412.4 412.5 414.1 415.7 420.4 425.2 428.4 430 428 424.6 419.6 415.1 410.4 410.4 408.9 404.7 399.6 399 416.5 433.5 446.9 458 470.6 481.7 494.1 504.7 516.7 528.6 537.8 546.6 553.1 557.3 560.4 557.5 549.3 537.3 523.6 508.8 495.3 480.3 465 451.6 440.3 433.3 427.5 422.3 418.7 416.5 414.8 414.2 413.8 414.2 413.4 412.7
573.5 574.7 575.7 574.6 572.8 570.1 565.7 561.1 553.5 545.6 535.4 518.6 500.3 489.1 480 471.4 457.4 444.9 433.5 421.6 417.4 412.9 408.5 409.6 409.7 409.3 410 411.3 415.7 420.8 423.5 425.4 425.4 421.1 416.5 411.9 407.2 402.1 403.1 399.4 395.1 405.2 425.4 443 456.8 467.7 480.8 489.3 497.4 507.4 520.7 529.2 536.6 544.6 550.4 556.9 561.9 560.8 550.7 537.8 524.2 510.5 495.9 481.3 465.2 449.9 438.4 429.9 424.2 418.6 414.8 412.4 410.5 410.3 410.3 410.8 410.2 409.5
560.1 562.7 564.6 566.3 567.8 568.5 568.5 564.9 561.5 553.9 542.5 525.5 507.2 492 483.9 474.5 460.1 445 431.5 421.2 417.3 412.6 408.5 405.8 407.3 406.6 406.8 408.1 411.6 415.3 417.7 419.9 419.8 417.2 413.7 409.3 404.7 401.1 397.9 392.9 393.8 411.3 432.8 450.9 465.1 476.7 486.5 494.6 500.6 509.8 520.7 528.2 535.7 542.4 546.5 553.5 559.1 559.8 550.6 538 524.7 511.1 496.3 480.9 463.9 448.3 435.7 427.3 422.7 415.9 410.9 407.6 406.4 406.8 406.9 407.3 407 406.4
547 550.3 553.5 556.9 559.5 563.5 567.4 569.1 566.4 563.7 553.4 532.2 511.6 496.8 486.4 474.8 461.3 448.3 432.5 421.2 416.1 411.1 408 405.2 405.3 404.8 404 404.1 406.2 410.2 413.4 415.3 413.5 414.1 410.6 406.5 402.9 399.2 394.6 388.8 397.2 418 437.5 456.6 470.8 481 489 497.9 504.3 509.7 517.5 524.6 531.3 535.4 540.2 546.5 552 554 547.8 536.4 522.1 509.7 495.9 480.5 463.1 447.2 434.9 428.2 421 414.2 409 404.7 403.4 403.7 404.3 404.3 404.3 405.1
534.7 538.2 542.1 543.6 548.3 553.5 561.2 569 570.3 566.5 556.9 538.3 516 498.9 490.9 478.5 464.4 450.3 434.9 422.3 415.8 410.5 406.1 403.5 401.9 402.8 401.6 401.6 402.6 406.2 409.5 412.7 412.7 409.7 406.6 402.8 401.3 396.2 392.5 387.4 397.6 419.1 441.6 459.6 475.8 483.6 490 497.6 501.8 503 511.5 514.6 520.5 525.9 531 536 543 545 540.8 531.2 519.4 508 494.9 480 464.4 446.9 433.6 427 421 413.8 407.3 402.8 401.1 401.4 402 401.8 401.3 402.3
521.1 524.7 527.3 531.6 536.7 543 550.8 560.8 566.2 563.1 556.5 541.8 519.1 502.1 493.1 478.8 465.5 453.4 439.3 424.7 415.8 410.9 405.6 403.9 402.6 400.4 399.6 400.1 400 402.4 406.3 409.1 409.3 408.8 403.6 402.5 400.1 394.3 387.9 385.8 397.8 419.8 443.3 461.3 474.2 482.8 490.2 493.5 493.9 491.9 500.2 503.3 508.4 512.9 518.1 524.9 530.7 532.6 528.9 520.9 511.2 501.9 490.8 478.1 464.4 448 435.1 424.4 419.5 413.1 405.4 400.6 399.4 399.9 400.1 399.2 398.7 398.4
506.4 510 513.9 518.7 526.2 533.2 540.9 552.2 558.5 557.4 552.3 540.1 520.7 505.2 493.2 482.9 470.1 456.2 441.8 428.5 419.1 411.4 406.4 404.5 402.9 401.2 397.3 397.4 396.6 398 401.6 404.3 405.9 405.9 403.2 400.2 396.7 391.6 383.9 384.5 399.1 419.7 442.4 457.7 471.8 480.5 487.6 492 493.1 492.6 491.4 492.6 496.7 501.6 506.7 512.3 518.5 519.3 516.4 510.8 502.5 495 485.7 476.8 465 451.2 437.8 424.8 415.9 409.2 403.4 399.2 398.1 398.2 398.2 397 396.1 395.7
493.3 497.9 503.4 509 516.7 524.4 534.7 543.6 548 549.4 545.3 531.9 514.1 498.5 491.9 485.6 468.4 457.5 441.2 429.7 421.7 414.9 409.3 405.4 402.6 401.5 400.8 396.3 394.8 393.1 395.9 399.6 400.6 401.1 397.7 396 393.2 388.5 382.1 383.7 400.3 419.8 439.6 454 465.9 476.1 483.1 485.5 486.7 484.1 484.5 486.8 488.6 491 494.5 499.8 505.5 507.3 504.4 500.1 493.9 489.2 482.5 473.9 463.8 453.6 442 428 416.4 406.8 401 397.9 396.5 396.2 396.3 395 394 393.2
486.2 488.4 493.2 499.6 507.6 515.5 524.3 533.2 538 540 535.3 518.9 511.4 500.2 490.8 484.7 473.6 457.9 443 430.7 422.3 415.2 408.8 405.6 403.5 403.3 402.7 400.3 396.8 393.2 389.4 389.2 393.3 394.4 392 390.3 388.6 384 380.4 385.3 403.2 416.8 432.5 446.5 458.6 469 476.2 479.4 478.7 478.1 478.2 481.4 476.9 479.4 482.6 486.7 491.6 494.2 494.6 493.1 490.7 486 479 471.1 462.4 453.2 440.8 427.4 418.5 408.1 401 397.3 394.7 394.4 394.4 393.1 392 391.7
478.5 481.1 486.3 490.2 498.6 507.5 515.3 522.1 528.1 533.1 529.6 520.4 507.2 497.3 490.1 484.8 474.5 459 445.2 432 421.8 413.8 408.6 405.2 404 404.5 405.4 401.5 399.4 397.2 393.4 390.4 385.2 385.1 386.7 386.5 385.1 379 379.1 386.9 400.6 411.4 423.8 435.9 448.7 460.3 467.8 470.2 472.7 473.9 470.2 467.5 466.8 469.8 475.1 479.2 483.2 485.4 486 487 485.6 481.2 474.9 468.1 459.9 450.1 439.4 427.7 417.8 409.3 402.5 398.7 395 393.6 392.3 391.4 390.5 390.1
469.7 472.5 476.8 483.9 490.9 499.7 506.5 512.5 518.2 524.1 523.5 511.8 502.3 493.5 484.4 479.4 471.7 458.6 446.6 432.5 421.9 413.6 410.6 406.9 405.8 406.1 406.3 406.2 404.2 400.5 396.3 391.3 389.3 384.3 380.5 382.7 381.2 376.2 378 381.7 392.1 403.4 412.4 426.1 437.8 448 454.3 458.9 459.1 457.6 458.3 457.7 459.3 461.3 467.2 472.1 475.4 477.7 478.8 480 478.5 475 470.9 464.3 455.9 446.6 437.4 428.1 417.9 410.3 403.8 398.2 395.6 394.3 392.5 390.8 389.2 388.8
460.8 463.9 468.1 475 481.6 490.6 498.9 506.1 512.1 513.9 514.6 504.6 495.3 485.8 476.7 471.7 465.5 457 445.3 429.7 422.7 415.6 412.6 412.3 412.7 414.3 414.9 411.6 409.1 405.9 400.1 393.5 390.3 386.9 380.8 378.6 375.8 375 375.7 378.3 387 394.3 401.8 411.5 422.5 431.3 436.1 442.6 445.2 446.8 447 448.8 452 452.9 456.9 461.8 464.7 467.6 470.1 471.8 470.9 468.9 465.1 458.4 451.4 444 435.4 426.7 417.4 410.2 408.8 398.3 396.1 394.3 393.1 391.2 389.6 388.3
453 455.7 460.6 466.3 473.3 481.5 489 500 506.6 507.6 505.5 496.5 489.5 479.5 469.8 464.9 459 452.8 441.7 428.4 421.6 418 419.5 422.7 421.2 423.7 423 419.3 415.7 411.6 406.4 399.6 392.6 388.9 384.2 381.3 377.8 373.2 373.6 374.2 379.8 386.1 392.3 398.5 408.8 415.4 422.1 429.1 431.6 433.7 437.6 442.1 443.6 445.2 447.5 450.9 454 457.2 460.5 462.8 463.2 460.7 457.6 452.4 447.5 441.2 433.6 420.3 411 407.7 401.5 398.8 396.3 394.9 393.6 391.6 390.2 389.1
444 449.1 454.1 459.1 464.8 472.4 479.4 494.3 503.7 504.6 501.8 489.5 478.7 472.5 465.7 458.2 452.8 447.6 439.3 429.8 423.5 420.3 423.7 428.9 429.8 431.4 432.2 429 425.1 420 414.1 407.1 399.4 393 388.2 383.2 379.9 373.2 372 370.6 372.6 378.3 385.4 391.6 396.6 402 408.7 415.3 419.9 422.1 426.7 429.7 433.3 434.1 439.2 441.1 445.5 448.5 451.6 453.8 454.1 454.2 451.3 445.8 444.5 432.6 431.6 425.6 420.5 414.7 409.7 406.9 399.5 396.3 394.1 392.1 390.8 389.6
436.4 440.4 444.7 450.7 457.2 467.1 479.5 488.3 497.9 501.2 497.7 489.1 474 466.8 463.8 456.7 447 443.6 434.6 430.1 422.7 421.8 426.7 432.3 437.6 442.1 446.4 442.2 436 429.7 424.1 417.3 407.5 398.9 393.6 389 383.4 377.8 372.7 369.7 368.9 370.7 377.8 383.4 388 391 395.5 401.3 406.8 410.1 412.6 415.4 419.6 426.1 431.7 437.1 442 446.3 450.1 452.1 453.3 451.6 448.8 448.4 444.4 444 438.6 431.6 424.1 418.9 412.6 409.1 402 397.7 394.9 392.2 390 389
426.6 431.5 437 442.8 451 462.7 473.4 485.5 492.9 498.4 493.2 479.1 468.6 464.6 459.2 453.9 447.1 438.8 432.6 424.9 422.3 421.4 425.3 431.5 441.1 451.2 458 455.4 452.3 446.5 439.8 428.4 417.5 407.9 399.7 394 387.8 382.1 377.8 373.6 367.7 366.6 369.3 375.2 380.8 384.4 385.8 390.2 393.5 397.9 403.4 408.1 414 421.9 428.7 435.8 440.9 444.6 448.5 450.9 452 450.4 449.7 451.5 451.1 448.6 444.2 438.3 431.6 424.1 418.3 412.5 405.8 399.9 395.7 392.7 389.9 388.4
420.6 425.2 429.5 436.7 446.8 457.6 468 478 486.9 488 481.4 471.5 466.9 459.3 453.8 447.3 441.6 432.2 426.2 422.2 420 419.5 423.4 429.6 440.6 457.3 463.6 466.7 469.2 464.9 455.3 442.5 427.5 417.1 409 400 392.8 386.8 381.2 377 373 366.6 365 368.2 373.7 375.6 379.6 382.6 386.6 390.1 394.2 402 410.5 419.1 427.7 434.5 440 444.1 448 450.2 451.2 452.6 453.9 454.7 454.2 453.1 449.2 443.5 436.6 429.9 423.6 416 409.3 402.8 397.8 394.2 390.6 388.7
415.1 419.2 423.8 430.5 441.1 451.5 458.7 466.2 478.3 478.2 473.2 469.3 461.9 458.1 450.6 444.4 435.6 425.3 421.6 419.1 416.9 418.2 421.4 427 440.6 456.5 468 474.3 479 476.1 469 456.8 441.8 428.2 420.5 410.5 399.4 391.4 384.9 379.8 375.7 370.7 366.6 363 362.2 367.8 373 376.7 381.4 385 390.7 397.1 407.2 417.1 426.3 434.2 440.3 445.3 449 451.9 454.5 455.7 457.3 458 458.6 456.4 452.8 448.3 441.6 435 428 419.9 412.8 406.1 400.8 396.4 392.5 389.5
408.5 412.6 416.9 423.1 432.9 442.9 451.2 457.1 462.4 468.1 467 463 458.3 456.3 450.6 437.7 427.3 420.9 417.7 415.2 413.2 415.1 418.2 425.1 438.5 456.6 469.4 477.5 483.9 485 481.6 470.2 456.2 442.2 433.1 422.6 409.9 397.3 387.3 382.3 378.3 375 371.8 367.7 362.5 360.6 367.1 371 377 381.2 385.8 390.7 401.9 413 423.1 433.7 440.7 446.8 451.5 455.8 458.1 459.5 461.7 462.4 462.7 460.5 457.4 451.9 444.7 437.2 429.9 422.6 415.7 409.2 402.9 398 393.4 390.6
402 405.1 409.1 415.7 424.8 433.8 442.6 450.5 453.8 453.8 458.7 453 448.6 443 433.6 424 417.3 414.4 411.1 408.8 409.3 410.8 413.6 420.1 435.5 453.9 469.6 477.4 486.3 491.7 487.3 482.4 468.4 452.1 444.6 434.3 421.1 405 392.6 386 382.2 379.4 375.8 372.4 367.4 360.7 359.3 362.9 370.1 375.3 380.6 386.1 395.5 406.7 418.8 429.9 439.5 446.9 454.2 460.9 466.7 469.2 465.8 466.5 466.5 463.9 459.8 454.6 448.2 439.6 431.7 424.3 417.6 410.9 403.5 398.5 393.6 390
396.2 398.8 401.9 408.5 416.5 425.7 433.1 437.7 440.3 440.3 438.7 439.6 431.3 424.6 420.6 413.6 410 407.4 404.3 403.9 404.5 405.2 408.3 416.2 429.9 447 464.2 473.2 483.1 491.5 493.8 489.1 475.6 460.3 452.7 445.4 433 414.4 400.3 391.6 387.3 384.5 381.6 377.9 373.3 369.1 360.8 356.7 362.1 369.3 376.1 381.8 391.1 401 412.2 424.5 436.6 447.5 458.9 466.8 476.2 480.2 477.1 474.5 473 469.2 465.4 458.5 450.9 442.3 433.8 425.8 418.9 412 404.1 398.6 393.6 389.9
388.6 391.1 395.2 398 404.7 414.6 421.6 424.4 427.2 424 423 424.2 419.9 415 409.8 405.5 402.5 399.9 397.9 399.1 400.2 400.3 401.8 410.1 423.5 441.8 456.7 467.1 476.3 487 494.2 495.3 482.8 466.9 456.9 450.4 438.8 421.7 407.9 398.3 392.4 389.4 387.2 383.5 379.1 374.8 369 357.1 356.2 361.9 369.6 377.5 386.7 395.8 406 418.2 433.2 447.3 461 472.9 482.6 489 490.1 485.9 483.2 478.3 471.5 463.2 454.8 445.2 436.6 427.7 420.1 412.8 405.2 398.7 393.7 390
383.6 384.2 386.9 390.2 392.8 402.2 406.3 410.3 412.4 411.6 410.7 411.9 409.2 405.6 400.1 397.2 394.8 393 392.8 394 395.1 396 398.5 404.6 417.2 433.2 448.4 459.1 469.7 480 488.8 493.6 484.5 470.9 461.1 450.9 442.5 431.1 418.8 407.6 400.4 396.4 393.9 388.3 383.2 378.3 373.3 367.5 354.6 355.3 362.8 372.6 381.2 390.1 400.9 414.2 429.5 444.5 460.9 474.5 486.2 493.3 496.8 494.8 492.6 488 480 468.9 458.4 448.6 439.1 430.3 421.2 413.3 406.1 399.2 393.8 389.8
376.8 376.7 378.7 380.4 383.2 388.6 394.6 396.3 400.4 398.1 399.9 399.8 398.6 395.9 391 389.2 387 385.5 386.9 388.9 390.9 391.6 394.2 399.6 410.1 425 437.6 452 463 473.6 483 487.3 481.8 473.2 462.8 454.8 447.6 439.7 429.7 420 410.9 405.8 400 393.1 387 382 376.1 370 361.8 351.9 356.6 366.9 374.4 385.1 395.8 412 430 445.9 462.6 477.2 489.4 497.4 501.2 503.1 500.4 494.9 487.5 474.5 462 452.8 443.4 433.7 423.1 414.5 406.8 399.6 395 390.2
370.8 370.5 372.4 374.5 374.2 377.7 380 384.6 387.6 389.9 390.1 391.6 389.4 385.3 383.6 381.8 381.2 380.7 381.8 383.8 385.7 387.1 390 395.8 403.8 416.4 426.6 443.9 454.9 465.8 477.2 484.6 483 473 466.6 460.6 454.5 447.6 440.2 432.8 422 414.8 407.1 399.2 392 386.2 380.6 374.2 365.1 352.1 347.5 360.1 367.6 378.7 392.1 409.5 428.4 446.9 465.4 479.4 491.4 502 506.6 509.6 507.9 501.5 493 480.2 465.9 453.4 443.6 434.8 424.2 415.7 408.2 401.7 395.8 390.7
365.6 366 366.4 365.8 368.5 370.3 370.8 373.1 376.1 378.8 380.8 382.2 380.4 377.5 375.9 374.6 375.2 374.9 376.9 378.9 380.9 383 386.1 390.8 398.5 407 417.3 432.6 445.3 456.9 469.4 480.7 484.4 475.7 470.7 466.7 460.8 453.8 450 443 433.4 423.2 413 405.6 397.5 390.7 384.4 377.7 369 359.2 347.7 348.5 360.5 374.7 390.3 407.8 427.3 447.7 466.7 480.7 493 505.9 512.5 513.7 510.7 504.2 495.9 484.6 468.4 455.3 444.5 436.2 426.4 417.2 409.2 402.1 396.5 391.6
361 359.5 357.9 359 360.9 361.4 362.2 364.2 366.8 367.8 368.6 368.7 367.8 367.7 368.3 367.7 369.2 369.1 372 374.1 376.1 378.2 381.1 385.7 391.5 399.7 407.5 420 433.6 447.4 462.4 474 482.2 479.1 476.3 472 465.9 461.5 460 452 441.5 431.5 420.9 409.2 400.6 392.8 386.3 379.4 371.1 361.5 351 344.2 355.4 371.8 390.2 410 429.8 448.5 467.3 482.1 494.9 506.2 515.2 517.7 512.6 506 498.2 488.6 473.9 459.5 448.6 438.5 429.7 418.8 411 403.2 397.1 392.5
352.7 348.4 346 345.8 348.2 349.5 352.8 353.8 356.2 355.7 357.5 358.3 357.6 359.1 359.6 361.7 363.7 364.7 366.8 369 371 373.2 377.8 381.2 385.8 393.1 400.5 409.4 422.9 438.2 453.7 465.9 478 481.4 479.2 476.5 470.7 468.5 469.2 462 449.5 437.7 426.3 414.5 403.8 392.9 386.7 379.6 371.5 361.3 350.8 343.5 351.9 370.7 389.8 411 430.8 448.2 467.8 483.3 495.3 505.7 513.9 519.6 516.4 509.7 501.4 491.8 479.1 465 452.5 442.4 432.2 422.4 413 404.9 399 393.8
343.7 339.9 336.9 334.8 332.4 331.5 329.8 332.3 341.1 341 345.9 347.7 349.3 350.4 353.4 354.6 356.4 357.8 361.5 363.9 366 369.9 374.3 377.9 381.2 388.7 395.4 403.7 413.8 429.7 446 462.9 475.2 482.7 483.5 482.7 478.2 473.8 472.3 465.2 454.6 443.4 431.6 417.3 404.9 394.9 386.9 377.2 369.3 360.2 350.6 340.2 347.9 369.4 389.1 411 431.8 450.5 468.3 483.2 494.9 504.2 513.7 521.2 519.6 514.1 505.7 495.6 484.6 471.6 458.1 446.3 435.6 425.5 415.3 406.8 400.9 395.1
348.3 344.2 340.5 338.7 336.3 334.1 331 328.5 326.1 329.3 333.9 338.4 341.3 342.8 344.6 346.5 347.8 350.7 354.8 358.7 361.5 366.4 370.7 374.9 378.6 385.1 390 397.8 407.7 421.8 437.4 457 474.3 486.1 488.4 486.3 484.1 478.7 473.8 467.6 459 447.5 433.6 419.7 407.1 396.2 387 377.3 367.7 359.7 353.4 338.6 346.9 366.9 388.3 408.2 430.4 448.7 465.8 481.6 494 503.7 513.1 520.6 523.9 518.1 510.2 500.4 490.3 479.2 465.3 453.1 442 431.4 419.6 410.7 404.5 399.4
345.8 341.4 337.2 334.6 333.6 330.8 330 328.1 324.1 323.5 326.6 328.5 328.6 328.5 331.3 337.2 341.3 344.2 348.8 352.9 357.6 362.1 365.5 369.4 373.9 380.2 383.8 390.6 401.1 412.5 427.6 449.1 466.7 481 490.1 488.9 488.6 483.8 477.7 470.1 461.3 450.8 437.2 422.7 409.3 397.7 386.8 376.6 367.5 356.9 348.3 338.1 340.1 363.7 386.1 406.9 427.1 445 461.7 477.7 492 502.1 509.7 516.4 520.6 517.3 512 505.4 497.9 486.2 472.6 459.2 449.7 440 426.3 416.9 409.1 403.6
341.5 336.5 331.7 331.6 329.7 325.7 326.7 327.1 323 322 323.2 324.5 324.9 324.5 326.5 329 333.5 338.7 343.1 347.3 351.8 357.6 362.1 365.1 368.4 373.3 377.2 383.7 391.2 403.6 418.3 437.8 455.8 472 484.7 487.3 488.4 484.5 478.6 470.3 461.2 451.5 440.4 425.1 410.9 398.2 385.9 375.4 364.7 354.6 347.2 334.8 341.4 360.9 380.9 402 421.8 439.6 456.5 470.7 484.9 494.5 502.8 510.5 514 513.4 509.9 506.2 501.9 492.4 479.7 466.5 455 445.5 432.5 423.5 416.2 408.4
338.5 332.3 327.1 325.9 324.4 320.5 317.7 317.3 317.4 318.5 318.8 319 322.1 324.7 326.2 324.7 327.6 333.6 337.6 341.6 346.9 351.5 355.8 359 362.6 365.8 370.6 376.8 383.4 394.4 409.4 425.4 444.3 462.5 474.5 481 481.2 479.1 474.5 466.6 456 447.9 437.1 424 411.5 398.8 386 374.8 364.1 353 344.5 333.6 342 356.6 374.1 393.9 412.7 431.9 447.2 460.2 472.5 483.9 493.1 500.9 507.5 510 509.8 508 504 497.7 486.1 473.9 460.3 449.8 438 428 420.5 414.5
333 327 322.1 321.2 319.8 316.9 317.2 316.6 316.6 316.8 317.4 316.7 316 320.3 325.8 322.4 323.2 325.3 333 336.9 342 345.7 349.4 353 356.4 359.5 364.2 370.8 378.2 386.8 399 414.2 432.8 450 462.2 470.3 471.6 469.9 467.3 459.9 450.3 442.7 434.6 424.2 412.7 400.5 388.1 375.1 362.4 351.1 343.8 330.9 335.6 351.5 364.7 382.5 401.5 418.8 435.6 447.4 458.6 469.9 481.5 490.6 498.1 502.9 505.7 507.8 505.3 502 491.1 479.1 469.2 454.6 443.6 433.9 426.5 420.6
