data/330000-630000.asc
ncols 200
nrows 200
xllcorner 330000
yllcorner 630000
cellsize 50
[rows 35 to 69 of 200, columns 0 to 77 of 200]
233.5 217.2 202.7 191.4 182.4 172.4 167.2 164 160.1 156.2 152.8 149.5 146.3 145.6 145.5 145.5 144.6 143.7 152.2 178.5 200.5 214.2 228.5 239.6 245.5 246.7 241.8 235.6 224.6 211.8 212.5 215.1 219.2 223.4 231.1 239.1 249.3 258.7 268.4 281.3 293.5 306.9 321.5 335.7 349.5 359.9 369.8 379.7 385.5 387.3 388.7 387.6 383.4 378 370.1 359.4 346.1 330.8 311.6 293.4 278.7 266.2 254.3 242.9 231.7 221.7 213.6 207.7 202.5 197.4 189.2 179.8 163.8 163.7 166.1 178.7 202.4 219.4
236.4 221.5 204.9 192.4 182.8 173.3 167.8 164.1 160 156 153.1 149.8 147 145.5 145.3 145 143.9 143.5 153.9 177.8 196.1 210 219.2 230.3 237.9 239.1 234.9 229.1 219.4 206 206.8 210.2 214.2 219.6 228.7 237.3 247.5 255.9 265.8 279 291.6 306.6 321.2 334.6 347.1 359.1 368.9 378.5 383.1 384.5 385.1 383.5 379.9 375.7 369.1 359.9 347.2 332 314.6 295.3 279.8 267.4 252.6 240.2 228.7 220.4 213 206.5 201.2 195.6 187.4 177.7 163.3 163.5 165.2 181.3 202.5 222.3
239.1 224.4 209.5 195.8 181.3 171.7 167.6 164.3 161.2 157.5 153.3 150.8 148.3 146.1 145.4 144.9 143.9 143.2 154.1 171.1 187.2 199.9 210.2 218.6 227.7 229 225.4 221.7 212.6 200.9 202.5 205.9 210.4 215.6 224.4 233.5 242.4 251.1 263.3 277.8 293 307.5 319.9 333 346 358 367.5 376.3 381.5 382.3 382.8 382.1 378.9 375.1 369.1 360.8 349.2 333 316.4 297.5 282.1 270.2 254.6 237.7 224.7 216.8 210.2 204.3 199.4 193.8 185.3 172.9 163 162.5 164.7 185.2 207.5 226.1
242.6 226.8 211.4 195.8 184.7 172.3 168.5 166.3 162.8 158.5 153.7 150.2 148 146.3 145.3 145.3 143.4 143.3 155.5 165.3 177.4 191 201.2 211.6 215.7 216.9 215.3 213.4 206.8 195.8 196.9 201.8 206.6 211.8 218.9 227.6 237.6 248.2 261 278.2 294.7 308.5 319.6 332.5 344.9 354.4 363.1 371 375.9 378.3 380 380.8 378.3 374.2 368 359.7 347.3 332.2 315.1 298.5 282.4 269.4 250.7 232.5 219.6 210.5 205.5 200.7 195.6 190.8 182 166.7 162.8 161.9 165.7 190.7 213.8 230.2
246.5 230.2 216.6 200.2 185.6 174 168.4 167 164 159.5 154.4 150 147.7 145.8 144.7 143.8 142.8 144 155.1 163.2 170.6 182.8 191.3 200.5 207.6 207.1 205.1 203.2 199.3 188.7 195.2 199.6 203.7 209.4 215.9 223.9 234.2 246.7 262.5 279 296.1 308.4 318.1 328.6 340.5 348.4 355.6 360.7 367.4 372.3 375.3 377.3 376.3 371.7 364.8 355.3 341.8 326.4 313.1 298.6 283 263.9 242.9 226.8 214 205.2 199.7 195.1 189.7 186.2 179.3 163.3 162.6 161.1 171.8 195.8 217.1 233.7
249.1 238.2 224.7 208.2 193.6 176.9 168.8 166.6 165.3 161.5 157.2 150.8 147.4 145.5 144.7 143.3 142.9 144.9 155.8 161.3 166.2 173.8 181 188.8 195.1 197.6 195.6 194.1 190.5 184.1 193.5 197.8 202.3 207.9 214 222.6 233.7 246.1 263.1 279.9 294.4 307.6 315.1 321.7 331.4 339.9 345.7 350.2 356 362.2 369.1 372.6 373.2 368.6 359.8 348.5 335.4 321 308.2 292.9 275.9 255.3 236.3 219.4 208.5 199.9 194.5 188.4 183.8 179.5 170.5 161.9 161.3 160.1 177 201.6 217.7 237.6
251.8 245.4 234.5 219.3 202 184.5 170.5 167.6 166.5 163.8 158.8 151.7 147.6 144.8 143.6 142.5 146.2 146.4 154.7 158.8 163.4 167.9 172.9 178.5 183.9 186.3 185.7 185.2 182.8 183.6 189.9 194.9 200.9 206.5 212.2 220.6 232.1 246.7 263.2 279.2 292.3 303.8 310.7 316.9 322 328.7 335.3 341.3 348.1 356.4 363.9 368.8 370.2 365 355.4 341 325.9 311.9 298 283 266.8 244.1 224.5 211.9 202.9 194.5 188 182.9 178.2 172.9 161.8 161.5 161.1 166.9 186.4 205.5 222.1 245
253.8 244 237.4 222.2 206.1 191.5 172.2 170.4 167.4 165 160.5 153.3 147.6 144.4 142.7 144.1 144.8 148.3 151.3 154.5 158.8 164.3 167.2 170.5 173.9 177.1 178.4 178.9 176.5 182 186.5 190.6 195.2 200.1 207.6 216.4 230.5 245.5 259.9 276.7 290.3 299.7 304.7 308.6 311.2 318.3 325.6 335 343.4 351.8 360.5 365.9 367.6 360.8 349.4 331.4 312.1 296.7 282.8 266.7 251.7 231 215.9 204.8 195 187.5 182.5 178.3 173.6 165.9 160.8 160.2 157.9 176.9 192.2 211.4 231.3 253.4
258.9 246.1 236.4 228 215.5 198.9 177.8 172 169.8 166.3 162.5 155.6 149.2 145.3 142.8 144.4 144.4 148.4 148.5 150.9 154.4 158.8 162.8 165.5 167.8 169.7 170.6 171.2 172 178.6 181.2 184.7 188.4 195.3 202.5 213.9 228.6 244.9 257.8 272.8 284.9 292.2 296.4 298.2 303.1 311 319.5 330.8 341.6 349.3 358.3 363 363.8 356.6 343.7 321.5 298.6 282 264.6 249.5 234.1 221.6 207.4 197.7 188.8 181.6 177.5 173.7 168.9 161 159.4 159.4 163 183.9 198.5 216.6 239.9 263.5
268.6 258.5 250.5 237 223.2 207.3 190 173 170.6 167.3 164 157.8 149.2 144.8 142.6 144.2 143.8 148.2 148.2 147.8 150.5 154.5 158.7 161.6 163.8 164.6 165.9 167.4 171.6 175.6 178.1 180.9 185.8 191.8 199.7 211.1 226.3 243.1 256 268 278.1 285.8 289.9 292 297.4 305.2 314.3 327.1 340.6 348.2 357.4 362.2 361.6 352.5 337.8 316.1 293.2 270.7 249 233.9 222.4 210.8 201 191.9 183.6 177.4 173.3 169.4 163.1 159.6 157 158.1 167.4 187.8 202.6 228.8 255 281
277.4 267.1 257.1 244 229.4 214.7 205.1 181.1 169.5 167.6 164.1 158.6 151.4 145.4 142.7 144 143.4 148.2 147.8 147 147.9 151.4 155.1 159.3 159.7 161 162.7 165.6 169.5 172.1 175 178.3 183.3 189.5 196.9 208.1 223.5 240.4 255.4 267.3 275.5 280.3 283.8 286.2 291.7 300 311.1 324.4 338.8 347.9 357 361.4 357.1 345.4 328.6 307.7 287.6 264.8 244 225.3 212.9 203.9 195.1 186.8 178.9 173.5 169.3 161.1 159.4 158.3 157.5 156.9 177.2 191.5 209.4 237 266.7 297.5
284.4 273.7 261.3 250.3 238.3 231.8 217.7 198.7 173.8 168.1 164.7 159.5 152.7 145.7 142.5 144 144 147.8 147.3 146.6 146.4 148.8 151.9 155.1 157.2 158.2 160 163.7 167.1 169.9 172.6 176.3 181.2 186.9 194.2 205.4 221.7 238 254 266.4 274.6 276.3 277.5 280.2 284.9 294.2 308.6 322.9 336.7 346.4 354.5 358.6 351.1 336.2 317.1 297.1 275.8 255.1 236.4 219.8 207.1 198 190 182.2 174.6 168.8 164 158.7 158.5 158.2 157.4 155.4 180 200 222.8 250.8 279.6 310.8
289.4 277.9 269.1 259 251.1 242.6 229.2 213.9 190.2 175.4 167 161.7 153.1 144.8 142.2 144 144.6 147 147.1 146.3 145.9 147.8 150.4 152.7 154.1 156.8 158.2 161.6 164 166.5 169.3 172.3 177.9 184.2 191.5 201.5 217.2 233.1 249.9 263.5 271.1 270.9 270.8 274.4 278.8 288.8 304.5 318.2 330.9 341.5 349.3 349.9 340.2 325.5 305.3 282.7 262.5 244.1 223.7 210.7 201.5 192.9 184.7 177.5 170.7 164.3 158.6 158 157.9 157.7 156.8 168.6 185.9 204.7 232.6 263.2 292.7 324.3
292.5 282.7 275.7 270 264 256.1 243.5 226.8 209.3 192.1 175.9 164.6 156.3 143.4 141.5 143.9 144.1 146.7 146.9 146 145.8 146.4 148.9 151 152.1 153.3 156.3 159.2 162.7 164.1 165.8 169.1 173.1 179.5 185.9 194.2 210.3 227.2 241.2 258.4 265.5 265.2 265.2 267.9 273.5 281.2 296.8 313.4 325 335.9 342.3 340.6 330 313.7 293 269.8 252.2 230.1 213.5 203.4 194.5 186.9 179.3 172.4 168.4 163.5 157.4 157.4 157.4 156.6 153.9 173.3 193.6 212.8 243.9 274.1 304.5 329.6
292.7 286.9 281.1 279 274.5 268.3 255.9 238.4 221.3 204.5 187.7 172.2 160.6 145.4 141.6 143.9 143.5 146.1 146.4 146.3 146 146.2 147.4 149.4 150.4 151 152.7 156.4 160.2 161.6 163.3 165.6 169.2 174.3 181.8 188.3 200.6 217.5 233.7 248.9 258.2 258.7 256.6 260.5 267.1 275.2 288.8 306.3 319 329.1 331.4 327.6 317.9 302.8 283.1 257.2 235.2 216.5 205.7 196.2 188 180.9 173.6 167.8 164.1 160.9 156.4 156.4 156.4 155.8 162.5 181.3 200 223.6 252.7 281.9 309.1 323.8
294.6 292.4 289.7 287.9 284.8 277.5 264.2 249.4 232.8 216.1 199.5 184.8 169.2 152.2 141.7 143.9 143.4 144.5 146.3 145.3 145.5 146.1 146.9 148.1 148.6 149 150.5 152.6 155.8 159.1 161.2 163.1 166.3 170 175.5 182.5 192.6 207 223.3 237.6 247.6 250 247.7 251 257.9 267.9 282.2 296.8 310.8 319.6 322.5 317.3 307.1 293.3 272.2 246.2 223.3 208.9 198.4 189.8 181.6 174.9 169.5 164.6 161.6 158 155.4 155.4 155.3 153.5 169.4 187.6 207.8 232.8 259.4 285.3 297.4 299.4
298.2 298.9 297.7 294.4 289.4 283.6 272.4 258.7 243.5 227.8 212.1 196.2 180.4 164 146.8 140.8 143.4 144.2 145.1 144.7 145.2 145.8 146.6 147.1 147.8 147.8 149 150.9 152.7 156 158.9 160.8 163.4 166.3 169.8 175.5 185.7 197.3 212.1 226.6 237.2 239.7 238.9 240.3 248.4 260.9 275.8 290.3 301.6 310.1 311.5 307.8 297.4 282.7 260.8 234.4 214.1 201.6 192.3 184 176.8 170.7 166.2 161.6 159 154.7 154.4 154.4 154.1 157.8 178 194.6 207.8 236.2 262.7 277.4 265.2 264.2
301.9 303.7 304.7 302.5 298.4 291.1 281.8 269 254.2 239.9 223.2 208.1 192.1 177 160.6 144.5 140.9 143.4 145.4 144.4 144.9 145.4 146.4 147.2 146.5 146.6 148.2 149.8 151 153.5 156.2 159.1 160.9 163.3 166 169.8 178.5 192 205.7 217 227 230.1 228.3 233.2 242.2 254.6 271 283.2 293.3 300.1 301.8 297.5 288.6 273.5 252.2 226.7 209 196.4 187 179.8 172.7 167.4 163.3 159.7 158.3 153.7 154 154.1 151.6 167.8 186.3 200.5 203.9 228.3 253.6 244.8 233 229
303.8 307.4 310.5 317.2 314.9 307.6 296.5 281.5 264.9 249.3 233.7 219.9 203.2 188.6 175.3 160.3 146.5 140.6 143.4 144.3 144.6 145.1 146 146.7 145.5 145.7 147 148.6 150.4 151.5 154 157 159.1 160.9 163.4 166.4 171 182.5 198.3 208.4 216.9 218.6 218.1 227.3 237.8 249.4 263.9 277 286.7 293.2 294.7 289.7 280.2 263.1 242.3 221.6 203.9 191.4 183 175.6 169.4 164.6 160.9 159 156.9 153 153.2 153 158.9 179.2 198.3 218.3 212.8 217.4 235.7 215.3 201 195.8
305.1 309.8 316.1 325.7 324.5 317.4 307.5 292 274 256.8 242 227.6 213.1 199.2 187.9 175.6 161.7 148.2 141.1 143.5 145 144.6 144.9 145.6 145.2 144.8 145.5 147.7 149.3 150.5 151.3 153.9 156.3 158.7 160.5 162.8 166.7 173.8 187.6 198.4 205.7 207.5 212.4 223.5 234 244.9 259.1 272 284.1 289.9 288.8 283.3 272.5 254.1 233.7 214.3 197.2 187.1 179.1 172.7 167.7 162.6 159.4 158.2 152.1 152.3 152.1 151.3 169.6 189.8 211.4 228.3 215.9 202.7 210.6 201.9 186.3 175.8
304.8 309.1 316.6 322.9 322.8 318.9 310.2 296 278.6 261.9 247.5 233.4 219.9 206.3 195.9 185.1 176.1 163.7 151 140.3 142.9 144 143.8 144.4 144.3 143.9 143.9 145.7 148 149.3 150.2 149.9 151.9 154.7 157.1 159.7 162.7 168 177.2 188.8 195.5 198.7 208.9 219.7 231.9 243.5 256.2 269.1 281 285.8 280.8 275.4 264.6 246.8 225.8 207 192.1 182.9 175.6 169.5 164.4 160.9 158.1 157.5 151.8 151.8 151.2 157.6 178 200 217.4 219.4 203.8 187.8 184.5 176.1 168.5 163.6
303.3 307.3 313 317.6 319.5 315.5 307 294.7 281.1 265.5 251 237.2 224.8 212.6 202.7 194.8 187.9 180.9 170.5 159.1 144.8 140.2 143 144.6 143.7 143.5 143.6 143.6 145.2 146 146.8 146 147 149.3 152.2 155.2 158.9 164.2 171.1 178.7 186.9 196.3 206.4 216.3 228.4 240.2 250.9 264.2 274.2 276.8 273.5 269.8 256.5 236.5 216.4 200.6 187.1 179.3 170.9 164.7 160.7 158.7 156.8 154.2 151.2 151.3 149.5 164 184.9 201.8 208.4 201.9 189.7 174.5 165.5 156.9 153.3 153.6
302.4 306.8 310.2 312.8 313.3 310.8 302.4 290 281.2 268.8 253.9 240.6 228.8 217 208.6 201.9 199.2 196 190 179.7 166.8 153 140.6 140.9 143 143.4 143.5 143.5 143.4 143.3 143.3 143.2 143.5 143.8 146 149.8 153.6 157.7 165.8 172.6 181.4 193.6 203.2 211.7 221.7 234.8 244.6 255.5 265.6 266.8 268.2 262.8 244.3 222.8 207 193.1 181.6 175.5 167 161.5 158.5 156.8 155.9 150.9 150.6 150.5 151.4 170.4 187.3 197 192.2 182.4 172.4 157.4 151.6 142.8 142.9 140.8
305.4 307.7 309.7 310.4 308.5 303.5 295.9 284.9 278.4 271.2 257 242.6 232.5 223 217.6 213.1 213.1 211.7 208.4 201 187.1 170.6 155.8 142.5 140.6 142.4 142.7 143.6 143.2 143.2 143.1 143.4 143.6 143.5 143.4 144.1 148.5 152.5 160.7 169.1 177.6 187.9 198 205.8 214.5 228.7 237.5 245.4 254.1 261 260.5 251.5 233.7 212.3 199.7 187.5 179.4 172 163.9 159.7 156.8 154.3 153.9 149.8 149.8 147.1 159.7 177.4 185.4 182.9 176.9 165.9 156.8 147.5 142.2 141.9 140.8 138.4
311.2 311.6 311.5 309.3 306 299.9 294.6 290.4 280.1 274.1 259.8 244.7 237.7 230.8 229 229.5 230.7 230.3 228.9 219.8 205.8 190 170.5 154.7 144.8 141.8 140.7 142.1 142.5 142.6 143.8 143.6 143.7 143.4 143.4 143.7 144.9 147.5 155.7 164 172.5 181.8 192.5 200.6 208.9 217.8 228.9 236.3 245.3 254 253 240.2 222.9 207.1 193.5 183.1 176.8 169.1 161.6 157.8 154.7 152 150.5 149.6 149.7 149.1 165 182.9 186.4 173.8 163.2 152.5 146.2 142.6 141.4 141 139.9 136.2
318.2 318 317.8 314.2 310.3 305.7 300.7 295.7 288.5 279.5 268.3 251.6 244.3 241.3 243.4 247.9 249.5 249.7 249.2 241.2 224.1 205.2 185.1 163.1 150.1 144.6 143.6 143.7 140.8 140.7 140.4 140.9 142.5 143.4 143.1 143.5 143.3 143.5 148.1 160.6 165.3 175.3 184.7 193.9 203.5 211.7 219.6 229.2 237.6 243.8 242 228.4 213.8 204.3 191.7 180.1 172.5 166.2 159.9 155.5 152.1 150.3 149.4 149.1 148.7 149.8 169.2 174 171.6 163.4 152 144.1 143.3 142.3 140.4 139.3 137.3 136.5
326.6 326.7 326 323.9 320.5 316.6 311.9 305.5 296.9 288.9 277.4 263.2 258.7 258.6 263.4 267.4 268.7 269.1 267.5 257.5 240.8 218.7 195.9 174.7 156.6 146.5 144.4 143.8 143.5 143.3 142.7 142.2 141.7 140.5 139.5 143 142.5 142.3 142.2 150.2 159 167.3 175.8 185.5 197 207.4 217.6 227.3 236.3 237.3 229.2 221.9 213.2 206.4 187.5 177 168.8 162 157 152.6 149.3 149 149 148.8 148.2 148.7 163.4 166.5 161.4 154.5 146.4 145.1 143.7 142.2 140.3 138.2 137 136.8
335.5 336.6 335.9 334 330.7 326.3 321 315.6 309.9 298.1 288.9 280 276.7 277.3 283.4 286 288.1 287.3 283.3 270.8 254.4 228.8 206.5 183.8 164.4 149.9 146.1 143.8 143.3 142.9 142.7 142.3 141.9 142.1 141.9 140.3 139.8 142.6 142.5 145.9 152.3 159.6 168.2 179.2 192.6 206.5 218.5 228.9 239.7 243.5 238 233 225.3 205.4 185.5 174.4 164.4 157.3 154.1 151.2 147 147.5 148.2 148.2 147.7 147.7 156.4 156.7 153.4 149.7 146.8 144.9 143.4 142 140.7 137.8 137.2 137
345.1 346.4 346.6 345.4 342 337.2 331.4 325.5 318.6 309.4 298.8 292.3 292.4 297 303.1 308.8 309.4 307.1 298.9 284.2 264.4 239.3 215.4 191.6 170.8 155 147.8 144.9 143 142.8 142.6 142.4 142.1 142.4 142.3 141.8 141.4 139.8 142.4 143.1 147.5 153.4 161 172.2 186.4 202.9 216.9 230.1 243 252.3 247.9 237.9 223.8 198.6 181.3 168.4 158.4 151.1 146.5 146.1 146.2 146.7 147.4 147.3 147 147.7 151.4 150.4 149.6 147.7 146.7 144.7 143.2 141.8 140.5 138.3 137.7 137.1
355 356.5 357.5 356.5 353.7 348.8 342.8 336.3 328.2 320.5 312.8 306.5 307.6 313.2 321.5 326.7 328.2 322.2 309.2 295.1 272.1 246.6 221.9 196.1 176 160 148.2 145.8 144 143.3 142.6 142.4 142.3 142.6 142.8 142.4 142 141.4 140.3 142.2 142.3 147.8 155.4 164.1 178.9 194.3 214.5 229.1 247 256.3 247.3 235.9 216.6 194.3 177.3 162.4 153.9 146 145.2 144.9 145.5 146 146.6 146.6 147.2 146.3 148.3 148.1 148 146.4 145.4 144.5 143 141.6 140.3 138.7 138.2 137.6
365.1 366.6 368.8 367.6 365.6 360.7 354.1 347 338.9 332.3 325.2 320.3 321.7 327.4 334.9 338.9 339.5 333.5 321.4 298.5 277.9 250.8 228.6 201.8 181.4 164.8 152.6 147.7 145.6 144.8 144 142.7 142.3 142.3 142.3 142.5 142.3 141.8 141.3 140.4 142.7 141.7 149.9 158.4 170.4 186.9 208.6 225.9 245.4 254.1 246.1 233.2 210.5 190.3 172.6 158.4 149.8 145.3 144.6 144.6 144.7 145.3 145.8 145.4 146.2 146.2 147 146.4 145.8 145.1 144.2 143.3 142.6 141.5 140.2 139.1 138.7 138.1
372 375.8 378.5 378.8 377 373.2 366.1 358.4 350 340.4 336.2 333 333.5 338.7 345.6 350.6 348.4 342 333.2 309.3 285.1 260 237.3 209 187.7 170.7 156.2 149.5 146.8 145.2 143.6 142.8 142.6 142.6 142.3 142.4 142.5 142.4 142 141.2 141.8 142.4 145.1 154.2 165.4 180.5 201.6 221.2 238.6 244.4 240.4 226.4 206.2 187.1 169.1 156.2 149.8 145.3 145 144.6 144.6 144.5 145.3 145.6 145.7 143.7 145.7 145.1 144.4 144 143.4 142.8 142.1 141.4 140.3 138.9 138.6 138.2
379.4 385.6 389.1 391.3 389.7 385.3 379.3 371.3 361.9 352.9 347 345 345.1 350.4 357.4 362.6 358.4 350 338.8 320.9 292.9 268.1 245.2 216.1 193.9 174.6 159.8 152.2 148.1 144.9 143.5 143 142.8 142.7 142.3 142.3 142.4 142.3 142.3 141.8 139.7 141.8 142 148.1 158.9 176.2 193.7 214.4 230 233.3 228.1 216 199.3 179.6 163.1 154.4 148 144.8 144.8 144.9 144.6 144.6 144.9 145.3 145.4 145.1 144 143.8 143.6 143.6 143 142.3 141.6 140.9 140.1 139 138.4 138
384.6 392.8 396.4 400 400.4 397.7 393 383.7 373.8 365 359.9 358.6 359.5 365.6 369.9 370.9 366.6 356.2 343.1 326.3 300.1 274.8 252.8 224.9 201.9 179.6 165.6 156.1 150.8 147.4 144.1 143.3 143.1 142.7 142.3 142.2 142.3 142.2 142.2 142.1 140.3 141.3 143.1 142 155 170.1 186.9 201.9 217.5 218.4 212.5 200.8 188.9 172.2 159 151.6 147.8 144.8 144.4 144.1 144.3 144.5 144.8 145 144.9 144.5 144.1 143.3 143.1 143.1 142.6 141.8 141.1 140.4 139.6 138.9 138.2 138.1
387.3 396.3 403.1 407.9 410.3 409.4 404.1 396.2 386.9 379.7 376.1 373.4 376.5 379.6 381.3 379 372.8 361.8 345.4 329.3 306.7 281.4 258.8 230.9 206 185 170.5 159.5 153.1 149.6 147.3 144.5 143.1 142.7 142.3 142.1 142.1 142.1 142 141.8 141.8 139.6 141.5 140.4 150.6 164.4 180.7 194.4 201.7 202.4 195.2 187.1 175.6 164.3 155.3 150.3 147.5 144.9 144 144.1 144.1 144.1 144.4 144.6 144.5 144.1 143.8 143.8 141.1 142.7 142.2 141.4 140.7 140 139.2 138.5 138.1 138
