data/330000-520000.asc
ncols 200
nrows 200
xllcorner 330000
yllcorner 520000
cellsize 50
[rows 35 to 69 of 200, columns 0 to 77 of 200]
437.8 445.6 455.6 467.5 478.3 484.3 487.1 502.8 517.3 523.7 527.4 533.2 539.5 548.9 562.1 573.2 582.1 585.6 584.9 583 579 574.3 569.1 564.3 561.4 557.6 551.1 548.1 559.9 571.8 582.4 592.7 603.3 614 624 633.3 639.2 642.7 665.1 682.7 700.1 718.6 738 757.2 776.3 795.5 816.3 836.5 839.5 830.4 806.3 758.3 712.3 674.2 644.1 620.2 608.9 606.8 617.4 624.4 622.2 609.9 587.7 558 532.3 515.1 517.1 506.9 496.2 485.4 476.8 468.7 458 454.9 460.2 471.1 484.4 500.5
433.6 441 449.5 460.7 471.1 478.7 497.4 514.4 517.9 520 522.4 526.8 533.8 545.6 558.3 568.7 575 577.3 576.3 572.9 567.8 562.8 557.8 554.9 552 546.6 543.8 554.4 564.2 575.4 586.4 597 608.9 620.2 631.6 643.3 654.4 663.7 668.9 687.2 707.1 726.2 745.5 764 782.8 802.5 822.1 836.4 836.7 827.9 803.4 747.5 699.3 661.9 628.7 605.7 597.6 597.6 598.2 601.5 599.7 589.2 573 561.1 547.2 538.2 531 522.5 513.4 503.7 491.5 481.9 474.9 461 450 451.9 462.3 477
426.9 437.9 447.9 458.8 472.9 492.4 508.4 510.7 511 511.7 513.9 517.6 527 539.5 551.6 560.7 565.9 566.3 565.2 560.8 556.2 552 549 545.9 542.9 537.7 544.5 556.2 567.3 578.6 589.9 602.7 615.2 628 640.9 654.3 667.2 680 690.4 703.1 716.9 733.7 753 770.8 788.3 807.6 826.6 836.7 836.1 825.9 793.7 750 710.7 671.3 625.1 598.7 597.6 597.6 597.6 592.4 592.2 591.6 588.8 584 576.7 566.6 555 544.8 533.6 519.2 513.2 500 491 479.8 467.3 452.8 444.7 454.1
427.7 437 449 463.3 482.1 498.8 502.4 502 501 501.1 502.2 507.8 519.7 531.7 542.6 549.2 551.7 553 551.9 548.9 545.2 542.9 540.3 537.3 529.5 538.8 546.9 558.3 570.4 582.3 595.8 609.5 622.5 637.2 652 666.6 681 693.8 707.7 721.1 734 746.9 761.8 778 795 811.7 827.8 837 833.4 823 782.5 749.4 720.1 683.1 645.4 609.3 598.5 596.9 598.2 605.8 610.1 613.5 612.9 611.8 606.9 597.4 585.1 572.2 561.1 548.1 534.4 522.5 511.3 497.3 484.4 472.6 455.2 438.8
423.4 434.2 449 464.8 480.6 488.4 489.2 487.5 486.9 487.2 488.6 499 511.5 522.4 530.6 535 537.5 539.9 539.5 537.9 535.8 534.1 528.9 524.6 535.5 541.3 551.1 560.7 574.1 588.6 603.6 617.3 632.6 647.9 663.3 678.6 693.8 709.4 724 737.5 750.6 762.6 773.2 787.9 802.1 815.8 827.8 832.6 829.7 815 777.1 748 727 710.7 663.4 627.8 612.1 615.4 621.8 630.3 638.4 640.4 640 638.2 633.7 625.8 615.4 600.9 589.1 575.1 560.2 548 534.9 520.1 504.8 487.6 470.4 458.5
417.9 431.1 445.3 459.5 470.1 473.3 472.8 471.8 470.5 470.7 476.7 489 499.7 507.8 514.2 519.2 523.9 527.5 529 528.2 526.4 521.6 522.6 536.1 544.6 553.5 561 566.3 577.8 592.6 608.5 624.4 642.3 659.2 674.8 690.9 708.4 723.2 739.7 754.2 766.3 778.3 788.9 800.6 811.6 821.9 829 831.4 828.8 810 772.9 744.3 723 699 675.8 648.8 638.7 644.1 647 654.2 656.6 656.9 657.6 655.7 651.9 645.2 636.8 625.7 613.3 599.7 586.3 573.9 559.1 541.8 525.4 507.9 490.7 476.8
409.9 422.7 436.3 447.5 454.5 455.6 454.8 453.9 454.2 451.2 466.1 476.7 483.8 488.8 493.1 498.4 505.9 513.5 515.7 515.4 514.5 522.4 533.8 543.4 553.1 562.3 572.7 582.4 590.7 594.7 615.1 633.6 650.6 669 685.3 702.1 719.8 736.9 752.9 768 781.5 792.5 803 812.8 822 829.4 832.2 833.5 833 825.2 790.8 764 738.6 713.2 689.9 670.7 664.9 666.5 668.9 671 669.8 668.9 670.2 669.4 665.5 659.5 651.1 641.3 631.3 619.1 607.2 596.9 581 563.4 546.1 529.6 512.4 495.2
401.4 412.4 422.8 430.9 436.4 436.4 435.6 435 433.6 438.5 452.6 459.5 461.6 463.5 463.8 467.2 474.6 491.2 506.3 515.8 523.7 531.8 542.1 551.7 561.7 570.8 581.9 594.3 605.9 616.3 621.9 640.4 658 676.6 694.6 712.9 730.9 748.1 765.6 781.6 795.2 805.8 815.8 824 831.8 838.4 841 842 840.3 831.6 805 780.5 750.5 725.9 708.8 696.8 689.9 688.7 687.7 683.3 677.8 676.6 679.4 682.7 679 672.3 661.6 651 640.4 627.9 618.5 608.8 595.6 582.2 566.5 550.6 533.6 516.2
393.1 400.5 408.2 414.3 416.8 416.5 415.6 411.9 411.3 422.2 435 438.2 447.9 462.9 476.3 490.2 500.4 509.8 518.5 526.9 534.4 541 549.9 560.2 570.2 581.7 595 609.1 622 633.2 641.8 647.1 665.1 684.4 703.1 722 740.8 758.7 775.9 791.8 806.5 818.6 828.5 835.9 842 847.5 850.9 850.5 846.2 830 806.6 786 764.9 746.4 732 721.1 713.5 707 701.9 697.1 689.7 671.7 658.3 656.3 661.3 663.5 657 657 645.4 638.1 630.1 619.1 608.3 597.4 584.9 569.5 555.4 539.2
382.3 387.1 390.9 390.8 391.9 391.9 399.7 409.1 416.2 426.9 439.3 454.1 466.7 482.5 495 506.8 514.1 522 529.4 536.3 543.9 551 556.2 569.2 581.2 594.7 607.8 623.4 636.3 649.8 661.2 670.3 677.4 695.1 713.7 731.5 750 767.9 785.3 801.1 816.6 829 838.5 845.7 850.8 855.3 858.5 858.3 844.8 825.6 802.6 789.3 776.1 763.7 752.6 742.9 733.7 722.6 714.6 701.7 671.9 645.2 630 624 628 633.6 627.8 632.8 625.1 625.6 637.1 629.2 621 610.3 598 587.2 574.8 561
363.8 363 376.7 392.4 404.3 412.2 421.1 429.8 440.1 452 462.2 473.9 484.5 497 506.8 516.7 524.2 531.6 538.5 545.6 553.2 561.5 569.9 578.6 593.7 607.4 621.1 637.1 650.8 665.4 678.1 689 698.3 708.6 724.5 742.8 760.2 776.6 794.3 809.6 825.6 839.8 847.7 853.6 857.4 856.1 863.6 852.7 820.8 802.7 779.6 750.8 749.4 748 735.9 740 744.9 740.2 713.1 683.9 652 622 597.5 588.1 596 600.8 591.4 604.6 598.1 594.4 608.6 625 632.1 618.6 607.4 596.8 586.9 574.7
368.3 378.9 391.3 404.7 416.3 426.4 436.7 447.5 459.5 470.9 481.1 490.4 499.9 509.6 519 527.2 534.7 541.9 547.9 557 567.5 576.5 584.9 593.7 605.9 621.3 636.5 651.3 666.8 680.6 693.4 705.3 715.8 725.7 737.1 754.7 771.1 787.5 803.8 818.7 834 847.5 853.5 838 833.5 835.1 846.3 839.1 797.8 768.4 757.5 721.3 709.4 708.5 702.3 700.3 710.9 711.2 699.4 665.3 634.1 603.7 574.1 555.1 565.5 564.6 557.8 575.9 572.6 564.5 579.9 598.2 615.6 623.1 612.1 602.5 592.7 582.7
369.1 379.5 396.6 410.8 423.6 435.1 446.4 460.3 473.7 485.9 495.3 503.3 512.8 521.7 530.8 538.1 546.3 556.1 566.6 576.8 584.6 592.8 602.1 610.3 619.7 633.9 649.5 665.8 680.3 694.4 708.4 720.7 732.5 743.2 752.4 767.5 782.6 797.5 812.8 828 841.3 851.5 824.1 803.4 800.8 805.6 817.1 825.7 784.1 748.8 725.4 702.3 671.4 670.3 663.6 662.9 677.6 677.6 680 653.7 617.5 583.7 554.1 528.4 533.2 528.8 525.3 539.7 545.5 534.4 550.9 570.5 590.2 608.3 612.9 604.8 596.8 586.9
368.6 382.7 399.6 416.1 430.1 442.2 455.3 472.2 487.6 499.9 508.9 516.8 525.1 533.6 543.6 554.1 565.1 576.2 586.7 597 603.6 610.8 619 627.3 636.3 648.6 664 679.8 694.6 708.7 722.9 736.4 748.7 760.2 770.5 782.9 795.4 808.3 820.5 832.7 840.1 820.1 796.8 771.4 765.9 775.3 784.5 798 776.1 732 692.7 674.8 645.6 631.9 623.9 629.2 642.7 642.6 648.4 642.9 608 570.9 535.4 506.6 500.9 494.6 492.6 503.8 513.2 500.8 522.7 544.4 565.1 586.6 608.4 605.9 598.6 589
370.5 386.5 402.6 418.9 435.1 450.8 469 485.9 500.9 513.8 526 535.6 545.5 554.6 564.4 573.9 585.2 597.4 608.3 618.2 624.8 630.1 638.9 647.9 656.9 665.1 678.8 693.2 708.1 723.1 737.4 751.1 765.2 777.6 788.6 798.9 809.8 819.4 828.7 834.2 813 788.4 764.1 738 732.8 740.7 752.3 762 770.6 726.9 679.9 644.7 618.5 595.5 587.5 593.9 604.2 607.3 618.2 624.2 599.1 562.2 523 487.7 468.2 461.1 459.9 470.1 476 470.7 498.7 521.3 547.2 572.3 596.9 604.8 596.8 588.2
370.8 386.8 403.7 421.7 440.8 460.5 480.2 497.5 513.2 529.2 545.2 556.7 568.9 577.6 587.2 597.7 609.8 619.9 629.2 638.4 644.8 652.3 658.5 667.1 676.3 684.5 694.7 707.8 721.5 737.4 751.7 767 781.3 795 806.3 816.6 824.5 830.7 832.9 814.3 788.4 761 731.8 703.1 699.1 703.4 716.4 722.4 737 743.9 694.9 652 612.1 578.7 547.7 561.1 567.5 571.8 585.7 600.7 592.1 558.1 518.9 481.1 447.7 428.8 428.2 437.9 443.2 453.3 479.1 504.9 533.1 558.1 582.9 595.3 592 583.8
371.2 386.8 404.5 425.6 447.7 469.4 489.4 510.2 528.9 546.9 564.5 578.4 592.7 604.3 614 624.3 633.4 641.4 650.8 658.9 667.4 674.8 681.6 689.1 695.5 703.8 712.7 723.3 736.4 751.5 765.4 780.9 795.9 809.7 822.6 832.4 838.9 831.5 806.1 786.5 764.5 736 704 672.4 663.5 664.8 676.9 679.7 697.7 708.5 704.8 660.4 617 578.3 543.2 526.8 533.7 538.7 561 576.2 572.6 551.9 519.1 485.4 453.2 424.6 392.3 407.7 414.1 438.2 463.8 491.4 519.7 544.2 563.4 577.6 578.5 572.3
370.3 387 408.3 431 453.8 478.1 501.5 524.2 545.7 565.8 584.9 601.3 615.9 627.7 637.2 645.2 652.6 662.2 671.7 680.4 689.5 695.9 701.3 709.6 715.8 724.4 732.3 741.6 752.9 765.2 778.5 793.9 808.9 823.5 835.4 847.3 833.2 806.1 783.2 763.8 744.6 715.7 681 647.8 626.1 626.4 634.2 644.2 660.3 677.1 696.5 656.4 613.7 575.6 540.1 504.5 493.1 512.3 538.4 548.8 547.9 552.1 523.1 488.2 453.7 423.1 395.6 381.5 402.9 428.4 454.2 481.6 506.5 527.5 545.9 561 558.7 550.8
371.2 390.8 411.8 436.2 462 487.3 512.1 537.5 561.4 584 603.9 619.6 633.2 644.6 653.5 662 673.5 683.2 692.6 700.9 708.3 715.2 722.1 728.1 735.3 742.9 750.7 757.8 768 779.2 792.1 806.1 820 832.9 832.4 827.3 809.3 782.2 758.1 738.4 724.7 700.3 664.2 628.2 598.3 591.3 597.3 610.2 625.2 649.8 680.4 660.3 616.2 575 538.6 502.1 466.8 483.4 505.4 509.8 514.4 521.6 526 492.5 455.6 422.4 392.5 365.4 391.6 417.1 443.7 468.6 489.8 508.5 526.2 541.3 536.2 526.5
372.3 393 416.7 442 469.3 496.6 522 549.3 575.2 597.7 617.5 633.4 647 656.2 669.1 682.4 693.8 703.2 711.8 718.9 726.3 733.5 740.1 746.7 753.5 759.5 766.5 773.3 781 791 804 815.9 820.5 804.7 793.8 786.9 777.3 761.7 731.4 708.6 692.3 676.5 648.7 616.5 580.6 558.6 563.1 579.7 592.9 633.9 648 656.7 614.7 575 537.3 501.2 464.4 450.1 466.3 471.4 478 491.4 510.7 488.8 452.1 415.8 383.2 352.2 381.6 406.8 430.4 451.4 469.5 486.3 506.4 521 514.6 501.9
373.9 395.6 421.1 447.2 476.3 505.3 532.8 560.2 585 607.1 626.3 641.7 656 669.6 684.9 698.2 709.4 719.4 727 734.4 742.5 750.4 757.8 764.7 770.2 775.3 781.3 785.6 792.4 803.4 815.8 807.8 780.8 765.2 757 750.2 751.8 744 712.6 679.7 658.8 650.4 624 601.1 576.6 538 530 543.6 568.9 601.2 624 653.1 615.8 578.8 541.9 506.5 469.9 433.1 426 431.7 441.8 458.4 474.1 478.4 443.1 404.4 369.7 344.6 374.5 394 409.5 425.5 444.8 465.1 487.2 500.6 491.6 477
377.1 398.5 423.7 453.8 483.2 513 541.4 567.8 591.9 613.5 631 647.9 665.5 682.1 696.4 708.9 720.1 730.6 740.5 749 757.1 764.5 772.2 779.4 784.1 788 789.1 779.7 780.6 786.1 786.5 767.3 743.6 730.3 722.6 717.1 729.1 726.9 695.4 657.3 627.3 616.4 601.6 577.3 556.8 535.6 498.3 514.1 544 576.8 610.3 642.4 617 582 548.2 514.2 480.8 448.5 419.5 397 409 423.7 441 464.6 439.6 400.9 363.9 331.8 359.8 376.5 383.8 396.4 418.1 446.7 470.9 479.3 466.3 450.2
378.5 401.1 429.3 460 490.1 520.1 548.2 573.4 594.5 613.3 633.6 653.1 671.9 688.4 702.9 716.3 728.4 739.6 751.1 760.6 768.9 776.3 783.7 790.8 792.9 774.2 752.8 741.4 738.8 742.9 750.7 730.6 710.8 697.2 689.1 683 712.4 714.9 682.4 641.4 605.9 578.3 575.6 558.3 531.2 507.1 482 493.8 529.7 562.2 595.1 619.5 618.9 585.5 554.5 524.4 495.7 464.5 435.8 407.3 378.1 394.4 415.6 447.4 441.4 402 362.6 325.8 334.9 347.4 357.1 371.2 395.6 426.9 456.7 458.8 437.6 422.6
378.2 404.7 435.1 465.7 495.8 524.4 550.9 574 594.3 616.3 637.9 656.8 674.8 691.9 707.4 721.4 735.9 748.7 760.8 770.7 779 786.1 793.2 799.3 798.7 749.5 720.6 704.4 700.6 709.1 719.2 700 681.3 664.7 653.9 677.8 704.9 709.7 671.7 630.4 594.2 559.8 540.9 540.4 519.7 486.3 454.1 479.4 513.4 549 575.4 598.7 616.9 589.3 558.7 530.6 503.5 474.1 444.4 416.3 386.8 363.7 395.7 431.6 443.5 411 374.1 341.7 311.4 317.1 328.8 345.7 374.5 404.1 430 428.6 404.9 389.8
382 411.7 439.4 469 499.6 526.7 550.9 571.4 595.2 617.4 638.4 657.5 675.3 692 708 723.5 739.7 753 766 774.5 783.5 789.7 796.2 802.7 781.9 734.2 698.6 671.3 665.7 679.1 688.1 671.6 652.8 623.8 637.2 668.2 695.9 704.2 668 626.4 587.5 550.9 513.4 505.2 501.6 483 444.9 460.1 491.9 521.4 551.2 583.4 603.2 581.2 553.1 522.2 498.3 475.4 449 420.4 390.7 356.1 382.9 419.7 444.1 419.1 388.3 358.5 332.7 308.3 304.2 321.6 346 370 392.1 388.7 374.5 363.4
388.7 414.4 440.2 467.5 496.3 521.9 547.7 572.1 595.6 617.7 638.6 656.8 675.2 691.7 708.2 724.3 740.4 753.6 765.8 774.7 781.7 787.9 794.8 798.1 763 719.7 683 650.2 630.5 641.2 653.2 640.4 618.5 589.4 627.5 658.8 687.5 706.3 664.4 625.6 587.5 550.8 510.8 471.1 469.7 467 428.2 439.6 473.3 508.4 540.1 570.9 588.4 567.1 536.7 506 478.5 457.5 432.4 408.2 379.6 347.8 374.5 413.6 444 429 402.5 377.8 355.1 328.5 296.4 298.1 319 341 357 357.3 350 336.8
398.3 422.7 446.9 471.1 497.7 522.5 550.2 573.8 597.4 619.1 639.5 657.7 675.2 691.3 707.6 723.5 738.8 751.2 762.1 770.3 775.7 780.1 784.6 786.1 745.4 697.4 664.6 636.1 603.4 606.2 614.8 604.8 587.6 583.4 620.2 653.6 684.1 709.2 669.7 630.8 595 557.2 510.1 469.2 432.1 437.8 408.8 424 459 496 528.9 555.1 568.3 552.4 523.4 490.5 458.5 429.3 398.9 369.7 348.7 337.2 375.6 416.3 432.3 423.7 410.1 388.8 368.8 339.6 307.1 273.7 295 321.7 331.3 332.6 315.9 302.1
403.3 427.4 451.9 476.4 503.7 529.2 553.5 577.3 599.9 621.6 641.5 659.7 675.4 691.6 706.9 721.7 734.9 746.9 756.4 763.6 766.8 767.7 769.7 768.3 723.5 685.8 651.5 616.8 584.6 570.8 576.3 570.9 556.7 581.8 617 649.3 679.9 699.2 664.3 632.1 597 548.4 506.4 471.1 436 401.6 391.8 413.5 447.4 482.6 512.8 534.2 550.2 535.5 509.1 477.3 442.2 406 371.7 339.7 324.5 360.5 393.4 416.8 414.9 406.9 394 377.8 358.8 336.1 314.1 281.9 275 301.4 302.2 293.8 285.3 274
404.9 431.3 456.9 483.6 508.8 533.3 557.3 580.4 602 623.3 643.6 661.2 676.9 691.4 705.4 718 730.4 739.7 746.7 752.1 752.5 748.8 747.6 739 688.7 674.1 638.6 601.6 572.1 538.8 542 540.6 545.5 581.1 615.3 650.3 679.3 686.8 654.1 617.7 576.8 541 507.9 472.5 436.4 403.4 370 403.5 434.2 463.3 488.5 513.6 528.9 517.2 495.6 467.8 433.1 391.5 354.7 321.9 324.1 361 389.1 398.4 391 380.3 372.3 365.3 346.7 330.5 309.6 289.1 256.3 277.8 274.6 267.4 257.6 248.9
409.1 435.9 461.9 487.8 512.1 536 560.5 582.9 605.7 626 644.1 661.2 676.6 689.7 701.8 712.5 721.6 727.8 732.2 735.4 730.2 723.4 720.1 711.1 676.6 633.8 619.1 585.9 550.7 522.3 511.6 512 546.6 580.1 613 647.6 680 672.3 657.2 620.8 587 557.4 522.3 482.7 443.6 405.2 366.6 380.6 407 434.7 465 491.7 507.9 501 481.9 457.5 426.9 386.3 347.4 309 311.9 344.7 367.1 370.8 360.3 353.2 339.7 332.2 323.4 310.5 294.5 274.7 257.4 254.7 252.7 247.9 240.1 235.5
414.5 439.4 465.2 491 514.6 538.5 563.7 586.8 607 626.7 644.2 660.1 673.8 686.1 696.6 704.7 710.4 712.4 711.2 706.2 699.7 697.2 692.1 684.6 670.8 626.8 584.5 557.4 526.9 500.1 484.9 511.9 544.3 575.4 606.2 638 666 655.8 647.4 627 592.3 559.7 520.6 483.1 445.9 406.2 372.4 350.2 381.6 416.6 445.9 472.4 491.9 485 468.7 446.5 418.2 386.3 347.4 312.4 287.3 321.2 339.2 337.5 331.1 324 310.4 301.7 297.1 285.3 268.9 253.5 246.2 236.2 240.5 235.7 229.6 224.3
419 443.1 467.3 492.9 517.8 541.3 566.3 587.3 607.6 625.9 642.8 657.2 669.8 681.7 689.2 694.2 695.7 693.4 681.8 675.8 671.1 669.3 662.6 654 639.3 608.5 568 527.5 502.2 476 475.2 504.6 535.9 566.9 596.9 625.7 638.5 632 624.9 620.5 597.4 561.5 521.2 485.2 451.2 414.6 380.5 345.1 358.7 395.7 429 456.4 472.5 466.4 456.9 438.7 407.9 377 346.3 311 276.5 293.9 315.6 312.4 306.4 295.4 285 274.8 268.7 259.5 249.1 240.3 234.8 230.2 227 224.5 217.2 212.6
420 444.7 469 494.2 518.6 542.7 565.6 586.2 605.3 624.4 639.8 652.4 661.8 671.4 676.4 678.1 675.7 668.4 658.1 655.4 644.6 637.5 631.3 621.9 606.9 581.4 541.7 509.6 482.8 458.9 463.8 493.9 525.5 556.9 586.8 606.7 610.4 605.4 601.7 601.1 595 556.7 513.4 478.9 446.8 414.3 383.4 345.7 334 374.4 417.5 440.7 449.7 444.5 436.4 420.6 388.7 361.4 339.3 312.4 282.8 265.8 288.2 285.3 279.9 275.3 266.4 253.3 247 241.4 236.1 230.1 225.9 220.9 206.8 207.4 206.3 202.6
418.3 444.6 469.9 494.2 517.7 541.7 563.2 582.9 600.7 617.3 629.7 639.9 645.8 651 653.3 650.2 648.2 642.2 635.6 631.4 625.9 613 602.9 591.3 576.7 555 520.9 490.3 465.7 444.2 450.4 483.4 515.4 544.8 567.6 581.5 582.6 577.8 573.3 573.7 574.6 547.5 504.7 468.5 434.8 402.6 373.4 345.1 316.4 358.1 401 419.9 426.2 420.8 403 387.9 364.3 338.1 317.3 296.5 278.3 248.8 266.4 264.1 258.6 251.6 244.3 238.3 233.5 228.4 225.4 222.6 217.7 207.5 204.4 198.3 197.9 197.3
414.1 440.9 467.7 491.6 514.6 536.9 556.5 574.3 590.4 601.5 608.4 614 618.6 622.4 623.2 622.9 622.9 618.1 609.9 607 603.2 591.9 574.5 560.6 546.6 531 504.2 473.6 446.1 422.7 437.9 471.8 501.9 527.8 545.5 552.5 553.3 548.2 542.1 541.5 542.7 531.9 495.5 460.1 425.5 392.4 359 325.9 307.2 349.2 379.8 396.7 398.4 387.1 369.1 353.8 337.6 316.3 298.2 279.4 264.8 248.8 246.4 247.1 242.3 237.2 232.8 228.7 223.8 218.1 217.1 209.3 204.1 200 196.6 189.1 191.1 191.6
