data/330000-780000.asc
ncols 200
nrows 200
xllcorner 330000
yllcorner 780000
cellsize 50
[rows 0 to 34 of 200, columns 0 to 77 of 200]
396.8 385.8 380 375.9 373.5 370.9 371.7 374.7 378.2 380 381.6 382.5 383.4 385.9 388 390.2 392.1 394.7 397.4 400.9 405 409.1 413.7 419 427.8 438.2 448.5 460.9 474.5 487 504.1 517.1 512.2 502.2 489.5 471.8 453.5 437.5 421.8 407.7 394.1 384.7 375.9 369.5 364.3 363.8 363.6 363.7 363.8 364.1 365.6 366.4 368.5 373.4 381.1 392.7 403.3 411.1 419.9 425.2 421.6 411.8 395.3 380.4 367.7 358.7 347.8 339.1 333.1 326.3 316.4 307.8 307 304.9 306.4 315.9 326.3 330.5
400.2 389.4 381.9 377.4 374.2 372.4 373.6 377 378.9 380.8 382.7 383.6 385.2 387.1 389.4 391.7 394.5 397.1 399.7 402.1 405.3 409.5 414.5 419.4 427.8 438.4 450.2 462.8 476.4 492.2 511.1 519 515.3 506.9 497.3 478.6 457.7 440.7 425.2 410.8 399.5 389.6 380.9 374.2 368.4 367.3 366.7 366.3 364.8 365.2 365.8 366.1 368 372 381.3 392.5 405 412.3 421.6 425.2 420.2 406.6 391.1 377.7 366.5 356.5 345.2 336 330.5 320.9 309.3 310.2 310.2 313.6 319.9 330.1 339.4 347.2
402 393.1 384.7 378.9 376.2 374.4 376 377.9 379.8 381.6 383.5 384.7 386.6 388 389.6 393.2 396.1 398.9 401 403.2 406 409.8 414.4 420.2 427.9 437.8 450.7 464.3 478.4 495.9 513.6 521.6 520.2 516.1 502.3 481.4 462.2 446 428.9 414.8 403.8 393.8 385.9 378.4 373.4 371.5 370.3 368.7 366.7 366.1 366.5 367 368.2 372.8 382.6 393.7 402.6 411.8 420.7 422 414.3 401.8 388 376 364.6 353.7 341.9 331.4 323.9 313.7 312.6 316.5 321.4 325.4 334.2 344.4 353.4 361.6
404.8 395.6 388.2 382.1 378.7 376.6 376.7 378.6 380.5 382.4 384.3 386 387.5 388.9 390.3 392.7 395 398.1 401 403.9 406.5 409.8 414.2 420.5 428.2 437.4 449.3 463 478.4 496.3 513.2 523.7 525.7 521.9 506.3 484.9 465.6 448.3 433.6 420.6 408.8 399.2 390.9 383.8 377.8 375 372.5 368.2 366.9 367 367.5 368.4 369.9 375.8 385.6 395.9 404.3 412.2 417.7 416.4 408.8 398.1 386.7 374.8 362.2 350.6 338.5 327.5 318.4 312.7 319.6 325.5 329.7 337.6 347.3 358.6 367.7 374.4
405.7 397.6 391.6 386 381.1 378.6 377.6 379 381 383.3 387.9 387.2 388.3 389.7 390.8 392 394.1 396.4 399.2 402.8 406.6 410.1 414 420.5 428.4 437.6 448 462.3 477 493.5 509.7 521.6 529 519.2 503.8 488.4 471.4 455.6 442.9 429.9 416.7 406.1 396.1 388.7 382.3 378.5 373.4 368.8 367.7 367.6 365.8 367.7 371 380 389.8 399.7 408.6 415.3 414.4 410.6 404.7 395.9 385.4 371.8 359.3 347.1 333.8 326.1 316.7 312.5 325.6 331.3 338 348.9 361.6 372.6 381.5 388.5
407.3 400.9 396.3 390.2 384.2 381 379.3 379 380.8 383 386.2 389.7 388.6 389.3 390.6 391.8 393.3 395.2 397.7 400.5 405.5 409 414.2 420.9 428.5 437.6 447.3 460 473.7 489.6 503.7 514.5 524.8 517.5 505.4 493.4 480.3 467.1 453.2 435.6 422 411.9 402 392.5 384.9 379.4 374 368.9 368.2 367.1 366.1 369.3 375 384.4 395.6 406.9 415.9 418.4 415.3 410.1 401.9 392.4 380.2 367.8 356.4 342.5 331.6 325 314.8 325 336.5 342.1 348.8 361.4 374.1 385.6 395 404
410.7 404.3 399.2 393.6 387.7 382.8 380.6 380.1 379.9 381.8 382.9 384.7 386.5 389 390.3 391.4 392.3 394 396.7 399.7 403.5 408 414.4 420.3 427.2 436.5 445.8 457.1 470.6 483.5 497.5 508.4 518.3 516.6 508.6 500 489.4 472.9 456.7 440.7 427.1 416.5 405.6 392.9 383.6 377.9 372.6 368.5 368.1 367.1 367.3 369.7 377.2 387.2 400.5 413.7 421.5 420.4 416.1 411.8 400.8 388.5 373.7 360.9 349.1 337.9 330.6 321.3 322.7 335.3 344 350.9 359.7 371.9 385.6 396.7 407.1 416.8
413.3 407.4 402 396.8 391.4 385.5 382.4 381.9 381.4 381 382.4 384.4 387.1 389.8 391.7 393.6 394.6 395.4 397 399.8 403.1 407 412.6 418.2 425.2 434.4 443.1 454.2 466.2 478.5 491.7 503.2 512.2 515 512.6 505.1 492.4 476.4 461.4 445.9 429.2 415.7 404.5 392.4 381.5 375.1 370.6 367.6 367.1 367 368.1 370.9 378.8 389.7 404.2 417.1 423.4 421.8 416.8 411.4 399.2 384.3 368.4 354.6 343.3 334.6 325.6 318.1 334.1 345.6 350.4 357.8 369 381.6 395.7 406 416 426.9
416.1 410.4 404.9 399.1 392.6 386.7 384.2 383.1 382.6 382 382.4 385.2 387.9 391 393.8 395 396.4 397.5 399.3 401.8 403.2 406.3 410.5 416.2 423.4 432.1 440.4 449.7 461.2 474 486 498.2 507.8 514.2 514.8 511 498 480.3 464.4 446.8 428.3 413.8 401.4 389.7 379 372.2 370.1 367.2 366 366.5 368 371.8 380.4 391.9 405.8 419.2 422.8 421.5 415.5 408.1 395.3 379.7 363.3 347.8 337.2 325.5 320.9 331.9 343.1 352.7 357.8 366 376.1 388.7 402.2 413.7 424.9 436.8
418.9 413.1 406.9 400.5 393.8 388.4 386.4 384.4 383.9 382.4 383 385.7 389.1 392.5 394.7 396.4 398.5 400.2 402.5 404.9 405.6 406.9 409.3 414.1 419.9 427.8 436.3 445.5 456.1 467.2 479.5 492.9 503.5 513 517.6 514.6 504.7 486.2 463.3 442.8 426.6 411.8 397.2 386.4 377.3 371.7 369.3 366.8 364.9 366.5 368.2 373.1 382 392.7 405.6 417.1 420.3 415.7 410.3 402.7 389.7 374.4 357.4 337.5 325.4 329.8 336 344.4 351.4 358.8 363.1 370.8 381.6 394 407.3 420.4 433.6 447.1
419.9 413.7 408.9 402.3 395.1 390.4 388.5 386.6 384.7 382.6 384.4 387.3 390.6 393.8 395.4 397.4 399.6 401.8 404.7 406.9 407.4 408.5 409.6 412.6 417.3 424.7 433.2 442.6 452.4 463.8 476.4 489.1 500.2 511.3 520.1 518.3 510.5 493.4 464.4 443 426.5 408.2 395 385.2 377.5 371.3 368.8 366.1 364 364.5 366.3 374.2 382.5 392.3 403.7 412.9 415.5 412.7 405.6 396 382.5 366.1 342 338.8 342.4 347.9 348.1 352.5 358.5 363.9 368.3 375.1 386.2 398.3 411.3 425.8 440.3 452.9
425.2 417.5 411.2 404.5 397.2 392.7 389.7 387.8 385.4 384.9 387.3 389.7 392.1 394.4 396.2 398.4 400.5 402.6 404.7 407.7 408.3 409 410 412.3 415.7 421.7 429.9 440.2 450.1 462.1 475.2 486.8 498.1 513.6 524.1 523.2 512.1 495.7 466.3 443.4 425 408.3 395.3 384.1 377.3 371.1 368.4 365.8 364.2 363.9 365.7 373.7 382.5 391.7 401.3 407.3 409.6 405.7 399.2 386 369.9 348.3 344.5 351.3 355.7 354.3 355.5 357.7 363.9 368.4 371.9 377.9 387.9 399.4 413.2 428.7 443.8 457.3
435.1 427.1 419.3 409.9 401.3 396.2 392.5 389.4 387.1 386.9 390.2 391.3 392.7 395 397.1 399.1 401.1 403.1 404.9 407.1 408.2 409 410 412.9 415.9 421.1 428.1 437.7 448.6 463 476.1 485.9 501.9 517.2 526.7 526.9 511.2 493.3 468.1 444.5 426 409.5 394.8 384.4 379.4 371.1 367.6 365.3 364 363.4 365.9 373.2 382.4 390.9 395.8 399.6 398.6 395.6 384.9 372.4 355.9 346.4 353 361.3 365.6 360.9 363.3 364.6 367.8 371.3 375.1 379.1 388.8 400 410.8 426.6 442.4 456.7
453.2 441.3 430.6 420.5 409.9 401.8 396.5 393.3 391 389.9 391.2 392.9 393.9 395.5 397.5 399.5 401.6 403.4 405 406.3 407.2 408 410 413.5 416.6 420.8 427.4 435.6 446.4 459.8 476.2 488.2 509.3 517.3 524.3 522 513.5 496.4 471.9 450.3 430.4 413.1 398.7 385.4 379.5 372.9 367.6 364.9 363.4 363.2 366.1 372.9 378.3 384 389.2 389.6 386.1 381.5 372.6 357.5 344.9 352.3 363.2 372.7 376.9 370.4 369 370.8 372.1 373.9 376.8 381.2 390.3 401.3 411.8 422 436.1 449.8
474.1 459 447.3 433.4 420.9 408.4 401.3 397.2 395 392.5 392 393.3 394.8 396.4 398.1 400 402 403.5 405 405.2 405.5 406.3 409.5 413.9 417.3 421.5 427.8 435.2 445.1 458.6 474.6 489.8 508.8 510.8 512.3 513.6 510.8 496.9 479.8 461.5 440.3 420.3 403.8 390.4 382.4 374.3 369 365.1 362.5 361.4 364.8 369.5 372.8 377.3 380.2 379.4 376.3 372.5 358.6 345.5 354.2 364.5 374.2 383.7 385.1 377.9 376.2 375.6 376.3 377.3 380.4 385.9 392.7 403 411 418.4 426.2 437
491.4 480.1 466.7 451.4 435.2 421.7 411.2 403.1 397.5 395 392.3 393.6 395.1 396.6 398.3 400.2 401.5 403.1 403.4 403 403.6 404.9 407.9 412.8 417.6 422.4 429.7 437 446.4 459.2 475 488.4 501.3 500.2 503.5 508.5 505.1 498.4 490.8 474.4 451.2 428.9 411.6 397.5 386.5 377.6 370.6 366 362.2 359.1 361.2 365.7 368 370.7 371.9 371.8 367.9 359.2 346.3 354.5 365.8 376.8 385.9 393.2 390.3 384.6 383.1 380.9 380.6 382 384.7 391.4 397.3 405.1 410.2 415.4 421.9 425.8
504.6 495.6 483 464.3 447.5 434.3 421.3 410 401.5 398.4 394.5 393.8 395.3 396.7 398.3 399.2 399.7 400.5 401.4 402.2 402.5 404 407.1 412.6 418.2 423.5 429 439.4 449 461.2 474.6 488 495.7 496.2 495.9 495.3 492.2 491.2 488.5 475.4 459.8 438.3 419.4 405.4 392.2 380.6 372.3 367.3 364.3 360.1 358.4 360.9 363.4 364.9 364.4 364.5 359.6 348.6 351.7 361.8 378.5 389.4 398 399.7 394.7 389.8 390.3 390 389.1 389.5 390.6 396.2 402.1 405.8 409.5 414.4 418.9 422
515.8 505.1 491.7 474 457.4 443.1 429.1 416.2 407 400.8 396.8 395.2 395.6 397.1 397.4 398.1 398.8 399.2 399.7 400.6 401.2 403.1 406 412.9 416.6 421.9 430.2 440.7 451.5 463 474.2 485.9 489.5 489.6 483 478.1 481 479.2 473.7 463.8 455.7 439.1 425 411.3 395.7 383.7 374.6 369.8 365.8 362.5 359.9 358 359.2 360.4 359.5 358.7 351.6 346.6 359.3 371.3 385.3 396.7 402.3 402.8 399.3 398.4 401.1 401.4 401.1 399.4 398.4 401.5 404.6 408.2 411.4 414.6 417.6 419
524.8 510.5 494.7 477.8 463.5 450.5 436.6 420.4 414 407.1 401.9 398.3 396.8 396.1 396.7 397.4 398.1 398.6 398.9 399.3 399.8 402.8 406.5 414 418.5 424.5 432.5 442 454 464.9 471.2 476.1 476.5 471 463.2 460.9 461.6 460.1 456.4 449.3 442.4 429.6 420.4 409.1 397.2 385.5 377 371.3 366.6 363.4 361 358 356.5 356.4 355.7 353.9 348.2 356.3 365.1 377.7 390.4 400.8 404.3 407.2 404.6 406.4 409.5 411.4 410.8 408.6 406.6 407.8 409.1 410.3 413.4 416.5 418.2 419.5
529.7 514 498 481.6 467.8 456.4 444.7 431.5 421.8 414.3 408.3 402.2 398.8 397.6 397.1 396.9 397.4 397.9 398.2 398.6 401.1 407.1 411 417.5 424.4 428.7 434.4 446.4 457.2 465 466.1 465.1 460.8 453.6 448.6 446.1 445.7 442.4 438.6 434.1 427.3 419.3 411.8 403.7 394.7 385 377.2 371.2 367.1 363.2 360.4 357.9 356.2 354.8 352.7 350.6 352.3 360.7 369.3 381.2 394.8 404.2 409.6 411 410.1 412.8 415.7 419.8 417.9 415.4 415.1 414.3 413 413.8 415.3 417.5 419.1 419.3
530.6 515.5 501 486.4 473.5 463.6 454.3 443.1 432 422 414.1 407.6 403.1 399.9 398.9 398.1 397.8 397.7 397.9 398.8 404 413.6 422.1 425.3 430.9 436.4 440.8 450.8 458.8 461 460.5 456.5 449 440.2 435.7 434.1 430.5 426.3 421.9 418.8 414.9 408.2 401.7 396 389.5 381.2 375 371 366.7 362.3 359.6 357.2 354.9 353.3 351 351.5 358.1 364.6 373.2 384.3 396 406.3 412.9 415.9 418.9 419.7 421.5 424 421.8 423 421.8 419.3 417.5 417.6 418.3 418.8 419.9 419.1
530.8 516.7 504.4 490.7 479.1 470.7 462 452.1 440.8 430.1 421.3 413.9 408.7 403.9 402.9 402.9 401.3 400 399.2 402.2 406.3 420 431.5 434.5 436.7 441.2 445.9 451.7 454.4 455.4 453.9 446.9 436.4 429.7 425.9 422 417.7 413.1 409.8 406.5 402.9 397.9 392.3 387.6 382.6 377.1 373.1 368.4 365.3 362.1 359.2 355.3 352.3 351.3 353.5 356.9 361 367 375.6 386 396.7 406.2 415.1 421.5 424.5 425.7 427 428.1 428.6 429 427.5 424.6 423.3 422.6 422.9 422.8 422.2 420.5
527.6 517.6 508.4 495.2 484.7 475.6 466.9 458.6 448.2 436.4 427.3 419.3 413.9 410.6 410.5 411.3 413.3 411.4 408.6 411.3 418.4 427.5 437.9 444.7 447.2 445.5 447.2 447.6 447.1 445.8 443.6 434.6 425.5 420.4 416 411.3 408.2 405.1 400.9 397.7 394.5 390.4 385.6 380 376.7 374.6 369.2 366.4 364.4 359.2 353.8 352.9 352.9 356 355.6 355.1 363 367.8 377.3 387.5 397.1 406.2 415.9 423.6 428.4 430.3 431.8 436 436.6 436.1 433.2 432.3 431.4 429.7 428.5 427.5 424.5 422.4
524.3 519.1 510.4 498 487.9 479.6 471.1 461.9 451.6 442.4 432.5 425.4 421 419.6 419.6 420.5 423 425.8 425.4 427.2 437.7 445.9 448.9 452.5 454.1 451.8 446.9 443.1 440.7 437.7 430.5 422.6 416.9 412.4 408.1 404.7 400.8 397.1 394.2 391.1 388.1 383.1 377.4 373.6 371.8 370.4 367 364.4 362.4 355.3 358.4 357.3 358 358.5 358.6 359 361.8 368.8 378.5 388.5 397.7 406.8 416.6 424.6 431 434 438.8 442.9 443.7 443.2 444.3 444.6 443.1 439.2 435.8 432.1 427.1 424.8
520 517.3 508.6 496.8 486.8 477.2 470.5 462.4 453.9 445.5 438.3 433.1 428.1 426.8 426.7 428.3 431.9 436.7 439.1 441.5 449 457 460.6 460.1 460.2 456.8 450.1 439.9 431.8 429.5 421.4 414.6 409.1 405 401.6 398.1 394.6 391.9 389.5 386.2 381.6 376.8 372.7 370.5 369.4 367.4 365.8 363.2 359.8 357.6 361.1 359.8 362.5 361 361.2 359.8 361.4 370.6 379.6 389.5 397.6 406.6 415.3 424 432.3 439.1 446.1 449.6 451.1 454.3 457.8 459.1 453 446.4 439.9 435.2 431.2 432.3
512.6 510.7 502.6 492.2 482.4 473.9 467 460.2 452.9 446.3 442.3 437 433 432.3 434.3 443.8 448.6 445.8 448.9 453.7 456.7 465 472 470.5 467.2 458.6 449.2 439.2 427.5 416.9 413.1 407.3 402.6 398.7 396.2 392.7 390.2 388.4 384.7 381.4 377.2 372.9 369.7 368.8 367.6 367.3 365.5 363.2 357.8 362.1 362.3 363.4 365.3 365.2 363.5 363.2 363.2 370.9 379.6 389.8 397.1 406.6 415.2 423.3 433.2 441.9 449.8 454.8 459.9 467.6 472.6 471.7 460.3 455.5 447.1 441.6 441.4 447.3
502 500.6 493.9 483.6 476.1 468.3 461.6 456.1 449.9 447 442.7 438 436.6 438.9 441.5 444.8 448.6 454.2 459.9 464.6 466.2 470 476.5 477.6 470.8 459.9 446.5 434.6 423.1 413 405.1 401.7 397.3 394.1 390.9 388.1 386.5 384.8 380.2 376.2 372.4 370.7 368.6 366.7 365.4 363.5 360.9 360.5 362.2 365.4 365.2 366.7 368.6 369.8 368.8 365.4 365.4 372.6 381.1 388.7 396.8 407.3 416.2 424.4 434.7 442.9 452 457.7 465.2 477.1 480.6 472.7 469.7 464.9 454.8 451.9 461.9 461.6
490.7 489 484.6 477.1 469.5 462.6 455.9 451.3 448.3 446.2 443.1 441.5 444.4 448.7 452.8 455.1 460 465.7 469.9 474 476.7 471.9 471.9 473 467.3 458.2 443 430.5 418.6 409.2 402.8 396.9 393.1 390.5 387.9 385.2 383.4 381.5 375.7 372.8 371 369.3 367.2 364.3 361.4 360.6 361.8 363.7 366 367.2 368.3 370.8 372.5 374.8 374.6 369.8 369.1 375.1 380.1 387.6 396.9 407.4 415.8 424.4 433.2 443.8 453.2 461.1 469.4 479.3 480.9 483 480.2 475.9 463.1 474.4 478.4 476.8
480.9 479.7 476.5 470.7 464.7 458.7 453 449.1 447.3 446.9 446.1 447.7 450.5 456.2 460 463.9 470.1 474.4 479 483 486.6 480 467.1 460.6 454.6 445.8 434.2 424 414.8 408.4 401.8 396.3 392.2 388.2 385.4 382.6 380.8 377.5 374.1 370.6 369.1 366.9 364.6 361.5 363 364.6 366.1 367.5 367.6 369.8 371.9 375.3 376.5 378.7 377.5 371.6 372.5 376.2 380.2 387.9 396.3 405.1 412.3 423.2 431.4 442.7 453.6 462.4 471.6 480.2 489.4 493.6 488.8 479.4 480.8 493.1 495.2 491.6
473.9 472.7 470.9 467.4 463.4 457.8 452 448 447.4 447.8 449.5 451.6 455.7 460.2 464.8 471 478.4 482.6 485.7 489.5 491.1 480.8 465.6 452.6 440.7 431.3 423 416.9 411.7 405.9 400.3 395.3 391 386.7 383.9 380.1 377.9 375.6 372 369.9 367.8 364.7 363.9 365.2 365.8 367.2 368.8 368.9 369.3 373.4 377.7 382.8 381.7 380.2 379.1 374.3 375.3 380 382.2 388.4 395.5 401.9 409.4 421.1 431.9 443.1 453.2 463.5 472.5 482.2 493.4 499.4 495.5 493.5 502.1 508.8 508.5 507.6
467.2 468.1 466.5 466.9 464 460.4 456.1 451.3 449.3 450.2 452.4 455.3 458.9 464.7 471.6 478.2 487.4 491 493.6 495.7 494.8 483.5 462.4 444.1 431.7 421.1 414.8 411.7 408.7 403.9 398.9 393 388.6 385.3 383.2 379 376.2 372.9 370.4 367.7 364.2 365.2 366.5 367.8 368.6 370.2 369.9 370.5 372.4 377.5 382.4 386.5 387.4 383.8 382.7 377.2 377.5 382.4 385.3 389.8 394.5 399.3 408.7 421.1 432.4 443.5 453.3 465.1 475.2 485.3 496.7 507.4 499.7 515.7 525.3 526.1 526.4 523.4
461.9 463 464.4 466.9 467.4 467.3 464.5 459.3 454.6 453.4 456.2 459.5 463.3 469.6 479.2 489.9 495.8 498.3 498.8 501.4 499.8 488.3 468.3 444.1 426 416.5 411 407.6 405.2 401.9 397.1 391.3 386.6 383.1 380.6 377.3 373.6 370.9 369.1 366.9 365.7 367.9 369.1 370.9 373.6 372.5 373.5 375 378.1 382.9 388 393.7 393.5 392.4 388.6 383 379.2 382.5 387 391.1 394.4 399.4 408.6 420.8 432.4 443.6 456.6 468.7 478.9 488.1 498.7 506.8 514.3 534 543.8 544.8 545.4 539.7
455.6 456.8 463.2 468.5 473.2 476.2 475.9 472.1 466.5 460.6 461.5 464.7 468.8 479 487.7 495.8 501.6 502.2 502.5 503.8 499.1 487.4 462.4 440.3 422.2 415.9 409.7 405.1 401.9 398.5 394.9 390.1 385.8 382.3 379.2 376 373.1 368.9 366.5 366.1 368.5 370.2 372.1 374.7 378.1 380.4 381.2 383 385.3 391.6 399.6 404.9 403.8 398.1 394 387.5 382.1 383.2 386.2 392.9 396.6 401 408.6 419.9 432.3 445.6 459.2 471.9 481.8 490.9 500.6 509.1 528.1 542.1 555.7 560.6 560.2 558.3
451.5 454.5 465 473.6 480.4 485.6 487.9 486.6 483 474.7 471.3 473.5 476.5 485.8 493.2 499.4 502.9 504 503.9 500 494.4 481.1 456.2 432.1 420.1 414.3 408.3 402.6 397.2 393.9 390.5 388.7 385.6 382 378.4 375.3 372.3 368.7 368.2 370.3 372.5 375.2 377.9 380.5 385.4 387.5 388.5 389.5 395.4 402.2 411.4 417.3 414.9 406.7 394.4 387.1 383.9 388.1 388.5 393.5 398.4 403.7 409.3 418.9 431.5 445.4 460.3 474.5 487.2 493.8 501.9 514.4 531.6 547.3 563.1 570.8 573 573.4
448.9 456.6 467.8 479.8 488.3 493.4 497 498 495.8 491.7 486.3 486.8 487 493.6 497.6 500.8 501.9 502 501.3 497.2 489.4 469.5 446.4 424.5 416.5 411 405.4 399.2 392.8 389.4 386.2 384.1 381.8 378.6 374 369.8 370.1 368.6 371.5 373.7 375.8 380.2 383.8 388.6 392.7 394.6 398.1 401.4 408.4 416.1 422.1 425.7 422 411.2 397.6 389.3 387.9 391.8 394.6 397.2 402 404.4 409.5 419 430.5 444.2 457.4 473.8 484.6 492.8 503.9 518 532.9 548.4 562.9 573.8 581.6 583.3
