data/330000-520000.asc
ncols 200
nrows 200
xllcorner 330000
yllcorner 520000
cellsize 50
[rows 105 to 139 of 200, columns 0 to 77 of 200]
124.1 126.9 135.3 143.2 150 158.6 167.4 177.4 180.2 181.3 180.7 178.3 174.9 169.9 163.3 139.5 129.7 140.1 153.7 154.5 160.1 160.7 158.7 157.2 156.6 154 144.6 131.4 133.3 134.5 134.2 133.9 133.7 135 135 135.2 135.5 135.8 136.1 136.6 135.9 137 138.7 141.1 141.9 143.6 145.7 148.1 147.1 150.9 152.3 161.9 164.3 166.3 164.4 169.4 175.1 178.8 180.6 181.9 183.3 185.6 187.5 189.1 190.7 192.4 194.4 194.8 198.1 201.3 202.8 204.1 206.8 209.4 211.7 213.6 215.1 218.7
125.6 125.7 124.4 126.3 132.2 135.3 148 165.2 173.5 175.6 175.1 172.3 167.4 161.1 133.8 131 145 157.4 162.1 167.1 165.5 161.9 160 158 155.1 152.1 149.8 138 132.6 132.4 130.7 133.4 137 134.7 135.3 135.5 135.8 136.1 136.2 136.3 136.4 139.2 141.2 142.7 144.7 146.7 146.5 151.7 154.4 155.1 162 164.5 166.6 169.1 174.4 173.5 173.7 176.8 183 182.9 185.3 188.3 191.5 194.2 195.8 198.1 200.9 201.7 203 205.5 206.6 208.4 211.2 214.6 217 219 221.6 225
135.5 133 128.6 127.9 127.6 127.9 127.6 132.2 156 168.8 167.1 164 148.8 129.1 136.2 146.9 155.5 163.8 169 168 166.2 162.7 163.4 160.6 155.3 152.6 149.4 143.5 136.5 131.6 133.5 133.4 134.1 134.4 139 135.9 136.1 136.2 136.4 136.4 138.3 142.3 144.8 146.2 144.9 151.3 152.4 156.7 158.5 160.3 162.2 166.1 169.2 177.6 178.2 181 188 191.2 191.3 185.5 190 193.3 198 200.6 203 204.1 204.9 205.9 207.6 209.7 211.7 214.3 216.7 219.3 222 224.7 228 231.4
138.8 138.7 138.2 133.6 132.1 131.7 128.9 129 129.4 138.1 160.2 147.1 128.6 138.4 148.3 158.8 164.1 169.7 167.2 171.6 170.9 169.5 167.1 161.4 156.6 153 146.8 140.5 135.1 134.1 134.9 133.7 133.5 135 135.2 134.3 135.6 139.6 141.1 142.6 143.4 143.2 147.1 150.1 151.9 153.6 155.4 158.2 162.3 163.2 164.3 167.2 172.3 178.1 184 185.4 186.6 189.8 189.2 188.4 194.5 200.3 203.8 205.8 207.2 208.2 209 210 212.1 214.2 216.5 219.2 222.4 224.9 228.4 231.9 235.5 239.7
145.4 144.9 143 141.3 139.5 129.9 129.6 136.3 126.5 130.5 136.3 127.9 137.5 150.7 163.8 168.2 168.6 174.2 174.8 173.9 172.2 168 163.6 158.1 155.4 149 142.3 136.3 132.6 134.1 134.8 131.9 133.7 137.4 137.2 136.1 136.8 137.8 138.5 143.3 145.9 149 153.2 154.3 154.2 157 158.9 160.5 162.2 165.6 169.9 172 175.5 180.5 184.4 187.4 188.2 193.8 199.5 193.5 197 204.7 207.6 209.5 211.3 212.3 213.1 214.5 216.9 219.4 221.4 225 228.9 232.9 236.5 240.8 245 249.1
154.8 154.4 151.5 145.1 140 130.8 141.3 143.5 132.9 127.2 127.2 133.1 151 164.3 168.9 175.1 177 177.4 177.7 176 171.1 165.5 159 155.7 150.3 144.2 138.6 134.1 133.4 133.4 132.3 138.1 139.2 139.4 138.9 137.9 138.5 138.6 140.4 143.5 148 151.8 155.6 157.6 157.8 159.9 162.3 162.4 163.5 169.2 172.1 176.5 181.6 184.6 185.5 188.5 197.6 199 200.7 213.8 202.1 208.6 211.5 213.4 214.8 216.1 219.2 220.6 222.2 224.8 227.5 232.1 236.6 240.9 244.9 249.7 254.8 258.7
155.1 155.7 154.8 148.8 134.4 139.5 149.8 151.9 152.3 149.1 138.8 144.5 163.5 168.1 175.9 178.2 178.9 178.5 179.5 176.6 170.9 163.7 158.1 153.6 148.2 142.4 137.2 133.8 133.2 131.9 134.8 139.6 139.9 139 138.9 139.2 139.3 139.8 143.4 146.6 150.3 153.7 156.5 159.4 161.7 163.2 164.9 165.1 166.2 171.5 175.7 180.7 186.3 189.9 197.7 192.6 191.6 189.7 191.6 216.8 213.1 214.4 215.6 217.2 219.2 223.4 226.8 228.7 229.1 231.5 235.6 240.1 245.5 248.7 253.5 260 265.7 268.5
160.3 154.7 153.2 142 136.3 148.9 152.7 152.6 154 157.3 160.5 164.5 171.3 174.2 177.2 178.7 180.2 180.2 177.6 172.5 166.1 160.9 157.1 151.4 146.3 141.2 135.8 133.7 133.4 132.5 134.4 138.5 138.8 138.1 138.3 138.4 139.3 141.6 144.5 148.3 152.1 155.4 158.5 161.6 163.7 165.6 167.3 168.2 169.7 174.4 178 185.2 192.3 213.7 212.4 197.3 198.1 190.4 192.7 220.5 218.7 220.9 221.7 224.1 227 230.9 232.8 234.7 234.4 237.7 243.8 250.2 255.4 259.8 265.9 271.8 276.7 280.3
157.2 154.3 146.2 154.3 153.5 148.2 151.3 153.3 156.4 161.1 165.6 170.7 174.8 176.6 177.5 179 179.3 178.1 175.6 170.2 163.4 158.4 153.6 148.5 143.8 139.7 135.1 134.6 133.9 132.8 135.9 136.7 137.1 137.3 137.4 137.8 139.8 142.8 145.7 149.7 153.6 157 160.3 163.6 166 167.9 169.8 172 173.1 177.7 184.6 192.9 205.4 213.3 204.1 195.1 198.6 190.6 205.5 230.3 226.6 228.4 228.7 228.8 231.2 234.6 236.7 238.2 240.4 248.3 255.6 261.4 267.1 273.4 279.2 283.6 287.2 290
155.7 151 139.8 140.4 151.6 152.4 153.9 155.8 158.6 164.3 169.7 173.7 177.2 177.6 177.2 176.7 176.3 175.3 172.3 165.9 158.7 153.8 149.2 144.3 140.4 137.7 135.7 134.7 134.2 133 134.4 135.4 135.5 135.7 135.8 138.4 141.3 143.6 146.9 150.6 155 158.5 161.9 165.2 167.5 170.9 173.7 176.4 177.5 181.6 191.1 205.3 213.8 196.9 191 191.5 195.8 206.4 225.7 234.3 233.4 234.7 235 233.1 235.9 240 243.1 245.8 250.1 256.7 264.1 272.7 277.7 283 288.4 292.4 294.6 295.9
154.8 150.1 139 148.2 156.3 156.6 157.2 156.9 158.5 165.1 170.9 174.7 176.1 176.4 175.7 175.1 173.6 172.6 167.9 161.5 154 148.5 144.5 140.7 137.7 135.9 134 133.9 133.8 133.5 134.7 134.9 134.7 135.1 136.9 140.3 142.4 144.1 147.4 151.9 156.5 160.2 163.4 166.8 169.8 173.9 176.9 181.1 182.7 190.7 202.2 214.7 207.5 202 201.4 206.5 208 214.8 237.3 236.7 237.3 239.5 240.2 243.5 244.2 244.9 247.3 253.3 259.8 264.8 274.4 282.8 288.1 292 295.2 298.4 301.4 302.9
153.6 144.3 139.5 152.2 155.9 156.2 156.1 158.3 159.4 164.7 170.7 173.1 173.8 174.5 173.9 172.6 171.1 169.7 164.8 158 151.1 146.6 142.2 138.1 136.2 134.7 133.9 134.1 132.9 133.9 134.6 135 135.6 137.1 139.4 141.8 143.1 145.5 149 153.3 157.9 161.9 165.4 169.8 174.1 178.5 184.3 189.2 193.9 201.6 208.9 220.9 214.7 210.8 219.1 235.5 236.1 236.9 237.9 239.1 241.3 245.8 250.4 253 251.5 250.6 252.9 257.8 265.4 271.6 284 292 297.2 299.6 303.1 306.4 308.7 310.4
148.2 143.6 139.7 151.3 153.3 153.9 156.7 161.5 164.1 166.4 168.7 171.4 171.6 171.3 170.8 170.2 169.3 168.3 164.1 157.2 148.9 144.3 140.2 135.4 134.3 134.5 133.5 133.5 133.9 134.1 134.6 135 137.7 139.7 140.8 142.8 144.7 148.1 152.3 156.3 160.4 164.3 169 175.1 180.6 186.2 193.8 198.4 203.5 209.9 216.9 224.8 227.5 231.4 234.2 236.1 236.7 237.5 240 243.2 247.8 253.2 257.5 261.8 262.8 262.7 267.4 272.7 277.6 285.1 294.3 300.3 304.4 308.5 311.6 313.8 316 318.3
152.7 145.7 140.9 148.3 151 155.6 160.2 164.7 167.6 168.8 169.3 168.9 168.7 168.7 168.8 168.8 167.1 163 160 155.2 147.1 141.5 137.4 135.6 134.9 135.4 134.4 134.3 134.3 134.3 134.7 137.8 141.4 139.6 141.5 143.9 146.7 150.6 154.9 159.3 163.6 169 174.6 180.7 186.9 197 206.4 208.6 215.7 221.5 226.3 229.6 232.5 238.2 241.7 245.3 247.7 247.8 251 252.7 256.8 259.5 264 268.3 273 275.7 282.7 285.2 293 298.3 303.4 310.1 314.2 317.9 320.5 322.9 325 327.9
153 150.6 146.3 150 153.1 158.1 160.9 161.6 165.6 167.3 169.5 170.4 169 168.6 168.3 169.3 168.4 163.7 157.3 150.9 145.7 140.4 137.2 135.4 135.9 135.3 133 134.5 134.5 134.5 136 141.1 142.8 140.2 141.7 143.8 147.7 153 157.5 161.9 167.9 175 181.4 184.9 194.2 204.8 211 217.1 226.4 231.9 235.9 235.7 239.7 248.9 256.8 259.7 259.6 259.9 262.3 263.7 265.3 266.9 270.6 276.1 280.2 288 293.5 297.3 302.1 306.7 311.6 317.6 322.2 324.9 327.7 330.5 333.4 336.2
150.4 143.3 152.2 153.4 155.4 157.9 159.4 159.8 165.4 169.7 172 172.5 171 168.5 169.8 171.2 168.7 161.8 154.6 148.1 144.3 141.5 136.1 135.5 135.8 134.5 134 134.5 134.6 134.7 137 142 142.5 141.3 142.2 144.2 149.5 155 160.1 164.7 171.4 180.7 186.9 190.8 200.3 212.9 220.5 228.7 235 241.8 244.7 246.6 252.6 259.3 261.4 263.3 266.2 270.9 272.4 272.8 275.8 277.2 279 285.9 289.5 297.6 301 304.6 310.6 314.8 319.5 324.1 329.1 331.9 334.5 337.2 340.2 343.2
143.1 147.7 152.6 154.3 156.9 159.5 160.2 162.6 166.8 170.4 174.3 175 172.3 169.9 170.2 171.1 166 162.1 154.6 149 145.6 142.2 136.1 135.1 134.6 134.4 134.3 134.8 134.9 135.1 136.4 140 141.2 142.4 143.4 145.3 151.2 156.6 161.8 166.9 173.8 182.5 187.7 192.5 204.5 217.8 232 238.7 245.4 252.6 259.4 266.1 269.8 273.1 276.3 280.8 282.9 284.1 284.8 285.3 286.9 289.2 291.8 297.9 300.2 306 310.6 315.7 320 324 326.7 330.7 335.5 339.6 342 344.3 346.9 350
144.5 150 156.3 159.8 163.5 165.9 163.2 165.1 168.8 173 179 178.2 175.8 174.2 171.2 169.7 167.7 162.6 154.1 149.6 146.2 140.7 137.8 136.1 134.8 134.5 134.3 133.6 135.1 135.4 135.7 137.9 140 142.3 144.7 146.9 151.2 157.6 162.5 167.3 176 184 190.7 202 214.9 222.2 237 246.2 258.1 268 277.7 281.8 285.5 288.9 294.4 298 298.4 298.9 298.9 297.1 296.2 298.4 302.6 303.6 308.7 315.2 320.8 325.1 329.3 331.9 332.3 337 342.4 346.3 349.6 351.4 354.1 357
146.5 153.5 158.7 163.7 168 169.1 168.6 170.9 174.7 180.1 184.5 185.7 185.9 183.3 179.6 175.7 168.4 160.1 154.2 149 144.7 140.5 138.4 136.9 135.4 134.7 134.9 134.4 135.1 135.5 136.5 139 140.5 142.7 144.9 148.9 152.6 158.5 163.2 168.3 180 189.8 195.5 209.2 219.2 228.8 242 252.9 267.9 280.1 286.6 292.2 296.5 300.7 305.1 308 307 305.5 304.1 303.4 305 309.6 314.1 314.9 317.8 323.7 328.9 333.2 336.4 338.4 340.3 345.1 349.2 353.1 356.6 360.1 363.5 366.2
147.7 156.2 159.8 163.6 168.1 171.1 174.6 180.3 184 189.4 193.5 193.7 193.7 190.8 184.4 176.2 165.6 158.3 152 147.2 143.5 140.9 138.7 137.1 135.6 135.3 135.3 134.9 135.3 135.6 136.9 139.5 141.3 143.2 146.3 150.3 156.1 163.4 168.7 175.5 182 191.4 200.5 209.7 219.2 231.2 244.9 259.6 273.9 283.8 291 298.7 304 309 311.6 311.9 314 313.2 311.7 311.5 313.1 317.6 321.4 323.6 324.8 329.7 336.2 339.8 342.8 344.7 346.4 351.6 358.1 362.3 366.1 369 372.5 376.5
149.3 155.3 162.2 167.2 171.3 178.2 184.2 188.7 193.2 198.4 202.9 201.8 201.3 196.2 183.8 172.6 163.7 158.8 150 143.8 142.8 141.7 138.5 136.9 135.6 135.5 135.4 135.2 135.5 136.6 137.7 139.7 141.6 144.1 147.5 152.9 161.4 169.1 175.2 178.9 187.8 196.7 204.7 213 221.8 239.3 252.4 267.3 279.2 288.6 297.2 304.5 310.6 315.5 317.7 319.7 322.3 322.1 321.4 319.9 321.2 323 325.4 328 330.3 333.5 340.6 344.6 347.8 351 353.3 359.4 364.9 369.6 374 377.5 382.9 387.1
152.3 159.7 167.9 173.3 179.7 186.9 191.6 196.2 198.2 201.1 204.2 206.5 208.2 202.5 183.3 168.9 162.7 155.8 148.5 143 142.4 139.7 139.3 138.8 137.6 135.4 135.3 135.5 136 137.1 138.1 139.4 141.5 144.9 148.7 155.3 163.9 173.3 181 182.7 191.9 201.2 208.5 217.6 231.9 245.8 262.8 274.1 284.6 294.6 303.3 310.4 316.7 323 327.3 330.1 333.6 335.6 335.9 332.6 328.9 328.4 330.1 332.1 335.1 336.3 340.8 345.9 352 357 360.9 368.3 373.7 377.5 382.2 387.2 391.7 396.1
156.2 163.6 170.6 176.3 182.9 191.1 199.8 202.5 202.1 203.2 205.8 207.7 206.4 201.3 174.5 169.1 158.8 153.1 147.1 142.8 140.7 139.7 139.9 140 138.5 135.9 135.7 135.4 136.1 137.5 138.5 140.4 142.4 145.9 149.5 157.1 165.6 176.8 184.3 186.5 196.9 206.1 213.5 225.1 238.9 253.3 265.8 274.7 288.2 301.7 310.2 319.4 330.2 339.9 344.3 348.1 351.7 355.6 355.1 352 343.4 341.9 338.3 339.3 340 340.6 342.1 346.8 357.6 364.5 369.5 376.2 382.9 387 391.2 394.5 401.2 405.2
157.1 166.2 172.1 178.2 187.8 195.5 204.3 206.1 204.4 204.5 205.3 207.5 207 197.6 181 167.6 157.4 152.2 146.5 144.1 142.6 142.7 141.6 141.3 139.9 136.2 135.9 135.4 135.5 137.6 139.5 141.5 143.9 147.8 151.6 158.7 166.9 177.6 186.8 193.6 203.7 211.3 221.9 233.5 243.7 255.4 268.7 270.3 296.5 309.7 320.1 329.7 342.4 353.9 363.2 369.8 374 376.9 372.8 368.6 363.5 358.9 356.4 352.2 347.1 345.5 345.9 354.7 363.9 370.8 377.2 385.4 391.4 395.9 400.8 407.5 412.2 416.4
158.1 168 174.7 182.8 190.2 197 203.4 204.9 204.5 204.5 207.1 208.3 204.7 194.1 180 165 155.6 151.7 147.2 147.2 146.7 143.9 142.9 143.1 141.7 137.2 136.1 135.8 136.2 137.7 141.3 144 146.6 148.9 153.2 160.8 170.7 185 195.3 202.4 209 217 228.2 239.3 250.2 261.1 275.4 292.5 302.9 314.8 326.5 340.6 355.4 367 384.9 395.7 393.4 393.9 390.1 390.6 386.1 381.2 377 366.7 354.4 349.8 353.2 362.9 371.2 379.8 386.1 395.9 403.8 410.3 415.3 421 426.1 430.9
162.9 172.8 180.1 189.1 196 201.4 206.8 206 203.9 205.8 209.2 210.9 204.1 193.8 179.6 161.4 151.5 147.3 146.8 150.7 149.8 146.9 146.6 147.2 142.9 139.6 138.1 136.9 136.6 135.4 143.8 146.2 149 151.2 153.7 162.6 173.6 184.9 196.7 202.3 211.3 219.3 230.7 243.7 256.4 269.8 285.1 297.6 306.9 320.1 336.7 352.3 368.6 383.6 397.7 411.7 415 412.9 411.5 409.6 409.4 406.2 397.2 379.2 361.5 356.8 362.3 373.4 383.1 392.5 400.2 408.6 419.6 427.6 432.4 436.9 443.1 450
161.6 173.7 184.1 193.5 202.9 210.5 213.4 212 210.6 210.5 210.9 208.3 203.1 190.2 173.3 156.7 147.3 145.1 146.1 152.7 152.8 151.5 151.1 149.4 144.2 143.7 142.6 141.7 137.2 140.5 145.4 148.2 151 153.8 155.9 166.7 179.2 197.5 199.9 202.8 212.8 225 238 250.4 263.4 279.7 292 303.6 313.7 327.3 346.4 362.5 377.5 391 405.9 418.9 429.5 431 434.1 435.3 433.3 428.6 415 388 367 364.7 371.7 381.9 394.2 405.5 416.5 428.9 440.5 448.4 451.1 457.9 463.5 467.8
164.2 174.6 183.9 196.8 210.1 220.8 221.1 217.3 213.1 212.8 213.4 206.4 195.7 183.2 165.2 150.4 145.8 145 145.1 150.1 154 153.7 152.8 149.8 145.9 146.3 146.6 144.7 136.8 142.7 145.8 148.7 151.5 154.4 158.4 169.6 186.6 197.2 202.9 207.1 220.3 235.5 246.5 258.3 269.8 284.6 298.3 310.4 321.3 334.5 353.7 371.8 382.7 396.7 412 425.5 439 442 445.5 450.1 446.3 438.2 425.4 400 377.4 374.2 381.9 390.2 404.2 425.1 438.6 445.5 460.6 466.8 474.3 480.8 485 487.2
161.9 172.7 185.9 199.3 212.7 222.7 223.3 216.7 212.2 210.6 209.3 203.2 187.4 174.2 159.6 147.6 146 145.6 145 147.1 150.5 149.9 149.1 147.5 145.6 145.5 146.7 145.3 138.5 143 145.6 148.4 151.2 154 157.1 165.6 183.3 192.1 200.4 204 222.7 239 251 263.3 274.3 288.7 304.3 317.6 329.5 338.2 353.8 375 388.9 405.4 422.5 437.2 450.5 454.3 457 458.4 455.9 448.2 436.6 412 390.9 383.6 391.8 402.6 422.8 444.7 461.3 469.2 478.3 487.5 496.5 502 505.5 505.7
160.1 171.7 184.9 198 211.1 221.5 222 219.6 215.3 209.4 202.9 194.6 180.4 165.8 154.2 148.4 146.6 146.3 146.6 144.2 144.4 145.1 144.5 144.1 143.8 144.1 144.6 140.3 139.3 143.2 145.6 148.1 150.7 152.7 155.2 163.4 177.5 186.5 194.3 200.4 221 222.8 247 270.3 281.7 295.9 310.9 327.8 337.5 342 355.3 374.4 394.5 413.4 431.6 448.8 461 469.6 472.8 469.9 468.2 462.8 442.8 416.4 400.7 397 407.5 421.5 440.2 463.2 485.6 490.4 493.7 503.9 514.2 523.2 527.7 525.8
157.8 170 186.2 199.4 209.8 215.2 217.3 220.5 221.5 214 205.2 194.5 179.5 165.3 153.6 150.3 148.9 148.9 146 144.3 142.7 143.2 143.2 143 143 142.2 140.8 139.2 137.5 143.5 145.6 147.7 149.4 151.9 157.2 166.7 173.7 182.5 190.2 202.8 220.4 245.9 260.4 275.2 288.3 300.9 316.7 333.9 340.7 347.7 359.1 379 399.7 417.4 439.2 457.7 470.2 482.5 482.4 471.6 461 449.4 433.8 427.3 415.9 411.4 421.6 435.6 456.8 482.4 499.6 506.1 513.3 522.8 535.7 548.6 550 546.5
158.4 171.4 187.4 202.3 212.7 217.5 219.7 223.8 225.2 222.2 214.3 203.2 186.1 168.9 158.8 154.7 151.3 148.6 144.9 142.8 142.4 142.3 142.6 142.5 141.7 140.9 140 139.5 139.9 141.6 143.6 146.5 149.3 152.6 162 170.1 175.2 182 188.5 201.5 221.1 241.7 258.4 277 292.1 306.1 323.6 337.6 344.6 353.9 367.4 387.3 404.7 425.9 447.2 468.5 483.9 486.3 475.1 465 458.3 458.5 455.3 445.3 430.1 425.4 434.4 451.5 479.9 504.9 518.2 523.7 532.8 546 562.2 572.6 572 563.5
160.5 176.8 190.3 205.2 218.7 222.1 224 227.8 229.4 229.6 226.6 212.7 192.4 175.3 164.4 158.9 152.6 147.5 145 143.2 142 142 142.1 142.8 143.3 141.1 139.7 139.4 139.2 140.2 142.1 147 150.2 154.2 164.7 171.3 176 182.7 188.5 212.4 219.2 244.3 260.8 276.3 292.9 308.8 326 338.9 349 360.1 375 395.5 413 439 457.5 482.9 488.4 481.9 468.1 473.1 479.3 483.7 475.7 460.2 450.5 443.9 452.5 474.3 502.5 526.8 538.2 546.6 554.9 571 586.5 592.3 588.4 578.6
164.1 182 196.8 209.4 226.5 228.3 232.2 235.1 243 239.2 228.8 216.4 199.9 183.6 171.5 162.3 156 151.2 148.4 144.6 143.7 144 142.9 142.3 143 140.9 139.9 139 138.4 141.4 144.3 150 153.1 157.4 167.9 171.9 176.7 183.1 195.9 214.5 226.6 246.8 261.5 275.5 291.6 309.2 325.9 341 351.8 364.8 382.3 401.3 419.4 445.9 461.2 483.6 488 479.5 482.7 493.6 497.5 495.4 490.8 481.8 469.8 463.8 472.5 495.9 523.4 550.3 566.4 568.9 574.2 592 608 610.1 601.3 587.9
167.3 186.2 204.1 214.9 228.3 236.2 242.2 244.8 254 247 234.5 221.1 207.9 194.7 180.9 169.1 160.7 154.8 151.5 149.6 147.5 145.8 142.6 141.1 140.3 140 139.3 138.3 141.3 143.8 151.2 154.3 155.9 162.8 170.6 174.7 177.8 182.4 195.7 214 216.2 224 260.3 274.2 291.1 307.3 323.1 339.2 351.9 366.7 383.5 404 418.1 440.3 458.2 477.4 481.7 486.8 494.7 503.8 511.3 503 491.6 483.2 476.7 478.3 489.6 512 545.3 575.6 589 589.7 597.7 619.9 627.6 623.3 613.6 603.8
