data/330000-620000.asc
ncols 200
nrows 200
xllcorner 330000
yllcorner 620000
cellsize 50
[rows 70 to 104 of 200, columns 78 to 155 of 200]
283.8 272.5 263.5 258 252 245.6 240.1 231.6 226.8 218.8 210.3 205.7 205.3 203.4 204.3 205 210.3 216.8 219.9 222 226.1 230.6 236.8 245.2 257.4 271.6 285.2 300.4 316.3 333.1 344.9 354.3 363.4 373.9 384 388.5 391 393.4 398.6 401.8 404.1 407.1 408.3 406 401.3 392.6 383 373.7 363.2 350.9 338 326.5 319.6 310.2 296.2 289.4 286.7 282.4 278.6 273.5 267.2 259.9 252.9 252.2 258.4 263.6 268.9 273.3 278 282.7 287.2 294.1 303.8 316.4 332.4 351 369.4 387.7
270.8 264.2 260.8 255.6 248.3 238.5 231.6 217.5 210.6 209.1 208.5 207 205.6 203.7 204.1 204.9 206.4 217.8 223.5 225.7 228.3 233.2 239.4 249 263.7 278.2 294.1 313 330.9 345.3 356 367.8 382.3 388.3 392.5 399.8 401.8 406.3 410.2 414.7 417.3 418.9 421.7 419.1 413 406.6 396.2 385.3 373.5 360.6 346.3 336.3 326.4 315.2 305.4 297.5 293 287.4 282.3 277.1 271.7 265.3 255.8 256.1 260.7 265.1 269.5 275.3 280 284.8 290.3 297.4 307.3 321.7 339.5 357.8 374.6 392.5
262.2 257.6 252.1 246.1 240.6 231.7 223.4 212.9 210.3 208.9 218.4 213.1 205.9 205.6 204.1 205.4 207.1 218.6 225.6 229.8 230.7 233.6 240.7 253 268 287.4 306.8 324.2 340 354.7 368.1 380.4 391.1 398.4 403.6 412.7 417.4 418.4 422.6 425 426.4 429.4 433.6 432.2 424.7 416.3 406.6 395.1 383.2 369.8 355.2 344.3 332.7 322.6 312.4 304.9 298.5 291.4 287.8 283.9 277.5 272.1 260.6 258.7 263.1 267.5 271.9 277.5 283.3 287.8 295 303.3 315.3 330.3 346.5 362.9 379.4 394.9
254.7 249.6 245.6 241 238.1 225.4 215.8 212.7 211 210.3 224.5 216.1 206.4 206.2 204.4 205.6 207.2 218.6 225.7 233.4 236.9 237.5 244.1 255.9 274.1 295.4 316.4 332.3 350 364 380.3 391.9 403.3 409.8 418 423.5 429.2 431.8 434.2 435.4 437 440.2 443.4 440.6 433.5 424.8 414.3 403.9 392.2 379.6 363.7 349.9 336.3 324.9 317.9 315.6 314.4 305.4 299.4 294.2 284.9 279.7 270.4 267.5 270.4 273.3 277.2 281.4 286.9 293.7 301.4 313.1 324.6 337.5 352.6 368.8 385.7 399.8
248.3 244.1 240.9 241.1 238.5 225.4 215.2 213.6 212.4 215.2 224.3 217.1 207.5 206.5 205.4 207.7 213.8 220.6 226.4 235.7 243.6 248.7 253 261.9 274.4 296.9 323.2 340.9 356 371.5 388.8 402.9 413.4 424.1 430.2 434.6 438.3 443.2 445.4 443.5 444.5 450.6 448.1 443 437.7 431.3 422.1 412.6 400.4 386.1 373.2 356.9 343.3 337.8 336 335.9 327.7 319.2 309.7 301.3 294.9 289 281.3 278 277.9 281.6 285.5 288.1 294.2 302.9 313 323.5 335.9 349.5 364.6 378.8 390.2 399.3
240.8 240 238.7 237.4 232.7 222.3 216.6 215.6 213 212.4 219.6 219.2 208.3 206.2 205.5 211.7 211.1 216 225 235.5 244.8 250.9 258.1 270.1 286.9 299.3 324 341.2 356.9 373.4 387.4 401.7 415.7 428.3 435.8 441.4 448 451.8 453.1 454.3 453 454.3 454.4 449.7 446.9 441.1 430.4 418.5 404.1 389 373.8 363.1 359.9 357.8 355.9 351.8 343 334.7 325.5 315.9 309.3 298.9 292.4 288.3 287.8 289.4 293 297.2 304.9 314.4 324.4 336.5 350.7 364.8 378.8 387.4 393.7 399.6
235.1 234.3 233.6 232.1 224.6 217.6 223.4 216.3 212.8 211.6 214.4 219.6 208.4 205.8 207 221.9 223.4 214.8 221.4 233.4 241.8 250.7 260.9 272.2 282.3 301.6 323.9 341.7 354.5 368.2 385.4 399.7 413.4 426.9 436.8 444.7 449.8 454.5 457.6 460.8 462.9 462.8 458.9 460.8 454.9 445 432.6 418.6 408.4 396.6 384.5 378.3 377.3 377.3 375 369 361.7 351.2 341.2 329.3 318 310.6 302.1 297.7 293.9 295.8 299.8 306.2 314.9 324.4 336.7 351.8 365.1 376.6 387.9 394.6 398.8 401.5
230.8 225.2 221.6 220.7 220.6 229.4 230 217.9 212.7 211.3 212.7 219.8 205.7 206.9 222.6 228.3 226.4 217.5 223.4 230.4 239.5 249.5 257.7 269.2 284.4 300.8 317.4 330.2 346.4 365.3 380.3 393.4 408.5 420.9 432.8 440.7 448.7 452.6 458.7 464.6 466.5 468.2 471.6 467.7 460 450.4 438.1 426.5 416.7 408.9 404.5 403.3 399.4 393.3 387.5 380.8 372.1 363.3 352.2 340 330.3 320.5 312 304.4 300.9 301.8 307.9 315 324.1 337.8 352.1 363.7 377.2 387.2 396.5 400.1 401.2 401.9
226.2 231.8 232.5 232.5 233.1 231.7 230 218.9 214.4 217.5 216.9 205.9 207.6 216.5 225.1 233.8 230.3 223.1 229.5 235.8 240.2 249.7 258 267.8 281.9 296.2 313.3 326.8 339.5 356 372.7 387.7 400.6 413.3 420.3 429.4 440.4 450.8 458.6 464.7 467.2 473.3 479.4 475.5 467.5 457.8 444.8 439.3 429.5 426.9 426.6 422.5 416.1 407.6 401.9 393.3 384.1 373.1 362.7 350 338.2 331.1 320 308.8 307.1 309.9 315.7 324.5 336 349.3 360.4 371.1 385.6 393.9 399.6 403.7 404 402.4
237.9 237 237.7 238 238.2 234 227.2 221.5 219.3 228 210.4 208.3 208.3 221.8 228.8 238.2 234.3 230.6 231.6 237.9 243.7 250.1 257.7 266.2 274.7 288 304.2 316.9 330.1 345.4 361.3 376 389.2 401.1 411.2 423.2 433.9 443.9 451.1 458.2 465.7 476.1 480.1 476.7 471.6 461.2 450 444 444.2 439.8 439 435.5 428.5 421.1 413.1 406.8 396.2 386.3 374.3 360.5 345.5 336.8 323.7 315.3 312.3 317.5 326.4 336.3 348.2 358.9 369.8 381.3 391.6 401.1 405.3 407.6 407.9 406
242.2 242.5 243.3 241.8 239 231.3 223.3 218 208.9 208.4 207.1 208.7 218.3 227.1 233.5 241.2 239.9 236.7 229.3 237.2 245.4 247.9 256.9 264 272 281.4 293.2 307 321.5 335 347.9 361.9 373.2 388.5 404 415.6 425.2 435.7 445.8 455.3 464.9 473.2 480.2 475.5 468.2 459.1 451.5 452.2 449.3 443.3 442.4 442 438 432.9 425 417.2 408.1 397.1 384.5 370.8 354.5 345.2 330.8 321.2 319 324.4 336.4 345.2 356 364 375.7 384.9 395.1 405.5 410.8 411.6 411.8 408.3
245.9 243.4 240.9 236.9 232.1 224.6 218 209.6 208.5 207.4 209 220.1 224.8 231.8 237.4 245.1 241.1 237 233.6 238.3 244.6 252.8 258.7 266.1 271.1 281 288.6 297.1 309.8 323.7 335.4 347.9 359.3 375.6 388.4 400.4 418.9 433.3 443.2 455 466.1 475.1 476.8 472.3 466 458.9 456.3 460.2 455.4 446.3 446.1 445.5 441.2 436.1 428 421.1 413.6 403.2 393.5 379 366.1 352.1 343.8 336.3 332 336.7 342.1 350.5 359.9 369.2 379.8 390.1 395.9 405.7 409.9 412.4 413 410.2
243.9 239.4 233.6 225.1 219.4 215.7 209.9 209.7 207.5 209.6 218.5 226.4 229.5 235.3 242.2 244.2 238.4 235.5 234.7 239.1 246 255.2 262.9 270 275.7 284.5 289.2 296.4 305.3 313.8 325.3 337.2 352.2 366.8 382.5 399.5 416 432.4 446.1 458 467.7 472.5 476.3 469.8 463.3 458.3 461.9 461.1 453.6 448.9 447.1 440.1 436.7 431.2 423.8 416.5 407.9 400.5 393.4 381.6 368.9 358.4 352.6 352.5 350.7 349.9 353.1 355 365.4 373 381.9 388.1 393.4 399.5 405.8 408.6 405.9 405.8
236.2 228.4 219.7 220.3 212.5 210.2 209.9 207 215.8 220.5 229.9 237.8 237.1 241.2 249 242 237.6 237.3 236.5 245.7 253.2 264 271.3 276.4 281.5 288.5 295.1 301.6 307.1 314.4 326.7 340.7 356.4 371.1 386.8 402.9 421 435.3 444.2 453.6 462.7 467.2 469.9 464.4 461.4 456.9 455.6 452.5 450 443 439.6 435.9 431.2 424 416.3 409.9 403 395 384.8 375.1 365.4 362 361 364.8 360.6 356.6 357.1 360.1 365.5 367.4 373 380.3 386 392.2 397.3 400.5 401.6 402.8
224.6 219.4 218.4 210.7 209 207.7 209.2 218.6 219.5 226.2 236.1 245.4 246.4 250.9 250.5 243.2 239.8 240.5 245 256.1 268.2 277.5 285.4 289.7 293.2 298.2 301 306 311.3 319.8 334.3 348.5 364.1 377 391.4 407.4 424.7 438.4 450.4 460.1 465.7 466.5 467.2 466.3 463.7 452.2 445.6 440.4 436.4 434.9 430.8 423.9 416.3 411.9 405.5 396.8 389.8 379.7 370.5 360.6 360.9 365.9 366.6 367.9 360.4 358.1 355.6 354.7 352.8 352.3 353.8 357.3 366.3 377.6 387 393.8 399.4 397.6
216.5 211.6 210.7 209.7 209.4 209.8 214.8 228.8 228.8 229 236.1 242.5 249.3 253.6 252.6 246.2 242.9 242.8 249.8 261.6 272.5 281.2 289 296.4 301.1 305.8 309.4 313.9 318.8 327.2 343 358.3 372.8 385.6 398.6 412.3 428.7 441.3 451 460 464.1 466.1 468.6 468.3 460.8 445.4 436.1 427.8 416.2 407.7 402.2 395.4 392.6 388.1 386.4 380.9 374.5 366.2 357.1 349.4 351.9 358.2 361.2 361.5 357.4 351.5 348.9 345.9 344.1 342.2 341.8 342.1 344.3 356.9 372.3 380.2 382.9 384.7
212 210.7 209.8 209.1 210.3 210 226.6 233.3 235.7 237.8 240.8 242.7 251.2 257.8 258.8 251.2 245.5 245.6 254.6 268.7 282.8 295 303.3 308.5 312.2 314.7 318.5 319 326.2 333.2 350.6 367.6 381.2 395 407.2 419.6 432.8 444.1 453.9 461.2 464.4 467.6 470.6 466.2 455.6 441.9 428 415.4 401.2 389.2 384.9 383.8 382.7 381.1 379.4 374.1 366.7 357.8 351.1 343.2 339.7 338.5 341.4 341.2 339.4 337.5 334.1 329.4 329.2 328.8 326.7 329.2 334.2 342 357.6 372.4 381.5 383.6
210.6 209.6 211.1 210.9 211.2 217.9 232.9 237.5 240.5 243.8 247 253.8 261.8 266.3 262.1 253.1 249.6 249 260.3 274.4 287.8 298.4 307.9 314.3 319.3 322.1 323.3 326 331.8 340.3 358.3 372.9 387.5 401.7 413.1 424.4 436.7 445.6 453.6 461.1 467 469.5 469 463.5 453.8 440 424.2 407.7 393 378.4 370.7 371.8 371.4 369.8 366.4 359.6 351.4 341.7 333.8 329.5 327.3 323.9 322.1 321.4 320.3 320.6 318 313.2 312.5 312.9 317.3 322.5 326.3 335.3 350.8 364.8 373.1 378.4
211.7 211.6 211.6 211.1 211.4 224.9 237.1 243.5 244.5 247.3 253.2 260.7 265.1 270.4 265.4 255.6 253.9 255.4 265.8 277.6 290.8 304.5 314.7 322.2 328.4 330.9 332.5 333.3 337.6 347.4 363.5 378.3 392.5 405.6 416.2 425.5 435 444.3 453.3 461.5 470.8 468.2 461 457.3 447.4 434.4 418.5 402.3 386.3 373.4 363.6 355.5 350.1 347.5 341.4 334.3 327.3 321.2 315.6 312 309.4 307.8 307.2 306.6 306.5 304.8 301.5 298.9 302.3 306.5 310.9 315.2 319.9 332.4 347.8 358.3 364.2 367.4
212.1 211.9 217.1 225.1 228.3 228.9 241.4 247.1 251.9 256.2 260.8 264.8 268.3 273.7 270.8 260 258 259.1 270 280.5 291.5 304.9 320.2 328.6 333.4 336.6 338.9 339.4 343 350 367.2 381.9 394 404.9 415.1 424.2 433.8 442.5 452.1 460.8 467.5 465.3 453.6 443.3 432.6 420.6 408.7 396.1 381.8 369.1 360.2 351.4 343.3 337.8 330.6 323.7 318.4 310.8 299.7 293.5 289.9 288.7 289.7 289.6 290.6 289.9 290.1 293.5 297.4 301 303.3 307.3 316.1 330.2 342.4 352.4 356.8 356.6
212.7 213.1 220.8 229.2 232.5 236.3 245.2 253.4 256.2 259.6 263.8 268.2 273.3 279.9 275.1 266.2 263.5 261.9 270 280.2 289.8 306.9 317.7 326.5 333.4 340.4 343.9 345.3 347.5 352.5 366.4 381.3 393.1 406.1 414.6 424.2 433.2 443.1 454.7 464.7 468.4 463.1 452.1 440.7 426.8 414.1 403.1 392.1 380.3 366.7 356.2 348.1 340.6 334.3 328.4 320.7 311.9 303.3 296.3 285.6 275.3 274.5 273.2 274.3 275.5 280.9 284 288.6 292.1 295.1 298.1 301.4 314.2 329.2 341.6 347.9 349.7 348.7
214.3 217.6 224.4 226.8 234.7 239.4 245.9 253.8 260.8 264.6 268.3 272.6 279.7 285.6 279.3 272.8 268.2 268 273.9 280 291 302.6 318.9 331 338.3 344.7 347.5 351 353.5 357.2 366.6 381.2 395.4 408.1 417.2 426.9 436 446.3 457.9 463.9 462.3 454.2 442.8 430.5 416.9 407.5 399.9 394.5 383 367.8 353.9 343.9 336.3 329.5 324 316.7 309.4 301.3 293.5 281.8 271.1 266.9 263.3 263 269.4 275.4 279.9 283.7 286.6 290.1 292.4 297 307.1 323.8 331.4 334.9 330.8 330.5
222.3 226 228.2 231.3 237.1 243.8 250.5 255.4 264.3 270.2 274.5 279.8 286.9 292 285.4 279.1 274.5 274.1 277 286 295.3 311.7 325.7 336.2 343.5 350.4 353.6 357.7 360.1 362.5 369.6 383.3 397.5 410.7 421.1 431.7 439.9 447.4 456.7 457.8 452.3 443.9 432.3 420.2 411.4 404.4 395.7 387.9 376.6 365.3 352.4 340.1 333 325.8 321.3 315.2 307.9 300.5 291.6 281.4 272.1 263.2 260.6 260.7 267.3 271.9 276.2 278.6 279.5 284.2 285.2 290.3 299.6 311.3 317.9 322.1 324.2 323.7
228.7 230.6 233.5 237 240.3 246.9 253.9 259.7 267.6 275.5 281.4 286.7 292.5 296.9 295.1 291.7 282 281.8 286 292.2 303.4 314.4 327.7 338.4 349.1 356.7 359.5 363.6 366 370.1 374.1 384.7 399.2 414.9 425.5 433 440.3 445.4 449.4 447.5 441.5 436.5 427.6 415.5 409.6 403.3 393 383 373.2 361.2 347.1 336.5 329.5 323.1 318.4 313.6 305.9 298.6 290.7 282.7 272.8 263.3 259.1 260.2 264.4 267.8 271.2 274.1 275.3 277.3 278 281.8 291.7 302.9 312.4 320.4 323 320.8
232.9 236 239.2 243.4 247.2 250.4 258.5 267.8 274.7 282.8 286.6 294.1 303.7 305.6 304.1 297.7 295 294.2 297.6 296.9 308 317.7 331.8 344.7 356 361.6 366 370.5 374.6 377.8 379.9 387.5 402.7 417.7 426 434.4 441.5 443.7 443.7 443.5 438.9 429.6 418.4 411 406.3 399.8 390 379.4 367.7 355 342.6 333.5 327 321.2 316.6 310.9 303.9 298.1 290.6 283 274.5 265.1 258.4 257.5 261.1 263.2 266.5 269.7 270.4 271.4 272.6 272.2 281.9 293.3 304.2 313 313.6 309.9
234 239.7 242.5 247.1 253.9 257.5 268.4 278.5 285.1 291.2 296 302.9 315 316.3 311.7 306.4 301.7 301.2 304.9 307.2 313.5 326.4 339.6 351.3 361.5 368.6 375.6 380.5 383.6 385.4 387.5 394.2 405.9 418.2 427.2 435 440.5 441.5 438.8 433.1 425.8 417 409.4 406 400.2 391.1 381.2 370.5 360.1 349.5 338.3 330.1 324.3 319.5 314.8 310.3 303.2 295.5 287.6 279.5 273.3 267.1 260.7 256.9 257.9 258.5 260.8 263.5 263.4 264.7 263.4 262.9 268.3 277.6 288.1 295.3 300.5 298.2
238.6 242.1 246.5 252.3 260.1 266.5 276 288.4 296.5 302.2 306.9 312.4 323.9 325.4 319.1 315.1 311.9 314.2 316.6 317.5 319.5 328.8 339.1 351.8 364.5 371.1 380.3 387.4 391.4 394.7 396.3 398.3 409.2 417.6 426.7 434.3 435.9 435.1 430.9 424.8 418 410.4 402.6 397.2 393.1 382.2 373.1 362.6 353 342.8 335.6 329.3 323.2 318.5 313.3 308.5 303 295.6 285.7 279.2 270.4 266.7 259.2 254.6 251.2 250.7 247.7 247.3 257.4 259.1 257.9 253.3 251.7 261.1 270.8 279.3 285.3 285.5
241.7 245.6 250.2 256.4 264.2 269.8 284.9 298.3 308.2 314.7 320.2 325.4 333.4 334.2 328 326.7 326.2 331.5 329.8 328.6 331.9 337.2 348.2 359.5 369.8 380 389.5 396.8 400.4 403.5 406.3 409.5 412.8 420.3 428.7 433.4 433 431 425.4 420.3 414 406.6 398.9 391.2 382.8 373 364.4 354.8 345.7 339.5 334.2 328.7 324.1 317.8 313.2 306.3 301 294.6 286.6 277.9 272.6 267.9 262 257.8 255.4 256.1 256.2 252.4 243.9 250.4 251.4 245 242.1 245.6 256.2 264.3 267.1 269.4
244.4 250.3 257.4 258.6 266.7 274.2 290.6 306.2 315.3 324.1 330.3 334.5 340.7 343.7 342.2 340.7 341.3 343.7 347.1 348.1 346.8 347.9 360.1 371.8 383.2 391.7 401.2 408.6 409.5 410.3 416.3 421.5 418.8 422.6 426.3 428.1 428.2 424.9 419.1 415.3 409.8 403.8 395.8 386.8 378.4 369.8 360.4 351 343.2 338 333.4 328.5 323.4 319 313.5 306.5 299.9 294.4 289.1 281.1 280.3 276.5 269.7 262 259.9 259.2 257.6 253.6 237.7 242.2 241.4 237.9 234 234 241.6 250.6 254.3 256.3
253.1 258 263.5 267.2 270.5 276.4 292.1 311 325.1 335.4 344.1 349.6 353.2 356.3 357.8 359.9 362.2 365.3 368.4 364.2 360.1 359.2 367.3 377.8 387.5 397 407 414.3 417.8 419.1 419.8 421.1 421.4 418.7 419.7 418.4 416.8 412.8 410.8 406.8 402.8 396.2 388.3 380.7 372.9 364.5 356.2 348.1 340.9 337.6 333.5 329.7 325.4 320.4 313.6 307.1 301.8 296.2 288.4 290.5 288.7 281.8 275.7 268.8 264.9 261.6 256.3 250.9 241.2 233.1 234.5 231 224 220.9 224.2 230.5 235.3 237.9
256.1 260.9 268 274.2 274.6 281.9 294.7 313.3 331.9 346.7 355.2 362.3 366.7 369.9 371.3 373.6 377.1 381.5 382.4 377.1 371 370.4 373.3 379.4 389.2 399.5 409.2 417.9 424.3 426.8 423 420.7 418.6 415 411.8 408.9 408.7 405.1 402.6 397.7 391.9 385.2 378.2 371.4 364.5 357.7 350.6 342.6 337.6 335.2 332.8 329 325.7 321.8 315.9 310.1 303.5 297.6 297.1 296.7 291.2 286.1 280.6 273.4 268 262.1 257 248.8 238 225 226.5 224.1 218.3 214.2 216.5 222.4 226.5 226.9
259.7 264 269.8 278 281.1 288.1 297.2 317.5 336 353.7 364.4 370.9 375.1 379.5 382.3 385.1 388 394.7 393.2 387.6 379.9 377.4 377.8 382 390.8 401.9 413.4 421.7 425.4 426 426.1 421.8 417 413 409.8 406.2 403 401.1 397 390.9 385 378 371.2 364.8 358.4 351.5 344.1 337.7 335.2 333.7 331.8 328.6 326 322.2 317.5 310.8 304.1 301.1 302.5 299.8 294.4 289.8 285.1 280.5 273.9 266.4 258 250.1 240.8 229.5 218.5 215.1 212.7 210.7 212 216.9 219 220.4
261.8 265.2 272.3 281.8 290.5 299 306.3 321.5 338.8 355.6 368.7 376.1 382.5 388.4 393.3 396.4 397.1 402.6 400.7 395 388.9 384.8 384 388.9 396.8 406.1 416.6 423.7 427 428.6 424.4 419.5 414.6 410.8 405 399.6 396.8 392.7 387.3 382.1 375.5 369.6 363.5 360.2 353.7 345.3 339 334 332.6 332.1 330.4 327.8 324.6 320.6 315.4 309.6 303.3 307.6 305.6 300.9 297.9 296.1 293.3 285.3 278.5 269.7 259 251.6 240.6 230.1 217 212.9 210.2 207.6 206.7 210.8 212.9 213.9
263.4 269.4 282.5 293.4 302.5 311.6 320.4 327.3 340.9 356.2 369.5 380.2 388.4 396.4 403.2 406.5 406.6 406 404.4 401.5 397.6 393.8 393.6 397.8 403.6 411.7 420.8 426.5 426.1 423.1 418.5 414.1 410.2 406.7 401.3 396 391.6 388.5 384.2 377.5 370.7 364.3 358.3 353.2 346.8 340 335.9 333.7 331.9 331.2 328.3 325.3 322.2 318.8 315.1 309.9 310.2 308.9 306.7 305.1 303.3 300.6 294.8 289.1 282.7 273 261.2 251 238.8 229.8 219.4 211.5 209.1 206.1 203.9 204.8 206 207.6
269 279.6 294 304.2 313.6 321.7 330.2 338.2 345 355.1 369 380.4 390.3 398 405.9 411.7 413.6 412.1 411.8 409.2 405.2 403.1 404.1 404.9 408.8 415.5 422.6 425.6 422.1 418.8 415.3 410.7 406.7 402.8 397.7 394.1 388.9 384.2 379.3 374.2 368.2 364.2 358.8 352.4 347 342.9 339.4 335.9 332.9 330.3 327.4 324.1 320 317.3 314.3 314.1 315.1 313.8 310.5 308.4 305.3 298.8 292.9 285.9 280.4 271.2 262.1 251.3 240.7 230.3 218.6 210.1 206.8 205.2 202.9 201.3 201.1 199.9
