data/330000-360000.asc
ncols 200
nrows 200
xllcorner 330000
yllcorner 360000
cellsize 50
[rows 40 to 79 of 200, columns 0 to 89 of 200]
30.9 30 28.8 27.7 29.2 24.2 23.9 23.5 22.1 23.3 23.3 23.1 22.3 22 21 20.1 19.1 18.1 16.1 14.6 14.1 13.8 13.4 13.1 11.2 10.7 9.5 9.5 9.3 9 9.2 10.8 6.8 6.9 8.1 9.5 5.9 5.8 5.9 5.9 5.1 5.2 5.4 5.8 6.3 5.4 5.8 5.8 7.1 5.6 5.6 5.6 5.6 5.6 5.5 5.6 5.6 5.7 5.8 5.8 5.9 5.9 5.9 7 -2.7 -2.7 -2.7 -2.7 -2.7 -2.7 4.7 4.9 5 4.9 4.9 5 5.2 5.1 5.1 5.1 5.1 5.1 5.1 5.1 5.3 5.5 5.8 4.8 5.2 5.3
32.3 31 29.9 28.8 28.2 26.8 25.5 24.6 25 24.9 25 24.8 24 23 22.1 21.1 20.2 18.3 16.5 15.9 15.5 15.2 14.9 14.3 11.9 10.7 10.8 9.6 9.9 8.9 11 13.4 7.7 7.8 7.6 7.2 6 5.6 5.7 6.1 5.2 5.3 5.8 6.4 6.5 4.9 5.5 5.5 5.7 7.9 5.5 5.5 5.6 5.5 5.5 5.5 5.6 5.7 5.9 5.8 5.9 5.9 5.7 5.3 5 7 -2.7 -2.7 -2.7 -2.7 -2.7 6.6 6 4.8 4.8 5.1 5.2 5.2 5.2 5.2 5.3 5.3 5.3 5.2 5.5 3.5 4.5 4.8 4.7 4.6
33.8 32.8 31.5 28.3 29.8 27.8 26.4 25.1 26.2 26.5 26.3 25.8 24.9 23.9 23 21.8 20.3 18.5 18 17.5 17.3 16.4 15.8 14.8 13.1 11.7 11.1 10.2 10 9.4 8.2 7.2 6.8 6.9 6.6 6.5 8.3 8.2 5.5 5.8 5.9 5.5 5.2 5.7 4.7 4.7 5 5.2 5.4 5.6 6 5.5 5.5 5.4 5.4 5.6 5.7 5.8 5.8 5.8 5.8 5.9 5.4 5.5 5.6 3.9 5.8 -2.7 -2.7 -2.7 -2.7 -2.7 -2.7 -2.7 5 5.3 5.2 5.2 5.2 5.3 5.4 5.7 5.6 5 4.7 4.5 4.4 4.9 4.8 4.7
35.2 34.2 31.6 31.7 31.4 29.5 28.1 26.9 29.2 28.2 27.9 26.8 25.8 24.8 23.3 21.9 20.4 20.1 19.5 19.2 18.4 17.4 16.5 15.1 13.6 12.8 12.4 11.6 11.1 10.1 8.9 8.6 8.2 8 7.9 8.8 9.2 9 5.7 5.6 5.6 5.4 5.4 5.1 4.8 4.6 4.9 5 5.1 5.2 5.3 5.5 6.5 5.4 5.5 5.6 5.7 5.8 5.8 5.8 6 6.3 6.3 6.7 6 6.5 5.7 5.5 6.1 -2.7 -2.7 -2.7 -2.7 -2.7 -2.7 5.3 5.3 5.2 5.3 5.4 5.6 5.8 4.4 5 5 4.8 4.6 4.9 5 4.9
36.6 35.1 33.7 33.3 32.5 31 29.4 28.5 27.8 28.6 28.1 27.7 26.6 25.3 23.8 22.3 21.9 21.6 21.1 20.3 19.5 18.5 17.1 15.6 13.8 13.2 13.2 12.6 11.8 10.7 9.6 10.2 9.8 9.8 9.3 8.7 9.2 6.4 5.8 5.6 5.5 5.3 5.7 5.4 5 4.8 4.8 4.9 5.1 5.2 5.4 5.4 5.3 5.2 5.9 5.9 5.7 5.8 5.8 5.7 5.7 6.1 6.7 6.6 7.8 6 5.6 5.6 5.6 5.6 6.6 -2.7 -2.7 -2.7 -2.7 -2.7 -2.7 5.1 5.3 5.5 3.8 5.3 5 5.1 5.1 5.1 4.9 4.8 5.1 5
37.8 36.5 35.5 34.6 33.7 32.1 31 30.3 29.5 29.6 28 27.8 27.2 25.7 24.2 23.8 23.5 22.9 22.1 21.4 20.6 18.3 17.7 16.4 13.5 13.4 13.9 13.4 12.3 11.2 11 11.4 10.3 10.2 9.9 8.8 7.2 6.9 6.2 5.6 5.5 5.8 5.9 5.6 5.2 5.2 5.1 5.1 5.3 5.4 5.5 5.5 5.4 5.4 5.3 5.7 5.5 5.8 5.7 5.6 5.7 5.8 5.8 7.1 8 5.7 5.6 5.7 5.6 5.6 5.3 6.8 -2.7 -2.7 -2.7 -2.7 -2.7 -2.7 -2.7 5.6 5.7 5.2 5.1 5.2 5.2 5.2 5.2 4.9 5.2 5.1
39.3 38.2 37.1 36 35 33.7 32.6 31.8 31.1 29.4 29.3 28.2 27.5 26.2 25.6 25.1 24.6 23.9 23.2 22.3 20.1 20.5 19.2 17.6 15.1 12.9 14.9 13.9 12.5 11.5 11.7 11.4 11.1 11 10.7 9 7.7 7.5 6.8 6.1 5.6 5.7 5.8 5.8 5.6 5.6 5.6 5.5 5.5 5.6 5.7 5.6 5.7 5.7 7.8 5.8 5.9 5.7 5.6 5.6 5.7 5.7 5.6 7.4 5.7 5.7 5.7 5.7 5.6 5.6 5.6 5.7 6.9 7.2 -2.7 -2.7 -2.7 -2.7 -2.7 -2.7 5.2 5.1 5.2 5.4 5.3 5.3 5.3 5.2 5.2 5.2
41.9 41.6 39.9 38.3 36.6 35.4 34.5 32.9 31.9 30.8 29.8 28.8 28 27.4 26.8 26.2 25.6 24.7 24.2 21.7 23.2 21.4 19.5 17.8 17.6 14.9 15.2 14.9 13.5 12.7 12.1 11.5 11.6 11.5 10.8 9.6 8.7 7.9 7 6.5 6.3 6.2 6.2 6.1 5.8 5.7 5.6 5.6 5.6 5.7 5.8 5.8 5.8 5.8 5.9 6.6 6.5 5.8 5.5 5.5 5.6 5.6 7.1 5.6 5.7 5.7 5.7 5.7 5.7 5.7 5.8 5.8 6.3 6.9 7.3 7.7 -2.7 -2.7 -2.7 -2.7 -2.7 -2.7 5 5.4 5.5 5.4 5.4 5.4 5.3 5.3
45.2 44.7 42.7 40.8 38.5 38 36.1 34.2 32.6 31.5 31 29.8 29 28.7 29.2 27.9 26 25.4 23.8 24.5 23.7 20.9 19.6 20.5 20.8 19.5 16.7 15.8 15 14.1 13.3 12.5 11.8 11.7 10.8 9.4 8.3 7.8 7.4 7.1 7 6.8 6.8 6 5.6 5.6 5.4 5.2 5.3 5.5 5.6 5.6 5.6 5.7 6.1 5.9 7.4 6.3 5.6 5.5 5.6 6.1 6.6 5.6 5.7 5.8 5.7 5.7 5.7 5.7 5.7 5.8 5.8 5.8 6.5 7.2 -2.7 6.2 -2.7 -2.7 -2.7 -2.7 -2.7 5.7 5.3 5.4 5.4 5.5 5.5 5.5
49.9 48 45 43.1 41.1 39.4 37.4 35.6 34 33.1 32 30.8 30.1 29.9 29.9 29.3 27 25.5 26.5 24.3 23.1 21.7 22.8 23.6 23.6 22.1 18.7 17.6 16.1 15.3 14.6 14.2 12.9 12.3 11.2 8.1 7.5 8.7 8.7 8.2 7.8 7.5 7.3 6.4 6.2 6.2 5.4 5.7 5.2 5.3 5.4 5.5 5.5 6 5.9 5.8 6.2 5.7 5.6 5.6 5.5 5.5 5.9 5.6 5.7 5.8 5.6 5.6 5.7 5.7 5.7 5.8 5.9 5.9 5.7 -2.7 -2.7 6.4 6.2 -2.7 -2.7 -2.7 -2.7 -2.7 -2.7 5.1 5.2 5.2 5.4 5.5
56.6 50.7 47.4 44.6 42.5 41.1 38.7 37.4 36.1 34.4 32.9 31.8 31.2 30.5 29.9 33.3 27.7 29.4 29.5 25.8 23.7 23.9 25 25.4 24.6 22.5 20.2 18.5 18 16.9 16.7 15.5 14.1 12.8 12 9.7 8.2 9 9.8 9.3 8.9 8.5 7.8 7.2 6.5 6.6 5.7 5.5 5.5 5.1 5.3 5.3 5.8 6.2 5.8 5.8 5.7 5.7 5.7 5.6 5.6 5.5 5.5 5.5 5.7 5.7 5.6 5.6 5.6 5.6 5.7 5.8 6 6 3.9 6.1 6 5.9 5.9 5.8 5.7 -2.7 -2.7 -2.7 -2.7 -2.7 -2.7 5.4 5.2 5.5
62.5 55.6 49.6 46.5 44.9 40.5 41.1 39.7 37.8 35.9 34.5 33.4 32.9 32.1 31.3 30.9 29.9 34.5 28.2 26.6 25.5 25.3 25.3 25.5 24.9 22.8 20.6 19.5 19.6 18.7 17.7 16.8 15.3 13.7 12.1 10.1 9.3 9.9 11 10.3 9.9 9.4 8.5 7.7 6.6 5.8 5.5 5.6 5.4 5.2 5.1 5.6 6 6.5 5.7 5.4 5.7 5.6 5.7 5.7 5.6 5.6 5.6 5.5 5.5 5.6 5.5 5.6 5.6 5.6 5.8 5.9 6 6.1 5.1 6.1 6 5.9 5.8 5.8 5.7 5.6 7 -2.7 -2.7 -2.7 -2.7 -2.7 5.7 5.9
65 58.1 51.2 47.8 48.2 43.4 43.8 41.3 39.3 37.5 36.2 35.3 34.5 33.7 32.9 31.7 36.5 30.7 28.7 27.6 26.8 26.4 25.8 25.3 25.1 23.1 21.9 20.7 20.5 20.8 19.5 18 16.2 14.2 12.6 10.9 10.6 11 12 11.5 10.8 10.1 9.2 8.3 6.8 6.3 5.7 6 5.8 5.5 5.3 5.5 5.6 6.7 5.4 5.5 5.6 5.6 5.6 5.6 5.6 5.6 5.6 5.6 5.5 5.5 5.5 5.5 5.6 5.7 5.8 5.9 6 4.1 5.9 6 6 5.9 5.8 5.7 5.6 5.5 5.5 5.6 6 -2.7 -2.7 -2.7 -2.7 -2.7
64 56.5 52.8 50.9 50.8 44.4 45.4 43.1 41.2 39.7 38.2 36.9 36.1 35.3 34.7 36.6 33.4 31.4 29.4 28.4 27.6 27.4 26.9 26.1 25.4 24.1 22.9 22 22 22.1 20.9 18.8 17.1 15.5 14.1 12.7 11.8 12.3 12.9 12.7 11.9 10.6 9.4 8.4 7.5 6.9 6.7 6.5 6.2 6 5.8 5.9 6 5.8 5.8 6.8 5.6 5.5 5.4 5.5 5.5 5.5 5.5 5.5 5.4 5.6 5.5 5.5 5.6 5.6 5.7 5.8 5.9 5.5 5.7 6 5.9 5.8 5.7 5.6 5.5 5.4 5.4 5.2 5.2 5.9 5.2 -2.7 -2.7 -2.7
66.5 58.5 55.8 55.9 49.7 45.6 43.3 45 43.5 42.1 40.7 39 37.5 37.5 36.9 35.6 34.8 32.6 30.3 29.1 28.3 28.1 27.9 27.1 26.2 25.2 24 23.4 23.4 23.6 22.5 19.9 18.2 15.6 15.6 14.7 13 13.3 13.4 13.3 11.1 10.5 9.8 8.9 8.2 7.6 7.2 7.1 6.8 6.5 6.2 6.1 5.8 5.6 5.8 5.9 5.8 5.7 5.5 5.4 5.4 5.4 5.4 5.5 5.7 5.6 5.5 5.5 5.4 5.4 5.6 5.7 3.9 5.7 5.9 6 5.9 5.7 5.6 5.5 5.4 5.3 5.2 5.2 5.3 5.1 5 6.5 -2.7 -2.7
71.4 64.3 60.2 59.5 49.6 47.5 45.3 47.7 46.2 44.7 43.1 41.6 40.2 39 38.2 37.1 35.9 34.2 31.6 29.9 29.1 28.8 28.6 28 27.2 26.1 25 24.9 24.8 23.3 22.1 21.9 20 17.9 17.7 15.9 14.2 13.9 14.4 13.7 12.6 11.7 10.8 9.9 9.1 8.3 7.7 7.6 7.4 7 6.2 6 5.8 5.9 5.8 5.8 5.7 5.6 5.4 5.3 5.3 5.3 5.5 5.7 5.7 5.6 5.5 5.5 5.4 5.2 5.2 5.2 7.1 5.7 5.9 6 5.8 5.7 5.5 5.4 5.3 5.2 5.1 5.2 5.3 5.1 5.1 6 5.6 5.4
76.2 67.7 65.2 60.9 51.5 49.7 47.6 45 48.9 47.2 44.8 43.7 41.6 40.6 39.5 38.3 37 35.7 33.8 31.3 30.2 29.5 29.2 28.7 28.1 26.8 26.1 26.1 25.1 23.2 22.2 22.2 22.1 20.8 19.2 17.6 15.9 15 13.8 13.2 13.4 12.6 11.8 10.9 10 9.2 8.1 7.9 7.8 6.9 6.1 6 5.9 5.9 5.8 5.8 5.7 5.5 5.4 5.3 5.2 5.5 5.8 5.8 5.7 5.6 5.5 5.6 5.5 5.4 5.3 5.2 6.8 5.5 8.1 6.5 6 5.8 5.6 5.4 5.3 5.1 5.2 5.3 5.3 5.3 6.5 5.5 6.4 6.4
78.5 72.8 66.7 63.2 59.6 53.8 55.3 53.8 51.8 48.4 47.8 44.1 43.1 42.1 41 40.1 38.6 36.5 34.1 32.9 31.8 30.7 29.9 29.5 28.4 27.3 27.3 27.3 25.6 23.8 23 23.1 23.2 22.2 20.3 19 17.6 15.3 14.9 14.2 14 13.4 12.6 11.7 10.9 9.7 8.6 9.4 8.7 7.2 6.8 6.2 5.9 5.8 5.7 5.7 5.6 5.4 5.3 5.3 5.3 5.8 5.8 5.7 5.6 5.6 5.5 5.6 5.5 5.4 5.4 10 5.2 5.4 7.2 5.8 5.9 5.6 5.4 5.1 4.9 5.3 5.3 5.4 5.4 6.8 6.1 6.3 5.9 5.5
79.9 77.3 71.7 67.5 62.7 60 58.5 55.6 49.3 51.7 46.9 45.7 44.7 43.6 42.5 41.4 39.3 37.2 35.7 34.9 33.7 32.5 31.3 30.1 29 27.9 28.5 27.9 26.1 24.4 24.1 24 24.2 23.2 21.4 19.9 16.6 16.7 16.4 15.5 14.7 14.2 13.3 12.5 11.7 10.7 9.3 10.9 9.2 8.1 7.5 6.9 6.1 5.8 5.7 5.7 5.5 5.4 5.4 5.3 5.5 5.8 5.8 5.7 5.6 5.5 5.5 5.6 5.5 5.3 6.8 5.1 5.2 5.2 5.3 5.4 5.9 5.1 4.9 4.9 5.2 5.9 7.3 5.5 7.8 6.6 5.8 5.5 5.4 5.4
80.7 78.4 76.5 74.2 65 62.7 59.8 56.4 55.2 48.5 49.8 48.4 47 45.3 44 41.7 39.8 38 37.9 36.6 35.3 34 32.7 31.7 30.6 29.3 30.2 28.5 26.8 25.9 25.5 25.4 25.3 24.3 22.3 19.4 18.8 19.7 17.9 17 16 15.1 14.1 13.2 12.4 11.9 11.6 11.4 10 9 8.2 7.5 6.8 6 5.6 5.6 5.4 5.4 5.4 5.4 5.7 5.7 5.7 5.7 5.6 5.5 5.5 5.6 5.4 5.4 5.9 5.1 5.2 5.2 5.2 5.2 5.3 4.8 4.7 5 5.3 5.2 5.9 5.8 6.4 5.4 5.4 5.4 5.4 5.6
81.2 79.8 77.1 75 70.5 68.4 62.5 59.3 55.6 53.2 49.7 51.4 50.7 48.5 44.2 42.6 40.6 39.5 39.2 38 36.6 35.3 34.2 33.2 32 32.1 29.9 28.8 27.9 27.4 26.9 26.8 25.9 24.2 22.6 19.8 19.6 21.2 19.1 18.3 17.4 16.1 15.5 14.3 13 12.9 12.6 12.1 11 9.9 8.9 8.2 7.4 6.7 5.9 5.5 5.5 5.5 5.5 5.4 5.6 5.6 5.6 5.6 5.5 5.5 5.5 5.7 4.7 6.6 4.9 5.1 5.1 5.1 5.1 5.2 5.2 5.1 5 5.1 8.5 5.4 5.9 5.9 5.8 5.4 5.4 5.4 5.5 5.4
81.2 80.6 78.1 73.7 71.2 67.9 63.2 60.5 57.5 53.9 53.5 51.4 50.9 49 47.8 43.8 42.7 42.1 40.5 39.4 38 36.8 35.8 34.8 33.6 32.4 30.9 29.9 29.1 28.8 28.3 27.5 25.8 24.3 23.1 21.4 21.1 20 19.6 19.2 18.7 17.4 16.9 15.5 14 14.2 13.8 13.2 12 10.9 9.7 8.9 8.1 7.4 6.7 6.1 5.9 5.7 5.5 5.5 5.5 5.5 5.5 5.5 5.4 5.4 5.4 5.1 6.9 6.2 4.9 5 5 5 5 5.1 5.1 5.2 5.2 5.6 5 6.1 5.7 5.5 5.6 5.6 5.4 5.4 5.3 5.1
81.7 81.3 79.2 74.3 69 68.5 69.6 61.5 59.8 57.8 59.6 56.1 51.8 51.8 50.2 45.2 44.4 43.8 43 41.3 39.4 38.4 37.6 36.7 35.7 33.3 32.4 31.4 30.2 29.7 29.3 28 26.6 25.3 24.5 23.7 23 21.5 19.7 19.3 19.6 19 18 16.3 16 15.4 14.8 14.2 13.1 11.9 10.7 9.6 8.9 8.1 7.5 6.9 6.6 6.4 6 5.5 5.5 5.4 5.4 5.4 5.4 5.3 5.2 5 4.8 4.9 4.9 4.9 4.9 4.9 4.9 5 5 5.1 5.2 5.3 5.2 5.3 5.2 5.3 5.3 5.3 5.3 5.3 5.2 5.2
83 81.1 74.5 72.7 75.9 70.9 75.1 71.7 63.8 63.5 61.4 58.2 57.8 56.6 54.4 46.9 48.7 48.2 45.9 44.4 42.1 40.3 39.2 38.8 36.5 34.6 33.7 32.9 31.9 30.6 29.7 28.4 27.2 26.1 25.6 24.2 22.9 21.6 21 21 20.8 20.3 18.4 16.7 17.2 16.4 15.8 15.1 14.2 13 11.7 10.4 9.7 9.1 8.4 7.8 7.4 6.7 6.1 5.7 5.4 5.3 5.3 5.3 5.3 5.2 4.7 5.3 5 5 5 5 5 5 4.9 4.9 4.9 5 5 5.1 5.4 5.4 5.3 5.3 5.3 5.3 5.3 5.3 5.3 5.3
79.2 77.6 78.8 80.2 79.8 78.1 74.7 73.8 73.6 70 64.2 63 59.5 55.6 52.1 55.6 53.1 51.2 49 47 44.7 42.3 42.3 39.7 38 35.8 34.8 33.8 33.1 32.1 30.5 29.2 28 26.8 26.2 24.5 23.2 21.9 21.9 22.1 21.8 21.2 19.5 20.5 18.6 17.7 16.8 16.1 15.3 14 12.7 11.3 11 10.5 9.8 9.1 7.8 6.8 6.3 5.9 5.5 5.2 5.2 5.1 5.1 5 6 4.8 5 5 5 5 5 5 5 4.9 4.9 4.9 4.9 5 5.2 5.3 5.4 5.3 5.4 5.4 5.3 5.3 5.3 5.3
80.5 83.2 82.9 82.6 81.4 80.9 79.7 78.1 77.7 73.3 69.2 66.2 60.2 54.8 53.7 56.1 56.4 54.5 52 49.7 47 45.4 43 41 39 37.1 36 35 34 32.9 31.6 30.2 28.9 27.6 26.9 24.9 23.6 22.7 22.3 22.7 22.3 21.8 21.7 21.5 19.7 18.9 18.1 17.3 16.5 15.1 13.9 12.6 12.3 11.9 11 9.7 8.3 7.4 6.5 6.1 5.6 5.4 5.1 5.1 5.3 5.4 5.5 4.8 5 5.1 5.1 5.1 5 5 5 4.9 4.9 4.9 4.9 4.9 5 5.1 5.2 5.4 5.4 5.4 5.4 5.3 5.3 5.3
82.4 83.1 82.8 83.3 83 82.4 80.3 78.6 77.7 75.1 72 66.4 62.8 61.6 58.7 60.4 60.1 56.4 54.9 52.3 49.2 47.1 44.9 42.9 40.7 39 37.2 36.2 34.6 34.2 32.9 31.5 30.1 28.6 27.8 26.7 24.7 23.8 23.5 23.3 22.4 22.9 22.9 21.7 20.3 19.5 19 18.5 17.1 15.7 14.8 13.9 13.5 12.7 11.3 10 9 8.1 7.2 6.3 5.8 5.5 5.2 5.2 5.5 5.6 5.4 4.1 5.1 5.1 5.1 5.1 5.1 5 5 4.9 4.9 4.9 4.9 4.9 4.9 5 5.1 5.2 5.4 5.4 5.4 5.4 5.3 5.3
81.4 82.1 82.5 83.1 83.2 82.7 81.2 79.7 79.6 78 71.8 69.8 69.3 68.3 67.1 65.5 63.5 59.4 55.5 53.7 51.8 49.7 46.9 44.3 42.1 41 39.1 37.3 36 35.4 34.2 32.6 31 29.9 29.1 28.3 26.6 25 24.6 24.1 23.6 24.2 23.9 22.8 22.1 21.2 20.4 19 17.6 16.2 15.6 15 13.9 12.8 11.6 10.6 9.6 8.6 7.7 6.9 6 5.6 5.5 5.5 5.8 5.6 5.4 5.3 4.4 5.2 5.1 5.1 5.1 5 5 5 4.9 4.9 4.9 4.9 4.9 5 5.1 5.2 5.3 5.4 5.4 5.4 5.4 5.3
80.4 80.6 81.6 81.9 82.2 82.5 82.2 82 81.3 78.2 78.1 75.9 71.9 71 71.8 69.6 66.2 63.2 58.8 57.1 55.5 52.3 48.3 45.5 44.4 43.3 41.7 39.2 37.7 36.7 35.5 33.9 32.1 31 30.1 29.1 28 26.1 25.5 25 24.9 25.6 25 24.1 23.4 22.4 20.8 19.4 18.1 17.3 16.8 16.1 15 13.9 12.4 11.2 10.2 9.2 8.2 7.4 6.6 6.1 5.9 5.8 5.8 5.7 5.5 5.3 5.1 5.2 5.2 5.1 5.1 5.1 5 5 4.9 4.9 4.9 4.9 4.9 5 5.1 5.3 5.3 5.4 5.4 5.4 5.4 5.4
78.6 80.4 80.2 80.6 80.9 81.3 82.3 82.8 82.1 82.3 80 78.3 74.5 73 75 72.8 69.2 64.4 61.4 59.5 62.2 53 49.1 49.6 48.8 47.8 44.4 41 39.5 38.1 36.8 35.3 33.9 32 30.8 29.9 28.8 27.6 26.5 25.7 26.2 27.1 26.1 25.2 24.2 23.1 21.2 20.4 19.6 18.8 18.1 17.1 16.1 15.1 13.4 11.8 10.8 9.8 8.8 7.8 7.1 6.6 6.8 6.1 5.8 5.6 5.4 5.2 5.1 4 5.2 5.2 5.1 5.1 5 5 4.9 4.9 4.9 5 5 5.1 5.2 5.3 5.3 5.3 5.4 5.4 5.4 5.4
78.9 79.6 79.9 80 80.1 80.2 81 82.8 82.4 81.9 80.7 79.1 77.7 75.5 76.7 76 71.3 68.7 64.6 61.4 58.5 55.6 53 54.3 53.9 50.7 46.8 43.5 41.7 40 38.2 36.9 35.8 33.9 32 30.6 29.5 28.5 27.3 26.6 27.5 28.3 26.9 25.9 24.9 24.1 22.7 21.6 20.8 20.1 19.1 18 16.9 15.8 14.1 12.5 11.4 10.4 9.4 8.4 7.9 7.6 6.9 6.3 5.8 5.4 5.2 5.1 5.1 5.1 3.9 5.2 5.1 5.1 5 5 5 5 5 5 5 5.1 5.2 5.2 5.3 5.3 5.3 5.4 5.4 5.4
78.1 78.8 79 79.4 79.4 79.5 80.3 81.1 81.3 82.3 81.6 80 78.9 78.6 78.6 77.4 76.3 72.4 70.2 65.4 60.7 56.2 58.1 58 54.9 51.6 48.1 47.2 45.2 43.1 41 39 37.6 35.7 33.3 32 30.9 29.6 28.3 27.7 28 28.5 27.4 26.9 26.1 25.2 24.1 22.8 22 21.1 19.6 18.7 17.6 16.5 14.8 13.4 12.1 11.1 10.1 8.7 8.4 8.1 7.1 6.6 6.1 5.6 5.2 5.1 5.1 5 5.2 4.2 5.1 5.1 5.1 5.1 5.1 5.1 5.1 5.1 5.1 5.2 5.2 5.2 5.2 5.3 5.3 5.3 5.4 5.4
79.6 78.4 77.5 78.3 78.6 79.1 78.7 78.5 79.1 81.1 81.5 81 79.8 80 80.5 79.6 78.3 76.3 75 71.1 60.7 61.1 62.1 58.4 55.5 52.3 51.6 49.8 47.7 45.6 43.6 41.5 39.2 36.8 35.3 33.5 32 30.8 29.6 29.5 29.4 28.9 28.1 27.9 27.3 26.4 25.2 24 23.1 21.7 20.2 19.4 18.3 17.1 15.7 14.3 12.8 11.7 10.4 9.4 8.9 8.5 7.3 6.9 6.6 6.2 5.8 5.3 5.1 5.2 5.3 5.3 3.9 4.4 5.1 5.1 5.1 5.1 5.1 5.1 5.1 5.1 5.2 5.2 5.2 5.2 5.3 5.3 5.3 5.4
78.5 78.2 78.1 78.3 77.3 76.8 78.1 78.2 78 79.3 81.1 80.8 80.7 81 81.3 80.6 79.5 77.9 71.2 65.1 61 68.8 65.9 64.3 60.2 56.9 54.3 52.3 50.2 48.2 45.7 42.3 40.7 38.4 38.1 35.4 34.2 33 32 31.9 30.9 29.9 29.7 28.9 28.4 27.5 26.3 25.1 23.7 22.2 20.8 19.9 19 17.8 16.3 14.8 12.2 12.8 11.8 10.8 10.1 9.3 8 7.7 7.4 6.9 6.1 5.6 5.2 5.4 5.4 5.3 5.4 5.2 4.3 5.2 4.9 5 5 5 5 5.1 5.2 5.2 5.2 5.2 5.2 5.3 5.3 5.4
80.3 80.4 79.1 79.3 76.9 76.3 76.7 77.9 78.1 78.6 79.7 80.9 81.1 81.1 81.3 81 79.9 78.9 77 70.9 65.6 74.9 73.4 69.3 63.7 60.6 58.4 54.8 52.8 49.9 46.3 43.4 42.4 42.1 40.6 39 38.4 36.8 35.1 34.2 32.8 31.9 31.2 30.5 29.6 28.3 27.1 25.3 23.8 22.7 21.3 20.4 19.6 17.8 15.7 14.9 13.6 13.5 12.3 11.5 10.8 10.1 9 8.5 8 7 6.4 5.9 5.5 5.5 5.5 5.4 5.3 5.2 5.2 5.2 4.8 4.9 4.9 5 5 5.1 5.2 5.2 5.2 5.2 5.2 5.4 5.4 5.4
80.6 81.5 81 79.1 78.5 78.5 77.6 76 77.6 79 79 79.4 79.9 80.4 80.8 80.5 79.3 78.7 78.5 74.7 71.9 74.9 76.1 73.8 68.1 65.7 62.9 59.1 54.6 50.9 46.9 45.7 46.1 45.2 42.7 42.2 42 38.9 36.9 36.5 34.8 33.6 32.3 31.7 30.5 29 27.9 26.4 24.4 23.1 20.5 19.4 19.2 18.6 17.3 15.8 14.5 13.8 13.1 12.3 11.6 10.9 10 9.4 8.2 7.1 6.7 6.3 5.9 5.5 5.5 5.4 5.3 4.8 4.5 4.7 4.7 4.7 4.8 5 4.9 5 5.2 5.1 5.1 5.1 5.1 5.3 5.5 5.6
81.9 82.9 84 81.5 82.1 81.1 79.6 78.2 74.6 77.6 78.9 79.1 79.1 79.3 79.8 79.8 78.6 78.3 77.5 73.3 75.4 77.8 77.7 71.7 73.5 71.9 69.4 62.2 57.1 53 50.5 48.8 48.7 47.6 45.1 45 44.1 41.9 40.3 38.8 36.6 34.3 32.8 32.6 31.7 30.5 29.1 27.3 25 23.2 22.7 20.8 20.6 20.4 18.8 17 15.6 14.6 13.8 13.1 12.4 11.6 10.9 9.7 8.6 8 7.1 6.7 6.3 5.6 5.5 5.4 5.4 4.8 4.7 5.2 5.1 5 4.9 4.9 4.8 4.9 5 5 5 5 5.1 5.2 5.6 5.7
83 84.3 85.6 86.1 84.7 83.5 82.3 79.2 78.7 71.9 78.8 78.9 79 79 79.1 79 78.6 77.7 76.8 77.1 78.1 78.2 77.9 69.6 76.6 74.7 71.3 64.9 58.1 55.4 53.9 53.3 51 49.3 48.6 48.7 46.2 44.2 42.6 41 39.2 36.5 33.9 33.1 32.6 31.3 29.4 27.9 25.7 24.3 23.6 21.3 21.1 20.7 19.1 18.5 17.3 16.3 15.4 14.4 13.4 12.5 11.1 10.2 9.7 8.9 8 7.2 6.7 6 5.6 5.5 5.1 5 4.9 5.2 5 4.9 4.8 4.8 4.7 4.8 4.9 4.9 4.9 5 5.1 5.2 5.5 5.8
83.3 84 84.7 85.5 85.1 84.6 83.4 82.1 79.1 71.5 70.2 78.8 79 79 78.7 79.1 79 78.4 77.5 77.5 78 77.7 76.6 70.1 77.2 75 71.8 64 59.2 58.6 60.4 57.2 53.6 52.9 53.5 51.9 48.9 46.4 44.7 43.1 41.5 39.1 36.5 34.2 33.4 31.6 29.6 28.1 26.8 26.2 24.7 22.7 21.1 20.3 19.9 19.4 18.5 17.5 16.5 15.5 14.6 13 11.8 11.2 10.7 9.8 8.9 7.9 7 6.4 5.7 5.4 5.3 5.2 5.1 5.1 5 4.9 4.8 4.7 4.6 4.7 4.7 4.8 4.9 5 5.1 5.2 5.5 5.9
83.1 83.9 84.3 84.4 84.4 83.9 83.1 82.6 79.8 74.8 68.3 72.7 79 78.6 78.4 78.8 79.1 78.9 78.1 77.5 77.3 77.3 75.1 71 75.3 74.2 68.3 64.8 65.2 67.9 67.6 62.7 58.4 58.5 57.2 54.3 50.7 47.3 45.9 44.2 42 40 37.5 35 33.5 31.8 30.1 29.2 28.2 27.2 26.1 24.4 23.1 22.6 21.5 20.6 19.7 18.6 17.6 16.6 15.2 13.5 12.9 12.3 11.7 10.7 9.6 8.4 7.5 6.8 6.1 5.6 5.5 5.3 5.2 5.1 5 4.9 4.8 4.7 4.6 4.6 4.7 4.8 4.9 5 5.1 5.4 5.7 6
