data/330000-600000.asc
ncols 200
nrows 200
xllcorner 330000
yllcorner 600000
cellsize 50
[rows 140 to 174 of 200, columns 78 to 155 of 200]
396.2 393.4 387 380.3 374.3 368.7 364.3 361 356.7 351.8 345.2 342.7 343.2 343.3 342.6 340.3 336.2 333.1 329.6 325.9 320.7 321.8 326.1 332.2 337.1 341.5 345.3 345.7 344.6 342.7 340 334.5 326.4 316.7 309.8 308.7 307.5 305.7 305.4 303.4 299.3 300.6 305.5 307.5 308.2 309.1 308.8 315.7 327.2 338.9 349.6 356.7 360.8 364.3 362.9 363.1 363.4 361.6 359.3 357.5 354.1 351.5 346.7 340 335.6 329.9 323.6 317.8 311.7 304.5 296.1 287.6 278.7 267.3 254 239 230.2 225.3
399.8 394.8 389.1 381.9 374.4 369.1 364.8 359.7 355.1 349 341.2 338.2 338.3 337.6 336.8 335 331.1 327.6 324 319.5 314.8 313.7 317.8 322.2 326.2 329.8 335.1 339 339 337.1 334.9 329.6 321.1 313.8 310 308.9 308.1 307.3 305.7 303.3 305.2 308.9 313.6 314.4 314.3 312.9 313.8 322.9 334.4 345.2 355.4 363.2 368.5 369.1 368.8 369.1 367 364.8 361.1 358 353.7 349.3 343.4 338 333.2 327.4 322.2 316.2 308.1 300.6 293.4 285.4 276 265.3 251.4 235.8 225.9 221
399.6 393.8 387.4 380.7 373.5 367.4 362.8 357.9 352 345.8 339 333.1 332.3 331.1 331.1 328.9 324.1 320.4 317.6 313.8 310.4 308.2 309 312.3 317.5 322 326.6 330.4 332.2 332.1 329.8 324.4 316.7 311.6 309.8 308.9 308.6 307.5 307.3 310.8 314.6 320.8 321.3 320.1 318.3 316.8 318.7 328.1 339.4 350.5 360.3 366.1 371 372.6 371.6 369.9 368 365.3 361.1 356.3 350.8 345.2 339.4 334.4 328 324.4 319.6 312.2 304.7 298.2 291.4 283.1 272.9 261.5 250 234.6 220.8 216.2
395.4 389.9 384.1 377.6 370.6 365.3 360.2 354 347.6 342.1 336.4 329.7 327.5 325 323.7 321.4 317 313.5 311 309 306.1 303.1 303.9 305.3 308.9 313.3 318.6 323.3 325.7 327 324.6 319.2 313.3 310.2 308.6 308.3 309 312.1 315.1 321 327.2 327.8 327.2 325.4 322.4 320.7 323.8 332.1 343.7 354.4 361.5 367 369.4 369.6 368.5 367.4 365.2 362.2 357.2 352 346.2 340.9 334.1 328.4 322.5 319.4 313.9 306.1 301.8 295.7 287.5 278.7 268.4 259.1 244.8 227.5 214.8 212.3
389.6 385 379.8 374.1 368.7 363.7 358.3 351.7 345.1 339.5 334.7 329.9 322 320.7 318 314.9 311.9 307.9 305.7 304.2 301.8 299.8 299 299.9 301.4 304.8 309.3 314.7 318.8 320.9 319.1 314.5 310.1 308.7 309 309.8 313.6 318.3 324.9 328.9 331.5 332.9 332.7 329.5 325.6 325.4 328.6 337.4 349.1 356.1 361.9 364.5 365.3 364.8 363.1 361.8 359.5 356.4 352.4 347.1 341.8 335.3 330.2 324 316.9 312.5 306.6 300.3 296.4 289.2 282.3 272.9 264.9 254.8 238.5 221.5 209.1 198.7
382.8 378.9 375.1 369.6 365.3 361.2 355.9 350.5 344.8 338.5 333.3 329.4 324.5 319.6 314.2 309.3 306.9 304.2 302 300.5 298.3 296.8 295.8 295.2 295 296.4 300.5 305.8 310.4 312.6 310.8 308.8 308 307.9 310 314.3 320.3 325.1 330.1 335 337.8 338.6 336.2 333.2 330.4 330.8 332.3 341.2 350.7 356.2 359.7 360.5 360.4 359.3 357.7 355.6 352 349.3 345.8 341.2 337.2 330.5 325.8 318.6 311.3 305.3 299.6 294.5 290.7 284 276.7 269.4 261 248.5 227.4 216.6 204.3 198.6
375.4 372.2 369.3 365.6 361.6 357.8 353.6 349 344.5 340 333.8 328.7 324.6 320.4 315.9 311.8 309.4 306.6 303 299.5 295.9 293.5 293.7 292.3 290.8 288.7 290.7 296.1 302.8 306.2 305.8 304.6 304.6 306.9 312.5 320.1 326.2 330.3 334.1 339.2 342 341.2 339.4 337.1 336.3 335.4 336.6 343.3 350.8 353.8 355.9 356.2 354.9 353.3 350.8 347.8 345.2 342 338.8 334 329.6 325.6 320.5 312.7 307 300.9 291.8 287.4 283.6 276.5 270.6 265.7 254.7 237.8 218.2 207.9 202.3 199
367.9 365.2 362.8 359.7 357.7 355.5 351.6 348 344.6 341.1 336.7 331.8 326.8 321.7 318.5 314.7 311.9 308.9 304.2 300 296.1 293.1 292 290.1 286.8 283 282.1 286.5 295.2 300 300.5 299.8 301.4 306.9 316.4 323 328 331.2 335.8 340 341.7 342.3 341.3 342.4 342 341.7 342.5 345 350 350.3 350.8 351.2 348.8 345.2 343.4 340.8 337.2 334.1 329.5 326.3 323.7 320.6 313.9 308.1 301.7 295.5 287.4 277.9 274.3 270.5 263.8 256.9 243 228 214.2 206.9 200.9 199.3
360.9 358.2 355.7 354.6 353.8 352 350.6 348.3 345.2 341.7 338.8 334.9 329.4 325.7 321.6 317.6 313.6 309 304.6 300.9 297.3 291.7 286.3 286.4 282.9 279.1 274 276.3 281.7 287.6 288.6 290.1 299.3 307.1 316.9 322.1 327.4 330.2 333.5 338.1 340.3 341.3 343.7 347 346.8 347.8 346.9 346.6 346.5 346.1 345.9 343.8 341.9 338.9 335.3 333.4 328.9 324.8 320.8 318.3 316.3 313.2 309.3 303.9 297.7 291.5 285.3 276.1 266 262.3 254.3 244 235.2 222.9 214.4 208.7 203.1 197.4
353.9 350.3 348.2 348.5 348.8 349 347.9 347.1 347 343.8 340.4 337.8 332.9 329.1 324.1 319 313 308.6 304.7 301.4 297.5 293.3 288.3 279.1 279.2 274.7 270.4 266.2 269.3 273.1 273.3 280.3 293.2 304.5 313.4 317.8 322.6 327 330 332.6 334.8 339.1 343.5 348.1 349.8 350.8 348.8 345.8 344.5 340.4 339.3 337.4 334.7 331.2 328.1 325.5 320.6 316.3 311.6 309.9 307 306.5 304.4 299.5 293.9 288.6 282.4 273.4 263.8 253.8 246.8 238.3 228.7 221.3 216.1 210.6 201.2 199.3
345.7 343.9 339.7 340.3 341.5 343.1 344 345 346.7 345.8 342.4 339.3 334.6 329 324.5 319.1 313.2 307.1 303 299.2 293.9 289.7 285.3 280.1 271.2 268.7 263.7 262.2 260.6 261 260.7 269.4 282.6 297.4 306 311.9 317.3 321.1 322 323.8 327.7 333.9 342 347.8 351 350.6 347.4 344.3 339.7 335.5 332.8 329.7 326 323.2 319.7 316.5 312.8 308 303.4 300.4 299.9 299.7 296.9 293.4 290.8 286.2 278.5 270.5 261.3 252.3 241.9 232.7 224.5 219.1 214.1 210.1 201.2 202.6
339.1 336.1 333 330.1 332.7 335 338.5 340.6 343 343.3 340.6 337.5 333.2 327 321.7 317 309.9 303.7 299.3 294.3 289.1 284.2 280.3 272.9 266.6 257.2 256.1 251.9 253.5 252.8 253.4 257.2 270.5 285.2 294 302.6 308 310.4 312.3 313.9 317.2 329.8 339 345.5 349.7 350.2 346.1 342.3 337.1 333.1 327.2 321.3 318 314.8 312.4 308.3 304.7 300.2 295.7 291.2 290.9 292.9 293.1 289.9 287.6 281.8 274.8 267.8 260.9 252.3 244.6 232.8 223.8 219 213.4 207 199.4 206.1
331.5 330.3 326.3 324 324.4 325.1 329.4 333 338 338 336 332.7 328.1 322.3 316 310.7 303.8 298.4 293.5 287.8 282.7 276 269.1 256.8 256.5 252 252.6 252.3 250.9 249.7 245.6 251.5 257.5 270.1 281.3 289.6 293.9 296.2 298.9 302.1 307.5 322.8 334.7 343.3 348 348.3 345.2 341.2 334.9 330.7 323.2 315.8 307.5 306.2 303.2 299.5 295.7 292.7 289.1 285.6 285.2 287.6 287.9 285.3 282.4 277.8 272.2 267.1 260.7 252.3 243.4 231.3 222.6 218.6 214.3 202.1 200.2 215.8
323.9 322 320.1 317.3 317.3 317.2 320.7 324.5 328.5 329.9 329 324.9 320.5 313.4 307.3 302.1 296.7 291.4 286.6 280.5 275.4 266.4 257.6 256.3 263.5 263.3 271.3 269.3 261.2 254.2 248.5 244.8 247.3 254.1 265.6 274.5 280.9 282.7 287.5 290.5 300 319 333.2 342.2 346.4 345.4 343.3 340.3 334.3 328.7 320.6 313.8 305.9 298.2 297 293.7 289.7 287 284.3 280.9 278.7 280.5 282 282 279.2 276.2 271.1 265.9 260.2 252.5 240.5 227.8 220.5 216.6 212.3 201.2 205.9 221.3
315.8 314.6 311.9 310.6 310.6 310.5 312.7 315.9 319.9 321.4 319.3 312.7 311.9 305.2 298.2 293.2 288.7 284.7 279.8 271.8 263.6 257.4 262.1 267.4 274.4 277.3 279.7 276.6 270.5 263.9 254.7 247.8 242.7 242.1 247.2 258.3 266.9 270.8 276.2 281.6 297.3 318.3 331.3 341.1 344.5 343.2 340.7 338.1 332.3 326 319.5 311.2 304.4 298.7 293.2 289.5 286.2 281.8 279.2 275.7 272.8 274.1 275.1 276.1 276.8 274.2 269.3 264.3 256.4 247.1 236 223.6 216.3 213.8 206.7 200.6 210.6 225.9
304.6 305.5 303.9 303.3 303.4 303.6 305.7 307.5 310.7 312.1 311.2 307.6 303.3 295.7 290.1 285.6 280.8 276.4 271 261.4 258.8 268.3 272.9 278.2 283.5 290.2 291.5 286.3 281.3 274.6 267.3 256.8 249.3 242.6 241.7 241.8 250 257.6 267 277.3 296.7 316 328.2 338.3 342.3 342 341.2 338.1 332.3 326.6 320.3 313.9 308.3 302.2 296.3 291.2 286.2 282 279.4 275.2 270.7 267 269.4 272.3 273.4 270.3 260.9 255.6 249.1 242.4 233.2 220.9 214.3 211.1 202.8 201.7 215 226.4
296 295.8 295.3 296.2 297.2 296.8 298.5 299.3 301.1 302.3 301.6 297.3 293.8 287 282.3 279.3 274.8 267.6 259.6 261.4 270 278.2 284.1 293.6 300.8 306.8 305.8 297.3 290.8 283.8 275.8 269.1 263.2 259.2 251.8 243.8 238.6 243.2 255.4 271.5 292.5 312.4 324.9 334.8 339.1 340.8 340.2 337.4 332.7 328.3 324.3 319.3 313.8 307.1 300.2 292.8 287.1 283 279.7 275.7 271.8 265.1 261.3 266.4 266.6 262.4 256.9 249.7 245.1 237 228.2 216.8 210 203.2 202.2 207.4 218.7 230.6
295.5 291.5 290.4 289.7 290.5 290.5 290.7 291.7 292.7 290.7 290.2 286.8 283.9 279.9 276.1 272.3 268 261.6 263.6 270.6 279.3 290.2 299.7 308.3 316.5 320.1 318.7 309.4 299.9 291.8 284.5 279.2 270.8 264.1 260.3 254 239.7 236.3 247.2 264.4 290.1 306.1 318.9 328.9 333.8 337.3 339.1 336.6 332.8 331 328.1 323.9 317.9 311.5 304.6 295.6 288.7 283.9 279.5 275.4 271.8 268.5 263.7 255.2 257.5 255.2 252.1 245.4 239 231.4 221.6 212.8 205.2 203.3 202.7 210 222.2 233.5
304.8 298.4 294.2 290.9 285 282 281.7 282.1 283.2 281 277.3 276.2 274.8 270.8 268.2 268.9 263.3 267.7 273.2 282.1 294 306.1 314.9 323 327.6 329.8 326.2 317.7 308.1 298.5 291 285.6 278 272.6 267.2 261 254.7 242.4 240 261.3 280 298.3 311.3 322.8 328.1 332.7 336.2 335.2 334.1 331.8 330.6 325.7 319.1 313.9 307.2 299.5 292.5 286.9 280.9 277.1 273.4 269 263.1 258.1 246.6 246.6 245.1 240.5 233.7 226 218.5 212.8 204.1 204.1 205.6 213.3 225.9 236.9
309.6 304.7 300.8 298.6 293.4 288.3 284.2 281.9 275.8 277.7 274.8 273.6 274.3 270.9 268.4 267.9 270.8 278.8 285.6 300.4 311.2 322.6 328.7 331.8 333.2 330.8 328.2 319.8 312.1 304.5 298.8 291.3 282.6 276.8 267.8 261 254.2 243.8 236.3 248.4 269.5 286.4 301.2 314.4 323.7 329.8 333.8 334.7 334.2 332.5 330.8 326.6 321 316 309.8 303.4 297.3 291 285.3 280.4 275.1 270.1 263.8 259.9 254.5 248.5 236.6 233.8 227.5 220.9 215.8 211.6 204.5 204.4 208.2 220.5 231.4 241.7
316 311.3 306.8 303.8 298.4 295.4 292 288.3 286.9 285 283.3 282 279.3 276.1 267 274.2 280.8 289.6 302.6 314.2 323.1 331.9 336 336.7 335.4 331.3 326.7 320.7 313 306 300 292.4 285.4 277.1 266.5 257 250.9 241.7 235 237.5 253 271.6 284.8 300.7 315.3 324.1 331.7 333.8 333.1 331.3 328.7 325.3 321.7 317.1 312.8 307.2 299.9 295 289.1 282.5 277.4 272.6 266.1 261.4 254.5 247.5 240.8 233.2 222.1 211.6 210.3 206.7 205 204.9 213 227.8 238.5 247
321.3 316.2 310.5 307.9 304.4 299.9 296.2 293.5 291.4 289.8 287.6 283.8 281.6 277.6 271.8 279.2 287.6 298.5 311.8 323.1 331.3 338.4 340.9 339.9 336.6 330.8 325.7 320.6 312.1 304.9 298 290.3 283.9 273.4 263.2 254.3 248.6 244.6 238.3 233.4 239.3 255.1 272 289.3 307 319.2 328.2 331.4 330.9 328.9 325.9 323 320.1 316.9 312.5 307.4 301.7 297 290.4 284.9 280 272.8 264.8 258.5 252.9 246.2 239.8 232.1 223.3 215.9 211.8 205.7 205.1 206.9 220.7 235.7 245.3 251.9
324.4 319.6 316 312.1 307.5 303.9 300.3 297.1 294.6 291.5 288.7 284.4 280.5 274.9 278.6 283.8 293.9 305.6 318.2 328.4 336 341.2 341 340 336 330.4 324.9 318.8 309.7 302.3 294.4 288.4 277 267.7 258.2 259.9 258.6 252.1 246.1 236.2 232.8 242.9 261.5 279.3 299.1 313.7 323.1 328.7 327.9 324.6 321 318.7 317.4 315.6 312 309.1 303.9 297.3 289.7 285.2 280.5 271.6 262.8 256 250.7 244.4 236.7 228.3 217.9 208.3 206 205.5 205.5 212 227.8 240.8 250 256.1
326.9 322.4 318.9 314 310 306.7 303.1 299.8 296.8 292.1 288.8 283.7 280.5 277.5 282.9 288.5 299 311 322.9 332.5 338.9 341.6 341.1 338.2 333.4 328.1 322 315.2 304.9 298.1 291.4 287.4 283.2 278.4 275.3 271.3 268.6 263.8 256.4 244.4 234 232.1 252.9 272.1 292.1 308.7 319.1 324.3 324.6 321.1 317.2 314.7 314.2 313.6 311.1 308.5 302.9 295.8 288.5 284.5 278.9 269.4 260.3 253.3 246.9 240.1 231.5 221 210.9 206.7 205.8 207.1 211.5 224.2 234 244.9 252.7 259.2
326.8 323.2 319.7 315.5 312 309.3 305 302.2 297.4 290.9 285.6 281.9 279.2 280.5 285.6 293 304.7 317 327.9 336.2 340.7 341.5 339 335.2 330.5 324.8 317.9 309.8 300.2 292.9 292.9 292 288.2 285.4 282.8 280.7 276.8 271.6 263.5 252.2 234.7 229.2 245.2 266.3 285.7 303.3 313.3 320 319.6 316.4 311.5 310 309.4 309.8 309.2 306.1 301.3 293.5 285.6 281.5 276.1 267.1 256.6 248.6 242.1 235.2 227.1 214.5 207.8 207 206.4 209.2 218.8 230.5 239.5 249.5 256 261.1
324.1 321.4 318.1 315.1 312.2 308.7 305.1 301.9 294.3 286.9 283.3 279.7 280.6 283.4 288.5 297.2 309.5 321.8 332.8 339 341.3 340.9 338.9 334.6 329.1 322.7 315.7 308.5 297.9 299.4 298.5 297.5 295.3 293 293 289.6 283.5 275.8 266.5 255.9 241.2 231.5 234.8 258.3 278.1 298.5 309.1 311 313.8 311.9 307.3 304.7 304.1 304.2 304.1 302.3 298.7 291.5 280.9 277.6 272.6 261.3 252.6 244 237.4 230.6 220 210.3 208.4 207.7 208.1 214.3 225.3 236.2 246.7 253.7 259.2 263.2
320.2 318.1 315.7 313 310.1 306.8 303.7 298.4 288.1 284.9 281.3 281.9 283 285.9 292.6 301.6 314.8 327.9 336.7 341.1 342.7 341.2 339.2 334.8 329.3 324.2 318.7 308.2 308.2 307.6 307.9 306.4 304.2 302.8 301.1 295.6 287.9 279 267.7 257.6 248 232.8 232.9 252.9 271.6 285.1 298.6 303.5 309 307.6 303.5 300.4 297.6 297.5 297.4 296.6 294.3 287.7 275.3 271.3 266.7 254.9 247.1 239.2 232.6 225.5 216.9 208.3 207.4 207.6 211.2 219.6 231.4 242.8 253 258.7 263.2 265.9
315.5 314.3 311.8 308.6 303.8 300.9 297.1 291.3 286 283.7 283.5 284.8 286.3 290.9 298.2 308.3 321.3 332.6 340.2 343.8 344.1 342.3 339.9 336.1 331 327.1 322 317.8 316.3 314.9 314.2 312.7 310.5 307.4 302.5 296.3 290.3 280.8 269.4 256.8 248.2 234.3 226.8 245.3 261.1 275.3 287.9 295.9 299.9 300.1 299.2 295.9 292.8 290.1 289.8 289.6 286.3 277.5 268 262.4 256.9 249.5 242.3 235.4 228.1 219.1 209.9 207.7 208.7 209.6 214.7 223.4 236.6 250.5 257.3 262.8 266.6 268.7
309.6 309.8 307.5 303.3 299.1 295.3 291.6 288 284.2 284.4 287.5 289 291 298.1 306.6 318.2 328.1 336.9 343.9 346.1 345.6 342.9 340.1 338.7 334.6 330.4 326 322 320.9 320.6 318.7 314.9 311 306.9 300.1 294.2 287.8 279.9 269.3 256.4 245.9 237.9 227.3 234.6 250.8 261 274.3 285.2 292.5 296.1 294.1 291.7 289.8 286.3 282.3 282.6 280.1 272.5 263.4 254.7 248.7 242.3 235.2 229 219.9 209.1 208.4 208.9 210.8 215.2 219.4 228.9 242.4 254 260.5 266.5 269.4 271.4
304.1 303.9 299.4 295.9 292.5 291.3 289.4 285.5 286.3 287.9 290.5 293.1 297.8 306.7 317 327.9 336.7 342.3 346.4 348.7 348.7 347 344.1 341.6 338.6 334.1 329.6 325.6 323 321.2 318.9 314.7 309.4 303.1 296.7 290.2 282.7 274.8 266.2 254.5 244.1 239.8 227.3 227.3 238.8 248.4 259.1 272.1 285.7 290 287.9 286.5 285.1 281.6 277.8 276.9 273.2 266 258.4 251.4 243.6 234.8 226.4 219.2 209.9 208.9 208.9 213.8 216.4 218.8 224.2 235.4 247.6 257.1 263.7 268.5 271.6 271.6
302.6 302.9 300.8 299 295.4 289.9 287.1 286.6 289.3 291 294 298.2 304.6 315.1 326.9 337 344.8 349.8 353.5 354.1 351.8 350.5 347.7 344.1 340.5 335.4 330.4 328.2 324.2 320.2 316.3 312 305.9 298.7 292.6 284.6 276.6 269.4 260.8 248.5 239.1 234.5 226.2 224.8 227.9 237 246.5 259.6 275.6 280.1 279.1 280.5 279.3 276.6 271.6 266.9 263.4 257.6 253.6 244.7 234.4 226.6 218.1 210.8 210.2 209 209.6 215.6 219.2 223.1 229.1 241.9 252.7 259.7 265.8 270.2 272.2 273.6
308.4 306.4 304.4 301.7 297.4 292.1 289.9 289.2 291.2 292.9 296.4 303.9 312.4 324.3 333.8 344.7 353 358.8 360.8 359.8 356.5 352.5 349 343.9 339.1 335.5 330.6 325.5 320.2 316.4 310.7 306.7 300.1 293.5 286.1 277.7 270.7 260 248.9 239.6 231.8 226.2 225.1 224.6 224.9 229.1 236.2 246.1 263.5 272.3 272.3 273.1 272.3 270.4 266.4 260.1 252.2 248.7 242 233.1 225.2 218 213.2 210.7 210.3 209.1 212.7 219.1 224.1 230.9 236.6 247.8 255.8 262.5 268 272.5 277.3 274.5
314.6 311.5 308.2 304.2 299.3 294.4 292.3 292.3 293.4 296.3 302.4 311.4 321.6 332.9 343.4 353.1 360 363.8 363 360.3 357.7 352.8 347.6 342.7 336.7 331.7 326.3 320.9 315.1 310.4 305.5 299.5 293 287 277.4 269.1 260.6 247.7 239.4 228.6 227.1 228.5 227.8 224.2 222.7 223.8 225.1 234.5 251.5 264.9 265.3 264.9 264 263 257.8 250.1 241 235.9 229.3 223.1 217.3 213.8 212.1 210.6 210.1 209.6 217.2 225 230.9 238.6 245 252.4 260.4 265.5 270.6 274.3 277.4 269.9
320 316.3 312.2 306.5 301.2 297.7 296.9 296.5 297.8 301.8 308.9 318.5 331.6 344 354.4 362.2 366.6 367.3 365.3 360.7 356.4 351.7 345.7 340.1 333.1 326.3 319.8 314 307.1 303.1 298.1 291.4 284 277 267.5 257.4 247.4 237.2 228.2 228.9 235.8 243.3 247.6 240.7 231.1 224.5 222.2 221.2 240.3 253.1 255.8 256.1 256.4 254.2 247.9 242 233.3 225.7 220.3 215.8 214.5 213.3 211.4 210.6 210.2 216.9 224.2 236 239.4 243.7 250.6 257.6 263.6 267.6 274.9 276 273.7 268.7
328 323.1 317.8 310.5 305.2 303 301.7 301.4 302.4 307.7 315.6 327.3 340.5 352.7 362.6 367.8 370.7 369.6 365.3 360.1 354.8 349 342.6 335.5 327.6 320.2 312.4 305.8 299.8 294.2 288.6 278.8 273.4 265.3 255.8 246.5 237.7 230.4 228.1 239.4 244.3 253 259.2 256.6 244.1 231 223 221.5 222.9 239.6 245.6 247.8 248.7 243.9 237.5 231.5 224.6 219 215.2 214.3 213.9 212.9 211.1 211.1 216 224.8 235.7 242.8 248.7 251.9 256.9 262.6 267.5 271.2 273.9 275.8 273 266.7
