data/330000-480000.asc
ncols 200
nrows 200
xllcorner 330000
yllcorner 480000
cellsize 50
[rows 148 to 184 of 200, columns 0 to 83 of 200]
131.4 120.9 113.5 113.9 114.3 113.7 110 111.5 111.3 109.8 102.5 94 87.8 80.7 74.7 69.6 63.2 61.1 58 57.8 54.5 49.5 41.1 40.2 33.6 26.8 18.1 8.2 6.6 6.3 -2.7 -2.7 8.5 -2.7 -2.7 -2.7 5.2 5.2 5.2 5.2 5.5 5.6 5.7 5.8 5.9 5.9 5.3 4.5 4.8 5.1 5.6 8.2 8.9 12.5 9.1 8 8.3 8.8 10.1 10.5 6.1 6.1 6.4 5.8 6 6 5.8 7.3 7.4 7.6 8.1 7 8.7 8.8 8.8 8.8 8.7 8.5 8.4 8.3 8.4 8.4 8.5 8.6
128.3 118.5 112 109.8 108.7 104.6 103.7 104.2 104.7 102.3 98.3 92 83.9 76.1 73.6 68.7 64.8 63 60.9 60.7 53.8 46.9 48.3 47.3 43.9 32.4 22.2 13.1 6.3 6.3 7.8 -2.7 -2.7 -2.7 -2.7 8.3 5.2 5.2 5.2 5.2 5.3 5.4 5.5 5.6 5.7 5.7 5.4 6.5 4.6 5.2 4.3 5 6.4 8.3 9.1 8 8.6 9.2 12.4 12.5 9.7 6.8 6 6 5.4 10.4 6 6.7 7.3 7.7 8.3 8.7 8.6 8.7 8.6 8.8 8.5 8.4 8.3 8.2 8.2 8.3 8.4 8.6
127.6 118.3 110.2 106.3 101.9 100.1 100.5 97.5 98 97.2 91.9 86.5 79.9 75.1 72.1 68.3 67 65.2 60.1 55.7 55.8 55.2 53.6 51.6 47.4 36.8 26.3 17.8 8.5 7.7 10.2 -2.7 -2.7 -2.7 1.8 6 5.6 5.5 5.6 5.8 5.5 5.5 5.5 5.6 6.6 5.9 5.2 4.5 4.4 4.4 4.3 4.4 4.8 7 7 7.7 8.8 9.9 15.1 17.7 14.1 6.2 5.5 5.4 10 10.4 6.6 7 7.5 7.9 8.4 8.6 8.6 8.6 8.8 8.8 8.6 8.4 8.2 8.1 8.2 8.3 8.5 8.6
128.7 118.4 109.7 106.2 100.6 97.5 97.2 94.6 94.1 93 91.2 84.2 76.7 74.2 71.3 71.3 67.1 62.9 59.6 61.5 61.8 58.7 57.2 55.3 50.6 41.6 32.6 25.9 15.8 6 9.6 -2.7 -2.7 -1 2.5 6.1 6 5.8 5.8 5.5 5.3 5.6 5.7 5.7 5.9 5.7 4.8 4.6 4.4 4.5 4.5 4.5 4.2 5.7 6.1 6.9 9.5 11.3 16.5 23.1 12.9 6.4 5.8 5.6 7.1 6.4 8 6.6 7.6 8.1 8.6 8.6 8.6 8.7 8.9 8.7 8.6 8.4 8.3 8.2 8.3 8.4 8.6 8.7
132.2 118.3 111.3 107.2 102.8 96.4 93.5 91.4 90.9 88 85.2 82.4 78.8 73.3 71.4 71 67.7 63.4 64.4 65.5 64.8 63.9 61.1 59.2 52.7 46.3 37.6 27.6 19.7 6.6 -2.7 -2.7 -2.7 -0.1 2.4 6.4 6.2 6.1 6.2 5.7 5.4 5.6 5.7 5.9 5.8 5.5 5.2 5.1 4.5 4.5 4.5 4.4 4.2 4.6 5.3 6 8.9 11.1 14.9 18.9 15.3 12 6.5 6 5.8 9.5 8.5 6.3 7.3 8.2 8.5 8.6 8.7 8.8 8.9 8.7 8.5 8.4 8.4 8.4 8.4 8.5 8.6 8.8
133.4 121.4 116.9 110.7 105.3 97.4 90.2 88.4 84.3 83.2 84.5 82.5 74.3 69.7 71.5 69.2 66.7 67 69 69.8 69.2 67.4 66.1 63.7 57.3 51.8 43.1 34 21 8.9 -2.7 -2.7 -2.7 0.3 2.3 6.5 6.3 6.1 6 6 6.2 5.6 5.8 5.7 5.7 5.6 5.2 4.7 4.5 4.2 4.9 3.7 3.8 3.4 4.3 5.5 7.8 10 11.6 18 17 14.1 6.9 5.9 5.6 8.6 12 9 7.1 8.1 8.6 8.7 8.8 9 8.8 8.7 8.6 8.6 8.5 8.5 8.5 8.5 8.7 8.8
136 125.8 121.2 113.2 106.1 97.9 87.7 86.4 84.9 82.5 82.2 77.5 69.5 69.4 68.7 67.4 67.5 70.9 72.9 74.4 73.6 72.2 71.1 67.2 62.4 57.2 52.8 43.8 23.7 7.9 -2.7 -2.7 -1.7 0.1 2 7.3 6.2 6.1 5.4 5.8 6.3 6.6 6.4 6.1 5.8 5.4 4.9 4.8 10.4 7.7 8.6 9.1 9.4 9 6.7 7.1 8.4 9.7 12.2 13.3 16.5 16.8 14.3 6.9 5.9 17.2 12.8 8.2 7 8 8.6 8.8 8.9 9 8.8 8.8 8.7 8.7 8.7 8.7 8.6 8.6 8.8 8.8
137 129.1 125.1 115.6 106.9 96.5 88 87.3 84.4 78.9 76.5 72.6 71.5 70.1 69.7 70.7 68.8 72.9 76.3 78.6 78.1 77.5 75.3 71.6 65.6 63.4 59.2 50.8 25.8 8.1 -2.7 -2.7 -1.6 0.1 1.8 3.5 6.1 6.3 5.7 6.1 6.4 6.4 6.3 6.1 5.8 5.3 4.8 4.4 6 8.9 11.3 8.5 11.6 9.7 8 7.1 7.9 10 10.8 18.8 18.3 21.3 15.9 10.4 6.3 14.7 12.4 9.9 7 7.9 8.4 8.9 9.1 9 8.9 8.9 8.9 8.9 8.8 8.8 8.8 8.8 8.8 8.9
135.2 128.6 124.8 112.9 104.9 97.6 89.2 83.2 83.1 81.1 78.7 77.1 71.9 69.7 71.5 70.2 70.3 73.2 77 78.4 80.5 80.9 77.9 74.7 69.8 65.6 59.2 50.1 34.1 7.7 -2.7 -2.7 -1.4 0.2 1.8 3.3 6 6.9 5.9 6.3 6.3 6.2 6.2 6.1 5.7 5.3 4.9 4.6 5.2 5.7 6.1 9.3 8.6 11 8.8 7.3 7.1 9.7 17.7 20 22 22.9 25.2 14.4 6.9 9.2 12.4 11.5 9.4 7.7 8.3 8.8 9.1 9.1 9.1 9 9 9 9 8.9 8.9 8.9 8.8 8.9
133.3 124.5 120.6 114 107.4 98.5 86.3 84.4 82.5 83.6 79.5 73 73.2 72.9 71.7 71.2 73.6 74.9 77.8 81.1 83.8 83.9 80.9 79.6 77.9 73.4 67.6 61.4 35.8 7.7 -2.7 -2.7 -1.4 0 1.5 3 5.8 5.7 6.2 6.2 6.1 6.1 6 6 5.8 5.5 5.1 4.7 4.7 5 6.3 9.4 5.5 7 13.2 13 6.8 8.8 17.3 20.2 25.1 27.7 25.7 11.7 7.4 8.8 11.1 11.7 11 7.3 7.8 8.5 9.1 9.2 9.2 9.2 9.1 9.1 9.1 9 9 9 8.7 8.9
129.5 120.3 117.2 113.1 108 98.3 93.2 88.4 82.9 77.9 77.7 73.6 73.7 73 73.7 75 77.4 79.3 79.4 81.7 85.5 85.9 84.4 85.6 83.9 81.1 80.8 63.6 32.9 8 -2.7 -2.7 -1.4 0 1.4 2.9 6 6.1 6 6 6 6 5.9 5.9 6.1 5.5 5 4.6 6.2 6.8 5.6 5.8 5.8 6 6 6.2 6.5 11 19.5 23.7 26.2 24.2 22.8 14 7.5 6.5 10.2 12.7 11.7 8 7.6 8.2 8.8 9.3 9.3 9.3 9.2 9.2 9.2 9.1 9.1 8.9 8.6 8.8
122 120.1 117.5 113.7 107.7 103.1 97.7 89.9 82.2 76.8 76.9 74.8 72.9 72.4 76.4 77.5 82 82.8 83.5 83.8 86.9 88 90.4 92.7 92.3 95.4 86.7 66.8 34.5 8.4 -2.7 -2.7 -1.3 0.1 1.4 2.8 6.3 5.9 5.8 5.8 5.8 5.9 5.8 5.8 5.8 5.3 5 6 5.3 5.4 5.1 4.9 5 4.8 5.7 5.9 8.1 14.5 20.2 22.1 23.6 23.2 23.1 14.5 9.6 6.7 8 13.8 13.5 9.4 7.6 8 8.5 9.1 9.4 9.4 9.3 9.3 9.3 9.2 9.2 8.9 8.5 8.7
121.3 121.4 119.5 116.1 111.2 107.4 100.7 89.6 81.7 79.1 75.9 73.8 72.5 73.6 77.8 81.2 83.8 85.1 86.7 88.7 89 92.7 95.3 101.5 106.1 98.8 83 62.8 37.3 8.2 -2.7 -2.7 -1.4 0 1.7 3.5 3.6 5.6 5.6 5.6 5.6 5.6 5.7 5.6 5.4 5.3 6.5 4.8 5.4 5.9 5.9 5.8 5.7 5.7 3.6 5.3 9.3 17 20.2 21 21.8 23.9 19 13.8 9.5 11.2 7.3 14.2 14.7 11.6 7.9 8.2 8.6 8.9 9.4 9.5 9.4 9.4 9.3 9.3 9.3 8.8 8.4 8.3
122.2 122.4 121.2 117.9 114.3 108.8 97.9 91.8 82.4 78 75.9 73.1 70.4 71.2 77.9 81.8 83.5 85.8 88.4 93.2 92.7 96.5 99.8 104.2 101.7 92 79.1 61.4 36.8 8.4 -2.7 -2.7 -0.1 1.6 3.3 3.6 3.6 4.6 4.7 5.4 5.4 5.4 5.4 5.3 5.3 5.8 5 4.8 5.6 4.3 3.9 4.4 3.9 5.2 3.6 5.7 12.3 20 21.7 20.4 21.5 21.4 16.6 13.6 13.4 9.7 7.4 11.2 16 13.8 8.8 8.1 8.4 8.7 9.1 9.6 9.6 9.5 9.4 9.4 9.3 8.4 5 6.3
122 122.2 121.5 118.9 112.5 105.9 99.5 87.8 82 76.4 73.1 70.2 67.9 72.2 75.9 79.2 81.8 84.6 86.5 88.9 92.7 99.4 99.4 101.1 94 82.5 68.7 56.2 33.9 10.5 -2.7 -2.7 1 3.2 3.6 3.6 3.6 3.9 5.1 6.3 5.4 5.4 5.4 6.7 5.8 -2.7 4.4 3.7 3.8 3.9 3.7 -2.7 -2.7 -2.7 -2.7 3.6 9.8 13.7 15.6 19.2 19.7 20.3 17.1 11.5 11.4 8.9 7.6 11.7 16.1 14.7 10.4 8.4 7.9 8.2 9.2 9.6 9.8 9.7 9.6 9.1 8.5 7.9 5.1 5.6
122.5 121.6 122.4 119.5 114.5 109 98.5 82.9 81.1 76.6 70.5 68.9 65.2 69.5 73.1 74.1 78.9 83.3 87.7 90.9 104.3 108.8 103.7 97.6 87.1 77.3 57.8 41.6 25.8 10.6 -2.7 -2.7 1.6 3.6 3.6 3.6 3.6 3.7 4.8 5.3 5.5 5.9 7.9 9 6.8 -2.7 3.9 3.7 3.6 -2.7 -2.7 -2.7 -2.7 -2.7 -2.7 -2.7 4.9 8.1 13.9 17.4 17 19.6 18.5 10.8 10.9 9.3 10.9 9.9 16.6 16.9 13.9 9.9 7.9 8.2 9.1 9.5 9.7 9.1 8.6 8.2 5 5.2 5.6 5.3
120.5 126 125.1 120.3 117.6 108.8 93.9 83.8 78.1 73.1 67.2 66.2 63 66.5 67.9 72.8 77.1 80.9 86.9 98.4 105.2 111.6 103.1 89.5 81.7 67.2 45.4 28.5 17.5 9.5 -2.7 -2.7 1.3 3.6 3.6 3.6 3.6 3.6 4.7 5 5.1 5.7 6.4 6.1 6.2 4.8 -2.7 -2.7 -2.7 -2.7 -2.7 -2.7 -2.7 -2.7 -2.7 -2.7 -2.7 5.3 11 17.3 17.4 16.2 10.8 11.2 8.1 9.3 9.7 10.1 17.2 18.5 15.2 10.6 7.9 7.8 8.3 8.6 9.3 8.2 7.6 5.1 5.1 4.5 5.1 4.5
123.7 128.7 125.5 121.2 116 104 92 79.6 73.2 71.1 65.6 61.2 61.4 63.7 67.6 68.8 74 79.4 91.2 98.5 103.6 107.6 97.5 76.1 70.3 54 31.8 16 10.2 9.3 -2.7 -2.7 0.6 3.6 3.6 3.6 3.6 3.5 3.4 3.5 3.8 5.7 5.1 -2.7 -2.7 -2.7 -2.7 -2.7 -2.7 -2.7 -2.7 -2.7 -2.7 -2.7 -2.7 -2.7 -2.7 -2.7 7.2 13.2 9.1 12.2 10.1 9.1 7 12.8 9.5 10.7 18.1 19.9 17.5 12.1 7.3 7.2 6.2 7.8 7.9 4.9 5 4.9 4.7 5 4.5 4.5
122.4 125.9 123.1 118 112 101.7 90.9 76.4 70.7 68.5 62.5 61 60.1 62.8 64.5 66.5 71.8 83.3 94.9 100.6 102.5 102.2 83.6 68 54.1 44.3 21.8 8 -2.7 -2.7 -2.7 -2.7 0.2 2.5 3.5 2.9 2.5 2.1 1.6 1.1 0.3 -2.7 -2.7 -2.7 -2.7 -2.7 -2.7 -2.7 -2.7 -2.7 -2.7 -2.7 -2.7 -2.7 -2.7 -2.7 -2.7 -2.7 6.2 6.4 9.6 10.4 10.6 10.4 8 9.7 7.6 12.1 19.7 21.6 21.6 15.2 9.9 7.1 6.7 5.2 5 4.8 4.6 4.7 4.5 4.3 4.2 4.7
121.5 122.3 117.7 113.5 107.7 98.2 86.7 75.3 67.4 65 62.1 58.4 58 60.2 60 64.3 71.9 83.6 95.5 98.8 97.2 89.4 71.6 56.1 45.2 38.5 12.3 7.2 -2.7 -2.7 -2.7 -2.7 -0.3 1.4 2 1.5 1.1 0.7 0 -0.7 -2.7 -2.7 -2.7 -2.7 -2.7 -2.7 -2.7 -2.7 -2.7 -2.7 -2.7 -2.7 -2.7 -2.7 -2.7 -2.7 -2.7 4 5.8 6.5 7 6.6 9.2 6.3 6.4 8 6.5 11.5 21.6 21.9 20.7 15.5 9.6 6.9 7.1 5.5 4.7 4.6 4.6 4.5 4.5 4.1 4.6 5.8
117.6 118.1 112.9 108.4 103.6 93.4 83.1 73.1 67.3 62 62.1 56.5 51.4 54.2 57.7 64 70.2 81.3 93.1 94 89.3 80.4 66.1 48 33 20.5 7.4 4.1 4 -2.7 -2.7 -2.7 -1.1 0.2 0.4 0.1 -0.3 -0.7 -1.5 -2.7 -2.7 -2.7 -2.7 -2.7 -2.7 -2.7 -2.7 -2.7 -2.7 -2.7 -2.7 -2.7 -2.7 -2.7 -2.7 -2.7 -2.7 3.8 3.6 3.5 4.4 5.7 6.2 6.2 5.7 6.1 6.2 10.8 26.4 22.8 19.1 16.3 8.9 6.1 5.8 5.3 4.8 4.6 4 4.4 4.3 4.1 5.2 6.1
114 111.8 106.7 104.9 100 92.6 80.7 70.3 63 58.7 56.7 50.4 47.7 51.8 57.9 62.9 67.9 77.9 88.4 90.4 82.2 72.6 57.9 39.5 24.9 7.6 4.9 4 4.2 -2.7 -2.7 -2.7 -2.7 -1.2 -1.1 -1.4 -1.7 -2.7 -2.7 -2.7 -2.7 -2.7 -2.7 -2.7 -2.7 -2.7 -2.7 -2.7 -2.7 -2.7 -2.7 -2.7 -2.7 -2.7 -2.7 -1.7 0 3.6 3.6 3.9 3.9 3.6 4.8 6.1 5.9 6.1 6.6 16.7 24.1 18.9 17.1 11.5 6.4 5 4.9 5 4.8 4.4 4.7 4.6 3.1 4.9 5.9 6.4
110.1 107.4 104.6 101.5 95.5 85.2 74.1 67.8 60.9 53.2 49.9 47.3 47.2 50.6 59.9 66.7 69.1 73 80.6 82.1 76 64.6 47.6 29.9 12.9 4.7 4.9 4.2 4.1 -2.7 -2.7 -2.7 -2.7 -2.7 -2.7 -2.7 -2.7 -2.7 -2.7 -2.7 -2.5 -2.6 -2.7 -2.7 -2.7 -2.7 -2.7 -2.7 -2.7 -2.7 -2.7 -2.7 -2.7 -2.7 -2.7 -0.3 1.7 3.6 3.7 3.7 3.7 3.6 5.3 5.5 5.8 6.2 8.3 22.8 20.5 16.9 14.9 9.6 5.1 4.3 4.5 4.5 4.8 4.8 4.9 4.8 4.5 4.6 6.2 7
104.7 105.8 103.5 101.6 90.9 82.1 73.1 66.3 59.2 51.9 48 47.2 47.9 52.6 62.5 70.8 66.4 65.5 73.1 73.5 68.3 55.1 37.1 18.8 7.8 5.2 5.3 4.3 4 -2.7 -1.6 -2.7 -2.7 -2.7 -2.7 -2.7 -2.7 -2.7 -2.2 -1.9 -2 -2.1 -2.3 -2.4 -2.6 -2.7 -2.7 -2.7 -2.7 -2.7 -2.7 -2.7 -2.7 -2.7 -0.7 0.6 2 3.3 3.6 3.6 3.6 3.6 5.1 5.5 5.8 6 6.2 22.1 19.1 16.1 13.5 8.7 4.9 4.7 4.7 4.6 4.6 4.8 4.7 4.6 4.5 5.2 6.9 7.6
100.9 101.9 98.6 93.1 85.7 79.5 71.2 64.4 56.4 52.9 50.6 46.9 48.6 52.4 59.3 70.9 66.7 62.3 65.1 63.5 58.3 47.6 27.8 10.4 5.2 5.2 4.4 4.2 4.1 2.9 1 -0.4 -1.2 -2 -2 -1.8 -1.9 -1.9 -1.7 -1.4 -1.5 -1.6 -1.8 -1.9 -2.1 -2.3 -2.4 -2.6 -2.7 -2.7 -2.7 -2.7 -2.7 -2.1 -0.7 0.6 1.8 2.8 3.6 3.6 3.6 3.5 5.2 5.4 6.5 5.8 5.6 18.9 16.6 14.5 12.6 9.9 5.3 4.8 4.8 4.8 4.7 4.6 4.6 4.5 4.8 5.9 6.9 7.2
98.7 98.4 97.6 90.6 83.9 74.6 67.8 60.9 58.8 54.7 50.2 46.5 46 50.5 56.1 64.1 68.3 60.3 58.4 55.4 46.1 36 17.9 7.6 5.3 3.2 4.3 4.3 5.2 2.9 1.2 0.4 -0.6 -1.1 -1.1 -1.1 -1.3 -1.3 -1.1 -0.9 -1 -1.1 -1.3 -1.5 -1.6 -1.8 -1.9 -2.1 -2.2 -2.4 -2.5 -2.7 -2.7 -2.2 -0.8 0.1 1.1 2.2 3.2 3.6 3.6 3.5 5.3 5.9 5.8 6 5.9 9.2 13.4 13.2 13 10.7 5.7 5.1 5 4.8 4.6 4.4 4.6 4.2 5.1 6.1 6.6 6.8
99.3 105.5 103.5 93.1 84.6 76.7 71 65.8 63 58.8 54.1 48.4 43.5 46.1 52.4 60.1 61.7 58 51.2 44.1 36.5 27 11.2 5.1 3.3 4.4 4.4 4.2 3.6 3 2 1.1 0.1 -0.3 -0.3 -0.4 -0.7 -0.8 -0.6 -0.4 -0.5 -0.6 -0.8 -1 -1.1 -1.3 -1.4 -1.6 -1.7 -1.9 -2.2 -2.7 -2.7 -2.7 -1.5 -0.5 0.6 1.7 2.7 3.6 3.6 5.5 10.2 6 6.1 6.1 6 5.5 6.1 7.1 8.3 8.9 6.3 5 4.7 4.5 4.3 4.1 4.4 4.5 5.1 5.8 6.6 6.9
104.1 112.6 111 96.6 88.2 79.6 73 69.2 64.2 59.7 54.6 49.2 42.8 43.4 48.8 53.3 55.7 52.5 46.1 35.4 28.1 17.5 6.5 4.9 4.7 4.3 4.2 4.1 5.5 3.6 2.7 1.7 0.8 0.6 0.5 0.2 -0.1 -0.2 -0.1 0.1 0 -0.2 -0.3 -0.5 -0.6 -0.8 -0.9 -1.1 -1.2 -1.6 -2 -2.4 -2.7 -2.7 -2.7 -1 0 1.1 2.2 3.3 3.6 3.3 12 7.5 6.2 6 5.9 5.7 5.8 5.3 5.4 5.1 4.7 4.1 4.5 4.4 4.3 4.4 4.5 4.7 5 5.7 6.7 6.5
106.6 116 116.4 106.2 90.3 81.1 71.9 69.5 65.5 62 57.3 46 40.1 40.1 38.8 47.7 50.4 45.9 37.7 26.7 18.4 8.9 5.9 5.7 5.2 4.8 4.3 4.1 6.7 3.6 3.3 2.4 1.5 1.4 1.1 0.8 0.5 0.3 0.4 0.6 0.5 0.3 0.2 0 -0.1 -0.3 -0.4 -0.6 -1 -1.4 -1.8 -2.2 -2.7 -2.7 -2.7 -1.6 -0.6 0.5 1.8 3.1 3.6 3.6 7 6 6.1 5.9 5.6 5.7 5.4 5.2 5.3 5.1 4.9 4.1 4.5 4.4 4.3 4.4 5.3 4.5 4.9 5.1 6.7 6.7
108.4 115.6 115.4 106.2 91.8 84.1 73.4 70.2 68.9 64.9 58.8 46.4 45.8 38.7 28.4 46.2 44.7 37 31.3 18.4 8.6 7 5.7 5.9 5.5 5.1 4.7 4.2 5.4 3.6 3.6 3.1 2.4 2 1.7 1.4 1.2 0.9 1 1.1 1 0.8 0.7 0.5 0.4 0.2 -0.1 -0.4 -0.9 -1.2 -1.5 -1.8 -2.7 -2.7 -2.7 -2.7 -0.9 0.4 1.6 3.1 3.6 3.6 9.5 5.7 5.9 5.8 5.4 5.6 5.4 5.1 5.3 5 5 4.3 4.4 4.4 4.2 4.4 4.6 4.7 5.1 5.5 6.6 6.6
105.9 110.9 116.3 108.6 96 88.5 78.9 69.8 69.3 65.9 58.8 43.7 40.5 31.1 22.9 41.1 35.4 30.5 23 7.3 7.9 3.4 5.6 5.7 5.3 4.9 4.5 4.1 3.8 3.6 3.6 3.6 3.1 2.6 2.3 2.1 1.8 1.5 1.5 1.6 1.5 1.3 1.2 1 0.9 0.5 0.1 -0.3 -0.5 -0.8 -1.2 -1.6 -2 -2.7 -2.7 -2.7 -2.7 -0.4 1.1 2.6 3.4 3.6 12.1 7.2 6.3 5.6 5.3 5.5 5.3 5 5.2 5.1 5.1 4.2 5 4.9 4.7 4.6 4.4 4.7 5.1 5.4 6.6 6.6
104.1 104.1 109.3 109.7 98.6 88.9 80.7 72.1 69.5 66.4 54.4 42.8 39.8 29 19.3 29.6 26.9 17.5 10.4 5.8 5.7 5.4 5.8 5.8 5.4 5 4.6 4.2 3.7 3.6 3.6 3.6 3.6 3.2 2.9 2.7 2.4 2.2 2.1 2.1 2 1.8 1.7 1.5 1.1 0.7 0.4 0.1 -0.2 -0.5 -0.8 -1.3 -2.7 -1.2 -2.7 -2.7 -2.7 -1.3 0 0.5 1.4 3.5 11.2 10.1 10.8 5.6 5.6 5.4 5.5 5.4 5.3 4.9 5 3.7 5.2 5 4.8 4.8 4.4 4.6 4.9 5 6.7 6.8
104 98 100.6 102.8 101.7 88.5 79.6 72 67.9 62.6 51.9 45.1 39 26.7 20.9 21.9 16.9 10.2 6.1 7.7 5.2 5.4 5.8 5.9 5.6 5.3 4.7 4.2 5.5 3.7 3.6 3.6 3.6 3.6 3.6 3.3 3 2.8 2.6 2.6 2.5 2.3 2 1.7 1.3 1.1 0.8 0.5 0.2 -0.1 -0.5 -2.1 -1.4 0.1 1.1 -2.7 -2.7 -2.7 -2.2 -2.7 -0.5 2.4 15.3 11.3 12 5.9 5.6 5.3 4.6 5.8 5.5 5.2 4.8 5.7 5.3 5 4.9 5 4.9 4.8 5 5.5 6.9 6.8
104.7 97.8 95 95.1 97.9 95.6 86.1 76.5 68.9 57.1 48.2 42.6 35.4 29.1 22.7 15.8 8.7 5.6 8.1 5.8 3.6 5.7 6.1 6.5 6 5.4 4.8 5.9 4.5 3.5 3.6 3.6 3.6 3.6 3.6 3.6 3.6 3.4 3.2 3.1 3 2.6 2.3 2 1.7 1.4 1.1 0.9 0.7 0.3 -1.5 -1.5 -0.1 1.4 2.8 -2.7 -2.7 -2.7 -2.7 -2.7 -2.7 -2.7 17.3 11.7 10.3 5.7 5.5 5.2 3.8 5.5 5.7 5.4 2.9 5.5 5.6 5.5 4.7 5.8 5.1 5 5.2 5.3 5.9 6.1
106.8 99.5 93.1 89.3 89.3 93.5 85.7 77.6 70.7 61.3 52.6 43.3 35.2 26.7 19 15.7 8.7 5.5 6.1 5.6 4.9 5.5 5.9 6.3 6.7 5.7 4.8 4.5 5.4 4.7 3.6 3.6 3.6 3.6 3.6 3.6 3.6 3.6 4.8 3.6 3.2 3 2.7 2.4 2.1 1.8 1.6 1.4 1 -0.9 -1.7 -0.3 1.2 2.7 3.6 3.6 -2.7 -2.7 -2.7 -2.7 -2.7 -2.7 16.4 8.7 7.6 5.5 -2.7 -2.7 5.7 5.6 5.3 5.1 5 4.9 6.1 5.6 5 5.4 4.5 5.2 5.2 5.2 6 6.4
110.7 103.4 97.4 89.2 87.4 90.3 91.3 80.4 71.6 64.3 56.4 48.5 37.6 26.4 18.3 16.4 9.8 9 4.7 4.2 4.8 5.5 5.7 6.1 6.5 5.6 4.9 5.4 5.5 4.9 4.4 3.6 3.6 3.6 3.6 3.6 3.6 4.6 9 7.3 3.6 3.3 3 2.8 2.5 2.2 2 1.8 -0.3 -1.9 -0.4 1 3.6 3.6 3.6 3.6 3.6 -2.7 -2.7 -2.7 -2.7 -2.7 -2.7 6.5 5.9 -2.7 -2.7 7.1 5.8 6.4 6.7 5.8 7.3 10.7 9.6 6.9 5.3 5.5 5.8 5.5 5.5 5.5 6.2 6.8
124.2 106.7 99.4 92.1 87.9 87 92.7 82.7 74.7 67.3 59.4 51.4 38.5 28.2 15.2 8.5 8 6.5 5.2 4.4 4.7 5.1 5.6 5.9 6.1 5.8 5.3 6.5 5.8 4.8 4.5 4.5 3.6 3.6 3.6 3.6 4.3 7.7 10.1 8.8 5.9 -2.7 3.4 3.1 2.9 2.7 2.5 0.4 -2 -0.6 2.1 3.6 3.6 3.6 3.6 3.6 3.6 3.6 0.9 -2.7 -2.7 -2.7 -2.7 -2.7 4 -2.7 4.5 6.1 5.8 5.9 6.6 5.5 5.7 10.8 11.6 9 5.5 5.6 5.8 5.2 5.3 5.3 5.9 5.8
