data/330000-620000.asc
ncols 200
nrows 200
xllcorner 330000
yllcorner 620000
cellsize 50
[rows 35 to 69 of 200, columns 0 to 77 of 200]
408.5 396.5 384.7 378.8 374.6 368.8 376.4 380 376.1 368.5 354.1 343.6 337.8 335 333.5 334.5 342.4 355.1 367.4 381.5 396.8 415.1 425.4 431.8 433.2 434 435.9 435.7 430.2 423.6 419.6 420.2 421.4 420.8 420 420.7 424.2 429.3 435.6 442.9 449.6 454.4 460 466.3 471 473.1 472 465.5 457.8 449.1 437.3 427.4 415.6 403.2 388.8 375 362.8 351.3 338.3 323.3 309.6 302.8 296.1 291.5 287.7 282 278.9 276.4 275.7 278.8 286.6 292.5 297.7 303.5 310.6 317.1 322.3 327.5
408.1 394.5 381.9 373.5 369.3 359.7 364.6 365.8 362.4 354.4 343.9 336.4 333.3 332 332.1 339.1 355.1 372.3 387.6 402.9 420.7 433.7 440.8 441.7 444.4 446.4 444.6 438.9 433 428 422.6 422.3 421 418.6 417 416.1 417.6 420.6 426 432 438.4 445.5 450.6 457.4 463.5 467.3 465.5 459.4 451.5 443.5 432.9 422.8 413.1 402.3 388.4 375.8 363.1 351 339.8 325.1 314.7 306.8 300.2 295.1 289.6 287.3 283.5 277.4 272.4 273.1 272.1 273.7 277.6 284.5 291 299.5 309.8 317.1
406.5 393.1 380.9 370.3 362.4 360 357.4 353.8 349.7 343.8 337 332.1 330.8 330.2 333.3 349.7 370.2 390.8 409.9 424.2 438 447.8 453.4 454.2 456.6 454.7 450.1 443.8 439.4 433.6 426.7 422.2 419.8 417.5 415.1 412.7 413.1 414.4 416.1 423.2 428.5 434.9 442 448.5 455.2 459.1 458.9 456.3 450.5 440.6 432.9 427.6 414.4 402.1 388.5 375 361.1 348.5 334.2 321.7 313.8 308.9 303.8 297.1 293.2 289.6 285.3 279.9 277.3 274.1 270.8 268.4 268.9 273.1 273.7 276.5 289.1 301.7
404.4 392.3 381.2 371.6 361.4 355.1 348.4 344.9 341.2 338 333.4 329.7 328.8 331.2 341.1 363.5 385.6 408.6 426.4 439.6 451.9 459.7 464.5 465.9 467.5 463 457.1 452.6 444.8 438.4 431.3 424.5 421.4 418 414.8 411.3 408.7 409 409.3 411.5 417.4 423.3 429.3 436.6 444.2 449.2 451.2 450.6 446.4 441.9 435.6 425 412.8 399.5 387.6 372.8 361.1 344.9 332.8 323.3 315.4 310.7 306.4 301.5 297.3 291.7 285.9 283.8 281.9 280 279.3 275.4 267.9 265 264.6 262.5 265.1 280.4
399.5 390.7 382.7 371.6 361.9 351.2 344.5 338.5 338 334.4 331.5 329 331 335.1 353.4 377.1 399.9 420.3 437.4 452.1 463.4 470.8 473.6 476.9 475.7 473.3 469.4 461.6 451.4 445.9 439.6 429 425.5 421.4 416.6 412.3 407.9 404.5 403.5 404.1 405.6 410.6 417.8 426.1 433.9 441 445.1 446.3 443.4 437.4 430.2 421.8 409.9 399 388.1 377.2 364.1 349.9 335.8 326.2 322.5 320.5 318.7 314.7 310.7 305.4 297.9 292.1 288.5 285.2 283.8 280.1 275.7 270.5 264.8 260.9 259.6 261.7
398.6 388.9 380.2 369.2 356.8 344.8 341.1 338.8 332.8 331 328.6 327.9 333.1 344.8 365.4 388.4 408.9 428.6 446.7 461.4 472.8 478.7 482.1 485 486.2 485.2 481.1 471.1 460 458.4 447.9 436.3 432.7 428.4 422.4 414.4 407.8 403.7 399.9 399.3 398.9 400.2 405.6 413.7 422.4 432.2 440 441.6 441.5 441.9 434.7 425.8 415.9 405.2 394.3 381.8 368.1 353.2 341.8 335 335.7 335.3 333.5 329.7 325 317.8 310.8 303.1 297.6 292 288.4 283.4 279.5 274.2 270.7 266.6 258.4 257.6
395.2 386.1 374.7 363.2 349.6 339 337.1 335 330.8 328.3 326.5 330 341.3 358.2 375.3 396.7 415.9 436.2 454.3 468.1 477.8 483.4 487.6 492.5 495.5 497.2 492.2 482.3 477.4 463.1 452.5 442.4 440 435.9 429.9 421.3 412 404.3 400.2 396.8 395.5 394.8 394.4 399.6 411.6 423.6 433.6 441.8 445.9 443.7 437.3 428.5 419.2 410.2 400.3 389.5 378.7 367.7 359.1 355.5 353.4 350.4 346.7 344.7 338 329.5 320.3 311.2 303.1 297.4 292.7 287.9 283.1 277.6 273.2 267.5 261.1 255.6
393.3 381.6 368.8 355.2 342.4 335.4 333.6 331.7 327.3 325.9 326.8 337.3 354.6 372.4 386 405.5 422.8 441.6 457.7 470.9 480.8 487.2 494.1 499.8 504.3 508.3 503.3 496.2 483.3 474.3 463.8 447.7 448.4 442.3 436.3 428.9 417.3 408.9 400.4 396.7 394 391.1 390.6 390.9 399.4 413.4 429.6 441 445.7 443.2 438.7 432.4 424.4 418 412 402.2 391.7 380.9 373.6 370.2 368 364.7 359.3 356.1 347.6 338.5 328 314.1 306.5 301.7 294.6 290.8 284.4 280.1 276 272.2 267 262.6
387.6 376 361.3 349.4 336.8 331.6 329 326.2 323.7 322.9 332.6 349.7 367.5 383.8 397.8 414.3 429.5 446.3 460.8 474.3 485 492.3 500.3 507.4 513.5 517.6 514.6 506.6 494 481.3 469.5 452.7 453 448.7 442.3 430.6 420.8 411.9 404.6 396.3 391 388.2 387.2 388.7 392.2 407 423.7 437.2 445.4 448.2 445.5 438.4 431.7 424.5 418.6 411.7 403 393.1 387.1 383.5 380.9 376 371.2 363.1 351.9 340.4 326.5 317.8 311.3 306.7 304.8 301.5 295.4 287.3 279.6 275.7 271.7 267.2
379.7 367.2 355.2 343.4 333.5 328.6 325 321.5 320.2 326.2 343.6 363.7 379.9 394.9 409.6 423.9 437.8 452.2 464.9 478 489 497.4 505.8 513.2 520.7 524.8 520.6 515.9 508.3 491.3 474.9 459.1 452.1 447.4 439 429 420.4 414.6 406.9 399.4 390.5 382.7 383.1 385.2 388.4 401.8 419.5 434.4 444.7 449.4 448.1 444.3 439.2 432.4 427.7 422.3 414.8 405.6 399.9 395.9 390.9 385.8 380.2 369.2 357 344.6 334.2 325.4 323.7 322.4 319 311.3 304.6 296.3 286.1 279.1 274.8 269.9
368 357.7 345.4 337.2 331.2 326.1 321.9 319 318.9 335.3 355.4 374.5 390.1 405.8 418.8 430.3 444.3 457.8 470.1 482.3 492.8 501.5 510.6 519.8 529.3 530.8 528 524.3 515.1 499.2 481.3 470.6 451.4 442.4 434.8 427.6 419.9 412.7 405.3 398.3 389.7 379 378.9 380.6 383.9 399.1 416.9 432 445.4 451.5 452.3 449.8 445.1 441.2 437 429.4 422.8 415.1 410.9 404.9 398.2 393.8 384.8 373.7 362.9 355.5 348.9 347.1 343.8 339.1 331.6 322.1 313.7 304.3 294.7 284.5 278.1 272.6
355.7 344.5 340.1 335.2 329.2 324.4 319.3 317.6 319.7 341.4 362.9 383.2 399.8 415.6 425.8 437.1 449.7 462.9 473.9 485.3 495.2 503.7 515.9 526.4 534.6 537.1 534.4 526.1 516 498.8 486.7 469.7 450.9 440 433.4 424.9 416.5 408.3 402.7 395.1 384.7 374.1 374.4 375.4 380 397.9 414.8 431.2 443.4 451.9 455.1 454.3 450.3 446.3 440.9 434.9 429.4 424.1 418.2 412.3 407.6 401.3 391.8 383.6 377.4 371.3 367.1 363.3 358.1 350.9 339.5 329.5 319.2 310.2 299.9 289.8 280 271.7
344.5 340.6 336.5 332.3 327.9 323.1 319.5 317.6 322.5 346.1 368.6 388.2 405.6 419.6 430 442.3 453.9 464.8 475 487 495.9 507.5 520.2 530.1 537.5 541.2 537.3 526.8 517 500.8 484 462 449.1 437 428.1 420.7 413.2 403.1 395.7 388.1 376.2 367.1 369.7 370.7 378.6 397.9 415.5 431.5 442.5 451.4 455.2 453.8 451.9 448.6 444.4 438.7 434.7 429.7 425.4 420.7 417.7 412.4 404.7 395.5 388.7 383.3 376.5 367.8 359.5 351.4 342.2 333.4 323.5 312.5 301.5 290.4 280.2 271.1
338.9 333.4 331.1 327.6 324 321.1 317.8 316.4 322.4 346.6 371.8 388.4 407.2 420.2 433 444.1 454.4 463.8 475.9 486.8 496.5 510.8 525.7 538 542 539.4 534.3 525.6 511.3 493.8 474.1 461.8 449.4 433.3 423.1 413.6 404.3 393.2 384 376.9 367.5 362.3 363.2 366.3 379.5 397.6 415.3 430.4 441.6 448.5 451.4 450.8 449.5 446.5 443.9 440.8 435.9 432.1 430.3 430 427.4 421.1 413.3 404.5 399.9 393 383.1 373.8 364.9 355.1 344.5 333.9 321.8 311.2 299.7 288.4 279.3 270.4
341.7 341.2 338 334.3 328.7 322.3 317.8 315.8 321.7 346.3 369 386.5 406.1 418.8 431.6 444 452.4 463.6 477 486.4 501.6 514.9 528.1 535.4 537.8 537 531.9 523 505.7 484.7 476.6 466.9 447.7 428.7 414 402.1 391.3 380.4 370.2 364.8 359.3 352.7 357.7 361.6 379.1 397.6 414.3 429.7 440.4 444.5 446.1 445.4 441.9 440.5 439.9 438.4 434.7 434.4 435.2 437 435.6 429.1 420.7 413.4 404.9 395 385.3 376.2 367.9 357.2 345.8 334.2 321.3 309.3 296.2 284.5 276.6 269.3
348.4 345 340.9 337 332.6 325.2 318.4 314.9 318.4 340.1 362.6 383 400.5 412.5 424.5 438 448.1 463.2 474.9 486.4 499.3 509.1 518.8 528.7 532 532.1 528 515 502.3 488.9 478.8 462.6 441.6 423.9 409.6 395.1 382.6 375.1 368.5 359.9 353.6 348.8 353.2 358.4 375 395 412.6 428.3 437.7 440 438.9 436.1 431.9 431.7 431.3 432.2 432 433.9 437.6 440.6 440.3 435.7 430.1 420.4 411.2 404.3 392.3 378.8 367.4 357.8 346.4 333.6 319.7 304.1 293.1 283.7 275.4 268.9
353 349 345.1 341.1 335.2 329.6 318.4 314.1 312.7 327.9 353 376.9 391.5 404.4 415.5 427.9 440.2 455.7 467.3 478.9 490.2 500.3 508.7 518.5 524.2 523.7 521.7 513.8 504.2 493.3 478.9 459.6 439.7 421.9 405.4 392 383.2 375.3 370 361.9 354.4 345 348.1 353 371.9 392.1 409.6 424.8 433.8 433.5 432.1 425.4 419.1 419.6 418 421.7 426 430.7 437.7 441.5 443.1 440.4 436.1 431.2 420.4 405.4 390.1 377.3 364.7 352.5 340.2 326.9 312.9 298.5 290.4 283.3 275.3 267.8
364.5 358.5 354.3 351.5 345 334.4 321.7 314.2 311.5 316.8 339.7 362.9 379.2 390.8 400 414.2 428.4 443.4 455.5 465.4 474.8 485.7 497.4 510.6 518.6 518.6 516.7 512.1 508.1 497.4 479.1 459.5 440.1 421.5 409.5 403.7 396.2 389.5 378.5 361.7 352.6 347.1 338.1 345.3 366 388 403.9 419 426.7 428.8 425.4 416.3 407.5 400.7 400.5 404.8 412.9 422.5 434.7 442 445.9 444.8 441.9 431.5 419.2 406.5 392.8 378.5 364.5 350.5 336.2 322.4 309.9 300.3 291.5 282.7 275.7 268.7
382.4 376.6 372 368.4 358.1 342.7 329.2 317.3 311.3 310.4 321.8 343.2 361.1 373.4 385.1 399 413.7 426.7 437.7 446.6 457.1 467.6 480.5 496 509.4 514.6 517.6 515.1 509.2 499.4 484.8 465.8 448.6 435.1 427.9 421.8 412.9 402.4 385.4 363.2 350.1 345 340.9 337.2 357.7 378.1 395.8 410.5 419.5 419.9 414.6 403.4 392.7 385 382.5 385.7 398.8 414.1 428 439.5 446.3 448.8 442.4 429.9 417.3 405.7 392.8 380.1 366.6 351.8 338.5 325.2 311.4 302.9 293.7 284.6 277.2 270.9
397.8 396.3 393.1 384 369.8 350.9 336.4 324.1 315.5 309 312.4 325 341.8 356.4 369.7 381.7 395.2 407.8 419.2 428.9 437.8 446 460.4 479.2 501.7 513.3 519.1 515.7 509.6 502 490.7 477 465.1 455.9 447.9 438.4 424.7 409 388.1 364.8 347.7 342.5 338 331.4 346 367.7 388.2 403.1 407.1 406.7 401.2 392.8 381.8 371.5 368 369.2 385.4 404.4 421.5 433.5 447.2 450.4 441.7 430.6 418.8 406.1 392 379.6 365.8 351.6 337.8 324.4 314 304.7 296.1 288.2 280.9 277.6
408.1 408.6 404.6 394.6 380.2 360.5 342.1 330.1 321.5 313.7 307.1 311 321.5 336.3 352 362.7 377.2 391 402.1 408.8 413.4 422.4 441.5 471 497.7 513.7 520 516.9 510.9 505.5 499.3 488 480 471.2 460.9 446.3 429.1 409.8 389.2 365.4 345.9 339.4 334.4 329.5 336.9 359.8 378.1 388.3 390.9 390 388.1 382.7 372.3 363 359.5 361.4 376 394.4 413.2 430 447.1 447.8 440 428.9 416.8 405 392.5 380.9 365.8 351.6 339.3 328 319.2 310.8 302.2 296.9 296.3 295.7
416 417.1 413.6 405.2 389.1 369.4 347.9 333.3 325.7 319 308.9 306.4 310.4 320.3 334.7 345.7 357.7 370.9 379.9 385.1 395.3 418.8 444.7 472 497.7 515.1 521.7 519.6 514.9 509 504.6 497.6 490.9 482.1 471.7 452.5 430.3 409.3 388.1 366.2 346 335.8 329.4 325 330.8 346.3 364.4 375.8 382.7 382.9 380.7 374.1 362.3 353.2 351 354.8 366.1 384.5 406.4 427.1 442.2 445.4 437.5 425.3 414.3 401.9 390.7 378 363.1 351.8 342.1 333.5 325.6 320.1 315.8 313.4 311.5 315.1
419.8 420.5 416.1 406.6 392.2 375.4 353.6 335.5 327.5 321.7 314.3 305 306.6 315.4 322.8 335.6 344 353 364.4 381.4 402.9 428.4 453.6 478.2 501 517.4 522.5 523 519.7 513.6 508.1 502.2 496.1 487.8 474.7 455 431.3 409.3 386.6 364.9 346.3 333.6 326 321 325.1 333.2 351.8 370.3 375.3 375.9 372.3 365 352.8 344.7 343.7 347.6 355.8 374.6 399.3 418.6 432.2 429.3 419.9 410.1 402.7 391.6 378.7 369.5 362.5 355.2 348.2 340.5 334.6 328.3 324.5 323 327.5 329.2
417.8 418.7 414.2 405.4 394.2 379.9 359.6 339.3 329.4 323.1 316.1 307.9 303 309.1 323 342.3 357.6 370.9 383.5 401.6 422.6 444.8 466.9 487.7 505.3 517.9 523.6 526.4 523.3 518.2 511.7 504.6 498 489.9 478.6 457.8 436.1 412.8 388.1 364.9 348.6 333.5 324.7 315.1 318.8 323.2 339.7 355.8 367.5 367.5 364.1 357.2 345 336.7 337.6 339.2 345.8 366.4 389.3 407.3 414.5 411.2 406.3 398.8 392.4 383.5 379 372 363.9 355.4 347.5 341.7 336.3 332.6 330.2 333.7 338.1 334.7
408.5 412 410 405.2 393.1 380.1 364 347.7 332 323.9 318.3 311.2 300.9 302 317.6 340.8 361.7 378.9 394.8 416.7 432.9 451.2 472.8 490.4 506.9 519.7 525.2 527 523.5 518 513.3 508.7 500.3 489.7 477.3 459.8 438.9 416.3 390.4 365.9 351.7 336.2 325.4 315.5 310.9 313.7 328.2 346.2 356.9 358.4 356.5 349.4 339 330.3 331.8 330.7 339.6 357.4 377.7 392.8 393.4 393.2 392.9 391.7 387.5 380.2 376.5 370.9 365.9 356.5 347.6 342.2 336.9 332.6 329.9 331.2 335.1 329.1
399 399.9 403 401.4 393.8 384.1 367.4 352.7 337.6 326.8 320.5 312.7 303.7 300 304.9 326.8 354.3 376 394.8 413.9 434.8 455.7 476.2 492.4 509 519.6 523.3 521.3 520.8 518.1 513.8 507.9 501.4 489 477.4 464.7 444.8 421.8 394.5 369.6 350.4 336.4 326.1 316.1 311.1 307.1 313.7 333.4 344.7 347.1 345 339.4 330.3 323.7 323.2 324.6 332.6 349.3 363.9 372.8 376.9 376.7 378.7 381.4 382.5 381.6 371.9 364.5 355.8 349.3 342.9 337.8 332.5 328.3 323.3 321.5 322 324.7
391.6 387.8 387.5 391.8 390.2 381.6 369.4 357.8 346.8 332.7 322.6 315.1 308.3 302.7 298 311.4 337.7 362.5 386.5 406 430.4 454.9 473.9 491 503.7 512.6 516.7 519.2 518.8 516.8 512.3 505.8 497.8 488.3 480.3 463.1 448 426.2 400.4 374.4 352.5 339.1 325.3 313.1 308.6 302.6 306.6 317.2 325.6 328.4 325.6 323.5 317.3 316.1 318.5 318.3 325 338.9 349.4 358.4 362.6 363.2 359.1 363.6 363.2 363.3 361.6 358 354.4 351.3 346.1 337.7 328.5 322.5 318 313.4 311.5 315.7
393 385.3 378.8 377.1 380.8 378.7 371 362.5 354 340.7 327.8 319.7 312.4 307.7 301.7 297.3 320.3 347.8 373.1 395 422.2 447.3 465.7 484.4 499 506.2 512.8 516.8 516.3 512.9 506.6 501.7 496.2 487.2 476 465.6 446.6 427.3 407.3 383.3 359.6 341.1 327.4 316.7 308.9 302.9 300 300.7 306.5 308.7 307.7 306.7 306.2 309.1 310.6 311.6 313.9 325.7 333.6 338.4 342 340.2 340.5 347.1 354.4 358 361.2 364.5 366.1 363.4 354.3 342.1 328.3 318.1 312.6 307.9 303.6 301.4
399.3 388.5 377.6 370.9 368.1 370.5 368.3 364.1 359.1 347.6 334.1 324 315.3 310 305.2 294.5 306.1 334.1 361 383.6 411.8 436.6 455.7 475.2 491.6 503.4 509.2 509.8 507.9 505.2 502.3 498.3 493.5 484.1 469.6 460.2 445 428.7 413.6 393.6 370.5 349.8 333.2 321.6 310.9 303.8 297.1 295.2 293 294.2 295.4 296 299.2 303.4 304.2 303.2 303.2 309.3 316.2 319.9 322.2 324.1 327.4 335 343.1 350.8 363.3 374.4 376.1 372.2 361.2 346.9 330.5 315.4 308.4 302.5 297.3 291.4
404.1 393.6 379.7 369.9 364.5 359.6 360.4 360 357.3 351.1 342.8 329.4 318.6 312.5 305.9 291.7 299.2 320.4 347.4 373.4 403.3 427.2 449.8 467.4 485.3 496.7 501.1 500.5 500.4 500 497 492.3 485 475 467.1 461.3 447.5 438.7 422 400.7 377 356.2 338.3 323.7 314.6 304.1 295.2 293.2 291.4 290.4 289.4 291 293.3 297 299.1 297.9 297.8 298.2 301.9 305.4 308.1 315.4 319.6 324.5 335 348.7 367.9 377.8 377.4 373.7 365.5 350.4 333.3 317.8 308 299.3 293.1 287.1
409.2 397.2 385.3 371.3 363.5 359 353 349.7 349.4 348 343.8 336.2 323.6 316.6 308.3 295.2 294.2 311.2 338.5 365.6 393.7 418.6 440.4 461.3 479.3 488.2 492.5 493.3 494.4 490.7 489.4 482.8 475.6 469.2 460.5 460 452.4 437.5 423 404.4 384.1 364.1 344.5 327.4 316.5 304.9 295.1 292.7 290.7 288.1 287 287 288.6 291.2 292.5 293.4 293 292 293.5 297.5 301.6 306.7 314.1 323.3 340.9 357 374.1 374.5 377.3 370.5 363.5 350.1 333.6 323 309 299.6 292.4 284.7
413.3 400.8 389.7 378.1 366.7 357.7 352.9 348.2 341.1 337 340.3 336.1 326.8 316.5 310 300.7 289.2 304.6 331 358.6 386.6 411 436.2 456.7 472.4 479.8 483.8 481.8 482.1 481.9 476.4 471.2 465.6 462.3 456.7 456.3 447.7 438.8 426 410 391.2 372.6 354 336.6 320.7 309.9 299.7 293.1 289.2 287.6 285.8 284.9 284.6 286.4 286.9 288.4 289.2 288.7 290.6 294 298.1 303.1 313.7 330.6 344.6 358.6 370.1 370.7 366.9 363.3 356.5 348.9 339.5 330 318.9 305.2 294.6 286.2
413.8 403.6 393.2 385.3 377 361.6 351.4 345.2 342 337.4 330.6 333.4 327 315.2 310.5 302.8 287 298.4 323.4 351.6 380.3 406.1 431.7 449.9 463.7 470.7 472.3 474.6 473.4 464.2 459.2 459.5 458.4 453.9 447.5 449.7 447.8 439.6 426.8 413.6 397.6 381 362.3 346.5 332.2 320.7 310.3 301 291.7 286.8 285.1 283.8 282.9 283.1 284 284.5 284.9 286.5 288.3 289.2 292.1 301.6 318.1 335.8 347.5 357 356 353.1 352 352.2 348 341.8 332.3 330.5 319.6 309.1 297.8 284.4
413.8 404.6 395.8 392.1 381.2 368 353.3 341.1 336.5 334.1 327.8 327.6 323.2 312.5 308.3 302.1 292.4 291.8 318.2 346.3 374 401.4 424.4 440.8 453.6 458.9 462 460.9 452.7 450.6 449 450.6 448.3 440.2 436.5 441.8 443.2 434.8 426.6 414.9 399.3 382.7 369.9 355.9 342 329.5 318.1 307 297.7 290.5 286.4 283.7 282.1 281.3 281.1 281.2 285 288.4 289 286.8 290.3 307.8 325.6 338.8 345.4 346.2 342.4 341.6 345.1 340.7 334.1 328.9 320.3 323.6 317.6 309.6 294.2 292.4
411.9 402.3 397.5 392.7 382.3 369.5 356.6 341.8 330.8 329.4 325.7 316.7 319.6 310.6 305.2 301 295.6 285.8 311.9 340.6 367 392.6 415 434.1 443.1 446.7 448.5 442.9 441.8 438.7 437.2 437.9 433.4 427.1 421.3 431.1 434.3 431.1 420.3 408.5 395.5 385.8 375.2 362.5 349.7 336.8 323.6 312.6 305.5 297.1 290.5 287.2 284.1 281.3 279.1 279 283.5 287 287.3 284.3 293.2 310.5 322.6 334.5 336.1 335.5 334.6 334.9 332.9 327.6 323.5 316.1 309.8 313.7 311.1 307.3 303.3 296
