data/330000-830000.asc
ncols 200
nrows 200
xllcorner 330000
yllcorner 830000
cellsize 50
[rows 105 to 139 of 200, columns 78 to 155 of 200]
322.4 320.6 319.6 319.4 319 320 323.3 327.1 331.5 331.9 330.6 327.6 325.3 319.9 315.7 313.8 311.6 308.5 304.6 302.1 307.2 318.3 327.9 338.1 347.9 354.8 362.2 368.4 378.9 393.4 401.6 411.1 423 433.3 441.9 449.2 453.2 453.6 451.3 449.4 446.5 441.6 437.8 434.8 431.7 428.7 427.5 428.1 429.3 429.3 429.4 429.5 432.6 433.5 434.4 436.7 438.7 440.1 441.1 442.2 443 444.8 445.8 444.7 443.3 440.6 437.8 434.8 433.6 432.9 431.6 432 432.9 433.3 433.6 434.2 434.4 433.9
327.9 326.7 326.2 325.5 325.5 325.5 327.2 330.2 333.8 336.2 334.6 332.1 329.2 327.1 326 322.6 319.3 316.5 312.6 305 307.3 317.1 327.9 339.5 348 355.6 363.4 374.9 388.9 400.3 409.3 418.1 430.5 440.5 448.4 454.7 454.3 450.4 448.1 444.6 439.9 435.3 432.8 431.3 426.6 422.9 422.8 424.3 425.5 426.5 428.3 429.7 433 435.4 437.1 439.8 442.1 443.7 444.8 445.3 447.8 449.9 450.6 449.2 447.2 445.1 442.6 439.6 437.3 435.7 433.4 434.3 434.7 435 435.3 435 433.9 433.4
333.7 332.9 332.4 331.4 331.4 331 330.3 333 336.5 339.1 339.3 337 334.6 333.7 332.3 330.6 327.5 322.6 316 309 308.7 316.9 327.2 339.3 347.6 356 366.4 380.8 394.3 405.6 415.8 424.9 434.8 445.1 452.2 454 450.2 446.3 442.1 436.3 431.3 428.9 428.3 425.8 420.6 417.2 417.9 419.5 422.1 424.8 428.5 431 433.5 437.4 440.1 442.8 445.2 446.9 447.9 449.7 452.6 454.9 454.6 453.1 451 448.7 445.9 443.1 439.9 437 437.1 437 436.6 436.6 436.7 435.2 433.7 432.7
340.3 338.6 338 337.4 336.5 336.6 336.5 336.2 339.3 342.2 343.4 342 340 340.1 340.3 338.9 337.1 331.3 323.1 314.2 309.8 317.6 325.8 338.5 347.2 355.4 369.6 384 398.3 411 421 430 439.4 445.4 448.1 447.4 443.2 439.3 432.1 425.7 422.7 422.7 421.7 417.6 413.2 410.7 412 415.6 420.5 423.7 428.1 432.4 435.3 438.4 442.9 445.7 448.7 451.6 454.6 456.5 458.5 459.2 458.9 457.7 455.2 451.6 448.4 445.1 441.6 441.9 440.6 440.5 439.8 439.9 436.6 434.9 433.8 432.4
345.3 345.1 345.2 344.3 344.1 343.2 342.4 341.3 344 347.5 347.9 346.9 346.9 348.3 349.5 348.2 345.3 340.7 331.2 319.2 313.9 317.4 327.2 338.2 347.8 357.5 371.9 386.3 401.1 413.5 425.3 434.5 442.5 444.7 445.1 439.3 434.4 426.1 418.9 415.9 414.1 414.4 412.2 408 405.5 404.3 407.9 413.5 418.9 423.5 428.7 434 437.4 440.6 445.5 448.8 454.1 458 460.4 462.5 463.5 464.2 463.8 463.2 459.9 456.7 453.8 452 449.4 445.2 447.3 445.7 443.7 442.6 439.3 435.1 432.9 431.9
351.9 352 352.7 353 352.7 350.9 347.5 349.3 352 354.1 354.7 354.2 356.3 359.6 361.6 359.3 353.1 347.5 338.9 329.7 318.2 322.3 327.7 339 349.4 359.4 373.5 386.9 400.3 414.4 427.5 437.5 441.6 437.7 433.5 427.9 421.5 412.5 410.3 407.1 404.5 401.9 401.6 401 399.3 399.2 405.7 412.5 418.1 424 430.5 436.2 439.7 442.5 450.3 456.4 462 465.4 466.6 468.3 469.2 469.8 470 468.7 466.1 460.8 459.3 458.8 457.5 457.6 456.4 454.7 448.2 446.1 441.9 437.8 433.6 430.9
361 361 361.5 362.4 360.3 357.6 355.5 357.1 361.2 363.1 363.9 364.4 368.6 371.4 371.8 367.3 360.8 352.9 343 332.8 321.2 331.2 332.3 339 350.3 360.2 373.8 387.1 400.5 416.4 431.8 439.1 437.6 431.9 426.2 416.8 410.7 405.9 402.1 399.2 397.6 396.6 396.4 395.9 393.8 396.6 403.3 410.3 418.1 424.5 431.3 437.5 441.8 450.2 459.7 464.7 469.5 471.5 472.2 473.8 474.7 475.4 475.6 474.3 471.3 467 465 463.7 463.7 463.7 461.1 458.3 451.5 448.9 444.1 439.4 434.4 430.6
374.4 373.8 372.6 371.5 368.2 366.3 365.5 367.6 370.4 372.3 373.4 373.4 377.2 378.5 376.8 370.9 364.2 356.2 346.2 336.5 323.4 335.8 337.6 337.5 349.8 360.9 371.7 383.8 398.3 418.4 435.8 433 430.2 425.4 416.9 409.2 404 400.2 395 392 390.8 391 390 389.7 387.8 393.9 401.8 409.4 417.7 425.7 432 438.8 446.6 459 466.4 471.8 475.6 476.6 478.3 478.9 479.9 480.7 480.2 478.9 476.6 473 470.6 467.8 468.3 466.2 461.6 457.2 455.8 450.6 445.1 439.7 434.9 431.4
387.5 385.3 381.7 379.6 379.3 377.1 376.6 378.4 380.7 382.1 382 382.1 382.9 381.9 377.9 371.7 365.3 358.2 348.2 338.9 328.2 338.3 341.3 341.8 347.2 359.1 367.2 376.9 392.7 415.6 428.4 427.6 423.1 418.1 407.8 403.3 400.2 396.7 390.9 385.5 383.6 384.4 383.8 382.5 386.4 392.3 401 409.7 417.8 425 433.9 441.6 453.9 467.8 475 478.8 480.8 482.4 483.2 483.8 484.2 484.9 484.4 483.5 481.2 479 475.2 471.6 469.6 462.8 463.4 460.7 456.4 451.1 445.7 440.4 435.3 431.1
399.5 395.2 392.1 390.9 392.5 389.7 387.9 389 391.5 390.1 389.2 387.5 386.1 383.5 378.9 372.6 365.2 357.9 348.7 341.8 335.1 339.6 342.4 345.4 348.1 353.2 358.1 365.9 375 390.6 404.6 412.4 415 408.2 402.2 399.8 397.7 394 385.5 380.3 378.5 378.2 376.9 377.3 384.7 391.9 401.1 409.8 417.3 426 435.7 447.2 462.5 476.7 482.6 485.5 486.6 487 488.2 488 487.8 487.9 487.6 486.1 484.7 483.2 478.2 475.1 471.2 467.5 464 459.6 455.3 450.4 445.6 440.3 435.3 431.5
408.1 405.5 403.2 403.2 403.1 401.1 399.5 399.8 399.7 397.8 393.7 390.8 386.4 383.2 378.1 372.4 365 356.2 349.8 343.4 336.6 339.5 345.7 347.3 351 362.2 369 366.9 364.3 364 383.7 395.8 401.8 396.5 396.1 394.8 393.2 387.7 382.7 375.3 372.9 371.3 372.7 377.2 383.4 391.7 400.5 408.7 416.3 425.6 438.5 454.8 470.8 483 488.1 491 491.3 490.6 490.7 490.8 490.1 488.8 488.4 488.1 487 484.2 480.6 477.9 472.2 466.6 462.7 458.5 453.8 449.1 444.5 440 435.4 431.5
421.1 419.3 419.4 418.5 416 413.7 410.3 408.3 405 403 399.5 392.9 386.9 382.4 377.4 370.1 363 356.8 350.3 343.7 339.7 344.2 350.2 356.9 363.8 372.1 379.9 385.1 387 381.7 367.8 380.2 386.2 388.5 390.5 389.9 387.4 383.2 378.5 371.9 368.1 366.4 370.3 374.9 382.1 390.6 398.4 406.3 415.9 424.1 442.6 461.4 475 485.4 491.6 493.8 494.5 493.7 493.2 492.2 490.5 488.7 488.1 487.6 486.5 485 482.1 477.9 471.4 464.4 460.2 455.7 451.1 446.9 442.8 438.5 434.3 430.6
429.1 431 431.9 431.5 429.3 425.9 420.9 417.6 414.4 410.1 403.5 396.1 387.6 382.3 377.4 370.9 363.9 358.1 351.1 341.4 345.1 349.7 356 363.1 371.5 378.4 385.2 392.7 398.1 404.9 379.6 366.6 374.6 380.3 386 384.2 381.2 378.3 374.5 369.1 363 364.1 368.1 372.8 379.7 388.3 394.6 404.2 414.2 424.3 442.2 466.2 478 489.1 493.8 496.6 497.9 495.7 493.9 491.5 488.5 487.1 486.7 486.5 484.6 483.2 480.3 475.5 469.6 460.6 456.4 452.4 448.6 444.3 440.2 436.4 432.5 429.5
435.2 439 441.7 443 442.1 439.4 434.5 429.4 425.2 420.5 412.5 400.7 388.3 382.4 377.3 371 364.7 358.1 347.7 349 353.1 358.2 364.6 372.8 380.5 386 390.7 397.5 403.4 405.5 384.9 367.8 365.4 367.7 376.5 377.9 373.6 371.7 369.3 365.9 359.6 360.7 363.7 368.3 375.5 383.5 391.7 402 412.7 425.6 446.1 469.4 481.1 490.5 494.4 499.3 499.3 497.8 492.3 489.8 486 484.8 482.5 482.8 481.3 479.6 476.2 471.3 464.6 457.9 452.7 448.7 445.1 441.5 437.9 434.1 431.1 428.1
435 444.2 449.2 451.9 453.1 452.5 449.5 441.6 435.1 426.7 418.7 403.9 392 383.8 377.2 371 364.4 357.9 349.7 356.2 361.1 366.6 374.6 383.3 390.8 396.6 400.6 402.6 404 400.9 383.5 370.1 363.4 363.7 368.1 368.1 366.6 365.9 365.8 362.8 357.6 355.9 358.9 363.2 369.3 378.2 389.4 403.4 414.6 427.6 450.8 471.7 483.4 490.5 495.7 498.7 498.9 494.5 489.4 488 483.3 481.4 479.2 479 477.3 474.8 471.8 466.9 460.3 454.7 449.5 445.6 442.1 438.2 434.6 431.2 428.3 425.9
435 447.3 456.6 462.2 466.2 466.5 461.4 451.6 441.3 431.6 420.6 404.9 392.7 384.6 378 369.3 361.9 362.8 361.6 364.9 371 374.8 387.3 394.6 400.8 407.5 408.9 407.2 402.2 395.2 380.1 371 363 360.5 360.7 361 359.9 360.4 361.9 360.8 356.5 352.6 353.9 358.6 364.9 375.2 391.2 404.8 417.1 431.7 454.7 474.7 484.1 490.1 495.7 497.4 496.7 491.7 487.3 484 479.4 477.8 474.5 473.2 471.7 469 465.6 461 455.2 450.3 445.7 441.8 438 434.4 430.9 427.7 425 422.4
441.5 453.5 464.8 474.5 479.2 479.2 471.7 459.8 446.3 432.5 419 404.1 394.3 387 378.8 366.9 369.9 369.5 369.9 373.7 379.1 390.9 399.6 405.6 412.3 417.5 416.1 410.9 401.5 390.4 379.1 370.5 362.6 357.8 356.2 355.3 355.4 355.5 357.9 359.1 356.8 352.7 349.4 355.2 362.8 376.6 393.8 407.4 419.3 437.3 458.3 476.1 482.9 488.5 493.4 492.5 491.3 487.7 485.7 482.4 477.4 472.5 468.7 467.8 465.7 462.7 458.7 454.5 449.4 445.2 441.4 437.7 433.9 430.2 427.2 424.5 421.7 419
452 465.1 476.9 486.8 490.4 489.6 477.9 462.7 448 432.9 418.3 405.9 396.5 390.1 379 377.3 378.1 378.5 378.8 383.7 392 401.4 410.1 413.7 420.2 425.7 421.7 411.5 399.1 387.4 378.4 368.9 358.9 354.5 352.6 351.9 351.8 352.5 353.5 355.7 355.9 353.6 347.1 352.7 362.8 379.1 394.6 408.9 421.8 439.4 457.4 474 481.1 486.8 488.5 486.2 485.2 483.7 482.9 480 474.7 468.5 465.1 462 459.5 456.5 452.8 448.8 444.4 440.6 437.2 433.8 430.1 427.2 424.6 421.9 419 416.1
468.1 480.7 490.1 497.8 498.6 494.1 479.5 462.9 448.4 434.5 421.1 409.4 400.9 390 390.9 391.3 387.6 389 391.5 397.9 405.6 413.5 417.1 419.8 427.3 432.3 425.4 411.5 396.1 385.4 376.9 367.4 356.5 352.1 349.6 348.9 349.5 350.2 350.3 351.9 353.7 352.4 344.9 351.7 364.7 380.7 395.2 409.5 423.2 439.1 456.6 471.1 479.1 485 484.3 481.6 480.1 478.4 476.9 472.6 468.5 464.8 460.6 457.4 453.5 449.6 446.4 443.1 439.2 436.2 433 429.9 426.8 424.5 422 419.4 416.4 411.6
482.6 492.9 500.6 501.8 499.3 489.7 475.9 460.4 446.9 435.7 424.9 414.9 406.3 394.4 400.8 401.9 400.6 399.2 407.9 414.2 418.5 423 424 426.1 431.1 434.9 423.6 406.2 392.7 383.1 375.6 366.1 358 350.6 348 346.7 347.5 348.1 348.3 348.5 350.1 350.2 344 352.5 366.3 380.6 395.1 410.4 423.4 438 456.5 467.2 476.5 481.5 478.5 476.9 475.3 473.6 471.6 467.8 464.5 461.2 457 452.4 449 444.2 440.4 437.7 434.4 431.4 428.7 426.3 423.9 421.5 419.2 416.9 412.7 407.5
495.5 501.7 501.5 499.3 493.4 483.8 471.4 457.5 444.1 435.8 428.4 419.5 413.4 405.9 408 413.5 414.2 416.9 420.4 423.8 428 430.9 430.6 430.2 430.7 427.8 413 401.9 389.5 381.8 374.3 365.6 358.7 351.5 347.4 346.1 345.6 346.3 345.8 345.7 346.4 346.6 344.2 354.6 367.7 381.1 395.6 412 421.7 437.7 453.9 466.3 472.9 474.2 471.9 471 470 468.7 466.5 463.6 460.5 456.7 452.6 447.2 442.6 438.9 435.9 432.6 429.9 427.4 424.9 423.9 422.7 420.8 418.4 414.4 409.3 402.9
500.5 500.6 497.6 492.7 485.8 477.1 466.2 454.4 442.2 435.8 430.5 423.7 419.8 416 420.6 421.5 423.7 426.9 429.9 433.5 436.1 438.4 438.5 433.3 430.2 417.4 408.6 398.9 388.5 380.4 372.6 365.6 359.1 351.8 348.2 345.9 345.6 345 344.5 343.5 343 340 342.9 354.8 367.2 381.3 395.8 411.8 423.2 437.7 450 458.4 466.4 468.7 465 464.3 463.9 462.7 461.1 459 455.9 451.6 447.1 441.5 437.1 434.2 431.2 428.4 426.2 423.7 421.6 421.9 423.6 420.9 418.8 412 404.5 397.7
497.5 495.2 491.8 485.7 478 469.7 460.7 450.8 441.7 436.6 432.2 428 423.5 423.7 425.7 428.8 432.9 436.2 439.8 442.2 443.1 443 442.2 434.3 421.2 411.1 404.2 396 387.2 378.6 371.5 365.1 358.3 352.5 348.1 346.5 345.7 345 343.6 341.1 339.1 337.6 342.2 353.2 366.6 379.9 394.9 409 421.7 436.2 446.2 452.7 458.1 459.7 457.9 457.5 457.7 457.2 455.5 453.1 450.3 445.7 440.9 436 431.9 429.5 426.5 423.8 422 419.8 419.6 421.1 422.7 421.2 417 408.5 401 392.6
491 487.8 483.1 477.2 470 462.3 456.1 450.1 441.6 437.3 432.9 429.3 425.6 428.9 431 434.8 439.3 442.9 446 447 447.1 445.5 441.6 431.5 415.3 406 400.1 393.8 386 377.6 370.9 364.8 358.4 352.8 347.3 346.2 345.6 344.5 343.6 340.2 336.1 335.3 337.7 350.7 363.1 376 390.3 404.3 417.5 429.1 438.3 448.9 454 453.8 451.5 451.2 451.5 451 448.1 446.5 444.3 439.9 436 430.6 427.1 425 422.2 420 417.8 416.8 418.3 420 422.2 421 413 404.4 395.7 387.9
484.5 480.6 474.4 467.1 459.6 456 451.8 447.6 441.3 437.4 433.8 430.2 429.2 432.8 437.3 440.5 444.8 448.5 449.3 449.1 448.4 444.2 436 424.6 409.8 402.7 397.9 392 384.4 376.3 368.8 362.8 357 352.3 346.7 344.9 344.3 343.4 343.2 340.8 336.7 333.9 334.4 344.7 358.4 371.2 383.1 395.5 410.6 423.1 431.2 440 444 444.8 445.5 444.9 444.9 443 440.6 439.8 437.3 434.4 430.3 425.8 422.8 420.3 418.1 416.3 414.1 412.6 414.4 418.3 421 416.4 406.8 398.4 390.4 382.7
476.1 471.7 463.2 455.9 451.5 449.4 443.1 444.7 439.8 436 432.6 429.9 430.5 434.8 439.2 444.4 449.4 451.8 451.5 448.5 447 437.5 425 415.3 407.8 401.5 395.2 388.9 382.1 374.3 366.6 360.7 355.1 350.8 345.8 342.7 341 341.6 341.9 341 337.2 332.6 332.7 334.4 350.4 364 373.9 384.6 401.1 415.9 422 431.7 435.6 438.8 439.3 438.6 437.2 435.6 434.1 432.3 429.8 428.2 425.2 421.6 418.3 416.1 414.2 412.1 410.1 409.3 410.1 413.1 413.2 407.9 398.8 391.4 384.5 377.7
462.9 458.2 453.9 449.6 445.4 443.1 441.6 438.8 436.5 434.2 431.2 428.8 431.1 436.3 440.6 446.3 451.7 453.3 450.4 446.3 437.3 425.2 418 410.4 404.8 399 392.8 385.8 378.8 371.7 364.3 358.4 354 348.5 343.4 339.7 338.2 338.7 339.1 339.2 335.7 331.5 330.6 330.7 339.6 353.5 363.4 374.1 392.3 406.1 414.9 423.3 427.9 430.7 432.2 431.6 430 429.6 426.9 425.9 423 422.1 419.4 416.5 414.4 412.5 410.6 408.4 406.2 404.5 404.9 405.6 403.6 396.8 389.4 383.6 378.5 374
452.2 449.6 446.7 443.6 440.4 438.3 436.5 434.6 432.5 430.3 428.5 426.4 430.1 435.6 440.7 446 450.8 451 443.6 432.7 424.7 418.9 413 405.8 400.9 395.9 389.5 382.7 375.3 367.8 362.1 357.4 351.6 345.8 342 338.8 335.6 335.1 335.7 334.7 331.2 330.5 329 328 328.3 343.5 353.8 366.3 383.6 396.9 408.4 416 420.5 422.8 423.6 422.8 421.7 420.4 418.4 417.2 416.5 416.2 414.2 411.8 410.8 408.8 407 404.9 402.8 400.1 398 397.7 393.3 387.7 382.9 378.3 373.7 370.6
446.5 443 439.7 437.1 435.2 433.6 431.6 429.7 428 426.9 425.1 423.1 427.7 433.2 438.6 442.2 445.5 442.4 428.9 423.1 418.2 414.1 409.1 401.7 396.8 392.1 385.2 379.3 372.3 365.3 359.5 354.1 349.4 343.9 340.8 338.5 337.6 336.2 333.5 332.1 332.5 334.5 335 329.8 327.2 332.6 343.6 358.5 375.4 388 400.7 408.4 413.6 415.2 415.5 414.3 412.3 410.9 409.6 410.2 410.3 410.1 408.7 408 407.1 405.3 403.7 401.6 399.5 396.1 390.2 388.4 383.6 381 377.3 373.2 369.4 367.5
441 436.8 433.6 431.6 429.3 427.9 426.6 424.8 423.7 422.6 421.3 420.8 425.1 429.7 435.5 434.6 430.6 426 421.7 417.4 413.3 409.6 404.9 398.4 394.3 387.9 381.6 375 368.9 362.6 357.1 351.3 346.8 342.2 338.9 336.9 338 337.2 336.8 336.1 340 346 347.6 340.6 326.8 326.5 333 350.9 368.6 380.9 392 400.9 406.6 408.7 408.3 407.7 406.4 405.2 404 404.3 404.3 403.5 404.6 404.7 404.3 403.8 402.7 401 398.6 394.9 388.4 380.8 375.6 372.9 371.3 367.5 364.4 363
435 431.6 428.7 426.4 424.1 422.3 421.4 420.5 419.3 418.1 416.8 418.6 422.4 424.7 425.6 424.2 423.6 420.3 416.7 412.9 409.5 406.1 401.4 396 390.2 383.9 376.6 370.2 365.2 359.3 354 348.7 344.6 341.9 338.1 339.3 338.6 339.8 342.3 345.2 349.7 354.1 353.7 348.9 332.6 325.8 325.5 343.4 359.8 373.7 385 394.2 400 401.3 401 400.5 399.2 398.1 397.7 398.1 398.5 399.8 401 402.2 402.5 402.7 402.2 401 398.6 395.1 389.8 383 376.9 370.6 365.4 362.5 359.5 358.6
428.6 426.1 423.6 421.2 418.8 417.3 416 415.4 414.6 413.4 413.8 415.5 417.1 419.3 419.2 418.9 417.7 415.2 412.4 410.5 407.1 403 398.9 393.1 387.7 381.2 373.1 365.4 360.8 356.8 352.4 347.4 344.3 342.2 339.2 339.6 341.1 342.6 346.7 352.2 356 358.5 358.8 354.1 340.3 326.6 325.5 335.8 354.2 366.5 378.7 388.3 392.7 393.6 393.8 393.3 392 391.2 391.2 391.9 393.5 396.4 398.7 401.4 402.4 403.9 404.7 403.3 399.8 395.1 388.4 382.5 376.6 371 365.3 359.4 355.5 353.7
424.1 421.1 418.6 416.1 413.5 411.8 410.6 410.2 409.3 409 410.6 412 412.7 414.4 414.5 414.1 413.5 412.4 410.7 408.2 404.5 400.9 396.5 390.6 384.2 377.2 369.2 362 356.7 353.4 350.3 347.2 344.5 341.8 339.9 342.1 343.7 345.7 351.6 355.9 359.9 362.2 362.2 357.8 345.4 330 323.9 327.7 347.2 361.3 370.2 381.3 385.4 387.3 387.3 386.1 384.9 384.6 385.2 386.7 388.6 393 397.6 401.3 405.1 407 407.7 405.7 401 392.7 386.5 380.9 375.4 370.1 366.1 362.5 357.2 351.5
419.7 416.6 413.6 410.5 408.1 406.5 405.2 404.9 403.7 404.8 407.1 408.2 409 409.3 410.9 411.5 411.7 411.2 409.3 406.6 403.9 399.7 393.5 386.2 379.6 371.9 365.7 359.1 354.3 351.4 348.6 346.7 344.5 341.8 341.4 345.4 346.5 348.8 352.4 358 362.4 365.1 364.4 358.3 347.5 333.7 323.6 322.7 339.4 353.7 365.8 374 377.8 380.5 381.5 380.5 379.1 378.5 378.4 380 385.8 393.6 398.1 402.8 407.7 411 411.1 406.9 399.7 392.1 384.4 378.9 373.4 368.8 365.7 361.4 356.7 350.9
415.3 411.5 408.5 405.6 402.9 401.2 399.9 399.6 399.8 401.6 402.4 403.1 404.7 407 409.1 409.9 411.2 410.2 408.9 406.1 402.6 396.5 389.7 383.1 374.8 368 362.4 357 353.3 349.9 346 343.9 342.2 341.5 346 347.8 349.8 351.9 357.3 358.6 362.5 364.9 362.3 356 346.5 336.5 326 321.9 331.4 346.5 359.4 367.2 371.2 374.6 376.2 375.3 373.7 371.9 371.3 376.3 385.7 393.3 399 405 411.3 413.8 412.6 406.4 398.2 389.8 382.7 376.9 371.7 368.1 364 359.2 354.2 350.3
