data/330000-800000.asc
ncols 200
nrows 200
xllcorner 330000
yllcorner 800000
cellsize 50
[rows 35 to 69 of 200, columns 0 to 77 of 200]
453.8 469.1 482.2 493.5 502.6 510.5 514.4 517.6 516.5 515.3 517.1 520.6 526.5 533.4 542.9 552.5 553.8 555 553.5 550.1 544 539.2 533.3 525.9 517.7 507.1 495.9 486.2 478.9 467.7 460.5 455.6 450.7 450.1 451.2 456.1 461.5 464.9 465.6 463.7 459.4 454.3 448.1 441.8 434.2 426.1 415.7 405.1 395.4 392.8 394.2 395.5 395.1 393.9 392.3 388.6 388.5 401 409.5 416 422 428 434.1 443.7 451.6 462.1 471.2 481.8 499.1 510.4 518.9 519.7 514.5 504.6 501.4 499.2 498.9 499.6
446.7 461.1 473 485.6 497.7 507.6 515.3 520.5 520.9 522.3 524.5 530 536.1 543.2 553.1 559.1 559.6 558.6 556.4 554 548.2 543.3 538.3 530.6 524.2 514.2 503.2 492.6 482.5 471.7 464.1 459.1 455 456.5 460.5 466.8 470.7 473.5 472.2 468.9 463.2 455.8 448.2 440.6 430.6 417.5 404.8 398.3 400.3 402.5 402.4 402.1 400.5 398.6 396.8 393.8 386.5 402.5 412.1 419.7 426 431.9 439.4 447.4 455.8 465.2 474.2 485.4 499.2 512.2 520.6 521.4 516 507.5 503.7 501.5 501.3 502.2
436.5 452.4 463.5 477.3 490.6 500.3 511.8 519.5 523.6 527.2 532.8 538.6 544.8 553.5 561.6 565 566.1 566.1 562.9 558 552.8 548.8 543.9 536 529.3 519.9 508.6 497 486 475.3 466.7 460.7 461 463.6 470.9 476.8 479.8 479.9 476.6 472.8 465.8 456.8 448 436.5 422.3 406.7 402.9 409.2 412.5 413.3 411.5 409 405.9 403 401.1 399.3 389.8 403.6 413.6 422 430 436.9 443.7 451.7 460 468.9 478.1 487.6 499.1 513 521.3 521.7 518.2 510.3 505.4 503.5 502.7 503
433.5 445.5 457.2 469.2 482.6 492.7 504.6 515.2 523.9 529.4 536.7 545.4 552.2 559.4 569 575.2 576 574.6 571.9 566.6 559.4 553.2 547.5 541.4 532.7 523.1 510.3 500.6 488.7 476.9 469.2 466.9 469.4 475.3 481.3 485.5 487.3 486.3 481.8 474.9 466.7 457.2 445.7 431.2 415.2 407.3 415 423.8 425.7 424.6 421.1 417.3 412.2 408.8 405.7 403.7 396.9 401.9 415.2 424.4 432.5 440.8 447.6 455.6 463.8 474.1 482.1 491.8 503.9 514.8 522.9 524.9 522.4 515.3 507.6 506 504.6 503.8
433.3 442.4 452.5 462.3 475.1 485.7 497.4 509.6 520.2 529.4 539.1 550 557 564.1 577.3 585 586.4 586.1 580.7 573.6 566.8 557.9 552.2 543.3 535.5 523.1 510.7 501.6 490 477.7 474.5 478.1 480.5 485.2 490.1 493.1 494.5 491.8 486.6 477.3 467.8 455.6 441.6 426 409.2 418.8 428.1 436.5 440.1 436.3 430.6 424.8 419.3 415 411.2 407.1 404.3 398.3 413.5 424.5 434.7 443.2 450.9 458.9 468.3 477.6 487.2 497.3 507.5 516.5 525.3 529.7 527.9 520.6 513.2 508.5 507.3 505.1
432.2 442.9 451 460.7 470.7 481.7 493.5 505.8 516.9 527.5 539.7 550.7 559.3 568.5 582.1 591.7 593.9 591.7 588 579.1 571 563.4 553.2 544.3 533.1 522.2 513.4 498.6 487.6 484.8 484.6 487.7 491.4 495.8 498 499.8 499.9 496.9 489.3 479 468.1 453.4 437.7 422.5 417.2 430.5 440.5 447.4 450.1 446.6 439.8 432.5 426.3 421.3 417.4 414 411.1 404.6 404.6 420.3 432.1 442.4 452.1 460.3 468.4 477.6 489.7 500.3 511.8 522.5 530.8 534.3 533.4 526.8 519.1 512 510.2 508.4
436.1 440.8 451 459.8 470.5 479.3 489.8 502.8 516.6 527.5 538.2 549.3 561 570.6 583.4 589.7 594.9 594.9 590.6 581.2 573.4 567.7 553.9 541.2 531.5 522.3 512.8 495.5 497.4 499.2 500.7 501.3 502.9 505.2 506.1 505.1 503.1 498.8 490.8 480.3 468.3 450.7 436.2 421.6 425.2 439.7 451.4 458.6 459.2 455.4 447.5 439.5 432.8 427.6 423.9 420.2 416.8 413.1 407.1 410.6 428.2 439.3 448.9 458.9 468.4 480 493.3 506.9 519.6 529 535.9 539.9 540.5 534.8 525.4 515.9 514 512.1
445.8 448.4 452.5 459.9 470.4 480.2 489.2 503 516.4 526.6 536 549.6 561.6 570.6 581.4 591 593.7 593.2 590.2 581.9 573.1 567.9 551.9 539.2 530.7 522.3 507.5 508.7 512.8 514.9 516.1 515.4 515.2 514.9 512.8 509.7 506.2 500.2 492.3 481.3 466.5 449 436.3 420.5 432.1 447.5 459.5 468.2 468 463.2 455 446.4 438.7 433 429 425.6 422.4 419.4 415.3 406.9 421.1 435 448.6 460.6 472.2 486.4 501 514.6 527.4 537.7 545.4 547.5 548.4 542.7 533.8 522.9 517.3 515.5
455.6 455.7 459.5 464.6 473.7 483.8 492.8 504.2 516.5 528.3 536.4 550.8 562.1 571.2 579.8 589.9 593.9 594.1 589.5 581.1 571.7 559.3 548.9 540.3 531.2 519 514.4 521.1 525.2 528.8 527.9 527.3 524 521.6 517.8 514 508.3 501.4 492.8 480.3 464.3 448.5 436 421.8 437.5 453.5 465.1 473.7 474.9 469 462.5 453.6 445.2 438.7 434.4 431 428 425.1 421.3 412.1 416.9 434.3 448.7 462.3 477.3 492.9 508.5 522.7 535.3 546.4 555.2 560.2 560.8 553.4 543.1 533.9 526.3 521
463.6 463.8 466.9 469.9 478.9 488.5 496.3 506.4 520.2 530.9 540.9 553 562.9 572.5 581.1 587.2 592.6 593.7 585.8 577.5 564.9 556.1 548.6 540.4 527.7 521 529.7 533.2 536 539.4 539.1 535.9 531.1 527.3 522.4 516.4 510 502.4 492.6 479.7 462.6 448.3 433.7 429.3 444.8 459.5 470.3 479 480.4 476.8 470.4 461.8 453.6 445.8 440.4 436.7 433.7 430.4 426.1 415.7 413.7 433.5 449.3 464.3 481.6 499.4 515.2 530.7 543.9 556.4 565.7 571.3 570.4 562.8 552.8 542.3 534.4 528.5
471.3 472.5 475.8 481 487.2 493.8 502.7 513.5 524.4 534.5 545.4 554.7 564.7 575.3 583.4 588.6 591.1 590.6 582.5 570.1 559.8 552.7 546.2 536.9 531.3 535.4 539.5 543.5 547.7 550.4 549.9 544.3 537.7 531.7 524.9 517.9 510.3 501.8 491.6 478.3 461 447.1 431.2 437.5 451.5 465.2 476 485.3 487.8 485 479.5 471.4 463.4 455.4 449.9 444.9 440.2 435.8 429.6 421.9 412.9 433.4 449.9 466.3 485.4 503.4 520.6 536.4 551.8 565.9 574.6 579.1 577.2 570.4 558.1 547.8 539.4 533.9
481.4 482 484.4 488 493.8 500.4 509.4 519.4 529.4 539 548.6 558.5 569.3 578.9 586.4 590.9 592.3 588.1 581.8 567.6 558 551.2 545.1 540.1 542.1 543.2 549.9 553.8 556.5 559 556.8 551.6 543.4 533.8 526.2 518.1 509.7 500 489.4 476.5 459.8 444.7 431.7 443.4 457.2 470.4 482.9 491.9 494.7 494 489.1 482.6 475.1 466.5 460 453.5 447.2 441 432.9 415.3 416.9 434.1 450.8 468.8 487.7 505.9 523.3 540.1 556.8 571.4 579.9 583.2 582.3 576.2 562 552.7 543.2 537.9
489.6 490.6 492.2 493.8 501.6 508.1 515.8 527.7 536.8 546.1 554.7 565.2 575.3 583.6 590.2 593.8 593.1 589.1 581.7 567.2 558.1 553 549.8 551.9 552.8 555.4 560.1 562.3 564.2 565.5 563.4 556.5 546.4 535.6 526.2 516.9 508.1 497.4 487 474.2 459.2 444.2 435 448 462.2 476.1 489 498.5 502.9 503.3 499.7 493.7 485.9 477.6 469.7 462 453.5 445.1 431.8 417.4 419.3 434.3 450.3 469.8 487.6 505.6 524.1 542.3 558.5 571.2 580.4 585 584.6 578 567.5 557.6 549.2 541.2
500.4 501.2 504.4 506.4 510.5 515.5 523.2 537.1 546.3 553.2 562 570.5 580.2 587.8 595 596.5 595.2 590.2 580.5 568.4 562.8 559.8 558.1 559.9 562.9 565.4 567.3 569.2 571 571.6 569.1 559.7 549 536.5 526.2 515 505.7 493.3 484.4 470.7 455.8 444.1 439 453.2 467.7 482.6 494.7 505.1 511.8 513 509.8 504.1 496.8 487.2 478.3 468.8 458.4 448 433.1 419.9 424.7 436.9 450.5 470.1 487.9 505.8 523 541.9 557 568.8 577.3 582.9 583.9 579 570.6 562.1 554 545
508.6 512.1 514.4 515.9 518.8 521.2 530.9 545.3 554.2 561.5 570.2 577.3 588.3 596.4 601.6 601.2 598.3 591.4 581.4 575.6 570.5 569.1 566.6 568.1 570.6 571.7 573.9 575.3 576.7 573.7 569.8 562.6 549.2 537.3 525.5 512.9 502.4 489 481.1 467.2 454.9 444.2 443.6 458.6 473.1 488 500.6 512.4 520.7 523 519.1 513.8 505.5 495.1 484.4 474.5 463.7 449.9 436.8 423.4 428.5 440.3 454.4 471.7 488.4 505 521.9 540.4 554.7 565.5 574.2 580.8 585.3 582.5 575.4 566.7 558.6 549.3
516.6 519.7 522.2 524.4 527.2 531.6 539.3 552.3 563 570.6 576.9 585.9 596 603 606.4 606 602.9 595.3 583.9 580.6 577.5 576.8 579.2 580.6 583.4 582.6 581.7 581.3 579.7 576.2 570.2 561.5 550.1 537.4 525.7 511 499.3 487.8 479.4 464.9 454.9 447.2 448.5 463.4 478.7 493.2 506 518.7 528.1 531 527.8 522.5 513.3 502.1 490.5 478.4 466 451.6 438.5 425.9 429.2 441.6 456.7 472.9 488.8 504 520 538.1 551.5 560.7 570 578.5 584.7 585 579.1 570.8 561.6 552.1
528.1 526.4 531.8 533.4 533.9 537.2 545 555.5 567.2 577.4 584.4 593.5 602.2 608 611.9 611.2 606.6 601.2 594.7 591.1 590.2 589.2 588.9 590.8 591 590.9 588.9 586.6 584 577.7 570.6 559.6 549.2 535.6 525.1 509.8 495.7 486.8 476.6 468.7 462 450.9 449.9 466.2 482.1 497.1 510.9 524.5 536 538.3 536.5 529.2 518.9 506.2 492.9 479.9 466 451.3 437 433.2 436.8 436.8 452.6 471.4 486.7 501.4 517.2 535.5 545.8 554.8 564.1 572.2 577.7 580.4 578.4 571.1 561.7 551.9
527.5 530.7 534.3 537.7 539.3 542.1 546.9 558.1 568.6 581 588.8 598.6 606.9 615.5 618.4 616.7 611.6 605.9 602.5 599.6 597.7 598.1 599.8 603.5 601.9 598.7 596 592.7 587.4 580.9 570.7 559.7 548.6 535.4 524.9 509.4 498.5 487.3 478.2 475.9 466.3 453.5 453 467.7 483.1 499.7 514.1 529.3 539.9 544.4 542.7 534.4 521.1 507.8 494.2 479.4 465.1 449.7 433.7 440.8 445.2 447.3 446.6 466.3 482.8 496.9 513.6 529.3 539.2 548.5 557.3 564.3 570.2 573.9 572.4 567.8 558.5 549.7
523.3 527.8 533.7 539.2 541.7 545.1 549.2 558.6 567.7 580.1 588.6 598.6 610.3 618.5 621.2 618.9 614.9 612.3 609.1 606.6 605.5 607.4 612.2 613.8 610.2 606.6 601.8 596.5 591.2 582.6 571.5 560 546.8 537.6 522 510.4 501.3 490.9 484.8 478.7 468.3 455.6 453.6 468.4 484.2 500.1 515.8 529.5 541.4 548.5 548.4 535.6 521 506.7 492.5 477.8 462.3 448 439.7 451.4 453.9 456.4 458.3 458.7 474 490.8 505.9 520.3 531.4 541.2 549.7 557.8 564.3 568.8 568.8 564 555.5 546.8
518.6 523.8 529.4 534.8 539.4 543.7 548.9 556.3 565.3 576.1 587.3 599 607.7 613.7 618.3 619 616.7 616.2 617.7 618.6 621 623.3 625.7 626 618.1 612.5 606.2 600.5 593.3 584.1 573.5 559.9 549.6 537.1 520.9 510.8 502 494.7 488 479.9 469.9 460.5 457.7 466 482.9 499.1 514.6 528.4 539.5 547.8 546.1 534.6 520.1 505.1 491.8 475.8 459.1 443.4 447.3 457.7 462.7 465.2 472.5 478.2 480.2 482.9 499.8 513.1 523.9 535.2 543.5 553 560.4 564.2 564 558.9 552.9 543.3
507.4 513.4 520.9 529.3 534 540.4 545.7 552.7 560.8 571.3 581.8 593.4 601.6 606.1 609.4 616.1 619.4 621.5 623.2 626 629 632.6 637.3 637 626.8 617.2 609.6 603.5 596.4 585.4 572.1 564.1 553.6 537.3 525 515.3 506.3 498.1 489.5 483 473.4 469.4 465.1 463.3 477.7 495.7 511 524.8 536.1 542.6 540.6 530.1 516.7 502.9 489.4 473.5 456.9 448.1 458.5 466.6 471.8 476.7 484.7 490.7 493.1 495.2 493.9 507.7 518.2 528.6 540.1 550 557.8 561.4 561.6 556 550.6 541
487.8 498.2 507.7 516.2 524.1 531.2 540.7 546.4 555.3 564.6 572.1 581 590.5 597.4 601.8 609.2 617.9 622.7 628.2 632.5 637.2 642 652 647.4 636.2 625 614.2 606.6 600.5 588.8 574 566.1 554.5 543.6 533.2 521.5 509.6 498.9 493.4 487.9 482.1 477.7 472.9 473.5 472.1 491.7 507.8 521.3 532.2 538.2 537.6 528.1 515.8 503.3 487.6 471.9 453.1 457.7 466.4 475.4 480.3 487.4 496.3 501.2 502.2 503.7 503.5 504.2 512.7 524.8 538.2 549.8 557.6 560.8 559.9 556 550.6 538.4
462.8 480.6 493.6 503.3 512.9 520.8 529.7 538.5 546.2 554.3 560.3 567.1 575.7 583.7 594.3 603.4 613.7 623.4 630.2 636.3 644.2 649.7 658.1 654.3 644.1 631.4 618.4 611.3 603.9 594.6 578.1 567.8 561 551.7 539.8 526.5 513.5 506.8 499.5 493.5 488.3 483.3 480.3 481.4 475.4 486.2 504.1 518.2 529.3 537.1 535 526.3 515.8 502 484.8 471.8 455.8 461.7 475.1 485.3 490.7 500.8 510.7 514.5 515.9 513 512.7 514.6 516.2 524.4 539.1 551.3 559.1 563.6 561.9 558.2 552.4 542.4
464.6 465.9 477.8 488.8 497.5 508.6 518.4 526.9 533.6 540.8 547.7 555.1 562.4 569.9 580.8 593.6 607.8 620.1 629.2 638.2 647 653.7 660.2 659.1 649.8 636.9 623.4 613.8 606 598.7 587.3 572.1 567.1 558.1 541.6 530.9 524.4 516.3 507.4 500.1 494.4 489.4 489.2 491 486 482.5 500.9 515.5 527.2 535.4 534 525.9 515.5 501.5 488.1 474.5 461.5 469.3 482.8 494.1 500.9 512.9 524.2 528.6 529.6 527.8 528.1 527.1 529.4 531.5 542.6 555.1 563.9 568.8 568.1 563.4 557.4 548.3
486 479.5 472.3 477 482.3 491.8 504.4 514.5 520.9 527.5 532.9 540.6 549.5 560 570.3 582.7 595 609.5 622.5 634.1 645.3 655.9 664.4 663.7 653.4 641.1 632 618.5 612.4 603.4 594.9 582.6 571.5 562.4 553.2 542.6 532.6 523.8 515.4 508.2 501.6 499.9 500.9 500.4 497.2 487.9 497.9 514.7 525.9 534.8 533.6 528 520.6 505.9 490.4 479.1 468 472.7 488.6 501.6 510.9 525 537.2 543.7 547.3 545.7 546.3 546 545.4 545.8 548.8 560.3 569.8 574.7 574.6 570.3 563.9 553.6
501.4 498.7 490.7 486.9 484.4 483.3 487.8 499.2 506.2 509.9 516.8 526.7 536.2 549 560.6 572.9 585.5 599.3 613.2 627.2 639.6 652 661.8 661.5 653.2 644.7 634.8 626.4 619 608.3 599.6 588.4 578.9 572.2 563.7 553 541.8 531.1 523.5 516.9 510.4 509.8 510.7 511 510 503.3 493.9 514.1 526.6 535.4 538 533.2 525.4 511.5 496.9 486.5 474.9 473 492.1 507.6 518.8 533.6 548.2 556 560.7 563.6 565.6 566.1 564.1 561 560.7 568.2 576.9 581.7 583.1 579.2 571.7 561.8
510.1 515 508.4 502.2 495.7 493.8 490.9 491.7 495.6 500.5 504.5 507.9 520.8 536.9 549.9 563.2 576.1 589.3 602.4 616.9 630 644.4 656.4 658.8 653.7 646.9 637.2 630.7 624.6 615.3 605 595.6 588.7 582.9 574.4 565.6 554.9 544.7 534.3 527.5 521.8 521.2 523.3 522.9 520.5 515.4 500.9 516.1 529.6 539.5 541.5 538.7 531.2 520.1 504.7 495 484.9 474 494.5 510.9 525 540.7 558 566.7 573 577.8 579.9 580.9 582.6 578.5 574.4 581.9 587.5 591.6 590.8 587.2 579.8 569.6
518.7 526.9 528.9 523 513.8 507.1 502.9 503.5 506.2 511.5 515.9 516.8 512.2 522.2 541.4 554.3 566.9 579.6 592.1 606.4 620.4 635.7 648.4 655.4 655.6 648.6 641.2 635.9 629.9 622.1 609.1 603.6 598.7 595 588.1 578 568.8 557.6 551.2 541.3 538.6 538.6 537.1 535.3 532.8 526.8 512.3 518.5 534 544 547.5 545 539.2 529.4 512.6 501.8 491.8 483.4 491.4 512.5 528.2 547 564.1 576.7 583.3 588.9 593.8 598.5 599.5 597.3 592.8 596.6 599.5 601.4 600.3 596.4 588.4 577.8
525.5 536.2 539.7 540.4 534.6 526.3 518 520.7 520.8 527.4 530.2 530.8 528 517.3 530.3 545.4 557.9 570.3 582.8 597.1 611.1 626 640.7 649.3 652.8 649.2 644 640 634.1 627.3 621.8 617.7 615.5 608 602.1 595.3 586.3 575.4 565.6 559 555.7 553.1 549 545.4 541.9 537.1 524.3 522.4 539.7 550.4 554.9 552.9 547.4 538 522.1 509.5 501.2 492.5 486.3 510.3 530.3 549.6 570.4 583.5 593.4 601.3 607.6 611.9 615.1 615.1 612.3 614.7 616.7 616.5 612.5 605.1 596.8 585.7
531.3 541.2 548.2 552.3 549 546.6 539.5 536.4 535 537.1 537.9 537.6 536 529.3 523.1 537.1 550.9 562.4 574.4 590.3 603.6 616.3 630.9 644.4 649 648.9 646.2 642 637.6 634.7 630.8 628.1 626.3 622.6 615.9 608.5 599.3 589.4 578.3 572.5 568.8 565.3 560.5 553.7 548.5 543.2 528.7 530.3 547.9 558.1 562.9 563.2 556.7 548.9 532.1 521.8 510.8 501.8 490.4 506.1 530.6 551.9 574.3 589.6 601.8 609.7 616.9 623.9 627.1 629.3 629.6 630.1 633.3 632.7 627.6 617.8 606.5 594.6
534 545.4 554 560.1 559.7 555.3 548.3 545.5 543.7 545 545.3 544.7 542.1 538.8 529.9 530.1 543 556.3 568.1 583.6 597.3 608.5 624.7 639.8 646.6 648.7 646.3 644.6 641.6 639.3 637.6 636.9 635.3 633.6 628.6 621.1 611.2 601.2 593.6 587 582.3 576.5 568.5 560 551.6 542.3 526.5 541.3 556.4 564.9 569.7 572.4 566.9 559.3 548.1 534.2 521.7 511.6 500.9 501.2 528.3 551.4 574.1 591.8 605.8 616.1 624.6 633 638 641.7 644.2 644.6 646.8 645.6 641.9 633.9 622.2 606.6
536.2 550.2 560.1 566.7 568.1 563.7 560.1 555.5 552.1 552.6 552.4 552 549.2 546.5 539.7 533.5 535.5 549.5 563.5 577.9 592.4 604.8 619.1 636.2 643.9 648.7 649.5 648.6 645.6 644.5 645.2 644.7 645.1 643.9 642.2 635 623.7 615.1 605.5 597.5 590.8 583.7 574.3 560.4 545.5 537 545.7 554.9 565 573.4 579.2 580.9 577.1 570.1 559.3 545.3 532 520.1 509.5 499.1 525.7 549.5 571.7 590.9 607.2 619.6 630.7 639.5 646.3 651.3 654.8 656.7 659.3 660.4 656.3 649.4 637.5 624.6
539.6 555.8 566.2 571.8 575.7 574.1 570.4 566.8 562.2 560 560.1 559.2 556.5 554.1 548.5 542.4 538.5 543.2 557.8 571.9 588.5 602.1 618.1 633.3 643.1 649.1 651.2 652.3 652.2 651.5 651.7 652.6 655.3 656.3 652.9 646.5 635.8 624.9 614.8 605.9 597.7 589.3 571.6 553.5 551.4 556.5 560 567.7 575.5 583 588.7 591 587.2 580.8 571 556.9 542 528.3 516.9 503.1 524.8 545.9 567.8 588.1 605.7 622.2 634.7 644 651.8 659.7 665.3 669.5 673.5 675.4 672.7 664.6 653.2 640.9
542.4 559.1 570.7 577.9 582.1 581.7 578.2 576.8 574.3 572.3 568.9 565.9 564.2 560.9 557.3 552.3 547.9 542.5 554.8 570.4 586.2 600.3 616.2 632.5 643.7 650.7 654.9 656.5 656.5 657.7 660 660.6 662.4 663 660.5 654.3 644.8 631.6 621.9 612.2 602.9 588.5 568.7 557.1 564.7 570 570.9 578.1 584.5 592.1 598.7 600.7 598.2 592 583.3 567.7 549.5 537.2 525.5 509.5 526.4 543.7 564.7 585.5 604.9 623.1 638.3 647.9 659.1 668 674.5 680 685.3 688.8 685.9 678.7 668.4 656.2
542.3 559.6 575.3 583.2 587.3 588.5 587.1 584.4 583.2 581.4 578.3 577 574 568.1 564.2 560.4 556.8 552 550.6 567.2 585.2 600.9 615.2 634.1 644.8 652.9 658.3 660.7 662.3 664.9 666.4 667.9 669.8 670.6 667.2 661.2 650.8 637.8 626.3 616.4 605.6 584.4 566.7 568.1 575.9 580.4 581.7 586.4 593.1 600.5 606.1 610 607.4 601.6 593.9 576.6 558.6 546.6 535.1 520.1 530.8 549.2 568.8 588.4 607.4 625.8 640.7 655.4 667.1 676.1 683 688.5 693.8 697.5 697.1 692.2 681.5 668.1
