data/330000-400000.asc
ncols 200
nrows 200
xllcorner 330000
yllcorner 400000
cellsize 50
[rows 123 to 163 of 200, columns 92 to 183 of 200]
1.4 1.4 1.6 1.8 1.7 1.6 1.5 1.4 1.4 1.5 2.2 2.9 3 2.4 2 2.9 2.9 2.9 2.9 2.8 2.8 3.1 4.4 4.3 3.9 4.3 5.7 6.5 7.2 8 8.6 9.2 9.8 10.4 11 11.7 12.4 13 13.7 14 14.2 15.3 16.1 16.4 16.9 17.4 17.5 18.2 19.1 19.9 20.8 21.7 22.1 22.7 22.9 23.2 23.3 23.4 23.2 23 23.3 23.6 23.5 23.2 22.9 23.1 22.7 22.2 21.5 21 20.4 19.2 19.4 19.7 19.7 20.2 20.8 20.9 20.8 20.2 19.2 18.3 17.2 18.2 19.5 19.7 19.8 19.8 20 20.2 20.4 20.7
1.6 1.7 1.7 1.7 1.6 1.6 1.5 1.5 1.4 1.3 1.9 2.6 2.8 2.8 2.5 2.7 2.7 2.7 2.7 2.7 2.6 2.7 3.9 4.2 3.1 5.4 5.8 5.9 6.3 7 7.8 8.6 9.3 10.1 10.8 11.3 11.5 11.8 13.1 13.8 14.2 14.5 14.8 16.1 17.3 17.1 17.3 17.8 18.8 19.8 20.3 20.6 20.9 21.3 22.8 23 23.3 23.1 22.6 23 23.6 23.6 23.5 23.2 23.6 23.5 23.1 22.7 22.1 21.4 20.8 19.9 19.4 20.2 20.8 21.3 21.6 21.6 21.4 21.1 20.2 19.4 17.9 18.1 19.2 20 20.1 20.1 20.2 20.5 20.7 20.9
1.9 1.9 1.8 1.7 1.7 1.6 1.5 1.5 1.4 1.4 1.7 2.4 2.5 2.4 2.8 2.6 2.5 2.5 2.5 2.5 2.6 2.8 3.5 4.9 3.1 5.2 5.5 5.8 6 6.1 6.8 7.6 8.4 9.2 9.5 9.5 9.9 11.4 12.5 13.4 14 14.2 14.4 15 16.2 16.6 17 17.5 18.3 19.2 19.7 20.1 20.6 21 21.8 22.6 22.6 22.2 22.4 23.1 23.8 24 23.7 23.7 23.8 23.6 23.4 23.2 22.7 22 21.3 20.5 19.9 20.2 21.4 22.2 22.3 22.2 22.1 22.1 21.5 20.4 18.6 17.9 19.8 20.2 20.4 20.4 20.5 20.7 20.9 21.2
2 1.9 2 1.9 1.8 1.6 1.6 1.5 1.4 1.4 1.4 2.1 2.1 2.3 3 3 2.7 2.4 2.4 2.5 2.6 2.9 3.7 4.7 5 4.7 5 5.3 5.6 5.9 6.2 6.6 7.2 7.5 7.8 8 9.5 10.9 12 12.9 13.7 14 14.6 15 15.8 16.5 16.8 17.2 17.9 18.5 18.9 19.4 19.8 20.3 20.8 21.2 21.7 21.8 22.5 23 23.6 24.2 23.7 23.8 23.7 23.6 23.4 23.2 23 21.6 22 21.2 20.3 20.6 21.9 22.9 22.9 22.9 22.7 23.4 22.7 21.2 19.5 20 20.6 20.2 19.7 20.1 20.6 20.9 21.2 21.5
2.1 2 2.2 2 1.9 1.8 1.7 1.5 1.5 1.4 1.3 1.8 1.8 2.4 2.6 2.9 2.9 2.8 2.7 2.6 2.7 3 3.7 4 4.8 4.3 4.6 4.9 5.2 5.5 5.9 6.4 6.7 7.2 7.5 7.9 9.1 10.2 11 11.9 13.1 13.9 14.3 14.7 15.1 16.3 16.7 17.1 17.3 17.8 18.2 18.7 19.1 19.5 20 21.2 21.3 21.7 22 22.6 23.2 23.7 23.7 23.8 23.7 23.5 23.3 22.9 22.9 22.5 22 21.3 20.8 21 21.7 22.7 23.2 23.4 23.7 23.9 23.5 22.2 20.3 20.7 20.6 20.1 19.7 19.2 19.8 20 20.5 21.2
2.1 2.2 2.4 2.2 2.1 1.9 1.8 1.7 1.6 1.5 1.4 1.5 1.8 2 2.2 2.5 2.8 3 3 2.9 2.9 3 3.4 3.7 5 4 4.2 4.5 4.9 5.4 5.9 6.3 6.5 6.9 7.2 7.9 8.8 9.5 9.8 10.7 12.4 13.5 13.9 14.3 14.8 15.9 16.4 16.7 16.7 17.1 17.5 17.9 18.4 18.8 19.3 20.5 21.3 21.8 22.2 22.5 22.9 23.3 23.9 23.8 23.6 23.2 22.9 22.8 22.5 22.2 21.5 21 20.6 20.6 21.5 22.1 22.8 23.1 23.3 23.7 23.8 23.2 21 21 20.6 20.1 19.6 19.1 18.9 19.5 20 21
2.2 2.7 2.6 2.3 2.2 2.1 2 1.8 1.7 1.6 1.5 1.4 1.5 1.6 1.8 2.1 2.5 2.9 3.1 3 3 3.1 3.4 3.6 4.3 4.2 4.1 4.4 4.9 5.4 6 6.3 6.4 7 7.2 7.4 8.2 9.1 9.6 10.3 11.7 13.1 13.5 14 15 15.6 16.1 16.3 16.2 16.3 16.8 17.2 17.6 18 18.5 19.6 20.6 21.1 21.5 22 22.5 23 23.4 23.5 23.2 22.8 22.5 22.2 22.4 22 21.3 21 20.2 20.8 21.3 21.9 22.4 22.2 22.3 22.8 23.3 23.1 21.6 20.9 20.4 19.9 19.4 19.8 20.1 19.4 19.6 20.8
2.3 2.9 2.7 2.5 2.4 2.2 2.1 2 1.8 1.6 1.5 1.5 1.6 1.7 1.7 1.9 2.1 2.5 2.9 3.1 3.1 3.3 3.5 3.7 3.9 4.6 4.6 4.5 4.9 5.5 6 6.2 7 7.2 7.2 7.5 7.8 8.6 9.2 9.8 11.1 12.7 13.2 14 14.7 15.2 15.4 15.9 16.3 15.7 16.3 16.8 17.2 17.5 17.7 19.1 19.8 20.3 20.8 21.3 21.7 22.2 22.6 22.7 22.7 22.3 21.8 22 22.2 21.8 21.2 20.8 20.1 20.3 20.8 21.3 21.8 21.9 21.6 21.9 22.2 22.6 21.6 20.6 20.1 20.3 20.5 20.8 20.9 20.3 20.1 20.6
2.4 3.1 2.9 2.7 2.5 2.4 2.2 2 1.7 1.6 1.5 1.5 1.7 1.8 1.9 2.1 2.3 2.5 2.7 3 3.2 3.4 3.6 3.8 4 5.3 5 4.5 5.1 5.6 6 6.5 7 7.3 7.2 7.5 7.8 8.2 8.7 9.3 10.3 11.5 12.9 13.3 13.8 14.2 14.6 15 15.4 15.3 15.4 16.3 16.8 17 17.2 18.6 19.1 19.6 20 20.5 20.9 21.4 21.7 21.8 22.3 21.9 21.4 21.9 22.1 21.5 21.3 20.8 20.3 19.8 20.3 20.8 21.3 21.5 21.1 21.2 21.5 21.6 20.8 20.7 21 21.2 21.5 21.9 21.6 21 21.6 21.8
2.7 3.3 3 2.8 2.4 2.3 2.1 1.9 1.8 1.7 1.6 1.6 1.9 2 2.1 2.3 2.5 2.7 3 3.1 3.2 3.5 3.7 3.9 4.1 4.7 4.8 4.9 5.2 5.7 6.1 6.1 7 7.4 7.2 7.5 7.8 8.8 8.8 8.8 9.7 10.7 10.8 12.2 12.8 13.3 13.6 13.8 15 15.4 16.1 15.7 17.1 17.3 17.8 18 18.3 18.8 19.2 19.7 20.2 20.6 20.8 21.2 21.8 21.7 21.3 21.1 21.5 21.2 21 20.8 20.6 20.1 19.7 20.2 20.7 21.2 20.8 20.6 20.8 20.8 21.2 21.6 21.9 22.1 22.6 23.1 22.4 23.1 23.1 23.2
3 2.9 2.9 2.6 2.5 2.4 2.1 1.9 1.8 1.7 1.6 1.6 2 2.1 2.3 2.5 2.7 2.9 3 3 3.1 3.3 3.6 4 4.2 6.8 6.4 5.4 6.6 6.4 6.2 6.3 6.3 4.9 6.9 7.3 8.1 9 9.1 8.9 9.4 8.7 8.9 10.7 11.5 11.1 12.2 12.8 14.5 13.9 15.3 15.7 15.4 17.7 18.2 17.6 18 18.2 18.5 18.9 19.4 19.8 20.1 20.7 21.3 21.6 21.2 21 20.7 20.9 20.9 20.7 20.4 20.2 19.8 19.7 20.2 20.7 20.5 20 20.5 21.6 22 22.4 22.8 23.5 23.5 22.5 22.7 24.1 23.8 23.4
4.1 2.7 2.7 2.8 3 2.8 2.9 2 1.9 1.7 1.6 1.6 2.2 2.3 2.5 2.7 2.8 2.8 2.9 3 3 3.1 3.4 4.1 4.7 4.2 4.7 5.3 6.2 6.4 6.6 6.6 5.7 6.1 7.1 5.6 7.5 7.2 6.9 9.2 9.7 9.8 8.1 9.1 8.6 11.4 10.9 11.4 12 13.1 14.2 16.1 14.6 15.1 15.4 16.6 17.6 17.9 18.1 18.4 18.6 19.1 19.7 20.2 20.8 21.4 21.2 20.8 20.5 20.4 20.3 20.2 20 19.8 19.7 19.5 19.6 20.3 20.8 20.3 21.2 22.2 22.5 22.8 23.1 23.7 23.7 23.8 24.4 24.7 24.9 24.2
5.5 3.5 3.6 4 3.4 3.7 2.8 2.1 1.9 1.8 1.7 1.7 2.3 2.5 2.6 2.6 2.7 2.8 2.8 2.9 2.9 3.1 3.3 4.1 4.2 4.2 4.7 5.2 5.8 6 6.3 6.5 6.3 7.3 6.8 8.1 9.4 10.3 9.8 9.8 9.9 9.8 9 10 10.5 11.9 11.7 12.7 13.2 13.8 14.1 15.4 14.4 14.7 15.1 16.1 17 17.2 17.2 17.1 17.4 18.4 19 19.6 20.2 20.6 21.1 20.7 20.2 20 19.7 19.6 19.4 19.3 19.2 19.5 19.7 20 20.5 20.6 21.5 22.3 22.5 22.7 23 23.5 23.6 24 24.7 24.9 25.2 25.7
5.4 3.9 3.6 4.4 5.9 5.2 3.1 2.4 2 1.9 1.8 1.9 2.1 2.4 2.5 2.6 2.6 2.7 2.7 2.8 2.9 3 3.2 3 3.2 4.2 4.5 5.8 5.5 5.7 6 6.2 4.9 6.8 7.7 8.4 9.2 9.1 10 10 10 9.1 10 11 12 12.7 13.1 13.8 13.9 14.4 14.8 14.8 14.7 14.9 15 15.7 16.1 16.8 16.7 16.6 16.9 17.4 18.4 19 19.5 19.5 20 19.7 19.6 19.4 19.2 19 19 19.5 19.7 19.9 20.1 20.3 20.6 20.8 21.6 22.4 22.6 22.8 23 23.3 23.6 24.3 24.9 25.2 25.6 26.1
3.8 3.3 3.3 3.3 3.6 4.5 3.3 2.7 2.1 2.3 2.4 1.9 1.5 2.1 2.4 2.4 2.5 2.6 2.7 2.7 2.8 2.9 3.3 3.7 4.1 4.1 4.8 6 5.5 5.7 5.9 6.2 6 7.4 7.5 8 8.6 8.1 9.4 10.2 10.1 10 11 11.3 11.9 12.8 13.4 13.9 14.2 14.3 14.8 15.6 16.1 15.1 15.5 16 16.5 16.6 16.2 16.3 16.7 17.1 17.5 18.3 18.9 18.4 18.9 19.5 18.7 18.8 19 19.4 19.7 19.9 20.1 20.3 20.5 20.7 20.9 21.1 21.7 22.5 22.8 22.9 23.1 23.3 23.9 24.6 25.2 25.5 26 26.6
2.6 3.1 3.1 3.1 3 3.6 4.4 3.7 2.4 2.5 2.7 1.9 1.8 1.7 2.1 2.3 2.4 2.5 2.6 2.6 2.7 3 3.4 3.8 4.2 4.2 5.5 5.6 5.6 5.5 5.4 5.4 7.2 7.3 7.5 7.6 8.4 9 9.4 9.8 10.2 10.4 10.6 10.9 11.9 12.7 13 13.4 13.9 14.5 14.7 14.8 15.9 16.2 16.6 16.8 17.6 16.6 16 16.1 16.4 16.8 17.2 17.6 17.9 17.4 19.4 19.2 18.5 19.4 19.7 19.9 20.1 20.3 20.5 20.6 20.8 21 21.2 21.3 21.9 22.6 23 23.1 23.2 23.5 24.2 24.9 25.4 25.9 25.9 26.1
2.3 2.7 2.9 2.9 2.8 3.1 4.8 3.3 2.7 2.8 3.5 2.1 2 1.9 1.8 2.1 2.2 2.3 2.4 2.5 2.7 3 3.4 3.8 4.2 4.6 5.1 5.6 6.2 6 5.7 5.1 7.1 7.3 7.5 7.6 8.3 8.6 8.9 9.2 9.5 9.8 10 11 12 12.3 12.6 12.9 13.5 13.9 13.9 15 15.9 16.3 16.8 16.9 17.4 17.2 16.5 16.2 16.4 16.6 16.9 17.4 18 18.4 19.3 19.1 18.7 19.3 20.2 20.2 20.4 20.6 20.7 20.8 20.9 21.2 21.4 21.6 22.2 22.7 23.2 23.3 23.4 23.9 24.6 25.3 25.7 26 26.3 23.6
2.4 2.3 2.7 2.7 2.6 2.7 3.6 2.8 3.1 3.2 2.9 2.3 2.2 2.1 2 1.9 2.1 2.2 2.3 2.4 2.6 3 3.4 3.8 4 4.4 4.8 5.2 6 6.3 6.1 6.2 7 7.4 7.5 7.7 8.4 8.1 8.4 8.6 8.9 9.2 10 11.1 11.7 12 12.3 12.6 13 13.2 14 14.9 15.7 16.2 16.8 17.4 17.8 17.7 17 16.7 16.6 16.7 16.9 17.5 18 18.6 18.9 19.4 19.3 20.1 20.1 19.8 20 20.3 20.4 20.5 20.7 21.3 21.7 21.6 22.1 22.8 23.5 23.7 23.9 24.3 25 25.7 25.9 26.2 26.5 26.8
1.9 1.8 2.6 2.5 2.5 2.4 1.3 3.9 4.2 4.8 2.7 2.6 2.5 2.4 2.3 2.1 2 2 2.2 2.4 2.5 2.9 3.3 3.6 3.7 4.3 4.6 5 5.8 6.6 5.3 5.8 6.8 7.3 7.6 7.8 8.1 7.8 7.9 8.2 8.4 8.8 9.3 10.9 11.1 11.3 11.6 11.9 12.1 12.5 13.2 13.6 15 16.3 17.3 17.9 18.2 17.9 17.5 17.2 16.9 16.9 17.1 17.3 17.8 18.4 19.8 19.6 19.8 19.9 19.6 19.4 19.8 19.9 20.1 20.3 20.6 21.4 21.9 21.9 22 22.7 23.5 24.1 24.4 24.8 25.5 25.9 26.2 26.4 22.6 26.7
2.9 1.9 1.7 1.8 1.7 2.9 3.8 1.4 2.1 2.9 4.7 2.7 2.6 2.5 2.4 2.2 2.1 2.1 2.1 2.3 2.5 2.9 3.2 3.3 3.5 4.2 4.4 4.6 5.9 4.8 5.8 4.2 7.1 7.3 8.2 8.7 7.8 7.4 7.4 7.7 8 8.5 9.1 9.6 10.5 10.6 10.7 10.8 11.3 11.6 12 13.1 14.2 16.1 17.9 18.3 18.7 18.5 18.2 17.6 17.1 17.1 17.3 17.5 17.9 18.5 19.9 19.8 19.7 19.6 19.4 19.2 19.3 19.9 20.2 20.3 20.4 21.4 22.2 22.1 22 22.6 23.4 24.1 24.8 25.2 25.3 26.3 26.4 26.8 26.8 26.4
2.6 2.4 4 1.8 2.2 1.8 1.4 1.4 1.4 2 4.5 3.4 2.7 2.5 2.4 2.3 2.3 2.2 2.2 2.3 2.4 2.8 2.9 3.1 3.3 4.1 4.2 4 5.3 6.8 4 4.2 6.1 6.7 6.5 6.9 7 7 6.9 7.2 7.7 8.3 8.8 9.2 9.4 9.9 10 10.2 10.4 11.4 11.7 13.2 13.9 15.9 18 18.9 19.8 19.6 19 18.2 17.7 17.4 17.5 17.7 17.7 19.2 19.5 19.3 19.5 19.4 19.2 19.1 19.1 19.3 20.3 20.3 20.3 21.5 22.1 22.7 22.6 22.5 23.3 24.1 24.7 25.3 25.5 26.1 26.9 27 27.2 26.9
3 2.5 2.6 3 1.7 1.6 1.4 1.4 1.4 1.4 2.5 5.2 2.9 2.7 2.5 2.5 2.4 2.3 2.3 2.3 2.4 2.5 2.7 2.9 3.1 5.5 7.9 8.2 7.7 6.9 4.8 5.1 5.5 5.9 6.3 6.7 7.1 7.1 6.8 6.9 7.4 7.9 8.4 8.7 8.9 9.1 9.4 9.5 9.7 10.6 11.5 13.7 14.4 15.8 17.5 19.4 20.8 20.6 19.9 18.9 18.4 18.1 17.8 17.8 17.7 18.5 18.8 18.8 18.9 19.1 19 18.9 19 19.4 20 20.4 20.1 21.3 21.8 22.3 23.1 23.3 23.4 23.8 24.4 25 25.5 26.1 25.9 21.8 26.8 27
2.9 2.1 1.9 1.9 3.1 2.8 1.4 1.2 1.4 1.3 1.4 3.2 3.7 3.1 2.6 2.6 2.5 2.5 2.4 2.4 2.5 2.4 2.8 3.1 5.4 7.4 8 8.3 8.1 7.2 5.8 4.9 5.3 5.8 6.2 6.6 7 7.4 7.2 6.9 7.1 7.6 8.1 8.3 8.5 8.7 8.9 9 9.1 9.6 10.7 13.7 14.3 15.9 17.3 19.3 21.9 21.7 20.7 19.8 19.1 18.5 18.2 17.9 17.8 17.7 18 18.2 18.4 18.5 18.7 18.7 19 19.6 20.1 20.3 20 20.4 21.3 21.9 22.4 22.8 23.1 23.5 24 24.6 25.2 25.7 24.1 26.4 26.4 26.6
3 2.4 1.9 1.9 2.1 2.5 2.1 2.5 1.3 1.3 1.3 1.7 2.6 2.9 3 2.8 2.7 2.6 2.5 2.6 2.7 2.6 2.7 5.6 7.2 7.6 8.1 8.3 8.1 7.3 6.4 5.2 5.2 5.5 6 6.5 6.9 7.4 7.4 7.3 7 7.3 7.6 7.8 8 8.2 8.4 8.6 8.7 9 10.9 13.3 14.3 15.9 17.3 19.1 20.4 22.3 21.6 20.9 20.2 19.5 18.5 18.3 18.1 18 17.7 17.8 17.8 18 18.2 18.4 19.2 19.8 20.2 20.2 20.1 20.4 20.8 21.2 21.8 22.4 22.8 23.2 23.6 24.2 24.7 25.4 21.9 26.5 26.5 26.2
3.2 2.5 2.4 2.4 2.3 2 2.4 2.4 3 1.2 1.3 1.4 1.5 3 3 3.2 3 2.8 2.7 2.8 2.8 2.6 4.5 7 7.5 7.9 8.2 8.1 8.1 7.3 6.2 5.3 5.1 5.2 5.8 6.3 6.7 7 7.4 7.2 7.1 7 7.4 7.6 7.9 8.2 8.5 8.7 9 9.5 10.9 12.3 13.7 15.2 17.4 19.6 21.6 22.6 22 21.2 20.1 19.4 18.9 19 18.8 18.6 18 18 18 18.1 18.1 18.2 19 20 20 20 20.3 20.7 21.1 21.1 21.5 21.8 22.3 22.9 23.3 23.7 24.3 24.7 24.8 26.4 26.6 26.5
3.5 3.2 3.1 3 2.8 2.6 2.1 1.8 2.1 3.5 1.3 1.3 1.9 2.6 5.7 3.2 3 2.8 2.9 2.6 6.3 6.6 7.1 7.3 7.9 8 8.2 8.1 8 7.6 6.9 5.1 4.8 4.9 5.2 5.6 6 6.3 6.7 7.1 7.1 7 7.4 7.8 8.1 8.5 8.9 9.2 9.6 10.7 11.6 12.3 13.2 14.7 17.6 19.9 23.2 22.5 22.5 21.6 20.4 19.5 19.4 19.5 19.5 19 18.4 18.2 18.3 18.3 18.3 18.4 18.6 19.3 19.7 19.8 20.2 21.2 21.6 21.2 21.6 21.9 22.3 22.6 22.9 23.3 24.2 23.1 25.1 25.5 25.9 26
3.9 3.9 3.7 3.5 3.3 3.2 2.8 1.9 1.8 2.3 3 2 2.4 1.9 4.3 5.2 4.9 3.6 6.1 2.9 6.4 6.8 7.3 7.5 7.8 8 8.2 8.1 8.2 8.3 7.6 6.2 4.7 4.6 4.8 4.9 5.3 5.6 6.1 6.5 7.1 7 7.3 7.7 8.1 8.5 8.9 9.2 10 11.1 12.2 12.8 13.7 15.2 17.5 20.3 20.6 22.4 22.3 21.9 20.3 19.7 19.7 19.7 19.7 19.5 18.9 18.4 18.5 18.5 18.5 18.6 18.8 19 19.4 19.7 20.1 20.8 21.7 21.2 21.6 22 22.3 22.7 23 23.2 24.1 20.8 25 24.8 25.1 25.2
4.5 4.5 4.3 4.1 3.9 3.7 3.3 2.2 2 2.3 2.7 2.2 2.5 1.9 3.9 3.3 3.3 3 7.9 7.1 6.5 6.9 7 7.1 7.4 7.7 8.1 8.2 8.3 8.5 7.9 5.9 4.4 4.4 4.5 4.7 4.9 5.1 5.5 5.9 6.5 7 7.3 7.7 8 8.1 8.6 9 9.7 10.9 12 11.9 12.9 15 15.9 19.2 19 22.4 21.7 21.1 20 19.6 19.4 19.4 19.4 19.3 19.1 18.7 18.7 18.7 18.7 18.8 19 19.2 19.8 20.2 20.5 20.9 21 21.2 21.6 22.1 22.4 22.8 22.9 23 22.7 23.7 24 24.2 24.4 24.6
4.8 4.8 5.1 4.9 4.7 4.4 2.8 3.3 2.6 2.8 2.7 2.6 2.6 2.5 3.3 3.1 3 6.1 8.3 8.5 2.9 6.6 6.6 6.8 7.2 7.6 8 8.4 8.2 8 6.8 6.8 4.9 4.1 4.4 4.8 5.2 5.4 5.3 5.3 5.8 6.7 7.1 7.2 7.4 8 8.5 8.9 9.5 10.6 11.2 11 12.1 13.7 14.9 16.1 18.3 22.2 22.5 21.2 19.3 19.6 19.3 19.1 19 19 18.8 18.8 18.8 18.9 18.9 18.9 19.1 19.5 20.5 21.2 21.5 21.8 21.9 21.8 21.5 22.1 22.5 22.7 22.8 22.7 20.4 23.1 23.4 23.6 23.8 24
5.1 5.1 5.2 5.7 5.2 3.9 3 2.9 2.7 2.7 2.7 2.6 2.6 2.2 2.7 2.7 2.8 7.7 8.5 9.4 8.9 7.2 6.7 6.9 7.2 7.3 7.9 8.4 8.6 8.4 8 7.3 5.5 4 4.3 4.6 5 5 5 5.1 5.4 5.9 6.3 6.8 7.4 7.9 8.3 8.7 9.3 10.2 10.1 10.3 11.7 12.5 13.9 15.9 17.3 20 21.5 20.9 20.3 19.9 19.4 19 18.7 18.7 18.7 19 18.3 18.5 19 19.1 19.3 20.3 21.3 22.3 22.5 22.7 22.9 22.5 22.2 21.8 22.4 22.5 22.1 21.7 22.5 22.5 22.7 23.1 23.4 23.6
5.4 5.4 5.4 4.8 5 3.8 3.4 3.1 2.9 2.7 2.6 2.5 2.6 2.7 2.5 2.8 3 8.4 9.6 10 9.9 8.3 6.6 7.1 6.9 7.1 7.8 8.3 8.7 8.6 8.2 7.7 6.6 5.2 4 4.4 4.8 4.7 4.8 5.2 5.5 5.9 6.4 6.8 7.3 7.9 8.3 8.7 9.1 10 9.7 9.6 10.9 12.2 13.3 14.9 16.6 18.5 19.7 19.3 20.7 20.3 19.8 19.4 18.9 18.6 18.7 18.8 18.5 18.7 19 19.2 20 21.1 22.1 23.1 23.6 23.8 23.9 23.7 23 22.2 22.3 22.7 22.4 20.5 22.1 22.1 22.5 22.8 23.1 23.2
5.6 5.6 5.6 5.1 4.4 3.8 3.6 3.4 3.2 3 2.8 2.5 2.6 2.7 2.6 2.5 6.7 9 10.3 10.3 10.4 9.6 8.3 3 6.8 6.6 7.6 8.2 8.6 8.7 8.3 7.9 7.4 5.8 4.3 4.1 4.5 4.5 4.8 5.2 5.6 6 6.4 6.8 7.3 8.1 8.8 9 9.5 10.1 10.7 10.6 11.4 12 14.5 15.5 15.8 17.3 18.7 19.3 21.1 20.6 20.1 19.6 18.9 18.6 18.8 18.9 19 19 19.2 19.6 20.5 21.6 22.7 23.8 24.6 24.8 25 24.3 23.5 22.7 22.5 22.8 22.6 22.6 22.1 21.9 22.2 22.5 22.7 22.8
5.8 5.9 5.7 5.3 4.6 4.4 4.2 4 3.8 3.5 3.2 2.8 2.6 2.7 2.7 2.6 8.3 9.7 10.2 10.2 10.2 10.4 9.4 8.3 6.2 0.6 5.4 8 8.4 8.7 8.6 8.1 7.7 6.9 5.5 4.9 4.3 4.6 4.9 5.3 5.7 6.1 6.5 6.9 6.9 7.9 9 9.3 9.9 10.4 10.5 10.8 11.8 12.4 12.9 14.2 15.9 17.6 18.7 20.2 21.1 20.8 20.3 19.7 18.9 18.7 18.8 19 19.1 19.2 19.6 20.1 21 22.1 23.7 25.2 25.5 25.5 25.3 24.8 24 23.1 22.7 22.8 20.5 22.6 22 21.6 21.9 22.3 22.4 22.4
6.1 6.1 5.8 5.5 4.9 4.9 4.8 4.5 4.3 4 3.6 3.1 2.6 2.6 2.7 3.6 8.3 9.7 9.9 10 10.3 10.5 10 9.1 7.3 5.1 7.2 7.8 8.2 8.5 8.6 8.5 8.1 7.4 6.1 4.4 4.4 4.7 5 5.3 5.7 6 6.8 7.4 7.9 8.7 8.9 9.7 9.8 10 10.3 10.9 11.4 12.7 13.6 14.9 15 17.7 18.5 19.4 20.8 20.9 20.4 19.7 18.9 18.7 18.9 19 19.2 19.4 19.8 20.2 21 21.7 23.2 25 25.4 25.7 25.6 25.3 24.6 23.5 22.6 22.9 22.8 22.4 22 21.4 21.7 21.9 22 22.1
6.3 6.2 5.9 5.6 5.4 5.4 5.3 5.1 4.7 4.5 3.9 3.4 2.8 2.7 3.1 4.3 8 9.5 9.9 10.1 10.3 10.6 10.5 10 8.5 2.9 7.3 7.6 7.9 8.3 8.6 8.5 8.3 7.5 6.3 4.1 4.4 4.7 4.9 5 4.5 5.8 6.7 7.5 8.2 8.6 9.1 9.3 9.5 9.7 10.3 10.9 11.4 12.1 13.5 13.9 15.2 16.4 18 20.3 21.2 21.5 20.4 19.7 18.9 18.8 18.9 19.1 18.6 18.6 18.2 18.9 20.3 21.2 22.9 23.9 24.6 25.2 25.4 24.9 24.5 23.5 22.7 21.5 22.6 22.2 21.9 21.4 21.4 21.5 21.6 21.7
6.6 6.3 6 5.8 5.8 5.9 5.8 5.5 5.3 4.8 4.1 3.4 3.4 3.3 2.9 3 5.5 8.4 9.8 10.1 10.4 10.6 10.7 9.4 7.8 5.2 4 6.9 7.6 8 8.4 8.3 7.6 6.9 5.8 4.4 4.2 4.5 4.6 4.6 4.5 4.8 6.1 6.7 7.6 8.4 9 9 9.2 9.7 10.3 10.9 11.5 12 12.7 14 15.4 16.6 18.2 20.3 21.6 21.8 20.4 19.6 18.9 18.8 18.8 18.3 17.3 17.8 18.3 19.2 19.9 20.7 21.6 22.3 23.1 24 24.5 23.8 23.8 23.4 22.4 22.7 22.4 22.1 21.7 21.3 21 21.1 21.2 21.3
6.8 6.4 6.4 6.3 6.3 6.3 6.3 5.9 5.4 4.6 4 4 4 4.1 3.4 2.9 2.9 6.7 9.5 9.9 10.2 10.4 9.6 7.9 4.9 5.9 7.1 3 6.6 7.4 7.9 8.2 7.5 7.1 7 5.7 4.2 4.3 4.3 4.5 4.8 5.9 5.9 6.5 7.1 7.8 8.3 8.7 9.1 9.7 10.3 10.9 11.5 12.1 12.8 13.8 15.4 18.1 18.6 19.9 22 22 20.9 19.3 18.7 18.6 18.1 17 16.4 16 17.3 16.8 17.2 19.3 20.4 20.8 22.1 22.9 23 22.7 23 22.3 22.1 22 21.9 21.8 21.5 21.3 21.1 20.9 21 21.1
6.9 6.9 6.8 6.8 6.8 6.5 6.1 5.3 5.9 4.7 4.6 4.6 4.7 4.7 4.4 3.7 4.7 7.7 9.7 9.6 9.7 9.3 8.1 3.7 6.7 6.5 7.5 7.9 5.7 6.5 7.6 8 7.7 7.6 6.9 5.3 4.2 4.3 4.5 4.7 5 5.9 6.7 7.1 7.6 7.9 8.2 8.6 9.1 9.7 10.3 11 11.6 12.2 12.9 13.7 15.6 17.7 18.7 19.1 20.4 21.7 20.4 18.3 17.6 16.8 15.8 15.3 16.6 17.5 18.1 18.5 18.5 19.2 20.2 20.1 20.1 21.9 21.6 21.2 21.9 20.2 21 21 21 21.3 21.6 21.5 21.3 21 21.1 21.2
7.4 7.3 7.3 7.3 7 6.6 6.1 5.6 5.1 4.7 4.7 4.7 4.6 5.2 4.5 3.5 3.7 6.1 8.1 9.3 8.6 7.5 4.8 7 6.9 6.4 5.1 8.4 8.3 7.1 6 7.4 6.7 5.8 5.2 4.4 5.4 4.7 4.6 4.8 5.2 5.7 6.6 7.4 7.8 8.1 8.4 8.8 9.2 9.8 10.4 11 11.6 12.2 12.8 13.7 15.3 16.7 18.2 18.4 18.2 19.1 18.9 17.1 16.5 15.8 14.9 16.7 17.2 17.7 18.3 18.9 19.4 19.8 19.9 20 20.1 20.7 20.5 20.2 20 21.3 20.6 20.4 20.7 21.1 21.5 21.6 21.5 21.3 21.2 21.3
8.3 7.8 7.7 7.5 7 6.5 6.2 5.8 5.5 5.4 5.6 5.9 5.3 5.6 4.8 3.8 3.2 3.5 6.1 7.7 7.9 6.7 6.9 7.1 7.2 6.8 5.9 8.5 8.9 9 5 6.7 6.5 4.5 4.2 5.9 6.6 5.1 4.8 5 5.4 5.9 6.3 6.8 7.4 7.9 8.4 9 9.4 9.9 10.4 11 11.6 12.3 12.9 13.8 14.8 15.5 17.2 17.3 17.5 17.4 17.4 16 15.3 14.7 15 16.8 17.4 18 18.5 19.1 19.6 20 20.2 20.3 20.4 21.1 20.6 20.1 19.8 19.9 19.8 20 20.5 20.9 21.2 21.4 21.5 21.6 21.3 21.4
8.8 8.2 8 7.6 7.3 6.9 6.6 6.2 5.9 5.8 5.7 5.9 6 5.9 5.3 4.1 3.4 3 4.3 5.9 7.5 6.9 5.5 7.1 7.1 6.9 2.9 8.8 9.3 9.1 3.9 5.3 4.5 5.2 4.6 5.8 6.4 5.1 5.2 5.1 5.4 6 6.2 6.6 7.2 7.7 8.2 8.6 9.3 9.9 10.5 11.1 11.7 12.2 12.7 13.2 14.1 17.2 16 16 16.1 16 16.2 15.1 14.3 13.7 16.4 17 17.6 18.2 18.8 19.3 19.7 20.1 20.4 20.6 20.7 21.6 21.1 20 20.1 19.6 19.6 19.9 20.3 20.6 21 21.3 21.4 21.5 21.6 21.5
