data/330000-600000.asc
ncols 200
nrows 200
xllcorner 330000
yllcorner 600000
cellsize 50
[rows 70 to 104 of 200, columns 0 to 77 of 200]
419.5 417.5 417.1 416.6 416 415.6 415.3 413.8 413.7 413.2 413.3 412.8 412.1 411.5 413.4 414.9 412.7 412.3 407.2 398.9 391.4 387.6 379.2 369.9 359.8 351.6 346 340.7 334.1 327.1 321 313.6 306.9 302.3 311.8 315.8 313.8 308 321.3 337.4 352.5 369.5 380 381.5 378.6 371.5 361.7 349.1 337.8 326.2 312.5 295.9 282 267 258.1 253.4 250.5 248.5 245.2 241 236.9 242.2 247.2 255.1 261.3 268.3 276.7 289.9 301.1 309.9 313 314.9 318 320.9 319.8 316.7 313.4 310.3
416.9 415 414.1 412.9 412.4 412.1 412 411.2 410.2 407.8 406 404.3 402.5 400.9 402.3 402.3 400.3 395.4 393.7 386.8 382.2 373.7 363.9 353.3 343.9 339.9 334.4 331.2 324.8 316.4 309.6 318.7 319.3 319.2 322.3 321.8 317.1 319.3 333.8 350 362.6 373.2 377.5 377.2 372.4 364.5 352.7 340.8 328.7 316.7 298.5 284.9 270.5 259.5 253 251.1 248.7 246.4 242.1 238.2 242.7 247.2 253 259 265 272.2 281.5 295.1 306.7 314.4 318.3 324.2 327.5 327.2 324.4 321.7 318.8 315.1
412.8 410.7 409.7 409.1 409.5 409.3 409.5 409.5 408.2 405.3 400.8 398.1 395 390.6 390.9 387.3 385.5 384.8 379.3 371.3 367.5 358.5 345.7 337.5 329.7 327.4 325 322.4 318.2 313.9 322.4 324.9 326 326.8 328.3 326.7 319 329.9 349 363.3 372.7 374.8 374.5 371.2 364.5 354.4 343.4 333.1 317.8 301.1 288.4 274.9 259.4 253.1 250.7 249.2 246.7 241.1 241.7 245.3 250.4 251.8 258.3 263.6 270.1 276.3 287.8 299.6 310.1 318 326.4 332.2 333.8 331.8 329.3 328 324.2 321.5
408.1 406.1 405.4 405.1 405.5 406.7 407.4 408.5 407.5 404.5 401.5 398.8 394.8 390.2 379.2 377.4 371 366.3 361.6 359.5 350.4 340.3 334.6 328.9 325.7 322.6 319.2 316.1 317.8 325.6 330.5 334.2 335.8 337 337.2 333 328.5 344.5 362.2 371.2 375 374 372.8 364.7 352.6 341.6 333.5 320.4 304.1 287.3 275.3 262 253.8 249.9 248.1 245.7 242.7 245.2 250.6 252.3 254.2 258.9 260.4 268.8 275.1 281.5 292.1 302.3 311.9 323.3 332.2 336.4 336.4 335.1 333.7 332.3 330.7 330
401.5 401.1 401 401.3 402.6 404.2 407.3 408.3 407.3 404 401.8 400.6 395.9 387.8 381 374.2 364.7 354.7 351.6 345.5 339.7 333.5 329.5 326 323.5 324 325.9 327.5 334.3 344.7 350.9 351.4 350.8 349.8 347.1 343.3 341.9 356.4 369 376.7 376.3 374 368.1 356.2 343.4 333.8 322.3 303.9 287.7 275.6 263.6 254.2 250.2 247.3 246 243.9 244.9 250.1 254.6 256.8 254 264.6 267.6 271.3 278.6 286.1 294.9 305.8 317.7 325.9 333.4 337.8 337.5 337.7 336.9 336 334.4 331.7
395.1 395.7 395.5 396.5 398.6 402.1 405.6 406.5 405.5 402.7 401.1 397.5 391 383.4 377.7 370.9 362 352.8 344.1 338.8 335.5 334.5 330.4 328.8 331.1 329.9 332.4 338.9 352.5 363.7 367.8 369.5 368.8 365.1 361.1 352.1 351.9 363.4 373.3 378.7 377.4 370.1 360.2 346.8 335.5 324.7 308.4 289.4 276.9 266.2 257.3 251.7 249.2 247.2 245 246.3 248 252.1 257.5 261.6 264.2 268 274.2 276.4 280.5 288.2 298.3 309.5 319.3 326.9 334 338.3 339.9 340.2 339.4 337.6 335.3 332
387.6 388.8 389.4 391.8 394.6 398.9 402.1 403.1 402.9 401.1 398.8 393.8 387.8 383.5 376.8 367.3 356.8 351.1 347.3 342.8 340.1 334.5 331.2 331.8 335.3 335.7 341.8 356.1 371.7 378.9 382.7 381.5 377.7 373.3 367.4 360.3 361.2 369.6 377.8 379 373.1 365.4 354.4 341 328.8 312.1 293.7 281.6 268.9 260.8 256 251.4 248.8 247 248.3 251.9 250.2 253.7 260.4 265.9 271.3 273.2 277.5 281.6 287.5 291.7 301.3 313.4 323.6 330.9 337 339.5 339.8 340 338.8 334.8 331.5 329.2
382.1 382.9 385 388.9 392.9 396.4 399.3 402.1 402.1 400.7 397.7 393.4 389.4 383.3 379.9 371.6 363.8 355 348.7 342.8 337.9 339 339.5 338 340.7 343.6 357.5 373.3 383 388.5 390.3 387.9 383.9 376.8 370.9 365.8 370.5 377.7 380.5 378.8 372.6 361.5 348.4 335.6 320.8 305.7 291.4 281.6 271.3 262.5 260.2 255 249.4 252.2 254.3 256.3 255.6 258.8 263.9 270.7 277.2 281.9 282.3 286.5 292.5 298.4 306.7 317.2 327.1 333.4 337.2 338.2 336.7 335 331.4 327.3 322.3 320.1
379 379.4 384.2 388 392.4 397 400.4 402.4 402.6 400.6 398.2 393.3 389.6 387.6 382.9 376.2 365.7 355.5 349 344.7 346.5 346.8 347.3 345.1 347 351 369.3 382.7 389.8 395.2 394.9 390.8 385.6 380 375.9 376.3 381.4 384.6 385.5 381.2 372.4 358.1 344 328.9 312.3 299.7 285.6 280.2 275.3 270.8 266.3 257.9 249.4 255 258.1 259.1 261 267 273.1 281.6 285.5 289.1 291 288.4 297.2 304.1 309.4 321.4 329.4 334 336 335.2 330.7 328.6 323.1 318.8 315.2 312.4
376.2 380.5 384.4 388.8 393.3 398.3 402 403.8 403.8 400.6 398.5 395.8 393.1 390.9 384.6 375.9 363.9 355 347.6 354 356 355.7 354.2 354.1 352.5 358.1 375 389.9 396.4 398.3 397.2 392.5 387.2 383.6 388 390.3 390.6 392.3 390.2 383.9 371.5 357.2 343.3 325.9 311.1 296.8 288.4 281.2 276.2 271.3 267.1 260.1 251.6 257.6 261.2 263.4 268.4 278.1 286.8 292.2 295.4 297.2 298.9 299.6 301.5 308.6 318.9 326.8 333.5 337.5 338.1 335.2 330.5 327.6 324.4 320.2 316.1 312.5
378.8 383.1 387.8 390.8 396.2 400.8 403.9 405.2 404.9 402.2 400.2 399.9 398.1 394.7 388.6 376.5 365 355.6 358.1 363.7 361.9 364.5 362.6 360.3 354.6 365 376.5 393.1 401 400.9 398.8 393.7 389.9 392.5 396.4 397 395 395.9 390.9 380.7 368.1 356.1 342.8 326.8 309.2 296.3 288 280.9 275.8 270.8 265.8 259.7 251.5 258.3 262.2 269.2 280.8 292.2 299 304.6 308.5 309 307.8 305 308.1 319.8 329.9 335.2 338.8 342.5 341.8 340.5 336.9 332.9 328.4 323.6 319.5 317.6
384 388.6 392.5 395.9 399.5 404 406.6 407.4 406.1 406 406.7 405.6 401.9 397.2 390.5 381.8 370.3 356.1 365.4 372.8 373.1 372 368.8 365.9 360.8 367.8 381.2 395.8 403.4 402.3 399.4 398.7 398 399.7 401.9 402 400 396.8 389.3 378 368.1 356.4 339.4 324.8 310.5 298.3 288 280.6 275.2 271.3 266.1 258.2 252.5 259.8 266.7 279.9 293.6 305.9 313.8 319.2 322.8 322 318.2 315.5 315.4 326.7 338.6 343.8 347 347.5 346.7 347.1 344.2 340.3 334.8 330.4 326.3 322.8
390.2 395.4 399 402.4 405 407.6 409.7 410.3 409.4 411.1 413.1 410.4 404.7 398.1 392.8 384.8 373.1 366.3 376.2 381.6 381.3 378.9 375.5 372 366.2 369.6 380 395 402.4 401.7 399.6 401.1 404.3 404.9 404.6 403.1 399.2 393.4 385.2 374.8 364.7 350.7 335.6 321 307.1 296.6 286.6 278.1 273.8 270.3 264.4 257.7 254.6 259.1 275.7 292.6 309.5 320 327.4 333.3 336.2 335.1 329 324.1 325.4 332.1 346.6 351 352.4 354.8 355.5 353.4 349.4 345.6 341.9 338.9 333.4 329.8
397.3 402.2 405.7 408.5 410.7 412.7 414.7 416.8 419.7 419.8 418.4 411.5 406.2 399.3 393.3 385.8 374.6 372.4 383.2 389 391.2 388.9 383.3 379 373.6 370.9 378 390.4 400.7 402.3 403.9 405.8 408 407.4 405.1 400.3 394.9 387.6 375.6 367.4 354.4 342.7 327.3 312.7 302 292.7 283.9 276.3 272.1 268.2 261.7 257.3 255.4 267.7 285.8 304.6 320.9 332.4 339.8 343.4 346.1 345.4 340.2 332.7 334.9 341 355.9 357.4 359.7 360.8 360.8 358.3 353.8 349.6 346.5 343.2 339.8 335.6
403.6 408.1 411.6 414.1 416.3 417.8 420.7 424 425.8 423.1 419.5 413.4 407.7 400.7 394.7 387.9 379.1 380.7 389.7 395.7 398.4 397.1 391.8 385.8 380.6 377.2 381.7 388.4 398.3 404.9 408.7 410.7 412 407.2 400.8 391.2 383.5 374.2 360 348.7 337.8 326.2 315.8 305.8 296.9 288.6 279.7 273.5 269.7 267.2 259 256.2 259.5 275.9 294.6 314.7 331.6 343.2 347.7 350.8 353.8 352.7 347.4 336.6 344.7 352.6 359.1 362.1 365.6 366 363.3 360.4 355.8 350.5 348.3 345.1 341.7 338.7
407.4 412.5 416.5 418.5 420.5 420.8 426.9 430.1 430.1 425.9 421.1 415 408.3 401.9 392.3 385.5 379 386.9 394.3 400.2 405 405.3 400.6 392.2 386.4 381.8 381.7 387.6 397.7 406.3 410.3 410.5 409.3 402.3 392.9 381 370.4 358.9 343.3 330.1 321.3 312.7 306 298.7 291.3 283.1 275.9 270.6 267 262 260.5 263.9 269.8 285.8 305.4 324.9 340 351.1 357.6 360.2 360.2 358.3 353.6 348.2 353.4 360.6 361.9 364.9 366.4 366.2 363 359.1 355.1 351.4 348.6 344.6 340.8 336.6
409.4 415.6 418.7 421 423.5 426.8 431.2 431.7 430.7 427.3 421.8 415.5 408.3 399.9 393.6 386.4 379.5 391.1 399.2 404.7 409.3 410.4 406.7 399.7 394.4 388.9 387.6 390.8 400.4 407.6 410.8 410.4 405.2 397 387 374.1 360.3 347.8 333.8 322.1 312.6 306.1 299.5 292.1 285.1 278.7 272.7 269.5 265.5 262.8 264.8 271.7 278.1 294.5 313.6 330.9 344.5 355.7 362.9 366.9 365.5 362.6 357.3 354.7 358.4 362.9 363.2 362.3 361.7 361.2 358.6 352.8 350.7 347.5 345 341 336.6 331.7
408.3 414.4 419.4 422.9 425.8 430.8 433.7 433.9 431.7 427.4 421.2 415.7 407.7 398.3 392.3 386.7 388.6 394.1 401.6 407.8 412.3 413.5 411.4 406.8 401.4 394.7 393.9 396.1 401.7 407.8 410.4 407.4 400.9 392.4 380.5 364.8 352.1 338.7 326.4 315.6 307.6 301.1 295.6 290 284 278.4 273 268.1 264.9 262.3 269.1 277.5 288.5 300.7 319.5 335 346.9 357.8 365.3 370.5 370.9 365 358.8 356.5 359.2 361.2 359.8 358.1 355.6 353.2 349.6 345.5 343.1 341.2 339.3 335.1 330.6 325.4
405.3 411.5 417.6 422.6 427.8 432.7 434.8 435 431.6 426.9 420.2 413.7 405.4 398.5 393.9 386 392.2 398.6 405.2 411.6 416.2 418.2 414.9 410.3 405.3 400.4 398.6 401.1 404.6 408.9 408.6 404.4 397 387.9 374.9 360.6 346.2 333.7 322.3 312.7 305.4 297.5 292.8 288.5 283.8 280.8 274.9 267 265 267.8 274.8 286.8 298.1 307.9 323.1 337 348.7 359.7 367.7 371.7 370.7 366.1 359 355.9 355.4 354.2 353.6 350.9 348.5 345 342 335.2 330.3 330 328.4 325.1 321.6 315.4
400.4 407.1 414.5 421 428.5 433 434.8 433.5 430.2 425.8 419.9 412.4 406 400.9 394.4 390.9 395.5 401.5 409.4 414.5 419 419.3 417.9 412.9 408.6 404.7 402 403.8 405.6 407.9 405.5 400.7 392.8 381.3 372.5 358.3 343.9 330.7 319.8 310.6 301.9 296.3 292.1 288 282.5 277.8 273.6 266.5 265.5 272.2 283.8 296.5 307.5 316 327 338.7 350 360.2 367.3 370.7 368.7 360.9 356 352.9 349.4 347.4 344.3 342.9 340.1 335.6 331.8 325.6 319.6 318.4 315.9 314.7 311.3 303.1
393.3 402 410.7 418.7 426.3 431.2 432.3 431.6 428.8 423.6 417.8 411.4 404 399.8 392.2 397.8 401.7 407.4 412.1 416.2 420 420.7 419.1 415.4 411.5 408 405.1 402.2 402 402.9 398.3 392.6 382.4 375.8 367 354.2 339.4 324.9 315.9 306.9 298.1 293.2 289.2 285 280.9 273.8 273.2 266.5 270.6 281.6 294.8 305.3 316.7 325.6 337.8 345 353.1 360.1 365.1 366.1 363.4 357 352 347.5 343.3 336.9 333.2 332.5 328.7 325.1 320.2 316.6 310.7 307.5 303.8 301.6 296.3 288.7
389.3 396.6 407.9 417.1 424.1 429.6 430.5 430 426.9 422.4 416.9 410.6 404 399.2 399.2 404 410 413.7 415.9 418.6 421.4 421.8 420.8 417.9 414.5 410.8 403.5 400.2 400 396.1 391.5 380.5 371.2 366.7 355.1 343.1 327.6 318.9 308.7 298.6 293.8 288.6 286.3 282.9 279.3 274.7 268.5 269 280.6 292.9 305.2 316 325 336.5 345.7 352.1 357.2 361.9 363.5 362.1 358.1 352.4 347.1 342.6 336 330.3 323.8 320.6 318.5 314.6 310.9 307.1 301 296.3 291.7 287 284.9 276.8
388.3 396.5 407.2 416.4 422.7 426.5 428 427.1 425 420.6 415.7 409.6 403.3 400.3 405.7 410.5 415.8 419.7 420.1 422.2 425.5 425.2 422.8 420.1 417.1 410.9 402.6 393.9 385.2 381.3 374.8 364.9 356.4 349.9 339.3 330 318.6 308.6 299.7 292.5 291 286.8 281.2 279.7 274.9 270.9 270.7 278.4 292.1 303.4 314 323.1 334.7 346.8 355.4 361.5 364.2 367.9 367.6 360.5 352.4 345.8 341.9 334.9 328.9 322.1 316.8 312.7 309.7 305.4 301.4 297.8 291.7 287.7 283.9 279.5 276.3 269.6
388.7 397.3 408.5 417.1 421.7 424.5 424.5 423.8 422.2 418.9 414 408.8 404.9 404.1 410.5 416.5 421.2 424.5 425.2 427.3 429.4 428.8 426.3 423.6 419.1 411 401 390.6 377.2 367.6 360.8 349.8 342.1 330.7 323.6 315.6 305.4 297.2 288.6 285.4 282 279.9 278.6 276.9 273.4 273.1 276.8 289.5 302.4 315.1 325.2 334.5 346.4 357.1 365.4 371 372.6 372.1 368.7 360.9 350 338.5 334.4 326 318.9 314.3 308.4 304.9 300.3 297 293.7 289.5 286.9 283.7 280 275.8 271.3 267.8
390 398.6 408.1 415.4 420.4 421.9 423.1 423.1 421.1 417.8 412.6 410.3 408.4 408.9 415.1 420.9 426 429.3 430.2 429.9 430.6 430.7 430 424.3 416.1 405.9 395.4 384.1 371.3 356.3 346.7 337.6 329 319.1 311.7 299.7 296.3 297.8 297.3 293.6 289.1 281.5 278.6 276.6 278.2 280.7 287.8 299.5 313.1 325.6 336.1 344.6 354.5 367.2 376.7 380.3 381.9 379.1 373.4 363.6 351.7 343.3 330.6 319.5 313.7 307.6 301 298.2 294.2 291.5 288.4 285.5 283.6 281.4 278.2 274.8 270.1 266.4
391.1 398.3 405.6 411.7 417.4 420.3 421.8 422.5 420.7 417.7 414.4 410.9 411.3 414.1 419.4 425 429.5 431 431 430.9 430.9 431.1 428.8 420.9 409.7 398.8 388.9 373.9 359.4 348.9 337 328.2 320 311.9 301.1 308.7 309.6 307.2 306.7 300.6 291.3 285.9 280.2 281 282.9 286.4 295.2 308.1 322.5 335.1 346.3 356.3 365.5 377.1 385.4 389.4 389.4 386.7 377.8 367.8 356.9 343.9 335.2 325.3 317.5 309.2 300.6 295.4 290.7 288 285.9 284.7 282.4 279.9 276.8 273.7 269.1 266.3
391 396.9 403.8 409.3 414.5 419.2 422.4 424.5 422.4 420.2 416.8 413.1 414.6 418.2 422.8 427.8 430.6 431.3 430.7 429.8 428.6 427.7 422.9 414.6 403.1 392.8 377.9 363 347.2 336.5 330.6 324.9 319.2 306.2 312 316.6 318.4 316.4 313.2 301.1 294.1 290.7 281.4 285.7 286.6 290.2 303.4 316 330 344.9 357 367.5 377.8 390 397.2 398 397 392.9 382.3 370.2 360.9 348.6 336.5 326.1 317.5 307.1 297.8 293.5 289.8 285.6 283.7 282.5 281.1 277.2 273.8 270.4 269.1 258.1
392.3 397.4 404.6 411.2 417.6 421.7 426.1 428.5 426.7 423.3 420.1 416.6 417 420.7 424 427.4 429.7 429.4 426.6 423.8 422.4 420.2 415 404.9 393.8 378.8 363.9 350.7 339 332.6 328.6 321.9 310.6 321.6 325.8 326.8 327.3 324.2 312.3 299.9 293.1 290 285.7 290.9 293.9 294.4 306.6 317.8 333 349.4 364.2 377.1 390.6 400.5 405.4 405.5 402.5 395 384.6 375.1 363.5 349.1 336.1 325.4 315.2 304.6 295.6 291.2 287.6 284.1 281.3 280.5 277.9 274.4 265.8 262.8 261.9 258.7
394 399.5 407.1 415.1 422 426.4 429.9 432.8 431.7 427.7 423.8 420.7 420.6 422.9 425.2 426.4 426.2 424.6 420.9 416.9 415.3 412.2 402.5 393.5 380.5 364.7 350.9 340.2 334.4 330.7 325.9 316.6 333 341.6 346.5 346.4 339.7 325.8 312 300.5 293.5 288.7 291.6 294.5 299.9 310.1 308 322.2 330.9 349.5 366.6 383.3 398.2 406.3 410.2 411 405.4 395.4 386.5 374.4 361.8 347.2 334.3 323.8 312.8 301 294.2 288.5 285.1 282 279.6 277.7 273.3 274.3 272.8 269.9 260 261.8
395.4 403.4 411.5 420 427.4 431.9 435.8 437.6 436.8 432.6 429.1 426.5 426.4 426.1 426 424.9 422.5 418.6 414.5 409.8 406.6 400 389.4 377.5 363.5 350.3 338.5 334.2 331.9 327.4 326.3 339.8 349.9 356.9 359.9 355.4 339.3 325.8 314.1 303.7 297.9 293.2 295.7 300.9 313.4 320.4 325.7 325.7 332.1 349.7 366.6 386.8 402.2 411.2 415.1 412.4 406.1 397.3 385.7 373.2 357.1 343.8 332.4 320.9 308.8 298.4 292.5 287.7 283.8 281.1 277.9 278.6 279.4 279.8 273.9 270.1 262.4 269.7
398.6 406.9 416.1 424.8 432.3 437 440.7 441.5 440.5 437.1 434 431.6 429.1 427.4 424.8 423.5 420.6 412.8 406.7 399 392.3 384.6 374.9 362.8 349.9 340.9 334.1 333.3 332.7 336.2 345.6 357.5 367.7 377 374.1 358.3 341.8 327.9 315.6 309 299.8 298.5 303.5 316.6 325.9 332.6 333 335.9 339.7 346.6 365.7 387.1 402.3 412.3 416.7 411.5 405.1 395.7 382.7 368.3 352.8 339.5 328.2 318.1 304.2 296.6 291.2 287.8 283.4 280.6 279.7 280.3 280.9 279.8 275 263.9 266.3 274.9
401.7 410.5 419.5 427.9 436.1 441.1 444 444.6 442.5 440.5 437.9 435 431.6 427.7 424.9 421.6 415.2 406.6 398.2 388.9 380 370.2 360.2 350.4 341.5 337.7 337.2 340.5 343.3 352 362.6 376 388.8 393.6 382.6 364.7 348.4 334.9 322.9 313.5 304.1 303.6 314.3 328.5 343.1 347.2 347.7 346.5 347.3 352.2 366.6 386 402.5 411.5 413.5 410.7 402.4 391.2 378.5 364.6 347.2 333.9 322.6 311.2 301 294.8 290.2 285.8 285.5 284.4 282.9 281.8 280.8 279 274.3 264.2 273.9 278.6
403.6 412.7 421.9 431.2 438.9 444 446.8 447.2 445.5 443.4 441.1 438.2 433.1 429.1 425.7 420.3 412.2 401.1 391.1 381.1 371.5 361.3 353.5 346.6 343.2 342.2 348.2 351.9 361.7 371 382.6 396.5 408.3 407 388.4 367.6 353.1 341.8 329.9 319 310.9 312 325.1 342.5 357.3 366.2 365.5 363.4 361.8 362.8 374.3 391.1 405.8 414.1 413.2 409.1 400 387.1 374.6 359.5 340.4 328.1 318.1 307.1 299.8 296.4 291 289.8 290 288.3 286.3 283.7 280.9 278 273.4 266.4 276.1 282.7
404.2 412.6 421 432.6 440 444.9 448.2 449 448.6 446.1 442 439.4 435 430.6 425.7 419.9 410 398.5 386.7 375.3 366.5 357.4 351.7 351.7 353.1 355 360.9 368.4 378.8 393.2 406.4 415.8 419.5 415.3 393.7 374.9 359.8 349.4 338.6 328.6 323 323.5 336.9 354.1 372.8 382.4 384.2 379.2 377.6 379 388 402.5 413.8 417.4 413.8 407.8 396 382.1 367.5 351.4 334.8 324 313.6 306.1 302 299.1 296 294.1 292.9 290 287.6 284.4 281.2 276.8 267.5 272.8 278.8 285.5
402.5 411.6 421.5 431.2 438.8 443.9 449 449.2 448.9 446.5 442.5 438.6 435 429.9 422.8 414.3 404.4 392.7 381.8 371.9 363 357.8 360.7 364.4 365.4 371.7 378.4 383.7 395.4 410.9 427 432.9 433 426.4 408.8 384.4 366.2 356.1 345.8 338.1 334.3 336.9 345.7 364.5 383.1 396.3 402.6 398.8 396.8 397.7 406.2 415.5 421.5 419.9 414.5 407 393.9 378.9 363 346.2 330.2 321.6 315 311 306.4 301.9 299.6 299.1 295.5 291.5 287.7 284.1 280.2 272.7 268.3 277.2 282 287.3
