data/330000-490000.asc
ncols 200
nrows 200
xllcorner 330000
yllcorner 490000
cellsize 50
[rows 144 to 179 of 200, columns 81 to 161 of 200]
154 155.5 157.2 163.1 167.8 172 173.4 174.4 177.1 176.9 175.8 174.8 173.9 174.5 172.8 164.2 155.1 149.1 133.4 110.2 83.9 71.8 67.2 65.1 65.5 65.5 68.5 72 76.1 82.8 90.9 102.8 118.6 123.1 130.4 145.4 162.8 179.9 194.8 208.2 224.3 238.6 238.2 238 239.2 241.2 238.8 239.3 224.5 202 171.3 155.1 146.4 130.5 117.5 114.3 113.9 116.7 121.1 123.8 126 119.7 111.2 108.8 105.5 103.5 99.9 99.9 100 99.8 100.3 94.4 90 88 88.2 87.6 84.4 87 76.3 69.3 63.9
145.7 148.9 153.2 164 173.8 180.2 179.7 177.8 178 176.2 177.5 175.3 175.6 172.9 164.7 156.7 145.1 134.2 118.1 95.7 79.3 70.1 66.3 64.4 64.4 64.6 75.9 74.6 83.7 90.4 93.5 103.3 118.5 127.6 137.5 155.5 170.3 189.3 201 214.7 229.2 236.4 239.1 240.2 243.8 241.8 237.6 230.2 216 193.9 168.6 158.6 143.2 129 119.6 112.8 113.5 116.2 126 123.9 122.3 109.4 105.9 105.6 107.8 108.5 103.8 102 104.8 104.9 105.9 101 97.1 95.8 93.5 87.7 87.2 85 78.7 66.9 59.7
143.1 149.1 157.2 170.5 181.3 184 187.3 183.1 181.3 180 183 181 174.5 167.7 159.9 149.3 130.9 117 102.8 88.9 74.1 69.5 66.2 64 64.3 64.6 71.9 78.5 86.2 94.3 98.7 109.9 121.8 135.1 152.5 170.7 187.3 197.7 209.4 218.8 226.4 234.1 239.9 248 253.8 247.4 237.5 228.9 215.5 191.1 168.8 155 140.2 129.5 118.8 114.3 112.8 118.9 119.2 117.6 111.5 105.3 105.2 104.8 106.4 107.6 108.8 109.4 112.8 114.1 115.1 111.9 107.6 103.8 102.6 91.4 87.7 83.7 78.8 61.2 46.7
142.9 154 162.4 178.2 185.6 189 188.5 185 186 186.8 186.9 182.8 175.5 168.5 156.6 140.1 121.7 111.7 98.6 80.4 70.8 66.5 63.2 63.3 63.8 66.8 74.8 82.3 89.4 96.3 105.8 119.4 132.2 145.5 167.3 182.7 194.9 204.4 214.1 223.1 230.3 237.6 245.6 254.5 260.6 249.8 237.6 228.3 212.5 186.1 169 152.8 138.1 128.4 118.4 111.5 114.9 114.1 110.7 107.1 106.3 107 106.8 105 106.3 107.8 109.3 112.2 116.4 121.6 122.1 115.9 110 106.4 96.5 92.6 89.1 69.8 52.2 43.2 41.5
143.6 150.1 166.3 181.9 189.2 190.4 189.3 188.2 187 188.7 190.2 182.1 177.7 171.3 160 135.5 123.5 109.2 88.4 73 66.4 63.5 61.8 62.4 63.1 68.9 79.4 86.8 93.9 103.6 113.8 127 142 159.3 182.1 195.4 201.8 210.1 222.5 231.6 240 245.3 247.7 255.3 257.1 254.1 238.5 222.4 211.2 179.7 165.2 156.4 135.6 125.9 117.2 113.4 112.1 112.2 108 107.8 105.7 110.2 107.3 105.8 108.2 109.7 111.2 114.9 117 121 120.8 115.3 108.6 96.8 97.4 87.5 67.6 53.3 43.4 41.8 38.1
136.5 148.3 174.4 187.3 193 194.1 190 185.1 184.4 188.6 190 184.9 180.8 174.5 153 136 118.7 94.5 81.4 69.5 62.6 61.6 61.5 61.4 62.9 71.6 82.5 91.2 99.2 110 121 140.6 158.6 172.1 192 200.8 209.8 212.6 225.3 236.8 246.1 250.6 250.8 249 248.8 242.6 228.8 215.6 193.2 174.6 167.7 151.3 134.7 125.2 116.8 113.5 112.1 111.9 111 108.8 107.8 110.5 107.3 107.6 109.2 111.6 113.5 117.7 122.8 128.3 129.2 123.9 108.1 86 80.8 63.3 51.2 45.1 44.5 43 38.9
127.5 150.5 177.1 190.9 199.2 197.4 190.1 186.5 185.6 187.6 189.4 186.7 180 170.9 154.9 134.5 111.1 95.5 81.7 66.6 60.8 61.2 60.9 62.3 66.9 76.7 86.6 94.3 107 117.3 130.7 152.4 165.9 178.5 193.3 203.4 210.4 217.7 229.2 240.6 249.6 257 256.8 250.6 245.8 237.4 225 208.8 192.5 174.4 159.5 145.1 134.4 123.8 117.9 114.4 112.1 111.9 113.7 106.7 108.7 108.1 106.4 109.1 112.2 112.9 114.5 120 130.6 139.8 137.2 125.5 110.1 81.6 66.8 57.3 54.8 44.4 44.8 43 39.7
128 158 178.4 192.4 197.6 195.1 189.8 189.9 189.3 188.1 189.4 186.2 185.4 174.6 158.9 131.8 108 97.6 85.6 66.4 59.6 60.1 60.2 62.2 72 82.9 93.3 103 116.9 127.9 146.7 164.7 174.6 182 194 204 210.8 215.9 222.9 237.8 247.4 260.1 257 250.6 242.7 233.1 221.7 207.3 187.7 173 159.5 146.5 129.3 121.1 122.6 116.3 111.3 109.5 108.2 108.1 108.5 109.8 108.7 114.8 117.7 120.1 118.2 128 138.8 140.7 130.7 116.2 98.8 76.7 77.9 58.6 48.6 44.5 46.7 47 39.3
119.7 153.3 175.3 178 180.9 186 191.3 197.1 198.2 191.7 189.3 190.9 193.8 177.1 145.8 125.6 110.9 99.4 84.9 64.7 59.5 59.4 60.3 65.7 77.2 88.6 100 113.2 125.3 140.8 156.7 172.1 179.5 180.1 190.3 194.5 197.9 205.1 215.9 234.5 244 248.4 250.4 241.3 239.5 233.4 222.6 202.4 181.8 164.6 154.7 140 125.8 129.6 126 117.3 109.5 109.6 114.2 111.2 114.1 114.7 116.4 122.7 124.8 127.2 123.5 132.4 132.5 129.3 116 98.7 82.3 73.4 65.2 52.8 48.7 44.9 51.9 44 38.1
122.1 145.3 162.6 167.7 179.4 187.2 197.4 202.9 202.5 193.6 197.5 200.1 187.6 164.5 142.5 127.1 115.6 99.7 80.5 65.2 58.7 58.4 66.6 69.2 82.8 95.5 108.7 122 135.5 146.5 162.9 170.8 173.5 172.8 188.4 198.7 196.4 201.6 213.4 227.6 226.9 233.3 240 244.2 246 230.5 213.3 194.3 169.1 159.9 154.9 136.1 131.9 135.6 128.9 119.9 112 112.2 115.7 117 120.5 122.8 124.7 129.3 126.3 130.2 125.2 127 128.4 107.7 95 90.9 86.1 73.8 58.3 52 51.7 47.3 47.9 40.6 40.5
114.8 140.6 153.8 164.7 177 186.4 190.7 194.8 195.5 199.4 204 189 171.5 156 140.6 131.9 118.5 87.9 69.7 59.7 58.4 58.3 60.7 72.1 85.8 99.9 115.7 129 143.8 151.4 159.5 167.8 173 171 180.1 182.1 187.6 193.7 200.7 211.2 217.3 222.6 238.9 249.5 236.5 220.6 205.9 188.2 170.8 154.1 139.1 132.1 139.9 140.9 132 124.7 113.4 113.9 123 123.8 125.2 129 130.4 125.7 126.5 128.5 120.9 116.9 109.5 97.6 90.6 95.4 87.9 66.2 54.9 50.1 47.9 47.5 49.3 43.1 38.1
113.3 130.3 144 156.3 169.3 176.4 181.7 196.6 199 195.2 192.3 182.4 168.7 156 144.9 122.4 99.2 76.8 66.3 56.4 57.4 58.4 61.3 73.9 88.2 103.3 120.9 135.9 145.8 149 156.9 164.5 165.1 161.7 163.3 167.7 178.4 186.2 193.5 200.2 207.3 221.3 239.6 246.6 233.1 220.1 204.3 183.9 164.9 146.9 139.1 143.3 148.7 146.1 139.8 128 116 116.4 129 136.4 138.3 140.9 134.2 123.4 120.4 119.1 114.7 109.9 102.5 94.1 85 91.5 81.8 65.4 52.1 52.3 47.4 47.2 42.7 38.1 38.1
112.3 127.4 139.6 144.9 155.3 165 175.8 187 194.8 193.4 187.9 179.6 165.2 150.8 120.8 102.2 87.1 75.7 66.4 57.2 57.5 58.3 64.7 75.3 88.6 102.4 120.4 136 139.9 147.6 156 157.4 151.9 154.7 159.6 165.9 172.9 180.3 185.8 193.5 209.8 216.7 231.1 239.7 230.6 216.7 198.5 179.9 156.9 147.4 153.8 152.1 155.1 150 140.3 128.6 117.8 119.9 138 144.4 142.3 141.2 139.1 122.7 117.6 115.1 111.3 106.6 102.7 95.5 84.3 72.2 62.6 60.3 53.4 53.3 43.9 43 38.1 38.1 38.1
105.9 124.3 136.3 143.6 143.9 153.2 162.9 176.2 186.6 191.5 187.2 177.6 162.3 142.9 119.5 108.9 86.9 81.3 62.8 56.9 57.3 59.6 69.3 80.2 91.1 102.7 115.8 130.9 143.8 143.8 142 149.9 149.8 155.8 159.9 161.3 167.6 173.2 179.6 194.3 209.5 219.5 236.1 234.3 225.9 211.1 192.1 174 159.9 163.2 162.3 157.8 165.7 159.6 143.3 130.9 119.8 119.2 134.9 143.7 141.1 138.5 131.3 118.2 115 108.2 105.8 101.6 97.9 91.1 77 68.8 61.8 53.9 51.1 46 41.5 38.4 38.1 38.1 38.1
98.3 116.1 127 131.3 135.5 149.6 155.2 164.5 180.9 187 182.6 173.1 162.6 144.2 120.9 91.9 79.5 67.9 58.8 57.3 56.6 61.9 73.5 84.4 95.8 106.5 116.5 128 133.5 133 138.5 148.6 149.9 152.6 155.8 157.8 161.4 172 184.8 199.3 212.1 220.4 224.4 220.4 217.2 200.4 184 172.8 167.3 175.5 174.7 169.5 173.3 166.5 150.4 136.9 122.8 116.1 124.7 133.4 138.2 133.8 128.2 111.2 110.7 100.3 99.2 98.8 94.4 89 79.8 72.3 68.7 59.8 52.4 45 39.1 38.1 38.1 38.1 38.1
99.6 108.3 114.4 122.3 135.4 147.7 151.1 163.3 175.1 177.6 171.6 169.6 160.1 142.8 112.2 93 76.2 69.8 63.3 56.2 56.4 65.9 77.7 88.6 101.1 109.9 115 121.3 125.7 132.9 142.7 139.8 144.1 149.4 154.7 160.7 166.7 179.1 191.3 205.2 216.5 218.8 214.4 212.5 205.2 194.9 183.4 183.9 176.3 183.1 184.7 176.6 174.8 169.3 158.9 139.5 127.6 118.7 120.2 134.6 133 135.5 119.2 102.3 98.7 99.4 99.3 97.6 93.9 89.1 86.4 83 78 65 60.7 51.5 38.1 38.1 38.1 38.1 38.1
94.6 102.6 107.9 123.8 136.2 144.7 147.9 157 166 165.5 166.1 168.2 161.7 140.8 118.5 96.1 74.2 62.5 58.4 54.4 60.5 71.3 82 93 104.2 108.2 111 119.5 122.3 129.6 129.5 134.5 144.1 151.2 157.7 165.6 175.1 183 191.1 200 207.3 204.1 207.1 203.3 195.8 189.1 194 194.7 185.7 185.9 187.2 175.7 174.9 174.7 162.2 142.4 132.5 123.1 115 127.8 131 123.1 107.2 98.5 98.1 99.5 99.9 99 96 95.4 93.6 87.5 81.5 71.9 65.8 57.3 43.9 38.1 38.1 38.1 38.1
91.1 103.5 115.6 125.8 137 142.2 145.1 147.5 154.9 154 154.2 162.4 156.6 138.3 109.9 87.6 71.6 58 55.6 55.4 64 73.1 84.1 96 105.5 104.5 105.2 117.2 119.8 124.6 128 140.7 147.7 156.6 166.6 176.8 178.2 183 189.3 194.6 197.6 200.3 200.9 196.8 189.5 200.5 205 200.9 191.7 191.2 183.9 178.7 174.6 179 157.7 139.5 128.7 120.4 109.4 121 117.4 108.2 101.1 96.5 98.2 99.9 105.1 99.9 99.6 101.6 99.5 89.4 81.8 78 73.1 64.7 49.4 38.1 38.1 38.1 38.1
99.6 108.1 121.5 129.6 135.2 139.9 140.7 142.3 142.5 140.9 143.5 153 147.3 128.5 104.5 86 70.8 64 53.9 58.2 66.6 75.6 86.9 97.6 106.5 101.9 99.7 108.1 120.8 121.8 134.9 140.4 151.3 160.9 169.3 169 169.6 178.6 188.4 192.6 198.2 201.1 201.9 190 204.4 212.3 210.4 206.7 194.8 189.5 180.8 175.6 171.7 167.7 153.1 135.2 130.3 116.4 108 107.8 106.4 103.6 100.2 98 99.8 100.4 100.5 99.1 104.2 106.8 99.9 89.6 87.1 84.1 75.7 61.7 48.4 38.1 38.1 38.1 38.1
103.4 112.2 125.3 136.3 139.8 142.7 139.4 138.5 133 130.9 131.7 140 133 118.6 100.1 85.7 72.9 60.2 53.8 63.8 68.3 74 86.6 96.6 100 98.8 100.1 106.6 116.3 124.3 134.6 141.5 156.4 157.3 163.1 169.9 166.5 173 183.7 190.7 199 202.6 190.5 206.1 216.1 217.9 213.1 205 189.4 179.1 173.1 173.5 173 170.1 148.1 128.1 126.6 113.6 106.3 101.5 106.1 104.7 99.9 99.1 98 98.7 100 102.1 104.9 105.1 102.8 92.5 92.3 83.9 67.3 48.8 38.1 38.1 38.1 38.1 38.1
104.5 115.4 129.8 142.9 145.6 146.3 140.8 133.5 125.4 123.1 120.1 117.6 118.9 100.8 82.4 71.9 60.3 53.6 55.3 65.5 67.8 74.6 87.3 94.3 98 95.7 101.9 111.6 118.6 126.8 135.7 145.5 152.6 152.4 154.6 161 161.9 172.6 183.6 187.8 192.1 191.1 206.2 221 219.5 217.8 208.7 200.5 182.5 170.7 167.7 171.5 160.2 164.8 143.1 122.2 114.9 112.6 103.4 99.1 104.3 103 99.7 101 101.3 104.1 110.8 109.1 108.4 115 107.4 96.7 99.1 82 59.2 38.1 38.1 38.1 38.1 38.1 38.1
106.6 120 136.7 146.5 150.1 151 145.3 134.6 120.1 110.2 107.3 107.3 102.5 96.8 86.6 82 74.5 55 60.4 67.4 66.6 72.9 81.1 91.1 92.3 97.9 107 116.6 123.6 128.7 134.5 141.2 144.6 143.6 145.7 152.5 162.3 175.3 182 184 185.3 199.7 216.6 217.4 214.5 206.1 201.3 191.3 177.1 159 157.1 159.9 155.5 148.9 130.6 125.1 113.9 110.3 101.6 97.7 99.1 99.4 100.5 104.8 109.7 114.2 110.7 111.8 113.1 111.1 107.3 102.7 98.2 71.4 46 38.1 38.1 38.1 38.1 38.1 38.1
110.8 123.7 141.6 147.1 151.9 151.2 146.1 136.7 114.2 103.4 96.8 98.2 99.2 97.1 96.1 87.8 71.9 50.1 58.4 66 66 70.6 80.9 90.1 93.7 100.6 112.4 120.6 123 128 131.5 135 137.1 139.6 145 149.2 159.1 168.6 171.8 172.8 185.5 207 211 211.1 201.9 193.8 186.5 179.1 169.3 153.8 151.3 151.1 145.9 134.4 123.4 114.3 109.9 104.1 99 103.7 94.7 95.6 101.3 107.6 113.2 114.5 122.1 111.6 111 113.9 106.6 98.9 84.9 54.8 48.1 38.1 38.1 38.1 38.1 38.1 38.1
114.9 128.2 142.6 154 159 153.9 144.9 130.3 108.5 98 89.8 92.8 94.5 105.1 101.1 82.5 67 50.2 58.8 63.2 65.9 71.8 79.4 83.3 88.7 101.4 115.6 122.1 120.1 121.5 125 127.4 132.3 138.4 142.3 147.7 153.6 158.5 160.1 171.3 191.5 198.1 198.5 197.9 188 185.9 178.3 173.9 165.1 148.6 146.1 152.8 152.1 132.8 118.3 106.7 100.7 97.9 98.6 94.3 94 99.9 107.7 114.7 117 119.8 111.1 111.5 114.7 109.6 99.8 86.3 71.6 57.6 46.1 38.1 38.1 38.1 38.1 38.1 38.1
112.8 128 144 154.6 157.8 148.1 139.1 126.3 106.6 94.9 84.6 86.1 96.1 91.5 85.1 74.7 57.7 51.4 56.2 61.6 66.3 72.6 78.2 85.9 92.4 104.8 115.7 118.9 112.8 113.6 116.2 122.2 129.8 134.4 137.2 140 144.1 147.1 154 174.3 178.8 182.7 186.4 184.6 179.8 176.1 169.9 167.9 153.6 145 149.6 147.5 135.5 125.9 115 103.7 98.8 94.7 93.2 91.6 95.4 104 112.5 122.3 123.7 112.8 114 109.9 111.5 101.6 87.8 71.8 58.4 48.9 39.7 38.1 38.1 38.1 38.1 38.1 38.1
116.5 132.4 147.4 155.4 148.7 140.7 131.1 121.1 104.7 88.3 78.7 81.4 80.8 77.7 74.5 69.1 51.8 51.5 56.8 61.4 66.7 70.3 81.4 91 99.9 108.7 112.5 109.2 104 106.1 111.1 120.3 125.8 126.9 129.3 132.8 135.3 139.1 159.6 170.6 172.5 173.8 177.3 177.2 172.7 166.1 161.7 157.8 149.3 141.5 146.5 136.8 130.1 120.9 109.2 102.3 97.5 95 94 93.1 103.8 108.2 112.2 123.4 119.3 114.3 114 109.2 103.4 86 71 57.1 47.2 41.9 38.4 38.1 38.1 38.1 38.1 38.1 38.1
122 132.8 144.9 146.4 141.1 134.6 124.2 112.8 93.2 84.2 75.3 69.5 69.1 72 69.2 57.4 50.6 58.9 61.1 63.9 70.5 77 88 92.7 101.5 109.7 108.4 100.4 95 96.3 104.5 118.1 119.7 119.7 120.9 124.3 130 140.4 156.1 159.5 162.7 167.8 164.1 166.5 165.8 159.6 156.8 153.1 147.8 140 137.6 133.2 126.5 114.8 108.9 101.2 97.4 95.3 93.9 93.4 104.1 105 114.3 121.2 117.1 116.4 115.5 113 97.2 83.1 71.6 59.1 50.2 44.6 40.8 38.1 38.1 38.1 38.1 38.1 38.1
124.9 137 141 138.7 134.4 128.2 117.8 104.2 91.4 81.6 70.6 64.9 63.2 68.3 66.7 49.6 56.4 60.7 60.1 66.8 72.9 79.1 91.1 97.3 99.9 103.7 96.7 93.4 89.2 91.5 100.4 108.6 113 114.9 119.1 121.9 126.5 140.7 149.5 149.7 150.4 158.7 158.9 161.4 159.7 155.5 154.8 151.6 146.6 138.5 131.3 127.7 118 116.7 110.2 101.4 97.6 95.6 93.8 93.1 99.5 100.2 119.1 120.6 116.2 118.6 112 103.8 89.4 81.4 73.7 63.1 53.9 47.4 42.1 38.1 38.1 38.1 38.1 38.1 38.1
124.6 136.9 139.2 134.4 124.4 114.1 103.4 92.6 82.4 73.8 65.6 62.4 60.8 59.9 57.3 45.9 59.3 63.6 63.8 68.6 75 83.4 92.9 93.7 95.8 94 89.1 89 89.9 91.3 99 104.4 109.1 109 114.3 118.4 127 133.6 141.1 142 146.6 149.7 155.7 161 156.4 151.6 151.2 150.7 147.7 136.5 126.9 119.3 117.7 117.2 112.3 102 98.5 96.6 94.1 93.4 97.1 96.5 113 116 111.4 107.4 99.4 94 89 79.4 82.4 71 60.5 50.7 44.6 38.1 38.1 38.1 38.1 38.1 38.1
123.1 122.9 119.2 108.6 100.8 94.8 86.2 81.4 75.8 66.5 63.4 61 59.6 59.6 58.5 48.8 53.3 60 67.9 72.3 76.2 84.3 90.9 91.4 91.2 87.9 89.1 89 89.7 94.1 98.3 105.7 108.5 106.8 108.9 118.5 129.2 132.6 137.6 143.6 148.4 149.3 153.6 159.1 157.1 151.4 147.2 144.5 139.6 135.9 125.6 120.8 117.7 116.7 110.6 105.1 103.2 99.7 95.2 94.3 94.4 97 107.4 111.7 107 102.7 97.1 92.6 84.3 74.5 77.6 70.9 53.6 46.4 41.6 38.1 38.1 38.1 38.1 38.1 38.1
111.2 103.5 95.4 87.2 80 73.6 72.3 71.8 68.8 65.7 65.1 64.1 63.1 63.2 60.8 54.9 42.8 51.9 67.4 71.7 75.5 82.4 88 89.2 87.3 84.8 86.4 88.5 91.5 99.6 99.6 105.1 104.4 99.8 109.5 121.7 129.7 135.8 138.9 145.2 149.3 151.6 160.1 157.1 153.6 148.4 148.4 147.4 144.6 133.6 127.4 115.4 115.8 112.6 108.2 104.5 102.7 97.9 93.6 96.3 95.8 99 104.3 107.8 107.2 107.6 101 92.6 79.7 67.9 56.1 49.6 42.4 38.1 38.1 38.1 38.1 38.1 38.1 38.1 38.1
94.6 87.3 79.6 73.6 68 67 66.1 67.2 65.7 62.5 64.6 64.7 64.3 63.9 58.4 56.4 43.4 54.4 65.4 69.5 75.7 81 85.5 85.9 84.1 81.7 83.7 87.3 93.1 99.3 100 100.9 96 104.3 115.4 123.2 131.2 135.1 139.1 143.1 146.8 152.6 156.5 155.8 152.8 149.1 149.6 155.8 142.9 126.7 117.9 115.3 117 115.9 110.1 104.9 100.1 96.6 93.3 94.6 94.5 97.7 101.2 103.7 109.1 111 107.1 96.4 81 66.7 53.9 44.1 38.1 38.1 38.1 38.1 38.1 38.1 38.1 38.1 38.1
76.4 72.9 66.4 66.5 65.7 64.7 64 63.2 61.6 61.2 64.2 64.7 64.6 64.3 58.7 58.4 41.3 54.6 66.2 79 82.8 82.3 83.9 83.3 82.1 80.9 80.9 86.8 95.4 99.8 96.3 89.6 97.9 110.8 120.8 126.8 130.4 134.5 138.8 145.7 148.3 152.3 154.4 156.1 153 152.2 150.9 146.4 133.4 121.7 117.9 122.1 120.1 114.7 109.2 104.2 100.9 96.9 92 88.9 91.3 94.9 98.5 101.8 107.8 107.5 107.8 96 83.2 71.9 54.7 44.6 38.1 38.1 38.1 38.1 38.1 38.1 38.1 38.1 38.1
60 58.6 62 64.9 64.9 63.6 62.6 61.9 62.6 62.8 64.9 66.4 66.4 60.2 58.2 58.9 41.5 53 66.5 81.6 86.7 81 81.5 81.2 81.9 82.8 81.7 86.4 92.1 92.5 87.7 88.1 104 115.3 122.2 128.3 130.8 133.9 140.3 147.2 150.7 153.1 153.6 152.6 152 147.6 143.8 136.6 126.8 123.3 133.5 127.3 121.2 114.8 108.7 106.1 102.5 96.4 90 87.6 90.4 93.9 95.6 99 106 108.1 110 100.9 85.9 72.9 53.4 44.2 38.1 38.1 38.1 38.1 38.1 38.1 38.1 38.1 38.1
54.4 56.8 60.1 63.2 63.5 62.5 61.4 60.7 62.2 63.6 65.6 68.8 69.5 55.8 54.9 53.4 39 53.4 65.7 78.7 81.6 78 79 81.6 81.7 83.5 86.9 85.5 89.2 82.4 84.3 93.9 105.5 118.9 124.3 129.7 131.4 133 139.6 145.5 151 154.3 156.1 154.9 150.1 149.8 143.1 133.1 135.1 130.4 130.3 125.9 121.1 116.6 112.1 105 99.4 94.3 90.4 86.8 88.7 91.7 91.6 95.5 103.5 108.7 108.5 97.6 84.1 69.8 52.8 41.6 38.1 38.1 38.1 38.1 38.1 38.1 38.1 38.1 38.1
55.8 60.1 61.1 62.2 62 61 60 61 64.4 65.8 66.7 71.2 69.9 51.4 52.2 45 38.1 53.3 63.5 77.3 75.1 75 80.1 80.2 84.6 88.4 85.7 82 79.1 79.5 89.3 99.6 109.6 119.8 125.3 129.3 129.9 130.6 139.4 147.3 152 154.2 157.1 153.5 155.7 147.3 141.1 140.8 138.6 131.6 126.9 122.7 119.2 115.9 111.6 102.6 101.1 96.7 92.8 84.7 84.9 86.4 86.8 92.3 100.7 104.7 103.1 89.2 75.9 62.1 48.4 38.1 38.1 38.1 38.1 38.1 38.1 38.1 38.1 38.1 38.1
