data/330000-630000.asc
ncols 200
nrows 200
xllcorner 330000
yllcorner 630000
cellsize 50
[rows 140 to 174 of 200, columns 0 to 77 of 200]
205.7 204.6 208.8 224.1 243.3 261.6 282.5 304.8 320.2 325.5 324.1 316.4 306.5 294.5 284.8 274.4 264.4 255.6 245.3 237.6 238 246 253.9 262.1 270 278.8 281.2 279.1 275.1 269.8 259.2 246.3 232.9 219.7 205.7 194.5 192 191.3 201.1 206.4 213.9 217.1 216.8 226.5 239.6 250.8 260.7 271.3 275.8 279.8 281.5 284.7 283.7 280.5 274 264.4 253.9 242 229.8 234.3 253.4 268 272.3 270.4 265.6 257.9 245.2 234.7 225.9 218.3 215.2 210.1 207.1 204.6 201.7 201.5 201.1 201.7
205.2 211 210.1 231.3 250.5 269.6 290.5 311.2 324.2 329 331.4 326.5 315.7 303.7 293.1 283.3 272.9 262.3 251 244.1 246.2 255.4 264.1 273.3 280.9 287.1 285.8 280.5 274.2 266.1 253.8 240.7 226.4 212.7 201.6 194.1 192.7 194.5 206 214.9 222.5 224.4 225.6 232.8 246.7 260.1 273.7 282.7 288.5 293.3 296.8 299.1 298.9 294.3 284.6 272 261 248.7 236.1 233.6 252.4 268.6 275.7 272.9 270.5 263.6 254.9 244.8 236.6 227.3 221.7 215.2 213.4 211.7 209.3 207.6 206 202.7
214.8 220.3 214.6 232.9 254.4 275.7 296.6 314.1 326.1 334.4 337.6 333.6 323.8 312.2 303.3 292.6 281.4 269.7 257.2 250.7 255.1 264.4 273.8 281.9 289.2 290.2 286.1 279.6 271 260.5 247.1 233.7 219.5 209.3 200 194.2 194.9 202.9 214.8 224.8 231.5 231.6 228.6 237.4 253.5 272 284.3 292.9 298.8 303.7 308.4 312.9 311.2 304.2 292.9 280.2 267.8 255.7 244.1 234 249.3 266 275.2 275.9 273.5 268.1 262 252.2 241 231.5 226 220.6 219.2 217.6 214.9 212.8 211.1 208.2
228.5 231 221.2 231.2 253.4 278.3 298.8 314.4 327.8 339.1 343.7 340.5 332.8 320.6 311.7 300.9 290 277.9 264.9 256.9 263.8 272.7 281.4 289.3 292 290.3 284.6 277.2 267.2 255.6 240.4 226.5 213.2 204.6 199.7 195.4 193 210.8 223.8 234.5 241.1 240.8 234.3 240.4 257.3 276.2 291.6 303 308.6 313.3 318.5 323 321.7 312.9 300.2 288.1 275.3 262.5 250.5 240 243.9 261.1 272.4 277.9 277.9 275.2 269.4 263.1 252.7 241 234 229.4 226.4 223.6 221.5 220.4 217.7 213.5
241.7 240.7 226.4 228.2 249.4 279 299.6 314.4 330.2 343.6 348.9 349.4 341.9 329.9 320 310.6 299.3 286.9 272.1 264.2 272.1 279.3 287.7 294.7 293.7 289.1 281.4 273.2 262.4 250 234.3 220.6 210.3 202.7 198.2 195.7 203.1 221.8 235.3 245 250.6 249.2 243.2 241.3 258.3 278 296.8 311.2 317.8 321.4 325.3 329 326.4 317.8 306.4 294.9 282.1 270.3 254.6 245.9 242.8 256.4 269.2 278.1 282 282.2 278.5 274 265.6 257.1 250.7 242.5 235.5 231.7 230.1 227.3 223.3 219.3
251.5 247.5 232.1 228.1 248.1 279 299.6 316.3 332.3 346.2 355.9 357.5 349.4 337.1 329.4 319.4 307.7 294.8 280.3 273.3 279.3 284.3 292.1 297 293.3 285.7 276.8 267.6 256.2 243.9 229.2 216.7 210.4 204.4 197.5 196.7 215 231.6 246.3 255.7 260.3 259.7 253.7 247.7 256.8 277.2 298.4 314.5 323.4 327.9 329.5 330.3 328.4 321.4 312 302.4 289.3 277.4 262.9 250.8 244.7 255.1 268.1 279.6 286.7 287.7 287.1 283.3 277.5 270.9 263.8 257.9 251.5 244 237.9 233.8 229.7 226.4
262 252.8 237.7 228.4 250 278 301.4 318 334.3 351.3 362.5 363.8 355.2 343.9 335.8 326 315.5 303.7 291 282.8 284.1 290.2 295 296.4 290.5 280.7 271.2 262.1 250.7 238.3 225.1 215.3 209.9 200.7 197.6 204.1 223.8 241.7 254.9 263.8 268.6 268 263.4 255.5 260.3 276.9 297.4 314.4 325.8 329.9 331.6 332 330.3 323.9 315.7 306.4 294.5 279.8 267.9 256.9 248.3 254 268.7 281.2 290.5 294.8 294.7 293 289.4 283.7 277.2 270.9 263.9 256.8 249.4 243.1 238.6 234.2
269.4 257.5 241.4 232.2 251.3 279.4 302.9 320.6 336.6 355.3 367.4 368.8 360 348.4 339.3 331.8 321.4 309.7 299.6 289.7 291 294.3 297 294.8 286.9 276.8 267 257.6 244.6 231.7 222.2 215.5 208.9 200.3 198.8 215.2 232.6 248 262.3 271.7 276.5 274.9 270.8 263.4 263.1 277.8 296.2 313.9 326.6 331.6 333.8 334.5 332.3 325.8 317.9 307.7 296 282.9 270.3 262.2 253.2 255.2 270.3 282.6 295.7 300.9 302.8 302.4 300.2 296.2 287.6 281.1 273.1 266.5 260.1 253.9 249.4 243.1
276 263.5 246.1 237.1 250.5 279.9 304 322.9 338.7 358.5 369.7 371.5 362.7 351.1 343.4 336.2 324.3 314.1 305.1 298.9 297.8 298.4 297.3 292.2 283.1 273.2 263.4 253.6 240.4 231.5 221.6 213.9 207 199.6 201.9 222.3 240.1 257.1 269.8 279.3 284.1 282 277.4 270.2 265.8 278.5 294.1 311.9 324.9 332.9 337.9 337.5 332.1 325.5 317.2 307.3 296.5 284.5 272.2 263.8 256.1 257.5 271.9 285.8 298.9 306.4 310.6 311.2 308.6 302.9 297.6 290.5 283.3 278.4 271.4 265.3 258.6 251.7
281.1 268.7 251.3 239.8 252.4 280.6 304.7 324.5 341.9 360.3 371.1 371.8 364.2 353.7 346.2 337.4 327.5 318.5 310.9 305.1 303 301.3 297.3 290.8 280.8 270.4 260.1 249.7 237.9 230.3 223.7 214.5 205.2 201.3 209.2 229.4 249.3 266 275.9 285 290.7 288.9 284.1 276.5 270.9 279.2 292.6 307.9 323.5 331.5 336.8 336.6 330.7 323.7 315 305.8 295.4 283.6 273.4 265.9 258.1 260 275.2 289.1 302.8 312.8 317.7 318.2 315.4 311 305.9 298.8 293.9 286.9 280.1 274.1 269.4 262.4
284.3 271.8 253.1 241.9 257.5 283.2 306.1 325.4 343.5 358.8 370.1 369.3 361.2 354.5 348.1 340.6 331.2 323.1 316.3 310.4 307 303.4 298.3 289.8 279.8 268.6 257.6 246.6 236.4 229.5 222.8 214.1 204.1 201.9 214.6 238.4 257.5 271.2 280.9 289.4 294.4 293.6 289.5 282.9 276.9 280 293 305.9 321.2 329.4 331.8 333.2 328.8 321 312 303.3 293.1 283.7 273 267.1 259.8 264.5 278.5 292.6 308 317.4 323 324.5 322.2 318.2 314 308.2 301.4 295.2 290.3 285.9 280.5 271.4
289.4 273.4 255.9 245.9 262.4 285.3 306.7 326.7 344.2 357 366.9 367 360.9 355.5 350.7 342.8 333.9 326.4 320.2 315.1 309.8 304.7 298.6 289 279.4 268.3 255.9 246.1 235.7 228.3 221.4 214.5 203.7 201.6 221.4 243.9 263.7 276.6 285.3 292.9 298.7 298.5 293.8 287.6 281.8 283.2 293.7 306.2 317.6 327.4 331 330.2 326.4 318.8 310.4 301.2 292.3 282.9 273.6 267.3 261.2 269.5 284.2 299.2 312.3 321.5 327 328.5 328.1 325.3 322.4 314.4 309.6 305.9 300.2 295.6 287.7 276.6
298 278.6 259.9 248.5 262.6 284.9 305.6 324.8 342.7 355.6 362.1 362.7 361.2 357.7 352.4 344.5 336.6 329 321.8 316.5 313 308.1 300 290.1 279.4 266 255.2 245.8 234.6 227.2 218.7 212.1 204.9 205.2 228.1 249.7 270.3 280.6 289.2 296.9 300.8 301 297.7 290.9 285.9 287.2 295.1 306.5 316.9 325.4 329.4 328.3 323.8 316.7 309.4 300.8 292.7 283.8 275 269 263 275.6 290.1 304.6 316.5 324.4 329.9 333.4 334.8 335.1 330.2 325.7 320.6 314.3 308.5 303.8 292.9 283.3
308.1 290.6 267.9 254 262.4 282 301.6 320.5 338.3 350.1 357.9 359.2 360.1 358.8 353 346.2 339.6 332.2 326.4 321.5 316.5 310 300.9 289.6 277.8 264.6 255.2 244.9 234.3 225.9 218.2 209.4 204.9 216.8 236.1 256.4 273.3 284.1 293.3 300.6 302.9 302.2 299.9 293.6 288.9 289.9 297 307.3 316.9 323.7 328.2 326.2 321.7 315.2 308.9 301.7 293.6 285.1 277.7 271.3 267.1 280.7 295 309 320.3 327.8 334.2 338.8 340.9 341.2 340.1 337.6 329.8 322.1 317.8 309.7 300.6 291.4
317.7 304.5 280 263.6 256.8 274.2 295.1 314 330.6 342.8 353.1 358.1 359.6 357.5 352.8 348.9 343.1 337.7 331.1 325.1 318.1 309.8 299.1 288 276.3 264.7 254.4 244.2 235.1 226.2 217.4 207.3 205.2 224.4 243 263.4 276.6 287.9 297 303.2 305.6 303.7 301.2 296.4 291.8 292.6 298.9 308.6 317.3 323.1 327.7 325.7 321.1 315.4 309.1 302.8 294.5 285.9 280.3 274.4 270.8 287.2 300 313.7 323.5 331 339 343.2 345.6 348.2 347.5 345.3 339.4 329.2 321.5 316.7 305.2 296.5
324.4 314.1 294.2 274.9 266.7 261.9 280.6 303.4 322.2 335.7 347.8 354.5 357.4 357 354.8 351.1 345.1 339.8 333.6 326.7 316.7 307.6 297.2 285.5 274.3 263.6 252.5 243.8 235.6 226.9 216.9 209.4 205.9 228.7 248.5 268 280.4 292.2 300.3 305.7 307.3 306.6 302.7 298.4 295 295.2 300.1 311 318.5 323.7 328.3 325.5 320.8 314.9 309 302.6 294.7 287.8 282 278.4 275.6 290.7 303.4 315 326.2 334.6 342.3 347.6 351.2 354.4 354.2 352.9 346.4 334.5 326.8 319.7 308.6 300.2
330.8 319.6 305 290.7 275.6 270.4 267.8 293.6 313.3 329.7 342.7 349.8 355.1 357 355 351.4 346.6 341.2 333.8 324.6 315.4 305.3 293.7 283.8 273.8 262.6 252.4 244 235.1 227.1 217.6 208.7 206.4 233.1 253.4 271.2 284.4 295.1 303.7 308.4 309.6 309.6 304.4 300.3 297.5 297.5 304 313.6 319.3 323.9 328.5 325.5 319.9 314.6 309.1 301.8 297.3 290.7 284.8 281.2 276.5 292.9 305.7 316.9 327.8 337 345.4 352.2 358.2 361.5 362.1 358.2 352.2 340.4 331.6 321.3 311.8 303.7
334.3 324.6 311.1 299.5 287.6 277.7 276.6 280 306.9 324.4 337.2 345.7 352.7 356.1 355.3 351.4 347.2 341.4 333 323.3 314 303 291.3 282.5 272.6 262.1 252.5 245 236.2 226.7 219.9 210.5 210 234.1 257 275.2 287.8 297.6 304.4 309.1 311 310.3 306.8 303.7 302.4 304.3 309 316.7 320.6 324.7 328.8 326.7 321.3 315.7 308.6 300.7 295.5 291.3 287.5 284.8 279.6 292.1 307.2 319.1 330.4 339.2 348.3 356.9 364 367.7 367.9 365 358.5 344.9 337.2 327.1 317.6 308
336.4 328.3 315.9 307.2 298.6 287.4 282.6 276.7 299.5 319.5 332.9 343.3 350.5 355.1 354 350.5 347.1 341.2 332.1 323.1 312.1 300.2 290.8 281.5 271.5 261.3 253.2 245.9 237.2 229.3 221.5 212.1 210.8 236.5 259.2 277.2 291.2 299 305.7 310 311.2 310.2 309.2 308.1 306 308.5 313.5 319.9 323.5 326.5 328.8 327.9 322.9 316.7 309.7 301.2 296.3 293.4 290.1 287.4 283.5 291.6 307.2 321.5 332.7 342.7 352.8 361.5 367.6 370.7 371.7 371.9 365.5 355.2 341.6 333 323.3 312.9
338.9 330.9 321.3 315 310.4 302.5 293.6 286.2 293.8 314.6 329.1 340.6 348.5 353.9 353.3 350.9 347.5 340.8 332.3 323.4 311.7 300.2 290.4 280.4 269.9 261 253.8 246.8 239.4 229 220.6 213.3 212.8 240.1 261.9 278.4 290.7 299.3 306.9 311.7 312.6 311.2 310.6 310 309.7 312.5 318.4 324.4 328.7 331.6 332 330.9 325.3 318.8 311.3 304.3 300 296.1 293 290 286.6 295.2 310 323.4 336.3 346.4 356.2 364.6 370 373.4 374.8 374.1 367.8 359.1 349.3 338.2 328.9 318.1
341.9 334.6 327.8 322 317.9 314.7 307.1 298.1 286.2 310.7 327.5 338.9 347.9 352.3 352.5 352.3 348.1 340.1 331.7 322.6 313 301.8 290.9 280 271.1 264.2 257 250.3 242.3 230.4 219.6 214 218 242.7 263.6 278.7 289.7 299.9 308.1 313.9 316.1 315.2 314 312.7 313.3 317.4 323.3 328.5 333.5 335.8 336.2 334.1 328.1 321.5 314.6 307.9 303.8 300.4 297.1 293.4 291.2 299.7 312.9 328 340.6 349.9 359.4 367.8 372.9 376.9 380.9 376.8 371.9 365.1 355 343.5 335.6 321.8
344.9 339.7 334.6 329.2 324.5 321 317.4 312.6 298.7 309.6 327 338.2 346.3 352 353.7 352.8 350.2 340.7 331.2 324.8 316.8 305.2 295.5 287.2 279.1 271.1 263.8 257 245.9 231.4 221.4 216 222.4 245 263.8 278.6 290.7 301.9 309.6 315.8 319.3 320 318.9 317.4 318.2 322.9 328.3 333.4 338.6 341.4 341.4 338.4 331.9 325.6 319.4 313.7 309.5 306 302.9 298.4 295.7 305.1 318.5 332.9 345.6 355.9 364.3 370.9 378.1 383.8 386.9 383 375.3 370 359.9 350.9 338.9 327.8
349.9 345.3 339.9 334.8 329.9 326 322.6 318.5 304.9 309.7 326.7 338.2 346.3 352.2 354.7 354.7 350.2 341.5 334.7 328.4 320.2 310.2 302.7 293.5 284.9 276.5 269.4 261 246.2 230.6 220.9 217.2 224.6 245.4 265.2 279.6 293.1 303.9 311.2 317.2 322.1 324.2 322.2 321 322.3 327.8 333 338.4 344 347.4 346.9 342.6 337.3 331.5 324.6 320.7 315.4 311.2 306.8 303.8 301.1 310.7 325.1 339.7 351.5 361.5 369.6 376.6 382.8 387.6 389.3 385.4 378.5 372 363.7 355.2 346.4 337
353.9 350.1 344.4 339.3 333.9 329.2 325.7 321.3 313.8 314.1 328.8 339.1 346.5 353.2 357 356.6 351.3 346.6 338.3 332.5 323.9 313.7 305 296.4 287.1 278.8 271.9 260 245.8 229.3 220.6 218 223.9 245.3 265.4 280.6 296.6 305.9 312.7 319.7 326.5 328.1 326.9 325.2 327 331.8 337 344.2 349.4 352.3 351.6 347.9 343.8 338.2 331.3 325.8 320.5 314.6 309.3 306.1 306.5 317.4 331.9 346.2 357.5 367.1 375.6 382 387.2 390.3 391.9 388 381.2 376.6 370.4 362.2 353 343.9
357.3 353.7 348.1 343.2 336.8 332.2 327.8 322.8 315.2 318.3 330.4 340.2 348.3 354.5 358.7 358.1 356.1 349.4 340.9 333.8 324.5 314.8 306.2 297.2 288 279.6 270.3 258.7 244 228.6 223.3 219.3 223.1 245.6 265.3 280.4 295.6 306.3 314.2 322.5 328.6 330.2 329.8 329.8 331.7 335.9 342.3 349.4 356.4 358.5 357.7 352.8 350.1 346.5 340.3 332.5 325.8 318.1 312.3 308.6 311 323.7 338.3 352.6 364.2 373.5 381.7 387.4 392.4 394.7 394.9 390.7 383.4 378.2 372.5 362.3 356.2 346
358.1 355 350.5 345 338.6 334 329.4 323.8 316.6 321.3 332.1 342.7 350.8 356.6 361 361.6 359.2 351.1 342.6 334.3 324.7 315.4 306.6 297.7 288.1 278.7 268.5 255.7 241.3 231.9 226.5 219.4 225.9 247.7 263.7 279.4 292.2 303.2 317.7 327.5 333.1 333.2 332.8 334 337.3 341.1 346.4 355.8 361.8 364.2 364 361.9 358.2 353.2 348.8 339.5 331.1 322.2 316.4 311.4 315.6 329.3 344 358.9 370.7 380.2 387.9 394.4 398.2 399.9 396.5 391.3 385.2 379.2 370.9 364.3 355 346.6
357.8 354.6 350.5 344.9 339.4 334.8 330.2 324.9 317.2 325.6 335.2 345.5 353.8 358.6 363.4 363.7 360.9 352.3 343.6 335 326.1 316.5 307.3 297.9 288.2 277.8 266 252.3 241.2 233.6 226.4 220.9 228.1 248 265.6 280.7 294.2 308.6 324.2 334 338.8 338.8 337.1 337.7 341 344.8 351.6 360.7 367.7 370.8 371 369.6 366.7 361.7 354.8 345.8 334.7 326.7 321.5 316.4 320.7 335 350.3 364.7 376.6 385.9 393.2 399.5 404.8 402.2 396.6 390.8 384.3 378.7 369.1 363.7 356.2 346.5
355.9 352.4 349.3 344.9 339.7 335 330.6 324.8 323.1 330.6 340.2 349.6 356.6 362.5 366.2 366.2 362 353.1 344.6 336.1 327.6 318 308.2 299.3 287.8 276.3 263.1 249.4 241.4 233.6 225.6 221.7 231.8 248.3 267.9 284.8 300.3 315.9 331.8 339.2 341.5 341.2 339.8 340.9 342.7 348.1 357.6 365.9 373.4 377.3 378.2 377.2 374.9 369.2 360.8 351.9 339.8 331.6 325.4 319.6 324.5 339.3 354.5 369.2 380.4 388.5 396.9 405.3 407.6 402.8 397.1 390.7 386.3 378.9 366.9 360.6 355.4 346.5
351.9 349.5 348.6 344.8 340.7 335.3 329.3 321.9 328.1 337 345 351.7 361.4 367.8 371.3 370.8 365 356 347.3 338.7 329.9 319.8 309.2 298.2 285.7 273.7 260.7 249 242.7 234.3 226 223.8 233.8 251.2 272.3 290.5 307.1 322.5 336.6 344.3 346.1 345.3 343.3 343.8 346 354.7 362.8 370.9 379.1 384 384.8 384.9 382.3 376.8 368.3 358.8 346 337.9 331.5 324.8 327.7 342.7 358 373.4 383.2 391.1 399.1 407.6 407.7 403.3 398.3 390.1 384.5 377.1 366.1 357.1 348.1 340.5
348.3 348.5 348.2 344.6 341 334.6 326.7 329.4 333.6 342.5 350.5 359.5 366.8 373.1 377 377.9 370.2 360.2 351.4 342.4 333.2 320.8 308.6 295 283 270.7 258.4 248.8 242.1 236.5 226.3 227 236.8 257.9 279.7 300.6 315 330.7 341.6 349.1 350.8 349.9 344.7 343 349.4 360 368.2 376.8 385.7 390.8 392.6 392.9 389.4 382.8 374.4 365.1 354 346 338.5 329.2 328.7 344.7 360.4 374.7 384.7 393.5 401 406.9 408.4 406.2 396.8 387.3 380.2 374.7 360.5 351.3 342 336.6
348.1 348.6 348.4 345.8 340.1 335.6 334.2 334.9 339.4 348.7 357.5 366.4 373.2 378.8 382.6 383.4 374.4 365.1 355.7 347.5 336.8 328 315.8 302.2 287.6 272 257.2 248.6 242.3 236.7 226.3 231 242 265.3 289.2 306.5 323.5 336.9 347.5 352.7 354.3 353.2 349.8 350.6 356 365 374.2 383.2 392.2 397.7 400 400.8 397.7 389.8 381 370.8 362.4 354.4 346.2 337.2 331.8 346.3 361.4 375.7 386.4 393.3 400.5 406.6 409.2 404.7 395.2 387.1 378.5 365.4 355.6 347.8 340.6 333.3
351.1 352 350.4 347 343.4 341 340.2 341.4 347.6 356.2 364.6 373.2 379.9 385.4 388.3 385.4 377.5 370 360.8 350.8 340.7 331.3 318.8 305.2 286.3 270.5 257.5 249.2 241.9 233.7 228.2 237.5 250.5 273.4 297.7 313.7 330.9 344.2 352.2 355.6 357.2 357.6 357.1 356.8 361.5 369.9 379.1 388.7 398.6 404.8 408.6 408.9 404.7 398 388 377.1 369.8 361.8 352.4 343.5 337 347.7 362.4 376.6 386.5 393.5 400.4 407.4 408.9 401.5 393.7 384.4 373.4 359.6 351.3 344 337.9 329.5
353.8 354.5 352.5 350.1 349.4 347 346.2 349.7 355.1 364.3 372.1 380 387 393.5 392.6 388.2 381.8 374 364.1 352.8 344.2 334.1 320.3 304.9 284.8 269.2 259.3 250.9 243.5 231.4 234.8 241.8 258.5 281.5 305.1 322 337.2 348 355.3 358.8 362.1 364.2 364.8 364.2 367.4 376.1 385.2 395.9 406.2 412.2 416.5 415.8 411.4 404.3 394.1 383.8 375.9 367.2 357.4 347.9 344.6 348.8 363.8 376.8 385.6 393.7 401.8 407.9 406.5 401.7 392.6 381.1 369.3 358.2 349.2 341.7 334.1 325.4
356.5 356.7 356 355.5 354.8 352.3 351.1 355.9 362.5 372.3 380.2 388.8 396.2 399.1 398.2 393.4 383.9 375.7 365.9 355.8 347.9 335.6 321.6 303.9 283.2 267.7 258.7 251.1 244 231.8 239.3 247.9 265.8 288.7 311.1 328.9 341.8 352.1 357.3 363 367.7 372.6 373 372.7 375.5 383 392.8 403.6 413.2 420.3 423.8 423 417.5 409.2 399.1 389 380 371.7 361.5 351.9 348.8 352.5 364.5 377.2 386.2 394.4 402.1 406.7 405.7 398.8 390.7 380.8 367.4 359.7 349.7 340.4 330.5 318.5
360.8 361.1 360.5 359.9 358.9 357.5 358.1 362.3 371.3 380.2 388.5 397.1 404.2 405.4 403.8 396.6 387.1 377.5 369.2 359.5 348.5 336.1 321.6 301.3 280.8 266.9 260.2 252.6 243.2 232 240.9 252.4 272.3 294.5 314.7 330.5 343.9 352.2 359.4 364.8 371.2 379 380 379.6 383 389.6 399.2 410.4 420.3 427.8 430.5 429 421.6 412.6 403.3 393.6 384.2 374.7 364.7 355.7 351.3 355.8 366.7 377.7 386.5 395.4 401.9 405.2 403.9 397.2 389.5 380.9 371.6 360.8 350.4 340.2 330.7 319.6
