data/330000-840000.asc
ncols 200
nrows 200
xllcorner 330000
yllcorner 840000
cellsize 50
[rows 35 to 69 of 200, columns 0 to 77 of 200]
287.1 289.9 291.9 292.9 296 306.4 316.2 329.6 339 346.3 354.9 372.9 385.5 400.8 416.8 429.7 442.5 451.3 460.4 467.1 469.4 459.1 446.4 435.4 430.6 425.4 419.6 413.4 405.9 398.8 390.9 385.9 377.7 369 362.8 355.2 349.9 339.3 331 323.3 309.8 300.5 292.1 283.7 277.9 273.3 269.5 266.7 262.7 256.9 251 239.4 247.3 249.9 247.9 244.8 241.6 239.9 239.8 239.8 239.8 240.4 241.2 241.1 240.4 238.1 235.1 231.1 226.1 220.2 211.8 202.6 195.2 188.4 184 183.9 185.2 185.2
287.1 289.7 289.6 287.3 290.5 301.9 316.1 328.7 340 348.5 357.3 375.1 388.8 404.9 418.4 430.4 442.6 456 466.5 470.6 469.7 458.4 446.1 434.2 429.3 424.3 418.6 412.1 404.8 396.1 386.4 381.8 373.9 365.2 359.3 351.5 346.4 334.2 326.7 320.5 308.4 299.3 291.1 284.6 279.3 273.9 269.4 265.6 262.6 258.2 252.5 244.5 250.2 252 250.2 247.9 245.3 243.1 243.1 243.1 243.1 243.5 244.9 243.9 242.6 240.8 236 231.3 226.1 219.5 210.7 201.8 194.5 188.5 184 185.2 186.7 186.4
285 284.6 282.6 277.4 283.7 300.8 316.6 328.1 339.9 348.4 360.2 375.2 389.7 405.4 417.9 430.1 445 459.5 468.8 470.7 467.3 456.4 444.5 433.3 427.7 422.7 417.3 410.5 403.1 392.8 386 377.3 368.9 360.3 353.2 346.9 339.9 332.6 324.3 315.9 307 298.3 290.2 283.8 279.3 274.5 267.9 263.6 261.3 257.3 253.7 248.5 252 253.2 252.6 251.2 249.2 246.7 246.1 246.2 246.3 246.7 246.7 246.2 244.7 241.9 236.8 231.4 226 218.2 209.1 199.7 192.7 187.4 183.6 187.1 188.3 187.6
281.8 277.5 274.7 263.3 280.2 300.7 315 328.8 338.5 347.7 358.5 374.5 387.2 401.3 416.3 427.5 444 461.6 466.5 465.9 459.5 450.1 440.4 430.9 426 421 415.8 408.4 400.5 392.6 385.4 378.1 369.5 358.7 349.4 340.4 333.2 327.4 320.9 313.2 306.7 297.6 289.4 283.2 277.9 274.4 269.5 265.2 262.2 259.3 255.7 252.9 252.9 254.7 255.3 254.2 252.1 250.5 249.8 249.2 248.8 248.4 248.3 247.6 246.2 241.5 235.9 230.3 225.6 217.2 207.4 197.1 189.7 186.7 184.6 187.6 189.3 189.5
273.9 269.3 263.5 255.3 283.5 300.9 314.4 330.3 338.4 343.6 351.3 365.4 383.3 395.9 410.9 425.4 439.7 456.7 458.4 453.8 446.4 439.8 432.7 425 421.2 417.9 413.1 407.2 400.6 393.9 387.3 379.3 369 359.9 350.3 342.3 333.9 325.1 317.6 310 302.6 295.8 291.5 283.9 278.6 274.1 269.1 266.3 263.8 261.1 256 256.7 255.3 256.2 255.7 255.2 254.3 252.2 251.2 250.6 250.6 249.8 249.9 248.4 245.6 240.9 235 228.8 222.8 213.4 203.8 195 188.9 186 185.4 187.8 189.6 189.8
262.3 257.8 251.2 257 284 299.5 309.3 321.5 330 337.3 347.3 359.4 375.1 389.8 403.6 418.8 433.1 446.6 444.6 440 435.7 431.5 426.6 421.9 418.5 415.1 410.4 405.3 401 395.8 388.9 381.7 374 362.1 351.5 343.3 337 328.6 321.4 314 308.4 299.8 292.8 285.2 277.8 272.6 269.2 266.7 264.2 261.6 258.9 259.6 259 258.2 256.9 255.5 254.7 254.2 252.4 251.8 251.2 250.9 249.8 247.9 243.9 239.9 234.1 227.8 221 213.1 204.9 197 188.4 185.8 186.2 188.5 190.2 192.6
245.1 241 236.6 256.3 279.8 291.9 303.7 310 318.4 328.5 339.5 352 363.1 379.8 392.8 408.8 425.2 436.7 435.2 432.3 429.2 426.3 421.7 417.9 414.4 412 409.3 404.4 401.1 396.5 390.4 383.2 374.9 364.2 355 346.2 339.2 331.3 322.9 315.5 309.5 302.1 294.6 286.5 278.9 272.7 269.9 267 264.6 262 263 262.5 261.9 260.6 259.3 258 256.7 255.4 254.1 253 251.8 250.9 248.7 245.1 241.2 236.8 230.9 225.5 217.8 209.4 201.1 194.1 188.9 186.4 188.1 189.8 192.8 195.8
229.1 224.1 228.1 246.9 261 269.4 277.5 288.5 301 312.6 325.5 340.2 354.1 367.5 380.7 396.7 411.4 427.1 426.9 425.9 423.4 421.4 417.5 413.9 411 408.9 406.8 403.6 399.5 395.2 390.1 384.5 377.2 367.4 357.4 349.6 338.9 331.4 320.9 315.2 309.2 301.3 293.5 284.9 280 275.4 271.7 268.5 265 265.3 264.8 264.3 263.6 262.7 260.9 259.2 258 256.7 255.4 253.6 251.9 250 246.4 242.3 238.5 233.6 228 221.8 215.7 208.7 198.9 191.4 187.7 187 188.3 190.5 194.4 198.8
213.9 211.4 229.6 233.1 237.5 241.8 250.9 266.7 282.4 298.5 310.9 321.8 335.5 354.9 370.6 384.3 402 417 418.7 418.5 418.6 417.8 413.6 409.6 408.3 405.6 402.8 400.6 397.9 394.1 390.4 384.8 377.3 367.4 357.9 349.4 339.3 329 320.8 313.5 306.9 300.5 293.3 287.1 284.6 279.7 273.7 270.2 265.7 266.3 266.6 266.1 265.3 265.2 263.4 261.6 259.8 258 256.6 254.2 251.6 248.8 244.3 240.8 236.3 230.5 225.1 217.7 211.1 204 195.2 189 187.2 187.9 189.7 192.9 195.6 201.8
209.6 227.6 234 238.5 241.2 249.2 259.8 270 278.6 286.7 298.2 309.8 321.2 338.7 360.7 376.4 388.1 406.9 411.6 413.1 414.8 414.8 411.8 405.6 401.4 399.5 398.2 396.5 394.6 391.5 387.9 384.9 378.5 368.6 356.5 346.7 335.6 324.7 317.5 312.1 305.8 300.7 294.3 289.2 287 280.7 277 272.4 268.7 267.1 267.2 267.2 266.6 267 265.3 263.5 261.6 259.7 257.7 255.2 252.3 247.7 242.1 235.2 229.4 226.3 220.6 213.4 206.6 199.5 192.7 188.8 187.9 188.8 191.8 195.1 199.6 204.3
220.9 228.3 234.8 240.1 246.8 259.3 270.3 281.3 290 299.5 305.3 314.3 320 326.7 337.4 360.8 377.2 397.8 404.8 409.7 412.1 412.7 411.8 406.3 397.8 391 390.2 388.5 388.8 386.9 384.8 383.7 377.6 364.2 352.3 341.9 332.4 323.3 316.4 310.7 305.8 301.8 297.4 293.1 287.9 281.3 276.9 272.5 269.9 268 266.9 266.9 266.8 265.8 265.1 263.7 262.2 260.2 257.5 255.6 252 246.9 240.5 233.9 227.6 221.7 212.9 208.7 203.7 197.2 191.5 189.2 189 191.2 194.6 199.3 204 208.2
219.6 227.9 235.9 243.7 253.6 267.1 276.8 287.2 298.6 307.8 315.4 321.7 329.4 340.9 354.8 372.3 388.6 397.8 405 410 412.3 413.5 412.3 405.8 399.3 388.4 377.5 378.6 380.6 381 379.7 378 369.9 357.6 347.1 338 330.4 321.8 314.7 310.6 307 303.4 298.7 293.8 289.3 282.9 276 272.9 271.1 269.4 266.9 265.9 265.2 264.4 264.1 263.6 262.6 260.7 258.8 255.4 251.2 245.6 239.3 233.3 227.3 220.7 210.9 203.8 201.3 194.7 192.1 189.1 191.4 193.7 197.3 202.7 208.2 212.6
217.1 226.8 235.9 246.8 257.5 270.1 281.8 293.2 302.6 312.5 320.8 328.4 338.3 354.1 369 382.1 392.3 400.2 406.8 411.2 413.8 414.4 411.7 406.2 397.4 386.8 376.2 366.1 369.5 369.1 370.6 366.8 356.9 349.3 341.7 334.3 326.5 320 312.5 309.3 305 301.2 296.8 293.1 287.9 281.3 274.4 272.7 271.2 268.3 265.4 264.6 264.5 263.1 262.8 262.6 261.7 259.8 257.7 253.4 250.1 245.2 239.4 233.4 227.3 219.7 211.2 203.7 198.3 195.7 192.5 189.6 192.8 195.6 199 205.8 212 216.1
217.5 226 237.3 249.5 261.8 273.9 285.6 297.6 307.8 316.9 326 334.9 345.4 362.6 377.1 387 395.5 402.5 407.8 411.9 414.8 414.8 412 405.4 396 385.4 374 363 357.3 359.8 360.2 357.7 349.8 342.8 335.3 329.7 322.6 316.6 310.7 307.6 303 298.4 294.7 288.7 284.8 279.9 275.1 271.9 269.2 266.7 264 263.6 264.2 262 262.1 261.5 260.6 258.6 256.5 253.7 249.4 244.5 239.2 233.4 226.7 218.9 210.1 201.6 196.4 193.9 191.2 190.7 193.3 196.1 202.3 208.6 212.7 218.8
219 228.1 238.8 250.7 261.8 277.1 289.3 301 311.6 320.9 331.4 341.5 353.5 371 378.9 388.7 396.2 403.6 408.5 412.6 415 415 411 402.8 393.1 381.8 371.8 362.1 344.8 351.8 350 346.7 339.8 334.3 331.8 325.5 318.1 312.4 308.7 304.6 300.3 295.9 291 286.6 282.4 278.2 274.3 270.7 267.9 265 262.2 261.4 261.3 259.9 260 259.9 259 257.4 255.4 252.7 249.7 245 240.1 233.8 227.2 219.4 210.8 201.1 196.3 192.5 190.7 190.5 193.4 200.1 208.1 212.3 219.4 221.8
219.9 228.9 238.4 250.2 262 275.5 291 303.7 313.6 323.3 335.7 346.1 358.9 372.5 378.6 388.1 394.6 402.2 408.9 411.8 413.6 412.8 407.8 397.4 387.1 377.2 368.6 360.7 348.7 338.7 337.7 332.6 327.2 325.4 322.6 318.1 312.6 308.7 303.2 298.8 295 291.5 287.8 284.1 280.1 275.9 271.9 268.8 266 263.5 261.5 259.9 259.3 257.1 257 257 257.4 255.8 254.1 251.9 249.1 245.6 241.4 236.8 231.2 221.8 211.8 200.4 193.7 192.4 190.2 191.2 194.4 204.3 213.2 219.3 222.5 224.7
220.2 227.3 236.6 249.1 260.3 274.5 291 304 315.6 327.4 339.3 349.7 360 370 378.2 387.4 395.2 401.6 406.9 408.3 408.8 406.4 401.4 390.7 381.2 372.2 363.3 357.8 348.5 336.2 323.3 322.1 316.1 311.5 310.3 307.7 306.7 302.3 297 292.5 289.9 286.8 283.2 279.7 276.3 272.7 269.4 266.7 264.1 261.8 260 257.7 255.1 252.9 253.5 253.6 254.6 253.8 252.4 250.9 248.4 245.3 241.5 236.4 229.3 220.5 210.9 200.5 193.6 192.4 188.7 192.7 197.7 208.7 217.4 224.3 225.1 228.8
215.7 222.4 233.6 245.6 256.3 272.6 291.6 304.4 315.3 328 341.2 352.5 363.3 369.6 376 387.9 395.6 400.6 403.6 404 400.9 396.3 390.5 382.3 375.2 368 358.6 352.7 344 332.1 313.6 300.8 295.7 290.9 289.1 296.8 296.6 295.8 291.9 288.1 285.5 282.2 277.7 274.3 272.3 268.9 266.1 263.6 261.2 259.1 257.2 254.9 251.5 245.3 249.1 250.6 251.5 251.4 250.4 249.4 248 245.4 241 236.3 231.5 221.9 210.7 198.2 193 191.8 189.9 193.6 201.1 212.8 221.7 228.3 231.4 232.7
215.4 227.2 236.6 247.2 256.3 273.6 290.3 303.8 317.8 328.9 342.3 353 361.9 368.6 374.6 387.6 393.1 397 401.9 398.7 393.6 386.5 380 374.5 367.7 360.8 352.7 347.2 338.6 328.7 316.5 302.4 288.1 277.4 275.2 280.9 287.7 288.8 282.2 278.5 274.1 273.3 274.4 271.5 269.2 265.2 262.8 260.4 258.2 256.5 254.4 252 248 242.3 243.7 245.5 247.2 247.8 247.9 247.7 247.2 245.4 240.5 235.5 230.6 222.1 210.8 200.2 193 189.8 191.3 194.9 205.8 217.1 226.1 232.9 234.5 235.7
217.7 228.9 240.2 251.2 263.3 279.8 294 304.6 320.7 331.1 341.3 351.7 360.8 368.3 374.4 385.9 389.4 393.6 394.7 390.8 381.8 376.8 372 364.7 359.3 352.8 346.8 341.7 334.2 324.5 314.3 301.7 287.8 274 265.4 264.5 281.5 280.3 272.6 266.4 261.6 270.4 270.8 267.7 264.5 261.3 259.5 257.3 255.4 253.8 251.8 248.6 244.6 239.3 237.9 239.8 242 242.9 244.1 245.3 246.7 244.4 240.1 234.9 229.4 220.9 209.8 197.9 191.9 190.3 192.8 195.7 205.7 219.5 230.2 235.2 236.7 238.1
216.9 229.1 241.9 256.6 269 285.1 297.5 306.7 321 331.5 339.5 351.1 357.6 365.4 372.3 377.5 384.6 387.1 384.9 380 376.5 371.2 363.7 357.3 351.1 345 340.2 335.9 328.4 318.7 309.1 297.4 285.1 273.9 263.6 254.5 274.6 273.4 263.5 253.6 257.9 266.9 265.6 261.9 259.1 256.5 256 253.3 252.5 250.9 249.2 245.4 241.5 235.9 227.2 234.7 236.8 238 239 241.1 243.1 242.3 238.2 233.7 228.1 218.8 205.7 194.1 191.3 192.3 194.5 198.7 210.1 220.6 230.2 236.4 239 240.5
213.3 228.2 242.4 258.1 269.7 285.9 295.5 308.8 320.2 331.3 341.8 349.9 356.1 365.1 371 374.4 378.1 378.9 377.1 373.2 368.2 363.4 358.1 351.6 345.2 338.8 333.5 327.9 322 313 303.1 291.1 279.3 268.6 251.5 261.2 270.7 265.2 253.5 244.8 254.6 260.5 258.4 256.1 253.8 252.2 252.8 249.8 249.1 247.3 244.2 240.5 235.9 230.7 219.7 226.5 231.2 232.3 233.3 236 239 239.6 235.3 230.7 224.6 212.9 198.8 192.3 191.9 192.9 195 200.1 209.5 220.7 229.6 235.6 239.2 242.5
224.2 232.7 245.2 260.8 274.2 288.4 296.4 308.4 321.1 331.5 341.3 349 355.1 361.7 364.8 368.7 370.9 370.7 367.3 364.6 360.3 355.8 350.2 344.5 339.2 333.6 327.6 320.7 313.7 305.4 295.6 285.9 276.4 265.1 245.3 260.2 268.1 258.5 247.4 238.9 248.1 252.2 252.1 250.5 246.3 249 251.2 247.1 242.6 240.6 237 233.3 229.3 225.3 216.3 219.7 225.3 226.8 228 230.7 233.4 233.8 230 226 219.4 205.8 194.5 191.2 192.2 193.2 195.8 199.6 207.1 217.1 225.7 233.2 238.9 243.7
234 241.2 246.6 260.8 276.5 287.5 294.7 307.4 318.9 330.6 338.6 346.1 352.3 357.2 360.7 362.4 362.9 363.1 359.9 357.2 353.1 348.7 343.7 338.4 332.2 325.4 322.1 312.9 304.4 297.9 289.7 282.2 272.5 263.8 243.4 250.2 260.9 254.5 243.9 234.9 241.1 245.9 246.4 242.4 239.7 245.6 248.4 245.2 237.1 232.2 229.3 226.6 223 219.1 213.6 213.3 220.8 221.7 222.8 224.9 227.1 227.6 224.8 220.9 213.8 201.9 191.2 191 193 195.9 197.7 203.8 214.1 220.4 226.7 233.2 239 244.8
245.8 254.5 255.5 261.3 276.4 285.6 293.5 306.1 318.1 328.5 335.9 342.1 347.8 352.9 355.1 355.4 355.3 354 351.2 348.8 345.7 341 337 331.8 322.4 317.4 310 303.3 296.9 289.7 283.4 276.2 267.5 259.6 245.3 234.6 242.8 241.4 240.5 228.3 235.3 239.9 238.5 231.7 240.6 245.6 245.4 240.9 233 222.9 220.9 218.4 216.1 212.4 207.4 208.8 214.8 214.6 216.2 216.5 219.2 220.1 217.5 215.3 208.4 195.6 189.9 191.7 193.8 197.5 200.3 205.6 215.3 223.2 228.3 232.8 238.8 245.2
259.6 265 267.4 268.3 276.6 286.9 293.3 305.9 317.1 326.7 331.6 337.1 343 347 349.1 349 347.3 345.6 342.7 340.2 337.7 333 328.6 321.7 314.3 306.5 300.2 296.3 290.4 281.9 276.1 269.8 262.9 256.1 247 236.3 223.5 219.4 229 224.7 229.3 230.3 226.2 230.1 239.7 244.9 241.6 236.5 228.6 220.5 209 210.7 208.7 206.5 201.5 206.5 208.7 209.6 211.3 213.6 213 213 211.2 209 204.2 192.5 190.5 192.2 194.5 197.6 203.5 206.2 212.2 218.9 225.6 232.3 238.6 245.5
269.2 273.2 275.6 276.6 278.3 285.8 296 307.9 317.8 324.4 328.9 334.6 339.4 342.3 342.9 341.7 340.5 338.3 335.2 332.1 329.3 325.9 321.1 313.1 305.3 298 291.8 287.5 280.5 274.8 269.9 266.3 258.7 251.3 242.4 238.7 230.9 218.9 214 214 220.5 217 219.3 232.8 239.7 242.2 237.2 229.5 221.3 213.8 208.7 198.8 201.4 200.5 196.6 200.1 201.6 201.3 204.6 205.7 205.2 205 205.7 202.2 197.5 188.8 190.6 192.7 195.5 197.3 203 211.5 216.5 219.3 227.9 235 241.9 249.8
274.2 279.3 280.5 280.2 283.4 290.8 300.7 310.5 317.7 321.7 327.3 331.7 334.7 335.1 335 334.2 333.2 330.1 327.1 325.5 322.4 317.5 312.7 305.6 297.1 289.8 281.7 272.1 272.9 268.5 263.8 259.2 252.1 244.5 238.4 233.6 228 219.8 206.4 212.2 216.5 207.6 221.6 232 236.7 237.6 228.8 221.6 212.8 206.1 201.8 196.1 194.5 190.6 193.5 194.2 192.6 198.5 199.4 200.1 201.2 197.6 197.2 195.2 189.9 188.3 189.6 191 192.6 196.7 199.5 203.7 212.2 220.9 226.9 234.8 244.3 252
275.4 279.5 281.4 283 287.1 293.8 302.5 310.7 315.9 319.3 324.2 326.8 328.1 328.5 327.8 326.9 325.2 321.9 318.3 315 312.1 309.3 302.9 296.8 289.8 283.1 274.7 264.6 258.5 263 256.5 249.4 242.5 238.9 234.3 230.3 225.4 218.9 208.4 199.4 209.4 204 220.2 230.5 233 231.6 221.1 212.1 207.2 201.3 196.8 191.1 186.8 187.2 186.8 186 192.1 195.7 197.9 198.5 195.6 191.8 189.7 189.3 186.1 187.1 187.8 192.8 197.4 199 207.2 211.9 209.2 211.6 219.8 232.7 244.7 253.2
273.1 278.4 282.2 285.8 291.2 296.9 303 308.6 312.3 315.5 319.2 320 321.7 322.4 320.7 319.6 317 313.7 310.2 306.5 303.8 300.4 296.8 290 283.2 275.7 269.2 260.1 251.5 253.1 250 241.3 233.5 234.6 231.4 225.8 221.1 214.9 207.4 195.1 193.3 201.4 219.2 226.7 226.6 222 211.3 204.5 201.3 196.9 191.2 186.8 181.8 180.3 179.9 177.9 181 184.7 191.5 191.4 187.7 186.4 184.5 183.6 183.9 184.6 188.5 194.1 203.3 203 211 219.1 221.8 220 213.7 221.5 235.9 248.5
270.6 277.2 282.5 286.9 294.4 299.4 302.5 305.9 308.1 310.7 312.4 313.5 314.7 315.8 313.6 312.9 310 306.3 302.4 299.1 295.8 291.7 287.7 284 276.6 269.3 262.6 254.8 249.3 240.8 236.9 230.2 226 231.3 227.4 222.2 217.4 211.4 204.4 197 186.6 200.1 215.9 219.8 218.1 209.4 202.5 196.7 193.3 188.5 183.9 181.2 177.2 176.1 175.4 175 176 177.7 180.8 181.9 180.2 180.7 181.6 182 184.6 188.3 192.1 200.2 206.5 212.7 218 223 226.2 229.3 230.2 221.2 225.3 241.8
269.6 276 281.4 287.2 294.3 300.1 302.3 304.3 305.4 305.8 306.9 307.5 307.6 307.6 306.6 305.4 302.4 299 296 292.1 289.6 287 282.6 277.4 270.5 264.3 258.2 249.7 243.9 233.1 223.2 219.4 219.1 223.9 221.5 216.9 212.6 206.5 200.6 194.4 186.3 200.2 210.6 212.7 206.8 200 191.5 187.3 183.9 179.9 175.4 173.5 172.3 170.2 175.9 183.3 185.4 180.5 175.8 176.5 176.8 179.9 182.5 184.4 188.7 193.6 201 210.1 216 219.8 214.9 226.9 229.8 234.8 238.6 237.5 224.2 237.2
270.1 276.1 281.4 287.7 294.2 298.3 299.9 300.8 300.9 301.1 299.4 299 299.9 298 296.9 295.6 294.3 291.5 288.7 286 283.6 281.1 276.1 270.7 264.7 259.4 253.4 245.7 238.6 231.1 223.2 215.3 207.3 205.9 205.8 203 201.9 194.3 190.5 187.1 179.5 194.4 203.9 205.9 198.7 190.6 179.1 175.7 170.2 171.3 169.6 169.3 176.9 182.8 188.3 192.9 196.8 198.5 193.9 190 186.3 188.4 189.8 194 199.7 205.1 212.4 219.1 224.4 226.6 227.3 229.6 234.3 238.8 242.9 243.9 237.9 231.4
272.3 277.1 282.3 289.6 293.6 294.5 295 296.2 294.8 292.6 290.9 290.5 291.4 289.5 287.5 286.7 285.2 284.1 281.3 278.3 275.8 274.1 269.5 264 257.9 252 246.5 241.1 236.1 230.7 224.6 218.1 212.3 209.7 204.7 198.3 192.7 187.4 181.4 176.2 177.2 190.7 198.3 197.9 191.7 183.9 171 167.7 170 166.8 173.3 182.2 188.9 192.5 195.5 199.3 203.2 204.8 205.3 206.1 201.9 198.3 205.1 212.3 217.9 218.4 222.1 227.2 230.5 232.7 235.2 235.9 238.3 242.5 245.8 247.4 248.2 239.3
274.7 279.2 283.1 287 288.4 286.5 286.8 285.7 284.3 283.8 283.5 282.3 282.3 282.5 280.9 279.1 277.2 276 273.8 270.2 268.1 265.1 260.8 256.4 250.9 245.3 242.3 238.4 234.6 230.6 226 220.5 217.4 213 208.3 203.6 199.2 193.9 188.1 182 170.5 182.6 189.1 189.1 183.7 176.9 167.4 168.5 171.2 171.4 177.9 185.5 193.6 196.5 200.3 203.7 207 210.2 211 210.8 207.4 211 216 219.8 223.4 225.6 230.1 233.1 236.1 238.6 242.2 243.7 244 246.6 249.7 251.5 252.8 252.3
